,indexID,time,N,Inf_L,Inf_H,Dead_L,Dead_H,cum_cases_L,cum_cases_H,cum_sum_per_N,Exposed_L,Exposed_H,Sus_L,Sus_H,Rec_nat_L,Rec_nat_H,Rec_vax_L,Rec_vax_H,vaccinatedH,vaccinatedL,boostedH,boostedL,count_Naive,count_Delta,count_Delta_vaccine,count_two,count_three,count_four,count_Omicron,count_Omicron_star,count_Omicron_star_vaccine,count_Omicron_vaccine,count_Vaccine,count_WT,count_WT_vaccine,count_WT_vaccine_boost,count_Omicron_vaccine_boost,count_Delta_vaccine_boost,count_Omicron_star_vaccine_boost,count_Vaccine_boost
0,11461,1.1135240105740556,99998,9,7,0,0,9,7,0.0001600032000640013,16,18,49974,49974,0,0,0,0,0,0,0,0,99998,0,0,0,0,0,0,0,0,0,0,0,0,0,0,0,0,0
1,11461,2.157687121702021,99998,14,14,0,0,15,15,0.0003000060001200024,12,12,49972,49972,1,1,0,0,0,0,0,0,99996,0,0,0,0,0,0,0,0,0,0,2,0,0,0,0,0,0
2,11461,3.006709891829407,99998,14,13,0,0,18,17,0.0003500070001400028,12,11,49969,49971,4,4,0,0,0,0,0,0,99990,0,0,0,0,0,0,0,0,0,0,8,0,0,0,0,0,0
3,11461,4.068835930276376,99998,11,14,0,0,19,19,0.00038000760015200304,14,14,49966,49966,8,5,0,0,0,0,0,0,99985,0,0,0,0,0,0,0,0,0,0,13,0,0,0,0,0,0
4,11461,5.014770903646769,99998,14,14,0,0,23,24,0.00047000940018800374,13,13,49963,49962,9,10,0,0,0,0,0,0,99979,0,0,0,0,0,0,0,0,0,0,19,0,0,0,0,0,0
5,11461,6.003854967090674,99998,10,10,0,0,27,27,0.0005400108002160043,11,11,49961,49961,17,17,0,0,0,0,0,0,99964,0,0,0,0,0,0,0,0,0,0,34,0,0,0,0,0,0
6,11461,7.0091839468741055,99998,9,12,0,0,30,31,0.0006100122002440049,10,8,49960,49960,20,19,0,0,0,0,0,0,99958,0,0,0,0,0,0,0,0,0,0,40,0,0,0,0,0,0
7,11461,8.251219073634033,99998,7,12,0,0,30,33,0.000630012600252005,13,8,49957,49959,22,20,0,0,0,0,0,0,99954,0,0,0,0,0,0,0,0,0,0,44,0,0,0,0,0,0
8,11461,9.042344711897018,99998,8,12,0,0,31,35,0.0006600132002640052,13,6,49956,49959,22,22,0,0,0,0,0,0,99952,0,0,0,0,0,0,0,0,0,0,46,0,0,0,0,0,0
9,11461,10.03163987230293,99998,7,7,0,0,32,36,0.0006800136002720054,15,6,49953,49958,24,28,0,0,0,0,0,0,99944,0,0,0,0,0,0,0,0,0,0,54,0,0,0,0,0,0
10,11461,11.222418862753784,99998,8,4,0,0,36,37,0.0007300146002920058,14,5,49950,49960,27,30,0,0,0,0,0,0,99937,0,0,0,0,0,0,0,0,0,0,61,0,0,0,0,0,0
11,11461,12.078609358339019,99998,10,6,0,0,40,39,0.0007900158003160063,12,3,49949,49960,28,30,0,0,0,0,0,0,99935,0,0,0,0,0,0,0,0,0,0,63,0,0,0,0,0,0
12,11461,13.110353745193876,99998,11,6,0,0,43,39,0.0008200164003280065,12,4,49946,49959,30,30,0,0,0,0,0,0,99933,0,0,0,0,0,0,0,0,0,0,65,0,0,0,0,0,0
13,11461,14.022601102425543,99998,12,7,0,0,44,40,0.0008400168003360067,13,3,49944,49959,30,30,0,0,0,0,0,0,99933,0,0,0,0,0,0,0,0,0,0,65,0,0,0,0,0,0
14,11461,15.169003446517921,99998,13,8,0,0,47,41,0.000880017600352007,13,4,49941,49957,32,30,0,0,0,0,0,0,99931,0,0,0,0,0,0,0,0,0,0,67,0,0,0,0,0,0
15,11461,16.024961921056622,99998,14,7,0,0,49,41,0.0009000180003600072,13,4,49939,49957,33,31,0,0,0,0,0,0,99929,0,0,0,0,0,0,0,0,0,0,69,0,0,0,0,0,0
16,11461,17.033266508549524,99998,14,7,0,0,51,43,0.0009400188003760075,17,5,49933,49954,35,33,0,0,0,0,0,0,99925,0,0,0,0,0,0,0,0,0,0,73,0,0,0,0,0,0
17,11461,18.123591838574246,99998,12,6,0,0,53,43,0.0009600192003840077,18,6,49930,49953,39,34,0,0,0,0,0,0,99920,0,0,0,0,0,0,0,0,0,0,78,0,0,0,0,0,0
18,11461,19.126986150391637,99998,13,10,0,0,57,47,0.0010400208004160082,18,8,49926,49947,42,34,0,0,0,0,0,0,99917,0,0,0,0,0,0,0,0,0,0,81,0,0,0,0,0,0
19,11461,20.02640011651595,99998,15,10,0,0,63,47,0.001100022000440009,14,8,49924,49947,46,34,0,0,0,0,0,0,99913,0,0,0,0,0,0,0,0,0,0,85,0,0,0,0,0,0
20,11461,21.0698144016837,99998,17,9,0,0,66,48,0.001140022800456009,14,8,49921,49946,47,36,0,0,0,0,0,0,99910,0,0,0,0,0,0,0,0,0,0,88,0,0,0,0,0,0
21,11461,22.063495504093368,99998,16,9,0,0,68,50,0.0011800236004720095,16,6,49917,49946,50,38,0,0,0,0,0,0,99905,0,0,0,0,0,0,0,0,0,0,93,0,0,0,0,0,0
22,11461,23.155382380475988,99998,19,13,0,0,74,55,0.0012900258005160102,12,2,49915,49945,53,39,0,0,0,0,0,0,99901,0,0,0,0,0,0,0,0,0,0,97,0,0,0,0,0,0
23,11461,24.00685559682755,99998,20,11,0,0,77,55,0.0013200264005280105,15,3,49911,49945,53,40,0,0,0,0,0,0,99897,0,0,0,0,0,0,0,0,0,0,101,0,0,0,0,0,0
24,11461,25.086308925121724,99998,22,8,0,0,79,55,0.0013400268005360108,15,3,49909,49945,53,43,0,0,0,0,0,0,99894,0,0,0,0,0,0,0,0,0,0,104,0,0,0,0,0,0
25,11461,26.223167695304298,99998,22,6,0,0,82,55,0.001370027400548011,15,4,49906,49944,56,45,0,0,0,0,0,0,99889,0,0,0,0,0,0,0,0,0,0,109,0,0,0,0,0,0
26,11461,27.200986639996174,99998,20,4,0,0,83,56,0.001390027800556011,15,3,49905,49944,59,48,0,0,0,0,0,0,99883,0,0,0,0,0,0,0,0,0,0,115,0,0,0,0,0,0
27,11461,28.1811630753023,99998,21,4,0,0,86,56,0.0014200284005680113,17,6,49900,49943,61,46,0,0,0,0,0,0,99881,0,0,0,0,0,0,0,0,0,0,117,0,0,0,0,0,0
28,11461,29.046685768811727,99998,22,5,0,0,88,57,0.0014500290005800115,17,5,49898,49943,62,46,0,0,0,0,0,0,99880,0,0,0,0,0,0,0,0,0,0,118,0,0,0,0,0,0
29,11461,30.1187416540775,99998,22,3,0,0,91,57,0.0014800296005920118,16,6,49896,49942,65,48,0,0,0,0,0,0,99875,0,0,0,0,0,0,0,0,0,0,123,0,0,0,0,0,0
30,11461,31.048532305461887,99998,21,3,0,0,93,59,0.0015200304006080122,19,4,49891,49942,68,50,0,0,0,0,0,0,99870,0,0,0,0,0,0,0,0,0,0,128,0,0,0,0,0,0
31,11461,32.098761314601276,99998,20,6,0,0,97,62,0.0015900318006360128,16,1,49890,49942,73,50,0,0,0,0,0,0,99865,0,0,0,0,0,0,0,0,0,0,133,0,0,0,0,0,0
32,11461,33.12661116874357,99998,23,7,0,0,100,63,0.001630032600652013,14,2,49890,49940,72,50,0,0,0,0,0,0,99865,0,0,0,0,0,0,0,0,0,0,133,0,0,0,0,0,0
33,11461,34.15722063184858,99998,23,6,0,0,104,64,0.0016800336006720135,14,4,49886,49937,76,52,0,0,0,0,0,0,99859,0,0,0,0,0,0,0,0,0,0,139,0,0,0,0,0,0
34,11461,35.047751127850475,99998,19,7,0,0,105,66,0.0017100342006840137,15,3,49884,49937,81,52,0,0,0,0,0,0,99853,0,0,0,0,0,0,0,0,0,0,145,0,0,0,0,0,0
35,11461,36.025579656911546,99998,19,8,0,0,107,67,0.001740034800696014,13,5,49886,49934,81,52,0,0,0,0,0,0,99851,0,0,0,0,0,0,0,0,0,0,147,0,0,0,0,0,0
36,11461,37.01121446567008,99998,20,9,0,0,110,70,0.0018000360007200144,13,2,49884,49936,82,52,0,0,0,0,0,0,99847,0,0,0,0,0,0,0,0,0,0,151,0,0,0,0,0,0
37,11461,38.0634684538547,99998,20,9,0,0,112,71,0.0018300366007320146,14,1,49882,49936,83,53,0,0,0,0,0,0,99844,0,0,0,0,0,0,0,0,0,0,154,0,0,0,0,0,0
38,11461,39.23250265750855,99998,21,8,0,0,116,71,0.001870037400748015,14,3,49878,49934,86,54,0,0,0,0,0,0,99840,0,0,0,0,0,0,0,0,0,0,158,0,0,0,0,0,0
39,11461,40.00442212055242,99998,23,7,0,0,118,72,0.0019000380007600153,15,3,49875,49933,86,56,0,0,0,0,0,0,99838,0,0,0,0,0,0,0,0,0,0,160,0,0,0,0,0,0
40,11461,41.04735268335934,99998,15,6,0,0,119,72,0.0019100382007640152,16,4,49874,49932,94,57,0,0,0,0,0,0,99828,0,0,0,0,0,0,0,0,0,0,170,0,0,0,0,0,0
41,11461,42.058095359484994,99998,18,5,0,0,123,72,0.0019500390007800156,16,4,49870,49933,95,57,0,0,0,0,0,0,99826,0,0,0,0,0,0,0,0,0,0,172,0,0,0,0,0,0
42,11461,43.113625480393914,99998,19,4,0,0,127,72,0.0019900398007960157,15,7,49867,49930,98,58,0,0,0,0,0,0,99822,0,0,0,0,0,0,0,0,0,0,176,0,0,0,0,0,0
43,11461,44.11366984874435,99998,19,5,0,0,130,74,0.0020400408008160163,12,7,49867,49928,101,59,0,0,0,0,0,0,99818,0,0,0,0,0,0,0,0,0,0,180,0,0,0,0,0,0
44,11461,45.03916303935104,99998,22,6,0,0,135,76,0.0021100422008440167,8,6,49866,49927,103,60,0,0,0,0,0,0,99815,0,0,0,0,0,0,0,0,0,0,183,0,0,0,0,0,0
45,11461,46.038898038292,99998,22,7,0,0,138,78,0.002160043200864017,10,4,49861,49927,106,61,0,0,0,0,0,0,99811,0,0,0,0,0,0,0,0,0,0,187,0,0,0,0,0,0
46,11461,47.109996119946764,99998,20,7,0,0,139,78,0.0021700434008680176,12,5,49858,49927,109,60,0,0,0,0,0,0,99808,0,0,0,0,0,0,0,0,0,0,190,0,0,0,0,0,0
47,11461,48.023234358785515,99998,19,5,0,0,142,79,0.0022100442008840177,9,5,49858,49926,113,63,0,0,0,0,0,0,99801,0,0,0,0,0,0,0,0,0,0,197,0,0,0,0,0,0
48,11461,49.147974426852414,99998,20,3,0,0,143,79,0.0022200444008880177,12,9,49855,49922,112,65,0,0,0,0,0,0,99799,0,0,0,0,0,0,0,0,0,0,199,0,0,0,0,0,0
49,11461,50.28048143694902,99998,19,5,0,0,145,81,0.0022600452009040183,13,8,49852,49921,115,65,0,0,0,0,0,0,99796,0,0,0,0,0,0,0,0,0,0,202,0,0,0,0,0,0
50,11461,51.00486895497526,99998,17,3,0,0,146,82,0.002280045600912018,17,7,49847,49921,118,68,0,0,0,0,0,0,99790,0,0,0,0,0,0,0,0,0,0,208,0,0,0,0,0,0
51,11461,52.11808360282513,99998,20,6,0,0,152,86,0.002380047600952019,15,7,49844,49917,120,69,0,0,0,0,0,0,99786,0,0,0,0,0,0,0,0,0,0,212,0,0,0,0,0,0
52,11461,53.0580021869487,99998,22,7,0,0,155,88,0.0024300486009720193,14,7,49842,49915,121,70,0,0,0,0,0,0,99784,0,0,0,0,0,0,0,0,0,0,214,0,0,0,0,0,0
53,11461,54.11022089482328,99998,22,9,0,0,158,90,0.00248004960099202,12,6,49842,49914,123,70,0,0,0,0,0,0,99781,0,0,0,0,0,0,0,0,0,0,217,0,0,0,0,0,0
54,11461,55.02654426021107,99998,21,11,0,0,158,93,0.00251005020100402,13,5,49841,49912,124,71,0,0,0,0,0,0,99779,0,0,0,0,0,0,0,0,0,0,219,0,0,0,0,0,0
55,11461,56.170845448151596,99998,25,8,0,0,165,94,0.002590051801036021,11,6,49836,49910,127,75,0,0,0,0,0,0,99772,0,0,0,0,0,0,0,0,0,0,226,0,0,0,0,0,0
56,11461,57.14410352106376,99998,26,9,0,0,169,95,0.002640052801056021,13,9,49830,49906,130,75,0,0,0,0,0,0,99769,0,0,0,0,0,0,0,0,0,0,229,0,0,0,0,0,0
57,11461,58.03537534179095,99998,25,7,0,0,171,95,0.0026600532010640212,13,11,49830,49904,131,77,0,0,0,0,0,0,99764,0,0,0,0,0,0,0,0,0,0,234,0,0,0,0,0,0
58,11461,59.05403274739033,99998,25,9,0,0,173,99,0.0027200544010880217,11,7,49830,49904,133,79,0,0,0,0,0,0,99760,0,0,0,0,0,0,0,0,0,0,238,0,0,0,0,0,0
59,11461,60.05828387478051,99998,25,11,0,0,174,101,0.002750055001100022,13,9,49827,49900,134,79,0,0,0,0,0,0,99759,0,0,0,0,0,0,0,0,0,0,239,0,0,0,0,0,0
60,11461,61.00053103497082,99998,26,10,0,0,179,103,0.0028200564011280228,13,8,49822,49900,138,81,0,0,0,0,0,0,99752,0,0,0,0,0,0,0,0,0,0,246,0,0,0,0,0,0
61,11461,62.071408708062584,99998,29,9,0,0,185,104,0.002890057801156023,16,10,49813,49897,141,83,0,0,0,0,0,0,99747,0,0,0,0,0,0,0,0,0,0,251,0,0,0,0,0,0
62,11461,63.09775295712178,99998,26,8,0,0,185,106,0.0029100582011640235,19,10,49810,49896,144,85,0,0,0,0,0,0,99741,0,0,0,0,0,0,0,0,0,0,257,0,0,0,0,0,0
63,11461,64.05352989352014,99998,28,8,0,0,190,107,0.002970059401188024,15,10,49810,49895,146,86,0,0,0,0,0,0,99737,0,0,0,0,0,0,0,0,0,0,261,0,0,0,0,0,0
64,11461,65.0188709084362,99998,29,9,0,0,196,109,0.0030500610012200243,12,9,49808,49894,150,87,0,0,0,0,0,0,99731,0,0,0,0,0,0,0,0,0,0,267,0,0,0,0,0,0
65,11461,66.1644709254104,99998,28,11,0,0,201,113,0.003140062801256025,12,6,49804,49893,155,89,0,0,0,0,0,0,99723,0,0,0,0,0,0,0,0,0,0,275,0,0,0,0,0,0
66,11461,67.13481966007224,99998,31,9,0,0,206,113,0.0031900638012760255,10,7,49802,49892,156,91,0,0,0,0,0,0,99719,0,0,0,0,0,0,0,0,0,0,279,0,0,0,0,0,0
67,11461,68.04097060466367,99998,30,10,0,0,209,115,0.003240064801296026,10,6,49799,49891,160,92,0,0,0,0,0,0,99714,0,0,0,0,0,0,0,0,0,0,284,0,0,0,0,0,0
68,11461,69.18213366950532,99998,28,9,0,0,211,117,0.003280065601312026,12,5,49796,49890,163,95,0,0,0,0,0,0,99707,0,0,0,0,0,0,0,0,0,0,291,0,0,0,0,0,0
69,11461,70.30658499084878,99998,29,9,0,0,215,117,0.0033200664013280264,12,7,49793,49888,165,95,0,0,0,0,0,0,99704,0,0,0,0,0,0,0,0,0,0,294,0,0,0,0,0,0
70,11461,71.03715362211585,99998,32,10,0,0,221,121,0.0034200684013680274,9,6,49791,49885,167,98,0,0,0,0,0,0,99698,0,0,0,0,0,0,0,0,0,0,300,0,0,0,0,0,0
71,11461,72.25424284918284,99998,27,12,0,0,223,124,0.003470069401388028,13,5,49787,49883,172,99,0,0,0,0,0,0,99690,0,0,0,0,0,0,0,0,0,0,308,0,0,0,0,0,0
72,11461,73.0729067143716,99998,27,10,0,0,226,125,0.003510070201404028,15,6,49783,49881,174,102,0,0,0,0,0,0,99684,0,0,0,0,0,0,0,0,0,0,314,0,0,0,0,0,0
73,11461,74.0615993371523,99998,27,10,0,0,227,126,0.0035300706014120284,14,6,49783,49880,175,103,0,0,0,0,0,0,99682,0,0,0,0,0,0,0,0,0,0,316,0,0,0,0,0,0
74,11461,75.13477883188533,99998,20,7,0,0,230,127,0.0035700714014280286,16,7,49782,49878,181,107,0,0,0,0,0,0,99668,0,0,0,0,0,0,0,0,0,0,330,0,0,0,0,0,0
75,11461,76.0455325724774,99998,18,5,0,0,230,127,0.0035700714014280286,20,7,49778,49878,183,109,0,0,0,0,0,0,99664,0,0,0,0,0,0,0,0,0,0,334,0,0,0,0,0,0
76,11461,77.04948341545708,99998,20,7,0,0,233,129,0.003620072401448029,24,6,49772,49877,183,109,0,0,0,0,0,0,99663,0,0,0,0,0,0,0,0,0,0,335,0,0,0,0,0,0
77,11461,78.05963096114705,99998,25,7,0,0,242,130,0.0037200744014880298,18,7,49769,49877,187,108,0,0,0,0,0,0,99658,0,0,0,0,0,0,0,0,0,0,340,0,0,0,0,0,0
78,11461,79.09634541919107,99998,26,10,0,0,244,133,0.0037700754015080303,21,6,49764,49875,188,108,0,0,0,0,0,0,99657,0,0,0,0,0,0,0,0,0,0,341,0,0,0,0,0,0
79,11461,80.07007656950798,99998,27,8,0,0,251,133,0.0038400768015360307,25,6,49753,49876,194,109,0,0,0,0,0,0,99649,0,0,0,0,0,0,0,0,0,0,349,0,0,0,0,0,0
80,11461,81.17436556336601,99998,30,8,0,0,255,134,0.003890077801556031,25,6,49750,49876,194,109,0,0,0,0,0,0,99647,0,0,0,0,0,0,0,0,0,0,351,0,0,0,0,0,0
81,11461,82.05523824404858,99998,34,10,0,0,262,136,0.0039800796015920315,21,4,49747,49877,197,108,0,0,0,0,0,0,99644,0,0,0,0,0,0,0,0,0,0,354,0,0,0,0,0,0
82,11461,83.08255082464332,99998,31,10,0,0,266,137,0.004030080601612032,23,6,49742,49874,203,109,0,0,0,0,0,0,99636,0,0,0,0,0,0,0,0,0,0,362,0,0,0,0,0,0
83,11461,84.12001275149564,99998,33,10,0,0,273,137,0.004100082001640032,20,7,49738,49873,208,109,0,0,0,0,0,0,99631,0,0,0,0,0,0,0,0,0,0,367,0,0,0,0,0,0
84,11461,85.0167013221233,99998,31,10,0,0,274,139,0.004130082601652033,22,5,49735,49873,211,111,0,0,0,0,0,0,99626,0,0,0,0,0,0,0,0,0,0,372,0,0,0,0,0,0
85,11461,86.138970243006,99998,30,11,0,0,280,141,0.004210084201684033,25,5,49729,49872,215,111,0,0,0,0,0,0,99618,0,0,0,0,0,0,0,0,0,0,380,0,0,0,0,0,0
86,11461,87.07715297543326,99998,34,8,0,0,285,142,0.004270085401708034,24,5,49725,49871,216,115,0,0,0,0,0,0,99613,0,0,0,0,0,0,0,0,0,0,385,0,0,0,0,0,0
87,11461,88.15872278821408,99998,35,8,0,0,292,143,0.004350087001740035,19,5,49725,49870,220,116,0,0,0,0,0,0,99606,0,0,0,0,0,0,0,0,0,0,392,0,0,0,0,0,0
88,11461,89.18910992754435,99998,34,11,0,0,295,146,0.0044100882017640355,26,4,49717,49869,222,115,0,0,0,0,0,0,99602,0,0,0,0,0,0,0,0,0,0,396,0,0,0,0,0,0
89,11461,90.25721699442296,99998,35,9,0,0,303,147,0.004500090001800036,20,8,49717,49864,227,118,0,0,0,0,0,0,99592,0,0,0,0,0,0,0,0,0,0,406,0,0,0,0,0,0
90,11461,91.19653586444534,99998,34,9,0,0,306,149,0.004550091001820036,23,8,49712,49862,230,120,0,0,0,0,0,0,99586,0,0,0,0,0,0,0,0,0,0,412,0,0,0,0,0,0
91,11461,92.05129387752112,99998,40,9,0,0,314,151,0.004650093001860037,22,7,49705,49862,232,121,0,0,0,0,0,0,99582,0,0,0,0,0,0,0,0,0,0,416,0,0,0,0,0,0
92,11461,93.10629616940832,99998,42,9,0,0,323,152,0.004750095001900038,17,7,49701,49862,239,121,0,0,0,0,0,0,99574,0,0,0,0,0,0,0,0,0,0,424,0,0,0,0,0,0
93,11461,94.029082593615,99998,42,9,0,0,329,153,0.004820096401928039,17,10,49696,49858,244,122,0,0,0,0,0,0,99567,0,0,0,0,0,0,0,0,0,0,431,0,0,0,0,0,0
94,11461,95.28550023016392,99998,45,11,0,0,337,155,0.004920098401968039,17,11,49688,49855,249,122,0,0,0,0,0,0,99562,0,0,0,0,0,0,0,0,0,0,436,0,0,0,0,0,0
95,11461,96.30573028299614,99998,42,10,0,0,343,155,0.0049800996019920395,20,14,49679,49852,258,123,0,0,0,0,0,0,99552,0,0,0,0,0,0,0,0,0,0,446,0,0,0,0,0,0
96,11461,97.01357051674746,99998,40,12,0,0,344,158,0.00502010040200804,20,13,49678,49850,261,124,0,0,0,0,0,0,99548,0,0,0,0,0,0,0,0,0,0,450,0,0,0,0,0,0
97,11461,98.0086617878843,99998,39,20,0,0,349,166,0.005150103002060041,19,9,49674,49846,267,124,0,0,0,0,0,0,99542,0,0,0,0,0,0,0,0,0,0,456,0,0,0,0,0,0
98,11461,99.1550657386221,99998,33,18,0,0,352,168,0.0052001040020800415,21,13,49670,49841,275,127,0,0,0,0,0,0,99529,0,0,0,0,0,0,0,0,0,0,469,0,0,0,0,0,0
99,11461,100.0500389886174,99998,36,19,0,0,358,171,0.005290105802116043,17,10,49669,49841,277,129,0,0,0,0,0,0,99524,0,0,0,0,0,0,0,0,0,0,474,0,0,0,0,0,0
100,11461,101.0511827432818,99998,34,18,0,0,364,172,0.005360107202144043,15,10,49666,49841,284,130,0,0,0,0,0,0,99514,0,0,0,0,0,0,0,0,0,0,484,0,0,0,0,0,0
101,11461,102.10363065632208,99998,34,13,0,0,370,173,0.0054301086021720435,15,12,49661,49838,289,136,0,0,0,0,0,0,99502,0,0,0,0,0,0,0,0,0,0,496,0,0,0,0,0,0
102,11461,103.00071866787165,99998,33,11,0,0,375,175,0.005500110002200044,19,11,49653,49837,294,140,0,0,0,0,0,0,99492,0,0,0,0,0,0,0,0,0,0,506,0,0,0,0,0,0
103,11461,104.1174954634282,99998,32,15,0,0,381,180,0.005610112202244045,17,9,49649,49835,301,140,0,0,0,0,0,0,99484,0,0,0,0,0,0,0,0,0,0,514,0,0,0,0,0,0
104,11461,105.14449075075626,99998,32,13,0,0,386,181,0.005670113402268045,18,10,49644,49833,305,143,0,0,0,0,0,0,99476,0,0,0,0,0,0,0,0,0,0,522,0,0,0,0,0,0
105,11461,106.08218193243727,99998,33,15,0,0,391,185,0.0057601152023040465,20,8,49639,49831,307,145,0,0,0,0,0,0,99470,0,0,0,0,0,0,0,0,0,0,528,0,0,0,0,0,0
106,11461,107.00895937876635,99998,35,16,0,0,398,187,0.005850117002340047,21,9,49633,49829,310,145,0,0,0,0,0,0,99464,0,0,0,0,0,0,0,0,0,0,534,0,0,0,0,0,0
107,11461,108.04671355119837,99998,34,18,0,0,402,190,0.005920118402368047,20,7,49631,49829,314,145,0,0,0,0,0,0,99458,0,0,0,0,0,0,0,0,0,0,540,0,0,0,0,0,0
108,11461,109.16189287968577,99998,31,17,0,0,408,194,0.006020120402408048,18,7,49627,49825,323,150,0,0,0,0,0,0,99444,0,0,0,0,0,0,0,0,0,0,554,0,0,0,0,0,0
109,11461,110.0052096026363,99998,33,16,0,0,415,197,0.006120122402448049,14,10,49624,49819,328,154,0,0,0,0,0,0,99435,0,0,0,0,0,0,0,0,0,0,563,0,0,0,0,0,0
110,11461,111.18810402518312,99998,34,16,0,0,420,199,0.00619012380247605,15,11,49618,49816,332,156,0,0,0,0,0,0,99429,0,0,0,0,0,0,0,0,0,0,569,0,0,0,0,0,0
111,11461,112.00526002411006,99998,36,18,0,0,426,202,0.00628012560251205,17,9,49612,49815,334,157,0,0,0,0,0,0,99424,0,0,0,0,0,0,0,0,0,0,574,0,0,0,0,0,0
112,11461,113.0956127335285,99998,34,19,0,0,430,206,0.006360127202544051,17,7,49609,49813,339,160,0,0,0,0,0,0,99415,0,0,0,0,0,0,0,0,0,0,583,0,0,0,0,0,0
113,11461,114.07867505420383,99998,30,19,0,0,431,209,0.006400128002560051,23,5,49603,49814,343,161,0,0,0,0,0,0,99407,0,0,0,0,0,0,0,0,0,0,591,0,0,0,0,0,0
114,11461,115.19113740028534,99998,36,19,0,0,440,210,0.006500130002600052,15,6,49603,49813,345,161,0,0,0,0,0,0,99403,0,0,0,0,0,0,0,0,0,0,595,0,0,0,0,0,0
115,11461,116.01406045241208,99998,32,18,0,0,441,212,0.006530130602612053,17,7,49600,49811,350,163,0,0,0,0,0,0,99395,0,0,0,0,0,0,0,0,0,0,603,0,0,0,0,0,0
116,11461,117.02309193894297,99997,29,15,0,1,444,214,0.006580197405922177,17,8,49597,49809,356,166,0,0,0,0,0,0,99384,0,0,0,0,0,0,0,0,0,0,613,0,0,0,0,0,0
117,11461,118.15005777293851,99997,27,15,0,1,449,216,0.00665019950598518,17,9,49593,49806,362,168,0,0,0,0,0,0,99375,0,0,0,0,0,0,0,0,0,0,622,0,0,0,0,0,0
118,11461,119.14296891789225,99996,29,14,1,1,457,218,0.006750270010800432,16,13,49587,49800,366,171,0,0,0,0,0,0,99366,0,0,0,0,0,0,0,0,0,0,630,0,0,0,0,0,0
119,11461,120.06743549859175,99996,30,14,1,1,460,220,0.006800272010880435,19,12,49581,49799,368,173,0,0,0,0,0,0,99362,0,0,0,0,0,0,0,0,0,0,634,0,0,0,0,0,0
120,11461,121.0426781544099,99996,28,18,1,1,463,225,0.006880275211008441,20,10,49578,49796,372,174,0,0,0,0,0,0,99356,0,0,0,0,0,0,0,0,0,0,640,0,0,0,0,0,0
121,11461,122.15699209368253,99996,30,23,1,1,468,231,0.006990279611184447,21,4,49575,49796,372,175,0,0,0,0,0,0,99352,0,0,0,0,0,0,0,0,0,0,644,0,0,0,0,0,0
122,11461,123.12301568062453,99996,30,19,1,1,472,232,0.00704028161126445,19,6,49577,49794,372,179,0,0,0,0,0,0,99343,0,0,0,0,0,0,0,0,0,0,653,0,0,0,0,0,0
123,11461,124.23824971128333,99996,32,21,1,1,475,234,0.0070902836113444535,19,9,49574,49791,373,177,0,0,0,0,0,0,99342,0,0,0,0,0,0,0,0,0,0,654,0,0,0,0,0,0
124,11461,125.11785339718107,99996,31,19,1,1,476,236,0.007120284811392456,23,9,49569,49789,375,181,0,0,0,0,0,0,99336,0,0,0,0,0,0,0,0,0,0,660,0,0,0,0,0,0
125,11461,126.15445591639279,99996,28,20,1,1,478,239,0.007170286811472459,24,9,49567,49786,379,183,0,0,0,0,0,0,99329,0,0,0,0,0,0,0,0,0,0,667,0,0,0,0,0,0
126,11461,127.00151038291483,99996,30,21,1,1,482,243,0.007250290011600464,24,6,49564,49786,380,185,0,0,0,0,0,0,99324,0,0,0,0,0,0,0,0,0,0,672,0,0,0,0,0,0
127,11461,128.03441384229933,99996,35,20,1,1,491,245,0.007360294411776471,23,7,49558,49785,382,186,0,0,0,0,0,0,99317,0,0,0,0,0,0,0,0,0,0,679,0,0,0,0,0,0
128,11461,129.3370947316635,99996,34,19,1,1,494,246,0.007400296011840474,28,9,49550,49783,386,187,0,0,0,0,0,0,99311,0,0,0,0,0,0,0,0,0,0,685,0,0,0,0,0,0
129,11461,130.17934091230262,99996,33,20,1,1,498,249,0.007470298811952478,30,8,49544,49781,391,189,0,0,0,0,0,0,99304,0,0,0,0,0,0,0,0,0,0,692,0,0,0,0,0,0
130,11461,131.23306752375595,99996,32,18,1,1,504,251,0.007550302012080483,30,9,49540,49779,396,192,0,0,0,0,0,0,99293,0,0,0,0,0,0,0,0,0,0,703,0,0,0,0,0,0
131,11461,132.0052507131012,99995,32,18,2,1,506,253,0.0075903795189759486,30,10,49539,49777,396,193,0,0,0,0,0,0,99289,0,0,0,0,0,0,0,0,0,0,706,0,0,0,0,0,0
132,11461,133.33814022834213,99995,44,19,2,1,523,256,0.0077903895194759735,24,13,49529,49772,400,194,0,0,0,0,0,0,99282,0,0,0,0,0,0,0,0,0,0,713,0,0,0,0,0,0
133,11461,134.24460877374304,99995,43,16,2,1,527,257,0.00784039201960098,28,15,49522,49770,404,197,0,0,0,0,0,0,99273,0,0,0,0,0,0,0,0,0,0,722,0,0,0,0,0,0
134,11461,135.0511738188588,99995,39,17,2,1,530,259,0.007890394519725986,30,15,49517,49770,411,196,0,0,0,0,0,0,99265,0,0,0,0,0,0,0,0,0,0,730,0,0,0,0,0,0
135,11461,136.06943146186362,99995,39,19,2,1,535,264,0.007990399519975998,28,11,49514,49770,416,198,0,0,0,0,0,0,99257,0,0,0,0,0,0,0,0,0,0,738,0,0,0,0,0,0
136,11461,137.31706173053496,99995,44,22,2,1,546,270,0.00816040802040102,25,8,49507,49769,421,199,0,0,0,0,0,0,99248,0,0,0,0,0,0,0,0,0,0,747,0,0,0,0,0,0
137,11461,138.27084884965498,99995,48,22,2,1,554,272,0.008260413020651032,21,11,49504,49765,424,200,0,0,0,0,0,0,99242,0,0,0,0,0,0,0,0,0,0,753,0,0,0,0,0,0
138,11461,139.08342255984263,99995,50,21,2,1,560,275,0.008350417520876044,21,9,49498,49764,428,204,0,0,0,0,0,0,99234,0,0,0,0,0,0,0,0,0,0,761,0,0,0,0,0,0
139,11461,140.24613925259746,99995,43,20,2,1,566,279,0.008450422521126056,27,12,49490,49757,437,209,0,0,0,0,0,0,99216,0,0,0,0,0,0,0,0,0,0,779,0,0,0,0,0,0
140,11461,141.02625274309307,99995,49,21,2,1,575,282,0.00857042852142607,22,11,49487,49757,439,209,0,0,0,0,0,0,99211,0,0,0,0,0,0,0,0,0,0,784,0,0,0,0,0,0
141,11461,142.07145771421403,99995,50,23,2,1,583,285,0.008680434021701084,23,11,49478,49754,446,210,0,0,0,0,0,0,99203,0,0,0,0,0,0,0,0,0,0,792,0,0,0,0,0,0
142,11461,143.19493357881538,99995,47,27,2,1,591,290,0.008810440522026102,25,10,49468,49750,457,211,0,0,0,0,0,0,99191,0,0,0,0,0,0,0,0,0,0,804,0,0,0,0,0,0
143,11461,144.0762278312288,99995,44,27,2,1,597,293,0.008900445022251112,30,10,49461,49747,462,214,0,0,0,0,0,0,99179,0,0,0,0,0,0,0,0,0,0,816,0,0,0,0,0,0
144,11461,145.32885452752956,99995,43,28,2,1,604,298,0.009020451022551128,33,8,49454,49745,467,217,0,0,0,0,0,0,99167,0,0,0,0,0,0,0,0,0,0,828,0,0,0,0,0,0
145,11461,146.0132776046247,99995,43,28,2,1,605,299,0.00904045202260113,34,8,49453,49744,467,218,0,0,0,0,0,0,99165,0,0,0,0,0,0,0,0,0,0,830,0,0,0,0,0,0
146,11461,147.07505626543187,99995,50,29,2,1,617,302,0.009190459522976148,32,9,49444,49740,471,220,0,0,0,0,0,0,99158,0,0,0,0,0,0,0,0,0,0,837,0,0,0,0,0,0
147,11461,148.11148589399644,99995,54,29,2,1,625,305,0.009300465023251162,29,12,49441,49734,473,223,0,0,0,0,0,0,99151,0,0,0,0,0,0,0,0,0,0,844,0,0,0,0,0,0
148,11461,149.15562767983258,99995,56,33,2,1,632,309,0.009410470523526176,25,13,49441,49729,475,223,0,0,0,0,0,0,99146,0,0,0,0,0,0,0,0,0,0,849,0,0,0,0,0,0
149,11461,150.21806110133318,99995,55,33,2,1,637,314,0.009510475523776188,31,12,49432,49725,479,228,0,0,0,0,0,0,99135,0,0,0,0,0,0,0,0,0,0,860,0,0,0,0,0,0
150,11461,151.30149982497065,99994,48,27,3,1,647,314,0.009610576634598076,36,15,49417,49723,495,233,0,0,0,0,0,0,99112,0,0,0,0,0,0,0,0,0,0,882,0,0,0,0,0,0
151,11461,152.01300325608122,99994,51,26,3,1,652,316,0.009680580834850091,34,16,49415,49720,496,236,0,0,0,0,0,0,99107,0,0,0,0,0,0,0,0,0,0,887,0,0,0,0,0,0
152,11461,153.07600298879208,99993,55,24,4,1,664,320,0.009840688848219375,30,17,49408,49716,502,241,0,0,0,0,0,0,99093,0,0,0,0,0,0,0,0,0,0,900,0,0,0,0,0,0
153,11461,154.10560791712894,99993,57,25,4,1,672,324,0.009960697248807417,27,15,49403,49715,508,243,0,0,0,0,0,0,99084,0,0,0,0,0,0,0,0,0,0,909,0,0,0,0,0,0
154,11461,155.32980942843076,99993,53,27,4,1,680,329,0.01009070634944446,34,13,49391,49712,517,246,0,0,0,0,0,0,99069,0,0,0,0,0,0,0,0,0,0,924,0,0,0,0,0,0
155,11461,156.02330777265027,99993,53,25,4,1,688,332,0.0102007140499835,35,13,49384,49710,523,250,0,0,0,0,0,0,99056,0,0,0,0,0,0,0,0,0,0,937,0,0,0,0,0,0
156,11461,157.0646989422083,99993,49,26,4,1,692,337,0.01029072035042453,38,12,49379,49706,529,254,0,0,0,0,0,0,99044,0,0,0,0,0,0,0,0,0,0,949,0,0,0,0,0,0
157,11461,158.1519660100704,99993,51,29,4,1,703,343,0.010460732251257588,35,14,49373,49698,536,257,0,0,0,0,0,0,99032,0,0,0,0,0,0,0,0,0,0,961,0,0,0,0,0,0
158,11461,159.25210143270758,99993,54,28,4,1,709,346,0.01055073855169862,40,19,49365,49691,536,260,0,0,0,0,0,0,99025,0,0,0,0,0,0,0,0,0,0,968,0,0,0,0,0,0
159,11461,160.2352465088639,99993,51,31,4,1,717,352,0.010690748352384667,38,15,49361,49690,545,262,0,0,0,0,0,0,99011,0,0,0,0,0,0,0,0,0,0,982,0,0,0,0,0,0
160,11461,161.30001192689065,99993,58,27,4,1,736,355,0.010910763753462742,25,19,49358,49685,554,267,0,0,0,0,0,0,98992,0,0,0,0,0,0,0,0,0,0,1001,0,0,0,0,0,0
161,11461,162.20637291673225,99993,59,28,4,1,741,359,0.011000770053903774,27,20,49352,49681,557,269,0,0,0,0,0,0,98985,0,0,0,0,0,0,0,0,0,0,1008,0,0,0,0,0,0
162,11461,163.00748773030924,99993,61,30,4,1,750,364,0.01114077985458982,27,15,49344,49681,563,272,0,0,0,0,0,0,98975,0,0,0,0,0,0,0,0,0,0,1018,0,0,0,0,0,0
163,11461,164.04061864781957,99993,59,30,4,1,761,368,0.011290790355324872,29,17,49335,49676,572,275,0,0,0,0,0,0,98958,0,0,0,0,0,0,0,0,0,0,1035,0,0,0,0,0,0
164,11461,165.24303258058163,99993,56,26,4,1,771,370,0.011410798755912914,31,18,49324,49674,584,280,0,0,0,0,0,0,98939,0,0,0,0,0,0,0,0,0,0,1054,0,0,0,0,0,0
165,11461,166.17165731837605,99993,54,27,4,1,774,373,0.011470802956206935,38,15,49316,49674,587,282,0,0,0,0,0,0,98932,0,0,0,0,0,0,0,0,0,0,1061,0,0,0,0,0,0
166,11461,167.09993167627644,99993,61,27,4,1,788,378,0.011660816257138,30,15,49311,49671,593,285,0,0,0,0,0,0,98920,0,0,0,0,0,0,0,0,0,0,1073,0,0,0,0,0,0
167,11461,168.1649283764815,99993,58,28,4,1,793,383,0.011760823257628034,31,13,49309,49668,597,289,0,0,0,0,0,0,98908,0,0,0,0,0,0,0,0,0,0,1085,0,0,0,0,0,0
168,11461,169.1146375801398,99993,59,30,4,1,805,388,0.011930835158461092,27,10,49304,49668,605,290,0,0,0,0,0,0,98894,0,0,0,0,0,0,0,0,0,0,1099,0,0,0,0,0,0
169,11461,170.11272923432298,99993,58,30,4,1,811,390,0.01201084075885312,22,13,49304,49663,611,292,0,0,0,0,0,0,98885,0,0,0,0,0,0,0,0,0,0,1108,0,0,0,0,0,0
170,11461,171.14575593545564,99993,55,30,4,1,816,394,0.01210084705929415,35,17,49290,49655,615,296,0,0,0,0,0,0,98873,0,0,0,0,0,0,0,0,0,0,1120,0,0,0,0,0,0
171,11461,172.07637816441124,99993,53,28,4,1,820,396,0.01216085125958817,36,16,49287,49655,619,299,0,0,0,0,0,0,98863,0,0,0,0,0,0,0,0,0,0,1130,0,0,0,0,0,0
172,11461,173.05007574832678,99993,58,32,4,1,831,403,0.012340863860470232,34,15,49280,49649,623,302,0,0,0,0,0,0,98854,0,0,0,0,0,0,0,0,0,0,1139,0,0,0,0,0,0
173,11461,174.10955514007253,99993,58,29,4,1,846,404,0.012500875061254288,27,20,49275,49643,635,306,0,0,0,0,0,0,98836,0,0,1,0,0,0,0,0,0,0,1156,0,0,0,0,0,0
174,11461,175.1140729639736,99993,62,32,4,1,857,411,0.01268088766213635,28,14,49263,49642,642,310,0,0,0,0,0,0,98826,0,0,2,0,0,0,0,0,0,0,1165,0,0,0,0,0,0
175,11461,176.2775626495043,99993,67,31,4,1,874,415,0.012890902363165422,29,18,49250,49634,649,315,0,0,0,0,0,0,98809,0,0,2,0,0,0,0,0,0,0,1182,0,0,0,0,0,0
176,11461,177.0590292497892,99993,65,35,4,1,877,421,0.012980908663606452,29,15,49250,49633,651,315,0,0,0,0,0,0,98802,0,0,2,0,0,0,0,0,0,0,1189,0,0,0,0,0,0
177,11461,178.15716848257605,99993,64,38,4,1,886,427,0.013130919164341504,33,17,49240,49626,658,317,0,0,0,0,0,0,98789,0,0,2,0,0,0,0,0,0,0,1202,0,0,0,0,0,0
178,11461,179.12381069817292,99993,69,39,4,1,898,436,0.013340933865370577,27,23,49237,49612,662,324,0,0,0,0,0,0,98774,0,0,2,0,0,0,0,0,0,0,1217,0,0,0,0,0,0
179,11461,180.15465472455477,99993,64,38,4,1,904,441,0.013450941565909614,35,29,49225,49602,671,329,0,0,0,0,0,0,98757,0,0,2,0,0,0,0,0,0,0,1234,0,0,0,0,0,0
180,11461,181.18570651345604,99993,64,42,4,1,914,449,0.013630954166791675,32,27,49218,49597,681,332,0,0,0,0,0,0,98743,0,0,2,0,0,0,0,0,0,0,1248,0,0,0,0,0,0
181,11461,182.216918985081,99993,65,45,4,1,926,460,0.013860970267918755,29,19,49212,49596,689,338,0,0,0,0,0,0,98724,0,0,2,0,0,0,0,0,0,0,1267,0,0,0,0,0,0
182,11461,183.06312611487886,99993,65,47,4,1,931,465,0.01396097726840879,32,16,49205,49596,693,339,0,0,0,0,0,0,98716,0,0,2,0,0,0,0,0,0,0,1275,0,0,0,0,0,0
183,11461,184.19075504173856,99993,66,48,4,1,939,473,0.014120988469192844,34,19,49198,49587,697,344,0,0,0,0,0,0,98702,0,0,2,0,0,0,0,0,0,0,1289,0,0,0,0,0,0
184,11461,185.02197289715187,99992,75,48,5,1,953,477,0.014301144091527322,30,22,49190,49580,699,348,0,0,0,0,0,0,98693,0,0,2,0,0,0,0,0,0,0,1297,0,0,0,0,0,0
185,11461,186.11789176665533,99992,77,42,5,1,964,484,0.014481158492679414,32,17,49181,49581,704,358,0,0,0,0,0,0,98671,0,0,2,0,0,0,0,0,0,0,1319,0,0,0,0,0,0
186,11461,187.3269199796045,99992,65,37,5,1,975,487,0.014621169693575487,42,24,49163,49573,724,364,0,0,0,0,0,0,98640,0,0,2,0,0,0,0,0,0,0,1350,0,0,0,0,0,0
187,11461,188.0150761023766,99992,69,39,5,1,983,492,0.014751180094407552,40,23,49161,49570,724,366,0,0,0,0,0,0,98633,0,0,2,0,0,0,0,0,0,0,1357,0,0,0,0,0,0
188,11461,189.04737513858856,99992,69,40,5,1,992,498,0.01490119209536763,40,24,49154,49565,731,369,0,0,0,0,0,0,98619,0,0,2,0,0,0,0,0,0,0,1371,0,0,0,0,0,0
189,11461,190.07980496427297,99992,77,37,5,1,1010,504,0.015141211296903751,36,26,49141,49559,740,376,0,0,0,0,0,0,98600,0,0,2,0,0,0,0,0,0,0,1390,0,0,0,0,0,0
190,11461,191.11243792719438,99992,80,38,5,1,1022,509,0.015311224897991839,39,25,49130,49556,745,379,0,0,0,0,0,0,98587,0,0,2,0,0,0,0,0,0,0,1403,0,0,0,0,0,0
191,11461,192.14527483986626,99992,78,42,5,1,1035,515,0.015501240099207936,36,26,49123,49550,757,380,0,0,0,0,0,0,98570,0,0,2,0,0,0,0,0,0,0,1420,0,0,0,0,0,0
192,11461,193.17829697772743,99992,69,43,5,1,1043,522,0.015651252100168014,39,26,49115,49544,771,385,0,0,0,0,0,0,98548,0,0,3,0,0,0,0,0,0,0,1441,0,0,0,0,0,0
193,11461,194.2115012914188,99992,71,41,5,1,1056,526,0.0158212657012561,30,34,49115,49533,778,390,0,0,0,0,0,0,98531,0,0,3,0,0,0,0,0,0,0,1458,0,0,0,0,0,0
194,11461,195.2447893911602,99992,65,45,5,1,1063,536,0.01599127930234419,34,32,49109,49525,786,396,0,0,0,0,0,0,98513,0,0,4,0,0,0,0,0,0,0,1475,0,0,0,0,0,0
195,11461,196.27819486598622,99992,62,51,5,1,1070,548,0.016181294503560286,34,23,49105,49525,793,399,0,0,0,0,0,0,98497,0,0,4,0,0,0,0,0,0,0,1491,0,0,0,0,0,0
196,11461,197.31171543674841,99992,62,51,5,1,1078,555,0.016331306504520363,41,20,49094,49523,797,404,0,0,0,0,0,0,98482,0,0,4,0,0,0,0,0,0,0,1506,0,0,0,0,0,0
197,11461,198.14265540316032,99992,61,47,5,1,1081,558,0.016391311304904392,44,22,49093,49518,796,411,0,0,0,0,0,0,98471,0,0,4,0,0,0,0,0,0,0,1517,0,0,0,0,0,0
198,11461,199.1763752013641,99991,61,43,6,1,1089,561,0.01650148513366203,51,24,49082,49515,799,416,0,0,0,0,0,0,98456,0,0,4,0,0,0,0,0,0,0,1531,0,0,0,0,0,0
199,11461,200.21027876004058,99991,66,41,6,1,1101,565,0.016661499534958147,50,20,49074,49516,803,421,0,0,0,0,0,0,98443,0,0,4,0,0,0,0,0,0,0,1544,0,0,0,0,0,0
200,11461,201.06210937797556,99991,74,38,6,1,1116,570,0.01686151753657829,48,23,49065,49509,806,428,0,0,0,0,0,0,98428,0,0,4,0,0,0,0,0,0,0,1559,0,0,0,0,0,0
201,11461,202.09628011100216,99991,78,36,6,1,1130,576,0.017061535538198436,49,25,49050,49501,816,436,0,0,0,0,0,0,98410,0,0,4,0,0,0,0,0,0,0,1577,0,0,0,0,0,0
202,11461,203.13069742899754,99991,76,41,6,1,1138,584,0.017221549939494554,54,27,49039,49494,824,436,0,0,0,0,0,0,98397,0,0,4,0,0,0,0,0,0,0,1590,0,0,0,0,0,0
203,11461,204.16529299981835,99991,74,43,6,1,1149,589,0.017381564340790672,55,25,49031,49491,833,439,0,0,0,0,0,0,98381,0,0,4,0,0,0,0,0,0,0,1606,0,0,0,0,0,0
204,11461,205.20005198352027,99991,73,44,6,1,1164,596,0.017601584142572832,53,22,49020,49488,847,444,0,0,0,0,0,0,98359,0,0,4,0,0,0,0,0,0,0,1628,0,0,0,0,0,0
205,11461,206.13099952149037,99991,72,46,6,1,1167,602,0.0176915922433019,56,19,49019,49486,846,447,0,0,0,0,0,0,98351,0,0,4,0,0,0,0,0,0,0,1636,0,0,0,0,0,0
206,11461,207.1386328361984,99991,70,44,6,1,1181,606,0.017871608444760028,55,24,49012,49480,856,450,0,0,0,0,0,0,98329,0,0,4,0,0,0,0,0,0,0,1658,0,0,0,0,0,0
207,11461,208.17386924427225,99991,77,39,6,1,1197,610,0.018071626446380173,51,28,49004,49473,861,458,0,0,0,0,0,0,98311,0,0,4,0,0,0,0,0,0,0,1676,0,0,0,0,0,0
208,11461,209.209211340888,99991,76,36,6,1,1208,617,0.018251642647838306,46,25,49000,49472,871,465,0,0,0,0,0,0,98289,0,0,4,0,0,0,0,0,0,0,1698,0,0,0,0,0,0
209,11461,210.24473497598444,99991,80,47,6,1,1220,628,0.01848166334970147,47,19,48990,49469,876,463,0,0,0,0,0,0,98281,0,0,4,0,0,0,0,0,0,0,1706,0,0,0,0,0,0
210,11461,211.33981817408724,99991,82,41,6,1,1233,632,0.0186516786510786,40,22,48987,49463,884,472,0,0,0,0,0,0,98261,0,0,5,0,0,0,0,0,0,0,1725,0,0,0,0,0,0
211,11461,212.0303294177988,99991,80,41,6,1,1237,633,0.018701683151483635,44,24,48979,49460,890,473,0,0,0,0,0,0,98254,0,0,5,0,0,0,0,0,0,0,1732,0,0,0,0,0,0
212,11461,213.066269673207,99991,84,37,6,1,1250,635,0.018851696652698743,45,25,48968,49457,896,479,0,0,0,0,0,0,98239,0,0,5,0,0,0,0,0,0,0,1747,0,0,0,0,0,0
213,11461,214.10239941861406,99991,80,41,6,1,1259,643,0.019021711954075867,52,28,48955,49447,906,482,0,0,0,0,0,0,98222,0,0,5,0,0,0,0,0,0,0,1764,0,0,0,0,0,0
214,11461,215.13875373475952,99991,81,36,6,1,1274,650,0.019241731755858027,51,25,48945,49444,916,493,0,0,0,0,0,0,98196,0,0,5,0,0,0,0,0,0,0,1790,0,0,0,0,0,0
215,11461,216.17534258382202,99991,87,38,6,1,1287,658,0.01945175065755918,52,24,48935,49439,919,497,0,0,0,0,0,0,98184,0,0,6,0,0,0,0,0,0,0,1801,0,0,0,0,0,0
216,11461,217.2120541709844,99991,81,40,6,1,1296,668,0.01964176775909832,52,21,48928,49435,932,502,0,0,0,0,0,0,98161,0,0,6,0,0,0,0,0,0,0,1824,0,0,0,0,0,0
217,11461,218.24900773901658,99991,85,40,6,1,1316,675,0.019911792061285516,49,21,48916,49429,943,508,0,0,0,0,0,0,98138,0,0,6,0,0,0,0,0,0,0,1847,0,0,0,0,0,0
218,11461,219.2862059653049,99991,87,41,6,1,1328,678,0.020061805562500624,49,25,48905,49425,952,507,0,0,0,0,0,0,98127,0,0,7,0,0,0,0,0,0,0,1857,0,0,0,0,0,0
219,11461,220.32359246473825,99991,89,36,6,1,1344,681,0.020251822664039763,47,30,48897,49420,960,512,0,0,0,0,0,0,98105,0,0,7,0,0,0,0,0,0,0,1879,0,0,0,0,0,0
220,11461,221.0152561139725,99991,90,34,6,1,1353,681,0.02034183076476883,45,35,48894,49415,964,514,0,0,0,0,0,0,98095,0,0,7,0,0,0,0,0,0,0,1889,0,0,0,0,0,0
221,11461,222.05286207108884,99991,93,38,6,1,1367,690,0.020571851466631996,40,36,48888,49406,972,518,0,0,0,0,0,0,98080,0,0,8,0,0,0,0,0,0,0,1903,0,0,0,0,0,0
222,11461,223.09061254527577,99991,96,44,6,1,1379,700,0.02079187126841416,38,32,48880,49401,979,521,0,0,0,0,0,0,98067,0,0,8,0,0,0,0,0,0,0,1916,0,0,0,0,0,0
223,11461,224.1285045285075,99991,96,45,6,1,1388,710,0.020981888369953294,44,30,48867,49394,986,529,0,0,0,0,0,0,98049,0,0,8,0,0,0,0,0,0,0,1934,0,0,0,0,0,0
224,11461,225.166567230197,99991,105,44,6,1,1406,716,0.02122190997189747,37,34,48862,49387,989,533,0,0,0,0,0,0,98033,0,0,8,0,0,0,0,0,0,0,1950,0,0,0,0,0,0
225,11461,226.20474627880955,99991,102,46,6,1,1417,725,0.021421927973517618,45,33,48846,49382,1000,537,0,0,0,0,0,0,98012,0,0,8,0,0,0,0,0,0,0,1971,0,0,0,0,0,0
226,11461,227.2431865572706,99991,102,47,6,1,1426,734,0.021601944174975747,51,31,48836,49375,1004,545,0,0,0,0,0,0,97995,0,0,8,0,0,0,0,0,0,0,1988,0,0,0,0,0,0
227,11461,228.28178664136058,99991,97,51,6,1,1436,746,0.021821963976757907,55,30,48829,49370,1012,547,0,0,0,0,0,0,97972,0,0,8,0,0,0,0,0,0,0,2011,0,0,0,0,0,0
228,11461,229.32052991178384,99990,102,40,7,1,1450,749,0.02199219921992199,54,30,48818,49368,1018,560,0,0,0,0,0,0,97949,0,0,8,0,0,0,0,0,0,0,2033,0,0,0,0,0,0
229,11461,230.01315585531245,99990,101,40,7,1,1457,753,0.0221022102210221,58,33,48810,49362,1023,563,0,0,0,0,0,0,97937,0,0,8,0,0,0,0,0,0,0,2045,0,0,0,0,0,0
230,11461,231.05225605451955,99990,97,41,7,1,1467,762,0.022292229222922292,57,31,48805,49357,1033,569,0,0,0,0,0,0,97916,0,0,9,0,0,0,0,0,0,0,2065,0,0,0,0,0,0
231,11461,232.09151802708394,99990,102,39,7,1,1483,769,0.02252225222522252,53,33,48797,49349,1040,577,0,0,0,0,0,0,97896,0,0,9,0,0,0,0,0,0,0,2085,0,0,0,0,0,0
232,11461,233.13092155766503,99989,102,44,8,1,1498,780,0.022782506075668323,56,31,48783,49341,1050,582,0,0,0,0,0,0,97876,0,0,10,0,0,0,0,0,0,0,2103,0,0,0,0,0,0
233,11461,234.17057855313357,99989,102,43,8,1,1512,787,0.022992529178209604,56,29,48775,49339,1058,587,0,0,0,0,0,0,97854,0,0,10,0,0,0,0,0,0,0,2125,0,0,0,0,0,0
234,11461,235.2104407846108,99989,100,44,8,1,1527,791,0.023182550080508856,52,30,48768,49335,1071,589,0,0,0,0,0,0,97834,0,0,10,0,0,0,0,0,0,0,2145,0,0,0,0,0,0
235,11461,236.2505115606034,99989,103,45,8,1,1542,802,0.0234425786836552,58,24,48748,49334,1082,595,0,0,0,0,0,0,97813,0,0,11,0,0,0,0,0,0,0,2165,0,0,0,0,0,0
236,11461,237.29087852605977,99989,103,48,8,1,1548,809,0.023572592985228374,59,18,48745,49335,1084,597,0,0,0,0,0,0,97804,0,0,12,0,0,0,0,0,0,0,2173,0,0,0,0,0,0
237,11461,238.1264617609892,99989,106,47,8,1,1564,814,0.023782616087769656,53,21,48738,49329,1094,601,0,0,0,0,0,0,97785,0,0,12,0,0,0,0,0,0,0,2192,0,0,0,0,0,0
238,11461,239.1671060724579,99989,102,51,8,1,1578,821,0.023992639190310933,58,26,48722,49320,1109,601,0,0,0,0,0,0,97764,0,0,12,0,0,0,0,0,0,0,2213,0,0,0,0,0,0
239,11461,240.20804355887378,99989,101,55,8,1,1599,828,0.024272669993699307,54,24,48708,49317,1128,602,0,0,0,0,0,0,97740,0,0,13,0,0,0,0,0,0,0,2236,0,0,0,0,0,0
240,11461,241.24929947592287,99989,89,55,8,1,1608,836,0.024442688695756533,58,23,48703,49312,1141,608,0,0,0,0,0,0,97711,0,0,13,0,0,0,0,0,0,0,2265,0,0,0,0,0,0
241,11461,242.29077947699633,99989,94,53,8,1,1625,843,0.02468271509866085,59,20,48687,49310,1151,615,0,0,0,0,0,0,97690,0,0,13,0,0,0,0,0,0,0,2286,0,0,0,0,0,0
242,11461,243.07478591005196,99989,93,53,8,1,1632,845,0.024772724999749973,62,19,48681,49309,1155,617,0,0,0,0,0,0,97680,0,0,13,0,0,0,0,0,0,0,2296,0,0,0,0,0,0
243,11461,244.29765010174089,99989,91,52,8,1,1652,851,0.025032753602896318,67,20,48659,49304,1174,622,0,0,0,0,0,0,97652,0,0,14,0,0,0,0,0,0,0,2323,0,0,0,0,0,0
244,11461,245.26823528332315,99989,87,56,8,1,1657,857,0.025142765704227465,67,17,48656,49302,1181,623,0,0,0,0,0,0,97641,0,0,14,0,0,0,0,0,0,0,2334,0,0,0,0,0,0
245,11461,246.04808464949247,99989,92,53,8,1,1681,864,0.025452799807978876,64,19,48640,49296,1195,630,0,0,0,0,0,0,97612,0,0,14,0,0,0,0,0,0,0,2363,0,0,0,0,0,0
246,11461,247.0908011646817,99989,86,51,8,1,1690,866,0.025562811909310024,64,19,48638,49294,1203,634,0,0,0,0,0,0,97593,0,0,14,0,0,0,0,0,0,0,2382,0,0,0,0,0,0
247,11461,248.0530097672112,99989,93,54,8,1,1717,876,0.025932852613787517,53,27,48625,49277,1220,640,0,0,0,0,0,0,97566,0,0,14,0,0,0,0,0,0,0,2409,0,0,0,0,0,0
248,11461,249.09618633463677,99989,90,56,8,1,1729,884,0.026132874616207783,56,28,48615,49269,1230,645,0,0,0,0,0,0,97545,0,0,14,0,0,0,0,0,0,0,2430,0,0,0,0,0,0
249,11461,250.139540900815,99989,86,55,8,1,1737,895,0.026322895518507035,60,24,48604,49266,1241,653,0,0,0,0,0,0,97521,0,0,14,0,0,0,0,0,0,0,2454,0,0,0,0,0,0
250,11461,251.18314470702785,99989,90,52,8,1,1755,902,0.026572923021532368,59,26,48593,49262,1249,658,0,0,0,0,0,0,97498,0,0,15,0,0,0,0,0,0,0,2476,0,0,0,0,0,0
251,11461,252.2269693055037,99989,95,49,8,1,1774,908,0.0268229505245577,54,25,48588,49260,1254,664,0,0,0,0,0,0,97475,0,0,15,0,0,0,0,0,0,0,2499,0,0,0,0,0,0
252,11461,253.27092943365957,99989,98,48,8,1,1786,916,0.027022972526977967,58,20,48576,49261,1259,669,0,0,0,0,0,0,97457,0,0,15,0,0,0,0,0,0,0,2517,0,0,0,0,0,0
253,11461,254.31509406337997,99989,106,47,8,1,1817,918,0.027353008830971408,49,27,48561,49255,1275,669,0,0,0,0,0,0,97431,0,0,15,0,0,0,0,0,0,0,2543,0,0,0,0,0,0
254,11461,255.01138813365688,99989,107,44,8,1,1831,921,0.027523027533028634,46,27,48554,49255,1284,672,0,0,0,0,0,0,97412,0,0,15,0,0,0,0,0,0,0,2562,0,0,0,0,0,0
255,11461,256.05600645741015,99989,117,48,8,1,1851,933,0.02784306273690106,43,24,48543,49252,1288,674,0,0,0,0,0,0,97394,0,0,15,0,0,0,0,0,0,0,2580,0,0,0,0,0,0
256,11461,257.10075793393867,99989,115,48,8,1,1860,939,0.02799307923871626,46,25,48535,49245,1295,680,0,0,0,0,0,0,97378,0,0,16,0,0,0,0,0,0,0,2595,0,0,0,0,0,0
257,11461,258.1456888675442,99989,114,46,8,1,1872,948,0.028203102341257537,49,29,48528,49235,1300,688,0,0,0,0,0,0,97355,0,0,17,0,0,0,0,0,0,0,2617,0,0,0,0,0,0
258,11461,259.19078866278136,99987,102,50,10,1,1880,957,0.028373688579515336,61,25,48512,49233,1314,690,0,0,0,0,0,0,97330,0,0,17,0,0,0,0,0,0,0,2640,0,0,0,0,0,0
259,11461,260.2361843316553,99987,105,45,10,1,1898,964,0.028623721083740887,58,27,48505,49226,1321,700,0,0,0,0,0,0,97303,0,0,17,0,0,0,0,0,0,0,2667,0,0,0,0,0,0
260,11461,261.28177213424937,99987,105,40,10,1,1911,967,0.028783741886445238,63,31,48492,49222,1329,705,0,0,0,0,0,0,97282,0,0,17,0,0,0,0,0,0,0,2688,0,0,0,0,0,0
261,11461,262.32759652837393,99987,100,42,10,1,1922,975,0.028973766589656655,70,32,48477,49215,1342,709,0,0,0,0,0,0,97260,0,0,17,0,0,0,0,0,0,0,2710,0,0,0,0,0,0
262,11461,263.0249556461829,99987,111,37,10,1,1942,976,0.029183793893206116,65,36,48469,49211,1344,714,0,0,0,0,0,0,97245,0,0,17,0,0,0,0,0,0,0,2725,0,0,0,0,0,0
263,11461,264.0711855765856,99987,110,39,10,1,1963,983,0.029463830297938733,63,32,48455,49211,1361,716,0,0,0,0,0,0,97218,0,0,17,0,0,0,0,0,0,0,2752,0,0,0,0,0,0
264,11461,265.11772943762145,99987,117,35,10,1,1982,987,0.02969386020182624,61,37,48446,49204,1365,722,0,0,0,0,0,0,97198,0,0,17,0,0,0,0,0,0,0,2772,0,0,0,0,0,0
265,11461,266.16446280065674,99987,108,40,10,1,1993,1000,0.029933891405882766,74,34,48427,49198,1380,726,0,0,0,0,0,0,97170,0,0,17,0,0,0,0,0,0,0,2800,0,0,0,0,0,0
266,11461,267.21153111766637,99987,100,52,10,1,2003,1014,0.030173922609939292,87,29,48406,49191,1396,726,0,0,0,0,0,0,97150,0,0,17,0,0,0,0,0,0,0,2820,0,0,0,0,0,0
267,11461,268.2589632752329,99987,107,48,10,1,2028,1022,0.03050396551551702,72,32,48398,49182,1412,736,0,0,0,0,0,0,97120,0,0,17,0,0,0,0,0,0,0,2850,0,0,0,0,0,0
268,11461,269.30664345008455,99987,113,50,10,1,2050,1031,0.030814005820756697,65,34,48389,49175,1422,739,0,0,0,0,0,0,97097,0,0,17,0,0,0,0,0,0,0,2873,0,0,0,0,0,0
269,11461,270.0052085309369,99987,122,55,10,1,2065,1040,0.031054037024813224,59,32,48382,49168,1426,743,0,0,0,0,0,0,97087,0,0,17,0,0,0,0,0,0,0,2883,0,0,0,0,0,0
270,11461,271.0531950889801,99987,124,57,10,1,2084,1050,0.031344074729714864,62,31,48365,49162,1438,748,0,0,0,0,0,0,97063,0,0,18,0,0,0,0,0,0,0,2906,0,0,0,0,0,0
271,11461,272.1014914448513,99987,119,54,10,1,2101,1058,0.03159410723394041,66,33,48351,49153,1453,758,0,0,0,0,0,0,97030,0,0,18,0,0,0,0,0,0,0,2939,0,0,0,0,0,0
272,11461,273.1500782115804,99987,119,47,10,1,2121,1061,0.03182413713782792,59,37,48343,49147,1468,767,0,0,0,0,0,0,97000,0,0,18,0,0,0,0,0,0,0,2969,0,0,0,0,0,0
273,11461,274.19890206779604,99987,112,53,10,1,2133,1072,0.032054167041715424,70,36,48327,49138,1480,771,0,0,0,0,0,0,96977,0,0,19,0,0,0,0,0,0,0,2991,0,0,0,0,0,0
274,11461,275.24802199598315,99987,111,52,10,1,2148,1081,0.03229419824577195,72,34,48314,49135,1492,777,0,0,0,0,0,0,96951,0,0,19,0,0,0,0,0,0,0,3017,0,0,0,0,0,0
275,11461,276.29742915158664,99987,110,59,10,1,2171,1090,0.03261423985118066,65,36,48308,49125,1506,778,0,0,0,0,0,0,96925,0,0,19,0,0,0,0,0,0,0,3043,0,0,0,0,0,0
276,11461,277.3470175816694,99987,108,66,10,1,2185,1105,0.032904277556082294,66,29,48295,49119,1520,784,0,0,0,0,0,0,96901,0,0,19,0,0,0,0,0,0,0,3067,0,0,0,0,0,0
277,11461,278.04689773725835,99987,114,68,10,1,2200,1115,0.03315431006030784,67,27,48281,49113,1527,790,0,0,0,0,0,0,96884,0,0,19,0,0,0,0,0,0,0,3084,0,0,0,0,0,0
278,11461,279.09699683156265,99987,115,68,10,1,2219,1126,0.0334543490653785,67,28,48268,49103,1539,799,0,0,0,0,0,0,96855,0,0,19,0,0,0,0,0,0,0,3113,0,0,0,0,0,0
279,11461,280.14736034040624,99987,111,64,10,1,2239,1133,0.03372438416994209,62,29,48259,49098,1557,807,0,0,0,0,0,0,96820,0,0,19,0,0,0,0,0,0,0,3148,0,0,0,0,0,0
280,11461,281.1980531922868,99987,113,54,10,1,2254,1142,0.03396441537399862,70,28,48242,49092,1564,824,0,0,0,0,0,0,96788,0,0,19,0,0,0,0,0,0,0,3180,0,0,0,0,0,0
281,11461,282.2490884645765,99987,109,49,10,1,2266,1146,0.03412443617670297,77,35,48234,49082,1569,832,0,0,0,0,0,0,96763,0,0,19,0,0,0,0,0,0,0,3205,0,0,0,0,0,0
282,11461,283.3002670357149,99987,109,56,10,1,2288,1156,0.034444477782111675,67,34,48229,49076,1584,832,0,0,0,0,0,0,96739,0,0,20,0,0,0,0,0,0,0,3228,0,0,0,0,0,0
283,11461,284.00118104745536,99987,114,62,10,1,2299,1167,0.03466450638583016,61,29,48228,49070,1586,837,0,0,0,0,0,0,96729,0,0,21,0,0,0,0,0,0,0,3237,0,0,0,0,0,0
284,11461,285.05256893305517,99987,112,64,10,1,2314,1176,0.03490453758988669,62,28,48217,49063,1598,843,0,0,0,0,0,0,96706,0,0,22,0,0,0,0,0,0,0,3259,0,0,0,0,0,0
285,11461,286.1041813111751,99987,97,65,10,1,2323,1184,0.035074559692760056,63,29,48214,49057,1615,847,0,0,0,0,0,0,96679,0,0,26,0,0,0,0,0,0,0,3282,0,0,0,0,0,0
286,11461,287.1560102630148,99987,98,55,10,1,2338,1186,0.03524458179563343,65,34,48205,49059,1621,850,0,0,0,0,0,0,96653,0,0,26,0,0,0,0,0,0,0,3308,0,0,0,0,0,0
287,11461,288.2080853538964,99986,102,61,11,1,2355,1196,0.03551497209609345,70,31,48187,49053,1629,853,0,0,0,0,0,0,96636,0,0,26,0,0,0,0,0,0,0,3324,0,0,0,0,0,0
288,11461,289.2603764444404,99986,107,62,11,1,2371,1203,0.03574500430060208,74,38,48173,49043,1634,855,0,0,0,0,0,0,96620,0,0,27,0,0,0,0,0,0,0,3339,0,0,0,0,0,0
289,11461,290.3128529403011,99986,106,63,11,1,2390,1213,0.03603504490628688,70,37,48165,49036,1647,862,0,0,0,0,0,0,96591,0,0,27,0,0,0,0,0,0,0,3368,0,0,0,0,0,0
290,11461,291.0146180597433,99986,113,63,11,1,2404,1220,0.036245074310403455,65,38,48157,49029,1653,868,0,0,0,0,0,0,96578,0,0,28,0,0,0,0,0,0,0,3380,0,0,0,0,0,0
291,11461,292.0674599949667,99986,103,63,11,1,2418,1231,0.03649510931530414,77,32,48135,49026,1673,877,0,0,0,0,0,0,96544,0,0,29,0,0,0,0,0,0,0,3413,0,0,0,0,0,0
292,11461,293.12074621044854,99986,99,68,11,1,2431,1244,0.03675514572040085,80,32,48124,49015,1685,883,0,0,0,0,0,0,96519,0,0,29,0,0,0,0,0,0,0,3438,0,0,0,0,0,0
293,11461,294.1742873614197,99986,113,66,11,1,2459,1254,0.0371351989278499,68,30,48113,49010,1694,892,0,0,0,0,0,0,96493,0,0,29,0,0,0,0,0,0,0,3464,0,0,0,0,0,0
294,11461,295.228040482653,99986,111,59,11,1,2472,1261,0.037335226931770445,65,34,48107,49004,1705,901,0,0,0,0,0,0,96464,0,0,29,0,0,0,0,0,0,0,3493,0,0,0,0,0,0
295,11461,296.28201837547437,99986,111,66,11,1,2491,1273,0.0376452703378473,60,31,48100,48998,1717,903,0,0,0,0,0,0,96440,0,0,29,0,0,0,0,0,0,0,3517,0,0,0,0,0,0
296,11461,297.3361559938642,99986,103,72,11,1,2498,1287,0.037855299741963874,69,26,48089,48992,1727,908,0,0,0,0,0,0,96417,0,0,29,0,0,0,0,0,0,0,3540,0,0,0,0,0,0
297,11461,298.03904674775663,99986,106,67,11,1,2512,1291,0.03803532494549237,68,26,48079,48988,1735,917,0,0,0,0,0,0,96397,0,0,29,0,0,0,0,0,0,0,3560,0,0,0,0,0,0
298,11461,299.0936609306144,99986,112,68,11,1,2533,1298,0.038315364150981135,70,29,48061,48980,1745,921,0,0,0,0,0,0,96377,0,0,30,0,0,0,0,0,0,0,3579,0,0,0,0,0,0
299,11461,300.1485596651039,99986,118,60,11,1,2552,1305,0.03857540055607785,74,34,48047,48970,1749,934,0,0,0,0,0,0,96349,0,0,30,0,0,0,0,0,0,0,3607,0,0,0,0,0,0
300,11461,301.2036983528668,99986,121,61,11,1,2568,1313,0.03881543416078251,71,33,48039,48969,1757,935,0,0,0,0,0,0,96329,0,0,30,0,0,0,0,0,0,0,3627,0,0,0,0,0,0
301,11461,302.25898477060275,99986,129,59,11,1,2586,1321,0.039075470565879226,83,33,48019,48964,1757,942,0,0,0,0,0,0,96310,0,0,31,0,0,0,0,0,0,0,3645,0,0,0,0,0,0
302,11461,303.3145154741272,99986,130,68,11,1,2607,1335,0.03942551957274018,79,28,48008,48957,1771,945,0,0,0,0,0,0,96286,0,0,32,0,0,0,0,0,0,0,3668,0,0,0,0,0,0
303,11461,304.0183326920859,99986,127,63,11,1,2616,1340,0.03956553917548457,83,29,48003,48955,1775,951,0,0,0,0,0,0,96265,0,0,33,0,0,0,0,0,0,0,3688,0,0,0,0,0,0
304,11461,305.07420895073056,99986,131,52,11,1,2636,1343,0.0397955713799932,87,33,47983,48949,1787,964,0,0,0,0,0,0,96237,0,0,35,0,0,0,0,0,0,0,3714,0,0,0,0,0,0
305,11461,306.1304771340309,99986,138,57,11,1,2664,1356,0.04020562878803032,81,35,47970,48936,1799,970,0,0,0,0,0,0,96209,0,0,34,1,0,0,0,0,0,0,3742,0,0,0,0,0,0
306,11461,307.1869973876569,99986,139,61,11,1,2689,1368,0.04057568059528334,78,42,47962,48921,1809,974,0,0,0,0,0,0,96179,0,0,36,1,0,0,0,0,0,0,3770,0,0,0,0,0,0
307,11461,308.24368620116087,99986,145,68,11,1,2709,1382,0.040915728201948276,76,38,47949,48914,1818,978,0,0,0,0,0,0,96159,0,0,37,1,0,0,0,0,0,0,3789,0,0,0,0,0,0
308,11461,309.30058599802214,99986,148,68,11,1,2732,1394,0.04126577720880923,72,37,47935,48908,1833,985,0,0,0,0,0,0,96127,0,0,37,1,0,0,0,0,0,0,3821,0,0,0,0,0,0
309,11461,310.0053542641281,99986,152,67,11,1,2747,1399,0.04146580521272978,73,39,47922,48901,1841,991,0,0,0,0,0,0,96111,0,0,38,1,0,0,0,0,0,0,3836,0,0,0,0,0,0
310,11461,311.06281564529985,99986,151,65,11,1,2768,1406,0.04174584441821855,81,42,47901,48897,1855,994,0,0,0,0,0,0,96081,0,0,39,1,0,0,0,0,0,0,3865,0,0,0,0,0,0
311,11461,312.12065745095697,99986,145,74,11,1,2793,1421,0.042145900426059646,78,35,47883,48893,1882,996,0,0,0,0,0,0,96045,0,0,40,1,0,0,0,0,0,0,3900,0,0,0,0,0,0
312,11461,313.1789035744687,99986,144,75,11,1,2814,1432,0.042465945232332526,74,39,47871,48882,1899,1002,0,0,0,0,0,0,96013,0,0,40,1,0,0,0,0,0,0,3932,0,0,0,0,0,0
313,11461,314.2375199308071,99986,142,74,11,1,2840,1442,0.04282599563938951,71,37,47859,48877,1916,1010,0,0,0,0,0,0,95974,0,0,40,1,0,0,0,0,0,0,3971,0,0,0,0,0,0
314,11461,315.2964298533935,99986,140,69,11,1,2865,1449,0.04314604044566239,70,44,47843,48864,1935,1021,0,0,0,0,0,0,95935,0,0,40,1,0,0,0,0,0,0,4010,0,0,0,0,0,0
315,11461,316.00258965262134,99986,138,73,11,1,2879,1454,0.04333606704938692,70,44,47832,48860,1948,1021,0,0,0,0,0,0,95919,0,0,41,1,0,0,0,0,0,0,4025,0,0,0,0,0,0
316,11461,317.06214710472415,99986,137,72,11,1,2895,1465,0.04360610485467965,76,46,47813,48851,1962,1029,0,0,0,0,0,0,95890,0,0,41,1,0,0,0,0,0,0,4054,0,0,0,0,0,0
317,11461,318.122065756245,99986,154,80,11,1,2925,1481,0.04406616926369692,74,43,47792,48846,1968,1029,0,0,0,0,0,0,95869,0,0,41,1,0,0,0,0,0,0,4075,0,0,0,0,0,0
318,11461,319.1822504752629,99986,159,75,11,1,2953,1489,0.04442621967075391,70,48,47778,48839,1981,1036,0,0,0,0,0,0,95833,0,0,41,1,0,0,0,0,0,0,4111,0,0,0,0,0,0
319,11461,320.24272281475527,99986,160,75,11,1,2965,1503,0.04468625607585062,89,41,47753,48836,1985,1045,1,1,1,1,0,0,95807,0,0,42,1,0,0,0,0,0,2,4134,0,0,0,0,0,0
320,11461,321.0115231982394,99986,162,78,11,1,2984,1511,0.04495629388114336,94,45,47732,48826,1998,1047,2,2,2,2,0,0,95784,0,0,43,1,0,0,0,0,0,4,4154,0,0,0,0,0,0
321,11461,322.0343462781339,99986,158,84,11,1,3001,1527,0.045286340087612266,105,39,47709,48818,2013,1054,3,3,3,3,0,0,95751,0,0,43,1,0,0,0,0,0,6,4185,0,0,0,0,0,0
322,11461,323.01355907766487,99985,158,80,12,1,3020,1532,0.045526829024353656,101,38,47695,48815,2029,1061,4,4,4,4,0,0,95723,0,0,44,1,0,0,0,0,0,8,4209,0,0,0,0,0,0
323,11461,324.1038953243123,99985,166,82,12,1,3047,1544,0.04591688753312997,97,43,47677,48803,2042,1065,5,5,5,5,0,0,95694,0,0,44,2,0,0,0,0,0,10,4235,0,0,0,0,0,0
324,11461,325.00992357105713,99985,164,84,12,1,3069,1556,0.04625693854078112,105,53,47656,48783,2056,1072,6,6,6,6,0,0,95659,0,0,45,2,0,0,0,0,0,12,4267,0,0,0,0,0,0
325,11461,326.06082550722977,99985,165,82,12,1,3097,1568,0.04665699854978247,96,58,47644,48768,2075,1082,7,8,8,7,0,0,95617,0,0,47,2,0,0,0,0,0,15,4304,0,0,0,0,0,0
326,11461,327.021737412434,99985,162,84,12,1,3120,1583,0.04703705555833375,97,59,47629,48753,2091,1093,8,9,10,8,0,0,95576,0,0,48,2,0,0,0,0,0,18,4341,0,0,0,0,0,0
327,11461,328.04101974808253,99985,160,85,12,1,3136,1593,0.04729709456418463,101,55,47616,48750,2101,1097,9,11,12,9,0,0,95547,0,0,49,2,0,0,0,0,0,21,4366,0,0,0,0,0,0
328,11461,329.09247436534156,99985,158,86,12,1,3161,1606,0.04767715157273591,98,62,47603,48731,2118,1105,10,14,15,10,0,0,95508,0,0,52,2,0,0,0,0,0,24,4398,1,0,0,0,0,0
329,11461,330.05753333959956,99985,166,94,12,1,3188,1629,0.0481772265839876,99,55,47582,48718,2130,1114,10,17,18,11,0,0,95470,0,0,52,2,0,0,0,0,0,28,4432,1,0,0,0,0,0
330,11461,331.0250165036017,99985,179,94,12,1,3214,1639,0.04853728059208881,95,49,47566,48716,2136,1118,11,21,22,12,0,0,95443,0,0,52,2,0,0,0,0,0,32,4454,2,0,0,0,0,0
331,11461,332.2271461194596,99984,175,97,13,1,3243,1661,0.0490478476556249,105,47,47540,48695,2154,1133,12,26,27,13,0,0,95387,0,0,53,2,0,0,0,0,0,38,4502,2,0,0,0,0,0
332,11461,333.1292765030695,99984,182,102,13,1,3269,1678,0.04947791646663466,94,34,47527,48690,2170,1141,13,31,32,14,0,0,95351,0,0,54,2,0,0,0,0,0,44,4531,2,0,0,0,0,0
333,11461,334.1250132786467,99984,190,90,13,1,3293,1686,0.04979796767482797,106,42,47500,48674,2176,1155,14,37,38,15,0,0,95308,0,0,54,2,0,0,0,0,0,51,4567,2,0,0,0,0,0
334,11461,335.0026130706449,99983,191,92,13,2,3311,1694,0.050058509946690935,108,45,47484,48661,2188,1155,15,44,45,16,0,0,95280,0,0,57,2,0,0,0,0,0,59,4583,2,0,0,0,0,0
335,11461,336.06494868112577,99983,190,85,13,2,3339,1702,0.050418571157096706,118,49,47448,48646,2214,1165,16,52,53,17,0,0,95228,0,0,58,2,0,0,0,0,0,68,4625,2,0,0,0,0,0
336,11461,337.013046428431,99983,188,95,13,2,3370,1719,0.05089865277097107,112,53,47428,48625,2242,1164,16,60,62,18,0,0,95180,0,0,60,2,0,0,0,0,0,78,4661,2,0,0,0,0,0
337,11461,338.03502855667864,99983,201,91,13,2,3410,1731,0.05141874118600162,112,55,47399,48603,2257,1178,17,70,72,19,0,0,95131,0,0,64,2,0,0,0,0,0,88,4695,3,0,0,0,0,0
338,11461,339.0798517998704,99982,195,98,13,3,3433,1748,0.05181932747894621,118,49,47379,48588,2276,1180,18,81,83,20,0,0,95082,0,0,65,2,0,0,0,0,0,99,4730,4,0,0,0,0,0
339,11461,340.0632947782986,99982,194,89,13,3,3454,1754,0.05208937608769579,124,54,47355,48567,2294,1193,19,93,95,21,0,0,95033,0,0,66,2,0,0,0,0,0,112,4765,4,0,0,0,0,0
340,11461,341.1763140471029,99981,194,84,14,3,3489,1764,0.052539982596693374,119,55,47336,48549,2316,1202,20,106,108,22,0,0,94970,0,0,67,2,0,0,0,0,0,126,4812,4,0,0,0,0,0
341,11461,342.0231237875242,99981,190,83,14,3,3505,1775,0.052810033906442226,120,53,47326,48533,2327,1207,22,120,122,24,0,0,94925,0,0,68,2,0,0,0,0,0,140,4840,6,0,0,0,0,0
342,11461,343.0999996580642,99981,186,82,14,3,3547,1795,0.05343015172882848,116,44,47298,48516,2361,1220,24,134,137,26,0,0,94843,0,0,69,2,0,0,0,0,0,156,4904,7,0,0,0,0,0
343,11461,344.1704201055505,99981,190,83,14,3,3578,1808,0.053870235344715495,120,43,47269,48492,2380,1228,26,150,154,28,0,0,94789,0,0,71,2,0,0,0,0,0,173,4937,9,0,0,0,0,0
344,11461,345.2413885733161,99981,205,87,14,3,3617,1825,0.05443034176493534,110,31,47243,48472,2399,1238,28,168,172,30,0,0,94734,0,0,73,2,0,0,0,0,0,193,4970,9,0,0,0,0,0
345,11461,346.31286568080725,99981,202,85,14,3,3644,1834,0.054790410177933804,114,33,47221,48446,2418,1244,30,188,192,32,0,0,94673,0,0,74,2,0,0,0,0,0,214,5008,10,0,0,0,0,0
346,11461,347.02749130935797,99981,185,77,14,3,3660,1837,0.054980446284794114,118,42,47205,48421,2445,1248,32,208,213,34,0,0,94607,0,0,75,2,0,0,0,0,0,237,5050,10,0,0,0,0,0
347,11461,348.09996651181757,99980,188,78,15,3,3698,1849,0.055481096219243846,109,47,47181,48387,2471,1253,35,231,236,37,0,0,94539,0,0,78,2,0,0,0,0,0,262,5088,11,0,0,0,0,0
348,11461,349.1730569540712,99980,187,73,15,3,3722,1859,0.05582116423284657,112,53,47160,48350,2487,1266,38,254,260,40,0,0,94473,0,0,78,2,0,0,0,0,0,288,5127,12,0,0,0,0,0
349,11461,350.24663995985514,99979,190,77,16,3,3754,1880,0.05635183388511587,111,43,47137,48320,2504,1276,41,280,286,43,0,0,94399,0,0,78,2,0,0,0,0,0,316,5171,13,0,0,0,0,0
350,11461,351.32070725500984,99979,203,76,16,3,3793,1888,0.056821932605847225,99,45,47119,48287,2519,1281,43,307,314,46,0,0,94336,0,0,79,3,0,0,0,0,0,346,5202,13,0,0,0,0,0
351,11461,352.0369637114511,99979,209,77,16,3,3816,1898,0.05715200192040328,96,38,47105,48258,2526,1287,47,336,343,50,0,0,94280,0,0,80,3,0,0,0,0,0,377,5224,15,0,0,0,0,0
352,11461,353.1117137525985,99978,200,79,17,3,3843,1907,0.057512652783612395,110,41,47071,48222,2552,1288,49,366,374,54,0,0,94206,0,0,82,3,0,0,0,0,0,410,5260,17,0,0,0,0,0
353,11461,354.1871062685026,99978,199,73,17,3,3870,1915,0.05786272980055612,119,55,47043,48172,2568,1298,53,398,407,58,0,0,94134,0,0,85,3,0,0,0,0,0,443,5292,21,0,0,0,0,0
354,11461,355.2631255719833,99978,191,75,17,3,3896,1928,0.05825281561943627,123,54,47018,48129,2594,1308,56,430,442,63,0,0,94049,0,0,85,3,0,0,0,0,0,483,5337,21,0,0,0,0,0
355,11461,356.33973055950867,99978,187,71,17,3,3933,1938,0.05872291904218928,105,60,47004,48083,2625,1319,61,463,479,68,0,0,93956,0,0,88,3,0,0,0,0,0,524,5385,22,0,0,0,0,0
356,11461,357.05777792892957,99978,178,78,17,3,3956,1953,0.05910300266058533,101,53,46985,48041,2652,1323,66,501,518,73,0,0,93873,0,0,89,3,0,0,0,0,0,568,5423,22,0,0,0,0,0
357,11461,358.13543718199367,99978,179,86,17,3,3983,1970,0.05954309948188601,98,46,46962,47997,2671,1327,72,540,559,79,0,0,93793,0,0,91,3,0,0,0,0,0,615,5454,22,0,0,0,0,0
358,11461,359.2136504659248,99978,187,93,17,3,4014,1988,0.06003320730560723,89,40,46946,47949,2682,1332,78,582,602,85,0,0,93712,0,0,91,3,0,0,0,0,0,662,5486,24,0,0,0,0,0
359,11461,360.2922587354077,99978,180,88,17,3,4030,2006,0.06037328212206686,98,38,46925,47895,2695,1349,84,626,647,91,0,0,93617,0,0,92,3,0,0,0,0,0,712,5529,25,0,0,0,0,0
360,11461,361.01162170573656,99978,182,94,17,3,4046,2016,0.060633339334653626,109,41,46898,47837,2702,1351,91,673,695,98,0,0,93545,0,0,92,3,0,0,0,0,0,766,5546,26,0,0,0,0,0
361,11461,362.09115788527345,99978,189,94,17,3,4078,2028,0.06107343615595431,102,43,46889,47782,2704,1358,98,719,745,105,0,0,93453,0,0,92,3,0,0,0,0,0,821,5581,28,0,0,0,0,0
362,11461,363.17094738793037,99978,192,88,17,3,4103,2038,0.061423513172898035,114,51,46855,47719,2715,1369,106,769,797,113,0,0,93358,0,0,93,3,0,0,0,0,0,879,5615,30,0,0,0,0,0
363,11461,364.25135090660206,99978,178,87,17,3,4126,2052,0.06179359459080998,121,51,46827,47661,2743,1374,113,823,852,121,0,0,93248,0,0,94,3,0,0,0,0,0,938,5661,34,0,0,0,0,0
364,11461,365.3324507541837,99978,185,91,17,3,4161,2071,0.06233371341695173,130,49,46787,47596,2759,1381,121,879,909,130,0,0,93143,0,0,96,3,0,0,0,0,0,1002,5698,36,0,0,0,0,0
365,11461,366.0535719534858,99978,198,94,17,3,4191,2083,0.0627538058372842,131,47,46761,47534,2762,1384,130,937,968,139,0,0,93051,0,0,96,3,0,0,0,0,0,1068,5722,38,0,0,0,0,0
366,11461,367.1358819822946,99978,192,88,17,3,4218,2092,0.06311388505471204,141,51,46724,47468,2786,1393,139,996,1030,149,0,0,92937,0,0,98,3,0,0,0,0,0,1136,5762,42,0,0,0,0,0
367,11461,368.2189299820746,99978,193,93,17,3,4254,2108,0.06363399947988557,136,66,46701,47385,2805,1398,147,1054,1094,160,0,0,92821,0,0,98,3,0,0,0,0,0,1206,5803,47,0,0,0,0,0
368,11461,369.3024802891519,99978,198,101,17,3,4296,2130,0.0642741403108684,114,63,46680,47312,2832,1404,158,1116,1161,171,0,0,92695,0,0,99,3,0,0,0,0,0,1282,5850,49,0,0,0,0,0
369,11461,370.02519881158514,99978,203,106,17,3,4319,2141,0.06461421512732801,111,63,46659,47237,2839,1408,170,1182,1231,183,0,0,92595,0,0,99,3,0,0,0,0,0,1358,5868,55,0,0,0,0,0
370,11461,371.10982958103324,99978,198,115,17,3,4347,2160,0.06508431855008102,113,59,46622,47163,2867,1410,182,1249,1303,195,0,0,92474,0,0,100,3,0,0,0,0,0,1437,5904,60,0,0,0,0,0
371,11461,372.19526798241134,99978,202,123,17,3,4376,2177,0.06554441977234991,116,58,46589,47085,2880,1409,195,1321,1378,208,0,0,92357,0,0,100,3,0,0,0,0,0,1520,5933,65,0,0,0,0,0
372,11461,373.28142847160933,99978,206,118,17,3,4413,2186,0.06600452099461881,123,65,46543,47004,2901,1413,209,1396,1456,222,0,0,92225,0,0,100,4,0,0,0,0,0,1607,5972,70,0,0,0,0,0
373,11461,374.0060434519788,99978,203,128,17,3,4430,2202,0.06633459361059434,126,61,46524,46923,2907,1411,222,1473,1536,236,0,0,92112,0,0,100,4,0,0,0,0,0,1694,5991,77,0,0,0,0,0
374,11461,375.09362511168564,99978,197,129,17,3,4466,2218,0.06685470803576787,120,59,46501,46839,2929,1416,235,1553,1619,251,0,0,91968,0,0,104,4,0,0,0,0,0,1785,6033,84,0,0,0,0,0
375,11461,376.18188067609157,99978,215,123,17,3,4507,2231,0.06739482686190962,112,65,46463,46747,2941,1427,251,1634,1705,267,0,0,91830,0,0,107,4,0,0,0,0,0,1884,6066,87,0,0,0,0,0
376,11461,377.27082312312837,99978,214,124,17,3,4539,2247,0.06787493248514673,118,63,46419,46660,2964,1431,267,1718,1794,284,0,0,91686,0,0,110,4,0,0,0,0,0,1983,6101,94,0,0,0,0,0
377,11461,378.360724977541,99978,216,132,17,3,4572,2265,0.06838504470983617,131,64,46370,46561,2981,1433,284,1806,1885,302,0,0,91541,0,0,111,4,0,0,0,0,0,2088,6136,98,0,0,0,0,0
378,11461,379.08786711500983,99978,229,120,17,3,4605,2269,0.0687551261277481,123,72,46338,46469,2990,1439,302,1896,1979,320,0,0,91403,0,0,112,4,0,0,0,0,0,2191,6161,107,0,0,0,0,0
379,11461,380.17944102956176,99978,239,125,17,3,4639,2295,0.0693552581567945,129,66,46293,46370,3001,1449,320,1986,2076,339,0,0,91246,0,0,112,4,0,0,0,0,0,2303,6202,111,0,0,0,0,0
380,11461,381.27185268549346,99978,243,120,17,3,4682,2311,0.06994538798535678,117,69,46256,46267,3027,1461,339,2079,2176,359,0,0,91077,0,0,114,4,0,0,0,0,0,2414,6249,120,0,0,0,0,0
381,11461,382.00062532849535,99978,249,121,17,3,4707,2328,0.07036548040568925,114,65,46224,46161,3037,1472,358,2177,2279,380,0,0,90927,0,0,115,4,0,0,0,0,0,2530,6274,128,0,0,0,0,0
382,11461,383.0948382211383,99978,238,119,17,3,4735,2346,0.07082558162795816,128,70,46174,46042,3066,1485,376,2280,2385,402,0,0,90749,0,0,118,4,0,0,0,0,0,2652,6321,134,0,0,0,0,0
383,11461,384.1901084962388,99978,249,121,17,3,4773,2368,0.07142571365700454,122,63,46136,45936,3077,1493,398,2383,2494,425,0,0,90581,0,0,119,4,0,0,0,0,0,2774,6356,144,0,0,0,0,0
384,11461,385.28627025062343,99977,248,127,18,3,4804,2387,0.07192654310491413,124,58,46097,45830,3093,1494,419,2487,2606,449,0,0,90412,0,0,123,4,0,0,0,0,0,2902,6384,152,0,0,0,0,0
385,11461,386.01751986976006,99977,240,130,18,3,4832,2395,0.07228662592396251,115,67,46068,45713,3116,1492,442,2594,2721,474,0,0,90239,0,0,125,4,0,0,0,0,0,3036,6415,158,0,0,0,0,0
386,11461,387.11535134754536,99977,239,133,18,3,4868,2414,0.0728367524530642,128,58,46017,45608,3132,1494,465,2703,2839,500,0,0,90053,0,0,125,4,0,0,0,0,0,3169,6457,169,0,0,0,0,0
387,11461,388.2142621147175,99977,242,127,18,3,4901,2429,0.07331686287846205,133,56,45972,45495,3144,1506,490,2812,2960,527,0,0,89862,0,0,126,4,0,0,0,0,0,3310,6499,176,0,0,0,0,0
388,11461,389.31423704347776,99977,240,121,18,3,4945,2440,0.07386698940756374,122,65,45933,45368,3170,1515,516,2927,3084,555,0,0,89658,0,0,129,4,0,0,0,0,0,3454,6548,184,0,0,0,0,0
389,11461,390.0481417053143,99977,243,108,18,3,4968,2455,0.07424707682767036,135,60,45883,45243,3177,1537,543,3048,3211,584,0,0,89466,0,0,132,4,0,0,0,0,0,3601,6581,193,0,0,0,0,0
390,11461,391.1503961327891,99977,245,102,18,3,5006,2471,0.07478720105624294,144,68,45824,45108,3195,1549,573,3169,3341,614,0,0,89262,0,0,134,4,0,0,0,0,0,3749,6623,205,0,0,0,0,0
391,11461,392.253897809243,99976,265,104,18,4,5059,2490,0.07550812194926783,121,67,45776,44977,3216,1558,603,3289,3474,645,0,0,89056,0,0,137,4,0,0,0,0,0,3908,6661,210,0,0,0,0,0
392,11461,393.35854341538885,99976,258,105,18,4,5094,2511,0.07606825638153157,130,66,45729,44841,3232,1572,632,3411,3610,678,0,0,88836,0,0,139,4,0,0,0,0,0,4068,6710,219,0,0,0,0,0
393,11461,394.09561270538853,99976,261,114,18,4,5125,2530,0.07656837641033848,128,55,45678,44711,3253,1573,661,3542,3749,712,0,0,88639,0,0,139,5,0,0,0,0,0,4228,6734,231,0,0,0,0,0
394,11461,395.20260152094295,99976,259,116,18,4,5165,2551,0.07717852284548292,119,46,45629,44585,3279,1580,695,3668,3891,747,0,0,88417,0,0,144,5,0,0,0,0,0,4394,6774,242,0,0,0,0,0
395,11461,396.31094852758724,99976,263,111,18,4,5200,2565,0.07766864047371369,128,50,45560,44441,3302,1589,728,3804,4036,783,0,0,88198,0,0,147,5,0,0,0,0,0,4566,6809,251,0,0,0,0,0
396,11461,397.05068666233285,99976,259,115,18,4,5224,2578,0.0780387292950308,124,55,45509,44290,3323,1592,766,3943,4184,821,0,0,87989,0,0,150,5,0,0,0,0,0,4741,6829,262,0,0,0,0,0
397,11461,398.1618168658584,99976,267,106,18,4,5265,2593,0.07859886372729455,126,59,45447,44146,3341,1604,800,4080,4335,860,0,0,87757,0,0,152,5,0,0,0,0,0,4918,6869,275,0,0,0,0,0
398,11461,399.27444175825815,99976,254,110,18,4,5300,2612,0.07913899335840602,122,55,45397,43993,3372,1613,836,4224,4489,900,0,0,87515,0,0,155,5,0,0,0,0,0,5100,6914,287,0,0,0,0,0
399,11461,400.0169806220552,99976,247,108,18,4,5316,2621,0.07938905337280948,133,59,45335,43844,3390,1616,876,4368,4645,942,0,0,87295,0,0,159,5,0,0,0,0,0,5290,6932,295,0,0,0,0,0
400,11461,401.13247042058396,99976,244,114,18,4,5351,2641,0.07993918540449708,136,64,45273,43690,3411,1620,917,4507,4804,985,0,0,87053,0,0,161,5,0,0,0,0,0,5482,6970,305,0,0,0,0,0
401,11461,402.24941538086006,99975,238,113,19,4,5380,2655,0.08037009252313078,140,69,45212,43535,3432,1624,958,4654,4966,1030,0,0,86811,0,0,163,5,0,0,0,0,0,5676,7002,318,0,0,0,0,0
402,11461,403.36792908765716,99975,236,110,19,4,5421,2672,0.08095023755938985,130,70,45149,43386,3464,1632,1001,4797,5131,1076,0,0,86550,0,0,164,5,0,0,0,0,0,5875,7051,330,0,0,0,0,0
403,11461,404.1145146807747,99975,239,111,19,4,5445,2684,0.08131032758189548,123,69,45101,43235,3472,1626,1045,4954,5299,1123,0,0,86326,0,0,167,6,0,0,0,0,0,6071,7057,348,0,0,0,0,0
404,11461,405.2359486522088,99975,237,113,19,4,5478,2704,0.08184046011502875,134,67,45030,43078,3489,1636,1090,5101,5470,1172,0,0,86069,0,0,170,6,0,0,0,0,0,6278,7091,361,0,0,0,0,0
405,11461,406.3589820931971,99975,242,121,19,4,5526,2724,0.08252063015753938,120,69,44966,42923,3514,1628,1138,5254,5644,1222,0,0,85807,0,0,170,8,0,0,0,0,0,6487,7129,374,0,0,0,0,0
406,11461,407.1085944407686,99975,243,124,19,4,5543,2738,0.08283070767691923,131,67,44907,42762,3514,1628,1185,5414,5820,1274,0,0,85573,0,0,173,8,0,0,0,0,0,6697,7132,392,0,0,0,0,0
407,11461,408.2346162881471,99975,246,126,19,4,5576,2756,0.0833408352088022,129,72,44846,42600,3528,1636,1231,5561,5999,1328,0,0,85304,0,0,172,9,0,0,0,0,0,6920,7169,401,0,0,0,0,0
408,11461,409.36221716873825,99974,235,129,20,4,5611,2773,0.08386180406905795,130,79,44770,42434,3560,1637,1284,5716,6181,1383,0,0,85028,0,0,175,9,0,0,0,0,0,7139,7204,419,0,0,0,0,0
409,11461,410.114934242918,99974,226,134,20,4,5628,2792,0.08422189769340029,129,72,44724,42268,3561,1635,1339,5886,6365,1440,0,0,84772,0,0,175,10,0,0,0,0,0,7356,7219,442,0,0,0,0,0
410,11461,411.24583997691826,99974,233,131,20,4,5665,2817,0.08484205893532318,139,59,44641,42111,3574,1648,1392,6046,6552,1498,0,0,84492,0,0,181,10,0,0,0,0,0,7584,7248,459,0,0,0,0,0
411,11461,412.00082381357254,99973,224,127,21,4,5688,2829,0.08519300211056985,132,60,44583,41946,3590,1648,1449,6214,6741,1558,0,0,84216,0,0,182,10,0,0,0,0,0,7813,7273,479,0,0,0,0,0
412,11461,413.13527142338177,99973,232,123,21,4,5732,2851,0.08585318035869685,121,49,44521,41779,3597,1662,1507,6382,6933,1620,0,0,83933,0,0,185,11,0,0,0,0,0,8038,7299,507,0,0,0,0,0
413,11461,414.2715304328628,99973,234,116,21,4,5771,2867,0.08640332889880267,137,56,44430,41589,3611,1678,1566,6556,7127,1683,0,0,83637,0,0,185,13,0,0,0,0,0,8276,7338,524,0,0,0,0,0
414,11461,415.03020478170765,99972,229,118,22,4,5791,2879,0.08672428279918377,140,54,44364,41407,3620,1673,1624,6743,7324,1748,0,0,83360,0,0,187,13,0,0,0,0,0,8520,7350,542,0,0,0,0,0
415,11461,416.1701639897115,99971,228,110,22,5,5827,2891,0.08720528953396485,144,53,44284,41232,3639,1682,1682,6917,7523,1815,0,0,83059,0,0,190,15,0,0,0,0,0,8770,7380,557,0,0,0,0,0
416,11461,417.3120780594461,99971,219,114,22,5,5863,2908,0.08773544327855078,141,62,44213,41044,3660,1683,1744,7091,7725,1884,0,0,82747,0,0,193,15,0,0,0,0,0,9027,7418,571,0,0,0,0,0
417,11461,418.074419967942,99971,227,121,22,5,5896,2924,0.08822558541977174,133,57,44142,40858,3666,1681,1809,7277,7929,1954,0,0,82453,0,0,194,15,0,0,0,0,0,9288,7437,584,0,0,0,0,0
418,11461,419.2200632783747,99971,228,124,22,5,5931,2944,0.08877574496604015,131,51,44067,40685,3678,1683,1873,7451,8135,2026,0,0,82148,0,0,194,16,0,0,0,0,0,9543,7464,606,0,0,0,0,0
419,11461,420.36773135502904,99971,231,122,22,5,5967,2964,0.08933590741314981,159,76,43967,40484,3682,1692,1938,7620,8343,2100,0,0,81832,20,2,194,16,0,0,0,0,0,9804,7478,625,0,0,0,0,0
420,11461,421.2299770947289,99971,234,122,22,5,5992,2978,0.08972602054595832,167,75,43881,40296,3684,1691,2011,7810,8554,2176,0,0,81537,52,4,194,18,0,0,0,0,0,10065,7454,647,0,0,0,0,0
421,11461,422.0938636508761,99971,231,123,22,5,6025,2995,0.09022616558802053,176,74,43791,40109,3698,1695,2081,7993,8767,2253,0,0,81234,96,7,198,19,0,0,0,0,0,10321,7419,677,0,0,0,0,0
422,11461,423.3927577409935,99971,237,135,22,5,6078,3023,0.09103640055616129,188,74,43683,39922,3719,1696,2150,8167,8982,2332,0,0,80911,148,13,203,19,0,0,0,0,0,10586,7391,700,0,0,0,0,0
423,11461,424.26029140542505,99971,246,135,22,5,6122,3037,0.09161656880495343,186,77,43582,39728,3739,1693,2224,8361,9199,2413,0,0,80592,189,17,207,19,0,0,0,0,0,10860,7367,720,0,0,0,0,0
424,11461,425.1296522938091,99970,252,140,22,6,6159,3055,0.09216765029508853,188,82,43481,39529,3754,1683,2302,8559,9418,2496,0,0,80276,227,18,211,19,0,0,0,0,0,11136,7338,745,0,0,0,0,0
425,11461,426.00097202043435,99970,263,132,22,6,6200,3072,0.09274782434730419,182,94,43391,39320,3760,1693,2381,8754,9639,2581,0,0,79946,275,22,214,19,0,0,0,0,0,11414,7311,769,0,0,0,0,0
426,11461,427.31117176349744,99969,258,145,23,6,6256,3102,0.09360901879582671,191,94,43278,39124,3790,1695,2459,8935,9861,2668,0,0,79586,345,24,219,19,0,0,0,0,0,11701,7286,789,0,0,0,0,0
427,11461,428.18644592737394,99969,256,151,23,6,6289,3132,0.09423921415638849,191,76,43186,38939,3804,1696,2539,9131,10085,2757,0,0,79241,396,30,219,21,0,0,0,0,0,11989,7267,806,0,0,0,0,0
428,11461,429.06367086091944,99969,255,151,23,6,6331,3145,0.09478938470925988,189,84,43084,38741,3827,1691,2621,9326,10311,2848,0,0,78906,442,35,223,22,0,0,0,0,0,12273,7235,833,0,0,0,0,0
429,11461,430.3830203639643,99969,271,147,23,6,6393,3173,0.09568966379577669,195,95,42975,38536,3842,1706,2693,9509,10538,2941,0,0,78541,506,42,230,22,0,0,0,0,0,12567,7209,852,0,0,0,0,0
430,11461,431.264353851528,99969,288,141,23,6,6438,3190,0.09630985605537716,194,100,42881,38335,3839,1718,2774,9699,10767,3035,0,0,78209,546,46,235,23,0,0,0,0,0,12854,7173,883,0,0,0,0,0
431,11461,432.14745123067803,99969,292,143,23,6,6479,3212,0.09694005141593894,192,95,42774,38141,3858,1717,2860,9897,10998,3131,0,0,77861,594,53,237,23,0,0,0,0,0,13147,7144,910,0,0,0,0,0
432,11461,433.0326707478135,99969,294,141,23,6,6522,3238,0.0976302653822685,199,91,42657,37927,3881,1731,2945,10103,11230,3229,0,0,77490,656,58,238,23,0,0,0,0,0,13450,7122,932,0,0,0,0,0
433,11461,434.364608423825,99969,314,155,23,6,6580,3271,0.09854054756974662,209,87,42540,37734,3887,1734,3026,10283,11463,3329,0,0,77135,701,65,242,24,0,0,0,0,0,13753,7095,954,0,0,0,0,0
434,11461,435.2543834243153,99969,336,159,23,6,6632,3289,0.09924076463703749,214,102,42419,37524,3888,1729,3119,10479,11698,3431,0,0,76785,736,71,243,25,0,0,0,0,0,14061,7072,976,0,0,0,0,0
435,11461,436.14630983916476,99969,341,165,23,6,6676,3316,0.09995098480528963,235,112,42287,37309,3906,1734,3207,10673,11934,3535,0,0,76431,782,76,248,28,0,0,0,0,0,14363,7035,1006,0,0,0,0,0
436,11461,437.04075559875184,99969,352,168,23,6,6733,3342,0.10078124218507738,224,114,42171,37097,3925,1741,3304,10873,12171,3641,0,0,76061,841,83,250,29,0,0,0,0,0,14667,7001,1037,0,0,0,0,0
437,11461,438.3865604304908,99969,354,172,23,6,6808,3382,0.10193159879562665,231,124,42022,36887,3974,1763,3395,11047,12409,3749,0,0,75638,937,91,255,29,0,0,0,0,0,14986,6977,1056,0,0,0,0,0
438,11461,439.28631889981375,99969,362,186,23,6,6866,3417,0.10286188718502735,227,118,41892,36670,4003,1773,3492,11246,12649,3859,0,0,75248,996,97,260,30,0,0,0,0,0,15311,6953,1074,0,0,0,0,0
439,11461,440.18871063298934,99968,366,190,24,6,6909,3442,0.1035431338028169,255,124,41754,36442,4014,1784,3586,11453,12890,3971,0,0,74868,1047,103,262,30,0,0,0,0,0,15633,6926,1099,0,0,0,0,0
440,11461,441.0938961463971,99967,378,187,25,6,6958,3464,0.1042544039533046,255,118,41632,36241,4022,1791,3687,11656,13132,4085,0,0,74500,1089,118,265,31,0,0,0,0,0,15943,6892,1129,0,0,0,0,0
441,11461,442.0016745731469,99967,370,186,25,6,6999,3491,0.10493462842738104,271,125,41500,36033,4044,1801,3789,11848,13374,4201,0,0,74106,1146,130,273,31,0,0,0,0,0,16268,6863,1150,0,0,0,0,0
442,11461,443.3681858697568,99966,384,192,26,6,7079,3531,0.10613608626933158,274,121,41349,35833,4075,1820,3891,12027,13617,4319,0,0,73694,1230,140,277,32,0,0,0,0,0,16585,6825,1183,0,0,0,0,0
443,11461,444.2817430335383,99965,383,203,26,7,7149,3567,0.10719751913169609,273,111,41198,35618,4119,1834,4000,12226,13861,4439,0,0,73275,1309,151,281,33,0,0,0,0,0,16913,6796,1207,0,0,0,0,0
444,11461,445.1986203046984,99965,379,201,26,7,7209,3596,0.10808783074075927,282,113,41047,35404,4162,1842,4103,12432,14106,4561,0,0,72874,1377,169,290,33,0,0,0,0,0,17228,6753,1241,0,0,0,0,0
445,11461,446.1187418585061,99965,395,187,26,7,7277,3611,0.10891812134246986,282,127,40889,35188,4189,1854,4218,12636,14351,4685,0,0,72471,1440,178,299,33,0,0,0,0,0,17559,6715,1270,0,0,0,0,0
446,11461,447.04234602938783,99965,401,200,26,7,7339,3641,0.10983844345520932,295,136,40722,34968,4220,1849,4335,12839,14597,4811,0,0,72073,1493,193,303,34,0,0,0,0,0,17889,6684,1296,0,0,0,0,0
447,11461,448.43384016473766,99965,417,204,26,7,7434,3687,0.1112489371279948,292,132,40561,34786,4267,1868,4436,13002,14844,4938,0,0,71620,1594,207,309,34,0,0,0,0,0,18227,6656,1318,0,0,0,0,0
448,11461,449.3645315910961,99964,413,207,27,7,7502,3709,0.1121503741346885,294,160,40403,34557,4310,1873,4552,13195,15091,5067,0,0,71200,1665,217,316,35,0,0,0,0,0,18564,6621,1346,0,0,0,0,0
449,11461,450.298761376365,99962,446,207,29,7,7585,3737,0.11326303995518297,280,168,40258,34339,4325,1879,4661,13399,15338,5198,0,0,70799,1715,235,320,37,0,0,0,0,0,18894,6587,1375,0,0,0,0,0
450,11461,451.23612390381805,99962,436,222,29,7,7642,3774,0.11420339729097057,305,159,40110,34128,4356,1884,4763,13599,15586,5331,0,0,70384,1780,246,331,39,0,0,0,0,0,19233,6545,1404,0,0,0,0,0
451,11461,452.1767291338803,99962,451,214,29,7,7708,3805,0.11517376603109182,319,154,39938,33913,4380,1908,4882,13803,15834,5466,0,0,69966,1851,259,333,41,1,0,0,0,0,19567,6507,1437,0,0,0,0,0
452,11461,453.12114602318997,99962,460,210,29,7,7781,3831,0.11616414237410216,311,164,39795,33691,4409,1916,4995,14011,16082,5603,0,0,69543,1911,285,337,44,1,0,0,0,0,19903,6481,1457,0,0,0,0,0
453,11461,454.0690661417763,99962,494,223,29,7,7871,3871,0.11746463656189352,300,160,39632,33487,4431,1921,5113,14201,16331,5742,0,0,69124,1968,304,342,46,1,0,0,0,0,20246,6450,1481,0,0,0,0,0
454,11461,455.02052005338686,99962,485,229,29,7,7938,3909,0.11851503571357115,314,165,39458,33275,4484,1926,5229,14397,16580,5882,0,0,68682,2047,329,344,48,1,0,0,0,0,20584,6422,1505,0,0,0,0,0
455,11461,456.4544447895301,99962,492,239,29,7,8038,3966,0.12008563254036533,321,170,39289,33077,4536,1941,5332,14565,16829,6024,0,0,68221,2145,356,355,52,1,0,0,0,0,20920,6383,1529,0,0,0,0,0
456,11461,457.41385210322596,99962,500,229,29,7,8114,4001,0.12119605450071028,318,163,39137,32877,4570,1964,5445,14759,17078,6168,0,0,67776,2217,387,363,53,1,0,0,0,0,21261,6355,1549,0,0,0,0,0
457,11461,458.37693166127366,99961,528,246,29,8,8199,4049,0.12252778583647622,307,145,38983,32676,4586,1977,5566,14947,17327,6314,0,0,67357,2278,404,367,57,1,0,0,0,0,21600,6313,1584,0,0,0,0,0
458,11461,459.34369174779374,99961,535,249,29,8,8272,4085,0.12361821110232991,314,153,38827,32454,4618,1990,5676,15145,17576,6461,0,0,66924,2343,426,377,58,1,0,0,0,0,21945,6275,1612,0,0,0,0,0
459,11461,460.31409247787167,99961,563,249,29,8,8357,4118,0.12479867148187793,309,149,38652,32255,4649,2000,5797,15338,17824,6610,0,0,66489,2407,447,380,60,1,0,0,0,0,22295,6246,1636,0,0,0,0,0
460,11461,461.2885284650194,99960,556,263,30,8,8431,4166,0.12602040816326532,321,130,38496,32057,4691,2012,5905,15529,18072,6761,0,0,66052,2477,481,385,62,1,0,0,0,0,22624,6208,1670,0,0,0,0,0
461,11461,462.26716454749965,99960,550,250,30,8,8516,4189,0.12710084033613445,313,160,38330,31839,4747,2020,6029,15722,18320,6913,0,0,65606,2553,518,394,66,1,0,0,0,0,22956,6169,1697,0,0,0,0,0
462,11461,463.2498859023119,99960,546,257,30,8,8599,4229,0.1283313325330132,324,162,38142,31624,4798,2025,6159,15923,18568,7067,0,0,65153,2630,550,402,69,1,0,0,0,0,23300,6135,1720,0,0,0,0,0
463,11461,464.2372361557723,99958,554,262,32,8,8681,4268,0.1295444086516337,338,161,37971,31419,4822,2040,6282,16109,18815,7223,0,0,64712,2695,580,407,73,1,0,0,0,0,23642,6101,1747,0,0,0,0,0
464,11461,465.2289306882084,99958,546,270,32,8,8768,4309,0.13082494647752055,343,153,37785,31237,4878,2054,6415,16277,19062,7380,0,0,64253,2776,615,416,75,1,0,0,0,0,23984,6066,1772,0,0,0,0,0
465,11461,466.2255023975097,99958,536,272,32,8,8841,4353,0.13199543808399528,349,155,37617,31030,4916,2073,6549,16461,19309,7539,0,0,63798,2854,649,425,78,1,0,0,0,0,24326,6028,1799,0,0,0,0,0
466,11461,467.22655301766326,99958,526,278,32,8,8924,4392,0.1332159506992937,350,155,37436,30827,4969,2088,6686,16643,19555,7699,0,0,63345,2928,680,439,80,1,0,0,0,0,24669,5987,1829,0,0,0,0,0
467,11461,468.2324061427205,99958,540,280,32,8,9022,4423,0.13450649272694531,338,168,37254,30633,5018,2094,6817,16816,19800,7861,0,0,62887,3004,703,444,85,1,0,0,0,0,25025,5956,1853,0,0,0,0,0
468,11461,469.2430473671972,99958,561,271,32,8,9110,4460,0.13575701794753797,323,185,37095,30423,5037,2116,6951,16996,20045,8024,0,0,62441,3078,738,446,86,2,0,0,0,0,25362,5919,1886,0,0,0,0,0
469,11461,470.25806043945477,99957,545,284,33,8,9189,4510,0.13704893104034735,320,177,36928,30219,5085,2138,7088,17173,20289,8189,0,0,61986,3153,774,457,90,2,0,0,0,0,25700,5878,1917,0,0,0,0,0
470,11461,471.2779954608326,99957,554,291,33,8,9271,4550,0.13826945586602238,324,180,36764,30013,5115,2154,7209,17353,20533,8355,0,0,61546,3209,806,467,96,2,0,0,0,0,26051,5841,1939,0,0,0,0,0
471,11461,472.3020597420748,99957,532,289,33,8,9351,4599,0.139560010804646,337,188,36575,29819,5176,2184,7346,17511,20776,8522,0,0,61073,3308,851,471,100,2,0,0,0,0,26379,5801,1972,0,0,0,0,0
472,11461,473.3313679645383,99956,536,301,33,9,9434,4646,0.14086197927087918,344,176,36404,29642,5204,2196,7478,17675,21018,8691,0,0,60639,3367,891,479,103,2,0,0,0,0,26710,5756,2009,0,0,0,0,0
473,11461,474.3655982926574,99954,549,309,34,10,9521,4692,0.14219540988854873,346,174,36233,29472,5229,2208,7608,17826,21259,8861,0,0,60187,3430,930,484,104,2,0,0,0,0,27056,5727,2034,0,0,0,0,0
474,11461,475.404427311437,99954,559,311,34,10,9611,4741,0.1435860495828081,348,160,36062,29296,5257,2231,7739,17991,21500,9032,0,0,59730,3509,973,482,110,2,0,0,0,0,27390,5695,2063,0,0,0,0,0
475,11461,476.44813876965503,99951,550,319,37,10,9693,4794,0.14494102110033916,358,144,35875,29117,5313,2252,7866,18157,21740,9204,0,0,59259,3589,1011,490,115,2,0,0,0,0,27739,5663,2083,0,0,0,0,0
476,11461,477.4969831167268,99949,549,295,39,10,9777,4831,0.14615453881479554,355,147,35701,28933,5349,2290,8006,18324,21979,9378,0,0,58798,3667,1062,496,121,2,0,0,0,0,28066,5625,2112,0,0,0,0,0
477,11461,478.0228655481184,99949,563,289,39,10,9829,4847,0.1468348857917538,339,159,35554,28721,5350,2295,8154,18525,22217,9553,0,0,58387,3694,1087,499,125,2,0,0,0,0,28424,5593,2138,0,0,0,0,0
478,11461,479.0817411480922,99947,554,284,40,11,9915,4888,0.14810849750367694,332,165,35384,28549,5396,2317,8293,18673,22454,9729,0,0,57930,3765,1136,511,129,2,0,0,0,0,28757,5552,2165,0,0,0,0,0
479,11461,480.14562128151215,99947,579,291,40,11,10015,4933,0.14955926641119793,334,149,35183,28385,5427,2332,8436,18831,22690,9906,0,0,57483,3827,1174,515,135,2,0,0,0,0,29101,5520,2190,0,0,0,0,0
480,11461,481.2151228104665,99947,575,284,40,11,10116,4966,0.15089997698780352,324,170,35005,28205,5487,2340,8568,18989,22925,10084,0,0,57036,3897,1235,517,144,2,0,0,0,0,29415,5481,2220,0,0,0,0,0
481,11461,482.2902328679614,99947,577,282,40,11,10204,5009,0.15221067165597768,347,170,34820,28054,5511,2359,8704,19123,23159,10263,0,0,56591,3964,1286,518,153,2,0,0,0,0,29740,5444,2249,0,0,0,0,0
482,11461,483.3711418533478,99946,565,272,40,12,10291,5048,0.15347287535269044,366,183,34626,27879,5558,2378,8844,19275,23392,10443,0,0,56125,4042,1324,531,160,2,0,0,0,0,30078,5405,2279,0,0,0,0,0
483,11461,484.45762432594745,99945,579,282,41,12,10388,5102,0.15498524188303567,368,179,34438,27717,5587,2384,8986,19425,23624,10624,0,0,55695,4093,1380,539,166,2,0,0,0,0,30396,5361,2313,0,0,0,0,0
484,11461,485.00239483725016,99945,575,288,41,12,10430,5125,0.15563559957976889,376,182,34257,27529,5600,2374,9150,19614,23854,10806,0,0,55285,4124,1405,541,169,2,0,0,0,0,30749,5325,2345,0,0,0,0,0
485,11461,486.10023119969463,99945,612,297,41,12,10554,5179,0.15741657911851517,329,168,34102,27370,5631,2392,9284,19760,24083,10989,0,0,54846,4195,1446,553,174,2,0,0,0,0,31073,5269,2387,0,0,0,0,0
486,11461,487.20346117156873,99944,582,295,42,12,10631,5229,0.1586888657648283,350,159,33925,27208,5689,2412,9411,19913,24311,11172,0,0,54387,4281,1500,556,184,2,0,0,0,0,31389,5224,2421,0,0,0,0,0
487,11461,488.31234868399036,99943,577,278,43,12,10719,5270,0.1599811892778884,377,171,33726,27047,5732,2440,9544,20051,24538,11356,0,0,53950,4332,1577,569,191,2,0,0,0,0,31695,5185,2442,0,0,0,0,0
488,11461,489.4277755351175,99942,599,274,43,13,10840,5317,0.16166376498369053,335,181,33578,26875,5767,2470,9677,20186,24764,11541,0,0,53498,4408,1627,578,200,2,0,0,0,0,32015,5140,2474,0,0,0,0,0
489,11461,490.5485175653625,99942,621,285,43,13,10964,5365,0.16338476316263434,322,187,33381,26732,5822,2477,9810,20305,24988,11726,0,0,53047,4488,1671,583,205,3,0,0,0,0,32339,5097,2509,0,0,0,0,0
490,11461,491.11049043331695,99942,613,277,43,13,11010,5384,0.16403514038142122,331,193,33221,26564,5830,2486,9961,20466,25211,11912,0,0,52647,4514,1714,582,215,3,0,0,0,0,32667,5063,2537,0,0,0,0,0
491,11461,492.24286818275635,99942,625,279,43,13,11106,5436,0.16551599927958216,341,181,33037,26410,5868,2505,10085,20611,25433,12099,0,0,52200,4582,1766,590,220,3,0,0,0,0,32993,5025,2563,0,0,0,0,0
492,11461,493.38118138924864,99941,643,276,43,14,11218,5481,0.16708858226353548,339,182,32861,26263,5911,2527,10202,20737,25653,12286,0,0,51763,4639,1828,597,230,3,0,0,0,0,33305,4990,2586,0,0,0,0,0
493,11461,494.52561264977794,99941,621,281,43,14,11312,5534,0.16855945007554457,347,170,32704,26115,5960,2552,10324,20867,25872,12474,0,0,51318,4708,1902,608,236,3,0,0,0,0,33603,4948,2615,0,0,0,0,0
494,11461,495.09919286467334,99940,606,281,44,14,11352,5561,0.16923153892335402,358,166,32538,25945,5971,2560,10482,21033,26090,12662,0,0,50913,4732,1945,614,240,3,0,0,0,0,33936,4917,2640,0,0,0,0,0
495,11461,496.2550910871625,99939,606,273,45,14,11450,5608,0.17068411731156005,339,165,32393,25809,6014,2593,10602,21145,26306,12851,0,0,50484,4791,2019,622,247,3,0,0,0,0,34227,4873,2673,0,0,0,0,0
496,11461,497.41695651724103,99939,638,263,45,14,11584,5639,0.1723351244258998,291,174,32233,25661,6051,2611,10741,21276,26521,13040,0,0,50060,4854,2078,626,258,3,0,0,0,0,34523,4826,2711,0,0,0,0,0
497,11461,498.58429898242736,99939,617,274,45,14,11668,5688,0.17366593622109486,298,175,32051,25535,6105,2613,10883,21388,26734,13229,0,0,49628,4919,2136,632,268,3,0,0,0,0,34830,4783,2740,0,0,0,0,0
498,11461,499.1696361902277,99939,605,278,45,14,11710,5717,0.1743763695854471,297,169,31893,25352,6112,2627,11047,21559,26946,13419,0,0,49233,4941,2178,633,276,3,0,0,0,0,35155,4753,2767,0,0,0,0,0
499,11461,500.34969852830534,99939,599,266,45,14,11796,5752,0.17558710813596293,298,168,31737,25229,6133,2646,11187,21676,27157,13609,0,0,48804,5006,2239,636,284,3,0,0,0,0,35456,4713,2798,0,0,0,0,0
500,11461,501.5358724706744,99939,575,274,45,14,11881,5807,0.17698796265722092,309,163,31580,25103,6185,2663,11305,21782,27366,13799,0,0,48357,5078,2300,647,290,3,0,0,0,0,35764,4678,2822,0,0,0,0,0
501,11461,502.1304102978673,99938,582,278,46,14,11938,5835,0.1778402609617963,303,151,31445,24959,6172,2662,11451,21935,27574,13989,0,0,47987,5085,2359,649,292,3,0,0,0,0,36065,4639,2859,0,0,0,0,0
502,11461,503.32811710952717,99938,590,279,46,14,12039,5884,0.17934119153875402,300,154,31272,24817,6205,2683,11586,22052,27780,14179,0,0,47582,5125,2437,661,300,3,0,0,0,0,36349,4596,2885,0,0,0,0,0
503,11461,504.53179197532546,99938,586,275,46,14,12122,5931,0.18064199803878406,292,150,31123,24706,6232,2707,11720,22147,27985,14370,0,0,47165,5172,2501,668,312,3,0,0,0,0,36647,4563,2907,0,0,0,0,0
504,11461,505.1351506418587,99937,575,269,47,14,12157,5953,0.18121416492390205,312,156,30956,24550,6239,2717,11870,22293,28188,14561,0,0,46789,5178,2558,671,315,4,0,0,0,0,36956,4536,2930,0,0,0,0,0
505,11461,506.3512104205858,99937,570,265,47,14,12249,6002,0.18262505378388386,315,155,30790,24463,6284,2736,11993,22366,28390,14752,0,0,46373,5229,2637,677,322,4,0,0,0,0,37239,4498,2958,0,0,0,0,0
506,11461,507.57406501632533,99937,580,269,47,14,12350,6048,0.18409598046769465,307,154,30637,24357,6321,2743,12107,22462,28590,14943,0,0,45962,5271,2702,684,332,5,0,0,0,0,37536,4469,2976,0,0,0,0,0
507,11461,508.1868871096764,99937,565,277,47,14,12398,6078,0.1848764721774718,315,142,30479,24216,6333,2736,12260,22614,28789,15134,0,0,45585,5289,2753,688,336,6,0,0,0,0,37839,4433,3008,0,0,0,0,0
508,11461,509.4221679866855,99937,571,278,47,14,12497,6128,0.1863674114692256,293,128,30351,24132,6358,2756,12379,22691,28986,15324,0,0,45183,5341,2821,690,348,6,0,0,0,0,38113,4394,3041,0,0,0,0,0
509,11461,510.04128669175446,99937,570,277,47,14,12550,6143,0.18704784013928774,280,132,30196,23996,6358,2752,12548,22828,29182,15514,0,0,44817,5346,2878,691,353,6,0,0,0,0,38415,4368,3063,0,0,0,0,0
510,11461,511.28857677977436,99936,538,261,48,14,12630,6184,0.18826048671149537,285,127,30048,23912,6402,2769,12678,22916,29376,15704,0,0,44411,5392,2972,705,360,7,0,0,0,0,38675,4329,3085,0,0,0,0,0
511,11461,512.542314123777,99935,542,243,49,14,12722,6219,0.18953319657777556,291,129,29898,23814,6420,2798,12799,23001,29569,15894,0,0,44008,5430,3052,710,369,7,0,0,0,0,38954,4303,3102,0,0,0,0,0
512,11461,513.1706939208682,99935,523,230,49,14,12759,6230,0.19001350878070747,295,133,29740,23690,6433,2797,12959,23135,29760,16084,0,0,43642,5441,3105,715,375,7,0,0,0,0,39251,4272,3127,0,0,0,0,0
513,11461,514.4377301125504,99935,504,227,49,14,12859,6272,0.19143443238104768,292,136,29597,23594,6485,2815,13072,23213,29950,16273,0,0,43228,5500,3184,723,384,8,0,0,0,0,39520,4240,3148,0,0,0,0,0
514,11461,515.0728616279822,99934,491,230,50,14,12889,6293,0.1919466848119759,302,139,29462,23470,6459,2807,13235,23339,30138,16462,0,0,42904,5481,3258,722,388,9,0,0,0,0,39787,4207,3178,0,0,0,0,0
515,11461,516.3528013165547,99934,489,237,50,14,12980,6348,0.19340764904837193,294,130,29345,23377,6483,2831,13338,23410,30324,16651,0,0,42518,5518,3343,728,396,9,0,0,0,0,40047,4174,3201,0,0,0,0,0
516,11461,517.6379913383649,99934,474,237,50,14,13064,6397,0.19473852742810255,287,112,29214,23307,6524,2851,13450,23478,30509,16839,0,0,42133,5555,3432,732,405,9,0,0,0,0,40298,4144,3226,0,0,0,0,0
517,11461,518.2819729931335,99934,487,245,50,14,13123,6423,0.1955890887986071,270,104,29066,23189,6529,2845,13597,23602,30692,17027,0,0,41796,5563,3477,736,410,9,0,0,0,0,40580,4098,3265,0,0,0,0,0
518,11461,519.5795812169146,99934,457,240,50,14,13198,6468,0.1967898813216723,279,95,28953,23116,6566,2857,13694,23677,30874,17215,0,0,41417,5598,3573,748,416,9,0,0,0,0,40822,4060,3291,0,0,0,0,0
519,11461,520.2293719098175,99934,453,239,50,14,13240,6486,0.1973902775832049,276,101,28820,23001,6564,2850,13836,23794,31054,17402,0,0,41081,5587,3630,747,426,10,0,0,0,0,41105,4040,3308,0,0,0,0,0
520,11461,521.5388298463406,99934,473,243,50,14,13332,6519,0.19864110312806452,254,107,28713,22925,6568,2846,13941,23864,31233,17589,0,0,40720,5599,3694,754,436,10,0,0,0,0,41383,4015,3323,0,0,0,0,0
521,11461,522.1944590925724,99934,472,226,50,14,13369,6527,0.199091400324214,249,117,28586,22811,6551,2844,14091,23987,31410,17775,0,0,40406,5584,3759,750,448,11,0,0,0,0,41643,3986,3347,0,0,0,0,0
522,11461,523.5148096639629,99934,458,229,50,14,13440,6573,0.20026217303420257,248,120,28481,22741,6567,2850,14195,24045,31586,17961,0,0,40045,5623,3834,753,454,12,0,0,0,0,41886,3944,3383,0,0,0,0,0
523,11461,524.1760233290837,99934,462,219,50,14,13488,6586,0.20087257590009405,242,124,28345,22624,6567,2848,14333,24170,31760,18146,0,0,39706,5629,3888,753,459,12,0,0,0,0,42163,3918,3406,0,0,0,0,0
524,11461,525.507676844259,99934,447,216,50,14,13559,6628,0.20200332219264713,245,115,28248,22548,6596,2866,14413,24240,31933,18330,0,0,39335,5669,3952,759,469,12,0,0,0,0,42419,3886,3433,0,0,0,0,0
525,11461,526.1744828556809,99934,440,224,50,14,13599,6656,0.20268377128905077,241,96,28127,22461,6588,2862,14553,24342,32104,18514,0,0,39016,5674,4009,753,480,12,0,0,0,0,42676,3851,3463,0,0,0,0,0
526,11461,527.5171940420245,99934,434,230,50,14,13687,6694,0.20394460343826926,240,81,28016,22431,6602,2857,14657,24386,32274,18697,0,0,38665,5700,4090,750,492,12,0,0,0,0,42913,3823,3489,0,0,0,0,0
527,11461,528.1894793055551,99934,452,234,50,14,13741,6714,0.20468509216082614,220,84,27907,22329,6588,2851,14782,24487,32442,18879,0,0,38356,5684,4147,754,497,12,0,0,0,0,43179,3794,3511,0,0,0,0,0
528,11461,529.5432692790165,99934,434,209,50,14,13816,6743,0.20572577901414935,233,82,27779,22288,6630,2871,14873,24535,32609,19061,0,0,37998,5712,4243,761,507,12,0,0,0,0,43408,3767,3526,0,0,0,0,0
529,11461,530.2212752701707,99934,439,201,50,14,13859,6754,0.2062661356495287,212,94,27661,22176,6617,2870,15020,24644,32774,19242,0,0,37694,5706,4298,755,517,12,0,0,0,0,43659,3737,3556,0,0,0,0,0
530,11461,531.5872470098503,99934,432,181,50,14,13938,6787,0.2073868753377229,206,90,27567,22145,6635,2898,15109,24671,32938,19422,0,0,37347,5728,4387,760,530,12,0,0,0,0,43886,3712,3572,0,0,0,0,0
531,11461,532.2710149848447,99934,431,175,50,14,13975,6800,0.20788720555566673,204,91,27456,22060,6612,2887,15246,24772,33100,19601,0,0,37056,5720,4447,752,542,12,0,0,0,0,44124,3678,3603,0,0,0,0,0
532,11461,533.6478463571398,99934,389,171,50,14,14038,6838,0.2088978725959133,200,85,27382,22010,6637,2895,15341,24824,33261,19780,0,0,36706,5753,4530,755,556,14,0,0,0,0,44349,3651,3620,0,0,0,0,0
533,11461,534.336930860354,99934,388,158,50,14,14083,6847,0.20943822923129266,183,89,27284,21924,6621,2900,15473,24914,33420,19958,0,0,36409,5741,4593,751,570,14,0,0,0,0,44589,3626,3641,0,0,0,0,0
534,11461,535.028998860837,99934,376,166,50,14,14113,6870,0.20996857926231313,182,81,27172,21822,6619,2896,15600,25020,33578,20135,0,0,36105,5741,4643,749,578,14,0,0,0,0,44842,3597,3665,0,0,0,0,0
535,11461,536.4213892019679,99933,369,153,51,14,14187,6895,0.21096134410054737,164,78,27112,21799,6626,2906,15677,25049,33734,20311,0,0,35798,5740,4730,759,589,15,0,0,0,0,45054,3561,3687,0,0,0,0,0
536,11461,537.1178646084662,99932,360,157,52,14,14216,6910,0.2114037545530961,168,80,26999,21712,6610,2895,15810,25141,33889,20486,0,0,35513,5715,4785,763,596,15,0,0,0,0,45301,3536,3708,0,0,0,0,0
537,11461,538.5196918120718,99932,337,152,52,14,14269,6936,0.2121942921186407,171,73,26921,21705,6619,2902,15899,25153,34042,20660,0,0,35187,5733,4857,768,602,15,0,0,0,0,45532,3511,3727,0,0,0,0,0
538,11461,539.2214103493873,99932,344,149,52,14,14308,6947,0.212694632349998,153,83,26823,21613,6601,2897,16026,25243,34194,20833,0,0,34916,5712,4916,767,608,15,0,0,0,0,45762,3479,3757,0,0,0,0,0
539,11461,540.6332776783443,99932,325,151,52,14,14355,6977,0.2134651563062883,146,87,26758,21606,6602,2891,16116,25250,34344,21005,0,0,34632,5703,4997,769,621,15,0,0,0,0,45968,3447,3780,0,0,0,0,0
540,11461,541.3395838301406,99932,308,146,52,14,14377,6993,0.21384541488211983,158,81,26650,21534,6595,2885,16236,25339,34493,21176,0,0,34354,5682,5061,769,632,15,0,0,0,0,46197,3426,3796,0,0,0,0,0
541,11461,542.0487267111322,99930,305,154,54,14,14406,7011,0.21432002401681177,154,70,26541,21464,6577,2871,16368,25426,34640,21346,0,0,34081,5659,5116,766,639,16,0,0,0,0,46433,3407,3813,0,0,0,0,0
542,11461,543.475907734842,99929,315,142,54,15,14467,7035,0.2151727726685947,140,69,26484,21470,6572,2876,16434,25427,34786,21515,0,0,33799,5655,5195,766,645,17,0,0,0,0,46636,3378,3838,0,0,0,0,0
543,11461,544.1897918418853,99928,317,140,55,15,14502,7047,0.21564526459050518,124,70,26394,21397,6550,2869,16559,25508,34931,21683,0,0,33534,5632,5255,761,657,17,0,0,0,0,46862,3356,3854,0,0,0,0,0
544,11461,545.6256721416437,99928,309,144,55,15,14547,7076,0.21638579777439756,132,70,26330,21383,6539,2864,16634,25523,35074,21850,0,0,33241,5627,5319,766,664,17,0,0,0,0,47089,3339,3866,0,0,0,0,0
545,11461,546.3437934084252,99928,308,144,55,15,14571,7092,0.21678608598190696,128,67,26255,21313,6508,2855,16745,25605,35216,22016,0,0,32990,5594,5384,765,672,17,0,0,0,0,47306,3316,3884,0,0,0,0,0
546,11461,547.0647459085873,99928,300,148,55,15,14597,7103,0.21715635257385318,134,67,26146,21245,6493,2836,16871,25688,35356,22181,0,0,32725,5579,5436,763,676,17,0,0,0,0,47533,3292,3907,0,0,0,0,0
547,11461,548.5138930513372,99927,274,144,56,15,14641,7124,0.2178090005704164,131,63,26110,21262,6490,2826,16938,25689,35495,22345,0,0,32448,5580,5512,761,689,17,0,0,0,0,47726,3266,3928,0,0,0,0,0
548,11461,549.2390298607759,99927,260,138,56,15,14663,7132,0.2181092197304032,128,63,26028,21218,6485,2813,17042,25752,35633,22508,0,0,32191,5564,5576,760,692,17,0,0,0,0,47935,3239,3953,0,0,0,0,0
549,11461,550.6961429263945,99925,261,143,58,15,14714,7162,0.21892419314485864,112,53,25968,21216,6484,2812,17116,25760,35769,22670,0,0,31904,5565,5627,764,701,17,0,0,0,0,48160,3221,3966,0,0,0,0,0
550,11461,551.4244462639798,99925,248,142,58,15,14729,7171,0.21916437327995997,122,49,25881,21167,6458,2794,17232,25832,35904,22831,0,0,31666,5531,5692,766,704,17,0,0,0,0,48365,3195,3989,0,0,0,0,0
551,11461,552.1560073725077,99925,246,137,58,15,14752,7183,0.21951463597698273,117,48,25797,21110,6443,2793,17338,25896,36038,22991,0,0,31409,5515,5737,767,709,18,0,0,0,0,48587,3174,4009,0,0,0,0,0
552,11461,553.6266252742929,99925,244,126,58,15,14797,7204,0.22017513134851138,101,44,25768,21103,6425,2799,17403,25912,36170,23150,0,0,31150,5510,5808,766,718,18,0,0,0,0,48775,3148,4032,0,0,0,0,0
553,11461,554.3616113275,99925,226,119,58,15,14809,7212,0.22037528146109583,105,46,25673,21059,6413,2794,17524,25966,36301,23308,0,0,30904,5488,5871,767,721,18,0,0,0,0,48980,3126,4050,0,0,0,0,0
554,11461,555.0991652185744,99925,217,121,58,15,14822,7224,0.22062546910182637,113,41,25580,21006,6392,2784,17639,26032,36431,23464,0,0,30655,5466,5916,769,724,19,0,0,0,0,49203,3110,4063,0,0,0,0,0
555,11461,556.5827384127981,99925,203,112,58,15,14856,7242,0.2211458593945459,101,40,25548,21023,6384,2784,17705,26025,36559,23619,0,0,30390,5468,5981,768,730,19,0,0,0,0,49398,3091,4080,0,0,0,0,0
556,11461,557.3246075581635,99925,188,105,58,15,14868,7248,0.2213259944958719,107,43,25463,20988,6369,2771,17814,26077,36686,23773,0,0,30166,5439,6038,767,738,20,0,0,0,0,49591,3064,4102,0,0,0,0,0
557,11461,558.0689202521968,99925,202,106,58,15,14894,7259,0.2216962722041531,93,39,25403,20948,6339,2767,17904,26124,36812,23926,0,0,29936,5414,6082,763,744,20,0,0,0,0,49801,3044,4121,0,0,0,0,0
558,11461,559.564480112357,99925,191,99,58,15,14927,7275,0.222186639979985,89,35,25368,20967,6324,2769,17969,26114,36937,24078,0,0,29693,5396,6148,766,752,20,0,0,0,0,49988,3025,4137,0,0,0,0,0
559,11461,560.3117438035966,99925,190,97,58,15,14943,7283,0.22242682011508633,84,35,25311,20916,6291,2766,18065,26170,37060,24229,0,0,29463,5379,6189,762,758,20,0,0,0,0,50193,3002,4159,0,0,0,0,0
560,11461,561.0615936853121,99925,178,97,58,15,14956,7293,0.2226569927445584,87,29,25240,20864,6270,2758,18166,26236,37182,24379,0,0,29231,5359,6234,757,765,22,0,0,0,0,50397,2986,4174,0,0,0,0,0
561,11461,562.5669932777548,99925,170,87,58,15,14989,7305,0.2231073304978734,77,34,25216,20916,6253,2751,18225,26196,37303,24527,0,0,28994,5349,6299,754,773,22,0,0,0,0,50576,2967,4191,0,0,0,0,0
562,11461,563.3193097744032,99925,157,82,58,15,14997,7310,0.2232374280710533,81,37,25139,20877,6240,2744,18324,26244,37423,24674,0,0,28769,5323,6347,752,780,22,0,0,0,0,50776,2952,4204,0,0,0,0,0
563,11461,564.073993687212,99924,144,82,59,15,15007,7318,0.22341979904727594,79,34,25079,20841,6221,2736,18417,26291,37541,24820,0,0,28544,5304,6391,749,786,22,0,0,0,0,50973,2935,4220,0,0,0,0,0
564,11461,565.5901064699585,99923,145,81,60,15,15037,7328,0.22382234320426728,64,31,25100,20870,6184,2726,18446,26276,37658,24965,0,0,28322,5291,6438,746,792,22,0,0,0,0,51158,2911,4243,0,0,0,0,0
565,11461,566.3470955329578,99923,137,77,60,15,15045,7333,0.2239524433814037,65,36,25039,20829,6152,2716,18546,26326,37774,25109,0,0,28109,5264,6484,739,804,22,0,0,0,0,51351,2898,4252,0,0,0,0,0
566,11461,567.1055832043571,99923,140,75,60,15,15064,7340,0.22421264373567648,56,35,24980,20794,6121,2709,18642,26371,37889,25252,0,0,27902,5232,6538,734,811,22,0,0,0,0,51535,2884,4265,0,0,0,0,0
567,11461,568.6282313832687,99923,129,67,60,15,15086,7353,0.2245629134433514,59,35,24984,20844,6086,2708,18681,26330,38003,25393,0,0,27673,5221,6594,735,816,22,0,0,0,0,51716,2868,4278,0,0,0,0,0
568,11461,569.388931099435,99923,137,66,60,15,15105,7361,0.22483312150355775,47,30,24932,20804,6058,2704,18765,26380,38115,25533,0,0,27465,5194,6632,735,821,22,0,0,0,0,51909,2851,4294,0,0,0,0,0
569,11461,570.1511578190775,99923,135,69,60,15,15116,7372,0.22505329103409624,49,21,24867,20791,6037,2686,18851,26417,38226,25672,0,0,27265,5169,6675,731,827,22,0,0,0,0,52090,2830,4314,0,0,0,0,0
570,11461,571.6808894757665,99923,129,65,60,15,15126,7378,0.22521341432903336,50,19,24826,20767,6003,2678,18931,26455,38336,25810,0,0,27066,5144,6724,730,829,22,0,0,0,0,52264,2808,4336,0,0,0,0,0
571,11461,572.0204398874091,99922,129,62,61,15,15133,7380,0.2253057384760113,45,19,24747,20739,5981,2670,19036,26494,38445,25947,0,0,26859,5121,6755,727,834,22,0,0,0,0,52461,2794,4349,0,0,0,0,0
572,11461,573.17795178382,99922,126,62,61,15,15144,7387,0.22548587898560876,41,15,24693,20717,5959,2662,19119,26528,38553,26082,0,0,26657,5094,6797,726,837,23,0,0,0,0,52645,2782,4361,0,0,0,0,0
573,11461,574.018835660779,99921,122,57,61,16,15156,7392,0.22565827003332634,49,16,24661,20711,5927,2645,19179,26554,38660,26216,0,0,26462,5069,6843,721,845,24,0,0,0,0,52818,2767,4372,0,0,0,0,0
574,11461,575.1555017551406,99921,124,52,61,16,15168,7397,0.22582840443950722,51,16,24628,20709,5896,2635,19239,26571,38766,26349,0,0,26274,5036,6893,715,853,24,0,0,0,0,52988,2755,4383,0,0,0,0,0
575,11461,576.3848770535499,99921,112,43,61,16,15188,7406,0.2261186337206393,52,20,24640,20789,5871,2631,19263,26500,38871,26481,0,0,26072,5013,6951,721,856,24,0,0,0,0,53150,2736,4398,0,0,0,0,0
576,11461,577.1559240431283,99921,113,41,61,16,15189,7407,0.22613864953313118,51,19,24547,20707,5838,2625,19389,26591,38975,26612,0,0,25898,4979,6988,715,861,25,0,0,0,0,53321,2716,4418,0,0,0,0,0
577,11461,578.2543529304128,99921,98,38,61,16,15207,7416,0.2264088630017714,50,18,24578,20755,5807,2612,19405,26560,39077,26742,0,0,25706,4960,7040,713,871,25,0,0,0,0,53476,2697,4433,0,0,0,0,0
578,11461,579.0281319210466,99921,100,38,61,16,15210,7417,0.22644889462675513,47,16,24485,20685,5779,2602,19527,26642,39178,26870,0,0,25536,4927,7075,707,877,25,0,0,0,0,53644,2677,4453,0,0,0,0,0
579,11461,580.3642439423387,99921,98,37,61,16,15226,7422,0.22665906065791977,48,16,24486,20745,5754,2585,19552,26600,39278,26997,0,0,25340,4908,7109,709,881,25,0,0,0,0,53822,2663,4464,0,0,0,0,0
580,11461,581.1824641307416,99920,102,36,62,16,15238,7424,0.22680144115292233,45,21,24454,20757,5715,2568,19621,26601,39377,27123,0,0,25172,4877,7149,705,886,25,0,0,0,0,53980,2641,4485,0,0,0,0,0
581,11461,582.5123515496933,99920,100,37,62,16,15247,7430,0.2269515612489992,45,18,24398,20735,5698,2557,19696,26636,39475,27248,0,0,24984,4856,7180,703,894,25,0,0,0,0,54158,2629,4491,0,0,0,0,0
582,11461,583.086986366153,99920,107,36,62,16,15257,7433,0.22708166533226581,37,16,24359,20693,5659,2545,19775,26693,39572,27372,0,0,24812,4825,7213,701,899,25,0,0,0,0,54326,2613,4506,0,0,0,0,0
583,11461,584.2946819805426,99920,91,30,62,16,15270,7436,0.2272417934347478,36,17,24357,20749,5644,2537,19809,26650,39668,27495,0,0,24627,4806,7260,702,905,25,0,0,0,0,54480,2597,4518,0,0,0,0,0
584,11461,585.0275969314583,99920,89,34,62,16,15273,7442,0.22733186549239393,40,18,24308,20726,5611,2524,19889,26681,39763,27616,0,0,24460,4775,7295,699,910,25,0,0,0,0,54642,2582,4532,0,0,0,0,0
585,11461,586.0093330352455,99920,85,33,62,16,15280,7449,0.22747197758206567,44,15,24297,20733,5574,2515,19937,26687,39857,27736,0,0,24296,4744,7340,694,918,26,0,0,0,0,54791,2569,4542,0,0,0,0,0
586,11461,587.3800046805648,99920,80,27,62,16,15302,7452,0.22772217774219375,34,18,24308,20789,5556,2499,19959,26650,39950,27855,0,0,24119,4731,7376,696,924,26,0,0,0,0,54942,2543,4563,0,0,0,0,0
587,11461,588.1564130875267,99920,78,28,62,16,15307,7454,0.22779223378702962,31,19,24273,20767,5531,2486,20024,26683,40042,27973,0,0,23948,4709,7405,693,928,26,0,0,0,0,55106,2529,4576,0,0,0,0,0
588,11461,589.2351556648732,99920,76,26,62,16,15314,7459,0.22791232986389112,32,20,24276,20783,5492,2480,20061,26674,40133,28090,0,0,23785,4678,7447,692,931,27,0,0,0,0,55256,2517,4587,0,0,0,0,0
589,11461,590.1576510380326,99920,74,22,62,16,15324,7462,0.22804243394715773,34,22,24322,20851,5458,2468,20049,26620,40223,28206,0,0,23606,4665,7477,689,935,27,0,0,0,0,55417,2506,4598,0,0,0,0,0
590,11461,591.5852727437252,99920,73,21,62,16,15334,7467,0.22819255404323457,33,22,24340,20902,5417,2451,20074,26587,40313,28321,0,0,23445,4646,7510,685,941,27,0,0,0,0,55563,2485,4618,0,0,0,0,0
591,11461,592.0677947659918,99920,74,19,62,16,15341,7469,0.2282826261008807,27,22,24321,20892,5384,2441,20131,26609,40402,28434,0,0,23283,4625,7538,679,949,27,0,0,0,0,55717,2472,4630,0,0,0,0,0
592,11461,593.0023410355801,99920,75,20,62,16,15345,7472,0.22835268214571658,27,20,24253,20842,5367,2433,20215,26668,40490,28546,0,0,23122,4601,7567,677,951,27,0,0,0,0,55873,2459,4643,0,0,0,0,0
593,11461,594.4097332573663,99920,60,18,62,16,15354,7475,0.22847277822257805,28,23,24282,20904,5344,2425,20223,26613,40577,28657,0,0,22949,4589,7597,678,957,27,0,0,0,0,56024,2445,4654,0,0,0,0,0
594,11461,595.5349498295022,99920,54,23,62,16,15364,7482,0.22864291433146516,24,20,24318,20967,5316,2408,20225,26565,40663,28767,0,0,22787,4570,7628,675,964,27,0,0,0,0,56172,2433,4664,0,0,0,0,0
595,11461,596.3179469206243,99920,54,24,62,16,15364,7483,0.2286529223378703,24,19,24225,20894,5301,2402,20333,26644,40748,28876,0,0,22631,4543,7655,672,967,27,0,0,0,0,56328,2425,4672,0,0,0,0,0
596,11461,597.1242553130666,99920,56,26,62,16,15371,7486,0.22875300240192153,25,16,24220,20911,5268,2394,20368,26636,40832,28984,0,0,22481,4519,7683,670,969,28,0,0,0,0,56473,2410,4687,0,0,0,0,0
597,11461,598.3373247565373,99920,52,24,62,16,15376,7488,0.2288230584467574,23,16,24201,20912,5239,2385,20422,26646,40915,29091,0,0,22332,4492,7723,666,973,28,0,0,0,0,56609,2400,4697,0,0,0,0,0
598,11461,599.0694726971594,99920,56,26,62,16,15384,7492,0.2289431545236189,19,14,24204,20918,5205,2375,20453,26650,40997,29197,0,0,22188,4464,7753,664,976,29,0,0,0,0,56749,2387,4710,0,0,0,0,0
599,11461,600.4055367884051,99920,51,26,62,16,15388,7497,0.22903322658126501,19,11,24230,20963,5177,2364,20460,26619,41078,29302,0,0,22035,4443,7783,662,981,29,0,0,0,0,56891,2377,4719,0,0,0,0,0
600,11461,601.7102970379897,99920,41,17,62,16,15392,7498,0.22908326661329062,29,16,24297,21101,5144,2352,20426,26497,41159,29406,0,0,21885,4423,7825,659,986,29,0,0,0,0,57019,2365,4729,0,0,0,0,0
601,11461,602.4942260358733,99920,41,18,62,16,15393,7499,0.22910328262610088,28,15,24212,21046,5131,2335,20525,26569,41239,29509,0,0,21746,4397,7852,654,991,29,0,0,0,0,57157,2352,4742,0,0,0,0,0
602,11461,603.2575170517197,99920,38,19,62,16,15397,7502,0.22917333867093675,26,12,24188,21040,5107,2324,20578,26588,41318,29611,0,0,21599,4376,7882,651,994,29,0,0,0,0,57295,2342,4752,0,0,0,0,0
603,11461,604.1171429605998,99920,42,22,62,16,15404,7506,0.22928342674139313,19,10,24170,21058,5080,2316,20626,26577,41396,29712,0,0,21451,4361,7900,650,996,29,0,0,0,0,57440,2327,4766,0,0,0,0,0
604,11461,605.1105974638162,99920,38,21,62,16,15409,7509,0.2293634907926341,23,8,24194,21143,5054,2302,20628,26509,41473,29812,0,0,21313,4340,7928,647,1003,29,0,0,0,0,57569,2312,4779,0,0,0,0,0
605,11461,606.2762322761774,99920,38,18,62,16,15416,7510,0.2294435548438751,18,11,24178,21149,5029,2292,20674,26513,41550,29910,0,0,21174,4312,7965,648,1003,29,0,0,0,0,57698,2303,4788,0,0,0,0,0
606,11461,607.0599605627895,99920,39,17,62,16,15420,7511,0.2294935948759007,15,12,24161,21151,5006,2276,20716,26527,41626,30007,0,0,21036,4291,7989,646,1007,29,0,0,0,0,57833,2291,4798,0,0,0,0,0
607,11461,608.0101834907938,99920,37,17,62,16,15423,7514,0.22955364291433147,13,10,24170,21182,4976,2270,20741,26504,41701,30103,0,0,20901,4271,8011,645,1011,29,0,0,0,0,57963,2276,4813,0,0,0,0,0
608,11461,609.1171285348007,99920,32,12,62,16,15426,7517,0.2296136909527622,16,10,24190,21243,4947,2262,20752,26456,41775,30198,0,0,20764,4246,8045,646,1014,29,0,0,0,0,58088,2268,4820,0,0,0,0,0
609,11461,610.1673638028639,99920,30,10,62,16,15432,7517,0.22967373899119295,14,11,24224,21283,4915,2248,20754,26431,41848,30292,0,0,20632,4228,8069,644,1018,29,0,0,0,0,58212,2253,4835,0,0,0,0,0
610,11461,611.2206844969762,99920,34,14,62,16,15439,7522,0.22979383506805445,7,7,24191,21293,4894,2242,20811,26427,41921,30386,0,0,20501,4209,8092,638,1024,29,0,0,0,0,58339,2242,4846,0,0,0,0,0
611,11461,612.0945874062121,99920,34,17,62,16,15443,7526,0.22987389911929543,6,3,24188,21318,4867,2227,20842,26418,41993,30479,0,0,20371,4185,8119,634,1029,29,0,0,0,0,58465,2235,4853,0,0,0,0,0
612,11461,613.455256212944,99920,28,18,62,16,15444,7529,0.22991393114491593,13,3,24249,21391,4834,2217,20813,26354,42064,30571,0,0,20243,4164,8145,631,1034,29,0,0,0,0,58586,2224,4864,0,0,0,0,0
613,11461,614.0131597378124,99920,25,16,62,16,15444,7529,0.22991393114491593,15,4,24217,21380,4816,2205,20864,26378,42134,30662,0,0,20116,4148,8165,630,1034,30,0,0,0,0,58709,2207,4881,0,0,0,0,0
614,11461,615.1309474281816,99920,22,11,62,16,15448,7530,0.22996397117694156,13,3,24257,21456,4784,2199,20861,26314,42204,30752,0,0,19988,4135,8190,625,1039,31,0,0,0,0,58825,2194,4893,0,0,0,0,0
615,11461,616.7601617594023,99920,22,12,62,16,15450,7531,0.22999399519615693,12,3,24302,21535,4752,2178,20849,26255,42273,30841,0,0,19861,4116,8211,622,1042,31,0,0,0,0,58950,2185,4902,0,0,0,0,0
616,11461,617.1699795099086,99920,21,11,62,16,15450,7531,0.22999399519615693,12,3,24246,21485,4733,2174,20925,26310,42341,30929,0,0,19736,4097,8230,618,1047,31,0,0,0,0,59074,2177,4910,0,0,0,0,0
617,11461,618.34560999678,99920,23,13,62,16,15455,7533,0.2300640512409928,9,2,24277,21529,4694,2152,20934,26287,42409,31016,0,0,19631,4071,8258,611,1055,31,0,0,0,0,59177,2160,4926,0,0,0,0,0
618,11461,619.2432570255404,99920,19,12,62,16,15457,7533,0.23008406725380304,8,3,24280,21561,4672,2138,20958,26269,42476,31102,0,0,19514,4053,8281,609,1058,31,0,0,0,0,59288,2144,4942,0,0,0,0,0
619,11461,620.1448649227322,99920,16,14,62,16,15457,7535,0.2301040832666133,8,1,24279,21592,4652,2125,20982,26251,42542,31187,0,0,19397,4032,8305,608,1059,31,0,0,0,0,59402,2132,4954,0,0,0,0,0
620,11461,621.2636525005008,99920,16,12,62,16,15461,7535,0.23014411529223378,6,4,24286,21626,4627,2112,21002,26229,42608,31271,0,0,19278,4011,8330,607,1061,31,0,0,0,0,59516,2123,4963,0,0,0,0,0
621,11461,622.1337249828742,99920,17,13,62,16,15463,7537,0.23018414731785428,5,2,24280,21640,4598,2104,21037,26224,42673,31354,0,0,19160,3993,8350,601,1067,31,0,0,0,0,59632,2117,4969,0,0,0,0,0
622,11461,623.1462763659407,99920,15,12,62,16,15464,7538,0.23020416333066454,5,1,24287,21679,4581,2094,21049,26197,42737,31436,0,0,19042,3979,8366,599,1071,32,0,0,0,0,59748,2106,4977,0,0,0,0,0
623,11461,624.1183823281654,99920,13,11,62,16,15465,7538,0.23021417133706965,5,1,24328,21732,4556,2080,21035,26159,42801,31517,0,0,18927,3962,8385,595,1076,32,0,0,0,0,59860,2097,4986,0,0,0,0,0
624,11461,625.2277645913916,99920,11,10,62,16,15465,7538,0.23021417133706965,7,5,24357,21791,4525,2065,21037,26112,42864,31598,0,0,18817,3945,8405,591,1080,32,0,0,0,0,59967,2084,4999,0,0,0,0,0
625,11461,626.0062817288676,99920,9,9,62,16,15465,7540,0.2302341873498799,8,3,24350,21789,4497,2063,21073,26119,42926,31678,0,0,18710,3925,8430,587,1084,32,0,0,0,0,60069,2073,5010,0,0,0,0,0
626,11461,627.5718679045075,99920,10,8,62,16,15467,7541,0.23026421136909528,7,2,24419,21905,4461,2045,21040,26023,42988,31757,0,0,18596,3910,8448,582,1089,32,0,0,0,0,60180,2066,5017,0,0,0,0,0
627,11461,628.0408332529138,99920,8,7,62,16,15467,7541,0.23026421136909528,8,2,24426,21938,4441,2036,21054,26000,43049,31835,0,0,18486,3897,8462,578,1094,32,0,0,0,0,60288,2054,5029,0,0,0,0,0
628,11461,629.3081359344051,99920,8,6,62,16,15469,7541,0.23028422738190552,7,2,24430,21971,4419,2028,21073,25976,43109,31912,0,0,18378,3875,8485,577,1096,32,0,0,0,0,60394,2048,5035,0,0,0,0,0
629,11461,630.3944820988986,99920,12,11,62,16,15474,7546,0.23038430744595675,30,23,24487,22020,4379,2015,21029,25914,43169,31988,0,0,18280,3851,8510,576,1097,32,0,0,0,0,60491,2035,5048,0,0,0,0,0
630,11461,631.0395838756351,99920,13,11,62,16,15476,7548,0.23042433947157726,29,22,24448,21998,4362,2009,21085,25943,43228,32064,0,0,18179,3829,8532,572,1101,32,1,0,0,2,60589,2026,5057,0,0,0,0,0
631,11461,632.168998524197,99920,13,13,62,16,15481,7553,0.2305244195356285,24,17,24485,22046,4336,2001,21079,25906,43287,32139,0,0,18079,3807,8551,567,1109,32,3,0,0,5,60684,2017,5066,0,0,0,0,0
632,11461,633.1091078429328,99920,19,15,62,16,15488,7557,0.23063450760608487,20,16,24487,22068,4314,1995,21097,25889,43345,32213,0,0,17979,3788,8570,563,1114,32,3,0,0,7,60782,2008,5074,0,0,0,0,0
633,11461,634.1007243509341,99920,20,16,62,16,15493,7560,0.23071457165732587,18,14,24518,22119,4290,1989,21091,25845,43402,32286,0,0,17876,3771,8587,560,1118,32,4,0,0,11,60880,2000,5081,0,0,0,0,0
634,11461,635.1143558253739,99920,20,15,62,16,15497,7562,0.2307746196957566,18,16,24550,22169,4267,1979,21082,25804,43459,32358,0,0,17775,3754,8602,558,1121,33,4,0,0,15,60977,1991,5090,0,0,0,0,0
635,11461,636.0961969024755,99920,19,16,62,16,15498,7565,0.2308146517213771,23,14,24569,22197,4242,1966,21084,25790,43515,32430,0,0,17678,3737,8619,557,1123,33,3,0,0,19,61071,1979,5101,0,0,0,0,0
636,11461,637.0179024435575,99920,24,19,62,16,15505,7570,0.23093474779823858,24,16,24585,22225,4217,1955,21087,25768,43571,32501,0,0,17575,3725,8629,552,1130,33,3,0,0,21,61172,1972,5108,0,0,0,0,0
637,11461,638.2094283551838,99920,23,16,62,16,15510,7572,0.23100480384307445,27,16,24617,22293,4200,1945,21070,25713,43626,32571,0,0,17473,3712,8642,551,1131,33,6,0,0,29,61263,1960,5120,0,0,0,0,0
638,11461,639.3801380823338,99920,32,17,62,16,15519,7575,0.23112489991993596,27,17,24676,22368,4170,1933,21032,25648,43681,32640,0,0,17373,3698,8656,548,1134,33,6,0,0,31,61361,1953,5127,0,0,0,0,0
639,11461,640.0465665794688,99920,34,16,62,16,15522,7576,0.23116493194555646,29,17,24654,22358,4156,1930,21064,25662,43735,32708,0,0,17273,3687,8667,545,1137,33,6,0,0,34,61458,1945,5135,0,0,0,0,0
640,11461,641.175028854983,99920,34,19,62,16,15528,7581,0.2312750200160128,30,17,24682,22399,4139,1922,21052,25626,43788,32776,0,0,17177,3675,8678,544,1140,33,8,0,0,38,61548,1931,5148,0,0,0,0,0
641,11461,642.1694565182693,99920,39,18,62,16,15537,7583,0.23138510808646917,25,17,24692,22444,4116,1918,21065,25586,43841,32843,0,0,17080,3660,8693,542,1142,33,9,0,0,44,61638,1924,5155,0,0,0,0,0
642,11461,643.116653053249,99920,42,18,62,16,15544,7586,0.2314851881505204,23,17,24717,22462,4091,1908,21064,25578,43893,32909,0,0,16992,3640,8713,538,1146,33,11,0,0,49,61719,1916,5163,0,0,0,0,0
643,11461,644.2018586842156,99920,41,17,62,16,15549,7589,0.2315652522017614,27,21,24761,22516,4070,1900,21038,25529,43945,32975,0,0,16904,3619,8730,537,1151,33,12,0,0,54,61801,1907,5172,0,0,0,0,0
644,11461,645.1011728226792,99920,43,19,62,16,15555,7594,0.23167534027221778,31,22,24770,22538,4052,1891,21041,25513,43996,33040,0,0,16815,3602,8747,535,1153,33,16,0,0,57,61883,1895,5184,0,0,0,0,0
645,11461,646.006495366393,99920,51,26,62,16,15567,7603,0.2318855084067254,34,18,24786,22622,4032,1881,21034,25436,44047,33104,0,0,16732,3583,8764,534,1157,33,16,0,0,60,61963,1883,5195,0,0,0,0,0
646,11461,647.0139184208556,99920,51,28,62,16,15573,7609,0.23200560448358687,40,16,24819,22664,4009,1871,21018,25404,44097,33167,0,0,16645,3559,8788,534,1158,33,19,0,0,66,62041,1878,5199,0,0,0,0,0
647,11461,648.3402769146385,99920,57,27,62,16,15587,7615,0.23220576461168935,35,16,24849,22715,3994,1866,21002,25359,44147,33230,0,0,16551,3540,8803,534,1163,33,21,0,0,74,62125,1876,5200,0,0,0,0,0
648,11461,649.1178994881141,99920,60,27,62,16,15597,7616,0.23231585268214572,35,23,24861,22751,3986,1860,20995,25322,44196,33292,0,0,16457,3531,8812,533,1164,33,23,0,0,80,62211,1867,5209,0,0,0,0,0
649,11461,650.2655972875295,99920,57,28,62,16,15606,7618,0.2324259407526021,45,29,24886,22815,3973,1846,20976,25265,44245,33353,0,0,16374,3514,8829,532,1165,33,23,0,0,93,62281,1858,5218,0,0,0,0,0
650,11461,651.0301339417991,99920,60,29,62,16,15615,7622,0.2325560448358687,45,29,24898,22822,3953,1838,20981,25265,44293,33414,0,0,16297,3501,8842,526,1171,33,23,0,0,102,62349,1845,5231,0,0,0,0,0
651,11461,652.1762885083328,99920,63,32,62,16,15630,7631,0.23279623698959168,43,30,24934,22869,3938,1829,20959,25223,44341,33474,0,0,16221,3477,8858,529,1176,34,26,0,0,107,62417,1831,5244,0,0,0,0,0
652,11461,653.3205482211985,99920,65,40,62,16,15644,7643,0.2330564451561249,38,32,24971,22930,3922,1820,20941,25161,44388,33533,0,0,16134,3460,8873,527,1181,34,31,0,0,115,62491,1826,5248,0,0,0,0,0
653,11461,654.0823204876748,99920,62,43,62,16,15648,7649,0.23315652522017613,54,30,24961,22971,3909,1817,20951,25122,44435,33592,0,0,16044,3451,8879,523,1188,34,32,0,0,121,62574,1822,5252,0,0,0,0,0
654,11461,655.2250328159807,99920,70,46,62,16,15665,7659,0.23342674139311448,50,33,25005,23032,3894,1810,20918,25062,44481,33650,0,0,15957,3438,8891,524,1193,34,36,0,0,127,62651,1813,5256,0,0,0,0,0
655,11461,656.3658633222964,99919,68,51,63,16,15677,7670,0.23365926400384313,53,30,25043,23089,3882,1809,20890,25004,44527,33707,0,0,15870,3426,8901,522,1197,34,42,0,0,138,62721,1805,5263,0,0,0,0,0
656,11461,657.1254626720236,99919,72,51,63,16,15687,7675,0.23380938560233788,50,34,25049,23117,3865,1805,20900,24976,44573,33764,0,0,15796,3411,8915,514,1207,34,44,0,0,145,62786,1797,5270,0,0,0,0,0
657,11461,658.2641741390075,99919,83,52,63,16,15706,7685,0.23409962069276113,47,33,25081,23166,3855,1804,20870,24928,44618,33820,0,0,15713,3398,8926,513,1211,34,49,0,0,154,62855,1788,5278,0,0,0,0,0
658,11461,659.0222439091941,99919,82,54,63,16,15713,7692,0.2342397341846896,61,32,25075,23196,3844,1800,20874,24901,44663,33876,0,0,15636,3383,8940,510,1215,35,53,0,0,161,62921,1779,5286,0,0,0,0,0
659,11461,660.1594558021827,99919,85,56,63,16,15731,7703,0.23452996927511285,64,32,25105,23248,3841,1799,20841,24848,44707,33931,0,0,15557,3367,8954,509,1219,35,56,0,0,179,62979,1773,5291,0,0,0,0,0
660,11461,661.2949353503082,99919,92,67,63,16,15749,7718,0.23486023679180135,67,36,25155,23299,3823,1796,20799,24785,44751,33985,0,0,15475,3355,8962,509,1223,35,59,0,0,186,63051,1765,5299,0,0,0,0,0
661,11461,662.0506523979842,99919,89,73,63,16,15762,7727,0.23508041513626038,70,38,25156,23313,3823,1789,20798,24770,44794,34039,0,0,15398,3340,8974,506,1229,35,64,0,0,197,63112,1758,5306,0,0,0,0,0
662,11461,663.1838916549725,99919,93,77,63,16,15783,7744,0.23546072318578048,79,35,25173,23380,3811,1795,20780,24696,44837,34092,0,0,15315,3329,8981,507,1235,35,67,0,0,217,63172,1752,5309,0,0,0,0,0
663,11461,664.3159787013909,99918,92,77,64,16,15805,7758,0.23582337516763746,87,40,25194,23431,3815,1799,20747,24636,44880,34145,0,0,15232,3312,8993,512,1236,35,73,0,0,241,63224,1745,5315,0,0,0,0,0
664,11461,665.0701975255931,99918,98,76,64,16,15822,7766,0.23607358033587542,87,44,25200,23464,3807,1800,20743,24599,44922,34197,0,0,15158,3287,9016,512,1239,35,81,0,0,250,63281,1742,5317,0,0,0,0,0
665,11461,666.2010046777207,99918,104,65,64,16,15842,7778,0.23639384295122,91,51,25219,23533,3800,1812,20721,24522,44964,34248,0,0,15090,3272,9026,513,1244,36,83,0,0,277,63320,1729,5328,0,0,0,0,0
666,11461,667.3310406892822,99918,112,76,64,16,15864,7795,0.23678416301367122,102,46,25246,23607,3788,1810,20687,24444,45005,34299,0,0,15016,3259,9038,511,1248,36,87,0,0,291,63376,1722,5334,0,0,0,0,0
667,11461,668.0836652133734,99918,116,78,64,16,15880,7805,0.23704437638863868,96,44,25269,23630,3780,1813,20674,24418,45046,34349,0,0,14947,3240,9057,511,1249,37,91,0,0,304,63428,1715,5339,0,0,0,0,0
668,11461,669.211341840823,99918,122,86,64,16,15915,7825,0.23759482775876217,90,40,25313,23693,3783,1820,20627,24344,45087,34399,0,0,14864,3226,9064,511,1259,37,101,0,0,324,63481,1710,5341,0,0,0,0,0
669,11461,670.3368872993497,99918,128,81,64,16,15937,7832,0.2378850657539182,99,44,25333,23744,3772,1827,20603,24287,45127,34448,0,0,14792,3210,9078,512,1263,38,106,0,0,340,63532,1703,5344,0,0,0,0,0
670,11461,671.0865911285681,99918,135,76,64,16,15959,7842,0.2382053283692628,95,46,25355,23769,3767,1834,20583,24258,45167,34497,0,0,14714,3201,9082,513,1270,39,113,0,0,353,63590,1693,5350,0,0,0,0,0
671,11461,672.2099104013251,99918,133,77,64,16,15975,7856,0.23850557457114835,118,43,25398,23839,3756,1841,20530,24183,45206,34545,0,0,14649,3187,9093,512,1276,39,116,0,0,376,63629,1683,5358,0,0,0,0,0
672,11461,673.3310700996045,99918,157,82,64,16,16013,7872,0.23904601773454232,112,48,25438,23894,3745,1840,20483,24119,45245,34593,0,0,14578,3175,9103,514,1281,39,118,0,0,391,63682,1675,5362,0,0,0,0,0
673,11461,674.0774124875883,99918,160,93,64,16,16031,7891,0.2394163213835345,129,43,25429,23913,3747,1843,20470,24091,45284,34640,0,0,14507,3164,9113,515,1282,39,119,0,0,411,63732,1669,5367,0,0,0,0,0
674,11461,675.1966333309148,99918,160,87,64,16,16066,7899,0.2398466742729038,141,49,25451,23980,3763,1846,20420,24021,45322,34687,0,0,14433,3150,9122,518,1289,39,127,0,0,442,63767,1661,5370,0,0,0,0,0
675,11461,676.3147843586394,99918,159,79,64,16,16091,7908,0.2401869533017074,155,52,25498,24031,3754,1856,20369,23965,45360,34733,0,0,14367,3135,9131,515,1300,39,136,0,0,467,63799,1652,5377,0,0,0,0,0
676,11461,677.0590976760609,99917,168,78,65,16,16122,7916,0.24057968113534234,150,59,25511,24045,3753,1851,20352,23950,45398,34779,0,0,14301,3121,9140,513,1308,39,141,0,0,486,63840,1645,5383,0,0,0,0,0
677,11461,678.1745243490849,99917,184,85,65,16,16164,7932,0.24116016293523623,153,68,25534,24096,3754,1843,20309,23891,45435,34824,0,0,14241,3100,9158,514,1312,39,146,0,0,511,63870,1638,5388,0,0,0,0,0
678,11461,679.2885331624872,99917,184,92,65,16,16196,7952,0.2416805948937618,162,61,25552,24154,3762,1850,20274,23826,45472,34869,0,0,14162,3094,9160,515,1317,39,157,0,0,539,63910,1629,5395,0,0,0,0,0
679,11461,680.0308595539001,99917,202,87,65,16,16219,7958,0.2419708357937088,171,68,25553,24180,3751,1852,20257,23796,45508,34913,0,0,14099,3083,9167,513,1323,39,160,0,0,548,63961,1622,5402,0,0,0,0,0
680,11461,681.143764819544,99917,213,95,65,16,16267,7981,0.24268142558323408,181,72,25554,24233,3770,1856,20216,23727,45544,34957,0,0,14034,3071,9173,513,1333,40,162,0,0,586,63986,1617,5402,0,0,0,0,0
681,11461,682.2558596537378,99917,239,99,65,16,16321,8001,0.24342204029344355,190,79,25584,24289,3770,1859,20151,23657,45580,35000,0,0,13970,3056,9181,514,1344,41,171,0,0,607,64020,1607,5406,0,0,0,0,0
682,11461,683.3664486915561,99917,247,114,65,16,16368,8031,0.2441926799243372,205,78,25588,24339,3789,1865,20105,23587,45615,35043,0,0,13903,3038,9188,518,1356,41,180,0,0,634,64051,1599,5409,0,0,0,0,0
683,11461,684.1063071660703,99917,273,112,65,16,16415,8039,0.24474313680354695,219,91,25566,24338,3790,1869,20086,23573,45650,35085,0,0,13835,3022,9202,519,1357,41,188,0,0,655,64090,1597,5411,0,0,0,0,0
684,11461,685.2165153616056,99917,285,123,65,16,16465,8065,0.24550376812754587,237,107,25589,24372,3807,1871,20016,23510,45685,35127,0,0,13769,3007,9217,518,1360,44,198,0,0,690,64111,1592,5411,0,0,0,0,0
685,11461,686.3251962894261,99917,302,143,65,16,16531,8099,0.2465045988170181,242,106,25608,24424,3829,1876,19953,23434,45719,35168,0,0,13702,2993,9225,518,1372,45,208,0,0,726,64130,1587,5411,0,0,0,0,0
686,11461,687.0635300012926,99917,313,140,65,16,16571,8117,0.24708508061691203,247,117,25603,24450,3829,1888,19942,23388,45753,35209,0,0,13640,2977,9236,517,1383,45,219,0,0,755,64152,1580,5413,0,0,0,0,0
687,11461,688.1708830022516,99917,338,146,65,16,16649,8147,0.2481659777615421,245,127,25610,24486,3851,1900,19890,23324,45787,35250,0,0,13581,2960,9244,520,1399,47,228,0,0,798,64158,1568,5414,0,0,0,0,0
688,11461,689.2776586531124,99916,357,151,66,16,16720,8179,0.24919932743504544,262,141,25617,24520,3880,1916,19817,23255,45820,35290,0,0,13518,2943,9250,519,1417,47,243,0,0,844,64160,1561,5414,0,0,0,0,0
689,11461,690.0150324271783,99916,370,161,66,16,16769,8202,0.24991993274350455,268,141,25646,24538,3894,1916,19755,23227,45853,35330,0,0,13457,2934,9254,521,1427,47,250,0,0,873,64184,1549,5420,0,0,0,0,0
690,11461,691.1195796377283,99916,396,177,66,16,16843,8241,0.2510508827415029,292,152,25639,24564,3918,1925,19688,23165,45886,35369,0,0,13397,2917,9267,527,1433,48,260,0,0,919,64187,1538,5423,0,0,0,0,0
691,11461,692.2233307083897,99916,402,195,66,16,16912,8280,0.2521317907041915,336,161,25629,24599,3953,1934,19613,23094,45919,35408,0,0,13324,2906,9267,531,1450,49,276,0,0,962,64199,1530,5422,0,0,0,0,0
692,11461,693.3266299574365,99915,430,221,67,16,17011,8330,0.2536255817444828,329,162,25639,24651,3989,1940,19545,23009,45951,35446,0,0,13261,2890,9271,533,1473,50,287,0,0,1016,64195,1526,5413,0,0,0,0,0
693,11461,694.0618559019649,99915,445,232,67,16,17066,8363,0.2545063303808237,336,176,25629,24652,4004,1957,19518,22966,45983,35484,0,0,13195,2878,9277,534,1481,50,297,0,0,1058,64208,1523,5414,0,0,0,0,0
694,11461,695.1643901598329,99915,485,257,67,16,17169,8426,0.256167742581194,341,160,25615,24679,4045,1986,19446,22901,46015,35522,0,0,13129,2868,9278,538,1495,50,312,0,0,1126,64191,1510,5418,0,0,0,0,0
695,11461,696.2669401832444,99913,493,286,68,17,17263,8485,0.257704202656311,357,162,25603,24710,4103,2003,19375,22821,46046,35559,0,0,13065,2849,9279,548,1513,51,328,0,0,1193,64170,1499,5418,0,0,0,0,0
696,11461,697.0019503388925,99913,508,294,68,17,17328,8518,0.2586850559987189,371,172,25583,24712,4123,2023,19346,22781,46077,35596,0,0,12993,2839,9279,549,1526,52,346,0,0,1234,64183,1494,5418,0,0,0,0,0
697,11461,698.1046880085073,99913,531,295,68,17,17432,8561,0.26015633601233074,396,180,25587,24741,4168,2056,19249,22710,46108,35632,0,0,12919,2827,9280,551,1545,53,368,0,0,1308,64158,1488,5416,0,0,0,0,0
698,11461,699.2067160735122,99913,552,314,68,17,17538,8615,0.26175772922442525,417,181,25564,24776,4231,2081,19167,22630,46139,35668,0,0,12841,2816,9281,554,1558,53,389,0,0,1391,64132,1486,5412,0,0,0,0,0
699,11461,700.3088894997073,99913,593,334,68,17,17662,8675,0.26359933141833397,423,174,25539,24811,4285,2110,19091,22553,46169,35704,0,0,12768,2803,9277,557,1580,53,407,0,0,1469,64108,1484,5407,0,0,0,0,0
700,11461,701.0439146154661,99913,624,334,68,17,17748,8707,0.26478035891225365,429,201,25526,24814,4310,2130,19042,22503,46199,35739,0,0,12704,2792,9280,562,1595,54,420,0,0,1521,64107,1476,5402,0,0,0,0,0
701,11461,702.146772623606,99912,629,349,69,17,17859,8766,0.2664845063656017,467,227,25496,24822,4381,2159,18957,22425,46229,35774,0,0,12630,2782,9276,568,1613,55,443,0,0,1621,64057,1466,5401,0,0,0,0,0
702,11461,703.2500363712057,99911,628,357,70,17,17986,8832,0.268418892814605,490,236,25445,24855,4477,2205,18889,22329,46258,35809,0,0,12541,2770,9260,580,1643,58,480,0,0,1718,64008,1454,5399,0,0,0,0,0
703,11461,704.3549168770982,99911,682,374,70,17,18141,8901,0.27066088819048956,471,249,25426,24883,4548,2237,18802,22239,46287,35843,0,0,12465,2758,9253,583,1669,60,505,0,0,1810,63966,1449,5393,0,0,0,0,0
704,11461,705.0914663235923,99909,682,396,71,18,18227,8966,0.2721776816903382,492,234,25409,24882,4606,2274,18739,22195,46316,35877,0,0,12404,2747,9249,590,1691,60,518,0,0,1893,63928,1438,5391,0,0,0,0,0
705,11461,706.1969411239571,99909,707,398,71,18,18361,9032,0.27417950334804675,510,264,25377,24895,4682,2324,18652,22100,46345,35910,0,0,12340,2727,9245,595,1723,61,541,0,0,2001,63859,1431,5386,0,0,0,0,0
706,11461,707.3031641639317,99909,770,382,71,18,18534,9093,0.2765216346875657,531,282,25330,24916,4758,2390,18539,22011,46373,35943,0,0,12266,2712,9237,608,1749,66,571,0,0,2107,63796,1415,5382,0,0,0,0,0
707,11461,708.0410288136945,99908,791,405,71,19,18644,9154,0.278235977098931,530,284,25295,24913,4830,2413,18482,21965,46401,35976,0,0,12201,2700,9231,610,1774,66,590,0,0,2185,63763,1408,5380,0,0,0,0,0
708,11461,709.1491169003067,99908,822,432,71,19,18803,9241,0.28069824238299235,558,289,25269,24939,4916,2456,18363,21864,46429,36008,0,0,12119,2686,9230,614,1810,67,626,0,0,2289,63699,1404,5364,0,0,0,0,0
709,11461,710.2575702244231,99906,827,423,73,19,18932,9315,0.2827357716253278,617,334,25217,24903,4999,2526,18266,21794,46457,36040,0,0,12042,2676,9214,621,1841,70,653,0,0,2420,63615,1396,5358,0,0,0,0,0
710,11461,711.3671104569225,99905,867,456,74,19,19106,9426,0.28559131174615887,673,334,25157,24896,5087,2594,18141,21700,46484,36072,0,0,11971,2658,9211,630,1872,71,683,0,0,2552,63517,1386,5354,0,0,0,0,0
711,11461,712.1075113053291,99905,897,481,74,19,19230,9493,0.287503127971573,698,327,25116,24888,5150,2627,18064,21657,46511,36103,0,0,11910,2642,9206,636,1893,73,700,0,0,2637,63476,1379,5353,0,0,0,0,0
712,11461,713.2191340746817,99904,955,479,74,20,19428,9570,0.29025864830237025,703,342,25050,24903,5251,2697,17966,21558,46538,36134,0,0,11832,2624,9202,648,1918,77,732,0,0,2769,63383,1371,5348,0,0,0,0,0
713,11461,714.332896557569,99903,1015,477,75,20,19640,9658,0.29326446653253657,734,380,24973,24902,5343,2774,17859,21446,46565,36165,0,0,11752,2604,9187,664,1950,82,761,0,0,2915,63283,1363,5342,0,0,0,0,0
714,11461,715.0764086424625,99902,1049,509,76,20,19781,9743,0.2955296190266461,743,377,24927,24888,5414,2816,17790,21389,46591,36195,0,0,11690,2587,9187,666,1976,84,786,0,0,3013,63218,1358,5337,0,0,0,0,0
715,11461,716.1934515729715,99902,1095,527,76,20,19991,9844,0.29864266981642007,801,405,24859,24874,5514,2888,17654,21285,46617,36225,0,0,11610,2569,9160,675,2027,86,822,0,0,3150,63120,1350,5333,0,0,0,0,0
716,11461,717.3119387184016,99901,1173,571,77,20,20233,9969,0.3023192961031421,831,385,24759,24891,5613,2948,17546,21184,46643,36255,0,0,11523,2553,9144,686,2067,88,862,0,0,3290,63020,1343,5325,0,0,0,0,0
717,11461,718.0592196136255,99900,1197,593,77,21,20394,10038,0.30462462462462464,866,416,24693,24874,5713,2980,17453,21115,46669,36284,0,0,11450,2538,9132,695,2100,92,892,0,0,3388,62960,1336,5317,0,0,0,0,0
718,11461,719.1825185421294,99900,1268,613,77,21,20651,10147,0.3082882882882883,912,465,24593,24851,5843,3046,17306,21003,46694,36313,0,0,11354,2525,9118,708,2138,94,946,0,0,3551,62836,1324,5306,0,0,0,0,0
719,11461,720.3081792779,99896,1281,655,80,22,20900,10279,0.3121145991831505,945,480,24495,24831,6028,3117,17170,20894,46719,36342,0,0,11267,2507,9093,725,2189,100,993,0,0,3738,62679,1310,5295,0,0,0,0,0
720,11461,721.0605148139049,99895,1287,641,81,22,21062,10345,0.31440012012613244,994,501,24404,24806,6145,3187,17088,20842,46744,36371,0,0,11194,2486,9092,742,2224,102,1027,0,0,3873,62573,1299,5283,0,0,0,0,0
721,11461,722.1928847230313,99895,1341,671,81,22,21341,10474,0.3184844086290605,1030,518,24296,24800,6315,3269,16936,20719,46769,36399,0,0,11104,2474,9072,756,2279,104,1075,0,0,4066,62414,1284,5267,0,0,0,0,0
722,11461,723.3289771473732,99894,1420,671,82,22,21630,10609,0.3227320960217831,1044,552,24194,24778,6467,3380,16792,20596,46794,36427,0,0,11012,2443,9061,780,2322,115,1127,0,0,4256,62251,1277,5250,0,0,0,0,0
723,11461,724.0880683349372,99893,1437,709,83,22,21813,10722,0.3256984973922097,1100,554,24083,24745,6588,3441,16708,20528,46818,36455,0,0,10939,2428,9053,789,2359,117,1160,0,0,4403,62135,1268,5242,0,0,0,0,0
724,11461,725.2309640107721,99893,1501,751,83,22,22127,10879,0.3304135424904648,1150,581,23944,24725,6767,3530,16554,20390,46842,36482,0,0,10842,2411,9024,802,2421,120,1213,0,0,4624,61951,1262,5223,0,0,0,0,0
725,11461,726.3787235126466,99890,1563,804,86,22,22438,11057,0.3353188507358094,1168,578,23842,24692,6937,3635,16403,20268,46866,36509,0,0,10758,2387,9016,820,2459,126,1264,0,0,4866,61730,1249,5215,0,0,0,0,0
726,11461,727.1458831173031,99888,1609,819,88,22,22641,11166,0.3384490629505046,1183,606,23760,24650,7046,3708,16313,20194,46890,36536,0,0,10692,2373,8994,827,2509,129,1289,0,0,5018,61611,1243,5203,0,0,0,0,0
727,11461,728.3002173575102,99884,1701,877,92,22,22981,11366,0.34386888790997555,1195,603,23617,24600,7213,3825,16181,20072,46914,36563,0,0,10595,2356,8977,831,2561,134,1349,0,0,5264,61389,1236,5192,0,0,0,0,0
728,11461,729.0724917391036,99882,1746,890,93,23,23231,11475,0.34747001461724836,1203,647,23524,24561,7356,3903,16077,19975,46937,36589,0,0,10514,2339,8963,840,2609,137,1396,0,0,5438,61238,1225,5183,0,0,0,0,0
729,11461,730.2353111054873,99882,1812,955,93,23,23597,11680,0.35318676037724517,1283,659,23343,24511,7571,4015,15897,19836,46960,36615,0,0,10410,2311,8928,877,2675,147,1455,0,0,5679,61027,1210,5163,0,0,0,0,0
730,11461,731.0140223843196,99881,1895,950,94,23,23877,11797,0.35716502638139386,1283,679,23229,24481,7712,4115,15786,19751,46983,36641,0,0,10331,2294,8906,896,2727,153,1495,0,0,5865,60871,1197,5146,0,0,0,0,0
731,11461,732.1869777232597,99880,1918,991,95,23,24242,11994,0.36279535442531036,1360,724,23081,24388,7968,4249,15577,19624,47006,36666,0,0,10221,2267,8876,928,2794,164,1558,0,0,6153,60609,1186,5124,0,0,0,0,0
732,11461,733.3656516341856,99879,1965,1071,96,23,24631,12234,0.36909660689434215,1411,749,22899,24308,8219,4377,15409,19471,47029,36691,0,0,10109,2247,8834,950,2875,170,1630,0,0,6448,60338,1172,5106,0,0,0,0,0
733,11461,734.1555588863906,99876,2015,1060,99,23,24910,12350,0.3730625976210501,1417,775,22777,24282,8386,4482,15305,19377,47051,36716,0,0,10021,2231,8813,973,2930,176,1673,0,0,6647,60161,1161,5090,0,0,0,0,0
734,11461,735.3467363957237,99875,2059,1109,100,23,25289,12596,0.3793241551939925,1483,765,22638,24240,8601,4648,15118,19214,47073,36741,0,0,9909,2211,8775,996,3015,184,1743,0,0,6963,59869,1149,5061,0,0,0,0,0
735,11461,736.1439921111195,99874,2117,1137,101,23,25579,12756,0.3838336303742716,1511,772,22510,24207,8760,4755,15000,19105,47095,36765,0,0,9826,2194,8753,1020,3060,192,1783,0,0,7184,59674,1138,5050,0,0,0,0,0
736,11461,737.3461900404895,99873,2186,1184,101,24,26007,12999,0.3905560061277823,1544,748,22327,24147,9020,4918,14821,18978,47117,36789,0,0,9713,2176,8709,1038,3160,202,1860,0,0,7495,59376,1123,5021,0,0,0,0,0
737,11461,738.1521629584917,99871,2222,1187,102,25,26320,13154,0.39524987233531256,1529,765,22219,24120,9218,5041,14709,18861,47139,36813,0,0,9620,2159,8687,1055,3228,215,1914,0,0,7728,59158,1109,4998,0,0,0,0,0
738,11461,739.3679725618099,99871,2315,1218,102,25,26823,13381,0.4025593014989336,1531,834,22064,24054,9508,5180,14479,18688,47160,36837,0,0,9497,2140,8655,1078,3325,226,1991,0,0,8070,58826,1097,4966,0,0,0,0,0
739,11461,740.1820616516171,99870,2363,1204,103,25,27147,13531,0.40730950235305896,1542,892,21922,23971,9703,5313,14366,18594,47181,36861,0,0,9404,2121,8622,1101,3396,236,2040,0,0,8314,58597,1089,4950,0,0,0,0,0
740,11461,741.0002238176639,99870,2420,1248,103,25,27491,13725,0.41269650545709424,1586,880,21744,23927,9913,5429,14233,18490,47202,36884,0,0,9306,2106,8590,1116,3470,244,2099,0,0,8559,58365,1082,4933,0,0,0,0,0
741,11461,742.2368813482543,99868,2515,1296,105,25,28003,13988,0.4204650138182401,1609,891,21554,23848,10183,5611,14033,18328,47223,36907,0,0,9186,2075,8543,1161,3571,258,2172,0,0,8899,58028,1070,4905,0,0,0,0,0
742,11461,743.0663947930415,99868,2573,1341,105,25,28338,14188,0.42582208515240116,1622,883,21413,23791,10374,5736,13912,18223,47244,36930,0,0,9100,2056,8512,1187,3636,269,2214,0,0,9151,57799,1059,4885,0,0,0,0,0
743,11461,744.3193026783348,99867,2591,1364,106,25,28832,14469,0.433586670271461,1726,892,21177,23708,10701,5938,13698,18072,47264,36953,0,0,8975,2033,8463,1230,3762,280,2290,0,0,9563,57388,1038,4845,0,0,0,0,0
744,11461,745.1609099472462,99863,2643,1394,109,26,29212,14659,0.43931185724442484,1769,919,21030,23634,10934,6046,13514,17980,47284,36975,0,0,8875,2016,8433,1247,3849,290,2345,0,0,9821,57133,1030,4824,0,0,0,0,0
745,11461,746.0074312731539,99862,2685,1404,109,27,29593,14839,0.4449340089323266,1768,951,20876,23593,11167,6179,13394,17845,47304,36997,0,0,8798,1988,8402,1277,3935,298,2386,0,0,10120,56838,1018,4802,0,0,0,0,0
746,11461,747.2864643237874,99860,2810,1478,111,27,30192,15168,0.4542359303024234,1784,956,20681,23519,11455,6371,13158,17648,47324,37019,0,0,8683,1953,8352,1324,4057,313,2454,0,0,10520,56431,1003,4770,0,0,0,0,0
747,11461,748.1443200625395,99860,2899,1528,111,27,30609,15380,0.46053474864810734,1737,953,20545,23472,11679,6490,13028,17529,47344,37041,0,0,8591,1932,8326,1346,4134,323,2510,0,0,10799,56156,993,4750,0,0,0,0,0
748,11461,749.0072874616675,99859,2881,1519,112,27,30960,15566,0.46591694288947416,1832,974,20370,23430,11928,6632,12876,17417,47364,37062,0,0,8504,1912,8298,1379,4230,334,2549,0,0,11116,55835,981,4721,0,0,0,0,0
749,11461,750.3125903939371,99858,2948,1532,113,27,31556,15900,0.4752348334635182,1875,977,20147,23312,12265,6886,12651,17265,47383,37083,0,0,8382,1879,8233,1416,4387,348,2624,0,0,11595,55339,975,4680,0,0,0,0,0
750,11461,751.1901810863172,99857,3001,1567,114,27,31987,16121,0.4817689295692841,1893,990,19983,23237,12518,7017,12490,17161,47402,37104,0,0,8277,1861,8194,1438,4506,363,2686,0,0,11861,55063,964,4644,0,0,0,0,0
751,11461,752.0736891672752,99855,3089,1584,116,27,32409,16354,0.4883380902308347,1892,1002,19829,23171,12715,7166,12358,17049,47421,37125,0,0,8194,1849,8153,1458,4609,379,2725,0,0,12157,54756,955,4620,0,0,0,0,0
752,11461,753.4098518147887,99855,3165,1610,116,27,33031,16689,0.49792198688097744,1986,1042,19556,23052,13059,7390,12117,16878,47440,37146,0,0,8066,1821,8089,1502,4779,398,2809,0,0,12584,54296,932,4579,0,0,0,0,0
753,11461,754.3090252590697,99853,3289,1634,118,27,33538,16915,0.5052727509438875,1956,1053,19396,22989,13293,7545,11947,16751,47459,37166,0,0,7977,1801,8043,1532,4900,412,2856,0,0,12870,53990,915,4557,0,0,0,0,0
754,11461,755.2146839650381,99851,3269,1675,119,28,33967,17173,0.5121631230533495,1956,1048,19241,22910,13600,7712,11814,16626,47478,37186,0,0,7861,1781,8005,1554,5032,432,2929,0,0,13182,53649,905,4521,0,0,0,0,0
755,11461,756.1272585700132,99851,3313,1677,119,28,34451,17393,0.5192136283061762,1925,1052,19078,22838,13897,7883,11667,16521,47497,37206,0,0,7760,1752,7969,1585,5152,453,2991,0,0,13515,53296,893,4485,0,0,0,0,0
756,11461,757.0475267786621,99850,3355,1665,119,29,34922,17619,0.5261992989484227,1934,1069,18908,22749,14154,8073,11529,16414,47515,37226,0,0,7659,1739,7924,1615,5275,472,3043,0,0,13862,52925,884,4452,0,0,0,0,0
757,11461,758.4422956268979,99847,3306,1712,122,29,35589,17993,0.5366410608230593,1993,1075,18658,22659,14641,8296,11279,16228,47533,37246,0,0,7530,1689,7843,1677,5492,496,3123,0,0,14381,52354,866,4396,0,0,0,0,0
758,11461,759.3818011918064,99846,3359,1761,123,29,36080,18266,0.5442982192576568,2034,1063,18473,22589,14887,8459,11123,16098,47551,37265,0,0,7417,1669,7798,1705,5601,521,3197,0,0,14713,52001,853,4371,0,0,0,0,0
759,11461,760.3294735023235,99844,3365,1808,123,31,36550,18526,0.551620528023717,2063,1075,18273,22482,15185,8613,10990,15990,47569,37284,0,0,7314,1640,7752,1733,5741,548,3262,0,0,15006,51666,839,4343,0,0,0,0,0
760,11461,761.2861103385399,99844,3408,1826,123,31,37032,18784,0.5590320900604944,2068,1092,18101,22412,15458,8784,10841,15854,47587,37303,0,0,7227,1617,7700,1770,5882,572,3303,0,0,15316,51311,824,4322,0,0,0,0,0
761,11461,762.2513738692455,99844,3432,1861,123,31,37564,19063,0.5671547614278274,2084,1121,17899,22296,15770,8951,10691,15739,47605,37322,0,0,7121,1597,7651,1806,6039,596,3360,0,0,15664,50919,810,4281,0,0,0,0,0
762,11461,763.2264364983237,99842,3490,1884,125,31,38063,19343,0.574968450151239,2113,1124,17717,22228,16009,9132,10545,15600,47622,37341,0,0,7023,1572,7610,1830,6176,621,3415,0,0,16000,50547,801,4247,0,0,0,0,0
763,11461,764.2105916872226,99839,3479,1860,128,31,38557,19615,0.5826580795080079,2130,1146,17569,22136,16312,9350,10381,15476,47639,37360,0,0,6918,1547,7553,1865,6352,644,3473,0,0,16362,50119,790,4216,0,0,0,0,0
764,11461,765.2033142527857,99837,3556,1904,129,32,39114,19880,0.5909031721706381,2083,1170,17415,22042,16576,9507,10240,15344,47656,37378,0,0,6834,1516,7502,1899,6497,677,3517,0,0,16683,49760,780,4172,0,0,0,0,0
765,11461,766.2039677367359,99837,3606,1924,129,32,39649,20182,0.5992868375451986,2108,1187,17250,21933,16820,9708,10086,15215,47673,37396,0,0,6736,1484,7445,1938,6670,704,3568,0,0,17022,49370,774,4126,0,0,0,0,0
766,11461,767.2132412748819,99835,3658,1970,131,32,40173,20500,0.6077327590524365,2129,1157,17064,21839,17064,9922,9953,15079,47690,37414,0,0,6640,1467,7387,1963,6857,727,3621,0,0,17328,48994,763,4088,0,0,0,0,0
767,11461,768.2316007235711,99834,3687,1961,132,32,40734,20784,0.6162028968087024,2135,1177,16898,21742,17362,10139,9785,14948,47707,37432,0,0,6526,1449,7333,1991,7036,760,3688,0,0,17676,48570,752,4053,0,0,0,0,0
768,11461,769.2393030158529,99832,3678,1967,134,32,41254,21071,0.6242988220209953,2187,1203,16721,21639,17648,10346,9631,14812,47724,37450,0,0,6414,1432,7277,2022,7206,797,3752,0,0,18016,48161,740,4015,0,0,0,0,0
769,11461,770.2293988209274,99831,3771,1993,135,32,41819,21359,0.6328495156815017,2167,1192,16538,21573,17908,10514,9480,14695,47741,37467,0,0,6311,1413,7217,2049,7378,823,3808,0,0,18316,47803,729,3984,0,0,0,0,0
770,11461,771.2031052096307,99828,3795,2037,138,32,42377,21639,0.6412629723123773,2188,1225,16356,21466,18181,10672,9341,14567,47757,37484,0,0,6216,1393,7156,2062,7571,858,3861,0,0,18610,47433,718,3950,0,0,0,0,0
771,11461,772.1617432820815,99825,3810,2032,139,34,42925,21916,0.6495467067367894,2151,1253,16198,21356,18494,10860,9207,14464,47773,37501,0,0,6126,1370,7092,2095,7756,885,3900,0,0,18970,47003,706,3922,0,0,0,0,0
772,11461,773.1043783870812,99821,3764,2021,141,36,43419,22206,0.6574267939611905,2178,1273,16032,21273,18795,11070,9089,14326,47789,37518,0,0,6009,1343,7029,2130,7948,918,3963,0,0,19298,46598,697,3888,0,0,0,0,0
773,11461,774.0317783248337,99819,3773,2045,143,36,43910,22487,0.6651739648764263,2179,1274,15894,21197,19053,11227,8957,14220,47805,37535,0,0,5918,1324,6987,2160,8126,947,4001,0,0,19576,46240,686,3854,0,0,0,0,0
774,11461,775.3987072862186,99815,3778,2068,145,38,44649,22900,0.6767419726494014,2179,1274,15675,21075,19473,11488,8749,14056,47821,37552,0,0,5788,1297,6908,2220,8372,997,4059,0,0,20019,45674,673,3808,0,0,0,0,0
775,11461,776.2937117259338,99813,3823,2045,146,39,45147,23150,0.6842495466522397,2185,1308,15547,20973,19686,11672,8612,13962,47837,37568,0,0,5709,1278,6864,2253,8546,1030,4093,0,0,20285,45317,661,3777,0,0,0,0,0
776,11461,777.1774626108264,99810,3871,2091,149,39,45658,23429,0.6921851517883979,2148,1317,15416,20892,19917,11821,8498,13839,47853,37584,0,0,5633,1261,6810,2266,8701,1078,4130,0,0,20555,44984,655,3737,0,0,0,0,0
777,11461,778.0505862007298,99810,3840,2159,149,39,46111,23715,0.6995892195170824,2177,1308,15264,20820,20184,11950,8385,13723,47868,37600,0,0,5556,1246,6765,2284,8871,1119,4160,0,0,20811,44649,651,3698,0,0,0,0,0
778,11461,779.33811921116,99809,3828,2202,150,39,46803,24149,0.7108777765532166,2193,1296,15046,20708,20567,12203,8215,13551,47883,37616,0,0,5434,1228,6687,2341,9091,1186,4211,0,0,21233,44116,630,3652,0,0,0,0,0
779,11461,780.1831934045739,99804,3816,2202,154,40,47229,24433,0.7180273335738047,2255,1296,14905,20634,20763,12387,8106,13440,47898,37632,0,0,5362,1210,6628,2362,9277,1221,4240,0,0,21496,43764,624,3620,0,0,0,0,0
780,11461,781.0188351201546,99804,3824,2191,154,40,47668,24679,0.7248907859404433,2265,1301,14795,20569,20953,12557,8008,13341,47913,37648,0,0,5262,1194,6589,2376,9451,1244,4297,0,0,21753,43432,616,3590,0,0,0,0,0
781,11461,782.2579515552037,99801,3828,2208,156,41,48345,25102,0.7359345096742518,2257,1286,14620,20461,21308,12844,7830,13159,47928,37664,0,0,5142,1167,6512,2431,9711,1293,4355,0,0,22141,42902,605,3542,0,0,0,0,0
782,11461,783.0727371664298,99799,3841,2239,157,42,48806,25365,0.7432038397178329,2230,1301,14521,20398,21525,12979,7725,13040,47943,37679,0,0,5074,1142,6463,2468,9897,1315,4374,0,0,22389,42576,593,3508,0,0,0,0,0
783,11461,784.279143976961,99796,3865,2198,160,42,49480,25722,0.7535572568038799,2203,1293,14357,20291,21822,13263,7592,12912,47958,37694,0,0,4966,1128,6387,2499,10181,1364,4422,0,0,22723,42081,581,3464,0,0,0,0,0
784,11461,785.0741642493844,99796,3805,2197,160,42,49868,25970,0.7599302577257605,2209,1293,14258,20201,22051,13434,7516,12832,47973,37709,0,0,4895,1110,6343,2539,10322,1407,4449,0,0,22993,41734,565,3439,0,0,0,0,0
785,11461,786.2526701002405,99793,3820,2211,162,43,50504,26360,0.770234385177317,2165,1241,14132,20123,22335,13677,7385,12704,47988,37724,0,0,4793,1086,6279,2578,10528,1472,4500,0,0,23368,41234,554,3401,0,0,0,0,0
786,11461,787.0303329159954,99791,3876,2234,163,44,50943,26618,0.7772344199376697,2107,1232,14069,20046,22490,13832,7294,12611,48002,37739,0,0,4721,1071,6247,2594,10660,1518,4534,0,0,23586,40943,550,3367,0,0,0,0,0
787,11461,788.1863259063122,99787,3820,2192,165,46,51550,26978,0.7869562167416597,2050,1228,13997,19961,22817,14106,7150,12466,48016,37754,0,0,4622,1051,6176,2632,10904,1590,4564,0,0,23943,40437,542,3326,0,0,0,0,0
788,11461,789.3276972348716,99782,3790,2194,169,47,52123,27356,0.7965264276121946,2027,1175,13889,19929,23102,14342,7022,12312,48030,37769,0,0,4535,1028,6113,2668,11130,1654,4587,0,0,24268,39973,535,3291,0,0,0,0,0
789,11461,790.0810976472573,99781,3783,2164,170,47,52512,27557,0.8024473597177819,1983,1177,13830,19883,23273,14486,6960,12242,48044,37783,0,0,4476,1014,6059,2689,11298,1691,4603,0,0,24468,39685,527,3271,0,0,0,0,0
790,11461,791.2019509609815,99778,3742,2177,172,48,53064,27885,0.8112910661668905,1967,1123,13731,19844,23527,14675,6860,12132,48058,37797,0,0,4405,985,6004,2716,11555,1741,4620,0,0,24730,39273,521,3228,0,0,0,0,0
791,11461,792.3115221282354,99776,3673,2128,173,49,53578,28183,0.819445558050032,1976,1144,13618,19773,23813,14895,6746,12010,48072,37811,0,0,4323,968,5929,2740,11801,1803,4645,0,0,25003,38862,510,3192,0,0,0,0,0
792,11461,793.0446155007404,99775,3676,2128,174,49,53958,28415,0.8255875720370834,1943,1134,13536,19699,23979,15041,6691,11948,48086,37825,0,0,4271,957,5891,2743,11946,1867,4663,0,0,25162,38606,506,3163,0,0,0,0,0
793,11461,794.135012721374,99772,3666,2091,176,50,54474,28710,0.833740929318847,1910,1157,13437,19637,24210,15233,6600,11831,48100,37839,0,0,4205,944,5825,2762,12203,1917,4684,0,0,25383,38217,496,3136,0,0,0,0,0
794,11461,795.2155930924367,99766,3590,2096,181,51,54972,29021,0.8419000461078925,1880,1153,13382,19567,24450,15407,6516,11725,48114,37853,0,0,4126,925,5775,2802,12410,1986,4701,0,0,25618,37839,481,3103,0,0,0,0,0
795,11461,796.2868260863572,99762,3509,2102,185,51,55461,29337,0.8500030071570337,1873,1138,13310,19517,24693,15582,6429,11609,48127,37867,0,0,4035,916,5708,2810,12654,2045,4746,0,0,25851,37453,473,3071,0,0,0,0,0
796,11461,797.3484405492871,99756,3473,2102,188,54,55977,29627,0.858133846585669,1812,1144,13220,19457,24963,15746,6343,11496,48140,37881,0,0,3973,906,5653,2828,12852,2128,4750,0,0,26063,37097,467,3039,0,0,0,0,0
797,11461,798.0506130691655,99754,3415,2083,188,56,56306,29812,0.8633037271688353,1783,1151,13174,19435,25150,15841,6289,11433,48153,37894,0,0,3926,895,5613,2840,12992,2185,4761,0,0,26235,36838,460,3009,0,0,0,0,0
798,11461,799.0959611048427,99751,3337,2052,190,57,56774,30109,0.8709987869795791,1781,1122,13082,19372,25391,16051,6218,11345,48166,37907,0,0,3858,884,5576,2854,13205,2256,4776,0,0,26475,36440,451,2976,0,0,0,0,0
799,11461,800.1329827602306,99750,3286,2046,191,57,57206,30410,0.8783558897243108,1792,1079,13022,19345,25569,16232,6139,11240,48179,37920,0,0,3797,871,5524,2870,13411,2324,4794,0,0,26663,36102,440,2954,0,0,0,0,0
800,11461,801.1628255247671,99749,3278,2042,192,57,57668,30718,0.8860840710182558,1741,1029,12964,19296,25762,16434,6062,11141,48192,37933,0,0,3736,859,5472,2877,13615,2393,4811,0,0,26855,35769,433,2929,0,0,0,0,0
801,11461,802.1860274010925,99747,3210,2019,194,57,58083,30980,0.892889009193259,1723,1034,12912,19280,25977,16581,5983,11028,48205,37946,0,0,3668,841,5418,2913,13824,2454,4821,0,0,27026,35460,425,2897,0,0,0,0,0
802,11461,803.2025592725709,99746,3204,2024,194,58,58512,31261,0.9000160407434885,1694,980,12867,19258,26132,16734,5908,10945,48218,37959,0,0,3613,820,5386,2946,13991,2517,4823,0,0,27205,35155,421,2869,0,0,0,0,0
803,11461,804.2136753444472,99743,3143,1985,197,58,58932,31521,0.9068606318237872,1676,976,12826,19214,26314,16916,5843,10850,48231,37972,0,0,3554,803,5337,2960,14200,2586,4838,0,0,27376,34832,414,2843,0,0,0,0,0
804,11461,805.2190431736313,99742,3115,1955,198,58,59355,31780,0.9137073650017044,1651,966,12782,19175,26478,17071,5775,10774,48244,37985,0,0,3502,785,5297,2974,14384,2671,4847,0,0,27523,34544,407,2808,0,0,0,0,0
805,11461,806.2184625491035,99741,3093,1907,199,58,59790,32009,0.9203737680592735,1634,973,12718,19169,26660,17205,5695,10687,48256,37997,0,0,3447,769,5256,3005,14608,2726,4844,0,0,27645,34262,402,2777,0,0,0,0,0
806,11461,807.2120575997402,99740,3006,1893,200,58,60169,32259,0.9266893924202928,1621,961,12680,19130,26870,17366,5622,10591,48268,38009,0,0,3400,760,5220,3014,14791,2797,4854,0,0,27812,33945,396,2751,0,0,0,0,0
807,11461,808.1992624825318,99738,2967,1872,201,59,60560,32475,0.9327939200705849,1561,961,12646,19116,27054,17483,5570,10508,48280,38021,0,0,3352,749,5178,3032,14956,2866,4851,0,0,27967,33681,391,2715,0,0,0,0,0
808,11461,809.1812125830644,99736,2913,1800,202,60,60932,32691,0.9387081896205984,1567,964,12597,19106,27219,17651,5501,10418,48292,38033,0,0,3305,735,5144,3063,15110,2945,4842,0,0,28135,33384,384,2689,0,0,0,0,0
809,11461,810.1584389662519,99735,2902,1784,203,60,61298,32933,0.9448137564546047,1551,941,12583,19096,27320,17773,5440,10345,48304,38045,0,0,3263,726,5111,3073,15292,3005,4840,0,0,28247,33130,379,2669,0,0,0,0,0
810,11461,811.1322603703134,99734,2877,1798,204,60,61686,33165,0.9510397657769667,1493,917,12581,19086,27465,17867,5379,10271,48316,38057,0,0,3213,717,5072,3095,15466,3075,4841,0,0,28329,32915,371,2640,0,0,0,0,0
811,11461,812.1022650343583,99734,2868,1745,204,60,62064,33380,0.9569855816471815,1462,919,12546,19074,27604,18011,5315,10190,48328,38069,0,0,3173,702,5036,3122,15597,3160,4837,0,0,28470,32649,365,2623,0,0,0,0,0
812,11461,813.0679200722399,99733,2838,1750,204,61,62437,33608,0.9630212667823088,1430,898,12510,19061,27749,18125,5268,10104,48340,38081,0,0,3132,690,5006,3147,15745,3236,4828,0,0,28562,32417,357,2613,0,0,0,0,0
813,11461,814.0295053797596,99730,2831,1720,206,62,62804,33838,0.9690363982753434,1420,866,12514,19048,27827,18275,5201,10028,48352,38093,0,0,3084,680,4971,3156,15904,3309,4834,0,0,28667,32180,349,2596,0,0,0,0,0
814,11461,815.307439969886,99727,2758,1687,208,63,63233,34118,0.9761749576343417,1405,893,12464,19027,28021,18412,5143,9917,48364,38105,0,0,3028,670,4917,3170,16103,3397,4842,0,0,28842,31847,342,2569,0,0,0,0,0
815,11461,816.2613236436265,99724,2711,1681,210,64,63549,34327,0.9814688540371426,1372,892,12470,19013,28139,18511,5097,9838,48376,38116,0,0,2988,662,4889,3180,16257,3465,4842,0,0,28905,31636,339,2561,0,0,0,0,0
816,11461,817.212215847917,99722,2686,1660,212,64,63872,34510,0.986562644150739,1379,910,12461,19006,28210,18584,5051,9775,48387,38127,0,0,2944,652,4858,3191,16407,3520,4846,0,0,29001,31426,338,2539,0,0,0,0,0
817,11461,818.1605272143992,99722,2628,1671,212,64,64186,34742,0.9920378652654379,1366,853,12445,19016,28343,18673,5005,9722,48398,38138,0,0,2888,647,4824,3199,16579,3572,4864,0,0,29098,31202,331,2518,0,0,0,0,0
818,11461,819.1059751990988,99721,2605,1652,213,64,64515,34941,0.9973425858144223,1369,841,12440,19020,28419,18747,4953,9675,48409,38149,0,0,2853,641,4793,3196,16724,3651,4866,0,0,29167,30999,327,2504,0,0,0,0,0
819,11461,820.0491233955845,99721,2575,1621,213,64,64814,35142,1.0023565748438144,1354,836,12441,19015,28508,18849,4908,9614,48420,38160,0,0,2812,635,4764,3205,16872,3716,4866,0,0,29251,30789,325,2486,0,0,0,0,0
820,11461,821.3033033174111,99721,2548,1540,213,64,65233,35379,1.0089349284503766,1280,856,12442,18983,28659,19027,4857,9529,48431,38171,0,0,2762,624,4720,3236,17106,3778,4859,0,0,29364,30499,316,2457,0,0,0,0,0
821,11461,822.2407689194519,99719,2511,1576,215,64,65547,35611,1.0144305498450645,1235,811,12429,18969,28793,19105,4816,9474,48442,38182,0,0,2730,617,4695,3250,17234,3842,4845,0,0,29467,30282,312,2445,0,0,0,0,0
822,11461,823.174976594465,99717,2503,1546,217,64,65857,35779,1.0192444618269703,1201,834,12459,18968,28841,19177,4778,9410,48453,38193,0,0,2694,606,4668,3271,17356,3909,4836,0,0,29534,30104,308,2431,0,0,0,0,0
823,11461,824.1081225889205,99717,2493,1540,217,64,66138,35961,1.0238876019134149,1195,842,12493,18969,28854,19244,4747,9340,48464,38204,0,0,2672,600,4648,3292,17491,3960,4808,0,0,29598,29926,305,2417,0,0,0,0,0
824,11461,825.0407737893166,99714,2441,1532,218,66,66421,36161,1.0287622600637825,1174,807,12506,18958,28953,19353,4707,9283,48475,38215,0,0,2636,587,4624,3311,17594,4044,4798,0,0,29676,29738,303,2403,0,0,0,0,0
825,11461,826.2808960053883,99713,2423,1555,219,66,66814,36432,1.0354316889472788,1139,765,12515,18980,29048,19427,4655,9206,48486,38225,0,0,2590,577,4593,3319,17759,4142,4803,0,0,29711,29532,302,2385,0,0,0,0,0
826,11461,827.2090393665104,99712,2356,1529,220,66,67075,36602,1.0397645218228497,1146,768,12533,18994,29132,19501,4612,9141,48497,38235,0,0,2552,575,4559,3319,17897,4213,4804,0,0,29766,29357,297,2373,0,0,0,0,0
827,11461,828.135593012249,99711,2344,1499,221,66,67383,36768,1.0445286879080542,1109,774,12550,19010,29199,19562,4576,9088,48508,38245,0,0,2522,566,4527,3328,18032,4285,4799,0,0,29808,29189,296,2359,0,0,0,0,0
828,11461,829.0605275859019,99711,2297,1498,221,66,67654,36941,1.0489815566988596,1062,765,12580,19021,29294,19623,4545,9026,48519,38255,0,0,2482,559,4500,3339,18158,4350,4799,0,0,29856,29025,295,2348,0,0,0,0,0
829,11461,830.2907893662008,99710,2242,1461,221,67,67988,37170,1.0546384515093772,1039,723,12586,19033,29405,19750,4506,8965,48529,38265,0,0,2447,547,4471,3342,18337,4432,4791,0,0,29925,28796,295,2327,0,0,0,0,0
830,11461,831.2117449061624,99710,2176,1429,221,67,68207,37334,1.0584795908133589,1050,707,12594,19052,29477,19826,4481,8918,48539,38275,0,0,2422,539,4450,3356,18436,4504,4776,0,0,30004,28621,291,2311,0,0,0,0,0
831,11461,832.1311763457376,99709,2108,1423,221,68,68469,37513,1.0629130770542279,1000,671,12606,19086,29613,19892,4451,8859,48549,38285,0,0,2392,534,4422,3375,18547,4590,4769,0,0,30045,28452,288,2295,0,0,0,0,0
832,11461,833.0481576362256,99706,2066,1382,223,69,68696,37665,1.0667462339277476,1012,695,12626,19085,29658,19953,4414,8815,48559,38295,0,0,2368,531,4395,3380,18653,4659,4759,0,0,30099,28290,285,2287,0,0,0,0,0
833,11461,834.2689690387089,99706,1996,1366,223,69,68995,37870,1.0718010952199466,994,663,12653,19125,29756,20005,4377,8771,48569,38305,0,0,2333,523,4363,3374,18821,4742,4757,0,0,30135,28106,283,2269,0,0,0,0,0
834,11461,835.18331422596,99705,1927,1336,224,69,69213,38038,1.0756832656336193,1013,634,12694,19142,29790,20099,4351,8719,48579,38315,0,0,2312,518,4342,3392,18929,4810,4733,0,0,30208,27934,274,2253,0,0,0,0,0
835,11461,836.0970442899494,99704,1896,1329,225,69,69431,38183,1.0793348311000561,1005,617,12707,19152,29836,20154,4330,8678,48589,38325,0,0,2292,515,4318,3399,19028,4871,4714,0,0,30247,27809,270,2241,0,0,0,0,0
836,11461,837.0101923968228,99704,1868,1307,225,69,69650,38326,1.082965578111209,972,615,12731,19150,29894,20220,4309,8638,48599,38335,0,0,2269,509,4287,3407,19137,4932,4700,0,0,30281,27684,269,2229,0,0,0,0,0
837,11461,838.2264631002671,99704,1837,1274,225,69,69940,38512,1.087739709540239,958,582,12740,19161,29965,20316,4274,8597,48609,38344,0,0,2236,505,4267,3413,19248,5012,4696,0,0,30361,27485,267,2214,0,0,0,0,0
838,11461,839.13760897647,99704,1844,1222,225,69,70166,38641,1.0913002487362593,953,585,12780,19185,29954,20384,4243,8554,48619,38353,0,0,2209,501,4251,3412,19357,5068,4692,0,0,30387,27358,264,2205,0,0,0,0,0
839,11461,840.0490098734437,99702,1847,1203,227,69,70378,38774,1.0947824517060842,917,595,12851,19186,29934,20425,4223,8521,48629,38362,0,0,2196,496,4233,3409,19463,5112,4684,0,0,30432,27220,263,2194,0,0,0,0,0
840,11461,841.2651668563885,99701,1803,1186,227,70,70663,38971,1.099627887383276,904,551,12887,19209,29991,20503,4187,8480,48639,38371,0,0,2162,489,4209,3432,19574,5196,4669,0,0,30491,27043,261,2175,0,0,0,0,0
841,11461,842.1766294165516,99701,1770,1165,227,70,70872,39100,1.1030180238914353,892,542,12928,19237,30021,20546,4161,8439,48649,38380,0,0,2137,483,4188,3443,19629,5272,4664,0,0,30546,26912,258,2169,0,0,0,0,0
842,11461,843.0880111146513,99701,1734,1147,227,70,71055,39220,1.1060571107611759,885,543,12970,19272,30042,20581,4141,8386,48659,38389,0,0,2117,481,4171,3441,19715,5330,4655,0,0,30571,26801,258,2161,0,0,0,0,0
843,11461,844.302991844085,99701,1679,1101,227,70,71311,39377,1.1101994964945185,892,521,13021,19323,30074,20650,4106,8334,48668,38398,0,0,2103,476,4146,3446,19818,5428,4635,0,0,30610,26634,255,2150,0,0,0,0,0
844,11461,845.2142556254062,99700,1621,1046,228,70,71484,39479,1.1129689067201605,869,534,13077,19323,30113,20728,4091,8298,48677,38407,0,0,2085,473,4128,3460,19891,5494,4614,0,0,30663,26499,253,2140,0,0,0,0,0
845,11461,846.1254208361065,99700,1615,1044,228,70,71683,39603,1.116208625877633,817,515,13130,19335,30152,20769,4057,8266,48686,38416,0,0,2066,469,4113,3478,19934,5555,4600,0,0,30718,26383,249,2135,0,0,0,0,0
846,11461,847.0362109437187,99696,1573,1022,232,70,71871,39718,1.1192926496549511,794,484,13172,19396,30186,20806,4042,8221,48695,38425,0,0,2048,465,4100,3468,20029,5616,4594,0,0,30722,26278,247,2129,0,0,0,0,0
847,11461,848.2502246420611,99695,1519,980,233,70,72107,39855,1.123045288128793,780,490,13206,19428,30255,20862,4006,8169,48704,38434,0,0,2019,461,4076,3487,20153,5681,4577,0,0,30739,26144,243,2115,0,0,0,0,0
848,11461,849.1599764452621,99694,1495,963,234,70,72281,39960,1.1258551166569704,759,472,13257,19484,30274,20881,3980,8129,48713,38443,0,0,2004,458,4057,3478,20212,5743,4569,0,0,30779,26046,242,2106,0,0,0,0,0
849,11461,850.0696953688765,99694,1474,962,234,70,72461,40076,1.1288242020582984,707,470,13315,19505,30306,20909,3963,8083,48722,38452,0,0,1988,452,4046,3487,20301,5786,4557,0,0,30794,25947,238,2098,0,0,0,0,0
850,11461,851.2826130050147,99692,1449,923,235,71,72687,40205,1.1324078160735065,702,469,13356,19562,30319,20943,3938,8031,48731,38460,0,0,1972,444,4030,3484,20420,5841,4543,0,0,30820,25813,236,2089,0,0,0,0,0
851,11461,852.1923293097342,99691,1414,916,235,72,72847,40318,1.1351576370986347,688,458,13389,19597,30349,20958,3924,7998,48740,38468,0,0,1958,443,4018,3486,20486,5892,4532,0,0,30854,25703,232,2087,0,0,0,0,0
852,11461,853.1020741452456,99690,1401,872,236,72,73010,40406,1.1376868291704283,670,455,13454,19631,30332,20999,3906,7970,48749,38476,0,0,1940,441,4003,3487,20575,5931,4525,0,0,30879,25601,230,2078,0,0,0,0,0
853,11461,854.0125082139058,99688,1380,869,237,73,73173,40528,1.1405685739507263,676,447,13481,19653,30336,21028,3889,7929,48758,38484,0,0,1923,437,3994,3481,20658,5976,4520,0,0,30902,25499,230,2068,0,0,0,0,0
854,11461,855.2270409998855,99688,1350,834,237,73,73378,40652,1.1438688708771367,662,449,13542,19706,30346,21069,3862,7868,48767,38492,0,0,1907,430,3973,3488,20736,6043,4503,0,0,30954,25368,229,2057,0,0,0,0,0
855,11461,856.1381576538532,99688,1314,833,237,73,73511,40755,1.1462362571222213,669,423,13593,19733,30346,21087,3840,7850,48776,38500,0,0,1895,428,3964,3480,20809,6089,4491,0,0,30958,25293,229,2052,0,0,0,0,0
856,11461,857.0494881801275,99688,1269,822,237,73,73664,40846,1.1486838937484953,645,418,13636,19777,30393,21083,3819,7826,48785,38508,0,0,1877,426,3949,3483,20868,6141,4474,0,0,30997,25202,229,2042,0,0,0,0,0
857,11461,858.2642298326396,99688,1228,782,237,73,73846,40968,1.1517334082336892,612,405,13733,19828,30393,21135,3796,7776,48794,38516,0,0,1862,424,3926,3485,20954,6201,4460,0,0,31054,25062,226,2034,0,0,0,0,0
858,11461,859.1760121951444,99687,1192,774,238,73,73974,41058,1.1539318065545157,601,392,13780,19889,30404,21134,3784,7737,48803,38524,0,0,1847,422,3916,3489,21003,6251,4452,0,0,31071,24982,223,2031,0,0,0,0,0
859,11461,860.0881433948957,99686,1159,752,239,73,74103,41133,1.155989807997111,597,400,13838,19944,30397,21128,3769,7702,48811,38532,0,0,1839,420,3906,3493,21043,6301,4439,0,0,31116,24887,220,2022,0,0,0,0,0
860,11461,861.0012477921127,99686,1164,749,239,73,74252,41228,1.1584374937303132,560,379,13896,19988,30390,21132,3750,7678,48819,38540,0,0,1826,411,3895,3494,21099,6339,4432,0,0,31142,24812,219,2017,0,0,0,0,0
861,11461,862.2194430105536,99684,1130,734,240,74,74424,41345,1.1613598972753902,541,367,13969,20042,30398,21144,3721,7638,48827,38548,0,0,1806,407,3876,3498,21167,6402,4421,0,0,31164,24717,219,2007,0,0,0,0,0
862,11461,863.1335186416715,99684,1075,722,240,74,74532,41438,1.1633762690100717,569,351,14034,20083,30375,21155,3706,7614,48835,38556,0,0,1796,404,3859,3501,21223,6447,4408,0,0,31206,24623,217,2000,0,0,0,0,0
863,11461,864.0487002647317,99684,1060,720,240,74,74664,41529,1.1656133381485494,544,322,14102,20148,30358,21146,3695,7589,48843,38564,0,0,1778,403,3847,3508,21285,6480,4400,0,0,31224,24548,215,1996,0,0,0,0,0
864,11461,865.2705244095141,99683,1042,672,240,75,74826,41626,1.1682232677587954,515,328,14188,20231,30344,21144,3670,7549,48851,38572,0,0,1765,401,3830,3509,21350,6543,4389,0,0,31246,24450,213,1987,0,0,0,0,0
865,11461,866.1880992768517,99683,1040,662,240,75,74950,41696,1.1701694371156566,499,331,14271,20287,30294,21123,3655,7521,48859,38580,0,0,1756,398,3818,3508,21402,6579,4378,0,0,31257,24390,213,1984,0,0,0,0,0
866,11461,867.1072134090358,99682,1018,655,240,76,75053,41772,1.171976886499067,507,315,14334,20329,30268,21121,3632,7503,48867,38587,0,0,1741,396,3810,3513,21446,6611,4372,0,0,31282,24321,213,1977,0,0,0,0,0
867,11461,868.0276205701022,99682,1015,635,240,76,75167,41847,1.1738729158724746,490,310,14403,20383,30234,21121,3617,7474,48875,38594,0,0,1734,394,3798,3517,21500,6651,4357,0,0,31282,24269,212,1968,0,0,0,0,0
868,11461,869.2566280222177,99682,974,639,240,76,75314,41954,1.176421018839911,488,289,14488,20453,30210,21104,3599,7438,48883,38601,0,0,1727,393,3787,3514,21552,6716,4343,0,0,31284,24189,211,1966,0,0,0,0,0
869,11461,870.1797436250544,99682,928,628,240,76,75420,42017,1.1781164101843864,470,307,14575,20486,30192,21087,3594,7415,48891,38608,1,1,1712,393,3779,3516,21589,6763,4334,0,0,31303,24127,211,1955,0,0,0,0,0
870,11461,871.1039837428767,99682,917,615,240,76,75542,42085,1.1800224714592404,429,302,14651,20545,30177,21073,3585,7388,48899,38615,2,2,1703,388,3775,3519,21625,6806,4323,0,0,31327,24059,211,1945,1,0,0,0,0
871,11461,872.0292224529968,99682,854,600,240,76,75613,42153,1.1814169057603179,445,301,14724,20579,30165,21086,3571,7357,48907,38622,3,3,1689,383,3763,3519,21687,6840,4318,0,0,31333,23998,211,1939,1,0,0,0,1
872,11461,873.2646623178856,99681,833,583,241,76,75749,42235,1.1836157341920728,436,309,14822,20657,30127,21069,3540,7305,48915,38629,4,4,1677,379,3753,3521,21761,6878,4305,0,0,31336,23927,210,1931,1,0,0,0,2
873,11461,874.1926921326952,99679,833,562,241,78,75852,42303,1.1853549895163475,441,302,14872,20705,30081,21072,3531,7280,48923,38636,6,5,1666,374,3739,3527,21825,6904,4298,0,0,31331,23875,207,1928,1,2,0,0,2
874,11461,875.1221837505954,99678,825,540,242,78,75956,42362,1.18700214691306,425,301,14923,20757,30065,21062,3519,7261,48931,38643,9,6,1657,373,3732,3531,21869,6946,4287,0,0,31314,23832,207,1922,1,5,0,0,2
875,11461,876.0525995506506,99677,820,555,243,78,76069,42443,1.188960341904351,384,274,14975,20822,30068,21028,3509,7242,48939,38650,13,7,1650,369,3726,3530,21908,6983,4272,0,0,31320,23783,206,1918,3,6,0,0,3
876,11461,877.2939809973304,99677,815,555,243,78,76203,42532,1.1911975681451088,379,246,15067,20911,30011,20992,3484,7217,48947,38657,18,8,1634,367,3713,3534,21961,7026,4265,0,0,31315,23728,206,1910,3,9,0,0,6
877,11461,878.2265991668576,99676,804,534,244,78,76294,42582,1.1926241020907742,383,255,15116,20947,29980,20990,3472,7195,48955,38664,25,9,1627,365,3711,3533,22007,7056,4255,0,0,31310,23676,204,1908,3,14,0,0,7
878,11461,879.1605973713276,99676,771,530,244,78,76382,42650,1.1941891729202616,378,230,15189,21001,29955,20981,3462,7179,48962,38671,33,10,1618,365,3705,3537,22045,7091,4239,0,0,31324,23615,204,1902,3,17,0,0,11
879,11461,880.0959326100085,99675,765,507,245,78,76476,42701,1.1956558816152496,369,231,15273,21049,29902,20964,3445,7170,48969,38678,43,11,1608,362,3692,3536,22098,7116,4236,0,0,31326,23559,203,1899,4,20,1,0,15
880,11461,881.0330569100526,99675,765,505,245,78,76565,42762,1.1971607725106597,359,225,15331,21114,29861,20917,3438,7160,48976,38685,55,12,1602,361,3687,3528,22139,7142,4228,0,0,31333,23505,203,1898,4,25,2,0,18
881,11461,882.2851096407311,99675,738,501,245,78,76686,42846,1.1992174567343867,341,217,15441,21165,29813,20887,3421,7151,48983,38692,69,13,1590,358,3679,3530,22212,7170,4219,0,0,31340,23422,202,1891,4,30,2,0,26
882,11461,883.225618703636,99675,730,471,245,78,76769,42882,1.2004113368447453,339,234,15499,21211,29773,20858,3413,7147,48990,38699,85,14,1583,357,3673,3524,22255,7202,4215,0,0,31333,23371,201,1886,4,38,2,0,31
883,11461,884.1677409657018,99675,711,460,245,78,76855,42926,1.2017155756207676,334,239,15569,21238,29734,20835,3406,7149,48997,38706,104,15,1573,355,3668,3519,22282,7241,4211,0,0,31335,23323,200,1878,6,45,4,0,35
884,11461,885.1112035791875,99674,708,449,245,79,76949,42973,1.2031422437145094,311,248,15636,21282,29697,20798,3402,7143,49004,38712,125,17,1565,350,3660,3520,22332,7269,4205,0,0,31314,23280,198,1873,6,53,4,0,45
885,11461,886.0562574732571,99674,692,432,245,79,77024,43026,1.204426430162329,310,239,15707,21323,29647,20775,3398,7151,49011,38718,149,19,1560,349,3649,3519,22368,7304,4198,0,0,31302,23230,198,1870,6,65,5,0,51
886,11461,887.0031459252449,99674,672,444,245,79,77092,43099,1.2058410417962557,307,213,15767,21376,29618,20743,3390,7144,49018,38724,176,21,1552,348,3642,3517,22394,7338,4190,0,0,31300,23178,198,1866,7,76,6,0,62
887,11461,888.2680805369063,99673,642,427,245,80,77187,43151,1.2073279624371696,314,208,15877,21434,29544,20710,3377,7140,49025,38730,206,23,1545,347,3628,3515,22437,7383,4184,0,0,31283,23117,197,1858,8,88,10,0,73
888,11461,889.2191641856807,99673,642,413,245,80,77260,43195,1.2085018008889068,306,200,15953,21500,29487,20663,3366,7143,49032,38736,240,26,1540,345,3621,3508,22460,7423,4179,0,0,31268,23074,197,1854,10,100,10,0,84
889,11461,890.172292822415,99673,606,399,245,80,77316,43237,1.2094850160023276,328,208,16033,21542,29426,20617,3361,7153,49039,38742,277,29,1531,344,3612,3514,22486,7459,4171,0,0,31248,23034,194,1848,11,115,12,0,94
890,11461,891.1276038939793,99673,593,384,245,80,77394,43279,1.2106889528759042,317,215,16112,21571,29378,20582,3354,7167,49046,38748,318,32,1520,344,3603,3512,22499,7498,4161,0,0,31246,22983,194,1843,13,137,14,0,106
891,11461,892.084696457005,99673,594,373,245,80,77475,43321,1.2119229881713203,288,225,16182,21602,29344,20544,3346,7175,49053,38754,363,36,1514,342,3596,3503,22537,7529,4160,0,0,31233,22922,193,1838,14,148,15,0,129
892,11461,893.0432732320439,99673,580,379,245,80,77535,43373,1.2130466625866583,275,217,16260,21633,29295,20499,3344,7191,49060,38760,412,40,1510,342,3589,3503,22539,7575,4149,0,0,31212,22880,193,1832,17,167,17,0,148
893,11461,894.0037130415353,99673,558,401,245,80,77609,43440,1.214461288413111,265,189,16342,21683,29247,20433,3342,7213,49067,38766,465,45,1504,339,3582,3499,22546,7624,4145,0,0,31194,22825,191,1831,18,188,17,0,170
894,11461,895.2874586273388,99673,533,391,245,80,77697,43499,1.2159361110832423,262,191,16443,21766,29190,20348,3326,7223,49074,38772,522,50,1496,336,3569,3497,22571,7671,4134,0,0,31183,22757,191,1827,19,212,21,0,189
895,11461,896.252312747655,99673,539,374,245,80,77772,43545,1.2171500807640987,252,186,16540,21813,29105,20291,3318,7255,49081,38778,584,56,1488,334,3561,3489,22605,7703,4128,0,0,31146,22712,191,1823,23,242,22,0,206
896,11461,897.2198229466193,99673,531,369,245,80,77832,43605,1.2183540176376753,270,157,16601,21856,29038,20254,3314,7283,49088,38784,650,62,1480,334,3550,3490,22627,7738,4122,0,0,31128,22647,190,1816,25,272,25,0,229
897,11461,898.1897319637645,99673,513,359,245,80,77890,43646,1.219347265558376,281,161,16689,21902,28966,20179,3305,7318,49095,38790,721,69,1475,333,3538,3486,22649,7772,4114,0,0,31098,22585,189,1814,27,302,33,0,258
898,11461,899.162215955292,99672,495,350,246,80,77946,43692,1.2203828557669154,282,148,16778,21943,28890,20120,3308,7358,49102,38796,797,77,1469,333,3528,3483,22645,7819,4104,0,0,31091,22522,187,1812,30,334,35,0,280
899,11461,900.1372775150999,99672,493,335,246,80,77998,43712,1.2211052251384542,287,179,16825,21973,28851,20101,3297,7331,49102,38796,797,77,1466,333,3520,3484,22671,7831,4102,0,0,31091,22497,187,1811,30,334,35,0,280
900,11461,900.1372775150999,99671,492,336,246,81,78016,43728,1.221458598790019,299,178,16837,21948,28828,20067,3297,7389,49102,38796,878,86,1464,332,3513,3484,22660,7855,4101,2,11,31058,22450,187,1807,32,358,42,0,315
901,11461,901.1145966052674,99671,494,320,246,81,78085,43765,1.2225220977014377,296,183,16922,21974,28755,20014,3286,7427,49102,38796,964,95,1460,332,3504,3485,22666,7893,4098,6,52,30987,22376,186,1804,33,395,46,1,347
902,11461,902.0943858853203,99671,499,320,246,81,78151,43808,1.2236156956386512,313,177,16990,22008,28676,19940,3275,7473,49102,38796,1055,105,1458,331,3495,3481,22673,7932,4096,8,84,30912,22315,186,1798,36,439,50,1,376
903,11461,903.076602954332,99671,504,311,246,81,78231,43846,1.2247995906532492,318,192,17045,22043,28617,19851,3269,7521,49102,38796,1151,116,1456,330,3484,3478,22693,7971,4093,10,115,30827,22246,185,1794,37,483,54,3,412
904,11461,904.0607447323558,99671,508,321,246,81,78309,43892,1.2260436837194368,324,198,17117,22061,28536,19749,3268,7589,49102,38796,1252,128,1453,327,3474,3483,22684,8020,4086,13,143,30762,22182,185,1790,39,521,58,4,447
905,11461,905.0475019680049,99671,517,316,246,81,78395,43942,1.2274081728888042,313,200,17201,22074,28468,19670,3254,7658,49102,38796,1359,141,1449,326,3461,3478,22704,8064,4080,17,176,30691,22110,185,1773,45,560,62,4,486
906,11461,906.0366584460188,99671,528,328,246,81,78488,43990,1.2288228271011628,288,196,17249,22090,28434,19573,3254,7731,49102,38796,1471,155,1448,326,3450,3473,22709,8114,4075,18,208,30616,22039,185,1767,49,599,66,5,524
907,11461,907.0270878988453,99671,519,325,246,81,78555,44030,1.2298963590211798,299,207,17315,22095,28369,19496,3251,7795,49102,38796,1589,170,1447,326,3440,3471,22711,8156,4071,19,247,30533,21960,184,1761,52,650,74,6,563
908,11461,908.0197965569666,99670,529,332,247,81,78626,44076,1.2310825724892145,308,213,17396,22113,28271,19396,3248,7864,49102,38796,1712,186,1445,326,3434,3470,22705,8201,4066,21,272,30452,21887,183,1757,55,702,77,8,609
909,11461,909.0153971159415,99669,538,337,247,82,78712,44137,1.232569806058052,295,202,17458,22137,28211,19306,3250,7935,49102,38796,1841,203,1442,325,3419,3469,22715,8248,4059,24,316,30357,21796,183,1751,58,761,83,8,655
910,11461,910.0133279110104,99669,545,346,247,82,78790,44190,1.2338841565582077,313,193,17511,22118,28139,19235,3244,8025,49102,38796,1975,221,1437,323,3409,3474,22715,8293,4051,29,343,30268,21712,183,1744,63,817,88,10,710
911,11461,911.013635536227,99669,536,345,247,82,78863,44235,1.2350680753293402,313,185,17590,22128,28066,19153,3247,8106,49102,38796,2115,241,1433,322,3405,3477,22722,8345,4044,33,370,30163,21621,182,1736,66,876,90,14,770
912,11461,912.0165857662079,99669,519,346,247,82,78937,44285,1.2363121933600216,323,186,17662,22126,27996,19051,3252,8208,49102,38796,2261,262,1430,321,3395,3479,22726,8407,4037,36,402,30054,21537,181,1727,72,933,96,14,822
913,11461,913.021991133172,99669,525,357,247,82,79014,44339,1.2376265438601772,325,200,17727,22109,27932,18954,3243,8297,49102,38796,2412,284,1426,319,3382,3483,22725,8455,4029,40,430,29965,21449,180,1718,79,990,103,14,882
914,11461,914.0294616154083,99668,531,359,248,82,79095,44391,1.2389733916603123,325,205,17781,22085,27871,18872,3243,8396,49102,38796,2569,308,1423,318,3373,3490,22726,8513,4022,43,458,29850,21363,179,1709,85,1054,108,16,938
915,11461,915.0389428684667,99668,543,353,248,82,79187,44439,1.240378055143075,319,211,17843,22070,27799,18783,3247,8500,49102,38796,2732,333,1418,316,3355,3492,22719,8582,4016,48,491,29744,21281,179,1699,91,1118,116,17,986
916,11461,916.0509046633939,99666,546,351,250,82,79262,44485,1.241617000782614,317,216,17906,22032,27729,18712,3251,8606,49102,38796,2900,360,1413,316,3344,3492,22715,8640,4011,53,520,29648,21172,177,1689,97,1176,121,20,1062
917,11461,917.0654963768299,99665,559,346,251,82,79344,44540,1.243004063613104,314,214,17992,22013,27627,18612,3256,8732,49102,38796,3074,389,1407,315,3329,3496,22715,8702,4005,59,552,29525,21081,177,1681,102,1252,127,21,1119
918,11461,918.0835300023705,99663,559,339,252,83,79422,44589,1.244303302128172,317,212,18063,21982,27543,18530,3265,8853,49102,38796,3253,419,1405,313,3312,3495,22711,8761,3995,61,591,29422,20965,177,1673,108,1321,137,22,1194
919,11461,919.1046101791138,99663,553,352,252,83,79503,44648,1.245708036081595,332,208,18106,21955,27477,18436,3279,8965,49102,38796,3438,451,1402,313,3294,3492,22705,8819,3989,64,622,29301,20865,177,1665,113,1410,147,25,1260
920,11461,920.1281129118603,99663,552,337,252,83,79579,44700,1.2469923642675818,347,203,18148,21949,27405,18328,3295,9099,49102,38796,3628,485,1397,312,3276,3494,22697,8886,3979,69,665,29180,20751,177,1654,118,1493,160,27,1328
921,11461,921.1541551947508,99663,573,341,252,83,79685,44746,1.248517503988441,301,223,18213,21928,27357,18189,3303,9235,49102,38796,3823,520,1392,311,3259,3493,22702,8938,3973,74,696,29036,20654,177,1648,122,1598,169,32,1389
922,11461,922.1823357405414,99663,573,352,252,83,79752,44809,1.2498218998023338,321,206,18269,21903,27268,18086,3316,9369,49102,38796,4023,557,1392,310,3250,3503,22677,9010,3961,74,722,28905,20550,176,1641,126,1693,175,36,1462
923,11461,923.2138374004239,99663,582,340,252,83,79834,44859,1.2511463632441326,330,207,18358,21867,27149,17990,3328,9512,49102,38796,4228,596,1385,310,3234,3504,22654,9083,3955,81,764,28775,20430,175,1634,130,1787,186,38,1538
924,11461,924.2493565740926,99661,580,344,253,84,79922,44918,1.2526464715385155,337,199,18403,21819,27080,17887,3346,9666,49102,38796,4438,637,1382,309,3215,3503,22642,9163,3946,84,787,28660,20312,175,1625,133,1858,200,39,1628
925,11461,925.287529326344,99661,588,358,253,84,80018,44976,1.2541917098965494,340,195,18445,21784,27006,17768,3367,9810,49102,38796,4653,680,1380,308,3201,3506,22629,9237,3939,86,820,28509,20206,173,1615,140,1963,210,39,1700
926,11461,926.3283091752194,99661,582,363,253,84,80108,45032,1.2556566761320878,340,187,18502,21723,26940,17676,3382,9966,49102,38796,4873,725,1377,305,3181,3511,22623,9303,3930,89,858,28376,20071,173,1604,149,2051,224,41,1795
927,11461,927.0238025850058,99661,588,357,253,84,80164,45067,1.2565697715254713,347,186,18530,21670,26871,17582,3410,10120,49102,38796,5097,773,1377,305,3164,3514,22578,9382,3923,89,878,28268,19958,173,1595,155,2138,235,48,1881
928,11461,928.0697403995047,99661,591,344,253,84,80260,45105,1.257914329577267,334,195,18607,21630,26774,17466,3440,10280,49102,38796,5325,823,1375,305,3147,3513,22555,9459,3915,91,916,28118,19842,172,1589,160,2247,250,52,1955
929,11461,929.1195058924383,99661,600,355,253,84,80342,45167,1.2593592277821817,335,177,18656,21583,26696,17347,3459,10453,49102,38796,5558,875,1374,304,3129,3524,22513,9547,3904,92,939,27991,19719,171,1581,164,2340,263,56,2050
930,11461,930.1723171380504,99660,586,355,253,85,80416,45215,1.2605960264900662,363,181,18688,21514,26619,17244,3490,10620,49102,38796,5795,929,1369,303,3107,3528,22474,9641,3894,97,962,27859,19599,170,1576,168,2437,275,63,2138
931,11461,931.2282103758896,99660,629,355,253,85,80539,45269,1.2623720650210717,356,191,18725,21448,26522,17143,3514,10777,49102,38796,6035,986,1363,303,3084,3533,22433,9730,3885,102,997,27720,19459,170,1570,170,2543,293,63,2242
932,11461,932.2872201340144,99660,627,359,253,85,80622,45325,1.2637668071442907,383,205,18739,21375,26444,17027,3553,10948,49102,38796,6279,1045,1363,299,3073,3539,22401,9817,3881,101,1030,27585,19309,169,1561,174,2639,300,71,2348
933,11461,933.349009227307,99660,627,349,253,85,80723,45377,1.2653020268914308,362,217,18777,21319,26392,16922,3588,11107,49102,38796,6527,1106,1359,295,3053,3544,22362,9926,3874,105,1070,27423,19181,168,1549,182,2748,314,72,2435
934,11461,934.0581685897056,99660,630,362,253,85,80789,45420,1.2663957455348185,357,217,18809,21241,26312,16801,3638,11293,49102,38796,6778,1170,1357,294,3035,3541,22308,10017,3871,107,1092,27299,19060,167,1542,189,2847,328,78,2528
935,11461,935.1254383287448,99660,614,373,253,85,80877,45479,1.2678707605859925,355,209,18857,21206,26244,16678,3676,11448,49102,38796,7032,1236,1354,293,3019,3551,22260,10128,3856,110,1124,27146,18924,167,1535,193,2953,340,79,2628
936,11461,936.195742235098,99660,635,366,253,85,80982,45526,1.2693959462171382,336,219,18898,21151,26156,16567,3721,11611,49102,38796,7289,1305,1348,293,3002,3552,22228,10215,3847,116,1156,26994,18791,167,1525,200,3066,352,86,2722
937,11461,937.2694227075468,99660,633,352,253,85,81077,45572,1.2708107565723459,345,231,18919,21081,26078,16455,3771,11795,49102,38796,7549,1377,1345,293,2984,3556,22176,10330,3837,118,1190,26840,18661,166,1513,206,3180,362,94,2809
938,11461,938.3463390552413,99659,637,366,254,85,81167,45636,1.2723687775313821,353,223,18959,21051,25978,16315,3818,11959,49102,38796,7811,1451,1344,292,2971,3560,22162,10412,3829,119,1218,26660,18519,166,1504,214,3307,365,100,2917
939,11461,939.0664087972318,99657,662,374,254,87,81252,45689,1.2737790621832887,330,208,18986,20954,25893,16211,3874,12165,49102,38796,8076,1528,1342,292,2942,3562,22105,10514,3824,121,1239,26512,18398,166,1495,222,3425,384,106,3008
940,11461,940.150735606072,99656,651,370,255,87,81339,45752,1.2752970217548367,345,208,18994,20892,25823,16095,3931,12347,49102,38796,8343,1608,1338,292,2918,3569,22058,10625,3816,123,1285,26342,18256,165,1482,229,3543,405,115,3095
941,11461,941.2380911297445,99655,663,345,256,87,81452,45799,1.2769153579850485,341,218,19021,20831,25728,15997,3990,12521,49102,38796,8612,1690,1336,290,2893,3570,22008,10747,3808,125,1317,26190,18111,163,1467,240,3649,420,132,3189
942,11461,942.3290502614005,99655,659,347,256,87,81545,45859,1.2784506547589183,351,208,19036,20789,25651,15863,4046,12705,49102,38796,8882,1775,1333,288,2871,3575,21964,10851,3800,128,1356,26018,17973,163,1457,247,3779,432,140,3280
943,11461,943.0582325813457,99655,660,352,256,87,81618,45901,1.27960463599418,341,210,19047,20706,25583,15746,4112,12898,49102,38796,9154,1863,1327,288,2852,3576,21907,10949,3795,134,1374,25863,17844,163,1449,254,3905,445,149,3381
944,11461,944.1555131991562,99654,646,349,257,87,81700,45959,1.281022337287013,363,215,19064,20646,25500,15626,4169,13076,49102,38796,9427,1954,1325,286,2828,3573,21847,11075,3790,136,1400,25689,17713,163,1445,254,4031,464,158,3477
945,11461,945.256190500707,99654,637,380,257,87,81793,46028,1.2826479619483413,369,204,19068,20539,25438,15519,4230,13270,49102,38796,9701,2047,1324,286,2804,3576,21799,11186,3782,137,1419,25518,17586,162,1433,263,4155,481,171,3572
946,11461,946.3595678313181,99654,652,380,257,87,81902,46088,1.2843438296505911,352,209,19072,20476,25374,15395,4292,13452,49102,38796,9976,2143,1323,285,2786,3575,21760,11293,3777,137,1450,25338,17437,162,1423,269,4285,493,180,3681
947,11461,947.0965791550161,99654,647,375,257,87,81970,46122,1.2853673711040199,358,221,19072,20389,25297,15279,4368,13648,49102,38796,10252,2242,1320,285,2767,3574,21696,11399,3771,140,1465,25183,17303,162,1417,275,4410,509,198,3780
948,11461,948.2059289056909,99654,671,393,257,87,82097,46194,1.2873642804102194,357,210,19076,20347,25211,15134,4427,13828,49102,38796,10529,2344,1319,285,2740,3570,21616,11546,3764,141,1486,25017,17177,161,1410,280,4534,527,207,3874
949,11461,949.3187771769213,99654,649,383,257,87,82196,46249,1.2889096273104943,351,230,19097,20297,25143,15004,4502,13998,49102,38796,10806,2449,1313,285,2716,3563,21571,11673,3757,147,1515,24842,17027,161,1406,282,4660,538,223,3975
950,11461,950.0625240465849,99654,667,383,257,87,82274,46291,1.290113793726293,341,227,19098,20213,25050,14892,4586,14197,49102,38796,11083,2556,1312,284,2694,3560,21504,11783,3755,148,1539,24681,16892,161,1395,292,4792,554,229,4079
951,11461,951.1829292151455,99654,660,385,257,87,82372,46344,1.2916290364661729,362,241,19121,20147,24929,14763,4670,14376,49102,38796,11360,2666,1304,284,2681,3565,21436,11913,3743,156,1555,24505,16757,160,1385,299,4922,565,238,4186
952,11461,952.3081329076317,99653,650,406,258,87,82470,46408,1.293267638706311,402,239,19134,20086,24809,14625,4746,14556,49102,38796,11637,2779,1300,284,2653,3565,21388,12026,3733,159,1571,24341,16608,160,1376,304,5042,587,251,4305
953,11461,953.0607726468347,99653,635,406,258,87,82531,46449,1.2942911904307948,429,250,19122,19997,24715,14501,4840,14758,49102,38796,11914,2895,1296,283,2633,3562,21327,12140,3730,163,1589,24168,16484,158,1368,312,5177,601,264,4398
954,11461,954.1946890639592,99653,636,408,258,87,82650,46517,1.296167701925682,431,235,19141,19941,24616,14384,4917,14944,49102,38796,12190,3014,1294,282,2613,3566,21282,12262,3717,165,1614,23982,16348,157,1349,323,5312,618,278,4491
955,11461,955.3333153030699,99653,638,414,258,87,82769,46594,1.2981345268080238,410,224,19168,19879,24528,14273,4997,15122,49102,38796,12466,3135,1287,281,2590,3565,21234,12387,3707,172,1644,23800,16202,156,1338,328,5445,636,290,4591
956,11461,956.094735628041,99653,654,414,258,87,82862,46636,1.2994892276198409,384,230,19157,19777,24445,14181,5101,15310,49102,38796,12741,3259,1285,281,2570,3566,21170,12510,3699,174,1648,23636,16071,156,1327,337,5563,653,306,4701
957,11461,957.2421508795182,99653,675,398,258,87,82974,46692,1.301175077518991,366,258,19168,19708,24339,14082,5193,15466,49102,38796,13015,3386,1282,281,2554,3574,21108,12636,3689,176,1676,23446,15919,155,1320,341,5704,662,319,4811
958,11461,958.0096968834698,99653,692,401,258,87,83046,46745,1.3024294301225252,372,252,19141,19620,24239,13984,5297,15655,49102,38796,13288,3516,1280,281,2539,3574,21048,12739,3685,178,1681,23279,15782,155,1307,353,5840,670,340,4922
959,11461,959.1661743852223,99653,663,416,258,87,83132,46827,1.3041152800216753,404,239,19163,19574,24124,13860,5387,15823,49102,38796,13560,3648,1278,280,2514,3572,20974,12889,3680,180,1710,23099,15639,155,1299,358,5966,685,357,5018
960,11461,960.3277233923689,99653,669,420,258,87,83248,46909,1.3061021745456736,406,238,19162,19495,24023,13769,5481,15990,49102,38796,13831,3783,1272,280,2489,3569,20897,13036,3673,186,1744,22927,15494,155,1291,362,6090,705,378,5105
961,11461,961.1047292500689,99652,681,441,258,88,83337,46961,1.307530205113796,392,219,19143,19424,23932,13647,5593,16180,49102,38796,14100,3921,1269,278,2476,3568,20803,13177,3670,189,1752,22760,15373,155,1286,365,6220,717,389,5205
962,11461,962.2755327607146,99652,687,419,258,88,83475,47026,1.3095672941837595,386,226,19134,19378,23835,13545,5699,16343,49102,38796,14367,4061,1265,277,2460,3566,20763,13319,3661,191,1787,22549,15226,155,1275,371,6356,726,413,5292
963,11461,963.0585638732822,99652,686,414,258,88,83550,47066,1.3107213101593544,386,234,19121,19311,23738,13422,5810,16530,49102,38796,14633,4204,1264,277,2443,3576,20664,13461,3647,192,1797,22377,15124,154,1264,380,6495,741,433,5363
964,11461,964.2388217043665,99652,681,410,258,88,83668,47137,1.3126179103279412,378,217,19121,19253,23665,13344,5896,16687,49102,38796,14897,4349,1262,277,2426,3580,20581,13622,3635,192,1828,22197,14983,152,1256,386,6620,751,454,5450
965,11461,965.0280889927034,99652,676,404,258,88,83733,47171,1.3136113675591057,383,232,19097,19196,23563,13228,6022,16851,49102,38796,15159,4497,1257,276,2406,3588,20483,13762,3627,196,1840,22026,14875,151,1249,392,6758,768,465,5533
966,11461,966.2172494234063,99652,663,421,258,88,83843,47255,1.3155581423353269,397,223,19113,19174,23461,13119,6107,16974,49102,38796,15419,4647,1254,275,2383,3593,20410,13910,3613,197,1864,21849,14723,151,1244,395,6882,784,490,5635
967,11461,967.0129332215969,99652,651,414,258,88,83912,47305,1.3167522979970296,386,215,19097,19092,23378,13043,6229,17147,49102,38796,15677,4799,1254,275,2360,3597,20335,14045,3606,197,1886,21662,14598,151,1235,402,7019,803,502,5725
968,11461,968.2119754977183,99651,636,402,259,88,84029,47362,1.3185116055032062,368,224,19110,19035,23286,12952,6340,17298,49102,38796,15933,4953,1245,275,2333,3594,20276,14188,3597,205,1919,21489,14450,149,1218,416,7137,819,518,5823
969,11461,969.0141558231546,99651,644,412,259,88,84098,47422,1.3198061233705634,378,200,19067,18961,23188,12859,6463,17479,49102,38796,16186,5110,1242,275,2314,3591,20207,14309,3594,208,1927,21315,14333,149,1203,427,7274,833,539,5911
970,11461,970.2233023467403,99650,652,427,260,88,84215,47495,1.321726041144004,362,204,19074,18920,23075,12745,6576,17615,49102,38796,16437,5269,1241,274,2295,3585,20127,14473,3589,208,1948,21129,14215,149,1192,435,7402,843,554,5991
971,11461,971.0326735142804,99650,654,411,260,88,84291,47529,1.322829904666332,366,205,19062,18848,22958,12659,6699,17788,49102,38796,16686,5430,1234,273,2276,3582,20043,14606,3586,215,1961,20977,14083,148,1183,443,7522,857,574,6087
972,11461,972.2541335336027,99650,656,414,260,88,84403,47593,1.3245960863020572,388,212,19034,18799,22843,12579,6818,17907,49102,38796,16932,5593,1231,271,2255,3581,19971,14753,3575,218,1982,20816,13948,148,1172,449,7638,870,590,6182
973,11461,973.0715575484093,99650,671,425,260,88,84495,47640,1.3259909683893627,363,220,19012,18719,22745,12476,6948,18071,49102,38796,17176,5758,1229,270,2237,3579,19896,14880,3570,220,1989,20633,13840,147,1165,455,7783,886,606,6265
974,11461,974.3040146313886,99650,678,417,260,88,84619,47710,1.3279377822378324,356,201,19009,18702,22633,12399,7063,18192,49102,38796,17417,5925,1224,268,2224,3584,19799,15045,3558,225,2018,20465,13697,147,1151,464,7907,892,633,6349
975,11461,975.1288600762986,99649,636,408,260,89,84665,47761,1.3289245250830415,388,188,18987,18674,22528,12306,7200,18334,49102,38796,17655,6093,1223,267,2202,3594,19732,15175,3545,226,2029,20293,13583,147,1144,468,8029,907,657,6428
976,11461,976.3735362362421,99649,636,384,260,89,84777,47820,1.3306405483246193,386,196,19000,18666,22400,12227,7317,18437,49102,38796,17891,6263,1218,267,2187,3596,19662,15328,3536,231,2054,20106,13451,146,1138,472,8153,913,681,6510
977,11461,977.2072454769271,99649,644,374,260,89,84855,47857,1.3317945990426396,371,197,18977,18625,22293,12149,7454,18565,49102,38796,18124,6435,1217,267,2172,3598,19576,15458,3529,232,2050,19952,13345,146,1125,481,8278,925,716,6582
978,11461,978.0452752474064,99649,660,359,260,89,84933,47894,1.33294864976066,361,204,18921,18562,22206,12075,7591,18710,49102,38796,18354,6608,1214,267,2158,3597,19478,15594,3523,235,2059,19802,13224,146,1112,490,8404,936,742,6668
979,11461,979.3085108919314,99649,646,350,260,89,85041,47955,1.3346446025549679,355,196,18922,18543,22108,11995,7708,18826,49102,38796,18581,6783,1213,266,2142,3601,19394,15749,3512,235,2085,19629,13085,145,1102,496,8528,945,768,6754
980,11461,980.1537725070817,99649,645,346,260,89,85124,47989,1.3358187237202581,346,194,18914,18493,21984,11911,7850,18966,49102,38796,18806,6959,1212,265,2128,3602,19291,15908,3505,236,2093,19449,12997,145,1091,503,8672,952,783,6817
981,11461,981.0037280984806,99649,634,358,260,89,85205,48041,1.3371534084637076,346,192,18883,18413,21893,11834,7983,19113,49102,38796,19028,7136,1209,263,2111,3608,19201,16049,3497,239,2097,19290,12885,145,1087,507,8792,964,803,6902
982,11461,982.2854639969104,99649,662,349,260,89,85345,48105,1.3392005940852392,325,192,18876,18409,21771,11745,8105,19215,49102,38796,19247,7314,1205,262,2094,3606,19124,16199,3491,243,2120,19127,12760,145,1078,507,8908,976,833,6971
983,11461,983.1438238001857,99649,661,333,260,89,85424,48138,1.3403245391323546,318,209,18835,18379,21687,11644,8238,19345,49102,38796,19463,7493,1200,259,2079,3605,19033,16331,3488,248,2129,18964,12659,145,1072,512,9047,985,863,7030
984,11461,984.0058273290589,99648,638,339,260,90,85487,48188,1.341471981374438,340,203,18791,18346,21601,11565,8369,19456,49102,38796,19676,7673,1197,255,2064,3601,18961,16462,3485,251,2135,18812,12550,145,1061,521,9156,999,881,7112
985,11461,985.3050753300884,99648,637,353,260,90,85604,48258,1.3433485870263326,339,184,18799,18357,21486,11486,8478,19529,49102,38796,19886,7854,1195,254,2040,3603,18896,16598,3475,253,2155,18643,12424,142,1057,523,9278,1017,903,7192
986,11461,986.1750795388738,99648,657,347,260,90,85691,48297,1.3446130378933847,332,188,18765,18337,21370,11403,8615,19634,49102,38796,20093,8036,1193,254,2028,3604,18825,16719,3468,255,2166,18486,12302,142,1048,527,9401,1025,919,7286
987,11461,987.049519887265,99648,669,341,260,90,85770,48342,1.3458574181117533,332,177,18744,18293,21235,11346,8759,19752,49102,38796,20297,8219,1189,254,2008,3600,18745,16848,3465,259,2159,18353,12203,142,1039,532,9504,1042,954,7352
988,11461,988.3702689747166,99648,680,331,260,90,85893,48392,1.3475935292228645,319,192,18716,18297,21127,11268,8897,19821,49102,38796,20499,8403,1185,253,1994,3597,18664,16989,3456,262,2171,18196,12092,142,1022,546,9624,1052,991,7412
989,11461,989.2548803448179,99648,669,345,260,90,85968,48450,1.3489282273603083,334,176,18663,18262,21036,11212,9037,19914,49102,38796,20698,8587,1184,252,1977,3597,18574,17137,3452,263,2167,18058,11989,142,1010,554,9721,1065,1016,7490
990,11461,990.1435338410862,99647,657,327,261,90,86040,48479,1.3499553423585255,342,181,18645,18222,20926,11151,9168,20028,49102,38796,20894,8772,1182,252,1959,3595,18490,17276,3446,264,2166,17917,11893,141,1003,559,9827,1078,1042,7557
991,11461,991.0368289383842,99647,647,318,261,90,86115,48523,1.3511495579395265,358,171,18614,18186,20826,11104,9293,20130,49102,38796,21087,8957,1178,249,1937,3599,18421,17408,3438,268,2173,17767,11782,141,996,561,9937,1095,1060,7637
992,11461,992.3845136766784,99646,615,321,262,90,86237,48583,1.35298958312426,347,176,18635,18219,20735,11015,9405,20178,49102,38796,21277,9142,1167,249,1909,3604,18355,17555,3427,279,2184,17615,11681,141,981,570,10035,1112,1090,7692
993,11461,993.28635726932,99645,625,330,262,91,86317,48627,1.3542475789051132,343,171,18624,18211,20611,10923,9534,20273,49102,38796,21464,9327,1163,249,1897,3607,18272,17674,3420,283,2181,17470,11583,140,976,574,10156,1122,1114,7764
994,11461,994.1931064748536,99645,619,328,262,91,86389,48667,1.3553715690701993,328,173,18599,18178,20521,10851,9670,20378,49102,38796,21648,9513,1163,249,1875,3604,18198,17796,3414,283,2192,17319,11492,140,969,579,10275,1141,1136,7820
995,11461,995.1046576177685,99644,610,324,263,91,86472,48703,1.3565794227449721,326,171,18563,18154,20424,10793,9813,20466,49102,38796,21829,9699,1160,248,1855,3594,18143,17910,3410,286,2190,17166,11406,140,955,592,10394,1153,1163,7879
996,11461,996.0203547338882,99644,588,317,263,91,86530,48741,1.357542852555096,342,174,18543,18123,20318,10734,9945,20560,49102,38796,22008,9885,1157,248,1837,3591,18065,18044,3404,287,2202,17022,11304,140,947,597,10508,1163,1183,7945
997,11461,997.4023421063787,99643,596,326,264,91,86650,48804,1.359393033128268,351,169,18550,18147,20193,10669,10045,20597,49102,38796,22184,10071,1152,247,1814,3601,17988,18184,3393,291,2216,16888,11188,140,940,602,10595,1181,1209,8014
998,11461,998.3281278140854,99642,599,324,265,91,86728,48840,1.3605507717629113,350,175,18494,18129,20103,10598,10188,20682,49102,38796,22357,10256,1149,246,1798,3604,17903,18315,3387,291,2217,16765,11096,140,931,607,10687,1192,1232,8082
999,11461,999.2587238382672,99642,603,340,265,91,86795,48884,1.361664759840228,346,173,18485,18105,19982,10530,10318,20760,49102,38796,22527,10441,1146,246,1786,3610,17822,18431,3376,294,2213,16634,11015,140,922,614,10793,1203,1254,8143
1000,11461,1000.1941207365218,99642,597,356,265,91,86874,48934,1.3629593946327854,335,177,18487,18091,19864,10447,10451,20837,49102,38796,22695,10626,1145,246,1768,3605,17732,18569,3369,295,2217,16498,10936,140,917,618,10901,1216,1277,8193
1001,11461,1001.1352370723283,99641,565,368,265,92,86936,48988,1.364137252737327,350,165,18482,18075,19773,10398,10564,20901,49102,38796,22860,10810,1141,245,1747,3611,17656,18699,3358,299,2213,16364,10852,140,910,623,10999,1231,1300,8253
1002,11461,1002.0811479144088,99641,566,365,265,92,87007,49024,1.3652111078772795,355,178,18465,18064,19656,10343,10692,20957,49102,38796,23022,10994,1138,243,1735,3608,17576,18823,3354,301,2223,16240,10759,140,897,633,11098,1239,1319,8315
1003,11461,1003.0322173938308,99641,555,356,265,92,87092,49058,1.366405395369376,354,182,18424,18040,19572,10301,10829,21028,49102,38796,23182,11177,1132,243,1720,3609,17485,18963,3347,307,2235,16111,10664,138,890,640,11190,1252,1338,8377
1004,11461,1004.4670884871081,99641,564,355,265,92,87225,49120,1.3683624210917193,315,174,18433,18107,19490,10228,10932,21043,49102,38796,23339,11360,1126,242,1704,3617,17395,19137,3337,311,2233,15986,10571,136,882,645,11254,1261,1364,8440
1005,11461,1005.4274035183068,99641,553,353,265,92,87299,49169,1.3695968527011972,310,169,18413,18098,19390,10170,11068,21117,49102,38796,23493,11542,1121,241,1688,3621,17312,19279,3331,316,2239,15853,10494,133,876,649,11346,1270,1385,8487
1006,11461,1006.3925428314491,99641,568,350,265,92,87370,49210,1.3707208879878765,313,168,18395,18100,19263,10110,11195,21179,49102,38796,23645,11723,1118,240,1679,3623,17226,19406,3325,319,2232,15739,10416,133,868,656,11433,1274,1408,8546
1007,11461,1007.363526752026,99641,537,339,265,92,87432,49250,1.3717445629811023,329,165,18350,18094,19182,10081,11336,21228,49102,38796,23794,11903,1113,240,1662,3623,17157,19534,3318,321,2238,15619,10313,132,864,656,11519,1284,1434,8614
1008,11461,1008.3396018670956,99641,552,332,265,92,87521,49293,1.3730693188546883,296,160,18337,18101,19090,10042,11459,21272,49102,38796,23941,12082,1110,240,1642,3620,17087,19655,3314,324,2244,15486,10232,132,863,656,11619,1295,1458,8664
1009,11461,1009.3203055793919,99641,551,335,265,92,87603,49343,1.3743940747282746,286,157,18336,18091,18984,10003,11577,21321,49102,38796,24085,12260,1105,240,1623,3617,17009,19791,3305,329,2246,15364,10164,132,855,662,11707,1307,1478,8707
1010,11461,1010.3062420872543,99641,543,324,265,92,87668,49377,1.375387641633464,284,170,18310,18098,18885,9941,11712,21374,49102,38796,24227,12437,1104,239,1611,3613,16929,19920,3301,329,2244,15238,10103,132,844,668,11804,1317,1503,8742
1011,11461,1011.2975784281547,99641,540,332,265,92,87738,49422,1.3765417850081794,299,161,18266,18107,18792,9888,11837,21419,49102,38796,24366,12613,1101,239,1596,3615,16867,20034,3293,331,2248,15120,10030,131,834,674,11889,1328,1519,8792
1012,11461,1012.2940165929506,99641,550,333,265,92,87820,49464,1.3777862526470028,305,172,18251,18115,18681,9832,11947,21455,49102,38796,24503,12788,1096,237,1579,3607,16799,20153,3290,336,2245,15004,9976,130,826,678,11980,1339,1547,8819
1013,11461,1013.2959306872207,99641,524,345,265,92,87888,49514,1.378970504109754,324,169,18248,18113,18580,9785,12058,21495,49102,38796,24638,12962,1090,237,1560,3609,16730,20273,3278,342,2238,14876,9913,129,822,679,12075,1355,1576,8859
1014,11461,1014.3031272643761,99641,524,338,265,92,87967,49557,1.3801948996898867,307,174,18250,18112,18481,9752,12172,21531,49102,38796,24770,13135,1088,237,1546,3612,16650,20395,3270,344,2242,14769,9836,129,821,679,12154,1365,1607,8897
1015,11461,1015.3159569833228,99641,522,353,265,92,88045,49614,1.3815497636515088,297,164,18244,18123,18391,9711,12280,21556,49102,38796,24900,13307,1085,237,1536,3611,16586,20518,3264,347,2229,14654,9767,128,815,680,12230,1372,1638,8944
1016,11461,1016.3343771128204,99641,523,351,265,92,88122,49661,1.3827942312903323,288,168,18263,18134,18283,9667,12377,21587,49102,38796,25028,13477,1084,237,1522,3612,16501,20648,3257,347,2233,14562,9695,128,809,683,12297,1383,1660,8983
1017,11461,1017.3583792116812,99641,536,340,265,92,88200,49704,1.3840085908411197,261,164,18277,18144,18183,9634,12477,21625,49102,38796,25154,13646,1083,236,1509,3611,16422,20776,3252,347,2236,14457,9628,128,804,686,12369,1392,1688,9017
1018,11461,1018.3846979890334,99641,528,329,265,92,88269,49747,1.3851326261277987,258,169,18287,18163,18077,9618,12584,21628,49102,38796,25278,13814,1080,235,1501,3615,16356,20886,3245,349,2233,14352,9553,127,795,692,12449,1397,1725,9051
1019,11461,1019.4107869742776,99641,536,322,265,92,88344,49790,1.3863168775905501,253,161,18285,18188,17985,9599,12675,21637,49102,38796,25399,13980,1078,234,1487,3612,16288,21000,3239,350,2241,14265,9470,127,788,698,12510,1406,1751,9097
1020,11461,1020.436724306813,99641,516,312,265,92,88414,49826,1.387380696701157,249,153,18317,18208,17879,9569,12773,21665,49102,38796,25518,14145,1075,233,1475,3606,16220,21122,3228,353,2247,14169,9400,127,783,699,12581,1412,1776,9135
1021,11461,1021.4618948872284,99641,505,311,265,92,88479,49871,1.3884846599291456,251,148,18308,18212,17784,9538,12886,21698,49102,38796,25635,14308,1074,231,1468,3608,16141,21252,3219,354,2239,14070,9347,127,776,702,12646,1416,1804,9167
1022,11461,1022.4871586060885,99641,483,293,265,92,88531,49915,1.3894481187462993,255,149,18325,18257,17685,9512,12986,21696,49102,38796,25750,14470,1068,230,1455,3611,16079,21366,3212,359,2241,13951,9289,127,769,704,12733,1423,1833,9191
1023,11461,1023.5123194818938,99641,504,286,265,92,88605,49951,1.3905520819742876,241,151,18329,18260,17572,9487,13088,21723,49102,38796,25863,14630,1066,230,1446,3608,16018,21466,3207,360,2237,13832,9232,127,767,706,12828,1428,1861,9222
1024,11461,1024.0241499534968,99641,497,290,265,92,88634,49968,1.3910137393241737,234,156,18313,18236,17472,9443,13218,21782,49102,38796,25974,14789,1065,230,1437,3610,15935,21568,3205,361,2231,13746,9177,126,766,707,12901,1435,1874,9267
1025,11461,1025.0501117756162,99641,497,293,265,92,88697,49997,1.391937054023946,234,163,18306,18275,17383,9391,13314,21785,49102,38796,26083,14946,1064,229,1432,3611,15881,21657,3201,360,2233,13619,9129,126,762,710,13005,1437,1894,9291
1026,11461,1026.0762024515984,99641,488,296,265,92,88760,50049,1.3930911973986613,244,150,18317,18304,17278,9358,13407,21799,49102,38796,26190,15102,1058,229,1424,3608,15818,21768,3197,366,2232,13518,9070,125,757,712,13076,1440,1921,9322
1027,11461,1027.1015201183604,99641,469,276,265,92,88814,50079,1.3939342238636705,243,154,18323,18335,17186,9342,13513,21800,49102,38796,26296,15256,1056,228,1413,3609,15752,21881,3193,368,2242,13428,9001,124,748,715,13135,1448,1948,9352
1028,11461,1028.1267238560458,99641,457,280,265,92,88883,50128,1.3951184753264219,232,135,18311,18374,17126,9296,13608,21822,49102,38796,26400,15408,1053,227,1402,3605,15692,21982,3186,371,2239,13332,8943,124,744,718,13211,1454,1982,9376
1029,11461,1029.1525788859872,99641,446,266,265,92,88943,50152,1.3959615017914313,233,144,18309,18419,17047,9258,13699,21820,49102,38796,26502,15559,1052,223,1388,3603,15632,22088,3183,372,2236,13244,8888,124,739,720,13273,1461,2008,9407
1030,11461,1030.1788367571473,99641,444,267,265,92,88995,50194,1.396904888549894,235,144,18303,18448,16967,9212,13785,21836,49102,38796,26602,15708,1050,222,1382,3601,15558,22202,3181,374,2242,13149,8829,124,735,721,13340,1466,2025,9440
1031,11461,1031.205531136081,99641,457,253,265,92,89070,50226,1.3979787436898465,233,140,18313,18489,16871,9182,13860,21843,49102,38796,26700,15855,1049,222,1373,3600,15483,22317,3174,375,2243,13070,8774,124,730,724,13392,1472,2054,9465
1032,11461,1032.2317781513675,99640,442,262,266,92,89128,50264,1.3989562424729025,248,133,18328,18520,16777,9137,13938,21855,49102,38796,26797,16001,1046,222,1363,3604,15419,22418,3166,378,2238,12980,8728,124,725,726,13456,1481,2072,9494
1033,11461,1033.2576079836629,99640,443,271,266,92,89195,50299,1.3999799277398635,254,137,18337,18541,16700,9105,13999,21853,49102,38796,26892,16145,1045,222,1351,3605,15361,22509,3157,379,2233,12903,8674,124,723,727,13512,1491,2095,9529
1034,11461,1034.2826687029715,99638,445,255,266,94,89261,50335,1.4010317348802666,246,135,18329,18569,16639,9094,14074,21852,49102,38796,26985,16287,1044,221,1341,3605,15301,22617,3155,380,2238,12812,8618,122,717,733,13568,1496,2115,9555
1035,11461,1035.307912640684,99637,460,255,266,95,89339,50374,1.402220058813493,230,117,18320,18601,16583,9068,14140,21863,49102,38796,27077,16428,1041,219,1336,3608,15233,22720,3152,382,2237,12735,8550,121,714,735,13620,1499,2138,9597
1036,11461,1036.3338036578648,99637,452,251,266,95,89398,50405,1.4031233377159087,223,122,18341,18645,16506,9023,14211,21863,49102,38796,27167,16567,1039,218,1329,3611,15172,22817,3146,383,2237,12656,8504,121,709,738,13672,1505,2165,9615
1037,11461,1037.3591171297055,99637,435,246,266,95,89441,50439,1.4038961429990866,220,124,18347,18685,16440,8992,14291,21857,49102,38796,27255,16704,1036,218,1324,3605,15130,22900,3140,386,2238,12583,8447,121,698,748,13723,1507,2189,9644
1038,11461,1038.3839189005328,99637,423,244,266,95,89493,50466,1.4046890211467626,220,134,18336,18741,16376,8945,14378,21840,49102,38796,27342,16840,1034,218,1321,3604,15061,23005,3138,387,2233,12504,8404,121,689,750,13785,1508,2200,9675
1039,11461,1039.4090008727812,99637,411,243,266,95,89545,50503,1.4055822636169295,230,121,18347,18768,16307,8929,14438,21843,49102,38796,27427,16974,1032,218,1312,3609,14995,23108,3128,389,2236,12437,8348,121,684,754,13826,1515,2222,9703
1040,11461,1040.4343244135214,99637,423,242,266,95,89611,50537,1.4065859068418358,211,113,18362,18791,16229,8909,14508,21849,49102,38796,27511,17106,1028,217,1305,3604,14950,23187,3123,393,2239,12362,8286,121,679,758,13882,1521,2240,9742
1041,11461,1041.4586683685684,99637,401,234,266,95,89657,50559,1.4072683842347722,216,139,18381,18818,16162,8872,14573,21841,49102,38796,27593,17236,1025,217,1296,3602,14884,23289,3115,396,2245,12284,8245,121,676,760,13941,1525,2252,9764
1042,11461,1042.4827099098852,99637,387,226,266,95,89708,50599,1.408181699569437,221,130,18393,18853,16097,8856,14635,21839,49102,38796,27674,17365,1024,216,1289,3601,14838,23377,3111,397,2254,12194,8189,121,673,763,14002,1529,2271,9788
1043,11461,1043.505992216617,99637,385,228,266,95,89762,50637,1.409105051336351,212,123,18425,18885,16015,8819,14696,21849,49102,38796,27754,17492,1021,216,1281,3600,14792,23462,3107,400,2252,12121,8140,121,672,763,14051,1531,2295,9812
1044,11461,1044.0165001078715,99637,386,229,266,95,89790,50652,1.4095366179230606,202,114,18391,18892,15965,8783,14789,21886,49102,38796,27832,17617,1021,215,1275,3604,14737,23532,3104,400,2242,12056,8100,121,671,763,14104,1537,2311,9844
1045,11461,1045.0398980386315,99637,381,218,266,95,89842,50679,1.4103294960707369,187,115,18423,18940,15895,8758,14847,21873,49102,38796,27909,17741,1019,215,1265,3607,14696,23616,3096,402,2230,11978,8058,121,669,762,14157,1542,2331,9873
1046,11461,1046.062590727377,99637,367,219,266,95,89876,50715,1.4110320463281714,193,102,18434,18986,15831,8728,14908,21869,49102,38796,27985,17863,1018,215,1255,3609,14654,23697,3092,403,2226,11904,8011,120,667,762,14205,1548,2351,9900
1047,11461,1047.0841005473599,99637,373,197,266,95,89927,50732,1.4117145237211077,188,112,18434,19016,15773,8708,14965,21871,49102,38796,28059,17983,1017,214,1246,3613,14614,23767,3087,404,2218,11831,7971,118,661,766,14261,1554,2375,9920
1048,11461,1048.105936796634,99636,361,197,267,95,89971,50756,1.4124111766831267,189,112,18447,19076,15707,8671,15028,21848,49102,38796,28132,18102,1015,214,1239,3612,14569,23848,3079,406,2208,11765,7937,118,657,769,14304,1560,2396,9940
1049,11461,1049.127313956232,99636,344,195,267,95,90020,50785,1.4131940262555702,170,106,18463,19145,15671,8643,15084,21815,49102,38796,28204,18219,1014,214,1231,3619,14520,23929,3069,407,2208,11709,7891,117,654,771,14340,1566,2420,9957
1050,11461,1050.1480308244472,99635,337,182,268,95,90058,50807,1.4138104079891605,173,111,18486,19207,15603,8610,15132,21794,49102,38796,28274,18334,1013,214,1226,3620,14469,24010,3066,407,2206,11638,7852,117,650,772,14391,1568,2443,9973
1051,11461,1051.1677447766338,99635,327,181,268,95,90102,50830,1.4144828624479349,174,114,18502,19259,15551,8575,15177,21775,49102,38796,28343,18448,1011,214,1219,3625,14407,24104,3058,409,2203,11583,7816,117,645,776,14426,1572,2454,9996
1052,11461,1052.186661167075,99635,312,188,268,95,90147,50861,1.4152456466101269,153,103,18523,19316,15522,8545,15221,21752,49102,38796,28411,18560,1009,214,1212,3625,14359,24189,3055,410,2201,11515,7776,117,643,777,14466,1577,2471,10019
1053,11461,1053.2048311642507,99635,298,186,268,95,90185,50883,1.4158478446329101,146,102,18555,19355,15453,8514,15279,21747,49102,38796,28478,18670,1005,214,1207,3623,14316,24259,3048,413,2203,11459,7733,117,638,781,14509,1580,2482,10048
1054,11461,1054.2216002105567,99635,295,182,268,95,90211,50907,1.4163496763185628,154,97,18577,19412,15369,8488,15336,21725,49102,38796,28544,18779,1005,214,1201,3624,14262,24331,3044,412,2202,11405,7697,117,634,785,14549,1586,2500,10067
1055,11461,1055.2372586451334,99635,295,191,268,95,90249,50942,1.4170823505796155,154,88,18602,19492,15295,8443,15385,21690,49102,38796,28609,18886,1005,214,1192,3621,14225,24396,3041,412,2198,11336,7667,116,631,787,14601,1592,2521,10080
1056,11461,1056.251422331132,99635,285,172,268,95,90284,50962,1.4176343654338335,144,94,18652,19552,15226,8422,15424,21664,49102,38796,28673,18992,1002,214,1185,3625,14170,24488,3037,415,2190,11283,7636,116,627,790,14627,1593,2545,10092
1057,11461,1057.263654012468,99635,297,173,268,95,90328,50985,1.418306819892608,138,83,18686,19604,15149,8391,15461,21653,49102,38796,28735,19096,1002,214,1181,3622,14130,24551,3034,415,2186,11236,7595,116,624,791,14662,1597,2558,10121
1058,11461,1058.2738164427305,99635,299,176,268,95,90359,51011,1.418878908014252,144,77,18736,19650,15065,8360,15487,21641,49102,38796,28796,19198,1002,214,1176,3619,14096,24605,3033,415,2185,11183,7557,116,620,792,14706,1600,2575,10141
1059,11461,1059.2816718211297,99635,299,180,268,95,90395,51037,1.4195011793044612,141,66,18761,19706,15005,8331,15525,21621,49102,38796,28856,19299,1002,214,1173,3621,14050,24670,3030,414,2179,11136,7520,116,616,795,14738,1603,2596,10162
1060,11461,1060.287710577115,99635,301,163,268,95,90432,51050,1.4200030109901138,147,76,18775,19767,14944,8309,15564,21589,49102,38796,28915,19398,1000,214,1168,3619,14022,24724,3029,416,2171,11064,7496,116,612,797,14795,1607,2619,10166
1061,11461,1061.2929015951609,99635,300,157,268,95,90471,51072,1.4206152456466101,140,73,18803,19829,14888,8297,15600,21548,49102,38796,28973,19496,999,214,1158,3617,13984,24785,3027,417,2175,11013,7458,116,610,797,14832,1615,2634,10184
1062,11461,1062.2971089719886,99635,304,155,268,95,90511,51096,1.4212575902042455,136,65,18841,19900,14829,8269,15621,21515,49102,38796,29030,19592,999,214,1155,3617,13938,24859,3020,417,2173,10969,7425,116,606,798,14860,1617,2650,10202
1063,11461,1063.2994299895126,99635,284,147,268,95,90545,51114,1.4217794951573242,136,80,18891,19942,14774,8239,15646,21496,49102,38796,29086,19687,997,214,1150,3620,13883,24937,3014,419,2175,10926,7390,116,604,799,14888,1620,2663,10220
1064,11461,1064.299557759407,99635,271,149,268,95,90574,51138,1.422311436744116,140,76,18916,19995,14733,8214,15671,21470,49102,38796,29141,19780,997,214,1146,3621,13853,24992,3007,419,2173,10878,7354,116,602,800,14920,1623,2678,10242
1065,11461,1065.2979057646307,99635,269,150,268,95,90607,51159,1.4228534149646208,137,71,18962,20053,14659,8184,15704,21446,49102,38796,29195,19872,997,214,1143,3620,13790,25072,3005,419,2178,10839,7319,116,599,802,14953,1624,2683,10262
1066,11461,1066.2940517301936,99634,272,146,269,95,90645,51172,1.4233795692233575,129,79,18995,20120,14592,8149,15742,21410,49102,38796,29249,19963,997,214,1140,3620,13744,25137,3000,419,2175,10795,7295,116,597,803,14988,1625,2700,10269
1067,11461,1067.2887137610508,99634,279,147,269,95,90683,51189,1.4239315896180018,121,76,19015,20167,14537,8119,15778,21395,49102,38796,29302,20052,997,214,1137,3622,13688,25201,2996,419,2175,10759,7266,115,594,806,15019,1628,2714,10284
1068,11461,1068.2821481562485,99634,274,146,269,95,90712,51215,1.4244836100126463,117,70,19066,20226,14472,8100,15801,21362,49102,38796,29354,20140,995,214,1129,3622,13647,25264,2993,421,2177,10720,7230,114,592,807,15045,1636,2725,10303
1069,11461,1069.2733917650964,99634,252,137,269,95,90737,51229,1.4248750426561214,130,73,19097,20285,14421,8083,15830,21326,49102,38796,29405,20226,993,214,1123,3623,13616,25315,2988,423,2171,10672,7199,114,591,808,15079,1642,2747,10316
1070,11461,1070.2628194864014,99634,251,134,269,95,90768,51249,1.4253869161129735,126,67,19123,20359,14372,8051,15858,21293,49102,38796,29455,20311,991,212,1118,3625,13581,25374,2983,424,2174,10622,7176,113,590,809,15117,1645,2752,10328
1071,11461,1071.2509247284008,99634,250,130,269,95,90804,51264,1.4258987895698256,117,63,19156,20412,14318,8031,15889,21268,49102,38796,29504,20395,990,212,1116,3620,13540,25439,2981,425,2173,10576,7147,113,588,810,15151,1645,2758,10350
1072,11461,1072.237670239496,99634,233,119,269,95,90825,51280,1.4262701487444045,125,60,19209,20478,14254,8015,15909,21232,49102,38796,29552,20477,987,212,1111,3617,13505,25502,2978,428,2173,10533,7119,112,588,809,15177,1650,2770,10363
1073,11461,1073.221855458171,99634,240,110,269,95,90861,51290,1.4267318385290162,124,65,19272,20527,14177,7993,15917,21209,49102,38796,29600,20558,987,212,1106,3615,13474,25557,2975,428,2169,10495,7093,112,585,811,15203,1654,2779,10379
1074,11461,1074.2033058552054,99633,240,119,270,95,90896,51310,1.4272981843365151,112,65,19315,20591,14132,7960,15930,21169,49102,38796,29647,20638,987,211,1102,3612,13438,25612,2974,428,2165,10462,7069,112,582,814,15225,1657,2791,10392
1075,11461,1075.1822454958367,99633,246,114,270,95,90927,51320,1.4277096945791052,103,76,19338,20633,14086,7933,15956,21148,49102,38796,29693,20717,985,211,1100,3613,13401,25664,2972,430,2164,10425,7042,112,576,820,15248,1659,2802,10409
1076,11461,1076.1597696026975,99633,233,129,270,95,90950,51344,1.4281814258328065,115,68,19371,20691,14041,7902,15969,21114,49102,38796,29738,20794,982,210,1096,3615,13355,25722,2970,433,2158,10390,7015,112,573,823,15275,1662,2810,10432
1077,11461,1077.135716753117,99633,229,122,270,95,90981,51357,1.4286230465809522,113,68,19394,20730,13999,7892,15994,21092,49102,38796,29783,20870,981,210,1093,3615,13317,25784,2967,433,2158,10349,6994,112,568,826,15303,1664,2816,10443
1078,11461,1078.1104396108237,99633,221,119,270,95,91011,51369,1.4290445936587275,112,76,19439,20810,13949,7861,16008,21038,49102,38796,29827,20945,981,210,1088,3617,13287,25833,2962,433,2159,10307,6978,112,564,829,15332,1668,2826,10447
1079,11461,1079.083443500275,99633,232,115,270,95,91047,51385,1.4295665090883543,100,71,19480,20891,13891,7834,16026,20993,49102,38796,29870,21019,979,210,1084,3613,13246,25894,2961,435,2159,10273,6959,112,562,831,15354,1672,2831,10458
1080,11461,1080.0543338474197,99633,229,120,270,95,91072,51407,1.4300382403420553,101,68,19527,20943,13831,7812,16041,20961,49102,38796,29913,21092,979,210,1080,3612,13214,25947,2958,435,2156,10238,6938,111,559,833,15377,1675,2843,10468
1081,11461,1081.0229322855932,99633,220,122,270,95,91092,51425,1.4304196400790903,106,63,19574,21003,13775,7788,16054,20928,49102,38796,29955,21163,979,210,1077,3610,13173,26007,2956,435,2155,10212,6913,111,557,833,15397,1672,2856,10480
1082,11461,1082.471445451805,99633,199,110,270,95,91128,51440,1.4309315186735319,110,66,19636,21122,13734,7763,16050,20843,49102,38796,29996,21233,976,210,1074,3608,13144,26061,2953,438,2162,10162,6885,111,555,834,15431,1673,2874,10482
1083,11461,1083.4345314218629,99633,194,104,270,95,91148,51454,1.4312727710698263,115,64,19695,21196,13670,7736,16055,20804,49102,38796,30036,21302,975,210,1070,3606,13119,26109,2952,439,2155,10132,6865,111,552,835,15446,1677,2891,10489
1084,11461,1084.3954684897926,99633,199,109,270,95,91188,51471,1.4318448706753786,101,59,19729,21256,13619,7715,16081,20765,49102,38796,30076,21370,975,210,1065,3606,13082,26162,2950,439,2151,10099,6837,111,550,836,15470,1680,2902,10508
1085,11461,1085.3544006422976,99633,193,109,270,95,91210,51489,1.4322463440827837,105,55,19777,21316,13571,7694,16083,20730,49102,38796,30115,21437,973,210,1064,3604,13045,26217,2949,441,2150,10067,6817,111,548,837,15490,1680,2910,10520
1086,11461,1086.3113308831196,99633,192,106,270,95,91236,51500,1.4326177069846335,98,60,19824,21373,13529,7667,16086,20698,49102,38796,30154,21503,973,210,1061,3605,13017,26261,2945,440,2152,10030,6797,111,541,843,15517,1683,2916,10531
1087,11461,1087.2661001514334,99633,193,111,270,95,91263,51520,1.4330894382383348,92,52,19879,21437,13470,7644,16095,20660,49102,38796,30192,21568,972,210,1055,3606,12991,26302,2942,441,2148,9998,6781,110,539,845,15540,1688,2926,10539
1088,11461,1088.2183865914983,99632,186,99,271,95,91281,51526,1.4333447085273807,90,65,19940,21487,13429,7623,16083,20630,49102,38796,30229,21632,971,210,1053,3608,12956,26354,2938,442,2148,9963,6767,110,537,845,15566,1688,2929,10547
1089,11461,1089.1679341612783,99632,183,97,271,95,91303,51546,1.433766259836197,95,56,19969,21554,13390,7609,16091,20588,49102,38796,30266,21695,970,210,1048,3609,12932,26399,2936,443,2147,9932,6743,110,532,848,15585,1688,2936,10564
1090,11461,1090.1156416282804,99631,183,95,272,95,91326,51557,1.4341219098473366,94,59,20008,21606,13344,7590,16098,20554,49102,38796,30302,21757,970,210,1045,3615,12897,26448,2932,441,2144,9894,6732,110,531,849,15612,1691,2942,10568
1091,11461,1091.061687729949,99631,179,90,272,95,91351,51565,1.4344531320572913,95,65,20056,21655,13288,7567,16109,20527,49102,38796,30338,21818,969,210,1044,3616,12869,26488,2929,441,2147,9868,6703,109,529,851,15631,1691,2949,10587
1092,11461,1092.0055737806913,99631,179,94,272,95,91374,51580,1.4348345394505726,82,64,20126,21694,13240,7541,16100,20511,49102,38796,30373,21878,967,210,1037,3615,12848,26521,2929,443,2144,9834,6687,108,529,851,15657,1697,2960,10594
1093,11461,1093.4158451788012,99631,179,103,272,95,91401,51605,1.435356465357168,86,47,20217,21808,13166,7510,16079,20436,49102,38796,30408,21937,966,210,1033,3616,12808,26579,2925,444,2145,9806,6671,108,528,851,15673,1699,2965,10604
1094,11461,1094.3524421893667,99631,175,106,272,95,91421,51622,1.435727835713784,86,45,20256,21849,13123,7500,16087,20404,49102,38796,30442,21995,965,209,1029,3619,12781,26620,2922,445,2144,9773,6656,108,528,850,15697,1702,2973,10610
