,indexID,time,N,Inf_L,Inf_H,Dead_L,Dead_H,cum_cases_L,cum_cases_H,cum_sum_per_N,Exposed_L,Exposed_H,Sus_L,Sus_H,Rec_nat_L,Rec_nat_H,Rec_vax_L,Rec_vax_H,vaccinatedH,vaccinatedL,boostedH,boostedL,count_Naive,count_Delta,count_Delta_vaccine,count_two,count_three,count_four,count_Omicron,count_Omicron_star,count_Omicron_star_vaccine,count_Omicron_vaccine,count_Vaccine,count_WT,count_WT_vaccine,count_WT_vaccine_boost,count_Omicron_vaccine_boost,count_Delta_vaccine_boost,count_Omicron_star_vaccine_boost,count_Vaccine_boost
0,8273,1.016639828226035,99998,6,4,0,0,6,4,0.0001000020000400008,19,21,49974,49974,0,0,0,0,0,0,0,0,99998,0,0,0,0,0,0,0,0,0,0,0,0,0,0,0,0,0
1,8273,2.025490832860993,99998,11,7,0,0,12,8,0.0002000040000800016,14,17,49973,49974,1,1,0,0,0,0,0,0,99996,0,0,0,0,0,0,0,0,0,0,2,0,0,0,0,0,0
2,8273,3.171715934985633,99998,12,9,0,0,14,12,0.00026000520010400205,14,14,49971,49973,2,3,0,0,0,0,0,0,99993,0,0,0,0,0,0,0,0,0,0,5,0,0,0,0,0,0
3,8273,4.026256812323435,99998,14,9,0,0,19,14,0.0003300066001320026,14,12,49966,49973,5,5,0,0,0,0,0,0,99988,0,0,0,0,0,0,0,0,0,0,10,0,0,0,0,0,0
4,8273,5.063883060739083,99998,14,11,0,0,22,17,0.00039000780015600314,15,9,49962,49973,8,6,0,0,0,0,0,0,99984,0,0,0,0,0,0,0,0,0,0,14,0,0,0,0,0,0
5,8273,6.025713192884453,99998,12,9,0,0,23,18,0.0004100082001640033,16,12,49960,49969,11,9,0,0,0,0,0,0,99978,0,0,0,0,0,0,0,0,0,0,20,0,0,0,0,0,0
6,8273,7.008122879251145,99998,10,11,0,0,25,23,0.00048000960019200384,16,10,49958,49966,15,12,0,0,0,0,0,0,99971,0,0,0,0,0,0,0,0,0,0,27,0,0,0,0,0,0
7,8273,8.030302079210095,99998,19,11,0,0,34,26,0.0006000120002400048,13,7,49952,49966,15,15,0,0,0,0,0,0,99968,0,0,0,0,0,0,0,0,0,0,30,0,0,0,0,0,0
8,8273,9.039402538761376,99998,20,15,0,0,38,30,0.0006800136002720054,12,6,49949,49963,18,15,0,0,0,0,0,0,99965,0,0,0,0,0,0,0,0,0,0,33,0,0,0,0,0,0
9,8273,10.038308253929728,99998,14,12,0,0,40,31,0.0007100142002840057,13,9,49946,49959,26,19,0,0,0,0,0,0,99953,0,0,0,0,0,0,0,0,0,0,45,0,0,0,0,0,0
10,8273,11.14021340082377,99998,14,11,0,0,43,34,0.0007700154003080061,12,6,49944,49959,29,23,0,0,0,0,0,0,99946,0,0,0,0,0,0,0,0,0,0,52,0,0,0,0,0,0
11,8273,12.00180489946775,99998,14,11,0,0,47,35,0.0008200164003280065,9,7,49943,49957,33,24,0,0,0,0,0,0,99941,0,0,0,0,0,0,0,0,0,0,57,0,0,0,0,0,0
12,8273,13.099140078128803,99998,15,15,0,0,50,39,0.0008900178003560072,10,5,49939,49955,35,24,0,0,0,0,0,0,99939,0,0,0,0,0,0,0,0,0,0,59,0,0,0,0,0,0
13,8273,14.000264057239777,99998,16,16,0,0,53,42,0.0009500190003800076,13,3,49935,49954,35,26,0,0,0,0,0,0,99935,0,0,0,0,0,0,0,0,0,0,63,0,0,0,0,0,0
14,8273,15.125527797170413,99998,17,14,0,0,56,42,0.0009800196003920078,12,5,49933,49952,37,28,0,0,0,0,0,0,99931,0,0,0,0,0,0,0,0,0,0,67,0,0,0,0,0,0
15,8273,16.06768947237022,99998,20,15,0,0,60,43,0.0010300206004120083,11,6,49930,49950,38,28,0,0,0,0,0,0,99930,0,0,0,0,0,0,0,0,0,0,68,0,0,0,0,0,0
16,8273,17.067939065658884,99998,19,16,0,0,62,48,0.001100022000440009,10,5,49929,49946,41,32,0,0,0,0,0,0,99923,0,0,0,0,0,0,0,0,0,0,75,0,0,0,0,0,0
17,8273,18.04109584150542,99998,17,15,0,0,63,49,0.001120022400448009,9,5,49929,49945,44,34,0,0,0,0,0,0,99918,0,0,0,0,0,0,0,0,0,0,80,0,0,0,0,0,0
18,8273,19.024984866721454,99998,15,14,0,0,65,50,0.0011500230004600092,8,4,49929,49945,47,36,0,0,0,0,0,0,99912,0,0,0,0,0,0,0,0,0,0,86,0,0,0,0,0,0
19,8273,20.212670776808796,99998,15,11,0,0,67,50,0.0011700234004680093,11,6,49924,49943,49,39,0,0,0,0,0,0,99907,0,0,0,0,0,0,0,0,0,0,91,0,0,0,0,0,0
20,8273,21.03695941230878,99998,13,9,0,0,70,50,0.0012000240004800095,10,8,49922,49941,54,41,0,0,0,0,0,0,99900,0,0,0,0,0,0,0,0,0,0,98,0,0,0,0,0,0
21,8273,22.012817734980757,99998,15,12,0,0,75,55,0.0013000260005200104,6,6,49921,49938,57,43,0,0,0,0,0,0,99895,0,0,0,0,0,0,0,0,0,0,103,0,0,0,0,0,0
22,8273,23.01967095272464,99998,16,14,0,0,79,58,0.001370027400548011,3,5,49920,49936,60,44,0,0,0,0,0,0,99891,0,0,0,0,0,0,0,0,0,0,107,0,0,0,0,0,0
23,8273,24.11928864833495,99998,17,15,0,0,82,62,0.0014400288005760116,3,2,49917,49935,62,47,0,0,0,0,0,0,99886,0,0,0,0,0,0,0,0,0,0,112,0,0,0,0,0,0
24,8273,25.066679751010536,99998,18,15,0,0,85,64,0.001490029800596012,0,0,49917,49935,64,49,0,0,0,0,0,0,99882,0,0,0,0,0,0,0,0,0,0,116,0,0,0,0,0,0
25,8273,26.20384924124687,99998,15,15,0,0,86,66,0.0015200304006080122,1,4,49915,49929,68,51,0,0,0,0,0,0,99876,0,0,0,0,0,0,0,0,0,0,122,0,0,0,0,0,0
26,8273,27.175671222491168,99998,14,15,0,0,87,68,0.0015500310006200124,2,2,49913,49929,70,53,0,0,0,0,0,0,99872,0,0,0,0,0,0,0,0,0,0,126,0,0,0,0,0,0
27,8273,28.170003470794377,99998,11,10,0,0,88,68,0.0015600312006240125,5,5,49909,49927,74,57,0,0,0,0,0,0,99863,0,0,0,0,0,0,0,0,0,0,135,0,0,0,0,0,0
28,8273,29.178565527412534,99998,10,10,0,0,90,70,0.0016000320006400127,4,3,49908,49927,77,59,0,0,0,0,0,0,99858,0,0,0,0,0,0,0,0,0,0,140,0,0,0,0,0,0
29,8273,30.085320422542857,99998,7,7,0,0,92,71,0.001630032600652013,3,3,49907,49926,82,63,0,0,0,0,0,0,99849,0,0,0,0,0,0,0,0,0,0,149,0,0,0,0,0,0
30,8273,31.324159208016564,99998,3,3,0,0,92,72,0.001640032800656013,7,3,49903,49926,86,67,0,0,0,0,0,0,99840,0,0,0,0,0,0,0,0,0,0,158,0,0,0,0,0,0
31,8273,32.19440643237072,99998,4,1,0,0,94,72,0.0016600332006640132,5,3,49903,49927,87,68,0,0,0,0,0,0,99837,0,0,0,0,0,0,0,0,0,0,161,0,0,0,0,0,0
32,8273,33.30810047312268,99998,2,3,0,0,94,75,0.0016900338006760136,7,1,49901,49926,89,69,0,0,0,0,0,0,99834,0,0,0,0,0,0,0,0,0,0,164,0,0,0,0,0,0
33,8273,34.090019032966616,99998,4,3,0,0,96,75,0.0017100342006840137,5,2,49901,49925,89,69,0,0,0,0,0,0,99834,0,0,0,0,0,0,0,0,0,0,164,0,0,0,0,0,0
34,8273,35.041053592348604,99998,4,3,0,0,97,76,0.0017300346006920138,4,1,49901,49926,90,69,0,0,0,0,0,0,99832,0,0,0,0,0,0,0,0,0,0,166,0,0,0,0,0,0
35,8273,36.2507682047502,99998,3,3,0,0,97,76,0.0017300346006920138,6,1,49899,49927,91,68,0,0,0,0,0,0,99831,0,0,0,0,0,0,0,0,0,0,167,0,0,0,0,0,0
36,8273,37.26918046386271,99998,3,3,0,0,97,76,0.0017300346006920138,6,1,49899,49927,91,68,0,0,0,0,0,0,99831,0,0,0,0,0,0,0,0,0,0,167,0,0,0,0,0,0
37,8273,38.17698472969331,99998,4,3,0,0,98,76,0.001740034800696014,5,1,49899,49927,91,68,0,0,0,0,0,0,99831,0,0,0,0,0,0,0,0,0,0,167,0,0,0,0,0,0
38,8273,39.06906682141483,99998,3,2,0,0,98,76,0.001740034800696014,5,1,49899,49928,92,68,0,0,0,0,0,0,99829,0,0,0,0,0,0,0,0,0,0,169,0,0,0,0,0,0
39,8273,40.02061151903591,99998,3,2,0,0,99,76,0.001750035000700014,5,2,49898,49927,93,68,0,0,0,0,0,0,99828,0,0,0,0,0,0,0,0,0,0,170,0,0,0,0,0,0
40,8273,41.16794621438315,99998,2,1,0,0,100,76,0.001760035200704014,4,2,49898,49928,95,68,0,0,0,0,0,0,99825,0,0,0,0,0,0,0,0,0,0,173,0,0,0,0,0,0
41,8273,42.07533294179451,99998,3,1,0,0,101,76,0.0017700354007080142,3,2,49899,49928,94,68,0,0,0,0,0,0,99825,0,0,0,0,0,0,0,0,0,0,173,0,0,0,0,0,0
42,8273,43.11773091641353,99998,3,0,0,0,102,76,0.0017800356007120143,3,2,49898,49929,95,68,0,0,0,0,0,0,99823,0,0,0,0,0,0,0,0,0,0,175,0,0,0,0,0,0
43,8273,44.22910032107242,99998,3,1,0,0,102,77,0.0017900358007160143,3,1,49898,49929,95,68,0,0,0,0,0,0,99823,0,0,0,0,0,0,0,0,0,0,175,0,0,0,0,0,0
44,8273,45.22272830183672,99998,3,1,0,0,103,77,0.0018000360007200144,2,1,49899,49930,95,67,0,0,0,0,0,0,99822,0,0,0,0,0,0,0,0,0,0,176,0,0,0,0,0,0
45,8273,46.2412050477595,99998,4,1,0,0,104,77,0.0018100362007240146,2,1,49898,49930,95,67,0,0,0,0,0,0,99822,0,0,0,0,0,0,0,0,0,0,176,0,0,0,0,0,0
46,8273,47.119607887143175,99998,5,1,0,0,105,77,0.0018200364007280145,1,1,49901,49930,92,67,0,0,0,0,0,0,99822,0,0,0,0,0,0,0,0,0,0,176,0,0,0,0,0,0
47,8273,48.077160375645796,99998,5,1,0,0,105,77,0.0018200364007280145,1,1,49901,49930,92,67,0,0,0,0,0,0,99822,0,0,0,0,0,0,0,0,0,0,176,0,0,0,0,0,0
48,8273,49.0326997361661,99998,3,1,0,0,105,77,0.0018200364007280145,1,1,49901,49930,94,67,0,0,0,0,0,0,99820,0,0,0,0,0,0,0,0,0,0,178,0,0,0,0,0,0
49,8273,50.051135090760766,99998,3,1,0,0,105,77,0.0018200364007280145,1,2,49901,49929,94,67,0,0,0,0,0,0,99820,0,0,0,0,0,0,0,0,0,0,178,0,0,0,0,0,0
50,8273,51.069567603416964,99998,4,1,0,0,106,77,0.0018300366007320146,0,2,49902,49929,93,67,0,0,0,0,0,0,99820,0,0,0,0,0,0,0,0,0,0,178,0,0,0,0,0,0
51,8273,52.0377082951801,99998,4,1,0,0,107,78,0.0018500370007400147,1,1,49900,49929,94,68,0,0,0,0,0,0,99818,0,0,0,0,0,0,0,0,0,0,180,0,0,0,0,0,0
52,8273,53.11603933369303,99998,5,2,0,0,108,79,0.001870037400748015,1,0,49899,49929,94,68,0,0,0,0,0,0,99818,0,0,0,0,0,0,0,0,0,0,180,0,0,0,0,0,0
53,8273,54.217027500943345,99998,6,2,0,0,109,79,0.001880037600752015,0,0,49900,49929,93,68,0,0,0,0,0,0,99818,0,0,0,0,0,0,0,0,0,0,180,0,0,0,0,0,0
54,8273,55.23545823744748,99998,6,2,0,0,109,79,0.001880037600752015,0,0,49901,49930,92,67,0,0,0,0,0,0,99818,0,0,0,0,0,0,0,0,0,0,180,0,0,0,0,0,0
55,8273,56.27768747070025,99998,5,2,0,0,109,79,0.001880037600752015,1,0,49901,49930,92,67,0,0,0,0,0,0,99817,0,0,0,0,0,0,0,0,0,0,181,0,0,0,0,0,0
56,8273,57.26567959641529,99998,3,2,0,0,109,79,0.001880037600752015,2,0,49900,49930,94,67,0,0,0,0,0,0,99815,0,0,0,0,0,0,0,0,0,0,183,0,0,0,0,0,0
57,8273,58.28411595630147,99998,4,2,0,0,110,79,0.0018900378007560151,1,1,49902,49929,92,67,0,0,0,0,0,0,99815,0,0,0,0,0,0,0,0,0,0,183,0,0,0,0,0,0
58,8273,59.197952594943985,99998,4,2,0,0,110,79,0.0018900378007560151,1,2,49902,49928,92,67,0,0,0,0,0,0,99815,0,0,0,0,0,0,0,0,0,0,183,0,0,0,0,0,0
59,8273,60.23462273785082,99998,3,2,0,0,110,79,0.0018900378007560151,3,2,49900,49929,93,66,0,0,0,0,0,0,99814,0,0,0,0,0,0,0,0,0,0,184,0,0,0,0,0,0
60,8273,61.08069504196569,99998,3,2,0,0,111,79,0.0019000380007600153,2,3,49900,49928,94,66,0,0,0,0,0,0,99813,0,0,0,0,0,0,0,0,0,0,185,0,0,0,0,0,0
61,8273,62.11621864293134,99998,4,2,0,0,112,79,0.0019100382007640152,2,3,49899,49928,94,66,0,0,0,0,0,0,99813,0,0,0,0,0,0,0,0,0,0,185,0,0,0,0,0,0
62,8273,63.33531599655975,99998,5,2,0,0,113,79,0.0019200384007680153,3,4,49898,49927,93,66,0,0,0,0,0,0,99813,0,0,0,0,0,0,0,0,0,0,185,0,0,0,0,0,0
63,8273,64.0142734167199,99998,6,3,0,0,114,80,0.0019400388007760154,3,3,49897,49927,93,66,0,0,0,0,0,0,99813,0,0,0,0,0,0,0,0,0,0,185,0,0,0,0,0,0
64,8273,65.01394495394396,99998,5,2,0,0,114,80,0.0019400388007760154,3,3,49898,49927,93,67,0,0,0,0,0,0,99811,0,0,0,0,0,0,0,0,0,0,187,0,0,0,0,0,0
65,8273,66.1933507330897,99998,6,3,0,0,115,81,0.0019600392007840155,3,2,49897,49927,93,67,0,0,0,0,0,0,99811,0,0,0,0,0,0,0,0,0,0,187,0,0,0,0,0,0
66,8273,67.0208949168184,99998,2,2,0,0,115,83,0.001980039600792016,4,0,49896,49928,97,69,0,0,0,0,0,0,99804,0,0,0,0,0,0,0,0,0,0,194,0,0,0,0,0,0
67,8273,68.21341188741431,99998,2,1,0,0,116,83,0.0019900398007960157,4,0,49896,49928,97,70,0,0,0,0,0,0,99802,0,0,0,0,0,0,0,0,0,0,196,0,0,0,0,0,0
68,8273,69.22644372835958,99998,5,1,0,0,119,83,0.002020040400808016,2,0,49895,49928,97,70,0,0,0,0,0,0,99802,0,0,0,0,0,0,0,0,0,0,196,0,0,0,0,0,0
69,8273,70.02122809011055,99998,4,0,0,0,119,83,0.002020040400808016,2,0,49897,49928,96,71,0,0,0,0,0,0,99800,0,0,0,0,0,0,0,0,0,0,198,0,0,0,0,0,0
70,8273,71.17767709541265,99998,5,0,0,0,120,83,0.0020300406008120163,2,1,49896,49927,96,71,0,0,0,0,0,0,99800,0,0,0,0,0,0,0,0,0,0,198,0,0,0,0,0,0
71,8273,72.11921294545459,99998,3,1,0,0,121,84,0.002050041000820016,1,1,49897,49927,98,70,0,0,0,0,0,0,99797,0,0,0,0,0,0,0,0,0,0,201,0,0,0,0,0,0
72,8273,73.02869282848899,99998,4,2,0,0,122,85,0.0020700414008280165,1,0,49896,49927,98,70,0,0,0,0,0,0,99797,0,0,0,0,0,0,0,0,0,0,201,0,0,0,0,0,0
73,8273,74.04721448645778,99998,4,2,0,0,122,85,0.0020700414008280165,2,0,49895,49928,98,69,0,0,0,0,0,0,99797,0,0,0,0,0,0,0,0,0,0,201,0,0,0,0,0,0
74,8273,75.06574671014873,99998,3,2,0,0,122,85,0.0020700414008280165,4,0,49894,49928,98,69,0,0,0,0,0,0,99796,0,0,0,0,0,0,0,0,0,0,202,0,0,0,0,0,0
75,8273,76.2691160546336,99998,5,1,0,0,124,85,0.002090041800836017,2,0,49894,49928,98,70,0,0,0,0,0,0,99795,0,0,0,0,0,0,0,0,0,0,203,0,0,0,0,0,0
76,8273,77.22029094045016,99998,6,1,0,0,126,85,0.0021100422008440167,1,1,49894,49927,98,70,0,0,0,0,0,0,99794,0,0,0,0,0,0,0,0,0,0,204,0,0,0,0,0,0
77,8273,78.23884445423099,99998,6,0,0,0,126,85,0.0021100422008440167,3,1,49892,49927,98,71,0,0,0,0,0,0,99793,0,0,0,0,0,0,0,0,0,0,205,0,0,0,0,0,0
78,8273,79.00527938102455,99998,6,0,0,0,126,85,0.0021100422008440167,3,4,49892,49924,98,71,0,0,0,0,0,0,99793,0,0,0,0,0,0,0,0,0,0,205,0,0,0,0,0,0
79,8273,80.2692742525632,99998,6,1,0,0,127,86,0.002130042600852017,3,3,49891,49924,99,71,0,0,0,0,0,0,99792,0,0,0,0,0,0,0,0,0,0,206,0,0,0,0,0,0
80,8273,81.04605036381977,99998,4,1,0,0,128,87,0.0021500430008600173,3,2,49891,49924,101,72,0,0,0,0,0,0,99788,0,0,0,0,0,0,0,0,0,0,210,0,0,0,0,0,0
81,8273,82.01162200044378,99998,4,2,0,0,128,88,0.002160043200864017,3,1,49892,49925,100,71,0,0,0,0,0,0,99788,0,0,0,0,0,0,0,0,0,0,210,0,0,0,0,0,0
82,8273,83.0302050697715,99998,4,3,0,0,128,89,0.0021700434008680176,3,0,49893,49925,99,71,0,0,0,0,0,0,99788,0,0,0,0,0,0,0,0,0,0,210,0,0,0,0,0,0
83,8273,84.28834841569864,99998,5,3,0,0,130,89,0.0021900438008760174,2,0,49893,49925,99,71,0,0,0,0,0,0,99787,0,0,0,0,0,0,0,0,0,0,211,0,0,0,0,0,0
84,8273,85.17377733784993,99998,7,3,0,0,132,89,0.0022100442008840177,1,1,49893,49926,98,69,0,0,0,0,0,0,99787,0,0,0,0,0,0,0,0,0,0,211,0,0,0,0,0,0
85,8273,86.05659383809031,99998,7,3,0,0,133,90,0.002230044600892018,1,1,49892,49925,99,70,0,0,0,0,0,0,99785,0,0,0,0,0,0,0,0,0,0,213,0,0,0,0,0,0
86,8273,87.1133941293068,99998,7,3,0,0,133,90,0.002230044600892018,2,1,49891,49925,99,70,0,0,0,0,0,0,99785,0,0,0,0,0,0,0,0,0,0,213,0,0,0,0,0,0
87,8273,88.04553236895659,99998,7,4,0,0,133,91,0.002240044800896018,4,0,49889,49925,99,70,0,0,0,0,0,0,99785,0,0,0,0,0,0,0,0,0,0,213,0,0,0,0,0,0
88,8273,89.0457456141098,99998,8,2,0,0,135,91,0.0022600452009040183,3,1,49888,49924,100,72,0,0,0,0,0,0,99782,0,0,0,0,0,0,0,0,0,0,216,0,0,0,0,0,0
89,8273,90.15172722523968,99998,9,1,0,0,136,91,0.002270045400908018,2,2,49889,49923,99,73,0,0,0,0,0,0,99781,0,0,0,0,0,0,0,0,0,0,217,0,0,0,0,0,0
90,8273,91.2424685065953,99998,8,1,0,0,136,91,0.002270045400908018,5,2,49887,49923,99,73,0,0,0,0,0,0,99780,0,0,0,0,0,0,0,0,0,0,218,0,0,0,0,0,0
91,8273,92.01085745454361,99998,9,2,0,0,137,92,0.0022900458009160185,5,1,49886,49923,99,73,0,0,0,0,0,0,99780,0,0,0,0,0,0,0,0,0,0,218,0,0,0,0,0,0
92,8273,93.0372618522609,99998,8,0,0,0,138,92,0.0023000460009200184,6,1,49885,49924,100,74,0,0,0,0,0,0,99776,0,0,0,0,0,0,0,0,0,0,222,0,0,0,0,0,0
93,8273,94.05592507359299,99998,9,0,0,0,139,92,0.0023100462009240184,7,2,49885,49923,98,74,0,0,0,0,0,0,99776,0,0,0,0,0,0,0,0,0,0,222,0,0,0,0,0,0
94,8273,95.08769601028513,99998,10,1,0,0,142,93,0.002350047000940019,4,2,49885,49922,100,74,0,0,0,0,0,0,99774,0,0,0,0,0,0,0,0,0,0,224,0,0,0,0,0,0
95,8273,96.2000877605494,99998,9,1,0,0,143,93,0.002360047200944019,4,3,49884,49921,102,74,0,0,0,0,0,0,99772,0,0,0,0,0,0,0,0,0,0,226,0,0,0,0,0,0
96,8273,97.2187693381007,99998,8,1,0,0,143,93,0.002360047200944019,6,4,49882,49921,103,73,0,0,0,0,0,0,99771,0,0,0,0,0,0,0,0,0,0,227,0,0,0,0,0,0
97,8273,98.1821017270186,99998,10,2,0,0,147,94,0.0024100482009640194,4,3,49880,49921,105,73,0,0,0,0,0,0,99769,0,0,0,0,0,0,0,0,0,0,229,0,0,0,0,0,0
98,8273,99.07157541257337,99998,10,3,0,0,147,95,0.0024200484009680194,7,3,49877,49920,105,73,0,0,0,0,0,0,99769,0,0,0,0,0,0,0,0,0,0,229,0,0,0,0,0,0
99,8273,100.05515680400703,99998,10,4,0,0,147,96,0.0024300486009720193,9,2,49875,49921,105,72,0,0,0,0,0,0,99769,0,0,0,0,0,0,0,0,0,0,229,0,0,0,0,0,0
100,8273,101.1717411860055,99998,9,4,0,0,147,96,0.0024300486009720193,9,3,49875,49920,106,72,0,0,0,0,0,0,99768,0,0,0,0,0,0,0,0,0,0,230,0,0,0,0,0,0
101,8273,102.29778933343776,99998,12,5,0,0,150,97,0.00247004940098802,7,2,49874,49920,106,72,0,0,0,0,0,0,99768,0,0,0,0,0,0,0,0,0,0,230,0,0,0,0,0,0
102,8273,103.02983532579196,99998,13,5,0,0,152,98,0.00250005000100002,6,1,49873,49920,107,73,0,0,0,0,0,0,99766,0,0,0,0,0,0,0,0,0,0,232,0,0,0,0,0,0
103,8273,104.21525082918356,99998,13,4,0,0,154,98,0.00252005040100802,6,3,49871,49918,109,74,0,0,0,0,0,0,99763,0,0,0,0,0,0,0,0,0,0,235,0,0,0,0,0,0
104,8273,105.22263277961558,99998,13,3,0,0,154,99,0.0025300506010120204,8,4,49870,49916,108,76,0,0,0,0,0,0,99761,0,0,0,0,0,0,0,0,0,0,237,0,0,0,0,0,0
105,8273,106.02165282309174,99998,14,4,0,0,156,100,0.0025600512010240206,7,3,49869,49916,109,76,0,0,0,0,0,0,99760,0,0,0,0,0,0,0,0,0,0,238,0,0,0,0,0,0
106,8273,107.06893189846411,99998,12,6,0,0,156,102,0.0025800516010320205,8,3,49868,49914,111,76,0,0,0,0,0,0,99758,0,0,0,0,0,0,0,0,0,0,240,0,0,0,0,0,0
107,8273,108.21727978292677,99998,10,7,0,0,159,103,0.002620052401048021,10,3,49863,49913,116,76,0,0,0,0,0,0,99753,0,0,0,0,0,0,0,0,0,0,245,0,0,0,0,0,0
108,8273,109.02172069398772,99998,12,7,0,0,161,104,0.0026500530010600213,10,3,49861,49912,116,77,0,0,0,0,0,0,99752,0,0,0,0,0,0,0,0,0,0,246,0,0,0,0,0,0
109,8273,110.04611739524192,99998,12,8,0,0,163,106,0.0026900538010760215,8,1,49861,49913,118,77,0,0,0,0,0,0,99749,0,0,0,0,0,0,0,0,0,0,249,0,0,0,0,0,0
110,8273,111.29377791175142,99998,14,8,0,0,167,106,0.0027300546010920216,6,3,49859,49912,120,76,0,0,0,0,0,0,99747,0,0,0,0,0,0,0,0,0,0,251,0,0,0,0,0,0
111,8273,112.30854259062954,99998,16,10,0,0,169,108,0.0027700554011080222,5,2,49858,49911,120,76,0,0,0,0,0,0,99747,0,0,0,0,0,0,0,0,0,0,251,0,0,0,0,0,0
112,8273,113.11538827624918,99998,14,10,0,0,170,109,0.0027900558011160225,9,3,49854,49909,122,77,0,0,0,0,0,0,99743,0,0,0,0,0,0,0,0,0,0,255,0,0,0,0,0,0
113,8273,114.15091232199548,99998,13,9,0,0,171,110,0.0028100562011240224,10,2,49853,49909,123,79,0,0,0,0,0,0,99739,0,0,0,0,0,0,0,0,0,0,259,0,0,0,0,0,0
114,8273,115.02683424054858,99998,13,9,0,0,171,111,0.0028200564011280228,10,5,49853,49905,123,80,0,0,0,0,0,0,99738,0,0,0,0,0,0,0,0,0,0,260,0,0,0,0,0,0
115,8273,116.06511035650638,99998,15,10,0,0,173,114,0.002870057401148023,10,3,49851,49905,123,81,0,0,0,0,0,0,99736,0,0,0,0,0,0,0,0,0,0,262,0,0,0,0,0,0
116,8273,117.08846080248867,99998,12,9,0,0,173,115,0.0028800576011520232,13,3,49850,49905,124,82,0,0,0,0,0,0,99731,0,0,0,0,0,0,0,0,0,0,267,0,0,0,0,0,0
117,8273,118.00711654460049,99998,12,10,0,0,174,116,0.002900058001160023,16,3,49847,49904,124,82,0,0,0,0,0,0,99730,0,0,0,0,0,0,0,0,0,0,268,0,0,0,0,0,0
118,8273,119.1698843168183,99998,16,10,0,0,178,117,0.0029500590011800236,13,3,49847,49903,123,83,0,0,0,0,0,0,99729,0,0,0,0,0,0,0,0,0,0,269,0,0,0,0,0,0
119,8273,120.06520832390483,99998,21,9,0,0,183,117,0.003000060001200024,11,6,49845,49900,122,84,0,0,0,0,0,0,99728,0,0,0,0,0,0,0,0,0,0,270,0,0,0,0,0,0
120,8273,121.17377497618375,99998,23,10,0,0,189,119,0.0030800616012320245,9,6,49841,49898,126,85,0,0,0,0,0,0,99723,0,0,0,0,0,0,0,0,0,0,275,0,0,0,0,0,0
121,8273,122.2156160131669,99998,24,9,0,0,191,119,0.003100062001240025,7,8,49841,49896,127,86,0,0,0,0,0,0,99721,0,0,0,0,0,0,0,0,0,0,277,0,0,0,0,0,0
122,8273,123.05069208389425,99998,22,10,0,0,193,121,0.003140062801256025,10,6,49837,49897,130,86,0,0,0,0,0,0,99716,0,0,0,0,0,0,0,0,0,0,282,0,0,0,0,0,0
123,8273,124.13866180471459,99998,22,11,0,0,197,124,0.003210064201284026,11,4,49832,49896,134,88,0,0,0,0,0,0,99710,0,0,0,0,0,0,0,0,0,0,288,0,0,0,0,0,0
124,8273,125.08466507468094,99998,25,14,0,0,201,127,0.003280065601312026,7,3,49832,49894,135,88,0,0,0,0,0,0,99709,0,0,0,0,0,0,0,0,0,0,289,0,0,0,0,0,0
125,8273,126.1011910365024,99998,23,11,0,0,203,127,0.0033000660013200265,8,5,49829,49892,139,91,0,0,0,0,0,0,99702,0,0,0,0,0,0,0,0,0,0,296,0,0,0,0,0,0
126,8273,127.10937674148313,99998,18,11,0,0,204,128,0.0033200664013280264,12,6,49825,49890,144,92,0,0,0,0,0,0,99695,0,0,0,0,0,0,0,0,0,0,303,0,0,0,0,0,0
127,8273,128.03949881438476,99998,16,10,0,0,206,128,0.0033400668013360267,12,7,49823,49890,148,92,0,0,0,0,0,0,99690,0,0,0,0,0,0,0,0,0,0,308,0,0,0,0,0,0
128,8273,129.02162700128707,99998,17,11,0,0,208,129,0.003370067401348027,15,7,49819,49889,148,92,0,0,0,0,0,0,99689,0,0,0,0,0,0,0,0,0,0,309,0,0,0,0,0,0
129,8273,130.2711351653453,99998,15,12,0,0,211,131,0.0034200684013680274,17,6,49814,49889,153,92,0,0,0,0,0,0,99683,0,0,0,0,0,0,0,0,0,0,315,0,0,0,0,0,0
130,8273,131.04970808035202,99998,15,12,0,0,214,133,0.003470069401388028,17,8,49811,49885,156,94,0,0,0,0,0,0,99678,0,0,0,0,0,0,0,0,0,0,320,0,0,0,0,0,0
131,8273,132.16485110953684,99998,16,12,0,0,219,133,0.003520070401408028,14,11,49809,49882,160,94,0,0,0,0,0,0,99674,0,0,0,0,0,0,0,0,0,0,324,0,0,0,0,0,0
132,8273,133.08858229790258,99998,15,12,0,0,220,135,0.0035500710014200283,13,11,49809,49881,162,95,0,0,0,0,0,0,99670,0,0,0,0,0,0,0,0,0,0,328,0,0,0,0,0,0
133,8273,134.12182969960358,99998,16,12,0,0,223,136,0.003590071801436029,13,11,49807,49881,163,95,0,0,0,0,0,0,99667,0,0,0,0,0,0,0,0,0,0,331,0,0,0,0,0,0
134,8273,135.07488174127843,99998,17,10,0,0,227,137,0.003640072801456029,11,12,49805,49879,166,98,0,0,0,0,0,0,99661,0,0,0,0,0,0,0,0,0,0,337,0,0,0,0,0,0
135,8273,136.224848606335,99998,19,13,0,0,230,140,0.0037000740014800295,11,11,49803,49877,166,98,0,0,0,0,0,0,99660,0,0,0,0,0,0,0,0,0,0,338,0,0,0,0,0,0
136,8273,137.18846298968288,99998,22,15,0,0,234,144,0.0037800756015120302,10,11,49801,49873,166,100,0,0,0,0,0,0,99657,0,0,0,0,0,0,0,0,0,0,341,0,0,0,0,0,0
137,8273,138.065908464872,99998,22,18,0,0,235,147,0.0038200764015280304,11,9,49799,49872,167,100,0,0,0,0,0,0,99656,0,0,0,0,0,0,0,0,0,0,342,0,0,0,0,0,0
138,8273,139.106879997652,99998,18,18,0,0,237,150,0.003870077401548031,13,8,49795,49871,173,102,0,0,0,0,0,0,99647,0,0,0,0,0,0,0,0,0,0,351,0,0,0,0,0,0
139,8273,140.12540815472616,99998,18,17,0,0,240,152,0.003920078401568031,15,10,49790,49867,176,105,0,0,0,0,0,0,99641,0,0,0,0,0,0,0,0,0,0,357,0,0,0,0,0,0
140,8273,141.0030821266153,99998,17,18,0,0,243,155,0.0039800796015920315,16,8,49786,49866,180,107,0,0,0,0,0,0,99635,0,0,0,0,0,0,0,0,0,0,363,0,0,0,0,0,0
141,8273,142.13495757456337,99998,19,17,0,0,248,157,0.004050081001620033,15,7,49782,49865,183,110,0,0,0,0,0,0,99629,0,0,0,0,0,0,0,0,0,0,369,0,0,0,0,0,0
142,8273,143.05915602488957,99998,24,18,0,0,255,159,0.004140082801656033,13,8,49778,49862,184,111,0,0,0,0,0,0,99626,0,0,0,0,0,0,0,0,0,0,372,0,0,0,0,0,0
143,8273,144.12040031563654,99998,25,20,0,0,259,162,0.004210084201684033,13,7,49775,49860,186,112,0,0,0,0,0,0,99622,0,0,0,0,0,0,0,0,0,0,376,0,0,0,0,0,0
144,8273,145.1404710759812,99998,26,22,0,0,262,165,0.004270085401708034,13,5,49773,49859,187,113,0,0,0,0,0,0,99619,0,0,0,0,0,0,0,0,0,0,379,0,0,0,0,0,0
145,8273,146.2561541337897,99998,26,20,0,0,265,166,0.0043100862017240345,18,7,49766,49856,189,116,0,0,0,0,0,0,99613,0,0,0,0,0,0,0,0,0,0,385,0,0,0,0,0,0
146,8273,147.07128666687154,99998,22,20,0,0,266,169,0.004350087001740035,20,9,49764,49852,193,118,0,0,0,0,0,0,99606,0,0,1,0,0,0,0,0,0,0,391,0,0,0,0,0,0
147,8273,148.09217578645328,99998,28,20,0,0,272,172,0.004440088801776035,17,7,49762,49851,192,121,0,0,0,0,0,0,99603,0,0,1,0,0,0,0,0,0,0,394,0,0,0,0,0,0
148,8273,149.05277397191904,99998,33,20,0,0,280,173,0.0045300906018120365,16,9,49756,49849,194,121,0,0,0,0,0,0,99599,0,0,1,0,0,0,0,0,0,0,398,0,0,0,0,0,0
149,8273,150.04484207753515,99998,33,24,0,0,283,178,0.004610092201844037,19,6,49750,49847,197,122,0,0,0,0,0,0,99595,0,0,1,0,0,0,0,0,0,0,402,0,0,0,0,0,0
150,8273,151.0808860774076,99998,31,21,0,0,286,179,0.004650093001860037,21,7,49745,49845,202,126,0,0,0,0,0,0,99586,0,0,1,0,0,0,0,0,0,0,411,0,0,0,0,0,0
151,8273,152.2384320271051,99998,27,19,0,0,289,180,0.004690093801876037,23,7,49741,49844,208,129,0,0,0,0,0,0,99576,0,0,1,0,0,0,0,0,0,0,421,0,0,0,0,0,0
152,8273,153.153190115315,99998,29,20,0,0,295,181,0.004760095201904038,21,6,49738,49844,211,129,0,0,0,0,0,0,99572,0,0,1,0,0,0,0,0,0,0,425,0,0,0,0,0,0
153,8273,154.06939602215337,99998,28,22,0,0,298,183,0.004810096201924038,18,7,49738,49841,215,129,0,0,0,0,0,0,99568,0,0,1,0,0,0,0,0,0,0,429,0,0,0,0,0,0
154,8273,155.28887037536396,99998,31,19,0,0,304,184,0.004880097601952039,18,8,49732,49839,218,133,0,0,0,0,0,0,99561,0,0,1,0,0,0,0,0,0,0,436,0,0,0,0,0,0
155,8273,156.1133235994992,99998,28,19,0,0,305,186,0.004910098201964039,19,7,49731,49838,221,135,0,0,0,0,0,0,99555,0,0,1,0,0,0,0,0,0,0,442,0,0,0,0,0,0
156,8273,157.31114260007652,99998,30,13,0,0,311,186,0.00497009940198804,23,8,49722,49837,224,141,0,0,0,0,0,0,99545,0,0,1,0,0,0,0,0,0,0,452,0,0,0,0,0,0
157,8273,158.08388360380263,99998,31,14,0,0,313,189,0.00502010040200804,24,7,49719,49835,225,143,0,0,0,0,0,0,99542,0,0,1,0,0,0,0,0,0,0,455,0,0,0,0,0,0
158,8273,159.1266039385754,99998,33,15,0,0,320,192,0.005120102402048041,23,8,49713,49831,230,145,0,0,0,0,0,0,99535,0,0,1,0,0,0,0,0,0,0,462,0,0,0,0,0,0
159,8273,160.21643506755194,99998,35,15,0,0,330,193,0.005230104602092042,16,10,49711,49829,237,145,0,0,0,0,0,0,99526,0,0,1,0,0,0,0,0,0,0,471,0,0,0,0,0,0
160,8273,161.07793344111735,99998,29,15,0,0,332,194,0.005260105202104042,19,14,49706,49824,245,146,0,0,0,0,0,0,99517,0,0,1,0,0,0,0,0,0,0,480,0,0,0,0,0,0
161,8273,162.08515008665492,99998,31,14,0,0,338,195,0.005330106602132042,19,16,49701,49821,248,148,0,0,0,0,0,0,99511,0,0,1,0,0,0,0,0,0,0,486,0,0,0,0,0,0
162,8273,163.03908680909174,99998,33,16,0,0,342,197,0.005390107802156043,18,16,49699,49820,249,147,0,0,0,0,0,0,99509,0,0,1,0,0,0,0,0,0,0,488,0,0,0,0,0,0
163,8273,164.13789932639568,99998,31,22,0,0,346,205,0.005510110202204044,24,14,49690,49814,254,149,0,0,0,0,0,0,99501,0,0,1,0,0,0,0,0,0,0,496,0,0,0,0,0,0
164,8273,165.10907480039359,99998,34,27,0,0,353,211,0.0056401128022560455,23,14,49684,49810,258,148,0,0,0,0,0,0,99496,0,0,1,0,0,0,0,0,0,0,501,0,0,0,0,0,0
165,8273,166.05247396900458,99998,30,27,0,0,356,216,0.005720114402288046,27,11,49678,49808,264,153,0,0,0,0,0,0,99484,0,0,1,0,0,0,0,0,0,0,513,0,0,0,0,0,0
166,8273,167.09317946820016,99998,33,23,0,0,363,218,0.005810116202324046,24,10,49675,49807,267,159,0,0,0,0,0,0,99474,0,0,1,0,0,0,0,0,0,0,523,0,0,0,0,0,0
167,8273,168.17250851362306,99998,41,19,0,0,373,219,0.005920118402368047,19,11,49670,49805,269,164,0,0,0,0,0,0,99467,0,0,1,0,0,0,0,0,0,0,530,0,0,0,0,0,0
168,8273,169.09278058759608,99998,33,16,0,0,375,219,0.005940118802376048,22,14,49665,49802,279,167,0,0,0,0,0,0,99454,0,0,1,0,0,0,0,0,0,0,543,0,0,0,0,0,0
169,8273,170.29844108171542,99998,30,15,0,0,380,224,0.006040120802416048,25,11,49657,49804,287,169,0,0,0,0,0,0,99440,0,0,1,0,0,0,0,0,0,0,557,0,0,0,0,0,0
170,8273,171.1338706339683,99998,31,16,0,0,384,226,0.0061001220024400485,28,10,49651,49804,289,169,0,0,0,0,0,0,99436,0,0,1,0,0,0,0,0,0,0,561,0,0,0,0,0,0
171,8273,172.14814029623747,99998,38,15,0,0,394,227,0.0062101242024840495,21,9,49648,49804,292,171,0,0,0,0,0,0,99431,0,0,1,0,0,0,0,0,0,0,566,0,0,0,0,0,0
172,8273,173.26736766354972,99998,36,17,0,0,399,231,0.006300126002520051,23,9,49644,49800,296,173,0,0,0,0,0,0,99422,0,0,1,0,0,0,0,0,0,0,575,0,0,0,0,0,0
173,8273,174.1817734643893,99998,36,17,0,0,401,233,0.00634012680253605,26,11,49639,49797,298,174,0,0,0,0,0,0,99418,0,0,1,0,0,0,0,0,0,0,579,0,0,0,0,0,0
174,8273,175.15572201967575,99998,37,20,0,0,407,237,0.0064401288025760514,29,12,49632,49792,301,175,0,0,0,0,0,0,99413,0,0,2,0,0,0,0,0,0,0,583,0,0,0,0,0,0
175,8273,176.0652263500579,99998,35,18,0,0,410,240,0.006500130002600052,29,9,49630,49795,305,177,0,0,0,0,0,0,99403,0,0,2,0,0,0,0,0,0,0,593,0,0,0,0,0,0
176,8273,177.16491390155863,99998,38,18,0,0,420,242,0.006620132402648053,24,10,49626,49794,311,177,0,0,0,0,0,0,99394,0,0,2,0,0,0,0,0,0,0,602,0,0,0,0,0,0
177,8273,178.32396103603563,99998,35,21,0,0,426,245,0.006710134202684054,28,10,49617,49791,319,177,0,0,0,0,0,0,99385,0,0,2,0,0,0,0,0,0,0,611,0,0,0,0,0,0
178,8273,179.07377506007091,99998,37,21,0,0,428,246,0.006740134802696054,27,11,49617,49789,318,178,0,0,0,0,0,0,99384,0,0,2,0,0,0,0,0,0,0,612,0,0,0,0,0,0
179,8273,180.0135117979931,99998,37,20,0,0,434,249,0.006830136602732055,30,10,49610,49788,322,181,0,0,0,0,0,0,99374,0,0,2,0,0,0,0,0,0,0,622,0,0,0,0,0,0
180,8273,181.1369938935588,99998,38,17,0,0,442,250,0.006920138402768055,28,12,49605,49785,328,185,0,0,0,0,0,0,99363,0,0,2,0,0,0,0,0,0,0,633,0,0,0,0,0,0
181,8273,182.17019892096678,99998,46,20,0,0,456,254,0.007100142002840057,25,13,49596,49782,332,184,0,0,0,0,0,0,99356,0,0,2,0,0,0,0,0,0,0,640,0,0,0,0,0,0
182,8273,183.15876039985332,99998,45,19,0,0,460,256,0.007160143202864057,24,14,49595,49780,335,186,0,0,0,0,0,0,99348,0,0,2,0,0,0,0,0,0,0,648,0,0,0,0,0,0
183,8273,184.15814556118943,99998,39,24,0,0,468,263,0.007310146202924059,24,15,49589,49774,347,186,0,0,0,0,0,0,99332,0,0,2,0,0,0,0,0,0,0,664,0,0,0,0,0,0
184,8273,185.21088336092612,99998,41,25,0,0,473,266,0.007390147802956059,26,12,49582,49774,350,188,0,0,0,0,0,0,99327,0,0,2,0,0,0,0,0,0,0,669,0,0,0,0,0,0
185,8273,186.1006963343146,99998,46,21,0,0,482,267,0.00749014980299606,19,14,49580,49771,354,193,0,0,0,0,0,0,99318,0,0,2,0,0,0,0,0,0,0,678,0,0,0,0,0,0
186,8273,187.1658765996201,99998,49,26,0,0,489,274,0.007630152603052061,18,14,49574,49764,358,195,0,0,0,0,0,0,99312,0,0,2,0,0,0,0,0,0,0,684,0,0,0,0,0,0
187,8273,188.1700055817545,99997,41,26,1,0,493,279,0.007720231606948209,17,13,49571,49761,369,199,0,0,0,0,0,0,99295,0,0,2,0,0,0,0,0,0,0,700,0,0,0,0,0,0
188,8273,189.00743891394683,99997,41,21,1,0,498,279,0.00777023310699321,18,14,49566,49760,373,204,0,0,0,0,0,0,99285,0,0,2,0,0,0,0,0,0,0,710,0,0,0,0,0,0
189,8273,190.08230202223024,99997,39,23,1,0,504,283,0.007870236107083213,22,12,49558,49759,379,205,0,0,0,0,0,0,99275,0,0,2,0,0,0,0,0,0,0,720,0,0,0,0,0,0
190,8273,191.0327670354786,99997,42,24,1,0,511,286,0.007970239107173215,25,11,49550,49757,381,207,0,0,0,0,0,0,99269,0,0,2,0,0,0,0,0,0,0,726,0,0,0,0,0,0
191,8273,192.191376738329,99997,44,19,1,0,515,287,0.008020240607218216,27,14,49544,49755,383,211,0,0,0,0,0,0,99261,0,0,2,0,0,0,0,0,0,0,734,0,0,0,0,0,0
192,8273,193.12818736538563,99997,46,21,1,0,522,291,0.00813024390731722,22,16,49542,49749,388,213,0,0,0,0,0,0,99254,0,0,2,0,0,0,0,0,0,0,741,0,0,0,0,0,0
193,8273,194.17622852989297,99997,46,25,1,0,530,296,0.008260247807434224,26,17,49531,49744,395,213,0,0,0,0,0,0,99245,0,0,2,0,0,0,0,0,0,0,750,0,0,0,0,0,0
194,8273,195.3041188721909,99997,45,25,1,0,535,299,0.008340250207506224,26,14,49527,49744,400,216,0,0,0,0,0,0,99236,0,0,2,0,0,0,0,0,0,0,759,0,0,0,0,0,0
195,8273,196.04079081108853,99997,45,26,1,0,541,304,0.008450253507605228,24,10,49524,49743,405,220,0,0,0,0,0,0,99226,0,0,2,0,0,0,0,0,0,0,769,0,0,0,0,0,0
196,8273,197.0062200795907,99997,42,24,1,0,545,308,0.00853025590767723,24,14,49522,49735,410,226,0,0,0,0,0,0,99213,0,0,2,0,0,0,0,0,0,0,782,0,0,0,0,0,0
197,8273,198.01245205601623,99997,46,18,1,0,550,310,0.008600258007740232,23,18,49519,49730,410,233,0,0,0,0,0,0,99204,0,0,2,0,0,0,0,0,0,0,791,0,0,0,0,0,0
198,8273,199.00057452351552,99997,49,19,1,0,558,316,0.008740262207866237,28,15,49508,49727,413,238,0,0,0,0,0,0,99194,0,0,2,0,0,0,0,0,0,0,801,0,0,0,0,0,0
199,8273,200.2233455903477,99997,46,21,1,0,566,319,0.008850265507965239,31,14,49498,49725,423,239,0,0,0,0,0,0,99182,0,0,2,0,0,0,0,0,0,0,813,0,0,0,0,0,0
200,8273,201.03995216135837,99997,47,22,1,0,570,321,0.00891026730801924,31,15,49496,49725,424,237,0,0,0,0,0,0,99178,0,0,2,0,0,0,0,0,0,0,817,0,0,0,0,0,0
201,8273,202.02025860839305,99997,47,18,1,0,574,324,0.008980269408082242,34,15,49489,49722,428,244,0,0,0,0,0,0,99167,0,0,2,0,0,0,0,0,0,0,828,0,0,0,0,0,0
202,8273,203.0334226324126,99997,55,20,1,0,587,328,0.009150274508235247,31,15,49482,49720,430,244,0,0,0,0,0,0,99160,0,0,2,0,0,0,0,0,0,0,835,0,0,0,0,0,0
203,8273,204.31386965523552,99997,59,24,1,0,597,334,0.009310279308379252,34,15,49472,49715,433,245,0,0,0,0,0,0,99152,0,0,2,0,0,0,0,0,0,0,843,0,0,0,0,0,0
204,8273,205.21736911683783,99997,54,28,1,0,604,340,0.009440283208496256,39,13,49461,49711,444,247,0,0,0,0,0,0,99138,0,0,2,0,0,0,0,0,0,0,857,0,0,0,0,0,0
205,8273,206.01504108301287,99997,52,22,1,0,612,342,0.009540286208586258,41,12,49453,49710,452,255,0,0,0,0,0,0,99120,0,0,2,0,0,0,0,0,0,0,875,0,0,0,0,0,0
206,8273,207.04125445010578,99997,54,23,1,0,622,345,0.009670290108703261,33,12,49453,49707,458,257,0,0,0,0,0,0,99111,0,0,3,0,0,0,0,0,0,0,883,0,0,0,0,0,0
207,8273,208.01930144400126,99997,53,25,1,0,629,349,0.009780293408802264,35,15,49445,49700,465,259,0,0,0,0,0,0,99101,0,0,3,0,0,0,0,0,0,0,893,0,0,0,0,0,0
208,8273,209.16699953620883,99997,51,26,1,0,640,356,0.009960298808964268,35,19,49437,49690,475,264,0,0,0,0,0,0,99082,0,0,3,0,0,0,0,0,0,0,912,0,0,0,0,0,0
209,8273,210.31261871442868,99997,56,25,1,0,652,359,0.010110303309099273,34,18,49429,49690,479,266,0,0,0,0,0,0,99071,0,0,3,0,0,0,0,0,0,0,923,0,0,0,0,0,0
210,8273,211.00217341040815,99997,56,25,1,0,656,363,0.010190305709171276,37,17,49427,49687,478,270,0,0,0,0,0,0,99063,0,0,3,0,0,0,0,0,0,0,931,0,0,0,0,0,0
211,8273,212.0093820055075,99997,60,20,1,0,666,363,0.010290308709261278,37,19,49420,49686,481,274,0,0,0,0,0,0,99052,0,0,3,0,0,0,0,0,0,0,942,0,0,0,0,0,0
212,8273,213.22225707324935,99997,66,22,1,0,681,367,0.010480314409432282,30,20,49414,49682,488,275,0,0,0,0,0,0,99042,0,0,4,0,0,0,0,0,0,0,951,0,0,0,0,0,0
213,8273,214.20348801207615,99997,66,21,1,0,687,373,0.010600318009540286,33,18,49409,49679,490,281,0,0,0,0,0,0,99029,0,0,4,0,0,0,0,0,0,0,964,0,0,0,0,0,0
214,8273,215.0336148597922,99997,63,24,1,0,693,379,0.01072032160964829,33,16,49403,49676,499,283,0,0,0,0,0,0,99017,0,0,4,0,0,0,0,0,0,0,976,0,0,0,0,0,0
215,8273,216.19574554856186,99997,64,26,1,0,704,382,0.010860325809774293,34,17,49392,49677,508,279,0,0,0,0,0,0,99006,0,0,4,0,0,0,0,0,0,0,987,0,0,0,0,0,0
216,8273,217.09431755796774,99997,67,28,1,0,712,386,0.010980329409882297,31,18,49387,49672,513,281,0,0,0,0,0,0,98999,0,0,4,0,0,0,0,0,0,0,994,0,0,0,0,0,0
217,8273,218.3405848663794,99997,65,31,1,0,721,392,0.0111303339100173,33,18,49378,49666,522,284,0,0,0,0,0,0,98985,0,0,4,0,0,0,0,0,0,0,1008,0,0,0,0,0,0
218,8273,219.21058918082707,99997,68,33,1,0,735,397,0.011320339610188305,33,21,49368,49659,529,286,0,0,0,0,0,0,98971,0,0,4,0,0,0,0,0,0,0,1022,0,0,0,0,0,0
219,8273,220.23873621617216,99996,63,33,2,0,738,401,0.011390455618224729,40,20,49358,49657,536,289,0,0,0,0,0,0,98959,0,0,4,0,0,0,0,0,0,0,1033,0,0,0,0,0,0
220,8273,221.07488225119423,99996,61,36,2,0,746,407,0.011530461218448739,47,20,49346,49652,543,291,0,0,0,0,0,0,98946,0,0,4,0,0,0,0,0,0,0,1046,0,0,0,0,0,0
221,8273,222.09042075135505,99996,72,34,2,0,767,409,0.011760470418816752,35,23,49338,49649,552,293,0,0,0,0,0,0,98932,0,0,4,0,0,0,0,0,0,0,1060,0,0,0,0,0,0
222,8273,223.11910155595513,99995,67,33,2,1,775,414,0.011890594529726486,37,23,49328,49644,565,298,0,0,0,0,0,0,98913,0,0,4,0,0,0,0,0,0,0,1078,0,0,0,0,0,0
223,8273,224.14801717917032,99995,64,40,2,1,787,423,0.012100605030251512,38,17,49317,49641,578,300,0,0,0,0,0,0,98896,0,0,4,0,0,0,0,0,0,0,1095,0,0,0,0,0,0
224,8273,225.0856254280225,99995,64,39,2,1,798,428,0.012260613030651532,36,16,49313,49637,584,306,0,0,0,0,0,0,98879,0,0,4,0,0,0,0,0,0,0,1112,0,0,0,0,0,0
225,8273,226.10472999629516,99995,61,43,2,1,801,435,0.012360618030901546,42,13,49306,49634,588,308,0,0,0,0,0,0,98870,0,0,4,0,0,0,0,0,0,0,1121,0,0,0,0,0,0
226,8273,227.22824939369855,99995,68,38,2,1,816,436,0.012520626031301565,42,13,49295,49635,592,312,0,0,0,0,0,0,98856,0,0,4,0,0,0,0,0,0,0,1135,0,0,0,0,0,0
227,8273,228.04434186194274,99995,68,37,2,1,822,438,0.012600630031501575,49,13,49284,49635,596,313,0,0,0,0,0,0,98847,0,0,4,0,0,0,0,0,0,0,1144,0,0,0,0,0,0
228,8273,229.29369863438666,99995,60,30,2,1,835,441,0.012760638031901595,47,16,49276,49630,614,322,0,0,0,0,0,0,98816,0,0,4,0,0,0,0,0,0,0,1175,0,0,0,0,0,0
229,8273,230.19849649061416,99995,61,29,2,1,845,444,0.012890644532226611,48,15,49267,49628,621,326,0,0,0,0,0,0,98803,0,0,4,0,0,0,0,0,0,0,1188,0,0,0,0,0,0
230,8273,231.2976276956601,99995,62,31,2,1,855,449,0.01304065203260163,45,14,49261,49628,629,325,0,0,0,0,0,0,98792,0,0,5,0,0,0,0,0,0,0,1198,0,0,0,0,0,0
231,8273,232.14439465660118,99995,62,28,2,1,865,451,0.013160658032901645,43,18,49256,49622,636,330,0,0,0,0,0,0,98777,0,0,5,0,0,0,0,0,0,0,1213,0,0,0,0,0,0
232,8273,233.29860228920828,99995,67,30,2,1,877,456,0.013330666533326666,41,17,49248,49619,641,332,0,0,0,0,0,0,98767,0,0,5,0,0,0,0,0,0,0,1223,0,0,0,0,0,0
233,8273,234.33831732781508,99994,74,30,3,1,894,459,0.013530811848710923,40,20,49234,49616,648,332,0,0,0,0,0,0,98754,0,0,5,0,0,0,0,0,0,0,1235,0,0,0,0,0,0
234,8273,235.02549472237226,99994,72,30,3,1,895,460,0.013550813048782927,46,20,49227,49616,651,332,0,0,0,0,0,0,98750,0,0,5,0,0,0,0,0,0,0,1239,0,0,0,0,0,0
235,8273,236.29218431549688,99994,70,32,3,1,912,468,0.013800828049682981,45,24,49216,49604,665,338,0,0,0,0,0,0,98725,0,0,5,0,0,0,0,0,0,0,1264,0,0,0,0,0,0
236,8273,237.3233248326879,99994,71,31,3,1,924,471,0.013950837050223014,43,24,49207,49601,675,342,0,0,0,0,0,0,98710,0,0,5,0,0,0,0,0,0,0,1279,0,0,0,0,0,0
237,8273,238.01086254724734,99994,75,28,3,1,934,472,0.014060843650619038,39,25,49201,49600,681,345,0,0,0,0,0,0,98700,0,0,5,0,0,0,0,0,0,0,1289,0,0,0,0,0,0
238,8273,239.23807110373465,99994,78,29,3,1,946,480,0.014260855651339081,36,19,49195,49600,687,350,0,0,0,0,0,0,98684,0,0,5,0,0,0,0,0,0,0,1305,0,0,0,0,0,0
239,8273,240.06591766899263,99994,75,32,3,1,957,485,0.014420865251915115,43,22,49177,49592,701,352,0,0,0,0,0,0,98669,0,0,6,0,0,0,0,0,0,0,1319,0,0,0,0,0,0
240,8273,241.0978138300956,99994,80,32,3,1,971,491,0.014620877252635158,40,19,49167,49592,709,355,0,0,0,0,0,0,98654,0,0,6,0,0,0,0,0,0,0,1334,0,0,0,0,0,0
241,8273,242.17644593294688,99994,81,33,3,1,982,498,0.014800888053283197,43,18,49154,49589,718,358,0,0,0,0,0,0,98638,0,0,6,0,0,0,0,0,0,0,1350,0,0,0,0,0,0
242,8273,243.05306087238148,99994,80,35,3,1,990,504,0.014940896453787227,44,16,49146,49586,726,361,0,0,0,0,0,0,98625,0,0,6,0,0,0,0,0,0,0,1363,0,0,0,0,0,0
243,8273,244.00429651267888,99994,80,34,3,1,1003,509,0.015120907254435266,44,18,49136,49580,736,366,0,0,0,0,0,0,98606,0,0,6,0,0,0,0,0,0,0,1382,0,0,0,0,0,0
244,8273,245.05219634271975,99994,83,30,3,1,1015,514,0.015290917455047303,38,18,49132,49576,743,374,0,0,0,0,0,0,98588,0,0,6,0,0,0,0,0,0,0,1400,0,0,0,0,0,0
245,8273,246.1111969064632,99994,73,31,3,1,1020,518,0.015380922855371322,49,22,49122,49570,752,375,0,0,0,0,0,0,98570,0,0,6,0,0,0,0,0,0,0,1418,0,0,0,0,0,0
246,8273,247.1164635259931,99994,81,31,3,1,1041,521,0.015620937256235375,44,23,49108,49567,763,377,0,0,0,0,0,0,98554,0,0,6,0,0,0,0,0,0,0,1434,0,0,0,0,0,0
247,8273,248.1497587961932,99994,80,32,3,1,1051,527,0.015780946856811407,50,25,49094,49560,772,381,0,0,0,0,0,0,98538,0,0,6,0,0,0,0,0,0,0,1450,0,0,0,0,0,0
248,8273,249.1832657866422,99994,79,33,3,1,1056,529,0.015850951057063425,60,31,49083,49552,774,382,0,0,0,0,0,0,98531,0,0,6,0,0,0,0,0,0,0,1457,0,0,0,0,0,0
249,8273,250.21690753809088,99994,83,35,3,1,1074,536,0.01610096605796348,60,33,49066,49543,787,387,0,0,0,0,0,0,98512,0,0,6,0,0,0,0,0,0,0,1476,0,0,0,0,0,0
250,8273,251.2508362173605,99993,91,36,4,1,1096,543,0.016391147380316624,52,32,49053,49539,799,391,0,0,0,0,0,0,98492,0,0,6,0,0,0,0,0,0,0,1495,0,0,0,0,0,0
251,8273,252.28502778101424,99992,85,33,5,1,1108,549,0.016571325706056485,60,31,49034,49534,815,400,0,0,0,0,0,0,98465,0,0,6,0,0,0,0,0,0,0,1521,0,0,0,0,0,0
252,8273,253.31953724692195,99991,94,32,5,2,1124,555,0.01679151123601124,55,32,49026,49528,819,405,0,0,0,0,0,0,98451,0,0,6,0,0,0,0,0,0,0,1534,0,0,0,0,0,0
253,8273,254.0093195308703,99991,90,37,5,2,1131,563,0.01694152473722635,56,27,49018,49528,830,405,0,0,0,0,0,0,98437,0,0,6,0,0,0,0,0,0,0,1548,0,0,0,0,0,0
254,8273,255.044172055259,99991,91,43,5,2,1145,573,0.017181546339170524,55,22,49011,49524,837,408,0,0,0,0,0,0,98420,0,0,6,0,0,0,0,0,0,0,1565,0,0,0,0,0,0
255,8273,256.07921425022744,99991,96,41,5,2,1159,579,0.017381564340790672,51,26,49004,49514,843,416,0,0,0,0,0,0,98403,0,0,6,0,0,0,0,0,0,0,1582,0,0,0,0,0,0
256,8273,257.11435437858523,99991,93,43,5,2,1171,585,0.0175615805422488,52,23,48999,49512,850,419,0,0,0,0,0,0,98384,0,0,6,0,0,0,0,0,0,0,1601,0,0,0,0,0,0
257,8273,258.1496483021765,99991,97,39,5,2,1187,587,0.017741596743706935,46,31,48990,49504,861,423,0,0,0,0,0,0,98366,0,0,6,0,0,0,0,0,0,0,1619,0,0,0,0,0,0
258,8273,259.1851380544765,99991,95,38,5,2,1194,593,0.017871608444760028,56,32,48975,49497,868,430,0,0,0,0,0,0,98350,0,0,6,0,0,0,0,0,0,0,1635,0,0,0,0,0,0
259,8273,260.22087588332533,99991,91,40,5,2,1203,603,0.018061625546299167,69,32,48954,49489,880,436,0,0,0,0,0,0,98329,0,0,6,0,0,0,0,0,0,0,1656,0,0,0,0,0,0
260,8273,261.25687649255536,99991,98,41,5,2,1221,613,0.018341650748567372,61,30,48951,49482,884,444,0,0,0,0,0,0,98309,0,0,6,0,0,0,0,0,0,0,1676,0,0,0,0,0,0
261,8273,262.2930160733254,99991,97,37,5,2,1237,616,0.01853166785010651,59,30,48939,49480,899,450,0,0,0,0,0,0,98285,0,0,6,0,0,0,0,0,0,0,1700,0,0,0,0,0,0
262,8273,263.32946074633395,99991,104,40,5,2,1257,623,0.018801692152293707,57,26,48924,49479,909,452,0,0,0,0,0,0,98268,0,0,6,0,0,0,0,0,0,0,1717,0,0,0,0,0,0
263,8273,264.0205684322655,99991,95,41,5,2,1264,624,0.018881699352941764,59,29,48916,49475,924,452,0,0,0,0,0,0,98252,0,0,6,0,0,0,0,0,0,0,1733,0,0,0,0,0,0
264,8273,265.0574793049654,99991,109,43,5,2,1290,632,0.019221729955696012,46,30,48908,49468,931,456,0,0,0,0,0,0,98234,0,0,6,0,0,0,0,0,0,0,1751,0,0,0,0,0,0
265,8273,266.09455432966774,99991,120,41,5,2,1308,638,0.019461751557640187,48,36,48893,49459,933,461,0,0,0,0,0,0,98219,0,0,6,0,0,0,0,0,0,0,1766,0,0,0,0,0,0
266,8273,267.13175891093414,99991,115,44,5,2,1318,646,0.01964176775909832,53,33,48882,49455,944,465,0,0,0,0,0,0,98199,0,0,6,0,0,0,0,0,0,0,1786,0,0,0,0,0,0
267,8273,268.16924863664224,99991,113,40,5,2,1337,651,0.019881789361042495,55,39,48863,49444,963,474,0,0,0,0,0,0,98170,0,0,7,0,0,0,0,0,0,0,1814,0,0,0,0,0,0
268,8273,269.2070907260569,99991,110,43,5,2,1348,660,0.02008180736266264,52,38,48856,49437,976,479,0,0,0,0,0,0,98150,0,0,7,0,0,0,0,0,0,0,1834,0,0,0,0,0,0
269,8273,270.2451281518648,99991,106,47,5,2,1357,676,0.02033182986468782,60,32,48841,49428,987,490,0,0,0,0,0,0,98125,0,0,7,0,0,0,0,0,0,0,1859,0,0,0,0,0,0
270,8273,271.2834823904946,99991,104,51,5,2,1373,687,0.02060185416687502,61,30,48829,49422,1000,494,0,0,0,0,0,0,98101,0,0,8,0,0,0,0,0,0,0,1882,0,0,0,0,0,0
271,8273,272.3221030169038,99991,103,52,5,2,1385,694,0.02079187126841416,70,33,48813,49412,1008,500,0,0,0,0,0,0,98083,0,0,9,0,0,0,0,0,0,0,1899,0,0,0,0,0,0
272,8273,273.0146375831562,99991,107,49,5,2,1396,695,0.020911882069386246,69,39,48805,49405,1013,504,0,0,0,0,0,0,98072,0,0,9,0,0,0,0,0,0,0,1910,0,0,0,0,0,0
273,8273,274.0536417884022,99991,118,55,5,2,1421,705,0.0212619135722215,65,36,48787,49402,1024,504,0,0,0,0,0,0,98054,0,0,9,0,0,0,0,0,0,0,1928,0,0,0,0,0,0
274,8273,275.0929051691574,99991,115,57,5,2,1433,714,0.021471932473922654,70,35,48771,49395,1038,510,0,0,0,0,0,0,98032,0,0,9,0,0,0,0,0,0,0,1950,0,0,0,0,0,0
275,8273,276.13246228608995,99991,120,63,5,2,1458,727,0.02185196667700093,67,33,48749,49385,1058,516,0,0,0,0,0,0,98005,0,0,9,0,0,0,0,0,0,0,1977,0,0,0,0,0,0
276,8273,277.17243408719924,99990,121,64,5,3,1475,736,0.022112211221122113,66,32,48734,49380,1073,520,0,0,0,0,0,0,97981,0,0,9,0,0,0,0,0,0,0,2000,0,0,0,0,0,0
277,8273,278.2127223683617,99990,119,63,5,3,1487,741,0.022282228222822283,81,34,48712,49376,1082,523,0,0,0,0,0,0,97962,0,0,10,0,0,0,0,0,0,0,2018,0,0,0,0,0,0
278,8273,279.2533438008864,99990,117,59,5,3,1506,747,0.022532253225322534,76,37,48707,49367,1094,533,0,0,0,0,0,0,97931,0,0,10,0,0,0,0,0,0,0,2049,0,0,0,0,0,0
279,8273,280.2941866121261,99989,117,58,6,3,1522,760,0.022822510476152375,75,32,48695,49362,1106,544,0,0,0,0,0,0,97901,0,0,10,0,0,0,0,0,0,0,2078,0,0,0,0,0,0
280,8273,281.33528275195334,99989,116,55,6,3,1541,767,0.023082539079298723,67,37,48688,49352,1122,552,0,0,0,0,0,0,97872,0,0,11,0,0,0,0,0,0,0,2106,0,0,0,0,0,0
281,8273,282.02947754280063,99989,111,56,6,3,1547,772,0.02319255118062987,72,38,48680,49348,1130,554,0,0,0,0,0,0,97857,0,0,11,0,0,0,0,0,0,0,2121,0,0,0,0,0,0
282,8273,283.07098541249684,99989,116,60,6,3,1561,787,0.023482583084139256,78,34,48663,49339,1136,563,0,0,0,0,0,0,97837,0,0,11,0,0,0,0,0,0,0,2141,0,0,0,0,0,0
283,8273,284.11272651927555,99989,120,59,6,3,1583,794,0.02377261498764864,74,34,48650,49335,1149,568,0,0,0,0,0,0,97814,0,0,14,0,0,0,0,0,0,0,2161,0,0,0,0,0,0
284,8273,285.1547592752295,99988,109,67,7,3,1598,808,0.024062887546505582,79,37,48637,49319,1167,573,0,0,0,0,0,0,97783,0,0,15,0,0,0,0,0,0,0,2190,0,0,0,0,0,0
285,8273,286.1970904965335,99988,110,67,7,3,1619,820,0.02439292715125815,79,38,48621,49307,1182,584,0,0,0,0,0,0,97751,0,0,15,0,0,0,0,0,0,0,2222,0,0,0,0,0,0
286,8273,287.2397428864547,99988,117,61,7,3,1642,823,0.0246529583550026,81,40,48601,49305,1193,590,0,0,0,0,0,0,97726,0,0,15,0,0,0,0,0,0,0,2247,0,0,0,0,0,0
287,8273,288.2827335429655,99988,123,58,7,3,1664,832,0.024962995559467138,77,39,48586,49298,1206,601,0,0,0,0,0,0,97698,0,0,15,0,0,0,0,0,0,0,2275,0,0,0,0,0,0
288,8273,289.3260145636716,99988,133,59,7,3,1688,842,0.025303036364363724,71,38,48572,49291,1216,608,0,0,0,0,0,0,97675,0,0,15,0,0,0,0,0,0,0,2298,0,0,0,0,0,0
289,8273,290.02169994573603,99988,128,65,7,3,1695,853,0.025483057966956036,77,30,48562,49289,1225,612,0,0,0,0,0,0,97658,0,0,15,0,0,0,0,0,0,0,2315,0,0,0,0,0,0
290,8273,291.0654718385976,99988,128,59,7,3,1716,856,0.02572308677041245,80,36,48542,49280,1242,621,0,0,0,0,0,0,97629,0,0,16,0,0,0,0,0,0,0,2343,0,0,0,0,0,0
291,8273,292.1097118851151,99988,131,64,7,3,1741,870,0.026113133576029124,83,28,48521,49277,1257,627,0,0,0,0,0,0,97598,0,0,16,0,0,0,0,0,0,0,2374,0,0,0,0,0,0
292,8273,293.15428904408174,99988,128,64,7,3,1757,878,0.02635316237948554,85,36,48508,49263,1271,633,0,0,0,0,0,0,97572,0,0,17,0,0,0,0,0,0,0,2399,0,0,0,0,0,0
293,8273,294.1991298736447,99988,124,58,7,3,1781,881,0.026623194783374004,80,36,48493,49263,1295,639,0,0,0,0,0,0,97536,0,0,18,0,0,0,0,0,0,0,2434,0,0,0,0,0,0
294,8273,295.2444458088252,99988,118,55,7,3,1800,889,0.02689322718726247,84,35,48473,49257,1317,649,0,0,0,0,0,0,97500,0,0,18,0,0,0,0,0,0,0,2470,0,0,0,0,0,0
295,8273,296.2902187745566,99988,123,62,7,3,1821,901,0.027223266792015043,81,29,48462,49253,1326,652,0,0,0,0,0,0,97479,0,0,18,0,0,0,0,0,0,0,2491,0,0,0,0,0,0
296,8273,297.3361989768519,99988,122,59,7,3,1841,911,0.02752330279633556,84,30,48446,49244,1340,663,0,0,0,0,0,0,97445,0,0,18,0,0,0,0,0,0,0,2525,0,0,0,0,0,0
297,8273,298.0337154276088,99988,130,62,7,3,1861,916,0.027773332799935994,72,31,48443,49240,1347,663,0,0,0,0,0,0,97432,0,0,19,0,0,0,0,0,0,0,2537,0,0,0,0,0,0
298,8273,299.0801225421548,99987,137,59,7,4,1882,922,0.028043645673937613,77,36,48421,49232,1357,668,0,0,0,0,0,0,97409,0,0,19,0,0,0,0,0,0,0,2559,0,0,0,0,0,0
299,8273,300.1268491881491,99987,132,60,7,4,1899,931,0.028303679478332185,82,40,48402,49220,1376,675,0,0,0,0,0,0,97379,0,0,19,0,0,0,0,0,0,0,2589,0,0,0,0,0,0
300,8273,301.173985007658,99987,130,63,7,4,1919,946,0.028653724984247952,82,36,48388,49210,1392,686,0,0,0,0,0,0,97345,0,0,19,0,0,0,0,0,0,0,2623,0,0,0,0,0,0
301,8273,302.2214163930993,99987,132,61,7,4,1941,951,0.028923760088811545,79,41,48375,49204,1406,689,0,0,0,0,0,0,97318,0,0,19,0,0,0,0,0,0,0,2650,0,0,0,0,0,0
302,8273,303.26913175690015,99987,128,67,7,4,1954,967,0.02921379779371318,88,39,48359,49191,1417,698,0,0,0,0,0,0,97291,0,0,19,0,0,0,0,0,0,0,2677,0,0,0,0,0,0
303,8273,304.31710482572134,99987,130,66,7,4,1970,977,0.029473831598107753,96,40,48341,49183,1425,706,0,0,0,0,0,0,97267,0,0,20,0,0,0,0,0,0,0,2700,0,0,0,0,0,0
304,8273,305.0159287254415,99986,137,69,8,4,1991,984,0.029754165583181644,90,37,48329,49181,1435,708,0,0,0,0,0,0,97249,0,0,20,0,0,0,0,0,0,0,2717,0,0,0,0,0,0
305,8273,306.0644822575932,99986,142,68,8,4,2009,993,0.030024203388474387,94,39,48310,49175,1445,713,0,0,0,0,0,0,97227,0,0,21,0,0,0,0,0,0,0,2738,0,0,0,0,0,0
306,8273,307.1133041591003,99986,139,70,8,4,2028,1004,0.03032424539435521,100,37,48293,49169,1459,719,0,0,0,0,0,0,97196,0,0,21,0,0,0,0,0,0,0,2769,0,0,0,0,0,0
307,8273,308.1624681066029,99986,139,80,8,4,2046,1022,0.030684295801412197,107,31,48270,49159,1475,725,0,0,0,0,0,0,97170,0,0,21,0,0,0,0,0,0,0,2795,0,0,0,0,0,0
308,8273,309.21198540063676,99986,140,86,8,4,2070,1032,0.03102434340807713,107,28,48252,49156,1492,725,0,0,0,0,0,0,97143,0,0,21,0,0,0,0,0,0,0,2822,0,0,0,0,0,0
309,8273,310.26190524723944,99986,148,83,8,4,2097,1037,0.03134438821435001,105,41,48234,49142,1504,729,0,0,0,0,0,0,97117,0,0,22,0,0,0,0,0,0,0,2847,0,0,0,0,0,0
310,8273,311.31213975901454,99985,143,78,8,5,2117,1044,0.031614742211331696,118,43,48205,49134,1525,739,0,0,0,0,0,0,97080,0,0,22,0,0,0,0,0,0,0,2883,0,0,0,0,0,0
311,8273,312.0125779257577,99985,139,85,8,5,2129,1056,0.03185477821673251,119,37,48197,49134,1536,738,0,0,0,0,0,0,97060,0,0,23,0,0,0,0,0,0,0,2902,0,0,0,0,0,0
312,8273,313.0635270384066,99984,148,81,9,5,2161,1065,0.03226516242598816,116,39,48175,49123,1551,751,0,0,0,0,0,0,97025,0,0,24,0,0,0,0,0,0,0,2935,0,0,0,0,0,0
313,8273,314.1149082978295,99984,168,80,9,5,2198,1075,0.03273523763802209,108,42,48151,49113,1563,759,0,0,0,0,0,0,96998,0,0,25,0,0,0,0,0,0,0,2961,0,0,0,0,0,0
314,8273,315.16669292104996,99984,164,76,9,5,2219,1083,0.03302528404544727,114,47,48129,49103,1583,768,0,0,0,0,0,0,96961,0,0,25,0,0,0,0,0,0,0,2998,0,0,0,0,0,0
315,8273,316.218923252578,99984,170,75,9,5,2254,1095,0.0334953592574812,101,40,48115,49102,1604,777,0,0,0,0,0,0,96920,0,0,26,0,0,0,0,0,0,0,3038,0,0,0,0,0,0
316,8273,317.27153895911033,99984,167,77,9,5,2282,1114,0.033965434469515124,97,39,48095,49088,1631,790,0,0,0,0,0,0,96873,0,0,27,0,0,0,0,0,0,0,3084,0,0,0,0,0,0
317,8273,318.3246516451215,99984,173,68,9,5,2310,1122,0.034325492078732596,86,40,48081,49083,1650,803,0,0,0,0,0,0,96836,0,0,29,0,0,0,0,0,0,0,3119,0,0,0,0,0,0
318,8273,319.0269455738151,99984,174,68,9,5,2323,1127,0.034505520883341335,87,46,48071,49074,1658,806,0,0,0,0,0,0,96819,0,0,29,0,0,0,0,0,0,0,3136,0,0,0,0,0,0
319,8273,320.08069234761035,99984,175,70,9,5,2341,1145,0.03486557849255881,102,34,48042,49069,1670,820,1,1,1,1,0,0,96784,0,0,29,0,0,0,0,0,0,2,3169,0,0,0,0,0,0
320,8273,321.1348940371467,99984,167,61,9,5,2354,1149,0.035035605696911505,112,42,48022,49058,1687,831,2,2,2,2,0,0,96749,0,0,30,0,0,0,0,0,0,4,3201,0,0,0,0,0,0
321,8273,322.3330652285574,99984,179,62,9,5,2387,1160,0.035475676108177305,104,43,48004,49053,1700,833,3,3,3,3,0,0,96717,0,0,31,0,0,0,0,0,0,6,3230,0,0,0,0,0,0
322,8273,323.1938223963934,99984,187,61,9,5,2426,1173,0.03599575932149144,98,40,47979,49045,1722,844,4,4,4,4,0,0,96670,0,0,31,0,0,0,0,0,0,8,3275,0,0,0,0,0,0
323,8273,324.0497009773085,99984,185,59,9,5,2441,1177,0.036185789726356214,97,43,47975,49037,1728,850,5,5,5,5,0,0,96645,0,0,31,0,0,0,0,0,0,10,3298,0,0,0,0,0,0
324,8273,325.06310803301733,99984,170,63,9,5,2456,1187,0.03643582973275724,104,50,47959,49028,1751,847,6,6,6,6,0,0,96607,0,0,31,0,0,0,0,0,0,12,3334,0,0,0,0,0,0
325,8273,326.1673294348986,99984,169,77,9,5,2488,1204,0.03692590814530325,94,51,47948,49011,1772,847,7,8,8,7,0,0,96569,0,0,32,0,0,0,0,0,0,15,3368,0,0,0,0,0,0
326,8273,327.05959638515986,99984,165,74,9,5,2508,1216,0.03724595935349656,91,45,47934,49008,1792,857,8,10,10,8,0,0,96530,0,0,35,0,0,0,0,0,0,18,3401,0,0,0,0,0,0
327,8273,328.0232298992722,99984,162,81,9,5,2531,1231,0.037626020163226116,92,44,47916,48996,1811,861,9,12,12,9,0,0,96494,0,0,36,0,0,0,0,0,0,21,3433,0,0,0,0,0,0
328,8273,329.08223444251047,99984,167,83,9,5,2560,1240,0.03800608097295567,85,48,47898,48981,1830,867,10,15,15,10,0,0,96461,0,0,37,0,0,0,0,0,0,24,3461,1,0,0,0,0,0
329,8273,330.13719836532607,99984,160,80,9,5,2584,1252,0.03836613858217315,82,43,47881,48972,1856,881,11,18,18,11,0,0,96412,0,0,38,0,0,0,0,0,0,28,3505,1,0,0,0,0,0
330,8273,331.06399456288835,99984,150,81,9,5,2596,1263,0.03859617538806209,90,40,47864,48963,1874,888,12,22,22,12,0,0,96376,0,0,38,0,0,0,0,0,0,32,3536,2,0,0,0,0,0
331,8273,332.11147830379133,99984,156,73,9,5,2621,1270,0.0389162265962554,84,40,47851,48955,1886,899,13,27,27,13,0,0,96336,0,0,38,0,0,0,0,0,0,38,3570,2,0,0,0,0,0
332,8273,333.0045217405201,99984,149,64,9,5,2633,1274,0.03907625220035205,93,48,47835,48939,1900,911,13,32,32,14,0,0,96298,0,0,38,0,0,0,0,0,0,44,3602,2,0,0,0,0,0
333,8273,334.000066080959,99984,144,67,9,5,2658,1285,0.03943630980956953,92,47,47813,48925,1927,917,14,38,38,15,0,0,96256,0,0,41,0,0,0,0,0,0,51,3634,2,0,0,0,0,0
334,8273,335.06632001383457,99983,148,77,10,5,2676,1303,0.039796765450126524,96,37,47800,48913,1930,922,15,45,45,16,0,0,96227,0,0,42,0,0,0,0,0,0,59,3653,2,0,0,0,0,0
335,8273,336.121884660147,99983,147,78,10,5,2700,1314,0.040146824960243244,110,37,47773,48899,1943,927,16,53,53,17,0,0,96183,0,0,42,0,0,0,0,0,0,68,3688,2,0,0,0,0,0
336,8273,337.0269071111339,99983,156,76,10,5,2727,1321,0.04048688277007091,97,41,47762,48882,1957,933,17,62,62,18,0,0,96148,0,0,44,0,0,0,0,0,0,78,3711,2,0,0,0,0,0
337,8273,338.0122561204175,99983,157,68,10,5,2750,1326,0.04076693037816429,98,55,47743,48856,1973,943,18,72,72,19,0,0,96103,0,0,45,0,0,0,0,0,0,89,3744,2,0,0,0,0,0
338,8273,339.0372476484097,99983,153,69,10,5,2766,1336,0.04102697458567957,102,55,47726,48837,1989,950,19,83,83,20,0,0,96063,0,0,46,0,0,0,0,0,0,101,3771,2,0,0,0,0,0
339,8273,340.00696607175684,99983,163,84,10,5,2802,1356,0.04158706980186632,86,47,47707,48821,2013,947,20,95,95,21,0,0,96019,0,0,46,0,0,0,0,0,0,114,3802,2,0,0,0,0,0
340,8273,341.0187916944015,99983,163,90,10,5,2822,1370,0.04192712761169399,83,45,47694,48801,2028,950,21,108,108,22,0,0,95978,0,0,47,0,0,0,0,0,0,128,3828,2,0,0,0,0,0
341,8273,342.09020339527837,99983,161,88,10,5,2858,1385,0.04243721432643549,84,50,47670,48770,2051,964,23,122,122,24,0,0,95910,0,0,49,0,0,0,0,0,0,143,3878,3,0,0,0,0,0
342,8273,343.15282278165404,99981,150,89,12,5,2878,1394,0.04272811834248507,78,51,47664,48745,2072,972,23,137,137,26,0,0,95855,0,0,50,0,0,0,0,0,0,160,3913,3,0,0,0,0,0
343,8273,344.2157295761683,99980,148,92,12,6,2897,1408,0.043058611722344466,77,50,47653,48719,2085,978,24,154,154,28,0,0,95805,0,0,50,0,0,0,0,0,0,178,3943,4,0,0,0,0,0
344,8273,345.2788929794553,99980,139,89,12,6,2912,1419,0.04331866373274655,93,51,47629,48692,2100,989,26,172,172,30,0,0,95748,0,0,51,0,0,0,0,0,0,198,3979,4,0,0,0,0,0
345,8273,346.3425454416774,99980,140,80,12,6,2935,1426,0.04361872374474895,92,55,47617,48664,2110,1002,28,192,192,32,0,0,95689,0,0,52,0,0,0,0,0,0,220,4015,4,0,0,0,0,0
346,8273,347.0518590567806,99980,133,85,12,6,2953,1438,0.04391878375675135,90,50,47606,48642,2128,1004,30,212,213,34,0,0,95634,0,0,52,0,0,0,0,0,0,243,4047,4,0,0,0,0,0
347,8273,348.11618901217554,99980,128,84,12,6,2972,1453,0.044258851770354074,98,43,47585,48615,2143,1017,33,234,236,37,0,0,95570,0,0,54,0,0,0,0,0,0,269,4083,4,0,0,0,0,0
348,8273,349.1809514390572,99980,135,89,12,6,2993,1470,0.044638927785557114,99,36,47566,48588,2153,1023,34,257,260,40,0,0,95517,0,0,54,0,0,0,0,0,0,296,4109,4,0,0,0,0,0
349,8273,350.2460827707727,99980,134,93,12,6,3013,1488,0.045019003800760155,102,32,47549,48551,2165,1035,37,282,286,43,0,0,95456,0,0,57,0,0,0,0,0,0,325,4138,4,0,0,0,0,0
350,8273,351.31155818437384,99980,147,93,12,6,3043,1500,0.04543908781756351,91,33,47532,48514,2177,1043,40,310,314,46,0,0,95396,0,0,57,0,0,0,0,0,0,356,4167,4,0,0,0,0,0
351,8273,352.02207080011675,99980,152,87,12,6,3058,1507,0.04565913182636527,94,35,47513,48479,2184,1055,44,337,343,50,0,0,95343,0,0,59,0,0,0,0,0,0,388,4185,5,0,0,0,0,0
352,8273,353.08824795653146,99980,146,80,12,6,3077,1516,0.045939187837567515,98,35,47493,48445,2203,1065,47,368,374,54,0,0,95267,0,0,59,0,0,0,0,0,0,423,4226,5,0,0,0,0,0
353,8273,354.15498269137663,99980,143,77,12,6,3100,1525,0.046259251850370074,108,34,47463,48408,2223,1074,50,400,407,58,0,0,95194,0,0,60,0,0,0,0,0,0,459,4261,6,0,0,0,0,0
354,8273,355.22224713061917,99980,149,76,12,6,3130,1532,0.04662932586517304,103,35,47445,48371,2235,1077,55,434,442,63,0,0,95124,0,0,62,0,0,0,0,0,0,499,4289,6,0,0,0,0,0
355,8273,356.2899512116749,99980,153,78,12,6,3158,1542,0.04700940188037608,90,32,47435,48332,2249,1082,60,469,479,68,0,0,95052,0,0,63,0,0,0,0,0,0,540,4318,7,0,0,0,0,0
356,8273,357.00192911346346,99980,144,70,12,6,3167,1544,0.047119423884776954,91,34,47429,48299,2258,1082,65,508,518,73,0,0,94981,0,0,63,0,0,0,0,0,0,583,4345,8,0,0,0,0,0
357,8273,358.07023829953863,99979,144,70,13,6,3193,1554,0.04747997079386671,88,35,47405,48254,2278,1087,71,547,559,79,0,0,94899,0,0,63,0,0,0,0,0,0,629,4379,9,0,0,0,0,0
358,8273,359.13906302345765,99979,141,68,13,6,3208,1562,0.04771001910401184,93,34,47391,48208,2284,1094,77,589,602,85,0,0,94824,0,0,63,0,0,0,0,0,0,676,4405,11,0,0,0,0,0
359,8273,360.2082532696413,99977,144,66,15,6,3231,1570,0.04802104484031327,94,35,47367,48159,2296,1101,83,632,647,91,0,0,94745,0,0,64,0,0,0,0,0,0,726,4430,12,0,0,0,0,0
360,8273,361.27785976372087,99976,139,63,16,6,3251,1577,0.048291589981595585,88,43,47353,48105,2313,1107,90,675,695,98,0,0,94660,0,0,65,0,0,0,0,0,0,777,4458,16,0,0,0,0,0
361,8273,362.34792419343734,99975,143,65,17,6,3279,1590,0.04870217554388597,87,43,47332,48051,2323,1111,97,723,745,105,0,0,94570,0,0,66,0,0,0,0,0,0,833,4489,17,0,0,0,0,0
362,8273,363.0615095019912,99975,140,64,17,6,3295,1596,0.04892223055763941,82,48,47319,47993,2336,1114,105,774,797,113,0,0,94488,0,0,68,0,0,0,0,0,0,891,4509,19,0,0,0,0,0
363,8273,364.1323047812606,99975,143,67,17,6,3315,1611,0.04927231807951988,79,41,47303,47943,2344,1117,113,825,852,121,0,0,94398,0,0,68,0,0,0,0,0,0,952,4536,21,0,0,0,0,0
364,8273,365.2034658410618,99975,146,68,17,6,3337,1620,0.04958239559889972,81,46,47279,47881,2355,1120,121,878,909,130,0,0,94306,0,0,69,0,0,0,0,0,0,1018,4561,21,0,0,0,0,0
365,8273,366.2751469260446,99975,146,63,17,6,3357,1629,0.04987246811702926,92,46,47244,47823,2370,1128,130,933,968,139,0,0,94206,0,0,69,0,0,0,0,0,0,1084,4593,23,0,0,0,0,0
366,8273,367.3474691853558,99974,146,69,18,6,3380,1641,0.05022305799507872,97,52,47219,47753,2379,1128,140,991,1030,149,0,0,94106,0,0,69,0,0,0,0,0,0,1155,4620,24,0,0,0,0,0
367,8273,368.0625998488987,99974,146,69,18,6,3395,1651,0.05047312301198312,97,47,47197,47691,2390,1134,151,1052,1094,160,0,0,94009,0,0,69,0,0,0,0,0,0,1227,4642,27,0,0,0,0,0
368,8273,369.1358825379826,99974,144,69,18,6,3413,1664,0.050783203632944564,99,39,47180,47625,2397,1144,161,1116,1161,171,0,0,93900,0,0,70,0,0,0,0,0,0,1304,4672,28,0,0,0,0,0
369,8273,370.2096209696224,99974,151,68,18,6,3440,1670,0.051113289455258365,93,39,47156,47558,2409,1143,172,1185,1231,183,0,0,93796,0,0,70,0,0,0,0,0,0,1381,4694,33,0,0,0,0,0
370,8273,371.2838627386726,99974,160,68,18,6,3474,1682,0.05157340908636245,73,41,47144,47478,2421,1150,183,1256,1303,195,0,0,93680,0,0,73,0,0,0,0,0,0,1463,4723,35,0,0,0,0,0
371,8273,372.00023802529915,99974,152,67,18,6,3487,1690,0.051783463700562145,77,40,47121,47403,2435,1156,196,1327,1378,208,0,0,93569,0,0,74,0,0,0,0,0,0,1545,4745,41,0,0,0,0,0
372,8273,373.07550238278924,99974,143,70,18,6,3503,1706,0.05210354692219977,88,30,47087,47326,2453,1165,210,1402,1456,222,0,0,93441,0,0,74,0,0,0,0,0,0,1635,4781,43,0,0,0,0,0
373,8273,374.15152367928977,99974,138,59,18,6,3526,1709,0.05236361453978034,79,38,47068,47250,2472,1168,224,1478,1536,236,0,0,93311,0,0,75,0,0,0,0,0,0,1724,4816,48,0,0,0,0,0
374,8273,375.22817377668264,99974,138,61,18,6,3547,1719,0.052673695160741794,75,39,47049,47169,2482,1169,237,1555,1619,251,0,0,93188,0,0,76,0,0,0,0,0,0,1819,4840,51,0,0,0,0,0
375,8273,376.3052724741146,99974,142,58,18,6,3564,1724,0.05289375237561766,82,45,47017,47082,2488,1169,252,1639,1705,267,0,0,93069,0,0,77,0,0,0,0,0,0,1918,4856,54,0,0,0,0,0
376,8273,377.02365615775983,99974,142,53,18,6,3577,1728,0.05306379658711265,83,44,46993,46998,2494,1172,269,1726,1794,284,0,0,92948,0,0,77,0,0,0,0,0,0,2017,4871,61,0,0,0,0,0
377,8273,378.1019680468227,99974,144,51,18,6,3606,1737,0.05344389541280733,78,47,46959,46907,2514,1177,286,1811,1885,302,0,0,92806,0,0,79,0,0,0,0,0,0,2123,4902,64,0,0,0,0,0
378,8273,379.1810870039772,99974,143,53,18,6,3624,1747,0.053723968231740256,78,42,46931,46824,2526,1177,303,1897,1979,320,0,0,92673,0,0,79,0,0,0,0,0,0,2229,4923,70,0,0,0,0,0
379,8273,380.26086098709885,99974,149,56,18,6,3648,1756,0.05405405405405406,83,46,46895,46730,2535,1176,319,1985,2076,339,0,0,92538,0,0,79,0,0,0,0,0,0,2340,4942,75,0,0,0,0,0
380,8273,381.34127964249313,99974,147,59,18,6,3668,1769,0.05438413987636786,84,43,46868,46630,2543,1181,339,2080,2176,359,0,0,92389,0,0,79,0,0,0,0,0,0,2457,4971,78,0,0,0,0,0
381,8273,382.06189481799396,99974,143,67,18,6,3680,1781,0.054624202292596076,86,39,46836,46527,2556,1184,360,2176,2279,380,0,0,92247,0,0,79,0,0,0,0,0,0,2579,4989,80,0,0,0,0,0
382,8273,383.1436853886319,99974,142,67,18,6,3707,1791,0.05499429851761458,85,38,46805,46423,2569,1190,380,2275,2385,402,0,0,92086,0,0,79,0,0,0,0,0,0,2702,5022,85,0,0,0,0,0
383,8273,384.22625251539694,99973,146,71,19,6,3735,1802,0.05538495393756314,84,43,46765,46315,2582,1189,403,2375,2494,425,0,0,91930,0,0,78,1,0,0,0,0,0,2827,5046,91,0,0,0,0,0
384,8273,385.30960404273196,99973,141,81,19,6,3753,1815,0.05569503766016824,87,38,46732,46205,2595,1186,425,2483,2606,449,0,0,91774,0,0,78,1,0,0,0,0,0,2957,5066,97,0,0,0,0,0
385,8273,386.0322722654955,99973,145,82,19,6,3768,1824,0.05593510247766897,94,31,46696,46098,2595,1187,450,2595,2721,474,0,0,91624,0,0,77,2,0,0,0,0,0,3088,5077,105,0,0,0,0,0
386,8273,387.1171255340202,99973,153,88,19,6,3794,1836,0.05631520510537845,96,29,46655,45985,2600,1185,476,2706,2839,500,0,0,91465,0,0,77,2,0,0,0,0,0,3223,5092,114,0,0,0,0,0
387,8273,388.20284076586375,99973,150,83,19,6,3819,1846,0.05666529963090034,107,27,46602,45868,2621,1194,500,2821,2960,527,0,0,91281,0,0,79,2,0,0,0,0,0,3366,5126,119,0,0,0,0,0
388,8273,389.28966874305803,99973,160,75,19,6,3855,1857,0.0571354265651726,93,34,46559,45747,2640,1205,528,2932,3084,555,0,0,91093,0,0,79,2,0,0,0,0,0,3509,5162,128,0,0,0,0,0
389,8273,390.01480351678464,99973,167,76,19,6,3876,1865,0.057425504886319305,89,29,46525,45631,2642,1206,557,3051,3211,584,0,0,90925,0,0,79,2,0,0,0,0,0,3656,5174,137,0,0,0,0,0
390,8273,391.10349494488435,99972,168,77,20,6,3900,1873,0.05774616892729965,85,35,46489,45509,2650,1202,587,3170,3341,614,0,0,90743,0,0,80,2,0,0,0,0,0,3809,5194,144,0,0,0,0,0
391,8273,392.1930439871335,99971,162,74,21,6,3930,1883,0.058146862590151144,76,36,46453,45383,2670,1209,617,3291,3474,645,0,0,90540,0,0,81,2,0,0,0,0,0,3964,5231,153,0,0,0,0,0
392,8273,393.28362456033557,99971,173,65,21,6,3962,1889,0.05852697282211841,78,38,46400,45253,2678,1218,649,3419,3610,678,0,0,90347,0,0,82,3,0,0,0,0,0,4123,5254,162,0,0,0,0,0
393,8273,394.011302896029,99971,180,67,21,6,3981,1899,0.05881705694651449,81,39,46354,45112,2680,1222,683,3553,3749,712,0,0,90164,0,0,82,3,0,0,0,0,0,4286,5264,172,0,0,0,0,0
394,8273,395.1039255620314,99971,170,70,21,6,4001,1910,0.05912714687259305,84,38,46305,44984,2702,1220,717,3681,3891,747,0,0,89959,0,0,85,3,0,0,0,0,0,4456,5289,179,0,0,0,0,0
395,8273,396.1977477663204,99971,160,73,21,6,4021,1921,0.05943723679867161,91,38,46255,44852,2721,1218,751,3812,4036,783,0,0,89751,0,0,88,3,0,0,0,0,0,4629,5313,187,0,0,0,0,0
396,8273,397.29281651308594,99969,162,74,23,6,4051,1933,0.05985855615240725,87,36,46204,44720,2736,1223,787,3940,4184,821,0,0,89536,0,0,90,4,0,0,0,0,0,4808,5338,193,0,0,0,0,0
397,8273,398.0235285584366,99969,151,75,23,6,4061,1941,0.06003861196971061,90,36,46165,44577,2750,1225,820,4080,4335,860,0,0,89331,0,0,92,4,0,0,0,0,0,4987,5351,204,0,0,0,0,0
398,8273,399.1208008635335,99969,152,76,23,6,4086,1949,0.060368714301433445,86,40,46119,44440,2761,1220,858,4217,4489,900,0,0,89116,0,0,93,4,0,0,0,0,0,5172,5371,213,0,0,0,0,0
399,8273,400.2191573902122,99969,150,75,23,6,4112,1960,0.06073882903700147,79,40,46071,44290,2779,1231,897,4357,4645,942,0,0,88885,0,0,95,4,0,0,0,0,0,5365,5402,218,0,0,0,0,0
400,8273,401.3187804079005,99969,137,81,23,6,4128,1980,0.0610989406716082,83,33,46021,44146,2797,1236,938,4497,4804,985,0,0,88642,0,0,95,4,0,0,0,0,0,5565,5443,220,0,0,0,0,0
401,8273,402.05257909373273,99969,141,85,23,6,4148,1987,0.06136902439756325,82,31,45975,43999,2797,1229,981,4649,4966,1030,0,0,88432,0,0,96,4,0,0,0,0,0,5757,5445,235,0,0,0,0,0
402,8273,403.1545213255341,99969,142,78,23,6,4168,1995,0.06164911122447959,81,34,45933,43844,2796,1238,1024,4799,5131,1076,0,0,88198,0,0,99,4,0,0,0,0,0,5960,5465,243,0,0,0,0,0
403,8273,404.25752012439665,99969,134,75,23,6,4191,2005,0.06197921355620242,81,33,45884,43701,2810,1239,1067,4945,5299,1123,0,0,87948,0,0,101,4,0,0,0,0,0,6168,5498,250,0,0,0,0,0
404,8273,405.361793496282,99969,131,73,23,6,4211,2013,0.06225930038311877,84,35,45837,43551,2816,1243,1108,5091,5470,1172,0,0,87706,0,0,103,4,0,0,0,0,0,6379,5518,259,0,0,0,0,0
405,8273,406.09864632269137,99969,129,70,23,6,4224,2016,0.06241934999849953,82,37,45788,43395,2823,1241,1154,5250,5643,1222,0,0,87470,0,0,103,4,0,0,0,0,0,6594,5531,267,0,0,0,0,0
406,8273,407.2052978622469,99969,130,65,23,6,4244,2019,0.06264942132060938,82,38,45725,43251,2835,1242,1204,5397,5819,1274,0,0,87227,0,0,104,4,0,0,0,0,0,6811,5545,278,0,0,0,0,0
407,8273,408.31343370409957,99969,139,73,23,6,4271,2033,0.06305954846002261,87,32,45661,43089,2835,1242,1254,5557,5998,1328,0,0,86983,0,0,105,4,0,0,0,0,0,7032,5555,290,0,0,0,0,0
408,8273,409.0529805709234,99969,141,73,23,6,4286,2038,0.06325961047924857,92,36,45597,42919,2840,1238,1306,5727,6180,1383,0,0,86738,0,0,105,5,0,0,0,0,0,7260,5563,298,0,0,0,0,0
409,8273,410.16395103315824,99969,151,69,23,6,4313,2048,0.0636297252148166,84,34,45543,42762,2846,1241,1352,5887,6364,1440,0,0,86477,0,0,106,5,0,0,0,0,0,7491,5582,308,0,0,0,0,0
410,8273,411.27627127071526,99969,144,69,23,6,4329,2059,0.06389980894077164,88,35,45488,42599,2853,1242,1403,6048,6551,1498,0,0,86211,0,0,106,6,0,0,0,0,0,7724,5603,319,0,0,0,0,0
411,8273,412.01853236888826,99969,148,67,23,6,4350,2064,0.06415988956576539,87,37,45428,42420,2853,1243,1460,6226,6740,1558,0,0,85956,0,0,108,7,0,0,0,0,0,7959,5606,333,0,0,0,0,0
412,8273,413.1336589516741,99967,150,66,25,6,4380,2073,0.06455130192963678,84,41,45359,42245,2862,1247,1519,6394,6932,1620,0,0,85681,0,0,111,7,0,0,0,0,0,8199,5622,347,0,0,0,0,0
413,8273,414.250508570413,99967,151,65,25,6,4402,2081,0.06485140096231756,88,45,45283,42065,2872,1254,1580,6564,7126,1683,0,0,85407,0,0,113,7,0,0,0,0,0,8445,5637,358,0,0,0,0,0
414,8273,415.3690822624701,99967,152,66,25,6,4433,2096,0.0653115528124281,79,38,45217,41897,2889,1257,1637,6735,7323,1748,0,0,85115,0,0,116,7,0,0,0,0,0,8696,5664,369,0,0,0,0,0
415,8273,416.11574051476106,99967,147,64,25,6,4447,2101,0.06550161553312593,77,46,45151,41723,2897,1245,1702,6915,7522,1815,0,0,84847,0,0,118,7,0,0,0,0,0,8940,5664,391,0,0,0,0,0
416,8273,417.2377645679413,99967,149,67,25,6,4479,2116,0.06597177068432583,73,45,45074,41538,2915,1250,1763,7093,7724,1884,0,0,84549,0,0,118,7,0,0,0,0,0,9196,5691,406,0,0,0,0,0
417,8273,418.3616878330624,99967,143,69,25,6,4499,2130,0.06631188292136406,78,43,45002,41358,2925,1250,1826,7273,7928,1954,0,0,84259,0,0,119,7,0,0,0,0,0,9449,5706,427,0,0,0,0,0
418,8273,419.11201450367923,99967,141,72,25,6,4514,2139,0.06655196214750868,70,42,44943,41162,2924,1250,1896,7467,8134,2026,0,0,83974,0,0,120,7,0,0,0,0,0,9712,5712,442,0,0,0,0,0
419,8273,420.2393504097334,99966,139,77,26,6,4535,2154,0.06691275033511394,93,61,44849,40960,2926,1253,1966,7642,8342,2100,0,0,83680,8,1,121,7,0,0,0,0,0,9974,5714,461,0,0,0,0,0
420,8273,421.08626615776717,99966,132,75,26,6,4546,2163,0.0671128183582418,99,57,44781,40774,2924,1253,2037,7834,8553,2176,0,0,83393,32,2,124,8,0,0,0,0,0,10236,5687,484,0,0,0,0,0
421,8273,422.3590967305926,99966,142,83,26,6,4580,2182,0.06764299861953064,104,56,44690,40585,2935,1258,2102,8011,8766,2253,0,0,83085,65,3,125,8,0,0,0,0,0,10510,5671,499,0,0,0,0,0
422,8273,423.20887328368445,99966,147,85,26,6,4596,2193,0.06791309045075325,114,58,44607,40398,2929,1254,2176,8198,8981,2332,0,0,82795,84,4,124,9,0,0,0,0,0,10780,5649,521,0,0,0,0,0
423,8273,424.0601273562345,99966,144,85,26,6,4613,2208,0.06823319928775784,128,50,44509,40210,2941,1259,2251,8389,9198,2413,0,0,82475,117,5,125,9,0,0,0,0,0,11066,5637,532,0,0,0,0,0
424,8273,425.3399859976916,99966,157,84,26,6,4649,2218,0.06869335574095192,141,57,44405,40027,2948,1258,2322,8567,9417,2496,0,0,82161,146,9,126,9,0,0,0,0,0,11347,5619,549,0,0,0,0,0
425,8273,426.19474032553103,99966,175,80,26,6,4685,2224,0.06911349858952044,134,64,44311,39823,2953,1262,2400,8764,9638,2581,0,0,81841,169,10,130,9,0,0,0,0,0,11643,5606,558,0,0,0,0,0
426,8273,427.0511788524815,99966,176,86,26,6,4712,2239,0.06953364143808895,131,69,44231,39619,2954,1258,2481,8961,9860,2668,0,0,81531,197,17,128,11,0,0,0,0,0,11918,5581,583,0,0,0,0,0
427,8273,428.33862495412035,99966,183,92,26,6,4750,2258,0.07010383530400337,135,68,44144,39438,2959,1256,2552,9139,10084,2757,0,0,81197,237,18,131,11,0,0,0,0,0,12211,5559,602,0,0,0,0,0
428,8273,429.1982010182589,99966,189,99,26,6,4773,2275,0.07050397135025908,136,61,44051,39234,2960,1258,2637,9341,10310,2848,0,0,80875,259,22,131,12,0,0,0,0,0,12507,5542,618,0,0,0,0,0
429,8273,430.0594530425788,99966,192,101,26,6,4799,2291,0.0709241141988276,132,61,43959,39036,2969,1263,2721,9532,10537,2941,0,0,80539,289,29,131,12,0,0,0,0,0,12806,5528,632,0,0,0,0,0
430,8273,431.35443120305774,99966,200,104,26,6,4842,2312,0.07156433187283677,131,61,43862,38849,2980,1268,2800,9711,10766,3035,0,0,80184,335,34,133,12,0,0,0,0,0,13110,5512,646,0,0,0,0,0
431,8273,432.2193008031439,99966,197,104,26,6,4867,2323,0.07192445431446692,128,73,43780,38638,2984,1263,2884,9915,10997,3131,0,0,79848,370,38,132,13,0,0,0,0,0,13407,5487,671,0,0,0,0,0
432,8273,433.08586147107485,99966,199,104,26,6,4893,2335,0.07230458355840987,129,84,43682,38421,2994,1262,2969,10122,11229,3229,0,0,79506,399,45,131,14,0,0,0,0,0,13713,5471,687,0,0,0,0,0
433,8273,434.3889495373994,99965,215,117,27,6,4943,2366,0.07311559045665983,130,83,43581,38219,2995,1270,3051,10304,11462,3329,0,0,79145,442,49,133,15,0,0,0,0,0,14026,5452,703,0,0,0,0,0
434,8273,435.2591606969767,99965,214,108,27,6,4974,2378,0.07354574100935328,130,83,43477,38000,3008,1283,3143,10519,11697,3431,0,0,78780,488,51,137,16,0,0,0,0,0,14343,5430,720,0,0,0,0,0
435,8273,436.131439355304,99965,209,106,27,6,5004,2390,0.07396588806082129,130,84,43370,37807,3027,1287,3236,10709,11933,3535,0,0,78414,530,56,138,17,0,0,0,0,0,14662,5413,735,0,0,0,0,0
436,8273,437.0058483001826,99965,207,117,27,6,5031,2409,0.07442604911719101,127,81,43265,37599,3040,1281,3333,10915,12170,3641,0,0,78061,562,59,139,18,0,0,0,0,0,14980,5390,756,0,0,0,0,0
437,8273,438.3213258360235,99965,202,123,27,6,5068,2440,0.07510628720052018,135,77,43152,37418,3054,1298,3429,11077,12408,3749,0,0,77678,617,65,145,18,0,0,0,0,0,15302,5366,774,0,0,0,0,0
438,8273,439.20021706127204,99965,206,115,27,6,5096,2449,0.07547641674586106,142,81,43038,37213,3062,1304,3524,11280,12648,3859,0,0,77306,652,71,145,18,0,0,0,0,0,15633,5353,787,0,0,0,0,0
439,8273,440.08125963453637,99965,210,115,27,6,5136,2466,0.0760466163157105,142,87,42917,36990,3082,1312,3621,11489,12889,3971,0,0,76928,694,78,149,18,0,0,0,0,0,15962,5332,804,0,0,0,0,0
440,8273,441.4070389549702,99965,215,123,27,6,5184,2495,0.07681688591006852,157,85,42783,36799,3099,1322,3718,11664,13131,4085,0,0,76527,749,84,151,19,0,0,0,0,0,16302,5320,813,0,0,0,0,0
441,8273,442.29311409826533,99965,234,132,27,6,5229,2513,0.07744710648727055,149,85,42656,36591,3111,1313,3822,11872,13373,4201,0,0,76165,778,88,152,20,0,0,0,0,0,16631,5294,837,0,0,0,0,0
442,8273,443.1815452659908,99965,246,133,27,6,5268,2526,0.07796728855099284,148,87,42530,36392,3117,1311,3931,12070,13616,4319,0,0,75793,808,92,155,22,0,0,0,0,0,16969,5272,854,0,0,0,0,0
443,8273,444.0726162318542,99964,255,129,27,7,5297,2538,0.07837821615781682,162,92,42401,36195,3120,1309,4034,12267,13860,4439,0,0,75424,834,98,156,24,0,0,0,0,0,17305,5250,873,0,0,0,0,0
444,8273,445.41357492265155,99964,253,131,27,7,5353,2563,0.07918850786283062,170,86,42257,36010,3156,1313,4136,12452,14105,4561,0,0,75015,897,110,161,25,0,0,0,0,0,17639,5224,893,0,0,0,0,0
445,8273,446.3100460351397,99964,253,132,27,7,5380,2583,0.07965867712376455,184,81,42129,35804,3163,1320,4243,12655,14350,4685,0,0,74631,937,115,162,25,0,0,0,0,0,17978,5198,918,0,0,0,0,0
446,8273,447.2091804869207,99964,263,129,27,7,5426,2601,0.08029890760673843,174,81,42007,35596,3181,1326,4347,12860,14596,4811,0,0,74241,979,127,164,26,0,0,0,0,0,18314,5172,941,0,0,0,0,0
447,8273,448.1108570162033,99963,278,136,28,7,5466,2622,0.08090993667657033,169,86,41875,35393,3188,1323,4461,13054,14843,4938,0,0,73863,1004,138,166,26,0,0,0,0,0,18655,5148,963,0,0,0,0,0
448,8273,449.0152673332068,99963,285,135,28,7,5507,2642,0.08152016246011023,173,93,41730,35192,3210,1327,4573,13245,15090,5067,0,0,73456,1052,145,166,26,0,0,0,0,0,19007,5131,980,0,0,0,0,0
449,8273,450.3770642654668,99963,304,141,28,7,5580,2676,0.08259055850664745,162,93,41592,34991,3239,1347,4674,13420,15337,5198,0,0,73036,1111,159,174,27,0,0,0,0,0,19354,5106,996,0,0,0,0,0
450,8273,451.28735901369515,99963,298,147,28,7,5617,2697,0.08317077318607885,181,91,41438,34790,3259,1348,4795,13616,15585,5331,0,0,72641,1153,168,180,28,0,0,0,0,0,19698,5072,1023,0,0,0,0,0
451,8273,452.2008449828543,99963,280,149,28,7,5649,2719,0.08371097306003221,191,89,41303,34575,3287,1356,4910,13823,15833,5466,0,0,72228,1204,184,179,31,0,0,0,0,0,20044,5051,1042,0,0,0,0,0
452,8273,453.1173745155267,99963,292,163,28,7,5695,2745,0.0844312395586367,195,82,41153,34368,3305,1355,5026,14024,16081,5603,0,0,71827,1236,196,181,31,0,0,0,0,0,20401,5033,1058,0,0,0,0,0
453,8273,454.037131675342,99963,299,165,28,7,5748,2763,0.08514150235587167,182,80,41011,34149,3330,1362,5149,14236,16330,5742,0,0,71410,1285,206,182,33,0,0,0,0,0,20759,5012,1076,0,0,0,0,0
454,8273,455.4223882434127,99963,289,156,28,7,5808,2787,0.08598181327091024,200,98,40852,33948,3371,1384,5259,14406,16579,5882,0,0,70963,1357,231,187,33,0,0,0,0,0,21108,4993,1091,0,0,0,0,0
455,8273,456.3488660064234,99962,291,163,29,7,5846,2809,0.08658290150257097,199,96,40724,33748,3386,1381,5370,14604,16828,6024,0,0,70561,1387,248,189,34,0,0,0,0,0,21462,4971,1110,0,0,0,0,0
456,8273,457.2782216843036,99962,308,165,29,7,5900,2837,0.08740321322102398,204,90,40567,33547,3401,1388,5490,14802,17077,6168,0,0,70139,1436,262,188,35,0,0,0,0,0,21821,4952,1129,0,0,0,0,0
457,8273,458.2108868512402,99962,306,170,29,7,5951,2862,0.0881635021308097,218,93,40404,33342,3425,1390,5617,14997,17326,6314,0,0,69714,1491,275,192,35,0,0,0,0,0,22177,4923,1155,0,0,0,0,0
458,8273,459.1470771673733,99962,320,163,29,7,6002,2881,0.08886376823192814,223,98,40237,33135,3443,1400,5747,15196,17575,6461,0,0,69298,1534,294,193,35,0,0,0,0,0,22531,4899,1178,0,0,0,0,0
459,8273,460.08702623589085,99962,328,164,29,7,6051,2904,0.08958404193593565,230,96,40076,32917,3466,1414,5870,15401,17823,6610,0,0,68878,1579,307,195,36,0,0,0,0,0,22891,4875,1201,0,0,0,0,0
460,8273,461.0306289531989,99962,329,166,29,7,6101,2924,0.09028430803705408,230,103,39923,32723,3489,1413,5999,15587,18071,6761,0,0,68464,1619,324,203,37,0,0,0,0,0,23247,4842,1226,0,0,0,0,0
461,8273,462.45236854831603,99962,335,178,29,7,6184,2970,0.0915747984234009,219,92,39764,32559,3534,1431,6118,15732,18319,6913,0,0,68010,1695,352,208,39,0,0,0,0,0,23597,4815,1246,0,0,0,0,0
462,8273,463.403296409464,99962,367,165,29,7,6250,2987,0.09240511394329845,210,91,39615,32362,3542,1445,6236,15929,18567,7067,0,0,67593,1735,374,210,39,0,0,0,0,0,23952,4788,1271,0,0,0,0,0
463,8273,464.3577324743076,99962,365,162,29,7,6302,3006,0.09311538384586143,215,104,39455,32157,3571,1453,6364,16116,18814,7223,0,0,67158,1786,392,215,41,0,0,0,0,0,24318,4764,1288,0,0,0,0,0
464,8273,465.31594125968644,99962,362,167,29,7,6349,3031,0.09383565754986894,244,114,39273,31945,3594,1461,6497,16305,19061,7380,0,0,66726,1826,412,222,42,0,0,0,0,0,24688,4745,1301,0,0,0,0,0
465,8273,466.2781532851155,99962,384,178,29,7,6426,3064,0.09493607570876933,217,112,39114,31733,3631,1469,6624,16500,19308,7539,0,0,66288,1880,427,226,44,0,0,0,0,0,25056,4718,1323,0,0,0,0,0
466,8273,467.2443678366488,99962,403,175,29,7,6494,3094,0.09591644825033513,201,115,38957,31540,3651,1485,6758,16677,19554,7699,0,0,65851,1939,449,226,45,0,0,0,0,0,25412,4690,1350,0,0,0,0,0
467,8273,468.21437898649157,99961,419,182,30,7,6560,3120,0.09683776672902432,178,117,38810,31347,3668,1490,6894,16856,19799,7861,0,0,65426,1979,471,226,49,0,0,0,0,0,25774,4666,1370,0,0,0,0,0
468,8273,469.18821320932733,99961,417,185,30,7,6602,3147,0.09752803593401427,192,137,38664,31148,3673,1506,7023,17016,20044,8024,0,0,65004,2014,499,229,50,0,0,0,0,0,26132,4642,1391,0,0,0,0,0
469,8273,470.16553505887043,99960,414,182,31,7,6653,3173,0.09829931972789116,204,147,38501,30949,3702,1515,7147,17199,20288,8189,0,0,64559,2067,519,232,55,0,0,0,0,0,26503,4620,1405,0,0,0,0,0
470,8273,471.1466698603547,99960,420,197,31,7,6709,3210,0.0992296918767507,205,137,38337,30764,3723,1524,7283,17370,20532,8355,0,0,64120,2115,540,234,55,0,0,0,0,0,26872,4599,1425,0,0,0,0,0
471,8273,472.1318482471601,99960,405,208,31,7,6757,3247,0.10008003201280512,218,129,38177,30583,3752,1536,7416,17536,20775,8522,0,0,63677,2173,567,237,56,0,0,0,0,0,27230,4571,1449,0,0,0,0,0
472,8273,473.12122463525844,99959,388,209,31,8,6809,3279,0.10092137776488361,226,130,37998,30398,3798,1546,7558,17708,21017,8691,0,0,63223,2236,594,243,58,0,0,0,0,0,27592,4544,1469,0,0,0,0,0
473,8273,474.1152409710634,99959,379,205,31,8,6862,3310,0.10176172230614552,236,118,37824,30211,3832,1559,7697,17898,21258,8861,0,0,62782,2293,626,248,60,0,0,0,0,0,27943,4512,1495,0,0,0,0,0
474,8273,475.11396338188575,99958,382,197,32,8,6915,3339,0.10258308489565618,255,111,37648,30039,3847,1575,7835,18069,21499,9032,0,0,62343,2349,650,250,64,0,0,0,0,0,28301,4480,1521,0,0,0,0,0
475,8273,476.1172300954185,99958,391,208,32,8,6975,3378,0.10357350087036556,254,94,37491,29880,3861,1582,7970,18227,21739,9204,0,0,61922,2392,680,256,64,0,0,0,0,0,28649,4440,1555,0,0,0,0,0
476,8273,477.12473230364526,99958,404,204,32,8,7044,3401,0.10449388743272174,255,94,37318,29690,3896,1596,8094,18407,21978,9378,0,0,61468,2447,707,254,67,0,0,0,0,0,29021,4428,1566,0,0,0,0,0
477,8273,478.1366249678754,99958,427,206,32,8,7124,3424,0.10552432021449008,257,97,37127,29514,3933,1592,8223,18582,22216,9553,0,0,61034,2486,742,256,68,0,0,0,0,0,29380,4408,1584,0,0,0,0,0
478,8273,479.1532602512085,99957,426,206,33,8,7196,3444,0.10644577168182319,227,117,36968,29313,3984,1598,8361,18757,22453,9729,0,0,60582,2537,771,262,71,0,0,0,0,0,29748,4389,1597,0,0,0,0,0
479,8273,480.1746917795788,99957,415,211,33,8,7251,3479,0.10734615884830477,244,114,36807,29149,4004,1615,8496,18902,22689,9906,0,0,60145,2588,810,266,72,0,0,0,0,0,30094,4358,1624,0,0,0,0,0
480,8273,481.20070262638933,99957,434,208,33,8,7322,3511,0.1083766019388337,229,122,36640,28982,4027,1627,8636,19052,22924,10084,0,0,59722,2628,852,269,73,0,0,0,0,0,30435,4324,1654,0,0,0,0,0
481,8273,482.2312672703679,99957,432,215,33,8,7376,3545,0.1092569805016157,246,116,36479,28831,4037,1638,8772,19191,23158,10263,0,0,59289,2668,885,274,76,0,0,0,0,0,30793,4299,1673,0,0,0,0,0
482,8273,483.2662664905826,99957,437,212,33,8,7438,3571,0.11013735906439769,251,121,36304,28654,4065,1652,8909,19352,23391,10443,0,0,58845,2718,916,277,78,0,0,0,0,0,31156,4277,1690,0,0,0,0,0
483,8273,484.3059466017784,99955,445,210,33,10,7512,3599,0.11116002200990446,245,123,36138,28486,4092,1665,9046,19505,23623,10624,0,0,58401,2774,950,279,80,0,0,0,0,0,31509,4248,1714,0,0,0,0,0
484,8273,485.3503895773985,99955,447,217,33,10,7576,3636,0.11217047671452153,251,122,35961,28310,4120,1683,9187,19657,23853,10806,0,0,57963,2824,983,281,84,0,0,0,0,0,31861,4222,1737,0,0,0,0,0
485,8273,486.39989926958725,99955,461,218,33,10,7655,3668,0.11328097643939773,257,123,35785,28140,4143,1691,9320,19817,24082,10989,0,0,57528,2870,1024,286,85,0,0,0,0,0,32206,4194,1762,0,0,0,0,0
486,8273,487.4542314994727,99955,435,229,33,10,7714,3713,0.11432144465009254,269,109,35607,27983,4192,1713,9463,19955,24310,11172,0,0,57060,2948,1060,288,87,0,0,0,0,0,32560,4170,1782,0,0,0,0,0
487,8273,488.51391406791873,99954,427,204,33,11,7778,3737,0.1152029933769534,269,130,35453,27813,4211,1741,9606,20100,24537,11356,0,0,56625,3002,1116,291,92,0,0,0,0,0,32882,4136,1810,0,0,0,0,0
488,8273,489.0450581900482,99954,425,203,33,11,7807,3749,0.11561318206374932,275,129,35291,27628,4218,1743,9757,20285,24763,11541,0,0,56227,3009,1139,296,96,0,0,0,0,0,33245,4111,1831,0,0,0,0,0
489,8273,490.1145952964115,99954,426,208,33,11,7882,3778,0.1166536606839146,261,131,35135,27453,4248,1748,9896,20448,24987,11726,0,0,55789,3057,1174,306,96,0,0,0,0,0,33595,4082,1855,0,0,0,0,0
490,8273,491.1889706922143,99954,454,201,33,11,7967,3820,0.11792424515277028,227,114,34984,27301,4271,1778,10030,20594,25210,11912,0,0,55358,3104,1222,308,102,0,0,0,0,0,33929,4054,1877,0,0,0,0,0
491,8273,492.26827482338615,99954,438,213,33,11,8023,3856,0.11884466854753187,232,120,34819,27148,4309,1785,10168,20722,25432,12099,0,0,54923,3150,1261,316,104,0,0,0,0,0,34278,4026,1896,0,0,0,0,0
492,8273,493.35244672947647,99954,436,220,33,11,8081,3889,0.11975508734017648,267,123,34639,26998,4332,1794,10292,20853,25652,12286,0,0,54508,3191,1297,322,107,0,0,0,0,0,34616,3987,1926,0,0,0,0,0
493,8273,494.4418942990164,99954,430,233,33,11,8160,3931,0.12096564419633031,256,108,34459,26850,4371,1808,10450,20989,25871,12474,0,0,54075,3240,1350,327,111,0,0,0,0,0,34946,3957,1948,0,0,0,0,0
494,8273,495.53708037028736,99954,436,230,33,11,8234,3966,0.12205614582708045,247,104,34304,26732,4404,1820,10575,21102,26089,12662,0,0,53637,3294,1394,332,114,0,0,0,0,0,35286,3930,1967,0,0,0,0,0
495,8273,496.0859390083689,99954,425,233,33,11,8270,3985,0.12260639894351402,254,98,34140,26557,4415,1820,10732,21280,26305,12851,0,0,53231,3322,1427,329,118,0,0,0,0,0,35630,3906,1991,0,0,0,0,0
496,8273,497.1916568120045,99953,458,233,34,11,8353,4014,0.12372815223154883,239,110,33984,26405,4414,1830,10870,21410,26520,13040,0,0,52824,3348,1469,330,122,0,0,0,0,0,35964,3880,2016,0,0,0,0,0
497,8273,498.30228244136333,99953,467,223,34,11,8419,4037,0.12461857072824227,251,114,33816,26265,4422,1844,11009,21542,26733,13229,0,0,52415,3384,1516,333,125,0,0,0,0,0,36289,3848,2043,0,0,0,0,0
498,8273,499.41815143707413,99952,465,210,35,11,8495,4066,0.12567032175444212,245,127,33673,26114,4450,1869,11131,21668,26945,13419,0,0,51987,3433,1571,342,128,0,0,0,0,0,36609,3816,2066,0,0,0,0,0
499,8273,500.5390662871731,99952,454,216,35,11,8568,4105,0.12679085961261405,233,114,33530,25993,4482,1883,11265,21782,27156,13609,0,0,51572,3470,1637,344,135,0,0,0,0,0,36916,3791,2087,0,0,0,0,0
500,8273,501.1006820242871,99952,432,213,35,11,8592,4115,0.12713102289098768,241,113,33364,25834,4499,1877,11428,21951,27365,13799,0,0,51184,3487,1675,342,140,0,0,0,0,0,37248,3765,2111,0,0,0,0,0
501,8273,502.23210937078267,99952,440,212,35,11,8664,4143,0.12813150312149832,235,115,33199,25722,4522,1884,11568,22055,27573,13989,0,0,50779,3509,1726,350,147,0,0,0,0,0,37575,3742,2124,0,0,0,0,0
502,8273,503.36915728316507,99951,420,209,36,11,8726,4175,0.12907324589048633,242,110,33051,25606,4558,1902,11692,22161,27779,14179,0,0,50357,3560,1776,355,153,0,0,0,0,0,37891,3712,2147,0,0,0,0,0
503,8273,504.51161923265187,99950,432,206,37,11,8808,4205,0.1301950975487744,227,111,32889,25489,4588,1917,11826,22265,27984,14370,0,0,49943,3593,1828,366,154,0,0,0,0,0,38214,3686,2166,0,0,0,0,0
504,8273,505.0842213508274,99950,441,207,37,11,8845,4218,0.13069534767383692,223,110,32726,25325,4589,1910,11983,22436,28187,14561,0,0,49569,3594,1859,367,157,1,0,0,0,0,38554,3664,2185,0,0,0,0,0
505,8273,506.23800882048357,99950,459,196,37,11,8920,4250,0.13176588294147074,226,109,32558,25221,4608,1933,12111,22529,28389,14752,0,0,49167,3617,1922,374,160,1,0,0,0,0,38866,3643,2200,0,0,0,0,0
506,8273,507.3974417039958,99950,449,206,37,11,8986,4285,0.13277638819409704,235,113,32399,25124,4638,1926,12241,22619,28589,14943,0,0,48760,3666,1960,379,165,1,0,0,0,0,39182,3605,2232,0,0,0,0,0
507,8273,508.5626684181184,99950,444,210,37,11,9055,4329,0.13390695347673837,254,102,32220,25022,4672,1946,12372,22708,28788,15134,0,0,48336,3716,2015,382,169,1,0,0,0,0,39499,3586,2246,0,0,0,0,0
508,8273,509.14680394706124,99950,452,214,37,11,9096,4344,0.1344672336168084,252,101,32055,24889,4675,1931,12528,22853,28985,15324,0,0,47967,3722,2048,380,174,1,0,0,0,0,39827,3564,2267,0,0,0,0,0
509,8273,510.32425775473763,99949,476,219,37,12,9173,4379,0.13558915046673803,261,100,31891,24772,4682,1942,12652,22954,29181,15514,0,0,47577,3748,2095,382,177,1,0,0,0,0,40139,3540,2290,0,0,0,0,0
510,8273,511.50745788818654,99948,472,214,38,12,9256,4414,0.1367711209829111,256,108,31733,24665,4722,1958,12778,23042,29375,15704,0,0,47173,3790,2158,388,187,1,0,0,0,0,40432,3511,2308,0,0,0,0,0
511,8273,512.1005654085446,99948,475,200,38,12,9300,4423,0.13730139672629768,252,112,31573,24536,4732,1956,12929,23183,29568,15894,0,0,46807,3799,2207,386,193,1,0,0,0,0,40738,3487,2330,0,0,0,0,0
512,8273,513.2957148845595,99948,454,212,38,12,9360,4471,0.1383819586184816,287,113,31407,24430,4765,1970,13048,23262,29759,16084,0,0,46396,3852,2261,391,196,1,0,0,0,0,41040,3459,2352,0,0,0,0,0
513,8273,514.4967959396002,99948,477,194,38,12,9463,4495,0.13965261936206827,253,112,31266,24357,4800,1987,13165,23337,29949,16273,0,0,46000,3884,2326,408,197,1,0,0,0,0,41332,3427,2373,0,0,0,0,0
514,8273,515.0986173626495,99947,452,192,39,12,9496,4510,0.14013427116371677,262,109,31108,24239,4819,1981,13319,23466,30137,16462,0,0,45630,3897,2376,414,201,1,0,0,0,0,41637,3400,2391,0,0,0,0,0
515,8273,516.3118286630433,99947,439,198,39,12,9574,4546,0.14127487568411257,255,107,30962,24133,4859,1994,13445,23555,30323,16651,0,0,45227,3946,2438,412,208,2,0,0,0,0,41926,3381,2407,0,0,0,0,0
516,8273,517.5312773019923,99947,417,193,39,12,9660,4577,0.14244549611293986,234,111,30820,24039,4922,2012,13567,23632,30508,16839,0,0,44796,4015,2495,419,211,3,0,0,0,0,42225,3363,2420,0,0,0,0,0
517,8273,518.1424191769105,99947,403,192,39,12,9683,4596,0.14286571883098043,242,108,30689,23912,4915,2014,13711,23761,30691,17027,0,0,44449,4014,2544,422,214,3,0,0,0,0,42521,3337,2443,0,0,0,0,0
518,8273,519.3736864052173,99946,418,191,40,12,9757,4631,0.14395773717807617,240,109,30549,23842,4927,2027,13825,23818,30873,17215,0,0,44073,4049,2594,428,215,3,0,0,0,0,42809,3301,2474,0,0,0,0,0
519,8273,520.6100329037331,99946,429,195,40,12,9836,4672,0.14515838552818522,221,104,30413,23757,4950,2038,13946,23893,31053,17402,0,0,43680,4097,2635,427,225,4,0,0,0,0,43109,3279,2490,0,0,0,0,0
520,8273,521.2294462764575,99946,431,204,40,12,9871,4693,0.14571868809156946,218,101,30268,23631,4950,2041,14092,24010,31232,17589,0,0,43331,4101,2671,422,233,4,0,0,0,0,43416,3263,2505,0,0,0,0,0
521,8273,522.4774719983097,99946,407,202,40,12,9928,4717,0.14652912572789306,234,118,30135,23555,4986,2043,14197,24069,31409,17775,0,0,42951,4141,2728,424,241,4,0,0,0,0,43699,3238,2520,0,0,0,0,0
522,8273,523.1026139914409,99945,412,218,40,13,9967,4746,0.14721096603131723,229,100,29972,23438,4993,2044,14353,24186,31585,17961,0,0,42605,4143,2765,425,244,4,0,0,0,0,44003,3217,2539,0,0,0,0,0
523,8273,524.362620011284,99944,413,203,40,14,10053,4778,0.1483931001360762,194,104,29845,23381,5031,2068,14476,24229,31759,18146,0,0,42231,4186,2837,427,252,5,0,0,0,0,44258,3185,2563,0,0,0,0,0
524,8273,525.6285643242018,99944,387,193,40,14,10107,4809,0.14924357640278557,204,109,29719,23323,5060,2089,14589,24271,31932,18330,0,0,41860,4222,2907,432,258,5,0,0,0,0,44519,3158,2583,0,0,0,0,0
525,8273,526.2628927367476,99944,387,199,40,14,10145,4827,0.14980389017849996,186,108,29592,23220,5059,2078,14735,24380,32103,18514,0,0,41530,4219,2953,432,264,5,0,0,0,0,44805,3136,2600,0,0,0,0,0
526,8273,527.5406755256348,99944,365,188,40,14,10199,4861,0.15068438325462258,205,99,29476,23155,5080,2098,14833,24445,32273,18697,0,0,41160,4259,3014,433,275,5,0,0,0,0,45067,3111,2620,0,0,0,0,0
527,8273,528.1806339250415,99944,372,188,40,14,10234,4874,0.15116465220523492,200,97,29353,23057,5068,2095,14966,24548,32441,18879,0,0,40839,4254,3052,433,278,6,0,0,0,0,45352,3087,2643,0,0,0,0,0
528,8273,529.4691856851639,99943,363,188,41,14,10292,4903,0.1520366608967111,217,109,29231,23010,5083,2099,15064,24579,32608,19061,0,0,40511,4255,3135,434,284,6,0,0,0,0,45591,3063,2664,0,0,0,0,0
529,8273,530.1142243051595,99942,354,182,42,14,10323,4915,0.1524684316903804,222,107,29098,22905,5083,2100,15200,24691,32773,19242,0,0,40182,4260,3185,433,287,6,0,0,0,0,45864,3041,2684,0,0,0,0,0
530,8273,531.4137269296086,99942,364,189,42,14,10393,4957,0.15358908166736707,209,97,28982,22852,5090,2117,15312,24730,32937,19422,0,0,39837,4281,3244,436,293,6,0,0,0,0,46123,3018,2704,0,0,0,0,0
531,8273,532.0646994551363,99941,366,187,43,14,10430,4971,0.15410091954253008,200,99,28855,22745,5087,2115,15448,24839,33099,19601,0,0,39525,4274,3292,436,299,6,0,0,0,0,46390,2996,2723,0,0,0,0,0
532,8273,533.3753849105774,99941,358,182,43,14,10496,5005,0.1551015098908356,200,93,28753,22695,5115,2129,15530,24886,33260,19780,0,0,39183,4293,3364,437,309,7,0,0,0,0,46633,2977,2738,0,0,0,0,0
533,8273,534.031557199218,99941,346,185,43,14,10526,5022,0.15557178735453916,197,94,28618,22606,5123,2118,15672,24982,33419,19958,0,0,38872,4293,3414,438,313,7,0,0,0,0,46893,2950,2761,0,0,0,0,0
534,8273,535.3532202587235,99941,336,179,43,14,10592,5045,0.15646231276453107,193,95,28526,22583,5146,2126,15755,25002,33577,20135,0,0,38528,4316,3478,441,320,7,0,0,0,0,47143,2932,2776,0,0,0,0,0
535,8273,536.0150473158615,99941,329,172,43,14,10623,5058,0.1569025725177855,185,90,28413,22512,5149,2133,15880,25078,33733,20311,0,0,38220,4318,3531,438,325,7,0,0,0,0,47396,2908,2798,0,0,0,0,0
536,8273,537.3472178978452,99940,327,167,44,14,10691,5091,0.1579147488493096,177,83,28321,22480,5169,2149,15961,25106,33888,20486,0,0,37884,4340,3602,443,328,8,0,0,0,0,47634,2886,2815,0,0,0,0,0
537,8273,538.0142132421203,99940,324,154,44,14,10724,5102,0.1583550130078047,188,83,28189,22400,5165,2158,16089,25190,34041,20660,0,0,37568,4352,3646,443,331,8,0,0,0,0,47893,2863,2836,0,0,0,0,0
538,8273,539.3568424271215,99940,332,157,44,14,10789,5131,0.15929557734640784,179,83,28095,22364,5180,2158,16169,25223,34193,20833,0,0,37244,4369,3693,445,340,8,0,0,0,0,48146,2842,2853,0,0,0,0,0
539,8273,540.028931428276,99940,326,154,44,14,10823,5141,0.15973584150490294,172,85,27987,22275,5180,2152,16290,25319,34343,21005,0,0,36953,4356,3750,446,345,8,0,0,0,0,48390,2823,2869,0,0,0,0,0
540,8273,541.3818942002106,99939,312,162,45,14,10875,5176,0.16060797086222595,161,71,27913,22256,5199,2154,16369,25342,34492,21176,0,0,36640,4368,3812,449,353,9,0,0,0,0,48622,2801,2885,0,0,0,0,0
541,8273,542.0591485859561,99939,309,155,45,14,10907,5188,0.1610482394260499,152,73,27794,22182,5207,2157,16492,25418,34639,21346,0,0,36330,4370,3855,451,356,10,0,0,0,0,48884,2791,2892,0,0,0,0,0
542,8273,543.4217772359316,99939,323,149,45,14,10970,5216,0.16195879486486756,141,69,27706,22170,5218,2162,16566,25435,34785,21515,0,0,36024,4377,3916,456,360,11,0,0,0,0,49117,2771,2907,0,0,0,0,0
543,8273,544.1039150368703,99939,313,145,45,14,10996,5227,0.1623290207026286,135,73,27620,22083,5204,2161,16682,25523,34930,21683,0,0,35747,4359,3976,458,363,11,0,0,0,0,49348,2751,2926,0,0,0,0,0
544,8273,545.476157860994,99939,307,140,45,14,11050,5246,0.1630594662744274,137,78,27541,22050,5210,2171,16759,25546,35073,21850,0,0,35436,4369,4029,466,368,11,0,0,0,0,49588,2734,2938,0,0,0,0,0
545,8273,546.1627144088909,99939,306,148,45,14,11074,5265,0.16348972873452805,129,66,27444,21982,5182,2163,16893,25626,35215,22016,0,0,35177,4343,4086,466,370,12,0,0,0,0,49814,2712,2959,0,0,0,0,0
546,8273,547.5437397464236,99939,299,135,45,14,11124,5284,0.16418014989143379,118,73,27381,21972,5184,2168,16972,25637,35355,22181,0,0,34880,4352,4156,468,375,12,0,0,0,0,50029,2693,2974,0,0,0,0,0
547,8273,548.2347972821354,99939,290,135,45,14,11140,5294,0.16444030858823883,130,70,27280,21911,5163,2163,17091,25706,35494,22345,0,0,34603,4348,4188,465,382,12,0,0,0,0,50275,2674,2992,0,0,0,0,0
548,8273,549.6243911060535,99938,275,130,46,14,11178,5316,0.16504232624227022,128,59,27220,21906,5173,2166,17157,25724,35632,22508,0,0,34315,4357,4249,463,390,12,0,0,0,0,50490,2652,3010,0,0,0,0,0
549,8273,550.3194627066439,99938,266,128,46,14,11198,5325,0.16533250615381537,128,58,27107,21836,5166,2155,17286,25808,35768,22670,0,0,34054,4344,4292,461,399,12,0,0,0,0,50718,2630,3028,0,0,0,0,0
550,8273,551.0172471581909,99938,262,121,46,14,11218,5332,0.16560267365766776,132,58,26998,21771,5156,2152,17405,25883,35903,22831,0,0,33788,4329,4334,461,406,12,0,0,0,0,50953,2615,3040,0,0,0,0,0
551,8273,552.4216681187042,99938,253,123,46,14,11262,5354,0.16626308311152915,127,47,26944,21750,5155,2156,17474,25909,36037,22991,0,0,33506,4329,4399,462,409,12,0,0,0,0,51168,2600,3053,0,0,0,0,0
552,8273,553.1243969550617,99938,262,123,46,14,11292,5363,0.16665332506153815,112,48,26860,21703,5132,2150,17587,25961,36169,23150,0,0,33261,4305,4451,462,410,12,0,0,0,0,51384,2578,3075,0,0,0,0,0
553,8273,554.5369936855243,99938,251,117,46,14,11345,5381,0.16736376553463148,105,40,26812,21680,5137,2159,17648,25989,36300,23308,0,0,32989,4311,4516,464,418,13,0,0,0,0,51580,2553,3094,0,0,0,0,0
554,8273,555.2433126002379,99938,249,109,46,14,11361,5390,0.16761392063079109,106,36,26714,21622,5125,2165,17759,26053,36430,23465,0,0,32741,4295,4557,465,424,13,0,0,0,0,51801,2528,3114,0,0,0,0,0
555,8273,556.6636902007052,99938,236,107,46,14,11393,5405,0.1680842122115712,109,38,26688,21631,5118,2155,17802,26054,36558,23620,0,0,32490,4279,4625,464,431,13,0,0,0,0,51996,2513,3127,0,0,0,0,0
556,8273,557.3738557517777,99938,234,112,46,14,11413,5418,0.16841441693850187,112,31,26605,21588,5101,2147,17901,26107,36685,23774,0,0,32235,4269,4662,464,432,14,0,0,0,0,52223,2498,3141,0,0,0,0,0
557,8273,558.0861485436108,99938,232,106,46,14,11434,5425,0.16869459064620065,111,32,26514,21530,5090,2145,18006,26172,36811,23927,0,0,31990,4250,4705,463,439,14,0,0,0,0,52438,2484,3155,0,0,0,0,0
558,8273,559.5176778045163,99938,225,100,46,14,11478,5435,0.1692349256539054,110,36,26467,21545,5082,2149,18069,26155,36936,24079,0,0,31717,4263,4749,467,441,14,0,0,0,0,52650,2463,3174,0,0,0,0,0
559,8273,560.2336553753744,99938,215,93,46,14,11499,5442,0.1695150993616042,104,43,26375,21484,5078,2151,18181,26214,37059,24230,0,0,31467,4259,4789,465,450,14,0,0,0,0,52862,2445,3187,0,0,0,0,0
560,8273,561.6730158286841,99938,198,91,46,14,11536,5454,0.17000540335007705,97,42,26325,21503,5088,2149,18245,26200,37181,24380,0,0,31205,4265,4840,468,455,14,0,0,0,0,53065,2426,3200,0,0,0,0,0
561,8273,562.392827521683,99937,195,84,47,14,11549,5459,0.1701872179473068,91,42,26270,21467,5063,2151,18333,26241,37302,24528,0,0,30975,4254,4874,461,464,14,0,0,0,0,53270,2404,3221,0,0,0,0,0
562,8273,563.1153869824178,99937,190,86,47,14,11570,5470,0.17050741967439487,86,36,26203,21433,5052,2141,18421,26289,37422,24675,0,0,30738,4243,4914,461,468,14,0,0,0,0,53476,2385,3238,0,0,0,0,0
563,8273,564.5656382911437,99937,186,84,47,14,11598,5482,0.17090767183325495,86,40,26175,21454,5027,2137,18478,26270,37540,24821,0,0,30506,4226,4967,461,474,14,0,0,0,0,53668,2370,3251,0,0,0,0,0
564,8273,565.2901895997719,99937,173,80,47,14,11611,5485,0.171067772696799,85,45,26093,21422,5018,2131,18583,26307,37657,24966,0,0,30281,4203,5016,463,475,15,0,0,0,0,53865,2354,3265,0,0,0,0,0
565,8273,566.0170887639676,99937,167,78,47,14,11626,5495,0.17131793029608652,82,41,26023,21378,5000,2132,18680,26356,37773,25110,0,0,30045,4193,5054,464,478,15,0,0,0,0,54072,2339,3277,0,0,0,0,0
566,8273,567.4777376310897,99937,174,74,47,14,11662,5508,0.17180823919069013,69,36,25986,21407,4984,2129,18739,26339,37888,25253,0,0,29811,4183,5102,464,482,16,0,0,0,0,54265,2326,3288,0,0,0,0,0
567,8273,568.207803215576,99937,169,74,47,14,11677,5512,0.17199835896614868,75,35,25920,21374,4966,2119,18822,26383,38002,25394,0,0,29589,4170,5136,463,485,16,0,0,0,0,54465,2307,3306,0,0,0,0,0
568,8273,569.6745837947379,99937,162,66,47,14,11704,5522,0.17236859221309425,73,38,25912,21408,4958,2115,18847,26358,38114,25534,0,0,29352,4175,5178,462,489,16,0,0,0,0,54653,2288,3324,0,0,0,0,0
569,8273,570.4073959350942,99937,155,70,47,14,11714,5533,0.17257872459649579,71,34,25842,21370,4936,2103,18948,26408,38225,25673,0,0,29144,4158,5218,456,496,16,0,0,0,0,54838,2269,3342,0,0,0,0,0
570,8273,571.1420391263711,99937,162,71,47,14,11733,5538,0.17281887589181183,61,39,25760,21326,4924,2095,19045,26454,38335,25811,0,0,28921,4143,5249,454,498,16,0,0,0,0,55045,2261,3350,0,0,0,0,0
571,8273,572.6177870657486,99937,154,69,47,14,11756,5553,0.17319911544272892,60,41,25754,21362,4915,2092,19069,26421,38444,25948,0,0,28693,4135,5288,461,502,16,0,0,0,0,55236,2244,3362,0,0,0,0,0
572,8273,573.3551956774907,99937,147,67,47,14,11765,5556,0.17331919109038693,64,42,25704,21318,4899,2086,19138,26472,38552,26083,0,0,28485,4115,5324,461,505,16,0,0,0,0,55426,2229,3376,0,0,0,0,0
573,8273,574.094485841633,99936,142,61,48,14,11776,5559,0.17346101504963177,72,42,25637,21301,4882,2079,19218,26502,38659,26217,0,0,28285,4098,5361,458,510,17,0,0,0,0,55605,2209,3393,0,0,0,0,0
574,8273,575.5779536427419,99936,133,55,48,14,11804,5574,0.17389129042587256,61,39,25629,21327,4879,2081,19249,26483,38765,26350,0,0,28058,4096,5413,459,513,18,0,0,0,0,55780,2198,3401,0,0,0,0,0
575,8273,576.319229323892,99936,131,54,48,14,11813,5581,0.17405139289145052,60,37,25583,21279,4851,2074,19326,26541,38870,26482,0,0,27861,4077,5451,456,516,18,0,0,0,0,55958,2180,3419,0,0,0,0,0
576,8273,577.0623440578016,99936,122,53,48,14,11825,5586,0.17422150176112713,57,37,25526,21254,4836,2070,19410,26571,38974,26613,0,0,27653,4073,5482,455,517,18,0,0,0,0,56139,2158,3441,0,0,0,0,0
577,8273,578.5530803746176,99936,112,61,48,14,11840,5601,0.1745216938840858,65,28,25526,21303,4817,2054,19431,26539,39076,26743,0,0,27451,4068,5510,452,525,18,0,0,0,0,56314,2136,3462,0,0,0,0,0
578,8273,579.2977772425136,99936,118,62,48,14,11855,5607,0.1747318283701569,62,25,25470,21297,4796,2043,19505,26558,39177,26871,0,0,27256,4052,5538,447,531,18,0,0,0,0,56497,2122,3475,0,0,0,0,0
579,8273,580.044043990973,99936,123,67,48,14,11874,5615,0.17500200128081972,57,24,25408,21278,4777,2032,19586,26584,39277,26998,0,0,27066,4030,5574,445,535,18,0,0,0,0,56673,2108,3487,0,0,0,0,0
580,8273,581.5416226112528,99936,112,64,48,14,11889,5623,0.17523214857508806,61,24,25410,21339,4756,2029,19612,26529,39376,27124,0,0,26859,4029,5611,442,539,18,0,0,0,0,56844,2094,3500,0,0,0,0,0
581,8273,582.2897088577314,99935,113,63,49,14,11904,5628,0.17543403212087857,56,22,25350,21330,4739,2020,19692,26550,39474,27249,0,0,26671,4006,5653,442,539,18,0,0,0,0,57012,2082,3512,0,0,0,0,0
582,8273,583.0394126298794,99935,121,61,49,14,11916,5632,0.17559413618852254,50,19,25290,21315,4715,2014,19774,26576,39571,27373,0,0,26479,3991,5676,441,541,18,0,0,0,0,57195,2069,3525,0,0,0,0,0
583,8273,584.5601231484709,99935,116,58,49,14,11934,5641,0.17586431180267173,45,19,25323,21376,4687,2009,19779,26523,39667,27496,0,0,26280,3978,5717,443,544,18,0,0,0,0,57364,2060,3531,0,0,0,0,0
584,8273,585.311341265872,99935,116,59,49,14,11934,5642,0.17587431830689948,45,18,25221,21298,4671,2000,19897,26610,39762,27617,0,0,26103,3957,5738,439,548,18,0,0,0,0,57541,2046,3545,0,0,0,0,0
585,8273,586.0474523069444,99935,111,59,49,14,11940,5646,0.17597438334917698,42,14,25176,21274,4651,1990,19970,26648,39856,27737,0,0,25935,3938,5771,434,554,18,0,0,0,0,57695,2024,3566,0,0,0,0,0
586,8273,587.0314236298649,99935,106,60,49,14,11956,5652,0.17619452644218742,36,11,25146,21294,4645,1980,20017,26640,39949,27856,0,0,25744,3929,5803,433,558,18,0,0,0,0,57863,2013,3574,0,0,0,0,0
587,8273,588.4065423397316,99934,95,54,50,14,11968,5655,0.17634638861648688,37,17,25162,21325,4622,1977,20033,26612,40041,27974,0,0,25561,3917,5838,431,565,18,0,0,0,0,58019,2000,3585,0,0,0,0,0
588,8273,589.2438268134305,99934,85,51,50,14,11977,5660,0.17648648107751116,40,16,25143,21343,4607,1966,20074,26609,40132,28091,0,0,25379,3903,5877,430,567,18,0,0,0,0,58175,1989,3596,0,0,0,0,0
589,8273,590.1300716136894,99934,87,54,50,14,11987,5663,0.17661656693417654,31,13,25096,21321,4595,1953,20140,26644,40222,28207,0,0,25203,3887,5899,427,571,18,0,0,0,0,58344,1978,3607,0,0,0,0,0
590,8273,591.0396997116011,99934,85,50,50,14,11994,5665,0.17670662637340645,26,16,25064,21303,4574,1947,20200,26669,40312,28322,0,0,25026,3871,5927,425,575,18,0,0,0,0,58508,1968,3616,0,0,0,0,0
591,8273,592.3031858261365,99934,76,45,50,14,12005,5670,0.17686673204314848,25,16,25067,21345,4562,1950,20219,26629,40401,28435,0,0,24845,3859,5960,425,580,18,0,0,0,0,58664,1959,3624,0,0,0,0,0
592,8273,593.2524210951992,99934,77,43,50,14,12013,5675,0.1769968178998139,25,16,25044,21354,4535,1941,20268,26631,40489,28547,0,0,24681,3836,5995,422,584,18,0,0,0,0,58815,1949,3634,0,0,0,0,0
593,8273,594.158552543421,99934,72,40,50,14,12023,5679,0.17713691036083815,25,19,25036,21387,4506,1932,20310,26607,40576,28658,0,0,24520,3820,6032,419,587,19,0,0,0,0,58955,1932,3650,0,0,0,0,0
594,8273,595.2876326857004,99934,75,37,50,14,12032,5680,0.17723697640442693,18,20,24989,21375,4490,1925,20377,26628,40662,28768,0,0,24352,3809,6051,419,588,19,0,0,0,0,59114,1915,3667,0,0,0,0,0
595,8273,596.1710707447941,99934,73,40,50,14,12035,5685,0.17731702923929793,20,16,24972,21404,4466,1908,20418,26617,40747,28877,0,0,24198,3780,6084,418,591,19,0,0,0,0,59263,1905,3676,0,0,0,0,0
596,8273,597.007161097224,99934,65,38,50,14,12042,5689,0.1774271018872456,23,15,24987,21453,4436,1902,20438,26577,40831,28985,0,0,24042,3758,6125,415,596,19,0,0,0,0,59400,1894,3685,0,0,0,0,0
597,8273,598.1642367445295,99934,59,37,50,14,12048,5691,0.1775071547221166,22,16,24963,21423,4407,1901,20498,26608,40914,29092,0,0,23878,3744,6152,412,600,19,0,0,0,0,59550,1885,3694,0,0,0,0,0
598,8273,599.2455126991736,99934,49,36,50,14,12051,5696,0.17758720755698762,24,16,24964,21454,4390,1895,20522,26584,40996,29198,0,0,23714,3732,6180,412,602,19,0,0,0,0,59697,1873,3705,0,0,0,0,0
599,8273,600.5104785943757,99934,45,35,50,14,12057,5701,0.17769728020493525,24,12,24968,21506,4373,1888,20539,26544,41077,29303,0,0,23549,3719,6207,411,604,19,0,0,0,0,59847,1866,3712,0,0,0,0,0
600,8273,601.2949083706714,99934,46,36,50,14,12061,5704,0.1777673264354474,25,11,24932,21498,4350,1884,20596,26556,41158,29407,0,0,23393,3698,6232,412,604,19,0,0,0,0,59999,1857,3720,0,0,0,0,0
601,8273,602.3059461267668,99934,46,33,50,14,12070,5706,0.17787739908339503,20,16,24943,21545,4332,1871,20608,26520,41238,29510,0,0,23237,3684,6258,410,608,19,0,0,0,0,60143,1846,3729,0,0,0,0,0
602,8273,603.0594167916717,99934,45,35,50,14,12071,5708,0.17790741889647166,19,15,24892,21502,4309,1863,20684,26570,41317,29612,0,0,23088,3663,6281,409,609,19,0,0,0,0,60290,1836,3739,0,0,0,0,0
603,8273,604.2874064761844,99934,50,37,50,14,12086,5717,0.17814757740108472,11,9,24891,21549,4284,1858,20713,26532,41395,29713,0,0,22934,3650,6308,407,613,19,0,0,0,0,60429,1826,3748,0,0,0,0,0
604,8273,605.4896815508894,99934,50,31,50,14,12089,5718,0.17818760381852022,16,9,24903,21596,4255,1850,20725,26499,41472,29813,0,0,22787,3633,6333,407,615,19,0,0,0,0,60568,1813,3759,0,0,0,0,0
605,8273,606.1107573710634,99934,48,29,50,14,12090,5720,0.17821762363159685,20,10,24875,21584,4235,1846,20771,26516,41549,29912,0,0,22636,3616,6357,406,616,19,0,0,0,0,60712,1806,3766,0,0,0,0,0
606,8273,607.3978970805134,99934,45,26,50,14,12095,5725,0.17831768967518563,20,6,24892,21643,4211,1837,20781,26473,41625,30010,0,0,22493,3599,6388,403,621,19,0,0,0,0,60841,1795,3775,0,0,0,0,0
607,8273,608.0078943724002,99934,45,26,50,14,12100,5728,0.17839774251005663,15,3,24865,21608,4192,1838,20832,26510,41700,30106,0,0,22346,3588,6403,400,626,19,0,0,0,0,60982,1785,3785,0,0,0,0,0
608,8273,609.0956553607424,99934,45,27,50,14,12104,5731,0.1784677887405688,14,2,24880,21667,4162,1823,20848,26466,41774,30201,0,0,22215,3566,6430,400,627,19,0,0,0,0,61108,1769,3800,0,0,0,0,0
609,8273,610.0781390370445,99934,42,24,50,14,12109,5731,0.17851782176236317,17,3,24946,21760,4129,1806,20815,26392,41847,30296,0,0,22073,3554,6451,399,629,19,0,0,0,0,61240,1756,3813,0,0,0,0,0
610,8273,611.0962340558833,99934,44,22,50,14,12111,5731,0.17853783497108092,16,3,24884,21722,4112,1800,20893,26438,41920,30390,0,0,21930,3537,6470,396,632,19,0,0,0,0,61381,1752,3817,0,0,0,0,0
611,8273,612.0567840757859,99934,41,20,50,14,12115,5732,0.1785878679928753,14,3,24917,21746,4084,1796,20893,26420,41992,30483,0,0,21798,3519,6498,395,633,19,0,0,0,0,61503,1738,3831,0,0,0,0,0
612,8273,613.1009863613746,99934,39,22,50,14,12117,5734,0.1786278944103108,14,5,24897,21757,4063,1787,20936,26414,42063,30575,0,0,21665,3502,6515,397,633,19,0,0,0,0,61634,1723,3846,0,0,0,0,0
613,8273,614.0437962775703,99934,38,22,50,14,12121,5736,0.17868793403646407,19,6,24922,21853,4038,1778,20932,26326,42133,30666,0,0,21529,3489,6534,395,636,19,0,0,0,0,61764,1713,3855,0,0,0,0,0
614,8273,615.2710370246224,99934,38,21,50,14,12124,5736,0.1787179538495407,17,6,24893,21846,4024,1765,20977,26347,42203,30756,0,0,21401,3475,6551,393,639,19,0,0,0,0,61889,1697,3870,0,0,0,0,0
615,8273,616.0394099652852,99934,36,21,50,14,12128,5738,0.17877799347569395,18,5,24882,21853,4007,1761,21006,26345,42272,30845,0,0,21265,3461,6573,392,640,19,0,0,0,0,62017,1690,3877,0,0,0,0,0
616,8273,617.145792451751,99934,30,17,50,14,12132,5738,0.17881801989312945,19,8,24934,21948,3977,1746,20989,26266,42340,30933,0,0,21141,3439,6604,393,642,19,0,0,0,0,62130,1679,3887,0,0,0,0,0
617,8273,618.1491606954522,99934,30,16,50,14,12134,5738,0.17883803310184723,19,9,24910,21936,3957,1736,21033,26288,42408,31020,0,0,21024,3410,6635,392,642,20,0,0,0,0,62245,1671,3895,0,0,0,0,0
618,8273,619.073863401357,99934,31,17,50,14,12139,5740,0.17890807933235936,13,8,24913,21939,3942,1729,21050,26292,42475,31106,0,0,20895,3396,6650,393,643,20,0,0,0,0,62371,1660,3906,0,0,0,0,0
619,8273,620.0613171167669,99934,33,17,50,14,12143,5742,0.1789681189585126,13,8,24942,21954,3918,1719,21043,26287,42541,31191,0,0,20765,3384,6666,392,644,20,0,0,0,0,62497,1652,3914,0,0,0,0,0
620,8273,621.1448576155216,99934,26,18,50,14,12145,5743,0.17899813877158924,17,11,24975,22006,3898,1708,21033,26242,42607,31275,0,0,20636,3369,6688,391,646,20,0,0,0,0,62618,1647,3919,0,0,0,0,0
621,8273,622.1539499802411,99934,28,19,50,14,12150,5747,0.17908819821081914,14,7,24970,22032,3880,1704,21057,26223,42672,31358,0,0,20513,3354,6709,387,650,20,0,0,0,0,62735,1641,3925,0,0,0,0,0
622,8273,623.0472420526469,99934,30,19,50,14,12154,5748,0.17913823123261352,13,8,24974,22075,3860,1689,21072,26194,42736,31440,0,0,20389,3340,6726,386,651,20,0,0,0,0,62856,1634,3932,0,0,0,0,0
623,8273,624.1580906227905,99934,28,18,50,14,12155,5751,0.17917825765004902,13,6,24995,22098,3833,1682,21080,26181,42800,31521,0,0,20263,3328,6745,384,653,20,0,0,0,0,62975,1629,3937,0,0,0,0,0
624,8273,625.1847413526889,99934,29,17,50,14,12158,5752,0.17921828406748455,15,6,25024,22164,3806,1669,21075,26129,42863,31602,0,0,20148,3315,6762,381,656,20,0,0,0,0,63086,1616,3950,0,0,0,0,0
625,8273,626.1427979891957,99933,30,17,51,14,12162,5753,0.1792701109743528,16,7,25039,22196,3782,1664,21081,26101,42925,31682,0,0,20034,3300,6778,381,657,20,0,0,0,0,63197,1602,3964,0,0,0,0,0
626,8273,627.1867837357253,99933,32,15,51,14,12166,5753,0.17931013779232086,15,8,25041,22226,3759,1657,21101,26079,42987,31761,0,0,19920,3283,6798,379,659,21,0,0,0,0,63308,1595,3970,0,0,0,0,0
627,8273,628.104813730244,99933,30,17,51,14,12169,5755,0.1793601713147809,14,7,25055,22247,3741,1647,21108,26067,43048,31839,0,0,19799,3272,6811,377,663,21,0,0,0,0,63426,1590,3974,0,0,0,0,0
628,8273,629.0724872020842,99933,29,16,51,14,12174,5756,0.17942021154173296,9,9,25075,22289,3722,1642,21113,26029,43108,31916,0,0,19689,3257,6832,375,666,21,0,0,0,0,63529,1580,3984,0,0,0,0,0
629,8273,630.1910962905188,99933,29,18,51,14,12178,5760,0.17950026517766904,30,32,25073,22321,3705,1631,21111,25983,43168,31992,0,0,19573,3243,6848,374,668,21,1,0,0,2,63640,1574,3989,0,0,0,0,0
630,8273,631.3554652428771,99933,26,25,51,14,12185,5774,0.17971040597200125,34,22,25124,22395,3693,1624,21071,25919,43227,32068,0,0,19459,3227,6863,373,671,21,4,0,0,14,63739,1567,3995,0,0,0,0,0
631,8273,632.1130769576049,99933,30,21,51,14,12190,5774,0.1797604394944613,38,27,25112,22407,3674,1624,21094,25906,43286,32143,0,0,19352,3213,6877,371,674,21,5,0,0,17,63842,1555,4006,0,0,0,0,0
632,8273,633.2497142586528,99933,35,28,51,14,12200,5784,0.17996057358430148,41,21,25154,22441,3646,1621,21072,25874,43344,32217,0,0,19246,3195,6894,369,677,21,6,0,0,23,63941,1548,4013,0,0,0,0,0
633,8273,634.0064093858501,99933,42,30,51,14,12211,5789,0.18012068085617364,39,22,25142,22442,3628,1618,21097,25873,43401,32290,0,0,19139,3179,6909,366,680,22,8,0,0,27,64042,1543,4018,0,0,0,0,0
634,8273,635.1416299797921,99933,46,35,51,14,12221,5797,0.18030080153702982,38,18,25134,22463,3621,1614,21109,25855,43458,32362,0,0,19027,3168,6918,364,684,22,10,0,0,32,64147,1537,4024,0,0,0,0,0
635,8273,636.0811959726203,99933,49,42,51,14,12230,5805,0.18047091551339398,46,15,25162,22506,3601,1605,21090,25817,43514,32434,0,0,18922,3151,6933,364,686,23,13,0,0,33,64248,1529,4031,0,0,0,0,0
636,8273,637.0442224222817,99933,49,40,51,14,12244,5809,0.18065103619425016,49,22,25186,22546,3596,1601,21068,25776,43570,32505,0,0,18806,3141,6941,363,690,24,19,0,0,42,64349,1523,4035,0,0,0,0,0
637,8273,638.1772195843815,99932,57,38,51,15,12259,5816,0.18087299363567225,42,25,25205,22606,3579,1598,21065,25717,43625,32575,0,0,18701,3127,6955,362,691,24,22,0,0,54,64438,1515,4043,0,0,0,0,0
638,8273,639.3089927094478,99932,61,39,51,15,12277,5822,0.18111315694672378,41,26,25249,22668,3570,1593,21027,25658,43680,32644,0,0,18597,3111,6970,360,696,24,25,0,0,67,64526,1510,4046,0,0,0,0,0
639,8273,640.0626076728402,99932,69,40,51,15,12288,5826,0.18126325901613097,39,30,25260,22685,3550,1587,21030,25642,43734,32712,0,0,18500,3094,6986,358,700,24,25,0,0,71,64619,1504,4051,0,0,0,0,0
640,8273,641.1921871570601,99932,75,42,51,15,12300,5837,0.18149341552255535,43,27,25293,22719,3530,1583,21007,25613,43787,32780,0,0,18411,3079,6999,357,703,24,25,0,0,84,64695,1488,4067,0,0,0,0,0
641,8273,642.3197851009613,99932,77,46,51,15,12313,5846,0.18171356522435256,56,24,25324,22767,3514,1575,20977,25572,43840,32847,0,0,18315,3069,7007,355,706,25,28,0,0,95,64777,1474,4081,0,0,0,0,0
642,8273,643.0707955056405,99932,79,47,51,15,12320,5853,0.18185366048913262,62,29,25319,22782,3500,1576,20988,25550,43892,32913,0,0,18215,3056,7019,354,708,25,30,0,0,103,64867,1468,4087,0,0,0,0,0
643,8273,644.1972407521569,99932,86,49,51,15,12337,5862,0.18211383740943843,81,35,25333,22832,3490,1573,20958,25495,43944,32979,0,0,18113,3040,7031,354,712,25,34,0,0,112,64956,1464,4091,0,0,0,0,0
644,8273,645.3225917306538,99932,106,45,51,15,12366,5866,0.18244406196213425,76,40,25349,22897,3475,1574,20942,25428,43995,33044,0,0,18014,3027,7044,350,719,25,36,0,0,124,65041,1462,4090,0,0,0,0,0
645,8273,646.072340278298,99932,107,49,51,15,12380,5875,0.1826742184685586,88,44,25336,22918,3469,1573,20948,25400,44046,33108,0,0,17923,3004,7065,352,719,25,38,0,0,138,65116,1457,4095,0,0,0,0,0
646,8273,647.1973431388317,99932,113,61,51,15,12403,5893,0.18308449745827163,98,41,25345,22970,3467,1574,20925,25338,44096,33171,0,0,17822,2993,7073,351,724,25,45,0,0,150,65198,1450,4101,0,0,0,0,0
647,8273,648.3216849477934,99932,122,64,51,15,12427,5905,0.1834447424248489,110,48,25339,23012,3461,1574,20916,25286,44146,33234,0,0,17719,2980,7084,352,725,25,52,0,0,165,65279,1445,4106,0,0,0,0,0
648,8273,649.0711668943669,99932,143,67,51,15,12456,5914,0.18382500100068047,103,51,25311,23033,3457,1569,20934,25264,44195,33296,0,0,17628,2970,7094,350,727,25,53,0,0,178,65356,1436,4115,0,0,0,0,0
649,8273,650.1960475607718,99932,158,78,51,15,12490,5935,0.18437537525517353,110,63,25348,23063,3446,1569,20886,25211,44244,33357,0,0,17529,2955,7107,352,727,25,59,0,0,199,65428,1432,4119,0,0,0,0,0
650,8273,651.3192885320298,99932,167,89,51,15,12525,5964,0.1850158107513109,119,56,25370,23089,3446,1579,20846,25171,44292,33418,0,0,17430,2943,7117,353,731,26,70,0,0,225,65490,1422,4125,0,0,0,0,0
651,8273,652.0674927833795,99932,191,94,51,15,12568,5972,0.18552615778729536,116,64,25363,23109,3450,1577,20828,25140,44340,33478,0,0,17332,2931,7127,352,735,26,75,0,0,239,65569,1420,4126,0,0,0,0,0
652,8273,653.1891857083745,99932,193,87,51,15,12601,5986,0.18599647760477125,135,74,25378,23166,3454,1583,20788,25074,44387,33537,0,0,17238,2916,7135,352,744,27,83,0,0,272,65622,1415,4128,0,0,0,0,0
653,8273,654.3102395515833,99932,200,93,51,15,12630,6003,0.18645679061762,156,82,25374,23205,3451,1590,20767,25014,44434,33596,0,0,17136,2906,7145,351,745,27,95,0,0,293,65691,1410,4133,0,0,0,0,0
654,8273,655.0573415796798,99932,200,94,51,15,12658,6017,0.18687707641196014,158,81,25368,23226,3461,1597,20761,24986,44480,33654,0,0,17039,2889,7159,351,749,27,106,0,0,318,65752,1408,4134,0,0,0,0,0
655,8273,656.1782677684183,99932,206,95,51,15,12696,6038,0.18746747788496176,170,79,25386,23277,3469,1606,20717,24927,44526,33711,0,0,16948,2877,7168,350,757,27,116,0,0,353,65798,1399,4139,0,0,0,0,0
656,8273,657.298268663406,99932,217,92,51,15,12743,6056,0.1881179201857263,181,94,25396,23321,3480,1616,20674,24861,44572,33768,0,0,16852,2862,7175,353,763,27,129,0,0,388,65846,1391,4146,0,0,0,0,0
657,8273,658.0443747703516,99932,227,99,51,15,12777,6078,0.1886783012448465,193,91,25373,23320,3487,1623,20668,24851,44617,33824,0,0,16756,2858,7178,350,768,27,138,0,0,416,65905,1384,4152,0,0,0,0,0
658,8273,659.1639935327246,99932,239,110,51,15,12829,6109,0.18950886602889966,200,89,25392,23348,3496,1633,20621,24804,44662,33880,0,0,16664,2842,7188,357,773,27,150,0,0,452,65949,1372,4158,0,0,0,0,0
659,8273,660.2824768056923,99931,255,116,52,15,12884,6139,0.1903613493310384,204,93,25419,23393,3504,1653,20565,24729,44706,33935,0,0,16577,2827,7192,359,786,27,161,0,0,488,65988,1362,4164,0,0,0,0,0
660,8273,661.027414581381,99931,246,122,52,15,12915,6155,0.19083167385495992,205,100,25415,23392,3529,1662,20552,24708,44750,33989,0,0,16481,2817,7195,361,795,27,171,0,0,516,66046,1357,4165,0,0,0,0,0
661,8273,662.1446238138665,99931,261,126,52,15,12969,6183,0.19165224004563147,213,113,25429,23432,3545,1674,20499,24639,44793,34043,0,0,16389,2805,7204,362,799,29,183,0,0,558,66084,1351,4167,0,0,0,0,0
662,8273,663.2609007968701,99931,284,139,52,15,13042,6211,0.1926629374268245,207,119,25430,23457,3573,1681,20453,24588,44836,34096,0,0,16301,2787,7210,367,812,29,196,0,0,592,66125,1343,4169,0,0,0,0,0
663,8273,664.004859034987,99931,299,143,52,15,13085,6233,0.19331338623650318,214,126,25426,23468,3578,1692,20430,24555,44879,34149,0,0,16216,2773,7219,370,816,30,203,0,0,622,66173,1336,4173,0,0,0,0,0
664,8273,665.1205696746101,99930,306,158,53,15,13136,6281,0.19430601420994698,236,116,25423,23508,3604,1713,20377,24489,44921,34201,0,0,16124,2761,7222,374,832,30,219,0,0,662,66208,1326,4172,0,0,0,0,0
665,8273,666.2358084617434,99929,332,165,53,16,13201,6310,0.19524862652483263,245,124,25432,23549,3621,1723,20316,24422,44963,34253,0,0,16037,2752,7227,376,839,30,231,0,0,701,66243,1314,4179,0,0,0,0,0
666,8273,667.3506753566713,99929,335,177,53,16,13269,6356,0.19638943649991494,286,138,25388,23577,3661,1744,20276,24347,45004,34304,0,0,15934,2739,7227,383,856,30,256,0,0,751,66271,1306,4176,0,0,0,0,0
667,8273,668.0944975002859,99929,360,178,53,16,13324,6378,0.19715998358834771,299,136,25350,23588,3671,1759,20266,24322,45045,34354,0,0,15846,2726,7232,382,869,30,269,0,0,777,66320,1304,4174,0,0,0,0,0
668,8273,669.2114220751696,99929,386,191,53,16,13412,6413,0.19839085750883126,304,151,25328,23615,3709,1765,20219,24261,45086,34404,0,0,15752,2712,7233,388,878,31,285,0,0,827,66348,1298,4177,0,0,0,0,0
669,8273,670.3288224610368,99929,416,197,53,16,13497,6457,0.1996817740595823,327,164,25292,23642,3743,1790,20168,24190,45126,34453,0,0,15661,2698,7240,388,887,33,304,0,0,886,66360,1294,4178,0,0,0,0,0
670,8273,671.0741635312237,99929,430,207,53,16,13554,6490,0.20058241351359465,350,159,25260,23653,3764,1806,20142,24158,45166,34502,0,0,15576,2687,7244,388,897,33,315,0,0,930,66390,1289,4180,0,0,0,0,0
671,8273,672.1931228752247,99929,439,217,53,16,13636,6527,0.20177325901389986,411,178,25231,23687,3809,1824,20056,24077,45205,34550,0,0,15486,2667,7257,393,909,33,336,0,0,992,66397,1286,4173,0,0,0,0,0
672,8273,673.3124058763384,99929,471,236,53,16,13749,6577,0.20340441713616667,417,192,25194,23713,3874,1846,19990,23996,45244,34598,0,0,15384,2661,7257,396,923,33,363,0,0,1058,66405,1276,4173,0,0,0,0,0
673,8273,674.0590181957728,99928,503,243,54,16,13827,6616,0.20457729565287006,427,182,25170,23733,3896,1866,19949,23959,45283,34645,0,0,15302,2648,7262,398,932,36,376,0,0,1104,66428,1269,4173,0,0,0,0,0
674,8273,675.1797120612409,99928,554,252,54,16,13953,6668,0.20635857817628692,433,176,25142,23772,3943,1902,19873,23881,45321,34692,0,0,15218,2627,7266,405,951,37,395,0,0,1174,66421,1264,4170,0,0,0,0,0
675,8273,676.3006201501519,99928,595,263,54,16,14072,6720,0.20806981026338964,472,192,25127,23798,3973,1929,19778,23801,45359,34738,0,0,15133,2613,7271,406,972,37,419,0,0,1246,66409,1254,4168,0,0,0,0,0
676,8273,677.0478906727956,99928,611,272,54,16,14159,6751,0.2092506604755424,479,204,25104,23810,4015,1943,19736,23754,45397,34784,0,0,15047,2598,7275,407,986,37,439,0,0,1303,66417,1250,4169,0,0,0,0,0
677,8273,678.1690526114091,99928,660,290,54,16,14306,6799,0.21120206548715076,511,235,25074,23830,4070,1957,19630,23671,45434,34829,0,0,14960,2583,7277,410,1005,37,457,0,0,1389,66399,1248,4163,0,0,0,0,0
678,8273,679.2904399419526,99928,687,316,54,16,14433,6868,0.21316347770394684,577,230,25013,23851,4146,1991,19522,23595,45471,34874,0,0,14867,2571,7277,418,1017,39,478,0,0,1485,66373,1242,4161,0,0,0,0,0
679,8273,680.0386900864086,99927,709,331,55,16,14532,6917,0.21464669208522222,596,229,24977,23859,4195,2015,19467,23549,45507,34918,0,0,14781,2556,7279,425,1026,40,501,0,0,1553,66368,1232,4166,0,0,0,0,0
680,8273,681.1623327557112,99927,770,330,55,16,14702,6982,0.21699840883845206,607,248,24912,23872,4275,2071,19380,23462,45543,34962,0,0,14693,2540,7279,432,1050,41,525,0,0,1669,66314,1225,4159,0,0,0,0,0
681,8273,682.2877877047329,99927,798,338,55,16,14877,7052,0.21945019864501086,626,282,24877,23875,4378,2119,19265,23369,45579,35005,0,0,14595,2521,7269,443,1082,41,559,0,0,1796,66247,1217,4157,0,0,0,0,0
682,8273,683.0384783697405,99926,826,359,56,16,14986,7109,0.22111362408182056,643,297,24826,23886,4437,2147,19211,23294,45614,35048,0,0,14504,2506,7273,447,1096,41,584,0,0,1867,66239,1215,4154,0,0,0,0,0
683,8273,684.1659984251928,99926,893,390,56,16,15180,7199,0.22395572723815624,632,313,24782,23898,4530,2193,19106,23189,45649,35090,0,0,14404,2491,7258,456,1124,42,621,0,0,1975,66193,1206,4156,0,0,0,0,0
684,8273,685.2944560706666,99924,932,410,56,18,15373,7280,0.22670229374324485,662,324,24714,23894,4630,2238,19005,23115,45684,35132,0,0,14303,2472,7263,462,1136,49,665,0,0,2110,66111,1200,4153,0,0,0,0,0
685,8273,686.0476985518592,99924,934,412,56,18,15487,7336,0.22840358672591168,674,346,24663,23905,4718,2282,18954,23036,45718,35173,0,0,14210,2455,7259,474,1158,51,693,0,0,2206,66076,1195,4147,0,0,0,0,0
686,8273,687.1802088116282,99924,966,416,56,18,15667,7416,0.2310055642288139,715,393,24607,23911,4819,2339,18836,22922,45752,35214,0,0,14108,2436,7254,480,1188,53,740,0,0,2339,65994,1188,4144,0,0,0,0,0
687,8273,688.3142333171406,99924,1034,451,56,18,15895,7520,0.23432808934790442,713,420,24533,23893,4930,2393,18733,22824,45786,35255,0,0,13991,2422,7234,489,1221,55,794,0,0,2465,65929,1180,4144,0,0,0,0,0
688,8273,689.0712122260545,99924,1055,468,56,18,16029,7587,0.23633961810976342,746,409,24469,23892,5019,2434,18654,22778,45819,35295,0,0,13899,2408,7227,497,1237,59,823,0,0,2566,65890,1176,4142,0,0,0,0,0
689,8273,690.2093135500429,99924,1084,484,56,18,16236,7691,0.2394519835074657,781,423,24376,23890,5158,2505,18544,22679,45852,35335,0,0,13795,2394,7213,504,1271,60,863,0,0,2745,65773,1172,4134,0,0,0,0,0
690,8273,691.3506301456449,99923,1120,529,57,18,16456,7809,0.2428369844780481,839,421,24291,23907,5275,2557,18417,22567,45885,35374,0,0,13701,2376,7207,511,1305,63,903,0,0,2909,65660,1162,4126,0,0,0,0,0
691,8273,692.1127741331395,99921,1170,557,58,19,16627,7897,0.24543389277529248,873,437,24211,23887,5355,2602,18332,22497,45918,35413,0,0,13620,2361,7198,516,1333,63,925,0,0,3029,65596,1156,4124,0,0,0,0,0
692,8273,693.2590275351776,99921,1230,585,58,19,16872,8017,0.2490867785550585,928,460,24097,23873,5493,2675,18193,22387,45950,35451,0,0,13514,2346,7188,524,1354,70,973,0,0,3206,65471,1148,4127,0,0,0,0,0
693,8273,694.0250652652645,99920,1256,642,58,20,17055,8129,0.2520416333066453,969,456,24025,23856,5601,2711,18090,22314,45982,35489,0,0,13408,2333,7183,535,1383,70,1021,0,0,3325,65407,1137,4118,0,0,0,0,0
694,8273,695.1769006412443,99918,1312,670,59,21,17305,8260,0.2558598050401329,1042,496,23906,23817,5739,2794,17941,22201,46014,35527,0,0,13316,2310,7175,553,1424,72,1055,0,0,3512,65268,1126,4107,0,0,0,0,0
695,8273,696.3321453442121,99917,1395,712,60,21,17596,8404,0.2602159792627881,1072,516,23780,23809,5901,2874,17791,22067,46045,35564,0,0,13201,2296,7162,565,1465,74,1110,0,0,3700,65132,1117,4095,0,0,0,0,0
696,8273,697.1045912229251,99917,1462,737,60,21,17821,8510,0.26352872884494133,1095,512,23665,23777,6026,2943,17691,22009,46076,35601,0,0,13098,2287,7144,568,1507,75,1157,0,0,3834,65044,1110,4093,0,0,0,0,0
697,8273,698.2681304728486,99916,1542,763,61,21,18144,8661,0.2682753512950879,1141,553,23551,23744,6196,3043,17508,21875,46107,35637,0,0,12977,2270,7125,578,1558,76,1222,0,0,4066,64862,1104,4078,0,0,0,0,0
698,8273,699.0456235484414,99916,1620,793,61,21,18372,8771,0.2716581928820209,1168,583,23444,23696,6298,3106,17408,21800,46138,35673,0,0,12886,2265,7113,587,1587,81,1257,0,0,4209,64771,1089,4071,0,0,0,0,0
699,8273,700.2161948703468,99915,1697,831,62,21,18722,8942,0.2768753440424361,1231,628,23271,23658,6503,3215,17235,21646,46168,35709,0,0,12760,2236,7100,607,1647,84,1328,0,0,4434,64583,1081,4055,0,0,0,0,0
700,8273,701.3925130494396,99912,1814,865,64,22,19141,9133,0.2829890303467051,1237,642,23129,23620,6719,3343,17036,21507,46198,35744,0,0,12615,2220,7083,619,1699,87,1416,0,0,4720,64340,1075,4038,0,0,0,0,0
701,8273,702.1794547371911,99911,1872,880,65,22,19393,9252,0.28670516759916326,1329,686,23007,23581,6822,3429,16904,21401,46228,35779,0,0,12518,2201,7080,629,1732,91,1463,0,0,4906,64192,1067,4032,0,0,0,0,0
702,8273,703.3647808892437,99910,1916,925,66,22,19791,9454,0.2927134420978881,1388,714,22818,23525,7095,3564,16716,21249,46257,35814,0,0,12386,2185,7051,647,1804,94,1535,0,0,5227,63916,1055,4010,0,0,0,0,0
703,8273,704.1592762558546,99909,1973,934,67,22,20080,9579,0.2968601427298842,1405,732,22679,23486,7269,3660,16606,21165,46286,35848,0,0,12279,2166,7041,662,1850,95,1592,0,0,5443,63740,1044,3997,0,0,0,0,0
704,8273,705.3584877484436,99908,2049,998,68,22,20486,9806,0.3031989430275854,1497,766,22488,23446,7496,3799,16401,20968,46315,35882,0,0,12140,2152,7017,676,1919,99,1670,0,0,5744,63481,1038,3972,0,0,0,0,0
705,8273,706.1618557338687,99908,2147,1027,68,22,20812,9969,0.30809344597029265,1493,769,22361,23412,7653,3906,16277,20863,46344,35915,0,0,12022,2134,7002,690,1959,103,1735,0,0,5966,63300,1032,3965,0,0,0,0,0
706,8273,707.3729949036715,99905,2198,1108,71,22,21234,10220,0.3148390971422852,1582,801,22154,23334,7915,4035,16079,20699,46372,35948,0,0,11883,2109,6966,709,2043,107,1827,0,0,6277,63011,1021,3952,0,0,0,0,0
707,8273,708.1851149286015,99904,2247,1137,72,22,21556,10372,0.31958680333119793,1618,833,22008,23293,8112,4138,15942,20576,46400,35981,0,0,11780,2084,6945,734,2104,110,1877,0,0,6509,62813,1010,3938,0,0,0,0,0
708,8273,709.0014807154449,99903,2367,1163,73,22,21927,10553,0.325115361901044,1633,827,21855,23240,8287,4267,15784,20480,46428,36013,0,0,11677,2067,6919,758,2168,114,1925,0,0,6750,62610,995,3920,0,0,0,0,0
709,8273,710.2342600687058,99900,2419,1207,75,23,22426,10803,0.3326226226226226,1730,871,21587,23137,8606,4437,15582,20324,46456,36045,0,0,11505,2037,6893,789,2260,119,2039,0,0,7112,62269,984,3893,0,0,0,0,0
710,8273,711.0626750484031,99899,2481,1236,76,23,22792,10991,0.3381715532688015,1783,897,21415,23062,8812,4567,15432,20214,46483,36077,0,0,11392,2016,6875,809,2313,125,2102,0,0,7404,62007,972,3884,0,0,0,0,0
711,8273,712.3146773823079,99896,2563,1295,78,24,23333,11263,0.3463201729798991,1837,950,21190,22975,9125,4738,15206,20017,46510,36108,0,0,11228,1993,6848,835,2389,134,2212,0,0,7804,61625,957,3871,0,0,0,0,0
712,8273,713.1553905812583,99894,2626,1353,80,24,23710,11473,0.3522033355356678,1849,944,21038,22902,9334,4865,15072,19911,46537,36139,0,0,11108,1971,6832,858,2437,140,2279,0,0,8095,61366,948,3860,0,0,0,0,0
713,8273,714.0008967470143,99894,2685,1386,80,24,24084,11684,0.35805954311570265,1909,955,20839,22843,9563,5013,14923,19778,46564,36170,0,0,10988,1951,6803,875,2512,147,2345,0,0,8382,61103,943,3845,0,0,0,0,0
714,8273,715.2811545068589,99892,2803,1421,82,24,24724,11990,0.3675369398950867,1921,998,20576,22764,9942,5236,14675,19556,46590,36200,0,0,10812,1927,6757,917,2622,160,2454,0,0,8826,60672,928,3817,0,0,0,0,0
715,8273,716.1421308186613,99890,2849,1463,84,24,25116,12214,0.37371108219040944,1963,1032,20415,22685,10188,5386,14500,19409,46616,36230,0,0,10697,1907,6732,941,2683,172,2517,0,0,9149,60374,915,3803,0,0,0,0,0
716,8273,717.0087903128212,99890,2962,1517,84,24,25587,12457,0.38085894483932325,1993,1029,20222,22617,10424,5531,14314,19281,46642,36260,0,0,10562,1882,6702,959,2776,176,2601,0,0,9456,60088,910,3778,0,0,0,0,0
717,8273,718.3200948929262,99888,3089,1587,86,24,26277,12801,0.39121816434406537,2016,1113,19952,22485,10809,5737,14047,19053,46668,36289,0,0,10389,1860,6653,998,2893,191,2708,0,0,9931,59616,898,3751,0,0,0,0,0
718,8273,719.2020952560744,99886,3178,1658,88,24,26739,13057,0.39841419217908414,2084,1116,19744,22406,11023,5872,13882,18923,46693,36318,0,0,10263,1842,6619,1021,2973,205,2775,0,0,10241,59323,891,3733,0,0,0,0,0
719,8273,720.0910478434375,99886,3268,1720,88,24,27216,13319,0.40581262639408927,2108,1126,19534,22311,11276,6037,13725,18781,46718,36347,0,0,10149,1817,6583,1060,3070,214,2831,0,0,10560,59008,877,3717,0,0,0,0,0
720,8273,721.4395737987201,99884,3360,1802,89,25,27943,13727,0.4171839333627007,2188,1162,19190,22151,11712,6293,13460,18566,46743,36376,0,0,9977,1782,6527,1115,3214,226,2937,0,0,11109,58454,859,3684,0,0,0,0,0
721,8273,722.3497408536691,99882,3421,1805,91,25,28428,13988,0.42466110009811575,2248,1207,18989,22038,11976,6499,13274,18425,46768,36404,0,0,9835,1755,6488,1156,3321,240,3016,0,0,11468,58095,849,3659,0,0,0,0,0
722,8273,723.2677802381326,99882,3491,1808,91,25,28937,14244,0.43232013776255984,2291,1262,18776,21918,12264,6693,13086,18293,46793,36432,0,0,9696,1733,6462,1179,3425,258,3097,0,0,11846,57718,840,3628,0,0,0,0,0
723,8273,724.1940608118174,99879,3574,1868,92,27,29511,14530,0.44094354168543937,2280,1265,18580,21831,12586,6850,12887,18158,46817,36460,0,0,9562,1702,6424,1227,3541,269,3172,0,0,12235,57328,823,3596,0,0,0,0,0
724,8273,725.1295515350507,99879,3623,1896,92,27,30054,14823,0.44931366954014357,2324,1301,18363,21708,12912,7066,12685,18001,46841,36487,0,0,9425,1676,6383,1264,3672,282,3253,0,0,12649,56907,810,3558,0,0,0,0,0
725,8273,726.074164800941,99879,3717,1954,92,27,30613,15143,0.45811431832517346,2391,1296,18111,21604,13207,7273,12481,17845,46865,36514,0,0,9305,1655,6351,1285,3802,294,3322,0,0,13050,56491,795,3529,0,0,0,0,0
726,8273,727.0292754205237,99877,3787,2009,92,29,31184,15461,0.46702444006127536,2423,1329,17890,21474,13530,7465,12277,17693,46889,36541,0,0,9155,1629,6297,1321,3926,308,3419,0,0,13462,56067,785,3508,0,0,0,0,0
727,8273,728.4819918809633,99870,3809,2007,97,31,32048,15891,0.4800140182236908,2536,1434,17515,21316,14060,7794,11982,17417,46913,36568,0,0,8953,1605,6225,1381,4140,349,3551,0,0,14091,55362,756,3457,0,0,0,0,0
728,8273,729.4651984126896,99867,3925,2103,98,33,32686,16254,0.4900517688525739,2542,1433,17287,21172,14376,7989,11771,17269,46936,36594,0,0,8814,1581,6179,1410,4270,366,3638,0,0,14520,54913,748,3428,0,0,0,0,0
729,8273,730.4595758919266,99866,4077,2156,99,33,33350,16616,0.500330442793343,2512,1436,17044,21054,14681,8224,11586,17096,46959,36620,0,0,8677,1559,6131,1449,4420,383,3713,0,0,14935,54460,736,3403,0,0,0,0,0
730,8273,731.4653486317038,99862,4103,2214,100,36,33998,16999,0.510674731128958,2575,1415,16759,20935,15079,8483,11383,16916,46982,36646,0,0,8523,1539,6067,1496,4584,400,3796,0,0,15434,53921,723,3379,0,0,0,0,0
731,8273,732.4864655833576,99860,4135,2299,101,37,34623,17394,0.5208992589625475,2615,1420,16522,20816,15441,8711,11185,16716,47005,36671,0,0,8362,1515,6014,1538,4737,423,3894,0,0,15884,53427,712,3354,0,0,0,0,0
732,8273,733.0021183096705,99857,4200,2323,103,38,34972,17570,0.5261724265699951,2624,1441,16408,20745,15576,8820,11088,16632,47028,36696,0,0,8274,1502,5994,1560,4800,438,3931,0,0,16115,53200,701,3342,0,0,0,0,0
733,8273,734.0433310212643,99854,4180,2386,106,38,35613,17962,0.5365333386744647,2644,1451,16185,20605,16000,9067,10884,16452,47050,36721,0,0,8102,1468,5927,1607,4996,457,4035,0,0,16585,52677,695,3305,0,0,0,0,0
734,8273,735.0973444117511,99853,4297,2434,107,38,36355,18376,0.5481157301232812,2597,1414,15955,20504,16367,9339,10676,16270,47072,36746,0,0,7958,1444,5860,1647,5195,479,4109,0,0,17072,52132,684,3273,0,0,0,0,0
735,8273,736.1486491504488,99852,4354,2477,108,38,37025,18781,0.5588871529864199,2681,1422,15707,20372,16710,9594,10439,16096,47094,36770,0,0,7797,1423,5811,1679,5400,500,4207,0,0,17519,51616,671,3229,0,0,0,0,0
736,8273,737.1754445365635,99849,4406,2478,109,40,37731,19143,0.5696000961451793,2654,1468,15444,20204,17114,9873,10272,15936,47116,36794,0,0,7662,1398,5758,1718,5579,533,4275,0,0,18040,51038,663,3185,0,0,0,0,0
737,8273,738.178305954728,99846,4492,2515,111,41,38440,19519,0.5804839452757247,2598,1498,15241,20082,17474,10112,10083,15751,47138,36818,0,0,7502,1371,5693,1758,5763,567,4374,0,0,18472,50540,653,3153,0,0,0,0,0
738,8273,739.1588176017485,99839,4510,2534,117,42,39063,19881,0.5903905287512896,2655,1522,15033,19975,17782,10359,9902,15567,47159,36842,0,0,7373,1348,5637,1793,5971,589,4442,0,0,18896,50023,645,3122,0,0,0,0,0
739,8273,740.1201661041712,99837,4527,2588,118,43,39682,20266,0.6004587477588469,2677,1520,14818,19856,18119,10595,9740,15397,47180,36865,0,0,7233,1324,5581,1848,6149,608,4512,0,0,19341,49514,629,3098,0,0,0,0,0
740,8273,741.0632237729542,99833,4538,2605,121,44,40313,20624,0.6103893502148589,2714,1511,14617,19751,18462,10833,9547,15255,47201,36888,0,0,7101,1301,5517,1881,6333,647,4583,0,0,19790,48992,624,3064,0,0,0,0,0
741,8273,742.4439186154056,99828,4549,2623,124,46,41236,21182,0.6252554393556918,2722,1521,14335,19574,18965,11221,9304,15014,47222,36911,0,0,6911,1267,5438,1960,6639,680,4682,0,0,20426,48204,605,3016,0,0,0,0,0
742,8273,743.3430822010913,99826,4563,2616,126,46,41838,21498,0.6344639673031074,2716,1546,14178,19451,19267,11460,9149,14880,47243,36934,0,0,6800,1245,5391,2005,6831,717,4729,0,0,20809,47730,589,2980,0,0,0,0,0
743,8273,744.2275484870105,99822,4542,2616,129,47,42405,21831,0.6435054396826351,2729,1527,13993,19368,19572,11702,9034,14739,47263,36957,0,0,6683,1224,5337,2036,7038,749,4784,0,0,21194,47255,575,2947,0,0,0,0,0
744,8273,745.0981908053834,99820,4589,2595,130,48,42990,22148,0.6525545982768984,2721,1525,13826,19296,19843,11934,8890,14601,47283,36979,0,0,6560,1206,5276,2068,7232,780,4847,0,0,21570,46805,567,2909,0,0,0,0,0
745,8273,746.3806945066252,99816,4636,2576,133,49,43856,22626,0.6660455237637253,2708,1517,13574,19182,20269,12286,8679,14389,47303,37001,0,0,6402,1173,5209,2142,7486,840,4919,0,0,22107,46116,550,2872,0,0,0,0,0
746,8273,747.221188750323,99815,4622,2608,134,49,44418,22936,0.6747883584631569,2710,1531,13416,19064,20566,12466,8551,14281,47323,37023,0,0,6280,1147,5164,2182,7689,869,4978,0,0,22427,45705,540,2834,0,0,0,0,0
747,8273,748.0495359854573,99813,4715,2658,136,49,44980,23268,0.6837586286355485,2691,1507,13275,18969,20782,12646,8400,14170,47343,37045,0,0,6188,1135,5127,2214,7868,894,5005,0,0,22718,45316,535,2813,0,0,0,0,0
748,8273,749.2720941162718,99810,4679,2726,138,50,45817,23766,0.6971545937280833,2629,1495,13090,18832,21245,12920,8218,13976,47363,37066,0,0,6039,1108,5052,2268,8185,946,5073,0,0,23180,44670,519,2770,0,0,0,0,0
749,8273,750.0731078808245,99809,4687,2710,139,50,46344,24069,0.705477461952329,2610,1518,12955,18740,21475,13144,8133,13837,47382,37087,0,0,5941,1089,5018,2296,8364,989,5111,0,0,23504,44245,512,2740,0,0,0,0,0
750,8273,751.2575341508852,99806,4695,2695,140,52,47131,24516,0.7178626535478829,2573,1520,12749,18599,21881,13460,7961,13673,47401,37108,0,0,5796,1057,4942,2353,8641,1042,5180,0,0,23968,43621,495,2711,0,0,0,0,0
751,8273,752.0351941423464,99803,4639,2673,142,53,47605,24813,0.7256094506177169,2593,1516,12634,18526,22136,13672,7855,13559,47420,37129,0,0,5702,1038,4911,2395,8790,1099,5209,0,0,24304,43192,480,2683,0,0,0,0,0
752,8273,753.1854493327405,99799,4584,2669,146,53,48321,25250,0.7371917554284111,2585,1514,12476,18417,22535,13952,7673,13394,47439,37150,0,0,5546,1012,4848,2448,9061,1162,5275,0,0,24704,42618,473,2652,0,0,0,0,0
753,8273,754.3169043662422,99796,4615,2658,147,55,49090,25659,0.7490179967132952,2520,1513,12311,18301,22894,14231,7512,13241,47458,37170,0,0,5430,987,4784,2496,9334,1224,5301,0,0,25101,42062,462,2615,0,0,0,0,0
754,8273,755.0615190192182,99795,4539,2640,148,55,49522,25924,0.756009820131269,2554,1543,12209,18220,23140,14400,7409,13141,47477,37190,0,0,5351,965,4745,2522,9515,1270,5327,0,0,25387,41671,454,2588,0,0,0,0,0
755,8273,756.1642649738642,99789,4532,2637,151,58,50206,26338,0.7670584934211185,2523,1525,12089,18124,23436,14661,7268,12994,47496,37210,0,0,5223,946,4688,2588,9759,1332,5362,0,0,25742,41149,444,2556,0,0,0,0,0
756,8273,757.2534145181958,99786,4514,2633,154,58,50931,26735,0.7783256168199948,2467,1525,11957,18007,23763,14933,7144,12843,47514,37230,0,0,5111,924,4631,2625,10039,1404,5398,0,0,26085,40617,433,2519,0,0,0,0,0
757,8273,758.3281651846836,99783,4493,2624,157,58,51609,27115,0.7889520258961947,2421,1519,11806,17910,24093,15198,7029,12690,47532,37250,0,0,4984,907,4573,2663,10290,1472,5453,0,0,26419,40105,426,2491,0,0,0,0,0
758,8273,759.0371797708622,99780,4480,2639,158,60,52037,27398,0.7961014231308879,2383,1498,11738,17832,24276,15366,6964,12604,47550,37269,0,0,4909,892,4525,2689,10499,1508,5467,0,0,26597,39802,419,2473,0,0,0,0,0
759,8273,760.0909314491431,99780,4385,2629,158,60,52631,27784,0.8059230306674684,2358,1476,11634,17734,24611,15625,6853,12475,47568,37288,0,0,4788,870,4473,2728,10762,1572,5515,0,0,26922,39303,411,2436,0,0,0,0,0
760,8273,761.132893518696,99776,4335,2615,160,62,53250,28148,0.8158074085952534,2306,1441,11510,17661,24932,15857,6756,12363,47586,37307,0,0,4679,854,4421,2757,11026,1636,5556,0,0,27225,38828,398,2396,0,0,0,0,0
761,8273,762.1630276435418,99776,4274,2616,160,62,53822,28511,0.825178399615138,2296,1449,11421,17578,25233,16054,6615,12240,47604,37326,0,0,4587,839,4379,2779,11286,1709,5582,0,0,27475,38383,390,2367,0,0,0,0,0
762,8273,763.1820547073777,99774,4235,2609,161,63,54382,28864,0.8343456211036944,2320,1437,11324,17505,25452,16266,6507,12119,47621,37345,0,0,4481,824,4321,2811,11494,1784,5615,0,0,27768,37953,386,2337,0,0,0,0,0
763,8273,764.1919578350213,99772,4240,2570,163,63,54968,29231,0.8439141242031832,2281,1408,11226,17452,25687,16514,6402,11992,47638,37364,0,0,4390,803,4278,2852,11711,1866,5629,0,0,28046,37509,380,2308,0,0,0,0,0
764,8273,765.1937056049933,99772,4265,2551,163,63,55590,29574,0.8535861764823798,2200,1431,11155,17401,25924,16709,6292,11844,47655,37382,0,0,4293,786,4229,2887,11945,1934,5653,0,0,28295,37082,374,2294,0,0,0,0,0
765,8273,766.1872433895112,99769,4216,2543,164,65,56106,29906,0.8621114775130552,2236,1435,11060,17348,26129,16903,6194,11705,47672,37400,0,0,4218,776,4187,2919,12141,2019,5651,0,0,28540,36683,367,2268,0,0,0,0,0
766,8273,767.1726245193927,99765,4201,2553,166,67,56697,30268,0.8716984914549191,2164,1404,10970,17287,26391,17088,6107,11600,47689,37418,0,0,4116,762,4152,2949,12375,2091,5676,0,0,28771,36272,362,2239,0,0,0,0,0
767,8273,768.1497678134093,99759,4160,2554,170,69,57193,30605,0.8801010435148708,2213,1362,10893,17230,26565,17272,5998,11512,47706,37436,0,0,4033,749,4117,2977,12592,2156,5692,0,0,28984,35892,354,2213,0,0,0,0,0
768,8273,769.11996210146,99753,4090,2535,173,72,57717,30926,0.8886249035116738,2214,1370,10800,17172,26816,17455,5906,11395,47723,37454,0,0,3944,735,4081,3020,12819,2222,5698,0,0,29224,35478,349,2183,0,0,0,0,0
769,8273,770.0825325866797,99749,4009,2528,175,74,58206,31264,0.8969513478831868,2202,1320,10730,17114,27073,17670,5810,11293,47739,37471,0,0,3880,719,4043,3063,13035,2310,5684,0,0,29429,35095,345,2146,0,0,0,0,0
770,8273,771.0374075920879,99746,3976,2490,178,74,58725,31574,0.9052894351653199,2180,1335,10654,17055,27287,17861,5724,11184,47755,37488,0,0,3802,702,3998,3097,13260,2388,5690,0,0,29624,34721,340,2124,0,0,0,0,0
771,8273,772.2998129734292,99743,3900,2431,180,75,59383,32001,0.9161946201738468,2108,1276,10610,16983,27598,18168,5603,11066,47771,37505,0,0,3702,679,3943,3137,13535,2506,5712,0,0,29911,34197,333,2088,0,0,0,0,0
772,8273,773.2393854725317,99741,3872,2369,182,75,59897,32294,0.9243039472233083,2007,1252,10573,16939,27827,18389,5538,10975,47787,37522,0,0,3619,669,3897,3170,13725,2595,5719,0,0,30132,33825,326,2064,0,0,0,0,0
773,8273,774.1735309032754,99740,3830,2361,183,75,60356,32588,0.9318628433928213,1989,1214,10524,16902,28011,18560,5462,10887,47803,37539,0,0,3566,654,3860,3194,13951,2662,5706,0,0,30283,33494,320,2050,0,0,0,0,0
774,8273,775.1022515341274,99735,3781,2327,184,79,60844,32884,0.9397703915375746,1917,1168,10480,16876,28249,18755,5388,10794,47819,37556,0,0,3505,635,3827,3213,14182,2742,5701,0,0,30452,33141,315,2022,0,0,0,0,0
775,8273,776.0250271083592,99733,3696,2314,186,79,61302,33160,0.9471488875297043,1898,1174,10440,16842,28478,18878,5301,10712,47835,37572,0,0,3440,626,3800,3234,14400,2821,5704,0,0,30595,32811,303,1999,0,0,0,0,0
776,8273,777.246013623936,99731,3571,2286,187,80,61859,33525,0.9564127502983024,1875,1142,10376,16808,28768,19098,5222,10585,47851,37588,0,0,3363,613,3740,3266,14662,2908,5697,0,0,30876,32332,297,1977,0,0,0,0,0
777,8273,778.1554623209073,99730,3519,2225,188,80,62290,33769,0.9631906146595809,1842,1156,10340,16760,28950,19260,5160,10518,47866,37604,0,0,3291,604,3708,3289,14889,2962,5704,0,0,31021,32015,287,1960,0,0,0,0,0
778,8273,779.0606920536541,99730,3478,2182,188,80,62710,34035,0.9700691868043718,1779,1146,10323,16727,29104,19430,5127,10434,47881,37620,0,0,3237,592,3680,3330,15079,3033,5688,0,0,31170,31700,280,1941,0,0,0,0,0
779,8273,780.2621953579802,99727,3440,2145,189,82,63249,34372,0.9788823488122574,1747,1133,10289,16693,29280,19615,5054,10331,47896,37636,0,0,3156,575,3644,3365,15323,3126,5693,0,0,31326,31332,277,1910,0,0,0,0,0
780,8273,781.1594674595061,99725,3376,2139,191,82,63633,34646,0.9855001253446979,1727,1070,10249,16668,29446,19781,5010,10259,47911,37652,0,0,3108,564,3616,3384,15520,3193,5686,0,0,31450,31035,272,1897,0,0,0,0,0
781,8273,782.0528774650674,99723,3351,2095,193,82,64026,34896,0.9919677506693542,1671,1061,10223,16646,29587,19926,4974,10189,47926,37668,0,0,3061,553,3587,3397,15689,3273,5674,0,0,31594,30752,269,1874,0,0,0,0,0
782,8273,783.2395632175941,99721,3294,2106,195,82,64528,35240,1.000471314968763,1633,1031,10205,16642,29745,20060,4927,10078,47941,37683,0,0,3002,534,3545,3429,15920,3360,5672,0,0,31748,30392,263,1856,0,0,0,0,0
783,8273,784.1264501685641,99721,3262,2057,195,82,64874,35441,1.0059566189669178,1638,1024,10205,16653,29816,20176,4883,10007,47956,37698,0,0,2965,524,3514,3439,16098,3428,5656,0,0,31837,30156,261,1843,0,0,0,0,0
784,8273,785.0118581490158,99720,3227,2019,196,82,65231,35664,1.0117829923786603,1636,1010,10198,16647,29911,20301,4831,9940,47971,37713,0,0,2919,516,3491,3455,16274,3495,5653,0,0,31932,29900,254,1831,0,0,0,0,0
785,8273,786.1887959141319,99720,3157,1983,196,82,65726,35950,1.0196149217809867,1584,997,10193,16667,30103,20430,4766,9840,47986,37728,0,0,2855,507,3448,3489,16480,3604,5639,0,0,32066,29574,250,1808,0,0,0,0,0
786,8273,787.0680377960242,99719,3159,1927,196,83,66075,36152,1.0251506733922322,1572,1001,10183,16647,30164,20562,4725,9779,48000,37743,0,0,2802,497,3431,3489,16647,3671,5647,0,0,32140,29355,249,1791,0,0,0,0,0
787,8273,788.2378710264411,99716,3096,1904,198,84,66528,36432,1.032532391993261,1529,1003,10198,16636,30314,20686,4664,9686,48014,37758,0,0,2747,485,3406,3515,16837,3774,5638,0,0,32251,29048,246,1769,0,0,0,0,0
788,8273,789.1124372505839,99712,3039,1862,202,84,66863,36633,1.037949293966624,1517,1000,10198,16638,30424,20791,4619,9624,48028,37773,0,0,2704,476,3378,3538,17017,3842,5618,0,0,32310,28831,241,1757,0,0,0,0,0
789,8273,790.2753225299515,99709,2975,1836,203,86,67289,36924,1.0451714489163466,1481,981,10218,16631,30558,20933,4564,9532,48042,37787,0,0,2663,464,3345,3553,17253,3935,5596,0,0,32371,28550,236,1743,0,0,0,0,0
790,8273,791.1454419818772,99708,2944,1809,203,87,67594,37153,1.0505375697035344,1462,940,10213,16636,30641,21069,4536,9458,48056,37801,0,0,2627,459,3327,3557,17395,4016,5583,0,0,32453,28333,234,1724,0,0,0,0,0
791,8273,792.0140395543185,99708,2918,1802,203,87,67929,37353,1.055903237453364,1424,935,10222,16624,30726,21143,4506,9408,48070,37815,0,0,2589,452,3309,3567,17541,4087,5566,0,0,32507,28143,232,1715,0,0,0,0,0
792,8273,793.1695116094559,99707,2828,1758,203,88,68319,37630,1.0626034280441694,1366,909,10235,16637,30898,21292,4469,9315,48084,37829,0,0,2536,440,3272,3594,17725,4185,5556,0,0,32637,27836,230,1696,0,0,0,0,0
793,8273,794.0337411344062,99703,2776,1740,206,89,68621,37827,1.0676509232420288,1327,893,10245,16644,30992,21379,4453,9254,48098,37843,0,0,2496,435,3255,3612,17875,4247,5540,0,0,32703,27629,226,1685,0,0,0,0,0
794,8273,795.1837939316227,99701,2711,1733,207,90,69008,38089,1.0741818035927424,1320,882,10274,16646,31083,21469,4404,9179,48112,37857,0,0,2443,430,3229,3646,18023,4356,5524,0,0,32769,27387,223,1671,0,0,0,0,0
795,8273,796.0446274892045,99700,2645,1736,207,91,69299,38274,1.0789669007021063,1294,875,10282,16667,31203,21511,4368,9119,48125,37871,0,0,2411,420,3201,3647,18170,4431,5509,0,0,32808,27222,219,1662,0,0,0,0,0
796,8273,797.1890718937874,99700,2576,1704,207,91,69662,38515,1.085025075225677,1286,857,10288,16697,31311,21611,4331,9039,48138,37885,0,0,2373,415,3172,3650,18385,4511,5492,0,0,32864,26975,216,1647,0,0,0,0,0
797,8273,798.045828702424,99698,2539,1714,208,92,69933,38721,1.0898312904973018,1283,816,10313,16694,31365,21692,4291,8991,48151,37898,0,0,2337,412,3148,3650,18526,4581,5483,0,0,32891,26820,216,1634,0,0,0,0,0
798,8273,799.186407780345,99697,2473,1686,208,93,70289,38952,1.095730062088127,1240,816,10341,16710,31495,21796,4242,8898,48164,37911,0,0,2301,406,3124,3664,18681,4688,5456,0,0,32937,26604,214,1622,0,0,0,0,0
799,8273,800.0400955919499,99695,2453,1661,210,93,70548,39131,1.1001454436029892,1199,788,10370,16727,31546,21885,4221,8845,48177,37924,0,0,2275,399,3101,3661,18820,4752,5443,0,0,32973,26444,213,1614,0,0,0,0,0
800,8273,801.1771471027023,99693,2428,1643,211,94,70910,39375,1.1062461757595818,1151,744,10408,16741,31621,21987,4180,8790,48190,37937,0,0,2239,392,3074,3662,19004,4840,5431,0,0,33005,26234,211,1601,0,0,0,0,0
801,8273,802.0291275385392,99692,2371,1604,212,94,71154,39536,1.1103197849376079,1141,732,10436,16756,31684,22063,4155,8750,48203,37950,0,0,2208,383,3055,3667,19131,4913,5424,0,0,33040,26070,207,1594,0,0,0,0,0
802,8273,803.1640544444949,99690,2300,1569,213,95,71430,39737,1.1151268933694454,1136,707,10484,16792,31747,22153,4119,8683,48216,37963,0,0,2181,378,3037,3673,19287,4998,5402,0,0,33076,25876,205,1577,0,0,0,0,0
803,8273,804.0147207401066,99690,2269,1511,213,95,71664,39876,1.1188684923262113,1110,724,10528,16817,31780,22211,4099,8641,48229,37976,0,0,2164,374,3018,3668,19432,5057,5384,0,0,33104,25720,202,1567,0,0,0,0,0
804,8273,805.1489219889642,99687,2237,1496,215,96,71993,40078,1.124228836257486,1085,717,10574,16828,31815,22264,4073,8598,48242,37989,0,0,2137,370,2998,3661,19585,5146,5371,0,0,33128,25533,199,1559,0,0,0,0,0
805,8273,806.282922869818,99685,2158,1441,216,97,72301,40265,1.1292170336560166,1098,721,10655,16851,31852,22364,4020,8525,48254,38001,0,0,2103,366,2981,3671,19734,5241,5351,0,0,33159,25327,197,1555,0,0,0,0,0
806,8273,807.1334709774553,99683,2106,1419,217,98,72509,40422,1.1329012971118446,1121,707,10683,16882,31884,22414,3988,8479,48266,38013,0,0,2081,362,2969,3677,19825,5316,5330,0,0,33197,25192,190,1544,0,0,0,0,0
807,8273,808.2665331789266,99683,2068,1388,217,98,72826,40602,1.1378871021137005,1076,715,10694,16899,31979,22479,3965,8420,48278,38025,0,0,2058,353,2948,3694,19964,5393,5295,0,0,33252,25004,189,1533,0,0,0,0,0
808,8273,809.1150877366772,99683,2045,1386,217,98,73063,40746,1.141709218221763,1047,692,10724,16929,32018,22508,3948,8386,48290,38037,0,0,2035,347,2938,3705,20077,5458,5275,0,0,33237,24898,185,1528,0,0,0,0,0
809,8273,810.246202004837,99680,2019,1354,218,100,73340,40934,1.146408507223114,1045,668,10778,16960,32019,22578,3920,8339,48302,38049,0,0,2013,343,2926,3731,20192,5534,5243,0,0,33283,24717,182,1516,0,0,0,0,0
810,8273,811.0948133189685,99679,2016,1363,219,100,73578,41076,1.150232245508081,999,663,10789,16989,32073,22592,3903,8292,48314,38061,0,0,1996,338,2915,3729,20284,5605,5230,0,0,33279,24618,180,1505,0,0,0,0,0
811,8273,812.2252416945666,99678,2003,1338,219,101,73872,41271,1.1551495816529225,958,653,10847,17024,32097,22640,3875,8243,48326,38073,0,0,1976,335,2899,3732,20407,5700,5207,0,0,33292,24459,179,1492,0,0,0,0,0
812,8273,813.0731027586178,99677,1974,1324,220,101,74061,41413,1.1584818965257782,954,625,10889,17049,32108,22696,3854,8204,48338,38085,0,0,1956,334,2885,3733,20515,5748,5190,0,0,33324,24332,176,1484,0,0,0,0,0
813,8273,814.2034852306651,99675,1893,1318,220,103,74331,41604,1.163130173062453,901,607,10956,17079,32194,22737,3835,8155,48350,38097,0,0,1923,332,2869,3729,20655,5837,5171,0,0,33323,24185,175,1476,0,0,0,0,0
814,8273,815.0507183632847,99675,1876,1290,220,103,74537,41716,1.1663205417607223,866,613,10995,17113,32226,22753,3816,8127,48362,38109,0,0,1906,327,2862,3714,20755,5893,5157,0,0,33342,24071,174,1474,0,0,0,0,0
815,8273,816.1800809629767,99673,1792,1228,220,105,74765,41886,1.1703370019965287,869,571,11048,17178,32281,22834,3789,8083,48374,38120,0,0,1884,325,2850,3723,20888,5977,5131,0,0,33365,23895,171,1464,0,0,0,0,0
816,8273,817.027118562147,99673,1741,1213,220,105,74946,42017,1.1734672378678277,876,567,11086,17213,32305,22860,3771,8041,48385,38131,0,0,1864,323,2836,3725,20955,6059,5119,0,0,33378,23787,169,1458,0,0,0,0,0
817,8273,818.1563846685602,99672,1695,1217,220,106,75184,42181,1.1775122401476843,860,534,11134,17278,32339,22860,3751,8004,48396,38142,0,0,1846,319,2821,3742,21084,6126,5086,0,0,33360,23669,169,1450,0,0,0,0,0
818,8273,819.0033353483365,99670,1671,1182,221,107,75357,42302,1.180485602488211,864,509,11181,17323,32321,22906,3741,7972,48407,38153,0,0,1827,319,2808,3737,21163,6191,5072,0,0,33373,23567,168,1445,0,0,0,0,0
819,8273,820.1335525949615,99670,1666,1135,221,107,75607,42452,1.184498846192435,843,497,11227,17381,32326,22946,3716,7933,48418,38164,0,0,1811,315,2790,3745,21274,6273,5047,0,0,33375,23442,164,1434,0,0,0,0,0
820,8273,821.2646185411503,99670,1651,1125,221,107,75857,42599,1.1884819905688773,830,502,11278,17432,32324,22942,3695,7891,48429,38175,0,0,1803,312,2774,3755,21374,6349,5019,0,0,33376,23323,158,1427,0,0,0,0,0
821,8273,822.113358030859,99670,1615,1113,221,107,76026,42722,1.1914116584729608,823,476,11327,17468,32334,22972,3679,7863,48440,38186,0,0,1786,312,2769,3752,21446,6414,5002,0,0,33387,23223,158,1421,0,0,0,0,0
822,8273,823.2459426631267,99667,1602,1028,222,109,76264,42848,1.195099681940863,804,474,11430,17554,32288,23011,3653,7823,48451,38197,0,0,1766,310,2755,3757,21556,6481,4985,0,0,33430,23060,157,1410,0,0,0,0,0
823,8273,824.0967952548224,99667,1549,994,222,109,76425,42945,1.1976883020458124,814,468,11479,17572,32309,23055,3626,7801,48462,38208,0,0,1750,308,2745,3751,21634,6543,4967,0,0,33453,22958,155,1403,0,0,0,0,0
824,8273,825.2315960373865,99666,1517,983,222,110,76648,43106,1.20155318764674,774,447,11559,17613,32321,23085,3606,7761,48473,38219,0,0,1732,305,2734,3752,21744,6615,4949,0,0,33452,22835,149,1399,0,0,0,0,0
825,8273,826.0832807359122,99666,1532,969,222,110,76830,43199,1.2043124034274477,756,427,11613,17652,32273,23097,3603,7744,48484,38229,0,0,1717,305,2725,3752,21796,6667,4933,0,0,33477,22754,146,1394,0,0,0,0,0
826,8273,827.2210872519413,99664,1493,926,223,111,77036,43319,1.2076075614063253,726,450,11708,17696,32259,23114,3590,7702,48495,38239,0,0,1694,301,2707,3754,21894,6741,4919,0,0,33465,22657,145,1387,0,0,0,0,0
827,8273,828.0754313224029,99664,1457,904,223,111,77170,43410,1.2098651468935624,735,441,11771,17728,32242,23134,3571,7681,48506,38249,0,0,1672,299,2700,3760,21951,6794,4909,0,0,33471,22582,143,1383,0,0,0,0,0
828,8273,829.2152361966329,99664,1396,880,223,111,77380,43528,1.2131562048482902,679,432,11846,17802,32309,23125,3546,7649,48517,38259,0,0,1652,297,2688,3763,22053,6871,4892,0,0,33456,22478,142,1372,0,0,0,0,0
829,8273,830.0701178818568,99663,1361,852,224,111,77527,43609,1.2154560870132347,665,422,11906,17855,32309,23135,3534,7624,48527,38269,0,0,1632,290,2681,3761,22120,6924,4887,0,0,33452,22406,141,1369,0,0,0,0,0
830,8273,831.210960067631,99662,1342,844,225,111,77730,43723,1.218649033734021,613,423,11994,17923,32307,23122,3518,7576,48537,38279,0,0,1614,289,2665,3757,22201,6991,4876,0,0,33450,22316,138,1365,0,0,0,0,0
831,8273,832.0673293923301,99661,1318,820,225,112,77861,43793,1.2206780987547787,604,414,12048,17980,32293,23118,3511,7555,48547,38289,0,0,1599,288,2653,3760,22267,7033,4856,0,0,33453,22253,138,1361,0,0,0,0,0
832,8273,833.2105358407679,99661,1286,780,225,112,78020,43916,1.2235076910727365,605,377,12145,18038,32247,23165,3491,7527,48557,38299,0,0,1586,287,2642,3762,22349,7100,4838,0,0,33456,22148,137,1356,0,0,0,0,0
833,8273,834.0694921377761,99658,1235,767,227,113,78134,43999,1.225521282787132,612,360,12189,18100,32255,23145,3481,7514,48567,38309,0,0,1579,287,2638,3760,22390,7167,4819,0,0,33438,22090,135,1355,0,0,0,0,0
834,8273,835.2158969701065,99657,1232,740,228,113,78313,44093,1.228272976308739,599,361,12275,18171,32198,23135,3467,7479,48577,38319,0,0,1565,284,2622,3762,22484,7214,4804,0,0,33423,22013,134,1352,0,0,0,0,0
835,8273,836.0772234324745,99657,1193,731,228,113,78431,44175,1.230279859919524,583,356,12340,18218,32186,23130,3469,7451,48587,38329,0,0,1558,284,2616,3753,22548,7262,4783,0,0,33425,21948,132,1348,0,0,0,0,0
836,8273,837.2270938637722,99657,1167,709,228,113,78601,44279,1.2330292904662994,547,331,12441,18323,32159,23118,3457,7405,48597,38339,0,0,1551,280,2606,3756,22620,7328,4762,0,0,33416,21862,131,1345,0,0,0,0,0
837,8273,838.0909038685636,99656,1126,718,229,113,78700,44354,1.2347876695833668,560,307,12504,18368,32140,23106,3440,7387,48607,38348,0,0,1543,277,2596,3750,22690,7363,4751,0,0,33401,21815,130,1340,0,0,0,0,0
838,8273,839.2439420443327,99655,1079,699,230,113,78848,44442,1.2371682303948623,547,315,12593,18442,32130,23083,3420,7347,48617,38357,0,0,1535,276,2582,3748,22780,7417,4732,0,0,33383,21738,130,1334,0,0,0,0,0
839,8273,840.1094512594516,99653,1056,681,232,113,78967,44507,1.2390394669503175,526,307,12647,18491,32132,23088,3406,7319,48627,38366,0,0,1522,275,2573,3743,22816,7469,4721,0,0,33388,21684,130,1332,0,0,0,0,0
840,8273,841.2647313858636,99653,1029,660,232,113,79111,44601,1.2414277543074468,539,292,12725,18591,32084,23072,3390,7271,48637,38375,0,0,1512,274,2561,3735,22899,7520,4702,0,0,33379,21609,129,1333,0,0,0,0,0
841,8273,842.1324926591337,99653,1028,646,232,113,79229,44666,1.243264126519021,540,271,12774,18648,32046,23066,3379,7255,48647,38384,0,0,1503,272,2554,3724,22962,7552,4690,0,0,33379,21557,128,1332,0,0,0,0,0
842,8273,843.0014450515653,99653,1018,634,232,113,79358,44726,1.2451607076555649,490,263,12851,18716,32042,23044,3366,7229,48657,38393,0,0,1498,271,2546,3724,23025,7586,4669,0,0,33380,21498,128,1328,0,0,0,0,0
843,8273,844.1616072151651,99653,1000,612,232,113,79502,44804,1.2473884378794418,483,263,12934,18791,32006,23022,3344,7198,48666,38402,0,0,1488,269,2541,3725,23080,7641,4653,0,0,33374,21429,128,1325,0,0,0,0,0
844,8273,845.0327360039013,99653,975,610,232,113,79597,44858,1.2488836261828544,467,273,13004,18843,31985,22986,3336,7174,48675,38411,0,0,1480,268,2532,3725,23124,7677,4643,0,0,33362,21392,126,1324,0,0,0,0,0
845,8273,846.1957075383183,99653,937,597,232,113,79725,44941,1.2510009733776204,459,269,13096,18898,31959,22968,3316,7154,48684,38420,0,0,1473,268,2519,3725,23173,7737,4622,0,0,33363,21331,125,1317,0,0,0,0,0
846,8273,847.0691618814045,99653,915,574,232,113,79815,44998,1.2524760920393767,468,267,13173,18955,31907,22957,3304,7133,48693,38429,0,0,1461,267,2512,3724,23233,7767,4610,0,0,33360,21284,122,1313,0,0,0,0,0
847,8273,848.236548679493,99652,917,561,232,114,79965,45081,1.2548267972544456,437,247,13270,19037,31851,22930,3292,7110,48702,38438,0,0,1452,266,2502,3725,23303,7803,4590,0,0,33366,21215,122,1308,0,0,0,0,0
848,8273,849.1135465478876,99652,882,558,232,114,80058,45147,1.2564223497772247,433,239,13313,19086,31856,22912,3283,7090,48711,38447,0,0,1442,263,2502,3729,23344,7841,4577,0,0,33363,21166,121,1304,0,0,0,0,0
849,8273,850.2834167412392,99652,833,541,232,114,80179,45216,1.2583289848673382,438,251,13389,19183,31840,22860,3267,7050,48720,38456,0,0,1428,262,2496,3727,23407,7883,4562,0,0,33369,21099,120,1299,0,0,0,0,0
850,8273,851.1618274954653,99652,815,527,232,114,80267,45266,1.2597138040380524,424,239,13458,19267,31804,22817,3266,7035,48729,38464,0,0,1416,259,2495,3719,23429,7922,4556,0,0,33387,21052,120,1297,0,0,0,0,0
851,8273,852.0417866757724,99652,797,522,232,114,80341,45322,1.2610183438365512,421,217,13544,19342,31754,22788,3251,7016,48738,38472,0,0,1406,257,2493,3713,23468,7948,4547,0,0,33394,21011,119,1296,0,0,0,0,0
852,8273,853.2174537076053,99652,801,497,232,114,80468,45383,1.2629049090836109,392,231,13650,19418,31690,22765,3234,6974,48747,38480,0,0,1401,255,2491,3708,23534,7986,4532,0,0,33376,20963,118,1288,0,0,0,0,0
853,8273,854.1011436605729,99652,766,485,232,114,80535,45436,1.2641090996668407,401,217,13735,19475,31635,22749,3230,6959,48756,38488,0,0,1395,254,2487,3711,23577,8018,4515,0,0,33370,20924,117,1284,0,0,0,0,0
854,8273,855.2822107196779,99652,759,484,232,114,80661,45497,1.2659856299923735,398,232,13810,19526,31583,22709,3217,6934,48765,38496,0,0,1387,252,2486,3706,23608,8063,4504,0,0,33382,20868,117,1279,0,0,0,0,0
855,8273,856.1694856876176,99652,740,469,232,114,80731,45550,1.267219925340184,387,228,13907,19589,31527,22688,3206,6911,48774,38504,0,0,1381,248,2488,3704,23623,8101,4495,0,0,33402,20816,117,1277,0,0,0,0,0
856,8273,857.0586247024224,99652,747,452,232,114,80827,45590,1.2685846746678442,371,237,13977,19654,31475,22665,3197,6877,48783,38512,0,0,1373,248,2483,3700,23659,8132,4484,0,0,33403,20779,116,1275,0,0,0,0,0
857,8273,858.2466083746747,99652,717,439,232,114,80927,45660,1.2702906113274195,352,217,14095,19742,31423,22641,3180,6846,48792,38520,0,0,1360,247,2481,3703,23700,8178,4475,0,0,33389,20733,112,1274,0,0,0,0,0
858,8273,859.1394736813626,99652,704,422,232,114,81010,45700,1.2715249066752299,341,217,14182,19805,31367,22611,3173,6830,48801,38528,0,0,1356,247,2476,3699,23748,8206,4463,0,0,33382,20694,111,1270,0,0,0,0,0
859,8273,860.0342664059284,99652,703,416,232,114,81084,45749,1.2727592020230403,332,210,14256,19896,31311,22561,3165,6802,48809,38536,0,0,1350,246,2472,3698,23777,8232,4450,0,0,33386,20663,111,1267,0,0,0,0,0
860,8273,861.2302491825977,99652,683,387,232,114,81174,45805,1.2742243005659695,366,211,14352,19984,31221,22537,3145,6766,48817,38544,0,0,1345,245,2469,3695,23821,8279,4435,0,0,33362,20623,111,1267,0,0,0,0,0
861,8273,862.1294692234025,99652,658,387,232,114,81252,45845,1.2754084213061454,340,216,14442,20059,31189,22485,3138,6738,48825,38552,0,0,1337,243,2467,3695,23847,8308,4422,0,0,33368,20589,111,1265,0,0,0,0,0
862,8273,863.0300950554313,99652,629,385,232,114,81311,45901,1.2765624372817403,344,205,14508,20101,31154,22469,3132,6725,48833,38560,0,0,1330,243,2465,3683,23895,8334,4416,0,0,33358,20552,111,1265,0,0,0,0,0
863,8273,864.2331220334418,99652,618,379,232,114,81399,45959,1.2780275358246698,345,195,14605,20190,31081,22416,3118,6705,48841,38568,0,0,1321,242,2464,3678,23933,8363,4404,0,0,33361,20510,111,1265,0,0,0,0,0
864,8273,865.1372735598811,99652,614,374,232,114,81471,46005,1.2792116565648457,333,194,14672,20246,31041,22392,3107,6679,48849,38576,0,0,1317,242,2459,3676,23978,8383,4394,0,0,33350,20478,109,1266,0,0,0,0,0
865,8273,866.0430920915014,99652,607,356,232,114,81539,46052,1.2803656725404406,307,191,14772,20307,30981,22377,3100,6654,48857,38584,0,0,1310,242,2455,3668,24020,8409,4388,0,0,33344,20443,109,1264,0,0,0,0,0
866,8273,867.2536797326546,99651,608,377,233,114,81629,46127,1.282034299705974,290,166,14864,20404,30913,22314,3091,6624,48865,38591,0,0,1302,241,2451,3670,24039,8444,4377,0,0,33347,20410,109,1261,0,0,0,0,0
867,8273,868.1636169568558,99651,607,366,233,114,81695,46169,1.2831180821065518,286,164,14940,20452,30848,22295,3085,6608,48873,38598,0,0,1300,240,2447,3673,24069,8467,4361,0,0,33350,20375,109,1260,0,0,0,0,0
868,8273,869.0755674406561,99649,594,356,235,114,81767,46207,1.2842477094602054,280,163,15016,20527,30792,22255,3082,6584,48881,38605,0,0,1294,240,2442,3666,24107,8493,4354,0,0,33343,20345,109,1256,0,0,0,0,0
869,8273,870.2943827524765,99649,587,353,235,114,81859,46251,1.2856124998745597,261,170,15131,20623,30718,22193,3067,6546,48889,38612,0,0,1288,238,2439,3660,24145,8520,4346,0,0,33339,20310,109,1255,0,0,0,0,0
870,8273,871.210711771079,99649,568,349,235,114,81921,46297,1.2866963040271353,248,164,15221,20708,30664,22143,3063,6521,48897,38619,0,0,1283,238,2438,3655,24177,8550,4338,0,0,33330,20281,108,1251,0,0,0,0,0
871,8273,872.1290522921636,99649,545,346,235,114,81975,46340,1.2876697207197263,251,160,15306,20773,30606,22103,3056,6503,48905,38626,0,0,1277,237,2436,3649,24201,8577,4327,0,0,33341,20249,108,1247,0,0,0,0,0
872,8273,873.0494927521411,99649,531,340,235,114,82024,46378,1.2885427851759677,263,156,15381,20828,30538,22071,3051,6490,48913,38633,0,0,1271,237,2435,3646,24233,8599,4318,0,0,33328,20232,108,1242,0,0,0,0,0
873,8273,874.2800332603363,99649,520,324,235,114,82097,46426,1.2897570472357978,253,154,15499,20927,30446,22017,3046,6463,48921,38640,0,0,1267,237,2434,3644,24259,8637,4305,0,0,33320,20201,108,1237,0,0,0,0,0
874,8273,875.2055486317921,99649,509,316,235,114,82159,46461,1.2907304639283887,233,148,15587,20994,30398,21984,3037,6443,48929,38647,0,0,1264,237,2431,3641,24278,8669,4296,0,0,33319,20172,108,1234,0,0,0,0,0
875,8273,876.1328665846459,99649,493,303,235,114,82213,46496,1.2916235988319,238,145,15652,21050,30353,21957,3028,6430,48937,38654,0,0,1258,236,2428,3636,24300,8694,4292,0,0,33331,20134,107,1233,0,0,0,0,0
876,8273,877.0619369368849,99649,481,298,235,114,82272,46528,1.2925368041826812,228,148,15728,21126,30308,21898,3019,6415,48945,38661,0,0,1249,236,2426,3638,24317,8717,4283,0,0,33342,20107,104,1230,0,0,0,0,0
877,8273,878.3033531010798,99649,455,299,235,114,82346,46578,1.293781171913416,210,135,15838,21236,30256,21833,3005,6382,48953,38668,0,0,1239,235,2424,3632,24357,8743,4270,0,0,33344,20073,104,1228,0,0,0,0,0
878,8273,879.236234845978,99649,452,301,235,114,82395,46609,1.2945839898042129,210,147,15919,21302,30181,21778,3002,6357,48960,38675,0,0,1233,234,2424,3630,24368,8763,4263,0,0,33347,20056,103,1228,0,0,0,0,0
879,8273,880.1712854155804,99647,441,300,237,114,82439,46644,1.295402771784399,221,133,16003,21391,30101,21723,2996,6338,48967,38682,0,0,1225,234,2421,3628,24390,8783,4256,0,0,33342,20040,102,1226,0,0,0,0,0
880,8273,881.1089794158805,99647,444,292,237,114,82492,46676,1.2962557829136854,218,127,16078,21460,30035,21689,2987,6317,48974,38689,0,0,1222,234,2417,3621,24404,8808,4246,0,0,33347,20022,102,1224,0,0,0,0,0
881,8273,882.0488142201948,99647,429,276,237,114,82539,46706,1.2970285106425683,212,126,16155,21532,29984,21650,2982,6301,48981,38696,0,0,1217,234,2412,3616,24434,8830,4240,0,0,33345,19994,102,1223,0,0,0,0,0
882,8273,883.3049519961437,99647,423,274,237,114,82611,46748,1.2981725490983171,202,103,16274,21637,29893,21589,2970,6282,48988,38703,0,0,1214,233,2405,3609,24478,8853,4230,0,0,33333,19970,100,1222,0,0,0,0,0
883,8273,884.2496391614845,99647,406,253,237,114,82660,46763,1.2988148163015445,206,129,16354,21701,29833,21540,2963,6262,48995,38710,0,0,1211,233,2402,3613,24508,8873,4212,0,0,33320,19954,100,1221,0,0,0,0,0
884,8273,885.196565160673,99647,398,259,237,114,82701,46800,1.299597579455478,205,116,16440,21776,29763,21490,2956,6244,49002,38716,0,0,1210,233,2400,3613,24523,8888,4197,0,0,33339,19924,100,1220,0,0,0,0,0
885,8273,886.1457978004523,99646,392,247,238,114,82746,46826,1.3003231439295104,205,120,16529,21843,29688,21447,2947,6228,49009,38722,0,0,1207,232,2400,3606,24540,8909,4190,0,0,33344,19900,99,1219,0,0,0,0,0
886,8273,887.0975618450827,99646,386,236,238,114,82794,46849,1.3010356662585554,196,121,16626,21916,29612,21399,2941,6213,49016,38728,0,0,1204,231,2397,3608,24557,8930,4179,0,0,33345,19880,99,1216,0,0,0,0,0
887,8273,888.0519806659437,99646,355,233,238,114,82830,46876,1.3016679043815105,196,121,16718,21985,29557,21345,2935,6201,49023,38734,0,0,1197,230,2396,3606,24578,8952,4174,0,0,33339,19860,98,1216,0,0,0,0,0
888,8273,889.008646010276,99646,343,224,238,114,82877,46897,1.3023503201332718,188,115,16802,22066,29499,21292,2929,6188,49030,38740,0,0,1190,229,2394,3606,24598,8970,4162,0,0,33341,19843,98,1215,0,0,0,0,0
889,8273,890.2877973056962,99646,341,224,238,114,82931,46936,1.3032836240290628,172,103,16930,22160,29396,21226,2922,6172,49037,38746,0,0,1186,229,2392,3604,24605,8999,4152,0,0,33346,19821,98,1214,0,0,0,0,0
890,8273,891.2502527629027,99646,340,211,238,114,82965,46958,1.3038456134716898,177,100,17014,22239,29310,21177,2920,6158,49044,38752,0,0,1184,229,2390,3598,24626,9014,4147,0,0,33343,19804,98,1213,0,0,0,0,0
891,8273,892.2153610480099,99646,329,218,238,114,83006,46986,1.3045380647492122,161,93,17111,22318,29242,21113,2918,6143,49051,38758,0,0,1180,229,2390,3596,24649,9029,4138,0,0,33334,19793,96,1212,0,0,0,0,0
892,8273,893.1832574800665,99645,308,217,238,115,83034,47008,1.3050529379296503,167,96,17215,22373,29156,21074,2915,6124,49058,38764,0,0,1172,228,2389,3595,24670,9041,4132,0,0,33330,19780,96,1212,0,0,0,0,0
893,8273,894.1540667806637,99645,319,220,238,115,83084,47034,1.305815645541673,154,92,17320,22454,29058,21009,2910,6109,49065,38770,0,0,1165,228,2383,3591,24699,9050,4130,0,0,33322,19769,96,1212,0,0,0,0,0
894,8273,895.1280750850001,99645,309,206,238,115,83113,47059,1.306357569371268,152,91,17385,22514,29009,20969,2906,6104,49072,38776,0,0,1162,228,2381,3583,24721,9062,4124,0,0,33335,19743,96,1210,0,0,0,0,0
895,8273,896.1041427044796,99645,305,202,238,115,83147,47082,1.306929600080285,148,90,17478,22593,28937,20917,2893,6082,49079,38782,0,0,1159,227,2378,3579,24734,9076,4117,0,0,33344,19725,96,1210,0,0,0,0,0
896,8273,897.0826730086271,99644,299,202,239,115,83186,47107,1.307585002609289,131,78,17562,22667,28880,20870,2888,6067,49086,38788,0,0,1157,227,2378,3572,24740,9101,4114,0,0,33340,19712,96,1207,0,0,0,0,0
897,8273,898.0634288919704,99644,295,197,239,115,83221,47133,1.3081971819678053,138,76,17639,22732,28814,20827,2874,6052,49093,38794,0,0,1154,226,2374,3569,24761,9116,4108,0,0,33338,19696,96,1206,0,0,0,0,0
898,8273,899.0465695822454,99644,273,188,239,115,83253,47154,1.3087290755088115,134,72,17725,22805,28757,20779,2871,6040,49100,38800,0,0,1151,226,2373,3559,24767,9146,4106,0,0,33338,19677,96,1205,0,0,0,0,0
899,8273,900.0319695247662,99644,277,176,239,115,83279,47165,1.3091003974147968,153,102,17772,22846,28697,20740,2861,6020,49100,38800,0,0,1149,225,2372,3558,24781,9153,4107,0,0,33334,19665,96,1204,0,0,0,0,0
900,8273,900.0319695247662,99644,280,177,239,115,83292,47173,1.3093111476857613,155,99,17795,22860,28673,20732,2857,6016,49100,38800,1,1,1149,225,2369,3558,24785,9156,4106,0,6,33329,19659,96,1204,0,1,1,0,0
901,8273,901.0199111859096,99644,286,177,239,115,83331,47196,1.3099333627714664,164,102,17871,22953,28598,20665,2841,5987,49100,38800,2,2,1146,225,2367,3561,24804,9161,4101,3,24,33308,19641,96,1203,0,2,2,0,0
902,8273,902.0101720913364,99644,280,192,239,115,83371,47228,1.3106559351290594,170,102,17958,23027,28521,20597,2831,5966,49100,38800,3,3,1145,225,2366,3560,24815,9181,4100,4,33,33280,19631,96,1203,0,2,2,0,1
903,8273,903.0031883158375,99644,275,187,239,115,83410,47251,1.3112781502147646,178,102,18041,23105,28446,20550,2820,5940,49100,38800,4,4,1144,225,2362,3563,24822,9202,4096,5,50,33255,19614,96,1203,0,3,3,0,1
904,8273,904.3309947630518,99644,267,192,239,115,83464,47283,1.3121412227530007,173,112,18164,23183,28354,20487,2802,5910,49100,38800,6,5,1143,225,2358,3558,24837,9228,4095,6,66,33224,19597,96,1202,0,4,3,0,2
905,8273,905.3299996218374,99644,278,198,239,115,83516,47314,1.3129741881096704,167,112,18246,23264,28278,20426,2791,5884,49100,38800,9,6,1142,225,2355,3559,24847,9246,4093,7,82,33198,19580,96,1202,0,6,3,0,3
906,8273,906.3314386142972,99644,277,207,239,115,83561,47352,1.3138071534663402,168,106,18323,23318,28208,20381,2784,5872,49100,38800,13,7,1142,225,2352,3562,24858,9264,4086,7,100,33175,19561,96,1199,0,10,3,0,4
907,8273,907.0002855046466,99644,276,208,239,115,83588,47369,1.314248725462647,171,109,18369,23368,28168,20334,2776,5865,49100,38800,18,8,1142,225,2351,3561,24873,9273,4084,7,108,33154,19551,96,1198,0,11,4,0,6
908,8273,908.0055033600712,99644,275,205,239,115,83630,47398,1.3149612620930513,173,108,18438,23447,28106,20278,2768,5846,49100,38800,25,9,1140,225,2348,3558,24886,9292,4082,9,124,33127,19535,95,1197,0,16,4,0,6
909,8273,909.0128349988695,99644,266,206,239,115,83669,47425,1.3156236200875115,166,112,18516,23498,28053,20231,2759,5837,49100,38800,33,10,1137,225,2347,3556,24910,9305,4078,12,141,33096,19515,95,1195,1,18,4,0,9
910,8273,910.0222256541755,99643,277,212,239,116,83722,47463,1.316550083799163,145,108,18614,23577,27982,20172,2742,5814,49100,38800,43,11,1133,225,2345,3557,24935,9317,4074,16,158,33063,19492,95,1193,1,21,4,0,14
911,8273,911.03434672645,99643,272,196,239,116,83751,47486,1.3170719468502554,155,112,18716,23651,27881,20126,2736,5798,49100,38800,55,12,1130,225,2344,3556,24945,9334,4070,19,180,33038,19467,95,1192,1,26,4,1,16
912,8273,912.0500564307832,99643,262,187,239,116,83792,47505,1.3176740965245928,151,120,18807,23726,27809,20062,2731,5788,49100,38800,69,13,1127,223,2342,3557,24954,9354,4065,22,199,33007,19445,95,1192,1,35,5,1,19
913,8273,913.0688517487187,99643,256,196,239,116,83831,47537,1.3183866403058921,149,115,18897,23807,27734,19997,2724,5768,49100,38800,85,14,1125,222,2341,3560,24961,9372,4061,24,215,32980,19423,95,1190,1,42,5,1,25
914,8273,914.0903061967725,99643,271,194,239,116,83877,47565,1.319129291570908,156,113,18971,23855,27647,19955,2715,5766,49100,38800,104,15,1124,222,2341,3558,24975,9387,4060,25,228,32951,19400,95,1188,1,47,5,1,35
915,8273,915.1145266676122,99643,267,189,239,116,83914,47588,1.3197314412452454,158,118,19042,23905,27584,19907,2709,5764,49100,38800,125,17,1120,222,2340,3559,24979,9405,4054,29,244,32922,19378,95,1188,1,60,5,1,41
916,8273,916.1412553311541,99643,272,197,239,116,83952,47619,1.3204239133707336,157,107,19109,23974,27516,19843,2706,5762,49100,38800,149,19,1118,222,2339,3559,24974,9427,4048,31,257,32901,19356,95,1188,1,70,6,1,50
917,8273,917.1706840783934,99643,265,201,239,116,83995,47653,1.3211966721194666,155,100,19214,24030,27434,19787,2692,5765,49100,38800,176,21,1117,222,2338,3561,24975,9457,4042,32,272,32863,19330,95,1188,1,82,6,1,61
918,8273,918.2031261801104,99643,270,197,239,116,84032,47680,1.3218389651054263,172,105,19295,24084,27341,19737,2682,5760,49100,38800,206,23,1117,222,2334,3560,24980,9482,4042,32,289,32832,19300,95,1184,2,91,6,1,74
919,8273,919.2386990654933,99643,285,189,239,116,84089,47703,1.3226418313378763,162,106,19358,24160,27279,19658,2676,5770,49100,38800,240,26,1116,222,2328,3559,24980,9511,4039,33,306,32799,19273,95,1182,2,105,8,1,84
920,8273,920.2767881199591,99643,283,192,239,116,84137,47738,1.323474805054043,156,86,19430,24225,27226,19597,2665,5783,49100,38800,277,29,1116,221,2324,3559,24996,9537,4032,33,321,32757,19247,95,1179,3,117,10,1,95
921,8273,921.3169753850575,99642,279,196,240,116,84181,47762,1.324170530499187,159,87,19490,24285,27170,19512,2661,5803,49100,38800,318,32,1116,221,2321,3560,25006,9557,4026,33,331,32716,19226,95,1176,5,137,10,1,105
922,8273,922.0115557101303,99642,278,190,240,116,84211,47774,1.324592039501415,159,92,19551,24315,27116,19467,2655,5819,49100,38800,363,36,1115,221,2318,3559,25004,9580,4025,34,341,32684,19195,95,1175,5,153,11,1,126
923,8273,923.0559650171385,99642,283,186,240,116,84258,47797,1.3252945545051285,156,93,19641,24358,27035,19413,2644,5833,49100,38800,412,40,1114,220,2315,3563,25005,9608,4019,35,357,32643,19163,94,1174,5,171,13,1,142
924,8273,924.1034853164335,99642,280,190,240,116,84296,47820,1.3259067461512213,163,99,19710,24407,26973,19333,2633,5854,49100,38800,465,45,1111,219,2310,3559,25011,9631,4018,38,371,32600,19130,94,1172,6,194,16,1,161
925,8273,925.1534069226486,99640,301,198,241,117,84345,47851,1.3267362505018065,161,92,19792,24462,26876,19243,2628,5887,49100,38800,522,50,1111,219,2310,3559,25018,9649,4015,38,384,32545,19101,94,1169,8,226,16,2,176
926,8273,926.2065487159031,99639,292,195,242,117,84385,47870,1.3273417035498147,163,102,19874,24511,26809,19158,2619,5916,49100,38800,584,56,1111,218,2308,3561,25016,9680,4010,38,397,32491,19066,94,1168,8,257,16,3,197
927,8273,927.2627585290131,99639,303,199,242,117,84436,47900,1.328154638244061,168,97,19948,24552,26723,19084,2615,5950,49100,38800,650,62,1111,218,2306,3565,25021,9702,4005,38,417,32436,19019,94,1168,8,286,18,4,223
928,8273,928.3220278445235,99639,296,188,242,117,84466,47926,1.3287166671684782,193,103,20043,24570,26623,19027,2602,5994,49100,38800,721,69,1111,218,2298,3567,25017,9734,4001,38,441,32384,18975,94,1168,8,315,23,4,243
929,8273,929.0303463398272,99638,310,191,243,117,84514,47947,1.3294225094843333,179,98,20076,24586,26587,18962,2604,6045,49100,38800,797,77,1111,218,2295,3565,25018,9758,3998,38,448,32330,18939,94,1168,8,350,25,6,269
930,8273,930.0949151995598,99638,292,189,243,117,84558,47972,1.3301150163592204,177,105,20157,24604,26527,18890,2603,6094,49100,38800,878,86,1110,218,2291,3570,25014,9793,3991,39,471,32259,18889,94,1168,8,395,26,7,295
931,8273,931.1619587815836,99638,305,182,243,117,84611,47999,1.3309179228808286,173,106,20213,24638,26466,18818,2599,6138,49100,38800,964,95,1110,217,2287,3571,25011,9825,3988,39,493,32205,18833,94,1167,8,427,28,8,327
932,8273,932.2315445084698,99638,296,181,243,117,84646,48029,1.3315702844296353,185,112,20290,24650,26394,18746,2591,6193,49100,38800,1055,105,1108,217,2284,3567,25016,9854,3987,41,514,32139,18773,94,1161,9,471,29,8,366
933,8273,933.303918374623,99637,296,179,243,118,84690,48054,1.3322761624697652,185,112,20368,24654,26314,18676,2593,6260,49100,38800,1151,116,1106,217,2281,3565,25013,9888,3986,43,528,32072,18720,93,1159,11,513,31,9,402
934,8273,934.020457322854,99637,296,179,243,118,84721,48068,1.3327278019209732,183,124,20408,24659,26271,18603,2598,6316,49100,38800,1252,128,1105,217,2272,3564,24995,9924,3985,44,539,32024,18668,93,1157,13,546,39,10,442
935,8273,935.0978478726709,99637,313,183,243,118,84784,48100,1.3336812629846342,158,125,20483,24678,26202,18508,2600,6387,49100,38800,1359,141,1103,217,2267,3565,24989,9962,3981,46,557,31947,18617,93,1154,14,596,44,11,474
936,8273,936.1780918534143,99637,308,186,243,118,84828,48137,1.3344942139968083,171,116,20563,24708,26113,18409,2601,6462,49100,38800,1471,155,1101,217,2259,3563,24976,10009,3977,48,568,31876,18567,93,1150,16,643,50,14,510
937,8273,937.2618967833077,99637,294,186,243,118,84870,48169,1.335236909983239,179,114,20648,24729,26035,18313,2600,6539,49100,38800,1589,170,1098,217,2253,3562,24966,10062,3970,51,581,31797,18515,93,1146,18,693,52,15,548
938,8273,938.3489745329847,99637,293,186,243,118,84917,48197,1.3359896424019189,179,114,20720,24767,25959,18209,2605,6605,49100,38800,1712,186,1096,217,2246,3560,24949,10111,3967,53,594,31731,18460,93,1139,21,739,57,15,589
939,8273,939.0753852247519,99637,302,184,243,118,84945,48214,1.3364412818531268,192,108,20777,24749,25876,18138,2609,6702,49100,38800,1841,203,1096,217,2244,3560,24934,10147,3965,53,596,31654,18410,92,1138,22,798,59,15,637
940,8273,940.1688617660486,99637,319,192,243,118,85005,48246,1.3373646336200407,185,107,20857,24767,25785,18019,2610,6796,49100,38800,1975,221,1096,217,2242,3558,24918,10195,3961,53,605,31562,18357,92,1134,24,866,61,16,680
941,8273,941.2661619603638,99637,334,181,243,118,85059,48270,1.3381474753354679,179,120,20937,24757,25689,17933,2617,6890,49100,38800,2115,241,1094,217,2236,3559,24905,10241,3956,55,625,31476,18291,91,1130,26,927,66,16,726
942,8273,942.3669927056881,99637,332,198,243,118,85106,48305,1.338970462779891,186,112,20975,24752,25635,17828,2628,6991,49100,38800,2261,262,1094,217,2229,3565,24878,10294,3949,55,634,31385,18230,91,1129,27,996,70,18,776
943,8273,943.1021808273899,99636,316,191,244,118,85129,48322,1.3393853627203018,199,116,21005,24700,25593,17763,2642,7111,49100,38800,2412,284,1093,217,2222,3564,24860,10342,3946,56,643,31289,18174,91,1126,28,1068,76,20,821
944,8273,944.2075021633792,99635,320,195,244,119,85179,48359,1.3402719927736237,201,120,21074,24687,25501,17657,2659,7221,49100,38800,2569,308,1091,217,2217,3564,24826,10405,3943,58,665,31196,18103,91,1124,30,1135,81,20,869
945,8273,945.3162561676804,99634,314,196,245,119,85230,48396,1.3411686773591345,197,118,21155,24656,25423,17569,2665,7341,49100,38800,2732,333,1089,217,2214,3560,24806,10465,3938,60,689,31094,18027,91,1118,35,1207,83,22,919
946,8273,946.0574205392811,99634,320,195,245,119,85272,48415,1.3417809181604674,187,118,21194,24624,25366,17467,2687,7476,49100,38800,2900,360,1087,217,2204,3566,24769,10524,3930,62,694,30996,17975,91,1116,37,1285,93,23,965
947,8273,947.1723031579337,99634,322,208,245,119,85325,48450,1.3426641507918984,189,116,21252,24590,25280,17360,2711,7606,49100,38800,3074,389,1086,217,2194,3562,24744,10584,3928,63,710,30890,17901,91,1112,39,1369,98,25,1021
948,8273,948.291006580878,99634,315,202,245,119,85374,48477,1.3434269426099523,188,135,21315,24566,25208,17248,2728,7729,49100,38800,3253,419,1083,215,2186,3562,24731,10636,3921,66,724,30769,17832,90,1110,40,1466,103,29,1071
949,8273,949.0384389142725,99634,320,216,245,119,85411,48510,1.344129514021318,183,132,21343,24505,25162,17151,2746,7876,49100,38800,3438,451,1083,215,2181,3563,24695,10697,3918,66,731,30661,17772,89,1105,45,1554,106,31,1122
950,8273,950.1626519998515,99634,304,211,245,119,85444,48536,1.3447216813537548,201,141,21413,24471,25071,17037,2765,8020,49100,38800,3628,485,1081,214,2176,3562,24666,10764,3913,68,740,30551,17695,89,1097,51,1638,109,35,1185
951,8273,951.2905327637965,99634,310,202,245,119,85502,48572,1.3456651343918742,191,129,21464,24451,25007,16938,2782,8160,49100,38800,3823,520,1080,213,2165,3562,24640,10828,3910,69,762,30418,17608,89,1094,53,1744,114,38,1247
952,8273,952.044098334258,99634,340,202,245,119,85559,48592,1.3464379629443763,172,130,21510,24390,24926,16834,2806,8324,49100,38800,4023,557,1079,213,2155,3562,24606,10882,3909,70,772,30314,17524,88,1090,56,1831,124,40,1319
953,8273,953.1785166254009,99634,341,194,245,119,85611,48619,1.3472308649657747,175,139,21567,24357,24846,16733,2825,8457,49100,38800,4228,596,1073,212,2147,3567,24559,10955,3904,76,785,30209,17420,87,1085,61,1915,129,46,1404
954,8273,954.3168150596476,99634,341,195,245,119,85666,48650,1.3480940241283097,184,131,21620,24334,24758,16615,2851,8605,49100,38800,4438,637,1072,212,2134,3571,24522,11024,3895,77,801,30078,17336,87,1081,63,2024,139,50,1468
955,8273,955.0778023900046,99634,334,195,245,119,85704,48674,1.3487163016640906,182,131,21633,24304,24726,16500,2879,8750,49100,38800,4653,680,1071,211,2124,3572,24476,11095,3893,78,808,29950,17253,87,1077,67,2130,148,59,1535
956,8273,956.2214931571808,99633,329,201,245,120,85746,48715,1.3495628958276875,202,131,21678,24252,24635,16384,2910,8911,49100,38800,4873,725,1069,211,2112,3569,24440,11170,3891,80,820,29828,17160,87,1070,72,2221,158,64,1611
957,8273,957.368910432664,99633,322,198,245,120,85800,48749,1.3504461373239791,205,129,21728,24207,24556,16257,2943,9088,49100,38800,5097,773,1067,211,2103,3568,24387,11257,3888,82,842,29708,17052,87,1061,78,2317,166,71,1688
958,8273,958.1360523719802,99633,313,208,245,120,85828,48781,1.3510483474350867,223,121,21741,24115,24500,16171,2977,9264,49100,38800,5325,823,1067,211,2097,3567,24347,11323,3883,82,856,29584,16951,87,1058,81,2422,171,75,1771
959,8273,959.2898069431773,99632,322,216,245,121,85892,48817,1.3520656014132006,210,121,21790,24053,24417,16057,3015,9431,49100,38800,5558,875,1067,210,2092,3568,24299,11399,3878,82,869,29450,16851,87,1051,86,2534,176,79,1854
960,8273,960.0611100748108,99631,334,229,246,121,85932,48849,1.352801838785117,207,111,21823,23961,24330,15951,3059,9626,49100,38800,5795,929,1066,209,2083,3567,24248,11468,3877,83,878,29314,16754,87,1049,87,2658,184,81,1938
961,8273,961.2227697691679,99631,330,235,246,121,85982,48883,1.3536449498650018,220,105,21894,23914,24215,15817,3094,9807,49100,38800,6035,986,1062,208,2068,3569,24189,11558,3872,87,896,29179,16663,86,1048,88,2772,195,84,2007
962,8273,962.0001310276295,99631,359,231,246,121,86039,48900,1.3543876905782337,196,101,21921,23835,24130,15699,3147,10012,49100,38800,6279,1045,1060,208,2058,3573,24126,11640,3868,89,903,29042,16568,86,1044,90,2892,205,89,2090
963,8273,963.1711586377161,99631,343,231,246,121,86091,48933,1.3552408386947838,196,101,21981,23772,24047,15576,3186,10198,49100,38800,6527,1106,1059,207,2051,3573,24071,11735,3863,90,919,28873,16477,86,1039,95,3028,211,95,2159
964,8273,964.3465964995041,99631,353,215,246,121,86155,48954,1.3560939868113338,190,108,22043,23724,23940,15469,3227,10362,49100,38800,6778,1170,1056,207,2038,3577,24030,11816,3856,93,940,28720,16361,86,1030,103,3151,219,97,2251
965,8273,965.1330664602565,99631,345,207,246,121,86186,48973,1.3565958386445987,195,107,22071,23645,23862,15353,3280,10566,49100,38800,7032,1236,1055,207,2028,3572,23974,11902,3856,94,954,28573,16255,86,1025,108,3275,227,99,2341
966,8273,966.3175502074655,99631,371,198,246,121,86258,49003,1.3576196163844587,171,108,22119,23595,23769,15218,3323,10759,49100,38800,7289,1305,1053,207,2018,3579,23898,12010,3848,96,967,28430,16156,85,1021,110,3393,234,106,2420
967,8273,967.1098441740631,99631,356,213,246,121,86295,49034,1.3583021348776987,175,98,22163,23500,23683,15096,3376,10971,49100,38800,7549,1377,1051,207,2010,3575,23842,12097,3846,98,970,28281,16060,85,1017,113,3521,240,114,2504
968,8273,968.3034287413193,99631,355,211,246,121,86342,49062,1.359054912627596,200,101,22196,23426,23584,14969,3418,11171,49100,38800,7811,1451,1050,206,2004,3574,23782,12187,3842,99,985,28124,15954,85,1014,116,3655,245,118,2591
969,8273,969.101799649467,99631,351,201,246,121,86371,49079,1.3595166163141994,212,113,22232,23325,23474,14867,3484,11372,49100,38800,8076,1528,1049,206,1987,3575,23703,12282,3841,100,997,27983,15847,84,1008,119,3784,262,122,2682
970,8273,970.3053669949264,99631,349,201,246,121,86429,49120,1.3605102829440636,216,101,22281,23278,23370,14747,3537,11551,49100,38800,8343,1608,1049,204,1977,3577,23656,12370,3836,100,1013,27818,15732,84,999,126,3920,269,129,2772
971,8273,971.1109820889915,99631,371,206,246,121,86486,49147,1.3613533940239484,198,99,22294,23182,23293,14633,3597,11758,49100,38800,8612,1690,1047,204,1964,3574,23591,12465,3834,102,1016,27663,15631,84,996,128,4052,281,135,2864
972,8273,972.3237390284729,99631,378,208,246,121,86559,49185,1.3624675050937962,188,90,22313,23136,23210,14490,3664,11954,49100,38800,8882,1775,1047,204,1952,3581,23508,12585,3824,102,1027,27506,15527,84,991,132,4182,287,144,2948
973,8273,973.1347805402745,99631,374,208,246,121,86593,49207,1.3630295791470526,180,92,22323,23052,23139,14368,3737,12158,49100,38800,9154,1863,1046,204,1940,3585,23438,12681,3819,101,1032,27350,15420,84,984,137,4318,298,151,3043
974,8273,974.3562280001804,99631,368,208,246,121,86641,49236,1.3638024309702803,196,103,22364,22989,23021,14233,3804,12345,49100,38800,9427,1954,1044,204,1936,3587,23352,12798,3814,103,1043,27202,15302,84,980,140,4440,301,161,3140
975,8273,975.1737610087445,99631,353,210,246,121,86668,49261,1.3643243568768757,210,102,22358,22895,22954,14119,3878,12552,49100,38800,9701,2047,1042,204,1923,3581,23284,12897,3813,105,1051,27034,15203,84,975,144,4588,312,164,3227
976,8273,976.4046213935229,99631,359,199,246,121,86741,49292,1.3653682086900663,197,116,22378,22843,22867,13990,3952,12730,49100,38800,9976,2143,1040,203,1915,3583,23209,13012,3805,107,1078,26859,15084,84,969,150,4733,317,169,3314
977,8273,977.228009480492,99631,366,195,246,121,86787,49314,1.3660507271833064,194,113,22369,22758,22783,13870,4041,12942,49100,38800,10252,2242,1040,203,1907,3584,23135,13115,3802,107,1083,26685,14983,84,965,152,4884,323,178,3401
978,8273,978.0541196167183,99631,374,199,246,121,86836,49344,1.3668436530798647,183,111,22380,22649,22697,13764,4119,13155,49100,38800,10529,2344,1038,203,1896,3582,23067,13209,3798,109,1088,26530,14867,83,962,155,5020,334,190,3500
979,8273,979.2989427333215,99631,364,191,246,121,86891,49376,1.3677168752697453,201,114,22412,22602,22579,13634,4197,13337,49100,38800,10806,2449,1034,203,1882,3578,22987,13335,3794,113,1101,26341,14777,83,956,160,5173,347,199,3568
980,8273,980.1323301280911,99631,350,184,246,121,86927,49390,1.3682187271030102,211,120,22411,22517,22502,13518,4279,13539,49100,38800,11083,2556,1030,203,1867,3575,22894,13459,3789,117,1103,26199,14667,83,948,166,5295,362,207,3667
981,8273,981.3882601018532,99631,362,182,246,121,86998,49421,1.3692425048428702,195,114,22471,22464,22365,13383,4360,13735,49100,38800,11360,2666,1028,203,1858,3572,22815,13582,3784,119,1105,26025,14566,83,939,172,5442,367,217,3754
982,8273,982.2268043944846,99631,342,195,246,121,87039,49448,1.3699250233361102,193,114,22461,22366,22306,13267,4451,13936,49100,38800,11637,2779,1025,202,1848,3572,22741,13685,3779,122,1109,25859,14450,81,935,174,5590,376,224,3859
983,8273,983.0655228252314,99631,340,183,246,121,87080,49464,1.3704971344260322,192,115,22466,22280,22211,13150,4544,14150,49100,38800,11914,2895,1024,202,1836,3571,22668,13792,3775,123,1120,25684,14336,81,929,180,5741,384,229,3956
984,8273,984.3235985901056,99631,332,183,246,121,87136,49500,1.3714205417992391,198,122,22517,22195,22071,13028,4635,14350,49100,38800,12190,3014,1022,202,1829,3573,22570,13923,3770,125,1132,25512,14227,81,923,185,5886,391,239,4041
985,8273,985.160657134453,99631,337,196,246,121,87179,49526,1.3721130973291444,194,119,22513,22108,21977,12888,4732,14567,49100,38800,12466,3135,1021,202,1819,3574,22477,14040,3766,126,1131,25355,14124,81,917,190,6025,400,248,4135
986,8273,986.4158398569182,99631,337,198,246,121,87247,49558,1.373116800995674,185,121,22521,22091,21885,12745,4825,14723,49100,38800,12741,3259,1018,201,1806,3580,22408,14151,3758,129,1136,25174,14010,81,909,197,6173,410,262,4228
987,8273,987.2522868891393,99631,335,200,246,121,87282,49588,1.3737692083789181,186,111,22531,22004,21781,12629,4920,14934,49100,38800,13015,3386,1017,201,1796,3580,22313,14272,3755,130,1136,25000,13910,81,906,200,6325,420,276,4313
988,8273,988.088820994184,99631,330,195,246,121,87322,49607,1.3743613935421706,183,105,22522,21914,21687,12536,5031,15128,49100,38800,13288,3516,1015,201,1781,3579,22227,14391,3751,132,1141,24827,13807,81,900,205,6473,433,283,4404
989,8273,989.3435627098095,99631,317,187,246,121,87374,49639,1.3752045046220553,200,107,22530,21881,21573,12407,5133,15296,49100,38800,13560,3648,1011,201,1769,3580,22133,14522,3744,136,1160,24662,13687,80,892,212,6611,443,297,4491
990,8273,990.1799477851547,99631,322,181,246,121,87420,49660,1.3758769860786302,196,110,22522,21802,21463,12291,5250,15494,49100,38800,13830,3783,1010,200,1757,3576,22057,14634,3743,137,1166,24473,13595,79,888,216,6776,451,303,4570
991,8273,991.0167016019764,99631,340,170,246,121,87470,49671,1.376489245315213,190,122,22508,21717,21356,12179,5359,15690,49100,38800,14099,3921,1006,200,1747,3571,21956,14753,3742,141,1173,24312,13490,79,882,220,6927,461,309,4662
992,8273,992.2720806927124,99631,342,158,246,121,87530,49692,1.377302245285102,198,136,22500,21668,21257,12066,5456,15850,49100,38800,14366,4061,1002,200,1730,3571,21864,14885,3736,145,1181,24157,13371,79,876,224,7052,476,319,4763
993,8273,993.1088786976376,99631,322,164,246,121,87555,49717,1.3778040971183667,211,135,22491,21599,21154,11944,5575,16036,49100,38800,14632,4204,1002,199,1719,3578,21765,15005,3728,145,1179,24005,13261,79,870,229,7190,484,332,4861
994,8273,994.365135449333,99631,331,181,246,121,87629,49767,1.3790486896648633,196,115,22523,21563,21016,11827,5687,16192,49100,38800,14896,4349,997,199,1706,3573,21694,15121,3722,150,1187,23820,13161,79,862,234,7347,494,340,4945
995,8273,995.2019172199269,99631,328,186,246,121,87667,49794,1.3797010970481076,195,102,22515,21479,20915,11718,5800,16393,49100,38800,15158,4497,996,199,1694,3570,21616,15230,3716,151,1188,23649,13062,79,855,241,7499,503,350,5033
996,8273,996.0389021890395,99631,315,187,246,121,87699,49815,1.3802330599913681,213,97,22479,21410,20817,11590,5929,16594,49100,38800,15418,4647,995,199,1684,3577,21489,15375,3708,152,1188,23496,12969,79,849,246,7638,511,362,5114
997,8273,997.2958463153402,99630,322,187,247,121,87761,49845,1.3811703302218208,198,91,22493,21372,20698,11458,6041,16770,49100,38800,15676,4799,994,199,1671,3573,21395,15505,3705,152,1194,23319,12863,79,842,253,7787,523,374,5202
998,8273,998.1335952979637,99630,308,178,247,121,87799,49862,1.3817223727792833,187,95,22481,21288,20608,11376,6168,16941,49100,38800,15932,4954,992,199,1659,3574,21309,15628,3701,154,1205,23155,12751,79,836,259,7917,535,379,5298
999,8273,999.3910069776869,99630,321,179,247,121,87865,49895,1.382716049382716,183,94,22504,21218,20461,11273,6283,17114,49100,38800,16185,5111,987,198,1653,3575,21213,15758,3697,159,1215,22991,12643,79,830,265,8055,537,393,5382
1000,8273,1000.2287194841921,99630,304,188,247,121,87899,49915,1.3832580548027702,193,93,22475,21139,20370,11166,6410,17292,49100,38800,16436,5270,986,198,1640,3580,21120,15874,3686,160,1220,22828,12542,79,828,267,8202,549,399,5472
1001,8273,1001.0670765252488,99630,302,179,247,121,87942,49928,1.3838201344976413,191,106,22462,21059,20250,11069,6547,17465,49100,38800,16685,5431,982,198,1631,3581,21029,15993,3682,164,1218,22668,12442,79,821,274,8340,556,408,5564
1002,8273,1002.3253628328977,99630,319,190,247,121,88006,49967,1.3848539596507077,183,89,22464,21018,20123,10983,6663,17598,49100,38800,16931,5594,981,198,1618,3583,20923,16125,3676,165,1213,22508,12347,79,813,282,8478,569,423,5649
1003,8273,1003.1640960955832,99630,314,193,247,121,88043,49989,1.385446150757804,175,86,22446,20937,20014,10896,6803,17766,49100,38800,17175,5759,980,198,1608,3584,20839,16238,3674,166,1217,22337,12242,78,805,290,8624,577,431,5742
1004,8273,1004.003653192512,99630,316,183,247,121,88079,50004,1.3859580447656328,177,92,22396,20882,19926,10792,6937,17929,49100,38800,17416,5926,980,198,1594,3582,20736,16360,3672,166,1221,22198,12137,78,796,299,8754,588,437,5834
1005,8273,1005.2653696695497,99630,304,183,247,121,88125,50039,1.3867710528957142,185,92,22380,20836,19829,10693,7054,18074,49100,38800,17654,6094,977,197,1584,3584,20632,16498,3666,169,1232,22015,12037,78,793,301,8910,597,452,5908
1006,8273,1006.1072436359962,99630,312,180,247,121,88169,50060,1.387423466827261,172,95,22347,20735,19722,10621,7199,18247,49100,38800,17890,6264,974,197,1576,3581,20542,16617,3664,172,1236,21842,11953,78,789,305,9061,605,455,5983
1007,8273,1007.3719706305495,99630,315,185,247,121,88222,50088,1.3882364749573421,176,102,22361,20692,19580,10525,7320,18374,49100,38800,18123,6436,973,197,1569,3576,20427,16761,3661,173,1242,21700,11855,78,784,308,9186,611,463,6066
1008,8273,1008.2145547755885,99630,327,186,247,121,88268,50111,1.3889290374385226,171,96,22319,20629,19470,10439,7465,18528,49100,38800,18353,6609,971,197,1552,3577,20345,16870,3658,175,1247,21534,11751,78,779,313,9328,627,474,6154
1009,8273,1009.0584575877281,99630,326,182,247,121,88303,50130,1.3894710428585768,173,103,22279,20556,19358,10360,7616,18677,49100,38800,18580,6784,969,197,1541,3574,20262,16980,3655,177,1249,21368,11665,78,769,323,9477,636,485,6225
1010,8273,1010.3268818605696,99630,319,176,247,121,88368,50162,1.3904446451871926,173,95,22267,20537,19246,10271,7747,18799,49100,38800,18805,6960,967,197,1520,3574,20175,17114,3649,179,1254,21204,11570,78,765,327,9608,649,495,6305
1011,8273,1011.1729798464315,99630,314,174,247,121,88409,50183,1.391066947706514,180,94,22208,20473,19153,10190,7897,18947,49100,38800,19027,7137,965,196,1512,3573,20069,17247,3645,181,1258,21049,11482,78,760,331,9743,657,503,6381
1012,8273,1012.0209949421355,99630,325,169,247,121,88451,50200,1.3916591388136104,173,99,22176,20420,19045,10111,8033,19079,49100,38800,19246,7315,964,195,1497,3576,19967,17372,3643,181,1258,20889,11394,78,757,332,9883,672,513,6459
1013,8273,1013.2957039055389,99630,324,165,247,121,88505,50223,1.392431998394058,162,106,22156,20387,18935,10027,8175,19193,49100,38800,19462,7494,962,195,1488,3576,19856,17516,3639,183,1263,20722,11310,78,752,336,10024,680,523,6527
1014,8273,1014.1459621828831,99630,321,161,247,121,88538,50243,1.3929639666767037,166,110,22124,20340,18823,9941,8318,19326,49100,38800,19675,7674,962,195,1469,3575,19752,17648,3636,183,1264,20575,11228,78,750,338,10148,699,536,6594
1015,8273,1015.4238700448694,99630,307,167,247,121,88592,50279,1.3938673090434608,159,95,22108,20319,18721,9866,8457,19431,49100,38800,19885,7855,959,195,1458,3574,19657,17779,3631,186,1275,20421,11120,78,742,343,10277,708,546,6681
1016,8273,1016.2765316828561,99630,322,168,247,121,88635,50298,1.3944896115627823,148,91,22071,20245,18613,9812,8598,19562,49100,38800,20092,8037,959,195,1445,3572,19533,17922,3629,186,1277,20302,11031,78,733,351,10385,719,555,6758
1017,8273,1017.1303335408405,99630,319,164,247,121,88670,50313,1.3949914684332028,152,97,22026,20199,18519,9732,8736,19686,49100,38800,20296,8220,959,194,1434,3575,19424,18051,3623,186,1282,20169,10945,78,727,357,10503,729,564,6830
1018,8273,1018.4134338989655,99630,315,165,247,121,88717,50340,1.3957342166014253,164,97,22013,20208,18391,9647,8869,19761,49100,38800,20498,8404,958,194,1420,3577,19320,18185,3616,187,1280,20022,10859,78,724,360,10627,741,580,6902
1019,8273,1019.2694438337832,99630,328,169,247,121,88761,50358,1.3963565191207468,160,101,21975,20158,18271,9568,9018,19882,49100,38800,20697,8588,957,194,1409,3578,19207,18314,3613,188,1284,19880,10779,78,719,364,10757,751,587,6971
1020,8273,1020.1267298097083,99630,333,161,247,121,88798,50370,1.396848338853759,159,106,21954,20137,18139,9475,9167,19999,49100,38800,20893,8773,956,194,1401,3578,19086,18457,3609,189,1282,19742,10702,78,714,366,10882,757,597,7040
1021,8273,1021.4142216981919,99628,330,178,249,121,88855,50407,1.3978198899907657,166,107,21932,20123,18042,9381,9280,20089,49100,38800,21086,8958,955,194,1388,3576,19000,18576,3605,189,1282,19591,10611,78,710,368,11011,769,606,7119
1022,8273,1022.2727387315047,99627,322,185,250,121,88889,50434,1.3984462043421964,166,93,21904,20071,17927,9327,9430,20202,49100,38800,21276,9143,955,193,1380,3576,18906,18694,3599,189,1285,19443,10531,78,709,369,11142,776,619,7183
1023,8273,1023.1330435542147,99627,326,182,250,121,88928,50453,1.3990283758418902,158,96,21862,20046,17818,9250,9585,20304,49100,38800,21463,9329,954,193,1372,3570,18820,18804,3598,190,1294,19286,10452,78,703,374,11284,783,629,7243
1024,8273,1024.425688711838,99627,307,184,250,121,88966,50484,1.3997209591777329,173,82,21852,20060,17699,9162,9718,20390,49100,38800,21647,9515,954,192,1357,3568,18722,18938,3596,190,1300,19138,10368,78,701,375,11406,795,644,7305
1025,8273,1025.2878916442226,99627,305,189,250,121,89003,50508,1.4003332429963764,167,80,21849,20024,17574,9092,9854,20493,49100,38800,21828,9701,953,192,1344,3567,18633,19050,3593,191,1297,19002,10295,78,696,379,11529,804,659,7365
1026,8273,1026.1507153423336,99627,304,185,250,121,89045,50523,1.4009053770564204,165,84,21792,20023,17483,9007,10005,20579,49100,38800,22007,9887,953,192,1337,3566,18534,19180,3592,191,1295,18850,10230,76,694,380,11656,811,669,7421
1027,8273,1027.014964844261,99627,294,170,250,121,89083,50540,1.4014574362371646,159,84,21758,19996,17387,8959,10151,20669,49100,38800,22183,10073,951,192,1329,3571,18430,19312,3584,193,1301,18716,10139,76,690,384,11768,817,676,7498
1028,8273,1028.3144829319388,99627,296,159,250,121,89127,50557,1.402069720055808,177,88,21740,20007,17244,8894,10292,20730,49100,38800,22356,10258,946,192,1320,3575,18340,19427,3579,198,1307,18568,10060,76,682,391,11895,825,688,7558
1029,8273,1029.1812237131646,99627,298,153,250,121,89169,50574,1.4026619289951519,166,85,21689,19993,17160,8811,10436,20836,49100,38800,22526,10443,945,190,1312,3576,18235,19556,3576,199,1305,18436,9991,76,679,394,12008,833,700,7616
1030,8273,1030.049964683715,99627,296,150,250,121,89201,50588,1.403123651219047,169,93,21652,19946,17054,8746,10578,20943,49100,38800,22694,10628,945,189,1300,3578,18141,19673,3573,199,1308,18296,9921,76,671,402,12128,844,706,7677
1031,8273,1031.3557220908106,99627,314,143,250,121,89273,50613,1.4040972828650868,153,93,21639,19949,16937,8676,10706,21017,49100,38800,22859,10812,944,189,1292,3580,18053,19794,3568,198,1308,18151,9847,75,662,409,12251,850,722,7734
1032,8273,1032.2266942037647,99627,315,148,250,121,89308,50632,1.4046393046061811,152,98,21603,19933,16824,8602,10855,21097,49100,38800,23021,10996,942,189,1285,3584,17944,19922,3562,200,1302,18022,9788,75,660,411,12366,856,731,7788
1033,8273,1033.098954017282,99626,305,142,251,121,89346,50650,1.4052155059924116,151,96,21556,19915,16737,8551,10999,21174,49100,38800,23181,11179,939,189,1276,3583,17851,20038,3556,203,1301,17902,9719,75,655,416,12472,863,742,7846
1034,8273,1034.4101847577726,99626,305,145,251,121,89397,50680,1.4060285467649007,146,106,21558,19938,16630,8484,11109,21205,49100,38800,23338,11362,935,189,1264,3582,17771,20146,3551,207,1299,17777,9640,75,651,419,12577,875,759,7909
1035,8273,1035.2846102445656,99626,294,143,251,121,89421,50699,1.406460161002148,163,108,21524,19914,16521,8443,11246,21270,49100,38800,23492,11544,934,189,1254,3584,17692,20244,3548,207,1298,17644,9567,75,644,425,12696,883,773,7969
1036,8273,1036.1603874229093,99626,314,139,251,121,89468,50716,1.4071025635878185,161,110,21466,19883,16427,8401,11380,21345,49100,38800,23644,11725,934,189,1242,3584,17599,20362,3546,207,1294,17532,9497,75,641,426,12793,889,784,8032
1037,8273,1037.0380728057646,99626,318,151,251,121,89502,50748,1.407765041254291,172,97,21427,19860,16328,8352,11503,21418,49100,38800,23793,11905,932,189,1238,3586,17516,20463,3541,209,1291,17410,9431,74,633,432,12905,893,795,8088
1038,8273,1038.3571325990013,99626,318,152,251,121,89560,50779,1.408658382349989,168,97,21436,19879,16207,8300,11619,21450,49100,38800,23940,12084,930,189,1230,3578,17431,20595,3537,211,1288,17297,9371,74,629,432,12992,899,811,8132
1039,8273,1039.2363717210385,99626,314,152,251,121,89597,50802,1.409260634774055,161,86,21422,19876,16100,8235,11751,21529,49100,38800,24084,12262,930,189,1228,3581,17349,20709,3532,211,1286,17177,9304,74,621,438,13087,900,825,8185
1040,8273,1040.116457635916,99626,291,144,251,121,89621,50813,1.4096119486880934,160,95,21388,19842,16016,8205,11893,21592,49100,38800,24226,12439,928,189,1214,3580,17275,20815,3529,212,1287,17047,9235,74,619,440,13196,909,834,8243
1041,8273,1041.4385287862356,99625,296,143,252,121,89677,50846,1.4105194479297365,156,82,21411,19877,15887,8155,11997,21621,49100,38800,24365,12615,926,189,1210,3576,17193,20930,3524,214,1293,16926,9169,73,613,445,13296,911,845,8292
1042,8273,1042.3193650192427,99625,284,147,252,121,89714,50860,1.4110313676286073,154,87,21383,19861,15808,8096,12118,21687,49100,38800,24502,12790,925,189,1205,3584,17092,21053,3516,215,1292,16825,9104,71,608,448,13382,914,849,8353
1043,8273,1043.2012007362953,99625,282,137,252,121,89751,50873,1.4115332496863238,152,93,21363,19872,15717,8045,12233,21731,49100,38800,24637,12964,925,189,1200,3583,17012,21159,3514,213,1288,16716,9044,71,601,455,13470,919,869,8397
1044,8273,1044.084246846604,99625,282,140,252,121,89784,50890,1.41203513174404,140,82,21358,19865,15617,7997,12350,21794,49100,38800,24769,13137,923,189,1192,3581,16929,21262,3514,215,1286,16608,8990,71,596,458,13564,925,882,8440
1045,8273,1045.4091817165804,99625,276,138,252,121,89828,50914,1.4127176913425346,142,70,21354,19928,15520,7946,12455,21796,49100,38800,24899,13309,921,189,1187,3579,16864,21358,3510,217,1287,16505,8906,71,591,461,13650,929,897,8503
1046,8273,1046.2925572404533,99625,280,143,252,121,89862,50931,1.4132296110414053,130,68,21329,19918,15439,7887,12569,21862,49100,38800,25027,13479,921,189,1179,3581,16791,21448,3505,217,1283,16383,8848,71,588,463,13760,937,909,8552
1047,8273,1047.176988939605,99625,283,137,252,121,89892,50947,1.4136913425345043,124,70,21308,19923,15336,7836,12696,21912,49100,38800,25153,13648,921,189,1168,3577,16705,21555,3505,217,1283,16285,8795,71,583,468,13845,947,921,8590
1048,8273,1048.0625700242335,99625,288,132,252,121,89928,50960,1.4141831869510666,116,71,21303,19912,15234,7806,12806,21957,49100,38800,25277,13816,919,189,1161,3574,16632,21654,3503,219,1283,16178,8743,71,572,477,13937,950,931,8632
1049,8273,1049.3911826080239,99625,274,139,252,121,89969,50992,1.4149159347553324,111,64,21314,19972,15137,7758,12911,21945,49100,38800,25398,13982,917,189,1152,3574,16559,21756,3499,221,1289,16061,8692,71,569,478,14033,957,941,8667
1050,8273,1050.276733815683,99625,271,140,252,121,89994,51008,1.41532747804266,115,65,21298,19970,15044,7720,13019,21983,49100,38800,25517,14147,916,189,1147,3577,16481,21851,3493,222,1286,15948,8638,71,568,479,14134,962,948,8715
1051,8273,1051.162602344227,99625,264,150,252,121,90019,51030,1.4157992471769134,123,63,21261,19987,14967,7664,13132,22014,49100,38800,25634,14310,916,188,1137,3575,16398,21947,3489,222,1282,15859,8582,71,564,483,14217,972,962,8761
1052,8273,1052.0499747727788,99625,258,155,252,121,90047,51046,1.416240903387704,132,65,21226,19999,14880,7616,13251,22043,49100,38800,25749,14472,915,188,1131,3577,16315,22046,3487,221,1282,15767,8531,71,557,489,14297,978,972,8801
1053,8273,1053.383089680332,99625,258,146,252,121,90090,51072,1.4169335006273527,125,64,21220,20060,14788,7584,13356,22024,49100,38800,25862,14632,913,187,1120,3584,16256,22132,3479,223,1287,15665,8471,71,553,492,14380,985,987,8840
1054,8273,1054.2723845126825,99625,241,137,252,121,90110,51088,1.4172948557089085,121,67,21226,20070,14700,7560,13459,22044,49100,38800,25973,14791,913,185,1109,3587,16192,22224,3474,223,1292,15561,8419,71,550,495,14466,992,994,8878
1055,8273,1055.1621789603698,99625,238,142,252,121,90137,51104,1.4177264742785445,116,62,21203,20071,14621,7522,13569,22081,49100,38800,26082,14948,913,185,1106,3584,16109,22323,3472,223,1295,15458,8375,71,544,501,14559,994,1000,8913
1056,8273,1056.0525429013173,99625,237,146,252,121,90163,51121,1.4181580928481807,117,60,21199,20074,14518,7490,13676,22108,49100,38800,26189,15104,912,185,1101,3584,16034,22411,3469,224,1296,15381,8321,71,540,503,14630,998,1007,8958
1057,8273,1057.3884888499401,99625,232,153,252,121,90192,51149,1.4187302383939775,118,58,21237,20115,14404,7441,13756,22111,49100,38800,26295,15258,912,185,1093,3586,15963,22503,3463,224,1297,15287,8278,71,536,506,14708,1006,1019,8988
1058,8273,1058.2776837245283,99625,236,150,252,121,90224,51165,1.4192120451693853,109,57,21233,20136,14314,7401,13855,22134,49100,38800,26399,15410,912,185,1087,3587,15892,22595,3458,224,1296,15201,8227,71,528,514,14779,1011,1027,9031
1059,8273,1059.167092699647,99625,227,144,252,121,90248,51177,1.419573400250941,107,57,21221,20162,14233,7365,13959,22150,49100,38800,26501,15561,912,185,1080,3588,15831,22681,3455,224,1295,15108,8179,70,527,515,14853,1015,1036,9071
1060,8273,1060.0572314175135,99625,219,131,252,121,90272,51185,1.4198946047678795,107,60,21214,20186,14153,7328,14054,22173,49100,38800,26601,15710,912,185,1076,3586,15762,22776,3453,224,1297,15000,8140,70,527,515,14941,1018,1043,9100
1061,8273,1061.3925761132778,99624,208,130,253,121,90308,51208,1.4205010840761263,93,57,21257,20245,14067,7296,14121,22150,49100,38800,26699,15857,910,185,1072,3586,15698,22867,3449,226,1304,14895,8095,70,523,519,15024,1021,1051,9129
1062,8273,1062.281617379577,99624,202,126,253,121,90326,51221,1.4208122540753232,101,64,21259,20281,13973,7255,14211,22152,49100,38800,26796,16003,908,185,1063,3589,15642,22942,3446,227,1301,14798,8056,70,519,521,15106,1029,1057,9165
1063,8273,1063.1706682366525,99624,199,124,253,121,90347,51233,1.4211434995583394,102,61,21263,20307,13878,7226,14304,22160,49100,38800,26891,16147,907,185,1053,3590,15568,23035,3443,228,1298,14713,8021,70,515,524,15176,1039,1064,9195
1064,8273,1064.059457801246,99624,206,130,253,121,90376,51250,1.4216052356861801,103,58,21248,20321,13798,7191,14391,22178,49100,38800,26984,16289,907,185,1048,3586,15504,23116,3441,228,1294,14634,7975,70,511,526,15246,1044,1078,9231
1065,8273,1065.3930992551082,99624,210,115,253,121,90414,51265,1.4221372360073878,101,62,21278,20379,13708,7167,14449,22155,49100,38800,27076,16430,906,184,1040,3590,15450,23188,3435,229,1301,14548,7920,70,506,530,15320,1050,1089,9268
1066,8273,1066.2809554919286,99624,194,103,253,121,90432,51275,1.422418292780856,105,58,21250,20402,13651,7148,14546,22167,49100,38800,27166,16569,904,184,1034,3592,15384,23270,3430,231,1304,14464,7874,70,504,531,15393,1056,1098,9301
1067,8273,1067.1703443496122,99624,193,99,253,121,90451,51289,1.4227495382638722,106,56,21227,20417,13581,7113,14639,22193,49100,38800,27254,16706,904,184,1025,3590,15330,23342,3429,231,1305,14373,7833,70,502,532,15471,1064,1106,9333
1068,8273,1068.0605436352628,99624,201,93,253,121,90475,51295,1.4230506705211596,101,69,21203,20435,13507,7071,14734,22210,49100,38800,27341,16842,904,183,1021,3590,15266,23415,3428,231,1305,14304,7796,70,497,536,15534,1068,1112,9364
1069,8273,1069.3973732917634,99624,187,88,253,121,90499,51317,1.4235124066490001,105,68,21242,20494,13424,7039,14788,22189,49100,38800,27426,16976,904,183,1015,3584,15215,23499,3425,231,1306,14223,7742,70,493,538,15596,1073,1123,9404
1070,8273,1070.2875061809868,99624,194,88,253,121,90522,51327,1.4238436521320164,101,62,21244,20534,13343,6995,14864,22199,49100,38800,27510,17108,904,183,1010,3585,15143,23580,3423,231,1302,14153,7705,70,488,543,15659,1078,1133,9434
1071,8273,1071.1774231682264,99624,200,94,253,121,90548,51342,1.4242551995503092,101,54,21233,20563,13271,6961,14941,22206,49100,38800,27592,17238,904,183,1006,3585,15075,23657,3422,231,1300,14083,7672,70,487,544,15722,1081,1143,9459
1072,8273,1072.067506467374,99624,209,92,253,121,90573,51356,1.4246466714847827,96,49,21216,20598,13208,6931,15017,22208,49100,38800,27673,17367,902,183,1001,3585,15011,23731,3421,233,1301,14013,7629,70,484,546,15785,1085,1152,9492
1073,8273,1073.4032617973419,99624,211,94,253,121,90607,51377,1.4251987472898098,98,51,21277,20664,13107,6893,15053,22176,49100,38800,27753,17494,900,183,998,3588,14968,23793,3417,235,1300,13924,7592,69,479,550,15859,1087,1163,9519
1074,8273,1074.291948761843,99624,212,94,253,121,90631,51387,1.4255400305147354,86,53,21287,20708,13041,6861,15120,22162,49100,38800,27831,17619,900,183,995,3587,14909,23865,3414,235,1299,13866,7543,69,473,556,15908,1090,1171,9561
1075,8273,1075.1800978399258,99624,195,89,253,121,90648,51396,1.4258010118043845,90,58,21296,20735,12984,6819,15181,22177,49100,38800,27908,17743,897,183,992,3586,14846,23946,3410,238,1294,13800,7508,69,471,558,15963,1091,1183,9589
1076,8273,1076.0680263121078,99624,187,95,253,121,90668,51409,1.4261322572874007,82,55,21288,20760,12931,6788,15258,22180,49100,38800,27984,17865,897,183,988,3585,14786,24020,3410,237,1285,13729,7477,69,467,562,16023,1095,1193,9618
1077,8273,1077.4001655009586,99624,178,93,253,121,90690,51426,1.4265237292218742,82,53,21339,20832,12848,6758,15299,22142,49100,38800,28058,17985,895,183,985,3585,14729,24096,3407,239,1286,13661,7437,69,467,562,16077,1097,1205,9644
1078,8273,1078.2868414460188,99624,177,92,253,121,90712,51436,1.4268449369629808,86,52,21337,20872,12793,6718,15353,22144,49100,38800,28131,18104,894,183,980,3586,14682,24156,3405,240,1286,13579,7402,69,466,562,16149,1101,1211,9673
1079,8273,1079.173382153134,99624,162,92,253,121,90730,51449,1.4271561069621779,83,44,21356,20911,12733,6686,15412,22145,49100,38800,28203,18221,894,183,976,3589,14637,24221,3398,240,1284,13515,7365,69,462,565,16200,1103,1222,9701
1080,8273,1080.0593757965453,99624,157,91,253,121,90746,51456,1.4273869750260981,79,45,21354,20935,12680,6658,15476,22149,49100,38800,28273,18336,894,183,972,3587,14592,24278,3396,240,1280,13436,7333,69,456,571,16274,1105,1230,9728
1081,8273,1081.387883252063,99623,145,96,254,121,90773,51474,1.4278530058319865,76,43,21408,21030,12607,6617,15509,22092,49100,38800,28342,18450,894,183,964,3588,14548,24346,3393,239,1276,13361,7301,69,452,574,16331,1110,1240,9754
1082,8273,1082.2722281670815,99623,138,85,254,121,90788,51477,1.42803368699999,71,48,21432,21053,12548,6590,15556,22102,49100,38800,28410,18562,892,183,957,3593,14503,24407,3389,240,1272,13293,7272,68,448,578,16386,1115,1248,9779
1083,8273,1083.1557059330432,99623,139,86,254,121,90799,51489,1.4282645573813275,71,49,21457,21085,12472,6564,15606,22094,49100,38800,28477,18672,892,183,954,3592,14442,24475,3389,240,1267,13241,7246,68,447,579,16433,1118,1263,9794
1084,8273,1084.0381323367817,99623,135,84,254,121,90814,51495,1.4284753520773315,73,47,21481,21122,12406,6535,15650,22090,49100,38800,28543,18781,891,183,949,3597,14383,24545,3383,241,1261,13192,7220,68,445,579,16476,1122,1271,9817
1085,8273,1085.3595334366705,99623,139,100,254,121,90841,51523,1.4290274334240085,66,32,21545,21210,12324,6494,15671,22042,49100,38800,28608,18888,889,183,945,3598,14335,24606,3381,243,1260,13134,7180,68,442,581,16523,1126,1280,9849
1086,8273,1086.2383458663137,99623,124,94,254,121,90848,51531,1.4291780010640114,75,35,21562,21243,12261,6480,15723,22026,49100,38800,28672,18994,886,183,942,3596,14297,24662,3380,246,1256,13061,7153,68,438,585,16581,1129,1290,9870
1087,8273,1087.1165885639846,99623,132,91,254,121,90867,51542,1.429479136344017,64,29,21580,21297,12193,6455,15776,22006,49100,38800,28734,19098,886,183,937,3595,14253,24719,3379,246,1257,13000,7124,68,438,585,16636,1131,1294,9892
1088,8273,1088.4322856378205,99623,136,86,254,121,90888,51549,1.4297601959386887,63,33,21643,21364,12098,6421,15805,21974,49100,38800,28795,19200,886,182,929,3595,14215,24772,3378,246,1255,12944,7092,68,433,590,16680,1138,1301,9919
1089,8273,1089.3076083005972,99623,131,79,254,121,90897,51556,1.4299208014213585,63,31,21662,21403,12035,6397,15854,21968,49100,38800,28855,19301,886,182,927,3596,14161,24839,3377,246,1255,12890,7058,68,431,592,16722,1139,1308,9946
1090,8273,1090.181915490375,99623,131,68,254,121,90912,51559,1.4301014825893619,65,33,21663,21441,11976,6375,15910,21961,49100,38800,28914,19400,886,182,924,3596,14127,24886,3376,246,1247,12837,7029,68,430,593,16765,1142,1322,9967
1091,8273,1091.0562287521,99623,132,70,254,121,90924,51564,1.4302721259146984,70,38,21690,21478,11903,6347,15950,21945,49100,38800,28972,19498,886,182,921,3595,14083,24936,3375,246,1244,12778,7008,68,429,593,16821,1145,1326,9987
1092,8273,1092.36546327504,99623,127,74,254,121,90949,51578,1.4306636017787058,59,33,21738,21544,11867,6317,15954,21910,49100,38800,29029,19594,885,182,919,3597,14041,24987,3372,247,1245,12729,6969,68,428,594,16862,1147,1337,10014
1093,8273,1093.2367686505308,99623,131,68,254,121,90968,51579,1.4308643586320429,54,40,21745,21586,11816,6293,15999,21891,49100,38800,29085,19689,885,182,918,3596,13997,25039,3370,247,1242,12677,6945,68,426,596,16909,1148,1343,10035
1094,8273,1094.107666238278,99623,134,74,254,121,90982,51592,1.4311353803840479,54,39,21779,21611,11745,6277,16033,21877,49100,38800,29140,19782,885,182,912,3598,13942,25100,3368,247,1237,12638,6920,68,425,597,16942,1154,1352,10056
