,indexID,time,N,Inf_L,Inf_H,Dead_L,Dead_H,cum_cases_L,cum_cases_H,cum_sum_per_N,Exposed_L,Exposed_H,Sus_L,Sus_H,Rec_nat_L,Rec_nat_H,Rec_vax_L,Rec_vax_H,vaccinatedH,vaccinatedL,boostedH,boostedL,count_Naive,count_Delta,count_Delta_vaccine,count_two,count_three,count_four,count_Omicron,count_Omicron_star,count_Omicron_star_vaccine,count_Omicron_vaccine,count_Vaccine,count_WT,count_WT_vaccine,count_WT_vaccine_boost,count_Omicron_vaccine_boost,count_Delta_vaccine_boost,count_Omicron_star_vaccine_boost,count_Vaccine_boost
0,11385,1.0284530184944756,99998,9,8,0,0,9,8,0.00017000340006800136,16,19,49974,49972,0,0,0,0,0,0,0,0,99998,0,0,0,0,0,0,0,0,0,0,0,0,0,0,0,0,0
1,11385,2.017567827308666,99998,10,9,0,0,12,9,0.00021000420008400168,16,20,49971,49970,2,0,0,0,0,0,0,0,99996,0,0,0,0,0,0,0,0,0,0,2,0,0,0,0,0,0
2,11385,3.0002683503785366,99998,14,16,0,0,17,17,0.0003400068001360027,13,15,49969,49967,3,1,0,0,0,0,0,0,99994,0,0,0,0,0,0,0,0,0,0,4,0,0,0,0,0,0
3,11385,4.022233257955594,99998,15,17,0,0,21,22,0.00043000860017200347,13,12,49965,49965,6,5,0,0,0,0,0,0,99987,0,0,0,0,0,0,0,0,0,0,11,0,0,0,0,0,0
4,11385,5.06279312594453,99998,21,20,0,0,29,28,0.0005700114002280045,8,6,49962,49965,8,8,0,0,0,0,0,0,99982,0,0,0,0,0,0,0,0,0,0,16,0,0,0,0,0,0
5,11385,6.090640241489537,99998,19,15,0,0,31,28,0.0005900118002360047,11,6,49957,49965,12,13,0,0,0,0,0,0,99973,0,0,0,0,0,0,0,0,0,0,25,0,0,0,0,0,0
6,11385,7.014245250053031,99998,19,16,0,0,33,30,0.000630012600252005,14,6,49952,49964,14,13,0,0,0,0,0,0,99970,0,0,0,0,0,0,0,0,0,0,28,0,0,0,0,0,0
7,11385,8.015645861170206,99998,17,15,0,0,35,31,0.0006600132002640052,15,6,49949,49963,18,15,0,0,0,0,0,0,99964,0,0,0,0,0,0,0,0,0,0,34,0,0,0,0,0,0
8,11385,9.04085035179547,99998,21,12,0,0,40,31,0.0007100142002840057,12,6,49947,49963,19,18,0,0,0,0,0,0,99960,0,0,0,0,0,0,0,0,0,0,38,0,0,0,0,0,0
9,11385,10.074188827012554,99998,21,13,0,0,41,32,0.0007300146002920058,14,7,49944,49961,20,18,0,0,0,0,0,0,99959,0,0,0,0,0,0,0,0,0,0,39,0,0,0,0,0,0
10,11385,11.008705204822625,99998,25,14,0,0,45,33,0.0007800156003120063,14,6,49940,49961,20,18,0,0,0,0,0,0,99959,0,0,0,0,0,0,0,0,0,0,39,0,0,0,0,0,0
11,11385,12.037615611158218,99998,26,14,0,0,47,35,0.0008200164003280065,17,8,49935,49957,21,20,0,0,0,0,0,0,99956,0,0,0,0,0,0,0,0,0,0,42,0,0,0,0,0,0
12,11385,13.027430302230542,99998,28,13,0,0,52,38,0.0009000180003600072,17,8,49930,49954,24,24,0,0,0,0,0,0,99949,0,0,0,0,0,0,0,0,0,0,49,0,0,0,0,0,0
13,11385,14.016109656335273,99998,30,14,0,0,59,39,0.0009800196003920078,13,9,49927,49952,29,24,0,0,0,0,0,0,99944,0,0,0,0,0,0,0,0,0,0,54,0,0,0,0,0,0
14,11385,15.193284237264276,99998,29,14,0,0,62,44,0.0010600212004240085,18,7,49919,49949,33,29,0,0,0,0,0,0,99935,0,0,0,0,0,0,0,0,0,0,63,0,0,0,0,0,0
15,11385,16.16722906403986,99998,27,15,0,0,66,47,0.0011300226004520091,15,7,49918,49946,39,31,0,0,0,0,0,0,99927,0,0,0,0,0,0,0,0,0,0,71,0,0,0,0,0,0
16,11385,17.218991633155444,99998,20,16,0,0,70,49,0.0011900238004760096,15,8,49915,49944,49,31,0,0,0,0,0,0,99915,0,0,0,0,0,0,0,0,0,0,83,0,0,0,0,0,0
17,11385,18.008551715504154,99998,21,17,0,0,71,51,0.0012200244004880098,14,6,49915,49944,49,32,0,0,0,0,0,0,99914,0,0,0,0,0,0,0,0,0,0,84,0,0,0,0,0,0
18,11385,19.196557083544356,99998,24,18,0,0,76,54,0.0013000260005200104,16,3,49908,49944,51,34,0,0,0,0,0,0,99910,0,0,0,0,0,0,0,0,0,0,88,0,0,0,0,0,0
19,11385,20.13295813694665,99998,23,18,0,0,77,55,0.0013200264005280105,15,2,49908,49944,53,35,0,0,0,0,0,0,99907,0,0,0,0,0,0,0,0,0,0,91,0,0,0,0,0,0
20,11385,21.019034950083626,99998,19,15,0,0,77,56,0.0013300266005320106,18,2,49905,49943,57,39,0,0,0,0,0,0,99899,0,0,0,0,0,0,0,0,0,0,99,0,0,0,0,0,0
21,11385,22.106338622399758,99998,17,13,0,0,80,56,0.0013600272005440108,18,6,49902,49939,62,41,0,0,0,0,0,0,99893,0,0,1,0,0,0,0,0,0,0,104,0,0,0,0,0,0
22,11385,23.001848649973788,99998,21,13,0,0,86,56,0.0014200284005680113,14,7,49900,49938,64,41,0,0,0,0,0,0,99891,0,0,1,0,0,0,0,0,0,0,106,0,0,0,0,0,0
23,11385,24.32440072828891,99998,19,12,0,0,90,59,0.001490029800596012,14,9,49896,49933,70,45,0,0,0,0,0,0,99881,0,0,1,0,0,0,0,0,0,0,116,0,0,0,0,0,0
24,11385,25.083940478865188,99998,21,15,0,0,94,62,0.0015600312006240125,16,6,49890,49933,72,45,0,0,0,0,0,0,99879,0,0,1,0,0,0,0,0,0,0,118,0,0,0,0,0,0
25,11385,26.00264740495259,99998,25,14,0,0,101,63,0.001640032800656013,14,8,49886,49931,74,46,0,0,0,0,0,0,99874,0,0,1,0,0,0,0,0,0,0,123,0,0,0,0,0,0
26,11385,27.05903075408907,99998,25,15,0,0,104,66,0.0017000340006800136,12,7,49887,49929,75,48,0,0,0,0,0,0,99869,0,0,1,0,0,0,0,0,0,0,128,0,0,0,0,0,0
27,11385,28.044252057831205,99998,25,15,0,0,107,66,0.0017300346006920138,13,9,49883,49927,78,48,0,0,0,0,0,0,99866,0,0,1,0,0,0,0,0,0,0,131,0,0,0,0,0,0
28,11385,29.095365338621463,99998,25,18,0,0,109,71,0.0018000360007200144,16,6,49879,49925,79,50,0,0,0,0,0,0,99862,0,0,1,0,0,0,0,0,0,0,135,0,0,0,0,0,0
29,11385,30.07975605611076,99998,27,14,0,0,114,71,0.0018500370007400147,17,7,49874,49924,81,54,0,0,0,0,0,0,99855,0,0,1,0,0,0,0,0,0,0,142,0,0,0,0,0,0
30,11385,31.193795931552806,99998,26,13,0,0,119,73,0.0019200384007680153,15,8,49871,49922,87,56,0,0,0,0,0,0,99846,0,0,1,0,0,0,0,0,0,0,151,0,0,0,0,0,0
31,11385,32.31077461173227,99998,26,13,0,0,123,75,0.001980039600792016,17,8,49865,49921,91,57,0,0,0,0,0,0,99840,0,0,1,0,0,0,0,0,0,0,157,0,0,0,0,0,0
32,11385,33.0691483099011,99998,27,12,0,0,129,76,0.002050041000820016,16,7,49860,49921,96,59,0,0,0,0,0,0,99833,0,0,1,0,0,0,0,0,0,0,164,0,0,0,0,0,0
33,11385,34.1908342019677,99998,25,12,0,0,131,77,0.0020800416008320164,16,9,49858,49918,100,60,0,0,0,0,0,0,99828,0,0,1,0,0,0,0,0,0,0,169,0,0,0,0,0,0
34,11385,35.004088314028365,99998,30,12,0,0,136,79,0.0021500430008600173,12,7,49857,49918,100,62,0,0,0,0,0,0,99826,0,0,1,0,0,0,0,0,0,0,171,0,0,0,0,0,0
35,11385,36.04636488723845,99998,32,11,0,0,140,81,0.0022100442008840177,12,8,49853,49916,102,64,0,0,0,0,0,0,99821,0,0,1,0,0,0,0,0,0,0,176,0,0,0,0,0,0
36,11385,37.03270458181137,99998,31,15,0,0,143,86,0.0022900458009160185,12,5,49850,49914,106,65,0,0,0,0,0,0,99816,0,0,1,0,0,0,0,0,0,0,181,0,0,0,0,0,0
37,11385,38.17439461188577,99998,32,13,0,0,148,87,0.002350047000940019,13,4,49845,49914,109,68,0,0,0,0,0,0,99809,0,0,1,0,0,0,0,0,0,0,188,0,0,0,0,0,0
38,11385,39.1705871535402,99998,31,12,0,0,153,88,0.0024100482009640194,10,4,49844,49913,114,70,0,0,0,0,0,0,99801,0,0,1,0,0,0,0,0,0,0,196,0,0,0,0,0,0
39,11385,40.2369219527567,99998,29,11,0,0,156,88,0.0024400488009760197,12,8,49839,49910,119,70,0,0,0,0,0,0,99795,0,0,1,0,0,0,0,0,0,0,202,0,0,0,0,0,0
40,11385,41.00625114766392,99998,33,9,0,0,161,89,0.00250005000100002,12,7,49834,49910,120,73,0,0,0,0,0,0,99791,0,0,1,0,0,0,0,0,0,0,206,0,0,0,0,0,0
41,11385,42.257255646285515,99998,32,8,0,0,165,91,0.0025600512010240206,11,7,49831,49908,125,76,0,0,0,0,0,0,99783,0,0,1,0,0,0,0,0,0,0,214,0,0,0,0,0,0
42,11385,43.21930954957937,99998,32,10,0,0,168,93,0.0026100522010440207,10,7,49829,49906,128,76,0,0,0,0,0,0,99780,0,0,1,0,0,0,0,0,0,0,217,0,0,0,0,0,0
43,11385,44.14452553407797,99998,28,9,0,0,171,94,0.0026500530010600213,11,8,49825,49904,135,78,0,0,0,0,0,0,99771,0,0,1,0,0,0,0,0,0,0,226,0,0,0,0,0,0
44,11385,45.05860206882317,99998,26,9,0,0,173,96,0.0026900538010760215,11,10,49824,49900,138,80,0,0,0,0,0,0,99765,0,0,1,0,0,0,0,0,0,0,232,0,0,0,0,0,0
45,11385,46.29085625593122,99998,25,10,0,0,174,99,0.0027300546010920216,15,13,49820,49894,139,82,0,0,0,0,0,0,99761,0,0,1,0,0,0,0,0,0,0,236,0,0,0,0,0,0
46,11385,47.07310210014479,99998,24,13,0,0,178,105,0.0028300566011320227,13,7,49818,49894,144,85,0,0,0,0,0,0,99753,0,0,1,0,0,0,0,0,0,0,244,0,0,0,0,0,0
47,11385,48.00249951518494,99998,22,13,0,0,180,106,0.002860057201144023,16,7,49813,49893,148,86,0,0,0,0,0,0,99748,0,0,1,0,0,0,0,0,0,0,249,0,0,0,0,0,0
48,11385,49.09042857116109,99998,20,13,0,0,183,110,0.0029300586011720233,19,6,49808,49891,152,89,0,0,0,0,0,0,99739,0,0,1,0,0,0,0,0,0,0,258,0,0,0,0,0,0
49,11385,50.21161995789638,99998,20,13,0,0,188,111,0.002990059801196024,20,7,49802,49889,157,90,0,0,0,0,0,0,99733,0,0,1,0,0,0,0,0,0,0,264,0,0,0,0,0,0
50,11385,51.24445980923672,99998,20,13,0,0,190,112,0.003020060401208024,19,8,49802,49887,158,91,0,0,0,0,0,0,99730,0,0,1,0,0,0,0,0,0,0,267,0,0,0,0,0,0
51,11385,52.14512471847328,99998,24,13,0,0,196,113,0.003090061801236025,18,9,49797,49885,160,92,0,0,0,0,0,0,99727,0,0,1,0,0,0,0,0,0,0,270,0,0,0,0,0,0
52,11385,53.068036208530174,99998,26,12,0,0,200,114,0.003140062801256025,19,9,49792,49884,162,94,0,0,0,0,0,0,99723,0,0,1,0,0,0,0,0,0,0,274,0,0,0,0,0,0
53,11385,54.22301532897578,99998,22,13,0,0,204,117,0.003210064201284026,20,9,49787,49881,170,96,0,0,0,0,0,0,99713,0,0,1,0,0,0,0,0,0,0,284,0,0,0,0,0,0
54,11385,55.02647272129388,99998,24,13,0,0,210,119,0.003290065801316026,16,10,49785,49878,174,98,0,0,0,0,0,0,99707,0,0,1,0,0,0,0,0,0,0,290,0,0,0,0,0,0
55,11385,56.05233916045744,99998,23,11,0,0,214,120,0.0033400668013360267,18,11,49780,49877,178,100,0,0,0,0,0,0,99699,0,0,1,0,0,0,0,0,0,0,298,0,0,0,0,0,0
56,11385,57.27434895600389,99998,29,11,0,0,224,121,0.0034500690013800277,16,11,49772,49876,182,101,0,0,0,0,0,0,99694,0,0,1,0,0,0,0,0,0,0,303,0,0,0,0,0,0
57,11385,58.01849986983282,99998,27,11,0,0,226,125,0.003510070201404028,19,9,49768,49874,185,105,0,0,0,0,0,0,99686,0,0,1,0,0,0,0,0,0,0,311,0,0,0,0,0,0
58,11385,59.04633777065475,99998,27,13,0,0,227,129,0.0035600712014240287,24,7,49765,49873,183,106,0,0,0,0,0,0,99683,0,0,1,0,0,0,0,0,0,0,314,0,0,0,0,0,0
59,11385,60.08377239266457,99998,31,15,0,0,236,133,0.0036900738014760295,20,5,49760,49872,188,107,0,0,0,0,0,0,99676,0,0,1,0,0,0,0,0,0,0,321,0,0,0,0,0,0
60,11385,61.252040566195205,99998,29,17,0,0,239,135,0.00374007480149603,21,5,49756,49871,193,106,0,0,0,0,0,0,99671,0,0,1,0,0,0,0,0,0,0,326,0,0,0,0,0,0
61,11385,62.25456364994958,99998,30,16,0,0,245,135,0.0038000760015200305,19,7,49752,49870,198,106,0,0,0,0,0,0,99665,0,0,1,0,0,0,0,0,0,0,332,0,0,0,0,0,0
62,11385,63.283351539817765,99998,24,18,0,0,246,137,0.0038300766015320308,25,6,49746,49869,204,106,0,0,0,0,0,0,99658,0,0,1,0,0,0,0,0,0,0,339,0,0,0,0,0,0
63,11385,64.0044506413268,99998,29,14,0,0,252,137,0.003890077801556031,23,8,49742,49868,205,109,0,0,0,0,0,0,99653,0,0,1,0,0,0,0,0,0,0,344,0,0,0,0,0,0
64,11385,65.01667498587423,99998,30,14,0,0,258,139,0.0039700794015880315,19,7,49740,49867,210,111,0,0,0,0,0,0,99646,0,0,1,0,0,0,0,0,0,0,351,0,0,0,0,0,0
65,11385,66.21260036938962,99998,29,15,0,0,266,140,0.004060081201624033,17,6,49735,49867,218,111,0,0,0,0,0,0,99637,0,0,1,0,0,0,0,0,0,0,360,0,0,0,0,0,0
66,11385,67.10068020194734,99998,33,16,0,0,276,141,0.004170083401668034,12,6,49730,49866,224,111,0,0,0,0,0,0,99631,0,0,1,0,0,0,0,0,0,0,366,0,0,0,0,0,0
67,11385,68.26746500808788,99998,29,19,0,0,278,145,0.004230084601692034,13,4,49728,49864,229,112,0,0,0,0,0,0,99624,0,0,1,0,0,0,0,0,0,0,373,0,0,0,0,0,0
68,11385,69.15466044938175,99998,27,17,0,0,281,147,0.004280085601712034,17,5,49721,49861,234,116,0,0,0,0,0,0,99615,0,0,1,0,0,0,0,0,0,0,382,0,0,0,0,0,0
69,11385,70.19549408276983,99998,28,16,0,0,284,148,0.004320086401728034,23,10,49712,49856,236,117,0,0,0,0,0,0,99611,0,0,1,0,0,0,0,0,0,0,386,0,0,0,0,0,0
70,11385,71.08609704904576,99998,32,16,0,0,293,150,0.004430088601772035,18,11,49708,49853,241,119,0,0,0,0,0,0,99604,0,0,1,0,0,0,0,0,0,0,393,0,0,0,0,0,0
71,11385,72.15724891872853,99998,32,15,0,0,299,152,0.004510090201804036,16,11,49705,49852,246,121,0,0,0,0,0,0,99595,0,0,1,0,0,0,0,0,0,0,402,0,0,0,0,0,0
72,11385,73.14863264326151,99998,27,14,0,0,302,153,0.004550091001820036,20,12,49698,49850,254,123,0,0,0,0,0,0,99586,0,0,2,0,0,0,0,0,0,0,410,0,0,0,0,0,0
73,11385,74.03762768363237,99998,25,15,0,0,303,156,0.004590091801836037,23,11,49694,49848,257,125,0,0,0,0,0,0,99581,0,0,2,0,0,0,0,0,0,0,415,0,0,0,0,0,0
74,11385,75.02029556943398,99998,29,16,0,0,308,159,0.004670093401868037,21,9,49693,49848,256,126,0,0,0,0,0,0,99578,0,0,2,0,0,0,0,0,0,0,418,0,0,0,0,0,0
75,11385,76.07640816280416,99998,30,17,0,0,314,162,0.004760095201904038,20,6,49688,49848,261,128,0,0,0,0,0,0,99571,0,0,2,0,0,0,0,0,0,0,425,0,0,0,0,0,0
76,11385,77.02878587022141,99998,30,19,0,0,317,166,0.004830096601932039,20,4,49685,49846,264,130,0,0,0,0,0,0,99566,0,0,2,0,0,0,0,0,0,0,430,0,0,0,0,0,0
77,11385,78.0360998372898,99998,29,22,0,0,324,169,0.00493009860197204,15,5,49684,49843,271,129,0,0,0,0,0,0,99558,0,0,2,0,0,0,0,0,0,0,438,0,0,0,0,0,0
78,11385,79.00360926316309,99998,27,24,0,0,326,171,0.00497009940198804,18,3,49679,49843,275,129,0,0,0,0,0,0,99554,0,0,2,0,0,0,0,0,0,0,442,0,0,0,0,0,0
79,11385,80.23030000154557,99998,32,21,0,0,333,172,0.005050101002020041,18,6,49672,49841,277,131,0,0,0,0,0,0,99548,0,0,2,0,0,0,0,0,0,0,448,0,0,0,0,0,0
80,11385,81.31873036159097,99998,29,20,0,0,334,172,0.005060101202024041,25,10,49666,49837,279,132,0,0,0,0,0,0,99543,0,0,2,0,0,0,0,0,0,0,453,0,0,0,0,0,0
81,11385,82.17550363642057,99998,27,19,0,0,334,173,0.005070101402028041,26,12,49666,49836,280,132,0,0,0,0,0,0,99540,0,0,3,0,0,0,0,0,0,0,455,0,0,0,0,0,0
82,11385,83.29697002111764,99998,26,18,0,0,343,176,0.005190103802076042,24,11,49659,49834,290,136,0,0,0,0,0,0,99526,0,0,3,0,0,0,0,0,0,0,469,0,0,0,0,0,0
83,11385,84.02183565603035,99998,27,19,0,0,348,178,0.005260105202104042,22,12,49656,49831,294,137,0,0,0,0,0,0,99521,0,0,3,0,0,0,0,0,0,0,474,0,0,0,0,0,0
84,11385,85.01685309546058,99998,26,22,0,0,352,181,0.005330106602132042,24,13,49651,49827,298,137,0,0,0,0,0,0,99516,0,0,3,0,0,0,0,0,0,0,479,0,0,0,0,0,0
85,11385,86.33807431727875,99998,28,21,0,0,364,187,0.005510110202204044,27,17,49639,49817,305,144,0,0,0,0,0,0,99499,0,0,3,0,0,0,0,0,0,0,496,0,0,0,0,0,0
86,11385,87.024741259145,99998,29,22,0,0,365,189,0.0055401108022160445,28,18,49637,49814,305,145,0,0,0,0,0,0,99498,0,0,3,0,0,0,0,0,0,0,497,0,0,0,0,0,0
87,11385,88.165624868083,99998,33,22,0,0,376,196,0.005720114402288046,23,17,49633,49809,310,151,0,0,0,0,0,0,99484,0,0,3,0,0,0,0,0,0,0,511,0,0,0,0,0,0
88,11385,89.26289664063057,99998,37,24,0,0,382,200,0.005820116402328047,19,16,49632,49807,311,152,0,0,0,0,0,0,99480,0,0,3,0,0,0,0,0,0,0,515,0,0,0,0,0,0
89,11385,90.05334666824635,99998,33,28,0,0,386,205,0.005910118202364047,20,13,49628,49805,318,153,0,0,0,0,0,0,99471,0,0,3,0,0,0,0,0,0,0,524,0,0,0,0,0,0
90,11385,91.21703379318564,99998,32,24,0,0,390,209,0.0059901198023960475,22,14,49624,49800,321,161,0,0,0,0,0,0,99458,0,0,3,0,0,0,0,0,0,0,537,0,0,0,0,0,0
91,11385,92.30659284184858,99998,34,24,0,0,399,212,0.0061101222024440485,19,14,49619,49798,327,163,0,0,0,0,0,0,99448,0,0,3,0,0,0,0,0,0,0,547,0,0,0,0,0,0
92,11385,93.05725557327935,99998,32,28,0,0,400,219,0.00619012380247605,22,8,49618,49797,327,166,0,0,0,0,0,0,99442,0,0,3,0,0,0,0,0,0,0,553,0,0,0,0,0,0
93,11385,94.07132962782846,99998,35,28,0,0,407,220,0.00627012540250805,17,9,49618,49795,329,167,0,0,0,0,0,0,99437,0,0,3,0,0,0,0,0,0,0,558,0,0,0,0,0,0
94,11385,95.1041541694507,99998,36,19,0,0,410,220,0.006300126002520051,22,13,49613,49792,328,175,0,0,0,0,0,0,99426,0,0,3,0,0,0,0,0,0,0,569,0,0,0,0,0,0
95,11385,96.06644164433989,99998,38,21,0,0,418,223,0.006410128202564052,18,11,49610,49793,333,174,0,0,0,0,0,0,99419,0,0,3,0,0,0,0,0,0,0,576,0,0,0,0,0,0
96,11385,97.17658400331638,99998,40,19,0,0,422,227,0.006490129802596052,23,12,49602,49788,334,180,0,0,0,0,0,0,99411,0,0,3,0,0,0,0,0,0,0,584,0,0,0,0,0,0
97,11385,98.03600854403791,99998,42,19,0,0,430,229,0.006590131802636053,24,13,49596,49785,337,182,0,0,0,0,0,0,99403,0,0,3,0,0,0,0,0,0,0,592,0,0,0,0,0,0
98,11385,99.05139334437123,99998,40,23,0,0,435,236,0.006710134202684054,23,6,49592,49787,344,183,0,0,0,0,0,0,99393,0,0,3,0,0,0,0,0,0,0,602,0,0,0,0,0,0
99,11385,100.33847984699314,99998,37,21,0,0,439,238,0.0067701354027080544,24,9,49590,49783,348,186,0,0,0,0,0,0,99382,0,0,3,0,0,0,0,0,0,0,613,0,0,0,0,0,0
100,11385,101.00123284442893,99998,35,19,0,0,442,239,0.006810136202724054,29,11,49584,49780,351,189,0,0,0,0,0,0,99374,0,0,3,0,0,0,0,0,0,0,621,0,0,0,0,0,0
101,11385,102.28450897900112,99998,36,21,0,0,450,244,0.006940138802776056,31,10,49574,49777,358,191,0,0,0,0,0,0,99364,0,0,3,0,0,0,0,0,0,0,631,0,0,0,0,0,0
102,11385,103.02227914465786,99998,37,22,0,0,453,248,0.007010140202804056,32,8,49571,49775,359,194,0,0,0,0,0,0,99359,0,0,3,0,0,0,0,0,0,0,636,0,0,0,0,0,0
103,11385,104.24744097117774,99998,44,22,0,0,464,252,0.007160143202864057,26,6,49566,49775,363,196,0,0,0,0,0,0,99351,0,0,3,0,0,0,0,0,0,0,644,0,0,0,0,0,0
104,11385,105.30676904300867,99998,47,18,0,0,476,255,0.007310146202924059,22,7,49560,49772,370,202,0,0,0,0,0,0,99335,0,0,3,0,0,0,0,0,0,0,660,0,0,0,0,0,0
105,11385,106.00029980384235,99998,47,18,0,0,480,256,0.007360147202944059,22,7,49557,49771,373,203,0,0,0,0,0,0,99330,0,0,3,0,0,0,0,0,0,0,665,0,0,0,0,0,0
106,11385,107.11262233391759,99998,46,14,0,0,484,256,0.007400148002960059,28,9,49548,49769,377,207,0,0,0,0,0,0,99321,0,0,3,0,0,0,0,0,0,0,674,0,0,0,0,0,0
107,11385,108.04460910800945,99998,50,19,0,0,494,261,0.0075501510030200605,27,7,49539,49766,383,207,0,0,0,0,0,0,99315,0,0,3,0,0,0,0,0,0,0,680,0,0,0,0,0,0
108,11385,109.26550730649414,99998,48,20,0,0,500,264,0.007640152803056061,28,7,49533,49763,390,209,0,0,0,0,0,0,99305,0,0,3,0,0,0,0,0,0,0,690,0,0,0,0,0,0
109,11385,110.15984419012592,99998,52,17,0,0,505,265,0.007700154003080061,27,7,49529,49763,391,212,0,0,0,0,0,0,99300,0,0,3,0,0,0,0,0,0,0,695,0,0,0,0,0,0
110,11385,111.00504725060112,99998,50,17,0,0,512,269,0.007810156203124062,24,7,49526,49760,399,215,0,0,0,0,0,0,99287,0,0,3,0,0,0,0,0,0,0,708,0,0,0,0,0,0
111,11385,112.00627519828149,99998,48,17,0,0,518,271,0.007890157803156063,26,9,49520,49758,405,215,0,0,0,0,0,0,99277,0,0,3,0,0,0,0,0,0,0,718,0,0,0,0,0,0
112,11385,113.01647243153876,99998,51,17,0,0,524,273,0.007970159403188064,27,8,49515,49757,406,217,0,0,0,0,0,0,99272,0,0,3,0,0,0,0,0,0,0,723,0,0,0,0,0,0
113,11385,114.01536571927089,99998,51,16,0,0,530,275,0.008050161003220065,26,8,49511,49756,411,219,0,0,0,0,0,0,99263,0,0,3,0,0,0,0,0,0,0,732,0,0,0,0,0,0
114,11385,115.3288171068228,99998,49,13,0,0,538,276,0.008140162803256065,25,13,49505,49751,420,222,0,0,0,0,0,0,99249,0,0,3,0,0,0,0,0,0,0,746,0,0,0,0,0,0
115,11385,116.16246361038382,99998,49,12,0,0,549,276,0.008250165003300065,22,14,49498,49752,430,221,0,0,0,0,0,0,99237,0,0,3,0,0,0,0,0,0,0,758,0,0,0,0,0,0
116,11385,117.02564621240667,99998,49,14,0,0,553,280,0.008330166603332067,22,13,49495,49749,433,223,0,0,0,0,0,0,99231,0,0,3,0,0,0,0,0,0,0,764,0,0,0,0,0,0
117,11385,118.03246819263784,99998,46,18,0,0,559,286,0.008450169003380067,18,13,49495,49743,440,225,0,0,0,0,0,0,99220,0,0,3,0,0,0,0,0,0,0,775,0,0,0,0,0,0
118,11385,119.03113455470839,99998,44,17,0,0,563,287,0.008500170003400068,25,14,49486,49741,444,227,0,0,0,0,0,0,99212,0,0,3,0,0,0,0,0,0,0,783,0,0,0,0,0,0
119,11385,120.33684876164574,99998,42,18,0,0,568,289,0.008570171403428068,26,14,49483,49741,448,226,0,0,0,0,0,0,99204,0,0,3,0,0,0,0,0,0,0,791,0,0,0,0,0,0
120,11385,121.19978783785774,99998,37,20,0,0,569,291,0.008600172003440069,29,14,49480,49740,453,225,0,0,0,0,0,0,99198,0,0,3,0,0,0,0,0,0,0,797,0,0,0,0,0,0
121,11385,122.06180279675382,99998,38,18,0,0,576,292,0.00868017360347207,28,17,49476,49737,457,227,0,0,0,0,0,0,99189,0,0,3,0,0,0,0,0,0,0,806,0,0,0,0,0,0
122,11385,123.03961495944243,99998,39,18,0,0,583,296,0.00879017580351607,26,15,49473,49736,461,230,0,0,0,0,0,0,99179,0,0,3,0,0,0,0,0,0,0,816,0,0,0,0,0,0
123,11385,124.19094657940546,99998,39,14,0,0,588,298,0.00886017720354407,25,15,49469,49736,466,234,0,0,0,0,0,0,99168,0,0,3,0,0,0,0,0,0,0,827,0,0,0,0,0,0
124,11385,125.03615007137945,99998,37,15,0,0,594,301,0.008950179003580071,26,13,49464,49735,472,236,0,0,0,0,0,0,99158,0,0,3,0,0,0,0,0,0,0,837,0,0,0,0,0,0
125,11385,126.00444496322443,99998,39,18,0,0,600,306,0.009060181203624073,26,11,49459,49733,475,237,0,0,0,0,0,0,99152,0,0,3,0,0,0,0,0,0,0,843,0,0,0,0,0,0
126,11385,127.10447272454682,99998,39,15,0,0,605,306,0.009110182203644073,30,15,49451,49732,479,237,0,0,0,0,0,0,99144,0,0,3,0,0,0,0,0,0,0,851,0,0,0,0,0,0
127,11385,128.182062116797,99998,42,13,0,0,612,309,0.009210184203684075,30,15,49445,49730,482,241,0,0,0,0,0,0,99135,0,0,3,0,0,0,0,0,0,0,860,0,0,0,0,0,0
128,11385,129.24034928743217,99998,46,15,0,0,620,312,0.009320186403728075,27,14,49442,49728,484,242,0,0,0,0,0,0,99130,0,0,3,0,0,0,0,0,0,0,865,0,0,0,0,0,0
129,11385,130.1588546084607,99998,47,14,0,0,624,314,0.009380187603752074,32,17,49434,49723,486,245,0,0,0,0,0,0,99124,0,0,3,0,0,0,0,0,0,0,871,0,0,0,0,0,0
130,11385,131.12464506434927,99998,42,15,0,0,630,316,0.009460189203784075,33,18,49428,49721,496,245,0,0,0,0,0,0,99112,0,0,3,0,0,0,0,0,0,0,883,0,0,0,0,0,0
131,11385,132.0397698117442,99998,46,18,0,0,635,322,0.009570191403828077,32,13,49425,49721,496,247,0,0,0,0,0,0,99108,0,0,3,0,0,0,0,0,0,0,887,0,0,0,0,0,0
132,11385,133.1433340317546,99998,43,21,0,0,645,329,0.009740194803896077,32,10,49417,49719,507,249,0,0,0,0,0,0,99091,0,0,3,0,0,0,0,0,0,0,904,0,0,0,0,0,0
133,11385,134.17084938601286,99998,41,20,0,0,649,330,0.009790195803916078,33,11,49413,49718,512,250,0,0,0,0,0,0,99083,0,0,3,0,0,0,0,0,0,0,912,0,0,0,0,0,0
134,11385,135.1521788340562,99998,53,21,0,0,665,335,0.01000020000400008,23,12,49408,49712,515,254,0,0,0,0,0,0,99075,0,0,3,0,0,0,0,0,0,0,920,0,0,0,0,0,0
135,11385,136.17986511509434,99998,44,17,0,0,669,335,0.01004020080401608,24,13,49404,49711,527,258,0,0,0,0,0,0,99058,0,0,3,0,0,0,0,0,0,0,937,0,0,0,0,0,0
136,11385,137.0049704615571,99998,39,15,0,0,673,337,0.010100202004040082,22,13,49404,49710,534,261,0,0,0,0,0,0,99045,0,0,3,0,0,0,0,0,0,0,950,0,0,0,0,0,0
137,11385,138.10465098965,99998,26,12,0,0,678,337,0.01015020300406008,20,14,49402,49710,551,263,0,0,0,0,0,0,99024,0,0,3,0,0,0,0,0,0,0,971,0,0,0,0,0,0
138,11385,139.0540463069983,99998,26,12,0,0,679,340,0.010190203804076082,23,14,49404,49710,546,263,0,0,0,0,0,0,99020,0,0,3,0,0,0,0,0,0,0,975,0,0,0,0,0,0
139,11385,140.2170182895278,99998,26,11,0,0,683,342,0.010250205004100081,20,13,49405,49709,548,266,0,0,0,0,0,0,99013,0,0,3,0,0,0,0,0,0,0,982,0,0,0,0,0,0
140,11385,141.1280667127764,99998,30,9,0,0,687,344,0.010310206204124083,17,11,49407,49713,545,266,0,0,0,0,0,0,99009,0,0,3,0,0,0,0,0,0,0,986,0,0,0,0,0,0
141,11385,142.01212665931732,99998,29,11,0,0,689,346,0.010350207004140083,17,12,49409,49710,544,266,0,0,0,0,0,0,99006,0,0,3,0,0,0,0,0,0,0,989,0,0,0,0,0,0
142,11385,143.08616404730506,99998,25,10,0,0,691,348,0.010390207804156082,18,12,49406,49710,550,267,0,0,0,0,0,0,98997,0,0,3,0,0,0,0,0,0,0,998,0,0,0,0,0,0
143,11385,144.07783512556924,99998,25,12,0,0,694,352,0.010460209204184084,21,9,49401,49711,552,267,0,0,0,0,0,0,98992,0,0,3,0,0,0,0,0,0,0,1003,0,0,0,0,0,0
144,11385,145.03202094503195,99998,26,11,0,0,699,353,0.010520210404208084,19,12,49398,49709,556,267,0,0,0,0,0,0,98986,0,0,3,0,0,0,0,0,0,0,1009,0,0,0,0,0,0
145,11385,146.3202907371276,99998,25,16,0,0,704,358,0.010620212404248085,16,11,49397,49706,561,266,0,0,0,0,0,0,98980,0,0,3,0,0,0,0,0,0,0,1015,0,0,0,0,0,0
146,11385,147.0298358854915,99998,27,14,0,0,709,359,0.010680213604272085,14,10,49397,49706,561,269,0,0,0,0,0,0,98974,0,0,3,0,0,0,0,0,0,0,1021,0,0,0,0,0,0
147,11385,148.2577373133972,99998,25,15,0,0,712,362,0.010740214804296086,14,10,49395,49703,565,271,0,0,0,0,0,0,98968,0,0,4,0,0,0,0,0,0,0,1026,0,0,0,0,0,0
148,11385,149.08447357222448,99998,25,12,0,0,717,362,0.010790215804316087,12,11,49394,49705,568,271,0,0,0,0,0,0,98960,0,0,4,0,0,0,0,0,0,0,1034,0,0,0,0,0,0
149,11385,150.00096891899312,99998,27,15,0,0,722,366,0.010880217604352087,9,10,49396,49702,567,272,0,0,0,0,0,0,98956,0,0,4,0,0,0,0,0,0,0,1038,0,0,0,0,0,0
150,11385,151.05522997002723,99998,25,16,0,0,725,370,0.010950219004380087,11,11,49392,49698,571,274,0,0,0,0,0,0,98948,0,0,4,0,0,0,0,0,0,0,1046,0,0,0,0,0,0
151,11385,152.01132768926973,99998,25,12,0,0,726,372,0.010980219604392088,12,10,49390,49698,572,279,0,0,0,0,0,0,98941,0,0,4,0,0,0,0,0,0,0,1053,0,0,0,0,0,0
152,11385,153.0065973677871,99998,25,13,0,0,728,374,0.011020220404408088,10,10,49392,49696,572,280,0,0,0,0,0,0,98938,0,0,4,0,0,0,0,0,0,0,1056,0,0,0,0,0,0
153,11385,154.01073718134887,99998,26,14,0,0,732,376,0.011080221604432089,13,9,49387,49696,573,280,0,0,0,0,0,0,98934,0,0,4,0,0,0,0,0,0,0,1060,0,0,0,0,0,0
154,11385,155.19410831492988,99998,29,13,0,0,738,379,0.01117022340446809,13,6,49385,49696,572,284,0,0,0,0,0,0,98927,0,0,4,0,0,0,0,0,0,0,1067,0,0,0,0,0,0
155,11385,156.03117950403382,99998,25,12,0,0,740,381,0.011210224204484089,14,8,49385,49693,575,286,0,0,0,0,0,0,98918,0,0,4,0,0,0,0,0,0,0,1076,0,0,0,0,0,0
156,11385,157.10768863016082,99998,27,12,0,0,745,382,0.01127022540450809,16,8,49382,49693,574,286,0,0,0,0,0,0,98914,0,0,4,0,0,0,0,0,0,0,1080,0,0,0,0,0,0
157,11385,158.02323905663943,99998,26,12,0,0,749,385,0.01134022680453609,13,7,49385,49694,575,286,0,0,0,0,0,0,98906,0,0,4,0,0,0,0,0,0,0,1088,0,0,0,0,0,0
158,11385,159.24493862724603,99998,27,12,0,0,753,385,0.01138022760455209,12,8,49386,49693,574,286,0,0,0,0,0,0,98903,0,0,4,0,0,0,0,0,0,0,1091,0,0,0,0,0,0
159,11385,160.00654099361276,99998,27,13,0,0,756,389,0.01145022900458009,18,11,49382,49686,572,289,0,0,0,0,0,0,98897,0,0,4,0,0,0,0,0,0,0,1097,0,0,0,0,0,0
160,11385,161.11324835847773,99998,28,16,0,0,761,394,0.011550231004620092,18,10,49379,49682,574,291,0,0,0,0,0,0,98891,0,0,4,0,0,0,0,0,0,0,1103,0,0,0,0,0,0
161,11385,162.3164677005663,99998,28,16,0,0,766,396,0.011620232404648092,18,8,49376,49682,577,293,0,0,0,0,0,0,98884,0,0,4,0,0,0,0,0,0,0,1110,0,0,0,0,0,0
162,11385,163.09217756898502,99998,26,17,0,0,766,398,0.011640232804656094,21,8,49374,49681,578,293,0,0,0,0,0,0,98881,0,0,4,0,0,0,0,0,0,0,1113,0,0,0,0,0,0
163,11385,164.0683599831783,99998,25,16,0,0,769,401,0.011700234004680093,20,6,49373,49683,581,294,0,0,0,0,0,0,98873,0,0,4,0,0,0,0,0,0,0,1121,0,0,0,0,0,0
164,11385,165.0905343952069,99998,25,17,0,0,774,404,0.011780235604712095,22,6,49370,49682,582,294,0,0,0,0,0,0,98866,0,0,4,0,0,0,0,0,0,0,1128,0,0,0,0,0,0
165,11385,166.0712095873013,99998,31,19,0,0,782,407,0.011890237804756095,18,6,49370,49679,580,295,0,0,0,0,0,0,98863,0,0,4,0,0,0,0,0,0,0,1131,0,0,0,0,0,0
166,11385,167.05315632753968,99998,30,19,0,0,790,409,0.011990239804796096,21,8,49361,49675,587,297,0,0,0,0,0,0,98852,0,0,4,0,0,0,0,0,0,0,1142,0,0,0,0,0,0
167,11385,168.21846902680147,99998,30,17,0,0,793,411,0.012040240804816096,23,9,49357,49675,589,298,0,0,0,0,0,0,98845,0,0,4,0,0,0,0,0,0,0,1149,0,0,0,0,0,0
168,11385,169.29792534023778,99998,32,16,0,0,800,412,0.012120242404848098,20,10,49355,49674,592,299,0,0,0,0,0,0,98838,0,0,4,0,0,0,0,0,0,0,1156,0,0,0,0,0,0
169,11385,170.19142955957435,99998,30,16,0,0,803,413,0.012160243204864097,21,9,49351,49676,597,298,0,0,0,0,0,0,98832,0,0,4,0,0,0,0,0,0,0,1162,0,0,0,0,0,0
170,11385,171.03517442624087,99998,32,16,0,0,808,414,0.012220244404888097,19,12,49348,49674,600,297,0,0,0,0,0,0,98828,0,0,4,0,0,0,0,0,0,0,1166,0,0,0,0,0,0
171,11385,172.13789318019644,99998,29,11,0,0,811,414,0.012250245004900098,18,14,49349,49673,603,301,0,0,0,0,0,0,98817,0,0,4,0,0,0,0,0,0,0,1177,0,0,0,0,0,0
172,11385,173.0703295098948,99998,32,14,0,0,817,418,0.012350247004940099,18,14,49346,49669,603,302,0,0,0,0,0,0,98813,0,0,4,0,0,0,0,0,0,0,1181,0,0,0,0,0,0
173,11385,174.00054906347012,99998,32,16,0,0,820,420,0.0124002480049601,16,14,49346,49669,605,300,0,0,0,0,0,0,98810,0,0,4,0,0,0,0,0,0,0,1184,0,0,0,0,0,0
174,11385,175.10462812057858,99998,34,14,0,0,827,422,0.0124902498049961,14,14,49343,49669,608,302,0,0,0,0,0,0,98801,0,0,4,0,0,0,0,0,0,0,1193,0,0,0,0,0,0
175,11385,176.16564595306338,99998,32,17,0,0,829,426,0.0125502510050201,17,13,49341,49667,609,302,0,0,0,0,0,0,98796,0,0,4,0,0,0,0,0,0,0,1198,0,0,0,0,0,0
176,11385,177.2174277561989,99998,31,17,0,0,834,428,0.012620252405048101,16,12,49338,49667,614,303,0,0,0,0,0,0,98788,0,0,4,0,0,0,0,0,0,0,1206,0,0,0,0,0,0
177,11385,178.24020683554556,99998,31,17,0,0,838,429,0.012670253405068102,18,15,49334,49664,616,303,0,0,0,0,0,0,98783,0,0,4,0,0,0,0,0,0,0,1211,0,0,0,0,0,0
178,11385,179.02398052471762,99998,31,19,0,0,841,432,0.012730254605092101,19,12,49334,49664,615,304,0,0,0,0,0,0,98779,0,0,4,0,0,0,0,0,0,0,1215,0,0,0,0,0,0
179,11385,180.17994495470458,99998,34,17,0,0,848,433,0.012810256205124102,22,14,49325,49663,618,305,0,0,0,0,0,0,98772,0,0,4,0,0,0,0,0,0,0,1222,0,0,0,0,0,0
180,11385,181.17137752641716,99998,37,19,0,0,852,436,0.012880257605152103,19,14,49325,49662,618,304,0,0,0,0,0,0,98770,0,0,4,0,0,0,0,0,0,0,1224,0,0,0,0,0,0
181,11385,182.019025802618,99998,34,18,0,0,856,440,0.012960259205184104,20,11,49320,49662,625,308,0,0,0,0,0,0,98758,0,0,4,0,0,0,0,0,0,0,1236,0,0,0,0,0,0
182,11385,183.05116463268237,99998,35,19,0,0,862,443,0.013050261005220104,24,11,49311,49661,629,308,0,0,0,0,0,0,98751,0,0,4,0,0,0,0,0,0,0,1243,0,0,0,0,0,0
183,11385,184.1525326391918,99998,38,21,0,0,870,449,0.013190263805276105,25,9,49306,49657,630,312,0,0,0,0,0,0,98743,0,0,5,0,0,0,0,0,0,0,1250,0,0,0,0,0,0
184,11385,185.12812940871703,99998,36,22,0,0,875,450,0.013250265005300106,25,14,49303,49652,635,311,0,0,0,0,0,0,98736,0,0,5,0,0,0,0,0,0,0,1257,0,0,0,0,0,0
185,11385,186.09035824166958,99998,39,21,0,0,882,453,0.013350267005340108,22,14,49301,49652,637,312,0,0,0,0,0,0,98728,0,0,5,0,0,0,0,0,0,0,1265,0,0,0,0,0,0
186,11385,187.06892987264726,99998,38,23,0,0,885,456,0.013410268205364107,23,13,49298,49651,640,312,0,0,0,0,0,0,98724,0,0,6,0,0,0,0,0,0,0,1268,0,0,0,0,0,0
187,11385,188.04481557408445,99998,39,20,0,0,890,459,0.013490269805396108,23,13,49294,49650,643,316,0,0,0,0,0,0,98714,0,0,6,0,0,0,0,0,0,0,1278,0,0,0,0,0,0
188,11385,189.28503473435077,99998,39,24,0,0,894,465,0.01359027180543611,27,11,49287,49648,646,316,0,0,0,0,0,0,98708,0,0,6,0,0,0,0,0,0,0,1284,0,0,0,0,0,0
189,11385,190.11055574962313,99998,39,24,0,0,899,467,0.01366027320546411,27,13,49285,49644,648,318,0,0,0,0,0,0,98701,0,0,6,0,0,0,0,0,0,0,1291,0,0,0,0,0,0
190,11385,191.23869756223766,99998,37,24,0,0,905,470,0.01375027500550011,33,14,49278,49640,651,321,0,0,0,0,0,0,98690,0,0,6,0,0,0,0,0,0,0,1302,0,0,0,0,0,0
191,11385,192.22879354103773,99998,38,24,0,0,910,472,0.01382027640552811,35,14,49274,49639,652,322,0,0,0,0,0,0,98684,0,0,6,0,0,0,0,0,0,0,1308,0,0,0,0,0,0
192,11385,193.06266268975256,99998,43,25,0,0,917,475,0.013920278405568112,34,14,49272,49637,650,323,0,0,0,0,0,0,98680,0,0,6,0,0,0,0,0,0,0,1312,0,0,0,0,0,0
193,11385,194.0269417470904,99997,42,24,0,1,922,478,0.014000420012600379,33,15,49269,49637,655,322,0,0,0,0,0,0,98670,0,0,6,0,0,0,0,0,0,0,1321,0,0,0,0,0,0
194,11385,195.33587828778354,99997,47,18,0,1,934,482,0.014160424812744382,33,20,49259,49630,660,330,0,0,0,0,0,0,98653,0,0,6,0,0,0,0,0,0,0,1338,0,0,0,0,0,0
195,11385,196.02615515296648,99997,44,19,0,1,937,487,0.014240427212816384,34,15,49256,49631,665,333,0,0,0,0,0,0,98643,0,0,6,0,0,0,0,0,0,0,1348,0,0,0,0,0,0
196,11385,197.1218220964746,99997,41,21,0,1,945,490,0.014350430512915388,36,16,49250,49627,672,334,0,0,0,0,0,0,98631,0,0,6,0,0,0,0,0,0,0,1360,0,0,0,0,0,0
197,11385,198.18027561706373,99997,44,18,0,1,959,494,0.014530435913077393,32,16,49245,49624,678,340,0,0,0,0,0,0,98613,0,0,6,0,0,0,0,0,0,0,1378,0,0,0,0,0,0
198,11385,199.00340051057248,99997,39,17,0,1,961,495,0.014560436813104392,32,19,49244,49622,684,340,0,0,0,0,0,0,98604,0,0,6,0,0,0,0,0,0,0,1387,0,0,0,0,0,0
199,11385,200.0353616664655,99997,41,21,0,1,971,501,0.014720441613248397,28,16,49243,49619,687,342,0,0,0,0,0,0,98594,0,0,6,0,0,0,0,0,0,0,1397,0,0,0,0,0,0
200,11385,201.31090389127687,99997,49,23,0,1,983,506,0.014890446713401402,27,14,49232,49617,691,344,0,0,0,0,0,0,98587,0,0,6,0,0,0,0,0,0,0,1404,0,0,0,0,0,0
201,11385,202.05675459574803,99997,41,23,0,1,984,508,0.014920447613428403,32,12,49231,49619,695,344,0,0,0,0,0,0,98576,0,0,6,0,0,0,0,0,0,0,1415,0,0,0,0,0,0
202,11385,203.07251970167778,99997,49,26,0,1,996,513,0.015090452713581408,30,9,49226,49617,694,346,0,0,0,0,0,0,98570,0,0,6,0,0,0,0,0,0,0,1421,0,0,0,0,0,0
203,11385,204.20629071535353,99997,49,22,0,1,1004,517,0.01521045631368941,24,8,49227,49617,699,351,0,0,0,0,0,0,98554,0,0,6,0,0,0,0,0,0,0,1437,0,0,0,0,0,0
204,11385,205.08791267134816,99997,44,18,0,1,1011,518,0.015290458713761413,26,10,49223,49617,706,353,0,0,0,0,0,0,98537,0,0,6,0,0,0,0,0,0,0,1454,0,0,0,0,0,0
205,11385,206.01050939915382,99997,45,18,0,1,1015,521,0.015360460813824415,28,10,49217,49615,709,355,0,0,0,0,0,0,98531,0,0,6,0,0,0,0,0,0,0,1460,0,0,0,0,0,0
206,11385,207.10055571878945,99997,42,18,0,1,1021,523,0.015440463213896418,29,10,49213,49614,715,356,0,0,0,0,0,0,98520,0,0,6,0,0,0,0,0,0,0,1471,0,0,0,0,0,0
207,11385,208.01680194465763,99997,38,12,0,1,1024,523,0.015470464113923417,27,10,49214,49614,720,362,0,0,0,0,0,0,98507,0,0,6,0,0,0,0,0,0,0,1484,0,0,0,0,0,0
208,11385,209.1549697389698,99997,46,14,0,1,1035,529,0.015640469214076424,22,8,49208,49610,723,366,0,0,0,0,0,0,98500,0,0,6,0,0,0,0,0,0,0,1491,0,0,0,0,0,0
209,11385,210.25503944525758,99995,42,16,2,1,1039,534,0.015730786539326965,26,5,49202,49608,727,369,0,0,0,0,0,0,98489,0,0,6,0,0,0,0,0,0,0,1500,0,0,0,0,0,0
210,11385,211.09059071558178,99995,44,16,2,1,1046,535,0.015810790539526977,22,6,49201,49606,730,370,0,0,0,0,0,0,98483,0,0,6,0,0,0,0,0,0,0,1506,0,0,0,0,0,0
211,11385,212.17668138693276,99995,38,14,2,1,1052,538,0.01590079503975199,27,5,49194,49604,738,375,0,0,0,0,0,0,98467,0,0,7,0,0,0,0,0,0,0,1521,0,0,0,0,0,0
212,11385,213.02335214652356,99995,41,13,2,1,1060,538,0.015980799039951997,24,7,49190,49604,742,374,0,0,0,0,0,0,98461,0,0,7,0,0,0,0,0,0,0,1527,0,0,0,0,0,0
213,11385,214.29784154429876,99995,42,10,2,1,1065,538,0.016030801540077005,25,7,49189,49607,741,374,0,0,0,0,0,0,98455,0,0,8,0,0,0,0,0,0,0,1532,0,0,0,0,0,0
214,11385,215.03768714487342,99995,44,8,2,1,1069,538,0.01607080354017701,21,8,49190,49606,742,376,0,0,0,0,0,0,98452,0,0,9,0,0,0,0,0,0,0,1534,0,0,0,0,0,0
215,11385,216.08929660102717,99995,34,10,2,1,1073,541,0.016140807040352017,24,7,49186,49605,753,376,0,0,0,0,0,0,98437,0,0,9,0,0,0,0,0,0,0,1549,0,0,0,0,0,0
216,11385,217.09565725729215,99995,31,13,2,1,1075,545,0.016200810040502025,25,8,49186,49603,755,374,0,0,0,0,0,0,98431,0,0,9,0,0,0,0,0,0,0,1555,0,0,0,0,0,0
217,11385,218.26073926775018,99995,28,12,2,1,1080,546,0.016260813040652033,27,7,49181,49603,761,376,0,0,0,0,0,0,98421,0,0,9,0,0,0,0,0,0,0,1565,0,0,0,0,0,0
218,11385,219.06631042424294,99995,31,12,2,1,1088,546,0.01634081704085204,23,8,49179,49602,764,376,0,0,0,0,0,0,98416,0,0,9,0,0,0,0,0,0,0,1570,0,0,0,0,0,0
219,11385,220.00239491815694,99995,28,11,2,1,1094,546,0.01640082004100205,19,9,49178,49603,772,375,0,0,0,0,0,0,98406,0,0,9,0,0,0,0,0,0,0,1580,0,0,0,0,0,0
220,11385,221.06632749797495,99995,27,11,2,1,1097,548,0.016450822541127057,18,8,49177,49603,775,376,0,0,0,0,0,0,98400,0,0,9,0,0,0,0,0,0,0,1586,0,0,0,0,0,0
221,11385,222.0880097132053,99995,21,12,2,1,1098,551,0.01649082454122706,22,7,49174,49601,780,378,0,0,0,0,0,0,98391,0,0,9,0,0,0,0,0,0,0,1595,0,0,0,0,0,0
222,11385,223.1814456803554,99995,22,10,2,1,1101,551,0.016520826041302065,22,8,49174,49602,779,378,0,0,0,0,0,0,98387,0,0,9,0,0,0,0,0,0,0,1599,0,0,0,0,0,0
223,11385,224.09956736681278,99995,21,12,2,1,1103,554,0.016570828541427073,22,8,49173,49600,781,378,0,0,0,0,0,0,98383,0,0,9,0,0,0,0,0,0,0,1603,0,0,0,0,0,0
224,11385,225.12150599837884,99995,23,13,2,1,1110,557,0.016670833541677085,19,6,49175,49599,780,380,0,0,0,0,0,0,98376,0,0,9,0,0,0,0,0,0,0,1610,0,0,0,0,0,0
225,11385,226.05350297037637,99995,23,13,2,1,1115,560,0.016750837541877093,18,4,49174,49599,782,382,0,0,0,0,0,0,98368,0,0,9,0,0,0,0,0,0,0,1618,0,0,0,0,0,0
226,11385,227.32588462112253,99995,25,11,2,1,1120,561,0.0168108405420271,15,5,49173,49601,784,381,0,0,0,0,0,0,98362,0,0,9,0,0,0,0,0,0,0,1624,0,0,0,0,0,0
227,11385,228.0463806039829,99995,25,14,2,1,1124,564,0.01688084404220211,13,2,49174,49604,785,378,0,0,0,0,0,0,98358,0,0,9,0,0,0,0,0,0,0,1628,0,0,0,0,0,0
228,11385,229.14298331237228,99995,25,14,2,1,1126,565,0.016910845542277113,15,4,49176,49602,781,378,0,0,0,0,0,0,98356,0,0,10,0,0,0,0,0,0,0,1629,0,0,0,0,0,0
229,11385,230.23851218916167,99995,26,15,2,1,1128,566,0.016940847042352117,16,4,49175,49602,780,377,0,0,0,0,0,0,98355,0,0,10,0,0,0,0,0,0,0,1630,0,0,0,0,0,0
230,11385,231.14811868672496,99995,27,13,2,1,1138,568,0.017060853042652133,7,4,49179,49601,784,380,0,0,0,0,0,0,98343,0,0,11,0,0,0,0,0,0,0,1641,0,0,0,0,0,0
231,11385,232.03667263179156,99995,26,14,2,1,1138,570,0.017080854042702136,8,3,49181,49601,782,380,0,0,0,0,0,0,98341,0,0,11,0,0,0,0,0,0,0,1643,0,0,0,0,0,0
232,11385,233.2700789728398,99994,21,13,2,2,1139,570,0.01709102546152769,12,5,49178,49600,786,379,0,0,0,0,0,0,98334,0,0,11,0,0,0,0,0,0,0,1649,0,0,0,0,0,0
233,11385,234.07678495088877,99994,20,14,2,2,1140,572,0.0171210272616357,14,3,49176,49600,787,380,0,0,0,0,0,0,98331,0,0,11,0,0,0,0,0,0,0,1652,0,0,0,0,0,0
234,11385,235.1377496444561,99994,17,13,2,2,1143,572,0.017151029061743706,14,3,49175,49601,791,380,0,0,0,0,0,0,98324,0,0,11,0,0,0,0,0,0,0,1659,0,0,0,0,0,0
235,11385,236.0596207745656,99994,16,9,2,2,1145,572,0.01717103026181571,13,5,49174,49599,794,384,0,0,0,0,0,0,98317,0,0,11,0,0,0,0,0,0,0,1666,0,0,0,0,0,0
236,11385,237.0762329015831,99994,19,7,2,2,1152,572,0.017241034462067723,13,6,49168,49598,797,386,0,0,0,0,0,0,98311,0,0,11,0,0,0,0,0,0,0,1672,0,0,0,0,0,0
237,11385,238.06690041988952,99994,18,7,2,2,1156,572,0.017281036862211732,14,8,49168,49599,797,383,0,0,0,0,0,0,98306,0,0,11,0,0,0,0,0,0,0,1677,0,0,0,0,0,0
238,11385,239.08433609527978,99994,17,5,2,2,1157,573,0.01730103806228374,17,7,49169,49599,794,386,0,0,0,0,0,0,98301,0,0,11,0,0,0,0,0,0,0,1682,0,0,0,0,0,0
239,11385,240.00234852069215,99994,19,9,2,2,1160,577,0.017371042262535753,16,3,49170,49600,792,385,0,0,0,0,0,0,98300,0,0,11,0,0,0,0,0,0,0,1683,0,0,0,0,0,0
240,11385,241.05942315190867,99994,17,10,2,2,1164,579,0.017431045862751765,14,1,49173,49600,793,386,0,0,0,0,0,0,98293,0,0,11,0,0,0,0,0,0,0,1690,0,0,0,0,0,0
241,11385,242.0443936042683,99994,15,6,2,2,1166,580,0.01746104766285977,15,2,49171,49601,796,388,0,0,0,0,0,0,98284,0,0,11,0,0,0,0,0,0,0,1699,0,0,0,0,0,0
242,11385,243.04110526363925,99994,22,4,2,2,1173,580,0.017531051863111786,12,3,49170,49600,793,390,0,0,0,0,0,0,98282,0,0,11,0,0,0,0,0,0,0,1701,0,0,0,0,0,0
243,11385,244.06251484222307,99994,23,3,2,2,1176,580,0.01756105366321979,15,6,49168,49597,791,391,0,0,0,0,0,0,98279,0,0,11,0,0,0,0,0,0,0,1704,0,0,0,0,0,0
244,11385,245.08698716326992,99994,21,5,2,2,1177,583,0.0176010560633638,15,3,49168,49599,793,390,0,0,0,0,0,0,98275,0,0,11,0,0,0,0,0,0,0,1708,0,0,0,0,0,0
245,11385,246.0341034241552,99994,23,5,2,2,1180,583,0.01763105786347181,13,5,49168,49598,793,389,0,0,0,0,0,0,98274,0,0,11,0,0,0,0,0,0,0,1709,0,0,0,0,0,0
246,11385,247.03349364523845,99994,25,6,2,2,1184,584,0.01768106086365182,15,4,49167,49600,790,387,0,0,0,0,0,0,98272,0,0,11,0,0,0,0,0,0,0,1711,0,0,0,0,0,0
247,11385,248.0708023085865,99994,26,6,2,2,1189,584,0.01773106386383183,16,5,49163,49599,792,387,0,0,0,0,0,0,98268,0,0,11,0,0,0,0,0,0,0,1715,0,0,0,0,0,0
248,11385,249.03478170270486,99994,26,9,2,2,1195,587,0.01782106926415585,13,4,49161,49599,797,385,0,0,0,0,0,0,98262,0,0,11,0,0,0,0,0,0,0,1721,0,0,0,0,0,0
249,11385,250.13708849915866,99994,23,7,2,2,1196,587,0.01783106986419185,17,8,49158,49597,799,385,0,0,0,0,0,0,98256,0,0,11,0,0,0,0,0,0,0,1727,0,0,0,0,0,0
250,11385,251.02249057107758,99994,26,6,2,2,1202,588,0.017901074064443866,14,12,49156,49592,801,387,0,0,0,0,0,0,98251,0,0,11,0,0,0,0,0,0,0,1732,0,0,0,0,0,0
251,11385,252.1605973886832,99994,26,10,2,2,1207,592,0.017991079464767887,10,11,49158,49591,803,385,0,0,0,0,0,0,98246,0,0,11,0,0,0,0,0,0,0,1737,0,0,0,0,0,0
252,11385,253.09210650430668,99994,27,12,2,2,1210,594,0.018041082464947896,16,9,49150,49592,804,384,0,0,0,0,0,0,98244,0,0,11,0,0,0,0,0,0,0,1739,0,0,0,0,0,0
253,11385,254.14265830080183,99994,27,13,2,2,1216,599,0.01815108906534392,15,9,49149,49588,806,387,0,0,0,0,0,0,98234,0,0,11,0,0,0,0,0,0,0,1749,0,0,0,0,0,0
254,11385,255.1222926176591,99994,25,13,2,2,1218,600,0.018181090865451926,20,9,49145,49588,807,387,0,0,0,0,0,0,98229,0,0,11,0,0,0,0,0,0,0,1754,0,0,0,0,0,0
255,11385,256.116628182503,99994,29,15,2,2,1226,602,0.01828109686581195,16,8,49147,49588,805,386,0,0,0,0,0,0,98225,0,0,11,0,0,0,0,0,0,0,1758,0,0,0,0,0,0
256,11385,257.1157363484561,99994,29,13,2,2,1230,602,0.01832109926595596,14,12,49149,49587,805,385,0,0,0,0,0,0,98220,0,0,12,0,0,0,0,0,0,0,1762,0,0,0,0,0,0
257,11385,258.02457874524356,99994,32,16,2,2,1237,605,0.01842110526631598,13,10,49144,49586,808,385,0,0,0,0,0,0,98216,0,0,12,0,0,0,0,0,0,0,1766,0,0,0,0,0,0
258,11385,259.04626649221115,99994,34,16,2,2,1240,607,0.01847110826649599,14,11,49141,49585,808,385,0,0,0,0,0,0,98213,0,0,12,0,0,0,0,0,0,0,1769,0,0,0,0,0,0
259,11385,260.01675067135284,99994,33,17,2,2,1245,610,0.018551113066784006,10,10,49145,49586,809,384,0,0,0,0,0,0,98206,0,0,13,0,0,0,0,0,0,0,1775,0,0,0,0,0,0
260,11385,261.0375229716482,99994,31,18,2,2,1249,615,0.018641118467108028,12,7,49143,49586,811,386,0,0,0,0,0,0,98196,0,0,13,0,0,0,0,0,0,0,1785,0,0,0,0,0,0
261,11385,262.154780695172,99994,29,20,2,2,1252,619,0.018711122667360042,14,4,49139,49586,815,387,0,0,0,0,0,0,98189,0,0,13,0,0,0,0,0,0,0,1792,0,0,0,0,0,0
262,11385,263.3278502994046,99994,29,19,2,2,1256,620,0.01876112566754005,15,6,49137,49584,816,388,0,0,0,0,0,0,98183,0,0,13,0,0,0,0,0,0,0,1798,0,0,0,0,0,0
263,11385,264.04201239111893,99994,32,18,2,2,1260,621,0.018811128667720063,14,10,49135,49579,816,390,0,0,0,0,0,0,98180,0,0,13,0,0,0,0,0,0,0,1801,0,0,0,0,0,0
264,11385,265.09193452258563,99994,26,22,2,2,1263,626,0.01889113346800808,14,7,49136,49577,821,391,0,0,0,0,0,0,98170,0,0,13,0,0,0,0,0,0,0,1811,0,0,0,0,0,0
265,11385,266.15457981501856,99994,24,24,2,2,1264,630,0.01894113646818809,15,6,49137,49576,821,391,0,0,0,0,0,0,98165,0,0,13,0,0,0,0,0,0,0,1816,0,0,0,0,0,0
266,11385,267.01065930235103,99994,23,22,2,2,1268,631,0.018991139468368102,17,8,49134,49575,823,392,0,0,0,0,0,0,98157,0,0,13,0,0,0,0,0,0,0,1824,0,0,0,0,0,0
267,11385,268.06357693809395,99994,20,21,2,2,1271,632,0.01903114186851211,20,11,49130,49572,827,393,0,0,0,0,0,0,98149,0,0,13,0,0,0,0,0,0,0,1832,0,0,0,0,0,0
268,11385,269.04952623021535,99994,23,20,2,2,1276,634,0.019101146068764126,18,11,49132,49574,824,392,0,0,0,0,0,0,98144,0,0,13,0,0,0,0,0,0,0,1837,0,0,0,0,0,0
269,11385,270.0514070229658,99994,22,21,2,2,1281,639,0.019201152069124146,17,8,49132,49577,826,391,0,0,0,0,0,0,98134,0,0,13,0,0,0,0,0,0,0,1847,0,0,0,0,0,0
270,11385,271.0238008287632,99994,21,19,2,2,1285,644,0.019291157469448168,19,8,49130,49573,827,397,0,0,0,0,0,0,98122,0,0,13,0,0,0,0,0,0,0,1859,0,0,0,0,0,0
271,11385,272.0114891545953,99994,25,20,2,2,1291,646,0.019371162269736186,19,10,49129,49570,824,397,0,0,0,0,0,0,98119,0,0,13,0,0,0,0,0,0,0,1862,0,0,0,0,0,0
272,11385,273.04172392034286,99994,24,18,2,2,1298,648,0.019461167670060203,14,9,49132,49570,827,400,0,0,0,0,0,0,98107,0,0,13,0,0,0,0,0,0,0,1874,0,0,0,0,0,0
273,11385,274.0414521028098,99993,25,19,2,3,1301,652,0.0195313671957037,15,9,49130,49567,827,401,0,0,0,0,0,0,98102,0,0,13,0,0,0,0,0,0,0,1878,0,0,0,0,0,0
274,11385,275.0087159171876,99993,25,22,2,3,1304,656,0.019601372096046725,17,7,49127,49565,828,402,0,0,0,0,0,0,98098,0,0,13,0,0,0,0,0,0,0,1882,0,0,0,0,0,0
275,11385,276.1602377840146,99993,20,19,2,3,1307,656,0.019631374196193735,16,8,49133,49565,828,404,0,0,0,0,0,0,98087,0,0,13,0,0,0,0,0,0,0,1893,0,0,0,0,0,0
276,11385,277.2943131874087,99993,18,19,2,3,1309,657,0.019661376296340745,16,9,49133,49564,830,404,0,0,0,0,0,0,98082,0,0,13,0,0,0,0,0,0,0,1898,0,0,0,0,0,0
277,11385,278.04337552687053,99993,13,16,2,3,1310,659,0.019691378396487755,18,10,49131,49562,835,408,0,0,0,0,0,0,98071,0,0,13,0,0,0,0,0,0,0,1909,0,0,0,0,0,0
278,11385,279.0170832429252,99993,20,17,2,3,1317,661,0.019781384696928785,13,9,49129,49564,835,406,0,0,0,0,0,0,98070,0,0,13,0,0,0,0,0,0,0,1910,0,0,0,0,0,0
279,11385,280.0089590296532,99993,18,20,2,3,1319,665,0.019841388897222804,16,6,49126,49567,837,403,0,0,0,0,0,0,98066,0,0,14,0,0,0,0,0,0,0,1913,0,0,0,0,0,0
280,11385,281.02409422917526,99993,17,14,2,3,1322,666,0.01988139169741882,15,7,49125,49567,840,408,0,0,0,0,0,0,98055,0,0,14,0,0,0,0,0,0,0,1924,0,0,0,0,0,0
281,11385,282.2224884197488,99993,18,14,2,3,1328,667,0.019951396597761843,13,8,49124,49567,842,407,0,0,0,0,0,0,98049,0,0,14,0,0,0,0,0,0,0,1930,0,0,0,0,0,0
282,11385,283.07682134934606,99993,14,14,2,3,1329,669,0.019981398697908853,13,6,49124,49567,846,409,0,0,0,0,0,0,98042,0,0,14,0,0,0,0,0,0,0,1937,0,0,0,0,0,0
283,11385,284.0821059758842,99993,15,13,2,3,1332,671,0.020031402198153872,11,6,49126,49566,845,411,0,0,0,0,0,0,98037,0,0,14,0,0,0,0,0,0,0,1942,0,0,0,0,0,0
284,11385,285.2153194502829,99993,13,13,2,3,1335,673,0.020081405698398887,14,6,49125,49565,845,412,0,0,0,0,0,0,98030,0,0,14,0,0,0,0,0,0,0,1949,0,0,0,0,0,0
285,11385,286.0260088495384,99993,16,13,2,3,1341,674,0.020151410598741912,11,7,49123,49563,847,413,0,0,0,0,0,0,98027,0,0,15,0,0,0,0,0,0,0,1951,0,0,0,0,0,0
286,11385,287.0575853996525,99993,14,15,2,3,1342,679,0.02021141479903593,13,5,49124,49560,846,416,0,0,0,0,0,0,98021,0,0,15,0,0,0,0,0,0,0,1957,0,0,0,0,0,0
287,11385,288.0472545441758,99993,17,17,2,3,1345,681,0.02026141829928095,15,3,49123,49562,842,414,0,0,0,0,0,0,98021,0,0,15,0,0,0,0,0,0,0,1957,0,0,0,0,0,0
288,11385,289.03631730598596,99993,16,11,2,3,1348,681,0.02029142039942796,15,4,49121,49562,845,419,0,0,0,0,0,0,98011,0,0,15,0,0,0,0,0,0,0,1967,0,0,0,0,0,0
289,11385,290.13799118412066,99993,18,11,2,3,1351,682,0.020331423199623975,14,4,49122,49561,843,420,0,0,0,0,0,0,98009,0,0,15,0,0,0,0,0,0,0,1969,0,0,0,0,0,0
290,11385,291.04623606191706,99993,17,10,2,3,1353,682,0.02035142459972198,13,6,49126,49562,841,418,0,0,0,0,0,0,98005,0,0,15,0,0,0,0,0,0,0,1973,0,0,0,0,0,0
291,11385,292.13337974855415,99993,18,7,2,3,1356,682,0.02038142669986899,15,8,49127,49561,837,420,0,0,0,0,0,0,98000,0,0,15,0,0,0,0,0,0,0,1978,0,0,0,0,0,0
292,11385,293.0815196556943,99993,19,8,2,3,1360,683,0.02043143020011401,12,10,49129,49561,837,417,0,0,0,0,0,0,97997,0,0,15,0,0,0,0,0,0,0,1981,0,0,0,0,0,0
293,11385,294.1932190006392,99993,18,9,2,3,1361,686,0.02047143300031002,14,9,49128,49560,837,418,0,0,0,0,0,0,97993,0,0,15,0,0,0,0,0,0,0,1985,0,0,0,0,0,0
294,11385,295.02474235981646,99993,22,11,2,3,1365,688,0.020531437200604043,12,9,49128,49559,835,417,0,0,0,0,0,0,97993,0,0,15,0,0,0,0,0,0,0,1985,0,0,0,0,0,0
295,11385,296.0986646598085,99993,23,9,2,3,1370,689,0.020591441400898063,11,9,49128,49559,835,419,0,0,0,0,0,0,97986,0,0,15,0,0,0,0,0,0,0,1992,0,0,0,0,0,0
296,11385,297.0492923736401,99993,21,8,2,3,1371,690,0.02061144280099607,14,10,49127,49558,835,420,0,0,0,0,0,0,97981,0,0,15,0,0,0,0,0,0,0,1997,0,0,0,0,0,0
297,11385,298.22919968208964,99993,22,8,2,3,1374,691,0.020651445601192083,18,9,49122,49559,835,420,0,0,0,0,0,0,97978,0,0,15,0,0,0,0,0,0,0,2000,0,0,0,0,0,0
298,11385,299.09082771675725,99993,23,11,2,3,1382,694,0.020761453301731122,14,6,49119,49559,841,420,0,0,0,0,0,0,97971,0,0,15,0,0,0,0,0,0,0,2007,0,0,0,0,0,0
299,11385,300.1381478864627,99993,26,11,2,3,1387,694,0.020811456801976137,12,8,49118,49558,841,419,0,0,0,0,0,0,97969,0,0,15,0,0,0,0,0,0,0,2009,0,0,0,0,0,0
300,11385,301.15267066076865,99993,25,11,2,3,1391,696,0.02087146100227016,14,8,49114,49556,844,421,0,0,0,0,0,0,97962,0,0,15,0,0,0,0,0,0,0,2016,0,0,0,0,0,0
301,11385,302.04773276947844,99993,28,10,2,3,1395,698,0.02093146520256418,15,7,49112,49555,842,424,0,0,0,0,0,0,97958,0,0,15,0,0,0,0,0,0,0,2020,0,0,0,0,0,0
302,11385,303.2090539127168,99992,25,9,2,4,1396,700,0.02096167693415473,15,8,49114,49552,843,426,0,0,0,0,0,0,97951,0,0,15,0,0,0,0,0,0,0,2026,0,0,0,0,0,0
303,11385,304.0311799996587,99992,23,11,2,4,1398,702,0.02100168013441075,16,10,49115,49548,843,426,0,0,0,0,0,0,97948,0,0,16,0,0,0,0,0,0,0,2028,0,0,0,0,0,0
304,11385,305.171834368434,99992,22,9,2,4,1402,704,0.021061684934794784,16,9,49112,49551,847,426,0,0,0,0,0,0,97939,0,0,16,0,0,0,0,0,0,0,2037,0,0,0,0,0,0
305,11385,306.0123137661595,99992,23,9,2,4,1405,705,0.021101688135050804,14,9,49114,49552,846,425,0,0,0,0,0,0,97936,0,0,16,0,0,0,0,0,0,0,2040,0,0,0,0,0,0
306,11385,307.11191075781613,99992,23,9,2,4,1410,705,0.02115169213537083,13,11,49110,49552,851,423,0,0,0,0,0,0,97931,0,0,16,0,0,0,0,0,0,0,2045,0,0,0,0,0,0
307,11385,308.01432778798346,99992,23,7,2,4,1413,705,0.021181694535562845,13,13,49107,49550,854,425,0,0,0,0,0,0,97926,0,0,16,0,0,0,0,0,0,0,2050,0,0,0,0,0,0
308,11385,309.22565026423666,99992,24,10,2,4,1418,710,0.021281702536202898,9,12,49110,49547,854,426,0,0,0,0,0,0,97920,0,0,16,0,0,0,0,0,0,0,2056,0,0,0,0,0,0
309,11385,310.1587074265792,99992,24,10,2,4,1420,710,0.021301704136330906,9,13,49110,49548,854,424,0,0,0,0,0,0,97918,0,0,16,0,0,0,0,0,0,0,2058,0,0,0,0,0,0
310,11385,311.17040305024295,99992,20,11,2,4,1421,712,0.021331706536522922,12,12,49107,49547,858,425,0,0,0,0,0,0,97912,0,0,16,0,0,0,0,0,0,0,2064,0,0,0,0,0,0
311,11385,312.07020894773933,99992,21,16,2,4,1423,717,0.02140171213697096,12,8,49106,49548,858,423,0,0,0,0,0,0,97911,0,0,16,0,0,0,0,0,0,0,2065,0,0,0,0,0,0
312,11385,313.02840837824317,99992,21,15,2,4,1424,719,0.02143171453716297,13,7,49107,49549,856,424,0,0,0,0,0,0,97907,0,0,16,0,0,0,0,0,0,0,2069,0,0,0,0,0,0
313,11385,314.1098573834896,99992,21,19,2,4,1430,723,0.021531722537803024,9,4,49108,49549,859,423,0,0,0,0,0,0,97901,0,0,16,0,0,0,0,0,0,0,2075,0,0,0,0,0,0
314,11385,315.0638283874077,99991,22,18,3,4,1433,726,0.02159194327489474,9,3,49110,49548,855,426,0,0,0,0,0,0,97895,0,0,16,0,0,0,0,0,0,0,2080,0,0,0,0,0,0
315,11385,316.0530242809137,99991,24,18,3,4,1437,727,0.021641947775299777,6,4,49111,49547,855,426,0,0,0,0,0,0,97892,0,0,16,0,0,0,0,0,0,0,2083,0,0,0,0,0,0
316,11385,317.1604344885434,99991,20,12,3,4,1437,730,0.0216719504755428,10,3,49110,49547,856,433,0,0,0,0,0,0,97879,0,0,16,0,0,0,0,0,0,0,2096,0,0,0,0,0,0
317,11385,318.0463684982926,99991,17,10,3,4,1437,730,0.0216719504755428,14,3,49108,49548,857,434,0,0,0,0,0,0,97874,0,0,16,0,0,0,0,0,0,0,2101,0,0,0,0,0,0
318,11385,319.07090185536373,99991,16,10,3,4,1442,732,0.02174195677610985,11,6,49107,49544,862,435,0,0,0,0,0,0,97866,0,0,16,0,0,0,0,0,0,0,2109,0,0,0,0,0,0
319,11385,320.0711617562065,99991,18,11,3,4,1446,733,0.021791961276514886,10,9,49105,49541,862,433,1,1,1,1,0,0,97862,0,0,16,0,0,0,0,0,0,2,2111,0,0,0,0,0,0
320,11385,321.059905345469,99991,19,14,3,4,1450,737,0.021871968477162943,7,7,49109,49539,859,433,2,2,2,2,0,0,97856,0,0,16,0,0,0,0,0,0,4,2115,0,0,0,0,0,0
321,11385,322.3034132802476,99991,17,12,3,4,1452,739,0.021911972077486973,10,5,49104,49539,862,436,3,3,3,3,0,0,97846,0,0,16,0,0,0,0,0,0,6,2123,0,0,0,0,0,0
322,11385,323.02271556527324,99991,18,11,3,4,1455,740,0.021951975677811004,9,8,49102,49535,863,437,4,4,4,4,0,0,97840,0,0,16,0,0,0,0,0,0,8,2127,0,0,0,0,0,0
323,11385,324.1338635562084,99991,17,13,3,4,1457,743,0.02200198017821604,8,8,49101,49533,865,436,5,5,5,5,0,0,97834,0,0,16,0,0,0,0,0,0,10,2131,0,0,0,0,0,0
324,11385,325.04130309741805,99991,20,15,3,4,1460,746,0.022061985578702082,8,6,49100,49531,862,437,6,6,6,6,0,0,97831,0,0,16,0,0,0,0,0,0,12,2132,0,0,0,0,0,0
325,11385,326.2559308624173,99991,19,17,3,4,1462,748,0.022101989179026112,11,7,49097,49528,863,436,6,7,8,7,0,0,97825,0,0,16,0,0,0,0,0,0,15,2135,0,0,0,0,0,0
326,11385,327.0534642150075,99991,16,17,3,4,1464,751,0.02215199367943115,10,6,49097,49524,866,439,7,9,10,8,0,0,97814,0,0,16,0,0,0,0,0,0,18,2143,0,0,0,0,0,0
327,11385,328.03741142531925,99991,16,17,3,4,1466,753,0.02219199727975518,9,5,49098,49522,865,440,8,11,12,9,0,0,97808,0,0,17,0,0,0,0,0,0,21,2145,0,0,0,0,0,0
328,11385,329.02432198731174,99991,13,11,3,4,1469,754,0.022232000880079206,9,7,49096,49517,869,446,9,14,15,10,0,0,97791,0,0,17,0,0,0,0,0,0,25,2158,0,0,0,0,0,0
329,11385,330.0033847535685,99991,10,9,3,4,1470,755,0.02225200268024122,9,7,49097,49513,870,449,10,17,18,11,0,0,97780,0,0,17,0,0,0,0,0,0,29,2165,0,0,0,0,0,0
330,11385,331.01208504414404,99991,12,8,3,4,1472,756,0.022282005380484242,9,7,49095,49509,869,450,11,21,22,12,0,0,97773,0,0,17,0,0,0,0,0,0,34,2167,0,0,0,0,0,0
331,11385,332.00337651961325,99991,12,10,3,4,1473,760,0.02233200988088928,9,4,49093,49504,870,451,12,26,27,13,0,0,97764,0,0,17,0,0,0,0,0,0,40,2170,0,0,0,0,0,0
332,11385,333.0357219767785,99991,12,7,3,4,1475,760,0.022352011681051293,10,5,49090,49504,871,448,13,31,32,14,0,0,97753,0,0,17,0,0,0,0,0,0,46,2175,0,0,0,0,0,0
333,11385,334.04364977649374,99991,11,7,3,4,1477,762,0.022392015281375324,11,3,49089,49499,871,449,14,37,38,15,0,0,97741,0,0,17,0,0,0,0,0,0,53,2180,0,0,0,0,0,0
334,11385,335.041297653104,99991,12,8,3,4,1479,763,0.022422017981618345,11,4,49089,49492,869,447,15,44,45,16,0,0,97732,0,0,17,0,0,0,0,0,0,61,2181,0,0,0,0,0,0
335,11385,336.12431735064035,99991,15,7,3,4,1482,764,0.022462021581942375,12,3,49089,49487,864,446,16,52,53,17,0,0,97721,0,0,17,0,0,0,0,0,0,70,2183,0,0,0,0,0,0
336,11385,337.16531094442047,99991,17,8,3,4,1486,765,0.02251202608234741,13,5,49086,49475,863,446,17,61,62,18,0,0,97709,0,0,17,0,0,0,0,0,0,80,2185,0,0,0,0,0,0
337,11385,338.0203922495426,99991,16,9,3,4,1486,767,0.022532027882509426,16,4,49083,49467,863,444,18,71,72,19,0,0,97696,0,0,17,0,0,0,0,0,0,91,2187,0,0,0,0,0,0
338,11385,339.0076789970927,99991,21,10,3,4,1494,768,0.022622035983238493,12,3,49080,49457,864,443,19,82,83,20,0,0,97683,0,0,19,0,0,0,0,0,0,103,2186,0,0,0,0,0,0
339,11385,340.0178785044674,99991,19,11,3,4,1496,770,0.02266203958356252,11,2,49081,49447,865,442,20,93,95,21,0,0,97665,0,0,19,0,0,0,0,0,0,116,2191,0,0,0,0,0,0
340,11385,341.0121157757703,99991,22,11,3,4,1502,772,0.02274204678421058,9,3,49082,49431,862,444,21,106,108,22,0,0,97646,0,0,19,0,0,0,0,0,0,130,2196,0,0,0,0,0,0
341,11385,342.19559209839844,99991,22,12,3,4,1503,773,0.022762048584372592,9,2,49082,49420,860,441,23,120,122,24,0,0,97629,0,0,19,0,0,0,0,0,0,146,2197,0,0,0,0,0,0
342,11385,343.0782148710777,99991,24,9,3,4,1508,773,0.02281205308477763,9,3,49078,49404,860,444,25,135,137,26,0,0,97606,0,0,19,0,0,0,0,0,0,163,2203,0,0,0,0,0,0
343,11385,344.06519283918396,99991,21,9,3,4,1508,774,0.022822053984858637,12,4,49076,49387,860,444,27,151,154,28,0,0,97583,0,0,19,0,0,0,0,0,0,182,2207,0,0,0,0,0,0
344,11385,345.1314511362779,99991,22,8,3,4,1511,776,0.022872058485263674,11,3,49072,49370,862,445,29,169,172,30,0,0,97559,0,0,19,0,0,0,0,0,0,201,2211,1,0,0,0,0,0
345,11385,346.24195194928853,99991,19,8,3,4,1513,777,0.022902061185506695,14,2,49070,49355,862,441,31,189,192,32,0,0,97532,0,0,19,0,0,0,0,0,0,222,2216,2,0,0,0,0,0
346,11385,347.0307132268638,99991,20,7,3,4,1514,777,0.022912062085587704,14,3,49073,49335,856,440,33,210,213,34,0,0,97509,0,0,19,0,0,0,0,0,0,244,2216,3,0,0,0,0,0
347,11385,348.15718409437596,99991,18,7,3,4,1518,777,0.02295206568591173,12,4,49073,49313,857,438,36,233,236,37,0,0,97477,0,0,19,0,0,0,0,0,0,270,2222,3,0,0,0,0,0
348,11385,349.1358111697445,99991,17,7,3,4,1520,779,0.02299206928623576,12,2,49071,49292,857,438,39,256,260,40,0,0,97445,0,0,19,0,0,0,0,0,0,297,2227,3,0,0,0,0,0
349,11385,350.0445231755403,99991,18,8,3,4,1523,780,0.02303207288655979,11,3,49071,49268,855,435,41,281,286,43,0,0,97414,0,0,19,0,0,0,0,0,0,326,2229,3,0,0,0,0,0
350,11385,351.1510523068119,99991,20,9,3,4,1525,781,0.023062075586802813,11,2,49067,49243,855,433,43,308,314,46,0,0,97383,0,0,19,0,0,0,0,0,0,357,2229,3,0,0,0,0,0
351,11385,352.0188200801818,99991,20,10,3,4,1528,782,0.023102079187126843,13,2,49059,49213,857,433,47,337,343,50,0,0,97347,0,0,19,0,0,0,0,0,0,390,2232,3,0,0,0,0,0
352,11385,353.27515648918103,99991,21,8,3,4,1534,782,0.023162084587612885,9,2,49054,49187,861,433,51,365,374,54,0,0,97307,0,0,19,0,0,0,0,0,0,423,2237,5,0,0,0,0,0
353,11385,354.25180179643525,99991,18,7,3,4,1535,782,0.02317208548769389,15,3,49045,49154,863,433,55,398,407,58,0,0,97265,0,0,19,0,0,0,0,0,0,460,2242,5,0,0,0,0,0
354,11385,355.1551591555792,99991,19,5,3,4,1538,783,0.02321208908801792,14,5,49044,49117,859,435,60,433,442,63,0,0,97220,0,0,19,0,0,0,0,0,0,500,2247,5,0,0,0,0,0
355,11385,356.1434458265547,99991,21,7,3,4,1541,785,0.023262093588422957,12,4,49042,49083,857,432,64,469,479,68,0,0,97178,0,0,19,0,0,0,0,0,0,541,2247,6,0,0,0,0,0
356,11385,357.0787527242717,99991,20,8,3,4,1542,786,0.023282095388584972,12,7,49037,49041,858,431,69,508,518,73,0,0,97132,0,0,19,0,0,0,0,0,0,585,2249,6,0,0,0,0,0
357,11385,358.02440661772977,99991,21,8,3,4,1544,788,0.023322098988909003,15,6,49028,49002,857,433,75,546,559,79,0,0,97082,0,0,19,0,0,0,0,0,0,632,2252,6,0,0,0,0,0
358,11385,359.038369322443,99991,22,9,3,4,1547,790,0.02337210348931404,15,5,49023,48964,856,431,80,586,602,85,0,0,97031,0,0,19,0,0,0,0,0,0,680,2254,7,0,0,0,0,0
359,11385,360.19330344152667,99991,26,10,3,4,1554,792,0.023462111590043105,12,4,49015,48923,857,430,86,628,647,91,0,0,96976,0,0,19,0,0,0,0,0,0,731,2258,7,0,0,0,0,0
360,11385,361.1809781008167,99991,25,11,3,4,1556,793,0.023492114290286126,16,5,49005,48877,857,427,93,675,695,98,0,0,96920,0,0,19,0,0,0,0,0,0,784,2259,9,0,0,0,0,0
361,11385,362.0435468092623,99991,26,12,3,4,1561,794,0.02355211969077217,18,4,48998,48832,854,426,100,721,745,105,0,0,96859,0,0,19,0,0,0,0,0,0,841,2263,9,0,0,0,0,0
362,11385,363.2083768048851,99991,23,11,3,4,1563,794,0.023572121490934184,18,4,48992,48783,855,426,108,771,797,113,0,0,96795,0,0,20,0,0,0,0,0,0,900,2266,10,0,0,0,0,0
363,11385,364.02917224685456,99991,28,12,3,4,1570,795,0.02365212869158224,15,4,48983,48728,854,426,116,825,852,121,0,0,96730,0,0,20,0,0,0,0,0,0,963,2268,10,0,0,0,0,0
364,11385,365.20513358601977,99991,28,11,3,4,1576,796,0.023722134992149292,13,5,48972,48678,860,424,123,877,909,130,0,0,96658,0,0,20,0,0,0,0,0,0,1027,2274,12,0,0,0,0,0
365,11385,366.0983677708101,99991,29,9,3,4,1580,797,0.02377213949255433,10,4,48963,48625,862,422,132,935,968,139,0,0,96588,0,0,20,0,0,0,0,0,0,1091,2276,16,0,0,0,0,0
366,11385,367.0987646243767,99991,27,7,3,4,1586,800,0.023862147593283395,6,1,48953,48570,868,425,142,992,1030,149,0,0,96504,0,0,20,0,0,0,0,0,0,1162,2288,17,0,0,0,0,0
367,11385,368.29417181469904,99991,19,5,3,4,1588,800,0.02388214939344541,6,2,48946,48510,873,424,152,1054,1094,160,0,0,96419,0,0,20,0,0,0,0,0,0,1235,2298,19,0,0,0,0,0
368,11385,369.27817212459394,99991,18,5,3,4,1589,800,0.023892150293526416,6,3,48939,48447,871,422,162,1118,1161,171,0,0,96340,0,0,20,0,0,0,0,0,0,1312,2299,20,0,0,0,0,0
369,11385,370.2124394410868,99991,22,6,3,4,1593,801,0.023942154793931456,5,5,48931,48380,864,417,174,1187,1231,183,0,0,96260,0,0,20,0,0,0,0,0,0,1392,2297,22,0,0,0,0,0
370,11385,371.0473334888377,99991,20,8,3,4,1595,803,0.023982158394255482,6,6,48919,48312,866,413,185,1256,1303,195,0,0,96174,0,0,20,0,0,0,0,0,0,1474,2299,24,0,0,0,0,0
371,11385,372.0867426830771,99991,18,7,3,4,1596,804,0.024002160194417498,8,9,48906,48238,866,414,198,1327,1378,208,0,0,96083,0,0,21,0,0,0,0,0,0,1561,2301,25,0,0,0,0,0
372,11385,373.1019522131876,99991,18,7,3,4,1597,807,0.024042163794741528,8,7,48899,48166,861,415,210,1400,1456,222,0,0,95989,0,0,21,0,0,0,0,0,0,1651,2303,27,0,0,0,0,0
373,11385,374.1206179326551,99991,19,8,3,4,1601,810,0.02411217009530858,6,6,48887,48093,860,416,224,1472,1536,236,0,0,95893,0,0,21,1,0,0,0,0,0,1743,2305,28,0,0,0,0,0
374,11385,375.1782501008625,99991,23,10,3,4,1606,813,0.024192177295956636,3,5,48872,48014,860,416,238,1550,1619,251,0,0,95794,0,0,21,1,0,0,0,0,0,1840,2306,29,0,0,0,0,0
375,11385,376.0123643327788,99991,22,11,3,4,1608,815,0.024232180896280667,7,7,48853,47928,860,413,254,1636,1705,267,0,0,95690,0,0,21,1,0,0,0,0,0,1940,2308,31,0,0,0,0,0
376,11385,377.015904333835,99991,20,14,3,4,1613,820,0.02433218989709074,7,2,48834,47848,865,410,270,1721,1794,284,0,0,95579,0,0,21,1,0,0,0,0,0,2042,2313,35,0,0,0,0,0
377,11385,378.14454001244405,99991,22,13,3,4,1616,820,0.02436219259733376,9,5,48816,47757,862,410,287,1810,1885,302,0,0,95469,0,0,21,1,0,0,0,0,0,2150,2314,36,0,0,0,0,0
378,11385,379.294891406859,99991,20,11,3,4,1618,821,0.02439219529757678,10,6,48802,47673,862,411,302,1894,1979,320,0,0,95353,0,0,21,1,0,0,0,0,0,2259,2318,39,0,0,0,0,0
379,11385,380.0335370371759,99991,20,11,3,4,1620,821,0.024412197097738796,8,6,48788,47581,859,411,321,1986,2076,339,0,0,95239,0,0,21,1,0,0,0,0,0,2371,2316,43,0,0,0,0,0
380,11385,381.3023421562798,99991,19,11,3,4,1621,822,0.02443219889790081,9,6,48771,47494,858,410,339,2074,2176,359,0,0,95118,0,0,21,1,0,0,0,0,0,2489,2317,45,0,0,0,0,0
381,11385,382.00966180202556,99991,19,12,3,4,1624,824,0.024482203398305848,6,6,48753,47394,858,411,360,2172,2279,380,0,0,94992,0,0,21,1,0,0,0,0,0,2611,2319,47,0,0,0,0,0
382,11385,383.0151965343974,99991,16,12,3,4,1625,824,0.024492204298386853,6,9,48734,47289,859,410,381,2275,2385,402,0,0,94860,0,0,21,1,0,0,0,0,0,2739,2323,47,0,0,0,0,0
383,11385,384.13501930285497,99991,18,13,3,4,1628,826,0.02454220879879189,5,10,48715,47187,857,409,401,2376,2494,425,0,0,94730,0,0,21,1,0,0,0,0,0,2867,2321,51,0,0,0,0,0
384,11385,385.00814411039386,99991,15,13,3,4,1628,828,0.024562210598953905,7,9,48695,47088,858,407,421,2478,2606,449,0,0,94592,0,0,21,1,0,0,0,0,0,3000,2323,54,0,0,0,0,0
385,11385,386.010905519634,99991,17,14,3,4,1630,833,0.024632216899520956,7,5,48673,46984,853,409,446,2583,2721,474,0,0,94452,0,0,21,1,0,0,0,0,0,3136,2323,58,0,0,0,0,0
386,11385,387.2948746734446,99991,17,14,3,4,1633,835,0.024682221399925992,13,3,48640,46877,854,406,472,2695,2839,500,0,0,94303,0,0,21,1,0,0,0,0,0,3280,2328,58,0,0,0,0,0
387,11385,388.0773416993012,99991,18,14,3,4,1635,835,0.024702223200088008,12,4,48616,46763,853,405,497,2809,2960,527,0,0,94155,0,0,21,1,0,0,0,0,0,3427,2328,59,0,0,0,0,0
388,11385,389.0216394533533,99991,17,15,3,4,1636,836,0.024722225000250023,12,3,48590,46658,853,399,524,2920,3084,555,0,0,94003,0,0,21,1,0,0,0,0,0,3577,2328,61,0,0,0,0,0
389,11385,390.22956279616847,99991,18,11,3,4,1639,836,0.024752227700493044,14,5,48561,46536,853,403,550,3040,3211,584,0,0,93842,0,0,21,1,0,0,0,0,0,3732,2333,62,0,0,0,0,0
390,11385,391.0707979840657,99991,18,11,3,4,1642,838,0.02480223220089808,13,4,48531,46422,854,403,580,3155,3341,614,0,0,93678,0,0,21,1,0,0,0,0,0,3891,2337,63,0,0,0,0,0
391,11385,392.0538325052354,99991,23,10,3,4,1648,838,0.024862237601384125,14,5,48499,46303,851,401,609,3276,3474,645,0,0,93514,0,0,21,1,0,0,0,0,0,4053,2337,65,0,0,0,0,0
392,11385,393.2168778666755,99991,19,10,3,4,1650,839,0.024892240301627146,14,5,48468,46183,855,400,640,3397,3610,678,0,0,93342,0,0,21,1,0,0,0,0,0,4218,2340,69,0,0,0,0,0
393,11385,394.0511984784764,99991,17,8,3,4,1651,839,0.024902241201708152,13,5,48438,46051,854,399,674,3532,3749,712,0,0,93168,0,0,21,1,0,0,0,0,0,4387,2341,73,0,0,0,0,0
394,11385,395.07544590456075,99991,18,6,3,4,1654,839,0.024932243901951177,13,5,48407,45922,852,398,706,3664,3891,747,0,0,92991,0,0,21,1,0,0,0,0,0,4560,2341,77,0,0,0,0,0
395,11385,396.0285683157592,99991,18,7,3,4,1657,842,0.02499224930243722,13,3,48376,45789,849,397,740,3799,4036,783,0,0,92815,0,0,21,1,0,0,0,0,0,4731,2336,87,0,0,0,0,0
396,11385,397.10916511059276,99991,20,6,3,4,1661,842,0.02503225290276125,9,3,48346,45656,847,397,774,3933,4184,821,0,0,92628,0,0,21,1,0,0,0,0,0,4915,2337,89,0,0,0,0,0
397,11385,398.0336683195993,99991,18,5,3,4,1662,842,0.025042253802842255,10,4,48312,45517,844,397,812,4072,4335,860,0,0,92437,0,0,21,1,0,0,0,0,0,5102,2338,92,0,0,0,0,0
398,11385,399.12936986780034,99991,20,6,3,4,1666,843,0.02509225830324729,10,6,48274,45381,843,392,849,4210,4489,900,0,0,92244,0,0,21,1,0,0,0,0,0,5293,2337,95,0,0,0,0,0
399,11385,400.2563151288668,99991,19,6,3,4,1668,845,0.02513226190357132,8,5,48236,45244,845,391,888,4349,4645,942,0,0,92042,0,0,21,1,0,0,0,0,0,5490,2341,96,0,0,0,0,0
400,11385,401.0990692265838,99991,19,7,3,4,1670,847,0.025172265503895352,10,3,48197,45094,843,392,927,4499,4804,985,0,0,91841,0,0,21,1,0,0,0,0,0,5688,2340,100,0,0,0,0,0
401,11385,402.0165329085454,99991,20,10,3,4,1672,850,0.025222270004300388,10,2,48158,44939,840,392,968,4652,4966,1030,0,0,91636,0,0,21,1,0,0,0,0,0,5892,2338,103,0,0,0,0,0
402,11385,403.24884630137365,99990,23,9,3,5,1677,851,0.025282528252825284,10,2,48119,44802,835,389,1009,4792,5131,1076,0,0,91425,0,0,21,1,0,0,0,0,0,6099,2337,107,0,0,0,0,0
403,11385,404.2282700525542,99990,22,9,3,5,1679,852,0.02531253125312531,11,1,48072,44648,837,387,1054,4949,5299,1123,0,0,91210,0,0,21,1,0,0,0,0,0,6310,2337,111,0,0,0,0,0
404,11385,405.01621311648967,99990,21,7,3,5,1682,852,0.025342534253425343,11,1,48026,44490,839,387,1099,5109,5470,1172,0,0,90990,0,0,21,1,0,0,0,0,0,6524,2337,117,0,0,0,0,0
405,11385,406.15556857063274,99990,21,7,3,5,1687,852,0.025392539253925393,10,2,47977,44336,842,385,1146,5264,5644,1222,0,0,90763,0,0,21,1,0,0,0,0,0,6746,2340,119,0,0,0,0,0
406,11385,407.18850949183934,99990,24,7,3,5,1691,852,0.025432543254325434,11,2,47934,44185,834,378,1193,5422,5820,1274,0,0,90542,0,0,21,1,0,0,0,0,0,6966,2333,127,0,0,0,0,0
407,11385,408.2235862010366,99990,20,6,3,5,1692,852,0.025442544254425443,13,4,47883,44021,838,372,1242,5591,5999,1328,0,0,90311,0,0,21,1,0,0,0,0,0,7191,2331,135,0,0,0,0,0
408,11385,409.2896463944147,99990,19,6,3,5,1695,852,0.02547254725472547,14,4,47832,43865,839,368,1292,5751,6181,1383,0,0,90082,0,0,21,1,0,0,0,0,0,7416,2323,147,0,0,0,0,0
409,11385,410.0368736508653,99990,20,6,3,5,1697,855,0.02552255225522552,15,2,47781,43697,836,369,1344,5920,6365,1440,0,0,89840,0,0,21,1,0,0,0,0,0,7654,2324,150,0,0,0,0,0
410,11385,411.0029319543165,99990,19,5,3,5,1701,855,0.025562556255625563,12,2,47733,43531,831,369,1401,6087,6552,1498,0,0,89594,0,0,21,1,0,0,0,0,0,7894,2325,155,0,0,0,0,0
411,11385,412.02527215982354,99990,18,6,3,5,1702,856,0.02558255825582558,14,4,47677,43360,828,367,1459,6257,6741,1558,0,0,89350,0,0,21,1,0,0,0,0,0,8136,2320,162,0,0,0,0,0
412,11385,413.1310866103863,99990,20,6,3,5,1708,858,0.025662566256625663,12,5,47622,43201,827,364,1515,6418,6933,1620,0,0,89095,0,0,21,1,0,0,0,0,0,8385,2321,167,0,0,0,0,0
413,11385,414.18383564294606,99990,22,6,3,5,1711,859,0.025702570257025704,9,4,47563,43027,826,363,1576,6594,7127,1683,0,0,88841,0,0,21,1,0,0,0,0,0,8637,2318,172,0,0,0,0,0
414,11385,415.05589278274954,99990,25,7,3,5,1714,861,0.025752575257525754,10,3,47503,42847,823,362,1635,6775,7324,1748,0,0,88583,0,0,21,1,0,0,0,0,0,8894,2314,177,0,0,0,0,0
415,11385,416.05615925547403,99990,25,6,3,5,1716,863,0.02579257925792579,9,4,47443,42669,824,365,1695,6950,7523,1815,0,0,88316,0,0,21,1,0,0,0,0,0,9156,2315,181,0,0,0,0,0
416,11385,417.1435497135898,99990,25,5,3,5,1719,864,0.025832583258325832,9,5,47380,42493,821,365,1761,7126,7725,1884,0,0,88047,0,0,20,2,0,0,0,0,0,9420,2314,187,0,0,0,0,0
417,11385,418.0699711605037,99990,27,6,3,5,1723,865,0.025882588258825882,9,4,47313,42322,820,362,1827,7300,7929,1954,0,0,87780,0,0,20,2,0,0,0,0,0,9685,2307,196,0,0,0,0,0
418,11385,419.14843331180265,99990,22,7,3,5,1724,866,0.0259025902590259,11,6,47249,42145,822,359,1892,7477,8135,2026,0,0,87504,0,0,20,2,0,0,0,0,0,9955,2305,204,0,0,0,0,0
419,11385,420.0763754704696,99990,22,7,3,5,1728,867,0.02595259525952595,34,34,47163,41945,819,356,1958,7652,8343,2100,0,0,87222,1,0,20,2,0,0,0,0,0,10232,2304,209,0,0,0,0,0
420,11385,421.1406214266402,99990,27,16,3,5,1736,876,0.026122612261226124,29,29,47098,41769,819,355,2023,7825,8554,2176,0,0,86936,4,0,20,2,0,0,0,0,0,10515,2300,213,0,0,0,0,0
421,11385,422.01240522318346,99990,30,22,3,5,1741,884,0.026252625262526252,30,22,47022,41579,816,355,2098,8016,8767,2254,0,0,86650,8,0,20,2,0,0,0,0,0,10797,2291,222,0,0,0,0,0
422,11385,423.22725515924765,99990,27,23,3,5,1748,890,0.026382638263826384,36,21,46943,41383,823,358,2167,8209,8982,2333,0,0,86348,22,1,20,2,0,0,0,0,0,11084,2285,228,0,0,0,0,0
423,11385,424.03827076014784,99990,29,25,3,5,1751,895,0.026462646264626462,37,20,46867,41182,820,360,2243,8407,9199,2414,0,0,86049,25,2,20,2,0,0,0,0,0,11379,2283,230,0,0,0,0,0
424,11385,425.102590142475,99990,35,21,3,5,1761,899,0.026602660266026604,34,22,46782,40987,823,366,2322,8598,9418,2497,0,0,85743,35,3,20,3,0,0,0,0,0,11674,2277,235,0,0,0,0,0
425,11385,426.3235148746419,99990,38,24,3,5,1768,905,0.026732673267326732,34,19,46706,40785,823,365,2395,8801,9639,2582,0,0,85437,42,3,20,3,0,0,0,0,0,11973,2270,242,0,0,0,0,0
426,11385,427.16511409514953,99990,44,27,3,5,1776,909,0.02685268526852685,33,18,46621,40586,822,364,2476,8999,9861,2669,0,0,85130,45,3,20,3,0,0,0,0,0,12277,2265,247,0,0,0,0,0
427,11385,428.002983245801,99990,51,24,3,5,1788,912,0.027002700270027002,34,22,46529,40396,822,369,2560,9183,10085,2758,0,0,84818,54,5,20,3,0,0,0,0,0,12578,2255,257,0,0,0,0,0
428,11385,429.23033399215757,99990,57,28,3,5,1801,919,0.027202720272027203,30,18,46438,40201,826,370,2645,9377,10311,2849,0,0,84497,63,6,20,3,0,0,0,0,0,12889,2250,262,0,0,0,0,0
429,11385,430.04823086807914,99990,56,33,3,5,1810,926,0.027362736273627362,28,16,46349,39991,833,369,2730,9585,10538,2942,0,0,84169,74,7,20,3,0,0,0,0,0,13205,2247,265,0,0,0,0,0
430,11385,431.2508256981754,99990,57,30,3,5,1818,931,0.027492749274927494,36,16,46256,39798,834,374,2813,9776,10767,3037,0,0,83842,85,11,20,3,0,0,0,0,0,13517,2239,273,0,0,0,0,0
431,11385,432.0549864632491,99990,69,29,3,5,1836,935,0.027712771277127714,33,21,46160,39596,835,375,2899,9973,10998,3133,0,0,83517,95,11,21,3,0,0,0,0,0,13832,2226,285,0,0,0,0,0
432,11385,433.29192559736657,99990,72,35,3,5,1850,944,0.027942794279427943,37,21,46059,39416,844,375,2984,10147,11230,3231,0,0,83181,106,13,22,3,0,0,0,0,0,14155,2220,290,0,0,0,0,0
433,11385,434.1179861257751,99990,69,36,3,5,1859,948,0.028072807280728074,41,20,45957,39220,853,372,3076,10346,11463,3331,0,0,82841,121,13,22,3,0,0,0,0,0,14480,2212,298,0,0,0,0,0
434,11385,435.01764503446833,99990,73,39,3,5,1867,954,0.028212821282128212,40,17,45855,39002,855,375,3173,10561,11698,3433,0,0,82502,126,14,23,3,0,0,0,0,0,14813,2208,301,0,0,0,0,0
435,11385,436.1320819838952,99990,70,45,3,5,1879,965,0.028442844284428444,43,14,45758,38795,862,376,3263,10764,11934,3537,0,0,82150,146,14,23,3,0,0,0,0,0,15145,2200,309,0,0,0,0,0
436,11385,437.3712515505323,99990,67,41,3,5,1891,971,0.028622862286228623,55,18,45644,38604,874,383,3356,10948,12171,3643,0,0,81792,167,17,24,3,0,0,0,0,0,15479,2193,315,0,0,0,0,0
437,11385,438.0746723891765,99990,72,39,3,5,1904,975,0.028792879287928792,56,26,45538,38403,879,387,3451,11139,12409,3751,0,0,81440,178,19,25,3,0,0,0,0,0,15818,2187,320,0,0,0,0,0
438,11385,439.3280986917966,99990,64,47,3,5,1912,989,0.029012901290129012,61,20,45431,38186,890,390,3550,11351,12649,3861,0,0,81079,197,22,25,3,0,0,0,0,0,16157,2179,328,0,0,0,0,0
439,11385,440.38994592665483,99990,72,47,3,5,1932,996,0.02928292829282928,66,24,45320,37992,892,394,3646,11537,12890,3973,0,0,80715,212,25,26,3,0,0,0,0,0,16503,2174,332,0,0,0,0,0
440,11385,441.22913991601587,99990,74,44,3,5,1939,1000,0.029392939293929395,74,27,45210,37785,892,394,3746,11744,13132,4087,0,0,80359,220,29,26,3,0,0,0,0,0,16847,2166,340,0,0,0,0,0
441,11385,442.07031801985346,99990,86,48,3,5,1957,1008,0.02965296529652965,72,27,45096,37568,894,397,3848,11954,13374,4203,0,0,80001,228,31,26,3,0,0,0,0,0,17195,2158,348,0,0,0,0,0
442,11385,443.33561229787887,99990,96,57,3,5,1978,1021,0.029992999299929993,69,20,44980,37366,897,394,3954,12157,13617,4321,0,0,79645,243,31,26,3,0,0,0,0,0,17536,2138,368,0,0,0,0,0
443,11385,444.32255969609866,99990,109,55,3,5,2007,1031,0.030383038303830382,55,28,44878,37161,907,401,4047,12349,13861,4441,0,0,79264,265,37,26,3,0,0,0,0,0,17889,2133,373,0,0,0,0,0
444,11385,445.1697502091309,99990,115,59,3,5,2019,1041,0.0306030603060306,62,24,44754,36945,906,399,4159,12567,14106,4563,0,0,78903,271,43,26,3,0,0,0,0,0,18238,2121,385,0,0,0,0,0
445,11385,446.0190957922289,99990,107,56,3,5,2024,1046,0.030703070307030702,71,25,44639,36750,915,402,4264,12761,14351,4687,0,0,78524,288,47,26,3,0,0,0,0,0,18596,2114,392,0,0,0,0,0
446,11385,447.2969975525614,99990,121,58,3,5,2054,1060,0.031143114311431144,73,24,44506,36545,925,411,4371,12956,14597,4813,0,0,78132,314,49,26,3,0,0,0,0,0,18960,2108,398,0,0,0,0,0
447,11385,448.1508876358293,99990,116,57,3,5,2065,1065,0.0313031303130313,83,23,44385,36338,933,411,4479,13165,14844,4941,0,0,77749,331,54,26,3,0,0,0,0,0,19321,2099,407,0,0,0,0,0
448,11385,449.0071504138916,99990,116,56,3,5,2081,1073,0.031543154315431546,90,24,44257,36124,941,416,4592,13374,15091,5070,0,0,77363,353,56,27,3,0,0,0,0,0,19683,2086,419,0,0,0,0,0
449,11385,450.29580589889343,99990,127,48,3,5,2113,1080,0.031933193319331935,89,24,44128,35938,954,423,4698,13561,15338,5201,0,0,76967,383,62,27,3,0,0,0,0,0,20043,2074,431,0,0,0,0,0
450,11385,451.1568939619793,99990,137,46,3,5,2140,1084,0.03224322432243224,95,29,43980,35730,967,425,4817,13764,15586,5334,0,0,76574,401,67,27,3,0,0,0,0,0,20413,2068,437,0,0,0,0,0
451,11385,452.0206801723866,99990,143,44,3,5,2160,1096,0.03256325632563256,88,27,43855,35511,974,436,4936,13976,15834,5469,0,0,76176,425,71,27,3,0,0,0,0,0,20783,2059,446,0,0,0,0,0
452,11385,453.3208489957078,99989,145,44,4,5,2192,1105,0.03297362709898089,93,32,43709,35317,998,437,5050,14164,16082,5606,0,0,75771,455,78,28,3,0,0,0,0,0,21150,2047,457,0,0,0,0,0
453,11385,454.18993416660436,99989,150,39,4,5,2211,1109,0.03320365240176419,95,35,43570,35109,1003,442,5177,14369,16331,5745,0,0,75377,474,81,29,3,0,0,0,0,0,21522,2033,470,0,0,0,0,0
454,11385,455.061697470495,99989,155,42,4,5,2237,1115,0.03352368760563662,90,42,43433,34895,1017,438,5300,14577,16580,5885,0,0,74985,494,85,29,3,0,0,0,0,0,21890,2016,487,0,0,0,0,0
455,11385,456.37411585786543,99989,152,48,4,5,2266,1130,0.033963736010961205,92,41,43289,34701,1042,443,5420,14761,16829,6027,0,0,74574,525,90,34,3,0,0,0,0,0,22265,2000,498,0,0,0,0,0
456,11385,457.25146739212795,99989,149,50,4,5,2285,1139,0.034243766814349576,98,41,43138,34492,1056,447,5554,14964,17078,6171,0,0,74165,548,95,35,3,0,0,0,0,0,22646,1992,505,0,0,0,0,0
457,11385,458.1318121517448,99989,151,51,4,5,2307,1146,0.034533798717858964,103,44,42987,34279,1071,449,5683,15171,17327,6317,0,0,73757,568,100,36,3,0,0,0,0,0,23029,1984,512,0,0,0,0,0
458,11385,459.0152304148537,99989,150,60,4,5,2327,1160,0.034873836121973416,103,39,42847,34080,1088,450,5807,15365,17576,6465,0,0,73349,587,106,37,3,0,0,0,0,0,23412,1975,520,0,0,0,0,0
459,11385,460.34540290180286,99988,157,56,5,5,2366,1166,0.035324238908669044,102,50,42703,33875,1106,457,5926,15556,17824,6614,0,0,72924,618,111,39,4,0,0,0,0,0,23798,1969,525,0,0,0,0,0
460,11385,461.2346773752463,99988,166,69,5,5,2391,1185,0.0357642917150058,98,47,42556,33676,1110,457,6064,15745,18072,6765,0,0,72524,630,121,39,4,0,0,0,0,0,24176,1958,536,0,0,0,0,0
461,11385,462.12689139543863,99988,179,69,5,5,2417,1194,0.0361143337200464,100,50,42407,33467,1115,463,6193,15945,18320,6918,0,0,72120,647,125,40,4,0,0,0,0,0,24559,1943,550,0,0,0,0,0
462,11385,463.022081506949,99988,184,72,5,5,2443,1202,0.036454374524942997,104,56,42243,33265,1130,462,6333,16139,18568,7072,0,0,71713,660,135,41,5,0,0,0,0,0,24942,1934,558,0,0,0,0,0
463,11385,464.3705692349947,99988,184,76,5,5,2484,1220,0.037044445333440014,111,52,42088,33077,1158,472,6453,16317,18815,7228,0,0,71276,699,149,43,5,0,0,0,0,0,25326,1927,563,0,0,0,0,0
464,11385,465.27229922618557,99988,184,89,5,5,2509,1237,0.03746449573948874,117,45,41929,32879,1178,472,6586,16509,19062,7385,0,0,70852,724,153,43,5,0,0,0,0,0,25721,1922,568,0,0,0,0,0
465,11385,466.1772051083177,99988,179,79,5,5,2532,1246,0.03778453414409729,124,45,41766,32679,1202,488,6723,16703,19309,7544,0,0,70418,759,163,45,5,0,0,0,0,0,26110,1913,575,0,0,0,0,0
466,11385,467.08568843147947,99988,171,73,5,5,2555,1256,0.03811457374884986,135,51,41601,32489,1222,495,6865,16886,19555,7704,0,0,69991,794,175,45,5,0,0,0,0,0,26490,1899,589,0,0,0,0,0
467,11385,468.45480922159237,99987,178,78,5,6,2600,1274,0.03874503685479112,140,51,41432,32314,1248,500,6996,17050,19800,7866,0,0,69555,830,185,48,5,0,0,0,0,0,26878,1888,598,0,0,0,0,0
468,11385,469.3705943913256,99987,187,77,5,6,2630,1285,0.03915509016172102,145,57,41257,32118,1264,507,7141,17234,20045,8029,0,0,69127,857,191,47,6,0,0,0,0,0,27273,1882,604,0,0,0,0,0
469,11385,470.2899676983652,99987,189,86,5,6,2662,1308,0.03970516167101723,146,44,41094,31927,1281,511,7284,17425,20289,8194,0,0,68715,877,213,49,6,0,0,0,0,0,27643,1863,621,0,0,0,0,0
470,11385,471.2130557568889,99987,201,82,5,6,2696,1318,0.0401452188784542,136,50,40945,31724,1294,520,7418,17617,20533,8360,0,0,68291,898,226,50,7,0,0,0,0,0,28033,1855,627,0,0,0,0,0
471,11385,472.13958022167793,99987,199,76,5,6,2722,1329,0.04051526698470801,148,50,40778,31534,1312,534,7557,17799,20776,8528,0,0,67863,925,239,53,8,0,0,0,0,0,28420,1842,637,0,0,0,0,0
472,11385,473.069722842018,99987,206,84,5,6,2756,1344,0.04100533069299009,140,46,40617,31353,1330,540,7701,17970,21018,8697,0,0,67437,949,246,55,9,0,0,0,0,0,28815,1831,645,0,0,0,0,0
473,11385,474.00354671322503,99987,221,85,5,6,2798,1354,0.04152539830177923,130,52,40452,31159,1346,544,7845,18153,21259,8867,0,0,67007,977,254,55,9,0,0,0,0,0,29209,1822,654,0,0,0,0,0
474,11385,475.4106149708311,99987,219,77,5,6,2844,1371,0.04215548021242761,131,59,40305,30997,1379,565,7960,18295,21500,9038,0,0,66548,1029,273,56,10,0,0,0,0,0,29597,1816,658,0,0,0,0,0
475,11385,476.3516376231169,99987,222,72,5,6,2869,1380,0.04249552441817436,135,62,40129,30820,1393,572,8115,18467,21740,9211,0,0,66127,1048,287,59,10,0,0,0,0,0,29985,1802,669,0,0,0,0,0
476,11385,477.29658945066075,99987,215,83,5,6,2891,1403,0.04294558292578035,161,54,39950,30628,1411,575,8257,18653,21979,9385,0,0,65695,1076,298,60,11,0,0,0,0,0,30378,1792,677,0,0,0,0,0
477,11385,478.245630920866,99987,235,92,5,6,2933,1418,0.0435156570354146,152,57,39777,30438,1422,571,8408,18835,22217,9560,0,0,65277,1095,306,61,11,0,0,0,0,0,30769,1777,691,0,0,0,0,0
478,11385,479.1986332322973,99987,242,94,5,6,2975,1434,0.044095732445217875,154,59,39607,30266,1447,582,8544,18992,22454,9736,0,0,64839,1132,318,61,11,0,0,0,0,0,31158,1765,703,0,0,0,0,0
479,11385,480.1556541834075,99987,247,99,5,6,3010,1449,0.04459579745366898,160,62,39437,30082,1467,588,8683,19162,22690,9913,0,0,64409,1163,327,61,11,0,0,0,0,0,31548,1751,717,0,0,0,0,0
480,11385,481.11670045402025,99987,238,106,5,6,3040,1464,0.045045855961274965,171,68,39270,29892,1491,592,8824,19335,22925,10091,0,0,63976,1191,343,59,15,0,0,0,0,0,31937,1744,722,0,0,0,0,0
481,11385,482.0817717823125,99986,231,115,6,6,3072,1485,0.04557638069329706,180,68,39096,29711,1522,599,8964,19500,23159,10270,0,0,63540,1222,362,59,15,0,0,0,0,0,32322,1735,731,0,0,0,0,0
482,11385,483.0509567979854,99986,246,135,6,6,3113,1519,0.04632648570799912,174,48,38928,29529,1541,603,9104,19678,23392,10450,0,0,63114,1244,377,60,16,0,0,0,0,0,32710,1725,740,0,0,0,0,0
483,11385,484.02427049630154,99985,257,136,7,6,3159,1530,0.04689703455518328,166,60,38766,29349,1562,609,9241,19839,23624,10631,0,0,62691,1262,400,62,16,0,0,0,0,0,33090,1714,750,0,0,0,0,0
484,11385,485.0016524095559,99985,267,134,7,6,3206,1546,0.0475271290693604,174,69,38580,29162,1586,625,9385,20003,23854,10813,0,0,62254,1297,420,61,17,0,0,0,0,0,33472,1705,759,0,0,0,0,0
485,11385,486.4752466504925,99985,277,134,7,6,3273,1572,0.048457268590288545,165,74,38411,29020,1629,643,9510,20122,24083,10996,0,0,61803,1348,449,63,18,0,0,0,0,0,33843,1691,770,0,0,0,0,0
486,11385,487.46132738135867,99985,274,135,7,6,3308,1593,0.04901735260289043,197,80,38222,28847,1658,656,9641,20275,24311,11179,0,0,61373,1384,467,66,19,0,0,0,0,0,34219,1671,786,0,0,0,0,0
487,11385,488.4518691940153,99985,286,132,7,6,3350,1613,0.049637445616842524,207,74,38050,28695,1667,673,9782,20419,24538,11363,0,0,60947,1411,493,66,19,0,0,0,0,0,34592,1659,798,0,0,0,0,0
488,11385,489.4468112507736,99985,303,138,7,6,3393,1636,0.05029754463169475,219,71,37862,28524,1681,687,9927,20573,24764,11548,0,0,60519,1434,511,68,19,0,0,0,0,0,34979,1651,804,0,0,0,0,0
489,11385,490.44626053462537,99985,338,138,7,6,3461,1661,0.051227684152622896,200,82,37689,28361,1700,704,10065,20708,24988,11734,0,0,60079,1471,532,67,20,0,0,0,0,0,35361,1645,810,0,0,0,0,0
490,11385,491.4501721651013,99985,332,142,7,6,3502,1686,0.051887783167475124,205,87,37510,28186,1731,718,10214,20860,25211,11920,0,0,59636,1510,556,71,20,0,0,0,0,0,35740,1636,816,0,0,0,0,0
491,11385,492.45877516613666,99985,338,150,7,6,3555,1716,0.05271790768615292,197,78,37345,28048,1763,730,10349,20987,25433,12107,0,0,59202,1551,583,71,21,0,0,0,0,0,36106,1620,831,0,0,0,0,0
492,11385,493.4719954359304,99985,329,140,7,6,3597,1733,0.05330799619942991,207,92,37161,27909,1803,750,10492,21102,25653,12294,0,0,58755,1599,612,72,21,0,0,0,0,0,36476,1611,839,0,0,0,0,0
493,11385,494.49002989891005,99985,349,150,7,6,3666,1760,0.054268140221033156,198,82,36973,27766,1838,757,10634,21238,25872,12482,0,0,58319,1635,635,76,22,0,0,0,0,0,36851,1600,847,0,0,0,0,0
494,11385,495.00019763852606,99985,351,146,7,6,3692,1767,0.05459818972845927,201,83,36788,27587,1853,759,10799,21418,26090,12670,0,0,57912,1644,661,76,22,0,0,0,0,0,37223,1592,855,0,0,0,0,0
495,11385,496.0283374037486,99985,355,155,7,6,3752,1792,0.055448317247587135,195,76,36606,27439,1889,766,10947,21557,26306,12859,0,0,57484,1680,690,79,23,0,0,0,0,0,37583,1576,870,0,0,0,0,0
496,11385,497.06156888463573,99985,370,151,7,6,3802,1810,0.05612841926288943,193,92,36421,27275,1915,784,11093,21691,26521,13048,0,0,57055,1713,714,79,23,0,0,0,0,0,37955,1568,878,0,0,0,0,0
497,11385,498.10000728495095,99985,387,155,7,6,3864,1833,0.0569785467820173,192,101,36235,27140,1947,795,11231,21802,26734,13237,0,0,56625,1749,739,80,24,0,0,0,0,0,38323,1559,886,0,0,0,0,0
498,11385,499.14348145759794,99985,399,163,7,6,3925,1858,0.057838675801370205,197,105,36052,26987,1982,807,11362,21931,26946,13427,0,0,56200,1787,764,80,26,0,0,0,0,0,38684,1544,900,0,0,0,0,0
499,11385,500.19200038841456,99985,389,176,7,6,3975,1884,0.058598789818472774,208,98,35862,26871,2027,807,11506,22041,27157,13617,0,0,55759,1838,781,83,27,0,0,0,0,0,39056,1530,911,0,0,0,0,0
500,11385,501.2459079318502,99984,397,174,8,6,4036,1906,0.05942950872139542,216,97,35680,26754,2058,821,11640,22147,27366,13807,0,0,55327,1882,811,84,27,0,0,0,0,0,39412,1517,924,0,0,0,0,0
501,11385,502.30510739570576,99984,386,175,8,6,4083,1933,0.060169627140342456,241,107,35489,26597,2096,841,11779,22273,27574,13997,0,0,54891,1927,848,84,29,0,0,0,0,0,39766,1510,929,0,0,0,0,0
502,11385,503.36977347830367,99984,399,171,8,6,4148,1959,0.06107977276364218,252,107,35301,26470,2130,862,11909,22383,27780,14188,0,0,54470,1961,893,85,31,0,0,0,0,0,40108,1499,937,0,0,0,0,0
503,11385,504.4399867712532,99984,403,179,8,6,4203,1989,0.06192990878540566,251,98,35132,26341,2161,876,12044,22499,27985,14379,0,0,54041,2001,921,87,32,0,0,0,0,0,40467,1490,945,0,0,0,0,0
504,11385,505.5154025813799,99983,408,181,9,6,4266,2018,0.06285068461638478,263,90,34937,26204,2197,893,12185,22625,28188,14570,0,0,53610,2048,957,88,32,0,0,0,0,0,40814,1478,956,0,0,0,0,0
505,11385,506.0544675767424,99983,414,185,9,6,4307,2034,0.06342078153286058,265,90,34758,26044,2212,898,12341,22776,28390,14761,0,0,53209,2062,988,89,32,0,0,0,0,0,41169,1471,963,0,0,0,0,0
506,11385,507.1411309702959,99983,426,174,9,6,4396,2057,0.06454097196523409,251,107,34569,25922,2276,924,12468,22866,28590,14952,0,0,52771,2113,1041,92,33,0,0,0,0,0,41500,1464,969,0,0,0,0,0
507,11385,508.2336484670668,99981,418,174,9,8,4459,2085,0.06545243596283294,254,105,34389,25811,2330,944,12599,22957,28789,15143,0,0,52335,2164,1081,95,33,1,0,0,0,0,41842,1454,976,0,0,0,0,0
508,11385,509.3318055376405,99981,414,175,9,8,4519,2113,0.06633260319460697,269,106,34207,25679,2371,960,12729,23071,28986,15334,0,0,51915,2212,1118,97,36,1,0,0,0,0,42176,1436,990,0,0,0,0,0
509,11385,510.435866696084,99980,409,171,10,8,4579,2147,0.06727345469093819,282,108,34040,25548,2405,994,12853,23170,29182,15524,0,0,51480,2269,1157,99,37,1,0,0,0,0,42511,1425,1001,0,0,0,0,0
510,11385,511.545448773108,99980,445,176,10,8,4667,2179,0.0684736947389478,252,102,33871,25444,2431,1011,12990,23258,29376,15714,0,0,51078,2292,1207,100,39,1,0,0,0,0,42838,1418,1007,0,0,0,0,0
511,11385,512.1015581239191,99980,438,161,10,8,4691,2188,0.06880376075215043,263,115,33694,25287,2445,1029,13149,23399,29569,15904,0,0,50678,2317,1235,101,39,1,0,0,0,0,43184,1409,1016,0,0,0,0,0
512,11385,513.2222475145195,99979,442,173,10,9,4761,2224,0.06986467158103202,268,98,33520,25183,2483,1047,13276,23489,29760,16094,0,0,50266,2357,1277,106,39,1,0,0,0,0,43511,1395,1027,0,0,0,0,0
513,11385,514.3487298215156,99978,468,168,11,9,4848,2249,0.07098561683570385,258,99,33339,25087,2517,1072,13406,23564,29950,16284,0,0,49844,2405,1316,106,41,1,0,0,0,0,43844,1388,1033,0,0,0,0,0
514,11385,515.4810603833915,99978,466,170,11,9,4936,2276,0.0721358698913761,248,101,33170,24977,2580,1091,13524,23651,30138,16473,0,0,49415,2464,1364,109,43,1,0,0,0,0,44163,1378,1041,0,0,0,0,0
515,11385,516.0488559346438,99978,464,177,11,9,4959,2290,0.07250595130928804,266,96,33000,24837,2583,1091,13675,23789,30325,16662,0,0,49045,2466,1393,110,43,1,0,0,0,0,44502,1369,1049,0,0,0,0,0
516,11385,517.192936571381,99978,455,164,11,9,5029,2317,0.07347616475624637,266,100,32828,24728,2642,1122,13797,23876,30510,16851,0,0,48621,2529,1443,114,44,1,0,0,0,0,44812,1352,1062,0,0,0,0,0
517,11385,518.3429126136389,99978,469,160,11,9,5108,2350,0.0745964112104663,267,100,32661,24636,2681,1145,13910,23949,30693,17039,0,0,48206,2581,1486,114,49,1,0,0,0,0,45130,1344,1067,0,0,0,0,0
518,11385,519.4988526189652,99978,490,164,11,9,5207,2379,0.07587669287243194,248,98,32488,24538,2737,1161,14025,24029,30875,17227,0,0,47789,2637,1529,115,51,1,0,0,0,0,45447,1334,1075,0,0,0,0,0
519,11385,520.0781384028849,99978,482,159,11,9,5246,2387,0.07634679629518494,246,106,32328,24418,2763,1160,14169,24147,31055,17414,0,0,47420,2647,1573,118,52,1,0,0,0,0,45760,1323,1084,0,0,0,0,0
520,11385,521.2460811774677,99978,447,154,11,9,5315,2409,0.07725699653923863,252,118,32167,24343,2831,1174,14291,24201,31234,17601,0,0,47001,2711,1634,118,56,1,0,0,0,0,46052,1312,1093,0,0,0,0,0
521,11385,522.4202556305509,99978,439,165,11,9,5379,2446,0.07826721878813339,251,104,32016,24263,2879,1192,14403,24266,31411,17787,0,0,46606,2753,1686,119,57,1,0,0,0,0,46351,1301,1104,0,0,0,0,0
522,11385,523.0086417143066,99978,462,164,11,9,5433,2461,0.07895737062153674,219,105,31862,24126,2889,1199,14556,24396,31587,17973,0,0,46242,2766,1718,118,59,1,0,0,0,0,46669,1291,1114,0,0,0,0,0
523,11385,524.1943357568389,99978,472,176,11,9,5507,2498,0.08006761487527256,204,108,31725,24040,2930,1214,14657,24452,31761,18158,0,0,45855,2801,1767,117,63,1,0,0,0,0,46971,1284,1119,0,0,0,0,0
524,11385,525.3850693161196,99978,441,169,11,9,5563,2524,0.0808877953149693,230,114,31568,23970,2986,1230,14763,24507,31934,18342,0,0,45457,2853,1832,116,67,1,0,0,0,0,47252,1274,1126,0,0,0,0,0
525,11385,526.5817242432776,99976,458,161,13,9,5642,2551,0.08194966792030087,222,120,31408,23885,3022,1259,14876,24565,32105,18526,0,0,45065,2894,1878,117,71,1,0,0,0,0,47552,1268,1130,0,0,0,0,0
526,11385,527.1812293715175,99975,450,166,14,9,5670,2568,0.08240060015003751,240,127,31248,23760,3036,1267,15011,24670,32275,18709,0,0,44709,2902,1913,119,71,1,0,0,0,0,47862,1260,1138,0,0,0,0,0
527,11385,528.3899823704414,99975,455,175,14,9,5753,2603,0.08358089522380595,234,107,31101,23675,3091,1282,15104,24751,32443,18891,0,0,44317,2950,1966,121,72,1,0,0,0,0,48153,1252,1143,0,0,0,0,0
528,11385,529.6043319974272,99973,445,159,16,9,5817,2626,0.08445280225660928,234,119,30957,23608,3133,1310,15214,24794,32610,19073,0,0,43935,2986,2029,125,75,1,0,0,0,0,48430,1244,1148,0,0,0,0,0
529,11385,530.2130564551668,99973,446,155,16,9,5849,2637,0.08488291838796475,234,125,30800,23491,3146,1315,15357,24904,32775,19254,0,0,43583,3004,2057,125,75,1,0,0,0,0,48736,1232,1160,0,0,0,0,0
530,11385,531.4395360483308,99973,455,171,16,9,5932,2673,0.08607323977473919,239,121,30659,23422,3182,1325,15448,24951,32939,19434,0,0,43206,3042,2113,124,76,1,0,0,0,0,49019,1228,1164,0,0,0,0,0
531,11385,532.0538646869942,99973,454,177,16,9,5963,2691,0.08656337211046983,250,120,30515,23309,3181,1331,15583,25053,33101,19613,0,0,42867,3049,2146,124,78,1,0,0,0,0,49316,1219,1173,0,0,0,0,0
532,11385,533.2917104758831,99973,452,182,16,9,6037,2727,0.08766366919068148,246,114,30379,23248,3226,1347,15680,25099,33262,19792,0,0,42492,3089,2208,126,80,1,0,0,0,0,49588,1212,1177,0,0,0,0,0
533,11385,534.5351975722364,99973,438,185,16,9,6102,2759,0.08863393116141358,247,113,30230,23172,3270,1368,15798,25152,33421,19970,0,0,42130,3122,2267,133,81,2,0,0,0,0,49852,1197,1189,0,0,0,0,0
534,11385,535.1583170398111,99973,418,198,16,9,6129,2785,0.08916407430006101,253,106,30091,23069,3292,1370,15929,25247,33579,20147,0,0,41796,3134,2311,134,83,2,0,0,0,0,50129,1183,1201,0,0,0,0,0
535,11385,536.4139387587262,99973,445,204,16,9,6210,2821,0.09033439028537706,241,99,29968,23007,3315,1382,16014,25298,33735,20323,0,0,41449,3154,2368,137,85,2,0,0,0,0,50397,1175,1206,0,0,0,0,0
536,11385,537.0426290990823,99973,433,194,16,9,6242,2837,0.0908145199203785,240,108,29821,22899,3340,1401,16149,25388,33890,20498,0,0,41099,3177,2415,136,86,2,0,0,0,0,50677,1173,1208,0,0,0,0,0
537,11385,538.3093896349304,99971,436,205,18,9,6323,2879,0.09204669354112692,225,97,29680,22847,3400,1420,16240,25421,34043,20672,0,0,40729,3221,2468,141,87,2,0,0,0,0,50944,1165,1214,0,0,0,0,0
538,11385,539.582242988161,99971,423,209,18,9,6392,2917,0.09311700393114003,226,94,29548,22818,3452,1434,16332,25435,34195,20845,0,0,40377,3258,2539,144,87,3,0,0,0,0,51185,1152,1226,0,0,0,0,0
539,11385,540.2200732862387,99971,418,202,18,9,6424,2929,0.09355713156815476,237,93,29410,22736,3460,1444,16456,25515,34345,21017,0,0,40061,3263,2588,143,89,3,0,0,0,0,51446,1142,1236,0,0,0,0,0
540,11385,541.5050611450727,99970,414,200,19,9,6494,2965,0.0946183855156547,239,90,29278,22687,3503,1471,16546,25542,34494,21188,0,0,39708,3304,2652,145,91,3,0,0,0,0,51691,1132,1244,0,0,0,0,0
541,11385,542.1489953330159,99970,422,199,19,9,6537,2982,0.0952185655696709,226,89,29150,22592,3510,1477,16672,25633,34641,21358,0,0,39400,3304,2703,143,94,3,0,0,0,0,51947,1125,1251,0,0,0,0,0
542,11385,543.4457310459063,99970,413,207,19,9,6612,3021,0.0963589076723017,224,85,29020,22551,3567,1494,16756,25653,34787,21527,0,0,39047,3351,2762,145,97,3,0,0,0,0,52190,1114,1261,0,0,0,0,0
543,11385,544.0950244029542,99969,403,193,20,9,6644,3034,0.09681001110344206,237,84,28895,22447,3575,1511,16869,25755,34932,21695,0,0,38735,3354,2816,147,102,3,0,0,0,0,52440,1107,1265,0,0,0,0,0
544,11385,545.4034502815877,99967,405,185,21,10,6722,3066,0.09791231106265068,240,83,28776,22418,3613,1536,16944,25767,35075,21862,0,0,38398,3383,2893,150,103,3,0,0,0,0,52665,1102,1270,0,0,0,0,0
545,11385,546.0589461752149,99967,396,183,21,10,6762,3080,0.09845248932147609,231,80,28645,22335,3646,1543,17060,25848,35217,22028,0,0,38079,3403,2931,150,107,3,0,0,0,0,52923,1093,1278,0,0,0,0,0
546,11385,547.3787914466157,99966,401,175,21,11,6845,3109,0.09957385511073764,214,82,28527,22284,3692,1568,17144,25879,35357,22193,0,0,37750,3431,3007,153,111,3,0,0,0,0,53144,1085,1282,0,0,0,0,0
547,11385,548.0399283649026,99966,399,178,21,11,6882,3128,0.10013404557549567,216,74,28396,22210,3700,1575,17267,25951,35496,22357,0,0,37455,3433,3057,154,112,3,0,0,0,0,53386,1074,1292,0,0,0,0,0
548,11385,549.3716682087944,99965,384,170,22,11,6957,3151,0.10111539038663532,192,79,28304,22187,3755,1586,17342,25966,35634,22520,0,0,37117,3474,3126,157,115,3,0,0,0,0,53609,1066,1298,0,0,0,0,0
549,11385,550.0386396882307,99965,372,161,22,11,6978,3162,0.10143550242584905,204,85,28189,22114,3762,1594,17450,26034,35770,22682,0,0,36830,3473,3173,157,120,3,0,0,0,0,53848,1056,1305,0,0,0,0,0
550,11385,551.3811089632982,99965,360,163,22,11,7046,3193,0.1024258490471665,201,78,28109,22111,3803,1612,17504,26024,35905,22843,0,0,36513,3503,3246,157,122,4,0,0,0,0,54059,1048,1313,0,0,0,0,0
551,11385,552.0529636399413,99965,357,158,22,11,7075,3198,0.1027659680888311,197,80,27993,22036,3805,1613,17625,26101,36039,23003,0,0,36240,3485,3296,161,124,4,0,0,0,0,54296,1041,1318,0,0,0,0,0
552,11385,553.4051317507344,99965,377,154,22,11,7151,3223,0.10377632171259941,165,79,27912,22027,3818,1622,17705,26106,36171,23162,0,0,35956,3482,3378,163,124,5,0,0,0,0,54499,1035,1323,0,0,0,0,0
553,11385,554.0820182757232,99965,374,155,22,11,7184,3239,0.10426649327264542,164,77,27796,21968,3829,1624,17814,26164,36302,23320,0,0,35673,3483,3423,165,126,5,0,0,0,0,54735,1026,1329,0,0,0,0,0
554,11385,555.4440042099377,99964,357,155,23,11,7236,3274,0.10513784962586531,171,62,27724,21943,3852,1636,17872,26192,36432,23477,0,0,35364,3506,3498,166,128,5,0,0,0,0,54943,1023,1331,0,0,0,0,0
555,11385,556.1255480072628,99964,363,153,23,11,7261,3283,0.10547797206994518,172,62,27633,21883,3846,1637,17962,26253,36560,23632,0,0,35100,3495,3537,165,130,5,0,0,0,0,55178,1016,1338,0,0,0,0,0
556,11385,557.4963955073918,99964,380,147,23,11,7333,3308,0.10644832139570246,148,58,27568,21873,3861,1653,18019,26257,36687,23786,0,0,34814,3509,3599,167,134,5,0,0,0,0,55384,1005,1347,0,0,0,0,0
557,11385,558.1820724607993,99964,367,142,23,11,7360,3315,0.10678844383978232,151,64,27463,21821,3879,1651,18116,26310,36813,23939,0,0,34542,3508,3649,168,135,5,0,0,0,0,55606,998,1353,0,0,0,0,0
558,11385,559.5612141927786,99964,349,139,23,11,7415,3339,0.1075787283422032,143,68,27375,21802,3920,1662,18189,26317,36938,24091,0,0,34236,3543,3711,167,138,5,0,0,0,0,55815,992,1357,0,0,0,0,0
559,11385,560.2516655285505,99964,335,138,23,11,7444,3352,0.1079988795966548,147,67,27270,21734,3932,1669,18292,26380,37061,24242,0,0,33970,3539,3763,171,138,6,0,0,0,0,56030,984,1363,0,0,0,0,0
560,11385,561.6411091648775,99964,330,133,23,11,7498,3374,0.10875915329518626,141,73,27198,21743,3955,1684,18352,26355,37183,24392,0,0,33681,3555,3810,176,145,6,0,0,0,0,56245,980,1366,0,0,0,0,0
561,11385,562.3364882685236,99963,336,123,24,11,7535,3384,0.10923041525364385,127,75,27088,21704,3959,1687,18465,26399,37304,24541,0,0,33422,3551,3859,176,148,6,0,0,0,0,56457,973,1371,0,0,0,0,0
562,11385,563.0345149223762,99963,312,118,24,11,7552,3393,0.10949051148925103,137,79,26984,21653,3978,1690,18564,26448,37424,24688,0,0,33151,3558,3901,179,149,6,0,0,0,0,56677,967,1375,0,0,0,0,0
563,11385,564.4392172269143,99963,299,116,24,11,7606,3415,0.11025079279333354,128,74,26910,21672,4014,1698,18624,26428,37542,24834,0,0,32875,3577,3952,181,158,6,0,0,0,0,56874,957,1383,0,0,0,0,0
564,11385,565.1423864977285,99963,296,117,24,11,7630,3430,0.11064093714674429,127,76,26822,21609,4017,1700,18713,26486,37659,24979,0,0,32626,3566,3994,183,162,6,0,0,0,0,57088,953,1385,0,0,0,0,0
565,11385,566.5564955771189,99963,280,119,24,11,7667,3453,0.1112411592289147,131,75,26811,21610,4024,1712,18729,26472,37775,25123,0,0,32366,3576,4049,185,166,6,0,0,0,0,57280,941,1394,0,0,0,0,0
566,11385,567.2630506999252,99963,268,123,24,11,7688,3464,0.1115612776727389,135,80,26724,21549,4026,1712,18822,26524,37890,25266,0,0,32123,3569,4093,186,167,6,0,0,0,0,57485,932,1402,0,0,0,0,0
567,11385,568.6826142885263,99963,259,125,24,11,7731,3490,0.11225153306723487,136,74,26668,21570,4052,1718,18860,26501,38004,25407,0,0,31859,3587,4145,187,170,6,0,0,0,0,57677,922,1410,0,0,0,0,0
568,11385,569.3925800571868,99963,263,128,24,11,7751,3511,0.11266168482338465,144,58,26604,21510,4036,1728,18928,26564,38117,25547,0,0,31621,3579,4183,187,172,6,0,0,0,0,57883,915,1417,0,0,0,0,0
569,11385,570.1051018738176,99963,262,122,24,11,7772,3520,0.11296179586446986,145,60,26518,21467,4032,1737,19018,26602,38228,25686,0,0,31387,3573,4223,187,174,6,0,0,0,0,58082,905,1426,0,0,0,0,0
570,11385,571.5358177025996,99963,259,127,24,11,7827,3546,0.11377209567539989,132,54,26494,21494,4054,1746,19036,26567,38338,25824,0,0,31124,3594,4276,188,176,6,0,0,0,0,58269,898,1432,0,0,0,0,0
571,11385,572.2513930479806,99963,253,123,24,11,7851,3554,0.11409221411922411,129,56,26424,21441,4054,1747,19115,26621,38447,25961,0,0,30883,3594,4312,185,182,6,0,0,0,0,58471,896,1434,0,0,0,0,0
572,11385,573.6879421147742,99963,238,109,24,11,7892,3572,0.11468243250002501,124,59,26394,21480,4070,1765,19149,26575,38555,26097,0,0,30622,3616,4368,186,187,6,0,0,0,0,58650,890,1438,0,0,0,0,0
573,11385,574.4062087612572,99963,237,109,24,11,7920,3582,0.11506257315206626,118,59,26309,21444,4078,1766,19233,26610,38662,26231,0,0,30386,3617,4404,186,188,6,0,0,0,0,58848,884,1444,0,0,0,0,0
574,11385,575.1264870255634,99963,231,114,24,11,7945,3600,0.11549273231095505,110,52,26241,21411,4077,1770,19316,26641,38768,26364,0,0,30158,3611,4449,187,190,6,0,0,0,0,59035,878,1449,0,0,0,0,0
575,11385,576.5737796571989,99963,230,113,24,11,7993,3620,0.1161729840040815,101,51,26202,21439,4083,1780,19359,26605,38873,26496,0,0,29920,3615,4504,191,191,7,0,0,0,0,59210,871,1454,0,0,0,0,0
576,11385,577.2973363565171,99963,226,107,24,11,8013,3629,0.1164630913437972,96,52,26128,21403,4090,1781,19435,26645,38977,26627,0,0,29694,3609,4541,193,193,7,0,0,0,0,59401,866,1459,0,0,0,0,0
577,11385,578.0231256784358,99963,208,108,24,11,8023,3633,0.1166031431629703,108,54,26071,21366,4081,1776,19507,26684,39080,26757,0,0,29476,3604,4573,189,199,7,0,0,0,0,59590,860,1465,0,0,0,0,0
578,11385,579.4806403666985,99963,183,107,24,11,8050,3655,0.11709332453007613,106,44,26058,21411,4092,1781,19536,26645,39181,26885,0,0,29249,3608,4633,191,203,7,0,0,0,0,59748,852,1472,0,0,0,0,0
579,11385,580.2090862279566,99963,188,110,24,11,8072,3666,0.11742344667526985,98,39,25985,21379,4088,1778,19616,26682,39281,27012,0,0,29037,3598,4667,191,204,7,0,0,0,0,59936,847,1476,0,0,0,0,0
580,11385,581.6715303429085,99962,191,99,25,11,8110,3679,0.11793481522978731,89,43,25975,21414,4092,1789,19627,26643,39380,27138,0,0,28815,3604,4715,193,205,7,0,0,0,0,60102,836,1485,0,0,0,0,0
581,11385,582.4023424488298,99961,184,94,26,11,8128,3684,0.1181660847730615,83,45,25902,21390,4092,1787,19712,26672,39478,27263,0,0,28605,3598,4755,191,207,7,0,0,0,0,60277,830,1491,0,0,0,0,0
582,11385,583.1349417584998,99961,170,104,26,11,8138,3701,0.11843619011414451,84,35,25863,21374,4080,1782,19776,26693,39575,27387,0,0,28402,3586,4795,191,209,7,0,0,0,0,60451,824,1496,0,0,0,0,0
583,11385,584.6056821293644,99960,162,93,27,11,8172,3709,0.11885754301720688,75,37,25853,21428,4093,1786,19789,26644,39671,27510,0,0,28184,3590,4841,195,211,7,0,0,0,0,60614,814,1504,0,0,0,0,0
584,11385,585.3400544434322,99960,158,96,27,11,8187,3719,0.11910764305722289,73,35,25791,21411,4089,1787,19861,26659,39766,27631,0,0,27983,3579,4876,196,211,7,0,0,0,0,60790,809,1509,0,0,0,0,0
585,11385,586.0764629870002,99960,143,88,27,11,8198,3720,0.11922769107643057,77,37,25734,21388,4095,1783,19923,26692,39860,27751,0,0,27771,3583,4905,196,212,7,0,0,0,0,60968,803,1515,0,0,0,0,0
586,11385,587.5546611284407,99960,149,76,27,11,8228,3732,0.11964785914365746,73,38,25734,21431,4091,1800,19925,26643,39953,27870,0,0,27564,3579,4947,198,215,7,0,0,0,0,61132,800,1518,0,0,0,0,0
587,11385,588.293014408009,99959,145,78,28,11,8241,3740,0.11985914224832181,71,39,25666,21400,4084,1793,20005,26678,40045,27988,0,0,27380,3558,4988,198,216,7,0,0,0,0,61294,794,1524,0,0,0,0,0
588,11385,589.0330142210208,99959,155,77,28,11,8259,3748,0.12011924889204574,60,36,25622,21387,4061,1793,20073,26695,40136,28105,0,0,27192,3545,5016,198,217,7,0,0,0,0,61466,787,1531,0,0,0,0,0
589,11385,590.5182775457042,99958,147,72,29,11,8282,3756,0.12043058084395446,56,41,25648,21447,4053,1796,20066,26632,40226,28221,0,0,26997,3541,5059,196,221,7,0,0,0,0,61619,782,1536,0,0,0,0,0
590,11385,591.2598212791113,99958,145,72,29,11,8296,3766,0.12067068168630825,55,46,25616,21426,4044,1795,20110,26649,40316,28336,0,0,26817,3523,5101,197,222,7,0,0,0,0,61775,774,1542,0,0,0,0,0
591,11385,592.0024266079407,99958,147,78,29,11,8308,3779,0.12092078673042678,59,37,25555,21416,4032,1792,20177,26665,40405,28450,0,0,26626,3515,5126,197,222,7,0,0,0,0,61949,770,1546,0,0,0,0,0
592,11385,593.4912490084826,99958,146,80,29,11,8342,3793,0.12140098841513436,58,31,25591,21471,4027,1792,20148,26614,40493,28562,0,0,26440,3505,5181,196,224,7,0,0,0,0,62089,767,1549,0,0,0,0,0
593,11385,594.2346034606087,99958,136,76,29,11,8355,3795,0.12155105144160547,55,34,25551,21457,4028,1790,20200,26631,40580,28673,0,0,26261,3497,5213,197,224,8,0,0,0,0,62242,755,1561,0,0,0,0,0
594,11385,595.7243821434671,99958,137,70,29,11,8383,3802,0.12190119850337142,40,40,25560,21498,4021,1792,20212,26588,40666,28783,0,0,26076,3489,5255,198,226,8,0,0,0,0,62390,751,1565,0,0,0,0,0
595,11385,596.4685093886038,99958,136,68,29,11,8393,3810,0.12208127413513675,42,35,25506,21479,4005,1786,20281,26620,40751,28892,0,0,25909,3465,5295,200,227,8,0,0,0,0,62539,746,1569,0,0,0,0,0
596,11385,597.2138749268302,99958,125,72,29,11,8401,3823,0.12229136237219632,43,29,25476,21455,4000,1788,20326,26644,40835,29000,0,0,25730,3457,5331,200,227,8,0,0,0,0,62690,741,1574,0,0,0,0,0
597,11385,598.7087647683118,99958,109,71,29,11,8416,3833,0.12254146741631486,43,28,25502,21550,3993,1786,20323,26553,40918,29107,0,0,25551,3455,5372,200,229,8,0,0,0,0,62829,732,1582,0,0,0,0,0
598,11385,599.4551016519887,99958,107,70,29,11,8425,3837,0.12267152203925649,40,31,25466,21530,3979,1782,20378,26575,41000,29213,0,0,25384,3441,5402,197,232,8,0,0,0,0,62980,728,1586,0,0,0,0,0
599,11385,600.2023980269666,99958,104,58,29,11,8438,3842,0.12285159767102183,37,27,25411,21521,3976,1790,20442,26592,41082,29318,0,0,25210,3434,5439,197,234,8,0,0,0,0,63123,722,1591,0,0,0,0,0
600,11385,601.7008990628308,99958,108,67,29,11,8461,3858,0.12324176153984674,25,21,25448,21564,3956,1788,20433,26548,41163,29422,0,0,25045,3417,5475,197,237,8,0,0,0,0,63266,718,1595,0,0,0,0,0
601,11385,602.4491535475178,99958,104,65,29,11,8470,3861,0.12336181196102362,24,25,25411,21549,3947,1784,20484,26565,41243,29525,0,0,24887,3398,5512,196,238,8,0,0,0,0,63406,713,1600,0,0,0,0,0
602,11385,603.1982066553052,99958,98,69,29,11,8474,3872,0.12351187498749475,37,15,25372,21547,3934,1778,20529,26579,41322,29627,0,0,24725,3383,5540,195,241,8,0,0,0,0,63553,710,1603,0,0,0,0,0
603,11385,604.2437777798546,99958,98,66,29,11,8484,3874,0.12363192540867164,35,14,25337,21544,3923,1775,20577,26589,41400,29728,0,0,24561,3369,5567,196,241,8,0,0,0,0,63703,708,1605,0,0,0,0,0
604,11385,605.0215644554099,99958,98,67,29,11,8490,3878,0.12373196742631905,31,12,25276,21504,3911,1770,20654,26635,41477,29828,0,0,24407,3350,5591,195,244,8,0,0,0,0,63850,705,1608,0,0,0,0,0
605,11385,606.1530317868517,99958,85,59,29,11,8497,3880,0.12382200524220173,40,15,25298,21555,3899,1771,20648,26588,41554,29927,0,0,24240,3343,5623,195,247,8,0,0,0,0,63990,703,1609,0,0,0,0,0
606,11385,607.0918551320123,99957,82,59,29,12,8506,3886,0.12397330852266475,42,12,25276,21569,3888,1764,20682,26583,41630,30025,0,0,24081,3333,5650,193,249,8,0,0,0,0,64131,700,1612,0,0,0,0,0
607,11385,608.1795675937667,99957,85,49,29,12,8520,3889,0.12414338165411126,34,12,25282,21596,3874,1765,20695,26565,41705,30122,0,0,23924,3323,5684,192,250,8,0,0,0,0,64264,696,1616,0,0,0,0,0
608,11385,609.0883609601512,99957,81,45,29,12,8530,3892,0.1242734375781586,30,14,25285,21613,3861,1763,20713,26552,41779,30218,0,0,23766,3314,5711,193,251,8,0,0,0,0,64403,692,1619,0,0,0,0,0
609,11385,610.0695379986373,99957,69,44,29,12,8538,3899,0.12442350210590554,33,10,25319,21714,3851,1754,20698,26465,41852,30313,0,0,23613,3299,5745,194,254,8,0,0,0,0,64533,690,1621,0,0,0,0,0
610,11385,611.0342982616438,99957,65,40,29,12,8544,3901,0.12450353652070391,34,10,25310,21727,3835,1751,20726,26459,41925,30407,0,0,23463,3292,5766,195,255,8,0,0,0,0,64669,679,1630,0,0,0,0,0
611,11385,612.540630942895,99957,63,37,29,12,8550,3902,0.12457356663365247,31,15,25296,21735,3814,1746,20766,26454,41997,30500,0,0,23323,3272,5794,196,256,8,0,0,0,0,64799,673,1636,0,0,0,0,0
612,11385,613.2068063716976,99957,60,38,29,12,8555,3905,0.12465360104845083,27,13,25264,21734,3796,1739,20823,26463,42068,30592,0,0,23182,3254,5822,195,257,8,0,0,0,0,64930,670,1639,0,0,0,0,0
613,11385,614.1964163701996,99957,59,33,29,12,8568,3911,0.12484368278359695,22,12,25330,21818,3764,1740,20795,26384,42138,30683,0,0,23041,3237,5864,193,259,8,0,0,0,0,65046,669,1640,0,0,0,0,0
614,11385,615.601678632396,99957,53,24,29,12,8574,3912,0.12491371289654551,26,16,25346,21858,3754,1742,20791,26347,42208,30773,0,0,22897,3222,5897,191,263,8,0,0,0,0,65171,669,1639,0,0,0,0,0
615,11385,616.0708565210452,99957,53,25,29,12,8574,3913,0.1249237171983953,27,15,25265,21796,3746,1737,20879,26414,42277,30862,0,0,22757,3209,5910,190,264,8,0,0,0,0,65311,665,1643,0,0,0,0,0
616,11385,617.184970909224,99957,55,27,29,12,8587,3918,0.12510379463169163,21,14,25288,21840,3733,1727,20873,26379,42345,30950,0,0,22618,3195,5934,189,267,8,0,0,0,0,65438,663,1645,0,0,0,0,0
617,11385,618.3013405576434,99957,54,26,29,12,8597,3923,0.12525385915943857,20,12,25356,21958,3714,1725,20826,26266,42413,31037,0,0,22473,3189,5955,189,268,8,0,0,0,0,65567,659,1649,0,0,0,0,0
618,11385,619.0535514567688,99957,53,27,29,12,8597,3924,0.12526386346128834,22,11,25282,21905,3705,1722,20908,26322,42480,31123,0,0,22343,3169,5976,189,268,8,0,0,0,0,65696,656,1652,0,0,0,0,0
619,11385,620.1932506629316,99957,46,24,29,12,8603,3927,0.12535390217793652,23,8,25283,21966,3692,1717,20926,26272,42546,31208,0,0,22208,3157,6004,189,270,8,0,0,0,0,65814,652,1655,0,0,0,0,0
620,11385,621.1828838076709,99957,49,19,29,12,8611,3927,0.12543393659273488,19,11,25278,21991,3675,1708,20949,26258,42612,31292,0,0,22078,3139,6028,188,273,8,0,0,0,0,65936,651,1656,0,0,0,0,0
621,11385,622.2243836302802,99957,54,20,29,12,8619,3930,0.12554398391308264,15,8,25299,22020,3654,1697,20948,26242,42677,31375,0,0,21956,3122,6050,186,275,8,0,0,0,0,66053,644,1663,0,0,0,0,0
622,11385,623.1548129848368,99957,52,18,29,12,8621,3932,0.12558400112048182,18,9,25311,22080,3637,1691,20952,26189,42741,31457,0,0,21827,3106,6070,186,277,8,0,0,0,0,66176,643,1664,0,0,0,0,0
623,11385,624.0481825941795,99957,47,17,29,12,8624,3935,0.12564402693158058,19,8,25319,22114,3625,1686,20960,26162,42805,31538,0,0,21702,3091,6088,185,283,8,0,0,0,0,66294,639,1667,0,0,0,0,0
624,11385,625.0159214469188,99957,48,11,29,12,8628,3936,0.12569404844082957,18,7,25316,22123,3607,1687,20981,26159,42868,31619,0,0,21571,3082,6107,185,283,8,0,0,0,0,66415,635,1671,0,0,0,0,0
625,11385,626.0171272367372,99957,48,13,29,12,8633,3939,0.1257740828556279,20,4,25322,22164,3594,1680,20986,26126,42930,31699,0,0,21445,3070,6123,186,283,8,0,0,0,0,66536,630,1676,0,0,0,0,0
626,11385,627.2235617339136,99957,47,12,29,12,8640,3940,0.12585411727042628,16,3,25350,22218,3579,1671,20978,26083,42992,31778,0,0,21318,3064,6139,184,285,8,0,0,0,0,66653,624,1682,0,0,0,0,0
627,11385,628.1101688145558,99957,42,12,29,12,8644,3941,0.12590413877967527,19,5,25363,22254,3565,1666,20981,26050,43053,31856,0,0,21192,3057,6154,182,288,8,0,0,0,0,66770,620,1686,0,0,0,0,0
628,11385,629.0989348789107,99957,39,9,29,12,8646,3943,0.12594415598707445,19,3,25367,22284,3552,1662,20993,26029,43113,31933,0,0,21067,3046,6175,182,288,8,0,0,0,0,66885,619,1687,0,0,0,0,0
629,11385,630.071637864959,99957,44,13,29,12,8654,3948,0.12607421191112178,42,25,25380,22307,3538,1650,20966,25992,43173,32009,0,0,20943,3035,6189,182,288,8,1,0,0,0,67005,617,1689,0,0,0,0,0
630,11385,631.2485463363333,99957,45,19,29,12,8663,3955,0.12623428074071852,47,30,25412,22362,3522,1638,20944,25938,43232,32085,0,0,20826,3017,6205,180,292,8,5,0,0,3,67115,615,1691,0,0,0,0,0
631,11385,632.2578451909679,99957,57,28,29,12,8676,3965,0.1264643796832638,48,28,25417,22402,3508,1631,20940,25898,43291,32160,0,0,20710,3005,6216,177,296,8,5,0,0,4,67230,612,1694,0,0,0,0,0
632,11385,633.0064603635462,99957,61,27,29,12,8686,3968,0.12659443560731115,52,28,25412,22418,3498,1633,20947,25881,43349,32234,0,0,20590,2995,6226,177,296,8,7,0,0,12,67340,608,1698,0,0,0,0,0
633,11385,634.1293941791378,99957,70,29,29,12,8701,3976,0.12682453454985643,54,27,25442,22450,3468,1632,20936,25849,43406,32307,0,0,20483,2974,6247,176,297,8,9,0,0,22,67435,605,1701,0,0,0,0,0
634,11385,635.2511871289512,99957,70,33,29,12,8716,3983,0.12704462919055193,54,30,25454,22506,3451,1622,20941,25796,43463,32379,0,0,20376,2956,6264,176,299,9,11,0,0,34,67528,599,1705,0,0,0,0,0
635,11385,636.3722582698729,99957,65,37,29,12,8726,3993,0.12724471522754785,67,32,25468,22555,3453,1619,20917,25744,43519,32451,0,0,20256,2948,6271,179,299,9,15,0,0,48,67630,592,1710,0,0,0,0,0
636,11385,637.1192328739037,99957,70,39,29,12,8739,3999,0.12743479696269397,63,29,25466,22561,3446,1619,20925,25739,43575,32522,0,0,20141,2934,6284,179,301,9,19,0,0,54,67735,590,1711,0,0,0,0,0
637,11385,638.2397023208789,99957,71,38,29,12,8749,4004,0.12758486149044088,74,28,25483,22622,3436,1617,20906,25682,43630,32592,0,0,20027,2926,6291,177,304,9,22,0,0,65,67835,586,1715,0,0,0,0,0
638,11385,639.3591513800299,99957,80,40,29,12,8771,4011,0.12787498624408494,69,29,25505,22657,3434,1619,20882,25642,43685,32661,0,0,19911,2916,6299,177,306,9,28,0,0,75,67935,582,1719,0,0,0,0,0
639,11385,640.1048498303311,99957,75,45,29,12,8779,4022,0.12806506797923106,71,26,25495,22658,3431,1621,20898,25637,43739,32730,0,0,19790,2911,6304,177,307,9,35,0,0,86,68038,578,1722,0,0,0,0,0
640,11385,641.2237004142073,99957,82,50,29,12,8801,4030,0.12836519703472493,70,30,25505,22700,3427,1615,20886,25592,43792,32798,0,0,19683,2893,6322,178,307,9,42,0,0,96,68128,574,1725,0,0,0,0,0
641,11385,642.3421540969017,99957,91,54,29,12,8822,4039,0.1286653260902188,70,35,25517,22740,3422,1616,20870,25542,43845,32865,0,0,19569,2886,6328,178,308,9,45,0,0,109,68226,572,1727,0,0,0,0,0
642,11385,643.0873788245906,99957,101,51,29,12,8836,4045,0.1288654121272147,65,35,25512,22750,3413,1617,20879,25534,43897,32931,0,0,19465,2874,6338,179,310,9,44,0,0,120,68320,570,1728,0,0,0,0,0
643,11385,644.2051663814854,99957,107,45,29,12,8857,4053,0.12915553688085876,69,42,25533,22793,3406,1619,20855,25488,43949,32997,0,0,19363,2859,6350,178,316,9,47,0,0,140,68399,566,1730,0,0,0,0,0
644,11385,645.3218666153217,99957,98,54,29,12,8873,4070,0.129485678841902,81,36,25547,22839,3407,1614,20837,25444,44000,33062,0,0,19263,2845,6360,179,319,9,49,0,0,167,68470,561,1735,0,0,0,0,0
645,11385,646.0660292820604,99957,96,59,29,12,8886,4079,0.12970577348259751,82,41,25553,22858,3406,1609,20833,25420,44051,33126,0,0,19168,2826,6377,179,321,9,51,0,0,182,68548,558,1738,0,0,0,0,0
646,11385,647.1819351188625,99957,92,65,29,12,8904,4090,0.12999589823624158,96,47,25578,22924,3407,1596,20797,25355,44101,33189,0,0,19063,2815,6387,179,322,9,56,0,0,203,68627,556,1740,0,0,0,0,0
647,11385,648.2965382623026,99957,110,72,29,12,8935,4108,0.13048610902688157,95,49,25575,22979,3406,1603,20784,25284,44151,33252,0,0,18957,2804,6396,178,326,9,64,0,0,216,68712,553,1742,0,0,0,0,0
648,11385,649.0393970549359,99957,114,78,29,12,8951,4119,0.13075622517682603,104,48,25562,22988,3399,1599,20791,25274,44200,33314,0,0,18860,2790,6407,178,330,9,67,0,0,225,68796,550,1745,0,0,0,0,0
649,11385,650.1540086137879,99956,130,87,30,12,8979,4134,0.1311877225979431,117,46,25574,23040,3386,1596,20762,25218,44249,33375,0,0,18755,2786,6407,176,337,9,71,0,0,233,68888,547,1747,0,0,0,0,0
650,11385,651.2676523887869,99956,138,86,30,12,9006,4146,0.13157789427348032,124,45,25600,23079,3385,1604,20722,25173,44297,33436,0,0,18653,2772,6414,179,344,9,79,0,0,247,68968,543,1748,0,0,0,0,0
651,11385,652.0094566260132,99956,161,87,30,12,9040,4154,0.1319980791548281,129,46,25586,23092,3373,1601,20720,25161,44345,33496,0,0,18560,2760,6426,179,344,9,81,0,0,263,69043,538,1753,0,0,0,0,0
652,11385,653.1222487169068,99956,191,87,30,12,9093,4166,0.13264836528072352,117,47,25607,23137,3372,1606,20682,25110,44392,33555,0,0,18453,2748,6434,181,348,9,93,0,0,280,69121,537,1752,0,0,0,0,0
653,11385,654.2339841943442,99956,197,89,30,12,9133,4184,0.13322862059306095,125,49,25602,23183,3386,1611,20659,25055,44439,33614,0,0,18353,2734,6446,182,352,9,103,0,0,315,69176,534,1752,0,0,0,0,0
654,11385,655.345519673214,99955,192,89,30,13,9163,4197,0.1336601470661798,150,59,25621,23228,3398,1616,20608,24994,44485,33672,0,0,18253,2722,6454,182,356,9,113,0,0,348,69232,532,1754,0,0,0,0,0
655,11385,656.0860131486176,99955,190,82,30,13,9190,4206,0.13402030913911261,162,65,25613,23243,3409,1627,20595,24969,44531,33729,0,0,18155,2709,6466,182,359,9,123,0,0,380,69288,530,1754,0,0,0,0,0
656,11385,657.1969458064247,99955,226,82,30,13,9243,4221,0.1347006152768746,171,75,25613,23294,3405,1632,20554,24903,44577,33786,0,0,18058,2697,6476,184,360,9,128,0,0,404,69356,529,1754,0,0,0,0,0
657,11385,658.3070928445882,99955,242,99,30,13,9290,4248,0.13544094842679205,186,71,25634,23345,3414,1635,20493,24836,44622,33842,0,0,17954,2688,6482,185,363,9,141,0,0,428,69423,527,1755,0,0,0,0,0
658,11385,659.0465382139109,99955,239,104,30,13,9326,4262,0.13594117352808763,191,80,25619,23352,3437,1636,20483,24814,44667,33898,0,0,17854,2677,6489,188,366,9,151,0,0,458,69482,523,1758,0,0,0,0,0
659,11385,660.1557820082948,99954,235,107,30,14,9366,4285,0.13657282349880945,225,86,25621,23391,3461,1645,20427,24756,44711,33953,0,0,17752,2667,6494,190,370,9,164,0,0,502,69526,521,1759,0,0,0,0,0
660,11385,661.2645254302307,99954,246,101,30,14,9419,4302,0.1372731456469976,237,97,25642,23422,3486,1661,20358,24704,44755,34007,0,0,17647,2654,6500,190,379,9,185,0,0,537,69575,520,1758,0,0,0,0,0
661,11385,662.0029595017676,99954,260,120,30,14,9470,4333,0.13809352302058947,226,81,25630,23439,3511,1668,20342,24677,44798,34061,0,0,17550,2647,6502,190,386,9,195,0,0,569,69630,517,1759,0,0,0,0,0
662,11385,663.1109758694206,99954,267,126,30,14,9529,4353,0.1388838865878304,233,100,25639,23477,3530,1668,20300,24614,44841,34114,0,0,17462,2628,6516,192,391,9,205,0,0,618,69659,516,1758,0,0,0,0,0
663,11385,664.2182938256173,99954,279,129,30,14,9582,4376,0.13964423634872042,257,116,25638,23518,3547,1679,20248,24543,44884,34167,0,0,17374,2614,6525,192,400,9,212,0,0,661,69696,514,1757,0,0,0,0,0
664,11385,665.3252361349224,99954,299,146,30,14,9650,4412,0.14068471496888568,263,124,25633,23557,3573,1689,20201,24469,44926,34219,0,0,17276,2605,6527,193,408,9,225,0,0,706,69736,513,1756,0,0,0,0,0
665,11385,666.0629171809604,99954,311,155,30,14,9698,4440,0.1414450647297757,278,118,25595,23571,3596,1697,20189,24444,44968,34271,0,0,17184,2595,6532,198,409,10,233,0,0,745,69781,508,1759,0,0,0,0,0
666,11385,667.170333965083,99954,337,171,30,14,9769,4477,0.14252556175840886,297,125,25597,23608,3622,1709,20116,24372,45009,34322,0,0,17088,2580,6539,201,414,10,250,0,0,786,69819,507,1760,0,0,0,0,0
667,11385,668.2772465892787,99953,365,164,30,15,9847,4513,0.143667523736156,322,136,25564,23626,3649,1741,20069,24317,45050,34372,0,0,16988,2572,6541,203,419,10,267,0,0,854,69833,505,1761,0,0,0,0,0
668,11385,669.0155483200276,99953,378,176,30,15,9903,4540,0.1444979140195892,325,137,25548,23628,3675,1754,20043,24289,45091,34422,0,0,16897,2561,6548,205,423,10,278,0,0,895,69872,503,1761,0,0,0,0,0
669,11385,670.1235968500029,99953,415,180,30,15,9997,4567,0.1457084829870039,353,169,25529,23656,3707,1767,19965,24212,45131,34471,0,0,16799,2548,6556,207,426,11,299,0,0,946,69897,502,1762,0,0,0,0,0
670,11385,671.231604348572,99953,449,204,30,15,10094,4617,0.1471791742118796,376,174,25487,23681,3743,1783,19914,24142,45171,34520,0,0,16710,2533,6564,209,435,12,315,0,0,1004,69911,498,1762,0,0,0,0,0
671,11385,672.3400374406827,99952,478,219,31,15,10195,4667,0.14869137185849207,371,177,25497,23728,3789,1802,19833,24058,45210,34568,0,0,16612,2522,6564,209,447,12,337,0,0,1076,69914,498,1761,0,0,0,0,0
672,11385,673.0786580985005,99951,500,228,31,16,10273,4697,0.1497733889605907,385,183,25462,23750,3822,1814,19799,24008,45249,34616,0,0,16522,2507,6574,213,452,12,355,0,0,1124,69936,494,1762,0,0,0,0,0
673,11385,674.1874228188036,99950,547,262,31,17,10402,4760,0.15169584792396199,401,182,25429,23790,3881,1824,19710,23924,45288,34663,0,0,16430,2485,6580,219,463,12,377,0,0,1195,69934,493,1762,0,0,0,0,0
674,11385,675.2965338172069,99950,556,260,31,17,10502,4795,0.15304652326163082,453,212,25416,23828,3931,1855,19612,23827,45326,34710,0,0,16334,2473,6579,220,479,12,401,0,0,1280,69920,490,1762,0,0,0,0,0
675,11385,676.035816860582,99949,585,268,32,17,10591,4835,0.1543387127434992,469,225,25388,23840,3968,1874,19557,23775,45364,34756,0,0,16246,2456,6586,223,488,12,422,0,0,1337,69928,487,1764,0,0,0,0,0
676,11385,677.1451859126828,99949,619,283,32,17,10726,4891,0.15624968734054367,493,239,25347,23863,4038,1903,19470,23694,45402,34802,0,0,16149,2444,6584,228,504,12,446,0,0,1432,69904,483,1763,0,0,0,0,0
677,11385,678.255318134525,99949,662,301,32,17,10880,4952,0.15840078440004401,485,264,25305,23885,4120,1934,19395,23598,45439,34847,0,0,16044,2434,6578,235,520,12,473,0,0,1534,69878,482,1759,0,0,0,0,0
678,11385,679.3665947363908,99948,700,309,32,18,11018,5023,0.16049345659743067,520,272,25254,23917,4182,1983,19311,23500,45476,34892,0,0,15938,2425,6571,237,539,12,503,0,0,1643,69843,482,1755,0,0,0,0,0
679,11385,680.1082771282769,99947,740,327,33,18,11122,5074,0.1620458843186889,527,281,25224,23929,4216,2006,19259,23438,45512,34936,0,0,15856,2413,6576,242,544,12,515,0,0,1717,69839,479,1754,0,0,0,0,0
680,11385,681.2214709078349,99947,791,348,33,18,11289,5150,0.16447717290163788,561,292,25168,23915,4297,2050,19149,23376,45548,34980,0,0,15757,2394,6571,248,571,13,551,0,0,1813,69802,475,1752,0,0,0,0,0
681,11385,682.3358185143569,99946,815,377,34,18,11456,5239,0.1670402017089228,581,310,25095,23918,4407,2095,19067,23281,45584,35023,0,0,15647,2378,6569,256,588,15,593,0,0,1940,69738,472,1750,0,0,0,0,0
682,11385,683.0799139129151,99946,800,377,34,18,11539,5283,0.16831088787945492,652,332,25025,23909,4483,2128,19005,23235,45619,35066,0,0,15551,2370,6562,258,603,15,620,0,0,2038,69709,469,1751,0,0,0,0,0
683,11385,684.1986742965141,99946,869,398,34,18,11729,5371,0.1710923898905409,691,335,24952,23918,4564,2182,18889,23148,45654,35108,0,0,15452,2360,6560,260,620,18,652,0,0,2164,69646,466,1748,0,0,0,0,0
684,11385,685.3193101229703,99946,901,405,34,18,11916,5455,0.17380385408120386,727,361,24864,23948,4678,2242,18795,23025,45689,35150,0,0,15330,2350,6551,266,638,21,705,0,0,2308,69567,461,1749,0,0,0,0,0
685,11385,686.0679179127433,99946,933,449,34,18,12044,5534,0.17587497248514197,768,352,24789,23961,4743,2267,18732,22952,45723,35191,0,0,15239,2341,6550,271,651,22,730,0,0,2392,69547,456,1747,0,0,0,0,0
686,11385,687.1933787334553,99945,984,461,35,18,12249,5619,0.17877832808044425,810,375,24725,23979,4845,2329,18600,22837,45757,35232,0,0,15139,2327,6540,280,670,24,765,0,0,2551,69451,452,1746,0,0,0,0,0
687,11385,688.3206080133676,99944,1056,496,36,18,12484,5722,0.18216201072600657,878,395,24592,23977,4965,2389,18472,22724,45791,35273,0,0,15018,2312,6536,287,691,25,818,0,0,2690,69373,450,1744,0,0,0,0,0
688,11385,689.0740268668972,99944,1082,517,36,18,12633,5783,0.18426318738493555,923,418,24502,23970,5062,2414,18394,22662,45824,35313,0,0,14919,2299,6534,287,715,25,857,0,0,2787,69334,449,1738,0,0,0,0,0
689,11385,690.207845382193,99943,1178,542,37,18,12910,5914,0.1883473579940566,963,420,24372,23982,5184,2509,18265,22528,45857,35353,0,0,14801,2281,6518,300,745,27,906,0,0,2971,69212,449,1733,0,0,0,0,0
690,11385,691.3457516829656,99942,1279,565,38,18,13178,6030,0.19219147105321086,1044,441,24242,23997,5290,2583,18106,22395,45890,35392,0,0,14691,2269,6501,307,778,28,952,0,0,3136,69104,445,1731,0,0,0,0,0
691,11385,692.1060447794594,99941,1337,567,39,18,13363,6095,0.19469486997328425,1061,469,24163,23986,5386,2637,18013,22322,45923,35431,0,0,14596,2257,6495,312,801,29,986,0,0,3259,69039,441,1726,0,0,0,0,0
692,11385,693.2498738277034,99940,1413,610,40,18,13672,6216,0.19899939963978386,1108,509,24003,23966,5570,2693,17865,22203,45955,35469,0,0,14482,2237,6482,327,830,32,1036,0,0,3461,68893,440,1720,0,0,0,0,0
693,11385,694.0151581351552,99939,1459,640,41,18,13872,6327,0.20211328910635487,1142,534,23903,23932,5679,2754,17775,22121,45987,35507,0,0,14382,2221,6479,336,844,35,1074,0,0,3626,68787,439,1716,0,0,0,0,0
694,11385,695.1672965471007,99937,1531,700,42,19,14191,6485,0.20689034091477632,1187,542,23767,23929,5851,2831,17621,21978,46019,35545,0,0,14266,2200,6470,348,873,37,1131,0,0,3859,68604,436,1713,0,0,0,0,0
695,11385,696.3237424072921,99936,1608,740,43,19,14525,6650,0.21188560678834453,1213,558,23631,23914,6045,2937,17459,21831,46050,35582,0,0,14142,2178,6463,360,905,39,1201,0,0,4117,68394,432,1705,0,0,0,0,0
696,11385,697.0975364463685,99934,1664,761,44,20,14763,6760,0.21537214561610662,1235,607,23536,23878,6175,3006,17345,21727,46081,35619,0,0,14034,2160,6455,369,928,42,1252,0,0,4292,68269,430,1703,0,0,0,0,0
697,11385,698.2621318794911,99932,1729,809,45,21,15138,6931,0.22084017131649522,1268,637,23386,23843,6418,3101,17153,21588,46112,35655,0,0,13896,2141,6441,384,967,43,1330,0,0,4575,68033,424,1698,0,0,0,0,0
698,11385,699.0417088042934,99929,1768,844,47,22,15379,7050,0.2244493590449219,1319,662,23274,23802,6565,3165,17026,21504,46143,35691,0,0,13780,2128,6431,393,996,46,1385,0,0,4749,67908,420,1693,0,0,0,0,0
699,11385,700.21601713644,99928,1841,872,48,22,15779,7254,0.23049595708910414,1358,688,23105,23756,6806,3310,16841,21351,46173,35727,0,0,13638,2097,6407,416,1050,47,1471,0,0,5070,67628,416,1688,0,0,0,0,0
700,11385,701.0024155410206,99927,1876,914,48,23,16032,7391,0.234401112812353,1398,711,22982,23701,6964,3392,16731,21258,46203,35762,0,0,13526,2086,6396,425,1081,48,1523,0,0,5274,67470,411,1687,0,0,0,0,0
701,11385,702.1875936841035,99926,1976,967,49,23,16437,7601,0.24055801292956788,1474,756,22804,23633,7178,3527,16518,21093,46233,35797,0,0,13403,2057,6378,449,1124,49,1588,0,0,5589,67201,408,1680,0,0,0,0,0
702,11385,703.3790580161996,99922,2068,1042,52,24,16867,7830,0.2471627869738396,1549,772,22604,23599,7404,3646,16322,20916,46262,35832,0,0,13255,2043,6353,463,1173,51,1674,0,0,5905,66926,404,1675,0,0,0,0,0
703,11385,704.1775383536668,99922,2154,1084,52,24,17171,7988,0.2517863933868417,1605,783,22442,23562,7547,3733,16199,20813,46291,35866,0,0,13145,2030,6343,472,1207,54,1726,0,0,6120,66753,401,1671,0,0,0,0,0
704,11385,705.3823955858377,99921,2273,1127,53,24,17684,8207,0.2591147006134846,1624,854,22245,23483,7836,3870,15968,20641,46320,35900,0,0,12996,2011,6324,486,1252,60,1816,0,0,6507,66410,396,1663,0,0,0,0,0
705,11385,706.1901762142289,99917,2324,1147,56,25,18001,8368,0.26390904450694075,1679,895,22069,23441,8022,3981,15849,20510,46349,35933,0,0,12875,1990,6311,510,1284,62,1875,0,0,6777,66184,392,1657,0,0,0,0,0
706,11385,707.0025902966566,99917,2388,1201,56,25,18339,8560,0.26921344716114376,1731,905,21891,23383,8224,4093,15709,20392,46377,35966,0,0,12758,1974,6297,519,1321,66,1939,0,0,7055,65944,390,1654,0,0,0,0,0
707,11385,708.2308503983118,99916,2517,1267,57,25,18895,8833,0.27751311101325116,1776,934,21615,23289,8528,4258,15506,20226,46405,35999,0,0,12601,1947,6273,550,1385,72,2033,0,0,7449,65579,383,1644,0,0,0,0,0
708,11385,709.0563496841319,99915,2602,1301,57,26,19285,9054,0.28363108642345997,1764,928,21464,23232,8755,4415,15357,20097,46433,36031,0,0,12466,1924,6251,576,1436,75,2107,0,0,7761,65305,380,1634,0,0,0,0,0
709,11385,710.3038948791083,99915,2652,1365,57,26,19835,9366,0.2922584196567082,1833,942,21221,23138,9111,4628,15125,19900,46461,36063,0,0,12303,1893,6214,603,1521,84,2215,0,0,8228,64854,375,1625,0,0,0,0,0
710,11385,711.1423840028001,99913,2728,1395,59,26,20226,9561,0.2981293725541221,1895,990,21047,23042,9309,4766,14961,19780,46488,36095,0,0,12178,1870,6201,623,1575,88,2283,0,0,8522,64586,371,1616,0,0,0,0,0
711,11385,712.4093899139843,99912,2838,1471,60,26,20855,9881,0.30763071502922573,1923,1024,20790,22919,9676,4968,14712,19591,46515,36126,0,0,12010,1850,6164,641,1669,91,2393,0,0,9007,64114,368,1605,0,0,0,0,0
712,11385,713.260833551541,99912,2900,1522,60,26,21281,10120,0.3142865721835215,1943,1055,20581,22822,9934,5122,14581,19452,46542,36157,0,0,11876,1832,6137,666,1735,93,2463,0,0,9355,63792,366,1597,0,0,0,0,0
713,11385,714.1194935647434,99909,2950,1566,63,26,21713,10361,0.32103213924671453,1961,1081,20412,22705,10213,5283,14400,19338,46569,36188,0,0,11751,1819,6108,677,1806,97,2533,0,0,9731,63432,361,1594,0,0,0,0,0
714,11385,715.4195491042061,99904,3046,1577,65,29,22375,10706,0.33112788276745675,2005,1146,20127,22614,10622,5553,14134,19080,46595,36218,0,0,11565,1796,6072,711,1924,109,2658,0,0,10245,62894,354,1576,0,0,0,0,0
715,11385,716.2943615262444,99901,3109,1644,67,30,22828,10972,0.33833495160208604,2055,1174,19920,22520,10888,5705,13960,18926,46621,36248,0,0,11426,1778,6040,732,1996,113,2736,0,0,10609,62549,352,1570,0,0,0,0,0
716,11385,717.1763613837544,99900,3167,1676,68,30,23262,11206,0.345025025025025,2128,1213,19713,22456,11134,5847,13789,18777,46647,36278,0,0,11282,1755,6018,752,2076,118,2825,0,0,10943,62230,350,1551,0,0,0,0,0
717,11385,718.0656395952575,99897,3310,1730,70,31,23797,11471,0.3530436349439923,2131,1228,19473,22359,11399,6009,13616,18642,46673,36307,0,0,11153,1736,5973,771,2182,122,2898,0,0,11285,61894,346,1537,0,0,0,0,0
718,11385,719.4155024616854,99893,3421,1822,74,31,24535,11887,0.3646101328421411,2174,1255,19189,22208,11790,6260,13351,18423,46698,36336,0,0,10944,1707,5938,803,2292,128,3044,0,0,11859,61316,342,1520,0,0,0,0,0
719,11385,720.3243411498759,99891,3483,1897,75,32,25031,12209,0.37280635893123504,2257,1244,18971,22112,12058,6447,13155,18267,46723,36365,0,0,10805,1690,5906,821,2388,137,3126,0,0,12261,60913,337,1507,0,0,0,0,0
720,11385,721.2415644897666,99887,3561,1929,78,33,25576,12505,0.3812408021063802,2323,1288,18767,21990,12352,6652,12918,18107,46748,36394,0,0,10673,1669,5878,840,2489,149,3205,0,0,12692,60464,333,1495,0,0,0,0,0
721,11385,722.1668528964021,99885,3642,1951,80,33,26097,12786,0.3892776693197177,2433,1347,18519,21877,12594,6838,12731,17953,46773,36422,0,0,10552,1648,5845,861,2580,158,3271,0,0,13132,60022,329,1487,0,0,0,0,0
722,11385,723.1016475316167,99884,3719,2008,81,33,26686,13101,0.3983320651956269,2466,1350,18252,21802,12934,7027,12547,17779,46798,36450,0,0,10405,1625,5802,893,2674,175,3361,0,0,13586,59563,321,1479,0,0,0,0,0
723,11385,724.0477482970408,99882,3844,2077,82,34,27277,13425,0.4075008510041849,2523,1388,18010,21667,13216,7223,12324,17610,46822,36478,0,0,10274,1604,5759,927,2780,189,3428,0,0,13989,59147,313,1472,0,0,0,0,0
724,11385,725.0046591275517,99880,3903,2164,84,34,27881,13781,0.4171205446535843,2584,1365,17756,21558,13571,7426,12101,17452,46846,36505,0,0,10102,1584,5725,957,2903,201,3531,0,0,14411,58694,308,1464,0,0,0,0,0
725,11385,726.4607643397632,99875,4014,2241,88,35,28832,14290,0.43175969962453065,2589,1423,17429,21348,14081,7762,11798,17190,46870,36532,0,0,9879,1544,5658,1013,3081,229,3683,0,0,15103,57944,302,1439,0,0,0,0,0
726,11385,727.444655339314,99871,4129,2274,91,36,29524,14641,0.4422204643990748,2564,1449,17182,21242,14452,7995,11581,17003,46894,36559,0,0,9715,1525,5622,1037,3248,244,3784,0,0,15525,57444,299,1428,0,0,0,0,0
727,11385,728.4404578125989,99868,4163,2318,94,36,30163,14997,0.4521968999078784,2675,1492,16916,21114,14792,8213,11359,16826,46918,36586,0,0,9556,1501,5581,1073,3391,257,3873,0,0,16027,56905,294,1410,0,0,0,0,0
728,11385,729.4494174841772,99866,4222,2376,95,37,30853,15405,0.463200688923157,2699,1460,16654,20964,15193,8500,11136,16662,46941,36612,0,0,9381,1479,5532,1105,3545,269,3984,0,0,16569,56318,289,1395,0,0,0,0,0
729,11385,730.4726403660511,99863,4308,2436,97,38,31537,15795,0.47396933799305047,2703,1507,16399,20811,15559,8747,10933,16460,46964,36638,0,0,9227,1450,5485,1157,3679,285,4067,0,0,17078,55765,286,1384,0,0,0,0,0
730,11385,731.5100572081534,99859,4383,2485,100,39,32285,16182,0.4853543496329825,2699,1537,16171,20676,15920,8990,10726,16272,46987,36664,0,0,9044,1426,5432,1197,3836,297,4182,0,0,17629,55164,283,1369,0,0,0,0,0
731,11385,732.0335459801943,99859,4400,2454,100,39,32622,16361,0.49052163550606354,2729,1540,16024,20614,16101,9164,10645,16188,47010,36689,0,0,8941,1406,5409,1221,3916,313,4225,0,0,17902,54885,280,1361,0,0,0,0,0
732,11385,733.0897837220888,99858,4476,2515,101,39,33345,16790,0.5020629293596908,2763,1554,15766,20476,16453,9421,10440,15994,47032,36714,0,0,8763,1377,5364,1266,4067,339,4337,0,0,18418,54303,275,1349,0,0,0,0,0
733,11385,734.1287845017458,99855,4515,2575,104,39,34043,17228,0.5134545090381053,2796,1524,15489,20348,16845,9702,10250,15811,47054,36739,0,0,8604,1345,5318,1311,4237,356,4426,0,0,18959,53689,272,1338,0,0,0,0,0
734,11385,735.1434082201811,99852,4585,2603,107,39,34769,17632,0.5247866842927533,2780,1526,15273,20201,17194,9987,10060,15643,47076,36764,0,0,8448,1320,5265,1343,4434,379,4513,0,0,19457,53106,267,1320,0,0,0,0,0
735,11385,736.1354807779898,99847,4603,2570,111,40,35435,17977,0.5349384558374313,2856,1569,14988,20074,17574,10262,9867,15484,47098,36788,0,0,8277,1297,5222,1375,4599,410,4615,0,0,19953,52527,265,1307,0,0,0,0,0
736,11385,737.1053234193374,99842,4627,2624,115,41,36107,18384,0.5457723202660203,2881,1581,14735,19924,17954,10513,9687,15316,47120,36812,0,0,8115,1278,5164,1407,4798,435,4710,0,0,20402,51988,257,1288,0,0,0,0,0
737,11385,738.0531084091666,99840,4656,2664,117,41,36783,18766,0.5563802083333333,2823,1568,14532,19809,18338,10758,9533,15159,47142,36836,0,0,7961,1256,5104,1442,4985,461,4800,0,0,20859,51440,252,1280,0,0,0,0,0
738,11385,739.4384298963614,99837,4753,2712,117,44,37770,19319,0.5718220699740577,2818,1573,14211,19630,18804,11125,9296,14915,47163,36860,0,0,7742,1222,5028,1506,5280,488,4927,0,0,21440,50697,250,1257,0,0,0,0,0
739,11385,740.34084704159,99833,4798,2705,118,47,38415,19663,0.5817515250468283,2761,1598,14047,19536,19134,11351,9141,14762,47184,36883,0,0,7606,1205,4986,1549,5459,525,4985,0,0,21833,50195,244,1246,0,0,0,0,0
740,11385,741.228215476343,99830,4772,2766,120,48,39011,20024,0.5913553040168286,2780,1611,13873,19434,19478,11529,8976,14611,47205,36906,0,0,7455,1182,4953,1601,5611,556,5055,0,0,22241,49704,240,1232,0,0,0,0,0
741,11385,742.0993980550646,99828,4808,2741,122,48,39607,20332,0.6004227270905959,2792,1649,13689,19300,19761,11788,8827,14473,47226,36929,0,0,7312,1159,4908,1646,5797,576,5132,0,0,22612,49235,231,1220,0,0,0,0,0
742,11385,743.3811005972744,99827,4849,2743,123,48,40499,20820,0.6142526570967775,2778,1742,13433,19115,20219,12107,8597,14244,47247,36952,0,0,7122,1135,4827,1713,6048,619,5227,0,0,23203,48507,224,1202,0,0,0,0,0
743,11385,744.2186742291949,99824,4868,2738,125,49,41109,21162,0.6238079019073569,2779,1711,13277,19031,20512,12351,8438,14119,47267,36975,0,0,6991,1123,4785,1744,6222,650,5285,0,0,23634,47982,219,1189,0,0,0,0,0
744,11385,745.043922597532,99823,4840,2752,126,49,41673,21491,0.6327599851737575,2824,1717,13058,18939,20823,12559,8328,13983,47287,36997,0,0,6868,1106,4747,1792,6391,695,5327,0,0,23984,47519,214,1180,0,0,0,0,0
745,11385,746.2585608488206,99819,4882,2870,127,52,42509,22038,0.6466404191586772,2779,1679,12850,18767,21229,12849,8132,13782,47307,37019,0,0,6697,1084,4676,1850,6644,731,5408,0,0,24483,46871,208,1167,0,0,0,0,0
746,11385,747.054798280967,99814,4886,2880,130,54,43066,22377,0.6556495080850382,2781,1677,12718,18666,21482,13078,8002,13644,47327,37041,0,0,6574,1068,4642,1884,6811,763,5458,0,0,24854,46394,206,1160,0,0,0,0,0
747,11385,748.2306898981539,99812,4911,2899,132,54,43883,22911,0.6691980924137378,2747,1676,12520,18512,21864,13413,7825,13445,47347,37063,0,0,6426,1043,4561,1944,7106,808,5513,0,0,25366,45701,203,1141,0,0,0,0,0
748,11385,749.003269695115,99808,4874,2920,134,56,44388,23245,0.6776310516191086,2807,1652,12378,18427,22100,13621,7706,13323,47367,37084,0,0,6318,1024,4513,2002,7303,831,5538,0,0,25686,45263,200,1130,0,0,0,0,0
749,11385,750.146671002494,99804,4862,2927,138,56,45153,23710,0.689982365436255,2837,1674,12174,18291,22448,13917,7540,13134,47386,37105,0,0,6141,1003,4454,2044,7572,877,5638,0,0,26132,44636,194,1113,0,0,0,0,0
750,11385,751.2710588630417,99802,4899,2976,140,56,45950,24194,0.7028316065810304,2765,1651,12005,18157,22832,14193,7358,12966,47405,37126,0,0,6010,977,4393,2096,7827,931,5685,0,0,26576,44014,189,1104,0,0,0,0,0
751,11385,752.0104414685973,99801,4846,2967,141,56,46447,24511,0.7109948798108235,2801,1626,11892,18065,23056,14433,7263,12852,47424,37147,0,0,5916,961,4341,2139,8042,962,5702,0,0,26895,43573,182,1088,0,0,0,0,0
752,11385,753.1061575266364,99797,4826,2931,143,58,47189,24931,0.7226670140384982,2793,1651,11702,17944,23420,14712,7115,12703,47443,37168,0,0,5758,944,4283,2191,8346,1008,5773,0,0,27265,42980,179,1070,0,0,0,0,0
753,11385,754.1860010885531,99796,4838,2908,143,59,47897,25360,0.7340674976952984,2771,1658,11560,17815,23716,15015,6971,12544,47462,37188,0,0,5613,923,4238,2252,8583,1061,5828,0,0,27669,42396,177,1056,0,0,0,0,0
754,11385,755.2517211753363,99794,4807,2897,144,60,48614,25775,0.7454255766879773,2729,1643,11421,17736,24066,15274,6832,12389,47481,37208,0,0,5480,902,4188,2300,8845,1111,5882,0,0,28078,41792,174,1042,0,0,0,0,0
755,11385,756.3031624490911,99792,4806,2868,146,60,49346,26171,0.7567440275773609,2656,1699,11276,17624,24416,15524,6699,12224,47500,37228,0,0,5345,879,4129,2351,9096,1166,5930,0,0,28494,41208,170,1024,0,0,0,0,0
756,11385,757.3408381363096,99789,4835,2836,149,60,50029,26572,0.7676296986641814,2588,1706,11144,17536,24701,15790,6582,12071,47518,37248,0,0,5216,866,4082,2398,9337,1228,5974,0,0,28836,40681,164,1007,0,0,0,0,0
757,11385,758.0259076132521,99786,4812,2836,150,62,50485,26863,0.7751387970256348,2585,1721,11056,17436,24899,15963,6497,11981,47536,37268,0,0,5119,856,4053,2424,9553,1261,6004,0,0,29027,40335,160,994,0,0,0,0,0
758,11385,759.0438875086943,99786,4725,2884,150,62,51143,27303,0.7861423446174814,2553,1662,10946,17311,25267,16209,6358,11871,47554,37287,0,0,4998,840,4008,2470,9858,1315,6031,0,0,29310,39816,155,985,0,0,0,0,0
759,11385,760.0493070602578,99784,4697,2848,152,62,51818,27686,0.7967610037681392,2483,1660,10827,17194,25580,16480,6260,11755,47572,37306,0,0,4883,818,3949,2526,10132,1377,6061,0,0,29633,39289,150,966,0,0,0,0,0
760,11385,761.0429947613027,99781,4650,2860,155,62,52464,28101,0.8074182459586494,2453,1588,10730,17110,25867,16740,6144,11639,47590,37325,0,0,4771,803,3910,2571,10383,1446,6093,0,0,29945,38763,145,951,0,0,0,0,0
761,11385,762.0270705134925,99779,4606,2829,157,62,53060,28447,0.8168752944006253,2416,1576,10639,17037,26144,16978,6037,11517,47608,37344,0,0,4686,784,3872,2612,10634,1506,6102,0,0,30233,38266,145,939,0,0,0,0,0
762,11385,763.0022029659265,99776,4559,2840,158,64,53610,28817,0.8261205099422707,2405,1561,10537,16963,26383,17171,5957,11400,47625,37363,0,0,4603,767,3827,2657,10871,1558,6094,0,0,30513,37815,142,929,0,0,0,0,0
763,11385,764.2893010377654,99773,4555,2835,159,66,54424,29297,0.8391147905746044,2283,1520,10433,16870,26710,17458,5859,11250,47642,37382,0,0,4488,753,3761,2693,11212,1639,6120,0,0,30850,37211,136,910,0,0,0,0,0
764,11385,765.2459620080626,99772,4457,2822,159,67,54981,29650,0.8482439963115904,2283,1526,10352,16794,26975,17667,5773,11123,47659,37400,0,0,4394,738,3713,2733,11462,1710,6130,0,0,31107,36749,135,901,0,0,0,0,0
765,11385,766.1948438166601,99769,4388,2806,162,67,55507,30009,0.8571399933847187,2292,1494,10277,16730,27201,17877,5679,11025,47676,37418,0,0,4292,726,3678,2768,11691,1775,6141,0,0,31364,36315,133,886,0,0,0,0,0
766,11385,767.1366775904635,99766,4323,2812,164,68,56007,30401,0.8661066896537899,2304,1410,10201,16668,27399,18114,5608,10927,47693,37436,0,0,4205,716,3644,2805,11912,1844,6145,0,0,31613,35872,131,879,0,0,0,0,0
767,11385,768.0724786121823,99764,4262,2791,166,68,56521,30740,0.8746742311855981,2276,1367,10138,16614,27629,18317,5528,10842,47710,37454,0,0,4114,698,3604,2852,12162,1900,6150,0,0,31823,35464,130,867,0,0,0,0,0
768,11385,769.0021641025746,99762,4177,2766,168,68,57021,31055,0.8828612096790361,2276,1352,10064,16574,27864,18497,5450,10742,47727,37472,0,0,4037,683,3567,2893,12423,1964,6144,0,0,31991,35079,126,855,0,0,0,0,0
769,11385,770.232113974222,99760,4093,2685,170,68,57695,31471,0.8938051323175622,2249,1348,9985,16484,28157,18795,5345,10619,47744,37489,0,0,3945,661,3509,2931,12759,2057,6143,0,0,32258,34535,123,839,0,0,0,0,0
770,11385,771.1478656559167,99757,4041,2663,172,69,58170,31788,0.9017713042693746,2231,1333,9943,16429,28334,18978,5278,10527,47760,37506,0,0,3856,648,3469,2980,12952,2134,6147,0,0,32443,34177,121,830,0,0,0,0,0
771,11385,772.058663764854,99754,4014,2641,173,71,58665,32079,0.9096778074062193,2195,1330,9881,16392,28536,19142,5200,10423,47776,37523,0,0,3781,640,3437,3009,13147,2216,6148,0,0,32607,33828,120,821,0,0,0,0,0
772,11385,773.2646328958094,99749,4004,2567,176,73,59303,32454,0.9198788960290328,2137,1336,9859,16328,28698,19407,5125,10288,47792,37540,0,0,3686,631,3391,3035,13451,2305,6153,0,0,32782,33383,119,813,0,0,0,0,0
773,11385,774.1654596125571,99747,3986,2516,178,73,59822,32747,0.9280379359780244,2059,1313,9830,16277,28873,19618,5073,10202,47808,37557,0,0,3600,611,3354,3072,13692,2372,6167,0,0,32929,33027,119,804,0,0,0,0,0
774,11385,775.062578313667,99746,3936,2423,178,74,60290,33028,0.9355563130351092,1996,1308,9793,16263,29081,19818,5015,10113,47824,37574,0,0,3530,600,3317,3118,13942,2436,6153,0,0,33084,32655,119,792,0,0,0,0,0
775,11385,776.2519499247144,99742,3820,2379,179,77,60867,33413,0.9452387158869884,1954,1250,9771,16235,29348,20044,4927,10014,47840,37590,0,0,3448,589,3270,3155,14256,2535,6136,0,0,33239,32218,117,779,0,0,0,0,0
776,11385,777.1387681009044,99741,3775,2364,180,77,61306,33704,0.9525671489156916,1929,1194,9771,16212,29477,20213,4867,9939,47856,37606,0,0,3385,580,3249,3199,14449,2604,6117,0,0,33377,31895,116,770,0,0,0,0,0
777,11385,778.0228680461337,99740,3742,2368,181,77,61731,33987,0.9596751554040506,1880,1138,9769,16198,29620,20341,4807,9877,47871,37622,0,0,3316,571,3216,3221,14666,2666,6113,0,0,33470,31627,115,759,0,0,0,0,0
778,11385,779.1966399364662,99739,3624,2291,182,77,62242,34303,0.9679764184521601,1897,1147,9730,16165,29838,20538,4728,9781,47886,37638,0,0,3248,564,3174,3249,14948,2760,6088,0,0,33623,31219,114,752,0,0,0,0,0
779,11385,780.0728583242525,99737,3593,2255,184,77,62668,34552,0.9747636283425409,1819,1124,9718,16153,29996,20686,4689,9704,47901,37654,0,0,3198,553,3152,3266,15159,2833,6068,0,0,33713,30941,114,740,0,0,0,0,0
780,11385,781.2361928277747,99735,3505,2243,185,78,63189,34912,0.9836165839474608,1787,1054,9741,16129,30159,20876,4622,9619,47916,37670,0,0,3132,544,3111,3289,15406,2944,6056,0,0,33844,30562,113,734,0,0,0,0,0
781,11385,782.1060303429207,99733,3474,2199,186,79,63586,35129,0.9897927466335115,1773,1046,9719,16109,30264,21006,4583,9560,47931,37686,0,0,3073,535,3095,3318,15548,3022,6047,0,0,33968,30286,110,731,0,0,0,0,0
782,11385,783.2626632024153,99731,3370,2194,187,80,64093,35434,0.99795449759854,1732,1059,9745,16077,30455,21112,4510,9477,47946,37701,0,0,3015,529,3065,3345,15803,3119,6024,0,0,34058,29943,108,722,0,0,0,0,0
783,11385,784.1267343201621,99728,3300,2156,189,81,64440,35668,1.0038103641905984,1725,1056,9741,16063,30574,21233,4470,9410,47961,37716,0,0,2966,525,3039,3339,16004,3183,6016,0,0,34168,29671,107,710,0,0,0,0,0
784,11385,785.2749234714275,99725,3244,2099,191,82,64937,35929,1.0114414640260716,1679,1103,9723,16061,30762,21351,4400,9303,47976,37731,0,0,2896,516,2997,3352,16245,3276,6015,0,0,34257,29362,106,703,0,0,0,0,0
785,11385,786.1324794631128,99725,3228,2093,191,82,65301,36181,1.0176184507395336,1644,1055,9709,16070,30865,21460,4362,9239,47991,37746,0,0,2850,512,2965,3362,16433,3337,6004,0,0,34334,29125,105,698,0,0,0,0,0
786,11385,787.2723120733006,99720,3152,2056,192,86,65758,36494,1.0253910950661853,1617,1018,9732,16070,31000,21611,4306,9158,48005,37761,0,0,2801,501,2937,3387,16664,3433,5973,0,0,34435,28796,102,691,0,0,0,0,0
787,11385,788.1252640761853,99719,3122,2011,192,87,66095,36705,1.0308968200643809,1591,996,9745,16052,31088,21743,4261,9110,48019,37776,0,0,2752,493,2919,3394,16813,3502,5966,0,0,34540,28554,102,684,0,0,0,0,0
788,11385,789.2601214092018,99718,3055,2030,193,87,66551,37006,1.038498565955996,1529,958,9768,16056,31252,21838,4202,9030,48033,37791,0,0,2694,484,2896,3402,17032,3603,5961,0,0,34583,28287,102,674,0,0,0,0,0
789,11385,790.1087912773789,99717,2981,2019,194,87,66865,37220,1.0438039652215771,1517,926,9778,16065,31363,21922,4166,8980,48047,37805,0,0,2658,477,2877,3415,17200,3667,5945,0,0,34665,28042,100,671,0,0,0,0,0
790,11385,791.2374245515152,99715,2958,1904,195,88,67299,37469,1.0506744221029936,1472,951,9794,16067,31462,22094,4118,8895,48061,37819,0,0,2610,466,2853,3439,17392,3770,5922,0,0,34768,27730,98,667,0,0,0,0,0
791,11385,792.0825906467666,99715,2961,1842,195,88,67630,37656,1.0558692272977988,1426,945,9829,16059,31512,22216,4076,8849,48075,37833,0,0,2574,462,2829,3448,17535,3847,5907,0,0,34834,27522,96,661,0,0,0,0,0
792,11385,793.2081004581987,99714,2914,1797,196,88,68016,37905,1.0622480293639809,1395,938,9838,16070,31637,22346,4019,8760,48089,37847,0,0,2525,451,2806,3468,17732,3935,5895,0,0,34883,27269,94,656,0,0,0,0,0
793,11385,794.0504529518813,99712,2855,1781,198,88,68303,38110,1.0672035462130938,1389,922,9845,16056,31728,22435,3984,8717,48103,37861,0,0,2490,445,2787,3478,17892,4010,5879,0,0,34894,27089,94,654,0,0,0,0,0
794,11385,795.1713536263029,99711,2795,1773,198,89,68690,38387,1.0738734943988126,1361,853,9857,16079,31843,22562,3945,8643,48117,37875,0,0,2452,438,2764,3500,18112,4085,5846,0,0,34948,26827,92,647,0,0,0,0,0
795,11385,796.0105422246829,99711,2721,1727,198,89,68976,38564,1.0785169138811164,1332,853,9883,16074,31943,22659,3922,8597,48130,37889,0,0,2421,428,2737,3518,18293,4155,5819,0,0,34966,26647,90,637,0,0,0,0,0
796,11385,797.1274912059396,99711,2676,1702,198,89,69360,38808,1.0848151156843278,1303,811,9911,16105,32018,22763,3893,8529,48143,37903,0,0,2377,421,2716,3524,18456,4254,5803,0,0,35030,26406,89,635,0,0,0,0,0
797,11385,798.2432917752994,99710,2641,1671,198,90,69729,39021,1.090662922475178,1271,799,9952,16104,32090,22855,3847,8480,48156,37916,0,0,2350,416,2698,3546,18604,4348,5771,0,0,35079,26180,86,632,0,0,0,0,0
798,11385,799.079331848247,99709,2591,1617,199,90,69981,39174,1.0947356808312187,1319,807,9957,16095,32119,22949,3814,8441,48169,37929,0,0,2316,414,2686,3563,18700,4433,5749,0,0,35118,26013,86,631,0,0,0,0,0
799,11385,800.1932935538906,99708,2548,1586,199,91,70341,39395,1.1005736751313837,1276,767,10010,16139,32190,23033,3776,8383,48182,37942,0,0,2284,409,2668,3573,18880,4521,5723,0,0,35149,25792,86,623,0,0,0,0,0
800,11385,801.0281789715783,99707,2497,1550,199,92,70582,39539,1.104446026858696,1270,772,10035,16154,32244,23087,3754,8344,48195,37955,0,0,2263,404,2656,3585,18976,4596,5697,0,0,35207,25621,83,619,0,0,0,0,0
801,11385,802.1404157251364,99707,2459,1530,199,92,70933,39734,1.1099220716699931,1222,771,10084,16192,32312,23118,3723,8296,48208,37968,0,0,2222,396,2644,3592,19097,4697,5680,0,0,35246,25436,83,614,0,0,0,0,0
802,11385,803.2514986790187,99707,2404,1500,199,92,71263,39954,1.1154382340256952,1200,747,10121,16211,32389,23211,3686,8238,48221,37981,0,0,2197,392,2630,3577,19282,4784,5665,0,0,35277,25214,82,607,0,0,0,0,0
803,11385,804.0839362646201,99706,2350,1471,199,93,71497,40118,1.1194411570015848,1210,736,10141,16236,32430,23271,3669,8192,48234,37994,0,0,2173,387,2612,3574,19385,4865,5654,0,0,35322,25049,80,605,0,0,0,0,0
804,11385,805.193416531586,99705,2287,1472,200,93,71824,40318,1.1247379770322452,1157,717,10175,16289,32530,23295,3650,8133,48247,38007,0,0,2142,383,2601,3575,19518,4966,5634,0,0,35339,24869,79,599,0,0,0,0,0
805,11385,806.0244253799065,99705,2281,1441,200,93,72071,40463,1.1286695752469786,1110,704,10211,16325,32565,23360,3632,8076,48259,38019,0,0,2116,379,2592,3596,19648,5015,5611,0,0,35338,24736,75,599,0,0,0,0,0
806,11385,807.1322342093133,99703,2216,1413,202,93,72358,40662,1.133566693078443,1121,662,10255,16375,32603,23426,3602,8030,48271,38031,0,0,2081,372,2574,3598,19797,5092,5598,0,0,35378,24543,74,596,0,0,0,0,0
807,11385,808.239617903938,99702,2123,1340,203,93,72652,40817,1.1380814828188,1092,676,10307,16405,32702,23506,3572,7979,48283,38043,0,0,2047,368,2561,3607,19940,5195,5575,0,0,35380,24369,69,591,0,0,0,0,0
808,11385,809.0694892951025,99701,2106,1312,204,93,72884,40950,1.1417538439935406,1058,690,10334,16432,32740,23544,3557,7928,48295,38055,0,0,2026,362,2549,3611,20054,5263,5555,0,0,35360,24262,69,590,0,0,0,0,0
809,11385,810.1751621170736,99701,2054,1310,204,93,73160,41149,1.1465180890863682,1028,662,10397,16476,32783,23586,3533,7872,48307,38067,0,0,1996,352,2536,3625,20177,5346,5533,0,0,35381,24101,69,585,0,0,0,0,0
810,11385,811.0045944451027,99700,2035,1273,205,93,73363,41275,1.1498294884653961,1010,647,10425,16515,32793,23639,3531,7832,48319,38079,0,0,1976,349,2528,3634,20241,5418,5507,0,0,35418,23978,69,582,0,0,0,0,0
811,11385,812.1107838061042,99699,1971,1274,205,94,73631,41473,1.1545150904221708,957,623,10476,16531,32879,23697,3511,7780,48331,38091,0,0,1944,342,2516,3643,20365,5507,5491,0,0,35418,23829,68,576,0,0,0,0,0
812,11385,813.215868978338,99699,1887,1240,205,94,73875,41651,1.1587478309712234,956,585,10557,16572,32909,23774,3485,7734,48343,38103,0,0,1917,333,2497,3647,20513,5589,5470,0,0,35418,23675,66,574,0,0,0,0,0
813,11385,814.0450416082992,99699,1841,1226,205,94,74069,41781,1.161997612814572,918,565,10614,16588,32954,23817,3467,7709,48355,38115,0,0,1896,330,2485,3648,20629,5644,5451,0,0,35414,23568,65,569,0,0,0,0,0
814,11385,815.1503948546747,99698,1786,1200,205,95,74327,41956,1.1663523842002848,873,521,10694,16629,33005,23883,3436,7671,48367,38127,0,0,1872,326,2457,3653,20767,5723,5427,0,0,35431,23412,64,566,0,0,0,0,0
815,11385,816.2556723618344,99696,1722,1164,207,95,74555,42121,1.1703177660086663,868,489,10763,16708,33035,23919,3404,7624,48379,38138,0,0,1844,322,2446,3664,20886,5794,5408,0,0,35457,23250,62,563,0,0,0,0,0
816,11385,817.0850212265191,99696,1682,1145,207,95,74731,42215,1.1730259990370726,841,499,10820,16760,33063,23916,3386,7584,48390,38149,0,0,1824,320,2438,3662,20973,5856,5399,0,0,35433,23170,61,560,0,0,0,0,0
817,11385,818.1909190114062,99695,1653,1103,208,95,74975,42347,1.176809268268218,798,519,10872,16771,33098,23967,3370,7544,48401,38160,0,0,1803,314,2430,3664,21082,5928,5381,0,0,35450,23027,61,555,0,0,0,0,0
818,11385,819.0202006232998,99692,1605,1087,211,95,75132,42451,1.1794627452553865,784,506,10920,16821,33120,23969,3359,7521,48412,38171,0,0,1789,309,2426,3670,21174,5975,5362,0,0,35447,22930,61,549,0,0,0,0,0
819,11385,820.1265461455602,99690,1558,1069,213,95,75335,42610,1.1831176647607584,783,492,11005,16855,33101,24007,3339,7481,48423,38182,0,0,1773,307,2410,3681,21274,6050,5328,0,0,35450,22811,60,546,0,0,0,0,0
820,11385,821.2341872486573,99690,1525,1047,213,95,75553,42749,1.186698766175143,787,504,11064,16885,33087,24020,3323,7448,48434,38193,0,0,1750,304,2400,3676,21351,6129,5321,0,0,35480,22676,60,543,0,0,0,0,0
821,11385,822.0656137186556,99690,1508,1039,213,95,75710,42854,1.189326913431638,751,479,11114,16934,33098,24031,3315,7421,48445,38204,0,0,1728,304,2390,3671,21425,6181,5315,0,0,35476,22603,60,537,0,0,0,0,0
822,11385,823.1746433147921,99690,1482,1029,213,95,75916,42995,1.1928077038820344,732,466,11196,16978,33077,24054,3299,7377,48456,38215,0,0,1699,300,2386,3673,21506,6247,5303,0,0,35483,22496,60,537,0,0,0,0,0
823,11385,824.0074130284232,99690,1470,1002,213,95,76076,43096,1.1954258200421306,700,448,11258,16990,33071,24106,3287,7358,48467,38226,0,0,1683,298,2375,3671,21563,6305,5288,0,0,35508,22406,58,535,0,0,0,0,0
824,11385,825.1191592222023,99688,1437,960,215,95,76284,43206,1.198639756038841,686,459,11331,17057,33061,24113,3269,7315,48478,38237,0,0,1667,296,2367,3666,21676,6365,5271,0,0,35503,22284,58,535,0,0,0,0,0
825,11385,826.2320550487257,99687,1400,938,216,95,76456,43347,1.2017916077322017,666,409,11394,17124,33057,24137,3266,7296,48489,38247,0,0,1651,292,2356,3672,21745,6441,5254,0,0,35507,22176,58,535,0,0,0,0,0
826,11385,827.0675934965399,99686,1350,918,217,95,76586,43440,1.204040687759565,650,417,11462,17153,33061,24140,3259,7276,48500,38257,0,0,1645,289,2345,3677,21822,6493,5227,0,0,35505,22093,57,533,0,0,0,0,0
827,11385,828.182896745891,99684,1305,877,218,96,76776,43539,1.2069640062597808,629,437,11550,17209,33058,24134,3239,7246,48511,38267,0,0,1627,287,2330,3677,21911,6565,5205,0,0,35494,21999,57,532,0,0,0,0,0
828,11385,829.0199251520999,99684,1233,884,218,96,76889,43637,1.2090806949961879,651,411,11595,17262,33081,24118,3221,7228,48522,38277,0,0,1622,284,2327,3683,21987,6618,5175,0,0,35462,21943,54,529,0,0,0,0,0
829,11385,830.1362280807678,99682,1246,883,220,96,77071,43764,1.2122048112999337,623,394,11656,17328,33043,24105,3211,7193,48532,38287,0,0,1609,284,2319,3675,22065,6670,5161,0,0,35461,21857,53,528,0,0,0,0,0
830,11385,831.2543177331237,99682,1245,850,220,96,77263,43874,1.2152344455368072,591,404,11755,17382,32987,24109,3201,7158,48542,38297,0,0,1598,280,2308,3682,22143,6731,5136,0,0,35466,21760,52,526,0,0,0,0,0
831,11385,832.0943102622243,99682,1222,842,220,96,77383,43967,1.2173712405449328,588,389,11823,17456,32959,24096,3187,7120,48552,38307,0,0,1580,277,2300,3684,22229,6759,5127,0,0,35453,21695,52,526,0,0,0,0,0
832,11385,833.2158239174275,99680,1207,837,221,97,77557,44084,1.2203150080256822,582,366,11890,17524,32925,24084,3174,7091,48562,38317,0,0,1568,277,2286,3685,22307,6814,5098,0,0,35452,21616,52,525,0,0,0,0,0
833,11385,834.0580195184629,99680,1203,813,221,97,77690,44167,1.2224819422150883,555,355,11942,17573,32914,24087,3164,7074,48572,38327,0,0,1559,276,2276,3696,22355,6857,5071,0,0,35473,21540,52,525,0,0,0,0,0
834,11385,835.182270192738,99677,1177,815,222,99,77840,44267,1.2250268366824844,546,357,12035,17633,32869,24047,3150,7048,48582,38337,0,0,1547,275,2268,3694,22436,6908,5056,0,0,35435,21484,52,522,0,0,0,0,0
835,11385,836.0267895527905,99677,1161,797,222,99,77949,44341,1.226862766736559,547,347,12066,17703,32861,24030,3142,7023,48592,38347,0,0,1534,272,2263,3697,22485,6944,5045,0,0,35451,21414,52,520,0,0,0,0,0
836,11385,837.1538547563423,99677,1129,745,222,99,78087,44420,1.2290397985493142,543,356,12163,17787,32816,24020,3126,6992,48602,38357,0,0,1523,269,2254,3692,22547,7003,5030,0,0,35464,21327,51,517,0,0,0,0,0
837,11385,838.0005628768363,99675,1138,753,223,100,78216,44504,1.2312014045648356,517,341,12224,17849,32773,23991,3124,6965,48612,38366,0,0,1514,268,2250,3685,22587,7040,5014,0,0,35479,21274,51,513,0,0,0,0,0
838,11385,839.1315717499303,99673,1116,728,224,101,78367,44612,1.2338246064631344,505,322,12307,17932,32740,23990,3107,6926,48622,38375,0,0,1498,265,2245,3682,22640,7107,5007,0,0,35481,21190,50,508,0,0,0,0,0
839,11385,840.2644020742116,99670,1065,685,227,101,78506,44684,1.2359787298083675,507,328,12384,18021,32727,23960,3089,6904,48632,38384,0,0,1484,264,2237,3685,22711,7164,4988,0,0,35469,21112,50,506,0,0,0,0,0
840,11385,841.1150016758784,99670,1039,667,227,101,78616,44745,1.2376943914919234,489,338,12444,18067,32713,23943,3087,6883,48642,38393,0,0,1472,263,2227,3687,22772,7207,4974,0,0,35445,21069,50,504,0,0,0,0,0
841,11385,842.2503791666701,99667,992,657,229,102,78740,44836,1.2398888298032449,494,332,12533,18167,32680,23883,3071,6858,48652,38402,0,0,1453,261,2220,3682,22847,7248,4967,0,0,35440,20996,50,503,0,0,0,0,0
842,11385,843.1031160257762,99666,983,649,229,103,78857,44904,1.2417574699496319,465,313,12604,18229,32651,23859,3067,6846,48662,38411,0,0,1449,254,2215,3683,22898,7288,4950,0,0,35429,20947,49,504,0,0,0,0,0
843,11385,844.2421280420575,99666,970,618,229,103,79003,44989,1.244075211205426,429,294,12709,18310,32608,23850,3054,6824,48671,38420,0,0,1439,250,2208,3682,22966,7342,4930,0,0,35415,20885,49,500,0,0,0,0,0
844,11385,845.0980599119034,99666,933,595,229,103,79084,45051,1.245510003411394,445,295,12776,18369,32572,23838,3044,6799,48680,38429,0,0,1429,246,2207,3685,23021,7373,4916,0,0,35415,20828,49,497,0,0,0,0,0
845,11385,846.2410813364348,99666,895,591,229,103,79204,45141,1.2476170409166616,453,293,12873,18449,32526,23790,3023,6773,48689,38438,0,0,1419,245,2202,3681,23080,7429,4902,0,0,35384,20781,48,495,0,0,0,0,0
846,11385,847.0997807745414,99666,874,598,229,103,79305,45197,1.2491923022896474,431,303,12948,18518,32503,23728,3014,6749,48698,38447,0,0,1410,244,2197,3680,23122,7463,4888,0,0,35378,20741,48,495,0,0,0,0,0
847,11385,848.2462115226433,99666,855,588,229,103,79427,45284,1.251289306282985,427,291,13058,18595,32436,23699,2994,6723,48707,38456,0,0,1400,242,2191,3685,23168,7512,4868,0,0,35379,20681,48,492,0,0,0,0,0
848,11385,849.1080215657214,99666,860,562,229,103,79534,45332,1.2528445006321112,404,282,13128,18668,32389,23684,2989,6700,48716,38465,0,0,1391,241,2186,3680,23209,7549,4858,0,0,35377,20637,48,490,0,0,0,0,0
849,11385,850.2593180789414,99666,838,534,229,103,79647,45410,1.2547609014107117,393,256,13212,18753,32346,23687,2981,6666,48725,38474,0,0,1385,241,2179,3672,23262,7603,4840,0,0,35374,20573,48,489,0,0,0,0,0
850,11385,851.1243663709212,99666,811,530,229,103,79731,45463,1.2561354925451007,384,252,13277,18832,32324,23641,2974,6641,48734,38482,0,0,1381,237,2171,3664,23324,7634,4829,0,0,35345,20545,48,488,0,0,0,0,0
851,11385,852.2797509198393,99665,781,531,229,104,79828,45534,1.2578337430391813,399,245,13374,18902,32259,23598,2957,6619,48743,38490,0,0,1364,235,2170,3660,23372,7671,4824,0,0,35329,20504,48,488,0,0,0,0,0
852,11385,853.1479036402394,99665,773,504,229,104,79913,45585,1.259198314353083,389,245,13443,18949,32211,23592,2954,6605,48752,38498,0,0,1359,235,2164,3654,23438,7694,4810,0,0,35316,20461,48,486,0,0,0,0,0
853,11385,854.017617865617,99665,782,476,229,104,79999,45630,1.2605127176039732,382,240,13514,19001,32143,23589,2949,6589,48761,38506,0,0,1348,234,2158,3649,23471,7721,4807,0,0,35327,20416,48,486,0,0,0,0,0
854,11385,855.1802324348309,99665,764,465,229,104,80101,45698,1.2622184317463503,368,235,13610,19060,32090,23560,2938,6575,48770,38514,0,0,1338,234,2150,3639,23520,7763,4802,0,0,35321,20364,48,486,0,0,0,0,0
855,11385,856.0539205002115,99665,735,454,229,104,80164,45755,1.2634224652586163,368,222,13684,19095,32048,23561,2935,6563,48779,38522,0,0,1329,233,2148,3639,23541,7810,4796,0,0,35305,20331,48,485,0,0,0,0,0
856,11385,857.2211774030586,99664,725,420,229,105,80275,45811,1.2651107721945738,350,229,13792,19173,31978,23529,2925,6543,48788,38530,0,0,1321,230,2145,3639,23588,7854,4781,0,0,35294,20281,48,483,0,0,0,0,0
857,11385,858.0986641883545,99664,707,405,229,105,80351,45854,1.2663047840744903,356,231,13870,19250,31923,23493,2914,6515,48797,38538,0,0,1312,229,2138,3635,23623,7885,4775,0,0,35295,20242,48,482,0,0,0,0,0
858,11385,859.2712698707772,99664,671,412,229,105,80448,45932,1.268060683897897,343,208,13996,19359,31861,23427,2899,6488,48806,38546,0,0,1304,228,2134,3634,23658,7932,4761,0,0,35292,20192,48,481,0,0,0,0,0
859,11385,860.1527436278651,99663,661,411,230,105,80519,45980,1.26926743124329,327,201,14073,19421,31809,23389,2899,6472,48814,38554,0,0,1298,227,2131,3634,23668,7970,4749,0,0,35296,20162,48,480,0,0,0,0,0
860,11385,861.0359206233214,99663,645,420,230,105,80587,46036,1.2705116241734646,319,183,14140,19489,31768,23341,2897,6461,48822,38562,0,0,1289,227,2127,3628,23700,7994,4740,0,0,35303,20127,48,480,0,0,0,0,0
861,11385,862.2157428542415,99663,644,400,230,105,80683,46095,1.2720668653361829,299,176,14255,19581,31689,23301,2882,6436,48830,38570,0,0,1284,226,2116,3624,23753,8022,4727,0,0,35307,20076,48,480,0,0,0,0,0
862,11385,863.1030307239312,99663,637,395,230,105,80757,46134,1.2732006863128744,286,183,14351,19619,31622,23284,2873,6413,48838,38578,0,0,1276,225,2114,3625,23770,8050,4718,0,0,35319,20039,47,480,0,0,0,0,0
863,11385,864.2887876013884,99663,609,390,230,105,80845,46197,1.2747157922197807,266,170,14463,19731,31565,23230,2866,6373,48846,38586,0,0,1269,225,2110,3627,23806,8089,4700,0,0,35316,19995,47,479,0,0,0,0,0
864,11385,865.1802396478153,99663,588,380,230,105,80910,46230,1.2756991059871767,273,176,14537,19808,31508,23176,2863,6354,48854,38594,0,0,1258,224,2103,3622,23830,8122,4694,0,0,35313,19971,47,479,0,0,0,0,0
865,11385,866.0734841897773,99663,575,368,230,105,80973,46280,1.2768329269638683,262,160,14622,19890,31451,23143,2859,6333,48862,38602,0,0,1248,224,2100,3620,23863,8150,4688,0,0,35307,19938,46,479,0,0,0,0,0
866,11385,867.2677886887997,99663,565,345,230,105,81048,46327,1.278057052266137,264,162,14751,19990,31344,23098,2845,6299,48870,38609,0,0,1241,223,2095,3619,23929,8166,4676,0,0,35292,19897,46,479,0,0,0,0,0
867,11385,868.1662863562934,99663,545,348,230,105,81101,46368,1.2790002307777208,256,159,14852,20077,31281,23030,2835,6280,48878,38616,0,0,1234,223,2094,3616,23952,8190,4664,0,0,35293,19872,46,479,0,0,0,0,0
868,11385,869.0669630507251,99663,536,324,230,105,81156,46403,1.2799032740334928,252,155,14915,20133,31233,23012,2833,6270,48886,38623,0,0,1227,223,2093,3611,23985,8215,4655,0,0,35285,19845,46,478,0,0,0,0,0
869,11385,870.2706209587395,99663,523,305,230,105,81235,46443,1.2810972978939024,249,147,15040,20233,31130,22961,2827,6248,48894,38630,0,0,1224,223,2091,3609,24018,8246,4641,0,0,35282,19805,46,478,0,0,0,0,0
870,11385,871.175937239871,99663,508,305,230,105,81295,46472,1.2819903073357213,236,149,15112,20307,31088,22909,2825,6224,48902,38637,0,0,1218,222,2089,3604,24030,8280,4634,0,0,35272,19791,46,477,0,0,0,0,0
871,11385,872.0829547799134,99663,487,311,230,105,81343,46511,1.2828632491496343,229,141,15193,20382,31042,22849,2818,6211,48910,38644,0,0,1214,222,2087,3600,24048,8306,4624,0,0,35271,19768,46,477,0,0,0,0,0
872,11385,873.2949594612527,99663,464,304,230,105,81418,46555,1.284057273010044,220,129,15302,20471,30981,22805,2802,6185,48918,38651,0,0,1208,221,2081,3600,24089,8332,4608,0,0,35269,19733,46,476,0,0,0,0,0
873,11385,874.2059231147929,99663,435,283,230,105,81455,46576,1.2846392342193191,238,138,15374,20532,30924,22765,2798,6176,48926,38658,0,0,1204,220,2080,3599,24111,8357,4596,0,0,35262,19712,46,476,0,0,0,0,0
874,11385,875.1187994144938,99663,429,289,230,105,81511,46611,1.2855523112890441,224,131,15463,20601,30857,22717,2796,6156,48934,38665,0,0,1196,220,2078,3596,24139,8377,4588,0,0,35245,19702,46,476,0,0,0,0,0
875,11385,876.0338404309505,99663,419,293,230,105,81567,46638,1.2863851178471448,215,152,15535,20647,30809,22656,2791,6146,48942,38672,0,0,1191,219,2076,3600,24162,8396,4577,0,0,35238,19684,46,474,0,0,0,0,0
876,11385,877.2563297211392,99663,410,290,230,105,81631,46688,1.2875289726377894,227,138,15611,20739,30736,22611,2785,6116,48950,38679,0,0,1183,218,2071,3606,24183,8422,4560,0,0,35248,19653,46,473,0,0,0,0,0
877,11385,878.1751191525383,99663,389,284,230,105,81675,46722,1.288311610126125,225,131,15686,20811,30687,22568,2782,6100,48958,38686,0,0,1178,217,2070,3601,24209,8444,4552,0,0,35240,19633,46,473,0,0,0,0,0
878,11385,879.0958499093891,99662,385,281,230,106,81716,46755,1.2890670466175673,219,131,15786,20897,30602,22506,2777,6078,48965,38693,0,0,1172,216,2067,3597,24230,8460,4544,0,0,35245,19612,46,473,0,0,0,0,0
879,11385,880.0191060773161,99662,393,257,230,106,81763,46783,1.2898195902149265,215,127,15880,20978,30508,22471,2773,6060,48972,38700,0,0,1168,216,2065,3591,24257,8476,4538,0,0,35248,19586,46,471,0,0,0,0,0
880,11385,881.2544649580515,99661,383,242,231,106,81830,46820,1.2908760698768826,202,135,15978,21099,30437,22394,2768,6023,48979,38707,0,0,1159,216,2064,3586,24283,8506,4535,0,0,35241,19554,46,471,0,0,0,0,0
881,11385,882.1832614473799,99661,375,232,231,106,81886,46846,1.291698859132459,176,135,16074,21154,30379,22359,2764,6013,48986,38714,0,0,1154,216,2060,3577,24321,8522,4528,0,0,35233,19534,45,471,0,0,0,0,0
882,11385,883.1142022673109,99661,363,245,231,106,81924,46880,1.2924213082349163,168,127,16180,21228,30300,22293,2757,6000,48993,38721,0,0,1152,215,2060,3574,24337,8542,4521,0,0,35223,19521,45,471,0,0,0,0,0
883,11385,884.047561533547,99661,372,245,231,106,81977,46909,1.2932440974904928,157,125,16266,21297,30225,22243,2748,5983,49000,38728,0,0,1147,213,2060,3566,24352,8562,4516,0,0,35222,19507,45,471,0,0,0,0,0
884,11385,885.2958495888076,99661,367,232,231,106,82024,46939,1.2940167166695096,164,123,16374,21395,30124,22189,2739,5954,49007,38734,0,0,1144,213,2059,3565,24357,8588,4503,0,0,35232,19484,45,471,0,0,0,0,0
885,11385,886.2347552573837,99661,351,229,231,106,82066,46965,1.2946990297107193,160,121,16466,21465,30064,22140,2727,5938,49014,38740,0,0,1140,212,2056,3559,24382,8607,4496,0,0,35225,19468,44,472,0,0,0,0,0
886,11385,887.1757824631633,99661,343,225,231,106,82119,46993,1.2955117849509838,140,109,16549,21558,30016,22081,2720,5920,49021,38746,0,0,1132,212,2051,3555,24411,8624,4490,0,0,35221,19450,44,471,0,0,0,0,0
887,11385,888.1189152974248,99661,323,233,231,106,82150,47023,1.2961238598850102,139,96,16652,21636,29938,22023,2716,5905,49028,38752,0,0,1129,212,2049,3556,24421,8646,4482,0,0,35215,19436,44,471,0,0,0,0,0
888,11385,889.0644228868449,99661,310,222,231,106,82182,47044,1.2966556626965413,141,105,16722,21693,29886,21986,2709,5887,49035,38758,0,0,1125,211,2046,3557,24444,8664,4472,0,0,35201,19426,44,471,0,0,0,0,0
889,11385,890.0119888997849,99660,302,211,231,107,82215,47068,1.2972406181015452,134,92,16827,21781,29807,21926,2698,5882,49042,38764,0,0,1121,211,2045,3554,24455,8681,4463,0,0,35210,19405,44,471,0,0,0,0,0
890,11385,891.2793406372027,99660,289,210,231,107,82252,47103,1.2979630744531407,141,77,16938,21860,29704,21875,2696,5870,49049,38770,0,0,1115,211,2041,3550,24479,8696,4454,0,0,35214,19385,44,471,0,0,0,0,0
891,11385,892.2329536529705,99660,273,199,231,107,82278,47119,1.2983845073249047,142,84,17012,21935,29649,21817,2692,5857,49056,38776,0,0,1114,211,2037,3542,24499,8716,4449,0,0,35202,19376,43,471,0,0,0,0,0
892,11385,893.1886663074577,99660,263,176,231,107,82305,47132,1.2987858719646799,142,91,17110,22001,29567,21778,2686,5846,49063,38782,0,0,1112,211,2035,3539,24515,8733,4438,0,0,35205,19358,43,471,0,0,0,0,0
893,11385,894.1470866822476,99660,262,173,231,107,82336,47149,1.2992675095324102,137,94,17194,22076,29494,21717,2681,5832,49070,38788,0,0,1110,211,2032,3537,24516,8751,4426,0,0,35217,19346,43,471,0,0,0,0,0
894,11385,895.1081144255508,99660,263,182,231,107,82374,47173,1.2998896247240619,127,83,17291,22151,29413,21662,2674,5814,49077,38794,0,0,1108,209,2032,3530,24536,8763,4418,0,0,35211,19340,43,470,0,0,0,0,0
895,11385,896.0717821790942,99660,249,170,231,107,82403,47184,1.300290989363837,121,89,17392,22219,29334,21606,2672,5808,49084,38800,0,0,1104,208,2029,3531,24558,8776,4407,0,0,35201,19333,43,470,0,0,0,0,0
896,11385,897.0383702845313,99660,238,173,231,107,82426,47207,1.3007525586995785,122,91,17485,22283,29260,21550,2663,5795,49091,38806,0,0,1101,207,2030,3530,24575,8785,4395,0,0,35202,19322,43,470,0,0,0,0,0
897,11385,898.0074566493495,99660,225,168,231,107,82452,47224,1.301184025687337,125,91,17570,22344,29189,21518,2659,5771,49098,38812,0,0,1099,206,2028,3534,24597,8792,4382,0,0,35202,19308,43,469,0,0,0,0,0
898,11385,899.3033827698802,99660,212,170,231,107,82493,47249,1.301846277342966,127,81,17681,22443,29106,21448,2642,5750,49105,38818,0,0,1098,206,2027,3531,24623,8810,4372,0,0,35187,19296,43,467,0,0,0,0,0
899,11385,900.2779437320751,99660,219,164,231,107,82515,47263,1.3022075055187639,145,101,17740,22474,29031,21418,2633,5735,49105,38818,0,0,1098,206,2027,3532,24636,8815,4369,0,0,35178,19289,43,467,0,0,0,0,0
900,11385,900.2779437320751,99660,218,170,231,107,82525,47272,1.302398153722657,151,103,17759,22498,29009,21395,2631,5726,49105,38818,0,0,1098,206,2027,3532,24640,8817,4368,0,5,35173,19284,43,467,0,0,0,0,0
901,11385,901.25542558627,99660,235,176,231,107,82563,47295,1.3030102347983143,142,98,17848,22589,28923,21326,2620,5703,49105,38818,0,0,1098,206,2025,3528,24650,8826,4367,0,14,35161,19275,43,467,0,0,0,0,0
902,11385,902.2357681801274,99660,241,169,231,107,82603,47316,1.3036223158739715,144,97,17944,22655,28832,21287,2607,5684,49105,38818,0,0,1095,206,2025,3524,24665,8836,4366,3,33,35142,19256,43,466,0,0,0,0,0
903,11385,903.2189551234209,99660,240,168,231,107,82636,47335,1.3041440899056793,145,102,18035,22723,28751,21233,2597,5666,49105,38818,0,0,1094,206,2025,3520,24682,8845,4363,4,45,35124,19244,43,465,0,0,0,0,0
904,11385,904.2050528303051,99660,244,160,231,107,82674,47350,1.3046758980533815,156,101,18120,22802,28661,21186,2587,5643,49105,38818,0,0,1093,205,2024,3526,24696,8851,4357,5,65,35107,19224,42,465,0,0,0,0,0
905,11385,905.1938524948314,99660,243,167,231,107,82713,47377,1.3053381497090106,151,100,18203,22875,28591,21128,2580,5622,49105,38818,0,0,1088,204,2024,3524,24705,8864,4354,10,80,35091,19209,42,465,0,0,0,0,0
906,11385,906.1852110175413,99660,240,155,231,107,82751,47394,1.3058900260887016,146,112,18290,22936,28525,21091,2567,5598,49105,38818,0,0,1085,204,2023,3524,24706,8883,4350,13,102,35076,19187,42,465,0,0,0,0,0
907,11385,907.1791563074664,99660,258,149,231,107,82797,47416,1.3065723459763194,129,106,18384,23017,28441,21045,2556,5575,49105,38818,0,0,1085,204,2023,3523,24716,8897,4348,13,115,35055,19174,42,465,0,0,0,0,0
908,11385,908.1759325457375,99660,254,151,231,107,82827,47439,1.3071041541240216,132,108,18462,23089,28373,20992,2547,5552,49105,38818,0,0,1084,204,2020,3524,24733,8906,4344,14,129,35035,19160,42,465,0,0,0,0,0
909,11385,909.1753230999116,99660,257,161,231,107,82865,47466,1.3077563716636564,131,102,18572,23164,28273,20935,2535,5530,49105,38818,0,0,1083,204,2016,3526,24739,8921,4341,15,139,35020,19150,42,464,0,0,0,0,0
910,11385,910.1778484887712,99660,250,160,231,107,82898,47490,1.308328316275336,139,103,18662,23237,28195,20880,2522,5512,49105,38818,0,0,1083,203,2015,3527,24753,8934,4337,15,157,34998,19132,42,464,0,0,0,0,0
911,11385,911.1831021475849,99659,254,159,232,107,82938,47517,1.3090137368426333,140,97,18733,23318,28126,20826,2514,5492,49105,38818,0,0,1083,203,2015,3528,24772,8945,4331,15,171,34973,19118,42,463,0,0,0,0,0
912,11385,912.1910382300821,99659,256,156,232,107,82977,47533,1.3095656187599716,138,99,18828,23403,28040,20767,2505,5467,49105,38818,0,0,1082,203,2015,3532,24779,8960,4326,16,182,34952,19107,42,463,0,0,0,0,0
913,11385,913.2019212744087,99659,245,153,232,107,83004,47552,1.3100271927271998,146,101,18904,23481,27979,20705,2493,5452,49105,38818,0,0,1081,202,2014,3536,24793,8973,4321,17,193,34928,19096,42,463,0,0,0,0,0
914,11385,914.2153004047148,99659,244,159,232,107,83040,47583,1.3106994852446843,152,99,18992,23562,27901,20644,2478,5428,49105,38818,0,0,1081,202,2010,3541,24800,8990,4314,17,203,34910,19086,42,463,0,0,0,0,0
915,11385,915.2311954723491,99659,233,154,232,107,83071,47605,1.3112312987286647,158,94,19080,23645,27828,20590,2468,5409,49105,38818,0,0,1080,202,2007,3541,24817,9003,4312,18,221,34885,19068,42,463,0,0,0,0,0
916,11385,916.2497535524158,99659,246,149,232,107,83112,47628,1.3118734885961127,150,93,19163,23722,27752,20543,2456,5385,49105,38818,0,0,1080,202,2006,3542,24820,9019,4308,18,237,34870,19052,42,463,0,0,0,0,0
917,11385,917.2711879455228,99659,249,153,232,107,83150,47654,1.3125156784635608,150,88,19239,23782,27682,20503,2447,5366,49105,38818,0,0,1080,202,2006,3544,24831,9030,4305,18,255,34849,19034,42,463,0,0,0,0,0
918,11385,918.2953526902578,99657,253,154,233,108,83186,47684,1.31320429071716,152,79,19321,23866,27602,20451,2438,5341,49105,38818,0,0,1080,202,2004,3542,24849,9040,4305,18,274,34824,19014,42,463,0,0,0,0,0
919,11385,919.3224580297033,99657,257,144,233,108,83225,47703,1.3137862869642876,148,86,19413,23926,27528,20415,2420,5320,49105,38818,0,0,1077,202,2004,3543,24866,9050,4301,21,290,34801,18998,42,462,0,0,0,0,0
920,11385,920.0085232724565,99657,270,142,233,108,83261,47718,1.3142980422850377,147,91,19470,23984,27467,20370,2412,5304,49105,38818,0,0,1076,202,2004,3539,24865,9065,4301,22,299,34792,18989,42,461,0,0,0,0,0
921,11385,921.0403219951585,99657,258,155,233,108,83296,47750,1.3149703482946506,153,79,19544,24069,27407,20306,2404,5282,49105,38818,0,0,1074,202,2001,3539,24884,9079,4297,24,308,34767,18980,41,461,0,0,0,0,0
922,11385,922.0746456775166,99657,249,147,233,108,83326,47767,1.315441965943185,170,87,19618,24164,27337,20239,2392,5254,49105,38818,0,0,1074,202,2000,3544,24898,9090,4292,24,324,34744,18963,41,461,0,0,0,0,0
923,11385,923.1114323716503,99657,271,141,233,108,83374,47783,1.3160841686986364,160,92,19707,24249,27250,20174,2378,5235,49105,38818,0,0,1074,201,2000,3546,24911,9098,4290,23,337,34727,18950,40,460,0,0,0,0,0
924,11385,924.1510517541424,99657,259,155,233,108,83413,47817,1.316816681216573,161,76,19788,24344,27193,20105,2365,5211,49105,38818,0,0,1070,200,1998,3547,24915,9117,4287,27,354,34709,18933,40,460,0,0,0,0,0
925,11385,925.193121544772,99657,256,158,233,108,83455,47840,1.317468918390078,158,75,19869,24404,27130,20053,2353,5201,49105,38818,0,0,1067,200,1996,3546,24936,9129,4286,30,367,34681,18920,40,459,0,0,0,0,0
926,11385,926.2378454092732,99657,256,156,233,108,83494,47861,1.3180709834733135,158,85,19951,24479,27053,19990,2348,5181,49105,38818,0,0,1067,200,1996,3544,24956,9139,4282,30,381,34661,18905,40,456,0,0,0,0,0
927,11385,927.2854293851368,99657,256,157,233,108,83541,47883,1.3187633583190344,149,94,20045,24524,26987,19950,2329,5166,49105,38818,0,0,1065,200,1994,3535,24979,9155,4282,32,388,34637,18898,39,453,0,0,0,0,0
928,11385,928.3357105544917,99657,251,168,233,108,83575,47916,1.3194356643286473,159,80,20123,24601,26916,19889,2317,5153,49105,38818,0,0,1064,199,1994,3541,24979,9173,4277,33,403,34620,18882,39,453,0,0,0,0,0
929,11385,929.037272815206,99657,252,167,233,108,83605,47928,1.319857109886912,161,76,20185,24651,26864,19850,2304,5147,49105,38818,0,0,1064,199,1994,3541,24985,9184,4276,33,413,34604,18872,39,453,0,0,0,0,0
930,11385,930.0923442661907,99657,271,156,233,108,83665,47945,1.3206297600770642,138,88,20278,24720,26784,19810,2295,5117,49105,38818,1,1,1063,199,1992,3544,24999,9197,4270,34,431,34581,18853,39,453,0,1,0,0,1
931,11385,931.1503662292607,99657,258,141,233,108,83694,47959,1.3210612400533832,150,102,20355,24786,26717,19770,2286,5092,49105,38818,2,2,1063,199,1990,3543,25021,9212,4265,34,445,34553,18837,39,452,0,1,0,0,3
932,11385,932.2111189191417,99656,244,143,234,108,83728,47984,1.3216665328730834,157,102,20454,24852,26638,19718,2272,5076,49105,38818,3,3,1061,199,1985,3535,25035,9230,4263,36,457,34536,18823,39,451,0,3,0,0,3
933,11385,933.2751023095279,99656,247,156,234,108,83773,48020,1.3224793288913863,149,93,20546,24923,26562,19654,2261,5065,49105,38818,4,4,1059,198,1984,3535,25045,9246,4258,38,472,34517,18808,39,450,0,4,0,0,3
934,11385,934.342379787662,99656,248,153,234,108,83803,48044,1.3230211929035884,166,106,20640,24987,26456,19605,2255,5040,49105,38818,6,5,1058,198,1984,3537,25050,9259,4254,39,489,34500,18790,39,450,0,5,0,0,4
935,11385,935.0560432023613,99656,261,161,234,108,83837,48063,1.3235530223970458,167,107,20687,25038,26400,19558,2250,5027,49105,38818,9,6,1058,198,1983,3538,25051,9270,4251,39,497,34491,18781,39,449,0,6,0,0,5
936,11385,936.1292761259391,99656,254,151,234,108,83879,48085,1.3241952315966927,165,111,20790,25103,26315,19519,2241,5007,49105,38818,13,7,1056,198,1983,3538,25060,9294,4247,41,514,34463,18762,39,448,0,7,0,0,6
937,11385,937.2056920410829,99656,264,157,234,108,83929,48117,1.32501806213374,163,108,20864,25163,26242,19468,2232,4995,49105,38818,18,8,1054,197,1982,3539,25080,9306,4244,43,528,34432,18746,39,447,0,11,0,0,8
938,11385,938.285157407478,99656,259,163,234,108,83975,48145,1.3257606165208318,168,104,20953,25226,26169,19414,2216,4984,49105,38818,25,9,1052,196,1981,3538,25081,9328,4241,45,550,34410,18723,39,447,0,16,0,0,9
939,11385,939.0065006132762,99656,248,161,234,108,84001,48163,1.3262021353455888,169,104,20999,25271,26139,19383,2210,4972,49105,38818,33,10,1052,196,1979,3537,25091,9346,4240,45,562,34382,18710,39,447,0,20,1,0,9
940,11385,940.0905652728359,99656,242,170,234,108,84036,48189,1.3268142409890022,170,114,21077,25339,26075,19313,2201,4955,49105,38818,43,11,1052,194,1979,3540,25107,9355,4236,45,576,34356,18693,39,446,0,25,1,0,12
941,11385,941.1772821697718,99656,257,189,234,108,84083,48230,1.3276972786385164,158,96,21165,25402,25989,19262,2196,4942,49105,38818,55,12,1049,194,1978,3538,25126,9365,4234,48,586,34326,18677,39,446,0,31,1,0,18
942,11385,942.2673014811648,99656,270,190,234,108,84135,48259,1.3285100746568195,153,101,21232,25462,25925,19206,2185,4932,49105,38818,69,13,1049,193,1977,3536,25152,9379,4232,47,595,34288,18661,39,446,0,37,1,0,24
943,11385,943.3600875731546,99655,274,186,234,109,84182,48289,1.3292960714464903,157,93,21306,25525,25848,19156,2180,4930,49105,38818,85,14,1049,193,1976,3538,25162,9400,4226,47,613,34254,18640,39,445,1,44,1,1,26
944,11385,944.090406559509,99655,260,182,234,109,84206,48300,1.3296472831267874,163,99,21368,25555,25800,19116,2174,4938,49105,38818,104,15,1046,192,1971,3539,25167,9417,4224,50,619,34229,18626,39,445,1,54,2,2,32
945,11385,945.1884683661185,99655,249,180,234,109,84238,48320,1.3301690833375144,177,109,21464,25596,25708,19068,2167,4937,49105,38818,125,17,1043,192,1966,3544,25168,9436,4216,53,633,34202,18606,39,445,1,66,5,2,38
946,11385,946.2900203572074,99654,250,189,235,109,84276,48355,1.3309149657816044,174,106,21530,25669,25648,18999,2162,4927,49105,38818,149,19,1042,192,1965,3544,25178,9453,4213,54,647,34169,18581,39,443,2,77,5,2,48
947,11385,947.025949933439,99654,257,200,235,109,84307,48381,1.3314869448291087,171,96,21598,25699,25581,18954,2157,4941,49105,38818,176,21,1040,192,1963,3544,25173,9470,4211,56,655,34147,18566,39,442,3,90,6,2,55
948,11385,948.1332757364163,99654,257,200,235,109,84341,48415,1.3321693057980613,185,85,21691,25759,25486,18893,2145,4953,49105,38818,206,23,1038,192,1958,3546,25192,9486,4209,58,670,34106,18539,38,441,3,104,6,2,66
949,11385,949.2445379426264,99654,278,184,235,109,84399,48435,1.3329520139683304,182,89,21756,25813,25405,18835,2143,4969,49105,38818,240,26,1037,192,1953,3547,25208,9504,4205,59,684,34064,18514,38,438,3,122,7,5,74
950,11385,950.3591196639678,99654,268,186,235,109,84444,48457,1.3336243402171513,171,85,21852,25874,25338,18765,2135,4980,49105,38818,277,29,1034,192,1950,3544,25209,9533,4203,62,696,34027,18488,38,436,4,138,7,5,88
951,11385,951.1040350124478,99653,284,186,235,110,84476,48477,1.334159533581528,164,89,21925,25895,25260,18719,2131,5000,49105,38818,318,32,1034,192,1950,3543,25209,9548,4201,62,705,33998,18462,38,435,5,155,7,5,104
952,11385,952.2249293319669,99653,288,190,235,110,84527,48508,1.3349823888894463,154,81,22012,25952,25187,18647,2123,5019,49105,38818,363,36,1034,192,1947,3548,25218,9571,4193,62,722,33948,18432,37,435,5,178,9,5,117
953,11385,953.3493697559497,99653,289,194,235,110,84570,48536,1.3356948611682538,158,82,22102,25975,25098,18585,2117,5053,49105,38818,412,40,1034,192,1945,3550,25212,9599,4190,62,738,33907,18399,37,434,6,198,11,5,134
954,11385,954.1011547071993,99653,287,179,235,110,84597,48551,1.3361163236430413,166,84,22155,25993,25044,18543,2112,5090,49105,38818,465,45,1034,191,1944,3554,25222,9619,4187,62,753,33853,18372,37,433,7,223,12,5,145
955,11385,955.2316640266863,99653,291,179,235,110,84641,48580,1.3368488655635054,156,86,22230,26040,24979,18468,2108,5116,49105,38818,522,50,1032,191,1942,3554,25226,9644,4184,64,774,33800,18336,37,431,8,252,13,6,159
956,11385,956.3654189197239,99653,289,177,235,110,84686,48607,1.337571372663141,157,92,22309,26070,24908,18390,2101,5160,49105,38818,584,56,1031,191,1936,3552,25226,9678,4181,65,785,33744,18306,37,430,8,281,18,8,176
957,11385,957.1230744424993,99653,293,177,235,110,84722,48626,1.3381232878086962,157,85,22358,26092,24858,18339,2098,5196,49105,38818,650,62,1031,191,1933,3553,25228,9700,4178,65,798,33697,18270,37,428,9,310,18,10,197
958,11385,958.2621494062777,99652,303,175,235,111,84779,48649,1.3389395094930359,144,93,22417,26126,24804,18256,2096,5238,49105,38818,721,69,1031,190,1928,3556,25234,9731,4176,64,807,33633,18233,37,427,10,341,19,10,225
959,11385,959.0229792366194,99652,288,170,235,111,84802,48662,1.3393007666680046,157,106,22466,26126,24753,18194,2100,5292,49105,38818,797,77,1030,190,1923,3554,25233,9759,4175,65,820,33580,18191,37,427,10,374,22,11,251
960,11385,960.1669225515196,99651,291,162,235,112,84847,48691,1.340056798225808,163,111,22541,26136,24670,18131,2099,5347,49105,38818,878,86,1029,190,1920,3557,25230,9793,4168,66,838,33512,18147,37,427,10,417,23,11,276
961,11385,961.3145049823879,99651,294,155,235,112,84898,48716,1.3408194599151038,171,118,22595,26160,24604,18059,2100,5395,49105,38818,964,95,1029,190,1914,3560,25233,9823,4160,66,856,33445,18100,37,427,10,459,26,12,304
962,11385,962.0813279860545,99651,291,163,235,112,84925,48744,1.3413713861376202,184,108,22644,26188,24542,17970,2103,5458,49105,38818,1055,105,1027,190,1911,3561,25216,9857,4158,68,869,33388,18061,37,426,11,501,28,14,328
963,11385,963.2347860966112,99651,290,163,235,112,84980,48772,1.3422042929825089,177,107,22722,26215,24477,17884,2098,5518,49105,38818,1151,116,1026,190,1907,3569,25208,9898,4148,69,887,33316,18012,37,426,11,545,29,16,357
964,11385,964.00552974178,99651,299,167,235,112,85018,48787,1.3427361491605705,176,113,22766,26217,24421,17796,2102,5594,49105,38818,1252,128,1025,189,1906,3568,25184,9934,4145,70,901,33266,17964,37,426,11,588,30,16,391
965,11385,965.1645546850242,99651,314,176,235,112,85077,48819,1.3436493361832798,170,111,22827,26237,24353,17699,2100,5664,49105,38818,1359,141,1024,189,1901,3570,25160,9986,4139,71,907,33196,17923,37,426,11,636,33,18,424
966,11385,966.3268701121578,99651,311,172,235,112,85126,48851,1.3444621729837132,170,111,22905,26231,24273,17632,2105,5741,49105,38818,1471,155,1022,189,1890,3569,25151,10034,4135,73,929,33125,17864,37,422,12,682,38,18,461
967,11385,967.1039259172901,99651,311,180,235,112,85161,48872,1.3450241342284572,169,109,22944,26208,24224,17553,2116,5837,49105,38818,1589,170,1021,189,1887,3569,25130,10076,4133,74,939,33044,17827,37,422,12,746,39,18,488
968,11385,968.2722388838979,99650,307,182,236,112,85206,48909,1.3458605117912694,176,101,22993,26230,24165,17454,2122,5920,49105,38818,1712,186,1016,189,1882,3564,25096,10146,4132,79,952,32973,17777,37,422,12,790,40,20,523
969,11385,969.0526243616735,99650,306,181,236,112,85242,48933,1.3464626191670848,162,89,23030,26198,24132,17398,2133,6021,49105,38818,1841,203,1015,188,1878,3566,25077,10188,4129,80,968,32893,17720,37,420,13,851,43,20,564
970,11385,970.2258213046249,99650,307,177,236,112,85297,48965,1.347335674862017,168,84,23095,26197,24052,17312,2141,6117,49105,38818,1975,221,1014,188,1875,3573,25069,10232,4117,80,984,32792,17667,36,416,16,925,45,21,600
971,11385,971.0101075088106,99650,309,177,236,112,85336,48989,1.3479678876066232,164,89,23129,26158,24002,17232,2159,6231,49105,38818,2115,241,1014,188,1871,3579,25053,10272,4111,80,995,32694,17611,36,415,17,1000,48,23,643
972,11385,972.1895094662032,99650,301,184,236,112,85380,49017,1.3486904164576017,178,83,23190,26168,23930,17122,2164,6330,49105,38818,2261,262,1013,187,1864,3581,25054,10312,4106,81,1000,32583,17556,36,415,17,1077,53,27,688
973,11385,973.37228151976,99650,287,176,236,112,85428,49039,1.3493928750627195,188,93,23268,26147,23851,17027,2169,6444,49105,38818,2412,284,1011,187,1856,3580,25028,10370,4100,83,1020,32482,17489,36,413,18,1155,60,29,733
974,11385,974.1628951654349,99650,283,174,236,112,85469,49060,1.3500150526843955,181,86,23311,26116,23804,16941,2184,6570,49105,38818,2569,308,1008,187,1854,3578,24989,10432,4097,86,1028,32396,17420,36,413,18,1223,62,36,787
975,11385,975.3522835490993,99650,294,181,236,112,85535,49092,1.3509984947315605,168,85,23365,26100,23742,16835,2194,6686,49105,38818,2732,333,1007,187,1850,3579,24952,10505,4093,87,1040,32285,17366,36,413,18,1303,65,38,826
976,11385,976.1467664331857,99650,286,180,236,112,85563,49112,1.3514801806322128,159,87,23418,26063,23689,16746,2211,6811,49105,38818,2900,360,1005,187,1846,3577,24925,10561,4092,89,1047,32181,17308,35,413,18,1383,68,41,874
977,11385,977.3420606433145,99650,270,179,236,112,85604,49142,1.3521926743602608,166,76,23478,26045,23621,16649,2228,6938,49105,38818,3074,389,1004,187,1839,3580,24905,10618,4083,90,1068,32072,17220,35,410,21,1462,74,44,938
978,11385,978.1409210269802,99650,273,169,236,112,85641,49158,1.3527245358755644,154,78,23525,25996,23558,16568,2253,7076,49105,38818,3253,419,1004,187,1837,3579,24864,10686,4080,90,1077,31964,17151,35,410,21,1548,76,45,996
979,11385,979.3426795969426,99650,276,180,236,112,85691,49192,1.353567486201706,155,77,23585,25964,23472,16448,2275,7218,49105,38818,3438,451,1002,186,1829,3579,24834,10744,4077,92,1087,31849,17073,35,409,22,1641,82,49,1060
980,11385,980.1434742034724,99649,275,167,236,113,85726,49204,1.354052725064978,146,84,23619,25916,23423,16342,2300,7377,49105,38818,3628,485,1000,186,1823,3573,24815,10796,4076,94,1096,31733,16997,35,408,23,1733,85,52,1124
981,11385,981.3425776950364,99649,273,162,236,113,85773,49222,1.3547050146012505,152,83,23684,25878,23332,16232,2322,7531,49105,38818,3823,521,1000,186,1820,3573,24786,10858,4074,94,1104,31595,16924,35,406,25,1844,86,57,1182
982,11385,982.1400696315505,99649,270,160,236,113,85806,49236,1.3551766701120935,154,92,23715,25801,23274,16138,2350,7695,49105,38818,4023,558,999,186,1809,3576,24732,10927,4070,94,1111,31488,16850,35,404,27,1941,94,59,1247
983,11385,983.3346399537248,99649,266,154,236,113,85856,49259,1.3559092414374454,159,94,23756,25778,23205,16028,2377,7832,49105,38818,4228,597,998,186,1796,3578,24708,10992,4064,95,1121,31359,16769,35,401,30,2037,103,66,1311
984,11385,984.1296975697411,99649,264,164,236,113,85887,49280,1.3564310730664633,160,99,23786,25694,23148,15920,2405,8009,49105,38818,4438,638,998,186,1789,3580,24664,11055,4060,95,1122,31240,16698,35,398,33,2140,110,71,1375
985,11385,985.320320167521,99648,281,174,236,114,85945,49316,1.357388005780347,132,97,23853,25648,23065,15796,2432,8170,49105,38818,4653,681,994,186,1784,3580,24610,11139,4055,99,1123,31107,16636,35,394,35,2254,112,80,1425
986,11385,986.1122163545508,99647,279,172,237,114,85973,49329,1.3578130801730108,139,101,23859,25551,23017,15711,2468,8350,49105,38818,4873,726,993,186,1776,3575,24564,11206,4054,100,1126,30990,16548,35,391,37,2357,120,83,1506
987,11385,987.2988981630626,99647,284,179,237,114,86010,49356,1.3584553473762382,158,100,23917,25511,22899,15581,2504,8514,49105,38818,5097,774,992,186,1769,3575,24507,11285,4052,101,1140,30864,16466,35,391,37,2465,125,84,1573
988,11385,988.0883832889582,99647,295,171,237,114,86059,49372,1.3591076500045158,155,99,23929,25447,22839,15471,2544,8697,49105,38818,5325,824,990,185,1761,3584,24459,11358,4042,103,1147,30733,16377,35,389,39,2575,132,89,1649
989,11385,989.2711519905514,99646,281,163,238,114,86108,49395,1.3598438472191559,161,101,23974,25396,22765,15343,2580,8882,49105,38818,5558,876,990,185,1750,3586,24389,11466,4036,103,1164,30588,16294,35,385,41,2691,140,90,1713
990,11385,990.058646327097,99646,277,157,238,114,86143,49413,1.3603757300844992,153,103,24002,25323,22705,15237,2624,9065,49105,38818,5795,930,989,184,1743,3585,24334,11547,4035,104,1170,30458,16201,35,383,43,2800,145,98,1792
991,11385,991.2381776032938,99646,264,169,238,114,86177,49446,1.3610481103104992,158,95,24065,25251,22606,15115,2668,9255,49105,38818,6035,987,989,184,1733,3585,24272,11643,4031,104,1177,30325,16108,35,380,46,2907,152,103,1872
992,11385,992.0228982325875,99646,284,176,238,114,86222,49474,1.3617807036910663,138,83,24079,25158,22545,15009,2715,9459,49105,38818,6279,1046,987,183,1722,3584,24200,11733,4029,106,1186,30188,16027,35,380,46,3030,163,108,1939
993,11385,993.1989700348888,99646,279,174,238,114,86262,49499,1.362433012865544,152,91,24105,25106,22462,14872,2763,9642,49105,38818,6527,1107,984,183,1719,3586,24132,11828,4026,109,1193,30045,15937,35,379,47,3148,166,115,2014
994,11385,994.3734240820479,99646,290,180,238,114,86304,49521,1.3630752865142606,161,105,24143,25047,22358,14736,2809,9817,49105,38818,6778,1171,984,182,1712,3588,24069,11912,4022,109,1190,29914,15846,35,379,47,3266,170,126,2095
995,11385,995.1551231471734,99646,283,182,238,114,86330,49538,1.363506814121992,159,106,24158,24965,22299,14613,2862,10019,49105,38818,7032,1237,984,182,1701,3588,24016,11986,4019,109,1193,29777,15747,35,379,47,3387,179,132,2185
996,11385,996.3269333701567,99646,282,172,238,114,86380,49567,1.3642996206571263,149,98,24187,24900,22225,14502,2918,10213,49105,38818,7289,1306,981,182,1689,3584,23963,12076,4015,112,1204,29613,15648,35,377,48,3526,189,139,2265
997,11385,997.1074684069855,99646,283,181,238,114,86412,49591,1.364861610099753,144,96,24192,24794,22163,14384,2979,10430,49105,38818,7549,1378,980,182,1684,3583,23888,12172,4012,113,1205,29479,15551,35,376,49,3645,193,149,2350
998,11385,998.2777196598919,99646,276,188,238,114,86444,49620,1.365473777171186,159,92,24208,24748,22084,14229,3034,10628,49105,38818,7811,1452,978,182,1672,3584,23813,12271,4008,115,1213,29333,15456,35,375,50,3774,202,154,2431
999,11385,999.0573308249108,99646,277,182,238,114,86475,49635,1.365935411356201,163,98,24228,24644,22000,14115,3093,10846,49105,38818,8076,1529,977,182,1660,3584,23740,12369,4006,116,1214,29181,15370,35,374,51,3907,211,164,2505
1000,11385,1000.2256661209275,99646,277,173,238,114,86525,49664,1.3667282178913354,171,95,24239,24583,21920,13992,3154,11042,49105,38818,8343,1609,976,182,1648,3590,23684,12465,3997,117,1224,29006,15273,35,372,53,4051,218,173,2582
1001,11385,1001.0040409763834,99646,272,169,238,114,86555,49682,1.3672099231278727,175,100,24253,24466,21842,13885,3219,11265,49105,38818,8612,1691,975,182,1641,3592,23603,12573,3992,118,1228,28852,15174,35,370,55,4183,223,179,2671
1002,11385,1002.1711424109455,99646,280,159,238,114,86606,49697,1.3678722678281114,174,124,24285,24397,21732,13733,3290,11472,49105,38818,8882,1776,972,182,1631,3596,23519,12680,3987,121,1232,28706,15085,35,365,56,4314,232,190,2743
1003,11385,1003.3364111228103,99646,290,159,238,114,86660,49730,1.3687453585693354,160,126,24313,24323,21636,13615,3362,11662,49105,38818,9154,1864,970,182,1621,3597,23445,12793,3982,123,1237,28560,14977,35,365,56,4430,239,196,2838
1004,11385,1004.1125667922502,99646,291,168,238,114,86687,49751,1.3692270638058728,163,127,24317,24219,21551,13492,3439,11879,49105,38818,9427,1955,969,182,1615,3600,23363,12886,3978,124,1242,28399,14875,35,363,58,4581,245,205,2926
1005,11385,1005.2763589517946,99646,299,190,238,114,86743,49793,1.3702105453304698,156,114,24327,24135,21464,13366,3515,12080,49105,38818,9701,2048,969,182,1605,3597,23293,12989,3976,124,1249,28224,14778,35,361,60,4731,254,207,3012
1006,11385,1006.0517420140008,99646,295,200,238,114,86769,49818,1.3707223571442908,155,110,24324,24028,21386,13247,3601,12300,49105,38818,9976,2144,969,182,1595,3597,23209,13094,3973,124,1256,28044,14701,35,359,62,4894,263,209,3080
1007,11385,1007.2148335124209,99646,279,189,238,114,86812,49850,1.3714750215763805,163,117,24340,23939,21297,13137,3682,12503,49105,38818,10252,2243,963,181,1586,3600,23153,13194,3969,130,1268,27854,14590,35,356,64,5045,270,220,3168
1008,11385,1008.3774510623987,99646,258,184,238,114,86850,49877,1.3721273307508581,181,124,24339,23851,21217,13011,3766,12715,49105,38818,10529,2345,960,179,1575,3604,23077,13305,3960,133,1277,27674,14489,35,355,65,5200,280,231,3247
1009,11385,1009.1524275027188,99646,273,178,238,114,86887,49895,1.3726792846677238,175,121,24321,23730,21138,12922,3854,12934,49105,38818,10806,2450,960,179,1564,3603,22979,13425,3960,133,1279,27526,14382,35,351,69,5331,289,240,3341
1010,11385,1010.3157846889104,99646,282,183,238,114,86940,49935,1.3736125885635149,166,109,24325,23651,21043,12816,3945,13126,49105,38818,11083,2558,958,179,1554,3607,22915,13528,3953,135,1285,27352,14270,35,345,71,5477,295,250,3437
1011,11385,1011.0912459907,99646,272,188,238,114,86965,49957,1.374084258274291,172,110,24320,23549,20961,12696,4036,13342,49105,38818,11360,2668,958,179,1545,3607,22833,13628,3951,135,1284,27176,14174,35,343,72,5639,304,263,3520
1012,11385,1012.2546763086197,99646,278,202,238,114,87021,49988,1.374957349015515,156,107,24329,23471,20868,12570,4130,13535,49105,38818,11637,2781,958,179,1538,3608,22751,13746,3947,135,1283,26985,14088,35,341,74,5801,309,268,3600
1013,11385,1013.0300093437684,99646,288,206,238,114,87055,50011,1.375529373983903,152,106,24333,23372,20764,12462,4224,13739,49105,38818,11914,2897,958,179,1531,3612,22654,13856,3941,135,1283,26821,13987,35,340,75,5954,316,276,3693
1014,11385,1014.1929997213031,99646,304,195,238,114,87107,50042,1.3763623226220822,163,95,24339,23273,20641,12370,4314,13952,49105,38818,12191,3016,957,179,1523,3608,22574,13967,3939,136,1296,26664,13862,35,339,76,6088,323,283,3797
1015,11385,1015.3552607129941,99646,296,192,238,114,87148,50068,1.3770347028480823,181,92,24327,23204,20545,12245,4412,14152,49105,38818,12467,3138,956,178,1512,3611,22489,14084,3933,136,1294,26484,13770,35,335,79,6246,331,298,3875
1016,11385,1016.1301363582141,99646,292,175,238,114,87178,50073,1.377385946249724,176,106,24313,23101,20463,12144,4517,14359,49105,38818,12742,3262,956,177,1502,3607,22398,14198,3931,136,1304,26318,13664,35,334,80,6397,340,306,3963
1017,11385,1017.2934764203848,99646,287,182,238,114,87226,50101,1.3781486462075747,178,113,24313,23031,20364,12015,4619,14544,49105,38818,13016,3389,956,177,1492,3604,22298,14329,3928,136,1305,26154,13558,35,333,81,6538,349,314,4059
1018,11385,1018.0690816324916,99646,279,184,238,114,87257,50120,1.3786504224956346,179,111,24310,22931,20268,11907,4725,14752,49105,38818,13289,3519,956,177,1481,3602,22213,14437,3925,136,1310,25976,13452,35,330,84,6699,360,322,4151
1019,11385,1019.2327974077251,99646,293,176,238,114,87318,50149,1.379553619814142,166,110,24313,22850,20157,11809,4832,14940,49105,38818,13561,3651,953,177,1469,3606,22116,14566,3920,138,1320,25805,13341,35,328,86,6843,370,335,4238
1020,11385,1020.008195588177,99646,295,181,238,114,87355,50165,1.3800855026794854,156,115,24290,22733,20074,11706,4946,15150,49105,38818,13832,3786,952,177,1460,3606,22024,14679,3918,139,1318,25635,13237,35,327,87,6994,379,347,4332
1021,11385,1021.1725832195381,99645,297,195,239,114,87402,50203,1.380952380952381,148,106,24319,22659,19944,11604,5052,15321,49105,38818,14101,3924,952,177,1452,3603,21938,14794,3915,139,1325,25472,13113,35,326,87,7136,386,360,4435
1022,11385,1022.3361317315308,99643,280,188,241,114,87444,50236,1.381732786046185,155,100,24309,22583,19851,11513,5163,15501,49105,38818,14368,4064,951,177,1441,3604,21857,14913,3909,139,1337,25289,13002,35,321,92,7288,395,372,4521
1023,11385,1023.1120320656241,99643,281,189,241,114,87478,50254,1.3822546490972774,150,107,24269,22476,19773,11410,5285,15703,49105,38818,14634,4207,951,177,1436,3604,21760,15027,3907,139,1342,25116,12898,35,317,96,7449,398,379,4612
1024,11385,1024.2774557033601,99643,278,194,241,114,87522,50289,1.3830474795018215,139,107,24271,22400,19676,11313,5394,15871,49105,38818,14898,4352,948,177,1428,3606,21669,15147,3904,142,1347,24948,12784,35,316,97,7592,404,390,4709
1025,11385,1025.0545464218685,99643,277,184,241,114,87548,50303,1.3834489126180465,147,110,24235,22308,19572,11208,5527,16075,49105,38818,15160,4500,948,177,1419,3606,21582,15262,3901,142,1348,24776,12681,35,312,101,7741,411,400,4801
1026,11385,1026.2220216592777,99643,275,179,241,114,87591,50333,1.3841815280551568,144,120,24227,22224,19464,11107,5648,16255,49105,38818,15420,4650,947,177,1411,3610,21492,15388,3893,143,1353,24598,12566,35,308,104,7889,419,414,4896
1027,11385,1027.0005467772223,99643,282,195,241,114,87629,50366,1.3848940718364562,141,107,24181,22117,19374,11026,5780,16440,49105,38818,15678,4802,945,177,1400,3611,21404,15495,3891,144,1354,24408,12478,35,308,104,8063,430,421,4975
1028,11385,1028.1705071164495,99642,278,198,241,115,87671,50397,1.3856405933241003,149,101,24161,22068,19272,10923,5898,16594,49105,38818,15934,4957,945,177,1389,3614,21313,15619,3883,144,1351,24245,12361,35,308,104,8203,436,434,5081
1029,11385,1029.3413758300917,99642,273,203,241,115,87710,50438,1.3864434676140582,161,97,24140,21980,19163,10849,6021,16755,49105,38818,16187,5114,942,177,1375,3615,21242,15729,3879,147,1360,24068,12244,35,307,105,8347,447,446,5177
1030,11385,1030.122256384124,99642,264,190,241,115,87735,50453,1.3868449047590374,164,102,24090,21878,19083,10771,6157,16943,49105,38818,16438,5273,941,177,1364,3618,21145,15858,3875,148,1360,23893,12149,35,306,106,8492,457,461,5257
1031,11385,1031.2962851723748,99642,269,183,241,115,87777,50485,1.3875875634772485,160,98,24060,21828,18988,10675,6281,17100,49105,38818,16687,5434,938,176,1357,3619,21055,15980,3870,151,1362,23706,12054,35,305,106,8654,464,473,5337
1032,11385,1032.0799724057947,99642,260,180,241,115,87810,50507,1.3881395395515947,156,96,24020,21750,18914,10589,6408,17269,49105,38818,16933,5597,938,176,1352,3621,20957,16109,3866,151,1366,23527,11961,35,304,107,8806,468,484,5414
1033,11385,1033.2578463973045,99642,272,173,241,115,87865,50533,1.3889524497701773,152,93,23997,21705,18796,10502,6541,17411,49105,38818,17177,5762,937,176,1342,3621,20861,16242,3862,152,1365,23349,11875,35,300,111,8955,475,501,5483
1034,11385,1034.043560907052,99641,263,177,241,116,87887,50559,1.3894481187462993,157,80,23942,21632,18716,10411,6680,17583,49105,38818,17418,5929,936,176,1332,3619,20738,16389,3860,153,1366,23205,11789,35,295,116,9078,485,517,5552
1035,11385,1035.2250807601754,99641,260,175,241,116,87929,50590,1.3901807488885098,154,78,23945,21589,18582,10314,6817,17727,49105,38818,17656,6097,934,176,1322,3624,20641,16519,3852,155,1365,23043,11692,35,293,118,9213,494,536,5629
1036,11385,1036.0130056043206,99641,267,166,241,116,87967,50603,1.3906925863851225,139,80,23927,21511,18471,10238,6954,17888,49105,38818,17892,6267,933,176,1308,3622,20536,16649,3852,156,1364,22877,11603,35,293,118,9356,508,553,5702
1037,11385,1037.1958484966099,99641,267,162,241,116,88009,50627,1.3913549643219156,136,87,23920,21446,18343,10154,7092,18034,49105,38818,18125,6439,933,176,1297,3619,20412,16804,3851,156,1364,22704,11527,35,292,119,9503,519,562,5768
1038,11385,1038.3791662991223,99641,264,149,241,116,88050,50645,1.3919470900532913,145,95,23900,21397,18229,10077,7220,18165,49105,38818,18355,6612,929,176,1285,3619,20301,16946,3847,160,1363,22554,11444,35,287,124,9628,529,574,5840
1039,11385,1039.168585283467,99641,268,153,241,116,88076,50662,1.3923786393151414,155,83,23853,21332,18111,9992,7371,18323,49105,38818,18582,6787,929,176,1277,3621,20193,17072,3843,160,1359,22393,11362,35,284,127,9773,537,584,5916
1040,11385,1040.3548702940855,99641,271,151,241,116,88116,50687,1.3930309812225892,165,84,23823,21300,17996,9908,7503,18440,49105,38818,18807,6963,928,176,1269,3620,20109,17187,3841,160,1363,22213,11265,35,283,128,9930,541,592,6001
1041,11385,1041.1462999963226,99641,246,145,241,116,88142,50704,1.3934625304844392,160,83,23790,21230,17911,9831,7651,18594,49105,38818,19029,7140,928,176,1253,3622,20016,17315,3834,160,1366,22046,11179,35,279,130,10074,553,603,6072
1042,11385,1042.3360904371866,99641,243,150,241,116,88187,50724,1.3941148723918868,159,77,23765,21191,17809,9750,7782,18715,49105,38818,19248,7318,924,175,1241,3622,19899,17458,3831,164,1361,21895,11096,35,279,130,10207,563,615,6146
1043,11385,1043.129850184188,99641,251,146,241,116,88215,50740,1.3945564576830822,152,79,23734,21138,17692,9669,7929,18851,49105,38818,19464,7498,923,175,1231,3623,19783,17591,3830,165,1365,21741,11011,35,277,132,10348,572,618,6221
1044,11385,1044.3224342175338,99641,265,157,241,116,88265,50764,1.3952991238546382,144,78,23712,21121,17574,9566,8063,18961,49105,38818,19677,7679,923,175,1226,3619,19686,17708,3829,165,1364,21583,10925,35,275,134,10493,576,628,6297
1045,11385,1045.1176434582687,99641,268,157,241,116,88301,50780,1.3958209973805964,129,81,23666,21070,17483,9486,8212,19089,49105,38818,19887,7860,922,174,1213,3613,19588,17829,3828,166,1362,21443,10838,35,272,136,10620,589,639,6374
1046,11385,1046.3135273601172,99641,258,161,241,116,88333,50811,1.3964532672293535,149,81,23633,21023,17371,9412,8347,19206,49105,38818,20094,8042,922,173,1204,3616,19509,17939,3820,166,1370,21284,10749,35,271,136,10757,597,648,6445
1047,11385,1047.111547753314,99641,257,158,241,116,88364,50822,1.396874780461858,149,85,23581,20988,17272,9318,8499,19334,49105,38818,20298,8225,922,172,1194,3616,19415,18051,3818,166,1361,21130,10673,35,271,136,10898,605,667,6511
1048,11385,1048.3113882883504,99641,265,152,241,116,88403,50842,1.3974669061932337,158,88,23565,20953,17150,9246,8620,19444,49105,38818,20500,8409,922,172,1184,3618,19313,18180,3814,166,1360,20981,10581,35,270,136,11027,614,679,6589
1049,11385,1049.1116724433336,99641,272,146,241,116,88443,50855,1.3979988157485372,150,90,23511,20906,17053,9178,8772,19563,49105,38818,20699,8593,922,172,1179,3618,19200,18310,3812,166,1362,20847,10500,35,269,137,11147,618,691,6656
1050,11385,1050.315031346896,99641,269,146,241,116,88489,50882,1.3987314458907478,155,78,23488,20892,16932,9100,8914,19667,49105,38818,20895,8778,921,170,1168,3620,19092,18449,3809,167,1363,20705,10412,35,267,139,11263,628,708,6725
1051,11385,1051.1180295980041,99641,254,148,241,116,88516,50899,1.3991730311819432,165,76,23417,20829,16850,9041,9072,19789,49105,38818,21088,8963,921,169,1163,3623,18994,18574,3803,167,1360,20561,10328,35,266,139,11386,633,721,6798
1052,11385,1052.3259200963394,99641,265,148,241,116,88559,50926,1.3998755532361176,174,73,23383,20815,16729,8970,9207,19877,49105,38818,21278,9148,921,169,1160,3621,18905,18699,3802,167,1365,20381,10260,35,265,140,11534,636,728,6853
1053,11385,1053.1321138217925,99641,270,162,241,116,88588,50949,1.4003974267620758,178,73,23320,20766,16632,8891,9358,19991,49105,38818,21465,9334,921,169,1152,3622,18823,18801,3800,167,1358,20235,10183,35,261,144,11664,643,737,6926
1054,11385,1054.3449567975263,99641,278,151,241,116,88644,50970,1.4011702010216678,160,84,23312,20774,16521,8819,9487,20055,49105,38818,21649,9520,921,169,1142,3618,18737,18923,3797,167,1362,20078,10098,35,257,147,11793,653,752,6992
1055,11385,1055.153852384361,99641,281,153,241,116,88681,50990,1.4017422546943528,153,82,23251,20740,16432,8755,9641,20153,49105,38818,21830,9706,919,169,1135,3625,18619,19058,3789,169,1360,19940,10026,35,257,147,11918,659,761,7055
1056,11385,1056.370446092244,99641,278,158,241,116,88730,51010,1.402434740719182,160,85,23217,20737,16336,8676,9767,20227,49105,38818,22009,9892,918,169,1124,3627,18524,19185,3784,170,1360,19793,9950,35,254,149,12041,669,766,7123
1057,11385,1057.1825307659444,99641,293,144,241,116,88767,51027,1.4029766863038307,154,92,23158,20690,16241,8630,9912,20327,49105,38818,22185,10078,918,169,1115,3623,18419,19316,3784,170,1363,19662,9873,35,253,150,12151,678,779,7183
1058,11385,1058.4035445649338,99641,275,153,241,116,88807,51063,1.4037394245340773,163,79,23127,20697,16158,8560,10035,20394,49105,38818,22358,10263,918,169,1104,3624,18326,19446,3778,170,1368,19511,9799,35,251,151,12277,685,783,7246
1059,11385,1059.2187303119088,99641,264,149,241,116,88829,51078,1.4041107576198553,169,86,23069,20666,16080,8500,10176,20482,49105,38818,22528,10448,918,169,1093,3624,18254,19546,3775,170,1370,19353,9726,35,250,152,12412,694,792,7308
1060,11385,1060.0360041821655,99641,268,157,241,116,88861,51101,1.4046627392338495,173,79,23001,20645,15994,8440,10322,20562,49105,38818,22696,10633,916,169,1085,3624,18165,19657,3772,172,1364,19225,9646,35,250,152,12524,700,807,7378
1061,11385,1061.2656666083785,99641,264,149,241,116,88911,51120,1.4053552252586787,165,86,22969,20646,15897,8369,10463,20633,49105,38818,22861,10817,913,169,1080,3623,18054,19804,3769,175,1368,19083,9579,35,248,154,12634,705,818,7430
1062,11385,1062.0865713911626,99641,265,148,241,116,88944,51136,1.405846990696601,163,85,22914,20626,15803,8308,10613,20716,49105,38818,23023,11001,910,169,1066,3623,17972,19905,3767,177,1369,18936,9516,35,247,155,12765,719,828,7482
1063,11385,1063.3208183290324,99641,281,144,241,116,88999,51163,1.4066699451029194,158,81,22909,20618,15676,8264,10734,20776,49105,38818,23183,11184,909,169,1059,3619,17882,20027,3766,178,1365,18802,9446,35,246,156,12875,726,842,7539
1064,11385,1064.1438499292394,99641,293,146,241,116,89034,51180,1.4071918186288777,148,86,22865,20601,15572,8195,10880,20855,49105,38818,23340,11367,909,169,1053,3617,17814,20118,3764,178,1355,18653,9390,35,246,156,13005,732,856,7591
1065,11385,1065.381073759245,99641,293,160,241,116,89084,51212,1.4080147730351964,146,90,22813,20617,15501,8117,11005,20899,49105,38818,23494,11549,909,169,1049,3612,17743,20220,3759,178,1355,18501,9331,35,245,157,13138,736,868,7636
1066,11385,1066.2072815434922,99641,282,165,241,116,89107,51234,1.4084663943557372,146,86,22777,20582,15420,8070,11133,20980,49105,38818,23646,11730,908,169,1044,3613,17673,20317,3754,179,1349,18363,9271,35,244,158,13255,741,879,7689
1067,11385,1067.0351643341778,99641,293,165,241,116,89146,51257,1.4090886281751487,136,87,22745,20548,15318,8027,11266,21056,49105,38818,23795,11910,908,169,1037,3611,17575,20436,3751,179,1344,18248,9222,35,242,160,13355,747,897,7725
1068,11385,1068.2790506904093,99641,286,170,241,116,89185,51283,1.4097409700825965,143,93,22729,20558,15210,7968,11390,21094,49105,38818,23942,12090,907,169,1026,3611,17507,20539,3747,180,1341,18107,9171,34,239,163,13468,756,910,7766
1069,11385,1069.1084182339284,99641,282,162,241,116,89223,51301,1.410302987725936,135,87,22674,20550,15133,7933,11534,21151,49105,38818,24086,12269,905,169,1019,3606,17423,20656,3745,182,1335,17981,9111,34,236,166,13570,763,924,7816
1070,11385,1070.3561729285275,99640,269,165,242,116,89269,51334,1.411109995985548,136,87,22643,20576,15052,7884,11657,21171,49105,38818,24228,12447,900,169,1010,3601,17354,20766,3744,187,1337,17853,9026,34,234,166,13668,769,938,7884
1071,11385,1071.1890291465627,99640,254,167,242,116,89292,51354,1.4115415495784824,141,84,22598,20565,14969,7837,11795,21230,49105,38818,24367,12624,899,169,1007,3601,17256,20892,3743,188,1339,17729,8973,34,232,168,13766,771,947,7926
1072,11385,1072.0236781586393,99640,259,159,242,116,89328,51364,1.412003211561622,134,88,22565,20550,14882,7789,11917,21297,49105,38818,24504,12799,899,169,1002,3599,17181,20991,3740,188,1332,17597,8923,34,229,170,13883,775,961,7967
1073,11385,1073.2779879534291,99640,246,168,242,116,89363,51396,1.4126756322761942,141,75,22542,20591,14791,7732,12037,21317,49105,38818,24639,12973,899,169,991,3600,17102,21101,3734,188,1335,17482,8856,34,229,170,13974,785,975,8016
1074,11385,1074.114773273025,99640,231,163,242,116,89381,51412,1.4130168606985147,155,70,22504,20598,14702,7683,12165,21369,49105,38818,24771,13146,897,169,985,3600,17023,21207,3730,190,1335,17369,8802,34,228,171,14068,789,982,8061
1075,11385,1075.3728591692566,99640,218,154,242,116,89417,51433,1.4135889201124046,161,80,22481,20616,14627,7635,12270,21398,49105,38818,24901,13318,895,168,977,3599,16949,21317,3726,192,1341,17245,8739,34,227,172,14165,794,993,8107
1076,11385,1076.2120814428545,99640,215,149,242,116,89449,51449,1.4140706543556805,153,75,22440,20624,14552,7583,12397,21452,49105,38818,25029,13488,895,168,971,3605,16862,21431,3719,192,1340,17122,8694,34,227,172,14265,799,1002,8142
1077,11385,1077.053043198774,99640,217,156,242,116,89478,51465,1.4145222802087516,149,68,22409,20611,14465,7539,12517,21509,49105,38818,25155,13657,893,168,964,3610,16783,21527,3714,194,1331,17010,8645,34,225,173,14365,804,1013,8187
1078,11385,1078.3166575247021,99639,225,154,243,116,89519,51489,1.4151888316823733,150,78,22400,20636,14356,7496,12625,21519,49105,38818,25279,13825,892,168,959,3609,16704,21628,3711,195,1339,16892,8584,34,225,173,14468,807,1024,8227
1079,11385,1079.1592601332432,99639,246,162,243,116,89563,51511,1.4158512229147222,133,70,22359,20647,14267,7442,12751,21562,49105,38818,25400,13991,891,168,951,3611,16627,21723,3707,196,1334,16784,8535,34,221,177,14560,815,1034,8271
1080,11385,1080.0032267599656,99639,238,150,243,116,89587,51524,1.4162225634540693,148,81,22315,20647,14182,7410,12873,21595,49105,38818,25519,14156,889,168,948,3608,16553,21828,3707,198,1337,16671,8477,34,219,178,14647,818,1044,8315
1081,11385,1081.2720507387003,99639,248,139,243,116,89640,51538,1.416894990917211,143,97,22290,20695,14094,7347,12981,21605,49105,38818,25636,14319,888,168,943,3608,16485,21923,3705,198,1343,16537,8424,34,218,179,14758,822,1054,8352
1082,11385,1082.1185910078923,99639,251,152,243,116,89669,51561,1.4174168749184557,141,99,22259,20701,14006,7302,13099,21629,49105,38818,25751,14481,888,168,935,3607,16424,22006,3702,197,1339,16434,8370,34,218,179,14846,829,1064,8399
1083,11385,1083.3901273208746,99639,250,156,243,116,89724,51599,1.4183502443822198,130,83,22242,20728,13938,7267,13196,21649,49105,38818,25864,14641,887,167,927,3606,16361,22111,3698,197,1339,16316,8317,34,218,179,14933,834,1075,8440
1084,11385,1084.2384372585602,99639,254,152,243,116,89753,51616,1.4188119109987054,137,78,22212,20750,13858,7223,13295,21680,49105,38818,25975,14800,886,167,923,3604,16281,22209,3697,198,1343,16216,8267,34,216,181,15018,838,1084,8477
1085,11385,1085.0878700985643,99639,249,148,243,116,89783,51631,1.4192635413843977,141,84,22163,20755,13800,7179,13403,21717,49105,38818,26084,14957,885,167,919,3601,16210,22304,3696,199,1343,16118,8211,34,214,183,15097,841,1093,8524
1086,11385,1086.3647023076305,99639,239,137,243,116,89823,51647,1.4198255703088147,129,94,22168,20794,13722,7133,13498,21725,49105,38818,26191,15113,885,167,910,3604,16151,22400,3690,198,1334,16011,8169,34,210,185,15177,849,1110,8555
1087,11385,1087.2161719111375,99639,243,145,243,116,89855,51668,1.4203574905408525,122,94,22120,20801,13655,7095,13616,21748,49105,38818,26297,15267,885,167,904,3604,16076,22489,3689,198,1330,15915,8118,34,209,186,15261,854,1122,8598
1088,11385,1088.069269554795,99639,240,152,243,116,89880,51694,1.4208693383113038,125,82,22078,20806,13586,7065,13727,21778,49105,38818,26401,15420,884,167,901,3604,15989,22593,3688,199,1331,15826,8070,34,208,187,15335,857,1133,8633
1089,11385,1089.351936596819,99638,238,140,244,116,89927,51713,1.4215459965073567,114,84,22102,20840,13506,7033,13795,21786,49105,38818,26503,15571,884,167,894,3610,15929,22689,3682,198,1337,15721,8018,33,207,188,15406,863,1143,8669
1090,11385,1090.2064870001434,99638,229,142,244,116,89947,51726,1.42187719544752,114,95,22083,20851,13436,6991,13893,21804,49105,38818,26603,15720,884,166,890,3608,15854,22781,3681,198,1330,15629,7982,33,205,190,15486,866,1154,8701
1091,11385,1091.0616674604375,99638,226,140,244,116,89973,51741,1.4222886850398442,113,97,22079,20864,13363,6964,13974,21818,49105,38818,26701,15868,884,166,883,3609,15790,22868,3678,198,1329,15531,7939,33,205,190,15564,873,1165,8733
1092,11385,1092.344734327897,99638,210,149,244,116,90007,51770,1.4229209739256108,115,93,22087,20880,13298,6928,14045,21833,49105,38818,26798,16014,883,166,880,3609,15718,22967,3674,199,1324,15448,7891,33,202,193,15632,874,1179,8766
1093,11385,1093.1997511218553,99638,217,147,244,116,90029,51782,1.4232622091972942,119,95,22065,20900,13218,6898,14136,21843,49105,38818,26893,16158,883,166,876,3610,15643,23054,3673,199,1324,15364,7855,33,201,194,15704,878,1186,8795
1094,11385,1094.0557148417356,99637,215,150,245,116,90050,51802,1.4236879873942412,120,93,22039,20911,13158,6861,14222,21868,49105,38818,26986,16300,881,166,872,3610,15567,23146,3670,201,1323,15277,7819,33,199,196,15777,882,1193,8825
