,indexID,time,N,Inf_L,Inf_H,Dead_L,Dead_H,cum_cases_L,cum_cases_H,cum_sum_per_N,Exposed_L,Exposed_H,Sus_L,Sus_H,Rec_nat_L,Rec_nat_H,Rec_vax_L,Rec_vax_H,vaccinatedH,vaccinatedL,boostedH,boostedL,count_Naive,count_Delta,count_Delta_vaccine,count_two,count_three,count_four,count_Omicron,count_Omicron_star,count_Omicron_star_vaccine,count_Omicron_vaccine,count_Vaccine,count_WT,count_WT_vaccine,count_WT_vaccine_boost,count_Omicron_vaccine_boost,count_Delta_vaccine_boost,count_Omicron_star_vaccine_boost,count_Vaccine_boost
0,8681,1.0080453575901598,99998,8,4,0,0,9,4,0.00013000260005200103,16,21,49974,49974,1,0,0,0,0,0,0,0,99997,0,0,0,0,0,0,0,0,0,0,1,0,0,0,0,0,0
1,8681,2.0514041121344677,99998,9,11,0,0,12,11,0.00023000460009200185,14,15,49973,49973,3,0,0,0,0,0,0,0,99995,0,0,0,0,0,0,0,0,0,0,3,0,0,0,0,0,0
2,8681,3.0673730942044775,99998,12,8,0,0,16,12,0.00028000560011200225,10,14,49973,49973,4,4,0,0,0,0,0,0,99990,0,0,0,0,0,0,0,0,0,0,8,0,0,0,0,0,0
3,8681,4.00840138969094,99998,15,10,0,0,20,14,0.0003400068001360027,10,12,49969,49973,5,4,0,0,0,0,0,0,99989,0,0,0,0,0,0,0,0,0,0,9,0,0,0,0,0,0
4,8681,5.08994067861854,99998,17,12,0,0,23,16,0.00039000780015600314,10,10,49966,49973,6,4,0,0,0,0,0,0,99988,0,0,0,0,0,0,0,0,0,0,10,0,0,0,0,0,0
5,8681,6.001752519302966,99998,18,11,0,0,26,18,0.0004400088001760035,12,10,49961,49971,8,7,0,0,0,0,0,0,99983,0,0,0,0,0,0,0,0,0,0,15,0,0,0,0,0,0
6,8681,7.004043534217349,99998,19,9,0,0,27,18,0.0004500090001800036,16,11,49956,49970,8,9,0,0,0,0,0,0,99981,0,0,0,0,0,0,0,0,0,0,17,0,0,0,0,0,0
7,8681,8.020783669682807,99998,22,14,0,0,32,24,0.0005600112002240045,17,7,49950,49968,10,10,0,0,0,0,0,0,99978,0,0,0,0,0,0,0,0,0,0,20,0,0,0,0,0,0
8,8681,9.038856673894953,99998,19,13,0,0,35,26,0.0006100122002440049,17,6,49947,49967,16,13,0,0,0,0,0,0,99969,0,0,0,0,0,0,0,0,0,0,29,0,0,0,0,0,0
9,8681,10.063742846796035,99998,19,12,0,0,40,28,0.0006800136002720054,16,7,49943,49964,21,16,0,0,0,0,0,0,99961,0,0,0,0,0,0,0,0,0,0,37,0,0,0,0,0,0
10,8681,11.054200987850011,99998,24,10,0,0,45,29,0.0007400148002960059,15,6,49939,49964,21,19,0,0,0,0,0,0,99958,0,0,0,0,0,0,0,0,0,0,40,0,0,0,0,0,0
11,8681,12.046044371027433,99998,29,10,0,0,54,31,0.0008500170003400068,9,6,49936,49962,25,21,0,0,0,0,0,0,99952,0,0,0,0,0,0,0,0,0,0,46,0,0,0,0,0,0
12,8681,13.264112708650586,99998,28,12,0,0,57,35,0.0009200184003680074,12,2,49930,49962,29,23,0,0,0,0,0,0,99946,0,0,0,0,0,0,0,0,0,0,52,0,0,0,0,0,0
13,8681,14.174219060752892,99998,28,12,0,0,61,35,0.0009600192003840077,8,4,49930,49960,33,23,0,0,0,0,0,0,99942,0,0,0,0,0,0,0,0,0,0,56,0,0,0,0,0,0
14,8681,15.037286007920073,99998,27,9,0,0,63,37,0.001000020000400008,12,3,49924,49959,36,28,0,0,0,0,0,0,99934,0,0,0,0,0,0,0,0,0,0,64,0,0,0,0,0,0
15,8681,16.016501772575523,99998,26,8,0,0,67,37,0.0010400208004160082,13,4,49919,49958,41,29,0,0,0,0,0,0,99928,0,0,0,0,0,0,0,0,0,0,70,0,0,0,0,0,0
16,8681,17.327387900632814,99998,30,7,0,0,72,38,0.001100022000440009,13,6,49914,49955,42,31,0,0,0,0,0,0,99925,0,0,0,0,0,0,0,0,0,0,73,0,0,0,0,0,0
17,8681,18.198870258458513,99998,30,9,0,0,75,40,0.0011500230004600092,15,4,49909,49955,45,31,0,0,0,0,0,0,99922,0,0,0,0,0,0,0,0,0,0,76,0,0,0,0,0,0
18,8681,19.129462104155696,99998,29,11,0,0,77,42,0.0011900238004760096,14,2,49908,49955,48,31,0,0,0,0,0,0,99919,0,0,0,0,0,0,0,0,0,0,79,0,0,0,0,0,0
19,8681,20.228711023725197,99998,29,12,0,0,77,43,0.0012000240004800095,17,5,49905,49951,48,31,0,0,0,0,0,0,99919,0,0,0,0,0,0,0,0,0,0,79,0,0,0,0,0,0
20,8681,21.253571442866686,99998,28,11,0,0,81,43,0.00124002480049601,17,8,49902,49948,52,32,0,0,0,0,0,0,99913,0,0,0,0,0,0,0,0,0,0,85,0,0,0,0,0,0
21,8681,22.13672408121816,99998,29,11,0,0,87,45,0.0013200264005280105,16,7,49897,49947,57,34,0,0,0,0,0,0,99906,0,0,0,0,0,0,0,0,0,0,92,0,0,0,0,0,0
22,8681,23.007320174786038,99998,31,11,0,0,90,45,0.0013500270005400107,16,7,49894,49947,58,34,0,0,0,0,0,0,99905,0,0,0,0,0,0,0,0,0,0,93,0,0,0,0,0,0
23,8681,24.004754635179953,99998,27,13,0,0,91,48,0.001390027800556011,17,6,49892,49945,63,35,0,0,0,0,0,0,99899,0,0,0,0,0,0,0,0,0,0,99,0,0,0,0,0,0
24,8681,25.035502759471782,99998,21,12,0,0,92,48,0.0014000280005600112,18,8,49890,49943,70,36,0,0,0,0,0,0,99891,0,0,0,0,0,0,0,0,0,0,107,0,0,0,0,0,0
25,8681,26.08092337630623,99998,21,10,0,0,97,49,0.0014600292005840117,14,8,49889,49942,75,39,0,0,0,0,0,0,99883,0,0,0,0,0,0,0,0,0,0,115,0,0,0,0,0,0
26,8681,27.110475455552898,99998,21,8,0,0,100,51,0.001510030200604012,16,7,49884,49941,78,43,0,0,0,0,0,0,99876,0,0,0,0,0,0,0,0,0,0,122,0,0,0,0,0,0
27,8681,28.171981248108793,99998,24,6,0,0,106,52,0.0015800316006320126,14,7,49881,49940,80,46,0,0,0,0,0,0,99870,0,0,0,0,0,0,0,0,0,0,128,0,0,0,0,0,0
28,8681,29.08780991038702,99998,25,7,0,0,110,54,0.001640032800656013,14,6,49877,49939,83,47,0,0,0,0,0,0,99866,0,0,0,0,0,0,0,0,0,0,132,0,0,0,0,0,0
29,8681,30.008966067852217,99998,24,10,0,0,114,57,0.0017100342006840137,12,4,49877,49939,86,46,0,0,0,0,0,0,99861,0,0,0,0,0,0,0,0,0,0,137,0,0,0,0,0,0
30,8681,31.228990126326728,99998,26,9,0,0,118,58,0.001760035200704014,9,6,49876,49936,88,48,0,0,0,0,0,0,99857,0,0,0,0,0,0,0,0,0,0,141,0,0,0,0,0,0
31,8681,32.00202072421406,99998,28,11,0,0,120,60,0.0018000360007200144,11,8,49873,49933,87,47,0,0,0,0,0,0,99857,0,0,0,0,0,0,0,0,0,0,141,0,0,0,0,0,0
32,8681,33.281151632861935,99998,30,10,0,0,127,62,0.0018900378007560151,13,8,49864,49931,92,50,0,0,0,0,0,0,99849,0,0,0,0,0,0,0,0,0,0,149,0,0,0,0,0,0
33,8681,34.02674153853575,99998,28,12,0,0,128,65,0.0019300386007720155,15,6,49861,49930,95,51,0,0,0,0,0,0,99845,0,0,0,0,0,0,0,0,0,0,153,0,0,0,0,0,0
34,8681,35.01838398789282,99998,32,10,0,0,135,65,0.002000040000800016,14,8,49855,49928,98,53,0,0,0,0,0,0,99840,0,0,0,0,0,0,0,0,0,0,158,0,0,0,0,0,0
35,8681,36.0300041743509,99998,34,11,0,0,140,68,0.0020800416008320164,14,7,49850,49926,101,55,0,0,0,0,0,0,99835,0,0,0,0,0,0,0,0,0,0,163,0,0,0,0,0,0
36,8681,37.15530245930802,99998,32,11,0,0,143,70,0.002130042600852017,14,7,49848,49924,105,57,0,0,0,0,0,0,99828,0,0,0,0,0,0,0,0,0,0,170,0,0,0,0,0,0
37,8681,38.303204951396964,99998,33,14,0,0,149,73,0.0022200444008880177,12,5,49844,49924,110,56,0,0,0,0,0,0,99823,0,0,0,0,0,0,0,0,0,0,175,0,0,0,0,0,0
38,8681,39.14581256373161,99998,33,13,0,0,150,73,0.002230044600892018,16,6,49839,49923,111,57,0,0,0,0,0,0,99821,0,0,0,0,0,0,0,0,0,0,177,0,0,0,0,0,0
39,8681,40.036236642622164,99998,33,12,0,0,154,74,0.002280045600912018,16,5,49835,49924,115,58,0,0,0,0,0,0,99815,0,0,0,0,0,0,0,0,0,0,183,0,0,0,0,0,0
40,8681,41.00989404799366,99998,32,14,0,0,156,76,0.0023200464009280187,18,4,49831,49924,118,57,0,0,0,0,0,0,99812,0,0,0,0,0,0,0,0,0,0,186,0,0,0,0,0,0
41,8681,42.13054600849999,99998,34,13,0,0,163,78,0.0024100482009640194,14,4,49828,49922,123,60,0,0,0,0,0,0,99804,0,0,0,0,0,0,0,0,0,0,194,0,0,0,0,0,0
42,8681,43.03734282189277,99998,31,11,0,0,165,80,0.0024500490009800196,15,5,49828,49919,125,64,0,0,0,0,0,0,99795,0,0,0,0,0,0,0,0,0,0,203,0,0,0,0,0,0
43,8681,44.149814532081116,99998,31,13,0,0,168,82,0.00250005000100002,16,5,49824,49917,128,64,0,0,0,0,0,0,99792,0,0,0,0,0,0,0,0,0,0,206,0,0,0,0,0,0
44,8681,45.011492931954194,99998,30,12,0,0,171,82,0.0025300506010120204,15,7,49822,49915,132,65,0,0,0,0,0,0,99787,0,0,0,0,0,0,0,0,0,0,211,0,0,0,0,0,0
45,8681,46.205876064261304,99998,30,13,0,0,176,86,0.002620052401048021,16,4,49817,49914,136,68,0,0,0,0,0,0,99779,0,0,0,0,0,0,0,0,0,0,219,0,0,0,0,0,0
46,8681,47.24133686645444,99998,30,13,0,0,180,87,0.002670053401068021,15,5,49814,49912,140,69,0,0,0,0,0,0,99774,0,0,0,0,0,0,0,0,0,0,224,0,0,0,0,0,0
47,8681,48.09826182605856,99998,28,12,0,0,180,89,0.0026900538010760215,19,4,49811,49911,141,72,0,0,0,0,0,0,99769,0,0,0,0,0,0,0,0,0,0,229,0,0,0,0,0,0
48,8681,49.02208846585554,99998,31,14,0,0,184,92,0.002760055201104022,18,4,49809,49909,141,72,0,0,0,0,0,0,99767,0,0,0,0,0,0,0,0,0,0,231,0,0,0,0,0,0
49,8681,50.27648365709603,99998,30,17,0,0,190,97,0.002870057401148023,21,4,49801,49906,147,72,0,0,0,0,0,0,99758,0,0,0,0,0,0,0,0,0,0,240,0,0,0,0,0,0
50,8681,51.02955565439996,99998,31,16,0,0,193,97,0.002900058001160023,25,6,49794,49904,149,73,0,0,0,0,0,0,99755,0,0,0,0,0,0,0,0,0,0,243,0,0,0,0,0,0
51,8681,52.11383085150416,99998,31,9,0,0,199,97,0.0029600592011840236,22,6,49792,49904,154,80,0,0,0,0,0,0,99742,0,0,0,0,0,0,0,0,0,0,256,0,0,0,0,0,0
52,8681,53.13135435934772,99998,34,10,0,0,203,98,0.003010060201204024,23,8,49787,49901,155,80,0,0,0,0,0,0,99741,0,0,0,0,0,0,0,0,0,0,257,0,0,0,0,0,0
53,8681,54.280939698330585,99998,35,9,0,0,208,98,0.0030600612012240246,21,13,49785,49897,158,80,0,0,0,0,0,0,99736,0,0,0,0,0,0,0,0,0,0,262,0,0,0,0,0,0
54,8681,55.11221222466258,99998,32,10,0,0,210,100,0.003100062001240025,22,12,49783,49897,162,80,0,0,0,0,0,0,99731,0,0,1,0,0,0,0,0,0,0,266,0,0,0,0,0,0
55,8681,56.26715552198405,99998,29,12,0,0,217,103,0.0032000640012800254,22,11,49776,49895,172,81,0,0,0,0,0,0,99720,0,0,1,0,0,0,0,0,0,0,277,0,0,0,0,0,0
56,8681,57.03613884053156,99998,25,14,0,0,217,105,0.0032200644012880257,25,10,49773,49894,176,81,0,0,0,0,0,0,99716,0,0,1,0,0,0,0,0,0,0,281,0,0,0,0,0,0
57,8681,58.25894625907723,99998,26,18,0,0,226,111,0.003370067401348027,27,8,49762,49891,184,82,0,0,0,0,0,0,99706,0,0,1,0,0,0,0,0,0,0,291,0,0,0,0,0,0
58,8681,59.15092817885521,99998,25,17,0,0,230,112,0.0034200684013680274,28,10,49758,49888,188,84,0,0,0,0,0,0,99699,0,0,1,0,0,0,0,0,0,0,298,0,0,0,0,0,0
59,8681,60.00337189263673,99998,26,15,0,0,235,113,0.003480069601392028,23,12,49758,49885,192,87,0,0,0,0,0,0,99692,0,0,1,0,0,0,0,0,0,0,305,0,0,0,0,0,0
60,8681,61.0716243016687,99998,32,15,0,0,244,116,0.003600072001440029,15,14,49758,49880,194,90,0,0,0,0,0,0,99686,0,0,1,0,0,0,0,0,0,0,311,0,0,0,0,0,0
61,8681,62.05604491779986,99998,30,16,0,0,247,120,0.0036700734014680292,14,17,49756,49873,199,93,0,0,0,0,0,0,99678,0,0,1,0,0,0,0,0,0,0,319,0,0,0,0,0,0
62,8681,63.124885012053895,99998,30,15,0,0,249,121,0.0037000740014800295,17,16,49751,49873,201,95,0,0,0,0,0,0,99674,0,0,1,0,0,0,0,0,0,0,323,0,0,0,0,0,0
63,8681,64.1895823252609,99998,28,14,0,0,254,124,0.0037800756015120302,17,16,49747,49871,207,98,0,0,0,0,0,0,99663,0,0,1,0,0,0,0,0,0,0,334,0,0,0,0,0,0
64,8681,65.01029385964098,99998,24,17,0,0,257,129,0.003860077201544031,16,12,49745,49870,214,100,0,0,0,0,0,0,99654,0,0,1,0,0,0,0,0,0,0,343,0,0,0,0,0,0
65,8681,66.1094636287813,99998,25,16,0,0,262,131,0.003930078601572032,17,13,49740,49867,217,103,0,0,0,0,0,0,99647,0,0,1,0,0,0,0,0,0,0,350,0,0,0,0,0,0
66,8681,67.06317880210861,99998,28,17,0,0,266,132,0.0039800796015920315,21,15,49732,49864,218,103,0,0,0,0,0,0,99646,0,0,1,0,0,0,0,0,0,0,351,0,0,0,0,0,0
67,8681,68.11447931192097,99998,31,15,0,0,273,134,0.004070081401628033,22,15,49725,49862,221,107,0,0,0,0,0,0,99638,0,0,1,0,0,0,0,0,0,0,359,0,0,0,0,0,0
68,8681,69.1652086292945,99998,36,17,0,0,282,136,0.004180083601672034,19,17,49720,49858,224,107,0,0,0,0,0,0,99634,0,0,1,0,0,0,0,0,0,0,363,0,0,0,0,0,0
69,8681,70.07972044240087,99998,39,16,0,0,287,139,0.004260085201704034,17,17,49720,49856,223,110,0,0,0,0,0,0,99628,0,0,1,0,0,0,0,0,0,0,369,0,0,0,0,0,0
70,8681,71.1675309973578,99998,44,19,0,0,293,146,0.004390087801756035,15,15,49717,49851,223,114,0,0,0,0,0,0,99623,0,0,1,0,0,0,0,0,0,0,374,0,0,0,0,0,0
71,8681,72.16355436103962,99998,39,20,0,0,297,151,0.004480089601792036,15,16,49715,49845,230,118,0,0,0,0,0,0,99610,0,0,1,0,0,0,0,0,0,0,387,0,0,0,0,0,0
72,8681,73.00110274101284,99998,36,17,0,0,299,153,0.0045200904018080365,20,15,49708,49845,235,122,0,0,0,0,0,0,99600,0,0,1,0,0,0,0,0,0,0,397,0,0,0,0,0,0
73,8681,74.14434029789498,99998,38,19,0,0,306,157,0.004630092601852037,24,13,49697,49843,240,124,0,0,0,0,0,0,99593,0,0,1,0,0,0,0,0,0,0,404,0,0,0,0,0,0
74,8681,75.11275428111855,99998,37,22,0,0,312,162,0.004740094801896038,23,8,49693,49843,246,126,0,0,0,0,0,0,99584,0,0,1,0,0,0,0,0,0,0,413,0,0,0,0,0,0
75,8681,76.02835227185636,99998,38,24,0,0,315,166,0.004810096201924038,23,12,49691,49836,247,127,0,0,0,0,0,0,99580,0,0,1,0,0,0,0,0,0,0,417,0,0,0,0,0,0
76,8681,77.11006909946187,99998,40,25,0,0,324,170,0.00494009880197604,21,10,49685,49835,253,129,0,0,0,0,0,0,99570,0,0,1,0,0,0,0,0,0,0,427,0,0,0,0,0,0
77,8681,78.19942587398961,99998,41,24,0,0,330,171,0.00501010020200404,25,13,49676,49832,257,130,0,0,0,0,0,0,99563,0,0,1,0,0,0,0,0,0,0,434,0,0,0,0,0,0
78,8681,79.11971197317835,99998,38,24,0,0,337,174,0.005110102202044041,23,11,49672,49831,266,133,0,0,0,0,0,0,99550,0,0,1,0,0,0,0,0,0,0,447,0,0,0,0,0,0
79,8681,80.11007356013863,99998,40,26,0,0,344,178,0.005220104402088041,30,11,49661,49828,268,134,0,0,0,0,0,0,99543,0,0,1,0,0,0,0,0,0,0,454,0,0,0,0,0,0
80,8681,81.00639771075559,99998,46,29,0,0,357,181,0.005380107602152043,27,10,49651,49826,275,134,0,0,0,0,0,0,99536,0,0,1,0,0,0,0,0,0,0,461,0,0,0,0,0,0
81,8681,82.00187606393341,99998,50,27,0,0,364,184,0.005480109602192044,24,10,49647,49823,278,139,0,0,0,0,0,0,99528,0,0,1,0,0,0,0,0,0,0,469,0,0,0,0,0,0
82,8681,83.01175494884066,99998,47,28,0,0,370,187,0.005570111402228044,24,12,49642,49819,286,140,0,0,0,0,0,0,99517,0,0,1,0,0,0,0,0,0,0,480,0,0,0,0,0,0
83,8681,84.12305354525003,99998,48,26,0,0,380,192,0.005720114402288046,25,12,49631,49814,295,147,0,0,0,0,0,0,99501,0,0,1,0,0,0,0,0,0,0,496,0,0,0,0,0,0
84,8681,85.1101550712543,99998,51,27,0,0,387,195,0.005820116402328047,27,12,49622,49811,299,149,0,0,0,0,0,0,99495,0,0,1,0,0,0,0,0,0,0,502,0,0,0,0,0,0
85,8681,86.10658343875575,99998,54,29,0,0,394,199,0.005930118602372047,31,10,49613,49810,301,150,0,0,0,0,0,0,99489,0,0,1,0,0,0,0,0,0,0,508,0,0,0,0,0,0
86,8681,87.17675053774735,99998,51,29,0,0,397,202,0.0059901198023960475,35,11,49608,49807,305,152,0,0,0,0,0,0,99480,0,0,1,0,0,0,0,0,0,0,517,0,0,0,0,0,0
87,8681,88.2001298333817,99998,56,27,0,0,410,202,0.006120122402448049,33,14,49601,49805,309,153,0,0,0,0,0,0,99470,0,0,1,0,0,0,0,0,0,0,527,0,0,0,0,0,0
88,8681,89.00857298875832,99998,54,25,0,0,413,204,0.00617012340246805,38,15,49594,49802,313,157,0,0,0,0,0,0,99461,0,0,1,0,0,0,0,0,0,0,536,0,0,0,0,0,0
89,8681,90.05370589095347,99998,59,26,0,0,425,208,0.0063301266025320505,39,13,49583,49801,318,159,0,0,0,0,0,0,99451,0,0,1,0,0,0,0,0,0,0,546,0,0,0,0,0,0
90,8681,91.07008620485242,99998,62,22,0,0,435,212,0.006470129402588052,40,16,49572,49795,325,166,0,0,0,0,0,0,99436,0,0,1,0,0,0,0,0,0,0,561,0,0,0,0,0,0
91,8681,92.09404818927075,99998,74,26,0,0,449,216,0.0066501330026600535,34,19,49564,49788,327,166,0,0,0,0,0,0,99434,0,0,1,0,0,0,0,0,0,0,563,0,0,0,0,0,0
92,8681,93.29308730029597,99998,66,23,0,0,457,221,0.006780135602712054,38,24,49552,49779,343,173,0,0,0,0,0,0,99410,0,0,1,0,0,0,0,0,0,0,587,0,0,0,0,0,0
93,8681,94.31739266528675,99998,74,28,0,0,471,228,0.006990139802796056,33,22,49543,49776,349,173,0,0,0,0,0,0,99402,0,0,1,0,0,0,0,0,0,0,595,0,0,0,0,0,0
94,8681,95.000337355335,99998,80,30,0,0,481,232,0.007130142602852057,33,21,49534,49773,352,175,0,0,0,0,0,0,99396,0,0,1,0,0,0,0,0,0,0,601,0,0,0,0,0,0
95,8681,96.02488351604849,99998,74,27,0,0,487,234,0.007210144202884058,37,27,49530,49766,358,179,0,0,0,0,0,0,99379,0,0,1,0,0,0,0,0,0,0,618,0,0,0,0,0,0
96,8681,97.04954039144103,99998,79,24,0,0,498,237,0.007350147002940058,36,27,49521,49765,363,183,0,0,0,0,0,0,99367,0,0,1,0,0,0,0,0,0,0,630,0,0,0,0,0,0
97,8681,98.07438667848348,99998,78,23,0,0,508,242,0.00750015000300006,41,28,49506,49760,374,188,0,0,0,0,0,0,99351,0,0,2,0,0,0,0,0,0,0,645,0,0,0,0,0,0
98,8681,99.09950895508508,99998,81,22,0,0,521,246,0.007670153403068061,45,28,49492,49756,381,193,0,0,0,0,0,0,99336,0,0,2,0,0,0,0,0,0,0,660,0,0,0,0,0,0
99,8681,100.0655085303587,99998,80,25,0,0,533,253,0.007860157203144064,45,28,49483,49749,391,197,0,0,0,0,0,0,99319,0,0,2,0,0,0,0,0,0,0,677,0,0,0,0,0,0
100,8681,101.09100085694752,99998,86,32,0,0,547,260,0.008070161403228065,41,27,49473,49744,399,196,0,0,0,0,0,0,99311,0,0,2,0,0,0,0,0,0,0,685,0,0,0,0,0,0
101,8681,102.11666407897235,99998,87,30,0,0,561,264,0.008250165003300065,38,27,49462,49741,412,201,0,0,0,0,0,0,99292,0,0,2,0,0,0,0,0,0,0,704,0,0,0,0,0,0
102,8681,103.14257255603172,99998,81,35,0,0,569,274,0.008430168603372068,40,23,49454,49737,424,204,0,0,0,0,0,0,99273,0,0,2,0,0,0,0,0,0,0,723,0,0,0,0,0,0
103,8681,104.16869349116142,99998,80,33,0,0,578,277,0.008550171003420069,49,25,49440,49732,430,209,0,0,0,0,0,0,99258,0,0,2,0,0,0,0,0,0,0,738,0,0,0,0,0,0
104,8681,105.19501104875853,99998,89,42,0,0,594,288,0.008820176403528071,52,24,49425,49723,433,210,0,0,0,0,0,0,99249,0,0,2,0,0,0,0,0,0,0,747,0,0,0,0,0,0
105,8681,106.2214647609875,99998,90,45,0,0,605,297,0.009020180403608071,49,22,49418,49716,442,216,0,0,0,0,0,0,99233,0,0,2,0,0,0,0,0,0,0,763,0,0,0,0,0,0
106,8681,107.24809797256611,99998,87,42,0,0,615,301,0.009160183203664074,52,25,49407,49709,453,223,0,0,0,0,0,0,99213,0,0,2,0,0,0,0,0,0,0,783,0,0,0,0,0,0
107,8681,108.27494101968749,99998,95,39,0,0,630,304,0.009340186803736075,54,34,49398,49698,452,228,0,0,0,0,0,0,99200,0,0,2,0,0,0,0,0,0,0,796,0,0,0,0,0,0
108,8681,109.30190044101695,99998,92,45,0,0,644,319,0.009630192603852077,56,28,49382,49689,469,237,0,0,0,0,0,0,99174,0,0,2,0,0,0,0,0,0,0,822,0,0,0,0,0,0
109,8681,110.32912569325232,99998,92,46,0,0,660,327,0.009870197403948079,52,28,49370,49683,485,242,0,0,0,0,0,0,99152,0,0,3,0,0,0,0,0,0,0,843,0,0,0,0,0,0
110,8681,111.01409699251319,99998,91,49,0,0,669,333,0.01002020040400808,54,29,49360,49676,494,245,0,0,0,0,0,0,99139,0,0,3,0,0,0,0,0,0,0,856,0,0,0,0,0,0
111,8681,112.04181446789794,99998,94,46,0,0,686,337,0.010230204604092082,52,32,49347,49669,506,252,0,0,0,0,0,0,99118,0,0,3,0,0,0,0,0,0,0,877,0,0,0,0,0,0
112,8681,113.069795979757,99998,89,45,0,0,699,345,0.010440208804176083,54,30,49332,49663,524,261,0,0,0,0,0,0,99092,0,0,4,0,0,0,0,0,0,0,902,0,0,0,0,0,0
113,8681,114.09810290644211,99998,88,48,0,0,711,353,0.010640212804256085,55,26,49319,49659,537,266,0,0,0,0,0,0,99074,0,0,4,0,0,0,0,0,0,0,920,0,0,0,0,0,0
114,8681,115.12672352422707,99998,88,46,0,0,727,360,0.010870217404348088,53,32,49306,49648,552,273,0,0,0,0,0,0,99049,0,0,4,0,0,0,0,0,0,0,945,0,0,0,0,0,0
115,8681,116.15562643226673,99998,79,47,0,0,737,371,0.011080221604432089,55,31,49298,49640,567,281,0,0,0,0,0,0,99020,0,0,4,0,0,0,0,0,0,0,974,0,0,0,0,0,0
116,8681,117.18478114251934,99998,84,47,0,0,752,380,0.01132022640452809,52,29,49290,49635,573,288,0,0,0,0,0,0,99001,0,0,4,0,0,0,0,0,0,0,993,0,0,0,0,0,0
117,8681,118.21407989335806,99998,92,50,0,0,768,390,0.011580231604632093,44,29,49283,49626,580,294,0,0,0,0,0,0,98986,0,0,4,0,0,0,0,0,0,0,1008,0,0,0,0,0,0
118,8681,119.24347226600283,99998,98,55,0,0,781,400,0.011810236204724095,43,29,49272,49616,586,299,0,0,0,0,0,0,98974,0,0,4,0,0,0,0,0,0,0,1020,0,0,0,0,0,0
119,8681,120.27306351918493,99998,93,54,0,0,791,406,0.011970239404788096,45,27,49260,49612,601,306,0,0,0,0,0,0,98952,0,0,4,0,0,0,0,0,0,0,1042,0,0,0,0,0,0
120,8681,121.30290969332357,99998,87,52,0,0,805,415,0.012200244004880097,44,22,49248,49609,620,316,0,0,0,0,0,0,98921,0,0,4,0,0,0,0,0,0,0,1073,0,0,0,0,0,0
121,8681,122.14474075051837,99998,87,51,0,0,813,421,0.0123402468049361,40,18,49245,49608,627,322,0,0,0,0,0,0,98907,0,0,5,0,0,0,0,0,0,0,1086,0,0,0,0,0,0
122,8681,123.03885157098358,99998,81,49,0,0,820,425,0.0124502490049801,56,25,49226,49598,636,327,0,0,0,0,0,0,98888,0,0,5,0,0,0,0,0,0,0,1105,0,0,0,0,0,0
123,8681,124.06947759417818,99998,81,49,0,0,832,433,0.012650253005060102,62,22,49211,49595,645,333,0,0,0,0,0,0,98868,0,0,5,0,0,0,0,0,0,0,1125,0,0,0,0,0,0
124,8681,125.10037127475746,99998,86,49,0,0,847,439,0.012860257205144103,61,22,49200,49589,652,339,0,0,0,0,0,0,98852,0,0,5,0,0,0,0,0,0,0,1141,0,0,0,0,0,0
125,8681,126.13144905567692,99998,89,42,0,0,865,440,0.013050261005220104,57,23,49189,49588,664,346,0,0,0,0,0,0,98829,0,0,5,0,0,0,0,0,0,0,1164,0,0,0,0,0,0
126,8681,127.1628287124368,99998,89,40,0,0,883,444,0.013270265405308106,56,25,49174,49583,680,351,0,0,0,0,0,0,98805,0,0,5,0,0,0,0,0,0,0,1188,0,0,0,0,0,0
127,8681,128.24036210542965,99998,86,40,0,0,893,450,0.013430268605372107,63,19,49160,49583,690,357,0,0,0,0,0,0,98786,0,0,5,0,0,0,0,0,0,0,1207,0,0,0,0,0,0
128,8681,129.27172055889062,99998,85,33,0,0,905,454,0.01359027180543611,65,27,49149,49572,700,367,0,0,0,0,0,0,98762,0,0,5,0,0,0,0,0,0,0,1231,0,0,0,0,0,0
129,8681,130.30392318949578,99998,84,30,0,0,922,457,0.01379027580551611,61,29,49139,49568,715,372,0,0,0,0,0,0,98738,0,0,5,0,0,0,0,0,0,0,1255,0,0,0,0,0,0
130,8681,131.33636178384612,99998,92,35,0,0,941,464,0.014050281005620112,56,30,49129,49562,722,372,0,0,0,0,0,0,98725,0,0,5,0,0,0,0,0,0,0,1268,0,0,0,0,0,0
131,8681,132.0247324491401,99998,91,37,0,0,950,469,0.014190283805676114,53,33,49124,49554,731,375,0,0,0,0,0,0,98712,0,0,5,0,0,0,0,0,0,0,1281,0,0,0,0,0,0
132,8681,133.05746546568582,99998,88,41,0,0,960,478,0.014380287605752115,57,31,49112,49547,742,380,0,0,0,0,0,0,98694,0,0,5,0,0,0,0,0,0,0,1299,0,0,0,0,0,0
133,8681,134.09042518917855,99998,84,41,0,0,976,482,0.014580291605832116,57,35,49098,49539,760,384,0,0,0,0,0,0,98670,0,0,5,0,0,0,0,0,0,0,1323,0,0,0,0,0,0
134,8681,135.12367377954774,99998,77,43,0,0,984,490,0.014740294805896118,69,31,49083,49536,770,389,0,0,0,0,0,0,98649,0,0,5,0,0,0,0,0,0,0,1344,0,0,0,0,0,0
135,8681,136.15727532906345,99998,94,53,0,0,1011,501,0.015120302406048121,61,26,49067,49533,777,387,0,0,0,0,0,0,98638,0,0,5,0,0,0,0,0,0,0,1355,0,0,0,0,0,0
136,8681,137.19104024494317,99998,99,53,0,0,1028,505,0.015330306606132122,63,29,49053,49527,784,390,0,0,0,0,0,0,98622,0,0,5,0,0,0,0,0,0,0,1371,0,0,0,0,0,0
137,8681,138.22498644605477,99998,106,52,0,0,1049,514,0.015630312606252125,57,30,49043,49518,793,399,0,0,0,0,0,0,98598,0,0,5,0,0,0,0,0,0,0,1395,0,0,0,0,0,0
138,8681,139.25918817037393,99998,113,54,0,0,1071,526,0.015970319406388128,51,32,49029,49505,806,408,0,0,0,0,0,0,98573,0,0,5,0,0,0,0,0,0,0,1420,0,0,0,0,0,0
139,8681,140.29362072567568,99998,104,48,0,0,1082,532,0.01614032280645613,56,39,49013,49494,826,418,0,0,0,0,0,0,98541,0,0,5,0,0,0,0,0,0,0,1452,0,0,0,0,0,0
140,8681,141.328361386277,99998,110,53,0,0,1099,544,0.01643032860657213,51,35,49001,49488,837,423,0,0,0,0,0,0,98523,0,0,5,0,0,0,0,0,0,0,1470,0,0,0,0,0,0
141,8681,142.0183301738311,99998,105,56,0,0,1104,550,0.016540330806616134,58,32,48990,49486,846,425,0,0,0,0,0,0,98510,0,0,5,0,0,0,0,0,0,0,1483,0,0,0,0,0,0
142,8681,143.05353912505348,99998,107,57,0,0,1118,558,0.016760335206704134,62,31,48976,49481,854,430,0,0,0,0,0,0,98491,0,0,5,0,0,0,0,0,0,0,1502,0,0,0,0,0,0
143,8681,144.089034507984,99998,109,51,0,0,1135,566,0.017010340206804135,70,28,48952,49477,868,443,0,0,0,0,0,0,98462,0,0,5,0,0,0,0,0,0,0,1531,0,0,0,0,0,0
144,8681,145.12495535470765,99998,108,47,0,0,1151,568,0.01719034380687614,71,33,48937,49471,883,448,0,0,0,0,0,0,98440,0,0,6,0,0,0,0,0,0,0,1552,0,0,0,0,0,0
145,8681,146.1611770265127,99998,120,51,0,0,1175,577,0.01752035040700814,68,28,48920,49470,891,450,0,0,0,0,0,0,98423,0,0,6,0,0,0,0,0,0,0,1569,0,0,0,0,0,0
146,8681,147.19768685753024,99998,113,51,0,0,1193,584,0.01777035540710814,65,33,48908,49458,913,457,0,0,0,0,0,0,98391,0,0,6,0,0,0,0,0,0,0,1601,0,0,0,0,0,0
147,8681,148.23454843056928,99998,115,52,0,0,1213,593,0.018060361207224145,65,33,48890,49449,929,465,0,0,0,0,0,0,98365,0,0,6,0,0,0,0,0,0,0,1627,0,0,0,0,0,0
148,8681,149.27173880752272,99998,115,55,0,0,1229,604,0.018330366607332147,71,28,48870,49443,943,473,0,0,0,0,0,0,98341,0,0,6,0,0,0,0,0,0,0,1651,0,0,0,0,0,0
149,8681,150.30928726103107,99998,125,52,0,0,1250,612,0.018620372407448148,73,28,48849,49435,952,484,0,0,0,0,0,0,98319,0,0,6,0,0,0,0,0,0,0,1673,0,0,0,0,0,0
150,8681,151.0012012046895,99998,121,55,0,0,1261,620,0.01881037620752415,78,25,48836,49431,964,488,0,0,0,0,0,0,98299,0,0,6,0,0,0,0,0,0,0,1693,0,0,0,0,0,0
151,8681,152.03938193016336,99998,125,52,0,0,1283,626,0.019090381807636152,80,28,48815,49422,979,497,0,0,0,0,0,0,98272,0,0,6,0,0,0,0,0,0,0,1720,0,0,0,0,0,0
152,8681,153.07793310920542,99998,127,56,0,0,1301,638,0.019390387807756156,80,23,48800,49416,992,504,0,0,0,0,0,0,98248,0,0,6,0,0,0,0,0,0,0,1744,0,0,0,0,0,0
153,8681,154.11682058121096,99998,129,54,0,0,1320,642,0.01962039240784816,86,25,48776,49413,1008,507,0,0,0,0,0,0,98226,0,0,7,0,0,0,0,0,0,0,1765,0,0,0,0,0,0
154,8681,155.15608366531933,99998,129,55,0,0,1337,649,0.01986039720794416,84,34,48766,49397,1020,513,0,0,0,0,0,0,98203,0,0,7,0,0,0,0,0,0,0,1788,0,0,0,0,0,0
155,8681,156.19558752638483,99998,134,61,0,0,1361,662,0.02023040460809216,85,31,48745,49389,1035,518,0,0,0,0,0,0,98178,0,0,6,1,0,0,0,0,0,0,1813,0,0,0,0,0,0
156,8681,157.23542082926667,99998,141,52,0,0,1388,666,0.020540410808216163,73,37,48736,49379,1049,531,0,0,0,0,0,0,98145,0,0,6,1,0,0,0,0,0,0,1846,0,0,0,0,0,0
157,8681,158.27554384382302,99998,143,50,0,0,1410,674,0.020840416808336166,71,45,48722,49365,1063,539,0,0,0,0,0,0,98115,0,0,6,1,0,0,0,0,0,0,1876,0,0,0,0,0,0
158,8681,159.31589870800616,99998,137,58,0,0,1425,687,0.021120422408448167,77,43,48708,49357,1077,541,0,0,0,0,0,0,98090,0,0,7,1,0,0,0,0,0,0,1900,0,0,0,0,0,0
159,8681,160.00961188065767,99998,139,65,0,0,1437,698,0.02135042700854017,82,39,48699,49351,1079,544,0,0,0,0,0,0,98076,0,0,7,1,0,0,0,0,0,0,1914,0,0,0,0,0,0
160,8681,161.0503227117943,99998,141,66,0,0,1461,708,0.021690433808676173,75,42,48683,49339,1100,552,0,0,0,0,0,0,98045,0,0,7,1,0,0,0,0,0,0,1945,0,0,0,0,0,0
161,8681,162.09142561080483,99998,134,75,0,0,1477,724,0.022010440208804175,80,30,48664,49336,1121,558,0,0,0,0,0,0,98016,0,0,8,1,0,0,0,0,0,0,1973,0,0,0,0,0,0
162,8681,163.132951946979,99998,128,75,0,0,1497,735,0.02232044640892818,74,35,48651,49324,1146,565,0,0,0,0,0,0,97980,0,0,9,1,0,0,0,0,0,0,2008,0,0,0,0,0,0
163,8681,164.17486857445382,99998,131,72,0,0,1519,743,0.02262045240904818,75,36,48635,49317,1158,574,0,0,0,0,0,0,97950,0,0,9,1,0,0,0,0,0,0,2038,0,0,0,0,0,0
164,8681,165.21711166402724,99998,133,72,0,0,1535,755,0.02290045800916018,74,40,48621,49305,1171,582,0,0,0,0,0,0,97924,0,0,9,1,0,0,0,0,0,0,2064,0,0,0,0,0,0
165,8681,166.25962577833982,99998,134,72,0,0,1555,765,0.023200464009280185,85,41,48595,49295,1185,591,0,0,0,0,0,0,97895,0,0,9,1,0,0,0,0,0,0,2093,0,0,0,0,0,0
166,8681,167.3025611823706,99998,134,78,0,0,1579,779,0.023580471609432187,82,37,48578,49287,1205,597,0,0,0,0,0,0,97863,0,0,9,1,0,0,0,0,0,0,2125,0,0,0,0,0,0
167,8681,168.34590135507713,99997,139,72,0,1,1600,787,0.023870716121483646,85,39,48555,49279,1220,608,0,0,0,0,0,0,97833,0,0,9,1,0,0,0,0,0,0,2154,0,0,0,0,0,0
168,8681,169.04169299096827,99997,134,73,0,1,1610,794,0.024040721221636648,90,40,48544,49273,1231,612,0,0,0,0,0,0,97812,0,0,9,1,0,0,0,0,0,0,2175,0,0,0,0,0,0
169,8681,170.08560719053793,99997,130,68,0,1,1628,802,0.024300729021870655,100,41,48522,49266,1247,623,0,0,0,0,0,0,97777,0,0,9,1,0,0,0,0,0,0,2210,0,0,0,0,0,0
170,8681,171.13005095533373,99997,142,70,0,1,1654,811,0.024650739522185664,101,42,48498,49258,1258,628,0,0,0,0,0,0,97756,0,0,9,1,0,0,0,0,0,0,2231,0,0,0,0,0,0
171,8681,172.1748303574777,99997,147,70,0,1,1680,819,0.024990749722491674,94,48,48483,49244,1275,636,0,0,0,0,0,0,97727,0,0,9,1,0,0,0,0,0,0,2260,0,0,0,0,0,0
172,8681,173.2198979033119,99996,147,76,0,2,1707,831,0.025381015240609626,85,46,48470,49238,1297,637,0,0,0,0,0,0,97694,0,0,9,1,0,0,0,0,0,0,2292,0,0,0,0,0,0
173,8681,174.26530649148933,99996,145,82,0,2,1727,848,0.025751030041201647,85,44,48455,49224,1314,647,0,0,0,0,0,0,97661,0,0,9,1,0,0,0,0,0,0,2325,0,0,0,0,0,0
174,8681,175.31104178257954,99996,161,81,0,2,1760,860,0.026201048041921676,79,43,48434,49218,1325,655,0,0,0,0,0,0,97631,0,0,9,1,0,0,0,0,0,0,2355,0,0,0,0,0,0
175,8681,176.0083942772007,99996,154,80,0,2,1777,869,0.026461058442337693,75,41,48424,49211,1346,665,0,0,0,0,0,0,97597,0,0,9,1,0,0,0,0,0,0,2389,0,0,0,0,0,0
176,8681,177.0547986095703,99996,152,80,0,2,1799,882,0.026811072442897717,75,34,48407,49206,1365,677,0,0,0,0,0,0,97560,0,0,9,1,0,0,0,0,0,0,2426,0,0,0,0,0,0
177,8681,178.10161961045418,99995,153,74,1,2,1815,891,0.027061353067653383,75,35,48397,49198,1373,690,0,0,0,0,0,0,97530,0,0,9,1,0,0,0,0,0,0,2455,0,0,0,0,0,0
178,8681,179.1487211195402,99995,151,72,1,2,1838,898,0.02736136806840342,78,38,48376,49190,1393,697,0,0,0,0,0,0,97496,0,0,9,1,0,0,0,0,0,0,2489,0,0,0,0,0,0
179,8681,180.19622899630156,99995,153,80,1,2,1861,912,0.027731386569328467,75,36,48361,49178,1409,703,0,0,0,0,0,0,97469,0,0,9,1,0,0,0,0,0,0,2516,0,0,0,0,0,0
180,8681,181.24404718418003,99995,151,77,1,2,1886,919,0.028051402570128506,74,45,48340,49163,1433,712,0,0,0,0,0,0,97433,0,0,10,1,0,0,0,0,0,0,2551,0,0,0,0,0,0
181,8681,182.29233606167938,99995,146,82,1,2,1903,936,0.02839141957097855,80,39,48319,49154,1453,722,0,0,0,0,0,0,97399,0,0,10,1,0,0,0,0,0,0,2585,0,0,0,0,0,0
182,8681,183.3411137069159,99995,151,83,1,2,1930,948,0.0287814390719536,84,32,48294,49149,1469,733,0,0,0,0,0,0,97367,0,0,11,1,0,0,0,0,0,0,2616,0,0,0,0,0,0
183,8681,184.04053719098397,99995,157,76,1,2,1950,953,0.02903145157257863,82,36,48285,49142,1474,743,0,0,0,0,0,0,97341,0,0,11,1,0,0,0,0,0,0,2642,0,0,0,0,0,0
184,8681,185.0899249191781,99995,156,70,1,2,1970,963,0.029331466573328666,76,44,48276,49128,1490,755,0,0,0,0,0,0,97305,0,0,12,1,0,0,0,0,0,0,2677,0,0,0,0,0,0
185,8681,186.13958378019237,99994,138,73,2,2,1984,973,0.02957177430645839,80,45,48267,49122,1512,757,0,0,0,0,0,0,97268,0,0,14,1,0,0,0,0,0,0,2711,0,0,0,0,0,0
186,8681,187.18962197867162,99994,129,73,2,2,2002,988,0.02990179410764646,96,41,48239,49113,1533,770,0,0,0,0,0,0,97226,0,0,14,1,0,0,0,0,0,0,2753,0,0,0,0,0,0
187,8681,188.24018070766908,99994,135,80,2,2,2021,999,0.030201812108726522,94,43,48229,49107,1539,767,0,0,0,0,0,0,97209,0,0,14,1,0,0,0,0,0,0,2770,0,0,0,0,0,0
188,8681,189.2908873840572,99993,141,76,2,3,2049,1009,0.03058214074985249,80,44,48224,49098,1552,778,0,0,0,0,0,0,97174,0,0,15,1,0,0,0,0,0,0,2803,0,0,0,0,0,0
189,8681,190.341747970268,99993,145,75,2,3,2071,1021,0.030922164551518607,80,48,48207,49085,1565,788,0,0,0,0,0,0,97143,0,0,15,1,0,0,0,0,0,0,2834,0,0,0,0,0,0
190,8681,191.04249865694243,99993,146,74,2,3,2088,1027,0.031152180652645686,74,46,48201,49085,1576,791,0,0,0,0,0,0,97120,0,0,15,1,0,0,0,0,0,0,2857,0,0,0,0,0,0
191,8681,192.09388080056553,99993,133,78,2,3,2101,1043,0.03144220095406679,78,40,48191,49080,1595,798,0,0,0,0,0,0,97083,0,0,16,1,0,0,0,0,0,0,2893,0,0,0,0,0,0
192,8681,193.14560253143878,99993,135,72,2,3,2119,1051,0.031702219155340876,89,46,48164,49068,1609,810,0,0,0,0,0,0,97053,0,0,16,1,0,0,0,0,0,0,2923,0,0,0,0,0,0
193,8681,194.19778537821674,99993,143,73,2,3,2146,1062,0.032082245757203004,87,52,48143,49052,1624,819,0,0,0,0,0,0,97024,0,0,16,1,0,0,0,0,0,0,2952,0,0,0,0,0,0
194,8681,195.25030088046748,99993,156,74,2,3,2169,1074,0.03243227025891812,89,53,48128,49040,1624,829,0,0,0,0,0,0,97004,0,0,17,1,0,0,0,0,0,0,2971,0,0,0,0,0,0
195,8681,196.3029982058996,99992,163,85,3,3,2194,1087,0.0328126250100008,85,57,48112,49025,1636,829,0,0,0,0,0,0,96985,0,0,18,1,0,0,0,0,0,0,2988,0,0,0,0,0,0
196,8681,197.0049036692709,99992,153,81,3,3,2203,1096,0.032992639411152894,101,53,48089,49025,1653,837,0,0,0,0,0,0,96953,0,0,18,1,0,0,0,0,0,0,3020,0,0,0,0,0,0
197,8681,198.05828017391025,99992,153,72,3,3,2227,1111,0.03338267061364909,103,49,48068,49020,1672,855,0,0,0,0,0,0,96906,0,0,19,1,0,0,0,0,0,0,3066,0,0,0,0,0,0
198,8681,199.11217952506226,99992,158,71,3,3,2257,1118,0.033752700216017284,98,56,48048,49012,1692,857,0,0,0,0,0,0,96874,0,0,20,1,0,0,0,0,0,0,3097,0,0,0,0,0,0
199,8681,200.166504397277,99990,156,76,4,4,2279,1133,0.03412341234123412,98,49,48031,49006,1710,864,0,0,0,0,0,0,96841,0,0,21,1,0,0,0,0,0,0,3127,0,0,0,0,0,0
200,8681,201.22117732946376,99990,165,79,4,4,2309,1144,0.03453345334533453,98,45,48011,49000,1721,871,0,0,0,0,0,0,96812,0,0,21,1,0,0,0,0,0,0,3156,0,0,0,0,0,0
201,8681,202.2761748033888,99990,165,83,4,4,2329,1157,0.03486348634863486,112,47,47985,48990,1733,875,0,0,0,0,0,0,96783,0,0,21,1,0,0,0,0,0,0,3185,0,0,0,0,0,0
202,8681,203.33156085101297,99990,171,81,4,4,2358,1171,0.035293529352935296,106,51,47968,48972,1750,891,0,0,0,0,0,0,96744,0,0,21,1,0,0,0,0,0,0,3224,0,0,0,0,0,0
203,8681,204.03538814295896,99990,171,82,4,4,2374,1178,0.03552355235523552,110,54,47949,48963,1765,896,0,0,0,0,0,0,96722,0,0,21,1,0,0,0,0,0,0,3246,0,0,0,0,0,0
204,8681,205.09149545780483,99990,180,83,4,4,2404,1188,0.03592359235923592,108,59,47931,48951,1776,902,0,0,0,0,0,0,96692,0,0,21,1,0,0,0,0,0,0,3276,0,0,0,0,0,0
205,8681,206.1478945630865,99990,180,88,4,4,2434,1204,0.03638363836383638,97,56,47926,48939,1792,912,0,0,0,0,0,0,96652,0,0,22,1,0,0,0,0,0,0,3315,0,0,0,0,0,0
206,8681,207.204565317598,99990,174,91,4,4,2456,1218,0.036743674367436745,109,62,47901,48922,1811,920,0,0,0,0,0,0,96614,0,0,23,1,0,0,0,0,0,0,3352,0,0,0,0,0,0
207,8681,208.26165305397026,99990,168,93,4,4,2480,1237,0.03717371737173717,111,57,47882,48912,1834,933,0,0,0,0,0,0,96567,0,0,23,1,0,0,0,0,0,0,3399,0,0,0,0,0,0
208,8681,209.3191752555708,99990,175,104,4,4,2512,1258,0.037703770377037704,104,54,47869,48896,1847,941,0,0,0,0,0,0,96532,0,0,23,1,0,0,0,0,0,0,3434,0,0,0,0,0,0
209,8681,210.0243531823791,99990,171,112,4,4,2529,1270,0.03799379937993799,119,54,47842,48889,1863,940,0,0,0,0,0,0,96507,0,0,23,1,0,0,0,0,0,0,3459,0,0,0,0,0,0
210,8681,211.08260002600704,99990,175,109,4,4,2560,1286,0.03846384638463846,130,50,47808,48882,1882,954,0,0,0,0,0,0,96461,0,0,23,1,0,0,0,0,0,0,3505,0,0,0,0,0,0
211,8681,212.1414222773279,99990,182,108,4,4,2590,1296,0.038863886388638864,126,58,47790,48868,1897,961,0,0,0,0,0,0,96429,0,0,25,1,0,0,0,0,0,0,3535,0,0,0,0,0,0
212,8681,213.20062734733162,99990,190,108,4,4,2627,1312,0.03939393939393939,114,55,47770,48860,1921,972,0,0,0,0,0,0,96385,0,0,26,1,0,0,0,0,0,0,3578,0,0,0,0,0,0
213,8681,214.26034078937818,99989,188,115,4,5,2657,1337,0.03994439388332716,112,46,47748,48846,1947,987,0,0,0,0,0,0,96336,0,0,27,1,0,0,0,0,0,0,3625,0,0,0,0,0,0
214,8681,215.32057659096193,99989,188,109,4,5,2686,1346,0.040324435687925674,115,50,47722,48837,1970,998,0,0,0,0,0,0,96293,0,0,28,1,0,0,0,0,0,0,3667,0,0,0,0,0,0
215,8681,216.02770534328235,99989,191,107,4,5,2705,1351,0.04056446209082999,120,63,47706,48823,1978,1001,0,0,0,0,0,0,96270,0,0,28,1,0,0,0,0,0,0,3690,0,0,0,0,0,0
216,8681,217.08869864591557,99989,196,110,4,5,2740,1372,0.04112452369760674,111,60,47688,48808,2000,1016,0,0,0,0,0,0,96222,0,0,28,1,0,0,0,0,0,0,3738,0,0,0,0,0,0
217,8681,218.15013183440354,99989,205,116,4,5,2777,1390,0.04167458420426247,101,59,47666,48794,2023,1025,0,0,0,0,0,0,96182,0,0,28,1,0,0,0,0,0,0,3778,0,0,0,0,0,0
218,8681,219.21204184962656,99989,203,113,4,5,2807,1403,0.04210463150946604,109,59,47639,48786,2044,1036,0,0,0,0,0,0,96135,0,0,29,1,0,0,0,0,0,0,3824,0,0,0,0,0,0
219,8681,220.27449065480585,99989,203,117,4,5,2840,1422,0.04262468871575873,110,58,47616,48769,2066,1050,0,0,0,0,0,0,96088,0,0,30,1,0,0,0,0,0,0,3870,0,0,0,0,0,0
220,8681,221.33738585003954,99989,199,113,4,5,2860,1440,0.04300473052035724,126,64,47584,48747,2086,1070,0,0,0,0,0,0,96042,0,0,30,1,0,0,0,0,0,0,3916,0,0,0,0,0,0
221,8681,222.04632837726444,99989,203,113,4,5,2886,1450,0.043364770124713715,126,66,47561,48737,2105,1078,0,0,0,0,0,0,96011,0,0,31,1,0,0,0,0,0,0,3946,0,0,0,0,0,0
222,8681,223.11026404587435,99989,205,111,4,5,2915,1464,0.04379481742991729,127,73,47539,48720,2124,1090,0,0,0,0,0,0,95969,0,0,32,1,0,0,0,0,0,0,3987,0,0,0,0,0,0
223,8681,224.17466486236788,99989,214,119,4,5,2948,1487,0.04435487903669404,127,71,47519,48705,2135,1099,0,0,0,0,0,0,95930,0,0,32,1,0,0,0,0,0,0,4026,0,0,0,0,0,0
224,8681,225.23945344714093,99989,215,118,4,5,2976,1504,0.04480492854213963,131,74,47498,48691,2151,1111,0,0,0,0,0,0,95886,0,0,33,1,0,0,0,0,0,0,4069,0,0,0,0,0,0
225,8681,226.3046403451359,99989,190,121,4,5,2998,1523,0.045214973647101184,142,73,47475,48678,2188,1122,0,0,0,0,0,0,95825,0,0,35,1,0,0,0,0,0,0,4128,0,0,0,0,0,0
226,8681,227.0151132757256,99989,197,117,4,5,3019,1535,0.04554500995109462,145,74,47459,48667,2194,1136,0,0,0,0,0,0,95796,0,0,36,1,0,0,0,0,0,0,4156,0,0,0,0,0,0
227,8681,228.08125470268587,99989,203,117,4,5,3055,1553,0.04608506935762934,148,81,47430,48647,2214,1149,0,0,0,0,0,0,95749,0,0,37,1,0,0,0,0,0,0,4202,0,0,0,0,0,0
228,8681,229.1478698434528,99989,209,119,4,5,3087,1572,0.04659512546380102,143,78,47414,48636,2229,1161,0,0,0,0,0,0,95707,0,0,38,1,0,0,0,0,0,0,4243,0,0,0,0,0,0
229,8681,230.21489102067244,99989,221,117,4,5,3126,1588,0.04714518597045675,140,82,47382,48623,2252,1172,0,0,0,0,0,0,95663,0,0,39,1,0,0,0,0,0,0,4286,0,0,0,0,0,0
230,8681,231.2824239593657,99988,221,129,5,5,3162,1613,0.047755730687682525,138,78,47357,48608,2278,1179,0,0,0,0,0,0,95616,0,0,41,1,0,0,0,0,0,0,4330,0,0,0,0,0,0
231,8681,232.35049637677798,99988,234,133,5,5,3208,1632,0.04840580869704365,127,83,47337,48589,2296,1189,0,0,0,0,0,0,95570,0,0,43,1,0,0,0,0,0,0,4374,0,0,0,0,0,0
232,8681,233.06277901779407,99988,239,138,5,5,3231,1650,0.04881585790294835,125,81,47320,48577,2310,1198,0,0,0,0,0,0,95539,0,0,43,1,0,0,0,0,0,0,4405,0,0,0,0,0,0
233,8681,234.13158034869167,99988,242,135,5,5,3267,1675,0.04942593111173341,134,75,47286,48562,2332,1222,0,0,0,0,0,0,95478,0,0,43,1,0,0,0,0,0,0,4466,0,0,0,0,0,0
234,8681,235.20104881118795,99988,254,132,5,5,3305,1700,0.0500560067208065,136,82,47254,48537,2350,1243,0,0,0,0,0,0,95427,0,0,46,1,0,0,0,0,0,0,4514,0,0,0,0,0,0
235,8681,236.27109770986144,99988,249,137,5,5,3343,1717,0.05060607272872745,136,91,47228,48521,2381,1245,0,0,0,0,0,0,95373,0,0,47,1,0,0,0,0,0,0,4567,0,0,0,0,0,0
236,8681,237.34168926174053,99988,256,138,5,5,3387,1738,0.05125615073808857,132,84,47201,48513,2405,1259,0,0,0,0,0,0,95318,0,0,49,1,0,0,0,0,0,0,4620,0,0,0,0,0,0
237,8681,238.05572929268445,99988,254,144,5,5,3410,1754,0.051646197543705245,129,83,47182,48500,2429,1267,0,0,0,0,0,0,95283,0,0,49,1,0,0,0,0,0,0,4655,0,0,0,0,0,0
238,8681,239.12741003762974,99988,238,133,5,5,3443,1773,0.052166259951194144,134,82,47154,48490,2468,1289,0,0,0,0,0,0,95206,0,0,51,1,0,0,0,0,0,0,4730,0,0,0,0,0,0
239,8681,240.1999268796871,99988,231,127,5,5,3472,1789,0.05261631395767492,140,85,47130,48477,2493,1305,0,0,0,0,0,0,95148,0,0,51,1,0,0,0,0,0,0,4788,0,0,0,0,0,0
240,8681,241.27307672205274,99988,248,130,5,5,3517,1814,0.053316397967756134,140,81,47095,48461,2511,1322,0,0,0,0,0,0,95098,0,0,51,1,0,0,0,0,0,0,4838,0,0,0,0,0,0
241,8681,242.34681971167296,99987,249,131,6,5,3554,1835,0.05389700661085941,136,78,47076,48449,2532,1336,0,0,0,0,0,0,95045,0,0,54,1,0,0,0,0,0,0,4887,0,0,0,0,0,0
242,8681,243.06287314922915,99986,243,125,7,5,3578,1845,0.05423759326305683,136,78,47056,48443,2557,1348,0,0,0,0,0,0,95001,0,0,56,1,0,0,0,0,0,0,4928,0,0,0,0,0,0
243,8681,244.1375472705405,99986,239,123,7,5,3613,1865,0.05478767027383834,135,79,47032,48425,2586,1367,0,0,0,0,0,0,94941,0,0,57,1,0,0,0,0,0,0,4987,0,0,0,0,0,0
244,8681,245.2128817120409,99986,231,125,7,5,3645,1882,0.05527773888344368,134,83,47005,48408,2622,1378,0,0,0,0,0,0,94889,0,0,60,1,0,0,0,0,0,0,5036,0,0,0,0,0,0
245,8681,246.2888468286064,99986,229,122,7,5,3680,1897,0.05577780889324505,129,88,46979,48394,2655,1390,0,0,0,0,0,0,94837,0,0,63,1,0,0,0,0,0,0,5085,0,0,0,0,0,0
246,8681,247.00654976259617,99986,232,128,7,5,3704,1915,0.05619786770147821,127,78,46968,48388,2665,1400,0,0,0,0,0,0,94804,0,0,63,1,0,0,0,0,0,0,5118,0,0,0,0,0,0
247,8681,248.08349812719226,99986,230,136,7,5,3735,1939,0.05674794471225972,126,70,46948,48375,2688,1413,0,0,0,0,0,0,94756,0,0,64,1,0,0,0,0,0,0,5165,0,0,0,0,0,0
248,8681,249.16094059779184,99985,226,131,8,5,3768,1955,0.05723858578786818,132,75,46919,48356,2714,1432,0,0,0,0,0,0,94700,0,0,66,1,0,0,0,0,0,0,5218,0,0,0,0,0,0
249,8681,250.23901840637433,99985,216,126,8,5,3797,1973,0.057708656298444766,138,80,46893,48339,2744,1449,0,0,0,0,0,0,94641,0,0,69,1,0,0,0,0,0,0,5274,0,0,0,0,0,0
250,8681,251.31781048483444,99984,210,117,9,5,3833,1994,0.05827932469195071,148,78,46858,48323,2774,1476,0,0,0,0,0,0,94573,0,0,73,1,0,0,0,0,0,0,5337,0,0,0,0,0,0
251,8681,252.03742537918563,99984,214,127,9,5,3862,2013,0.05875940150424068,144,78,46841,48307,2791,1482,0,0,0,0,0,0,94539,0,0,73,1,0,0,0,0,0,0,5371,0,0,0,0,0,0
252,8681,253.11731904508267,99984,213,135,9,5,3903,2039,0.05942950872139542,140,71,46814,48296,2823,1492,0,0,0,0,0,0,94480,0,0,74,1,0,0,0,0,0,0,5429,0,0,0,0,0,0
253,8681,254.19784398381944,99984,218,133,9,5,3941,2060,0.06001960313650184,135,69,46794,48282,2843,1510,0,0,0,0,0,0,94425,0,0,75,1,0,0,0,0,0,0,5483,0,0,0,0,0,0
254,8681,255.2788724186508,99984,223,130,9,5,3979,2077,0.060569691150584096,140,74,46764,48268,2863,1522,0,0,0,0,0,0,94373,0,0,76,1,0,0,0,0,0,0,5534,0,0,0,0,0,0
255,8681,256.36046535408184,99984,224,139,9,5,4016,2102,0.061189790366458635,138,68,46745,48258,2883,1529,0,0,0,0,0,0,94322,0,0,77,1,0,0,0,0,0,0,5584,0,0,0,0,0,0
256,8681,257.08175530223326,99984,233,136,9,5,4040,2112,0.06152984477516402,143,72,46719,48250,2895,1536,0,0,0,0,0,0,94294,0,0,77,1,0,0,0,0,0,0,5612,0,0,0,0,0,0
257,8681,258.1641931548537,99984,233,141,9,5,4080,2133,0.06213994239078253,143,68,46691,48243,2923,1542,0,0,0,0,0,0,94240,0,0,79,1,0,0,0,0,0,0,5664,0,0,0,0,0,0
258,8681,259.24727015069413,99984,235,138,9,5,4119,2156,0.06276004160665706,147,64,46663,48228,2945,1564,0,0,0,0,0,0,94180,0,0,82,1,0,0,0,0,0,0,5721,0,0,0,0,0,0
259,8681,260.3309845484488,99983,235,131,10,5,4160,2174,0.06335076963083724,145,70,46636,48208,2973,1585,0,0,0,0,0,0,94116,0,0,84,1,0,0,0,0,0,0,5782,0,0,0,0,0,0
260,8681,261.05385274638064,99983,238,133,10,5,4188,2188,0.06377084104297731,153,65,46607,48207,2991,1589,0,0,0,0,0,0,94080,0,0,85,1,0,0,0,0,0,0,5817,0,0,0,0,0,0
261,8681,262.1387153496613,99983,259,129,10,5,4240,2202,0.06443095326205454,134,74,46586,48192,3010,1599,0,0,0,0,0,0,94031,0,0,85,1,0,0,0,0,0,0,5866,0,0,0,0,0,0
262,8681,263.22407815623956,99983,250,136,10,5,4282,2226,0.06509106548113179,124,68,46562,48178,3053,1612,0,0,0,0,0,0,93966,0,0,88,1,0,0,0,0,0,0,5928,0,0,0,0,0,0
263,8681,264.31017209525845,99983,243,140,10,5,4308,2255,0.06564115899702949,145,65,46532,48155,3069,1634,0,0,0,0,0,0,93910,0,0,90,1,0,0,0,0,0,0,5982,0,0,0,0,0,0
264,8681,265.03455007132095,99983,251,139,10,5,4338,2265,0.06604122700859145,147,76,46504,48136,3087,1643,0,0,0,0,0,0,93879,0,0,92,1,0,0,0,0,0,0,6011,0,0,0,0,0,0
265,8681,266.12176444732165,99983,248,132,10,5,4376,2284,0.06661132392506726,150,85,46466,48112,3125,1665,0,0,0,0,0,0,93818,0,0,96,2,0,0,0,0,0,0,6067,0,0,0,0,0,0
266,8681,267.20987203559383,99983,244,140,10,5,4414,2310,0.0672514327435664,160,77,46427,48101,3158,1676,0,0,0,0,0,0,93759,0,0,97,2,0,0,0,0,0,0,6125,0,0,0,0,0,0
267,8681,268.2988265555183,99983,268,131,10,5,4475,2329,0.06805156876669034,149,81,46388,48084,3184,1698,0,0,0,0,0,0,93697,0,0,100,2,0,0,0,0,0,0,6184,0,0,0,0,0,0
268,8681,269.0252198018266,99983,270,132,10,5,4510,2345,0.06856165548143184,145,79,46369,48074,3205,1709,0,0,0,0,0,0,93649,0,0,100,2,0,0,0,0,0,0,6232,0,0,0,0,0,0
269,8681,270.11542004842846,99983,253,123,10,5,4548,2364,0.06913175239790764,148,88,46339,48055,3249,1728,0,0,0,0,0,0,93566,0,0,100,2,0,0,0,0,0,0,6315,0,0,0,0,0,0
270,8681,271.2064449474932,99983,254,125,10,5,4588,2387,0.06976185951611774,155,82,46303,48051,3277,1736,0,0,0,0,0,0,93508,0,0,102,2,0,0,0,0,0,0,6371,0,0,0,0,0,0
271,8681,272.2982566541654,99982,263,122,11,5,4641,2408,0.07050269048428717,138,85,46276,48033,3311,1754,0,0,0,0,0,0,93442,0,0,104,2,0,0,0,0,0,0,6434,0,0,0,0,0,0
272,8681,273.026554419398,99982,259,122,11,5,4668,2424,0.07093276789822169,137,86,46255,48020,3337,1766,0,0,0,0,0,0,93399,0,0,108,2,0,0,0,0,0,0,6473,0,0,0,0,0,0
273,8681,274.1196601210027,99982,255,131,11,5,4703,2457,0.07161289032025765,141,74,46227,48004,3365,1785,0,0,0,0,0,0,93341,0,0,113,2,0,0,0,0,0,0,6526,0,0,0,0,0,0
274,8681,275.21341350334126,99982,260,139,11,5,4746,2479,0.07226300734132143,139,72,46201,47991,3388,1792,0,0,0,0,0,0,93289,0,0,113,2,0,0,0,0,0,0,6578,0,0,0,0,0,0
275,8681,276.3076888615681,99981,255,138,12,5,4777,2505,0.07283383842930156,147,70,46179,47975,3406,1811,0,0,0,0,0,0,93227,0,0,114,2,0,0,0,0,0,0,6638,0,0,0,0,0,0
276,8681,277.0374690190234,99981,248,135,12,5,4797,2517,0.07315389924085576,159,72,46157,47972,3423,1815,0,0,0,0,0,0,93186,0,0,115,2,0,0,0,0,0,0,6678,0,0,0,0,0,0
277,8681,278.13274068025646,99981,250,127,12,5,4832,2531,0.07364399235854813,159,78,46134,47955,3444,1834,0,0,0,0,0,0,93131,0,0,115,2,0,0,0,0,0,0,6733,0,0,0,0,0,0
278,8681,279.2285891841527,99981,255,131,12,5,4876,2548,0.07425410828057331,151,85,46111,47935,3470,1843,0,0,0,0,0,0,93085,0,0,121,2,0,0,0,0,0,0,6773,0,0,0,0,0,0
279,8681,280.32495881598675,99981,264,127,12,5,4921,2568,0.07490423180404276,156,91,46070,47912,3497,1864,0,0,0,0,0,0,93028,0,0,124,2,0,0,0,0,0,0,6827,0,0,0,0,0,0
280,8681,281.05627461881926,99981,270,133,12,5,4945,2587,0.07533431351956872,162,86,46046,47899,3509,1876,0,0,0,0,0,0,92997,0,0,124,2,0,0,0,0,0,0,6858,0,0,0,0,0,0
281,8681,282.15387217000637,99981,268,144,12,5,4982,2616,0.07599443894339925,182,83,46006,47877,3531,1890,0,0,0,0,0,0,92943,0,0,127,2,0,0,0,0,0,0,6909,0,0,0,0,0,0
282,8681,283.2521510562286,99981,273,151,12,5,5034,2645,0.07680459287264581,170,78,45979,47862,3565,1903,0,0,0,0,0,0,92875,0,0,128,2,0,0,0,0,0,0,6976,0,0,0,0,0,0
283,8681,284.3511150422151,99981,263,150,12,5,5073,2667,0.077414708794671,171,81,45952,47844,3601,1919,0,0,0,0,0,0,92803,0,0,128,2,0,0,0,0,0,0,7048,0,0,0,0,0,0
284,8681,285.0842040786801,99980,256,150,13,5,5101,2685,0.07787557511502301,174,81,45929,47831,3627,1932,0,0,0,0,0,0,92752,0,0,130,2,0,0,0,0,0,0,7096,0,0,0,0,0,0
285,8681,286.1845587822082,99980,277,151,13,5,5153,2709,0.07863572714542909,166,73,45900,47821,3643,1949,0,0,0,0,0,0,92701,0,0,133,2,0,0,0,0,0,0,7144,0,0,0,0,0,0
286,8681,287.2854602029985,99980,288,157,13,5,5202,2732,0.07935587117423484,159,78,45877,47799,3662,1960,0,0,0,0,0,0,92649,0,0,136,2,0,0,0,0,0,0,7193,0,0,0,0,0,0
287,8681,288.0196027152953,99980,292,145,13,5,5225,2743,0.07969593918783757,156,79,45864,47790,3674,1980,0,0,0,0,0,0,92609,0,0,138,2,0,0,0,0,0,0,7231,0,0,0,0,0,0
288,8681,289.12134700583636,99980,293,142,13,5,5270,2760,0.08031606321264252,163,86,45832,47779,3698,1987,0,0,0,0,0,0,92548,0,0,141,2,0,0,0,0,0,0,7289,0,0,0,0,0,0
289,8681,290.2237512614537,99980,283,139,13,5,5305,2781,0.080876175235047,175,87,45799,47768,3729,2000,0,0,0,0,0,0,92481,0,0,143,2,0,0,0,0,0,0,7354,0,0,0,0,0,0
290,8681,291.3268591916769,99980,280,151,13,5,5356,2807,0.08164632926585318,158,88,45778,47748,3770,2007,0,0,0,0,0,0,92415,0,0,143,3,0,0,0,0,0,0,7419,0,0,0,0,0,0
291,8681,292.06261114785883,99980,282,144,13,5,5390,2823,0.08214642928585718,154,80,45762,47748,3788,2022,0,0,0,0,0,0,92360,0,0,143,3,0,0,0,0,0,0,7474,0,0,0,0,0,0
292,8681,293.16690861349065,99980,294,146,13,5,5440,2849,0.08290658131626326,144,82,45736,47733,3812,2033,0,0,0,0,0,0,92301,0,0,146,3,0,0,0,0,0,0,7530,0,0,0,0,0,0
293,8681,294.27182734015605,99980,293,154,13,5,5488,2874,0.08363672734546909,137,95,45711,47704,3845,2041,0,0,0,0,0,0,92235,0,0,146,3,0,0,0,0,0,0,7596,0,0,0,0,0,0
294,8681,295.00875732785363,99980,291,152,13,5,5518,2893,0.08412682536507302,149,93,45675,47698,3871,2051,0,0,0,0,0,0,92184,0,0,148,3,0,0,0,0,0,0,7645,0,0,0,0,0,0
295,8681,296.11495191976655,99980,288,154,13,5,5555,2920,0.08476695339067813,151,89,45656,47683,3891,2068,0,0,0,0,0,0,92121,0,0,150,3,0,0,0,0,0,0,7706,0,0,0,0,0,0
296,8681,297.2217332547806,99980,283,163,13,5,5593,2949,0.0854370874174835,164,87,45619,47660,3920,2084,0,0,0,0,0,0,92058,0,0,150,3,0,0,0,0,0,0,7769,0,0,0,0,0,0
297,8681,298.3292405511391,99980,292,167,13,5,5643,2979,0.08623724744948989,161,84,45587,47643,3946,2100,0,0,0,0,0,0,91994,0,0,153,3,0,0,0,0,0,0,7830,0,0,0,0,0,0
298,8681,299.0679422083569,99980,291,167,13,5,5669,2997,0.08667733546709341,166,79,45563,47633,3966,2115,0,0,0,0,0,0,91951,0,0,155,3,0,0,0,0,0,0,7871,0,0,0,0,0,0
299,8681,300.17664717807435,99980,285,160,13,5,5714,3015,0.08730746149229845,179,94,45517,47607,4005,2133,0,0,0,0,0,0,91880,0,0,160,3,0,0,0,0,0,0,7937,0,0,0,0,0,0
300,8681,301.2864136059607,99980,289,161,13,5,5755,3042,0.0879875975195039,175,91,45495,47589,4027,2153,0,0,0,0,0,0,91821,0,0,164,3,0,0,0,0,0,0,7992,0,0,0,0,0,0
301,8681,302.02654147368816,99980,289,167,13,5,5788,3061,0.08850770154030806,178,94,45472,47573,4047,2160,0,0,0,0,0,0,91779,0,0,168,3,0,0,0,0,0,0,8030,0,0,0,0,0,0
302,8681,303.1373324155574,99979,288,166,13,6,5839,3087,0.08927874853719281,168,91,45450,47564,4080,2172,0,0,0,0,0,0,91705,0,0,173,3,0,0,0,0,0,0,8098,0,0,0,0,0,0
303,8681,304.2488195674318,99979,302,167,13,6,5892,3110,0.09003890817071585,165,92,45419,47551,4100,2183,0,0,0,0,0,0,91648,0,0,177,3,0,0,0,0,0,0,8151,0,0,0,0,0,0
304,8681,305.3609332349395,99979,303,157,13,6,5941,3131,0.09073905520159234,164,90,45391,47534,4128,2212,0,0,0,0,0,0,91572,0,0,180,3,0,0,0,0,0,0,8224,0,0,0,0,0,0
305,8681,306.10276855865067,99979,296,154,13,6,5972,3149,0.09122915812320587,179,84,45353,47534,4158,2221,0,0,0,0,0,0,91522,0,0,189,3,0,0,0,0,0,0,8265,0,0,0,0,0,0
306,8681,307.21638431973855,99979,309,161,13,6,6029,3178,0.09208933876113984,168,84,45323,47514,4186,2234,0,0,0,0,0,0,91459,0,0,192,3,0,0,0,0,0,0,8325,0,0,0,0,0,0
307,8681,308.33080185245245,99979,314,162,13,6,6068,3204,0.09273947528981086,179,90,45296,47490,4197,2251,0,0,0,0,0,0,91401,0,0,193,3,0,0,0,0,0,0,8382,0,0,0,0,0,0
308,8681,309.074020980835,99979,317,162,13,6,6100,3222,0.0932395803118655,174,82,45286,47486,4209,2263,0,0,0,0,0,0,91355,0,0,194,3,0,0,0,0,0,0,8427,0,0,0,0,0,0
309,8681,310.1892613540773,99979,307,148,13,6,6142,3241,0.09384970843877215,176,81,45257,47480,4246,2284,0,0,0,0,0,0,91276,0,0,200,3,0,0,0,0,0,0,8500,0,0,0,0,0,0
310,8681,311.30530232085937,99979,323,145,13,6,6195,3265,0.09461987017273628,169,82,45228,47473,4266,2293,0,0,0,0,0,0,91214,0,0,202,3,0,0,0,0,0,0,8560,0,0,0,0,0,0
311,8681,312.0496468676362,99979,314,152,13,6,6233,3286,0.09520999409876074,156,80,45211,47457,4305,2304,0,0,0,0,0,0,91159,0,0,208,3,0,0,0,0,0,0,8609,0,0,0,0,0,0
312,8681,313.166962527544,99979,313,142,13,6,6275,3304,0.0958101201252263,155,81,45181,47454,4337,2316,0,0,0,0,0,0,91095,0,0,215,3,0,0,0,0,0,0,8666,0,0,0,0,0,0
313,8681,314.28513820215204,99979,298,147,13,6,6322,3332,0.09656027765830824,153,78,45156,47435,4379,2333,0,0,0,0,0,0,91014,0,0,219,3,0,0,0,0,0,0,8743,0,0,0,0,0,0
314,8681,315.03099611947295,99979,294,144,13,6,6350,3343,0.09695035957551086,156,82,45142,47423,4394,2344,0,0,0,0,0,0,90972,0,0,223,3,0,0,0,0,0,0,8781,0,0,0,0,0,0
315,8681,316.1503112381439,99979,300,148,13,6,6393,3366,0.09761049820462298,157,72,45115,47418,4414,2355,0,0,0,0,0,0,90919,0,0,226,3,0,0,0,0,0,0,8831,0,0,0,0,0,0
316,8681,317.27024843701827,99979,303,143,13,6,6441,3385,0.09828063893417617,149,78,45092,47404,4442,2368,0,0,0,0,0,0,90853,0,0,229,3,0,0,0,0,0,0,8894,0,0,0,0,0,0
317,8681,318.017245163937,99979,303,138,13,6,6469,3399,0.09870072715270206,147,83,45081,47391,4455,2381,0,0,0,0,0,0,90809,0,0,232,3,0,0,0,0,0,0,8935,0,0,0,0,0,0
318,8681,319.13817419642527,99978,285,143,14,6,6504,3431,0.09937186180959812,161,78,45052,47374,4487,2398,0,0,0,0,0,0,90734,0,0,235,4,0,0,0,0,0,0,9005,0,0,0,0,0,0
319,8681,320.2597447658709,99978,283,141,14,6,6546,3447,0.09995198943767629,167,86,45017,47358,4517,2407,1,1,1,1,0,0,90675,0,0,239,4,0,0,0,0,0,1,9058,1,0,0,0,0,0
320,8681,321.23224332783826,99978,282,143,14,6,6583,3462,0.10047210386284983,157,83,45004,47351,4540,2414,2,2,2,2,0,0,90626,0,0,242,4,0,0,0,0,0,2,9102,2,0,0,0,0,0
321,8681,322.09221504017677,99978,291,149,14,6,6625,3480,0.10107223589189622,143,83,44986,47340,4562,2418,3,3,3,3,0,0,90579,0,0,242,4,0,0,0,0,0,4,9147,2,0,0,0,0,0
322,8681,323.35248624144054,99978,281,149,14,6,6670,3507,0.10179239432675188,153,93,44953,47312,4594,2435,4,4,4,4,0,0,90499,0,0,246,4,0,0,0,0,0,6,9221,2,0,0,0,0,0
323,8681,324.26261418080907,99978,285,138,14,6,6705,3519,0.1022624977495049,139,94,44942,47303,4614,2453,5,5,5,5,0,0,90449,0,0,250,5,0,0,0,0,0,8,9264,2,0,0,0,0,0
324,8681,325.00327849319046,99978,276,134,14,6,6730,3535,0.10267258796935326,146,94,44923,47290,4634,2469,6,6,6,6,0,0,90397,0,0,254,5,0,0,0,0,0,10,9310,2,0,0,0,0,0
325,8681,326.0413979513017,99978,270,139,14,6,6762,3554,0.10318270019404269,157,89,44893,47281,4658,2476,7,8,8,7,0,0,90344,0,0,256,5,0,0,0,0,0,13,9358,2,0,0,0,0,0
326,8681,327.0270204807428,99978,280,138,14,6,6803,3572,0.10377283002260497,156,93,44870,47270,4671,2482,8,10,10,8,0,0,90292,0,0,257,5,0,0,0,0,0,16,9406,2,0,0,0,0,0
327,8681,328.06183423637054,99978,270,144,14,6,6834,3595,0.10431294884874673,169,92,44839,47253,4698,2492,9,12,12,9,0,0,90232,0,0,258,5,0,0,0,0,0,19,9462,2,0,0,0,0,0
328,8681,329.14445018173234,99978,281,155,14,6,6880,3617,0.10499309848166596,178,95,44796,47231,4720,2497,10,15,15,10,0,0,90185,0,0,261,5,0,0,0,0,0,23,9502,2,0,0,0,0,0
329,8681,330.12035633916355,99978,276,156,14,6,6916,3636,0.10554321950829182,187,106,44772,47206,4739,2507,11,18,18,11,0,0,90125,0,0,264,5,0,0,0,0,0,27,9555,2,0,0,0,0,0
330,8681,331.10018455561936,99978,292,150,14,6,6963,3649,0.10614335153733821,183,113,44745,47186,4753,2522,12,22,22,12,0,0,90076,0,0,269,5,0,0,0,0,0,31,9594,3,0,0,0,0,0
331,8681,332.0914622142158,99978,302,155,14,6,7005,3676,0.10683350337074156,189,105,44721,47167,4760,2539,13,27,27,13,0,0,90020,0,0,273,5,0,0,0,0,0,37,9640,3,0,0,0,0,0
332,8681,333.02505198867715,99978,305,164,14,6,7050,3699,0.10751365300366081,187,106,44702,47149,4777,2543,14,31,32,14,0,0,89965,0,0,279,5,0,0,0,0,0,42,9683,4,0,0,0,0,0
333,8681,334.0791541324807,99978,308,180,14,6,7087,3737,0.10826381803996879,198,89,44670,47136,4795,2551,14,37,38,15,0,0,89907,0,0,283,5,0,0,0,0,0,48,9730,5,0,0,0,0,0
334,8681,335.02667892161884,99977,308,175,15,6,7130,3764,0.10896506196425178,209,88,44635,47113,4817,2573,15,44,45,16,0,0,89831,0,0,289,5,0,0,0,0,0,56,9791,5,0,0,0,0,0
335,8681,336.00620126725653,99977,324,170,15,6,7188,3786,0.10976524600658151,201,102,44600,47085,4843,2585,16,51,53,17,0,0,89756,0,0,292,5,0,0,0,0,0,65,9854,5,0,0,0,0,0
336,8681,337.03623531957027,99977,325,169,15,6,7237,3807,0.11046540704362003,196,103,44583,47061,4863,2602,17,58,62,18,0,0,89682,0,0,297,5,0,0,0,0,0,74,9913,6,0,0,0,0,0
337,8681,338.00542091251793,99976,332,161,16,6,7280,3827,0.1110966631991678,194,106,44562,47033,4877,2625,18,68,72,19,0,0,89611,0,0,300,5,0,0,0,0,0,84,9969,7,0,0,0,0,0
338,8681,339.0254737932587,99976,320,160,16,6,7319,3850,0.11171681203488837,198,104,44531,47009,4915,2642,19,78,83,20,0,0,89530,0,0,306,5,0,0,0,0,0,96,10032,7,0,0,0,0,0
339,8681,340.03661478640396,99976,333,168,16,6,7383,3876,0.11261702808674082,179,102,44513,46982,4938,2652,20,89,95,21,0,0,89458,0,0,315,5,0,0,0,0,0,108,10082,8,0,0,0,0,0
340,8681,341.0431215707817,99976,308,164,16,6,7413,3892,0.11307713851324318,176,110,44501,46950,4977,2667,21,102,108,22,0,0,89379,0,0,322,5,0,0,0,0,0,119,10140,11,0,0,0,0,0
341,8681,342.187886184157,99976,312,172,16,6,7481,3936,0.11419740737777066,200,104,44439,46911,5009,2690,23,116,122,24,0,0,89269,0,0,327,5,0,0,0,0,0,134,10229,12,0,0,0,0,0
342,8681,343.3239360313334,99974,299,173,18,6,7531,3969,0.11502990777602176,196,105,44408,46878,5053,2706,25,131,137,26,0,0,89171,0,0,339,5,0,0,0,0,0,149,10296,14,0,0,0,0,0
343,8681,344.08182591194435,99974,309,175,18,6,7563,3997,0.11563006381659231,204,94,44379,46852,5062,2724,27,148,154,28,0,0,89105,0,0,339,5,0,0,0,0,0,167,10343,15,0,0,0,0,0
344,8681,345.2193774596234,99974,331,174,18,6,7623,4025,0.11651029267609578,196,88,44356,46828,5069,2737,29,166,172,30,0,0,89021,0,0,341,5,0,0,0,0,0,186,10405,16,0,0,0,0,0
345,8681,346.3574665370401,99974,320,177,18,6,7674,4054,0.11731050073018985,193,89,44332,46790,5105,2753,31,184,192,32,0,0,88919,0,0,348,5,0,0,0,0,0,207,10478,17,0,0,0,0,0
346,8681,347.11657727252054,99973,321,173,18,7,7715,4073,0.11791183619577286,189,92,44305,46757,5133,2765,33,205,213,34,0,0,88841,0,0,352,5,0,0,0,0,0,226,10528,21,0,0,0,0,0
347,8681,348.2560164734972,99972,331,179,19,7,7774,4103,0.11880326491417596,170,92,44275,46712,5169,2781,35,228,236,37,0,0,88750,0,0,357,6,0,0,0,0,0,250,10587,22,0,0,0,0,0
348,8681,349.01615554862207,99972,327,179,19,7,7808,4121,0.11932341055495539,165,89,44258,46679,5192,2793,38,252,260,40,0,0,88674,0,0,363,6,0,0,0,0,0,276,10630,23,0,0,0,0,0
349,8681,350.1570472021396,99971,319,175,19,8,7853,4137,0.11993478108651509,161,102,44236,46637,5223,2799,41,278,286,43,0,0,88585,0,0,372,7,0,0,0,0,0,302,10680,25,0,0,0,0,0
350,8681,351.2986364621164,99971,303,176,19,8,7895,4162,0.12060497544287843,161,98,44205,46604,5267,2809,44,304,314,46,0,0,88482,0,0,376,7,0,0,0,0,0,327,10748,31,0,0,0,0,0
351,8681,352.0602576567516,99971,314,178,19,8,7931,4180,0.12114513208830562,163,96,44183,46567,5272,2819,48,331,343,50,0,0,88417,0,0,383,7,0,0,0,0,0,358,10773,33,0,0,0,0,0
352,8681,353.2032505623447,99971,300,177,19,8,7981,4208,0.12192535835392264,173,89,44142,46532,5313,2832,52,361,374,54,0,0,88296,0,0,388,7,0,0,0,0,0,391,10854,35,0,0,0,0,0
353,8681,354.34730096747893,99971,301,175,19,8,8029,4235,0.12267557591701593,172,83,44113,46490,5338,2850,56,393,407,58,0,0,88196,0,0,395,8,0,0,0,0,0,424,10909,39,0,0,0,0,0
354,8681,355.11049724669647,99971,303,176,19,8,8061,4253,0.12317572095907814,169,80,44090,46452,5357,2856,61,427,442,63,0,0,88115,0,0,398,8,0,0,0,0,0,461,10947,42,0,0,0,0,0
355,8681,356.25600509787876,99971,307,178,19,8,8109,4278,0.12390593272048894,175,80,44053,46403,5379,2866,66,464,479,68,0,0,88011,0,0,401,8,0,0,0,0,0,501,11006,44,0,0,0,0,0
356,8681,357.02015799353586,99971,315,180,19,8,8138,4297,0.12438607196086865,174,72,44031,46362,5389,2876,71,501,518,73,0,0,87936,0,0,405,8,0,0,0,0,0,542,11033,47,0,0,0,0,0
357,8681,358.1670266894876,99970,302,176,20,8,8191,4319,0.12513754126237872,176,80,43995,46310,5429,2885,77,540,559,79,0,0,87805,0,0,409,9,0,0,0,0,0,586,11112,49,0,0,0,0,0
358,8681,359.3148540596076,99970,324,168,20,8,8247,4341,0.1259177753325998,170,79,43969,46262,5433,2900,83,582,602,85,0,0,87699,0,0,413,9,0,0,0,0,0,632,11165,52,0,0,0,0,0
359,8681,360.08039715149107,99969,330,159,21,8,8278,4357,0.12638918064600027,174,87,43943,46201,5443,2918,88,626,647,91,0,0,87604,0,0,414,9,0,0,0,0,0,678,11207,57,0,0,0,0,0
360,8681,361.22940599298505,99967,321,151,22,9,8328,4376,0.12708193703922294,169,96,43918,46147,5474,2925,95,671,695,98,0,0,87480,0,0,423,10,0,0,0,0,0,726,11265,63,0,0,0,0,0
361,8681,362.3792563361859,99967,321,153,22,9,8376,4403,0.1278321846209249,173,97,43882,46086,5499,2937,102,717,745,105,0,0,87362,0,0,431,10,0,0,0,0,0,779,11318,67,0,0,0,0,0
362,8681,363.14629997315126,99967,326,156,22,9,8409,4423,0.12836235957866096,177,86,43857,46039,5508,2941,109,768,797,113,0,0,87263,0,0,431,10,0,0,0,0,0,833,11357,73,0,0,0,0,0
363,8681,364.29762444447874,99967,331,154,22,9,8463,4445,0.1291226104614523,180,87,43823,45983,5528,2945,115,821,852,121,0,0,87142,0,0,435,11,0,0,0,0,0,887,11410,82,0,0,0,0,0
364,8681,365.06562070806115,99967,327,148,22,9,8496,4458,0.12958276231156282,178,91,43808,45926,5541,2950,123,875,909,130,0,0,87029,0,0,439,11,0,0,0,0,0,948,11453,87,0,0,0,0,0
365,8681,366.2182824221977,99967,333,150,22,9,8551,4487,0.130423039603069,172,86,43779,45866,5562,2959,131,929,968,139,0,0,86898,0,0,443,12,0,0,0,0,0,1008,11512,94,0,0,0,0,0
366,8681,367.3717154134801,99967,333,152,22,9,8599,4515,0.13118329048586033,175,85,43746,45798,5583,2965,140,990,1030,149,0,0,86766,0,0,449,12,0,0,0,0,0,1072,11566,102,0,0,0,0,0
367,8681,368.1410740278888,99967,336,149,22,9,8637,4528,0.13169345884141767,178,84,43715,45735,5597,2971,151,1051,1094,160,0,0,86647,0,0,455,12,0,0,0,0,0,1146,11604,103,0,0,0,0,0
368,8681,369.29594477814675,99967,328,154,22,9,8684,4552,0.1324036932187622,182,85,43681,45662,5624,2976,162,1113,1161,171,0,0,86507,0,0,460,12,0,0,0,0,0,1217,11661,110,0,0,0,0,0
369,8681,370.06641829595844,99967,305,150,22,9,8715,4572,0.13291386157431953,184,79,43656,45589,5658,2993,174,1179,1231,183,0,0,86360,0,0,464,13,0,0,0,0,0,1292,11721,117,0,0,0,0,0
370,8681,371.22324401244015,99967,321,157,22,9,8778,4599,0.13381415867236188,166,74,43621,45511,5685,3001,184,1247,1303,195,0,0,86223,0,0,472,13,0,0,0,0,0,1370,11766,123,0,0,0,0,0
371,8681,372.38094832845553,99967,309,147,22,9,8830,4616,0.13450438644752769,166,87,43585,45432,5720,3011,197,1313,1378,208,0,0,86067,0,0,481,14,0,0,0,0,0,1446,11824,135,0,0,0,0,0
372,8681,373.1533823956145,99967,308,145,22,9,8863,4630,0.13497454159872757,166,92,43552,45347,5741,3016,210,1390,1456,222,0,0,85938,0,0,481,14,0,0,0,0,0,1525,11861,148,0,0,0,0,0
373,8681,374.31311338808024,99967,292,142,22,9,8903,4652,0.13559474626626786,164,98,43527,45256,5770,3027,224,1467,1536,236,0,0,85774,0,0,484,15,0,0,0,0,0,1612,11928,154,0,0,0,0,0
374,8681,375.0867855479096,99967,289,145,22,9,8930,4667,0.13601488491202096,179,99,43489,45179,5781,3022,239,1545,1619,251,0,0,85652,0,0,487,16,0,0,0,0,0,1696,11949,167,0,0,0,0,0
375,8681,376.2482449118934,99967,293,140,22,9,8980,4685,0.1366951093860974,167,107,43453,45086,5809,3028,255,1629,1705,267,0,0,85497,0,0,494,16,0,0,0,0,0,1789,11995,176,0,0,0,0,0
376,8681,377.0231909731163,99967,290,155,22,9,9007,4712,0.13723528764492282,159,90,43447,45000,5810,3030,271,1715,1794,284,0,0,85363,0,0,497,16,0,0,0,0,0,1884,12020,187,0,0,0,0,0
377,8681,378.18609434341016,99967,288,142,22,9,9048,4727,0.13779547250592697,162,94,43409,44926,5831,3032,287,1796,1885,302,0,0,85205,0,0,504,17,0,0,0,0,0,1979,12062,200,0,0,0,0,0
378,8681,379.3499919647814,99967,275,147,22,9,9083,4753,0.13840567387237787,167,88,43375,44838,5856,3037,304,1880,1979,320,0,0,85034,0,0,508,17,0,0,0,0,0,2085,12117,206,0,0,0,0,0
379,8681,380.1264953140202,99967,278,151,22,9,9104,4771,0.1387958026148629,175,88,43347,44750,5856,3030,321,1971,2076,339,0,0,84900,0,0,513,17,0,0,0,0,0,2192,12130,215,0,0,0,0,0
380,8681,381.29197091629663,99967,290,147,22,9,9159,4792,0.13955605349765424,159,91,43321,44655,5868,3035,339,2062,2176,359,0,0,84739,0,0,517,19,0,0,0,0,0,2291,12167,234,0,0,0,0,0
381,8681,382.06936660458894,99966,291,156,23,9,9193,4810,0.1400776263929736,150,88,43298,44556,5878,3028,359,2162,2279,380,0,0,84591,0,0,520,20,0,0,0,0,0,2401,12187,247,0,0,0,0,0
382,8681,383.23629098997503,99966,282,154,23,9,9235,4838,0.14077786447392113,146,82,43264,44459,5903,3036,381,2259,2385,402,0,0,84409,0,0,532,21,0,0,0,0,0,2515,12229,260,0,0,0,0,0
383,8681,384.01482262729184,99966,295,149,23,9,9269,4848,0.14121801412480242,149,85,43230,44358,5899,3034,403,2364,2494,425,0,0,84252,0,0,533,21,0,0,0,0,0,2637,12253,270,0,0,0,0,0
384,8681,385.1836586679859,99965,299,135,23,10,9317,4871,0.14192967538638523,150,87,43183,44251,5919,3050,425,2466,2606,449,0,0,84060,0,0,539,22,0,0,0,0,0,2755,12302,287,0,0,0,0,0
385,8681,386.35374746360105,99965,294,131,23,10,9363,4896,0.14263992397339068,148,81,43146,44147,5939,3060,449,2570,2721,474,0,0,83865,0,0,545,24,0,0,0,0,0,2879,12350,302,0,0,0,0,0
386,8681,387.1343957456119,99965,291,133,23,10,9390,4911,0.1430600710248587,154,88,43107,44030,5950,3056,474,2682,2839,500,0,0,83697,0,0,546,24,0,0,0,0,0,3005,12373,320,0,0,0,0,0
387,8681,388.3065522576332,99965,292,140,23,10,9436,4938,0.143790326614315,151,90,43061,43907,5972,3061,500,2791,2960,527,0,0,83503,0,0,552,24,0,0,0,0,0,3140,12413,333,0,0,0,0,0
388,8681,389.08865811253946,99965,268,150,23,10,9463,4960,0.14428049817436103,155,88,43030,43785,5996,3061,527,2905,3084,555,0,0,83310,0,0,552,26,0,0,0,0,0,3274,12452,351,0,0,0,0,0
389,8681,390.26301420943213,99965,284,142,23,10,9519,4982,0.1450607712699445,139,106,42997,43640,6001,3077,555,3024,3211,584,0,0,83101,0,0,556,26,0,0,0,0,0,3417,12501,364,0,0,0,0,0
390,8681,391.04640882122817,99965,287,148,23,10,9547,4999,0.1455109288250888,145,101,42957,43522,6003,3072,584,3146,3341,614,0,0,82924,0,0,559,28,0,0,0,0,0,3563,12515,376,0,0,0,0,0
391,8681,392.2226036144333,99965,281,160,23,10,9588,5034,0.14627119491822138,147,87,42921,43407,6013,3071,614,3264,3474,645,0,0,82721,0,0,563,31,0,0,0,0,0,3704,12549,397,0,0,0,0,0
392,8681,393.0073302266915,99965,267,156,23,10,9613,5048,0.1466613314660131,152,82,42880,43293,6030,3066,647,3392,3610,678,0,0,82524,0,0,562,34,0,0,0,0,0,3847,12577,421,0,0,0,0,0
393,8681,394.1859298471431,99965,270,155,23,10,9662,5064,0.14731155904566598,147,82,42841,43181,6041,3059,677,3512,3749,712,0,0,82320,0,0,568,34,0,0,0,0,0,3994,12602,447,0,0,0,0,0
394,8681,395.36569345239843,99965,272,154,23,10,9706,5087,0.14798179362776973,148,91,42788,43034,6056,3068,712,3642,3891,747,0,0,82101,0,0,573,35,0,0,0,0,0,4153,12639,464,0,0,0,0,0
395,8681,396.15291375654044,99965,271,150,23,10,9730,5108,0.14843195118291402,152,88,42748,42902,6059,3078,746,3771,4036,783,0,0,81889,0,0,572,37,0,0,0,0,0,4316,12671,480,0,0,0,0,0
396,8681,397.3350600488863,99965,269,162,23,10,9777,5139,0.14921222427849748,152,83,42700,42775,6074,3070,781,3899,4184,821,0,0,81669,0,0,578,37,0,0,0,0,0,4474,12699,508,0,0,0,0,0
397,8681,398.1239009810746,99964,261,159,23,11,9797,5161,0.1496338681925493,160,84,42654,42628,6082,3075,819,4042,4335,860,0,0,81461,0,0,580,38,0,0,0,0,0,4632,12714,539,0,0,0,0,0
398,8681,399.30870639166204,99964,276,162,23,11,9854,5196,0.15055419951182425,145,70,42602,42490,6097,3086,856,4180,4489,900,0,0,81226,0,0,582,40,0,0,0,0,0,4797,12753,566,0,0,0,0,0
399,8681,400.0993953597457,99964,266,154,23,11,9872,5208,0.15085430755071827,162,76,42549,42353,6103,3084,896,4321,4645,942,0,0,81003,0,0,586,41,0,0,0,0,0,4978,12773,583,0,0,0,0,0
400,8681,401.286997096306,99963,271,156,24,11,9923,5236,0.15164610906035234,160,73,42502,42206,6109,3089,933,4464,4804,985,0,0,80757,0,0,596,41,0,0,0,0,0,5162,12806,601,0,0,0,0,0
401,8681,402.07950642406473,99963,275,143,24,11,9956,5245,0.1520662645178716,155,76,42451,42062,6118,3094,976,4613,4966,1030,0,0,80520,0,0,599,42,0,0,0,0,0,5352,12833,617,0,0,0,0,0
402,8681,403.2698326702037,99963,270,146,24,11,9995,5267,0.15267649030141153,160,80,42405,41916,6121,3085,1019,4761,5131,1076,0,0,80274,0,0,603,42,0,0,0,0,0,5539,12864,641,0,0,0,0,0
403,8681,404.06414595027513,99962,270,153,25,11,10022,5286,0.153138192513155,157,75,42354,41763,6130,3083,1063,4914,5299,1123,0,0,80046,0,0,606,43,0,0,0,0,0,5732,12873,662,0,0,0,0,0
404,8681,405.25722093000746,99962,269,144,25,11,10066,5304,0.15375842820271704,151,76,42298,41623,6149,3087,1107,5058,5470,1172,0,0,79786,0,0,613,43,0,0,0,0,0,5927,12906,687,0,0,0,0,0
405,8681,406.05355255843574,99962,275,141,25,11,10098,5323,0.15426862207638903,146,65,42254,41469,6147,3092,1152,5221,5643,1222,0,0,79542,0,0,617,44,0,0,0,0,0,6128,12923,708,0,0,0,0,0
406,8681,407.24968945515883,99962,270,142,25,11,10138,5347,0.15490886536884016,141,73,42200,41297,6160,3095,1203,5381,5819,1274,0,0,79276,0,0,626,44,0,0,0,0,0,6335,12952,729,0,0,0,0,0
407,8681,408.04797990602555,99962,255,138,25,11,10160,5359,0.15524899461795483,142,69,42153,41156,6173,3082,1251,5543,5998,1328,0,0,79036,0,0,630,47,0,0,0,0,0,6529,12955,765,0,0,0,0,0
408,8681,409.2472078697774,99962,251,137,25,11,10203,5379,0.1558792341089614,128,68,42111,41002,6181,3076,1303,5705,6180,1383,0,0,78773,0,0,638,49,0,0,0,0,0,6734,12973,795,0,0,0,0,0
409,8681,410.0475447467182,99962,238,144,25,11,10225,5398,0.15628938996818792,131,63,42064,40837,6184,3068,1357,5876,6364,1440,0,0,78523,0,0,642,49,1,0,0,0,0,6942,12979,826,0,0,0,0,0
410,8681,411.2496735020909,99962,239,138,25,11,10260,5416,0.156819591444749,141,65,42011,40672,6175,3068,1408,6045,6551,1498,0,0,78255,0,0,647,51,1,0,0,0,0,7159,12997,852,0,0,0,0,0
411,8681,412.0519468611871,99962,239,135,25,11,10290,5428,0.15723975110542007,135,56,41955,40511,6183,3065,1462,6221,6740,1558,0,0,77991,0,0,650,53,1,0,0,0,0,7384,13008,875,0,0,0,0,0
412,8681,413.25725045460763,99962,238,132,25,11,10329,5446,0.15780996778775935,132,55,41912,40351,6179,3064,1513,6386,6932,1620,0,0,77719,0,0,657,55,1,0,0,0,0,7604,13019,907,0,0,0,0,0
413,8681,414.0615164085117,99962,251,128,25,11,10363,5458,0.1582701426542086,126,64,41855,40183,6172,3050,1570,6563,7126,1683,0,0,77471,0,0,657,58,1,0,0,0,0,7818,13010,947,0,0,0,0,0
414,8681,415.26973273483384,99961,252,119,25,12,10404,5474,0.15884194835986035,112,65,41805,40032,6172,3043,1633,6728,7323,1748,0,0,77192,0,0,664,58,1,0,0,0,0,8039,13019,988,0,0,0,0,0
415,8681,416.076097853384,99961,245,121,25,12,10428,5485,0.15919208491311612,106,64,41747,39861,6179,3034,1697,6907,7522,1815,0,0,76916,0,0,667,60,1,0,0,0,0,8280,13026,1011,0,0,0,0,0
416,8681,417.2876972325693,99960,243,122,26,12,10461,5506,0.15973389355742296,117,66,41683,39684,6166,3034,1764,7081,7724,1884,0,0,76630,0,0,671,61,1,0,0,0,0,8516,13036,1045,0,0,0,0,0
417,8681,418.0963831108573,99960,241,121,26,12,10492,5522,0.16020408163265307,114,56,41629,39516,6161,3032,1828,7262,7928,1954,0,0,76339,0,0,670,63,1,0,0,0,0,8758,13054,1075,0,0,0,0,0
418,8681,419.31144704305956,99960,225,111,26,12,10519,5538,0.1606342537014806,122,53,41561,39346,6174,3033,1891,7444,8134,2026,0,0,76038,0,0,672,65,1,0,0,0,0,8994,13075,1115,0,0,0,0,0
419,8681,420.12260120006465,99960,238,119,26,12,10556,5552,0.16114445778311323,148,79,41462,39157,6166,3012,1959,7620,8342,2100,0,0,75770,16,0,675,65,1,0,0,0,0,9235,13042,1156,0,0,0,0,0
420,8681,421.037080645663,99959,250,119,27,12,10595,5569,0.16170629958282895,151,79,41385,38983,6158,2997,2028,7809,8553,2176,0,0,75491,53,2,673,70,1,0,0,0,0,9474,12997,1198,0,0,0,0,0
421,8681,422.41162030673814,99959,251,125,27,12,10644,5594,0.162446603107274,159,88,41308,38815,6158,2990,2096,7969,8766,2253,0,0,75180,111,5,676,73,1,0,0,0,0,9724,12957,1232,0,0,0,0,0
422,8681,423.32933583900046,99959,260,134,27,12,10683,5618,0.16307686151322043,158,84,41229,38630,6156,2985,2169,8154,8981,2332,0,0,74876,152,6,677,74,1,0,0,0,0,9986,12924,1263,0,0,0,0,0
423,8681,424.2486172111613,99959,260,129,27,12,10715,5633,0.16354705429225982,179,87,41140,38433,6149,2985,2244,8353,9198,2413,0,0,74579,196,10,675,80,1,0,0,0,0,10235,12881,1302,0,0,0,0,0
424,8681,425.169694051575,99959,264,135,27,12,10749,5656,0.16411728808811613,186,81,41062,38267,6143,2973,2317,8531,9417,2496,0,0,74285,235,13,678,82,1,0,0,0,0,10487,12831,1347,0,0,0,0,0
425,8681,426.09245290518373,99958,278,133,27,13,10799,5674,0.16479921567058164,179,83,40976,38087,6153,2963,2386,8720,9638,2581,0,0,73963,281,19,679,83,1,0,0,0,0,10756,12798,1378,0,0,0,0,0
426,8681,427.0170121094598,99958,280,135,27,13,10834,5697,0.16537945937293663,181,80,40898,37904,6152,2956,2461,8911,9860,2668,0,0,73654,324,25,681,86,1,0,0,0,0,11016,12753,1418,0,0,0,0,0
427,8681,428.40688795299224,99957,283,134,28,13,10899,5718,0.16624148383805037,181,93,40800,37726,6172,2950,2535,9083,10084,2757,0,0,73303,389,33,688,87,2,0,0,0,0,11293,12718,1444,0,0,0,0,0
428,8681,429.33528156596293,99957,294,141,28,13,10940,5738,0.1668517462508879,186,90,40707,37533,6169,2938,2615,9284,10310,2848,0,0,73013,417,38,694,91,2,0,0,0,0,11550,12657,1495,0,0,0,0,0
429,8681,430.2656884156048,99957,276,147,28,13,10980,5761,0.16748201726742498,189,94,40614,37339,6194,2920,2698,9486,10537,2941,0,0,72678,481,43,697,93,2,0,0,0,0,11816,12604,1543,0,0,0,0,0
430,8681,431.19817223024734,99957,287,151,28,13,11024,5789,0.16820232700061027,184,85,40531,37144,6184,2920,2785,9686,10766,3035,0,0,72359,525,48,700,97,2,0,0,0,0,12086,12552,1588,0,0,0,0,0
431,8681,432.1326808775002,99957,307,150,28,13,11075,5811,0.16893264103564531,175,90,40441,36954,6174,2915,2874,9877,10997,3131,0,0,72040,563,60,702,98,3,0,0,0,0,12355,12505,1631,0,0,0,0,0
432,8681,433.0691070486749,99957,314,143,28,13,11121,5828,0.16956291205218244,167,105,40356,36748,6177,2915,2957,10075,11229,3229,0,0,71707,607,70,708,101,3,0,0,0,0,12634,12458,1669,0,0,0,0,0
433,8681,434.00743082884526,99956,305,153,29,13,11157,5856,0.17020489015166673,182,100,40252,36545,6188,2909,3043,10279,11462,3329,0,0,71372,652,76,715,105,3,0,0,0,0,12917,12407,1709,0,0,0,0,0
434,8681,435.4189796918258,99956,298,144,29,13,11213,5882,0.1710252511104886,192,122,40152,36347,6200,2914,3128,10459,11697,3431,0,0,71010,720,93,728,105,3,0,0,0,0,13194,12351,1752,0,0,0,0,0
435,8681,436.36188644845396,99956,297,150,29,13,11259,5912,0.1717855856576894,194,114,40049,36140,6211,2912,3219,10670,11933,3535,0,0,70664,769,106,735,106,3,0,0,0,0,13477,12301,1795,0,0,0,0,0
436,8681,437.3072587486921,99956,289,158,29,13,11291,5934,0.1723258233622794,220,115,39936,35950,6215,2892,3310,10871,12170,3641,0,0,70331,808,113,739,110,3,0,0,0,0,13764,12248,1840,0,0,0,0,0
437,8681,438.2550065564537,99956,308,158,29,13,11341,5952,0.17300612269398535,226,122,39826,35757,6204,2874,3406,11075,12408,3749,0,0,70000,842,125,741,111,3,0,0,0,0,14049,12197,1888,0,0,0,0,0
438,8681,439.2051809252639,99955,321,169,29,14,11393,5989,0.17389825421439647,216,115,39738,35553,6192,2872,3503,11276,12648,3859,0,0,69662,882,141,744,115,3,0,0,0,0,14330,12140,1938,0,0,0,0,0
439,8681,440.15747526916783,99955,329,173,29,14,11444,6015,0.17466860087039168,215,113,39616,35363,6209,2868,3601,11468,12889,3971,0,0,69314,930,146,749,121,3,0,0,0,0,14625,12081,1986,0,0,0,0,0
440,8681,441.1123524595435,99955,333,152,29,14,11496,6031,0.17534890700815367,203,118,39511,35159,6226,2884,3697,11672,13131,4085,0,0,68924,997,155,755,124,3,0,0,0,0,14939,12042,2016,0,0,0,0,0
441,8681,442.0700816435582,99955,335,166,29,14,11549,6067,0.1762393076884598,192,111,39396,34954,6246,2878,3801,11876,13373,4201,0,0,68564,1048,168,758,130,3,0,0,0,0,15235,11990,2059,0,0,0,0,0
442,8681,443.0304144406965,99954,338,175,30,14,11590,6095,0.17693138843868178,193,117,39292,34737,6242,2868,3904,12088,13616,4319,0,0,68211,1088,177,763,132,3,0,0,0,0,15538,11936,2106,0,0,0,0,0
443,8681,444.4753556307608,99954,336,180,30,14,11655,6143,0.17806190847789982,199,111,39177,34548,6254,2874,4003,12272,13860,4439,0,0,67826,1160,195,779,136,3,0,0,0,0,15833,11869,2153,0,0,0,0,0
444,8681,445.4409287356815,99954,339,176,30,14,11700,6160,0.1786821938091522,221,127,39048,34346,6252,2864,4109,12472,14105,4561,0,0,67471,1202,206,789,136,3,0,0,0,0,16135,11805,2207,0,0,0,0,0
445,8681,446.40941449655867,99954,347,193,30,14,11755,6197,0.1796026172039138,218,120,38929,34140,6263,2856,4212,12676,14350,4685,0,0,67092,1247,218,796,138,3,0,0,0,0,16456,11763,2241,0,0,0,0,0
446,8681,447.38083262339285,99954,373,203,30,14,11829,6229,0.18066310502831304,205,123,38804,33950,6262,2844,4325,12865,14596,4811,0,0,66726,1296,227,800,143,4,0,0,0,0,16762,11705,2291,0,0,0,0,0
447,8681,448.3551566641244,99954,355,204,30,14,11867,6257,0.1813234087680333,223,128,38676,33768,6276,2842,4439,13043,14843,4938,0,0,66346,1358,238,805,147,4,0,0,0,0,17068,11644,2344,0,0,0,0,0
448,8681,449.3326919034054,99954,380,196,30,14,11928,6281,0.18217379994797606,228,128,38549,33578,6268,2845,4544,13238,15090,5067,0,0,65981,1399,255,811,151,4,0,0,0,0,17375,11586,2392,0,0,0,0,0
449,8681,450.31316537593807,99954,377,208,30,14,11976,6318,0.18302419112791884,243,123,38428,33371,6270,2843,4651,13440,15337,5198,0,0,65609,1456,265,817,153,5,0,0,0,0,17680,11518,2451,0,0,0,0,0
450,8681,451.296605076757,99954,390,215,30,14,12035,6345,0.18388458690997858,245,126,38303,33160,6262,2840,4769,13644,15585,5331,0,0,65232,1500,279,821,157,5,0,0,0,0,17999,11466,2495,0,0,0,0,0
451,8681,452.2830557568151,99954,381,216,30,14,12091,6382,0.18481501490685714,233,122,38187,32961,6279,2846,4889,13840,15833,5466,0,0,64844,1562,299,831,163,6,0,0,0,0,18304,11399,2546,0,0,0,0,0
452,8681,453.2726306223107,99953,371,213,31,14,12148,6410,0.18566726361389854,238,139,38060,32766,6288,2835,5011,14032,16081,5603,0,0,64456,1627,313,838,172,6,0,0,0,0,18610,11329,2602,0,0,0,0,0
453,8681,454.2655306544958,99953,398,209,31,14,12225,6444,0.18677778555921282,237,145,37924,32562,6283,2842,5126,14227,16330,5742,0,0,64059,1685,333,845,174,6,0,0,0,0,18928,11273,2650,0,0,0,0,0
454,8681,455.2617078805785,99953,387,241,31,14,12282,6498,0.18788830750452712,244,126,37801,32371,6294,2831,5242,14416,16579,5882,0,0,63667,1742,347,855,181,6,0,0,0,0,19249,11207,2699,0,0,0,0,0
455,8681,456.26105157557043,99953,400,241,31,14,12352,6536,0.1889688153432113,241,128,37665,32171,6301,2839,5361,14606,16828,6024,0,0,63265,1806,361,861,190,6,0,0,0,0,19572,11147,2745,0,0,0,0,0
456,8681,457.2637662165471,99952,402,232,32,14,12417,6560,0.18986113334400512,244,136,37533,31956,6304,2842,5484,14819,17077,6168,0,0,62860,1864,379,873,195,7,0,0,0,0,19900,11088,2786,0,0,0,0,0
457,8681,458.2701426597192,99951,391,239,33,14,12468,6595,0.19072345449270142,250,136,37402,31768,6315,2840,5608,15002,17326,6314,0,0,62456,1925,396,881,198,7,0,0,0,0,20225,11027,2836,0,0,0,0,0
458,8681,459.2799202606923,99950,407,226,33,15,12530,6619,0.19158579289644823,242,141,37274,31581,6312,2842,5731,15194,17575,6461,0,0,62065,1973,415,891,202,7,0,0,0,0,20548,10962,2887,0,0,0,0,0
459,8681,460.2932501396986,99950,422,227,33,15,12600,6656,0.19265632816408204,232,148,37134,31386,6325,2843,5853,15380,17823,6610,0,0,61667,2024,444,897,206,7,0,0,0,0,20865,10906,2934,0,0,0,0,0
460,8681,461.3100516555152,99950,413,233,33,15,12656,6701,0.19366683341670834,237,136,36995,31207,6346,2843,5975,15565,18071,6761,0,0,61264,2084,468,898,220,7,0,0,0,0,21181,10847,2981,0,0,0,0,0
461,8681,462.33092446381255,99950,410,243,33,15,12717,6742,0.1946873436718359,235,124,36867,31000,6353,2849,6101,15768,18319,6913,0,0,60856,2136,491,904,229,8,0,0,0,0,21512,10796,3018,0,0,0,0,0
462,8681,463.35532670007353,99949,418,235,34,15,12783,6774,0.19566979159371278,237,118,36727,30819,6355,2857,6228,15955,18567,7067,0,0,60450,2198,512,907,238,8,0,0,0,0,21833,10733,3070,0,0,0,0,0
463,8681,464.3836385837016,99948,429,224,35,15,12852,6801,0.19663224876936006,243,131,36568,30614,6364,2864,6360,16151,18814,7223,0,0,60049,2250,537,918,243,9,0,0,0,0,22156,10667,3119,0,0,0,0,0
464,8681,465.4159940823302,99947,418,231,36,15,12912,6837,0.1975947252043583,244,126,36435,30435,6380,2863,6486,16329,19061,7380,0,0,59648,2307,560,928,249,9,0,0,0,0,22474,10595,3177,0,0,0,0,0
465,8681,466.45229583968785,99947,422,216,36,15,12971,6862,0.19843517064043945,251,129,36281,30257,6390,2872,6619,16510,19307,7539,0,0,59238,2369,582,929,257,9,0,0,0,0,22798,10537,3228,0,0,0,0,0
466,8681,467.4928578935971,99947,426,207,36,15,13041,6892,0.19943570092148838,247,120,36136,30088,6409,2876,6745,16693,19553,7699,0,0,58821,2430,612,939,258,9,0,0,0,0,23121,10477,3280,0,0,0,0,0
467,8681,468.01420590790264,99947,438,204,36,15,13078,6907,0.19995597666763384,248,118,35987,29875,6393,2875,6897,16912,19798,7861,0,0,58453,2446,635,934,266,9,0,0,0,0,23450,10426,3328,0,0,0,0,0
468,8681,469.06328018086356,99947,424,197,36,15,13133,6934,0.200776411498094,244,130,35865,29696,6406,2881,7024,17080,20043,8024,0,0,58054,2494,676,943,270,9,0,0,0,0,23759,10360,3382,0,0,0,0,0
469,8681,470.1163628767329,99947,431,210,36,15,13198,6980,0.20188700011005833,251,120,35728,29532,6389,2869,7164,17253,20287,8189,0,0,57670,2538,711,946,278,9,0,0,0,0,24063,10288,3444,0,0,0,0,0
470,8681,471.17309414924614,99947,426,222,36,15,13260,7022,0.20292755160234924,259,122,35585,29351,6400,2856,7293,17433,20531,8355,0,0,57274,2588,743,950,284,10,0,0,0,0,24374,10220,3504,0,0,0,0,0
471,8681,472.23418026164524,99947,439,224,36,15,13343,7068,0.2042182356649024,245,115,35423,29170,6420,2868,7436,17607,20774,8522,0,0,56865,2650,774,965,290,10,0,0,0,0,24690,10142,3561,0,0,0,0,0
472,8681,473.29983037026705,99947,437,225,36,15,13414,7104,0.20528880306562478,246,116,35283,29005,6436,2869,7561,17769,21016,8691,0,0,56442,2715,806,966,299,10,0,0,0,0,25015,10088,3606,0,0,0,0,0
473,8681,474.3699098981309,99947,422,214,36,15,13479,7127,0.20616926971294786,267,121,35128,28858,6462,2863,7684,17928,21257,8861,0,0,56028,2776,841,973,308,10,0,0,0,0,25332,10022,3657,0,0,0,0,0
474,8681,475.4445189201185,99946,435,222,37,15,13543,7161,0.20715186200548297,282,117,34956,28690,6459,2861,7830,18094,21497,9032,0,0,55647,2812,864,979,317,10,0,0,0,0,25653,9948,3716,0,0,0,0,0
475,8681,476.52399524937863,99945,441,217,37,16,13621,7194,0.20826454550002502,274,129,34801,28528,6474,2865,7972,18244,21737,9204,0,0,55239,2877,892,985,326,10,0,0,0,0,25966,9872,3778,0,0,0,0,0
476,8681,477.06501539421964,99945,451,209,37,16,13661,7211,0.2088348591725449,277,134,34643,28337,6461,2853,8130,18450,21976,9378,0,0,54863,2908,910,983,333,11,0,0,0,0,26293,9807,3837,0,0,0,0,0
477,8681,478.1541380639069,99944,438,208,37,17,13720,7247,0.20978748098935404,293,136,34496,28161,6471,2860,8264,18617,22214,9553,0,0,54448,2965,946,989,338,11,0,0,0,0,26612,9743,3892,0,0,0,0,0
478,8681,479.24814570699255,99942,455,223,38,18,13806,7288,0.21106241620139682,273,127,34363,28005,6463,2849,8407,18777,22451,9729,0,0,54052,3011,977,994,347,11,0,0,0,0,26927,9673,3950,0,0,0,0,0
479,8681,480.34649536332404,99941,454,222,39,18,13876,7319,0.21207512432335077,275,142,34206,27837,6481,2850,8544,18930,22687,9906,0,0,53639,3063,1012,996,355,13,0,0,0,0,27252,9618,3993,0,0,0,0,0
480,8681,481.4493451083951,99941,450,225,39,18,13940,7352,0.21304569696120712,283,147,34047,27678,6491,2842,8689,19089,22922,10084,0,0,53254,3096,1056,1007,363,13,0,0,0,0,27558,9546,4048,0,0,0,0,0
481,8681,482.00211957285404,99941,436,234,39,18,13966,7373,0.2135159744249107,290,148,33895,27502,6491,2823,8848,19274,23156,10263,0,0,52874,3113,1082,1010,365,15,0,0,0,0,27893,9495,4094,0,0,0,0,0
482,8681,483.11511099622203,99941,462,233,39,18,14050,7412,0.21474670055332645,278,142,33741,27348,6486,2829,8993,19429,23389,10443,0,0,52479,3158,1117,1020,370,16,0,0,0,0,28206,9423,4152,0,0,0,0,0
483,8681,484.2330275162366,99941,475,237,39,18,14126,7459,0.21597742668174222,280,127,33593,27208,6491,2837,9121,19572,23620,10624,0,0,52070,3221,1145,1023,381,16,0,0,0,0,28523,9354,4208,0,0,0,0,0
484,8681,485.3558068611,99939,472,234,39,20,14187,7498,0.21698235923913586,287,115,33433,27056,6496,2843,9272,19731,23850,10806,0,0,51671,3268,1187,1028,390,17,0,0,0,0,28832,9288,4258,0,0,0,0,0
485,8681,486.4838668406903,99939,461,238,39,20,14262,7536,0.21811304895986552,295,123,33277,26897,6524,2848,9403,19873,24079,10989,0,0,51257,3333,1218,1036,402,17,0,0,0,0,29149,9215,4312,0,0,0,0,0
486,8681,487.049268754658,99939,477,234,39,20,14309,7551,0.21873342739070833,290,120,33132,26712,6509,2848,9552,20065,24307,11172,0,0,50903,3345,1250,1034,409,18,0,0,0,0,29459,9149,4372,0,0,0,0,0
487,8681,488.1877068898031,99938,486,240,40,20,14389,7588,0.21990634193199785,282,114,32986,26550,6521,2843,9684,20232,24534,11356,0,0,50516,3379,1292,1050,415,18,0,0,0,0,29766,9074,4428,0,0,0,0,0
488,8681,489.33093629659885,99938,464,235,40,20,14458,7622,0.22093698092817546,286,114,32829,26411,6546,2847,9834,20372,24759,11541,0,0,50112,3447,1337,1059,420,18,0,0,0,0,30055,8990,4500,0,0,0,0,0
489,8681,490.4797610149359,99936,469,229,42,20,14538,7652,0.222042106948447,299,122,32665,26272,6562,2853,9962,20503,24983,11726,0,0,49704,3497,1372,1064,429,20,0,0,0,0,30371,8931,4548,0,0,0,0,0
490,8681,491.05554888871416,99936,476,228,42,20,14583,7668,0.222652497598463,280,120,32522,26115,6552,2842,10127,20674,25206,11912,0,0,49332,3513,1400,1067,436,20,0,0,0,0,30698,8875,4595,0,0,0,0,0
491,8681,492.2153874520631,99936,487,236,42,20,14669,7708,0.22391330451488953,265,119,32384,25980,6565,2837,10256,20807,25428,12099,0,0,48923,3562,1446,1068,445,20,0,0,0,0,31010,8825,4637,0,0,0,0,0
492,8681,493.3801036609394,99936,464,244,42,20,14750,7745,0.22509406019852707,265,118,32235,25840,6595,2843,10398,20934,25648,12286,0,0,48508,3630,1491,1077,453,21,0,0,0,0,31311,8756,4689,0,0,0,0,0
493,8681,494.55037429816446,99934,463,237,43,21,14825,7788,0.22627934436728242,276,116,32077,25700,6607,2863,10533,21062,25867,12474,0,0,48110,3679,1541,1080,470,22,0,0,0,0,31605,8695,4732,0,0,0,0,0
494,8681,495.1368937770065,99934,472,236,43,21,14871,7806,0.22691976704625053,262,121,31929,25546,6596,2851,10697,21224,26085,12662,0,0,47764,3681,1587,1077,478,23,0,0,0,0,31901,8637,4786,0,0,0,0,0
495,8681,496.3184255621957,99934,459,241,43,21,14937,7843,0.22795044729521485,259,121,31798,25404,6614,2852,10826,21360,26301,12851,0,0,47365,3731,1629,1083,488,23,0,0,0,0,32207,8573,4835,0,0,0,0,0
496,8681,497.50507039615866,99934,467,241,43,21,15015,7884,0.22914123321392119,271,120,31624,25274,6629,2858,10965,21485,26516,13040,0,0,46966,3787,1673,1083,497,24,0,0,0,0,32505,8513,4886,0,0,0,0,0
497,8681,498.099979227989,99934,480,232,43,21,15068,7902,0.22985170212340145,255,116,31491,25122,6612,2858,11118,21650,26729,13229,0,0,46615,3806,1710,1082,507,24,0,0,0,0,32798,8444,4948,0,0,0,0,0
498,8681,499.29823000527125,99934,482,224,43,21,15148,7932,0.2309524286028779,251,125,31350,25001,6625,2866,11248,21762,26941,13419,0,0,46247,3840,1765,1096,517,24,0,0,0,0,33074,8362,5009,0,0,0,0,0
499,8681,500.5016627026525,99934,473,236,43,21,15219,7982,0.232163227730302,246,109,31214,24899,6632,2861,11391,21873,27152,13609,0,0,45862,3883,1820,1100,530,24,0,0,0,0,33359,8298,5058,0,0,0,0,0
500,8681,501.1045728229894,99934,461,239,43,21,15263,8001,0.23279364380491124,247,104,31065,24767,6632,2843,11551,22025,27361,13799,0,0,45506,3902,1861,1093,548,24,0,0,0,0,33655,8242,5103,0,0,0,0,0
501,8681,502.31927561669755,99934,454,236,43,21,15339,8037,0.23391438349310545,222,89,30947,24664,6650,2852,11683,22137,27569,13989,0,0,45118,3938,1922,1101,554,27,0,0,0,0,33942,8187,5145,0,0,0,0,0
502,8681,503.5391973371283,99932,448,220,44,22,15411,8074,0.2350098066685346,220,69,30825,24590,6653,2866,11809,22232,27775,14179,0,0,44747,3970,1999,1109,564,27,0,0,0,0,34201,8121,5194,0,0,0,0,0
503,8681,504.15037670016886,99931,433,217,45,22,15452,8088,0.2355625381513244,213,74,30679,24444,6660,2856,11969,22386,27980,14370,0,0,44400,3970,2054,1113,573,27,0,0,0,0,34490,8065,5239,0,0,0,0,0
504,8681,505.38138602876387,99930,432,202,45,23,15525,8113,0.23654558190733513,208,70,30559,24356,6674,2873,12081,22475,28183,14561,0,0,44019,4008,2103,1126,581,27,0,0,0,0,34780,7999,5287,0,0,0,0,0
505,8681,506.61791687216083,99930,430,190,45,23,15596,8131,0.23743620534374063,186,90,30431,24250,6691,2874,12216,22572,28385,14752,0,0,43659,4033,2159,1136,590,27,0,0,0,0,35056,7931,5339,0,0,0,0,0
506,8681,507.2373239728157,99929,410,181,46,23,15619,8139,0.23774880164917092,194,89,30312,24127,6673,2869,12364,22710,28585,14943,0,0,43310,4038,2205,1135,598,27,0,0,0,0,35352,7884,5380,0,0,0,0,0
507,8681,508.48449023985387,99929,398,171,46,23,15682,8164,0.2386294268930941,196,93,30187,24036,6688,2869,12484,22807,28784,15134,0,0,42927,4089,2251,1139,603,27,0,0,0,0,35634,7822,5437,0,0,0,0,0
508,8681,509.10905742354123,99928,384,166,47,23,15709,8176,0.23902209590905452,199,91,30051,23925,6667,2863,12651,22931,28981,15324,0,0,42593,4098,2289,1137,614,27,0,0,0,0,35920,7761,5489,0,0,0,0,0
509,8681,510.3671018909835,99928,353,158,47,23,15764,8198,0.23979265070851014,195,99,29936,23837,6688,2863,12780,23019,29177,15514,0,0,42217,4142,2345,1139,626,27,0,0,0,0,36194,7705,5533,0,0,0,0,0
510,8681,511.6305622469555,99927,346,161,48,23,15829,8227,0.2407357370880743,173,97,29853,23754,6679,2862,12900,23102,29371,15704,0,0,41867,4164,2398,1145,636,28,0,0,0,0,36463,7643,5583,0,0,0,0,0
511,8681,512.2631148722938,99926,335,162,48,24,15848,8243,0.2410884054200108,182,100,29717,23633,6664,2849,13053,23231,29564,15894,0,0,41553,4154,2442,1147,643,28,0,0,0,0,36741,7582,5636,0,0,0,0,0
512,8681,513.5362253485532,99926,346,156,48,24,15908,8278,0.24203910894061606,177,86,29629,23548,6631,2858,13168,23327,29755,16084,0,0,41214,4171,2497,1152,652,28,0,0,0,0,37004,7518,5690,0,0,0,0,0
513,8681,514.1735426207437,99926,350,161,48,24,15950,8294,0.24261953845845927,152,87,29505,23427,6619,2838,13325,23462,29945,16273,0,0,40897,4156,2552,1150,661,28,0,0,0,0,37279,7473,5730,0,0,0,0,0
514,8681,515.4561912793642,99925,325,151,49,24,15990,8316,0.2432424318238679,161,85,29419,23354,6604,2835,13441,23550,30133,16462,0,0,40564,4175,2614,1150,671,29,0,0,0,0,37527,7409,5786,0,0,0,0,0
515,8681,516.0980919699449,99925,320,159,49,24,16015,8335,0.24368276207155368,155,82,29296,23235,6588,2818,13591,23681,30319,16651,0,0,40244,4169,2650,1150,680,29,0,0,0,0,37816,7359,5828,0,0,0,0,0
516,8681,517.3903762515694,99925,310,154,49,24,16072,8362,0.2445233925444083,142,78,29219,23172,6585,2814,13694,23757,30504,16839,0,0,39918,4177,2716,1158,694,29,0,0,0,0,38065,7296,5872,0,0,0,0,0
517,8681,518.0371695497323,99925,322,150,49,24,16107,8370,0.24495371528646484,124,85,29113,23057,6549,2802,13842,23881,30687,17027,0,0,39611,4165,2754,1154,704,29,0,0,0,0,38344,7247,5917,0,0,0,0,0
518,8681,519.3383862928107,99925,309,153,49,24,16151,8396,0.2456542406805104,143,77,29012,23000,6524,2790,13962,23955,30869,17215,0,0,39286,4173,2811,1151,720,29,0,0,0,0,38602,7197,5956,0,0,0,0,0
519,8681,520.6435350467781,99925,301,158,49,24,16207,8427,0.24652489367025268,137,73,28929,22921,6516,2783,14067,24040,31049,17402,0,0,38976,4176,2865,1150,742,30,0,0,0,0,38849,7134,6003,0,0,0,0,0
520,8681,521.2968572241525,99925,280,152,49,24,16226,8437,0.24681511133350012,145,74,28809,22813,6505,2777,14211,24159,31228,17589,0,0,38664,4169,2916,1147,754,30,0,0,0,0,39114,7090,6041,0,0,0,0,0
521,8681,522.6117800497939,99925,266,147,49,24,16269,8466,0.2475356517388041,144,72,28727,22754,6502,2783,14311,24219,31405,17775,0,0,38314,4199,2966,1145,765,30,0,0,0,0,39382,7049,6075,0,0,0,0,0
522,8681,523.269901500654,99925,257,140,49,24,16288,8475,0.24781586189642232,142,73,28604,22644,6487,2779,14460,24339,31581,17961,0,0,37993,4199,2999,1141,777,30,0,0,0,0,39667,7012,6107,0,0,0,0,0
523,8681,524.5946603549899,99925,252,137,49,24,16339,8498,0.24855641731298475,122,77,28504,22595,6489,2779,14583,24387,31755,18146,0,0,37657,4212,3046,1149,784,31,0,0,0,0,39938,6968,6140,0,0,0,0,0
524,8681,525.2578362999589,99925,239,135,49,24,16362,8508,0.24888666499874906,113,71,28394,22495,6470,2771,14734,24503,31928,18330,0,0,37360,4206,3087,1145,798,31,0,0,0,0,40197,6918,6183,0,0,0,0,0
525,8681,526.5932936023836,99925,223,125,49,24,16389,8530,0.24937703277458093,114,72,28322,22447,6460,2770,14831,24561,32099,18514,0,0,37064,4205,3151,1144,807,33,0,0,0,0,40429,6862,6230,0,0,0,0,0
526,8681,527.2616270012011,99925,217,125,49,24,16406,8539,0.2496372279209407,112,75,28204,22361,6438,2753,14979,24661,32269,18697,0,0,36772,4193,3187,1143,814,33,0,0,0,0,40695,6814,6274,0,0,0,0,0
527,8681,528.606403257328,99924,208,118,50,24,16442,8561,0.2502201673271687,120,66,28116,22319,6419,2748,15086,24724,32437,18879,0,0,36464,4200,3238,1141,828,33,0,0,0,0,40941,6766,6313,0,0,0,0,0
528,8681,529.2796740444207,99924,215,118,50,24,16466,8575,0.2506004563468236,110,58,28010,22238,6391,2743,15223,24818,32604,19061,0,0,36178,4187,3276,1135,839,33,0,0,0,0,41201,6722,6353,0,0,0,0,0
529,8681,530.634246386315,99924,212,119,50,24,16505,8600,0.25124094311676876,98,48,27947,22187,6370,2739,15322,24882,32769,19242,0,0,35874,4193,3317,1133,854,33,0,0,0,0,41453,6675,6392,0,0,0,0,0
530,8681,531.3118411087471,99924,209,113,50,24,16520,8607,0.2514611104439374,101,44,27847,22101,6337,2725,15455,24992,32933,19422,0,0,35595,4171,3358,1128,867,34,0,0,0,0,41711,6637,6423,0,0,0,0,0
531,8681,532.6748026860669,99924,206,102,50,24,16551,8621,0.25191145270405507,102,45,27781,22069,6315,2721,15545,25038,33095,19601,0,0,35304,4173,3400,1129,873,37,0,0,0,0,41956,6584,6468,0,0,0,0,0
532,8681,533.3566586884951,99924,195,105,50,24,16559,8630,0.2520815820023218,111,39,27673,21982,6283,2703,15687,25146,33256,19780,0,0,35026,4153,3439,1127,879,37,0,0,0,0,42214,6543,6506,0,0,0,0,0
533,8681,534.0410600731748,99923,192,101,51,24,16580,8638,0.2523743282327392,100,35,27562,21894,6272,2694,15822,25251,33415,19958,0,0,34748,4146,3469,1125,888,39,0,0,0,0,42467,6493,6548,0,0,0,0,0
534,8681,535.4181584881152,99923,164,85,51,24,16611,8647,0.25277463647008197,99,42,27504,21861,6247,2697,15934,25290,33573,20135,0,0,34452,4157,3525,1124,900,39,0,0,0,0,42693,6441,6592,0,0,0,0,0
535,8681,536.1072919976665,99923,169,81,51,24,16623,8656,0.2529847982946869,101,39,27396,21796,6207,2679,16075,25380,33729,20311,0,0,34186,4142,3559,1120,905,39,0,0,0,0,42940,6394,6638,0,0,0,0,0
536,8681,537.4934069105532,99923,161,82,51,24,16656,8668,0.2534351450616975,88,37,27347,21783,6180,2668,16172,25405,33884,20486,0,0,33907,4147,3600,1115,915,39,0,0,0,0,43172,6343,6685,0,0,0,0,0
537,8681,538.1866365726414,99923,165,81,51,24,16669,8674,0.2536252914744353,87,39,27236,21695,6147,2647,16313,25513,34037,20660,0,0,33643,4117,3644,1113,919,39,0,0,0,0,43422,6312,6714,0,0,0,0,0
538,8681,539.5810577196672,99923,156,75,51,24,16700,8685,0.2540456151236452,76,38,27174,21693,6140,2636,16402,25533,34189,20833,0,0,33362,4120,3687,1109,934,39,0,0,0,0,43657,6269,6746,0,0,0,0,0
539,8681,540.2786213595351,99923,151,74,51,24,16708,8690,0.2541757153007816,79,39,27077,21620,6107,2622,16534,25620,34339,21005,0,0,33103,4102,3718,1103,945,39,0,0,0,0,43902,6230,6781,0,0,0,0,0
540,8681,541.6819153844665,99923,153,71,51,24,16737,8704,0.25460604665592507,69,31,27018,21617,6082,2617,16626,25639,34488,21176,0,0,32835,4103,3754,1094,960,39,0,0,0,0,44132,6186,6820,0,0,0,0,0
541,8681,542.3838388424797,99923,159,73,51,24,16758,8709,0.25486624701019783,66,30,26927,21546,6045,2604,16751,25722,34635,21346,0,0,32579,4087,3784,1091,965,40,0,0,0,0,44374,6144,6859,0,0,0,0,0
542,8681,543.0883732052932,99923,151,67,51,24,16772,8713,0.2550463857170021,62,32,26835,21493,6025,2591,16875,25792,34781,21515,0,0,32331,4064,3827,1086,979,40,0,0,0,0,44599,6105,6892,0,0,0,0,0
543,8681,544.5046859430622,99923,135,69,51,24,16788,8725,0.255326601483142,66,30,26796,21477,5996,2576,16955,25823,34926,21683,0,0,32072,4056,3869,1083,989,40,0,0,0,0,44823,6062,6929,0,0,0,0,0
544,8681,545.213014990236,99923,136,72,51,24,16795,8734,0.2554867247780791,72,26,26713,21410,5950,2563,17077,25904,35069,21850,0,0,31837,4025,3911,1075,998,40,0,0,0,0,45047,6026,6964,0,0,0,0,0
545,8681,546.6362827945989,99923,126,67,51,24,16820,8741,0.25580697136795333,62,30,26686,21427,5917,2545,17157,25906,35211,22016,0,0,31585,4023,3950,1073,1009,40,0,0,0,0,45261,5974,7008,0,0,0,0,0
546,8681,547.3477295234061,99923,119,67,51,24,16830,8746,0.25595708695695685,62,31,26599,21365,5890,2531,17278,25981,35351,22181,0,0,31353,4006,3987,1070,1014,40,0,0,0,0,45473,5921,7059,0,0,0,0,0
547,8681,548.0613187776944,99923,113,61,51,24,16837,8748,0.25604715631035896,67,33,26510,21325,5855,2518,17403,26038,35490,22345,0,0,31125,3988,4024,1064,1022,40,0,0,0,0,45682,5870,7108,0,0,0,0,0
548,8681,549.4957164932346,99923,107,56,51,24,16856,8758,0.2563373797824325,62,33,26489,21347,5824,2501,17466,26038,35628,22508,0,0,30880,3980,4064,1059,1031,41,0,0,0,0,45893,5827,7148,0,0,0,0,0
549,8681,550.2126239530953,99923,99,54,51,24,16863,8762,0.25644746454770173,64,37,26403,21285,5798,2495,17584,26104,35764,22670,0,0,30642,3966,4094,1054,1039,41,0,0,0,0,46114,5785,7188,0,0,0,0,0
550,8681,551.6531903726827,99923,119,47,51,24,16896,8769,0.2568477727850445,45,36,26359,21299,5760,2487,17665,26106,35899,22831,0,0,30405,3952,4131,1047,1049,41,0,0,0,0,46328,5746,7224,0,0,0,0,0
551,8681,552.3736136936895,99922,109,47,52,24,16902,8777,0.25699045255299136,47,33,26274,21250,5738,2469,17779,26176,36033,22991,0,0,30170,3926,4173,1045,1057,41,0,0,0,0,46545,5715,7250,0,0,0,0,0
552,8681,553.0963000917534,99922,106,47,52,24,16907,8781,0.2570805228077901,49,34,26192,21205,5710,2451,17890,26238,36165,23150,0,0,29948,3904,4205,1038,1066,41,0,0,0,0,46757,5675,7288,0,0,0,0,0
553,8681,554.5487671817301,99922,100,40,52,24,16924,8791,0.2573507335721863,55,34,26165,21218,5682,2437,17945,26246,36296,23308,0,0,29713,3894,4249,1031,1076,42,0,0,0,0,46957,5638,7322,0,0,0,0,0
554,8681,555.274481918433,99922,106,44,52,24,16938,8799,0.2575709053061388,50,28,26096,21202,5647,2407,18048,26294,36426,23464,0,0,29506,3869,4284,1019,1088,43,0,0,0,0,47154,5596,7363,0,0,0,0,0
555,8681,556.0026410105064,99922,104,44,52,24,16947,8803,0.2577010067852925,51,26,26013,21151,5623,2388,18156,26366,36554,23619,0,0,29288,3850,4315,1015,1091,45,0,0,0,0,47360,5554,7404,0,0,0,0,0
556,8681,557.4651401163644,99922,97,45,52,24,16965,8814,0.25799123316186623,45,22,26004,21166,5586,2373,18215,26369,36681,23773,0,0,29057,3844,4347,1014,1097,46,0,0,0,0,47562,5512,7443,0,0,0,0,0
557,8681,558.1960242338813,99922,94,43,52,24,16976,8818,0.2581413502531975,41,22,25916,21106,5566,2367,18330,26437,36807,23926,0,0,28836,3827,4380,1010,1101,47,0,0,0,0,47766,5474,7481,0,0,0,0,0
558,8681,559.6641380572227,99922,96,41,52,24,16991,8828,0.2583915454054162,38,16,25879,21127,5531,2358,18403,26433,36932,24078,0,0,28615,3809,4417,1008,1107,47,0,0,0,0,47966,5438,7515,0,0,0,0,0
559,8681,560.398252083888,99922,97,40,52,24,16994,8829,0.25843157662977123,37,16,25767,21032,5501,2345,18545,26542,37055,24229,0,0,28412,3776,4453,1002,1113,48,0,0,0,0,48166,5407,7545,0,0,0,0,0
560,8681,561.4495217940969,99922,94,36,52,24,17005,8833,0.25858169372110246,32,18,25703,21004,5475,2331,18643,26586,37177,24379,0,0,28209,3755,4493,998,1120,48,0,0,0,0,48350,5363,7586,0,0,0,0,0
561,8681,562.3582536003918,99922,85,37,52,24,17009,8838,0.2586717639759012,36,18,25661,20981,5447,2323,18718,26616,37298,24527,0,0,27986,3746,4515,992,1128,48,0,0,0,0,48559,5331,7617,0,0,0,0,0
562,8681,563.3792979196016,99922,86,38,52,24,17018,8842,0.25880186545505496,35,15,25604,20967,5410,2298,18812,26657,37418,24674,0,0,27777,3728,4541,987,1135,48,0,0,0,0,48759,5296,7651,0,0,0,0,0
563,8681,564.1244543062411,99922,85,37,52,24,17023,8845,0.25888192790376496,37,14,25545,20939,5373,2282,18907,26703,37536,24820,0,0,27576,3712,4567,978,1143,49,0,0,0,0,48950,5259,7688,0,0,0,0,0
564,8681,565.1939435534806,99922,83,35,52,24,17034,8849,0.2590320449950962,34,17,25529,20960,5335,2264,18966,26699,37653,24965,0,0,27384,3695,4596,967,1159,49,0,0,0,0,49129,5216,7727,0,0,0,0,0
565,8681,566.4672953465474,99922,77,32,52,24,17047,8853,0.25920217769860493,35,26,25539,21015,5297,2244,18999,26658,37769,25109,0,0,27177,3689,4620,960,1171,50,0,0,0,0,49316,5177,7762,0,0,0,0,0
566,8681,567.211717687711,99922,76,31,52,24,17052,8857,0.25929224795340367,36,27,25489,20975,5256,2237,19090,26705,37884,25252,0,0,26988,3663,4654,954,1178,51,0,0,0,0,49497,5140,7797,0,0,0,0,0
567,8681,568.7060169030857,99922,86,28,52,24,17069,8863,0.2595224274934449,28,31,25494,21033,5196,2219,19143,26664,37998,25393,0,0,26799,3648,4685,944,1188,51,0,0,0,0,49670,5099,7838,0,0,0,0,0
568,8681,569.4521117700311,99922,81,32,52,24,17074,8868,0.25962250555433236,28,29,25452,21010,5166,2209,19220,26695,38110,25533,0,0,26601,3631,4712,939,1194,51,0,0,0,0,49858,5067,7869,0,0,0,0,0
569,8681,570.1998227139256,99922,78,31,52,24,17077,8873,0.25970256800304237,31,28,25390,20983,5137,2199,19311,26734,38221,25672,0,0,26410,3614,4741,936,1197,51,0,0,0,0,50037,5028,7908,0,0,0,0,0
570,8681,571.6996194254335,99922,76,36,52,24,17096,8885,0.2600128099917936,21,22,25373,21034,5109,2191,19368,26692,38331,25810,0,0,26214,3599,4778,933,1205,51,0,0,0,0,50210,4994,7938,0,0,0,0,0
571,8681,572.4490641598886,99922,72,36,52,24,17098,8888,0.26006284902223736,25,23,25305,21023,5088,2172,19457,26721,38440,25947,0,0,26015,3588,4796,928,1212,51,0,0,0,0,50402,4963,7967,0,0,0,0,0
572,8681,573.2004688866732,99922,71,36,52,24,17107,8892,0.2601929505013911,22,20,25247,20994,5060,2152,19547,26773,38548,26082,0,0,25833,3562,4835,919,1222,51,0,0,0,0,50571,4937,7992,0,0,0,0,0
573,8681,574.0614700101032,99922,68,34,52,24,17108,8895,0.2602329817257461,26,17,25158,20918,5033,2147,19662,26859,38655,26216,0,0,25645,3541,4862,916,1227,51,0,0,0,0,50752,4908,8020,0,0,0,0,0
574,8681,575.1318676019497,99922,64,28,52,24,17118,8899,0.26037309101098854,24,18,25171,20998,4995,2122,19693,26809,38761,26349,0,0,25478,3517,4909,910,1233,52,0,0,0,0,50896,4867,8060,0,0,0,0,0
575,8681,576.2737075708391,99922,57,28,52,24,17120,8902,0.2604231300414323,24,17,25122,20960,4967,2111,19777,26859,38866,26481,0,0,25307,3485,4942,909,1242,52,0,0,0,0,51063,4834,8088,0,0,0,0,0
576,8681,577.0679526341693,99922,57,27,52,24,17127,8905,0.2605232081023198,21,15,25089,20942,4939,2098,19841,26893,38970,26612,0,0,25138,3464,4973,905,1247,52,0,0,0,0,51222,4793,8128,0,0,0,0,0
577,8681,578.0636371709503,99922,51,26,52,24,17130,8909,0.26059326274494105,20,16,25069,20971,4905,2087,19902,26875,39072,26742,0,0,24959,3454,4994,897,1257,52,0,0,0,0,51389,4758,8162,0,0,0,0,0
578,8681,579.2331784197231,99922,50,27,52,24,17135,8914,0.26069334080582857,19,17,25049,20974,4869,2076,19960,26881,39173,26870,0,0,24778,3441,5017,891,1263,52,0,0,0,0,51560,4729,8191,0,0,0,0,0
579,8681,580.1184801698032,99922,45,28,52,24,17140,8916,0.2607633954484498,20,18,25036,20993,4842,2053,20004,26883,39273,26997,0,0,24608,3413,5054,888,1268,52,0,0,0,0,51721,4703,8215,0,0,0,0,0
580,8681,581.0234665799858,99922,48,27,52,24,17145,8919,0.2608434578971598,18,15,24961,20972,4822,2043,20098,26918,39372,27123,0,0,24439,3397,5073,887,1272,52,0,0,0,0,51887,4664,8251,0,0,0,0,0
581,8681,582.5540660034342,99922,40,20,52,24,17146,8922,0.26088348912151477,20,20,25000,21049,4787,2031,20100,26855,39470,27248,0,0,24268,3385,5096,879,1285,52,0,0,0,0,52045,4631,8281,0,0,0,0,0
582,8681,583.5897131610901,99922,37,21,52,24,17149,8926,0.26095354376413604,25,19,25000,21048,4747,2016,20138,26871,39567,27372,0,0,24099,3369,5121,875,1288,53,0,0,0,0,52205,4600,8312,0,0,0,0,0
583,8681,584.2614378324478,99922,38,25,52,24,17154,8931,0.2610536218250235,23,15,24978,21048,4721,2003,20187,26884,39663,27495,0,0,23930,3348,5147,872,1291,53,0,0,0,0,52369,4574,8338,0,0,0,0,0
584,8681,585.1731990849875,99922,38,27,52,24,17157,8936,0.2611336842737335,21,11,24941,21030,4685,1993,20262,26914,39758,27616,0,0,23767,3334,5166,867,1297,53,0,0,0,0,52527,4540,8371,0,0,0,0,0
585,8681,586.1299395824641,99921,39,24,52,25,17166,8939,0.26125639255011457,17,12,24926,21034,4657,1983,20308,26921,39852,27736,0,0,23601,3319,5191,856,1309,54,0,0,0,0,52681,4519,8391,0,0,0,0,0
586,8681,587.2438622089301,99921,42,24,52,25,17173,8941,0.261346463706328,16,12,24955,21060,4611,1969,20323,26909,39945,27855,0,0,23459,3299,5216,852,1313,55,0,0,0,0,52818,4474,8435,0,0,0,0,0
587,8681,588.0094524491536,99921,39,25,52,25,17174,8944,0.26138649533131175,16,10,24889,21027,4592,1957,20411,26955,40037,27973,0,0,23304,3276,5244,847,1319,55,0,0,0,0,52968,4447,8461,0,0,0,0,0
588,8681,589.1612450211952,99921,35,21,52,25,17177,8946,0.2614365348625414,14,12,24909,21094,4555,1939,20434,26908,40128,28090,0,0,23149,3259,5273,839,1328,55,0,0,0,0,53111,4419,8488,0,0,0,0,0
589,8681,590.0640028126968,99921,33,21,52,25,17181,8949,0.26150659020626293,14,13,24882,21103,4527,1923,20491,26914,40218,28206,0,0,22998,3238,5302,837,1331,55,0,0,0,0,53254,4387,8519,0,0,0,0,0
590,8681,591.0410486357699,99921,34,19,52,25,17186,8951,0.2615766455499845,12,11,24866,21134,4493,1914,20542,26896,40307,28321,0,0,22855,3213,5335,830,1337,56,0,0,0,0,53389,4359,8547,0,0,0,0,0
591,8681,592.0336339569085,99921,31,15,52,25,17187,8951,0.26158665345623044,12,12,24842,21124,4467,1905,20595,26918,40396,28434,0,0,22703,3198,5358,823,1343,57,0,0,0,0,53533,4332,8574,0,0,0,0,0
592,8681,593.1745099648975,99921,31,17,52,25,17191,8957,0.2616867325186898,14,8,24839,21157,4432,1891,20631,26901,40484,28546,0,0,22556,3187,5374,819,1347,59,0,0,0,0,53674,4296,8609,0,0,0,0,0
593,8681,594.2960693271577,99921,28,17,52,25,17193,8959,0.2617267641436735,19,7,24831,21175,4398,1883,20671,26892,40571,28657,0,0,22411,3165,5399,813,1355,59,0,0,0,0,53814,4271,8634,0,0,0,0,0
594,8681,595.0315833924425,99921,27,19,52,25,17196,8961,0.2617768036749032,16,4,24806,21180,4368,1864,20730,26907,40657,28767,0,0,22267,3151,5416,808,1361,59,0,0,0,0,53955,4238,8666,0,0,0,0,0
595,8681,596.0482967863744,99921,23,19,52,25,17199,8963,0.26182684320613286,16,6,24788,21211,4351,1852,20769,26886,40742,28876,0,0,22116,3143,5430,805,1366,59,0,0,0,0,54099,4206,8697,0,0,0,0,0
596,8681,597.2619758553503,99921,29,19,52,25,17206,8965,0.26191691436234626,10,9,24787,21242,4321,1840,20800,26864,40826,28984,0,0,21973,3126,5450,802,1368,60,0,0,0,0,54239,4178,8725,0,0,0,0,0
597,8681,598.1212614684415,99921,28,19,52,25,17206,8968,0.26194693808108405,11,6,24754,21227,4293,1838,20861,26884,40909,29091,0,0,21827,3111,5469,798,1372,60,0,0,0,0,54381,4153,8750,0,0,0,0,0
598,8681,599.1956323126647,99921,26,14,52,25,17209,8968,0.2619769617998219,10,6,24739,21250,4272,1833,20900,26871,40991,29197,0,0,21679,3095,5494,796,1375,60,0,0,0,0,54520,4131,8771,0,0,0,0,0
599,8681,600.0133841445888,99921,23,14,52,25,17209,8970,0.2619969776123137,12,4,24768,21285,4247,1822,20897,26849,41072,29302,0,0,21533,3080,5513,793,1379,60,0,0,0,0,54662,4109,8792,0,0,0,0,0
600,8681,601.048276116491,99921,23,14,52,25,17211,8970,0.2620169934248056,10,4,24734,21274,4225,1810,20955,26872,41153,29406,0,0,21388,3065,5530,790,1382,60,0,0,0,0,54805,4087,8814,0,0,0,0,0
601,8681,602.1142143034847,99921,17,15,52,25,17211,8972,0.26203700923729745,12,3,24722,21299,4205,1798,20991,26859,41233,29509,0,0,21236,3050,5550,787,1386,60,0,0,0,0,54951,4074,8827,0,0,0,0,0
602,8681,603.0342106701381,99921,15,12,52,25,17214,8972,0.2620670329560353,9,3,24727,21327,4181,1788,21015,26844,41312,29611,0,0,21115,3030,5577,781,1393,60,0,0,0,0,55065,4040,8860,0,0,0,0,0
603,8681,604.0048024010493,99921,14,10,52,25,17215,8972,0.26207704086228123,8,5,24712,21338,4152,1774,21061,26847,41390,29712,0,0,20982,3015,5593,776,1400,60,0,0,0,0,55196,4014,8885,0,0,0,0,0
604,8681,605.2141826740652,99921,14,11,52,25,17218,8975,0.2621370882997568,8,2,24742,21374,4116,1761,21067,26826,41467,29812,0,0,20857,2994,5618,772,1405,60,0,0,0,0,55317,3987,8911,0,0,0,0,0
605,8681,606.0264641071283,99921,17,9,52,25,17222,8975,0.2621771199247405,4,2,24720,21372,4088,1756,21118,26835,41544,29911,0,0,20727,2975,5640,767,1410,60,0,0,0,0,55444,3965,8933,0,0,0,0,0
606,8681,607.0860302966064,99921,13,8,52,25,17222,8975,0.2621771199247405,7,2,24751,21430,4067,1743,21109,26791,41620,30009,0,0,20590,2967,5653,765,1412,60,0,0,0,0,55576,3938,8960,0,0,0,0,0
607,8681,608.157794097417,99921,12,7,52,25,17223,8975,0.26218712783098647,7,2,24748,21457,4045,1730,21135,26778,41695,30105,0,0,20464,2952,5670,759,1419,60,0,0,0,0,55700,3914,8983,0,0,0,0,0
608,8681,609.046350826619,99921,12,7,52,25,17224,8976,0.26220714364347836,9,1,24754,21491,4012,1719,21160,26756,41769,30200,0,0,20346,2929,5695,753,1425,60,0,0,0,0,55816,3892,9005,0,0,0,0,0
609,8681,610.1058831801835,99921,11,7,52,25,17225,8976,0.2622171515497243,12,1,24798,21583,3979,1702,21147,26681,41842,30295,0,0,20210,2917,5709,746,1432,60,0,0,0,0,55950,3879,9018,0,0,0,0,0
610,8681,611.0401901095636,99921,11,7,52,25,17226,8976,0.2622271594559702,11,1,24734,21533,3964,1692,21227,26741,41915,30389,0,0,20080,2903,5724,744,1434,60,0,0,0,0,56079,3858,9039,0,0,0,0,0
611,8681,612.042098686729,99921,13,5,52,25,17229,8976,0.26225718317470803,8,1,24745,21577,3934,1678,21247,26713,41987,30482,0,0,19957,2885,5744,740,1438,61,0,0,0,0,56200,3839,9057,0,0,0,0,0
612,8681,613.4824141179065,99921,14,4,52,25,17232,8976,0.2622872068934458,6,1,24816,21656,3895,1661,21216,26652,42058,30574,0,0,19832,2868,5764,738,1440,61,0,0,0,0,56322,3820,9076,0,0,0,0,0
613,8681,614.0546750796536,99921,14,4,52,25,17233,8976,0.26229721479969176,5,1,24781,21633,3877,1653,21270,26683,42128,30665,0,0,19710,2854,5779,734,1444,61,0,0,0,0,56443,3799,9097,0,0,0,0,0
614,8681,615.1459155235741,99921,9,5,52,25,17234,8977,0.26231723061218365,5,0,24799,21677,3860,1643,21274,26649,42198,30755,0,0,19588,2844,5793,733,1445,62,0,0,0,0,56561,3772,9123,0,0,0,0,0
615,8681,616.1452686565547,99921,7,4,52,25,17234,8977,0.26231723061218365,6,2,24817,21694,3833,1633,21284,26641,42267,30844,0,0,19471,2831,5809,729,1449,62,0,0,0,0,56675,3748,9147,0,0,0,0,0
616,8681,617.0449322740119,99921,7,4,52,25,17236,8978,0.26234725433092143,6,1,24822,21726,3811,1624,21301,26619,42335,30932,0,0,19356,2813,5830,727,1450,63,0,0,0,0,56787,3728,9167,0,0,0,0,0
617,8681,618.1867923946354,99921,8,3,52,25,17239,8978,0.2623772780496592,3,1,24861,21797,3792,1609,21283,26564,42403,31019,0,0,19238,2797,5847,724,1455,63,0,0,0,0,56904,3710,9183,0,0,0,0,0
618,8681,619.4145064733468,99921,8,3,52,25,17239,8978,0.2623772780496592,3,2,24919,21897,3757,1598,21260,26474,42470,31105,0,0,19130,2781,5863,720,1459,63,0,0,0,0,57012,3685,9208,0,0,0,0,0
619,8681,620.1803751305073,99921,9,3,52,25,17240,8978,0.26238728595590516,3,3,24890,21879,3736,1591,21309,26498,42536,31190,0,0,19018,2764,5880,716,1462,64,0,0,0,0,57124,3668,9225,0,0,0,0,0
620,8681,621.3474691195743,99921,10,4,52,25,17241,8979,0.26240730176839705,5,3,24948,21959,3702,1578,21282,26430,42602,31274,0,0,18904,2746,5898,716,1462,64,0,0,0,0,57238,3650,9243,0,0,0,0,0
621,8681,622.1122906639041,99921,9,4,52,25,17241,8979,0.26240730176839705,6,3,24920,21948,3683,1576,21329,26443,42667,31357,0,0,18789,2736,5909,713,1465,64,0,0,0,0,57352,3630,9263,0,0,0,0,0
622,8681,623.077639360621,99921,10,5,52,25,17242,8980,0.2624273175808889,7,2,24893,21940,3665,1562,21372,26465,42731,31439,0,0,18689,2721,5924,710,1468,64,0,0,0,0,57452,3602,9291,0,0,0,0,0
623,8681,624.0731549086837,99921,10,3,52,25,17244,8980,0.2624473333933808,5,2,24900,21954,3646,1556,21386,26459,42795,31520,0,0,18583,2705,5943,708,1470,65,0,0,0,0,57555,3582,9310,0,0,0,0,0
624,8681,625.0399707526714,99921,9,2,52,25,17245,8980,0.2624573412996267,4,2,24909,22020,3619,1546,21406,26404,42858,31601,0,0,18471,2694,5953,705,1475,65,0,0,0,0,57666,3564,9328,0,0,0,0,0
625,8681,626.1555784959189,99921,9,3,52,25,17246,8981,0.26247735711211856,6,1,24977,22125,3588,1538,21367,26307,42920,31681,0,0,18368,2681,5967,699,1480,66,0,0,0,0,57768,3545,9347,0,0,0,0,0
626,8681,627.3529009049697,99921,9,4,52,25,17246,8982,0.2624873650183645,7,1,24992,22176,3570,1523,21369,26270,42982,31760,0,0,18265,2669,5979,699,1480,66,0,0,0,0,57871,3519,9373,0,0,0,0,0
627,8681,628.1162345950669,99921,8,4,52,25,17246,8982,0.2624873650183645,7,1,24950,22153,3558,1515,21424,26301,43043,31838,0,0,18158,2655,5994,697,1482,66,0,0,0,0,57977,3503,9389,0,0,0,0,0
628,8681,629.0712887288636,99921,7,2,52,25,17246,8982,0.2624873650183645,8,1,24975,22188,3539,1507,21418,26276,43103,31915,0,0,18056,2641,6011,692,1487,66,0,0,0,0,58076,3487,9405,0,0,0,0,0
629,8681,630.0693551461967,99921,10,4,52,25,17251,8985,0.26256742826833196,30,23,24976,22209,3518,1503,21413,26235,43163,31991,0,0,17955,2629,6024,689,1492,66,0,0,0,0,58176,3467,9423,0,0,0,0,0
630,8681,631.0217009077223,99921,11,9,52,25,17254,8990,0.26264749151829947,29,18,24961,22204,3502,1495,21444,26248,43222,32067,0,0,17849,2620,6033,688,1493,66,1,0,0,1,58280,3447,9443,0,0,0,0,0
631,8681,632.2460238799921,99921,21,10,52,25,17265,8992,0.2627775942994966,22,17,25032,22296,3472,1484,21400,26167,43281,32142,0,0,17746,2606,6047,685,1496,66,2,0,0,2,58381,3432,9458,0,0,0,0,0
632,8681,633.1028372008706,99921,19,12,52,25,17268,8995,0.2628376417369722,24,15,25049,22324,3448,1469,21407,26154,43339,32216,0,0,17652,2592,6061,684,1500,66,2,0,0,5,58472,3409,9478,0,0,0,0,0
633,8681,634.1675430703609,99921,20,14,52,25,17271,8997,0.2628876812682019,28,16,25050,22337,3434,1463,21415,26144,43396,32289,0,0,17549,2587,6066,681,1503,66,2,0,0,7,58573,3390,9497,0,0,0,0,0
634,8681,635.1420401863738,99921,29,14,52,25,17282,9000,0.26302779195564496,21,15,25070,22387,3411,1458,21416,26100,43453,32361,0,0,17443,2576,6076,677,1508,66,3,0,0,10,58675,3381,9506,0,0,0,0,0
635,8681,636.1442992866558,99921,22,16,52,25,17284,9004,0.2630878393931206,24,15,25094,22414,3398,1452,21409,26077,43509,32433,0,0,17344,2559,6093,675,1511,66,6,0,0,17,58764,3368,9518,0,0,0,0,0
636,8681,637.1703353051139,99921,20,19,52,25,17287,9008,0.2631578947368421,27,14,25128,22451,3373,1444,21399,26046,43565,32504,0,0,17250,2543,6109,673,1513,66,7,0,0,22,58852,3352,9534,0,0,0,0,0
637,8681,638.0383983986258,99921,25,20,52,25,17297,9012,0.26329800542428516,23,14,25174,22525,3358,1444,21367,25971,43620,32574,0,0,17147,2536,6116,669,1518,66,9,0,0,27,58948,3339,9546,0,0,0,0,0
638,8681,639.0243453837577,99920,29,17,53,25,17302,9014,0.2633706965572458,21,14,25173,22537,3339,1442,21384,25964,43675,32643,0,0,17054,2531,6121,665,1524,66,9,0,0,30,59037,3317,9566,0,0,0,0,0
639,8681,640.0683165332441,99920,30,16,53,25,17306,9019,0.2634607686148919,27,16,25195,22587,3317,1436,21377,25919,43729,32711,0,0,16969,2513,6138,664,1528,66,9,0,0,36,59116,3299,9582,0,0,0,0,0
640,8681,641.206609249744,99920,31,18,53,25,17315,9024,0.26360088070456367,25,16,25211,22634,3311,1432,21368,25874,43782,32779,0,0,16872,2504,6147,662,1532,67,11,0,0,42,59205,3285,9593,0,0,0,0,0
641,8681,642.0462016641513,99920,36,18,53,25,17323,9029,0.26373098478783025,25,15,25212,22670,3291,1428,21382,25843,43835,32846,0,0,16784,2493,6157,654,1541,67,12,0,0,48,59286,3271,9607,0,0,0,0,0
642,8681,643.0268015065044,99920,35,19,53,25,17329,9033,0.2638310648518815,25,18,25245,22719,3274,1420,21367,25798,43887,32912,0,0,16696,2484,6164,649,1548,67,14,0,0,54,59366,3253,9625,0,0,0,0,0
643,8681,644.0441442383127,99920,38,23,53,25,17336,9037,0.2639411529223379,22,21,25287,22755,3256,1410,21343,25765,43939,32978,0,0,16606,2468,6179,647,1551,67,17,0,0,54,59453,3240,9638,0,0,0,0,0
644,8681,645.1733067342686,99920,43,23,53,25,17342,9041,0.2640412329863891,21,20,25297,22767,3241,1411,21344,25753,43990,33043,0,0,16513,2457,6190,646,1552,67,17,0,0,59,59541,3229,9649,0,0,0,0,0
645,8681,646.0440771054127,99920,50,30,53,25,17355,9049,0.26425140112089673,23,21,25334,22807,3226,1403,21313,25713,44041,33107,0,0,16429,2442,6204,643,1556,67,19,0,0,63,59619,3214,9664,0,0,0,0,0
646,8681,647.170822636844,99920,46,29,53,25,17360,9052,0.26433146517213774,38,22,25367,22865,3210,1400,21285,25658,44091,33170,0,0,16346,2430,6214,641,1562,67,22,0,0,69,59693,3195,9681,0,0,0,0,0
647,8681,648.2959625225623,99920,48,30,53,25,17368,9059,0.2644815852682146,50,21,25379,22903,3198,1398,21271,25622,44141,33233,0,0,16251,2420,6222,640,1566,67,25,0,0,75,59779,3185,9690,0,0,0,0,0
648,8681,649.0457455496212,99920,50,34,53,25,17373,9065,0.26459167333867095,50,19,25355,22875,3188,1398,21303,25648,44190,33295,0,0,16166,2411,6231,637,1570,67,26,0,0,78,59860,3170,9704,0,0,0,0,0
649,8681,650.1753006309066,99920,63,34,53,25,17389,9071,0.2648118494795837,51,20,25413,22959,3164,1396,21255,25565,44239,33356,0,0,16085,2399,6243,632,1577,67,27,0,0,84,59934,3157,9715,0,0,0,0,0
650,8681,651.2270843756232,99920,71,38,53,25,17403,9075,0.2649919935948759,48,18,25414,22991,3151,1387,21262,25540,44287,33417,0,0,16002,2387,6255,629,1582,67,28,0,0,86,60014,3144,9726,0,0,0,0,0
651,8681,652.0620058088109,99920,75,39,53,25,17420,9082,0.26523218574859886,43,20,25454,23046,3136,1386,21238,25483,44335,33477,0,0,15921,2373,6267,624,1591,67,34,0,0,95,60080,3130,9738,0,0,0,0,0
652,8681,653.0279635951563,99920,75,42,53,25,17429,9088,0.26538230584467576,44,20,25444,23068,3130,1384,21253,25460,44382,33536,0,0,15835,2368,6270,622,1597,67,36,0,0,101,60158,3115,9751,0,0,0,0,0
653,8681,654.1038861961366,99920,87,40,53,25,17451,9097,0.2656925540432346,42,24,25481,23147,3116,1387,21220,25376,44429,33595,0,0,15750,2363,6274,621,1606,67,38,0,0,111,60230,3098,9762,0,0,0,0,0
654,8681,655.0544381668182,99920,85,39,53,25,17459,9104,0.26584267413931145,43,19,25494,23171,3109,1388,21215,25357,44475,33653,0,0,15670,2347,6289,620,1609,68,43,0,0,119,60296,3086,9773,0,0,0,0,0
655,8681,656.3063735746507,99920,87,41,53,25,17481,9113,0.2661529223378703,48,22,25531,23234,3106,1385,21174,25292,44521,33710,0,0,15592,2336,6297,619,1619,69,47,0,0,132,60357,3070,9782,0,0,0,0,0
656,8681,657.1691008087322,99919,85,39,54,25,17490,9119,0.2663057076231748,64,25,25549,23296,3103,1382,21144,25232,44567,33767,0,0,15513,2327,6303,619,1624,69,49,0,0,142,60423,3051,9799,0,0,0,0,0
657,8681,658.2851726126129,99919,97,36,54,25,17511,9125,0.26657592650046535,61,29,25608,23347,3086,1382,21093,25180,44612,33823,0,0,15437,2313,6313,618,1631,70,51,0,0,150,60489,3039,9808,0,0,0,0,0
658,8681,659.0278642393739,99919,87,33,54,25,17518,9127,0.26666599945956226,70,31,25610,23381,3085,1381,21093,25148,44657,33879,0,0,15358,2302,6323,618,1636,71,56,0,0,160,60553,3023,9819,0,0,0,0,0
659,8681,660.1413876041601,99919,88,39,54,25,17535,9134,0.2669061940171539,70,30,25639,23434,3086,1370,21062,25101,44701,33934,0,0,15287,2289,6334,620,1641,71,58,0,0,168,60614,3004,9833,0,0,0,0,0
660,8681,661.253666594581,99919,94,48,54,25,17556,9146,0.2672364615338424,66,30,25677,23475,3081,1364,21027,25057,44745,33988,0,0,15199,2282,6339,622,1643,71,63,0,0,177,60688,2994,9841,0,0,0,0,0
661,8681,662.3642069828769,99918,93,48,55,25,17573,9153,0.26747933305310356,65,31,25734,23535,3084,1362,20968,24998,44788,34042,0,0,15118,2274,6344,621,1649,71,67,0,0,191,60750,2981,9852,0,0,0,0,0
662,8681,663.103073458762,99918,92,49,55,25,17581,9156,0.26758942332712826,73,32,25737,23561,3079,1356,20963,24976,44831,34095,0,0,15042,2265,6352,622,1649,71,70,0,0,198,60816,2966,9867,0,0,0,0,0
663,8681,664.2109206519817,99918,92,51,55,25,17596,9167,0.2678496367020957,84,33,25762,23609,3073,1354,20933,24927,44874,34148,0,0,14965,2253,6364,622,1649,72,76,0,0,214,60871,2953,9879,0,0,0,0,0
664,8681,665.3173182076072,99918,97,55,55,25,17623,9177,0.26821994035108787,78,37,25812,23663,3073,1345,20884,24874,44916,34200,0,0,14887,2245,6369,623,1655,72,83,0,0,228,60928,2937,9891,0,0,0,0,0
665,8681,666.0537031825743,99918,107,56,55,25,17640,9182,0.26844012089913727,77,41,25817,23689,3064,1342,20879,24846,44958,34252,0,0,14815,2238,6374,618,1664,72,83,0,0,235,60993,2927,9899,0,0,0,0,0
666,8681,667.157804192808,99918,112,62,55,25,17665,9199,0.26886046558177706,78,43,25838,23743,3063,1345,20853,24781,44999,34303,0,0,14742,2231,6378,620,1670,72,85,0,0,255,61044,2910,9911,0,0,0,0,0
667,8681,668.2608087543974,99918,123,70,55,25,17687,9218,0.26927080205768733,90,37,25855,23794,3052,1343,20824,24730,45040,34353,0,0,14673,2221,6387,621,1673,72,89,0,0,269,61095,2893,9925,0,0,0,0,0
668,8681,669.3626549104343,99918,118,66,55,25,17711,9234,0.269671130326868,99,41,25881,23838,3063,1358,20783,24671,45081,34403,0,0,14594,2211,6390,624,1686,73,95,0,0,294,61143,2882,9926,0,0,0,0,0
669,8681,670.0966898104886,99918,122,64,55,25,17735,9241,0.2699813847354831,97,45,25879,23875,3069,1355,20777,24635,45121,34452,0,0,14521,2202,6395,624,1695,73,99,0,0,310,61196,2871,9932,0,0,0,0,0
670,8681,671.1974507352231,99918,130,66,55,25,17756,9252,0.2703016473508277,102,51,25901,23913,3059,1356,20752,24588,45161,34501,0,0,14447,2194,6400,624,1701,73,106,0,0,319,61254,2857,9943,0,0,0,0,0
671,8681,672.2971807907448,99918,146,61,55,25,17787,9260,0.2706919674132789,118,52,25940,23990,3048,1361,20692,24510,45200,34549,0,0,14380,2186,6407,624,1704,74,110,0,0,338,61298,2841,9956,0,0,0,0,0
672,8681,673.0293418753309,99918,151,64,55,25,17808,9268,0.27098220540843493,118,51,25953,24023,3049,1358,20673,24478,45239,34597,0,0,14309,2180,6412,623,1708,74,113,0,0,353,61351,2829,9966,0,0,0,0,0
673,8681,674.1265527431418,99918,163,63,55,25,17844,9278,0.2714425829179928,119,58,25979,24087,3050,1361,20633,24405,45278,34644,0,0,14243,2169,6419,624,1716,74,120,0,0,372,61391,2812,9978,0,0,0,0,0
674,8681,675.2223815305993,99918,177,62,55,25,17881,9294,0.2719730178746572,119,60,26005,24142,3055,1372,20588,24338,45316,34691,0,0,14175,2157,6426,626,1720,75,127,0,0,397,61427,2798,9990,0,0,0,0,0
675,8681,676.3169580758629,99918,183,75,55,25,17912,9312,0.2724634200044036,134,67,26036,24178,3046,1372,20545,24282,45354,34737,0,0,14103,2145,6436,627,1723,76,136,0,0,412,61475,2788,9997,0,0,0,0,0
676,8681,677.0458120756658,99918,188,79,55,25,17935,9320,0.2727736744130187,153,71,26014,24210,3050,1370,20539,24244,45392,34783,0,0,14035,2135,6445,629,1725,77,141,0,0,424,61526,2776,10005,0,0,0,0,0
677,8681,678.1390766514215,99918,203,88,55,25,17973,9335,0.27330410936968313,166,80,26035,24260,3051,1370,20489,24176,45429,34828,0,0,13963,2129,6449,627,1730,77,147,0,0,444,61572,2768,10012,0,0,0,0,0
678,8681,679.2311268203747,99916,213,95,57,25,18018,9356,0.27397013491332717,179,82,26046,24317,3066,1379,20438,24101,45466,34873,0,0,13899,2118,6457,628,1744,77,154,0,0,469,61602,2752,10016,0,0,0,0,0
679,8681,680.3222935949498,99916,223,111,57,25,18063,9381,0.2746707234076624,186,78,26058,24361,3081,1381,20394,24043,45502,34917,0,0,13830,2109,6464,629,1750,77,164,0,0,496,61634,2739,10024,0,0,0,0,0
680,8681,681.0493206309702,99916,228,104,57,25,18101,9392,0.27516113535369713,177,80,26076,24390,3103,1394,20358,24006,45538,34961,0,0,13765,2102,6466,626,1767,77,171,0,0,526,61662,2727,10027,0,0,0,0,0
681,8681,682.13905854582,99916,230,112,57,25,18144,9413,0.27580167340566075,189,84,26088,24430,3126,1399,20309,23949,45574,35004,0,0,13698,2097,6463,629,1777,78,177,0,0,559,61690,2711,10037,0,0,0,0,0
682,8681,683.2279222438062,99916,247,108,57,25,18196,9430,0.27649225349293405,191,97,26106,24463,3138,1413,20260,23893,45609,35047,0,0,13625,2087,6468,635,1783,79,187,0,0,591,61721,2700,10040,0,0,0,0,0
683,8681,684.3159567932398,99916,260,122,57,25,18246,9462,0.27731294287201247,187,102,26123,24481,3158,1426,20214,23843,45644,35089,0,0,13557,2082,6467,636,1795,79,198,0,0,622,61747,2684,10049,0,0,0,0,0
684,8681,685.0407186643034,99915,252,132,58,25,18269,9480,0.27772606715708353,203,103,26120,24502,3175,1428,20191,23809,45679,35131,0,0,13488,2074,6467,635,1807,80,204,0,0,641,61790,2679,10050,0,0,0,0,0
685,8681,686.1277829935113,99915,259,139,58,25,18319,9502,0.27844667967772607,227,108,26124,24542,3191,1437,20140,23748,45713,35172,0,0,13423,2061,6475,638,1815,80,213,0,0,678,61808,2670,10054,0,0,0,0,0
686,8681,687.2141316231313,99915,273,141,58,25,18369,9527,0.27919731772006207,223,108,26146,24585,3206,1449,20093,23691,45747,35213,0,0,13361,2050,6478,640,1827,81,222,0,0,711,61828,2656,10061,0,0,0,0,0
687,8681,688.2995024225431,99914,297,141,59,25,18429,9552,0.280050843725604,226,106,26158,24625,3219,1468,20040,23634,45781,35254,0,0,13293,2043,6480,644,1840,83,229,0,0,743,61856,2644,10059,0,0,0,0,0
688,8681,689.0225641958185,99914,314,137,59,25,18481,9566,0.2807114118141602,243,117,26138,24642,3236,1482,20009,23596,45814,35294,0,0,13226,2035,6481,644,1854,83,240,0,0,770,61885,2634,10062,0,0,0,0,0
689,8681,690.1073325202675,99913,331,126,59,26,18555,9583,0.2816250137619729,235,131,26162,24695,3275,1501,19937,23520,45847,35334,0,0,13152,2025,6482,650,1871,85,256,0,0,810,61902,2622,10058,0,0,0,0,0
690,8681,691.1911339268551,99913,338,140,59,26,18611,9622,0.28257584098165406,271,121,26151,24738,3309,1515,19871,23459,45880,35373,0,0,13088,2015,6484,655,1885,86,264,0,0,855,61913,2611,10057,0,0,0,0,0
691,8681,692.2745946822304,99913,382,150,59,26,18698,9656,0.28378689459830053,276,127,26131,24764,3328,1529,19823,23403,45913,35412,0,0,13032,2004,6489,655,1901,87,274,0,0,892,61921,2595,10063,0,0,0,0,0
692,8681,693.3581956904517,99913,410,153,59,26,18784,9685,0.2849378959694935,263,140,26155,24796,3359,1548,19753,23336,45945,35450,0,0,12973,1997,6493,658,1915,88,285,0,0,945,61916,2576,10067,0,0,0,0,0
693,8681,694.0798738972188,99913,422,169,59,26,18844,9713,0.28581866223614544,255,142,26139,24824,3387,1553,19737,23285,45977,35488,0,0,12910,1991,6496,659,1925,88,299,0,0,980,61930,2560,10075,0,0,0,0,0
694,8681,695.1627243173775,99913,445,179,59,26,18916,9753,0.2869396374846116,285,143,26117,24855,3417,1575,19676,23221,46009,35526,0,0,12832,1984,6500,661,1935,88,317,0,0,1028,61941,2555,10072,0,0,0,0,0
695,8681,696.2456474524092,99913,447,195,59,26,18994,9796,0.28815069110125807,310,140,26118,24893,3465,1596,19600,23149,46040,35563,0,0,12754,1977,6500,663,1951,89,340,0,0,1087,61937,2546,10069,0,0,0,0,0
696,8681,697.3282299011311,99913,484,202,59,26,19096,9834,0.2895519101618408,333,146,26098,24922,3510,1621,19515,23082,46071,35600,0,0,12690,1970,6500,668,1969,89,350,0,0,1149,61928,2534,10066,0,0,0,0,0
697,8681,698.0499116552073,99913,497,213,59,26,19163,9869,0.2905727983345511,337,151,26087,24934,3548,1637,19471,23038,46102,35636,0,0,12634,1961,6499,668,1992,90,358,0,0,1194,61931,2524,10062,0,0,0,0,0
698,8681,699.1326100431191,99913,519,213,59,26,19261,9907,0.2919339825648314,359,154,26084,24968,3598,1670,19380,22968,46133,35672,0,0,12559,1948,6500,676,2012,91,378,0,0,1256,61923,2516,10054,0,0,0,0,0
699,8681,700.2149148571538,99913,527,213,59,26,19350,9949,0.2932451232572338,384,168,26076,24992,3656,1703,19297,22897,46163,35708,0,0,12489,1939,6497,680,2030,92,399,0,0,1332,61895,2503,10057,0,0,0,0,0
700,8681,701.2967284536977,99912,566,232,60,26,19455,10000,0.2948094323004244,386,172,26071,25004,3705,1726,19211,22839,46193,35743,0,0,12423,1925,6502,683,2048,93,414,0,0,1388,61886,2499,10051,0,0,0,0,0
701,8681,702.0177549081425,99912,564,244,60,26,19516,10032,0.2957402514212507,401,190,26065,25026,3742,1739,19167,22774,46223,35778,0,0,12368,1914,6509,685,2060,96,424,0,0,1440,61879,2487,10050,0,0,0,0,0
702,8681,703.0994259651562,99912,594,255,60,26,19627,10081,0.297341660661382,403,209,26041,25067,3800,1766,19101,22676,46252,35813,0,0,12295,1908,6502,687,2084,100,447,0,0,1502,61866,2478,10043,0,0,0,0,0
703,8681,704.1814014598842,99912,632,276,60,26,19746,10145,0.2991732724797822,435,199,26015,25100,3861,1796,18996,22602,46281,35847,0,0,12231,1902,6500,691,2104,101,461,0,0,1585,61833,2466,10038,0,0,0,0,0
704,8681,705.2636060013292,99911,668,286,61,26,19867,10193,0.30086777231736245,458,219,25997,25136,3913,1819,18902,22513,46310,35881,0,0,12165,1891,6504,695,2122,104,485,0,0,1653,61807,2450,10035,0,0,0,0,0
705,8681,706.3454540011128,99911,689,313,61,26,19996,10266,0.30288957171882974,460,207,25984,25163,3998,1858,18807,22432,46339,35914,0,0,12087,1882,6502,705,2150,106,511,0,0,1736,61775,2437,10020,0,0,0,0,0
706,8681,707.0667912961227,99911,677,320,61,26,20068,10313,0.3040806317622684,476,214,25964,25166,4068,1889,18753,22384,46367,35947,0,0,12021,1875,6503,711,2167,109,530,0,0,1811,61746,2424,10014,0,0,0,0,0
707,8681,708.1495975083299,99911,699,324,61,26,20190,10369,0.30586221737346236,511,228,25928,25178,4140,1931,18660,22312,46395,35980,0,0,11956,1865,6504,714,2196,111,549,0,0,1905,61695,2416,10000,0,0,0,0,0
708,8681,709.2329907009706,99911,727,312,61,26,20333,10422,0.30782396332736134,536,260,25899,25195,4218,1982,18558,22224,46423,36012,0,0,11879,1857,6496,717,2233,114,580,0,0,2003,61641,2404,9987,0,0,0,0,0
709,8681,710.3169559764256,99909,746,330,62,27,20473,10491,0.30992202904643223,569,259,25867,25217,4297,2021,18458,22145,46451,36044,0,0,11807,1852,6492,716,2263,116,605,0,0,2110,61576,2395,9977,0,0,0,0,0
710,8681,711.0397593955829,99909,771,333,62,27,20585,10540,0.3115334954808876,579,253,25837,25212,4355,2066,18395,22108,46478,36076,0,0,11733,1843,6495,725,2281,117,632,0,0,2186,61546,2383,9968,0,0,0,0,0
711,8681,712.1247981955378,99909,793,356,62,27,20733,10613,0.3137455084126555,607,272,25822,25218,4444,2102,18271,22024,46505,36107,0,0,11664,1829,6492,736,2306,120,655,0,0,2293,61482,2373,9959,0,0,0,0,0
712,8681,713.2098758779024,99909,830,372,62,27,20887,10692,0.31607763064388594,643,279,25762,25240,4526,2156,18176,21925,46532,36138,0,0,11595,1818,6488,746,2339,123,683,0,0,2394,61420,2357,9946,0,0,0,0,0
713,8681,714.2963433032178,99909,876,383,62,27,21052,10768,0.3184898257414247,704,307,25676,25232,4614,2211,18067,21839,46559,36169,0,0,11531,1808,6484,756,2368,123,701,0,0,2517,61340,2344,9937,0,0,0,0,0
714,8681,715.0217512129778,99908,908,402,63,27,21186,10825,0.32040477239059934,709,311,25628,25229,4680,2242,18011,21788,46585,36199,0,0,11476,1799,6477,760,2395,127,719,0,0,2594,61295,2330,9936,0,0,0,0,0
715,8681,716.1116091221267,99908,949,433,63,27,21387,10904,0.3232073507627017,705,309,25573,25250,4806,2282,17903,21698,46611,36229,0,0,11399,1791,6472,764,2428,128,757,0,0,2719,61203,2317,9930,0,0,0,0,0
716,8681,717.2033118088683,99906,984,439,65,27,21580,10981,0.32591636137969693,747,351,25497,25236,4922,2336,17784,21610,46637,36259,0,0,11317,1784,6463,775,2472,130,790,0,0,2850,61117,2303,9905,0,0,0,0,0
717,8681,718.2968866625521,99905,1032,486,65,28,21802,11093,0.3292627996596767,747,344,25420,25250,5055,2381,17680,21510,46663,36288,0,0,11243,1771,6457,792,2511,133,821,0,0,2987,61015,2287,9888,0,0,0,0,0
718,8681,719.0273008961584,99905,1049,500,65,28,21942,11154,0.33127471097542666,757,357,25366,25230,5156,2422,17606,21462,46688,36317,0,0,11185,1761,6452,799,2537,133,840,0,0,3100,60938,2273,9887,0,0,0,0,0
719,8681,720.1251452518279,99905,1092,514,65,28,22154,11244,0.3342975827035684,779,396,25283,25230,5289,2482,17491,21349,46713,36346,0,0,11104,1749,6443,810,2576,138,877,0,0,3241,60835,2263,9869,0,0,0,0,0
720,8681,721.2253255319102,99903,1144,549,67,28,22378,11354,0.3376475180925498,802,401,25223,25251,5418,2538,17345,21232,46738,36375,0,0,11023,1738,6436,821,2613,143,914,0,0,3382,60733,2249,9851,0,0,0,0,0
721,8681,722.326991214167,99903,1158,572,67,28,22603,11467,0.3410307998758796,835,431,25135,25228,5576,2612,17228,21128,46763,36403,0,0,10927,1729,6415,831,2661,150,964,0,0,3549,60605,2236,9836,0,0,0,0,0
722,8681,723.062825521544,99903,1178,601,67,28,22760,11553,0.34346315926448656,838,430,25076,25222,5681,2659,17159,21059,46788,36431,0,0,10871,1719,6409,838,2705,154,981,0,0,3656,60528,2223,9819,0,0,0,0,0
723,8681,724.1693827905032,99902,1240,627,67,29,22996,11677,0.3470701287261516,857,450,24982,25203,5816,2736,17037,20954,46812,36459,0,0,10788,1706,6392,851,2759,159,1028,0,0,3796,60416,2206,9801,0,0,0,0,0
724,8681,725.2786337255981,99902,1281,649,67,29,23220,11793,0.3504734639947148,921,468,24858,25200,5951,2810,16921,20843,46836,36486,0,0,10709,1698,6389,860,2802,160,1070,0,0,3968,60274,2189,9783,0,0,0,0,0
725,8681,726.0202214735134,99901,1296,671,68,29,23379,11875,0.3528893604668622,962,475,24772,25206,6056,2851,16845,20767,46860,36513,0,0,10637,1685,6382,871,2842,161,1100,0,0,4083,60197,2181,9762,0,0,0,0,0
726,8681,727.1361703565098,99901,1340,715,68,29,23619,12023,0.3567732054734187,1007,467,24679,25174,6208,2939,16697,20675,46884,36540,0,0,10561,1671,6374,885,2882,167,1141,0,0,4270,60038,2166,9746,0,0,0,0,0
727,8681,728.2552200175611,99901,1406,747,68,29,23898,12163,0.36096735768410726,1038,465,24570,25173,6361,3022,16556,20563,46908,36567,0,0,10483,1649,6368,911,2923,179,1177,0,0,4452,59887,2152,9720,0,0,0,0,0
728,8681,729.0031767127831,99901,1419,761,68,29,24074,12254,0.3636400036035675,1067,482,24487,25137,6481,3087,16477,20503,46931,36593,0,0,10416,1637,6352,926,2962,184,1208,0,0,4594,59780,2134,9708,0,0,0,0,0
729,8681,730.1282497779882,99900,1521,774,69,29,24390,12392,0.3681881881881882,1076,499,24363,25092,6637,3191,16333,20414,46954,36619,0,0,10339,1626,6337,938,3016,189,1251,0,0,4802,59598,2114,9690,0,0,0,0,0
730,8681,731.2571992128757,99895,1576,757,73,30,24706,12516,0.3726112418038941,1112,556,24246,25075,6822,3311,16170,20270,46977,36645,0,0,10240,1614,6322,954,3077,191,1311,0,0,5042,59380,2095,9669,0,0,0,0,0
731,8681,732.0122615131552,99895,1635,786,73,30,24916,12623,0.37578457380249264,1149,570,24133,25043,6929,3373,16080,20197,47000,36671,0,0,10177,1605,6311,960,3122,193,1336,0,0,5180,59271,2085,9655,0,0,0,0,0
732,8681,733.1489219398841,99893,1704,806,75,30,25253,12787,0.38080746398646553,1173,565,24004,25026,7121,3489,15922,20083,47023,36696,0,0,10081,1592,6292,975,3207,197,1395,0,0,5408,59070,2065,9611,0,0,0,0,0
733,8681,734.2905415299809,99892,1759,875,75,31,25586,12961,0.38588675769831415,1222,603,23840,24972,7328,3562,15775,19956,47045,36721,0,0,9991,1580,6280,1002,3260,209,1450,0,0,5615,58885,2034,9586,0,0,0,0,0
734,8681,735.0545983019464,99891,1817,885,75,32,25845,13061,0.3894845381465798,1234,635,23749,24914,7465,3631,15659,19902,47067,36746,0,0,9916,1572,6271,1012,3315,214,1485,0,0,5777,58748,2022,9559,0,0,0,0,0
735,8681,736.2052579911533,99889,1818,944,76,33,26171,13256,0.3947081260198821,1284,681,23602,24844,7716,3741,15503,19756,47089,36770,0,0,9812,1556,6249,1040,3390,224,1548,0,0,6034,58516,2001,9519,0,0,0,0,0
736,8681,737.3613721626679,99888,1877,993,76,34,26539,13470,0.4005386032356239,1312,675,23449,24815,7938,3881,15347,19601,47111,36794,0,0,9700,1546,6219,1061,3471,230,1620,0,0,6302,58272,1980,9487,0,0,0,0,0
737,8681,738.1353434450293,99887,1891,1001,77,34,26769,13596,0.40410664050376927,1371,688,23329,24778,8086,3977,15245,19521,47133,36818,0,0,9623,1534,6210,1083,3521,240,1654,0,0,6488,58108,1966,9460,0,0,0,0,0
738,8681,739.3020240962705,99885,1963,1025,78,35,27186,13788,0.4102117435050308,1380,704,23161,24727,8351,4103,15066,19405,47154,36842,0,0,9530,1521,6182,1113,3626,248,1709,0,0,6761,57843,1940,9412,0,0,0,0,0
739,8681,740.0837473133055,99883,2021,1059,78,37,27458,13930,0.4143648068239841,1377,713,23040,24694,8503,4192,14980,19304,47175,36866,0,0,9458,1513,6163,1123,3703,251,1739,0,0,6933,57693,1928,9379,0,0,0,0,0
740,8681,741.2626056302195,99882,2068,1090,78,38,27854,14149,0.42052622094071,1415,714,22850,24659,8768,4345,14820,19153,47196,36889,0,0,9363,1500,6134,1156,3797,263,1795,0,0,7227,57404,1901,9342,0,0,0,0,0
741,8681,742.0531938772649,99882,2133,1129,78,38,28137,14296,0.4248313009351034,1415,726,22742,24605,8915,4427,14716,19074,47217,36912,0,0,9292,1494,6114,1174,3861,268,1823,0,0,7411,57246,1884,9315,0,0,0,0,0
742,8681,743.2447046758532,99880,2167,1136,78,40,28563,14502,0.43116740088105726,1428,756,22589,24561,9201,4577,14536,18929,47238,36935,0,0,9179,1479,6083,1200,3959,284,1898,0,0,7734,56930,1863,9271,0,0,0,0,0
743,8681,744.043075903906,99878,2167,1157,80,40,28830,14651,0.4353411161617173,1449,783,22467,24514,9409,4684,14427,18821,47258,36958,0,0,9106,1465,6064,1223,4025,295,1935,0,0,7954,56723,1843,9245,0,0,0,0,0
744,8681,745.2473597289418,99876,2252,1196,81,41,29279,14887,0.44220833833954104,1471,797,22283,24453,9664,4849,14248,18663,47278,36980,0,0,8996,1439,6034,1253,4128,307,2009,0,0,8248,56438,1826,9198,0,0,0,0,0
745,8681,746.054801177688,99875,2315,1219,82,41,29611,15052,0.44718898623279096,1462,788,22148,24417,9859,4961,14133,18573,47298,37002,0,0,8917,1426,6006,1272,4214,315,2055,0,0,8462,56234,1804,9170,0,0,0,0,0
746,8681,747.2739740163724,99874,2356,1261,82,42,30073,15318,0.4544826481366522,1525,778,21923,24351,10169,5137,13944,18430,47318,37024,0,0,8815,1411,5971,1301,4348,327,2112,0,0,8805,55891,1781,9112,0,0,0,0,0
747,8681,748.0922754204267,99871,2376,1275,85,42,30359,15478,0.4589620610587658,1602,820,21775,24289,10345,5247,13816,18326,47338,37046,0,0,8722,1400,5946,1314,4437,341,2168,0,0,8996,55708,1770,9069,0,0,0,0,0
748,8681,749.3281096216813,99869,2400,1301,86,43,30834,15737,0.4663208803532628,1628,854,21614,24223,10674,5425,13597,18153,47358,37067,0,0,8599,1379,5906,1357,4568,356,2250,0,0,9349,55358,1741,9006,0,0,0,0,0
749,8681,750.1565427103617,99869,2415,1339,86,43,31158,15916,0.4713574782965685,1658,859,21493,24172,10869,5537,13478,18049,47377,37088,0,0,8530,1361,5883,1378,4667,366,2285,0,0,9577,55130,1720,8972,0,0,0,0,0
750,8681,751.4069186401255,99867,2500,1421,88,43,31682,16216,0.4796178917960888,1686,835,21258,24087,11172,5713,13295,17900,47396,37109,0,0,8427,1342,5855,1397,4789,384,2353,0,0,9932,54768,1702,8918,0,0,0,0,0
751,8681,752.2466760262871,99864,2530,1421,90,44,32021,16387,0.4847392453737082,1727,883,21148,24015,11358,5850,13146,17786,47415,37130,0,0,8347,1330,5830,1417,4898,397,2390,0,0,10179,54527,1692,8857,0,0,0,0,0
752,8681,753.0904351633184,99863,2602,1419,91,44,32376,16567,0.4901014389713908,1745,908,21028,23943,11526,5996,13007,17689,47434,37151,0,0,8259,1322,5811,1433,4979,408,2437,0,0,10434,54276,1679,8825,0,0,0,0,0
753,8681,754.363269662325,99860,2734,1439,92,46,32958,16854,0.49881834568395755,1713,947,20798,23847,11832,6216,12830,17504,47453,37171,0,0,8168,1303,5780,1472,5101,431,2483,0,0,10830,53866,1659,8767,0,0,0,0,0
754,8681,755.2179602177454,99857,2790,1458,95,46,33321,17049,0.5044213224911623,1741,945,20649,23792,12025,6356,12699,17402,47472,37191,0,0,8087,1294,5751,1485,5201,446,2526,0,0,11076,53621,1643,8727,0,0,0,0,0
755,8681,756.0777827231994,99856,2834,1472,96,46,33702,17252,0.5102747957058164,1782,964,20486,23729,12235,6510,12566,17278,47491,37211,0,0,8000,1275,5714,1510,5315,463,2571,0,0,11324,53365,1630,8689,0,0,0,0,0
756,8681,757.3785200885528,99854,2956,1516,97,47,34343,17566,0.5198489795100847,1793,969,20246,23654,12563,6709,12344,17104,47509,37231,0,0,7885,1257,5667,1548,5484,492,2641,0,0,11698,52970,1606,8606,0,0,0,0,0
757,8681,758.2526910073191,99851,2936,1555,100,47,34717,17796,0.5259136112808084,1816,950,20121,23608,12823,6847,12203,16992,47527,37251,0,0,7785,1241,5638,1571,5599,511,2707,0,0,11981,52671,1584,8563,0,0,0,0,0
758,8681,759.1318265910106,99849,2958,1560,102,47,35121,18005,0.5320634157577943,1813,990,19964,23528,13100,7005,12062,16869,47545,37270,0,0,7693,1228,5611,1596,5711,531,2758,0,0,12282,52364,1565,8510,0,0,0,0,0
759,8681,760.0175126127488,99849,2947,1602,102,47,35510,18232,0.5382327314244509,1866,972,19815,23483,13346,7139,11923,16756,47563,37289,0,0,7587,1212,5579,1615,5845,541,2825,0,0,12565,52067,1555,8458,0,0,0,0,0
760,8681,761.3573845468422,99848,3030,1588,103,47,36148,18561,0.5479228427209358,1890,1001,19567,23366,13721,7410,11688,16587,47581,37308,0,0,7475,1202,5539,1646,6040,562,2898,0,0,13019,51562,1522,8383,0,0,0,0,0
761,8681,762.2589965555273,99847,3061,1603,104,47,36556,18781,0.5542179534688073,1907,1017,19415,23280,13948,7575,11564,16477,47599,37327,0,0,7374,1192,5515,1677,6152,583,2954,0,0,13297,51271,1504,8328,0,0,0,0,0
762,8681,763.1673103653474,99845,3084,1685,106,47,36983,19049,0.5611898442586009,1938,999,19265,23212,14207,7699,11399,16357,47616,37346,0,0,7292,1176,5489,1702,6266,610,2995,0,0,13578,50971,1486,8280,0,0,0,0,0
763,8681,764.0813025970597,99843,3126,1721,108,47,37398,19298,0.5678515268972286,1974,1000,19092,23149,14442,7850,11257,16232,47633,37365,0,0,7210,1162,5457,1725,6394,634,3033,0,0,13847,50680,1470,8231,0,0,0,0,0
764,8681,765.002321291795,99843,3190,1697,108,47,37863,19509,0.5746221567861542,1971,1033,18929,23070,14683,8025,11118,16127,47650,37383,0,0,7120,1147,5424,1746,6535,659,3089,0,0,14135,50360,1451,8177,0,0,0,0,0
765,8681,766.397677085775,99842,3199,1727,108,48,38545,19882,0.5851946074798181,2019,1038,18677,22976,15097,8277,10899,15933,47667,37401,0,0,6999,1122,5368,1809,6759,695,3150,0,0,14607,49837,1426,8070,0,0,0,0,0
766,8681,767.337300199515,99839,3169,1774,109,50,38956,20148,0.5919931089053376,2037,1015,18508,22900,15410,8447,10766,15813,47684,37419,0,0,6914,1108,5331,1832,6902,726,3194,0,0,14904,49506,1409,8013,0,0,0,0,0
767,8681,768.2856528429216,99835,3210,1788,113,50,39431,20421,0.5995091901637702,2063,1012,18331,22828,15657,8635,10625,15686,47701,37437,0,0,6820,1094,5300,1860,7071,739,3247,0,0,15222,49147,1387,7948,0,0,0,0,0
768,8681,769.2422347380112,99835,3259,1778,113,50,39918,20648,0.606660990634547,2074,1085,18169,22743,15912,8795,10472,15548,47718,37455,0,0,6725,1081,5272,1888,7219,761,3301,0,0,15538,48796,1371,7883,0,0,0,0,0
769,8681,770.2063519077014,99834,3312,1770,113,51,40430,20900,0.6143197708195605,2025,1109,18006,22659,16203,8996,10340,15414,47735,37472,0,0,6619,1068,5232,1916,7360,800,3368,0,0,15854,48443,1350,7824,0,0,0,0,0
770,8681,771.1785655602364,99834,3331,1794,113,51,40914,21192,0.622092673838572,2046,1088,17836,22576,16478,9198,10195,15292,47751,37489,0,0,6512,1048,5196,1958,7501,835,3433,0,0,16175,48083,1326,7767,0,0,0,0,0
771,8681,772.1596316181516,99831,3353,1795,114,53,41417,21478,0.6300147248850557,2057,1047,17627,22521,16788,9418,10060,15165,47767,37506,0,0,6412,1035,5156,1988,7681,865,3494,0,0,16490,47697,1309,7704,0,0,0,0,0
772,8681,773.1514233508168,99828,3355,1836,116,54,41933,21773,0.6381576311255359,2043,1046,17476,22418,17101,9601,9908,15044,47783,37523,0,0,6334,1013,5120,2018,7856,898,3534,0,0,16817,47299,1288,7651,0,0,0,0,0
773,8681,774.1524197051523,99828,3369,1840,116,54,42438,22061,0.6461012942260689,2024,1036,17315,22351,17390,9808,9785,14910,47799,37540,0,0,6251,1003,5083,2055,8030,936,3572,0,0,17157,46908,1263,7570,0,0,0,0,0
774,8681,775.1606558290109,99826,3421,1878,118,54,42936,22351,0.6540079738745417,2009,1036,17163,22271,17645,9981,9643,14779,47815,37557,0,0,6162,985,5059,2082,8158,980,3621,0,0,17458,46557,1247,7517,0,0,0,0,0
775,8681,776.1578110088109,99824,3453,1872,120,54,43453,22621,0.6619049527167815,2017,1092,16984,22161,17916,10184,9509,14636,47831,37574,0,0,6071,968,5026,2113,8344,1007,3665,0,0,17778,46175,1233,7444,0,0,0,0,0
776,8681,777.1388440085437,99822,3501,1883,122,54,43968,22892,0.669792230169702,1950,1090,16838,22091,18189,10365,9399,14516,47847,37590,0,0,5991,953,4988,2132,8538,1031,3710,0,0,18075,45811,1215,7378,0,0,0,0,0
777,8681,778.1049673072356,99820,3457,1893,123,55,44423,23153,0.6769785614105389,1972,1099,16691,22002,18488,10536,9268,14414,47862,37606,0,0,5902,932,4961,2157,8701,1073,3767,0,0,18363,45448,1196,7320,0,0,0,0,0
778,8681,779.0559223217576,99817,3461,1896,124,57,44881,23410,0.684162016490177,1973,1101,16571,21947,18733,10698,9137,14300,47877,37622,0,0,5810,925,4923,2180,8854,1109,3813,0,0,18653,45096,1181,7273,0,0,0,0,0
779,8681,780.4576113752456,99815,3493,1881,126,57,45600,23777,0.695055853328658,1892,1082,16422,21894,19125,10970,8941,14115,47892,37638,0,0,5704,910,4858,2222,9091,1170,3862,0,0,19097,44554,1164,7183,0,0,0,0,0
780,8681,781.3763412081724,99814,3472,1909,127,57,46038,24060,0.7022862524295189,1906,1043,16288,21849,19373,11138,8833,14003,47907,37654,0,0,5628,895,4820,2253,9260,1210,3892,0,0,19367,44209,1152,7128,0,0,0,0,0
781,8681,782.2840555107457,99813,3418,1908,128,57,46452,24277,0.7086151102561791,1952,1095,16150,21786,19628,11261,8723,13892,47922,37670,0,0,5552,882,4783,2284,9433,1240,3926,0,0,19627,43878,1132,7076,0,0,0,0,0
782,8681,783.1803628826553,99811,3378,1886,130,57,46861,24491,0.7148711063910791,1965,1145,16048,21701,19851,11428,8627,13782,47937,37685,0,0,5482,867,4756,2300,9582,1287,3962,0,0,19898,43538,1120,7019,0,0,0,0,0
783,8681,784.0662163980085,99810,3363,1894,130,58,47301,24731,0.7216912133052801,1954,1177,15922,21600,20110,11578,8520,13692,47952,37700,0,0,5402,848,4721,2342,9743,1327,3995,0,0,20124,43229,1103,6976,0,0,0,0,0
784,8681,785.374290760152,99806,3373,1900,133,59,47941,25097,0.7317996914013185,1955,1168,15728,21499,20456,11828,8354,13545,47967,37715,0,0,5294,833,4689,2384,9982,1380,4045,0,0,20472,42762,1083,6882,0,0,0,0,0
785,8681,786.2335954359055,99806,3387,1918,133,59,48374,25340,0.7385728312927079,1951,1161,15628,21453,20652,11974,8248,13434,47982,37730,0,0,5222,824,4654,2399,10131,1421,4076,0,0,20714,42457,1070,6838,0,0,0,0,0
786,8681,787.0843317003989,99804,3375,1932,135,59,48797,25561,0.7450402789467356,1893,1171,15546,21395,20883,12094,8167,13348,47996,37745,0,0,5151,813,4623,2408,10287,1459,4106,0,0,20952,42155,1061,6789,0,0,0,0,0
787,8681,788.3441884198262,99803,3362,1965,136,59,49368,25951,0.754676713124856,1901,1143,15395,21323,21180,12321,8025,13188,48010,37760,0,0,5061,799,4566,2436,10529,1510,4144,0,0,21293,41710,1042,6713,0,0,0,0,0
788,8681,789.1742301844725,99802,3341,2002,137,59,49759,26189,0.7609867537724695,1896,1129,15300,21273,21387,12431,7938,13105,48024,37775,0,0,4982,787,4537,2460,10669,1548,4179,0,0,21500,41434,1029,6677,0,0,0,0,0
789,8681,790.4035899557317,99801,3341,2050,138,59,50343,26543,0.770393082233645,1874,1113,15182,21195,21667,12614,7797,12968,48038,37789,0,0,4877,776,4498,2489,10886,1600,4238,0,0,21800,41023,1012,6602,0,0,0,0,0
790,8681,791.2146881710574,99800,3338,2020,138,60,50711,26762,0.7762825651302605,1885,1116,15105,21149,21832,12769,7701,12885,48052,37803,0,0,4798,764,4472,2512,11036,1641,4277,0,0,22002,40753,1000,6545,0,0,0,0,0
791,8681,792.0194995685409,99798,3305,1998,139,61,51062,26973,0.781929497585122,1916,1142,15004,21087,22017,12907,7618,12804,48066,37817,0,0,4727,756,4438,2522,11186,1691,4310,0,0,22188,40486,989,6505,0,0,0,0,0
792,8681,793.2144130063882,99795,3264,2049,141,62,51596,27351,0.7910917380630292,1923,1094,14919,21003,22260,13108,7492,12683,48080,37831,0,0,4636,741,4386,2566,11433,1751,4337,0,0,22432,40116,971,6426,0,0,0,0,0
793,8681,794.0036264214867,99791,3297,2029,143,64,52004,27565,0.7973564750328186,1913,1060,14823,20955,22412,13268,7411,12623,48094,37845,0,0,4571,731,4362,2571,11590,1789,4368,0,0,22638,39840,954,6377,0,0,0,0,0
794,8681,795.1773960537895,99789,3330,2010,145,64,52589,27867,0.8062612111555382,1843,1093,14712,20879,22681,13454,7288,12499,48108,37859,0,0,4468,722,4329,2599,11817,1846,4413,0,0,22864,39477,939,6315,0,0,0,0,0
795,8681,796.3378733000392,99788,3305,1961,146,64,53115,28167,0.8145468392993146,1826,1135,14618,20780,22933,13687,7171,12372,48121,37873,0,0,4370,708,4295,2636,12003,1921,4457,0,0,23146,39078,919,6255,0,0,0,0,0
796,8681,797.1046032141572,99786,3296,1929,148,64,53464,28378,0.8201751748742309,1837,1117,14535,20753,23091,13837,7092,12299,48134,37887,0,0,4306,701,4256,2652,12153,1968,4479,0,0,23327,38815,916,6213,0,0,0,0,0
797,8681,798.2458207344004,99782,3291,1874,150,66,53964,28664,0.8280852257922271,1843,1100,14414,20701,23322,14078,6979,12180,48147,37900,0,0,4237,691,4223,2678,12353,2035,4491,0,0,23593,38424,909,6148,0,0,0,0,0
798,8681,799.0004819802697,99781,3295,1896,151,66,54308,28885,0.8337559254767942,1811,1081,14349,20659,23464,14198,6929,12099,48160,37913,0,0,4192,679,4192,2703,12482,2082,4496,0,0,23750,38194,897,6114,0,0,0,0,0
799,8681,800.1243189692367,99780,3304,1857,152,66,54811,29176,0.8417217879334536,1787,1105,14280,20597,23629,14398,6847,11976,48173,37926,0,0,4122,669,4145,2715,12708,2137,4521,0,0,23989,37824,882,6068,0,0,0,0,0
800,8681,801.240073550306,99776,3299,1858,156,66,55307,29481,0.8497835150737653,1745,1082,14190,20552,23836,14570,6773,11871,48186,37939,0,0,4067,654,4111,2748,12926,2189,4523,0,0,24223,37465,865,6005,0,0,0,0,0
801,8681,802.3475401104478,99775,3277,1853,156,67,55779,29772,0.8574392382861439,1730,1057,14104,20509,24033,14738,6699,11775,48199,37952,0,0,3992,644,4083,2783,13128,2253,4539,0,0,24414,37145,851,5943,0,0,0,0,0
802,8681,803.0809135984841,99773,3255,1860,158,67,56078,29949,0.8622272558708268,1718,1044,14076,20470,24140,14846,6652,11712,48212,37965,0,0,3948,637,4057,2803,13259,2296,4535,0,0,24522,36959,840,5917,0,0,0,0,0
803,8681,804.1750521278026,99770,3203,1817,161,67,56552,30213,0.8696501954495339,1741,1060,13987,20444,24358,15015,6549,11596,48225,37978,0,0,3887,625,4029,2837,13462,2367,4534,0,0,24744,36599,832,5854,0,0,0,0,0
804,8681,805.2604419308179,99768,3225,1834,162,68,57030,30502,0.877355464678053,1695,1041,13927,20401,24533,15172,6457,11483,48238,37991,0,0,3820,620,3997,2865,13639,2429,4552,0,0,24925,36294,818,5809,0,0,0,0,0
805,8681,806.3380845675842,99764,3166,1845,164,70,57466,30782,0.8845675794875907,1711,1029,13801,20347,24778,15339,6379,11369,48250,38003,0,0,3745,616,3966,2879,13851,2487,4583,0,0,25101,35981,805,5750,0,0,0,0,0
806,8681,807.0509621358283,99763,3094,1845,164,71,57758,30983,0.8895181580345418,1726,995,13755,20308,24955,15466,6305,11314,48262,38015,0,0,3701,609,3938,2881,13994,2546,4599,0,0,25240,35744,799,5712,0,0,0,0,0
807,8681,808.1119786847025,99759,3078,1824,167,72,58244,31255,0.8971521366493249,1642,976,13704,20278,25185,15637,6223,11212,48274,38027,0,0,3639,600,3909,2913,14165,2631,4608,0,0,25450,35415,786,5643,0,0,0,0,0
808,8681,809.1647156558867,99758,3054,1829,168,72,58669,31507,0.9039475530784499,1629,988,13644,20253,25365,15750,6139,11107,48286,38039,0,0,3574,591,3877,2928,14337,2700,4636,0,0,25614,35135,773,5593,0,0,0,0,0
809,8681,810.2106394673082,99757,3016,1829,169,72,59093,31760,0.9107431057469652,1607,969,13596,20195,25549,15905,6062,11029,48298,38051,0,0,3529,585,3851,2940,14525,2770,4634,0,0,25781,34840,759,5543,0,0,0,0,0
810,8681,811.2497546133326,99756,2984,1774,169,73,59479,32002,0.9170475961345683,1583,971,13553,20153,25708,16098,6002,10930,48310,38063,0,0,3473,580,3822,2963,14682,2858,4634,0,0,25938,34564,748,5494,0,0,0,0,0
811,8681,812.2833674414375,99756,2969,1763,169,73,59894,32251,0.9237038373631661,1561,959,13484,20124,25890,16232,5926,10848,48322,38075,0,0,3429,566,3783,2981,14851,2927,4635,0,0,26121,34274,737,5452,0,0,0,0,0
812,8681,813.3107395224229,99756,2913,1719,169,73,60292,32504,0.9302297606159028,1556,943,13421,20074,26077,16428,5863,10762,48334,38087,0,0,3377,551,3744,3002,15025,3011,4648,0,0,26303,33965,725,5405,0,0,0,0,0
813,8681,814.3317387106016,99752,2903,1728,172,74,60715,32740,0.9368734461464432,1515,962,13391,20017,26229,16528,5789,10690,48346,38099,0,0,3336,541,3721,3014,15194,3079,4647,0,0,26447,33695,716,5362,0,0,0,0,0
814,8681,815.0092439787398,99751,2874,1752,173,74,60978,32903,0.9411534721456426,1468,962,13373,19977,26361,16598,5750,10636,48358,38111,0,0,3293,535,3702,3021,15298,3122,4658,0,0,26555,33520,712,5335,0,0,0,0,0
815,8681,816.0207146356078,99749,2837,1712,175,74,61333,33119,0.9468967107439673,1462,971,13343,19960,26494,16730,5688,10552,48370,38122,0,0,3244,527,3679,3031,15462,3188,4666,0,0,26705,33260,703,5284,0,0,0,0,0
816,8681,817.0272724209269,99747,2814,1733,177,74,61698,33376,0.953151473227265,1468,929,13315,19943,26609,16850,5616,10470,48381,38133,0,0,3208,523,3654,3040,15627,3255,4666,0,0,26830,33013,688,5243,0,0,0,0,0
817,8681,818.0297469441141,99744,2757,1705,178,76,62060,33624,0.9592957972409368,1432,884,13330,19910,26758,17025,5544,10399,48392,38144,0,0,3146,516,3615,3048,15797,3331,4688,0,0,26972,32747,678,5206,0,0,0,0,0
818,8681,819.0283463717798,99739,2746,1671,181,78,62426,33831,0.965088881981973,1435,877,13292,19890,26875,17162,5470,10321,48403,38155,0,0,3102,513,3588,3077,15945,3401,4680,0,0,27068,32520,667,5178,0,0,0,0,0
819,8681,820.0229447080283,99738,2684,1696,181,79,62742,34073,0.9706932162265135,1438,831,13266,19884,27019,17277,5411,10232,48414,38166,0,0,3061,507,3555,3100,16107,3465,4674,0,0,27172,32306,658,5133,0,0,0,0,0
820,8681,821.0134089716411,99737,2700,1645,181,80,63112,34269,0.9763778738081154,1353,832,13268,19857,27132,17411,5365,10174,48425,38177,0,0,3023,498,3532,3112,16250,3536,4669,0,0,27299,32076,648,5094,0,0,0,0,0
821,8681,822.00054668791,99736,2667,1594,182,80,63457,34465,0.9818119836368011,1302,828,13252,19828,27278,17567,5318,10102,48436,38188,0,0,2986,488,3504,3140,16420,3596,4658,0,0,27412,31837,639,5056,0,0,0,0,0
822,8681,823.3107506890107,99734,2595,1553,183,81,63884,34721,0.9886798885034191,1273,835,13241,19812,27462,17716,5245,10002,48447,38199,0,0,2935,483,3472,3146,16603,3687,4661,0,0,27590,31513,629,5015,0,0,0,0,0
823,8681,824.2888686361031,99733,2518,1525,184,81,64172,34918,0.9935527859384556,1284,832,13246,19795,27576,17840,5191,9926,48458,38210,0,0,2903,476,3445,3158,16780,3736,4647,0,0,27710,31277,619,4982,0,0,0,0,0
824,8681,825.2638699258855,99731,2516,1503,185,82,64495,35102,0.9986563856774724,1262,824,13214,19800,27668,17926,5154,9864,48469,38221,0,0,2870,472,3421,3167,16924,3797,4639,0,0,27805,31080,614,4942,0,0,0,0,0
825,8681,826.2359036431069,99731,2469,1492,185,82,64817,35305,1.003920546269465,1219,802,13201,19805,27808,18015,5117,9803,48480,38231,0,0,2839,467,3395,3174,17053,3886,4628,0,0,27899,30869,610,4911,0,0,0,0,0
826,8681,827.2045949241333,99730,2414,1481,186,82,65088,35486,1.0084628496941743,1228,789,13200,19803,27900,18104,5071,9740,48491,38241,0,0,2801,464,3380,3186,17190,3945,4628,0,0,27981,30678,603,4874,0,0,0,0,0
827,8681,828.1705316098879,99728,2370,1460,188,82,65369,35675,1.0131958928284934,1242,781,13178,19781,27988,18208,5033,9687,48502,38251,0,0,2774,460,3362,3195,17320,4007,4619,0,0,28088,30460,593,4850,0,0,0,0,0
828,8681,829.1339077603927,99728,2314,1443,188,82,65666,35855,1.0179789026151131,1212,759,13190,19793,28108,18293,4987,9629,48513,38261,0,0,2741,455,3339,3227,17450,4079,4596,0,0,28165,30278,584,4814,0,0,0,0,0
829,8681,830.094931259721,99726,2316,1435,190,82,65976,36032,1.022882698594148,1169,731,13198,19802,28192,18376,4934,9573,48523,38271,0,0,2707,449,3326,3243,17568,4137,4595,0,0,28245,30095,574,4787,0,0,0,0,0
830,8681,831.0532868475182,99724,2266,1424,190,84,66252,36200,1.0273555011832658,1182,738,13190,19803,28292,18434,4879,9516,48533,38281,0,0,2673,446,3310,3251,17711,4195,4597,0,0,28307,29915,566,4753,0,0,0,0,0
831,8681,832.0088537718423,99721,2227,1396,191,86,66516,36370,1.0317385505560515,1172,711,13202,19823,28369,18522,4838,9461,48543,38291,0,0,2647,442,3290,3256,17845,4252,4589,0,0,28399,29723,559,4719,0,0,0,0,0
832,8681,833.2804839607963,99720,2233,1339,192,86,66890,36574,1.0375451263537907,1131,721,13221,19832,28446,18635,4776,9386,48553,38301,0,0,2615,433,3264,3267,17991,4330,4583,0,0,28522,29470,555,4690,0,0,0,0,0
833,8681,834.2322775888769,99720,2202,1312,192,86,67173,36751,1.0421580425190533,1088,719,13220,19840,28555,18715,4742,9327,48563,38311,0,0,2588,430,3241,3272,18159,4389,4576,0,0,28572,29296,549,4648,0,0,0,0,0
834,8681,835.1817792760918,99718,2129,1334,194,86,67390,36953,1.046380793838625,1099,651,13248,19858,28620,18791,4709,9279,48573,38321,0,0,2561,423,3215,3283,18278,4451,4570,0,0,28648,29127,545,4617,0,0,0,0,0
835,8681,836.1296991351073,99717,2135,1306,194,87,67674,37119,1.050904058485514,1067,641,13245,19887,28681,18864,4677,9214,48583,38331,0,0,2531,417,3200,3286,18403,4511,4570,0,0,28712,28962,539,4586,0,0,0,0,0
836,8681,837.076323034989,99715,2089,1272,195,88,67938,37264,1.055026826455398,1071,648,13273,19886,28743,18945,4628,9160,48593,38341,0,0,2504,410,3175,3284,18544,4581,4566,0,0,28753,28812,534,4552,0,0,0,0,0
837,8681,838.0215347923529,99715,2051,1249,195,88,68185,37427,1.0591385448528305,1069,628,13272,19911,28828,19014,4584,9109,48603,38350,0,0,2477,407,3155,3267,18687,4642,4569,0,0,28801,28658,530,4522,0,0,0,0,0
838,8681,839.2790453727448,99715,2001,1204,195,88,68490,37615,1.064082635511207,1061,634,13294,19934,28904,19105,4544,9034,48613,38359,0,0,2452,403,3131,3273,18834,4724,4553,0,0,28887,28445,526,4487,0,0,0,0,0
839,8681,840.2205135692853,99711,1969,1208,198,89,68746,37764,1.068187060605149,1011,608,13332,19959,28983,19161,4506,8974,48623,38368,0,0,2418,394,3122,3292,18910,4796,4551,0,0,28942,28305,520,4461,0,0,0,0,0
840,8681,841.1606404530461,99711,1955,1150,198,89,69001,37895,1.072058248337696,963,604,13355,19978,29047,19248,4481,8930,48633,38377,0,0,2396,386,3097,3301,19029,4866,4550,0,0,28995,28152,513,4426,0,0,0,0,0
841,8681,842.0996553896455,99709,1931,1122,200,89,69217,38028,1.0755799376184698,949,619,13407,19994,29078,19290,4434,8885,48643,38386,0,0,2369,385,3079,3315,19111,4932,4539,0,0,29045,28022,511,4401,0,0,0,0,0
842,8681,843.0379445922053,99709,1898,1122,200,89,69460,38178,1.079521407295229,934,590,13406,20035,29160,19311,4401,8852,48653,38395,0,0,2342,382,3068,3314,19203,5002,4533,0,0,29095,27883,508,4379,0,0,0,0,0
843,8681,844.2865900650972,99706,1854,1094,203,89,69746,38344,1.0840872164162638,907,599,13461,20086,29212,19350,4362,8781,48662,38404,0,0,2313,377,3048,3323,19334,5083,4532,0,0,29127,27713,502,4354,0,0,0,0,0
844,8681,845.2223145316106,99704,1811,1088,204,90,69943,38484,1.0874889673433363,898,585,13492,20102,29269,19405,4325,8729,48671,38413,0,0,2294,368,3034,3328,19431,5143,4525,0,0,29150,27598,498,4335,0,0,0,0,0
845,8681,846.1570789230019,99704,1810,1088,204,90,70166,38611,1.090999358099976,853,571,13526,20121,29311,19436,4295,8693,48680,38422,0,0,2269,364,3022,3329,19504,5208,4523,0,0,29175,27500,493,4317,0,0,0,0,0
846,8681,847.091235463159,99704,1792,1079,204,90,70383,38742,1.0944896894808633,812,573,13549,20137,29365,19475,4277,8645,48689,38431,0,0,2251,359,3005,3339,19602,5270,4511,0,0,29194,27394,490,4289,0,0,0,0,0
847,8681,848.0242015160186,99702,1746,1055,206,90,70577,38862,1.0976610298690097,835,567,13560,20179,29396,19514,4256,8594,48698,38440,0,0,2234,354,2992,3348,19693,5329,4492,0,0,29226,27277,488,4269,0,0,0,0,0
848,8681,849.267230767478,99700,1689,1077,207,91,70837,39050,1.1021765295887662,839,525,13610,20215,29434,19559,4220,8532,48707,38449,0,0,2206,353,2973,3354,19790,5414,4484,0,0,29276,27126,482,4242,0,0,0,0,0
849,8681,850.1989937392873,99699,1685,1059,208,91,71036,39166,1.105347094755213,830,526,13646,20234,29433,19609,4197,8480,48716,38458,0,0,2189,350,2960,3349,19878,5463,4472,0,0,29317,27016,480,4225,0,0,0,0,0
850,8681,851.1307116087911,99699,1636,1014,208,91,71225,39277,1.1083561520175729,828,512,13674,20267,29488,19673,4165,8442,48725,38466,0,0,2169,348,2950,3351,19971,5522,4464,0,0,29373,26876,477,4198,0,0,0,0,0
851,8681,852.0619507065098,99699,1604,995,208,91,71425,39395,1.1115457527156742,811,488,13703,20302,29536,19724,4137,8399,48734,38474,0,0,2155,343,2942,3361,20049,5580,4441,0,0,29420,26755,473,4180,0,0,0,0,0
852,8681,853.3023996513504,99699,1519,959,208,91,71642,39536,1.1151365610487567,800,478,13760,20360,29605,19780,4107,8331,48743,38482,0,0,2130,341,2921,3364,20171,5655,4429,0,0,29454,26616,466,4152,0,0,0,0,0
853,8681,854.2321194440864,99698,1498,924,208,92,71832,39624,1.1179361672250197,766,482,13797,20397,29644,19806,4086,8298,48752,38490,0,0,2111,338,2911,3375,20221,5716,4418,0,0,29507,26502,462,4137,0,0,0,0,0
854,8681,855.161527856738,99698,1451,904,208,92,71985,39750,1.120734618548015,768,449,13836,20442,29674,19852,4062,8260,48761,38498,0,0,2092,336,2899,3373,20293,5775,4412,0,0,29550,26384,461,4123,0,0,0,0,0
855,8681,856.090909253249,99698,1445,893,208,92,72162,39868,1.1236935545346949,746,425,13887,20459,29669,19900,4044,8230,48770,38506,0,0,2078,335,2886,3370,20367,5825,4402,0,0,29590,26279,460,4106,0,0,0,0,0
856,8681,857.020597432219,99697,1428,865,208,93,72347,39965,1.1265333961904571,701,448,13928,20472,29714,19934,4020,8187,48779,38514,0,0,2063,328,2878,3378,20441,5873,4387,0,0,29632,26166,455,4096,0,0,0,0,0
857,8681,858.2595251669402,99697,1370,855,208,93,72556,40096,1.1299437295003862,696,427,13978,20535,29760,19951,3987,8138,48788,38522,0,0,2039,326,2869,3390,20523,5944,4378,0,0,29665,26045,447,4071,0,0,0,0,0
858,8681,859.1881610054164,99697,1350,838,208,93,72719,40178,1.1324011755619527,679,416,14050,20565,29754,19967,3958,8120,48797,38530,0,0,2024,322,2860,3390,20578,6001,4367,0,0,29680,25971,445,4059,0,0,0,0,0
859,8681,860.1174978390422,99693,1311,835,210,95,72883,40282,1.13513486403258,671,398,14100,20610,29772,19982,3935,8079,48805,38538,0,0,2003,320,2845,3390,20653,6048,4362,0,0,29708,25875,441,4048,0,0,0,0,0
860,8681,861.047044571654,99693,1314,799,210,95,73051,40363,1.1376325318728497,638,419,14173,20628,29756,20019,3908,8039,48813,38546,0,0,1983,320,2835,3393,20728,6089,4355,0,0,29730,25790,438,4032,0,0,0,0,0
861,8681,862.2870212688371,99692,1272,776,211,95,73245,40479,1.1407535208442001,621,406,14225,20714,29787,20031,3883,7977,48821,38554,0,0,1964,318,2821,3395,20808,6160,4346,0,0,29749,25684,437,4010,0,0,0,0,0
862,8681,863.2170592171457,99692,1242,770,211,95,73381,40563,1.1429603177787586,618,409,14271,20738,29793,20042,3864,7945,48829,38562,0,0,1951,317,2812,3399,20872,6201,4335,0,0,29767,25606,434,3998,0,0,0,0,0
863,8681,864.1474383266354,99691,1202,742,212,95,73521,40646,1.1452086948671394,624,396,14315,20776,29804,20074,3842,7916,48837,38570,0,0,1931,312,2808,3405,20925,6254,4330,0,0,29794,25519,431,3982,0,0,0,0,0
864,8681,865.0783249940197,99689,1179,742,213,96,73656,40741,1.1475388458104705,622,368,14378,20800,29787,20089,3820,7904,48845,38578,0,0,1912,310,2799,3412,20980,6296,4323,0,0,29808,25449,429,3971,0,0,0,0,0
865,8681,866.009944337638,99689,1149,718,213,96,73783,40819,1.1495952412001325,613,367,14446,20858,29778,20090,3800,7870,48853,38586,0,0,1903,309,2787,3414,21046,6336,4308,0,0,29837,25364,427,3958,0,0,0,0,0
866,8681,867.2532707282969,99688,1126,673,214,96,73970,40922,1.152515849450285,591,358,14527,20915,29766,20130,3775,7827,48861,38593,0,0,1882,306,2776,3414,21113,6401,4305,0,0,29866,25254,424,3947,0,0,0,0,0
867,8681,868.1866670297525,99687,1101,675,214,97,74112,41015,1.1548847893907932,568,338,14602,20951,29754,20139,3760,7799,48869,38600,0,0,1867,303,2766,3421,21176,6445,4293,0,0,29870,25188,422,3936,0,0,0,0,0
868,8681,869.121145820134,99687,1111,664,214,97,74254,41096,1.1571217912064762,552,324,14646,20995,29740,20149,3736,7770,48877,38607,0,0,1858,301,2756,3423,21237,6479,4281,0,0,29893,25118,417,3924,0,0,0,0,0
869,8681,870.0562845804742,99686,1067,671,214,98,74382,41196,1.1594205806231568,552,299,14698,21041,29754,20146,3714,7744,48885,38614,0,0,1845,301,2743,3419,21306,6526,4273,0,0,29905,25047,415,3906,0,0,0,0,0
870,8681,871.3038344686428,99686,1060,635,214,98,74546,41283,1.161938486848705,558,303,14752,21122,29731,20138,3684,7703,48893,38621,0,0,1834,298,2734,3416,21377,6572,4263,0,0,29937,24950,412,3893,0,0,0,0,0
871,8681,872.2400961293775,99686,1035,615,214,98,74669,41352,1.1638645346387657,538,314,14826,21165,29713,20133,3673,7674,48901,38628,0,0,1821,297,2728,3409,21431,6615,4259,0,0,29958,24875,410,3883,0,0,0,0,0
872,8681,873.1774414734756,99683,1019,626,217,98,74781,41428,1.1657855401623145,527,299,14892,21217,29684,20105,3660,7654,48909,38635,0,0,1811,297,2723,3400,21472,6649,4255,0,0,29983,24807,409,3877,0,0,0,0,0
873,8681,874.1160858207704,99683,1034,602,217,98,74913,41499,1.1678219957264528,490,282,14956,21272,29657,20117,3645,7628,48917,38642,0,0,1802,295,2716,3397,21508,6689,4251,0,0,30016,24733,407,3869,0,0,0,0,0
874,8681,875.05580600082,99683,1008,586,217,98,75041,41566,1.1697781968841228,458,288,15002,21301,29685,20118,3629,7608,48925,38649,0,0,1787,293,2711,3397,21556,6735,4247,0,0,30028,24665,404,3860,0,0,0,0,0
875,8681,876.3090269937877,99682,957,562,217,99,75178,41640,1.1719066631889408,481,300,15065,21385,29669,20085,3610,7568,48933,38656,0,0,1774,291,2706,3408,21620,6792,4231,0,0,30020,24597,401,3842,0,0,0,0,0
876,8681,877.2496729858226,99680,948,557,219,99,75300,41712,1.1738764044943821,450,286,15132,21432,29655,20080,3595,7545,48941,38663,0,0,1762,288,2700,3415,21638,6836,4220,0,0,30061,24528,397,3835,0,0,0,0,0
877,8681,878.1912957439738,99680,941,556,219,99,75415,41786,1.1757724719101124,419,279,15189,21477,29649,20077,3582,7511,48949,38670,0,0,1753,286,2693,3415,21686,6873,4209,0,0,30074,24473,395,3823,0,0,0,0,0
878,8681,879.1335302856404,99680,940,538,219,99,75521,41841,1.177387640449438,418,292,15244,21519,29607,20060,3571,7491,48956,38677,0,0,1740,285,2688,3413,21728,6905,4203,0,0,30086,24424,393,3815,0,0,0,0,0
879,8681,880.0770750699123,99680,892,535,219,99,75622,41919,1.1791833868378812,427,287,15329,21561,29574,20052,3558,7465,48963,38684,0,0,1735,284,2681,3407,21774,6950,4193,0,0,30106,24347,392,3811,0,0,0,0,0
880,8681,881.0222128034119,99680,893,518,219,99,75742,41978,1.1809791332263242,398,275,15391,21614,29555,20052,3543,7441,48970,38691,0,0,1724,283,2673,3404,21810,6993,4186,0,0,30117,24296,390,3804,0,0,0,0,0
881,8681,882.2838036089478,99679,827,498,220,99,75870,42064,1.1831378725709527,404,264,15467,21677,29560,20051,3521,7410,48977,38698,0,0,1713,280,2664,3396,21886,7051,4177,0,0,30110,24225,386,3791,0,0,0,0,0
882,8681,883.2307417136861,99679,813,498,220,99,75962,42135,1.1847731217207236,401,250,15524,21725,29538,20040,3503,7387,48984,38705,0,0,1706,278,2658,3396,21928,7082,4169,0,0,30126,24168,385,3783,0,0,0,0,0
883,8681,884.1787889304726,99678,788,498,221,99,76047,42196,1.1862497241116394,393,246,15614,21783,29490,20015,3493,7358,48991,38712,0,0,1699,278,2648,3392,21958,7116,4160,0,0,30151,24116,381,3779,0,0,0,0,0
884,8681,885.128844264552,99678,751,481,221,99,76124,42245,1.187513794418026,394,262,15711,21830,29440,19993,3482,7334,48998,38718,0,0,1685,277,2638,3384,21997,7149,4158,0,0,30166,24069,381,3774,0,0,0,0,0
885,8681,886.0806782650234,99678,739,485,221,99,76218,42317,1.1891791568851702,385,251,15787,21851,29404,19997,3463,7316,49005,38724,0,0,1674,276,2637,3385,22038,7177,4149,0,0,30173,24023,379,3767,0,0,0,0,0
886,8681,887.0337962927051,99678,748,467,221,99,76331,42369,1.1908344870482954,362,244,15851,21897,29371,19995,3446,7297,49012,38730,0,0,1663,275,2633,3385,22066,7216,4143,0,0,30181,23974,378,3764,0,0,0,0,0
887,8681,888.3069476139643,99676,730,435,222,100,76456,42436,1.1927846221758498,341,234,15957,21976,29319,19988,3430,7266,49019,38736,0,0,1654,272,2630,3387,22103,7270,4137,0,0,30192,23901,374,3756,0,0,0,0,0
888,8681,889.2638390245081,99675,719,437,223,100,76539,42493,1.1942011537496864,324,221,16045,22038,29268,19964,3420,7239,49026,38742,0,0,1644,271,2627,3374,22143,7294,4136,0,0,30212,23859,373,3742,0,0,0,0,0
889,8681,890.2226685794897,99675,672,413,223,100,76599,42531,1.1951843491346876,344,224,16110,22089,29247,19955,3403,7218,49033,38748,0,0,1637,267,2622,3383,22190,7319,4122,0,0,30227,23813,371,3724,0,0,0,0,0
890,8681,891.1827851378772,99674,668,403,223,101,76683,42579,1.1965206573429379,324,214,16189,22158,29205,19915,3390,7208,49040,38754,0,0,1630,267,2620,3381,22218,7349,4112,0,0,30238,23775,368,3716,0,0,0,0,0
891,8681,892.1447474973274,99674,672,411,223,101,76765,42638,1.1979352689768645,326,188,16253,22229,29141,19884,3384,7186,49047,38760,0,0,1624,267,2619,3382,22227,7387,4105,0,0,30235,23747,366,3715,0,0,0,0,0
892,8681,893.1087398652419,99674,671,407,223,101,76840,42689,1.1991993900114373,336,186,16322,22281,29069,19862,3378,7162,49054,38766,0,0,1620,263,2617,3384,22255,7413,4094,0,0,30241,23713,364,3710,0,0,0,0,0
893,8681,894.0749015389647,99674,657,397,223,101,76910,42729,1.2003029877400324,328,189,16373,22343,29056,19835,3362,7134,49061,38772,0,0,1609,262,2611,3383,22279,7443,4089,0,0,30245,23685,364,3704,0,0,0,0,0
894,8681,895.0419117588028,99673,656,389,224,101,76991,42769,1.2015289998294423,305,189,16443,22388,29026,19823,3345,7109,49068,38778,0,0,1597,260,2606,3384,22326,7463,4083,0,0,30232,23663,363,3696,0,0,0,0,0
895,8681,896.0101723386475,99673,644,392,224,101,77062,42825,1.2028031663539775,295,177,16511,22449,28989,19792,3336,7088,49075,38784,0,0,1591,259,2603,3382,22353,7492,4073,0,0,30237,23627,362,3694,0,0,0,0,0
896,8681,897.3037923363452,99673,626,376,224,101,77161,42888,1.204428481133306,299,178,16619,22547,28916,19750,3315,7047,49082,38790,0,0,1581,259,2598,3376,22411,7527,4067,0,0,30234,23578,361,3681,0,0,0,0,0
897,8681,898.27621829704,99673,618,369,224,101,77235,42927,1.2055621883559238,279,190,16690,22597,28882,19711,3306,7031,49089,38796,0,0,1574,259,2593,3371,22438,7558,4060,0,0,30236,23548,361,3675,0,0,0,0,0
898,8681,899.2503325601856,99672,600,386,224,102,77308,42984,1.206878561682318,278,168,16774,22654,28835,19674,3288,7015,49096,38802,0,0,1564,258,2589,3369,22464,7578,4055,0,0,30263,23500,361,3671,0,0,0,0,0
899,8681,900.2262233082607,99672,599,390,224,102,77368,43026,1.2079019182919977,292,173,16809,22686,28798,19649,3277,6999,49096,38802,0,0,1562,257,2586,3372,22477,7598,4052,0,0,30270,23468,361,3669,0,0,0,0,0
900,8681,900.2262233082607,99672,599,387,224,102,77394,43044,1.2083433662412715,297,180,16837,22705,28771,19641,3271,6984,49096,38802,1,1,1560,257,2584,3372,22481,7611,4051,2,14,30255,23454,361,3669,0,1,0,0,0
901,8681,901.2040594243625,99671,596,383,224,103,77460,43096,1.2095393845752527,317,182,16933,22759,28673,19617,3256,6955,49096,38802,2,2,1559,257,2579,3368,22517,7629,4048,3,53,30219,23413,360,3663,0,2,0,0,1
902,8681,902.1849112427326,99671,601,387,224,103,77545,43148,1.2109139067532182,323,183,17011,22821,28608,19578,3232,6927,49096,38802,3,3,1554,257,2574,3375,22546,7651,4039,8,88,30181,23378,358,3658,0,3,0,0,1
903,8681,903.1678900363443,99671,596,385,224,103,77627,43201,1.212268362913987,339,189,17089,22865,28541,19556,3210,6901,49096,38802,4,4,1548,256,2572,3374,22568,7686,4033,14,123,30140,23343,357,3651,0,5,0,0,1
904,8681,904.1528733356247,99670,603,386,224,104,77713,43255,1.2136851610314037,346,190,17158,22926,28479,19516,3189,6877,49096,38802,6,5,1545,256,2570,3371,22585,7720,4027,17,158,30110,23305,357,3641,0,5,0,0,3
905,8681,905.1400249463757,99668,593,367,226,104,77799,43304,1.2150640125215717,357,202,17216,22968,28434,19516,3173,6842,49096,38802,9,6,1540,256,2564,3377,22619,7751,4015,22,199,30066,23263,357,3630,0,5,0,0,4
906,8681,906.1287922825795,99668,604,357,226,104,77876,43342,1.2162178432395554,372,228,17279,23011,28360,19486,3158,6813,49096,38802,13,7,1538,256,2557,3381,22635,7776,4007,24,229,30038,23233,356,3626,0,8,0,0,4
907,8681,907.1195336931022,99667,597,360,227,104,77960,43404,1.217694924097244,369,233,17354,23053,28315,19461,3137,6788,49096,38802,18,8,1531,256,2552,3386,22675,7798,3996,31,272,29994,23188,356,3614,0,11,1,0,6
908,8681,908.1120913423833,99667,620,350,227,104,78063,43452,1.2192099691974274,377,233,17399,23100,28253,19435,3123,6777,49096,38802,25,9,1525,256,2545,3387,22704,7826,3988,37,306,29954,23152,355,3608,0,14,2,0,8
909,8681,909.1064352381032,99667,617,356,227,104,78147,43504,1.2205745131287187,373,251,17465,23143,28211,19395,3106,6750,49096,38802,33,10,1522,255,2542,3387,22728,7859,3979,40,334,29914,23122,355,3599,1,18,2,0,10
910,8681,910.10223614796,99667,623,381,227,104,78235,43571,1.2221296918739402,394,243,17525,23190,28139,19353,3091,6728,49096,38802,43,11,1514,255,2541,3389,22742,7887,3971,48,370,29880,23084,355,3592,2,23,2,0,12
911,8681,911.1000488025938,99667,643,377,227,104,78340,43625,1.2237250042641998,389,249,17569,23227,28095,19338,3076,6704,49096,38802,55,12,1509,255,2535,3396,22781,7907,3960,53,413,29836,23037,353,3582,4,28,2,0,16
912,8681,912.0994688192917,99667,648,383,227,104,78426,43687,1.225209949130605,407,249,17623,23269,28033,19308,3061,6686,49096,38802,69,13,1507,254,2534,3401,22808,7935,3952,55,451,29789,22995,352,3574,4,35,2,0,19
913,8681,913.1007977646201,99667,655,386,227,104,78520,43756,1.2268453951659024,409,247,17687,23314,27974,19286,3047,6662,49096,38802,85,14,1506,253,2529,3401,22818,7977,3946,56,498,29747,22944,352,3570,4,41,2,0,23
914,8681,914.1039505080333,99667,650,398,227,104,78622,43822,1.2285310082574974,407,240,17725,23347,27952,19264,3038,6646,49096,38802,104,15,1503,253,2524,3396,22853,8012,3935,59,536,29699,22894,352,3564,5,47,2,0,33
915,8681,915.1080494435048,99667,682,403,227,104,78735,43882,1.23026678840539,396,244,17776,23397,27897,19222,3021,6629,49096,38802,125,17,1498,252,2522,3399,22886,8037,3926,64,572,29652,22847,352,3556,6,53,2,0,43
916,8681,916.1136290536206,99667,700,434,227,104,78841,43959,1.2321029026658774,389,237,17823,23418,27855,19191,3005,6615,49096,38802,149,19,1495,252,2518,3411,22912,8063,3912,67,613,29602,22798,352,3548,8,63,2,0,51
917,8681,917.1204239616836,99666,669,429,227,105,78930,44014,1.2335600907029478,406,246,17872,23459,27832,19148,2993,6612,49096,38802,176,21,1493,251,2509,3410,22956,8099,3902,69,657,29542,22740,350,3541,8,74,3,1,61
918,8681,918.1285885921003,99666,676,415,227,105,79023,44071,1.2350651174924248,409,249,17940,23504,27771,19122,2976,6604,49096,38802,206,23,1490,251,2501,3403,22995,8131,3898,72,705,29487,22680,350,3533,8,84,4,1,73
919,8681,919.1386589671451,99666,686,448,227,105,79134,44155,1.2370216523187445,400,238,18029,23555,27699,19047,2958,6606,49096,38802,240,26,1487,250,2497,3407,23016,8170,3892,75,748,29431,22626,349,3523,10,97,4,1,83
920,8681,920.1511846571918,99666,672,438,227,105,79214,44213,1.2384062769650632,420,236,18096,23606,27646,19007,2938,6607,49096,38802,277,29,1482,250,2489,3406,23040,8212,3884,80,795,29375,22564,347,3519,12,108,4,1,98
921,8681,921.1657987748655,99664,652,445,229,105,79305,44268,1.2398960507304544,461,247,18141,23667,27593,18942,2923,6593,49096,38802,318,32,1477,250,2481,3414,23056,8253,3874,85,836,29316,22509,346,3509,15,125,5,1,112
922,8681,922.181933117821,99663,692,449,229,106,79420,44334,1.2417246119422454,448,250,18204,23694,27526,18900,2900,6600,49096,38802,363,36,1474,249,2476,3414,23082,8284,3870,88,879,29260,22446,345,3499,17,141,7,1,131
923,8681,923.1999908746982,99663,672,446,229,106,79520,44397,1.2433601236165879,460,246,18251,23726,27500,18869,2887,6606,49096,38802,412,40,1473,249,2474,3417,23105,8335,3859,89,930,29194,22376,344,3481,23,155,8,1,150
924,8681,924.2192622205223,99663,697,466,229,106,79643,44469,1.245316717337427,453,244,18278,23746,27474,18818,2868,6619,49096,38802,465,45,1471,249,2464,3413,23124,8383,3855,91,970,29134,22317,343,3472,25,170,13,2,167
925,8681,925.2392725609219,99663,731,463,229,106,79778,44537,1.2473535815698906,437,248,18317,23748,27430,18785,2855,6649,49096,38802,522,50,1467,246,2460,3421,23136,8431,3845,95,1022,29074,22245,342,3465,26,185,15,2,186
926,8681,926.2606390979324,99663,748,463,229,106,79894,44598,1.2491295666395754,436,272,18358,23752,27390,18743,2838,6663,49096,38802,584,56,1464,246,2453,3411,23185,8468,3841,98,1056,29002,22177,342,3451,29,204,16,2,218
927,8681,927.283269893817,99663,783,471,229,106,80022,44674,1.2511764646859918,439,271,18401,23761,27327,18703,2820,6687,49096,38802,650,62,1462,246,2442,3413,23220,8510,3836,100,1092,28926,22110,339,3440,31,230,17,3,246
928,8681,928.3077186299802,99663,776,467,229,106,80130,44740,1.2529223483138177,471,287,18449,23774,27261,18659,2813,6706,49096,38802,721,69,1456,246,2435,3416,23250,8556,3823,106,1133,28852,22035,338,3423,34,256,22,7,275
929,8681,929.3340213278243,99663,800,480,229,106,80248,44822,1.2549291111044218,513,290,18469,23760,27191,18624,2797,6739,49096,38802,797,77,1452,245,2425,3421,23286,8597,3815,110,1175,28770,21970,334,3409,38,285,26,9,296
930,8681,930.0192356916258,99663,800,476,229,106,80319,44865,1.2560729658950665,522,304,18496,23748,27161,18580,2791,6785,49096,38802,878,86,1448,244,2417,3430,23295,8636,3808,113,1204,28704,21913,332,3399,41,317,29,10,323
931,8681,931.0482737851295,99663,811,500,229,106,80459,44952,1.2583506416624024,521,295,18523,23753,27137,18519,2778,6826,49096,38802,964,95,1440,244,2404,3423,23321,8689,3802,121,1246,28621,21837,331,3386,45,353,35,12,353
932,8681,932.0781978032156,99663,818,495,229,106,80583,45024,1.2603172691971944,532,307,18581,23762,27082,18478,2757,6851,49096,38802,1055,105,1436,243,2398,3440,23327,8751,3789,125,1292,28534,21745,328,3376,50,379,39,12,399
933,8681,933.10973277319,99663,835,513,229,106,80729,45103,1.2625748773366243,526,317,18612,23751,27046,18410,2751,6902,49096,38802,1151,116,1426,242,2390,3441,23364,8799,3776,135,1336,28439,21670,327,3361,59,413,43,15,427
934,8681,934.1423924497855,99663,831,514,229,106,80856,45179,1.2646117415690878,547,305,18650,23768,27010,18346,2732,6960,49096,38802,1252,128,1420,242,2383,3440,23374,8864,3767,141,1395,28348,21580,326,3347,63,456,45,16,456
935,8681,935.17644870306,99663,836,520,229,106,80990,45262,1.2667890791968934,555,289,18683,23773,26976,18290,2720,7021,49096,38802,1359,141,1409,241,2373,3442,23396,8926,3753,151,1448,28251,21492,326,3340,67,495,48,16,489
936,8681,936.2118818512832,99662,849,514,230,106,81128,45331,1.2688788103790813,555,299,18707,23768,26938,18240,2720,7072,49096,38802,1471,155,1405,238,2362,3444,23409,8984,3744,155,1513,28160,21391,324,3321,77,540,54,18,523
937,8681,937.2484958496331,99662,865,506,230,106,81278,45404,1.2711163733418955,527,310,18747,23751,26915,18204,2715,7122,49096,38802,1589,170,1401,237,2351,3449,23399,9065,3730,159,1575,28074,21280,324,3312,80,580,58,19,569
938,8681,938.2860594020017,99662,866,500,230,106,81408,45483,1.2732134614998696,524,304,18795,23729,26877,18154,2707,7206,49096,38802,1712,186,1394,235,2347,3455,23401,9137,3720,166,1636,27971,21168,323,3297,87,628,61,20,616
939,8681,939.3250728073903,99662,850,495,230,106,81541,45553,1.2752503461700548,510,324,18831,23692,26871,18098,2707,7284,49096,38802,1841,203,1392,235,2332,3453,23430,9208,3706,166,1685,27858,21072,322,3288,90,674,69,25,657
940,8681,940.0180096675795,99662,847,489,230,106,81627,45599,1.2765748229014067,510,339,18851,23635,26856,18054,2705,7376,49096,38802,1975,221,1384,234,2319,3454,23443,9255,3700,174,1718,27765,20990,322,3273,101,724,75,27,704
941,8681,941.0579923569768,99662,849,486,230,106,81763,45682,1.2787722502056953,515,322,18864,23629,26837,17997,2704,7459,49096,38802,2115,241,1381,233,2311,3464,23456,9337,3687,177,1764,27644,20880,319,3260,106,771,79,31,762
942,8681,942.0988736500346,99662,848,482,230,106,81895,45754,1.280819168790512,492,347,18906,23595,26818,17911,2705,7558,49096,38802,2261,262,1375,232,2298,3468,23449,9429,3678,182,1805,27526,20793,319,3245,111,831,86,34,801
943,8681,943.1405632941818,99662,844,506,230,106,82016,45834,1.2828359856314342,503,341,18927,23557,26778,17828,2717,7661,49096,38802,2412,284,1374,231,2289,3475,23441,9508,3665,182,1840,27412,20706,318,3231,119,894,91,42,844
944,8681,944.1833690079227,99662,859,502,230,106,82157,45908,1.284993277277197,506,353,18961,23503,26729,17770,2714,7765,49096,38802,2569,308,1369,229,2283,3474,23457,9580,3653,187,1889,27296,20594,315,3214,129,954,92,44,903
945,8681,945.2280162168539,99662,870,522,230,106,82281,46009,1.2872509080692742,509,335,18987,23463,26683,17715,2720,7858,49096,38802,2732,333,1362,229,2272,3480,23459,9651,3642,194,1937,27182,20467,315,3205,134,1011,100,52,970
946,8681,946.2740473292348,99662,857,534,230,106,82419,46110,1.2896490136661918,499,304,19041,23415,26651,17664,2721,7976,49096,38802,2900,360,1352,228,2262,3496,23459,9741,3624,204,1995,27055,20345,313,3184,144,1071,106,57,1026
947,8681,947.3219090483548,99662,866,508,230,106,82553,46173,1.2916256948485882,493,323,19077,23381,26600,17591,2733,8090,49096,38802,3074,389,1344,227,2253,3494,23472,9816,3614,211,2038,26922,20221,313,3172,150,1144,110,67,1094
948,8681,948.0217315413364,99662,875,515,230,106,82646,46225,1.293080612470149,480,330,19096,23297,26577,17516,2741,8235,49096,38802,3253,419,1333,227,2244,3495,23458,9886,3610,222,2059,26808,20132,312,3162,156,1217,114,75,1152
949,8681,949.0726422023178,99661,864,499,230,107,82765,46299,1.2950301522160124,504,332,19140,23258,26519,17441,2742,8362,49096,38802,3438,451,1327,227,2225,3500,23463,9976,3597,228,2100,26668,20023,311,3149,164,1288,124,87,1204
950,8681,950.125589784097,99661,890,505,230,107,82903,46392,1.297348009753063,531,333,19158,23181,26446,17383,2744,8490,49096,38802,3628,485,1323,226,2211,3508,23450,10068,3583,232,2139,26562,19897,309,3126,177,1344,131,98,1277
951,8681,951.1806476192727,99661,895,504,230,107,83053,46460,1.2995354250910587,512,342,19189,23114,26411,17310,2762,8622,49096,38802,3823,521,1319,226,2205,3514,23444,10165,3571,236,2179,26409,19782,306,3111,187,1425,133,106,1343
952,8681,952.237281025737,99661,929,517,230,107,83201,46548,1.301903452704669,511,335,19173,23068,26379,17219,2777,8753,49096,38802,4023,558,1310,224,2197,3517,23441,10246,3561,245,2211,26275,19671,304,3091,197,1511,136,119,1405
953,8681,953.2950579274867,99659,921,528,230,109,83334,46647,1.3042575181368465,514,320,19199,23025,26338,17128,2797,8889,49096,38802,4228,597,1302,221,2182,3516,23444,10339,3551,253,2266,26136,19530,304,3073,207,1584,143,126,1482
954,8681,954.001059502309,99659,936,517,230,109,83438,46705,1.3058830612388244,511,320,19201,22929,26297,17076,2824,9048,49096,38802,4438,638,1295,220,2173,3520,23418,10423,3541,260,2299,26008,19413,303,3061,217,1670,147,135,1556
955,8681,955.0616533341531,99658,930,518,231,109,83585,46796,1.3082843324168656,495,318,19228,22877,26268,17005,2847,9172,49096,38802,4653,681,1288,219,2162,3522,23408,10528,3531,267,2348,25871,19275,298,3035,230,1746,154,149,1627
956,8681,956.1236799819268,99657,926,516,232,109,83722,46868,1.3103946536620608,473,346,19252,22807,26251,16902,2865,9319,49096,38802,4873,726,1282,219,2149,3527,23388,10627,3521,273,2386,25720,19145,294,3028,236,1839,162,157,1704
957,8681,957.1867464146072,99656,916,519,233,109,83847,46942,1.3124046720719273,485,352,19271,22750,26207,16807,2887,9462,49096,38802,5097,774,1278,219,2131,3534,23376,10724,3506,277,2422,25586,19011,293,3009,247,1914,173,169,1787
958,8681,958.2513982560192,99656,925,542,233,109,83978,47049,1.3147928875331139,481,343,19302,22670,26143,16715,2915,9620,49096,38802,5325,824,1272,217,2114,3543,23352,10829,3493,283,2462,25433,18896,290,2985,262,2014,181,180,1850
959,8681,959.3185417515424,99656,921,550,233,109,84112,47152,1.317171068475556,483,337,19343,22584,26072,16633,2947,9786,49096,38802,5558,876,1259,216,2104,3550,23328,10948,3478,296,2503,25268,18757,290,2967,270,2114,185,184,1939
960,8681,960.0316073401581,99654,902,569,235,109,84196,47215,1.3186726072209847,482,329,19362,22517,26038,16520,2980,9955,49096,38802,5795,930,1255,214,2086,3551,23290,11041,3469,300,2524,25139,18633,290,2956,277,2205,199,200,2025
961,8681,961.1031028500302,99654,906,575,235,109,84323,47306,1.3208601762096854,497,323,19370,22434,25982,16420,3009,10138,49096,38802,6035,987,1248,213,2068,3560,23265,11149,3455,306,2562,24985,18513,288,2932,292,2303,211,216,2088
962,8681,962.1766274819995,99654,897,583,235,109,84447,47402,1.3230678146386496,522,308,19369,22346,25923,16351,3053,10302,49096,38802,6279,1046,1245,209,2052,3574,23217,11271,3443,309,2619,24838,18365,282,2919,301,2397,218,231,2164
963,8681,963.2523824456397,99654,920,577,235,109,84603,47486,1.325476147470247,496,292,19388,22286,25871,16257,3089,10478,49096,38802,6527,1107,1241,209,2038,3573,23167,11409,3436,312,2636,24681,18244,279,2904,310,2491,228,251,2245
964,8681,964.3303092671468,99654,920,566,235,109,84761,47567,1.3278744455817126,488,290,19398,22188,25839,16193,3119,10653,49096,38802,6778,1171,1237,209,2024,3570,23119,11550,3429,316,2679,24541,18086,277,2874,328,2571,239,266,2339
965,8681,965.0498120119187,99652,900,546,236,110,84853,47614,1.3292959499056718,498,300,19399,22087,25803,16101,3163,10855,49096,38802,7032,1237,1232,209,2012,3579,23084,11656,3413,321,2696,24395,17957,276,2853,340,2672,247,283,2427
966,8681,966.1312599975588,99652,932,545,236,110,85009,47700,1.3317244009151847,471,307,19415,22014,25735,15998,3210,11025,49096,38802,7289,1306,1222,209,1998,3579,23065,11765,3406,330,2735,24220,17823,275,2835,348,2788,252,295,2507
967,8681,967.2153874957644,99651,913,546,237,110,85126,47787,1.333784909333574,499,307,19446,21939,25651,15889,3253,11208,49096,38802,7549,1378,1220,207,1976,3590,23025,11884,3393,331,2762,24061,17676,275,2815,358,2896,265,318,2599
968,8681,968.302519931099,99651,926,547,237,110,85267,47867,1.336002649245868,507,314,19436,21863,25597,15795,3296,11370,49096,38802,7811,1452,1213,207,1955,3597,23007,11990,3383,335,2784,23904,17531,274,2791,371,2995,279,334,2701
969,8681,969.0286634026834,99651,927,556,237,110,85366,47930,1.3376283228467352,507,309,19426,21767,25552,15679,3350,11578,49096,38802,8076,1529,1213,205,1951,3603,22945,12109,3375,334,2812,23750,17400,274,2766,383,3113,280,347,2791
970,8681,970.1201165262354,99650,946,548,238,110,85518,48007,1.3399397892624185,495,308,19437,21696,25478,15575,3405,11762,49096,38802,8343,1609,1201,205,1935,3606,22908,12226,3364,344,2852,23579,17244,274,2754,392,3229,288,365,2884
971,8681,971.2141677659296,99649,956,550,238,111,85650,48094,1.342150949833917,513,295,19411,21620,25422,15474,3459,11949,49096,38802,8612,1691,1196,203,1926,3611,22867,12350,3353,349,2883,23416,17091,274,2736,404,3333,293,379,2985
972,8681,972.3106145048862,99649,947,529,238,111,85793,48184,1.3444891569408624,511,304,19406,21495,25379,15409,3518,12151,49096,38802,8882,1776,1192,202,1906,3617,22812,12499,3338,352,2936,23262,16927,271,2712,417,3437,304,393,3072
973,8681,973.0427348677392,99648,952,532,239,111,85894,48238,1.346058124598587,503,301,19384,21407,25337,15303,3584,12345,49096,38802,9154,1864,1191,202,1894,3624,22770,12604,3324,353,2945,23117,16798,269,2689,436,3539,311,411,3171
974,8681,974.1433683461395,99648,960,535,239,111,86047,48321,1.3484264611432242,514,305,19382,21331,25256,15193,3648,12524,49096,38802,9427,1955,1188,201,1880,3627,22738,12734,3311,356,2972,22942,16652,267,2675,446,3640,320,432,3267
975,8681,975.2468473701292,99648,936,525,239,111,86184,48405,1.350644267822736,537,303,19350,21236,25224,15109,3713,12715,49096,38802,9701,2048,1183,201,1858,3633,22722,12865,3293,360,3012,22758,16492,267,2646,456,3760,329,449,3364
976,8681,976.3521875442348,99648,933,543,239,111,86315,48498,1.352892180475273,543,313,19341,21141,25164,14995,3779,12896,49096,38802,9976,2144,1177,200,1839,3632,22664,13015,3285,365,3038,22578,16359,266,2628,469,3875,341,471,3446
977,8681,977.0900657641524,99648,946,553,239,111,86421,48554,1.3545179030186256,540,315,19314,21012,25104,14900,3856,13108,49096,38802,10252,2243,1173,200,1816,3630,22618,13117,3274,369,3048,22407,16241,266,2619,474,4015,358,488,3535
978,8681,978.2001117477382,99648,951,549,239,111,86576,48644,1.3569765574823378,535,312,19324,20925,25024,14818,3926,13284,49096,38802,10529,2345,1166,200,1794,3628,22574,13261,3266,376,3076,22244,16074,264,2601,486,4110,372,517,3639
979,8681,979.3134768053794,99647,949,540,239,112,86723,48730,1.3593284293556254,519,308,19337,20848,24949,14731,4006,13460,49096,38802,10806,2450,1157,199,1781,3635,22516,13407,3255,384,3109,22065,15918,264,2581,495,4232,378,541,3730
980,8681,980.0578139000007,99646,946,546,240,112,86821,48788,1.3609076129498425,524,298,19320,20747,24878,14620,4091,13676,49096,38802,11083,2557,1155,199,1767,3634,22473,13517,3245,386,3113,21906,15788,264,2562,507,4353,386,565,3826
981,8681,981.1780243910692,99646,930,523,240,112,86967,48867,1.3631656062461113,528,294,19315,20643,24820,14557,4166,13870,49096,38802,11360,2667,1148,198,1747,3640,22433,13659,3229,393,3149,21733,15615,264,2542,519,4464,396,586,3931
982,8681,982.3014496722524,99646,926,523,240,112,87098,48959,1.3654035284908577,541,282,19304,20601,24740,14458,4248,14023,49096,38802,11637,2780,1144,198,1737,3630,22393,13797,3222,396,3180,21540,15465,263,2527,530,4592,402,610,4020
983,8681,983.0522147374527,99646,936,538,240,112,87203,49017,1.3670393191899324,536,274,19301,20484,24655,14355,4331,14236,49096,38802,11914,2896,1141,198,1727,3632,22321,13929,3215,399,3186,21372,15335,262,2512,536,4722,409,627,4123
984,8681,984.1826035251967,99646,928,529,240,112,87348,49092,1.3692471348573951,541,282,19290,20395,24583,14260,4417,14421,49096,38802,12190,3015,1132,197,1718,3628,22276,14071,3202,408,3199,21184,15205,262,2479,561,4853,412,659,4200
985,8681,985.316643895087,99644,892,516,241,113,87489,49172,1.371492513347517,537,273,19296,20319,24535,14180,4498,14598,49096,38802,12466,3136,1123,197,1707,3626,22208,14239,3186,417,3236,21021,15040,261,2446,578,4961,418,681,4299
986,8681,986.0740930930181,99643,894,517,242,113,87582,49228,1.3730016157682927,539,271,19260,20184,24463,14111,4601,14803,49096,38802,12741,3260,1120,197,1695,3626,22142,14365,3181,419,3240,20875,14904,260,2415,602,5070,424,712,4396
987,8681,987.2141508101561,99643,898,501,242,113,87723,49301,1.3751492829400962,527,285,19240,20085,24394,14041,4698,14974,49096,38802,13015,3387,1118,194,1684,3626,22082,14517,3173,420,3267,20699,14754,257,2389,620,5184,433,730,4496
988,8681,988.3577003461709,99642,886,497,243,113,87857,49393,1.3774312037092793,536,286,19239,20012,24298,13945,4797,15146,49096,38802,13288,3517,1115,194,1667,3621,22005,14696,3167,422,3292,20527,14621,256,2358,636,5293,444,754,4574
989,8681,989.1223011895527,99642,889,491,243,113,87948,49449,1.3789064852170771,536,279,19216,19920,24214,13850,4901,15346,49096,38802,13560,3649,1112,193,1653,3623,21931,14838,3155,424,3294,20360,14508,255,2338,646,5421,456,774,4661
990,8681,990.2740300953944,99642,910,485,243,113,88092,49523,1.3810943176572128,533,294,19192,19862,24121,13744,5000,15501,49096,38802,13830,3784,1109,193,1634,3621,21877,14990,3146,426,3309,20183,14374,255,2319,658,5533,468,796,4751
991,8681,991.0441727724417,99642,917,480,243,113,88201,49584,1.3828004255233737,516,290,19150,19758,24057,13667,5116,15691,49096,38802,14099,3922,1107,192,1622,3629,21793,15131,3133,427,3325,20028,14235,254,2302,670,5652,476,820,4846
992,8681,992.2033310745551,99641,921,480,243,114,88357,49667,1.3852129143625616,495,293,19141,19678,23982,13584,5217,15850,49096,38802,14366,4062,1105,190,1611,3634,21723,15289,3116,429,3342,19846,14095,251,2282,684,5781,481,848,4934
993,8681,993.3658720177634,99641,891,482,243,114,88479,49756,1.3873305165544305,488,289,19136,19599,23914,13516,5327,15999,49096,38802,14632,4205,1096,188,1597,3641,21666,15436,3100,438,3352,19663,13958,250,2259,699,5905,490,883,5020
994,8681,994.1432108507723,99641,915,487,243,114,88584,49817,1.3889964974257585,464,288,19120,19518,23819,13418,5438,16174,49096,38802,14896,4350,1095,188,1580,3646,21582,15580,3094,436,3351,19502,13838,250,2242,713,6016,504,910,5114
995,8681,995.3141782579689,99641,881,490,243,114,88698,49900,1.3909735952067923,464,282,19087,19471,23765,13329,5559,16313,49096,38802,15158,4498,1088,185,1572,3654,21501,15748,3081,442,3369,19332,13702,249,2215,732,6126,511,943,5191
996,8681,996.0968512256726,99641,877,487,243,114,88776,49950,1.3922582069629972,476,298,19055,19364,23669,13248,5679,16488,49096,38802,15418,4648,1086,185,1561,3648,21422,15888,3078,444,3369,19172,13594,248,2193,748,6248,518,972,5267
997,8681,997.2759232587088,99641,869,487,243,114,88911,50039,1.3945062775363555,472,289,19040,19302,23596,13158,5779,16649,49096,38802,15676,4800,1083,185,1553,3646,21365,16046,3068,447,3376,18985,13466,248,2167,763,6369,522,1003,5349
998,8681,998.0641144635005,99641,871,497,243,114,89012,50104,1.3961722584076837,458,278,19032,19216,23498,13073,5897,16821,49096,38802,15932,4955,1081,184,1538,3646,21288,16182,3060,448,3371,18834,13340,248,2156,768,6482,536,1036,5443
999,8681,999.25190443791,99641,882,484,243,114,89149,50187,1.3983801848636606,462,287,19050,19162,23357,12995,6005,16957,49096,38802,16185,5112,1076,183,1518,3647,21227,16339,3052,452,3398,18647,13203,248,2135,780,6601,552,1057,5526
1000,8681,1000.0475941711834,99640,883,479,243,115,89242,50240,1.3998594941790445,469,299,19007,19080,23264,12901,6133,17125,49096,38802,16436,5271,1075,183,1502,3650,21144,16488,3042,452,3395,18498,13080,248,2119,792,6708,561,1085,5618
1001,8681,1001.2466663766713,99639,859,503,243,116,89367,50330,1.4020313331125362,475,298,18978,19015,23199,12805,6245,17262,49096,38802,16685,5432,1072,182,1487,3650,21061,16653,3037,454,3389,18340,12952,247,2097,804,6817,569,1129,5699
1002,8681,1002.0483431004708,99639,862,497,243,116,89466,50382,1.403546803962304,467,311,18949,18926,23097,12736,6381,17413,49096,38802,16931,5595,1068,182,1474,3645,20978,16799,3034,457,3387,18207,12822,245,2081,815,6909,580,1161,5795
1003,8681,1003.2561868629373,99638,841,515,244,116,89603,50480,1.4059194283305567,455,294,18936,18866,23029,12671,6494,17537,49096,38802,17175,5760,1063,182,1461,3652,20891,16972,3022,461,3408,18045,12681,241,2060,826,7014,589,1189,5881
1004,8681,1004.0638865045979,99638,828,516,244,116,89679,50545,1.4073345510748911,495,287,18891,18775,22912,12618,6629,17687,49096,38802,17416,5927,1062,182,1447,3650,20809,17123,3016,462,3411,17907,12554,241,2037,842,7111,598,1211,5975
1005,8681,1005.2818363412281,99636,825,530,246,116,89829,50640,1.4098217511742743,473,267,18879,18740,22821,12548,6755,17798,49096,38802,17654,6095,1058,182,1433,3648,20721,17309,3007,466,3436,17727,12428,239,2019,849,7228,606,1231,6049
1006,8681,1006.0969333035479,99636,829,499,246,116,89920,50687,1.411206792725521,445,266,18851,18684,22737,12493,6891,17941,49096,38802,17890,6265,1053,182,1418,3652,20661,17440,2995,471,3445,17563,12293,238,2001,862,7349,616,1257,6140
1007,8681,1007.3249890790903,99636,797,505,246,116,90043,50781,1.4133847203821912,440,240,18826,18652,22662,12430,7028,18056,49096,38802,18123,6437,1051,181,1406,3649,20589,17618,2982,472,3454,17388,12180,237,1984,872,7457,624,1289,6203
1008,8681,1008.1464563241325,99636,797,473,246,116,90141,50820,1.4147597254004576,413,267,18789,18592,22591,12368,7163,18183,49096,38802,18353,6610,1047,181,1392,3650,20512,17759,2976,476,3456,17236,12053,235,1972,878,7568,633,1326,6286
1009,8681,1009.3838033739459,99636,812,463,246,116,90296,50900,1.4171183106507688,396,258,18764,18565,22489,12313,7292,18284,49096,38802,18580,6785,1044,181,1380,3645,20447,17924,2973,479,3457,17071,11930,234,1949,893,7667,641,1367,6354
1010,8681,1010.2117469836966,99635,808,461,246,117,90393,50957,1.418678175339991,415,250,18719,18507,22388,12240,7423,18424,49096,38802,18805,6961,1041,180,1373,3646,20351,18101,2968,480,3454,16928,11821,233,1932,898,7758,645,1389,6437
1011,8681,1011.0433261811646,99633,787,466,247,118,90462,51015,1.4199813314865557,433,241,18689,18455,22290,12159,7553,18560,49096,38802,19027,7138,1038,180,1355,3644,20285,18231,2962,483,3454,16784,11702,231,1919,906,7864,657,1417,6521
1012,8681,1012.2976523854983,99633,801,470,247,118,90610,51104,1.4223600614254313,416,227,18685,18462,22164,12074,7686,18648,49096,38802,19246,7316,1030,179,1337,3649,20198,18405,2953,489,3463,16626,11586,231,1903,913,7968,667,1454,6582
1013,8681,1013.137726302412,99632,820,480,248,118,90708,51158,1.4238999518227076,393,219,18641,18427,22066,11987,7831,18768,49096,38802,19462,7495,1028,179,1323,3645,20118,18538,2948,491,3451,16480,11486,229,1888,926,8084,677,1485,6656
1014,8681,1014.4046844793243,99632,769,473,248,118,90828,51232,1.4258471173920026,403,222,18630,18439,21998,11907,7951,18840,49096,38802,19675,7675,1021,177,1312,3650,20039,18710,2934,495,3451,16314,11381,227,1871,936,8194,681,1534,6705
1015,8681,1015.2516615448067,99632,757,461,248,118,90911,51277,1.4271318451903003,398,218,18599,18386,21910,11850,8087,18966,49096,38802,19885,7856,1017,177,1302,3651,19939,18872,2930,499,3440,16175,11288,226,1847,949,8294,690,1570,6766
1016,8681,1016.1022815823547,99632,738,453,248,118,91006,51323,1.4285470531556126,380,224,18575,18363,21832,11772,8226,19069,49096,38802,20092,8038,1014,176,1288,3649,19887,18997,2923,502,3449,16027,11174,225,1818,962,8405,701,1593,6842
1017,8681,1017.3847032558552,99631,720,455,249,118,91125,51400,1.430528650721161,384,225,18550,18354,21744,11705,8352,19142,49096,38802,20296,8221,1009,176,1273,3650,19819,19156,2911,506,3448,15882,11065,224,1797,974,8493,710,1632,6906
1018,8681,1018.2425784007769,99631,701,453,249,118,91202,51457,1.4318736136343106,397,213,18511,18322,21642,11651,8499,19242,49096,38802,20498,8405,1004,175,1261,3647,19718,19321,2909,510,3450,15743,10971,222,1781,986,8593,717,1659,6964
1019,8681,1019.1043903404596,99631,682,442,249,118,91277,51496,1.4330178358141543,393,221,18493,18287,21540,11579,8642,19352,49096,38802,20697,8589,1001,175,1254,3648,19633,19459,2901,512,3454,15612,10864,222,1771,992,8692,721,1692,7028
1020,8681,1020.4044264418163,99631,699,426,249,118,91411,51568,1.435085465367205,393,219,18465,18274,21430,11539,8763,19423,49096,38802,20893,8774,998,175,1246,3647,19563,19608,2889,512,3447,15481,10752,222,1750,1002,8785,725,1740,7089
1021,8681,1021.2749145528418,99631,682,429,249,118,91501,51615,1.4364605393903505,377,220,18451,18248,21347,11466,8893,19518,49096,38802,21086,8959,994,174,1239,3649,19454,19774,2884,515,3444,15350,10657,221,1738,1008,8877,730,1767,7156
1022,8681,1022.1491789733326,99631,676,418,249,118,91582,51665,1.437775391193504,379,203,18414,18226,21238,11404,9043,19630,49096,38802,21276,9144,994,173,1227,3652,19348,19928,2876,514,3450,15235,10558,220,1722,1016,8965,740,1800,7213
1023,8681,1023.0280875355019,99630,656,404,249,119,91647,51716,1.4389541302820437,390,201,18410,18169,21116,11369,9178,19737,49096,38802,21463,9330,989,170,1217,3657,19253,20077,2871,518,3449,15120,10466,220,1700,1030,9053,745,1836,7259
1024,8681,1024.355000404818,99628,658,409,251,119,91783,51791,1.44110089533063,377,191,18388,18174,21026,11311,9299,19795,49096,38802,21647,9516,985,170,1209,3662,19151,20240,2855,522,3464,14981,10369,220,1686,1040,9152,750,1874,7298
1025,8681,1025.2430271550077,99628,667,393,251,119,91874,51838,1.442486048098928,385,191,18336,18128,20904,11275,9456,19893,49096,38802,21828,9702,982,170,1197,3660,19057,20394,2850,525,3458,14856,10286,218,1673,1049,9242,758,1905,7348
1026,8681,1026.1360917898648,99627,673,381,252,119,91962,51867,1.4436749074046191,382,213,18312,18082,20793,11212,9587,19992,49096,38802,22007,9888,981,170,1186,3658,18967,20534,2846,526,3459,14708,10213,218,1659,1059,9356,766,1928,7393
1027,8681,1027.0335350722169,99626,683,367,252,120,92054,51902,1.4449641659807682,373,222,18280,18071,20677,11134,9734,20085,49096,38802,22183,10074,979,169,1174,3656,18885,20667,2842,526,3459,14573,10133,217,1647,1068,9460,772,1964,7435
1028,8681,1028.3885882519007,99625,651,381,252,121,92161,51981,1.4468456712672522,363,219,18285,18084,20603,11056,9845,20138,49096,38802,22356,10259,976,167,1163,3653,18806,20823,2832,527,3455,14435,10041,216,1637,1075,9552,779,1998,7490
1029,8681,1029.2955260814974,99625,642,374,252,121,92241,52029,1.4481304893350062,361,205,18261,18045,20501,11021,9982,20233,49096,38802,22526,10444,973,165,1152,3650,18729,20952,2827,530,3449,14324,9946,215,1622,1087,9634,787,2036,7547
1030,8681,1030.2065359430956,99625,645,365,252,121,92328,52070,1.4494153074027603,354,214,18203,18021,20415,10973,10130,20305,49096,38802,22694,10629,971,165,1143,3650,18638,21098,2821,531,3439,14203,9870,215,1611,1095,9717,794,2066,7598
1031,8681,1031.1215936958697,99625,644,376,252,121,92404,52121,1.45069008782936,344,210,18192,17973,20304,10933,10263,20386,49096,38802,22859,10813,968,162,1138,3651,18535,21243,2813,534,3425,14103,9776,214,1601,1103,9795,798,2099,7667
1032,8681,1032.041636246142,99625,639,359,252,121,92491,52165,1.452005018820577,354,212,18142,17951,20212,10893,10400,20463,49096,38802,23021,10997,965,162,1123,3651,18428,21412,2808,537,3427,13995,9685,213,1580,1115,9870,809,2118,7727
1033,8681,1033.4299377489979,99625,623,354,252,121,92601,52238,1.4538419071518194,358,210,18142,17976,20108,10846,10516,20492,49096,38802,23181,11180,959,162,1114,3658,18361,21548,2796,539,3434,13862,9589,212,1568,1119,9963,814,2163,7764
1034,8681,1034.3593531295692,99625,612,351,252,121,92674,52287,1.4550664993726474,370,200,18106,17967,20016,10805,10643,20555,49096,38802,23338,11363,956,161,1103,3659,18272,21691,2792,541,3437,13746,9504,211,1555,1127,10043,822,2189,7816
1035,8681,1035.293068325268,99625,596,351,252,121,92743,52328,1.4561706398996237,365,199,18083,17963,19919,10758,10784,20607,49096,38802,23492,11545,953,161,1095,3664,18183,21825,2780,544,3440,13648,9413,211,1539,1140,10110,829,2219,7871
1036,8681,1036.231540135993,99625,605,348,252,121,92826,52383,1.457555834378921,345,183,18065,17956,19821,10717,10911,20674,49096,38802,23644,11726,952,161,1077,3662,18103,21951,2775,544,3442,13538,9330,210,1526,1149,10192,844,2249,7920
1037,8681,1037.1750282174073,99625,626,349,252,121,92921,52427,1.4589510664993726,323,184,18054,17973,19700,10644,11044,20728,49096,38802,23793,11906,951,161,1072,3657,18016,22083,2773,544,3441,13421,9262,209,1518,1156,10280,846,2277,7958
1038,8681,1038.1236242278244,99625,593,340,252,121,92994,52471,1.460125470514429,313,190,18056,17996,19621,10593,11164,20759,49096,38802,23940,12085,949,161,1060,3661,17948,22218,2762,545,3443,13306,9179,208,1506,1160,10356,850,2304,8009
1039,8681,1039.0772325167563,99625,576,368,252,121,93053,52524,1.4612496863237139,315,178,18049,17994,19515,10516,11292,20822,49096,38802,24084,12263,949,161,1053,3652,17871,22341,2755,545,3439,13220,9107,208,1486,1177,10423,853,2324,8061
1040,8681,1040.0358763153106,99625,577,360,252,121,93125,52565,1.4623839397741532,305,181,18030,17995,19418,10465,11417,20877,49096,38802,24226,12440,949,160,1046,3646,17793,22467,2751,545,3427,13118,9053,208,1467,1194,10495,857,2369,8080
1041,8681,1041.4824823055894,99625,586,346,252,121,93236,52629,1.4641405269761607,276,178,18062,18031,19294,10434,11529,20889,49096,38802,24365,12616,948,160,1041,3637,17729,22618,2746,545,3415,13004,8988,206,1453,1202,10560,860,2402,8111
1042,8681,1042.452302211811,99625,574,341,252,121,93301,52669,1.465194479297365,290,183,18056,18038,19183,10370,11644,20946,49096,38802,24502,12791,948,160,1028,3635,17625,22768,2744,544,3409,12912,8931,205,1439,1210,10627,869,2430,8141
1043,8681,1043.4275645575158,99624,563,345,252,122,93365,52721,1.466373564602907,285,182,18040,18046,19087,10327,11772,20977,49096,38802,24637,12965,945,160,1023,3631,17552,22900,2741,547,3395,12810,8874,203,1424,1215,10697,872,2455,8180
1044,8681,1044.4081822301316,99624,539,337,252,122,93434,52755,1.4674074520195937,306,191,18043,18069,18978,10275,11881,21005,49096,38802,24769,13138,941,159,1020,3625,17471,23035,2734,551,3391,12710,8806,203,1413,1219,10771,875,2482,8218
1045,8681,1045.394457241416,99624,536,330,252,122,93502,52797,1.4685116036296475,305,189,18034,18075,18873,10231,11999,21052,49096,38802,24899,13310,938,159,1015,3621,17390,23164,2732,553,3390,12608,8734,203,1407,1223,10842,876,2510,8259
1046,8681,1046.386172220191,99624,523,340,252,122,93565,52855,1.4697261704007067,320,167,18029,18084,18765,10194,12110,21092,49096,38802,25027,13480,934,159,1003,3623,17310,23284,2725,556,3378,12518,8664,203,1394,1230,10911,884,2550,8298
1047,8681,1047.383766628855,99624,510,325,252,122,93635,52901,1.470890548462218,317,161,18027,18093,18664,10173,12229,21125,49096,38802,25153,13649,932,158,1000,3623,17248,23409,2718,557,3371,12424,8592,203,1387,1232,10967,883,2585,8335
1048,8681,1048.386600599184,99623,516,315,252,123,93710,52936,1.4720094757234774,307,171,18011,18108,18577,10124,12336,21158,49096,38802,25277,13817,928,157,989,3619,17170,23534,2717,560,3367,12325,8535,203,1380,1233,11041,888,2608,8369
1049,8681,1049.394836227758,99623,514,331,252,123,93786,52993,1.4733445087981691,299,162,17989,18121,18497,10077,12448,21185,49096,38802,25398,13983,927,157,985,3612,17099,23655,2712,560,3365,12231,8472,203,1369,1243,11105,892,2634,8402
1050,8681,1050.4073581712762,99623,527,325,252,123,93866,53032,1.4745390120755246,267,165,17997,18143,18386,10032,12570,21211,49096,38802,25517,14148,925,157,976,3610,17026,23771,2707,561,3358,12134,8415,202,1363,1243,11179,899,2666,8431
1051,8681,1051.4256802056677,99623,521,323,252,123,93946,53071,1.4757335153528803,252,170,17984,18145,18306,10001,12684,21237,49096,38802,25634,14311,920,157,970,3603,16963,23888,2704,565,3352,12040,8352,202,1356,1246,11247,901,2694,8463
1052,8681,1052.4493077597915,99622,517,320,252,124,94025,53123,1.4770632992712454,237,155,17988,18166,18218,9982,12787,21252,49096,38802,25749,14473,919,157,957,3598,16888,24013,2699,565,3336,11959,8294,202,1351,1248,11300,909,2734,8493
1053,8681,1053.477887476079,99622,498,315,252,124,94089,53163,1.478107245387565,244,150,17996,18197,18126,9933,12883,21280,49096,38802,25862,14633,919,157,950,3603,16802,24142,2692,564,3323,11882,8246,200,1343,1253,11357,913,2765,8511
1054,8681,1054.51171411379,99621,481,304,253,124,94150,53201,1.4791158490679677,248,146,18010,18228,18033,9916,12974,21281,49096,38802,25973,14792,919,156,942,3602,16755,24240,2684,562,3321,11799,8167,200,1335,1257,11408,920,2791,8563
1055,8681,1055.0303104182706,99621,480,295,253,124,94184,53215,1.4795976751889661,247,152,17968,18213,17955,9881,13096,21334,49096,38802,26082,14949,917,155,940,3605,16692,24325,2678,562,3310,11731,8112,199,1329,1261,11465,921,2812,8607
1056,8681,1056.0745485073,99621,488,298,253,124,94258,53253,1.4807219361379629,250,148,17961,18242,17866,9851,13181,21336,49096,38802,26189,15105,915,155,933,3599,16630,24431,2675,563,3296,11653,8064,198,1320,1267,11517,926,2841,8638
1057,8681,1057.1198458500382,99621,485,289,253,124,94313,53299,1.4817357786008973,249,129,17980,18281,17757,9829,13275,21347,49096,38802,26295,15259,913,154,931,3604,16547,24545,2666,564,3291,11573,8012,198,1306,1279,11577,928,2877,8656
1058,8681,1058.164861738605,99620,481,270,254,124,94374,53328,1.482654085524995,253,140,17977,18310,17653,9795,13381,21360,49096,38802,26399,15411,910,154,925,3605,16466,24675,2662,565,3274,11495,7970,195,1296,1286,11628,932,2907,8675
1059,8681,1059.2095594814425,99619,457,265,254,125,94430,53366,1.4836125638683384,257,139,18000,18343,17569,9759,13462,21368,49096,38802,26501,15562,910,154,917,3604,16393,24790,2655,565,3277,11409,7907,195,1287,1289,11692,936,2925,8714
1060,8681,1060.253234617998,99619,460,266,254,125,94490,53404,1.484596311948524,256,140,17989,18371,17488,9730,13552,21367,49096,38802,26601,15711,908,154,911,3593,16340,24894,2652,566,3271,11327,7859,195,1276,1296,11748,940,2944,8745
1061,8681,1061.2970490215168,99619,460,274,254,125,94552,53442,1.4856001365201417,258,128,18006,18415,17377,9682,13644,21375,49096,38802,26699,15858,906,153,908,3591,16278,24994,2648,567,3259,11256,7812,194,1265,1303,11800,941,2970,8774
1062,8681,1062.3407517467567,99619,480,259,254,125,94617,53467,1.486503578634598,255,140,18018,18449,17265,9644,13727,21382,49096,38802,26796,16004,906,153,903,3591,16214,25095,2645,567,3255,11180,7761,194,1259,1304,11854,943,2993,8802
1063,8681,1063.383340643039,99619,485,264,254,125,94700,53510,1.4877683975948364,230,135,18055,18488,17177,9598,13798,21389,49096,38802,26891,16148,903,153,900,3588,16152,25204,2636,570,3243,11110,7712,193,1245,1309,11909,944,3021,8827
1064,8681,1064.42456552908,99619,469,259,254,125,94756,53543,1.4886618014635762,246,138,18034,18531,17113,9560,13883,21386,49096,38802,26984,16290,899,152,899,3589,16070,25326,2629,574,3237,11039,7667,193,1237,1312,11959,942,3046,8849
1065,8681,1065.4662049688893,99619,461,264,254,125,94824,53584,1.4897559702466396,223,128,18048,18562,17047,9522,13966,21398,49096,38802,27076,16431,897,151,891,3591,16009,25427,2622,575,3234,10957,7625,193,1231,1314,12017,947,3068,8870
1066,8681,1066.5075623969926,99619,431,261,254,125,94874,53617,1.4905891446410826,240,124,18044,18593,16994,9491,14036,21405,49096,38802,27166,16570,893,151,885,3586,15946,25532,2618,578,3216,10893,7587,193,1218,1323,12059,950,3105,8886
1067,8681,1067.0275679309802,99619,426,265,254,125,94901,53638,1.4910709804354592,237,122,18021,18575,16923,9463,14138,21449,49096,38802,27254,16707,891,151,877,3586,15895,25606,2617,578,3211,10839,7537,193,1207,1330,12099,957,3120,8925
1068,8681,1068.0710657483314,99619,428,255,254,125,94971,53667,1.4920647667613607,218,125,18036,18601,16847,9440,14216,21453,49096,38802,27341,16843,889,151,865,3586,15832,25704,2612,580,3208,10774,7490,192,1200,1329,12151,967,3142,8947
1069,8681,1069.1138843630251,99619,418,235,254,125,95025,53684,1.4927774822072095,212,134,18067,18636,16764,9415,14284,21454,49096,38802,27426,16977,888,150,862,3584,15782,25797,2611,578,3205,10701,7444,191,1193,1331,12199,968,3164,8971
1070,8681,1070.155353613795,99619,409,228,254,125,95078,53715,1.4936206948473685,212,125,18082,18681,16695,9393,14347,21447,49096,38802,27510,17109,886,149,855,3583,15705,25907,2607,580,3202,10643,7405,191,1183,1337,12239,974,3187,8986
1071,8681,1071.195895710015,99619,395,223,254,125,95124,53745,1.494383601521798,210,125,18109,18721,16616,9368,14415,21437,49096,38802,27592,17239,883,149,850,3579,15646,26010,2604,582,3199,10582,7361,190,1175,1341,12278,976,3206,9008
1072,8681,1072.2352187671195,99618,387,215,254,126,95174,53771,1.4951615169949206,202,129,18116,18766,16554,9342,14486,21421,49096,38802,27673,17368,881,148,844,3583,15577,26106,2600,579,3189,10527,7317,190,1170,1345,12320,978,3231,9033
1073,8681,1073.274157184141,99618,375,205,254,126,95226,53801,1.495984661406573,207,120,18165,18821,16473,9313,14525,21414,49096,38802,27753,17495,878,148,840,3584,15507,26217,2590,582,3179,10457,7288,190,1164,1348,12365,981,3257,9043
1074,8681,1074.3114499902906,99618,375,205,254,126,95282,53830,1.4968379208576763,182,115,18206,18882,16398,9271,14584,21400,49096,38802,27831,17620,876,148,833,3584,15443,26314,2586,584,3166,10400,7254,189,1160,1350,12401,987,3276,9067
1075,8681,1075.3464634746356,99617,352,202,255,126,95320,53860,1.4975355611993937,186,122,18236,18939,16327,9244,14643,21366,49096,38802,27908,17744,874,148,831,3585,15395,26397,2581,585,3163,10342,7206,189,1151,1358,12435,987,3299,9091
1076,8681,1076.3799888239178,99617,354,199,255,126,95372,53891,1.4983687523213909,169,119,18285,18994,16237,9223,14699,21338,49096,38802,27984,17866,871,148,827,3580,15351,26473,2580,588,3169,10283,7158,189,1142,1366,12475,989,3316,9112
1077,8681,1077.4113745030254,99617,343,208,255,126,95408,53929,1.4991115974181113,166,107,18323,19038,16155,9187,14757,21333,49096,38802,28058,17986,870,148,823,3582,15284,26570,2574,589,3161,10234,7120,189,1134,1371,12509,990,3334,9135
1078,8681,1078.440535313276,99617,337,197,255,126,95444,53949,1.499673750464278,168,118,18354,19075,16067,9155,14818,21328,49096,38802,28131,18105,869,147,822,3583,15223,26661,2572,590,3159,10175,7087,189,1121,1378,12548,991,3352,9150
1079,8681,1079.4677867003074,99617,324,216,255,126,95483,53991,1.5004868646917695,165,104,18397,19125,15993,9123,14865,21305,49096,38802,28203,18222,868,147,820,3584,15169,26743,2572,588,3149,10113,7054,188,1116,1382,12589,992,3372,9171
1080,8681,1080.49290696217,99617,322,225,255,126,95527,54026,1.501279902024755,166,99,18435,19183,15926,9079,14895,21287,49096,38802,28273,18337,867,147,815,3585,15113,26827,2569,588,3149,10053,7014,188,1112,1383,12630,996,3386,9195
1081,8681,1081.0044461334232,99617,321,228,255,126,95545,54044,1.5016412861258621,168,98,18408,19186,15865,9056,14982,21305,49096,38802,28342,18451,867,147,813,3585,15063,26892,2567,588,3140,10014,6976,188,1108,1386,12660,998,3401,9224
1082,8681,1082.028359816965,99616,318,212,255,127,95594,54067,1.502379135881786,160,98,18447,19233,15785,9040,15034,21289,49096,38802,28410,18563,867,146,809,3583,15017,26969,2560,588,3130,9964,6941,188,1103,1390,12693,1002,3429,9237
1083,8681,1083.050728564921,99616,314,200,255,127,95636,54091,1.5030416800513973,150,103,18486,19283,15725,9015,15069,21271,49096,38802,28477,18673,867,146,804,3583,14965,27053,2559,588,3132,9912,6900,185,1099,1390,12731,1002,3448,9252
1084,8681,1084.0708796623164,99616,323,190,255,127,95682,54114,1.503734339865082,140,107,18500,19342,15658,8983,15123,21250,49096,38802,28543,18782,865,146,802,3581,14914,27131,2555,590,3125,9869,6864,185,1096,1390,12762,1001,3473,9267
1085,8681,1085.0902045375183,99616,316,200,255,127,95718,54144,1.5043968840346933,131,97,18542,19389,15596,8947,15159,21239,49096,38802,28608,18889,861,146,797,3576,14872,27206,2553,594,3118,9815,6839,185,1087,1394,12799,1005,3484,9285
1086,8681,1086.1079058141768,99616,299,189,255,127,95751,54169,1.5049791198201092,137,104,18576,19460,15533,8918,15199,21201,49096,38802,28672,18995,858,146,793,3576,14814,27293,2549,597,3115,9772,6801,185,1082,1398,12826,1006,3497,9308
1087,8681,1087.123736317409,99616,277,181,255,127,95778,54184,1.5054007388371347,146,111,18602,19509,15477,8884,15242,21187,49096,38802,28734,19099,857,146,789,3577,14753,27376,2545,597,3108,9728,6767,185,1080,1396,12858,1009,3519,9326
1088,8681,1088.1382334777925,99616,283,182,255,127,95826,54210,1.5061435913909411,140,111,18642,19574,15412,8840,15267,21165,49096,38802,28795,19201,857,144,784,3585,14694,27455,2540,594,3100,9681,6736,185,1080,1395,12894,1012,3538,9342
1089,8681,1089.150810844279,99615,288,181,255,128,95854,54235,1.5066907594237815,140,111,18672,19629,15329,8803,15315,21147,49096,38802,28855,19302,857,144,783,3585,14648,27518,2539,593,3099,9633,6709,185,1075,1398,12932,1012,3553,9352
1090,8681,1090.1617083608623,99615,269,180,255,128,95883,54267,1.5073031170004518,140,102,18699,19674,15284,8782,15352,21133,49096,38802,28914,19401,855,142,782,3588,14607,27587,2535,595,3086,9595,6680,185,1062,1407,12955,1012,3581,9361
1091,8681,1091.1710760810563,99615,264,181,255,128,95916,54293,1.5078953972795262,131,94,18751,19717,15218,8767,15380,21112,49096,38802,28972,19499,855,141,779,3592,14561,27659,2531,595,3074,9554,6650,185,1056,1409,12979,1015,3600,9380
1092,8681,1092.1780819924543,99615,259,184,255,128,95949,54318,1.5084776389098027,135,88,18794,19764,15151,8741,15405,21094,49096,38802,29029,19595,855,141,778,3591,14515,27726,2528,594,3072,9507,6623,185,1052,1412,13012,1016,3616,9392
1093,8681,1093.183214031289,99615,249,178,255,128,95979,54342,1.5090197259448879,137,86,18828,19808,15089,8712,15441,21087,49096,38802,29085,19690,853,141,773,3589,14473,27793,2524,596,3059,9469,6596,184,1051,1410,13037,1020,3645,9402
1094,8681,1094.186462841578,99615,258,177,255,128,96021,54366,1.5096822767655473,128,79,18867,19879,15023,8674,15468,21062,49096,38802,29140,19783,852,141,769,3586,14424,27860,2524,597,3057,9426,6572,184,1048,1412,13069,1023,3661,9410
