,indexID,time,N,Inf_L,Inf_H,Dead_L,Dead_H,cum_cases_L,cum_cases_H,cum_sum_per_N,Exposed_L,Exposed_H,Sus_L,Sus_H,Rec_nat_L,Rec_nat_H,Rec_vax_L,Rec_vax_H,vaccinatedH,vaccinatedL,boostedH,boostedL,count_Naive,count_Delta,count_Delta_vaccine,count_two,count_three,count_four,count_Omicron,count_Omicron_star,count_Omicron_star_vaccine,count_Omicron_vaccine,count_Vaccine,count_WT,count_WT_vaccine,count_WT_vaccine_boost,count_Omicron_vaccine_boost,count_Delta_vaccine_boost,count_Omicron_star_vaccine_boost,count_Vaccine_boost
0,5557,1.019512328417937,99996,10,10,0,0,11,11,0.00022000880035201407,14,14,49973,49973,1,1,0,0,0,0,0,0,99994,0,0,0,0,0,0,0,0,0,0,2,0,0,0,0,0,0
1,5557,2.0348184009238794,99996,15,15,0,0,18,18,0.00036001440057602306,10,8,49970,49972,3,3,0,0,0,0,0,0,99990,0,0,0,0,0,0,0,0,0,0,6,0,0,0,0,0,0
2,5557,3.1064280455053845,99996,15,14,0,0,20,19,0.000390015600624025,8,7,49970,49972,5,5,0,0,0,0,0,0,99986,0,0,0,0,0,0,0,0,0,0,10,0,0,0,0,0,0
3,5557,4.000410200965742,99996,17,15,0,0,26,23,0.0004900196007840313,4,3,49968,49972,9,8,0,0,0,0,0,0,99979,0,0,0,0,0,0,0,0,0,0,17,0,0,0,0,0,0
4,5557,5.013986576450788,99996,19,17,0,0,30,25,0.0005500220008800352,4,2,49964,49971,11,8,0,0,0,0,0,0,99977,0,0,0,0,0,0,0,0,0,0,19,0,0,0,0,0,0
5,5557,6.036262959433024,99996,17,12,0,0,32,25,0.0005700228009120365,4,3,49962,49970,15,13,0,0,0,0,0,0,99968,0,0,0,0,0,0,0,0,0,0,28,0,0,0,0,0,0
6,5557,7.014528496892182,99996,18,13,0,0,35,27,0.0006200248009920397,4,2,49959,49969,17,14,0,0,0,0,0,0,99965,0,0,0,0,0,0,0,0,0,0,31,0,0,0,0,0,0
7,5557,8.096440587191294,99996,13,9,0,0,35,27,0.0006200248009920397,8,3,49955,49969,22,17,0,0,0,0,0,0,99956,0,0,0,0,0,0,0,0,0,0,40,0,0,0,0,0,0
8,5557,9.018045732207138,99996,13,7,0,0,38,29,0.0006700268010720429,7,4,49953,49966,25,21,0,0,0,0,0,0,99949,0,0,0,0,0,0,0,0,0,0,47,0,0,0,0,0,0
9,5557,10.03308860316691,99995,10,7,1,0,39,29,0.000680034001700085,8,4,49951,49966,28,21,0,0,0,0,0,0,99945,0,0,0,0,0,0,0,0,0,0,50,0,0,0,0,0,0
10,5557,11.274635293060898,99995,8,8,1,0,41,32,0.0007300365018250912,13,4,49944,49963,32,23,0,0,0,0,0,0,99939,0,0,0,0,0,0,0,0,0,0,56,0,0,0,0,0,0
11,5557,12.010903122377881,99995,8,8,1,0,41,33,0.0007400370018500925,13,4,49944,49963,32,23,0,0,0,0,0,0,99938,0,0,0,0,0,0,0,0,0,0,57,0,0,0,0,0,0
12,5557,13.115476788283424,99995,11,10,1,0,46,35,0.0008100405020251012,9,5,49943,49960,34,23,0,0,0,0,0,0,99936,0,0,0,0,0,0,0,0,0,0,59,0,0,0,0,0,0
13,5557,14.100270101690095,99995,11,9,1,0,48,36,0.000840042002100105,8,5,49943,49959,35,25,0,0,0,0,0,0,99932,0,0,0,0,0,0,0,0,0,0,63,0,0,0,0,0,0
14,5557,15.252116503442831,99995,11,8,1,0,48,37,0.0008500425021251062,9,4,49942,49959,35,27,0,0,0,0,0,0,99930,0,0,0,0,0,0,0,0,0,0,65,0,0,0,0,0,0
15,5557,16.089044086358342,99995,10,10,1,0,49,40,0.0008900445022251112,9,1,49941,49960,37,27,0,0,0,0,0,0,99927,0,0,0,0,0,0,0,0,0,0,68,0,0,0,0,0,0
16,5557,17.09974025736562,99995,8,7,1,0,51,41,0.000920046002300115,7,4,49942,49956,40,31,0,0,0,0,0,0,99919,0,0,0,0,0,0,0,0,0,0,76,0,0,0,0,0,0
17,5557,18.292846699911706,99995,7,6,1,0,53,42,0.0009500475023751188,6,3,49942,49956,42,33,0,0,0,0,0,0,99914,0,0,0,0,0,0,0,0,0,0,81,0,0,0,0,0,0
18,5557,19.279676176785152,99995,5,7,1,0,54,43,0.0009700485024251213,5,3,49942,49955,45,33,0,0,0,0,0,0,99911,0,0,0,0,0,0,0,0,0,0,84,0,0,0,0,0,0
19,5557,20.273203653876518,99995,7,7,1,0,56,43,0.0009900495024751238,4,4,49941,49954,45,33,0,0,0,0,0,0,99911,0,0,0,0,0,0,0,0,0,0,84,0,0,0,0,0,0
20,5557,21.120435090540028,99995,5,5,1,0,57,44,0.0010100505025251263,4,3,49940,49954,48,36,0,0,0,0,0,0,99905,0,0,0,0,0,0,0,0,0,0,90,0,0,0,0,0,0
21,5557,22.06128973143985,99995,6,6,1,0,59,45,0.00104005200260013,2,3,49940,49953,49,36,0,0,0,0,0,0,99904,0,0,0,0,0,0,0,0,0,0,91,0,0,0,0,0,0
22,5557,23.22090296107289,99995,4,4,1,0,59,45,0.00104005200260013,3,3,49939,49953,51,38,0,0,0,0,0,0,99900,0,0,0,0,0,0,0,0,0,0,95,0,0,0,0,0,0
23,5557,24.21011286595661,99995,5,5,1,0,60,46,0.0010600530026501325,2,2,49939,49953,51,38,0,0,0,0,0,0,99900,0,0,0,0,0,0,0,0,0,0,95,0,0,0,0,0,0
24,5557,25.10602155650527,99995,3,3,1,0,60,46,0.0010600530026501325,3,3,49939,49952,52,40,0,0,0,0,0,0,99896,0,0,0,0,0,0,0,0,0,0,99,0,0,0,0,0,0
25,5557,26.300349598226177,99995,5,5,1,0,62,48,0.0011000550027501375,3,1,49937,49952,52,40,0,0,0,0,0,0,99896,0,0,0,0,0,0,0,0,0,0,99,0,0,0,0,0,0
26,5557,27.251605788016846,99995,4,4,1,0,62,48,0.0011000550027501375,4,2,49936,49953,53,39,0,0,0,0,0,0,99894,0,0,0,0,0,0,0,0,0,0,101,0,0,0,0,0,0
27,5557,28.165978867069757,99995,5,2,1,0,63,48,0.0011100555027751388,5,2,49934,49953,53,41,0,0,0,0,0,0,99892,0,0,0,0,0,0,0,0,0,0,103,0,0,0,0,0,0
28,5557,29.091755838832707,99995,6,2,1,0,64,48,0.00112005600280014,5,3,49934,49952,52,41,0,0,0,0,0,0,99892,0,0,0,0,0,0,0,0,0,0,103,0,0,0,0,0,0
29,5557,30.255680740344133,99995,7,2,1,0,66,48,0.0011400570028501425,3,3,49935,49952,52,41,0,0,0,0,0,0,99891,0,0,0,0,0,0,0,0,0,0,104,0,0,0,0,0,0
30,5557,31.03299155060382,99995,6,1,1,0,67,48,0.0011500575028751438,4,3,49935,49952,52,42,0,0,0,0,0,0,99888,0,0,0,0,0,0,0,0,0,0,107,0,0,0,0,0,0
31,5557,32.27772603228783,99995,7,2,1,0,68,49,0.0011700585029251463,4,2,49935,49953,51,41,0,0,0,0,0,0,99888,0,0,0,0,0,0,0,0,0,0,107,0,0,0,0,0,0
32,5557,33.085602208653285,99995,8,2,1,0,70,49,0.0011900595029751488,3,2,49934,49953,52,41,0,0,0,0,0,0,99887,0,0,0,0,0,0,0,0,0,0,108,0,0,0,0,0,0
33,5557,34.071342815334866,99995,8,2,1,0,71,49,0.00120006000300015,4,3,49932,49952,53,41,0,0,0,0,0,0,99886,0,0,0,0,0,0,0,0,0,0,109,0,0,0,0,0,0
34,5557,35.03686873590248,99995,7,3,1,0,72,50,0.0012200610030501525,3,2,49932,49952,55,41,0,0,0,0,0,0,99884,0,0,0,0,0,0,0,0,0,0,111,0,0,0,0,0,0
35,5557,36.174195055758666,99995,7,4,1,0,73,51,0.001240062003100155,3,2,49931,49951,56,41,0,0,0,0,0,0,99883,0,0,0,0,0,0,0,0,0,0,112,0,0,0,0,0,0
36,5557,37.19334405822731,99995,9,5,1,0,75,53,0.00128006400320016,2,2,49930,49949,56,42,0,0,0,0,0,0,99882,0,0,0,0,0,0,0,0,0,0,113,0,0,0,0,0,0
37,5557,38.02930237705194,99995,6,6,1,0,75,54,0.0012900645032251612,3,4,49929,49946,59,42,0,0,0,0,0,0,99879,0,0,0,0,0,0,0,0,0,0,116,0,0,0,0,0,0
38,5557,39.07253797059047,99995,5,6,1,0,75,55,0.0013000650032501625,4,3,49928,49946,60,43,0,0,0,0,0,0,99877,0,0,0,0,0,0,0,0,0,0,118,0,0,0,0,0,0
39,5557,40.10477216363746,99995,6,7,1,0,76,57,0.0013300665033251662,3,3,49928,49944,60,44,0,0,0,0,0,0,99876,0,0,0,0,0,0,0,0,0,0,119,0,0,0,0,0,0
40,5557,41.29254210172869,99995,5,7,1,0,76,57,0.0013300665033251662,5,4,49926,49943,61,44,0,0,0,0,0,0,99875,0,0,0,0,0,0,0,0,0,0,120,0,0,0,0,0,0
41,5557,42.012774796534146,99995,4,9,1,0,76,60,0.00136006800340017,7,1,49924,49943,62,45,0,0,0,0,0,0,99873,0,0,0,0,0,0,0,0,0,0,122,0,0,0,0,0,0
42,5557,43.15271674898968,99995,7,6,1,0,79,60,0.0013900695034751737,6,2,49922,49943,62,47,0,0,0,0,0,0,99870,0,0,0,0,0,0,0,0,0,0,125,0,0,0,0,0,0
43,5557,44.29725219238266,99995,8,6,1,0,81,60,0.0014100705035251762,6,3,49922,49942,61,47,0,0,0,0,0,0,99869,0,0,0,0,0,0,0,0,0,0,126,0,0,0,0,0,0
44,5557,45.17885114694521,99995,7,5,1,0,81,61,0.0014200710035501775,6,2,49922,49942,62,49,0,0,0,0,0,0,99866,0,0,0,0,0,0,0,0,0,0,129,0,0,0,0,0,0
45,5557,46.25398499373803,99995,5,6,1,0,81,63,0.00144007200360018,7,0,49921,49942,64,50,0,0,0,0,0,0,99863,0,0,0,0,0,0,0,0,0,0,132,0,0,0,0,0,0
46,5557,47.15755682187017,99995,7,6,1,0,84,63,0.0014700735036751837,4,1,49921,49941,65,50,0,0,0,0,0,0,99862,0,0,0,0,0,0,0,0,0,0,133,0,0,0,0,0,0
47,5557,48.1827005387313,99995,9,5,1,0,86,63,0.0014900745037251862,3,1,49920,49941,65,51,0,0,0,0,0,0,99861,0,0,0,0,0,0,0,0,0,0,134,0,0,0,0,0,0
48,5557,49.172651114844165,99995,8,5,1,0,86,63,0.0014900745037251862,4,2,49919,49940,66,51,0,0,0,0,0,0,99860,0,0,0,0,0,0,0,0,0,0,135,0,0,0,0,0,0
49,5557,50.12554957064882,99995,6,4,1,0,86,63,0.0014900745037251862,6,2,49917,49940,68,52,0,0,0,0,0,0,99857,0,0,0,0,0,0,0,0,0,0,138,0,0,0,0,0,0
50,5557,51.09477350820965,99995,11,3,1,0,91,64,0.0015500775038751937,1,1,49917,49940,68,54,0,0,0,0,0,0,99855,0,0,0,0,0,0,0,0,0,0,140,0,0,0,0,0,0
51,5557,52.03675613695518,99995,9,3,1,0,91,64,0.0015500775038751937,3,1,49915,49940,70,54,0,0,0,0,0,0,99853,0,0,0,0,0,0,0,0,0,0,142,0,0,0,0,0,0
52,5557,53.19440755557269,99995,10,4,1,0,92,65,0.0015700785039251962,4,0,49913,49940,70,54,0,0,0,0,0,0,99853,0,0,0,0,0,0,0,0,0,0,142,0,0,0,0,0,0
53,5557,54.11859041020497,99995,12,4,1,0,94,65,0.0015900795039751987,3,3,49912,49937,70,54,0,0,0,0,0,0,99853,0,0,0,0,0,0,0,0,0,0,142,0,0,0,0,0,0
54,5557,55.14104099822287,99995,12,4,1,0,95,65,0.0016000800040002,5,5,49909,49935,71,54,0,0,0,0,0,0,99852,0,0,0,0,0,0,0,0,0,0,143,0,0,0,0,0,0
55,5557,56.03747801505652,99995,13,5,1,0,97,68,0.0016500825041252062,5,2,49907,49935,72,56,0,0,0,0,0,0,99849,0,0,0,0,0,0,0,0,0,0,146,0,0,0,0,0,0
56,5557,57.15031556931585,99995,14,5,1,0,100,70,0.0017000850042502124,5,1,49904,49934,74,58,0,0,0,0,0,0,99845,0,0,0,0,0,0,0,0,0,0,150,0,0,0,0,0,0
57,5557,58.03338859596229,99995,14,4,1,0,101,70,0.0017100855042752137,8,3,49900,49932,75,59,0,0,0,0,0,0,99843,0,0,0,0,0,0,0,0,0,0,152,0,0,0,0,0,0
58,5557,59.02773444096079,99995,14,5,1,0,101,71,0.001720086004300215,8,2,49901,49932,74,59,0,0,0,0,0,0,99843,0,0,0,0,0,0,0,0,0,0,152,0,0,0,0,0,0
59,5557,60.10607567665586,99995,17,4,1,0,104,71,0.0017500875043752187,7,3,49899,49931,74,60,0,0,0,0,0,0,99842,0,0,0,0,0,0,0,0,0,0,153,0,0,0,0,0,0
60,5557,61.040426087782464,99995,12,4,1,0,104,72,0.00176008800440022,7,5,49900,49928,78,61,0,0,0,0,0,0,99836,0,0,0,0,0,0,0,0,0,0,159,0,0,0,0,0,0
61,5557,62.09612752145158,99995,13,5,1,0,105,74,0.0017900895044752237,7,4,49899,49927,78,62,0,0,0,0,0,0,99835,0,0,0,0,0,0,0,0,0,0,160,0,0,0,0,0,0
62,5557,63.24724337623865,99995,12,7,1,0,105,76,0.0018100905045252262,8,2,49898,49927,79,62,0,0,0,0,0,0,99834,0,0,0,0,0,0,0,0,0,0,161,0,0,0,0,0,0
63,5557,64.15003832659269,99995,15,6,1,0,108,76,0.00184009200460023,7,2,49896,49927,79,63,0,0,0,0,0,0,99833,0,0,0,0,0,0,0,0,0,0,162,0,0,0,0,0,0
64,5557,65.05855354668014,99995,15,5,1,0,112,76,0.0018800940047002351,7,3,49892,49927,83,63,0,0,0,0,0,0,99828,0,0,0,0,0,0,0,0,0,0,167,0,0,0,0,0,0
65,5557,66.155702192889,99995,12,5,1,0,114,77,0.0019100955047752389,6,2,49891,49928,88,63,0,0,0,0,0,0,99822,0,0,0,0,0,0,0,0,0,0,173,0,0,0,0,0,0
66,5557,67.1987600218624,99995,10,5,1,0,115,77,0.0019200960048002401,7,2,49889,49929,91,62,0,0,0,0,0,0,99819,0,0,0,0,0,0,0,0,0,0,176,0,0,0,0,0,0
67,5557,68.00431203507688,99995,7,4,1,0,115,77,0.0019200960048002401,7,2,49889,49929,94,63,0,0,0,0,0,0,99815,0,0,0,0,0,0,0,0,0,0,180,0,0,0,0,0,0
68,5557,69.00252514117136,99995,8,4,1,0,116,78,0.0019400970048502426,9,1,49887,49930,93,63,0,0,0,0,0,0,99814,0,0,0,0,0,0,0,0,0,0,181,0,0,0,0,0,0
69,5557,70.1093859229566,99995,8,5,1,0,119,79,0.0019800990049502476,7,2,49887,49928,95,63,0,0,0,0,0,0,99811,0,0,0,0,0,0,0,0,0,0,184,0,0,0,0,0,0
70,5557,71.1271661204595,99995,8,5,1,0,120,79,0.0019900995049752486,8,3,49885,49928,96,62,0,0,0,0,0,0,99810,0,0,0,0,0,0,0,0,0,0,185,0,0,0,0,0,0
71,5557,72.32356942411678,99995,8,5,1,0,121,80,0.002010100505025251,8,4,49884,49927,97,62,0,0,0,0,0,0,99808,0,0,0,0,0,0,0,0,0,0,187,0,0,0,0,0,0
72,5557,73.1499320490142,99995,8,5,1,0,121,81,0.0020201010050502526,10,3,49882,49927,97,63,0,0,0,0,0,0,99807,0,0,0,0,0,0,0,0,0,0,188,0,0,0,0,0,0
73,5557,74.01322911067363,99995,10,3,1,0,124,81,0.002050102505125256,8,3,49881,49927,98,65,0,0,0,0,0,0,99804,0,0,0,0,0,0,0,0,0,0,191,0,0,0,0,0,0
74,5557,75.04552863440328,99995,9,2,1,0,124,81,0.002050102505125256,9,4,49880,49926,99,66,0,0,0,0,0,0,99802,0,0,0,0,0,0,0,0,0,0,193,0,0,0,0,0,0
75,5557,76.22604865429321,99995,10,4,1,0,125,83,0.00208010400520026,11,3,49877,49926,99,65,0,0,0,0,0,0,99802,0,0,0,0,0,0,0,0,0,0,193,0,0,0,0,0,0
76,5557,77.25670355641095,99995,12,5,1,0,127,85,0.002120106005300265,10,2,49877,49926,98,65,0,0,0,0,0,0,99801,0,0,0,0,0,0,0,0,0,0,194,0,0,0,0,0,0
77,5557,78.02714630192075,99995,11,5,1,0,129,85,0.0021401070053502676,11,3,49874,49926,101,64,0,0,0,0,0,0,99798,0,0,0,0,0,0,0,0,0,0,197,0,0,0,0,0,0
78,5557,79.07080874788,99995,11,4,1,0,132,85,0.002170108505425271,9,4,49874,49925,103,65,0,0,0,0,0,0,99794,0,0,0,0,0,0,0,0,0,0,201,0,0,0,0,0,0
79,5557,80.08636125911876,99995,11,4,1,0,132,86,0.0021801090054502726,12,5,49872,49923,102,66,0,0,0,0,0,0,99793,0,0,0,0,0,0,0,0,0,0,202,0,0,0,0,0,0
80,5557,81.01070712804851,99995,13,4,1,0,135,87,0.0022201110055502776,12,4,49869,49923,103,67,0,0,0,0,0,0,99791,0,0,0,0,0,0,0,0,0,0,204,0,0,0,0,0,0
81,5557,82.07645377156936,99995,12,4,1,0,137,87,0.00224011200560028,13,5,49866,49923,106,66,0,0,0,0,0,0,99788,0,0,0,0,0,0,0,0,0,0,207,0,0,0,0,0,0
82,5557,83.13383361406036,99995,15,4,1,0,141,89,0.0023001150057502875,9,5,49866,49922,107,67,0,0,0,0,0,0,99785,0,0,0,0,0,0,0,0,0,0,210,0,0,0,0,0,0
83,5557,84.1524217422232,99995,14,5,1,0,142,91,0.002330116505825291,9,4,49866,49921,108,68,0,0,0,0,0,0,99782,0,0,0,0,0,0,0,0,0,0,213,0,0,0,0,0,0
84,5557,85.0734371521943,99995,14,6,1,0,144,92,0.002360118005900295,11,3,49863,49921,109,68,0,0,0,0,0,0,99780,0,0,0,0,0,0,0,0,0,0,215,0,0,0,0,0,0
85,5557,86.24497548691403,99995,17,6,1,0,149,93,0.0024201210060503025,6,3,49864,49922,110,67,0,0,0,0,0,0,99777,0,0,0,0,0,0,0,0,0,0,218,0,0,0,0,0,0
86,5557,87.15170463813337,99995,17,7,1,0,153,97,0.0025001250062503125,3,4,49863,49917,114,70,0,0,0,0,0,0,99770,0,0,0,0,0,0,0,0,0,0,225,0,0,0,0,0,0
87,5557,88.26804888741874,99995,19,7,1,0,156,99,0.002550127506375319,4,4,49859,49916,115,71,0,0,0,0,0,0,99767,0,0,0,0,0,0,0,0,0,0,228,0,0,0,0,0,0
88,5557,89.1598769827963,99995,15,7,1,0,156,99,0.002550127506375319,8,4,49855,49916,119,71,0,0,0,0,0,0,99763,0,0,0,0,0,0,0,0,0,0,232,0,0,0,0,0,0
89,5557,90.0944774029969,99995,14,7,1,0,157,100,0.0025701285064253215,8,3,49854,49916,121,72,0,0,0,0,0,0,99760,0,0,0,0,0,0,0,0,0,0,235,0,0,0,0,0,0
90,5557,91.17504262371384,99995,14,8,1,0,159,102,0.0026101305065253265,8,2,49852,49915,123,73,0,0,0,0,0,0,99757,0,0,0,0,0,0,0,0,0,0,238,0,0,0,0,0,0
91,5557,92.0280899944562,99995,15,7,1,0,161,104,0.0026501325066253315,6,0,49852,49916,124,75,0,0,0,0,0,0,99753,0,0,0,0,0,0,0,0,0,0,242,0,0,0,0,0,0
92,5557,93.28786796764228,99995,15,5,1,0,163,104,0.002670133506675334,6,1,49851,49915,125,77,0,0,0,0,0,0,99749,0,0,0,0,0,0,0,0,0,0,246,0,0,0,0,0,0
93,5557,94.10518492062828,99995,14,5,1,0,164,104,0.002680134006700335,7,2,49851,49915,125,76,0,0,0,0,0,0,99747,0,0,0,0,0,0,0,0,0,0,248,0,0,0,0,0,0
94,5557,95.05291131809344,99995,16,6,1,0,166,105,0.002710135506775339,7,2,49849,49914,125,76,0,0,0,0,0,0,99747,0,0,0,0,0,0,0,0,0,0,248,0,0,0,0,0,0
95,5557,96.00184175235043,99995,16,7,1,0,167,107,0.0027401370068503425,6,0,49849,49914,126,77,0,0,0,0,0,0,99745,0,0,0,0,0,0,0,0,0,0,250,0,0,0,0,0,0
96,5557,97.01193887051274,99995,15,6,1,0,171,107,0.0027801390069503475,4,0,49848,49915,130,77,0,0,0,0,0,0,99739,0,0,0,0,0,0,0,0,0,0,256,0,0,0,0,0,0
97,5557,98.23096098214423,99995,15,6,1,0,172,107,0.002790139506975349,6,1,49845,49914,131,77,0,0,0,0,0,0,99738,0,0,0,0,0,0,0,0,0,0,257,0,0,0,0,0,0
98,5557,99.24464450091023,99995,17,6,1,0,174,107,0.0028101405070253514,7,1,49842,49914,131,77,0,0,0,0,0,0,99738,0,0,0,0,0,0,0,0,0,0,257,0,0,0,0,0,0
99,5557,100.14643146486458,99995,17,3,1,0,174,107,0.0028101405070253514,7,2,49842,49913,131,80,0,0,0,0,0,0,99735,0,0,0,0,0,0,0,0,0,0,260,0,0,0,0,0,0
100,5557,101.26004867325797,99994,15,2,1,1,175,107,0.0028201692101526093,8,3,49840,49913,134,79,0,0,0,0,0,0,99731,0,0,0,0,0,0,0,0,0,0,263,0,0,0,0,0,0
101,5557,102.12161553125752,99994,14,3,1,1,175,108,0.0028301698101886115,10,2,49838,49914,135,78,0,0,0,0,0,0,99730,0,0,0,0,0,0,0,0,0,0,264,0,0,0,0,0,0
102,5557,103.0634975428114,99994,10,3,1,1,177,109,0.002860171610296618,11,4,49836,49911,140,79,0,0,0,0,0,0,99723,0,0,0,0,0,0,0,0,0,0,271,0,0,0,0,0,0
103,5557,104.16189935174732,99994,11,3,1,1,179,110,0.002890173410404624,10,3,49835,49911,141,80,0,0,0,0,0,0,99721,0,0,0,0,0,0,0,0,0,0,273,0,0,0,0,0,0
104,5557,105.03045890356778,99994,12,4,1,1,180,111,0.0029101746104766286,9,5,49835,49909,141,79,0,0,0,0,0,0,99721,0,0,0,0,0,0,0,0,0,0,273,0,0,0,0,0,0
105,5557,106.17520832149825,99994,12,5,1,1,183,113,0.0029601776106566394,6,3,49835,49909,144,80,0,0,0,0,0,0,99717,0,0,0,0,0,0,0,0,0,0,277,0,0,0,0,0,0
106,5557,107.19661585118111,99994,12,6,1,1,184,114,0.002980178810728644,8,2,49832,49909,145,80,0,0,0,0,0,0,99716,0,0,0,0,0,0,0,0,0,0,278,0,0,0,0,0,0
107,5557,108.14453058089663,99994,11,4,1,1,186,114,0.003000180010800648,9,3,49829,49911,148,79,0,0,0,0,0,0,99711,0,0,0,0,0,0,0,0,0,0,283,0,0,0,0,0,0
108,5557,109.16824249563277,99994,10,3,1,1,187,114,0.0030101806108366502,11,3,49826,49912,150,79,0,0,0,0,0,0,99708,0,0,0,0,0,0,0,0,0,0,286,0,0,0,0,0,0
109,5557,110.18057578686776,99994,12,3,1,1,189,114,0.0030301818109086543,12,5,49823,49911,150,78,0,0,0,0,0,0,99708,0,0,0,0,0,0,0,0,0,0,286,0,0,0,0,0,0
110,5557,111.02870809862551,99994,13,4,1,1,191,115,0.003060183611016661,12,5,49821,49910,151,78,0,0,0,0,0,0,99707,0,0,0,0,0,0,0,0,0,0,287,0,0,0,0,0,0
111,5557,112.05248969739117,99994,14,6,1,1,194,118,0.003120187211232674,11,4,49819,49908,153,79,0,0,0,0,0,0,99704,0,0,0,0,0,0,0,0,0,0,290,0,0,0,0,0,0
112,5557,113.02767784061007,99994,14,6,1,1,196,118,0.003140188411304678,9,7,49819,49905,155,79,0,0,0,0,0,0,99702,0,0,0,0,0,0,0,0,0,0,292,0,0,0,0,0,0
113,5557,114.01532377438434,99994,15,7,1,1,197,120,0.003170190211412685,11,7,49816,49903,155,80,0,0,0,0,0,0,99701,0,0,0,0,0,0,0,0,0,0,293,0,0,0,0,0,0
114,5557,115.18689652092402,99994,18,7,1,1,202,121,0.0032301938116286975,12,7,49810,49902,157,81,0,0,0,0,0,0,99698,0,0,0,0,0,0,0,0,0,0,296,0,0,0,0,0,0
115,5557,116.00303846944756,99994,20,6,1,1,205,122,0.0032701962117727065,10,8,49810,49900,157,83,0,0,0,0,0,0,99695,0,0,0,0,0,0,0,0,0,0,299,0,0,0,0,0,0
116,5557,117.05949509506281,99994,18,5,1,1,207,122,0.0032901974118447106,11,9,49808,49899,160,84,0,0,0,0,0,0,99690,0,0,0,0,0,0,0,0,0,0,304,0,0,0,0,0,0
117,5557,118.04573169296796,99994,17,6,1,1,207,124,0.003310198611916715,12,9,49807,49898,161,84,0,0,0,0,0,0,99688,0,0,0,0,0,0,0,0,0,0,306,0,0,0,0,0,0
118,5557,119.12264416184706,99994,16,6,1,1,209,125,0.0033402004120247214,11,10,49806,49897,164,84,0,0,0,0,0,0,99684,0,0,0,0,0,0,0,0,0,0,310,0,0,0,0,0,0
119,5557,120.02404834288537,99994,17,7,1,1,210,127,0.003370202212132728,15,8,49802,49897,163,85,0,0,0,0,0,0,99683,0,0,0,0,0,0,0,0,0,0,311,0,0,0,0,0,0
120,5557,121.00352911803546,99994,19,5,1,1,212,127,0.003390203412204732,15,10,49800,49895,163,87,0,0,0,0,0,0,99681,0,0,0,0,0,0,0,0,0,0,313,0,0,0,0,0,0
121,5557,122.05731242958173,99994,20,5,1,1,216,130,0.0034602076124567475,13,9,49799,49893,165,90,0,0,0,0,0,0,99675,0,0,0,0,0,0,0,0,0,0,319,0,0,0,0,0,0
122,5557,123.10912457570245,99994,20,6,1,1,219,132,0.0035102106126367583,12,7,49797,49893,168,91,0,0,0,0,0,0,99671,0,0,0,0,0,0,0,0,0,0,323,0,0,0,0,0,0
123,5557,124.17918170525846,99994,19,4,1,1,222,134,0.003560213612816769,12,5,49795,49893,171,95,0,0,0,0,0,0,99663,0,0,0,0,0,0,0,0,0,0,331,0,0,0,0,0,0
124,5557,125.15003969049091,99994,22,6,1,1,225,137,0.003620217213032782,11,3,49795,49894,169,94,0,0,0,0,0,0,99662,0,0,0,0,0,0,0,0,0,0,332,0,0,0,0,0,0
125,5557,126.11081581432434,99994,23,6,1,1,227,138,0.0036502190131407885,9,5,49796,49891,169,95,0,0,0,0,0,0,99660,0,0,0,0,0,0,0,0,0,0,334,0,0,0,0,0,0
126,5557,127.13162813195784,99994,20,5,1,1,228,139,0.0036702202132127926,8,6,49796,49890,173,96,0,0,0,0,0,0,99654,0,0,0,0,0,0,0,0,0,0,340,0,0,0,0,0,0
127,5557,128.08885389738958,99994,20,3,1,1,229,139,0.003680220813248795,9,6,49794,49890,174,98,0,0,0,0,0,0,99651,0,0,0,0,0,0,0,0,0,0,343,0,0,0,0,0,0
128,5557,129.1984417677563,99994,21,1,1,1,232,139,0.0037102226133568015,6,9,49795,49887,175,100,0,0,0,0,0,0,99647,0,0,0,0,0,0,0,0,0,0,347,0,0,0,0,0,0
129,5557,130.01579560433163,99994,19,3,1,1,234,141,0.00375022501350081,8,8,49792,49887,178,99,0,0,0,0,0,0,99643,0,0,0,0,0,0,0,0,0,0,351,0,0,0,0,0,0
130,5557,131.29349442889819,99994,23,7,1,1,240,145,0.0038502310138608317,6,6,49789,49885,179,99,0,0,0,0,0,0,99641,0,0,0,0,0,0,0,0,0,0,353,0,0,0,0,0,0
131,5557,132.20590154074222,99994,22,7,1,1,241,146,0.0038702322139328358,6,6,49788,49884,181,100,0,0,0,0,0,0,99638,0,0,0,0,0,0,0,0,0,0,356,0,0,0,0,0,0
132,5557,133.04624902439716,99994,19,8,1,1,244,147,0.003910234614076844,6,6,49786,49884,186,99,0,0,0,0,0,0,99632,0,0,0,0,0,0,0,0,0,0,362,0,0,0,0,0,0
133,5557,134.03793629626597,99994,16,9,1,1,245,149,0.003940236414184851,8,4,49783,49884,190,100,0,0,0,0,0,0,99627,0,0,0,0,0,0,0,0,0,0,367,0,0,0,0,0,0
134,5557,135.30894216617088,99994,15,11,1,1,246,153,0.0039902394143648615,14,3,49779,49882,189,101,0,0,0,0,0,0,99623,0,0,0,0,0,0,0,0,0,0,371,0,0,0,0,0,0
135,5557,136.24332675405458,99994,17,13,1,1,250,155,0.004050243014580875,11,2,49778,49882,191,100,0,0,0,0,0,0,99621,0,0,0,0,0,0,0,0,0,0,373,0,0,0,0,0,0
136,5557,137.1386016861433,99994,16,13,1,1,252,157,0.004090245414724883,14,4,49773,49879,194,101,0,0,0,0,0,0,99616,0,0,0,0,0,0,0,0,0,0,378,0,0,0,0,0,0
137,5557,138.02891307394228,99994,18,14,1,1,255,159,0.004140248414904894,12,3,49772,49878,195,102,0,0,0,0,0,0,99614,0,0,0,0,0,0,0,0,0,0,380,0,0,0,0,0,0
138,5557,139.02066182688344,99994,19,12,1,1,257,159,0.004160249614976899,11,5,49771,49876,196,104,0,0,0,0,0,0,99611,0,0,0,0,0,0,0,0,0,0,383,0,0,0,0,0,0
139,5557,140.0253230035256,99994,24,12,1,1,264,160,0.004240254415264916,9,5,49766,49875,198,105,0,0,0,0,0,0,99608,0,0,0,0,0,0,0,0,0,0,386,0,0,0,0,0,0
140,5557,141.29323775992665,99994,21,12,1,1,267,161,0.004280256815408925,11,6,49761,49874,204,105,0,0,0,0,0,0,99601,0,0,0,0,0,0,0,0,0,0,393,0,0,0,0,0,0
141,5557,142.0168634618133,99994,20,12,1,1,269,162,0.004310258615516931,12,8,49758,49871,207,106,0,0,0,0,0,0,99597,0,0,0,0,0,0,0,0,0,0,397,0,0,0,0,0,0
142,5557,143.07335628888018,99994,22,11,1,1,273,163,0.004360261615696942,13,9,49753,49869,209,108,0,0,0,0,0,0,99593,0,0,0,0,0,0,0,0,0,0,401,0,0,0,0,0,0
143,5557,144.10502168402874,99994,19,12,1,1,274,164,0.0043802628157689465,15,12,49750,49865,213,108,0,0,0,0,0,0,99589,0,0,0,0,0,0,0,0,0,0,405,0,0,0,0,0,0
144,5557,145.01031254179054,99994,21,13,1,1,276,168,0.004440266415984959,16,9,49748,49864,212,111,0,0,0,0,0,0,99586,0,0,0,0,0,0,0,0,0,0,408,0,0,0,0,0,0
145,5557,146.00536807657187,99994,23,12,1,1,280,169,0.0044902694161649695,14,10,49746,49863,214,112,0,0,0,0,0,0,99582,0,0,0,0,0,0,0,0,0,0,412,0,0,0,0,0,0
146,5557,147.02899529259676,99994,25,13,1,1,287,173,0.004600276016560993,12,7,49741,49862,219,115,0,0,0,0,0,0,99574,0,0,0,0,0,0,0,0,0,0,420,0,0,0,0,0,0
147,5557,148.08823249503803,99994,25,12,1,1,291,174,0.004650279016741005,11,7,49739,49861,222,117,0,0,0,0,0,0,99568,0,0,0,0,0,0,0,0,0,0,426,0,0,0,0,0,0
148,5557,149.0060277052734,99994,25,12,1,1,294,177,0.004710282616957017,14,5,49733,49860,225,120,0,0,0,0,0,0,99562,0,0,0,0,0,0,0,0,0,0,432,0,0,0,0,0,0
149,5557,150.22481772329587,99994,25,11,1,1,298,178,0.0047602856171370285,14,5,49730,49859,228,122,0,0,0,0,0,0,99556,0,0,0,0,0,0,0,0,0,0,438,0,0,0,0,0,0
150,5557,151.04163355548096,99994,23,11,1,1,300,178,0.004780286817209032,15,6,49728,49858,231,122,0,0,0,0,0,0,99552,0,0,0,0,0,0,0,0,0,0,442,0,0,0,0,0,0
151,5557,152.03333923520648,99994,24,8,1,1,303,180,0.004830289817389043,15,8,49725,49854,233,127,0,0,0,0,0,0,99545,0,0,0,0,0,0,0,0,0,0,449,0,0,0,0,0,0
152,5557,153.09556737951678,99994,25,8,1,1,308,182,0.004900294017641058,10,6,49726,49855,236,128,0,0,0,0,0,0,99539,0,0,0,0,0,0,0,0,0,0,455,0,0,0,0,0,0
153,5557,154.0707704661459,99994,25,8,1,1,311,183,0.004940296417785067,11,10,49723,49851,238,128,0,0,0,0,0,0,99535,0,0,0,0,0,0,0,0,0,0,459,0,0,0,0,0,0
154,5557,155.17483250517532,99994,22,8,1,1,312,184,0.004960297617857072,17,12,49717,49848,241,129,0,0,0,0,0,0,99530,0,0,0,0,0,0,0,0,0,0,464,0,0,0,0,0,0
155,5557,156.1195928419005,99994,24,10,1,1,315,188,0.005030301818109087,19,10,49714,49846,240,131,0,0,0,0,0,0,99527,0,0,0,0,0,0,0,0,0,0,467,0,0,0,0,0,0
156,5557,157.03702932323557,99994,25,13,1,1,320,192,0.005120307218433106,20,10,49708,49842,244,132,0,0,0,0,0,0,99522,0,0,0,0,0,0,0,0,0,0,472,0,0,0,0,0,0
157,5557,158.0790552795011,99994,27,12,1,1,326,193,0.005190311418685121,17,11,49705,49840,248,134,0,0,0,0,0,0,99517,0,0,1,0,0,0,0,0,0,0,476,0,0,0,0,0,0
158,5557,159.03139747694624,99994,30,10,1,1,333,196,0.0052903174190451424,17,10,49700,49840,250,137,0,0,0,0,0,0,99508,0,0,1,0,0,0,0,0,0,0,485,0,0,0,0,0,0
159,5557,160.05672570854938,99994,28,10,1,1,335,198,0.0053303198191891514,19,8,49697,49840,253,139,0,0,0,0,0,0,99502,0,0,1,0,0,0,0,0,0,0,491,0,0,0,0,0,0
160,5557,161.0198060955778,99994,29,10,1,1,338,198,0.005360321619297158,16,9,49698,49840,254,138,0,0,0,0,0,0,99500,0,0,1,0,0,0,0,0,0,0,493,0,0,0,0,0,0
161,5557,162.0182482540222,99994,33,11,1,1,345,201,0.00546032761965718,13,9,49694,49838,257,139,0,0,0,0,0,0,99495,0,0,1,0,0,0,0,0,0,0,498,0,0,0,0,0,0
162,5557,163.27186451350852,99994,31,12,1,1,350,204,0.005540332419945197,17,10,49687,49835,262,140,0,0,0,0,0,0,99486,0,0,1,0,0,0,0,0,0,0,507,0,0,0,0,0,0
163,5557,164.27780890092316,99994,29,11,1,1,353,206,0.005590335420125207,16,10,49685,49834,267,142,0,0,0,0,0,0,99478,0,0,1,0,0,0,0,0,0,0,515,0,0,0,0,0,0
164,5557,165.24025328106944,99994,27,10,1,1,355,208,0.005630337820269216,19,10,49680,49832,271,145,0,0,0,0,0,0,99471,0,0,1,0,0,0,0,0,0,0,522,0,0,0,0,0,0
165,5557,166.14400240393525,99993,29,11,2,1,361,212,0.005730401128078965,19,7,49675,49832,273,147,0,0,0,0,0,0,99464,0,0,1,0,0,0,0,0,0,0,528,0,0,0,0,0,0
166,5557,167.30189040728354,99993,33,12,2,1,368,214,0.005820407428519996,17,8,49670,49830,276,147,0,0,0,0,0,0,99460,0,0,1,0,0,0,0,0,0,0,532,0,0,0,0,0,0
167,5557,168.02608594877353,99993,31,12,2,1,371,216,0.005870410928765013,16,9,49668,49827,281,149,0,0,0,0,0,0,99453,0,0,1,0,0,0,0,0,0,0,539,0,0,0,0,0,0
168,5557,169.0545416141492,99993,33,11,2,1,375,216,0.005910413728961028,13,15,49669,49821,281,150,0,0,0,0,0,0,99450,0,0,1,0,0,0,0,0,0,0,542,0,0,0,0,0,0
169,5557,170.1496667474347,99993,33,11,2,1,380,219,0.005990419329353055,12,16,49667,49817,284,153,0,0,0,0,0,0,99442,0,0,1,0,0,0,0,0,0,0,550,0,0,0,0,0,0
170,5557,171.02108692119793,99993,38,9,2,1,385,221,0.006060424229696079,14,18,49660,49814,284,156,0,0,0,0,0,0,99438,0,0,1,0,0,0,0,0,0,0,554,0,0,0,0,0,0
171,5557,172.02328648171004,99993,36,11,2,1,388,226,0.006140429830088106,18,19,49654,49809,288,158,0,0,0,0,0,0,99430,0,0,1,0,0,0,0,0,0,0,562,0,0,0,0,0,0
172,5557,173.27349862465073,99993,30,14,2,1,390,229,0.006190433330333123,18,19,49652,49806,296,158,0,0,0,0,0,0,99422,0,0,1,0,0,0,0,0,0,0,570,0,0,0,0,0,0
173,5557,174.04866441526363,99993,25,16,2,1,395,235,0.006300441030872161,18,17,49647,49802,306,162,0,0,0,0,0,0,99408,0,0,1,0,0,0,0,0,0,0,584,0,0,0,0,0,0
174,5557,175.1222157049061,99993,31,19,2,1,404,243,0.00647045293170522,13,11,49644,49800,308,167,0,0,0,0,0,0,99400,0,0,1,0,0,0,0,0,0,0,592,0,0,0,0,0,0
175,5557,176.00278989688732,99993,31,21,2,1,406,246,0.006520456431950237,14,11,49642,49798,309,167,0,0,0,0,0,0,99397,0,0,1,0,0,0,0,0,0,0,595,0,0,0,0,0,0
176,5557,177.03138676714477,99993,28,22,2,1,409,248,0.006570459932195254,14,12,49641,49795,313,168,0,0,0,0,0,0,99390,0,0,1,0,0,0,0,0,0,0,602,0,0,0,0,0,0
177,5557,178.00304813004712,99993,25,22,2,1,410,253,0.006630464132489274,19,9,49637,49793,315,173,0,0,0,0,0,0,99381,0,0,1,0,0,0,0,0,0,0,611,0,0,0,0,0,0
178,5557,179.22433515074115,99993,24,23,2,1,414,257,0.006710469732881302,27,7,49627,49791,318,176,0,0,0,0,0,0,99373,0,0,1,0,0,0,0,0,0,0,619,0,0,0,0,0,0
179,5557,180.08270308838107,99993,31,22,2,1,422,258,0.0068004760333223325,23,7,49625,49792,317,176,0,0,0,0,0,0,99370,0,0,1,0,0,0,0,0,0,0,622,0,0,0,0,0,0
180,5557,181.32528437152055,99993,33,20,2,1,430,261,0.00691048373386137,27,7,49615,49791,321,179,0,0,0,0,0,0,99359,0,0,1,0,0,0,0,0,0,0,633,0,0,0,0,0,0
181,5557,182.1181654269327,99993,38,18,2,1,439,262,0.007010490734351405,21,8,49612,49790,325,181,0,0,0,0,0,0,99352,0,0,1,0,0,0,0,0,0,0,640,0,0,0,0,0,0
182,5557,183.04673871109267,99993,38,20,2,1,441,265,0.007060494234596422,22,5,49609,49791,327,181,0,0,0,0,0,0,99349,0,0,1,0,0,0,0,0,0,0,643,0,0,0,0,0,0
183,5557,184.05128404747214,99993,37,18,2,1,445,266,0.007110497734841439,23,8,49604,49787,332,184,0,0,0,0,0,0,99341,0,0,1,0,0,0,0,0,0,0,651,0,0,0,0,0,0
184,5557,185.08222991562124,99993,32,17,2,1,446,267,0.007130499134939446,29,8,49598,49786,337,186,0,0,0,0,0,0,99333,0,0,1,0,0,0,0,0,0,0,659,0,0,0,0,0,0
185,5557,186.0944636429984,99993,38,16,2,1,455,269,0.007240506835478483,26,9,49592,49783,340,189,0,0,0,0,0,0,99327,0,0,1,0,0,0,0,0,0,0,665,0,0,0,0,0,0
186,5557,187.0581825095384,99993,34,12,2,1,461,269,0.007300511035772504,27,12,49587,49780,348,193,0,0,0,0,0,0,99313,0,0,1,0,0,0,0,0,0,0,679,0,0,0,0,0,0
187,5557,188.245629259288,99993,31,14,2,1,465,273,0.007380516636164532,27,14,49584,49774,354,195,0,0,0,0,0,0,99304,0,0,1,0,0,0,0,0,0,0,688,0,0,0,0,0,0
188,5557,189.27939852590654,99993,31,16,2,1,468,276,0.007440520836458552,28,17,49580,49768,357,196,0,0,0,0,0,0,99300,0,0,1,0,0,0,0,0,0,0,692,0,0,0,0,0,0
189,5557,190.23779214712417,99993,41,17,2,1,484,281,0.007650535537487624,23,18,49573,49762,359,200,0,0,0,0,0,0,99290,0,0,1,0,0,0,0,0,0,0,702,0,0,0,0,0,0
190,5557,191.0401704921317,99993,38,22,2,1,487,288,0.007750542537977658,26,15,49571,49759,361,201,0,0,0,0,0,0,99282,0,0,1,0,0,0,0,0,0,0,710,0,0,0,0,0,0
191,5557,192.0962959715783,99992,37,22,3,1,491,290,0.007810624849987999,30,13,49565,49760,363,202,0,0,0,0,0,0,99275,0,0,1,0,0,0,0,0,0,0,716,0,0,0,0,0,0
192,5557,193.08105526074831,99992,44,26,3,1,501,297,0.007980638451076086,24,9,49561,49758,366,204,0,0,0,0,0,0,99269,0,0,1,0,0,0,0,0,0,0,722,0,0,0,0,0,0
193,5557,194.23160363970362,99992,36,25,3,1,504,299,0.008030642451396112,29,7,49554,49760,376,205,0,0,0,0,0,0,99255,0,0,1,0,0,0,0,0,0,0,736,0,0,0,0,0,0
194,5557,195.22774778577826,99992,35,22,3,1,505,300,0.008050644051524123,34,9,49548,49758,378,208,0,0,0,0,0,0,99249,0,0,1,0,0,0,0,0,0,0,742,0,0,0,0,0,0
195,5557,196.021200181009,99992,41,21,3,1,514,302,0.008160652852228178,28,8,49546,49758,380,210,0,0,0,0,0,0,99243,0,0,1,0,0,0,0,0,0,0,748,0,0,0,0,0,0
196,5557,197.0047351811275,99992,42,20,3,1,523,305,0.008280662452996239,27,6,49538,49759,388,212,0,0,0,0,0,0,99231,0,0,1,0,0,0,0,0,0,0,760,0,0,0,0,0,0
197,5557,198.03708428510873,99992,46,18,3,1,530,307,0.008370669653572286,30,4,49529,49763,390,212,0,0,0,0,0,0,99224,0,0,1,0,0,0,0,0,0,0,767,0,0,0,0,0,0
198,5557,199.20772098500706,99992,46,18,3,1,538,309,0.008470677654212336,29,9,49522,49758,398,212,0,0,0,0,0,0,99214,0,0,1,0,0,0,0,0,0,0,777,0,0,0,0,0,0
199,5557,200.23084244376358,99991,45,18,4,1,544,311,0.008550769569261233,30,9,49517,49756,402,214,0,0,0,0,0,0,99205,0,0,1,0,0,0,0,0,0,0,785,0,0,0,0,0,0
200,5557,201.08108259655853,99991,43,15,4,1,551,311,0.008620775869828285,34,14,49507,49751,410,217,0,0,0,0,0,0,99194,0,0,2,0,0,0,0,0,0,0,795,0,0,0,0,0,0
201,5557,202.20500330824544,99991,47,13,4,1,564,313,0.008770789371043393,27,17,49503,49746,417,221,0,0,0,0,0,0,99181,0,0,2,0,0,0,0,0,0,0,808,0,0,0,0,0,0
202,5557,203.05651978575312,99991,45,16,4,1,567,318,0.008850796571691452,28,13,49501,49746,420,222,0,0,0,0,0,0,99174,0,0,2,0,0,0,0,0,0,0,815,0,0,0,0,0,0
203,5557,204.12069599557498,99991,42,17,4,1,577,322,0.008990809172825555,25,12,49495,49744,432,224,0,0,0,0,0,0,99158,0,0,2,0,0,0,0,0,0,0,831,0,0,0,0,0,0
204,5557,205.12794771293963,99991,47,18,4,1,590,326,0.009160824474202679,20,12,49489,49740,438,227,0,0,0,0,0,0,99147,0,0,2,0,0,0,0,0,0,0,842,0,0,0,0,0,0
205,5557,206.11854698070923,99991,46,21,4,1,595,330,0.009250832574931743,22,11,49484,49738,442,227,0,0,0,0,0,0,99140,0,0,2,0,0,0,0,0,0,0,849,0,0,0,0,0,0
206,5557,207.1022865430708,99991,40,20,4,1,599,332,0.009310837975417787,27,16,49479,49731,448,230,0,0,0,0,0,0,99127,0,0,2,0,0,0,0,0,0,0,862,0,0,0,0,0,0
207,5557,208.1722822213844,99989,39,22,6,1,606,336,0.00942103631399454,27,15,49474,49729,452,231,0,0,0,0,0,0,99117,0,0,2,0,0,0,0,0,0,0,870,0,0,0,0,0,0
208,5557,209.04004155285432,99989,43,24,6,1,611,339,0.009501045114962647,30,13,49467,49729,452,231,0,0,0,0,0,0,99115,0,0,2,0,0,0,0,0,0,0,872,0,0,0,0,0,0
209,5557,210.18989607564077,99989,39,23,6,1,618,346,0.009641060516656832,34,15,49458,49720,461,239,0,0,0,0,0,0,99096,0,0,2,0,0,0,0,0,0,0,891,0,0,0,0,0,0
210,5557,211.1086847826589,99989,43,24,6,1,627,347,0.009741071517866965,35,14,49450,49721,464,238,0,0,0,0,0,0,99091,0,0,2,0,0,0,0,0,0,0,896,0,0,0,0,0,0
211,5557,212.10136071404557,99989,45,20,6,1,634,348,0.009821080318835072,33,15,49446,49723,468,239,0,0,0,0,0,0,99081,0,0,2,0,0,0,0,0,0,0,906,0,0,0,0,0,0
212,5557,213.04129226720008,99989,51,20,6,1,643,350,0.009931092420166219,30,16,49444,49721,467,240,0,0,0,0,0,0,99076,0,0,2,0,0,0,0,0,0,0,911,0,0,0,0,0,0
213,5557,214.09622253565942,99989,46,17,6,1,646,352,0.009981097920771285,34,21,49438,49715,474,244,0,0,0,0,0,0,99063,0,0,2,0,0,0,0,0,0,0,924,0,0,0,0,0,0
214,5557,215.1763806926659,99989,48,19,6,1,656,356,0.010121113322465472,32,20,49434,49713,478,245,0,0,0,0,0,0,99053,0,0,2,0,0,0,0,0,0,0,934,0,0,0,0,0,0
215,5557,216.05054891849565,99988,48,23,7,1,664,360,0.010241228947473697,30,16,49429,49713,484,245,0,0,0,0,0,0,99046,0,0,3,0,0,0,0,0,0,0,939,0,0,0,0,0,0
216,5557,217.21715779142983,99988,44,26,7,1,670,365,0.010351242149057888,34,19,49420,49706,493,246,0,0,0,0,0,0,99034,0,0,3,0,0,0,0,0,0,0,951,0,0,0,0,0,0
217,5557,218.04465116257745,99988,49,28,7,1,683,370,0.010531263751650198,35,19,49410,49702,497,248,0,0,0,0,0,0,99023,0,0,3,0,0,0,0,0,0,0,962,0,0,0,0,0,0
218,5557,219.21318225115292,99988,47,28,7,1,688,374,0.010621274552946354,39,17,49402,49700,503,252,0,0,0,0,0,0,99012,0,0,3,0,0,0,0,0,0,0,973,0,0,0,0,0,0
219,5557,220.1680627137167,99988,52,30,7,1,699,381,0.010801296155538665,40,13,49393,49697,506,257,0,0,0,0,0,0,99001,0,0,3,0,0,0,0,0,0,0,984,0,0,0,0,0,0
220,5557,221.16917455562654,99988,54,27,7,1,710,383,0.01093131175741089,38,14,49384,49695,515,261,0,0,0,0,0,0,98987,0,0,3,0,0,0,0,0,0,0,998,0,0,0,0,0,0
221,5557,222.0530718641787,99988,57,29,7,1,718,386,0.01104132495899508,35,12,49381,49694,518,262,0,0,0,0,0,0,98981,0,0,3,0,0,0,0,0,0,0,1004,0,0,0,0,0,0
222,5557,223.26184024491323,99988,58,31,7,1,732,392,0.011241348961875425,34,12,49371,49691,528,263,0,0,0,0,0,0,98964,0,0,3,0,0,0,0,0,0,0,1021,0,0,0,0,0,0
223,5557,224.13469195008588,99988,59,29,7,1,738,394,0.011321358563027564,39,14,49364,49689,529,265,0,0,0,0,0,0,98955,0,0,3,0,0,0,0,0,0,0,1030,0,0,0,0,0,0
224,5557,225.15284656184772,99988,59,25,7,1,750,398,0.01148137776533184,36,13,49355,49686,541,273,0,0,0,0,0,0,98935,0,0,3,0,0,0,0,0,0,0,1050,0,0,0,0,0,0
225,5557,226.31603878969477,99987,61,25,7,2,757,402,0.011591506895896466,41,15,49347,49680,542,276,0,0,0,0,0,0,98926,0,0,3,0,0,0,0,0,0,0,1058,0,0,0,0,0,0
226,5557,227.02665371357838,99987,62,20,7,2,764,404,0.011681518597417664,43,19,49342,49676,544,281,0,0,0,0,0,0,98913,0,0,3,0,0,0,0,0,0,0,1071,0,0,0,0,0,0
227,5557,228.24788632685414,99987,61,21,7,2,775,407,0.011821536799783972,37,19,49337,49675,556,281,0,0,0,0,0,0,98900,0,0,4,0,0,0,0,0,0,0,1083,0,0,0,0,0,0
228,5557,229.20209298850338,99987,65,20,7,2,785,410,0.011951553701981258,31,18,49333,49675,562,283,0,0,0,0,0,0,98890,0,0,4,0,0,0,0,0,0,0,1093,0,0,0,0,0,0
229,5557,230.14820578396873,99987,67,25,7,2,793,415,0.012081570604178544,37,20,49322,49670,565,281,0,0,0,0,0,0,98884,0,0,4,0,0,0,0,0,0,0,1099,0,0,0,0,0,0
230,5557,231.1272547303437,99987,65,29,7,2,799,421,0.012201586206206807,35,15,49318,49671,573,281,0,0,0,0,0,0,98874,0,0,4,0,0,0,0,0,0,0,1109,0,0,0,0,0,0
231,5557,232.25525714444436,99987,69,28,7,2,811,426,0.01237160830908018,38,15,49306,49666,578,287,0,0,0,0,0,0,98860,0,0,4,0,0,0,0,0,0,0,1123,0,0,0,0,0,0
232,5557,233.03255680136917,99987,69,29,7,2,818,428,0.012461620010601379,36,15,49301,49666,585,286,0,0,0,0,0,0,98852,0,0,4,0,0,0,0,0,0,0,1131,0,0,0,0,0,0
233,5557,234.17371251481433,99987,69,34,7,2,827,433,0.012601638212967685,39,16,49294,49663,589,283,0,0,0,0,0,0,98843,0,0,4,0,0,0,0,0,0,0,1140,0,0,0,0,0,0
234,5557,235.02989809217678,99987,64,30,7,2,831,434,0.012651644713812795,43,20,49286,49659,598,287,0,0,0,0,0,0,98829,0,0,4,0,0,0,0,0,0,0,1154,0,0,0,0,0,0
235,5557,236.31820334284433,99986,67,35,8,2,846,442,0.012881803452483348,39,22,49280,49652,604,287,0,0,0,0,0,0,98815,0,0,5,0,0,0,0,0,0,0,1166,0,0,0,0,0,0
236,5557,237.15425522935493,99986,72,34,8,2,856,446,0.013021823055227732,41,18,49269,49653,608,291,0,0,0,0,0,0,98805,0,0,5,0,0,0,0,0,0,0,1176,0,0,0,0,0,0
237,5557,238.08344620201888,99986,76,35,8,2,865,449,0.013141839857580061,41,20,49260,49648,613,293,0,0,0,0,0,0,98798,0,0,5,0,0,0,0,0,0,0,1183,0,0,0,0,0,0
238,5557,239.10107832877804,99986,81,38,8,2,873,457,0.0133018622607165,44,15,49255,49645,610,298,0,0,0,0,0,0,98790,0,0,5,0,0,0,0,0,0,0,1191,0,0,0,0,0,0
239,5557,240.08952151080007,99986,71,37,8,2,883,462,0.013451883263656912,43,17,49250,49639,626,303,0,0,0,0,0,0,98764,0,0,5,0,0,0,0,0,0,0,1217,0,0,0,0,0,0
240,5557,241.2444524910216,99986,68,34,8,2,892,467,0.013591902866401296,47,19,49240,49633,635,310,0,0,0,0,0,0,98744,0,0,5,0,0,0,0,0,0,0,1237,0,0,0,0,0,0
241,5557,242.20473816914534,99986,72,37,8,2,902,471,0.013731922469145681,47,17,49230,49631,641,311,0,0,0,0,0,0,98737,0,0,5,0,0,0,0,0,0,0,1244,0,0,0,0,0,0
242,5557,243.19561688758128,99986,72,35,8,2,911,474,0.01385193927149801,45,21,49227,49625,646,315,0,0,0,0,0,0,98723,0,0,5,0,0,0,0,0,0,0,1258,0,0,0,0,0,0
243,5557,244.19766154117252,99986,78,35,8,2,925,477,0.014021963074830477,43,26,49216,49617,653,318,0,0,0,0,0,0,98713,0,0,6,0,0,0,0,0,0,0,1267,0,0,0,0,0,0
244,5557,245.19987997287882,99986,81,40,8,2,940,485,0.014251995279339107,44,23,49202,49613,663,320,0,0,0,0,0,0,98698,0,0,6,0,0,0,0,0,0,0,1282,0,0,0,0,0,0
245,5557,246.20232225621916,99986,79,40,8,2,947,490,0.014372012081691437,52,27,49189,49606,670,323,0,0,0,0,0,0,98684,0,0,6,0,0,0,0,0,0,0,1296,0,0,0,0,0,0
246,5557,247.20496184300055,99986,92,40,8,2,967,497,0.014642049886984178,52,29,49169,49598,677,329,0,0,0,0,0,0,98670,0,0,6,0,0,0,0,0,0,0,1310,0,0,0,0,0,0
247,5557,248.20781624557335,99986,95,40,8,2,979,505,0.014842077890904727,52,28,49159,49593,684,335,0,0,0,0,0,0,98653,0,0,6,0,0,0,0,0,0,0,1327,0,0,0,0,0,0
248,5557,249.2108477952482,99985,94,45,9,2,993,518,0.015112266840026005,46,20,49153,49592,696,339,0,0,0,0,0,0,98630,0,0,6,0,0,0,0,0,0,0,1349,0,0,0,0,0,0
249,5557,250.2568317101663,99985,91,47,9,2,1007,524,0.015312296844526679,49,24,49139,49583,710,342,0,0,0,0,0,0,98609,0,0,6,0,0,0,0,0,0,0,1370,0,0,0,0,0,0
250,5557,251.1094763809924,99985,88,51,9,2,1018,531,0.015492323848577287,44,19,49133,49581,724,345,0,0,0,0,0,0,98592,0,0,6,0,0,0,0,0,0,0,1387,0,0,0,0,0,0
251,5557,252.2480354723474,99985,85,45,9,2,1038,538,0.015762364354653197,46,25,49116,49569,742,357,0,0,0,0,0,0,98556,0,0,6,0,0,0,0,0,0,0,1423,0,0,0,0,0,0
252,5557,253.25210554718763,99985,89,49,9,2,1050,546,0.015962394359153875,54,21,49100,49565,746,361,0,0,0,0,0,0,98544,0,0,6,0,0,0,0,0,0,0,1435,0,0,0,0,0,0
253,5557,254.25635637187736,99984,94,54,10,2,1068,553,0.016212594015042405,48,17,49089,49564,757,361,0,0,0,0,0,0,98530,0,0,7,0,0,0,0,0,0,0,1447,0,0,0,0,0,0
254,5557,255.02686852653295,99984,91,49,10,2,1078,561,0.016392622819651145,49,20,49079,49554,769,373,0,0,0,0,0,0,98504,0,0,7,0,0,0,0,0,0,0,1473,0,0,0,0,0,0
255,5557,256.0477693031337,99984,88,52,10,2,1089,568,0.01657265162425988,45,15,49075,49554,780,375,0,0,0,0,0,0,98486,0,0,7,0,0,0,0,0,0,0,1491,0,0,0,0,0,0
256,5557,257.0595795981977,99984,82,47,10,2,1094,574,0.01668266922707633,55,10,49063,49553,788,386,0,0,0,0,0,0,98464,0,0,7,0,0,0,0,0,0,0,1513,0,0,0,0,0,0
257,5557,258.1291286064159,99984,77,40,10,2,1103,576,0.016792686829892784,54,13,49059,49548,798,395,0,0,0,0,0,0,98441,0,0,7,0,0,0,0,0,0,0,1536,0,0,0,0,0,0
258,5557,259.12380926039174,99984,83,38,10,2,1121,584,0.017052728436549848,54,12,49041,49543,810,403,0,0,0,0,0,0,98419,0,0,7,0,0,0,0,0,0,0,1558,0,0,0,0,0,0
259,5557,260.2532819097038,99984,92,35,10,2,1141,589,0.017302768442950874,55,14,49022,49537,819,410,0,0,0,0,0,0,98400,0,0,7,0,0,0,0,0,0,0,1577,0,0,0,0,0,0
260,5557,261.16831648541967,99984,95,39,10,2,1159,595,0.017542806849095854,53,15,49009,49533,831,409,0,0,0,0,0,0,98383,0,0,7,0,0,0,0,0,0,0,1594,0,0,0,0,0,0
261,5557,262.1033513154388,99984,90,39,10,2,1169,599,0.01768282925268043,57,21,49000,49525,841,411,0,0,0,0,0,0,98364,0,0,7,0,0,0,0,0,0,0,1613,0,0,0,0,0,0
262,5557,263.10967643487163,99984,92,36,10,2,1181,603,0.017842854856777085,61,25,48990,49518,845,417,0,0,0,0,0,0,98347,0,0,7,0,0,0,0,0,0,0,1630,0,0,0,0,0,0
263,5557,264.1161462740119,99984,91,31,10,2,1192,606,0.017982877260361657,58,27,48983,49515,856,423,0,0,0,0,0,0,98327,0,0,7,0,0,0,0,0,0,0,1650,0,0,0,0,0,0
264,5557,265.1228342144787,99984,85,39,10,2,1201,616,0.018172907665226435,61,23,48974,49510,868,424,0,0,0,0,0,0,98310,0,0,7,0,0,0,0,0,0,0,1667,0,0,0,0,0,0
265,5557,266.12969274229624,99984,78,36,10,2,1210,622,0.018322931669067052,65,23,48964,49507,881,430,0,0,0,0,0,0,98287,0,0,9,0,0,0,0,0,0,0,1688,0,0,0,0,0,0
266,5557,267.136806624518,99984,81,36,10,2,1227,626,0.01853296527444391,61,22,48953,49507,893,431,0,0,0,0,0,0,98269,0,0,9,0,0,0,0,0,0,0,1706,0,0,0,0,0,0
267,5557,268.14415174849825,99984,90,37,10,2,1247,632,0.018793006881100978,45,24,48951,49500,902,435,0,0,0,0,0,0,98253,0,0,9,0,0,0,0,0,0,0,1722,0,0,0,0,0,0
268,5557,269.1516165847335,99984,92,40,10,2,1263,641,0.019043046887502,44,20,48937,49497,915,439,0,0,0,0,0,0,98233,0,0,9,0,0,0,0,0,0,0,1742,0,0,0,0,0,0
269,5557,270.02832839849447,99984,99,38,10,2,1277,645,0.01922307569211074,41,21,48932,49493,916,444,0,0,0,0,0,0,98220,0,0,9,0,0,0,0,0,0,0,1755,0,0,0,0,0,0
270,5557,271.03614501007894,99983,97,39,11,2,1287,652,0.01939329686046628,47,25,48921,49483,922,449,0,0,0,0,0,0,98202,0,0,9,0,0,0,0,0,0,0,1772,0,0,0,0,0,0
271,5557,272.0440954239438,99983,96,41,11,2,1300,658,0.019583329165958212,54,25,48904,49478,933,452,0,0,0,0,0,0,98184,0,0,9,0,0,0,0,0,0,0,1790,0,0,0,0,0,0
272,5557,273.0523029315106,99983,91,33,11,2,1306,658,0.019643339367692508,61,30,48895,49473,940,460,0,0,0,0,0,0,98165,0,0,9,0,0,0,0,0,0,0,1809,0,0,0,0,0,0
273,5557,274.06074081458985,99983,103,35,11,2,1332,668,0.020003400578098275,54,25,48879,49469,951,467,0,0,0,0,0,0,98143,0,0,9,0,0,0,0,0,0,0,1831,0,0,0,0,0,0
274,5557,275.06945590815457,99983,105,35,11,2,1345,673,0.02018343118330116,60,26,48863,49464,959,471,0,0,0,0,0,0,98127,0,0,9,0,0,0,0,0,0,0,1847,0,0,0,0,0,0
275,5557,276.0783823351958,99982,101,34,11,3,1360,679,0.020393670860754935,57,30,48853,49456,976,475,0,0,0,0,0,0,98101,0,0,9,0,0,0,0,0,0,0,1872,0,0,0,0,0,0
276,5557,277.0875816898857,99981,104,34,12,3,1380,686,0.020663926145967734,53,27,48842,49454,987,480,0,0,0,0,0,0,98077,0,0,9,0,0,0,0,0,0,0,1895,0,0,0,0,0,0
277,5557,278.0970403325573,99981,100,32,12,3,1396,691,0.020873966053550175,46,33,48834,49444,1006,486,0,0,0,0,0,0,98051,0,0,10,0,0,0,0,0,0,0,1920,0,0,0,0,0,0
278,5557,279.10674016670515,99981,97,35,12,3,1409,698,0.021074004060771548,48,34,48822,49438,1019,488,0,0,0,0,0,0,98031,0,0,10,0,0,0,0,0,0,0,1940,0,0,0,0,0,0
279,5557,280.1166527510167,99981,101,40,12,3,1422,708,0.021304047769076125,50,29,48812,49434,1023,492,0,0,0,0,0,0,98017,0,0,10,0,0,0,0,0,0,0,1954,0,0,0,0,0,0
280,5557,281.12672758983103,99981,95,42,12,3,1431,713,0.021444074374131084,60,33,48796,49427,1035,493,0,0,0,0,0,0,97999,0,0,10,0,0,0,0,0,0,0,1972,0,0,0,0,0,0
281,5557,282.1370506811913,99981,103,49,12,3,1449,723,0.021724127584241006,57,29,48785,49423,1041,494,0,0,0,0,0,0,97986,0,0,10,0,0,0,0,0,0,0,1985,0,0,0,0,0,0
282,5557,283.1475545979629,99981,106,49,12,3,1466,732,0.021984176993628788,55,28,48773,49418,1052,500,0,0,0,0,0,0,97964,0,0,11,0,0,0,0,0,0,0,2006,0,0,0,0,0,0
283,5557,284.15827910666746,99981,103,50,12,3,1481,739,0.0222042188015723,51,32,48766,49407,1066,506,0,0,0,0,0,0,97940,0,0,11,0,0,0,0,0,0,0,2030,0,0,0,0,0,0
284,5557,285.169222160626,99981,98,52,12,3,1491,749,0.022404256808793672,58,33,48756,49397,1074,513,0,0,0,0,0,0,97917,0,0,11,0,0,0,0,0,0,0,2053,0,0,0,0,0,0
285,5557,286.18035205249964,99981,98,52,12,3,1507,754,0.02261429671637611,52,39,48752,49388,1084,516,0,0,0,0,0,0,97897,0,0,12,0,0,0,0,0,0,0,2072,0,0,0,0,0,0
286,5557,287.19156082444874,99981,96,59,12,3,1519,767,0.022864344225402827,52,35,48749,49380,1089,521,0,0,0,0,0,0,97877,0,0,12,0,0,0,0,0,0,0,2092,0,0,0,0,0,0
287,5557,288.20287452932405,99981,99,55,12,3,1539,775,0.023144397435512748,51,40,48732,49370,1104,530,0,0,0,0,0,0,97848,0,0,12,0,0,0,0,0,0,0,2121,0,0,0,0,0,0
288,5557,289.2144588115895,99981,101,64,12,3,1548,787,0.023354437343095186,56,36,48726,49364,1103,531,0,0,0,0,0,0,97838,0,0,12,0,0,0,0,0,0,0,2131,0,0,0,0,0,0
289,5557,290.22615419673576,99981,100,59,12,3,1563,796,0.023594482951760833,70,33,48699,49359,1117,544,0,0,0,0,0,0,97809,0,0,13,0,0,0,0,0,0,0,2159,0,0,0,0,0,0
290,5557,291.2382828507376,99981,93,56,12,3,1576,804,0.023804522859343275,71,32,48687,49353,1135,554,0,0,0,0,0,0,97778,0,0,13,0,0,0,0,0,0,0,2190,0,0,0,0,0,0
291,5557,292.25075358119597,99981,84,64,12,3,1587,815,0.024024564667286783,74,27,48677,49349,1151,555,0,0,0,0,0,0,97755,0,0,13,0,0,0,0,0,0,0,2213,0,0,0,0,0,0
292,5557,293.2634866956755,99981,89,56,12,3,1604,826,0.024304617877396704,74,24,48664,49342,1159,573,0,0,0,0,0,0,97724,0,0,13,0,0,0,0,0,0,0,2244,0,0,0,0,0,0
293,5557,294.2764567931253,99981,106,49,12,3,1628,830,0.024584671087506626,60,26,48657,49336,1163,584,0,0,0,0,0,0,97706,0,0,13,0,0,0,0,0,0,0,2262,0,0,0,0,0,0
294,5557,295.2895744995426,99981,104,47,12,3,1643,836,0.024794710995089068,56,24,48649,49333,1177,591,0,0,0,0,0,0,97681,0,0,13,0,0,0,0,0,0,0,2287,0,0,0,0,0,0
295,5557,296.30295251670015,99980,111,42,12,4,1663,839,0.0250250050010002,54,31,48634,49325,1187,596,0,0,0,0,0,0,97661,0,0,14,0,0,0,0,0,0,0,2305,0,0,0,0,0,0
296,5557,297.3165825839938,99980,113,43,12,4,1679,845,0.02524504900980196,56,29,48621,49322,1196,600,0,0,0,0,0,0,97642,0,0,14,0,0,0,0,0,0,0,2324,0,0,0,0,0,0
297,5557,298.33044551292807,99979,104,46,13,4,1688,855,0.025435341421698558,66,28,48606,49315,1209,605,0,0,0,0,0,0,97617,0,0,14,0,0,0,0,0,0,0,2348,0,0,0,0,0,0
298,5557,299.00651356540357,99979,112,45,13,4,1700,858,0.025585372928314948,66,28,48600,49313,1207,608,0,0,0,0,0,0,97610,0,0,15,0,0,0,0,0,0,0,2354,0,0,0,0,0,0
299,5557,300.0207203872969,99979,105,41,13,4,1714,862,0.025765410736254612,62,28,48594,49309,1224,616,0,0,0,0,0,0,97581,0,0,15,0,0,0,0,0,0,0,2383,0,0,0,0,0,0
300,5557,301.03516334836803,99978,112,38,14,4,1734,867,0.026015723459161016,67,32,48572,49301,1233,623,0,0,0,0,0,0,97560,0,0,15,0,0,0,0,0,0,0,2403,0,0,0,0,0,0
301,5557,302.0498909924009,99978,118,42,14,4,1754,874,0.02628578287223189,65,40,48558,49287,1243,625,0,0,0,0,0,0,97543,0,0,15,0,0,0,0,0,0,0,2420,0,0,0,0,0,0
302,5557,303.06480931054057,99978,123,56,14,4,1774,893,0.026675868691112044,59,29,48548,49282,1254,627,0,0,0,0,0,0,97524,0,0,16,0,0,0,0,0,0,0,2438,0,0,0,0,0,0
303,5557,304.07994885350485,99978,121,57,14,4,1791,899,0.026905919302246496,66,34,48531,49273,1266,630,0,0,0,0,0,0,97500,0,0,16,0,0,0,0,0,0,0,2462,0,0,0,0,0,0
304,5557,305.09535459408966,99978,117,53,14,4,1805,904,0.02709596111144452,64,41,48524,49262,1279,638,0,0,0,0,0,0,97475,0,0,18,0,0,0,0,0,0,0,2485,0,0,0,0,0,0
305,5557,306.11097059214507,99978,117,53,14,4,1825,913,0.027386024925483605,65,39,48507,49259,1295,643,0,0,0,0,0,0,97447,0,0,19,0,0,0,0,0,0,0,2512,0,0,0,0,0,0
306,5557,307.1269554205893,99978,114,47,14,4,1841,918,0.027596071135649842,67,41,48492,49254,1311,652,0,0,0,0,0,0,97417,0,0,19,0,0,0,0,0,0,0,2542,0,0,0,0,0,0
307,5557,308.14327008449857,99978,118,50,14,4,1859,926,0.02785612834823661,71,45,48474,49244,1321,655,0,0,0,0,0,0,97399,0,0,20,0,0,0,0,0,0,0,2559,0,0,0,0,0,0
308,5557,309.1598414788264,99978,124,51,14,4,1878,938,0.028166196563243914,65,43,48465,49235,1330,665,0,0,0,0,0,0,97376,0,0,21,0,0,0,0,0,0,0,2581,0,0,0,0,0,0
309,5557,310.17660246626946,99978,117,53,14,4,1888,945,0.028336233971473723,80,46,48446,49227,1341,668,0,0,0,0,0,0,97356,0,0,23,0,0,0,0,0,0,0,2599,0,0,0,0,0,0
310,5557,311.1936539405036,99978,119,58,14,4,1905,958,0.02863629998599692,84,43,48432,49223,1349,670,0,0,0,0,0,0,97333,0,0,23,0,0,0,0,0,0,0,2622,0,0,0,0,0,0
311,5557,312.21095826130664,99978,120,61,14,4,1924,972,0.028966372601972434,83,47,48417,49210,1364,676,0,0,0,0,0,0,97305,0,0,24,0,0,0,0,0,0,0,2649,0,0,0,0,0,0
312,5557,313.2285255819206,99978,119,64,14,4,1942,985,0.029276440816979735,89,43,48397,49205,1379,682,0,0,0,0,0,0,97277,0,0,25,0,0,0,0,0,0,0,2676,0,0,0,0,0,0
313,5557,314.24642523366975,99977,130,67,14,5,1966,995,0.029616811866729348,77,45,48392,49195,1385,686,0,0,0,0,0,0,97258,0,0,26,0,0,0,0,0,0,0,2693,0,0,0,0,0,0
314,5557,315.2645035906402,99977,122,66,14,5,1986,1001,0.02987687168048651,75,52,48376,49186,1411,689,0,0,0,0,0,0,97223,0,0,26,0,0,0,0,0,0,0,2728,0,0,0,0,0,0
315,5557,316.2829353219477,99977,120,82,14,5,2010,1018,0.0302869660021805,66,44,48369,49179,1429,688,0,0,0,0,0,0,97197,0,0,27,0,0,0,0,0,0,0,2753,0,0,0,0,0,0
316,5557,317.3015572268271,99977,119,83,14,5,2029,1032,0.030617041919641517,64,40,48359,49172,1442,698,0,0,0,0,0,0,97165,0,0,28,0,0,0,0,0,0,0,2784,0,0,0,0,0,0
317,5557,318.32044768351096,99977,121,79,14,5,2049,1040,0.030897106334456925,64,44,48344,49162,1455,708,0,0,0,0,0,0,97136,0,0,29,0,0,0,0,0,0,0,2812,0,0,0,0,0,0
318,5557,319.33963077569683,99977,121,82,14,5,2064,1051,0.03115716614821409,63,43,48334,49154,1466,714,0,0,0,0,0,0,97113,0,0,29,0,0,0,0,0,0,0,2835,0,0,0,0,0,0
319,5557,320.01920231910367,99977,116,88,14,5,2076,1063,0.03139722136091301,62,37,48328,49149,1477,718,1,1,1,1,0,0,97088,0,0,29,0,0,0,0,0,0,2,2858,0,0,0,0,0,0
320,5557,321.02964548077546,99977,115,81,14,5,2093,1072,0.03165728117467018,72,45,48307,49132,1488,733,2,2,2,2,0,0,97052,0,0,29,0,0,0,0,0,0,4,2892,0,0,0,0,0,0
321,5557,322.2958882860165,99977,109,70,14,5,2110,1082,0.03192734328895646,75,55,48292,49116,1505,749,3,3,3,3,0,0,97007,0,0,30,0,0,0,0,0,0,6,2934,0,0,0,0,0,0
322,5557,323.04472878411224,99977,111,65,14,5,2122,1086,0.03208738009742241,76,57,48284,49110,1509,757,4,4,4,4,0,0,96987,0,0,31,0,0,0,0,0,0,8,2951,0,0,0,0,0,0
323,5557,324.08274769330745,99977,106,63,14,5,2134,1095,0.03229742840853396,77,58,48275,49101,1521,766,5,5,5,5,0,0,96958,0,0,32,0,0,0,0,0,0,10,2977,0,0,0,0,0,0
324,5557,325.0868154710354,99977,116,72,14,5,2160,1108,0.03268751812916971,70,55,48261,49091,1531,769,6,6,6,6,0,0,96936,0,0,32,0,0,0,0,0,0,12,2997,0,0,0,0,0,0
325,5557,326.09744900168664,99976,118,75,14,6,2184,1124,0.03308794110586541,69,45,48241,49085,1549,780,7,7,7,7,0,0,96900,0,0,33,0,0,0,0,0,0,14,3029,0,0,0,0,0,0
326,5557,327.20541954584303,99976,126,69,14,6,2210,1135,0.033458029927182525,66,49,48222,49073,1562,793,8,8,8,8,0,0,96865,0,0,35,0,0,0,0,0,0,16,3060,0,0,0,0,0,0
327,5557,328.0528169163757,99976,128,68,14,6,2220,1140,0.0336080659358246,66,51,48215,49068,1566,796,9,9,9,9,0,0,96850,0,0,36,0,0,0,0,0,0,18,3072,0,0,0,0,0,0
328,5557,329.0238421190889,99976,122,73,14,6,2233,1151,0.033848123549651915,69,49,48202,49062,1581,798,10,10,10,10,0,0,96823,0,0,36,0,0,0,0,0,0,20,3097,0,0,0,0,0,0
329,5557,330.14598879543144,99976,126,81,14,6,2251,1167,0.03418820516924062,75,50,48180,49045,1592,805,11,11,11,11,0,0,96799,0,0,36,0,0,0,0,0,0,22,3119,0,0,0,0,0,0
330,5557,331.04107399839387,99976,133,82,14,6,2271,1177,0.034488277186524766,68,53,48170,49035,1601,810,12,12,12,12,0,0,96775,0,0,36,0,0,0,0,0,0,24,3141,0,0,0,0,0,0
331,5557,332.05787191261845,99976,131,86,14,6,2289,1193,0.034828358806113464,80,56,48143,49015,1617,822,13,13,13,13,0,0,96741,0,0,36,0,0,0,0,0,0,26,3173,0,0,0,0,0,0
332,5557,333.02120338424436,99976,131,93,14,6,2308,1205,0.03513843322397375,84,51,48123,49007,1632,827,14,14,14,14,0,0,96715,0,0,36,0,0,0,0,0,0,28,3197,0,0,0,0,0,0
333,5557,334.001133904541,99976,134,96,14,6,2333,1219,0.03552852684644315,83,53,48103,48991,1649,837,15,15,15,15,0,0,96681,0,0,37,0,0,0,0,0,0,30,3228,0,0,0,0,0,0
334,5557,335.020990010474,99976,137,101,14,6,2350,1240,0.0359086180683364,83,49,48091,48977,1657,849,16,16,16,16,0,0,96649,0,0,37,0,0,0,0,0,0,32,3258,0,0,0,0,0,0
335,5557,336.00176283623756,99976,140,102,14,6,2370,1252,0.03622869488677283,92,60,48065,48953,1670,860,17,17,17,17,0,0,96620,0,0,38,0,0,0,0,0,0,34,3284,0,0,0,0,0,0
336,5557,337.0557002860944,99976,152,105,14,6,2398,1266,0.036648795710970634,90,63,48047,48938,1677,869,18,17,18,18,0,0,96591,0,0,38,0,0,0,0,0,0,36,3311,0,0,0,0,0,0
337,5557,338.0755574844681,99976,147,101,14,6,2421,1281,0.03702888693286389,81,58,48040,48933,1697,882,19,18,19,19,0,0,96544,0,0,40,0,0,0,0,0,0,38,3354,0,0,0,0,0,0
338,5557,339.0182122537037,99975,146,90,14,7,2439,1291,0.03730932733183296,79,61,48027,48921,1712,900,20,19,20,20,0,0,96502,0,0,40,0,0,0,0,0,0,40,3393,0,0,0,0,0,0
339,5557,340.00244117218455,99975,147,85,14,7,2457,1303,0.03760940235058765,82,64,48014,48905,1720,917,21,20,21,21,0,0,96466,0,0,40,0,0,0,0,0,0,42,3427,0,0,0,0,0,0
340,5557,341.0509256142885,99975,148,92,14,7,2474,1319,0.0379394848712178,88,64,47995,48889,1731,925,22,21,22,22,0,0,96439,0,0,40,0,0,0,0,0,0,44,3452,0,0,0,0,0,0
341,5557,342.0993802316076,99975,157,100,14,7,2506,1342,0.0384896224056014,94,63,47959,48872,1751,934,23,22,23,23,0,0,96399,0,0,40,0,0,0,0,0,0,46,3490,0,0,0,0,0,0
342,5557,343.12583075806486,99975,162,106,14,7,2535,1358,0.038939734933733434,92,62,47934,48857,1772,943,24,23,24,24,0,0,96363,0,0,40,0,0,0,0,0,0,48,3524,0,0,0,0,0,0
343,5557,344.1527510004158,99975,169,111,14,7,2563,1374,0.03937984496124031,93,64,47911,48841,1786,951,25,24,25,25,0,0,96329,0,0,40,0,0,0,0,0,0,50,3556,0,0,0,0,0,0
344,5557,345.18008560917144,99975,183,112,14,7,2597,1391,0.03988997249312328,85,63,47888,48827,1801,964,27,25,26,27,0,0,96290,0,0,40,0,0,0,0,0,0,53,3592,0,0,0,0,0,0
345,5557,346.20781826535915,99975,198,114,14,7,2626,1413,0.04040010002500625,95,57,47852,48812,1810,981,29,27,28,29,0,0,96253,0,0,41,0,0,0,0,0,0,57,3624,0,0,0,0,0,0
346,5557,347.2360705213932,99975,188,114,14,7,2645,1428,0.04074018504626156,113,56,47820,48800,1832,992,31,29,30,31,0,0,96206,0,0,42,0,0,0,0,0,0,61,3666,0,0,0,0,0,0
347,5557,348.26494742550176,99975,185,106,14,7,2674,1436,0.041110277569392346,110,68,47798,48781,1858,1005,33,31,32,33,0,0,96159,0,0,46,0,0,0,0,0,0,64,3705,1,0,0,0,0,0
348,5557,349.29434063526156,99975,180,106,14,7,2699,1456,0.04156039009752438,127,63,47765,48768,1877,1022,35,32,34,35,0,0,96106,0,0,47,0,0,0,0,0,0,68,3753,1,0,0,0,0,0
349,5557,350.3243319353444,99975,178,104,14,7,2727,1467,0.04195048762190547,116,73,47749,48747,1903,1032,38,35,37,38,0,0,96058,0,0,48,0,0,0,0,0,0,74,3794,1,0,0,0,0,0
350,5557,351.0112339283781,99974,185,108,15,7,2750,1479,0.04230099825954748,113,67,47729,48739,1915,1039,41,38,40,41,0,0,96028,0,0,48,0,0,0,0,0,0,80,3817,1,0,0,0,0,0
351,5557,352.04205305934425,99974,176,101,15,7,2772,1492,0.042651089283213636,118,65,47703,48728,1942,1056,44,41,43,44,0,0,95972,0,0,49,0,0,0,0,0,0,86,3866,1,0,0,0,0,0
352,5557,353.07351122798684,99974,182,105,15,7,2807,1510,0.04318122711905095,111,69,47679,48704,1963,1069,48,44,47,48,0,0,95924,0,0,51,0,0,0,0,0,0,93,3904,2,0,0,0,0,0
353,5557,354.10547193547336,99974,186,112,15,7,2838,1530,0.04369135975353592,113,75,47649,48677,1983,1079,52,48,51,52,0,0,95878,0,0,52,0,0,0,0,0,0,100,3941,3,0,0,0,0,0
354,5557,355.1380117439763,99974,185,113,15,7,2868,1549,0.04418148718666853,112,80,47620,48655,2009,1090,57,53,56,57,0,0,95821,0,0,54,0,0,0,0,0,0,110,3986,3,0,0,0,0,0
355,5557,356.1711193340139,99974,200,124,15,7,2908,1571,0.04480164842859143,109,85,47588,48635,2024,1089,62,58,61,62,0,0,95776,0,0,54,0,0,0,0,0,0,119,4021,4,0,0,0,0,0
356,5557,357.20468078810603,99974,215,125,15,7,2939,1589,0.045291775861724046,113,83,47558,48617,2030,1103,67,63,67,67,0,0,95732,0,0,54,0,0,0,0,0,0,130,4054,4,0,0,0,0,0
357,5557,358.23873276986797,99973,201,126,16,7,2967,1612,0.04580236663899253,113,84,47531,48593,2064,1121,73,67,73,73,0,0,95657,0,0,55,0,0,0,0,0,0,142,4115,4,0,0,0,0,0
358,5557,359.27343416457177,99973,204,129,16,7,3001,1634,0.04636251787982755,117,78,47497,48573,2084,1137,80,74,80,80,0,0,95598,0,0,56,0,0,0,0,0,0,152,4159,8,0,0,0,0,0
359,5557,360.30881964075434,99973,210,133,16,7,3039,1660,0.047002690726496155,120,73,47457,48552,2108,1152,87,81,88,87,0,0,95531,0,0,57,0,0,0,0,0,0,166,4210,9,0,0,0,0,0
360,5557,361.3449840923409,99973,217,139,16,7,3078,1682,0.04761285547097716,122,66,47426,48532,2123,1164,94,90,97,95,0,0,95467,0,0,58,0,0,0,0,0,0,183,4256,9,0,0,0,0,0
361,5557,362.03604456035555,99973,231,141,16,7,3105,1695,0.04801296350014504,121,64,47398,48514,2129,1172,103,100,107,104,0,0,95427,0,0,57,1,0,0,0,0,0,199,4278,11,0,0,0,0,0
362,5557,363.07329114009275,99973,205,147,16,7,3132,1719,0.04852310123733408,130,69,47362,48479,2173,1185,112,111,118,113,0,0,95336,0,0,57,1,0,0,0,0,0,219,4349,11,0,0,0,0,0
363,5557,364.11137784095456,99972,203,142,17,7,3159,1731,0.04891369583483375,136,82,47329,48445,2192,1199,121,123,130,123,0,0,95272,0,0,58,1,0,0,0,0,0,238,4389,14,0,0,0,0,0
364,5557,365.1502132953734,99972,216,143,17,7,3205,1756,0.04962389469051334,127,76,47290,48416,2217,1221,131,135,143,134,0,0,95191,0,0,58,1,0,0,0,0,0,262,4446,14,0,0,0,0,0
365,5557,366.1897781038673,99972,225,133,17,7,3243,1774,0.05018405153442964,133,78,47239,48388,2241,1243,143,149,157,146,0,0,95110,0,0,59,1,0,0,0,0,0,287,4500,15,0,0,0,0,0
366,5557,367.23033701841496,99972,234,130,17,7,3278,1796,0.050754211179130156,137,80,47194,48355,2260,1262,156,164,172,159,0,0,95034,0,0,60,1,0,0,0,0,0,313,4547,17,0,0,0,0,0
367,5557,368.27176637377465,99970,233,141,18,8,3311,1823,0.05135540662198659,131,75,47162,48322,2284,1271,170,181,189,173,0,0,94957,0,0,62,1,0,0,0,0,0,342,4589,19,0,0,0,0,0
368,5557,369.31394232172687,99970,240,138,18,8,3346,1839,0.05186555966790037,133,78,47119,48291,2304,1284,184,199,207,188,0,0,94879,0,0,64,1,0,0,0,0,0,375,4632,19,0,0,0,0,0
369,5557,370.0091895393536,99970,235,139,18,8,3367,1860,0.05228568570571172,140,69,47084,48264,2321,1300,200,218,227,205,0,0,94798,0,0,64,1,0,0,0,0,0,410,4676,21,0,0,0,0,0
370,5557,371.0530081773296,99970,247,136,18,8,3412,1878,0.052915874762428726,134,79,47036,48220,2346,1315,217,240,249,223,0,0,94708,0,0,67,1,0,0,0,0,0,449,4723,22,0,0,0,0,0
371,5557,372.0977970073714,99970,233,143,18,8,3448,1896,0.053456036811043314,127,76,47005,48185,2381,1322,234,264,273,242,0,0,94613,0,0,71,1,0,0,0,0,0,487,4771,27,0,0,0,0,0
372,5557,373.14352640131966,99969,228,146,19,8,3491,1921,0.05413678240254479,128,73,46952,48151,2418,1331,253,289,299,263,0,0,94502,0,0,73,1,0,0,0,0,0,530,4832,31,0,0,0,0,0
373,5557,374.1903430092186,99969,235,147,19,8,3531,1937,0.05469695605637748,132,79,46896,48109,2441,1342,275,313,327,285,0,0,94407,0,0,74,1,0,0,0,0,0,578,4876,33,0,0,0,0,0
374,5557,375.23824724701785,99968,234,159,20,8,3567,1967,0.055357714468629964,129,71,46854,48064,2464,1356,297,340,357,309,0,0,94301,0,0,76,1,0,0,0,0,0,631,4925,34,0,0,0,0,0
375,5557,376.2871226458763,99968,240,151,20,8,3602,1983,0.05586787772087068,126,85,46809,48009,2484,1372,319,373,390,334,0,0,94194,0,0,77,1,0,0,0,0,0,686,4973,37,0,0,0,0,0
376,5557,377.33694801375543,99968,226,132,20,8,3630,1996,0.056278008962868116,139,99,46753,47958,2514,1396,346,405,425,361,0,0,94060,0,0,78,1,0,0,0,0,0,747,5044,38,0,0,0,0,0
377,5557,378.03751553112807,99967,230,135,21,8,3655,2014,0.056708713875578944,140,97,46707,47907,2525,1408,375,443,463,390,0,0,93965,0,0,82,1,0,0,0,0,0,810,5067,42,0,0,0,0,0
378,5557,379.08959418395307,99967,235,141,21,8,3693,2043,0.057378935048566025,141,88,46652,47856,2543,1423,406,482,504,421,0,0,93842,0,0,84,1,0,0,0,0,0,879,5116,45,0,0,0,0,0
379,5557,380.14284512699805,99967,233,145,21,8,3720,2066,0.057879100103034,149,83,46592,47808,2566,1430,437,524,548,454,0,0,93722,0,0,87,1,0,0,0,0,0,954,5156,47,0,0,0,0,0
380,5557,381.1973840624225,99967,224,143,21,8,3754,2086,0.058419278361859416,153,80,46535,47750,2596,1446,469,571,595,489,0,0,93582,0,0,89,1,0,0,0,0,0,1031,5212,52,0,0,0,0,0
381,5557,382.25320568087085,99967,237,141,21,8,3799,2105,0.05905948963157842,156,80,46468,47687,2613,1462,503,620,646,526,0,0,93446,0,0,91,1,0,0,0,0,0,1116,5258,55,0,0,0,0,0
382,5557,383.3104030677656,99967,255,141,21,8,3843,2126,0.05970970420238679,155,82,46399,47618,2627,1478,541,671,700,566,0,0,93310,0,0,92,1,0,0,0,0,0,1206,5299,59,0,0,0,0,0
383,5557,384.01591897653344,99967,259,128,21,8,3866,2138,0.06005981974051437,155,82,46342,47558,2639,1495,582,727,758,608,0,0,93172,0,0,94,1,0,0,0,0,0,1302,5335,63,0,0,0,0,0
384,5557,385.0757745192695,99967,262,126,21,8,3906,2158,0.06066001780587594,152,84,46276,47481,2664,1513,623,786,820,653,0,0,93011,0,0,95,1,0,0,0,0,0,1405,5388,67,0,0,0,0,0
385,5557,386.1371904190326,99967,253,137,21,8,3946,2188,0.0613602488821311,151,78,46203,47403,2701,1524,669,848,886,700,0,0,92839,0,0,97,1,0,0,0,0,0,1511,5445,74,0,0,0,0,0
386,5557,387.20029175802733,99966,241,146,22,8,3983,2211,0.061961066762699316,143,81,46139,47323,2738,1525,715,915,957,750,0,0,92663,0,0,98,2,0,0,0,0,0,1626,5498,79,0,0,0,0,0
387,5557,388.26508031387726,99966,238,146,22,8,4009,2228,0.06239121301242422,160,82,46059,47242,2753,1533,766,987,1032,803,0,0,92499,0,0,98,2,0,0,0,0,0,1744,5534,89,0,0,0,0,0
388,5557,389.33157004909714,99966,254,137,22,8,4059,2246,0.06307144429105896,153,84,45978,47156,2774,1550,817,1063,1112,859,0,0,92313,0,0,100,2,0,0,0,0,0,1871,5582,98,0,0,0,0,0
389,5557,390.0435442255586,99966,262,146,22,8,4092,2264,0.06358161775003501,146,73,45901,47074,2795,1555,872,1142,1197,918,0,0,92141,0,0,101,2,0,0,0,0,0,2010,5609,103,0,0,0,0,0
390,5557,391.113446423813,99966,262,148,22,8,4133,2280,0.06415181161594942,144,74,45826,46981,2816,1560,928,1227,1287,980,0,0,91948,0,0,103,2,0,0,0,0,0,2150,5648,115,0,0,0,0,0
391,5557,392.18519141604816,99965,265,145,22,9,4173,2299,0.06474265993097585,149,84,45734,46882,2841,1564,987,1314,1382,1045,0,0,91743,0,0,106,2,0,0,0,0,0,2299,5689,126,0,0,0,0,0
392,5557,393.2588737104702,99964,254,145,23,9,4206,2320,0.06528350206074186,155,85,45644,46776,2871,1572,1051,1411,1483,1114,0,0,91517,0,0,106,2,0,0,0,0,0,2460,5744,135,0,0,0,0,0
393,5557,394.33478346261063,99964,250,152,23,9,4239,2348,0.06589372173982634,159,73,45558,46667,2890,1581,1118,1516,1590,1186,0,0,91298,0,0,109,2,0,0,0,0,0,2624,5781,150,0,0,0,0,0
394,5557,395.05323904849973,99964,257,144,23,9,4273,2357,0.06632387659557441,146,83,45479,46548,2902,1588,1191,1626,1703,1262,0,0,91081,0,0,109,3,0,0,0,0,0,2798,5809,164,0,0,0,0,0
395,5557,396.1330772164237,99964,252,142,23,9,4307,2374,0.06683406026169421,153,92,45392,46414,2918,1598,1260,1743,1822,1341,0,0,90836,0,0,109,3,0,0,0,0,0,2985,5856,175,0,0,0,0,0
396,5557,397.21494890168714,99964,249,134,23,9,4350,2397,0.06749429794726101,150,91,45291,46281,2949,1618,1336,1865,1948,1424,0,0,90567,0,0,109,5,0,0,0,0,0,3179,5916,188,0,0,0,0,0
397,5557,398.2992133856002,99964,252,136,23,9,4386,2421,0.06809451402504901,160,88,45194,46146,2959,1632,1410,1987,2080,1511,0,0,90313,0,0,110,5,0,0,0,0,0,3379,5950,207,0,0,0,0,0
398,5557,399.02331215824466,99963,257,136,24,9,4415,2436,0.06853535808249052,164,86,45079,46014,2973,1637,1501,2116,2219,1602,0,0,90057,0,0,112,5,0,0,0,0,0,3598,5973,218,0,0,0,0,0
399,5557,400.11241055192863,99963,258,135,24,9,4459,2451,0.06912557646329141,163,84,44969,45873,2996,1640,1588,2257,2365,1697,0,0,89778,0,0,112,5,0,0,0,0,0,3818,6011,239,0,0,0,0,0
400,5557,401.2042763310897,99962,261,149,25,9,4504,2477,0.06983653788439607,157,81,44848,45716,3022,1636,1685,2407,2519,1796,0,0,89488,0,0,115,5,0,0,0,0,0,4057,6044,253,0,0,0,0,0
401,5557,402.29892804472394,99962,275,146,25,9,4556,2494,0.07052680018406994,143,98,44732,45543,3042,1642,1781,2560,2680,1900,0,0,89186,0,0,118,5,0,0,0,0,0,4304,6078,271,0,0,0,0,0
402,5557,403.0302694304707,99962,254,157,25,9,4573,2519,0.070946959844741,169,88,44606,45377,3061,1642,1883,2725,2849,2008,0,0,88877,0,0,118,5,0,0,0,0,0,4561,6110,291,0,0,0,0,0
403,5557,404.1307498198995,99961,265,146,25,10,4627,2539,0.07168795830373846,159,89,44479,45197,3082,1663,1988,2893,3026,2120,0,0,88540,0,0,121,5,0,0,0,0,0,4827,6154,314,0,0,0,0,0
404,5557,405.2343690660084,99961,265,140,25,10,4669,2559,0.07230820019807725,150,89,44365,45015,3098,1674,2095,3070,3211,2237,0,0,88201,0,0,125,5,0,0,0,0,0,5102,6187,341,0,0,0,0,0
405,5557,406.34100470937875,99960,271,135,26,10,4709,2582,0.07293917567026811,153,95,44221,44816,3118,1690,2209,3252,3404,2359,0,0,87839,0,0,126,5,0,0,0,0,0,5403,6232,355,0,0,0,0,0
406,5557,407.0805876902005,99960,266,138,26,10,4741,2601,0.07344937975190076,150,91,44084,44624,3141,1693,2331,3442,3606,2485,0,0,87478,0,0,127,5,0,0,0,0,0,5712,6264,374,0,0,0,0,0
407,5557,408.194104903078,99960,267,132,26,10,4796,2624,0.0742296918767507,143,84,43933,44418,3175,1712,2454,3642,3817,2616,0,0,87075,0,0,129,5,0,0,0,0,0,6034,6323,394,0,0,0,0,0
408,5557,409.3115215739228,99960,266,137,26,10,4836,2648,0.07486994797919168,140,84,43791,44205,3199,1715,2576,3847,4036,2752,0,0,86683,0,0,131,5,0,0,0,0,0,6368,6358,415,0,0,0,0,0
409,5557,410.0585037068862,99960,251,145,26,10,4854,2665,0.07522008803521409,163,85,43628,43980,3218,1713,2712,4065,4264,2893,0,0,86294,0,0,133,6,0,0,0,0,0,6718,6376,433,0,0,0,0,0
410,5557,411.1836535250781,99960,246,148,26,10,4896,2696,0.07595038015206082,168,72,43464,43749,3242,1724,2852,4295,4501,3039,0,0,85869,0,0,140,6,0,0,0,0,0,7075,6411,459,0,0,0,0,0
411,5557,412.31301122983655,99959,249,158,27,10,4945,2731,0.07679148450864855,165,68,43307,43493,3266,1737,2984,4532,4747,3190,0,0,85426,0,0,140,7,0,0,0,0,0,7448,6456,482,0,0,0,0,0
412,5557,413.06812968001816,99959,243,150,27,10,4973,2743,0.07719164857591612,162,69,43151,43247,3284,1745,3131,4777,5003,3346,0,0,84984,0,0,139,8,0,0,0,0,0,7836,6487,505,0,0,0,0,0
413,5557,414.2057390849043,99959,226,135,27,10,5005,2761,0.0776918536600006,160,73,42998,42989,3308,1763,3279,5028,5268,3507,0,0,84516,0,0,143,11,0,0,0,0,0,8229,6525,535,0,0,0,0,0
414,5557,415.34760708215856,99959,234,141,27,10,5049,2785,0.07837213257435549,146,74,42849,42726,3314,1767,3428,5280,5542,3674,0,0,84057,0,0,145,12,0,0,0,0,0,8637,6541,567,0,0,0,0,0
415,5557,416.1110752337014,99959,238,141,27,10,5076,2802,0.07881231304834982,142,73,42696,42448,3305,1770,3590,5556,5826,3846,0,0,83599,0,0,141,16,0,0,0,0,0,9055,6547,601,0,0,0,0,0
416,5557,417.26113095190215,99958,226,144,28,10,5109,2829,0.07941335360851558,147,64,42523,42180,3318,1774,3756,5826,6119,4023,0,0,83093,0,0,142,16,0,0,0,0,0,9493,6581,633,0,0,0,0,0
417,5557,418.03049304069754,99958,227,141,28,10,5139,2842,0.07984353428439944,143,71,42358,41887,3318,1774,3924,6115,6422,4205,0,0,82604,0,0,143,17,0,0,0,0,0,9939,6584,671,0,0,0,0,0
418,5557,419.1897345808086,99958,235,133,28,10,5181,2856,0.08040376958322495,135,76,42202,41601,3316,1780,4082,6398,6734,4392,0,0,82093,0,0,143,18,0,0,0,0,0,10395,6596,713,0,0,0,0,0
419,5557,420.3533658141873,99958,261,143,28,10,5232,2884,0.0811941015226395,162,99,41979,41270,3314,1785,4254,6691,7056,4585,0,0,81567,3,0,143,19,0,0,0,0,0,10879,6604,743,0,0,0,0,0
420,5557,421.3093840380443,99958,271,149,28,10,5279,2914,0.08196442505852458,176,101,41766,40955,3326,1787,4431,6996,7387,4783,0,0,81019,59,3,144,20,0,0,0,0,0,11368,6566,779,0,0,0,0,0
421,5557,422.2699756704886,99958,275,149,28,10,5320,2935,0.08258468556793853,191,114,41555,40637,3331,1780,4618,7308,7727,4986,0,0,80471,105,11,147,21,0,0,0,0,0,11862,6522,819,0,0,0,0,0
422,5557,423.2350716717991,99958,291,161,28,10,5370,2968,0.08341503431441205,204,114,41330,40303,3340,1781,4805,7629,8077,5194,0,0,79900,155,14,149,21,0,0,0,0,0,12380,6483,856,0,0,0,0,0
423,5557,424.20499820953927,99957,291,172,29,10,5418,3002,0.08423622157527737,223,123,41112,39954,3356,1782,4987,7957,8436,5407,0,0,79305,209,21,157,22,0,0,0,0,0,12913,6443,887,0,0,0,0,0
424,5557,425.17978811660356,99957,318,184,29,10,5477,3032,0.08512660443990916,261,136,40855,39594,3358,1782,5177,8292,8804,5626,0,0,78707,253,24,157,25,0,0,0,0,0,13464,6410,917,0,0,0,0,0
425,5557,426.1598465004641,99957,340,192,29,10,5538,3069,0.08610702602118911,291,142,40605,39228,3353,1791,5380,8635,9180,5850,0,0,78104,305,38,157,27,0,0,0,0,0,14001,6361,964,0,0,0,0,0
426,5557,427.145365047532,99957,365,211,29,10,5618,3118,0.08739758095981272,297,140,40344,38859,3373,1798,5590,8980,9565,6079,0,0,77460,377,42,161,32,0,0,0,0,0,14569,6315,1001,0,0,0,0,0
427,5557,428.13667687832657,99957,389,215,29,10,5695,3154,0.0885280670688396,315,165,40078,38467,3389,1801,5798,9340,9958,6313,0,0,76818,441,59,163,34,0,0,0,0,0,15130,6264,1048,0,0,0,0,0
428,5557,429.13394095917585,99956,407,229,29,11,5771,3199,0.08973948537356437,356,183,39807,38075,3398,1802,6001,9698,10360,6551,0,0,76155,510,74,167,34,0,0,0,0,0,15708,6213,1095,0,0,0,0,0
429,5557,430.137202460493,99955,437,250,30,11,5863,3252,0.09119103596618479,374,183,39527,37671,3419,1808,6211,10075,10770,6794,0,0,75483,584,86,171,36,0,0,0,0,0,16292,6153,1150,0,0,0,0,0
430,5557,431.14700210013103,99955,468,264,30,11,5959,3305,0.09268170676804562,392,194,39225,37262,3459,1826,6424,10441,11187,7042,0,0,74774,670,100,175,36,0,0,0,0,0,16901,6107,1192,0,0,0,0,0
431,5557,432.16352331731946,99955,487,267,30,11,6052,3351,0.09407233254964734,411,213,38927,36852,3505,1840,6638,10815,11612,7294,0,0,74051,761,119,181,37,0,0,0,0,0,17514,6056,1236,0,0,0,0,0
432,5557,433.18734860881614,99955,502,301,30,11,6149,3416,0.09569306187784503,448,217,38621,36432,3543,1842,6854,11195,12044,7551,0,0,73330,847,139,184,40,0,0,0,0,0,18129,5998,1288,0,0,0,0,0
433,5557,434.21855698280586,99954,532,322,31,11,6261,3470,0.09735478320027212,478,225,38315,36015,3579,1847,7063,11578,12482,7812,0,0,72597,934,159,191,40,0,0,0,0,0,18754,5937,1342,0,0,0,0,0
434,5557,435.25718713640936,99954,591,326,31,11,6396,3532,0.09932568981731596,487,232,37990,35583,3618,1875,7281,11971,12927,8077,0,0,71821,1038,180,197,42,0,0,0,0,0,19404,5893,1379,0,0,0,0,0
435,5557,436.30371702852256,99954,643,329,31,11,6528,3592,0.10124657342377494,524,254,37642,35140,3650,1902,7508,12362,13378,8346,0,0,71040,1149,203,200,42,0,0,0,0,0,20051,5840,1429,0,0,0,0,0
436,5557,437.006092185819,99954,674,353,31,11,6630,3644,0.1027872821497889,529,254,37338,34690,3676,1908,7750,12782,13835,8619,0,0,70294,1222,222,205,43,0,0,0,0,0,20704,5778,1486,0,0,0,0,0
437,5557,438.06924278936606,99954,706,353,31,11,6775,3714,0.10493827160493827,570,277,36976,34242,3745,1944,7970,13171,14297,8896,0,0,69473,1350,262,210,50,0,0,0,0,0,21355,5726,1528,0,0,0,0,0
438,5557,439.1416192251207,99952,765,366,33,11,6945,3783,0.10733151912918201,589,288,36607,33784,3808,1964,8196,13585,14764,9176,0,0,68656,1472,300,211,54,0,0,0,0,0,22010,5671,1578,0,0,0,0,0
439,5557,440.2235382173821,99951,836,388,34,11,7131,3861,0.10997388720473032,601,308,36235,33317,3868,1992,8424,13982,15235,9460,0,0,67838,1586,340,222,58,0,0,0,0,0,22672,5608,1627,0,0,0,0,0
440,5557,441.315347243368,99949,858,412,35,12,7298,3945,0.11248736855796457,639,342,35860,32832,3949,2015,8657,14385,15710,9747,0,0,66995,1726,395,227,61,0,0,0,0,0,23318,5543,1684,0,0,0,0,0
441,5557,442.04893608674456,99949,885,431,35,12,7408,4011,0.11424826661597415,677,349,35514,32355,3982,2032,8905,14819,16189,10037,0,0,66201,1812,430,232,65,0,0,0,0,0,23991,5477,1741,0,0,0,0,0
442,5557,443.16074610155357,99948,938,469,36,12,7604,4113,0.11723096009925162,696,363,35138,31882,4063,2059,9127,15213,16671,10330,0,0,65337,1960,478,236,70,0,0,0,0,0,24659,5413,1795,0,0,0,0,0
443,5557,444.2833526746079,99947,956,496,37,12,7791,4219,0.1201636867539796,739,378,34736,31393,4175,2105,9355,15614,17156,10625,0,0,64428,2142,530,246,72,0,0,0,0,0,25332,5350,1847,0,0,0,0,0
444,5557,445.0383191217863,99946,1022,505,38,12,7949,4277,0.12232605607027795,740,407,34372,30923,4216,2120,9610,16031,17643,10923,0,0,63604,2236,569,250,74,0,0,0,0,0,26021,5290,1902,0,0,0,0,0
445,5557,446.18373073567614,99945,1052,551,39,12,8162,4413,0.12581920056030818,810,392,33932,30458,4336,2164,9829,16421,18132,11223,0,0,62690,2416,640,263,78,0,0,0,0,0,26679,5221,1958,0,0,0,0,0
446,5557,447.34240430588636,99944,1104,566,40,12,8391,4519,0.12917233650844473,823,417,33529,29959,4440,2218,10062,16826,18623,11525,0,0,61774,2595,709,275,81,0,0,0,0,0,27342,5152,2016,0,0,0,0,0
447,5557,448.1219845068593,99941,1151,598,43,12,8551,4614,0.1317277193544191,861,417,33150,29489,4490,2236,10303,17246,19115,11829,0,0,60939,2699,769,275,88,0,0,0,0,0,28010,5082,2079,0,0,0,0,0
448,5557,449.30540193275147,99937,1159,603,45,14,8766,4731,0.1350550847033631,951,436,32703,29020,4634,2298,10506,17627,19607,12135,0,0,59984,2907,851,291,94,0,0,0,0,0,28668,5012,2130,0,0,0,0,0
449,5557,450.1023473929139,99937,1212,635,45,14,8964,4814,0.1378668561193552,939,450,32355,28562,4713,2306,10734,18031,20100,12442,0,0,59135,3012,922,301,100,0,0,0,0,0,29338,4945,2184,0,0,0,0,0
450,5557,451.3126363649142,99937,1308,663,45,14,9263,4954,0.1422596235628446,943,466,31939,28075,4836,2375,10927,18405,20592,12751,0,0,58212,3198,1024,310,112,0,0,0,0,0,29968,4871,2242,0,0,0,0,0
451,5557,452.1272100002176,99937,1357,681,45,14,9471,5046,0.14526151475429522,975,499,31534,27587,4924,2406,11163,18811,21084,13061,0,0,57329,3332,1111,317,116,0,0,0,0,0,30629,4811,2292,0,0,0,0,0
452,5557,453.3655070439535,99937,1410,727,45,14,9764,5214,0.14987442088515765,1034,527,31071,27108,5083,2473,11355,19149,21575,13371,0,0,56371,3539,1233,333,126,0,0,0,0,0,31251,4745,2339,0,0,0,0,0
453,5557,454.20007790956765,99937,1438,760,45,14,9980,5316,0.1530564255480953,1065,533,30670,26657,5200,2492,11580,19542,22064,13682,0,0,55485,3675,1329,342,134,0,0,0,0,0,31897,4686,2389,0,0,0,0,0
454,5557,455.04500411128305,99937,1477,792,45,14,10191,5439,0.156398531074577,1096,559,30281,26184,5292,2533,11807,19916,22551,13994,0,0,54608,3810,1430,356,142,0,0,0,0,0,32533,4615,2443,0,0,0,0,0
455,5557,456.32985379030504,99936,1528,846,45,15,10533,5622,0.1616534582132565,1169,590,29808,25710,5487,2607,11961,20230,23036,14306,0,0,53646,4016,1601,376,154,1,0,0,0,0,33109,4553,2480,0,0,0,0,0
456,5557,457.1962520002371,99936,1607,843,45,15,10780,5737,0.16527577649695804,1185,616,29397,25265,5586,2671,12178,20588,23519,14618,0,0,52748,4156,1721,390,159,1,0,0,0,0,33740,4502,2519,0,0,0,0,0
457,5557,458.0737436389259,99935,1659,850,46,15,11037,5864,0.16911992795316955,1199,629,28999,24820,5707,2724,12388,20960,23999,14930,0,0,51871,4314,1849,405,175,1,0,0,0,0,34325,4412,2583,0,0,0,0,0
458,5557,459.4102071427766,99934,1775,905,47,15,11460,6077,0.17548582064162346,1230,615,28514,24384,5893,2836,12539,21243,24475,15241,0,0,50878,4572,2011,426,188,1,0,0,0,0,34888,4338,2632,0,0,0,0,0
459,5557,460.3121472395742,99930,1803,933,51,15,11728,6229,0.17969578705093567,1257,625,28119,23935,6037,2914,12731,21576,24948,15552,0,0,49965,4750,2149,453,195,2,0,0,0,0,35473,4259,2684,0,0,0,0,0
460,5557,461.22571579315115,99926,1877,945,53,17,12033,6371,0.18417629045493666,1263,627,27708,23512,6176,2972,12921,21925,25417,15862,0,0,49102,4887,2331,461,214,2,0,0,0,0,36004,4196,2729,0,0,0,0,0
461,5557,462.1520924028151,99925,1925,958,54,17,12329,6527,0.18870152614460844,1242,640,27355,23095,6323,3034,13099,22254,25882,16171,0,0,48223,5046,2517,484,229,2,0,0,0,0,36530,4118,2776,0,0,0,0,0
462,5557,463.0902506372604,99925,1978,981,54,17,12639,6676,0.19329497122842132,1252,644,26944,22673,6486,3093,13284,22590,26342,16479,0,0,47306,5227,2663,501,247,2,0,0,0,0,37101,4067,2811,0,0,0,0,0
463,5557,464.0414577024748,99923,1969,981,55,18,12913,6818,0.19746204577524695,1333,669,26508,22274,6668,3159,13465,22897,26797,16786,0,0,46399,5417,2858,515,262,2,0,0,0,0,37612,4007,2851,0,0,0,0,0
464,5557,465.0071573345453,99921,1973,996,57,18,13218,6983,0.20216971407411854,1398,707,26073,21866,6872,3249,13625,23162,27248,17091,0,0,45473,5623,3043,538,280,3,0,0,0,0,38131,3945,2885,0,0,0,0,0
465,5557,466.4823779567116,99917,2079,1025,60,19,13718,7226,0.20961397960307054,1405,706,25597,21479,7138,3398,13719,23371,27693,17395,0,0,44499,5887,3300,577,302,3,0,0,0,0,38561,3862,2926,0,0,0,0,0
466,5557,467.4800232514915,99916,2105,1056,61,19,14061,7401,0.21480043236318508,1416,704,25180,21081,7335,3482,13901,23656,28133,17697,0,0,43596,6074,3513,604,316,5,0,0,0,0,39047,3809,2952,0,0,0,0,0
467,5557,468.4931979208433,99915,2155,1090,62,19,14415,7568,0.22001701446229294,1433,737,24757,20705,7536,3539,14055,23908,28567,17997,0,0,42719,6239,3706,644,329,5,0,0,0,0,39542,3745,2986,0,0,0,0,0
468,5557,469.00455786489044,99915,2174,1132,62,19,14580,7677,0.22275934544362708,1450,714,24443,20350,7601,3536,14268,24247,28996,18295,0,0,42007,6277,3856,645,344,6,0,0,0,0,40061,3689,3030,0,0,0,0,0
469,5557,470.0467823703076,99915,2208,1155,62,19,14939,7857,0.22815393084121502,1468,733,24052,19972,7810,3618,14398,24501,29419,18591,0,0,41135,6457,4082,669,369,6,0,0,0,0,40503,3635,3059,0,0,0,0,0
470,5557,471.1050700743396,99912,2214,1167,64,20,15308,8053,0.23381575786692288,1474,742,23673,19624,8033,3720,14540,24725,29836,18885,0,0,40262,6647,4353,701,395,6,0,0,0,0,40887,3572,3089,0,0,0,0,0
471,5557,472.1798608796156,99910,2323,1193,65,21,15758,8261,0.24040636572915625,1399,730,23282,19297,8254,3825,14675,24932,30246,19176,0,0,39389,6866,4582,724,422,8,0,0,0,0,41293,3499,3127,0,0,0,0,0
472,5557,473.2719541085228,99906,2340,1237,69,21,16146,8471,0.24640161752046924,1477,708,22867,18972,8451,3918,14794,25142,30650,19465,0,0,38551,7044,4836,756,454,10,0,0,0,0,41663,3429,3163,0,0,0,0,0
473,5557,474.3819348592452,99904,2373,1257,71,21,16571,8670,0.2526525464445868,1491,700,22478,18696,8689,4005,14896,25319,31048,19751,0,0,37700,7243,5096,798,480,13,0,0,0,0,42021,3350,3203,0,0,0,0,0
474,5557,475.5106872136651,99898,2448,1238,76,22,17021,8879,0.2592644497387335,1409,727,22148,18399,8906,4146,15011,25466,31439,20035,0,0,36843,7456,5383,828,517,14,0,0,0,0,42344,3285,3228,0,0,0,0,0
475,5557,476.080455844102,99898,2475,1222,76,22,17219,8978,0.26223748223187654,1454,733,21861,18109,8946,4172,15186,25740,31824,20316,0,0,36205,7471,5604,839,537,15,0,0,0,0,42730,3230,3267,0,0,0,0,0
476,5557,477.2406729631493,99895,2513,1239,78,23,17669,9220,0.269172631262826,1439,738,21477,17784,9210,4320,15281,25894,32202,20594,0,0,35354,7700,5899,865,580,16,0,0,0,0,43019,3165,3297,0,0,0,0,0
477,5557,478.4205595403686,99894,2515,1272,79,23,18117,9443,0.2758924459927523,1396,754,21169,17489,9485,4421,15354,26039,32573,20869,0,0,34512,7921,6193,895,623,18,0,0,0,0,43304,3107,3321,0,0,0,0,0
478,5557,479.01636238450175,99894,2547,1257,79,23,18318,9543,0.2789056399783771,1391,774,20891,17170,9544,4474,15546,26300,32938,21141,0,0,33868,7969,6380,908,643,18,0,0,0,0,43697,3053,3358,0,0,0,0,0
479,5557,480.2293845617117,99890,2533,1306,83,23,18760,9800,0.2859145059565522,1400,735,20567,16913,9821,4594,15594,26427,33296,21409,0,0,33063,8167,6695,956,692,20,0,0,0,0,43940,2983,3374,0,0,0,0,0
480,5557,481.46208513343504,99890,2529,1281,83,23,19229,10023,0.2928421263389729,1351,725,20255,16658,10122,4744,15658,26567,33647,21674,0,0,32262,8363,7063,995,749,23,0,0,0,0,44123,2932,3380,0,0,0,0,0
481,5557,482.0842206118056,99889,2519,1273,84,23,19444,10135,0.2961186917478401,1355,725,20005,16397,10214,4788,15821,26792,33991,21936,0,0,31651,8403,7288,1016,784,23,0,0,0,0,44445,2875,3404,0,0,0,0,0
482,5557,483.3522889788745,99888,2509,1264,84,24,19894,10347,0.30274907896844466,1363,740,19717,16146,10480,4924,15845,26900,34329,22195,0,0,30853,8616,7611,1058,829,24,0,0,0,0,44655,2816,3426,0,0,0,0,0
483,5557,484.6390510600294,99887,2515,1295,85,24,20340,10594,0.3096899496430967,1385,702,19390,15918,10729,5044,15894,27015,34660,22450,0,0,30130,8773,7945,1099,884,27,0,0,0,0,44829,2749,3451,0,0,0,0,0
484,5557,485.2889995118131,99887,2526,1298,85,24,20594,10712,0.31341415799853833,1361,706,19174,15685,10831,5067,16021,27218,34984,22702,0,0,29565,8796,8205,1122,906,27,0,0,0,0,45086,2687,3493,0,0,0,0,0
485,5557,486.61261045097154,99886,2531,1275,85,25,21077,10937,0.3205053761287868,1305,709,18913,15496,11115,5225,16049,27268,35301,22950,0,0,28816,8995,8563,1169,968,27,0,0,0,0,45220,2623,3505,0,0,0,0,0
486,5557,487.28114418087387,99885,2484,1272,85,26,21282,11063,0.3238223957551184,1314,697,18686,15271,11228,5275,16201,27457,35612,23195,0,0,28262,9023,8813,1179,1014,30,0,0,0,0,45457,2580,3527,0,0,0,0,0
487,5557,488.6401129424722,99884,2427,1250,86,26,21727,11275,0.3304032677906371,1316,699,18440,15099,11516,5414,16213,27510,35916,23436,0,0,27550,9161,9201,1239,1069,33,0,0,0,0,45562,2540,3529,0,0,0,0,0
488,5557,489.32567476042783,99882,2475,1233,88,26,21982,11381,0.3340241484952244,1294,719,18218,14898,11582,5461,16341,27661,36214,23674,0,0,27064,9147,9453,1258,1102,34,0,0,0,0,45773,2484,3567,0,0,0,0,0
489,5557,490.0191177982674,99882,2454,1257,88,26,22222,11522,0.3378386496065357,1258,721,18048,14684,11678,5504,16472,27806,36505,23908,0,0,26540,9173,9703,1273,1146,35,0,0,0,0,45981,2441,3590,0,0,0,0,0
490,5557,491.4293812412163,99880,2407,1260,90,26,22679,11775,0.3449539447336804,1245,729,17794,14518,11973,5654,16489,27811,36790,24139,0,0,25860,9339,10084,1335,1200,41,0,0,0,0,46039,2372,3610,0,0,0,0,0
491,5557,492.1402947907782,99879,2345,1242,91,26,22861,11895,0.3479810570790657,1298,720,17600,14348,12084,5708,16580,27954,37069,24366,0,0,25351,9363,10347,1341,1249,44,0,0,0,0,46227,2344,3613,0,0,0,0,0
492,5557,493.5868191629989,99877,2296,1222,92,27,23340,12122,0.35505671976531133,1236,722,17381,14209,12388,5857,16605,27961,37341,24589,0,0,24699,9514,10736,1396,1325,47,0,0,0,0,46245,2291,3624,0,0,0,0,0
493,5557,494.316227162469,99876,2309,1229,93,27,23579,12256,0.358794905683047,1197,699,17238,14052,12471,5898,16690,28093,37607,24809,0,0,24228,9510,10987,1413,1364,48,0,0,0,0,46424,2259,3643,0,0,0,0,0
494,5557,495.05373930532477,99876,2284,1212,93,27,23805,12371,0.36220913933277266,1189,701,17092,13873,12563,5955,16777,28230,37867,25025,0,0,23751,9533,11225,1428,1421,48,0,0,0,0,46594,2218,3658,0,0,0,0,0
495,5557,496.5482254331572,99872,2231,1231,95,29,24241,12649,0.3693727971803909,1146,651,16909,13765,12848,6117,16769,28205,38121,25238,0,0,23155,9647,11644,1470,1499,50,0,0,0,0,46576,2181,3650,0,0,0,0,0
496,5557,497.3006268893957,99871,2194,1203,96,29,24442,12769,0.3725906419280872,1147,636,16762,13627,12931,6183,16868,28320,38369,25447,0,0,22717,9653,11882,1488,1559,51,0,0,0,0,46712,2134,3675,0,0,0,0,0
497,5557,498.06026719406674,99870,2191,1186,97,29,24681,12891,0.37620907179333135,1112,606,16611,13519,13022,6222,16965,28436,38611,25652,0,0,22304,9664,12176,1484,1601,56,0,0,0,0,46793,2092,3700,0,0,0,0,0
498,5557,499.5804188295145,99870,2134,1155,97,29,25100,13113,0.3826274156403324,1128,609,16460,13450,13293,6372,16886,28383,38848,25854,0,0,21735,9788,12530,1542,1682,61,0,0,0,0,46784,2038,3710,0,0,0,0,0
499,5557,500.34470576046243,99869,2123,1145,97,30,25326,13225,0.38601568054150937,1076,599,16343,13339,13378,6412,16981,28473,39079,26052,0,0,21326,9792,12766,1558,1731,63,0,0,0,0,46905,1995,3733,0,0,0,0,0
500,5557,501.1069279461337,99868,2089,1131,98,30,25526,13338,0.389153682861377,1087,592,16223,13204,13451,6466,17050,28575,39304,26247,0,0,20941,9789,13021,1564,1785,65,0,0,0,0,46997,1952,3754,0,0,0,0,0
501,5557,502.6212977586775,99865,2065,1084,100,31,25968,13548,0.3956941871526561,1032,578,16076,13143,13704,6626,17021,28536,39524,26438,0,0,20414,9897,13413,1602,1867,70,0,0,0,0,46936,1916,3750,0,0,0,0,0
502,5557,503.3825998548852,99862,2044,1066,103,31,26166,13654,0.39875027538002444,1006,566,15944,13014,13782,6682,17119,28639,39739,26626,0,0,20032,9891,13650,1616,1909,74,0,0,0,0,47042,1882,3766,0,0,0,0,0
503,5557,504.14060688719115,99860,2043,1061,105,31,26371,13761,0.40188263568996596,963,555,15839,12903,13839,6719,17209,28729,39949,26811,0,0,19675,9862,13889,1640,1945,75,0,0,0,0,47145,1845,3784,0,0,0,0,0
504,5557,505.6454136992125,99857,1953,1040,108,31,26702,13975,0.40735251409515605,956,541,15724,12886,14057,6843,17200,28657,40153,26992,0,0,19203,9939,14227,1682,2030,81,0,0,0,0,47109,1804,3782,0,0,0,0,0
505,5557,506.40077043210414,99857,1961,1051,108,31,26906,14088,0.41052705368677206,906,520,15616,12800,14132,6857,17275,28739,40352,27170,0,0,18865,9913,14454,1700,2065,84,0,0,0,0,47209,1772,3795,0,0,0,0,0
506,5557,507.152778609618,99855,1967,1042,109,32,27103,14175,0.41337940013018876,864,514,15516,12735,14198,6879,17344,28796,40546,27344,0,0,18558,9883,14665,1710,2111,87,0,0,0,0,47292,1729,3820,0,0,0,0,0
507,5557,508.648350365873,99853,1881,1003,111,32,27439,14363,0.41863539402922295,796,503,15457,12707,14419,7012,17334,28741,40736,27515,0,0,18146,9924,15025,1741,2205,94,0,0,0,0,47205,1696,3817,0,0,0,0,0
508,5557,509.3989893468557,99852,1800,980,112,32,27563,14464,0.4208929215238553,810,482,15394,12619,14479,7069,17403,28816,40921,27683,0,0,17829,9889,15282,1760,2242,97,0,0,0,0,47258,1673,3822,0,0,0,0,0
509,5557,510.14739039794193,99852,1748,964,112,32,27703,14551,0.4231662861034331,827,463,15299,12566,14541,7095,17471,28878,41101,27848,0,0,17538,9854,15498,1761,2296,104,0,0,0,0,47324,1652,3825,0,0,0,0,0
510,5557,511.6373785389663,99851,1665,929,113,32,28006,14715,0.4278474927642187,803,447,15254,12590,14730,7195,17433,28805,41277,28009,0,0,17167,9867,15826,1801,2384,111,0,0,0,0,47258,1627,3810,0,0,0,0,0
511,5557,512.3858738133057,99851,1626,912,113,32,28158,14802,0.43024105917817546,754,435,15197,12519,14806,7238,17502,28862,41448,28167,0,0,16860,9864,16024,1798,2432,116,0,0,0,0,47328,1608,3821,0,0,0,0,0
512,5557,513.1324010468393,99851,1602,891,113,32,28280,14876,0.43220398393606474,742,421,15137,12460,14839,7267,17565,28927,41615,28322,0,0,16586,9828,16210,1800,2476,117,0,0,0,0,47415,1589,3830,0,0,0,0,0
513,5557,514.6190634022853,99851,1532,879,113,32,28559,15045,0.4366906690969545,701,390,15125,12488,14996,7370,17531,28839,41778,28474,0,0,16258,9855,16518,1822,2556,126,0,0,0,0,47335,1551,3830,0,0,0,0,0
514,5557,515.3650457299369,99849,1495,841,113,34,28676,15102,0.4384420474917125,680,379,15077,12436,15032,7411,17601,28897,41937,28623,0,0,16007,9813,16696,1830,2602,130,0,0,0,0,47401,1525,3845,0,0,0,0,0
515,5557,516.1098137995435,99848,1447,788,114,34,28792,15154,0.44012899607403255,673,386,15040,12403,15055,7446,17669,28941,42092,28769,0,0,15762,9768,16896,1834,2654,134,0,0,0,0,47443,1509,3848,0,0,0,0,0
516,5557,517.5926263504481,99844,1374,755,118,34,29035,15279,0.44383237851047636,623,387,15027,12402,15198,7505,17658,28915,42243,28912,0,0,15456,9769,17165,1863,2732,137,0,0,0,0,47393,1483,3846,0,0,0,0,0
517,5557,518.3370269264175,99844,1334,751,118,34,29142,15343,0.4455450502784344,627,375,14995,12397,15215,7502,17709,28939,42390,29052,0,0,15226,9725,17340,1870,2765,141,0,0,0,0,47458,1462,3857,0,0,0,0,0
518,5557,519.0789354812125,99842,1320,755,120,34,29254,15422,0.4474669978566134,612,362,14955,12355,15227,7517,17764,28975,42533,29190,0,0,15019,9671,17517,1872,2801,145,0,0,0,0,47509,1440,3868,0,0,0,0,0
519,5557,520.5571931276797,99841,1242,741,121,34,29474,15556,0.45101711721637405,573,323,14965,12383,15349,7585,17748,28932,42673,29325,0,0,14747,9657,17760,1896,2891,149,0,0,0,0,47463,1420,3858,0,0,0,0,0
520,5557,521.2994148338764,99841,1230,730,121,34,29579,15616,0.45266974489438205,549,325,14918,12370,15363,7593,17817,28946,42809,29457,0,0,14563,9591,17941,1890,2930,153,0,0,0,0,47503,1405,3865,0,0,0,0,0
521,5557,522.0393618702863,99841,1201,699,121,34,29696,15669,0.4543724521989964,527,310,14903,12346,15389,7616,17857,28993,42942,29586,0,0,14372,9540,18126,1896,2973,157,0,0,0,0,47521,1379,3877,0,0,0,0,0
522,5557,523.5131531662067,99841,1132,676,121,34,29894,15790,0.4575675323764786,510,267,14925,12406,15492,7689,17818,28926,43071,29713,0,0,14125,9517,18356,1925,3042,166,0,0,0,0,47477,1360,3873,0,0,0,0,0
523,5557,524.2536308334592,99840,1092,654,122,34,29993,15833,0.45899439102564105,504,251,14896,12405,15522,7704,17862,28950,43197,29837,0,0,13936,9471,18520,1921,3089,168,0,0,0,0,47511,1346,3878,0,0,0,0,0
524,5557,525.7302908881021,99839,1052,600,122,35,30182,15919,0.46175342301104777,474,235,14934,12456,15583,7776,17833,28896,43320,29959,0,0,13713,9437,18732,1944,3167,171,0,0,0,0,47477,1331,3867,0,0,0,0,0
525,5557,526.4718672512026,99839,1040,566,122,35,30276,15966,0.4631656967718026,459,226,14936,12452,15572,7796,17869,28923,43440,30078,0,0,13552,9368,18903,1953,3201,172,0,0,0,0,47498,1311,3881,0,0,0,0,0
526,5557,527.2116238053903,99839,1024,561,122,35,30357,16010,0.46441771251715264,450,215,14922,12437,15566,7789,17914,28961,43557,30195,0,0,13380,9310,19034,1963,3224,178,0,0,0,0,47569,1297,3884,0,0,0,0,0
527,5557,528.6873773818261,99839,971,497,122,35,30519,16077,0.46671140536263384,421,214,14978,12509,15622,7847,17884,28896,43671,30309,0,0,13187,9278,19246,1970,3298,183,0,0,0,0,47513,1283,3881,0,0,0,0,0
528,5557,529.427493903562,99839,949,477,122,35,30602,16113,0.46790332435220705,388,217,15006,12522,15611,7844,17922,28903,43782,30421,0,0,13031,9227,19375,1973,3329,190,0,0,0,0,47555,1265,3894,0,0,0,0,0
529,5557,530.1667778921797,99837,912,462,124,35,30679,16152,0.4690745915842824,396,212,15004,12519,15633,7855,17929,28915,43890,30530,0,0,12860,9181,19518,1982,3350,195,0,0,0,0,47599,1254,3898,0,0,0,0,0
530,5557,531.6432828541862,99837,898,442,124,35,30840,16238,0.4715486242575398,365,172,15053,12585,15661,7885,17897,28879,43995,30637,0,0,12673,9164,19682,1990,3409,200,0,0,0,0,47584,1236,3899,0,0,0,0,0
531,5557,532.3847835057179,99837,876,431,124,35,30918,16269,0.47264040385828904,351,171,15041,12612,15666,7874,17940,28875,44097,30742,0,0,12515,9131,19799,1982,3445,201,0,0,0,0,47631,1227,3906,0,0,0,0,0
532,5557,533.1249640101428,99837,842,425,124,35,30976,16310,0.47363202019291445,350,158,15044,12621,15649,7862,17989,28897,44197,30845,0,0,12384,9080,19930,1976,3480,204,0,0,0,0,47659,1211,3913,0,0,0,0,0
533,5557,534.6008310301011,99837,812,394,124,35,31117,16360,0.47554513857587866,323,154,15142,12713,15647,7879,17950,28823,44294,30946,0,0,12213,9058,20086,1980,3535,206,0,0,0,0,47645,1198,3916,0,0,0,0,0
534,5557,535.3408689763073,99837,785,376,124,35,31174,16392,0.47643659164438035,321,143,15157,12719,15624,7881,17987,28844,44389,31044,0,0,12070,9020,20208,1974,3567,207,0,0,0,0,47683,1191,3917,0,0,0,0,0
535,5557,536.0801949485151,99837,748,358,124,35,31234,16419,0.4773080120596572,313,146,15176,12721,15629,7882,18008,28856,44481,31140,0,0,11944,8963,20322,1978,3597,213,0,0,0,0,47716,1179,3925,0,0,0,0,0
536,5557,537.5561170263132,99837,705,354,124,35,31356,16484,0.479181065136172,290,137,15247,12802,15640,7879,17992,28791,44571,31234,0,0,11795,8929,20474,1983,3646,218,0,0,0,0,47700,1168,3924,0,0,0,0,0
537,5557,538.2960607481422,99837,687,339,124,35,31405,16511,0.4799423059587127,283,131,15254,12825,15625,7867,18025,28801,44659,31326,0,0,11659,8897,20578,1980,3666,220,0,0,0,0,47748,1159,3930,0,0,0,0,0
538,5557,539.0350594397644,99836,664,291,124,36,31450,16522,0.48050803317440605,285,141,15274,12866,15598,7859,18053,28805,44744,31416,0,0,11546,8847,20671,1974,3713,221,0,0,0,0,47779,1151,3934,0,0,0,0,0
539,5557,540.5101421845023,99834,620,288,126,36,31556,16568,0.4820401867099385,267,136,15375,12969,15611,7847,17999,28722,44827,31504,0,0,11384,8835,20785,1984,3749,225,0,0,0,0,47797,1142,3933,0,0,0,0,0
540,5557,541.250312287017,99833,590,274,127,36,31597,16593,0.4827061192190959,267,130,15386,13000,15587,7836,18041,28722,44908,31591,0,0,11283,8787,20884,1979,3780,229,0,0,0,0,47820,1130,3941,0,0,0,0,0
541,5557,542.7286669504256,99832,554,269,128,36,31686,16640,0.48407324304832117,259,120,15497,13128,15563,7817,17997,28628,44987,31676,0,0,11155,8757,21018,1982,3815,230,0,0,0,0,47811,1120,3944,0,0,0,0,0
542,5557,543.4702660164015,99832,553,265,128,36,31730,16667,0.4847844378555974,248,106,15518,13155,15535,7822,18016,28614,45064,31759,0,0,11051,8710,21096,1980,3834,234,0,0,0,0,47865,1112,3950,0,0,0,0,0
543,5557,544.2109621146534,99832,555,261,128,36,31774,16690,0.4854555653497876,240,96,15515,13182,15505,7811,18055,28612,45139,31840,0,0,10939,8677,21154,1974,3859,237,0,0,0,0,47933,1107,3952,0,0,0,0,0
544,5557,545.6896122771803,99832,537,234,128,36,31853,16726,0.4866075006010097,227,94,15606,13298,15472,7818,18028,28518,45212,31920,0,0,10835,8634,21285,1979,3891,239,0,0,0,0,47918,1096,3955,0,0,0,0,0
545,5557,546.4304503898676,99832,516,235,128,36,31894,16741,0.48716844298421347,215,96,15630,13334,15454,7789,18055,28508,45284,31998,0,0,10737,8594,21362,1976,3909,244,0,0,0,0,47965,1088,3957,0,0,0,0,0
546,5557,547.1705054260858,99832,500,237,128,36,31933,16762,0.48776945268050326,230,87,15649,13373,15428,7767,18063,28498,45354,32074,0,0,10652,8542,21447,1975,3925,249,0,0,0,0,48000,1081,3961,0,0,0,0,0
547,5557,548.6486316322706,99832,465,227,128,36,32002,16792,0.4887611186793814,220,85,15769,13493,15402,7747,18014,28410,45422,32149,0,0,10550,8506,21541,1976,3960,255,0,0,0,0,48007,1074,3963,0,0,0,0,0
548,5557,549.3906215713615,99831,436,215,129,36,32031,16805,0.4891867255662069,220,94,15815,13549,15372,7731,18026,28373,45488,32222,0,0,10455,8471,21615,1973,3979,259,0,0,0,0,48044,1068,3967,0,0,0,0,0
549,5557,550.1319721559618,99831,435,206,129,36,32071,16819,0.4897276397111118,205,97,15861,13588,15331,7710,18037,28361,45553,32293,0,0,10374,8425,21684,1968,4005,260,0,0,0,0,48086,1062,3967,0,0,0,0,0
550,5557,551.6138939595398,99831,414,183,129,36,32143,16845,0.49070929871482805,161,98,15995,13704,15301,7709,17998,28268,45616,32363,0,0,10284,8393,21780,1966,4044,262,0,0,0,0,48080,1049,3973,0,0,0,0,0
551,5557,552.3572254206474,99831,403,180,129,36,32173,16861,0.49117007743085817,150,95,16030,13742,15272,7691,18014,28254,45677,32431,0,0,10209,8349,21855,1962,4061,264,0,0,0,0,48111,1044,3976,0,0,0,0,0
552,5557,553.100250837189,99831,385,178,129,36,32199,16877,0.49159078843245085,148,92,16078,13789,15238,7667,18020,28236,45737,32498,0,0,10136,8310,21918,1958,4084,266,0,0,0,0,48146,1032,3981,0,0,0,0,0
553,5557,554.5853213213095,99831,357,178,129,36,32246,16907,0.4923620919353708,139,83,16194,13906,15208,7642,17971,28153,45795,32564,0,0,10034,8289,21975,1958,4107,275,0,0,0,0,48185,1030,3978,0,0,0,0,0
554,5557,555.3304323027455,99831,343,178,129,36,32270,16925,0.49278280293696347,144,77,16248,13939,15166,7622,17968,28146,45852,32628,0,0,9962,8253,22030,1957,4121,279,0,0,0,0,48222,1019,3988,0,0,0,0,0
555,5557,556.075296253078,99831,328,168,129,36,32295,16939,0.4931734631527281,139,77,16291,13975,15131,7616,17980,28126,45908,32691,0,0,9882,8229,22077,1952,4142,283,0,0,0,0,48263,1008,3995,0,0,0,0,0
556,5557,557.5651847530639,99831,307,161,129,36,32346,16962,0.49391471586982,133,76,16397,14086,15094,7603,17938,28036,45962,32753,0,0,9806,8200,22158,1954,4162,287,0,0,0,0,48266,996,4002,0,0,0,0,0
557,5557,558.3124712896642,99831,286,152,129,36,32364,16974,0.4942152237281005,135,73,16432,14131,15068,7586,17948,28020,46015,32813,0,0,9730,8171,22213,1952,4181,288,0,0,0,0,48302,990,4004,0,0,0,0,0
558,5557,559.059270003212,99831,262,145,129,36,32379,16982,0.4944456130861155,135,80,16483,14194,15031,7566,17958,27977,46067,32872,0,0,9671,8134,22273,1943,4201,291,0,0,0,0,48325,983,4010,0,0,0,0,0
559,5557,560.552251593789,99831,248,143,129,36,32430,17008,0.4952169165890355,111,70,16593,14338,14999,7540,17918,27871,46117,32930,0,0,9601,8104,22346,1943,4221,297,0,0,0,0,48332,977,4010,0,0,0,0,0
560,5557,561.3006822103999,99831,248,148,129,36,32455,17033,0.49571776301950293,105,55,16630,14390,14965,7524,17921,27845,46166,32987,0,0,9534,8075,22404,1939,4233,298,0,0,0,0,48364,971,4013,0,0,0,0,0
561,5557,562.0490796328017,99831,239,145,129,36,32472,17043,0.4959882200919554,100,53,16690,14450,14913,7498,17927,27816,46214,33042,0,0,9479,8037,22465,1934,4245,300,0,0,0,0,48390,967,4014,0,0,0,0,0
562,5557,563.5456602629724,99830,216,141,130,36,32504,17070,0.49658419312831814,100,42,16812,14594,14847,7478,17893,27707,46261,33096,0,0,9416,8006,22529,1930,4272,303,0,0,0,0,48397,963,4014,0,0,0,0,0
563,5557,564.2957463890336,99830,216,140,130,36,32528,17081,0.4969347891415406,95,40,16860,14649,14809,7458,17888,27675,46307,33149,0,0,9363,7971,22577,1926,4285,305,0,0,0,0,48426,957,4020,0,0,0,0,0
564,5557,565.0456383489761,99830,225,135,130,36,32555,17088,0.4972753681258139,87,37,16920,14700,14751,7437,17885,27653,46352,33201,0,0,9317,7925,22628,1925,4297,307,0,0,0,0,48456,954,4021,0,0,0,0,0
565,5557,566.5460789197996,99830,216,118,130,36,32587,17100,0.49771611739957927,83,47,17020,14846,14694,7415,17855,27536,46396,33252,0,0,9260,7892,22690,1927,4315,308,0,0,0,0,48466,947,4025,0,0,0,0,0
566,5557,567.2978542627551,99830,203,114,130,36,32603,17110,0.49797656015225883,84,42,17060,14917,14668,7393,17853,27496,46438,33302,0,0,9207,7856,22741,1928,4327,309,0,0,0,0,48491,943,4028,0,0,0,0,0
567,5557,568.0495471705242,99830,196,108,130,36,32625,17113,0.4982269858759892,78,54,17114,14967,14640,7367,17840,27466,46479,33351,0,0,9148,7833,22782,1925,4337,312,0,0,0,0,48524,939,4030,0,0,0,0,0
568,5557,569.5540103573677,99829,166,106,131,36,32648,17136,0.49869276462751305,81,40,17232,15129,14590,7345,17798,27342,46519,33399,0,0,9097,7805,22860,1916,4358,313,0,0,0,0,48513,938,4029,0,0,0,0,0
569,5557,570.3091578749575,99829,173,109,131,36,32670,17145,0.49900329563553675,68,35,17291,15196,14540,7316,17795,27306,46559,33446,0,0,9051,7775,22900,1908,4368,316,0,0,0,0,48546,935,4030,0,0,0,0,0
570,5557,571.0637610729922,99829,166,100,131,36,32687,17150,0.4992236724799407,55,39,17353,15253,14497,7298,17796,27272,46598,33492,0,0,9006,7742,22946,1907,4381,317,0,0,0,0,48566,930,4034,0,0,0,0,0
571,5557,572.5734498361991,99829,156,87,131,36,32710,17158,0.4995342034879644,58,38,17490,15411,14429,7266,17734,27160,46636,33537,0,0,8960,7713,22990,1900,4406,319,0,0,0,0,48581,929,4031,0,0,0,0,0
572,5557,573.3305960555841,99829,146,87,131,36,32725,17166,0.4997645974616594,52,40,17549,15462,14397,7244,17723,27129,46673,33581,0,0,8915,7692,23015,1892,4430,319,0,0,0,0,48609,922,4035,0,0,0,0,0
573,5557,574.0882680539246,99829,146,88,131,36,32735,17178,0.49998497430606337,53,31,17609,15534,14353,7223,17706,27086,46709,33624,0,0,8871,7667,23047,1889,4439,320,0,0,0,0,48640,916,4040,0,0,0,0,0
574,5557,575.6055446758977,99829,132,85,131,36,32754,17188,0.500275471055505,58,28,17737,15679,14300,7185,17640,26985,46744,33666,0,0,8822,7647,23082,1886,4457,320,0,0,0,0,48662,907,4046,0,0,0,0,0
575,5557,576.3661609032293,99829,136,86,131,36,32767,17194,0.5004657965120356,54,27,17797,15745,14251,7157,17629,26947,46778,33707,0,0,8786,7619,23115,1879,4469,320,0,0,0,0,48689,903,4049,0,0,0,0,0
576,5557,577.1239448223143,99829,132,87,131,36,32773,17200,0.5005860020635287,57,26,17860,15793,14197,7133,17621,26923,46811,33748,0,0,8748,7588,23150,1874,4476,322,0,0,0,0,48719,902,4050,0,0,0,0,0
577,5557,578.6317323460927,99829,124,87,131,36,32797,17212,0.5009466187180078,47,25,17980,15926,14153,7101,17563,26823,46844,33788,0,0,8696,7572,23188,1873,4486,324,0,0,0,0,48740,898,4052,0,0,0,0,0
578,5557,579.3812708234506,99829,119,78,131,36,32803,17214,0.5010267557523365,50,26,18032,15982,14113,7088,17553,26788,46876,33827,0,0,8652,7556,23220,1867,4493,326,0,0,0,0,48767,893,4055,0,0,0,0,0
579,5557,580.1289563524683,99829,115,77,131,36,32810,17220,0.5011569784331207,50,30,18080,16043,14077,7067,17545,26745,46907,33865,0,0,8617,7531,23247,1861,4507,326,0,0,0,0,48793,889,4058,0,0,0,0,0
580,5557,581.6181623555873,99829,116,78,131,36,32833,17230,0.5014875436997265,41,27,18215,16191,13999,7030,17496,26636,46937,33902,0,0,8580,7520,23281,1847,4519,330,0,0,0,0,48805,884,4063,0,0,0,0,0
581,5557,582.359192673933,99829,110,72,131,36,32842,17234,0.5016177663805107,37,30,18258,16260,13973,7014,17489,26586,46967,33939,0,0,8539,7502,23318,1842,4526,331,0,0,0,0,48825,881,4065,0,0,0,0,0
582,5557,583.0973649320421,99829,101,73,131,36,32848,17238,0.5017179376734215,39,30,18311,16330,13936,6995,17480,26534,46996,33975,0,0,8492,7493,23337,1837,4535,332,0,0,0,0,48859,878,4066,0,0,0,0,0
583,5557,584.5683401790726,99829,106,75,131,36,32872,17247,0.5020485029400275,28,30,18447,16470,13865,6959,17421,26428,47024,34010,0,0,8453,7471,23375,1836,4539,333,0,0,0,0,48878,877,4067,0,0,0,0,0
584,5557,585.2995889046616,99829,100,76,131,36,32879,17253,0.5021787256208116,30,29,18492,16517,13828,6940,17417,26400,47052,34044,0,0,8424,7449,23404,1829,4552,333,0,0,0,0,48895,873,4070,0,0,0,0,0
585,5557,586.0286483817817,99829,94,80,131,36,32885,17260,0.5023089483015958,30,24,18542,16586,13787,6923,17414,26349,47079,34078,0,0,8390,7428,23431,1827,4559,333,0,0,0,0,48920,868,4073,0,0,0,0,0
586,5557,587.4813682590328,99829,91,79,131,36,32888,17267,0.5024091195945066,36,20,18601,16646,13746,6910,17393,26307,47106,34111,0,0,8359,7408,23459,1821,4567,334,0,0,0,0,48941,865,4075,0,0,0,0,0
587,5557,588.39439209583,99827,86,70,133,36,32898,17275,0.5025994971300349,41,24,18723,16789,13665,6890,17350,26189,47132,34143,0,0,8324,7390,23494,1819,4575,335,0,0,0,0,48952,861,4077,0,0,0,0,0
588,5557,589.114920247381,99827,87,66,133,36,32908,17280,0.502749757079748,40,22,18764,16851,13638,6872,17336,26151,47157,34175,0,0,8291,7372,23528,1816,4579,335,0,0,0,0,48968,858,4080,0,0,0,0,0
589,5557,590.5501494873505,99827,78,70,133,36,32914,17286,0.5028699650395184,36,19,18835,16908,13596,6852,17320,26113,47182,34206,0,0,8262,7349,23552,1816,4586,336,0,0,0,0,48990,854,4082,0,0,0,0,0
590,5557,591.1008844612478,99826,76,63,133,37,32923,17290,0.5030052290986317,35,17,18927,17019,13534,6830,17293,26032,47206,34237,0,0,8232,7335,23579,1808,4599,336,0,0,0,0,49003,851,4083,0,0,0,0,0
591,5557,592.1422341390049,99826,74,60,133,37,32926,17293,0.5030653336806042,34,18,18970,17053,13505,6813,17282,26017,47230,34267,0,0,8207,7315,23604,1802,4607,337,0,0,0,0,49020,849,4085,0,0,0,0,0
592,5557,593.1898931848244,99826,78,57,133,37,32937,17298,0.5032256125658646,27,18,19063,17157,13451,6787,17246,25942,47253,34296,0,0,8184,7298,23631,1795,4617,337,0,0,0,0,49031,844,4089,0,0,0,0,0
593,5557,594.0409795670998,99826,80,54,133,37,32948,17303,0.503385891451125,21,17,19109,17222,13420,6771,17235,25897,47276,34325,0,0,8153,7283,23649,1792,4627,337,0,0,0,0,49052,841,4092,0,0,0,0,0
594,5557,595.1707374961885,99826,77,55,133,37,32953,17310,0.5035061006150702,22,16,19204,17330,13359,6741,17203,25819,47298,34353,0,0,8128,7266,23669,1787,4635,339,0,0,0,0,49070,838,4094,0,0,0,0,0
595,5557,596.4722720011416,99826,67,48,133,37,32960,17316,0.5036363272093443,28,16,19341,17457,13287,6712,17142,25728,47320,34381,0,0,8097,7250,23698,1786,4643,341,0,0,0,0,49080,838,4093,0,0,0,0,0
596,5557,597.3484491857561,99826,64,41,133,37,32973,17319,0.5037966060946046,22,20,19487,17591,13214,6679,17078,25630,47341,34408,0,0,8068,7236,23731,1784,4646,343,0,0,0,0,49088,836,4094,0,0,0,0,0
597,5557,598.1269108217266,99826,62,42,133,37,32974,17321,0.5038266583855909,24,19,19507,17614,13189,6668,17083,25618,47362,34435,0,0,8047,7215,23753,1781,4651,343,0,0,0,0,49107,833,4096,0,0,0,0,0
598,5557,599.0148105399642,99826,55,35,133,37,32983,17325,0.503956884979865,20,17,19587,17723,13156,6651,17047,25535,47382,34461,0,0,8024,7197,23783,1780,4659,344,0,0,0,0,49112,829,4098,0,0,0,0,0
599,5557,600.0137818193014,99826,51,38,133,37,32986,17329,0.5040270069921664,19,14,19628,17751,13126,6641,17041,25517,47402,34487,0,0,7996,7187,23797,1774,4666,345,0,0,0,0,49135,827,4099,0,0,0,0,0
600,5557,601.1185508535008,99826,48,36,133,37,32993,17334,0.5041472161561117,18,13,19765,17889,13060,6610,16974,25413,47421,34512,0,0,7973,7174,23820,1774,4670,345,0,0,0,0,49145,819,4106,0,0,0,0,0
601,5557,602.2005072820964,99826,43,31,133,37,32998,17336,0.5042173381684131,18,13,19873,17998,13003,6590,16928,25329,47440,34537,0,0,7954,7154,23849,1772,4673,347,0,0,0,0,49152,816,4109,0,0,0,0,0
602,5557,603.2582958295507,99826,38,30,133,37,33000,17339,0.5042674253200569,20,13,19962,18085,12952,6563,16893,25270,47459,34561,0,0,7929,7140,23870,1770,4676,348,0,0,0,0,49168,815,4110,0,0,0,0,0
603,5557,604.3801827112792,99826,37,26,133,37,33004,17342,0.5043375473323582,19,11,20052,18174,12905,6551,16852,25199,47477,34585,0,0,7905,7125,23893,1768,4680,348,0,0,0,0,49182,814,4111,0,0,0,0,0
604,5557,605.1880701515115,99826,39,27,133,37,33006,17345,0.5043876344840021,19,8,20081,18224,12875,6540,16851,25162,47495,34608,0,0,7880,7111,23907,1766,4683,348,0,0,0,0,49206,814,4111,0,0,0,0,0
605,5557,606.2731391680061,99826,38,27,133,37,33009,17348,0.5044477390659748,18,5,20186,18348,12813,6513,16810,25068,47512,34631,0,0,7862,7096,23926,1762,4689,348,0,0,0,0,49219,811,4113,0,0,0,0,0
606,5557,607.1420202710034,99826,41,25,133,37,33014,17349,0.5045078436479474,18,6,20242,18415,12786,6491,16778,25024,47529,34653,0,0,7846,7078,23948,1758,4694,348,0,0,0,0,49231,810,4113,0,0,0,0,0
607,5557,608.3577913628195,99826,34,23,133,37,33020,17351,0.5045879830905776,16,7,20392,18574,12712,6450,16711,24907,47546,34675,0,0,7819,7067,23966,1757,4697,350,0,0,0,0,49247,810,4113,0,0,0,0,0
608,5557,609.657199097471,99826,34,23,133,37,33021,17354,0.5046280528118927,17,5,20457,18652,12663,6426,16694,24855,47562,34697,0,0,7796,7059,23976,1750,4705,350,0,0,0,0,49267,810,4113,0,0,0,0,0
609,5557,610.1931686643127,99826,33,25,133,37,33022,17356,0.504658105102879,18,3,20475,18679,12636,6408,16703,24846,47578,34718,0,0,7776,7045,23990,1750,4704,352,0,0,0,0,49287,808,4114,0,0,0,0,0
610,5557,611.0577945649345,99826,32,23,133,37,33025,17357,0.5046981748241941,18,5,20553,18748,12586,6394,16676,24791,47594,34739,0,0,7760,7029,24010,1746,4710,352,0,0,0,0,49298,807,4114,0,0,0,0,0
611,5557,612.260442638872,99826,31,19,133,37,33030,17357,0.504748261975838,17,7,20646,18900,12537,6353,16634,24682,47609,34759,0,0,7743,7010,24037,1747,4710,352,0,0,0,0,49306,807,4114,0,0,0,0,0
612,5557,613.0710904809567,99826,28,17,133,37,33032,17358,0.5047783142668243,15,8,20728,18987,12490,6338,16604,24611,47624,34779,0,0,7726,6993,24054,1747,4714,352,0,0,0,0,49319,806,4115,0,0,0,0,0
613,5557,614.2982563824766,99826,26,16,133,37,33034,17359,0.5048083665578106,15,9,20809,19084,12454,6316,16561,24536,47639,34799,0,0,7708,6978,24072,1745,4718,352,0,0,0,0,49333,806,4114,0,0,0,0,0
614,5557,615.2128776626769,99826,26,14,133,37,33037,17360,0.5048484362791257,15,10,20902,19208,12392,6285,16530,24444,47653,34818,0,0,7692,6966,24082,1742,4725,352,0,0,0,0,49347,804,4116,0,0,0,0,0
615,5557,616.128134635646,99826,25,15,133,37,33041,17362,0.5049085408610983,13,11,20962,19274,12352,6263,16513,24398,47667,34837,0,0,7675,6952,24098,1741,4727,353,0,0,0,0,49361,803,4116,0,0,0,0,0
616,5557,617.0770606018623,99826,26,17,133,37,33047,17367,0.5050187325947149,7,7,21090,19390,12289,6230,16453,24317,47681,34856,0,0,7661,6939,24116,1736,4733,353,0,0,0,0,49369,801,4118,0,0,0,0,0
617,5557,618.223918269616,99826,27,19,133,37,33049,17369,0.5050588023160298,6,6,21178,19480,12236,6204,16418,24252,47695,34874,0,0,7648,6926,24128,1733,4736,354,0,0,0,0,49382,799,4120,0,0,0,0,0
618,5557,619.5349997763828,99826,22,14,133,37,33050,17370,0.5050788371766874,6,6,21299,19602,12185,6173,16353,24166,47708,34892,0,0,7634,6915,24146,1730,4738,357,0,0,0,0,49388,797,4121,0,0,0,0,0
619,5557,620.202117488686,99826,23,13,133,37,33051,17371,0.5050988720373449,5,5,21373,19664,12144,6159,16320,24120,47721,34910,0,0,7616,6907,24154,1726,4743,357,0,0,0,0,49405,796,4122,0,0,0,0,0
620,5557,621.1406411020761,99826,24,14,133,37,33054,17374,0.5051589766193176,3,3,21444,19739,12101,6141,16293,24064,47734,34927,0,0,7599,6896,24166,1725,4745,357,0,0,0,0,49420,794,4124,0,0,0,0,0
621,5557,622.1624904490081,99826,21,15,133,37,33055,17375,0.5051790114799751,5,5,21554,19843,12058,6125,16227,23973,47747,34944,0,0,7581,6887,24177,1725,4744,359,0,0,0,0,49436,792,4125,0,0,0,0,0
622,5557,623.4373021510632,99826,21,12,133,37,33055,17375,0.5051790114799751,8,5,21606,19899,12025,6118,16205,23927,47759,34961,0,0,7564,6883,24184,1719,4750,359,0,0,0,0,49450,790,4127,0,0,0,0,0
623,5557,624.3290719946496,99826,21,11,133,37,33058,17375,0.5052090637709614,7,5,21677,19962,11980,6096,16180,23887,47771,34977,0,0,7552,6867,24201,1718,4752,359,0,0,0,0,49460,790,4127,0,0,0,0,0
624,5557,625.4035891574719,99826,19,11,133,37,33058,17377,0.505229098631619,9,4,21763,20066,11938,6072,16136,23808,47783,34993,0,0,7537,6857,24212,1715,4757,359,0,0,0,0,49473,790,4126,0,0,0,0,0
625,5557,626.1217771908014,99826,18,10,133,37,33060,17377,0.5052491334922765,8,4,21823,20135,11903,6052,16113,23760,47795,35009,0,0,7521,6850,24219,1712,4762,359,0,0,0,0,49487,788,4128,0,0,0,0,0
626,5557,627.1184491835572,99826,16,10,133,37,33061,17378,0.5052691683529341,7,4,21903,20221,11869,6037,16070,23689,47806,35024,0,0,7503,6845,24222,1709,4767,360,0,0,0,0,49505,788,4127,0,0,0,0,0
627,5557,628.2270547209573,99826,17,10,133,37,33063,17380,0.5053092380742492,6,2,22001,20342,11826,6015,16015,23592,47817,35039,0,0,7487,6838,24228,1706,4772,360,0,0,0,0,49520,788,4127,0,0,0,0,0
628,5557,629.0780295004269,99826,14,9,133,37,33063,17381,0.505319255504578,6,2,22071,20410,11793,6000,15981,23540,47828,35054,0,0,7476,6827,24242,1706,4773,360,0,0,0,0,49527,784,4131,0,0,0,0,0
629,5557,630.1609836083734,99825,13,9,134,37,33065,17382,0.5053543701477585,29,26,22153,20520,11746,5973,15923,23433,47839,35069,0,0,7463,6815,24257,1705,4774,360,0,0,0,0,49536,784,4131,0,0,0,0,0
630,5557,631.1625680934981,99825,17,14,134,37,33070,17387,0.5054545454545455,26,22,22219,20577,11709,5955,15893,23393,47849,35083,0,0,7451,6807,24265,1702,4777,360,0,0,0,1,49547,783,4132,0,0,0,0,0
631,5557,632.0179869867799,99825,23,17,134,37,33078,17393,0.5055947908840471,23,19,22313,20691,11658,5926,15847,23308,47859,35097,0,0,7439,6798,24274,1700,4777,362,1,0,0,4,49555,782,4133,0,0,0,0,0
632,5557,633.1703542700556,99825,29,21,134,37,33088,17397,0.5057350363135487,19,18,22378,20760,11625,5905,15813,23257,47869,35111,0,0,7431,6785,24286,1698,4780,362,1,0,0,7,49560,781,4134,0,0,0,0,0
633,5557,634.0845353565093,99825,29,18,134,37,33091,17400,0.5057951414976208,24,21,22478,20861,11571,5883,15762,23178,47879,35125,0,0,7419,6773,24294,1699,4782,363,1,0,0,12,49567,781,4134,0,0,0,0,0
634,5557,635.0324883187739,99825,30,25,134,37,33092,17407,0.5058752817430503,24,22,22553,20948,11531,5863,15726,23103,47889,35138,0,0,7411,6761,24306,1697,4784,363,1,0,0,12,49575,780,4135,0,0,0,0,0
635,5557,636.0163725469532,99825,32,25,134,37,33098,17410,0.5059654395191585,30,23,22628,21029,11493,5846,15681,23038,47899,35151,0,0,7401,6750,24316,1694,4789,363,2,0,0,16,49580,780,4134,0,0,0,0,0
636,5557,637.2245111445195,99825,41,27,134,37,33112,17418,0.5061858251940896,24,18,22723,21143,11451,5823,15625,22950,47908,35164,0,0,7383,6744,24317,1696,4792,363,3,0,0,21,49592,779,4135,0,0,0,0,0
637,5557,638.1067864142777,99825,43,31,134,37,33116,17423,0.5062759829701978,31,14,22775,21197,11417,5809,15598,22910,47917,35177,0,0,7370,6737,24323,1695,4793,364,3,0,0,23,49603,779,4135,0,0,0,0,0
638,5557,639.1716967567896,99825,45,30,134,37,33124,17426,0.5063861758076634,43,17,22866,21300,11369,5793,15541,22821,47926,35189,0,0,7361,6730,24327,1692,4797,366,3,0,0,28,49607,777,4137,0,0,0,0,0
639,5557,640.070664960175,99825,54,34,134,37,33140,17431,0.5065965439519159,31,16,22912,21368,11351,5773,15516,22770,47935,35201,0,0,7348,6724,24331,1691,4800,367,3,0,0,32,49616,776,4137,0,0,0,0,0
640,5557,641.1698241756964,99825,50,36,134,37,33147,17439,0.5067468069120962,35,15,22966,21452,11327,5758,15486,22700,47944,35213,0,0,7334,6715,24334,1689,4810,367,7,0,0,37,49621,776,4135,0,0,0,0,0
641,5557,642.2149368355836,99825,47,35,134,37,33153,17444,0.5068569997495618,44,17,23016,21527,11302,5748,15455,22634,47952,35225,0,0,7326,6701,24341,1692,4814,367,7,0,0,45,49621,775,4136,0,0,0,0,0
642,5557,643.2747038185097,99825,52,35,134,37,33164,17448,0.5070072627097421,52,19,23097,21634,11260,5726,15403,22547,47960,35237,0,0,7314,6695,24344,1691,4819,367,8,0,0,50,49627,773,4137,0,0,0,0,0
643,5557,644.0117526496807,99825,57,34,134,37,33178,17451,0.5071775607312797,59,23,23175,21715,11219,5706,15354,22483,47968,35248,0,0,7303,6686,24351,1689,4823,367,10,0,0,58,49628,773,4137,0,0,0,0,0
644,5557,645.2865383213727,99825,66,32,134,37,33200,17454,0.507427998998247,53,28,23276,21825,11170,5689,15299,22387,47976,35259,0,0,7293,6680,24352,1686,4829,370,11,0,0,66,49629,772,4137,0,0,0,0,0
645,5557,646.2389707788963,99825,67,34,134,37,33207,17460,0.5075582268970699,56,27,23336,21914,11143,5671,15262,22315,47984,35270,0,0,7282,6671,24358,1687,4831,370,11,0,0,73,49633,772,4137,0,0,0,0,0
646,5557,647.1888380720766,99825,74,37,134,37,33223,17464,0.5077585775106436,50,33,23395,21987,11117,5648,15228,22256,47992,35281,0,0,7274,6661,24364,1687,4835,370,11,0,0,79,49635,771,4138,0,0,0,0,0
647,5557,648.1362166796383,99825,75,40,134,37,33235,17471,0.5079489105935386,52,37,23462,22055,11079,5632,15196,22197,48000,35292,0,0,7264,6649,24370,1688,4840,371,14,0,0,84,49637,771,4137,0,0,0,0,0
648,5557,649.0810784401053,99825,81,42,134,37,33248,17478,0.5081492612071125,55,39,23519,22136,11054,5627,15155,22117,48007,35303,0,0,7254,6645,24372,1684,4846,373,14,0,0,90,49641,771,4135,0,0,0,0,0
649,5557,650.0232993061239,99825,82,49,134,37,33261,17490,0.5083996994740796,57,38,23591,22219,11021,5609,15113,22046,48014,35313,0,0,7240,6636,24376,1686,4849,373,19,0,0,97,49643,770,4136,0,0,0,0,0
650,5557,651.2747917549607,99825,93,48,134,37,33284,17502,0.5087503130478337,54,36,23697,22338,10972,5588,15048,21951,48021,35323,0,0,7226,6632,24377,1683,4855,374,23,0,0,111,49639,768,4137,0,0,0,0,0
651,5557,652.20979635268,99825,93,51,134,37,33300,17511,0.5090007513148009,61,36,23758,22409,10944,5578,15008,21887,48028,35333,0,0,7216,6619,24380,1687,4861,375,25,0,0,118,49640,767,4137,0,0,0,0,0
652,5557,653.142335546976,99825,99,57,134,37,33311,17523,0.5092311545204107,69,36,23819,22477,10911,5569,14966,21822,48035,35343,0,0,7207,6610,24387,1687,4864,376,26,0,0,123,49643,767,4135,0,0,0,0,0
653,5557,654.0723268832078,99825,102,56,134,37,33328,17527,0.5094415226646631,82,43,23879,22561,10885,5558,14916,21743,48042,35353,0,0,7197,6603,24389,1687,4870,378,28,0,0,130,49644,765,4134,0,0,0,0,0
654,5557,655.3086094994229,99825,115,57,134,37,33359,17538,0.5098622589531681,87,52,23950,22647,10852,5545,14860,21660,48049,35363,0,0,7186,6592,24390,1690,4879,378,30,0,0,143,49640,764,4133,0,0,0,0,0
655,5557,656.2330939058409,99825,126,61,134,37,33381,17551,0.5102128725269222,85,50,24014,22712,10827,5543,14812,21595,48056,35372,0,0,7175,6583,24391,1691,4888,378,34,0,0,149,49641,763,4132,0,0,0,0,0
656,5557,657.1549080140179,99825,127,61,134,37,33403,17559,0.5105133984472827,93,52,24065,22773,10808,5534,14771,21541,48062,35381,0,0,7168,6572,24393,1690,4897,379,38,0,0,163,49630,762,4133,0,0,0,0,0
657,5557,658.0746890186401,99825,133,61,134,37,33429,17568,0.5108640120210368,100,56,24122,22835,10786,5531,14723,21478,48068,35390,0,0,7157,6563,24393,1690,4907,380,42,0,0,175,49625,762,4131,0,0,0,0,0
658,5557,659.2975340569294,99825,144,69,134,37,33454,17587,0.511304783370899,113,57,24190,22924,10752,5523,14665,21388,48074,35399,0,0,7144,6553,24397,1691,4912,380,48,0,0,187,49620,762,4131,0,0,0,0,0
659,5557,660.2120498196587,99825,153,76,134,37,33481,17600,0.5117054845980465,109,60,24264,22984,10718,5514,14620,21327,48080,35408,0,0,7134,6545,24396,1694,4919,381,50,0,0,198,49617,761,4130,0,0,0,0,0
660,5557,661.1237284023553,99825,158,79,134,37,33502,17616,0.512076133233158,127,65,24319,23039,10696,5505,14564,21273,48086,35417,0,0,7124,6533,24394,1701,4926,382,52,0,0,210,49613,760,4130,0,0,0,0,0
661,5557,662.0331927990372,99825,158,80,134,37,33532,17633,0.5125469571750564,132,63,24379,23112,10686,5505,14509,21201,48092,35426,0,0,7111,6523,24391,1705,4934,384,58,0,0,234,49596,758,4131,0,0,0,0,0
662,5557,663.2421399449897,99825,159,91,134,37,33559,17657,0.5130578512396694,153,57,24452,23201,10652,5492,14448,21120,48098,35434,0,0,7100,6514,24388,1707,4943,388,63,0,0,249,49587,757,4129,0,0,0,0,0
663,5557,664.1462159787427,99825,163,93,134,37,33588,17668,0.5134585524668169,170,70,24506,23265,10620,5485,14405,21048,48104,35442,0,0,7090,6510,24385,1707,4951,389,65,0,0,269,49575,755,4129,0,0,0,0,0
664,5557,665.0478546217718,99825,181,98,134,37,33623,17683,0.5139594290007513,174,77,24561,23312,10587,5479,14361,20995,48110,35450,0,0,7077,6503,24387,1707,4957,389,70,0,0,283,49569,754,4129,0,0,0,0,0
665,5557,666.246528973062,99825,206,102,134,37,33677,17704,0.5147107438016529,176,90,24628,23397,10561,5464,14293,20908,48116,35458,0,0,7070,6491,24383,1711,4969,390,72,0,0,307,49550,751,4131,0,0,0,0,0
666,5557,667.1430353816909,99825,209,111,134,37,33711,17724,0.515251690458302,185,92,24682,23456,10546,5451,14242,20851,48121,35466,0,0,7057,6477,24379,1720,4980,390,77,0,0,324,49541,751,4129,0,0,0,0,0
667,5557,668.0374819930358,99825,216,119,134,37,33746,17748,0.5158427247683446,196,91,24721,23528,10534,5446,14197,20777,48126,35474,0,0,7046,6469,24376,1722,4991,390,81,0,0,349,49523,750,4128,0,0,0,0,0
668,5557,669.2274468970384,99825,235,126,134,37,33810,17773,0.5167342849987479,196,95,24762,23627,10523,5433,14148,20680,48131,35482,0,0,7030,6452,24369,1729,5010,390,92,0,0,373,49504,750,4126,0,0,0,0,0
669,5557,670.1184428391966,99824,239,140,134,38,33846,17804,0.517410642731207,207,94,24803,23679,10516,5431,14099,20616,48136,35490,0,0,7021,6443,24362,1731,5027,391,95,0,0,396,49486,749,4123,0,0,0,0,0
670,5557,671.0077946416642,99824,243,144,134,38,33888,17824,0.518031735855105,228,95,24828,23738,10509,5429,14056,20554,48141,35497,0,0,7010,6434,24355,1733,5042,393,100,0,0,423,49465,749,4120,0,0,0,0,0
671,5557,672.1916641406393,99824,255,139,134,38,33945,17847,0.5188331463375541,236,117,24868,23817,10507,5429,13998,20458,48146,35504,0,0,7001,6423,24346,1736,5055,400,105,0,0,459,49433,747,4119,0,0,0,0,0
672,5557,673.0781539746873,99824,254,153,134,38,33984,17872,0.5194742747235134,261,114,24890,23870,10510,5422,13949,20401,48151,35511,0,0,6991,6417,24339,1736,5069,405,110,0,0,481,49416,746,4114,0,0,0,0,0
673,5557,674.2582964587792,99824,301,164,134,38,34074,17909,0.5207465138644013,251,110,24944,23958,10482,5425,13886,20303,48156,35518,0,0,6983,6404,24327,1742,5087,409,114,0,0,512,49388,744,4114,0,0,0,0,0
674,5557,675.1412963339535,99823,332,168,134,39,34143,17936,0.5217134327760136,246,115,24974,24007,10474,5432,13838,20237,48161,35525,0,0,6971,6392,24317,1745,5112,409,122,0,0,533,49370,743,4109,0,0,0,0,0
675,5557,676.0228704719428,99823,338,162,134,39,34189,17960,0.5224146739729321,242,124,25012,24060,10473,5445,13799,20168,48166,35532,0,0,6962,6382,24300,1751,5134,411,124,0,0,569,49341,742,4107,0,0,0,0,0
676,5557,677.1962215305135,99822,349,178,135,39,34246,18010,0.523491815431468,269,109,25064,24149,10455,5452,13726,20071,48171,35539,0,0,6947,6371,24283,1758,5153,414,131,0,0,609,49309,741,4106,0,0,0,0,0
677,5557,678.0742845062547,99822,368,186,135,39,34303,18040,0.5243633667928913,278,119,25097,24192,10441,5449,13679,20013,48176,35546,0,0,6938,6355,24278,1767,5166,417,133,0,0,637,49288,741,4102,0,0,0,0,0
678,5557,679.2425863690619,99822,393,187,135,39,34398,18068,0.5255955600969726,286,147,25143,24254,10444,5443,13597,19928,48180,35553,0,0,6921,6344,24261,1772,5191,421,144,0,0,680,49251,738,4099,0,0,0,0,0
679,5557,680.1168992655413,99822,417,192,135,39,34471,18092,0.5265672897758009,296,175,25159,24291,10440,5442,13551,19859,48184,35559,0,0,6910,6335,24256,1777,5206,421,150,0,0,720,49215,736,4096,0,0,0,0,0
680,5557,681.2809500128775,99822,451,203,135,39,34565,18135,0.5279397327242492,328,186,25174,24342,10444,5449,13466,19779,48188,35565,0,0,6896,6326,24243,1784,5221,428,158,0,0,767,49174,733,4092,0,0,0,0,0
681,5557,682.1528123952471,99822,476,223,135,39,34630,18182,0.529061729879185,336,193,25195,24367,10432,5458,13424,19718,48192,35571,0,0,6884,6316,24232,1786,5243,429,165,0,0,796,49150,731,4090,0,0,0,0,0
682,5557,683.0236253915978,99822,491,249,135,39,34703,18232,0.5302939231832662,354,176,25215,24413,10440,5464,13363,19657,48196,35577,0,0,6869,6305,24219,1793,5265,429,174,0,0,840,49112,731,4085,0,0,0,0,0
683,5557,684.1827602368652,99822,521,266,135,39,34814,18295,0.5320370259061129,375,186,25239,24436,10441,5487,13287,19584,48200,35583,0,0,6853,6291,24195,1803,5304,431,187,0,0,899,49054,728,4077,0,0,0,0,0
684,5557,685.0507485803707,99822,551,259,135,39,34912,18327,0.5333393440323776,395,208,25254,24470,10443,5496,13220,19526,48204,35589,0,0,6839,6281,24179,1803,5334,435,198,0,0,952,49003,727,4071,0,0,0,0,0
685,5557,686.2066222501128,99822,603,277,135,39,35042,18396,0.5353328925487367,423,225,25242,24515,10463,5520,13132,19422,48208,35595,0,0,6824,6260,24154,1819,5369,440,209,0,0,1007,48951,725,4064,0,0,0,0,0
686,5557,687.0730134831686,99822,606,303,135,39,35126,18450,0.5367153533289255,474,240,25232,24539,10491,5521,13060,19356,48212,35601,0,0,6801,6249,24128,1821,5408,441,228,0,0,1050,48911,725,4060,0,0,0,0,0
687,5557,688.2276317763485,99821,640,324,136,39,35251,18528,0.538754370322878,530,242,25204,24593,10507,5545,12981,19255,48216,35607,0,0,6783,6228,24106,1837,5438,447,241,0,0,1125,48841,724,4051,0,0,0,0,0
688,5557,689.0934956851662,99821,658,349,136,39,35361,18593,0.5405075084401078,539,249,25197,24645,10535,5563,12933,19153,48220,35613,0,0,6758,6215,24084,1846,5473,450,261,0,0,1182,48786,722,4044,0,0,0,0,0
689,5557,690.247375523982,99819,688,355,137,40,35515,18662,0.5427523818110781,561,264,25197,24704,10580,5587,12835,19048,48224,35619,0,0,6726,6196,24058,1860,5509,456,288,0,0,1273,48696,720,4037,0,0,0,0,0
690,5557,691.1123301302393,99818,737,362,137,41,35636,18719,0.5445410647378228,579,267,25193,24739,10582,5609,12770,18980,48228,35624,0,0,6715,6186,24030,1861,5546,464,295,0,0,1328,48643,720,4030,0,0,0,0,0
691,5557,692.2649237621929,99818,761,382,137,41,35796,18797,0.546925404235709,589,283,25171,24783,10649,5640,12691,18869,48232,35629,0,0,6693,6163,23991,1875,5597,471,314,0,0,1417,48556,718,4023,0,0,0,0,0
692,5557,693.1294833632114,99818,772,389,137,41,35911,18852,0.5486285038770562,614,314,25161,24825,10684,5661,12630,18768,48236,35634,0,0,6673,6143,23956,1893,5636,480,328,0,0,1476,48502,714,4017,0,0,0,0,0
693,5557,694.2821970530026,99818,821,412,137,41,36110,18950,0.5516039191328217,601,321,25128,24870,10760,5708,12551,18646,48240,35639,0,0,6645,6115,23917,1915,5680,489,349,0,0,1587,48397,711,4013,0,0,0,0,0
694,5557,695.1471446079788,99818,849,431,137,41,36239,19021,0.5536075657697008,628,325,25122,24894,10796,5743,12466,18564,48244,35644,0,0,6627,6102,23882,1925,5719,495,362,0,0,1662,48325,708,4011,0,0,0,0,0
695,5557,696.0116165781283,99818,898,446,137,41,36385,19096,0.5558215953034523,642,328,25096,24925,10824,5777,12401,18481,48247,35649,0,0,6612,6080,23856,1937,5763,499,375,0,0,1736,48251,708,4001,0,0,0,0,0
696,5557,697.164307347892,99818,942,472,137,41,36568,19187,0.5585665911959766,678,336,25059,24970,10885,5800,12297,18379,48250,35654,0,0,6589,6052,23814,1962,5813,508,392,0,0,1827,48165,707,3989,0,0,0,0,0
697,5557,698.0290878459308,99818,984,503,137,41,36732,19264,0.560980985393416,711,344,25012,24988,10938,5824,12216,18298,48253,35659,0,0,6575,6036,23781,1971,5854,520,403,0,0,1904,48089,705,3980,0,0,0,0,0
698,5557,699.1832175576646,99818,994,505,137,41,36917,19354,0.5637359995191248,763,375,24958,25021,11022,5872,12124,18184,48256,35664,0,0,6538,6011,23731,1987,5916,533,437,0,0,2018,47975,702,3970,0,0,0,0,0
699,5557,700.0497146257973,99818,1019,537,137,41,37085,19448,0.5663607766134364,792,364,24927,25040,11091,5915,12032,18101,48259,35669,0,0,6518,5979,23689,2018,5972,538,452,0,0,2109,47888,699,3956,0,0,0,0,0
700,5557,701.2056556369079,99818,1081,549,137,41,37317,19546,0.569666793564287,799,399,24873,25033,11174,5978,11934,17998,48262,35674,0,0,6496,5953,23635,2035,6042,547,471,0,0,2233,47765,697,3944,0,0,0,0,0
701,5557,702.0734421923796,99818,1139,570,137,41,37504,19624,0.5723216253581518,809,427,24813,25037,11241,6010,11859,17913,48265,35679,0,0,6476,5941,23588,2046,6101,554,485,0,0,2313,47686,694,3934,0,0,0,0,0
702,5557,703.2321457791882,99818,1202,626,137,41,37742,19762,0.5760884810354846,855,440,24737,25069,11321,6049,11746,17773,48268,35684,0,0,6448,5914,23539,2073,6162,564,507,0,0,2430,47569,688,3924,0,0,0,0,0
703,5557,704.1022330452976,99818,1250,655,137,41,37927,19871,0.5790338415916969,916,444,24634,25074,11393,6096,11668,17688,48271,35689,0,0,6418,5897,23503,2081,6216,573,534,0,0,2532,47467,687,3910,0,0,0,0,0
704,5557,705.2653550361431,99818,1307,675,137,41,38202,20011,0.583191408363221,949,486,24538,25074,11499,6169,11568,17553,48274,35694,0,0,6375,5867,23425,2109,6302,591,572,0,0,2674,47323,685,3895,0,0,0,0,0
705,5557,706.1396083560611,99818,1385,723,137,41,38437,20134,0.5867779358432347,937,505,24475,25065,11575,6223,11489,17441,48277,35698,0,0,6345,5850,23376,2125,6357,604,595,0,0,2777,47222,682,3885,0,0,0,0,0
706,5557,707.0152610518464,99817,1417,738,138,41,38641,20236,0.5898494244467375,1026,546,24376,25041,11652,6275,11389,17357,48280,35702,0,0,6321,5824,23324,2145,6417,616,615,0,0,2902,47096,680,3877,0,0,0,0,0
707,5557,708.1858934314132,99816,1454,774,139,41,38934,20387,0.5943035184739921,1082,585,24251,25023,11802,6338,11270,17237,48283,35706,0,0,6281,5785,23239,2181,6521,627,649,0,0,3062,46933,677,3861,0,0,0,0,0
708,5557,709.0665656254283,99816,1517,777,139,41,39180,20501,0.5979101546846197,1122,606,24149,25017,11899,6421,11172,17136,48286,35710,0,0,6247,5761,23176,2198,6598,638,680,0,0,3197,46797,674,3850,0,0,0,0,0
709,5557,710.244593766692,99816,1549,809,139,41,39485,20656,0.6025186342870883,1168,649,24029,25004,12042,6501,11071,16994,48289,35714,0,0,6209,5732,23090,2223,6696,655,714,0,0,3390,46605,667,3835,0,0,0,0,0
710,5557,711.1306648924188,99816,1599,850,139,41,39718,20801,0.6063056023082471,1238,663,23930,24993,12130,6571,10962,16880,48292,35718,0,0,6187,5704,23036,2251,6756,672,729,0,0,3526,46469,662,3824,0,0,0,0,0
711,5557,712.0188494147982,99816,1691,874,139,41,40004,20939,0.6105534182896529,1255,656,23846,24968,12215,6664,10852,16795,48295,35722,0,0,6164,5674,22976,2278,6821,689,746,0,0,3678,46315,661,3814,0,0,0,0,0
712,5557,713.2060145486562,99816,1797,930,139,41,40398,21146,0.6165744970746173,1295,668,23709,24935,12349,6772,10709,16652,48298,35726,0,0,6113,5617,22892,2330,6935,699,792,0,0,3867,46119,658,3794,0,0,0,0,0
713,5557,714.0993524527952,99815,1894,973,140,41,40706,21302,0.6212292741571908,1321,684,23579,24921,12452,6836,10612,16543,48301,35730,0,0,6074,5588,22823,2352,7016,717,828,0,0,4003,45980,653,3781,0,0,0,0,0
714,5557,715.2957824610597,99815,1925,1012,140,41,41075,21513,0.6270400240444823,1427,725,23401,24868,12640,6948,10465,16404,48304,35734,0,0,6015,5537,22722,2390,7141,740,884,0,0,4227,45752,649,3758,0,0,0,0,0
715,5557,716.1970636597316,99815,2027,1053,140,41,41402,21680,0.6319891799829684,1459,756,23274,24831,12733,7026,10365,16291,48307,35738,0,0,5986,5501,22631,2421,7246,752,909,0,0,4379,45595,646,3749,0,0,0,0,0
716,5557,717.1014715228744,99814,2095,1096,141,41,41747,21857,0.6372252389444366,1526,803,23105,24775,12872,7111,10259,16172,48310,35742,0,0,5940,5456,22546,2457,7345,766,948,0,0,4563,45410,644,3739,0,0,0,0,0
717,5557,718.0102648487189,99813,2173,1158,141,42,42099,22059,0.642782002344384,1589,801,22940,24743,13019,7201,10136,16053,48313,35746,0,0,5902,5431,22460,2470,7449,789,981,0,0,4753,45214,642,3722,0,0,0,0,0
718,5557,719.2289346604878,99813,2257,1195,141,42,42578,22305,0.650045585244407,1626,874,22742,24671,13241,7323,9991,15893,48316,35750,0,0,5835,5381,22324,2506,7620,817,1044,0,0,4998,44956,638,3694,0,0,0,0,0
719,5557,720.1481246032557,99813,2368,1226,141,42,42993,22482,0.6559766763848397,1641,938,22564,24619,13408,7416,9876,15757,48318,35754,0,0,5796,5326,22233,2549,7737,839,1077,0,0,5179,44766,635,3676,0,0,0,0,0
720,5557,721.0724872104623,99812,2422,1291,142,42,43375,22708,0.6620747004368213,1690,954,22386,24552,13590,7523,9768,15636,48320,35758,0,0,5749,5290,22138,2573,7866,862,1118,0,0,5393,44541,631,3651,0,0,0,0,0
721,5557,722.0024470108921,99811,2495,1346,142,43,43754,22940,0.6682029034875916,1805,963,22171,24477,13741,7652,9644,15517,48322,35762,0,0,5701,5249,22047,2613,7982,885,1157,0,0,5594,44321,625,3637,0,0,0,0,0
722,5557,723.2522468480627,99809,2663,1410,144,43,44347,23253,0.6772936308348947,1846,1009,21924,24392,13958,7834,9463,15310,48324,35766,0,0,5637,5199,21909,2653,8158,914,1209,0,0,5894,44010,619,3607,0,0,0,0,0
723,5557,724.1961577658552,99809,2754,1461,144,43,44784,23482,0.6839663757777354,1908,1029,21721,24316,14121,7961,9350,15188,48326,35770,0,0,5581,5143,21801,2704,8291,938,1259,0,0,6096,43792,607,3597,0,0,0,0,0
724,5557,725.1465004872709,99808,2843,1493,145,43,45206,23732,0.6907061558191728,1993,1047,21532,24270,14273,8109,9212,15036,48328,35773,0,0,5533,5100,21691,2737,8420,976,1301,0,0,6325,43546,601,3578,0,0,0,0,0
725,5557,726.1024641947306,99808,2979,1555,145,43,45703,24000,0.6983708720743829,2070,1049,21291,24174,14445,8258,9068,14919,48330,35776,0,0,5479,5057,21593,2778,8553,1001,1343,0,0,6580,43270,597,3557,0,0,0,0,0
726,5557,727.0665211933868,99805,3053,1611,148,43,46214,24248,0.7059966935524272,2158,1082,21023,24076,14686,8388,8930,14798,48332,35779,0,0,5421,5013,21474,2810,8704,1039,1395,0,0,6842,42985,589,3533,0,0,0,0,0
727,5557,728.0400025151707,99803,3212,1649,149,44,46771,24520,0.7143172048936405,2186,1110,20799,23966,14883,8567,8769,14662,48334,35782,0,0,5354,4954,21333,2855,8869,1076,1455,0,0,7090,42724,587,3506,0,0,0,0,0
728,5557,729.0216365088389,99803,3293,1702,149,44,47343,24831,0.7231646343296294,2222,1165,20547,23842,15177,8736,8610,14509,48336,35785,0,0,5288,4882,21185,2919,9064,1114,1513,0,0,7380,42395,581,3482,0,0,0,0,0
729,5557,730.0129077845982,99802,3416,1772,149,45,47918,25131,0.7319392396945953,2295,1214,20261,23716,15426,8895,8451,14356,48338,35788,0,0,5232,4835,21041,2963,9245,1148,1557,0,0,7663,42082,575,3461,0,0,0,0,0
730,5557,731.0150582192002,99802,3486,1824,149,45,48516,25440,0.7410272339231678,2339,1242,19997,23620,15741,9077,8286,14190,48340,35791,0,0,5157,4775,20882,3004,9444,1198,1624,0,0,7975,41742,568,3433,0,0,0,0,0
731,5557,732.0279807933734,99802,3591,1868,149,45,49127,25759,0.7503456844552213,2383,1288,19742,23522,15996,9260,8137,14015,48342,35794,0,0,5090,4714,20701,3052,9675,1234,1681,0,0,8286,41401,566,3402,0,0,0,0,0
732,5557,733.0516652600858,99799,3627,1937,152,45,49745,26110,0.7600777562901432,2440,1306,19476,23396,16320,9457,7983,13857,48344,35797,0,0,5014,4643,20522,3097,9914,1282,1749,0,0,8616,41030,562,3370,0,0,0,0,0
733,5557,734.087114108891,99798,3687,2022,153,45,50381,26458,0.7699452894847593,2516,1376,19213,23262,16608,9629,7821,13664,48346,35800,0,0,4938,4582,20336,3145,10154,1328,1814,0,0,8929,40683,551,3338,0,0,0,0,0
734,5557,735.1338650172607,99797,3784,2098,153,46,51007,26836,0.7800134272573324,2619,1429,18941,23081,16841,9835,7660,13509,48348,35803,0,0,4865,4517,20161,3199,10375,1375,1875,0,0,9254,40322,546,3308,0,0,0,0,0
735,5557,736.1918682632484,99797,3909,2206,153,46,51682,27267,0.7910959247271963,2714,1394,18661,22928,17060,10071,7501,13353,48350,35806,0,0,4797,4456,19970,3243,10616,1429,1930,0,0,9587,39948,536,3285,0,0,0,0,0
736,5557,737.2620643386258,99797,4033,2277,153,46,52435,27638,0.8023587883403309,2702,1479,18370,22737,17374,10272,7366,13187,48352,35809,0,0,4724,4387,19786,3304,10858,1496,1989,0,0,9916,39563,524,3250,0,0,0,0,0
737,5557,738.3467234062912,99794,4132,2296,156,46,53193,28051,0.8141170811872457,2768,1519,18063,22571,17675,10558,7204,13008,48354,35812,0,0,4633,4307,19569,3370,11141,1563,2061,0,0,10294,39128,516,3212,0,0,0,0,0
738,5557,739.0781758729247,99793,4166,2328,156,47,53680,28328,0.821781086849779,2817,1526,17841,22455,17930,10727,7088,12915,48356,35815,0,0,4577,4251,19432,3407,11347,1608,2106,0,0,10524,38851,511,3179,0,0,0,0,0
739,5557,740.1823081046701,99791,4339,2384,157,48,54487,28745,0.8340631920714293,2816,1571,17546,22272,18228,10976,6912,12747,48358,35818,0,0,4498,4176,19250,3458,11615,1685,2172,0,0,10848,38451,503,3135,0,0,0,0,0
740,5557,741.2676618320153,99790,4452,2447,157,49,55246,29186,0.8460968032869025,2852,1602,17243,22104,18557,11243,6737,12553,48360,35821,0,0,4415,4114,19060,3507,11896,1747,2227,0,0,11220,38011,494,3099,0,0,0,0,0
741,5557,742.3307254503549,99790,4482,2492,157,49,55993,29587,0.8576009620202425,2879,1678,16954,21937,18942,11459,6584,12383,48362,35824,0,0,4327,4036,18876,3567,12147,1850,2295,0,0,11550,37594,484,3064,0,0,0,0,0
742,5557,743.0263189905564,99790,4509,2537,157,49,56497,29872,0.8655075658883655,2887,1716,16798,21816,19168,11613,6479,12267,48364,35827,0,0,4267,3971,18749,3617,12342,1891,2342,0,0,11794,37296,478,3043,0,0,0,0,0
743,5557,744.0530520138623,99789,4625,2587,157,50,57244,30285,0.8771407670184088,2923,1734,16521,21663,19448,11854,6324,12110,48366,35830,0,0,4189,3907,18553,3656,12595,1970,2397,0,0,12157,36879,474,3012,0,0,0,0,0
744,5557,745.06239823728,99788,4708,2686,158,50,57986,30750,0.889245199823626,2955,1774,16268,21481,19733,12083,6176,11924,48368,35833,0,0,4117,3847,18348,3710,12877,2053,2452,0,0,12489,36470,459,2966,0,0,0,0,0
745,5557,746.053843579971,99788,4761,2717,158,50,58711,31185,0.9008698440694272,3012,1749,15977,21319,20056,12390,6034,11773,48370,35836,0,0,4037,3775,18133,3764,13156,2141,2512,0,0,12852,36032,449,2937,0,0,0,0,0
746,5557,747.0283590461944,99787,4868,2769,158,51,59419,31629,0.9124234619740046,3033,1812,15745,21128,20305,12634,5889,11604,48372,35839,0,0,3959,3723,17941,3788,13431,2218,2573,0,0,13189,35624,441,2900,0,0,0,0,0
747,5557,748.3056301107288,99784,5045,2868,160,52,60449,32222,0.9287160266174938,2979,1789,15404,20917,20712,12961,5698,11411,48374,35842,0,0,3853,3642,17671,3847,13791,2333,2641,0,0,13604,35102,436,2864,0,0,0,0,0
748,5557,749.2449708962383,99783,5093,2889,161,52,61147,32642,0.9399296473347163,3035,1848,15173,20743,20984,13230,5552,11236,48376,35845,0,0,3777,3583,17497,3878,14061,2423,2702,0,0,13935,34670,428,2829,0,0,0,0,0
749,5557,750.1699408672248,99782,5115,2916,162,52,61836,33059,0.9510232306428013,3050,1833,14964,20609,21284,13481,5423,11107,48378,35848,0,0,3710,3517,17280,3927,14351,2515,2741,0,0,14261,34258,423,2799,0,0,0,0,0
750,5557,751.0813329502989,99781,5129,2957,162,53,62513,33479,0.9620268387769214,3060,1840,14731,20444,21616,13724,5300,10980,48380,35851,0,0,3657,3462,17094,3971,14644,2608,2763,0,0,14556,33849,414,2763,0,0,0,0,0
751,5557,752.2747018945348,99779,5183,2998,163,54,63440,34022,0.9767786808847553,3041,1852,14425,20269,22040,14045,5146,10780,48382,35854,0,0,3586,3381,16827,4042,15008,2742,2804,0,0,14964,33307,403,2715,0,0,0,0,0
752,5557,753.1539471695753,99778,5224,3030,164,54,64123,34413,0.9875523662530818,3100,1895,14183,20118,22299,14273,5028,10628,48384,35857,0,0,3516,3307,16634,4099,15272,2831,2850,0,0,15255,32927,396,2691,0,0,0,0,0
753,5557,754.020874490866,99778,5287,3054,164,54,64807,34836,0.9986469963318567,3122,1918,13950,19950,22562,14536,4913,10486,48386,35859,0,0,3453,3227,16457,4157,15539,2911,2891,0,0,15581,32513,388,2661,0,0,0,0,0
754,5557,755.1598462299862,99777,5375,3056,164,55,65715,35363,1.0130390771420268,3096,1927,13705,19782,22891,14854,4767,10324,48388,35861,0,0,3375,3146,16224,4212,15875,3054,2932,0,0,15957,32000,382,2620,0,0,0,0,0
755,5557,756.0025824418539,99776,5360,3067,165,55,66336,35761,1.0232621071199486,3121,1943,13523,19646,23161,15095,4668,10192,48390,35863,0,0,3302,3089,16041,4251,16148,3153,2978,0,0,16235,31626,373,2580,0,0,0,0,0
756,5557,757.1105249554658,99775,5419,3123,166,55,67229,36313,1.0377549486344275,3066,1935,13279,19466,23520,15400,4548,10019,48392,35865,0,0,3217,3020,15795,4293,16480,3287,3028,0,0,16653,31097,367,2538,0,0,0,0,0
757,5557,758.2015936507505,99774,5417,3171,167,55,68040,36834,1.0511155210776355,3113,1940,13049,19284,23816,15688,4436,9860,48394,35867,0,0,3138,2948,15550,4339,16832,3421,3071,0,0,16975,30634,363,2503,0,0,0,0,0
758,5557,759.0099271154771,99772,5426,3183,169,55,68668,37215,1.0612496492001764,3081,1951,12856,19169,24112,15900,4354,9740,48396,35869,0,0,3078,2894,15378,4373,17078,3539,3097,0,0,17224,30286,357,2468,0,0,0,0,0
759,5557,760.0733514031026,99771,5395,3234,169,56,69476,37761,1.074831363823155,3091,1919,12647,19022,24448,16187,4248,9580,48398,35871,0,0,3002,2819,15147,4436,17419,3682,3133,0,0,17555,29794,349,2435,0,0,0,0,0
760,5557,761.1212988366906,99768,5329,3294,170,58,70270,38292,1.0881444952289312,3094,1895,12401,18844,24862,16481,4142,9426,48400,35873,0,0,2929,2747,14948,4484,17736,3847,3168,0,0,17846,29324,339,2400,0,0,0,0,0
761,5557,762.1527238565997,99767,5266,3308,170,59,71046,38789,1.1009151322581616,3089,1886,12196,18689,25226,16780,4051,9276,48402,35875,0,0,2846,2682,14734,4527,18067,4002,3217,0,0,18146,28858,323,2365,0,0,0,0,0
762,5557,763.170645842118,99766,5326,3271,170,60,71841,39249,1.1135056031112804,3046,1919,12002,18552,25495,17061,3959,9135,48404,35877,0,0,2794,2628,14496,4563,18418,4144,3227,0,0,18418,28428,317,2333,0,0,0,0,0
763,5557,764.1776036541006,99764,5315,3273,170,62,72584,39733,1.1258269516057897,3024,1935,11833,18397,25779,17335,3877,8996,48406,35879,0,0,2736,2554,14297,4622,18692,4318,3248,0,0,18675,28005,312,2305,0,0,0,0,0
764,5557,765.1738500382312,99761,5298,3346,173,62,73316,40221,1.13809003518409,2999,1889,11657,18262,26092,17560,3779,8879,48407,35881,0,0,2676,2486,14089,4692,19001,4445,3268,0,0,18932,27596,305,2271,0,0,0,0,0
765,5557,766.1587969401884,99760,5327,3343,173,63,74041,40683,1.15,2927,1859,11506,18131,26360,17834,3705,8768,48408,35883,0,0,2621,2438,13893,4726,19285,4602,3282,0,0,19187,27194,300,2232,0,0,0,0,0
766,5557,767.1340358548531,99758,5315,3313,174,64,74772,41137,1.1619018023617154,2946,1839,11340,18000,26613,18158,3610,8624,48409,35885,0,0,2557,2381,13687,4758,19610,4751,3313,0,0,19437,26767,293,2204,0,0,0,0,0
767,5557,768.1004945715066,99757,5260,3268,174,65,75446,41585,1.1731607806970938,2954,1857,11211,17878,26890,18446,3509,8484,48410,35887,0,0,2500,2334,13488,4779,19933,4902,3330,0,0,19698,26338,284,2171,0,0,0,0,0
768,5557,769.0582873452299,99755,5263,3263,175,66,76114,42044,1.18448198085309,2963,1819,11054,17757,27113,18717,3430,8376,48411,35889,0,0,2444,2294,13302,4804,20210,5057,3346,0,0,19917,25951,277,2153,0,0,0,0,0
769,5557,770.0081566220845,99755,5255,3248,175,66,76809,42474,1.1957596110470654,2950,1847,10902,17620,27370,18970,3346,8247,48412,35891,0,0,2393,2236,13142,4839,20488,5215,3354,0,0,20129,25571,269,2119,0,0,0,0,0
770,5557,771.1832003479707,99755,5296,3260,175,66,77722,43024,1.2104255425793193,2870,1848,10714,17484,27687,19235,3256,8105,48413,35893,0,0,2327,2177,12907,4880,20845,5408,3376,0,0,20387,25105,262,2081,0,0,0,0,0
771,5557,772.1136277108212,99753,5178,3267,176,67,78356,43437,1.2209457359678406,2893,1818,10591,17381,27972,19466,3188,7999,48414,35895,0,0,2269,2122,12713,4918,21173,5557,3395,0,0,20539,24757,258,2052,0,0,0,0,0
772,5557,773.036092247419,99753,5225,3268,176,67,79042,43857,1.2320331218108729,2878,1798,10449,17258,28166,19705,3104,7902,48415,35897,0,0,2219,2082,12568,4944,21405,5733,3416,0,0,20691,24430,251,2014,0,0,0,0,0
773,5557,774.1797600397779,99752,5141,3273,176,68,79821,44399,1.2452883150212528,2883,1783,10300,17090,28477,20012,3021,7772,48416,35899,0,0,2134,2027,12373,4953,21723,5944,3455,0,0,20932,23982,245,1984,0,0,0,0,0
774,5557,775.0869362072107,99750,5120,3271,177,69,80469,44806,1.255889724310777,2862,1750,10183,16997,28693,20233,2963,7678,48417,35901,0,0,2076,1988,12215,4965,21974,6099,3475,0,0,21132,23637,239,1950,0,0,0,0,0
775,5557,776.211720411431,99750,5051,3226,177,69,81220,45273,1.2681002506265664,2821,1762,10048,16900,29013,20488,2888,7553,48418,35903,0,0,2021,1953,12018,4952,22326,6303,3488,0,0,21317,23225,232,1915,0,0,0,0,0
776,5557,777.1044265285976,99749,5028,3176,177,70,81851,45645,1.2781682021874905,2805,1789,9930,16790,29233,20723,2825,7450,48419,35905,0,0,1976,1918,11864,4954,22596,6467,3494,0,0,21465,22898,225,1892,0,0,0,0,0
777,5557,778.2114782003883,99745,5000,3169,180,71,82642,46136,1.291072234197203,2705,1766,9826,16690,29529,20980,2758,7322,48420,35907,0,0,1931,1870,11681,4985,22880,6696,3471,0,0,21628,22525,213,1865,0,0,0,0,0
778,5557,779.0906707840554,99743,4952,3173,182,71,83218,46543,1.3009534503674443,2662,1713,9772,16597,29731,21212,2699,7232,48421,35909,0,0,1888,1828,11548,5001,23125,6849,3482,0,0,21782,22196,207,1837,0,0,0,0,0
779,5557,780.1831737983019,99741,4876,3193,182,73,83936,47026,1.3130207236743165,2613,1692,9677,16496,30014,21417,2636,7127,48422,35911,0,0,1837,1789,11356,4994,23430,7059,3483,0,0,21937,21840,202,1814,0,0,0,0,0
780,5557,781.0512118696714,99741,4801,3140,182,73,84464,47363,1.3216931853500566,2600,1674,9614,16447,30216,21604,2585,7060,48423,35913,0,0,1805,1752,11201,5005,23688,7218,3480,0,0,22053,21552,201,1786,0,0,0,0,0
781,5557,782.1300101914617,99740,4716,3104,182,74,85149,47832,1.3332765189492681,2557,1614,9529,16344,30484,21896,2530,6966,48424,35915,0,0,1752,1708,11009,5008,23987,7438,3489,0,0,22209,21194,197,1749,0,0,0,0,0
782,5557,783.2023489399729,99739,4605,3024,183,74,85767,48252,1.3436970492986695,2575,1611,9466,16268,30702,22149,2467,6872,48425,35917,0,0,1717,1658,10839,5030,24240,7677,3480,0,0,22325,20861,192,1720,0,0,0,0,0
783,5557,784.0559720891323,99739,4520,3035,183,74,86287,48612,1.3525200774020192,2501,1581,9421,16187,30942,22314,2431,6807,48426,35919,0,0,1681,1622,10704,5041,24453,7848,3473,0,0,22430,20608,189,1690,0,0,0,0,0
784,5557,785.1167712446735,99739,4496,2937,183,74,86951,48993,1.362997423274747,2425,1621,9384,16106,31119,22546,2391,6714,48427,35921,0,0,1644,1582,10555,5038,24707,8073,3472,0,0,22521,20300,187,1660,0,0,0,0,0
785,5557,786.1726662815361,99736,4423,2895,184,76,87600,49394,1.3735662148070906,2358,1621,9307,16031,31384,22766,2342,6609,48428,35923,0,0,1610,1543,10400,5043,24961,8278,3465,0,0,22664,19969,181,1622,0,0,0,0,0
786,5557,787.012955327799,99734,4374,2861,185,77,88126,49700,1.381935949626005,2285,1634,9251,15986,31590,22914,2313,6526,48429,35925,0,0,1574,1508,10277,5045,25160,8449,3466,0,0,22738,19739,178,1600,0,0,0,0,0
787,5557,788.0580910163494,99733,4309,2872,186,77,88718,50131,1.3922071932058597,2253,1568,9196,15906,31784,23124,2270,6451,48430,35927,0,0,1536,1475,10120,5063,25385,8663,3455,0,0,22812,19474,173,1577,0,0,0,0,0
788,5557,789.0981703679113,99733,4273,2827,186,77,89299,50512,1.4018529473694765,2208,1537,9141,15844,31964,23336,2226,6377,48431,35929,0,0,1511,1433,9980,5073,25622,8861,3441,0,0,22892,19196,172,1552,0,0,0,0,0
789,5557,790.1342511731008,99732,4242,2814,186,78,89883,50904,1.411653230658164,2208,1509,9083,15788,32089,23507,2190,6302,48432,35931,0,0,1473,1409,9839,5038,25896,9047,3447,0,0,22949,18946,170,1518,0,0,0,0,0
790,5557,791.1669494706806,99731,4156,2784,187,78,90462,51271,1.4211529013045092,2177,1516,9038,15746,32288,23671,2152,6203,48433,35933,0,0,1453,1375,9699,5053,26144,9248,3416,0,0,23003,18678,168,1494,0,0,0,0,0
791,5557,792.1952523596449,99731,4059,2770,187,78,91006,51645,1.4303576621110787,2158,1515,9003,15699,32485,23827,2106,6109,48434,35935,0,0,1422,1348,9572,5039,26350,9465,3410,0,0,23045,18442,165,1473,0,0,0,0,0
792,5557,793.0146947179835,99730,4015,2718,187,79,91438,51970,1.437962498746616,2161,1460,8968,15672,32596,24024,2071,6045,48435,35937,0,0,1390,1324,9470,5048,26548,9612,3403,0,0,23104,18216,161,1454,0,0,0,0,0
793,5557,794.0366041057358,99729,3968,2669,188,79,91975,52321,1.4468810476391019,2109,1486,8951,15583,32742,24204,2040,5977,48436,35939,0,0,1355,1304,9355,5046,26741,9809,3397,0,0,23161,17964,160,1437,0,0,0,0,0
794,5557,795.0551384529944,99729,3936,2658,188,79,92508,52702,1.4560458843465793,2034,1436,8937,15543,32905,24379,1998,5903,48437,35941,0,0,1331,1273,9253,5025,26937,10003,3389,0,0,23232,17717,156,1413,0,0,0,0,0
795,5557,796.0706935005192,99726,3912,2601,190,80,93061,53050,1.4651244409682531,1996,1425,8922,15497,33014,24561,1964,5834,48438,35943,0,0,1305,1245,9121,5023,27151,10201,3382,0,0,23270,17476,152,1400,0,0,0,0,0
796,5557,797.084017491091,99726,3792,2604,190,80,93542,53400,1.4734572729278221,1995,1429,8932,15458,33158,24672,1931,5755,48439,35945,0,0,1266,1222,9008,5031,27342,10391,3372,0,0,23319,17245,146,1384,0,0,0,0,0
797,5557,798.0943155722094,99725,3733,2616,190,81,94011,53788,1.4820656806217096,1998,1377,8904,15420,33271,24830,1902,5674,48440,35947,0,0,1231,1207,8905,5008,27527,10586,3376,0,0,23345,17035,143,1362,0,0,0,0,0
798,5557,799.102341919125,99724,3681,2618,191,81,94507,54128,1.4904636797561268,1951,1347,8899,15393,33401,24961,1875,5598,48441,35949,0,0,1203,1184,8813,5012,27675,10783,3364,0,0,23379,16823,136,1352,0,0,0,0,0
799,5557,800.1077440876259,99722,3653,2577,192,82,95027,54463,1.4990674073925514,1873,1343,8895,15364,33538,25110,1847,5522,48442,35951,0,0,1181,1155,8689,5012,27866,10978,3356,0,0,23409,16610,134,1332,0,0,0,0,0
800,5557,801.1109346208643,99721,3550,2528,193,82,95475,54788,1.5068340670470612,1852,1333,8929,15338,33675,25258,1799,5459,48443,35953,0,0,1154,1133,8576,5008,28020,11192,3340,0,0,23442,16406,133,1317,0,0,0,0,0
801,5557,802.112313788976,99719,3499,2474,195,82,95932,55098,1.5145559020848585,1809,1297,8922,15322,33805,25417,1768,5406,48444,35955,0,0,1127,1114,8471,5008,28224,11369,3336,0,0,23431,16215,128,1296,0,0,0,0,0
802,5557,803.111913641707,99719,3481,2424,195,82,96378,55401,1.522067008293304,1784,1285,8926,15287,33867,25576,1745,5344,48445,35957,0,0,1106,1090,8384,5002,28346,11571,3331,0,0,23452,16031,125,1281,0,0,0,0,0
803,5557,804.1103131906934,99718,3419,2383,196,82,96817,55711,1.52959345353898,1779,1282,8911,15278,33983,25697,1710,5276,48446,35959,0,0,1090,1070,8300,5005,28512,11757,3306,0,0,23456,15829,123,1270,0,0,0,0,0
804,5557,805.1064043881083,99718,3411,2382,196,82,97288,56020,1.5374155117431156,1672,1285,8937,15246,34100,25792,1682,5211,48447,35961,0,0,1066,1055,8218,5012,28642,11935,3290,0,0,23469,15653,121,1257,0,0,0,0,0
805,5557,806.1008315035415,99717,3364,2356,197,82,97708,56337,1.544821845823681,1651,1234,8945,15239,34182,25931,1659,5156,48448,35963,0,0,1053,1040,8124,4992,28797,12125,3275,0,0,23477,15475,117,1242,0,0,0,0,0
806,5557,807.0940826650004,99717,3289,2304,197,82,98119,56626,1.5518417120450876,1622,1190,8945,15223,34310,26102,1635,5097,48449,35964,0,0,1032,1019,8018,5005,28934,12314,3257,0,0,23502,15292,116,1228,0,0,0,0,0
807,5557,808.0857373463288,99716,3237,2265,197,83,98536,56926,1.5590476954550925,1620,1158,8939,15221,34393,26234,1612,5037,48450,35965,0,0,1015,1004,7947,5000,29054,12514,3235,0,0,23511,15117,114,1205,0,0,0,0,0
808,5557,809.0760116373456,99716,3191,2211,197,83,98928,57203,1.565756749167636,1576,1132,8964,15225,34481,26363,1589,4984,48451,35966,0,0,1000,989,7876,4997,29168,12694,3216,0,0,23538,14931,112,1195,0,0,0,0,0
809,5557,810.0655027788879,99713,3147,2198,200,83,99317,57483,1.5725131126332574,1585,1084,8957,15212,34541,26479,1568,4942,48452,35967,0,0,990,973,7800,4991,29285,12877,3196,0,0,23519,14789,110,1183,0,0,0,0,0
810,5557,811.0542597164572,99711,3093,2175,201,84,99723,57752,1.5793142180902808,1535,1092,8985,15197,34637,26564,1547,4886,48453,35968,0,0,975,956,7739,4997,29389,13062,3167,0,0,23536,14615,109,1166,0,0,0,0,0
811,5557,812.0414932467473,99710,3020,2134,201,85,100110,58021,1.585909136495838,1509,1078,9002,15197,34743,26662,1523,4842,48454,35969,0,0,959,940,7666,4988,29496,13260,3151,0,0,23533,14455,108,1154,0,0,0,0,0
812,5557,813.0273065435739,99709,2953,2091,202,85,100459,58289,1.59211304897251,1504,1061,9025,15186,34813,26784,1501,4791,48455,35970,0,0,945,921,7584,4991,29618,13429,3131,0,0,23547,14296,108,1139,0,0,0,0,0
813,5557,814.012331193234,99709,2909,2069,202,85,100831,58558,1.5985417565114484,1448,1019,9034,15174,34921,26902,1484,4749,48456,35971,0,0,923,903,7517,4984,29741,13594,3120,0,0,23542,14152,108,1125,0,0,0,0,0
814,5557,815.192675178074,99709,2821,2015,202,85,101254,58847,1.6056825361802847,1438,1007,9052,15157,35024,27036,1461,4698,48457,35972,0,0,902,881,7445,4968,29873,13804,3111,0,0,23533,13975,104,1113,0,0,0,0,0
815,5557,816.1752139228348,99709,2796,1982,202,85,101643,59088,1.6120009226850134,1386,975,9093,15166,35084,27143,1437,4647,48458,35973,0,0,885,868,7385,4952,29959,13981,3098,0,0,23542,13834,100,1105,0,0,0,0,0
816,5557,817.1578323935101,99707,2783,1920,203,86,101986,59315,1.6177500075220397,1352,975,9126,15164,35117,27246,1417,4607,48459,35974,0,0,871,861,7323,4932,30058,14148,3090,0,0,23536,13701,97,1090,0,0,0,0,0
817,5557,818.1404717174698,99705,2709,1890,205,86,102312,59552,1.623429115891881,1358,959,9159,15180,35165,27324,1402,4559,48460,35975,0,0,863,850,7267,4907,30165,14320,3074,0,0,23521,13565,95,1078,0,0,0,0,0
818,5557,819.1227702671749,99705,2692,1876,205,86,102645,59795,1.6292061581665915,1355,936,9169,15190,35191,27395,1386,4515,48461,35976,0,0,849,834,7211,4901,30267,14465,3065,0,0,23506,13445,93,1069,0,0,0,0,0
819,5557,820.1046350300418,99703,2674,1833,206,87,102995,60005,1.6348555208970643,1345,937,9203,15193,35207,27463,1363,4485,48462,35977,0,0,834,820,7164,4894,30374,14612,3058,0,0,23475,13323,91,1058,0,0,0,0,0
820,5557,821.0865973118156,99703,2656,1817,206,87,103328,60228,1.6404320832873636,1348,938,9238,15192,35216,27519,1334,4445,48463,35978,0,0,825,810,7116,4883,30441,14782,3050,0,0,23446,13211,91,1048,0,0,0,0,0
821,5557,822.0687467407936,99703,2625,1764,206,87,103660,60443,1.6459183775814168,1288,914,9283,15208,35274,27613,1322,4412,48464,35979,0,0,812,801,7054,4868,30515,14963,3042,0,0,23429,13087,91,1041,0,0,0,0,0
822,5557,823.050984541788,99703,2522,1735,206,87,103962,60667,1.6511940463175632,1272,897,9321,15217,35370,27688,1307,4374,48465,35980,0,0,801,786,6995,4859,30591,15141,3027,0,0,23411,12973,89,1030,0,0,0,0,0
823,5557,824.0324746687896,99703,2527,1702,206,87,104282,60899,1.6567304895539754,1221,853,9363,15246,35394,27771,1287,4339,48466,35981,0,0,786,775,6940,4844,30699,15276,3026,0,0,23395,12848,89,1025,0,0,0,0,0
824,5557,825.0141858391154,99703,2453,1657,206,87,104566,61111,1.661705264635969,1205,824,9401,15264,35459,27864,1274,4302,48467,35982,0,0,777,765,6881,4820,30820,15428,3008,0,0,23348,12751,88,1017,0,0,0,0,0
825,5557,826.1924757798156,99702,2457,1657,207,87,104919,61376,1.667920402800345,1171,813,9450,15275,35453,27906,1260,4260,48468,35983,0,0,765,756,6817,4816,30900,15592,2990,0,0,23328,12645,88,1005,0,0,0,0,0
826,5557,827.1746854143628,99701,2416,1624,207,88,105218,61574,1.672922036890302,1113,787,9505,15303,35513,27962,1244,4234,48469,35984,0,0,756,749,6768,4798,30959,15751,2974,0,0,23328,12533,87,998,0,0,0,0,0
827,5557,828.1567929306361,99701,2363,1585,207,88,105485,61763,1.6774957121794165,1129,794,9549,15334,35520,28011,1230,4186,48470,35985,0,0,743,740,6717,4792,31019,15915,2969,0,0,23283,12448,86,989,0,0,0,0,0
828,5557,829.1394718450443,99701,2296,1562,207,88,105761,61971,1.682350227179266,1137,760,9599,15366,35545,28075,1214,4147,48471,35986,0,0,737,731,6665,4790,31078,16073,2948,0,0,23267,12350,82,980,0,0,0,0,0
829,5557,830.1225912057538,99701,2242,1555,207,88,106044,62166,1.687144562241101,1098,718,9665,15416,35585,28110,1201,4111,48472,35987,0,0,726,723,6602,4768,31159,16216,2944,0,0,23246,12264,79,974,0,0,0,0,0
830,5557,831.1060348983617,99701,2211,1534,207,88,106312,62348,1.6916580575922007,1090,703,9691,15464,35608,28131,1191,4078,48473,35988,0,0,714,715,6556,4751,31252,16337,2938,0,0,23220,12169,79,970,0,0,0,0,0
831,5557,832.0893113271269,99701,2150,1479,207,88,106559,62515,1.6958104733152124,1089,721,9724,15463,35648,28209,1180,4038,48474,35989,0,0,704,705,6509,4739,31321,16477,2928,0,0,23210,12063,79,966,0,0,0,0,0
832,5557,833.0724708655813,99700,2084,1412,208,88,106816,62661,1.6998696088264795,1052,736,9778,15522,35708,28225,1168,4015,48475,35990,0,0,690,694,6452,4733,31382,16619,2920,0,0,23216,11956,79,959,0,0,0,0,0
833,5557,834.0557495474832,99699,2006,1384,208,89,107053,62823,1.7038887050020561,1024,734,9836,15546,35768,28261,1156,3984,48476,35991,0,0,682,684,6403,4723,31458,16752,2904,0,0,23187,11873,79,954,0,0,0,0,0
834,5557,835.0386360498585,99699,1969,1343,208,89,107306,63003,1.7082317776507288,980,699,9865,15594,35831,28328,1145,3945,48477,35992,0,0,677,671,6355,4717,31520,16891,2886,0,0,23169,11787,78,948,0,0,0,0,0
835,5557,836.0213289647222,99698,1910,1328,208,90,107516,63166,1.7119902104355154,973,688,9908,15642,35863,28334,1136,3916,48478,35993,0,0,671,663,6319,4726,31534,17036,2869,0,0,23144,11716,77,943,0,0,0,0,0
836,5557,837.0041967570166,99698,1835,1324,208,90,107728,63333,1.7157916909065378,975,661,9951,15682,35900,28352,1129,3889,48479,35994,0,0,666,651,6274,4723,31590,17168,2856,0,0,23120,11637,77,936,0,0,0,0,0
837,5557,838.1843293772508,99698,1813,1306,208,90,108021,63537,1.720776745772232,945,633,10030,15720,35884,28387,1118,3862,48480,35995,0,0,661,644,6226,4704,31687,17301,2842,0,0,23084,11545,77,927,0,0,0,0,0
838,5557,839.1689343757704,99697,1766,1276,209,90,108240,63683,1.724455098949818,970,611,10082,15770,35863,28426,1108,3825,48481,35996,0,0,652,641,6178,4688,31740,17422,2830,0,0,23079,11470,77,920,0,0,0,0,0
839,5557,840.1548361831743,99697,1795,1226,209,90,108481,63825,1.728296739119532,946,605,10131,15807,35814,28476,1103,3794,48482,35997,1,1,646,638,6149,4671,31761,17543,2822,0,0,23091,11384,76,914,0,1,0,0,1
840,5557,841.1423083045061,99697,1766,1197,209,90,108720,63955,1.731997953800014,924,599,10204,15862,35798,28480,1097,3770,48483,35998,2,2,642,633,6112,4654,31785,17686,2813,0,0,23063,11323,76,906,0,2,1,0,1
841,5557,842.1311774480339,99697,1751,1192,209,90,108947,64104,1.735769381225112,912,588,10265,15900,35769,28474,1092,3754,48484,35999,3,3,633,627,6094,4655,31795,17813,2798,0,0,23038,11262,74,903,0,2,1,0,2
842,5557,843.1214535133737,99697,1736,1182,209,90,109168,64269,1.7396411125710904,903,550,10339,15965,35728,28480,1083,3731,48485,36000,4,4,624,623,6071,4650,31805,17946,2788,0,0,23024,11188,72,901,0,2,1,0,2
843,5557,844.1130189698987,99697,1693,1157,209,90,109389,64396,1.7431316890177238,865,556,10410,16036,35748,28451,1073,3708,48486,36001,5,5,615,618,6043,4638,31838,18078,2777,0,0,22982,11134,72,896,0,2,2,0,2
844,5557,845.1051440778399,99696,1663,1151,210,90,109597,64542,1.7466999679024233,861,540,10481,16072,35718,28453,1065,3692,48487,36002,6,6,607,613,6019,4629,31879,18188,2773,0,0,22956,11063,71,891,0,2,2,0,3
845,5557,846.098768478225,99696,1606,1113,210,90,109782,64661,1.749749237682555,857,544,10550,16120,35719,28468,1056,3663,48488,36003,7,7,602,609,5987,4620,31901,18316,2761,0,0,22929,11004,71,888,0,2,2,0,4
846,5557,847.0931933635377,99696,1613,1105,210,90,110006,64800,1.7533903065318568,811,537,10611,16179,35703,28458,1050,3629,48489,36004,8,8,594,604,5959,4622,31916,18428,2751,0,0,22918,10939,71,885,0,3,2,0,4
847,5557,848.0887173855805,99696,1600,1077,210,90,110218,64923,1.7567505215856203,774,541,10684,16226,35687,28453,1043,3611,48490,36005,9,9,588,598,5923,4608,31968,18532,2740,0,0,22891,10886,71,881,0,3,2,0,5
848,5557,849.0856515484984,99696,1571,1031,210,90,110403,65035,1.7597295779168673,744,540,10759,16280,35677,28470,1037,3587,48491,36006,10,10,585,594,5898,4597,32003,18638,2729,0,0,22878,10821,69,874,0,3,2,0,5
849,5557,850.0838712871952,99696,1518,994,210,90,110569,65142,1.762467902423367,767,546,10835,16328,35639,28468,1029,3572,48492,36007,11,11,578,592,5871,4579,32008,18766,2726,0,0,22859,10768,67,870,0,5,2,0,5
850,5557,851.0837870800625,99696,1506,978,210,90,110762,65276,1.765747873535548,738,534,10909,16387,35613,28458,1022,3551,48493,36008,12,12,572,586,5837,4582,32044,18863,2718,0,0,22844,10707,66,865,0,5,2,0,5
851,5557,852.0849187958951,99696,1483,961,210,90,110956,65406,1.7689977531696357,693,509,10978,16449,35618,28454,1016,3535,48494,36009,14,14,562,581,5813,4578,32073,18971,2710,0,0,22819,10650,65,861,0,6,2,0,5
852,5557,853.0869946765497,99696,1432,962,210,90,111119,65549,1.7720670839351629,695,472,11036,16505,35612,28452,1013,3517,48495,36010,16,16,554,575,5784,4576,32110,19070,2701,0,0,22797,10593,64,858,0,7,2,0,5
853,5557,854.0901343949619,99696,1393,955,210,90,111291,65682,1.7751263842079923,651,444,11113,16568,35626,28448,1005,3493,48496,36011,19,18,547,569,5755,4569,32158,19169,2694,0,0,22759,10546,63,851,0,7,3,0,6
854,5557,855.0943191130622,99696,1406,926,210,90,111471,65778,1.7778948001925854,639,451,11202,16626,35542,28429,999,3476,48497,36012,23,21,541,565,5737,4565,32181,19254,2688,0,0,22734,10499,63,848,0,10,4,0,7
855,5557,856.100898237324,99696,1397,909,210,90,111637,65876,1.780542850264805,632,467,11277,16686,35484,28379,998,3467,48498,36013,28,25,538,562,5718,4552,32188,19353,2685,0,0,22710,10461,62,845,0,11,4,0,7
856,5557,857.10902790982,99696,1334,897,210,90,111786,66004,1.783321296742096,625,472,11344,16737,35489,28354,996,3448,48499,36014,34,30,531,556,5686,4538,32216,19468,2682,0,0,22666,10421,62,843,0,16,4,0,7
857,5557,858.1182864558369,99696,1295,896,210,90,111943,66124,1.786099743219387,609,459,11423,16801,35464,28317,997,3435,48500,36015,42,36,528,553,5662,4524,32254,19561,2673,0,0,22629,10377,62,839,0,21,5,0,8
858,5557,859.128692752582,99696,1278,886,210,90,112101,66239,1.7888380677258866,590,439,11477,16889,35443,28267,1000,3427,48501,36016,51,43,524,550,5638,4509,32298,19642,2667,0,0,22607,10322,62,837,0,24,5,0,11
859,5557,860.1405429350798,99696,1254,863,210,90,112257,66347,1.7914861177981063,565,427,11568,16935,35401,28266,1000,3417,48502,36017,63,51,518,544,5613,4504,32329,19733,2661,0,0,22576,10271,61,835,0,29,8,0,14
860,5557,861.1544327335553,99696,1228,847,210,90,112390,66449,1.7938432835820894,583,421,11639,16999,35334,28231,1004,3410,48503,36018,77,61,510,540,5600,4500,32346,19816,2656,0,0,22549,10225,61,832,0,35,11,0,15
861,5557,862.1704498639325,99696,1230,855,210,90,112562,66559,1.7966718825228696,550,416,11716,17047,35290,28189,1002,3401,48504,36019,94,73,509,538,5576,4481,32373,19904,2648,0,0,22522,10179,61,828,0,43,14,0,20
862,5557,863.1882175597699,99696,1212,854,210,90,112700,66674,1.7992095971754132,567,395,11776,17112,35227,28147,1006,3400,48505,36020,115,87,506,536,5550,4472,32406,19988,2641,0,0,22483,10136,61,822,2,53,16,0,24
863,5557,864.0036629209678,99696,1175,834,210,90,112809,66760,1.8011655432514846,561,385,11838,17140,35195,28133,1019,3416,48506,36021,140,103,502,532,5532,4468,32392,20085,2633,0,0,22464,10094,61,821,2,64,18,0,28
864,5557,865.0248362584975,99695,1133,799,211,90,112949,66849,1.8034806158784291,580,384,11901,17187,35143,28123,1030,3415,48507,36022,170,122,501,528,5510,4463,32420,20183,2624,0,0,22404,10050,61,814,5,78,20,0,34
865,5557,866.0483414978833,99695,1130,773,211,90,113099,66941,1.805908019459351,556,368,11985,17225,35067,28113,1049,3429,48508,36023,206,143,498,524,5488,4458,32417,20289,2618,0,0,22359,10006,61,812,6,96,24,0,39
866,5557,867.0744197174151,99695,1103,761,211,90,113245,67026,1.8082250865138674,548,346,12059,17274,35011,28073,1066,3454,48509,36024,248,168,496,518,5462,4463,32407,20400,2609,0,0,22307,9965,60,810,6,112,30,0,50
867,5557,868.1028510160152,99694,1110,724,211,91,113398,67109,1.8106104680321784,530,350,12131,17311,34931,28042,1085,3480,48510,36025,297,196,495,516,5443,4453,32388,20514,2603,0,0,22273,9913,59,807,7,134,32,0,57
868,5557,869.1340507115464,99694,1071,702,211,91,113517,67191,1.812626637510783,538,358,12213,17355,34856,27984,1109,3508,48511,36026,354,228,494,512,5415,4457,32370,20623,2589,0,0,22240,9861,59,804,8,156,36,0,70
869,5557,870.167696072328,99694,1037,698,211,91,113654,67281,1.814903605031396,527,370,12284,17390,34795,27903,1144,3546,48512,36027,420,265,492,508,5394,4445,32363,20728,2581,0,0,22199,9804,59,802,9,184,42,0,84
870,5557,871.2038819366917,99694,1012,668,211,91,113784,67374,1.8171404497763155,507,363,12362,17431,34728,27843,1178,3602,48513,36028,496,307,488,507,5369,4433,32384,20828,2573,0,0,22139,9739,57,799,10,219,44,0,105
871,5557,872.0347731727242,99694,974,665,211,91,113873,67454,1.818835637049371,508,338,12443,17475,34642,27756,1220,3673,48514,36029,583,354,486,504,5346,4427,32335,20951,2569,0,0,22089,9696,57,796,10,259,54,0,115
872,5557,873.0768692739009,99693,951,626,212,91,114001,67543,1.821030563830961,493,309,12527,17522,34552,27704,1263,3746,48515,36030,682,407,482,500,5310,4416,32323,21076,2562,0,0,22032,9636,57,790,12,301,66,0,130
873,5557,874.1225256026597,99693,941,621,212,91,114127,67646,1.8233276157804459,476,282,12601,17564,34461,27621,1307,3819,48516,36031,794,466,478,499,5286,4407,32312,21192,2556,0,0,21959,9572,57,786,14,345,74,0,156
874,5557,875.1718012061737,99693,933,620,212,91,114248,67735,1.8254340826336855,468,272,12659,17589,34361,27509,1365,3917,48517,36032,921,532,472,497,5252,4400,32257,21326,2553,0,0,21905,9506,56,779,18,389,94,0,189
875,5557,876.0134033229828,99692,914,606,212,92,114357,67794,1.8271375837579746,441,281,12692,17596,34308,27385,1431,4038,48518,36033,1063,605,471,492,5220,4387,32198,21461,2552,0,0,21839,9452,56,777,19,447,107,0,214
876,5557,877.068189138717,99691,876,610,213,92,114466,67888,1.829192203910082,432,246,12776,17622,34197,27257,1504,4171,48519,36034,1222,686,470,488,5188,4384,32135,21609,2540,0,0,21769,9386,56,769,21,508,125,0,243
877,5557,878.1266481468195,99691,852,566,213,92,114601,67948,1.8311482480865875,405,248,12824,17659,34119,27119,1585,4314,48520,36035,1399,775,467,485,5151,4367,32098,21760,2533,0,0,21667,9315,56,764,25,585,140,0,278
878,5557,879.18850987099,99691,837,542,213,92,114709,68015,1.832903672347554,388,246,12870,17664,34010,26968,1680,4486,48521,36036,1596,873,461,478,5114,4365,32011,21927,2531,0,0,21577,9255,56,759,27,661,161,0,308
879,5557,880.0410518220026,99691,795,519,213,92,114779,68058,1.8340371748703495,384,249,12913,17648,33919,26820,1774,4670,48522,36037,1814,980,461,476,5085,4363,31928,22076,2523,0,0,21473,9187,55,756,29,741,181,0,357
880,5557,881.1106469523413,99691,764,502,213,92,114885,68120,1.835722382160877,361,245,12985,17661,33800,26623,1875,4875,48523,36038,2053,1097,458,473,5049,4363,31815,22266,2512,0,0,21364,9112,55,751,32,836,205,0,400
881,5557,882.1849694758537,99690,764,482,213,93,115000,68183,1.837526331628047,338,235,13069,17655,33626,26446,1988,5087,48524,36039,2315,1224,456,470,4997,4366,31676,22475,2502,0,0,21239,9044,54,741,36,946,245,0,443
882,5557,883.0486749432297,99690,730,477,213,93,115061,68237,1.838679907713913,354,233,13083,17599,33498,26258,2120,5338,48525,36040,2601,1362,455,470,4960,4365,31546,22660,2493,0,0,21104,8965,53,737,38,1059,280,0,505
883,5557,884.1330777058131,99690,706,474,213,93,115144,68310,1.8402447587521316,354,213,13131,17573,33339,26038,2255,5607,48526,36041,2912,1511,452,469,4922,4355,31399,22876,2491,0,0,20972,8878,53,732,43,1174,308,0,566
884,5557,885.004857060885,99690,679,456,213,93,115211,68356,1.8413782726452002,354,210,13152,17527,33191,25814,2409,5898,48527,36042,3249,1672,451,468,4871,4349,31251,23078,2487,0,0,20825,8794,53,723,52,1309,349,0,630
885,5557,886.1002016766814,99690,679,405,213,93,115309,68411,1.842913030394222,318,202,13223,17489,33000,25606,2565,6203,48528,36043,3612,1845,450,465,4820,4343,31088,23324,2483,0,0,20651,8699,53,715,57,1457,385,0,700
886,5557,887.2025279478534,99690,648,396,213,93,115406,68475,1.8445280369144348,320,193,13246,17402,32835,25355,2736,6559,48529,36044,4002,2030,448,463,4773,4338,30879,23597,2479,0,0,20485,8601,52,710,61,1611,424,0,769
887,5557,888.0890555152017,99690,630,382,213,93,115479,68516,1.845671581903902,304,198,13259,17302,32673,25089,2919,6934,48530,36045,4419,2228,446,463,4725,4338,30693,23836,2475,0,0,20284,8510,51,700,68,1793,464,0,844
888,5557,889.203923836184,99689,639,371,214,93,115565,68567,1.847064370191295,285,187,13312,17220,32433,24790,3115,7337,48531,36046,4863,2439,446,463,4670,4333,30490,24091,2468,0,0,20082,8415,51,693,73,1980,514,0,920
889,5557,890.1020909514633,99689,618,355,214,93,115638,68605,1.8481778330608192,271,193,13322,17123,32252,24481,3321,7753,48532,36047,5334,2663,444,460,4624,4329,30290,24341,2464,0,0,19864,8312,51,685,81,2189,553,0,1002
890,5557,891.0056432004064,99689,607,354,214,93,115704,68654,1.8493314207184344,258,175,13349,16997,32029,24185,3541,8194,48533,36048,5832,2900,441,455,4565,4331,30049,24625,2460,0,0,19666,8200,50,678,87,2383,603,0,1096
891,5557,892.1438871206678,99688,563,342,215,93,115771,68700,1.8504835085466655,261,170,13409,16876,31786,23858,3764,8659,48534,36049,6356,3151,437,454,4495,4325,29800,24936,2458,0,0,19470,8073,50,668,95,2573,655,0,1199
892,5557,893.061412265167,99688,551,337,215,93,115822,68746,1.851456544418586,264,152,13420,16768,31543,23512,4005,9136,48535,36050,6905,3415,437,452,4447,4316,29567,25218,2455,0,0,19239,7941,50,659,102,2796,696,0,1313
893,5557,894.2181741739029,99688,538,323,215,93,115895,68794,1.8526703314340742,253,132,13451,16638,31289,23177,4252,9635,48536,36051,7478,3692,437,450,4374,4308,29295,25549,2451,0,0,19014,7816,50,645,114,3017,755,0,1413
894,5557,895.1508501701942,99688,518,314,215,93,115952,68828,1.8535831795201028,245,124,13454,16499,31050,22802,4516,10166,48537,36052,8073,3983,435,449,4310,4307,29002,25883,2447,0,0,18756,7690,50,636,122,3272,804,0,1525
895,5557,896.0911440496823,99688,513,311,215,93,116013,68859,1.8545060589037798,237,126,13460,16327,30772,22426,4801,10715,48538,36053,8689,4287,435,448,4237,4305,28699,26223,2443,0,0,18490,7579,50,624,131,3527,871,0,1626
896,5557,897.039779626109,99688,511,305,215,93,116073,68888,1.8553988443945109,219,118,13450,16162,30516,22036,5087,11284,48539,36054,9324,4603,434,448,4176,4297,28383,26575,2441,0,0,18205,7448,50,618,137,3806,928,0,1742
897,5557,898.2369537260214,99688,499,275,215,93,116136,68921,1.8563618489687825,213,119,13473,16045,30214,21612,5384,11854,48540,36055,9976,4932,433,448,4102,4286,28086,26932,2438,0,0,17924,7321,50,603,149,4073,993,0,1850
898,5557,899.20373043456,99688,485,264,215,93,116187,68946,1.857124227590081,205,119,13455,15877,29932,21203,5706,12442,48541,36056,10642,5272,432,448,4031,4278,27742,27311,2437,0,0,17679,7176,50,595,155,4320,1058,0,1976
899,5557,900.1799882559825,99688,487,251,215,93,116226,68960,1.8576558863654602,228,146,13520,15951,29863,21157,5685,12400,48541,36056,10642,5272,430,448,4024,4278,27755,27325,2438,0,0,17674,7163,50,594,155,4320,1058,0,1976
900,5557,900.1799882559825,99688,491,257,215,93,116243,68970,1.857926731401974,227,140,13432,15692,29610,20793,6023,13023,48541,36056,11321,5624,430,448,3953,4275,27398,27689,2438,0,2,17395,7036,50,584,165,4598,1126,0,2101
901,5557,901.1661844767258,99688,472,248,215,93,116299,69000,1.8587894229997592,240,156,13391,15503,29325,20375,6355,13623,48541,36056,12009,5986,427,446,3891,4266,27074,28054,2434,3,18,17074,6888,50,572,175,4901,1182,2,2231
902,5557,902.1619503881614,99688,465,246,215,93,116361,69033,1.8597423962763824,231,164,13358,15299,29034,19952,6695,14244,48541,36056,12705,6358,427,446,3827,4256,26723,28442,2433,3,32,16760,6742,50,561,182,5197,1242,2,2363
903,5557,903.1681829073634,99688,459,250,215,93,116416,69070,1.8606652756600595,240,163,13371,15116,28671,19509,7042,14867,48541,36056,13406,6739,426,445,3753,4253,26375,28820,2430,4,38,16423,6621,49,547,194,5518,1312,2,2478
904,5557,904.18653122414,99688,448,253,215,93,116477,69108,1.8616583741272772,241,163,13327,14913,28376,19108,7391,15468,48541,36056,14109,7129,424,445,3666,4249,26000,29233,2426,6,47,16112,6481,49,539,201,5808,1391,2,2609
905,5557,905.2158673641577,99688,447,262,215,93,116541,69156,1.8627818794639275,235,137,13283,14759,28066,18697,7752,16050,48541,36056,14812,7526,424,445,3586,4249,25670,29605,2420,6,54,15791,6343,48,530,208,6102,1465,4,2738
906,5557,906.2567800703092,99688,439,252,215,93,116595,69192,1.8636846962523073,239,137,13260,14566,27728,18303,8117,16647,48541,36056,15512,7930,423,445,3514,4245,25329,29990,2420,7,68,15465,6194,46,516,219,6397,1533,6,2871
907,5557,907.0460138823864,99688,435,255,215,93,116636,69218,1.8643567931947678,243,124,13199,14357,27415,17921,8491,17248,48541,36056,16208,8339,422,444,3441,4243,24940,30405,2416,8,70,15164,6067,46,501,233,6685,1601,7,2995
908,5557,908.1116216883621,99688,439,245,215,93,116699,69253,1.8653398603643367,238,124,13182,14188,27059,17519,8865,17829,48541,36056,16897,8753,422,444,3372,4240,24581,30799,2415,8,85,14831,5931,46,487,245,6991,1668,9,3114
909,5557,909.1911411288949,99688,446,255,215,93,116773,69292,1.8664733969986358,226,129,13145,14042,26728,17086,9238,18393,48541,36056,17577,9171,422,443,3303,4239,24189,31222,2409,8,98,14527,5803,46,477,253,7277,1734,9,3229
910,5557,910.0099358169425,99688,431,257,215,93,116816,69325,1.8672357756199343,248,132,13089,13833,26399,16716,9616,18967,48541,36056,18246,9592,418,442,3233,4241,23824,31615,2404,12,100,14228,5662,45,469,261,7559,1798,12,3365
911,5557,911.1161397057693,99688,430,240,215,93,116890,69353,1.8682589679800978,237,133,13012,13662,26096,16360,10008,19510,48541,36056,18902,10014,415,441,3166,4235,23462,32019,2400,15,109,13909,5530,45,461,268,7852,1862,13,3486
912,5557,912.235740935639,99688,430,243,215,93,116963,69388,1.8693423481261535,225,129,12983,13516,25760,15979,10385,20038,48541,36056,19545,10437,414,440,3101,4230,23114,32405,2398,16,119,13596,5401,45,452,277,8139,1923,16,3602
913,5557,913.0852504219549,99688,422,229,215,93,117005,69413,1.870014445068614,230,141,12935,13339,25438,15632,10758,20564,48541,36056,20172,10860,414,440,3040,4222,22736,32821,2397,16,124,13354,5276,45,440,288,8358,1979,19,3719
914,5557,914.2339464413099,99688,426,234,215,93,117072,69455,1.8711078565123185,227,133,12913,13184,25086,15298,11131,21056,48541,36056,20783,11282,414,439,2978,4222,22362,33228,2391,16,135,13065,5169,45,433,294,8627,2036,20,3814
915,5557,915.1061867203582,99688,425,241,215,93,117121,69486,1.8719103603242115,223,123,12860,13020,24767,14974,11508,21547,48541,36056,21377,11702,414,438,2911,4220,22033,33586,2385,16,145,12783,5055,45,421,306,8894,2098,24,3914
916,5557,916.2861260882984,99688,420,235,215,93,117189,69528,1.8730138030655645,206,107,12865,12932,24420,14640,11872,21991,48541,36056,21953,12119,411,438,2851,4211,21677,33986,2383,19,159,12505,4934,45,411,314,9145,2154,26,4019
917,5557,917.1824214692436,99688,427,230,215,93,117242,69551,1.873776181686863,212,114,12833,12773,24076,14325,12235,22463,48541,36056,22510,12532,411,438,2797,4206,21343,34350,2382,19,159,12244,4828,45,403,322,9384,2206,32,4119
918,5557,918.0913626208576,99688,411,221,215,93,117290,69575,1.8744984351175669,214,109,12791,12680,23777,14014,12590,22881,48541,36056,23048,12941,410,438,2733,4205,21027,34699,2379,20,161,11998,4716,45,392,330,9611,2263,38,4223
919,5557,919.0123491457973,99688,406,213,215,93,117340,69596,1.875210657250622,216,108,12736,12562,23485,13735,12940,23287,48541,36056,23567,13344,408,437,2665,4205,20716,35037,2375,22,168,11759,4602,45,381,340,9832,2328,41,4327
920,5557,920.2573175892559,99688,411,206,215,93,117405,69628,1.8761836931225424,218,95,12728,12496,23171,13440,13255,23668,48541,36056,24067,13742,407,436,2601,4201,20409,35377,2370,23,179,11520,4499,45,371,349,10052,2389,45,4415
921,5557,921.2026048937048,99687,403,194,215,94,117464,69653,1.877045151323643,195,98,12690,12385,22902,13191,13593,24036,48541,36056,24547,14133,405,435,2550,4196,20100,35720,2366,25,183,11285,4410,45,361,357,10274,2431,50,4494
922,5557,922.1594556667206,99687,405,192,215,94,117510,69673,1.877707223609899,189,91,12653,12279,22612,12951,13924,24391,48541,36056,25008,14517,405,434,2501,4195,19800,36041,2364,25,183,11069,4315,45,353,365,10475,2478,54,4585
923,5557,923.1282642208541,99687,397,187,215,94,117559,69694,1.8784094214892615,195,94,12618,12190,22344,12704,14229,24729,48541,36056,25450,14894,404,433,2453,4190,19512,36359,2359,26,182,10862,4233,45,350,368,10672,2517,60,4662
924,5557,924.1091199876016,99687,390,196,215,94,117612,69727,1.8792721217410495,187,76,12601,12133,22073,12449,14532,25050,48541,36056,25873,15263,404,433,2394,4185,19232,36674,2357,26,182,10643,4169,45,345,372,10873,2567,62,4724
925,5557,925.1022401040339,99687,380,177,215,94,117654,69745,1.8798740056376457,194,79,12598,12071,21793,12231,14818,25346,48541,36056,26278,15624,402,433,2356,4179,18982,36952,2355,28,184,10446,4088,45,333,382,11053,2604,69,4796
926,5557,926.1079615041339,99687,375,168,215,94,117699,69757,1.8804457953394123,196,90,12572,12006,21530,12018,15110,25622,48541,36056,26665,15977,401,432,2315,4179,18747,37206,2351,29,191,10251,3996,45,324,391,11237,2642,71,4879
927,5557,927.1264254509673,99687,362,166,215,94,117752,69777,1.8811780874136046,181,96,12561,11953,21285,11815,15394,25874,48541,36056,27034,16321,400,430,2269,4180,18518,37463,2346,30,191,10038,3933,45,323,392,11433,2684,77,4935
928,5557,928.1567372705304,99687,354,171,215,94,117800,69804,1.88193044228435,179,87,12571,11928,21032,11606,15647,26112,48541,36056,27386,16656,399,430,2223,4177,18274,37732,2342,31,191,9869,3870,45,316,397,11592,2725,84,4990
929,5557,929.1997228385868,99687,353,166,215,94,117853,69827,1.882692828553372,175,86,12546,11918,20792,11419,15917,26315,48541,36056,27722,16982,398,428,2175,4173,18077,37958,2341,32,192,9705,3807,45,309,403,11741,2768,88,5047
930,5557,930.2549365641361,99687,340,150,215,94,117892,69845,1.8832646182551387,179,80,12552,11906,20552,11243,16160,26525,48541,36056,28042,17299,398,426,2142,4168,17856,38215,2338,32,192,9548,3747,45,302,409,11878,2796,93,5102
931,5557,931.3229987499466,99687,341,150,215,94,117944,69863,1.883966816134501,155,86,12578,11866,20303,11069,16406,26733,48541,36056,28347,17607,397,424,2112,4167,17651,38440,2335,33,195,9391,3692,44,300,410,12027,2822,98,5149
932,5557,932.0424957406373,99687,334,139,215,94,117975,69873,1.8843781034638418,151,93,12539,11811,20095,10911,16664,26950,48541,36056,28637,17906,395,420,2080,4164,17470,38647,2334,35,195,9239,3634,44,298,412,12166,2850,103,5201
933,5557,933.1354552376562,99687,336,136,215,94,118023,69895,1.8850803013432043,139,92,12552,11825,19882,10741,16874,27110,48541,36056,28913,18195,394,420,2045,4162,17274,38863,2331,36,195,9097,3577,44,293,417,12295,2883,109,5252
934,5557,934.2401470900986,99687,311,145,215,94,118056,69922,1.8856821852398005,159,81,12580,11850,19669,10584,17064,27244,48541,36056,29175,18475,394,419,2004,4160,17098,39062,2325,36,196,8962,3522,44,292,418,12418,2922,110,5305
935,5557,935.3573160204745,99687,303,155,215,94,118093,69950,1.88633422612778,154,66,12591,11852,19464,10450,17271,27381,48541,36056,29424,18746,394,418,1975,4156,16926,39254,2323,36,197,8822,3470,44,285,425,12545,2951,115,5351
936,5557,936.1088406049529,99687,303,156,215,94,118121,69967,1.8867856390502271,147,64,12575,11837,19270,10326,17488,27521,48541,36056,29661,19008,394,417,1952,4157,16752,39444,2320,36,195,8710,3422,44,280,430,12647,2972,120,5395
937,5557,937.249377640463,99687,296,141,215,94,118163,69981,1.8873473973537171,148,63,12609,11879,19079,10203,17651,27618,48541,36056,29886,19261,392,417,1926,4157,16595,39619,2313,38,197,8596,3373,44,274,435,12753,2997,128,5433
938,5557,938.0162810950748,99686,294,127,215,95,118185,69989,1.887667275244267,143,70,12596,11890,18903,10070,17847,27746,48541,36056,30100,19506,392,417,1903,4156,16417,39810,2312,38,197,8492,3328,44,271,438,12851,3015,133,5472
939,5557,939.1793130649057,99686,286,129,215,95,118229,70006,1.8882791966775676,146,70,12608,11920,18745,9950,17998,27834,48541,36056,30303,19742,392,414,1869,4160,16259,39987,2308,38,198,8388,3294,44,267,442,12943,3045,136,5502
940,5557,940.3531369929412,99685,286,127,216,95,118277,70023,1.888950193108291,134,71,12631,11965,18581,9853,18150,27887,48541,36056,30496,19970,391,413,1849,4161,16114,40145,2305,39,201,8284,3241,44,260,449,13038,3063,140,5548
941,5557,941.141332747357,99685,286,130,216,95,118309,70036,1.8894016150875257,122,68,12666,11970,18414,9740,18294,27995,48541,36056,30679,20189,391,413,1822,4157,15990,40285,2304,39,203,8186,3209,44,257,451,13129,3087,141,5577
942,5557,942.3356191696099,99685,280,133,216,95,118349,70059,1.8900336058584541,127,63,12705,12046,18246,9616,18424,28045,48541,36056,30853,20400,391,412,1809,4152,15865,40433,2302,39,204,8075,3172,44,255,452,13227,3099,144,5610
943,5557,943.1344571608857,99685,277,132,216,95,118380,70072,1.8904749962381502,119,63,12725,12076,18095,9501,18566,28131,48541,36056,31018,20604,388,412,1791,4152,15734,40580,2299,42,203,7984,3144,44,253,453,13310,3115,145,5636
944,5557,944.3269434547132,99685,262,132,216,95,118421,70093,1.89109695540954,115,60,12779,12137,17952,9406,18674,28168,48541,36056,31174,20800,387,412,1771,4148,15619,40722,2294,43,208,7891,3108,43,250,454,13392,3132,146,5665
945,5557,945.1179968596383,99685,261,130,216,95,118447,70104,1.8914681245924663,113,58,12789,12172,17819,9299,18800,28244,48541,36056,31323,20989,387,412,1753,4150,15487,40865,2290,42,203,7825,3082,43,245,458,13454,3147,152,5690
946,5557,946.2951721241883,99685,242,126,216,95,118478,70125,1.8919897677684707,111,49,12843,12253,17686,9217,18900,28258,48541,36056,31464,21171,387,411,1730,4143,15391,40987,2290,42,207,7735,3050,43,244,459,13527,3169,156,5714
947,5557,947.0767561710271,99685,232,120,216,95,118504,70136,1.892360936951397,102,52,12880,12261,17562,9161,19006,28309,48541,36056,31598,21346,386,410,1710,4142,15297,41096,2288,43,208,7656,3015,43,240,463,13597,3187,157,5747
948,5557,948.241611469073,99685,242,126,216,95,118539,70158,1.892932738125094,99,48,12958,12343,17400,9076,19083,28310,48541,36056,31725,21514,386,410,1698,4138,15200,41213,2287,43,206,7587,2993,43,235,467,13654,3197,160,5768
949,5557,949.0153924689606,99685,225,117,216,95,118555,70164,1.893153433314942,101,53,12971,12403,17292,8991,19193,28339,48541,36056,31846,21675,386,410,1678,4137,15101,41325,2281,43,210,7514,2965,43,235,467,13721,3217,162,5790
950,5557,950.1687972909822,99685,207,117,216,95,118581,70185,1.8936249184932537,112,43,13031,12470,17170,8926,19262,28347,48541,36056,31961,21830,386,408,1662,4133,15025,41423,2278,43,215,7446,2938,43,233,469,13777,3232,164,5810
951,5557,951.3177155727858,99685,212,112,216,95,118613,70197,1.8940663088729497,114,50,13093,12571,17029,8845,19334,28325,48541,36056,32070,21979,384,407,1653,4133,14936,41523,2276,45,216,7384,2904,42,232,470,13832,3241,166,5841
952,5557,952.081315610694,99685,206,114,216,95,118636,70210,1.8944274464563375,111,50,13131,12616,16913,8774,19421,28349,48541,36056,32173,22122,383,407,1641,4128,14855,41620,2275,46,217,7311,2893,42,229,473,13897,3251,168,5849
953,5557,953.2206940594233,99685,203,122,216,95,118668,70234,1.894989216030496,113,36,13163,12712,16796,8715,19507,28318,48541,36056,32271,22260,383,407,1625,4125,14764,41727,2275,46,218,7260,2870,42,225,477,13940,3262,169,5870
954,5557,954.3554547017425,99685,207,118,216,95,118703,70245,1.8954506696092692,99,36,13231,12802,16692,8643,19553,28304,48541,36056,32364,22392,383,407,1615,4128,14671,41833,2270,46,221,7205,2849,42,223,479,13986,3270,173,5884
955,5557,955.1103351681861,99685,201,109,216,95,118719,70248,1.8956412700005016,104,42,13272,12847,16588,8587,19617,28318,48541,36056,32453,22519,383,407,1610,4125,14593,41925,2270,46,218,7145,2834,42,222,480,14036,3275,176,5898
956,5557,956.2384395808828,99685,210,102,216,95,118750,70261,1.8960826603801977,98,48,13357,12939,16463,8523,19654,28291,48541,36056,32537,22641,383,406,1598,4123,14522,42014,2269,46,219,7099,2816,42,222,480,14069,3286,179,5912
957,5557,957.3644140476781,99685,206,90,216,95,118780,70270,1.896473892762201,89,56,13427,13032,16374,8472,19686,28253,48541,36056,32617,22758,383,406,1585,4119,14441,42117,2267,46,222,7054,2802,42,220,482,14107,3290,181,5921
958,5557,958.1139443228923,99685,201,85,216,95,118797,70278,1.8967246827506645,92,52,13475,13089,16273,8426,19741,28251,48541,36056,32693,22871,383,406,1574,4116,14388,42184,2267,46,220,7004,2783,42,219,483,14147,3300,185,5938
959,5557,959.2349347184711,99685,190,78,216,95,118822,70287,1.8970657571349752,85,58,13553,13182,16181,8374,19773,28211,48541,36056,32766,22979,382,406,1565,4117,14326,42265,2261,47,220,6952,2769,42,216,485,14187,3308,188,5949
960,5557,960.3544118378812,99685,168,74,216,95,118845,70297,1.8973967999197472,82,56,13615,13261,16116,8328,19801,28184,48541,36056,32835,23083,380,406,1558,4112,14265,42346,2259,49,224,6909,2753,42,214,486,14220,3313,189,5960
961,5557,961.0998703065953,99685,158,77,216,95,118862,70309,1.897687716306365,75,49,13676,13334,16032,8278,19841,28165,48541,36056,32901,23183,380,405,1552,4115,14202,42417,2255,49,228,6866,2737,42,211,489,14259,3317,190,5971
962,5557,962.2157644391104,99685,155,73,216,95,118885,70322,1.8980488538897526,73,45,13750,13417,15951,8236,19853,28132,48541,36056,32964,23279,380,405,1544,4112,14146,42484,2254,49,232,6836,2717,42,210,490,14284,3323,194,5983
963,5557,963.3311641197847,99685,160,67,216,95,118905,70333,1.8983598334754477,74,44,13832,13508,15853,8202,19863,28082,48541,36056,33024,23371,380,404,1535,4114,14093,42548,2250,49,231,6808,2704,42,208,492,14309,3327,197,5994
964,5557,964.0744170183217,99685,153,67,216,95,118917,70340,1.89855043386668,74,43,13880,13586,15775,8154,19900,28053,48541,36056,33081,23459,380,404,1526,4112,14049,42600,2249,49,229,6781,2690,42,207,493,14333,3334,200,6007
965,5557,965.1872525462173,99685,136,79,216,95,118939,70360,1.898971761047299,70,32,13981,13707,15691,8100,19904,27985,48541,36056,33135,23544,380,404,1518,4106,14001,42665,2247,49,229,6743,2685,42,205,495,14364,3340,201,6011
966,5557,966.2999986387847,99685,140,74,216,95,118966,70366,1.899302803832071,65,35,14071,13786,15600,8060,19906,27948,48541,36056,33187,23626,380,404,1509,4106,13954,42722,2245,49,230,6711,2672,42,205,495,14389,3348,202,6022
967,5557,967.0415995753792,99685,141,75,216,95,118979,70371,1.8994833726237648,57,32,14124,13853,15527,8021,19933,27922,48541,36056,33236,23704,380,403,1503,4102,13927,42758,2245,49,230,6680,2656,42,205,495,14416,3354,203,6037
968,5557,968.152671921092,99685,136,75,216,95,118994,70379,1.8997140994131514,53,34,14228,13965,15445,7969,19920,27860,48541,36056,33283,23779,380,403,1498,4097,13898,42800,2244,49,228,6647,2647,42,202,497,14443,3359,207,6044
969,5557,969.2644386698706,99685,127,80,216,95,119012,70392,1.9000250789988464,55,30,14316,14060,15370,7926,19914,27807,48541,36056,33328,23851,380,403,1491,4097,13847,42860,2241,48,228,6624,2637,42,200,499,14462,3365,210,6051
970,5557,970.0057280792447,99685,129,77,216,95,119024,70399,1.9002156793900788,53,32,14362,14112,15303,7901,19935,27781,48541,36056,33371,23921,379,403,1488,4096,13816,42898,2241,49,229,6588,2629,42,198,501,14493,3367,210,6058
971,5557,971.1168318209883,99685,130,78,216,95,119043,70412,1.9005366905753123,50,30,14474,14216,15213,7860,19915,27719,48541,36056,33412,23988,379,403,1486,4094,13782,42940,2240,49,233,6564,2617,42,196,503,14513,3368,214,6062
972,5557,972.2290529097418,99685,115,68,216,95,119056,70420,1.9007473541656217,54,33,14594,14332,15140,7824,19879,27646,48541,36056,33451,24052,378,403,1482,4090,13737,42999,2240,50,236,6541,2603,42,194,502,14530,3371,216,6071
973,5557,973.3431807422677,99685,108,67,216,95,119067,70432,1.9009780809550083,56,27,14687,14442,15067,7779,19864,27588,48541,36056,33488,24114,378,403,1478,4089,13701,43044,2238,50,237,6518,2595,42,192,504,14549,3373,217,6077
974,5557,974.0866455282769,99685,110,63,216,95,119078,70436,1.9011285549480865,55,27,14763,14516,14996,7748,19858,27549,48541,36056,33524,24173,377,403,1475,4087,13671,43080,2238,51,240,6490,2587,42,191,505,14574,3375,217,6082
975,5557,975.2017692985871,99685,115,59,216,95,119094,70445,1.9013793449365501,56,24,14867,14621,14916,7724,19828,27475,48541,36056,33558,24230,377,403,1467,4088,13638,43122,2237,51,239,6476,2576,42,191,504,14582,3381,218,6093
976,5557,976.3186977016109,99685,113,58,216,95,119108,70455,1.9016201033254752,56,18,14995,14741,14827,7693,19791,27393,48541,36056,33590,24285,377,402,1462,4089,13605,43164,2236,51,241,6453,2570,42,190,505,14599,3384,218,6097
977,5557,977.0233733069314,99685,113,53,216,95,119115,70458,1.9017204193208608,55,17,15034,14778,14779,7682,19801,27373,48541,36056,33621,24338,377,402,1458,4089,13573,43200,2235,51,243,6440,2562,42,189,506,14611,3386,218,6103
978,5557,978.2152730394344,99685,112,45,216,95,119133,70464,1.9019611777097858,51,23,15147,14906,14696,7658,19776,27271,48541,36056,33651,24389,376,402,1456,4086,13534,43248,2234,52,248,6423,2552,42,189,506,14624,3387,220,6106
979,5557,979.3356159981449,99685,109,46,216,95,119143,70472,1.9021417465014796,53,21,15259,15002,14619,7628,19742,27206,48541,36056,33679,24438,375,402,1453,4088,13503,43281,2232,53,249,6408,2541,42,189,506,14637,3390,221,6115
980,5557,980.083412224257,99685,106,46,216,95,119150,70475,1.9022420624968652,51,27,15314,15059,14573,7602,19738,27169,48541,36056,33706,24485,375,402,1449,4087,13481,43308,2232,53,249,6398,2531,42,189,506,14644,3394,221,6124
981,5557,981.2056824356218,99685,107,46,216,95,119168,70483,1.9025028840848672,46,23,15416,15161,14514,7575,19699,27098,48541,36056,33732,24530,373,401,1446,4088,13454,43343,2231,55,250,6378,2525,42,189,506,14659,3395,221,6129
982,5557,982.3300900238329,99685,99,45,216,95,119180,70487,1.902663389677484,45,24,15508,15271,14464,7542,19666,27021,48541,36056,33757,24574,373,400,1443,4091,13429,43374,2230,55,252,6362,2518,41,189,506,14669,3398,221,6134
983,5557,983.0808233149008,99685,100,44,216,95,119191,70494,1.9028439584691779,42,21,15566,15343,14416,7522,19658,26973,48541,36056,33781,24616,373,400,1438,4091,13403,43408,2229,55,254,6351,2512,41,189,506,14674,3402,222,6137
984,5557,984.2078589392919,99685,102,40,216,95,119201,70498,1.9029844008627175,44,19,15657,15459,14356,7493,19623,26892,48541,36056,33804,24656,373,400,1435,4087,13384,43435,2229,55,256,6334,2503,41,189,506,14688,3404,222,6144
985,5557,985.335402436081,99685,89,42,216,95,119213,70504,1.9031649696544113,44,23,15754,15603,14313,7450,19582,26785,48541,36056,33826,24695,372,399,1434,4088,13356,43470,2227,56,258,6320,2498,41,189,506,14697,3405,223,6146
986,5557,986.0895911978777,99685,94,47,216,95,119227,70510,1.9033656016451823,37,23,15826,15673,14263,7427,19562,26733,48541,36056,33847,24733,372,399,1432,4085,13334,43495,2227,56,258,6312,2490,41,189,506,14705,3407,224,6153
987,5557,987.2219693527959,99685,95,36,216,95,119240,70515,1.9035461704368761,33,21,15920,15777,14205,7402,19529,26667,48541,36056,33867,24769,372,398,1427,4085,13315,43521,2227,56,259,6303,2485,41,189,506,14713,3407,227,6154
988,5557,988.3562694850809,99685,91,34,216,95,119249,70519,1.9036765812308774,33,23,16018,15910,14145,7370,19495,26566,48541,36056,33886,24804,372,398,1425,4084,13292,43548,2226,56,261,6293,2480,41,188,507,14721,3409,227,6157
989,5557,989.113676316095,99685,84,30,216,95,119253,70523,1.9037568340271855,36,23,16080,15997,14100,7346,19482,26507,48541,36056,33905,24838,370,398,1423,4084,13271,43573,2226,58,263,6276,2474,41,188,507,14734,3411,227,6161
990,5557,990.2510194598335,99685,77,29,216,95,119261,70530,1.9039073080202638,35,20,16190,16126,14036,7312,19444,26416,48541,36056,33923,24870,370,398,1419,4083,13266,43590,2226,58,261,6264,2468,41,188,507,14736,3415,229,6166
991,5557,991.3388804799459,99685,79,29,216,95,119267,70532,1.9039875608165722,38,19,16249,16190,13998,7286,19418,26379,48541,36056,33940,24901,370,398,1416,4083,13249,43609,2226,58,261,6253,2465,41,188,507,14745,3418,229,6169
992,5557,992.1045428022784,99685,77,29,216,95,119276,70534,1.9040979084114962,34,19,16325,16262,13963,7263,19383,26330,48541,36056,33956,24931,370,398,1414,4082,13232,43631,2226,58,261,6239,2463,41,188,507,14755,3420,230,6170
993,5557,993.052381383988,99685,76,27,216,95,119292,70538,1.9042985404022672,24,18,16434,16403,13917,7238,19331,26217,48541,36056,33972,24960,368,398,1410,4082,13219,43651,2224,60,259,6230,2458,41,187,508,14760,3423,234,6173
994,5557,994.0710382137394,99685,74,22,216,95,119296,70540,1.9043587299994984,26,21,16507,16502,13866,7218,19309,26140,48541,36056,33987,24988,368,398,1407,4083,13210,43666,2223,60,258,6219,2451,41,187,508,14766,3425,236,6179
995,5557,995.026210519119,99685,69,23,216,95,119300,70543,1.9044289511962682,30,18,16575,16570,13824,7195,19284,26097,48541,36056,34002,25015,367,398,1406,4083,13189,43687,2223,61,258,6211,2450,41,187,508,14774,3426,236,6180
996,5557,996.2402610379423,99685,62,25,216,95,119308,70547,1.9045493303907308,29,20,16694,16692,13762,7159,19235,26007,48541,36056,34016,25041,367,398,1405,4082,13169,43711,2223,61,258,6200,2450,41,187,508,14782,3427,237,6179
997,5557,997.1784811613369,99685,58,26,216,95,119314,70550,1.9046396147865776,30,21,16804,16815,13706,7128,19184,25913,48541,36056,34029,25066,367,398,1402,4078,13161,43724,2223,61,259,6188,2446,41,186,509,14794,3429,237,6182
998,5557,998.093128030142,99685,56,32,216,95,119318,70558,1.9047599939810402,27,13,16858,16869,13669,7112,19172,25877,48541,36056,34042,25090,367,398,1400,4078,13150,43738,2222,61,259,6176,2442,41,186,509,14804,3431,238,6185
999,5557,999.1528112723527,99685,61,33,216,95,119330,70563,1.9049305311731957,20,10,16974,16999,13614,7082,19113,25779,48541,36056,34054,25113,367,397,1399,4080,13141,43750,2220,61,259,6167,2440,41,186,509,14811,3432,238,6187
1000,5557,1000.1455156391734,99685,59,30,216,95,119334,70564,1.9049806891708883,21,15,17061,17104,13567,7056,19074,25698,48541,36056,34066,25136,367,397,1397,4079,13127,43767,2220,61,259,6157,2437,41,186,509,14819,3434,239,6189
1001,5557,1001.164666422121,99685,63,30,216,95,119345,70571,1.905161257962582,17,12,17172,17201,13509,7031,19021,25629,48541,36056,34078,25158,367,397,1394,4080,13113,43787,2218,61,259,6147,2437,41,186,509,14825,3436,240,6188
1002,5557,1002.2714911735089,99685,54,25,216,95,119350,70572,1.9052214475598135,20,13,17272,17325,13465,6999,18971,25541,48541,36056,34089,25179,366,397,1393,4079,13099,43805,2218,62,259,6140,2435,41,186,509,14829,3437,243,6187
1003,5557,1003.1203966339941,99685,52,22,216,95,119356,70573,1.9052916687565833,24,12,17364,17443,13415,6969,18927,25457,48541,36056,34100,25199,366,397,1388,4079,13085,43822,2218,62,258,6136,2433,41,186,509,14832,3441,244,6188
1004,5557,1004.1107469725039,99685,51,22,216,95,119363,70576,1.9053919847519687,23,14,17462,17546,13364,6947,18882,25374,48541,36056,34110,25219,366,396,1387,4080,13069,43841,2217,62,258,6134,2431,41,186,509,14832,3442,244,6190
1005,5557,1005.1541921173445,99685,50,24,216,95,119368,70581,1.905492300747354,22,10,17550,17640,13318,6927,18842,25302,48541,36056,34120,25238,366,396,1386,4079,13056,43858,2216,62,258,6130,2428,41,185,510,14835,3442,244,6193
1006,5557,1006.1586433265572,99685,49,21,216,95,119376,70584,1.905602648342278,17,11,17618,17729,13284,6911,18814,25231,48541,36056,34130,25256,366,396,1386,4079,13049,43871,2215,62,257,6122,2425,41,185,510,14840,3441,244,6196
1007,5557,1007.3444576927633,99685,47,20,216,95,119380,70587,1.905672869539048,19,10,17742,17854,13218,6883,18756,25136,48541,36056,34139,25274,365,396,1386,4078,13039,43885,2215,63,257,6116,2424,41,185,510,14843,3441,244,6197
1008,5557,1008.1864124322269,99685,44,20,216,95,119382,70588,1.9057029643376637,20,14,17821,17929,13174,6867,18723,25073,48541,36056,34148,25291,365,396,1384,4079,13027,43899,2214,63,258,6109,2423,41,185,509,14849,3443,244,6197
1009,5557,1009.0631458010979,99685,43,19,216,95,119385,70589,1.905743090735818,20,16,17892,18010,13130,6845,18697,25013,48541,36056,34157,25308,365,396,1382,4079,13018,43911,2214,63,258,6104,2421,41,185,509,14851,3445,244,6199
1010,5557,1010.1328144656878,99685,33,20,216,95,119390,70594,1.9058434067312033,27,16,18029,18160,13064,6812,18629,24895,48541,36056,34165,25324,365,395,1380,4079,13008,43929,2213,63,258,6097,2420,41,185,509,14853,3446,244,6200
1011,5557,1011.3139321983892,99685,31,24,216,95,119393,70601,1.9059437227265887,27,14,18097,18233,13019,6796,18608,24836,48541,36056,34173,25340,365,395,1378,4078,12997,43943,2213,63,257,6093,2420,41,185,508,14857,3447,246,6199
1012,5557,1012.100796938441,99685,34,24,216,95,119401,70603,1.9060440387219741,24,13,18199,18331,12968,6778,18557,24757,48541,36056,34181,25355,365,395,1377,4079,12989,43952,2212,63,257,6091,2417,41,184,509,14858,3448,247,6201
1013,5557,1013.1578282625107,99685,37,22,216,95,119408,70605,1.9061343231178212,19,12,18291,18423,12931,6757,18504,24689,48541,36056,34188,25370,365,395,1375,4079,12982,43961,2211,63,257,6087,2415,41,184,509,14862,3449,248,6202
1014,5557,1014.0532508644076,99685,37,22,216,95,119415,70609,1.9062446707127452,17,10,18380,18503,12889,6739,18459,24629,48541,36056,34195,25384,365,394,1375,4079,12974,43972,2211,63,257,6083,2411,41,183,510,14864,3449,249,6205
1015,5557,1015.1669899320523,99685,33,18,216,95,119416,70610,1.9062647339118222,18,12,18501,18600,12832,6715,18398,24558,48541,36056,34202,25398,364,394,1375,4079,12968,43979,2210,64,258,6080,2407,41,183,510,14867,3449,249,6208
1016,5557,1016.3968214722486,99685,34,20,216,95,119423,70615,1.9063851131062848,16,12,18638,18736,12778,6683,18316,24452,48541,36056,34209,25411,364,394,1374,4079,12960,43990,2210,64,259,6076,2405,41,183,510,14868,3450,250,6208
1017,5557,1017.0079373821263,99685,32,19,216,95,119425,70618,1.9064352711039776,17,10,18708,18809,12744,6663,18281,24402,48541,36056,34216,25424,364,394,1372,4079,12955,43999,2210,64,260,6072,2399,41,183,510,14868,3452,250,6213
1018,5557,1018.108712665653,99685,33,21,216,95,119428,70623,1.906515523900286,17,8,18819,18910,12695,6642,18218,24322,48541,36056,34222,25437,364,394,1368,4079,12952,44003,2210,64,262,6065,2397,41,183,510,14874,3456,251,6212
1019,5557,1019.0198106917567,99685,34,19,216,95,119432,70626,1.9065857450970558,18,6,18929,19004,12648,6619,18153,24255,48541,36056,34228,25449,363,394,1367,4079,12949,44009,2210,65,261,6062,2394,41,183,510,14875,3456,253,6214
1020,5557,1020.1405621892211,99685,35,20,216,95,119438,70628,1.906665997893364,13,8,19005,19114,12611,6592,18118,24169,48541,36056,34234,25461,363,394,1366,4079,12945,44015,2209,65,262,6057,2392,41,182,511,14880,3456,253,6215
1021,5557,1021.2006496757527,99685,34,18,216,95,119441,70629,1.9067061242915182,13,9,19108,19212,12562,6562,18065,24102,48541,36056,34240,25472,363,394,1366,4079,12936,44025,2209,65,263,6054,2388,41,182,511,14882,3456,254,6217
1022,5557,1022.2154648213451,99685,38,15,216,95,119446,70629,1.906756282289211,15,11,19192,19308,12510,6539,18027,24030,48541,36056,34246,25483,363,394,1365,4079,12930,44033,2209,65,263,6048,2387,41,182,511,14886,3457,254,6218
1023,5557,1023.0408099513899,99685,37,18,216,95,119449,70633,1.9068265034859808,13,8,19275,19382,12468,6522,17989,23973,48541,36056,34251,25494,363,394,1364,4078,12926,44039,2209,65,263,6044,2386,41,182,511,14889,3458,254,6219
1024,5557,1024.101980051346,99685,38,18,216,95,119451,70634,1.9068565982845964,15,10,19356,19465,12443,6494,17930,23916,48541,36056,34256,25504,363,394,1363,4077,12923,44044,2209,65,263,6041,2386,41,182,511,14891,3459,254,6219
1025,5557,1025.1050214099062,99685,35,19,216,95,119452,70637,1.9068967246827506,16,12,19457,19580,12399,6467,17875,23825,48541,36056,34261,25514,362,394,1363,4076,12919,44049,2209,66,263,6037,2385,41,182,511,14895,3459,254,6220
1026,5557,1026.0522067216527,99685,34,21,216,95,119456,70639,1.906956914279982,13,10,19567,19663,12351,6441,17817,23768,48541,36056,34266,25524,362,394,1363,4077,12913,44055,2208,66,262,6032,2385,41,182,511,14900,3459,255,6220
1027,5557,1027.0209497373332,99685,34,19,216,95,119461,70642,1.9070371670762902,12,7,19662,19764,12314,6428,17760,23685,48541,36056,34271,25534,362,394,1361,4076,12910,44062,2207,66,262,6027,2385,41,182,511,14904,3460,255,6220
1028,5557,1028.1491845210787,99685,35,17,216,95,119464,70643,1.9070772934744444,12,8,19749,19856,12268,6416,17718,23606,48541,36056,34276,25543,362,394,1359,4076,12904,44070,2207,66,262,6026,2384,41,182,511,14903,3462,255,6221
1029,5557,1029.0500747302,99685,33,13,216,95,119466,70644,1.90710738827306,14,9,19849,19950,12224,6397,17662,23534,48541,36056,34280,25552,362,394,1359,4076,12904,44072,2206,66,264,6019,2381,41,182,511,14909,3462,256,6221
1030,5557,1030.1116143244217,99685,34,12,216,95,119470,70646,1.9071675778702915,11,7,19942,20053,12184,6379,17611,23452,48541,36056,34284,25561,362,393,1359,4077,12900,44078,2205,66,264,6017,2381,41,182,511,14910,3462,256,6221
1031,5557,1031.1051286842603,99685,33,9,216,95,119472,70647,1.907197672668907,17,7,20050,20151,12133,6355,17549,23381,48541,36056,34288,25569,362,393,1359,4077,12892,44086,2205,66,264,6014,2381,41,182,511,14913,3462,257,6220
1032,5557,1032.1141069715882,99685,29,8,216,95,119478,70647,1.9072578622661382,13,8,20183,20282,12082,6323,17475,23282,48541,36056,34292,25577,362,393,1359,4076,12887,44095,2205,66,264,6010,2381,41,181,511,14916,3461,257,6220
1033,5557,1033.307721551759,99685,25,5,216,95,119481,70648,1.9072979886642925,14,9,20290,20393,12036,6300,17417,23196,48541,36056,34296,25585,362,393,1359,4076,12882,44103,2204,66,264,6006,2381,41,181,511,14918,3461,259,6218
1034,5557,1034.042723333793,99685,26,6,216,95,119484,70649,1.9073381150624467,12,8,20342,20459,12007,6285,17395,23145,48541,36056,34300,25593,362,393,1357,4076,12876,44109,2204,66,264,6006,2380,41,181,511,14918,3463,259,6219
1035,5557,1035.0892194493529,99685,24,10,216,95,119486,70654,1.9074083362592165,14,3,20427,20554,11965,6263,17352,23073,48541,36056,34304,25601,362,393,1357,4074,12875,44113,2204,66,264,6004,2378,41,181,511,14919,3463,259,6221
1036,5557,1036.265687610389,99685,24,10,216,95,119489,70654,1.907438431057832,17,4,20561,20686,11907,6233,17273,22970,48541,36056,34308,25608,362,393,1357,4072,12869,44121,2204,66,264,6003,2378,41,181,511,14920,3463,259,6221
1037,5557,1037.1386045114652,99685,27,12,216,95,119492,70656,1.9074885890555249,14,2,20638,20774,11869,6214,17234,22901,48541,36056,34312,25615,362,393,1357,4072,12865,44125,2204,66,264,5999,2378,41,181,511,14924,3463,259,6221
1038,5557,1038.0540862215876,99685,29,12,216,95,119498,70657,1.9075588102522947,11,2,20725,20866,11830,6193,17187,22830,48541,36056,34315,25622,362,393,1357,4072,12863,44129,2203,66,264,5994,2378,41,181,511,14928,3463,259,6221
1039,5557,1039.1462166988008,99685,26,12,216,95,119500,70659,1.9075989366504489,10,0,20846,20993,11772,6164,17128,22734,48541,36056,34318,25629,362,393,1356,4072,12856,44136,2203,66,264,5992,2377,41,181,511,14930,3464,260,6221
1040,5557,1040.2403522661004,99685,23,10,216,95,119502,70659,1.907618999849526,14,2,20947,21128,11724,6135,17074,22628,48541,36056,34321,25636,362,393,1356,4072,12855,44140,2203,66,264,5988,2377,41,181,511,14931,3464,261,6220
1041,5557,1041.2659256716154,99685,27,9,216,95,119507,70659,1.9076691578472187,14,3,21017,21207,11695,6115,17029,22569,48541,36056,34324,25642,362,393,1355,4072,12850,44146,2203,66,264,5987,2377,41,181,511,14932,3464,261,6220
1042,5557,1042.0979699822524,99685,24,9,216,95,119511,70660,1.9077193158449115,12,2,21089,21282,11667,6097,16990,22513,48541,36056,34327,25648,362,393,1354,4071,12846,44154,2203,66,264,5984,2377,41,181,511,14933,3464,262,6219
1043,5557,1043.2584336039474,99685,25,9,216,95,119515,70661,1.9077694738426043,9,2,21197,21393,11623,6082,16928,22417,48541,36056,34330,25654,362,393,1353,4070,12845,44158,2203,66,264,5981,2376,41,181,511,14934,3465,262,6220
1044,5557,1044.2169080881856,99685,24,8,216,95,119517,70661,1.9077895370416813,10,5,21280,21472,11584,6067,16884,22351,48541,36056,34333,25660,362,393,1353,4069,12841,44163,2203,66,264,5977,2376,41,181,511,14938,3465,263,6219
1045,5557,1045.0022579967026,99685,26,7,216,95,119520,70661,1.907819631840297,9,6,21349,21538,11547,6054,16851,22298,48541,36056,34336,25666,362,393,1353,4069,12839,44166,2203,66,264,5975,2374,41,181,511,14939,3465,263,6221
1046,5557,1046.3095004163881,99685,22,8,216,95,119521,70664,1.907859758238451,9,5,21483,21670,11491,6043,16777,22177,48541,36056,34339,25672,362,393,1353,4070,12836,44169,2202,66,265,5974,2372,41,181,511,14940,3465,264,6221
1047,5557,1047.2147082777499,99685,17,7,216,95,119522,70665,1.9078798214375283,9,4,21570,21770,11460,6026,16726,22096,48541,36056,34342,25677,362,393,1353,4069,12837,44172,2202,66,263,5972,2370,41,181,511,14941,3465,264,6223
1048,5557,1048.0925409998704,99685,17,7,216,95,119522,70666,1.9078898530370667,12,3,21628,21840,11428,6012,16697,22041,48541,36056,34345,25682,362,393,1353,4069,12835,44175,2202,66,263,5969,2370,41,181,511,14943,3465,264,6223
1049,5557,1049.0225999320833,99685,21,6,216,95,119528,70666,1.9079500426342981,10,4,21710,21917,11396,5992,16645,21984,48541,36056,34348,25687,362,393,1353,4069,12835,44176,2202,66,263,5967,2367,41,181,511,14944,3465,265,6225
1050,5557,1050.3212540190407,99685,19,6,216,95,119529,70666,1.9079600742338365,11,5,21838,22044,11345,5963,16569,21885,48541,36056,34350,25692,362,393,1353,4069,12831,44180,2202,66,262,5967,2367,41,181,511,14944,3465,266,6225
1051,5557,1051.153285469354,99685,18,4,216,95,119532,70666,1.9079901690324523,12,5,21938,22136,11310,5942,16504,21816,48541,36056,34352,25697,362,393,1353,4069,12831,44181,2202,66,263,5965,2365,41,181,511,14945,3465,266,6226
1052,5557,1052.0883703061859,99685,16,3,216,95,119533,70666,1.9080002006319907,13,6,22010,22197,11283,5933,16460,21764,48541,36056,34354,25702,362,393,1353,4071,12828,44185,2200,66,263,5964,2364,41,180,511,14946,3465,266,6227
1053,5557,1053.02681862787,99685,19,4,216,95,119537,70669,1.9080704218287605,13,3,22079,22273,11254,5915,16417,21708,48541,36056,34356,25707,362,393,1353,4071,12822,44192,2200,66,263,5964,2364,41,180,511,14945,3465,266,6227
1054,5557,1054.1497660147008,99685,20,5,216,95,119539,70670,1.9081005166273763,14,2,22200,22392,11208,5889,16340,21615,48541,36056,34358,25712,362,393,1353,4071,12818,44196,2200,66,263,5964,2363,41,180,511,14945,3465,266,6228
1055,5557,1055.1646007760037,99685,19,3,216,95,119540,70670,1.9081105482269147,15,2,22283,22470,11172,5874,16293,21554,48541,36056,34360,25716,362,393,1353,4071,12816,44200,2200,66,262,5962,2363,41,180,511,14945,3465,267,6228
1056,5557,1056.2609632336628,99685,25,3,216,95,119548,70671,1.9082008326227617,9,5,22384,22583,11122,5850,16242,21462,48541,36056,34362,25720,362,393,1353,4070,12812,44206,2200,66,262,5962,2362,41,180,511,14944,3465,267,6229
1057,5557,1057.0567009072693,99685,27,3,216,95,119550,70671,1.9082208958218387,7,6,22419,22622,11109,5842,16220,21430,48541,36056,34364,25724,362,393,1353,4070,12811,44207,2200,66,262,5961,2362,41,179,512,14945,3465,267,6229
1058,5557,1058.2973283897686,99685,24,5,216,95,119552,70673,1.908261022219993,10,7,22538,22745,11064,5815,16146,21331,48541,36056,34366,25728,362,393,1352,4071,12811,44209,2199,66,262,5956,2361,41,179,512,14948,3466,267,6230
1059,5557,1059.2711194444669,99685,28,7,216,95,119557,70675,1.9083312434167627,8,5,22611,22833,11028,5801,16107,21257,48541,36056,34368,25732,362,393,1352,4071,12810,44210,2199,66,262,5954,2360,41,179,512,14950,3466,267,6231
1060,5557,1060.0360564473542,99685,26,8,216,95,119559,70677,1.908371369814917,7,4,22700,22914,10997,5781,16052,21196,48541,36056,34370,25736,362,392,1352,4072,12807,44213,2199,66,262,5953,2360,41,179,512,14951,3466,267,6231
1061,5557,1061.311371184624,99685,24,7,216,95,119560,70678,1.9083914330139942,8,4,22804,23010,10950,5763,15996,21119,48541,36056,34372,25740,362,392,1352,4072,12803,44218,2199,66,262,5950,2360,41,179,512,14953,3466,267,6231
1062,5557,1062.1249436165806,99685,27,6,216,95,119563,70679,1.9084315594121484,6,3,22849,23076,10929,5751,15971,21067,48541,36056,34374,25744,362,392,1351,4072,12803,44219,2199,66,262,5948,2360,41,179,512,14954,3467,267,6231
1063,5557,1063.1796407168436,99685,25,5,216,95,119565,70680,1.908461654210764,8,4,22935,23170,10891,5733,15923,20991,48541,36056,34376,25748,362,392,1351,4072,12802,44222,2198,66,262,5948,2357,41,179,512,14953,3467,267,6234
1064,5557,1064.2948845708813,99685,23,7,216,95,119567,70683,1.9085118122084566,13,5,23026,23272,10853,5698,15867,20921,48541,36056,34378,25752,362,392,1351,4071,12801,44226,2197,66,262,5947,2356,41,179,512,14953,3467,267,6235
1065,5557,1065.0477450961941,99685,19,7,216,95,119567,70684,1.9085218438079952,15,5,23103,23345,10818,5685,15827,20861,48541,36056,34380,25756,361,392,1350,4071,12800,44230,2197,67,262,5946,2355,41,179,512,14952,3467,267,6236
1066,5557,1066.1628347078358,99685,21,7,216,95,119571,70686,1.9085820334052264,14,6,23203,23429,10778,5667,15766,20794,48541,36056,34382,25759,361,392,1350,4069,12799,44233,2197,67,262,5944,2355,41,179,512,14954,3467,268,6235
1067,5557,1067.0402704423987,99685,20,6,216,95,119574,70686,1.9086121282038422,15,6,23260,23507,10761,5651,15726,20733,48541,36056,34384,25762,361,392,1350,4070,12797,44238,2196,67,262,5943,2355,41,178,512,14953,3467,268,6235
1068,5557,1068.0448630743874,99685,21,7,216,95,119577,70688,1.9086622862015348,13,4,23350,23605,10724,5638,15674,20649,48541,36056,34386,25765,361,392,1350,4069,12794,44243,2196,67,262,5942,2355,41,177,512,14954,3467,268,6235
1069,5557,1069.1530165837723,99685,22,6,216,95,119581,70689,1.9087124441992276,11,3,23479,23729,10674,5601,15596,20564,48541,36056,34388,25768,361,392,1349,4070,12794,44244,2195,67,263,5940,2353,41,177,512,14955,3468,268,6236
1070,5557,1070.0475856635278,99685,19,6,216,95,119582,70689,1.9087224757987662,14,3,23563,23799,10641,5580,15545,20515,48541,36056,34390,25771,361,392,1349,4070,12789,44250,2195,67,263,5940,2353,41,177,512,14954,3468,269,6235
1071,5557,1071.054838429616,99685,16,6,216,95,119583,70689,1.9087325073983046,14,4,23629,23852,10609,5568,15514,20473,48541,36056,34392,25774,360,392,1349,4071,12787,44252,2194,68,263,5938,2353,41,177,512,14956,3468,269,6235
1072,5557,1072.1312541217414,99685,18,7,216,95,119587,70691,1.908792696995536,12,4,23721,23925,10573,5555,15458,20412,48541,36056,34394,25777,359,392,1349,4070,12785,44255,2194,69,263,5937,2353,41,177,512,14957,3468,269,6235
1073,5557,1073.2190481627276,99685,15,6,216,95,119588,70692,1.908812760194613,15,3,23800,24034,10544,5537,15408,20323,48541,36056,34396,25780,359,392,1349,4070,12787,44256,2194,69,264,5933,2351,41,177,512,14958,3468,269,6236
1074,5557,1074.1995822474378,99685,16,7,216,95,119591,70694,1.9088629181923058,14,3,23882,24105,10514,5515,15356,20273,48541,36056,34397,25783,359,391,1349,4071,12785,44259,2194,69,264,5932,2351,41,177,512,14958,3468,269,6236
1075,5557,1075.0633787529116,99685,19,7,216,95,119596,70695,1.908923107789537,9,2,23970,24194,10477,5497,15307,20203,48541,36056,34398,25786,359,391,1349,4071,12784,44261,2194,69,264,5931,2351,40,176,513,14959,3468,269,6236
1076,5557,1076.27637589122,99685,21,7,216,95,119601,70696,1.9089832973867684,8,3,24071,24310,10429,5473,15253,20110,48541,36056,34399,25789,359,391,1349,4071,12784,44262,2194,69,265,5931,2349,40,176,513,14958,3468,269,6237
1077,5557,1077.0037757040814,99685,16,7,216,95,119602,70697,1.9090033605858454,8,3,24117,24360,10416,5461,15225,20072,48541,36056,34400,25792,358,391,1347,4070,12784,44265,2194,70,265,5931,2349,40,175,513,14958,3469,269,6237
1078,5557,1078.2146942867944,99685,20,7,216,95,119607,70698,1.9090635501830766,5,3,24220,24455,10366,5443,15171,19995,48541,36056,34401,25795,358,391,1347,4070,12780,44269,2194,70,265,5931,2349,40,175,513,14958,3469,269,6237
1079,5557,1079.0660017075313,99685,19,5,216,95,119609,70698,1.9090836133821538,4,3,24292,24523,10334,5426,15133,19946,48541,36056,34402,25798,358,391,1347,4069,12778,44273,2194,70,266,5930,2347,40,175,513,14959,3468,269,6238
1080,5557,1080.0549014161254,99685,18,3,216,95,119610,70698,1.9090936449816924,6,4,24379,24593,10303,5411,15076,19892,48541,36056,34403,25801,358,391,1347,4069,12777,44276,2193,70,267,5930,2345,40,175,513,14959,3467,269,6239
1081,5557,1081.0673543733894,99685,17,2,216,95,119611,70698,1.9091036765812308,5,6,24482,24715,10266,5383,15012,19797,48541,36056,34404,25804,358,391,1347,4069,12776,44277,2193,70,267,5928,2345,40,175,513,14961,3467,269,6239
1082,5557,1082.2647847146927,99685,16,2,216,95,119614,70698,1.9091337713798464,3,8,24558,24801,10241,5365,14964,19727,48541,36056,34405,25806,358,391,1347,4069,12774,44279,2193,70,267,5927,2345,40,175,513,14962,3467,269,6239
1083,5557,1083.259106175285,99685,16,3,216,95,119616,70699,1.9091638661784622,2,8,24647,24889,10204,5349,14913,19654,48541,36056,34406,25808,358,391,1347,4069,12770,44283,2193,70,267,5927,2345,40,175,513,14962,3467,269,6239
1084,5557,1084.1395848307166,99685,14,3,216,95,119616,70699,1.9091638661784622,3,8,24707,24952,10175,5334,14883,19606,48541,36056,34407,25810,358,391,1347,4068,12768,44286,2193,70,267,5927,2345,40,175,513,14962,3467,269,6239
1085,5557,1085.0733792945277,99685,13,3,216,95,119616,70700,1.9091738977780006,4,7,24770,25039,10145,5316,14850,19538,48541,36056,34408,25812,358,391,1347,4068,12767,44288,2193,70,267,5926,2345,40,175,513,14963,3466,269,6239
1086,5557,1086.0988197275176,99685,14,4,216,95,119617,70703,1.9092140241761548,4,4,24837,25107,10116,5303,14811,19485,48541,36056,34409,25814,358,391,1347,4068,12769,44288,2193,70,267,5923,2344,40,175,513,14964,3466,269,6240
1087,5557,1087.054644389096,99685,15,6,216,95,119620,70706,1.9092742137733862,1,1,24900,25161,10094,5292,14772,19443,48541,36056,34410,25816,358,391,1347,4069,12768,44291,2192,70,267,5922,2344,40,175,513,14963,3466,269,6240
1088,5557,1088.2848943392435,99685,15,7,216,95,119622,70707,1.9093043085720018,2,0,25020,25283,10051,5264,14694,19349,48541,36056,34411,25818,358,391,1347,4069,12765,44294,2192,70,267,5922,2344,40,175,513,14963,3466,269,6240
1089,5557,1089.1393654696153,99685,15,7,216,95,119623,70707,1.9093143401715404,1,1,25078,25343,10024,5251,14664,19301,48541,36056,34412,25820,358,391,1347,4068,12765,44295,2192,70,267,5920,2344,40,175,513,14965,3466,269,6240
1090,5557,1090.0494353873057,99685,13,5,216,95,119623,70707,1.9093143401715404,3,2,25167,25426,9989,5228,14610,19242,48541,36056,34413,25822,358,391,1346,4068,12763,44298,2192,70,267,5920,2344,40,175,513,14965,3466,269,6240
1091,5557,1091.1169487346858,99685,16,7,216,95,119628,70709,1.9093845613683103,1,0,25220,25488,9966,5221,14579,19187,48541,36056,34414,25824,358,391,1346,4067,12761,44301,2192,70,267,5920,2344,40,175,513,14965,3466,269,6240
1092,5557,1092.0159669433876,99685,14,3,216,95,119629,70709,1.9093945929678486,3,0,25274,25543,9947,5211,14544,19146,48541,36056,34415,25826,358,391,1345,4068,12764,44302,2191,70,267,5917,2344,40,175,513,14965,3466,269,6240
1093,5557,1093.1412084544738,99685,13,2,216,95,119629,70709,1.9093945929678486,6,1,25368,25646,9899,5196,14496,19058,48541,36056,34416,25828,358,391,1345,4069,12761,44305,2190,70,267,5917,2344,40,175,513,14965,3466,269,6240
1094,5557,1094.0878460466984,99685,11,3,216,95,119630,70710,1.9094146561669258,5,1,25471,25751,9860,5171,14435,18977,48541,36056,34417,25830,358,391,1343,4068,12761,44307,2190,70,267,5916,2344,40,175,513,14965,3468,269,6240
