,indexID,time,N,Inf_L,Inf_H,Dead_L,Dead_H,cum_cases_L,cum_cases_H,cum_sum_per_N,Exposed_L,Exposed_H,Sus_L,Sus_H,Rec_nat_L,Rec_nat_H,Rec_vax_L,Rec_vax_H,vaccinatedH,vaccinatedL,boostedH,boostedL,count_Naive,count_Delta,count_Delta_vaccine,count_two,count_three,count_four,count_Omicron,count_Omicron_star,count_Omicron_star_vaccine,count_Omicron_vaccine,count_Vaccine,count_WT,count_WT_vaccine,count_WT_vaccine_boost,count_Omicron_vaccine_boost,count_Delta_vaccine_boost,count_Omicron_star_vaccine_boost,count_Vaccine_boost
0,3281,1.1495186115757732,99998,6,6,0,0,10,9,0.00019000380007600152,15,17,49974,49973,4,3,0,0,0,0,0,0,99991,0,0,0,0,0,0,0,0,0,0,7,0,0,0,0,0,0
1,3281,2.0376864333910643,99998,11,6,0,0,15,11,0.00026000520010400205,11,15,49973,49973,4,5,0,0,0,0,0,0,99989,0,0,0,0,0,0,0,0,0,0,9,0,0,0,0,0,0
2,3281,3.1371356060865114,99998,13,10,0,0,17,15,0.0003200064001280026,11,14,49971,49970,4,5,0,0,0,0,0,0,99989,0,0,0,0,0,0,0,0,0,0,9,0,0,0,0,0,0
3,3281,4.02400893130111,99998,16,12,0,0,21,19,0.0004000080001600032,14,11,49964,49969,5,7,0,0,0,0,0,0,99986,0,0,0,0,0,0,0,0,0,0,12,0,0,0,0,0,0
4,3281,5.015891604673349,99998,20,17,0,0,26,25,0.0005100102002040041,11,7,49962,49967,6,8,0,0,0,0,0,0,99984,0,0,0,0,0,0,0,0,0,0,14,0,0,0,0,0,0
5,3281,6.006184114943741,99998,21,18,0,0,30,27,0.0005700114002280045,11,6,49958,49966,9,9,0,0,0,0,0,0,99980,0,0,0,0,0,0,0,0,0,0,18,0,0,0,0,0,0
6,3281,7.009634469961866,99998,21,19,0,0,33,28,0.0006100122002440049,9,7,49957,49964,12,9,0,0,0,0,0,0,99977,0,0,0,0,0,0,0,0,0,0,21,0,0,0,0,0,0
7,3281,8.016171914290535,99998,23,20,0,0,37,30,0.0006700134002680054,15,10,49947,49959,14,10,0,0,0,0,0,0,99974,0,0,0,0,0,0,0,0,0,0,24,0,0,0,0,0,0
8,3281,9.014532619746879,99998,21,18,0,0,40,33,0.0007300146002920058,16,9,49943,49957,19,15,0,0,0,0,0,0,99964,0,0,0,0,0,0,0,0,0,0,34,0,0,0,0,0,0
9,3281,10.036038820563737,99998,26,19,0,0,48,37,0.0008500170003400068,11,6,49940,49956,22,18,0,0,0,0,0,0,99958,0,0,0,0,0,0,0,0,0,0,40,0,0,0,0,0,0
10,3281,11.001810962509483,99998,28,18,0,0,53,38,0.0009100182003640072,10,7,49937,49954,24,20,0,0,0,0,0,0,99953,0,0,0,0,0,0,0,0,0,0,45,0,0,0,0,0,0
11,3281,12.010343816341578,99998,26,17,0,0,55,42,0.0009700194003880077,12,5,49934,49952,27,25,0,0,0,0,0,0,99944,0,0,0,0,0,0,0,0,0,0,54,0,0,0,0,0,0
12,3281,13.285455149450243,99998,23,16,0,0,58,45,0.0010300206004120083,17,6,49926,49948,33,29,0,0,0,0,0,0,99934,0,0,0,0,0,0,0,0,0,0,64,0,0,0,0,0,0
13,3281,14.031235396134447,99998,27,17,0,0,64,47,0.0011100222004440088,15,7,49922,49945,35,30,0,0,0,0,0,0,99931,0,0,0,0,0,0,0,0,0,0,67,0,0,0,0,0,0
14,3281,15.202094444640057,99998,27,16,0,0,70,48,0.0011800236004720095,13,8,49918,49943,41,32,0,0,0,0,0,0,99923,0,0,0,0,0,0,0,0,0,0,75,0,0,0,0,0,0
15,3281,16.274562050545498,99998,23,15,0,0,72,49,0.0012100242004840097,17,11,49914,49939,45,34,0,0,0,0,0,0,99915,0,0,0,0,0,0,0,0,0,0,83,0,0,0,0,0,0
16,3281,17.01311079771379,99998,25,17,0,0,77,52,0.0012900258005160102,14,11,49912,49936,48,35,0,0,0,0,0,0,99911,0,0,0,0,0,0,0,0,0,0,87,0,0,0,0,0,0
17,3281,18.01170014661677,99997,27,19,0,1,80,56,0.0013600408012240366,14,10,49909,49933,49,36,0,0,0,0,0,0,99908,0,0,0,0,0,0,0,0,0,0,89,0,0,0,0,0,0
18,3281,19.035410121317547,99997,28,15,0,1,85,58,0.0014300429012870386,11,14,49907,49928,53,41,0,0,0,0,0,0,99898,0,0,0,0,0,0,0,0,0,0,99,0,0,0,0,0,0
19,3281,20.030300248970345,99997,27,17,0,1,88,62,0.0015000450013500405,12,12,49903,49926,57,43,0,0,0,0,0,0,99892,0,0,0,0,0,0,0,0,0,0,105,0,0,0,0,0,0
20,3281,21.04605058803482,99997,32,23,0,1,94,69,0.001630048901467044,9,11,49900,49921,58,43,0,0,0,0,0,0,99890,0,0,0,0,0,0,0,0,0,0,107,0,0,0,0,0,0
21,3281,22.32526615409713,99997,29,23,0,1,98,72,0.001700051001530046,9,15,49897,49914,64,46,0,0,0,0,0,0,99880,0,0,0,0,0,0,0,0,0,0,117,0,0,0,0,0,0
22,3281,23.118277018162686,99997,29,22,0,1,101,75,0.0017600528015840474,10,15,49893,49911,67,50,0,0,0,0,0,0,99873,0,0,0,0,0,0,0,0,0,0,124,0,0,0,0,0,0
23,3281,24.059994541413047,99997,30,26,0,1,102,82,0.0018400552016560497,16,11,49886,49908,67,53,0,0,0,0,0,0,99870,0,0,0,0,0,0,0,0,0,0,127,0,0,0,0,0,0
24,3281,25.240346901721495,99997,31,30,0,1,108,87,0.0019500585017550526,23,9,49875,49905,70,54,0,0,0,0,0,0,99864,0,0,0,0,0,0,0,0,0,0,133,0,0,0,0,0,0
25,3281,26.338851221429202,99997,32,27,0,1,116,88,0.002040061201836055,21,14,49869,49899,77,58,0,0,0,0,0,0,99853,0,0,0,0,0,0,0,0,0,0,144,0,0,0,0,0,0
26,3281,27.07933720706689,99997,31,27,0,1,119,89,0.002080062401872056,23,14,49864,49898,81,59,0,0,0,0,0,0,99848,0,0,0,0,0,0,0,0,0,0,149,0,0,0,0,0,0
27,3281,28.097791699252323,99997,34,23,0,1,124,90,0.0021400642019260576,24,17,49858,49894,83,64,0,0,0,0,0,0,99841,0,0,0,0,0,0,0,0,0,0,156,0,0,0,0,0,0
28,3281,29.203882872324215,99997,28,26,0,1,130,96,0.002260067802034061,25,14,49851,49891,95,67,0,0,0,0,0,0,99826,0,0,0,0,0,0,0,0,0,0,171,0,0,0,0,0,0
29,3281,30.007674845509484,99997,30,28,0,1,133,99,0.0023200696020880627,24,13,49849,49889,96,68,0,0,0,0,0,0,99824,0,0,0,0,0,0,0,0,0,0,173,0,0,0,0,0,0
30,3281,31.08427291390646,99997,23,24,0,1,137,102,0.0023900717021510644,24,13,49845,49886,107,75,0,0,0,0,0,0,99806,0,0,0,0,0,0,0,0,0,0,191,0,0,0,0,0,0
31,3281,32.03254667554487,99997,29,25,0,1,146,108,0.0025400762022860686,22,11,49838,49882,110,80,0,0,0,0,0,0,99798,0,0,0,0,0,0,0,0,0,0,199,0,0,0,0,0,0
32,3281,33.06417286248594,99997,27,25,0,1,147,111,0.00258007740232207,26,10,49833,49880,113,83,0,0,0,0,0,0,99792,0,0,0,0,0,0,0,0,0,0,205,0,0,0,0,0,0
33,3281,34.071205246929,99997,31,26,0,1,154,114,0.0026800804024120725,23,9,49830,49878,115,85,0,0,0,0,0,0,99787,0,0,0,0,0,0,0,0,0,0,210,0,0,0,0,0,0
34,3281,35.057847024288,99996,36,22,0,2,163,116,0.0027901116044641784,20,13,49825,49873,118,89,0,0,0,0,0,0,99777,0,0,0,0,0,0,0,0,0,0,219,0,0,0,0,0,0
35,3281,36.1348173830924,99996,34,21,0,2,168,117,0.0028501140045601825,18,15,49822,49870,125,91,0,0,0,0,0,0,99768,0,0,0,0,0,0,0,0,0,0,228,0,0,0,0,0,0
36,3281,37.157553523173924,99996,36,24,0,2,172,120,0.002920116804672187,22,14,49818,49868,123,91,0,0,0,0,0,0,99766,0,0,0,0,0,0,0,0,0,0,230,0,0,0,0,0,0
37,3281,38.16074467471183,99996,36,23,0,2,178,124,0.0030201208048321933,22,12,49812,49867,129,95,0,0,0,0,0,0,99755,0,0,0,0,0,0,0,0,0,0,241,0,0,0,0,0,0
38,3281,39.058100242428274,99996,31,23,0,2,182,125,0.0030701228049121966,23,13,49807,49865,138,96,0,0,0,0,0,0,99745,0,0,0,0,0,0,0,0,0,0,251,0,0,0,0,0,0
39,3281,40.11081546887379,99996,31,22,0,2,186,127,0.0031301252050082,21,12,49805,49864,142,99,0,0,0,0,0,0,99738,0,0,0,0,0,0,0,0,0,0,258,0,0,0,0,0,0
40,3281,41.19470555319832,99996,32,21,0,2,191,131,0.0032201288051522062,23,13,49798,49859,146,104,0,0,0,0,0,0,99729,0,0,0,0,0,0,0,0,0,0,267,0,0,0,0,0,0
41,3281,42.072540829154704,99996,35,22,0,2,199,133,0.0033201328053122127,19,15,49794,49855,151,105,0,0,0,0,0,0,99723,0,0,0,0,0,0,0,0,0,0,273,0,0,0,0,0,0
42,3281,43.067573054513794,99996,38,23,0,2,205,134,0.003390135605424217,25,17,49782,49852,154,105,0,0,0,0,0,0,99720,0,0,0,0,0,0,0,0,0,0,276,0,0,0,0,0,0
43,3281,44.17426947489147,99996,42,27,0,2,214,138,0.003520140805632225,24,15,49776,49850,157,105,0,0,0,0,0,0,99715,0,0,0,0,0,0,0,0,0,0,281,0,0,0,0,0,0
44,3281,45.121216473995425,99996,38,25,0,2,220,143,0.0036301452058082324,27,11,49767,49849,167,112,0,0,0,0,0,0,99698,0,0,0,0,0,0,0,0,0,0,298,0,0,0,0,0,0
45,3281,46.26610463571528,99996,37,25,0,2,225,146,0.0037101484059362372,22,11,49768,49846,172,115,0,0,0,0,0,0,99689,0,0,0,0,0,0,0,0,0,0,307,0,0,0,0,0,0
46,3281,47.045020720384684,99996,37,26,0,2,227,148,0.00375015000600024,21,10,49767,49845,174,116,0,0,0,0,0,0,99686,0,0,0,0,0,0,0,0,0,0,310,0,0,0,0,0,0
47,3281,48.20797656633324,99996,37,26,0,2,234,152,0.003860154406176247,25,13,49757,49838,180,120,0,0,0,0,0,0,99675,0,0,0,0,0,0,0,0,0,0,321,0,0,0,0,0,0
48,3281,49.137836237291395,99996,37,23,0,2,240,156,0.003960158406336254,26,12,49750,49835,186,127,0,0,0,0,0,0,99662,0,0,0,0,0,0,0,0,0,0,334,0,0,0,0,0,0
49,3281,50.1982877050547,99996,39,23,0,2,246,160,0.00406016240649626,23,10,49748,49834,189,130,0,0,0,0,0,0,99654,0,0,0,0,0,0,0,0,0,0,342,0,0,0,0,0,0
50,3281,51.33489471608948,99996,37,23,0,2,251,163,0.004140165606624265,22,8,49746,49833,194,133,0,0,0,0,0,0,99644,0,0,0,0,0,0,0,0,0,0,352,0,0,0,0,0,0
51,3281,52.29347923911826,99996,40,19,0,2,258,164,0.00422016880675227,21,8,49740,49832,198,138,0,0,0,0,0,0,99635,0,0,0,0,0,0,0,0,0,0,361,0,0,0,0,0,0
52,3281,53.204700436034955,99996,43,22,0,2,261,168,0.004290171606864275,22,7,49736,49829,198,139,0,0,0,0,0,0,99634,0,0,0,0,0,0,0,0,0,0,362,0,0,0,0,0,0
53,3281,54.08115061244314,99996,41,21,0,2,265,169,0.004340173606944278,22,11,49732,49824,204,141,0,0,0,0,0,0,99626,0,0,0,0,0,0,0,0,0,0,370,0,0,0,0,0,0
54,3281,55.14628573561613,99996,39,19,0,2,267,170,0.0043701748069922795,23,12,49729,49824,208,142,0,0,0,0,0,0,99619,0,0,0,0,0,0,0,0,0,0,377,0,0,0,0,0,0
55,3281,56.06588798116029,99996,38,17,0,2,275,172,0.004470178807152286,17,13,49727,49822,217,145,0,0,0,0,0,0,99606,0,0,0,0,0,0,0,0,0,0,390,0,0,0,0,0,0
56,3281,57.2065706802576,99996,37,18,0,2,278,176,0.004540181607264291,20,12,49722,49821,220,146,0,0,0,0,0,0,99599,0,0,0,0,0,0,0,0,0,0,397,0,0,0,0,0,0
57,3281,58.293672230870634,99996,37,19,0,2,284,180,0.004640185607424297,22,14,49717,49816,223,148,0,0,0,0,0,0,99590,0,0,0,0,0,0,0,0,0,0,406,0,0,0,0,0,0
58,3281,59.000467771574975,99996,41,21,0,2,289,185,0.004740189607584304,18,11,49716,49815,224,150,0,0,0,0,0,0,99586,0,0,0,0,0,0,0,0,0,0,410,0,0,0,0,0,0
59,3281,60.170381764529886,99996,35,19,0,2,295,187,0.0048201928077123085,19,17,49709,49807,236,154,0,0,0,0,0,0,99570,0,0,0,0,0,0,0,0,0,0,426,0,0,0,0,0,0
60,3281,61.06498425026267,99996,36,21,0,2,300,190,0.004900196007840313,19,15,49705,49806,239,155,0,0,0,0,0,0,99565,0,0,0,0,0,0,0,0,0,0,431,0,0,0,0,0,0
61,3281,62.13559416947588,99996,30,22,0,2,307,193,0.00500020000800032,18,18,49699,49800,252,157,0,0,0,0,0,0,99550,0,0,0,0,0,0,0,0,0,0,446,0,0,0,0,0,0
62,3281,63.07861682096091,99996,31,26,0,2,312,199,0.005110204408176327,15,13,49697,49800,256,158,0,0,0,0,0,0,99544,0,0,0,0,0,0,0,0,0,0,452,0,0,0,0,0,0
63,3281,64.16633313425855,99996,31,26,0,2,316,203,0.005190207608304332,22,11,49688,49799,258,161,0,0,0,0,0,0,99536,0,0,0,0,0,0,0,0,0,0,460,0,0,0,0,0,0
64,3281,65.14334704015461,99996,26,26,0,2,317,207,0.005240209608384335,24,9,49686,49798,263,164,0,0,0,0,0,0,99526,0,0,0,0,0,0,0,0,0,0,470,0,0,0,0,0,0
65,3281,66.2790860949029,99996,28,19,0,2,324,208,0.005320212808512341,21,11,49683,49795,267,172,0,0,0,0,0,0,99513,0,0,0,0,0,0,0,0,0,0,483,0,0,0,0,0,0
66,3281,67.05161741089582,99996,30,19,0,2,329,209,0.005380215208608344,16,13,49683,49793,270,172,0,0,0,0,0,0,99509,0,0,0,0,0,0,0,0,0,0,487,0,0,0,0,0,0
67,3281,68.03335960133586,99996,30,20,0,2,331,213,0.005440217608704348,21,12,49677,49791,271,174,0,0,0,0,0,0,99504,0,0,0,0,0,0,0,0,0,0,492,0,0,0,0,0,0
68,3281,69.07466339180974,99996,33,19,0,2,340,217,0.005570222808912357,23,11,49666,49789,277,178,0,0,0,0,0,0,99493,0,0,0,0,0,0,0,0,0,0,503,0,0,0,0,0,0
69,3281,70.29692192975804,99996,33,19,0,2,341,219,0.0056002240089603585,29,10,49660,49788,277,180,0,0,0,0,0,0,99490,0,0,0,0,0,0,0,0,0,0,506,0,0,0,0,0,0
70,3281,71.13851364721171,99996,39,18,0,2,349,221,0.005700228009120365,31,11,49653,49785,276,183,0,0,0,0,0,0,99485,0,0,0,0,0,0,0,0,0,0,511,0,0,0,0,0,0
71,3281,72.17821162583769,99996,42,16,0,2,358,222,0.005800232009280371,30,13,49645,49782,282,186,0,0,0,0,0,0,99476,0,0,0,0,0,0,0,0,0,0,520,0,0,0,0,0,0
72,3281,73.0272527827011,99996,46,15,0,2,367,224,0.005910236409456379,24,14,49643,49779,286,189,0,0,0,0,0,0,99468,0,0,0,0,0,0,0,0,0,0,528,0,0,0,0,0,0
73,3281,74.17319792318568,99996,44,17,0,2,369,227,0.005960238409536382,27,11,49638,49779,290,190,0,0,0,0,0,0,99463,0,0,0,0,0,0,0,0,0,0,533,0,0,0,0,0,0
74,3281,75.01863979780255,99996,45,17,0,2,373,230,0.006030241209648386,29,9,49632,49779,293,192,0,0,0,0,0,0,99457,0,0,0,0,0,0,0,0,0,0,539,0,0,0,0,0,0
75,3281,76.05255126365499,99996,46,16,0,2,379,231,0.006100244009760391,30,13,49625,49774,298,194,0,0,0,0,0,0,99450,0,0,0,0,0,0,0,0,0,0,546,0,0,0,0,0,0
76,3281,77.04336637420336,99996,44,17,0,2,385,235,0.006200248009920397,29,11,49620,49775,306,194,0,0,0,0,0,0,99439,0,0,0,0,0,0,0,0,0,0,557,0,0,0,0,0,0
77,3281,78.11439881622152,99996,43,19,0,2,390,238,0.006280251210048402,28,12,49618,49773,310,193,0,0,0,0,0,0,99432,0,0,0,0,0,0,0,0,0,0,564,0,0,0,0,0,0
78,3281,79.13766539273813,99996,44,19,0,2,396,242,0.0063802552102084084,27,9,49615,49775,313,194,0,0,0,0,0,0,99423,0,0,0,0,0,0,0,0,0,0,573,0,0,0,0,0,0
79,3281,80.10517667399064,99996,48,21,0,2,406,247,0.006530261210448418,27,7,49605,49773,319,196,0,0,0,0,0,0,99414,0,0,0,0,0,0,0,0,0,0,582,0,0,0,0,0,0
80,3281,81.01521228959547,99996,47,16,0,2,411,248,0.006590263610544422,30,8,49598,49772,324,201,0,0,0,0,0,0,99402,0,0,0,0,0,0,0,0,0,0,594,0,0,0,0,0,0
81,3281,82.09468374420055,99996,47,13,0,2,418,248,0.006660266410656426,33,11,49589,49769,330,204,0,0,0,0,0,0,99392,0,0,0,0,0,0,0,0,0,0,604,0,0,0,0,0,0
82,3281,83.32619909247079,99995,52,16,1,2,428,252,0.00680034001700085,30,11,49583,49769,333,201,0,0,0,0,0,0,99386,0,0,0,0,0,0,0,0,0,0,609,0,0,0,0,0,0
83,3281,84.00885753933484,99995,53,16,1,2,435,252,0.006870343517175859,30,12,49578,49769,337,200,0,0,0,0,0,0,99380,0,0,0,0,0,0,0,0,0,0,615,0,0,0,0,0,0
84,3281,85.01133367115311,99995,56,14,1,2,444,254,0.006980349017450873,23,14,49577,49765,342,204,0,0,0,0,0,0,99370,0,0,0,0,0,0,0,0,0,0,625,0,0,0,0,0,0
85,3281,86.00436639394192,99995,60,13,1,2,452,257,0.007090354517725887,24,17,49569,49760,345,207,0,0,0,0,0,0,99362,0,0,0,0,0,0,0,0,0,0,633,0,0,0,0,0,0
86,3281,87.03896352869835,99995,59,13,1,2,456,263,0.007190359517975899,25,16,49565,49755,349,213,0,0,0,0,0,0,99351,0,0,0,0,0,0,0,0,0,0,644,0,0,0,0,0,0
87,3281,88.016793227754,99995,57,13,1,2,464,267,0.007310365518275914,27,17,49555,49751,359,216,0,0,0,0,0,0,99337,0,0,0,0,0,0,0,0,0,0,658,0,0,0,0,0,0
88,3281,89.03674227651865,99995,62,16,1,2,471,271,0.0074203710185509275,22,17,49554,49749,360,215,0,0,0,0,0,0,99334,0,0,0,0,0,0,0,0,0,0,661,0,0,0,0,0,0
89,3281,90.08884659655908,99995,58,16,1,2,477,275,0.0075203760188009405,24,18,49548,49744,368,219,0,0,0,0,0,0,99320,0,0,0,0,0,0,0,0,0,0,675,0,0,0,0,0,0
90,3281,91.01853527465728,99995,55,15,1,2,479,277,0.0075603780189009455,29,20,49544,49741,370,221,0,0,0,0,0,0,99312,0,0,0,0,0,0,0,0,0,0,683,0,0,0,0,0,0
91,3281,92.22529978171315,99995,51,14,1,2,485,283,0.0076803840192009604,34,19,49536,49737,377,227,0,0,0,0,0,0,99295,0,0,0,0,0,0,0,0,0,0,700,0,0,0,0,0,0
92,3281,93.26676237722998,99995,57,16,1,2,493,287,0.007800390019500975,34,17,49529,49737,378,227,0,0,0,0,0,0,99291,0,0,0,0,0,0,0,0,0,0,704,0,0,0,0,0,0
93,3281,94.14137332005225,99995,60,21,1,2,505,292,0.007970398519925996,34,13,49518,49736,386,227,0,0,0,0,0,0,99282,0,0,0,0,0,0,0,0,0,0,713,0,0,0,0,0,0
94,3281,95.17450272588061,99995,61,21,1,2,514,295,0.00809040452022601,36,12,49508,49735,393,229,0,0,0,0,0,0,99271,0,0,0,0,0,0,0,0,0,0,724,0,0,0,0,0,0
95,3281,96.07701850047616,99995,61,20,1,2,526,300,0.008260413020651032,33,11,49502,49732,402,234,0,0,0,0,0,0,99253,0,0,0,0,0,0,0,0,0,0,742,0,0,0,0,0,0
96,3281,97.00518001288843,99995,54,17,1,2,527,301,0.008280414020701034,38,16,49496,49726,410,238,0,0,0,0,0,0,99241,0,0,0,0,0,0,0,0,0,0,754,0,0,0,0,0,0
97,3281,98.24399755011012,99995,62,15,1,2,548,303,0.008510425521276064,30,18,49486,49724,420,240,0,0,0,0,0,0,99224,0,0,0,0,0,0,0,0,0,0,771,0,0,0,0,0,0
98,3281,99.32115057646479,99995,61,16,1,2,556,306,0.008620431021551078,28,21,49482,49718,427,242,0,0,0,0,0,0,99213,0,0,0,0,0,0,0,0,0,0,782,0,0,0,0,0,0
99,3281,100.24274534616748,99995,61,21,1,2,563,312,0.008750437521876094,29,20,49476,49713,432,243,0,0,0,0,0,0,99205,0,0,0,0,0,0,0,0,0,0,790,0,0,0,0,0,0
100,3281,101.17426062412157,99994,59,21,2,2,569,314,0.008830529831789908,32,22,49469,49709,437,245,0,0,0,0,0,0,99195,0,0,0,0,0,0,0,0,0,0,799,0,0,0,0,0,0
101,3281,102.03562325796494,99994,58,25,2,2,575,319,0.008940536432185932,38,24,49458,49703,443,245,0,0,0,0,0,0,99187,0,0,0,0,0,0,0,0,0,0,807,0,0,0,0,0,0
102,3281,103.06194344887842,99994,62,27,2,2,588,325,0.009130547832869972,35,21,49451,49701,449,248,0,0,0,0,0,0,99174,0,0,0,0,0,0,0,0,0,0,820,0,0,0,0,0,0
103,3281,104.22567916370267,99994,65,28,2,2,596,332,0.009280556833410005,36,22,49445,49693,451,254,0,0,0,0,0,0,99163,0,0,0,0,0,0,0,0,0,0,831,0,0,0,0,0,0
104,3281,105.25223689471875,99994,65,31,2,2,606,339,0.009450567034022042,35,21,49436,49688,461,257,0,0,0,0,0,0,99149,0,0,0,0,0,0,0,0,0,0,845,0,0,0,0,0,0
105,3281,106.27894829516872,99994,64,28,2,2,614,341,0.009550573034382063,34,23,49431,49685,468,261,0,0,0,0,0,0,99135,0,0,0,0,0,0,0,0,0,0,859,0,0,0,0,0,0
106,3281,107.30579122165298,99994,66,24,2,2,622,344,0.009660579634778087,41,24,49418,49681,472,268,0,0,0,0,0,0,99122,0,0,0,0,0,0,0,0,0,0,872,0,0,0,0,0,0
107,3281,108.3328197754422,99994,63,21,2,2,630,349,0.009790587435246115,43,24,49410,49677,481,275,0,0,0,0,0,0,99104,0,0,1,0,0,0,0,0,0,0,889,0,0,0,0,0,0
108,3281,109.0176119661921,99994,63,24,2,2,635,354,0.009890593435606136,44,22,49405,49674,485,277,0,0,0,0,0,0,99097,0,0,1,0,0,0,0,0,0,0,896,0,0,0,0,0,0
109,3281,110.04493091018799,99994,65,28,2,2,645,358,0.010030601836110167,40,22,49401,49670,491,277,0,0,0,0,0,0,99089,0,0,1,0,0,0,0,0,0,0,904,0,0,0,0,0,0
110,3281,111.07232784941695,99994,67,32,2,2,657,364,0.010210612636758206,40,24,49390,49662,500,279,0,0,0,0,0,0,99078,0,0,2,0,0,0,0,0,0,0,914,0,0,0,0,0,0
111,3281,112.09989972130226,99994,68,35,2,2,669,370,0.010390623437406245,40,23,49382,49658,507,281,0,0,0,0,0,0,99064,0,0,2,0,0,0,0,0,0,0,928,0,0,0,0,0,0
112,3281,113.12764543071025,99994,65,31,2,2,676,373,0.010490629437766266,47,23,49369,49656,516,287,0,0,0,0,0,0,99047,0,0,2,0,0,0,0,0,0,0,945,0,0,0,0,0,0
113,3281,114.15564479074807,99994,61,31,2,2,683,380,0.010630637838270297,47,19,49362,49653,527,294,0,0,0,0,0,0,99029,0,0,2,0,0,0,0,0,0,0,963,0,0,0,0,0,0
114,3281,115.0972668115521,99994,65,29,2,2,693,385,0.010780646838810328,43,16,49359,49652,530,300,0,0,0,0,0,0,99017,0,0,3,0,0,0,0,0,0,0,974,0,0,0,0,0,0
115,3281,116.18034530702168,99994,61,23,2,2,708,388,0.010960657639458367,45,18,49344,49647,547,309,0,0,0,0,0,0,98989,0,0,3,0,0,0,0,0,0,0,1002,0,0,0,0,0,0
116,3281,117.108462681953,99994,60,21,2,2,712,391,0.011030661839710383,50,19,49336,49643,551,314,0,0,0,0,0,0,98979,0,0,3,0,0,0,0,0,0,0,1012,0,0,0,0,0,0
117,3281,118.19535424676835,99994,61,22,2,2,724,395,0.011190671440286418,46,21,49330,49640,560,314,0,0,0,0,0,0,98965,0,0,3,0,0,0,0,0,0,0,1026,0,0,0,0,0,0
118,3281,119.22424471107088,99994,62,26,2,2,728,400,0.011280676840610437,47,19,49326,49638,562,314,0,0,0,0,0,0,98961,0,0,3,0,0,0,0,0,0,0,1030,0,0,0,0,0,0
119,3281,120.16455090060796,99994,68,30,2,2,741,406,0.011470688241294477,46,17,49318,49636,565,314,0,0,0,0,0,0,98952,0,0,3,0,0,0,0,0,0,0,1039,0,0,0,0,0,0
120,3281,121.00918760203646,99994,72,32,2,2,751,411,0.01162069724183451,42,15,49313,49633,570,317,0,0,0,0,0,0,98943,0,0,3,0,0,0,0,0,0,0,1048,0,0,0,0,0,0
121,3281,122.22977234823537,99994,68,29,2,2,761,415,0.01176070564233854,50,13,49296,49631,583,324,0,0,0,0,0,0,98922,0,0,3,0,0,0,0,0,0,0,1069,0,0,0,0,0,0
122,3281,123.07301444756396,99994,72,30,2,2,771,419,0.011900714042842571,46,17,49291,49623,588,327,0,0,0,0,0,0,98913,0,0,3,0,0,0,0,0,0,0,1078,0,0,0,0,0,0
123,3281,124.15896331591009,99994,76,29,2,2,783,422,0.012050723043382602,39,20,49286,49617,596,331,0,0,0,0,0,0,98901,0,0,3,0,0,0,0,0,0,0,1090,0,0,0,0,0,0
124,3281,125.05648807517557,99994,78,31,2,2,793,428,0.012210732643958638,43,20,49273,49611,603,335,0,0,0,0,0,0,98889,0,0,3,0,0,0,0,0,0,0,1102,0,0,0,0,0,0
125,3281,126.12023099013929,99994,77,37,2,2,806,437,0.012430745844750684,53,19,49253,49605,614,336,0,0,0,0,0,0,98873,0,0,4,0,0,0,0,0,0,0,1117,0,0,0,0,0,0
126,3281,127.15041312509653,99994,77,36,2,2,821,440,0.012610756645398725,54,21,49238,49601,628,339,0,0,0,0,0,0,98854,0,0,4,0,0,0,0,0,0,0,1136,0,0,0,0,0,0
127,3281,128.05434710594136,99994,88,40,2,2,837,445,0.01282076924615477,51,17,49226,49601,632,339,0,0,0,0,0,0,98848,0,0,4,0,0,0,0,0,0,0,1142,0,0,0,0,0,0
128,3281,129.12774078456175,99994,97,39,2,2,859,450,0.013090785447126827,51,24,49209,49590,640,344,0,0,0,0,0,0,98829,0,0,4,0,0,0,0,0,0,0,1161,0,0,0,0,0,0
129,3281,130.15863521220848,99994,103,35,2,2,879,455,0.013340800448026881,47,25,49195,49584,652,353,0,0,0,0,0,0,98806,0,0,4,0,0,0,0,0,0,0,1184,0,0,0,0,0,0
130,3281,131.18976213387631,99994,102,38,2,2,892,462,0.013540812448746924,49,27,49181,49575,665,357,0,0,0,0,0,0,98788,0,0,4,0,0,0,0,0,0,0,1202,0,0,0,0,0,0
131,3281,132.22118104804696,99994,102,37,2,2,910,468,0.013780826849610977,56,27,49157,49572,682,361,0,0,0,0,0,0,98763,0,0,4,0,0,0,0,0,0,0,1227,0,0,0,0,0,0
132,3281,133.2530248352813,99994,99,35,2,2,922,476,0.01398083885033102,52,26,49149,49565,697,371,0,0,0,0,0,0,98738,0,0,4,0,0,0,0,0,0,0,1252,0,0,0,0,0,0
133,3281,134.28512900963156,99994,103,38,2,2,934,483,0.014170850251015062,50,27,49142,49557,702,375,0,0,0,0,0,0,98726,0,0,4,0,0,0,0,0,0,0,1264,0,0,0,0,0,0
134,3281,135.31734873654955,99994,99,41,2,2,948,492,0.01440086405184311,50,30,49132,49546,716,380,0,0,0,0,0,0,98702,0,0,4,0,0,0,0,0,0,0,1288,0,0,0,0,0,0
135,3281,136.0056169252708,99994,101,41,2,2,956,500,0.014560873652419145,50,32,49126,49536,720,388,0,0,0,0,0,0,98688,0,0,4,0,0,0,0,0,0,0,1302,0,0,0,0,0,0
136,3281,137.03815282708996,99994,104,37,2,2,968,504,0.01472088325299518,54,34,49112,49532,727,394,0,0,0,0,0,0,98671,0,0,4,0,0,0,0,0,0,0,1319,0,0,0,0,0,0
137,3281,138.07091441183306,99994,99,47,2,2,981,516,0.014970898253895235,55,25,49103,49530,740,395,0,0,0,0,0,0,98651,0,0,4,0,0,0,0,0,0,0,1339,0,0,0,0,0,0
138,3281,139.10389412293551,99994,101,48,2,2,1001,522,0.01523091385483129,54,27,49088,49523,754,399,0,0,0,0,0,0,98628,0,0,4,0,0,0,0,0,0,0,1362,0,0,0,0,0,0
139,3281,140.13718539373284,99993,104,52,3,2,1017,530,0.015471082975808306,51,29,49075,49514,766,402,0,0,0,0,0,0,98611,0,0,4,0,0,0,0,0,0,0,1378,0,0,0,0,0,0
140,3281,141.1706838030156,99993,109,55,3,2,1031,541,0.015721100477033394,56,26,49058,49509,773,407,0,0,0,0,0,0,98594,0,0,4,0,0,0,0,0,0,0,1395,0,0,0,0,0,0
141,3281,142.20444252151552,99993,101,54,3,2,1045,548,0.015931115178062463,63,27,49042,49504,790,412,0,0,0,0,0,0,98564,0,0,4,0,0,0,0,0,0,0,1425,0,0,0,0,0,0
142,3281,143.23854236172,99993,99,52,3,2,1058,553,0.016111127778944526,60,29,49034,49499,803,417,0,0,0,0,0,0,98542,0,0,4,0,0,0,0,0,0,0,1447,0,0,0,0,0,0
143,3281,144.272889558446,99993,106,53,3,2,1075,565,0.016401148080365625,56,24,49023,49492,811,428,0,0,0,0,0,0,98521,0,0,4,0,0,0,0,0,0,0,1468,0,0,0,0,0,0
144,3281,145.3074487679812,99993,111,51,3,2,1089,569,0.016581160681247688,54,33,49012,49480,819,433,0,0,0,0,0,0,98507,0,0,5,0,0,0,0,0,0,0,1481,0,0,0,0,0,0
145,3281,146.34219397742208,99993,110,51,3,2,1102,577,0.01679117538227676,64,32,48991,49475,831,439,0,0,0,0,0,0,98485,0,0,5,0,0,0,0,0,0,0,1503,0,0,0,0,0,0
146,3281,147.03220801629706,99993,105,53,3,2,1110,585,0.016951186583060815,68,31,48981,49468,842,445,0,0,0,0,0,0,98466,0,0,5,0,0,0,0,0,0,0,1522,0,0,0,0,0,0
147,3281,148.06750972563034,99993,109,56,3,2,1130,594,0.017241206884481913,70,31,48964,49460,853,450,0,0,0,0,0,0,98444,0,0,5,0,0,0,0,0,0,0,1544,0,0,0,0,0,0
148,3281,149.10306626204024,99993,113,55,3,2,1145,602,0.017471222985608992,68,32,48954,49453,861,457,0,0,0,0,0,0,98424,0,0,5,0,0,0,0,0,0,0,1564,0,0,0,0,0,0
149,3281,150.13882041908514,99993,125,55,3,2,1170,609,0.017791245387177104,58,35,48941,49444,872,463,0,0,0,0,0,0,98404,0,0,5,0,0,0,0,0,0,0,1584,0,0,0,0,0,0
150,3281,151.17481782994196,99993,121,53,3,2,1189,614,0.018031262188353183,57,44,48926,49431,892,469,0,0,0,0,0,0,98374,0,0,5,0,0,0,0,0,0,0,1614,0,0,0,0,0,0
151,3281,152.2111387560637,99993,125,62,3,2,1205,627,0.018321282489774285,58,38,48913,49425,900,472,0,0,0,0,0,0,98358,0,0,5,0,0,0,0,0,0,0,1630,0,0,0,0,0,0
152,3281,153.24768257104844,99993,121,63,3,2,1218,635,0.018531297190803358,67,43,48894,49414,914,477,0,0,0,0,0,0,98335,0,0,6,0,0,0,0,0,0,0,1652,0,0,0,0,0,0
153,3281,154.28454109205896,99993,125,59,3,2,1238,644,0.018821317492224456,70,46,48876,49403,925,489,0,0,0,0,0,0,98306,0,0,6,0,0,0,0,0,0,0,1681,0,0,0,0,0,0
154,3281,155.3217094625962,99993,120,60,3,2,1252,656,0.019081335693498545,74,43,48863,49398,939,496,0,0,0,0,0,0,98276,0,0,6,0,0,0,0,0,0,0,1711,0,0,0,0,0,0
155,3281,156.01332007856314,99993,122,66,3,2,1262,665,0.01927134899442961,78,42,48850,49390,946,499,0,0,0,0,0,0,98265,0,0,6,0,0,0,0,0,0,0,1722,0,0,0,0,0,0
156,3281,157.05098036552863,99993,122,68,3,2,1285,684,0.019691378396487755,70,38,48839,49378,965,513,0,0,0,0,0,0,98225,0,0,6,0,0,0,0,0,0,0,1762,0,0,0,0,0,0
157,3281,158.08894370130903,99993,124,61,3,2,1302,693,0.019951396597761843,72,42,48823,49368,977,526,0,0,0,0,0,0,98195,0,0,7,0,0,0,0,0,0,0,1791,0,0,0,0,0,0
158,3281,159.12725911940723,99992,124,57,4,2,1315,700,0.020151612128970316,81,41,48803,49366,987,533,0,0,0,0,0,0,98171,0,0,7,0,0,0,0,0,0,0,1814,0,0,0,0,0,0
159,3281,160.16590560951533,99992,121,61,4,2,1331,711,0.020421633730698455,85,42,48785,49354,1004,540,0,0,0,0,0,0,98145,0,0,7,0,0,0,0,0,0,0,1840,0,0,0,0,0,0
160,3281,161.20490970893377,99992,116,65,4,2,1350,721,0.020711656932554605,80,43,48773,49345,1026,544,0,0,0,0,0,0,98116,0,0,8,0,0,0,0,0,0,0,1868,0,0,0,0,0,0
161,3281,162.24427357802745,99992,114,68,4,2,1367,736,0.021031682534602768,77,35,48762,49341,1042,553,0,0,0,0,0,0,98085,0,0,8,0,0,0,0,0,0,0,1899,0,0,0,0,0,0
162,3281,163.2839419716255,99992,111,65,4,2,1383,744,0.02127170173613889,86,36,48741,49335,1057,561,0,0,0,0,0,0,98055,0,0,8,0,0,0,0,0,0,0,1929,0,0,0,0,0,0
163,3281,164.32398751912575,99992,111,64,4,2,1398,751,0.021491719337547004,92,36,48725,49329,1067,568,0,0,0,0,0,0,98032,0,0,8,0,0,0,0,0,0,0,1952,0,0,0,0,0,0
164,3281,165.01752914873316,99992,112,70,4,2,1407,760,0.021671733738699097,94,31,48719,49326,1070,570,0,0,0,0,0,0,98021,0,0,8,0,0,0,0,0,0,0,1963,0,0,0,0,0,0
165,3281,166.05799865067078,99991,115,67,4,3,1430,766,0.02196197657789201,85,34,48705,49319,1090,576,0,0,0,0,0,0,97992,0,0,8,0,0,0,0,0,0,0,1991,0,0,0,0,0,0
166,3281,167.0988067696866,99990,113,63,5,3,1445,774,0.02219221922192219,91,36,48687,49309,1103,588,0,0,0,0,0,0,97963,0,0,8,0,0,0,0,0,0,0,2019,0,0,0,0,0,0
167,3281,168.13994032402826,99990,118,54,5,3,1471,776,0.02247224722472247,85,47,48667,49297,1124,598,0,0,0,0,0,0,97932,0,0,9,0,0,0,0,0,0,0,2049,0,0,0,0,0,0
168,3281,169.18146657967532,99990,125,60,5,3,1498,789,0.022872287228722872,87,45,48641,49287,1141,604,0,0,0,0,0,0,97905,0,0,9,0,0,0,0,0,0,0,2076,0,0,0,0,0,0
169,3281,170.223426557229,99990,129,68,5,3,1521,806,0.023272327232723274,84,36,48623,49282,1158,610,0,0,0,0,0,0,97877,0,0,9,0,0,0,0,0,0,0,2104,0,0,0,0,0,0
170,3281,171.26580076142736,99990,128,66,5,3,1540,819,0.023592359235923593,86,35,48605,49274,1175,621,0,0,0,0,0,0,97843,0,0,10,0,0,0,0,0,0,0,2137,0,0,0,0,0,0
171,3281,172.30858061010272,99990,126,64,5,3,1557,824,0.023812381238123813,89,35,48587,49271,1192,626,0,0,0,0,0,0,97818,0,0,11,0,0,0,0,0,0,0,2161,0,0,0,0,0,0
172,3281,173.00397292559904,99990,121,66,5,3,1572,833,0.02405240524052405,84,30,48579,49268,1210,632,0,0,0,0,0,0,97791,0,0,11,0,0,0,0,0,0,0,2188,0,0,0,0,0,0
173,3281,174.04741451839865,99990,127,67,5,3,1593,842,0.024352435243524352,83,27,48564,49265,1220,637,0,0,0,0,0,0,97768,0,0,11,0,0,0,0,0,0,0,2211,0,0,0,0,0,0
174,3281,175.09113619003378,99990,132,64,5,3,1618,844,0.024622462246224622,82,32,48543,49259,1237,641,0,0,0,0,0,0,97744,0,0,12,0,0,0,0,0,0,0,2234,0,0,0,0,0,0
175,3281,176.13521707974994,99990,122,67,5,3,1634,857,0.024912491249124914,85,25,48528,49254,1259,650,0,0,0,0,0,0,97710,0,0,14,0,0,0,0,0,0,0,2266,0,0,0,0,0,0
176,3281,177.17971740204882,99989,124,64,6,3,1653,864,0.025172769004590506,89,30,48511,49244,1269,658,0,0,0,0,0,0,97683,0,0,14,0,0,0,0,0,0,0,2292,0,0,0,0,0,0
177,3281,178.22452714964425,99989,123,61,6,3,1669,867,0.025362789906889758,94,40,48493,49232,1283,663,0,0,0,0,0,0,97660,0,0,14,0,0,0,0,0,0,0,2315,0,0,0,0,0,0
178,3281,179.2696711717936,99989,122,65,6,3,1689,881,0.02570282731100421,89,33,48482,49228,1300,670,0,0,0,0,0,0,97629,0,0,14,0,0,0,0,0,0,0,2346,0,0,0,0,0,0
179,3281,180.31518281733568,99989,114,60,6,3,1708,888,0.025962855914150557,97,38,48459,49220,1323,678,0,0,0,0,0,0,97593,0,0,17,0,0,0,0,0,0,0,2379,0,0,0,0,0,0
180,3281,181.01243771604285,99989,118,56,6,3,1725,893,0.02618288011681285,95,37,48448,49218,1332,685,0,0,0,0,0,0,97571,0,0,17,0,0,0,0,0,0,0,2401,0,0,0,0,0,0
181,3281,182.05865088570891,99988,119,58,6,4,1748,903,0.026513181581789814,98,35,48427,49213,1349,689,0,0,0,0,0,0,97541,0,0,17,0,0,0,0,0,0,0,2430,0,0,0,0,0,0
182,3281,183.10524073922056,99988,111,61,6,4,1767,912,0.026793215185822297,97,30,48415,49211,1370,693,0,0,0,0,0,0,97508,0,0,17,0,0,0,0,0,0,0,2463,0,0,0,0,0,0
183,3281,184.15220309982902,99988,110,60,6,4,1787,920,0.027073248789854783,95,34,48404,49201,1384,700,0,0,0,0,0,0,97479,0,0,18,0,0,0,0,0,0,0,2491,0,0,0,0,0,0
184,3281,185.1994498329586,99988,109,59,6,4,1806,928,0.027343281193743248,87,35,48397,49195,1400,706,0,0,0,0,0,0,97451,0,0,19,0,0,0,0,0,0,0,2518,0,0,0,0,0,0
185,3281,186.2469235099228,99988,123,67,6,4,1836,939,0.027753330399647957,73,36,48386,49186,1411,706,0,0,0,0,0,0,97432,0,0,19,0,0,0,0,0,0,0,2537,0,0,0,0,0,0
186,3281,187.2946221603352,99988,126,65,6,4,1855,949,0.028043365203824458,72,32,48374,49182,1421,716,0,0,0,0,0,0,97405,0,0,20,0,0,0,0,0,0,0,2563,0,0,0,0,0,0
187,3281,188.34255280842845,99988,119,70,6,4,1867,958,0.028253390406848822,81,34,48355,49175,1438,716,0,0,0,0,0,0,97383,0,0,21,0,0,0,0,0,0,0,2584,0,0,0,0,0,0
188,3281,189.04135849934374,99988,130,72,6,4,1884,966,0.028503420410449253,73,31,48349,49173,1441,719,0,0,0,0,0,0,97372,0,0,22,0,0,0,0,0,0,0,2594,0,0,0,0,0,0
189,3281,190.089731622559,99987,130,66,7,4,1905,974,0.02879374318661426,72,32,48334,49168,1456,729,0,0,0,0,0,0,97338,0,0,23,0,0,0,0,0,0,0,2626,0,0,0,0,0,0
190,3281,191.1384410891277,99987,126,64,7,4,1919,984,0.029033774390670786,82,27,48319,49166,1465,738,0,0,0,0,0,0,97311,0,0,26,0,0,0,0,0,0,0,2650,0,0,0,0,0,0
191,3281,192.18748723860088,99987,133,65,7,4,1940,993,0.029333813395741447,83,33,48305,49151,1471,746,0,0,0,0,0,0,97290,0,0,27,0,0,0,0,0,0,0,2670,0,0,0,0,0,0
192,3281,193.23672038994434,99987,127,68,7,4,1958,1005,0.029633852400812104,87,30,48288,49142,1490,755,0,0,0,0,0,0,97257,0,0,27,0,0,0,0,0,0,0,2703,0,0,0,0,0,0
193,3281,194.28631680673965,99985,131,63,7,6,1984,1013,0.029974496174426164,82,37,48273,49128,1506,765,0,0,0,0,0,0,97222,0,0,27,0,0,0,0,0,0,0,2736,0,0,0,0,0,0
194,3281,195.33624867182826,99985,127,58,7,6,2004,1022,0.030264539680952142,82,37,48258,49120,1525,778,0,0,0,0,0,0,97184,0,0,27,0,0,0,0,0,0,0,2774,0,0,0,0,0,0
195,3281,196.03642728275352,99985,128,59,7,6,2017,1027,0.03044456668500275,81,38,48250,49117,1533,779,0,0,0,0,0,0,97168,0,0,27,0,0,0,0,0,0,0,2790,0,0,0,0,0,0
196,3281,197.08690370136347,99985,130,54,7,6,2034,1031,0.03065459818972846,83,41,48236,49118,1543,780,0,0,0,0,0,0,97146,0,0,29,0,0,0,0,0,0,0,2810,0,0,0,0,0,0
197,3281,198.1376448367105,99985,141,53,7,6,2056,1038,0.030944641696254438,81,45,48222,49110,1548,785,0,0,0,0,0,0,97128,0,0,30,0,0,0,0,0,0,0,2827,0,0,0,0,0,0
198,3281,199.18864355012278,99985,147,66,7,6,2080,1059,0.031394709206380954,90,34,48193,49102,1562,791,0,0,0,0,0,0,97102,0,0,30,0,0,0,0,0,0,0,2853,0,0,0,0,0,0
199,3281,200.2400520958491,99985,152,64,7,6,2108,1065,0.031734760214032105,88,37,48172,49096,1580,796,0,0,0,0,0,0,97071,0,0,30,0,0,0,0,0,0,0,2884,0,0,0,0,0,0
200,3281,201.29189614954677,99985,148,59,7,6,2129,1074,0.03203480522078312,88,37,48152,49092,1604,805,0,0,0,0,0,0,97032,0,0,30,0,0,0,0,0,0,0,2923,0,0,0,0,0,0
201,3281,202.34419947114802,99985,156,58,7,6,2154,1084,0.032384857728659296,80,38,48141,49083,1615,814,0,0,0,0,0,0,97005,0,0,31,0,0,0,0,0,0,0,2949,0,0,0,0,0,0
202,3281,203.04588799201795,99985,148,61,7,6,2167,1092,0.03259488923338501,79,37,48134,49081,1631,814,0,0,0,0,0,0,96980,0,0,32,0,0,0,0,0,0,0,2973,0,0,0,0,0,0
203,3281,204.09864959242998,99985,156,66,7,6,2191,1101,0.03292493874081112,83,40,48110,49069,1643,818,0,0,0,0,0,0,96962,0,0,34,0,0,0,0,0,0,0,2989,0,0,0,0,0,0
204,3281,205.15174436271647,99984,157,65,8,6,2212,1107,0.03319531124979997,79,46,48105,49059,1650,823,0,0,0,0,0,0,96936,0,0,35,0,0,0,0,0,0,0,3013,0,0,0,0,0,0
205,3281,206.20501822448662,99984,156,63,8,6,2229,1119,0.03348535765722516,90,49,48083,49047,1662,834,0,0,0,0,0,0,96904,0,0,35,0,0,0,0,0,0,0,3045,0,0,0,0,0,0
206,3281,207.25867478508394,99984,156,69,8,6,2250,1132,0.03382541206593055,89,44,48068,49043,1678,837,0,0,0,0,0,0,96877,0,0,36,0,0,0,0,0,0,0,3071,0,0,0,0,0,0
207,3281,208.31263514176044,99984,157,75,8,6,2277,1147,0.03424547927668427,95,40,48042,49034,1697,844,0,0,0,0,0,0,96842,0,0,36,0,0,0,0,0,0,0,3106,0,0,0,0,0,0
208,3281,209.0155267276634,99984,155,71,8,6,2290,1151,0.034415506481036966,102,48,48025,49025,1709,849,0,0,0,0,0,0,96819,0,0,36,0,0,0,0,0,0,0,3129,0,0,0,0,0,0
209,3281,210.07028018182706,99984,159,75,8,6,2316,1167,0.03483557369179069,100,43,48011,49016,1721,859,0,0,0,0,0,0,96785,0,0,36,0,0,0,0,0,0,0,3163,0,0,0,0,0,0
210,3281,211.1253328598789,99984,148,74,8,6,2338,1174,0.035125620099215875,105,51,47992,49004,1746,864,0,0,0,0,0,0,96744,0,0,36,0,0,0,0,0,0,0,3204,0,0,0,0,0,0
211,3281,212.18080789635795,99984,153,74,8,6,2364,1182,0.03546567450792127,98,53,47978,48996,1762,870,0,0,0,0,0,0,96715,0,0,36,0,0,0,0,0,0,0,3233,0,0,0,0,0,0
212,3281,213.23662590251928,99984,156,83,8,6,2387,1202,0.03589574331893103,97,41,47962,48993,1776,876,0,0,0,0,0,0,96685,0,0,37,0,0,0,0,0,0,0,3262,0,0,0,0,0,0
213,3281,214.2927875791169,99984,160,84,8,6,2409,1216,0.03625580092814851,99,42,47940,48979,1792,888,0,0,0,0,0,0,96655,0,0,38,0,0,0,0,0,0,0,3291,0,0,0,0,0,0
214,3281,215.34935602285896,99984,158,80,8,6,2429,1229,0.036585853736597854,112,46,47911,48963,1810,904,0,0,0,0,0,0,96616,0,0,38,0,0,0,0,0,0,0,3330,0,0,0,0,0,0
215,3281,216.05403107262782,99984,156,74,8,6,2449,1233,0.03682589214274284,110,55,47896,48955,1829,909,0,0,0,0,0,0,96584,0,0,38,0,0,0,0,0,0,0,3362,0,0,0,0,0,0
216,3281,217.1114688056973,99984,162,71,8,6,2479,1247,0.037265962554008644,98,50,47884,48950,1847,922,0,0,0,0,0,0,96545,0,0,40,0,0,0,0,0,0,0,3399,0,0,0,0,0,0
217,3281,218.1692901983805,99984,162,73,8,6,2511,1265,0.03776604256681069,99,46,47861,48940,1869,934,0,0,0,0,0,0,96498,0,0,41,0,0,0,0,0,0,0,3445,0,0,0,0,0,0
218,3281,219.2275688080387,99984,167,69,8,6,2537,1274,0.038116098575772125,95,52,47847,48927,1882,945,0,0,0,0,0,0,96465,0,0,42,0,0,0,0,0,0,0,3477,0,0,0,0,0,0
219,3281,220.28621046452358,99984,172,70,8,6,2556,1288,0.03844615138422148,99,48,47830,48922,1890,953,0,0,0,0,0,0,96438,0,0,42,0,0,0,0,0,0,0,3504,0,0,0,0,0,0
220,3281,221.34511658285996,99984,174,78,8,6,2583,1303,0.038866218594975195,103,51,47802,48907,1912,957,0,0,0,0,0,0,96407,0,0,43,0,0,0,0,0,0,0,3534,0,0,0,0,0,0
221,3281,222.05131602488774,99984,177,81,8,6,2604,1314,0.03918626980316851,97,51,47794,48901,1923,960,0,0,0,0,0,0,96382,0,0,44,0,0,0,0,0,0,0,3558,0,0,0,0,0,0
222,3281,223.11092774247405,99984,181,77,8,6,2630,1324,0.03954632741238598,88,50,47786,48894,1936,972,0,0,0,0,0,0,96347,0,0,45,0,0,0,0,0,0,0,3592,0,0,0,0,0,0
223,3281,224.17081256629464,99984,181,79,8,6,2660,1338,0.039986397823651786,92,53,47761,48878,1957,983,0,0,0,0,0,0,96306,0,0,46,0,0,0,0,0,0,0,3632,0,0,0,0,0,0
224,3281,225.23113113811453,99983,176,75,9,6,2678,1348,0.040266845363711834,101,61,47741,48862,1972,995,0,0,0,0,0,0,96270,0,0,47,0,0,0,0,0,0,0,3666,0,0,0,0,0,0
225,3281,226.29187709402396,99983,179,77,9,6,2704,1364,0.04068691677585189,103,60,47718,48848,1990,1008,0,0,0,0,0,0,96234,0,0,48,0,0,0,0,0,0,0,3701,0,0,0,0,0,0
226,3281,227.35309445897101,99983,186,82,9,6,2738,1381,0.0411970034905934,97,57,47696,48837,2011,1017,0,0,0,0,0,0,96196,0,0,49,0,0,0,0,0,0,0,3738,0,0,0,0,0,0
227,3281,228.06081678775212,99983,183,88,9,6,2756,1395,0.041517057899842974,95,49,47686,48832,2026,1024,0,0,0,0,0,0,96169,0,0,51,0,0,0,0,0,0,0,3763,0,0,0,0,0,0
228,3281,229.12268548284376,99983,184,81,9,6,2774,1401,0.041757098706780155,101,49,47670,48834,2035,1029,0,0,0,0,0,0,96141,0,0,53,0,0,0,0,0,0,0,3789,0,0,0,0,0,0
229,3281,230.18495081864663,99983,186,86,9,6,2804,1417,0.04221717692007641,113,48,47635,48821,2056,1038,0,0,0,0,0,0,96103,0,0,54,0,0,0,0,0,0,0,3826,0,0,0,0,0,0
230,3281,231.24782424301233,99983,178,85,9,6,2835,1431,0.04266725343308363,122,48,47603,48809,2087,1051,0,0,0,0,0,0,96049,0,0,54,0,0,0,0,0,0,0,3880,0,0,0,0,0,0
231,3281,232.31131440691422,99983,185,82,9,6,2865,1441,0.04306732144464559,117,53,47585,48798,2103,1060,0,0,0,0,0,0,96013,0,0,54,0,0,0,0,0,0,0,3916,0,0,0,0,0,0
232,3281,233.0205654427576,99983,196,82,9,6,2890,1449,0.04339737755418421,107,53,47579,48795,2108,1063,0,0,0,0,0,0,95991,0,0,54,0,0,0,0,0,0,0,3938,0,0,0,0,0,0
233,3281,234.08464260998161,99983,189,89,9,6,2916,1463,0.043797445565746176,104,53,47565,48786,2132,1065,0,0,0,0,0,0,95955,0,0,58,0,0,0,0,0,0,0,3970,0,0,0,0,0,0
234,3281,235.1490758536897,99983,194,94,9,6,2945,1478,0.04423752037846434,103,48,47550,48779,2143,1072,0,0,0,0,0,0,95922,0,0,59,0,0,0,0,0,0,0,4002,0,0,0,0,0,0
235,3281,236.2137770172949,99983,195,95,9,6,2968,1487,0.04455757478771391,112,53,47525,48772,2158,1073,0,0,0,0,0,0,95892,0,0,59,0,0,0,0,0,0,0,4032,0,0,0,0,0,0
236,3281,237.2789033414435,99983,201,99,9,6,3002,1499,0.04501765300101017,104,54,47509,48761,2176,1079,0,0,0,0,0,0,95857,0,0,60,0,0,0,0,0,0,0,4066,0,0,0,0,0,0
237,3281,238.34438948735362,99983,199,99,9,6,3030,1521,0.045517738015462626,103,43,47491,48756,2197,1095,0,0,0,0,0,0,95807,0,0,62,0,0,0,0,0,0,0,4114,0,0,0,0,0,0
238,3281,239.05496725649058,99983,195,99,9,6,3048,1527,0.04575777882239981,114,49,47473,48745,2208,1100,0,0,0,0,0,0,95779,0,0,62,0,0,0,0,0,0,0,4142,0,0,0,0,0,0
239,3281,240.12123275415559,99983,208,97,9,6,3079,1538,0.04617785023453987,115,53,47450,48737,2217,1106,0,0,0,0,0,0,95748,0,0,62,0,0,0,0,0,0,0,4173,0,0,0,0,0,0
240,3281,241.1878249758655,99983,215,104,9,6,3119,1556,0.04675794885130472,104,51,47438,48725,2233,1113,0,0,0,0,0,0,95705,0,0,63,0,0,0,0,0,0,0,4215,0,0,0,0,0,0
241,3281,242.25474622015082,99983,213,106,9,6,3145,1574,0.047198023664022884,109,56,47410,48703,2258,1128,0,0,0,0,0,0,95662,0,0,64,0,0,0,0,0,0,0,4257,0,0,0,0,0,0
242,3281,243.3222713219131,99983,202,101,9,6,3179,1589,0.04768810697818629,102,57,47393,48689,2293,1146,0,0,0,0,0,0,95598,0,0,65,0,0,0,0,0,0,0,4320,0,0,0,0,0,0
243,3281,244.0342722952726,99983,200,104,9,6,3192,1602,0.04794815118570157,107,57,47379,48680,2304,1152,0,0,0,0,0,0,95574,0,0,66,0,0,0,0,0,0,0,4343,0,0,0,0,0,0
244,3281,245.102629290718,99983,193,103,9,6,3223,1614,0.048378224298130684,100,64,47366,48665,2331,1161,0,0,0,0,0,0,95526,0,0,69,0,0,0,0,0,0,0,4388,0,0,0,0,0,0
245,3281,246.17137937201372,99982,192,103,10,6,3253,1630,0.048838790982376826,96,72,47347,48647,2354,1171,0,0,0,0,0,0,95481,0,0,71,0,0,0,0,0,0,0,4430,0,0,0,0,0,0
246,3281,247.24060138726568,99981,194,98,11,6,3283,1645,0.04928936497934608,98,82,47324,48624,2372,1189,0,0,0,0,0,0,95433,0,0,71,0,0,0,0,0,0,0,4477,0,0,0,0,0,0
247,3281,248.31027509171568,99980,192,106,12,6,3309,1663,0.04972994598919784,97,74,47308,48616,2390,1197,0,0,0,0,0,0,95395,0,0,71,0,0,0,0,0,0,0,4514,0,0,0,0,0,0
248,3281,249.02357143697677,99980,187,109,12,6,3325,1676,0.05002000400080016,99,71,47292,48610,2409,1203,0,0,0,0,0,0,95365,0,0,72,0,0,0,0,0,0,0,4543,0,0,0,0,0,0
249,3281,250.09396861171626,99980,186,117,12,6,3352,1699,0.05052010402080416,101,66,47273,48593,2427,1217,0,0,0,0,0,0,95323,0,0,73,0,0,0,0,0,0,0,4584,0,0,0,0,0,0
250,3281,251.16483093686958,99980,180,118,12,6,3380,1724,0.0510502100420084,101,63,47254,48577,2452,1235,0,0,0,0,0,0,95265,0,0,73,0,0,0,0,0,0,0,4642,0,0,0,0,0,0
251,3281,252.2361897695077,99980,198,127,12,6,3419,1746,0.05166033206641328,99,55,47225,48566,2465,1245,0,0,0,0,0,0,95232,0,0,74,0,0,0,0,0,0,0,4674,0,0,0,0,0,0
252,3281,253.30796178177096,99980,194,125,12,6,3445,1765,0.05211042208441689,100,52,47206,48552,2487,1264,0,0,0,0,0,0,95182,0,0,75,0,0,0,0,0,0,0,4723,0,0,0,0,0,0
253,3281,254.02271304886486,99980,195,127,12,6,3464,1771,0.05236047209441888,105,58,47189,48546,2498,1262,0,0,0,0,0,0,95160,0,0,75,0,0,0,0,0,0,0,4745,0,0,0,0,0,0
254,3281,255.09526677679744,99979,189,136,13,6,3486,1789,0.05276107982676362,114,53,47167,48535,2516,1269,0,0,0,0,0,0,95123,0,0,75,0,0,0,0,0,0,0,4781,0,0,0,0,0,0
255,3281,256.1682386735694,99979,192,129,13,6,3523,1806,0.05330119325058262,111,56,47146,48520,2537,1288,0,0,0,0,0,0,95067,0,0,77,0,0,0,0,0,0,0,4835,0,0,0,0,0,0
256,3281,257.2417255035924,99979,184,127,13,6,3542,1824,0.05367127096690305,117,55,47132,48511,2553,1300,0,0,0,0,0,0,95020,0,0,77,0,0,0,0,0,0,0,4882,0,0,0,0,0,0
257,3281,258.315616948692,99979,187,129,13,6,3575,1846,0.05422138649116314,112,51,47111,48503,2576,1310,0,0,0,0,0,0,94972,0,0,79,0,0,0,0,0,0,0,4928,0,0,0,0,0,0
258,3281,259.0318125743591,99979,188,129,13,6,3594,1860,0.0545514558057192,115,44,47097,48501,2586,1319,0,0,0,0,0,0,94940,0,0,79,0,0,0,0,0,0,0,4960,0,0,0,0,0,0
259,3281,260.10649960230893,99979,183,122,13,6,3617,1868,0.05486152091939307,125,57,47078,48488,2600,1326,0,0,0,0,0,0,94898,0,0,80,0,0,0,0,0,0,0,5001,0,0,0,0,0,0
260,3281,261.1815373122067,99979,185,122,13,6,3645,1887,0.055331619640124424,120,58,47063,48472,2618,1341,0,0,0,0,0,0,94854,0,0,81,0,0,0,0,0,0,0,5044,0,0,0,0,0,0
261,3281,262.2569717733419,99979,195,119,13,6,3674,1901,0.05576170995909141,123,59,47038,48465,2630,1350,0,0,0,0,0,0,94819,0,0,82,0,0,0,0,0,0,0,5078,0,0,0,0,0,0
262,3281,263.332843620304,99979,199,111,13,6,3712,1917,0.05630182338291041,120,56,47017,48456,2650,1370,0,0,0,0,0,0,94761,0,0,82,0,0,0,0,0,0,0,5136,0,0,0,0,0,0
263,3281,264.05038514085766,99979,210,113,13,6,3739,1928,0.05668190319967193,112,56,47002,48448,2662,1376,0,0,0,0,0,0,94738,0,0,84,0,0,0,0,0,0,0,5157,0,0,0,0,0,0
264,3281,265.12707301632224,99979,217,113,13,6,3782,1947,0.05730203342701967,122,55,46965,48433,2682,1392,0,0,0,0,0,0,94685,0,0,86,0,0,0,0,0,0,0,5208,0,0,0,0,0,0
265,3281,266.2043437511064,99979,218,115,13,6,3817,1964,0.05782214264995649,114,56,46949,48421,2705,1401,0,0,0,0,0,0,94636,0,0,86,0,0,0,0,0,0,0,5257,0,0,0,0,0,0
266,3281,267.2820934902583,99979,214,113,13,6,3848,1975,0.05824223086848238,121,59,46919,48411,2732,1410,0,0,0,0,0,0,94590,0,0,88,0,0,0,0,0,0,0,5301,0,0,0,0,0,0
267,3281,268.0009494977301,99979,219,110,13,6,3876,1986,0.058632312785684995,115,59,46904,48405,2748,1419,0,0,0,0,0,0,94554,0,0,89,0,0,0,0,0,0,0,5336,0,0,0,0,0,0
268,3281,269.0798136867141,99979,216,110,13,6,3908,1999,0.059082407305534164,118,68,46885,48387,2767,1428,0,0,0,0,0,0,94507,0,0,90,0,0,0,0,0,0,0,5382,0,0,0,0,0,0
269,3281,270.1590552975523,99979,208,108,13,6,3938,2018,0.0595725102271477,126,69,46856,48372,2796,1444,0,0,0,0,0,0,94450,0,0,92,0,0,0,0,0,0,0,5437,0,0,0,0,0,0
270,3281,271.238903155812,99978,208,106,14,6,3973,2033,0.06007321610754366,121,70,46839,48357,2817,1460,0,0,0,0,0,0,94398,0,0,92,0,0,0,0,0,0,0,5488,0,0,0,0,0,0
271,3281,272.31922899290464,99978,207,107,14,6,4012,2051,0.06064334153513773,112,70,46822,48344,2844,1472,0,0,0,0,0,0,94343,0,0,94,0,0,0,0,0,0,0,5541,0,0,0,0,0,0
272,3281,273.03967875604496,99978,204,107,14,6,4033,2064,0.060983416351597354,112,69,46807,48336,2862,1481,0,0,0,0,0,0,94308,0,0,96,0,0,0,0,0,0,0,5574,0,0,0,0,0,0
273,3281,274.120835174789,99976,195,101,16,6,4059,2084,0.06144474673921741,116,63,46786,48325,2886,1504,0,0,0,0,0,0,94249,0,0,98,0,0,0,0,0,0,0,5629,0,0,0,0,0,0
274,3281,275.2025777122907,99976,212,96,16,6,4100,2099,0.06200488117148115,108,63,46764,48319,2899,1515,0,0,0,0,0,0,94207,0,0,100,0,0,0,0,0,0,0,5669,0,0,0,0,0,0
275,3281,276.28478399900547,99976,212,104,16,6,4131,2118,0.06250500120028807,106,59,46744,48309,2921,1521,0,0,0,0,0,0,94169,0,0,104,0,0,0,0,0,0,0,5703,0,0,0,0,0,0
276,3281,277.0064996654603,99976,205,99,16,6,4147,2124,0.0627250540129631,106,65,46737,48302,2935,1527,0,0,0,0,0,0,94135,0,0,104,0,0,0,0,0,0,0,5737,0,0,0,0,0,0
277,3281,278.08942309571137,99976,188,98,16,6,4163,2141,0.06305513323197567,114,59,46721,48297,2960,1539,0,0,0,0,0,0,94086,0,0,106,0,0,0,0,0,0,0,5784,0,0,0,0,0,0
278,3281,279.1728441414632,99976,186,102,16,6,4193,2153,0.06347523405617349,107,60,46712,48290,2978,1541,0,0,0,0,0,0,94050,0,0,110,0,0,0,0,0,0,0,5816,0,0,0,0,0,0
279,3281,280.25653875085646,99976,188,109,16,6,4219,2175,0.06395534928382812,106,53,46701,48279,2988,1552,0,0,0,0,0,0,94011,0,0,110,0,0,0,0,0,0,0,5855,0,0,0,0,0,0
280,3281,281.3404903355017,99976,188,111,16,6,4257,2188,0.06446547171321117,102,62,46681,48262,3012,1558,0,0,0,0,0,0,93964,0,0,112,0,0,0,0,0,0,0,5900,0,0,0,0,0,0
281,3281,282.06339324136235,99976,186,103,16,6,4274,2199,0.06474553892934304,111,66,46663,48249,3023,1575,0,0,0,0,0,0,93930,0,0,116,0,0,0,0,0,0,0,5930,0,0,0,0,0,0
282,3281,283.14810395388207,99976,197,102,16,6,4303,2219,0.06523565655757382,110,63,46655,48241,3021,1587,0,0,0,0,0,0,93895,0,0,120,0,0,0,0,0,0,0,5961,0,0,0,0,0,0
283,3281,284.23302054587487,99975,194,102,17,6,4332,2231,0.06564641160290073,116,63,46631,48235,3041,1593,0,0,0,0,0,0,93851,0,0,120,0,0,0,0,0,0,0,6004,0,0,0,0,0,0
284,3281,285.3184322261098,99975,181,105,17,6,4356,2251,0.0660865216304076,114,60,46622,48226,3065,1602,0,0,0,0,0,0,93799,0,0,122,0,0,0,0,0,0,0,6054,0,0,0,0,0,0
285,3281,286.04224954483936,99975,194,97,17,6,4379,2256,0.06636659164791198,109,65,46611,48219,3068,1612,0,0,0,0,0,0,93779,0,0,125,0,0,0,0,0,0,0,6071,0,0,0,0,0,0
286,3281,287.12820040283424,99974,184,107,18,6,4402,2283,0.06686738552023526,115,59,46595,48206,3087,1621,0,0,0,0,0,0,93731,0,0,127,0,0,0,0,0,0,0,6116,0,0,0,0,0,0
287,3281,288.2145218053782,99973,189,99,19,6,4431,2293,0.06725815970311984,110,64,46583,48198,3098,1632,0,0,0,0,0,0,93690,0,0,128,0,0,0,0,0,0,0,6155,0,0,0,0,0,0
288,3281,289.30116437977034,99973,197,104,19,6,4461,2312,0.0677482920388505,109,72,46564,48177,3110,1640,0,0,0,0,0,0,93655,0,0,129,0,0,0,0,0,0,0,6189,0,0,0,0,0,0
289,3281,290.02571953034976,99973,196,112,19,6,4484,2330,0.06815840276874756,108,66,46547,48166,3129,1649,0,0,0,0,0,0,93621,0,0,129,0,0,0,0,0,0,0,6223,0,0,0,0,0,0
290,3281,291.11298495163567,99973,198,107,19,6,4508,2348,0.06857851619937383,112,62,46528,48158,3142,1666,0,0,0,0,0,0,93577,0,0,130,0,0,0,0,0,0,0,6266,0,0,0,0,0,0
291,3281,292.2007245051121,99973,198,105,19,6,4540,2364,0.06905864583437528,107,63,46517,48152,3158,1673,0,0,0,0,0,0,93529,0,0,132,0,0,0,0,0,0,0,6312,0,0,0,0,0,0
292,3281,293.2888254939258,99973,197,107,19,6,4570,2387,0.06958878897302272,116,60,46486,48138,3181,1688,0,0,0,0,0,0,93479,0,0,134,0,0,0,0,0,0,0,6360,0,0,0,0,0,0
293,3281,294.01454393890833,99973,204,114,19,6,4597,2400,0.06998889700219059,109,64,46475,48125,3192,1690,0,0,0,0,0,0,93454,0,0,135,0,0,0,0,0,0,0,6384,0,0,0,0,0,0
294,3281,295.1034479316932,99973,207,110,19,6,4631,2413,0.07045902393646285,111,68,46446,48109,3216,1706,0,0,0,0,0,0,93407,0,0,136,0,0,0,0,0,0,0,6430,0,0,0,0,0,0
295,3281,296.19295448342154,99972,208,109,20,6,4661,2430,0.07092986036090106,115,69,46419,48098,3237,1717,0,0,0,0,0,0,93361,0,0,137,0,0,0,0,0,0,0,6474,0,0,0,0,0,0
296,3281,297.28308806648704,99971,197,106,20,7,4689,2447,0.0713807004031169,129,67,46388,48089,3265,1730,0,0,0,0,0,0,93306,0,0,141,0,0,0,0,0,0,0,6524,0,0,0,0,0,0
297,3281,298.01020353403663,99971,198,109,20,7,4709,2461,0.0717207990317192,128,59,46379,48087,3274,1737,0,0,0,0,0,0,93278,0,0,143,0,0,0,0,0,0,0,6550,0,0,0,0,0,0
298,3281,299.10127799889545,99971,209,115,20,7,4742,2475,0.07219093537125766,135,67,46355,48072,3280,1738,0,0,0,0,0,0,93248,0,0,143,0,0,0,0,0,0,0,6580,0,0,0,0,0,0
299,3281,300.19263080077155,99971,211,125,20,7,4781,2500,0.07283112102509728,130,61,46333,48059,3305,1747,0,0,0,0,0,0,93199,0,0,146,0,0,0,0,0,0,0,6626,0,0,0,0,0,0
300,3281,301.28444895038234,99971,219,128,20,7,4819,2514,0.07335127186884197,126,59,46318,48049,3316,1756,0,0,0,0,0,0,93160,0,0,148,0,0,0,0,0,0,0,6663,0,0,0,0,0,0
301,3281,302.01250465610906,99971,216,129,20,7,4844,2529,0.07375138790249172,118,56,46310,48040,3335,1767,0,0,0,0,0,0,93118,0,0,148,0,0,0,0,0,0,0,6705,0,0,0,0,0,0
302,3281,303.1049404457953,99971,223,120,20,7,4884,2541,0.0742715387462364,113,67,46289,48023,3354,1782,0,0,0,0,0,0,93067,0,0,151,0,0,0,0,0,0,0,6753,0,0,0,0,0,0
303,3281,304.1979073608002,99971,213,114,20,7,4922,2557,0.07481169539166359,111,67,46265,48016,3390,1795,0,0,0,0,0,0,93000,0,0,154,0,0,0,0,0,0,0,6817,0,0,0,0,0,0
304,3281,305.2915684067756,99971,209,113,20,7,4950,2572,0.07524182012783708,103,64,46257,48013,3410,1802,0,0,0,0,0,0,92952,0,0,154,0,0,0,0,0,0,0,6865,0,0,0,0,0,0
305,3281,306.0209056579734,99971,202,115,20,7,4961,2585,0.07548188974802693,115,72,46241,47999,3421,1806,0,0,0,0,0,0,92925,0,0,156,0,0,0,0,0,0,0,6890,0,0,0,0,0,0
306,3281,307.1151729445444,99970,189,124,21,7,4987,2611,0.07600280084025207,115,64,46228,47984,3446,1820,0,0,0,0,0,0,92871,0,0,158,0,0,0,0,0,0,0,6941,0,0,0,0,0,0
307,3281,308.2098803435366,99970,188,128,21,7,5020,2632,0.07654296288886667,100,64,46223,47971,3467,1829,0,0,0,0,0,0,92824,0,0,162,0,0,0,0,0,0,0,6984,0,0,0,0,0,0
308,3281,309.30485574142256,99970,188,118,21,7,5048,2641,0.07691307392217665,103,71,46210,47959,3477,1844,0,0,0,0,0,0,92779,0,0,164,0,0,0,0,0,0,0,7027,0,0,0,0,0,0
309,3281,310.0350034901959,99970,179,119,21,7,5062,2658,0.07722316695008502,107,65,46202,47955,3490,1853,0,0,0,0,0,0,92740,0,0,164,0,0,0,0,0,0,0,7066,0,0,0,0,0,0
310,3281,311.13058283648104,99969,170,110,21,8,5083,2683,0.07768408206544028,124,52,46182,47956,3502,1873,0,0,0,0,0,0,92679,0,0,167,0,0,0,0,0,0,0,7123,0,0,0,0,0,0
311,3281,312.2266436721283,99969,183,108,21,8,5121,2698,0.07821424641638908,113,54,46169,47944,3513,1885,0,0,0,0,0,0,92639,0,0,169,0,0,0,0,0,0,0,7161,0,0,0,0,0,0
312,3281,313.3229958662718,99969,192,107,21,8,5147,2715,0.0786443797577249,121,53,46143,47936,3522,1895,0,0,0,0,0,0,92604,0,0,169,0,0,0,0,0,0,0,7196,0,0,0,0,0,0
313,3281,314.0541387383161,99968,195,102,21,9,5168,2724,0.07894526248399487,121,55,46132,47927,3530,1906,0,0,0,0,0,0,92572,0,0,169,0,0,0,0,0,0,0,7227,0,0,0,0,0,0
314,3281,315.15123696124306,99968,199,93,21,9,5200,2736,0.0793854033290653,128,60,46105,47919,3546,1918,0,0,0,0,0,0,92527,0,0,173,0,0,0,0,0,0,0,7268,0,0,0,0,0,0
315,3281,316.2487970657622,99968,197,97,21,9,5233,2758,0.07993557938540333,125,52,46092,47910,3564,1931,0,0,0,0,0,0,92474,0,0,173,0,0,0,0,0,0,0,7321,0,0,0,0,0,0
316,3281,317.3467791912488,99968,200,101,21,9,5263,2772,0.08037572023047375,128,49,46073,47906,3577,1934,0,0,0,0,0,0,92439,0,0,175,0,0,0,0,0,0,0,7354,0,0,0,0,0,0
317,3281,318.0789964402357,99968,211,93,21,9,5290,2776,0.08068581946222791,115,58,46066,47897,3586,1942,0,0,0,0,0,0,92412,0,0,176,0,0,0,0,0,0,0,7380,0,0,0,0,0,0
318,3281,319.17755241839683,99968,208,110,21,9,5322,2802,0.08126600512163892,115,50,46045,47890,3610,1940,0,0,0,0,0,0,92369,0,0,177,0,0,0,0,0,0,0,7422,0,0,0,0,0,0
319,3281,320.27661020926,99968,204,109,21,9,5356,2817,0.08175616197183098,112,44,46032,47888,3629,1948,1,1,1,1,0,0,92315,0,0,179,0,0,0,0,0,0,2,7472,0,0,0,0,0,0
320,3281,321.0095440361635,99968,199,105,21,9,5376,2824,0.08202624839948784,115,47,46015,47882,3647,1954,2,2,2,2,0,0,92277,0,0,179,0,0,0,0,0,0,4,7508,0,0,0,0,0,0
321,3281,322.0336447133927,99967,198,89,22,9,5399,2830,0.08231716466433923,109,57,46006,47870,3661,1971,3,3,3,3,0,0,92230,0,0,180,0,0,0,0,0,0,6,7551,0,0,0,0,0,0
322,3281,323.00367120211354,99967,195,83,22,9,5430,2841,0.08273730331009232,108,58,45989,47862,3681,1983,4,4,4,4,0,0,92182,0,0,185,0,0,0,0,0,0,8,7592,0,0,0,0,0,0
323,3281,324.2582228731738,99967,186,92,22,9,5460,2866,0.0832874848700071,106,54,45975,47853,3705,1986,5,5,5,5,0,0,92129,0,0,189,0,0,0,0,0,0,10,7639,0,0,0,0,0,0
324,3281,325.05447304741824,99967,184,92,22,9,5475,2878,0.0835575739994198,106,46,45968,47848,3713,1998,6,6,6,6,0,0,92101,0,0,190,1,0,0,0,0,0,12,7663,0,0,0,0,0,0
325,3281,326.0527224070156,99967,190,94,22,9,5507,2889,0.08398771594626227,89,46,45970,47843,3721,1999,7,8,8,7,0,0,92065,0,0,192,1,0,0,0,0,0,15,7694,0,0,0,0,0,0
326,3281,327.0063817420193,99967,194,90,22,9,5534,2897,0.08433783148438985,84,48,45957,47836,3734,2006,8,10,10,8,0,0,92028,0,0,193,1,0,0,0,0,0,18,7727,0,0,0,0,0,0
327,3281,328.0436938529566,99967,197,97,22,9,5559,2912,0.08473796352796423,95,48,45940,47830,3736,2003,9,12,12,9,0,0,91998,0,0,196,1,0,0,0,0,0,21,7751,0,0,0,0,0,0
328,3281,329.1259072216321,99967,194,103,22,9,5582,2929,0.0851380955715386,101,38,45921,47829,3751,2005,10,15,15,10,0,0,91958,0,0,197,1,0,0,0,0,0,25,7786,0,0,0,0,0,0
329,3281,330.09564320721955,99967,191,101,22,9,5606,2938,0.08546820450748747,106,39,45905,47826,3764,2007,11,17,18,11,0,0,91919,0,0,200,1,0,0,0,0,0,29,7818,0,0,0,0,0,0
330,3281,331.0520144173581,99966,192,93,22,10,5632,2943,0.08577916491607146,116,48,45882,47812,3775,2015,12,21,22,12,0,0,91879,0,0,203,1,0,0,0,0,0,34,7849,0,0,0,0,0,0
331,3281,332.0220862487092,99966,180,92,22,10,5655,2952,0.08609927375307605,122,52,45868,47801,3794,2018,13,26,27,13,0,0,91832,0,0,206,1,0,0,0,0,0,39,7887,1,0,0,0,0,0
332,3281,333.06492585040866,99965,181,93,23,10,5682,2965,0.0865002750962837,121,51,45854,47787,3806,2027,14,31,32,14,0,0,91791,0,0,209,1,0,0,0,0,0,45,7918,1,0,0,0,0,0
333,3281,334.04209664248435,99965,191,97,23,10,5719,2981,0.08703046066123143,116,46,45837,47775,3817,2034,15,37,38,15,0,0,91745,0,0,209,1,0,0,0,0,0,52,7957,1,0,0,0,0,0
334,3281,335.14209446341374,99965,193,96,23,10,5756,2993,0.08752063222127744,114,55,45819,47759,3834,2035,16,44,45,16,0,0,91693,0,0,212,1,0,0,0,0,0,59,7998,2,0,0,0,0,0
335,3281,336.10479354692217,99965,190,96,23,10,5778,3000,0.08781073375681489,116,59,45809,47748,3844,2034,17,52,53,17,0,0,91653,0,0,213,1,0,0,0,0,0,68,8028,2,0,0,0,0,0
336,3281,337.0533269753794,99965,195,99,23,10,5801,3016,0.08820087030460662,123,60,45786,47730,3854,2039,18,61,62,18,0,0,91615,0,0,214,1,0,0,0,0,0,76,8055,4,0,0,0,0,0
337,3281,338.07085721293765,99965,204,97,23,10,5845,3038,0.08886110138548492,117,59,45767,47712,3869,2051,19,70,72,19,0,0,91549,0,0,218,1,0,0,0,0,0,87,8106,4,0,0,0,0,0
338,3281,339.00080796551293,99965,207,103,23,10,5877,3050,0.08930125543940379,118,58,45743,47698,3888,2049,20,81,83,20,0,0,91503,0,0,219,1,0,0,0,0,0,99,8139,4,0,0,0,0,0
339,3281,340.00202607881226,99965,211,98,23,10,5905,3061,0.08969139198719552,119,60,45735,47683,3890,2056,21,92,95,21,0,0,91452,0,0,220,1,0,0,0,0,0,111,8176,5,0,0,0,0,0
340,3281,341.13948802372624,99965,212,99,23,10,5951,3083,0.09037163007052468,120,68,45708,47649,3914,2069,22,104,108,22,0,0,91377,0,0,225,1,0,0,0,0,0,125,8232,5,0,0,0,0,0
341,3281,342.24640974850337,99965,205,93,23,10,5974,3097,0.09074175961586556,125,71,45696,47623,3926,2084,24,118,122,24,0,0,91313,0,0,226,1,0,0,0,0,0,140,8279,6,0,0,0,0,0
342,3281,343.35372606288644,99965,203,92,23,10,6006,3116,0.09125193817836243,108,67,45697,47599,3942,2098,26,133,137,26,0,0,91245,0,0,229,1,0,0,0,0,0,157,8327,6,0,0,0,0,0
343,3281,344.09207159829316,99965,208,91,23,10,6028,3123,0.09154203971389986,115,75,45674,47572,3951,2101,28,150,154,28,0,0,91204,0,0,231,1,0,0,0,0,0,175,8347,7,0,0,0,0,0
344,3281,345.20002990629143,99965,204,87,23,10,6057,3139,0.09199219726904416,120,75,45652,47546,3971,2113,29,168,172,30,0,0,91134,0,0,234,1,0,0,0,0,0,195,8394,7,0,0,0,0,0
345,3281,346.3084632209663,99965,204,97,23,10,6089,3162,0.09254238983644275,122,62,45640,47525,3979,2119,31,186,192,32,0,0,91069,0,0,234,1,0,0,0,0,0,215,8437,9,0,0,0,0,0
346,3281,347.0475726387178,99965,204,99,23,10,6109,3174,0.09286250187565648,121,69,45631,47496,3988,2118,32,207,213,34,0,0,91019,0,0,234,1,0,0,0,0,0,235,8464,12,0,0,0,0,0
347,3281,348.1565251960342,99965,199,98,23,10,6141,3191,0.0933526734357025,126,73,45609,47465,4007,2125,35,228,236,37,0,0,90944,0,0,236,1,0,0,0,0,0,257,8511,16,0,0,0,0,0
348,3281,349.2659403255067,99965,217,102,23,10,6178,3209,0.09390286600310109,111,66,45602,47440,4008,2130,38,251,260,40,0,0,90891,0,0,240,1,0,0,0,0,0,281,8533,19,0,0,0,0,0
349,3281,350.00563031624375,99964,214,105,24,10,6203,3223,0.09429394582049538,103,64,45594,47410,4023,2134,41,276,286,43,0,0,90825,0,0,240,1,0,0,0,0,0,308,8569,21,0,0,0,0,0
350,3281,351.115472299716,99964,212,103,24,10,6230,3239,0.09472410067624344,113,57,45565,47382,4041,2144,44,303,314,46,0,0,90755,0,0,243,2,0,0,0,0,0,336,8604,24,0,0,0,0,0
351,3281,352.225988230588,99964,208,111,24,10,6261,3256,0.09520427353847385,122,54,45540,47359,4057,2136,48,329,343,50,0,0,90684,0,0,244,2,0,0,0,0,0,364,8641,29,0,0,0,0,0
352,3281,353.33713320789417,99964,211,107,24,10,6297,3271,0.09571445720459365,121,60,45513,47314,4079,2148,51,360,374,54,0,0,90602,0,0,245,3,0,0,0,0,0,397,8686,31,0,0,0,0,0
353,3281,354.0781956511744,99964,210,106,24,10,6314,3283,0.09600456164219119,131,63,45493,47271,4086,2157,55,392,407,58,0,0,90535,0,0,246,3,0,0,0,0,0,434,8715,31,0,0,0,0,0
354,3281,355.1903182200406,99964,216,105,24,10,6352,3297,0.09652474890960745,124,62,45476,47230,4099,2168,60,424,442,63,0,0,90455,0,0,251,3,0,0,0,0,0,472,8750,33,0,0,0,0,0
355,3281,356.3028872333236,99964,222,101,24,10,6395,3312,0.09710495778480253,120,62,45454,47189,4114,2178,65,459,479,68,0,0,90359,0,0,253,3,0,0,0,0,0,514,8802,33,0,0,0,0,0
356,3281,357.0449555595594,99964,230,101,24,10,6422,3320,0.09745508383017887,119,71,45436,47145,4120,2177,70,495,518,73,0,0,90294,0,0,257,3,0,0,0,0,0,556,8819,35,0,0,0,0,0
357,3281,358.15831880576155,99963,226,118,25,10,6454,3345,0.09802626971979632,124,62,45412,47100,4137,2175,75,534,559,79,0,0,90211,0,0,260,3,0,0,0,0,0,598,8851,40,0,0,0,0,0
358,3281,359.2722049727283,99962,213,121,26,10,6487,3361,0.09851743662591785,124,70,45398,47047,4157,2175,81,576,602,85,0,0,90109,0,0,261,3,0,0,0,0,0,642,8902,45,0,0,0,0,0
359,3281,360.01502201460704,99962,220,125,26,10,6514,3374,0.0989175886836998,118,72,45381,46993,4168,2180,86,619,647,91,0,0,90033,0,0,262,3,0,0,0,0,0,690,8926,48,0,0,0,0,0
360,3281,361.12969153222565,99962,225,122,26,10,6553,3391,0.09947780156459454,108,73,45367,46935,4180,2194,93,665,695,98,0,0,89930,0,0,262,4,0,0,0,0,0,741,8973,52,0,0,0,0,0
361,3281,362.2447304519981,99962,220,129,26,10,6582,3419,0.10004801824693384,109,64,45350,46878,4194,2206,100,712,745,105,0,0,89827,0,0,267,4,0,0,0,0,0,794,9014,56,0,0,0,0,0
362,3281,363.36023637356027,99962,212,129,26,10,6618,3438,0.10059822732638403,113,61,45325,46825,4216,2214,107,760,797,113,0,0,89711,0,0,268,4,0,0,0,0,0,848,9069,62,0,0,0,0,0
363,3281,364.10432927770586,99962,206,127,26,10,6633,3449,0.1008583261639423,127,64,45296,46765,4229,2219,115,814,852,121,0,0,89620,0,0,269,4,0,0,0,0,0,906,9096,67,0,0,0,0,0
364,3281,365.2211599111782,99962,205,126,26,10,6667,3471,0.10141853904483704,125,67,45275,46701,4244,2230,124,865,909,130,0,0,89504,0,0,272,4,0,0,0,0,0,967,9143,72,0,0,0,0,0
365,3281,366.3385439429877,99962,206,133,26,10,6702,3493,0.10198875572717633,116,61,45262,46639,4257,2235,132,921,968,139,0,0,89396,0,0,276,4,0,0,0,0,0,1030,9179,77,0,0,0,0,0
366,3281,367.0836841332915,99961,200,130,27,10,6721,3504,0.10228989305829274,116,62,45250,46573,4264,2241,142,983,1030,149,0,0,89299,0,0,281,4,0,0,0,0,0,1094,9198,85,0,0,0,0,0
367,3281,368.2018869758966,99961,203,129,27,10,6759,3520,0.10283010374045878,116,60,45220,46508,4280,2249,153,1043,1094,160,0,0,89182,0,0,287,4,0,0,0,0,0,1165,9234,89,0,0,0,0,0
368,3281,369.320816468673,99961,196,128,27,10,6790,3536,0.10330028711197367,132,64,45177,46439,4304,2254,163,1104,1161,171,0,0,89055,0,0,287,4,0,0,0,0,0,1237,9283,95,0,0,0,0,0
369,3281,370.0672992941333,99961,194,131,27,10,6810,3550,0.10364041976370784,135,64,45156,46368,4312,2255,175,1171,1231,183,0,0,88948,0,0,287,4,0,0,0,0,0,1311,9308,103,0,0,0,0,0
370,3281,371.18760078368615,99961,207,122,27,10,6844,3565,0.10413061093826592,127,70,45137,46291,4315,2267,186,1239,1303,195,0,0,88831,0,0,287,4,0,0,0,0,0,1383,9341,115,0,0,0,0,0
371,3281,372.3084287556882,99961,217,127,27,10,6886,3582,0.10472084112803993,107,72,45117,46212,4332,2271,199,1307,1378,208,0,0,88705,0,0,290,4,0,0,0,0,0,1468,9376,118,0,0,0,0,0
372,3281,373.05590300377634,99961,220,126,27,10,6910,3592,0.10506097377977411,106,78,45089,46131,4345,2270,212,1384,1456,222,0,0,88595,0,0,292,4,0,0,0,0,0,1548,9392,130,0,0,0,0,0
373,3281,374.17783776492485,99961,215,129,27,10,6939,3614,0.10557117275737538,103,70,45066,46054,4362,2278,226,1458,1536,236,0,0,88461,0,0,298,4,0,0,0,0,0,1635,9426,137,0,0,0,0,0
374,3281,375.30049684265316,99961,214,124,27,10,6970,3628,0.10602134832584709,106,73,45034,45975,4378,2280,240,1537,1619,251,0,0,88325,0,0,303,4,0,0,0,0,0,1725,9459,145,0,0,0,0,0
375,3281,376.0493581595883,99961,206,129,27,10,6988,3643,0.10635147707605966,110,64,45001,45906,4400,2277,255,1613,1705,267,0,0,88201,0,0,302,5,0,0,0,0,0,1813,9482,158,0,0,0,0,0
376,3281,377.17363880505275,99960,205,129,27,11,7013,3661,0.1067827130852341,114,60,44974,45819,4407,2280,272,1700,1794,284,0,0,88064,0,0,305,6,0,0,0,0,0,1910,9509,166,0,0,0,0,0
377,3281,378.29864710021724,99959,208,119,28,11,7053,3671,0.10728398643443812,112,67,44932,45732,4431,2286,288,1784,1885,302,0,0,87908,0,0,309,7,0,0,0,0,0,2014,9551,170,0,0,0,0,0
378,3281,379.049201391147,99959,208,118,28,11,7073,3682,0.10759411358657049,118,66,44904,45644,4438,2288,303,1872,1979,320,0,0,87770,0,0,310,7,0,0,0,0,0,2121,9576,175,0,0,0,0,0
379,3281,380.1759163000597,99959,212,121,28,11,7113,3701,0.10818435558579018,110,65,44870,45544,4457,2295,322,1963,2076,339,0,0,87612,0,0,313,7,0,0,0,0,0,2230,9615,182,0,0,0,0,0
380,3281,381.30342099938605,99959,215,124,28,11,7148,3720,0.10872457707660141,109,62,44834,45450,4472,2301,341,2051,2176,359,0,0,87457,0,0,314,8,0,0,0,0,0,2339,9649,192,0,0,0,0,0
381,3281,382.0556269708184,99959,209,127,28,11,7170,3734,0.10908472473714223,110,57,44802,45361,4488,2298,362,2145,2279,380,0,0,87309,0,0,316,8,0,0,0,0,0,2450,9671,205,0,0,0,0,0
382,3281,383.18494730631943,99959,204,111,28,11,7198,3741,0.10943486829600137,121,61,44770,45261,4492,2312,384,2243,2385,402,0,0,87141,0,0,319,8,0,0,0,0,0,2565,9708,218,0,0,0,0,0
383,3281,384.31517852525684,99959,193,99,28,11,7225,3753,0.10982502826158726,132,63,44726,45166,4513,2322,407,2338,2494,425,0,0,86967,0,0,322,8,0,0,0,0,0,2680,9747,235,0,0,0,0,0
384,3281,385.06930300377365,99959,190,99,28,11,7247,3764,0.11015516361708301,128,62,44702,45064,4523,2321,428,2442,2606,449,0,0,86805,0,0,322,8,0,0,0,0,0,2806,9773,245,0,0,0,0,0
385,3281,386.2013079145771,99959,199,107,28,11,7279,3789,0.11072539741293931,131,63,44663,44951,4527,2320,451,2547,2721,474,0,0,86643,0,0,322,10,0,0,0,0,0,2930,9795,259,0,0,0,0,0
386,3281,387.3341201071745,99959,196,107,28,11,7316,3811,0.11131563941215898,124,60,44629,44832,4548,2329,474,2660,2839,500,0,0,86451,0,0,323,12,0,0,0,0,0,3063,9842,268,0,0,0,0,0
387,3281,388.0898572594757,99959,187,104,28,11,7329,3819,0.11152572554747446,131,62,44602,44716,4551,2330,500,2776,2960,527,0,0,86283,0,0,324,13,0,0,0,0,0,3200,9861,278,0,0,0,0,0
388,3281,389.22438808026857,99959,188,107,28,11,7359,3838,0.11201592652987725,130,58,44571,44599,4555,2332,527,2892,3084,555,0,0,86095,0,0,326,13,0,0,0,0,0,3345,9895,285,0,0,0,0,0
389,3281,390.35971490116617,99959,198,109,28,11,7398,3857,0.11259616442741524,130,60,44528,44481,4561,2331,554,3007,3211,584,0,0,85906,0,0,329,13,0,0,0,0,0,3491,9925,295,0,0,0,0,0
390,3281,391.11708713042714,99959,213,104,28,11,7437,3869,0.1131063736131814,110,61,44495,44354,4572,2338,581,3131,3341,614,0,0,85722,0,0,331,13,0,0,0,0,0,3636,9947,310,0,0,0,0,0
391,3281,392.2542627782083,99958,202,109,29,11,7470,3888,0.11362772364393045,118,62,44459,44239,4583,2332,608,3246,3474,645,0,0,85526,0,0,334,14,0,0,0,0,0,3779,9974,331,0,0,0,0,0
392,3281,393.01285522507726,99958,202,114,29,11,7498,3903,0.11405790431981432,117,57,44420,44118,4591,2324,640,3375,3610,678,0,0,85341,0,0,340,14,0,0,0,0,0,3932,9984,347,0,0,0,0,0
393,3281,394.1519193883757,99958,192,113,29,11,7528,3920,0.11452810180275716,123,59,44371,43985,4613,2326,671,3505,3749,712,0,0,85130,0,0,344,15,0,0,0,0,0,4090,10018,361,0,0,0,0,0
394,3281,395.29220404047334,99958,193,118,29,11,7557,3944,0.11505832449628844,124,57,44342,43854,4608,2327,703,3632,3891,747,0,0,84928,0,0,347,15,0,0,0,0,0,4248,10040,380,0,0,0,0,0
395,3281,396.0528260269094,99958,186,114,29,11,7577,3954,0.11535845054923068,132,58,44305,43724,4610,2326,737,3766,4036,783,0,0,84731,0,0,349,16,0,0,0,0,0,4407,10054,401,0,0,0,0,0
396,3281,397.1948953477881,99958,200,119,29,11,7616,3968,0.11588867324276196,119,62,44267,43589,4615,2319,769,3899,4184,821,0,0,84528,0,0,353,16,0,0,0,0,0,4580,10067,414,0,0,0,0,0
397,3281,398.3379162637963,99957,195,118,29,12,7652,3988,0.1164500735316186,124,66,44207,43448,4637,2321,807,4034,4335,860,0,0,84303,0,0,362,16,0,0,0,0,0,4752,10092,432,0,0,0,0,0
398,3281,399.10072225695507,99957,200,117,29,12,7675,3998,0.11678021549266185,117,65,44164,43305,4644,2325,845,4175,4489,900,0,0,84094,0,0,363,16,0,0,0,0,0,4933,10106,445,0,0,0,0,0
399,3281,400.2464073535659,99957,196,114,29,12,7708,4010,0.11723040907590264,123,70,44106,43180,4662,2317,883,4306,4645,942,0,0,83861,0,0,364,16,0,0,0,0,0,5115,10140,461,0,0,0,0,0
400,3281,401.01100547320476,99957,188,111,29,12,7731,4023,0.11759056394249527,121,62,44066,43045,4674,2318,921,4451,4804,985,0,0,83631,0,0,367,16,0,0,0,0,0,5301,10165,477,0,0,0,0,0
401,3281,402.15933836438444,99956,197,108,30,12,7773,4042,0.11820200888390892,114,62,44014,42899,4680,2322,964,4596,4966,1030,0,0,83392,0,0,371,16,0,0,0,0,0,5489,10192,496,0,0,0,0,0
402,3281,403.3090235329,99955,197,112,31,12,7812,4063,0.11880346155770097,105,58,43971,42750,4692,2323,1003,4744,5131,1076,0,0,83152,0,0,374,17,0,0,0,0,0,5677,10217,518,0,0,0,0,0
403,3281,404.07608506454636,99954,193,116,32,12,7828,4075,0.11908477899833923,104,58,43930,42591,4694,2321,1046,4901,5299,1123,0,0,82928,0,0,373,18,0,0,0,0,0,5873,10226,536,0,0,0,0,0
404,3281,405.22810481475904,99953,188,118,32,13,7857,4096,0.1195862055165928,105,58,43877,42436,4706,2324,1091,5050,5470,1172,0,0,82679,0,0,374,20,0,0,0,0,0,6073,10252,555,0,0,0,0,0
405,3281,406.3814229008796,99952,188,110,32,14,7887,4111,0.1200376180566672,111,57,43820,42291,4712,2320,1136,5207,5643,1222,0,0,82428,0,0,377,20,0,0,0,0,0,6274,10276,577,0,0,0,0,0
406,3281,407.15113075675737,99952,190,102,32,14,7910,4117,0.12032775732351529,106,58,43769,42134,4720,2323,1182,5368,5819,1274,0,0,82184,0,0,379,20,0,0,0,0,0,6485,10290,594,0,0,0,0,0
407,3281,408.30738759538576,99952,192,98,32,14,7947,4131,0.12083800224107571,93,55,43720,41984,4730,2323,1232,5525,5998,1328,0,0,81927,0,0,383,22,0,0,0,0,0,6695,10310,615,0,0,0,0,0
408,3281,409.07904383979707,99952,195,103,32,14,7966,4145,0.12116816071714423,95,54,43664,41817,4729,2320,1284,5691,6180,1383,0,0,81684,0,0,381,25,0,0,0,0,0,6914,10318,630,0,0,0,0,0
409,3281,410.23809904760486,99951,190,96,32,15,7990,4154,0.1214995347720383,88,54,43618,41677,4733,2313,1338,5844,6364,1440,0,0,81429,0,0,384,26,0,0,0,0,0,7128,10328,656,0,0,0,0,0
410,3281,411.01164729627,99951,171,98,32,15,8004,4166,0.1217596622344949,94,50,43563,41515,4749,2302,1390,6019,6551,1498,0,0,81176,0,0,387,27,0,0,0,0,0,7342,10333,686,0,0,0,0,0
411,3281,412.1737720034715,99951,179,99,32,15,8042,4183,0.12230993186661464,81,45,43500,41349,4762,2304,1445,6187,6740,1558,0,0,80901,0,0,389,27,0,0,0,0,0,7573,10357,704,0,0,0,0,0
412,3281,413.33768423514454,99951,185,97,32,15,8075,4198,0.12279016718191914,77,43,43441,41177,4763,2310,1501,6357,6932,1620,0,0,80625,0,0,391,27,0,0,0,0,0,7807,10377,724,0,0,0,0,0
413,3281,414.1145318734387,99951,179,97,32,15,8095,4206,0.1230703044491801,80,42,43376,41007,4773,2309,1559,6529,7126,1683,0,0,80361,0,0,394,28,0,0,0,0,0,8041,10381,746,0,0,0,0,0
414,3281,415.2818037739364,99951,164,95,32,15,8116,4223,0.12345049074046283,80,44,43325,40833,4782,2306,1616,6706,7323,1748,0,0,80077,0,0,398,29,0,0,0,0,0,8275,10399,773,0,0,0,0,0
415,3281,416.06085195807293,99951,162,93,32,15,8132,4234,0.12372062310532161,80,40,43264,40659,4785,2305,1676,6887,7522,1815,0,0,79809,0,0,398,29,0,0,0,0,0,8512,10401,802,0,0,0,0,0
416,3281,417.23128819978405,99951,169,84,32,15,8159,4244,0.12409080449420216,77,44,43218,40482,4768,2304,1735,7070,7724,1883,0,0,79538,0,0,400,29,0,0,0,0,0,8746,10400,838,0,0,0,0,0
417,3281,418.0123493812911,99951,173,83,32,15,8173,4255,0.12434092705425659,78,44,43156,40303,4758,2298,1802,7256,7928,1953,0,0,79274,0,0,401,29,0,0,0,0,0,8989,10389,869,0,0,0,0,0
418,3281,419.1857743596715,99951,167,80,32,15,8194,4266,0.12466108393112625,92,45,43091,40124,4752,2296,1865,7439,8134,2025,0,0,78992,0,0,399,32,0,0,0,0,0,9231,10395,902,0,0,0,0,0
419,3281,420.36095698148773,99950,172,77,33,15,8236,4283,0.1252526263131566,97,60,43011,39942,4754,2294,1932,7611,8342,2099,0,0,78688,20,2,403,34,0,0,0,0,0,9484,10392,927,0,0,0,0,0
420,3281,421.24369858561096,99950,169,82,33,15,8251,4298,0.1255527763881941,112,51,42932,39760,4752,2287,2001,7804,8553,2175,0,0,78402,46,4,403,34,0,0,0,0,0,9742,10365,954,0,0,0,0,0
421,3281,422.12797436887826,99950,177,91,33,15,8274,4312,0.12592296148074036,127,50,42844,39578,4749,2273,2069,7992,8766,2252,0,0,78120,63,5,403,36,0,0,0,0,0,10006,10340,977,0,0,0,0,0
422,3281,423.0137959233542,99950,194,90,33,15,8305,4325,0.1263631815907954,133,48,42754,39390,4746,2274,2139,8182,8981,2331,0,0,77827,88,6,405,36,0,0,0,0,0,10273,10312,1003,0,0,0,0,0
423,3281,424.34540897207864,99949,204,85,34,15,8352,4339,0.12697475712613432,131,53,42662,39209,4755,2277,2213,8360,9198,2412,0,0,77521,130,10,413,37,0,0,0,0,0,10532,10269,1037,0,0,0,0,0
424,3281,425.23466382373005,99949,210,83,34,15,8386,4350,0.12742498674323904,130,55,42583,39022,4754,2277,2288,8547,9417,2495,0,0,77222,163,15,416,37,0,0,0,0,0,10793,10230,1073,0,0,0,0,0
425,3281,426.1256030789991,99949,208,81,34,15,8403,4361,0.12770512961610422,144,56,42492,38842,4754,2263,2367,8742,9638,2580,0,0,76930,183,21,421,38,0,0,0,0,0,11059,10191,1106,0,0,0,0,0
426,3281,427.01829051027545,99948,216,78,34,16,8443,4374,0.12823668307519911,136,62,42413,38659,4759,2256,2441,8928,9860,2667,0,0,76616,226,22,420,41,1,0,0,0,0,11328,10154,1140,0,0,0,0,0
427,3281,428.3604091829491,99947,197,80,35,16,8481,4393,0.1288082683822426,150,61,42319,38474,4779,2253,2519,9115,10084,2756,0,0,76267,293,25,421,43,1,0,0,0,0,11606,10121,1170,0,0,0,0,0
428,3281,429.25675141703954,99947,200,75,35,16,8516,4401,0.12923849640309365,158,68,42219,38275,4787,2251,2600,9314,10310,2847,0,0,75947,331,29,422,45,1,0,0,0,0,11884,10085,1203,0,0,0,0,0
429,3281,430.1550297578552,99947,212,81,35,16,8551,4412,0.12969874033237616,158,74,42122,38075,4788,2247,2684,9506,10537,2940,0,0,75633,354,31,425,45,1,0,0,0,0,12173,10053,1232,0,0,0,0,0
430,3281,431.05535499273435,99947,219,87,35,16,8585,4431,0.1302290213813321,158,79,42031,37879,4787,2241,2769,9697,10766,3034,0,0,75309,387,34,426,48,1,0,0,0,0,12461,10020,1261,0,0,0,0,0
431,3281,432.4090806655886,99947,235,85,35,16,8643,4452,0.13101944030336077,156,74,41927,37689,4795,2245,2851,9890,10997,3130,0,0,74954,446,36,429,49,1,0,0,0,0,12755,9986,1291,0,0,0,0,0
432,3281,433.3133023039176,99947,229,89,35,16,8677,4468,0.13151970544388525,160,78,41822,37497,4808,2231,2945,10088,11229,3228,0,0,74619,487,40,434,51,1,0,0,0,0,13045,9945,1325,0,0,0,0,0
433,3281,434.2197053142168,99946,239,90,36,16,8711,4480,0.1319812698857383,149,80,41727,37311,4814,2222,3034,10280,11462,3328,0,0,74282,517,41,436,52,1,0,0,0,0,13350,9916,1351,0,0,0,0,0
434,3281,435.1282222965021,99946,249,101,36,16,8744,4504,0.1325515778520401,159,73,41616,37120,4814,2206,3125,10483,11697,3430,0,0,73965,540,51,435,55,1,0,0,0,0,13634,9873,1392,0,0,0,0,0
435,3281,436.03888494195814,99946,255,106,36,16,8782,4525,0.13314189662417705,148,65,41521,36925,4819,2200,3220,10687,11933,3534,0,0,73620,579,55,439,56,1,0,0,0,0,13936,9835,1425,0,0,0,0,0
436,3281,437.4086557448468,99946,254,106,36,16,8827,4550,0.13384227482840735,157,77,41412,36735,4835,2202,3305,10863,12170,3640,0,0,73255,639,61,443,57,1,0,0,0,0,14235,9793,1462,0,0,0,0,0
437,3281,438.3236933875005,99946,267,108,36,16,8873,4570,0.13450263142096733,155,71,41308,36537,4832,2195,3401,11072,12408,3748,0,0,72926,675,69,445,62,1,0,0,0,0,14520,9738,1510,0,0,0,0,0
438,3281,439.24108381738085,99946,287,107,36,16,8921,4586,0.13514297720769217,144,70,41201,36330,4836,2191,3495,11285,12648,3858,0,0,72581,710,77,444,65,1,0,0,0,0,14822,9699,1547,0,0,0,0,0
439,3281,440.16074382228294,99946,283,107,36,16,8953,4600,0.13560322574190062,154,72,41091,36131,4840,2183,3595,11490,12889,3970,0,0,72223,750,83,445,67,1,0,0,0,0,15134,9662,1581,0,0,0,0,0
440,3281,441.08278161611753,99946,284,116,36,16,8990,4621,0.13618353911112,147,66,40988,35929,4850,2179,3694,11693,13131,4084,0,0,71874,785,92,449,67,1,0,0,0,0,15439,9616,1623,0,0,0,0,0
441,3281,442.0071631941147,99946,286,120,36,16,9033,4641,0.13681387949492727,142,68,40880,35721,4859,2177,3796,11897,13373,4200,0,0,71511,827,101,455,67,1,0,0,0,0,15751,9573,1660,0,0,0,0,0
442,3281,443.3980134509164,99946,285,118,36,16,9088,4664,0.13759430092249814,161,72,40746,35543,4878,2172,3893,12078,13616,4318,0,0,71129,890,110,462,69,1,0,0,0,0,16061,9524,1700,0,0,0,0,0
443,3281,444.32764519412035,99946,268,111,36,16,9122,4681,0.1381045764712945,171,77,40630,35340,4894,2180,4000,12275,13860,4438,0,0,70744,942,120,473,70,1,0,0,0,0,16384,9481,1731,0,0,0,0,0
444,3281,445.25986311253695,99945,265,112,36,17,9160,4697,0.13864625544049228,171,82,40512,35145,4906,2174,4109,12469,14105,4560,0,0,70372,985,126,477,71,1,0,0,0,0,16707,9437,1769,0,0,0,0,0
445,3281,446.1948839755734,99944,272,113,36,18,9207,4718,0.13932802369326824,162,77,40410,34965,4909,2162,4210,12664,14350,4684,0,0,70003,1030,136,480,72,1,0,0,0,0,17020,9388,1814,0,0,0,0,0
446,3281,447.13238487737607,99944,276,108,36,18,9253,4736,0.13996838229408468,154,78,40304,34758,4918,2169,4311,12868,14596,4810,0,0,69624,1073,153,483,74,1,0,0,0,0,17339,9349,1848,0,0,0,0,0
447,3281,448.07222035948894,99944,275,120,36,18,9288,4763,0.14058872968862562,159,73,40184,34564,4923,2161,4422,13063,14843,4937,0,0,69255,1105,164,483,81,1,0,0,0,0,17664,9312,1879,0,0,0,0,0
448,3281,449.01490193532277,99942,270,127,37,19,9321,4784,0.14113185647675652,174,69,40065,34374,4921,2151,4532,13259,15090,5066,0,0,68887,1139,173,487,83,1,0,0,0,0,17987,9264,1921,0,0,0,0,0
449,3281,450.43379784205223,99942,270,126,37,19,9384,4806,0.14198234976286245,186,75,39933,34186,4941,2148,4632,13445,15337,5197,0,0,68493,1197,187,499,85,1,0,0,0,0,18309,9210,1961,0,0,0,0,0
450,3281,451.3820800262973,99942,287,122,37,19,9427,4819,0.1425426747513558,196,85,39793,33989,4936,2145,4750,13639,15585,5330,0,0,68123,1224,196,504,87,1,0,0,0,0,18643,9167,1997,0,0,0,0,0
451,3281,452.3334586253287,99942,280,115,37,19,9465,4834,0.14307298232975127,196,86,39674,33793,4948,2142,4864,13844,15833,5465,0,0,67734,1274,209,504,91,1,0,0,0,0,18969,9123,2037,0,0,0,0,0
452,3281,453.2878136974688,99942,282,109,37,19,9516,4849,0.1437333653519041,177,96,39548,33595,4971,2138,4984,14042,16081,5602,0,0,67346,1321,224,511,92,1,0,0,0,0,19295,9072,2080,0,0,0,0,0
453,3281,454.24521167950877,99942,280,116,37,19,9556,4869,0.14433371355386124,170,97,39430,33398,4977,2129,5105,14240,16329,5741,0,0,66965,1356,235,512,99,1,0,0,0,0,19629,9030,2115,0,0,0,0,0
454,3281,455.2056349205224,99942,283,124,37,19,9595,4888,0.14491405014908648,193,97,39274,33200,4984,2121,5228,14438,16578,5881,0,0,66603,1378,251,516,103,1,0,0,0,0,19952,8977,2161,0,0,0,0,0
455,3281,456.16952924294003,99942,280,127,37,19,9637,4906,0.1455143983510436,196,96,39142,33019,4990,2113,5354,14625,16827,6023,0,0,66224,1416,265,518,106,2,0,0,0,0,20278,8925,2208,0,0,0,0,0
456,3281,457.1367163278203,99942,286,130,37,19,9688,4931,0.14627483940685598,193,94,39007,32821,5000,2113,5476,14822,17076,6167,0,0,65831,1460,281,524,107,2,0,0,0,0,20611,8875,2251,0,0,0,0,0
457,3281,458.1071366450389,99942,294,138,37,19,9733,4957,0.1469852514458386,187,93,38879,32634,5004,2105,5598,15010,17325,6313,0,0,65444,1497,294,525,111,2,0,0,0,0,20948,8829,2292,0,0,0,0,0
458,3281,459.0808133231273,99942,308,137,37,19,9786,4977,0.1477156750915531,162,88,38760,32464,5009,2101,5723,15190,17574,6460,0,0,65056,1526,314,528,117,3,0,0,0,0,21287,8789,2322,0,0,0,0,0
459,3281,460.0575353560937,99942,294,145,37,19,9821,5002,0.14831602329351024,167,75,38635,32301,5011,2094,5855,15365,17822,6609,0,0,64673,1563,331,533,124,3,0,0,0,0,21616,8733,2366,0,0,0,0,0
460,3281,461.0376631211053,99942,302,149,37,19,9864,5023,0.14895639470893118,169,75,38502,32112,5009,2080,5980,15564,18070,6760,0,0,64288,1596,344,532,130,3,0,0,0,0,21955,8686,2408,0,0,0,0,0
461,3281,462.02088804831027,99942,311,147,37,19,9913,5036,0.14957675451762023,173,82,38364,31922,5013,2072,6101,15757,18318,6912,0,0,63896,1630,358,535,134,3,0,0,0,0,22299,8641,2446,0,0,0,0,0
462,3281,463.0074004527986,99942,315,144,37,19,9952,5055,0.15015709111284545,181,83,38235,31732,5006,2075,6225,15946,18566,7066,0,0,63496,1666,372,539,137,3,0,0,0,0,22649,8599,2481,0,0,0,0,0
463,3281,464.4930233290135,99942,334,152,37,19,10025,5086,0.15119769466290447,181,90,38081,31568,5015,2077,6351,16093,18813,7222,0,0,63090,1709,390,545,144,3,0,0,0,0,22992,8552,2517,0,0,0,0,0
464,3281,465.4865037807267,99941,335,148,38,19,10077,5105,0.15190962667974106,177,104,37941,31390,5021,2078,6487,16260,19060,7379,0,0,62682,1754,408,550,145,4,0,0,0,0,23333,8507,2558,0,0,0,0,0
465,3281,466.48363537130615,99941,341,147,38,19,10127,5128,0.15264005763400407,174,104,37807,31228,5025,2075,6614,16426,19306,7538,0,0,62281,1794,424,554,152,4,0,0,0,0,23677,8459,2596,0,0,0,0,0
466,3281,467.4842670318083,99941,341,142,38,19,10166,5148,0.1532304059395043,186,105,37664,31060,5030,2075,6740,16598,19552,7698,0,0,61874,1835,440,556,155,4,0,0,0,0,24026,8416,2635,0,0,0,0,0
467,3281,468.48863791243576,99941,347,143,38,19,10217,5174,0.15400086050769954,196,105,37518,30887,5036,2073,6864,16772,19797,7860,0,0,61471,1877,461,558,160,4,0,0,0,0,24366,8368,2676,0,0,0,0,0
468,3281,469.4966527412789,99940,342,153,39,19,10269,5203,0.15481288773263957,197,96,37372,30705,5053,2066,6996,16960,20042,8023,0,0,61067,1918,487,558,165,4,0,0,0,0,24700,8321,2720,0,0,0,0,0
469,3281,470.00171341460157,99940,340,151,39,19,10292,5213,0.1551430858515109,206,100,37227,30501,5043,2056,7144,17172,20286,8188,0,0,60691,1932,503,560,169,4,0,0,0,0,25045,8272,2764,0,0,0,0,0
470,3281,471.0176253002182,99940,346,147,39,19,10346,5238,0.15593356013608164,208,102,37096,30320,5032,2060,7278,17351,20530,8354,0,0,60298,1972,531,561,175,4,0,0,0,0,25368,8214,2817,0,0,0,0,0
471,3281,472.0371670159522,99940,355,149,39,19,10404,5261,0.15674404642785672,201,99,36939,30157,5047,2053,7418,17522,20773,8521,0,0,59908,2009,556,567,177,4,0,0,0,0,25696,8151,2872,0,0,0,0,0
472,3281,473.06082532902354,99940,372,149,39,19,10461,5288,0.15758455073043826,190,105,36799,29981,5044,2047,7555,17698,21015,8690,0,0,59512,2045,583,568,179,5,0,0,0,0,26029,8100,2919,0,0,0,0,0
473,3281,474.08840519970727,99940,357,155,39,19,10506,5317,0.1583249949969982,196,117,36651,29804,5062,2042,7694,17862,21256,8860,0,0,59099,2095,604,574,182,5,0,0,0,0,26369,8045,2967,0,0,0,0,0
474,3281,475.12006939350573,99940,345,163,39,19,10546,5346,0.15901540924554733,216,106,36502,29635,5076,2044,7821,18032,21496,9031,0,0,58684,2140,623,578,186,5,0,0,0,0,26719,8000,3005,0,0,0,0,0
475,3281,476.15587570265654,99939,357,166,40,19,10607,5373,0.1598975374978737,222,106,36343,29448,5078,2047,7959,18213,21736,9203,0,0,58271,2182,646,580,189,5,0,0,0,0,27064,7957,3045,0,0,0,0,0
476,3281,477.1959561796196,99939,365,169,40,19,10665,5396,0.16070803189945868,223,117,36176,29270,5090,2052,8105,18372,21975,9377,0,0,57857,2232,665,580,190,5,0,0,0,0,27409,7908,3093,0,0,0,0,0
477,3281,478.2405016132706,99938,368,167,41,19,10721,5427,0.16158017971142108,232,117,36014,29116,5096,2054,8248,18526,22213,9552,0,0,57447,2279,697,580,196,5,0,0,0,0,27739,7858,3137,0,0,0,0,0
478,3281,479.2897680949049,99938,370,175,41,19,10766,5462,0.16238067601913186,231,112,35872,28953,5096,2058,8389,18682,22450,9728,0,0,57044,2307,732,584,199,5,0,0,0,0,28079,7816,3172,0,0,0,0,0
479,3281,480.3433052091904,99938,382,169,41,19,10820,5487,0.16317116612299626,237,109,35728,28797,5092,2071,8519,18834,22686,9905,0,0,56634,2343,761,589,201,5,0,0,0,0,28423,7772,3210,0,0,0,0,0
480,3281,481.40086206177983,99938,379,181,41,19,10880,5523,0.1641317616922492,254,108,35561,28641,5110,2063,8654,18987,22921,10083,0,0,56218,2386,792,598,204,5,0,0,0,0,28764,7723,3248,0,0,0,0,0
481,3281,482.46305763830986,99938,396,186,41,19,10947,5559,0.16516240068842683,247,100,35393,28485,5123,2069,8799,19140,23155,10262,0,0,55804,2430,816,603,210,5,0,0,0,0,29109,7674,3287,0,0,0,0,0
482,3281,483.53014214137585,99938,413,175,41,19,11019,5583,0.16612299625767976,251,101,35212,28330,5145,2086,8937,19288,23388,10442,0,0,55385,2477,844,612,212,5,0,0,0,0,29449,7624,3330,0,0,0,0,0
483,3281,484.06505111461377,99938,420,169,41,19,11050,5590,0.16650323200384237,258,109,35047,28136,5128,2083,9105,19483,23619,10623,0,0,55008,2489,866,607,219,5,0,0,0,0,29791,7582,3371,0,0,0,0,0
484,3281,485.14235582073263,99938,442,157,41,19,11122,5612,0.16744381516540255,260,116,34887,27977,5127,2082,9242,19648,23849,10805,0,0,54606,2525,906,611,222,5,0,0,0,0,30117,7531,3415,0,0,0,0,0
485,3281,486.22436641917966,99937,462,167,42,19,11206,5641,0.16857620300789497,233,125,34733,27813,5137,2077,9392,19798,24078,10988,0,0,54189,2577,923,619,225,5,0,0,0,0,30462,7475,3462,0,0,0,0,0
486,3281,487.3110668536989,99937,456,172,42,19,11257,5673,0.16940672623752964,247,122,34561,27647,5167,2083,9526,19956,24306,11171,0,0,53767,2629,948,622,228,5,0,0,0,0,30807,7430,3501,0,0,0,0,0
487,3281,488.4028709541101,99937,447,178,42,19,11321,5715,0.17046739445850886,244,114,34417,27494,5183,2097,9666,20097,24533,11355,0,0,53357,2673,997,629,235,5,0,0,0,0,31124,7376,3541,0,0,0,0,0
488,3281,489.49986535118364,99937,457,182,42,19,11392,5752,0.17154807528743107,229,104,34263,27335,5200,2107,9808,20252,24759,11540,0,0,52957,2710,1033,638,243,5,0,0,0,0,31448,7318,3585,0,0,0,0,0
489,3281,490.0493918066548,99936,451,179,43,19,11419,5770,0.1720000800512328,245,98,34088,27153,5199,2115,9973,20435,24983,11725,0,0,52573,2727,1060,642,247,5,0,0,0,0,31786,7272,3624,0,0,0,0,0
490,3281,491.1565462865651,99936,454,187,43,19,11488,5799,0.17298070765289786,236,103,33921,26981,5230,2115,10115,20594,25206,11911,0,0,52154,2774,1088,645,253,5,0,0,0,0,32127,7232,3658,0,0,0,0,0
491,3281,492.26923124834184,99936,441,186,43,19,11538,5831,0.17380123278898496,237,104,33776,26831,5247,2118,10255,20741,25428,12098,0,0,51749,2819,1125,651,260,5,0,0,0,0,32449,7177,3701,0,0,0,0,0
492,3281,493.3868215017759,99935,439,188,44,19,11591,5866,0.17468354430379746,264,104,33613,26679,5257,2118,10382,20891,25648,12285,0,0,51348,2860,1159,656,265,5,0,0,0,0,32772,7124,3746,0,0,0,0,0
493,3281,494.5096011216598,99935,452,184,44,19,11678,5894,0.17583429228998848,264,111,33456,26539,5272,2126,10511,21020,25867,12473,0,0,50946,2907,1206,658,275,5,0,0,0,0,33080,7070,3788,0,0,0,0,0
494,3281,495.07235695308066,99935,463,187,44,19,11725,5912,0.1764847150647921,255,110,33294,26361,5267,2126,10676,21196,26085,12661,0,0,50568,2924,1234,661,277,5,0,0,0,0,33412,7022,3832,0,0,0,0,0
495,3281,496.20577394781316,99935,436,186,44,19,11786,5938,0.1773552809326062,254,109,33135,26240,5311,2131,10819,21314,26301,12850,0,0,50139,2987,1278,665,281,5,0,0,0,0,33734,6979,3867,0,0,0,0,0
496,3281,497.3449382530655,99934,425,185,45,19,11857,5975,0.17843776892749214,239,110,32990,26127,5344,2137,10956,21421,26516,13039,0,0,49732,3036,1326,672,287,7,0,0,0,0,34039,6924,3911,0,0,0,0,0
497,3281,498.48942991064325,99934,419,194,45,19,11922,6012,0.1794584425720976,235,109,32856,25996,5359,2152,11085,21529,26729,13228,0,0,49327,3072,1373,677,294,7,0,0,0,0,34357,6886,3941,0,0,0,0,0
498,3281,499.0629396643094,99934,419,193,45,19,11954,6030,0.17995877279004144,238,109,32717,25831,5336,2153,11244,21694,26941,13418,0,0,48962,3077,1410,682,297,7,0,0,0,0,34679,6839,3981,0,0,0,0,0
499,3281,500.2174337357304,99934,406,205,45,19,12015,6070,0.180969439830288,237,102,32582,25700,5358,2153,11371,21820,27152,13608,0,0,48578,3110,1455,693,306,7,0,0,0,0,34981,6778,4026,0,0,0,0,0
500,3281,501.3766559926073,99933,401,208,46,19,12085,6102,0.18199193459617943,219,96,32438,25582,5387,2161,11508,21933,27361,13798,0,0,48181,3148,1498,702,314,7,0,0,0,0,35291,6728,4064,0,0,0,0,0
501,3281,502.5411657517424,99933,410,206,46,19,12166,6133,0.18311268549928453,209,98,32284,25467,5413,2170,11637,22039,27569,13988,0,0,47777,3202,1542,704,317,8,0,0,0,0,35597,6678,4108,0,0,0,0,0
502,3281,503.1246238518871,99933,398,202,46,19,12193,6149,0.18354297379244094,227,94,32130,25306,5416,2176,11782,22202,27775,14178,0,0,47402,3222,1575,703,323,8,0,0,0,0,35918,6638,4144,0,0,0,0,0
503,3281,504.30032576613934,99933,389,197,46,19,12250,6187,0.18449361071918186,240,87,31989,25193,5426,2199,11909,22304,27980,14369,0,0,47009,3259,1633,709,329,9,0,0,0,0,36215,6593,4177,0,0,0,0,0
504,3281,505.48102256639595,99933,400,195,46,19,12326,6212,0.18550428787287482,241,83,31840,25095,5431,2200,12041,22407,28183,14560,0,0,46633,3287,1677,713,337,10,0,0,0,0,36513,6543,4220,0,0,0,0,0
505,3281,506.07268659567643,99933,405,186,46,19,12362,6218,0.18592456946153924,235,93,31679,24945,5419,2196,12215,22560,28385,14751,0,0,46273,3300,1706,710,344,10,0,0,0,0,36831,6500,4259,0,0,0,0,0
506,3281,507.2649201102416,99933,410,191,46,19,12434,6250,0.18696526672870822,226,93,31548,24828,5428,2201,12341,22667,28585,14942,0,0,45887,3334,1756,712,350,10,0,0,0,0,37131,6459,4294,0,0,0,0,0
507,3281,508.4624854455562,99933,417,191,46,19,12512,6281,0.1880559975183373,211,92,31421,24725,5442,2207,12462,22765,28784,15133,0,0,45527,3358,1810,723,355,11,0,0,0,0,37409,6392,4348,0,0,0,0,0
508,3281,509.0623625519073,99933,414,179,46,19,12545,6290,0.18847627910700168,212,106,31268,24578,5443,2210,12616,22907,28981,15323,0,0,45161,3369,1841,726,364,11,0,0,0,0,37730,6357,4374,0,0,0,0,0
509,3281,510.2705381722032,99933,405,195,46,19,12614,6327,0.18953698978315472,206,95,31140,24488,5471,2200,12731,23002,29177,15513,0,0,44782,3404,1887,731,370,12,0,0,0,0,38023,6310,4414,0,0,0,0,0
510,3281,511.4840095321268,99933,392,187,46,19,12675,6351,0.19038755966497553,207,100,31001,24414,5506,2203,12847,23076,29371,15703,0,0,44402,3453,1928,730,383,12,0,0,0,0,38311,6256,4458,0,0,0,0,0
511,3281,512.0920492427326,99933,393,190,46,19,12707,6371,0.19090790829856003,201,94,30854,24275,5491,2201,13014,23220,29564,15893,0,0,44062,3451,1969,734,386,12,0,0,0,0,38610,6211,4498,0,0,0,0,0
512,3281,513.316934122414,99933,394,186,46,19,12771,6402,0.19185854522530096,204,103,30721,24195,5507,2207,13127,23289,29755,16083,0,0,43697,3482,2015,740,392,14,0,0,0,0,38894,6157,4542,0,0,0,0,0
513,3281,514.5473091046615,99933,396,182,46,19,12838,6434,0.1928492089700099,202,113,30600,24098,5503,2222,13252,23365,29945,16272,0,0,43328,3515,2067,740,403,14,0,0,0,0,39175,6112,4579,0,0,0,0,0
514,3281,515.1636262631021,99933,404,183,46,19,12875,6450,0.19337956430808642,193,114,30465,23976,5482,2213,13409,23494,30133,16461,0,0,43004,3510,2110,737,410,14,0,0,0,0,39461,6065,4622,0,0,0,0,0
515,3281,516.4043322817525,99932,395,197,46,20,12931,6488,0.19432213905455709,203,109,30338,23890,5506,2210,13511,23573,30319,16650,0,0,42648,3534,2156,739,424,14,0,0,0,0,39744,6019,4654,0,0,0,0,0
516,3281,517.025672774229,99932,402,198,46,20,12968,6506,0.19487251330905014,205,110,30184,23757,5498,2215,13664,23699,30504,16838,0,0,42309,3539,2192,739,428,15,0,0,0,0,40041,5981,4688,0,0,0,0,0
517,3281,518.2773940742683,99932,399,191,46,20,13039,6540,0.19592322779490054,212,101,30065,23695,5516,2222,13761,23770,30687,17026,0,0,41946,3581,2254,732,444,15,0,0,0,0,40299,5937,4724,0,0,0,0,0
518,3281,519.534419288191,99932,384,189,46,20,13098,6569,0.19680382660208942,216,103,29952,23623,5525,2224,13876,23840,30869,17214,0,0,41587,3603,2323,733,453,15,0,0,0,0,40564,5902,4752,0,0,0,0,0
519,3281,520.1639374448104,99932,389,183,46,20,13128,6584,0.197254132810311,210,105,29836,23494,5501,2230,14017,23967,31049,17401,0,0,41258,3606,2361,733,457,15,0,0,0,0,40851,5861,4790,0,0,0,0,0
520,3281,521.4312233904366,99932,392,175,46,20,13198,6607,0.19818476564063564,189,118,29726,23431,5510,2235,14136,24020,31228,17588,0,0,40907,3636,2402,741,467,16,0,0,0,0,41124,5808,4831,0,0,0,0,0
521,3281,522.0657267540066,99932,391,176,46,20,13229,6623,0.1986550854581115,191,120,29579,23320,5511,2227,14281,24136,31405,17774,0,0,40573,3635,2435,746,472,16,0,0,0,0,41422,5774,4859,0,0,0,0,0
522,3281,523.3435656352318,99932,380,178,46,20,13291,6660,0.19964575911619903,183,111,29483,23259,5524,2234,14383,24197,31581,17960,0,0,40218,3671,2487,749,484,17,0,0,0,0,41685,5729,4892,0,0,0,0,0
523,3281,524.6260907755526,99932,375,175,46,20,13362,6692,0.2006764599927951,175,117,29365,23191,5534,2240,14504,24256,31755,18145,0,0,39873,3694,2551,758,490,18,0,0,0,0,41935,5684,4929,0,0,0,0,0
524,3281,525.2684058870115,99932,381,193,46,20,13398,6723,0.20134691590281392,161,103,29234,23082,5526,2238,14651,24363,31928,18329,0,0,39567,3693,2585,754,500,19,0,0,0,0,42207,5637,4970,0,0,0,0,0
525,3281,526.5621161287872,99932,351,185,46,20,13447,6752,0.20212744666373134,171,97,29125,23038,5546,2251,14760,24408,32099,18513,0,0,39213,3739,2648,754,507,19,0,0,0,0,42452,5591,5009,0,0,0,0,0
526,3281,527.209942883173,99932,359,185,46,20,13484,6769,0.20266781411359724,158,93,29008,22930,5531,2253,14897,24518,32269,18696,0,0,38888,3745,2683,751,513,19,0,0,0,0,42734,5560,5039,0,0,0,0,0
527,3281,528.5144826111641,99932,349,186,46,20,13530,6804,0.2034783652883961,161,82,28899,22861,5539,2267,15005,24583,32437,18878,0,0,38550,3773,2736,753,517,20,0,0,0,0,42989,5519,5075,0,0,0,0,0
528,3281,529.167622006136,99932,343,181,46,20,13558,6813,0.20384861705960053,162,88,28774,22749,5534,2265,15140,24696,32604,19060,0,0,38240,3766,2781,755,523,20,0,0,0,0,43259,5485,5103,0,0,0,0,0
529,3281,530.48281930568,99931,342,170,47,20,13616,6834,0.20464120242967648,156,93,28663,22694,5544,2276,15247,24746,32769,19241,0,0,37908,3790,2829,758,532,20,0,0,0,0,43512,5443,5139,0,0,0,0,0
530,3281,531.1413588631874,99931,340,178,47,20,13644,6853,0.205111526953598,159,85,28545,22592,5526,2265,15382,24859,32933,19421,0,0,37618,3787,2865,758,539,20,0,0,0,0,43768,5392,5184,0,0,0,0,0
531,3281,532.4674215133788,99930,349,179,48,20,13708,6885,0.20607425197638346,157,81,28433,22543,5534,2264,15478,24912,33095,19600,0,0,37302,3799,2922,762,547,20,0,0,0,0,44010,5351,5217,0,0,0,0,0
532,3281,533.1312856171107,99930,354,180,48,20,13743,6897,0.2065445812068448,159,79,28309,22455,5524,2249,15605,25016,33256,19779,0,0,37008,3793,2959,760,557,20,0,0,0,0,44272,5312,5249,0,0,0,0,0
533,3281,534.468094251867,99930,335,155,48,20,13797,6917,0.2072850995696988,155,86,28233,22404,5533,2271,15695,25063,33415,19957,0,0,36678,3821,3026,769,566,20,0,0,0,0,44502,5268,5280,0,0,0,0,0
534,3281,535.1371269273845,99929,331,150,48,21,13822,6933,0.2076974652002922,159,81,28105,22320,5525,2270,15831,25157,33573,20134,0,0,36387,3818,3071,772,570,20,0,0,0,0,44750,5223,5318,0,0,0,0,0
535,3281,536.4839981684819,99928,332,142,49,21,13883,6958,0.20856016331758867,148,84,28032,22307,5520,2279,15918,25166,33729,20310,0,0,36071,3831,3132,775,579,21,0,0,0,0,44987,5190,5342,0,0,0,0,0
536,3281,537.1582071937597,99928,319,147,49,21,13905,6976,0.20896045152509807,147,75,27928,22223,5507,2277,16049,25256,33884,20485,0,0,35780,3829,3173,774,585,22,0,0,0,0,45238,5153,5374,0,0,0,0,0
537,3281,538.5144794804513,99928,329,147,49,21,13962,7006,0.20983107837643103,147,67,27830,22200,5504,2276,16140,25288,34037,20659,0,0,35475,3833,3235,777,590,22,0,0,0,0,45474,5124,5398,0,0,0,0,0
538,3281,539.1932393102186,99928,331,143,49,21,13991,7013,0.2101913377631895,142,72,27718,22137,5493,2267,16266,25359,34189,20832,0,0,35201,3821,3281,778,593,22,0,0,0,0,45714,5084,5434,0,0,0,0,0
539,3281,540.5596117606996,99928,309,143,49,21,14040,7036,0.21091185653670644,146,75,27617,22105,5527,2266,16351,25389,34339,21004,0,0,34887,3840,3336,778,608,22,0,0,0,0,45949,5057,5451,0,0,0,0,0
540,3281,541.2434999117569,99928,295,139,49,21,14056,7046,0.21117204387158756,155,75,27521,22038,5509,2261,16470,25465,34488,21175,0,0,34606,3833,3379,779,613,22,0,0,0,0,46193,5023,5480,0,0,0,0,0
541,3281,542.6203913206022,99928,277,131,49,21,14101,7062,0.2117824833880394,146,80,27448,22026,5528,2260,16551,25481,34635,21345,0,0,34320,3843,3438,788,620,22,0,0,0,0,46408,4973,5516,0,0,0,0,0
542,3281,543.3094654044628,99928,270,130,49,21,14130,7076,0.212212793211112,132,72,27340,21943,5530,2259,16678,25574,34781,21514,0,0,34042,3836,3475,792,630,22,0,0,0,0,46649,4939,5543,0,0,0,0,0
543,3281,544.0011892448761,99928,270,137,49,21,14155,7091,0.2126130814186214,131,63,27247,21878,5502,2240,16800,25660,34926,21682,0,0,33788,3816,3519,786,641,23,0,0,0,0,46876,4907,5572,0,0,0,0,0
544,3281,545.3928320399494,99928,267,144,49,21,14196,7117,0.21328356416619967,132,59,27205,21865,5481,2245,16865,25665,35069,21849,0,0,33516,3810,3579,789,645,23,0,0,0,0,47092,4872,5602,0,0,0,0,0
545,3281,546.0886548426156,99928,262,137,49,21,14221,7125,0.21361380193739493,121,62,27099,21820,5474,2240,16994,25719,35211,22015,0,0,33264,3802,3622,782,657,24,0,0,0,0,47306,4831,5640,0,0,0,0,0
546,3281,547.4876991417574,99927,247,133,50,21,14257,7145,0.21417634873457625,117,55,27049,21823,5463,2241,17073,25726,35351,22180,0,0,33000,3805,3678,783,667,24,0,0,0,0,47507,4785,5678,0,0,0,0,0
547,3281,548.1876558946361,99927,245,132,50,21,14279,7154,0.21448657519989592,119,58,26949,21757,5443,2230,17193,25801,35490,22344,0,0,32744,3791,3720,780,673,25,0,0,0,0,47735,4754,5705,0,0,0,0,0
548,3281,549.5950983935489,99925,237,124,52,21,14316,7175,0.2150713034776082,121,57,26892,21733,5432,2238,17265,25826,35628,22507,0,0,32473,3794,3773,788,678,25,0,0,0,0,47945,4711,5738,0,0,0,0,0
549,3281,550.2993826547603,99925,233,119,52,21,14340,7185,0.21541155866900175,110,55,26806,21680,5428,2231,17370,25893,35764,22669,0,0,32208,3790,3817,788,681,25,0,0,0,0,48170,4682,5764,0,0,0,0,0
550,3281,551.0059685917198,99925,219,117,52,21,14356,7198,0.21570177633224918,105,50,26714,21618,5413,2234,17496,25959,35899,22830,0,0,31949,3789,3855,786,690,25,0,0,0,0,48391,4648,5792,0,0,0,0,0
551,3281,552.4265481430028,99924,198,105,52,22,14388,7217,0.2162143228853929,107,42,26700,21602,5406,2242,17536,25986,36033,22990,0,0,31697,3787,3921,794,697,25,0,0,0,0,48574,4600,5829,0,0,0,0,0
552,3281,553.1365729832079,99924,198,101,52,22,14410,7223,0.2164945358472439,106,45,26611,21555,5385,2236,17647,26040,36165,23149,0,0,31451,3772,3965,794,699,25,0,0,0,0,48790,4570,5858,0,0,0,0,0
553,3281,554.5633316094039,99924,180,96,52,22,14444,7237,0.21697490092470278,110,41,26565,21564,5385,2239,17707,26037,36296,23307,0,0,31175,3786,4010,791,708,26,0,0,0,0,49003,4546,5879,0,0,0,0,0
554,3281,555.2767064600426,99924,183,96,52,22,14463,7244,0.217235098674993,105,44,26474,21512,5366,2232,17819,26093,36426,23463,0,0,30934,3768,4045,788,716,26,0,0,0,0,49226,4522,5899,0,0,0,0,0
555,3281,556.7110955973263,99924,181,97,52,22,14496,7260,0.21772547135823225,100,43,26435,21516,5346,2224,17885,26097,36554,23618,0,0,30700,3767,4084,787,725,27,0,0,0,0,49419,4476,5939,0,0,0,0,0
556,3281,557.428600895161,99924,179,95,52,22,14515,7266,0.21797566150274209,97,46,26353,21469,5323,2215,17995,26152,36681,23772,0,0,30466,3761,4111,784,733,27,0,0,0,0,49630,4437,5975,0,0,0,0,0
557,3281,558.1481383700805,99924,170,98,52,22,14527,7275,0.21818582122413033,103,43,26281,21427,5301,2205,18092,26204,36807,23925,0,0,30241,3747,4148,781,740,27,0,0,0,0,49832,4400,6008,0,0,0,0,0
558,3281,559.5937781406227,99924,165,93,52,22,14562,7284,0.21862615587846765,91,43,26267,21445,5284,2201,18140,26195,36932,24077,0,0,30001,3743,4194,781,748,27,0,0,0,0,50026,4367,6037,0,0,0,0,0
559,3281,560.3160318383149,99924,169,84,52,22,14581,7288,0.21885633081141667,86,43,26195,21400,5261,2201,18236,26249,37055,24228,0,0,29766,3731,4228,777,757,27,0,0,0,0,50238,4344,6056,0,0,0,0,0
560,3281,561.0403808738448,99924,171,87,52,22,14603,7301,0.21920659701373044,69,40,26109,21351,5244,2197,18354,26302,37177,24378,0,0,29523,3726,4258,774,762,28,0,0,0,0,50455,4323,6075,0,0,0,0,0
561,3281,562.4956370585671,99924,162,76,52,22,14629,7311,0.21956687082182458,67,48,26071,21358,5227,2200,18420,26295,37298,24526,0,0,29286,3727,4300,770,773,29,0,0,0,0,50645,4294,6100,0,0,0,0,0
562,3281,563.2230754733694,99924,164,87,52,22,14645,7326,0.21987710660101678,65,36,26008,21322,5202,2190,18508,26342,37418,24673,0,0,29071,3712,4328,764,781,30,0,0,0,0,50846,4263,6129,0,0,0,0,0
563,3281,564.6849224740029,99924,159,87,52,22,14672,7341,0.2202974260437933,63,43,25988,21356,5178,2186,18559,26305,37536,24819,0,0,28837,3712,4362,765,788,31,0,0,0,0,51043,4232,6154,0,0,0,0,0
564,3281,565.4150983444732,99924,156,90,52,22,14682,7352,0.22050758576518154,67,35,25907,21310,5152,2187,18665,26355,37653,24964,0,0,28626,3698,4388,765,794,31,0,0,0,0,51240,4194,6188,0,0,0,0,0
565,3281,566.1474982174553,99923,154,86,53,22,14698,7359,0.22073996977672808,62,33,25828,21268,5134,2181,18768,26409,37769,25108,0,0,28406,3686,4422,764,800,31,0,0,0,0,51436,4166,6212,0,0,0,0,0
566,3281,567.6192146181572,99923,149,67,53,22,14724,7368,0.22109023948440298,59,32,25820,21298,5117,2193,18801,26387,37884,25251,0,0,28184,3684,4470,764,808,32,0,0,0,0,51610,4131,6240,0,0,0,0,0
567,3281,568.3548060417186,99923,138,71,53,22,14731,7375,0.22123034736747296,66,27,25761,21258,5090,2180,18891,26441,37998,25392,0,0,27975,3667,4502,763,813,34,0,0,0,0,51804,4105,6260,0,0,0,0,0
568,3281,569.0921867105238,99923,141,68,53,22,14745,7379,0.22141048607427719,60,26,25714,21211,5066,2170,18965,26502,38110,25532,0,0,27758,3654,4529,762,817,34,0,0,0,0,52006,4084,6279,0,0,0,0,0
569,3281,570.5717948633691,99923,131,67,53,22,14771,7389,0.22177076348788566,63,27,25720,21251,5044,2151,18988,26481,38221,25671,0,0,27554,3639,4578,760,827,35,0,0,0,0,52173,4055,6302,0,0,0,0,0
570,3281,571.3106122487183,99923,122,64,53,22,14778,7394,0.2218908559590885,70,29,25667,21202,5023,2146,19064,26536,38331,25809,0,0,27350,3630,4610,758,830,35,0,0,0,0,52354,4022,6334,0,0,0,0,0
571,3281,572.0509955054148,99923,116,59,53,22,14788,7397,0.22202095613622488,73,32,25609,21167,5003,2136,19145,26583,38440,25946,0,0,27148,3618,4642,754,838,35,0,0,0,0,52536,3994,6358,0,0,0,0,0
572,3281,573.5366088034108,99923,117,61,53,22,14812,7407,0.22236121813796622,66,29,25602,21219,4976,2121,19185,26547,38548,26081,0,0,26949,3604,4681,751,845,36,0,0,0,0,52709,3968,6380,0,0,0,0,0
573,3281,574.279059542984,99923,116,58,53,22,14822,7409,0.22248131060916906,59,27,25560,21190,4944,2101,19267,26601,38655,26215,0,0,26756,3583,4714,745,851,38,0,0,0,0,52890,3947,6399,0,0,0,0,0
574,3281,575.0229701816527,99923,120,62,53,22,14834,7420,0.22271148784564115,50,22,25505,21145,4914,2093,19357,26655,38761,26348,0,0,26561,3568,4741,742,856,38,0,0,0,0,53072,3922,6423,0,0,0,0,0
575,3281,576.5150288404767,99923,109,63,53,22,14842,7426,0.2228515957287111,52,16,25451,21126,4902,2086,19432,26686,38866,26480,0,0,26355,3561,4769,740,860,38,0,0,0,0,53256,3900,6444,0,0,0,0,0
576,3281,577.1849008723366,99923,102,47,53,22,14861,7430,0.2230817729651832,47,18,25447,21145,4882,2091,19468,26676,38970,26611,0,0,26155,3556,4816,734,869,38,0,0,0,0,53413,3876,6466,0,0,0,0,0
577,3281,578.0598640716725,99923,92,48,53,22,14867,7433,0.2231718423185853,43,17,25385,21117,4875,2074,19551,26721,39072,26741,0,0,25970,3537,4851,729,875,38,0,0,0,0,53582,3852,6489,0,0,0,0,0
578,3281,579.0894756471284,99923,86,49,53,22,14871,7438,0.22326191167198742,42,16,25337,21095,4846,2058,19635,26759,39173,26869,0,0,25802,3504,4898,719,885,38,0,0,0,0,53736,3834,6507,0,0,0,0,0
579,3281,580.0887679247326,99923,83,44,53,22,14885,7444,0.2234620657906588,43,17,25325,21161,4822,2050,19673,26705,39273,26996,0,0,25622,3492,4936,711,895,38,0,0,0,0,53890,3807,6532,0,0,0,0,0
580,3281,581.031093111009,99923,82,43,53,22,14889,7446,0.2235221120262602,42,18,25243,21095,4807,2045,19772,26776,39372,27122,0,0,25434,3477,4955,710,897,39,0,0,0,0,54073,3786,6552,0,0,0,0,0
581,3281,582.0528970830003,99923,77,44,53,22,14898,7452,0.22367222761526376,38,14,25213,21093,4787,2036,19831,26790,39470,27247,0,0,25253,3460,4986,704,907,39,0,0,0,0,54239,3767,6568,0,0,0,0,0
582,3281,583.3093028257075,99923,64,39,53,22,14904,7455,0.22376229696866587,41,17,25233,21157,4757,2021,19851,26743,39567,27371,0,0,25079,3457,5012,700,914,39,0,0,0,0,54389,3727,6606,0,0,0,0,0
583,3281,584.3910257217801,99923,69,40,53,22,14922,7460,0.22399247420513796,32,14,25227,21201,4726,2004,19892,26718,39663,27494,0,0,24900,3439,5044,697,919,39,0,0,0,0,54553,3708,6624,0,0,0,0,0
584,3281,585.1270450849916,99923,65,39,53,22,14925,7462,0.2240425127348058,34,15,25185,21160,4692,1995,19970,26768,39758,27615,0,0,24738,3406,5085,694,924,39,0,0,0,0,54707,3690,6640,0,0,0,0,0
585,3281,586.0684451303326,99923,65,37,53,22,14934,7463,0.22414258979414148,30,16,25136,21157,4670,1984,20045,26783,39852,27735,0,0,24564,3392,5105,695,926,39,0,0,0,0,54872,3663,6667,0,0,0,0,0
586,3281,587.6638702424848,99923,66,36,53,22,14949,7471,0.22437276703061357,26,13,25148,21241,4649,1976,20057,26711,39945,27854,0,0,24381,3379,5136,693,933,39,0,0,0,0,55037,3649,6676,0,0,0,0,0
587,3281,588.7556113981608,99923,66,22,53,22,14961,7474,0.22452288261961711,23,15,25189,21320,4622,1977,20046,26643,40037,27972,0,0,24202,3369,5168,689,940,40,0,0,0,0,55191,3633,6691,0,0,0,0,0
588,3281,589.3745383064308,99923,61,21,53,22,14963,7475,0.22455290573741782,24,15,25135,21276,4605,1973,20121,26692,40128,28089,0,0,24026,3358,5186,687,943,40,0,0,0,0,55359,3614,6710,0,0,0,0,0
589,3281,590.2446791109666,99923,64,20,53,22,14969,7476,0.2246229596789528,19,15,25065,21244,4589,1964,20209,26734,40218,28205,0,0,23857,3345,5203,683,948,40,0,0,0,0,55524,3594,6729,0,0,0,0,0
590,3281,591.4319545964759,99923,52,23,53,22,14972,7481,0.22470302132642134,19,13,25060,21267,4574,1949,20241,26725,40308,28320,0,0,23692,3333,5229,678,955,40,0,0,0,0,55675,3570,6751,0,0,0,0,0
591,3281,592.5971609764739,99923,45,21,53,22,14976,7483,0.22476306756202274,21,11,25051,21297,4555,1939,20274,26709,40397,28433,0,0,23525,3317,5252,680,958,40,0,0,0,0,55832,3549,6770,0,0,0,0,0
592,3281,593.4243795141334,99923,45,18,53,22,14982,7484,0.22483312150355775,18,13,25042,21329,4533,1931,20308,26686,40485,28545,0,0,23363,3297,5280,678,960,41,0,0,0,0,55986,3533,6785,0,0,0,0,0
593,3281,594.1305007318301,99923,43,15,53,22,14983,7484,0.22484312920949132,18,14,25015,21321,4503,1916,20367,26711,40572,28656,0,0,23211,3282,5301,674,964,41,0,0,0,0,56132,3506,6812,0,0,0,0,0
594,3281,595.0903991028265,99923,42,12,53,22,14986,7485,0.2248831600332256,18,13,24982,21308,4478,1909,20426,26735,40658,28766,0,0,23058,3264,5325,672,968,41,0,0,0,0,56279,3483,6833,0,0,0,0,0
595,3281,596.1084980958889,99922,43,12,54,22,14992,7487,0.2249654730689938,17,11,24962,21316,4451,1898,20472,26740,40743,28875,0,0,22912,3237,5356,668,974,41,0,0,0,0,56420,3466,6848,0,0,0,0,0
596,3281,597.1288218031463,99922,42,16,54,22,14997,7493,0.22507555893597006,19,5,24957,21325,4431,1888,20496,26743,40827,28983,0,0,22758,3218,5378,668,977,41,0,0,0,0,56569,3447,6866,0,0,0,0,0
597,3281,598.0645712080855,99922,36,14,54,22,15002,7495,0.2251456135785913,20,3,24964,21367,4410,1879,20515,26714,40910,29090,0,0,22612,3206,5404,665,981,41,0,0,0,0,56701,3418,6894,0,0,0,0,0
598,3281,599.1826457122131,99922,34,13,54,22,15006,7496,0.22519565260903504,20,7,24977,21399,4377,1868,20537,26690,40992,29196,0,0,22455,3191,5426,662,985,41,0,0,0,0,56851,3405,6906,0,0,0,0,0
599,3281,600.0345365728073,99922,35,13,54,22,15007,7497,0.22521566822121256,22,6,24911,21354,4356,1861,20621,26743,41073,29301,0,0,22313,3176,5442,656,991,41,0,0,0,0,56992,3382,6929,0,0,0,0,0
600,3281,601.0049527011463,99922,34,13,54,22,15013,7498,0.2252857228638338,17,6,24918,21372,4329,1849,20647,26737,41154,29405,0,0,22176,3158,5468,650,997,41,0,0,0,0,57121,3358,6953,0,0,0,0,0
601,3281,602.0220457929679,99922,36,16,54,22,15018,7502,0.22537579311863254,14,2,24958,21410,4295,1837,20642,26712,41234,29508,0,0,22035,3140,5490,645,1002,41,0,0,0,0,57258,3339,6972,0,0,0,0,0
602,3281,603.0324106102154,99922,34,15,54,22,15018,7504,0.22539580873081003,15,1,24917,21384,4274,1827,20705,26750,41313,29610,0,0,21890,3121,5513,644,1004,41,0,0,0,0,57399,3323,6987,0,0,0,0,0
603,3281,604.1748028948956,99922,32,13,54,22,15022,7504,0.22543583995516503,12,3,24938,21444,4244,1814,20719,26703,41391,29711,0,0,21744,3108,5531,643,1007,41,0,0,0,0,57539,3304,7005,0,0,0,0,0
604,3281,605.0301537735139,99922,30,13,54,22,15027,7506,0.22550589459778628,11,2,24941,21472,4215,1798,20748,26692,41468,29811,0,0,21615,3088,5557,639,1012,42,0,0,0,0,57661,3281,7027,0,0,0,0,0
605,3281,606.2568551665532,99922,28,14,54,22,15028,7507,0.22552591020996376,11,1,24926,21474,4190,1785,20790,26703,41545,29910,0,0,21478,3068,5580,638,1013,42,0,0,0,0,57795,3263,7045,0,0,0,0,0
606,3281,607.0729949523975,99922,25,13,54,22,15028,7507,0.22552591020996376,14,1,24917,21461,4169,1781,20820,26721,41621,30007,0,0,21338,3058,5591,633,1020,42,0,0,0,0,57933,3245,7062,0,0,0,0,0
607,3281,608.168508556621,99922,20,11,54,22,15030,7508,0.22555593362823,12,2,24934,21502,4142,1765,20837,26697,41696,30103,0,0,21197,3045,5612,631,1024,42,0,0,0,0,58066,3230,7075,0,0,0,0,0
608,3281,609.2244765881056,99922,19,11,54,22,15032,7508,0.22557594924040753,11,3,24953,21585,4116,1743,20846,26635,41770,30198,0,0,21066,3023,5634,630,1027,42,0,0,0,0,58196,3215,7089,0,0,0,0,0
609,3281,610.0676321829676,99922,18,9,54,22,15033,7508,0.22558595704649625,10,4,24912,21549,4101,1744,20904,26671,41843,30292,0,0,20926,3010,5649,629,1029,42,0,0,0,0,58333,3202,7102,0,0,0,0,0
610,3281,611.0166358547189,99922,18,9,54,22,15036,7509,0.22562598827085126,7,4,24918,21584,4077,1734,20925,26646,41916,30386,0,0,20796,2996,5667,620,1038,42,0,0,0,0,58459,3188,7116,0,0,0,0,0
611,3281,612.1573131941104,99922,17,10,54,22,15038,7510,0.2256560116891175,6,3,24953,21632,4046,1723,20923,26609,41988,30479,0,0,20674,2979,5687,616,1042,42,0,0,0,0,58578,3167,7137,0,0,0,0,0
612,3281,613.0776626932621,99922,17,9,54,22,15040,7511,0.22568603510738375,4,4,24933,21634,4019,1714,20972,26616,42059,30571,0,0,20546,2960,5709,615,1042,43,0,0,0,0,58703,3152,7152,0,0,0,0,0
613,3281,614.0600457527069,99922,17,9,54,22,15042,7512,0.22571605852565002,3,3,24955,21670,3994,1705,20976,26590,42129,30662,0,0,20425,2943,5727,614,1044,43,0,0,0,0,58822,3130,7174,0,0,0,0,0
614,3281,615.1158829190576,99922,16,10,54,22,15045,7514,0.22576609755609375,2,1,24991,21734,3969,1691,20967,26541,42199,30752,0,0,20304,2926,5749,611,1047,43,0,0,0,0,58938,3111,7193,0,0,0,0,0
615,3281,616.1112509029655,99922,15,9,54,22,15045,7514,0.22576609755609375,3,1,24937,21714,3964,1683,21026,26570,42268,30841,0,0,20175,2908,5769,608,1050,43,0,0,0,0,59065,3103,7201,0,0,0,0,0
616,3281,617.1005229806398,99922,14,7,54,22,15047,7514,0.22578611316827124,3,2,24968,21769,3939,1671,21021,26528,42336,30929,0,0,20046,2896,5782,607,1054,43,0,0,0,0,59192,3089,7213,0,0,0,0,0
617,3281,618.1852680211771,99922,9,6,54,22,15047,7514,0.22578611316827124,3,2,24976,21779,3919,1663,21038,26527,42404,31016,0,0,19920,2882,5802,606,1055,43,0,0,0,0,59312,3075,7227,0,0,0,0,0
618,3281,619.0937087462286,99922,7,6,54,22,15048,7515,0.22580612878044876,4,1,24983,21801,3890,1653,21061,26516,42471,31102,0,0,19805,2866,5822,604,1057,43,0,0,0,0,59423,3055,7247,0,0,0,0,0
619,3281,620.1197186724602,99922,7,5,54,22,15050,7516,0.225836152198715,4,1,25053,21883,3858,1645,21023,26443,42537,31187,0,0,19685,2856,5836,601,1060,43,0,0,0,0,59539,3037,7265,0,0,0,0,0
620,3281,621.4539941911469,99922,8,6,54,22,15052,7517,0.22586617561698125,2,0,25074,21907,3832,1637,21029,26427,42603,31271,0,0,19569,2843,5850,596,1065,43,0,0,0,0,59654,3021,7281,0,0,0,0,0
621,3281,622.3200664828074,99922,9,4,54,22,15053,7517,0.22587618342307,2,0,25042,21891,3816,1633,21076,26449,42668,31354,0,0,19452,2833,5862,593,1068,43,0,0,0,0,59769,3003,7299,0,0,0,0,0
622,3281,623.1870170308719,99922,8,4,54,22,15054,7517,0.22588619122915873,2,0,25105,21981,3778,1621,21052,26371,42732,31436,0,0,19343,2818,5879,589,1072,43,0,0,0,0,59876,2985,7317,0,0,0,0,0
623,3281,624.4466837714616,99922,7,4,54,22,15055,7517,0.2258961990352475,2,0,25100,22009,3759,1608,21077,26356,42796,31517,0,0,19236,2801,5897,586,1076,43,0,0,0,0,59982,2967,7334,0,0,0,0,0
624,3281,625.297173603423,99922,7,3,54,22,15055,7517,0.2258961990352475,2,0,25128,22070,3726,1599,21082,26305,42859,31598,0,0,19118,2786,5913,585,1077,43,0,0,0,0,60099,2957,7344,0,0,0,0,0
625,3281,626.5295142673385,99922,6,2,54,22,15055,7517,0.2258961990352475,2,0,25161,22123,3702,1590,21074,26262,42921,31678,0,0,19004,2777,5923,582,1081,43,0,0,0,0,60212,2941,7359,0,0,0,0,0
626,3281,627.4436045635044,99922,5,2,54,22,15055,7517,0.2258961990352475,2,0,25192,22186,3681,1583,21065,26206,42983,31757,0,0,18884,2772,5929,582,1081,43,0,0,0,0,60331,2925,7375,0,0,0,0,0
627,3281,628.2007388391223,99922,5,1,54,22,15055,7517,0.2258961990352475,3,0,25136,22144,3670,1579,21131,26253,43044,31835,0,0,18769,2763,5939,581,1082,43,0,0,0,0,60445,2911,7389,0,0,0,0,0
628,3281,629.088698656441,99922,5,1,54,22,15055,7517,0.2258961990352475,4,0,25195,22221,3639,1570,21102,26185,43104,31912,0,0,18659,2749,5953,579,1084,43,0,0,0,0,60555,2900,7400,0,0,0,0,0
629,3281,630.0644252081491,99922,9,5,54,22,15059,7521,0.2259762614839575,25,21,25172,22203,3613,1558,21126,26190,43164,31988,0,0,18559,2732,5970,577,1086,43,0,0,0,0,60655,2883,7417,0,0,0,0,0
630,3281,631.0093293397948,99922,11,7,54,22,15062,7524,0.22603630832049,22,18,25170,22208,3602,1552,21140,26192,43223,32064,0,0,18453,2720,5982,574,1089,43,0,0,0,2,60759,2869,7431,0,0,0,0,0
631,3281,632.2855368368045,99922,14,13,54,22,15066,7531,0.2261463941874662,23,11,25227,22274,3571,1536,21110,26143,43282,32139,0,0,18355,2700,6002,569,1094,43,0,0,0,3,60856,2857,7443,0,0,0,0,0
632,3281,633.0352546441148,99922,14,14,54,22,15066,7533,0.22616640979964373,26,12,25242,22287,3543,1532,21120,26132,43340,32213,0,0,18245,2687,6015,566,1097,43,1,0,0,3,60965,2850,7450,0,0,0,0,0
633,3281,634.0564320942291,99922,15,18,54,22,15069,7538,0.2262464722483537,26,10,25278,22310,3519,1523,21107,26116,43397,32286,0,0,18149,2670,6031,562,1102,43,2,0,0,4,61059,2836,7464,0,0,0,0,0
634,3281,635.2096433613632,99922,17,13,54,22,15075,7539,0.22631652689097495,26,11,25314,22397,3492,1508,21096,26048,43454,32358,0,0,18055,2651,6050,559,1105,43,4,0,0,12,61143,2821,7479,0,0,0,0,0
635,3281,636.212126989452,99922,19,15,54,22,15080,7542,0.22639658933968496,24,11,25330,22414,3477,1501,21095,26036,43510,32430,0,0,17950,2641,6060,556,1108,43,6,0,0,14,61244,2809,7491,0,0,0,0,0
636,3281,637.1012834752531,99922,17,13,54,22,15080,7542,0.22639658933968496,27,13,25333,22421,3460,1497,21108,26033,43566,32501,0,0,17851,2628,6072,553,1112,43,8,0,0,15,61340,2795,7505,0,0,0,0,0
637,3281,638.0461787623572,99922,22,13,54,22,15087,7545,0.22649666740057245,21,16,25342,22463,3442,1488,21118,25997,43621,32571,0,0,17760,2608,6092,550,1115,43,8,0,0,20,61426,2784,7516,0,0,0,0,0
638,3281,639.0200004210864,99922,26,13,54,22,15095,7546,0.22658673765537118,16,17,25354,22491,3419,1480,21130,25976,43676,32640,0,0,17669,2591,6108,548,1118,43,9,0,0,23,61513,2769,7531,0,0,0,0,0
639,3281,640.0975265400939,99922,25,15,54,22,15098,7550,0.22665679229799243,22,15,25372,22547,3399,1478,21127,25922,43730,32708,0,0,17574,2575,6123,548,1121,43,10,0,0,25,61605,2757,7541,0,0,0,0,0
640,3281,641.1480491179753,99922,21,17,54,22,15100,7554,0.22671683913452492,27,13,25392,22599,3379,1473,21126,25875,43783,32776,0,0,17483,2558,6140,546,1123,44,11,0,0,31,61689,2746,7551,0,0,0,0,0
641,3281,642.2525885220628,99922,25,20,54,22,15106,7559,0.22682692500150117,25,16,25419,22636,3357,1466,21119,25839,43836,32843,0,0,17391,2546,6152,541,1128,44,11,0,0,35,61777,2735,7562,0,0,0,0,0
642,3281,643.2379912240094,99922,28,22,54,22,15117,7564,0.22698704989892116,22,16,25464,22698,3346,1459,21085,25782,43888,32909,0,0,17291,2537,6160,541,1130,44,13,0,0,42,61868,2724,7572,0,0,0,0,0
643,3281,644.0790568210144,99922,32,23,54,22,15122,7568,0.2270771201537199,26,13,25446,22713,3331,1452,21110,25776,43940,32975,0,0,17194,2530,6167,534,1137,44,13,0,0,45,61962,2716,7580,0,0,0,0,0
644,3281,645.0993654417397,99922,33,21,54,22,15125,7571,0.2271371669902524,30,13,25457,22740,3318,1452,21107,25751,43991,33040,0,0,17096,2522,6175,532,1139,44,14,0,0,51,62053,2707,7589,0,0,0,0,0
645,3281,646.2415183435903,99922,35,20,54,22,15134,7575,0.22726726846940615,30,14,25506,22827,3310,1445,21064,25671,44042,33104,0,0,17009,2507,6189,529,1143,44,16,0,0,60,62129,2695,7601,0,0,0,0,0
646,3281,647.0173067949664,99922,36,20,54,22,15138,7576,0.22731730749984988,35,15,25505,22850,3301,1439,21068,25653,44092,33167,0,0,16912,2502,6194,528,1144,44,18,0,0,62,62222,2683,7613,0,0,0,0,0
647,3281,648.2081092344059,99922,45,22,54,22,15149,7580,0.22746742459118113,34,19,25521,22876,3282,1436,21063,25624,44142,33230,0,0,16825,2492,6204,527,1145,44,18,0,0,66,62305,2668,7628,0,0,0,0,0
648,3281,649.0476150736317,99922,47,22,54,22,15155,7585,0.22757751045815736,38,20,25518,22912,3273,1437,21069,25586,44191,33292,0,0,16735,2489,6205,526,1149,44,20,0,0,70,62389,2649,7646,0,0,0,0,0
649,3281,650.2471167525649,99921,51,22,55,22,15168,7591,0.22776993825121847,53,27,25569,22981,3261,1431,21010,25516,44240,33353,0,0,16644,2480,6213,524,1152,44,25,0,0,78,62466,2636,7659,0,0,0,0,0
650,3281,651.3633883375675,99921,57,21,55,22,15180,7596,0.22794007265739935,51,29,25582,23024,3250,1427,21004,25476,44288,33414,0,0,16560,2469,6222,520,1160,44,28,0,0,83,62542,2623,7670,0,0,0,0,0
651,3281,652.1070685800472,99921,57,26,55,22,15188,7603,0.22809019125108837,48,25,25578,23045,3248,1425,21013,25456,44336,33474,0,0,16476,2459,6232,518,1163,44,33,0,0,87,62617,2606,7686,0,0,0,0,0
652,3281,653.2224655820424,99920,66,28,56,22,15204,7609,0.22831265012009608,48,26,25619,23094,3227,1420,20983,25409,44383,33533,0,0,16385,2447,6241,519,1165,44,35,0,0,92,62701,2599,7692,0,0,0,0,0
653,3281,654.3361804011272,99920,74,30,56,22,15223,7618,0.22859287429943956,45,31,25662,23139,3212,1424,20950,25353,44430,33592,0,0,16295,2438,6250,518,1167,44,41,0,0,103,62774,2587,7703,0,0,0,0,0
654,3281,655.0775849482316,99920,76,31,56,22,15232,7625,0.22875300240192153,49,31,25674,23157,3198,1425,20946,25333,44476,33650,0,0,16214,2427,6260,518,1170,44,44,0,0,110,62845,2572,7716,0,0,0,0,0
655,3281,656.1888602574064,99920,88,33,56,22,15250,7632,0.22900320256204965,61,36,25699,23210,3185,1427,20910,25271,44522,33707,0,0,16123,2418,6268,517,1173,44,48,0,0,115,62927,2566,7721,0,0,0,0,0
656,3281,657.2984124694117,99920,99,33,56,22,15275,7639,0.2293234587670136,66,41,25727,23248,3178,1427,20873,25228,44568,33764,0,0,16044,2404,6280,516,1178,44,50,0,0,129,62990,2554,7731,0,0,0,0,0
657,3281,658.0372978054899,99920,98,35,56,22,15285,7645,0.2294835868694956,75,40,25722,23271,3174,1424,20874,25207,44613,33820,0,0,15963,2394,6288,514,1183,44,54,0,0,137,63059,2542,7742,0,0,0,0,0
658,3281,659.1455878288036,99920,105,44,56,22,15302,7656,0.22976381104883908,82,38,25741,23311,3158,1417,20857,25167,44658,33876,0,0,15887,2380,6301,513,1186,45,55,0,0,145,63126,2532,7750,0,0,0,0,0
659,3281,660.2528742006996,99920,103,42,56,22,15325,7664,0.2300740592473979,91,39,25756,23361,3164,1415,20829,25120,44702,33931,0,0,15803,2365,6311,513,1195,45,63,0,0,163,63184,2524,7754,0,0,0,0,0
660,3281,661.3594817952093,99920,99,46,56,22,15345,7677,0.23040432345876702,92,31,25786,23439,3163,1420,20803,25041,44746,33985,0,0,15721,2350,6324,514,1199,45,72,0,0,182,63238,2513,7762,0,0,0,0,0
661,3281,662.096575503362,99920,101,47,56,22,15360,7685,0.23063450760608487,89,32,25788,23450,3165,1418,20800,25030,44789,34039,0,0,15641,2337,6336,516,1201,45,77,0,0,193,63302,2502,7770,0,0,0,0,0
662,3281,663.2018722350224,99920,108,46,56,22,15385,7696,0.23099479583666935,83,36,25814,23504,3163,1418,20775,24973,44832,34092,0,0,15561,2330,6340,513,1208,45,83,0,0,213,63356,2490,7781,0,0,0,0,0
663,3281,664.3060510238939,99920,112,55,56,22,15415,7714,0.2314751801441153,88,30,25836,23553,3167,1425,20740,24914,44875,34145,0,0,15472,2323,6345,515,1211,45,91,0,0,235,63415,2480,7788,0,0,0,0,0
664,3281,665.0414541057681,99920,123,51,56,22,15435,7720,0.23173538831064852,79,38,25851,23583,3161,1428,20729,24877,44917,34197,0,0,15390,2317,6350,515,1213,46,95,0,0,246,63482,2470,7796,0,0,0,0,0
665,3281,666.1439161521637,99920,127,57,56,22,15460,7733,0.23211569255404324,82,41,25887,23627,3161,1425,20686,24827,44959,34249,0,0,15312,2308,6355,515,1222,47,99,0,0,258,63543,2459,7802,0,0,0,0,0
666,3281,667.2446821347847,99920,131,59,56,22,15485,7746,0.23249599679743796,83,42,25931,23684,3163,1424,20635,24768,45000,34300,0,0,15241,2296,6362,514,1232,47,105,0,0,275,63591,2445,7812,0,0,0,0,0
667,3281,668.3436806865928,99920,135,55,56,22,15514,7755,0.23287630104083268,92,48,25932,23739,3172,1426,20612,24709,45041,34350,0,0,15167,2285,6368,514,1240,47,109,0,0,301,63635,2435,7819,0,0,0,0,0
668,3281,669.0760977792702,99920,128,60,56,22,15523,7765,0.23306645316253002,99,52,25936,23752,3174,1426,20606,24687,45082,34400,0,0,15095,2276,6376,512,1245,47,112,0,0,316,63689,2424,7828,0,0,0,0,0
669,3281,670.1743321634746,99920,134,67,56,22,15549,7777,0.23344675740592474,105,60,25970,23793,3168,1426,20566,24631,45122,34449,0,0,15020,2264,6386,513,1248,47,119,0,0,329,63744,2413,7837,0,0,0,0,0
670,3281,671.271166951811,99920,135,73,56,22,15570,7794,0.23382706164931946,116,60,25994,23848,3170,1426,20528,24570,45162,34498,0,0,14948,2256,6390,510,1257,47,129,0,0,344,63791,2397,7851,0,0,0,0,0
671,3281,672.0016949601031,99920,146,78,56,22,15592,7806,0.23416733386709368,121,53,26003,23882,3160,1426,20513,24538,45201,34546,0,0,14874,2249,6395,509,1262,48,130,0,0,355,63853,2391,7854,0,0,0,0,0
672,3281,673.0967508934199,99920,150,76,56,22,15618,7824,0.23460768614891914,141,59,26016,23918,3161,1442,20475,24482,45240,34594,0,0,14798,2240,6400,508,1268,49,137,0,0,383,63894,2383,7860,0,0,0,0,0
673,3281,674.1909281496269,99920,162,87,56,22,15649,7844,0.23511809447558046,140,59,26030,23961,3168,1442,20443,24428,45279,34641,0,0,14722,2231,6408,509,1271,49,142,0,0,402,63946,2376,7864,0,0,0,0,0
674,3281,675.2842853172203,99920,185,94,56,22,15696,7865,0.2357986389111289,131,59,26061,24023,3174,1448,20392,24353,45317,34688,0,0,14655,2221,6415,509,1278,49,145,0,0,430,63982,2365,7871,0,0,0,0,0
675,3281,676.0122897160903,99920,195,93,56,22,15723,7874,0.23615892714171338,134,60,26059,24042,3180,1456,20375,24326,45355,34734,0,0,14594,2213,6421,508,1284,49,149,0,0,447,64022,2346,7887,0,0,0,0,0
676,3281,677.1040850334583,99920,206,90,56,22,15760,7883,0.23661929543634908,139,74,26081,24105,3188,1460,20329,24248,45393,34780,0,0,14532,2200,6427,507,1298,50,151,0,0,469,64060,2337,7889,0,0,0,0,0
677,3281,678.1945931505786,99920,216,100,56,22,15796,7906,0.2372097678142514,149,71,26093,24157,3197,1459,20288,24190,45430,34825,0,0,14463,2193,6431,505,1307,50,156,0,0,495,64098,2327,7895,0,0,0,0,0
678,3281,679.2841375761819,99920,217,106,56,22,15833,7923,0.2377502001601281,164,82,26106,24196,3214,1465,20242,24128,45467,34870,0,0,14383,2185,6439,505,1311,51,172,0,0,520,64137,2317,7900,0,0,0,0,0
679,3281,680.0101140172434,99920,229,109,56,22,15866,7942,0.23827061649319456,155,84,26104,24206,3220,1474,20235,24104,45503,34914,0,0,14311,2175,6446,506,1317,51,180,0,0,542,64179,2310,7903,0,0,0,0,0
680,3281,681.0989764046411,99920,224,100,56,22,15908,7956,0.2388310648518815,157,97,26104,24235,3252,1492,20206,24053,45539,34958,0,0,14229,2173,6441,507,1327,51,191,0,0,589,64203,2301,7908,0,0,0,0,0
681,3281,682.1876873925727,99920,229,106,56,22,15951,7980,0.23950160128102482,176,103,26114,24272,3269,1498,20155,23998,45575,35001,0,0,14161,2163,6448,506,1335,51,200,0,0,629,64222,2292,7913,0,0,0,0,0
682,3281,683.2756976236659,99920,235,117,56,22,15990,8009,0.24018214571657326,191,105,26140,24307,3280,1509,20097,23939,45610,35044,0,0,14096,2156,6451,503,1345,51,205,0,0,668,64243,2284,7918,0,0,0,0,0
683,3281,684.000300231326,99919,243,120,57,22,16032,8027,0.24078503587906205,190,107,26146,24306,3293,1520,20070,23924,45645,35086,0,0,14034,2146,6458,503,1352,51,213,0,0,701,64263,2271,7927,0,0,0,0,0
684,3281,685.0866310073585,99919,266,128,57,22,16086,8052,0.24157567629780122,188,121,26175,24354,3296,1525,20017,23849,45680,35128,0,0,13973,2138,6462,499,1362,52,222,0,0,732,64284,2258,7937,0,0,0,0,0
685,3281,686.171382576725,99919,270,139,57,22,16131,8078,0.24228625186400984,215,127,26175,24415,3317,1525,19965,23771,45714,35169,0,0,13903,2131,6467,500,1369,52,233,0,0,769,64306,2248,7941,0,0,0,0,0
686,3281,687.2554758898115,99919,282,157,57,22,16191,8117,0.2432770544140754,228,118,26185,24465,3343,1535,19904,23702,45748,35210,0,0,13826,2119,6475,500,1378,52,254,0,0,808,64323,2241,7943,0,0,0,0,0
687,3281,688.3385339444603,99919,297,171,57,22,16253,8154,0.24426785696414097,240,115,26221,24506,3358,1553,19826,23632,45782,35251,0,0,13754,2104,6482,505,1386,53,266,0,0,850,64341,2235,7943,0,0,0,0,0
688,3281,689.0595674937838,99919,312,165,57,22,16302,8170,0.24491838389095166,230,127,26225,24519,3366,1569,19809,23597,45815,35291,0,0,13699,2094,6485,506,1397,54,273,0,0,883,64355,2218,7955,0,0,0,0,0
689,3281,690.1405543708379,99918,342,166,58,22,16373,8199,0.24592165575772132,228,145,26254,24551,3378,1591,19739,23524,45848,35331,0,0,13637,2080,6495,510,1402,56,283,0,0,928,64361,2206,7960,0,0,0,0,0
690,3281,691.2202958546794,99918,355,171,58,22,16440,8234,0.2469424928441322,247,149,26248,24592,3408,1613,19683,23452,45881,35370,0,0,13565,2068,6498,511,1419,56,302,0,0,972,64368,2197,7962,0,0,0,0,0
691,3281,692.2998723774031,99918,357,184,58,22,16503,8269,0.24792329710362498,266,149,26236,24619,3445,1631,19637,23394,45914,35409,0,0,13495,2060,6498,515,1431,57,313,0,0,1024,64374,2187,7964,0,0,0,0,0
692,3281,693.0197002765962,99918,382,197,58,22,16554,8295,0.24869392902179788,278,150,26234,24642,3451,1635,19596,23353,45946,35447,0,0,13435,2053,6501,516,1436,58,316,0,0,1052,64403,2180,7968,0,0,0,0,0
693,3281,694.0990236375704,99918,383,220,58,22,16633,8338,0.2499149302427991,297,155,26216,24663,3502,1649,19543,23290,45978,35485,0,0,13372,2041,6499,521,1458,58,324,0,0,1112,64396,2171,7966,0,0,0,0,0
694,3281,695.1782837354028,99918,412,218,58,22,16712,8386,0.2511859724974479,318,154,26202,24714,3532,1690,19477,23201,46010,35523,0,0,13299,2034,6499,524,1475,59,341,0,0,1172,64392,2160,7963,0,0,0,0,0
695,3281,696.2575915959933,99918,428,225,58,22,16784,8421,0.25225685061750636,349,176,26193,24753,3563,1710,19408,23113,46041,35560,0,0,13229,2028,6500,527,1483,59,357,0,0,1228,64390,2148,7969,0,0,0,0,0
696,3281,697.3365439029017,99917,455,251,58,23,16864,8477,0.2536205050191659,372,174,26187,24798,3589,1732,19338,23021,46072,35597,0,0,13156,2021,6501,528,1495,60,377,0,0,1275,64395,2139,7970,0,0,0,0,0
697,3281,698.0557031556306,99917,466,269,58,23,16922,8521,0.2546413523224276,380,169,26162,24805,3623,1752,19310,22981,46103,35633,0,0,13086,2011,6505,527,1507,61,396,0,0,1315,64406,2133,7970,0,0,0,0,0
698,3281,699.1347913134817,99917,513,269,58,23,17036,8565,0.2562226648117938,384,179,26143,24825,3667,1787,19234,22916,46134,35669,0,0,13013,2001,6509,531,1522,61,414,0,0,1385,64387,2127,7967,0,0,0,0,0
699,3281,700.2138562102953,99917,531,286,58,23,17123,8623,0.2576738693115286,419,172,26129,24863,3710,1819,19152,22836,46164,35705,0,0,12943,1990,6510,534,1540,61,434,0,0,1453,64369,2118,7965,0,0,0,0,0
700,3281,701.2929500704491,99917,567,285,58,23,17244,8664,0.25929521502847364,421,201,26109,24894,3768,1848,19076,22748,46194,35740,0,0,12875,1983,6508,534,1571,62,451,0,0,1524,64346,2108,7955,0,0,0,0,0
701,3281,702.0124504990252,99917,600,299,58,23,17337,8706,0.26064633645926116,429,202,26066,24896,3816,1864,19030,22715,46224,35775,0,0,12813,1973,6510,538,1584,63,466,0,0,1578,64339,2096,7957,0,0,0,0,0
702,3281,703.0927608050907,99917,622,319,58,23,17455,8772,0.26248786492789017,450,208,26030,24925,3891,1893,18948,22631,46253,35810,0,0,12741,1959,6514,547,1600,65,486,0,0,1671,64298,2089,7947,0,0,0,0,0
703,3281,704.1738557953674,99917,645,326,58,23,17577,8834,0.2643293933965191,497,221,25997,24941,3959,1942,18843,22546,46282,35844,0,0,12655,1947,6501,557,1633,66,520,0,0,1743,64275,2080,7940,0,0,0,0,0
704,3281,705.2552922348049,99917,692,333,58,23,17718,8893,0.26633105477546365,501,245,25978,24954,4022,1981,18748,22463,46311,35878,0,0,12568,1938,6502,567,1648,67,552,0,0,1828,64243,2071,7933,0,0,0,0,0
705,3281,706.3366238225651,99917,721,351,58,23,17874,8955,0.2685128656785132,510,268,25954,24979,4110,2011,18646,22367,46340,35911,0,0,12487,1920,6500,575,1670,70,589,0,0,1925,64190,2062,7929,0,0,0,0,0
706,3281,707.05774848054,99917,726,368,58,23,17963,9006,0.26991402864377434,544,270,25901,24988,4175,2035,18595,22315,46368,35944,0,0,12424,1913,6501,577,1682,72,608,0,0,2007,64152,2051,7930,0,0,0,0,0
707,3281,708.1409831070162,99917,763,393,58,23,18107,9083,0.272125864467508,577,274,25844,25029,4255,2071,18502,22209,46396,35977,0,0,12354,1905,6502,583,1705,75,629,0,0,2109,64098,2041,7916,0,0,0,0,0
708,3281,709.225662848185,99917,828,404,58,23,18280,9164,0.27466797441876756,572,283,25799,25038,4339,2127,18403,22124,46424,36009,0,0,12282,1894,6492,587,1740,77,654,0,0,2215,64036,2034,7906,0,0,0,0,0
709,3281,710.311300260611,99917,861,407,58,23,18445,9237,0.27704995145971156,576,305,25758,25047,4443,2189,18303,22028,46452,36041,0,0,12202,1884,6479,598,1771,81,686,0,0,2335,63964,2021,7896,0,0,0,0,0
710,3281,711.0357946585182,99917,867,425,58,23,18554,9304,0.2788114134731827,609,309,25708,25043,4522,2224,18235,21975,46479,36073,0,0,12124,1877,6473,603,1792,84,715,0,0,2425,63922,2013,7889,0,0,0,0,0
711,3281,712.1239926495438,99917,889,434,58,23,18723,9386,0.2813234985037581,629,322,25657,25056,4637,2288,18129,21876,46506,36104,0,0,12042,1868,6467,613,1827,89,751,0,0,2550,63842,1997,7871,0,0,0,0,0
712,3281,713.2137061725575,99916,932,468,59,23,18918,9473,0.2841486848953121,650,322,25582,25081,4751,2326,18025,21779,46533,36135,0,0,11962,1859,6463,616,1854,91,784,0,0,2681,63753,1989,7864,0,0,0,0,0
713,3281,714.3054953000579,99915,974,473,60,23,19124,9561,0.28709402992543664,681,336,25502,25083,4868,2393,17914,21691,46560,36166,0,0,11871,1847,6456,627,1893,93,826,0,0,2824,63652,1980,7846,0,0,0,0,0
714,3281,715.0348571380655,99915,1004,487,60,23,19238,9627,0.28889556122704296,702,353,25462,25068,4922,2438,17849,21630,46586,36196,0,0,11817,1831,6458,638,1917,95,839,0,0,2902,63609,1970,7839,0,0,0,0,0
715,3281,716.1299211415196,99914,1032,509,60,24,19407,9721,0.2915307164161179,766,383,25406,25060,5021,2497,17714,21526,46612,36226,0,0,11726,1821,6449,644,1953,96,887,0,0,3018,63533,1959,7828,0,0,0,0,0
716,3281,717.226178481221,99914,1078,539,60,24,19608,9819,0.2945232900294253,819,402,25306,25072,5138,2542,17598,21420,46638,36256,0,0,11650,1808,6442,657,1984,99,921,0,0,3151,63438,1943,7821,0,0,0,0,0
717,3281,718.3250586496957,99914,1132,558,60,24,19828,9921,0.29774606161298717,865,423,25206,25074,5263,2606,17473,21314,46664,36285,0,0,11571,1804,6424,658,2028,104,957,0,0,3303,63324,1933,7808,0,0,0,0,0
718,3281,719.0590328842122,99913,1173,563,61,24,19990,9996,0.30012110536166464,903,437,25127,25050,5348,2666,17387,21259,46689,36314,0,0,11495,1794,6420,670,2046,107,993,0,0,3417,63246,1916,7809,0,0,0,0,0
719,3281,720.1630865874832,99913,1237,595,61,24,20252,10129,0.304074544854023,893,446,25045,25040,5496,2745,17267,21149,46714,36343,0,0,11404,1782,6416,684,2085,113,1040,0,0,3598,63102,1905,7784,0,0,0,0,0
720,3281,721.2695968334453,99913,1317,652,61,24,20512,10268,0.3080680191766837,919,451,24929,25013,5632,2810,17141,21049,46739,36372,0,0,11325,1765,6406,697,2129,114,1077,0,0,3754,62982,1893,7771,0,0,0,0,0
721,3281,722.008981372469,99913,1351,662,61,24,20686,10346,0.31059021348573257,955,453,24846,25007,5739,2870,17047,20983,46764,36400,0,0,11251,1757,6395,704,2163,115,1102,0,0,3889,62892,1889,7756,0,0,0,0,0
722,3281,723.1212581707298,99912,1422,682,62,24,20966,10478,0.3147169509168068,968,485,24755,24983,5891,2966,16901,20859,46789,36428,0,0,11153,1748,6378,716,2199,119,1151,0,0,4096,62727,1880,7745,0,0,0,0,0
723,3281,724.2363707790571,99911,1483,706,63,24,21247,10608,0.3188337620482229,1001,530,24637,24963,6050,3052,16765,20724,46813,36456,0,0,11045,1735,6368,736,2246,121,1221,0,0,4272,62583,1858,7726,0,0,0,0,0
724,3281,725.3547412286313,99911,1520,737,63,24,21531,10756,0.3231576102731431,1031,568,24529,24929,6237,3145,16619,20596,46837,36483,0,0,10960,1722,6355,751,2310,123,1264,0,0,4493,62389,1845,7699,0,0,0,0,0
725,3281,726.1025149694223,99911,1554,774,63,24,21721,10875,0.32625036282291237,1095,563,24445,24915,6331,3213,16511,20510,46861,36510,0,0,10890,1707,6345,758,2362,125,1298,0,0,4622,62288,1835,7681,0,0,0,0,0
726,3281,727.2275914939673,99911,1601,805,63,24,22018,11041,0.3308844871936023,1173,553,24305,24894,6513,3329,16344,20394,46885,36537,0,0,10787,1696,6326,770,2409,131,1356,0,0,4870,62079,1826,7661,0,0,0,0,0
727,3281,728.3567190531996,99911,1700,837,63,24,22372,11211,0.33612915494790363,1175,565,24193,24869,6684,3437,16184,20267,46909,36564,0,0,10698,1687,6311,780,2478,135,1404,0,0,5108,61865,1812,7633,0,0,0,0,0
728,3281,729.1114158404309,99911,1711,858,63,24,22587,11329,0.3394621212879463,1225,584,24085,24834,6832,3516,16083,20183,46932,36590,0,0,10611,1670,6297,796,2530,140,1452,0,0,5271,61731,1801,7612,0,0,0,0,0
729,3281,730.2480931633307,99910,1825,919,63,25,22990,11507,0.34528075267740965,1198,596,23942,24779,7054,3615,15917,20065,46955,36616,0,0,10508,1647,6274,830,2592,144,1512,0,0,5499,61532,1783,7589,0,0,0,0,0
730,3281,731.0084603495693,99910,1875,924,63,25,23219,11626,0.34876388749874887,1256,619,23829,24737,7179,3707,15797,19987,46978,36642,0,0,10432,1638,6269,837,2634,150,1553,0,0,5676,61379,1768,7574,0,0,0,0,0
731,3281,732.153745953221,99908,1955,958,65,25,23582,11803,0.35417584177443245,1335,662,23643,24681,7377,3833,15624,19840,47001,36668,0,0,10332,1623,6252,853,2708,155,1610,0,0,5916,61159,1755,7545,0,0,0,0,0
732,3281,733.3056396787683,99908,2000,991,65,25,23954,12001,0.3598810906033551,1434,668,23453,24668,7610,3959,15437,19688,47024,36693,0,0,10222,1614,6226,873,2797,159,1673,0,0,6205,60901,1736,7502,0,0,0,0,0
733,3281,734.0776054528734,99907,2053,1011,66,25,24240,12137,0.3641086210175463,1440,684,23319,24637,7780,4043,15341,19599,47046,36718,0,0,10132,1603,6205,886,2860,161,1724,0,0,6406,60726,1722,7482,0,0,0,0,0
734,3281,735.2417459841055,99904,2145,1067,67,27,24666,12345,0.3704656470211403,1493,702,23124,24597,8015,4166,15155,19440,47068,36743,0,0,10031,1577,6177,915,2948,167,1785,0,0,6677,60475,1707,7445,0,0,0,0,0
735,3281,736.0218514895706,99903,2202,1066,68,27,24956,12465,0.374573336136052,1538,751,22954,24542,8184,4267,15053,19346,47090,36767,0,0,9962,1561,6154,935,3008,176,1819,0,0,6882,60291,1689,7426,0,0,0,0,0
736,3281,737.2002342809983,99903,2279,1100,68,27,25417,12684,0.38137993854038416,1578,762,22744,24499,8463,4420,14867,19191,47112,36791,0,0,9844,1546,6130,964,3110,183,1894,0,0,7189,59988,1670,7385,0,0,0,0,0
737,3281,738.3875173366325,99902,2349,1120,69,27,25876,12897,0.38811034814117834,1592,813,22562,24431,8738,4580,14689,19028,47134,36815,0,0,9735,1524,6102,994,3223,187,1962,0,0,7510,59671,1651,7343,0,0,0,0,0
738,3281,739.1833306356597,99901,2390,1124,70,27,26187,13050,0.3927588312429305,1624,833,22395,24401,8919,4704,14601,18910,47155,36839,0,0,9639,1515,6073,1023,3293,199,2010,0,0,7727,59474,1630,7318,0,0,0,0,0
739,3281,740.3861186127018,99900,2458,1166,70,28,26676,13282,0.39997997997997997,1662,843,22185,24341,9226,4858,14398,18763,47176,36863,0,0,9534,1493,6039,1054,3403,209,2077,0,0,8071,59136,1609,7275,0,0,0,0,0
740,3281,741.1932260427342,99900,2502,1228,70,28,27002,13461,0.405035035035035,1675,838,22073,24289,9434,4939,14245,18677,47197,36886,0,0,9436,1479,6027,1072,3454,222,2139,0,0,8286,58936,1592,7257,0,0,0,0,0
741,3281,742.0036431999777,99900,2534,1273,70,28,27330,13639,0.4101001001001001,1712,842,21941,24239,9639,5046,14103,18571,47218,36909,0,0,9353,1458,6013,1095,3525,230,2185,0,0,8534,58703,1581,7223,0,0,0,0,0
742,3281,743.2265991954736,99898,2611,1305,71,29,27865,13893,0.4180063664938237,1772,893,21705,24171,9952,5226,13888,18375,47239,36932,0,0,9217,1451,5963,1116,3660,242,2275,0,0,8892,58350,1561,7171,0,0,0,0,0
743,3281,744.047712086817,99898,2635,1323,71,29,28207,14070,0.423201665699013,1842,916,21530,24119,10179,5357,13742,18255,47259,36955,0,0,9129,1437,5946,1141,3733,254,2324,0,0,9159,58085,1545,7145,0,0,0,0,0
744,3281,745.2893319951446,99896,2755,1358,73,29,28785,14366,0.4319592376071114,1914,925,21279,24035,10487,5561,13491,18091,47279,36977,0,0,9002,1418,5905,1171,3855,271,2408,0,0,9555,57687,1527,7097,0,0,0,0,0
745,3281,746.1235187719203,99896,2819,1404,73,29,29192,14575,0.4381256506767038,1923,929,21094,23982,10740,5682,13350,17973,47299,36999,0,0,8907,1410,5874,1200,3936,280,2460,0,0,9859,57404,1507,7059,0,0,0,0,0
746,3281,747.3854640746192,99894,2940,1437,73,31,29814,14869,0.4473041423909344,1904,997,20852,23860,11086,5886,13144,17788,47319,37021,0,0,8769,1389,5832,1236,4072,295,2556,0,0,10263,56991,1484,7007,0,0,0,0,0
747,3281,748.2337596199496,99894,2988,1478,73,31,30208,15078,0.45334054097343185,1962,1009,20681,23794,11309,6019,12986,17668,47339,37043,0,0,8671,1373,5810,1259,4157,307,2616,0,0,10547,56710,1470,6974,0,0,0,0,0
748,3281,749.0876749881039,99891,3003,1499,76,31,30638,15288,0.45976113964221,1985,1034,20512,23723,11598,6173,12825,17539,47359,37064,0,0,8547,1358,5779,1283,4253,315,2695,0,0,10889,56374,1459,6939,0,0,0,0,0
749,3281,750.3800927679025,99890,3085,1576,77,31,31279,15640,0.4697066773450796,2052,1040,20249,23625,11950,6385,12586,17342,47378,37085,0,0,8410,1344,5739,1315,4411,335,2787,0,0,11317,55919,1435,6878,0,0,0,0,0
750,3281,751.2493133914827,99887,3153,1604,80,31,31751,15878,0.47682881656271586,2069,1032,20053,23559,12201,6559,12443,17214,47397,37106,0,0,8316,1324,5714,1338,4521,345,2845,0,0,11661,55564,1418,6841,0,0,0,0,0
751,3281,752.1258899167352,99887,3202,1642,80,31,32218,16104,0.48376665632164345,2059,1065,19886,23464,12466,6700,12306,17097,47416,37127,0,0,8214,1310,5688,1366,4635,362,2903,0,0,11975,55245,1401,6788,0,0,0,0,0
752,3281,753.0090260148401,99885,3288,1675,82,31,32679,16350,0.4908544826550533,2053,1081,19704,23373,12715,6859,12157,16980,47435,37148,0,0,8134,1293,5653,1389,4756,380,2937,0,0,12292,54928,1391,6732,0,0,0,0,0
753,3281,754.3471035497616,99884,3344,1717,83,31,33357,16735,0.501501742020744,2145,1131,19410,23231,13110,7113,11907,16776,47454,37168,0,0,7984,1269,5613,1436,4937,408,3036,0,0,12771,54411,1365,6654,0,0,0,0,0
754,3281,755.2481373769026,99884,3416,1789,83,31,33833,17014,0.5090605101918225,2187,1100,19241,23148,13354,7267,11718,16664,47473,37188,0,0,7895,1253,5585,1473,5052,424,3085,0,0,13087,54077,1341,6612,0,0,0,0,0
755,3281,756.1561616887086,99882,3487,1794,85,31,34316,17239,0.5161590676998858,2213,1159,19048,23061,13594,7421,11572,16533,47492,37208,0,0,7783,1231,5557,1502,5183,442,3154,0,0,13368,53763,1328,6571,0,0,0,0,0
756,3281,757.0712573997423,99880,3528,1807,87,31,34789,17500,0.5235182218662395,2240,1176,18863,22952,13875,7615,11406,16418,47510,37228,0,0,7691,1218,5521,1531,5317,463,3195,0,0,13715,53392,1312,6525,0,0,0,0,0
757,3281,758.4589347998608,99880,3675,1770,87,31,35620,17852,0.5353624349219063,2185,1239,18577,22812,14292,7915,11183,16232,47528,37248,0,0,7539,1199,5463,1565,5553,485,3296,0,0,14247,52802,1293,6438,0,0,0,0,0
758,3281,759.3949185345938,99880,3700,1835,87,31,36138,18140,0.5434321185422507,2208,1256,18367,22707,14617,8082,11020,16088,47546,37267,0,0,7427,1178,5409,1595,5700,517,3369,0,0,14567,52450,1276,6392,0,0,0,0,0
759,3281,760.3401313773576,99880,3689,1850,87,31,36646,18416,0.5512815378454144,2220,1298,18176,22583,14952,8271,10875,15966,47564,37286,0,0,7312,1163,5374,1628,5858,538,3433,0,0,14950,52032,1259,6333,0,0,0,0,0
760,3281,761.295153861346,99879,3740,1894,87,32,37168,18743,0.5597873426846485,2259,1288,17951,22477,15229,8483,10733,15825,47582,37305,0,0,7212,1152,5336,1647,6013,563,3488,0,0,15320,51613,1250,6285,0,0,0,0,0
761,3281,762.2606570633861,99878,3825,1939,88,32,37748,19045,0.5686237209395463,2203,1303,17762,22389,15537,8667,10584,15669,47600,37324,0,0,7111,1132,5302,1694,6149,589,3534,0,0,15687,51207,1232,6241,0,0,0,0,0
762,3281,763.2358209879922,99878,3857,1986,88,32,38316,19371,0.5775746410620958,2216,1309,17557,22265,15881,8878,10400,15529,47617,37343,0,0,6997,1108,5275,1746,6307,616,3595,0,0,16062,50784,1210,6178,0,0,0,0,0
763,3281,764.221414600671,99874,3830,2023,91,33,38839,19682,0.5859482948515129,2287,1334,17350,22148,16206,9074,10235,15387,47634,37362,0,0,6880,1092,5237,1789,6488,641,3660,0,0,16424,50360,1191,6112,0,0,0,0,0
764,3281,765.2175158365259,99874,3831,2018,91,33,39411,19995,0.5948094599194985,2344,1317,17145,22062,16538,9311,10050,15258,47651,37380,0,0,6753,1073,5193,1828,6667,677,3735,0,0,16818,49902,1175,6053,0,0,0,0,0
765,3281,766.2252858174207,99874,3858,2093,91,33,40002,20358,0.6043614954843103,2328,1286,16954,21972,16885,9515,9883,15100,47668,37398,0,0,6637,1052,5151,1868,6835,715,3793,0,0,17196,49471,1159,5997,0,0,0,0,0
766,3281,767.2442507070015,99873,3881,2090,92,33,40591,20652,0.6132087751444334,2340,1293,16774,21884,17201,9724,9711,14975,47685,37416,0,0,6515,1041,5105,1890,7025,750,3873,0,0,17575,49029,1139,5931,0,0,0,0,0
767,3281,768.2562171972246,99873,3923,2092,92,33,41189,20975,0.6224304867181321,2308,1292,16603,21787,17512,9965,9561,14830,47702,37434,0,0,6387,1021,5061,1933,7207,786,3952,0,0,17945,48590,1117,5874,0,0,0,0,0
768,3281,769.2490894274222,99872,3905,2136,93,33,41739,21295,0.631147869272669,2333,1283,16414,21687,17835,10156,9419,14704,47719,37452,0,0,6275,1007,5022,1977,7359,821,4006,0,0,18352,48135,1100,5818,0,0,0,0,0
769,3281,770.2234801980568,99871,3923,2146,94,33,42274,21580,0.6393647805669314,2355,1335,16223,21569,18141,10347,9263,14569,47736,37469,0,0,6185,985,4981,1999,7539,858,4058,0,0,18694,47732,1083,5757,0,0,0,0,0
770,3281,771.1808436937666,99870,3905,2170,95,33,42826,21898,0.6480825072594373,2332,1320,16038,21479,18506,10557,9123,14440,47752,37486,0,0,6073,965,4939,2045,7718,894,4112,0,0,19056,47295,1065,5708,0,0,0,0,0
771,3281,772.1196661053247,99868,3937,2207,95,35,43396,22224,0.6570673288741138,2288,1288,15874,21407,18798,10756,9007,14306,47768,37503,0,0,5963,954,4904,2084,7898,927,4167,0,0,19396,46877,1047,5651,0,0,0,0,0
772,3281,773.0435278374187,99867,3964,2251,96,35,43941,22520,0.6654951084942974,2317,1266,15681,21339,19070,10920,8871,14188,47784,37520,0,0,5859,945,4855,2106,8079,959,4223,0,0,19701,46498,1035,5607,0,0,0,0,0
773,3281,774.4021630018884,99865,4024,2207,98,35,44767,22909,0.6776748610624342,2253,1323,15474,21197,19473,11236,8677,14001,47800,37537,0,0,5725,928,4791,2153,8372,1007,4288,0,0,20155,45895,1017,5534,0,0,0,0,0
774,3281,775.2923044385813,99865,4031,2229,98,35,45274,23216,0.6858258649176389,2226,1323,15345,21108,19746,11421,8553,13883,47816,37554,0,0,5629,912,4763,2186,8564,1034,4330,0,0,20453,45505,1005,5484,0,0,0,0,0
775,3281,776.1704351707212,99863,4024,2252,100,35,45763,23521,0.6937904929753763,2262,1309,15184,21029,20004,11617,8425,13757,47832,37571,0,0,5540,901,4718,2212,8725,1084,4371,0,0,20760,45119,991,5442,0,0,0,0,0
776,3281,777.0367978729224,99863,4001,2229,100,35,46216,23802,0.7011405625707219,2286,1289,15063,20956,20230,11837,8319,13653,47848,37587,0,0,5461,889,4680,2233,8897,1127,4407,0,0,21081,44718,975,5395,0,0,0,0,0
777,3281,778.3166821129087,99862,3973,2271,101,35,46941,24251,0.7129038072540105,2260,1258,14886,20850,20635,12107,8144,13478,47863,37603,0,0,5343,856,4634,2299,9152,1186,4459,0,0,21517,44144,953,5319,0,0,0,0,0
778,3281,779.1565877878788,99860,3977,2257,102,36,47412,24507,0.7201982775886241,2212,1287,14775,20775,20879,12279,8054,13365,47878,37619,0,0,5271,846,4593,2321,9332,1221,4492,0,0,21813,43762,940,5269,0,0,0,0,0
779,3281,780.399041998456,99860,3945,2257,102,36,48117,24915,0.7313438814340076,2203,1294,14607,20651,21262,12563,7880,13198,47893,37635,0,0,5160,826,4527,2376,9577,1312,4535,0,0,22182,43241,916,5208,0,0,0,0,0
780,3281,781.215325097939,99860,3958,2260,102,36,48571,25197,0.7387141998798318,2174,1297,14513,20571,21472,12757,7780,13078,47908,37651,0,0,5080,813,4489,2407,9763,1350,4561,0,0,22410,42915,904,5168,0,0,0,0,0
781,3281,782.0232336372368,99860,3972,2299,102,36,49007,25469,0.7458041257760866,2159,1285,14408,20499,21662,12906,7696,12974,47923,37667,0,0,4996,799,4458,2430,9924,1381,4601,0,0,22643,42612,888,5128,0,0,0,0,0
782,3281,783.2209874429301,99858,3976,2266,103,37,49649,25838,0.7559434396843517,2155,1264,14235,20433,21968,13196,7562,12803,47938,37682,0,0,4896,785,4403,2473,10153,1442,4634,0,0,23037,42095,871,5069,0,0,0,0,0
783,3281,784.0103302534355,99856,3974,2277,104,38,50055,26097,0.7626181701650376,2166,1247,14116,20364,22162,13365,7477,12708,47953,37697,0,0,4819,771,4374,2503,10304,1479,4669,0,0,23265,41781,860,5031,0,0,0,0,0
784,3281,785.1819514751683,99855,3945,2301,104,39,50677,26494,0.7728306043763457,2171,1230,14002,20263,22444,13609,7333,12557,47968,37712,0,0,4736,760,4325,2538,10590,1537,4694,0,0,23573,41304,842,4956,0,0,0,0,0
785,3281,786.3389754310656,99853,3947,2300,106,39,51323,26849,0.7828708201055552,2129,1257,13866,20166,22731,13817,7220,12420,47983,37727,0,0,4636,743,4273,2573,10832,1594,4740,0,0,23904,40829,823,4906,0,0,0,0,0
786,3281,787.1020661666547,99852,3975,2255,107,39,51764,27088,0.7896887393342147,2106,1252,13757,20110,22927,14012,7127,12331,47997,37742,0,0,4576,734,4242,2597,11002,1645,4753,0,0,24124,40508,807,4864,0,0,0,0,0
787,3281,788.2352709930011,99851,3914,2262,108,39,52312,27434,0.7986499884828394,2186,1257,13622,20023,23169,14202,7000,12216,48011,37757,0,0,4497,722,4187,2630,11231,1720,4769,0,0,24421,40081,792,4801,0,0,0,0,0
788,3281,789.3557825106361,99850,3923,2229,109,39,52917,27794,0.8083224837255883,2102,1254,13528,19957,23441,14448,6896,12072,48025,37772,0,0,4403,709,4133,2682,11493,1780,4793,0,0,24695,39645,772,4745,0,0,0,0,0
789,3281,790.0965809567969,99849,3902,2266,110,39,53302,28040,0.8146501216837424,2095,1235,13438,19871,23639,14573,6815,12015,48039,37786,0,0,4337,695,4118,2705,11614,1829,4817,0,0,24904,39354,764,4712,0,0,0,0,0
790,3281,791.1967992468387,99849,3839,2256,110,39,53847,28361,0.8233232180592694,2092,1248,13322,19781,23921,14775,6715,11900,48053,37800,0,0,4259,679,4067,2737,11824,1914,4839,0,0,25169,38940,750,4671,0,0,0,0,0
791,3281,792.2847346691433,99846,3775,2236,111,41,54400,28679,0.8320713899405083,2036,1242,13238,19710,24224,14986,6615,11784,48067,37814,0,0,4181,667,4027,2762,12050,1984,4866,0,0,25472,38479,739,4619,0,0,0,0,0
792,3281,793.0038617332295,99845,3782,2225,111,42,54771,28893,0.8379388051479794,2019,1209,13158,19655,24358,15138,6571,11730,48081,37828,0,0,4127,656,4008,2773,12200,2031,4879,0,0,25637,38226,729,4579,0,0,0,0,0
793,3281,794.0741045762417,99844,3705,2214,112,42,55286,29223,0.84641040022435,2019,1145,13053,19621,24634,15357,6476,11620,48095,37842,0,0,4050,641,3962,2798,12434,2107,4902,0,0,25892,37821,713,4524,0,0,0,0,0
794,3281,795.1339071923758,99843,3682,2152,112,43,55806,29525,0.85465180333123,1998,1159,12948,19561,24881,15583,6378,11501,48109,37856,0,0,3974,625,3928,2835,12653,2181,4914,0,0,26138,37429,700,4466,0,0,0,0,0
795,3281,796.1847080976415,99842,3601,2127,113,43,56317,29825,0.8627831974519741,2001,1154,12868,19509,25138,15760,6278,11406,48122,37870,0,0,3876,618,3892,2856,12876,2256,4954,0,0,26358,37041,689,4426,0,0,0,0,0
796,3281,797.2260876862742,99841,3584,2137,114,43,56826,30137,0.8710149137128034,1960,1136,12811,19437,25347,15936,6183,11310,48135,37884,0,0,3799,611,3867,2885,13057,2325,4966,0,0,26609,36665,684,4373,0,0,0,0,0
797,3281,798.2590867870053,99841,3550,2155,114,43,57312,30451,0.879027653969812,1970,1104,12710,19379,25564,16102,6091,11216,48148,37897,0,0,3749,604,3816,2904,13256,2409,4962,0,0,26810,36318,672,4341,0,0,0,0,0
798,3281,799.2843256070415,99841,3527,2126,114,43,57797,30722,0.8865996935126852,1895,1100,12686,19338,25761,16282,6016,11110,48161,37910,0,0,3703,593,3778,2924,13471,2479,4949,0,0,27026,35967,664,4287,0,0,0,0,0
799,3281,800.302703671006,99839,3501,2094,114,45,58276,30992,0.8941195324472401,1895,1090,12605,19278,25968,16473,5916,11019,48174,37923,0,0,3639,581,3740,2959,13656,2555,4955,0,0,27232,35623,654,4245,0,0,0,0,0
800,3281,801.3135274391317,99838,3462,2085,115,45,58757,31269,0.9017207876760351,1837,1077,12552,19218,26201,16639,5832,10935,48187,37936,0,0,3574,574,3696,2983,13842,2632,4969,0,0,27429,35277,643,4219,0,0,0,0,0
801,3281,802.3165801565972,99836,3430,2088,116,46,59221,31555,0.909251171921952,1781,1054,12501,19163,26408,16811,5763,10837,48200,37949,0,0,3504,559,3656,3002,14051,2701,4993,0,0,27592,34972,628,4178,0,0,0,0,0
802,3281,803.3132993201607,99836,3426,2030,116,46,59667,31797,0.9161424736567971,1779,1086,12451,19113,26557,16977,5670,10747,48213,37962,0,0,3438,547,3626,3023,14242,2763,5010,0,0,27769,34655,619,4144,0,0,0,0,0
803,3281,804.3046113932671,99836,3371,2029,116,46,60112,32076,0.9233943667614889,1770,1055,12390,19092,26736,17107,5616,10670,48226,37975,0,0,3379,536,3601,3040,14396,2853,5015,0,0,27967,34319,612,4118,0,0,0,0,0
804,3281,805.2902808392095,99834,3334,1965,117,47,60550,32308,0.9301240058497106,1723,1069,12364,19077,26907,17274,5554,10567,48239,37988,0,0,3317,527,3579,3063,14573,2932,5022,0,0,28139,33996,604,4082,0,0,0,0,0
805,3281,806.2709874623822,99833,3338,1937,118,47,60999,32561,0.9371650656596516,1660,1050,12321,19069,27078,17422,5484,10474,48251,38001,0,0,3258,519,3546,3078,14751,3000,5036,0,0,28314,33691,594,4046,0,0,0,0,0
806,3281,807.246500110592,99833,3274,1920,118,47,61399,32830,0.9438662566486031,1625,1049,12286,19017,27268,17574,5428,10392,48263,38013,0,0,3203,509,3518,3098,14959,3066,5038,0,0,28453,33394,585,4010,0,0,0,0,0
807,3281,808.2167129616624,99833,3263,1878,118,47,61806,33082,0.9504672803581982,1607,1012,12235,18981,27404,17745,5372,10336,48275,38025,0,0,3159,504,3486,3094,15147,3137,5033,0,0,28610,33098,583,3982,0,0,0,0,0
808,3281,809.1826245442468,99833,3199,1837,118,47,62209,33305,0.9567377520459167,1589,1019,12193,18954,27582,17901,5318,10241,48287,38037,0,0,3109,499,3457,3125,15311,3227,5024,0,0,28746,32822,567,3946,0,0,0,0,0
809,3281,810.1436705215613,99833,3157,1842,118,47,62573,33567,0.9630082237336351,1584,970,12155,18931,27727,18044,5258,10165,48299,38049,0,0,3044,497,3418,3142,15486,3292,5033,0,0,28873,32572,562,3914,0,0,0,0,0
810,3281,811.1003133470664,99832,3092,1812,119,47,62948,33789,0.9689979164997196,1566,961,12130,18907,27889,18190,5203,10082,48311,38061,0,0,2992,485,3403,3173,15646,3372,5033,0,0,28995,32311,553,3869,0,0,0,0,0
811,3281,812.0529165588364,99832,3052,1818,119,47,63330,34028,0.9752183668563186,1552,949,12069,18902,28045,18293,5162,9990,48323,38073,0,0,2941,478,3374,3198,15811,3446,5027,0,0,29108,32071,546,3832,0,0,0,0,0
812,3281,813.0011064522037,99832,3037,1789,119,47,63692,34258,0.9811483291930443,1534,929,12056,18896,28163,18419,5090,9919,48335,38085,0,0,2894,470,3350,3220,15964,3506,5029,0,0,29258,31803,534,3804,0,0,0,0,0
813,3281,814.2596718604458,99831,2954,1755,119,48,64162,34553,0.9888211076719656,1526,901,12009,18870,28374,18609,5017,9816,48347,38097,0,0,2830,461,3320,3251,16158,3620,5034,0,0,29400,31477,520,3760,0,0,0,0,0
814,3281,815.1986737662264,99830,2927,1725,119,49,64525,34763,0.9945707703095262,1514,897,11972,18856,28500,18725,4967,9747,48359,38109,0,0,2785,455,3292,3245,16315,3693,5041,0,0,29521,31233,511,3739,0,0,0,0,0
815,3281,816.1344513625735,99829,2892,1737,120,49,64882,34995,1.0004808222059722,1478,852,11961,18833,28632,18830,4916,9698,48371,38120,0,0,2739,452,3264,3260,16454,3776,5039,0,0,29607,31021,505,3712,0,0,0,0,0
816,3281,817.0665884625658,99829,2836,1719,120,49,65225,35204,1.0060102775746527,1470,845,11939,18833,28766,18921,4868,9632,48382,38131,0,0,2694,444,3255,3282,16559,3866,5029,0,0,29733,30779,502,3686,0,0,0,0,0
817,3281,818.3046715052586,99826,2816,1663,122,50,65707,35450,1.0133331997675956,1387,831,11952,18826,28932,19076,4790,9553,48393,38142,0,0,2649,439,3228,3309,16730,3981,5017,0,0,29850,30480,495,3648,0,0,0,0,0
818,3281,819.229769952956,99825,2756,1620,123,50,66037,35645,1.018602554470323,1377,801,11933,18830,29057,19200,4753,9498,48404,38153,0,0,2616,439,3195,3306,16894,4054,5007,0,0,29975,30231,492,3616,0,0,0,0,0
819,3281,820.1521231974125,99825,2753,1588,123,50,66375,35846,1.0240020035061357,1308,774,11931,18840,29170,19313,4714,9434,48415,38164,0,0,2591,434,3167,3314,17051,4123,4990,0,0,30062,30018,487,3588,0,0,0,0,0
820,3281,821.0720130867956,99825,2740,1533,123,50,66699,36015,1.0289406461307287,1268,768,11928,18863,29268,19410,4672,9375,48426,38175,0,0,2551,428,3145,3343,17190,4179,4981,0,0,30155,29802,481,3570,0,0,0,0,0
821,3281,822.2943717029837,99825,2648,1491,123,50,67083,36237,1.0350112697220135,1222,805,11951,18847,29440,19519,4615,9287,48437,38186,0,0,2504,421,3120,3370,17373,4274,4970,0,0,30236,29547,471,3539,0,0,0,0,0
822,3281,823.208186603962,99825,2586,1523,123,50,67363,36451,1.0399599298772852,1224,754,11960,18842,29540,19586,4566,9244,48448,38197,0,0,2471,416,3106,3391,17512,4338,4960,0,0,30283,29366,463,3519,0,0,0,0,0
823,3281,824.1198859700743,99824,2545,1504,124,50,67643,36628,1.04454840519314,1205,742,11987,18847,29601,19668,4537,9188,48459,38208,0,0,2443,412,3085,3412,17630,4407,4948,0,0,30367,29175,454,3491,0,0,0,0,0
824,3281,825.0303148459564,99820,2468,1481,126,52,67890,36806,1.0488479262672812,1215,739,11985,18849,29703,19747,4502,9131,48470,38219,0,0,2418,411,3067,3423,17755,4485,4930,0,0,30420,28993,446,3472,0,0,0,0,0
825,3281,826.2410487508467,99819,2461,1473,126,53,68262,37052,1.055049639848125,1169,732,12013,18855,29768,19823,4462,9063,48481,38229,0,0,2382,405,3045,3441,17921,4561,4916,0,0,30491,28768,443,3446,0,0,0,0,0
826,3281,827.1477744510494,99819,2437,1435,126,53,68540,37213,1.059447600156283,1146,735,12030,18849,29836,19915,4424,9012,48492,38239,0,0,2354,398,3031,3453,18067,4607,4903,0,0,30561,28579,437,3429,0,0,0,0,0
827,3281,828.0533004737367,99819,2371,1431,126,53,68801,37390,1.0638355423316201,1154,724,12027,18847,29933,19984,4388,8960,48503,38249,0,0,2326,395,3014,3468,18191,4672,4890,0,0,30633,28392,428,3410,0,0,0,0,0
828,3281,829.257566041812,99819,2275,1406,126,53,69128,37619,1.0694056241797654,1157,715,12048,18857,30048,20068,4345,8900,48514,38259,0,0,2291,390,2993,3491,18323,4781,4868,0,0,30711,28164,424,3383,0,0,0,0,0
829,3281,830.1585236638878,99819,2239,1374,126,53,69388,37765,1.0734729861048498,1128,709,12074,18867,30128,20147,4304,8849,48524,38269,0,0,2267,385,2976,3500,18434,4855,4859,0,0,30757,28006,419,3361,0,0,0,0,0
830,3281,831.058081995399,99818,2203,1365,127,53,69645,37932,1.0777314712777255,1087,681,12105,18875,30196,20225,4281,8800,48534,38279,0,0,2239,381,2958,3506,18520,4938,4850,0,0,30811,27850,418,3347,0,0,0,0,0
831,3281,832.2562357868193,99818,2182,1331,127,53,69982,38140,1.083191408363221,1055,668,12130,18883,30263,20323,4242,8741,48544,38289,0,0,2203,376,2939,3518,18674,5007,4841,0,0,30895,27628,413,3324,0,0,0,0,0
832,3281,833.1537234379828,99817,2140,1328,128,53,70216,38303,1.0871795385555567,1060,656,12144,18886,30315,20382,4212,8694,48554,38299,0,0,2176,371,2924,3533,18795,5055,4830,0,0,30957,27471,408,3297,0,0,0,0,0
833,3281,834.0505025369207,99816,2137,1319,129,53,70470,38450,1.0912078223932036,1020,662,12190,18899,30336,20414,4187,8652,48564,38309,0,0,2156,366,2915,3537,18884,5131,4821,0,0,30986,27342,404,3274,0,0,0,0,0
834,3281,835.2449858821601,99814,2040,1304,129,55,70770,38646,1.0961989300098183,1037,660,12223,18924,30426,20482,4144,8574,48574,38319,0,0,2113,357,2903,3557,19030,5208,4809,0,0,31052,27145,397,3243,0,0,0,0,0
835,3281,836.1396887692558,99814,2026,1297,129,55,71017,38790,1.1001162161620615,998,644,12256,18932,30471,20531,4119,8540,48584,38329,0,0,2088,354,2892,3553,19128,5272,4806,0,0,31091,27010,392,3228,0,0,0,0,0
836,3281,837.0334675579121,99813,1940,1262,130,55,71236,38935,1.1037740574875017,984,616,12270,18958,30584,20611,4091,8497,48594,38339,0,0,2057,351,2873,3566,19259,5335,4800,0,0,31132,26847,388,3205,0,0,0,0,0
837,3281,838.2231361277331,99813,1874,1215,130,55,71502,39090,1.1079919449370323,999,609,12294,19001,30640,20672,4062,8447,48604,38348,0,0,2013,349,2848,3560,19392,5410,4815,0,0,31197,26663,385,3181,0,0,0,0,0
838,3281,839.1145837224934,99813,1850,1204,130,55,71708,39224,1.1113983148487672,988,576,12299,19026,30695,20733,4037,8405,48614,38357,0,0,1995,347,2835,3550,19488,5469,4812,0,0,31236,26535,381,3165,0,0,0,0,0
839,3281,840.0049742746626,99812,1834,1212,131,55,71934,39371,1.1151464753737026,956,554,12335,19048,30738,20773,4005,8357,48624,38366,1,1,1972,345,2817,3554,19595,5527,4797,0,0,31238,26436,376,3153,0,1,1,0,0
840,3281,841.1910801071683,99812,1775,1165,131,55,72194,39544,1.11948463110648,922,543,12400,19084,30806,20855,3965,8297,48634,38375,2,2,1949,340,2797,3573,19723,5613,4772,0,0,31267,26267,372,3135,0,2,1,0,1
841,3281,842.0803492950192,99811,1804,1169,132,55,72419,39683,1.1231427397781808,880,522,12441,19087,30805,20895,3937,8271,48644,38384,3,3,1935,338,2789,3573,19790,5674,4758,0,0,31298,26158,370,3124,0,2,1,0,1
842,3281,843.2659049018148,99811,1745,1141,132,55,72676,39825,1.1271402951578484,841,512,12496,19133,30873,20932,3912,8226,48654,38393,4,4,1914,335,2776,3575,19912,5739,4733,0,0,31345,26009,362,3106,0,2,1,0,2
843,3281,844.154465969266,99809,1713,1119,133,56,72859,39947,1.1302187177509042,872,491,12513,19152,30882,20979,3886,8202,48663,38402,6,5,1900,332,2768,3580,19993,5803,4716,0,0,31363,25899,357,3092,0,2,1,0,3
844,3281,845.042821451245,99808,1680,1072,134,56,73047,40054,1.1331857165758257,856,517,12542,19154,30917,21039,3870,8161,48672,38411,9,6,1885,328,2759,3579,20077,5861,4701,0,0,31404,25765,356,3086,0,3,1,0,3
845,3281,846.2271468765007,99807,1626,1041,135,56,73270,40209,1.1369843798531165,844,509,12613,19194,30950,21095,3831,8104,48681,38420,13,7,1859,321,2748,3581,20204,5922,4689,0,0,31443,25616,353,3061,0,3,1,0,6
846,3281,847.1151818977851,99807,1600,1032,135,56,73449,40326,1.1399501037001414,851,492,12648,19226,30964,21126,3801,8067,48690,38429,18,8,1841,319,2734,3576,20318,5965,4683,0,0,31445,25515,352,3044,1,5,2,0,7
847,3281,848.0032445818679,99807,1560,991,135,56,73623,40420,1.1426352861021771,838,499,12677,19280,31000,21151,3789,8022,48699,38438,25,9,1820,314,2728,3581,20400,6024,4671,0,0,31458,25417,351,3021,2,9,2,0,9
848,3281,849.1874722283827,99807,1544,940,135,56,73865,40563,1.1464927309707735,789,476,12754,19331,30999,21222,3778,7974,48708,38447,33,10,1794,308,2718,3582,20519,6088,4667,0,0,31471,25268,349,3012,2,15,2,0,12
849,3281,850.0763906238359,99806,1554,917,136,56,74041,40661,1.1492495441155843,743,471,12819,19356,30984,21247,3763,7952,48717,38456,43,11,1778,305,2709,3580,20583,6130,4656,0,0,31510,25163,347,3006,2,20,3,0,14
850,3281,851.2626792503767,99806,1524,887,136,56,74262,40796,1.1528164639400438,721,470,12865,19388,31013,21279,3740,7919,48726,38464,55,12,1762,300,2700,3587,20657,6212,4641,0,0,31546,25027,345,2979,2,24,3,0,21
851,3281,852.1525980938585,99806,1513,869,136,56,74413,40892,1.155291265054205,699,475,12930,19395,30993,21298,3728,7906,48735,38472,69,13,1753,298,2691,3592,20719,6271,4626,0,0,31538,24948,343,2963,2,30,3,0,29
852,3281,853.0434831412194,99806,1449,858,136,56,74547,41010,1.1578161633569124,703,440,12987,19431,31009,21323,3715,7891,48744,38480,85,14,1733,292,2684,3596,20786,6330,4620,0,0,31560,24838,341,2947,3,39,3,0,34
853,3281,854.2318513539154,99805,1414,828,137,56,74760,41127,1.16113421171284,670,438,13055,19472,31033,21340,3690,7865,48753,38488,104,15,1716,288,2678,3605,20847,6409,4605,0,0,31599,24697,335,2935,3,43,3,0,42
854,3281,855.1233391196828,99805,1370,803,137,56,74908,41225,1.1635990180852662,657,435,13124,19499,31032,21356,3679,7850,48762,38496,125,17,1695,288,2664,3602,20921,6470,4594,0,0,31600,24612,335,2915,5,53,4,0,47
855,3281,856.0154156340684,99805,1336,789,137,56,75052,41325,1.166043785381494,642,422,13190,19537,31023,21363,3671,7832,48771,38504,149,19,1677,285,2652,3610,20976,6521,4583,0,0,31618,24513,331,2908,5,66,7,0,53
856,3281,857.2061337551459,99805,1303,773,137,56,75233,41436,1.1689694905064876,628,415,13264,19586,31021,21354,3646,7815,48780,38512,176,21,1660,279,2647,3611,21056,6583,4574,0,0,31617,24406,327,2894,7,79,7,0,58
857,3281,858.0998697605706,99805,1280,775,137,56,75370,41531,1.1712940233455238,610,400,13313,19613,31030,21351,3629,7804,48789,38520,206,23,1649,277,2644,3607,21107,6639,4561,0,0,31607,24324,327,2887,7,93,7,0,69
858,3281,859.2923250934505,99805,1254,763,137,56,75548,41651,1.1742798456991133,608,371,13394,19678,30993,21337,3613,7794,48798,38528,239,26,1630,275,2635,3604,21158,6714,4555,0,0,31618,24215,320,2877,8,108,7,0,81
859,3281,860.1878076150977,99804,1242,759,138,56,75696,41745,1.1767163640735843,571,368,13443,19698,30999,21332,3606,7786,48806,38536,276,29,1617,272,2629,3609,21200,6769,4546,0,0,31624,24116,316,2869,8,121,7,0,101
860,3281,861.0838234983751,99804,1241,741,138,56,75848,41830,1.1790910183960563,537,348,13497,19733,30995,21329,3591,7792,48814,38544,317,32,1605,272,2624,3605,21260,6820,4533,0,0,31617,24023,314,2859,9,136,8,0,119
861,3281,862.2795668979702,99804,1180,717,138,56,76017,41927,1.1817562422347803,519,350,13576,19786,31008,21299,3578,7791,48822,38552,361,36,1585,270,2614,3610,21324,6897,4519,0,0,31614,23908,310,2844,11,149,8,0,141
862,3281,863.1770403524296,99803,1146,711,139,56,76137,42014,1.183842169073074,511,340,13636,19812,31002,21280,3565,7800,48830,38560,409,40,1574,267,2606,3623,21373,6946,4501,0,0,31595,23826,305,2833,11,177,9,0,157
863,3281,864.0749795682793,99803,1116,705,139,56,76247,42095,1.1857559392002244,515,337,13685,19837,30986,21248,3558,7816,48838,38568,462,45,1561,267,2600,3621,21404,7005,4492,0,0,31589,23739,301,2828,11,197,10,0,178
864,3281,865.2733467099877,99803,1099,677,139,56,76424,42190,1.1884813081771088,492,323,13762,19879,30964,21241,3543,7823,48846,38576,519,50,1548,264,2590,3628,21444,7080,4478,0,0,31587,23618,300,2818,13,224,12,0,199
865,3281,866.1735248832936,99803,1060,670,139,56,76531,42262,1.190274841437632,497,339,13831,19890,30931,21208,3541,7836,48854,38584,580,56,1535,263,2585,3628,21466,7136,4473,0,0,31582,23522,300,2809,17,251,13,0,223
866,3281,867.0749180144518,99802,1021,660,140,56,76642,42349,1.1922706959780365,494,331,13887,19900,30920,21184,3537,7868,48862,38591,646,62,1529,263,2579,3632,21492,7202,4451,0,0,31585,23416,300,2796,19,272,15,0,251
867,3281,868.2779416172664,99802,975,656,140,56,76784,42455,1.1947556161199175,493,305,13962,19942,30905,21151,3524,7889,48870,38598,716,69,1511,262,2567,3621,21566,7264,4446,0,0,31548,23321,299,2778,23,305,20,0,271
868,3281,869.1812568538068,99802,969,648,140,56,76895,42521,1.196529127672792,478,291,14017,19982,30874,21096,3521,7926,48878,38605,791,77,1502,261,2560,3617,21586,7318,4441,0,0,31524,23236,297,2772,24,343,21,0,300
869,3281,870.0858939882427,99800,947,641,141,57,77006,42591,1.198366733466934,462,280,14083,19982,30843,21066,3523,7973,48886,38612,871,86,1486,260,2546,3620,21632,7370,4432,0,0,31479,23166,293,2765,25,373,25,0,328
870,3281,871.2941788539017,99800,919,637,141,57,77138,42687,1.2006513026052104,462,268,14188,20001,30773,21035,3516,8001,48894,38619,956,95,1470,258,2533,3622,21680,7416,4425,0,0,31490,23033,291,2755,27,401,28,0,371
871,3281,872.2023998500897,99800,914,612,141,57,77249,42741,1.2023046092184368,443,265,14243,20031,30745,20976,3513,8058,48902,38626,1046,105,1464,256,2526,3624,21717,7460,4413,0,0,31465,22928,288,2751,27,437,30,0,414
872,3281,873.1120554628527,99800,887,584,141,57,77345,42799,1.2038476953907815,424,263,14337,20060,30708,20918,3502,8117,48910,38633,1142,116,1452,254,2511,3628,21748,7519,4398,0,0,31427,22847,288,2737,31,477,35,0,448
873,3281,874.023289196468,99800,867,565,141,57,77438,42860,1.2053907815631262,425,259,14399,20075,30659,20866,3508,8177,48918,38640,1243,128,1440,254,2504,3623,21782,7567,4393,0,0,31408,22741,287,2723,35,518,36,0,489
874,3281,875.2409256751066,99800,836,556,141,57,77580,42940,1.2076152304609218,395,239,14467,20106,30654,20810,3506,8231,48926,38647,1349,141,1423,253,2496,3632,21819,7635,4379,0,0,31372,22633,286,2705,36,563,41,0,527
875,3281,876.1551963823687,99800,816,532,141,57,77676,43005,1.2092284569138276,381,218,14530,20133,30627,20756,3504,8303,48934,38654,1461,155,1419,252,2489,3637,21834,7700,4362,0,0,31331,22535,283,2694,41,616,44,0,563
876,3281,877.0709407845297,99800,811,497,141,57,77761,43048,1.2105110220440882,374,223,14599,20135,30568,20696,3506,8391,48942,38661,1578,170,1411,250,2478,3638,21867,7742,4351,0,0,31290,22440,282,2682,47,667,47,0,608
877,3281,878.2946556756015,99799,785,485,142,57,77876,43124,1.2124369983667171,372,217,14681,20161,30509,20628,3510,8451,48950,38668,1701,186,1404,249,2470,3636,21910,7802,4337,0,0,31240,22323,282,2670,51,716,50,0,659
878,3281,879.2145863328086,99799,794,463,142,57,77972,43170,1.2138598583152136,362,219,14759,20179,30426,20552,3516,8529,48957,38675,1829,203,1397,248,2461,3628,21930,7849,4330,0,0,31208,22222,281,2658,55,772,54,0,706
879,3281,880.1368311242467,99799,784,446,142,57,78053,43212,1.215092335594545,353,214,14834,20201,30361,20472,3525,8609,48964,38682,1963,221,1389,248,2449,3621,21951,7901,4321,0,0,31149,22134,280,2647,61,831,57,0,760
880,3281,881.0613165280032,99799,770,443,142,57,78145,43267,1.2165652962454534,331,206,14919,20206,30313,20390,3524,8697,48971,38689,2103,241,1383,248,2440,3614,21967,7960,4308,0,0,31081,22045,280,2643,64,897,62,0,807
881,3281,882.2969272288803,99799,721,432,142,57,78227,43330,1.218018216615397,370,197,14992,20223,30256,20301,3518,8789,48978,38696,2248,262,1375,245,2430,3609,22004,8020,4297,0,0,31021,21940,279,2625,70,959,65,0,860
882,3281,883.2254223146838,99799,727,435,142,57,78327,43387,1.219591378671129,358,188,15043,20240,30193,20194,3536,8885,48985,38703,2399,284,1367,243,2417,3602,22005,8086,4292,0,0,30956,21851,279,2613,78,1021,75,0,914
883,3281,884.1557887516402,99798,726,412,143,57,78409,43432,1.2208761698631234,337,180,15104,20260,30145,20096,3544,8994,48992,38710,2556,308,1359,242,2404,3600,21992,8165,4287,0,0,30893,21762,277,2603,84,1088,80,0,962
884,3281,885.0881774348923,99798,714,397,143,57,78479,43469,1.2219483356379888,342,193,15141,20263,30105,19991,3554,9098,48999,38716,2718,333,1353,242,2386,3590,22001,8223,4283,0,0,30828,21665,275,2594,89,1151,95,0,1023
885,3281,886.0220613324191,99798,698,395,143,57,78570,43517,1.223341149121225,322,193,15209,20267,30060,19877,3567,9210,49006,38722,2886,360,1344,241,2376,3591,22002,8290,4271,0,0,30750,21570,274,2581,94,1227,101,0,1086
886,3281,887.2698247842934,99798,674,387,143,57,78676,43581,1.2250445900719453,299,186,15306,20288,30002,19763,3575,9318,49013,38728,3059,388,1340,241,2371,3590,22004,8369,4256,0,0,30681,21439,273,2572,97,1306,104,0,1155
887,3281,888.2077272249285,99798,664,369,143,57,78759,43621,1.226277079700996,279,176,15377,20274,29950,19674,3586,9449,49020,38734,3238,418,1334,239,2360,3588,21982,8445,4249,0,0,30625,21328,271,2563,103,1378,110,0,1223
888,3281,889.1477009622662,99797,653,356,144,57,78833,43656,1.227381584616772,270,169,15453,20249,29876,19580,3603,9588,49027,38740,3422,450,1326,239,2353,3588,21989,8499,4238,0,0,30530,21233,270,2546,111,1474,114,0,1287
889,3281,890.090299834983,99797,634,356,144,57,78901,43697,1.22847380181769,264,160,15526,20219,29809,19464,3622,9743,49034,38746,3612,484,1317,239,2348,3589,21973,8562,4228,0,0,30460,21116,269,2537,114,1553,118,0,1374
890,3281,891.0355667005331,99797,612,341,144,57,78951,43729,1.2292954698037015,284,159,15586,20211,29724,19349,3649,9882,49041,38752,3807,519,1312,239,2335,3592,21946,8629,4214,0,0,30385,21013,268,2530,121,1643,125,0,1445
891,3281,892.2999226774735,99797,608,322,144,57,79039,43778,1.2306682565608185,279,167,15672,20202,29634,19248,3662,10003,49048,38758,4007,556,1304,238,2324,3590,21922,8720,4211,0,0,30293,20903,266,2517,132,1731,131,0,1515
892,3281,893.2510020987596,99796,608,318,144,58,79103,43812,1.2316625916870416,261,162,15756,20200,29545,19125,3685,10136,49055,38764,4212,595,1300,236,2312,3590,21905,8785,4203,0,0,30196,20797,266,2504,142,1825,140,0,1595
893,3281,894.2051403392295,99796,602,312,144,58,79175,43845,1.232714738065654,248,170,15824,20177,29463,18992,3718,10290,49062,38770,4422,636,1296,236,2298,3591,21881,8862,4188,0,0,30098,20702,266,2492,151,1919,151,0,1665
894,3281,895.1619432301051,99796,575,310,144,58,79225,43886,1.2336265982604513,262,169,15846,20135,29421,18872,3751,10455,49069,38776,4637,679,1290,236,2291,3590,21855,8938,4179,0,0,30001,20600,266,2479,157,2019,155,0,1740
895,3281,896.1204846776568,99796,565,310,144,58,79301,43941,1.2349392761232916,241,149,15910,20115,29364,18745,3775,10622,49076,38782,4856,724,1283,236,2274,3588,21820,9036,4170,0,0,29903,20497,265,2467,165,2121,166,0,1805
896,3281,897.081186141561,99796,543,300,144,58,79355,43975,1.2358210749929857,254,158,15971,20084,29291,18622,3796,10777,49083,38788,5080,772,1279,236,2267,3593,21782,9122,4154,0,0,29816,20367,262,2459,172,2203,170,0,1914
897,3281,898.0444138603177,99796,542,304,144,58,79416,44020,1.2368832418132991,246,138,16047,20081,29185,18489,3835,10929,49090,38794,5308,822,1276,236,2258,3584,21754,9201,4148,0,0,29717,20254,260,2447,179,2306,175,0,2001
898,3281,899.0111922985963,99795,525,295,145,58,79477,44058,1.237887669722932,238,140,16093,20043,29130,18364,3868,11099,49097,38800,5541,874,1270,235,2251,3575,21735,9276,4141,0,0,29611,20134,259,2429,194,2412,182,0,2091
899,3281,900.3036675365307,99795,494,298,145,58,79530,44094,1.2387794979708402,262,157,16161,20131,29088,18314,3849,11041,49097,38800,5541,874,1270,234,2246,3578,21755,9303,4133,0,0,29613,20100,259,2428,194,2409,182,0,2091
900,3281,900.3036675365307,99795,493,297,145,58,79550,44104,1.23908011423418,261,161,16166,20042,29045,18203,3889,11238,49097,38800,5778,928,1270,234,2232,3576,21704,9373,4131,0,7,29497,20010,259,2417,205,2513,193,0,2174
901,3281,901.2756370065678,99795,507,280,145,58,79617,44136,1.2400721479032015,260,169,16211,20019,28947,18069,3929,11404,49097,38800,6018,985,1270,234,2223,3580,21654,9461,4123,0,37,29360,19889,258,2408,213,2621,199,1,2264
902,3281,902.2506736544846,99795,493,279,145,58,79686,44178,1.241184428077559,250,175,16298,19979,28847,17943,3966,11565,49097,38800,6262,1044,1269,234,2213,3587,21632,9536,4111,1,71,29203,19755,257,2395,218,2742,206,1,2364
903,3281,903.2292527263629,99795,499,293,145,58,79750,44224,1.242286687709805,241,166,16355,19954,28753,17797,4006,11731,49097,38800,6510,1105,1267,233,2200,3590,21590,9614,4108,3,87,29053,19643,257,2379,231,2865,214,2,2459
904,3281,904.2110129784398,99795,488,295,145,58,79803,44255,1.2431284132471567,261,174,16401,19909,28657,17650,4047,11913,49097,38800,6761,1169,1263,233,2189,3589,21537,9699,4102,7,108,28913,19527,257,2365,245,2982,223,4,2552
905,3281,905.1960536888616,99795,495,304,145,58,79863,44309,1.244270755047848,274,168,16470,19865,28529,17518,4086,12086,49097,38800,7015,1235,1260,232,2179,3589,21493,9784,4098,10,138,28775,19394,257,2349,257,3091,230,6,2653
906,3281,906.1851536479671,99795,494,306,145,58,79932,44351,1.2453830352222055,265,165,16533,19848,28434,17375,4128,12247,49097,38800,7272,1304,1257,231,2168,3596,21448,9862,4090,13,170,28628,19252,257,2332,274,3209,239,8,2761
907,3281,907.1775319208198,99794,467,284,145,59,79994,44383,1.2463374551576247,277,178,16555,19812,28382,17256,4173,12410,49097,38800,7532,1376,1252,231,2154,3597,21425,9946,4087,18,214,28448,19110,257,2318,283,3336,251,9,2858
908,3281,908.1721980195664,99794,464,290,145,59,80065,44430,1.2475198909754093,282,180,16599,19744,28283,17129,4226,12597,49097,38800,7794,1450,1251,231,2142,3603,21364,10050,4076,19,240,28309,18977,257,2302,294,3446,259,10,2964
909,3281,909.1701005184646,99794,477,287,145,59,80142,44477,1.2487624506483355,279,169,16641,19688,28173,17028,4284,12768,49097,38800,8059,1527,1248,229,2131,3604,21330,10134,4071,22,272,28158,18836,255,2283,310,3561,267,11,3072
910,3281,910.1719415924526,99794,488,290,145,59,80215,44517,1.2498947832535021,281,164,16700,19644,28048,16888,4337,12954,49097,38800,8326,1607,1246,229,2122,3612,21281,10218,4060,24,296,27977,18724,254,2263,328,3716,273,12,3159
911,3281,911.1782241679913,99794,480,297,145,59,80288,44562,1.2510772190712869,276,164,16761,19590,27937,16743,4400,13146,49097,38800,8595,1689,1245,228,2108,3614,21232,10322,4053,25,320,27803,18600,252,2255,334,3850,282,12,3259
912,3281,912.1885830859646,99794,474,288,145,59,80361,44602,1.2522095516764535,286,169,16799,19561,27840,16597,4455,13325,49097,38800,8865,1774,1241,228,2100,3611,21178,10428,4049,29,353,27639,18451,251,2242,345,3973,289,20,3367
913,3281,913.2025199911458,99794,477,292,145,59,80430,44646,1.2533418842816202,285,168,16844,19529,27730,16448,4518,13503,49097,38800,9137,1862,1238,226,2092,3610,21129,10517,4045,32,379,27478,18305,251,2226,359,4105,295,27,3480
914,3281,914.2201394568413,99794,492,292,145,59,80509,44687,1.254544361384452,276,175,16878,19473,27617,16337,4591,13663,49097,38800,9410,1953,1235,226,2078,3608,21093,10600,4042,35,409,27314,18162,251,2211,372,4233,305,29,3591
915,3281,915.2416991380336,99794,490,300,145,59,80584,44739,1.255816982984949,260,170,16949,19434,27508,16207,4647,13829,49097,38800,9684,2046,1231,226,2061,3604,21047,10697,4036,39,445,27159,18014,250,2197,382,4358,317,29,3702
916,3281,916.2675398974014,99794,478,306,145,59,80639,44784,1.2568190472373089,275,156,16996,19400,27382,16063,4723,14015,49097,38800,9959,2142,1230,225,2050,3598,21005,10791,4035,40,472,26994,17867,250,2179,394,4489,325,32,3818
917,3281,917.2981136681116,99794,487,295,145,59,80712,44822,1.2579313385574282,272,155,17056,19349,27248,15935,4791,14206,49097,38800,10235,2241,1228,225,2034,3601,20959,10894,4030,42,492,26814,17733,249,2167,403,4624,335,34,3930
918,3281,918.333792575237,99794,491,284,145,59,80776,44859,1.2589434234523118,264,156,17114,19288,27129,15822,4856,14390,49097,38800,10512,2343,1224,224,2018,3601,20909,10995,4025,46,516,26637,17598,249,2156,410,4762,349,35,4040
919,3281,919.0268799870296,99794,473,281,145,59,80826,44882,1.2596749303565344,260,152,17111,19218,27068,15682,4942,14607,49097,38800,10789,2448,1223,222,2009,3606,20844,11097,4019,47,536,26453,17478,249,2142,422,4916,356,41,4134
920,3281,920.0698372430812,99794,483,288,145,59,80906,44926,1.2609174900294606,255,143,17131,19168,26976,15540,5009,14801,49097,38800,11066,2555,1222,222,1996,3600,20785,11205,4016,48,560,26274,17352,249,2125,436,5061,366,45,4232
921,3281,921.1163663929862,99794,473,278,145,59,80973,44959,1.2619195542818205,246,154,17183,19132,26875,15410,5077,14966,49097,38800,11343,2665,1220,222,1977,3604,20733,11310,4010,50,584,26086,17216,248,2112,444,5210,380,49,4339
922,3281,922.1668196512089,99794,456,291,145,59,81028,45009,1.2629717217467984,261,146,17222,19094,26760,15272,5155,15137,49097,38800,11620,2778,1217,222,1962,3607,20660,11426,4005,53,605,25899,17097,247,2098,457,5361,393,55,4430
923,3281,923.2216922651237,99794,441,285,145,59,81083,45049,1.2639236827865403,268,144,17252,19044,26657,15139,5236,15328,49097,38800,11897,2894,1215,221,1949,3606,20612,11525,4000,55,631,25716,16964,247,2079,472,5507,403,64,4528
924,3281,924.2810754439275,99794,454,290,145,59,81156,45097,1.2651361805318957,263,144,17269,18988,26536,15014,5332,15504,49097,38800,12173,3013,1211,221,1943,3604,20549,11629,3994,59,660,25555,16811,247,2061,485,5642,408,71,4644
925,3281,925.344993471083,99794,461,280,145,59,81228,45132,1.2662083892819207,249,147,17288,18956,26434,14891,5422,15666,49097,38800,12449,3134,1207,221,1926,3603,20478,11747,3991,62,683,25388,16668,247,2050,490,5777,421,78,4757
926,3281,926.0566355907295,99794,460,284,145,59,81267,45163,1.2669098342585727,269,140,17291,18888,26317,14770,5517,15858,49097,38800,12724,3258,1206,221,1916,3602,20413,11839,3990,63,699,25225,16525,246,2040,499,5921,428,82,4879
927,3281,927.1294627999962,99794,452,280,145,59,81328,45196,1.267851774655791,284,145,17339,18845,26161,14633,5618,16037,49097,38800,12998,3385,1201,220,1901,3606,20366,11936,3981,68,717,25041,16383,246,2031,503,6070,439,89,4996
928,3281,928.208406849631,99794,454,281,145,59,81390,45232,1.2688337976231037,292,157,17385,18808,26004,14487,5719,16207,49097,38800,13271,3515,1197,220,1887,3605,20288,12050,3978,72,735,24863,16264,245,2015,517,6222,451,92,5093
929,3281,929.2935880675936,99793,465,296,146,59,81469,45277,1.2700890844047177,284,149,17441,18752,25857,14364,5806,16379,49097,38800,13543,3647,1193,220,1871,3604,20227,12159,3972,76,752,24690,16136,244,2003,527,6362,462,94,5201
930,3281,930.0203290693464,99793,466,296,146,59,81516,45309,1.2708807230968104,301,146,17427,18661,25745,14268,5914,16569,49097,38800,13813,3782,1192,220,1863,3602,20143,12273,3968,77,770,24528,16005,243,1993,537,6501,470,100,5308
931,3281,931.1163383435585,99793,474,285,146,59,81606,45355,1.2722435441363622,283,147,17468,18617,25612,14170,6016,16721,49097,38800,14082,3920,1189,220,1841,3596,20068,12406,3964,80,799,24367,15863,243,1976,546,6630,487,107,5411
932,3281,932.2179115633782,99793,476,276,146,59,81683,45387,1.2733358051165913,272,152,17504,18591,25480,14044,6121,16877,49097,38800,14349,4060,1187,220,1825,3595,19993,12535,3960,82,818,24179,15742,243,1958,559,6778,500,117,5502
933,3281,933.3253847273903,99793,463,280,146,59,81755,45435,1.274538294269137,269,146,17534,18541,25358,13935,6229,17038,49097,38800,14615,4203,1183,220,1809,3590,19929,12662,3955,86,834,23998,15618,242,1944,572,6915,510,123,5603
934,3281,934.0667599605658,99793,475,282,146,59,81805,45458,1.2752698085036025,276,145,17545,18485,25212,13814,6345,17214,49097,38800,14879,4348,1182,220,1795,3592,19830,12789,3951,87,835,23839,15516,241,1928,586,7053,522,129,5698
935,3281,935.1856635121434,99792,479,280,146,60,81876,45498,1.2763949013949014,289,150,17581,18439,25045,13706,6459,17364,49097,38800,15141,4496,1180,220,1776,3598,19755,12909,3943,89,850,23665,15388,239,1918,591,7197,536,137,5801
936,3281,936.311441256044,99792,479,272,146,60,81956,45539,1.2776074234407568,272,153,17604,18399,24923,13593,6575,17522,49097,38800,15401,4646,1176,220,1760,3596,19679,13038,3938,92,867,23495,15255,239,1903,604,7326,550,155,5899
937,3281,937.065396185908,99791,488,269,147,60,82016,45565,1.278482027437344,258,156,17606,18340,24808,13474,6692,17700,49097,38800,15659,4798,1175,220,1753,3597,19604,13144,3934,93,876,23335,15131,239,1887,617,7461,556,169,6000
938,3281,938.2025236094598,99791,466,253,147,60,82087,45593,1.27947410087082,269,166,17605,18324,24711,13360,6801,17836,49097,38800,15915,4953,1174,219,1737,3599,19530,13284,3926,94,893,23163,14999,239,1867,629,7586,570,176,6106
939,3281,939.3449718574345,99790,470,254,148,60,82165,45636,1.2806994688846578,260,158,17642,18282,24573,13260,6906,17985,49097,38800,16168,5110,1173,219,1726,3601,19465,13398,3916,94,908,22983,14871,239,1850,641,7734,578,186,6208
940,3281,940.1099095623789,99790,471,252,148,60,82216,45661,1.281461068243311,262,154,17637,18239,24461,13134,7020,18160,49097,38800,16419,5269,1173,219,1713,3599,19380,13518,3912,94,918,22832,14750,239,1840,648,7861,589,195,6310
941,3281,941.2636053052174,99790,466,267,148,60,82282,45713,1.2826435514580619,295,135,17645,18208,24314,13017,7131,18312,49097,38800,16668,5430,1169,218,1698,3601,19303,13640,3907,98,935,22640,14633,239,1825,659,8016,604,204,6401
942,3281,942.0362760243661,99790,456,265,148,60,82339,45743,1.283515382302836,290,132,17643,18155,24202,12908,7260,18479,49097,38800,16914,5593,1168,218,1691,3599,19224,13762,3900,99,954,22466,14512,239,1809,671,8163,609,208,6498
943,3281,943.2021496707814,99790,485,255,148,60,82430,45778,1.2847780338711294,293,136,17645,18106,24062,12801,7366,18641,49097,38800,17158,5758,1165,218,1682,3600,19140,13886,3895,102,978,22300,14384,239,1790,690,8295,617,217,6592
944,3281,944.3745506788342,99790,480,260,148,60,82518,45819,1.286070748572001,297,131,17669,18108,23924,12660,7481,18780,49097,38800,17399,5925,1162,218,1667,3604,19064,14012,3888,105,997,22098,14288,238,1774,705,8456,629,226,6659
945,3281,945.1599632871402,99790,474,248,148,60,82572,45838,1.286802284798076,301,136,17654,18067,23809,12551,7613,18937,49097,38800,17637,6093,1161,218,1653,3606,18982,14135,3879,106,1006,21933,14168,238,1763,715,8593,639,236,6759
946,3281,946.3448522994414,99790,475,253,148,60,82649,45889,1.288084978454755,298,124,17664,18042,23683,12447,7731,19073,49097,38800,17873,6263,1158,216,1643,3606,18889,14276,3872,109,1035,21759,14048,238,1742,733,8731,649,241,6845
947,3281,947.138330933615,99790,481,245,148,60,82706,45917,1.2889367672111434,283,126,17640,17978,23577,12365,7870,19225,49097,38800,18106,6435,1158,216,1631,3607,18819,14388,3866,109,1046,21598,13918,238,1727,746,8863,655,250,6955
948,3281,948.335448747338,99790,488,235,148,60,82786,45947,1.290039082072352,269,132,17674,17993,23429,12257,7991,19322,49097,38800,18336,6608,1154,216,1619,3608,18748,14508,3860,112,1054,21444,13786,238,1707,763,8987,659,269,7058
949,3281,949.1376972794134,99790,475,233,148,60,82838,45980,1.2908908708287403,256,128,17662,17957,23333,12162,8125,19459,49097,38800,18563,6783,1150,214,1612,3606,18666,14627,3856,116,1069,21283,13659,238,1693,774,9124,665,279,7159
950,3281,950.347423816372,99790,464,216,148,60,82920,46013,1.292043290910913,227,127,17685,17954,23228,12063,8247,19579,49097,38800,18788,6959,1148,214,1597,3606,18596,14764,3848,118,1083,21102,13529,238,1680,782,9258,676,291,7260
951,3281,951.1574624570214,99789,472,219,149,60,82981,46045,1.292988205112788,206,119,17666,17926,23121,11971,8385,19704,49097,38800,19010,7136,1147,214,1583,3605,18507,14884,3846,119,1089,20948,13414,238,1668,791,9389,689,304,7354
952,3281,952.3794072211085,99788,447,214,149,61,83040,46079,1.2939331382530965,219,132,17699,17904,22989,11870,8496,19818,49097,38800,19229,7314,1145,213,1569,3607,18439,15000,3839,121,1115,20784,13276,238,1655,801,9522,696,310,7458
953,3281,953.197779882,99788,436,222,149,61,83075,46118,1.2946747103860183,229,124,17688,17858,22857,11784,8640,19950,49097,38800,19445,7493,1143,213,1562,3605,18359,15114,3836,123,1123,20621,13166,238,1646,809,9660,700,323,7547
954,3281,954.0208449174005,99788,439,217,149,61,83128,46135,1.2953761975387823,221,129,17684,17823,22732,11689,8774,20080,49097,38800,19658,7673,1143,213,1551,3608,18263,15234,3831,122,1128,20475,13063,237,1625,829,9789,710,338,7629
955,3281,955.2632068721678,99788,407,213,149,61,83198,46167,1.2963983645328097,234,139,17687,17816,22613,11590,8909,20180,49097,38800,19868,7854,1140,213,1536,3607,18192,15365,3824,125,1147,20300,12947,236,1609,840,9923,721,346,7717
956,3281,956.0953659924347,99788,407,205,149,61,83245,46189,1.2970898304405338,231,134,17666,17788,22502,11514,9044,20297,49097,38800,20075,8036,1137,213,1523,3606,18094,15492,3819,128,1153,20158,12850,236,1589,857,10048,731,356,7798
957,3281,957.3513021937744,99788,401,212,149,61,83324,46235,1.2983424860704693,220,114,17696,17804,22373,11426,9160,20382,49097,38800,20279,8219,1135,211,1510,3616,18006,15626,3808,130,1167,20007,12734,235,1574,869,10166,740,369,7885
958,3281,958.1925759770149,99788,404,218,149,61,83377,46260,1.2991241431835492,212,115,17692,17753,22249,11349,9293,20503,49097,38800,20481,8403,1134,211,1499,3620,17939,15716,3800,131,1174,19868,12623,235,1561,880,10288,751,382,7976
959,3281,959.0386999101639,99788,399,201,149,61,83433,46275,1.2998356515813525,192,119,17696,17728,22136,11266,9427,20624,49097,38800,20680,8587,1133,209,1487,3626,17831,15857,3792,132,1186,19711,12538,235,1553,887,10420,760,388,8043
960,3281,960.3162202424514,99788,377,198,149,61,83489,46308,1.3007275423898665,212,121,17745,17728,21976,11178,9540,20713,49097,38800,20876,8772,1131,209,1478,3624,17753,15989,3785,133,1195,19552,12430,234,1545,894,10541,767,401,8127
961,3281,961.1731382182782,99788,394,205,149,61,83549,46344,1.301689581913657,188,105,17750,17701,21843,11102,9675,20825,49097,38800,21069,8957,1130,209,1467,3627,17660,16108,3779,134,1197,19424,12318,233,1535,903,10650,777,415,8222
962,3281,962.0352090862806,99788,393,199,149,61,83590,46357,1.302230729145789,197,116,17738,17680,21710,11013,9812,20930,49097,38800,21259,9142,1128,209,1454,3627,17568,16222,3778,136,1199,19287,12232,232,1520,917,10770,788,428,8293
963,3281,963.3376578789796,99788,391,197,149,61,83662,46404,1.3034232573054876,184,108,17782,17690,21561,10952,9932,20991,49097,38800,21446,9328,1124,209,1444,3629,17498,16345,3770,139,1213,19133,12115,231,1505,926,10888,796,440,8383
964,3281,964.2109687685266,99788,382,181,149,61,83695,46420,1.3039142983124223,187,108,17748,17660,21459,10893,10074,21096,49097,38800,21630,9514,1121,209,1432,3626,17407,16464,3768,142,1216,18997,12022,231,1490,941,11003,808,455,8456
965,3281,965.0889912672543,99788,376,178,149,61,83737,46439,1.3045255942598308,181,108,17772,17649,21306,10813,10215,21190,49097,38800,21811,9700,1121,208,1422,3633,17331,16574,3759,142,1221,18853,11936,229,1482,946,11122,817,464,8528
966,3281,966.4162339883984,99787,364,176,150,61,83798,46467,1.3054305671079398,188,107,17802,17674,21164,10727,10331,21254,49097,38800,21990,9886,1121,208,1414,3634,17262,16694,3754,141,1235,18697,11828,228,1467,959,11237,824,473,8611
967,3281,967.3063660732109,99787,359,172,150,61,83842,46487,1.3060719332177537,189,109,17790,17684,21049,10643,10462,21330,49097,38800,22166,10072,1118,208,1403,3635,17181,16808,3750,144,1242,18556,11743,228,1452,969,11355,833,482,8680
968,3281,968.201572650991,99787,355,176,150,61,83885,46514,1.3067734274003628,179,107,17773,17672,20934,10567,10608,21416,49097,38800,22339,10257,1115,208,1394,3638,17095,16926,3744,147,1239,18413,11668,228,1440,980,11471,842,496,8743
969,3281,969.1018522145924,99787,352,177,150,61,83936,46538,1.307525028310301,163,104,17748,17683,20834,10482,10752,21492,49097,38800,22509,10442,1113,208,1386,3639,17010,17041,3735,149,1235,18275,11589,227,1432,988,11592,847,511,8810
970,3281,970.0067513748882,99787,343,181,150,61,83977,46565,1.3082064798019781,161,93,17751,17707,20706,10383,10888,21574,49097,38800,22677,10627,1113,207,1376,3636,16934,17152,3731,149,1227,18126,11524,226,1418,1001,11720,855,526,8866
971,3281,971.3740677655111,99787,323,177,150,61,84025,46596,1.3089981660937797,169,91,17798,17737,20553,10318,11006,21615,49097,38800,22842,10811,1113,207,1364,3641,16858,17277,3722,149,1230,17975,11449,225,1406,1010,11834,863,540,8924
972,3281,972.2913137245125,99786,323,178,151,61,84073,46619,1.309722806806566,169,94,17786,17723,20438,10256,11132,21687,49097,38800,23004,10995,1112,206,1353,3640,16771,17396,3718,150,1233,17850,11358,225,1395,1018,11941,871,548,9001
973,3281,973.2142453739356,99786,327,186,151,61,84120,46646,1.3104643938027378,156,96,17777,17719,20312,10167,11276,21770,49097,38800,23164,11178,1111,206,1346,3639,16675,17513,3714,151,1233,17737,11275,225,1385,1025,12043,876,563,9069
974,3281,974.1423442389003,99786,326,192,151,61,84153,46670,1.311035616218708,160,96,17782,17699,20170,10106,11410,21845,49097,38800,23321,11361,1111,206,1338,3637,16601,17612,3713,151,1231,17617,11193,225,1374,1033,12145,883,578,9138
975,3281,975.0767144839218,99786,319,198,151,61,84183,46700,1.311636902972361,160,82,17791,17706,20043,10040,11535,21912,49097,38800,23475,11543,1109,206,1322,3636,16512,17730,3712,153,1225,17494,11121,224,1364,1042,12244,898,594,9200
976,3281,976.0172127126283,99786,299,186,151,61,84208,46715,1.3120377608081295,176,83,17780,17727,19924,9972,11669,21970,49097,38800,23627,11724,1108,205,1311,3638,16416,17856,3709,153,1228,17379,11044,224,1355,1051,12337,906,604,9262
977,3281,977.4385906881117,99786,306,174,151,61,84275,46741,1.3129697552762913,176,88,17840,17779,19761,9899,11765,21998,49097,38800,23776,11904,1106,205,1300,3639,16338,17973,3707,155,1239,17258,10954,222,1348,1056,12430,912,618,9326
978,3281,978.392271787786,99786,315,162,151,61,84321,46754,1.3135610205840498,172,94,17855,17802,19627,9836,11879,22044,49097,38800,23923,12083,1106,205,1289,3638,16266,18076,3705,155,1237,17127,10877,222,1335,1066,12537,922,632,9391
979,3281,979.3527904970001,99786,314,156,151,61,84358,46775,1.3141422644459142,173,101,17869,17813,19488,9773,12004,22095,49097,38800,24067,12261,1106,205,1278,3639,16190,18182,3701,155,1240,17004,10791,222,1327,1071,12641,930,645,9459
980,3281,980.3200097167255,99786,325,151,151,61,84409,46792,1.3148237227667208,169,102,17877,17827,19357,9715,12120,22143,49097,38800,24209,12438,1104,204,1267,3642,16103,18292,3697,157,1242,16889,10724,221,1318,1079,12738,940,656,9513
981,3281,981.2940281173647,99786,324,154,151,61,84449,46814,1.315445052412162,169,101,17894,17826,19229,9655,12232,22202,49097,38800,24348,12614,1100,204,1260,3640,16014,18406,3693,161,1240,16780,10657,221,1310,1086,12833,945,667,9569
982,3281,982.2745513061327,99786,324,154,151,61,84494,46832,1.3160764035034975,150,103,17908,17845,19114,9582,12352,22254,49097,38800,24485,12789,1096,204,1250,3636,15943,18506,3690,165,1239,16668,10591,221,1301,1094,12925,954,680,9623
983,3281,983.2610513280875,99786,330,161,151,61,84545,46860,1.3168680977291403,137,102,17898,17873,19001,9513,12482,22289,49097,38800,24620,12963,1095,203,1240,3638,15852,18618,3685,166,1244,16557,10525,221,1289,1103,13024,963,693,9670
984,3281,984.2534661080161,99786,315,169,151,61,84578,46884,1.3174393201451104,142,102,17906,17908,18897,9435,12588,22324,49097,38800,24752,13136,1094,203,1234,3632,15771,18731,3684,167,1246,16445,10455,221,1281,1109,13119,966,699,9729
985,3281,985.2517871593583,99786,300,179,151,61,84604,46912,1.3179804782233981,160,91,17919,17949,18767,9377,12702,22342,49097,38800,24882,13308,1093,202,1227,3629,15703,18833,3682,168,1242,16332,10380,220,1274,1116,13207,972,711,9795
986,3281,986.2563868984674,99786,297,162,151,61,84643,46926,1.3185116148557914,154,95,17927,17969,18646,9326,12824,22386,49097,38800,25010,13478,1091,201,1223,3636,15628,18934,3673,170,1246,16231,10302,219,1265,1125,13288,974,727,9853
987,3281,987.2678406904378,99786,300,160,151,61,84684,46950,1.3191630088389152,149,92,17952,17988,18516,9279,12931,22419,49097,38800,25136,13647,1091,201,1215,3640,15560,19031,3665,170,1247,16121,10241,218,1260,1128,13378,981,737,9902
988,3281,988.2863472998348,99786,287,161,151,61,84717,46975,1.3197442527007797,146,86,17977,18013,18403,9218,13035,22460,49097,38800,25260,13815,1090,200,1211,3647,15478,19144,3660,170,1245,16006,10182,218,1251,1135,13468,983,748,9950
989,3281,989.31139425832,99786,275,146,151,61,84742,46988,1.3201250676447598,151,95,17998,18061,18275,9152,13149,22484,49097,38800,25381,13981,1089,200,1207,3643,15408,19249,3659,171,1242,15900,10123,218,1240,1144,13549,986,762,9996
990,3281,990.3438171400428,99786,279,150,151,61,84779,47008,1.32069629006073,160,89,18003,18086,18148,9099,13258,22514,49097,38800,25500,14146,1087,200,1196,3641,15333,19343,3658,173,1246,15808,10051,218,1232,1151,13628,996,767,10058
991,3281,991.3831205594311,99786,283,150,151,61,84817,47032,1.3213176197061711,161,78,18040,18119,18008,9059,13356,22532,49097,38800,25617,14309,1086,200,1191,3642,15260,19442,3655,174,1250,15708,9990,218,1221,1157,13710,1001,777,10104
992,3281,992.4295027435692,99786,275,145,151,61,84855,47058,1.321958992243401,162,74,18026,18155,17911,9013,13474,22551,49097,38800,25732,14471,1085,199,1179,3644,15195,19538,3651,175,1260,15596,9922,217,1214,1164,13799,1010,786,10152
993,3281,993.477594521164,99786,270,135,151,61,84891,47076,1.3225001503216884,149,69,18029,18191,17814,8973,13586,22570,49097,38800,25845,14631,1085,197,1167,3643,15137,19633,3650,175,1268,15495,9857,217,1205,1171,13874,1020,792,10200
994,3281,994.0013814662145,99786,267,136,151,61,84906,47083,1.3227206221313612,147,72,18014,18195,17710,8913,13710,22622,49097,38800,25956,14790,1083,197,1161,3642,15063,19718,3649,177,1258,15416,9799,217,1200,1176,13945,1025,807,10253
995,3281,995.0516109246354,99786,275,136,151,61,84950,47098,1.3233118874391196,143,82,18035,18226,17585,8846,13810,22648,49097,38800,26065,14947,1083,197,1158,3635,14996,19813,3649,177,1259,15317,9747,217,1190,1185,14024,1028,818,10293
996,3281,996.1004661271976,99786,258,137,151,61,84981,47119,1.3238330026256189,143,79,18064,18274,17493,8782,13890,22666,49097,38800,26172,15103,1080,197,1151,3634,14929,19902,3647,180,1264,15221,9681,217,1181,1193,14105,1034,828,10342
997,3281,997.147678709524,99786,255,128,151,61,85017,47133,1.3243340749203294,142,85,18069,18318,17394,8730,13988,22677,49097,38800,26278,15257,1076,197,1142,3635,14869,19982,3645,184,1272,15127,9615,216,1169,1204,14183,1043,839,10388
998,3281,998.1943801136497,99786,254,137,151,61,85050,47158,1.3249153187821938,143,71,18102,18353,17278,8684,14071,22693,49097,38800,26382,15409,1074,197,1138,3635,14806,20065,3641,186,1267,15025,9564,216,1165,1208,14272,1047,848,10432
999,3281,999.239772015177,99786,254,135,151,61,85092,47181,1.3255667127653177,137,68,18109,18399,17184,8647,14164,22689,49097,38800,26484,15560,1071,197,1133,3631,14746,20157,3638,189,1272,14926,9507,216,1159,1214,14348,1052,858,10472
1000,3281,1000.2843751249876,99786,253,132,151,61,85125,47201,1.3260978493977111,135,69,18134,18435,17076,8599,14250,22703,49097,38800,26584,15709,1069,197,1127,3630,14674,20255,3634,190,1274,14831,9460,216,1152,1220,14424,1058,868,10507
1001,3281,1001.3276436110843,99786,236,128,151,61,85153,47217,1.3265387930170565,135,72,18189,18468,16977,8548,14311,22722,49097,38800,26682,15856,1068,196,1122,3633,14619,20339,3627,191,1273,14731,9410,216,1144,1225,14505,1061,875,10551
1002,3281,1002.3682884157901,99786,239,132,151,61,85187,47234,1.3270498867576614,129,74,18232,18512,16865,8490,14383,22730,49097,38800,26779,16002,1067,196,1115,3634,14549,20429,3623,192,1271,14643,9364,216,1138,1228,14583,1066,880,10592
1003,3281,1003.4066943602563,99786,237,129,151,61,85211,47256,1.3275108732687952,131,69,18251,18558,16763,8442,14466,22740,49097,38800,26874,16146,1065,196,1108,3635,14499,20501,3619,194,1267,14565,9305,216,1133,1231,14648,1070,896,10638
1004,3281,1004.4437352602656,99786,245,138,151,61,85251,47279,1.3281422243601306,125,65,18289,18594,16659,8395,14530,22746,49097,38800,26967,16288,1062,196,1100,3638,14441,20578,3615,197,1270,14475,9254,216,1125,1236,14728,1075,901,10679
1005,3281,1005.4785989247603,99786,239,133,151,61,85286,47296,1.3286633395466299,131,65,18302,18621,16561,8356,14615,22763,49097,38800,27059,16429,1059,196,1095,3636,14393,20652,3614,200,1271,14388,9192,216,1114,1245,14796,1080,912,10727
1006,3281,1006.5126173954648,99786,228,125,151,61,85323,47313,1.3292044976249173,130,65,18326,18689,16473,8312,14691,22747,49097,38800,27149,16568,1057,196,1085,3632,14329,20753,3609,202,1276,14313,9136,216,1106,1251,14847,1089,919,10770
1007,3281,1007.0287474669345,99786,224,128,151,61,85338,47324,1.3294650552181668,125,60,18321,18690,16387,8275,14791,22785,49097,38800,27237,16705,1057,196,1082,3633,14269,20828,3607,202,1276,14230,9095,216,1100,1256,14918,1092,921,10808
1008,3281,1008.0625080050764,99786,220,126,151,61,85371,47339,1.329946084621089,123,61,18349,18724,16305,8243,14851,22784,49097,38800,27324,16841,1057,196,1079,3629,14222,20899,3604,202,1277,14135,9060,216,1089,1266,14997,1095,931,10832
1009,3281,1009.0943464286028,99786,219,128,151,61,85400,47356,1.330407071132223,118,59,18363,18774,16220,8206,14928,22771,49097,38800,27409,16975,1057,195,1075,3629,14145,20986,3601,202,1281,14071,9003,216,1085,1269,15058,1099,939,10875
1010,3281,1010.1251900908833,99786,226,123,151,61,85432,47374,1.3309081434269336,120,48,18394,18832,16122,8161,14986,22774,49097,38800,27493,17107,1057,195,1070,3630,14085,21063,3597,202,1286,14003,8944,216,1083,1270,15114,1104,949,10918
1011,3281,1011.1547058036513,99786,238,120,151,61,85469,47384,1.3313791513839617,114,53,18410,18899,16033,8103,15053,22763,49097,38800,27575,17237,1057,195,1064,3630,14027,21136,3595,202,1287,13923,8906,216,1077,1275,15182,1110,954,10950
1012,3281,1012.1828551638965,99786,246,120,151,61,85501,47403,1.3318902451245667,114,54,18447,18940,15925,8070,15116,22754,49097,38800,27656,17366,1057,195,1061,3627,13968,21214,3595,202,1289,13849,8863,216,1072,1280,15242,1112,963,10981
1013,3281,1013.2092948883159,99786,244,113,151,61,85535,47415,1.3323512316357005,111,57,18483,18975,15844,8045,15166,22748,49097,38800,27736,17493,1057,195,1057,3627,13914,21291,3592,202,1293,13772,8816,216,1063,1289,15303,1113,971,11015
1014,3281,1014.2338171511211,99786,237,115,151,61,85557,47434,1.332762110917363,122,51,18507,19036,15749,8003,15233,22733,49097,38800,27814,17618,1057,194,1052,3628,13859,21368,3589,202,1296,13693,8780,216,1057,1294,15364,1118,976,11043
1015,3281,1015.2566948824024,99786,237,102,151,61,85596,47440,1.3332130759826029,115,61,18542,19117,15668,7958,15286,22700,49097,38800,27891,17742,1056,194,1046,3622,13816,21439,3587,203,1293,13616,8741,216,1051,1299,15426,1122,991,11068
1016,3281,1016.277906922301,99786,239,106,151,61,85624,47460,1.3336941053855251,122,54,18586,19174,15573,7924,15328,22680,49097,38800,27967,17864,1053,193,1040,3624,13756,21515,3584,206,1290,13555,8702,215,1046,1302,15477,1127,998,11103
1017,3281,1017.2970765445918,99786,238,99,151,61,85665,47473,1.3342352634638126,118,54,18608,19255,15488,7888,15396,22642,49097,38800,28041,17984,1050,193,1036,3623,13706,21592,3581,207,1288,13483,8662,214,1039,1308,15534,1130,1010,11130
1018,3281,1018.3147282022178,99786,238,102,151,61,85704,47489,1.3347864429879943,119,54,18617,19306,15418,7846,15456,22630,49097,38800,28114,18103,1050,191,1028,3627,13656,21664,3577,207,1286,13421,8621,214,1031,1314,15582,1138,1018,11161
1019,3281,1019.3315230820842,99786,235,103,151,61,85735,47503,1.3352374080532339,114,54,18643,19377,15342,7799,15514,22605,49097,38800,28186,18220,1050,191,1026,3630,13615,21727,3573,207,1280,13356,8579,213,1025,1320,15632,1138,1030,11194
1020,3281,1020.347355439636,99786,226,104,151,61,85760,47514,1.3355981801054255,114,60,18685,19427,15253,7755,15570,22592,49097,38800,28256,18335,1049,191,1020,3632,13565,21795,3569,208,1277,13278,8558,213,1020,1323,15698,1144,1037,11209
1021,3281,1021.3611519022274,99786,215,112,151,61,85783,47533,1.3360190808329826,117,57,18709,19485,15185,7720,15622,22564,49097,38800,28325,18449,1048,191,1014,3631,13513,21864,3568,209,1275,13221,8520,213,1016,1327,15745,1150,1043,11238
1022,3281,1022.373806083312,99786,211,106,151,61,85806,47547,1.3363898743310685,118,55,18745,19537,15118,7702,15656,22538,49097,38800,28393,18561,1048,191,1008,3629,13466,21928,3565,209,1281,13161,8473,213,1012,1331,15794,1155,1052,11270
1023,3281,1023.3844280980004,99786,205,103,151,61,85828,47559,1.3367306034914717,123,54,18767,19578,15044,7661,15709,22542,49097,38800,28460,18671,1048,191,1004,3631,13413,21994,3562,209,1280,13104,8436,212,1005,1337,15843,1158,1064,11295
1024,3281,1024.3936840609447,99786,202,97,151,61,85858,47571,1.3371515042190287,120,50,18797,19621,14975,7640,15754,22530,49097,38800,28526,18780,1048,191,1002,3630,13366,22062,3560,209,1280,13046,8394,212,1001,1339,15885,1160,1077,11324
1025,3281,1025.4017602748254,99786,198,99,151,61,85886,47585,1.3375724049465858,119,48,18841,19686,14893,7608,15797,22497,49097,38800,28591,18887,1047,191,995,3631,13326,22125,3556,210,1281,12972,8364,212,996,1343,15941,1166,1085,11345
1026,3281,1026.4074371889858,99786,201,96,151,61,85918,47590,1.3379431984446717,107,56,18871,19731,14826,7579,15843,22476,49097,38800,28655,18993,1045,191,990,3629,13288,22177,3555,211,1284,12907,8322,212,993,1346,15997,1170,1091,11378
1027,3281,1027.411670538481,99785,206,104,152,61,85953,47605,1.3384576840206444,92,56,18929,19771,14737,7545,15883,22462,49097,38800,28717,19097,1043,191,985,3631,13237,22239,3551,212,1284,12855,8283,212,989,1350,16040,1175,1097,11411
1028,3281,1028.4133387574884,99785,209,104,152,61,85972,47621,1.3388084381420053,101,53,18963,19817,14652,7529,15922,22435,49097,38800,28778,19199,1043,190,980,3631,13194,22293,3551,212,1287,12806,8236,212,987,1352,16081,1180,1102,11448
1029,3281,1029.4127929858535,99785,201,104,152,61,85991,47637,1.3391591922633663,110,51,19009,19862,14571,7505,15956,22416,49097,38800,28838,19300,1041,189,973,3625,13158,22348,3550,214,1284,12756,8201,212,981,1356,16125,1184,1114,11474
1030,3281,1030.4096220547276,99785,199,101,152,61,86014,47647,1.339489903292078,110,53,19037,19899,14503,7480,15998,22405,49097,38800,28897,19399,1040,189,971,3622,13121,22403,3548,215,1285,12699,8163,212,977,1357,16172,1186,1118,11507
1031,3281,1031.4049206925338,99785,200,98,152,61,86037,47656,1.339810592774465,104,56,19068,19931,14440,7457,16035,22396,49097,38800,28955,19497,1040,189,968,3625,13075,22462,3543,215,1288,12643,8128,212,972,1362,16217,1189,1123,11534
1032,3281,1032.3986920813397,99785,182,90,152,61,86058,47664,1.3401012176178784,102,63,19097,19971,14385,7436,16081,22378,49097,38800,29012,19593,1040,188,963,3624,13035,22532,3540,215,1290,12584,8099,212,970,1362,16259,1191,1125,11556
1033,3281,1033.3911163547382,99785,194,96,152,61,86094,47681,1.340632359573082,92,51,19133,20026,14311,7408,16117,22357,49097,38800,29068,19688,1037,188,961,3624,12986,22593,3538,218,1291,12535,8065,212,968,1363,16301,1191,1132,11582
1034,3281,1034.381773872343,99785,192,93,152,61,86114,47693,1.3409530490554693,83,53,19174,20083,14246,7379,16152,22330,49097,38800,29123,19781,1037,188,959,3625,12941,22652,3536,218,1288,12484,8033,212,966,1365,16341,1191,1142,11607
1035,3281,1035.3706137813842,99785,180,102,152,61,86131,47713,1.3413238462694794,87,43,19195,20135,14189,7345,16196,22313,49097,38800,29177,19873,1035,188,955,3626,12902,22706,3533,220,1286,12426,8012,212,963,1367,16389,1194,1151,11620
1036,3281,1036.3583209498224,99785,184,97,152,61,86158,47722,1.341684621937165,83,49,19243,20222,14116,7303,16221,22267,49097,38800,29231,19964,1034,188,950,3630,12854,22764,3529,221,1288,12377,7982,211,958,1371,16430,1199,1160,11639
1037,3281,1037.3438125702696,99785,178,89,152,61,86177,47731,1.3419652252342535,78,51,19281,20281,14053,7278,16257,22239,49097,38800,29284,20053,1033,188,947,3634,12813,22819,3525,222,1291,12321,7947,210,956,1373,16476,1201,1167,11662
1038,3281,1038.3274313757909,99785,169,91,152,61,86199,47745,1.342326000901939,76,44,19329,20329,13996,7251,16277,22223,49097,38800,29336,20141,1032,188,940,3638,12775,22875,3518,223,1286,12271,7926,210,953,1374,16516,1206,1177,11677
1039,3281,1039.308930340785,99785,149,86,152,61,86215,47753,1.3425665180137296,82,47,19363,20402,13949,7211,16304,22192,49097,38800,29387,20227,1031,188,935,3638,12747,22922,3515,224,1284,12215,7902,210,949,1377,16561,1208,1186,11693
1040,3281,1040.2886982008963,99785,144,78,152,61,86231,47760,1.3427970135791953,89,48,19417,20471,13876,7183,16321,22158,49097,38800,29437,20312,1030,188,930,3639,12716,22969,3513,225,1292,12158,7873,210,944,1382,16604,1212,1189,11711
1041,3281,1041.2661604839968,99785,140,84,152,61,86253,47775,1.3431678107932055,87,42,19448,20533,13827,7146,16345,22133,49097,38800,29486,20396,1029,188,925,3643,12683,23012,3510,226,1299,12105,7839,208,939,1387,16648,1217,1193,11734
1042,3281,1042.2417675248496,99785,145,78,152,61,86273,47782,1.3434383925439695,82,45,19503,20603,13752,7112,16365,22100,49097,38800,29534,20478,1029,188,920,3643,12639,23067,3509,226,1299,12067,7810,208,937,1389,16678,1221,1202,11753
1043,3281,1043.2148437998683,99785,148,91,152,61,86299,47798,1.3438592974896026,72,42,19567,20664,13693,7085,16367,22056,49097,38800,29582,20559,1029,188,917,3644,12598,23119,3506,226,1300,12028,7779,208,933,1392,16710,1223,1203,11782
1044,3281,1044.1849748693462,99785,144,92,152,61,86312,47809,1.344099814601393,73,44,19638,20715,13615,7053,16377,22034,49097,38800,29629,20639,1029,188,916,3642,12572,23155,3504,226,1292,11985,7751,208,930,1395,16750,1224,1216,11802
1045,3281,1045.1516144148823,99785,146,91,152,61,86331,47821,1.3444104825374554,71,41,19689,20794,13546,7025,16395,21987,49097,38800,29675,20718,1028,188,912,3644,12530,23205,3502,227,1292,11941,7731,208,926,1396,16790,1228,1221,11816
1046,3281,1046.1156409641803,99785,144,68,152,61,86346,47826,1.3446109134639475,68,48,19740,20857,13477,7006,16418,21959,49097,38800,29720,20795,1025,188,908,3646,12501,23250,3500,230,1291,11888,7709,208,925,1396,16832,1231,1231,11826
1047,3281,1047.077172162568,99785,136,62,152,61,86354,47835,1.3447812797514656,78,48,19767,20924,13423,6987,16443,21917,49097,38800,29765,20871,1024,187,901,3647,12474,23293,3499,231,1289,11842,7686,208,921,1398,16868,1236,1239,11842
1048,3281,1048.0368849000301,99784,140,64,152,62,86384,47847,1.3452156658382106,63,51,19808,20979,13379,6959,16457,21884,49097,38800,29809,20946,1024,186,900,3652,12434,23342,3496,231,1289,11803,7663,206,917,1402,16899,1237,1245,11858
1049,3281,1049.4732338876988,99784,144,75,152,62,86413,47870,1.3457367914695744,62,39,19902,21093,13312,6919,16427,21811,49097,38800,29852,21020,1022,185,895,3654,12406,23384,3493,233,1285,11762,7639,206,910,1407,16931,1242,1254,11876
1050,3281,1050.427050697375,99784,147,65,152,62,86431,47876,1.3459773109917421,56,45,19977,21155,13232,6905,16435,21767,49097,38800,29895,21093,1021,185,894,3655,12386,23418,3492,234,1282,11711,7611,205,909,1406,16972,1243,1261,11899
1051,3281,1051.37772507003,99784,129,65,152,62,86440,47885,1.346157700633368,62,43,20025,21238,13182,6869,16449,21722,49097,38800,29937,21164,1020,185,893,3658,12364,23456,3487,234,1277,11671,7586,205,906,1409,17000,1244,1268,11921
1052,3281,1052.3258822684754,99783,125,59,153,62,86453,47887,1.3463215176933947,67,49,20082,21328,13105,6823,16467,21678,49097,38800,29978,21234,1020,184,890,3657,12335,23494,3486,234,1276,11636,7562,205,904,1410,17030,1247,1275,11938
1053,3281,1053.2714814526014,99783,125,66,153,62,86470,47902,1.3466422136035197,65,46,20148,21388,13033,6800,16475,21637,49097,38800,30018,21303,1019,184,885,3657,12308,23533,3484,235,1272,11598,7541,205,904,1410,17059,1251,1283,11955
1054,3281,1054.2141986330555,99783,123,76,153,62,86487,47917,1.3469629095136446,62,41,20198,21442,12969,6766,16494,21612,49097,38800,30058,21371,1019,183,884,3657,12290,23565,3483,235,1269,11559,7514,205,901,1413,17086,1252,1289,11979
1055,3281,1055.1543811479116,99783,127,74,153,62,86504,47925,1.3472134531934297,54,43,20249,21521,12910,6732,16506,21567,49097,38800,30097,21438,1018,183,881,3660,12266,23597,3481,236,1269,11519,7495,204,899,1415,17120,1253,1294,11993
1056,3281,1056.0922678164122,99783,122,72,153,62,86520,47933,1.3474539751260235,58,40,20291,21600,12859,6709,16516,21516,49097,38800,30136,21504,1018,183,876,3661,12239,23634,3478,235,1271,11485,7473,204,897,1417,17149,1257,1300,12006
1057,3281,1057.0280212387786,99783,127,69,153,62,86538,47945,1.3477546275417656,54,35,20345,21653,12791,6691,16529,21489,49097,38800,30174,21569,1018,182,874,3663,12201,23681,3476,235,1270,11455,7451,204,894,1419,17173,1258,1307,12022
1058,3281,1058.4267673840466,99783,121,62,153,62,86562,47955,1.3480953669462734,49,34,20471,21749,12705,6669,16500,21423,49097,38800,30211,21633,1018,182,871,3659,12184,23721,3472,235,1271,11413,7431,204,892,1421,17202,1260,1312,12035
1059,3281,1059.3549437704098,99783,127,62,153,62,86578,47963,1.3483358888788672,45,32,20543,21801,12625,6649,16506,21393,49097,38800,30248,21696,1017,182,870,3658,12153,23761,3472,236,1266,11381,7412,204,890,1422,17227,1261,1318,12053
1060,3281,1060.2799111001964,99783,124,53,153,62,86588,47968,1.3484862150867383,47,40,20595,21846,12561,6627,16519,21371,49097,38800,30284,21758,1017,182,865,3660,12117,23809,3470,236,1267,11341,7397,204,889,1422,17257,1266,1323,12061
1061,3281,1061.2022686628025,99783,122,49,153,62,86599,47973,1.3486465630418007,54,42,20647,21908,12510,6596,16513,21342,49097,38800,30320,21819,1016,182,863,3662,12089,23844,3469,237,1272,11306,7371,203,889,1422,17285,1268,1324,12081
1062,3281,1062.1222433477592,99783,114,53,153,62,86609,47982,1.3488369762384373,54,44,20706,21968,12461,6573,16511,21299,49097,38800,30355,21879,1015,182,861,3661,12061,23882,3467,238,1269,11270,7357,202,887,1424,17316,1269,1329,12093
1063,3281,1063.0397759703635,99783,108,52,153,62,86622,47991,1.3490574546766483,50,38,20756,22026,12419,6544,16513,21277,49097,38800,30390,21938,1015,182,860,3663,12032,23918,3466,238,1269,11242,7336,201,883,1427,17338,1270,1337,12106
1064,3281,1064.4117787881112,99783,108,61,153,62,86636,48006,1.3493480853451991,58,36,20842,22137,12352,6502,16486,21201,49097,38800,30424,21996,1015,182,858,3665,12009,23949,3463,237,1264,11218,7317,201,878,1432,17357,1272,1344,12122
1065,3281,1065.3233031860862,99783,102,60,153,62,86644,48013,1.3494984115530702,55,32,20896,22198,12306,6477,16487,21170,49097,38800,30457,22053,1015,182,856,3663,11985,23984,3462,237,1263,11192,7292,201,877,1433,17376,1273,1351,12141
1066,3281,1066.2325465988624,99783,104,56,153,62,86660,48022,1.3497489552328552,49,27,20925,22253,12272,6458,16496,21143,49097,38800,30490,22109,1014,182,853,3664,11960,24018,3460,238,1264,11161,7273,201,874,1435,17401,1275,1360,12150
1067,3281,1067.1400684257624,99783,99,54,153,62,86669,48026,1.3498792379463436,57,28,20952,22314,12233,6435,16505,21106,49097,38800,30522,22164,1012,182,847,3664,11934,24054,3459,240,1264,11131,7259,201,871,1437,17423,1281,1364,12160
1068,3281,1068.0467758946563,99783,94,51,153,62,86679,48032,1.350039585901406,61,31,20997,22361,12192,6413,16502,21081,49097,38800,30554,22218,1011,182,844,3666,11903,24093,3457,241,1265,11101,7248,201,868,1439,17448,1283,1365,12168
1069,3281,1069.4031192098794,99783,95,54,153,62,86697,48040,1.3503001513283825,60,31,21076,22455,12132,6372,16483,21025,49097,38800,30585,22271,1009,182,841,3668,11875,24128,3455,243,1265,11070,7232,201,867,1438,17474,1286,1369,12180
1070,3281,1070.304502437317,99783,97,55,153,62,86710,48045,1.350480542777828,58,30,21130,22521,12086,6347,16475,20984,49097,38800,30616,22323,1008,181,840,3669,11850,24156,3455,244,1265,11045,7218,201,864,1440,17497,1287,1375,12188
1071,3281,1071.2034942636383,99783,97,57,153,62,86721,48051,1.3506509124800818,55,33,21182,22564,12042,6324,16470,20959,49097,38800,30647,22375,1007,181,839,3667,11828,24185,3455,245,1262,11023,7203,201,863,1440,17515,1288,1380,12201
1072,3281,1072.1003364489995,99783,102,57,153,62,86733,48057,1.350831303929527,49,31,21221,22630,11987,6297,16487,20922,49097,38800,30677,22426,1007,181,839,3666,11814,24207,3455,245,1259,10983,7189,201,860,1443,17548,1288,1385,12213
1073,3281,1073.4423489672572,99783,96,61,153,62,86746,48064,1.3510317388733553,47,32,21317,22719,11943,6260,16443,20865,49097,38800,30707,22476,1007,181,838,3663,11799,24236,3454,245,1259,10950,7173,201,857,1446,17572,1289,1386,12227
1074,3281,1074.3336873714604,99783,95,57,153,62,86755,48068,1.3511620215868434,45,38,21372,22771,11892,6233,16442,20838,49097,38800,30736,22525,1007,181,837,3663,11783,24260,3453,245,1261,10922,7159,201,852,1450,17594,1290,1389,12236
1075,3281,1075.2228705396435,99783,94,57,153,62,86765,48075,1.3513323912890973,50,37,21437,22828,11835,6219,16430,20796,49097,38800,30765,22573,1007,181,833,3662,11767,24287,3453,245,1259,10902,7143,201,848,1453,17606,1293,1395,12248
1076,3281,1076.1093584333778,99783,95,59,153,62,86776,48084,1.3515328262329254,50,32,21463,22884,11790,6203,16448,20759,49097,38800,30793,22621,1007,181,833,3661,11753,24310,3452,245,1257,10866,7133,201,847,1453,17637,1293,1397,12257
1077,3281,1077.4361699798103,99783,94,54,153,62,86793,48089,1.3517533046711363,47,36,21546,22982,11739,6177,16420,20688,49097,38800,30821,22668,1007,181,829,3662,11732,24341,3450,245,1255,10838,7121,201,846,1453,17658,1296,1405,12263
1078,3281,1078.3181220141753,99783,97,50,153,62,86806,48095,1.3519437178677731,46,32,21590,23042,11695,6164,16418,20649,49097,38800,30848,22714,1007,181,824,3662,11706,24380,3449,245,1252,10819,7108,201,844,1455,17668,1299,1411,12272
1079,3281,1079.1981664556047,99783,90,51,153,62,86820,48099,1.3521241093172183,40,34,21646,23104,11665,6136,16405,20612,49097,38800,30875,22759,1006,181,822,3665,11688,24408,3447,246,1247,10795,7095,200,841,1456,17685,1300,1419,12282
1080,3281,1080.0760907256251,99783,81,50,153,62,86827,48102,1.3522243267891325,41,34,21715,23164,11611,6113,16398,20576,49097,38800,30902,22804,1005,181,821,3668,11665,24439,3444,247,1246,10772,7080,200,840,1457,17701,1301,1421,12295
1081,3281,1081.388169616483,99783,88,48,153,62,86848,48112,1.352535000952066,47,34,21803,23240,11559,6097,16349,20518,49097,38800,30928,22848,1005,181,820,3669,11646,24468,3442,247,1249,10747,7064,200,836,1460,17720,1301,1427,12301
1082,3281,1082.2598769194626,99783,82,44,153,62,86860,48117,1.35270537065432,47,37,21854,23293,11529,6079,16334,20484,49097,38800,30954,22891,1005,181,818,3667,11632,24496,3441,247,1249,10720,7049,200,834,1462,17738,1301,1430,12313
1083,3281,1083.1295774830387,99783,81,39,153,62,86872,48123,1.352885762103765,49,38,21911,23360,11485,6062,16320,20438,49097,38800,30979,22933,1002,181,815,3666,11617,24519,3440,250,1254,10692,7032,200,832,1464,17760,1304,1432,12323
1084,3281,1084.4300572589132,99783,81,36,153,62,86887,48134,1.3531463275307416,47,38,22007,23442,11416,6045,16295,20376,49097,38800,31004,22975,1001,181,813,3664,11592,24554,3440,251,1256,10674,7014,200,831,1464,17772,1306,1437,12333
1085,3281,1085.2936027967166,99783,90,39,153,62,86905,48140,1.3533868494633354,38,34,22063,23507,11367,6029,16288,20328,49097,38800,31029,23016,1000,181,811,3665,11574,24579,3439,252,1254,10652,7000,200,830,1465,17788,1307,1439,12347
1086,3281,1086.155205968217,99783,87,44,153,62,86914,48150,1.3535772626599722,37,28,22121,23582,11329,6010,16272,20273,49097,38800,31053,23056,1000,181,811,3664,11559,24604,3439,252,1252,10629,6983,200,829,1465,17804,1307,1443,12361
1087,3281,1087.014481166754,99783,81,42,153,62,86919,48152,1.353647414890312,38,30,22165,23642,11294,5984,16268,20239,49097,38800,31077,23096,1000,181,808,3661,11543,24628,3439,252,1251,10608,6969,200,827,1467,17822,1309,1446,12372
1088,3281,1088.2998023016169,99783,83,44,153,62,86933,48160,1.3538678933285229,37,23,22258,23749,11232,5960,16236,20161,49097,38800,31101,23135,999,181,806,3664,11529,24650,3436,253,1247,10583,6956,200,824,1469,17842,1310,1452,12382
1089,3281,1089.1538030275372,99783,80,48,153,62,86938,48171,1.3540282412835853,42,20,22309,23811,11192,5943,16223,20115,49097,38800,31124,23174,998,181,801,3664,11517,24670,3435,254,1244,10561,6942,200,824,1469,17860,1314,1455,12394
1090,3281,1090.0105688434596,99783,82,45,153,62,86946,48175,1.3541485022498823,39,21,22348,23858,11148,5924,16229,20089,49097,38800,31147,23212,998,181,800,3662,11498,24697,3435,254,1244,10542,6933,200,822,1469,17875,1315,1459,12399
1091,3281,1091.3817657313919,99783,78,44,153,62,86961,48181,1.3543589589409017,39,18,22465,23968,11086,5893,16178,20014,49097,38800,31170,23249,998,181,797,3659,11492,24720,3435,254,1240,10515,6921,200,819,1471,17890,1317,1465,12409
1092,3281,1092.1925829039078,99783,76,43,153,62,86965,48183,1.3544190894240502,37,18,22510,24002,11052,5873,16171,20001,49097,38800,31192,23286,998,181,796,3658,11484,24733,3434,254,1238,10493,6908,200,819,1471,17910,1318,1469,12419
1093,3281,1093.334801613913,99783,80,37,153,62,86983,48188,1.3546495896094526,36,23,22595,24106,11000,5850,16135,19921,49097,38800,31214,23322,998,181,796,3656,11470,24758,3433,254,1237,10477,6894,200,817,1473,17919,1318,1474,12428
1094,3281,1094.1760470210113,99783,80,40,153,62,86994,48192,1.3547999158173236,33,28,22661,24167,10964,5826,16108,19876,49097,38800,31236,23358,998,181,793,3657,11458,24774,3432,254,1236,10459,6878,200,815,1475,17933,1321,1479,12440
