,indexID,time,N,Inf_L,Inf_H,Dead_L,Dead_H,cum_cases_L,cum_cases_H,cum_sum_per_N,Exposed_L,Exposed_H,Sus_L,Sus_H,Rec_nat_L,Rec_nat_H,Rec_vax_L,Rec_vax_H,vaccinatedH,vaccinatedL,boostedH,boostedL,count_Naive,count_Delta,count_Delta_vaccine,count_two,count_three,count_four,count_Omicron,count_Omicron_star,count_Omicron_star_vaccine,count_Omicron_vaccine,count_Vaccine,count_WT,count_WT_vaccine,count_WT_vaccine_boost,count_Omicron_vaccine_boost,count_Delta_vaccine_boost,count_Omicron_star_vaccine_boost,count_Vaccine_boost
0,5151,1.17456185234302,99996,8,12,0,0,8,12,0.0002000080003200128,18,14,49972,49972,0,0,0,0,0,0,0,0,99996,0,0,0,0,0,0,0,0,0,0,0,0,0,0,0,0,0
1,5151,2.1151675262653695,99996,12,14,0,0,13,15,0.0002800112004480179,17,16,49968,49967,1,1,0,0,0,0,0,0,99994,0,0,0,0,0,0,0,0,0,0,2,0,0,0,0,0,0
2,5151,3.085894251199076,99996,13,12,0,0,16,17,0.0003300132005280211,20,17,49962,49964,3,5,0,0,0,0,0,0,99988,0,0,0,0,0,0,0,0,0,0,8,0,0,0,0,0,0
3,5151,4.071436251551666,99996,15,16,0,0,21,22,0.00043001720068802754,18,14,49959,49962,6,6,0,0,0,0,0,0,99984,0,0,0,0,0,0,0,0,0,0,12,0,0,0,0,0,0
4,5151,5.028381692750515,99996,19,14,0,0,27,22,0.0004900196007840313,16,15,49955,49961,8,8,0,0,0,0,0,0,99980,0,0,0,0,0,0,0,0,0,0,16,0,0,0,0,0,0
5,5151,6.013926259678712,99996,18,18,0,0,29,29,0.0005800232009280372,15,10,49954,49959,11,11,0,0,0,0,0,0,99974,0,0,0,0,0,0,0,0,0,0,22,0,0,0,0,0,0
6,5151,7.033503035068888,99996,21,17,0,0,33,30,0.0006300252010080403,16,11,49949,49957,12,13,0,0,0,0,0,0,99971,0,0,0,0,0,0,0,0,0,0,25,0,0,0,0,0,0
7,5151,8.01750315483185,99996,22,17,0,0,36,34,0.0007000280011200448,14,8,49948,49957,14,16,0,0,0,0,0,0,99965,0,0,0,0,0,0,0,0,0,0,31,0,0,0,0,0,0
8,5151,9.06124776378822,99996,23,16,0,0,40,37,0.0007700308012320492,13,7,49945,49955,17,20,0,0,0,0,0,0,99958,0,0,0,0,0,0,0,0,0,0,38,0,0,0,0,0,0
9,5151,10.224552330660519,99996,24,16,0,0,46,40,0.0008600344013760551,13,8,49939,49951,22,23,0,0,0,0,0,0,99950,0,0,0,0,0,0,0,0,0,0,46,0,0,0,0,0,0
10,5151,11.000600370142871,99996,26,19,0,0,50,44,0.0009400376015040601,14,5,49934,49950,24,24,0,0,0,0,0,0,99947,0,0,0,0,0,0,0,0,0,0,49,0,0,0,0,0,0
11,5151,12.014119869141354,99996,24,15,0,0,55,44,0.0009900396015840634,13,8,49930,49947,31,28,0,0,0,0,0,0,99936,0,0,0,0,0,0,0,0,0,0,60,0,0,0,0,0,0
12,5151,13.055761994324627,99996,24,17,0,0,58,49,0.0010700428017120685,14,6,49926,49944,34,31,0,0,0,0,0,0,99930,0,0,0,0,0,0,0,0,0,0,66,0,0,0,0,0,0
13,5151,14.034454643190527,99996,27,16,0,0,66,51,0.001170046801872075,11,10,49921,49938,39,34,0,0,0,0,0,0,99922,0,0,0,0,0,0,0,0,0,0,74,0,0,0,0,0,0
14,5151,15.003190187838824,99996,30,17,0,0,71,53,0.0012400496019840794,12,8,49915,49938,41,35,0,0,0,0,0,0,99919,0,0,0,0,0,0,0,0,0,0,77,0,0,0,0,0,0
15,5151,16.034024889206318,99996,29,19,0,0,73,55,0.001280051202048082,14,8,49911,49936,44,35,0,0,0,0,0,0,99916,0,0,0,0,0,0,0,0,0,0,80,0,0,0,0,0,0
16,5151,17.06609384992479,99996,30,18,0,0,77,56,0.0013300532021280852,20,11,49901,49932,47,37,0,0,0,0,0,0,99911,0,0,0,0,0,0,0,0,0,0,85,0,0,0,0,0,0
17,5151,18.13801271410871,99996,31,15,0,0,81,59,0.0014000560022400896,21,11,49896,49929,50,43,0,0,0,0,0,0,99902,0,0,0,0,0,0,0,0,0,0,94,0,0,0,0,0,0
18,5151,19.201653845401307,99996,32,19,0,0,85,63,0.0014800592023680947,20,8,49893,49928,53,43,0,0,0,0,0,0,99899,0,0,0,0,0,0,0,0,0,0,97,0,0,0,0,0,0
19,5151,20.004446309617524,99996,35,18,0,0,92,66,0.001580063202528101,20,9,49886,49924,57,47,0,0,0,0,0,0,99891,0,0,0,0,0,0,0,0,0,0,105,0,0,0,0,0,0
20,5151,21.22172365025664,99996,34,18,0,0,99,69,0.0016800672026881075,22,7,49878,49924,64,49,0,0,0,0,0,0,99880,0,0,0,0,0,0,0,0,0,0,116,0,0,0,0,0,0
21,5151,22.09277213288752,99996,35,21,0,0,104,72,0.0017600704028161126,19,5,49877,49923,67,49,0,0,0,0,0,0,99876,0,0,0,0,0,0,0,0,0,0,120,0,0,0,0,0,0
22,5151,23.1676325208971,99996,29,19,0,0,107,73,0.0018000720028801152,20,5,49873,49922,76,52,0,0,0,0,0,0,99864,0,0,0,0,0,0,0,0,0,0,132,0,0,0,0,0,0
23,5151,24.12279044140508,99996,34,19,0,0,113,78,0.0019100764030561222,19,3,49869,49919,76,57,0,0,0,0,0,0,99858,0,0,0,0,0,0,0,0,0,0,138,0,0,0,0,0,0
24,5151,25.03152892334967,99996,37,16,0,0,118,79,0.001970078803152126,17,3,49866,49919,78,60,0,0,0,0,0,0,99852,0,0,0,0,0,0,0,0,0,0,144,0,0,0,0,0,0
25,5151,26.006197857573728,99996,38,16,0,0,124,79,0.00203008120324813,15,8,49862,49914,83,60,0,0,0,0,0,0,99847,0,0,0,0,0,0,0,0,0,0,149,0,0,0,0,0,0
26,5151,27.152556003191773,99996,36,17,0,0,126,81,0.0020700828033121325,17,9,49858,49912,87,60,0,0,0,0,0,0,99842,0,0,0,0,0,0,0,0,0,0,154,0,0,0,0,0,0
27,5151,28.22549447965032,99996,35,18,0,0,128,83,0.002110084403376135,20,10,49854,49910,89,60,0,0,0,0,0,0,99838,0,0,0,0,0,0,0,0,0,0,158,0,0,0,0,0,0
28,5151,29.054475738163564,99996,33,15,0,0,131,85,0.002160086403456138,19,9,49852,49909,94,65,0,0,0,0,0,0,99828,0,0,0,0,0,0,0,0,0,0,168,0,0,0,0,0,0
29,5151,30.141314251254503,99996,30,18,0,0,134,89,0.0022300892035681426,21,7,49848,49907,99,66,0,0,0,0,0,0,99821,0,0,0,0,0,0,0,0,0,0,175,0,0,0,0,0,0
30,5151,31.044472950840213,99996,28,18,0,0,138,92,0.002300092003680147,20,4,49845,49907,105,69,0,0,0,0,0,0,99812,0,0,0,0,0,0,0,0,0,0,184,0,0,0,0,0,0
31,5151,32.01749889516983,99996,31,19,0,0,143,94,0.002370094803792152,21,7,49839,49902,107,70,0,0,0,0,0,0,99809,0,0,0,0,0,0,0,0,0,0,187,0,0,0,0,0,0
32,5151,33.15444248282711,99996,33,17,0,0,149,95,0.0024400976039041563,25,10,49830,49898,110,73,0,0,0,0,0,0,99802,0,0,0,0,0,0,0,0,0,0,194,0,0,0,0,0,0
33,5151,34.13858804985733,99996,32,12,0,0,155,95,0.00250010000400016,24,11,49825,49897,117,78,0,0,0,0,0,0,99790,0,0,0,0,0,0,0,0,0,0,206,0,0,0,0,0,0
34,5151,35.01753916385967,99996,34,9,0,0,162,96,0.002580103204128165,18,15,49824,49892,122,82,0,0,0,0,0,0,99781,0,0,0,0,0,0,0,0,0,0,215,0,0,0,0,0,0
35,5151,36.00656750462942,99996,36,12,0,0,167,100,0.0026701068042721708,16,15,49821,49888,125,83,0,0,0,0,0,0,99777,0,0,0,0,0,0,0,0,0,0,219,0,0,0,0,0,0
36,5151,37.14394855946129,99996,35,14,0,0,173,105,0.002780111204448178,12,13,49819,49886,132,85,0,0,0,0,0,0,99767,0,0,0,0,0,0,0,0,0,0,229,0,0,0,0,0,0
37,5151,38.32578338158066,99996,29,11,0,0,177,105,0.0028201128045121805,16,19,49811,49880,142,88,0,0,0,0,0,0,99754,0,0,0,0,0,0,0,0,0,0,242,0,0,0,0,0,0
38,5151,39.12365935371559,99996,30,15,0,0,180,110,0.0029001160046401857,17,16,49807,49878,144,89,0,0,0,0,0,0,99751,0,0,0,0,0,0,0,0,0,0,245,0,0,0,0,0,0
39,5151,40.01535746123604,99996,32,19,0,0,186,115,0.0030101204048161925,14,15,49804,49874,148,90,0,0,0,0,0,0,99746,0,0,0,0,0,0,0,0,0,0,250,0,0,0,0,0,0
40,5151,41.17027304657378,99996,30,23,0,0,189,119,0.003080123204928197,14,12,49801,49874,153,89,0,0,0,0,0,0,99741,0,0,0,0,0,0,0,0,0,0,255,0,0,0,0,0,0
41,5151,42.16537181213925,99996,28,25,0,0,191,123,0.003140125605024201,17,10,49797,49872,156,91,0,0,0,0,0,0,99735,0,0,0,0,0,0,0,0,0,0,261,0,0,0,0,0,0
42,5151,43.29691121037917,99996,22,16,0,0,195,124,0.0031901276051042042,19,9,49793,49872,164,101,0,0,0,0,0,0,99715,0,0,0,0,0,0,0,0,0,0,281,0,0,0,0,0,0
43,5151,44.00595301965482,99996,20,20,0,0,198,128,0.0032601304052162087,17,6,49792,49871,169,101,0,0,0,0,0,0,99710,0,0,0,0,0,0,0,0,0,0,286,0,0,0,0,0,0
44,5151,45.00762001162041,99996,22,17,0,0,206,129,0.0033501340053602143,18,9,49785,49867,173,105,0,0,0,0,0,0,99700,0,0,0,0,0,0,0,0,0,0,296,0,0,0,0,0,0
45,5151,46.12204555672553,99996,22,17,0,0,209,132,0.0034101364054562183,16,7,49784,49866,176,108,0,0,0,0,0,0,99694,0,0,0,0,0,0,0,0,0,0,302,0,0,0,0,0,0
46,5151,47.08634201953358,99996,30,14,0,0,217,134,0.0035101404056162248,14,9,49779,49862,175,113,0,0,0,0,0,0,99689,0,0,0,0,0,0,0,0,0,0,307,0,0,0,0,0,0
47,5151,48.060057520031854,99996,27,12,0,0,221,135,0.003560142405696228,22,9,49768,49861,181,116,0,0,0,0,0,0,99679,0,0,0,0,0,0,0,0,0,0,317,0,0,0,0,0,0
48,5151,49.12727983603515,99996,30,10,0,0,227,137,0.003640145605824233,18,8,49767,49861,183,119,0,0,0,0,0,0,99672,0,0,0,0,0,0,0,0,0,0,324,0,0,0,0,0,0
49,5151,50.12473489006313,99996,34,12,0,0,234,139,0.003730149205968239,15,7,49763,49861,186,118,0,0,0,0,0,0,99669,0,0,0,0,0,0,0,0,0,0,327,0,0,0,0,0,0
50,5151,51.02913633199275,99996,33,10,0,0,239,139,0.003780151206048242,19,15,49755,49853,191,120,0,0,0,0,0,0,99661,0,0,0,0,0,0,0,0,0,0,335,0,0,0,0,0,0
51,5151,52.1842979460831,99996,33,12,0,0,246,142,0.0038801552062082485,22,15,49745,49850,198,121,0,0,0,0,0,0,99653,0,0,0,0,0,0,0,0,0,0,343,0,0,0,0,0,0
52,5151,53.09486852318431,99996,33,14,0,0,251,145,0.003960158406336254,23,12,49739,49850,203,122,0,0,0,0,0,0,99647,0,0,0,0,0,0,0,0,0,0,349,0,0,0,0,0,0
53,5151,54.03617657077031,99996,38,17,0,0,259,149,0.004080163206528261,21,9,49733,49850,206,122,0,0,0,0,0,0,99643,0,0,0,0,0,0,0,0,0,0,353,0,0,0,0,0,0
54,5151,55.20265162353494,99996,36,16,0,0,263,151,0.004140165606624265,18,7,49733,49850,211,125,0,0,0,0,0,0,99634,0,0,0,0,0,0,0,0,0,0,362,0,0,0,0,0,0
55,5151,56.04146181429541,99996,34,17,0,0,266,153,0.004190167606704268,19,7,49729,49848,216,126,0,0,0,0,0,0,99628,0,0,0,0,0,0,0,0,0,0,368,0,0,0,0,0,0
56,5151,57.11228863331198,99996,30,17,0,0,272,154,0.004260170406816272,21,10,49722,49845,225,126,0,0,0,0,0,0,99617,0,0,0,0,0,0,0,0,0,0,379,0,0,0,0,0,0
57,5151,58.128921089760375,99996,28,19,0,0,274,156,0.0043001720068802755,24,9,49718,49844,228,126,0,0,0,0,0,0,99613,0,0,0,0,0,0,0,0,0,0,383,0,0,0,0,0,0
58,5151,59.265461603839796,99996,27,19,0,0,279,157,0.004360174406976279,21,11,49716,49841,234,127,0,0,0,0,0,0,99606,0,0,0,0,0,0,0,0,0,0,390,0,0,0,0,0,0
59,5151,60.28114304948306,99996,28,20,0,0,283,160,0.004430177207088284,20,12,49713,49837,237,129,0,0,0,0,0,0,99601,0,0,0,0,0,0,0,0,0,0,395,0,0,0,0,0,0
60,5151,61.041996218579335,99996,31,21,0,0,288,163,0.004510180407216288,17,13,49711,49833,239,131,0,0,0,0,0,0,99597,0,0,0,0,0,0,0,0,0,0,399,0,0,0,0,0,0
61,5151,62.01011462193734,99996,32,24,0,0,291,166,0.004570182807312292,18,12,49707,49831,241,131,0,0,0,0,0,0,99595,0,0,0,0,0,0,0,0,0,0,401,0,0,0,0,0,0
62,5151,63.06690009488317,99996,35,23,0,0,297,170,0.004670186807472299,20,13,49700,49826,243,136,0,0,0,0,0,0,99587,0,0,0,0,0,0,0,0,0,0,409,0,0,0,0,0,0
63,5151,64.05793115869214,99996,32,22,0,0,302,172,0.004740189607584304,23,12,49692,49825,251,139,0,0,0,0,0,0,99576,0,0,0,0,0,0,0,0,0,0,420,0,0,0,0,0,0
64,5151,65.11082073383305,99996,25,17,0,0,304,174,0.004780191207648306,21,11,49692,49826,260,144,0,0,0,0,0,0,99560,0,0,0,0,0,0,0,0,0,0,436,0,0,0,0,0,0
65,5151,66.05195550535302,99996,25,15,0,0,309,176,0.00485019400776031,18,11,49691,49824,264,148,0,0,0,0,0,0,99551,0,0,0,0,0,0,0,0,0,0,445,0,0,0,0,0,0
66,5151,67.13567637848044,99996,27,17,0,0,315,179,0.004940197607904316,17,10,49686,49823,268,148,0,0,0,0,0,0,99546,0,0,0,0,0,0,0,0,0,0,450,0,0,0,0,0,0
67,5151,68.09360479622602,99996,32,14,0,0,320,181,0.005010200408016321,15,12,49684,49820,267,152,0,0,0,0,0,0,99541,0,0,0,0,0,0,0,0,0,0,455,0,0,0,0,0,0
68,5151,69.06942183645018,99996,29,13,0,0,322,183,0.005050202008080323,22,12,49675,49820,272,153,0,0,0,0,0,0,99533,0,0,0,0,0,0,0,0,0,0,463,0,0,0,0,0,0
69,5151,70.09131278528976,99996,29,14,0,0,325,186,0.005110204408176327,23,13,49671,49816,275,155,0,0,0,0,0,0,99528,0,0,0,0,0,0,0,0,0,0,468,0,0,0,0,0,0
70,5151,71.06464722926346,99996,32,15,0,0,330,191,0.0052102084083363335,23,9,49666,49815,277,159,0,0,0,0,0,0,99522,0,0,0,0,0,0,0,0,0,0,474,0,0,0,0,0,0
71,5151,72.0122676098647,99996,33,14,0,0,336,194,0.005300212008480339,28,8,49658,49813,279,163,0,0,0,0,0,0,99513,0,0,0,0,0,0,0,0,0,0,483,0,0,0,0,0,0
72,5151,73.03493511864626,99996,36,14,0,0,344,196,0.005400216008640346,28,11,49651,49808,283,165,0,0,0,0,0,0,99506,0,0,0,0,0,0,0,0,0,0,490,0,0,0,0,0,0
73,5151,74.03395576082886,99996,29,12,0,0,347,197,0.005440217608704348,29,10,49647,49809,293,167,0,0,0,0,0,0,99493,0,0,0,0,0,0,0,0,0,0,503,0,0,0,0,0,0
74,5151,75.23838465110154,99996,31,12,0,0,357,200,0.005570222808912357,23,12,49645,49805,299,169,0,0,0,0,0,0,99482,0,0,0,0,0,0,0,0,0,0,514,0,0,0,0,0,0
75,5151,76.20936848277235,99996,31,12,0,0,360,202,0.005620224808992359,25,12,49643,49804,299,170,0,0,0,0,0,0,99477,0,0,0,0,0,0,0,0,0,0,519,0,0,0,0,0,0
76,5151,77.15518076155134,99996,32,15,0,0,363,205,0.005680227209088363,28,12,49637,49801,301,170,0,0,0,0,0,0,99475,0,0,0,0,0,0,0,0,0,0,521,0,0,0,0,0,0
77,5151,78.01423138923202,99996,33,17,0,0,369,207,0.005760230409216369,24,12,49637,49800,304,169,0,0,0,0,0,0,99470,0,0,0,0,0,0,0,0,0,0,526,0,0,0,0,0,0
78,5151,79.06816427421961,99996,33,20,0,0,374,211,0.005850234009360375,29,13,49627,49797,309,168,0,0,0,0,0,0,99464,0,0,0,0,0,0,0,0,0,0,532,0,0,0,0,0,0
79,5151,80.17756128514013,99996,40,16,0,0,385,214,0.0059902396095843835,26,18,49619,49789,313,175,0,0,0,0,0,0,99453,0,0,0,0,0,0,0,0,0,0,543,0,0,0,0,0,0
80,5151,81.00594973094258,99996,39,19,0,0,390,218,0.006080243209728389,32,16,49611,49787,316,176,0,0,0,0,0,0,99446,0,0,0,0,0,0,0,0,0,0,550,0,0,0,0,0,0
81,5151,82.15218735233091,99996,38,15,0,0,396,220,0.006160246409856394,35,19,49605,49783,320,181,0,0,0,0,0,0,99433,0,0,0,0,0,0,0,0,0,0,563,0,0,0,0,0,0
82,5151,83.10295245070006,99996,40,17,0,0,409,224,0.006330253210128405,27,15,49601,49783,330,183,0,0,0,0,0,0,99420,0,0,0,0,0,0,0,0,0,0,576,0,0,0,0,0,0
83,5151,84.15448947449364,99996,37,17,0,0,413,225,0.0063802552102084084,31,19,49593,49778,337,184,0,0,0,0,0,0,99412,0,0,0,0,0,0,0,0,0,0,584,0,0,0,0,0,0
84,5151,85.31808156336541,99996,41,18,0,0,421,227,0.006480259210368415,33,20,49583,49775,341,185,0,0,0,0,0,0,99407,0,0,0,0,0,0,0,0,0,0,589,0,0,0,0,0,0
85,5151,86.05167496242912,99996,44,17,0,0,427,230,0.0065702628105124205,32,18,49578,49774,344,189,0,0,0,0,0,0,99400,0,0,0,0,0,0,0,0,0,0,596,0,0,0,0,0,0
86,5151,87.04863007243685,99996,44,16,0,0,434,233,0.006670266810672427,29,16,49576,49774,349,192,0,0,0,0,0,0,99389,0,0,0,0,0,0,0,0,0,0,607,0,0,0,0,0,0
87,5151,88.07629855232685,99996,42,18,0,0,441,236,0.006770270810832433,28,17,49572,49772,356,191,0,0,0,0,0,0,99379,0,0,0,0,0,0,0,0,0,0,617,0,0,0,0,0,0
88,5151,89.24016253623094,99996,42,19,0,0,450,240,0.0069002760110404415,24,13,49570,49773,362,193,0,0,0,0,0,0,99368,0,0,1,0,0,0,0,0,0,0,627,0,0,0,0,0,0
89,5151,90.0685044530138,99996,41,24,0,0,454,245,0.006990279611184447,21,9,49571,49772,365,193,0,0,0,0,0,0,99363,0,0,1,0,0,0,0,0,0,0,632,0,0,0,0,0,0
90,5151,91.00024449117927,99996,45,24,0,0,461,248,0.0070902836113444535,19,7,49567,49771,367,196,0,0,0,0,0,0,99357,0,0,1,0,0,0,0,0,0,0,638,0,0,0,0,0,0
91,5151,92.2224025852305,99996,45,24,0,0,465,251,0.007160286411456458,26,10,49557,49766,370,198,0,0,0,0,0,0,99350,0,0,1,0,0,0,0,0,0,0,645,0,0,0,0,0,0
92,5151,93.16495379304656,99996,42,23,0,0,470,253,0.007230289211568462,27,13,49551,49762,378,200,0,0,0,0,0,0,99339,0,0,1,0,0,0,0,0,0,0,656,0,0,0,0,0,0
93,5151,94.02128212992346,99996,43,25,0,0,473,257,0.007300292011680467,31,10,49544,49762,380,201,0,0,0,0,0,0,99335,0,0,1,0,0,0,0,0,0,0,660,0,0,0,0,0,0
94,5151,95.11781412476012,99996,54,23,0,0,488,261,0.007490299611984479,29,16,49534,49752,381,207,0,0,0,0,0,0,99325,0,0,1,0,0,0,0,0,0,0,670,0,0,0,0,0,0
95,5151,96.0410760294181,99996,53,25,0,0,490,265,0.007550302012080483,31,15,49530,49749,384,209,0,0,0,0,0,0,99320,0,0,1,0,0,0,0,0,0,0,675,0,0,0,0,0,0
96,5151,97.04792148214658,99995,46,26,0,1,497,268,0.0076503825191259565,30,21,49526,49742,396,208,0,0,0,0,0,0,99304,0,0,1,0,0,0,0,0,0,0,690,0,0,0,0,0,0
97,5151,98.20216486056206,99995,43,25,0,1,501,274,0.0077503875193759685,30,18,49525,49742,400,212,0,0,0,0,0,0,99290,0,0,1,0,0,0,0,0,0,0,704,0,0,0,0,0,0
98,5151,99.25826791798464,99995,43,29,0,1,512,280,0.00792039601980099,26,21,49521,49733,408,214,0,0,0,0,0,0,99277,0,0,1,0,0,0,0,0,0,0,717,0,0,0,0,0,0
99,5151,100.25500004009294,99994,42,29,1,1,519,281,0.008000480028801727,25,20,49519,49733,411,215,0,0,0,0,0,0,99268,0,0,1,0,0,0,0,0,0,0,725,0,0,0,0,0,0
100,5151,101.20775188827004,99994,44,29,1,1,526,284,0.00810048602916175,29,21,49510,49731,414,216,0,0,0,0,0,0,99260,0,0,1,0,0,0,0,0,0,0,733,0,0,0,0,0,0
101,5151,102.07130711950968,99993,45,25,2,1,532,287,0.00819057334013381,28,18,49507,49731,416,223,0,0,0,0,0,0,99248,0,0,1,0,0,0,0,0,0,0,744,0,0,0,0,0,0
102,5151,103.1430151323427,99993,45,27,2,1,540,290,0.008300581040672847,35,16,49492,49732,424,222,0,0,0,0,0,0,99239,0,0,1,0,0,0,0,0,0,0,753,0,0,0,0,0,0
103,5151,104.05674086217029,99993,42,24,2,1,543,291,0.008340583840868861,44,15,49482,49732,428,226,0,0,0,0,0,0,99229,0,0,1,0,0,0,0,0,0,0,763,0,0,0,0,0,0
104,5151,105.05409091168511,99993,45,24,2,1,549,292,0.008410588741211885,42,19,49478,49727,431,227,0,0,0,0,0,0,99225,0,0,1,0,0,0,0,0,0,0,767,0,0,0,0,0,0
105,5151,106.16159244832488,99993,47,26,2,1,560,301,0.008610602742191954,40,14,49470,49725,439,232,0,0,0,0,0,0,99209,0,0,1,0,0,0,0,0,0,0,783,0,0,0,0,0,0
106,5151,107.15917730884527,99993,42,23,2,1,568,301,0.008690608342583981,36,16,49468,49724,450,234,0,0,0,0,0,0,99193,0,0,1,0,0,0,0,0,0,0,799,0,0,0,0,0,0
107,5151,108.20550476666786,99993,44,25,2,1,574,304,0.008780614643025013,45,16,49454,49722,453,234,0,0,0,0,0,0,99188,0,0,1,0,0,0,0,0,0,0,804,0,0,0,0,0,0
108,5151,109.26082577440945,99993,41,24,2,1,580,305,0.008850619543368035,47,17,49447,49720,461,236,0,0,0,0,0,0,99177,0,0,1,0,0,0,0,0,0,0,815,0,0,0,0,0,0
109,5151,110.09900306118793,99993,45,23,2,1,588,309,0.008970627943956077,49,19,49440,49714,462,241,0,0,0,0,0,0,99168,0,0,1,0,0,0,0,0,0,0,824,0,0,0,0,0,0
110,5151,111.04819685998376,99993,55,24,2,1,599,314,0.009130639144740132,44,18,49435,49711,462,244,0,0,0,0,0,0,99163,0,0,1,0,0,0,0,0,0,0,829,0,0,0,0,0,0
111,5151,112.03468253959002,99993,55,25,2,1,605,318,0.009230646145230167,45,16,49430,49709,466,247,0,0,0,0,0,0,99154,0,0,1,0,0,0,0,0,0,0,838,0,0,0,0,0,0
112,5151,113.02340548505738,99993,56,25,2,1,613,323,0.009360655245867211,43,14,49425,49707,472,251,0,0,0,0,0,0,99142,0,0,1,0,0,0,0,0,0,0,850,0,0,0,0,0,0
113,5151,114.06598681581872,99993,55,23,2,1,630,327,0.009570669946896282,34,16,49420,49702,487,256,0,0,0,0,0,0,99118,0,0,1,0,0,0,0,0,0,0,874,0,0,0,0,0,0
114,5151,115.2728798893517,99993,54,25,2,1,635,331,0.009660676247337314,34,17,49417,49698,491,257,0,0,0,0,0,0,99110,0,0,1,0,0,0,0,0,0,0,882,0,0,0,0,0,0
115,5151,116.06267131939624,99993,49,26,2,1,639,333,0.009720680447631334,34,17,49414,49697,499,257,0,0,0,0,0,0,99100,0,0,1,0,0,0,0,0,0,0,892,0,0,0,0,0,0
116,5151,117.25655508031359,99993,46,27,2,1,650,338,0.00988069164841539,28,19,49413,49690,509,261,0,0,0,0,0,0,99082,0,0,1,0,0,0,0,0,0,0,910,0,0,0,0,0,0
117,5151,118.29931844461679,99993,50,34,2,1,661,349,0.010100707049493465,28,20,49405,49679,513,264,0,0,0,0,0,0,99071,0,0,1,0,0,0,0,0,0,0,921,0,0,0,0,0,0
118,5151,119.15659253225411,99993,56,32,2,1,672,352,0.010240716850179512,24,24,49400,49672,516,269,0,0,0,0,0,0,99061,0,0,1,0,0,0,0,0,0,0,931,0,0,0,0,0,0
119,5151,120.15557603758022,99993,54,35,2,1,677,359,0.010360725250767554,27,20,49395,49670,520,272,0,0,0,0,0,0,99050,0,0,1,0,0,0,0,0,0,0,942,0,0,0,0,0,0
120,5151,121.01917808116099,99993,55,35,2,1,682,362,0.01044073085115958,31,24,49386,49663,524,275,0,0,0,0,0,0,99043,0,0,1,0,0,0,0,0,0,0,949,0,0,0,0,0,0
121,5151,122.01838601758283,99993,58,36,2,1,694,365,0.010590741351894632,37,23,49371,49662,530,276,0,0,0,0,0,0,99032,0,0,1,0,0,0,0,0,0,0,960,0,0,0,0,0,0
122,5151,123.01778730909997,99993,61,31,2,1,704,369,0.010730751152580681,36,22,49365,49662,534,282,0,0,0,0,0,0,99016,0,0,1,0,0,0,0,0,0,0,976,0,0,0,0,0,0
123,5151,124.01731443868012,99993,58,31,2,1,709,370,0.0107907553528747,40,27,49357,49657,541,282,0,0,0,0,0,0,99007,0,0,1,0,0,0,0,0,0,0,985,0,0,0,0,0,0
124,5151,125.01699106856354,99993,62,30,2,1,719,378,0.010970767953756762,42,27,49349,49649,543,291,0,0,0,0,0,0,98992,0,0,1,0,0,0,0,0,0,0,1000,0,0,0,0,0,0
125,5151,126.01677162086808,99993,66,32,2,1,728,384,0.011120778454491815,41,26,49345,49645,544,294,0,0,0,0,0,0,98983,0,0,1,0,0,0,0,0,0,0,1009,0,0,0,0,0,0
126,5151,127.01660702073522,99993,63,27,2,1,733,386,0.011190783354834838,43,29,49340,49642,550,299,0,0,0,0,0,0,98968,0,0,1,0,0,0,0,0,0,0,1024,0,0,0,0,0,0
127,5151,128.01657568525687,99993,64,32,2,1,744,396,0.011400798055863911,43,26,49330,49636,559,303,0,0,0,0,0,0,98953,0,0,1,0,0,0,0,0,0,0,1039,0,0,0,0,0,0
128,5151,129.0166883716618,99993,65,30,2,1,756,400,0.011560809256647965,38,27,49323,49633,570,307,0,0,0,0,0,0,98937,0,0,2,0,0,0,0,0,0,0,1054,0,0,0,0,0,0
129,5151,130.01700741566844,99993,67,33,2,1,765,406,0.011710819757383016,42,29,49313,49625,574,310,0,0,0,0,0,0,98927,0,0,2,0,0,0,0,0,0,0,1064,0,0,0,0,0,0
130,5151,131.0174179205504,99993,72,30,2,1,775,410,0.011850829558069065,41,35,49309,49617,574,315,0,0,0,0,0,0,98916,0,0,3,0,0,0,0,0,0,0,1074,0,0,0,0,0,0
131,5151,132.01789959764608,99993,68,34,2,1,781,419,0.012000840058804117,44,30,49302,49615,582,318,0,0,0,0,0,0,98901,0,0,3,0,0,0,0,0,0,0,1089,0,0,0,0,0,0
132,5151,133.0185292573506,99993,74,32,2,1,792,424,0.01216085125958817,43,30,49293,49610,586,325,0,0,0,0,0,0,98890,0,0,4,0,0,0,0,0,0,0,1099,0,0,0,0,0,0
133,5151,134.01928388159044,99993,79,30,2,1,804,429,0.01233086316042123,43,26,49282,49611,592,330,0,0,0,0,0,0,98876,0,0,4,0,0,0,0,0,0,0,1113,0,0,0,0,0,0
134,5151,135.02022378547366,99992,73,33,3,1,813,435,0.01248099847987839,42,26,49276,49606,604,332,0,0,0,0,0,0,98858,0,0,4,0,0,0,0,0,0,0,1130,0,0,0,0,0,0
135,5151,136.02133285295736,99992,71,36,3,1,822,441,0.012631010480838468,36,23,49274,49604,614,334,0,0,0,0,0,0,98844,0,0,4,0,0,0,0,0,0,0,1144,0,0,0,0,0,0
136,5151,137.02257853283444,99992,74,38,3,1,832,446,0.012781022481798543,41,21,49261,49603,619,335,0,0,0,0,0,0,98834,0,0,4,0,0,0,0,0,0,0,1154,0,0,0,0,0,0
137,5151,138.0459488436872,99992,72,38,3,1,843,450,0.01293103448275862,47,24,49247,49599,629,336,0,0,0,0,0,0,98817,0,0,4,0,0,0,0,0,0,0,1171,0,0,0,0,0,0
138,5151,139.04760866507496,99992,77,34,3,1,856,456,0.013121049683974718,41,25,49240,49593,637,345,0,0,0,0,0,0,98799,0,0,4,0,0,0,0,0,0,0,1189,0,0,0,0,0,0
139,5151,140.04942127198413,99992,76,29,3,1,866,458,0.01324105928474278,40,25,49234,49593,645,350,0,0,0,0,0,0,98781,0,0,4,0,0,0,0,0,0,0,1207,0,0,0,0,0,0
140,5151,141.05139622500855,99992,81,40,3,1,881,470,0.013511080886470917,35,18,49226,49589,653,350,0,0,0,0,0,0,98770,0,0,4,0,0,0,0,0,0,0,1218,0,0,0,0,0,0
141,5151,142.22305364752378,99992,81,34,3,1,892,474,0.013661092887430995,33,25,49221,49580,660,358,0,0,0,0,0,0,98749,0,0,4,0,0,0,0,0,0,0,1239,0,0,0,0,0,0
142,5151,143.22530743103718,99992,81,32,3,1,903,482,0.013851108088647092,29,21,49217,49576,668,368,0,0,0,0,0,0,98728,0,0,4,0,0,0,0,0,0,0,1260,0,0,0,0,0,0
143,5151,144.22770527553584,99992,78,37,3,1,908,487,0.013951116089287143,30,19,49214,49573,673,368,0,0,0,0,0,0,98721,0,0,5,0,0,0,0,0,0,0,1266,0,0,0,0,0,0
144,5151,145.26274156973693,99992,81,31,3,1,926,492,0.014181134490759261,34,25,49193,49564,687,377,0,0,0,0,0,0,98696,0,0,6,0,0,0,0,0,0,0,1290,0,0,0,0,0,0
145,5151,146.26553162490504,99992,80,31,3,1,936,497,0.014331146491719338,28,24,49190,49561,697,381,0,0,0,0,0,0,98680,0,0,6,0,0,0,0,0,0,0,1306,0,0,0,0,0,0
146,5151,147.26851058476015,99992,85,33,3,1,949,500,0.01449115929274342,35,29,49174,49555,701,380,0,0,0,0,0,0,98671,0,0,6,0,0,0,0,0,0,0,1315,0,0,0,0,0,0
147,5151,148.2716532797596,99992,79,35,3,1,957,509,0.014661172893831507,41,26,49161,49550,714,386,0,0,0,0,0,0,98650,0,0,6,0,0,0,0,0,0,0,1336,0,0,0,0,0,0
148,5151,149.27503616492297,99992,77,33,3,1,965,514,0.014791183294663572,44,27,49154,49545,720,392,0,0,0,0,0,0,98633,0,0,6,0,0,0,0,0,0,0,1353,0,0,0,0,0,0
149,5151,150.2785902771702,99992,85,32,3,1,981,521,0.01502120169613569,41,27,49141,49539,728,399,0,0,0,0,0,0,98618,0,0,7,0,0,0,0,0,0,0,1367,0,0,0,0,0,0
150,5151,151.2823471239433,99992,84,33,3,1,997,529,0.015261220897671814,41,24,49128,49535,742,405,0,0,0,0,0,0,98594,0,0,7,0,0,0,0,0,0,0,1391,0,0,0,0,0,0
151,5151,152.28639911471544,99992,84,28,3,1,1010,533,0.0154312344987599,41,21,49117,49534,753,414,0,0,0,0,0,0,98572,0,0,7,0,0,0,0,0,0,0,1413,0,0,0,0,0,0
152,5151,153.189119494905,99991,80,28,3,2,1021,538,0.015591403226290367,44,17,49105,49537,766,414,0,0,0,0,0,0,98552,0,0,7,0,0,0,0,0,0,0,1432,0,0,0,0,0,0
153,5151,154.0800276317144,99991,81,30,3,2,1031,542,0.015731415827424468,45,16,49097,49534,772,416,0,0,0,0,0,0,98541,0,0,7,0,0,0,0,0,0,0,1443,0,0,0,0,0,0
154,5151,155.04087817977822,99991,84,28,3,2,1040,545,0.015851426628396555,47,18,49090,49529,774,421,0,0,0,0,0,0,98530,0,0,7,0,0,0,0,0,0,0,1454,0,0,0,0,0,0
155,5151,156.10113619351225,99991,76,33,3,2,1045,551,0.015961436529287637,54,22,49078,49521,787,420,0,0,0,0,0,0,98516,0,0,7,0,0,0,0,0,0,0,1468,0,0,0,0,0,0
156,5151,157.17661850289642,99991,80,36,3,2,1059,558,0.016171455430988788,49,19,49071,49519,795,422,0,0,0,0,0,0,98502,0,0,7,0,0,0,0,0,0,0,1482,0,0,0,0,0,0
157,5151,158.002421180884,99990,84,38,4,2,1071,565,0.016361636163616362,54,15,49057,49516,799,427,0,0,0,0,0,0,98489,0,0,7,0,0,0,0,0,0,0,1494,0,0,0,0,0,0
158,5151,159.1497137003793,99990,85,42,4,2,1087,573,0.0166016601660166,55,10,49042,49514,812,430,0,0,0,0,0,0,98470,0,0,7,0,0,0,0,0,0,0,1513,0,0,0,0,0,0
159,5151,160.22788221832894,99990,86,41,4,2,1103,576,0.016791679167916792,55,15,49032,49506,821,434,0,0,0,0,0,0,98451,0,0,7,0,0,0,0,0,0,0,1532,0,0,0,0,0,0
160,5151,161.2442565726047,99990,89,40,4,2,1120,578,0.016981698169816983,51,25,49020,49500,834,431,0,0,0,0,0,0,98434,0,0,7,0,0,0,0,0,0,0,1549,0,0,0,0,0,0
161,5151,162.2503203334214,99990,85,42,4,2,1128,584,0.01712171217121712,51,29,49014,49491,844,434,0,0,0,0,0,0,98418,0,0,7,0,0,0,0,0,0,0,1565,0,0,0,0,0,0
162,5151,163.25653672519377,99990,83,50,4,2,1137,596,0.01733173317331733,54,27,49004,49483,853,436,0,0,0,0,0,0,98403,0,0,7,0,0,0,0,0,0,0,1580,0,0,0,0,0,0
163,5151,164.26288646046197,99990,81,53,4,2,1151,605,0.017561756175617563,52,26,48996,49475,865,442,0,0,0,0,0,0,98381,0,0,7,0,0,0,0,0,0,0,1602,0,0,0,0,0,0
164,5151,165.2694051924922,99990,92,55,4,2,1170,615,0.017851785178517852,43,22,48989,49471,870,448,0,0,0,0,0,0,98365,0,0,7,0,0,0,0,0,0,0,1618,0,0,0,0,0,0
165,5151,166.27605933214835,99990,94,51,4,2,1186,619,0.018051805180518053,39,25,48979,49464,882,456,0,0,0,0,0,0,98343,0,0,7,0,0,0,0,0,0,0,1640,0,0,0,0,0,0
166,5151,167.28294477636715,99990,88,52,4,2,1197,631,0.01828182818281828,40,17,48973,49462,893,465,0,0,0,0,0,0,98317,0,0,9,0,0,0,0,0,0,0,1664,0,0,0,0,0,0
167,5151,168.28250062560323,99990,88,51,4,2,1206,634,0.0184018401840184,42,16,48964,49460,900,469,0,0,0,0,0,0,98304,0,0,9,0,0,0,0,0,0,0,1677,0,0,0,0,0,0
168,5151,169.1681622856485,99990,82,46,4,2,1214,639,0.018531853185318532,50,25,48948,49447,914,478,0,0,0,0,0,0,98280,0,0,9,0,0,0,0,0,0,0,1701,0,0,0,0,0,0
169,5151,170.17572290339925,99990,82,45,4,2,1227,646,0.018731873187318733,47,27,48941,49439,924,485,0,0,0,0,0,0,98259,0,0,9,0,0,0,0,0,0,0,1722,0,0,0,0,0,0
170,5151,171.1834702406032,99990,81,50,4,2,1236,656,0.01892189218921892,53,22,48929,49438,931,486,0,0,0,0,0,0,98244,0,0,9,0,0,0,0,0,0,0,1737,0,0,0,0,0,0
171,5151,172.19141909279065,99990,87,45,4,2,1254,660,0.01914191419141914,53,24,48917,49434,937,493,0,0,0,0,0,0,98223,0,0,9,0,0,0,0,0,0,0,1758,0,0,0,0,0,0
172,5151,173.1995591069686,99990,87,47,4,2,1269,668,0.019371937193719373,50,23,48908,49427,949,499,0,0,0,0,0,0,98202,0,0,9,0,0,0,0,0,0,0,1779,0,0,0,0,0,0
173,5151,174.20796209050164,99990,86,45,4,2,1281,673,0.019541954195419542,53,25,48895,49420,960,506,0,0,0,0,0,0,98182,0,0,9,0,0,0,0,0,0,0,1799,0,0,0,0,0,0
174,5151,175.21655452136676,99990,85,46,4,2,1294,679,0.019731973197319733,50,24,48889,49417,970,509,0,0,0,0,0,0,98163,0,0,9,0,0,0,0,0,0,0,1818,0,0,0,0,0,0
175,5151,176.22533225101867,99990,91,44,4,2,1312,686,0.01998199819981998,52,28,48872,49407,979,517,0,0,0,0,0,0,98142,0,0,9,0,0,0,0,0,0,0,1839,0,0,0,0,0,0
176,5151,177.23436625927602,99990,97,45,4,2,1331,693,0.02024202420242024,41,24,48867,49407,989,520,0,0,0,0,0,0,98123,0,0,9,0,0,0,0,0,0,0,1858,0,0,0,0,0,0
177,5151,178.24357245593137,99990,91,51,4,2,1336,702,0.020382038203820382,43,17,48861,49407,999,521,0,0,0,0,0,0,98109,0,0,9,0,0,0,0,0,0,0,1872,0,0,0,0,0,0
178,5151,179.03411941747896,99990,86,51,4,2,1348,707,0.02055205520552055,43,18,48855,49403,1010,524,0,0,0,0,0,0,98088,0,0,10,0,0,0,0,0,0,0,1892,0,0,0,0,0,0
179,5151,180.03981580607535,99990,83,48,4,2,1358,710,0.020682068206820683,46,23,48850,49399,1015,526,0,0,0,0,0,0,98069,0,0,10,0,0,0,0,0,0,0,1911,0,0,0,0,0,0
180,5151,181.04214041274494,99989,86,40,5,2,1371,711,0.020822290451949714,46,32,48841,49391,1020,533,0,0,0,0,0,0,98050,0,0,10,0,0,0,0,0,0,0,1929,0,0,0,0,0,0
181,5151,182.0518896261929,99989,86,44,5,2,1383,718,0.021012311354248966,40,30,48838,49388,1029,534,0,0,0,0,0,0,98035,0,0,10,0,0,0,0,0,0,0,1944,0,0,0,0,0,0
182,5151,183.0617722422376,99989,83,41,5,2,1391,724,0.021152326755943154,51,31,48825,49384,1034,540,0,0,0,0,0,0,98015,0,0,10,0,0,0,0,0,0,0,1964,0,0,0,0,0,0
183,5151,184.07184639543112,99989,80,41,5,2,1405,732,0.021372350958605447,48,28,48818,49381,1047,546,0,0,0,0,0,0,97991,0,0,11,0,0,0,0,0,0,0,1987,0,0,0,0,0,0
184,5151,185.08213653069555,99989,82,42,5,2,1416,737,0.021532368560541658,44,27,48815,49378,1052,549,0,0,0,0,0,0,97978,0,0,11,0,0,0,0,0,0,0,2000,0,0,0,0,0,0
185,5151,186.09254306958255,99989,85,43,5,2,1429,742,0.0217123883627199,38,29,48812,49372,1058,552,0,0,0,0,0,0,97964,0,0,11,0,0,0,0,0,0,0,2014,0,0,0,0,0,0
186,5151,187.10302416014218,99989,82,46,5,2,1440,749,0.02189240816489814,37,28,48805,49369,1069,553,0,0,0,0,0,0,97946,0,0,11,0,0,0,0,0,0,0,2032,0,0,0,0,0,0
187,5151,188.11365507038954,99989,81,50,5,2,1450,757,0.02207242796707638,42,28,48792,49363,1078,555,0,0,0,0,0,0,97931,0,0,11,0,0,0,0,0,0,0,2047,0,0,0,0,0,0
188,5151,189.1244799871801,99989,82,52,5,2,1457,763,0.02220244226864955,49,31,48784,49355,1078,558,0,0,0,0,0,0,97921,0,0,11,0,0,0,0,0,0,0,2057,0,0,0,0,0,0
189,5151,190.1353820188094,99989,88,58,5,2,1470,773,0.022432467571432857,49,29,48774,49348,1082,561,0,0,0,0,0,0,97910,0,0,11,0,0,0,0,0,0,0,2068,0,0,0,0,0,0
190,5151,191.14640474125457,99989,92,53,5,2,1489,780,0.022692496174579205,57,29,48752,49342,1092,572,0,0,0,0,0,0,97883,0,0,11,0,0,0,0,0,0,0,2095,0,0,0,0,0,0
191,5151,192.15777181447484,99989,101,54,5,2,1508,788,0.022962525877846564,52,29,48740,49335,1100,578,0,0,0,0,0,0,97866,0,0,11,0,0,0,0,0,0,0,2112,0,0,0,0,0,0
192,5151,193.16934485467985,99988,106,50,6,2,1517,792,0.023092771132535904,56,31,48730,49329,1100,586,0,0,0,0,0,0,97854,0,0,11,0,0,0,0,0,0,0,2123,0,0,0,0,0,0
193,5151,194.1810072421097,99988,114,56,6,2,1534,798,0.0233227987358483,49,35,48723,49320,1106,585,0,0,0,0,0,0,97845,0,0,11,0,0,0,0,0,0,0,2132,0,0,0,0,0,0
194,5151,195.19278825256853,99988,110,57,6,2,1544,807,0.02351282153858463,56,38,48710,49310,1116,591,0,0,0,0,0,0,97824,0,0,12,0,0,0,0,0,0,0,2152,0,0,0,0,0,0
195,5151,196.20476719501062,99988,103,58,6,2,1558,817,0.023752850342041044,60,44,48697,49294,1132,600,0,0,0,0,0,0,97794,0,0,12,0,0,0,0,0,0,0,2182,0,0,0,0,0,0
196,5151,197.2170370924531,99988,108,60,6,2,1573,828,0.024012881545785493,61,41,48683,49292,1140,603,0,0,0,0,0,0,97775,0,0,12,0,0,0,0,0,0,0,2201,0,0,0,0,0,0
197,5151,198.22955475462328,99988,105,65,6,2,1589,841,0.024302916349961994,55,35,48675,49287,1157,609,0,0,0,0,0,0,97748,0,0,12,0,0,0,0,0,0,0,2228,0,0,0,0,0,0
198,5151,199.2423169478151,99988,108,54,6,2,1603,848,0.024512941552986358,55,41,48667,49279,1162,622,0,0,0,0,0,0,97719,0,0,12,0,0,0,0,0,0,0,2257,0,0,0,0,0,0
199,5151,200.25529080977637,99988,104,55,6,2,1610,857,0.024672960755290636,72,43,48646,49269,1170,629,0,0,0,0,0,0,97701,0,0,13,0,0,0,0,0,0,0,2274,0,0,0,0,0,0
200,5151,201.26851463896108,99988,108,60,6,2,1633,868,0.025013001560187223,66,43,48631,49259,1187,634,0,0,0,0,0,0,97677,0,0,14,0,0,0,0,0,0,0,2297,0,0,0,0,0,0
201,5151,202.28203238138707,99988,115,61,6,2,1652,877,0.025293035164219706,69,49,48614,49247,1194,639,0,0,0,0,0,0,97657,0,0,14,0,0,0,0,0,0,0,2317,0,0,0,0,0,0
202,5151,203.29577911219025,99988,118,59,6,2,1671,887,0.025583069968396207,70,47,48601,49240,1203,650,0,0,0,0,0,0,97629,0,0,14,0,0,0,0,0,0,0,2345,0,0,0,0,0,0
203,5151,204.30976044127155,99988,119,66,6,2,1690,902,0.025923110773292794,71,39,48584,49235,1218,656,0,0,0,0,0,0,97604,0,0,15,0,0,0,0,0,0,0,2369,0,0,0,0,0,0
204,5151,205.32408835879727,99988,110,67,6,2,1705,912,0.026173140776893228,79,42,48565,49225,1238,662,0,0,0,0,0,0,97571,0,0,15,0,0,0,0,0,0,0,2402,0,0,0,0,0,0
205,5151,206.00052094912246,99988,119,71,6,2,1722,920,0.02642317078049366,77,40,48552,49221,1244,664,0,0,0,0,0,0,97559,0,0,15,0,0,0,0,0,0,0,2414,0,0,0,0,0,0
206,5151,207.01541256814414,99988,121,74,6,2,1740,931,0.02671320558467016,78,40,48538,49212,1255,670,0,0,0,0,0,0,97537,0,0,17,0,0,0,0,0,0,0,2434,0,0,0,0,0,0
207,5151,208.0305663965498,99987,125,76,6,3,1762,941,0.027033514356866392,78,38,48518,49205,1271,676,0,0,0,0,0,0,97513,0,0,19,0,0,0,0,0,0,0,2455,0,0,0,0,0,0
208,5151,209.0460707058648,99986,129,79,7,3,1787,949,0.027363830936331088,71,42,48502,49198,1289,676,0,0,0,0,0,0,97487,0,0,19,0,0,0,0,0,0,0,2480,0,0,0,0,0,0
209,5151,210.0619232022691,99986,137,69,7,3,1809,958,0.027673874342407936,89,41,48466,49194,1299,691,0,0,0,0,0,0,97455,0,0,20,0,0,0,0,0,0,0,2511,0,0,0,0,0,0
210,5151,211.07824051332466,99986,143,71,7,3,1832,968,0.02800392054887684,82,45,48455,49181,1311,698,0,0,0,0,0,0,97430,0,0,20,0,0,0,0,0,0,0,2536,0,0,0,0,0,0
211,5151,212.0948810057042,99986,148,76,7,3,1861,978,0.028393975156521912,87,48,48427,49172,1329,699,0,0,0,0,0,0,97402,0,0,21,0,0,0,0,0,0,0,2563,0,0,0,0,0,0
212,5151,213.11188086528637,99986,147,75,7,3,1884,991,0.0287540255635789,81,45,48419,49162,1344,713,0,0,0,0,0,0,97365,0,0,22,0,0,0,0,0,0,0,2599,0,0,0,0,0,0
213,5151,214.12919037511296,99986,156,70,7,3,1907,1004,0.029114075970635887,84,46,48399,49149,1352,730,0,0,0,0,0,0,97333,0,0,22,0,0,0,0,0,0,0,2631,0,0,0,0,0,0
214,5151,215.14679401218015,99986,149,70,7,3,1923,1018,0.02941411797651671,95,39,48378,49143,1369,743,0,0,0,0,0,0,97298,0,0,24,0,0,0,0,0,0,0,2664,0,0,0,0,0,0
215,5151,216.16481702663287,99986,155,67,7,3,1950,1028,0.02978416978376973,86,42,48365,49133,1385,753,0,0,0,0,0,0,97265,0,0,25,0,0,0,0,0,0,0,2696,0,0,0,0,0,0
216,5151,217.18314899924204,99986,146,72,7,3,1968,1046,0.030144220190826715,91,40,48348,49117,1406,766,0,0,0,0,0,0,97226,0,0,26,0,0,0,0,0,0,0,2734,0,0,0,0,0,0
217,5151,218.20188867755854,99986,145,73,7,3,1997,1056,0.030534274798471785,82,35,48333,49112,1431,775,0,0,0,0,0,0,97188,0,0,27,0,0,0,0,0,0,0,2771,0,0,0,0,0,0
218,5151,219.2209827403133,99986,145,72,7,3,2018,1062,0.03080431260376453,82,36,48321,49108,1443,779,0,0,0,0,0,0,97160,0,0,27,0,0,0,0,0,0,0,2799,0,0,0,0,0,0
219,5151,220.240439943441,99986,156,58,7,3,2041,1068,0.031094353209449324,83,47,48303,49094,1449,796,0,0,0,0,0,0,97129,0,0,28,0,0,0,0,0,0,0,2829,0,0,0,0,0,0
220,5151,221.26015382819836,99986,155,69,7,3,2061,1085,0.03146440501670234,89,40,48279,49087,1468,799,0,0,0,0,0,0,97102,0,0,28,0,0,0,0,0,0,0,2856,0,0,0,0,0,0
221,5151,222.28027314647886,99986,153,70,7,3,2083,1095,0.031784449822975215,90,40,48261,49082,1487,803,0,0,0,0,0,0,97071,0,0,30,0,0,0,0,0,0,0,2885,0,0,0,0,0,0
222,5151,223.3007855062494,99986,165,67,7,3,2111,1103,0.0321445002300322,96,42,48233,49075,1497,811,0,0,0,0,0,0,97044,0,0,30,0,0,0,0,0,0,0,2912,0,0,0,0,0,0
223,5151,224.3217097876596,99986,154,69,7,3,2133,1115,0.03248454783669714,100,43,48217,49063,1520,820,0,0,0,0,0,0,97001,0,0,30,0,0,0,0,0,0,0,2955,0,0,0,0,0,0
224,5151,225.00251517633183,99985,153,73,8,3,2149,1126,0.032754913236985546,100,41,48201,49056,1536,825,0,0,0,0,0,0,96977,0,0,30,0,0,0,0,0,0,0,2978,0,0,0,0,0,0
225,5151,226.02414814495336,99985,176,74,8,3,2185,1135,0.03320498074711207,83,43,48186,49050,1545,828,0,0,0,0,0,0,96956,0,0,30,0,0,0,0,0,0,0,2999,0,0,0,0,0,0
226,5151,227.04604074964712,99985,168,75,8,3,2206,1146,0.033525028754313145,83,43,48171,49040,1568,837,0,0,0,0,0,0,96917,0,0,30,0,0,0,0,0,0,0,3038,0,0,0,0,0,0
227,5151,228.06834605207246,99985,149,81,8,3,2223,1159,0.03382507376106416,96,42,48145,49031,1600,841,0,0,0,0,0,0,96875,0,0,31,0,0,0,0,0,0,0,3079,0,0,0,0,0,0
228,5151,229.09120187781937,99985,160,82,8,3,2252,1169,0.03421513226984048,94,44,48120,49024,1616,845,0,0,0,0,0,0,96850,0,0,33,0,0,0,0,0,0,0,3102,0,0,0,0,0,0
229,5151,230.11449637935618,99985,154,79,8,3,2276,1180,0.03456518477771666,97,41,48096,49017,1643,858,0,0,0,0,0,0,96808,0,0,35,0,0,0,0,0,0,0,3142,0,0,0,0,0,0
230,5151,231.13833016010162,99985,163,75,8,3,2304,1186,0.034905235785367805,89,46,48087,49011,1651,863,0,0,0,0,0,0,96779,0,0,35,0,0,0,0,0,0,0,3171,0,0,0,0,0,0
231,5151,232.1623927875132,99985,164,73,8,3,2323,1197,0.03520528079211882,95,43,48070,49006,1661,873,0,0,0,0,0,0,96749,0,0,36,0,0,0,0,0,0,0,3200,0,0,0,0,0,0
232,5151,233.18672930715002,99985,162,72,8,3,2348,1206,0.035545331799769965,96,47,48054,48997,1678,879,0,0,0,0,0,0,96712,0,0,36,0,0,0,0,0,0,0,3237,0,0,0,0,0,0
233,5151,234.21139336267595,99985,156,71,8,3,2369,1213,0.03582537380607091,95,60,48041,48984,1698,880,0,0,0,0,0,0,96680,0,0,39,0,0,0,0,0,0,0,3266,0,0,0,0,0,0
234,5151,235.23641132426562,99985,157,75,8,3,2395,1231,0.0362654398159724,99,57,48017,48973,1717,890,0,0,0,0,0,0,96642,0,0,40,0,0,0,0,0,0,0,3303,0,0,0,0,0,0
235,5151,236.26183965924923,99985,163,79,8,3,2418,1245,0.03663549532429865,102,57,47995,48967,1730,892,0,0,0,0,0,0,96615,0,0,40,0,0,0,0,0,0,0,3330,0,0,0,0,0,0
236,5151,237.28769980435297,99985,167,78,8,3,2443,1256,0.03699554933239986,106,57,47974,48959,1743,901,0,0,0,0,0,0,96583,0,0,41,0,0,0,0,0,0,0,3361,0,0,0,0,0,0
237,5151,238.31387928193848,99985,161,91,8,3,2461,1278,0.03739560934140121,119,50,47951,48948,1759,906,0,0,0,0,0,0,96552,0,0,43,0,0,0,0,0,0,0,3390,0,0,0,0,0,0
238,5151,239.34042107150654,99985,173,91,8,3,2491,1291,0.037825673851077664,118,49,47928,48942,1771,913,0,0,0,0,0,0,96522,0,0,44,0,0,0,0,0,0,0,3419,0,0,0,0,0,0
239,5151,240.02497651320923,99985,178,86,8,3,2515,1300,0.03815572335850378,110,51,47919,48935,1783,923,0,0,0,0,0,0,96491,0,0,46,0,0,0,0,0,0,0,3448,0,0,0,0,0,0
240,5151,241.0521529360456,99985,173,82,8,3,2533,1314,0.038475771365704854,119,44,47900,48930,1798,939,0,0,0,0,0,0,96452,0,0,48,0,0,0,0,0,0,0,3485,0,0,0,0,0,0
241,5151,242.0797441837129,99985,178,85,8,3,2566,1327,0.03893584037605641,115,42,47882,48923,1815,945,0,0,0,0,0,0,96414,0,0,48,0,0,0,0,0,0,0,3523,0,0,0,0,0,0
242,5151,243.10769766329676,99985,183,85,8,3,2599,1339,0.03938590788618293,106,41,47863,48912,1838,957,0,0,0,0,0,0,96374,0,0,48,0,0,0,0,0,0,0,3563,0,0,0,0,0,0
243,5151,244.13610463962235,99985,185,78,8,3,2621,1346,0.03967595139270891,113,48,47848,48902,1844,967,0,0,0,0,0,0,96341,0,0,49,0,0,0,0,0,0,0,3595,0,0,0,0,0,0
244,5151,245.16476679453243,99985,186,76,8,3,2656,1357,0.04013602040306046,106,51,47827,48890,1871,978,0,0,0,0,0,0,96295,0,0,50,0,0,0,0,0,0,0,3640,0,0,0,0,0,0
245,5151,246.1939183268184,99985,186,78,8,3,2685,1370,0.04055608341251188,99,52,47814,48880,1891,985,0,0,0,0,0,0,96256,0,0,51,0,0,0,0,0,0,0,3678,0,0,0,0,0,0
246,5151,247.22344789176853,99985,191,75,8,3,2713,1381,0.04094614192128819,107,58,47780,48863,1912,999,0,0,0,0,0,0,96219,0,0,51,0,0,0,0,0,0,0,3715,0,0,0,0,0,0
247,5151,248.25352575383056,99985,200,72,8,3,2746,1393,0.04139620943141471,110,59,47750,48855,1930,1009,0,0,0,0,0,0,96181,0,0,52,0,0,0,0,0,0,0,3752,0,0,0,0,0,0
248,5151,249.28411259592616,99985,203,70,8,3,2778,1405,0.0418362754413162,103,54,47728,48851,1956,1020,0,0,0,0,0,0,96139,0,0,53,0,0,0,0,0,0,0,3793,0,0,0,0,0,0
249,5151,250.31524907913405,99984,215,68,8,4,2813,1418,0.04231677068330933,86,56,47721,48841,1968,1029,0,0,0,0,0,0,96102,0,0,54,0,0,0,0,0,0,0,3828,0,0,0,0,0,0
250,5151,251.0028157999811,99984,208,67,8,4,2833,1425,0.04258681389022244,84,58,47707,48833,1991,1036,0,0,0,0,0,0,96068,0,0,55,0,0,0,0,0,0,0,3861,0,0,0,0,0,0
251,5151,252.03453768605382,99983,199,69,9,4,2850,1438,0.042887290839442704,94,61,47689,48821,2007,1043,0,0,0,0,0,0,96031,0,0,55,0,0,0,0,0,0,0,3897,0,0,0,0,0,0
252,5151,253.06662554009384,99983,191,68,9,4,2870,1452,0.04322734864927038,109,60,47664,48810,2025,1056,0,0,0,0,0,0,95990,0,0,57,0,0,0,0,0,0,0,3936,0,0,0,0,0,0
253,5151,254.09921292103758,99983,187,68,9,4,2895,1466,0.04361741496054329,125,62,47636,48799,2041,1065,0,0,0,0,0,0,95947,0,0,57,0,0,0,0,0,0,0,3979,0,0,0,0,0,0
254,5151,255.13226392875808,99983,192,71,9,4,2923,1477,0.04400748127181621,123,60,47615,48793,2059,1070,0,0,0,0,0,0,95916,0,0,57,0,0,0,0,0,0,0,4010,0,0,0,0,0,0
255,5151,256.1657513795376,99983,200,77,9,4,2960,1491,0.04451756798655771,111,59,47598,48785,2080,1073,0,0,0,0,0,0,95881,0,0,59,0,0,0,0,0,0,0,4043,0,0,0,0,0,0
256,5151,257.19961024337084,99983,217,83,9,4,2992,1508,0.045007651300721124,110,60,47570,48772,2092,1079,0,0,0,0,0,0,95855,0,0,59,0,0,0,0,0,0,0,4069,0,0,0,0,0,0
257,5151,258.2338804661786,99982,218,89,10,4,3022,1528,0.0455081914744654,118,66,47534,48747,2118,1092,0,0,0,0,0,0,95813,0,0,60,0,0,0,0,0,0,0,4109,0,0,0,0,0,0
258,5151,259.2687331275257,99982,227,95,10,4,3057,1545,0.046028285091316436,120,61,47505,48737,2136,1101,0,0,0,0,0,0,95776,0,0,60,0,0,0,0,0,0,0,4146,0,0,0,0,0,0
259,5151,260.3041132334059,99982,216,92,10,4,3077,1559,0.04636834630233442,135,63,47484,48724,2153,1115,0,0,0,0,0,0,95732,0,0,64,0,0,0,0,0,0,0,4186,0,0,0,0,0,0
260,5151,261.33991944384934,99982,200,100,10,4,3106,1579,0.046858434518213275,142,52,47454,48718,2192,1124,0,0,0,0,0,0,95677,0,0,66,0,0,0,0,0,0,0,4239,0,0,0,0,0,0
261,5151,262.0308565699768,99982,211,100,10,4,3136,1584,0.04720849752955532,129,55,47441,48710,2207,1129,0,0,0,0,0,0,95654,0,0,67,0,0,0,0,0,0,0,4261,0,0,0,0,0,0
262,5151,263.0677064011361,99981,202,106,11,4,3166,1605,0.047719066622658304,137,53,47413,48696,2235,1139,0,0,0,0,0,0,95600,0,0,67,0,0,0,0,0,0,0,4314,0,0,0,0,0,0
263,5151,264.10514444456834,99981,217,101,11,4,3209,1619,0.04828917494323921,131,52,47388,48686,2251,1155,0,0,0,0,0,0,95553,0,0,67,0,0,0,0,0,0,0,4361,0,0,0,0,0,0
264,5151,265.14306115128943,99981,214,102,11,4,3241,1629,0.0487092547584041,134,60,47368,48670,2271,1162,0,0,0,0,0,0,95510,0,0,68,0,0,0,0,0,0,0,4403,0,0,0,0,0,0
265,5151,266.181395748755,99981,202,96,11,4,3267,1648,0.049159340274652186,142,53,47348,48662,2295,1183,0,0,0,0,0,0,95449,0,0,70,0,0,0,0,0,0,0,4462,0,0,0,0,0,0
266,5151,267.2202817349378,99981,212,93,11,4,3302,1659,0.04961942769126134,138,61,47326,48649,2311,1191,0,0,0,0,0,0,95411,0,0,71,0,0,0,0,0,0,0,4499,0,0,0,0,0,0
267,5151,268.2595740028296,99981,232,93,11,4,3348,1676,0.05024954741400866,126,63,47297,48634,2332,1204,0,0,0,0,0,0,95369,0,0,72,0,0,0,0,0,0,0,4540,0,0,0,0,0,0
268,5151,269.2993788091016,99981,225,89,11,4,3376,1689,0.05065962532881248,138,68,47263,48621,2361,1216,0,0,0,0,0,0,95317,0,0,72,0,0,0,0,0,0,0,4592,0,0,0,0,0,0
269,5151,270.33983514441155,99981,231,91,11,4,3415,1706,0.05121973174903231,125,72,47248,48603,2383,1228,0,0,0,0,0,0,95269,0,0,72,0,0,0,0,0,0,0,4640,0,0,0,0,0,0
270,5151,271.0337225102654,99981,222,90,11,4,3427,1718,0.05145977735769796,129,68,47237,48599,2399,1237,0,0,0,0,0,0,95236,0,0,73,0,0,0,0,0,0,0,4672,0,0,0,0,0,0
271,5151,272.07487534306745,99981,223,90,11,4,3461,1733,0.051949870475390326,120,71,47222,48585,2422,1248,0,0,0,0,0,0,95189,0,0,74,0,0,0,0,0,0,0,4718,0,0,0,0,0,0
272,5151,273.1164443655367,99981,227,92,11,4,3491,1750,0.05241995979236055,125,72,47200,48572,2435,1258,0,0,0,0,0,0,95148,0,0,74,0,0,0,0,0,0,0,4759,0,0,0,0,0,0
273,5151,274.1584635064494,99981,229,92,11,4,3523,1765,0.052890049109330775,134,66,47166,48568,2458,1268,0,0,0,0,0,0,95103,0,0,74,0,0,0,0,0,0,0,4804,0,0,0,0,0,0
274,5151,275.20109020149,99981,233,98,11,4,3566,1783,0.053500165031355955,132,71,47137,48550,2485,1275,0,0,0,0,0,0,95053,0,0,75,0,0,0,0,0,0,0,4853,0,0,0,0,0,0
275,5151,276.24427552183374,99981,235,101,11,4,3605,1799,0.05405026955121473,127,64,47110,48545,2515,1284,0,0,0,0,0,0,95004,0,0,76,0,0,0,0,0,0,0,4901,0,0,0,0,0,0
276,5151,277.2880994671436,99981,231,102,11,4,3642,1813,0.05456036646962923,124,72,47088,48531,2544,1289,0,0,0,0,0,0,94952,0,0,78,0,0,0,0,0,0,0,4951,0,0,0,0,0,0
277,5151,278.33249568672176,99981,228,100,11,4,3675,1834,0.055100469089126934,134,75,47056,48515,2569,1304,0,0,0,0,0,0,94893,0,0,78,0,0,0,0,0,0,0,5010,0,0,0,0,0,0
278,5151,279.02910747054347,99981,221,96,11,4,3698,1845,0.05544053370140327,134,76,47039,48506,2593,1316,0,0,0,0,0,0,94851,0,0,81,0,0,0,0,0,0,0,5049,0,0,0,0,0,0
279,5151,280.07453157395304,99981,223,92,11,4,3731,1858,0.055900621118012424,130,74,47032,48497,2602,1331,0,0,0,0,0,0,94803,0,0,81,0,0,0,0,0,0,0,5097,0,0,0,0,0,0
280,5151,281.1203257690241,99980,214,102,12,4,3760,1877,0.05638127625525105,143,73,46996,48486,2633,1333,0,0,0,0,0,0,94757,0,0,82,0,0,0,0,0,0,0,5141,0,0,0,0,0,0
281,5151,282.16677594034496,99979,215,102,12,5,3797,1892,0.05690194940937597,143,70,46966,48477,2662,1344,0,0,0,0,0,0,94710,0,0,86,0,0,0,0,0,0,0,5183,0,0,0,0,0,0
282,5151,283.2138070775635,99979,242,105,12,5,3847,1913,0.057612098540693546,132,67,46937,48461,2675,1360,0,0,0,0,0,0,94669,0,0,86,0,0,0,0,0,0,0,5224,0,0,0,0,0,0
283,5151,284.2613166589738,99979,232,102,12,5,3882,1930,0.058132207763630366,131,62,46911,48450,2712,1379,0,0,0,0,0,0,94608,0,0,90,0,0,0,0,0,0,0,5281,0,0,0,0,0,0
284,5151,285.3095219234506,99978,230,96,12,6,3917,1940,0.058582888235411794,135,77,46886,48432,2735,1387,0,0,0,0,0,0,94558,0,0,93,0,0,0,0,0,0,0,5327,0,0,0,0,0,0
285,5151,286.0086294313543,99978,227,102,12,6,3938,1954,0.058932965252355515,133,77,46879,48419,2747,1394,0,0,0,0,0,0,94530,0,0,97,0,0,0,0,0,0,0,5351,0,0,0,0,0,0
286,5151,287.0575508748118,99978,237,108,12,6,3973,1974,0.05948308627898138,128,76,46856,48405,2765,1403,0,0,0,0,0,0,94493,0,0,99,0,0,0,0,0,0,0,5386,0,0,0,0,0,0
287,5151,288.10696201200824,99978,230,103,12,6,4009,1991,0.06001320290463902,121,75,46841,48395,2794,1419,0,0,0,0,0,0,94429,0,0,100,0,0,0,0,0,0,0,5449,0,0,0,0,0,0
288,5151,289.1568740218714,99978,221,102,12,6,4042,2013,0.06056332393126488,114,75,46825,48376,2826,1439,0,0,0,0,0,0,94366,0,0,102,0,0,0,0,0,0,0,5510,0,0,0,0,0,0
289,5151,290.2073174988348,99978,207,98,12,6,4071,2024,0.06096341195062914,122,82,46799,48361,2858,1451,0,0,0,0,0,0,94309,0,0,103,0,0,0,0,0,0,0,5566,0,0,0,0,0,0
290,5151,291.2583164687,99978,220,100,12,6,4111,2042,0.06154353957870731,113,84,46787,48344,2866,1464,0,0,0,0,0,0,94267,0,0,104,0,0,0,0,0,0,0,5607,0,0,0,0,0,0
291,5151,292.3096196106716,99978,223,114,12,6,4138,2062,0.06201364300146032,126,75,46758,48337,2879,1466,0,0,0,0,0,0,94239,0,0,106,0,0,0,0,0,0,0,5633,0,0,0,0,0,0
292,5151,293.0107107817775,99978,227,121,12,6,4167,2077,0.062453739822761006,128,75,46733,48323,2898,1473,0,0,0,0,0,0,94211,0,0,111,0,0,0,0,0,0,0,5656,0,0,0,0,0,0
293,5151,294.0628577168777,99978,219,116,12,6,4191,2088,0.06280381683970473,145,85,46709,48305,2913,1486,0,0,0,0,0,0,94164,0,0,112,0,0,0,0,0,0,0,5702,0,0,0,0,0,0
294,5151,295.11549799432197,99978,216,114,12,6,4228,2107,0.0633639400668147,142,92,46685,48287,2943,1499,0,0,0,0,0,0,94103,0,0,112,0,0,0,0,0,0,0,5763,0,0,0,0,0,0
295,5151,296.16876500569924,99978,204,130,12,6,4260,2137,0.0639840764968293,152,71,46649,48283,2981,1508,0,0,0,0,0,0,94050,0,0,117,0,0,0,0,0,0,0,5811,0,0,0,0,0,0
296,5151,297.2228135873409,99978,215,129,12,6,4298,2154,0.06453419752345516,135,72,46639,48269,2997,1522,0,0,0,0,0,0,94005,0,0,117,0,0,0,0,0,0,0,5856,0,0,0,0,0,0
297,5151,298.27721091745696,99978,219,126,12,6,4339,2174,0.06514433175298566,132,68,46611,48259,3024,1539,0,0,0,0,0,0,93947,0,0,119,0,0,0,0,0,0,0,5912,0,0,0,0,0,0
298,5151,299.3321681270946,99978,218,125,12,6,4371,2192,0.06564444177719098,136,68,46587,48245,3045,1554,0,0,0,0,0,0,93898,0,0,122,0,0,0,0,0,0,0,5958,0,0,0,0,0,0
299,5151,300.0357628771775,99977,207,119,12,7,4398,2202,0.0660151834922032,133,78,46573,48227,3073,1567,0,0,0,0,0,0,93849,0,0,127,0,0,0,0,0,0,0,6001,0,0,0,0,0,0
300,5151,301.091679208937,99977,212,121,12,7,4439,2221,0.06661532152395051,131,79,46550,48213,3093,1578,0,0,0,0,0,0,93800,0,0,131,0,0,0,0,0,0,0,6046,0,0,0,0,0,0
301,5151,302.14807787603206,99977,207,126,12,7,4473,2249,0.06723546415675605,124,68,46534,48206,3121,1591,0,0,0,0,0,0,93740,0,0,133,0,0,0,0,0,0,0,6104,0,0,0,0,0,0
302,5151,303.2050235406508,99977,204,118,12,7,4501,2266,0.06768556768056654,132,66,46513,48195,3137,1612,0,0,0,0,0,0,93687,0,0,136,0,0,0,0,0,0,0,6154,0,0,0,0,0,0
303,5151,304.262494029827,99977,209,114,12,7,4536,2281,0.06818568270702262,137,70,46486,48183,3154,1624,0,0,0,0,0,0,93639,0,0,137,0,0,0,0,0,0,0,6201,0,0,0,0,0,0
304,5151,305.32049602358063,99977,215,112,12,7,4577,2299,0.0687758184382408,133,69,46462,48174,3176,1636,0,0,0,0,0,0,93584,0,0,137,0,0,0,0,0,0,0,6256,0,0,0,0,0,0
305,5151,306.02609623076285,99977,229,116,12,7,4601,2314,0.06916590815887654,134,68,46446,48165,3177,1642,0,0,0,0,0,0,93564,0,0,138,0,0,0,0,0,0,0,6275,0,0,0,0,0,0
306,5151,307.0847607423802,99977,229,105,12,7,4632,2326,0.06959600708162877,136,66,46421,48161,3200,1659,0,0,0,0,0,0,93511,0,0,139,0,0,0,0,0,0,0,6327,0,0,0,0,0,0
307,5151,308.14401114736586,99977,229,109,12,7,4674,2342,0.07017614051231784,131,69,46398,48154,3228,1659,0,0,0,0,0,0,93459,0,0,141,0,0,0,0,0,0,0,6377,0,0,0,0,0,0
308,5151,309.20383175374064,99977,236,105,12,7,4710,2359,0.07070626244036128,126,69,46373,48145,3251,1672,0,0,0,0,0,0,93409,0,0,141,0,0,0,0,0,0,0,6427,0,0,0,0,0,0
309,5151,310.2642057534775,99977,239,109,12,7,4745,2378,0.07124638666893386,121,69,46353,48136,3273,1677,0,0,0,0,0,0,93365,0,0,144,0,0,0,0,0,0,0,6468,0,0,0,0,0,0
310,5151,311.3250433130048,99977,232,115,12,7,4777,2395,0.07173649939486082,117,68,46339,48127,3298,1681,0,0,0,0,0,0,93316,0,0,145,0,0,0,0,0,0,0,6516,0,0,0,0,0,0
311,5151,312.0325104808784,99977,219,117,12,7,4794,2409,0.0720465707112636,130,64,46316,48119,3321,1691,0,0,0,0,0,0,93276,0,0,147,0,0,0,0,0,0,0,6554,0,0,0,0,0,0
312,5151,313.0942923530852,99977,224,112,12,7,4831,2423,0.0725566880382488,133,63,46290,48108,3339,1708,0,0,0,0,0,0,93230,0,0,152,0,0,0,0,0,0,0,6595,0,0,0,0,0,0
313,5151,314.15665403383076,99977,223,112,12,7,4870,2439,0.07310681456735049,126,71,46271,48089,3366,1719,0,0,0,0,0,0,93175,0,0,153,0,0,0,0,0,0,0,6649,0,0,0,0,0,0
314,5151,315.21947947885263,99977,228,117,12,7,4909,2456,0.07366694339698131,122,67,46243,48080,3393,1727,0,0,0,0,0,0,93129,0,0,153,0,0,0,0,0,0,0,6695,0,0,0,0,0,0
315,5151,316.28284169694143,99977,228,117,12,7,4941,2477,0.07419706532502475,136,62,46209,48071,3413,1741,0,0,0,0,0,0,93077,0,0,154,0,0,0,0,0,0,0,6746,0,0,0,0,0,0
316,5151,317.3469221702589,99977,213,115,12,7,4983,2494,0.07478720105624294,123,67,46194,48052,3456,1757,0,0,0,0,0,0,93005,0,0,158,0,0,0,0,0,0,0,6814,0,0,0,0,0,0
317,5151,318.0566823396114,99977,220,116,12,7,5006,2505,0.07512727927423307,128,62,46175,48050,3463,1763,0,0,0,0,0,0,92979,0,0,158,0,0,0,0,0,0,0,6840,0,0,0,0,0,0
318,5151,319.12180684348687,99977,211,118,12,7,5031,2523,0.07555737819698531,140,58,46150,48043,3485,1772,0,0,0,0,0,0,92931,0,0,160,0,0,0,0,0,0,0,6886,0,0,0,0,0,0
319,5151,320.1874012252552,99977,221,101,12,7,5065,2537,0.07603748862238315,148,59,46124,48034,3492,1796,1,1,1,1,0,0,92878,0,0,164,0,0,0,0,0,0,2,6933,0,0,0,0,0,0
320,5151,321.1163861698495,99976,233,102,13,7,5098,2549,0.07648835720572937,146,57,46107,48033,3497,1797,2,2,2,2,0,0,92844,0,0,164,0,0,0,0,0,0,4,6964,0,0,0,0,0,0
321,5151,322.15005019990116,99976,238,105,13,7,5140,2565,0.0770684964391454,149,57,46066,48024,3529,1802,3,3,3,3,0,0,92795,0,0,166,0,0,0,0,0,0,5,7009,1,0,0,0,0,0
322,5151,323.00764599625563,99976,242,106,13,7,5160,2572,0.07733856125470112,142,59,46056,48015,3541,1807,4,4,4,4,0,0,92772,0,0,167,0,0,0,0,0,0,7,7029,1,0,0,0,0,0
323,5151,324.0289811412865,99975,238,112,14,7,5206,2601,0.07808952238059515,155,57,46011,47998,3575,1819,5,5,5,5,0,0,92702,0,0,172,0,0,0,0,0,0,9,7091,1,0,0,0,0,0
324,5151,325.0311261665508,99975,234,114,14,7,5232,2616,0.07849962490622656,158,53,45989,47990,3597,1828,6,6,6,6,0,0,92659,0,0,174,0,0,0,0,0,0,11,7130,1,0,0,0,0,0
325,5151,326.01459737006877,99975,237,117,14,7,5268,2631,0.07900975243810952,153,56,45973,47979,3614,1832,7,7,7,7,0,0,92614,0,0,176,0,0,0,0,0,0,13,7171,1,0,0,0,0,0
326,5151,327.1040554334954,99975,241,120,14,7,5309,2648,0.07958989747436859,150,62,45948,47965,3637,1836,8,8,8,8,0,0,92563,0,0,178,0,0,0,0,0,0,15,7218,1,0,0,0,0,0
327,5151,328.0375220250872,99975,226,120,14,7,5332,2660,0.07993998499624906,158,63,45923,47953,3668,1846,9,9,9,9,0,0,92513,0,0,180,0,0,0,0,0,0,17,7264,1,0,0,0,0,0
328,5151,329.2567763419581,99975,228,118,14,7,5369,2675,0.08046011502875719,157,67,45894,47944,3695,1852,10,10,10,10,0,0,92461,0,0,182,0,0,0,0,0,0,19,7312,1,0,0,0,0,0
329,5151,330.0071152602783,99975,226,120,14,7,5396,2683,0.08081020255063766,150,73,45884,47930,3714,1858,10,10,11,11,0,0,92425,0,0,183,0,0,0,0,0,0,21,7345,1,0,0,0,0,0
330,5151,331.1383753419844,99975,224,109,14,7,5436,2703,0.08141035258814704,147,66,45864,47929,3738,1876,11,11,12,12,0,0,92353,0,0,186,0,0,0,0,0,0,23,7412,1,0,0,0,0,0
331,5151,332.0456133061717,99975,233,117,14,7,5476,2728,0.0820605151287822,125,56,45853,47919,3761,1887,12,12,13,13,0,0,92305,0,0,188,0,0,0,0,0,0,25,7456,1,0,0,0,0,0
332,5151,333.0049605518968,99975,238,114,14,7,5513,2746,0.08261065266316579,123,52,45828,47909,3782,1903,13,13,14,14,0,0,92252,0,0,189,0,0,0,0,0,0,26,7506,2,0,0,0,0,0
333,5151,334.07102003842715,99974,228,115,15,7,5539,2759,0.08300158041090684,127,46,45808,47906,3806,1910,14,14,15,15,0,0,92206,0,0,193,0,0,0,0,0,0,28,7545,2,0,0,0,0,0
334,5151,335.03481423720933,99974,229,110,15,7,5573,2773,0.08348170524336328,123,53,45796,47891,3820,1922,15,15,16,16,0,0,92154,0,0,195,0,0,0,0,0,0,30,7593,2,0,0,0,0,0
335,5151,336.0907621793353,99974,237,114,15,7,5614,2789,0.08405185348190529,118,54,45767,47882,3845,1925,16,16,17,17,0,0,92109,0,0,197,0,0,0,0,0,0,32,7634,2,0,0,0,0,0
336,5151,337.0436002090316,99974,244,111,15,7,5644,2804,0.08450197051233321,126,53,45738,47873,3858,1937,17,17,18,18,0,0,92070,0,0,201,0,0,0,0,0,0,34,7667,2,0,0,0,0,0
337,5151,338.00980349991664,99974,246,108,15,7,5675,2820,0.08497209274411346,125,56,45722,47860,3872,1949,18,18,19,19,0,0,92022,0,0,202,0,0,0,0,0,0,35,7712,3,0,0,0,0,0
338,5151,339.096298809179,99974,257,103,15,7,5712,2835,0.08549222797927461,113,58,45714,47848,3881,1964,18,18,20,20,0,0,91975,0,0,203,0,0,0,0,0,0,37,7756,3,0,0,0,0,0
339,5151,340.0194985861232,99973,259,110,15,8,5749,2857,0.08608324247546838,106,52,45706,47838,3893,1971,19,19,21,21,0,0,91928,0,0,208,0,0,0,0,0,0,39,7795,3,0,0,0,0,0
340,5151,341.0072953190956,99972,251,112,16,8,5773,2872,0.08647421277957829,122,55,45680,47823,3909,1980,20,20,22,22,0,0,91882,0,0,209,0,0,0,0,0,0,41,7837,3,0,0,0,0,0
341,5151,342.0078908232976,99972,251,104,16,8,5813,2888,0.08703436962349458,111,66,45670,47805,3929,1994,21,21,23,23,0,0,91819,0,0,211,0,0,0,0,0,0,42,7896,4,0,0,0,0,0
342,5151,343.10915553195736,99972,240,112,16,8,5854,2912,0.08768455167446886,118,75,45651,47777,3951,2004,22,22,24,24,0,0,91755,0,0,217,0,0,0,0,0,0,44,7952,4,0,0,0,0,0
343,5151,344.18625863427724,99972,230,117,16,8,5886,2935,0.08823470571760093,120,68,45633,47767,3976,2015,23,23,25,25,0,0,91695,0,0,219,0,0,0,0,0,0,46,8008,4,0,0,0,0,0
344,5151,345.26386770709814,99972,221,116,16,8,5914,2957,0.08873484575681191,136,77,45605,47744,3995,2029,25,24,26,27,0,0,91641,0,0,227,0,0,0,0,0,0,48,8051,5,0,0,0,0,0
345,5151,346.34206290523207,99972,234,123,16,8,5957,2986,0.08945504741327572,128,72,45585,47724,4008,2045,27,26,28,29,0,0,91588,0,0,230,0,0,0,0,0,0,52,8097,5,0,0,0,0,0
346,5151,347.06106840231604,99972,223,119,16,8,5971,2998,0.08971512023366543,142,71,45570,47716,4018,2056,29,28,30,31,0,0,91545,0,0,231,0,0,0,0,0,0,55,8135,6,0,0,0,0,0
347,5151,348.1400202345611,99972,233,123,16,8,6017,3025,0.09044532469091346,133,73,45544,47691,4041,2073,31,30,32,33,0,0,91484,0,0,233,0,0,0,0,0,0,59,8190,6,0,0,0,0,0
348,5151,349.2195330138251,99971,219,127,17,8,6044,3050,0.09096638025027258,151,71,45517,47677,4061,2083,33,32,34,35,0,0,91421,0,0,236,0,0,0,0,0,0,63,8245,6,0,0,0,0,0
349,5151,350.29964944175276,99971,217,126,17,8,6082,3072,0.09156655430074721,164,71,45480,47656,4084,2102,36,35,37,38,0,0,91354,0,0,238,0,0,0,0,0,0,69,8304,6,0,0,0,0,0
350,5151,351.0201664169938,99971,222,131,17,8,6105,3088,0.09195666743355572,160,69,45474,47648,4086,2104,39,38,40,41,0,0,91319,0,0,238,0,0,0,0,0,0,75,8333,6,0,0,0,0,0
351,5151,352.1011353140473,99971,236,132,17,8,6150,3105,0.09257684728571286,149,74,45456,47630,4098,2113,42,41,43,44,0,0,91268,0,0,240,0,0,0,0,0,0,81,8376,6,0,0,0,0,0
352,5151,353.1825102716313,99970,242,128,17,9,6188,3119,0.09309792937881364,156,80,45421,47618,4116,2118,46,45,47,48,0,0,91212,0,0,242,0,0,0,0,0,0,89,8421,6,0,0,0,0,0
353,5151,354.2645100858658,99970,256,129,17,9,6229,3141,0.09372811843553065,150,77,45393,47607,4132,2127,50,49,51,52,0,0,91161,0,0,246,0,0,0,0,0,0,96,8460,7,0,0,0,0,0
354,5151,355.3470866094357,99970,258,136,17,9,6268,3161,0.09431829548864659,157,76,45358,47593,4153,2130,55,54,56,57,0,0,91106,0,0,249,0,0,0,0,0,0,104,8502,9,0,0,0,0,0
355,5151,356.0691948153986,99970,259,139,17,9,6293,3179,0.09474842452735821,160,71,45333,47584,4169,2136,60,59,61,62,0,0,91060,0,0,252,0,0,0,0,0,0,114,8535,9,0,0,0,0,0
356,5151,357.1529916603781,99970,244,131,17,9,6322,3190,0.095148544563369,163,77,45315,47570,4194,2146,65,65,67,67,0,0,90988,0,0,254,0,0,0,0,0,0,125,8594,9,0,0,0,0,0
357,5151,358.237473294277,99970,236,123,17,9,6368,3209,0.09579873962188656,167,76,45284,47555,4223,2164,71,71,73,73,0,0,90901,0,0,258,0,0,0,0,0,0,135,8665,11,0,0,0,0,0
358,5151,359.3227367053837,99970,246,130,17,9,6414,3232,0.0964889466840052,167,68,45247,47544,4244,2169,77,78,80,80,0,0,90835,0,0,258,0,0,0,0,0,0,149,8717,11,0,0,0,0,0
359,5151,360.0466439495964,99970,252,134,17,9,6443,3245,0.09690907272181655,159,80,45229,47518,4257,2171,84,86,88,87,0,0,90791,0,0,259,0,0,0,0,0,0,162,8745,13,0,0,0,0,0
360,5151,361.1330190774922,99970,267,134,17,9,6493,3268,0.09763929178753626,142,83,45205,47493,4276,2184,91,95,97,95,0,0,90726,0,0,267,0,0,0,0,0,0,177,8785,15,0,0,0,0,0
361,5151,362.2199788259695,99970,264,142,17,9,6530,3295,0.09827948384515355,143,78,45173,47470,4301,2194,100,105,107,104,0,0,90652,0,0,269,1,0,0,0,0,0,196,8837,15,0,0,0,0,0
362,5151,363.3076834816102,99970,257,140,17,9,6568,3314,0.09884965489646894,143,76,45144,47453,4329,2205,108,115,118,113,0,0,90570,0,0,270,1,0,0,0,0,0,213,8898,18,0,0,0,0,0
363,5151,364.0333057783695,99970,257,132,17,9,6603,3325,0.09930979293788136,138,79,45116,47433,4352,2219,118,126,130,123,0,0,90499,0,0,272,1,0,0,0,0,0,232,8945,21,0,0,0,0,0
364,5151,365.1225663362,99970,260,127,17,9,6641,3343,0.0998699609882965,136,87,45087,47400,4369,2236,129,139,143,134,0,0,90417,0,0,272,1,0,0,0,0,0,256,9003,21,0,0,0,0,0
365,5151,366.2124592389856,99970,246,127,17,9,6675,3364,0.10042012603781135,138,84,45054,47378,4404,2247,139,153,157,146,0,0,90326,0,0,275,1,0,0,0,0,0,281,9065,22,0,0,0,0,0
366,5151,367.3033477521354,99970,256,141,17,9,6720,3392,0.10115034510353106,125,77,45025,47354,4423,2249,152,168,172,159,0,0,90255,0,0,278,1,0,0,0,0,0,306,9105,25,0,0,0,0,0
367,5151,368.0309852740558,99970,247,142,17,9,6743,3407,0.10153045913774132,125,74,44995,47329,4449,2259,165,185,189,173,0,0,90180,0,0,280,1,0,0,0,0,0,337,9147,25,0,0,0,0,0
368,5151,369.123348368354,99970,240,149,17,9,6773,3436,0.10212063619085726,125,64,44970,47304,4466,2272,180,200,207,188,0,0,90092,0,0,283,1,0,0,0,0,0,369,9199,26,0,0,0,0,0
369,5151,370.2165107229241,99970,238,138,17,9,6810,3451,0.10264079223767131,134,65,44923,47283,4489,2284,197,219,227,205,0,0,89994,0,0,283,3,0,0,0,0,0,404,9260,26,0,0,0,0,0
370,5151,371.3106750608984,99970,223,145,17,9,6833,3469,0.10305091527458238,141,65,44898,47256,4505,2282,214,241,249,223,0,0,89916,0,0,287,3,0,0,0,0,0,437,9294,33,0,0,0,0,0
371,5151,372.04048717844677,99970,226,140,17,9,6856,3484,0.10343102930879264,141,62,44869,47228,4512,2294,233,265,273,242,0,0,89837,0,0,288,3,0,0,0,0,0,477,9329,36,0,0,0,0,0
372,5151,373.1360419082592,99970,238,140,17,9,6900,3503,0.10406121836550965,133,63,44829,47188,4528,2308,253,290,299,263,0,0,89743,0,0,290,3,0,0,0,0,0,522,9374,38,0,0,0,0,0
373,5151,374.2325900912634,99970,252,133,17,9,6943,3519,0.10465139541862559,120,65,44791,47155,4543,2319,275,317,327,285,0,0,89644,0,0,290,3,0,0,0,0,0,569,9423,41,0,0,0,0,0
374,5151,375.3300298595882,99969,237,124,18,9,6968,3537,0.10508257559843552,140,67,44738,47119,4567,2333,298,346,357,309,0,0,89537,0,0,296,3,0,0,0,0,0,617,9469,47,0,0,0,0,0
375,5151,376.06238553058023,99969,243,127,18,9,6996,3552,0.10551270893977133,132,68,44704,47077,4580,2338,321,379,390,334,0,0,89451,0,0,298,3,0,0,0,0,0,671,9495,51,0,0,0,0,0
376,5151,377.16185645656543,99968,255,136,19,9,7042,3573,0.10618397887323944,136,74,44653,47029,4588,2337,347,413,425,361,0,0,89355,0,0,300,3,0,0,0,0,0,723,9526,61,0,0,0,0,0
377,5151,378.2623122534963,99967,247,133,20,9,7077,3589,0.1066952094191083,137,77,44618,46986,4601,2343,375,450,463,390,0,0,89238,0,0,304,3,0,0,0,0,0,782,9571,69,0,0,0,0,0
378,5151,379.3636856397302,99967,234,128,20,9,7106,3603,0.10712535136595076,139,91,44589,46931,4610,2352,406,487,504,421,0,0,89112,0,0,305,3,0,0,0,0,0,848,9624,75,0,0,0,0,0
379,5151,380.09840555463467,99967,231,136,20,9,7134,3624,0.10761551311932938,142,79,44538,46884,4628,2360,439,530,548,454,0,0,89004,0,0,306,4,0,0,0,0,0,914,9654,85,0,0,0,0,0
380,5151,381.2018598118572,99967,228,135,20,9,7169,3642,0.10814568807706543,147,86,44502,46827,4628,2368,473,573,595,489,0,0,88879,0,0,312,4,0,0,0,0,0,988,9691,93,0,0,0,0,0
381,5151,382.306235456147,99967,234,133,20,9,7213,3665,0.10881590925005252,144,86,44453,46759,4641,2388,506,623,646,526,0,0,88741,0,0,317,4,0,0,0,0,0,1068,9736,101,0,0,0,0,0
382,5151,383.0430404404522,99967,228,140,20,9,7240,3679,0.10922604459471626,140,84,44406,46701,4659,2388,545,676,700,566,0,0,88613,0,0,318,4,0,0,0,0,0,1157,9769,106,0,0,0,0,0
383,5151,384.1497724894742,99967,248,140,20,9,7284,3701,0.10988626246661398,134,84,44345,46640,4664,2394,587,731,758,608,0,0,88478,0,0,320,4,0,0,0,0,0,1248,9802,115,0,0,0,0,0
384,5151,385.2578820000155,99967,255,135,20,9,7331,3723,0.11057649024177979,128,88,44281,46566,4685,2409,629,791,820,653,0,0,88328,0,0,333,4,0,0,0,0,0,1344,9832,126,0,0,0,0,0
385,5151,386.36753254012183,99967,244,129,20,9,7367,3742,0.11112667180169455,131,91,44221,46497,4708,2420,674,852,886,700,0,0,88162,0,0,339,5,0,0,0,0,0,1446,9878,137,0,0,0,0,0
386,5151,387.10819807333695,99967,244,131,20,9,7397,3759,0.11159682695289445,126,81,44168,46429,4718,2428,722,920,957,750,0,0,88009,0,0,340,6,0,0,0,0,0,1556,9909,147,0,0,0,0,0
387,5151,388.2209024382601,99967,236,120,20,9,7432,3773,0.11208698870627307,132,88,44097,46352,4739,2436,774,993,1032,803,0,0,87823,0,0,340,7,0,0,0,0,0,1675,9967,155,0,0,0,0,0
388,5151,389.3353778398955,99967,249,114,20,9,7476,3789,0.11268718677163464,118,88,44041,46275,4745,2443,825,1069,1112,859,0,0,87654,0,0,345,7,0,0,0,0,0,1796,9995,170,0,0,0,0,0
389,5151,390.0791980806937,99967,251,120,20,9,7508,3805,0.1131673452239239,112,83,43970,46195,4761,2440,884,1151,1197,918,0,0,87486,0,0,348,8,0,0,0,0,0,1928,10016,181,0,0,0,0,0
390,5151,391.19690590274865,99967,244,115,20,9,7547,3825,0.1137575399881961,116,80,43903,46111,4776,2447,939,1236,1287,980,0,0,87279,0,0,354,8,0,0,0,0,0,2070,10065,191,0,0,0,0,0
391,5151,392.316408849885,99967,241,121,20,9,7585,3850,0.11438774795682576,109,74,43849,46022,4782,2450,997,1322,1382,1045,0,0,87081,0,0,359,8,0,0,0,0,0,2213,10098,208,0,0,0,0,0
392,5151,393.06363732663806,99967,239,119,20,9,7605,3862,0.11470785359168525,115,77,43778,45925,4783,2451,1063,1417,1483,1114,0,0,86894,0,0,363,8,0,0,0,0,0,2368,10111,223,0,0,0,0,0
393,5151,394.1864543333667,99967,231,126,20,9,7641,3890,0.11534806486140427,115,69,43704,45818,4801,2454,1127,1522,1590,1186,0,0,86680,0,0,371,8,0,0,0,0,0,2525,10138,245,0,0,0,0,0
394,5151,395.31119526398965,99967,212,121,20,9,7668,3910,0.11581822001260415,122,65,43631,45712,4814,2463,1199,1628,1703,1262,0,0,86448,0,0,374,9,0,0,0,0,0,2690,10178,268,0,0,0,0,0
395,5151,396.062186799586,99967,205,126,20,9,7687,3921,0.11611831904528494,122,69,43563,45594,4814,2458,1274,1742,1822,1341,0,0,86247,0,0,372,14,0,0,0,0,0,2862,10183,289,0,0,0,0,0
396,5151,397.19079662415567,99967,215,131,20,9,7722,3947,0.11672852041173587,122,63,43488,45475,4800,2458,1353,1862,1948,1424,0,0,86026,0,0,376,14,0,0,0,0,0,3041,10191,319,0,0,0,0,0
397,5151,398.3212423154149,99966,212,133,21,9,7754,3966,0.117239861552928,130,61,43392,45344,4811,2464,1432,1987,2080,1511,0,0,85775,0,0,377,16,0,0,0,0,0,3243,10221,334,0,0,0,0,0
398,5151,399.0761121878573,99966,216,136,21,9,7777,3976,0.11756997379108897,138,67,43294,45203,4810,2459,1519,2124,2219,1602,0,0,85541,0,0,376,19,0,0,0,0,0,3453,10226,351,0,0,0,0,0
399,5151,400.2112369766489,99966,220,130,21,9,7815,3992,0.1181101574535342,136,65,43206,45062,4808,2467,1607,2265,2365,1697,0,0,85273,0,0,379,20,0,0,0,0,0,3669,10250,375,0,0,0,0,0
400,5151,401.3486894377505,99966,220,129,21,9,7846,4013,0.11863033431366665,133,61,43115,44914,4808,2476,1701,2409,2519,1796,0,0,84993,0,0,380,21,0,0,0,0,0,3898,10276,398,0,0,0,0,0
401,5151,402.1083758647181,99966,235,128,21,9,7874,4031,0.11909049076686073,129,51,43015,44766,4798,2480,1800,2564,2680,1900,0,0,84724,0,0,381,21,0,0,0,0,0,4136,10279,425,0,0,0,0,0
402,5151,403.2507794924493,99966,222,126,21,9,7899,4044,0.11947062001080368,132,58,42912,44604,4806,2481,1905,2720,2849,2008,0,0,84433,0,0,391,22,0,0,0,0,0,4385,10283,452,0,0,0,0,0
403,5151,404.01394500732783,99966,228,131,21,9,7926,4055,0.11985074925474662,135,59,42800,44441,4802,2471,2012,2887,3026,2120,0,0,84157,0,0,392,24,0,0,0,0,0,4637,10269,487,0,0,0,0,0
404,5151,405.1619470907729,99966,238,129,21,9,7966,4074,0.12044094992297381,130,61,42688,44275,4799,2472,2122,3052,3211,2237,0,0,83842,0,0,390,29,0,0,0,0,0,4904,10284,517,0,0,0,0,0
405,5151,406.3129678362489,99965,229,117,21,10,7996,4084,0.12084229480318111,133,67,42575,44092,4804,2475,2236,3237,3404,2359,0,0,83517,0,0,397,29,0,0,0,0,0,5175,10286,561,0,0,0,0,0
406,5151,407.0820570210032,99965,234,113,21,10,8026,4094,0.12124243485219827,122,71,42467,43898,4801,2473,2353,3433,3606,2485,0,0,83194,0,0,399,31,0,0,0,0,0,5463,10279,599,0,0,0,0,0
407,5151,408.23926102163483,99965,224,120,21,10,8057,4116,0.121772620417146,118,65,42356,43711,4802,2461,2477,3631,3817,2616,0,0,82847,0,0,404,32,0,0,0,0,0,5760,10279,643,0,0,0,0,0
408,5151,409.01247765776986,99965,225,119,21,10,8084,4126,0.12214274996248688,112,67,42231,43503,4805,2455,2604,3844,4036,2752,0,0,82491,0,0,406,32,0,0,0,0,0,6081,10278,677,0,0,0,0,0
409,5151,410.176205940875,99965,228,113,21,10,8126,4145,0.12275296353723804,111,69,42093,43292,4810,2466,2735,4048,4264,2893,0,0,82093,0,0,411,32,0,0,0,0,0,6420,10302,707,0,0,0,0,0
410,5151,411.34371951591635,99965,220,108,21,10,8160,4160,0.12324313509728405,114,67,41961,43089,4815,2460,2867,4264,4501,3039,0,0,81695,0,0,413,35,0,0,0,0,0,6762,10314,746,0,0,0,0,0
411,5151,412.12412282580146,99965,214,111,21,10,8177,4173,0.12354324013404691,117,60,41815,42872,4820,2448,3011,4497,4747,3190,0,0,81312,0,0,414,36,0,0,0,0,0,7114,10299,790,0,0,0,0,0
412,5151,413.2994385831458,99965,208,103,21,10,8213,4188,0.1240534186965438,106,60,41681,42641,4828,2450,3154,4734,5003,3346,0,0,80877,0,0,414,39,0,0,0,0,0,7488,10321,826,0,0,0,0,0
413,5151,414.08524457899915,99965,205,108,21,10,8231,4200,0.12435352373330666,110,52,41543,42417,4811,2438,3308,4973,5268,3507,0,0,80472,0,0,412,43,0,0,0,0,0,7867,10302,869,0,0,0,0,0
414,5151,415.2685312911727,99965,197,106,21,10,8264,4217,0.1248536987945781,106,48,41397,42179,4818,2426,3459,5229,5542,3674,0,0,80028,0,0,418,43,0,0,0,0,0,8257,10299,920,0,0,0,0,0
415,5151,416.05975268824,99964,194,102,22,10,8289,4225,0.12518506662398463,96,50,41252,41926,4814,2412,3620,5498,5826,3846,0,0,79590,0,0,419,44,0,0,0,0,0,8657,10279,975,0,0,0,0,0
416,5151,417.25160328121314,99964,196,95,22,10,8323,4240,0.12567524308751152,88,45,41102,41668,4810,2412,3780,5768,6119,4023,0,0,79130,0,0,423,48,0,0,0,0,0,9071,10265,1027,0,0,0,0,0
417,5151,418.0486978904422,99964,185,92,22,10,8333,4248,0.1258553079108479,102,47,40933,41380,4805,2407,3951,6062,6422,4205,0,0,78664,0,0,422,51,0,0,0,0,0,9507,10247,1073,0,0,0,0,0
418,5151,419.2497768911722,99964,174,94,22,10,8359,4263,0.12626545556400304,101,50,40781,41113,4806,2391,4114,6340,6734,4392,0,0,78179,0,0,425,54,0,0,0,0,0,9948,10230,1128,0,0,0,0,0
419,5151,420.05315696137916,99964,176,98,22,10,8378,4275,0.12657556720419352,131,73,40576,40804,4800,2369,4293,6644,7056,4585,0,0,77697,12,0,426,54,0,0,0,0,0,10406,10184,1185,0,0,0,0,0
420,5151,421.04387638084654,99964,179,98,22,10,8406,4292,0.12702572926253453,156,73,40399,40502,4772,2365,4470,6950,7387,4783,0,0,77193,49,3,421,61,0,0,0,0,0,10870,10127,1240,0,0,0,0,0
421,5151,422.0387772405042,99964,198,108,22,10,8450,4319,0.12773598495458366,169,67,40190,40191,4766,2360,4653,7262,7727,4986,0,0,76668,85,5,423,63,0,0,0,0,0,11357,10071,1292,0,0,0,0,0
422,5151,423.0383318710879,99964,213,107,22,10,8491,4334,0.12829618662718578,183,81,39988,39861,4757,2353,4835,7586,8077,5194,0,0,76132,118,10,425,65,0,0,0,0,0,11855,10014,1345,0,0,0,0,0
423,5151,424.0425671700175,99964,231,104,22,10,8535,4352,0.12891640990756673,196,87,39781,39535,4739,2348,5029,7914,8436,5408,0,0,75580,153,18,428,66,0,0,0,0,0,12364,9955,1400,0,0,0,0,0
424,5151,425.051673109811,99964,255,113,22,10,8588,4375,0.1296766836060982,204,92,39577,39213,4723,2323,5217,8247,8804,5627,0,0,75020,190,21,429,68,0,0,0,0,0,12884,9890,1462,0,0,0,0,0
425,5151,426.06553403117084,99963,261,126,23,10,8636,4406,0.1304682732611066,217,96,39364,38866,4713,2308,5420,8592,9180,5851,0,0,74446,236,31,429,71,0,0,0,0,0,13401,9817,1532,0,0,0,0,0
426,5151,427.0845367581477,99963,278,137,23,10,8691,4431,0.13126856937066714,219,94,39147,38507,4703,2294,5628,8956,9565,6080,0,0,73856,278,35,434,72,0,0,0,0,0,13945,9746,1597,0,0,0,0,0
427,5151,428.1088670268304,99963,300,137,23,10,8758,4453,0.13215889879255324,219,99,38914,38136,4704,2292,5838,9324,9958,6314,0,0,73232,331,43,435,77,0,0,0,0,0,14508,9689,1648,0,0,0,0,0
428,5151,429.1389083012229,99963,319,155,23,10,8828,4482,0.13314926522813442,222,106,38671,37766,4710,2275,6053,9686,10360,6552,0,0,72612,379,52,435,82,0,0,0,0,0,15071,9621,1711,0,0,0,0,0
429,5151,430.1750616159245,99963,338,162,23,10,8892,4508,0.13404959835139002,253,127,38414,37387,4706,2260,6264,10052,10770,6795,0,0,71980,426,62,439,84,1,0,0,0,0,15646,9550,1775,0,0,0,0,0
430,5151,431.21746972670917,99962,353,154,23,11,8956,4529,0.1349012624797423,273,155,38159,37003,4705,2249,6485,10426,11187,7043,0,0,71328,486,72,439,91,1,0,0,0,0,16227,9476,1842,0,0,0,0,0
431,5151,432.266289548763,99962,373,173,23,11,9030,4569,0.13604169584442088,293,161,37883,36618,4717,2235,6709,10800,11612,7295,0,0,70652,549,80,442,92,1,0,0,0,0,16832,9409,1905,0,0,0,0,0
432,5151,433.32193521974784,99962,393,187,23,11,9098,4606,0.1370920949960985,322,171,37623,36234,4706,2220,6931,11175,12044,7552,0,0,70003,599,93,446,96,1,0,0,0,0,17418,9315,1991,0,0,0,0,0
433,5151,434.0294518112691,99962,412,187,23,11,9155,4624,0.1378423801044397,327,189,37371,35823,4698,2217,7167,11571,12482,7813,0,0,69326,645,100,448,97,1,0,0,0,0,18042,9245,2058,0,0,0,0,0
434,5151,435.0985281860362,99962,439,217,23,11,9245,4688,0.13938296552690022,319,175,37114,35423,4709,2208,7394,11964,12927,8078,0,0,68628,718,117,454,98,1,0,0,0,0,18650,9154,2142,0,0,0,0,0
435,5151,436.174692698006,99962,456,229,23,11,9340,4728,0.14073347872191433,328,192,36834,34996,4728,2204,7629,12366,13378,8347,0,0,67912,793,134,465,101,1,0,0,0,0,19274,9064,2218,0,0,0,0,0
436,5151,437.25842343089323,99962,484,252,23,11,9425,4782,0.14212400712270662,360,190,36540,34575,4734,2199,7857,12771,13835,8620,0,0,67199,846,159,470,106,1,0,0,0,0,19909,8989,2283,0,0,0,0,0
437,5151,438.35006739523675,99962,512,252,23,11,9527,4826,0.14358456213361076,363,209,36248,34151,4755,2193,8097,13182,14297,8897,0,0,66469,932,178,477,112,1,0,0,0,0,20534,8887,2372,0,0,0,0,0
438,5151,439.08236773619427,99962,516,285,23,11,9586,4873,0.14464496508673297,391,200,35971,33721,4755,2168,8342,13613,14764,9177,0,0,65769,975,200,477,116,1,0,0,0,0,21169,8797,2458,0,0,0,0,0
439,5151,440.1902834665757,99962,560,294,23,11,9702,4935,0.14642564174386266,398,202,35670,33296,4779,2189,8568,14006,15235,9461,0,0,65001,1060,227,483,123,1,0,0,0,0,21825,8719,2523,0,0,0,0,0
440,5151,441.3067561496124,99962,601,309,23,11,9818,4999,0.14822632600388147,424,202,35351,32867,4798,2205,8801,14404,15710,9748,0,0,64232,1136,263,492,126,1,0,0,0,0,22482,8641,2589,0,0,0,0,0
441,5151,442.05608015787635,99962,598,321,23,11,9887,5035,0.14927672515555912,450,211,35050,32426,4823,2191,9054,14838,16189,10038,0,0,63475,1202,279,498,133,1,0,0,0,0,23156,8557,2661,0,0,0,0,0
442,5151,443.19084450865915,99962,607,327,23,11,9995,5094,0.15094735999679879,474,236,34744,31992,4852,2198,9298,15234,16671,10331,0,0,62687,1304,312,504,143,1,0,0,0,0,23808,8462,2741,0,0,0,0,0
443,5151,444.3350926323111,99962,639,344,23,11,10132,5167,0.15304815830015406,494,256,34431,31547,4883,2214,9528,15626,17156,10627,0,0,61875,1417,350,508,149,1,0,0,0,0,24469,8376,2817,0,0,0,0,0
444,5151,445.1030186746408,99961,692,367,23,12,10237,5213,0.15456027850861837,501,257,34109,31100,4883,2197,9790,16065,17643,10925,0,0,61134,1450,375,512,157,1,0,0,0,0,25150,8291,2891,0,0,0,0,0
445,5151,446.26652023697756,99960,728,392,24,12,10397,5295,0.1569827931172469,518,256,33793,30660,4928,2212,10007,16466,18132,11225,0,0,60325,1551,431,527,165,1,0,0,0,0,25801,8195,2964,0,0,0,0,0
446,5151,447.0477415406091,99960,733,404,24,12,10502,5347,0.15855342136854741,549,267,33467,30209,4964,2213,10261,16893,18623,11527,0,0,59530,1636,468,540,170,1,0,0,0,0,26474,8099,3042,0,0,0,0,0
447,5151,448.2320622877049,99959,760,423,25,12,10667,5433,0.16106603707520084,589,297,33125,29757,5016,2230,10483,17279,19115,11831,0,0,58713,1753,534,548,179,1,0,0,0,0,27106,7991,3134,0,0,0,0,0
448,5151,449.02781628814375,99958,779,413,26,12,10779,5474,0.16259829128233858,617,318,32783,29303,5051,2240,10742,17712,19608,12137,0,0,57917,1834,582,556,184,1,0,0,0,0,27771,7898,3215,0,0,0,0,0
449,5151,450.2349884612591,99957,828,431,26,13,10961,5564,0.1653210880678692,641,319,32416,28893,5098,2268,10989,18074,20101,12444,0,0,57084,1951,638,573,196,1,0,0,0,0,28429,7795,3290,0,0,0,0,0
450,5151,451.04690886767054,99957,865,451,26,13,11092,5641,0.16740198285262664,654,316,32086,28451,5115,2278,11252,18489,20593,12753,0,0,56289,2045,682,573,209,1,0,0,0,0,29086,7695,3377,0,0,0,0,0
451,5151,452.27830691749216,99956,909,482,26,14,11281,5746,0.17034495177878267,667,313,31746,28012,5176,2301,11474,18876,21085,13063,0,0,55446,2159,755,588,221,1,0,0,0,0,29739,7604,3443,0,0,0,0,0
452,5151,453.1059457545021,99954,933,503,28,14,11422,5820,0.1724993497008624,666,339,31453,27560,5207,2305,11711,19277,21576,13374,0,0,54669,2236,827,599,227,1,0,0,0,0,30363,7490,3542,0,0,0,0,0
453,5151,454.36076439683393,99953,1010,527,29,14,11656,5934,0.17598271187458106,679,363,31084,27105,5267,2348,11929,19641,22065,13685,0,0,53814,2381,898,618,236,1,0,0,0,0,31000,7380,3625,0,0,0,0,0
454,5151,455.2045238132493,99952,1016,550,30,14,11792,6018,0.17818552905394588,702,359,30769,26658,5322,2361,12159,20056,22552,13997,0,0,53016,2469,976,632,241,3,0,0,0,0,31629,7277,3709,0,0,0,0,0
455,5151,456.0564808553696,99952,1020,559,30,14,11938,6084,0.18030654714262845,763,396,30404,26212,5389,2369,12392,20448,23037,14309,0,0,52203,2584,1032,644,250,4,0,0,0,0,32268,7164,3803,0,0,0,0,0
456,5151,457.3508028535077,99952,1070,583,30,14,12192,6212,0.18412838162317913,778,397,30005,25796,5506,2415,12609,20793,23520,14621,0,0,51338,2749,1134,655,276,4,0,0,0,0,32865,7055,3876,0,0,0,0,0
457,5151,458.2224113870643,99950,1084,576,32,14,12352,6292,0.18653326663331665,824,412,29645,25378,5569,2459,12844,21159,24000,14933,0,0,50507,2861,1220,667,290,4,0,0,0,0,33491,6967,3943,0,0,0,0,0
458,5151,459.10411876456305,99948,1134,574,33,15,12540,6366,0.18915836234842118,833,427,29301,24956,5624,2486,13073,21540,24476,15244,0,0,49698,2969,1305,673,301,4,0,0,0,0,34103,6873,4022,0,0,0,0,0
459,5151,460.4438786716308,99948,1203,606,33,15,12831,6499,0.19340056829551366,820,428,28932,24562,5758,2536,13252,21851,24949,15555,0,0,48817,3136,1413,696,318,4,0,0,0,0,34702,6779,4083,0,0,0,0,0
460,5151,461.3458946875658,99947,1222,619,34,15,13022,6591,0.19623400402213173,845,444,28574,24143,5855,2567,13468,22210,25418,15865,0,0,47991,3262,1511,704,328,5,0,0,0,0,35298,6690,4158,0,0,0,0,0
461,5151,462.2584391258848,99946,1252,641,35,15,13202,6693,0.19905749104516438,872,449,28241,23717,5921,2605,13677,22571,25883,16174,0,0,47190,3360,1608,718,343,5,0,0,0,0,35899,6603,4220,0,0,0,0,0
462,5151,463.18102574436926,99945,1299,652,35,16,13417,6806,0.20234128770823953,891,440,27919,23326,5976,2653,13878,22911,26343,16482,0,0,46379,3480,1720,724,362,5,0,0,0,0,36468,6516,4291,0,0,0,0,0
463,5151,464.113788956583,99945,1333,673,35,16,13632,6905,0.20548301565861224,880,446,27589,22923,6069,2685,14092,23255,26799,16789,0,0,45566,3600,1832,733,378,5,0,0,0,0,37048,6436,4347,0,0,0,0,0
464,5151,465.05715133083055,99942,1383,689,37,17,13853,6998,0.20863100598347042,876,464,27262,22520,6137,2716,14303,23592,27250,17095,0,0,44769,3725,1918,744,394,6,0,0,0,0,37628,6335,4423,0,0,0,0,0
465,5151,466.01107401995023,99942,1404,692,37,17,14073,7103,0.2118828920774049,858,483,26954,22124,6250,2764,14495,23918,27695,17399,0,0,43977,3858,2046,757,414,7,0,0,0,0,38154,6232,4497,0,0,0,0,0
466,5151,467.46108361198753,99942,1477,723,37,17,14408,7273,0.2169358227772108,884,490,26582,21769,6405,2843,14613,24156,28135,17701,0,0,43113,4051,2200,778,434,7,0,0,0,0,38661,6137,4561,0,0,0,0,0
467,5151,468.4379607268616,99942,1462,723,37,17,14619,7381,0.22012767405094955,893,506,26253,21384,6540,2890,14813,24478,28569,18001,0,0,42319,4192,2333,807,453,7,0,0,0,0,39170,6026,4635,0,0,0,0,0
468,5151,469.4266720169979,99942,1457,762,37,17,14825,7525,0.22362970522903283,918,471,25934,21062,6647,2932,15005,24754,28998,18299,0,0,41562,4312,2486,817,476,7,0,0,0,0,39648,5922,4712,0,0,0,0,0
469,5151,470.4275367522444,99941,1489,769,38,17,15063,7634,0.2271039913548994,936,479,25618,20742,6752,2966,15165,25025,29421,18595,0,0,40822,4410,2639,835,502,7,0,0,0,0,40126,5825,4775,0,0,0,0,0
470,5151,471.4403932930336,99940,1539,787,39,17,15317,7760,0.23090854512707626,972,480,25307,20412,6815,3007,15326,25295,29838,18889,0,0,40103,4511,2791,847,536,8,0,0,0,0,40581,5720,4843,0,0,0,0,0
471,5151,472.46477447301106,99937,1577,786,42,17,15564,7896,0.23474789117143802,993,487,24958,20079,6928,3080,15500,25549,30248,19181,0,0,39337,4648,2941,858,563,8,0,0,0,0,41042,5631,4909,0,0,0,0,0
472,5151,473.50189956225205,99934,1599,790,44,18,15823,8022,0.2386074809374187,997,475,24656,19762,7049,3152,15653,25801,30652,19470,0,0,38587,4768,3113,876,592,9,0,0,0,0,41483,5546,4960,0,0,0,0,0
473,5151,474.0241642669876,99933,1636,794,45,18,15969,8089,0.24074129666876806,979,493,24393,19419,7066,3166,15879,26108,31050,19756,0,0,37965,4785,3235,877,613,11,0,0,0,0,41959,5465,5023,0,0,0,0,0
474,5151,475.08519370417434,99929,1639,808,48,19,16217,8216,0.24450359755426354,1004,491,24116,19104,7195,3215,15996,26361,31441,20040,0,0,37251,4886,3430,905,628,11,0,0,0,0,42363,5369,5086,0,0,0,0,0
475,5151,476.1580730812233,99927,1634,800,49,20,16479,8321,0.2481811722557467,1022,524,23827,18815,7347,3270,16119,26569,31826,20321,0,0,36529,5005,3611,932,656,12,0,0,0,0,42767,5273,5142,0,0,0,0,0
476,5151,477.243513036699,99927,1669,799,49,20,16767,8460,0.252454291632892,999,529,23539,18548,7479,3344,16263,26758,32204,20599,0,0,35831,5108,3822,949,693,14,0,0,0,0,43131,5194,5185,0,0,0,0,0
477,5151,478.34206468988225,99926,1684,826,50,20,17037,8601,0.2565698616976563,974,537,23270,18263,7620,3392,16400,26960,32575,20874,0,0,35127,5238,4002,965,721,16,0,0,0,0,43513,5107,5237,0,0,0,0,0
478,5151,479.45359729847013,99921,1680,846,53,22,17300,8754,0.26074598933157195,1007,536,22987,17990,7741,3460,16530,27144,32940,21146,0,0,34432,5365,4186,992,752,18,0,0,0,0,43870,5008,5298,0,0,0,0,0
479,5151,480.0131273165445,99921,1697,847,53,22,17437,8830,0.26287767336195594,1007,528,22744,17703,7778,3482,16719,27416,33298,21415,0,0,33858,5377,4326,998,776,21,0,0,0,0,44285,4937,5343,0,0,0,0,0
480,5151,481.1492738420174,99920,1734,870,53,23,17738,8985,0.26744395516413133,979,502,22504,17466,7898,3553,16830,27584,33649,21680,0,0,33204,5489,4526,1010,818,25,0,0,0,0,44609,4846,5393,0,0,0,0,0
481,5151,482.2980438149381,99920,1764,863,53,23,18019,9133,0.2717373899119295,1001,505,22221,17218,8023,3639,16936,27750,33993,21942,0,0,32553,5584,4747,1035,859,26,0,0,0,0,44923,4770,5423,0,0,0,0,0
482,5151,483.4602769414702,99920,1795,862,53,23,18333,9277,0.27632105684547636,998,540,21968,16960,8171,3718,17013,27895,34331,22201,0,0,31892,5685,4984,1071,887,28,0,0,0,0,45226,4695,5452,0,0,0,0,0
483,5151,484.04484279941994,99920,1747,864,53,23,18444,9349,0.2781525220176141,1032,552,21713,16709,8253,3735,17200,28115,34662,22456,0,0,31328,5721,5132,1082,911,29,0,0,0,0,45598,4626,5493,0,0,0,0,0
484,5151,485.23292936403533,99919,1796,878,54,23,18772,9510,0.283049269908626,985,537,21477,16526,8404,3803,17282,28231,34986,22708,0,0,30695,5823,5361,1113,941,32,0,0,0,0,45872,4549,5533,0,0,0,0,0
485,5151,486.43536488415134,99918,1777,864,55,23,19060,9650,0.28733561520446765,992,545,21266,16325,8572,3891,17336,28350,35303,22956,0,0,30061,5932,5595,1151,988,34,0,0,0,0,46138,4467,5552,0,0,0,0,0
486,5151,487.0401607248522,99918,1786,852,55,23,19208,9721,0.28952741247823216,995,543,21065,16077,8608,3934,17489,28569,35614,23201,0,0,29537,5960,5742,1151,1011,38,0,0,0,0,46472,4406,5601,0,0,0,0,0
487,5151,488.26632464088306,99916,1775,867,57,23,19503,9894,0.29421714239961566,1021,495,20819,15920,8782,4014,17544,28679,35918,23442,0,0,28938,6076,5974,1176,1067,39,0,0,0,0,46692,4316,5638,0,0,0,0,0
488,5151,489.50641387819775,99914,1775,870,59,23,19819,10050,0.2989470945012711,1002,487,20618,15763,8944,4112,17600,28743,36216,23680,0,0,28329,6191,6245,1197,1099,42,0,0,0,0,46894,4248,5669,0,0,0,0,0
489,5151,490.13037669954224,99914,1794,872,59,23,19979,10127,0.30131913445563185,993,476,20420,15556,9000,4130,17732,28941,36507,23914,0,0,27840,6210,6395,1205,1122,43,0,0,0,0,47201,4184,5714,0,0,0,0,0
490,5151,491.39535717243723,99912,1798,876,60,24,20294,10276,0.3059692529425895,993,515,20195,15402,9171,4189,17781,28992,36792,24145,0,0,27262,6310,6639,1234,1168,45,0,0,0,0,47404,4115,5735,0,0,0,0,0
491,5151,492.0314493004808,99910,1786,856,62,24,20453,10345,0.30825743168851966,993,517,20017,15230,9242,4217,17898,29154,37071,24372,0,0,26793,6327,6811,1250,1197,47,0,0,0,0,47667,4040,5778,0,0,0,0,0
492,5151,493.3221625130399,99909,1768,851,63,24,20774,10497,0.3129948252910148,989,529,19812,15105,9461,4297,17905,29192,37343,24596,0,0,26236,6439,7078,1276,1249,49,0,0,0,0,47812,3961,5809,0,0,0,0,0
493,5151,494.6260132370718,99906,1737,854,66,24,21085,10669,0.3178387684423358,968,510,19622,14982,9680,4398,17925,29230,37609,24816,0,0,25667,6564,7356,1292,1308,49,0,0,0,0,47948,3901,5821,0,0,0,0,0
494,5151,495.2818075263096,99905,1738,868,67,24,21246,10774,0.3205044792552925,965,480,19444,14812,9733,4442,18051,29372,37869,25032,0,0,25226,6586,7530,1305,1333,50,0,0,0,0,48178,3830,5867,0,0,0,0,0
495,5151,496.6117448434699,99904,1725,864,68,24,21551,10945,0.3252722613709161,947,473,19282,14695,9901,4545,18075,29397,38123,25245,0,0,24698,6682,7797,1332,1391,53,0,0,0,0,48309,3762,5880,0,0,0,0,0
496,5151,497.2803744176571,99902,1717,879,68,26,21726,11035,0.3279313727452904,921,466,19120,14550,9972,4546,18200,29531,38371,25454,0,0,24284,6683,7979,1340,1425,55,0,0,0,0,48513,3707,5916,0,0,0,0,0
497,5151,498.6341144083535,99900,1660,863,70,26,22034,11209,0.3327627627627628,902,438,18998,14457,10168,4650,18200,29564,38613,25660,0,0,23787,6768,8334,1371,1467,57,0,0,0,0,48535,3636,5945,0,0,0,0,0
498,5151,499.3139086145665,99898,1652,865,71,27,22191,11284,0.3350917936295021,891,436,18826,14339,10235,4656,18323,29675,38850,25862,0,0,23388,6773,8512,1380,1492,59,0,0,0,0,48735,3581,5978,0,0,0,0,0
499,5151,500.690192398592,99898,1613,825,71,27,22471,11403,0.33908586758493664,883,461,18661,14282,10415,4732,18355,29671,39081,26061,0,0,22930,6820,8791,1420,1540,66,0,0,0,0,48818,3521,5992,0,0,0,0,0
500,5151,501.38241286406014,99895,1625,820,74,27,22639,11486,0.3416086891235798,851,453,18534,14180,10469,4757,18445,29761,39307,26256,0,0,22557,6820,8969,1424,1579,67,0,0,0,0,48991,3469,6019,0,0,0,0,0
501,5151,502.08033255808874,99894,1582,817,75,27,22771,11570,0.3437744008649168,861,421,18388,14090,10556,4782,18536,29861,39527,26448,0,0,22180,6832,9156,1431,1610,68,0,0,0,0,49148,3412,6057,0,0,0,0,0
502,5151,503.48639878504963,99892,1605,826,77,27,23094,11733,0.34864653826132225,800,392,18267,14040,10700,4865,18549,29848,39742,26636,0,0,21756,6866,9450,1466,1656,70,0,0,0,0,49205,3361,6062,0,0,0,0,0
503,5151,504.19309568623993,99891,1574,820,78,27,23250,11806,0.35094252735481674,767,385,18136,13927,10795,4890,18648,29949,39952,26821,0,0,21382,6878,9630,1467,1698,71,0,0,0,0,49364,3323,6078,0,0,0,0,0
504,5151,505.59594904909494,99891,1517,806,78,27,23521,11948,0.35507703396702406,787,366,18000,13869,10970,4980,18646,29950,40156,27002,0,0,20918,6985,9897,1490,1751,72,0,0,0,0,49424,3270,6084,0,0,0,0,0
505,5151,506.2996260560053,99891,1501,784,78,27,23674,12015,0.3572794345836962,767,351,17902,13768,11033,5012,18717,30056,40355,27180,0,0,20585,6975,10074,1507,1783,79,0,0,0,0,49562,3219,6107,0,0,0,0,0
506,5151,507.69811667756267,99890,1480,770,79,27,23946,12146,0.3613174491941135,767,327,17816,13781,11174,5067,18682,30026,40549,27355,0,0,20206,7021,10327,1527,1833,90,0,0,0,0,49599,3158,6129,0,0,0,0,0
507,5151,508.4005718329434,99889,1470,769,80,27,24073,12211,0.36324319995194665,781,326,17716,13708,11195,5068,18756,30100,40739,27526,0,0,19914,6988,10500,1538,1862,91,0,0,0,0,49732,3109,6155,0,0,0,0,0
508,5151,509.10031967954126,99889,1469,729,80,27,24214,12262,0.3651653335202074,771,327,17606,13602,11249,5106,18823,30207,40924,27694,0,0,19613,6978,10677,1544,1900,92,0,0,0,0,49847,3060,6178,0,0,0,0,0
509,5151,510.4920266079009,99888,1470,714,80,28,24475,12397,0.3691334294409739,730,309,17536,13560,11361,5193,18821,30194,41104,27859,0,0,19243,7022,10928,1555,1953,94,0,0,0,0,49879,3025,6189,0,0,0,0,0
510,5151,511.19026699818863,99888,1437,712,80,28,24590,12461,0.37092543648886755,726,307,17432,13472,11428,5207,18895,30272,41280,28021,0,0,18951,7019,11071,1562,1991,99,0,0,0,0,50014,2973,6208,0,0,0,0,0
511,5151,512.5783221910796,99887,1381,673,80,29,24835,12571,0.37448316597755466,698,304,17376,13486,11575,5279,18888,30227,41451,28179,0,0,18604,7053,11353,1587,2045,103,0,0,0,0,50005,2925,6212,0,0,0,0,0
512,5151,513.2740868214745,99887,1373,648,80,29,24961,12614,0.3761750778379569,672,308,17292,13415,11623,5293,18958,30305,41618,28334,0,0,18317,7049,11504,1591,2073,106,0,0,0,0,50128,2890,6229,0,0,0,0,0
513,5151,514.6596966091734,99885,1276,614,82,29,25169,12718,0.3793062021324523,648,310,17251,13424,11781,5362,18960,30259,41781,28486,0,0,18005,7080,11760,1607,2147,113,0,0,0,0,50107,2834,6232,0,0,0,0,0
514,5151,515.3549589938491,99883,1276,621,84,29,25294,12784,0.38122603446031855,620,292,17187,13358,11810,5375,19021,30323,41940,28635,0,0,17750,7055,11894,1621,2178,113,0,0,0,0,50223,2791,6258,0,0,0,0,0
515,5151,516.0476617019369,99883,1246,639,84,29,25396,12850,0.38290800236276445,604,264,17127,13304,11854,5373,19083,30389,42095,28781,0,0,17490,7046,12022,1626,2205,116,0,0,0,0,50344,2751,6283,0,0,0,0,0
516,5151,517.4272043990966,99881,1222,596,86,29,25602,12934,0.3858191247584626,588,280,17090,13323,11948,5432,19064,30338,42246,28924,0,0,17193,7077,12223,1634,2269,119,0,0,0,0,50366,2711,6289,0,0,0,0,0
517,5151,518.119083944305,99881,1200,591,86,29,25695,12992,0.3873309237993212,590,269,17041,13276,11971,5452,19110,30381,42393,29064,0,0,16960,7052,12361,1639,2301,121,0,0,0,0,50465,2675,6307,0,0,0,0,0
518,5151,519.497529865819,99880,1178,577,87,29,25905,13084,0.39035843011613935,570,273,17020,13302,12062,5493,19081,30324,42536,29202,0,0,16687,7062,12562,1644,2356,129,0,0,0,0,50482,2645,6313,0,0,0,0,0
519,5151,520.1892059925505,99880,1163,569,87,29,26004,13127,0.3917801361633961,553,284,16971,13252,12079,5500,19145,30364,42676,29337,0,0,16465,7047,12683,1635,2401,130,0,0,0,0,50580,2614,6325,0,0,0,0,0
520,5151,521.5669561371508,99879,1123,549,87,30,26210,13232,0.3948978263699076,503,247,16954,13315,12185,5562,19146,30295,42812,29469,0,0,16192,7058,12918,1656,2454,133,0,0,0,0,50562,2587,6319,0,0,0,0,0
521,5151,522.2575435151812,99879,1085,541,87,30,26286,13274,0.39607925589963855,500,248,16915,13278,12213,5561,19198,30340,42945,29598,0,0,15976,7044,13048,1652,2486,133,0,0,0,0,50644,2557,6339,0,0,0,0,0
522,5151,523.6334183612021,99879,1029,528,87,30,26425,13370,0.39843210284444175,498,226,16920,13307,12291,5620,19173,30287,43074,29725,0,0,15741,7044,13235,1669,2527,142,0,0,0,0,50654,2516,6351,0,0,0,0,0
523,5151,524.3236003088057,99879,1028,524,87,30,26524,13416,0.39988385946995864,472,223,16890,13290,12301,5620,19220,30311,43200,29849,0,0,15544,7014,13365,1664,2559,144,0,0,0,0,50735,2495,6359,0,0,0,0,0
524,5151,525.0122686936683,99878,996,511,88,30,26607,13458,0.4011393900558682,465,219,16873,13264,12318,5627,19258,30347,43323,29971,0,0,15361,6976,13501,1659,2604,145,0,0,0,0,50791,2474,6367,0,0,0,0,0
525,5151,526.3856926907905,99878,955,493,88,30,26756,13542,0.40347223612807626,480,211,16875,13309,12363,5671,19237,30284,43443,30090,0,0,15126,7001,13676,1660,2657,146,0,0,0,0,50794,2440,6378,0,0,0,0,0
526,5151,527.0751331502915,99877,924,475,89,30,26834,13583,0.40466774132182587,451,206,16871,13290,12386,5690,19277,30307,43560,30207,0,0,14947,6971,13823,1662,2681,149,0,0,0,0,50839,2411,6394,0,0,0,0,0
527,5151,528.4488119294526,99875,887,451,91,30,26988,13651,0.40689862327909887,437,212,16904,13350,12442,5710,19237,30245,43674,30321,0,0,14739,6973,14004,1675,2725,152,0,0,0,0,50826,2375,6406,0,0,0,0,0
528,5151,529.1381622645246,99875,886,460,91,30,27073,13695,0.40819023779724656,413,192,16873,13339,12461,5705,19274,30272,43785,30433,0,0,14564,6952,14099,1676,2753,153,0,0,0,0,50911,2347,6420,0,0,0,0,0
529,5151,530.5136068519532,99874,866,440,92,30,27206,13753,0.41010673448545165,384,203,16914,13396,12495,5725,19247,30204,43893,30542,0,0,14365,6946,14245,1680,2800,155,0,0,0,0,50935,2330,6418,0,0,0,0,0
530,5151,531.2035244932607,99874,860,450,92,30,27285,13797,0.4113382862406632,370,185,16882,13392,12506,5718,19288,30223,43998,30649,0,0,14204,6916,14339,1681,2830,157,0,0,0,0,51012,2308,6427,0,0,0,0,0
531,5151,532.5792982795491,99874,842,421,92,30,27429,13851,0.413320784188077,374,187,16884,13475,12559,5745,19247,30140,44100,30754,0,0,14032,6904,14474,1691,2884,163,0,0,0,0,51017,2273,6436,0,0,0,0,0
532,5151,533.269635294311,99874,824,414,92,30,27487,13876,0.41415183130744737,360,188,16878,13482,12554,5737,19290,30147,44200,30857,0,0,13886,6867,14579,1688,2907,165,0,0,0,0,51080,2255,6447,0,0,0,0,0
533,5151,534.6462263838424,99873,768,392,93,30,27595,13933,0.4158080762568462,366,183,16900,13547,12617,5759,19254,30087,44297,30958,0,0,13725,6857,14766,1684,2944,171,0,0,0,0,51046,2229,6451,0,0,0,0,0
534,5151,535.3363674853694,99873,726,376,93,30,27653,13964,0.41669920799415255,360,175,16887,13553,12651,5767,19281,30097,44392,31056,0,0,13567,6829,14879,1696,2966,173,0,0,0,0,51096,2209,6458,0,0,0,0,0
535,5151,536.0258141801636,99873,711,370,93,30,27716,13989,0.41758032701530945,345,167,16892,13560,12661,5765,19296,30106,44484,31152,0,0,13430,6792,14982,1693,2991,175,0,0,0,0,51151,2197,6462,0,0,0,0,0
536,5151,537.403459202483,99873,683,364,93,30,27839,14044,0.4193625904899222,333,166,16940,13628,12704,5784,19245,30026,44574,31246,0,0,13275,6782,15112,1701,3030,181,0,0,0,0,51155,2168,6469,0,0,0,0,0
537,5151,538.0951976849526,99873,652,343,93,30,27888,14067,0.4200835060526869,342,173,16933,13621,12704,5785,19274,30046,44662,31338,0,0,13128,6760,15210,1701,3054,183,0,0,0,0,51207,2156,6474,0,0,0,0,0
538,5151,539.476110315546,99873,629,319,93,30,27992,14112,0.4215754007589639,313,180,17013,13689,12720,5792,19230,29988,44748,31428,0,0,12978,6757,15314,1702,3109,183,0,0,0,0,51222,2127,6481,0,0,0,0,0
539,5151,540.1683609392073,99873,646,309,93,30,28056,14142,0.4225165960770178,289,167,17012,13700,12693,5798,19265,29994,44831,31517,0,0,12856,6731,15393,1700,3122,189,0,0,0,0,51278,2107,6497,0,0,0,0,0
540,5151,541.5514311914229,99873,647,309,93,30,28168,14196,0.42417870695783644,271,151,17059,13795,12698,5798,19230,29915,44912,31604,0,0,12727,6710,15522,1698,3154,192,0,0,0,0,51280,2089,6501,0,0,0,0,0
541,5151,542.2447438884609,99873,640,306,93,30,28220,14222,0.42495969881749823,258,144,17073,13817,12692,5792,19242,29909,44991,31689,0,0,12609,6684,15598,1693,3179,193,0,0,0,0,51333,2073,6511,0,0,0,0,0
542,5151,543.6292943530304,99873,590,293,93,30,28297,14265,0.4261612247554394,247,139,17154,13890,12707,5811,19207,29835,45068,31772,0,0,12472,6669,15719,1695,3214,198,0,0,0,0,51335,2062,6509,0,0,0,0,0
543,5151,544.3237764912998,99873,564,280,93,30,28332,14288,0.426741962292111,252,130,17161,13908,12707,5821,19221,29829,45143,31853,0,0,12355,6642,15798,1697,3235,200,0,0,0,0,51382,2048,6516,0,0,0,0,0
544,5151,545.017734714312,99872,540,281,94,30,28375,14307,0.4273670297981416,244,128,17159,13943,12717,5799,19244,29817,45216,31933,0,0,12243,6624,15870,1690,3259,202,0,0,0,0,51430,2032,6522,0,0,0,0,0
545,5151,546.4045620891568,99872,522,270,94,30,28460,14349,0.4286386574815764,222,117,17248,14055,12719,5804,19193,29722,45288,32011,0,0,12114,6618,15967,1691,3295,204,0,0,0,0,51448,2012,6523,0,0,0,0,0
546,5151,547.1000105821406,99872,500,261,94,30,28494,14368,0.42916933675104135,227,113,17260,14104,12696,5797,19221,29693,45358,32087,0,0,12020,6585,16040,1686,3319,209,0,0,0,0,51488,1997,6528,0,0,0,0,0
547,5151,548.4898716753405,99872,484,240,94,30,28576,14410,0.43041092598526115,200,102,17364,14202,12686,5824,19170,29600,45426,32162,0,0,11907,6575,16149,1681,3361,212,0,0,0,0,51483,1982,6522,0,0,0,0,0
548,5151,549.1869045781434,99872,472,237,94,30,28611,14427,0.4309315924383211,198,94,17385,14233,12672,5816,19177,29588,45492,32235,0,0,11809,6552,16210,1676,3380,214,0,0,0,0,51533,1968,6530,0,0,0,0,0
549,5151,550.5804175546677,99872,445,231,94,30,28693,14460,0.43208306632489585,178,95,17470,14351,12674,5812,19137,29479,45557,32307,0,0,11697,6537,16298,1682,3407,221,0,0,0,0,51547,1950,6533,0,0,0,0,0
550,5151,551.2794907815367,99872,424,229,94,30,28715,14478,0.4324835789810958,176,91,17477,14387,12663,5799,19164,29462,45620,32377,0,0,11611,6513,16370,1674,3420,224,0,0,0,0,51581,1935,6544,0,0,0,0,0
551,5151,552.6757853456454,99872,414,206,94,30,28793,14511,0.4335950016020506,150,74,17570,14500,12645,5809,19125,29379,45681,32446,0,0,11509,6495,16447,1677,3464,226,0,0,0,0,51589,1923,6542,0,0,0,0,0
552,5151,553.3757045728225,99872,394,195,94,30,28810,14517,0.43382529637936557,162,80,17577,14523,12634,5801,19137,29369,45741,32513,0,0,11427,6468,16507,1673,3480,226,0,0,0,0,51629,1909,6553,0,0,0,0,0
553,5151,554.0753019853972,99872,385,196,94,30,28840,14539,0.4343459628324255,155,68,17602,14567,12619,5794,19143,29343,45799,32579,0,0,11344,6444,16566,1669,3495,231,0,0,0,0,51672,1897,6554,0,0,0,0,0
554,5151,555.4737530091357,99872,350,194,94,30,28891,14564,0.4351069368792054,154,64,17680,14660,12612,5787,19108,29263,45856,32643,0,0,11258,6421,16643,1671,3523,234,0,0,0,0,51680,1884,6558,0,0,0,0,0
555,5151,556.1749654166488,99872,335,186,94,30,28918,14575,0.4354874239025953,153,58,17702,14695,12587,5781,19127,29248,45912,32706,0,0,11178,6401,16700,1662,3543,236,0,0,0,0,51715,1873,6564,0,0,0,0,0
556,5151,557.5760114951687,99871,319,178,95,30,28970,14601,0.436272791901553,143,51,17794,14807,12564,5767,19083,29165,45966,32768,0,0,11081,6391,16775,1661,3566,237,0,0,0,0,51735,1864,6561,0,0,0,0,0
557,5151,558.2781711598104,99871,312,157,95,30,28998,14607,0.4366132310680778,133,59,17832,14850,12543,5765,19083,29137,46019,32828,0,0,11000,6369,16830,1659,3581,239,0,0,0,0,51773,1854,6566,0,0,0,0,0
558,5151,559.6826065252096,99871,316,144,95,30,29062,14625,0.4374342902344024,104,57,17916,14968,12534,5754,19033,29045,46071,32887,0,0,10904,6366,16892,1657,3597,241,0,0,0,0,51798,1842,6574,0,0,0,0,0
559,5151,560.3870302050875,99871,296,141,95,30,29078,14638,0.43772466481761474,110,54,17933,15016,12521,5741,19043,29016,46121,32945,0,0,10839,6329,16953,1659,3606,244,0,0,0,0,51829,1833,6579,0,0,0,0,0
560,5151,561.091422355916,99871,293,138,95,30,29101,14647,0.43804507815081456,99,48,17956,15080,12504,5721,19051,28981,46170,33002,0,0,10767,6310,16994,1654,3617,247,0,0,0,0,51874,1824,6584,0,0,0,0,0
561,5151,562.4995831200345,99870,267,132,96,30,29131,14667,0.4385501151496946,110,42,18058,15192,12471,5711,18996,28891,46218,33057,0,0,10693,6277,17065,1666,3631,247,0,0,0,0,51893,1815,6583,0,0,0,0,0
562,5151,563.2056226410862,99870,263,137,96,30,29151,14680,0.43888054470812055,109,34,18088,15230,12448,5701,18994,28866,46265,33111,0,0,10628,6251,17109,1663,3643,247,0,0,0,0,51935,1808,6586,0,0,0,0,0
563,5151,564.6181402159881,99870,245,125,96,30,29182,14695,0.43934114348653247,117,31,18174,15356,12422,5675,18944,28781,46311,33164,0,0,10555,6234,17165,1666,3660,249,0,0,0,0,51956,1796,6589,0,0,0,0,0
564,5151,565.3265380724055,99870,247,116,96,30,29200,14701,0.43958145589266046,114,31,18210,15404,12384,5657,18947,28760,46356,33216,0,0,10492,6216,17203,1659,3669,252,0,0,0,0,51994,1789,6596,0,0,0,0,0
565,5151,566.0348631021346,99869,238,114,97,30,29217,14704,0.4397861198169602,117,36,18236,15453,12351,5638,18959,28727,46400,33267,0,0,10435,6198,17241,1648,3684,253,0,0,0,0,52027,1778,6605,0,0,0,0,0
566,5151,567.4509548921196,99869,237,109,97,30,29264,14715,0.4403668806136038,97,45,18332,15569,12317,5621,18918,28624,46442,33317,0,0,10359,6193,17287,1647,3693,256,0,0,0,0,52052,1769,6613,0,0,0,0,0
567,5151,568.1605933031581,99869,230,104,97,30,29283,14721,0.4406172085431916,90,48,18371,15599,12282,5613,18928,28604,46483,33366,0,0,10301,6171,17330,1645,3705,257,0,0,0,0,52084,1762,6614,0,0,0,0,0
568,5151,569.5793578174046,99869,201,93,97,30,29308,14735,0.4410077201133485,90,46,18479,15724,12258,5605,18873,28500,46523,33414,0,0,10233,6159,17390,1643,3720,260,0,0,0,0,52093,1755,6616,0,0,0,0,0
569,5151,570.2908022220449,99868,190,94,98,30,29317,14744,0.44119237393359234,93,44,18512,15791,12232,5582,18873,28457,46563,33461,0,0,10183,6133,17419,1640,3731,263,0,0,0,0,52128,1748,6623,0,0,0,0,0
570,5151,571.0024054482737,99868,191,97,98,30,29335,14753,0.44146273080466214,85,37,18554,15841,12198,5572,18872,28421,46602,33507,0,0,10128,6113,17446,1636,3746,263,0,0,0,0,52171,1742,6623,0,0,0,0,0
571,5151,572.4258265801914,99868,183,92,98,30,29367,14767,0.44192333880722556,78,37,18659,15978,12160,5551,18820,28310,46640,33552,0,0,10068,6095,17496,1641,3757,264,0,0,0,0,52190,1732,6625,0,0,0,0,0
572,5151,573.1393644455163,99868,174,87,98,30,29378,14773,0.44209356350382506,77,38,18694,16026,12135,5549,18820,28268,46677,33596,0,0,10011,6080,17528,1638,3767,265,0,0,0,0,52226,1725,6628,0,0,0,0,0
573,5151,574.5671772719232,99867,176,75,99,30,29413,14783,0.4425485896242002,64,40,18823,16143,12089,5543,18747,28167,46713,33639,0,0,9961,6061,17574,1636,3782,267,0,0,0,0,52238,1717,6631,0,0,0,0,0
574,5151,575.2828325265401,99867,168,76,99,30,29419,14792,0.44269878938988855,64,38,18850,16212,12065,5528,18752,28114,46748,33681,0,0,9915,6045,17607,1632,3789,267,0,0,0,0,52265,1706,6641,0,0,0,0,0
575,5151,576.7097738202573,99865,175,75,101,30,29450,14809,0.44318830421068445,58,33,18948,16351,12019,5511,18697,27998,46782,33722,0,0,9861,6030,17643,1631,3801,267,0,0,0,0,52288,1701,6643,0,0,0,0,0
576,5151,577.4200127766671,99865,172,70,101,30,29463,14813,0.44335853402092823,54,34,18987,16396,11998,5496,18686,27972,46815,33763,0,0,9815,6015,17679,1626,3808,267,0,0,0,0,52311,1693,6651,0,0,0,0,0
577,5151,578.129302393263,99865,163,72,101,30,29473,14821,0.4435387773494217,53,35,19043,16454,11962,5481,18676,27926,46848,33803,0,0,9766,6002,17710,1621,3817,267,0,0,0,0,52340,1686,6656,0,0,0,0,0
578,5151,579.5430892307687,99865,149,70,101,30,29483,14837,0.44379912882391226,66,26,19147,16572,11912,5465,18623,27835,46880,33842,0,0,9723,5988,17745,1616,3831,269,0,0,0,0,52354,1677,6662,0,0,0,0,0
579,5151,580.2467798924713,99865,137,63,101,30,29489,14838,0.44386922345165974,70,31,19191,16616,11886,5458,18613,27800,46911,33880,0,0,9682,5972,17771,1614,3843,270,0,0,0,0,52380,1668,6665,0,0,0,0,0
580,5151,581.6494519610922,99865,130,61,101,30,29512,14851,0.44422971010864665,60,29,19309,16734,11842,5449,18556,27695,46941,33917,0,0,9637,5960,17815,1612,3848,273,0,0,0,0,52388,1661,6671,0,0,0,0,0
581,5151,582.3473542509639,99865,120,63,101,30,29519,14858,0.4443698993641416,58,28,19357,16780,11815,5434,18547,27663,46971,33954,0,0,9597,5943,17844,1608,3851,277,0,0,0,0,52413,1656,6676,0,0,0,0,0
582,5151,583.0437794948632,99865,108,63,101,30,29524,14864,0.4444800480648876,67,26,19407,16839,11788,5421,18527,27619,47000,33990,0,0,9555,5929,17868,1607,3857,279,0,0,0,0,52442,1647,6681,0,0,0,0,0
583,5151,584.4315933932555,99865,113,60,101,30,29550,14871,0.4448104941671256,57,23,19512,16986,11752,5398,18463,27501,47028,34025,0,0,9510,5922,17891,1604,3866,281,0,0,0,0,52466,1639,6686,0,0,0,0,0
584,5151,585.1225119802025,99865,108,58,101,30,29557,14875,0.44492064286787164,57,20,19568,17044,11724,5387,18440,27459,47056,34059,0,0,9469,5911,17916,1602,3869,282,0,0,0,0,52492,1631,6693,0,0,0,0,0
585,5151,586.0803601664167,99865,105,59,101,30,29560,14879,0.44499073749561907,56,18,19583,17051,11708,5379,18445,27461,47083,34093,0,0,9430,5898,17933,1599,3875,282,0,0,0,0,52525,1625,6698,0,0,0,0,0
586,5151,587.253015660696,99865,106,61,101,30,29588,14887,0.44535122415260603,49,19,19725,17220,11654,5345,18363,27323,47110,34126,0,0,9392,5878,17969,1600,3882,283,0,0,0,0,52540,1622,6699,0,0,0,0,0
587,5151,588.1006546279183,99865,108,59,101,30,29597,14889,0.445461372853352,43,19,19739,17237,11630,5337,18377,27316,47136,34158,0,0,9365,5858,17995,1598,3885,285,0,0,0,0,52560,1614,6705,0,0,0,0,0
588,5151,589.1234532851072,99865,100,53,101,30,29610,14893,0.44563160266359586,35,19,19844,17344,11588,5322,18330,27230,47161,34190,0,0,9332,5840,18028,1595,3899,285,0,0,0,0,52573,1611,6702,0,0,0,0,0
589,5151,590.5848866586741,99865,101,45,101,30,29633,14900,0.445932008211085,22,22,19985,17508,11526,5303,18263,27090,47186,34221,0,0,9292,5831,18060,1594,3908,286,0,0,0,0,52586,1605,6703,0,0,0,0,0
590,5151,591.0963280741688,99865,101,46,101,30,29637,14905,0.4460221298753317,25,20,20012,17569,11501,5291,18258,27042,47210,34252,0,0,9266,5815,18080,1589,3914,287,0,0,0,0,52606,1598,6710,0,0,0,0,0
591,5151,592.024535966748,99865,100,44,101,30,29649,14909,0.4461823461673259,20,20,20096,17642,11457,5274,18224,26988,47234,34282,0,0,9235,5797,18112,1587,3918,287,0,0,0,0,52621,1594,6714,0,0,0,0,0
592,5151,593.0110678379643,99865,92,40,101,30,29655,14913,0.44628248134982224,23,25,20163,17737,11433,5262,18186,26904,47257,34311,0,0,9197,5790,18132,1583,3926,288,0,0,0,0,52643,1591,6715,0,0,0,0,0
593,5151,594.2261032818219,99865,84,42,101,30,29660,14920,0.4464026435688179,22,21,20228,17800,11398,5253,18165,26852,47280,34340,0,0,9163,5779,18150,1581,3934,289,0,0,0,0,52667,1586,6716,0,0,0,0,0
594,5151,595.0645348666433,99865,75,43,101,30,29660,14925,0.4464527111600661,30,18,20320,17878,11353,5235,18119,26794,47302,34368,0,0,9132,5767,18171,1578,3938,290,0,0,0,0,52689,1581,6719,0,0,0,0,0
595,5151,596.0227794541084,99865,73,43,101,30,29665,14929,0.44654283282431284,27,16,20401,17976,11311,5221,18085,26712,47324,34396,0,0,9111,5749,18196,1576,3943,290,0,0,0,0,52702,1572,6726,0,0,0,0,0
596,5151,597.0918028825815,99865,75,40,101,30,29674,14931,0.44665298152505883,20,17,20466,18057,11283,5211,18053,26643,47345,34423,0,0,9093,5730,18219,1574,3950,290,0,0,0,0,52713,1563,6733,0,0,0,0,0
597,5151,598.038942116174,99865,72,39,101,30,29680,14936,0.4467631302258048,16,16,20532,18124,11247,5198,18030,26591,47366,34450,0,0,9058,5721,18233,1575,3955,290,0,0,0,0,52739,1558,6736,0,0,0,0,0
598,5151,599.0315586215146,99865,64,40,101,30,29687,14943,0.44690331948129974,19,11,20606,18208,11215,5178,17993,26531,47386,34476,0,0,9029,5709,18256,1572,3962,291,0,0,0,0,52753,1556,6737,0,0,0,0,0
599,5151,600.1335645403275,99865,61,35,101,30,29695,14944,0.4469934411455465,20,16,20725,18348,11154,5153,17937,26416,47406,34502,0,0,9003,5696,18277,1569,3970,291,0,0,0,0,52767,1552,6740,0,0,0,0,0
600,5151,601.0653459363571,99865,62,38,101,30,29699,14948,0.4470735492915436,20,14,20765,18383,11125,5139,17925,26394,47425,34527,0,0,8983,5678,18297,1568,3971,292,0,0,0,0,52784,1548,6744,0,0,0,0,0
601,5151,602.0473887638478,99865,56,35,101,30,29705,14949,0.44714364391929107,19,17,20842,18447,11087,5130,17893,26339,47444,34552,0,0,8953,5667,18311,1567,3977,293,0,0,0,0,52806,1546,6745,0,0,0,0,0
602,5151,603.001103912398,99865,58,33,101,30,29712,14953,0.44725379262003706,17,14,20924,18532,11046,5117,17852,26272,47463,34576,0,0,8925,5660,18323,1563,3985,293,0,0,0,0,52827,1542,6747,0,0,0,0,0
603,5151,604.3477157697721,99865,53,27,101,30,29719,14957,0.44736394132078305,16,15,21065,18681,10985,5097,17778,26148,47481,34600,0,0,8893,5651,18344,1566,3988,293,0,0,0,0,52843,1538,6749,0,0,0,0,0
604,5151,605.1368577122871,99865,53,30,101,30,29722,14961,0.44743403594853054,15,12,21098,18726,10960,5088,17771,26112,47499,34623,0,0,8872,5637,18356,1564,3992,294,0,0,0,0,52863,1535,6752,0,0,0,0,0
605,5151,606.2166422359975,99865,46,31,101,30,29723,14968,0.4475141440945276,19,11,21181,18819,10919,5076,17732,26031,47516,34646,0,0,8850,5624,18373,1560,4000,295,0,0,0,0,52877,1534,6752,0,0,0,0,0
606,5151,607.083511667142,99865,42,27,101,30,29726,14969,0.4475541981675262,19,13,21291,18929,10865,5062,17680,25937,47533,34668,0,0,8822,5615,18387,1560,4005,295,0,0,0,0,52898,1532,6751,0,0,0,0,0
607,5151,608.1773537586845,99865,41,29,101,30,29728,14972,0.4476042657587743,17,10,21323,18983,10846,5041,17670,25905,47550,34690,0,0,8804,5601,18403,1558,4006,297,0,0,0,0,52913,1529,6754,0,0,0,0,0
608,5151,609.077110564906,99865,39,25,101,30,29732,14975,0.4476743603865218,16,10,21426,19112,10792,5024,17624,25797,47566,34712,0,0,8774,5596,18414,1556,4012,297,0,0,0,0,52934,1528,6754,0,0,0,0,0
609,5151,610.1728799948902,99865,38,26,101,30,29736,14977,0.44773444149601965,12,10,21497,19172,10756,5015,17594,25745,47582,34733,0,0,8748,5587,18426,1556,4014,297,0,0,0,0,52956,1526,6755,0,0,0,0,0
610,5151,611.0862818423329,99865,31,24,101,30,29737,14978,0.4477544685325189,14,12,21556,19227,10730,5002,17566,25703,47598,34754,0,0,8726,5578,18435,1555,4019,298,0,0,0,0,52973,1521,6760,0,0,0,0,0
611,5151,612.0231498200753,99865,29,31,101,30,29740,14987,0.44787463075151457,13,4,21633,19332,10694,4985,17528,25616,47613,34774,0,0,8703,5569,18447,1555,4022,298,0,0,0,0,52992,1518,6761,0,0,0,0,0
612,5151,613.0192117278416,99865,35,26,101,30,29748,14988,0.4479647524157613,9,5,21749,19429,10635,4966,17469,25542,47628,34794,0,0,8685,5556,18463,1555,4025,298,0,0,0,0,53005,1514,6764,0,0,0,0,0
613,5151,614.0469265120332,99865,31,23,101,30,29750,14989,0.4479947929705102,10,6,21797,19488,10612,4951,17447,25500,47643,34814,0,0,8665,5546,18472,1554,4032,298,0,0,0,0,53021,1510,6767,0,0,0,0,0
614,5151,615.294546285993,99865,29,22,101,30,29755,14991,0.44806488759825763,8,4,21916,19629,10560,4927,17384,25386,47657,34833,0,0,8644,5539,18482,1552,4038,298,0,0,0,0,53036,1507,6769,0,0,0,0,0
615,5151,616.2565517339134,99865,25,22,101,30,29757,14994,0.44811495518950584,7,2,22018,19713,10526,4912,17321,25319,47671,34852,0,0,8620,5532,18494,1552,4040,298,0,0,0,0,53053,1505,6771,0,0,0,0,0
616,5151,617.0625705977274,99865,22,22,101,30,29758,14996,0.44814499574425476,7,1,22131,19789,10475,4902,17262,25254,47685,34871,0,0,8605,5519,18511,1551,4041,299,0,0,0,0,53064,1501,6774,0,0,0,0,0
617,5151,618.2817019377362,99865,20,21,101,30,29759,14996,0.4481550092625044,10,2,22237,19893,10431,4875,17199,25177,47699,34889,0,0,8587,5512,18518,1546,4049,299,0,0,0,0,53081,1499,6774,0,0,0,0,0
618,5151,619.2639570966129,99865,22,21,101,30,29761,14996,0.4481750362990037,9,2,22263,19931,10412,4865,17191,25149,47712,34907,0,0,8569,5503,18527,1544,4051,299,0,0,0,0,53099,1497,6776,0,0,0,0,0
619,5151,620.0558890073489,99865,17,17,101,30,29761,14996,0.4481750362990037,9,4,22339,20009,10371,4852,17161,25086,47725,34925,0,0,8553,5490,18542,1545,4054,299,0,0,0,0,53110,1494,6778,0,0,0,0,0
620,5151,621.2354903636748,99865,18,16,101,30,29764,14998,0.44822510389025183,13,3,22487,20161,10304,4832,17075,24956,47738,34942,0,0,8535,5485,18550,1541,4059,299,0,0,0,0,53124,1491,6781,0,0,0,0,0
621,5151,622.1624228833599,99865,19,16,101,30,29766,14999,0.44825514444500075,12,3,22517,20183,10281,4830,17068,24936,47751,34959,0,0,8517,5477,18559,1540,4061,299,0,0,0,0,53141,1488,6783,0,0,0,0,0
622,5151,623.0723207515782,99865,18,16,101,30,29768,15002,0.44830521203624896,11,2,22594,20269,10241,4819,17033,24862,47763,34976,0,0,8501,5471,18570,1539,4062,299,0,0,0,0,53152,1482,6789,0,0,0,0,0
623,5151,624.1827288653564,99865,16,16,101,30,29769,15002,0.4483152255544986,14,4,22676,20367,10205,4803,16986,24778,47775,34992,0,0,8484,5467,18577,1538,4062,300,0,0,0,0,53166,1477,6794,0,0,0,0,0
624,5151,625.2544623165425,99865,13,12,101,30,29772,15003,0.4483552796274971,13,3,22757,20473,10178,4788,16936,24692,47787,35008,0,0,8463,5464,18588,1537,4065,300,0,0,0,0,53178,1474,6796,0,0,0,0,0
625,5151,626.1368641452909,99865,12,11,101,30,29775,15004,0.44839533370049567,10,3,22809,20514,10150,4781,16916,24659,47799,35024,0,0,8445,5458,18597,1536,4067,301,0,0,0,0,53192,1472,6797,0,0,0,0,0
626,5151,627.4384632359651,99865,10,10,101,30,29776,15004,0.4484053472187453,12,3,22942,20651,10090,4760,16843,24544,47810,35039,0,0,8426,5454,18602,1535,4068,302,0,0,0,0,53209,1470,6799,0,0,0,0,0
627,5151,628.0413924601949,99865,11,10,101,30,29777,15005,0.4484253742552446,11,3,22975,20699,10076,4752,16824,24504,47821,35054,0,0,8410,5448,18607,1534,4070,302,0,0,0,0,53225,1467,6802,0,0,0,0,0
628,5151,629.0017875531498,99865,13,8,101,30,29781,15005,0.44846542832824315,9,3,23028,20774,10049,4739,16798,24444,47832,35069,0,0,8394,5442,18616,1533,4072,302,0,0,0,0,53238,1464,6804,0,0,0,0,0
629,5151,630.4214734000448,99865,15,7,101,30,29786,15006,0.44852550943774094,31,27,23165,20912,9982,4713,16704,24309,47843,35084,0,0,8380,5435,18627,1529,4076,302,0,0,0,1,53247,1463,6805,0,0,0,0,0
630,5151,631.1897908324911,99865,22,9,101,30,29795,15008,0.44863565813848694,27,26,23228,20993,9957,4698,16663,24242,47853,35098,0,0,8366,5429,18632,1528,4078,302,1,0,0,1,53260,1459,6809,0,0,0,0,0
631,5151,632.0737820021213,99865,25,11,101,30,29802,15011,0.44873579332098334,25,24,23295,21081,9922,4685,16630,24167,47863,35112,0,0,8352,5420,18639,1529,4080,302,1,0,0,3,53272,1457,6810,0,0,0,0,0
632,5151,633.289901018558,99865,25,16,101,30,29805,15018,0.4488359285034797,31,23,23380,21204,9881,4667,16580,24058,47873,35126,0,0,8334,5415,18644,1527,4082,302,2,0,0,7,53285,1457,6810,0,0,0,0,0
633,5151,634.104225305937,99865,30,19,101,30,29814,15022,0.448966104240725,26,20,23442,21273,9854,4650,16545,24006,47883,35140,0,0,8325,5407,18652,1524,4085,302,2,0,0,12,53289,1453,6814,0,0,0,0,0
634,5151,635.124012272567,99865,33,18,101,30,29820,15025,0.4490562259049717,28,19,23495,21335,9827,4642,16514,23954,47893,35153,0,0,8313,5398,18661,1521,4087,303,4,0,0,17,53294,1453,6814,0,0,0,0,0
635,5151,636.1732998100456,99865,35,21,101,30,29828,15032,0.44920642867871624,32,24,23590,21445,9790,4621,16450,23857,47903,35166,0,0,8295,5392,18665,1522,4088,303,6,0,0,23,53304,1451,6816,0,0,0,0,0
636,5151,637.1141210837364,99865,37,22,101,30,29834,15034,0.44928653682471337,45,28,23658,21522,9758,4604,16399,23792,47912,35179,0,0,8283,5386,18670,1518,4093,303,7,0,0,26,53312,1450,6817,0,0,0,0,0
637,5151,638.0521600378828,99865,38,26,101,30,29843,15040,0.4494367395984579,50,29,23738,21604,9720,4593,16351,23716,47921,35192,0,0,8270,5379,18673,1517,4099,304,9,0,0,28,53321,1448,6817,0,0,0,0,0
638,5151,639.2977307874197,99865,50,32,101,30,29860,15050,0.4497071045911981,52,25,23828,21718,9685,4576,16282,23617,47930,35204,0,0,8259,5369,18680,1518,4102,304,9,0,0,33,53327,1447,6817,0,0,0,0,0
639,5151,640.2286940255248,99865,57,36,101,30,29871,15057,0.4498873479196916,59,29,23893,21809,9649,4560,16239,23534,47939,35216,0,0,8246,5363,18685,1517,4105,304,9,0,0,38,53335,1446,6817,0,0,0,0,0
640,5151,641.1570693372591,99865,59,38,101,30,29884,15064,0.4500876182846843,53,29,23951,21874,9627,4552,16207,23475,47948,35228,0,0,8231,5361,18685,1515,4110,305,12,0,0,46,53339,1441,6820,0,0,0,0,0
641,5151,642.0832519137034,99865,66,39,101,30,29900,15072,0.4503279427226756,51,30,24000,21963,9606,4545,16174,23391,47956,35240,0,0,8216,5356,18681,1516,4118,306,14,0,0,50,53348,1439,6821,0,0,0,0,0
642,5151,643.0072673289657,99865,70,39,101,30,29910,15076,0.45046813197817054,65,34,24040,22044,9580,4535,16142,23316,47964,35252,0,0,8204,5350,18684,1517,4120,307,14,0,0,55,53355,1436,6823,0,0,0,0,0
643,5151,644.2361441274053,99865,75,39,101,30,29934,15088,0.45082861863515744,75,29,24109,22141,9549,4530,16089,23229,47972,35263,0,0,8185,5346,18683,1513,4132,307,19,0,0,70,53354,1436,6820,0,0,0,0,0
644,5151,645.1556964407474,99865,85,39,101,30,29952,15094,0.45106894307314876,75,30,24165,22214,9521,4519,16051,23166,47980,35274,0,0,8173,5339,18685,1513,4137,308,20,0,0,76,53359,1435,6820,0,0,0,0,0
645,5151,646.073034571223,99865,87,36,101,30,29968,15098,0.45126921343814147,75,34,24233,22291,9498,4519,16004,23088,47988,35285,0,0,8159,5332,18686,1515,4143,308,21,0,0,87,53361,1433,6820,0,0,0,0,0
646,5151,647.2923034807925,99865,98,42,101,30,29993,15106,0.4515996595403795,73,36,24312,22388,9464,4503,15950,22999,47996,35296,0,0,8146,5325,18689,1513,4149,308,26,0,0,94,53362,1431,6822,0,0,0,0,0
647,5151,648.2039891572921,99865,111,44,101,30,30015,15111,0.4518700245331197,73,41,24365,22467,9437,4487,15911,22929,48004,35307,0,0,8134,5320,18689,1510,4158,308,28,0,0,98,53368,1430,6822,0,0,0,0,0
648,5151,649.1134229177898,99865,111,52,101,30,30035,15123,0.4521904571171081,80,45,24406,22530,9427,4469,15873,22872,48011,35318,0,0,8118,5313,18689,1513,4161,309,32,0,0,110,53368,1428,6824,0,0,0,0,0
649,5151,650.021024634638,99865,117,59,101,30,30055,15136,0.4525209032193461,88,44,24464,22601,9404,4463,15824,22801,48018,35328,0,0,8103,5308,18690,1512,4166,309,38,0,0,120,53367,1426,6826,0,0,0,0,0
650,5151,651.2276840193869,99865,117,64,101,30,30083,15152,0.45296149802233016,90,48,24546,22695,9387,4452,15757,22709,48025,35338,0,0,8087,5302,18689,1510,4176,310,45,0,0,139,53357,1423,6827,0,0,0,0,0
651,5151,652.1299609335074,99865,122,59,101,30,30103,15158,0.4532218494968207,95,55,24620,22751,9367,4449,15693,22654,48032,35348,0,0,8075,5298,18687,1512,4183,310,47,0,0,154,53352,1418,6829,0,0,0,0,0
652,5151,653.0294817012831,99865,126,66,101,30,30124,15172,0.453572322635558,103,54,24681,22813,9340,4442,15647,22593,48039,35358,0,0,8070,5288,18690,1515,4187,311,47,0,0,169,53342,1413,6833,0,0,0,0,0
653,5151,654.225027575516,99865,131,71,101,30,30153,15185,0.45399289040204277,112,58,24774,22897,9302,4432,15578,22510,48046,35368,0,0,8056,5287,18684,1514,4195,313,51,0,0,187,53334,1409,6835,0,0,0,0,0
654,5151,655.1186482427428,99865,132,81,101,30,30174,15201,0.4543633905772793,129,61,24814,22975,9291,4419,15531,22432,48053,35378,0,0,8044,5280,18680,1516,4206,313,53,0,0,198,53333,1407,6835,0,0,0,0,0
655,5151,656.0105324622258,99865,152,84,101,30,30208,15210,0.4547939718620137,121,65,24864,23033,9276,4412,15484,22374,48060,35387,0,0,8032,5276,18681,1517,4207,315,53,0,0,212,53331,1406,6835,0,0,0,0,0
656,5151,657.1966522118561,99865,168,93,101,30,30252,15228,0.4554148099934912,129,75,24934,23099,9255,4412,15411,22289,48066,35396,0,0,8017,5271,18682,1516,4213,317,57,0,0,234,53320,1406,6832,0,0,0,0,0
657,5151,658.0838434365887,99865,168,98,101,30,30273,15241,0.4557552696139789,148,81,24967,23149,9251,4408,15363,22232,48072,35405,0,0,8004,5262,18681,1520,4218,319,60,0,0,246,53317,1406,6832,0,0,0,0,0
658,5151,659.2640502481804,99865,189,104,101,30,30322,15263,0.4564662294097031,156,85,25044,23253,9230,4399,15278,22127,48078,35414,0,0,7985,5257,18679,1521,4225,320,69,0,0,270,53303,1405,6831,0,0,0,0,0
659,5151,660.1465272442856,99865,220,121,101,30,30375,15290,0.45726731086967404,151,82,25088,23299,9220,4396,15218,22070,48084,35423,0,0,7972,5250,18673,1524,4236,320,73,0,0,284,53298,1403,6832,0,0,0,0,0
660,5151,661.0270768569708,99865,220,123,101,30,30401,15308,0.45770790567265807,175,96,25139,23350,9202,4392,15161,22007,48090,35432,0,0,7959,5242,18670,1523,4253,320,80,0,0,302,53286,1402,6828,0,0,0,0,0
661,5151,662.1981558967626,99865,223,134,101,30,30442,15334,0.4583788113953838,190,103,25198,23428,9194,4386,15092,21917,48096,35441,0,0,7943,5238,18666,1522,4266,322,91,0,0,327,53266,1396,6828,0,0,0,0,0
662,5151,663.0742789737104,99864,232,124,102,30,30480,15348,0.4589041095890411,182,105,25247,23493,9190,4399,15045,21847,48102,35449,0,0,7932,5229,18660,1525,4279,323,94,0,0,358,53243,1395,6826,0,0,0,0,0
663,5151,664.2398072336231,99864,246,120,102,30,30529,15369,0.45960506288552433,209,106,25303,23591,9174,4405,14964,21746,48108,35457,0,0,7920,5222,18650,1533,4293,325,96,0,0,390,53221,1390,6824,0,0,0,0,0
664,5151,665.1119236498184,99864,270,134,102,30,30576,15390,0.46028598894496514,209,116,25330,23644,9168,4397,14919,21677,48114,35465,0,0,7908,5214,18653,1535,4302,325,101,0,0,404,53214,1389,6819,0,0,0,0,0
665,5151,666.272930084505,99864,275,139,102,30,30636,15420,0.4611872146118721,230,127,25359,23736,9165,4407,14867,21559,48120,35473,0,0,7892,5201,18644,1547,4318,325,111,0,0,446,53178,1382,6820,0,0,0,0,0
666,5151,667.1425002244277,99864,293,152,102,30,30694,15448,0.4620483858046944,255,125,25376,23793,9169,4411,14803,21487,48125,35481,0,0,7877,5195,18634,1551,4336,325,117,0,0,472,53161,1379,6817,0,0,0,0,0
667,5151,668.0107623389943,99863,304,171,103,30,30744,15480,0.4628741375684688,269,120,25428,23855,9155,4409,14739,21413,48130,35489,0,0,7865,5185,18635,1556,4344,326,122,0,0,503,53136,1377,6814,0,0,0,0,0
668,5151,669.1656193967189,99863,316,178,103,30,30830,15517,0.4641058249802229,273,124,25469,23936,9170,4418,14667,21312,48135,35497,0,0,7846,5170,18617,1566,4365,333,135,0,0,549,53096,1375,6811,0,0,0,0,0
669,5151,670.0301031222284,99863,317,184,103,30,30879,15541,0.46483682645223956,300,142,25508,24000,9165,4419,14605,21223,48140,35505,0,0,7832,5159,18612,1577,4377,337,141,0,0,576,53076,1369,6807,0,0,0,0,0
670,5151,671.1804486151075,99863,349,188,103,30,30971,15582,0.46616865105194116,286,145,25547,24093,9176,4426,14537,21116,48145,35512,0,0,7814,5148,18604,1583,4398,338,153,0,0,631,53027,1367,6800,0,0,0,0,0
671,5151,672.0418254089068,99863,378,195,103,30,31037,15611,0.4671199543374423,308,150,25557,24151,9174,4425,14478,21047,48150,35519,0,0,7805,5138,18602,1587,4408,342,159,0,0,660,53001,1362,6799,0,0,0,0,0
672,5151,673.1892218691834,99862,378,211,104,30,31115,15654,0.46833630409965754,346,151,25550,24235,9199,4424,14421,20947,48155,35526,0,0,7782,5117,18590,1601,4432,347,177,0,0,695,52971,1359,6791,0,0,0,0,0
673,5151,674.0494069701559,99862,399,207,104,30,31185,15682,0.4693176583685486,375,157,25555,24275,9203,4442,14362,20887,48160,35533,0,0,7768,5105,18582,1607,4453,348,185,0,0,738,52934,1358,6784,0,0,0,0,0
674,5151,675.1950909848199,99862,466,218,104,30,31310,15730,0.47105004906771347,378,165,25570,24343,9205,4461,14275,20781,48165,35540,0,0,7750,5099,18564,1611,4473,350,193,0,0,796,52886,1357,6783,0,0,0,0,0
675,5151,676.0532394487981,99862,489,227,104,30,31397,15764,0.4722617211752218,376,173,25588,24395,9226,4466,14215,20707,48170,35547,0,0,7736,5083,18555,1623,4493,353,203,0,0,837,52849,1353,6777,0,0,0,0,0
676,5151,677.1960205717476,99862,515,253,104,30,31500,15828,0.4739340289599647,427,178,25599,24444,9231,4481,14122,20612,48175,35554,0,0,7719,5063,18540,1636,4522,357,215,0,0,887,52804,1350,6769,0,0,0,0,0
677,5151,678.05209251906,99862,551,252,104,30,31592,15863,0.475205783981895,451,215,25585,24480,9249,4498,14058,20523,48180,35561,0,0,7706,5055,18528,1642,4544,359,221,0,0,940,52758,1346,6763,0,0,0,0,0
678,5151,679.1928882674308,99862,570,269,104,30,31708,15922,0.4769582023192005,480,244,25600,24524,9268,4525,13976,20406,48184,35568,0,0,7680,5040,18504,1653,4580,360,243,0,0,1006,52696,1341,6759,0,0,0,0,0
679,5151,680.047275465295,99862,619,289,104,30,31832,15972,0.47870060683743565,479,241,25586,24560,9296,4539,13914,20339,48188,35574,0,0,7654,5028,18487,1667,4603,362,263,0,0,1050,52658,1335,6755,0,0,0,0,0
680,5151,681.186319053672,99861,658,298,104,31,31964,16033,0.48063808694084775,518,265,25561,24611,9332,4570,13825,20223,48192,35580,0,0,7635,5015,18474,1671,4635,368,278,0,0,1123,52586,1332,6744,0,0,0,0,0
681,5151,682.0405916026808,99861,686,332,104,31,32067,16091,0.48225032795585865,564,268,25537,24649,9354,4573,13753,20145,48196,35586,0,0,7615,5001,18455,1684,4661,369,294,0,0,1163,52549,1326,6744,0,0,0,0,0
682,5151,683.1793349304194,99860,728,354,105,31,32223,16173,0.48463849389144803,597,287,25487,24694,9414,4600,13667,20032,48200,35592,0,0,7591,4986,18435,1692,4700,373,311,0,0,1250,52464,1322,6736,0,0,0,0,0
683,5151,684.0339732400356,99860,754,356,105,31,32362,16233,0.48663128379731624,610,302,25452,24723,9487,4639,13590,19947,48204,35598,0,0,7570,4968,18412,1705,4735,381,328,0,0,1337,52380,1319,6725,0,0,0,0,0
684,5151,685.174098643016,99859,788,384,106,31,32520,16322,0.48910964459888445,637,321,25441,24767,9542,4674,13484,19821,48208,35604,0,0,7542,4954,18394,1721,4768,386,349,0,0,1435,52285,1312,6713,0,0,0,0,0
685,5151,686.0288263446149,99859,836,418,106,31,32656,16393,0.4911825674200623,662,352,25415,24787,9579,4691,13400,19719,48212,35610,0,0,7529,4938,18371,1736,4801,390,355,0,0,1496,52230,1309,6704,0,0,0,0,0
686,5151,687.1683827100547,99859,863,451,106,31,32829,16502,0.49400654923442056,710,355,25376,24830,9631,4734,13312,19597,48216,35616,0,0,7496,4919,18350,1752,4834,401,379,0,0,1613,52118,1305,6692,0,0,0,0,0
687,5151,688.0233321553857,99859,908,467,106,31,32972,16574,0.49615958501487095,764,369,25324,24851,9662,4766,13234,19514,48220,35622,0,0,7480,4906,18329,1759,4865,409,391,0,0,1697,52038,1301,6684,0,0,0,0,0
688,5151,689.1638727086788,99859,986,516,106,31,33196,16694,0.4996044422635917,768,378,25275,24878,9727,4805,13136,19390,48224,35628,0,0,7451,4890,18296,1778,4912,417,415,0,0,1802,51936,1289,6673,0,0,0,0,0
689,5151,690.0199138818775,99859,1036,540,106,31,33379,16775,0.5022481699195867,782,381,25229,24902,9803,4839,13042,19305,48228,35634,0,0,7429,4877,18269,1780,4955,427,435,0,0,1898,51840,1286,6663,0,0,0,0,0
690,5151,691.1626586888231,99859,1076,551,106,31,33614,16885,0.5057030412882164,817,399,25147,24922,9903,4907,12949,19188,48232,35639,0,0,7388,4856,18221,1795,5023,438,472,0,0,2041,51699,1280,6646,0,0,0,0,0
691,5151,692.0211677773889,99859,1107,582,106,31,33780,16978,0.508296698344666,880,409,25074,24938,9967,4945,12864,19093,48236,35644,0,0,7363,4835,18200,1811,5074,444,491,0,0,2129,51613,1276,6623,0,0,0,0,0
692,5151,693.1677921125593,99859,1158,619,106,31,34039,17101,0.5121220921499314,885,440,25010,24953,10093,4998,12746,18957,48240,35649,0,0,7330,4813,18155,1830,5147,450,520,0,0,2281,51463,1270,6600,0,0,0,0,0
693,5151,694.0290420204434,99859,1199,650,106,31,34221,17199,0.5149260457244715,939,462,24937,24963,10161,5031,12656,18861,48244,35654,0,0,7307,4797,18119,1847,5196,459,538,0,0,2382,51365,1262,6587,0,0,0,0,0
694,5151,695.1789243521432,99859,1297,694,106,31,34505,17338,0.5191620184460088,990,502,24829,24944,10247,5095,12529,18732,48248,35659,0,0,7267,4773,18066,1872,5266,469,570,0,0,2507,51244,1255,6570,0,0,0,0,0
695,5151,696.0430294109871,99858,1365,715,107,31,34754,17449,0.5227723367181397,1000,526,24737,24935,10347,5160,12442,18631,48251,35664,0,0,7228,4748,18029,1896,5320,480,604,0,0,2640,51115,1250,6548,0,0,0,0,0
696,5151,697.1981959455486,99858,1448,773,107,31,35062,17626,0.5276292335115864,1027,528,24627,24913,10475,5250,12314,18503,48254,35669,0,0,7197,4718,17981,1921,5405,490,630,0,0,2810,50940,1244,6522,0,0,0,0,0
697,5151,698.0667447822774,99858,1474,823,107,31,35291,17752,0.5311842816799855,1066,535,24544,24891,10581,5303,12226,18415,48257,35674,0,0,7165,4688,17937,1948,5480,498,657,0,0,2933,50817,1238,6497,0,0,0,0,0
698,5151,699.2278291584071,99858,1536,834,107,31,35590,17910,0.5357607803080374,1149,584,24418,24853,10697,5415,12091,18281,48260,35679,0,0,7127,4653,17885,1977,5569,508,692,0,0,3131,50615,1234,6467,0,0,0,0,0
699,5151,700.1009739695177,99858,1613,858,107,31,35856,18050,0.5398265537062629,1168,591,24311,24832,10805,5516,11994,18170,48263,35684,0,0,7083,4637,17841,1989,5632,521,730,0,0,3284,50463,1228,6450,0,0,0,0,0
700,5151,701.2689397077305,99856,1716,918,109,31,36214,18252,0.5454454414356673,1253,643,24156,24770,10925,5623,11839,18013,48266,35689,0,0,7045,4605,17770,2021,5722,536,759,0,0,3490,50262,1223,6423,0,0,0,0,0
701,5151,702.1477428175108,99854,1763,942,110,32,36493,18387,0.5496024195325174,1312,679,24006,24746,11063,5698,11744,17901,48269,35694,0,0,7007,4573,17712,2051,5803,547,793,0,0,3655,50098,1216,6399,0,0,0,0,0
702,5151,703.0300512682641,99853,1820,991,111,32,36784,18552,0.5541746367159724,1355,699,23879,24701,11200,5778,11633,17797,48272,35699,0,0,6967,4537,17665,2082,5866,564,830,0,0,3829,49923,1209,6381,0,0,0,0,0
703,5151,704.2117839688781,99851,1928,1026,112,33,37215,18777,0.5607555257333426,1417,716,23687,24667,11371,5917,11483,17639,48275,35704,0,0,6917,4497,17586,2122,5981,582,874,0,0,4092,49660,1201,6339,0,0,0,0,0
704,5151,705.1026697225453,99851,2000,1087,112,33,37525,18972,0.5658130614615777,1517,730,23489,24622,11509,6016,11371,17510,48278,35709,0,0,6885,4469,17517,2149,6082,596,898,0,0,4265,49487,1191,6312,0,0,0,0,0
705,5151,706.2982550849634,99849,2113,1160,114,33,37997,19217,0.573005237909243,1594,756,23268,24549,11714,6148,11195,17352,48281,35713,0,0,6820,4433,17442,2185,6196,624,957,0,0,4504,49240,1178,6270,0,0,0,0,0
706,5151,707.2000712144694,99849,2201,1133,114,33,38351,19380,0.578183056415187,1666,803,23114,24516,11845,6299,11058,17214,48284,35717,0,0,6773,4401,17377,2217,6301,635,999,0,0,4736,48998,1168,6244,0,0,0,0,0
707,5151,708.1061719820142,99849,2339,1159,114,33,38750,19546,0.583841600817234,1694,866,22919,24468,11985,6383,10947,17089,48287,35721,0,0,6727,4362,17312,2251,6404,651,1039,0,0,4901,48823,1162,6217,0,0,0,0,0
708,5151,709.0174232131801,99849,2409,1222,114,33,39128,19739,0.589560235956294,1778,911,22720,24391,12160,6475,10817,16966,48290,35725,0,0,6671,4327,17239,2282,6517,671,1088,0,0,5078,48637,1155,6184,0,0,0,0,0
709,5151,710.2409027855808,99848,2527,1246,114,34,39708,19986,0.597848730069706,1753,977,22507,24326,12439,6642,10658,16773,48293,35729,0,0,6597,4274,17121,2337,6694,699,1157,0,0,5363,48334,1139,6133,0,0,0,0,0
710,5151,711.1648229319956,99848,2592,1318,114,34,40096,20226,0.6041382902011057,1853,1009,22294,24244,12642,6761,10503,16632,48296,35733,0,0,6539,4239,17062,2371,6809,712,1209,0,0,5602,48089,1128,6088,0,0,0,0,0
711,5151,712.0945776104351,99847,2671,1362,115,34,40556,20435,0.610844592226106,1851,1051,22130,24178,12867,6874,10364,16499,48299,35737,0,0,6474,4204,16971,2404,6932,745,1268,0,0,5841,47841,1120,6047,0,0,0,0,0
712,5151,713.0302211275975,99845,2699,1385,117,34,40995,20658,0.6174871050127698,1924,1093,21929,24118,13108,7014,10221,16354,48302,35741,0,0,6403,4158,16882,2443,7069,772,1332,0,0,6120,47550,1112,6004,0,0,0,0,0
713,5151,714.2885505331938,99844,2824,1464,118,34,41645,21000,0.6274287889107006,2006,1101,21620,24025,13413,7215,10017,16159,48305,35745,0,0,6323,4099,16748,2505,7250,799,1402,0,0,6500,47161,1093,5964,0,0,0,0,0
714,5151,715.2410812657545,99843,2914,1557,118,35,42122,21275,0.6349668980299069,2089,1133,21385,23943,13635,7329,9857,16001,48308,35749,0,0,6243,4056,16661,2552,7380,820,1472,0,0,6743,46902,1084,5930,0,0,0,0,0
715,5151,716.2015700353159,99843,3037,1641,118,35,42634,21541,0.6427591318369841,2158,1173,21118,23868,13872,7438,9695,15843,48311,35753,0,0,6181,4015,16570,2585,7531,847,1530,0,0,6970,46650,1071,5893,0,0,0,0,0
716,5151,717.1709640727552,99842,3186,1723,119,35,43202,21838,0.6514292582280002,2170,1177,20859,23770,14114,7600,9550,15693,48314,35757,0,0,6110,3971,16477,2630,7660,885,1586,0,0,7247,46355,1062,5859,0,0,0,0,0
717,5151,718.1495598486018,99841,3228,1771,119,36,43732,22125,0.6596187938822728,2256,1205,20598,23638,14414,7777,9383,15571,48317,35761,0,0,6041,3922,16363,2669,7842,913,1645,0,0,7584,45996,1053,5813,0,0,0,0,0
718,5151,719.1382904251192,99840,3310,1833,120,36,44319,22439,0.6686498397435897,2289,1240,20326,23520,14718,7959,9235,15410,48320,35765,0,0,5965,3880,16243,2700,8047,943,1712,0,0,7907,45643,1039,5761,0,0,0,0,0
719,5151,720.1379259371024,99840,3407,1871,120,36,44895,22744,0.6774739583333333,2376,1341,20060,23373,14974,8147,9061,15230,48322,35769,0,0,5893,3842,16120,2736,8238,973,1770,0,0,8247,45277,1029,5715,0,0,0,0,0
720,5151,721.147366773104,99840,3472,1908,120,36,45467,23056,0.686328125,2445,1370,19801,23281,15263,8348,8897,15055,48324,35773,0,0,5827,3800,15997,2766,8431,1019,1827,0,0,8580,44912,1013,5668,0,0,0,0,0
721,5151,722.1685587879534,99840,3602,2016,120,36,46127,23418,0.6965645032051282,2472,1405,19522,23136,15537,8508,8745,14897,48326,35777,0,0,5743,3749,15884,2820,8605,1056,1895,0,0,8922,44542,993,5631,0,0,0,0,0
722,5151,723.2012749256062,99837,3745,2086,122,37,46767,23786,0.7066818914831174,2531,1443,19218,22958,15806,8729,8576,14745,48328,35781,0,0,5675,3708,15744,2852,8820,1096,1950,0,0,9252,44178,983,5579,0,0,0,0,0
723,5151,724.2461639004586,99837,3937,2155,122,37,47473,24171,0.7176097038172221,2580,1443,18895,22825,16054,8958,8410,14580,48330,35785,0,0,5591,3658,15620,2904,9036,1133,2018,0,0,9592,43798,970,5517,0,0,0,0,0
724,5151,725.3046721455568,99836,4027,2224,122,38,48157,24566,0.7284246163708482,2654,1464,18604,22699,16352,9190,8239,14383,48332,35788,0,0,5524,3598,15471,2955,9277,1173,2076,0,0,10002,43346,955,5459,0,0,0,0,0
725,5151,726.01825390768,99836,4096,2265,122,38,48634,24841,0.735956969429865,2694,1483,18411,22609,16566,9355,8109,14248,48334,35791,0,0,5460,3567,15378,2980,9435,1214,2131,0,0,10254,43055,945,5417,0,0,0,0,0
726,5151,727.1001887601199,99835,4203,2315,123,38,49387,25239,0.7474933640506837,2738,1573,18108,22437,16906,9601,7920,14034,48336,35794,0,0,5359,3510,15212,3020,9695,1266,2219,0,0,10659,42610,928,5357,0,0,0,0,0
727,5151,728.197894821884,99834,4301,2364,124,38,50142,25660,0.7592804054730853,2855,1618,17739,22288,17241,9851,7738,13839,48338,35797,0,0,5275,3462,15048,3055,9971,1322,2283,0,0,11063,42133,917,5305,0,0,0,0,0
728,5151,729.3138200839097,99831,4352,2461,126,39,50931,26139,0.7720046879225891,2905,1580,17424,22145,17654,10116,7537,13657,48340,35800,0,0,5169,3400,14854,3109,10261,1395,2368,0,0,11477,41657,898,5243,0,0,0,0,0
729,5151,730.0627420026613,99829,4382,2490,128,39,51469,26440,0.7804245259393563,2966,1596,17215,22028,17916,10312,7391,13533,48342,35803,0,0,5104,3338,14745,3171,10450,1445,2413,0,0,11761,41324,890,5188,0,0,0,0,0
730,5151,731.1645999106603,99829,4501,2580,128,39,52251,26885,0.792715543579521,3053,1628,16898,21853,18179,10562,7239,13336,48344,35806,0,0,5023,3270,14591,3237,10690,1519,2476,0,0,12148,40870,878,5127,0,0,0,0,0
731,5151,732.2458579308884,99827,4619,2615,129,40,53077,27323,0.8053933304616987,3039,1673,16620,21702,18525,10839,7066,13129,48346,35809,0,0,4929,3186,14439,3312,10969,1589,2555,0,0,12542,40389,860,5057,0,0,0,0,0
732,5151,733.3048096335123,99827,4704,2657,129,40,53864,27765,0.8177046290081842,3096,1736,16307,21534,18860,11119,6902,12912,48348,35812,0,0,4841,3128,14266,3361,11266,1662,2624,0,0,12939,39908,848,4984,0,0,0,0,0
733,5151,734.3416850931657,99826,4768,2754,129,41,54622,28261,0.830274677939615,3151,1669,16008,21386,19213,11404,6729,12744,48350,35815,0,0,4759,3073,14077,3409,11578,1733,2685,0,0,13319,39450,832,4911,0,0,0,0,0
734,5151,735.0213869895032,99823,4858,2761,131,42,55130,28535,0.8381334962884305,3209,1726,15820,21279,19368,11577,6612,12613,48352,35818,0,0,4698,3041,13969,3437,11755,1768,2730,0,0,13600,39125,825,4875,0,0,0,0,0
735,5151,736.026606929959,99822,4953,2797,131,43,55910,28981,0.8504237542826231,3256,1822,15538,21073,19669,11846,6451,12417,48354,35821,0,0,4637,2987,13788,3499,12058,1838,2767,0,0,14003,38638,804,4803,0,0,0,0,0
736,5151,737.013911150222,99821,4992,2881,132,43,56651,29440,0.8624537922881959,3315,1853,15298,20904,19972,12098,6289,12219,48356,35824,0,0,4542,2917,13622,3574,12305,1928,2836,0,0,14357,38199,785,4756,0,0,0,0,0
737,5151,738.3040405737559,99815,5118,2971,136,45,57706,30053,0.8792165506186445,3296,1895,14957,20658,20406,12439,6085,11990,48358,35827,0,0,4438,2836,13390,3622,12675,2053,2922,0,0,14838,37587,775,4679,0,0,0,0,0
738,5151,739.2515490152003,99813,5228,3020,138,45,58515,30505,0.8918677927724845,3241,1915,14713,20464,20742,12727,5936,11827,48360,35830,0,0,4342,2786,13238,3672,12963,2123,2986,0,0,15216,37118,753,4616,0,0,0,0,0
739,5151,740.1824670588219,99811,5329,3070,140,45,59311,30956,0.9043792768332147,3201,1920,14474,20319,21066,12997,5788,11647,48362,35833,0,0,4255,2739,13108,3729,13205,2212,3044,0,0,15602,36633,727,4557,0,0,0,0,0
740,5151,741.0977532597564,99810,5417,3087,141,45,60079,31375,0.916280933774171,3153,1967,14254,20165,21384,13252,5649,11482,48364,35836,0,0,4181,2694,12967,3778,13484,2299,3088,0,0,15941,36173,707,4498,0,0,0,0,0
741,5151,742.2956416706858,99808,5366,3163,143,45,60960,31974,0.931127765309394,3239,1978,13953,19952,21804,13591,5493,11269,48366,35839,0,0,4059,2627,12753,3835,13858,2424,3173,0,0,16375,35591,689,4424,0,0,0,0,0
742,5151,743.1777980129887,99807,5347,3226,143,46,61632,32459,0.9427294678729948,3306,1939,13723,19812,22117,13858,5362,11117,48368,35842,0,0,3980,2572,12613,3870,14120,2528,3227,0,0,16731,35127,677,4362,0,0,0,0,0
743,5151,744.0468881525964,99805,5384,3219,145,46,62312,32852,0.9534993236811783,3322,1961,13509,19659,22403,14138,5235,10975,48370,35845,0,0,3908,2519,12476,3919,14360,2621,3267,0,0,17065,34685,668,4317,0,0,0,0,0
744,5151,745.1877159367269,99803,5346,3285,147,46,63175,33403,0.967686342093925,3370,1973,13268,19476,22791,14458,5076,10760,48372,35848,0,0,3804,2463,12275,3964,14716,2751,3335,0,0,17478,34132,650,4235,0,0,0,0,0
745,5151,746.030007298759,99797,5425,3307,153,46,63889,33801,0.9788871408960189,3303,2015,13071,19307,23095,14703,4951,10620,48374,35851,0,0,3732,2425,12138,3991,14938,2862,3376,0,0,17785,33726,641,4183,0,0,0,0,0
746,5151,747.1355716505723,99796,5461,3323,154,46,64812,34343,0.993576896869614,3262,2011,12808,19128,23497,15050,4816,10440,48376,35854,0,0,3648,2362,11928,4039,15309,3004,3423,0,0,18168,33175,626,4114,0,0,0,0,0
747,5151,748.221690870927,99796,5473,3330,154,46,65677,34858,1.0074051064170908,3312,2078,12508,18941,23858,15364,4693,10239,48378,35857,0,0,3550,2311,11757,4079,15674,3133,3477,0,0,18513,32654,612,4036,0,0,0,0,0
748,5151,749.0242563804798,99796,5534,3356,154,46,66377,35250,1.0183474287546594,3243,2115,12310,18790,24142,15579,4615,10112,48380,35860,0,0,3483,2266,11618,4101,15931,3240,3523,0,0,18783,32275,602,3974,0,0,0,0,0
749,5151,750.0798467116886,99796,5557,3414,154,46,67224,35808,1.0324261493446631,3222,2099,12075,18611,24518,15890,4472,9938,48382,35863,0,0,3401,2207,11445,4146,16274,3378,3563,0,0,19109,31782,586,3905,0,0,0,0,0
750,5151,751.1189291971172,99793,5573,3459,157,46,68040,36326,1.0458248574549318,3250,2144,11872,18394,24814,16188,4332,9767,48384,35866,0,0,3317,2154,11280,4186,16583,3517,3602,0,0,19421,31309,575,3849,0,0,0,0,0
751,5151,752.1439086161733,99792,5640,3503,158,46,68890,36882,1.0599246432579765,3156,2123,11682,18226,25147,16491,4215,9609,48386,35869,0,0,3245,2100,11117,4242,16875,3668,3621,0,0,19766,30811,560,3787,0,0,0,0,0
752,5151,753.1559830446264,99788,5603,3538,162,46,69689,37419,1.0733555136890207,3172,2115,11487,18045,25491,16785,4083,9469,48388,35872,0,0,3160,2048,10942,4276,17200,3821,3664,0,0,20099,30314,548,3716,0,0,0,0,0
753,5151,754.1548464631417,99786,5592,3491,163,47,70469,37908,1.0860942416771893,3146,2120,11301,17885,25814,17131,3982,9324,48390,35874,0,0,3072,2005,10772,4312,17576,3949,3700,0,0,20394,29826,535,3645,0,0,0,0,0
754,5151,755.141786318164,99786,5579,3530,163,47,71233,38443,1.0991120998937727,3182,2114,11104,17706,26088,17437,3882,9164,48392,35876,0,0,3006,1962,10618,4358,17887,4083,3721,0,0,20739,29315,513,3584,0,0,0,0,0
755,5151,756.1177418896158,99784,5550,3566,165,47,71991,38969,1.1120019241561774,3137,2092,10951,17563,26407,17732,3788,8998,48394,35878,0,0,2929,1911,10455,4411,18206,4233,3741,0,0,21003,28868,501,3526,0,0,0,0,0
756,5151,757.0826372930526,99782,5570,3563,167,47,72795,39462,1.1250225491571626,3044,2086,10773,17422,26749,18018,3695,8862,48396,35880,0,0,2869,1874,10296,4439,18514,4397,3754,0,0,21287,28402,483,3467,0,0,0,0,0
757,5151,758.0363701443559,99782,5542,3611,167,47,73536,39980,1.137640055320599,3062,2059,10595,17274,27025,18274,3607,8733,48398,35882,0,0,2811,1827,10134,4472,18832,4549,3765,0,0,21553,27963,471,3405,0,0,0,0,0
758,5151,759.215644065626,99779,5580,3658,168,49,74441,40611,1.1530682809007908,3092,2043,10381,17076,27285,18589,3492,8583,48400,35884,0,0,2743,1780,9956,4512,19205,4727,3777,0,0,21833,27449,457,3340,0,0,0,0,0
759,5151,760.1496801052467,99778,5564,3589,168,50,75166,41042,1.1646655575377338,3075,2070,10239,16954,27544,18874,3408,8461,48402,35886,0,0,2680,1740,9801,4559,19503,4886,3789,0,0,22083,27010,440,3287,0,0,0,0,0
760,5151,761.0754463564813,99777,5504,3557,168,51,75875,41487,1.1762430219389237,3032,2077,10099,16818,27862,19151,3333,8344,48404,35888,0,0,2620,1700,9640,4589,19816,5042,3807,0,0,22332,26565,423,3243,0,0,0,0,0
761,5151,762.2202976016263,99775,5465,3544,169,52,76744,42095,1.1910699072914057,3025,2031,9929,16661,28181,19519,3229,8191,48406,35890,0,0,2555,1642,9464,4613,20193,5237,3827,0,0,22633,26016,409,3186,0,0,0,0,0
762,5151,763.128344536249,99775,5502,3574,169,52,77438,42558,1.2026659984966175,2984,1982,9805,16549,28386,19754,3152,8087,48408,35892,0,0,2494,1606,9362,4645,20436,5370,3845,0,0,22883,25600,402,3132,0,0,0,0,0
763,5151,764.0298171577045,99773,5473,3580,171,52,78134,43008,1.2141761799284376,2962,2021,9709,16427,28607,19956,3076,7962,48410,35894,0,0,2439,1566,9216,4667,20735,5537,3857,0,0,23039,25234,386,3097,0,0,0,0,0
764,5151,765.1473101557921,99773,5474,3583,171,52,78964,43592,1.2283483507562165,3007,1975,9530,16270,28850,20294,2966,7824,48411,35896,0,0,2390,1531,9093,4681,21048,5754,3859,0,0,23265,24743,374,3035,0,0,0,0,0
765,5151,766.0341708824782,99771,5443,3519,173,52,79638,44007,1.2392879694500405,2954,1958,9414,16173,29099,20578,2915,7718,48412,35898,0,0,2324,1495,8954,4708,21349,5927,3887,0,0,23408,24376,360,2983,0,0,0,0,0
766,5151,767.1347146561477,99770,5374,3460,174,52,80416,44552,1.2525608900471084,2973,1926,9283,16055,29369,20913,2825,7592,48413,35900,0,0,2257,1456,8788,4705,21672,6160,3901,0,0,23640,23906,353,2932,0,0,0,0,0
767,5151,768.0083988795925,99769,5354,3471,174,53,81053,44991,1.263358357806533,2955,1882,9166,15939,29577,21152,2772,7501,48414,35902,0,0,2221,1418,8675,4735,21898,6343,3890,0,0,23784,23564,343,2898,0,0,0,0,0
768,5151,769.0934325535135,99769,5327,3482,174,53,81834,45524,1.2765287814852309,2947,1848,9057,15809,29799,21434,2694,7372,48415,35904,0,0,2169,1385,8538,4743,22229,6540,3889,0,0,23962,23136,336,2842,0,0,0,0,0
769,5151,770.1707649641713,99767,5284,3459,176,53,82619,46032,1.2895145689456433,2866,1844,8958,15671,30083,21699,2631,7272,48416,35906,0,0,2091,1341,8392,4750,22564,6746,3918,0,0,24106,22732,328,2799,0,0,0,0,0
770,5151,771.0266239677763,99766,5231,3448,177,53,83221,46424,1.299490808491871,2808,1825,8895,15590,30302,21899,2585,7183,48417,35908,0,0,2041,1307,8271,4762,22834,6904,3928,0,0,24225,22412,321,2761,0,0,0,0,0
771,5151,772.0899152529184,99765,5137,3346,178,53,83914,46855,1.3107703102290382,2777,1861,8810,15490,30576,22168,2520,7080,48418,35910,0,0,1982,1274,8144,4782,23120,7129,3931,0,0,24366,22020,313,2704,0,0,0,0,0
772,5151,773.1458546862485,99762,5107,3336,180,54,84669,47346,1.3232994526974198,2680,1797,8726,15440,30846,22398,2459,6973,48419,35912,0,0,1913,1245,8035,4788,23372,7350,3946,0,0,24519,21632,305,2657,0,0,0,0,0
773,5151,774.1952236616555,99761,5041,3326,181,54,85343,47805,1.3346698609677128,2628,1800,8680,15338,31075,22608,2393,6872,48420,35914,0,0,1864,1220,7916,4800,23670,7558,3942,0,0,24589,21304,295,2603,0,0,0,0,0
774,5151,775.0302313788104,99761,4959,3307,181,54,85881,48168,1.3437014464570323,2580,1773,8612,15274,31307,22798,2359,6792,48421,35916,0,0,1817,1198,7824,4800,23888,7732,3958,0,0,24691,21006,282,2565,0,0,0,0,0
775,5151,776.0684863380471,99758,4869,3279,183,55,86542,48629,1.3549890735580103,2556,1737,8552,15189,31520,23049,2318,6689,48422,35918,0,0,1775,1168,7699,4794,24181,7951,3956,0,0,24780,20662,274,2518,0,0,0,0,0
776,5151,777.1013438329134,99757,4782,3217,184,55,87164,49044,1.3653979169381598,2553,1741,8477,15109,31734,23280,2268,6596,48423,35920,0,0,1736,1134,7584,4827,24440,8155,3933,0,0,24898,20318,268,2464,0,0,0,0,0
777,5151,778.1291668933379,99753,4696,3177,187,56,87782,49477,1.3759886920694115,2572,1692,8412,15019,31912,23545,2219,6509,48424,35922,0,0,1691,1115,7460,4817,24733,8352,3935,0,0,24987,19976,260,2427,0,0,0,0,0
778,5151,779.1527785620631,99752,4693,3120,188,56,88460,49883,1.3868694362017804,2481,1687,8341,14963,32123,23769,2172,6403,48425,35924,0,0,1647,1090,7334,4811,25010,8562,3936,0,0,25058,19673,256,2375,0,0,0,0,0
779,5151,780.1718174089199,99751,4648,3107,188,57,89058,50289,1.3969484015197842,2438,1683,8345,14878,32257,23951,2122,6322,48426,35926,0,0,1608,1062,7239,4808,25239,8761,3928,0,0,25119,19394,249,2344,0,0,0,0,0
780,5151,781.1874266904607,99750,4579,3082,189,57,89675,50728,1.4075488721804512,2426,1663,8312,14790,32422,24177,2070,6229,48427,35928,0,0,1559,1028,7142,4825,25506,8940,3922,0,0,25233,19051,244,2300,0,0,0,0,0
781,5151,782.1990765698531,99750,4467,3090,189,57,90271,51183,1.4180852130325814,2380,1595,8287,14728,32650,24382,2025,6146,48428,35930,0,0,1518,1005,7016,4825,25712,9190,3915,0,0,25309,18753,240,2267,0,0,0,0,0
782,5151,783.0053869434287,99749,4385,3029,190,57,90717,51486,1.4256082767747045,2342,1624,8269,14655,32814,24562,1998,6071,48429,35932,0,0,1488,982,6950,4825,25877,9380,3906,0,0,25341,18522,236,2242,0,0,0,0,0
783,5151,784.0100554492572,99748,4371,3025,191,57,91288,51899,1.4354874283193648,2274,1580,8262,14604,32940,24749,1960,5983,48430,35934,0,0,1446,960,6846,4824,26093,9582,3906,0,0,25382,18276,229,2204,0,0,0,0,0
784,5151,785.0118306301871,99747,4304,2963,192,57,91848,52307,1.4452063721214674,2234,1504,8227,14559,33119,25010,1922,5905,48431,35936,0,0,1406,947,6771,4810,26328,9795,3897,0,0,25430,17977,222,2164,0,0,0,0,0
785,5151,786.0106161319209,99746,4284,2957,193,57,92424,52688,1.4548152306859423,2177,1460,8192,14508,33263,25171,1889,5845,48432,35938,0,0,1366,923,6674,4816,26540,9975,3889,0,0,25497,17723,214,2129,0,0,0,0,0
786,5151,787.0063054373016,99745,4169,2884,194,57,92930,53036,1.4633916487041958,2170,1431,8179,14479,33442,25381,1844,5766,48433,35940,0,0,1340,898,6572,4844,26767,10172,3854,0,0,25532,17455,208,2103,0,0,0,0,0
787,5151,788.1968742838482,99744,4132,2819,194,58,93614,53432,1.474234039140199,2118,1453,8146,14432,33606,25550,1802,5686,48434,35942,0,0,1306,865,6474,4856,26973,10430,3833,0,0,25552,17182,202,2071,0,0,0,0,0
788,5151,789.1864603881739,99742,4065,2751,195,59,94106,53781,1.4826953540133545,2071,1449,8151,14405,33739,25716,1777,5618,48435,35944,0,0,1285,851,6397,4860,27145,10650,3808,0,0,25569,16939,196,2042,0,0,0,0,0
789,5151,790.1737183952011,99741,3991,2740,195,60,94630,54141,1.491573174522012,2029,1388,8121,14390,33917,25873,1745,5547,48436,35946,0,0,1258,834,6314,4851,27342,10860,3792,0,0,25561,16730,185,2014,0,0,0,0,0
790,5151,791.1583138363683,99739,3892,2679,197,60,95104,54479,1.4997443327083688,2022,1348,8148,14375,34027,26046,1712,5490,48437,35948,0,0,1230,817,6251,4842,27506,11077,3783,0,0,25586,16488,178,1981,0,0,0,0,0
791,5151,792.141593345351,99736,3831,2618,200,60,95588,54830,1.5081615464827143,2002,1293,8151,14382,34139,26220,1675,5425,48438,35950,0,0,1202,801,6180,4856,27683,11289,3757,0,0,25570,16275,175,1948,0,0,0,0,0
792,5151,793.1230954746676,99735,3761,2556,201,60,96059,55149,1.5160976587958088,1951,1275,8149,14368,34297,26380,1639,5359,48439,35952,0,0,1183,784,6109,4852,27840,11497,3738,0,0,25593,16044,174,1921,0,0,0,0,0
793,5151,794.1023127465363,99734,3712,2518,202,60,96531,55478,1.5241442236348688,1915,1250,8152,14367,34404,26516,1613,5287,48440,35954,0,0,1166,767,6039,4847,28022,11692,3713,0,0,25572,15856,170,1890,0,0,0,0,0
794,5151,795.080284220069,99734,3679,2457,202,60,97004,55759,1.5317043335271823,1828,1259,8207,14365,34496,26624,1586,5233,48441,35956,0,0,1143,755,5964,4850,28183,11876,3693,0,0,25569,15669,168,1864,0,0,0,0,0
795,5151,796.0575967696842,99734,3654,2435,202,60,97470,56078,1.539575270218782,1798,1189,8228,14357,34556,26764,1560,5193,48442,35958,0,0,1124,745,5902,4845,28323,12074,3676,0,0,25570,15474,162,1839,0,0,0,0,0
796,5151,797.0336096348219,99732,3539,2378,202,62,97911,56359,1.54684554606345,1745,1193,8226,14325,34752,26898,1534,5142,48443,35960,0,0,1096,736,5841,4826,28454,12289,3663,0,0,25576,15273,160,1818,0,0,0,0,0
797,5151,798.0077744377955,99732,3503,2363,202,62,98348,56665,1.5542955119720852,1721,1173,8246,14296,34810,27030,1516,5074,48444,35962,0,0,1077,722,5785,4824,28578,12485,3647,0,0,25563,15104,155,1792,0,0,0,0,0
798,5151,799.1757230776707,99731,3407,2275,203,62,98817,57006,1.5624329446210306,1750,1141,8271,14297,34875,27211,1492,5012,48445,35964,0,0,1049,710,5700,4815,28789,12702,3630,0,0,25528,14891,150,1767,0,0,0,0,0
799,5151,800.1486370300801,99731,3351,2245,203,62,99261,57299,1.5698228233949323,1689,1114,8278,14294,35012,27325,1465,4958,48446,35966,0,0,1039,697,5638,4810,28872,12939,3605,0,0,25516,14728,145,1742,0,0,0,0,0
800,5151,801.1195444674879,99729,3291,2236,204,63,99670,57573,1.576702864763509,1659,1079,8290,14315,35109,27402,1445,4903,48447,35968,0,0,1018,689,5589,4784,29009,13124,3594,0,0,25474,14584,144,1720,0,0,0,0,0
801,5151,802.0895928855531,99728,3265,2194,204,64,100075,57837,1.583426921225734,1614,1055,8366,14341,35126,27493,1423,4851,48448,35970,0,0,1005,681,5533,4768,29143,13301,3573,0,0,25452,14428,142,1702,0,0,0,0,0
802,5151,803.0600644162241,99728,3218,2155,204,64,100464,58088,1.5898443767046366,1575,1051,8396,14340,35206,27583,1399,4805,48449,35972,0,0,980,667,5476,4777,29267,13475,3566,0,0,25402,14297,137,1684,0,0,0,0,0
803,5151,804.0295923546764,99728,3208,2134,204,64,100859,58344,1.596372132199583,1523,1050,8421,14332,35273,27654,1369,4764,48450,35974,0,0,969,661,5412,4763,29371,13653,3541,0,0,25396,14162,135,1665,0,0,0,0,0
804,5151,805.1922176685315,99726,3159,2103,205,65,101337,58658,1.6043459077873372,1492,1038,8467,14341,35336,27746,1339,4705,48451,35976,0,0,943,646,5352,4762,29521,13857,3524,0,0,25357,13987,130,1647,0,0,0,0,0
805,5151,806.1605595941462,99726,3127,2037,205,65,101720,58894,1.6105529149870645,1502,1036,8472,14342,35369,27865,1323,4653,48452,35978,0,0,924,640,5294,4766,29631,14034,3503,0,0,25335,13843,129,1627,0,0,0,0,0
806,5151,807.1283674734002,99726,3034,2006,205,65,102094,59153,1.6169003068407437,1453,1009,8511,14348,35496,27954,1299,4616,48453,35979,0,0,912,630,5250,4759,29768,14221,3483,0,0,25262,13702,128,1611,0,0,0,0,0
807,5151,808.0950724108955,99726,2985,1943,205,65,102480,59380,1.6230471491887772,1379,1018,8526,14358,35619,28049,1284,4565,48454,35980,0,0,901,616,5201,4772,29887,14391,3441,0,0,25237,13563,124,1593,0,0,0,0,0
808,5151,809.0606320546317,99726,2984,1903,205,65,102857,59618,1.6292140464873754,1333,993,8560,14384,35648,28138,1268,4515,48455,35981,0,0,888,610,5154,4768,30008,14548,3421,0,0,25202,13437,122,1568,0,0,0,0,0
809,5151,810.0261640631965,99726,2920,1871,205,65,103207,59852,1.6350700920522232,1271,1004,8614,14376,35734,28220,1254,4462,48456,35982,0,0,874,598,5109,4755,30120,14724,3400,0,0,25136,13335,121,1554,0,0,0,0,0
810,5151,811.1840286178821,99726,2773,1829,205,65,103567,60111,1.6412770992519503,1283,986,8643,14403,35859,28285,1235,4430,48457,35983,0,0,860,589,5053,4747,30181,14954,3371,0,0,25129,13182,117,1543,0,0,0,0,0
811,5151,812.1480117469131,99726,2754,1836,205,65,103892,60344,1.6468724304594589,1252,970,8679,14405,35887,28328,1221,4394,48458,35984,0,0,848,581,5013,4742,30252,15112,3355,0,0,25086,13091,116,1530,0,0,0,0,0
812,5151,813.1115885271063,99726,2698,1816,205,65,104207,60587,1.6524677616669674,1222,927,8716,14450,35950,28383,1207,4357,48459,35985,0,0,832,576,4979,4723,30355,15274,3344,0,0,25041,12972,114,1516,0,0,0,0,0
813,5151,814.0749971585722,99726,2618,1818,205,65,104501,60826,1.6578124059924193,1249,887,8754,14472,35991,28438,1181,4318,48460,35986,0,0,821,570,4940,4711,30428,15439,3326,0,0,25018,12855,114,1504,0,0,0,0,0
814,5151,815.0381137617544,99726,2619,1764,205,65,104830,61019,1.663046748089766,1202,866,8779,14502,36022,28516,1171,4285,48461,35987,0,0,814,561,4900,4709,30557,15560,3302,0,0,24983,12743,113,1484,0,0,0,0,0
815,5151,816.0016458774533,99725,2558,1707,205,66,105131,61213,1.6680270744547505,1167,863,8830,14529,36079,28577,1159,4256,48462,35988,0,0,805,550,4865,4692,30637,15725,3287,0,0,24952,12635,112,1465,0,0,0,0,0
816,5151,817.1580505751929,99725,2487,1706,205,66,105475,61477,1.6741238405615442,1142,804,8902,14566,36122,28625,1140,4231,48463,35989,0,0,783,531,4823,4701,30719,15901,3278,0,0,24921,12510,112,1446,0,0,0,0,0
817,5151,818.122094620388,99724,2429,1656,206,66,105750,61654,1.6786731378604949,1116,810,8958,14590,36160,28676,1129,4200,48464,35990,0,0,774,524,4779,4682,30814,16039,3271,0,0,24895,12407,111,1428,0,0,0,0,0
818,5151,819.086279146223,99724,2372,1625,206,66,106011,61838,1.6831354538526333,1118,828,9009,14619,36180,28696,1113,4164,48465,35991,0,0,764,520,4745,4668,30865,16191,3257,0,0,24872,12311,110,1421,0,0,0,0,0
819,5151,820.0503820000857,99723,2279,1611,207,66,106285,62022,1.6877450537990233,1077,832,9083,14646,36251,28717,1101,4126,48466,35992,0,0,760,515,4713,4660,30923,16347,3235,0,0,24843,12211,107,1409,0,0,0,0,0
820,5151,821.0146940574195,99722,2259,1591,208,66,106565,62230,1.6926555825194038,1051,809,9152,14673,36244,28766,1084,4093,48467,35993,0,0,751,509,4680,4643,31004,16470,3221,0,0,24858,12091,106,1389,0,0,0,0,0
821,5151,822.1729066677485,99721,2197,1585,208,67,106876,62480,1.6982982521234244,1060,779,9195,14712,36268,28802,1070,4053,48468,35994,0,0,743,499,4648,4636,31061,16651,3202,0,0,24834,11971,106,1370,0,0,0,0,0
822,5151,823.1387922854019,99720,2159,1541,208,68,107117,62660,1.7025371038908945,1063,762,9259,14756,36249,28845,1060,4026,48469,35995,0,0,737,494,4614,4637,31104,16796,3184,0,0,24818,11871,104,1361,0,0,0,0,0
823,5151,824.105540992941,99720,2118,1503,208,68,107381,62829,1.7068792619334137,1028,767,9306,14802,36285,28862,1053,3996,48470,35996,0,0,724,492,4583,4634,31161,16935,3175,0,0,24788,11772,103,1353,0,0,0,0,0
824,5151,825.072545138148,99720,2080,1482,208,68,107630,63015,1.711241476133173,1028,750,9363,14826,36277,28903,1042,3969,48471,35997,0,0,719,488,4554,4626,31224,17076,3153,0,0,24740,11697,102,1341,0,0,0,0,0
825,5151,826.0404708768215,99720,2025,1430,208,68,107894,63175,1.7154933814681108,1010,740,9430,14894,36289,28934,1036,3932,48472,35998,0,0,709,480,4526,4614,31259,17240,3143,0,0,24713,11608,100,1328,0,0,0,0,0
826,5151,827.009172087307,99720,1996,1418,208,68,108154,63364,1.7199959887685519,1003,713,9472,14951,36296,28949,1023,3899,48473,35999,0,0,704,469,4505,4623,31295,17386,3121,0,0,24673,11529,99,1316,0,0,0,0,0
827,5151,828.1724560837494,99720,1919,1399,208,68,108411,63566,1.7245988768551945,1018,675,9541,15002,36308,28981,1004,3873,48474,36000,0,0,695,454,4466,4605,31373,17535,3112,0,0,24642,11435,99,1304,0,0,0,0,0
828,5151,829.1427231085047,99719,1897,1363,209,68,108641,63733,1.728597358577603,1027,690,9598,15027,36278,29006,989,3844,48475,36001,0,0,686,447,4440,4593,31437,17667,3107,0,0,24580,11372,99,1291,0,0,0,0,0
829,5151,830.1141696524684,99719,1907,1345,209,68,108880,63900,1.7326687993261063,1005,664,9642,15079,36253,29033,982,3809,48476,36002,0,0,683,444,4417,4587,31466,17797,3095,0,0,24550,11301,96,1283,0,0,0,0,0
830,5151,831.0865061907541,99719,1871,1328,209,68,109114,64057,1.736589817386857,978,666,9709,15116,36259,29039,972,3781,48477,36003,0,0,675,440,4386,4569,31517,17919,3087,0,0,24527,11232,94,1273,0,0,0,0,0
831,5151,832.0596381633686,99719,1851,1330,209,68,109341,64242,1.7407214272104614,968,631,9771,15150,36230,29066,969,3753,48478,36004,0,0,665,435,4361,4555,31592,18033,3085,0,0,24465,11168,93,1267,0,0,0,0,0
832,5151,833.0338797870774,99719,1800,1311,209,68,109552,64396,1.744381712612441,960,643,9846,15182,36219,29067,964,3727,48479,36005,0,0,659,433,4328,4547,31645,18152,3074,0,0,24420,11106,92,1263,0,0,0,0,0
833,5151,834.0094652211916,99718,1799,1285,210,68,109813,64553,1.7485910266952807,917,600,9914,15237,36203,29093,955,3715,48480,36006,0,0,650,428,4296,4547,31696,18273,3054,0,0,24385,11042,91,1256,0,0,0,0,0
834,5151,835.1818178762411,99718,1787,1246,210,68,110073,64725,1.752923243546802,908,594,9966,15278,36183,29118,944,3694,48481,36007,0,0,644,427,4273,4534,31742,18413,3040,0,0,24360,10947,89,1249,0,0,0,0,0
835,5151,836.1596272091626,99718,1751,1226,210,68,110289,64873,1.7565735373753986,896,583,10033,15333,36174,29123,934,3665,48482,36008,0,0,637,424,4254,4533,31793,18529,3025,0,0,24307,10885,88,1243,0,0,0,0,0
836,5151,837.1385093281234,99718,1699,1195,210,68,110478,65010,1.7598427565735373,911,561,10081,15392,36172,29138,925,3644,48483,36009,0,0,632,419,4230,4527,31854,18640,3008,0,0,24256,10830,87,1235,0,0,0,0,0
837,5151,838.1184667599865,99718,1696,1160,210,68,110723,65146,1.7636635311578652,865,541,10140,15442,36164,29168,923,3619,48484,36010,0,0,628,416,4208,4495,31921,18749,3002,0,0,24238,10753,86,1222,0,0,0,0,0
838,5151,839.0994764493367,99718,1668,1101,210,68,110916,65279,1.766932750356004,836,536,10199,15493,36168,29210,917,3590,48485,36011,0,0,624,412,4187,4483,31959,18876,2998,0,0,24192,10687,83,1217,0,0,0,0,0
839,5151,840.0815617251957,99718,1680,1054,210,68,111135,65410,1.7704426482681161,767,531,10273,15577,36157,29203,911,3565,48486,36012,1,1,623,409,4168,4477,31981,18992,2982,0,0,24172,10616,83,1214,0,0,0,0,1
840,5151,841.0647694793169,99718,1623,1005,210,68,111327,65515,1.773421047353537,734,553,10338,15627,36186,29201,907,3544,48487,36013,2,2,620,401,4140,4486,32024,19109,2955,0,0,24127,10564,83,1208,0,0,0,0,1
841,5151,842.0486222721753,99718,1564,999,210,68,111500,65649,1.7764997292364468,736,537,10431,15683,36156,29190,901,3521,48488,36014,3,3,610,398,4124,4472,32057,19225,2949,0,0,24080,10519,83,1198,0,1,1,0,1
842,5151,843.0340762968144,99718,1517,1003,210,68,111660,65798,1.7795984676788543,745,508,10497,15738,36138,29179,891,3502,48489,36015,4,4,607,393,4109,4455,32101,19329,2936,0,0,24035,10477,83,1190,0,1,1,0,1
843,5151,844.0206547475568,99717,1492,1017,211,68,111825,65937,1.7826649417852523,715,464,10589,15795,36105,29175,886,3479,48490,36016,5,5,606,390,4089,4450,32123,19428,2927,0,0,24004,10432,81,1182,0,3,1,0,1
844,5151,845.0087815895156,99716,1463,1001,212,68,111999,66067,1.7857314773958042,692,434,10650,15843,36100,29192,881,3460,48491,36017,6,6,602,386,4072,4452,32157,19537,2909,0,0,23940,10399,81,1176,0,3,1,0,1
845,5151,846.1960181279138,99715,1401,979,212,69,112195,66215,1.7891992177706464,678,413,10747,15923,36086,29181,874,3433,48492,36018,7,7,594,383,4060,4448,32192,19663,2896,0,0,23896,10329,79,1170,0,3,1,0,1
846,5151,847.1870002107851,99715,1362,951,212,69,112340,66319,1.7916963345534773,673,413,10829,15966,36053,29184,869,3415,48493,36019,8,8,590,380,4038,4436,32221,19760,2889,0,0,23865,10285,79,1166,0,3,1,0,2
847,5151,848.1794435130772,99714,1337,926,213,69,112501,66427,1.7944120183725454,668,405,10898,16049,36017,29151,865,3398,48494,36020,9,9,588,377,4021,4433,32259,19850,2874,0,0,23822,10242,79,1161,0,5,1,0,2
848,5151,849.1735167832081,99714,1325,895,213,69,112664,66508,1.7968590167880136,655,418,10959,16103,35984,29132,862,3381,48495,36021,10,10,584,376,4009,4428,32288,19938,2866,0,0,23785,10201,78,1153,0,5,1,0,2
849,5151,850.1689505747713,99714,1280,888,213,69,112815,66603,1.799326072567543,644,418,11027,16162,35980,29097,854,3364,48496,36022,11,11,581,370,3998,4427,32287,20033,2858,0,0,23769,10159,77,1146,0,6,1,0,2
850,5151,851.1654434251017,99714,1268,884,213,69,112975,66712,1.8020237880337766,614,420,11110,16218,35941,29064,852,3343,48497,36023,12,12,572,368,3980,4418,32314,20114,2850,0,0,23747,10122,76,1143,0,7,1,0,2
851,5151,852.1633166153925,99714,1257,859,213,69,113147,66814,1.8047716469101631,582,421,11188,16268,35912,29050,846,3331,48498,36024,14,14,570,366,3961,4411,32323,20217,2842,0,0,23727,10075,76,1135,0,8,1,0,2
852,5151,853.1626582357713,99714,1220,826,213,69,113288,66909,1.8071384158693864,592,415,11269,16332,35862,29042,842,3314,48499,36025,16,16,570,362,3945,4401,32323,20330,2834,0,0,23689,10040,75,1133,0,9,1,0,2
853,5151,854.1639186597738,99714,1178,806,213,69,113441,67006,1.8096455863770384,559,403,11347,16387,35863,29033,838,3300,48500,36026,19,18,567,359,3932,4394,32341,20429,2823,0,0,23657,9995,75,1128,0,10,1,0,3
854,5151,855.1665550311542,99714,1152,782,213,69,113586,67099,1.812032412700323,547,408,11428,16469,35824,28987,834,3283,48501,36027,23,21,566,356,3914,4385,32363,20517,2812,0,0,23635,9948,75,1126,0,12,1,0,4
855,5151,856.1706487229717,99714,1111,773,213,69,113713,67199,1.8143089235212708,557,401,11501,16545,35786,28941,830,3269,48502,36028,28,25,565,354,3894,4385,32387,20594,2803,0,0,23605,9908,73,1124,0,14,2,0,6
856,5151,857.176578249451,99713,1111,766,214,69,113841,67301,1.8166337388304434,557,369,11605,16633,35680,28901,831,3260,48503,36029,34,30,564,351,3883,4379,32383,20677,2797,0,0,23595,9864,73,1120,1,17,3,0,6
857,5151,858.1855431768432,99713,1108,749,214,69,113970,67384,1.8187598407429322,556,353,11673,16713,35613,28870,834,3244,48504,36030,42,36,561,349,3861,4380,32423,20738,2785,0,0,23560,9832,73,1117,1,20,5,0,8
858,5151,859.1966057710198,99713,1112,728,214,69,114124,67461,1.8210764895249365,519,356,11749,16805,35566,28799,838,3241,48505,36031,51,43,558,348,3852,4373,32431,20816,2776,0,0,23551,9787,72,1110,1,23,5,0,10
859,5151,860.0068893063237,99712,1074,707,215,69,114229,67522,1.8227595474967908,507,358,11810,16861,35551,28764,841,3239,48506,36032,63,51,558,346,3843,4364,32436,20898,2771,0,0,23513,9756,70,1109,1,29,6,0,12
860,5151,861.0209253804563,99712,1038,708,215,69,114373,67617,1.8251564505776636,486,353,11891,16919,35519,28715,849,3234,48507,36033,77,61,552,344,3822,4344,32463,20989,2766,0,0,23468,9727,70,1106,1,36,8,0,16
861,5151,862.0369799260354,99712,1018,676,215,69,114496,67703,1.8272524871630296,471,349,11983,17007,35451,28663,860,3234,48508,36034,94,73,549,341,3813,4339,32468,21082,2759,0,0,23427,9692,70,1101,1,39,10,0,21
862,5151,863.0552881299263,99712,952,674,215,69,114599,67805,1.8293084082156612,486,300,12057,17100,35415,28618,873,3237,48509,36035,115,87,548,340,3796,4330,32476,21183,2746,0,0,23382,9659,70,1097,1,49,10,0,25
863,5151,864.0755679790568,99711,924,648,216,69,114729,67882,1.8314027539589413,472,303,12135,17182,35365,28556,886,3240,48510,36036,140,103,544,340,3779,4313,32464,21291,2743,0,0,23341,9630,68,1093,1,65,10,0,29
864,5151,865.0981075524736,99711,907,640,216,69,114843,67956,1.8332882029063995,469,298,12216,17260,35290,28482,900,3249,48511,36037,170,122,540,337,3765,4308,32474,21367,2735,0,0,23297,9602,68,1092,1,80,12,0,33
865,5151,866.1233259131587,99711,881,627,216,69,114949,68030,1.835093419983753,460,296,12318,17328,35205,28411,918,3267,48512,36038,206,143,536,336,3753,4303,32472,21454,2731,0,0,23257,9565,68,1088,1,98,13,0,36
866,5151,867.1511450187367,99711,867,617,216,69,115057,68111,1.8369888979149742,449,294,12379,17379,35148,28350,939,3289,48513,36039,248,168,533,335,3735,4293,32461,21544,2728,0,0,23216,9534,68,1083,3,117,18,0,43
867,5151,868.181009111718,99711,874,585,216,69,115176,68172,1.838794114992328,413,309,12461,17424,35072,28291,962,3320,48514,36040,297,196,529,334,3720,4280,32470,21626,2724,0,0,23162,9495,68,1078,4,146,21,0,54
868,5151,869.0070186345886,99711,864,583,216,69,115272,68243,1.8404689552807614,417,296,12533,17464,34977,28228,991,3358,48515,36041,354,228,527,333,3707,4273,32458,21713,2718,0,0,23114,9462,68,1074,5,168,25,0,66
869,5151,870.042606616611,99711,857,572,216,69,115378,68325,1.8423544042282196,420,281,12606,17509,34876,28157,1023,3410,48516,36042,420,265,525,330,3698,4277,32421,21815,2712,0,0,23058,9416,68,1072,6,201,27,0,85
870,5151,871.0816247693538,99711,834,570,216,69,115467,68397,1.8439690706140748,427,269,12695,17538,34770,28079,1056,3473,48517,36043,496,307,521,329,3693,4268,32401,21905,2710,0,0,23009,9365,68,1066,7,235,29,0,105
871,5151,872.1238976071194,99711,820,551,216,69,115575,68469,1.8457742876914283,430,252,12764,17595,34673,27984,1095,3547,48518,36044,583,354,516,327,3679,4258,32372,22019,2708,0,0,22933,9333,68,1060,8,286,32,0,112
872,5151,873.1696217218325,99709,805,536,218,69,115688,68537,1.8476265933867555,402,257,12837,17622,34598,27889,1138,3625,48519,36045,682,407,514,325,3655,4258,32330,22133,2699,0,0,22880,9285,67,1057,11,324,41,0,130
873,5151,874.0082890009402,99709,785,537,218,69,115771,68594,1.8490306792766953,399,264,12905,17637,34502,27770,1189,3721,48520,36046,794,466,512,323,3642,4248,32273,22247,2696,0,0,22828,9241,66,1051,15,366,49,0,152
874,5151,875.0598595346604,99709,775,536,218,69,115876,68676,1.8509061368582576,382,244,12984,17682,34393,27653,1246,3814,48521,36047,921,532,512,321,3616,4246,32234,22359,2684,0,0,22770,9180,66,1044,19,411,66,0,181
875,5151,876.1150140997346,99709,762,523,218,69,115972,68750,1.8526110982960415,382,242,13041,17688,34284,27543,1311,3933,48522,36048,1063,605,512,319,3600,4248,32176,22495,2675,0,0,22679,9129,66,1033,23,471,74,0,209
876,5151,877.1739089541472,99708,746,529,219,69,116087,68833,1.8546154771934047,361,229,13114,17697,34172,27405,1386,4069,48523,36049,1222,686,509,319,3574,4235,32121,22638,2671,0,0,22596,9068,65,1028,25,533,86,0,240
877,5151,878.0239096673531,99708,700,515,219,69,116155,68880,1.8557688450274803,355,235,13158,17717,34094,27246,1472,4216,48524,36050,1399,775,506,316,3555,4236,32056,22772,2663,0,0,22490,9021,65,1022,28,613,100,0,265
878,5151,879.09029111651,99708,685,492,219,69,116252,68932,1.8572632085690215,343,248,13239,17708,33952,27099,1560,4382,48525,36051,1596,873,501,314,3527,4237,31967,22931,2655,0,0,22395,8961,65,1014,33,685,120,0,303
879,5151,880.1611455277132,99708,672,478,219,69,116347,68990,1.8587976892526177,329,247,13299,17685,33819,26943,1660,4576,48526,36052,1814,980,501,311,3512,4232,31886,23083,2649,0,0,22282,8884,65,1010,36,771,133,0,353
880,5151,881.0213631252933,99708,659,480,219,69,116420,69056,1.8601917599390219,323,217,13356,17668,33673,26773,1768,4791,48527,36053,2053,1097,498,309,3489,4226,31785,23247,2648,0,0,22137,8827,65,1002,38,893,147,0,397
881,5151,882.1020834075913,99707,659,477,219,70,116514,69114,1.861734883207799,299,204,13428,17655,33506,26575,1887,5017,48528,36054,2315,1224,495,305,3468,4225,31641,23446,2647,0,0,22002,8767,64,999,40,1001,158,0,449
882,5151,883.1880491972896,99706,620,462,220,70,116593,69160,1.8630072412893908,293,209,13480,17622,33371,26362,2014,5273,48529,36055,2601,1362,492,305,3440,4222,31499,23645,2638,0,0,21870,8693,63,991,45,1122,180,0,501
883,5151,884.0608341109556,99706,602,442,220,70,116661,69202,1.8641104848253867,279,204,13563,17601,33190,26135,2144,5546,48530,36056,2912,1511,492,305,3416,4210,31373,23837,2634,0,0,21729,8613,62,981,50,1242,196,0,566
884,5151,885.1587403611409,99706,580,427,220,70,116728,69259,1.8653541411750547,292,189,13597,17579,33017,25897,2292,5836,48531,36057,3249,1672,491,303,3382,4206,31202,24061,2628,0,0,21572,8534,62,968,63,1385,225,0,624
885,5151,886.0416456229436,99706,583,429,220,70,116791,69312,1.8665175616311958,288,169,13636,17525,32821,25643,2450,6162,48532,36058,3612,1845,490,303,3350,4195,31057,24261,2628,0,0,21379,8455,62,964,65,1562,246,0,689
886,5151,887.1520992254112,99706,577,399,220,70,116883,69349,1.867811365414318,272,196,13690,17472,32609,25365,2630,6496,48533,36059,4002,2030,490,302,3312,4191,30886,24498,2619,0,0,21195,8361,62,957,71,1723,274,0,765
887,5151,888.045926079636,99706,569,390,220,70,116949,69392,1.868904579463623,260,181,13720,17377,32413,25110,2816,6870,48534,36060,4419,2228,488,302,3286,4190,30701,24729,2614,0,0,20990,8275,62,949,78,1909,298,0,835
888,5151,889.1711638838393,99706,558,377,220,70,117033,69443,1.8702585601668906,245,176,13783,17292,32185,24828,3007,7255,48535,36061,4863,2439,487,301,3246,4183,30478,25009,2609,0,0,20774,8177,62,944,82,2110,328,0,916
889,5151,890.077710326445,99706,547,375,220,70,117097,69488,1.8713517742161956,239,163,13821,17184,31959,24519,3212,7687,48536,36062,5334,2663,487,299,3205,4177,30252,25287,2606,0,0,20555,8082,62,935,89,2306,366,0,998
890,5151,891.2197038385412,99706,524,362,220,70,117161,69527,1.8723848113453554,251,162,13860,17096,31713,24186,3430,8122,48537,36063,5832,2900,484,297,3168,4177,30014,25576,2604,0,0,20337,7968,62,926,96,2505,398,0,1094
891,5151,892.1398372228298,99706,518,355,220,70,117215,69569,1.873347642067679,250,154,13865,16953,31486,23876,3659,8590,48538,36064,6356,3151,482,295,3123,4174,29770,25859,2603,0,0,20099,7862,62,918,101,2734,436,0,1188
892,5151,893.0667905226368,99706,495,344,220,70,117265,69608,1.8742402663831665,234,148,13875,16820,31271,23537,3903,9079,48539,36065,6905,3415,481,295,3087,4173,29497,26174,2596,0,0,19853,7752,62,900,118,2967,468,0,1283
893,5151,894.0007751211098,99706,496,340,220,70,117325,69645,1.875213126592181,224,141,13897,16645,31006,23213,4155,9589,48540,36066,7478,3693,478,293,3044,4164,29234,26484,2596,0,0,19587,7631,62,892,126,3217,507,0,1391
894,5151,895.178658645559,99706,476,337,220,70,117384,69698,1.8763364291015585,227,126,13916,16530,30742,22822,4417,10113,48541,36067,8073,3984,477,292,3009,4156,28962,26802,2594,0,0,19314,7497,62,880,136,3480,540,0,1505
895,5151,896.128739804625,99706,475,326,220,70,117445,69724,1.8772089944436643,205,131,13909,16393,30491,22430,4698,10648,48542,36068,8689,4288,475,292,2970,4153,28668,27137,2590,0,0,19039,7375,61,865,149,3738,575,0,1619
896,5151,897.0872289405,99706,445,317,220,70,117481,69762,1.8779511764587888,224,125,13958,16251,30169,22027,4982,11208,48543,36069,9324,4605,475,292,2932,4145,28355,27490,2586,0,0,18752,7247,61,854,158,4022,605,0,1732
897,5151,898.055642859527,99706,415,315,220,70,117526,69787,1.8786532405271499,212,130,13959,16071,29901,21621,5291,11791,48544,36070,9976,4934,475,292,2898,4145,28013,27866,2580,0,0,18461,7131,60,846,167,4302,637,0,1833
898,5151,899.0335246984142,99706,409,301,220,70,117575,69820,1.8794756584358012,204,122,13963,15893,29589,21243,5613,12369,48545,36071,10642,5275,474,290,2851,4147,27698,28217,2576,0,0,18172,6969,60,830,181,4580,680,0,1981
899,5151,900.0217701776605,99706,409,295,220,70,117613,69843,1.8800874571239443,213,139,14043,15953,29523,21212,5590,12329,48545,36071,10642,5275,474,289,2850,4146,27705,28238,2574,0,0,18161,6958,60,829,181,4580,680,0,1981
900,5151,900.0217701776605,99706,400,283,220,70,117626,69847,1.8802579583976893,216,146,13952,15708,29282,20830,5928,12961,48545,36071,11321,5627,474,289,2803,4144,27365,28595,2573,0,2,17856,6836,60,814,194,4875,725,0,2101
901,5151,901.0204595095962,99706,415,294,220,70,117689,69892,1.8813411429603033,207,136,13929,15547,28959,20388,6268,13563,48545,36071,12009,5989,473,289,2748,4145,27022,28964,2567,1,15,17556,6697,60,800,208,5158,776,0,2227
902,5151,902.0299549783679,99706,397,289,220,70,117742,69935,1.882303973682627,220,128,13919,15388,28635,19974,6607,14149,48545,36071,12705,6361,472,289,2706,4143,26675,29348,2561,2,26,17221,6562,60,790,217,5467,816,1,2350
903,5151,903.0507883782329,99706,387,275,220,70,117790,69963,1.8830662146711332,224,133,13883,15188,28334,19568,6950,14764,48545,36071,13406,6743,472,288,2640,4141,26271,29786,2559,2,38,16920,6433,60,777,229,5748,874,2,2466
904,5151,904.0827548887875,99706,380,251,220,70,117841,69994,1.8838886325797846,228,138,13847,15012,28019,19145,7304,15382,48545,36071,14109,7133,469,288,2585,4132,25924,30173,2557,5,51,16588,6307,60,761,243,6057,925,5,2576
905,5151,905.12632325324,99706,379,259,220,70,117899,70033,1.884861492788799,219,135,13824,14845,27681,18704,7675,15985,48545,36071,14812,7530,467,288,2546,4129,25569,30556,2553,7,57,16279,6167,60,748,255,6352,958,8,2707
906,5151,906.1826522450042,99706,383,263,220,70,117948,70071,1.8857340581309048,233,135,13792,14692,27337,18279,8033,16559,48545,36071,15512,7934,467,286,2492,4127,25243,30920,2551,7,65,15956,6024,60,732,268,6653,1005,8,2842
907,5151,907.2519603971988,99706,388,257,220,70,118006,70108,1.8866868593665376,224,143,13736,14525,27034,17856,8396,17147,48545,36071,16208,8344,465,286,2431,4130,24884,31319,2544,9,71,15635,5900,58,718,280,6946,1062,12,2956
908,5151,908.0622732617143,99706,391,264,220,70,118054,70141,1.8874992477884982,224,136,13673,14350,26724,17447,8766,17731,48545,36071,16897,8758,465,285,2373,4129,24513,31719,2541,9,74,15341,5779,58,705,293,7222,1114,15,3071
909,5151,909.1559682819609,99706,366,256,220,70,118106,70180,1.8884119310773675,228,141,13650,14186,26391,17048,9143,18297,48545,36071,17577,9176,465,283,2322,4125,24144,32136,2538,9,82,15017,5660,58,682,313,7517,1158,21,3176
910,5151,910.2639881566421,99706,378,252,220,70,118165,70219,1.8893948207730729,241,137,13612,14004,26026,16660,9521,18875,48545,36071,18246,9597,463,281,2265,4124,23746,32565,2534,11,93,14717,5554,58,665,328,7799,1211,21,3271
911,5151,911.105335878862,99706,383,269,220,70,118211,70262,1.8902874450885603,237,119,13554,13802,25702,16284,9902,19454,48545,36071,18903,10019,463,281,2202,4120,23413,32922,2533,11,99,14400,5437,58,648,344,8102,1270,22,3381
912,5151,912.2425007772389,99706,397,262,220,70,118279,70297,1.89132048221772,232,119,13521,13684,25352,15899,10276,19964,48545,36071,19546,10442,463,280,2151,4118,23077,33298,2528,11,105,14072,5308,58,635,356,8407,1313,24,3502
913,5151,913.1059689037114,99706,401,250,220,70,118320,70322,1.8919824283393176,235,134,13455,13505,25025,15557,10662,20482,48545,36071,20173,10865,462,280,2101,4118,22720,33682,2523,12,114,13782,5194,58,623,368,8680,1358,26,3605
914,5151,914.273522236525,99706,422,249,220,70,118408,70360,1.8932461436623673,221,130,13434,13391,24674,15204,11027,20954,48545,36071,20784,11287,460,280,2057,4115,22381,34062,2518,14,119,13503,5074,58,605,385,8933,1396,30,3716
915,5151,915.160367625184,99706,441,255,220,70,118461,70390,1.8940785910577096,210,120,13360,13269,24373,14850,11394,21434,48545,36071,21378,11707,456,280,2012,4111,22061,34408,2516,18,120,13219,4952,58,591,398,9201,1438,33,3834
916,5151,916.0584029450022,99706,421,261,220,70,118506,70420,1.894830802559525,211,117,13313,13125,24067,14508,11766,21917,48545,36071,21954,12124,456,279,1973,4108,21726,34778,2510,18,124,12938,4842,58,582,407,9460,1474,35,3938
917,5151,917.2725764991255,99705,411,252,220,71,118574,70459,1.8959229727696705,211,123,13306,12992,23738,14204,12112,22356,48545,36071,22511,12537,452,278,1935,4110,21361,35179,2503,22,133,12691,4738,58,572,415,9680,1510,43,4025
918,5151,918.1948578705293,99705,399,249,220,71,118610,70485,1.8965448071811846,214,113,13274,12871,23412,13919,12479,22775,48545,36071,23049,12946,452,277,1890,4113,21051,35520,2496,22,135,12417,4638,58,560,427,9930,1553,47,4119
919,5151,919.1299133221265,99705,395,241,220,71,118656,70512,1.8972769670528058,208,116,13219,12749,23128,13626,12828,23195,48545,36071,23568,13350,450,275,1853,4117,20736,35868,2489,24,139,12157,4540,57,551,435,10167,1587,49,4211
920,5151,920.07703863826,99705,364,252,220,71,118688,70547,1.8979489494007322,229,107,13177,12669,22829,13324,13179,23575,48545,36071,24068,13748,450,275,1811,4110,20409,36233,2488,24,141,11914,4454,57,547,439,10385,1624,54,4290
921,5151,921.0363754510148,99705,387,239,220,71,118748,70571,1.8987914347324608,209,123,13162,12592,22509,13034,13511,23939,48545,36071,24548,14139,449,275,1773,4111,20096,36569,2485,25,144,11701,4370,57,533,452,10581,1659,65,4360
922,5151,922.0090723145674,99705,379,230,220,71,118795,70591,1.8994634170803872,202,137,13110,12482,22244,12783,13843,24295,48545,36071,25009,14524,445,274,1740,4111,19810,36888,2480,29,146,11472,4282,57,518,466,10790,1686,67,4444
923,5151,923.3235011105003,99705,360,232,220,71,118856,70634,1.9005064941577654,207,139,13113,12433,21965,12542,14133,24581,48545,36071,25451,14901,443,273,1700,4109,19551,37192,2476,31,149,11224,4190,57,508,475,11007,1720,73,4527
924,5151,924.3208509236351,99705,369,229,220,71,118917,70675,1.9015295120605786,189,133,13093,12340,21680,12331,14447,24894,48545,36071,25874,15270,440,273,1668,4105,19284,37505,2473,34,156,11002,4118,56,499,482,11199,1746,78,4587
925,5151,925.3316728932484,99705,356,234,220,71,118951,70714,1.9022616719322,196,122,13075,12291,21403,12096,14748,25184,48545,36071,26279,15631,440,273,1639,4097,19010,37814,2471,34,160,10784,4047,56,487,494,11400,1768,84,4647
926,5151,926.0129792539726,99705,362,236,220,71,118986,70734,1.9028132992327367,202,119,13020,12192,21143,11902,15051,25478,48545,36071,26666,15984,440,273,1608,4093,18785,38056,2471,34,162,10601,3964,56,478,502,11574,1796,87,4725
927,5151,927.049478583453,99705,351,239,220,71,119044,70767,1.9037259916754425,182,109,12981,12169,20922,11690,15342,25720,48545,36071,27036,16328,437,272,1579,4087,18553,38324,2468,37,166,10389,3899,56,471,509,11764,1821,91,4782
928,5151,928.097904325565,99704,357,249,220,72,119102,70803,1.9046878761132953,186,96,12965,12138,20664,11493,15606,25950,48545,36071,27388,16663,435,272,1550,4085,18314,38587,2463,39,166,10213,3833,56,465,515,11925,1847,96,4843
929,5151,929.159475359043,99704,360,252,220,72,119149,70829,1.9054200433282515,190,99,12981,12099,20400,11295,15847,26181,48545,36071,27724,16989,434,272,1516,4083,18083,38845,2461,40,171,10034,3774,56,454,525,12084,1879,96,4897
930,5151,930.2341396602164,99704,368,239,220,72,119208,70857,1.9062926261734734,174,103,12964,12091,20174,11116,16098,26377,48545,36071,28044,17306,433,271,1491,4076,17861,39103,2458,41,174,9865,3719,56,447,531,12232,1901,105,4940
931,5151,931.3211557181029,99703,360,224,221,72,119250,70883,1.906993771501359,182,115,12952,12092,19952,10945,16331,26550,48545,36071,28349,17614,433,271,1461,4069,17677,39328,2455,41,181,9708,3653,56,439,539,12361,1928,109,4994
932,5151,932.0523799874201,99703,362,221,221,72,119289,70906,1.9076156183866082,188,111,12902,12048,19747,10789,16578,26757,48545,36071,28639,17913,433,271,1441,4063,17481,39551,2453,41,183,9564,3588,56,429,549,12488,1946,113,5053
933,5151,933.1630426391677,99703,366,212,221,72,119356,70936,1.908588507868369,176,109,12903,12015,19543,10672,16789,26918,48545,36071,28915,18202,433,271,1410,4060,17290,39774,2450,41,189,9413,3528,56,420,557,12620,1971,120,5100
934,5151,934.2852397530218,99703,350,203,221,72,119401,70963,1.9093106526383359,188,105,12910,12018,19338,10524,16991,27076,48545,36071,29177,18482,433,270,1392,4058,17104,39998,2444,41,193,9259,3479,56,414,562,12749,1986,125,5140
935,5151,935.0400531530906,99702,337,206,221,73,119433,70987,1.9098914766002688,191,94,12876,11994,19173,10408,17200,27223,48545,36071,29426,18753,431,269,1367,4055,16921,40203,2444,43,189,9131,3427,56,408,567,12862,2009,131,5189
936,5151,936.1849257672338,99702,344,201,221,73,119493,71012,1.91074401717117,187,99,12901,12011,18960,10289,17385,27325,48545,36071,29663,19015,431,267,1348,4055,16749,40399,2442,43,192,8995,3380,56,397,577,12982,2025,136,5228
937,5151,937.3423325354003,99702,333,214,221,73,119539,71046,1.9115464082967242,185,94,12940,12040,18763,10156,17556,27421,48545,36071,29888,19268,430,266,1330,4050,16601,40580,2440,44,197,8863,3330,56,395,579,13091,2041,141,5268
938,5151,938.1207429077328,99702,328,210,221,73,119569,71062,1.912007783193918,186,92,12949,12038,18569,10040,17745,27545,48545,36071,30102,19513,430,266,1316,4051,16433,40767,2435,44,201,8745,3293,56,391,583,13195,2054,144,5298
939,5151,939.3026008504994,99702,321,203,221,73,119623,71092,1.9128502938757497,182,91,13003,12071,18369,9930,17902,27630,48545,36071,30305,19749,430,265,1305,4050,16288,40951,2432,44,201,8616,3246,56,388,586,13291,2064,151,5338
940,5151,940.097963199005,99702,320,195,221,73,119654,71107,1.9133116687729435,177,94,13001,12099,18199,9814,18080,27723,48545,36071,30498,19977,430,265,1289,4049,16129,41127,2431,44,202,8509,3221,56,386,588,13384,2079,156,5357
941,5151,941.3051994029389,99702,333,189,221,73,119701,71130,1.9140137610078032,185,99,13059,12159,17986,9707,18214,27771,48545,36071,30681,20197,430,265,1276,4055,15995,41282,2424,44,206,8392,3179,56,380,592,13486,2089,159,5392
942,5151,942.1123857399616,99702,325,190,221,73,119733,71154,1.9145754347956911,181,97,13051,12161,17845,9623,18375,27854,48545,36071,30855,20409,430,264,1258,4055,15869,41426,2421,44,210,8292,3138,56,375,596,13577,2103,164,5424
943,5151,943.3149840118391,99701,327,189,222,73,119796,71188,1.9155675469654265,159,96,13099,12220,17695,9539,18496,27881,48545,36071,31020,20613,429,264,1240,4046,15736,41591,2419,45,214,8195,3108,56,373,598,13657,2116,169,5445
944,5151,944.1123898761782,99700,331,195,223,73,119830,71212,1.9161685055165496,147,92,13079,12260,17571,9451,18647,27927,48545,36071,31176,20809,429,264,1227,4049,15614,41729,2414,45,214,8106,3074,56,371,600,13732,2128,174,5474
945,5151,945.2979011633066,99700,329,188,223,73,119875,71241,1.9169107321965897,145,96,13120,12337,17429,9365,18752,27939,48545,36071,31325,20998,425,263,1215,4050,15497,41867,2408,49,218,8015,3045,56,366,605,13811,2138,180,5492
946,5151,946.0842488300261,99700,314,189,223,73,119899,71269,1.917432296890672,160,82,13120,12364,17314,9297,18867,27993,48545,36071,31466,21180,424,263,1208,4047,15379,42014,2404,50,220,7938,3011,56,364,606,13871,2141,185,5519
947,5151,947.2553226305254,99700,312,187,223,73,119949,71292,1.9181644934804414,159,84,13165,12440,17178,9209,18961,28005,48545,36071,31600,21355,424,263,1194,4043,15284,42143,2401,50,221,7854,2981,56,361,608,13934,2150,190,5543
948,5151,948.0326899048865,99700,319,189,223,73,119990,71312,1.9187763289869608,146,80,13180,12456,17057,9144,19073,28056,48545,36071,31727,21523,423,263,1179,4039,15201,42252,2400,51,223,7777,2953,56,357,611,13994,2162,193,5566
949,5151,949.1910016786504,99700,316,165,223,73,120042,71330,1.9194784353059178,151,86,13238,12535,16930,9091,19140,28048,48545,36071,31848,21685,423,263,1171,4038,15117,42382,2394,51,226,7701,2919,56,355,613,14038,2164,201,5588
950,5151,950.3451856799225,99700,302,156,223,73,120084,71353,1.9201303911735206,157,84,13327,12595,16800,9034,19189,28056,48545,36071,31963,21840,422,262,1155,4036,15029,42498,2391,52,232,7628,2880,56,353,615,14095,2174,207,5615
951,5151,951.1131033631821,99700,290,152,223,73,120107,71366,1.9204914744232697,154,87,13351,12637,16692,8974,19288,28075,48545,36071,32072,21989,422,262,1148,4037,14929,42616,2390,51,232,7569,2864,56,351,617,14139,2179,210,5628
952,5151,952.2585631058288,99700,275,152,223,73,120146,71395,1.921173520561685,154,88,13421,12729,16579,8904,19346,28052,48545,36071,32175,22132,422,262,1139,4038,14839,42728,2385,51,233,7504,2841,56,347,620,14190,2185,220,5640
953,5151,953.0203144435696,99700,284,155,223,73,120184,71414,1.9217452357071214,140,88,13452,12788,16463,8826,19436,28068,48545,36071,32273,22270,422,262,1130,4036,14757,42827,2383,51,236,7437,2827,56,347,620,14245,2193,224,5647
954,5151,954.1572405490152,99700,277,162,223,73,120224,71444,1.9224473420260781,132,89,13529,12885,16370,8764,19467,28025,48545,36071,32366,22402,422,262,1117,4028,14682,42932,2380,51,235,7372,2806,56,342,625,14297,2201,229,5663
955,5151,955.292090541002,99700,281,157,223,73,120267,71468,1.9231193580742227,128,90,13601,12939,16254,8720,19511,28019,48545,36071,32455,22529,422,261,1111,4025,14595,43044,2376,51,237,7318,2790,56,341,625,14337,2205,235,5671
956,5151,956.0473798045563,99700,273,156,223,73,120296,71487,1.9236008024072218,122,82,13630,12987,16186,8681,19564,28019,48545,36071,32539,22651,422,261,1104,4024,14529,43136,2371,51,239,7274,2770,56,338,628,14367,2207,237,5686
957,5151,957.1766030211407,99700,277,156,223,73,120333,71516,1.9242627883650953,123,74,13717,13080,16063,8626,19595,27989,48545,36071,32619,22768,422,261,1095,4022,14470,43223,2367,51,244,7205,2750,56,338,628,14419,2211,238,5700
958,5151,958.304157547694,99700,274,149,223,73,120377,71539,1.9249348044132397,116,78,13793,13174,15957,8576,19635,27948,48545,36071,32695,22881,422,261,1087,4018,14411,43312,2365,51,246,7156,2731,56,334,632,14446,2217,242,5713
959,5151,959.0547262721849,99700,258,145,223,73,120396,71552,1.9252557673019057,114,78,13829,13246,15892,8533,19682,27923,48545,36071,32768,22989,421,260,1082,4017,14350,43390,2364,52,249,7104,2717,56,331,635,14487,2219,245,5721
960,5151,960.1773513076535,99700,246,149,223,73,120424,71577,1.9257873620862587,114,74,13933,13328,15779,8486,19703,27888,48545,36071,32837,23093,419,259,1075,4015,14296,43464,2361,54,251,7057,2701,56,329,637,14522,2224,248,5732
961,5151,961.298975375984,99700,240,148,223,73,120456,71603,1.926369107321966,117,61,14026,13436,15680,8443,19712,27837,48545,36071,32903,23193,416,259,1069,4010,14251,43532,2360,57,252,7004,2688,56,328,637,14562,2227,252,5740
962,5151,962.0465818954733,99700,234,140,223,73,120475,71614,1.9266700100300902,115,66,14067,13494,15593,8409,19766,27816,48545,36071,32966,23289,416,259,1063,4009,14200,43599,2358,57,254,6962,2671,56,326,638,14592,2233,252,5755
963,5151,963.1648399688479,99700,241,144,223,73,120518,71639,1.9273520561685056,104,62,14146,13586,15512,8361,19772,27772,48545,36071,33026,23381,414,259,1056,4006,14133,43685,2357,59,258,6929,2664,56,325,639,14611,2239,254,5756
964,5151,964.2827530363319,99700,237,139,223,73,120549,71654,1.9278134403209628,105,62,14244,13696,15425,8312,19764,27716,48545,36071,33083,23469,414,259,1053,4006,14076,43759,2355,59,260,6892,2648,56,322,642,14636,2240,256,5767
965,5151,965.0282926111012,99700,236,144,223,73,120566,71668,1.928124373119358,102,60,14292,13764,15361,8266,19784,27691,48545,36071,33137,23554,414,259,1050,4004,14026,43822,2354,59,259,6863,2636,56,322,642,14660,2239,258,5777
966,5151,966.1453760243668,99700,242,137,223,73,120603,71684,1.9286559679037112,109,67,14370,13858,15283,8241,19771,27622,48545,36071,33189,23636,414,258,1046,4003,13984,43885,2352,59,262,6831,2620,56,322,642,14677,2241,259,5789
967,5151,967.262950045237,99700,221,131,223,73,120631,71702,1.9291173520561684,122,66,14458,13959,15211,8203,19763,27566,48545,36071,33238,23714,414,258,1040,4002,13931,43959,2348,59,265,6782,2613,56,322,642,14712,2245,265,5787
968,5151,968.0082792950203,99700,211,127,223,73,120648,71713,1.9293981945837513,131,63,14503,14023,15143,8173,19787,27539,48545,36071,33285,23789,414,258,1032,3999,13894,44011,2346,59,271,6746,2597,56,321,643,14741,2250,268,5794
969,5151,969.1254036745488,99700,214,118,223,73,120688,71729,1.9299598796389168,119,69,14611,14111,15061,8144,19770,27483,48545,36071,33330,23861,413,258,1025,3997,13853,44069,2342,60,275,6724,2582,56,319,645,14755,2254,272,5801
970,5151,970.2434442620987,99700,214,114,223,73,120710,71746,1.9303510531594785,140,64,14696,14206,14980,8112,19745,27429,48545,36071,33373,23931,413,258,1020,3994,13817,44125,2340,60,276,6687,2578,56,319,644,14782,2255,273,5803
971,5151,971.362145869131,99700,213,117,223,73,120748,71763,1.930902708124373,135,68,14774,14321,14910,8063,19743,27356,48545,36071,33414,23998,413,258,1012,3992,13799,44164,2336,60,276,6651,2570,56,319,644,14807,2259,278,5806
972,5151,972.1080108252155,99700,218,114,223,73,120781,71774,1.931344032096289,123,66,14821,14384,14861,8040,19752,27321,48545,36071,33453,24062,413,258,1008,3990,13769,44215,2335,60,276,6628,2554,56,316,647,14814,2262,280,5819
973,5151,973.226716952456,99700,218,116,223,73,120819,71793,1.9319157472417252,123,58,14905,14501,14799,8007,19730,27243,48545,36071,33490,24124,413,257,1005,3990,13723,44278,2333,60,281,6606,2538,56,314,649,14825,2262,280,5830
974,5151,974.346638622125,99700,209,113,223,73,120850,71808,1.9323771313941827,119,59,15008,14605,14743,7979,19696,27169,48545,36071,33526,24183,413,257,1004,3984,13700,44324,2331,60,280,6577,2532,56,312,651,14843,2260,286,5830
975,5151,975.094343346509,99700,208,110,223,73,120866,71817,1.932627883650953,131,62,15050,14655,14698,7956,19688,27142,48545,36071,33560,24240,412,257,1002,3984,13667,44365,2328,61,281,6561,2527,56,309,653,14855,2262,287,5833
976,5151,976.2166540947516,99700,223,103,223,73,120904,71834,1.9331795386158475,119,66,15148,14757,14630,7930,19655,27069,48545,36071,33592,24295,411,257,998,3982,13636,44414,2327,62,284,6535,2519,56,309,652,14869,2264,289,5836
977,5151,977.3405164157135,99700,228,104,223,73,120941,71855,1.9337612838515548,110,65,15213,14873,14581,7900,19643,26983,48545,36071,33623,24348,410,257,992,3982,13605,44466,2324,62,283,6512,2513,56,309,652,14877,2269,293,5838
978,5151,978.0902610064084,99700,223,99,223,73,120959,71864,1.9340320962888666,115,62,15262,14937,14536,7886,19639,26941,48545,36071,33653,24399,410,257,990,3982,13575,44509,2320,62,281,6494,2509,56,309,652,14886,2271,299,5838
979,5151,979.2152022283502,99699,224,100,223,74,120989,71884,1.9345530045436765,115,57,15355,15061,14479,7861,19602,26845,48545,36071,33681,24448,410,257,987,3979,13565,44540,2318,62,283,6467,2502,55,309,652,14898,2273,300,5842
980,5151,980.3421311561477,99699,221,96,223,74,121023,71895,1.9350043631330305,107,63,15456,15180,14417,7824,19574,26761,48545,36071,33708,24495,408,257,985,3973,13541,44583,2318,64,283,6444,2497,55,308,653,14911,2274,302,5843
981,5151,981.0943912150175,99699,227,98,223,74,121041,71904,1.9352751782866429,119,67,15514,15233,14354,7805,19561,26721,48545,36071,33734,24540,408,257,984,3972,13509,44621,2318,64,282,6435,2489,55,307,654,14915,2275,303,5851
982,5151,982.2234618132059,99699,228,98,223,74,121079,71921,1.9358268387847422,121,71,15609,15341,14296,7774,19521,26640,48545,36071,33759,24584,408,256,982,3967,13487,44662,2318,64,284,6410,2485,55,306,653,14930,2276,306,5850
983,5151,983.3549160777987,99699,216,96,223,74,121102,71933,1.9361778954653508,119,85,15704,15442,14256,7743,19480,26558,48545,36071,33783,24626,406,256,982,3969,13461,44705,2314,66,285,6390,2480,55,306,652,14938,2276,304,5854
984,5151,984.1106165197942,99699,218,96,223,74,121126,71942,1.9365088917642104,120,84,15744,15511,14220,7720,19473,26513,48545,36071,33806,24666,404,255,977,3969,13446,44730,2313,68,284,6374,2475,55,306,652,14948,2280,306,5857
985,5151,985.2450704510272,99699,205,101,223,74,121150,71963,1.9369602503535643,125,79,15841,15629,14181,7697,19423,26418,48545,36071,33828,24705,404,254,974,3968,13429,44767,2310,68,286,6355,2470,54,305,653,14957,2280,308,5857
986,5151,986.0028789222907,99699,195,104,223,74,121170,71977,1.9373012768432982,132,70,15887,15695,14155,7686,19406,26369,48545,36071,33849,24743,403,253,971,3967,13406,44806,2309,69,286,6342,2466,54,305,653,14959,2281,309,5860
987,5151,987.1413250899627,99699,213,97,223,74,121210,71995,1.9378830279140211,122,61,16003,15796,14091,7674,19346,26296,48545,36071,33869,24779,403,253,967,3966,13382,44850,2307,69,288,6328,2460,54,302,654,14960,2283,311,5862
988,5151,988.2829763912207,99699,212,103,223,74,121247,72015,1.9384547487938695,113,58,16096,15905,14044,7647,19310,26211,48545,36071,33888,24814,402,253,965,3967,13359,44888,2304,70,288,6311,2455,54,301,653,14969,2282,313,5865
989,5151,989.0454214228888,99699,208,110,223,74,121272,72032,1.9388760168105998,110,53,16163,15972,14005,7629,19289,26160,48545,36071,33907,24848,402,253,962,3964,13344,44919,2303,70,286,6296,2449,54,301,653,14976,2282,316,5869
990,5151,990.1907914761256,99698,199,112,223,75,121307,72049,1.9394170394591668,102,56,16271,16084,13972,7607,19231,26064,48545,36071,33925,24880,400,253,962,3958,13341,44945,2300,72,287,6281,2443,54,301,653,14979,2280,318,5871
991,5151,991.3394676466382,99698,208,112,223,75,121342,72070,1.939978735782062,117,57,16354,16193,13916,7588,19180,25973,48545,36071,33942,24911,398,252,961,3959,13320,44983,2299,74,290,6269,2435,54,301,653,14977,2279,320,5874
992,5151,992.1068952715236,99698,214,108,223,75,121367,72083,1.940359886858312,113,56,16422,16251,13873,7578,19153,25930,48545,36071,33958,24941,398,252,959,3955,13307,45010,2299,74,291,6256,2430,54,301,653,14980,2281,323,5875
993,5151,993.2599453543731,99698,213,111,223,75,121398,72104,1.940881462015286,107,47,16510,16372,13833,7550,19112,25843,48545,36071,33974,24970,398,251,959,3952,13302,45034,2299,74,295,6243,2420,54,300,652,14982,2279,328,5876
994,5151,994.0300146904622,99697,211,107,223,76,121414,72116,1.9411817807958114,106,41,16589,16450,13798,7538,19071,25786,48545,36071,33989,24998,397,251,959,3950,13288,45063,2298,75,294,6224,2418,54,300,652,14988,2279,333,5874
995,5151,995.1881379385464,99697,196,98,223,76,121437,72128,1.9415328445188922,113,49,16680,16533,13752,7521,19034,25721,48545,36071,34004,25025,397,251,959,3948,13278,45093,2296,75,299,6208,2410,54,299,652,14990,2278,339,5871
996,5151,996.3489307135948,99697,188,100,223,76,121468,72144,1.9420042729470295,103,41,16793,16650,13719,7501,18972,25630,48545,36071,34018,25051,397,249,953,3947,13267,45124,2294,75,300,6196,2406,54,299,652,14990,2282,338,5874
997,5151,997.1248579517311,99697,185,102,223,76,121488,72154,1.9423051847096704,101,41,16859,16722,13689,7480,18941,25577,48545,36071,34031,25076,396,249,953,3944,13256,45147,2294,76,301,6188,2403,54,298,653,14991,2280,339,5875
998,5151,998.2914528277726,99697,177,94,223,76,121514,72166,1.9426863396090153,95,45,16955,16816,13659,7471,18889,25496,48545,36071,34044,25100,396,248,952,3945,13242,45176,2291,76,306,6171,2397,54,298,653,14996,2281,343,5872
999,5151,999.0711547323206,99697,171,94,223,76,121529,72174,1.94291703862704,103,45,17014,16918,13623,7445,18864,25420,48545,36071,34056,25123,395,248,951,3944,13229,45201,2291,77,308,6162,2393,54,297,653,14996,2281,344,5873
1000,5151,1000.2428329091942,99697,166,103,223,76,121554,72193,1.943358375878913,104,35,17119,17040,13569,7430,18817,25314,48545,36071,34068,25146,395,248,948,3944,13217,45226,2289,77,309,6153,2392,53,296,654,14996,2283,345,5872
1001,5151,1001.0256660652319,99697,155,100,223,76,121570,72200,1.9435890748969378,104,37,17194,17116,13540,7414,18782,25255,48545,36071,34080,25168,395,248,945,3941,13209,45249,2288,77,308,6141,2388,53,295,655,15001,2282,348,5874
1002,5151,1002.2025467297142,99697,164,91,223,76,121600,72210,1.9439902905804587,98,46,17310,17230,13479,7395,18724,25160,48545,36071,34091,25189,395,248,943,3939,13195,45278,2284,77,309,6131,2385,53,295,655,15003,2283,351,5873
1003,5151,1003.383105860329,99697,164,82,223,76,121623,72221,1.9443313239114517,86,42,17415,17342,13448,7376,18662,25080,48545,36071,34102,25209,395,248,942,3935,13190,45306,2283,77,312,6118,2379,53,295,654,15000,2283,351,5876
1004,5151,1004.1723966651643,99697,164,77,223,76,121637,72229,1.9445519925373882,86,39,17482,17412,13413,7373,18630,25021,48545,36071,34112,25229,395,248,939,3935,13178,45328,2282,77,312,6111,2377,53,295,653,15002,2283,353,5876
1005,5151,1005.3589630783581,99697,160,75,223,76,121657,72239,1.944852904300029,88,41,17582,17559,13377,7345,18568,24902,48545,36071,34122,25248,395,248,937,3929,13174,45348,2282,77,314,6100,2374,53,294,654,15005,2283,354,5876
1006,5151,1006.1522488822554,99697,146,64,223,76,121674,72241,1.9450434817497015,92,50,17664,17639,13349,7335,18524,24834,48545,36071,34132,25266,395,247,935,3929,13173,45367,2281,77,314,6087,2372,52,294,654,15005,2283,356,5876
1007,5151,1007.3458432933486,99697,150,71,223,76,121702,72254,1.9454547278253107,89,49,17771,17770,13311,7300,18454,24732,48545,36071,34141,25284,394,247,934,3926,13163,45388,2279,78,315,6080,2369,52,294,654,15008,2282,357,5877
1008,5151,1008.1441260864967,99697,161,74,223,76,121730,72265,1.9458459131167438,83,45,17843,17860,13275,7277,18413,24666,48545,36071,34150,25301,393,247,933,3931,13155,45403,2274,79,315,6072,2368,52,293,655,15010,2282,358,5877
1009,5151,1009.344799063964,99697,163,84,223,76,121758,72285,1.946327371936969,78,36,17960,17984,13230,7258,18344,24560,48545,36071,34159,25318,393,247,932,3923,13158,45416,2274,79,316,6062,2360,52,293,655,15015,2281,360,5881
1010,5151,1010.147791020344,99697,160,86,223,76,121774,72294,1.9465781317391697,76,33,18026,18062,13208,7244,18305,24497,48545,36071,34167,25334,393,246,929,3924,13149,45430,2273,79,316,6055,2359,52,292,656,15020,2282,360,5882
1011,5151,1011.3557611953763,99697,151,78,223,76,121792,72300,1.9468188611492823,91,38,18123,18179,13177,7220,18233,24407,48545,36071,34175,25350,393,245,927,3925,13133,45458,2271,79,315,6050,2358,52,291,656,15017,2283,362,5882
1012,5151,1012.1636895547977,99697,153,77,223,76,121808,72308,1.947059590559395,87,43,18201,18254,13139,7207,18195,24341,48545,36071,34183,25365,392,245,924,3928,13121,45474,2268,80,317,6047,2353,52,291,656,15017,2285,362,5885
1013,5151,1013.3772468595761,99697,151,69,223,76,121832,72319,1.9474106542824758,82,43,18306,18377,13102,7199,18134,24234,48545,36071,34190,25380,392,245,922,3928,13111,45500,2266,80,318,6042,2352,52,290,656,15014,2283,364,5882
1014,5151,1014.1830389912566,99697,148,73,223,76,121844,72326,1.9476012317321485,81,42,18367,18462,13080,7187,18099,24158,48545,36071,34197,25394,392,245,921,3927,13100,45515,2265,80,318,6036,2351,52,289,656,15019,2284,365,5882
1015,5151,1015.3861982965619,99697,143,75,223,76,121866,72343,1.9479924170235814,78,32,18481,18570,13048,7174,18025,24071,48545,36071,34204,25408,392,245,921,3928,13097,45529,2261,80,322,6028,2346,52,289,655,15021,2283,369,5879
1016,5151,1016.1843553159889,99697,138,64,223,76,121880,72345,1.94815290329699,76,33,18538,18648,13029,7173,17994,24004,48545,36071,34211,25421,392,245,921,3927,13093,45548,2260,80,326,6020,2340,52,289,654,15018,2282,369,5881
1017,5151,1017.3770624847442,99697,132,57,223,76,121904,72351,1.9484538150596307,72,35,18649,18769,13001,7153,17921,23908,48545,36071,34218,25434,391,244,921,3927,13086,45566,2257,81,326,6014,2338,52,288,653,15019,2282,369,5883
1018,5151,1018.1685731727353,99697,132,54,223,76,121918,72356,1.948644392509303,71,37,18715,18828,12981,7141,17876,23862,48545,36071,34224,25447,391,244,921,3926,13078,45580,2257,81,326,6009,2336,52,288,652,15021,2282,370,5883
1019,5151,1019.3503183750817,99697,125,58,223,76,121933,72372,1.948955334664032,75,31,18823,18952,12947,7111,17805,23770,48545,36071,34230,25459,390,244,921,3925,13065,45603,2256,82,327,6004,2334,52,288,652,15020,2280,372,5882
1020,5151,1020.1345065861913,99697,137,62,223,76,121953,72378,1.9492161248583206,66,32,18886,19031,12912,7090,17774,23707,48545,36071,34236,25471,390,244,921,3926,13061,45611,2254,82,326,5998,2333,52,287,652,15024,2280,373,5883
1021,5151,1021.3054163314746,99697,129,55,223,76,121972,72384,1.9494668846605214,61,33,18977,19144,12886,7078,17722,23612,48545,36071,34242,25482,389,243,918,3929,13053,45631,2251,83,329,5993,2329,52,287,652,15021,2280,375,5882
1022,5151,1022.0829197326573,99697,120,62,223,76,121983,72394,1.94967752289437,63,29,19052,19224,12865,7062,17675,23545,48545,36071,34248,25493,388,243,918,3930,13050,45645,2248,84,330,5985,2328,52,287,651,15021,2280,375,5882
1023,5151,1023.2438142582442,99697,123,60,223,76,121997,72403,1.9499082219123947,62,32,19158,19331,12816,7039,17616,23460,48545,36071,34253,25504,388,243,918,3926,13052,45654,2247,84,332,5981,2325,52,285,652,15020,2280,375,5883
1024,5151,1024.0141616351357,99697,113,60,223,76,122008,72412,1.9501088297541551,65,28,19220,19391,12799,7025,17578,23418,48545,36071,34258,25514,388,243,916,3927,13042,45673,2245,84,332,5977,2325,52,284,653,15018,2280,377,5881
1025,5151,1025.1651449468936,99697,101,53,223,76,122020,72418,1.9502893768117395,67,26,19332,19521,12757,7004,17518,23318,48545,36071,34263,25524,387,242,916,3926,13041,45688,2242,85,334,5971,2321,52,283,653,15017,2280,377,5882
1026,5151,1026.3098619823288,99697,103,53,223,76,122036,72424,1.9505100454376763,58,29,19446,19624,12707,6971,17461,23245,48545,36071,34268,25534,387,242,915,3925,13036,45699,2241,85,334,5968,2321,52,282,653,15017,2281,379,5880
1027,5151,1027.0691358306913,99697,105,49,223,76,122049,72427,1.9506705317110846,57,30,19514,19685,12675,6964,17424,23194,48545,36071,34273,25544,387,242,915,3923,13032,45712,2241,85,335,5963,2319,52,282,652,15017,2280,380,5880
1028,5151,1028.2028390564649,99697,110,55,223,76,122069,72440,1.9510015346499894,47,25,19625,19802,12636,6944,17357,23096,48545,36071,34278,25553,387,242,915,3924,13026,45727,2239,85,335,5956,2318,52,282,652,15018,2278,380,5881
1029,5151,1029.3302167246272,99697,105,62,223,76,122081,72454,1.9512623248442782,45,21,19744,19920,12595,6922,17286,22997,48545,36071,34282,25562,387,242,914,3922,13024,45741,2239,85,336,5951,2316,52,282,651,15016,2277,380,5882
1030,5151,1030.0781763092564,99697,96,59,223,76,122085,72458,1.9513425679809824,46,22,19820,19990,12567,6911,17246,22940,48545,36071,34286,25571,387,242,914,3923,13016,45755,2238,85,337,5945,2315,52,282,651,15016,2277,380,5882
1031,5151,1031.1949587110503,99696,94,62,224,76,122099,72466,1.951582811747713,36,26,19906,20100,12538,6873,17200,22861,48545,36071,34290,25579,386,242,912,3921,13016,45760,2236,86,336,5942,2315,52,281,652,15017,2279,381,5882
1032,5151,1032.3068106087937,99696,94,59,224,76,122111,72475,1.951793452094367,32,22,19986,20189,12508,6862,17154,22790,48545,36071,34294,25587,386,242,911,3918,13016,45769,2236,86,337,5936,2312,52,281,652,15017,2280,384,5881
1033,5151,1033.0454423373717,99696,91,58,224,76,122118,72479,1.9519037875140426,34,24,20052,20252,12480,6850,17117,22738,48545,36071,34298,25595,386,242,911,3920,13010,45780,2233,86,336,5934,2312,52,281,652,15015,2280,385,5881
1034,5151,1034.1492915437186,99696,76,57,224,76,122122,72486,1.9520141229337185,47,24,20155,20374,12444,6820,17052,22647,48545,36071,34302,25603,386,242,911,3915,13011,45790,2233,86,336,5930,2310,52,281,652,15013,2280,388,5880
1035,5151,1035.247618320738,99696,77,57,224,76,122132,72496,1.9522147327876744,48,22,20244,20473,12402,6807,17003,22563,48545,36071,34306,25611,386,242,910,3912,13007,45803,2233,86,337,5926,2309,52,281,652,15011,2281,388,5880
1036,5151,1036.340989407726,99696,73,56,224,76,122136,72503,1.9523250682073503,50,24,20340,20587,12363,6783,16948,22472,48545,36071,34310,25618,385,242,910,3913,13000,45814,2232,87,338,5921,2307,52,281,652,15013,2280,390,5879
1037,5151,1037.0669438713921,99696,73,55,224,76,122142,72508,1.9524354036270262,51,22,20408,20652,12323,6770,16919,22423,48545,36071,34314,25625,385,242,910,3913,12997,45822,2232,87,340,5917,2304,52,281,651,15014,2280,389,5880
1038,5151,1038.1516249261922,99696,81,53,224,76,122162,72515,1.9527062269298667,42,23,20508,20771,12282,6742,16861,22333,48545,36071,34317,25632,385,242,909,3910,12997,45830,2231,87,341,5913,2303,52,281,651,15015,2280,390,5879
1039,5151,1039.2309062967975,99696,71,49,224,76,122171,72515,1.952796501364147,42,29,20599,20887,12255,6710,16807,22247,48545,36071,34320,25639,385,242,909,3907,12990,45843,2231,87,340,5912,2300,52,281,651,15014,2280,392,5880
1040,5151,1040.3055405761656,99696,73,47,224,76,122185,72521,1.952997111218103,39,27,20705,20987,12208,6697,16749,22164,48545,36071,34323,25646,385,242,909,3908,12985,45854,2228,87,340,5908,2300,52,281,651,15014,2280,395,5877
1041,5151,1041.0189342522328,99696,79,48,224,76,122192,72527,1.9531275076231744,42,25,20760,21068,12181,6677,16712,22104,48545,36071,34326,25652,384,242,909,3908,12979,45862,2228,88,341,5908,2299,52,281,651,15013,2279,395,5877
1042,5151,1042.08532218544,99696,80,44,224,76,122203,72532,1.9532879955063394,45,25,20837,21177,12159,6658,16653,22018,48545,36071,34329,25658,384,241,908,3908,12975,45871,2228,88,343,5905,2297,52,281,651,15013,2279,397,5875
1043,5151,1043.1476038909384,99696,79,39,224,76,122215,72536,1.953448483389504,40,24,20920,21274,12131,6646,16604,21939,48545,36071,34332,25664,384,240,908,3907,12969,45886,2227,88,343,5904,2297,52,281,651,15008,2279,399,5873
1044,5151,1044.2057652005428,99696,73,40,224,76,122224,72543,1.953608971272669,39,18,21015,21366,12093,6624,16554,21874,48545,36071,34335,25670,384,240,907,3908,12968,45897,2226,88,343,5899,2296,52,281,651,15003,2280,400,5873
1045,5151,1045.0266759533329,99696,70,38,224,76,122228,72545,1.9536691542288558,36,18,21087,21448,12070,6609,16511,21809,48545,36071,34338,25676,384,240,907,3908,12963,45905,2225,88,343,5896,2295,52,281,651,15004,2280,400,5874
1046,5151,1046.0415068173077,99696,71,36,224,76,122237,72549,1.9537995506339272,40,15,21173,21534,12037,6590,16453,21747,48545,36071,34341,25682,384,240,907,3907,12959,45911,2225,88,346,5892,2292,52,281,651,15007,2280,401,5873
1047,5151,1047.3256901206491,99696,72,35,224,76,122247,72553,1.9539399775316963,44,17,21253,21617,12001,6573,16404,21680,48545,36071,34344,25687,382,240,907,3903,12958,45919,2225,90,346,5891,2292,52,281,651,15005,2280,402,5872
1048,5151,1048.057203651756,99696,67,39,224,76,122253,72560,1.9540703739367677,43,11,21330,21682,11978,6562,16356,21628,48545,36071,34347,25692,382,240,906,3900,12958,45926,2225,90,346,5888,2292,52,281,651,15005,2280,403,5871
1049,5151,1049.288889027718,99696,62,34,224,76,122265,72564,1.9542308618199327,40,19,21442,21813,11935,6534,16295,21522,48545,36071,34350,25697,382,240,906,3902,12955,45935,2223,90,346,5884,2290,52,281,651,15004,2280,405,5870
1050,5151,1050.1350775544904,99696,69,37,224,76,122275,72569,1.9543813192103996,39,16,21504,21873,11907,6520,16255,21476,48545,36071,34352,25702,382,240,906,3903,12953,45940,2222,90,346,5881,2290,52,281,651,15004,2280,405,5870
1051,5151,1051.0229109522454,99696,67,40,224,76,122282,72574,1.9545016851227732,41,16,21591,21966,11877,6498,16198,21402,48545,36071,34354,25707,382,240,905,3904,12950,45945,2221,90,345,5881,2289,52,281,651,15003,2280,408,5869
1052,5151,1052.288047262252,99696,62,35,224,76,122290,72576,1.9546019900497513,45,22,21709,22078,11841,6473,16117,21314,48545,36071,34356,25712,382,240,904,3905,12948,45953,2219,90,345,5880,2287,52,281,651,15000,2280,411,5868
1053,5151,1053.3081504611241,99696,68,34,224,76,122300,72581,1.9547524474402183,42,18,21802,22176,11803,6457,16059,21237,48545,36071,34358,25717,382,240,904,3904,12944,45960,2219,90,346,5877,2286,52,281,651,15001,2280,413,5866
1054,5151,1054.0971507004297,99696,72,37,224,76,122310,72585,1.9548928743379874,42,18,21843,22213,11779,6451,16038,21203,48545,36071,34360,25722,382,240,904,3902,12942,45965,2219,90,347,5877,2285,52,279,653,15000,2280,413,5866
1055,5151,1055.0155241400487,99696,69,35,224,76,122321,72589,1.9550433317284546,42,18,21950,22331,11732,6423,15981,21115,48545,36071,34362,25726,382,238,904,3902,12939,45975,2219,90,347,5875,2285,52,279,653,14998,2280,413,5865
1056,5151,1056.2021977466197,99696,70,33,224,76,122334,72594,1.955223880597015,38,16,22050,22461,11697,6394,15919,21018,48545,36071,34364,25730,382,238,903,3901,12938,45985,2219,90,347,5871,2284,52,279,653,14995,2280,414,5865
1057,5151,1057.0643664699644,99696,71,37,224,76,122342,72600,1.9553643074947842,39,12,22124,22517,11658,6387,15882,20969,48545,36071,34366,25734,382,238,902,3902,12935,45992,2218,90,347,5868,2283,52,279,653,14996,2279,414,5866
1058,5151,1058.047954361851,99696,79,31,224,76,122358,72602,1.9555448563633446,32,15,22211,22606,11621,6372,15831,20898,48545,36071,34368,25738,382,238,902,3900,12932,46001,2218,90,347,5867,2283,52,279,653,14993,2279,417,5863
1059,5151,1059.0648028836652,99696,79,26,224,76,122365,72606,1.9556551917830203,35,16,22284,22689,11591,6350,15785,20841,48545,36071,34370,25742,382,238,902,3899,12930,46011,2218,90,346,5864,2283,52,279,653,14990,2278,418,5863
1060,5151,1060.0104655868467,99696,77,28,224,76,122371,72612,1.955775557695394,35,14,22344,22751,11570,6337,15748,20792,48545,36071,34372,25746,382,238,902,3898,12925,46017,2218,90,346,5863,2282,52,279,653,14991,2278,418,5864
1061,5151,1061.0426471559044,99696,72,25,224,76,122381,72617,1.955926015085861,33,15,22419,22851,11547,6319,15703,20712,48545,36071,34374,25750,382,238,900,3899,12920,46032,2216,90,346,5862,2281,52,278,653,14985,2279,419,5864
1062,5151,1062.099157453351,99696,75,23,224,76,122398,72621,1.9561366554325148,24,15,22532,22941,11518,6306,15625,20637,48545,36071,34376,25754,382,238,898,3897,12919,46038,2216,90,346,5861,2280,52,278,653,14984,2280,421,5863
1063,5151,1063.2838026014922,99696,62,22,224,76,122401,72623,1.9561868078960039,25,21,22641,23055,11479,6275,15567,20549,48545,36071,34378,25758,382,238,897,3896,12920,46045,2215,90,347,5858,2279,52,278,653,14983,2280,420,5863
1064,5151,1064.2619063011366,99696,65,28,224,76,122409,72633,1.9563673567645643,23,15,22692,23130,11454,6259,15540,20490,48545,36071,34380,25762,382,238,897,3895,12917,46052,2215,90,347,5855,2279,52,278,653,14983,2280,421,5862
1065,5151,1065.0113589087384,99696,59,28,224,76,122412,72637,1.9564375702134489,27,18,22781,23204,11423,6250,15484,20422,48545,36071,34382,25766,382,238,896,3896,12914,46060,2213,90,347,5851,2279,52,278,653,14984,2280,421,5862
1066,5151,1066.0612278866201,99696,56,31,224,76,122417,72642,1.956537875140427,28,17,22848,23263,11396,6240,15446,20371,48545,36071,34384,25769,382,238,896,3898,12909,46067,2211,90,347,5850,2278,52,278,653,14983,2280,421,5863
1067,5151,1067.2554868365405,99696,56,36,224,76,122427,72649,1.9567083935162894,26,13,22937,23361,11348,6221,15407,20291,48545,36071,34386,25772,382,238,896,3896,12909,46069,2211,90,347,5848,2278,52,278,653,14985,2280,421,5863
1068,5151,1068.1332187281826,99696,55,37,224,76,122431,72652,1.956778606965174,27,12,23020,23438,11304,6199,15368,20236,48545,36071,34388,25775,382,238,896,3894,12910,46072,2211,90,346,5845,2278,52,278,653,14986,2280,422,5863
1069,5151,1069.1264161570186,99696,51,37,224,76,122435,72655,1.9568488204140588,30,11,23117,23557,11255,6172,15321,20145,48545,36071,34390,25778,382,238,896,3893,12910,46076,2211,90,344,5843,2278,52,278,653,14987,2279,423,5863
1070,5151,1070.0181480756846,99696,56,39,224,76,122442,72657,1.956939094848339,26,10,23191,23616,11224,6159,15277,20098,48545,36071,34392,25781,382,238,896,3893,12910,46077,2211,90,344,5841,2277,52,276,654,14989,2279,423,5864
1071,5151,1071.2341626861821,99696,54,41,224,76,122453,72662,1.9570995827315039,23,9,23305,23708,11171,6140,15221,20024,48545,36071,34394,25784,381,238,894,3892,12907,46087,2210,91,344,5841,2277,52,276,654,14986,2279,423,5864
1072,5151,1072.2821269599096,99696,55,41,224,76,122461,72663,1.957189857165784,19,10,23399,23783,11140,6119,15161,19969,48545,36071,34396,25787,381,238,894,3891,12907,46090,2210,91,344,5839,2277,52,276,654,14986,2279,424,5863
1073,5151,1073.0169464085184,99696,56,41,224,76,122471,72666,1.9573202535708554,15,10,23483,23864,11111,6103,15109,19904,48545,36071,34398,25790,381,238,894,3891,12904,46098,2209,91,344,5838,2276,52,276,654,14983,2279,424,5864
1074,5151,1074.0019870101,99696,57,41,224,76,122476,72671,1.9574205584978335,14,9,23542,23940,11087,6090,15074,19842,48545,36071,34399,25793,381,238,893,3890,12903,46101,2209,91,344,5837,2276,52,276,654,14983,2280,425,5863
1075,5151,1075.004111410928,99696,54,39,224,76,122481,72674,1.9575008024394158,15,13,23633,24035,11049,6078,15023,19757,48545,36071,34400,25796,381,238,893,3893,12902,46106,2206,91,344,5833,2276,52,276,654,14984,2279,425,5863
1076,5151,1076.2250201911554,99696,49,32,224,76,122481,72676,1.9575208634248114,19,13,23723,24110,11010,6066,14973,19701,48545,36071,34401,25799,381,238,892,3893,12898,46112,2206,91,345,5831,2275,52,276,654,14984,2280,426,5862
1077,5151,1077.0067821730192,99696,51,32,224,76,122489,72681,1.9576512598298828,15,11,23809,24167,10971,6055,14928,19657,48545,36071,34402,25802,380,238,891,3895,12896,46116,2204,92,345,5830,2275,52,276,654,14984,2280,427,5861
1078,5151,1078.080624306311,99696,50,29,224,76,122496,72684,1.9577515647568609,20,13,23898,24249,10923,6042,14883,19589,48545,36071,34403,25805,380,238,891,3894,12895,46122,2204,92,345,5828,2275,52,276,654,14983,2279,427,5861
1079,5151,1079.0193096633436,99696,46,28,224,76,122501,72687,1.9578318086984432,24,15,23999,24328,10883,6022,14822,19529,48545,36071,34404,25808,380,238,891,3895,12896,46125,2203,92,345,5824,2275,52,276,654,14983,2279,429,5859
1080,5151,1080.0657506219823,99696,50,27,224,76,122511,72690,1.9579622051035146,19,13,24080,24430,10857,6003,14768,19449,48545,36071,34405,25811,380,238,890,3894,12896,46131,2203,92,345,5823,2275,52,276,654,14981,2278,429,5859
1081,5151,1081.0003619837505,99696,45,29,224,76,122516,72694,1.958052479537795,17,12,24150,24501,10838,5990,14724,19390,48545,36071,34406,25814,380,238,889,3892,12899,46137,2203,92,345,5818,2275,52,276,654,14980,2278,429,5859
1082,5151,1082.055946668819,99696,44,31,224,76,122520,72698,1.9581327234793773,18,11,24218,24589,10816,5969,14678,19322,48545,36071,34407,25816,380,238,889,3891,12900,46140,2203,92,345,5816,2274,52,276,654,14980,2277,429,5860
1083,5151,1083.0031238511845,99696,46,30,224,76,122528,72701,1.9582430588990531,13,13,24310,24674,10775,5949,14630,19256,48545,36071,34408,25818,380,238,889,3892,12896,46146,2202,92,345,5815,2274,52,276,654,14979,2277,430,5859
1084,5151,1084.0820389481244,99696,43,29,224,76,122534,72707,1.9583634248114268,18,9,24387,24750,10746,5940,14580,19194,48545,36071,34409,25820,380,238,889,3892,12897,46151,2201,92,345,5810,2274,52,276,654,14979,2277,432,5857
1085,5151,1085.2876930992381,99696,40,27,224,76,122538,72709,1.9584236077676136,20,9,24502,24868,10705,5916,14507,19102,48545,36071,34410,25822,380,238,889,3889,12898,46156,2201,92,345,5810,2274,52,276,654,14978,2275,432,5857
1086,5151,1086.1120666294155,99696,36,29,224,76,122539,72711,1.958453699245707,21,10,24549,24914,10693,5907,14475,19062,48545,36071,34411,25824,380,237,889,3890,12897,46158,2201,92,345,5808,2274,52,276,654,14979,2275,432,5857
1087,5151,1087.2367421890885,99696,42,30,224,76,122548,72713,1.9585640346653828,17,13,24629,25002,10654,5887,14432,18990,48545,36071,34412,25826,380,237,889,3890,12893,46163,2201,92,345,5808,2274,52,276,654,14978,2275,433,5856
1088,5151,1088.1547015965125,99696,37,28,224,76,122549,72716,1.958604156636174,22,15,24681,25081,10632,5873,14402,18925,48545,36071,34413,25828,380,237,888,3889,12893,46168,2201,92,345,5807,2274,52,276,654,14976,2275,434,5855
1089,5151,1089.0207418062314,99696,37,25,224,76,122556,72718,1.9586944310704542,19,14,24744,25160,10617,5852,14357,18871,48545,36071,34414,25830,380,237,888,3889,12893,46173,2200,92,346,5806,2273,52,276,654,14974,2274,434,5855
1090,5151,1090.0096081062684,99696,38,24,224,76,122561,72722,1.9587847055047345,17,10,24802,25244,10599,5837,14318,18807,48545,36071,34415,25832,380,237,887,3891,12892,46177,2199,92,346,5805,2273,51,276,654,14973,2274,434,5855
1091,5151,1091.2156782967934,99696,39,25,224,76,122567,72726,1.9588850104317124,15,9,24896,25347,10566,5820,14258,18721,48545,36071,34416,25834,380,237,887,3891,12890,46182,2199,92,347,5804,2272,51,276,654,14972,2273,434,5855
1092,5151,1092.137917554335,99695,32,21,225,76,122568,72728,1.958934750990521,16,10,24981,25427,10531,5812,14213,18652,48545,36071,34417,25836,380,237,887,3890,12893,46185,2197,92,347,5804,2271,51,276,654,14970,2272,433,5856
1093,5151,1093.2759521086848,99695,29,22,225,76,122570,72731,1.958984903957069,17,7,25067,25502,10492,5797,14168,18594,48545,36071,34418,25838,380,237,887,3890,12893,46189,2197,92,348,5803,2270,51,275,654,14969,2271,433,5856
1094,5151,1094.0491826823436,99695,27,20,225,76,122573,72732,1.9590250263303075,15,8,25156,25583,10455,5779,14120,18532,48545,36071,34419,25840,380,237,887,3891,12890,46195,2196,92,349,5803,2269,51,275,653,14967,2271,433,5856
