,indexID,time,N,Inf_L,Inf_H,Dead_L,Dead_H,cum_cases_L,cum_cases_H,cum_sum_per_N,Exposed_L,Exposed_H,Sus_L,Sus_H,Rec_nat_L,Rec_nat_H,Rec_vax_L,Rec_vax_H,vaccinatedH,vaccinatedL,boostedH,boostedL,count_Naive,count_Delta,count_Delta_vaccine,count_two,count_three,count_four,count_Omicron,count_Omicron_star,count_Omicron_star_vaccine,count_Omicron_vaccine,count_Vaccine,count_WT,count_WT_vaccine,count_WT_vaccine_boost,count_Omicron_vaccine_boost,count_Delta_vaccine_boost,count_Omicron_star_vaccine_boost,count_Vaccine_boost
0,5305,1.2201766417066913,99996,8,8,0,0,10,10,0.0002000080003200128,16,17,49972,49971,2,2,0,0,0,0,0,0,99992,0,0,0,0,0,0,0,0,0,0,4,0,0,0,0,0,0
1,5305,2.0105970947511116,99996,10,11,0,0,13,14,0.00027001080043201727,13,16,49972,49968,3,3,0,0,0,0,0,0,99990,0,0,0,0,0,0,0,0,0,0,6,0,0,0,0,0,0
2,5305,3.058952309286444,99996,11,16,0,0,15,19,0.00034001360054402175,13,11,49970,49968,4,3,0,0,0,0,0,0,99989,0,0,0,0,0,0,0,0,0,0,7,0,0,0,0,0,0
3,5305,4.114546158946971,99996,13,14,0,0,18,22,0.0004000160006400256,14,9,49966,49967,5,8,0,0,0,0,0,0,99983,0,0,0,0,0,0,0,0,0,0,13,0,0,0,0,0,0
4,5305,5.022304082019307,99996,8,8,0,0,20,23,0.00043001720068802754,12,8,49966,49967,12,15,0,0,0,0,0,0,99969,0,0,0,0,0,0,0,0,0,0,27,0,0,0,0,0,0
5,5305,6.069888287619084,99996,13,11,0,0,25,26,0.0005100204008160326,9,7,49964,49965,12,15,0,0,0,0,0,0,99969,0,0,0,0,0,0,0,0,0,0,27,0,0,0,0,0,0
6,5305,7.027074498672481,99996,11,10,0,0,25,26,0.0005100204008160326,11,8,49962,49964,14,16,0,0,0,0,0,0,99966,0,0,0,0,0,0,0,0,0,0,30,0,0,0,0,0,0
7,5305,8.010453716262921,99996,12,12,0,0,26,28,0.0005400216008640345,11,7,49961,49963,14,16,0,0,0,0,0,0,99966,0,0,0,0,0,0,0,0,0,0,30,0,0,0,0,0,0
8,5305,9.01189613573425,99996,14,11,0,0,32,28,0.0006000240009600384,10,8,49956,49962,18,17,0,0,0,0,0,0,99961,0,0,0,0,0,0,0,0,0,0,35,0,0,0,0,0,0
9,5305,10.07120817571094,99996,14,10,0,0,33,31,0.000640025601024041,9,6,49956,49961,19,21,0,0,0,0,0,0,99956,0,0,0,0,0,0,0,0,0,0,40,0,0,0,0,0,0
10,5305,11.035001411073386,99996,15,9,0,0,35,33,0.0006800272010880435,10,5,49953,49960,20,24,0,0,0,0,0,0,99952,0,0,0,0,0,0,0,0,0,0,44,0,0,0,0,0,0
11,5305,12.02155799851172,99996,15,7,0,0,37,33,0.0007000280011200448,10,7,49952,49959,21,25,0,0,0,0,0,0,99948,0,0,0,0,0,0,0,0,0,0,48,0,0,0,0,0,0
12,5305,13.168731486958983,99996,17,8,0,0,41,36,0.0007700308012320492,12,7,49946,49956,23,27,0,0,0,0,0,0,99944,0,0,0,0,0,0,0,0,0,0,52,0,0,0,0,0,0
13,5305,14.004209075414444,99996,15,7,0,0,41,36,0.0007700308012320492,14,7,49944,49956,25,28,0,0,0,0,0,0,99941,0,0,0,0,0,0,0,0,0,0,55,0,0,0,0,0,0
14,5305,15.077852101900438,99996,17,8,0,0,43,37,0.0008000320012800512,16,7,49940,49955,25,28,0,0,0,0,0,0,99941,0,0,0,0,0,0,0,0,0,0,55,0,0,0,0,0,0
15,5305,16.298736579501327,99996,19,9,0,0,51,39,0.0009000360014400576,10,7,49938,49953,31,29,0,0,0,0,0,0,99934,0,0,0,0,0,0,0,0,0,0,62,0,0,0,0,0,0
16,5305,17.17387779956174,99996,18,9,0,0,54,40,0.0009400376015040601,8,7,49937,49952,35,30,0,0,0,0,0,0,99929,0,0,0,0,0,0,0,0,0,0,67,0,0,0,0,0,0
17,5305,18.321029921898116,99996,19,9,0,0,58,42,0.001000040001600064,4,10,49937,49947,38,32,0,0,0,0,0,0,99924,0,0,0,0,0,0,0,0,0,0,72,0,0,0,0,0,0
18,5305,19.20253588533082,99996,18,9,0,0,59,42,0.0010100404016160646,6,10,49934,49947,40,32,0,0,0,0,0,0,99922,0,0,0,0,0,0,0,0,0,0,74,0,0,0,0,0,0
19,5305,20.108637351443253,99996,19,10,0,0,61,43,0.0010400416016640667,5,10,49933,49946,41,32,0,0,0,0,0,0,99921,0,0,0,0,0,0,0,0,0,0,75,0,0,0,0,0,0
20,5305,21.164037567095153,99996,17,12,0,0,62,45,0.0010700428017120685,7,8,49930,49946,44,32,0,0,0,0,0,0,99918,0,0,0,0,0,0,0,0,0,0,78,0,0,0,0,0,0
21,5305,22.201958420701498,99996,17,12,0,0,64,47,0.001110044401776071,8,8,49927,49944,46,34,0,0,0,0,0,0,99914,0,0,0,0,0,0,0,0,0,0,82,0,0,0,0,0,0
22,5305,23.034808134128284,99996,19,14,0,0,67,51,0.0011800472018880755,7,5,49925,49943,47,36,0,0,0,0,0,0,99911,0,0,0,0,0,0,0,0,0,0,85,0,0,0,0,0,0
23,5305,24.05755534039922,99996,18,14,0,0,68,53,0.0012100484019360775,12,5,49920,49941,48,38,0,0,0,0,0,0,99907,0,0,0,0,0,0,0,0,0,0,89,0,0,0,0,0,0
24,5305,25.326263757453233,99996,18,12,0,0,71,53,0.0012400496019840794,10,5,49919,49941,51,40,0,0,0,0,0,0,99902,0,0,0,0,0,0,0,0,0,0,94,0,0,0,0,0,0
25,5305,26.095226116856995,99996,19,12,0,0,73,54,0.0012700508020320814,10,6,49917,49939,52,41,0,0,0,0,0,0,99900,0,0,0,0,0,0,0,0,0,0,96,0,0,0,0,0,0
26,5305,27.20034195542374,99996,21,13,0,0,78,57,0.0013500540021600864,8,5,49914,49938,55,42,0,0,0,0,0,0,99895,0,0,0,0,0,0,0,0,0,0,101,0,0,0,0,0,0
27,5305,28.025559561314257,99996,21,13,0,0,80,58,0.0013800552022080884,9,5,49911,49937,57,43,0,0,0,0,0,0,99892,0,0,0,0,0,0,0,0,0,0,104,0,0,0,0,0,0
28,5305,29.03348734334845,99996,18,13,0,0,81,59,0.0014000560022400896,10,5,49909,49936,61,44,0,0,0,0,0,0,99887,0,0,0,0,0,0,0,0,0,0,109,0,0,0,0,0,0
29,5305,30.099748566504086,99996,15,14,0,0,82,61,0.0014300572022880914,11,4,49907,49935,65,45,0,0,0,0,0,0,99882,0,0,0,0,0,0,0,0,0,0,114,0,0,0,0,0,0
30,5305,31.08644791091601,99996,17,13,0,0,85,62,0.001470058802352094,9,4,49906,49934,66,47,0,0,0,0,0,0,99879,0,0,0,0,0,0,0,0,0,0,117,0,0,0,0,0,0
31,5305,32.02759811828032,99996,14,10,0,0,86,63,0.0014900596023840955,12,3,49902,49934,70,51,0,0,0,0,0,0,99871,0,0,0,0,0,0,0,0,0,0,125,0,0,0,0,0,0
32,5305,33.24309758231621,99996,16,11,0,0,89,65,0.0015400616024640985,12,3,49899,49932,71,52,0,0,0,0,0,0,99869,0,0,0,0,0,0,0,0,0,0,127,0,0,0,0,0,0
33,5305,34.13551222899049,99996,15,10,0,0,91,65,0.0015600624024961,14,4,49895,49931,74,53,0,0,0,0,0,0,99865,0,0,0,0,0,0,0,0,0,0,131,0,0,0,0,0,0
34,5305,35.277118974767355,99996,18,9,0,0,95,66,0.0016100644025761031,16,3,49889,49931,75,55,0,0,0,0,0,0,99862,0,0,0,0,0,0,0,0,0,0,134,0,0,0,0,0,0
35,5305,36.09104876011539,99996,20,7,0,0,98,66,0.001640065602624105,14,4,49888,49930,76,57,0,0,0,0,0,0,99859,0,0,0,0,0,0,0,0,0,0,137,0,0,0,0,0,0
36,5305,37.17378710023452,99996,21,5,0,0,102,66,0.0016800672026881075,12,5,49886,49929,79,59,0,0,0,0,0,0,99854,0,0,0,0,0,0,0,0,0,0,142,0,0,0,0,0,0
37,5305,38.098106294593855,99996,22,7,0,0,107,68,0.001750070002800112,9,3,49886,49929,81,59,0,0,0,0,0,0,99850,0,0,0,0,0,0,0,0,0,0,146,0,0,0,0,0,0
38,5305,39.02865711484401,99996,21,6,0,0,108,68,0.0017600704028161126,13,6,49882,49926,82,60,0,0,0,0,0,0,99847,0,0,0,0,0,0,0,0,0,0,149,0,0,0,0,0,0
39,5305,40.2326309553921,99996,21,6,0,0,109,70,0.0017900716028641146,15,8,49879,49922,83,62,0,0,0,0,0,0,99844,0,0,0,0,0,0,0,0,0,0,152,0,0,0,0,0,0
40,5305,41.13786685595558,99996,23,7,0,0,111,73,0.0018400736029441178,14,7,49878,49920,83,64,0,0,0,0,0,0,99842,0,0,0,0,0,0,0,0,0,0,154,0,0,0,0,0,0
41,5305,42.12434748879124,99996,25,9,0,0,115,76,0.0019100764030561222,14,7,49874,49917,85,65,0,0,0,0,0,0,99839,0,0,0,0,0,0,0,0,0,0,157,0,0,0,0,0,0
42,5305,43.0544423714802,99996,27,10,0,0,118,80,0.001980079203168127,15,7,49870,49913,86,68,0,0,0,0,0,0,99835,0,0,0,0,0,0,0,0,0,0,161,0,0,0,0,0,0
43,5305,44.001721448364556,99996,24,9,0,0,120,82,0.0020200808032321293,16,5,49867,49913,91,71,0,0,0,0,0,0,99827,0,0,0,0,0,0,0,0,0,0,169,0,0,0,0,0,0
44,5305,45.17344405053902,99996,27,10,0,0,126,83,0.0020900836033441337,18,5,49859,49912,94,71,0,0,0,0,0,0,99824,0,0,0,0,0,0,0,0,0,0,172,0,0,0,0,0,0
45,5305,46.17818224970823,99996,26,9,0,0,131,83,0.002140085603424137,23,5,49849,49913,100,71,0,0,0,0,0,0,99817,0,0,0,0,0,0,0,0,0,0,179,0,0,0,0,0,0
46,5305,47.16872687248738,99996,29,9,0,0,136,83,0.00219008760350414,25,7,49843,49911,101,71,0,0,0,0,0,0,99815,0,0,0,0,0,0,0,0,0,0,181,0,0,0,0,0,0
47,5305,48.09098891800847,99996,32,9,0,0,145,84,0.0022900916036641466,18,10,49841,49907,107,72,0,0,0,0,0,0,99808,0,0,0,0,0,0,0,0,0,0,188,0,0,0,0,0,0
48,5305,49.2146713846587,99996,34,12,0,0,153,88,0.0024100964038561543,14,6,49840,49907,110,73,0,0,0,0,0,0,99801,0,0,0,0,0,0,0,0,0,0,195,0,0,0,0,0,0
49,5305,50.04279238131216,99996,37,13,0,0,160,89,0.0024900996039841595,12,7,49836,49905,113,73,0,0,0,0,0,0,99797,0,0,0,0,0,0,0,0,0,0,199,0,0,0,0,0,0
50,5305,51.03513045479501,99996,35,11,0,0,164,89,0.002530101204048162,14,7,49830,49905,119,75,0,0,0,0,0,0,99789,0,0,0,0,0,0,0,0,0,0,207,0,0,0,0,0,0
51,5305,52.073291197617664,99996,38,11,0,0,170,92,0.0026201048041921676,17,5,49822,49904,121,78,0,0,0,0,0,0,99783,0,0,0,0,0,0,0,0,0,0,213,0,0,0,0,0,0
52,5305,53.12082939951965,99996,37,10,0,0,173,94,0.0026701068042721708,20,6,49816,49901,125,81,0,0,0,0,0,0,99776,0,0,0,0,0,0,0,0,0,0,220,0,0,0,0,0,0
53,5305,54.029623482980675,99996,36,11,0,0,179,97,0.002760110404416177,21,6,49810,49898,131,83,0,0,0,0,0,0,99767,0,0,0,0,0,0,0,0,0,0,229,0,0,0,0,0,0
54,5305,55.080357697933565,99996,36,11,0,0,185,98,0.0028301132045281813,20,6,49808,49897,134,84,0,0,0,0,0,0,99760,0,0,0,0,0,0,0,0,0,0,236,0,0,0,0,0,0
55,5305,56.003928593123355,99996,38,12,0,0,188,100,0.0028801152046081845,19,8,49807,49893,134,85,0,0,0,0,0,0,99758,0,0,0,0,0,0,0,0,0,0,238,0,0,0,0,0,0
56,5305,57.0414006271268,99996,39,14,0,0,197,102,0.0029901196047841913,13,7,49807,49893,139,84,0,0,0,0,0,0,99750,0,0,0,0,0,0,0,0,0,0,246,0,0,0,0,0,0
57,5305,58.19743619065698,99996,37,17,0,0,200,106,0.0030601224048961958,16,4,49801,49892,144,85,0,0,0,0,0,0,99744,0,0,0,0,0,0,0,0,0,0,252,0,0,0,0,0,0
58,5305,59.22089674796052,99996,37,20,0,0,202,111,0.0031301252050082,20,3,49796,49888,145,87,0,0,0,0,0,0,99740,0,0,0,0,0,0,0,0,0,0,256,0,0,0,0,0,0
59,5305,60.04922815530914,99996,37,17,0,0,207,112,0.0031901276051042042,26,5,49785,49885,150,91,0,0,0,0,0,0,99731,0,0,0,0,0,0,0,0,0,0,265,0,0,0,0,0,0
60,5305,61.301260416396644,99996,34,16,0,0,214,112,0.0032601304052162087,28,8,49776,49882,160,92,0,0,0,0,0,0,99720,0,0,0,0,0,0,0,0,0,0,276,0,0,0,0,0,0
61,5305,62.09346726751858,99996,42,13,0,0,225,113,0.0033801352054082163,26,9,49767,49882,163,94,0,0,0,0,0,0,99713,0,0,0,0,0,0,0,0,0,0,283,0,0,0,0,0,0
62,5305,63.275206155346936,99996,45,13,0,0,231,115,0.0034601384055362215,25,8,49762,49882,166,95,0,0,0,0,0,0,99708,0,0,0,0,0,0,0,0,0,0,288,0,0,0,0,0,0
63,5305,64.15570687224468,99996,44,14,0,0,236,117,0.003530141205648226,23,7,49759,49881,172,96,0,0,0,0,0,0,99701,0,0,0,0,0,0,0,0,0,0,295,0,0,0,0,0,0
64,5305,65.05936336582421,99996,44,15,0,0,239,120,0.0035901436057442296,23,6,49757,49879,174,98,0,0,0,0,0,0,99696,0,0,0,0,0,0,0,0,0,0,300,0,0,0,0,0,0
65,5305,66.00603866968974,99996,45,17,0,0,242,122,0.003640145605824233,23,7,49755,49876,175,98,0,0,0,0,0,0,99694,0,0,0,0,0,0,0,0,0,0,302,0,0,0,0,0,0
66,5305,67.0805377189654,99996,54,17,0,0,256,124,0.0038001520060802433,20,8,49745,49873,179,100,0,0,0,0,0,0,99687,0,0,0,0,0,0,0,0,0,0,309,0,0,0,0,0,0
67,5305,68.02435547259245,99996,48,15,0,0,257,126,0.0038301532061282453,26,8,49738,49871,186,104,0,0,0,0,0,0,99676,0,0,0,0,0,0,0,0,0,0,320,0,0,0,0,0,0
68,5305,69.01967861919206,99996,47,12,0,0,265,127,0.0039201568062722505,26,14,49731,49864,194,108,0,0,0,0,0,0,99663,0,0,0,0,0,0,0,0,0,0,333,0,0,0,0,0,0
69,5305,70.0334213536089,99996,47,15,0,0,271,132,0.004030161206448258,23,9,49728,49864,200,110,0,0,0,0,0,0,99655,0,0,0,0,0,0,0,0,0,0,341,0,0,0,0,0,0
70,5305,71.10004142213957,99996,49,13,0,0,278,135,0.004130165206608264,19,7,49726,49863,204,115,0,0,0,0,0,0,99645,0,0,0,0,0,0,0,0,0,0,351,0,0,0,0,0,0
71,5305,72.26762181055878,99996,44,15,0,0,282,139,0.004210168406736269,24,6,49718,49861,212,116,0,0,0,0,0,0,99634,0,0,0,0,0,0,0,0,0,0,362,0,0,0,0,0,0
72,5305,73.18661328926085,99996,41,15,0,0,282,141,0.004230169206768271,28,6,49716,49860,213,117,0,0,0,0,0,0,99629,0,0,0,0,0,0,0,0,0,0,367,0,0,0,0,0,0
73,5305,74.06553684781025,99996,46,18,0,0,292,144,0.004360174406976279,23,6,49713,49857,216,117,0,0,0,0,0,0,99624,0,0,0,0,0,0,0,0,0,0,372,0,0,0,0,0,0
74,5305,75.15175185072462,99996,40,17,0,0,295,146,0.004410176407056282,23,4,49712,49858,223,119,0,0,0,0,0,0,99612,0,0,0,0,0,0,0,0,0,0,384,0,0,0,0,0,0
75,5305,76.29693675827014,99996,46,16,0,0,306,146,0.004520180807232289,21,7,49704,49856,227,119,0,0,0,0,0,0,99606,0,0,0,0,0,0,0,0,0,0,390,0,0,0,0,0,0
76,5305,77.00677736473901,99996,45,15,0,0,310,146,0.004560182407296292,19,9,49702,49854,232,120,0,0,0,0,0,0,99600,0,0,0,0,0,0,0,0,0,0,396,0,0,0,0,0,0
77,5305,78.18974452022587,99996,37,12,0,0,312,148,0.004600184007360294,25,11,49696,49850,240,125,0,0,0,0,0,0,99585,0,0,0,0,0,0,0,0,0,0,411,0,0,0,0,0,0
78,5305,79.09100380213027,99996,37,16,0,0,315,152,0.004670186807472299,23,8,49697,49849,241,125,0,0,0,0,0,0,99582,0,0,0,0,0,0,0,0,0,0,414,0,0,0,0,0,0
79,5305,80.2709153224261,99996,32,19,0,0,317,156,0.004730189207568303,25,11,49694,49843,247,125,0,0,0,0,0,0,99574,0,0,0,0,0,0,0,0,0,0,422,0,0,0,0,0,0
80,5305,81.0603534549687,99996,34,18,0,0,321,158,0.004790191607664307,23,10,49692,49842,249,128,0,0,0,0,0,0,99569,0,0,0,0,0,0,0,0,0,0,427,0,0,0,0,0,0
81,5305,82.22750835426874,99996,35,18,0,0,327,163,0.004900196007840313,28,6,49682,49842,253,132,0,0,0,0,0,0,99559,0,0,0,0,0,0,0,0,0,0,437,0,0,0,0,0,0
82,5305,83.03496387732774,99996,36,17,0,0,335,163,0.004980199207968319,28,11,49674,49838,260,132,0,0,0,0,0,0,99551,0,0,0,0,0,0,0,0,0,0,445,0,0,0,0,0,0
83,5305,84.26921558334202,99995,38,21,1,0,343,170,0.005130256512825641,26,7,49670,49835,263,135,0,0,0,0,0,0,99542,0,0,0,0,0,0,0,0,0,0,453,0,0,0,0,0,0
84,5305,85.28014990889139,99995,43,17,1,0,353,172,0.005250262513125656,21,10,49666,49830,267,141,0,0,0,0,0,0,99531,0,0,0,0,0,0,0,0,0,0,464,0,0,0,0,0,0
85,5305,86.16030808950003,99995,40,19,1,0,356,175,0.005310265513275664,21,12,49665,49825,271,142,0,0,0,0,0,0,99524,0,0,0,0,0,0,0,0,0,0,471,0,0,0,0,0,0
86,5305,87.10658306722628,99995,45,21,1,0,365,179,0.00544027201360068,23,13,49654,49820,275,144,0,0,0,0,0,0,99518,0,0,0,0,0,0,0,0,0,0,477,0,0,0,0,0,0
87,5305,88.024322048081,99995,46,16,1,0,367,181,0.005480274013700685,23,13,49652,49818,276,151,0,0,0,0,0,0,99510,0,0,0,0,0,0,0,0,0,0,485,0,0,0,0,0,0
88,5305,89.02010460383843,99995,48,20,1,0,371,185,0.005560278013900695,32,16,49640,49811,277,151,0,0,0,0,0,0,99508,0,0,0,0,0,0,0,0,0,0,487,0,0,0,0,0,0
89,5305,90.31767821821266,99995,54,21,1,0,384,192,0.00576028801440072,27,15,49634,49805,282,157,0,0,0,0,0,0,99495,0,0,0,0,0,0,0,0,0,0,500,0,0,0,0,0,0
90,5305,91.0642489243503,99995,61,26,1,0,393,199,0.00592029601480074,20,13,49633,49800,283,159,0,0,0,0,0,0,99491,0,0,0,0,0,0,0,0,0,0,504,0,0,0,0,0,0
91,5305,92.07696136805869,99995,60,23,1,0,399,200,0.005990299514975749,21,17,49626,49795,290,163,0,0,0,0,0,0,99480,0,0,0,0,0,0,0,0,0,0,515,0,0,0,0,0,0
92,5305,93.11426660453942,99995,53,20,1,0,406,206,0.006120306015300765,27,16,49613,49790,304,172,0,0,0,0,0,0,99457,0,0,0,0,0,0,0,0,0,0,538,0,0,0,0,0,0
93,5305,94.01349179804788,99995,55,17,1,0,414,208,0.006220311015550778,26,18,49607,49787,309,176,0,0,0,0,0,0,99446,0,0,0,0,0,0,0,0,0,0,549,0,0,0,0,0,0
94,5305,95.00779004065215,99995,54,21,1,0,421,214,0.006350317515875794,22,14,49604,49787,317,176,0,0,0,0,0,0,99436,0,0,0,0,0,0,0,0,0,0,559,0,0,0,0,0,0
95,5305,96.08230774902954,99995,54,22,1,0,425,219,0.006440322016100805,27,14,49595,49782,321,180,0,0,0,0,0,0,99428,0,0,0,0,0,0,0,0,0,0,567,0,0,0,0,0,0
96,5305,97.19194763383324,99995,48,26,1,0,427,224,0.006510325516275814,31,9,49591,49782,327,181,0,0,0,0,0,0,99419,0,0,0,0,0,0,0,0,0,0,576,0,0,0,0,0,0
97,5305,98.15826062630599,99995,46,22,1,0,434,228,0.006620331016550828,36,11,49581,49777,334,188,0,0,0,0,0,0,99402,0,0,0,0,0,0,0,0,0,0,593,0,0,0,0,0,0
98,5305,99.00264959060343,99995,49,18,1,0,445,230,0.006750337516875844,29,16,49578,49770,341,194,0,0,0,0,0,0,99388,0,0,0,0,0,0,0,0,0,0,607,0,0,0,0,0,0
99,5305,100.0296447772613,99995,48,19,1,0,449,233,0.006820341017050853,33,14,49570,49769,346,196,0,0,0,0,0,0,99381,0,0,0,0,0,0,0,0,0,0,614,0,0,0,0,0,0
100,5305,101.02799444705755,99995,49,18,1,0,458,235,0.006930346517325867,32,13,49566,49768,350,199,0,0,0,0,0,0,99370,0,0,0,0,0,0,0,0,0,0,625,0,0,0,0,0,0
101,5305,102.04824428829455,99995,51,19,1,0,471,241,0.00712035601780089,33,11,49552,49766,361,202,0,0,0,0,0,0,99354,0,0,0,0,0,0,0,0,0,0,641,0,0,0,0,0,0
102,5305,103.0785736053975,99995,49,15,1,0,479,242,0.0072103605180259015,38,11,49540,49765,370,207,0,0,0,0,0,0,99339,0,0,0,0,0,0,0,0,0,0,656,0,0,0,0,0,0
103,5305,104.30289973017317,99995,53,12,1,0,487,243,0.0073003650182509126,36,15,49534,49761,374,210,0,0,0,0,0,0,99331,0,0,0,0,0,0,0,0,0,0,664,0,0,0,0,0,0
104,5305,105.04515960245259,99995,56,13,1,0,498,246,0.0074403720186009305,34,13,49527,49760,380,212,0,0,0,0,0,0,99321,0,0,0,0,0,0,0,0,0,0,674,0,0,0,0,0,0
105,5305,106.2409571066964,99995,53,10,1,0,505,249,0.0075403770188509425,30,12,49524,49758,390,218,0,0,0,0,0,0,99305,0,0,0,0,0,0,0,0,0,0,690,0,0,0,0,0,0
106,5305,107.09547726627055,99995,52,11,1,0,514,251,0.0076503825191259565,30,14,49515,49757,400,216,0,0,0,0,0,0,99294,0,0,0,0,0,0,0,0,0,0,701,0,0,0,0,0,0
107,5305,108.01613455746485,99995,50,12,1,0,518,253,0.0077103855192759635,30,15,49512,49754,405,217,0,0,0,0,0,0,99287,0,0,0,0,0,0,0,0,0,0,708,0,0,0,0,0,0
108,5305,109.28507293596724,99995,44,17,1,0,530,258,0.007880394019700985,22,17,49509,49747,422,217,0,0,0,0,0,0,99269,0,0,0,0,0,0,0,0,0,0,726,0,0,0,0,0,0
109,5305,110.02963180933938,99995,48,19,1,0,536,262,0.007980399019950998,19,14,49507,49746,423,219,0,0,0,0,0,0,99265,0,0,0,0,0,0,0,0,0,0,730,0,0,0,0,0,0
110,5305,111.14196944571692,99995,39,23,1,0,538,268,0.008060403020151008,30,13,49497,49742,431,220,0,0,0,0,0,0,99252,0,0,0,0,0,0,0,0,0,0,743,0,0,0,0,0,0
111,5305,112.16546050465087,99995,39,23,1,0,546,270,0.00816040802040102,32,16,49489,49737,437,222,0,0,0,0,0,0,99242,0,0,0,0,0,0,0,0,0,0,753,0,0,0,0,0,0
112,5305,113.00072940205116,99995,44,28,1,0,554,275,0.008290414520726036,29,11,49484,49737,440,222,0,0,0,0,0,0,99239,0,0,0,0,0,0,0,0,0,0,756,0,0,0,0,0,0
113,5305,114.32911333132726,99995,47,25,1,0,566,278,0.008440422021101054,24,12,49479,49733,447,228,0,0,0,0,0,0,99224,0,0,0,0,0,0,0,0,0,0,771,0,0,0,0,0,0
114,5305,115.03524796969978,99994,48,24,2,0,572,280,0.00852051123067384,25,14,49474,49729,449,231,0,0,0,0,0,0,99216,0,0,0,0,0,0,0,0,0,0,778,0,0,0,0,0,0
115,5305,116.04959588794894,99994,50,26,2,0,578,283,0.00861051663099786,27,13,49467,49728,452,231,0,0,0,0,0,0,99211,0,0,0,0,0,0,0,0,0,0,783,0,0,0,0,0,0
116,5305,117.12823225502528,99994,52,23,2,0,587,287,0.008740524431465889,31,15,49458,49723,455,237,0,0,0,0,0,0,99197,0,0,0,0,0,0,0,0,0,0,797,0,0,0,0,0,0
117,5305,118.17076971719808,99994,56,24,2,0,593,291,0.00884053043182591,31,16,49453,49718,456,240,0,0,0,0,0,0,99192,0,0,0,0,0,0,0,0,0,0,802,0,0,0,0,0,0
118,5305,119.01284411012864,99994,63,23,2,0,605,294,0.008990539432365942,28,17,49444,49715,461,243,0,0,0,0,0,0,99183,0,0,0,0,0,0,0,0,0,0,811,0,0,0,0,0,0
119,5305,120.27360473852082,99994,61,23,2,0,617,303,0.009200552033121987,32,19,49431,49706,472,250,0,0,0,0,0,0,99160,0,0,0,0,0,0,0,0,0,0,834,0,0,0,0,0,0
120,5305,121.02461836118998,99993,60,21,2,1,620,306,0.009260648245377177,34,18,49427,49704,475,254,0,0,0,0,0,0,99152,0,0,1,0,0,0,0,0,0,0,840,0,0,0,0,0,0
121,5305,122.24098898853354,99993,67,27,2,1,635,315,0.009500665046553258,32,14,49415,49699,482,257,0,0,0,0,0,0,99141,0,0,1,0,0,0,0,0,0,0,851,0,0,0,0,0,0
122,5305,123.1311667819407,99993,57,29,2,1,641,319,0.009600672047043292,34,13,49409,49697,496,258,0,0,0,0,0,0,99123,0,0,1,0,0,0,0,0,0,0,869,0,0,0,0,0,0
123,5305,124.16548573719,99993,57,24,2,1,651,320,0.009710679747582331,34,16,49401,49693,504,264,0,0,0,0,0,0,99107,0,0,1,0,0,0,0,0,0,0,885,0,0,0,0,0,0
124,5305,125.116104861399,99993,62,24,2,1,659,322,0.009810686748072365,30,19,49397,49689,507,265,0,0,0,0,0,0,99102,0,0,1,0,0,0,0,0,0,0,890,0,0,0,0,0,0
125,5305,126.24470585492585,99993,59,27,2,1,667,327,0.00994069584870941,34,19,49388,49686,515,265,0,0,0,0,0,0,99089,0,0,1,0,0,0,0,0,0,0,903,0,0,0,0,0,0
126,5305,127.19701795131469,99993,52,28,2,1,677,331,0.010080705649395458,32,23,49382,49678,530,268,0,0,0,0,0,0,99069,0,0,1,0,0,0,0,0,0,0,923,0,0,0,0,0,0
127,5305,128.19637195064857,99993,52,29,2,1,688,335,0.01023071615013051,33,23,49371,49675,540,270,0,0,0,0,0,0,99055,0,0,1,0,0,0,0,0,0,0,937,0,0,0,0,0,0
128,5305,129.1959157873569,99993,57,25,2,1,697,338,0.010350724550718551,37,24,49361,49674,541,274,0,0,0,0,0,0,99044,0,0,1,0,0,0,0,0,0,0,948,0,0,0,0,0,0
129,5305,130.1956138448784,99993,64,33,2,1,706,351,0.010570739951796625,44,15,49347,49673,541,276,0,0,0,0,0,0,99037,0,0,1,0,0,0,0,0,0,0,955,0,0,0,0,0,0
130,5305,131.2936416565613,99993,64,30,2,1,716,355,0.010710749752482674,48,19,49336,49666,548,282,0,0,0,0,0,0,99020,0,0,1,0,0,0,0,0,0,0,972,0,0,0,0,0,0
131,5305,132.13759497672334,99993,61,34,2,1,720,363,0.010830758153070715,51,14,49331,49663,553,286,0,0,0,0,0,0,99009,0,0,1,0,0,0,0,0,0,0,983,0,0,0,0,0,0
132,5305,133.11216514403606,99993,62,30,2,1,733,367,0.011000770053903774,52,23,49320,49650,562,294,0,0,0,0,0,0,98990,0,0,2,0,0,0,0,0,0,0,1001,0,0,0,0,0,0
133,5305,134.11244933092695,99993,65,31,2,1,749,369,0.011180782654785835,50,30,49306,49642,575,294,0,0,0,0,0,0,98976,0,0,2,0,0,0,0,0,0,0,1015,0,0,0,0,0,0
134,5305,135.11293395584977,99993,71,38,2,1,762,379,0.011410798755912914,48,25,49298,49637,579,297,0,0,0,0,0,0,98966,0,0,2,0,0,0,0,0,0,0,1025,0,0,0,0,0,0
135,5305,136.11356836365937,99993,78,39,2,1,773,385,0.011580810656745972,48,19,49287,49638,583,301,0,0,0,0,0,0,98958,0,0,3,0,0,0,0,0,0,0,1032,0,0,0,0,0,0
136,5305,137.04312299924646,99993,85,44,2,1,792,393,0.011850829558069065,42,17,49275,49633,594,303,0,0,0,0,0,0,98943,0,0,3,0,0,0,0,0,0,0,1047,0,0,0,0,0,0
137,5305,138.00759569595962,99993,85,35,2,1,806,396,0.012020841458902124,40,26,49267,49621,604,315,0,0,0,0,0,0,98917,0,0,3,0,0,0,0,0,0,0,1073,0,0,0,0,0,0
138,5305,139.00878013646292,99993,86,37,2,1,817,401,0.012180852659686178,42,23,49258,49619,610,318,0,0,0,0,0,0,98904,0,0,3,0,0,0,0,0,0,0,1086,0,0,0,0,0,0
139,5305,140.01013872887657,99993,83,39,2,1,828,406,0.012340863860470232,46,25,49245,49613,622,320,0,0,0,0,0,0,98887,0,0,3,0,0,0,0,0,0,0,1103,0,0,0,0,0,0
140,5305,141.01170663644095,99993,79,38,2,1,839,413,0.012520876461352295,46,23,49237,49609,634,327,0,0,0,0,0,0,98864,0,0,3,0,0,0,0,0,0,0,1126,0,0,0,0,0,0
141,5305,142.0135025474832,99993,87,42,2,1,855,422,0.01277089396257738,37,21,49233,49603,639,331,0,0,0,0,0,0,98851,0,0,3,0,0,0,0,0,0,0,1139,0,0,0,0,0,0
142,5305,143.01539229647892,99993,87,44,2,1,864,428,0.012920904463312432,36,17,49225,49602,648,334,0,0,0,0,0,0,98838,0,0,3,0,0,0,0,0,0,0,1152,0,0,0,0,0,0
143,5305,144.02298206113187,99993,81,46,2,1,870,434,0.013040912863900474,35,17,49221,49597,659,337,0,0,0,0,0,0,98822,0,0,3,0,0,0,0,0,0,0,1168,0,0,0,0,0,0
144,5305,145.18416546982482,99993,82,46,2,1,890,443,0.013330933165321572,34,27,49209,49581,671,343,0,0,0,0,0,0,98794,0,0,3,0,0,0,0,0,0,0,1196,0,0,0,0,0,0
145,5305,146.18657086431264,99993,75,44,2,1,901,447,0.013480943666056623,33,28,49202,49576,686,349,0,0,0,0,0,0,98771,0,0,4,0,0,0,0,0,0,0,1218,0,0,0,0,0,0
146,5305,147.18920850098164,99993,76,39,2,1,913,452,0.013650955566889682,30,29,49194,49572,696,357,0,0,0,0,0,0,98750,0,0,4,0,0,0,0,0,0,0,1239,0,0,0,0,0,0
147,5305,148.19204407707343,99993,72,40,2,1,922,459,0.013810966767673738,31,26,49190,49570,703,361,0,0,0,0,0,0,98731,0,0,4,0,0,0,0,0,0,0,1258,0,0,0,0,0,0
148,5305,149.19500314054486,99993,70,43,2,1,931,465,0.01396097726840879,32,27,49183,49563,711,364,0,0,0,0,0,0,98717,0,0,4,0,0,0,0,0,0,0,1272,0,0,0,0,0,0
149,5305,150.19809628483887,99993,69,43,2,1,940,468,0.01408098566899683,33,32,49173,49557,721,365,0,0,0,0,0,0,98704,0,0,4,0,0,0,0,0,0,0,1285,0,0,0,0,0,0
150,5305,151.20135788171925,99993,63,45,2,1,949,477,0.014260998269878892,34,26,49168,49555,731,371,0,0,0,0,0,0,98682,0,0,4,0,0,0,0,0,0,0,1307,0,0,0,0,0,0
151,5305,152.2048165375046,99993,60,44,2,1,955,483,0.014381006670466932,41,28,49157,49550,738,375,0,0,0,0,0,0,98666,0,0,4,0,0,0,0,0,0,0,1323,0,0,0,0,0,0
152,5305,153.20846388082867,99992,61,41,3,1,967,489,0.014561164893191455,38,26,49152,49550,744,380,0,0,0,0,0,0,98646,0,0,4,0,0,0,0,0,0,0,1342,0,0,0,0,0,0
153,5305,154.21224281473857,99992,60,47,3,1,976,498,0.014741179294343548,40,23,49144,49546,751,381,0,0,0,0,0,0,98634,0,0,5,0,0,0,0,0,0,0,1353,0,0,0,0,0,0
154,5305,155.2161597693898,99992,60,43,3,1,986,502,0.01488119049523962,31,28,49145,49538,759,388,0,0,0,0,0,0,98616,0,0,5,0,0,0,0,0,0,0,1371,0,0,0,0,0,0
155,5305,156.22013574807076,99992,57,48,3,1,994,509,0.015031202496199696,30,30,49143,49530,765,389,0,0,0,0,0,0,98603,0,0,5,0,0,0,0,0,0,0,1384,0,0,0,0,0,0
156,5305,157.2241451550838,99992,57,49,3,1,998,516,0.015141211296903751,38,27,49135,49526,765,395,0,0,0,0,0,0,98593,0,0,5,0,0,0,0,0,0,0,1394,0,0,0,0,0,0
157,5305,158.22826384840945,99992,68,44,3,1,1015,518,0.015331226498119849,30,33,49129,49521,768,399,0,0,0,0,0,0,98581,0,0,4,1,0,0,0,0,0,0,1406,0,0,0,0,0,0
158,5305,159.23248852082608,99992,66,43,3,1,1023,523,0.015461236898951916,32,33,49121,49516,776,405,0,0,0,0,0,0,98565,0,0,4,1,0,0,0,0,0,0,1422,0,0,0,0,0,0
159,5305,160.2369030035625,99992,59,53,3,1,1030,536,0.015661252900232018,37,26,49109,49510,790,408,0,0,0,0,0,0,98548,0,0,4,1,0,0,0,0,0,0,1439,0,0,0,0,0,0
160,5305,161.2415357797364,99992,66,55,3,1,1047,543,0.01590127210176814,42,25,49090,49505,797,412,0,0,0,0,0,0,98533,0,0,4,1,0,0,0,0,0,0,1454,0,0,0,0,0,0
161,5305,162.24640498910833,99992,62,55,3,1,1056,553,0.016091287302984238,46,23,49081,49499,806,420,0,0,0,0,0,0,98510,0,0,4,1,0,0,0,0,0,0,1477,0,0,0,0,0,0
162,5305,163.25147667633354,99992,59,54,3,1,1063,559,0.016221297703816306,58,21,49066,49495,812,427,0,0,0,0,0,0,98493,0,0,4,1,0,0,0,0,0,0,1494,0,0,0,0,0,0
163,5305,164.25679435474146,99992,63,45,3,1,1078,561,0.016391311304904392,49,25,49062,49490,821,437,0,0,0,0,0,0,98471,0,0,4,1,0,0,0,0,0,0,1516,0,0,0,0,0,0
164,5305,165.26227240111194,99992,63,47,3,1,1089,568,0.016571325706056485,47,26,49056,49484,829,440,0,0,0,0,0,0,98455,0,0,4,1,0,0,0,0,0,0,1532,0,0,0,0,0,0
165,5305,166.26790565257528,99992,65,43,3,1,1099,573,0.016721337707016563,50,30,49047,49475,833,449,0,0,0,0,0,0,98438,0,0,4,1,0,0,0,0,0,0,1549,0,0,0,0,0,0
166,5305,167.27365491992646,99992,58,40,3,1,1106,578,0.016841347307784624,49,28,49044,49473,844,456,0,0,0,0,0,0,98416,0,0,4,1,0,0,0,0,0,0,1571,0,0,0,0,0,0
167,5305,168.2795600781996,99992,67,43,3,1,1119,584,0.01703136250900072,43,26,49039,49470,846,458,0,0,0,0,0,0,98410,0,0,5,1,0,0,0,0,0,0,1576,0,0,0,0,0,0
168,5305,169.28552262134733,99992,73,46,3,1,1132,591,0.017231378510280823,47,26,49026,49463,849,462,0,0,0,0,0,0,98399,0,0,5,1,0,0,0,0,0,0,1587,0,0,0,0,0,0
169,5305,170.29163409181587,99992,74,44,3,1,1146,594,0.01740139211136891,45,29,49018,49459,858,465,0,0,0,0,0,0,98382,0,0,6,1,0,0,0,0,0,0,1603,0,0,0,0,0,0
170,5305,171.29791491308882,99992,76,35,3,1,1159,598,0.017571405712456998,44,33,49008,49453,867,476,0,0,0,0,0,0,98359,0,0,7,1,0,0,0,0,0,0,1625,0,0,0,0,0,0
171,5305,172.30441410613773,99992,79,39,3,1,1173,606,0.017791423313865108,40,29,49003,49449,873,480,0,0,0,0,0,0,98345,0,0,8,1,0,0,0,0,0,0,1638,0,0,0,0,0,0
172,5305,173.3110313719532,99992,80,41,3,1,1182,616,0.017981438515081206,43,26,48993,49445,879,485,0,0,0,0,0,0,98329,0,0,8,1,0,0,0,0,0,0,1654,0,0,0,0,0,0
173,5305,174.31784128235967,99992,83,44,3,1,1195,623,0.018181454516361308,50,23,48977,49441,885,489,0,0,0,0,0,0,98315,0,0,8,1,0,0,0,0,0,0,1668,0,0,0,0,0,0
174,5305,175.32486706086166,99992,79,46,3,1,1199,630,0.018291463317065364,50,19,48976,49439,890,493,0,0,0,0,0,0,98302,0,0,8,1,0,0,0,0,0,0,1681,0,0,0,0,0,0
175,5305,176.19402072186023,99992,81,47,3,1,1211,638,0.018491479318345466,49,22,48973,49431,892,497,0,0,0,0,0,0,98285,0,0,8,1,0,0,0,0,0,0,1698,0,0,0,0,0,0
176,5305,177.1583620925012,99992,75,50,3,1,1214,643,0.018571485718857507,53,19,48967,49431,900,497,0,0,0,0,0,0,98274,0,0,8,1,0,0,0,0,0,0,1709,0,0,0,0,0,0
177,5305,178.02233704763404,99992,73,45,3,1,1227,650,0.018771501720137612,50,17,48961,49430,911,505,0,0,0,0,0,0,98247,0,0,8,1,0,0,0,0,0,0,1736,0,0,0,0,0,0
178,5305,179.03620182032316,99992,75,41,3,1,1243,655,0.018981518521481718,50,21,48947,49425,923,510,0,0,0,0,0,0,98225,0,0,9,1,0,0,0,0,0,0,1757,0,0,0,0,0,0
179,5305,180.00519618407117,99992,77,39,3,1,1251,660,0.019111528922313784,55,24,48937,49419,926,515,0,0,0,0,0,0,98212,0,0,9,1,0,0,0,0,0,0,1770,0,0,0,0,0,0
180,5305,181.01306694273165,99992,77,42,3,1,1262,666,0.019281542523401873,51,25,48932,49413,935,517,0,0,0,0,0,0,98198,0,0,9,1,0,0,0,0,0,0,1784,0,0,0,0,0,0
181,5305,182.0210885184131,99992,85,41,3,1,1277,672,0.01949155932474598,49,24,48924,49410,937,522,0,0,0,0,0,0,98184,0,0,9,1,0,0,0,0,0,0,1798,0,0,0,0,0,0
182,5305,183.029215256416,99992,85,36,3,1,1289,677,0.019661572925834068,43,25,48920,49407,947,529,0,0,0,0,0,0,98162,0,0,9,1,0,0,0,0,0,0,1820,0,0,0,0,0,0
183,5305,184.03748083067933,99992,81,32,3,1,1299,679,0.01978158252660213,51,25,48904,49406,959,534,0,0,0,0,0,0,98142,0,0,9,1,0,0,0,0,0,0,1840,0,0,0,0,0,0
184,5305,185.04603585353692,99992,77,30,3,1,1306,681,0.019871589727178174,55,27,48893,49403,970,537,0,0,0,0,0,0,98127,0,0,9,1,0,0,0,0,0,0,1855,0,0,0,0,0,0
185,5305,186.05486075395635,99992,73,31,3,1,1316,687,0.020031602528202255,59,25,48883,49401,980,540,0,0,0,0,0,0,98111,0,0,12,1,0,0,0,0,0,0,1868,0,0,0,0,0,0
186,5305,187.06389222526252,99992,75,31,3,1,1327,691,0.020181614529162333,58,26,48875,49399,987,541,0,0,0,0,0,0,98098,0,0,12,1,0,0,0,0,0,0,1881,0,0,0,0,0,0
187,5305,188.07306621501698,99992,79,31,3,1,1341,697,0.020381630530442434,56,22,48867,49399,993,545,0,0,0,0,0,0,98083,0,0,13,1,0,0,0,0,0,0,1895,0,0,0,0,0,0
188,5305,189.08242309381882,99992,71,28,3,1,1350,700,0.020501640131210495,67,25,48848,49395,1009,549,0,0,0,0,0,0,98060,0,0,13,1,0,0,0,0,0,0,1918,0,0,0,0,0,0
189,5305,190.0921183309858,99992,76,27,3,1,1367,704,0.020711656932554605,56,26,48844,49391,1019,553,0,0,0,0,0,0,98043,0,0,13,1,0,0,0,0,0,0,1935,0,0,0,0,0,0
190,5305,191.1019932343247,99992,69,24,3,1,1370,708,0.02078166253300264,64,29,48834,49387,1028,557,0,0,0,0,0,0,98026,0,0,13,1,0,0,0,0,0,0,1952,0,0,0,0,0,0
191,5305,192.11208844556546,99992,74,30,3,1,1385,716,0.02101168093447476,61,28,48824,49382,1036,557,0,0,0,0,0,0,98014,0,0,13,1,0,0,0,0,0,0,1964,0,0,0,0,0,0
192,5305,193.1223257317778,99992,76,32,3,1,1397,721,0.021181694535562845,64,27,48810,49379,1045,559,0,0,0,0,0,0,98001,0,0,13,1,0,0,0,0,0,0,1977,0,0,0,0,0,0
193,5305,194.13274209453027,99992,84,32,3,1,1414,727,0.021411712937034963,58,25,48802,49379,1051,561,0,0,0,0,0,0,97986,0,0,13,1,0,0,0,0,0,0,1992,0,0,0,0,0,0
194,5305,195.1433257480452,99992,81,33,3,1,1424,731,0.021551724137931036,54,24,48798,49377,1062,563,0,0,0,0,0,0,97970,0,0,13,1,0,0,0,0,0,0,2008,0,0,0,0,0,0
195,5305,196.15405433323946,99992,80,36,3,1,1434,737,0.021711736938955117,58,24,48786,49374,1071,563,0,0,0,0,0,0,97956,0,0,13,1,0,0,0,0,0,0,2022,0,0,0,0,0,0
196,5305,197.16498439703253,99992,80,39,3,1,1450,744,0.021941755340427235,58,26,48774,49368,1083,564,0,0,0,0,0,0,97936,0,0,13,1,0,0,0,0,0,0,2042,0,0,0,0,0,0
197,5305,198.17615443880564,99992,90,35,3,1,1469,749,0.022181774541963357,60,26,48755,49364,1090,572,0,0,0,0,0,0,97918,0,0,13,1,0,0,0,0,0,0,2060,0,0,0,0,0,0
198,5305,199.18758597334622,99992,101,37,3,1,1489,756,0.022451796143691496,55,26,48746,49362,1093,572,0,0,0,0,0,0,97904,0,0,13,1,0,0,0,0,0,0,2074,0,0,0,0,0,0
199,5305,200.19915237113733,99992,101,42,3,1,1501,766,0.02267181374509961,60,30,48732,49350,1102,575,0,0,0,0,0,0,97887,0,0,13,1,0,0,0,0,0,0,2091,0,0,0,0,0,0
200,5305,201.21092001445598,99992,97,43,3,1,1514,773,0.02287182974637971,63,28,48717,49349,1118,577,0,0,0,0,0,0,97864,0,0,13,1,0,0,0,0,0,0,2114,0,0,0,0,0,0
201,5305,202.2229845752773,99992,106,41,3,1,1531,775,0.02306184494759581,55,28,48713,49350,1121,578,0,0,0,0,0,0,97852,0,0,13,1,0,0,0,0,0,0,2126,0,0,0,0,0,0
202,5305,203.23518944578376,99992,108,43,3,1,1543,783,0.02326186094887591,66,27,48693,49345,1128,582,0,0,0,0,0,0,97836,0,0,13,1,0,0,0,0,0,0,2142,0,0,0,0,0,0
203,5305,204.2476307407028,99992,113,46,3,1,1561,791,0.023521881750540045,70,27,48672,49338,1140,586,0,0,0,0,0,0,97818,0,0,13,1,0,0,0,0,0,0,2160,0,0,0,0,0,0
204,5305,205.26040121268414,99992,118,49,3,1,1581,798,0.023791903352268183,64,26,48660,49336,1153,586,0,0,0,0,0,0,97799,0,0,13,1,0,0,0,0,0,0,2179,0,0,0,0,0,0
205,5305,206.2734431925334,99992,119,44,3,1,1599,801,0.02400192015361229,66,29,48643,49332,1167,592,0,0,0,0,0,0,97774,0,0,13,1,0,0,0,0,0,0,2204,0,0,0,0,0,0
206,5305,207.28678035637753,99992,109,47,3,1,1611,811,0.024221937755020403,66,28,48639,49328,1181,594,0,0,0,0,0,0,97746,0,0,14,1,0,0,0,0,0,0,2231,0,0,0,0,0,0
207,5305,208.30031513653554,99992,110,44,3,1,1628,815,0.02443195455636451,61,30,48629,49323,1195,600,0,0,0,0,0,0,97723,0,0,14,1,0,0,0,0,0,0,2254,0,0,0,0,0,0
208,5305,209.314100706559,99992,117,42,3,1,1643,822,0.024651972157772623,61,27,48619,49321,1198,607,0,0,0,0,0,0,97706,0,0,14,1,0,0,0,0,0,0,2271,0,0,0,0,0,0
209,5305,210.32807071163785,99992,116,44,3,1,1661,830,0.024911992959436757,60,28,48605,49316,1214,609,0,0,0,0,0,0,97682,0,0,15,1,0,0,0,0,0,0,2294,0,0,0,0,0,0
210,5305,211.00421108208815,99991,110,43,4,1,1669,833,0.02502225200268024,57,30,48603,49317,1224,607,0,0,0,0,0,0,97665,0,0,16,1,0,0,0,0,0,0,2309,0,0,0,0,0,0
211,5305,212.01857677731402,99991,112,45,4,1,1681,841,0.025222270004300388,56,32,48596,49309,1230,611,0,0,0,0,0,0,97649,0,0,16,1,0,0,0,0,0,0,2325,0,0,0,0,0,0
212,5305,213.03310417525458,99991,117,44,4,1,1702,848,0.02550229520656859,61,31,48573,49304,1243,618,0,0,0,0,0,0,97626,0,0,17,1,0,0,0,0,0,0,2347,0,0,0,0,0,0
213,5305,214.04795635358553,99991,111,49,4,1,1717,857,0.025742316808512765,66,33,48555,49295,1262,620,0,0,0,0,0,0,97601,0,0,17,1,0,0,0,0,0,0,2372,0,0,0,0,0,0
214,5305,215.06315059272467,99991,115,49,4,1,1737,865,0.02602234201078097,66,35,48542,49288,1271,625,0,0,0,0,0,0,97577,0,0,17,1,0,0,0,0,0,0,2396,0,0,0,0,0,0
215,5305,216.07857824625648,99991,107,53,4,1,1754,876,0.026302367213049176,67,32,48526,49282,1294,630,0,0,0,0,0,0,97545,0,0,17,1,0,0,0,0,0,0,2428,0,0,0,0,0,0
216,5305,217.09438281236518,99991,111,52,4,1,1772,883,0.026552389715074357,65,33,48515,49276,1303,636,0,0,0,0,0,0,97523,0,0,17,1,0,0,0,0,0,0,2450,0,0,0,0,0,0
217,5305,218.1104394129521,99991,113,51,4,1,1787,891,0.026782410416937526,69,29,48504,49276,1308,641,0,0,0,0,0,0,97501,0,0,17,1,0,0,0,0,0,0,2472,0,0,0,0,0,0
218,5305,219.12669161416395,99991,109,51,4,1,1797,899,0.026962426618395655,76,24,48491,49275,1318,647,0,0,0,0,0,0,97479,0,0,17,1,0,0,0,0,0,0,2494,0,0,0,0,0,0
219,5305,220.14322410620014,99991,110,54,4,1,1815,908,0.02723245092058285,71,21,48480,49270,1333,652,0,0,0,0,0,0,97456,0,0,17,1,0,0,0,0,0,0,2517,0,0,0,0,0,0
220,5305,221.16001345931926,99991,115,51,4,1,1833,910,0.027432468922203,68,31,48469,49260,1342,655,0,0,0,0,0,0,97438,0,0,17,1,0,0,0,0,0,0,2535,0,0,0,0,0,0
221,5305,222.1769715847165,99991,122,57,4,1,1849,924,0.027732495924633217,70,29,48455,49249,1347,662,0,0,0,0,0,0,97421,0,0,17,1,0,0,0,0,0,0,2552,0,0,0,0,0,0
222,5305,223.19411038811862,99991,118,52,4,1,1861,932,0.02793251392625336,82,26,48440,49245,1354,674,0,0,0,0,0,0,97393,0,0,18,1,0,0,0,0,0,0,2579,0,0,0,0,0,0
223,5305,224.21153664551002,99991,117,50,4,1,1878,939,0.028172535528197536,80,23,48427,49242,1370,682,0,0,0,0,0,0,97366,0,0,18,1,0,0,0,0,0,0,2606,0,0,0,0,0,0
224,5305,225.22927777192592,99991,119,47,4,1,1894,944,0.02838255442989869,77,25,48418,49236,1380,689,0,0,0,0,0,0,97344,0,0,18,1,0,0,0,0,0,0,2628,0,0,0,0,0,0
225,5305,226.2472390750368,99991,122,49,4,1,1916,950,0.028662579632166896,72,27,48407,49233,1393,688,0,0,0,0,0,0,97321,0,0,18,1,0,0,0,0,0,0,2651,0,0,0,0,0,0
226,5305,227.26542375159806,99990,119,51,5,1,1934,957,0.02891289128912891,74,29,48394,49226,1406,691,0,0,0,0,0,0,97296,0,0,19,1,0,0,0,0,0,0,2674,0,0,0,0,0,0
227,5305,228.28386938756822,99990,128,57,5,1,1958,966,0.029242924292429244,78,28,48372,49221,1415,691,0,0,0,0,0,0,97278,0,0,19,1,0,0,0,0,0,0,2692,0,0,0,0,0,0
228,5305,229.30258173889757,99990,135,55,5,1,1978,972,0.029502950295029504,80,30,48355,49216,1423,696,0,0,0,0,0,0,97258,0,0,20,1,0,0,0,0,0,0,2711,0,0,0,0,0,0
229,5305,230.32158135828143,99990,138,58,5,1,2003,980,0.029832983298329833,78,32,48336,49207,1441,700,0,0,0,0,0,0,97232,0,0,21,1,0,0,0,0,0,0,2736,0,0,0,0,0,0
230,5305,231.0011190069583,99990,128,60,5,1,2008,988,0.029962996299629962,82,28,48328,49205,1455,704,0,0,0,0,0,0,97212,0,0,22,1,0,0,0,0,0,0,2755,0,0,0,0,0,0
231,5305,232.02073446200797,99990,119,62,5,1,2028,1000,0.03028302830283028,80,24,48316,49199,1478,712,0,0,0,0,0,0,97173,0,0,22,1,0,0,0,0,0,0,2794,0,0,0,0,0,0
232,5305,233.04071798613683,99990,121,49,5,1,2043,1002,0.030453045304530454,85,26,48300,49199,1487,723,0,0,0,0,0,0,97146,0,0,23,1,0,0,0,0,0,0,2820,0,0,0,0,0,0
233,5305,234.0610310216335,99990,124,53,5,1,2062,1010,0.030723072307230724,78,23,48291,49195,1500,726,0,0,0,0,0,0,97127,0,0,24,1,0,0,0,0,0,0,2838,0,0,0,0,0,0
234,5305,235.08157663568142,99990,129,50,5,1,2083,1016,0.030993099309930994,78,29,48276,49184,1510,734,0,0,0,0,0,0,97103,0,0,25,1,0,0,0,0,0,0,2861,0,0,0,0,0,0
235,5305,236.10233682106542,99990,134,51,5,1,2103,1027,0.0313031303130313,75,30,48265,49175,1519,741,0,0,0,0,0,0,97079,0,0,26,1,0,0,0,0,0,0,2884,0,0,0,0,0,0
236,5305,237.12327517491616,99990,136,53,5,1,2122,1036,0.03158315831583158,73,28,48252,49170,1532,746,0,0,0,0,0,0,97055,0,0,26,1,0,0,0,0,0,0,2908,0,0,0,0,0,0
237,5305,238.1445142232038,99990,136,55,5,1,2148,1043,0.031913191319131916,68,30,48236,49164,1553,748,0,0,0,0,0,0,97027,0,0,29,1,0,0,0,0,0,0,2933,0,0,0,0,0,0
238,5305,239.16613478874228,99990,133,55,5,1,2166,1051,0.03217321732173217,72,29,48218,49158,1570,755,0,0,0,0,0,0,96998,0,0,29,1,0,0,0,0,0,0,2962,0,0,0,0,0,0
239,5305,240.18809316874422,99990,133,49,5,1,2183,1054,0.03237323732373237,69,41,48214,49147,1577,760,0,0,0,0,0,0,96973,0,0,30,1,0,0,0,0,0,0,2986,0,0,0,0,0,0
240,5305,241.21021119301983,99990,131,50,5,1,2201,1065,0.03266326632663266,69,44,48202,49137,1591,766,0,0,0,0,0,0,96943,0,0,30,1,0,0,0,0,0,0,3016,0,0,0,0,0,0
241,5305,242.23258628123676,99990,136,53,5,1,2224,1073,0.032973297329732976,71,42,48183,49134,1603,768,0,0,0,0,0,0,96920,0,0,30,1,0,0,0,0,0,0,3039,0,0,0,0,0,0
242,5305,243.25526963233318,99990,142,51,5,1,2244,1079,0.03323332333233323,64,45,48171,49128,1616,773,0,0,0,0,0,0,96898,0,0,30,1,0,0,0,0,0,0,3061,0,0,0,0,0,0
243,5305,244.27821889546996,99990,132,57,5,1,2255,1092,0.03347334733473347,70,47,48159,49116,1632,777,0,0,0,0,0,0,96870,0,0,30,1,0,0,0,0,0,0,3089,0,0,0,0,0,0
244,5305,245.30144686326727,99990,136,57,5,1,2280,1101,0.033813381338133816,62,43,48146,49113,1649,784,0,0,0,0,0,0,96840,0,0,30,1,0,0,0,0,0,0,3119,0,0,0,0,0,0
245,5305,246.3249665006782,99990,137,64,5,1,2300,1116,0.03416341634163416,56,34,48140,49110,1660,789,0,0,0,0,0,0,96814,0,0,31,1,0,0,0,0,0,0,3144,0,0,0,0,0,0
246,5305,247.0074335462403,99990,141,65,5,1,2313,1120,0.03433343334333434,51,37,48138,49105,1663,790,0,0,0,0,0,0,96803,0,0,32,1,0,0,0,0,0,0,3154,0,0,0,0,0,0
247,5305,248.03117011170772,99989,130,60,6,1,2328,1124,0.03452379761773795,53,42,48129,49099,1680,796,0,0,0,0,0,0,96770,0,0,32,2,0,0,0,0,0,0,3185,0,0,0,0,0,0
248,5305,249.0551518846743,99989,128,68,6,1,2342,1135,0.03477382512076328,63,41,48116,49094,1685,794,0,0,0,0,0,0,96752,0,0,33,2,0,0,0,0,0,0,3202,0,0,0,0,0,0
249,5305,250.07938416391383,99988,120,69,7,1,2360,1143,0.03503420410449254,64,44,48104,49084,1703,800,0,0,0,0,0,0,96721,0,0,35,2,0,0,0,0,0,0,3230,0,0,0,0,0,0
250,5305,251.10383204032283,99988,122,73,7,1,2375,1154,0.03529423530823699,65,41,48098,49080,1706,803,0,0,0,0,0,0,96702,0,0,36,2,0,0,0,0,0,0,3248,0,0,0,0,0,0
251,5305,252.12845056360825,99988,118,72,7,1,2390,1164,0.03554426531183742,82,46,48072,49068,1719,811,0,0,0,0,0,0,96673,0,0,37,2,0,0,0,0,0,0,3276,0,0,0,0,0,0
252,5305,253.15342289475421,99988,115,67,7,1,2405,1173,0.03578429411529384,82,49,48064,49057,1730,824,0,0,0,0,0,0,96641,0,0,37,2,0,0,0,0,0,0,3308,0,0,0,0,0,0
253,5305,254.17862685294924,99987,122,67,7,2,2429,1185,0.03614469881084541,73,43,48056,49051,1740,835,0,0,0,0,0,0,96613,0,0,38,2,0,0,0,0,0,0,3334,0,0,0,0,0,0
254,5305,255.20407354147193,99987,127,63,7,2,2449,1194,0.036434736515747045,82,39,48033,49048,1749,846,0,0,0,0,0,0,96585,0,0,38,2,0,0,0,0,0,0,3362,0,0,0,0,0,0
255,5305,256.22981874513675,99987,131,64,7,2,2468,1205,0.036734775520817706,80,37,48023,49045,1757,850,0,0,0,0,0,0,96560,0,0,38,2,0,0,0,0,0,0,3387,0,0,0,0,0,0
256,5305,257.2558342587671,99987,139,65,7,2,2491,1219,0.03710482362707152,79,34,48005,49037,1768,860,0,0,0,0,0,0,96533,0,0,39,2,0,0,0,0,0,0,3413,0,0,0,0,0,0
257,5305,258.28211336912636,99987,139,65,7,2,2509,1229,0.037384860031804135,80,39,47989,49024,1783,868,0,0,0,0,0,0,96506,0,0,40,2,0,0,0,0,0,0,3439,0,0,0,0,0,0
258,5305,259.308736895393,99986,135,62,7,3,2528,1239,0.03767527453843538,84,39,47973,49019,1799,875,0,0,0,0,0,0,96472,0,0,42,2,0,0,0,0,0,0,3470,0,0,0,0,0,0
259,5305,260.33564998340813,99986,139,68,7,3,2550,1252,0.03802532354529634,89,39,47958,49010,1805,878,0,0,0,0,0,0,96448,0,0,43,2,0,0,0,0,0,0,3493,0,0,0,0,0,0
260,5305,261.02040089171356,99986,137,76,7,3,2563,1268,0.038315364150981135,96,30,47940,49003,1818,886,0,0,0,0,0,0,96425,0,0,43,2,0,0,0,0,0,0,3516,0,0,0,0,0,0
261,5305,262.0479019449143,99986,141,78,7,3,2584,1280,0.03864541035745004,93,30,47930,48992,1827,895,0,0,0,0,0,0,96398,0,0,43,2,0,0,0,0,0,0,3543,0,0,0,0,0,0
262,5305,263.07557742841954,99986,145,72,7,3,2608,1288,0.03896545516372292,91,36,47918,48980,1837,907,0,0,0,0,0,0,96365,0,0,44,2,0,0,0,0,0,0,3575,0,0,0,0,0,0
263,5305,264.10353565371094,99985,130,73,8,3,2627,1301,0.03928589288393259,100,35,47898,48970,1862,917,0,0,0,0,0,0,96319,0,0,44,2,0,0,0,0,0,0,3620,0,0,0,0,0,0
264,5305,265.13193281367376,99985,137,77,8,3,2652,1311,0.03963594539180877,99,37,47880,48963,1874,918,0,0,0,0,0,0,96297,0,0,46,2,0,0,0,0,0,0,3640,0,0,0,0,0,0
265,5305,266.16060890626375,99984,141,79,9,3,2676,1320,0.0399663946231397,98,38,47863,48957,1887,921,0,0,0,0,0,0,96272,0,0,48,2,0,0,0,0,0,0,3662,0,0,0,0,0,0
266,5305,267.18956954700997,99984,140,77,9,3,2697,1331,0.04028644583133301,93,39,47853,48946,1903,933,0,0,0,0,0,0,96240,0,0,51,2,0,0,0,0,0,0,3691,0,0,0,0,0,0
267,5305,268.2188190342212,99984,142,83,9,3,2722,1346,0.04068650984157465,91,35,47839,48937,1917,940,0,0,0,0,0,0,96208,0,0,51,2,0,0,0,0,0,0,3723,0,0,0,0,0,0
268,5305,269.2483820329583,99984,139,81,9,3,2743,1356,0.04099655944951192,88,34,47827,48930,1935,950,0,0,0,0,0,0,96175,0,0,54,2,0,0,0,0,0,0,3753,0,0,0,0,0,0
269,5305,270.2782938400906,99984,156,81,9,3,2773,1364,0.04137662025924148,79,39,47813,48924,1941,951,0,0,0,0,0,0,96155,0,0,55,2,0,0,0,0,0,0,3772,0,0,0,0,0,0
270,5305,271.30840915568274,99984,161,84,9,3,2797,1380,0.04177668426948312,82,33,47794,48918,1952,960,0,0,0,0,0,0,96123,0,0,55,2,0,0,0,0,0,0,3804,0,0,0,0,0,0
271,5305,272.3388393929986,99984,157,78,9,3,2820,1388,0.04208673387742039,81,39,47781,48905,1970,973,0,0,0,0,0,0,96082,0,0,55,2,0,0,0,0,0,0,3845,0,0,0,0,0,0
272,5305,273.0259948769745,99984,157,78,9,3,2838,1396,0.042346775484077455,84,38,47764,48898,1984,981,0,0,0,0,0,0,96059,0,0,58,2,0,0,0,0,0,0,3865,0,0,0,0,0,0
273,5305,274.0571046214432,99984,158,68,9,3,2858,1402,0.042606817090734515,95,43,47738,48894,1998,990,0,0,0,0,0,0,96024,0,0,58,2,0,0,0,0,0,0,3900,0,0,0,0,0,0
274,5305,275.08866880722485,99984,154,66,9,3,2882,1412,0.04294687149943991,87,48,47725,48879,2023,1002,0,0,0,0,0,0,95986,0,0,60,2,0,0,0,0,0,0,3936,0,0,0,0,0,0
275,5305,276.1206022640131,99984,146,71,9,3,2903,1424,0.043276924307889264,90,53,47708,48866,2045,1005,0,0,0,0,0,0,95951,0,0,61,2,0,0,0,0,0,0,3970,0,0,0,0,0,0
276,5305,277.15295904177725,99984,143,76,9,3,2934,1437,0.043716994719155064,80,47,47695,48864,2071,1008,0,0,0,0,0,0,95910,0,0,62,2,0,0,0,0,0,0,4010,0,0,0,0,0,0
277,5305,278.1857522605015,99984,150,80,9,3,2961,1453,0.04414706353016483,79,41,47673,48860,2087,1014,0,0,0,0,0,0,95878,0,0,62,2,0,0,0,0,0,0,4042,0,0,0,0,0,0
278,5305,279.218890926181,99983,142,74,10,3,2983,1460,0.04443755438424532,82,45,47658,48852,2106,1024,0,0,0,0,0,0,95835,0,0,62,2,0,0,0,0,0,0,4084,0,0,0,0,0,0
279,5305,280.2524772087199,99983,148,71,10,3,3006,1467,0.044737605392916796,85,48,47639,48846,2116,1030,0,0,0,0,0,0,95808,0,0,62,2,0,0,0,0,0,0,4111,0,0,0,0,0,0
280,5305,281.28637870015143,99983,136,66,10,3,3023,1471,0.04494764109898683,89,60,47625,48834,2138,1035,0,0,0,0,0,0,95771,0,0,63,2,0,0,0,0,0,0,4147,0,0,0,0,0,0
281,5305,282.320660341491,99983,133,73,10,3,3046,1489,0.045357710810837844,85,47,47611,48832,2159,1043,0,0,0,0,0,0,95734,0,0,63,2,0,0,0,0,0,0,4184,0,0,0,0,0,0
282,5305,283.0103906907544,99983,133,78,10,3,3059,1500,0.045597751617775024,89,41,47594,48832,2172,1044,0,0,0,0,0,0,95715,0,0,63,2,0,0,0,0,0,0,4203,0,0,0,0,0,0
283,5305,284.0453919119477,99983,131,70,10,3,3080,1508,0.04588780092615745,83,44,47586,48826,2188,1055,0,0,0,0,0,0,95676,0,0,63,2,0,0,0,0,0,0,4242,0,0,0,0,0,0
284,5305,285.08070006374317,99983,116,79,10,3,3090,1525,0.04615784683396177,93,40,47576,48816,2203,1060,0,0,0,0,0,0,95644,0,0,64,2,0,0,0,0,0,0,4273,0,0,0,0,0,0
285,5305,286.1161992584428,99982,123,79,11,3,3121,1532,0.04653837690784341,76,44,47573,48811,2215,1061,0,0,0,0,0,0,95615,0,0,66,2,0,0,0,0,0,0,4299,0,0,0,0,0,0
286,5305,287.1518323627628,99982,121,83,11,3,3139,1544,0.04683843091756516,71,48,47567,48798,2228,1066,0,0,0,0,0,0,95587,0,0,66,2,0,0,0,0,0,0,4327,0,0,0,0,0,0
287,5305,288.1876827823125,99982,117,82,11,3,3152,1555,0.047078474125342565,81,50,47555,48788,2234,1075,0,0,0,0,0,0,95558,0,0,66,2,0,0,0,0,0,0,4356,0,0,0,0,0,0
288,5305,289.2237628887774,99982,123,80,11,3,3175,1567,0.0474285371366846,79,50,47543,48782,2242,1083,0,0,0,0,0,0,95527,0,0,66,2,0,0,0,0,0,0,4387,0,0,0,0,0,0
289,5305,290.2600466799553,99982,123,80,11,3,3195,1576,0.047718589346082294,72,54,47535,48773,2257,1088,0,0,0,0,0,0,95500,0,0,68,2,0,0,0,0,0,0,4412,0,0,0,0,0,0
290,5305,291.29656347400675,99982,130,80,11,3,3217,1588,0.04805865055710028,68,56,47526,48762,2263,1097,0,0,0,0,0,0,95474,0,0,67,3,0,0,0,0,0,0,4438,0,0,0,0,0,0
291,5305,292.33323513969844,99982,137,82,11,3,3241,1601,0.04842871716909044,69,59,47511,48748,2270,1106,0,0,0,0,0,0,95447,0,0,68,3,0,0,0,0,0,0,4464,0,0,0,0,0,0
292,5305,293.02447842428717,99982,134,86,11,3,3249,1614,0.04863875497589566,73,52,47506,48742,2274,1115,0,0,0,0,0,0,95427,0,0,68,3,0,0,0,0,0,0,4484,0,0,0,0,0,0
293,5305,294.0614650115491,99982,129,81,11,3,3266,1625,0.048918805384969295,79,52,47493,48736,2286,1126,0,0,0,0,0,0,95389,0,0,68,3,0,0,0,0,0,0,4522,0,0,0,0,0,0
294,5305,295.09877332442954,99982,130,86,11,3,3291,1642,0.04933888099857974,75,49,47481,48727,2301,1133,0,0,0,0,0,0,95353,0,0,68,3,0,0,0,0,0,0,4558,0,0,0,0,0,0
295,5305,296.1363302023536,99982,145,81,11,3,3315,1652,0.049678942209597725,71,49,47468,48718,2303,1147,0,0,0,0,0,0,95329,0,0,68,3,0,0,0,0,0,0,4582,0,0,0,0,0,0
296,5305,297.17407701245446,99981,146,78,12,3,3347,1661,0.05008951700823156,68,54,47453,48707,2319,1156,0,0,0,0,0,0,95289,0,0,71,3,0,0,0,0,0,0,4618,0,0,0,0,0,0
297,5305,298.2121546144596,99981,147,78,12,3,3367,1671,0.050389574019063625,79,56,47432,48697,2328,1164,0,0,0,0,0,0,95260,0,0,71,3,0,0,0,0,0,0,4647,0,0,0,0,0,0
298,5305,299.25057302809404,99981,154,80,12,3,3392,1685,0.0507796481331453,75,60,47414,48685,2343,1170,0,0,0,0,0,0,95233,0,0,74,3,0,0,0,0,0,0,4671,0,0,0,0,0,0
299,5305,300.28930824762807,99981,150,81,12,3,3409,1695,0.05104969944289415,85,58,47394,48677,2357,1179,0,0,0,0,0,0,95205,0,0,76,3,0,0,0,0,0,0,4697,0,0,0,0,0,0
300,5305,301.32838377523774,99981,141,78,12,3,3425,1705,0.051309748852281935,88,61,47381,48667,2376,1189,0,0,0,0,0,0,95169,0,0,78,3,0,0,0,0,0,0,4731,0,0,0,0,0,0
301,5305,302.0213142952951,99981,145,75,12,3,3444,1711,0.05155979636130865,84,65,47370,48660,2387,1195,0,0,0,0,0,0,95146,0,0,79,3,0,0,0,0,0,0,4753,0,0,0,0,0,0
302,5305,303.06103982466686,99981,136,71,12,3,3461,1723,0.05184985147177964,82,61,47364,48653,2404,1210,0,0,0,0,0,0,95106,0,0,81,3,0,0,0,0,0,0,4791,0,0,0,0,0,0
303,5305,304.1010473758785,99980,141,79,13,3,3481,1741,0.05223044608921784,82,49,47350,48650,2412,1217,0,0,0,0,0,0,95082,0,0,82,3,0,0,0,0,0,0,4813,0,0,0,0,0,0
304,5305,305.14127487457307,99979,144,80,14,3,3504,1754,0.052591044119265046,86,50,47336,48637,2418,1228,0,0,0,0,0,0,95053,0,0,85,3,0,0,0,0,0,0,4838,0,0,0,0,0,0
305,5305,306.1817151676452,99979,156,79,14,3,3533,1767,0.05301113233779094,78,50,47323,48629,2427,1237,0,0,0,0,0,0,95022,0,0,85,3,0,0,0,0,0,0,4869,0,0,0,0,0,0
306,5305,307.22241301354165,99978,140,84,15,3,3550,1781,0.05332173078077177,82,44,47308,48623,2453,1244,0,0,0,0,0,0,94984,0,0,89,3,0,0,0,0,0,0,4902,0,0,0,0,0,0
307,5305,308.2635542943978,99978,135,84,15,3,3569,1789,0.053591790193842644,80,47,47300,48616,2468,1248,0,0,0,0,0,0,94956,0,0,93,3,0,0,0,0,0,0,4926,0,0,0,0,0,0
308,5305,309.3049604573132,99978,141,86,15,3,3595,1803,0.053991878213206904,70,47,47296,48609,2476,1253,0,0,0,0,0,0,94924,0,0,93,3,0,0,0,0,0,0,4958,0,0,0,0,0,0
309,5305,310.34649412585304,99978,137,84,15,3,3610,1816,0.054271939826761886,70,56,47294,48590,2482,1265,0,0,0,0,0,0,94891,0,0,94,3,0,0,0,0,0,0,4990,0,0,0,0,0,0
310,5305,311.0408788822743,99978,139,91,15,3,3626,1830,0.05457200584128508,75,47,47282,48591,2487,1266,0,0,0,0,0,0,94870,0,0,94,3,0,0,0,0,0,0,5011,0,0,0,0,0,0
311,5305,312.0826545852218,99978,148,91,15,3,3650,1842,0.054932085058712915,76,42,47266,48591,2493,1271,0,0,0,0,0,0,94844,0,0,95,3,0,0,0,0,0,0,5036,0,0,0,0,0,0
312,5305,313.1246507438129,99978,139,85,15,3,3671,1850,0.05522214887275201,77,53,47253,48575,2514,1282,0,0,0,0,0,0,94802,0,0,97,3,0,0,0,0,0,0,5076,0,0,0,0,0,0
313,5305,314.16704935938,99977,133,78,15,4,3697,1861,0.055592786340858395,76,54,47241,48570,2533,1292,0,0,0,0,0,0,94754,0,0,99,3,0,0,0,0,0,0,5121,0,0,0,0,0,0
314,5305,315.2098516504979,99977,129,83,15,4,3720,1878,0.05599287836202327,84,49,47218,48561,2552,1301,0,0,0,0,0,0,94715,0,0,99,3,0,0,0,0,0,0,5160,0,0,0,0,0,0
315,5305,316.2530639838747,99977,137,88,15,4,3746,1892,0.056392970383188135,89,49,47194,48552,2563,1305,0,0,0,0,0,0,94688,0,0,99,3,0,0,0,0,0,0,5187,0,0,0,0,0,0
316,5305,317.2966053425387,99976,129,82,15,5,3765,1903,0.05669360646555173,100,52,47177,48541,2577,1318,0,0,0,0,0,0,94645,0,0,100,3,0,0,0,0,0,0,5228,0,0,0,0,0,0
317,5305,318.34053194949166,99975,135,88,16,5,3791,1919,0.057114278569642414,95,50,47164,48533,2588,1322,0,0,0,0,0,0,94616,0,0,101,3,0,0,0,0,0,0,5255,0,0,0,0,0,0
318,5305,319.0366051695277,99975,140,87,16,5,3807,1927,0.05735433858464616,96,47,47157,48529,2589,1330,0,0,0,0,0,0,94596,0,0,101,3,0,0,0,0,0,0,5275,0,0,0,0,0,0
319,5305,320.080883340832,99975,141,76,16,5,3834,1935,0.05770442610652663,90,48,47145,48524,2605,1344,1,1,1,1,0,0,94552,0,0,103,3,0,0,0,0,0,1,5315,1,0,0,0,0,0
320,5305,321.09030902331216,99975,151,75,16,5,3856,1941,0.05798449612403101,85,49,47136,48519,2608,1348,2,2,2,2,0,0,94531,0,0,103,3,0,0,0,0,0,3,5334,1,0,0,0,0,0
321,5305,322.2554310072851,99975,156,77,16,5,3885,1956,0.05842460615153788,88,49,47113,48509,2622,1355,3,3,3,3,0,0,94494,0,0,105,3,0,0,0,0,0,5,5367,1,0,0,0,0,0
322,5305,323.21487497279935,99974,160,78,17,5,3906,1964,0.05871526596915198,88,56,47101,48496,2628,1359,4,4,4,4,0,0,94468,0,0,105,3,0,0,0,0,0,7,5390,1,0,0,0,0,0
323,5305,324.02772595679204,99974,157,77,17,5,3920,1974,0.0589553283853802,88,56,47095,48490,2636,1365,5,5,5,5,0,0,94439,0,0,106,3,0,0,0,0,0,9,5416,1,0,0,0,0,0
324,5305,325.0581369373283,99973,166,71,18,5,3946,1984,0.059316015324137515,88,55,47078,48484,2642,1377,6,6,6,6,0,0,94406,0,0,108,3,0,0,0,0,0,11,5444,1,0,0,0,0,0
325,5305,326.0925571723874,99973,172,74,18,5,3978,1997,0.059766136856951375,78,51,47069,48479,2655,1383,6,6,7,7,0,0,94369,0,0,109,3,0,0,0,0,0,13,5478,1,0,0,0,0,0
326,5305,327.01724391430423,99973,171,70,18,5,3999,2007,0.06007622057955648,83,53,47058,48470,2661,1393,7,7,8,8,0,0,94332,0,0,110,3,0,0,0,0,0,15,5512,1,0,0,0,0,0
327,5305,328.11855307204985,99973,169,68,18,5,4027,2019,0.06047632860872436,82,57,47039,48459,2682,1401,8,8,9,9,0,0,94287,0,0,111,3,0,0,0,0,0,17,5554,1,0,0,0,0,0
328,5305,329.0318009026924,99973,164,76,18,5,4043,2033,0.06077640963060026,83,48,47030,48455,2694,1405,9,9,10,10,0,0,94260,0,0,111,4,0,0,0,0,0,19,5578,1,0,0,0,0,0
329,5305,330.03469509690694,99971,155,75,20,5,4061,2043,0.061057706734953136,82,50,47020,48445,2711,1413,10,10,11,11,0,0,94222,0,0,112,4,0,0,0,0,0,20,5611,2,0,0,0,0,0
330,5305,331.00733549235616,99971,159,82,20,5,4085,2056,0.06142781406607916,84,48,47004,48437,2720,1415,11,11,12,12,0,0,94196,0,0,114,4,0,0,0,0,0,22,5633,2,0,0,0,0,0
331,5305,332.0171941686475,99971,157,81,20,5,4107,2064,0.061727901091316484,91,49,46988,48433,2730,1418,12,12,13,13,0,0,94162,0,0,114,4,0,0,0,0,0,23,5665,3,0,0,0,0,0
332,5305,333.10788269682513,99971,162,84,20,5,4134,2080,0.06215802582748997,97,56,46968,48416,2738,1424,13,13,14,14,0,0,94128,0,0,116,4,0,0,0,0,0,24,5695,4,0,0,0,0,0
333,5305,334.0019582283557,99971,154,82,20,5,4151,2093,0.06245811285272729,107,54,46946,48407,2757,1436,14,14,15,15,0,0,94086,0,0,116,4,0,0,0,0,0,26,5735,4,0,0,0,0,0
334,5305,335.029797158379,99971,165,80,20,5,4187,2101,0.06289824048974202,101,59,46925,48396,2772,1443,15,15,16,16,0,0,94050,0,0,117,4,0,0,0,0,0,28,5768,4,0,0,0,0,0
335,5305,336.0094793428962,99970,161,84,21,5,4214,2115,0.06330899269780935,106,54,46902,48394,2793,1446,15,15,17,17,0,0,94008,0,0,118,4,0,0,0,0,0,30,5806,4,0,0,0,0,0
336,5305,337.01222191905924,99970,168,79,21,5,4242,2125,0.0636891067320196,106,55,46884,48390,2803,1453,16,16,18,18,0,0,93971,0,0,119,4,0,0,0,0,0,32,5840,4,0,0,0,0,0
337,5305,338.04219267075524,99970,171,85,21,5,4272,2140,0.06413924177253176,99,54,46871,48381,2819,1456,17,17,19,19,0,0,93934,0,0,120,4,0,0,0,0,0,34,5874,4,0,0,0,0,0
338,5305,339.02300108263796,99969,160,84,21,6,4294,2153,0.06448999189748822,105,54,46855,48372,2839,1464,18,18,20,20,0,0,93886,0,0,121,4,0,0,0,0,0,36,5918,4,0,0,0,0,0
339,5305,340.02133187395975,99969,161,84,21,6,4317,2167,0.06486010663305625,106,53,46841,48364,2850,1472,19,19,21,21,0,0,93850,0,0,123,4,0,0,0,0,0,38,5950,4,0,0,0,0,0
340,5305,341.0258036135815,99969,160,82,21,6,4339,2176,0.06517020276285648,108,58,46832,48354,2858,1479,19,19,22,22,0,0,93815,0,0,124,4,0,0,0,0,0,40,5982,4,0,0,0,0,0
341,5305,342.0003748211741,99969,175,78,21,6,4368,2191,0.06561033920515359,97,58,46824,48343,2861,1493,20,20,23,23,0,0,93784,0,0,127,4,0,0,0,0,0,41,6008,5,0,0,0,0,0
342,5305,343.06665750738114,99969,179,82,21,6,4402,2209,0.0661305004551411,91,54,46811,48336,2876,1500,20,20,24,24,0,0,93741,0,0,130,4,0,0,0,0,0,43,6046,5,0,0,0,0,0
343,5305,344.00259049536646,99969,177,89,21,6,4415,2219,0.06636057177725095,99,52,46793,48329,2887,1501,21,21,25,25,0,0,93722,0,0,131,4,0,0,0,0,0,45,6062,5,0,0,0,0,0
344,5305,345.0627033596458,99969,192,94,21,6,4458,2237,0.06697076093589012,97,54,46766,48317,2899,1506,23,21,26,27,0,0,93678,0,0,131,4,0,0,0,0,0,48,6103,5,0,0,0,0,0
345,5305,346.29013626719467,99968,185,93,22,6,4488,2256,0.06746158770806658,112,55,46726,48305,2928,1516,25,23,28,29,0,0,93621,0,0,134,4,0,0,0,0,0,51,6152,6,0,0,0,0,0
346,5305,347.3432142060433,99967,190,93,23,6,4518,2275,0.06795242430001901,111,51,46706,48292,2941,1532,27,24,30,31,0,0,93576,0,0,137,4,0,0,0,0,0,55,6189,6,0,0,0,0,0
347,5305,348.04549576151436,99967,191,96,23,6,4536,2286,0.06824252003161044,114,50,46691,48283,2950,1537,29,26,32,33,0,0,93551,0,0,141,4,0,0,0,0,0,59,6206,6,0,0,0,0,0
348,5305,349.0992914611047,99967,193,97,23,6,4567,2296,0.06865265537627417,113,53,46676,48274,2963,1540,30,28,34,35,0,0,93511,0,0,143,4,0,0,0,0,0,63,6240,6,0,0,0,0,0
349,5305,350.1534498670582,99967,181,94,23,6,4592,2307,0.06901277421549111,117,63,46651,48255,2993,1549,33,31,37,38,0,0,93456,0,0,143,4,0,0,0,0,0,67,6289,8,0,0,0,0,0
350,5305,351.20811996009684,99967,173,99,23,6,4613,2328,0.06943291286124421,123,61,46628,48236,3015,1562,36,34,40,41,0,0,93407,0,0,144,4,0,0,0,0,0,72,6331,9,0,0,0,0,0
351,5305,352.26338165204186,99966,171,110,24,6,4642,2348,0.06992377408318828,125,57,46611,48222,3028,1566,39,37,43,44,0,0,93362,0,0,145,4,0,0,0,0,0,78,6368,9,0,0,0,0,0
352,5305,353.31899825897034,99966,178,104,24,6,4672,2358,0.07032391012944401,123,67,46596,48206,3034,1574,43,41,47,48,0,0,93315,0,0,145,4,0,0,0,0,0,86,6407,9,0,0,0,0,0
353,5305,354.02286510394845,99966,188,101,24,6,4695,2369,0.07066402576876138,123,73,46581,48190,3035,1583,47,45,51,52,0,0,93284,0,0,149,4,0,0,0,0,0,94,6426,9,0,0,0,0,0
354,5305,355.0789460428482,99966,196,108,24,6,4730,2392,0.07124422303583218,113,65,46569,48177,3044,1593,52,49,56,57,0,0,93234,0,0,152,4,0,0,0,0,0,104,6463,9,0,0,0,0,0
355,5305,356.13530042679406,99966,196,105,24,6,4761,2410,0.07173438969249545,115,59,46541,48165,3065,1610,57,53,61,62,0,0,93175,0,0,153,4,0,0,0,0,0,112,6511,11,0,0,0,0,0
356,5305,357.1922720768972,99966,200,107,24,6,4792,2424,0.07218454274453315,118,64,46516,48150,3078,1612,62,59,67,67,0,0,93130,0,0,155,4,0,0,0,0,0,120,6543,14,0,0,0,0,0
357,5305,358.2497377769147,99966,212,105,24,6,4831,2442,0.07275473661044755,124,64,46470,48133,3100,1625,68,65,73,73,0,0,93073,0,0,156,4,0,0,0,0,0,131,6587,15,0,0,0,0,0
358,5305,359.3079937965738,99966,209,109,24,6,4863,2459,0.07324490326711082,127,66,46441,48114,3124,1631,73,72,80,80,0,0,93013,0,0,157,4,0,0,0,0,0,144,6632,16,0,0,0,0,0
359,5305,360.0138919470362,99966,211,112,24,6,4885,2473,0.07360502570874097,126,71,46421,48092,3136,1637,80,80,88,87,0,0,92969,0,0,157,4,0,0,0,0,0,157,6661,18,0,0,0,0,0
360,5305,361.0732633655591,99964,220,111,25,7,4924,2488,0.07414669280941139,123,69,46390,48078,3152,1645,88,88,97,95,0,0,92906,0,0,157,4,0,0,0,0,0,174,6705,18,0,0,0,0,0
361,5305,362.13320822062997,99963,214,102,26,7,4951,2500,0.07453757890419455,121,75,46371,48056,3169,1660,97,98,107,104,0,0,92835,0,0,159,4,0,0,0,0,0,193,6754,18,0,0,0,0,0
362,5305,363.1936724176463,99963,210,115,26,7,4981,2523,0.0750677750767784,122,82,46349,48021,3186,1664,105,109,118,113,0,0,92776,0,0,162,4,0,0,0,0,0,211,6790,20,0,0,0,0,0
363,5305,364.2546164989589,99963,214,124,26,7,5010,2551,0.07563798605484029,130,70,46312,48000,3201,1676,115,121,130,123,0,0,92712,0,0,163,4,0,0,0,0,0,232,6831,21,0,0,0,0,0
364,5305,365.3162802866558,99963,205,122,26,7,5043,2570,0.07615817852605464,128,69,46280,47983,3233,1684,126,133,143,134,0,0,92630,0,0,167,4,0,0,0,0,0,255,6885,22,0,0,0,0,0
365,5305,366.02452742557745,99963,206,116,26,7,5060,2580,0.07642827846303132,132,68,46255,47966,3241,1695,138,146,157,146,0,0,92575,0,0,168,4,0,0,0,0,0,279,6913,24,0,0,0,0,0
366,5305,367.08751713091044,99963,206,121,26,7,5089,2601,0.07692846353150666,132,64,46225,47941,3259,1704,150,161,172,159,0,0,92508,0,0,171,4,0,0,0,0,0,304,6949,27,0,0,0,0,0
367,5305,368.1512773232016,99963,221,115,26,7,5134,2618,0.07754869301641608,119,65,46192,47912,3276,1722,164,177,189,173,0,0,92432,0,0,173,5,0,0,0,0,0,330,6992,31,0,0,0,0,0
368,5305,369.2157489940106,99963,220,110,26,7,5161,2637,0.07800886327941338,122,65,46162,47884,3292,1738,176,194,207,188,0,0,92352,0,0,177,5,0,0,0,0,0,362,7035,32,0,0,0,0,0
369,5305,370.2809314313868,99963,223,106,26,7,5198,2652,0.07852905575062773,115,60,46123,47857,3318,1754,193,214,227,205,0,0,92268,0,0,179,5,0,0,0,0,0,395,7080,36,0,0,0,0,0
370,5305,371.3470827073633,99963,210,108,26,7,5230,2669,0.07901923711773357,110,63,46091,47822,3352,1762,209,236,249,223,0,0,92172,0,0,183,5,0,0,0,0,0,435,7132,36,0,0,0,0,0
371,5305,372.0583501377636,99963,206,114,26,7,5249,2680,0.07931934815881876,111,61,46065,47794,3363,1762,227,260,273,242,0,0,92104,0,0,183,5,0,0,0,0,0,475,7157,39,0,0,0,0,0
372,5305,373.1260412738621,99963,208,120,26,7,5283,2698,0.07983954063003311,105,64,46032,47755,3379,1768,248,284,299,263,0,0,92018,0,0,183,5,0,0,0,0,0,517,7196,44,0,0,0,0,0
373,5305,374.194532323334,99963,196,123,26,7,5306,2721,0.08029971089303042,119,58,45986,47721,3401,1778,270,311,327,285,0,0,91919,0,0,185,5,0,0,0,0,0,563,7243,48,0,0,0,0,0
374,5305,375.2640140575177,99963,202,125,26,7,5339,2744,0.0808599181697228,117,55,45950,47679,3409,1792,294,340,357,309,0,0,91821,0,0,186,5,0,0,0,0,0,614,7286,51,0,0,0,0,0
375,5305,376.33439334317734,99963,209,119,26,7,5382,2760,0.08145013655052369,113,53,45900,47641,3432,1807,318,371,390,334,0,0,91708,0,0,187,5,0,0,0,0,0,670,7340,53,0,0,0,0,0
376,5305,377.04853256478424,99963,213,117,26,7,5402,2772,0.08177025499434791,113,50,45863,47602,3439,1816,344,406,425,361,0,0,91621,0,0,188,6,0,0,0,0,0,729,7364,55,0,0,0,0,0
377,5305,378.12080080426045,99963,202,118,26,7,5422,2791,0.08216039934775866,120,49,45825,47558,3454,1823,371,443,463,390,0,0,91509,0,0,190,6,0,0,0,0,0,794,7407,57,0,0,0,0,0
378,5305,379.1940035943627,99963,197,116,26,7,5453,2804,0.08260056220801697,120,57,45781,47497,3472,1838,402,483,504,421,0,0,91398,0,0,196,6,0,0,0,0,0,860,7440,63,0,0,0,0,0
379,5305,380.26826309872064,99963,198,108,26,7,5484,2813,0.08300071026279723,119,65,45744,47446,3479,1847,432,525,548,454,0,0,91288,0,0,200,6,0,0,0,0,0,927,7469,73,0,0,0,0,0
380,5305,381.3434065605474,99963,204,111,26,7,5523,2835,0.08361093604633714,111,59,45699,47400,3493,1849,465,572,595,489,0,0,91167,0,0,202,6,0,0,0,0,0,998,7506,84,0,0,0,0,0
381,5305,382.06078508403516,99963,203,106,26,7,5542,2845,0.08390104338605284,126,57,45646,47349,3496,1857,501,622,646,526,0,0,91053,0,0,202,6,0,0,0,0,0,1077,7532,93,0,0,0,0,0
382,5305,383.13807962772535,99963,219,108,26,7,5582,2857,0.08442123585726719,118,67,45583,47282,3512,1861,540,673,700,566,0,0,90931,0,0,203,6,0,0,0,0,0,1166,7559,98,0,0,0,0,0
383,5305,384.2167084149494,99963,220,118,26,7,5610,2878,0.08491141722437302,133,60,45515,47221,3524,1862,580,730,758,608,0,0,90802,0,0,203,7,0,0,0,0,0,1258,7588,105,0,0,0,0,0
384,5305,385.2967661245603,99963,218,110,26,7,5642,2893,0.08538159118873984,132,63,45460,47150,3543,1876,619,792,820,653,0,0,90646,0,0,203,8,0,0,0,0,0,1358,7637,111,0,0,0,0,0
385,5305,386.0175131500871,99962,219,112,27,7,5667,2902,0.08572257457833977,132,59,45402,47088,3554,1875,664,857,886,700,0,0,90514,0,0,204,8,0,0,0,0,0,1460,7654,122,0,0,0,0,0
386,5305,387.10026823228765,99962,223,109,27,7,5703,2914,0.08620275704767812,127,65,45338,47008,3570,1884,713,925,957,750,0,0,90356,0,0,209,8,0,0,0,0,0,1576,7686,127,0,0,0,0,0
387,5305,388.18455327240616,99962,230,116,27,7,5744,2933,0.08680298513435106,123,67,45271,46924,3586,1888,761,996,1032,803,0,0,90202,0,0,211,8,0,0,0,0,0,1686,7710,145,0,0,0,0,0
388,5305,389.27033981182,99962,234,115,27,7,5782,2951,0.0873631980152458,119,70,45207,46841,3598,1894,813,1071,1112,859,0,0,90024,0,0,212,8,0,0,0,0,0,1812,7751,155,0,0,0,0,0
389,5305,390.3576561482065,99962,230,112,27,7,5817,2968,0.08788339569036234,114,71,45134,46748,3626,1906,867,1154,1197,918,0,0,89833,0,0,217,8,0,0,0,0,0,1949,7793,162,0,0,0,0,0
390,5305,391.08350007994574,99960,229,111,28,8,5838,2983,0.0882452981192477,113,69,45070,46655,3631,1915,927,1240,1287,980,0,0,89656,0,0,219,8,0,0,0,0,0,2090,7814,173,0,0,0,0,0
391,5305,392.1741951678563,99960,222,107,28,8,5867,3001,0.08871548619447779,125,63,44983,46572,3650,1928,990,1320,1382,1045,0,0,89456,0,0,221,9,0,0,0,0,0,2235,7852,187,0,0,0,0,0
392,5305,393.26693022559516,99960,229,112,28,8,5906,3023,0.08932573029211685,120,55,44909,46477,3659,1930,1053,1416,1483,1114,0,0,89260,0,0,224,9,0,0,0,0,0,2385,7875,207,0,0,0,0,0
393,5305,394.36151848422935,99959,230,113,29,8,5945,3041,0.08989685771166178,123,59,44813,46361,3681,1937,1122,1520,1590,1186,0,0,89041,0,0,224,10,0,0,0,0,0,2550,7915,219,0,0,0,0,0
394,5305,395.0924366910636,99959,232,103,29,8,5965,3050,0.09018697666043078,127,66,44727,46244,3687,1947,1196,1630,1703,1262,0,0,88827,0,0,225,10,0,0,0,0,0,2728,7939,230,0,0,0,0,0
395,5305,396.19123375402694,99959,233,97,29,8,5996,3068,0.09067717764283356,135,61,44639,46133,3691,1956,1271,1743,1822,1341,0,0,88587,0,0,228,10,0,0,0,0,0,2917,7978,239,0,0,0,0,0
396,5305,397.2921883146155,99958,225,93,30,8,6036,3084,0.09123832009443966,136,58,44541,46015,3714,1960,1352,1864,1948,1424,0,0,88334,0,0,229,14,0,0,0,0,0,3107,8020,254,0,0,0,0,0
397,5305,398.02753648008263,99958,223,92,30,8,6056,3093,0.09152844194561716,134,61,44454,45882,3721,1964,1436,1991,2080,1511,0,0,88096,0,0,229,14,0,0,0,0,0,3313,8039,267,0,0,0,0,0
398,5305,399.13309426797167,99958,225,93,30,8,6088,3107,0.09198863522679525,133,66,44363,45748,3723,1960,1524,2123,2219,1602,0,0,87848,0,0,230,15,0,0,0,0,0,3520,8056,289,0,0,0,0,0
399,5305,400.240971088131,99958,238,94,30,8,6132,3123,0.09258888733267973,120,72,44256,45596,3739,1963,1615,2265,2365,1697,0,0,87580,0,0,231,15,0,0,0,0,0,3743,8082,307,0,0,0,0,0
400,5305,401.35136695860723,99958,235,101,30,8,6165,3144,0.09312911422797575,122,72,44151,45448,3752,1961,1708,2408,2519,1796,0,0,87308,0,0,236,15,0,0,0,0,0,3970,8096,333,0,0,0,0,0
401,5305,402.0930925487179,99958,230,106,30,8,6187,3159,0.09349926969327117,123,65,44048,45301,3760,1957,1807,2561,2680,1900,0,0,87035,0,0,238,15,0,0,0,0,0,4208,8102,360,0,0,0,0,0
402,5305,403.208696720759,99958,225,109,30,8,6218,3178,0.09399947978150823,123,71,43940,45136,3772,1961,1908,2713,2849,2008,0,0,86726,0,0,241,15,0,0,0,0,0,4468,8131,377,0,0,0,0,0
403,5305,404.32701739152634,99958,228,97,30,8,6250,3197,0.09450969407151004,143,71,43803,44971,3777,1973,2017,2878,3026,2120,0,0,86406,0,0,243,15,0,0,0,0,0,4730,8160,404,0,0,0,0,0
404,5305,405.0743894115177,99958,232,109,30,8,6278,3217,0.09498989575621761,142,69,43681,44795,3783,1965,2130,3052,3211,2237,0,0,86102,0,0,245,15,0,0,0,0,0,5004,8160,432,0,0,0,0,0
405,5305,406.1990670468464,99958,241,97,30,8,6321,3227,0.09552011844974889,141,71,43556,44618,3786,1974,2244,3230,3404,2359,0,0,85763,0,0,248,15,0,0,0,0,0,5290,8181,461,0,0,0,0,0
406,5305,407.32697150747674,99958,232,100,30,8,6358,3249,0.09611036635386863,137,66,43427,44431,3812,1978,2360,3415,3606,2485,0,0,85398,0,0,252,17,0,0,0,0,0,5596,8214,481,0,0,0,0,0
407,5305,408.08076702076795,99958,233,92,30,8,6382,3257,0.09643050081034034,142,67,43292,44244,3812,1970,2489,3617,3817,2616,0,0,85054,0,0,254,18,0,0,0,0,0,5904,8214,514,0,0,0,0,0
408,5305,409.2156339920285,99958,229,90,30,8,6415,3275,0.09694071510034215,146,68,43144,44029,3829,1981,2620,3822,4036,2752,0,0,84671,0,0,259,18,0,0,0,0,0,6235,8237,538,0,0,0,0,0
409,5305,410.3543589842284,99958,235,98,30,8,6461,3296,0.0976109966185798,126,65,43010,43809,3847,1980,2750,4038,4264,2893,0,0,84284,0,0,262,18,0,0,0,0,0,6572,8252,570,0,0,0,0,0
410,5305,411.115526795176,99958,229,102,30,8,6485,3310,0.09799115628563997,131,56,42866,43587,3850,1976,2892,4269,4501,3039,0,0,83897,0,0,264,20,0,0,0,0,0,6923,8254,600,0,0,0,0,0
411,5305,412.2616766061293,99958,234,105,30,8,6525,3323,0.09852137897917125,129,60,42718,43360,3850,1965,3037,4500,4747,3190,0,0,83501,0,0,264,22,0,0,0,0,0,7276,8253,642,0,0,0,0,0
412,5305,413.0279532859947,99958,233,102,30,8,6544,3330,0.09878148822505452,145,58,42570,43125,3837,1960,3183,4745,5003,3346,0,0,83099,0,0,264,23,0,0,0,0,0,7649,8243,680,0,0,0,0,0
413,5305,414.1818942293542,99958,245,101,30,8,6594,3346,0.09944176554152744,134,58,42411,42877,3844,1965,3334,4989,5268,3507,0,0,82666,0,0,268,23,0,0,0,0,0,8031,8246,724,0,0,0,0,0
414,5305,415.3399822998904,99958,252,97,30,8,6636,3359,0.09999199663858821,134,60,42252,42620,3846,1963,3484,5250,5542,3673,0,0,82214,0,0,271,23,0,0,0,0,0,8434,8255,761,0,0,0,0,0
415,5305,416.1144039830917,99958,246,91,30,8,6659,3368,0.10031213109505993,130,58,42095,42360,3849,1963,3648,5518,5826,3845,0,0,81761,0,0,271,24,0,0,0,0,0,8844,8252,806,0,0,0,0,0
416,5305,417.2811835157743,99958,240,94,30,8,6697,3385,0.10086236219212069,138,71,41922,42080,3860,1958,3808,5787,6119,4022,0,0,81280,0,0,275,25,0,0,0,0,0,9272,8259,847,0,0,0,0,0
417,5305,418.06163870761725,99958,230,105,30,8,6719,3400,0.10123251765741612,131,64,41756,41806,3867,1948,3984,6067,6422,4204,0,0,80798,0,0,273,28,0,0,0,0,0,9719,8258,882,0,0,0,0,0
418,5305,419.237828785429,99958,232,111,30,8,6752,3423,0.10179275295624163,129,52,41592,41525,3865,1941,4150,6361,6734,4391,0,0,80295,0,0,273,29,0,0,0,0,0,10175,8262,924,0,0,0,0,0
419,5305,420.0246208871106,99957,244,115,30,9,6786,3437,0.1022739778104585,147,80,41389,41201,3855,1929,4333,6664,7056,4584,0,0,79795,16,2,271,32,0,0,0,0,0,10644,8232,965,0,0,0,0,0
420,5305,421.3187509886266,99957,254,123,30,9,6841,3464,0.10309433056214172,176,90,41171,40882,3866,1929,4501,6965,7387,4782,0,0,79256,72,3,276,34,0,0,0,0,0,11126,8181,1009,0,0,0,0,0
421,5305,422.2935890101349,99957,268,129,30,9,6896,3479,0.1037946316916274,188,108,40954,40553,3872,1916,4686,7283,7727,4985,0,0,78715,114,4,282,35,0,0,0,0,0,11624,8131,1052,0,0,0,0,0
422,5305,423.27320216616266,99957,277,138,30,9,6942,3504,0.10450493712296287,211,113,40734,40230,3876,1903,4870,7605,8077,5193,0,0,78169,161,9,280,38,0,0,0,0,0,12118,8074,1108,0,0,0,0,0
423,5305,424.2575758421034,99956,304,148,30,10,6999,3535,0.10538637000280124,230,131,40501,39874,3868,1901,5065,7934,8436,5406,0,0,77589,207,10,279,42,0,0,0,0,0,12650,8036,1143,0,0,0,0,0
424,5305,425.24688858007636,99955,303,163,30,11,7059,3575,0.10638787454354459,237,138,40269,39516,3896,1889,5263,8281,8804,5625,0,0,76990,279,18,282,44,0,0,0,0,0,13168,7972,1202,0,0,0,0,0
425,5305,426.2416691980475,99955,321,177,30,11,7122,3609,0.10735831124005803,248,152,40030,39155,3908,1883,5461,8620,9180,5849,0,0,76378,334,25,282,45,1,0,0,0,0,13718,7929,1243,0,0,0,0,0
426,5305,427.24198137564815,99955,318,200,30,11,7181,3652,0.10837877044670101,269,154,39794,38801,3928,1865,5659,8967,9565,6078,0,0,75759,397,37,286,48,1,0,0,0,0,14262,7867,1298,0,0,0,0,0
427,5305,428.247906901803,99955,341,219,30,11,7251,3700,0.10955930168575859,293,156,39536,38424,3930,1870,5868,9318,9958,6312,0,0,75136,453,49,291,51,1,0,0,0,0,14817,7802,1355,0,0,0,0,0
428,5305,429.25957920797094,99955,355,226,30,11,7314,3739,0.11057976089240158,322,161,39274,38039,3940,1879,6077,9682,10360,6550,0,0,74477,522,57,294,52,1,0,0,0,0,15399,7749,1404,0,0,0,0,0
429,5305,430.2774305797087,99955,386,240,30,11,7389,3778,0.11172027412335551,359,178,39001,37648,3934,1867,6288,10054,10770,6793,0,0,73842,574,69,296,54,1,0,0,0,0,15970,7676,1473,0,0,0,0,0
430,5305,431.3016060045242,99955,449,248,30,11,7503,3825,0.11333099894952729,369,181,38703,37241,3945,1879,6502,10438,11187,7041,0,0,73154,646,82,298,57,1,0,0,0,0,16573,7625,1519,0,0,0,0,0
431,5305,432.3326630391289,99953,477,275,32,11,7608,3887,0.11500405190439507,379,195,38419,36829,3974,1876,6717,10812,11612,7293,0,0,72458,731,93,308,60,1,0,0,0,0,17170,7547,1585,0,0,0,0,0
432,5305,433.0238074193929,99953,505,290,32,11,7677,3924,0.11606455033865917,387,220,38154,36413,3967,1866,6953,11198,12044,7550,0,0,71787,776,105,310,64,1,0,0,0,0,17784,7482,1644,0,0,0,0,0
433,5305,434.0682099563044,99953,535,314,32,11,7777,3990,0.1177253309055256,425,246,37838,35971,3999,1876,7169,11580,12482,7811,0,0,71044,866,119,317,65,1,0,0,0,0,18423,7429,1689,0,0,0,0,0
434,5305,435.12033477888775,99953,573,326,32,11,7894,4045,0.11944613968565225,466,252,37511,35525,4018,1898,7398,11986,12927,8076,0,0,70306,962,135,322,69,1,0,0,0,0,19048,7356,1754,0,0,0,0,0
435,5305,436.1806301271452,99953,640,329,32,11,8041,4095,0.12141706602102989,461,278,37188,35096,4063,1910,7614,12374,13378,8345,0,0,69549,1053,159,326,76,1,0,0,0,0,19690,7297,1802,0,0,0,0,0
436,5305,437.2489853195225,99952,679,352,32,12,8168,4175,0.12348927485192893,512,280,36840,34652,4098,1929,7837,12773,13835,8618,0,0,68786,1157,184,337,79,1,0,0,0,0,20322,7214,1872,0,0,0,0,0
437,5305,438.3262457130705,99952,697,361,32,12,8292,4257,0.12555026412678086,553,300,36511,34195,4147,1965,8058,13165,14297,8895,0,0,67968,1289,217,343,86,1,0,0,0,0,20974,7155,1919,0,0,0,0,0
438,5305,439.04939978567353,99952,726,366,32,12,8398,4309,0.12713102289098768,561,314,36205,33733,4182,1992,8292,13581,14764,9175,0,0,67194,1368,250,351,89,1,0,0,0,0,21635,7095,1969,0,0,0,0,0
439,5305,440.1441532672886,99952,772,386,32,12,8547,4388,0.12941211781655196,603,311,35844,33299,4229,2009,8518,13981,15235,9459,0,0,66409,1474,289,362,93,1,0,0,0,0,22274,7007,2043,0,0,0,0,0
440,5305,441.24877693561604,99951,825,398,33,12,8731,4466,0.13203469700153075,616,316,35475,32836,4305,2044,8744,14392,15710,9746,0,0,65572,1601,342,370,100,1,0,0,0,0,22930,6945,2090,0,0,0,0,0
441,5305,442.3638925894644,99950,852,414,34,12,8910,4558,0.13474737368684342,634,313,35120,32379,4385,2085,8973,14795,16189,10036,0,0,64720,1752,397,381,108,1,0,0,0,0,23574,6864,2153,0,0,0,0,0
442,5305,443.1132134253827,99949,860,440,35,12,9014,4624,0.1364495892905382,681,319,34758,31927,4439,2093,9225,15207,16671,10329,0,0,63925,1845,426,384,116,1,0,0,0,0,24244,6788,2220,0,0,0,0,0
443,5305,444.24951673020263,99947,913,472,37,12,9240,4724,0.1397140484456762,671,311,34390,31473,4543,2122,9444,15608,17156,10624,0,0,63053,1995,484,395,131,1,0,0,0,0,24902,6716,2270,0,0,0,0,0
444,5305,445.01345842314583,99945,942,470,39,12,9377,4780,0.14164790634849167,697,327,34041,31013,4586,2142,9693,16034,17643,10922,0,0,62234,2085,543,403,137,1,0,0,0,0,25570,6649,2323,0,0,0,0,0
445,5305,446.1723061870279,99945,995,505,39,12,9583,4886,0.14476962329281104,737,338,33644,30549,4670,2176,9913,16418,18132,11222,0,0,61390,2213,615,417,144,1,0,0,0,0,26212,6561,2392,0,0,0,0,0
446,5305,447.34313670430987,99944,1060,507,40,12,9836,4993,0.1483730889298007,723,350,33259,30082,4780,2232,10136,16815,18623,11524,0,0,60478,2409,679,437,151,2,0,0,0,0,26859,6465,2464,0,0,0,0,0
447,5305,448.13063434168055,99942,1083,503,42,12,9979,5054,0.15041724200036022,739,361,32907,29628,4838,2254,10389,17240,19115,11828,0,0,59629,2514,745,446,153,2,0,0,0,0,27534,6402,2517,0,0,0,0,0
448,5305,449.32647417445014,99942,1115,527,42,12,10195,5165,0.1536891397010266,772,396,32516,29158,4936,2284,10617,17621,19608,12134,0,0,58759,2675,816,467,165,2,0,0,0,0,28166,6291,2601,0,0,0,0,0
449,5305,450.13090506649354,99942,1164,552,42,12,10357,5245,0.15611054411558703,791,407,32168,28700,4979,2290,10854,18037,20101,12441,0,0,57962,2754,883,477,173,3,0,0,0,0,28815,6199,2676,0,0,0,0,0
450,5305,451.35179016552064,99942,1232,592,42,12,10626,5378,0.16013287706869986,832,409,31750,28246,5090,2322,11052,18417,20593,12750,0,0,57081,2921,966,506,184,3,0,0,0,0,29443,6082,2756,0,0,0,0,0
451,5305,452.1735679157911,99942,1266,598,42,12,10787,5461,0.1625742930899922,883,429,31391,27778,5128,2354,11288,18827,21085,13060,0,0,56259,3009,1052,523,192,3,0,0,0,0,30086,5997,2821,0,0,0,0,0
452,5305,453.00375958453276,99942,1301,606,42,12,10972,5546,0.1652758599987993,902,441,31016,27322,5225,2389,11512,19228,21576,13370,0,0,55388,3141,1127,528,205,3,0,0,0,0,30748,5930,2872,0,0,0,0,0
453,5305,454.2653109239,99941,1367,631,43,12,11259,5698,0.16967010536216368,923,456,30619,26868,5352,2458,11694,19573,22065,13681,0,0,54457,3316,1260,554,212,3,0,0,0,0,31365,5859,2915,0,0,0,0,0
454,5305,455.11477302008046,99941,1401,656,43,12,11458,5797,0.17265186460011406,962,476,30227,26432,5446,2461,11919,19961,22552,13993,0,0,53627,3429,1358,574,220,3,0,0,0,0,31984,5757,2989,0,0,0,0,0
455,5305,456.4064875754828,99941,1464,692,43,12,11783,5943,0.17736464514063296,1001,500,29785,25983,5615,2525,12090,20286,23037,14305,0,0,52708,3616,1491,592,242,3,0,0,0,0,32575,5670,3044,0,0,0,0,0
456,5305,457.2773033034752,99941,1487,734,43,12,12006,6057,0.18073663461442252,1007,529,29415,25510,5734,2551,12312,20662,23520,14617,0,0,51843,3750,1596,596,263,3,0,0,0,0,33195,5600,3095,0,0,0,0,0
457,5305,458.15829088834175,99938,1505,785,46,12,12218,6186,0.1841541755888651,1042,518,29032,25086,5853,2585,12520,21012,24000,14929,0,0,50987,3882,1701,609,275,3,0,0,0,0,33804,5517,3160,0,0,0,0,0
458,5305,459.05004521318875,99936,1554,801,47,13,12458,6307,0.18777017291066284,1062,513,28670,24656,5938,2639,12727,21376,24476,15240,0,0,50133,4006,1834,629,286,3,0,0,0,0,34394,5437,3214,0,0,0,0,0
459,5305,460.4064655603636,99935,1600,812,48,13,12783,6473,0.19268524540951618,1129,547,28240,24224,6096,2722,12885,21680,24949,15551,0,0,49220,4200,1997,670,303,3,0,0,0,0,34932,5329,3281,0,0,0,0,0
460,5305,461.3208130471753,99933,1626,828,50,13,13036,6590,0.1963915823601813,1175,579,27868,23812,6220,2743,13059,22023,25418,15861,0,0,48388,4333,2142,698,316,3,0,0,0,0,35478,5219,3356,0,0,0,0,0
461,5305,462.24692715466415,99933,1689,866,50,13,13305,6735,0.20053435801987332,1161,574,27499,23378,6335,2791,13264,22376,25883,16170,0,0,47550,4462,2284,716,329,4,0,0,0,0,36038,5134,3416,0,0,0,0,0
462,5305,463.18427511146496,99931,1757,861,51,14,13597,6873,0.20484134052496222,1153,580,27133,22961,6446,2885,13458,22697,26343,16478,0,0,46695,4626,2441,735,341,4,0,0,0,0,36560,5036,3493,0,0,0,0,0
463,5305,464.1334675803797,99930,1749,887,52,14,13841,7023,0.20878615030521364,1206,592,26739,22551,6607,2955,13645,22999,26799,16785,0,0,45817,4790,2588,761,363,6,0,0,0,0,37114,4960,3531,0,0,0,0,0
464,5305,465.0957241052332,99927,1799,884,55,14,14121,7147,0.2128353698199686,1234,627,26371,22143,6711,3016,13828,23314,27250,17090,0,0,44996,4930,2749,781,382,6,0,0,0,0,37618,4862,3603,0,0,0,0,0
465,5305,466.07090659110946,99925,1860,939,55,16,14454,7308,0.21778333750312734,1214,612,25988,21747,6877,3056,14004,23628,27695,17394,0,0,44164,5072,2930,804,396,6,0,0,0,0,38111,4776,3666,0,0,0,0,0
466,5305,467.05949369031805,99921,1926,963,57,18,14772,7464,0.22253580328459482,1178,620,25605,21356,7033,3126,14199,23915,28135,17696,0,0,43307,5231,3100,823,416,6,0,0,0,0,38625,4710,3703,0,0,0,0,0
467,5305,468.0621555589664,99919,1956,971,59,18,15085,7621,0.22724406769483282,1184,622,25219,20974,7213,3218,14367,24195,28569,17996,0,0,42445,5409,3287,848,438,7,0,0,0,0,39104,4635,3746,0,0,0,0,0
468,5305,469.07922774329626,99918,1933,1029,60,18,15378,7810,0.23207029764406814,1225,594,24833,20623,7407,3280,14540,24454,28998,18294,0,0,41615,5572,3500,872,467,7,0,0,0,0,39542,4548,3795,0,0,0,0,0
469,5305,470.1117577555823,99916,1964,1041,62,18,15697,7976,0.23692902037711677,1233,607,24481,20255,7579,3368,14679,24709,29421,18590,0,0,40787,5723,3713,895,496,9,0,0,0,0,39986,4481,3826,0,0,0,0,0
470,5305,471.15890290437824,99915,1961,1022,63,18,16017,8122,0.24159535605264476,1242,637,24127,19906,7767,3472,14838,24943,29838,18884,0,0,39938,5924,3935,919,521,11,0,0,0,0,40403,4390,3874,0,0,0,0,0
471,5305,472.2212018722241,99915,2001,1022,63,18,16361,8287,0.24668968623329832,1258,639,23754,19572,7949,3559,14973,25188,30248,19175,0,0,39111,6086,4152,941,558,11,0,0,0,0,40824,4328,3904,0,0,0,0,0
472,5305,473.2994332553032,99915,2002,1024,63,18,16684,8458,0.25163388880548465,1298,648,23396,19258,8136,3654,15103,25396,30652,19464,0,0,38287,6255,4381,971,584,14,0,0,0,0,41221,4258,3944,0,0,0,0,0
473,5305,474.3937031544798,99913,2008,1040,65,18,17031,8637,0.25690350605026374,1291,633,23066,18952,8338,3739,15230,25616,31050,19750,0,0,37462,6448,4590,992,629,17,0,0,0,0,41616,4182,3977,0,0,0,0,0
474,5305,475.50347024789306,99911,2073,1065,67,18,17403,8814,0.2624035391498434,1257,617,22742,18628,8507,3831,15352,25839,31441,20034,0,0,36692,6581,4824,1018,662,17,0,0,0,0,41992,4111,4014,0,0,0,0,0
475,5305,476.0626711833172,99909,2103,1076,69,18,17597,8913,0.2653414607292636,1246,585,22492,18328,8547,3852,15541,26139,31826,20315,0,0,36049,6618,5004,1018,685,17,0,0,0,0,42408,4047,4063,0,0,0,0,0
476,5305,477.2007125456883,99908,2161,1077,70,18,17983,9071,0.27078912599591626,1232,608,22163,18041,8729,3923,15643,26331,32204,20593,0,0,35281,6776,5240,1052,713,18,0,0,0,0,42754,3968,4106,0,0,0,0,0
477,5305,478.3550588896113,99905,2191,1076,73,18,18352,9259,0.2763725539262299,1248,639,21810,17745,8929,4030,15747,26490,32575,20868,0,0,34515,6933,5506,1077,749,21,0,0,0,0,43060,3902,4142,0,0,0,0,0
478,5305,479.5260774535199,99903,2152,1107,74,19,18693,9458,0.28178332982993504,1265,640,21502,17444,9164,4119,15841,26669,32940,21140,0,0,33764,7080,5767,1126,794,22,0,0,0,0,43361,3817,4172,0,0,0,0,0
479,5305,480.11692928663814,99902,2181,1109,75,19,18904,9561,0.2849292306460331,1235,621,21270,17172,9231,4145,16006,26932,33298,21409,0,0,33154,7116,5952,1128,830,24,0,0,0,0,43728,3763,4207,0,0,0,0,0
480,5305,481.3188989480234,99900,2217,1154,76,20,19297,9768,0.2909409409409409,1213,622,20993,16902,9427,4218,16072,27082,33649,21674,0,0,32412,7259,6207,1173,866,25,0,0,0,0,44036,3698,4224,0,0,0,0,0
481,5305,482.5365638564322,99900,2177,1150,76,20,19661,9950,0.2964064064064064,1265,614,20697,16666,9646,4318,16137,27230,33993,21936,0,0,31684,7409,6507,1207,915,29,0,0,0,0,44271,3630,4248,0,0,0,0,0
482,5305,483.1504061243824,99899,2156,1139,77,20,19839,10041,0.2991020931140452,1287,616,20472,16406,9711,4358,16295,27459,34331,22195,0,0,31102,7446,6690,1223,950,30,0,0,0,0,44609,3558,4291,0,0,0,0,0
483,5305,484.3986676011995,99898,2168,1140,78,20,20242,10253,0.30526136659392583,1261,598,20192,16202,9931,4482,16368,27556,34662,22450,0,0,30418,7571,7026,1266,990,36,0,0,0,0,44788,3485,4318,0,0,0,0,0
484,5305,485.0278788842536,99898,2139,1126,78,20,20433,10349,0.3081342969829226,1261,608,19990,15953,10023,4535,16507,27756,34986,22702,0,0,29829,7622,7223,1290,1019,37,0,0,0,0,45102,3423,4353,0,0,0,0,0
485,5305,486.30738748357743,99897,2176,1127,79,20,20848,10536,0.31416358849615106,1269,621,19721,15734,10215,4648,16538,27848,35303,22950,0,0,29181,7739,7525,1324,1074,40,0,0,0,0,45285,3350,4379,0,0,0,0,0
486,5305,487.6035634561064,99893,2173,1081,82,21,21243,10739,0.32016257395413095,1274,627,19457,15552,10422,4805,16590,27912,35614,23195,0,0,28486,7890,7864,1350,1129,49,0,0,0,0,45432,3309,4384,0,0,0,0,0
487,5305,488.2567527228312,99892,2167,1093,82,22,21460,10853,0.3234793577063228,1246,628,19262,15340,10530,4826,16711,28089,35918,23436,0,0,27941,7938,8072,1352,1169,51,0,0,0,0,45699,3258,4412,0,0,0,0,0
488,5305,489.58454929180493,99890,2146,1108,84,22,21866,11072,0.32974271698868757,1231,591,19023,15170,10780,4955,16734,28152,36216,23674,0,0,27292,8079,8380,1406,1228,55,0,0,0,0,45842,3172,4436,0,0,0,0,0
489,5305,490.25366272303984,99890,2125,1085,84,22,22066,11157,0.3325958554409851,1207,625,18853,14961,10878,5001,16851,28304,36507,23908,0,0,26777,8095,8617,1424,1256,57,0,0,0,0,46080,3126,4458,0,0,0,0,0
490,5305,491.6122146807664,99887,2122,1085,86,23,22451,11378,0.33867270015117085,1189,602,18618,14796,11088,5145,16895,28347,36792,24139,0,0,26137,8248,8932,1455,1310,61,0,0,0,0,46208,3061,4475,0,0,0,0,0
491,5305,492.2960554832124,99887,2162,1075,86,23,22678,11470,0.34186630892908987,1141,607,18438,14587,11138,5184,17033,28522,37071,24366,0,0,25663,8261,9135,1460,1351,63,0,0,0,0,46444,3010,4500,0,0,0,0,0
492,5305,493.685531909399,99887,2088,1076,86,23,23092,11694,0.34825352648492797,1148,595,18213,14464,11435,5326,17028,28514,37343,24589,0,0,25038,8416,9494,1487,1435,66,0,0,0,0,46486,2947,4518,0,0,0,0,0
493,5305,494.3852835920973,99887,2071,1080,86,23,23278,11801,0.35118684113047743,1126,576,18032,14304,11520,5346,17163,28669,37609,24809,0,0,24577,8417,9707,1503,1474,68,0,0,0,0,46701,2904,4536,0,0,0,0,0
494,5305,495.09266873154814,99887,2048,1072,86,23,23464,11905,0.3540901218376766,1138,564,17852,14150,11586,5384,17288,28805,37869,25025,0,0,24142,8419,9925,1509,1526,71,0,0,0,0,46886,2848,4561,0,0,0,0,0
495,5305,496.5297860525249,99883,2019,1068,90,23,23878,12119,0.36039165824014097,1072,536,17681,14060,11841,5511,17295,28800,38123,25238,0,0,23576,8530,10283,1546,1594,77,0,0,0,0,46912,2793,4572,0,0,0,0,0
496,5305,497.2534961783846,99882,1989,1065,91,23,24063,12227,0.36332872789892073,1051,537,17533,13901,11921,5548,17413,28924,38371,25447,0,0,23128,8561,10497,1550,1637,80,0,0,0,0,47088,2747,4594,0,0,0,0,0
497,5305,498.7202992298402,99881,1992,1044,92,23,24469,12410,0.3692293829657292,1001,512,17392,13840,12119,5679,17402,28900,38613,25652,0,0,22603,8639,10834,1589,1705,85,0,0,0,0,47128,2703,4595,0,0,0,0,0
498,5305,499.4581910852067,99881,1972,1034,92,23,24645,12510,0.3719926712788218,983,491,17270,13714,12166,5709,17515,29027,38850,25854,0,0,22219,8609,11072,1595,1753,86,0,0,0,0,47271,2663,4613,0,0,0,0,0
499,5305,500.20099553025943,99880,1969,1022,93,23,24819,12604,0.37467961553864637,985,482,17144,13598,12198,5748,17609,29125,39081,26052,0,0,21825,8611,11277,1591,1802,88,0,0,0,0,47434,2626,4626,0,0,0,0,0
500,5305,501.67406692012236,99878,1909,981,95,23,25181,12799,0.3802639219848215,945,461,16984,13526,12455,5894,17610,29113,39307,26247,0,0,21320,8695,11623,1645,1876,93,0,0,0,0,47427,2562,4637,0,0,0,0,0
501,5305,502.41317010983977,99877,1894,979,96,23,25350,12890,0.38287093124543187,919,448,16874,13402,12509,5939,17706,29207,39527,26438,0,0,20931,8691,11810,1655,1922,96,0,0,0,0,47601,2534,4637,0,0,0,0,0
502,5305,503.1488263590921,99875,1873,955,97,24,25514,12972,0.38534167709637046,924,452,16742,13320,12569,5968,17793,29279,39742,26626,0,0,20569,8666,12041,1667,1955,98,0,0,0,0,47723,2503,4653,0,0,0,0,0
503,5305,504.60957967613484,99874,1820,896,98,24,25851,13134,0.39034183070669043,887,449,16622,13294,12794,6090,17777,29245,39952,26811,0,0,20098,8728,12379,1720,2024,102,0,0,0,0,47717,2459,4647,0,0,0,0,0
504,5305,505.34284114651285,99874,1779,901,98,24,26021,13217,0.39287502252838574,861,418,16523,13232,12870,6088,17867,29335,40156,26992,0,0,19775,8687,12592,1734,2071,107,0,0,0,0,47825,2421,4662,0,0,0,0,0
505,5305,506.073210281901,99874,1731,881,98,24,26156,13284,0.3948975709393836,881,421,16430,13159,12919,6108,17939,29405,40355,27170,0,0,19441,8668,12795,1745,2113,107,0,0,0,0,47944,2384,4677,0,0,0,0,0
506,5305,507.5253044032485,99873,1690,870,99,24,26480,13447,0.3997777177014809,806,390,16367,13156,13103,6192,17933,29366,40550,27344,0,0,19017,8728,13081,1776,2189,110,0,0,0,0,47948,2341,4683,0,0,0,0,0
507,5305,508.25400269300593,99873,1668,868,99,24,26634,13535,0.40220079500966227,788,375,16275,13078,13161,6217,18007,29436,40740,27515,0,0,18686,8718,13278,1788,2220,114,0,0,0,0,48064,2309,4696,0,0,0,0,0
508,5305,509.7035771474826,99871,1604,804,101,24,26904,13666,0.40622402899740667,774,376,16185,13092,13334,6323,18000,29379,40925,27683,0,0,18300,8755,13580,1807,2300,119,0,0,0,0,48035,2280,4695,0,0,0,0,0
509,5305,510.43120188673595,99871,1565,784,101,24,27034,13733,0.4081965735799181,764,370,16111,13032,13382,6338,18075,29450,41105,27848,0,0,18018,8726,13792,1802,2342,123,0,0,0,0,48107,2250,4711,0,0,0,0,0
510,5305,511.1558891711684,99871,1539,751,101,24,27165,13788,0.4100589760791421,740,382,16038,12955,13415,6367,18165,29519,41281,28009,0,0,17752,8691,13989,1797,2393,126,0,0,0,0,48185,2214,4724,0,0,0,0,0
511,5305,512.5972189475933,99869,1486,738,103,24,27432,13925,0.41411248735843953,697,357,15977,12978,13585,6440,18150,29461,41452,28167,0,0,17394,8716,14247,1838,2453,133,0,0,0,0,48189,2175,4724,0,0,0,0,0
512,5305,513.3201865462383,99868,1448,724,104,24,27587,13987,0.41628950214282856,668,355,15907,12919,13667,6447,18204,29529,41619,28322,0,0,17104,8706,14422,1834,2510,137,0,0,0,0,48270,2157,4728,0,0,0,0,0
513,5305,514.0408151702286,99868,1404,719,104,24,27713,14059,0.4182721191973405,646,340,15853,12860,13716,6469,18275,29586,41782,28474,0,0,16839,8675,14608,1843,2541,146,0,0,0,0,48345,2130,4741,0,0,0,0,0
514,5305,515.4768224347232,99867,1357,687,105,24,27955,14182,0.4219311684540439,620,317,15810,12888,13839,6547,18267,29535,41941,28623,0,0,16516,8690,14896,1869,2591,150,0,0,0,0,48311,2101,4743,0,0,0,0,0
515,5305,516.1970576923751,99867,1308,682,105,24,28053,14244,0.4235332992880531,631,306,15747,12835,13878,6561,18329,29590,42096,28769,0,0,16272,8652,15058,1874,2629,156,0,0,0,0,48395,2078,4753,0,0,0,0,0
516,5305,517.6310814200216,99867,1245,650,105,24,28271,14356,0.42683769413319717,597,297,15731,12850,14006,6630,18314,29547,42247,28912,0,0,15966,8666,15311,1906,2674,166,0,0,0,0,48375,2042,4761,0,0,0,0,0
517,5305,518.3505059290715,99867,1200,645,105,24,28367,14416,0.4283997716963562,597,283,15694,12820,14027,6631,18375,29595,42394,29052,0,0,15747,8613,15488,1915,2707,169,0,0,0,0,48438,2016,4774,0,0,0,0,0
518,5305,519.0680398692128,99867,1189,622,105,24,28472,14476,0.4300519691189282,574,264,15669,12771,14021,6663,18440,29654,42537,29190,0,0,15526,8569,15646,1921,2745,171,0,0,0,0,48509,1993,4787,0,0,0,0,0
519,5305,520.4971496783072,99867,1173,583,105,24,28698,14559,0.4331460842921085,541,262,15665,12795,14113,6705,18401,29629,42677,29325,0,0,15276,8555,15874,1944,2803,175,0,0,0,0,48489,1954,4797,0,0,0,0,0
520,5305,521.2142935100692,99866,1127,582,106,24,28773,14613,0.434442152484329,554,239,15626,12766,14139,6710,18446,29677,42813,29457,0,0,15045,8536,16010,1936,2841,176,0,0,0,0,48580,1939,4803,0,0,0,0,0
521,5305,522.6440688634202,99866,1102,556,106,24,28989,14701,0.4374862315502774,530,233,15649,12824,14218,6743,18393,29618,42946,29586,0,0,14802,8526,16229,1942,2918,178,0,0,0,0,48562,1917,4792,0,0,0,0,0
522,5305,523.3619555001433,99866,1102,553,106,24,29092,14746,0.4389682174113312,531,232,15607,12799,14213,6741,18439,29649,43075,29713,0,0,14610,8495,16362,1931,2954,182,0,0,0,0,48635,1896,4801,0,0,0,0,0
523,5305,524.078730227937,99865,1068,514,106,25,29175,14779,0.4401341811445451,524,235,15583,12783,14219,6759,18498,29682,43201,29837,0,0,14408,8464,16516,1930,2990,183,0,0,0,0,48688,1877,4809,0,0,0,0,0
524,5305,525.5069305344346,99865,1061,494,106,25,29384,14869,0.4431282231011866,454,219,15613,12857,14293,6793,18471,29610,43324,29959,0,0,14183,8456,16704,1946,3048,188,0,0,0,0,48679,1842,4819,0,0,0,0,0
525,5305,526.2233744999522,99864,1055,498,107,25,29468,14909,0.4443743491147961,447,213,15589,12864,14280,6768,18520,29630,43444,30078,0,0,14018,8398,16823,1948,3082,191,0,0,0,0,48758,1825,4821,0,0,0,0,0
526,5305,527.6515202958536,99862,969,470,107,27,29595,14981,0.44637599887845225,467,209,15609,12950,14348,6787,18498,29555,43561,30195,0,0,13827,8360,17009,1960,3152,196,0,0,0,0,48735,1802,4821,0,0,0,0,0
527,5305,528.3677389241351,99861,961,452,107,28,29687,15012,0.4476121809314948,440,214,15606,12940,14339,6784,18545,29580,43675,30309,0,0,13661,8309,17155,1962,3174,200,0,0,0,0,48785,1788,4827,0,0,0,0,0
528,5305,529.082445463824,99861,921,438,107,28,29748,15052,0.448623586785632,447,201,15588,12919,14345,6798,18590,29614,43786,30421,0,0,13490,8275,17280,1963,3209,202,0,0,0,0,48842,1768,4832,0,0,0,0,0
529,5305,530.5075384315214,99861,906,413,107,28,29918,15115,0.45095682999369124,407,201,15638,13005,14378,6818,18562,29533,43894,30530,0,0,13309,8252,17440,1964,3277,206,0,0,0,0,48831,1750,4832,0,0,0,0,0
530,5305,531.2228374487164,99860,877,416,108,28,29979,15156,0.45198277588624075,397,192,15628,13009,14383,6804,18605,29549,43999,30637,0,0,13152,8215,17538,1968,3304,212,0,0,0,0,48901,1730,4840,0,0,0,0,0
531,5305,532.6484625463801,99858,833,421,110,28,30126,15235,0.454255042159867,358,169,15690,13082,14426,6820,18581,29478,44101,30742,0,0,12975,8200,17703,1967,3359,220,0,0,0,0,48886,1711,4837,0,0,0,0,0
532,5305,533.3636858070108,99858,827,399,110,28,30189,15259,0.45512627931662963,351,181,15690,13072,14409,6828,18611,29490,44201,30845,0,0,12823,8157,17805,1970,3383,225,0,0,0,0,48958,1702,4835,0,0,0,0,0
533,5305,534.0774467312559,99857,817,393,111,28,30259,15288,0.4561222548243989,341,177,15683,13076,14406,6821,18640,29503,44298,30946,0,0,12689,8114,17914,1963,3410,230,0,0,0,0,49006,1688,4843,0,0,0,0,0
534,5305,535.5020529852926,99857,805,378,111,28,30393,15353,0.4581151045995774,306,157,15749,13174,14416,6845,18611,29416,44393,31044,0,0,12540,8073,18078,1975,3441,239,0,0,0,0,48992,1672,4847,0,0,0,0,0
535,5305,536.2165125743585,99857,769,366,111,28,30442,15379,0.4588661786354487,311,151,15749,13194,14412,6843,18646,29416,44485,31140,0,0,12406,8041,18185,1970,3469,242,0,0,0,0,49032,1655,4857,0,0,0,0,0
536,5305,537.6423866509512,99857,727,351,111,28,30562,15443,0.46070881360345295,285,141,15801,13307,14456,6858,18618,29313,44575,31234,0,0,12243,8026,18332,1982,3510,247,0,0,0,0,49021,1633,4863,0,0,0,0,0
537,5305,538.3574954258962,99857,707,347,111,28,30624,15470,0.4616000881260202,274,129,15788,13329,14457,6850,18661,29315,44663,31326,0,0,12105,8000,18406,1978,3546,250,0,0,0,0,49085,1620,4867,0,0,0,0,0
538,5305,539.0716336949025,99856,686,330,112,28,30675,15485,0.46226566255407786,270,140,15791,13338,14449,6836,18690,29326,44749,31416,0,0,11985,7964,18505,1976,3569,251,0,0,0,0,49126,1600,4880,0,0,0,0,0
539,5305,540.496348597963,99856,644,316,112,28,30777,15530,0.4637377824066656,262,147,15874,13445,14461,6840,18645,29222,44832,31504,0,0,11844,7945,18646,1980,3604,255,0,0,0,0,49111,1585,4886,0,0,0,0,0
540,5305,541.2110864701845,99856,635,312,112,28,30839,15562,0.46467913795866045,237,147,15902,13456,14440,6834,18672,29221,44913,31591,0,0,11740,7899,18731,1976,3638,258,0,0,0,0,49147,1568,4899,0,0,0,0,0
541,5305,542.6384710851759,99856,604,304,112,28,30935,15606,0.46608115686588686,213,142,16021,13560,14435,6826,18613,29138,44992,31676,0,0,11627,7855,18852,1982,3680,264,0,0,0,0,49143,1553,4900,0,0,0,0,0
542,5305,543.3549431051907,99856,554,306,112,28,30965,15635,0.46667200769107514,214,138,16027,13571,14432,6817,18659,29138,45069,31759,0,0,11506,7832,18938,1978,3702,268,0,0,0,0,49184,1540,4908,0,0,0,0,0
543,5305,544.0709984772205,99856,537,312,112,28,31003,15660,0.467302916199327,211,131,16060,13599,14408,6797,18670,29131,45144,31840,0,0,11401,7801,19020,1970,3720,271,0,0,0,0,49230,1529,4914,0,0,0,0,0
544,5305,545.5001321471699,99856,521,315,112,28,31089,15716,0.4687249639480852,217,110,16145,13703,14398,6793,18605,29049,45217,31920,0,0,11279,7769,19116,1979,3757,273,0,0,0,0,49248,1521,4914,0,0,0,0,0
545,5305,546.2171418427585,99856,511,291,112,28,31132,15733,0.4693258291940394,204,107,16175,13726,14368,6795,18628,29051,45289,31998,0,0,11181,7735,19193,1966,3794,276,0,0,0,0,49284,1514,4913,0,0,0,0,0
546,5305,547.6506975988221,99856,491,272,112,28,31212,15769,0.47048750200288414,177,102,16269,13844,14357,6794,18592,28958,45359,32074,0,0,11072,7699,19287,1971,3840,277,0,0,0,0,49294,1505,4911,0,0,0,0,0
547,5305,548.3693745424317,99856,469,256,112,28,31245,15783,0.4709581797788816,175,104,16293,13870,14338,6788,18611,28952,45427,32149,0,0,10977,7666,19358,1967,3866,279,0,0,0,0,49330,1494,4919,0,0,0,0,0
548,5305,549.0877025525976,99856,448,249,112,28,31282,15803,0.47152900176253804,160,101,16311,13900,14328,6793,18639,28927,45493,32222,0,0,10877,7639,19427,1966,3888,283,0,0,0,0,49373,1484,4919,0,0,0,0,0
549,5305,550.5226488992413,99855,424,220,113,28,31338,15831,0.47237494366831906,159,104,16399,14004,14300,6802,18603,28840,45558,32293,0,0,10775,7612,19524,1966,3925,283,0,0,0,0,49378,1474,4918,0,0,0,0,0
550,5305,551.2420684022786,99855,395,222,113,28,31359,15855,0.47282559711581795,158,87,16439,14038,14276,6784,18617,28839,45621,32363,0,0,10683,7581,19594,1967,3941,285,0,0,0,0,49420,1462,4922,0,0,0,0,0
551,5305,552.679398962249,99855,372,205,113,28,31416,15880,0.47364678784237146,147,86,16516,14169,14249,6785,18601,28725,45682,32431,0,0,10585,7554,19693,1968,3966,286,0,0,0,0,49426,1455,4922,0,0,0,0,0
552,5305,553.3996813446578,99855,352,190,113,28,31433,15894,0.4739572379950929,163,81,16545,14206,14218,6781,18607,28712,45742,32498,0,0,10510,7517,19761,1968,3983,289,0,0,0,0,49457,1443,4927,0,0,0,0,0
553,5305,554.119184639362,99855,348,181,113,28,31462,15902,0.4743277752741475,157,81,16581,14235,14173,6777,18626,28696,45800,32564,0,0,10433,7492,19803,1962,4004,292,0,0,0,0,49505,1427,4937,0,0,0,0,0
554,5305,555.5573582552535,99855,341,155,113,28,31523,15919,0.4751089079164789,140,89,16697,14370,14139,6765,18568,28591,45857,32628,0,0,10365,7443,19909,1965,4027,295,0,0,0,0,49496,1418,4937,0,0,0,0,0
555,5305,556.2786633911597,99854,339,163,114,28,31555,15938,0.47562441164099584,128,79,16746,14404,14092,6741,18579,28583,45913,32691,0,0,10301,7404,19969,1959,4047,295,0,0,0,0,49530,1408,4941,0,0,0,0,0
556,5305,557.7209010094858,99854,310,148,114,28,31598,15962,0.47629539127125603,120,77,16859,14509,14057,6739,18538,28497,45967,32753,0,0,10221,7377,20049,1962,4075,297,0,0,0,0,49535,1395,4943,0,0,0,0,0
557,5305,558.4443923826276,99854,287,144,114,28,31612,15973,0.4765457568049352,118,72,16890,14540,14042,6723,18547,28491,46020,32813,0,0,10148,7353,20101,1955,4087,303,0,0,0,0,49573,1387,4947,0,0,0,0,0
558,5305,559.1673056445735,99854,273,139,114,28,31628,15984,0.4768161515813087,112,68,16942,14581,14006,6713,18551,28469,46072,32872,0,0,10072,7328,20153,1951,4102,303,0,0,0,0,49615,1380,4950,0,0,0,0,0
559,5305,560.6129445250367,99854,255,148,114,28,31676,16015,0.4776073066677349,109,56,17073,14729,13957,6678,18490,28359,46122,32930,0,0,9995,7303,20222,1953,4115,310,0,0,0,0,49631,1374,4951,0,0,0,0,0
560,5305,561.33811944526,99853,246,140,115,28,31689,16019,0.4777823400398586,109,63,17111,14780,13921,6661,18496,28326,46171,32987,0,0,9933,7271,20266,1947,4128,314,0,0,0,0,49673,1369,4952,0,0,0,0,0
561,5305,562.0635110684626,99853,240,154,115,28,31707,16040,0.4781729141838503,109,47,17159,14839,13882,6639,18493,28291,46219,33042,0,0,9875,7239,20317,1943,4139,314,0,0,0,0,49707,1360,4959,0,0,0,0,0
562,5305,563.5141301928427,99853,225,138,115,28,31749,16059,0.4787838122039398,95,41,17259,14955,13850,6634,18454,28202,46266,33096,0,0,9802,7212,20378,1948,4161,317,0,0,0,0,49723,1352,4960,0,0,0,0,0
563,5305,564.2413640475542,99853,220,134,115,28,31765,16067,0.4790241655233193,87,40,17288,14996,13825,6623,18463,28177,46312,33149,0,0,9736,7186,20415,1948,4170,320,0,0,0,0,49769,1347,4962,0,0,0,0,0
564,5305,565.6956060195414,99852,206,120,115,29,31799,16086,0.47955974842767296,79,39,17394,15113,13782,6621,18422,28076,46357,33201,0,0,9661,7171,20479,1948,4184,323,0,0,0,0,49783,1340,4963,0,0,0,0,0
565,5305,566.4244807676898,99851,201,113,116,29,31811,16091,0.47973480485924025,76,39,17436,15161,13746,6603,18423,28053,46401,33252,0,0,9612,7135,20531,1945,4191,325,0,0,0,0,49809,1335,4968,0,0,0,0,0
566,5305,567.1533327779625,99851,199,110,116,29,31828,16100,0.4799951928373276,70,35,17471,15220,13707,6588,18435,28016,46443,33302,0,0,9550,7110,20572,1941,4198,328,0,0,0,0,49849,1334,4969,0,0,0,0,0
567,5305,568.6107356268831,99850,192,98,117,29,31851,16117,0.480400600901352,78,32,17606,15343,13626,6580,18379,27916,46484,33351,0,0,9494,7091,20622,1936,4219,328,0,0,0,0,49862,1323,4975,0,0,0,0,0
568,5305,569.3415434087741,99850,185,95,117,29,31860,16122,0.48054081121682524,82,32,17663,15397,13585,6561,18366,27884,46524,33399,0,0,9440,7070,20650,1926,4237,329,0,0,0,0,49902,1320,4976,0,0,0,0,0
569,5305,570.0723155586752,99850,180,94,117,29,31873,16127,0.48072108162243365,83,33,17710,15449,13543,6531,18365,27862,46564,33446,0,0,9399,7041,20696,1915,4251,330,0,0,0,0,49924,1314,4980,0,0,0,0,0
570,5305,571.5350435230835,99850,166,93,117,29,31901,16142,0.4811517275913871,75,26,17834,15582,13498,6506,18308,27762,46603,33492,0,0,9344,7016,20749,1917,4262,332,0,0,0,0,49939,1307,4984,0,0,0,0,0
571,5305,572.2684177620873,99850,165,81,117,29,31918,16142,0.4813219829744617,65,33,17872,15638,13470,6495,18309,27722,46641,33537,0,0,9294,6998,20774,1910,4280,333,0,0,0,0,49972,1299,4990,0,0,0,0,0
572,5305,573.0022958745351,99850,161,77,117,29,31926,16145,0.4814321482223335,75,39,17925,15699,13419,6469,18301,27685,46678,33581,0,0,9246,6971,20811,1907,4286,334,0,0,0,0,50006,1296,4993,0,0,0,0,0
573,5305,574.4704616981493,99850,164,83,117,29,31956,16170,0.4819829744616925,65,24,18054,15811,13359,6457,18239,27594,46714,33624,0,0,9193,6951,20858,1905,4297,335,0,0,0,0,50023,1293,4995,0,0,0,0,0
574,5305,575.2063029849124,99850,161,80,117,29,31966,16176,0.4821432148222333,62,26,18106,15868,13323,6442,18229,27553,46749,33666,0,0,9147,6930,20895,1902,4301,337,0,0,0,0,50052,1286,5000,0,0,0,0,0
575,5305,576.6803330248366,99850,155,73,117,29,31988,16189,0.4824937406109164,61,24,18245,16002,13263,6427,18157,27443,46783,33707,0,0,9085,6921,20933,1904,4307,339,0,0,0,0,50078,1280,5003,0,0,0,0,0
576,5305,577.418922623372,99850,151,74,117,29,31993,16196,0.482613920881322,61,19,18308,16095,13219,6405,18142,27376,46816,33748,0,0,9046,6894,20969,1898,4315,339,0,0,0,0,50106,1276,5007,0,0,0,0,0
577,5305,578.1556078796846,99850,151,75,117,29,31993,16197,0.48262393590385577,62,18,18288,16073,13201,6398,18179,27405,46849,33788,0,0,9000,6878,20985,1892,4321,339,0,0,0,0,50152,1271,5012,0,0,0,0,0
578,5305,579.3983744117271,99850,146,63,117,29,32029,16204,0.4830545818728092,50,23,18479,16258,13120,6381,18086,27244,46881,33827,0,0,8954,6862,21034,1889,4335,343,0,0,0,0,50156,1266,5011,0,0,0,0,0
579,5305,580.1281787618585,99850,137,58,117,29,32036,16207,0.48315473209814724,53,28,18542,16324,13081,6368,18068,27191,46912,33865,0,0,8914,6840,21071,1883,4345,344,0,0,0,0,50178,1265,5010,0,0,0,0,0
580,5305,581.5808566615733,99850,137,55,117,29,32057,16217,0.48346519779669506,46,25,18643,16481,13030,6339,18025,27069,46942,33902,0,0,8874,6822,21111,1879,4354,345,0,0,0,0,50191,1260,5014,0,0,0,0,0
581,5305,582.303271121817,99850,125,56,117,29,32066,16221,0.48359539308963445,39,23,18700,16546,13009,6326,18008,27018,46972,33939,0,0,8835,6805,21136,1877,4365,345,0,0,0,0,50215,1251,5021,0,0,0,0,0
582,5305,583.0245412597264,99850,122,58,117,29,32075,16226,0.4837356034051077,34,19,18752,16600,12973,6307,18000,26985,47001,33975,0,0,8801,6783,21166,1878,4365,348,0,0,0,0,50240,1242,5027,0,0,0,0,0
583,5305,584.2503338943122,99850,112,54,117,29,32078,16228,0.48378567851777665,41,21,18791,16650,12948,6288,17989,26956,47029,34010,0,0,8773,6756,21204,1874,4373,349,0,0,0,0,50254,1239,5028,0,0,0,0,0
584,5305,585.0654927808155,99850,111,57,117,29,32086,16239,0.48397596394591885,44,24,18894,16763,12885,6270,17947,26855,47057,34044,0,0,8738,6740,21231,1868,4380,351,0,0,0,0,50276,1235,5031,0,0,0,0,0
585,5305,586.4910054858037,99849,104,55,118,29,32100,16247,0.4842011437270278,44,20,19014,16891,12822,6242,17896,26761,47084,34078,0,0,8710,6716,21265,1864,4395,351,0,0,0,0,50285,1229,5034,0,0,0,0,0
586,5305,587.2006310780286,99849,106,54,118,29,32103,16248,0.48424120421836975,42,19,19011,16899,12803,6236,17918,26761,47111,34111,0,0,8678,6696,21287,1861,4396,353,0,0,0,0,50315,1225,5038,0,0,0,0,0
587,5305,588.1022590356832,99849,104,52,118,29,32111,16254,0.4843814159380665,45,16,19077,16965,12752,6223,17902,26713,47137,34143,0,0,8645,6678,21317,1858,4400,355,0,0,0,0,50334,1222,5040,0,0,0,0,0
588,5305,589.2448430480421,99849,92,44,118,29,32121,16258,0.48452162765776324,43,19,19176,17075,12706,6209,17863,26622,47162,34175,0,0,8609,6663,21346,1856,4411,357,0,0,0,0,50349,1218,5040,0,0,0,0,0
589,5305,590.1016106933498,99849,92,40,118,29,32141,16261,0.4847519754829793,30,18,19302,17210,12650,6174,17806,26527,47187,34206,0,0,8577,6648,21378,1854,4419,358,0,0,0,0,50361,1212,5042,0,0,0,0,0
590,5305,591.0585774985806,99849,83,39,118,29,32144,16263,0.4848020510971567,31,18,19321,17246,12639,6160,17806,26506,47211,34237,0,0,8544,6633,21397,1849,4429,358,0,0,0,0,50385,1210,5044,0,0,0,0,0
591,5305,592.2410650078568,99849,80,36,118,29,32155,16273,0.48501236867670183,31,17,19471,17401,12563,6135,17735,26380,47235,34267,0,0,8512,6617,21422,1846,4440,359,0,0,0,0,50400,1207,5046,0,0,0,0,0
592,5305,593.3968378102369,99849,79,29,118,29,32161,16275,0.4850924896593857,29,17,19519,17454,12528,6120,17725,26349,47258,34296,0,0,8483,6601,21446,1845,4445,359,0,0,0,0,50418,1201,5051,0,0,0,0,0
593,5305,594.0085349331207,99849,81,27,118,29,32172,16276,0.48521267113341143,23,16,19631,17564,12469,6098,17676,26264,47281,34325,0,0,8456,6580,21472,1844,4448,360,0,0,0,0,50437,1198,5054,0,0,0,0,0
594,5305,595.422719333746,99849,72,27,118,29,32173,16280,0.48526274674758885,30,16,19675,17618,12441,6085,17662,26223,47303,34353,0,0,8426,6568,21489,1844,4453,361,0,0,0,0,50459,1191,5058,0,0,0,0,0
595,5305,596.0353898853764,99849,70,29,118,29,32181,16285,0.4853929433444501,28,13,19783,17721,12391,6059,17608,26147,47325,34381,0,0,8402,6549,21516,1840,4456,364,0,0,0,0,50474,1189,5059,0,0,0,0,0
596,5305,597.3220685227527,99849,68,30,118,29,32188,16287,0.48548307944996943,28,16,19859,17792,12351,6046,17574,26085,47346,34408,0,0,8373,6537,21534,1838,4459,365,0,0,0,0,50495,1186,5062,0,0,0,0,0
597,5305,598.3280522684084,99849,66,30,118,29,32192,16289,0.48554317018698234,28,15,19923,17875,12308,6024,17555,26025,47367,34435,0,0,8349,6519,21553,1835,4464,366,0,0,0,0,50515,1183,5065,0,0,0,0,0
598,5305,599.3493248309293,99849,67,29,118,29,32207,16294,0.485743472643692,21,16,20032,17994,12256,6005,17504,25925,47387,34461,0,0,8321,6509,21572,1834,4471,367,0,0,0,0,50530,1177,5068,0,0,0,0,0
599,5305,600.3192509999993,99849,69,28,118,29,32213,16295,0.48581357850354034,16,16,20054,18023,12230,5988,17511,25914,47407,34487,0,0,8300,6492,21589,1830,4475,369,0,0,0,0,50549,1173,5072,0,0,0,0,0
600,5305,601.1218012124845,99849,68,23,118,29,32218,16299,0.4859037146090597,16,15,20129,18106,12179,5963,17488,25862,47426,34512,0,0,8279,6478,21611,1826,4481,370,0,0,0,0,50559,1168,5077,0,0,0,0,0
601,5305,602.2060947843056,99849,66,28,118,29,32223,16308,0.4860439263287564,15,8,20205,18193,12138,5943,17456,25797,47445,34537,0,0,8260,6459,21635,1823,4487,370,0,0,0,0,50570,1165,5080,0,0,0,0,0
602,5305,603.2197820668405,99849,63,27,118,29,32229,16310,0.48612404731144027,19,10,20294,18295,12089,5924,17415,25713,47464,34561,0,0,8231,6453,21642,1819,4495,371,0,0,0,0,50593,1161,5084,0,0,0,0,0
603,5305,604.1869073403739,99849,56,24,118,29,32236,16313,0.4862241985397951,21,11,20397,18403,12050,5906,17356,25625,47482,34585,0,0,8199,6446,21654,1820,4497,374,0,0,0,0,50614,1158,5087,0,0,0,0,0
604,5305,605.3033110330374,99849,54,23,118,29,32241,16314,0.486284289276808,20,11,20473,18473,12002,5890,17331,25572,47500,34608,0,0,8179,6431,21676,1818,4500,374,0,0,0,0,50626,1154,5091,0,0,0,0,0
605,5305,606.4024407176684,99849,44,18,118,29,32246,16316,0.48635439513665635,22,12,20619,18630,11943,5862,17252,25447,47517,34631,0,0,8155,6418,21703,1816,4505,374,0,0,0,0,50633,1151,5094,0,0,0,0,0
606,5305,607.0572431738868,99849,44,19,118,29,32246,16317,0.48636441025949184,22,11,20603,18620,11938,5857,17273,25462,47534,34653,0,0,8131,6407,21714,1815,4506,374,0,0,0,0,50657,1148,5097,0,0,0,0,0
607,5305,608.0312556580132,99849,45,21,118,29,32256,16320,0.4864946068563531,17,12,20674,18710,11899,5839,17245,25387,47551,34675,0,0,8107,6397,21725,1812,4514,374,0,0,0,0,50676,1146,5098,0,0,0,0,0
608,5305,609.3991253951203,99849,42,21,118,29,32261,16323,0.48657472783903694,19,13,20810,18872,11827,5805,17182,25258,47567,34697,0,0,8089,6378,21744,1811,4521,374,0,0,0,0,50689,1146,5097,0,0,0,0,0
609,5305,610.1424436112756,99849,43,22,118,29,32264,16325,0.48662480345321435,19,13,20831,18906,11812,5794,17175,25234,47583,34718,0,0,8072,6367,21752,1806,4529,374,0,0,0,0,50706,1142,5101,0,0,0,0,0
610,5305,611.0513253283635,99849,38,25,118,29,32267,16328,0.48668489419022726,17,11,20911,18986,11784,5777,17130,25170,47599,34739,0,0,8046,6362,21763,1802,4531,377,0,0,0,0,50726,1142,5100,0,0,0,0,0
611,5305,612.0031466648314,99849,37,23,118,29,32270,16331,0.4867449849272401,14,12,21011,19060,11737,5760,17081,25114,47614,34759,0,0,8026,6352,21778,1798,4537,377,0,0,0,0,50739,1141,5101,0,0,0,0,0
612,5305,613.3142998501228,99849,36,23,118,29,32273,16334,0.486805075664253,15,11,21117,19187,11686,5736,17026,25012,47629,34779,0,0,8007,6340,21795,1797,4538,378,0,0,0,0,50753,1138,5103,0,0,0,0,0
613,5305,614.2446567827471,99849,35,20,118,29,32279,16337,0.48689521176977235,13,10,21215,19271,11642,5724,16975,24944,47644,34799,0,0,7990,6325,21818,1796,4542,378,0,0,0,0,50760,1136,5104,0,0,0,0,0
614,5305,615.0523988759859,99849,33,20,118,29,32282,16338,0.48693527226111427,12,9,21295,19341,11604,5700,16936,24899,47658,34818,0,0,7973,6312,21836,1793,4546,378,0,0,0,0,50772,1136,5103,0,0,0,0,0
615,5305,616.0543846879452,99849,33,19,118,29,32286,16341,0.4870053781209627,9,7,21372,19429,11562,5688,16904,24826,47672,34837,0,0,7954,6301,21852,1790,4550,378,0,0,0,0,50785,1135,5104,0,0,0,0,0
616,5305,617.1116170360068,99849,33,20,118,29,32287,16344,0.4870454386123046,11,4,21481,19541,11506,5663,16849,24741,47686,34856,0,0,7931,6293,21863,1788,4552,378,0,0,0,0,50805,1135,5104,0,0,0,0,0
617,5305,618.0309027269582,99849,31,19,118,29,32289,16344,0.4870654688579755,11,6,21523,19575,11484,5653,16831,24716,47700,34874,0,0,7912,6284,21876,1787,4552,379,0,0,0,0,50820,1132,5107,0,0,0,0,0
618,5305,619.0051596064785,99849,26,19,118,29,32291,16346,0.48710552934931745,14,8,21658,19732,11420,5625,16762,24585,47713,34892,0,0,7902,6265,21897,1785,4557,379,0,0,0,0,50825,1131,5108,0,0,0,0,0
619,5305,620.031559106851,99849,25,17,118,29,32293,16347,0.4871355747178239,14,7,21697,19775,11393,5615,16751,24555,47726,34910,0,0,7886,6253,21912,1783,4560,379,0,0,0,0,50837,1129,5110,0,0,0,0,0
620,5305,621.108879557841,99849,26,15,118,29,32296,16348,0.48717563520916585,12,6,21787,19882,11352,5593,16703,24473,47739,34927,0,0,7866,6245,21924,1782,4562,379,0,0,0,0,50853,1128,5110,0,0,0,0,0
621,5305,622.0355342559831,99849,25,13,118,29,32299,16349,0.48721569570050777,11,6,21874,19981,11315,5574,16655,24395,47752,34944,0,0,7848,6236,21936,1780,4567,379,0,0,0,0,50867,1127,5109,0,0,0,0,0
622,5305,623.0921020461486,99849,23,11,118,29,32301,16349,0.48723572594617875,11,6,21967,20101,11269,5552,16610,24299,47764,34961,0,0,7841,6223,21955,1775,4572,379,0,0,0,0,50868,1123,5113,0,0,0,0,0
623,5305,624.4130481669247,99849,25,10,118,29,32304,16349,0.4872657713146852,10,7,22060,20186,11214,5535,16571,24231,47776,34977,0,0,7827,6211,21967,1774,4572,381,0,0,0,0,50882,1123,5112,0,0,0,0,0
624,5305,625.0024104620346,99849,27,8,118,29,32307,16349,0.4872958166831916,9,8,22148,20293,11174,5512,16522,24148,47788,34993,0,0,7813,6201,21978,1771,4576,381,0,0,0,0,50894,1122,5113,0,0,0,0,0
625,5305,626.0425518922987,99849,29,7,118,29,32309,16350,0.4873258620516981,7,7,22184,20331,11149,5499,16511,24125,47800,35009,0,0,7796,6193,21988,1769,4578,381,0,0,0,0,50909,1121,5114,0,0,0,0,0
626,5305,627.2711396037946,99849,25,7,118,29,32311,16350,0.487345892297369,11,9,22292,20446,11105,5476,16447,24031,47811,35024,0,0,7779,6186,21994,1768,4581,382,0,0,0,0,50924,1120,5115,0,0,0,0,0
627,5305,628.0007896134816,99849,28,8,118,29,32315,16352,0.48740598303438193,7,7,22331,20504,11081,5466,16433,23984,47822,35039,0,0,7768,6177,22003,1766,4584,382,0,0,0,0,50934,1116,5119,0,0,0,0,0
628,5305,629.1548886988813,99849,25,8,118,29,32318,16353,0.48744604352572385,9,9,22446,20618,11027,5440,16373,23894,47833,35054,0,0,7754,6168,22015,1765,4587,382,0,0,0,0,50943,1114,5121,0,0,0,0,0
629,5305,630.4347205509712,99849,26,12,118,29,32322,16358,0.4875361796312432,37,30,22567,20723,10969,5415,16281,23789,47844,35069,0,0,7743,6155,22030,1764,4589,382,0,0,0,0,50952,1112,5122,0,0,0,0,0
630,5305,631.0853061834595,99849,29,17,118,29,32326,16364,0.487636330859598,36,26,22616,20769,10941,5407,16258,23750,47854,35083,0,0,7730,6148,22037,1761,4592,382,0,0,0,2,50963,1111,5123,0,0,0,0,0
631,5305,632.1333749596492,99849,34,20,118,29,32336,16369,0.4877865577021302,29,25,22692,20856,10905,5396,16220,23672,47864,35097,0,0,7717,6143,22039,1757,4598,383,0,0,0,5,50973,1109,5125,0,0,0,0,0
632,5305,633.1477160602531,99849,31,19,118,29,32341,16373,0.48787669380764953,31,25,22760,20963,10875,5377,16183,23585,47874,35111,0,0,7703,6134,22044,1755,4604,384,2,0,0,11,50979,1109,5124,0,0,0,0,0
633,5305,634.2035663004008,99849,31,20,118,29,32344,16379,0.48796682991316886,36,20,22841,21061,10840,5356,16132,23512,47884,35125,0,0,7689,6128,22049,1752,4608,384,3,0,0,17,50986,1107,5126,0,0,0,0,0
634,5305,635.2992593007679,99849,40,20,118,29,32358,16383,0.48814710212420753,29,22,22920,21154,10801,5336,16090,23437,47894,35138,0,0,7676,6118,22057,1751,4612,384,4,0,0,22,50993,1107,5125,0,0,0,0,0
635,5305,636.2945057900439,99849,46,18,118,29,32368,16383,0.48824725335256236,25,30,23006,21259,10767,5309,16036,23353,47904,35151,0,0,7663,6110,22064,1750,4614,384,4,0,0,26,51002,1105,5127,0,0,0,0,0
636,5305,637.1991429405261,99849,46,24,118,29,32374,16390,0.4883774499494236,30,23,23074,21333,10736,5296,15994,23293,47913,35164,0,0,7647,6104,22070,1749,4616,384,6,0,0,29,51013,1103,5128,0,0,0,0,0
637,5305,638.1607459425807,99849,48,31,118,29,32385,16397,0.4885577221604623,36,21,23133,21406,10706,5280,15957,23231,47922,35177,0,0,7635,6095,22077,1749,4618,384,8,0,0,34,51018,1100,5131,0,0,0,0,0
638,5305,639.0259612112088,99849,48,33,118,29,32388,16403,0.4886478582659816,39,18,23174,21449,10681,5274,15938,23195,47931,35189,0,0,7625,6086,22084,1747,4622,384,8,0,0,39,51023,1100,5131,0,0,0,0,0
639,5305,640.0328688975857,99849,59,33,118,29,32404,16408,0.48885817584552677,44,22,23252,21574,10645,5256,15880,23084,47940,35201,0,0,7616,6077,22089,1747,4624,386,7,0,0,45,51027,1099,5132,0,0,0,0,0
640,5305,641.3038657117281,99849,65,37,118,29,32420,16416,0.4890985387935783,48,31,23363,21679,10590,5233,15814,22989,47949,35213,0,0,7604,6070,22092,1749,4627,387,7,0,0,51,51033,1095,5134,0,0,0,0,0
641,5305,642.2531055467796,99849,63,35,118,29,32428,16421,0.48922873539043954,57,33,23431,21750,10562,5221,15767,22930,47957,35225,0,0,7591,6063,22096,1750,4630,387,7,0,0,64,51033,1094,5134,0,0,0,0,0
642,5305,643.1994316439416,99849,68,40,118,29,32439,16431,0.4894390529699847,64,31,23483,21827,10536,5200,15729,22871,47965,35237,0,0,7579,6055,22100,1750,4634,387,8,0,0,70,51038,1093,5135,0,0,0,0,0
643,5305,644.1432878742626,99849,80,47,118,29,32461,16440,0.4897495217778846,55,29,23555,21916,10502,5174,15688,22803,47973,35248,0,0,7568,6046,22106,1750,4636,388,9,0,0,76,51042,1092,5136,0,0,0,0,0
644,5305,645.0844700850048,99849,83,44,118,29,32475,16444,0.4899297939889233,64,37,23606,21994,10482,5159,15645,22735,47981,35259,0,0,7553,6041,22104,1752,4644,388,11,0,0,82,51049,1089,5136,0,0,0,0,0
645,5305,646.0233061139005,99849,80,44,118,29,32485,16450,0.49009003595429096,79,44,23676,22058,10454,5152,15591,22671,47989,35270,0,0,7538,6038,22102,1749,4653,388,14,0,0,91,51052,1087,5137,0,0,0,0,0
646,5305,647.2703062569755,99849,93,49,118,29,32508,16463,0.4904505803763683,75,39,23787,22172,10406,5136,15519,22573,47997,35281,0,0,7526,6032,22104,1747,4661,388,15,0,0,101,51053,1086,5136,0,0,0,0,0
647,5305,648.2019548461825,99849,108,56,118,29,32536,16474,0.4908411701669521,72,40,23837,22242,10386,5126,15477,22505,48005,35292,0,0,7515,6023,22108,1745,4669,388,17,0,0,109,51054,1086,5135,0,0,0,0,0
648,5305,649.1314125163061,99849,109,58,118,29,32551,16482,0.4910715179921682,84,45,23888,22321,10370,5105,15429,22440,48012,35303,0,0,7502,6015,22110,1745,4675,389,21,0,0,117,51055,1085,5135,0,0,0,0,0
649,5305,650.058646086071,99849,117,60,118,29,32571,16488,0.4913319111858907,93,49,23943,22389,10344,5091,15383,22380,48019,35313,0,0,7489,6009,22112,1747,4679,389,23,0,0,125,51058,1083,5135,0,0,0,0,0
650,5305,651.2912692951581,99849,123,67,118,29,32605,16507,0.4918627126961712,99,42,24025,22500,10316,5076,15317,22284,48026,35323,0,0,7476,5999,22108,1750,4689,392,29,0,0,140,51050,1080,5136,0,0,0,0,0
651,5305,652.2128301501466,99849,120,72,118,29,32619,16519,0.4921231058898937,103,45,24090,22560,10293,5067,15274,22225,48033,35333,0,0,7462,5991,22110,1751,4694,393,33,0,0,152,51048,1080,5135,0,0,0,0,0
652,5305,653.1318422230523,99849,135,68,118,29,32646,16524,0.49244358982062914,101,53,24146,22614,10271,5059,15227,22175,48040,35343,0,0,7452,5983,22112,1750,4702,394,36,0,0,162,51045,1080,5133,0,0,0,0,0
653,5305,654.0486416634147,99849,133,76,118,29,32661,16537,0.49272401326002263,121,60,24194,22670,10246,5051,15186,22112,48047,35353,0,0,7439,5973,22115,1753,4707,394,39,0,0,172,51045,1079,5133,0,0,0,0,0
654,5305,655.2678024518993,99849,147,81,118,29,32706,16553,0.49333493575298704,118,67,24270,22751,10224,5041,15121,22029,48054,35363,0,0,7424,5965,22111,1754,4721,394,45,0,0,191,51035,1076,5133,0,0,0,0,0
655,5305,656.179458556032,99849,146,72,118,29,32726,16560,0.49360534406954504,140,74,24320,22828,10203,5033,15071,21962,48061,35372,0,0,7416,5954,22111,1757,4728,395,48,0,0,213,51018,1073,5136,0,0,0,0,0
656,5305,657.0889889578424,99849,166,78,118,29,32763,16574,0.49411611533415456,138,78,24369,22904,10189,5018,15018,21891,48067,35381,0,0,7400,5950,22110,1758,4735,395,52,0,0,225,51018,1072,5134,0,0,0,0,0
657,5305,658.2984125542039,99849,185,87,118,29,32815,16598,0.49487726466965115,130,91,24430,23002,10178,5006,14957,21783,48073,35390,0,0,7387,5943,22104,1760,4749,396,55,0,0,251,51002,1072,5130,0,0,0,0,0
658,5305,659.2032951323318,99849,179,98,118,29,32838,16617,0.4952978998287414,158,92,24455,23084,10166,4994,14922,21701,48079,35399,0,0,7370,5934,22106,1762,4756,399,64,0,0,262,50999,1070,5127,0,0,0,0,0
659,5305,660.1069060388521,99849,190,109,118,29,32877,16639,0.4959088223217058,149,98,24511,23164,10164,4980,14866,21618,48085,35408,0,0,7354,5923,22103,1767,4768,399,71,0,0,277,50993,1070,5124,0,0,0,0,0
660,5305,661.0084489390473,99849,207,119,118,29,32914,16658,0.49646966920049274,165,100,24547,23236,10149,4972,14812,21542,48091,35417,0,0,7340,5913,22105,1771,4769,402,78,0,0,288,50989,1068,5126,0,0,0,0,0
661,5305,662.2075977116482,99849,225,137,118,29,32971,16692,0.49738104537852157,173,91,24626,23342,10130,4952,14726,21447,48097,35426,0,0,7327,5906,22092,1770,4791,402,83,0,0,312,50973,1065,5128,0,0,0,0,0
662,5305,663.1042933343728,99849,227,149,118,29,33009,16720,0.49804204348566333,180,89,24666,23396,10124,4950,14683,21385,48103,35434,0,0,7307,5898,22089,1775,4801,403,94,0,0,334,50960,1062,5126,0,0,0,0,0
663,5305,664.2970645734811,99849,243,157,118,29,33058,16750,0.4988332381896664,203,96,24716,23469,10103,4949,14615,21298,48109,35442,0,0,7298,5887,22085,1780,4814,404,96,0,0,366,50934,1061,5124,0,0,0,0,0
664,5305,665.1897874091718,99849,267,151,118,29,33110,16769,0.4995443119109856,213,101,24751,23533,10092,4955,14557,21229,48115,35450,0,0,7289,5878,22081,1779,4830,404,100,0,0,398,50907,1061,5122,0,0,0,0,0
665,5305,666.0808407077135,99849,279,157,118,29,33160,16790,0.5002553856323048,224,112,24776,23589,10093,4945,14508,21166,48121,35458,0,0,7273,5868,22077,1781,4843,407,109,0,0,419,50893,1060,5119,0,0,0,0,0
666,5305,667.2670329300394,99848,303,172,119,29,33225,16828,0.5012919637849531,228,122,24814,23664,10087,4946,14447,21065,48126,35466,0,0,7261,5861,22067,1781,4859,410,115,0,0,453,50864,1059,5118,0,0,0,0,0
667,5305,668.1550810811053,99848,303,173,119,29,33269,16855,0.5020030446278343,263,132,24837,23722,10083,4955,14393,20987,48131,35474,0,0,7242,5854,22049,1785,4878,413,124,0,0,484,50843,1058,5118,0,0,0,0,0
668,5305,669.0418138552708,99848,303,174,119,29,33316,16884,0.5027642015864113,274,128,24867,23782,10086,4959,14349,20926,48136,35482,0,0,7224,5846,22043,1791,4892,416,133,0,0,524,50812,1056,5111,0,0,0,0,0
669,5305,670.2222635231215,99847,326,174,120,29,33390,16917,0.5038408765411079,278,129,24916,23855,10085,4973,14273,20838,48141,35490,0,0,7211,5833,22036,1795,4919,416,139,0,0,564,50777,1053,5104,0,0,0,0,0
670,5305,671.1058085942585,99847,336,185,120,29,33447,16952,0.504762286298036,289,126,24956,23898,10082,4977,14215,20783,48146,35497,0,0,7197,5825,22028,1799,4936,418,147,0,0,602,50745,1051,5099,0,0,0,0,0
671,5305,672.2813422666094,99847,368,189,120,29,33541,16991,0.5060943243162038,290,140,25012,23961,10080,4990,14128,20689,48151,35504,0,0,7188,5815,22013,1799,4966,420,154,0,0,655,50694,1048,5095,0,0,0,0,0
672,5305,673.1608834807963,99847,389,204,120,29,33616,17033,0.5072661171592536,284,127,25041,24015,10089,4998,14075,20625,48156,35511,0,0,7179,5800,22007,1809,4979,421,160,0,0,705,50647,1044,5096,0,0,0,0,0
673,5305,674.0390710492511,99847,411,210,120,29,33688,17062,0.5082776648271856,298,128,25067,24085,10088,4999,14014,20547,48161,35518,0,0,7166,5788,21996,1815,4997,424,168,0,0,739,50618,1042,5094,0,0,0,0,0
674,5305,675.2078117477022,99847,424,220,120,29,33771,17104,0.5095295802577944,336,144,25104,24135,10091,5005,13923,20465,48166,35525,0,0,7152,5775,21982,1820,5023,429,179,0,0,786,50573,1039,5089,0,0,0,0,0
675,5305,676.0827460396721,99847,450,224,120,29,33852,17138,0.5106813424539546,353,154,25094,24193,10113,5020,13868,20378,48171,35532,0,0,7137,5760,21971,1827,5047,430,186,0,0,824,50542,1037,5086,0,0,0,0,0
676,5305,677.2486629864538,99847,484,229,120,29,33962,17188,0.5122837942051338,365,167,25123,24273,10124,5039,13782,20261,48176,35539,0,0,7124,5748,21951,1828,5082,433,195,0,0,887,50481,1035,5083,0,0,0,0,0
677,5305,678.1218144533678,99846,503,226,120,30,34032,17221,0.51332051359093,392,177,25132,24316,10122,5053,13729,20196,48181,35546,0,0,7106,5741,21934,1829,5107,434,204,0,0,931,50444,1034,5082,0,0,0,0,0
678,5305,679.2845151745826,99845,534,245,121,30,34154,17281,0.5151484801442235,429,184,25150,24370,10133,5069,13631,20100,48185,35553,0,0,7083,5728,21907,1836,5145,437,222,0,0,988,50391,1029,5079,0,0,0,0,0
679,5305,680.155335054202,99845,564,258,121,30,34251,17325,0.5165606690370074,430,191,25161,24416,10146,5081,13576,20022,48189,35559,0,0,7071,5718,21892,1845,5173,439,228,0,0,1037,50347,1026,5069,0,0,0,0,0
680,5305,681.0254251449051,99845,602,279,121,30,34354,17370,0.5180429665982272,430,194,25165,24461,10156,5087,13524,19947,48193,35565,0,0,7056,5706,21880,1851,5194,442,238,0,0,1081,50308,1025,5064,0,0,0,0,0
681,5305,682.1844517494756,99845,648,289,121,30,34504,17418,0.520026040362562,434,225,25170,24522,10189,5098,13436,19834,48197,35571,0,0,7039,5691,21858,1857,5233,448,252,0,0,1146,50246,1021,5054,0,0,0,0,0
682,5305,683.052955090998,99845,642,294,121,30,34598,17464,0.5214282137312835,456,237,25164,24554,10234,5123,13381,19760,48201,35577,0,0,7026,5680,21829,1864,5275,451,260,0,0,1219,50178,1015,5048,0,0,0,0,0
683,5305,684.2107699246537,99845,699,324,121,30,34745,17535,0.5236115979768642,486,247,25147,24605,10250,5141,13295,19651,48205,35583,0,0,7006,5666,21810,1872,5307,458,277,0,0,1277,50123,1012,5037,0,0,0,0,0
684,5305,685.078664103522,99845,711,347,121,30,34848,17596,0.5252541439230808,506,259,25141,24629,10288,5163,13231,19570,48209,35589,0,0,6984,5654,21778,1882,5347,462,290,0,0,1333,50076,1011,5028,0,0,0,0,0
685,5305,686.2353368065067,99845,760,359,121,30,35000,17675,0.5275677299814713,541,263,25125,24665,10320,5218,13131,19463,48213,35595,0,0,6963,5641,21749,1891,5392,465,304,0,0,1422,49992,1007,5019,0,0,0,0,0
686,5305,687.1025990030865,99845,778,359,121,30,35118,17727,0.5292703690720617,572,285,25094,24690,10364,5248,13069,19386,48217,35601,0,0,6945,5624,21716,1905,5435,473,316,0,0,1486,49934,1003,5008,0,0,0,0,0
687,5305,688.2591205148946,99845,803,386,121,30,35281,17812,0.5317542190395113,602,299,25068,24734,10433,5275,12971,19274,48221,35607,0,0,6924,5603,21671,1924,5497,478,333,0,0,1569,49853,997,4996,0,0,0,0,0
688,5305,689.1267565129934,99845,833,387,121,30,35406,17862,0.5335069357504132,618,319,25042,24767,10476,5295,12908,19200,48225,35613,0,0,6904,5585,21647,1939,5529,483,344,0,0,1639,49791,995,4989,0,0,0,0,0
689,5305,690.283642633858,99845,877,423,121,30,35584,17964,0.5363112824878562,667,338,25011,24784,10518,5333,12804,19090,48229,35619,0,0,6877,5565,21615,1948,5584,491,366,0,0,1728,49705,994,4972,0,0,0,0,0
690,5305,691.151434480706,99845,909,439,121,30,35729,18039,0.5385146977815615,692,334,24987,24820,10568,5363,12721,19012,48233,35624,0,0,6864,5543,21584,1966,5623,500,377,0,0,1810,49624,989,4965,0,0,0,0,0
691,5305,692.0194111997243,99844,955,461,122,30,35873,18102,0.5405933255879172,741,349,24949,24861,10586,5373,12645,18924,48237,35629,0,0,6844,5529,21558,1979,5658,505,390,0,0,1871,49566,986,4958,0,0,0,0,0
692,5305,693.1769470270287,99843,1014,489,123,30,36088,18211,0.5438438348206684,771,362,24898,24893,10663,5425,12529,18799,48241,35634,0,0,6812,5500,21518,2000,5713,515,417,0,0,1974,49462,984,4948,0,0,0,0,0
693,5305,694.0455778688168,99843,1082,507,123,30,36261,18301,0.5464779704135493,776,383,24856,24903,10708,5473,12453,18702,48245,35639,0,0,6791,5486,21481,2009,5757,521,432,0,0,2067,49373,984,4942,0,0,0,0,0
694,5305,695.2049067016637,99843,1087,541,123,30,36452,18410,0.5494826878198772,843,409,24752,24916,10829,5514,12364,18588,48249,35644,0,0,6765,5466,21438,2019,5832,527,455,0,0,2198,49243,980,4920,0,0,0,0,0
695,5305,696.0764639915258,99843,1136,569,123,30,36637,18508,0.5523171379065133,874,423,24696,24929,10899,5569,12270,18478,48252,35649,0,0,6745,5451,21397,2028,5886,535,469,0,0,2301,49144,976,4911,0,0,0,0,0
696,5305,697.2404462550678,99843,1207,599,123,30,36911,18649,0.5564736636519335,921,408,24587,24956,11008,5639,12152,18366,48255,35654,0,0,6723,5418,21346,2056,5956,551,487,0,0,2455,48992,967,4892,0,0,0,0,0
697,5305,698.1155276746575,99843,1290,605,123,30,37109,18737,0.5593381609126329,969,438,24503,24959,11042,5690,12071,18276,48258,35659,0,0,6697,5402,21319,2072,5990,556,508,0,0,2567,48883,963,4886,0,0,0,0,0
698,5305,699.2844949386119,99842,1356,644,124,30,37390,18880,0.5635904729472566,1034,476,24394,24954,11143,5755,11947,18139,48261,35664,0,0,6670,5373,21259,2096,6069,571,531,0,0,2711,48733,956,4873,0,0,0,0,0
699,5305,700.1630851146223,99841,1375,683,125,30,37592,19007,0.5668913572580403,1081,483,24320,24943,11233,5807,11864,18052,48264,35669,0,0,6634,5346,21202,2120,6145,580,562,0,0,2820,48625,948,4859,0,0,0,0,0
700,5305,701.0432931523802,99841,1421,705,125,30,37834,19121,0.5704570266724092,1068,520,24259,24938,11341,5868,11784,17937,48267,35674,0,0,6598,5318,21150,2142,6209,591,590,0,0,2957,48492,945,4849,0,0,0,0,0
701,5305,702.2197602019446,99840,1472,732,126,30,38153,19270,0.5751502403846154,1112,566,24134,24907,11497,5944,11657,17819,48270,35679,0,0,6557,5281,21080,2173,6299,611,626,0,0,3133,48316,938,4826,0,0,0,0,0
702,5305,703.104661545509,99840,1569,751,126,30,38405,19392,0.578896233974359,1145,581,24037,24892,11561,6017,11560,17727,48273,35684,0,0,6530,5262,21031,2184,6361,624,650,0,0,3257,48192,935,4814,0,0,0,0,0
703,5305,704.2876285013886,99839,1655,788,127,30,38764,19571,0.5842907080399443,1155,597,23925,24875,11715,6110,11421,17598,48276,35689,0,0,6481,5234,20957,2206,6473,639,693,0,0,3447,48000,928,4781,0,0,0,0,0
704,5305,705.1771548084739,99838,1729,845,128,30,39036,19714,0.5884532943368257,1220,613,23803,24858,11811,6169,11307,17483,48279,35694,0,0,6440,5212,20911,2232,6531,653,725,0,0,3574,47873,923,4764,0,0,0,0,0
705,5305,706.069304397702,99837,1779,880,129,30,39309,19853,0.5925859150415177,1283,645,23695,24835,11921,6233,11191,17375,48282,35698,0,0,6406,5187,20856,2251,6604,668,753,0,0,3735,47712,917,4748,0,0,0,0,0
706,5305,707.2627229083847,99837,1946,906,129,30,39751,20028,0.598765988561355,1329,740,23501,24789,12049,6336,11044,17197,48285,35702,0,0,6358,5146,20785,2288,6697,685,796,0,0,3932,47511,910,4729,0,0,0,0,0
707,5305,708.1618131974308,99836,1997,945,130,30,40065,20192,0.6035598381345406,1405,763,23340,24756,12203,6431,10923,17073,48288,35706,0,0,6312,5115,20722,2306,6784,704,839,0,0,4111,47326,906,4711,0,0,0,0,0
708,5305,709.0651766736833,99834,2050,991,131,31,40396,20354,0.6085101268105054,1454,788,23201,24715,12359,6502,10803,16971,48291,35710,0,0,6263,5076,20644,2342,6885,722,880,0,0,4266,47165,898,4693,0,0,0,0,0
709,5305,710.2755518717719,99833,2099,1050,131,32,40817,20577,0.614966994881452,1498,852,23040,24638,12577,6605,10653,16821,48294,35714,0,0,6206,5039,20540,2369,7016,750,931,0,0,4505,46919,889,4669,0,0,0,0,0
710,5305,711.1875406905232,99833,2163,1103,131,32,41143,20756,0.6200254424889565,1596,887,22862,24595,12701,6685,10545,16696,48297,35718,0,0,6172,5003,20458,2399,7111,769,961,0,0,4682,46735,886,4657,0,0,0,0,0
711,5305,712.1039671149565,99832,2227,1166,132,32,41498,20958,0.6256110265245612,1661,919,22691,24561,12860,6779,10427,16541,48300,35722,0,0,6134,4962,20374,2438,7218,790,991,0,0,4866,46542,880,4637,0,0,0,0,0
712,5305,713.0251449567597,99832,2310,1226,132,32,41887,21181,0.6317413254267169,1713,940,22545,24512,13018,6891,10280,16397,48303,35726,0,0,6094,4912,20302,2475,7312,815,1027,0,0,5091,46311,876,4617,0,0,0,0,0
713,5305,714.2603667665744,99831,2477,1296,133,32,42465,21468,0.6404122967815609,1756,979,22272,24415,13238,7046,10122,16230,48306,35730,0,0,6024,4866,20184,2514,7464,841,1090,0,0,5377,46017,863,4591,0,0,0,0,0
714,5305,715.1935726533195,99829,2583,1343,134,33,42898,21700,0.6470865179456872,1822,993,22075,24333,13403,7179,9981,16117,48309,35734,0,0,5964,4814,20093,2559,7580,863,1145,0,0,5603,45780,858,4570,0,0,0,0,0
715,5305,716.132604858704,99829,2665,1422,134,33,43320,21954,0.6538580973464625,1901,1035,21871,24246,13576,7306,9851,15956,48312,35738,0,0,5910,4768,19996,2595,7716,886,1196,0,0,5809,45550,853,4550,0,0,0,0,0
716,5305,717.0782197034074,99828,2731,1506,135,33,43761,22224,0.6609868974636375,1982,1029,21644,24185,13805,7428,9701,15817,48315,35742,0,0,5848,4728,19879,2624,7866,914,1252,0,0,6037,45301,848,4531,0,0,0,0,0
717,5305,718.0312684547421,99828,2840,1536,135,33,44223,22467,0.6680490443562929,2043,1090,21422,24076,14008,7592,9550,15671,48318,35746,0,0,5800,4682,19753,2662,8021,949,1297,0,0,6264,45059,839,4502,0,0,0,0,0
718,5305,719.3132698619246,99827,3004,1617,136,33,44884,22816,0.6781732397046891,2174,1128,21074,23968,14266,7774,9344,15478,48321,35750,0,0,5733,4615,19624,2730,8196,991,1353,0,0,6583,44710,823,4469,0,0,0,0,0
719,5305,720.2847919308598,99827,3090,1663,136,33,45427,23089,0.6863473809690765,2151,1198,20884,23872,14530,7926,9207,15306,48323,35754,0,0,5672,4559,19492,2780,8367,1030,1404,0,0,6860,44409,814,4440,0,0,0,0,0
720,5305,721.2640557048103,99827,3214,1745,136,33,45977,23401,0.6949823194125838,2191,1200,20629,23789,14754,8092,9074,15139,48325,35758,0,0,5612,4510,19374,2825,8531,1063,1451,0,0,7134,44108,807,4412,0,0,0,0,0
721,5305,722.2526254560067,99827,3280,1762,136,33,46515,23682,0.7031865126669138,2273,1256,20393,23687,14999,8291,8917,14969,48327,35762,0,0,5539,4457,19257,2874,8688,1103,1512,0,0,7464,43754,798,4381,0,0,0,0,0
722,5305,723.2501091620463,99827,3415,1808,136,33,47103,23992,0.7121820749897322,2320,1272,20139,23567,15222,8499,8766,14819,48329,35766,0,0,5487,4407,19129,2910,8875,1133,1556,0,0,7795,43400,791,4344,0,0,0,0,0
723,5305,724.2572663108746,99826,3527,1863,136,34,47704,24294,0.721234948810931,2375,1298,19880,23446,15473,8675,8607,14682,48331,35770,0,0,5413,4350,18991,2949,9064,1178,1620,0,0,8075,43089,784,4313,0,0,0,0,0
724,5305,725.2747925155275,99825,3650,1943,137,34,48330,24646,0.7310393188079138,2430,1324,19638,23314,15701,8875,8442,14508,48333,35773,0,0,5351,4299,18859,2993,9259,1221,1673,0,0,8406,42725,772,4267,0,0,0,0,0
725,5305,726.3018032662719,99824,3751,2003,137,35,48955,25000,0.7408539028690495,2510,1359,19344,23177,15974,9090,8282,14334,48335,35776,0,0,5291,4236,18705,3055,9460,1275,1720,0,0,8740,42359,762,4221,0,0,0,0,0
726,5305,727.3409169559409,99823,3779,2071,137,36,49572,25354,0.7505885417188424,2581,1369,19060,23059,16319,9291,8122,14172,48337,35779,0,0,5212,4178,18541,3093,9683,1334,1795,0,0,9080,41980,751,4176,0,0,0,0,0
727,5305,728.0411270064932,99822,3880,2120,138,36,50021,25614,0.7576987036925728,2630,1364,18849,22967,16496,9431,8005,14080,48339,35782,0,0,5164,4143,18423,3119,9845,1361,1835,0,0,9302,41732,746,4152,0,0,0,0,0
728,5305,729.1041694555969,99822,3955,2185,138,36,50714,25992,0.7684278014866462,2701,1421,18512,22794,16843,9650,7849,13912,48341,35785,0,0,5076,4082,18271,3186,10078,1412,1902,0,0,9656,41324,729,4106,0,0,0,0,0
729,5305,730.1829180878647,99821,3986,2225,138,37,51410,26344,0.7789342923833662,2796,1475,18202,22651,17208,9871,7668,13739,48343,35788,0,0,5007,4006,18099,3247,10320,1480,1953,0,0,10027,40902,714,4066,0,0,0,0,0
730,5305,731.2776254909139,99818,4109,2303,141,37,52175,26778,0.7909695646075858,2890,1497,17845,22488,17511,10102,7502,13571,48345,35791,0,0,4907,3937,17912,3293,10610,1524,2034,0,0,10413,40477,707,4004,0,0,0,0,0
731,5305,732.0169497671461,99816,4228,2339,142,38,52708,27066,0.7992105474072293,2873,1530,17677,22366,17703,10286,7375,13439,48347,35794,0,0,4861,3882,17798,3344,10772,1564,2071,0,0,10682,40171,697,3974,0,0,0,0,0
732,5305,733.1326478630488,99816,4363,2398,142,38,53518,27506,0.8117335898052417,2909,1565,17339,22172,18048,10562,7197,13263,48349,35797,0,0,4777,3821,17590,3397,11048,1636,2130,0,0,11090,39714,689,3924,0,0,0,0,0
733,5305,734.2271935489562,99815,4448,2456,142,39,54314,27948,0.824144667635125,2892,1622,17034,21966,18432,10837,7050,13078,48351,35800,0,0,4681,3749,17378,3455,11323,1718,2208,0,0,11491,39253,682,3877,0,0,0,0,0
734,5305,735.2966605416126,99814,4502,2512,143,39,55084,28372,0.8361151742240568,2854,1686,16756,21783,18836,11097,6907,12881,48353,35803,0,0,4591,3692,17188,3506,11581,1794,2280,0,0,11918,38764,667,3833,0,0,0,0,0
735,5305,736.3423120731765,99813,4623,2577,144,39,55881,28788,0.8482762766373118,2849,1733,16459,21627,19180,11329,6743,12693,48355,35806,0,0,4502,3621,16995,3557,11825,1876,2348,0,0,12289,38335,660,3805,0,0,0,0,0
736,5305,737.0281356248178,99813,4663,2620,144,39,56356,29074,0.8559005339985774,2861,1778,16299,21482,19387,11505,6644,12574,48357,35809,0,0,4447,3572,16888,3604,11970,1936,2392,0,0,12533,38043,652,3776,0,0,0,0,0
737,5305,738.0400505788294,99813,4664,2681,144,39,57029,29515,0.8670614048270265,2986,1850,16013,21298,19709,11753,6482,12377,48359,35812,0,0,4355,3508,16697,3657,12254,2010,2466,0,0,12881,37616,636,3733,0,0,0,0,0
738,5305,739.0334012717537,99810,4746,2722,147,39,57750,29945,0.8786193768159503,3038,1884,15731,21116,20000,12026,6336,12211,48361,35815,0,0,4268,3451,16505,3702,12539,2071,2534,0,0,13263,37169,628,3680,0,0,0,0,0
739,5305,740.0099907678275,99810,4846,2776,147,39,58479,30389,0.8903717062418596,3062,1900,15451,20929,20301,12293,6191,12061,48363,35818,0,0,4190,3407,16318,3712,12820,2153,2598,0,0,13612,36742,617,3641,0,0,0,0,0
740,5305,741.2872376371566,99808,4940,2863,147,41,59437,31011,0.9062199422891952,3031,1844,15163,20746,20672,12653,6045,11851,48365,35821,0,0,4077,3329,16086,3764,13151,2271,2687,0,0,14115,36141,604,3583,0,0,0,0,0
741,5305,742.2285292402026,99804,5010,2916,151,41,60154,31465,0.9179892589475371,3046,1856,14904,20598,20971,12924,5916,11663,48367,35824,0,0,4000,3266,15921,3821,13430,2342,2739,0,0,14463,35691,594,3537,0,0,0,0,0
742,5305,743.1551051115888,99802,5033,2967,152,42,60857,31882,0.9292298751528025,3031,1852,14682,20450,21314,13164,5786,11523,48369,35827,0,0,3923,3206,15758,3857,13681,2439,2797,0,0,14811,35263,577,3490,0,0,0,0,0
743,5305,744.0663614551223,99802,5071,3011,152,42,61518,32312,0.9401615198092222,3090,1824,14447,20305,21592,13423,5646,11393,48371,35830,0,0,3851,3146,15587,3901,13953,2531,2845,0,0,15088,34880,567,3453,0,0,0,0,0
744,5305,745.260377062907,99800,5077,3023,154,42,62411,32853,0.9545490981963928,3155,1876,14166,20069,21974,13793,5472,11195,48373,35833,0,0,3746,3076,15362,3950,14304,2655,2920,0,0,15542,34288,557,3400,0,0,0,0,0
745,5305,746.1419663496264,99799,5124,3023,155,42,63087,33244,0.9652501528071423,3154,1896,13945,19927,22254,14061,5366,11049,48375,35836,0,0,3689,3030,15187,3981,14579,2748,2950,0,0,15857,33869,546,3363,0,0,0,0,0
746,5305,747.0118900870494,99797,5179,3068,157,42,63776,33677,0.9765123200096195,3135,1881,13754,19791,22519,14315,5254,10901,48377,35839,0,0,3610,2971,15022,4023,14839,2836,2998,0,0,16175,33461,539,3323,0,0,0,0,0
747,5305,748.1548360015845,99795,5230,3100,159,42,64663,34219,0.9908512450523573,3166,1806,13455,19629,22883,14667,5105,10754,48379,35842,0,0,3522,2894,14784,4082,15214,2943,3055,0,0,16586,32921,524,3270,0,0,0,0,0
748,5305,749.2780442043738,99792,5275,3109,162,42,65569,34735,1.0051306717973385,3156,1876,13202,19423,23243,14983,4960,10565,48381,35845,0,0,3430,2811,14548,4164,15559,3066,3105,0,0,16998,32381,509,3221,0,0,0,0,0
749,5305,750.1081304591797,99792,5341,3116,162,42,66241,35108,1.015602453102453,3118,1892,13009,19281,23513,15216,4855,10451,48383,35848,0,0,3371,2772,14390,4182,15821,3162,3135,0,0,17266,32004,497,3192,0,0,0,0,0
750,5305,751.200212771268,99790,5395,3152,162,44,67098,35610,1.0292414069546048,3127,1926,12756,19126,23825,15467,4733,10283,48385,35851,0,0,3292,2707,14180,4227,16171,3294,3176,0,0,17567,31544,491,3141,0,0,0,0,0
751,5305,752.0089628964474,99788,5400,3218,164,44,67710,35988,1.0391830681043812,3153,1927,12609,19004,24039,15651,4633,10154,48387,35854,0,0,3242,2652,14031,4265,16409,3394,3203,0,0,17789,31205,482,3116,0,0,0,0,0
752,5305,753.0743793375723,99784,5391,3293,167,45,68547,36514,1.0528842299366632,3107,1956,12407,18843,24417,15899,4509,9962,48389,35857,0,0,3160,2576,13830,4305,16760,3531,3252,0,0,18093,30744,471,3062,0,0,0,0,0
753,5305,754.1236375834359,99781,5390,3351,169,46,69364,37041,1.06638538399094,3079,1929,12178,18673,24785,16199,4397,9800,48391,35859,0,0,3090,2516,13628,4342,17093,3676,3289,0,0,18405,30268,454,3020,0,0,0,0,0
754,5305,755.157186031281,99775,5388,3305,172,49,70179,37507,1.0792883988975195,3086,1970,11947,18537,25133,16506,4272,9631,48393,35861,0,0,3017,2459,13428,4364,17431,3825,3331,0,0,18747,29758,444,2971,0,0,0,0,0
755,5305,756.1767212931024,99772,5402,3267,173,51,70963,37975,1.0918694623742131,3133,2036,11753,18361,25380,16812,4157,9471,48395,35863,0,0,2946,2394,13231,4425,17751,3970,3360,0,0,19058,29290,436,2911,0,0,0,0,0
756,5305,757.1855808488488,99771,5418,3340,174,51,71734,38511,1.1049804051277425,3147,1986,11550,18221,25648,17061,4061,9339,48397,35865,0,0,2876,2331,13046,4465,18068,4103,3397,0,0,19348,28840,430,2867,0,0,0,0,0
757,5305,758.1831181397613,99770,5367,3308,174,52,72489,38994,1.117400020046106,3148,1965,11367,18088,25983,17382,3959,9203,48399,35867,0,0,2800,2278,12840,4497,18391,4266,3444,0,0,19678,28351,414,2811,0,0,0,0,0
758,5305,759.1686355704584,99768,5411,3293,176,52,73275,39462,1.1299915804666827,3101,1995,11151,17941,26282,17658,3877,9059,48401,35869,0,0,2733,2229,12641,4529,18720,4407,3476,0,0,19941,27921,400,2771,0,0,0,0,0
759,5305,760.1425883875039,99768,5376,3280,176,52,74006,39919,1.1418992061582873,3071,2046,10997,17781,26596,17918,3782,8921,48403,35871,0,0,2673,2173,12447,4562,19047,4559,3499,0,0,20202,27494,393,2719,0,0,0,0,0
760,5305,761.1064299162825,99768,5351,3300,176,52,74737,40424,1.1542879480394515,3073,1952,10821,17653,26883,18235,3694,8806,48405,35873,0,0,2608,2132,12277,4588,19386,4703,3521,0,0,20445,27048,383,2677,0,0,0,0,0
761,5305,762.0604587890289,99768,5361,3339,176,52,75489,40889,1.1664862480955818,3036,1947,10692,17505,27123,18470,3610,8685,48407,35875,0,0,2539,2071,12119,4640,19656,4861,3552,0,0,20649,26664,369,2648,0,0,0,0,0
762,5305,763.0062502072639,99768,5347,3350,176,52,76223,41362,1.1785843156122204,2979,1901,10562,17411,27405,18724,3529,8560,48409,35877,0,0,2476,2029,11971,4681,19937,5028,3562,0,0,20864,26254,360,2606,0,0,0,0,0
763,5305,764.1767405881557,99768,5383,3377,176,52,77106,41922,1.1930478710608612,2910,1855,10410,17285,27691,19022,3428,8407,48411,35879,0,0,2415,1972,11754,4712,20292,5223,3574,0,0,21122,25812,348,2544,0,0,0,0,0
764,5305,765.104903390646,99766,5347,3404,177,53,77775,42398,1.2045486438265542,2896,1848,10292,17132,27938,19270,3348,8291,48412,35881,0,0,2353,1931,11583,4749,20606,5370,3596,0,0,21315,25428,340,2495,0,0,0,0,0
765,5305,766.025763334405,99764,5359,3422,177,55,78417,42835,1.2153883164267671,2927,1809,10148,17037,28113,19501,3274,8174,48413,35883,0,0,2305,1896,11441,4754,20861,5532,3609,0,0,21471,25099,337,2459,0,0,0,0,0
766,5305,767.1679346037071,99760,5304,3363,178,58,79243,43338,1.2287590216519648,2926,1868,10005,16891,28402,19782,3183,8036,48414,35885,0,0,2230,1831,11242,4812,21194,5746,3637,0,0,21695,24637,320,2416,0,0,0,0,0
767,5305,768.0741334330918,99759,5316,3349,178,59,79876,43742,1.2391663910023156,2906,1892,9893,16801,28580,19974,3125,7923,48415,35887,0,0,2175,1799,11093,4826,21433,5912,3659,0,0,21846,24315,314,2387,0,0,0,0,0
768,5305,769.1985512752163,99757,5283,3329,179,60,80704,44237,1.2524534619124472,2842,1923,9769,16684,28883,20201,3042,7801,48416,35889,0,0,2124,1759,10917,4842,21744,6120,3660,0,0,22097,23841,306,2347,0,0,0,0,0
769,5305,770.0904845167194,99756,5237,3354,179,61,81345,44674,1.263272384618469,2813,1899,9682,16582,29107,20420,2980,7682,48417,35891,0,0,2074,1721,10762,4848,22037,6286,3672,0,0,22221,23525,301,2309,0,0,0,0,0
770,5305,771.1970755041975,99755,5163,3281,179,62,82118,45140,1.2757054784221342,2789,1913,9546,16471,29418,20717,2903,7554,48418,35893,0,0,2013,1677,10588,4857,22384,6509,3679,0,0,22363,23122,297,2266,0,0,0,0,0
771,5305,772.075235408204,99753,5120,3304,181,62,82738,45565,1.286206931119866,2761,1852,9440,16399,29656,20905,2840,7476,48419,35895,0,0,1961,1643,10445,4881,22638,6679,3693,0,0,22496,22794,295,2228,0,0,0,0,0
772,5305,773.164648887909,99751,5054,3319,182,63,83462,46065,1.2985032731501438,2758,1858,9318,16274,29918,21133,2768,7351,48420,35897,0,0,1901,1603,10276,4907,22940,6866,3700,0,0,22694,22379,291,2194,0,0,0,0,0
773,5305,774.0297446835818,99751,5014,3311,182,63,84046,46470,1.3084179607221982,2722,1819,9234,16172,30124,21379,2722,7254,48421,35899,0,0,1874,1561,10132,4917,23190,7024,3690,0,0,22880,22040,285,2158,0,0,0,0,0
774,5305,775.1046814029459,99746,5009,3293,185,65,84811,46938,1.3208449461632548,2658,1779,9145,16089,30346,21638,2655,7134,48422,35901,0,0,1803,1512,9979,4945,23471,7228,3707,0,0,23008,21688,279,2126,0,0,0,0,0
775,5305,776.1728619605442,99743,4992,3291,187,66,85523,47441,1.3330659795674884,2613,1768,9041,15983,30577,21883,2588,7007,48423,35903,0,0,1762,1485,9820,4938,23751,7445,3706,0,0,23156,21327,270,2083,0,0,0,0,0
776,5305,777.0225772985109,99742,4932,3206,187,67,86075,47791,1.342122676505384,2587,1784,8990,15903,30753,22111,2549,6927,48424,35905,0,0,1734,1459,9688,4957,23991,7631,3685,0,0,23264,21019,263,2051,0,0,0,0,0
777,5305,778.079924105366,99742,4821,3213,187,67,86708,48280,1.353371698983377,2585,1695,8933,15814,30983,22371,2489,6838,48425,35907,0,0,1698,1416,9523,4962,24304,7848,3682,0,0,23348,20697,252,2012,0,0,0,0,0
778,5305,779.1318543493165,99741,4761,3145,188,67,87367,48703,1.3642333644138318,2536,1684,8876,15771,31198,22594,2439,6737,48426,35909,0,0,1654,1374,9357,4985,24568,8070,3677,0,0,23460,20375,245,1976,0,0,0,0,0
779,5305,780.1787616591829,99740,4705,3139,189,67,88014,49166,1.3753759775416081,2533,1610,8817,15718,31367,22814,2387,6650,48427,35911,0,0,1598,1352,9219,4972,24862,8271,3690,0,0,23520,20069,237,1950,0,0,0,0,0
780,5305,781.0129743447359,99739,4622,3086,190,67,88546,49515,1.3842228215642827,2517,1603,8759,15650,31570,23026,2340,6566,48428,35913,0,0,1565,1329,9104,4965,25084,8462,3679,0,0,23600,19803,232,1916,0,0,0,0,0
781,5305,782.0505584818945,99738,4614,3037,191,67,89204,49933,1.3950249654093725,2444,1582,8701,15568,31749,23252,2299,6492,48429,35915,0,0,1515,1297,8981,4972,25340,8665,3680,0,0,23672,19508,224,1884,0,0,0,0,0
782,5305,783.0839061536689,99736,4578,3007,193,67,89820,50318,1.405089436111334,2363,1579,8663,15521,31939,23430,2262,6394,48430,35917,0,0,1480,1266,8862,4975,25575,8869,3680,0,0,23722,19234,217,1856,0,0,0,0,0
783,5305,784.1131703134101,99735,4512,2923,194,67,90434,50716,1.4152504135960295,2292,1586,8639,15424,32137,23684,2224,6314,48431,35919,0,0,1439,1248,8724,4976,25818,9093,3667,0,0,23803,18923,213,1831,0,0,0,0,0
784,5305,785.1381005410682,99735,4445,2914,194,67,91037,51139,1.4255376748383215,2239,1534,8597,15367,32340,23879,2183,6237,48432,35921,0,0,1398,1212,8605,4998,26029,9319,3664,0,0,23867,18646,208,1789,0,0,0,0,0
785,5305,786.1590946781824,99735,4425,2907,194,67,91619,51536,1.4353536872712689,2192,1483,8567,15339,32472,24057,2148,6145,48433,35923,0,0,1359,1184,8496,4992,26218,9537,3664,0,0,23893,18410,206,1776,0,0,0,0,0
786,5305,787.1767544276939,99735,4334,2842,194,67,92156,51906,1.4444477866345817,2184,1457,8557,15312,32634,24259,2095,6061,48434,35925,0,0,1329,1156,8362,4983,26468,9740,3659,0,0,23951,18138,204,1745,0,0,0,0,0
787,5305,788.1917306477677,99733,4273,2839,195,68,92703,52282,1.4537314630062266,2122,1427,8555,15282,32791,24408,2062,5974,48435,35927,0,0,1298,1128,8262,4993,26642,9950,3652,0,0,23989,17893,199,1727,0,0,0,0,0
788,5305,789.0016376763735,99730,4252,2785,197,69,93131,52561,1.4608643337009928,2113,1401,8541,15253,32867,24583,2028,5907,48436,35929,0,0,1272,1111,8165,4994,26802,10104,3635,0,0,24035,17700,194,1718,0,0,0,0,0
789,5305,790.0118305423032,99729,4162,2725,198,69,93668,52884,1.4695023513722187,2095,1434,8520,15204,33025,24730,1998,5836,48437,35931,0,0,1246,1089,8061,4992,27036,10307,3616,0,0,24035,17469,188,1690,0,0,0,0,0
790,5305,791.0193783257636,99728,4131,2686,199,69,94209,53240,1.4785115514198621,2030,1431,8513,15167,33158,24895,1967,5750,48438,35933,0,0,1217,1070,7966,4983,27189,10531,3608,0,0,24059,17249,181,1675,0,0,0,0,0
791,5305,792.0244053828623,99726,4033,2628,200,70,94728,53597,1.4873252712432063,2000,1412,8502,15140,33329,25078,1934,5670,48439,35935,0,0,1187,1037,7851,4995,27392,10747,3599,0,0,24081,17012,177,1648,0,0,0,0,0
792,5305,793.0264965849079,99724,3939,2638,202,70,95223,53950,1.4958585696522402,1943,1368,8514,15102,33491,25207,1909,5613,48440,35937,0,0,1156,1006,7771,4996,27564,10949,3585,0,0,24101,16801,172,1623,0,0,0,0,0
793,5305,794.0260450744961,99722,3877,2594,204,70,95688,54288,1.5039409558572832,1930,1341,8501,15052,33603,25387,1883,5554,48441,35939,0,0,1135,990,7674,4998,27691,11169,3571,0,0,24145,16578,169,1602,0,0,0,0,0
794,5305,795.0232257420986,99720,3797,2519,205,71,96155,54595,1.5117328519855595,1939,1383,8491,15009,33712,25537,1854,5479,48442,35941,0,0,1105,969,7577,4995,27889,11364,3561,0,0,24149,16367,164,1580,0,0,0,0,0
795,5305,796.0182802015275,99720,3712,2478,205,71,96624,54942,1.5199157641395908,1905,1333,8491,14977,33863,25732,1822,5407,48443,35943,0,0,1090,951,7498,4985,28067,11572,3534,0,0,24147,16154,160,1562,0,0,0,0,0
796,5305,797.0112493108195,99719,3638,2480,206,71,97094,55298,1.528214282132793,1836,1284,8499,14946,34026,25860,1793,5357,48444,35945,0,0,1068,922,7414,4985,28242,11774,3516,0,0,24141,15962,155,1540,0,0,0,0,0
797,5305,798.0017743005967,99719,3531,2483,206,71,97534,55616,1.5358156419538904,1798,1246,8514,14920,34183,25977,1766,5301,48445,35947,0,0,1050,905,7343,4986,28403,11967,3487,0,0,24127,15778,152,1521,0,0,0,0,0
798,5305,799.1876380270743,99718,3477,2415,207,71,98074,55961,1.54470607112056,1738,1236,8517,14910,34317,26130,1742,5236,48446,35949,0,0,1026,891,7255,4996,28596,12179,3449,0,0,24133,15543,149,1501,0,0,0,0,0
799,5305,800.173815557134,99718,3346,2380,207,71,98487,56267,1.5519164042600133,1690,1198,8521,14901,34517,26258,1717,5190,48447,35951,0,0,1013,870,7177,4996,28779,12377,3419,0,0,24106,15359,145,1477,0,0,0,0,0
800,5305,801.1573208250088,99718,3302,2369,207,71,98905,56585,1.5592972181551976,1677,1177,8515,14875,34596,26382,1701,5124,48448,35953,0,0,999,853,7113,5006,28909,12563,3391,0,0,24110,15181,144,1449,0,0,0,0,0
801,5305,802.1394344672512,99716,3232,2356,207,73,99318,56885,1.5664787997914076,1636,1141,8529,14871,34717,26480,1677,5077,48449,35955,0,0,981,839,7027,5002,29058,12752,3373,0,0,24088,15022,140,1434,0,0,0,0,0
802,5305,803.1198869099518,99714,3129,2334,209,73,99708,57171,1.57328960827968,1618,1138,8559,14861,34834,26568,1649,5024,48450,35957,0,0,965,824,6938,4992,29225,12936,3363,0,0,24057,14856,134,1424,0,0,0,0,0
803,5305,804.0988534135375,99713,3056,2299,210,73,100102,57448,1.580034699587817,1604,1112,8576,14855,34924,26687,1628,4972,48451,35959,0,0,945,812,6852,4978,29365,13130,3358,0,0,24023,14713,132,1405,0,0,0,0,0
804,5305,805.076703500586,99711,2984,2264,212,73,100474,57746,1.586785810993772,1576,1052,8603,14852,35014,26835,1609,4922,48452,35961,0,0,925,800,6774,4964,29516,13305,3343,0,0,24018,14547,129,1390,0,0,0,0,0
805,5305,806.0540356322585,99710,2988,2218,213,73,100879,57995,1.5933607461638752,1554,1050,8640,14846,35023,26927,1580,4884,48453,35963,0,0,914,794,6716,4935,29597,13494,3330,0,0,24034,14395,126,1375,0,0,0,0,0
806,5305,807.0314763160839,99709,2937,2179,214,73,101235,58269,1.5996951127781844,1527,1025,8685,14839,35081,27045,1554,4837,48454,35964,0,0,902,781,6640,4929,29721,13669,3318,0,0,24022,14239,125,1363,0,0,0,0,0
807,5305,808.0085628999452,99709,2880,2102,214,73,101606,58498,1.605712623735069,1528,1022,8688,14874,35152,27147,1536,4780,48455,35965,0,0,886,772,6568,4923,29817,13863,3314,0,0,24008,14085,122,1351,0,0,0,0,0
808,5305,809.1805458257297,99709,2876,2049,214,73,102046,58791,1.6130640162873964,1496,1032,8721,14879,35183,27233,1508,4732,48456,35966,0,0,867,762,6496,4915,29955,14050,3298,0,0,23985,13926,121,1334,0,0,0,0,0
809,5305,810.1569612611779,99708,2848,1991,215,73,102406,59025,1.6190375897621054,1484,1014,8737,14894,35224,27338,1490,4688,48457,35967,0,0,849,748,6440,4908,30058,14215,3280,0,0,23986,13783,121,1320,0,0,0,0,0
810,5305,811.133153358513,99708,2789,1987,215,73,102764,59281,1.6251955710675172,1465,977,8757,14904,35302,27416,1470,4641,48458,35968,0,0,831,733,6372,4906,30189,14370,3271,0,0,23962,13655,117,1302,0,0,0,0,0
811,5305,812.1083980171569,99707,2770,1941,215,74,103116,59515,1.6310890910367377,1433,949,8790,14948,35337,27485,1453,4601,48459,35969,0,0,820,721,6313,4894,30294,14543,3260,0,0,23915,13538,115,1294,0,0,0,0,0
812,5305,813.0839313453369,99707,2751,1908,215,74,103479,59752,1.6371067226975038,1380,913,8826,14973,35391,27573,1435,4557,48460,35970,0,0,810,709,6242,4881,30396,14720,3246,0,0,23877,13427,113,1286,0,0,0,0,0
813,5305,814.0592336537293,99707,2716,1867,215,74,103813,59981,1.6427532670725224,1326,894,8884,14996,35434,27646,1423,4521,48461,35971,0,0,798,699,6188,4867,30503,14888,3234,0,0,23839,13318,111,1262,0,0,0,0,0
814,5305,815.0349195155167,99705,2631,1864,217,74,104089,60218,1.647931397622988,1343,857,8928,15047,35467,27675,1412,4481,48462,35972,0,0,787,687,6144,4849,30609,15034,3228,0,0,23805,13200,110,1252,0,0,0,0,0
815,5305,816.010542188255,99705,2629,1799,217,74,104421,60429,1.6533774635173764,1257,843,8976,15064,35529,27771,1390,4447,48463,35973,0,0,777,676,6100,4841,30708,15186,3216,0,0,23785,13072,109,1235,0,0,0,0,0
816,5305,817.1814516796527,99704,2586,1759,218,74,104809,60685,1.6598531653694937,1208,830,9053,15070,35564,27856,1369,4409,48464,35974,0,0,768,670,6044,4842,30796,15378,3180,0,0,23762,12938,109,1217,0,0,0,0,0
817,5305,818.1576630751126,99701,2509,1707,219,76,105067,60878,1.6644266356405653,1243,816,9075,15082,35597,27944,1355,4373,48465,35975,0,0,757,660,5989,4825,30860,15548,3173,0,0,23735,12838,109,1207,0,0,0,0,0
818,5305,819.134409280043,99701,2477,1685,219,76,105348,61089,1.6693613905577678,1254,812,9129,15106,35583,27983,1336,4336,48466,35976,0,0,746,655,5945,4803,30920,15705,3166,0,0,23713,12740,109,1199,0,0,0,0,0
819,5305,820.1117274767405,99701,2447,1633,219,76,105632,61277,1.674095545681588,1233,804,9186,15154,35596,28025,1317,4306,48467,35977,0,0,738,650,5901,4777,31046,15832,3150,0,0,23670,12643,106,1188,0,0,0,0,0
820,5305,821.0894709435364,99701,2405,1607,219,76,105911,61455,1.6786792509603714,1189,796,9246,15185,35638,28064,1301,4270,48468,35978,0,0,728,638,5856,4758,31125,15973,3139,0,0,23632,12562,106,1184,0,0,0,0,0
821,5305,822.0673405974653,99700,2384,1586,220,76,106208,61660,1.6837311935807422,1154,784,9299,15205,35651,28108,1290,4239,48469,35979,0,0,719,630,5814,4746,31211,16116,3125,0,0,23598,12464,105,1172,0,0,0,0,0
822,5305,823.0454959267923,99700,2334,1558,220,76,106485,61831,1.688224674022066,1144,783,9345,15225,35680,28144,1275,4212,48470,35980,0,0,710,623,5773,4737,31270,16266,3111,0,0,23567,12374,104,1165,0,0,0,0,0
823,5305,824.0242533514627,99699,2305,1555,221,76,106775,62027,1.6931162800028086,1085,747,9416,15265,35708,28171,1263,4184,48471,35981,0,0,698,615,5736,4724,31331,16414,3102,0,0,23531,12290,101,1157,0,0,0,0,0
824,5305,825.0035813531242,99697,2259,1472,223,76,107028,62179,1.6972125540387373,1074,792,9464,15318,35729,28206,1249,4134,48472,35982,0,0,692,609,5699,4695,31403,16556,3081,0,0,23526,12187,101,1148,0,0,0,0,0
825,5305,826.1791638933006,99697,2174,1457,223,76,107320,62405,1.7024082971403351,1059,760,9546,15394,35758,28218,1238,4093,48473,35983,0,0,685,596,5656,4702,31446,16743,3060,0,0,23478,12093,98,1140,0,0,0,0,0
826,5305,827.1592408909067,99695,2135,1443,224,77,107592,62577,1.706896032900346,1021,740,9597,15441,35800,28228,1221,4069,48474,35984,0,0,679,586,5617,4704,31486,16892,3042,0,0,23440,12018,97,1134,0,0,0,0,0
827,5305,828.1397458660484,99695,2094,1437,224,77,107816,62759,1.7109684537840413,1059,740,9645,15472,35769,28234,1207,4038,48475,35985,0,0,671,578,5584,4689,31525,17021,3038,0,0,23437,11927,95,1130,0,0,0,0,0
828,5305,829.1206848763563,99695,2033,1452,224,77,108072,62950,1.71545212899343,1014,719,9687,15513,35838,28242,1202,3995,48476,35986,0,0,666,570,5556,4680,31589,17149,3013,0,0,23414,11841,95,1122,0,0,0,0,0
829,5305,830.1013892547973,99695,1979,1426,224,77,108296,63140,1.719604794623602,992,684,9757,15535,35855,28314,1191,3962,48477,35987,0,0,663,563,5515,4666,31672,17284,3003,0,0,23352,11770,93,1114,0,0,0,0,0
830,5305,831.0822721835415,99695,1893,1401,224,77,108502,63294,1.723215808215056,998,684,9796,15583,35905,28319,1182,3934,48478,35988,0,0,650,554,5465,4678,31726,17409,2984,0,0,23340,11690,92,1107,0,0,0,0,0
831,5305,832.0635714592312,99694,1874,1338,224,78,108739,63440,1.7270748490380565,1005,669,9839,15644,35886,28357,1170,3912,48479,35989,0,0,646,545,5433,4672,31794,17528,2966,0,0,23311,11607,91,1101,0,0,0,0,0
832,5305,833.0460501251071,99693,1860,1314,224,79,108986,63598,1.7311546447594115,989,648,9910,15703,35858,28375,1157,3879,48480,35990,0,0,640,542,5397,4651,31859,17643,2956,0,0,23296,11523,89,1097,0,0,0,0,0
833,5305,834.0297228235629,99693,1837,1288,224,79,109234,63756,1.735227147342341,953,628,9986,15744,35848,28409,1150,3850,48481,35991,0,0,636,539,5356,4636,31910,17781,2949,0,0,23257,11450,88,1091,0,0,0,0,0
834,5305,835.0146851274925,99693,1832,1254,224,79,109463,63904,1.7390087568836328,933,633,10043,15776,35826,28435,1140,3821,48482,35992,0,0,631,537,5330,4625,31941,17905,2938,0,0,23243,11370,86,1087,0,0,0,0,0
835,5305,836.0005983971384,99693,1790,1262,224,79,109682,64085,1.7430210746993269,928,595,10086,15830,35837,28443,1133,3789,48483,35993,0,0,628,529,5297,4621,31979,18033,2923,0,0,23216,11303,82,1082,0,0,0,0,0
836,5305,837.1850146808275,99692,1799,1215,225,79,109964,64248,1.7475023071058862,902,585,10167,15896,35787,28460,1118,3763,48484,35994,0,0,624,523,5275,4619,32018,18176,2909,0,0,23176,11222,81,1069,0,0,0,0,0
837,5305,838.1735620045913,99692,1798,1186,225,79,110197,64401,1.7513742326365205,867,560,10225,15947,35774,28486,1109,3740,48485,35995,0,0,618,521,5241,4603,32072,18290,2897,0,0,23158,11147,81,1064,0,0,0,0,0
838,5305,839.1634031631437,99692,1768,1145,225,79,110409,64524,1.7547345825141436,860,585,10297,15992,35747,28482,1101,3715,48486,35996,0,0,608,520,5215,4574,32102,18412,2894,0,0,23149,11078,81,1059,0,0,0,0,0
839,5305,840.1544444855399,99692,1725,1116,225,79,110611,64657,1.7580949323917667,831,577,10347,16040,35775,28492,1095,3694,48487,35997,1,1,600,515,5187,4564,32135,18538,2886,0,0,23115,11019,81,1052,0,0,0,0,0
840,5305,841.1460213542258,99692,1692,1109,225,79,110795,64791,1.7612847570517194,848,562,10419,16088,35731,28489,1083,3671,48488,35998,2,2,596,509,5160,4564,32176,18636,2879,0,0,23079,10962,81,1049,0,1,0,0,0
841,5305,842.1391133781395,99691,1668,1084,225,80,110994,64917,1.7645624981191883,863,561,10473,16146,35691,28483,1078,3644,48489,35999,3,3,593,506,5135,4553,32197,18755,2861,0,0,23061,10904,80,1044,0,2,0,0,0
842,5305,843.1334027766784,99690,1625,1074,226,80,111205,65052,1.7680509579697061,832,582,10535,16170,35711,28476,1069,3616,48490,36000,4,4,588,502,5095,4539,32269,18856,2853,0,0,23016,10853,80,1036,0,3,0,0,0
843,5305,844.1282428950727,99690,1590,1058,226,80,111398,65188,1.7713511886849234,831,550,10605,16212,35685,28504,1061,3594,48491,36001,5,5,583,497,5074,4528,32278,18977,2844,0,0,23000,10796,80,1030,0,3,0,0,0
844,5305,845.1243092857512,99690,1565,1043,226,80,111595,65327,1.7747216370749324,808,532,10647,16258,35695,28505,1057,3580,48492,36002,6,6,575,492,5050,4521,32321,19084,2837,0,0,22969,10732,79,1026,0,4,0,0,0
845,5305,846.1212527317487,99686,1574,1023,228,82,111813,65462,1.7783339686615973,736,506,10736,16314,35675,28513,1049,3560,48493,36003,7,7,571,487,5025,4514,32350,19195,2832,0,0,22940,10670,79,1019,0,4,0,0,0
846,5305,847.1196940720586,99686,1496,988,228,82,111968,65586,1.7811327568565296,744,481,10823,16380,35669,28526,1038,3541,48494,36004,8,8,567,485,4995,4499,32388,19313,2823,0,0,22912,10608,79,1012,0,4,0,0,1
847,5305,848.1194202780683,99686,1449,948,228,82,112142,65681,1.783831230062396,729,486,10901,16447,35664,28519,1027,3516,48495,36005,9,9,567,478,4979,4485,32420,19418,2810,0,0,22890,10547,78,1008,0,4,0,0,2
848,5305,849.1203144641943,99686,1383,909,228,82,112317,65800,1.7867804907409266,705,465,10977,16529,35682,28519,1023,3494,48496,36006,10,10,560,473,4953,4473,32437,19550,2800,0,0,22854,10498,78,1003,0,4,0,0,3
849,5305,850.1221978422794,99686,1363,902,228,82,112465,65917,1.7894388379511668,709,452,11032,16583,35647,28506,1019,3473,48497,36007,11,11,559,469,4927,4466,32470,19639,2788,0,0,22829,10456,77,997,0,6,0,0,3
850,5305,851.1254285843297,99686,1358,855,228,82,112644,66025,1.7923178781373512,691,451,11109,16623,35599,28531,1013,3456,48498,36008,12,12,557,465,4917,4450,32515,19730,2773,0,0,22802,10397,77,994,0,6,0,0,3
851,5305,852.1307814648959,99685,1361,836,229,82,112838,66142,1.7954556854090384,649,445,11195,16685,35554,28511,1010,3439,48499,36009,14,14,555,464,4887,4443,32556,19820,2758,0,0,22770,10358,76,988,0,6,1,0,3
852,5305,853.1377715772479,99685,1333,824,229,82,113008,66236,1.7981040276872147,613,459,11277,16753,35541,28465,1005,3415,48500,36010,16,16,551,461,4866,4429,32589,19915,2748,0,0,22734,10324,76,982,0,6,1,0,3
853,5305,854.1461251957438,99685,1293,822,229,82,113164,66359,1.8009028439584691,611,421,11357,16820,35507,28458,1001,3395,48501,36011,19,18,549,458,4843,4418,32616,20012,2734,0,0,22712,10280,74,977,0,7,1,0,4
854,5305,855.1561996049912,99685,1276,819,229,82,113318,66465,1.8035110598384911,627,413,11416,16895,35452,28417,998,3372,48502,36012,23,21,545,458,4829,4412,32623,20107,2731,0,0,22683,10236,73,972,0,10,1,0,5
855,5305,856.1677406344122,99685,1261,799,229,82,113472,66572,1.8061293073180518,625,420,11482,16955,35412,28386,989,3356,48503,36013,28,25,542,451,4806,4411,32651,20198,2722,0,0,22651,10198,70,968,0,11,1,0,5
856,5305,857.18090652449,99685,1223,777,229,82,113622,66670,1.8086171440036114,620,397,11560,17023,35375,28375,991,3344,48504,36014,34,30,538,451,4785,4392,32648,20315,2717,0,0,22632,10154,70,963,1,12,1,0,6
857,5305,858.1958824347445,99685,1173,770,229,82,113775,66764,1.8110949490896324,596,392,11658,17081,35351,28340,991,3333,48505,36015,42,36,538,446,4768,4386,32656,20423,2705,0,0,22584,10121,70,961,1,16,1,0,9
858,5305,859.0089803170591,99684,1162,748,229,83,113901,66839,1.8131294891858272,584,379,11709,17119,35318,28341,996,3328,48506,36016,51,43,533,442,4750,4384,32650,20514,2702,0,0,22557,10090,70,959,1,20,1,0,11
859,5305,860.0269799746999,99683,1141,724,230,83,114034,66940,1.8154951195289066,565,362,11776,17180,35283,28330,1003,3319,48507,36017,63,51,530,434,4734,4375,32677,20599,2695,0,0,22525,10049,70,954,2,25,1,0,13
860,5305,861.0472257833972,99683,1153,708,230,83,114191,67014,1.8178124655156847,537,371,11860,17259,35214,28271,1004,3306,48508,36018,77,61,526,431,4721,4371,32686,20681,2689,0,0,22486,10018,68,952,2,33,1,0,18
861,5305,862.0692084171213,99683,1123,714,230,83,114328,67114,1.820190002307314,534,344,11943,17313,35159,28245,1009,3299,48509,36019,94,73,522,429,4707,4365,32693,20773,2678,0,0,22451,9983,67,949,2,42,2,0,20
862,5305,863.0933990842848,99683,1101,695,230,83,114463,67207,1.8224772528916666,530,337,12021,17373,35100,28213,1016,3297,48510,36020,115,87,520,428,4693,4361,32697,20867,2662,0,0,22420,9939,67,945,4,49,7,0,24
863,5305,864.1199205859846,99683,1080,684,230,83,114593,67295,1.8246641854679333,526,342,12110,17422,35027,28171,1025,3296,48511,36021,140,103,516,428,4670,4349,32700,20960,2656,0,0,22399,9897,67,941,4,59,9,0,28
864,5305,865.1490206174799,99682,1055,657,230,84,114710,67378,1.8266888706085351,527,347,12210,17477,34941,28125,1035,3308,48512,36022,170,122,511,427,4658,4338,32703,21055,2652,0,0,22367,9848,66,938,4,72,10,0,33
865,5305,866.1809024242226,99682,1028,651,230,84,114832,67471,1.8288457294195541,534,330,12287,17542,34866,28063,1053,3328,48513,36023,206,143,511,423,4646,4331,32699,21152,2643,0,0,22330,9805,66,936,4,85,13,0,38
866,5305,867.0084255044804,99682,1003,648,230,84,114946,67540,1.830681567384282,510,331,12359,17565,34825,28023,1071,3347,48514,36024,248,168,508,422,4622,4325,32692,21238,2636,0,0,22289,9772,66,935,4,107,17,0,49
867,5305,868.045108795568,99682,1010,614,230,84,115085,67611,1.8327882666880682,490,318,12440,17634,34739,27971,1089,3377,48515,36025,297,196,506,419,4597,4327,32687,21337,2630,0,0,22254,9723,65,928,4,127,18,0,60
868,5305,869.0845335941142,99681,996,606,231,84,115210,67699,1.8349434696682416,488,305,12509,17703,34657,27889,1117,3411,48516,36026,354,228,504,417,4574,4317,32693,21424,2622,0,0,22215,9677,64,923,5,151,25,0,70
869,5305,870.1263275234746,99681,984,603,231,84,115345,67777,1.8370802861126996,457,303,12570,17766,34611,27791,1145,3451,48517,36027,420,265,502,415,4555,4306,32671,21528,2614,0,0,22165,9640,64,921,6,177,33,0,84
870,5305,871.1702149350513,99681,941,592,231,84,115450,67848,1.838845918479951,455,304,12650,17815,34542,27692,1179,3511,48518,36028,496,307,500,411,4533,4301,32654,21638,2608,0,0,22104,9600,64,914,7,204,40,0,103
871,5305,872.0072987727623,99681,936,587,231,84,115550,67916,1.8405312948305093,453,287,12690,17858,34468,27614,1220,3568,48519,36029,583,354,499,408,4504,4291,32636,21727,2602,0,0,22060,9556,64,911,8,240,54,0,121
872,5305,873.0564180510768,99681,906,570,231,84,115678,67988,1.8425376952478405,443,281,12770,17913,34383,27510,1265,3640,48520,36030,682,407,495,407,4471,4284,32575,21875,2599,0,0,22012,9503,64,906,10,272,66,0,142
873,5305,874.1089915999064,99681,889,537,231,84,115814,68047,1.8444939356547385,424,288,12861,17948,34279,27413,1314,3728,48521,36031,794,466,494,403,4448,4282,32542,22006,2593,0,0,21919,9459,64,895,13,327,76,0,160
874,5305,875.1652520693193,99681,883,523,231,84,115941,68113,1.8464301120574633,424,292,12927,17977,34163,27293,1370,3829,48522,36032,921,532,491,398,4415,4287,32507,22123,2580,0,0,21839,9406,64,891,17,379,94,0,190
875,5305,876.0128550903622,99681,835,523,231,84,116018,68181,1.8478847523600286,430,280,12974,17973,34092,27180,1436,3958,48523,36033,1063,605,489,396,4400,4276,32428,22270,2576,0,0,21767,9354,64,885,20,442,99,0,215
876,5305,877.0758317657314,99681,844,511,231,84,116150,68246,1.8498610567710998,408,276,13036,17983,33967,27059,1512,4085,48524,36034,1222,686,486,394,4374,4259,32355,22414,2574,0,0,21703,9291,64,883,21,504,114,0,245
877,5305,878.1428697415071,99681,819,517,231,84,116249,68321,1.851606625134178,381,269,13113,17995,33858,26903,1596,4230,48525,36035,1399,775,485,393,4348,4245,32273,22568,2571,0,0,21616,9230,64,880,22,573,130,0,283
878,5305,879.2140241945373,99681,823,517,231,84,116357,68388,1.853362225499343,373,273,13190,18028,33698,26697,1683,4399,48526,36036,1596,873,483,393,4326,4233,32171,22731,2568,0,0,21502,9189,64,878,23,664,147,0,309
879,5305,880.0745818234607,99681,802,521,231,84,116442,68450,1.8548369298060814,376,258,13232,18022,33580,26528,1777,4585,48527,36037,1814,980,482,391,4298,4227,32066,22896,2559,0,0,21409,9138,64,876,25,741,166,0,343
880,5305,881.1546005646595,99681,781,499,231,84,116544,68521,1.856572466167073,357,259,13294,18022,33453,26356,1882,4778,48528,36038,2053,1097,480,390,4273,4223,31951,23082,2553,0,0,21284,9061,64,868,29,852,182,0,389
881,5305,882.0222531047017,99681,755,497,231,84,116608,68571,1.8577161144049519,368,259,13333,17990,33308,26167,2003,5001,48529,36039,2315,1224,479,389,4245,4217,31836,23255,2547,0,0,21161,8988,64,864,31,955,205,0,445
882,5305,883.1115822612624,99680,741,488,232,84,116702,68640,1.8593699839486357,359,250,13380,17928,33162,25998,2124,5250,48530,36040,2601,1362,477,388,4217,4210,31714,23445,2543,0,0,21027,8900,64,856,37,1071,222,0,509
883,5305,884.2063613864697,99680,738,465,232,84,116811,68705,1.861115569823435,318,242,13437,17928,33008,25764,2265,5515,48531,36041,2912,1511,475,386,4181,4205,31566,23663,2537,0,0,20889,8811,64,848,42,1202,244,0,567
884,5305,885.0866235317944,99680,723,442,232,84,116877,68744,1.8621689406099518,309,249,13463,17871,32852,25533,2419,5819,48532,36042,3249,1672,473,385,4151,4198,31400,23883,2535,0,0,20746,8726,64,839,49,1334,263,0,634
885,5305,886.1929161643604,99680,703,459,232,84,116969,68824,1.8638944622792937,308,217,13500,17837,32675,25272,2580,6129,48533,36043,3612,1845,473,384,4110,4177,31247,24110,2534,0,0,20576,8631,64,835,51,1493,294,0,701
886,5305,887.082706085282,99679,669,450,232,85,117045,68871,1.8651471222624625,288,209,13537,17763,32519,25008,2753,6483,48534,36044,4002,2030,472,383,4071,4171,31056,24355,2529,0,0,20398,8549,64,829,53,1660,327,0,762
887,5305,888.2015448660856,99678,652,437,232,86,117123,68932,1.8665603242440658,281,197,13582,17678,32314,24755,2937,6845,48535,36045,4419,2228,471,383,4035,4173,30859,24605,2522,0,0,20193,8461,63,814,63,1846,356,0,834
888,5305,889.1021795427437,99678,634,430,232,86,117186,68975,1.8676237484700737,274,195,13592,17564,32132,24481,3134,7242,48536,36046,4863,2439,471,382,4002,4167,30634,24876,2518,0,0,19982,8368,63,805,70,2047,382,0,911
889,5305,890.0083503900472,99678,613,421,232,86,117238,69016,1.8685567527438351,279,202,13602,17469,31926,24170,3346,7650,48537,36047,5334,2663,471,382,3963,4158,30421,25138,2515,0,0,19772,8264,63,791,82,2240,418,0,1000
890,5305,891.1488393966935,99678,609,403,232,86,117324,69068,1.869941210698449,269,195,13611,17370,31712,23858,3565,8086,48538,36048,5832,2900,469,382,3910,4148,30185,25436,2513,0,0,19563,8150,63,776,93,2439,461,0,1090
891,5305,892.067416825752,99678,596,395,232,86,117378,69113,1.8709344087963242,272,191,13620,17285,31475,23487,3803,8554,48539,36049,6356,3151,469,382,3874,4142,29966,25707,2507,0,0,19323,8034,63,761,103,2666,493,0,1188
892,5305,893.2247365705691,99678,558,387,232,86,117447,69160,1.8720981560625214,281,201,13629,17156,31256,23139,4042,9029,48540,36050,6905,3415,466,380,3819,4137,29701,26018,2506,0,0,19086,7918,63,746,117,2892,541,0,1288
893,5305,894.1569718690407,99678,553,390,232,86,117520,69215,1.8733822909769458,270,179,13627,16995,31020,22826,4296,9522,48541,36051,7478,3692,463,377,3760,4133,29421,26343,2505,0,0,18849,7796,62,736,126,3123,590,0,1394
894,5305,895.0963727308307,99678,530,379,232,86,117581,69253,1.874375489074821,260,171,13627,16863,30784,22445,4565,10054,48542,36052,8073,3983,462,377,3707,4128,29125,26685,2500,0,0,18581,7689,62,724,138,3382,638,0,1480
895,5305,896.0434028134378,99678,522,375,232,86,117637,69302,1.8754288809968098,265,158,13611,16728,30523,22049,4845,10602,48543,36053,8689,4287,462,377,3655,4122,28841,27015,2497,0,0,18316,7575,62,714,147,3632,684,0,1579
896,5305,897.2385189115776,99678,510,350,232,86,117710,69353,1.8766728866951583,264,138,13645,16591,30221,21680,5126,11153,48544,36054,9324,4603,462,377,3590,4118,28554,27359,2491,0,0,18030,7426,62,701,157,3909,739,0,1703
897,5305,898.2037251864061,99678,506,335,232,86,117777,69395,1.877766407833223,245,131,13629,16446,29955,21270,5431,11730,48545,36055,9976,4932,461,377,3526,4116,28236,27729,2485,0,0,17733,7305,60,690,168,4182,797,0,1813
898,5305,899.1778902968962,99678,507,325,232,86,117832,69439,1.878759605931098,245,127,13592,16261,29685,20868,5737,12331,48546,36056,10642,5272,460,377,3463,4114,27907,28103,2483,0,0,17435,7176,58,679,178,4464,856,0,1925
899,5305,900.1611890924293,99678,495,324,232,86,117874,69471,1.8795019964284998,273,153,13664,16324,29613,20836,5721,12275,48546,36056,10642,5272,460,376,3458,4112,27918,28127,2480,0,0,17424,7165,58,678,178,4464,856,0,1924
900,5305,900.1611890924293,99678,482,311,232,86,117889,69473,1.8796725455968217,271,162,13567,16049,29381,20488,6065,12902,48546,36056,11321,5624,459,376,3403,4111,27597,28465,2480,1,2,17138,7027,58,661,193,4740,907,0,2060
901,5305,901.1542838411791,99678,461,312,232,86,117955,69510,1.8807058729107726,278,175,13572,15863,29072,20058,6383,13504,48546,36056,12009,5986,458,376,3351,4104,27250,28860,2474,2,8,16796,6901,58,647,204,5057,952,0,2180
902,5305,902.1579853012154,99678,459,317,232,86,118016,69556,1.8817793294407994,290,166,13574,15656,28727,19666,6716,14107,48546,36056,12705,6358,458,376,3274,4101,26905,29248,2469,2,16,16502,6764,58,636,214,5324,1022,0,2309
903,5305,903.1733597183369,99678,464,334,232,86,118088,69608,1.883023335139148,269,162,13526,15458,28439,19225,7068,14733,48546,36056,13406,6739,458,375,3205,4104,26576,29614,2462,2,19,16179,6632,58,621,228,5620,1087,4,2434
904,5305,904.1991711178421,99678,455,319,232,86,118152,69645,1.884036597845061,287,164,13474,15277,28139,18808,7411,15344,48546,36056,14109,7129,458,373,3139,4103,26204,30031,2458,2,38,15835,6490,57,612,236,5937,1144,4,2557
905,5305,905.23585281437,99678,460,307,232,86,118220,69684,1.8851100543750878,275,169,13449,15091,27811,18397,7771,15948,48546,36056,14812,7526,456,373,3074,4100,25856,30424,2454,4,50,15522,6331,57,599,249,6222,1199,5,2703
906,5305,906.0217377122136,99678,485,302,232,86,118288,69713,1.8860831878649251,264,171,13383,14860,27491,18006,8143,16573,48546,36056,15512,7930,456,372,3028,4100,25490,30822,2450,4,54,15196,6202,57,582,266,6526,1240,5,2828
907,5305,907.0825746675127,99678,479,306,232,86,118362,69762,1.8873171612592547,266,159,13350,14680,27152,17604,8519,17163,48546,36056,16208,8339,455,370,2957,4101,25119,31225,2443,5,64,14880,6066,57,566,280,6824,1307,7,2952
908,5305,908.1566088999192,99678,473,292,232,86,118429,69802,1.8883906177892815,256,157,13292,14512,26854,17198,8891,17753,48546,36056,16897,8753,454,368,2906,4098,24755,31630,2441,6,72,14555,5913,57,560,286,7119,1354,14,3090
909,5305,909.2431437811514,99678,475,305,232,86,118509,69860,1.8897750757438954,257,136,13261,14334,26522,16806,9251,18331,48546,36056,17577,9171,454,367,2832,4093,24385,32034,2437,6,85,14254,5784,56,543,303,7403,1422,17,3203
910,5305,910.0672480417243,99678,485,299,232,86,118564,69889,1.8906177892814864,262,148,13214,14097,26186,16450,9619,18918,48546,36056,18246,9592,453,366,2770,4093,24009,32437,2433,7,95,13959,5652,55,530,316,7681,1480,18,3324
911,5305,911.1810332631128,99678,491,286,232,86,118643,69934,1.891861794979835,257,152,13204,13938,25832,16066,9982,19470,48546,36056,18903,10014,450,363,2719,4094,23658,32838,2428,10,106,13660,5497,54,517,327,7949,1522,22,3464
912,5305,912.0265906813519,99678,469,271,232,86,118692,69963,1.8926443146933125,257,140,13172,13760,25516,15738,10352,20003,48546,36056,19546,10437,448,362,2677,4091,23278,33253,2425,12,113,13367,5368,54,501,340,8221,1560,28,3580
913,5305,913.1698425187645,99678,452,269,232,86,118764,70004,1.8937779650474529,260,133,13129,13647,25205,15372,10720,20491,48546,36056,20173,10860,447,361,2619,4089,22916,33658,2419,13,125,13062,5252,53,492,349,8497,1614,31,3681
914,5305,914.0373665224839,99678,454,270,232,86,118825,70030,1.8946507754971007,253,130,13087,13488,24881,15022,11091,21002,48546,36056,20784,11282,446,360,2560,4084,22540,34064,2416,14,125,12786,5159,53,478,362,8760,1666,35,3770
915,5305,915.2101686100914,99678,424,277,232,86,118894,70070,1.8957442966351652,254,120,13052,13385,24586,14656,11450,21474,48546,36056,21378,11702,444,359,2504,4073,22221,34430,2411,16,131,12481,5053,53,464,374,9042,1717,40,3865
916,5305,916.099876865806,99678,441,268,232,86,118953,70096,1.8965970424767753,255,119,12981,13206,24267,14358,11822,21961,48546,36056,21954,12119,443,359,2450,4075,21903,34773,2404,17,141,12203,4944,53,450,386,9306,1767,44,3960
917,5305,917.0009571430834,99678,430,266,232,86,119010,70126,1.8974698529264231,251,118,12940,13050,23967,14064,12178,22414,48546,36056,22511,12532,440,358,2387,4075,21592,35118,2396,20,139,11963,4839,53,436,397,9525,1829,54,4057
918,5305,918.2192223756424,99678,431,258,232,86,119084,70157,1.898523244848412,249,117,12937,12961,23632,13758,12517,22818,48546,36056,23049,12941,440,357,2348,4068,21270,35474,2394,20,152,11705,4717,53,431,402,9762,1866,58,4161
919,5305,919.1446156884333,99678,419,253,232,86,119135,70186,1.899325829169927,249,113,12913,12827,23326,13480,12859,23239,48546,36056,23568,13344,439,357,2296,4068,20941,35837,2389,21,156,11467,4616,53,419,414,9982,1908,61,4254
920,5305,920.0825327284389,99678,439,228,232,86,119196,70208,1.9001585104034993,233,115,12854,12731,23026,13203,13214,23635,48546,36056,24068,13742,438,356,2247,4067,20633,36174,2386,22,164,11224,4523,53,413,420,10207,1951,66,4334
921,5305,921.0327935326101,99678,426,236,232,86,119252,70243,1.901071450069223,230,113,12820,12610,22750,12954,13540,23999,48546,36056,24548,14133,438,356,2185,4063,20328,36510,2383,22,169,11008,4425,53,401,431,10405,2008,67,4426
922,5305,922.3168074124732,99678,432,232,232,86,119330,70284,1.902265294247477,228,108,12801,12545,22468,12677,13837,24350,48546,36056,25009,14517,437,355,2134,4053,20061,36824,2380,23,179,10786,4324,53,392,440,10601,2052,72,4512
923,5305,923.2909097632847,99678,401,235,232,86,119384,70313,1.903097975481049,229,101,12779,12453,22202,12418,14155,24705,48546,36056,25451,14894,435,355,2096,4053,19775,37146,2373,25,180,10559,4246,53,386,444,10805,2086,78,4583
924,5305,924.276674123284,99678,394,234,232,86,119440,70336,1.9038905274985454,219,112,12764,12378,21937,12169,14452,25019,48546,36056,25874,15263,434,352,2057,4051,19515,37429,2368,26,184,10334,4167,53,384,446,11021,2121,81,4655
925,5305,925.2749041063688,99678,387,234,232,86,119497,70367,1.904773370252212,223,108,12723,12324,21675,11947,14758,25299,48546,36056,26279,15624,433,352,2018,4049,19260,37710,2364,27,185,10144,4093,53,380,449,11197,2155,88,4721
926,5305,926.2853311760351,99678,386,202,232,86,119556,70385,1.9055458576616706,194,112,12678,12251,21448,11768,15060,25579,48546,36056,26666,15977,430,351,1981,4047,18999,38015,2362,30,190,9954,4009,53,369,458,11353,2189,92,4796
927,5305,927.3073089604529,99678,387,192,232,86,119606,70413,1.906328377375148,182,103,12689,12219,21168,11557,15340,25841,48546,36056,27036,16321,430,349,1940,4048,18747,38297,2359,30,196,9756,3941,53,366,461,11527,2228,96,4854
928,5305,928.3425959066379,99678,378,186,232,86,119653,70433,1.9070005417444171,193,101,12661,12175,20925,11378,15609,26072,48546,36056,27389,16656,427,348,1897,4050,18516,38548,2354,33,199,9590,3873,53,359,467,11681,2268,102,4913
929,5305,929.0399292639837,99678,380,186,232,86,119687,70449,1.907502156945364,184,101,12616,12095,20694,11197,15892,26333,48546,36056,27725,16982,427,347,1866,4045,18320,38764,2354,33,203,9428,3795,53,350,474,11832,2298,104,4985
930,5305,930.0990603783545,99678,368,187,232,86,119736,70482,1.9083248058749172,188,83,12599,12100,20468,11006,16143,26536,48546,36056,28045,17299,427,346,1837,4040,18081,39032,2350,33,212,9264,3742,53,342,482,11984,2321,106,5026
931,5305,931.1705231530324,99678,362,172,232,86,119782,70499,1.9089568410281106,182,80,12601,12100,20249,10837,16372,26723,48546,36056,28350,17607,424,346,1802,4040,17849,39288,2348,36,217,9128,3680,53,339,484,12104,2351,110,5079
932,5305,932.2539269386126,99678,349,158,232,86,119828,70519,1.9096189730933606,165,74,12601,12110,20044,10683,16607,26887,48546,36056,28640,17906,424,343,1780,4036,17643,39523,2345,36,221,8979,3621,53,333,488,12238,2371,117,5127
933,5305,933.3492742616833,99678,336,160,232,86,119880,70540,1.9103513312867433,153,67,12618,12134,19838,10511,16821,27040,48546,36056,28916,18195,424,343,1749,4028,17460,39733,2342,36,220,8831,3565,53,328,493,12372,2400,122,5179
934,5305,934.0857884447,99678,321,162,232,86,119905,70562,1.9108228495756336,159,58,12598,12105,19642,10371,17046,27216,48546,36056,29178,18475,424,342,1722,4027,17282,39928,2339,36,219,8677,3512,53,324,496,12515,2427,127,5228
935,5305,935.2038293176548,99678,314,147,232,86,119953,70573,1.911414755512751,152,68,12623,12124,19438,10233,17239,27340,48546,36056,29427,18746,423,341,1703,4016,17127,40117,2334,37,222,8536,3464,53,321,498,12641,2445,129,5271
936,5305,936.3340139382162,99678,308,142,232,86,119997,70596,1.91208691988202,138,63,12632,12152,19258,10097,17430,27458,48546,36056,29664,19008,423,341,1684,4014,16942,40328,2332,36,213,8423,3408,53,317,498,12739,2462,145,5320
937,5305,937.0936566389457,99678,310,136,232,86,120028,70608,1.9125183089548345,131,60,12602,12151,19091,9965,17632,27600,48546,36056,29889,19261,422,339,1663,4014,16774,40517,2330,37,210,8306,3372,53,313,501,12842,2481,150,5354
938,5305,938.2452262019972,99678,291,135,232,86,120065,70629,1.9131001825879332,125,57,12634,12185,18920,9836,17796,27699,48546,36056,30103,19506,422,339,1635,4013,16622,40701,2323,37,214,8185,3327,53,309,504,12946,2503,152,5393
939,5305,939.0189693931103,99678,291,126,232,86,120094,70638,1.913481410140653,118,56,12627,12184,18748,9726,17982,27820,48546,36056,30306,19742,421,338,1613,4011,16452,40881,2320,38,215,8095,3289,53,307,506,13033,2524,158,5424
940,5305,940.1918395123124,99678,291,121,232,86,120133,70652,1.9140131222536567,122,62,12668,12239,18557,9613,18128,27877,48546,36056,30499,19970,421,334,1587,4009,16316,41040,2318,38,215,7999,3252,53,302,511,13116,2548,162,5457
941,5305,941.3769576993121,99678,272,111,232,86,120165,70668,1.914494672846566,133,62,12705,12319,18388,9496,18268,27924,48546,36056,30682,20189,420,333,1574,4004,16175,41207,2313,39,214,7906,3219,53,297,516,13194,2561,172,5481
942,5305,942.1733266706137,99678,270,113,232,86,120196,70682,1.9149461265274184,130,60,12706,12334,18228,9393,18432,28012,48546,36056,30856,20400,420,333,1552,4000,16037,41360,2311,39,215,7834,3178,53,291,522,13258,2582,175,5518
943,5305,943.3716796168143,99678,256,105,232,86,120241,70702,1.9155982262886495,124,52,12778,12406,18058,9308,18550,28041,48546,36056,31021,20604,420,333,1534,3997,15924,41502,2306,39,217,7737,3143,53,287,526,13338,2597,178,5547
944,5305,944.1683719910512,99678,262,99,232,86,120271,70708,1.9159593892333313,114,53,12801,12437,17903,9210,18686,28113,48546,36056,31177,20800,420,332,1522,3991,15800,41642,2306,39,215,7659,3114,53,284,529,13409,2607,181,5575
945,5305,945.3529995141007,99678,270,109,232,86,120318,70732,1.916671682818676,103,42,12840,12521,17749,9126,18804,28114,48546,36056,31326,20989,420,332,1507,3987,15700,41760,2304,39,214,7574,3074,53,281,532,13484,2620,187,5610
946,5305,946.1385701935021,99678,260,105,232,86,120343,70738,1.9169826842432633,100,42,12865,12554,17614,9044,18927,28167,48546,36056,31467,21171,420,332,1496,3983,15572,41899,2303,39,215,7506,3037,53,279,534,13548,2629,187,5646
947,5305,947.3081613635852,99678,242,97,232,86,120368,70752,1.917373944100002,114,40,12949,12645,17455,8969,19006,28161,48546,36056,31601,21346,420,330,1481,3975,15471,42028,2300,39,215,7435,3010,53,277,536,13607,2641,191,5669
948,5305,948.0852382023667,99678,238,96,232,86,120388,70764,1.917694977828608,123,36,12958,12682,17317,8901,19130,28197,48546,36056,31728,21514,419,330,1467,3972,15367,42141,2300,40,215,7376,2987,53,276,537,13661,2654,195,5688
949,5305,949.2422709759403,99677,234,87,233,86,120426,70773,1.9181857399400062,112,35,13005,12790,17194,8818,19220,28182,48546,36056,31849,21675,419,328,1453,3969,15267,42261,2297,40,219,7302,2965,53,272,540,13725,2666,198,5703
950,5305,950.0106670224517,99677,215,80,233,86,120437,70777,1.9183362260100123,121,42,13029,12832,17074,8751,19326,28207,48546,36056,31964,21830,419,328,1436,3963,15168,42378,2296,40,219,7251,2941,53,269,543,13768,2680,199,5726
951,5305,951.1561122672217,99676,212,76,233,87,120471,70790,1.9188269994783098,118,48,13118,12885,16937,8686,19380,28216,48546,36056,32073,21979,419,328,1420,3961,15084,42480,2294,40,222,7192,2915,53,267,545,13813,2695,201,5747
952,5305,952.2982808822586,99676,199,73,233,87,120499,70802,1.9192282996909988,111,41,13196,12956,16825,8621,19434,28220,48546,36056,32176,22122,418,328,1408,3960,14997,42583,2291,41,221,7127,2890,53,266,546,13870,2703,205,5769
953,5305,953.0580330501188,99676,193,65,233,87,120519,70807,1.9194791123239294,120,49,13225,12997,16723,8567,19504,28233,48546,36056,32274,22260,418,328,1396,3957,14922,42672,2290,41,223,7054,2871,53,265,547,13933,2715,205,5786
954,5305,954.192900888736,99676,199,69,233,87,120556,70820,1.9199807375897908,109,53,13285,13057,16605,8510,19567,28222,48546,36056,32367,22392,418,327,1385,3955,14845,42764,2289,41,223,7009,2843,53,263,549,13967,2726,208,5811
955,5305,955.3243348492342,99676,199,76,233,87,120591,70836,1.9204923953609696,103,43,13346,13141,16492,8448,19625,28203,48546,36056,32456,22519,416,327,1377,3951,14770,42852,2289,43,226,6958,2820,53,262,550,14013,2730,209,5830
956,5305,956.0765697874496,99676,202,76,233,87,120615,70845,1.920823468036438,101,43,13387,13179,16389,8403,19686,28210,48546,36056,32540,22641,415,327,1368,3951,14700,42932,2287,44,226,6924,2795,53,261,551,14042,2737,209,5854
957,5305,957.2005720352213,99676,214,73,233,87,120652,70855,1.9212949957863477,90,39,13461,13288,16283,8342,19717,28169,48546,36056,32620,22758,414,327,1358,3954,14626,43017,2283,45,225,6884,2773,53,261,551,14075,2744,211,5875
958,5305,958.3229369822777,99676,209,70,233,87,120681,70862,1.921656165977768,87,44,13541,13394,16178,8280,19750,28123,48546,36056,32696,22871,414,327,1351,3953,14554,43105,2279,45,226,6844,2760,53,259,553,14106,2749,213,5885
959,5305,959.0702193053569,99676,204,73,233,87,120695,70870,1.921876881094747,86,45,13589,13441,16091,8237,19795,28115,48546,36056,32769,22979,413,327,1345,3953,14488,43181,2276,46,227,6811,2736,53,255,556,14133,2755,214,5907
960,5305,960.1879116355504,99676,197,74,233,87,120715,70881,1.9221878887595811,95,45,13654,13541,15996,8175,19823,28076,48546,36056,32838,23083,413,326,1339,3947,14432,43252,2276,46,230,6770,2718,52,252,559,14167,2761,215,5921
961,5305,961.3040985423759,99676,202,65,233,87,120747,70890,1.9225992214775873,86,50,13736,13643,15901,8127,19840,28026,48546,36056,32904,23183,412,326,1330,3944,14382,43317,2276,47,232,6728,2701,52,250,560,14200,2768,217,5934
962,5305,962.0477146115394,99676,190,74,233,87,120760,70903,1.9228600666158353,82,52,13780,13676,15830,8076,19883,28033,48546,36056,32967,23279,412,326,1323,3942,14317,43395,2274,47,231,6689,2694,52,250,560,14232,2773,220,5939
963,5305,963.1604487989482,99676,181,72,233,87,120777,70915,1.923151009270035,88,48,13859,13805,15736,8025,19901,27961,48546,36056,33027,23371,412,325,1315,3939,14258,43467,2274,47,232,6658,2683,52,249,561,14256,2779,220,5949
964,5305,964.2723810255294,99676,175,73,233,87,120797,70927,1.9234720494401862,85,43,13941,13918,15649,7976,19915,27901,48546,36056,33084,23459,412,325,1309,3938,14198,43533,2274,47,232,6635,2667,52,248,562,14275,2784,223,5962
965,5305,965.013211171162,99676,173,72,233,87,120814,70933,1.9237027970624825,90,49,13986,13973,15578,7934,19938,27883,48546,36056,33138,23544,412,325,1304,3938,14155,43580,2273,47,232,6601,2659,52,247,563,14306,2789,225,5968
966,5305,966.1232673261794,99676,159,68,233,87,120841,70943,1.9240739997592198,98,46,14074,14082,15496,7891,19938,27824,48546,36056,33190,23626,412,325,1300,3934,14106,43646,2269,46,234,6559,2648,52,247,563,14340,2793,226,5976
967,5305,967.2331936476987,99676,155,72,233,87,120864,70955,1.924425137445323,99,42,14172,14177,15407,7844,19932,27776,48546,36056,33239,23704,410,324,1297,3932,14058,43699,2269,48,236,6529,2638,51,246,564,14369,2796,228,5982
968,5305,968.3431997515374,99676,159,77,233,87,120889,70967,1.9247963401420602,97,41,14252,14290,15324,7791,19933,27712,48546,36056,33286,23779,409,324,1293,3930,14011,43753,2268,49,237,6500,2628,51,245,564,14396,2799,228,5991
969,5305,969.0831692842726,99676,165,82,233,87,120912,70980,1.9251575103334804,84,30,14298,14354,15263,7756,19955,27689,48546,36056,33331,23851,409,324,1289,3932,13964,43806,2266,49,238,6474,2618,51,243,566,14417,2802,229,5999
970,5305,970.1920634635221,99676,167,77,233,87,120941,70988,1.9255287130302179,70,29,14391,14468,15193,7713,19944,27624,48546,36056,33374,23921,409,324,1287,3928,13920,43863,2265,49,241,6440,2607,51,243,565,14444,2804,231,6005
971,5305,971.3017039117738,99676,161,78,233,87,120959,70997,1.925799590673783,79,34,14503,14576,15111,7666,19911,27557,48546,36056,33415,23988,409,324,1283,3930,13892,43900,2263,49,244,6408,2595,51,243,565,14469,2806,231,6014
972,5305,972.0423694755312,99676,161,79,233,87,120975,71005,1.9260403708013965,78,36,14552,14655,15046,7629,19928,27512,48546,36056,33454,24052,409,324,1281,3928,13859,43943,2261,49,243,6381,2588,51,243,565,14490,2808,233,6020
973,5305,973.1528246536316,99676,159,78,233,87,120994,71020,1.9263814759821822,76,25,14660,14747,14955,7601,19915,27460,48546,36056,33491,24114,409,324,1272,3925,13827,43989,2260,49,244,6361,2578,51,243,565,14502,2815,235,6027
974,5305,974.2641242618073,99676,157,73,233,87,121014,71027,1.9266523536257474,65,27,14763,14834,14887,7570,19893,27407,48546,36056,33527,24173,408,324,1266,3922,13801,44032,2259,50,244,6341,2571,51,241,567,14514,2818,234,6033
975,5305,975.0054973204391,99676,149,73,233,87,121025,71033,1.9268229062161404,69,24,14820,14910,14838,7534,19889,27370,48546,36056,33561,24230,408,324,1261,3922,13776,44065,2258,50,246,6315,2565,51,241,567,14534,2822,234,6037
976,5305,976.118074216601,99676,144,72,233,87,121053,71040,1.9271740439022433,58,25,14911,15021,14781,7499,19871,27294,48546,36056,33593,24285,408,324,1257,3916,13762,44095,2256,50,247,6288,2556,51,238,570,14556,2823,235,6044
977,5305,977.2318396619282,99676,145,65,233,87,121074,71047,1.9274549540511257,66,25,15000,15135,14709,7469,19845,27217,48546,36056,33624,24338,406,324,1253,3913,13736,44133,2255,52,249,6272,2549,51,238,570,14568,2824,236,6047
978,5305,978.3473856058886,99676,135,70,233,87,121086,71057,1.9276756691681047,67,27,15114,15243,14642,7429,19807,27142,48546,36056,33654,24389,406,324,1251,3911,13710,44169,2253,52,249,6257,2541,51,236,572,14578,2825,237,6054
979,5305,979.0922390594974,99676,138,71,233,87,121107,71062,1.9279365143063525,62,29,15168,15320,14595,7394,19802,27097,48546,36056,33682,24438,406,324,1245,3909,13686,44201,2252,52,251,6240,2534,51,235,573,14591,2830,238,6058
980,5305,980.2100082156825,99676,136,67,233,87,121123,71069,1.9281672619286487,62,28,15280,15448,14529,7355,19758,27013,48546,36056,33709,24485,406,324,1245,3910,13660,44234,2250,52,251,6221,2532,51,235,572,14606,2829,241,6057
981,5305,981.330146047338,99676,136,64,233,87,121143,71081,1.9284883020988002,64,23,15371,15577,14469,7329,19725,26918,48546,36056,33735,24530,405,324,1242,3911,13631,44272,2250,52,252,6199,2525,51,235,572,14620,2831,245,6059
982,5305,982.0779112294542,99676,143,59,233,87,121163,71084,1.9287190497210964,51,22,15439,15645,14413,7307,19719,26878,48546,36056,33760,24574,405,324,1236,3912,13605,44300,2249,52,253,6186,2520,51,230,577,14631,2837,247,6061
983,5305,983.2004199810933,99676,152,54,233,87,121188,71090,1.9290300573859305,48,28,15530,15736,14346,7280,19689,26813,48546,36056,33784,24616,403,324,1234,3912,13575,44336,2247,54,255,6169,2514,51,230,577,14644,2839,247,6065
984,5305,984.3247361205757,99676,145,54,233,87,121203,71098,1.9292608050082267,54,27,15642,15848,14276,7247,19648,26735,48546,36056,33807,24656,403,324,1229,3909,13559,44361,2245,54,255,6160,2511,51,229,578,14651,2843,249,6065
985,5305,985.0753729848886,99676,143,53,233,87,121215,71102,1.9294213250933023,52,34,15707,15919,14229,7214,19634,26691,48546,36056,33829,24695,403,324,1227,3906,13537,44390,2245,54,255,6143,2508,51,229,578,14666,2844,249,6067
986,5305,986.2024166847618,99676,138,54,233,87,121231,71116,1.9297223002528192,46,30,15800,16060,14176,7183,19605,26584,48546,36056,33850,24733,403,322,1222,3908,13520,44422,2244,54,257,6126,2502,51,229,578,14674,2844,249,6071
987,5305,987.3314226158417,99676,137,57,233,87,121249,71125,1.9299931778963844,49,31,15912,16159,14110,7148,19557,26516,48546,36056,33870,24769,402,322,1219,3905,13510,44444,2243,55,257,6109,2495,51,229,578,14684,2846,249,6078
988,5305,988.0855110061935,99676,128,57,233,87,121253,71129,1.9300734379389222,55,36,15972,16234,14068,7114,19542,26470,48546,36056,33889,24804,402,322,1216,3907,13491,44466,2240,55,257,6099,2492,51,227,580,14692,2849,250,6080
989,5305,989.2182280666469,99676,122,64,233,87,121266,71141,1.9303242505718528,53,34,16076,16347,14018,7075,19496,26391,48546,36056,33908,24838,401,322,1214,3908,13468,44494,2238,55,257,6089,2490,51,227,580,14700,2850,251,6081
990,5305,990.3535083496372,99676,107,70,233,87,121279,71157,1.9306151932260525,49,20,16196,16468,13954,7049,19459,26304,48546,36056,33926,24870,401,322,1212,3906,13451,44525,2237,55,257,6070,2486,51,227,579,14710,2851,251,6085
991,5305,991.1883512552749,99676,116,72,233,87,121293,71163,1.930815843332397,47,23,16292,16559,13897,7013,19413,26244,48546,36056,33943,24901,401,322,1209,3904,13437,44543,2237,55,257,6057,2483,51,227,579,14721,2854,252,6087
992,5305,992.3283405882836,99676,104,68,233,87,121307,71169,1.9310164934387415,51,23,16404,16663,13849,6990,19357,26167,48546,36056,33959,24931,401,322,1207,3904,13422,44571,2234,55,256,6045,2479,51,226,579,14726,2854,253,6091
993,5305,993.090312415601,99676,106,67,233,87,121319,71173,1.931177013523817,48,24,16485,16739,13795,6975,19331,26106,48546,36056,33975,24960,400,322,1202,3905,13405,44589,2233,56,257,6036,2476,51,226,579,14734,2859,253,6093
994,5305,994.2355354390014,99676,109,69,233,87,121336,71182,1.931437858662065,49,21,16585,16842,13742,6951,19280,26028,48546,36056,33990,24988,398,322,1202,3905,13387,44615,2232,58,259,6019,2474,51,225,580,14744,2859,253,6093
995,5305,995.0004565929637,99676,110,68,233,87,121344,71187,1.931568281231189,50,19,16610,16900,13717,6929,19278,25995,48546,36056,34005,25015,398,322,1199,3904,13372,44632,2232,58,261,6011,2469,51,225,580,14751,2862,253,6096
996,5305,996.161670120918,99676,109,65,233,87,121362,71197,1.9318491913800715,47,20,16741,17036,13651,6906,19217,25884,48546,36056,34019,25041,398,322,1196,3903,13358,44658,2230,58,261,6000,2469,51,224,581,14756,2862,254,6095
997,5305,997.313645833929,99676,104,58,233,87,121370,71201,1.9319695814438782,49,22,16831,17147,13606,6884,19175,25800,48546,36056,34032,25066,398,322,1193,3903,13352,44673,2229,58,262,5988,2467,51,224,580,14764,2862,258,6092
998,5305,998.0829616956669,99676,105,57,233,87,121384,71207,1.9321702315502227,42,22,16913,17218,13565,6870,19140,25744,48546,36056,34045,25090,397,321,1190,3902,13336,44696,2229,59,264,5980,2460,51,223,580,14769,2864,259,6096
999,5305,999.2398066106484,99676,91,59,233,87,121389,71216,1.932310686624664,50,21,17041,17340,13513,6832,19070,25659,48546,36056,34057,25113,397,320,1188,3898,13328,44716,2228,59,264,5971,2454,51,223,580,14773,2865,260,6101
1000,5305,1000.0133168022901,99676,89,55,233,87,121402,71218,1.9324611742044224,50,21,17113,17410,13467,6813,19046,25612,48546,36056,34069,25136,397,320,1185,3902,13310,44738,2224,59,264,5965,2453,51,223,580,14776,2867,261,6101
1001,5305,1001.0418328733435,99676,90,55,233,87,121409,71224,1.9325915967735463,51,17,17174,17481,13421,6796,19029,25562,48546,36056,34081,25158,397,320,1185,3902,13297,44757,2224,59,264,5954,2450,51,222,581,14781,2867,261,6104
1002,5305,1002.0114080016734,99676,96,51,233,87,121424,71229,1.9327922468798908,46,14,17260,17604,13381,6771,18982,25471,48546,36056,34092,25179,397,320,1184,3902,13291,44769,2221,59,264,5946,2447,51,221,582,14787,2867,263,6105
1003,5305,1003.1043905173515,99676,97,49,233,87,121442,71234,1.933022994502187,42,17,17354,17713,13337,6744,18935,25388,48546,36056,34103,25199,397,320,1184,3903,13278,44788,2219,59,263,5935,2445,51,221,582,14793,2867,264,6107
1004,5305,1004.0902205654672,99676,87,46,233,87,121451,71235,1.9331233195553594,42,19,17441,17793,13307,6721,18888,25332,48546,36056,34113,25219,397,320,1183,3902,13270,44803,2219,59,263,5924,2445,51,221,582,14799,2867,265,6106
1005,5305,1005.270149868946,99676,88,47,233,87,121466,71243,1.9333540671776557,45,19,17561,17916,13244,6693,18827,25236,48546,36056,34123,25238,396,318,1182,3905,13262,44818,2216,60,264,5916,2441,51,221,582,14803,2867,265,6109
1006,5305,1006.0844597747922,99676,90,41,233,87,121479,71245,1.9335045547574141,43,23,17689,18018,13182,6676,18761,25153,48546,36056,34133,25256,396,318,1180,3906,13252,44835,2213,60,262,5913,2440,51,221,582,14804,2867,268,6108
1007,5305,1007.2947402091385,99676,88,39,233,87,121491,71251,1.933685139853124,46,18,17783,18125,13131,6650,18717,25079,48546,36056,34142,25274,396,318,1176,3904,13252,44843,2213,60,262,5902,2439,51,221,582,14810,2870,268,6109
1008,5305,1008.0027170226404,99676,90,40,233,87,121497,71255,1.9337854649062964,47,17,17836,18182,13106,6640,18686,25032,48546,36056,34151,25291,396,318,1175,3905,13237,44859,2212,60,263,5898,2434,51,221,582,14813,2871,269,6112
1009,5305,1009.0705519268705,99676,78,41,233,87,121509,71264,1.9339961475179581,44,16,17918,18272,13081,6626,18644,24956,48546,36056,34160,25308,396,317,1171,3903,13231,44875,2211,60,263,5890,2430,51,221,582,14818,2872,270,6115
1010,5305,1010.0119720707594,99676,83,36,233,87,121527,71266,1.9341967976243026,39,22,18055,18392,13021,6600,18567,24861,48546,36056,34168,25324,396,317,1168,3903,13223,44889,2210,60,264,5885,2428,51,219,583,14819,2875,271,6115
1011,5305,1011.2045847538434,99676,74,37,233,87,121537,71276,1.9343974477306474,45,17,18174,18487,12970,6586,18502,24784,48546,36056,34176,25340,394,317,1166,3902,13213,44906,2209,62,265,5880,2425,51,218,583,14820,2877,271,6117
1012,5305,1012.2691336276004,99675,72,37,234,87,121547,71280,1.9345573112616001,38,17,18240,18558,12945,6572,18469,24727,48546,36056,34184,25355,394,317,1166,3901,13204,44917,2209,62,264,5870,2425,51,216,585,14828,2877,272,6117
1013,5305,1013.2402630594734,99675,74,36,234,87,121560,71284,1.93472786556308,37,14,18336,18655,12904,6551,18413,24655,48546,36056,34191,25370,394,317,1164,3899,13193,44930,2209,62,263,5866,2423,51,216,585,14832,2879,273,6119
1014,5305,1014.23242182199,99675,74,31,234,87,121570,71287,1.9348582894406823,36,15,18444,18768,12858,6531,18352,24566,48546,36056,34198,25384,394,317,1164,3901,13181,44948,2208,61,263,5860,2420,51,216,584,14834,2878,274,6121
1015,5305,1015.1979824932781,99675,69,28,234,87,121577,71288,1.9349385502884375,37,19,18543,18857,12820,6510,18295,24497,48546,36056,34205,25398,394,317,1164,3901,13175,44957,2208,61,262,5856,2418,51,215,585,14836,2877,275,6123
1016,5305,1016.0322796387644,99675,67,29,234,87,121584,71291,1.9350388763481314,33,19,18621,18937,12783,6487,18260,24439,48546,36056,34212,25411,394,317,1164,3901,13166,44968,2207,61,261,5852,2418,51,215,585,14839,2877,276,6123
1017,5305,1017.1760786150123,99675,65,30,234,87,121594,71296,1.9351893654376724,34,18,18718,19053,12744,6458,18203,24352,48546,36056,34219,25424,393,317,1162,3901,13162,44977,2207,61,261,5844,2418,51,215,585,14844,2879,276,6122
1018,5305,1018.3739051578584,99675,60,30,234,87,121603,71301,1.935329821921244,34,21,18828,19163,12696,6439,18146,24258,48546,36056,34225,25437,393,317,1162,3897,13159,44990,2207,61,261,5833,2418,51,215,585,14850,2879,275,6122
1019,5305,1019.1588668595003,99675,61,30,234,87,121612,71304,1.9354502131928768,27,19,18898,19222,12667,6424,18111,24216,48546,36056,34231,25449,393,317,1162,3894,13156,44997,2207,61,262,5825,2417,51,215,585,14857,2879,275,6122
1020,5305,1020.0630944232654,99675,63,26,234,87,121620,71307,1.9355605718585402,24,19,18973,19296,12627,6413,18077,24157,48546,36056,34237,25461,393,317,1162,3895,13151,45006,2207,61,262,5820,2416,50,215,585,14859,2879,276,6121
1021,5305,1021.0232091868731,99675,62,29,234,87,121625,71313,1.9356709305242037,21,18,19049,19374,12588,6392,18044,24098,48546,36056,34243,25472,393,317,1162,3893,13144,45018,2207,61,262,5819,2416,50,214,585,14859,2878,276,6121
1022,5305,1022.1315643984935,99675,59,29,234,87,121631,71321,1.9358113870077753,28,14,19125,19461,12556,6381,17996,24026,48546,36056,34249,25483,392,317,1161,3891,13140,45028,2207,62,263,5812,2413,50,213,586,14862,2879,277,6122
1023,5305,1023.0125677747169,99675,60,29,234,87,121638,71328,1.935951843491347,27,10,19208,19547,12527,6371,17942,23954,48546,36056,34254,25494,392,317,1161,3892,13126,45044,2206,62,264,5810,2411,50,213,586,14862,2879,278,6122
1024,5305,1024.144386768217,99675,54,27,234,87,121644,71331,1.9360421369450715,25,11,19340,19677,12474,6347,17871,23849,48546,36056,34259,25504,391,317,1161,3892,13114,45058,2206,62,264,5809,2410,50,213,586,14862,2879,278,6123
1025,5305,1025.046096594182,99675,56,29,234,87,121649,71335,1.9361324303987961,23,7,19400,19720,12443,6339,17842,23816,48546,36056,34264,25514,391,316,1160,3892,13108,45065,2206,62,265,5804,2408,50,213,586,14867,2880,278,6124
1026,5305,1026.0444051790962,99675,48,25,234,87,121656,71340,1.936252821670429,30,6,19532,19850,12387,6312,17767,23718,48546,36056,34269,25524,391,316,1158,3889,13110,45074,2204,62,265,5800,2406,50,213,586,14869,2878,278,6126
1027,5305,1027.0730013364544,99675,47,27,234,87,121662,71342,1.9363330825181841,31,8,19623,19935,12346,6294,17717,23647,48546,36056,34274,25534,391,316,1157,3889,13105,45080,2204,62,265,5795,2405,50,213,586,14873,2879,279,6126
1028,5305,1028.1215514699202,99675,45,24,234,87,121670,71343,1.9364233759719087,26,13,19731,20042,12311,6271,17651,23561,48546,36056,34279,25543,391,316,1156,3889,13101,45092,2204,62,264,5791,2405,50,213,586,14871,2879,279,6126
1029,5305,1029.0923491756348,99675,45,24,234,87,121675,71345,1.9364936042136944,23,14,19781,20093,12287,6260,17628,23520,48546,36056,34283,25552,391,316,1156,3888,13097,45098,2204,62,265,5785,2403,50,213,586,14877,2878,280,6126
1030,5305,1030.0229927269297,99675,44,25,234,87,121679,71350,1.936583897667419,26,14,19902,20216,12236,6238,17556,23418,48546,36056,34287,25561,391,316,1155,3886,13096,45103,2204,62,264,5782,2403,50,212,586,14880,2878,282,6125
1031,5305,1031.0344412951363,99675,40,26,234,87,121683,71353,1.936654125909205,26,12,19996,20292,12186,6227,17516,23354,48546,36056,34291,25569,391,316,1155,3885,13095,45109,2203,62,265,5778,2401,50,212,586,14881,2878,282,6126
1032,5305,1032.1877362256396,99675,42,28,234,87,121691,71356,1.9367644845748684,27,12,20115,20428,12133,6202,17447,23241,48546,36056,34295,25577,391,316,1155,3885,13092,45115,2202,62,265,5774,2401,50,212,586,14884,2877,282,6126
1033,5305,1033.21701514316,99675,41,26,234,87,121698,71358,1.936854778028593,25,15,20202,20501,12108,6191,17388,23178,48546,36056,34299,25585,391,316,1155,3885,13087,45121,2202,62,268,5772,2398,50,212,586,14885,2877,282,6126
1034,5305,1034.206737884521,99675,38,26,234,87,121703,71362,1.9369450714823175,26,13,20294,20573,12076,6179,17330,23120,48546,36056,34303,25593,391,316,1155,3884,13083,45127,2202,62,269,5769,2395,50,212,586,14887,2877,284,6126
1035,5305,1035.0781083141055,99675,37,28,234,87,121707,71366,1.9370253323300728,27,12,20380,20657,12037,6157,17283,23057,48546,36056,34307,25601,391,316,1155,3885,13073,45138,2201,62,270,5767,2394,50,212,586,14888,2877,284,6126
1036,5305,1036.0649219782488,99675,40,27,234,87,121715,71368,1.9371256583897667,23,11,20506,20787,11985,6125,17210,22961,48546,36056,34311,25608,391,316,1155,3883,13070,45144,2201,62,269,5765,2394,50,211,586,14890,2877,285,6126
1037,5305,1037.0995017855846,99675,43,28,234,87,121722,71372,1.9372360170554301,25,11,20588,20879,11945,6113,17163,22880,48546,36056,34315,25615,391,316,1155,3882,13064,45153,2201,62,269,5763,2393,50,211,586,14890,2877,285,6127
1038,5305,1038.0767019384277,99675,43,29,234,87,121724,71374,1.9372761474793077,27,14,20655,20938,11909,6100,17130,22830,48546,36056,34318,25622,391,316,1154,3882,13063,45154,2201,62,269,5760,2392,50,210,587,14893,2878,287,6126
1039,5305,1039.0982448941836,99675,43,25,234,87,121732,71378,1.9373965387509406,25,13,20737,21041,11875,6089,17084,22743,48546,36056,34321,25629,391,316,1154,3884,13057,45162,2200,61,272,5757,2388,50,210,587,14894,2878,287,6127
1040,5305,1040.0377102417535,99675,43,28,234,87,121742,71383,1.9375470278404816,18,10,20827,21124,11842,6069,17034,22680,48546,36056,34324,25636,391,316,1154,3885,13053,45167,2198,61,272,5753,2388,50,210,587,14898,2878,287,6127
1041,5305,1041.1650472131448,99675,40,28,234,87,121749,71385,1.9376373212942062,17,9,20995,21260,11782,6043,16930,22571,48546,36056,34327,25642,391,316,1153,3884,13051,45173,2197,61,273,5751,2385,50,210,587,14898,2879,287,6129
1042,5305,1042.058655687538,99675,42,21,234,87,121753,71385,1.9376774517180837,17,13,21050,21326,11754,6031,16901,22520,48546,36056,34330,25648,390,316,1151,3884,13048,45178,2197,62,276,5750,2381,50,210,587,14897,2881,289,6128
1043,5305,1043.0465113503908,99675,35,23,234,87,121754,71388,1.9377175821419614,18,12,21143,21416,11723,6012,16845,22448,48546,36056,34333,25654,390,316,1151,3883,13047,45182,2197,62,276,5746,2380,50,210,587,14899,2881,289,6129
1044,5305,1044.0987381361679,99675,33,23,234,87,121756,71391,1.9377677451718083,16,10,21221,21487,11686,5999,16808,22392,48546,36056,34336,25660,389,316,1149,3883,13043,45187,2197,63,276,5745,2380,50,210,587,14900,2882,289,6129
1045,5305,1045.2394045434337,99675,31,19,234,87,121759,71393,1.9378179082016553,19,10,21324,21599,11650,5980,16740,22303,48546,36056,34339,25666,389,316,1149,3883,13040,45192,2197,63,276,5741,2380,50,210,587,14902,2882,291,6127
1046,5305,1046.0213027626482,99675,31,22,234,87,121762,71397,1.9378881364434413,19,7,21385,21649,11622,5963,16707,22270,48546,36056,34342,25672,389,316,1149,3883,13034,45199,2197,63,276,5739,2380,50,210,587,14903,2882,291,6127
1047,5305,1047.087220906799,99675,34,23,234,87,121768,71401,1.9379884625031352,18,5,21479,21728,11572,5948,16661,22207,48546,36056,34345,25677,389,316,1149,3883,13032,45203,2196,63,277,5736,2378,50,210,587,14905,2882,292,6127
1048,5305,1048.1307349448957,99675,37,23,234,87,121775,71401,1.938058690744921,13,7,21576,21820,11540,5932,16598,22129,48546,36056,34348,25682,389,316,1148,3882,13032,45205,2196,63,277,5733,2376,50,210,587,14907,2883,292,6129
1049,5305,1049.018084966081,99675,39,20,234,87,121779,71402,1.938108853774768,17,8,21664,21903,11497,5911,16547,22069,48546,36056,34351,25687,389,316,1148,3882,13029,45209,2196,63,277,5732,2376,50,210,587,14907,2883,294,6127
1050,5305,1050.1132834105222,99675,38,22,234,87,121785,71407,1.9382192124404314,16,7,21760,22008,11456,5895,16494,21979,48546,36056,34353,25692,389,316,1148,3881,13025,45215,2196,63,278,5730,2375,50,210,587,14908,2883,294,6127
1051,5305,1051.075829351506,99675,33,25,234,87,121787,71410,1.9382693754702784,21,5,21886,22130,11404,5870,16420,21881,48546,36056,34355,25697,389,316,1148,3881,13024,45219,2195,63,278,5728,2374,50,210,587,14908,2883,294,6128
1052,5305,1052.262980284519,99675,38,25,234,87,121795,71412,1.9383697015299723,16,4,21959,22220,11372,5852,16379,21810,48546,36056,34357,25702,389,316,1148,3882,13021,45223,2194,63,278,5726,2374,50,210,587,14909,2883,296,6126
1053,5305,1053.087509007335,99675,36,23,234,87,121799,71413,1.9384198645598194,15,5,22056,22304,11327,5829,16330,21750,48546,36056,34359,25707,389,316,1148,3880,13019,45230,2194,63,279,5724,2373,50,210,586,14909,2883,296,6126
1054,5305,1054.1442410064785,99675,32,25,234,87,121801,71415,1.938459994983697,19,4,22123,22385,11298,5808,16292,21689,48546,36056,34361,25712,389,316,1147,3880,13017,45233,2194,63,279,5721,2373,50,210,586,14911,2884,297,6125
1055,5305,1055.0218681676706,99675,37,21,234,87,121808,71417,1.9385502884374217,16,3,22211,22481,11264,5793,16236,21613,48546,36056,34363,25716,389,316,1146,3880,13016,45237,2194,63,279,5718,2373,50,210,586,14912,2884,297,6125
1056,5305,1056.0074827148946,99675,34,18,234,87,121810,71418,1.93858038625533,16,3,22264,22560,11235,5777,16215,21553,48546,36056,34365,25720,389,316,1146,3880,13013,45243,2194,63,279,5715,2371,50,210,586,14912,2884,298,6126
1057,5305,1057.030563797533,99675,37,14,234,87,121817,71418,1.9386506144971156,12,3,22352,22649,11203,5759,16160,21486,48546,36056,34367,25724,388,316,1146,3880,13013,45246,2194,64,279,5713,2370,50,210,586,14912,2883,298,6127
1058,5305,1058.1068626975346,99675,34,11,234,87,121821,71418,1.9386907449209931,10,4,22436,22744,11172,5742,16112,21410,48546,36056,34369,25728,388,316,1146,3879,13014,45250,2194,64,279,5709,2370,50,210,586,14912,2883,298,6127
1059,5305,1059.116364633899,99675,26,12,234,87,121822,71419,1.938710810132932,14,5,22540,22875,11143,5717,16041,21302,48546,36056,34371,25732,388,316,1146,3880,13012,45253,2192,64,279,5709,2369,50,210,586,14912,2883,298,6128
1060,5305,1060.0322115951412,99675,28,11,234,87,121825,71420,1.9387509405568095,14,7,22618,22943,11108,5704,15996,21246,48546,36056,34373,25736,388,316,1146,3880,13011,45255,2192,64,279,5707,2369,50,210,586,14913,2883,298,6128
1061,5305,1061.0011708419524,99675,30,11,234,87,121828,71421,1.9387910709806873,13,7,22670,22989,11082,5696,15969,21208,48546,36056,34375,25740,388,316,1146,3880,13010,45258,2192,64,279,5707,2368,50,210,586,14911,2883,298,6129
1062,5305,1062.1535688391477,99675,31,9,234,87,121833,71422,1.9388512666165036,14,6,22764,23118,11048,5667,15907,21111,48546,36056,34377,25744,387,316,1146,3880,13008,45261,2192,65,279,5707,2367,50,210,586,14910,2883,299,6129
1063,5305,1063.1142264626235,99675,33,9,234,87,121836,71423,1.9388913970403812,11,5,22829,23177,11018,5657,15873,21063,48546,36056,34379,25748,387,316,1146,3880,13004,45265,2192,65,279,5706,2366,50,210,586,14911,2883,299,6130
1064,5305,1064.0573938164525,99675,29,10,234,87,121840,71425,1.9389515926761975,10,4,22906,23246,10987,5643,15832,21008,48546,36056,34381,25752,387,316,1146,3878,12997,45274,2192,65,279,5704,2365,50,210,586,14913,2883,299,6131
1065,5305,1065.1271647267758,99675,27,9,234,87,121841,71426,1.9389716578881364,15,6,22989,23341,10946,5617,15787,20938,48546,36056,34383,25756,387,316,1146,3878,12995,45276,2192,65,279,5703,2364,50,210,586,14914,2883,300,6131
1066,5305,1066.0064046093541,99675,30,7,234,87,121847,71426,1.9390318535239528,13,7,23076,23446,10918,5591,15727,20860,48546,36056,34385,25759,387,316,1146,3876,12995,45280,2192,65,279,5701,2364,50,210,586,14914,2883,300,6131
1067,5305,1067.1736424757898,99675,31,8,234,87,121850,71428,1.9390820165537999,15,6,23149,23544,10883,5568,15686,20785,48546,36056,34387,25762,386,316,1146,3877,12993,45282,2191,66,279,5701,2364,50,210,586,14914,2883,300,6131
1068,5305,1068.152476918184,99675,32,7,234,87,121855,71429,1.9391422121896162,12,5,23216,23622,10859,5547,15645,20730,48546,36056,34389,25765,386,316,1146,3877,12994,45283,2191,66,280,5700,2362,50,209,586,14914,2883,300,6132
1069,5305,1069.1203716169389,99675,25,6,234,87,121857,71430,1.9391723100075244,21,6,23309,23736,10821,5517,15588,20646,48546,36056,34391,25768,386,316,1145,3875,12992,45289,2191,66,280,5699,2362,50,209,586,14915,2882,300,6132
1070,5305,1070.1503069294238,99675,25,7,234,87,121861,71431,1.9392224730373715,18,6,23366,23801,10802,5505,15553,20592,48546,36056,34393,25771,386,316,1145,3876,12988,45294,2190,66,280,5699,2362,50,209,585,14915,2882,300,6132
1071,5305,1071.1684541339032,99675,25,10,234,87,121866,71434,1.9393027338851268,16,6,23481,23894,10755,5485,15487,20516,48546,36056,34395,25774,386,316,1145,3877,12987,45296,2190,66,279,5698,2362,49,209,585,14915,2882,301,6132
1072,5305,1072.0979323688018,99675,26,11,234,87,121870,71435,1.9393528969149736,15,7,23562,23960,10722,5470,15439,20463,48546,36056,34397,25777,386,316,1145,3877,12985,45299,2190,66,279,5696,2362,49,209,585,14916,2882,301,6132
1073,5305,1073.1124727919384,99675,23,13,234,87,121871,71437,1.9393829947328818,17,8,23660,24043,10693,5454,15371,20393,48546,36056,34399,25780,386,316,1144,3877,12984,45300,2190,66,279,5695,2362,49,209,585,14917,2883,301,6132
1074,5305,1074.003283752412,99675,24,13,234,87,121874,71440,1.9394431903686982,16,7,23738,24108,10651,5441,15335,20342,48546,36056,34400,25783,386,316,1144,3877,12984,45302,2190,66,279,5692,2362,49,209,585,14918,2883,301,6132
1075,5305,1075.008413529274,99675,25,9,234,87,121877,71441,1.939483320792576,15,8,23824,24182,10611,5430,15289,20282,48546,36056,34401,25786,386,316,1144,3878,12984,45305,2189,66,279,5689,2362,49,209,585,14918,2883,302,6131
1076,5305,1076.1413655125575,99675,24,12,234,87,121879,71444,1.939533483822423,14,9,23914,24277,10571,5408,15241,20205,48546,36056,34402,25789,386,316,1144,3878,12980,45309,2189,66,279,5688,2362,49,209,585,14919,2883,302,6131
1077,5305,1077.1327457847483,99675,22,11,234,87,121883,71447,1.9396037120642087,13,10,24005,24350,10536,5392,15188,20148,48546,36056,34403,25792,385,316,1144,3877,12980,45314,2189,67,278,5685,2362,49,209,585,14920,2882,302,6131
1078,5305,1078.1662487983942,99675,19,15,234,87,121885,71452,1.9396739403059944,14,6,24090,24446,10510,5371,15131,20073,48546,36056,34404,25795,385,316,1144,3878,12978,45317,2188,67,279,5684,2361,49,209,585,14920,2882,302,6131
1079,5305,1079.14317574877,99675,18,16,234,87,121888,71453,1.9397140707298721,13,8,24171,24502,10486,5357,15076,20028,48546,36056,34405,25798,385,316,1144,3879,12975,45320,2187,67,279,5683,2361,49,209,585,14921,2882,302,6131
1080,5305,1080.041222255994,99675,19,21,234,87,121892,71459,1.939814396789566,11,2,24234,24587,10459,5334,15041,19967,48546,36056,34406,25801,385,316,1144,3878,12970,45326,2187,67,279,5683,2361,49,209,585,14921,2882,302,6131
1081,5305,1081.0516882795275,99675,20,18,234,87,121896,71459,1.9398545272134438,12,5,24328,24667,10425,5320,14979,19901,48546,36056,34407,25804,385,316,1144,3877,12972,45327,2187,67,279,5679,2361,49,209,585,14923,2882,303,6130
1082,5305,1082.0028268985645,99675,23,17,234,87,121902,71459,1.9399147228492601,10,7,24423,24743,10388,5304,14920,19840,48546,36056,34408,25806,385,316,1144,3875,12973,45330,2187,67,279,5678,2361,49,209,585,14922,2882,303,6130
1083,5305,1083.2497669294994,99675,26,15,234,87,121905,71460,1.9399548532731377,10,7,24513,24834,10357,5287,14858,19768,48546,36056,34409,25808,385,316,1144,3875,12971,45332,2187,67,279,5678,2361,49,209,585,14922,2882,304,6129
1084,5305,1084.0185127896007,99675,25,14,234,87,121906,71461,1.9399749184850765,14,8,24608,24918,10324,5272,14793,19699,48546,36056,34410,25810,385,315,1144,3877,12970,45333,2186,67,279,5678,2360,49,209,585,14922,2882,305,6129
1085,5305,1085.0540193634179,99675,24,14,234,87,121908,71463,1.940015048908954,14,6,24660,24998,10304,5258,14762,19635,48546,36056,34411,25812,385,315,1144,3878,12971,45334,2185,67,278,5677,2359,49,209,585,14922,2882,305,6130
1086,5305,1086.0732032125645,99675,19,13,234,87,121908,71466,1.9400451467268622,16,4,24757,25085,10258,5240,14714,19569,48546,36056,34412,25814,385,315,1144,3878,12973,45335,2184,67,279,5675,2356,49,209,585,14922,2882,307,6130
1087,5305,1087.0327574204925,99675,17,10,234,87,121910,71466,1.940065211938801,16,4,24847,25164,10225,5220,14659,19513,48546,36056,34413,25816,385,315,1143,3878,12973,45337,2184,67,279,5674,2355,49,209,585,14922,2882,308,6130
1088,5305,1088.0242856158886,99675,23,9,234,87,121917,71466,1.9401354401805868,12,4,24932,25254,10190,5202,14607,19442,48546,36056,34414,25818,384,315,1143,3878,12973,45337,2184,68,279,5673,2355,49,209,585,14923,2882,308,6130
1089,5305,1089.2465270709404,99675,23,12,234,87,121920,71469,1.9401956358164034,13,2,25007,25341,10154,5190,14567,19366,48546,36056,34415,25820,384,315,1143,3877,12973,45338,2184,68,279,5673,2354,49,209,585,14923,2882,308,6131
1090,5305,1090.086053432499,99675,22,13,234,87,121923,71471,1.9402457988462503,11,1,25087,25431,10134,5176,14510,19290,48546,36056,34416,25822,384,315,1143,3877,12968,45343,2184,68,279,5673,2353,49,208,586,14923,2882,308,6132
1091,5305,1091.0068434593409,99675,18,12,234,87,121925,71471,1.9402658640581891,10,4,25145,25489,10111,5162,14480,19244,48546,36056,34417,25824,384,315,1143,3876,12968,45344,2184,68,279,5673,2352,49,208,586,14923,2882,310,6131
1092,5305,1092.1322478622453,99675,16,13,234,87,121926,71473,1.9402959618760973,11,3,25249,25579,10063,5137,14425,19179,48546,36056,34418,25826,384,315,1142,3877,12967,45345,2183,68,279,5673,2352,49,208,586,14923,2883,310,6131
1093,5305,1093.0190431420938,99675,18,11,234,87,121929,71473,1.9403260596940055,9,4,25311,25640,10039,5123,14387,19133,48546,36056,34419,25828,384,315,1142,3877,12966,45346,2183,68,280,5673,2351,49,208,586,14923,2883,310,6131
1094,5305,1094.0190364276953,99675,16,10,234,87,121929,71473,1.9403260596940055,11,4,25399,25712,10005,5107,14333,19078,48546,36056,34420,25830,384,315,1141,3877,12966,45346,2183,68,280,5673,2351,49,208,586,14923,2884,310,6131
