,indexID,time,N,Inf_L,Inf_H,Dead_L,Dead_H,cum_cases_L,cum_cases_H,cum_sum_per_N,Exposed_L,Exposed_H,Sus_L,Sus_H,Rec_nat_L,Rec_nat_H,Rec_vax_L,Rec_vax_H,vaccinatedH,vaccinatedL,boostedH,boostedL,count_Naive,count_Delta,count_Delta_vaccine,count_two,count_three,count_four,count_Omicron,count_Omicron_star,count_Omicron_star_vaccine,count_Omicron_vaccine,count_Vaccine,count_WT,count_WT_vaccine,count_WT_vaccine_boost,count_Omicron_vaccine_boost,count_Delta_vaccine_boost,count_Omicron_star_vaccine_boost,count_Vaccine_boost
0,5807,1.030485847756982,99998,7,8,0,0,8,9,0.00017000340006800136,17,17,49974,49973,1,1,0,0,0,0,0,0,99996,0,0,0,0,0,0,0,0,0,0,2,0,0,0,0,0,0
1,5807,2.2184798034352387,99998,12,12,0,0,13,16,0.00029000580011600234,15,11,49971,49972,1,4,0,0,0,0,0,0,99993,0,0,0,0,0,0,0,0,0,0,5,0,0,0,0,0,0
2,5807,3.071940219078788,99998,13,14,0,0,16,19,0.0003500070001400028,13,9,49970,49971,3,5,0,0,0,0,0,0,99990,0,0,0,0,0,0,0,0,0,0,8,0,0,0,0,0,0
3,5807,4.004585359378654,99998,12,16,0,0,19,23,0.00042000840016800337,13,7,49967,49969,7,7,0,0,0,0,0,0,99984,0,0,0,0,0,0,0,0,0,0,14,0,0,0,0,0,0
4,5807,5.057986612998275,99998,12,16,0,0,21,25,0.0004600092001840037,15,6,49963,49968,9,9,0,0,0,0,0,0,99980,0,0,0,0,0,0,0,0,0,0,18,0,0,0,0,0,0
5,5807,6.0296930851492325,99998,13,15,0,0,24,28,0.0005200104002080041,12,4,49963,49967,11,13,0,0,0,0,0,0,99974,0,0,0,0,0,0,0,0,0,0,24,0,0,0,0,0,0
6,5807,7.007432559098718,99998,13,10,0,0,28,28,0.0005600112002240045,10,5,49961,49966,15,18,0,0,0,0,0,0,99965,0,0,0,0,0,0,0,0,0,0,33,0,0,0,0,0,0
7,5807,8.062758386989879,99998,13,11,0,0,28,31,0.0005900118002360047,12,3,49959,49965,15,20,0,0,0,0,0,0,99963,0,0,0,0,0,0,0,0,0,0,35,0,0,0,0,0,0
8,5807,9.00291049980915,99998,10,10,0,0,28,33,0.0006100122002440049,14,2,49958,49964,17,23,0,0,0,0,0,0,99957,0,0,0,0,0,0,0,0,0,0,41,0,0,0,0,0,0
9,5807,10.035095473922098,99998,9,9,0,0,29,35,0.0006400128002560051,14,0,49957,49964,19,26,0,0,0,0,0,0,99952,0,0,0,0,0,0,0,0,0,0,46,0,0,0,0,0,0
10,5807,11.038999722966558,99998,12,7,0,0,35,35,0.0007000140002800056,10,0,49955,49964,22,28,0,0,0,0,0,0,99947,0,0,0,0,0,0,0,0,0,0,51,0,0,0,0,0,0
11,5807,12.069266235251627,99998,9,7,0,0,36,35,0.0007100142002840057,12,0,49952,49964,26,28,0,0,0,0,0,0,99943,0,0,0,0,0,0,0,0,0,0,55,0,0,0,0,0,0
12,5807,13.23872943133253,99998,11,6,0,0,38,35,0.0007300146002920058,11,0,49951,49964,26,29,0,0,0,0,0,0,99942,0,0,0,0,0,0,0,0,0,0,56,0,0,0,0,0,0
13,5807,14.010837623015954,99998,13,6,0,0,42,35,0.0007700154003080061,9,0,49949,49964,28,29,0,0,0,0,0,0,99940,0,0,0,0,0,0,0,0,0,0,58,0,0,0,0,0,0
14,5807,15.00367477093029,99998,12,3,0,0,43,35,0.0007800156003120063,14,0,49943,49964,30,32,0,0,0,0,0,0,99935,0,0,0,0,0,0,0,0,0,0,63,0,0,0,0,0,0
15,5807,16.081860680050944,99998,15,3,0,0,49,35,0.0008400168003360067,9,0,49942,49964,33,32,0,0,0,0,0,0,99932,0,0,0,0,0,0,0,0,0,0,66,0,0,0,0,0,0
16,5807,17.17420651428884,99998,16,2,0,0,53,35,0.000880017600352007,8,0,49939,49964,36,33,0,0,0,0,0,0,99928,0,0,0,0,0,0,0,0,0,0,70,0,0,0,0,0,0
17,5807,18.041391387176404,99998,15,2,0,0,54,35,0.0008900178003560072,8,0,49938,49964,38,33,0,0,0,0,0,0,99926,0,0,0,0,0,0,0,0,0,0,72,0,0,0,0,0,0
18,5807,19.16099867058847,99998,16,2,0,0,58,35,0.0009300186003720074,5,0,49937,49964,41,33,0,0,0,0,0,0,99923,0,0,0,0,0,0,0,0,0,0,75,0,0,0,0,0,0
19,5807,20.295533864149427,99998,16,1,0,0,60,35,0.0009500190003800076,6,1,49934,49963,43,34,0,0,0,0,0,0,99920,0,0,0,0,0,0,0,0,0,0,78,0,0,0,0,0,0
20,5807,21.03667714461923,99998,17,1,0,0,62,35,0.0009700194003880077,6,1,49933,49963,43,34,0,0,0,0,0,0,99919,0,0,0,0,0,0,0,0,0,0,79,0,0,0,0,0,0
21,5807,22.037018100495047,99998,16,2,0,0,63,36,0.000990019800396008,6,0,49932,49964,45,33,0,0,0,0,0,0,99917,0,0,0,0,0,0,0,0,0,0,81,0,0,0,0,0,0
22,5807,23.004635565093196,99998,13,2,0,0,64,36,0.001000020000400008,6,0,49931,49964,49,33,0,0,0,0,0,0,99913,0,0,0,0,0,0,0,0,0,0,85,0,0,0,0,0,0
23,5807,24.134002778677942,99998,12,2,0,0,66,36,0.0010200204004080081,5,1,49930,49964,52,32,0,0,0,0,0,0,99910,0,0,0,0,0,0,0,0,0,0,88,0,0,0,0,0,0
24,5807,25.192507955282675,99998,10,2,0,0,66,36,0.0010200204004080081,7,1,49928,49965,54,31,0,0,0,0,0,0,99908,0,0,0,0,0,0,0,0,0,0,90,0,0,0,0,0,0
25,5807,26.0192140975854,99998,9,2,0,0,67,36,0.0010300206004120083,7,1,49927,49965,56,31,0,0,0,0,0,0,99906,0,0,0,0,0,0,0,0,0,0,92,0,0,0,0,0,0
26,5807,27.044537866209765,99998,8,2,0,0,69,36,0.0010500210004200084,5,1,49927,49965,59,31,0,0,0,0,0,0,99903,0,0,0,0,0,0,0,0,0,0,95,0,0,0,0,0,0
27,5807,28.066294219125115,99998,5,2,0,0,70,37,0.0010700214004280085,5,1,49926,49964,63,32,0,0,0,0,0,0,99898,0,0,0,0,0,0,0,0,0,0,100,0,0,0,0,0,0
28,5807,29.257848536132993,99998,5,3,0,0,70,38,0.0010800216004320086,6,0,49925,49965,63,31,0,0,0,0,0,0,99898,0,0,0,0,0,0,0,0,0,0,100,0,0,0,0,0,0
29,5807,30.296663701789385,99998,6,3,0,0,71,38,0.0010900218004360088,7,1,49924,49964,62,31,0,0,0,0,0,0,99898,0,0,0,0,0,0,0,0,0,0,100,0,0,0,0,0,0
30,5807,31.08699166569362,99998,8,3,0,0,73,38,0.0011100222004440088,6,1,49923,49964,62,31,0,0,0,0,0,0,99898,0,0,0,0,0,0,0,0,0,0,100,0,0,0,0,0,0
31,5807,32.05220840714771,99998,11,2,0,0,76,38,0.001140022800456009,5,1,49921,49964,62,32,0,0,0,0,0,0,99897,0,0,0,0,0,0,0,0,0,0,101,0,0,0,0,0,0
32,5807,33.161954350578114,99998,11,2,0,0,78,38,0.0011600232004640094,6,2,49918,49963,64,32,0,0,0,0,0,0,99895,0,0,0,0,0,0,0,0,0,0,103,0,0,0,0,0,0
33,5807,34.122396721081344,99998,10,1,0,0,78,38,0.0011600232004640094,7,2,49917,49963,65,33,0,0,0,0,0,0,99893,0,0,0,0,0,0,0,0,0,0,105,0,0,0,0,0,0
34,5807,35.058950700520455,99998,10,2,0,0,78,39,0.0011700234004680093,8,2,49917,49962,64,33,0,0,0,0,0,0,99893,0,0,0,0,0,0,0,0,0,0,105,0,0,0,0,0,0
35,5807,36.13384256657403,99998,9,2,0,0,79,39,0.0011800236004720095,10,3,49915,49961,65,33,0,0,0,0,0,0,99891,0,0,0,0,0,0,0,0,0,0,107,0,0,0,0,0,0
36,5807,37.16789527084431,99998,8,2,0,0,79,39,0.0011800236004720095,13,4,49912,49960,66,33,0,0,0,0,0,0,99890,0,0,0,0,0,0,0,0,0,0,108,0,0,0,0,0,0
37,5807,38.094346665621494,99998,12,3,0,0,83,40,0.0012300246004920098,9,3,49912,49960,66,33,0,0,0,0,0,0,99890,0,0,0,0,0,0,0,0,0,0,108,0,0,0,0,0,0
38,5807,39.299276741706215,99998,14,4,0,0,87,41,0.0012800256005120103,11,2,49907,49960,67,33,0,0,0,0,0,0,99888,0,0,0,0,0,0,0,0,0,0,110,0,0,0,0,0,0
39,5807,40.03962085637507,99998,17,4,0,0,90,41,0.0013100262005240105,9,4,49906,49958,67,33,0,0,0,0,0,0,99888,0,0,0,0,0,0,0,0,0,0,110,0,0,0,0,0,0
40,5807,41.03673090161904,99998,17,4,0,0,94,42,0.0013600272005440108,8,3,49903,49958,71,34,0,0,0,0,0,0,99883,0,0,0,0,0,0,0,0,0,0,115,0,0,0,0,0,0
41,5807,42.016696235621104,99998,15,5,0,0,96,44,0.0014000280005600112,6,1,49905,49958,73,35,0,0,0,0,0,0,99878,0,0,0,0,0,0,0,0,0,0,120,0,0,0,0,0,0
42,5807,43.07435808190972,99998,15,4,0,0,98,44,0.0014200284005680113,4,2,49905,49957,75,36,0,0,0,0,0,0,99875,0,0,0,0,0,0,0,0,0,0,123,0,0,0,0,0,0
43,5807,44.135342501651664,99998,15,4,0,0,99,44,0.0014300286005720115,6,6,49903,49954,75,35,0,0,0,0,0,0,99874,0,0,0,0,0,0,0,0,0,0,124,0,0,0,0,0,0
44,5807,45.1620354405812,99998,15,7,0,0,101,47,0.0014800296005920118,5,4,49902,49954,77,34,0,0,0,0,0,0,99872,0,0,0,0,0,0,0,0,0,0,126,0,0,0,0,0,0
45,5807,46.19309386498636,99998,12,7,0,0,101,47,0.0014800296005920118,6,7,49901,49951,80,34,0,0,0,0,0,0,99869,0,0,0,0,0,0,0,0,0,0,129,0,0,0,0,0,0
46,5807,47.010547023715134,99998,11,8,0,0,103,48,0.001510030200604012,6,8,49899,49949,83,34,0,0,0,0,0,0,99866,0,0,0,0,0,0,0,0,0,0,132,0,0,0,0,0,0
47,5807,48.16720589279584,99998,14,7,0,0,107,48,0.0015500310006200124,7,9,49894,49948,84,35,0,0,0,0,0,0,99864,0,0,0,0,0,0,0,0,0,0,134,0,0,0,0,0,0
48,5807,49.142958188492315,99998,12,7,0,0,108,48,0.0015600312006240125,8,12,49892,49945,87,35,0,0,0,0,0,0,99861,0,0,0,0,0,0,0,0,0,0,137,0,0,0,0,0,0
49,5807,50.04984602705289,99998,14,10,0,0,111,52,0.001630032600652013,8,8,49889,49945,88,36,0,0,0,0,0,0,99859,0,0,0,0,0,0,0,0,0,0,139,0,0,0,0,0,0
50,5807,51.121296526757654,99998,15,11,0,0,115,56,0.0017100342006840137,6,5,49887,49944,91,39,0,0,0,0,0,0,99853,0,0,0,0,0,0,0,0,0,0,145,0,0,0,0,0,0
51,5807,52.0683354574815,99998,14,10,0,0,116,57,0.0017300346006920138,6,6,49886,49944,93,39,0,0,0,0,0,0,99849,0,0,0,0,0,0,0,0,0,0,149,0,0,0,0,0,0
52,5807,53.209950285965824,99998,13,11,0,0,120,60,0.0018000360007200144,5,5,49884,49942,97,41,0,0,0,0,0,0,99842,0,0,0,0,0,0,0,0,0,0,156,0,0,0,0,0,0
53,5807,54.125906118302105,99998,12,11,0,0,121,60,0.0018100362007240146,5,5,49883,49942,99,41,0,0,0,0,0,0,99840,0,0,0,0,0,0,0,0,0,0,158,0,0,0,0,0,0
54,5807,55.10644547016176,99998,14,13,0,0,124,63,0.001870037400748015,6,4,49879,49941,100,41,0,0,0,0,0,0,99838,0,0,0,0,0,0,0,0,0,0,160,0,0,0,0,0,0
55,5807,56.098424007161235,99998,12,12,0,0,126,65,0.0019100382007640152,6,3,49877,49941,104,43,0,0,0,0,0,0,99831,0,0,0,0,0,0,0,0,0,0,167,0,0,0,0,0,0
56,5807,57.241867825662986,99998,10,9,0,0,127,65,0.0019200384007680153,7,3,49877,49941,105,46,0,0,0,0,0,0,99825,0,0,0,0,0,0,0,0,0,0,173,0,0,0,0,0,0
57,5807,58.173136212203,99998,10,8,0,0,128,65,0.0019300386007720155,9,3,49874,49941,106,47,0,0,0,0,0,0,99823,0,0,0,0,0,0,0,0,0,0,175,0,0,0,0,0,0
58,5807,59.06314343384021,99998,10,8,0,0,130,65,0.0019500390007800156,9,4,49872,49940,108,47,0,0,0,0,0,0,99821,0,0,0,0,0,0,0,0,0,0,177,0,0,0,0,0,0
59,5807,60.25471445691088,99998,9,9,0,0,132,68,0.002000040000800016,9,1,49871,49940,110,49,0,0,0,0,0,0,99816,0,0,0,0,0,0,0,0,0,0,182,0,0,0,0,0,0
60,5807,61.25124673507518,99998,11,9,0,0,134,70,0.0020400408008160163,8,0,49870,49940,110,50,0,0,0,0,0,0,99814,0,0,0,0,0,0,0,0,0,0,184,0,0,0,0,0,0
61,5807,62.26316407199784,99998,13,7,0,0,136,70,0.0020600412008240166,6,0,49870,49941,110,51,0,0,0,0,0,0,99812,0,0,0,0,0,0,0,0,0,0,186,0,0,0,0,0,0
62,5807,63.013990200235895,99998,13,6,0,0,137,70,0.0020700414008280165,5,0,49870,49941,111,52,0,0,0,0,0,0,99810,0,0,0,0,0,0,0,0,0,0,188,0,0,0,0,0,0
63,5807,64.31805779160754,99998,13,5,0,0,139,70,0.002090041800836017,6,3,49867,49938,113,53,0,0,0,0,0,0,99807,0,0,0,0,0,0,0,0,0,0,191,0,0,0,0,0,0
64,5807,65.06586909074936,99998,12,6,0,0,140,71,0.0021100422008440167,8,2,49864,49938,115,53,0,0,0,0,0,0,99805,0,0,0,0,0,0,0,0,0,0,193,0,0,0,0,0,0
65,5807,66.3343067150823,99998,12,6,0,0,141,71,0.002120042400848017,9,3,49862,49938,116,52,0,0,0,0,0,0,99804,0,0,0,0,0,0,0,0,0,0,194,0,0,0,0,0,0
66,5807,67.00751058519931,99998,13,5,0,0,142,71,0.002130042600852017,9,4,49861,49937,116,53,0,0,0,0,0,0,99803,0,0,0,0,0,0,0,0,0,0,195,0,0,0,0,0,0
67,5807,68.30761411736063,99998,15,3,0,0,147,71,0.0021800436008720175,4,4,49861,49937,119,55,0,0,0,0,0,0,99798,0,0,0,0,0,0,0,0,0,0,200,0,0,0,0,0,0
68,5807,69.04311420889586,99998,14,3,0,0,148,72,0.002200044000880018,5,4,49859,49937,121,55,0,0,0,0,0,0,99795,0,0,0,0,0,0,0,0,0,0,203,0,0,0,0,0,0
69,5807,70.12316161497479,99998,14,2,0,0,149,73,0.0022200444008880177,4,3,49859,49937,122,57,0,0,0,0,0,0,99792,0,0,0,0,0,0,0,0,0,0,206,0,0,0,0,0,0
70,5807,71.0045996420622,99998,14,2,0,0,151,74,0.002250045000900018,2,2,49860,49937,123,58,0,0,0,0,0,0,99789,0,0,0,0,0,0,0,0,0,0,209,0,0,0,0,0,0
71,5807,72.08204584219116,99998,15,4,0,0,152,76,0.002280045600912018,3,1,49859,49938,122,56,0,0,0,0,0,0,99789,0,0,0,0,0,0,0,0,0,0,209,0,0,0,0,0,0
72,5807,73.11146017418474,99998,12,3,0,0,152,77,0.0022900458009160185,6,0,49856,49938,125,58,0,0,0,0,0,0,99784,0,0,0,0,0,0,0,0,0,0,214,0,0,0,0,0,0
73,5807,74.03351331037733,99998,10,2,0,0,154,77,0.0023100462009240184,7,0,49853,49938,129,59,0,0,0,0,0,0,99779,0,0,0,0,0,0,0,0,0,0,219,0,0,0,0,0,0
74,5807,75.06121864774427,99998,11,3,0,0,156,78,0.0023400468009360186,6,0,49852,49938,130,58,0,0,0,0,0,0,99778,0,0,0,0,0,0,0,0,0,0,220,0,0,0,0,0,0
75,5807,76.00027719201202,99998,7,2,0,0,156,78,0.0023400468009360186,6,2,49853,49936,133,59,0,0,0,0,0,0,99773,0,0,0,0,0,0,0,0,0,0,225,0,0,0,0,0,0
76,5807,77.05889840926766,99998,8,2,0,0,157,78,0.002350047000940019,6,2,49852,49936,133,59,0,0,0,0,0,0,99773,0,0,0,0,0,0,0,0,0,0,225,0,0,0,0,0,0
77,5807,78.1381887746464,99998,10,3,0,0,159,79,0.002380047600952019,7,1,49849,49937,133,58,0,0,0,0,0,0,99773,0,0,0,0,0,0,0,0,0,0,225,0,0,0,0,0,0
78,5807,79.07125715448431,99998,10,3,0,0,160,79,0.002390047800956019,7,1,49848,49937,134,58,0,0,0,0,0,0,99772,0,0,0,0,0,0,0,0,0,0,226,0,0,0,0,0,0
79,5807,80.07402858138825,99998,10,3,0,0,161,80,0.0024100482009640194,6,1,49849,49936,134,59,0,0,0,0,0,0,99770,0,0,0,0,0,0,0,0,0,0,228,0,0,0,0,0,0
80,5807,81.15474546510613,99998,12,4,0,0,165,81,0.0024600492009840195,4,1,49847,49935,136,59,0,0,0,0,0,0,99768,0,0,0,0,0,0,0,0,0,0,230,0,0,0,0,0,0
81,5807,82.19283510284983,99998,12,4,0,0,166,82,0.00248004960099202,4,2,49849,49933,134,60,0,0,0,0,0,0,99766,0,0,0,0,0,0,0,0,0,0,232,0,0,0,0,0,0
82,5807,83.22982714551772,99998,10,5,0,0,167,83,0.00250005000100002,4,1,49848,49933,137,60,0,0,0,0,0,0,99763,0,0,0,0,0,0,0,0,0,0,235,0,0,0,0,0,0
83,5807,84.02093007878035,99998,10,5,0,0,167,83,0.00250005000100002,5,2,49848,49932,136,60,0,0,0,0,0,0,99763,0,0,0,0,0,0,0,0,0,0,235,0,0,0,0,0,0
84,5807,85.02510932732078,99998,11,4,0,0,169,83,0.00252005040100802,4,2,49847,49932,137,61,0,0,0,0,0,0,99761,0,0,0,0,0,0,0,0,0,0,237,0,0,0,0,0,0
85,5807,86.12161619108981,99998,10,3,0,0,170,83,0.0025300506010120204,3,2,49847,49932,139,62,0,0,0,0,0,0,99758,0,0,0,0,0,0,0,0,0,0,240,0,0,0,0,0,0
86,5807,87.21447644806611,99998,11,3,0,0,172,84,0.0025600512010240206,8,3,49840,49930,140,63,0,0,0,0,0,0,99756,0,0,0,0,0,0,0,0,0,0,242,0,0,0,0,0,0
87,5807,88.1622043484178,99998,10,5,0,0,173,86,0.002590051801036021,8,4,49840,49927,141,63,0,0,0,0,0,0,99754,0,0,0,0,0,0,0,0,0,0,244,0,0,0,0,0,0
88,5807,89.27433905514302,99998,12,7,0,0,177,88,0.0026500530010600213,8,3,49836,49926,143,63,0,0,0,0,0,0,99752,0,0,0,0,0,0,0,0,0,0,246,0,0,0,0,0,0
89,5807,90.04512018457392,99998,11,7,0,0,178,88,0.0026600532010640212,9,3,49834,49926,145,63,0,0,0,0,0,0,99750,0,0,0,0,0,0,0,0,0,0,248,0,0,0,0,0,0
90,5807,91.07017888017212,99998,10,8,0,0,178,90,0.0026800536010720215,13,1,49830,49926,146,64,0,0,0,0,0,0,99748,0,0,0,0,0,0,0,0,0,0,250,0,0,0,0,0,0
91,5807,92.01134910400928,99998,8,6,0,0,180,90,0.0027000540010800214,12,1,49829,49926,150,66,0,0,0,0,0,0,99742,0,0,0,0,0,0,0,0,0,0,256,0,0,0,0,0,0
92,5807,93.16470301751617,99998,14,6,0,0,186,90,0.002760055201104022,7,2,49828,49926,150,65,0,0,0,0,0,0,99742,0,0,0,0,0,0,0,0,0,0,256,0,0,0,0,0,0
93,5807,94.05754293144761,99998,15,3,0,0,189,90,0.0027900558011160225,5,2,49828,49926,151,68,0,0,0,0,0,0,99737,0,0,0,0,0,0,0,0,0,0,261,0,0,0,0,0,0
94,5807,95.24806662493336,99998,13,4,0,0,190,91,0.0028100562011240224,4,4,49828,49923,154,68,0,0,0,0,0,0,99734,0,0,0,0,0,0,0,0,0,0,264,0,0,0,0,0,0
95,5807,96.04168941980473,99998,15,6,0,0,193,93,0.002860057201144023,4,3,49825,49922,155,68,0,0,0,0,0,0,99733,0,0,0,0,0,0,0,0,0,0,265,0,0,0,0,0,0
96,5807,97.11777107375308,99998,16,7,0,0,195,95,0.002900058001160023,7,1,49820,49922,156,69,0,0,0,0,0,0,99731,0,0,0,0,0,0,0,0,0,0,267,0,0,0,0,0,0
97,5807,98.19021847896029,99998,16,7,0,0,197,95,0.0029200584011680234,9,1,49817,49922,157,69,0,0,0,0,0,0,99729,0,0,0,0,0,0,0,0,0,0,269,0,0,0,0,0,0
98,5807,99.04357478714033,99998,16,7,0,0,198,96,0.0029400588011760237,11,1,49815,49921,157,70,0,0,0,0,0,0,99727,0,0,0,0,0,0,0,0,0,0,271,0,0,0,0,0,0
99,5807,100.01456814464427,99998,16,5,0,0,200,96,0.0029600592011840236,11,1,49814,49921,158,72,0,0,0,0,0,0,99723,0,0,0,0,0,0,0,0,0,0,275,0,0,0,0,0,0
100,5807,101.237460228137,99998,16,6,0,0,204,97,0.003010060201204024,10,2,49812,49919,161,72,0,0,0,0,0,0,99719,0,0,0,0,0,0,0,0,0,0,279,0,0,0,0,0,0
101,5807,102.18754418018453,99998,16,4,0,0,204,97,0.003010060201204024,11,2,49811,49919,161,74,0,0,0,0,0,0,99717,0,0,0,0,0,0,0,0,0,0,281,0,0,0,0,0,0
102,5807,103.00606538071854,99998,14,6,0,0,205,99,0.0030400608012160243,12,0,49810,49919,163,74,0,0,0,0,0,0,99714,0,0,0,0,0,0,0,0,0,0,284,0,0,0,0,0,0
103,5807,104.31304796437952,99998,14,5,0,0,211,99,0.003100062001240025,6,1,49810,49918,169,75,0,0,0,0,0,0,99707,0,0,0,0,0,0,0,0,0,0,291,0,0,0,0,0,0
104,5807,105.22639791855927,99998,13,5,0,0,211,100,0.0031100622012440247,8,2,49808,49916,170,76,0,0,0,0,0,0,99705,0,0,0,0,0,0,0,0,0,0,293,0,0,0,0,0,0
105,5807,106.10922087637887,99998,14,4,0,0,214,100,0.003140062801256025,8,2,49806,49916,171,77,0,0,0,0,0,0,99702,0,0,0,0,0,0,0,0,0,0,296,0,0,0,0,0,0
106,5807,107.10846914638029,99998,14,3,0,0,217,100,0.003170063401268025,6,2,49806,49917,173,77,0,0,0,0,0,0,99698,0,0,0,0,0,0,0,0,0,0,300,0,0,0,0,0,0
107,5807,108.10928131849242,99998,13,4,0,0,218,101,0.0031900638012760255,7,1,49805,49917,174,77,0,0,0,0,0,0,99696,0,0,0,0,0,0,0,0,0,0,302,0,0,0,0,0,0
108,5807,109.19494759053083,99998,14,4,0,0,221,101,0.0032200644012880257,6,1,49804,49917,175,77,0,0,0,0,0,0,99694,0,0,0,0,0,0,0,0,0,0,304,0,0,0,0,0,0
109,5807,110.0031450827294,99998,11,3,0,0,223,101,0.003240064801296026,5,2,49803,49916,180,78,0,0,0,0,0,0,99688,0,0,0,0,0,0,0,0,0,0,310,0,0,0,0,0,0
110,5807,111.12008930996649,99998,12,4,0,0,225,102,0.0032700654013080263,4,2,49802,49915,181,78,0,0,0,0,0,0,99687,0,0,0,0,0,0,0,0,0,0,311,0,0,0,0,0,0
111,5807,112.12640937256437,99998,10,2,0,0,225,102,0.0032700654013080263,6,4,49801,49913,182,80,0,0,0,0,0,0,99683,0,0,0,0,0,0,0,0,0,0,315,0,0,0,0,0,0
112,5807,113.05157688241806,99998,12,3,0,0,228,103,0.0033100662013240264,3,3,49802,49913,182,80,0,0,0,0,0,0,99682,0,0,0,0,0,0,0,0,0,0,316,0,0,0,0,0,0
113,5807,114.15641873534653,99998,9,5,0,0,229,105,0.0033400668013360267,5,4,49802,49910,183,80,0,0,0,0,0,0,99678,0,0,0,0,0,0,0,0,0,0,320,0,0,0,0,0,0
114,5807,115.21296475349834,99998,10,7,0,0,231,107,0.0033800676013520273,3,3,49802,49909,184,80,0,0,0,0,0,0,99677,0,0,0,0,0,0,0,0,0,0,321,0,0,0,0,0,0
115,5807,116.23136783795069,99998,9,5,0,0,231,107,0.0033800676013520273,5,4,49801,49908,184,82,0,0,0,0,0,0,99674,0,0,0,0,0,0,0,0,0,0,324,0,0,0,0,0,0
116,5807,117.01597121118641,99998,9,7,0,0,233,109,0.0034200684013680274,4,2,49800,49908,186,82,0,0,0,0,0,0,99672,0,0,0,0,0,0,0,0,0,0,326,0,0,0,0,0,0
117,5807,118.09317023086435,99998,9,8,0,0,234,110,0.0034400688013760277,6,2,49797,49907,187,82,0,0,0,0,0,0,99671,0,0,0,0,0,0,0,0,0,0,327,0,0,0,0,0,0
118,5807,119.015554146275,99998,11,9,0,0,238,111,0.003490069801396028,3,3,49796,49905,189,82,0,0,0,0,0,0,99669,0,0,0,0,0,0,0,0,0,0,329,0,0,0,0,0,0
119,5807,120.18497026937905,99998,10,7,0,0,239,111,0.003500070001400028,3,4,49795,49904,191,84,0,0,0,0,0,0,99665,0,0,0,0,0,0,0,0,0,0,333,0,0,0,0,0,0
120,5807,121.08651920643223,99998,7,8,0,0,240,113,0.0035300706014120284,2,4,49795,49902,195,85,0,0,0,0,0,0,99660,0,0,0,0,0,0,0,0,0,0,338,0,0,0,0,0,0
121,5807,122.04520040151141,99998,7,11,0,0,242,116,0.0035800716014320285,2,1,49793,49902,197,85,0,0,0,0,0,0,99658,0,0,0,0,0,0,0,0,0,0,340,0,0,0,0,0,0
122,5807,123.32422179188958,99998,10,11,0,0,245,118,0.003630072601452029,3,3,49790,49898,196,87,0,0,0,0,0,0,99656,0,0,0,0,0,0,0,0,0,0,342,0,0,0,0,0,0
123,5807,124.18922777955947,99998,9,9,0,0,248,119,0.0036700734014680292,2,3,49789,49897,199,90,0,0,0,0,0,0,99649,0,0,0,0,0,0,0,0,0,0,349,0,0,0,0,0,0
124,5807,125.03522334640003,99998,6,6,0,0,248,119,0.0036700734014680292,2,3,49789,49897,202,93,0,0,0,0,0,0,99643,0,0,0,0,0,0,0,0,0,0,355,0,0,0,0,0,0
125,5807,126.28576803682562,99998,6,7,0,0,249,122,0.00371007420148403,2,0,49789,49898,202,94,0,0,0,0,0,0,99640,0,0,0,0,0,0,0,0,0,0,358,0,0,0,0,0,0
126,5807,127.19070227784776,99998,4,7,0,0,249,122,0.00371007420148403,2,1,49789,49897,204,94,0,0,0,0,0,0,99638,0,0,0,0,0,0,0,0,0,0,360,0,0,0,0,0,0
127,5807,128.09273703177865,99998,4,6,0,0,249,122,0.00371007420148403,3,1,49788,49897,204,95,0,0,0,0,0,0,99637,0,0,0,0,0,0,0,0,0,0,361,0,0,0,0,0,0
128,5807,129.24836122203592,99998,5,5,0,0,251,122,0.0037300746014920297,3,4,49786,49895,205,95,0,0,0,0,0,0,99635,0,0,0,0,0,0,0,0,0,0,363,0,0,0,0,0,0
129,5807,130.134960188776,99998,2,2,0,0,251,122,0.0037300746014920297,3,4,49786,49895,208,98,0,0,0,0,0,0,99629,0,0,0,0,0,0,0,0,0,0,369,0,0,0,0,0,0
130,5807,131.10534596841075,99998,2,4,0,0,252,124,0.00376007520150403,6,2,49783,49895,208,98,0,0,0,0,0,0,99628,0,0,0,0,0,0,0,0,0,0,370,0,0,0,0,0,0
131,5807,132.11918311159053,99998,3,3,0,0,253,124,0.0037700754015080303,5,2,49783,49895,208,99,0,0,0,0,0,0,99627,0,0,0,0,0,0,0,0,0,0,371,0,0,0,0,0,0
132,5807,133.2369737763009,99998,4,2,0,0,256,124,0.0038000760015200305,2,2,49784,49896,209,99,0,0,0,0,0,0,99624,0,0,0,0,0,0,0,0,0,0,374,0,0,0,0,0,0
133,5807,134.11806046972072,99998,4,2,0,0,256,124,0.0038000760015200305,3,2,49783,49896,209,99,0,0,0,0,0,0,99624,0,0,0,0,0,0,0,0,0,0,374,0,0,0,0,0,0
134,5807,135.16853588982542,99998,3,2,0,0,257,124,0.0038100762015240305,2,2,49783,49896,211,99,0,0,0,0,0,0,99622,0,0,0,0,0,0,0,0,0,0,376,0,0,0,0,0,0
135,5807,136.09975669021395,99998,4,3,0,0,258,125,0.0038300766015320308,2,1,49782,49897,211,98,0,0,0,0,0,0,99622,0,0,0,0,0,0,0,0,0,0,376,0,0,0,0,0,0
136,5807,137.03366741607715,99998,5,2,0,0,260,126,0.003860077201544031,0,0,49783,49898,211,99,0,0,0,0,0,0,99619,0,0,0,0,0,0,0,0,0,0,379,0,0,0,0,0,0
137,5807,138.00637478811393,99998,3,1,0,0,260,126,0.003860077201544031,0,1,49783,49898,213,99,0,0,0,0,0,0,99616,0,0,0,0,0,0,0,0,0,0,382,0,0,0,0,0,0
138,5807,139.12265046968298,99998,2,1,0,0,260,126,0.003860077201544031,0,1,49785,49899,212,98,0,0,0,0,0,0,99615,0,0,0,0,0,0,0,0,0,0,383,0,0,0,0,0,0
139,5807,140.01334024822526,99998,2,0,0,0,260,126,0.003860077201544031,0,1,49786,49900,211,98,0,0,0,0,0,0,99614,0,0,0,0,0,0,0,0,0,0,384,0,0,0,0,0,0
140,5807,141.03416450266522,99998,2,0,0,0,260,126,0.003860077201544031,1,1,49786,49900,210,98,0,0,0,0,0,0,99614,0,0,0,0,0,0,0,0,0,0,384,0,0,0,0,0,0
141,5807,142.05497531958565,99998,3,1,0,0,261,127,0.003880077601552031,0,0,49786,49900,210,98,0,0,0,0,0,0,99614,0,0,0,0,0,0,0,0,0,0,384,0,0,0,0,0,0
142,5807,143.08080954145677,99998,3,0,0,0,261,127,0.003880077601552031,0,2,49786,49898,210,99,0,0,0,0,0,0,99613,0,0,0,0,0,0,0,0,0,0,385,0,0,0,0,0,0
143,5807,144.10160935270142,99998,3,0,0,0,261,127,0.003880077601552031,0,2,49788,49898,208,99,0,0,0,0,0,0,99613,0,0,0,0,0,0,0,0,0,0,385,0,0,0,0,0,0
144,5807,145.12236665067925,99998,2,0,0,0,261,127,0.003880077601552031,0,2,49790,49898,207,99,0,0,0,0,0,0,99612,0,0,0,0,0,0,0,0,0,0,386,0,0,0,0,0,0
145,5807,146.1734240309806,99998,2,1,0,0,261,128,0.003890077801556031,0,1,49793,49898,204,99,0,0,0,0,0,0,99612,0,0,0,0,0,0,0,0,0,0,386,0,0,0,0,0,0
146,5807,147.32144962375557,99998,0,0,0,0,261,129,0.003900078001560031,0,0,49793,49899,206,100,0,0,0,0,0,0,99608,0,0,0,0,0,0,0,0,0,0,390,0,0,0,0,0,0
147,5807,148.00191876871915,99998,0,0,0,0,261,129,0.003900078001560031,0,0,49794,49899,205,100,0,0,0,0,0,0,99608,0,0,0,0,0,0,0,0,0,0,390,0,0,0,0,0,0
148,5807,149.0226019456211,99998,0,0,0,0,261,129,0.003900078001560031,0,0,49795,49900,204,99,0,0,0,0,0,0,99608,0,0,0,0,0,0,0,0,0,0,390,0,0,0,0,0,0
149,5807,150.043264554795,99998,0,0,0,0,261,129,0.003900078001560031,0,0,49797,49900,202,99,0,0,0,0,0,0,99608,0,0,0,0,0,0,0,0,0,0,390,0,0,0,0,0,0
150,5807,151.0638860732787,99998,0,0,0,0,261,129,0.003900078001560031,0,0,49800,49900,199,99,0,0,0,0,0,0,99608,0,0,0,0,0,0,0,0,0,0,390,0,0,0,0,0,0
151,5807,152.08444598223315,99998,0,0,0,0,261,129,0.003900078001560031,0,0,49800,49900,199,99,0,0,0,0,0,0,99608,0,0,0,0,0,0,0,0,0,0,390,0,0,0,0,0,0
152,5807,153.1050058911876,99998,0,0,0,0,261,129,0.003900078001560031,0,0,49800,49900,199,99,0,0,0,0,0,0,99608,0,0,0,0,0,0,0,0,0,0,390,0,0,0,0,0,0
153,5807,154.12556580014206,99998,0,0,0,0,261,129,0.003900078001560031,0,0,49801,49900,198,99,0,0,0,0,0,0,99608,0,0,0,0,0,0,0,0,0,0,390,0,0,0,0,0,0
154,5807,155.14610516032474,99998,0,0,0,0,261,129,0.003900078001560031,0,0,49802,49901,197,98,0,0,0,0,0,0,99608,0,0,0,0,0,0,0,0,0,0,390,0,0,0,0,0,0
155,5807,156.16662395855818,99998,0,0,0,0,261,129,0.003900078001560031,0,0,49803,49901,196,98,0,0,0,0,0,0,99608,0,0,0,0,0,0,0,0,0,0,390,0,0,0,0,0,0
156,5807,157.18712222394794,99998,0,0,0,0,261,129,0.003900078001560031,0,0,49804,49901,195,98,0,0,0,0,0,0,99608,0,0,0,0,0,0,0,0,0,0,390,0,0,0,0,0,0
157,5807,158.2075999567689,99998,0,0,0,0,261,129,0.003900078001560031,0,0,49805,49902,194,97,0,0,0,0,0,0,99608,0,0,0,0,0,0,0,0,0,0,390,0,0,0,0,0,0
158,5807,159.22805711611446,99998,0,0,0,0,261,129,0.003900078001560031,0,0,49807,49902,192,97,0,0,0,0,0,0,99608,0,0,0,0,0,0,0,0,0,0,390,0,0,0,0,0,0
159,5807,160.24848690181744,99998,0,0,0,0,261,129,0.003900078001560031,0,0,49807,49902,192,97,0,0,0,0,0,0,99608,0,0,0,0,0,0,0,0,0,0,390,0,0,0,0,0,0
160,5807,161.26889615770068,99998,0,0,0,0,261,129,0.003900078001560031,0,0,49811,49902,188,97,0,0,0,0,0,0,99608,0,0,0,0,0,0,0,0,0,0,390,0,0,0,0,0,0
161,5807,162.2892369877207,99998,0,0,0,0,261,129,0.003900078001560031,0,0,49811,49902,188,97,0,0,0,0,0,0,99608,0,0,0,0,0,0,0,0,0,0,390,0,0,0,0,0,0
162,5807,163.30957097556652,99998,0,0,0,0,261,129,0.003900078001560031,0,0,49813,49902,186,97,0,0,0,0,0,0,99608,0,0,0,0,0,0,0,0,0,0,390,0,0,0,0,0,0
163,5807,164.32987759636381,99998,0,0,0,0,261,129,0.003900078001560031,0,0,49813,49902,186,97,0,0,0,0,0,0,99608,0,0,0,0,0,0,0,0,0,0,390,0,0,0,0,0,0
164,5807,165.01007288787918,99998,0,0,0,0,261,129,0.003900078001560031,0,0,49815,49902,184,97,0,0,0,0,0,0,99608,0,0,0,0,0,0,0,0,0,0,390,0,0,0,0,0,0
165,5807,166.03031793707493,99998,0,0,0,0,261,129,0.003900078001560031,0,0,49816,49902,183,97,0,0,0,0,0,0,99608,0,0,0,0,0,0,0,0,0,0,390,0,0,0,0,0,0
166,5807,167.05054930466912,99998,0,0,0,0,261,129,0.003900078001560031,0,0,49816,49902,183,97,0,0,0,0,0,0,99608,0,0,0,0,0,0,0,0,0,0,390,0,0,0,0,0,0
167,5807,168.07077383173717,99998,0,0,0,0,261,129,0.003900078001560031,0,0,49817,49902,182,97,0,0,0,0,0,0,99608,0,0,0,0,0,0,0,0,0,0,390,0,0,0,0,0,0
168,5807,169.09097783750144,99998,0,0,0,0,261,129,0.003900078001560031,0,0,49818,49903,181,96,0,0,0,0,0,0,99608,0,0,0,0,0,0,0,0,0,0,390,0,0,0,0,0,0
169,5807,170.11116812076776,99998,0,0,0,0,261,129,0.003900078001560031,0,0,49818,49903,181,96,0,0,0,0,0,0,99608,0,0,0,0,0,0,0,0,0,0,390,0,0,0,0,0,0
170,5807,171.13135156405744,99998,0,0,0,0,261,129,0.003900078001560031,0,0,49821,49903,178,96,0,0,0,0,0,0,99608,0,0,0,0,0,0,0,0,0,0,390,0,0,0,0,0,0
171,5807,172.1514802760079,99998,0,0,0,0,261,129,0.003900078001560031,0,0,49821,49904,178,95,0,0,0,0,0,0,99608,0,0,0,0,0,0,0,0,0,0,390,0,0,0,0,0,0
172,5807,173.17160895996344,99998,0,0,0,0,261,129,0.003900078001560031,0,0,49821,49904,178,95,0,0,0,0,0,0,99608,0,0,0,0,0,0,0,0,0,0,390,0,0,0,0,0,0
173,5807,174.19173764391897,99998,0,0,0,0,261,129,0.003900078001560031,0,0,49822,49904,177,95,0,0,0,0,0,0,99608,0,0,0,0,0,0,0,0,0,0,390,0,0,0,0,0,0
174,5807,175.21185263557206,99998,0,0,0,0,261,129,0.003900078001560031,0,0,49822,49905,177,94,0,0,0,0,0,0,99608,0,0,0,0,0,0,0,0,0,0,390,0,0,0,0,0,0
175,5807,176.23195390720343,99998,0,0,0,0,261,129,0.003900078001560031,0,0,49823,49906,176,93,0,0,0,0,0,0,99608,0,0,0,0,0,0,0,0,0,0,390,0,0,0,0,0,0
176,5807,177.25204145908847,99998,0,0,0,0,261,129,0.003900078001560031,0,0,49825,49907,174,92,0,0,0,0,0,0,99608,0,0,0,0,0,0,0,0,0,0,390,0,0,0,0,0,0
177,5807,178.27209479051507,99998,0,0,0,0,261,129,0.003900078001560031,0,0,49825,49907,174,92,0,0,0,0,0,0,99608,0,0,0,0,0,0,0,0,0,0,390,0,0,0,0,0,0
178,5807,179.29214128361343,99998,0,0,0,0,261,129,0.003900078001560031,0,0,49825,49907,174,92,0,0,0,0,0,0,99608,0,0,0,0,0,0,0,0,0,0,390,0,0,0,0,0,0
179,5807,180.31218093865806,99998,0,0,0,0,261,129,0.003900078001560031,0,0,49826,49907,173,92,0,0,0,0,0,0,99608,0,0,0,0,0,0,0,0,0,0,390,0,0,0,0,0,0
180,5807,181.33220691759522,99998,0,0,0,0,261,129,0.003900078001560031,0,0,49826,49907,173,92,0,0,0,0,0,0,99608,0,0,0,0,0,0,0,0,0,0,390,0,0,0,0,0,0
181,5807,182.01222423688665,99998,0,0,0,0,261,129,0.003900078001560031,0,0,49827,49907,172,92,0,0,0,0,0,0,99608,0,0,0,0,0,0,0,0,0,0,390,0,0,0,0,0,0
182,5807,183.03223654026527,99998,0,0,0,0,261,129,0.003900078001560031,0,0,49828,49907,171,92,0,0,0,0,0,0,99608,0,0,0,0,0,0,0,0,0,0,390,0,0,0,0,0,0
183,5807,184.05222149335023,99998,0,0,0,0,261,129,0.003900078001560031,0,0,49828,49907,171,92,0,0,0,0,0,0,99608,0,0,0,0,0,0,0,0,0,0,390,0,0,0,0,0,0
184,5807,185.07220643243969,99998,0,0,0,0,261,129,0.003900078001560031,0,0,49829,49908,170,91,0,0,0,0,0,0,99608,0,0,0,0,0,0,0,0,0,0,390,0,0,0,0,0,0
185,5807,186.09216399489216,99998,0,0,0,0,261,129,0.003900078001560031,0,0,49830,49908,169,91,0,0,0,0,0,0,99608,0,0,0,0,0,0,0,0,0,0,390,0,0,0,0,0,0
186,5807,187.1121078834333,99998,0,0,0,0,261,129,0.003900078001560031,0,0,49832,49908,167,91,0,0,0,0,0,0,99608,0,0,0,0,0,0,0,0,0,0,390,0,0,0,0,0,0
187,5807,188.13202442579822,99998,0,0,0,0,261,129,0.003900078001560031,0,0,49833,49908,166,91,0,0,0,0,0,0,99608,0,0,0,0,0,0,0,0,0,0,390,0,0,0,0,0,0
188,5807,189.15190678667747,99998,0,0,0,0,261,129,0.003900078001560031,0,0,49834,49908,165,91,0,0,0,0,0,0,99608,0,0,0,0,0,0,0,0,0,0,390,0,0,0,0,0,0
189,5807,190.17176863998233,99998,0,0,0,0,261,129,0.003900078001560031,0,0,49836,49908,163,91,0,0,0,0,0,0,99608,0,0,0,0,0,0,0,0,0,0,390,0,0,0,0,0,0
190,5807,191.19158948060735,99998,0,0,0,0,261,129,0.003900078001560031,0,0,49836,49909,163,90,0,0,0,0,0,0,99608,0,0,0,0,0,0,0,0,0,0,390,0,0,0,0,0,0
191,5807,192.21140344421798,99998,0,0,0,0,261,129,0.003900078001560031,0,0,49837,49910,162,89,0,0,0,0,0,0,99608,0,0,0,0,0,0,0,0,0,0,390,0,0,0,0,0,0
192,5807,193.2312036957796,99998,0,0,0,0,261,129,0.003900078001560031,0,0,49837,49910,162,89,0,0,0,0,0,0,99608,0,0,0,0,0,0,0,0,0,0,390,0,0,0,0,0,0
193,5807,194.25099026410246,99998,0,0,0,0,261,129,0.003900078001560031,0,0,49839,49911,160,88,0,0,0,0,0,0,99608,0,0,0,0,0,0,0,0,0,0,390,0,0,0,0,0,0
194,5807,195.27074946594772,99998,0,0,0,0,261,129,0.003900078001560031,0,0,49839,49911,160,88,0,0,0,0,0,0,99608,0,0,0,0,0,0,0,0,0,0,390,0,0,0,0,0,0
195,5807,196.2905018335815,99998,0,0,0,0,261,129,0.003900078001560031,0,0,49840,49911,159,88,0,0,0,0,0,0,99608,0,0,0,0,0,0,0,0,0,0,390,0,0,0,0,0,0
196,5807,197.31024053279228,99998,0,0,0,0,261,129,0.003900078001560031,0,0,49840,49911,159,88,0,0,0,0,0,0,99608,0,0,0,0,0,0,0,0,0,0,390,0,0,0,0,0,0
197,5807,198.32997923200307,99998,0,0,0,0,261,129,0.003900078001560031,0,0,49840,49911,159,88,0,0,0,0,0,0,99608,0,0,0,0,0,0,0,0,0,0,390,0,0,0,0,0,0
198,5807,199.00980503147693,99998,0,0,0,0,261,129,0.003900078001560031,0,0,49841,49911,158,88,0,0,0,0,0,0,99608,0,0,0,0,0,0,0,0,0,0,390,0,0,0,0,0,0
199,5807,200.0295232288759,99998,0,0,0,0,261,129,0.003900078001560031,0,0,49842,49912,157,87,0,0,0,0,0,0,99608,0,0,0,0,0,0,0,0,0,0,390,0,0,0,0,0,0
200,5807,201.04922088358518,99998,0,0,0,0,261,129,0.003900078001560031,0,0,49843,49913,156,86,0,0,0,0,0,0,99608,0,0,0,0,0,0,0,0,0,0,390,0,0,0,0,0,0
201,5807,202.06889800987204,99998,0,0,0,0,261,129,0.003900078001560031,0,0,49843,49914,156,85,0,0,0,0,0,0,99608,0,0,0,0,0,0,0,0,0,0,390,0,0,0,0,0,0
202,5807,203.0885614142403,99998,0,0,0,0,261,129,0.003900078001560031,0,0,49845,49915,154,84,0,0,0,0,0,0,99608,0,0,0,0,0,0,0,0,0,0,390,0,0,0,0,0,0
203,5807,204.10819061216458,99998,0,0,0,0,261,129,0.003900078001560031,0,0,49846,49916,153,83,0,0,0,0,0,0,99608,0,0,0,0,0,0,0,0,0,0,390,0,0,0,0,0,0
204,5807,205.1277992706961,99998,0,0,0,0,261,129,0.003900078001560031,0,0,49847,49917,152,82,0,0,0,0,0,0,99608,0,0,0,0,0,0,0,0,0,0,390,0,0,0,0,0,0
205,5807,206.14739423666575,99998,0,0,0,0,261,129,0.003900078001560031,0,0,49847,49917,152,82,0,0,0,0,0,0,99608,0,0,0,0,0,0,0,0,0,0,390,0,0,0,0,0,0
206,5807,207.1669891886452,99998,0,0,0,0,261,129,0.003900078001560031,0,0,49847,49917,152,82,0,0,0,0,0,0,99608,0,0,0,0,0,0,0,0,0,0,390,0,0,0,0,0,0
207,5807,208.18658414062466,99998,0,0,0,0,261,129,0.003900078001560031,0,0,49847,49918,152,81,0,0,0,0,0,0,99608,0,0,0,0,0,0,0,0,0,0,390,0,0,0,0,0,0
208,5807,209.2061790646238,99998,0,0,0,0,261,129,0.003900078001560031,0,0,49847,49918,152,81,0,0,0,0,0,0,99608,0,0,0,0,0,0,0,0,0,0,390,0,0,0,0,0,0
209,5807,210.22577397463277,99998,0,0,0,0,261,129,0.003900078001560031,0,0,49848,49918,151,81,0,0,0,0,0,0,99608,0,0,0,0,0,0,0,0,0,0,390,0,0,0,0,0,0
210,5807,211.2453483885935,99998,0,0,0,0,261,129,0.003900078001560031,0,0,49848,49918,151,81,0,0,0,0,0,0,99608,0,0,0,0,0,0,0,0,0,0,390,0,0,0,0,0,0
211,5807,212.26492280255422,99998,0,0,0,0,261,129,0.003900078001560031,0,0,49848,49918,151,81,0,0,0,0,0,0,99608,0,0,0,0,0,0,0,0,0,0,390,0,0,0,0,0,0
212,5807,213.28449721651495,99998,0,0,0,0,261,129,0.003900078001560031,0,0,49848,49918,151,81,0,0,0,0,0,0,99608,0,0,0,0,0,0,0,0,0,0,390,0,0,0,0,0,0
213,5807,214.30407163047568,99998,0,0,0,0,261,129,0.003900078001560031,0,0,49849,49918,150,81,0,0,0,0,0,0,99608,0,0,0,0,0,0,0,0,0,0,390,0,0,0,0,0,0
214,5807,215.32362554921053,99998,0,0,0,0,261,129,0.003900078001560031,0,0,49849,49918,150,81,0,0,0,0,0,0,99608,0,0,0,0,0,0,0,0,0,0,390,0,0,0,0,0,0
215,5807,216.00332816170044,99998,0,0,0,0,261,129,0.003900078001560031,0,0,49849,49918,150,81,0,0,0,0,0,0,99608,0,0,0,0,0,0,0,0,0,0,390,0,0,0,0,0,0
216,5807,217.0228820804353,99998,0,0,0,0,261,129,0.003900078001560031,0,0,49849,49918,150,81,0,0,0,0,0,0,99608,0,0,0,0,0,0,0,0,0,0,390,0,0,0,0,0,0
217,5807,218.04243598518053,99998,0,0,0,0,261,129,0.003900078001560031,0,0,49849,49919,150,80,0,0,0,0,0,0,99608,0,0,0,0,0,0,0,0,0,0,390,0,0,0,0,0,0
218,5807,219.06198984795694,99998,0,0,0,0,261,129,0.003900078001560031,0,0,49849,49921,150,78,0,0,0,0,0,0,99608,0,0,0,0,0,0,0,0,0,0,390,0,0,0,0,0,0
219,5807,220.08154365477492,99998,0,0,0,0,261,129,0.003900078001560031,0,0,49849,49922,150,77,0,0,0,0,0,0,99608,0,0,0,0,0,0,0,0,0,0,390,0,0,0,0,0,0
220,5807,221.1010974196241,99998,0,0,0,0,261,129,0.003900078001560031,0,0,49849,49922,150,77,0,0,0,0,0,0,99608,0,0,0,0,0,0,0,0,0,0,390,0,0,0,0,0,0
221,5807,222.12065117048368,99998,0,0,0,0,261,129,0.003900078001560031,0,0,49851,49922,148,77,0,0,0,0,0,0,99608,0,0,0,0,0,0,0,0,0,0,390,0,0,0,0,0,0
222,5807,223.14017076455758,99998,0,0,0,0,261,129,0.003900078001560031,0,0,49851,49923,148,76,0,0,0,0,0,0,99608,0,0,0,0,0,0,0,0,0,0,390,0,0,0,0,0,0
223,5807,224.15968349946075,99998,0,0,0,0,261,129,0.003900078001560031,0,0,49853,49923,146,76,0,0,0,0,0,0,99608,0,0,0,0,0,0,0,0,0,0,390,0,0,0,0,0,0
224,5807,225.17916206687931,99998,0,0,0,0,261,129,0.003900078001560031,0,0,49854,49923,145,76,0,0,0,0,0,0,99608,0,0,0,0,0,0,0,0,0,0,390,0,0,0,0,0,0
225,5807,226.19861331199468,99998,0,0,0,0,261,129,0.003900078001560031,0,0,49854,49923,145,76,0,0,0,0,0,0,99608,0,0,0,0,0,0,0,0,0,0,390,0,0,0,0,0,0
226,5807,227.21806455711004,99998,0,0,0,0,261,129,0.003900078001560031,0,0,49854,49923,145,76,0,0,0,0,0,0,99608,0,0,0,0,0,0,0,0,0,0,390,0,0,0,0,0,0
227,5807,228.2375158022254,99998,0,0,0,0,261,129,0.003900078001560031,0,0,49854,49923,145,76,0,0,0,0,0,0,99608,0,0,0,0,0,0,0,0,0,0,390,0,0,0,0,0,0
228,5807,229.25696704734077,99998,0,0,0,0,261,129,0.003900078001560031,0,0,49854,49923,145,76,0,0,0,0,0,0,99608,0,0,0,0,0,0,0,0,0,0,390,0,0,0,0,0,0
229,5807,230.27641829245613,99998,0,0,0,0,261,129,0.003900078001560031,0,0,49854,49923,145,76,0,0,0,0,0,0,99608,0,0,0,0,0,0,0,0,0,0,390,0,0,0,0,0,0
230,5807,231.2958695375715,99998,0,0,0,0,261,129,0.003900078001560031,0,0,49854,49923,145,76,0,0,0,0,0,0,99608,0,0,0,0,0,0,0,0,0,0,390,0,0,0,0,0,0
231,5807,232.31532078268685,99998,0,0,0,0,261,129,0.003900078001560031,0,0,49854,49923,145,76,0,0,0,0,0,0,99608,0,0,0,0,0,0,0,0,0,0,390,0,0,0,0,0,0
232,5807,233.33477202780222,99998,0,0,0,0,261,129,0.003900078001560031,0,0,49854,49923,145,76,0,0,0,0,0,0,99608,0,0,0,0,0,0,0,0,0,0,390,0,0,0,0,0,0
233,5807,234.01440619121246,99998,0,0,0,0,261,129,0.003900078001560031,0,0,49854,49924,145,75,0,0,0,0,0,0,99608,0,0,0,0,0,0,0,0,0,0,390,0,0,0,0,0,0
234,5807,235.03385740835142,99998,0,0,0,0,261,129,0.003900078001560031,0,0,49854,49924,145,75,0,0,0,0,0,0,99608,0,0,0,0,0,0,0,0,0,0,390,0,0,0,0,0,0
235,5807,236.0533086115022,99998,0,0,0,0,261,129,0.003900078001560031,0,0,49854,49924,145,75,0,0,0,0,0,0,99608,0,0,0,0,0,0,0,0,0,0,390,0,0,0,0,0,0
236,5807,237.07275298455696,99998,0,0,0,0,261,129,0.003900078001560031,0,0,49855,49924,144,75,0,0,0,0,0,0,99608,0,0,0,0,0,0,0,0,0,0,390,0,0,0,0,0,0
237,5807,238.09217685361008,99998,0,0,0,0,261,129,0.003900078001560031,0,0,49857,49926,142,73,0,0,0,0,0,0,99608,0,0,0,0,0,0,0,0,0,0,390,0,0,0,0,0,0
238,5807,239.11156650443866,99998,0,0,0,0,261,129,0.003900078001560031,0,0,49857,49926,142,73,0,0,0,0,0,0,99608,0,0,0,0,0,0,0,0,0,0,390,0,0,0,0,0,0
239,5807,240.13095615526723,99998,0,0,0,0,261,129,0.003900078001560031,0,0,49857,49926,142,73,0,0,0,0,0,0,99608,0,0,0,0,0,0,0,0,0,0,390,0,0,0,0,0,0
240,5807,241.1503458060958,99998,0,0,0,0,261,129,0.003900078001560031,0,0,49857,49926,142,73,0,0,0,0,0,0,99608,0,0,0,0,0,0,0,0,0,0,390,0,0,0,0,0,0
241,5807,242.16973545692437,99998,0,0,0,0,261,129,0.003900078001560031,0,0,49858,49926,141,73,0,0,0,0,0,0,99608,0,0,0,0,0,0,0,0,0,0,390,0,0,0,0,0,0
242,5807,243.18910461993244,99998,0,0,0,0,261,129,0.003900078001560031,0,0,49858,49926,141,73,0,0,0,0,0,0,99608,0,0,0,0,0,0,0,0,0,0,390,0,0,0,0,0,0
243,5807,244.2084737829405,99998,0,0,0,0,261,129,0.003900078001560031,0,0,49858,49927,141,72,0,0,0,0,0,0,99608,0,0,0,0,0,0,0,0,0,0,390,0,0,0,0,0,0
244,5807,245.22784291797444,99998,0,0,0,0,261,129,0.003900078001560031,0,0,49858,49927,141,72,0,0,0,0,0,0,99608,0,0,0,0,0,0,0,0,0,0,390,0,0,0,0,0,0
245,5807,246.24721203902132,99998,0,0,0,0,261,129,0.003900078001560031,0,0,49858,49927,141,72,0,0,0,0,0,0,99608,0,0,0,0,0,0,0,0,0,0,390,0,0,0,0,0,0
246,5807,247.2665811600682,99998,0,0,0,0,261,129,0.003900078001560031,0,0,49858,49928,141,71,0,0,0,0,0,0,99608,0,0,0,0,0,0,0,0,0,0,390,0,0,0,0,0,0
247,5807,248.2859502391538,99998,0,0,0,0,261,129,0.003900078001560031,0,0,49858,49928,141,71,0,0,0,0,0,0,99608,0,0,0,0,0,0,0,0,0,0,390,0,0,0,0,0,0
248,5807,249.3053193182394,99998,0,0,0,0,261,129,0.003900078001560031,0,0,49860,49929,139,70,0,0,0,0,0,0,99608,0,0,0,0,0,0,0,0,0,0,390,0,0,0,0,0,0
249,5807,250.32465422490486,99998,0,0,0,0,261,129,0.003900078001560031,0,0,49860,49929,139,70,0,0,0,0,0,0,99608,0,0,0,0,0,0,0,0,0,0,390,0,0,0,0,0,0
250,5807,251.00420626754078,99998,0,0,0,0,261,129,0.003900078001560031,0,0,49860,49930,139,69,0,0,0,0,0,0,99608,0,0,0,0,0,0,0,0,0,0,390,0,0,0,0,0,0
251,5807,252.0235342895351,99998,0,0,0,0,261,129,0.003900078001560031,0,0,49860,49930,139,69,0,0,0,0,0,0,99608,0,0,0,0,0,0,0,0,0,0,390,0,0,0,0,0,0
252,5807,253.04286229754288,99998,0,0,0,0,261,129,0.003900078001560031,0,0,49860,49931,139,68,0,0,0,0,0,0,99608,0,0,0,0,0,0,0,0,0,0,390,0,0,0,0,0,0
253,5807,254.06219027757763,99998,0,0,0,0,261,129,0.003900078001560031,0,0,49861,49931,138,68,0,0,0,0,0,0,99608,0,0,0,0,0,0,0,0,0,0,390,0,0,0,0,0,0
254,5807,255.08149777253536,99998,0,0,0,0,261,129,0.003900078001560031,0,0,49863,49932,136,67,0,0,0,0,0,0,99608,0,0,0,0,0,0,0,0,0,0,390,0,0,0,0,0,0
255,5807,256.10076425729915,99998,0,0,0,0,261,129,0.003900078001560031,0,0,49864,49933,135,66,0,0,0,0,0,0,99608,0,0,0,0,0,0,0,0,0,0,390,0,0,0,0,0,0
256,5807,257.1200102309331,99998,0,0,0,0,261,129,0.003900078001560031,0,0,49864,49933,135,66,0,0,0,0,0,0,99608,0,0,0,0,0,0,0,0,0,0,390,0,0,0,0,0,0
257,5807,258.13925617659623,99998,0,0,0,0,261,129,0.003900078001560031,0,0,49864,49934,135,65,0,0,0,0,0,0,99608,0,0,0,0,0,0,0,0,0,0,390,0,0,0,0,0,0
258,5807,259.15850209428856,99998,0,0,0,0,261,129,0.003900078001560031,0,0,49864,49934,135,65,0,0,0,0,0,0,99608,0,0,0,0,0,0,0,0,0,0,390,0,0,0,0,0,0
259,5807,260.1777480119809,99998,0,0,0,0,261,129,0.003900078001560031,0,0,49865,49934,134,65,0,0,0,0,0,0,99608,0,0,0,0,0,0,0,0,0,0,390,0,0,0,0,0,0
260,5807,261.1969734476112,99998,0,0,0,0,261,129,0.003900078001560031,0,0,49867,49934,132,65,0,0,0,0,0,0,99608,0,0,0,0,0,0,0,0,0,0,390,0,0,0,0,0,0
261,5807,262.2161715754684,99998,0,0,0,0,261,129,0.003900078001560031,0,0,49868,49934,131,65,0,0,0,0,0,0,99608,0,0,0,0,0,0,0,0,0,0,390,0,0,0,0,0,0
262,5807,263.2353423963741,99998,0,0,0,0,261,129,0.003900078001560031,0,0,49869,49934,130,65,0,0,0,0,0,0,99608,0,0,0,0,0,0,0,0,0,0,390,0,0,0,0,0,0
263,5807,264.25448591224466,99998,0,0,0,0,261,129,0.003900078001560031,0,0,49870,49934,129,65,0,0,0,0,0,0,99608,0,0,0,0,0,0,0,0,0,0,390,0,0,0,0,0,0
264,5807,265.2736089498864,99998,0,0,0,0,261,129,0.003900078001560031,0,0,49870,49934,129,65,0,0,0,0,0,0,99608,0,0,0,0,0,0,0,0,0,0,390,0,0,0,0,0,0
265,5807,266.29272516181686,99998,0,0,0,0,261,129,0.003900078001560031,0,0,49871,49934,128,65,0,0,0,0,0,0,99608,0,0,0,0,0,0,0,0,0,0,390,0,0,0,0,0,0
266,5807,267.3118277223247,99998,0,0,0,0,261,129,0.003900078001560031,0,0,49871,49934,128,65,0,0,0,0,0,0,99608,0,0,0,0,0,0,0,0,0,0,390,0,0,0,0,0,0
267,5807,268.3309302828326,99998,0,0,0,0,261,129,0.003900078001560031,0,0,49871,49934,128,65,0,0,0,0,0,0,99608,0,0,0,0,0,0,0,0,0,0,390,0,0,0,0,0,0
268,5807,269.0103319898378,99998,0,0,0,0,261,129,0.003900078001560031,0,0,49871,49934,128,65,0,0,0,0,0,0,99608,0,0,0,0,0,0,0,0,0,0,390,0,0,0,0,0,0
269,5807,270.0294345503457,99998,0,0,0,0,261,129,0.003900078001560031,0,0,49871,49934,128,65,0,0,0,0,0,0,99608,0,0,0,0,0,0,0,0,0,0,390,0,0,0,0,0,0
270,5807,271.04853711085354,99998,0,0,0,0,261,129,0.003900078001560031,0,0,49871,49934,128,65,0,0,0,0,0,0,99608,0,0,0,0,0,0,0,0,0,0,390,0,0,0,0,0,0
271,5807,272.0676396713614,99998,0,0,0,0,261,129,0.003900078001560031,0,0,49871,49934,128,65,0,0,0,0,0,0,99608,0,0,0,0,0,0,0,0,0,0,390,0,0,0,0,0,0
272,5807,273.08674223186927,99998,0,0,0,0,261,129,0.003900078001560031,0,0,49872,49934,127,65,0,0,0,0,0,0,99608,0,0,0,0,0,0,0,0,0,0,390,0,0,0,0,0,0
273,5807,274.1058243160645,99998,0,0,0,0,261,129,0.003900078001560031,0,0,49872,49934,127,65,0,0,0,0,0,0,99608,0,0,0,0,0,0,0,0,0,0,390,0,0,0,0,0,0
274,5807,275.12490640025976,99998,0,0,0,0,261,129,0.003900078001560031,0,0,49873,49934,126,65,0,0,0,0,0,0,99608,0,0,0,0,0,0,0,0,0,0,390,0,0,0,0,0,0
275,5807,276.14397483412733,99998,0,0,0,0,261,129,0.003900078001560031,0,0,49873,49934,126,65,0,0,0,0,0,0,99608,0,0,0,0,0,0,0,0,0,0,390,0,0,0,0,0,0
276,5807,277.16303644283107,99998,0,0,0,0,261,129,0.003900078001560031,0,0,49874,49934,125,65,0,0,0,0,0,0,99608,0,0,0,0,0,0,0,0,0,0,390,0,0,0,0,0,0
277,5807,278.1820775768644,99998,0,0,0,0,261,129,0.003900078001560031,0,0,49874,49934,125,65,0,0,0,0,0,0,99608,0,0,0,0,0,0,0,0,0,0,390,0,0,0,0,0,0
278,5807,279.20111871089773,99998,0,0,0,0,261,129,0.003900078001560031,0,0,49874,49934,125,65,0,0,0,0,0,0,99608,0,0,0,0,0,0,0,0,0,0,390,0,0,0,0,0,0
279,5807,280.22015984493106,99998,0,0,0,0,261,129,0.003900078001560031,0,0,49874,49935,125,64,0,0,0,0,0,0,99608,0,0,0,0,0,0,0,0,0,0,390,0,0,0,0,0,0
280,5807,281.23919412638304,99998,0,0,0,0,261,129,0.003900078001560031,0,0,49875,49935,124,64,0,0,0,0,0,0,99608,0,0,0,0,0,0,0,0,0,0,390,0,0,0,0,0,0
281,5807,282.25821474462003,99998,0,0,0,0,261,129,0.003900078001560031,0,0,49875,49935,124,64,0,0,0,0,0,0,99608,0,0,0,0,0,0,0,0,0,0,390,0,0,0,0,0,0
282,5807,283.2772285385145,99998,0,0,0,0,261,129,0.003900078001560031,0,0,49876,49935,123,64,0,0,0,0,0,0,99608,0,0,0,0,0,0,0,0,0,0,390,0,0,0,0,0,0
283,5807,284.29622185965513,99998,0,0,0,0,261,129,0.003900078001560031,0,0,49878,49935,121,64,0,0,0,0,0,0,99608,0,0,0,0,0,0,0,0,0,0,390,0,0,0,0,0,0
284,5807,285.31518106154596,99998,0,0,0,0,261,129,0.003900078001560031,0,0,49880,49935,119,64,0,0,0,0,0,0,99608,0,0,0,0,0,0,0,0,0,0,390,0,0,0,0,0,0
285,5807,286.3340993228542,99998,0,0,0,0,261,129,0.003900078001560031,0,0,49880,49935,119,64,0,0,0,0,0,0,99608,0,0,0,0,0,0,0,0,0,0,390,0,0,0,0,0,0
286,5807,287.0133781637263,99998,0,0,0,0,261,129,0.003900078001560031,0,0,49880,49935,119,64,0,0,0,0,0,0,99608,0,0,0,0,0,0,0,0,0,0,390,0,0,0,0,0,0
287,5807,288.03229642503453,99998,0,0,0,0,261,129,0.003900078001560031,0,0,49880,49935,119,64,0,0,0,0,0,0,99608,0,0,0,0,0,0,0,0,0,0,390,0,0,0,0,0,0
288,5807,289.05121468634275,99998,0,0,0,0,261,129,0.003900078001560031,0,0,49880,49935,119,64,0,0,0,0,0,0,99608,0,0,0,0,0,0,0,0,0,0,390,0,0,0,0,0,0
289,5807,290.07013294765096,99998,0,0,0,0,261,129,0.003900078001560031,0,0,49880,49935,119,64,0,0,0,0,0,0,99608,0,0,0,0,0,0,0,0,0,0,390,0,0,0,0,0,0
290,5807,291.0890443859847,99998,0,0,0,0,261,129,0.003900078001560031,0,0,49881,49935,118,64,0,0,0,0,0,0,99608,0,0,0,0,0,0,0,0,0,0,390,0,0,0,0,0,0
291,5807,292.10794217836957,99998,0,0,0,0,261,129,0.003900078001560031,0,0,49881,49935,118,64,0,0,0,0,0,0,99608,0,0,0,0,0,0,0,0,0,0,390,0,0,0,0,0,0
292,5807,293.1268399707544,99998,0,0,0,0,261,129,0.003900078001560031,0,0,49881,49936,118,63,0,0,0,0,0,0,99608,0,0,0,0,0,0,0,0,0,0,390,0,0,0,0,0,0
293,5807,294.1457377351781,99998,0,0,0,0,261,129,0.003900078001560031,0,0,49881,49936,118,63,0,0,0,0,0,0,99608,0,0,0,0,0,0,0,0,0,0,390,0,0,0,0,0,0
294,5807,295.16462866292056,99998,0,0,0,0,261,129,0.003900078001560031,0,0,49884,49936,115,63,0,0,0,0,0,0,99608,0,0,0,0,0,0,0,0,0,0,390,0,0,0,0,0,0
295,5807,296.18347183367365,99998,0,0,0,0,261,129,0.003900078001560031,0,0,49885,49936,114,63,0,0,0,0,0,0,99608,0,0,0,0,0,0,0,0,0,0,390,0,0,0,0,0,0
296,5807,297.2022877026536,99998,0,0,0,0,261,129,0.003900078001560031,0,0,49885,49937,114,62,0,0,0,0,0,0,99608,0,0,0,0,0,0,0,0,0,0,390,0,0,0,0,0,0
297,5807,298.2211035436746,99998,0,0,0,0,261,129,0.003900078001560031,0,0,49885,49937,114,62,0,0,0,0,0,0,99608,0,0,0,0,0,0,0,0,0,0,390,0,0,0,0,0,0
298,5807,299.2399125630893,99998,0,0,0,0,261,129,0.003900078001560031,0,0,49887,49937,112,62,0,0,0,0,0,0,99608,0,0,0,0,0,0,0,0,0,0,390,0,0,0,0,0,0
299,5807,300.2586942966262,99998,0,0,0,0,261,129,0.003900078001560031,0,0,49887,49937,112,62,0,0,0,0,0,0,99608,0,0,0,0,0,0,0,0,0,0,390,0,0,0,0,0,0
300,5807,301.2774692088303,99998,0,0,0,0,261,129,0.003900078001560031,0,0,49887,49937,112,62,0,0,0,0,0,0,99608,0,0,0,0,0,0,0,0,0,0,390,0,0,0,0,0,0
301,5807,302.2962441210345,99998,0,0,0,0,261,129,0.003900078001560031,0,0,49887,49937,112,62,0,0,0,0,0,0,99608,0,0,0,0,0,0,0,0,0,0,390,0,0,0,0,0,0
302,5807,303.3150190332386,99998,0,0,0,0,261,129,0.003900078001560031,0,0,49887,49937,112,62,0,0,0,0,0,0,99608,0,0,0,0,0,0,0,0,0,0,390,0,0,0,0,0,0
303,5807,304.3337871243835,99998,0,0,0,0,261,129,0.003900078001560031,0,0,49888,49937,111,62,0,0,0,0,0,0,99608,0,0,0,0,0,0,0,0,0,0,390,0,0,0,0,0,0
304,5807,305.0129567570677,99998,0,0,0,0,261,129,0.003900078001560031,0,0,49888,49937,111,62,0,0,0,0,0,0,99608,0,0,0,0,0,0,0,0,0,0,390,0,0,0,0,0,0
305,5807,306.031711206094,99998,0,0,0,0,261,129,0.003900078001560031,0,0,49888,49937,111,62,0,0,0,0,0,0,99608,0,0,0,0,0,0,0,0,0,0,390,0,0,0,0,0,0
306,5807,307.05045883433445,99998,0,0,0,0,261,129,0.003900078001560031,0,0,49889,49937,110,62,0,0,0,0,0,0,99608,0,0,0,0,0,0,0,0,0,0,390,0,0,0,0,0,0
307,5807,308.0691928210033,99998,0,0,0,0,261,129,0.003900078001560031,0,0,49889,49937,110,62,0,0,0,0,0,0,99608,0,0,0,0,0,0,0,0,0,0,390,0,0,0,0,0,0
308,5807,309.08792680767215,99998,0,0,0,0,261,129,0.003900078001560031,0,0,49890,49937,109,62,0,0,0,0,0,0,99608,0,0,0,0,0,0,0,0,0,0,390,0,0,0,0,0,0
309,5807,310.1066403328038,99998,0,0,0,0,261,129,0.003900078001560031,0,0,49891,49937,108,62,0,0,0,0,0,0,99608,0,0,0,0,0,0,0,0,0,0,390,0,0,0,0,0,0
310,5807,311.1253333972185,99998,0,0,0,0,261,129,0.003900078001560031,0,0,49892,49937,107,62,0,0,0,0,0,0,99608,0,0,0,0,0,0,0,0,0,0,390,0,0,0,0,0,0
311,5807,312.14400600173656,99998,0,0,0,0,261,129,0.003900078001560031,0,0,49892,49939,107,60,0,0,0,0,0,0,99608,0,0,0,0,0,0,0,0,0,0,390,0,0,0,0,0,0
312,5807,313.1626785503443,99998,0,0,0,0,261,129,0.003900078001560031,0,0,49892,49939,107,60,0,0,0,0,0,0,99608,0,0,0,0,0,0,0,0,0,0,390,0,0,0,0,0,0
313,5807,314.1813442513053,99998,0,0,0,0,261,129,0.003900078001560031,0,0,49893,49939,106,60,0,0,0,0,0,0,99608,0,0,0,0,0,0,0,0,0,0,390,0,0,0,0,0,0
314,5807,315.199996312883,99998,0,0,0,0,261,129,0.003900078001560031,0,0,49893,49939,106,60,0,0,0,0,0,0,99608,0,0,0,0,0,0,0,0,0,0,390,0,0,0,0,0,0
315,5807,316.2186483744607,99998,0,0,0,0,261,129,0.003900078001560031,0,0,49893,49939,106,60,0,0,0,0,0,0,99608,0,0,0,0,0,0,0,0,0,0,390,0,0,0,0,0,0
316,5807,317.2373004360384,99998,0,0,0,0,261,129,0.003900078001560031,0,0,49893,49939,106,60,0,0,0,0,0,0,99608,0,0,0,0,0,0,0,0,0,0,390,0,0,0,0,0,0
317,5807,318.25595249761614,99998,0,0,0,0,261,129,0.003900078001560031,0,0,49893,49940,106,59,0,0,0,0,0,0,99608,0,0,0,0,0,0,0,0,0,0,390,0,0,0,0,0,0
318,5807,319.2745977118214,99998,0,0,0,0,261,129,0.003900078001560031,0,0,49895,49940,104,59,0,0,0,0,0,0,99608,0,0,0,0,0,0,0,0,0,0,390,0,0,0,0,0,0
319,5807,320.2932156209475,99998,0,0,0,0,261,129,0.003900078001560031,0,0,49894,49940,104,58,1,1,1,1,0,0,99606,0,0,0,0,0,0,0,0,0,2,390,0,0,0,0,0,0
320,5807,321.3118403492182,99998,0,0,0,0,261,129,0.003900078001560031,0,0,49894,49939,103,58,2,2,2,2,0,0,99604,0,0,0,0,0,0,0,0,0,4,390,0,0,0,0,0,0
321,5807,322.0541747207069,99998,0,0,0,0,261,129,0.003900078001560031,0,0,49893,49939,103,57,3,3,3,3,0,0,99602,0,0,0,0,0,0,0,0,0,6,390,0,0,0,0,0,0
322,5807,323.17696279780085,99998,0,0,0,0,261,129,0.003900078001560031,0,0,49894,49938,101,57,4,4,4,4,0,0,99600,0,0,0,0,0,0,0,0,0,8,390,0,0,0,0,0,0
323,5807,324.09637861004154,99998,0,0,0,0,261,129,0.003900078001560031,0,0,49893,49937,101,57,5,5,5,5,0,0,99598,0,0,0,0,0,0,0,0,0,10,390,0,0,0,0,0,0
324,5807,325.0096132767126,99998,0,0,0,0,261,129,0.003900078001560031,0,0,49892,49936,101,57,6,6,6,6,0,0,99596,0,0,0,0,0,0,0,0,0,12,390,0,0,0,0,0,0
325,5807,326.1553382900975,99998,0,0,0,0,261,129,0.003900078001560031,0,0,49893,49934,99,57,7,8,8,7,0,0,99593,0,0,0,0,0,0,0,0,0,15,390,0,0,0,0,0,0
326,5807,327.03116570510707,99998,0,0,0,0,261,129,0.003900078001560031,0,0,49892,49932,99,57,8,10,10,8,0,0,99590,0,0,0,0,0,0,0,0,0,18,390,0,0,0,0,0,0
327,5807,328.08895568056977,99998,0,0,0,0,261,129,0.003900078001560031,0,0,49891,49930,99,57,9,12,12,9,0,0,99587,0,0,0,0,0,0,0,0,0,21,390,0,0,0,0,0,0
328,5807,329.0630287423372,99998,0,0,0,0,261,129,0.003900078001560031,0,0,49890,49928,99,56,10,15,15,10,0,0,99583,0,0,0,0,0,0,0,0,0,25,390,0,0,0,0,0,0
329,5807,330.02046337349606,99998,0,0,0,0,261,129,0.003900078001560031,0,0,49889,49925,99,56,11,18,18,11,0,0,99579,0,0,0,0,0,0,0,0,0,29,390,0,0,0,0,0,0
330,5807,331.0639873321778,99998,0,0,0,0,261,129,0.003900078001560031,0,0,49888,49921,99,56,12,22,22,12,0,0,99574,0,0,0,0,0,0,0,0,0,34,390,0,0,0,0,0,0
331,5807,332.13141625545154,99998,0,0,0,0,261,129,0.003900078001560031,0,0,49887,49916,99,56,13,27,27,13,0,0,99568,0,0,0,0,0,0,0,0,0,40,390,0,0,0,0,0,0
332,5807,333.01310289219197,99998,0,0,0,0,261,129,0.003900078001560031,0,0,49886,49911,99,56,14,32,32,14,0,0,99562,0,0,0,0,0,0,0,0,0,46,390,0,0,0,0,0,0
333,5807,334.0445967545864,99998,0,0,0,0,261,129,0.003900078001560031,0,0,49887,49905,97,56,15,38,38,15,0,0,99555,0,0,0,0,0,0,0,0,0,53,390,0,0,0,0,0,0
334,5807,335.01354237596007,99998,0,0,0,0,261,129,0.003900078001560031,0,0,49886,49899,97,56,16,44,45,16,0,0,99547,0,0,0,0,0,0,0,0,0,61,390,0,0,0,0,0,0
335,5807,336.1633963723172,99998,0,0,0,0,261,129,0.003900078001560031,0,0,49886,49891,96,56,17,52,53,17,0,0,99538,0,0,0,0,0,0,0,0,0,70,390,0,0,0,0,0,0
336,5807,337.0136171874962,99998,0,0,0,0,261,129,0.003900078001560031,0,0,49887,49883,94,55,18,61,62,18,0,0,99528,0,0,0,0,0,0,0,0,0,80,390,0,0,0,0,0,0
337,5807,338.03934902246573,99998,0,0,0,0,261,129,0.003900078001560031,0,0,49886,49873,94,55,19,71,72,19,0,0,99517,0,0,0,0,0,0,0,0,0,91,390,0,0,0,0,0,0
338,5807,339.0037538053394,99998,0,0,0,0,261,129,0.003900078001560031,0,0,49885,49862,94,55,20,82,83,20,0,0,99505,0,0,0,0,0,0,0,0,0,103,390,0,0,0,0,0,0
339,5807,340.0206349298144,99998,0,0,0,0,261,129,0.003900078001560031,0,0,49884,49851,94,55,21,93,95,21,0,0,99492,0,0,0,0,0,0,0,0,0,116,390,0,0,0,0,0,0
340,5807,341.0654065485437,99998,0,0,0,0,261,129,0.003900078001560031,0,0,49885,49839,92,55,22,105,108,22,0,0,99478,0,0,0,0,0,0,0,0,0,130,390,0,0,0,0,0,0
341,5807,342.08421948219683,99998,0,0,0,0,261,129,0.003900078001560031,0,0,49883,49826,92,55,24,118,122,24,0,0,99462,0,0,0,0,0,0,0,0,0,146,390,0,0,0,0,0,0
342,5807,343.1030670429111,99998,0,0,0,0,261,129,0.003900078001560031,0,0,49881,49814,92,53,26,132,137,26,0,0,99445,0,0,0,0,0,0,0,0,0,163,390,0,0,0,0,0,0
343,5807,344.12195605536675,99998,0,0,0,0,261,129,0.003900078001560031,0,0,49879,49799,92,53,28,147,154,28,0,0,99426,0,0,0,0,0,0,0,0,0,182,390,0,0,0,0,0,0
344,5807,345.1408866067745,99998,0,0,0,0,261,129,0.003900078001560031,0,0,49877,49783,92,52,30,164,172,30,0,0,99407,0,0,0,0,0,0,0,0,0,201,389,1,0,0,0,0,0
345,5807,346.15985194653535,99998,0,0,0,0,261,129,0.003900078001560031,0,0,49876,49765,91,51,32,183,192,32,0,0,99385,0,0,0,0,0,0,0,0,0,223,389,1,0,0,0,0,0
346,5807,347.17884530897305,99998,0,0,0,0,261,129,0.003900078001560031,0,0,49875,49744,90,51,34,204,213,34,0,0,99362,0,0,0,0,0,0,0,0,0,246,389,1,0,0,0,0,0
347,5807,348.19786682105547,99998,0,0,0,0,261,129,0.003900078001560031,0,0,49872,49723,90,50,37,226,236,37,0,0,99337,0,0,0,0,0,0,0,0,0,271,388,2,0,0,0,0,0
348,5807,349.21693697412627,99998,0,0,0,0,261,129,0.003900078001560031,0,0,49869,49702,90,50,40,247,260,40,0,0,99311,0,0,0,0,0,0,0,0,0,297,387,3,0,0,0,0,0
349,5807,350.23606940965675,99998,0,0,0,0,261,129,0.003900078001560031,0,0,49867,49677,89,49,43,273,286,43,0,0,99282,0,0,0,0,0,0,0,0,0,326,387,3,0,0,0,0,0
350,5807,351.2552438231495,99998,0,0,0,0,261,129,0.003900078001560031,0,0,49864,49649,89,49,46,301,314,46,0,0,99251,0,0,0,0,0,0,0,0,0,357,387,3,0,0,0,0,0
351,5807,352.274480825307,99998,0,0,0,0,261,129,0.003900078001560031,0,0,49860,49620,89,49,50,330,343,50,0,0,99218,0,0,0,0,0,0,0,0,0,390,387,3,0,0,0,0,0
352,5807,353.2937941366791,99998,0,0,0,0,261,129,0.003900078001560031,0,0,49856,49590,89,49,54,360,374,54,0,0,99183,0,0,0,0,0,0,0,0,0,425,387,3,0,0,0,0,0
353,5807,354.3131837955428,99998,0,0,0,0,261,129,0.003900078001560031,0,0,49853,49558,88,48,58,393,407,58,0,0,99146,0,0,0,0,0,0,0,0,0,462,387,3,0,0,0,0,0
354,5807,355.33263623685355,99998,0,0,0,0,261,129,0.003900078001560031,0,0,49850,49524,87,48,62,427,442,63,0,0,99106,0,0,0,0,0,0,0,0,0,502,387,3,0,0,0,0,0
355,5807,356.0123084108222,99998,0,0,0,0,261,129,0.003900078001560031,0,0,49846,49487,86,48,67,464,479,68,0,0,99064,0,0,0,0,0,0,0,0,0,544,387,3,0,0,0,0,0
356,5807,357.03190721644825,99998,0,0,0,0,261,129,0.003900078001560031,0,0,49841,49450,86,47,72,502,518,73,0,0,99020,0,0,0,0,0,0,0,0,0,588,387,3,0,0,0,0,0
357,5807,358.0516100667173,99998,0,0,0,0,261,129,0.003900078001560031,0,0,49835,49411,86,47,78,541,559,79,0,0,98973,0,0,0,0,0,0,0,0,0,635,387,3,0,0,0,0,0
358,5807,359.0714307093757,99998,0,0,0,0,261,129,0.003900078001560031,0,0,49830,49369,86,47,83,583,602,85,0,0,98924,0,0,0,0,0,0,0,0,0,684,387,3,0,0,0,0,0
359,5807,360.0913556091413,99998,0,0,0,0,261,129,0.003900078001560031,0,0,49826,49325,86,47,87,627,647,91,0,0,98873,0,0,0,0,0,0,0,0,0,735,387,3,0,0,0,0,0
360,5807,361.1113643579187,99998,0,0,0,0,261,129,0.003900078001560031,0,0,49819,49280,86,47,94,672,695,98,0,0,98818,0,0,0,0,0,0,0,0,0,790,387,3,0,0,0,0,0
361,5807,362.1315048565124,99998,0,0,0,0,261,129,0.003900078001560031,0,0,49814,49235,84,47,101,717,745,105,0,0,98762,0,0,0,0,0,0,0,0,0,846,386,4,0,0,0,0,0
362,5807,363.1517566996524,99998,0,0,0,0,261,129,0.003900078001560031,0,0,49806,49185,84,47,109,767,797,113,0,0,98702,0,0,0,0,0,0,0,0,0,906,386,4,0,0,0,0,0
363,5807,364.17216799189464,99998,0,0,0,0,261,129,0.003900078001560031,0,0,49799,49133,84,47,116,819,852,121,0,0,98639,0,0,0,0,0,0,0,0,0,969,386,4,0,0,0,0,0
364,5807,365.19272514715374,99998,0,0,0,0,261,129,0.003900078001560031,0,0,49790,49080,84,47,125,872,909,130,0,0,98573,0,0,0,0,0,0,0,0,0,1035,386,4,0,0,0,0,0
365,5807,366.2134625129345,99998,0,0,0,0,261,129,0.003900078001560031,0,0,49781,49026,84,47,134,926,968,139,0,0,98505,0,0,0,0,0,0,0,0,0,1103,386,4,0,0,0,0,0
366,5807,367.2343801776955,99998,0,0,0,0,261,129,0.003900078001560031,0,0,49772,48966,84,47,143,986,1030,149,0,0,98433,0,0,0,0,0,0,0,0,0,1175,386,4,0,0,0,0,0
367,5807,368.2554852696692,99998,0,0,0,0,261,129,0.003900078001560031,0,0,49761,48905,84,47,154,1047,1094,160,0,0,98358,0,0,0,0,0,0,0,0,0,1250,386,4,0,0,0,0,0
368,5807,369.27681221430777,99998,0,0,0,0,261,129,0.003900078001560031,0,0,49751,48840,83,47,165,1112,1161,171,0,0,98280,0,0,0,0,0,0,0,0,0,1328,386,4,0,0,0,0,0
369,5807,370.29834752911034,99998,0,0,0,0,261,129,0.003900078001560031,0,0,49739,48774,83,46,177,1179,1231,183,0,0,98200,0,0,0,0,0,0,0,0,0,1408,384,6,0,0,0,0,0
370,5807,371.32011882625,99998,0,0,0,0,261,129,0.003900078001560031,0,0,49729,48706,82,46,188,1247,1303,195,0,0,98116,0,0,0,0,0,0,0,0,0,1492,384,6,0,0,0,0,0
371,5807,372.00141560395224,99998,0,0,0,0,261,129,0.003900078001560031,0,0,49718,48631,81,46,200,1322,1378,208,0,0,98028,0,0,0,0,0,0,0,0,0,1580,384,6,0,0,0,0,0
372,5807,373.0236389624594,99998,0,0,0,0,261,129,0.003900078001560031,0,0,49705,48557,81,46,213,1396,1456,222,0,0,97936,0,0,0,0,0,0,0,0,0,1672,384,6,0,0,0,0,0
373,5807,374.0461058143111,99998,0,0,0,0,261,129,0.003900078001560031,0,0,49693,48482,80,46,226,1471,1536,236,0,0,97843,0,0,0,0,0,0,0,0,0,1765,383,7,0,0,0,0,0
374,5807,375.0688369297497,99998,0,0,0,0,261,129,0.003900078001560031,0,0,49678,48405,80,45,241,1549,1619,251,0,0,97745,0,0,0,0,0,0,0,0,0,1863,383,7,0,0,0,0,0
375,5807,376.09185313605155,99998,0,0,0,0,261,129,0.003900078001560031,0,0,49664,48325,79,45,256,1629,1705,267,0,0,97643,0,0,0,0,0,0,0,0,0,1965,383,7,0,0,0,0,0
376,5807,377.1151685380559,99998,0,0,0,0,261,129,0.003900078001560031,0,0,49650,48239,79,45,270,1715,1794,284,0,0,97538,0,0,0,0,0,0,0,0,0,2070,382,8,0,0,0,0,0
377,5807,378.13876971791353,99998,0,0,0,0,261,129,0.003900078001560031,0,0,49632,48154,79,45,288,1800,1885,302,0,0,97429,0,0,0,0,0,0,0,0,0,2179,382,8,0,0,0,0,0
378,5807,379.16273953819007,99998,0,0,0,0,261,129,0.003900078001560031,0,0,49614,48068,79,45,306,1886,1979,320,0,0,97317,0,0,0,0,0,0,0,0,0,2291,382,8,0,0,0,0,0
379,5807,380.1870851393523,99998,0,0,0,0,261,129,0.003900078001560031,0,0,49596,47974,79,45,324,1980,2076,339,0,0,97201,0,0,0,0,0,0,0,0,0,2407,382,8,0,0,0,0,0
380,5807,381.2118071315609,99998,0,0,0,0,261,129,0.003900078001560031,0,0,49578,47879,79,45,342,2075,2176,359,0,0,97081,0,0,0,0,0,0,0,0,0,2527,382,8,0,0,0,0,0
381,5807,382.23689894245797,99998,0,0,0,0,261,129,0.003900078001560031,0,0,49559,47783,78,45,362,2171,2279,380,0,0,96958,0,0,0,0,0,0,0,0,0,2650,381,9,0,0,0,0,0
382,5807,383.26238165142024,99998,0,0,0,0,261,129,0.003900078001560031,0,0,49537,47684,78,45,384,2270,2385,402,0,0,96830,0,0,0,0,0,0,0,0,0,2778,381,9,0,0,0,0,0
383,5807,384.28831094261085,99998,0,0,0,0,261,129,0.003900078001560031,0,0,49516,47586,78,45,405,2368,2494,425,0,0,96699,0,0,0,0,0,0,0,0,0,2909,380,10,0,0,0,0,0
384,5807,385.31466644208666,99998,0,0,0,0,261,129,0.003900078001560031,0,0,49493,47481,78,45,428,2473,2606,449,0,0,96563,0,0,0,0,0,0,0,0,0,3045,380,10,0,0,0,0,0
385,5807,386.34149723946,99998,0,0,0,0,261,129,0.003900078001560031,0,0,49471,47376,78,45,450,2578,2721,474,0,0,96423,0,0,0,0,0,0,0,0,0,3185,380,10,0,0,0,0,0
386,5807,387.0263146166176,99998,0,0,0,0,261,129,0.003900078001560031,0,0,49446,47263,78,45,475,2691,2839,500,0,0,96279,0,0,0,0,0,0,0,0,0,3329,380,10,0,0,0,0,0
387,5807,388.05412553713677,99998,0,0,0,0,261,129,0.003900078001560031,0,0,49419,47146,78,45,502,2808,2960,527,0,0,96132,0,0,0,0,0,0,0,0,0,3476,379,11,0,0,0,0,0
388,5807,389.082496968378,99998,0,0,0,0,261,129,0.003900078001560031,0,0,49392,47031,78,45,529,2923,3084,555,0,0,95981,0,0,0,0,0,0,0,0,0,3627,378,12,0,0,0,0,0
389,5807,390.1114364108298,99998,0,0,0,0,261,129,0.003900078001560031,0,0,49364,46919,78,43,557,3037,3211,584,0,0,95827,0,0,0,0,0,0,0,0,0,3781,376,14,0,0,0,0,0
390,5807,391.1409513619867,99998,0,0,0,0,261,129,0.003900078001560031,0,0,49334,46801,78,43,587,3155,3341,614,0,0,95667,0,0,0,0,0,0,0,0,0,3941,376,14,0,0,0,0,0
391,5807,392.17109139060915,99998,0,0,0,0,261,129,0.003900078001560031,0,0,49303,46683,78,42,618,3274,3474,645,0,0,95503,0,0,0,0,0,0,0,0,0,4105,376,14,0,0,0,0,0
392,5807,393.20187843413044,99998,0,0,0,0,261,129,0.003900078001560031,0,0,49273,46559,78,42,648,3398,3610,678,0,0,95334,0,0,0,0,0,0,0,0,0,4274,376,14,0,0,0,0,0
393,5807,394.2332993820113,99998,0,0,0,0,261,129,0.003900078001560031,0,0,49241,46433,77,42,681,3524,3749,712,0,0,95161,0,0,0,0,0,0,0,0,0,4447,376,14,0,0,0,0,0
394,5807,395.2653831988233,99998,0,0,0,0,261,129,0.003900078001560031,0,0,49209,46302,77,41,713,3656,3891,747,0,0,94986,0,0,0,0,0,0,0,0,0,4622,374,16,0,0,0,0,0
395,5807,396.29814486036156,99998,0,0,0,0,261,129,0.003900078001560031,0,0,49173,46174,77,38,749,3787,4036,783,0,0,94808,0,0,0,0,0,0,0,0,0,4800,371,19,0,0,0,0,0
396,5807,397.331634358469,99998,0,0,0,0,261,129,0.003900078001560031,0,0,49138,46042,77,38,784,3919,4184,821,0,0,94622,0,0,0,0,0,0,0,0,0,4986,371,19,0,0,0,0,0
397,5807,398.02104009728026,99998,0,0,0,0,261,129,0.003900078001560031,0,0,49100,45902,77,37,822,4060,4335,860,0,0,94433,0,0,0,0,0,0,0,0,0,5175,370,20,0,0,0,0,0
398,5807,399.0560662563428,99998,0,0,0,0,261,129,0.003900078001560031,0,0,49064,45766,77,37,858,4196,4489,900,0,0,94239,0,0,0,0,0,0,0,0,0,5369,370,20,0,0,0,0,0
399,5807,400.0918589449491,99998,0,0,0,0,261,129,0.003900078001560031,0,0,49023,45628,77,36,899,4335,4645,942,0,0,94042,0,0,0,0,0,0,0,0,0,5566,369,21,0,0,0,0,0
400,5807,401.12850409541926,99998,0,0,0,0,261,129,0.003900078001560031,0,0,48982,45493,77,36,940,4470,4804,985,0,0,93840,0,0,0,0,0,0,0,0,0,5768,369,21,0,0,0,0,0
401,5807,402.1660171585802,99998,0,0,0,0,261,129,0.003900078001560031,0,0,48938,45345,77,36,984,4618,4966,1030,0,0,93633,0,0,0,0,0,0,0,0,0,5975,369,21,0,0,0,0,0
402,5807,403.2044567906118,99998,0,0,0,0,261,129,0.003900078001560031,0,0,48896,45196,75,35,1028,4768,5131,1076,0,0,93424,0,0,0,0,0,0,0,0,0,6184,367,23,0,0,0,0,0
403,5807,404.2437891532013,99998,0,0,0,0,261,129,0.003900078001560031,0,0,48853,45043,75,35,1071,4921,5299,1123,0,0,93209,0,0,0,0,0,0,0,0,0,6399,367,23,0,0,0,0,0
404,5807,405.2840444381634,99998,0,0,0,0,261,129,0.003900078001560031,0,0,48811,44891,75,35,1113,5073,5470,1172,0,0,92989,0,0,0,0,0,0,0,0,0,6619,367,23,0,0,0,0,0
405,5807,406.3252027764416,99998,0,0,0,0,261,129,0.003900078001560031,0,0,48762,44732,75,35,1162,5232,5644,1222,0,0,92765,0,0,0,0,0,0,0,0,0,6843,367,23,0,0,0,0,0
406,5807,407.01987762131614,99998,0,0,0,0,261,129,0.003900078001560031,0,0,48715,44569,74,34,1210,5396,5820,1274,0,0,92539,0,0,0,0,0,0,0,0,0,7069,365,25,0,0,0,0,0
407,5807,408.0630763664722,99998,0,0,0,0,261,129,0.003900078001560031,0,0,48665,44405,74,34,1260,5560,5999,1328,0,0,92306,0,0,0,0,0,0,0,0,0,7302,365,25,0,0,0,0,0
408,5807,409.10731253691915,99998,0,0,0,0,261,129,0.003900078001560031,0,0,48622,44252,72,33,1305,5714,6181,1383,0,0,92070,0,0,0,0,0,0,0,0,0,7538,364,26,0,0,0,0,0
409,5807,410.1525090838648,99998,0,0,0,0,261,129,0.003900078001560031,0,0,48571,44087,71,33,1357,5879,6365,1440,0,0,91830,0,0,0,0,0,0,0,0,0,7778,363,27,0,0,0,0,0
410,5807,411.1987832282929,99998,0,0,0,0,261,129,0.003900078001560031,0,0,48517,43920,71,33,1411,6046,6552,1498,0,0,91585,0,0,0,0,0,0,0,0,0,8023,363,27,0,0,0,0,0
411,5807,412.24622373788316,99998,0,0,0,0,261,129,0.003900078001560031,0,0,48462,43759,71,33,1466,6207,6741,1558,0,0,91336,0,0,0,0,0,0,0,0,0,8272,363,27,0,0,0,0,0
412,5807,413.29484744635516,99998,0,0,0,0,261,129,0.003900078001560031,0,0,48404,43593,71,33,1524,6373,6933,1620,0,0,91082,0,0,0,0,0,0,0,0,0,8526,363,27,0,0,0,0,0
413,5807,414.34473680021006,99998,0,0,0,0,261,129,0.003900078001560031,0,0,48346,43426,71,33,1582,6540,7127,1683,0,0,90826,0,0,0,0,0,0,0,0,0,8782,362,28,0,0,0,0,0
414,5807,415.0453557217161,99998,0,0,0,0,261,129,0.003900078001560031,0,0,48290,43243,69,33,1640,6723,7324,1748,0,0,90566,0,0,0,0,0,0,0,0,0,9042,360,30,0,0,0,0,0
415,5807,416.0977280117755,99998,0,0,0,0,261,129,0.003900078001560031,0,0,48229,43065,68,33,1702,6901,7523,1815,0,0,90300,0,0,0,0,0,0,0,0,0,9308,360,30,0,0,0,0,0
416,5807,417.1514338146122,99998,0,0,0,0,261,129,0.003900078001560031,0,0,48164,42884,67,32,1768,7083,7725,1884,0,0,90029,0,0,0,0,0,0,0,0,0,9579,360,30,0,0,0,0,0
417,5807,418.2065351010769,99998,0,0,0,0,261,129,0.003900078001560031,0,0,48100,42706,67,31,1832,7262,7929,1954,0,0,89758,0,0,0,0,0,0,0,0,0,9850,357,33,0,0,0,0,0
418,5807,419.2630427826128,99998,0,0,0,0,261,129,0.003900078001560031,0,0,48030,42528,67,31,1902,7440,8135,2026,0,0,89480,0,0,0,0,0,0,0,0,0,10128,357,33,0,0,0,0,0
419,5807,420.3210415713698,99998,4,2,0,0,265,131,0.003960079201584032,21,23,47943,42322,66,31,1965,7621,8343,2100,0,0,89200,0,0,0,0,0,0,0,0,0,10408,355,35,0,0,0,0,0
420,5807,421.11559973058104,99998,7,3,0,0,268,132,0.004000080001600032,18,22,47871,42132,66,30,2037,7812,8554,2176,0,0,88914,0,0,0,0,0,0,0,0,0,10694,354,36,0,0,0,0,0
421,5807,422.1263828225622,99998,5,4,0,0,268,133,0.004010080201604032,18,23,47798,41947,68,28,2110,7997,8767,2254,0,0,88624,2,0,0,0,0,0,0,0,0,10982,351,39,0,0,0,0,0
422,5807,423.00447187205054,99998,6,8,0,0,271,138,0.0040900818016360325,17,20,47727,41761,70,28,2179,8182,8982,2333,0,0,88327,5,0,0,0,0,0,0,0,0,11276,351,39,0,0,0,0,0
423,5807,424.01904677559247,99998,9,8,0,0,274,139,0.004130082601652033,14,19,47652,41557,70,29,2254,8386,9199,2414,0,0,88028,6,0,0,0,0,0,0,0,0,11574,351,39,0,0,0,0,0
424,5807,425.07215532682443,99998,9,11,0,0,276,144,0.0042000840016800335,16,16,47575,41371,71,31,2328,8570,9418,2497,0,0,87723,9,1,0,0,0,0,0,0,0,11875,351,39,0,0,0,0,0
425,5807,426.16645510582225,99998,12,15,0,0,282,149,0.0043100862017240345,15,14,47493,41173,73,32,2406,8765,9639,2582,0,0,87413,13,1,0,0,0,0,0,0,0,12181,351,39,0,0,0,0,0
426,5807,427.1598883420709,99998,14,18,0,0,285,152,0.004370087401748035,15,11,47412,40979,74,31,2484,8960,9861,2669,0,0,87104,14,1,0,0,0,0,0,0,0,12489,350,40,0,0,0,0,0
427,5807,428.036538155148,99998,12,18,0,0,287,156,0.004430088601772035,18,11,47330,40781,78,34,2561,9155,10085,2758,0,0,86788,20,3,0,0,0,0,0,0,0,12797,347,43,0,0,0,0,0
428,5807,429.1565874016885,99998,19,19,0,0,296,159,0.004550091001820036,10,10,47244,40590,80,35,2646,9345,10311,2849,0,0,86470,23,4,0,0,0,0,0,0,0,13111,345,45,0,0,0,0,0
429,5807,430.15045071153594,99998,15,15,0,0,297,160,0.004570091401828036,12,9,47150,40391,85,40,2737,9544,10539,2942,0,0,86141,31,6,0,0,0,0,0,0,0,13430,345,45,0,0,0,0,0
430,5807,431.0230445824022,99998,12,12,0,0,299,161,0.004600092001840037,13,8,47056,40188,90,44,2828,9747,10768,3037,0,0,85813,37,9,0,0,0,0,0,0,0,13749,343,47,0,0,0,0,0
431,5807,432.0363758489605,99998,11,11,0,0,303,162,0.004650093001860037,10,8,46971,39990,95,45,2912,9945,10999,3133,0,0,85481,42,11,0,0,0,0,0,0,0,14074,343,47,0,0,0,0,0
432,5807,433.1719663750493,99998,12,13,0,0,307,168,0.004750095001900038,10,7,46879,39792,97,49,3001,10138,11231,3231,0,0,85148,47,13,0,0,0,0,0,0,0,14400,341,49,0,0,0,0,0
433,5807,434.0881725954718,99998,12,13,0,0,309,171,0.004800096001920038,13,7,46788,39592,97,52,3089,10335,11465,3331,0,0,84811,50,15,0,0,0,0,0,0,0,14732,341,49,0,0,0,0,0
434,5807,435.02263567029576,99998,14,15,0,0,313,174,0.0048700974019480385,12,8,46688,39387,97,52,3188,10537,11700,3433,0,0,84474,52,16,0,0,0,0,0,0,0,15066,339,51,0,0,0,0,0
435,5807,436.1023966483508,99998,14,12,0,0,316,175,0.004910098201964039,13,8,46596,39184,100,56,3276,10739,11936,3537,0,0,84128,59,16,0,0,0,0,0,0,0,15405,338,52,0,0,0,0,0
436,5807,437.05917699028237,99998,16,14,0,0,319,180,0.00499009980199604,13,7,46495,38964,101,59,3374,10955,12173,3643,0,0,83782,62,17,0,0,0,0,0,0,0,15747,338,52,0,0,0,0,0
437,5807,438.15045079843344,99998,16,15,0,0,322,182,0.00504010080201604,14,9,46393,38759,103,59,3473,11157,12411,3751,0,0,83437,65,18,0,0,0,0,0,0,0,16088,334,56,0,0,0,0,0
438,5807,439.0695980270911,99998,20,14,0,0,326,184,0.0051001020020400405,16,7,46286,38564,102,62,3575,11352,12651,3861,0,0,83084,68,18,0,0,0,0,0,0,0,16438,334,56,0,0,0,0,0
439,5807,440.357698303689,99998,24,12,0,0,332,185,0.005170103402068042,16,10,46191,38368,103,64,3665,11545,12892,3973,0,0,82726,73,18,0,0,0,0,0,0,0,16791,334,56,0,0,0,0,0
440,5807,441.0177856811017,99997,27,12,0,1,336,186,0.005220156604698141,16,11,46086,38157,104,61,3766,11757,13134,4087,0,0,82370,74,18,0,0,0,0,0,0,0,17145,332,58,0,0,0,0,0
441,5807,442.0255405294028,99997,26,13,0,1,339,188,0.005270158104743143,16,8,45977,37943,108,62,3872,11972,13376,4203,0,0,82010,78,19,0,0,0,0,0,0,0,17500,330,60,0,0,0,0,0
442,5807,443.0517402956596,99997,29,13,0,1,345,192,0.005370161104833145,15,6,45878,37760,111,66,3966,12153,13619,4321,0,0,81644,83,21,0,0,0,0,0,0,0,17859,330,60,0,0,0,0,0
443,5807,444.26864232045705,99997,28,13,0,1,350,192,0.005420162604878147,13,7,45771,37553,117,66,4070,12359,13863,4441,0,0,81275,89,21,0,0,0,0,0,0,0,18222,329,61,0,0,0,0,0
444,5807,445.0248836077166,99997,24,14,0,1,352,194,0.005460163804914147,14,7,45656,37334,123,67,4182,12576,14108,4563,0,0,80904,95,22,0,0,0,0,0,0,0,18586,327,63,0,0,0,0,0
445,5807,446.1220813669885,99997,23,13,0,1,354,196,0.005500165004950148,19,7,45541,37142,125,70,4291,12766,14353,4687,0,0,80532,100,23,0,0,0,0,0,0,0,18952,325,65,0,0,0,0,0
446,5807,447.12283341563966,99997,21,12,0,1,356,199,0.0055501665049951495,19,7,45424,36936,129,73,4406,12970,14599,4813,0,0,80156,106,25,0,0,0,0,0,0,0,19320,323,67,0,0,0,0,0
447,5807,448.062620362479,99997,19,14,0,1,359,202,0.005610168305049151,22,6,45310,36739,134,73,4514,13166,14846,4941,0,0,79778,110,27,0,0,0,0,0,0,0,19692,322,68,0,0,0,0,0
448,5807,449.4126389931972,99997,23,15,0,1,366,205,0.005710171305139154,23,5,45192,36537,137,75,4624,13366,15093,5070,0,0,79401,113,29,0,0,0,0,0,0,0,20064,320,70,0,0,0,0,0
449,5807,450.0438268061575,99997,29,14,0,1,372,207,0.005790173705211156,23,8,45073,36338,136,78,4738,13560,15341,5201,0,0,79023,115,30,0,0,0,0,0,0,0,20439,317,73,0,0,0,0,0
450,5807,451.05625111311076,99997,33,12,0,1,377,209,0.005860175805274159,27,8,44954,36128,137,82,4848,13768,15589,5334,0,0,78641,117,33,0,0,0,0,0,0,0,20816,316,74,0,0,0,0,0
451,5807,452.2006413477299,99997,36,12,0,1,385,212,0.0059701791053731615,27,8,44830,35926,141,85,4965,13967,15837,5469,0,0,78252,124,34,0,0,0,0,0,0,0,21197,315,75,0,0,0,0,0
452,5807,453.23887173210613,99997,46,13,0,1,400,214,0.0061401842055261655,23,10,44696,35735,145,86,5089,14154,16085,5606,0,0,77865,128,36,0,0,0,0,0,0,0,21578,313,77,0,0,0,0,0
453,5807,454.2805841788353,99997,39,15,0,1,401,219,0.006200186005580167,24,10,44570,35525,153,89,5213,14359,16334,5745,0,0,77469,137,38,0,0,0,0,0,0,0,21963,312,78,0,0,0,0,0
454,5807,455.0279587274929,99997,39,13,0,1,407,221,0.00628018840565217,27,14,44435,35312,159,93,5339,14566,16583,5885,0,0,77074,144,40,1,0,0,0,0,0,0,22349,310,79,0,0,0,0,0
455,5807,456.2644507715483,99997,41,14,0,1,415,225,0.006400192005760173,27,13,44306,35115,164,95,5461,14761,16832,6027,0,0,76679,150,43,1,0,0,0,0,0,0,22735,308,81,0,0,0,0,0
456,5807,457.00295590308116,99997,39,15,0,1,416,227,0.006430192905787174,30,13,44172,34890,167,96,5591,14984,17081,6171,0,0,76284,154,43,1,0,0,0,0,0,0,23126,306,83,0,0,0,0,0
457,5807,458.1760620490683,99997,38,16,0,1,427,232,0.006590197705931178,29,14,44046,34718,179,98,5707,15152,17330,6317,0,0,75877,166,47,1,0,0,0,0,0,0,23517,306,83,0,0,0,0,0
458,5807,459.0368364191565,99997,45,18,0,1,436,236,0.0067202016060481816,29,13,43919,34539,180,99,5826,15329,17579,6465,0,0,75478,169,48,1,0,0,0,0,0,0,23912,305,84,0,0,0,0,0
459,5807,460.33219303400915,99997,47,22,0,1,441,241,0.006820204606138184,30,10,43784,34334,182,99,5956,15533,17827,6614,0,0,75080,171,49,2,0,0,0,0,0,0,24307,303,85,0,0,0,0,0
460,5807,461.26145809065525,99997,42,21,0,1,445,244,0.006890206706201186,33,12,43645,34132,191,103,6088,15730,18075,6765,0,0,74675,180,53,2,0,0,0,0,0,0,24699,300,88,0,0,0,0,0
461,5807,462.053001373038,99997,46,22,0,1,454,246,0.007000210006300189,31,14,43501,33926,196,103,6225,15933,18323,6918,0,0,74269,186,53,2,0,0,0,0,0,0,25099,299,89,0,0,0,0,0
462,5807,463.3366545127505,99997,49,22,0,1,465,251,0.007160214806444193,41,20,43367,33744,202,107,6340,16105,18571,7072,0,0,73856,197,55,2,0,0,0,0,0,0,25499,299,89,0,0,0,0,0
463,5807,464.3492188493666,99997,58,25,0,1,478,255,0.007330219906597198,41,19,43224,33552,206,106,6470,16296,18818,7228,0,0,73451,200,57,2,0,0,0,0,0,0,25899,298,90,0,0,0,0,0
464,5807,465.0789174763762,99997,57,25,0,1,481,258,0.007390221706651199,43,20,43071,33342,208,109,6620,16502,19065,7385,0,0,73044,205,59,2,0,0,0,0,0,0,26299,296,92,0,0,0,0,0
465,5807,466.1183147611375,99997,60,25,0,1,492,262,0.007540226206786203,40,18,42930,33140,214,113,6755,16702,19312,7544,0,0,72632,213,63,2,0,0,0,0,0,0,26699,294,94,0,0,0,0,0
466,5807,467.18031696754724,99997,60,24,0,1,503,266,0.0076902307069212075,43,22,42788,32964,225,117,6883,16871,19558,7704,0,0,72214,225,67,2,0,0,0,0,0,0,27101,294,94,0,0,0,0,0
467,5807,468.06944411595344,99997,67,28,0,1,517,271,0.007880236407092213,38,24,42640,32768,231,115,7023,17063,19804,7866,0,0,71801,231,69,2,0,0,0,0,0,0,27506,293,95,0,0,0,0,0
468,5807,469.4084537950946,99997,66,24,0,1,529,274,0.008030240907227216,37,28,42497,32594,241,121,7158,17231,20049,8029,0,0,71380,245,75,2,0,0,0,0,0,0,27907,292,96,0,0,0,0,0
469,5807,470.3036839308704,99997,73,24,0,1,541,276,0.008170245107353221,41,29,42338,32396,243,122,7304,17427,20293,8194,0,0,70970,248,79,2,0,0,0,0,0,0,28310,290,98,0,0,0,0,0
470,5807,471.20210905239355,99997,76,30,0,1,553,287,0.008400252007560227,38,27,42187,32219,250,126,7448,17596,20537,8360,0,0,70553,256,85,2,0,0,0,0,0,0,28713,289,99,0,0,0,0,0
471,5807,472.10371907123323,99997,73,33,0,1,558,292,0.00850025500765023,45,27,42032,32022,254,127,7595,17789,20780,8528,0,0,70136,264,87,2,0,0,0,0,0,0,29120,287,101,0,0,0,0,0
472,5807,473.0086303401081,99997,77,35,0,1,569,298,0.008670260107803234,51,26,41874,31834,260,129,7737,17974,21022,8697,0,0,69719,271,91,2,0,0,0,0,0,0,29526,286,102,0,0,0,0,0
473,5807,474.3716581039249,99996,73,37,1,1,584,306,0.00890035601424057,53,25,41731,31672,276,131,7865,18133,21263,8867,0,0,69293,288,98,2,0,0,0,0,0,0,29927,283,105,0,0,0,0,0
474,5807,475.28298194150125,99996,74,38,1,1,593,313,0.00906036241449658,57,23,41579,31485,281,137,8007,18315,21504,9038,0,0,68871,298,102,2,0,0,0,0,0,0,30335,283,105,0,0,0,0,0
475,5807,476.19758605815997,99996,74,41,1,1,602,319,0.009210368414736589,57,19,41418,31277,285,137,8164,18524,21744,9211,0,0,68462,299,112,3,0,0,0,0,0,0,30733,277,110,0,0,0,0,0
476,5807,477.09954779347277,99996,74,42,1,1,620,327,0.009470378815152607,57,20,41260,31107,299,144,8308,18685,21983,9385,0,0,68033,317,119,3,0,0,0,0,0,0,31137,275,112,0,0,0,0,0
477,5807,478.41824314889413,99996,79,39,1,1,639,333,0.009720388815552622,54,23,41117,30951,310,152,8438,18833,22221,9560,0,0,67603,336,123,3,0,0,0,0,0,0,31544,273,114,0,0,0,0,0
478,5807,479.3431625086228,99996,82,38,1,1,651,338,0.009890395615824632,51,18,40959,30769,317,156,8589,19017,22458,9736,0,0,67183,344,130,3,0,0,0,0,0,0,31949,272,115,0,0,0,0,0
479,5807,480.2187431526526,99996,81,40,1,1,652,342,0.009940397615904636,62,18,40784,30561,319,158,8752,19221,22694,9913,0,0,66768,347,131,3,0,0,0,0,0,0,32360,271,116,0,0,0,0,0
480,5807,481.0621648039145,99996,76,37,1,1,666,347,0.010130405216208649,58,15,40632,30402,337,165,8895,19379,22929,10091,0,0,66334,369,136,3,0,0,0,0,0,0,32767,270,117,0,0,0,0,0
481,5807,482.3407140896137,99996,74,33,1,1,681,349,0.010300412016480659,60,21,40489,30248,351,169,9024,19527,23163,10270,0,0,65903,388,140,3,0,0,0,0,0,0,33175,269,118,0,0,0,0,0
482,5807,483.2799624878138,99996,78,32,1,1,694,354,0.01048041921676867,64,21,40321,30074,356,174,9179,19697,23396,10450,0,0,65486,392,149,4,0,0,0,0,0,0,33578,268,119,0,0,0,0,0
483,5807,484.0895327779656,99996,82,30,1,1,707,358,0.010650426017040682,62,27,40170,29887,364,179,9320,19875,23628,10631,0,0,65069,396,160,4,0,0,0,0,0,0,33980,268,119,0,0,0,0,0
484,5807,485.0361856595412,99995,89,33,2,1,725,366,0.010910545527276364,56,24,40019,29724,370,183,9463,20034,23858,10813,0,0,64651,406,165,4,0,0,0,0,0,0,34382,263,124,0,0,0,0,0
485,5807,486.4622866021796,99995,86,39,2,1,742,379,0.011210560528026402,59,21,39881,29584,385,189,9586,20165,24087,10996,0,0,64223,424,174,4,0,0,0,0,0,0,34783,261,126,0,0,0,0,0
486,5807,487.41570931351595,99995,89,38,2,1,752,382,0.011340567028351418,60,28,39735,29398,389,190,9724,20344,24315,11179,0,0,63810,430,179,4,0,0,0,0,0,0,35185,257,130,0,0,0,0,0
487,5807,488.37262255016844,99995,78,41,2,1,760,391,0.01151057552877644,65,29,39569,29212,406,195,9879,20521,24542,11363,0,0,63381,448,185,5,0,0,0,0,0,0,35590,256,130,0,0,0,0,0
488,5807,489.33351233429573,99995,85,40,2,1,772,398,0.011700585029251462,72,29,39405,29055,406,201,10029,20673,24768,11548,0,0,62965,454,192,5,0,0,0,0,0,0,35993,255,131,0,0,0,0,0
489,5807,490.29823105528345,99995,90,45,2,1,790,406,0.011960598029901496,67,25,39243,28902,415,203,10182,20823,24992,11734,0,0,62548,464,198,5,0,0,0,0,0,0,36394,252,134,0,0,0,0,0
490,5807,491.26701654594603,99995,92,44,2,1,805,411,0.01216060803040152,62,25,39080,28741,425,208,10338,20980,25215,11920,0,0,62126,479,202,5,0,0,0,0,0,0,36797,250,136,0,0,0,0,0
491,5807,492.2397884799361,99995,104,41,2,1,826,417,0.012430621531076554,62,31,38916,28563,432,212,10483,21151,25437,12107,0,0,61709,488,211,5,0,0,0,0,0,0,37196,249,137,0,0,0,0,0
492,5807,493.21656927722285,99995,107,44,2,1,842,423,0.012650632531626581,58,30,38749,28418,443,211,10640,21295,25657,12294,0,0,61296,494,221,5,0,0,0,0,0,0,37593,249,137,0,0,0,0,0
493,5807,494.19746910714906,99995,114,45,2,1,857,433,0.012900645032251613,61,25,38587,28258,446,220,10789,21450,25876,12482,0,0,60882,501,231,5,0,0,0,0,0,0,37990,249,137,0,0,0,0,0
494,5807,495.18236904440704,99995,105,46,2,1,868,437,0.013050652532626631,71,33,38426,28113,461,218,10934,21588,26094,12670,0,0,60472,508,247,5,0,0,0,0,0,0,38377,246,140,0,0,0,0,0
495,5807,496.17145696554013,99995,96,45,2,1,883,443,0.013260663033151657,76,35,38269,27965,482,225,11074,21728,26310,12859,0,0,60048,529,257,5,0,0,0,0,0,0,38770,244,142,0,0,0,0,0
496,5807,497.1646924088359,99995,103,45,2,1,900,450,0.013500675033751687,68,33,38108,27819,488,230,11230,21871,26525,13048,0,0,59639,537,266,5,0,0,0,0,0,0,39162,241,145,0,0,0,0,0
497,5807,498.1621029720406,99995,110,43,2,1,913,456,0.013690684534226711,72,37,37942,27667,490,235,11383,22016,26738,13237,0,0,59231,542,273,6,0,0,0,0,0,0,39557,241,145,0,0,0,0,0
498,5807,499.1638072285811,99995,121,52,2,1,939,470,0.014090704535226761,60,31,37780,27523,502,239,11534,22153,26950,13427,0,0,58821,552,283,6,0,0,0,0,0,0,39947,239,147,0,0,0,0,0
499,5807,500.1697371264446,99995,121,48,2,1,954,478,0.01432071603580179,74,26,37615,27388,514,245,11673,22291,27161,13617,0,0,58406,566,294,6,1,0,0,0,0,0,40336,239,147,0,0,0,0,0
500,5807,501.179977100083,99995,130,54,2,1,974,491,0.014650732536626831,67,25,37459,27252,523,248,11818,22419,27370,13807,0,0,57997,577,301,6,1,0,0,0,0,0,40727,238,148,0,0,0,0,0
501,5807,502.1944503264649,99995,137,50,2,1,995,497,0.014920746037301865,70,28,37299,27128,535,256,11956,22536,27578,13997,0,0,57588,589,311,6,2,0,0,0,0,0,41113,237,149,0,0,0,0,0
502,5807,503.21307762574,99995,138,53,2,1,1016,506,0.015220761038051903,65,27,37149,26993,552,259,12093,22666,27784,14188,0,0,57178,602,324,6,2,0,0,0,0,0,41497,237,149,0,0,0,0,0
503,5807,504.2358881232534,99995,126,57,2,1,1032,520,0.01552077603880194,68,27,36993,26851,574,267,12236,22796,27989,14379,0,0,56758,629,334,6,3,0,0,0,0,0,41880,234,151,0,0,0,0,0
504,5807,505.2631567111241,99995,138,54,2,1,1062,528,0.01590079503975199,65,30,36832,26729,586,277,12376,22908,28192,14570,0,0,56348,645,347,6,3,0,0,0,0,0,42261,234,151,0,0,0,0,0
505,5807,506.2947245894214,99994,134,51,3,1,1078,534,0.016120967258035482,71,41,36675,26608,600,284,12516,23014,28394,14761,0,0,55941,660,360,6,3,0,0,0,0,0,42639,232,153,0,0,0,0,0
506,5807,507.33076212866575,99994,140,56,3,1,1103,548,0.016510990659439565,77,37,36513,26513,614,290,12652,23102,28594,14952,0,0,55538,674,374,6,3,0,0,0,0,0,43014,230,155,0,0,0,0,0
507,5807,508.3711970230081,99994,143,60,3,1,1125,561,0.016861011660699643,74,34,36362,26394,629,298,12788,23212,28793,15143,0,0,55134,692,384,6,3,0,0,0,0,0,43390,226,159,0,0,0,0,0
508,5807,509.41600407026186,99994,139,62,3,1,1146,569,0.017151029061743706,74,36,36195,26296,650,302,12938,23302,28990,15334,0,0,54730,710,397,6,3,0,0,0,0,0,43763,224,161,0,0,0,0,0
509,5807,510.46548481640076,99994,138,62,3,1,1164,577,0.017411044662679762,82,39,36051,26178,663,306,13062,23413,29186,15524,0,0,54340,715,417,6,4,0,0,0,0,0,44127,223,162,0,0,0,0,0
510,5807,511.51928765662717,99994,138,65,3,1,1186,589,0.017751065063903834,86,42,35888,26062,682,315,13202,23514,29380,15714,0,0,53937,734,427,7,4,0,0,0,0,0,44500,222,163,0,0,0,0,0
511,5807,512.0472365475973,99994,148,67,3,1,1203,595,0.017981078864731884,79,40,35722,25910,679,318,13368,23663,29573,15904,0,0,53557,733,439,7,4,0,0,0,0,0,44869,220,165,0,0,0,0,0
512,5807,513.1106596575675,99994,144,76,3,1,1219,609,0.01828109686581195,82,40,35567,25806,690,317,13513,23759,29764,16094,0,0,53168,741,454,8,4,0,0,0,0,0,45234,219,166,0,0,0,0,0
513,5807,514.1785927656615,99994,149,74,3,1,1240,619,0.018591115466928015,84,39,35425,25707,701,323,13637,23855,29954,16284,0,0,52780,750,473,8,4,0,0,0,0,0,45594,218,167,0,0,0,0,0
514,5807,515.2508881030972,99994,152,72,3,1,1267,630,0.0189711382682961,77,47,35272,25580,722,333,13773,23966,30142,16473,0,0,52383,771,489,8,4,0,0,0,0,0,45954,217,168,0,0,0,0,0
515,5807,516.3277408547812,99994,143,66,3,1,1278,639,0.01917115026901614,84,47,35119,25472,734,345,13916,24068,30329,16662,0,0,51996,783,510,8,5,0,0,0,0,0,46307,216,169,0,0,0,0,0
516,5807,517.4093698083309,99994,142,71,3,1,1297,653,0.019501170070204212,85,44,34974,25376,752,349,14043,24158,30514,16851,0,0,51614,793,529,8,5,0,0,0,0,0,46660,214,171,0,0,0,0,0
517,5807,518.4954512654584,99994,144,70,3,1,1318,664,0.01982118927135628,84,41,34832,25299,762,359,14174,24229,30697,17039,0,0,51229,807,546,8,5,0,0,0,0,0,47014,214,171,0,0,0,0,0
518,5807,519.0394728123442,99994,139,69,3,1,1325,673,0.019981198871932317,96,38,34668,25165,769,363,14324,24363,30879,17227,0,0,50855,812,563,8,5,0,0,0,0,0,47366,213,172,0,0,0,0,0
519,5807,520.1352003383295,99994,140,78,3,1,1348,690,0.020381222873372403,101,31,34508,25073,787,370,14460,24446,31059,17414,0,0,50477,822,581,9,5,0,0,0,0,0,47715,213,172,0,0,0,0,0
520,5807,521.2358489650613,99994,149,78,3,1,1374,699,0.020731243874632477,100,31,34343,24986,800,375,14604,24528,31238,17601,0,0,50099,834,595,9,5,0,0,0,0,0,48067,213,172,0,0,0,0,0
521,5807,522.3416136575937,99994,158,73,3,1,1405,706,0.02111126667600056,90,39,34204,24904,817,382,14727,24600,31415,17787,0,0,49725,846,617,9,5,0,0,0,0,0,48407,212,173,0,0,0,0,0
522,5807,523.4521380170319,99994,147,70,3,1,1431,715,0.021461287677260635,88,39,34053,24821,846,392,14862,24676,31591,17973,0,0,49340,872,640,9,5,0,0,0,0,0,48743,209,176,0,0,0,0,0
523,5807,524.0083654638439,99994,145,75,3,1,1442,725,0.02167130027801668,93,38,33903,24680,855,395,15000,24810,31765,18158,0,0,48975,878,652,9,5,0,0,0,0,0,49090,209,176,0,0,0,0,0
524,5807,525.1289795722845,99994,144,76,3,1,1459,734,0.021931315878952737,102,39,33764,24577,869,403,15117,24903,31938,18343,0,0,48602,894,662,9,5,0,0,0,0,0,49437,208,177,0,0,0,0,0
525,5807,526.2539077315784,99994,161,75,3,1,1493,745,0.022381342880572835,85,45,33629,24503,881,412,15240,24963,32109,18527,0,0,48229,913,672,9,5,0,0,0,0,0,49781,207,178,0,0,0,0,0
526,5807,527.3833158077815,99994,155,68,3,1,1517,750,0.022671360281616898,85,56,33489,24410,902,421,15365,25043,32279,18710,0,0,47858,931,696,9,5,0,0,0,0,0,50110,207,178,0,0,0,0,0
527,5807,528.5174994737614,99993,150,69,4,1,1545,764,0.02309161641314892,88,52,33347,24340,925,429,15485,25108,32447,18893,0,0,47493,944,726,9,6,0,0,0,0,0,50430,207,178,0,0,0,0,0
528,5807,529.0856440215464,99993,154,68,4,1,1561,770,0.023311631814226994,84,48,33186,24229,933,432,15638,25221,32614,19075,0,0,47141,948,741,9,6,0,0,0,0,0,50763,206,179,0,0,0,0,0
529,5807,530.2302222977291,99993,145,73,4,1,1574,789,0.023631654215795106,101,38,33048,24160,947,440,15754,25287,32779,19256,0,0,46781,963,762,9,6,0,0,0,0,0,51087,205,180,0,0,0,0,0
530,5807,531.379683324262,99993,139,78,4,1,1597,804,0.024011680817657238,100,36,32916,24086,972,448,15868,25350,32943,19436,0,0,46421,981,782,10,6,0,0,0,0,0,51409,202,182,0,0,0,0,0
531,5807,532.5336994216186,99992,154,76,5,1,1631,818,0.02449195935674854,86,30,32786,24043,982,460,15986,25389,33105,19616,0,0,46065,995,802,10,6,0,0,0,0,0,51730,202,182,0,0,0,0,0
532,5807,533.1116954268646,99992,144,67,5,1,1637,819,0.024561964957196574,91,36,32642,23939,992,460,16125,25496,33266,19795,0,0,45726,996,825,11,6,0,0,0,0,0,52044,199,185,0,0,0,0,0
533,5807,534.2757020798286,99992,156,59,5,1,1665,828,0.024931994559564765,84,33,32519,23876,996,475,16239,25555,33425,19973,0,0,45376,1009,845,11,6,0,0,0,0,0,52361,199,185,0,0,0,0,0
534,5807,535.4440166879515,99992,156,60,5,1,1687,838,0.025252020161612928,80,37,32399,23827,1011,479,16348,25595,33583,20150,0,0,45033,1021,863,11,7,0,0,0,0,0,52674,195,188,0,0,0,0,0
535,5807,536.0292268179572,99992,158,61,5,1,1702,844,0.025462036962957037,79,36,32253,23734,1019,480,16485,25687,33739,20326,0,0,44692,1030,872,11,7,0,0,0,0,0,52997,195,188,0,0,0,0,0
536,5807,537.2072878175243,99992,145,53,5,1,1721,851,0.025722057764621168,85,40,32132,23677,1049,490,16583,25738,33894,20501,0,0,44333,1059,888,12,7,0,0,0,0,0,53310,194,189,0,0,0,0,0
537,5807,538.3898166977792,99991,155,52,6,1,1753,859,0.026122351011591043,78,41,32014,23624,1063,497,16683,25784,34047,20675,0,0,43990,1074,903,12,7,0,0,0,0,0,53622,194,189,0,0,0,0,0
538,5807,539.5768353409443,99990,155,54,7,1,1773,869,0.02642264226422642,77,44,31904,23571,1071,502,16785,25827,34199,20848,0,0,43663,1076,928,12,7,0,0,0,0,0,53921,193,190,0,0,0,0,0
539,5807,540.171140245853,99990,156,59,7,1,1784,876,0.026602660266026604,73,44,31772,23481,1074,499,16917,25915,34349,21020,0,0,43343,1077,939,12,7,0,0,0,0,0,54229,190,193,0,0,0,0,0
540,5807,541.367328221211,99990,153,58,7,1,1808,885,0.026932693269326933,76,45,31664,23422,1092,503,17007,25970,34498,21192,0,0,43011,1088,965,12,7,0,0,0,0,0,54524,190,193,0,0,0,0,0
541,5807,542.5674749879995,99990,153,61,7,1,1831,895,0.027262726272627262,85,49,31548,23378,1107,504,17099,26006,34646,21363,0,0,42686,1094,987,13,7,0,0,0,0,0,54820,189,194,0,0,0,0,0
542,5807,543.1683471145616,99990,148,65,7,1,1844,904,0.02748274827482748,82,43,31412,23287,1120,504,17230,26099,34792,21533,0,0,42367,1099,1005,12,8,0,0,0,0,0,55116,188,195,0,0,0,0,0
543,5807,544.3780882770831,99990,150,67,7,1,1870,921,0.027912791279127915,80,37,31290,23256,1137,512,17335,26126,34937,21702,0,0,42037,1115,1028,12,8,0,0,0,0,0,55407,188,195,0,0,0,0,0
544,5807,545.5925536178135,99990,138,66,7,1,1888,933,0.028212821282128212,87,31,31176,23227,1157,522,17434,26152,35080,21869,0,0,41712,1134,1052,12,8,0,0,0,0,0,55689,184,199,0,0,0,0,0
545,5807,546.2006329520152,99990,136,66,7,1,1898,936,0.028342834283428344,87,33,31045,23139,1162,521,17562,26239,35222,22035,0,0,41409,1133,1068,12,8,0,0,0,0,0,55977,180,203,0,0,0,0,0
546,5807,547.4249562402699,99990,146,73,7,1,1926,954,0.0288028802880288,90,26,30947,23101,1171,526,17638,26272,35362,22200,0,0,41103,1136,1092,13,8,0,0,0,0,0,56255,177,206,0,0,0,0,0
547,5807,548.0377859564538,99989,143,74,8,1,1941,960,0.029013191451059617,83,28,30824,23011,1180,528,17761,26357,35501,22364,0,0,40800,1136,1114,13,8,0,0,0,0,0,56535,177,206,0,0,0,0,0
548,5807,549.2709203618602,99989,127,72,8,1,1957,970,0.029273220054205962,96,24,30723,22998,1200,538,17845,26366,35639,22527,0,0,40483,1154,1140,13,8,0,0,0,0,0,56808,175,208,0,0,0,0,0
549,5807,550.5081002401093,99989,140,71,8,1,1988,979,0.029673264059046495,81,31,30620,22984,1213,543,17937,26369,35775,22689,0,0,40182,1158,1162,14,8,0,0,0,0,0,57082,173,210,0,0,0,0,0
550,5807,551.127449044993,99989,140,65,8,1,2005,981,0.029863284961345746,79,38,30496,22898,1219,548,18057,26449,35910,22850,0,0,39885,1161,1184,14,8,0,0,0,0,0,57354,171,212,0,0,0,0,0
551,5807,552.3739536651286,99988,136,78,9,1,2026,1001,0.030273632835940312,79,28,30403,22875,1234,549,18138,26468,36044,23010,0,0,39588,1167,1206,14,10,0,0,0,0,0,57621,167,215,0,0,0,0,0
552,5807,553.6243437486839,99988,132,75,9,1,2054,1012,0.030663679641556987,79,24,30314,22862,1252,558,18213,26479,36176,23169,0,0,39276,1188,1231,14,10,0,0,0,0,0,57887,167,215,0,0,0,0,0
553,5807,554.2502250954077,99988,134,76,9,1,2070,1014,0.0308437012441493,71,26,30211,22786,1256,556,18318,26554,36307,23327,0,0,38990,1188,1246,14,10,0,0,0,0,0,58158,164,218,0,0,0,0,0
554,5807,555.5090570565707,99988,122,73,9,1,2089,1026,0.031153738448613834,61,22,30141,22748,1270,567,18396,26588,36437,23484,0,0,38687,1205,1275,14,10,0,0,0,0,0,58415,163,219,0,0,0,0,0
555,5807,556.1387869812859,99988,126,70,9,1,2101,1028,0.03129375525063008,60,24,30031,22675,1273,570,18500,26659,36565,23639,0,0,38402,1207,1286,14,10,0,0,0,0,0,58687,163,219,0,0,0,0,0
556,5807,557.4053520127046,99987,116,58,10,1,2119,1034,0.03153409943292628,58,23,29943,22663,1294,583,18578,26671,36692,23793,0,0,38104,1224,1312,15,10,0,0,0,0,0,58940,161,221,0,0,0,0,0
557,5807,558.0391522817332,99987,109,59,10,1,2124,1038,0.03162411113444748,60,23,29833,22584,1296,583,18691,26749,36818,23946,0,0,37832,1220,1331,15,10,0,0,0,0,0,59197,158,224,0,0,0,0,0
558,5807,559.3143731891524,99987,111,58,10,1,2136,1045,0.031814135837658894,58,18,29720,22525,1301,585,18799,26812,36943,24098,0,0,37554,1221,1348,15,10,0,0,0,0,0,59457,158,224,0,0,0,0,0
559,5807,560.391864464042,99986,104,58,10,2,2159,1051,0.032104494629248095,62,25,29645,22558,1322,584,18856,26772,37066,24249,0,0,37268,1235,1367,14,12,0,0,0,0,0,59708,157,225,0,0,0,0,0
560,5807,561.032109620586,99986,113,56,10,2,2178,1053,0.03231452403336467,50,25,29532,22505,1323,583,18971,26828,37188,24399,0,0,37002,1230,1386,14,12,0,0,0,0,0,59960,156,226,0,0,0,0,0
561,5807,562.3203447099854,99986,110,51,10,2,2193,1060,0.032534554837677275,52,26,29450,22496,1337,589,19040,26835,37309,24548,0,0,36728,1235,1411,14,12,0,0,0,0,0,60204,155,227,0,0,0,0,0
562,5807,563.6122920895443,99986,104,45,10,2,2204,1064,0.03268457584061769,60,25,29364,22496,1343,595,19118,26836,37429,24695,0,0,36454,1242,1431,14,12,0,0,0,0,0,60451,155,227,0,0,0,0,0
563,5807,564.2588708113042,99986,106,48,10,2,2216,1071,0.032874602444342205,55,22,29256,22438,1348,596,19224,26893,37547,24841,0,0,36193,1242,1445,13,13,0,0,0,0,0,60698,153,229,0,0,0,0,0
564,5807,565.5594781862567,99986,99,42,10,2,2229,1079,0.033084631848458786,67,22,29191,22429,1357,606,19275,26898,37664,24986,0,0,35926,1246,1473,14,13,0,0,0,0,0,60932,153,229,0,0,0,0,0
565,5807,566.2102161202145,99986,101,39,10,2,2238,1084,0.033224651451203166,63,20,29090,22367,1355,608,19380,26963,37780,25130,0,0,35671,1242,1492,14,13,0,0,0,0,0,61172,152,230,0,0,0,0,0
566,5807,567.0018044665527,99986,108,38,10,2,2256,1085,0.03341467805492769,52,23,29002,22326,1358,608,19469,27002,37895,25273,0,0,35410,1244,1501,15,13,0,0,0,0,0,61421,152,230,0,0,0,0,0
567,5807,568.3141621583002,99986,100,43,10,2,2269,1098,0.0336747144600244,53,18,28955,22316,1363,611,19518,27009,38009,25414,0,0,35149,1250,1524,15,13,0,0,0,0,0,61653,152,230,0,0,0,0,0
568,5807,569.1102817048112,99986,101,44,10,2,2275,1100,0.03375472566159262,53,17,28834,22228,1363,608,19638,27100,38122,25554,0,0,34901,1246,1534,15,13,0,0,0,0,0,61895,151,231,0,0,0,0,0
569,5807,570.5195380367728,99986,91,43,10,2,2301,1110,0.03411477606864961,50,19,28816,22301,1384,612,19648,27022,38233,25693,0,0,34644,1253,1572,16,13,0,0,0,0,0,62106,150,232,0,0,0,0,0
570,5807,571.1791273472445,99986,97,43,10,2,2310,1111,0.03421479007060989,46,21,28718,22228,1377,609,19751,27096,38343,25831,0,0,34409,1242,1587,16,13,0,0,0,0,0,62337,148,234,0,0,0,0,0
571,5807,572.2809352540129,99986,89,44,10,2,2315,1117,0.03432480547276619,48,19,28631,22168,1377,613,19844,27153,38452,25968,0,0,34166,1242,1605,16,13,0,0,0,0,0,62562,145,237,0,0,0,0,0
572,5807,573.10200242939,99986,94,45,10,2,2330,1122,0.034524833476686737,42,16,28558,22138,1371,611,19924,27187,38560,26104,0,0,33923,1241,1620,16,13,0,0,0,0,0,62791,145,237,0,0,0,0,0
573,5807,574.0616097051012,99986,93,46,10,2,2338,1129,0.03467485447962715,42,13,28505,22102,1370,613,19979,27223,38667,26238,0,0,33690,1234,1642,16,13,0,0,0,0,0,63009,144,238,0,0,0,0,0
574,5807,575.1362611029283,99986,92,42,10,2,2353,1134,0.0348748824835477,44,17,28482,22130,1371,617,20000,27191,38773,26371,0,0,33452,1233,1668,16,13,0,0,0,0,0,63222,144,238,0,0,0,0,0
575,5807,576.3266830340442,99986,89,39,10,2,2360,1137,0.03497489648550797,47,16,28413,22126,1373,621,20067,27195,38878,26503,0,0,33218,1231,1685,16,14,0,0,0,0,0,63441,143,238,0,0,0,0,0
576,5807,577.2148480813187,99986,89,35,10,2,2368,1140,0.03508491188766427,48,21,28360,22119,1373,628,20119,27194,38982,26634,0,0,32981,1233,1698,16,14,0,0,0,0,0,63663,143,238,0,0,0,0,0
577,5807,578.3311089250681,99986,93,38,10,2,2379,1148,0.035274938491388796,42,16,28269,22084,1366,628,20219,27231,39085,26764,0,0,32757,1225,1718,16,14,0,0,0,0,0,63875,142,239,0,0,0,0,0
578,5807,579.1525296562048,99986,90,39,10,2,2392,1155,0.035474966495309346,44,19,28224,22083,1374,631,20257,27225,39186,26892,0,0,32525,1227,1736,17,14,0,0,0,0,0,64086,142,239,0,0,0,0,0
579,5807,580.2951877630449,99986,87,34,10,2,2400,1162,0.03562498749824976,46,17,28152,22074,1377,639,20327,27233,39286,27019,0,0,32298,1230,1756,17,14,0,0,0,0,0,64290,139,242,0,0,0,0,0
580,5807,581.4086548548396,99985,87,31,10,3,2421,1171,0.035925388808321246,40,16,28151,22155,1383,645,20328,27149,39385,27145,0,0,32066,1239,1779,17,14,0,0,0,0,0,64489,137,244,0,0,0,0,0
581,5807,582.0842583578182,99984,89,29,11,3,2425,1172,0.035975756120979356,43,17,28071,22101,1370,645,20415,27204,39483,27270,0,0,31856,1227,1795,17,14,0,0,0,0,0,64694,136,245,0,0,0,0,0
582,5807,583.2863823842044,99984,85,31,11,3,2433,1178,0.03611577852456393,41,13,28011,22089,1374,644,20477,27219,39580,27394,0,0,31633,1230,1807,18,14,0,0,0,0,0,64902,134,246,0,0,0,0,0
583,5807,584.0992772366507,99984,85,29,11,3,2442,1180,0.03622579612738038,40,16,27955,22084,1373,645,20535,27222,39676,27517,0,0,31418,1226,1824,18,14,0,0,0,0,0,65104,134,246,0,0,0,0,0
584,5807,585.1564345560496,99984,81,32,11,3,2449,1185,0.03634581533045287,35,15,27927,22086,1370,644,20575,27219,39771,27638,0,0,31211,1218,1845,18,14,0,0,0,0,0,65298,133,247,0,0,0,0,0
585,5807,586.1083559543771,99984,76,30,11,3,2456,1189,0.03645583293326932,33,14,27876,22077,1373,645,20630,27230,39865,27758,0,0,31001,1214,1867,18,14,0,0,0,0,0,65490,133,247,0,0,0,0,0
586,5807,587.5325560985241,99984,74,30,11,3,2466,1193,0.036595855336853896,36,14,27882,22108,1374,644,20622,27200,39958,27877,0,0,30792,1210,1885,19,14,0,0,0,0,0,65684,133,247,0,0,0,0,0
587,5807,588.2634310642476,99984,77,30,11,3,2475,1194,0.03669587133941431,35,16,27822,22080,1371,644,20683,27226,40050,27995,0,0,30580,1212,1890,19,14,0,0,0,0,0,65889,133,247,0,0,0,0,0
588,5807,589.0381980755059,99984,70,30,11,3,2477,1196,0.03673587774043847,39,19,27774,22054,1375,642,20730,27251,40141,28112,0,0,30378,1206,1907,19,14,0,0,0,0,0,66080,133,247,0,0,0,0,0
589,5807,590.0906395162286,99984,77,31,11,3,2493,1202,0.036955912946071375,33,17,27756,22070,1375,645,20747,27233,40231,28228,0,0,30168,1211,1916,19,14,0,0,0,0,0,66276,132,248,0,0,0,0,0
590,5807,591.0992825746212,99984,76,29,11,3,2498,1204,0.03702592414786366,32,17,27717,22060,1373,645,20790,27245,40321,28343,0,0,29968,1206,1931,19,14,0,0,0,0,0,66466,132,248,0,0,0,0,0
591,5807,592.0972796604201,99984,73,30,11,3,2504,1207,0.03711593855016803,30,18,27652,22063,1376,645,20857,27240,40410,28457,0,0,29763,1208,1940,19,14,0,0,0,0,0,66660,132,248,0,0,0,0,0
592,5807,593.3702832244938,99984,71,35,11,3,2515,1214,0.03729596735477676,34,15,27643,22104,1381,644,20859,27198,40498,28569,0,0,29564,1206,1955,20,14,0,0,0,0,0,66845,132,248,0,0,0,0,0
593,5807,594.0700719225206,99984,71,38,11,3,2520,1217,0.03737598015682509,33,16,27571,22065,1380,641,20933,27236,40585,28680,0,0,29369,1203,1963,20,14,0,0,0,0,0,67035,132,248,0,0,0,0,0
594,5807,595.3954874143992,99984,71,42,11,3,2535,1226,0.037616018562970074,33,11,27541,22091,1389,640,20954,27212,40671,28790,0,0,29169,1207,1977,20,15,0,0,0,0,0,67216,132,248,0,0,0,0,0
595,5807,596.1795365869053,99984,70,39,11,3,2538,1227,0.03765602496399424,34,13,27481,22078,1379,642,21024,27224,40756,28899,0,0,28980,1203,1989,20,15,0,0,0,0,0,67397,131,249,0,0,0,0,0
596,5807,597.5150664824324,99984,72,31,11,3,2549,1231,0.037806048967834856,34,17,27451,22124,1384,649,21047,27175,40840,29007,0,0,28785,1205,2006,21,15,0,0,0,0,0,67572,131,249,0,0,0,0,0
597,5807,598.1660474797749,99984,78,34,11,3,2557,1234,0.0379160665706513,30,16,27381,22102,1381,649,21118,27195,40923,29114,0,0,28598,1202,2011,21,15,0,0,0,0,0,67757,131,249,0,0,0,0,0
598,5807,599.3429967089734,99984,77,29,11,3,2563,1238,0.038016082573211714,38,15,27347,22131,1382,652,21144,27169,41005,29220,0,0,28410,1202,2025,22,15,0,0,0,0,0,67930,130,250,0,0,0,0,0
599,5807,600.1700997502609,99984,71,33,11,3,2570,1243,0.0381361017762842,38,12,27328,22147,1389,650,21162,27154,41087,29325,0,0,28223,1203,2036,22,16,0,0,0,0,0,68104,129,251,0,0,0,0,0
600,5807,601.2198219143169,99983,72,29,12,3,2585,1246,0.03831651380734725,32,12,27321,22217,1385,653,21177,27085,41168,29429,0,0,28036,1205,2054,22,16,0,0,0,0,0,68270,129,251,0,0,0,0,0
601,5807,602.1882393438074,99983,72,30,12,3,2589,1249,0.038386525709370595,29,9,27262,22195,1384,649,21240,27113,41248,29532,0,0,27861,1198,2067,22,16,0,0,0,0,0,68439,128,252,0,0,0,0,0
602,5807,603.2355593345494,99983,73,25,12,3,2603,1253,0.03856655631457348,29,13,27275,22265,1385,653,21225,27040,41327,29634,0,0,27682,1198,2087,21,18,0,0,0,0,0,68597,127,253,0,0,0,0,0
603,5807,604.0913661475647,99983,73,27,12,3,2605,1255,0.03860656311572967,31,13,27200,22242,1381,646,21302,27068,41405,29735,0,0,27511,1191,2096,20,19,0,0,0,0,0,68766,127,253,0,0,0,0,0
604,5807,605.1577761509783,99983,68,26,12,3,2610,1260,0.03870658011862017,36,8,27170,22260,1386,646,21327,27056,41482,29835,0,0,27336,1189,2112,20,20,0,0,0,0,0,68926,127,253,0,0,0,0,0
605,5807,606.2504368580716,99983,67,25,12,3,2617,1262,0.03879659542122161,37,9,27132,22258,1385,648,21366,27056,41559,29934,0,0,27159,1192,2120,19,21,0,0,0,0,0,69092,126,254,0,0,0,0,0
606,5807,607.5616167692062,99983,67,21,12,3,2632,1265,0.038976626026424495,37,9,27123,22334,1390,652,21370,26980,41635,30032,0,0,26983,1194,2138,19,22,0,0,0,0,0,69247,126,254,0,0,0,0,0
607,5807,608.3590330591458,99983,72,24,12,3,2642,1269,0.03911664983047118,38,6,27082,22323,1384,652,21411,26991,41710,30129,0,0,26820,1187,2151,19,22,0,0,0,0,0,69404,124,256,0,0,0,0,0
608,5807,609.5993562214421,99983,69,18,12,3,2658,1271,0.03929668043567407,30,9,27101,22378,1392,651,21395,26940,41784,30225,0,0,26649,1189,2176,19,22,0,0,0,0,0,69548,123,257,0,0,0,0,0
609,5807,610.0857356761555,99983,67,19,12,3,2659,1272,0.03931668383625216,35,11,27053,22345,1388,649,21444,26972,41857,30320,0,0,26488,1183,2185,19,22,0,0,0,0,0,69706,122,258,0,0,0,0,0
610,5807,611.0381055117866,99983,60,21,12,3,2665,1279,0.039446705940009805,35,8,27021,22332,1394,653,21477,26982,41930,30414,0,0,26321,1185,2201,19,22,0,0,0,0,0,69855,120,260,0,0,0,0,0
611,5807,612.2693636444387,99983,58,22,12,3,2676,1282,0.03958672974405649,32,10,26999,22364,1401,649,21497,26951,42002,30507,0,0,26152,1190,2211,19,22,0,0,0,0,0,70009,119,261,0,0,0,0,0
612,5807,613.2410794128067,99983,61,22,12,3,2685,1283,0.03968674674694698,25,10,26962,22357,1399,649,21540,26958,42073,30599,0,0,25991,1188,2220,19,22,0,0,0,0,0,70163,119,261,0,0,0,0,0
613,5807,614.0494864639558,99983,67,18,12,3,2699,1285,0.03984677395157177,24,9,26964,22406,1394,653,21538,26910,42143,30690,0,0,25828,1191,2231,19,22,0,0,0,0,0,70312,118,262,0,0,0,0,0
614,5807,615.0060558754687,99983,67,17,12,3,2702,1286,0.03988678075272797,24,8,26924,22391,1388,653,21584,26927,42213,30780,0,0,25677,1182,2243,20,22,0,0,0,0,0,70459,117,263,0,0,0,0,0
615,5807,616.1778937138035,99983,62,19,12,3,2708,1291,0.039996799455907506,27,4,26909,22429,1386,655,21603,26889,42282,30869,0,0,25523,1179,2260,20,22,0,0,0,0,0,70599,116,264,0,0,0,0,0
616,5807,617.0050513541071,99983,59,18,12,3,2713,1292,0.0400568096576418,25,7,26872,22447,1387,655,21644,26869,42350,30957,0,0,25375,1171,2276,20,23,0,0,0,0,0,70738,116,264,0,0,0,0,0
617,5807,618.5005384264498,99983,51,15,12,3,2723,1293,0.04016682836082134,20,11,26918,22504,1385,655,21613,26811,42418,31044,0,0,25221,1171,2298,20,23,0,0,0,0,0,70870,115,265,0,0,0,0,0
618,5807,619.0009984753217,99983,54,16,12,3,2727,1295,0.040226838562555635,17,10,26873,22494,1379,654,21664,26822,42485,31130,0,0,25079,1160,2311,20,23,0,0,0,0,0,71010,115,265,0,0,0,0,0
619,5807,620.2090131288353,99983,49,16,12,3,2732,1297,0.04029685046457898,17,12,26867,22527,1380,654,21674,26787,42551,31215,0,0,24930,1158,2325,20,23,0,0,0,0,0,71147,115,265,0,0,0,0,0
620,5807,621.2868591062382,99983,44,20,12,3,2737,1305,0.040426872568336616,25,8,26879,22587,1380,647,21659,26734,42617,31299,0,0,24784,1156,2341,20,23,0,0,0,0,0,71279,113,267,0,0,0,0,0
621,5807,622.456769928137,99983,43,18,12,3,2743,1306,0.04049688447035996,22,9,26873,22607,1382,643,21667,26719,42682,31382,0,0,24642,1150,2357,20,23,0,0,0,0,0,71411,113,267,0,0,0,0,0
622,5807,623.1458676292599,99983,43,19,12,3,2747,1308,0.04055689467209426,20,8,26850,22597,1379,644,21695,26728,42746,31464,0,0,24502,1145,2367,19,24,0,0,0,0,0,71546,113,267,0,0,0,0,0
623,5807,624.0419724602883,99983,41,16,12,3,2748,1309,0.040576898072672354,23,8,26827,22621,1379,644,21717,26707,42810,31546,0,0,24359,1142,2377,19,24,0,0,0,0,0,71682,113,267,0,0,0,0,0
624,5807,625.0877254661668,99983,40,11,12,3,2751,1310,0.04061690487382855,27,10,26808,22657,1376,647,21736,26671,42873,31627,0,0,24219,1138,2391,19,24,0,0,0,0,0,71812,113,267,0,0,0,0,0
625,5807,626.1472090517934,99983,45,14,12,3,2766,1316,0.04082694057989858,18,7,26833,22722,1377,644,21714,26609,42935,31707,0,0,24073,1142,2400,19,24,0,0,0,0,0,71945,113,267,0,0,0,0,0
626,5807,627.3791094032099,99983,39,15,12,3,2769,1318,0.04087694908134383,26,6,26849,22767,1380,642,21693,26566,42997,31786,0,0,23932,1142,2410,19,24,0,0,0,0,0,72076,113,267,0,0,0,0,0
627,5807,628.0070955505553,99983,38,17,12,3,2770,1320,0.04090695418221098,26,4,26799,22747,1375,638,21749,26590,43058,31864,0,0,23799,1135,2417,20,24,0,0,0,0,0,72208,113,267,0,0,0,0,0
628,5807,629.0349516595369,99983,42,16,12,3,2781,1322,0.04103697628596861,18,4,26840,22847,1365,638,21722,26491,43118,31941,0,0,23671,1127,2433,20,25,0,0,0,0,0,72327,112,268,0,0,0,0,0
629,5807,630.0651886891613,99983,44,15,12,3,2783,1323,0.04106698138683576,43,28,26804,22809,1355,639,21741,26505,43178,32017,0,0,23545,1117,2444,20,25,0,0,0,0,1,72451,112,268,0,0,0,0,0
630,5807,631.3010554263739,99983,43,16,12,3,2793,1328,0.0412170068911715,40,30,26832,22869,1355,641,21717,26440,43237,32093,0,0,23410,1114,2447,20,25,0,3,0,0,13,72571,112,268,0,0,0,0,0
631,5807,632.0295452848528,99983,43,13,12,3,2797,1331,0.041287018793194845,45,29,26804,22880,1356,645,21739,26429,43296,32168,0,0,23278,1110,2450,20,26,0,5,0,0,20,72694,112,268,0,0,0,0,0
632,5807,633.2668523467413,99983,55,22,12,3,2816,1342,0.04158706980186632,42,26,26834,22966,1353,640,21703,26342,43354,32242,0,0,23147,1107,2453,20,26,0,8,0,0,26,72816,111,269,0,0,0,0,0
633,5807,634.3307376683026,99983,61,24,12,3,2831,1350,0.04181710890851445,53,25,26832,23024,1356,638,21685,26285,43411,32315,0,0,23019,1103,2457,20,26,0,10,0,0,39,72929,111,269,0,0,0,0,0
634,5807,635.0400654067226,99983,69,22,12,3,2842,1354,0.04196713441285019,54,32,26811,23036,1354,639,21699,26267,43468,32387,0,0,22894,1098,2461,20,27,0,11,0,0,46,73046,111,269,0,0,0,0,0
635,5807,636.104761334749,99983,72,22,12,3,2859,1360,0.04219717351949832,62,37,26804,23094,1356,639,21693,26204,43524,32459,0,0,22769,1091,2466,21,28,0,15,0,0,60,73153,110,270,0,0,0,0,0
636,5807,637.1693692910972,99982,76,22,12,4,2875,1365,0.04240763337400732,67,41,26813,23117,1359,640,21672,26175,43580,32530,0,0,22647,1082,2474,22,28,0,18,0,0,72,73259,110,270,0,0,0,0,0
637,5807,638.2335547831383,99982,85,26,12,4,2896,1372,0.04268768378308095,71,45,26808,23138,1361,640,21662,26146,43635,32600,0,0,22523,1075,2480,23,29,0,24,0,0,79,73370,109,270,0,0,0,0,0
638,5807,639.2975380078609,99981,87,27,13,4,2909,1379,0.04288814874826217,88,45,26801,23164,1362,642,21648,26117,43690,32669,0,0,22404,1068,2486,24,29,0,24,0,0,94,73473,109,270,0,0,0,0,0
639,5807,640.0070700108333,99981,101,32,13,4,2928,1386,0.043148198157649954,82,44,26775,23178,1360,642,21668,26099,43744,32738,0,0,22284,1064,2490,24,29,0,25,0,0,100,73586,109,270,0,0,0,0,0
640,5807,641.0722146856092,99981,106,38,13,4,2952,1397,0.043498264670287355,87,50,26776,23201,1367,644,21650,26062,43797,32806,0,0,22165,1055,2499,24,30,0,33,0,0,115,73682,108,270,0,0,0,0,0
641,5807,642.1372295842012,99981,111,47,13,4,2979,1409,0.04388833878436903,93,56,26788,23245,1379,645,21615,26002,43850,32873,0,0,22045,1049,2504,24,31,0,39,0,0,133,73778,108,270,0,0,0,0,0
642,5807,643.2015726539405,99981,123,61,13,4,3004,1424,0.04428841479881177,102,57,26793,23270,1382,642,21586,25965,43902,32939,0,0,21924,1043,2510,24,31,0,48,0,0,138,73885,108,270,0,0,0,0,0
643,5807,644.2653722391751,99981,125,75,13,4,3023,1444,0.04467848891289345,116,62,26787,23307,1382,645,21576,25906,43954,33005,0,0,21805,1037,2516,24,31,0,55,0,0,154,73981,108,270,0,0,0,0,0
644,5807,645.3290952246485,99981,130,80,13,4,3046,1460,0.04506856302697512,130,66,26782,23351,1388,655,21556,25843,44005,33070,0,0,21686,1032,2521,25,31,0,62,0,0,174,74072,108,270,0,0,0,0,0
645,5807,646.0382538615413,99981,146,87,13,4,3065,1476,0.04541862953961252,135,58,26754,23359,1386,659,21565,25832,44056,33134,0,0,21576,1024,2529,25,31,0,65,0,0,183,74170,108,270,0,0,0,0,0
646,5807,647.1025659070943,99981,148,87,13,4,3094,1491,0.045858713155499546,147,64,26749,23404,1405,665,21537,25775,44106,33197,0,0,21459,1018,2534,26,31,0,75,0,0,214,74246,107,271,0,0,0,0,0
647,5807,648.1669465770688,99981,165,89,13,4,3132,1507,0.04639881577499725,155,69,26739,23456,1419,673,21508,25708,44156,33260,0,0,21345,1010,2541,27,31,0,84,0,0,239,74326,106,272,0,0,0,0,0
648,5807,649.2314114285484,99981,188,98,13,4,3172,1524,0.04696892409557816,176,76,26727,23473,1429,680,21466,25668,44205,33322,0,0,21233,1006,2544,27,32,0,90,0,0,257,74414,105,273,0,0,0,0,0
649,5807,650.2956428006265,99981,219,111,13,4,3229,1550,0.04779908182554685,186,79,26705,23491,1446,690,21430,25624,44254,33383,0,0,21112,1000,2549,28,32,0,107,0,0,278,74497,104,274,0,0,0,0,0
650,5807,651.005347824821,99981,226,115,13,4,3262,1566,0.04828917494323921,197,81,26682,23484,1465,702,21416,25613,44302,33444,0,0,21000,993,2556,28,32,0,117,0,0,306,74571,104,274,0,0,0,0,0
651,5807,652.0705655758899,99981,254,114,13,4,3315,1585,0.049009311769236154,215,81,26675,23520,1483,715,21359,25565,44350,33504,0,0,20883,989,2559,28,33,0,130,0,0,337,74644,104,274,0,0,0,0,0
652,5807,653.1354625701676,99981,276,118,13,4,3383,1604,0.049879477100649126,231,95,26679,23549,1515,725,21285,25508,44397,33563,0,0,20763,982,2566,28,33,0,152,0,0,376,74703,103,275,0,0,0,0,0
653,5807,654.1996804794632,99981,290,127,13,4,3446,1634,0.0508096538342285,246,104,26675,23586,1548,743,21227,25435,44444,33622,0,0,20645,973,2573,29,34,0,173,0,0,423,74753,102,276,0,0,0,0,0
654,5807,655.2637522000515,99981,308,139,13,4,3508,1668,0.05176983626889109,255,113,26669,23597,1584,764,21170,25382,44490,33680,0,0,20525,970,2573,29,37,0,193,0,0,466,74810,101,277,0,0,0,0,0
655,5807,656.327565642527,99981,318,152,13,4,3569,1705,0.05275002250427581,278,115,26644,23631,1626,785,21120,25312,44536,33738,0,0,20412,964,2572,31,42,0,206,0,0,521,74855,101,277,0,0,0,0,0
656,5807,657.0369558356708,99981,323,153,13,4,3620,1727,0.05348016123063382,277,112,26624,23633,1658,806,21104,25291,44582,33795,0,0,20300,957,2577,32,45,0,222,0,0,567,74904,100,277,0,0,0,0,0
657,5807,658.1019829860534,99981,355,153,13,4,3702,1755,0.05458037027035137,289,127,26587,23673,1697,827,21058,25215,44627,33851,0,0,20189,952,2580,33,47,0,237,0,0,627,74940,99,277,0,0,0,0,0
658,5807,659.1677021438343,99980,383,169,14,4,3772,1791,0.055641128225645126,321,143,26544,23691,1729,845,21008,25147,44672,33907,0,0,20084,945,2584,34,49,0,247,0,0,675,74986,99,277,0,0,0,0,0
659,5807,660.2341872788778,99980,405,176,14,4,3856,1830,0.056871374274854974,341,145,26510,23723,1779,871,20950,25080,44716,33962,0,0,19965,935,2586,39,52,0,272,0,0,736,75019,99,277,0,0,0,0,0
660,5807,661.3016801870112,99980,423,196,14,4,3945,1877,0.058231646329265856,371,152,26466,23748,1837,891,20888,25008,44760,34016,0,0,19848,926,2588,44,55,0,296,0,0,802,75046,98,277,0,0,0,0,0
661,5807,662.0139743483613,99980,445,209,14,4,4015,1903,0.059191838367673534,396,154,26415,23736,1877,902,20852,24994,44803,34070,0,0,19737,920,2589,47,58,0,313,0,0,839,75102,98,277,0,0,0,0,0
662,5807,663.0840044888658,99980,475,226,14,4,4116,1956,0.06073214642928586,423,173,26355,23741,1935,934,20797,24921,44846,34123,0,0,19619,917,2590,48,59,0,338,0,0,919,75115,97,278,0,0,0,0,0
663,5807,664.1553992606741,99980,486,247,14,4,4217,2012,0.06230246049209842,462,174,26319,23758,2006,967,20712,24849,44889,34176,0,0,19498,906,2599,50,60,0,373,0,0,1006,75114,96,278,0,0,0,0,0
664,5807,665.2274685501623,99980,554,258,14,4,4349,2060,0.06410282056411282,469,199,26285,23773,2052,998,20625,24767,44931,34228,0,0,19385,903,2598,52,62,0,394,0,0,1082,75130,95,279,0,0,0,0,0
665,5807,666.3000024697373,99979,578,261,15,4,4461,2109,0.06571379989797857,518,223,26223,23799,2124,1036,20541,24676,44973,34280,0,0,19262,901,2597,52,67,0,424,0,0,1178,75124,95,279,0,0,0,0,0
666,5807,667.0156649119863,99979,592,270,15,4,4534,2147,0.06682403304693986,551,245,26178,23780,2171,1059,20492,24641,45014,34331,0,0,19156,894,2603,52,70,0,446,0,0,1240,75145,94,279,0,0,0,0,0
667,5807,668.0907144887445,99979,655,310,15,4,4682,2222,0.06905450144530352,580,268,26109,23776,2243,1086,20397,24555,45055,34381,0,0,19036,892,2603,53,72,0,476,0,0,1326,75148,94,279,0,0,0,0,0
668,5807,669.166800124476,99979,709,344,15,4,4833,2302,0.07136498664719591,599,275,26049,23790,2323,1125,20304,24461,45096,34431,0,0,18925,887,2604,54,77,0,501,0,0,1436,75123,92,280,0,0,0,0,0
669,5807,670.2442369585946,99979,757,369,15,4,4996,2379,0.07376549075305815,659,298,26002,23800,2421,1170,20145,24358,45136,34480,0,0,18806,882,2604,60,81,0,531,0,0,1559,75085,91,280,0,0,0,0,0
670,5807,671.3223106574932,99979,827,388,15,4,5191,2465,0.07657608097700518,679,317,25906,23794,2520,1231,20052,24265,45176,34529,0,0,18672,877,2602,64,85,0,578,0,0,1696,75035,90,280,0,0,0,0,0
671,5807,672.0421800443211,99979,859,397,15,4,5322,2509,0.07832644855419638,720,348,25813,23781,2599,1260,19993,24209,45215,34577,0,0,18559,872,2597,65,95,1,609,0,0,1784,75027,89,281,0,0,0,0,0
672,5807,673.12504154906,99979,925,392,15,4,5519,2586,0.08106702407505577,752,373,25736,23770,2709,1337,19862,24123,45254,34625,0,0,18441,863,2600,68,99,1,648,0,0,1950,74939,87,283,0,0,0,0,0
673,5807,674.2101036029328,99979,1007,431,15,4,5729,2693,0.08423768991488212,808,370,25616,23749,2807,1396,19746,24049,45293,34672,0,0,18317,854,2597,70,109,1,693,0,0,2089,74879,87,283,0,0,0,0,0
674,5807,675.2980511391131,99979,1079,470,15,4,5962,2800,0.08763840406485363,861,383,25473,23734,2945,1450,19626,23958,45331,34719,0,0,18168,847,2596,73,116,1,761,0,0,2239,74809,87,282,0,0,0,0,0
675,5807,676.0256095278431,99979,1134,496,15,4,6139,2870,0.0901089228738035,862,403,25378,23707,3054,1484,19556,23905,45369,34765,0,0,18040,842,2595,76,122,1,807,0,0,2347,74780,87,282,0,0,0,0,0
676,5807,677.1208722936003,99978,1197,512,16,4,6389,2973,0.09364060093220508,956,445,25210,23674,3214,1560,19406,23804,45407,34811,0,0,17898,834,2596,80,129,1,869,0,0,2544,74659,87,281,0,0,0,0,0
677,5807,678.2208529133296,99978,1278,550,16,4,6676,3094,0.09772149872972054,999,472,25064,23654,3391,1631,19251,23688,45444,34856,0,0,17763,829,2592,84,140,1,922,0,0,2759,74521,87,280,0,0,0,0,0
678,5807,679.3250706005247,99978,1374,584,16,4,6968,3221,0.10191242073256117,1047,508,24921,23643,3553,1707,19088,23553,45481,34901,0,0,17620,823,2586,87,157,1,987,0,0,2956,74396,85,280,0,0,0,0,0
679,5807,680.063604704383,99978,1436,624,16,4,7166,3317,0.10485306767488847,1076,510,24821,23621,3669,1759,18981,23481,45517,34945,0,0,17504,820,2584,90,165,1,1023,0,0,3097,74331,85,278,0,0,0,0,0
680,5807,681.1751558463583,99977,1557,639,16,5,7505,3473,0.109805255208698,1136,515,24614,23593,3860,1884,18816,23363,45553,34989,0,0,17351,815,2572,95,184,1,1096,0,0,3351,74149,85,278,0,0,0,0,0
681,5807,682.2930580681399,99976,1628,681,16,6,7816,3617,0.11435744578698888,1225,547,24439,23575,4056,1974,18635,23216,45589,35032,0,0,17182,805,2568,103,193,1,1188,0,0,3580,73993,85,278,0,0,0,0,0
682,5807,683.0414182462611,99975,1664,698,17,6,8037,3722,0.1176194048512128,1314,583,24269,23537,4216,2050,18519,23125,45624,35075,0,0,17053,797,2567,109,205,1,1240,0,0,3773,73867,85,278,0,0,0,0,0
683,5807,684.1708507022281,99974,1772,748,18,6,8408,3876,0.1228719467061436,1362,616,24081,23509,4441,2142,18325,22978,45659,35117,0,0,16897,790,2562,113,223,1,1322,0,0,4027,73678,85,276,0,0,0,0,0
684,5807,685.3061278419981,99974,1843,813,18,6,8799,4062,0.12864344729629704,1407,661,23904,23473,4712,2245,18115,22801,45694,35159,0,0,16729,780,2553,120,247,1,1417,0,0,4330,73436,84,277,0,0,0,0,0
685,5807,686.0663349634632,99973,1864,851,18,7,9055,4199,0.1325757954647755,1470,679,23744,23420,4910,2324,17993,22718,45728,35200,0,0,16604,777,2548,123,256,2,1467,0,0,4594,73241,84,277,0,0,0,0,0
686,5807,687.2140218380893,99972,1956,918,19,7,9473,4412,0.1388888888888889,1554,722,23512,23363,5172,2451,17786,22538,45762,35241,0,0,16442,767,2541,132,280,2,1554,0,0,4930,72964,84,276,0,0,0,0,0
687,5807,688.3699088122124,99972,2091,978,19,7,9925,4612,0.14541071500020006,1640,788,23257,23292,5415,2565,17577,22369,45796,35282,0,0,16266,757,2529,146,301,3,1651,0,0,5240,72720,84,275,0,0,0,0,0
688,5807,689.1454634229901,99972,2202,1028,19,7,10238,4764,0.15006201736486216,1704,809,23082,23252,5551,2647,17441,22256,45829,35322,0,0,16125,749,2524,149,318,3,1725,0,0,5445,72577,83,274,0,0,0,0,0
689,5807,690.3157962126626,99971,2341,1071,20,7,10737,4996,0.15737563893529125,1825,839,22820,23185,5839,2818,17154,22079,45862,35362,0,0,15946,736,2515,166,348,3,1828,0,0,5822,72254,82,271,0,0,0,0,0
690,5807,691.1012169303026,99970,2462,1076,20,8,11128,5124,0.16256877063118935,1873,923,22596,23086,6056,2929,16992,21977,45895,35401,0,0,15797,728,2511,174,369,3,1905,0,0,6091,72040,81,271,0,0,0,0,0
691,5807,692.2894532885941,99969,2652,1149,21,8,11743,5388,0.17136312256799607,1885,995,22308,22980,6392,3089,16741,21778,45928,35440,0,0,15583,721,2503,188,396,4,2040,0,0,6503,71681,81,269,0,0,0,0,0
692,5807,693.0875967169194,99969,2697,1207,21,8,12117,5587,0.17709489941881984,1969,1032,22090,22909,6659,3207,16563,21636,45960,35478,0,0,15408,714,2494,195,416,5,2145,0,0,6828,71415,81,268,0,0,0,0,0
693,5807,694.2959552977906,99968,2834,1316,22,8,12703,5909,0.18617957746478872,2127,1123,21738,22776,6997,3392,16281,21384,45992,35516,0,0,15199,706,2484,211,449,7,2277,0,0,7273,71016,79,267,0,0,0,0,0
694,5807,695.109037198925,99968,2976,1389,22,8,13176,6138,0.19320182458386684,2175,1183,21482,22654,7255,3525,16089,21240,46024,35554,0,0,15025,697,2473,222,479,7,2378,0,0,7597,70745,79,266,0,0,0,0,0
695,5807,696.3418496203309,99967,3165,1512,23,8,13913,6510,0.20429741814798882,2224,1202,21131,22509,7657,3743,15799,21025,46055,35591,0,0,14800,687,2460,235,529,7,2534,0,0,8139,70236,77,263,0,0,0,0,0
696,5807,697.1722820624801,99965,3288,1572,25,8,14431,6732,0.21170409643375182,2234,1264,20895,22391,7969,3884,15588,20880,46086,35628,0,0,14617,679,2448,248,558,7,2644,0,0,8523,69904,76,261,0,0,0,0,0
697,5807,698.0098512305234,99963,3388,1599,27,8,14936,6983,0.21927113031821774,2291,1308,20628,22278,8279,4071,15386,20735,46117,35664,0,0,14435,668,2437,263,603,7,2753,0,0,8944,69519,76,258,0,0,0,0,0
698,5807,699.2820867937714,99961,3462,1718,29,8,15662,7427,0.2309800822320705,2451,1337,20233,22133,8770,4355,15054,20448,46148,35700,0,0,14179,659,2423,279,669,8,2936,0,0,9595,68882,74,257,0,0,0,0,0
699,5807,700.1409826835452,99959,3581,1809,31,8,16217,7718,0.239448173751238,2506,1367,19941,22003,9094,4514,14846,20298,46178,35736,0,0,13997,649,2417,294,711,9,3046,0,0,10020,68489,72,255,0,0,0,0,0
700,5807,701.0098591906038,99957,3683,1893,33,8,16770,8031,0.248116690176776,2586,1348,19671,21901,9403,4708,14623,20141,46208,35771,0,0,13802,643,2397,306,766,11,3167,0,0,10466,68077,72,250,0,0,0,0,0
701,5807,702.3311871629127,99957,3924,2039,33,8,17692,8537,0.26240283321828384,2661,1372,19261,21704,9880,5013,14240,19863,46238,35806,0,0,13543,630,2375,330,842,13,3348,0,0,11154,67403,70,249,0,0,0,0,0
702,5807,703.2239640545071,99957,4006,2098,33,8,18253,8873,0.2713766919775503,2792,1392,18952,21580,10216,5244,14000,19677,46267,35841,0,0,13333,625,2359,348,912,13,3481,0,0,11624,66945,70,247,0,0,0,0,0
703,5807,704.1279391384512,99954,4155,2143,34,10,18916,9205,0.28133941613142044,2829,1447,18643,21433,10579,5490,13759,19476,46296,35875,0,0,13126,612,2342,379,973,15,3606,0,0,12139,66448,69,245,0,0,0,0,0
704,5807,705.0439744616743,99953,4276,2230,34,11,19584,9562,0.2915970506137885,2922,1479,18288,21257,10955,5704,13524,19318,46325,35909,0,0,12931,605,2325,400,1048,19,3726,0,0,12656,65931,66,246,0,0,0,0,0
705,5807,706.4432724053491,99952,4439,2319,35,11,20632,10085,0.30731751240595484,3041,1535,17801,21066,11608,6049,13075,19019,46354,35942,0,0,12623,587,2302,444,1149,31,3947,0,0,13471,65091,63,244,0,0,0,0,0
706,5807,707.393899336088,99950,4559,2391,35,13,21382,10471,0.3186893446723362,3065,1586,17500,20916,12048,6294,12792,18799,46382,35975,0,0,12400,579,2278,471,1238,34,4089,0,0,14063,64495,61,242,0,0,0,0,0
707,5807,708.358923657048,99950,4703,2450,35,13,22105,10854,0.32975487743871934,3195,1620,17118,20757,12401,6549,12547,18610,46410,36008,0,0,12205,572,2260,496,1327,36,4205,0,0,14641,63905,61,242,0,0,0,0,0
708,5807,709.3406181698892,99947,4827,2490,37,14,22877,11246,0.3414109478023352,3266,1694,16790,20609,12822,6830,12257,18362,46438,36040,0,0,11970,560,2245,518,1418,40,4364,0,0,15264,63266,61,241,0,0,0,0,0
709,5807,710.338669439601,99945,4893,2534,37,16,23656,11656,0.3533143228775827,3326,1768,16443,20434,13313,7120,11987,18127,46466,36072,0,0,11714,551,2220,547,1539,44,4535,0,0,15889,62607,60,239,0,0,0,0,0
710,5807,711.3544774054658,99944,5043,2629,38,16,24518,12123,0.3666153045705595,3335,1807,16125,20250,13758,7409,11700,17888,46493,36104,0,0,11479,545,2195,583,1660,51,4680,0,0,16528,61934,57,232,0,0,0,0,0
711,5807,712.3884030760696,99944,5182,2675,38,16,25383,12582,0.37986272312494995,3340,1871,15830,20046,14193,7727,11416,17664,46520,36135,0,0,11245,532,2170,620,1786,58,4824,0,0,17218,61217,55,219,0,0,0,0,0
712,5807,713.4384730388985,99942,5249,2764,39,17,26259,13085,0.3936683276300254,3392,1945,15464,19862,14707,8028,11148,17383,46547,36166,0,0,11019,517,2145,658,1913,72,4967,0,0,17966,60416,54,215,0,0,0,0,0
713,5807,714.5092479728893,99942,5376,2875,39,17,27183,13647,0.40853695143183044,3442,1932,15078,19673,15184,8367,10880,17135,46574,36197,0,0,10754,498,2116,707,2065,85,5140,0,0,18648,59666,52,211,0,0,0,0,0
714,5807,715.0532900318184,99941,5444,2902,39,18,27659,13895,0.41578531333486757,3448,1982,14893,19540,15419,8527,10756,17030,46600,36227,0,0,10605,493,2101,730,2145,88,5211,0,0,19007,59300,51,210,0,0,0,0,0
715,5807,716.1372911540399,99939,5504,2998,41,18,28578,14456,0.43060266762725263,3517,1952,14535,19369,15958,8884,10444,16778,46626,36257,0,0,10370,483,2077,777,2306,100,5348,0,0,19775,58448,50,205,0,0,0,0,0
716,5807,717.1824956315236,99938,5560,3008,41,19,29450,14954,0.44431547559486884,3552,1995,14215,19185,16442,9266,10189,16526,46652,36287,0,0,10131,478,2055,816,2475,115,5491,0,0,20498,57629,48,202,0,0,0,0,0
717,5807,718.1949315112545,99934,5637,3050,44,20,30350,15429,0.4580923409450237,3585,2021,13892,19030,16919,9571,9922,16307,46678,36316,0,0,9897,466,2028,867,2652,131,5622,0,0,21147,56879,44,201,0,0,0,0,0
718,5807,719.1758159854419,99933,5743,3034,44,21,31257,15881,0.4716960363443507,3488,2060,13633,18820,17385,9944,9706,16120,46703,36345,0,0,9680,455,1998,935,2850,145,5723,0,0,21780,56128,43,196,0,0,0,0,0
719,5807,720.1300263375878,99932,5828,3107,45,21,32075,16374,0.4848196773806188,3521,2055,13349,18676,17779,10248,9477,15892,46728,36374,0,0,9469,440,1979,993,3028,155,5832,0,0,22355,55449,41,191,0,0,0,0,0
720,5807,721.0600933957977,99928,5896,3170,47,23,32932,16833,0.4980085661676407,3490,2058,13107,18543,18228,10514,9231,15691,46753,36403,0,0,9247,429,1954,1036,3207,173,5956,0,0,22937,54759,40,190,0,0,0,0,0
721,5807,722.4123988709304,99927,6064,3337,48,23,34179,17596,0.5181282336105357,3488,1967,12697,18300,18795,10968,8907,15404,46778,36431,0,0,8937,417,1917,1106,3469,201,6148,0,0,23714,53792,38,188,0,0,0,0,0
722,5807,723.2881897762619,99926,6073,3311,49,23,34978,18008,0.530252386766207,3486,1996,12443,18158,19232,11286,8716,15225,46803,36459,0,0,8744,406,1895,1168,3666,216,6226,0,0,24324,53057,38,186,0,0,0,0,0
723,5807,724.1443110039253,99923,6102,3361,52,23,35725,18451,0.5421774766570259,3494,2007,12208,17999,19601,11570,8542,15039,46827,36487,0,0,8535,394,1873,1218,3844,244,6338,0,0,24809,52448,37,183,0,0,0,0,0
724,5807,725.3954734444699,99922,6154,3368,53,23,36820,19092,0.5595564540341467,3500,2071,11925,17770,20111,12020,8256,14747,46851,36514,0,0,8275,384,1833,1279,4125,263,6478,0,0,25639,51431,35,180,0,0,0,0,0
725,5807,726.2106802077769,99919,6089,3380,55,24,37490,19500,0.5703619932145038,3525,2089,11739,17608,20504,12295,8087,14603,46875,36541,0,0,8092,378,1810,1336,4318,292,6548,0,0,26128,50805,34,178,0,0,0,0,0
726,5807,727.011317013361,99918,6084,3397,55,25,38194,19899,0.581406753537901,3540,2094,11525,17463,20858,12555,7937,14465,46899,36568,0,0,7901,364,1793,1390,4513,310,6640,0,0,26598,50198,34,177,0,0,0,0,0
727,5807,728.1868532532324,99915,6113,3438,57,26,39257,20545,0.5985287494370215,3546,2028,11217,17296,21374,12988,7692,14223,46923,36595,0,0,7651,356,1763,1467,4791,348,6757,0,0,27316,49257,34,175,0,0,0,0,0
728,5807,729.3329879413994,99914,6107,3510,57,27,40250,21179,0.6148187441199432,3506,1977,10955,17109,21898,13381,7476,13995,46946,36621,0,0,7426,347,1740,1558,5098,384,6838,0,0,27913,48407,32,171,0,0,0,0,0
729,5807,730.0817653373535,99912,6056,3489,57,29,40926,21549,0.6253002642325246,3458,1971,10790,16991,22297,13648,7341,13871,46969,36647,0,0,7241,339,1716,1611,5320,406,6919,0,0,28356,47804,32,168,0,0,0,0,0
730,5807,731.1830271490256,99907,5967,3468,61,30,41834,22099,0.6399251303712452,3522,1995,10556,16825,22774,14029,7119,13652,46992,36673,0,0,7004,331,1682,1697,5627,440,7009,0,0,28965,46953,32,167,0,0,0,0,0
731,5807,732.2610086052811,99904,5960,3480,63,31,42770,22630,0.6546284433055733,3423,2000,10330,16663,23281,14363,6942,13462,47015,36699,0,0,6784,321,1664,1768,5936,488,7098,0,0,29438,46210,32,165,0,0,0,0,0
732,5807,733.3173439493634,99904,5989,3465,63,31,43707,23153,0.669242472773863,3314,2007,10130,16547,23719,14696,6784,13253,47038,36724,0,0,6589,316,1638,1828,6255,530,7173,0,0,29941,45439,32,163,0,0,0,0,0
733,5807,734.0108958563796,99903,5987,3447,63,32,44316,23490,0.6787183568061019,3253,2026,9991,16430,24014,14928,6691,13136,47060,36749,0,0,6445,308,1618,1872,6442,566,7224,0,0,30303,44932,31,162,0,0,0,0,0
734,5807,735.03607392073,99903,5946,3480,63,32,45164,24017,0.6924817072560383,3244,1960,9826,16296,24389,15253,6531,12978,47082,36774,0,0,6232,299,1594,1934,6718,612,7313,0,0,30794,44217,30,160,0,0,0,0,0
735,5807,736.0464639757726,99900,5950,3479,65,33,45990,24541,0.706016016016016,3203,1938,9645,16178,24744,15576,6392,12795,47104,36798,0,0,6048,288,1571,1993,6976,661,7379,0,0,31309,43492,30,153,0,0,0,0,0
736,5807,737.0423424723359,99900,5865,3456,65,33,46768,25035,0.7187487487487487,3215,1916,9501,16052,25105,15914,6248,12628,47126,36822,0,0,5858,278,1549,2075,7252,720,7432,0,0,31758,42801,27,150,0,0,0,0,0
737,5807,738.0256461072503,99899,5867,3449,66,33,47600,25507,0.7318091272184907,3137,1884,9371,15957,25465,16212,6093,12464,47148,36846,0,0,5711,266,1529,2139,7532,773,7457,0,0,32204,42115,26,147,0,0,0,0,0
738,5807,739.3170401534062,99897,5738,3428,68,33,48578,26127,0.7478202548625084,3096,1865,9197,15806,25971,16629,5929,12238,47169,36870,0,0,5495,254,1493,2226,7933,842,7519,0,0,32720,41244,26,145,0,0,0,0,0
739,5807,740.2714572197305,99895,5739,3453,69,34,49323,26583,0.7598578507432805,3020,1870,9064,15689,26299,16869,5808,12084,47190,36894,0,0,5358,248,1475,2285,8221,887,7540,0,0,33049,40664,25,143,0,0,0,0,0
740,5807,741.2143255921238,99893,5693,3458,71,34,50049,27064,0.7719559929124162,2999,1800,8938,15606,26617,17155,5681,11946,47211,36917,0,0,5200,243,1456,2351,8471,944,7571,0,0,33463,40028,25,141,0,0,0,0,0
741,5807,742.1476521989861,99893,5629,3401,71,34,50722,27454,0.7825973791957395,3021,1837,8843,15492,26860,17428,5575,11807,47232,36940,0,0,5062,237,1431,2391,8756,1006,7612,0,0,33778,39454,25,141,0,0,0,0,0
742,5807,743.0725482868994,99892,5597,3356,71,35,51450,27881,0.7941677011172066,2922,1792,8762,15422,27165,17733,5482,11661,47253,36963,0,0,4937,233,1414,2435,9038,1065,7627,0,0,34160,38825,22,136,0,0,0,0,0
743,5807,744.293325725855,99891,5510,3266,71,36,52326,28393,0.8080707971689142,2884,1803,8656,15314,27529,18085,5349,11495,47273,36986,0,0,4777,231,1389,2484,9427,1150,7653,0,0,34549,38075,22,134,0,0,0,0,0
744,5807,745.199880826436,99890,5416,3218,72,36,52954,28766,0.818099909900891,2876,1800,8563,15254,27811,18326,5261,11365,47293,37008,0,0,4655,227,1377,2549,9702,1202,7648,0,0,34854,37525,22,129,0,0,0,0,0
745,5807,746.0990008353492,99888,5332,3207,74,36,53553,29142,0.8278772224891879,2859,1739,8487,15184,28075,18574,5172,11259,47313,37030,0,0,4542,219,1354,2615,9944,1266,7634,0,0,35132,37032,22,128,0,0,0,0,0
746,5807,747.2867417275266,99886,5217,3124,74,38,54396,29621,0.8411288869311014,2816,1756,8367,15091,28463,18903,5062,11087,47333,37052,0,0,4393,212,1336,2705,10300,1353,7626,0,0,35497,36319,21,124,0,0,0,0,0
747,5807,748.1692124034664,99884,5171,3134,75,39,55001,30035,0.851347563173281,2735,1657,8326,15045,28700,19135,4992,10989,47353,37074,0,0,4300,208,1323,2765,10593,1406,7599,0,0,35707,35841,20,122,0,0,0,0,0
748,5807,749.0460798143195,99882,5065,3134,76,40,55574,30401,0.8607657035301656,2693,1646,8310,14994,28942,19305,4913,10880,47373,37095,0,0,4190,202,1304,2799,10862,1479,7612,0,0,35907,35387,19,121,0,0,0,0,0
749,5807,750.2058949160928,99881,4879,3080,76,41,56304,30874,0.8728186541984962,2640,1613,8224,14946,29375,19602,4805,10717,47392,37116,0,0,4052,197,1282,2883,11247,1559,7606,0,0,36178,34744,16,117,0,0,0,0,0
750,5807,751.0678623474971,99881,4795,3026,76,41,56857,31211,0.881729257816802,2605,1575,8178,14911,29605,19825,4740,10621,47411,37137,0,0,3967,191,1262,2927,11493,1637,7588,0,0,36405,34279,16,116,0,0,0,0,0
751,5807,752.2098179305596,99878,4769,2986,78,42,57565,31659,0.8933298624321673,2562,1507,8128,14849,29803,20109,4659,10506,47430,37158,0,0,3851,186,1236,2980,11806,1729,7581,0,0,36608,33771,16,114,0,0,0,0,0
752,5807,753.0621287638476,99876,4750,2953,79,43,58108,31986,0.9020585526052305,2512,1507,8085,14803,29978,20298,4595,10395,47449,37179,0,0,3752,183,1221,3015,12051,1787,7580,0,0,36781,33378,16,112,0,0,0,0,0
753,5807,754.1924504136847,99873,4649,2917,80,45,58810,32412,0.91337999259059,2423,1462,8051,14746,30286,20545,4510,10284,47468,37199,0,0,3636,179,1202,3072,12401,1872,7567,0,0,36967,32849,16,112,0,0,0,0,0
754,5807,755.0352223196761,99873,4597,2866,80,45,59305,32719,0.921410190942497,2391,1425,8040,14709,30435,20751,4456,10203,47487,37219,0,0,3568,177,1192,3090,12649,1955,7551,0,0,37087,32479,16,109,0,0,0,0,0
755,5807,756.153756473132,99872,4515,2791,81,45,59954,33104,0.9317726690163409,2348,1378,7975,14662,30697,21003,4383,10120,47506,37239,0,0,3469,172,1177,3140,12979,2048,7530,0,0,37238,31996,16,107,0,0,0,0,0
756,5807,757.2657369164299,99870,4431,2747,83,45,60593,33490,0.9420546710723942,2311,1365,7925,14627,30958,21214,4291,10001,47524,37259,0,0,3370,169,1159,3172,13293,2153,7531,0,0,37364,31537,15,107,0,0,0,0,0
757,5807,758.0951125693618,99870,4369,2711,83,45,61069,33784,0.949764694102333,2245,1350,7921,14600,31133,21363,4248,9930,47542,37279,0,0,3305,165,1148,3216,13506,2245,7499,0,0,37463,31202,15,106,0,0,0,0,0
758,5807,759.1956158967768,99868,4247,2663,85,45,61701,34148,0.9597568790803861,2189,1357,7880,14592,31406,21536,4192,9806,47560,37298,0,0,3226,159,1130,3270,13807,2363,7445,0,0,37589,30761,15,103,0,0,0,0,0
759,5807,760.0165875137516,99868,4180,2614,85,45,62154,34406,0.9668762766852245,2119,1368,7891,14557,31578,21675,4146,9740,47578,37317,0,0,3158,157,1115,3292,14032,2450,7425,0,0,37664,30458,15,102,0,0,0,0,0
760,5807,761.1066477747192,99866,4092,2582,86,46,62710,34757,0.9759778102657561,2081,1346,7879,14531,31786,21841,4075,9653,47596,37336,0,0,3072,155,1109,3339,14307,2551,7397,0,0,37738,30082,14,102,0,0,0,0,0
761,5807,762.1918724546026,99865,4032,2520,86,47,63299,35132,0.9856406148300205,2040,1320,7860,14500,31966,22075,4015,9537,47614,37355,0,0,2979,151,1090,3381,14617,2646,7382,0,0,37836,29670,14,99,0,0,0,0,0
762,5807,763.0030396221301,99864,3963,2543,87,47,63689,35424,0.9924797724905872,2031,1248,7876,14478,32075,22201,3967,9482,47631,37374,0,0,2926,149,1080,3388,14843,2723,7363,0,0,37859,29421,14,98,0,0,0,0,0
763,5807,764.0817148475817,99864,3957,2504,87,47,64247,35764,1.0014720019226147,1936,1203,7875,14466,32222,22379,3922,9400,47648,37393,0,0,2871,144,1066,3418,15100,2815,7327,0,0,37963,29048,14,98,0,0,0,0,0
764,5807,765.1576522775281,99862,3896,2445,87,49,64762,36097,1.009983777613106,1856,1174,7898,14453,32384,22570,3878,9308,47665,37411,0,0,2804,141,1051,3438,15385,2919,7303,0,0,38002,28707,14,98,0,0,0,0,0
765,5807,766.23043043117,99862,3816,2355,87,49,65294,36403,1.0183753579940318,1804,1188,7909,14436,32570,22753,3813,9218,47682,37429,0,0,2725,138,1039,3471,15657,3008,7277,0,0,38128,28308,13,98,0,0,0,0,0
766,5807,767.0324361150886,99860,3725,2300,88,50,65646,36618,1.0240737031844582,1795,1165,7900,14438,32709,22883,3782,9163,47699,37447,0,0,2691,132,1028,3487,15848,3093,7234,0,0,38188,28048,13,98,0,0,0,0,0
767,5807,768.0987357594349,99857,3627,2263,90,51,66131,36923,1.0320157825690737,1748,1128,7885,14448,32915,23024,3734,9085,47716,37465,0,0,2629,129,1016,3519,16131,3178,7195,0,0,38232,27718,13,97,0,0,0,0,0
768,5807,769.16142313758,99856,3591,2241,90,52,66620,37247,1.0401678416920366,1678,1050,7895,14465,33049,23184,3696,9007,47733,37483,0,0,2566,128,1007,3562,16343,3277,7146,0,0,38311,27408,13,95,0,0,0,0,0
769,5807,770.2216230489421,99856,3501,2198,90,52,67077,37522,1.0474983976926775,1656,1027,7922,14495,33173,23310,3657,8917,47750,37500,0,0,2523,127,997,3587,16578,3389,7098,0,0,38336,27113,13,95,0,0,0,0,0
770,5807,771.0152584999063,99855,3387,2114,91,52,67386,37689,1.0522757999098693,1619,1067,7902,14512,33357,23395,3643,8859,47766,37517,0,0,2477,126,987,3613,16775,3463,7064,0,0,38361,26884,13,92,0,0,0,0,0
771,5807,772.0701548222298,99855,3285,2068,91,52,67814,37978,1.0594562115066848,1569,1038,7924,14512,33530,23530,3600,8799,47782,37534,0,0,2414,123,978,3636,17025,3554,7039,0,0,38400,26583,13,90,0,0,0,0,0
772,5807,773.122341246589,99855,3241,2020,91,52,68240,38265,1.066596565019278,1516,959,7960,14565,33619,23675,3572,8728,47798,37551,0,0,2366,118,962,3664,17233,3651,6996,0,0,38463,26302,13,87,0,0,0,0,0
773,5807,774.1733870426915,99855,3113,1956,91,52,68618,38507,1.072805568073707,1493,933,7983,14582,33769,23799,3550,8677,47814,37568,0,0,2316,116,949,3684,17477,3747,6969,0,0,38470,26027,13,87,0,0,0,0,0
774,5807,775.2225975905768,99854,3004,1907,92,52,68989,38731,1.0787750115168147,1470,922,8033,14595,33878,23904,3522,8619,47830,37585,0,0,2275,114,937,3706,17690,3840,6921,0,0,38495,25776,13,87,0,0,0,0,0
775,5807,776.0086365182788,99854,2932,1869,92,52,69252,38911,1.0832114887736095,1440,885,8094,14617,33945,23998,3496,8578,47846,37602,0,0,2236,112,934,3720,17818,3917,6900,0,0,38532,25585,13,87,0,0,0,0,0
776,5807,777.056142934305,99853,2894,1792,93,52,69635,39134,1.0892912581494798,1407,901,8150,14621,33998,24118,3457,8515,47862,37618,0,0,2207,110,923,3725,18038,4011,6861,0,0,38526,25355,12,85,0,0,0,0,0
777,5807,778.1036670863879,99852,2836,1768,94,52,70030,39372,1.09564154949325,1329,896,8212,14656,34101,24188,3427,8439,47877,37634,0,0,2164,110,920,3753,18223,4104,6820,0,0,38541,25120,12,85,0,0,0,0,0
778,5807,779.1497825448333,99852,2756,1700,94,52,70373,39586,1.1012198053118616,1308,892,8269,14677,34176,24297,3396,8381,47892,37650,0,0,2133,108,912,3787,18422,4186,6764,0,0,38568,24877,12,83,0,0,0,0,0
779,5807,780.1954116323336,99850,2689,1677,95,53,70704,39803,1.1067300951427141,1287,871,8322,14688,34236,24375,3370,8335,47907,37666,0,0,2097,105,908,3789,18604,4272,6734,0,0,38568,24679,11,83,0,0,0,0,0
780,5807,781.2403159863097,99849,2601,1646,96,53,71063,40007,1.1123796933369388,1226,866,8371,14712,34355,24429,3350,8293,47922,37682,0,0,2056,103,905,3803,18758,4384,6702,0,0,38572,24473,10,83,0,0,0,0,0
781,5807,782.0231601996558,99849,2560,1659,96,53,71298,40189,1.1165559995593346,1218,832,8402,14751,34383,24452,3340,8252,47937,37698,0,0,2028,103,902,3815,18885,4450,6672,0,0,38549,24354,10,81,0,0,0,0,0
782,5807,783.0668755210338,99848,2561,1613,96,54,71645,40384,1.1219954330582484,1169,828,8425,14780,34433,24531,3315,8193,47952,37713,0,0,2002,100,899,3833,18995,4560,6631,0,0,38565,24175,10,78,0,0,0,0,0
783,5807,784.1097441168647,99848,2486,1612,96,54,71949,40598,1.1271833186443394,1155,801,8469,14801,34500,24577,3293,8154,47967,37728,0,0,1976,97,894,3833,19174,4632,6592,0,0,38579,23983,10,78,0,0,0,0,0
784,5807,785.1522417752302,99848,2457,1561,96,54,72266,40793,1.1323111128915953,1093,790,8531,14837,34557,24649,3265,8108,47982,37743,0,0,1948,97,883,3830,19335,4727,6561,0,0,38573,23807,10,77,0,0,0,0,0
785,5807,786.1945537293402,99847,2404,1517,96,55,72541,40980,1.1369495327851613,1107,766,8577,14886,34572,24711,3243,8064,47997,37758,0,0,1924,97,876,3847,19495,4808,6515,0,0,38560,23638,10,77,0,0,0,0,0
786,5807,787.2373373029671,99847,2358,1461,96,55,72827,41146,1.1414764589822428,1072,757,8631,14926,34626,24779,3216,8021,48011,37773,0,0,1897,95,873,3859,19650,4886,6483,0,0,38548,23470,10,76,0,0,0,0,0
787,5807,788.0193601181875,99847,2303,1439,96,55,73038,41292,1.1450519294520616,1066,731,8687,14958,34644,24821,3203,7995,48025,37788,0,0,1877,95,871,3871,19781,4951,6443,0,0,38520,23352,10,76,0,0,0,0,0
788,5807,789.0627515586553,99846,2249,1379,96,56,73310,41449,1.1493600144222103,1057,730,8764,15015,34655,24872,3178,7947,48039,37803,0,0,1853,95,862,3885,19944,5030,6412,0,0,38479,23200,10,76,0,0,0,0,0
789,5807,790.1065554657976,99846,2196,1372,96,56,73577,41635,1.1538970013821286,1007,694,8832,15070,34704,24905,3164,7902,48053,37817,0,0,1828,94,854,3892,20085,5110,6386,0,0,38460,23052,10,75,0,0,0,0,0
790,5807,791.150595899664,99845,2125,1338,97,56,73858,41815,1.15852571485803,950,683,8923,15118,34754,24956,3150,7848,48067,37831,0,0,1803,94,842,3902,20236,5209,6346,0,0,38421,22908,9,75,0,0,0,0,0
791,5807,792.1951179986734,99845,2072,1302,97,56,74132,41977,1.1628924833491912,904,677,9014,15160,34788,24992,3124,7812,48081,37845,0,0,1776,93,837,3923,20368,5289,6304,0,0,38417,22756,9,73,0,0,0,0,0
792,5807,793.2401942243475,99845,2010,1305,97,56,74376,42157,1.167139065551605,884,658,9080,15208,34826,25009,3102,7763,48095,37859,0,0,1761,92,834,3921,20520,5355,6267,0,0,38400,22613,9,73,0,0,0,0,0
793,5807,794.023867721459,99845,1957,1282,97,56,74563,42285,1.1702939556312284,862,639,9122,15268,34875,25015,3086,7739,48109,37873,0,0,1740,90,830,3937,20627,5411,6232,0,0,38393,22503,9,73,0,0,0,0,0
794,5807,795.0687415293012,99845,1880,1263,97,56,74768,42458,1.1740798237267764,878,599,9179,15287,34895,25100,3070,7694,48123,37887,0,0,1712,88,827,3940,20750,5478,6209,0,0,38404,22355,9,73,0,0,0,0,0
795,5807,796.1138821223834,99844,1852,1234,98,56,75004,42611,1.177987660750771,835,604,9238,15345,34914,25125,3062,7635,48136,37901,0,0,1696,85,822,3946,20887,5551,6174,0,0,38357,22244,9,73,0,0,0,0,0
796,5807,797.1597577535154,99843,1818,1211,99,56,75217,42743,1.181454884168144,818,611,9300,15397,34906,25122,3058,7602,48149,37915,0,0,1684,85,819,3949,20979,5628,6139,0,0,38343,22136,9,72,0,0,0,0,0
797,5807,798.2065660191153,99843,1776,1200,99,56,75421,42905,1.185120639403864,821,595,9363,15443,34895,25139,3045,7566,48162,37928,0,0,1666,84,817,3970,21064,5702,6100,0,0,38346,22015,8,71,0,0,0,0,0
798,5807,799.2545147453711,99843,1699,1147,99,56,75636,43040,1.18862614304458,796,565,9447,15504,34925,25195,3033,7532,48175,37941,0,0,1643,82,814,3978,21181,5786,6069,0,0,38332,21880,8,70,0,0,0,0,0
799,5807,800.0410362111061,99843,1625,1116,99,56,75786,43135,1.191079995593081,809,546,9493,15543,34950,25231,3023,7507,48188,37954,0,0,1630,81,811,3967,21268,5851,6042,0,0,38330,21785,8,70,0,0,0,0,0
800,5807,801.0903839343516,99842,1620,1099,100,56,76007,43276,1.1947176538931512,793,516,9567,15596,34908,25251,3011,7481,48201,37967,0,0,1613,81,808,3961,21362,5921,6022,0,0,38324,21673,8,69,0,0,0,0,0
801,5807,802.1413783975443,99842,1582,1047,100,56,76209,43394,1.1979227178942728,771,513,9645,15669,34898,25270,3003,7444,48214,37980,0,0,1597,80,805,3960,21460,5986,5993,0,0,38344,21540,8,69,0,0,0,0,0
802,5807,803.1941242430737,99842,1554,1037,100,56,76400,43530,1.2011978926704192,771,494,9734,15731,34842,25274,2998,7407,48227,37993,0,0,1579,80,805,3966,21551,6054,5962,0,0,38317,21451,8,69,0,0,0,0,0
803,5807,804.2485999700277,99842,1536,1012,100,56,76611,43651,1.204523146571583,734,485,9801,15793,34846,25279,2982,7374,48240,38006,0,0,1562,79,801,3967,21656,6119,5934,0,0,38288,21359,8,69,0,0,0,0,0
804,5807,805.0402116910246,99841,1518,1012,101,56,76759,43756,1.2070692400917458,718,468,9861,15819,34821,25279,2980,7365,48253,38019,0,0,1550,78,797,3969,21730,6167,5906,0,0,38274,21293,8,69,0,0,0,0,0
805,5807,806.0971296097595,99840,1476,988,102,56,76947,43882,1.210226362179487,677,451,9970,15872,34809,25304,2965,7328,48265,38032,0,0,1533,77,794,3965,21817,6237,5885,0,0,38276,21179,8,69,0,0,0,0,0
806,5807,807.1555621189293,99840,1446,976,102,56,77113,44016,1.2132311698717948,682,420,10041,15958,34775,25307,2953,7282,48277,38044,0,0,1519,76,793,3964,21904,6300,5866,0,0,38260,21081,8,69,0,0,0,0,0
807,5807,808.2156294074804,99840,1397,957,102,56,77288,44150,1.2163261217948718,664,410,10137,16010,34753,25324,2946,7242,48289,38056,0,0,1506,76,789,3962,21997,6375,5837,0,0,38232,20989,8,69,0,0,0,0,0
808,5807,809.0118634540343,99840,1347,924,102,56,77416,44224,1.218349358974359,648,420,10220,16056,34738,25325,2944,7218,48301,38068,0,0,1492,74,788,3956,22077,6429,5819,0,0,38206,20922,8,69,0,0,0,0,0
809,5807,810.0751601158921,99838,1339,893,102,58,77614,44335,1.2214687794226646,605,392,10333,16122,34693,25341,2927,7193,48313,38080,0,0,1471,72,786,3964,22184,6486,5800,0,0,38151,20848,8,68,0,0,0,0,0
810,5807,811.1406934304047,99838,1309,882,102,58,77784,44448,1.2243033714617682,581,383,10441,16201,34654,25311,2912,7164,48325,38092,0,0,1459,72,781,3966,22245,6553,5772,0,0,38159,20755,8,68,0,0,0,0,0
811,5807,812.2085294954725,99838,1277,850,102,58,77947,44550,1.2269576714277128,564,388,10540,16271,34613,25314,2903,7118,48337,38104,0,0,1447,71,777,3963,22337,6614,5746,0,0,38134,20673,8,68,0,0,0,0,0
812,5807,813.010643342172,99838,1257,843,102,58,78062,44637,1.228980949137603,563,376,10604,16321,34580,25301,2893,7100,48349,38116,0,0,1441,71,773,3963,22402,6651,5717,0,0,38131,20613,8,68,0,0,0,0,0
813,5807,814.0814458691186,99838,1198,816,102,58,78199,44733,1.231314729862377,574,365,10678,16393,34569,25300,2878,7067,48361,38128,0,0,1430,71,770,3969,22484,6705,5684,0,0,38122,20527,8,68,0,0,0,0,0
814,5807,815.1537997933802,99837,1165,791,102,59,78330,44835,1.233660867213558,549,352,10798,16473,34516,25287,2869,7037,48373,38140,0,0,1422,71,767,3962,22582,6749,5659,0,0,38097,20453,8,67,0,0,0,0,0
815,5807,816.2287389220709,99837,1163,762,102,59,78492,44931,1.2362450794795516,529,333,10894,16568,34456,25264,2855,7013,48385,38151,0,0,1412,71,766,3964,22637,6811,5630,0,0,38094,20377,8,67,0,0,0,0,0
816,5807,817.0366285672961,99837,1145,744,102,59,78606,44995,1.238027985616555,510,338,10950,16612,34439,25250,2853,6996,48396,38162,0,0,1399,71,764,3959,22701,6848,5609,0,0,38082,20329,8,67,0,0,0,0,0
817,5807,818.1155949923501,99836,1119,717,103,59,78761,45093,1.2405745422492889,484,326,11073,16685,34378,25240,2842,6972,48407,38173,0,0,1386,71,762,3953,22783,6912,5592,0,0,38042,20260,8,67,0,0,0,0,0
818,5807,819.1970870978398,99836,1058,694,103,59,78878,45186,1.242677991906727,476,321,11169,16755,34354,25222,2839,6948,48418,38184,0,0,1378,70,759,3954,22864,6970,5567,0,0,38001,20198,8,67,0,0,0,0,0
819,5807,820.0094284226205,99836,1053,678,103,59,78975,45251,1.2443006530710365,480,309,11242,16827,34281,25203,2840,6923,48429,38195,0,0,1371,70,756,3948,22902,7009,5555,0,0,38008,20142,8,67,0,0,0,0,0
820,5807,821.0951054215569,99836,1017,661,103,59,79103,45326,1.2463339877398933,470,300,11332,16917,34243,25166,2834,6896,48440,38206,0,0,1362,70,753,3932,22985,7056,5536,0,0,37982,20086,8,66,0,0,0,0,0
821,5807,822.1827082934722,99836,996,633,103,59,79228,45421,1.2485376016667333,459,274,11413,16999,34198,25172,2830,6862,48451,38217,0,0,1354,69,752,3917,23066,7110,5517,0,0,37948,20029,8,66,0,0,0,0,0
822,5807,823.2726874646629,99835,974,596,103,60,79350,45478,1.2503430660589974,470,291,11502,17101,34132,25115,2818,6836,48462,38228,0,0,1345,69,749,3925,23136,7149,5491,0,0,37930,19968,8,65,0,0,0,0,0
823,5807,824.091664049426,99835,954,601,103,60,79446,45549,1.2520158261130865,452,274,11564,17184,34111,25076,2815,6804,48473,38239,0,0,1335,69,746,3916,23184,7187,5476,0,0,37919,19930,8,65,0,0,0,0,0
824,5807,825.1850397539936,99833,941,590,104,61,79572,45622,1.254034237176084,418,273,11664,17282,34062,25019,2810,6774,48484,38250,0,0,1325,68,743,3912,23261,7220,5460,0,0,37896,19875,8,65,0,0,0,0,0
825,5807,826.0066697660353,99833,929,569,104,61,79665,45671,1.2554566125429467,404,267,11757,17371,34010,24971,2795,6760,48495,38260,0,0,1318,68,741,3906,23308,7261,5442,0,0,37867,19849,8,65,0,0,0,0,0
826,5807,827.1048045957028,99832,877,563,105,61,79773,45756,1.2574024360926357,397,253,11855,17454,33971,24929,2794,6739,48506,38270,0,0,1308,68,741,3896,23362,7313,5424,0,0,37869,19778,8,65,0,0,0,0,0
827,5807,828.2048921454767,99832,868,529,105,61,79893,45814,1.259185431524962,383,257,11940,17527,33913,24908,2790,6717,48517,38280,0,0,1296,67,741,3896,23413,7355,5412,0,0,37859,19720,8,65,0,0,0,0,0
828,5807,829.0314658376556,99832,834,518,105,61,79978,45866,1.2605577369981569,396,259,12006,17583,33870,24871,2788,6707,48528,38290,0,0,1290,66,741,3890,23453,7397,5398,0,0,37851,19673,8,65,0,0,0,0,0
829,5807,830.1355427800544,99832,794,509,105,61,80079,45943,1.2623407324304832,386,240,12085,17665,33843,24840,2786,6684,48538,38300,0,0,1282,66,740,3888,23505,7440,5375,0,0,37849,19614,8,65,0,0,0,0,0
830,5807,831.24171884812,99832,776,491,105,61,80192,46008,1.2641237278628095,364,218,12200,17759,33778,24813,2776,6657,48548,38310,0,0,1266,65,738,3883,23552,7480,5363,0,0,37853,19559,8,65,0,0,0,0,0
831,5807,832.0731379949692,99832,772,483,105,61,80270,46055,1.2653758313967465,366,215,12280,17820,33709,24778,2767,6642,48558,38320,0,0,1259,65,736,3877,23591,7511,5351,0,0,37835,19534,8,65,0,0,0,0,0
832,5807,833.1843256143463,99832,740,456,105,61,80369,46116,1.2669785239201858,340,209,12415,17933,33643,24731,2756,6609,48568,38330,0,0,1253,65,735,3873,23646,7560,5333,0,0,37808,19486,8,65,0,0,0,0,0
833,5807,834.0199770752729,99832,734,444,105,61,80450,46154,1.268170526484494,320,213,12503,17995,33582,24694,2755,6592,48578,38340,0,0,1246,65,733,3866,23685,7591,5320,0,0,37792,19461,8,65,0,0,0,0,0
834,5807,835.1368592446993,99832,700,439,105,61,80532,46219,1.2696430002404038,328,190,12607,18076,33514,24662,2745,6571,48588,38350,0,0,1239,65,729,3855,23736,7631,5311,0,0,37775,19418,8,65,0,0,0,0,0
835,5807,836.2565171208635,99832,688,430,105,61,80628,46277,1.2711855917942143,307,182,12731,18172,33431,24603,2737,6551,48598,38360,0,0,1231,64,729,3849,23791,7661,5297,0,0,37761,19376,8,65,0,0,0,0,0
836,5807,837.0982918108095,99830,652,418,107,61,80686,46316,1.2721827106080337,312,182,12804,18234,33396,24566,2728,6538,48608,38370,0,0,1226,64,726,3845,23845,7687,5280,0,0,37734,19350,8,65,0,0,0,0,0
837,5807,838.2230840566025,99830,642,409,107,61,80783,46365,1.2736451968346187,292,182,12927,18345,33306,24495,2725,6507,48618,38379,0,0,1221,63,725,3838,23864,7732,5262,0,0,37740,19312,8,65,0,0,0,0,0
838,5807,839.0688153937466,99829,622,402,108,61,80834,46399,1.274509411092969,299,176,13014,18414,33236,24453,2720,6493,48628,38388,0,0,1215,63,725,3831,23906,7750,5254,0,0,37728,19285,8,64,0,0,0,0,0
839,5807,840.1994840673434,99829,607,381,108,61,80921,46439,1.2757815865129372,273,178,13116,18511,33176,24399,2719,6469,48638,38397,0,0,1210,63,724,3829,23945,7785,5235,0,0,37716,19250,8,64,0,0,0,0,0
840,5807,841.0494306789494,99829,609,367,108,61,80991,46475,1.2768434022177924,273,178,13218,18562,33081,24373,2710,6458,48648,38406,0,0,1203,63,724,3829,23977,7806,5220,0,0,37712,19223,8,64,0,0,0,0,0
841,5807,842.1860528245576,99829,591,359,108,61,81073,46522,1.2781356118963427,258,181,13325,18648,33009,24316,2708,6434,48658,38415,0,0,1193,63,723,3830,24005,7846,5204,0,0,37695,19198,8,64,0,0,0,0,0
842,5807,843.0405353354644,99828,562,339,109,61,81127,46545,1.2789197419561646,264,201,13414,18713,32943,24265,2707,6420,48668,38424,0,0,1186,63,723,3827,24026,7883,5191,0,0,37679,19178,8,64,0,0,0,0,0
843,5807,844.1830094261276,99827,540,337,110,61,81197,46604,1.2802247888847706,268,180,13527,18814,32856,24216,2698,6391,48677,38433,0,0,1183,63,723,3817,24057,7918,5171,0,0,37685,19138,8,64,0,0,0,0,0
844,5807,845.041986545536,99826,534,326,111,61,81263,46634,1.2811992867589606,256,171,13622,18903,32783,24160,2693,6378,48686,38442,0,0,1179,63,722,3812,24095,7937,5157,0,0,37676,19113,8,64,0,0,0,0,0
845,5807,846.19055349965,99826,524,343,111,61,81340,46689,1.2825215875623586,248,155,13733,18997,32690,24086,2693,6357,48695,38451,0,0,1170,63,720,3805,24125,7965,5148,0,0,37667,19091,8,64,0,0,0,0,0
846,5807,847.0541430936471,99826,502,333,111,61,81386,46719,1.2832829122673453,246,162,13798,19071,32653,24034,2689,6338,48704,38460,0,0,1163,62,719,3802,24160,7989,5137,0,0,37646,19077,8,63,0,0,0,0,0
847,5807,848.2078889472735,99826,486,335,111,61,81456,46774,1.2845350910584417,232,148,13921,19166,32570,23978,2679,6311,48713,38469,0,0,1154,62,717,3797,24188,8022,5129,0,0,37642,19044,8,63,0,0,0,0,0
848,5807,849.0754757054189,99826,466,325,111,61,81501,46804,1.2852863983330995,227,149,14000,19238,32516,23939,2679,6287,48722,38478,0,0,1150,62,717,3784,24221,8043,5121,0,0,37641,19016,8,63,0,0,0,0,0
849,5807,850.2351683283167,99826,457,332,111,61,81562,46856,1.2864183679602508,231,146,14120,19322,32412,23866,2668,6272,48731,38487,0,0,1146,62,713,3780,24256,8069,5108,0,0,37626,18995,8,63,0,0,0,0,0
850,5807,851.1073150560193,99826,439,338,111,61,81609,46893,1.2872598321078677,233,140,14223,19399,32323,23801,2670,6260,48740,38495,0,0,1141,62,711,3778,24282,8090,5093,0,0,37617,18981,8,63,0,0,0,0,0
851,5807,852.2740660390439,99826,429,319,111,61,81675,46937,1.2883617494440327,228,139,14341,19464,32226,23767,2664,6249,48749,38503,0,0,1140,62,711,3780,24312,8122,5074,0,0,37608,18946,8,63,0,0,0,0,0
852,5807,853.1517253334104,99826,431,334,111,61,81723,46975,1.289223248452307,233,130,14407,19526,32154,23712,2663,6236,48758,38511,0,0,1134,62,711,3774,24330,8137,5064,0,0,37610,18933,8,63,0,0,0,0,0
853,5807,854.0312823538101,99825,443,321,112,61,81784,47001,1.290107688454796,216,127,14508,19608,32060,23669,2660,6213,48767,38519,0,0,1130,60,711,3773,24356,8154,5053,0,0,37603,18914,8,63,0,0,0,0,0
854,5807,855.2080237964994,99824,440,303,113,61,81844,47046,1.291172463535823,214,129,14630,19700,31948,23616,2654,6190,48776,38527,0,0,1120,59,709,3771,24399,8176,5044,0,0,37586,18889,8,63,0,0,0,0,0
855,5807,856.0932764223061,99824,432,307,113,61,81892,47077,1.2919638563872415,200,134,14706,19748,31896,23564,2652,6185,48785,38535,0,0,1115,58,710,3767,24423,8195,5033,0,0,37576,18876,8,63,0,0,0,0,0
856,5807,857.2763394452721,99824,417,294,113,61,81947,47113,1.2928754608110273,203,124,14810,19852,31809,23495,2647,6173,48794,38543,0,0,1113,58,709,3765,24462,8224,5020,0,0,37544,18858,8,63,0,0,0,0,0
857,5807,858.165937339516,99824,407,298,113,61,81988,47145,1.2936067478762623,202,113,14891,19918,31739,23448,2647,6161,48803,38551,0,0,1105,58,708,3757,24464,8252,5016,0,0,37552,18842,8,62,0,0,0,0,0
858,5807,859.0575159841658,99824,400,287,113,61,82038,47168,1.294338034941497,188,114,14974,19991,31675,23403,2649,6143,48812,38559,0,0,1099,58,708,3754,24487,8272,5003,0,0,37546,18827,8,62,0,0,0,0,0
859,5807,860.2498976064279,99824,386,263,113,61,82091,47191,1.2950993748998236,188,115,15081,20085,31584,23352,2647,6123,48820,38567,0,0,1091,58,708,3748,24523,8291,4991,0,0,37539,18805,8,62,0,0,0,0,0
860,5807,861.1465708596697,99824,370,231,113,61,82135,47208,1.295710450392691,186,120,15163,20171,31526,23304,2641,6112,48828,38575,0,0,1087,58,706,3746,24546,8319,4978,0,0,37528,18786,8,62,0,0,0,0,0
861,5807,862.045205088514,99824,348,232,113,61,82166,47233,1.2962714377304054,189,123,15239,20242,31474,23241,2636,6100,48836,38583,0,0,1085,58,706,3750,24569,8332,4959,0,0,37526,18769,8,62,0,0,0,0,0
862,5807,863.246210732493,99824,353,225,113,61,82212,47270,1.2971029011059465,183,125,15356,20324,31365,23192,2629,6072,48844,38591,0,0,1079,57,705,3745,24593,8354,4956,0,0,37509,18756,8,62,0,0,0,0,0
863,5807,864.149739266709,99824,358,225,113,61,82256,47301,1.2978542234332424,173,112,15442,20390,31285,23153,2628,6058,48852,38599,0,0,1076,57,705,3744,24610,8368,4946,0,0,37510,18738,8,62,0,0,0,0,0
864,5807,865.0555856177974,99824,342,216,113,61,82294,47322,1.2984452636640487,169,119,15530,20449,31218,23101,2627,6053,48860,38607,0,0,1071,57,704,3738,24624,8390,4941,0,0,37512,18717,8,62,0,0,0,0,0
865,5807,866.2671340386329,99824,348,211,113,61,82355,47351,1.299346850456804,148,118,15666,20557,31100,23024,2624,6028,48868,38615,0,0,1069,57,702,3730,24653,8408,4929,0,0,37508,18698,8,62,0,0,0,0,0
866,5807,867.1788177998213,99824,337,202,113,61,82384,47376,1.2998878025324572,158,118,15756,20622,31015,22986,2620,6010,48876,38622,0,0,1065,57,702,3730,24665,8424,4916,0,0,37516,18679,8,62,0,0,0,0,0
867,5807,868.0930219087917,99824,333,196,113,61,82423,47397,1.300488860394294,149,117,15828,20706,30956,22925,2620,5994,48884,38629,0,0,1059,57,702,3731,24679,8439,4905,0,0,37516,18666,8,62,0,0,0,0,0
868,5807,869.0093063374188,99824,319,188,113,61,82453,47421,1.301029812469947,151,109,15908,20787,30886,22880,2622,5974,48892,38636,0,0,1058,57,701,3726,24710,8451,4894,0,0,37507,18650,8,62,0,0,0,0,0
869,5807,870.2345045760565,99824,311,195,113,61,82501,47465,1.3019514345247636,138,92,16022,20884,30801,22814,2614,5953,48900,38643,0,0,1054,57,701,3718,24733,8472,4884,0,0,37503,18632,8,62,0,0,0,0,0
870,5807,871.1557588619752,99824,299,190,113,61,82532,47485,1.302462333707325,139,91,16105,20960,30730,22757,2613,5940,48908,38650,0,0,1050,57,700,3712,24762,8481,4874,0,0,37499,18619,8,62,0,0,0,0,0
871,5807,872.0791877415528,99824,292,178,113,61,82565,47509,1.30303333867607,139,89,16193,21024,30652,22725,2610,5922,48916,38657,0,0,1043,57,700,3714,24780,8503,4864,0,0,37479,18614,8,62,0,0,0,0,0
872,5807,873.005136532716,99824,271,179,113,61,82592,47533,1.3035442378586313,139,78,16274,21108,30593,22662,2609,5911,48924,38664,0,0,1041,56,699,3714,24797,8519,4847,0,0,37480,18601,8,62,0,0,0,0,0
873,5807,874.2433040543607,99824,261,174,113,61,82628,47555,1.3041252604584068,130,78,16418,21226,30474,22572,2603,5888,48932,38671,0,0,1036,56,699,3708,24815,8540,4841,0,0,37466,18593,8,62,0,0,0,0,0
874,5807,875.17548626045,99824,256,165,113,61,82656,47571,1.3045660362237539,132,70,16512,21315,30392,22524,2594,5864,48940,38678,0,0,1030,56,699,3704,24822,8554,4834,0,0,37476,18579,8,62,0,0,0,0,0
875,5807,876.110078949408,99824,264,152,113,61,82691,47586,1.3050669177752845,126,69,16602,21413,30304,22464,2590,5840,48948,38685,0,0,1025,56,699,3704,24837,8566,4825,0,0,37470,18572,8,62,0,0,0,0,0
876,5807,877.0474075611784,99824,260,146,113,61,82727,47606,1.3056279051129989,110,63,16684,21488,30241,22409,2591,5832,48956,38692,0,0,1024,56,699,3700,24841,8589,4814,0,0,37472,18559,8,62,0,0,0,0,0
877,5807,878.3007182329164,99824,257,142,113,61,82767,47627,1.3062389806058663,106,66,16793,21594,30141,22324,2589,5812,48964,38699,0,0,1023,56,698,3695,24858,8607,4802,0,0,37466,18549,8,62,0,0,0,0,0
878,5807,879.2436281972866,99824,236,143,113,61,82789,47643,1.3066196505850296,117,63,16886,21673,30059,22261,2588,5798,48971,38706,0,0,1016,56,698,3681,24877,8621,4801,0,0,37460,18544,8,62,0,0,0,0,0
879,5807,880.1891745131369,99824,233,135,113,61,82816,47652,1.3069802853021317,109,67,16975,21739,29982,22213,2587,5784,48978,38713,0,0,1011,56,698,3672,24897,8627,4797,0,0,37463,18533,8,62,0,0,0,0,0
880,5807,881.137355805648,99824,234,126,113,61,82842,47662,1.3073409200192339,109,71,17062,21812,29890,22161,2591,5768,48985,38720,0,0,1007,56,696,3672,24908,8638,4789,0,0,37464,18524,8,62,0,0,0,0,0
881,5807,882.0883689087814,99823,230,125,114,61,82863,47679,1.3077346904020115,111,72,17141,21883,29814,22099,2589,5759,48992,38727,0,0,1004,56,695,3674,24908,8652,4778,0,0,37471,18515,8,62,0,0,0,0,0
882,5807,883.0418199627389,99823,229,127,114,61,82891,47697,1.308195506045701,100,61,17221,21975,29750,22028,2585,5747,48999,38734,0,0,1004,55,696,3673,24928,8661,4767,0,0,37463,18506,8,62,0,0,0,0,0
883,5807,884.3167059550791,99823,220,126,114,61,82919,47720,1.308706410346313,97,55,17351,22077,29637,21962,2580,5718,49006,38741,0,0,1002,55,696,3669,24940,8679,4761,0,0,37459,18492,8,62,0,0,0,0,0
884,5807,885.2760979131081,99823,201,120,114,61,82939,47731,1.309016960019234,99,57,17443,22162,29568,21897,2574,5702,49013,38747,0,0,1001,55,696,3668,24949,8696,4748,0,0,37455,18485,8,62,0,0,0,0,0
885,5807,886.2380128521871,99823,201,106,114,61,82971,47741,1.309437704737385,87,59,17527,22235,29497,21849,2573,5689,49020,38753,0,0,995,55,696,3664,24959,8710,4744,0,0,37456,18474,8,62,0,0,0,0,0
886,5807,887.2026452664328,99823,187,99,114,61,82986,47750,1.3096781302906144,95,56,17626,22306,29410,21795,2567,5682,49027,38759,0,0,991,55,696,3662,24973,8718,4735,0,0,37458,18465,8,62,0,0,0,0,0
887,5807,888.1699293955008,99822,182,101,115,61,83008,47764,1.3100518923684157,94,53,17717,22384,29327,21731,2564,5669,49034,38765,0,0,988,55,696,3660,24980,8730,4727,0,0,37455,18461,8,62,0,0,0,0,0
888,5807,889.1401053353719,99822,181,101,115,61,83028,47778,1.3103924986475928,90,43,17810,22447,29238,21684,2565,5663,49041,38771,0,0,982,55,695,3659,24992,8737,4718,0,0,37450,18464,8,62,0,0,0,0,0
889,5807,890.1134263953626,99822,173,97,115,61,83041,47789,1.3106329266093646,90,41,17908,22535,29148,21612,2565,5653,49048,38777,0,0,979,55,695,3656,25001,8747,4711,0,0,37448,18460,8,62,0,0,0,0,0
890,5807,891.0900036240832,99822,160,94,115,61,83057,47800,1.3109034080663582,89,36,18014,22622,29059,21551,2562,5635,49055,38783,0,0,976,54,694,3652,25013,8758,4706,0,0,37444,18455,8,62,0,0,0,0,0
891,5807,892.0696319663026,99822,161,84,115,61,83078,47806,1.3111738895233516,84,40,18115,22692,28966,21497,2558,5625,49062,38789,0,0,974,53,694,3646,25036,8762,4700,0,0,37436,18451,8,62,0,0,0,0,0
892,5807,893.0524728858791,99822,162,82,115,61,83101,47817,1.3115144958025284,77,31,18208,22777,28886,21436,2551,5612,49069,38795,0,0,972,53,694,3642,25047,8770,4693,0,0,37438,18443,8,62,0,0,0,0,0
893,5807,894.0381677644774,99822,158,82,115,61,83119,47828,1.311805012923003,78,32,18308,22836,28792,21386,2548,5602,49076,38801,0,0,967,53,693,3637,25061,8776,4688,0,0,37436,18441,8,62,0,0,0,0,0
894,5807,895.0270903822711,99822,154,79,115,61,83138,47836,1.3120754943799964,78,29,18403,22908,28704,21331,2545,5591,49083,38807,0,0,962,53,693,3632,25067,8786,4683,0,0,37439,18437,8,62,0,0,0,0,0
895,5807,896.0191366030119,99822,147,77,115,61,83155,47843,1.3123159223417684,76,36,18522,22980,28602,21264,2537,5581,49090,38813,0,0,961,53,693,3629,25077,8794,4675,0,0,37438,18432,8,62,0,0,0,0,0
896,5807,897.0148030693285,99822,146,77,115,61,83175,47851,1.3125964216305024,71,33,18624,23057,28514,21201,2529,5570,49097,38819,0,0,956,53,693,3629,25079,8803,4668,0,0,37441,18430,8,62,0,0,0,0,0
897,5807,898.0136974084689,99822,140,82,115,61,83196,47860,1.3128969565827173,64,34,18738,23146,28418,21121,2524,5555,49104,38825,0,0,952,53,693,3629,25082,8814,4658,0,0,37441,18430,8,62,0,0,0,0,0
898,5807,899.0159829372608,99822,126,79,115,61,83212,47870,1.31315742020797,59,33,18836,23210,28343,21067,2520,5549,49111,38831,0,0,948,53,693,3625,25093,8825,4652,0,0,37437,18426,8,62,0,0,0,0,0
899,5807,900.0211391025236,99822,119,80,115,61,83221,47877,1.313317705515818,81,58,18884,23259,28283,21011,2517,5530,49111,38831,0,0,948,53,693,3622,25100,8829,4652,0,0,37433,18422,8,62,0,0,0,0,0
900,5807,900.0211391025236,99822,112,84,115,61,83226,47884,1.313437919496704,79,56,18927,23287,28250,20988,2516,5523,49111,38831,0,0,948,53,693,3622,25105,8831,4651,0,4,37427,18418,8,62,0,0,0,0,0
901,5807,901.0293210749147,99822,110,80,115,61,83241,47899,1.313738454448919,78,57,19028,23385,28161,20925,2507,5491,49111,38831,0,0,947,53,693,3621,25117,8838,4650,1,10,37410,18412,8,62,0,0,0,0,0
902,5807,902.0406815459883,99822,113,85,115,61,83262,47917,1.3141291498867984,73,48,19135,23456,28066,20875,2497,5474,49111,38831,0,0,947,53,692,3621,25132,8841,4648,1,14,37395,18408,8,62,0,0,0,0,0
903,5807,903.055477392215,99822,111,84,115,61,83278,47931,1.3144296848390133,72,46,19214,23540,27997,20821,2490,5447,49111,38831,0,0,946,53,692,3618,25145,8847,4648,2,19,37379,18403,8,62,0,0,0,0,0
904,5807,904.0730445553368,99821,119,85,115,62,83300,47946,1.3148135161939873,66,45,19307,23635,27913,20752,2479,5420,49111,38831,0,0,946,53,691,3617,25157,8849,4646,2,26,37369,18395,8,62,0,0,0,0,0
905,5807,905.0935737257316,99821,110,86,115,62,83314,47961,1.3151040362248425,68,45,19405,23723,27835,20689,2466,5394,49111,38831,0,0,945,52,690,3618,25153,8863,4644,3,31,37362,18390,8,62,0,0,0,0,0
906,5807,906.1171242514879,99821,121,83,115,62,83342,47970,1.3154746997124853,60,46,19518,23799,27729,20636,2456,5373,49111,38831,0,0,944,52,690,3615,25161,8869,4643,4,38,37352,18383,8,62,0,0,0,0,0
907,5807,907.1444941964605,99821,123,82,115,62,83363,47984,1.3158253273359313,59,40,19624,23880,27641,20577,2437,5358,49111,38831,0,0,943,52,690,3618,25169,8876,4639,5,44,37338,18377,8,62,0,0,0,0,0
908,5807,908.1752321916186,99821,120,79,115,62,83377,47999,1.3161158473667864,60,37,19712,23971,27565,20519,2427,5331,49111,38831,0,0,943,52,689,3620,25175,8883,4635,5,54,37328,18367,8,62,0,0,0,0,0
909,5807,909.2090730647648,99821,119,70,115,62,83397,48006,1.316386331533445,54,38,19819,24059,27473,20453,2419,5317,49111,38831,0,0,943,51,689,3620,25185,8889,4635,5,66,37313,18355,8,62,0,0,0,0,0
910,5807,910.2462486024128,99821,119,64,115,62,83409,48012,1.316566654311217,63,45,19899,24146,27398,20382,2405,5300,49111,38831,0,0,942,51,689,3620,25186,8895,4634,6,73,37307,18348,8,62,0,0,0,0,0
911,5807,911.2861792755189,99821,119,66,115,62,83424,48024,1.3168371384778754,63,39,19998,24240,27306,20313,2398,5279,49111,38831,0,0,942,51,689,3619,25187,8903,4633,6,80,37300,18341,8,62,0,0,0,0,0
912,5807,912.3295201029363,99821,113,66,115,62,83435,48031,1.3170174612556476,71,41,20092,24325,27216,20247,2392,5258,49111,38831,0,0,941,51,689,3620,25200,8905,4629,7,82,37288,18339,8,62,0,0,0,0,0
913,5807,913.0270547163558,99821,113,66,115,62,83446,48039,1.3172078019655182,73,38,20148,24390,27161,20204,2389,5239,49111,38831,0,0,941,51,689,3621,25205,8909,4628,7,87,37279,18334,8,62,0,0,0,0,0
914,5807,914.0760009840259,99821,126,59,115,62,83471,48043,1.3174983219963734,63,47,20250,24459,27064,20152,2381,5220,49111,38831,0,0,941,51,689,3622,25202,8915,4627,7,95,37276,18326,8,62,0,0,0,0,0
915,5807,915.1284746998899,99821,126,61,115,62,83495,48054,1.3178489496198196,56,47,20337,24551,26989,20073,2376,5205,49111,38831,0,0,941,51,689,3622,25208,8923,4624,7,101,37265,18320,8,62,0,0,0,0,0
916,5807,916.1842710031631,99821,120,67,115,62,83507,48067,1.3180993979222808,63,42,20458,24619,26880,20020,2363,5189,49111,38831,0,0,941,51,689,3622,25212,8930,4623,7,105,37255,18316,8,62,0,0,0,0,0
917,5807,917.2442257006801,99821,119,63,115,62,83526,48073,1.3183498462247423,55,47,20565,24711,26794,19955,2351,5161,49111,38831,0,0,941,51,689,3624,25212,8941,4619,7,109,37246,18312,8,62,0,0,0,0,0
918,5807,918.307733373453,99821,112,61,115,62,83536,48084,1.3185602227988098,59,45,20664,24797,26709,19892,2340,5142,49111,38831,0,0,941,51,689,3623,25212,8953,4619,7,113,37235,18308,8,62,0,0,0,0,0
919,5807,919.0186605308555,99821,113,63,115,62,83547,48092,1.3187505635086805,53,42,20732,24859,26648,19843,2338,5130,49111,38831,0,0,941,51,688,3623,25218,8954,4617,7,118,37231,18303,8,62,0,0,0,0,0
920,5807,920.0878968536198,99821,107,64,115,62,83564,48102,1.3190210476753388,57,42,20819,24944,26576,19780,2325,5107,49111,38831,0,0,941,51,688,3624,25223,8962,4615,7,124,37219,18297,8,62,0,0,0,0,0
921,5807,921.1601127139884,99821,106,65,115,62,83574,48109,1.3191913525210126,65,51,20901,25039,26497,19701,2315,5081,49111,38831,0,0,941,50,688,3624,25227,8965,4615,7,128,37213,18293,8,62,0,0,0,0,0
922,5807,922.2353837301393,99821,102,65,115,62,83587,48119,1.3194217649592772,63,52,20991,25109,26423,19650,2305,5061,49111,38831,0,0,941,50,688,3624,25228,8974,4613,7,134,37205,18287,8,62,0,0,0,0,0
923,5807,923.3139133175159,99821,108,64,115,62,83604,48128,1.319682231193837,63,49,21098,25195,26328,19583,2287,5046,49111,38831,0,0,941,50,688,3622,25234,8977,4612,7,142,37199,18279,8,62,0,0,0,0,0
924,5807,924.0349048204791,99821,107,66,115,62,83617,48135,1.3198825898358062,63,51,21174,25258,26261,19530,2279,5032,49111,38831,0,0,941,50,688,3627,25236,8980,4607,7,145,37194,18276,8,62,0,0,0,0,0
925,5807,925.1198199390075,99821,103,65,115,62,83633,48144,1.3201330381382674,63,51,21260,25329,26187,19470,2271,5022,49111,38831,0,0,941,50,688,3631,25244,8984,4603,7,151,37182,18270,8,62,0,0,0,0,0
926,5807,926.2078957674454,99821,105,64,115,62,83648,48155,1.3203935043728274,70,53,21339,25406,26104,19409,2266,5005,49111,38831,0,0,941,50,688,3634,25251,8987,4598,7,157,37174,18264,8,62,0,0,0,0,0
927,5807,927.2995486884105,99821,111,71,115,62,83669,48170,1.3207541499283717,61,52,21463,25505,25997,19333,2252,4976,49111,38831,0,0,941,50,688,3636,25253,8992,4596,7,164,37167,18257,8,62,0,0,0,0,0
928,5807,928.0296945535813,99821,112,78,115,62,83683,48180,1.3209945802987348,55,49,21522,25562,25949,19288,2246,4960,49111,38831,0,0,939,50,687,3635,25257,8995,4596,9,166,37162,18255,8,62,0,0,0,0,0
929,5807,929.1277716788858,99821,110,92,115,62,83700,48202,1.3213852796505745,56,36,21612,25647,25866,19221,2240,4941,49111,38831,0,0,939,50,687,3635,25256,9004,4594,9,170,37156,18251,8,62,0,0,0,0,0
930,5807,930.2291618590968,99821,102,86,115,62,83713,48211,1.3216056741567406,60,39,21707,25739,25785,19150,2230,4923,49111,38831,0,0,938,50,687,3635,25262,9014,4592,10,177,37142,18244,8,62,0,0,0,0,0
931,5807,931.3343641672585,99821,104,80,115,62,83727,48219,1.3218260686629066,66,45,21804,25804,25692,19102,2218,4906,49111,38831,0,0,938,50,687,3635,25267,9020,4591,10,185,37132,18236,8,62,0,0,0,0,0
932,5807,932.0732020126371,99821,111,78,115,62,83745,48223,1.3220464631690727,61,50,21871,25861,25629,19057,2212,4891,49111,38831,0,0,938,50,687,3635,25268,9024,4590,10,192,37128,18229,8,62,0,0,0,0,0
933,5807,933.1848416877582,99821,105,74,115,62,83762,48233,1.322316947335731,60,44,21963,25964,25556,18984,2200,4871,49111,38831,0,0,937,50,687,3636,25279,9032,4588,11,199,37110,18222,8,62,0,0,0,0,0
934,5807,934.299895666011,99821,104,69,115,62,83781,48245,1.322627503230783,55,43,22062,26055,25472,18920,2191,4850,49111,38831,0,0,936,50,687,3635,25294,9038,4586,12,205,37092,18216,8,62,0,0,0,0,0
935,5807,935.0452559883147,99821,105,67,115,62,83788,48250,1.3227477184159646,62,45,22127,26113,25402,18871,2188,4841,49111,38831,0,0,936,50,687,3634,25297,9041,4586,12,209,37087,18212,8,62,0,0,0,0,0
936,5807,936.1668857124428,99821,101,75,115,62,83802,48263,1.323018202582623,66,44,22224,26198,25316,18797,2177,4823,49111,38831,0,0,936,50,687,3632,25311,9043,4586,12,213,37073,18208,8,62,0,0,0,0,0
937,5807,937.2923493282772,99821,95,76,115,62,83817,48275,1.3232886867492812,65,37,22329,26288,25227,18736,2168,4800,49111,38831,0,0,935,50,687,3630,25318,9051,4584,13,216,37062,18205,8,62,0,0,0,0,0
938,5807,938.0448787582892,99821,96,73,115,62,83827,48278,1.3234189198665611,65,40,22395,26349,25164,18688,2164,4787,49111,38831,0,0,935,50,687,3630,25316,9057,4584,13,220,37058,18201,8,62,0,0,0,0,0
939,5807,939.1771780713323,99821,97,81,115,62,83848,48295,1.3237996012863025,58,37,22496,26428,25080,18617,2153,4774,49111,38831,0,0,935,50,687,3628,25320,9064,4582,13,226,37051,18195,8,62,0,0,0,0,0
940,5807,940.3134232485237,99821,91,79,115,62,83860,48305,1.3240199957924685,62,34,22581,26499,25002,18569,2148,4756,49111,38831,0,0,935,50,687,3627,25324,9072,4580,13,232,37042,18189,8,62,0,0,0,0,0
941,5807,941.0729015540985,99821,91,81,115,62,83870,48316,1.324230372366536,66,28,22637,26563,24948,18528,2142,4737,49111,38831,0,0,935,50,687,3628,25323,9078,4579,13,237,37037,18184,8,62,0,0,0,0,0
942,5807,942.21510618492,99821,95,74,115,62,83895,48323,1.3245509461936866,63,37,22733,26653,24859,18463,2134,4710,49111,38831,0,0,934,50,687,3630,25332,9083,4576,14,245,37024,18176,8,62,0,0,0,0,0
943,5807,943.3613900801917,99821,98,77,115,62,83917,48338,1.3249216096813297,54,32,22805,26748,24800,18384,2127,4696,49111,38831,0,0,934,50,686,3630,25341,9091,4575,14,249,37009,18172,8,62,0,0,0,0,0
944,5807,944.1271257548996,99821,100,79,115,62,83926,48345,1.325081896594905,59,32,22868,26802,24737,18345,2120,4679,49111,38831,0,0,934,50,686,3630,25347,9092,4574,14,252,37003,18169,8,62,0,0,0,0,0
945,5807,945.2791429531594,99821,101,83,115,62,83937,48362,1.3253623986936616,69,30,22962,26882,24641,18280,2111,4662,49111,38831,0,0,934,50,686,3630,25352,9098,4574,14,257,36992,18164,8,62,0,0,0,0,0
946,5807,946.0496843698596,99821,103,83,115,62,83948,48370,1.3255527394035322,70,28,23027,26933,24579,18240,2105,4653,49111,38831,0,0,934,50,686,3631,25357,9102,4573,14,260,36983,18161,8,62,0,0,0,0,0
947,5807,947.208760168804,99821,109,80,115,62,83968,48379,1.3258432594343876,64,26,23129,27008,24488,18188,2094,4635,49111,38831,0,0,934,50,686,3631,25370,9104,4571,14,267,36970,18154,8,62,0,0,0,0,0
948,5807,948.3721229384623,99821,111,77,115,62,83982,48390,1.3260937077368489,70,19,23195,27070,24422,18144,2086,4627,49111,38831,0,0,934,50,685,3628,25381,9108,4571,14,273,36959,18148,8,62,0,0,0,0,0
949,5807,949.3378293683078,99821,107,75,115,62,84000,48396,1.326334138107212,69,28,23306,27151,24331,18079,2071,4604,49111,38831,0,0,931,50,685,3629,25384,9116,4570,17,279,36948,18142,8,62,0,0,0,0,0
950,5807,950.118075189467,99821,111,71,115,62,84017,48400,1.3265445146812795,64,29,23362,27190,24282,18048,2065,4599,49111,38831,0,0,931,50,685,3630,25388,9122,4569,17,282,36938,18139,8,62,0,0,0,0,0
951,5807,951.2914105498901,99821,104,71,115,62,84030,48409,1.3267649091874456,79,31,23437,27266,24210,17985,2054,4584,49111,38831,0,0,930,50,685,3631,25386,9133,4567,18,286,36930,18135,8,62,0,0,0,0,0
952,5807,952.0754841984774,99821,105,65,115,62,84047,48416,1.3270053395578085,73,40,23498,27311,24159,17949,2049,4572,49111,38831,0,0,930,50,685,3630,25390,9141,4565,18,293,36921,18128,8,62,0,0,0,0,0
953,5807,953.2548466686618,99820,108,69,116,62,84066,48432,1.3273692646764175,70,40,23601,27396,24061,17883,2043,4549,49111,38831,0,0,930,50,684,3631,25400,9147,4563,18,296,36906,18125,8,62,0,0,0,0,0
954,5807,954.0436418146312,99820,103,65,116,62,84074,48435,1.3274794630334603,80,41,23645,27435,24019,17853,2036,4543,49111,38831,0,0,930,50,684,3631,25407,9151,4562,18,299,36896,18122,8,62,0,0,0,0,0
955,5807,955.2298955677494,99820,102,61,116,62,84097,48448,1.3278401122019636,73,38,23739,27516,23946,17796,2023,4526,49111,38831,0,0,930,50,684,3632,25417,9159,4560,18,311,36879,18110,8,62,0,0,0,0,0
956,5807,956.0226924110838,99820,108,66,116,62,84113,48458,1.3281005810458826,67,40,23791,27572,23898,17750,2019,4509,49111,38831,0,0,930,50,684,3631,25423,9162,4559,18,313,36872,18108,8,62,0,0,0,0,0
957,5807,957.2151429381406,99820,102,59,116,62,84129,48465,1.3283309957924263,66,48,23903,27642,23804,17702,2008,4486,49111,38831,0,0,930,50,684,3630,25434,9170,4558,18,318,36856,18103,8,61,0,0,0,0,0
958,5807,958.01035851634,99820,105,64,116,62,84143,48474,1.3285614105389703,64,46,23963,27691,23753,17661,1998,4475,49111,38831,0,0,929,50,684,3630,25437,9174,4558,19,319,36849,18102,8,61,0,0,0,0,0
959,5807,959.1993998577727,99820,99,64,116,62,84161,48489,1.3288920056100981,58,46,24050,27774,23686,17597,1990,4456,49111,38831,0,0,928,50,684,3629,25444,9186,4558,20,324,36831,18097,8,61,0,0,0,0,0
960,5807,960.3841213818404,99820,100,66,116,62,84178,48502,1.329192546583851,66,50,24133,27853,23596,17533,1988,4435,49111,38831,0,0,928,50,682,3628,25444,9195,4558,20,331,36825,18090,8,61,0,0,0,0,0
961,5807,961.1716327636794,99820,99,74,116,62,84188,48517,1.3294429973953115,62,43,24205,27899,23532,17495,1985,4426,49111,38831,0,0,928,50,682,3627,25455,9196,4556,20,334,36816,18087,8,61,0,0,0,0,0
962,5807,962.3489032062687,99820,98,78,116,62,84200,48527,1.329663394109397,73,47,24290,27981,23445,17427,1977,4404,49111,38831,0,0,927,50,682,3628,25463,9198,4553,21,335,36808,18086,8,61,0,0,0,0,0
963,5807,963.131337950147,99820,99,78,116,62,84211,48534,1.3298437186936485,71,44,24342,28036,23401,17387,1970,4392,49111,38831,0,0,927,50,681,3628,25465,9205,4553,21,336,36800,18085,8,61,0,0,0,0,0
964,5807,964.3014384181122,99820,96,81,116,62,84226,48545,1.3301041875375677,71,43,24443,28102,23312,17335,1961,4376,49111,38831,0,0,926,50,681,3631,25469,9208,4549,22,343,36794,18078,8,61,0,0,0,0,0
965,5807,965.0789119257042,99820,97,83,116,62,84238,48553,1.3303045481867362,64,45,24503,28148,23262,17303,1957,4358,49111,38831,0,0,925,50,681,3632,25470,9213,4548,23,347,36788,18074,8,61,0,0,0,0,0
966,5807,966.2417318274224,99820,96,84,116,62,84261,48565,1.330655179322781,64,48,24569,28237,23204,17226,1950,4342,49111,38831,0,0,924,50,680,3632,25468,9224,4547,24,356,36781,18065,8,61,0,0,0,0,0
967,5807,967.0152010686563,99820,100,81,116,62,84276,48572,1.3308755760368665,55,46,24628,28297,23155,17184,1945,4329,49111,38831,0,0,924,50,680,3632,25467,9232,4546,24,361,36775,18060,8,61,0,0,0,0,0
968,5807,968.1718026241667,99820,108,76,116,62,84292,48585,1.3311660989781606,63,45,24718,28368,23059,17142,1935,4306,49111,38831,0,0,923,50,680,3632,25471,9237,4545,25,370,36767,18051,8,61,0,0,0,0,0
969,5807,969.3242676633233,99820,113,65,116,62,84308,48592,1.3313965137247046,67,51,24784,28428,22994,17103,1925,4290,49111,38831,0,0,923,50,680,3636,25473,9244,4540,25,377,36759,18044,8,61,0,0,0,0,0
970,5807,970.0908262401092,99820,107,67,116,62,84312,48604,1.3315568022440392,75,43,24838,28484,22949,17065,1914,4278,49111,38831,0,0,923,50,679,3637,25476,9250,4539,25,381,36751,18040,8,61,0,0,0,0,0
971,5807,971.2376168431354,99820,109,64,116,62,84334,48612,1.331857343217792,66,46,24922,28560,22880,17009,1906,4258,49111,38831,0,0,923,50,679,3641,25485,9256,4535,25,385,36736,18036,8,61,0,0,0,0,0
972,5807,972.0000836573628,99820,105,61,116,62,84348,48618,1.3320577038669605,60,49,24973,28594,22843,16984,1902,4249,49111,38831,0,0,922,50,679,3641,25486,9265,4534,26,389,36727,18032,8,61,0,0,0,0,0
973,5807,973.140825097674,99820,101,63,116,62,84364,48634,1.3323782809056302,59,46,25050,28663,22777,16935,1896,4230,49111,38831,0,0,921,50,679,3644,25485,9275,4530,27,398,36719,18023,8,61,0,0,0,0,0
974,5807,974.2781447812984,99820,102,65,116,62,84387,48647,1.3327389300741335,48,38,25152,28749,22698,16869,1883,4216,49111,38831,0,0,919,50,679,3645,25488,9283,4528,29,406,36709,18015,8,61,0,0,0,0,0
975,5807,975.0340437224046,99820,99,64,116,62,84398,48657,1.3329493087557605,51,33,25213,28787,22642,16850,1878,4203,49111,38831,0,0,916,50,679,3646,25497,9284,4527,32,414,36699,18007,8,61,0,0,0,0,0
976,5807,976.1642130630526,99820,101,60,116,62,84416,48662,1.3331797235023042,43,38,25313,28872,22556,16785,1870,4182,49111,38831,0,0,916,50,679,3651,25504,9288,4522,32,418,36688,18003,8,61,0,0,0,0,0
977,5807,977.2901720705854,99820,96,66,116,62,84430,48674,1.3334401923462231,43,34,25396,28961,22488,16710,1860,4166,49111,38831,0,0,915,50,679,3654,25507,9295,4518,33,421,36679,18000,8,61,0,0,0,0,0
978,5807,978.0386685053219,99820,99,67,116,62,84439,48679,1.3335804448006412,48,33,25434,28997,22445,16685,1857,4155,49111,38831,0,0,915,50,679,3654,25504,9300,4518,33,423,36677,17998,8,61,0,0,0,0,0
979,5807,979.1590207225297,99820,95,67,116,62,84450,48692,1.3338208775796434,48,34,25537,29058,22354,16647,1849,4131,49111,38831,0,0,915,50,678,3655,25513,9304,4517,33,432,36665,17989,8,61,0,0,0,0,0
980,5807,980.2750397785231,99820,88,61,116,62,84458,48701,1.3339911841314367,52,41,25614,29129,22284,16599,1845,4107,49111,38831,0,0,915,50,678,3657,25519,9310,4516,32,441,36653,17980,8,61,0,0,0,0,0
981,5807,981.0170973544001,99820,88,68,116,62,84467,48714,1.334211580845522,54,34,25680,29183,22222,16556,1839,4096,49111,38831,0,0,915,50,678,3655,25522,9313,4516,32,446,36649,17975,8,61,0,0,0,0,0
982,5807,982.1268561997289,99820,93,66,116,62,84484,48724,1.3344820677218994,55,39,25745,29242,22162,16515,1828,4075,49111,38831,0,0,915,50,678,3656,25528,9318,4514,32,451,36639,17970,8,61,0,0,0,0,0
983,5807,983.2336136581549,99820,95,70,116,62,84499,48735,1.3347425365658185,56,42,25824,29304,22085,16468,1823,4053,49111,38831,0,0,914,50,678,3657,25535,9320,4512,33,457,36631,17964,8,61,0,0,0,0,0
984,5807,984.3369357080043,99820,91,77,116,62,84510,48748,1.3349829693448207,61,40,25891,29360,22026,16425,1814,4035,49111,38831,0,0,914,50,677,3656,25541,9324,4511,33,461,36624,17960,8,61,0,0,0,0,0
985,5807,985.0708685729096,99820,84,80,116,62,84516,48756,1.3351232217992386,74,41,25925,29396,21988,16394,1812,4026,49111,38831,0,0,914,50,677,3657,25545,9329,4510,33,463,36615,17958,8,61,0,0,0,0,0
986,5807,986.1697488614641,99820,80,83,116,62,84532,48764,1.3353636545782408,75,43,26008,29453,21914,16344,1806,4014,49111,38831,0,0,914,50,677,3657,25546,9336,4508,33,468,36609,17953,8,61,0,0,0,0,0
987,5807,987.2652152953372,99820,82,79,116,62,84550,48775,1.3356541775195352,69,43,26070,29506,21860,16305,1802,4004,49111,38831,0,0,914,50,677,3657,25555,9341,4505,33,477,36598,17944,8,61,0,0,0,0,0
988,5807,988.3577633736201,99820,95,72,116,62,84574,48783,1.3359747545582048,60,41,26153,29569,21777,16262,1798,3993,49111,38831,0,0,914,50,676,3658,25568,9344,4504,33,483,36583,17938,8,61,0,0,0,0,0
989,5807,989.0843521203992,99820,90,72,116,62,84579,48791,1.3361049889801644,63,42,26209,29612,21725,16226,1796,3985,49111,38831,0,0,914,50,676,3660,25572,9347,4501,33,488,36577,17933,8,61,0,0,0,0,0
990,5807,990.1715171641792,99820,92,65,116,62,84596,48798,1.3363454217591666,65,50,26280,29679,21659,16183,1787,3960,49111,38831,0,0,914,50,676,3661,25576,9355,4499,33,494,36566,17927,8,61,0,0,0,0,0
991,5807,991.2554857058515,99820,97,73,116,62,84615,48816,1.3367160889601282,58,46,26361,29748,21583,16120,1784,3950,49111,38831,0,0,913,50,676,3661,25576,9362,4497,34,499,36561,17922,8,61,0,0,0,0,0
992,5807,992.336192875526,99820,101,74,116,62,84629,48828,1.3369765578040473,66,49,26444,29815,21493,16062,1779,3937,49111,38831,0,0,912,50,676,3663,25579,9366,4495,35,505,36554,17916,8,61,0,0,0,0,0
993,5807,993.0547345908499,99820,104,75,116,62,84639,48837,1.3371669004207574,66,51,26495,29851,21443,16031,1775,3929,49111,38831,0,0,912,50,676,3663,25583,9368,4495,35,512,36548,17909,8,61,0,0,0,0,0
994,5807,994.1298676608732,99820,101,79,116,62,84655,48851,1.33746744139451,60,48,26574,29908,21381,15990,1767,3912,49111,38831,0,0,911,50,676,3666,25588,9375,4492,36,516,36536,17905,8,61,0,0,0,0,0
995,5807,995.2018539502654,99820,102,78,116,62,84670,48861,1.3377178922059707,63,49,26643,29981,21315,15939,1760,3890,49111,38831,0,0,911,50,675,3665,25597,9380,4490,36,520,36526,17901,8,61,0,0,0,0,0
996,5807,996.2709977945206,99820,96,76,116,62,84683,48872,1.337958324984973,73,49,26698,30033,21264,15901,1752,3878,49111,38831,0,0,910,50,675,3665,25608,9385,4488,37,526,36512,17895,8,61,0,0,0,0,0
997,5807,997.337873620543,99820,96,80,116,62,84700,48883,1.3382388298938088,66,45,26773,30115,21201,15835,1747,3862,49111,38831,0,0,908,50,675,3664,25619,9387,4487,39,530,36501,17891,8,61,0,0,0,0,0
998,5807,998.0475708810042,99820,110,78,116,62,84718,48888,1.3384692446403526,61,44,26825,30150,21143,15811,1744,3854,49111,38831,0,0,907,50,675,3663,25620,9390,4487,40,533,36498,17888,8,61,0,0,0,0,0
999,5807,999.1092929612338,99820,110,79,116,62,84733,48900,1.3387397315167302,71,40,26911,30221,21057,15754,1734,3843,49111,38831,0,0,907,50,675,3665,25623,9396,4485,40,539,36490,17881,8,61,0,0,0,0,0
1000,5807,1000.1677645682439,99820,103,79,116,62,84746,48914,1.3390102183931076,68,37,26987,30276,20999,15713,1726,3832,49111,38831,0,0,905,50,675,3664,25626,9405,4484,42,547,36480,17873,8,61,0,0,0,0,0
1001,5807,1001.2232574886581,99820,111,78,116,62,84766,48925,1.3393207773993188,67,37,27061,30345,20924,15666,1720,3811,49111,38831,0,0,905,50,675,3665,25626,9411,4483,42,557,36474,17863,8,61,0,0,0,0,0
1002,5807,1002.2760065065662,99820,121,87,116,62,84783,48940,1.3396413544379884,69,30,27127,30406,20852,15615,1714,3799,49111,38831,0,0,905,50,675,3665,25635,9411,4482,42,560,36466,17860,8,61,0,0,0,0,0
1003,5807,1003.325784204705,99820,117,89,116,62,84800,48952,1.3399318773792828,75,32,27209,30456,20778,15576,1704,3784,49111,38831,0,0,905,50,675,3665,25639,9418,4480,42,570,36457,17850,8,61,0,0,0,0,0
1004,5807,1004.0238728865778,99820,119,85,116,62,84813,48957,1.3401122019635343,72,35,27253,30506,20740,15532,1699,3779,49111,38831,0,0,905,50,675,3666,25647,9421,4479,42,573,36446,17847,8,61,0,0,0,0,0
1005,5807,1005.068672376926,99820,112,85,116,62,84831,48974,1.3404628330995791,68,29,27329,30557,20686,15502,1688,3764,49111,38831,0,0,905,50,675,3668,25658,9429,4476,42,582,36428,17838,8,61,0,0,0,0,0
1006,5807,1006.1109011289135,99820,113,75,116,62,84855,48983,1.3407934281707072,63,35,27385,30604,20643,15470,1679,3753,49111,38831,0,0,903,50,675,3665,25664,9438,4475,44,594,36418,17825,8,61,0,0,0,0,0
1007,5807,1007.1509057506236,99820,110,69,116,62,84871,48990,1.341023842917251,64,40,27466,30656,20572,15432,1671,3740,49111,38831,0,0,903,50,675,3666,25664,9448,4474,44,602,36408,17817,8,61,0,0,0,0,0
1008,5807,1008.1881345004331,99820,103,72,116,62,84889,49000,1.3413043478260869,62,38,27532,30715,20521,15383,1665,3729,49111,38831,0,0,903,50,675,3665,25662,9462,4474,44,607,36397,17812,8,61,0,0,0,0,0
1009,5807,1009.2228802251836,99820,111,78,116,62,84907,49012,1.3416048887998397,60,40,27584,30771,20469,15334,1659,3714,49111,38831,0,0,903,50,675,3666,25664,9465,4472,44,611,36393,17808,8,61,0,0,0,0,0
1010,5807,1010.2555082532094,99820,109,76,116,62,84924,49024,1.3418954117411341,64,39,27653,30827,20404,15293,1653,3702,49111,38831,0,0,903,50,675,3668,25673,9472,4468,44,615,36379,17804,8,61,0,0,0,0,0
1011,5807,1011.285662372007,99820,103,68,116,62,84940,49033,1.3421458625525946,60,36,27720,30893,20356,15253,1644,3687,49111,38831,0,0,903,50,675,3671,25683,9481,4464,44,621,36361,17798,8,61,0,0,0,0,0
1012,5807,1012.3133568395331,99820,112,69,116,62,84957,49041,1.3423963133640553,64,40,27789,30958,20281,15199,1637,3671,49111,38831,0,0,903,50,675,3672,25687,9485,4463,44,623,36353,17796,8,61,0,0,0,0,0
1013,5807,1013.3384197065311,99820,114,74,116,62,84981,49054,1.342766980565017,54,39,27850,31011,20234,15154,1631,3659,49111,38831,0,0,903,50,674,3672,25690,9493,4461,44,631,36345,17788,8,61,0,0,0,0,0
1014,5807,1014.0205455331302,99820,116,77,116,62,84992,49064,1.3429773592466439,56,38,27889,31042,20193,15137,1629,3643,49111,38831,0,0,903,50,674,3673,25696,9495,4460,44,633,36338,17785,8,61,0,0,0,0,0
1015,5807,1015.0418144803117,99820,115,66,116,62,85010,49071,1.3432278100581045,62,43,27974,31105,20109,15098,1623,3625,49111,38831,0,0,903,50,674,3671,25712,9503,4460,44,638,36316,17780,8,61,0,0,0,0,0
1016,5807,1016.0601608590248,99820,121,67,116,62,85030,49086,1.3435784411941494,62,34,28035,31161,20046,15064,1619,3611,49111,38831,0,0,903,50,674,3672,25714,9509,4458,44,649,36309,17769,8,61,0,0,0,0,0
1017,5807,1017.0760975880015,99820,118,62,116,62,85044,49093,1.3437888198757764,64,35,28100,31220,19988,15022,1613,3598,49111,38831,0,0,903,50,672,3674,25723,9514,4457,44,655,36297,17763,7,61,0,0,0,0,0
1018,5807,1018.0897904303827,99820,111,64,116,62,85059,49100,1.3440092165898618,69,42,28163,31255,19929,14993,1611,3583,49111,38831,0,0,903,50,672,3678,25725,9521,4451,44,660,36290,17758,7,61,0,0,0,0,0
1019,5807,1019.1012041745881,99820,109,61,116,62,85072,49105,1.3441895411741134,71,43,28247,31308,19851,14957,1605,3568,49111,38831,0,0,902,50,672,3678,25724,9531,4450,45,662,36282,17756,7,61,0,0,0,0,0
1020,5807,1020.1097899305261,99820,111,66,116,62,85088,49114,1.344439991985574,64,41,28306,31376,19803,14900,1599,3554,49111,38831,0,0,902,50,672,3677,25724,9538,4450,45,665,36276,17753,7,61,0,0,0,0,0
1021,5807,1021.116068803991,99820,112,76,116,62,85101,49129,1.34472049689441,70,34,28364,31418,19745,14866,1592,3543,49111,38831,0,0,902,50,672,3675,25723,9545,4449,45,667,36273,17751,7,61,0,0,0,0,0
1022,5807,1022.1201451637194,99820,121,70,116,62,85127,49140,1.3450911640953718,67,36,28428,31471,19683,14826,1584,3534,49111,38831,0,0,899,50,672,3675,25732,9550,4446,48,676,36262,17742,7,61,0,0,0,0,0
1023,5807,1023.1220370454915,99820,122,76,116,62,85148,49152,1.3454217591664996,63,36,28493,31519,19624,14787,1581,3519,49111,38831,0,0,899,50,672,3675,25727,9560,4445,48,682,36258,17736,7,61,0,0,0,0,0
1024,5807,1024.1215131609017,99820,122,77,116,62,85164,49160,1.3456621919455019,64,37,28559,31573,19567,14745,1571,3505,49111,38831,0,0,898,50,671,3675,25732,9566,4443,49,685,36250,17733,7,61,0,0,0,0,0
1025,5807,1025.118807812368,99820,111,73,116,62,85183,49168,1.3459326788218793,68,38,28597,31617,19542,14710,1565,3499,49111,38831,0,0,895,50,671,3676,25737,9578,4440,52,689,36236,17728,7,61,0,0,0,0,0
1026,5807,1026.1146938357351,99820,107,76,116,62,85198,49180,1.346203165698257,61,37,28660,31670,19495,14665,1560,3489,49111,38831,0,0,895,50,671,3675,25744,9584,4439,51,694,36226,17723,7,61,0,0,0,0,0
1027,5807,1027.1085928341138,99820,106,73,116,62,85215,49183,1.3464035263474254,61,45,28712,31723,19450,14612,1554,3484,49111,38831,0,0,895,50,671,3673,25749,9590,4438,51,699,36218,17718,7,61,0,0,0,0,0
1028,5807,1028.1008392596216,99820,105,73,116,62,85232,49195,1.3466940492887196,60,43,28760,31777,19409,14572,1549,3472,49111,38831,0,0,895,48,671,3678,25751,9597,4435,51,707,36209,17710,7,61,0,0,0,0,0
1029,5807,1029.0913014289622,99820,98,72,116,62,85243,49203,1.3468843919054299,65,44,28814,31819,19361,14538,1545,3464,49111,38831,0,0,894,48,671,3679,25754,9604,4432,52,712,36201,17705,7,61,0,0,0,0,0
1030,5807,1030.0798313891269,99820,97,73,116,62,85260,49210,1.347124824684432,68,42,28864,31880,19317,14492,1537,3450,49111,38831,0,0,894,48,671,3679,25762,9608,4430,52,716,36191,17701,7,61,0,0,0,0,0
1031,5807,1031.0666510037588,99820,94,76,116,62,85280,49220,1.3474253656581847,70,39,28927,31929,19261,14454,1531,3439,49111,38831,0,0,893,48,671,3679,25766,9616,4430,53,724,36179,17693,7,61,0,0,0,0,0
1032,5807,1032.0514228449586,99820,99,74,116,62,85295,49229,1.347665798437187,71,48,28980,31982,19205,14404,1528,3429,49111,38831,0,0,893,48,670,3677,25776,9619,4430,53,729,36169,17688,7,61,0,0,0,0,0
1033,5807,1033.0341452001999,99820,101,83,116,62,85312,49243,1.347976357443398,68,49,29044,32036,19153,14355,1517,3414,49111,38831,0,0,893,48,670,3677,25779,9623,4429,53,733,36163,17684,7,61,0,0,0,0,0
1034,5807,1034.0147505862474,99819,106,79,116,63,85333,49252,1.348290405634198,65,50,29111,32093,19091,14315,1510,3399,49111,38831,0,0,893,48,669,3678,25788,9629,4428,53,738,36148,17679,7,61,0,0,0,0,0
1035,5807,1035.3190342235114,99819,105,76,116,63,85355,49266,1.3486510584157325,62,47,29191,32164,19027,14265,1498,3384,49111,38831,0,0,893,48,669,3677,25794,9640,4427,53,746,36133,17671,7,61,0,0,0,0,0
1036,5807,1036.2948756120586,99819,104,73,116,63,85368,49273,1.3488514210721405,70,43,29257,32218,18961,14229,1491,3373,49111,38831,0,0,892,48,668,3678,25800,9645,4426,54,751,36123,17666,7,61,0,0,0,0,0
1037,5807,1037.2683850449937,99819,104,70,116,63,85388,49281,1.3491319287911119,66,42,29312,32262,18917,14199,1484,3363,49111,38831,0,0,891,48,668,3679,25807,9651,4425,55,759,36110,17658,7,61,0,0,0,0,0
1038,5807,1038.2400846670087,99819,108,69,116,63,85410,49295,1.3494925815726464,60,32,29369,32321,18864,14166,1482,3348,49111,38831,0,0,890,48,668,3682,25810,9658,4421,56,767,36101,17650,7,61,0,0,0,0,0
1039,5807,1039.2098055985014,99819,105,63,116,63,85422,49300,1.3496628898305933,65,37,29421,32362,18814,14131,1478,3343,49111,38831,0,0,890,48,668,3684,25813,9666,4419,56,772,36091,17645,7,60,0,0,0,0,0
1040,5807,1040.1780081044374,99819,102,62,116,63,85441,49305,1.349903325018283,66,37,29467,32417,18773,14087,1475,3333,49111,38831,0,0,890,48,668,3683,25824,9669,4416,56,777,36081,17640,7,60,0,0,0,0,0
1041,5807,1041.144711110179,99819,102,61,116,63,85455,49312,1.3501137058075117,67,37,29527,32485,18717,14035,1470,3318,49111,38831,0,0,890,48,668,3682,25826,9677,4416,56,781,36072,17636,7,60,0,0,0,0,0
1042,5807,1042.109432599684,99819,104,64,116,63,85465,49323,1.35032408659674,76,32,29598,32542,18643,13994,1462,3304,49111,38831,0,0,890,48,668,3683,25824,9684,4415,56,781,36067,17636,7,60,0,0,0,0,0
1043,5807,1043.0718835815155,99819,112,66,116,63,85486,49330,1.3506045943157114,70,32,29649,32608,18594,13941,1458,3289,49111,38831,0,0,890,48,668,3683,25827,9690,4414,56,782,36059,17635,7,60,0,0,0,0,0
1044,5807,1044.032500489143,99819,124,62,116,63,85512,49336,1.3509251745659645,67,35,29698,32646,18540,13918,1454,3275,49111,38831,0,0,890,48,668,3682,25828,9697,4414,56,791,36052,17626,7,60,0,0,0,0,0
1045,5807,1045.310512224154,99819,129,60,116,63,85536,49346,1.3512657910818582,66,38,29771,32710,18466,13869,1451,3259,49111,38831,0,0,889,48,668,3681,25834,9704,4413,57,797,36042,17619,7,60,0,0,0,0,0
1046,5807,1046.266978362064,99819,127,60,116,63,85552,49355,1.3515162444023683,73,39,29828,32760,18405,13835,1450,3242,49111,38831,0,0,888,48,668,3682,25834,9712,4410,58,803,36036,17613,7,60,0,0,0,0,0
1047,5807,1047.2215091985274,99819,122,62,116,63,85564,49368,1.3517666977228784,80,39,29890,32810,18345,13799,1446,3226,49111,38831,0,0,888,48,668,3683,25841,9717,4408,58,810,36025,17606,7,60,0,0,0,0,0
1048,5807,1048.174102205716,99819,128,68,116,63,85586,49380,1.3521073142387723,75,34,29952,32859,18284,13759,1444,3216,49111,38831,0,0,888,48,668,3681,25848,9721,4408,58,816,36016,17600,7,60,0,0,0,0,0
1049,5807,1049.1247321913638,99818,125,68,117,63,85601,49384,1.3523112063956402,79,39,30010,32898,18228,13728,1440,3203,49111,38831,0,0,888,48,668,3681,25859,9722,4405,58,820,36006,17596,7,60,0,0,0,0,0
1050,5807,1050.0735647978377,99818,126,70,117,63,85614,49396,1.3525616622252499,77,40,30066,32952,18176,13681,1437,3193,49111,38831,0,0,888,48,668,3680,25866,9727,4405,58,823,35995,17593,7,60,0,0,0,0,0
1051,5807,1051.0206226241382,99818,113,75,117,63,85623,49406,1.3527520086557534,88,34,30107,33011,18146,13636,1428,3180,49111,38831,0,0,886,48,668,3679,25872,9733,4405,60,826,35984,17590,7,60,0,0,0,0,0
1052,5807,1052.281036959105,99818,111,74,117,63,85643,49419,1.3530826103508384,93,30,30184,33072,18074,13596,1420,3164,49111,38831,0,0,886,48,668,3679,25877,9740,4403,60,837,35974,17579,7,60,0,0,0,0,0
1053,5807,1053.22439588585,99818,118,70,117,63,85669,49425,1.353403193812739,84,32,30239,33115,18029,13563,1412,3156,49111,38831,0,0,886,46,668,3682,25879,9747,4402,60,844,35966,17571,7,60,0,0,0,0,0
1054,5807,1054.1660390116,99818,122,65,117,63,85687,49432,1.353653649642349,82,42,30286,33157,17984,13524,1408,3148,49111,38831,0,0,885,46,666,3681,25887,9751,4402,61,852,35957,17563,7,60,0,0,0,0,0
1055,5807,1055.1060998350888,99818,119,64,117,63,85701,49441,1.3538840690055902,85,39,30316,33208,17958,13494,1404,3131,49111,38831,0,0,885,46,665,3680,25896,9755,4401,61,858,35947,17557,7,60,0,0,0,0,0
1056,5807,1056.045215760528,99818,111,63,117,63,85711,49451,1.354084433669278,88,43,30375,33246,17910,13465,1398,3119,49111,38831,0,0,885,46,665,3680,25900,9763,4401,61,865,35935,17550,7,60,0,0,0,0,0
1057,5807,1057.2947949495442,99818,118,60,117,63,85733,49463,1.3544250535975475,81,44,30450,33322,17839,13404,1394,3106,49111,38831,0,0,885,46,664,3681,25910,9769,4400,61,871,35920,17544,7,60,0,0,0,0,0
1058,5807,1058.2299459861115,99818,122,60,117,63,85752,49470,1.3546855276603418,90,43,30491,33373,17790,13366,1389,3094,49111,38831,0,0,885,46,663,3683,25910,9775,4397,61,877,35916,17538,7,60,0,0,0,0,0
1059,5807,1059.1636926216684,99818,130,61,117,63,85774,49483,1.3550361658217958,79,37,30541,33419,17746,13338,1386,3081,49111,38831,0,0,884,46,663,3684,25912,9782,4395,62,882,35908,17533,7,60,0,0,0,0,0
1060,5807,1060.0960030491856,99818,133,63,117,63,85796,49498,1.3554068404496182,74,36,30586,33452,17711,13310,1378,3075,49111,38831,0,0,884,46,663,3687,25915,9788,4392,62,888,35900,17526,7,60,0,0,0,0,0
1061,5807,1061.0267448443055,99818,131,60,117,63,85815,49504,1.3556572962792282,69,36,30647,33495,17659,13277,1376,3068,49111,38831,0,0,884,46,661,3689,25921,9794,4390,62,895,35891,17518,7,60,0,0,0,0,0
1062,5807,1062.265056043443,99817,135,65,117,64,85842,49520,1.3561016660488694,66,35,30727,33565,17585,13221,1369,3049,49111,38831,0,0,884,46,661,3688,25929,9800,4388,62,902,35880,17510,7,60,0,0,0,0,0
1063,5807,1063.1917433950582,99817,134,64,117,64,85863,49531,1.356422252722482,71,38,30771,33605,17540,13187,1366,3041,49111,38831,0,0,884,46,661,3687,25935,9808,4385,62,910,35870,17502,7,60,0,0,0,0,0
1064,5807,1064.1169816136119,99817,133,66,117,64,85878,49539,1.3566526743941414,75,44,30813,33660,17499,13135,1362,3030,49111,38831,0,0,883,46,661,3685,25943,9811,4383,63,914,35864,17497,7,60,0,0,0,0,0
1065,5807,1065.0408734730734,99817,132,57,117,64,85895,49548,1.3569131510664516,70,47,30863,33704,17459,13108,1358,3019,49111,38831,0,0,883,46,659,3686,25950,9820,4381,63,921,35851,17490,7,60,0,0,0,0,0
1066,5807,1066.2706926821213,99817,123,59,117,64,85917,49562,1.357273811074266,68,46,30909,33763,17431,13067,1351,3000,49111,38831,0,0,883,46,659,3686,25957,9829,4379,63,935,35837,17476,7,60,0,0,0,0,0
1067,5807,1067.1919559767564,99817,133,67,117,64,85934,49574,1.3575643427472275,68,44,30952,33803,17383,13030,1346,2991,49111,38831,0,0,882,46,659,3686,25956,9832,4378,64,939,35836,17472,7,60,0,0,0,0,0
1068,5807,1068.1118551881643,99817,134,68,117,64,85951,49581,1.3578047827524369,67,44,31007,33855,17333,12987,1341,2981,49111,38831,0,0,882,46,658,3686,25959,9838,4377,64,944,35829,17467,7,60,0,0,0,0,0
1069,5807,1069.030168799134,99817,132,69,117,64,85966,49589,1.3580352044240962,74,47,31044,33902,17296,12945,1336,2972,49111,38831,0,0,882,46,658,3684,25969,9843,4376,64,945,35817,17466,7,60,0,0,0,0,0
1070,5807,1070.2523718402288,99817,128,79,117,64,85982,49606,1.3583658094312592,80,41,31112,33962,17233,12893,1329,2960,49111,38831,0,0,882,46,658,3681,25983,9847,4376,64,949,35802,17462,7,60,0,0,0,0,0
1071,5807,1071.167294362589,99817,138,78,117,64,86004,49615,1.3586763777713216,74,49,31152,33998,17193,12858,1325,2952,49111,38831,0,0,881,46,658,3681,25989,9849,4375,65,956,35795,17455,7,60,0,0,0,0,0
1072,5807,1072.0809695105306,99817,143,71,117,64,86021,49621,1.3589067994429807,72,56,31213,34036,17137,12827,1317,2945,49111,38831,0,0,881,46,658,3680,25995,9853,4375,65,966,35786,17445,7,60,0,0,0,0,0
1073,5807,1073.2966539941656,99817,144,74,117,64,86043,49639,1.3593075327849966,81,49,31253,34108,17092,12774,1312,2930,49111,38831,0,0,879,46,658,3679,25998,9865,4375,67,970,35772,17441,7,60,0,0,0,0,0
1074,5807,1074.2073057289317,99817,143,70,117,64,86063,49649,1.3596080827915085,78,43,31298,34147,17055,12751,1308,2924,49111,38831,0,0,879,46,658,3677,26014,9870,4374,67,976,35754,17435,7,60,0,0,0,0,0
1075,5807,1075.1167462234555,99817,145,69,117,64,86084,49660,1.3599286694651211,80,42,31346,34195,17007,12718,1304,2911,49111,38831,0,0,879,46,658,3675,26017,9881,4373,67,981,35743,17430,7,60,0,0,0,0,0
1076,5807,1076.0247594259451,99817,142,65,117,64,86099,49670,1.360179127803881,83,39,31393,34240,16966,12693,1298,2898,49111,38831,0,0,878,46,658,3674,26019,9890,4372,68,987,35734,17424,7,60,0,0,0,0,0
1077,5807,1077.2333881731686,99817,149,61,117,64,86126,49681,1.3605598244787962,82,48,31449,34277,16914,12662,1288,2887,49111,38831,0,0,878,46,658,3674,26040,9893,4370,68,990,35713,17420,7,60,0,0,0,0,0
1078,5807,1078.1383897915873,99817,155,63,117,64,86145,49690,1.3608403378182072,82,48,31492,34310,16870,12633,1283,2881,49111,38831,0,0,876,46,658,3674,26043,9899,4369,70,992,35705,17418,7,60,0,0,0,0,0
1079,5807,1079.042020791171,99817,149,68,117,64,86159,49703,1.361110832824068,97,48,31530,34345,16827,12602,1279,2872,49111,38831,0,0,876,46,658,3674,26045,9907,4368,70,999,35696,17411,7,60,0,0,0,0,0
1080,5807,1080.2450858393931,99817,147,71,117,64,86179,49713,1.36141138283058,111,52,31578,34394,16772,12560,1274,2858,49111,38831,0,0,876,46,658,3675,26056,9912,4365,70,1001,35682,17409,7,60,0,0,0,0,0
1081,5807,1081.1460371476464,99817,151,80,117,64,86204,49727,1.3618020978390455,110,53,31607,34436,16745,12516,1269,2850,49111,38831,0,0,876,46,657,3675,26062,9919,4365,70,1007,35670,17403,7,60,0,0,0,0,0
1082,5807,1082.0460226164103,99817,166,79,117,64,86235,49736,1.3622028311810614,103,55,31638,34472,16710,12487,1265,2842,49111,38831,0,0,876,46,657,3678,26065,9925,4362,70,1012,35661,17398,7,60,0,0,0,0,0
1083,5807,1083.2444106609348,99817,181,74,117,64,86273,49749,1.3627137661921316,96,55,31702,34525,16644,12453,1259,2828,49111,38831,0,0,876,46,657,3678,26068,9935,4361,70,1027,35649,17383,7,60,0,0,0,0,0
1084,5807,1084.1416252899526,99817,193,69,117,64,86303,49756,1.3630844445334962,96,60,31723,34559,16619,12431,1251,2816,49111,38831,0,0,875,46,657,3681,26075,9942,4358,71,1032,35635,17378,7,60,0,0,0,0,0
1085,5807,1085.038013207997,99817,182,72,117,64,86321,49770,1.363405031207109,98,59,31773,34590,16585,12407,1244,2807,49111,38831,0,0,874,46,657,3676,26080,9954,4358,72,1038,35623,17372,7,60,0,0,0,0,0
1086,5807,1086.2311585132059,99817,188,85,117,64,86356,49793,1.363986094553032,98,52,31818,34645,16542,12355,1236,2798,49111,38831,0,0,874,46,657,3677,26093,9961,4357,72,1046,35604,17363,7,60,0,0,0,0,0
1087,5807,1087.124811918233,99817,181,94,117,64,86381,49809,1.3643968462285982,86,51,31853,34684,16534,12320,1228,2786,49111,38831,0,0,873,46,657,3680,26102,9966,4353,72,1058,35592,17351,7,60,0,0,0,0,0
1088,5807,1088.0176397732039,99817,177,96,117,64,86397,49826,1.3647274512357614,93,44,31895,34715,16491,12299,1226,2781,49111,38831,0,0,872,46,656,3685,26102,9976,4348,73,1066,35583,17343,7,60,0,0,0,0,0
1089,5807,1089.2062936101097,99817,169,93,117,64,86423,49840,1.3651281845777774,95,49,31947,34764,16451,12258,1220,2771,49111,38831,0,0,871,46,656,3686,26113,9988,4346,74,1075,35561,17334,7,60,0,0,0,0,0
1090,5807,1090.0966243804276,99817,161,97,117,64,86442,49854,1.3654587895849404,103,49,31980,34801,16422,12224,1216,2764,49111,38831,0,0,871,46,656,3683,26118,9998,4345,74,1085,35550,17324,7,60,0,0,0,0,0
1091,5807,1091.2821930747336,99817,153,91,117,64,86471,49872,1.365929651261809,103,43,32041,34851,16380,12200,1205,2750,49111,38831,0,0,871,46,656,3688,26125,10016,4337,74,1092,35529,17316,7,60,0,0,0,0,0
1092,5807,1092.170013244004,99817,154,92,117,64,86489,49887,1.3662602562689723,109,51,32077,34875,16342,12176,1200,2741,49111,38831,0,0,870,46,656,3692,26135,10023,4333,75,1094,35512,17314,7,60,0,0,0,0,0
1093,5807,1093.0566867127648,99817,155,89,117,64,86505,49898,1.366530751274833,117,50,32110,34916,16302,12153,1198,2727,49111,38831,0,0,869,46,656,3690,26147,10028,4333,76,1098,35498,17309,7,60,0,0,0,0,0
1094,5807,1094.2374052708485,99817,150,89,117,64,86532,49913,1.3669515212839496,105,54,32150,34958,16283,12120,1194,2714,49111,38831,0,0,868,46,656,3693,26153,10040,4330,77,1105,35482,17301,6,60,0,0,0,0,0
