,indexID,time,N,Inf_L,Inf_H,Dead_L,Dead_H,cum_cases_L,cum_cases_H,cum_sum_per_N,Exposed_L,Exposed_H,Sus_L,Sus_H,Rec_nat_L,Rec_nat_H,Rec_vax_L,Rec_vax_H,vaccinatedH,vaccinatedL,boostedH,boostedL,count_Naive,count_Delta,count_Delta_vaccine,count_two,count_three,count_four,count_Omicron,count_Omicron_star,count_Omicron_star_vaccine,count_Omicron_vaccine,count_Vaccine,count_WT,count_WT_vaccine,count_WT_vaccine_boost,count_Omicron_vaccine_boost,count_Delta_vaccine_boost,count_Omicron_star_vaccine_boost,count_Vaccine_boost
0,4812,1.0682535006094769,99996,6,6,0,0,7,7,0.00014000560022400896,18,18,49973,49973,1,1,0,0,0,0,0,0,99994,0,0,0,0,0,0,0,0,0,0,2,0,0,0,0,0,0
1,4812,2.0818621902061665,99996,11,9,0,0,14,13,0.00027001080043201727,14,12,49970,49973,3,4,0,0,0,0,0,0,99989,0,0,0,0,0,0,0,0,0,0,7,0,0,0,0,0,0
2,4812,3.052956650716558,99996,14,11,0,0,18,18,0.00036001440057602306,12,8,49968,49972,4,7,0,0,0,0,0,0,99985,0,0,0,0,0,0,0,0,0,0,11,0,0,0,0,0,0
3,4812,4.018595169974367,99996,15,9,0,0,22,19,0.00041001640065602623,12,9,49964,49970,7,10,0,0,0,0,0,0,99979,0,0,0,0,0,0,0,0,0,0,17,0,0,0,0,0,0
4,4812,5.022072777466696,99996,17,11,0,0,25,21,0.00046001840073602946,13,9,49960,49968,8,10,0,0,0,0,0,0,99978,0,0,0,0,0,0,0,0,0,0,18,0,0,0,0,0,0
5,4812,6.046622756864831,99996,19,10,0,0,28,21,0.0004900196007840313,16,10,49954,49967,9,11,0,0,0,0,0,0,99976,0,0,0,0,0,0,0,0,0,0,20,0,0,0,0,0,0
6,4812,7.00314648875043,99996,20,10,0,0,31,24,0.0005500220008800352,17,10,49950,49964,11,14,0,0,0,0,0,0,99971,0,0,0,0,0,0,0,0,0,0,25,0,0,0,0,0,0
7,4812,8.00632110579427,99996,21,8,0,0,35,24,0.0005900236009440378,14,10,49949,49964,14,16,0,0,0,0,0,0,99966,0,0,0,0,0,0,0,0,0,0,30,0,0,0,0,0,0
8,4812,9.029720026943963,99996,24,9,0,0,42,26,0.0006800272010880435,11,13,49945,49959,18,17,0,0,0,0,0,0,99961,0,0,0,0,0,0,0,0,0,0,35,0,0,0,0,0,0
9,4812,10.002292529267425,99996,21,13,0,0,44,30,0.0007400296011840473,17,12,49937,49956,23,17,0,0,0,0,0,0,99956,0,0,0,0,0,0,0,0,0,0,40,0,0,0,0,0,0
10,4812,11.096551369994287,99996,21,14,0,0,48,32,0.0008000320012800512,14,12,49936,49955,27,17,0,0,0,0,0,0,99951,0,0,0,0,0,0,0,0,0,0,45,0,0,0,0,0,0
11,4812,12.0041293286294,99996,24,17,0,0,53,36,0.000890035601424057,9,9,49936,49954,29,18,0,0,0,0,0,0,99948,0,0,0,0,0,0,0,0,0,0,48,0,0,0,0,0,0
12,4812,13.08619446704607,99996,25,15,0,0,55,38,0.0009300372014880595,10,12,49933,49949,30,22,0,0,0,0,0,0,99943,0,0,0,0,0,0,0,0,0,0,53,0,0,0,0,0,0
13,4812,14.047541691907721,99996,32,22,0,0,63,46,0.0010900436017440697,6,6,49929,49947,31,23,0,0,0,0,0,0,99941,0,0,0,0,0,0,0,0,0,0,55,0,0,0,0,0,0
14,4812,15.080809989191645,99996,29,22,0,0,65,48,0.0011300452018080723,10,5,49923,49946,36,25,0,0,0,0,0,0,99934,0,0,0,0,0,0,0,0,0,0,62,0,0,0,0,0,0
15,4812,16.085339661757303,99996,33,19,0,0,70,49,0.0011900476019040761,8,6,49920,49944,37,29,0,0,0,0,0,0,99929,0,0,0,0,0,0,0,0,0,0,67,0,0,0,0,0,0
16,4812,17.021523359849713,99996,35,14,0,0,76,50,0.0012600504020160806,15,7,49907,49942,41,35,0,0,0,0,0,0,99919,0,0,0,0,0,0,0,0,0,0,77,0,0,0,0,0,0
17,4812,18.045967477542188,99996,36,16,0,0,82,53,0.0013500540021600864,16,6,49900,49940,46,36,0,0,0,0,0,0,99913,0,0,0,0,0,0,0,0,0,0,83,0,0,0,0,0,0
18,4812,19.09903084951841,99996,37,16,0,0,86,55,0.0014100564022560902,16,5,49896,49939,49,38,0,0,0,0,0,0,99908,0,0,0,0,0,0,0,0,0,0,88,0,0,0,0,0,0
19,4812,20.177644297727507,99996,35,17,0,0,90,57,0.001470058802352094,23,6,49885,49936,55,39,0,0,0,0,0,0,99901,0,0,0,0,0,0,0,0,0,0,95,0,0,0,0,0,0
20,4812,21.00754766520436,99996,39,13,0,0,99,58,0.0015700628025121005,22,8,49877,49933,60,44,0,0,0,0,0,0,99891,0,0,0,0,0,0,0,0,0,0,105,0,0,0,0,0,0
21,4812,22.201888661776447,99996,45,13,0,0,111,60,0.0017100684027361094,19,7,49869,49933,65,45,0,0,0,0,0,0,99883,0,0,0,0,0,0,0,0,0,0,113,0,0,0,0,0,0
22,4812,23.184787784327295,99996,43,13,0,0,115,62,0.0017700708028321132,18,5,49866,49933,71,47,0,0,0,0,0,0,99875,0,0,0,0,0,0,0,0,0,0,121,0,0,0,0,0,0
23,4812,24.233214081310877,99996,38,16,0,0,118,65,0.0018300732029281172,18,3,49863,49932,79,47,0,0,0,0,0,0,99867,0,0,0,0,0,0,0,0,0,0,129,0,0,0,0,0,0
24,4812,25.065212291402432,99996,31,15,0,0,122,65,0.0018700748029921196,22,6,49855,49929,90,48,0,0,0,0,0,0,99855,0,0,0,0,0,0,0,0,0,0,141,0,0,0,0,0,0
25,4812,26.22232746377656,99996,33,15,0,0,126,66,0.0019200768030721229,28,6,49846,49929,91,48,0,0,0,0,0,0,99852,0,0,0,0,0,0,0,0,0,0,144,0,0,0,0,0,0
26,4812,27.148232259786557,99996,40,12,0,0,136,66,0.0020200808032321293,21,8,49844,49927,93,51,0,0,0,0,0,0,99846,0,0,0,0,0,0,0,0,0,0,150,0,0,0,0,0,0
27,4812,28.27708126986349,99996,40,14,0,0,139,69,0.0020800832033281333,25,7,49838,49925,95,52,0,0,0,0,0,0,99842,0,0,0,0,0,0,0,0,0,0,154,0,0,0,0,0,0
28,4812,29.03922785635278,99996,42,15,0,0,143,72,0.0021500860034401378,31,5,49828,49924,97,54,0,0,0,0,0,0,99838,0,0,0,0,0,0,0,0,0,0,158,0,0,0,0,0,0
29,4812,30.028995393495585,99996,50,16,0,0,152,76,0.002280091203648146,29,5,49821,49920,98,57,0,0,0,0,0,0,99834,0,0,0,0,0,0,0,0,0,0,162,0,0,0,0,0,0
30,4812,31.03229597759324,99996,47,15,0,0,160,78,0.0023800952038081523,26,9,49816,49914,109,60,0,0,0,0,0,0,99820,0,0,0,0,0,0,0,0,0,0,176,0,0,0,0,0,0
31,4812,32.059213289706086,99996,44,14,0,0,164,82,0.0024600984039361575,26,7,49813,49912,115,65,0,0,0,0,0,0,99808,0,0,0,0,0,0,0,0,0,0,188,0,0,0,0,0,0
32,4812,33.12928164553268,99996,43,11,0,0,172,84,0.002560102404096164,25,5,49806,49912,124,70,0,0,0,0,0,0,99794,0,0,0,0,0,0,0,0,0,0,202,0,0,0,0,0,0
33,4812,34.08013897321924,99996,49,11,0,0,182,85,0.0026701068042721708,23,8,49798,49909,128,70,0,0,0,0,0,0,99789,0,0,0,0,0,0,0,0,0,0,207,0,0,0,0,0,0
34,4812,35.10250993553889,99996,49,14,0,0,190,89,0.0027901116044641784,30,9,49784,49904,135,71,0,0,0,0,0,0,99780,0,0,0,0,0,0,0,0,0,0,216,0,0,0,0,0,0
35,4812,36.14867547085544,99996,47,14,0,0,200,91,0.002910116404656186,29,13,49775,49898,147,73,0,0,0,0,0,0,99766,0,0,0,0,0,0,0,0,0,0,230,0,0,0,0,0,0
36,4812,37.2194402347065,99996,52,18,0,0,207,96,0.0030301212048481937,27,12,49770,49894,149,74,0,0,0,0,0,0,99763,0,0,0,0,0,0,0,0,0,0,233,0,0,0,0,0,0
37,4812,38.05591228887649,99996,50,16,0,0,213,98,0.003110124404976199,33,17,49759,49887,156,78,0,0,0,0,0,0,99751,0,0,0,0,0,0,0,0,0,0,245,0,0,0,0,0,0
38,4812,39.008984443769904,99996,48,17,0,0,218,101,0.0031901276051042042,30,16,49757,49885,163,80,0,0,0,0,0,0,99742,0,0,0,0,0,0,0,0,0,0,254,0,0,0,0,0,0
39,4812,40.20523573638297,99996,54,21,0,0,228,107,0.0033501340053602143,30,17,49747,49878,167,82,0,0,0,0,0,0,99736,0,0,0,0,0,0,0,0,0,0,260,0,0,0,0,0,0
40,4812,41.036991722258385,99996,58,24,0,0,235,112,0.003470138805552222,35,16,49735,49874,170,84,0,0,0,0,0,0,99731,0,0,0,0,0,0,0,0,0,0,265,0,0,0,0,0,0
41,4812,42.086520303020606,99996,56,26,0,0,239,117,0.003560142405696228,44,16,49722,49869,176,87,0,0,0,0,0,0,99722,0,0,0,0,0,0,0,0,0,0,274,0,0,0,0,0,0
42,4812,43.03602484662581,99996,51,28,0,0,246,120,0.0036601464058562344,42,19,49717,49863,188,88,0,0,0,0,0,0,99709,0,0,0,0,0,0,0,0,0,0,287,0,0,0,0,0,0
43,4812,44.02528192289214,99996,57,29,0,0,258,125,0.0038301532061282453,39,17,49708,49860,194,92,0,0,0,0,0,0,99699,0,0,0,0,0,0,0,0,0,0,297,0,0,0,0,0,0
44,4812,45.057417113447194,99996,63,31,0,0,272,131,0.004030161206448258,38,16,49695,49855,202,96,0,0,0,0,0,0,99687,0,0,0,0,0,0,0,0,0,0,309,0,0,0,0,0,0
45,4812,46.22562684911842,99996,56,35,0,0,281,139,0.004200168006720269,38,16,49686,49847,218,100,0,0,0,0,0,0,99667,0,0,0,0,0,0,0,0,0,0,329,0,0,0,0,0,0
46,4812,47.18336707236074,99995,55,28,1,0,291,143,0.004340217010850542,40,19,49675,49840,227,111,0,0,0,0,0,0,99645,0,0,0,0,0,0,0,0,0,0,350,0,0,0,0,0,0
47,4812,48.15842490674636,99995,55,27,1,0,297,145,0.004420221011050552,45,19,49665,49838,232,114,0,0,0,0,0,0,99636,0,0,0,0,0,0,0,0,0,0,359,0,0,0,0,0,0
48,4812,49.08124581250349,99995,64,32,1,0,310,153,0.004630231511575579,42,17,49656,49832,235,117,0,0,0,0,0,0,99629,0,0,0,0,0,0,0,0,0,0,366,0,0,0,0,0,0
49,4812,50.03755979190854,99995,68,34,1,0,319,157,0.004760238011900595,47,18,49642,49827,240,119,0,0,0,0,0,0,99622,0,0,0,0,0,0,0,0,0,0,373,0,0,0,0,0,0
50,4812,51.07362031327697,99995,69,31,1,0,331,160,0.004910245512275614,45,19,49633,49824,250,124,0,0,0,0,0,0,99605,0,0,0,0,0,0,0,0,0,0,390,0,0,0,0,0,0
51,4812,52.02453732748849,99995,71,27,1,0,345,161,0.005060253012650633,40,22,49624,49820,262,129,0,0,0,0,0,0,99588,0,0,0,0,0,0,0,0,0,0,407,0,0,0,0,0,0
52,4812,53.011334742002475,99995,64,27,1,0,351,166,0.005170258512925646,50,21,49610,49817,273,133,0,0,0,0,0,0,99570,0,0,0,0,0,0,0,0,0,0,425,0,0,0,0,0,0
53,4812,54.327397863144704,99995,70,27,1,0,368,172,0.005400270013500675,51,22,49594,49810,282,139,0,0,0,0,0,0,99553,0,0,0,0,0,0,0,0,0,0,442,0,0,0,0,0,0
54,4812,55.31465431900136,99995,71,28,1,0,380,174,0.005540277013850693,47,24,49587,49808,292,138,0,0,0,0,0,0,99541,0,0,0,0,0,0,0,0,0,0,454,0,0,0,0,0,0
55,4812,56.30209548824111,99995,75,31,1,0,395,182,0.005770288514425721,44,20,49577,49804,301,143,0,0,0,0,0,0,99525,0,0,0,0,0,0,0,0,0,0,470,0,0,0,0,0,0
56,4812,57.20136647419675,99995,78,30,1,0,405,186,0.005910295514775739,45,20,49566,49801,308,147,0,0,0,0,0,0,99513,0,0,0,0,0,0,0,0,0,0,482,0,0,0,0,0,0
57,4812,58.10069398637617,99995,76,32,1,0,412,192,0.006040302015100755,45,15,49560,49800,316,151,0,0,0,0,0,0,99500,0,0,0,0,0,0,0,0,0,0,495,0,0,0,0,0,0
58,4812,59.00726679221827,99995,73,31,1,0,422,197,0.006190309515475774,42,13,49554,49799,328,155,0,0,0,0,0,0,99481,0,0,0,0,0,0,0,0,0,0,514,0,0,0,0,0,0
59,4812,60.189103787481514,99995,73,34,1,0,438,204,0.006420321016050803,45,15,49536,49792,343,157,0,0,0,0,0,0,99461,0,0,0,0,0,0,0,0,0,0,534,0,0,0,0,0,0
60,4812,61.170414310033316,99995,71,35,1,0,448,209,0.006570328516425822,48,12,49524,49790,354,161,0,0,0,0,0,0,99445,0,0,0,0,0,0,0,0,0,0,550,0,0,0,0,0,0
61,4812,62.01488375130505,99995,68,33,1,0,452,211,0.006630331516575829,48,13,49521,49787,360,165,0,0,0,0,0,0,99434,0,0,0,0,0,0,0,0,0,0,561,0,0,0,0,0,0
62,4812,63.06641019978408,99995,67,33,1,0,467,216,0.006830341517075854,55,17,49500,49779,375,169,0,0,0,0,0,0,99413,0,0,0,0,0,0,0,0,0,0,582,0,0,0,0,0,0
63,4812,64.05553033099895,99995,71,31,1,0,477,217,0.006940347017350868,49,19,49497,49777,380,171,0,0,0,0,0,0,99404,0,0,0,0,0,0,0,0,0,0,591,0,0,0,0,0,0
64,4812,65.05079341757103,99995,72,29,1,0,496,221,0.0071703585179258966,43,23,49484,49770,398,176,0,0,0,0,0,0,99380,0,0,0,0,0,0,0,0,0,0,615,0,0,0,0,0,0
65,4812,66.04031844224664,99995,68,29,1,0,505,225,0.0073003650182509126,44,22,49476,49768,409,179,0,0,0,0,0,0,99363,0,0,0,0,0,0,0,0,0,0,632,0,0,0,0,0,0
66,4812,67.03003833486379,99995,75,27,1,0,523,226,0.0074903745187259365,38,25,49467,49764,417,182,0,0,0,0,0,0,99349,0,0,0,0,0,0,0,0,0,0,646,0,0,0,0,0,0
67,4812,68.0199303235341,99995,75,29,1,0,532,235,0.0076703835191759585,46,22,49453,49759,423,188,0,0,0,0,0,0,99333,0,0,0,0,0,0,0,0,0,0,662,0,0,0,0,0,0
68,4812,69.01001731229498,99995,78,27,1,0,542,240,0.007820391019550978,49,26,49442,49752,428,193,0,0,0,0,0,0,99319,0,0,0,0,0,0,0,0,0,0,676,0,0,0,0,0,0
69,4812,70.00025982192598,99995,70,29,1,0,551,246,0.007970398519925996,52,24,49431,49748,444,197,0,0,0,0,0,0,99298,0,0,0,0,0,0,0,0,0,0,697,0,0,0,0,0,0
70,4812,71.32097177439056,99995,80,32,1,0,575,257,0.00832041602080104,45,24,49416,49737,456,205,0,0,0,0,0,0,99276,0,0,0,0,0,0,0,0,0,0,719,0,0,0,0,0,0
71,4812,72.3117317115574,99995,80,27,1,0,584,262,0.008460423021151058,45,25,49408,49731,464,215,0,0,0,0,0,0,99258,0,0,1,0,0,0,0,0,0,0,736,0,0,0,0,0,0
72,4812,73.30265062373002,99995,87,31,1,0,602,269,0.008710435521776088,45,24,49391,49725,474,218,0,0,0,0,0,0,99244,0,0,1,0,0,0,0,0,0,0,750,0,0,0,0,0,0
73,4812,74.29383895924498,99995,85,28,1,0,610,273,0.008830441522076104,45,27,49385,49718,482,225,0,0,0,0,0,0,99227,0,0,1,0,0,0,0,0,0,0,767,0,0,0,0,0,0
74,4812,75.28519741829564,99995,91,31,1,0,624,278,0.009020451022551128,45,28,49371,49712,490,227,0,0,0,0,0,0,99217,0,0,1,0,0,0,0,0,0,0,777,0,0,0,0,0,0
75,4812,76.27674766578363,99995,88,34,1,0,632,284,0.009160458022901144,47,26,49361,49711,501,227,0,0,0,0,0,0,99203,0,0,1,0,0,0,0,0,0,0,791,0,0,0,0,0,0
76,4812,77.26848182382024,99995,89,40,1,0,643,293,0.00936046802340117,56,25,49344,49704,508,229,0,0,0,0,0,0,99190,0,0,1,0,0,0,0,0,0,0,804,0,0,0,0,0,0
77,4812,78.26045246334458,99995,85,44,1,0,658,302,0.0096004800240012,63,22,49324,49698,525,234,0,0,0,0,0,0,99166,0,0,1,0,0,0,0,0,0,0,828,0,0,0,0,0,0
78,4812,79.25274090267145,99995,87,43,1,0,676,310,0.009860493024651232,59,27,49311,49685,540,243,0,0,0,0,0,0,99141,0,0,1,0,0,0,0,0,0,0,853,0,0,0,0,0,0
79,4812,80.24533788030584,99995,86,43,1,0,685,318,0.010030501525076254,63,27,49299,49679,549,249,0,0,0,0,0,0,99123,0,0,1,0,0,0,0,0,0,0,871,0,0,0,0,0,0
80,4812,81.23813158939888,99995,91,42,1,0,699,323,0.010220511025551278,58,28,49292,49674,556,254,0,0,0,0,0,0,99108,0,0,1,0,0,0,0,0,0,0,886,0,0,0,0,0,0
81,4812,82.23107330926892,99995,92,43,1,0,721,331,0.010520526026301316,55,25,49274,49670,576,260,0,0,0,0,0,0,99080,0,0,1,0,0,0,0,0,0,0,914,0,0,0,0,0,0
82,4812,83.2243748361687,99995,84,41,1,0,734,338,0.01072053602680134,56,23,49261,49666,596,268,0,0,0,0,0,0,99050,0,0,1,0,0,0,0,0,0,0,944,0,0,0,0,0,0
83,4812,84.21802979578112,99995,84,44,1,0,751,346,0.010970548527426372,52,26,49250,49656,611,272,0,0,0,0,0,0,99028,0,0,1,0,0,0,0,0,0,0,966,0,0,0,0,0,0
84,4812,85.21192894034327,99995,89,43,1,0,770,354,0.011240562028101406,44,25,49241,49650,623,280,0,0,0,0,0,0,99005,0,0,1,0,0,0,0,0,0,0,989,0,0,0,0,0,0
85,4812,86.20607806133896,99995,97,43,1,0,785,359,0.01144057202860143,45,26,49225,49646,630,283,0,0,0,0,0,0,98993,0,0,1,0,0,0,0,0,0,0,1001,0,0,0,0,0,0
86,4812,87.20042556688782,99995,99,43,1,0,794,363,0.011570578528926446,45,25,49218,49644,635,286,0,0,0,0,0,0,98982,0,0,1,0,0,0,0,0,0,0,1012,0,0,0,0,0,0
87,4812,88.19489327438924,99995,100,42,1,0,806,369,0.01175058752937647,46,25,49207,49638,644,293,0,0,0,0,0,0,98964,0,0,1,0,0,0,0,0,0,0,1030,0,0,0,0,0,0
88,4812,89.1896017007261,99995,91,39,1,0,815,378,0.011930596529826492,52,21,49194,49633,660,305,0,0,0,0,0,0,98934,0,0,1,0,0,0,0,0,0,0,1060,0,0,0,0,0,0
89,4812,90.18464088760182,99995,86,39,1,0,829,384,0.012130606530326516,47,24,49186,49625,678,310,0,0,0,0,0,0,98910,0,0,2,0,0,0,0,0,0,0,1083,0,0,0,0,0,0
90,4812,91.17990245885409,99995,88,40,1,0,842,392,0.012340617030851542,42,22,49180,49619,687,317,0,0,0,0,0,0,98893,0,0,3,0,0,0,0,0,0,0,1099,0,0,0,0,0,0
91,4812,92.28843104679116,99995,80,41,1,0,851,396,0.01247062353117656,44,20,49172,49619,701,318,0,0,0,0,0,0,98873,0,0,3,0,0,0,0,0,0,0,1119,0,0,0,0,0,0
92,4812,93.00144118034228,99995,80,35,1,0,856,400,0.01256062803140157,50,22,49162,49615,705,326,0,0,0,0,0,0,98858,0,0,3,0,0,0,0,0,0,0,1134,0,0,0,0,0,0
93,4812,94.11403359937951,99995,86,40,1,0,869,407,0.012760638031901595,48,17,49153,49613,710,328,0,0,0,0,0,0,98849,0,0,3,0,0,0,0,0,0,0,1143,0,0,0,0,0,0
94,4812,95.01977355612125,99995,85,40,1,0,881,414,0.01295064753237662,55,16,49136,49607,721,335,0,0,0,0,0,0,98829,0,0,3,0,0,0,0,0,0,0,1163,0,0,0,0,0,0
95,4812,96.12925342063551,99995,83,42,1,0,893,419,0.01312065603280164,48,22,49136,49597,730,337,0,0,0,0,0,0,98812,0,0,3,0,0,0,0,0,0,0,1180,0,0,0,0,0,0
96,4812,97.04106040184037,99995,81,35,1,0,904,421,0.013250662533126656,53,25,49122,49593,741,345,0,0,0,0,0,0,98790,0,0,3,0,0,0,0,0,0,0,1202,0,0,0,0,0,0
97,4812,98.03766773175995,99995,79,42,1,0,915,429,0.01344067203360168,61,24,49104,49587,753,345,0,0,0,0,0,0,98776,0,0,3,0,0,0,0,0,0,0,1216,0,0,0,0,0,0
98,4812,99.0345833336027,99995,84,40,1,0,934,434,0.01368068403420171,61,23,49087,49588,765,347,0,0,0,0,0,0,98755,0,0,3,0,0,0,0,0,0,0,1237,0,0,0,0,0,0
99,4812,100.03173532575067,99994,97,39,2,0,958,440,0.01398083885033102,53,22,49073,49585,773,352,0,0,0,0,0,0,98737,0,0,3,0,0,0,0,0,0,0,1254,0,0,0,0,0,0
100,4812,101.02912547281257,99994,102,39,2,0,976,445,0.014210852651159069,53,25,49058,49578,783,356,0,0,0,0,0,0,98719,0,0,3,0,0,0,0,0,0,0,1272,0,0,0,0,0,0
101,4812,102.0267468409368,99994,96,40,2,0,990,452,0.014420865251915115,47,25,49054,49572,799,361,0,0,0,0,0,0,98693,0,0,3,0,0,0,0,0,0,0,1298,0,0,0,0,0,0
102,4812,103.02458767505861,99994,93,36,2,0,1000,456,0.014560873652419145,51,27,49042,49567,810,368,0,0,0,0,0,0,98672,0,0,3,0,0,0,0,0,0,0,1319,0,0,0,0,0,0
103,4812,104.02267646100265,99994,91,38,2,0,1013,462,0.014750885053103187,49,27,49032,49562,824,371,0,0,0,0,0,0,98653,0,0,3,0,0,0,0,0,0,0,1338,0,0,0,0,0,0
104,4812,105.0210037209453,99994,91,38,2,0,1027,467,0.014940896453787227,52,30,49019,49554,834,376,0,0,0,0,0,0,98634,0,0,3,0,0,0,0,0,0,0,1357,0,0,0,0,0,0
105,4812,106.0195611162333,99994,86,40,2,0,1042,474,0.015160909654579275,47,28,49014,49550,849,380,0,0,0,0,0,0,98610,0,0,4,0,0,0,0,0,0,0,1380,0,0,0,0,0,0
106,4812,107.01831683864592,99994,77,43,2,0,1050,483,0.015330919855191312,51,25,49006,49546,862,384,0,0,0,0,0,0,98587,0,0,4,0,0,0,0,0,0,0,1403,0,0,0,0,0,0
107,4812,108.01726065920467,99994,77,47,2,0,1064,489,0.015530931855911355,51,26,48998,49539,870,386,0,0,0,0,0,0,98571,0,0,4,0,0,0,0,0,0,0,1419,0,0,0,0,0,0
108,4812,109.01634719734216,99994,80,44,2,0,1081,494,0.0157509450567034,46,29,48989,49532,881,393,0,0,0,0,0,0,98549,0,0,4,0,0,0,0,0,0,0,1441,0,0,0,0,0,0
109,4812,110.01564383738229,99994,83,41,2,0,1092,499,0.015910954657279437,46,32,48978,49527,889,398,0,0,0,0,0,0,98533,0,0,4,0,0,0,0,0,0,0,1457,0,0,0,0,0,0
110,4812,111.0151576299552,99994,78,48,2,0,1100,508,0.016080964857891473,53,28,48964,49523,901,399,0,0,0,0,0,0,98518,0,0,4,0,0,0,0,0,0,0,1472,0,0,0,0,0,0
111,4812,112.01490942278245,99994,79,49,2,0,1115,514,0.016290977458647517,50,29,48954,49516,913,404,0,0,0,0,0,0,98499,0,0,4,0,0,0,0,0,0,0,1491,0,0,0,0,0,0
112,4812,113.01485396942165,99994,83,53,2,0,1127,524,0.016510990659439565,50,28,48947,49509,916,408,0,0,0,0,0,0,98485,0,0,4,0,0,0,0,0,0,0,1505,0,0,0,0,0,0
113,4812,114.01487646273016,99994,86,55,2,0,1136,532,0.016681000860051604,50,28,48940,49503,920,412,0,0,0,0,0,0,98473,0,0,4,0,0,0,0,0,0,0,1517,0,0,0,0,0,0
114,4812,115.01503234476274,99994,96,53,2,0,1155,536,0.01691101466087965,46,29,48926,49499,928,417,0,0,0,0,0,0,98459,0,0,5,0,0,0,0,0,0,0,1530,0,0,0,0,0,0
115,4812,116.01541213415106,99994,96,56,2,0,1166,543,0.01709102546152769,51,33,48917,49489,932,420,0,0,0,0,0,0,98444,0,0,5,0,0,0,0,0,0,0,1545,0,0,0,0,0,0
116,4812,117.01590256438794,99993,91,60,3,0,1178,553,0.017311211784824938,55,27,48904,49487,945,424,0,0,0,0,0,0,98422,0,0,6,0,0,0,0,0,0,0,1565,0,0,0,0,0,0
117,4812,118.01665248100909,99992,86,52,4,0,1193,557,0.01750140011200896,49,28,48898,49484,961,434,0,0,0,0,0,0,98390,0,0,6,0,0,0,0,0,0,0,1596,0,0,0,0,0,0
118,4812,119.01764381949246,99992,96,48,4,0,1212,563,0.017751420113609088,45,27,48883,49481,970,442,0,0,0,0,0,0,98371,0,0,6,0,0,0,0,0,0,0,1615,0,0,0,0,0,0
119,4812,120.01890409489586,99992,90,43,4,0,1220,568,0.017881430514441157,50,27,48877,49479,977,449,0,0,0,0,0,0,98347,0,0,6,0,0,0,0,0,0,0,1639,0,0,0,0,0,0
120,4812,121.02036078419358,99992,86,43,4,0,1227,574,0.018011440915273222,56,30,48869,49471,983,454,0,0,0,0,0,0,98331,0,0,7,0,0,0,0,0,0,0,1654,0,0,0,0,0,0
121,4812,122.02195415672868,99992,83,41,4,0,1236,580,0.0181614529162333,64,30,48854,49466,993,461,0,0,0,0,0,0,98311,0,0,7,0,0,0,0,0,0,0,1674,0,0,0,0,0,0
122,4812,123.02379233869196,99992,88,41,4,0,1254,588,0.018421473717897433,63,35,48840,49455,1003,467,0,0,0,0,0,0,98290,0,0,7,0,0,0,0,0,0,0,1695,0,0,0,0,0,0
123,4812,124.02583534592004,99992,93,45,4,0,1277,598,0.0187515001200096,57,36,48826,49446,1018,471,0,0,0,0,0,0,98267,0,0,8,0,0,0,0,0,0,0,1717,0,0,0,0,0,0
124,4812,125.02817852160283,99992,94,43,4,0,1294,604,0.018981518521481718,55,40,48813,49436,1032,479,0,0,0,0,0,0,98243,0,0,8,0,0,0,0,0,0,0,1741,0,0,0,0,0,0
125,4812,126.03077393312446,99992,101,53,4,0,1311,619,0.01930154412352988,47,34,48808,49428,1038,483,0,0,0,0,0,0,98228,0,0,8,0,0,0,0,0,0,0,1756,0,0,0,0,0,0
126,4812,127.03342318960097,99991,98,59,5,0,1326,631,0.01957176145853127,45,33,48805,49421,1045,485,0,0,0,0,0,0,98204,0,0,8,0,0,0,0,0,0,0,1779,0,0,0,0,0,0
127,4812,128.03620157749512,99991,96,62,5,0,1344,639,0.01983178486063746,48,33,48787,49415,1062,488,0,0,0,0,0,0,98179,0,0,8,0,0,0,0,0,0,0,1804,0,0,0,0,0,0
128,4812,129.0392924529775,99991,92,59,5,0,1356,645,0.02001180106209559,54,36,48770,49407,1077,496,0,0,0,0,0,0,98155,0,0,9,0,0,0,0,0,0,0,1827,0,0,0,0,0,0
129,4812,130.04275349356197,99991,87,57,5,0,1369,653,0.020221819963796742,65,38,48748,49397,1093,506,0,0,0,0,0,0,98127,0,0,9,0,0,0,0,0,0,0,1855,0,0,0,0,0,0
130,4812,131.046577613134,99991,87,61,5,0,1382,666,0.020481843365902933,70,29,48734,49395,1102,513,0,0,0,0,0,0,98105,0,0,9,0,0,0,0,0,0,0,1877,0,0,0,0,0,0
131,4812,132.050662672747,99991,85,63,5,0,1396,674,0.020701863167685092,73,26,48721,49390,1114,519,0,0,0,0,0,0,98083,0,0,9,0,0,0,0,0,0,0,1899,0,0,0,0,0,0
132,4812,133.05502244605043,99991,83,61,5,0,1412,680,0.020921882969467252,68,27,48715,49385,1127,525,0,0,0,0,0,0,98057,0,0,9,0,0,0,0,0,0,0,1925,0,0,0,0,0,0
133,4812,134.05959876593195,99991,96,57,5,0,1432,689,0.021211909071816464,63,23,48704,49380,1130,538,0,0,0,0,0,0,98037,0,0,9,0,0,0,0,0,0,0,1945,0,0,0,0,0,0
134,4812,135.06430748999279,99991,103,54,5,0,1446,693,0.021391925273274593,61,21,48696,49379,1133,544,0,0,0,0,0,0,98023,0,0,9,0,0,0,0,0,0,0,1959,0,0,0,0,0,0
135,4812,136.06917600239714,99991,96,49,5,0,1456,697,0.021531937874408696,65,24,48686,49375,1146,550,0,0,0,0,0,0,97997,0,0,9,0,0,0,0,0,0,0,1985,0,0,0,0,0,0
136,4812,137.07429792325328,99991,98,52,5,0,1471,703,0.02174195677610985,70,25,48667,49368,1158,553,0,0,0,0,0,0,97981,0,0,9,0,0,0,0,0,0,0,2001,0,0,0,0,0,0
137,4812,138.07969983171387,99991,99,46,5,0,1484,709,0.02193197387764899,68,34,48656,49355,1170,563,0,0,0,0,0,0,97957,0,0,9,0,0,0,0,0,0,0,2025,0,0,0,0,0,0
138,4812,139.08534675912884,99991,104,45,5,0,1507,718,0.02225200268024122,52,35,48653,49345,1184,573,0,0,0,0,0,0,97929,0,0,9,0,0,0,0,0,0,0,2053,0,0,0,0,0,0
139,4812,140.0911998935228,99991,101,51,5,0,1518,729,0.02247202248202338,55,27,48641,49344,1196,576,0,0,0,0,0,0,97910,0,0,9,0,0,0,0,0,0,0,2072,0,0,0,0,0,0
140,4812,141.09730323416963,99990,87,46,6,0,1529,734,0.022632263226322634,63,37,48623,49332,1219,583,0,0,0,0,0,0,97875,0,0,9,0,0,0,0,0,0,0,2106,0,0,0,0,0,0
141,4812,142.10377648315574,99990,83,49,6,0,1539,741,0.022802280228022803,66,34,48613,49332,1230,583,0,0,0,0,0,0,97858,0,0,10,0,0,0,0,0,0,0,2122,0,0,0,0,0,0
142,4812,143.11050388380514,99990,91,47,6,0,1561,745,0.023062306230623063,52,35,48607,49327,1242,589,0,0,0,0,0,0,97839,0,0,11,0,0,0,0,0,0,0,2140,0,0,0,0,0,0
143,4812,144.1174099452404,99990,89,49,6,0,1576,754,0.0233023302330233,48,29,48598,49325,1257,595,0,0,0,0,0,0,97815,0,0,11,0,0,0,0,0,0,0,2164,0,0,0,0,0,0
144,4812,145.1245721632106,99990,84,45,6,0,1585,762,0.02347234723472347,53,30,48587,49317,1268,606,0,0,0,0,0,0,97790,0,0,12,0,0,0,0,0,0,0,2188,0,0,0,0,0,0
145,4812,146.13199661772177,99990,81,45,6,0,1598,767,0.023652365236523653,55,34,48576,49311,1280,608,0,0,0,0,0,0,97769,0,0,12,0,0,0,0,0,0,0,2209,0,0,0,0,0,0
146,4812,147.13964174014484,99990,83,44,6,0,1615,774,0.02389238923892389,52,34,48568,49308,1289,612,0,0,0,0,0,0,97746,0,0,12,0,0,0,0,0,0,0,2232,0,0,0,0,0,0
147,4812,148.14746091658125,99990,90,47,6,0,1627,785,0.024122412241224123,54,28,48556,49303,1292,620,0,0,0,0,0,0,97733,0,0,12,0,0,0,0,0,0,0,2245,0,0,0,0,0,0
148,4812,149.15543055126938,99990,94,51,6,0,1643,794,0.02437243724372437,48,29,48549,49296,1301,622,0,0,0,0,0,0,97716,0,0,12,0,0,0,0,0,0,0,2262,0,0,0,0,0,0
149,4812,150.16355175314544,99990,81,44,6,0,1650,799,0.024492449244924493,48,32,48545,49290,1318,632,0,0,0,0,0,0,97684,0,0,12,0,0,0,0,0,0,0,2294,0,0,0,0,0,0
150,4812,151.17191659903227,99990,81,47,6,0,1656,807,0.02463246324632463,48,29,48542,49290,1321,632,0,0,0,0,0,0,97673,0,0,12,0,0,0,0,0,0,0,2305,0,0,0,0,0,0
151,4812,152.18035773005982,99990,84,41,6,0,1669,811,0.024802480248024804,45,32,48535,49283,1328,642,0,0,0,0,0,0,97653,0,0,12,0,0,0,0,0,0,0,2325,0,0,0,0,0,0
152,4812,153.18897671942767,99990,80,46,6,0,1679,823,0.025022502250225023,45,27,48527,49279,1340,646,0,0,0,0,0,0,97632,0,0,12,0,0,0,0,0,0,0,2346,0,0,0,0,0,0
153,4812,154.19780063482304,99990,72,50,6,0,1690,832,0.025222522252225224,45,28,48523,49269,1352,651,0,0,0,0,0,0,97608,0,0,12,0,0,0,0,0,0,0,2370,0,0,0,0,0,0
154,4812,155.2067602653739,99990,75,51,6,0,1701,842,0.025432543254325434,45,26,48517,49265,1355,656,0,0,0,0,0,0,97591,0,0,12,0,0,0,0,0,0,0,2387,0,0,0,0,0,0
155,4812,156.21580206807502,99990,74,50,6,0,1711,847,0.02558255825582558,53,28,48503,49259,1362,661,0,0,0,0,0,0,97574,0,0,12,0,0,0,0,0,0,0,2404,0,0,0,0,0,0
156,4812,157.22502515735295,99990,77,58,6,0,1727,860,0.025872587258725873,50,22,48497,49254,1368,664,0,0,0,0,0,0,97557,0,0,13,0,0,0,0,0,0,0,2420,0,0,0,0,0,0
157,4812,158.23436328239413,99990,82,56,6,0,1743,866,0.026092609260926092,50,31,48487,49240,1373,671,0,0,0,0,0,0,97538,0,0,13,0,0,0,0,0,0,0,2439,0,0,0,0,0,0
158,4812,159.2438747972594,99990,88,52,6,0,1761,871,0.02632263226322632,52,34,48471,49235,1381,677,0,0,0,0,0,0,97517,0,0,13,0,0,0,0,0,0,0,2460,0,0,0,0,0,0
159,4812,160.253606666522,99990,83,55,6,0,1769,878,0.026472647264726472,58,32,48459,49232,1392,679,0,0,0,0,0,0,97500,0,0,13,0,0,0,0,0,0,0,2477,0,0,0,0,0,0
160,4812,161.26359116783095,99989,81,54,7,0,1776,884,0.02660292632189541,64,28,48450,49233,1396,683,0,0,0,0,0,0,97484,0,0,13,0,0,0,0,0,0,0,2492,0,0,0,0,0,0
161,4812,162.2737299465804,99989,86,47,7,0,1790,888,0.02678294612407365,62,36,48440,49222,1403,693,0,0,0,0,0,0,97465,0,0,14,0,0,0,0,0,0,0,2510,0,0,0,0,0,0
162,4812,163.2840509392626,99989,87,45,7,0,1803,894,0.0269729670263729,74,36,48419,49218,1411,699,0,0,0,0,0,0,97445,0,0,14,0,0,0,0,0,0,0,2530,0,0,0,0,0,0
163,4812,164.29465696242173,99989,85,47,7,0,1816,904,0.027202992329156208,73,33,48412,49213,1421,705,0,0,0,0,0,0,97423,0,0,15,0,0,0,0,0,0,0,2551,0,0,0,0,0,0
164,4812,165.3054904406759,99989,94,47,7,0,1834,914,0.02748302313254458,75,33,48400,49206,1422,712,0,0,0,0,0,0,97404,0,0,15,0,0,0,0,0,0,0,2570,0,0,0,0,0,0
165,4812,166.31647502813965,99989,95,50,7,0,1850,922,0.0277230495354489,82,28,48384,49206,1430,714,0,0,0,0,0,0,97385,0,0,16,0,0,0,0,0,0,0,2588,0,0,0,0,0,0
166,4812,167.32763541330885,99989,108,53,7,0,1871,931,0.0280230825390793,83,33,48368,49193,1432,719,0,0,0,0,0,0,97371,0,0,16,0,0,0,0,0,0,0,2602,0,0,0,0,0,0
167,4812,168.00183919859634,99989,112,48,7,0,1882,932,0.02814309574053146,85,36,48362,49190,1432,724,0,0,0,0,0,0,97358,0,0,16,0,0,0,0,0,0,0,2615,0,0,0,0,0,0
168,4812,169.01326743636798,99989,114,52,7,0,1903,947,0.028503135344887937,81,34,48352,49180,1444,732,0,0,0,0,0,0,97329,0,0,17,0,0,0,0,0,0,0,2643,0,0,0,0,0,0
169,4812,170.0249288275577,99989,109,59,7,0,1916,962,0.02878316614827631,86,29,48339,49171,1457,739,0,0,0,0,0,0,97304,0,0,18,0,0,0,0,0,0,0,2667,0,0,0,0,0,0
170,4812,171.03681801873884,99989,118,60,7,0,1941,969,0.029103201352148736,74,32,48332,49163,1467,743,0,0,0,0,0,0,97282,0,0,18,0,0,0,0,0,0,0,2689,0,0,0,0,0,0
171,4812,172.04884326825635,99989,125,60,7,0,1962,979,0.02941323545590015,65,30,48325,49158,1476,750,0,0,0,0,0,0,97259,0,0,19,0,0,0,0,0,0,0,2711,0,0,0,0,0,0
172,4812,173.0610329697999,99989,125,67,7,0,1978,992,0.029703267359409535,67,28,48312,49152,1487,751,0,0,0,0,0,0,97237,0,0,19,0,0,0,0,0,0,0,2733,0,0,0,0,0,0
173,4812,174.07346043423462,99989,116,67,7,0,1989,1002,0.029913290461950813,72,23,48299,49150,1504,758,0,0,0,0,0,0,97207,0,0,19,0,0,0,0,0,0,0,2763,0,0,0,0,0,0
174,4812,175.08626530483733,99989,120,60,7,0,2012,1009,0.030213323465581213,69,28,48285,49138,1517,772,0,0,0,0,0,0,97174,0,0,19,0,0,0,0,0,0,0,2796,0,0,0,0,0,0
175,4812,176.09939531115336,99989,120,58,7,0,2029,1020,0.030493354268969586,72,25,48266,49132,1533,783,0,0,0,0,0,0,97145,0,0,20,0,0,0,0,0,0,0,2824,0,0,0,0,0,0
176,4812,177.11286850766916,99989,115,57,7,0,2041,1026,0.030673374071147827,72,28,48257,49126,1547,787,0,0,0,0,0,0,97121,0,0,20,0,0,0,0,0,0,0,2848,0,0,0,0,0,0
177,4812,178.12659553047783,99989,124,59,7,0,2068,1037,0.03105341587574633,64,27,48246,49118,1557,794,0,0,0,0,0,0,97095,0,0,21,0,0,0,0,0,0,0,2873,0,0,0,0,0,0
178,4812,179.14049970568786,99988,114,53,7,1,2078,1041,0.031193743249189904,66,34,48240,49110,1571,800,0,0,0,0,0,0,97065,0,0,21,0,0,0,0,0,0,0,2902,0,0,0,0,0,0
179,4812,180.15466645395935,99988,108,54,7,1,2094,1047,0.03141376965235828,72,34,48223,49106,1588,803,0,0,0,0,0,0,97038,0,0,21,0,0,0,0,0,0,0,2929,0,0,0,0,0,0
180,4812,181.16914451369712,99988,112,59,7,1,2110,1063,0.031733808056966836,73,27,48213,49101,1593,810,0,0,0,0,0,0,97015,0,0,21,0,0,0,0,0,0,0,2952,0,0,0,0,0,0
181,4812,182.183806983564,99988,116,61,7,1,2130,1073,0.032033844061287356,72,29,48202,49092,1601,815,0,0,0,0,0,0,96991,0,0,21,0,0,0,0,0,0,0,2976,0,0,0,0,0,0
182,4812,183.19865294521082,99988,116,70,7,1,2146,1086,0.032323878865463854,77,26,48186,49083,1612,818,0,0,0,0,0,0,96971,0,0,21,0,0,0,0,0,0,0,2996,0,0,0,0,0,0
183,4812,184.2137021911329,99988,120,61,7,1,2171,1090,0.03261391366964036,70,34,48181,49075,1620,827,0,0,0,0,0,0,96937,0,0,21,0,0,0,0,0,0,0,3030,0,0,0,0,0,0
184,4812,185.22898386004223,99988,117,63,7,1,2190,1102,0.03292395087410489,77,30,48162,49070,1635,834,0,0,0,0,0,0,96905,0,0,21,0,0,0,0,0,0,0,3062,0,0,0,0,0,0
185,4812,186.24463619466312,99988,118,65,7,1,2213,1108,0.03321398567828139,83,39,48141,49058,1649,835,0,0,0,0,0,0,96880,0,0,22,0,0,0,0,0,0,0,3086,0,0,0,0,0,0
186,4812,187.26054980310983,99988,127,65,7,1,2238,1119,0.033574028883466014,79,37,48127,49054,1658,841,0,0,0,0,0,0,96854,0,0,23,0,0,0,0,0,0,0,3111,0,0,0,0,0,0
187,4812,188.27676270771119,99988,134,72,7,1,2267,1135,0.034024082889946794,73,28,48107,49051,1677,846,0,0,0,0,0,0,96823,0,0,23,0,0,0,0,0,0,0,3142,0,0,0,0,0,0
188,4812,189.29334220086085,99988,127,67,7,1,2282,1140,0.034224106892827136,74,39,48096,49036,1694,855,0,0,0,0,0,0,96791,0,0,23,0,0,0,0,0,0,0,3174,0,0,0,0,0,0
189,4812,190.31019975258812,99987,123,63,8,1,2297,1148,0.0344544790822807,72,39,48091,49031,1704,864,0,0,0,0,0,0,96760,0,0,23,0,0,0,0,0,0,0,3204,0,0,0,0,0,0
190,4812,191.32721888455038,99987,121,67,8,1,2312,1162,0.034744516787182336,78,31,48076,49032,1715,867,0,0,0,0,0,0,96734,0,0,24,0,0,0,0,0,0,0,3229,0,0,0,0,0,0
191,4812,192.00537931449477,99987,113,68,8,1,2322,1170,0.03492454019022473,90,30,48059,49025,1728,874,0,0,0,0,0,0,96709,0,0,24,0,0,0,0,0,0,0,3254,0,0,0,0,0,0
192,4812,193.02299288250586,99987,123,66,8,1,2345,1181,0.03526458439597148,94,31,48040,49018,1733,882,0,0,0,0,0,0,96683,0,0,24,0,0,0,0,0,0,0,3280,0,0,0,0,0,0
193,4812,194.0409124378307,99987,121,66,8,1,2364,1190,0.03554462080070409,98,34,48024,49013,1747,884,0,0,0,0,0,0,96654,0,0,25,0,0,0,0,0,0,0,3308,0,0,0,0,0,0
194,4812,195.05913925746697,99987,119,66,8,1,2384,1199,0.03583465850560573,97,36,48011,49004,1763,891,0,0,0,0,0,0,96623,0,0,25,0,0,0,0,0,0,0,3339,0,0,0,0,0,0
195,4812,196.07765657123363,99987,120,64,8,1,2407,1206,0.03613469751067639,90,36,48003,49000,1777,897,0,0,0,0,0,0,96593,0,0,26,0,0,0,0,0,0,0,3368,0,0,0,0,0,0
196,4812,197.09641874068814,99987,117,56,8,1,2422,1211,0.036334723514056824,87,42,47998,48991,1788,908,0,0,0,0,0,0,96562,0,0,26,0,0,0,0,0,0,0,3399,0,0,0,0,0,0
197,4812,198.11539358414402,99987,114,56,8,1,2445,1218,0.036634762519127485,87,40,47987,48990,1802,911,0,0,0,0,0,0,96529,0,0,26,0,0,0,0,0,0,0,3432,0,0,0,0,0,0
198,4812,199.13463620417554,99987,119,59,8,1,2466,1228,0.03694480282436717,92,42,47968,48985,1811,911,0,0,0,0,0,0,96507,0,0,27,0,0,0,0,0,0,0,3453,0,0,0,0,0,0
199,4812,200.15415544952413,99987,123,62,8,1,2493,1241,0.037344854831128045,88,35,47952,48982,1827,918,0,0,0,0,0,0,96474,0,0,27,0,0,0,0,0,0,0,3486,0,0,0,0,0,0
200,4812,201.1739793394039,99987,128,63,8,1,2515,1252,0.03767489773670577,82,31,47941,48979,1839,924,0,0,0,0,0,0,96448,0,0,28,0,0,0,0,0,0,0,3511,0,0,0,0,0,0
201,4812,202.1940997631664,99987,126,67,8,1,2528,1265,0.03793493154110034,93,27,47919,48977,1852,926,0,0,0,0,0,0,96424,0,0,28,0,0,0,0,0,0,0,3535,0,0,0,0,0,0
202,4812,203.21457177766328,99987,133,65,8,1,2551,1273,0.03824497184634002,89,35,47907,48963,1861,934,0,0,0,0,0,0,96398,0,0,28,0,0,0,0,0,0,0,3561,0,0,0,0,0,0
203,4812,204.23526366088808,99987,138,64,8,1,2574,1282,0.038565013451748724,84,36,47896,48956,1872,941,0,0,0,0,0,0,96371,0,0,29,0,0,0,0,0,0,0,3587,0,0,0,0,0,0
204,4812,205.25620069408592,99987,136,63,8,1,2601,1290,0.0389150589576645,75,38,47884,48949,1895,947,0,0,0,0,0,0,96334,0,0,30,0,0,0,0,0,0,0,3623,0,0,0,0,0,0
205,4812,206.27748457884474,99987,133,65,8,1,2615,1299,0.039145088861552005,88,40,47863,48940,1906,952,0,0,0,0,0,0,96310,0,0,30,0,0,0,0,0,0,0,3647,0,0,0,0,0,0
206,4812,207.29909547194364,99987,143,64,8,1,2640,1314,0.03954514086831288,88,36,47843,48932,1916,965,0,0,0,0,0,0,96279,0,0,30,0,0,0,0,0,0,0,3678,0,0,0,0,0,0
207,4812,208.32103332852367,99987,145,54,8,1,2657,1324,0.039815175972876475,89,43,47828,48918,1928,982,0,0,0,0,0,0,96244,0,0,30,0,0,0,0,0,0,0,3713,0,0,0,0,0,0
208,4812,209.0024928633519,99987,142,55,8,1,2672,1331,0.04003520457659496,88,46,47816,48912,1944,984,0,0,0,0,0,0,96220,0,0,30,0,0,0,0,0,0,0,3737,0,0,0,0,0,0
209,4812,210.02504483276115,99987,146,57,8,1,2695,1341,0.040365247482172684,93,47,47793,48903,1958,990,0,0,0,0,0,0,96193,0,0,30,0,0,0,0,0,0,0,3764,0,0,0,0,0,0
210,4812,211.04798597248666,99987,150,61,8,1,2719,1351,0.04070529168791943,93,50,47774,48900,1973,986,0,0,0,0,0,0,96168,0,0,31,0,0,0,0,0,0,0,3788,0,0,0,0,0,0
211,4812,212.07121491099196,99987,147,62,8,1,2735,1362,0.04097532679248302,97,48,47760,48896,1986,991,0,0,0,0,0,0,96139,0,0,31,0,0,0,0,0,0,0,3817,0,0,0,0,0,0
212,4812,213.09473131136355,99986,145,60,9,1,2762,1370,0.0413257856099854,91,51,47748,48890,2005,996,0,0,0,0,0,0,96100,0,0,31,0,0,0,0,0,0,0,3855,0,0,0,0,0,0
213,4812,214.1185822239022,99986,148,67,9,1,2783,1386,0.04169583741723841,95,42,47735,48885,2011,1003,0,0,0,0,0,0,96073,0,0,31,0,0,0,0,0,0,0,3882,0,0,0,0,0,0
214,4812,215.14266156917876,99986,166,67,9,1,2815,1400,0.04215590182625568,81,34,47728,48881,2014,1015,0,0,0,0,0,0,96045,0,0,31,0,0,0,0,0,0,0,3910,0,0,0,0,0,0
215,4812,216.1668365111672,99986,160,72,9,1,2833,1410,0.042435941031744445,91,37,47710,48873,2028,1015,0,0,0,0,0,0,96016,0,0,31,0,0,0,0,0,0,0,3939,0,0,0,0,0,0
216,4812,217.1913882248666,99986,160,68,9,1,2862,1420,0.04282599563938951,92,37,47691,48865,2046,1027,0,0,0,0,0,0,95974,0,0,32,0,0,0,0,0,0,0,3980,0,0,0,0,0,0
217,4812,218.21636510953675,99986,160,69,9,1,2884,1427,0.04311603624507431,99,38,47667,48859,2063,1031,0,0,0,0,0,0,95946,0,0,32,0,0,0,0,0,0,0,4008,0,0,0,0,0,0
218,4812,219.2417056747044,99986,155,71,9,1,2900,1438,0.043386074050367054,107,42,47651,48847,2076,1037,0,0,0,0,0,0,95916,0,0,32,0,0,0,0,0,0,0,4038,0,0,0,0,0,0
219,4812,220.26735750305477,99986,146,73,9,1,2920,1455,0.043756125857620065,118,34,47629,48842,2096,1048,0,0,0,0,0,0,95873,0,0,33,0,0,0,0,0,0,0,4080,0,0,0,0,0,0
220,4812,221.29347431489316,99985,147,68,10,1,2942,1461,0.044036605490823624,114,40,47620,48834,2107,1055,0,0,0,0,0,0,95842,0,0,34,0,0,0,0,0,0,0,4109,0,0,0,0,0,0
221,4812,222.3198521149368,99985,142,78,10,1,2968,1477,0.04445666850027504,115,32,47599,48830,2132,1057,0,0,0,0,0,0,95807,0,0,36,0,0,0,0,0,0,0,4142,0,0,0,0,0,0
222,4812,223.00437113052675,99985,154,81,10,1,2995,1483,0.044786718007701155,106,32,47585,48824,2143,1060,0,0,0,0,0,0,95790,0,0,37,0,0,0,0,0,0,0,4158,0,0,0,0,0,0
223,4812,224.03145574556837,99985,161,77,10,1,3025,1486,0.04511676751512727,103,43,47569,48817,2155,1060,0,0,0,0,0,0,95762,0,0,39,0,0,0,0,0,0,0,4184,0,0,0,0,0,0
224,4812,225.05878147257923,99985,170,78,10,1,3049,1498,0.04547682152322848,104,40,47556,48813,2158,1066,0,0,0,0,0,0,95737,0,0,40,0,0,0,0,0,0,0,4208,0,0,0,0,0,0
225,4812,226.0863379547365,99985,175,76,10,1,3080,1504,0.04584687703155473,103,53,47535,48799,2175,1069,0,0,0,0,0,0,95703,0,0,40,0,0,0,0,0,0,0,4242,0,0,0,0,0,0
226,4812,227.11421671391304,99985,171,70,10,1,3104,1512,0.046166925038755816,100,55,47521,48793,2196,1079,0,0,0,0,0,0,95663,0,0,42,0,0,0,0,0,0,0,4280,0,0,0,0,0,0
227,4812,228.14248168716017,99985,179,74,10,1,3132,1525,0.046576986547982195,96,55,47502,48787,2211,1081,0,0,0,0,0,0,95635,0,0,43,0,0,0,0,0,0,0,4307,0,0,0,0,0,0
228,4812,229.17113512383992,99985,185,72,10,1,3168,1535,0.04703705555833375,92,53,47474,48781,2237,1091,0,0,0,0,0,0,95595,0,0,45,0,0,0,0,0,0,0,4345,0,0,0,0,0,0
229,4812,230.2003517485438,99985,174,74,10,1,3185,1546,0.047317097564634696,100,57,47457,48770,2257,1096,0,0,0,0,0,0,95558,0,0,45,0,0,0,0,0,0,0,4382,0,0,0,0,0,0
230,4812,231.22998066557645,99985,173,80,10,1,3212,1561,0.04773716057408611,97,54,47442,48766,2276,1097,0,0,0,0,0,0,95522,0,0,46,0,0,0,0,0,0,0,4417,0,0,0,0,0,0
231,4812,232.25998987888852,99985,174,83,10,1,3237,1574,0.048117217582637394,99,60,47419,48751,2296,1103,0,0,0,0,0,0,95490,0,0,48,0,0,0,0,0,0,0,4447,0,0,0,0,0,0
232,4812,233.29040247405905,99985,176,95,10,1,3260,1596,0.048567285092763916,112,47,47394,48744,2306,1111,0,0,0,0,0,0,95459,0,0,48,0,0,0,0,0,0,0,4478,0,0,0,0,0,0
233,4812,234.32115841286756,99985,180,92,10,1,3288,1608,0.048967345101765265,104,51,47385,48732,2319,1122,0,0,0,0,0,0,95422,0,0,50,0,0,0,0,0,0,0,4513,0,0,0,0,0,0
234,4812,235.00846632346148,99985,179,83,10,1,3304,1612,0.04916737510626594,111,55,47367,48730,2331,1129,0,0,0,0,0,0,95394,0,0,52,0,0,0,0,0,0,0,4539,0,0,0,0,0,0
235,4812,236.03986711843257,99985,182,83,10,1,3332,1628,0.049607441116167425,119,52,47340,48723,2347,1139,0,0,0,0,0,0,95353,0,0,52,0,0,0,0,0,0,0,4580,0,0,0,0,0,0
236,4812,237.07177060579346,99984,190,90,11,1,3366,1644,0.05010801728276524,116,50,47316,48713,2365,1144,0,0,0,0,0,0,95319,0,0,53,0,0,0,0,0,0,0,4612,0,0,0,0,0,0
237,4812,238.1040507586167,99984,196,91,11,1,3397,1653,0.05050808129300688,107,59,47297,48697,2387,1150,0,0,0,0,0,0,95289,0,0,56,0,0,0,0,0,0,0,4639,0,0,0,0,0,0
238,4812,239.13673655613783,99984,205,93,11,1,3428,1667,0.05095815330452873,103,54,47276,48690,2403,1160,0,0,0,0,0,0,95256,0,0,57,0,0,0,0,0,0,0,4671,0,0,0,0,0,0
239,4812,240.1698310339535,99984,210,89,11,1,3468,1679,0.051478236517842856,94,59,47253,48681,2430,1168,0,0,0,0,0,0,95206,0,0,58,0,0,0,0,0,0,0,4720,0,0,0,0,0,0
240,4812,241.20342715584405,99984,198,88,11,1,3488,1694,0.051828292526804286,101,56,47235,48673,2453,1180,0,0,0,0,0,0,95159,0,0,59,0,0,0,0,0,0,0,4766,0,0,0,0,0,0
241,4812,242.23750416187318,99984,194,93,11,1,3516,1707,0.05223835813730197,100,53,47215,48668,2478,1183,0,0,0,0,0,0,95120,0,0,60,0,0,0,0,0,0,0,4804,0,0,0,0,0,0
242,4812,243.27209911630683,99983,198,90,12,1,3546,1719,0.052658952021843716,103,51,47193,48663,2492,1193,0,0,0,0,0,0,95079,0,0,60,0,0,0,0,0,0,0,4844,0,0,0,0,0,0
243,4812,244.30711462852872,99983,189,93,12,1,3564,1736,0.053009011531960436,122,50,47165,48653,2510,1201,0,0,0,0,0,0,95040,0,0,62,0,0,0,0,0,0,0,4881,0,0,0,0,0,0
244,4812,245.34257121188136,99983,199,92,12,1,3599,1745,0.0534490863446786,113,48,47154,48647,2520,1210,0,0,0,0,0,0,95006,0,0,63,0,0,0,0,0,0,0,4914,0,0,0,0,0,0
245,4812,246.0330461108646,99983,183,84,12,1,3612,1749,0.05361911524959243,120,51,47141,48642,2542,1220,0,0,0,0,0,0,94969,0,0,67,0,0,0,0,0,0,0,4947,0,0,0,0,0,0
246,4812,247.06919446141168,99983,190,82,12,1,3642,1762,0.05404918836202154,124,49,47120,48633,2552,1233,0,0,0,0,0,0,94932,0,0,68,0,0,0,0,0,0,0,4983,0,0,0,0,0,0
247,4812,248.10576755777018,99983,182,78,12,1,3666,1768,0.05434923937069302,122,54,47110,48627,2572,1238,0,0,0,0,0,0,94891,0,0,69,0,0,0,0,0,0,0,5023,0,0,0,0,0,0
248,4812,249.14263643305625,99983,193,80,12,1,3704,1782,0.05486932778572357,114,53,47090,48620,2589,1244,0,0,0,0,0,0,94852,0,0,69,0,0,0,0,0,0,0,5062,0,0,0,0,0,0
249,4812,250.17990477023875,99983,197,84,12,1,3739,1798,0.05537941450046508,113,50,47065,48610,2611,1253,0,0,0,0,0,0,94810,0,0,70,0,0,0,0,0,0,0,5103,0,0,0,0,0,0
250,4812,251.21764285518015,99983,190,90,12,1,3769,1811,0.05580948761289419,111,51,47042,48598,2643,1258,0,0,0,0,0,0,94766,0,0,70,0,0,0,0,0,0,0,5147,0,0,0,0,0,0
251,4812,252.25599545607275,99983,187,86,12,1,3794,1818,0.056129542022143764,113,59,47027,48588,2659,1264,0,0,0,0,0,0,94727,0,0,70,0,0,0,0,0,0,0,5186,0,0,0,0,0,0
252,4812,253.29473121974453,99983,187,84,12,1,3827,1832,0.05659962193572907,117,66,46999,48572,2683,1275,0,0,0,0,0,0,94680,0,0,72,0,0,0,0,0,0,0,5231,0,0,0,0,0,0
253,4812,254.33396885720876,99983,192,80,12,1,3858,1844,0.057029695048158184,115,67,46980,48563,2699,1287,0,0,0,0,0,0,94639,0,0,73,0,0,0,0,0,0,0,5271,0,0,0,0,0,0
254,4812,255.0270354009151,99983,193,84,12,1,3874,1857,0.057319744356540615,113,63,46971,48556,2709,1294,0,0,0,0,0,0,94616,0,0,74,0,0,0,0,0,0,0,5293,0,0,0,0,0,0
255,4812,256.06687819005214,99983,187,87,12,1,3904,1874,0.05778982427012592,106,62,46962,48541,2731,1307,0,0,0,0,0,0,94569,0,0,77,0,0,0,0,0,0,0,5337,0,0,0,0,0,0
256,4812,257.1070652978825,99983,188,91,12,1,3932,1887,0.05819989398197693,112,62,46936,48531,2750,1313,0,0,0,0,0,0,94535,0,0,79,0,0,0,0,0,0,0,5369,0,0,0,0,0,0
257,4812,258.1477322746345,99983,190,90,12,1,3958,1902,0.05860996369382795,123,64,46909,48519,2764,1324,0,0,0,0,0,0,94495,0,0,79,0,0,0,0,0,0,0,5409,0,0,0,0,0,0
258,4812,259.1888357457564,99983,187,99,12,1,3987,1926,0.05914005380914755,118,66,46898,48496,2783,1336,0,0,0,0,0,0,94450,0,0,81,0,0,0,0,0,0,0,5452,0,0,0,0,0,0
259,4812,260.2302718306769,99983,187,107,12,1,4016,1944,0.05961013372273286,116,62,46879,48490,2804,1338,0,0,0,0,0,0,94411,0,0,81,0,0,0,0,0,0,0,5491,0,0,0,0,0,0
260,4812,261.272053534062,99983,189,112,12,1,4056,1961,0.060180230639208666,97,63,46869,48476,2831,1346,0,0,0,0,0,0,94364,0,0,84,0,0,0,0,0,0,0,5535,0,0,0,0,0,0
261,4812,262.3142139761222,99983,190,112,12,1,4081,1978,0.06060030205134873,108,58,46840,48468,2848,1359,0,0,0,0,0,0,94323,0,0,84,0,0,0,0,0,0,0,5576,0,0,0,0,0,0
262,4812,263.00928722074576,99983,190,107,12,1,4103,1991,0.06095036156146545,111,58,46821,48460,2864,1372,0,0,0,0,0,0,94283,0,0,84,0,0,0,0,0,0,0,5616,0,0,0,0,0,0
263,4812,264.0523977038809,99983,196,110,12,1,4139,2012,0.06152045847794125,105,55,46800,48445,2885,1387,0,0,0,0,0,0,94238,0,0,87,0,0,0,0,0,0,0,5658,0,0,0,0,0,0
264,4812,265.0959618094575,99983,187,102,12,1,4159,2024,0.06184051288719082,109,66,46785,48426,2905,1403,0,0,0,0,0,0,94193,0,0,91,0,0,0,0,0,0,0,5699,0,0,0,0,0,0
265,4812,266.1398754232059,99983,191,104,12,1,4183,2041,0.062250582599041836,118,68,46766,48413,2911,1412,0,0,0,0,0,0,94158,0,0,91,0,0,0,0,0,0,0,5734,0,0,0,0,0,0
266,4812,267.1841153778669,99983,190,107,12,1,4215,2061,0.0627706710140724,118,62,46743,48407,2935,1421,0,0,0,0,0,0,94108,0,0,91,0,0,0,0,0,0,0,5784,0,0,0,0,0,0
267,4812,268.22890911422616,99983,178,115,12,1,4233,2082,0.06316073732534531,124,53,46729,48400,2955,1429,0,0,0,0,0,0,94065,0,0,91,0,0,0,0,0,0,0,5827,0,0,0,0,0,0
268,4812,269.2740804160261,99983,190,104,12,1,4264,2092,0.06357080703719632,129,64,46703,48383,2964,1446,0,0,0,0,0,0,94026,0,0,92,0,0,0,0,0,0,0,5865,0,0,0,0,0,0
269,4812,270.31966479374944,99983,199,105,12,1,4308,2107,0.06416090735425022,115,66,46685,48368,2987,1458,0,0,0,0,0,0,93979,0,0,94,0,0,0,0,0,0,0,5910,0,0,0,0,0,0
270,4812,271.0169392873104,99982,195,106,13,1,4331,2123,0.06455161929147246,113,60,46668,48363,3009,1468,0,0,0,0,0,0,93938,0,0,95,0,0,0,0,0,0,0,5949,0,0,0,0,0,0
271,4812,272.0634288514124,99982,191,99,13,1,4363,2135,0.06499169850573103,110,57,46644,48361,3040,1480,0,0,0,0,0,0,93886,0,0,98,0,0,0,0,0,0,0,5998,0,0,0,0,0,0
272,4812,273.11057880642204,99982,193,99,13,1,4392,2148,0.06541177411934149,102,55,46635,48355,3055,1488,0,0,0,0,0,0,93849,0,0,101,0,0,0,0,0,0,0,6032,0,0,0,0,0,0
273,4812,274.1580098793079,99982,197,99,13,1,4423,2159,0.06583184973295193,94,59,46621,48344,3073,1495,0,0,0,0,0,0,93812,0,0,102,0,0,0,0,0,0,0,6068,0,0,0,0,0,0
274,4812,275.20574685927653,99982,194,105,13,1,4448,2178,0.0662719289472105,102,54,46607,48337,3082,1501,0,0,0,0,0,0,93772,0,0,103,0,0,0,0,0,0,0,6107,0,0,0,0,0,0
275,4812,276.25378119006643,99982,187,101,13,1,4474,2194,0.06669200456082094,112,58,46580,48323,3106,1515,0,0,0,0,0,0,93720,0,0,104,0,0,0,0,0,0,0,6158,0,0,0,0,0,0
276,4812,277.30235784990106,99982,187,103,13,1,4502,2210,0.06713208377507951,114,64,46562,48303,3122,1527,0,0,0,0,0,0,93683,0,0,109,0,0,0,0,0,0,0,6190,0,0,0,0,0,0
277,4812,278.0016153886096,99982,191,102,13,1,4523,2219,0.06743213778480127,120,63,46547,48300,3127,1532,0,0,0,0,0,0,93656,0,0,109,0,0,0,0,0,0,0,6217,0,0,0,0,0,0
278,4812,279.05078844652644,99981,205,102,14,1,4560,2234,0.06795291105310008,114,65,46524,48284,3141,1546,0,0,0,0,0,0,93618,0,0,109,0,0,0,0,0,0,0,6254,0,0,0,0,0,0
279,4812,280.1003629912507,99981,202,109,14,1,4587,2251,0.06839299466898711,127,67,46491,48270,3164,1551,0,0,0,0,0,0,93579,0,0,110,0,0,0,0,0,0,0,6292,0,0,0,0,0,0
280,4812,281.15048022110506,99981,199,112,14,1,4619,2266,0.06886308398595734,120,72,46483,48259,3182,1554,0,0,0,0,0,0,93535,0,0,113,0,0,0,0,0,0,0,6333,0,0,0,0,0,0
281,4812,282.20090971836123,99981,207,106,14,1,4650,2283,0.06934317520328863,119,75,46464,48242,3194,1574,0,0,0,0,0,0,93490,0,0,114,0,0,0,0,0,0,0,6377,0,0,0,0,0,0
282,4812,283.25174980039964,99981,208,104,14,1,4681,2304,0.06986327402206419,113,69,46447,48230,3216,1594,0,0,0,0,0,0,93439,0,0,116,0,0,0,0,0,0,0,6426,0,0,0,0,0,0
283,4812,284.3029578120836,99981,196,104,14,1,4704,2322,0.07027335193686801,124,64,46425,48221,3239,1608,0,0,0,0,0,0,93388,0,0,118,0,0,0,0,0,0,0,6475,0,0,0,0,0,0
284,4812,285.0040622528002,99981,197,119,14,1,4727,2343,0.07071343555275503,118,49,46417,48218,3252,1611,0,0,0,0,0,0,93360,0,0,118,0,0,0,0,0,0,0,6503,0,0,0,0,0,0
285,4812,286.05601330971444,99981,198,123,14,1,4756,2359,0.07116352106900312,114,54,46410,48203,3262,1617,0,0,0,0,0,0,93320,0,0,118,0,0,0,0,0,0,0,6543,0,0,0,0,0,0
286,4812,287.10817328972644,99981,194,120,14,1,4785,2373,0.07159360278452906,121,58,46387,48192,3282,1627,0,0,0,0,0,0,93276,0,0,124,0,0,0,0,0,0,0,6581,0,0,0,0,0,0
287,4812,288.16080948100887,99981,195,118,14,1,4815,2389,0.07205369020113822,116,52,46371,48188,3302,1639,0,0,0,0,0,0,93229,0,0,124,0,0,0,0,0,0,0,6628,0,0,0,0,0,0
288,4812,289.21397488623626,99981,210,104,14,1,4860,2398,0.07259379282063592,112,52,46341,48185,3321,1656,0,0,0,0,0,0,93180,0,0,128,0,0,0,0,0,0,0,6673,0,0,0,0,0,0
289,4812,290.2677775882535,99981,211,105,14,1,4889,2412,0.07302387453616187,125,54,46308,48175,3340,1663,0,0,0,0,0,0,93142,0,0,131,0,0,0,0,0,0,0,6708,0,0,0,0,0,0
290,4812,291.3220766401556,99981,215,110,14,1,4924,2430,0.07355397525529851,122,63,46291,48152,3356,1672,0,0,0,0,0,0,93099,0,0,132,0,0,0,0,0,0,0,6750,0,0,0,0,0,0
291,4812,292.0250875440136,99981,216,116,14,1,4945,2446,0.07392404556865804,129,62,46278,48141,3361,1678,0,0,0,0,0,0,93071,0,0,134,0,0,0,0,0,0,0,6776,0,0,0,0,0,0
292,4812,293.07998151009446,99981,215,106,14,1,4975,2458,0.07434412538382293,132,62,46256,48132,3381,1697,0,0,0,0,0,0,93020,0,0,136,0,0,0,0,0,0,0,6825,0,0,0,0,0,0
293,4812,294.1352917325074,99981,213,108,14,1,5004,2475,0.07480421280043208,135,64,46240,48119,3396,1706,0,0,0,0,0,0,92976,0,0,138,0,0,0,0,0,0,0,6867,0,0,0,0,0,0
294,4812,295.1909965477716,99981,208,112,14,1,5041,2499,0.07541432872245726,136,62,46220,48101,3420,1722,0,0,0,0,0,0,92919,0,0,143,0,0,0,0,0,0,0,6919,0,0,0,0,0,0
295,4812,296.2471212366166,99981,204,113,14,1,5069,2516,0.07586441423870535,144,68,46195,48085,3441,1731,0,0,0,0,0,0,92872,0,0,144,0,0,0,0,0,0,0,6965,0,0,0,0,0,0
296,4812,297.3037624160223,99980,212,108,14,2,5106,2533,0.07640528105621124,137,71,46182,48068,3453,1749,0,0,0,0,0,0,92828,0,0,151,0,0,0,0,0,0,0,7001,0,0,0,0,0,0
297,4812,298.00836283663784,99980,206,112,14,2,5123,2546,0.07670534106821364,142,70,46168,48060,3468,1754,0,0,0,0,0,0,92796,0,0,151,0,0,0,0,0,0,0,7033,0,0,0,0,0,0
298,4812,299.0656176799882,99980,211,102,14,2,5165,2557,0.07723544708941789,121,73,46159,48056,3493,1765,0,0,0,0,0,0,92741,0,0,154,0,0,0,0,0,0,0,7085,0,0,0,0,0,0
299,4812,300.1233236322836,99980,203,103,14,2,5187,2574,0.077625525105021,131,73,46141,48042,3509,1778,0,0,0,0,0,0,92696,0,0,155,0,0,0,0,0,0,0,7129,0,0,0,0,0,0
300,4812,301.18142319233806,99980,203,101,14,2,5213,2587,0.07801560312062412,144,72,46117,48037,3520,1786,0,0,0,0,0,0,92656,0,0,156,0,0,0,0,0,0,0,7168,0,0,0,0,0,0
301,4812,302.23994647961024,99980,217,109,14,2,5252,2607,0.07860572114422884,138,61,46095,48036,3534,1790,0,0,0,0,0,0,92620,0,0,157,0,0,0,0,0,0,0,7203,0,0,0,0,0,0
302,4812,303.2988668032521,99979,214,104,15,2,5287,2624,0.07912661658948379,121,55,46089,48032,3559,1805,0,0,0,0,0,0,92562,0,0,159,0,0,0,0,0,0,0,7258,0,0,0,0,0,0
303,4812,304.0050065219278,99979,212,99,15,2,5308,2635,0.07944668380359876,129,55,46074,48026,3568,1816,0,0,0,0,0,0,92525,0,0,161,0,0,0,0,0,0,0,7293,0,0,0,0,0,0
304,4812,305.0646507723827,99979,215,107,15,2,5336,2651,0.07988677622300683,141,60,46053,48014,3574,1815,0,0,0,0,0,0,92494,0,0,163,0,0,0,0,0,0,0,7322,0,0,0,0,0,0
305,4812,306.12457457713435,99979,223,110,15,2,5373,2673,0.08047690014903129,133,55,46037,48005,3590,1826,0,0,0,0,0,0,92449,0,0,166,0,0,0,0,0,0,0,7364,0,0,0,0,0,0
306,4812,307.1848927777002,99979,205,118,15,2,5405,2695,0.0810170135728503,127,56,46030,47988,3621,1834,0,0,0,0,0,0,92393,0,0,174,0,0,0,0,0,0,0,7412,0,0,0,0,0,0
307,4812,308.2455748410978,99979,198,111,15,2,5430,2707,0.08138709128917072,136,59,46008,47981,3641,1845,0,0,0,0,0,0,92344,0,0,176,0,0,0,0,0,0,0,7459,0,0,0,0,0,0
308,4812,309.30672943843217,99979,205,116,15,2,5473,2726,0.08200722151651847,119,61,45992,47967,3667,1852,0,0,0,0,0,0,92299,0,0,181,0,0,0,0,0,0,0,7499,0,0,0,0,0,0
309,4812,310.01439460680837,99979,208,116,15,2,5498,2735,0.08234729293151562,120,64,45975,47956,3680,1860,0,0,0,0,0,0,92271,0,0,184,0,0,0,0,0,0,0,7524,0,0,0,0,0,0
310,4812,311.0763185174933,99979,214,114,15,2,5538,2750,0.08289740845577571,124,61,45946,47950,3699,1871,0,0,0,0,0,0,92222,0,0,186,0,0,0,0,0,0,0,7571,0,0,0,0,0,0
311,4812,312.13889580374564,99979,202,109,15,2,5568,2765,0.08334750297562488,136,60,45917,47941,3728,1886,0,0,0,0,0,0,92161,0,0,187,0,0,0,0,0,0,0,7631,0,0,0,0,0,0
312,4812,313.2021071931983,99979,207,110,15,2,5600,2785,0.0838676121985617,133,63,45899,47928,3744,1895,0,0,0,0,0,0,92116,0,0,188,0,0,0,0,0,0,0,7675,0,0,0,0,0,0
313,4812,314.26567851921834,99979,218,117,15,2,5635,2802,0.08438772142149852,128,62,45889,47921,3748,1896,0,0,0,0,0,0,92083,0,0,189,0,0,0,0,0,0,0,7707,0,0,0,0,0,0
314,4812,315.32940138845106,99979,216,120,15,2,5663,2819,0.08483781594134768,128,67,45877,47906,3762,1903,0,0,0,0,0,0,92042,0,0,192,0,0,0,0,0,0,0,7745,0,0,0,0,0,0
315,4812,316.0386830672127,99979,221,122,15,2,5689,2837,0.08527790836075576,132,64,45855,47895,3775,1915,0,0,0,0,0,0,92008,0,0,195,0,0,0,0,0,0,0,7776,0,0,0,0,0,0
316,4812,317.1030904201131,99978,224,128,15,3,5719,2852,0.08572886034927685,142,72,45826,47875,3791,1920,0,0,0,0,0,0,91974,0,0,197,0,0,0,0,0,0,0,7807,0,0,0,0,0,0
317,4812,318.16792041715775,99978,224,128,15,3,5763,2874,0.08638900558122788,133,67,45807,47868,3819,1932,0,0,0,0,0,0,91911,0,0,200,0,0,0,0,0,0,0,7867,0,0,0,0,0,0
318,4812,319.23334309253204,99978,214,133,15,3,5788,2895,0.08684910680349676,135,58,45791,47864,3843,1940,0,0,0,0,0,0,91865,0,0,205,0,0,0,0,0,0,0,7908,0,0,0,0,0,0
319,4812,320.2992351222792,99977,224,134,16,3,5829,2911,0.08742010662452364,133,61,45760,47848,3864,1951,1,1,1,1,0,0,91822,0,0,209,0,0,0,0,0,0,1,7944,1,0,0,0,0,0
320,4812,321.2610766796562,99976,227,134,17,3,5848,2922,0.08772105305273266,138,62,45744,47839,3870,1958,2,2,2,2,0,0,91797,0,0,212,0,0,0,0,0,0,3,7963,1,0,0,0,0,0
321,4812,322.06213231188593,99976,235,123,17,3,5876,2931,0.08809114187404977,132,64,45735,47836,3876,1969,3,3,3,3,0,0,91755,0,0,212,0,0,0,0,0,0,5,8003,1,0,0,0,0,0
322,4812,323.1770196201418,99976,232,120,17,3,5909,2949,0.08860126430343282,140,61,45703,47828,3902,1982,4,4,4,4,0,0,91701,0,0,217,0,0,0,0,0,0,7,8050,1,0,0,0,0,0
323,4812,324.180012924175,99975,252,118,17,4,5965,2964,0.08931232808202051,121,78,45684,47805,3918,1987,6,6,6,6,0,0,91647,0,0,220,0,0,0,0,0,0,11,8096,1,0,0,0,0,0
324,4812,325.0294080152968,99975,243,119,17,4,5983,2981,0.08966241560390098,119,75,45679,47796,3932,1996,8,8,8,8,0,0,91600,0,0,220,0,0,0,0,0,0,15,8139,1,0,0,0,0,0
325,4812,326.05654771071164,99974,231,109,18,4,6008,2990,0.0900034008842299,126,76,45660,47790,3953,2008,10,11,11,10,0,0,91545,0,0,226,0,0,0,0,0,0,20,8182,1,0,0,0,0,0
326,4812,327.138954837139,99974,224,112,18,4,6034,3009,0.0904535179146578,137,68,45632,47785,3974,2016,13,13,14,13,0,0,91495,0,0,229,0,0,0,0,0,0,24,8223,3,0,0,0,0,0
327,4812,328.00270725577036,99974,224,111,18,4,6072,3028,0.09102366615319983,135,59,45608,47779,3997,2028,16,17,18,16,0,0,91433,0,0,231,0,0,0,0,0,0,30,8276,4,0,0,0,0,0
328,4812,329.0267181789106,99974,226,115,18,4,6098,3047,0.09147378318362774,138,50,45586,47774,4010,2033,20,22,23,20,0,0,91389,0,0,233,0,0,0,0,0,0,37,8309,6,0,0,0,0,0
329,4812,330.0658306631566,99974,222,102,18,4,6134,3053,0.09189389241202713,144,58,45561,47760,4029,2046,24,28,29,24,0,0,91326,0,0,237,0,0,0,0,0,0,45,8358,8,0,0,0,0,0
330,4812,331.1463030273029,99973,227,94,19,4,6186,3071,0.09259500065017555,136,69,45544,47732,4044,2064,28,35,36,29,0,0,91248,0,0,244,0,0,0,0,0,0,57,8416,8,0,0,0,0,0
331,4812,332.21797277984905,99973,227,101,19,4,6229,3095,0.09326518159903174,123,63,45517,47716,4078,2071,34,43,44,35,0,0,91178,0,0,246,0,0,0,0,0,0,69,8470,10,0,0,0,0,0
332,4812,333.29033880931075,99970,226,100,21,5,6263,3108,0.09373812143643093,135,67,45482,47695,4094,2079,40,52,53,41,0,0,91119,0,0,250,0,0,0,0,0,0,83,8507,11,0,0,0,0,0
333,4812,334.0055958994354,99970,232,99,21,5,6288,3119,0.09409822946884065,129,75,45469,47673,4100,2084,47,62,63,48,0,0,91073,0,0,251,0,0,0,0,0,0,99,8535,12,0,0,0,0,0
334,4812,335.0789686548741,99970,232,98,21,5,6329,3138,0.09469840952285685,128,72,45439,47656,4123,2094,55,73,74,56,0,0,91002,0,0,254,1,0,0,0,0,0,113,8584,16,0,0,0,0,0
335,4812,336.1530117724589,99970,214,102,21,5,6351,3156,0.09509852955886766,139,65,45424,47641,4137,2100,63,85,86,64,0,0,90929,0,0,254,1,0,0,0,0,0,132,8637,17,0,0,0,0,0
336,4812,337.2275141573966,99969,209,102,22,5,6390,3170,0.0956296451900089,130,66,45397,47624,4169,2102,71,99,100,73,0,0,90856,0,0,258,1,0,0,0,0,0,151,8682,21,0,0,0,0,0
337,4812,338.3027908182254,99969,206,108,22,5,6419,3189,0.0961097940361512,128,64,45376,47601,4187,2107,79,113,115,83,0,0,90791,0,0,260,1,0,0,0,0,0,173,8720,24,0,0,0,0,0
338,4812,339.01993393265616,99969,202,110,22,5,6440,3197,0.09639988396402885,135,68,45352,47580,4197,2105,90,130,132,94,0,0,90739,0,0,263,1,0,0,0,0,0,197,8741,28,0,0,0,0,0
339,4812,340.0963093451911,99967,201,113,23,6,6469,3216,0.09688197105044664,158,62,45305,47564,4209,2106,102,147,150,106,0,0,90667,0,0,265,1,0,0,0,0,0,225,8779,30,0,0,0,0,0
340,4812,341.1734683761069,99967,213,110,23,6,6511,3232,0.09746216251362949,152,65,45274,47533,4222,2117,114,167,170,118,0,0,90589,0,0,266,1,0,0,0,0,0,255,8824,32,0,0,0,0,0
341,4812,342.25130873090797,99967,216,109,23,6,6556,3247,0.09806236057899106,135,65,45242,47504,4255,2127,127,187,191,131,0,0,90501,0,0,268,2,0,0,0,0,0,288,8876,32,0,0,0,0,0
342,4812,343.32998171676024,99967,231,109,23,6,6602,3264,0.09869256854762072,120,66,45220,47472,4264,2135,140,210,214,145,0,0,90418,0,0,268,2,0,0,0,0,0,323,8922,34,0,0,0,0,0
343,4812,344.049423584304,99967,224,111,23,6,6621,3276,0.09900267088139086,129,64,45188,47441,4279,2142,155,234,239,160,0,0,90350,0,0,272,2,0,0,0,0,0,359,8946,38,0,0,0,0,0
344,4812,345.129379891584,99967,232,113,23,6,6658,3299,0.09960286894675242,132,63,45154,47403,4286,2153,171,260,266,176,0,0,90263,0,0,273,2,0,0,0,0,0,397,8989,43,0,0,0,0,0
345,4812,346.2100825418515,99967,224,108,23,6,6687,3319,0.10009303070013105,139,61,45114,47366,4310,2168,188,289,295,193,0,0,90157,0,0,273,2,0,0,0,0,0,441,9049,45,0,0,0,0,0
346,4812,347.29169887173833,99967,220,100,23,6,6719,3335,0.10057318915242029,139,55,45079,47338,4331,2179,206,320,326,211,0,0,90053,0,0,276,2,0,0,0,0,0,488,9101,47,0,0,0,0,0
347,4812,348.01334857014126,99967,213,99,23,6,6739,3344,0.10086328488401172,138,56,45061,47304,4339,2180,224,353,359,230,0,0,89974,0,0,278,2,0,0,0,0,0,532,9126,55,0,0,0,0,0
348,4812,349.0964624746722,99966,224,96,24,6,6774,3360,0.10137446731888843,132,63,45034,47255,4342,2191,242,387,394,250,0,0,89882,0,0,280,2,0,0,0,0,0,583,9160,59,0,0,0,0,0
349,4812,350.1801253626699,99966,222,103,24,6,6809,3380,0.10192465438249004,124,60,45003,47211,4363,2195,262,423,431,271,0,0,89779,0,0,282,2,0,0,0,0,0,638,9203,62,0,0,0,0,0
350,4812,351.2646580782088,99966,217,104,24,6,6847,3399,0.10249484824840446,114,49,44970,47175,4389,2202,284,462,470,293,0,0,89670,0,0,287,3,0,0,0,0,0,692,9246,68,0,0,0,0,0
351,4812,352.3502238274882,99966,210,100,24,6,6880,3408,0.10291499109697297,108,51,44935,47134,4415,2205,306,502,511,316,0,0,89562,0,0,290,3,0,0,0,0,0,750,9287,74,0,0,0,0,0
352,4812,353.0744915630872,99966,208,93,24,6,6894,3419,0.1031650761258828,115,49,44906,47089,4419,2216,326,545,554,340,0,0,89471,0,0,292,3,0,0,0,0,0,809,9309,82,0,0,0,0,0
353,4812,354.16167827614026,99965,208,93,24,7,6929,3438,0.10370629720402141,116,40,44875,47050,4425,2220,350,588,599,365,0,0,89359,0,0,297,3,0,0,0,0,0,872,9345,89,0,0,0,0,0
354,4812,355.24969213520177,99965,199,86,24,7,6958,3446,0.10407642674936228,125,42,44833,47003,4445,2226,372,634,647,391,0,0,89241,0,0,304,3,0,0,0,0,0,944,9382,91,0,0,0,0,0
355,4812,356.3387288586062,99965,198,94,24,7,6991,3463,0.10457660181063372,124,47,44792,46947,4462,2220,398,683,697,418,0,0,89130,0,0,306,4,0,0,0,0,0,1015,9414,96,0,0,0,0,0
356,4812,357.0652648387962,99965,193,92,24,7,7004,3472,0.10479667883759315,127,44,44763,46896,4466,2224,425,735,750,446,0,0,89030,0,0,307,4,0,0,0,0,0,1087,9432,105,0,0,0,0,0
357,4812,358.1560271600609,99965,193,100,24,7,7031,3488,0.1052268293902866,127,46,44734,46834,4468,2223,452,788,805,475,0,0,88919,0,0,309,4,0,0,0,0,0,1165,9457,111,0,0,0,0,0
358,4812,359.2474214366174,99965,208,102,24,7,7067,3498,0.10568699044665633,115,52,44700,46782,4472,2213,479,842,863,505,0,0,88818,0,0,311,4,0,0,0,0,0,1239,9468,125,0,0,0,0,0
359,4812,360.33962677913445,99965,200,98,24,7,7090,3510,0.10603711298954634,127,54,44653,46727,4485,2216,509,896,923,536,0,0,88684,0,0,312,4,0,0,0,0,0,1327,9510,128,0,0,0,0,0
360,4812,361.0683677249687,99965,206,95,24,7,7112,3518,0.1063372180263092,119,61,44632,46658,4477,2220,540,957,986,568,0,0,88572,0,0,312,4,0,0,0,0,0,1412,9527,138,0,0,0,0,0
361,4812,362.1622131105805,99963,220,100,26,7,7160,3537,0.10700959354961335,95,68,44593,46584,4494,2220,570,1019,1051,602,0,0,88438,0,0,316,5,0,0,0,0,0,1503,9556,145,0,0,0,0,0
362,4812,363.25695368456456,99962,203,97,26,8,7181,3558,0.10743082371301095,105,65,44554,46515,4507,2231,603,1082,1119,637,0,0,88288,0,0,318,6,0,0,0,0,0,1595,9599,156,0,0,0,0,0
363,4812,364.35275242727437,99962,201,98,26,8,7204,3575,0.1078309757707929,108,60,44513,46447,4512,2239,638,1146,1189,673,0,0,88151,0,0,321,6,0,0,0,0,0,1694,9627,163,0,0,0,0,0
364,4812,365.0838746382835,99962,185,100,26,8,7222,3585,0.10811108221124027,114,59,44469,46381,4532,2235,672,1215,1262,710,0,0,88011,0,0,323,8,0,0,0,0,0,1797,9654,169,0,0,0,0,0
365,4812,366.1819051464689,99962,186,94,26,8,7252,3604,0.10860126848202317,121,54,44419,46307,4537,2253,709,1282,1338,748,0,0,87856,0,0,324,9,0,0,0,0,0,1900,9694,179,0,0,0,0,0
366,4812,367.28115396181744,99962,182,98,26,8,7282,3618,0.10904143574558332,115,54,44385,46232,4547,2249,743,1357,1417,787,0,0,87711,0,0,324,9,0,0,0,0,0,2001,9721,196,0,0,0,0,0
367,4812,368.0144955892198,99962,183,102,26,8,7302,3630,0.10936155739180889,114,50,44348,46149,4545,2253,782,1436,1498,828,0,0,87579,0,0,324,9,0,0,0,0,0,2106,9731,213,0,0,0,0,0
368,4812,369.115597759565,99962,184,104,26,8,7329,3650,0.10983173605970269,109,43,44306,46070,4551,2258,822,1515,1582,870,0,0,87429,0,0,326,10,0,0,0,0,0,2215,9753,229,0,0,0,0,0
369,4812,370.21775239122894,99962,177,95,26,8,7352,3661,0.11017186530881735,113,42,44255,46000,4565,2261,862,1592,1669,913,0,0,87262,0,0,330,10,0,0,0,0,0,2336,9786,238,0,0,0,0,0
370,4812,371.3213059202136,99962,186,93,26,8,7389,3674,0.1106720553810448,111,42,44211,45925,4562,2255,902,1675,1759,957,0,0,87107,0,0,331,10,0,0,0,0,0,2449,9806,259,0,0,0,0,0
371,4812,372.0576063023188,99962,185,91,26,8,7409,3683,0.11096216562293672,105,38,44170,45841,4566,2259,946,1761,1852,1002,0,0,86948,0,0,329,12,0,0,0,0,0,2577,9828,268,0,0,0,0,0
372,4812,373.1632891714241,99962,175,90,26,8,7431,3698,0.11133230627638503,116,34,44123,45755,4572,2265,986,1846,1947,1049,0,0,86779,0,0,336,13,0,0,0,0,0,2707,9847,280,0,0,0,0,0
373,4812,374.2702301628632,99962,174,89,26,8,7457,3707,0.11168243932694424,122,43,44060,45661,4584,2260,1032,1937,2045,1097,0,0,86608,0,0,336,13,0,0,0,0,0,2841,9872,292,0,0,0,0,0
374,4812,375.00900337488525,99962,178,87,26,8,7478,3714,0.1119625457673916,118,45,44010,45563,4589,2260,1077,2035,2146,1146,0,0,86440,0,0,335,14,0,0,0,0,0,2983,9891,299,0,0,0,0,0
375,4812,376.118601307611,99962,186,81,26,8,7509,3727,0.11240271303095176,116,43,43950,45467,4599,2268,1121,2131,2250,1196,0,0,86260,0,0,338,14,0,0,0,0,0,3124,9914,312,0,0,0,0,0
376,4812,377.2296449655437,99962,189,84,26,8,7539,3741,0.11284288029451192,99,42,43915,45372,4599,2265,1170,2227,2357,1248,0,0,86078,0,0,338,15,0,0,0,0,0,3269,9937,325,0,0,0,0,0
377,4812,378.3418252349673,99961,179,83,27,8,7567,3751,0.11322415742139434,101,39,43867,45267,4611,2267,1213,2334,2467,1301,0,0,85889,0,0,342,16,0,0,0,0,0,3414,9958,342,0,0,0,0,0
378,4812,379.08403836490083,99961,181,68,27,8,7590,3755,0.11349426276247737,99,46,43805,45153,4623,2279,1263,2444,2580,1355,0,0,85700,0,0,343,16,0,0,0,0,0,3564,9979,359,0,0,0,0,0
379,4812,380.1990404678827,99961,185,69,27,8,7625,3770,0.11399445783855704,94,43,43747,45045,4634,2286,1311,2547,2695,1410,0,0,85496,0,0,344,16,0,0,0,0,0,3724,10012,369,0,0,0,0,0
380,4812,381.3156001081429,99960,188,68,28,8,7656,3777,0.11437575030012005,88,46,43693,44946,4635,2280,1366,2650,2813,1467,0,0,85298,0,0,345,17,0,0,0,0,0,3888,10033,379,0,0,0,0,0
381,4812,382.06075880912704,99960,185,68,28,8,7675,3783,0.11462585034013606,87,50,43640,44832,4638,2274,1420,2766,2934,1525,0,0,85110,0,0,346,18,0,0,0,0,0,4050,10041,395,0,0,0,0,0
382,4812,383.180076011804,99960,176,80,28,8,7704,3800,0.11508603441376551,88,56,43584,44716,4647,2260,1475,2878,3058,1584,0,0,84908,0,0,346,20,0,0,0,0,0,4211,10060,415,0,0,0,0,0
383,4812,384.30076419986614,99959,184,85,29,8,7733,3818,0.11555737852519533,86,55,43532,44604,4640,2257,1527,2989,3185,1644,0,0,84706,0,0,346,22,0,0,0,0,0,4381,10074,430,0,0,0,0,0
384,4812,385.0485887435475,99959,183,86,29,8,7745,3828,0.1157774687621925,100,46,43469,44495,4632,2253,1585,3110,3315,1705,0,0,84511,0,0,345,22,1,0,0,0,0,4554,10080,446,0,0,0,0,0
385,4812,386.17204771750266,99959,178,90,29,8,7769,3843,0.11616762872777839,107,48,43410,44369,4632,2250,1642,3233,3448,1768,0,0,84294,0,0,348,22,1,0,0,0,0,4734,10098,462,0,0,0,0,0
386,4812,387.29703809723287,99959,183,81,29,8,7808,3853,0.11665782971018117,90,53,43353,44250,4646,2251,1697,3355,3583,1832,0,0,84059,0,0,351,22,1,0,0,0,0,4919,10131,476,0,0,0,0,0
387,4812,388.0479099964862,99959,184,84,29,8,7829,3867,0.1170079732690403,83,46,43294,44132,4648,2242,1760,3486,3721,1897,0,0,83852,0,0,353,22,1,0,0,0,0,5097,10133,501,0,0,0,0,0
388,4812,389.17617425693425,99959,174,82,29,8,7852,3882,0.11738812913294451,89,38,43231,44007,4654,2250,1821,3613,3862,1963,0,0,83617,0,0,356,22,1,0,0,0,0,5285,10158,520,0,0,0,0,0
389,4812,390.3061650072761,99959,177,75,29,8,7885,3891,0.11780830140357547,82,46,43171,43871,4660,2250,1879,3748,4006,2031,0,0,83376,0,0,356,22,1,0,0,0,0,5480,10187,537,0,0,0,0,0
390,4812,391.0604267604461,99959,176,77,29,8,7902,3901,0.11807841214898109,88,50,43105,43734,4661,2242,1939,3887,4153,2100,0,0,83159,0,0,356,22,1,0,0,0,0,5671,10188,562,0,0,0,0,0
391,4812,392.19368848357936,99957,171,78,30,9,7927,3915,0.11847094250527727,98,51,43044,43591,4657,2242,1998,4027,4302,2170,0,0,82928,0,0,357,26,1,0,0,0,0,5864,10197,584,0,0,0,0,0
392,4812,393.3285612947149,99957,169,81,30,9,7956,3933,0.11894114469221766,94,44,42986,43470,4660,2242,2059,4152,4454,2241,0,0,82689,0,0,361,26,1,0,0,0,0,6061,10209,610,0,0,0,0,0
393,4812,394.0859741935918,99957,158,84,30,9,7971,3938,0.11914123072921357,98,48,42923,43338,4665,2227,2124,4292,4609,2313,0,0,82464,0,0,361,28,1,0,0,0,0,6260,10207,636,0,0,0,0,0
394,4812,395.2239720830147,99957,156,84,30,9,7991,3953,0.1194913812939564,95,49,42872,43193,4656,2230,2189,4433,4766,2387,0,0,82221,0,0,363,29,1,0,0,0,0,6469,10217,657,0,0,0,0,0
395,4812,396.3635129966149,99957,158,84,30,9,8022,3964,0.1199115619716478,86,52,42807,43051,4661,2222,2256,4580,4926,2462,0,0,81979,0,0,368,29,1,0,0,0,0,6676,10219,685,0,0,0,0,0
396,4812,397.1241913213636,99957,159,87,30,9,8035,3973,0.1201316566123433,90,48,42740,42907,4654,2216,2325,4731,5088,2538,0,0,81749,0,0,370,29,1,0,0,0,0,6890,10209,709,0,0,0,0,0
397,4812,398.2671577509543,99957,154,82,30,9,8057,3987,0.12049181147893594,95,49,42674,42772,4650,2217,2395,4869,5253,2615,0,0,81493,0,0,373,29,1,0,0,0,0,7103,10220,738,0,0,0,0,0
398,4812,399.0301652274969,99957,162,84,30,9,8079,3993,0.12077193193073021,95,46,42604,42630,4639,2203,2468,5026,5421,2693,0,0,81264,0,0,375,30,1,0,0,0,0,7317,10201,769,0,0,0,0,0
399,4812,400.17686026497324,99957,160,82,30,9,8100,4005,0.12110207389177347,101,47,42529,42482,4636,2199,2542,5179,5591,2773,0,0,81006,0,0,376,31,1,0,0,0,0,7540,10208,795,0,0,0,0,0
400,4812,401.32545522100156,99957,174,82,30,9,8135,4021,0.12161229328611303,96,42,42457,42339,4628,2195,2613,5331,5763,2854,0,0,80738,0,0,377,31,1,0,0,0,0,7772,10222,816,0,0,0,0,0
401,4812,402.09221269598487,99957,172,89,30,9,8156,4033,0.12194243524715628,94,39,42401,42185,4616,2182,2685,5494,5938,2936,0,0,80498,0,0,382,31,1,0,0,0,0,7989,10200,856,0,0,0,0,0
402,4812,403.2443354905781,99957,172,84,30,9,8187,4041,0.1223326030192983,92,44,42322,42034,4626,2181,2756,5646,6115,3019,0,0,80218,0,0,380,33,1,0,0,0,0,8225,10222,878,0,0,0,0,0
403,4812,404.01349868540245,99957,165,81,30,9,8203,4051,0.12259271486739298,99,44,42247,41872,4629,2183,2828,5809,6294,3103,0,0,79945,0,0,378,37,1,0,0,0,0,8464,10234,898,0,0,0,0,0
404,4812,405.1696985106287,99957,157,76,30,9,8226,4057,0.12288283962103705,110,51,42166,41715,4635,2181,2900,5966,6476,3188,0,0,79660,0,0,381,37,1,0,0,0,0,8710,10249,919,0,0,0,0,0
405,4812,406.3281099855843,99957,163,68,30,9,8260,4070,0.12335304180797743,103,47,42096,41567,4636,2180,2970,6127,6660,3275,0,0,79376,0,0,380,39,1,0,0,0,0,8946,10263,952,0,0,0,0,0
406,4812,407.1014976481287,99957,164,66,30,9,8282,4077,0.1236431665616215,98,44,42018,41420,4640,2172,3048,6287,6846,3363,0,0,79110,0,0,383,42,1,0,0,0,0,9189,10251,981,0,0,0,0,0
407,4812,408.2641574210167,99956,163,69,31,9,8308,4088,0.12401456640922005,102,49,41933,41261,4641,2170,3128,6440,7034,3452,0,0,78831,0,0,386,42,1,0,0,0,0,9436,10249,1011,0,0,0,0,0
408,4812,409.0405204550759,99956,161,66,31,9,8323,4093,0.1242146544479571,101,49,41865,41103,4630,2157,3210,6614,7224,3542,0,0,78572,0,0,386,43,1,0,0,0,0,9671,10228,1055,0,0,0,0,0
409,4812,410.2074750344329,99956,164,75,31,9,8346,4113,0.12464484373124175,104,42,41792,40946,4625,2146,3282,6780,7416,3633,0,0,78290,0,0,385,45,1,0,0,0,0,9923,10228,1084,0,0,0,0,0
410,4812,411.37632923541713,99955,172,74,32,9,8375,4128,0.1250862888299735,96,41,41719,40791,4620,2136,3359,6947,7610,3725,0,0,78005,0,0,386,47,1,0,0,0,0,10174,10225,1117,0,0,0,0,0
411,4812,412.1566357922016,99954,176,69,33,9,8397,4134,0.1253676691277988,89,42,41632,40628,4620,2126,3448,7124,7806,3818,0,0,77724,0,0,388,47,1,0,0,0,0,10428,10214,1152,0,0,0,0,0
412,4812,413.32989201476664,99954,168,61,33,9,8414,4144,0.1256377933849571,86,48,41567,40477,4617,2121,3527,7282,8004,3912,0,0,77416,0,0,390,48,1,0,0,0,0,10696,10228,1175,0,0,0,0,0
413,4812,414.11320019565164,99954,169,63,33,9,8431,4151,0.12587790383576444,84,47,41497,40300,4607,2111,3608,7468,8204,4007,0,0,77130,0,0,392,48,1,0,0,0,0,10963,10217,1203,0,0,0,0,0
414,4812,415.2905737745437,99954,152,69,33,9,8445,4167,0.12617804189927367,97,44,41426,40129,4603,2108,3687,7639,8406,4103,0,0,76819,0,0,393,49,1,0,0,0,0,11235,10229,1228,0,0,0,0,0
415,4812,416.07660639680347,99954,158,76,33,9,8469,4180,0.1265482121776017,84,38,41347,39957,4605,2102,3771,7816,8609,4200,0,0,76521,0,0,394,52,1,0,0,0,0,11513,10226,1247,0,0,0,0,0
416,4812,417.2582784979742,99954,162,74,33,9,8497,4190,0.1269283870580467,87,43,41266,39787,4593,2098,3857,7987,8814,4298,0,0,76223,0,0,397,52,1,0,0,0,0,11778,10218,1285,0,0,0,0,0
417,4812,418.0473009659307,99954,165,76,33,9,8522,4198,0.12725853892790684,84,42,41171,39613,4597,2092,3948,8166,9021,4397,0,0,75924,0,0,396,54,1,0,0,0,0,12050,10212,1317,0,0,0,0,0
418,4812,419.2338465758956,99954,167,78,33,9,8554,4214,0.12773875982952157,75,35,41087,39449,4599,2086,4037,8341,9229,4497,0,0,75608,0,0,402,54,1,0,0,0,0,12328,10214,1347,0,0,0,0,0
419,4812,420.0263143437749,99954,161,68,33,9,8566,4217,0.1278888288612762,100,66,40981,39251,4593,2081,4130,8523,9439,4598,0,0,75306,11,0,408,54,1,0,0,0,0,12605,10188,1381,0,0,0,0,0
420,4812,421.10967385347413,99954,162,80,33,9,8588,4243,0.12836904976289093,110,56,40892,39072,4582,2079,4219,8702,9650,4700,0,0,74989,40,3,409,56,1,0,0,0,0,12890,10162,1404,0,0,0,0,0
421,4812,422.1953469349533,99954,153,86,33,9,8608,4258,0.128719210836985,129,62,40795,38898,4579,2069,4309,8874,9863,4803,0,0,74670,70,4,416,56,1,0,0,0,0,13178,10128,1431,0,0,0,0,0
422,4812,423.283368383876,99954,169,85,33,9,8651,4276,0.12932949156612042,132,62,40698,38729,4574,2070,4392,9043,10077,4907,0,0,74347,107,10,417,58,1,0,0,0,0,13458,10095,1461,0,0,0,0,0
423,4812,424.0099897132985,99954,171,87,33,9,8674,4285,0.12964963883386357,139,65,40598,38534,4573,2069,4484,9234,10292,5012,0,0,74026,132,12,418,58,1,0,0,0,0,13752,10070,1485,0,0,0,0,0
424,4812,425.1029396351169,99954,186,94,33,9,8712,4301,0.13018988734818016,133,71,40508,38346,4570,2054,4568,9424,10508,5118,0,0,73716,153,17,422,60,1,0,0,0,0,14036,10033,1516,0,0,0,0,0
425,4812,426.198164970015,99954,198,105,33,9,8752,4324,0.13082017728154952,132,71,40401,38153,4576,2051,4658,9609,10725,5225,0,0,73378,189,20,422,61,1,0,0,0,0,14335,10011,1537,0,0,0,0,0
426,4812,427.29609116823934,99954,214,105,33,9,8798,4342,0.13146047181703582,151,74,40272,37969,4576,2052,4752,9789,10944,5333,0,0,73051,225,26,424,64,1,0,0,0,0,14620,9972,1571,0,0,0,0,0
427,4812,428.029757777214,99954,216,119,33,9,8828,4362,0.13196070192288453,160,75,40173,37788,4571,2033,4845,9974,11164,5441,0,0,72742,252,31,423,67,1,0,0,0,0,14897,9927,1614,0,0,0,0,0
428,4812,429.13331066648607,99954,226,113,33,9,8876,4381,0.13263101026472177,165,94,40058,37587,4580,2037,4936,10158,11384,5550,0,0,72393,308,34,424,70,1,0,0,0,0,15187,9890,1647,0,0,0,0,0
429,4812,430.23975608316766,99954,235,129,33,9,8923,4414,0.13343137843407968,164,93,39952,37385,4587,2040,5027,10342,11605,5660,0,0,72057,345,44,428,74,1,0,0,0,0,15476,9854,1675,0,0,0,0,0
430,4812,431.348972409472,99953,243,128,33,10,8973,4432,0.13411303312556902,188,109,39826,37198,4594,2041,5114,10512,11827,5771,0,0,71712,392,51,433,75,1,0,0,0,0,15766,9814,1709,0,0,0,0,0
431,4812,432.0901780716689,99953,259,139,33,10,9009,4454,0.13469330585375125,192,106,39709,37001,4593,2035,5212,10707,12050,5883,0,0,71385,416,53,438,75,1,0,0,0,0,16067,9777,1741,0,0,0,0,0
432,4812,433.20533010930257,99953,273,143,33,10,9062,4481,0.13549368203055437,207,106,39584,36815,4600,2042,5301,10882,12274,5995,0,0,71032,468,59,441,76,1,0,0,0,0,16362,9739,1775,0,0,0,0,0
433,4812,434.323772605957,99953,285,151,33,10,9117,4516,0.13639410522945786,244,98,39436,36638,4609,2045,5391,11056,12498,6108,0,0,70679,518,70,447,79,1,0,0,0,0,16654,9699,1806,0,0,0,0,0
434,4812,435.07134276854305,99952,295,157,34,10,9162,4533,0.13701576756843284,241,105,39319,36428,4622,2039,5487,11259,12723,6222,0,0,70342,552,77,447,83,1,0,0,0,0,16949,9662,1839,0,0,0,0,0
435,4812,436.1963138861005,99952,327,162,34,10,9241,4564,0.13811629582199456,232,108,39197,36247,4631,2036,5577,11435,12949,6337,0,0,69997,607,84,450,91,1,0,0,0,0,17232,9608,1882,0,0,0,0,0
436,4812,437.3245861058868,99952,341,154,34,10,9311,4589,0.13906675204097968,249,121,39067,36055,4650,2050,5657,11608,13175,6452,0,0,69622,677,97,456,91,1,0,0,0,0,17524,9566,1918,0,0,0,0,0
437,4812,438.0786630208992,99952,354,152,34,10,9350,4609,0.13965703537698096,250,121,38970,35857,4639,2052,5751,11806,13402,6568,0,0,69283,713,106,459,91,1,0,0,0,0,17818,9523,1958,0,0,0,0,0
438,4812,439.2130832097243,99952,376,162,34,10,9422,4646,0.14074755882823756,269,138,38812,35659,4661,2060,5846,11969,13629,6685,0,0,68922,768,116,469,93,1,0,0,0,0,18114,9475,1994,0,0,0,0,0
439,4812,440.35113214226965,99952,422,174,34,10,9519,4687,0.14212822154634225,273,134,38682,35477,4660,2066,5927,12137,13856,6802,0,0,68571,827,128,475,96,1,0,0,0,0,18394,9417,2043,0,0,0,0,0
440,4812,441.1118166058868,99951,424,177,35,10,9571,4712,0.14290002101029503,295,127,38536,35295,4685,2062,6023,12327,14084,6920,0,0,68222,875,138,484,100,1,0,0,0,0,18684,9362,2085,0,0,0,0,0
441,4812,442.2572985661981,99951,440,191,35,10,9664,4746,0.14417064361537152,314,145,38371,35100,4726,2055,6112,12497,14312,7039,0,0,67849,948,154,486,106,1,0,0,0,0,18968,9313,2126,0,0,0,0,0
442,4812,443.02345283604984,99951,463,194,35,10,9719,4770,0.14496103090514353,331,159,38247,34900,4716,2056,6206,12679,14540,7158,0,0,67504,983,167,487,110,1,0,0,0,0,19265,9275,2159,0,0,0,0,0
443,4812,444.1765628072719,99949,488,199,35,12,9817,4816,0.14640466637985372,347,162,38083,34702,4748,2081,6297,12842,14768,7278,0,0,67101,1068,184,493,113,1,0,0,0,0,19563,9238,2188,0,0,0,0,0
444,4812,445.33390998251986,99949,486,227,35,12,9899,4877,0.1478353960519865,364,153,37935,34505,4791,2087,6387,13014,14996,7398,0,0,66713,1152,201,507,115,1,0,0,0,0,19850,9180,2230,0,0,0,0,0
445,4812,446.1077561218696,99949,504,234,35,12,9971,4915,0.1489359573382425,369,152,37777,34294,4819,2101,6494,13205,15224,7519,0,0,66342,1213,214,511,121,1,0,0,0,0,20146,9137,2264,0,0,0,0,0
446,4812,447.2737870007815,99949,530,244,35,12,10073,4968,0.1504867482416032,393,144,37611,34108,4851,2122,6578,13368,15452,7641,0,0,65942,1299,240,516,123,1,0,0,0,0,20434,9096,2298,0,0,0,0,0
447,4812,448.0536852597364,99949,556,253,35,12,10148,5001,0.15156729932265456,393,159,37482,33896,4865,2126,6667,13552,15680,7763,0,0,65582,1351,260,517,123,1,0,0,0,0,20722,9053,2340,0,0,0,0,0
448,4812,449.22787560017827,99949,573,261,35,12,10268,5056,0.15331819227806182,388,159,37344,33706,4907,2151,6751,13709,15908,7886,0,0,65165,1461,283,524,131,1,0,0,0,0,21005,9001,2378,0,0,0,0,0
449,4812,450.0129435091716,99948,603,265,36,12,10352,5087,0.15447032456877577,407,174,37187,33492,4921,2164,6844,13891,16136,8009,0,0,64790,1518,298,532,131,1,0,0,0,0,21307,8959,2412,0,0,0,0,0
450,4812,451.19546433941105,99947,639,288,36,13,10500,5150,0.1565829889841616,391,193,36996,33288,4995,2170,6941,14046,16363,8133,0,0,64371,1619,326,544,140,1,0,0,0,0,21596,8912,2438,0,0,0,0,0
451,4812,452.3834085863078,99945,645,278,38,13,10629,5199,0.15836710190604833,415,223,36804,33088,5074,2196,7022,14200,16590,8257,0,0,63948,1733,369,561,143,1,0,0,0,0,21857,8852,2481,0,0,0,0,0
452,4812,453.1786306735098,99945,645,275,38,13,10715,5241,0.1596478062934614,433,241,36648,32887,5120,2212,7114,14370,16817,8381,0,0,63550,1828,388,572,148,1,0,0,0,0,22140,8793,2525,0,0,0,0,0
453,4812,454.3771191398265,99944,669,286,39,13,10845,5312,0.16166052989674218,455,270,36456,32675,5183,2248,7196,14506,17044,8506,0,0,63125,1936,423,585,154,1,0,0,0,0,22419,8743,2558,0,0,0,0,0
454,4812,455.1790522220687,99944,693,291,39,13,10940,5348,0.16297126390778835,450,288,36330,32475,5207,2258,7279,14673,17270,8631,0,0,62756,2000,447,593,159,1,0,0,0,0,22699,8689,2600,0,0,0,0,0
455,4812,456.38721820052046,99944,710,327,39,13,11080,5439,0.16528255823261026,486,272,36134,32281,5278,2295,7351,14810,17496,8757,0,0,62310,2128,474,606,166,1,0,0,0,0,22989,8640,2630,0,0,0,0,0
456,4812,457.19563113052897,99943,725,360,39,14,11175,5506,0.16690513592747866,496,260,35973,32082,5321,2303,7444,14979,17721,8883,0,0,61908,2208,494,613,171,1,0,0,0,0,23289,8604,2655,0,0,0,0,0
457,4812,458.00723211913186,99943,754,363,39,14,11287,5548,0.16844601422811004,517,281,35791,31887,5363,2309,7534,15144,17946,9009,0,0,61528,2290,521,616,179,1,0,0,0,0,23560,8546,2702,0,0,0,0,0
458,4812,459.23100585051805,99943,776,393,39,14,11446,5634,0.170897411524569,531,295,35593,31684,5464,2334,7595,15278,18170,9136,0,0,61081,2425,557,624,187,1,0,0,0,0,23834,8495,2739,0,0,0,0,0
459,4812,460.05019217182877,99943,768,406,39,14,11537,5690,0.1723682499024444,546,286,35430,31490,5531,2350,7684,15452,18393,9263,0,0,60692,2511,596,634,192,1,0,0,0,0,24096,8438,2783,0,0,0,0,0
460,4812,461.2855445184732,99942,807,430,40,14,11718,5773,0.17501150667387083,532,290,35239,31299,5614,2378,7766,15587,18616,9390,0,0,60268,2625,655,656,196,1,0,0,0,0,24345,8375,2821,0,0,0,0,0
461,4812,462.11253066648777,99941,830,435,41,14,11834,5829,0.1767342732212005,544,291,35072,31116,5655,2393,7856,15749,18838,9518,0,0,59878,2713,695,664,200,2,0,0,0,0,24605,8318,2866,0,0,0,0,0
462,4812,463.35960393408635,99941,833,456,41,14,11992,5934,0.17936582583724398,596,293,34844,30909,5754,2452,7930,15874,19059,9646,0,0,59406,2874,745,682,207,2,0,0,0,0,24864,8261,2900,0,0,0,0,0
463,4812,464.1950119800617,99940,870,468,42,14,12120,6001,0.18131879127476486,612,293,34677,30707,5785,2481,8012,16035,19280,9774,0,0,59002,2967,775,695,212,2,0,0,0,0,25141,8209,2937,0,0,0,0,0
464,4812,465.0339374099284,99939,890,463,43,14,12248,6069,0.1832818018991585,623,301,34494,30507,5847,2530,8101,16183,19500,9902,0,0,58584,3078,827,707,216,2,0,0,0,0,25395,8155,2975,0,0,0,0,0
465,4812,466.29928547449146,99938,912,473,44,14,12455,6169,0.18635554043506974,644,306,34287,30309,5950,2598,8161,16298,19719,10031,0,0,58105,3239,891,733,232,2,0,0,0,0,25642,8097,2997,0,0,0,0,0
466,4812,467.14679224660426,99938,933,491,44,14,12588,6234,0.18833676879665393,658,303,34098,30116,6011,2619,8254,16455,19937,10160,0,0,57708,3332,942,743,236,3,0,0,0,0,25895,8045,3034,0,0,0,0,0
467,4812,468.4256859678811,99937,965,492,44,15,12791,6335,0.19138056975894813,666,326,33898,29896,6110,2684,8315,16585,20154,10289,0,0,57219,3508,999,761,246,3,0,0,0,0,26145,7989,3067,0,0,0,0,0
468,4812,469.2821856290256,99937,973,488,44,15,12917,6403,0.19332179272941954,708,337,33701,29694,6182,2733,8390,16731,20371,10418,0,0,56789,3627,1050,774,250,3,0,0,0,0,26403,7940,3101,0,0,0,0,0
469,4812,470.1430781786704,99937,1028,495,44,15,13077,6472,0.1956132363388935,713,354,33506,29487,6240,2765,8467,16882,20587,10547,0,0,56378,3726,1094,788,255,4,0,0,0,0,26667,7894,3131,0,0,0,0,0
470,4812,471.008369611166,99937,1055,502,44,15,13229,6546,0.19787466103645296,740,348,33291,29301,6314,2808,8554,17024,20802,10677,0,0,55955,3839,1146,803,262,4,0,0,0,0,26920,7844,3164,0,0,0,0,0
471,4812,472.3150495810529,99934,1078,506,46,16,13454,6642,0.20109272119598937,769,381,33040,29094,6444,2867,8621,17134,21016,10807,0,0,55455,4028,1217,819,269,5,0,0,0,0,27152,7793,3196,0,0,0,0,0
472,4812,473.1910545803134,99934,1125,509,46,16,13632,6731,0.20376448455980947,777,389,32824,28913,6520,2910,8706,17261,21229,10937,0,0,55041,4141,1280,835,284,5,0,0,0,0,27383,7732,3233,0,0,0,0,0
473,4812,474.0721547477374,99934,1153,526,46,16,13798,6815,0.2062661356495287,775,387,32634,28713,6610,2946,8780,17410,21441,11067,0,0,54616,4267,1328,843,301,5,0,0,0,0,27631,7678,3265,0,0,0,0,0
474,4812,475.40261781949266,99934,1220,561,46,16,14073,6958,0.2104488962715392,779,376,32367,28532,6753,3019,8833,17494,21652,11197,0,0,54116,4460,1412,862,313,5,0,0,0,0,27847,7625,3294,0,0,0,0,0
475,4812,476.29487830188873,99934,1256,559,46,16,14262,7033,0.2130906398222827,793,380,32144,28354,6841,3061,8918,17628,21861,11327,0,0,53695,4572,1478,891,322,6,0,0,0,0,28079,7565,3326,0,0,0,0,0
476,4812,477.19295375594254,99934,1297,578,46,16,14469,7127,0.21610262773430464,783,379,31915,28163,6955,3103,9002,17759,22069,11457,0,0,53265,4695,1560,910,330,6,0,0,0,0,28295,7515,3358,0,0,0,0,0
477,4812,478.09686724611123,99933,1319,601,47,16,14640,7218,0.21872654678634684,815,394,31710,27972,7033,3138,9074,17877,22276,11587,0,0,52843,4810,1611,931,348,6,0,0,0,0,28542,7460,3382,0,0,0,0,0
478,4812,479.00610809300036,99932,1295,612,48,16,14811,7296,0.2212204298923268,822,415,31524,27791,7164,3171,9145,17993,22482,11717,0,0,52398,4952,1686,953,358,8,0,0,0,0,28761,7404,3412,0,0,0,0,0
479,4812,480.37991251266794,99928,1307,650,51,17,15091,7447,0.22554239052117525,858,403,31255,27621,7349,3247,9178,18060,22687,11847,0,0,51877,5158,1784,989,377,10,0,0,0,0,28964,7342,3427,0,0,0,0,0
480,4812,481.3015950746958,99927,1351,648,52,17,15295,7541,0.22852682458194482,850,408,31063,27428,7434,3305,9248,18192,22891,11977,0,0,51442,5287,1865,1009,391,10,0,0,0,0,29179,7291,3453,0,0,0,0,0
481,4812,482.2288992971289,99926,1363,671,53,17,15490,7636,0.2314312591317575,854,421,30857,27248,7547,3336,9324,18305,23094,12107,0,0,51015,5415,1950,1029,400,12,0,0,0,0,29384,7236,3485,0,0,0,0,0
482,4812,483.16174496394376,99925,1390,698,54,17,15698,7753,0.23468601451088317,840,426,30694,27051,7635,3384,9385,18422,23295,12237,0,0,50593,5553,2044,1039,419,12,0,0,0,0,29566,7176,3523,0,0,0,0,0
483,4812,484.099720172583,99923,1387,694,55,18,15874,7839,0.23731273080271809,874,445,30492,26869,7740,3443,9450,18529,23495,12367,0,0,50162,5682,2135,1054,436,14,0,0,0,0,29767,7128,3545,0,0,0,0,0
484,4812,485.04302606693795,99923,1374,719,55,18,16067,7957,0.24042512734805802,901,454,30280,26675,7883,3505,9505,18627,23694,12497,0,0,49692,5850,2215,1084,444,14,0,0,0,0,29976,7071,3577,0,0,0,0,0
485,4812,486.4694092856642,99923,1437,719,55,18,16412,8099,0.24529888013770604,933,472,29989,26507,8065,3606,9519,18676,23892,12627,0,0,49165,6064,2351,1114,465,14,0,0,0,0,30135,7021,3594,0,0,0,0,0
486,4812,487.4271770433564,99921,1471,731,57,18,16637,8204,0.24860639905525364,956,495,29759,26331,8182,3652,9573,18771,24088,12757,0,0,48723,6210,2429,1139,482,16,0,0,0,0,30340,6963,3619,0,0,0,0,0
487,4812,488.3915148684607,99921,1472,743,57,18,16853,8319,0.2519190160226579,974,490,29533,26168,8325,3714,9637,18865,24283,12887,0,0,48250,6386,2518,1164,496,16,0,0,0,0,30537,6907,3647,0,0,0,0,0
488,4812,489.36275932190324,99920,1493,745,58,18,17083,8442,0.25545436349079265,969,490,29329,25986,8450,3798,9699,18961,24477,13017,0,0,47796,6554,2612,1192,520,17,0,0,0,0,30716,6840,3673,0,0,0,0,0
489,4812,490.3408064545343,99920,1523,752,58,18,17338,8562,0.25920736589271415,948,517,29119,25810,8594,3869,9756,19032,24670,13147,0,0,47350,6686,2734,1227,545,17,0,0,0,0,30887,6793,3681,0,0,0,0,0
490,4812,491.32595663135834,99920,1545,787,58,18,17565,8707,0.26293034427542034,962,494,28892,25658,8727,3937,9814,19104,24861,13277,0,0,46898,6834,2838,1254,560,19,0,0,0,0,31070,6749,3698,0,0,0,0,0
491,4812,492.3178339763536,99920,1605,785,58,18,17826,8821,0.2666833466773419,934,488,28688,25503,8833,4011,9880,19193,25051,13407,0,0,46463,6987,2955,1278,575,19,0,0,0,0,31229,6685,3729,0,0,0,0,0
492,4812,493.31682685023964,99920,1571,780,58,18,18030,8941,0.26992594075260207,986,506,28464,25331,8996,4092,9923,19271,25240,13536,0,0,45986,7177,3057,1313,588,22,0,0,0,0,31399,6617,3761,0,0,0,0,0
493,4812,494.3229255331897,99919,1586,781,59,18,18271,9061,0.2735415686706232,995,522,28261,25169,9130,4149,9967,19359,25427,13665,0,0,45535,7345,3179,1342,598,24,0,0,0,0,31550,6552,3794,0,0,0,0,0
494,4812,495.33624694456455,99919,1591,781,59,18,18517,9184,0.2772345599935948,980,540,28063,24988,9281,4238,10024,19433,25613,13794,0,0,45059,7525,3286,1377,619,24,0,0,0,0,31720,6496,3813,0,0,0,0,0
495,4812,496.356598451566,99916,1626,829,61,19,18779,9335,0.2813763561391569,963,524,27862,24816,9412,4296,10074,19514,25798,13923,0,0,44622,7660,3406,1407,637,25,0,0,0,0,31881,6448,3830,0,0,0,0,0
496,4812,497.38428294984635,99915,1613,848,62,19,19023,9479,0.2852624731021368,981,502,27685,24673,9549,4371,10108,19585,25981,14052,0,0,44187,7803,3552,1441,667,27,0,0,0,0,32005,6390,3843,0,0,0,0,0
497,4812,498.41849093304825,99915,1608,862,62,19,19281,9622,0.28927588450182656,978,473,27467,24547,9729,4448,10154,19649,26163,14181,0,0,43715,7984,3663,1486,690,28,0,0,0,0,32158,6322,3869,0,0,0,0,0
498,4812,499.4604539277475,99914,1590,854,63,19,19507,9745,0.29277178373401125,997,486,27290,24375,9861,4538,10197,19726,26343,14309,0,0,43270,8128,3808,1522,709,30,0,0,0,0,32288,6278,3881,0,0,0,0,0
499,4812,500.5096569154653,99914,1597,839,63,19,19759,9873,0.29657505454691035,992,500,27108,24217,9992,4643,10246,19780,26522,14437,0,0,42825,8298,3957,1547,736,30,0,0,0,0,32401,6217,3903,0,0,0,0,0
500,4812,501.0363825279952,99914,1601,840,63,19,19894,9943,0.29862681906439537,978,489,26964,24063,10064,4678,10328,19909,26700,14565,0,0,42500,8346,4057,1569,752,30,0,0,0,0,32566,6164,3930,0,0,0,0,0
501,4812,502.0981199880122,99914,1605,847,63,19,20156,10073,0.30255019316612286,986,495,26742,23926,10226,4756,10376,19955,26876,14693,0,0,42056,8506,4187,1602,777,31,0,0,0,0,32695,6105,3955,0,0,0,0,0
502,4812,503.1683477772108,99914,1656,833,63,19,20421,10194,0.30641351562343616,997,512,26529,23793,10332,4836,10421,20005,27051,14820,0,0,41623,8658,4319,1618,802,34,0,0,0,0,32830,6064,3966,0,0,0,0,0
503,4812,504.2466653096993,99913,1678,853,64,19,20676,10336,0.31039003933422077,1024,509,26328,23656,10454,4914,10450,20047,27225,14947,0,0,41212,8783,4455,1656,827,34,0,0,0,0,32951,6008,3987,0,0,0,0,0
504,4812,505.3326889265179,99913,1674,857,64,19,20936,10467,0.31430344399627674,1001,513,26169,23507,10602,4996,10488,20106,27397,15074,0,0,40761,8958,4578,1680,861,37,0,0,0,0,33078,5959,4001,0,0,0,0,0
505,4812,506.4256209882504,99913,1700,865,64,19,21214,10605,0.31846706634772254,962,525,25991,23392,10759,5074,10522,20123,27568,15201,0,0,40335,9092,4728,1717,888,37,0,0,0,0,33195,5907,4014,0,0,0,0,0
506,4812,507.5255784845113,99909,1707,889,67,20,21485,10758,0.3227236785474782,955,506,25815,23260,10902,5145,10552,20178,27737,15327,0,0,39897,9257,4868,1742,917,39,0,0,0,0,33302,5854,4033,0,0,0,0,0
507,4812,508.07805332881753,99909,1671,877,67,20,21601,10832,0.3246254091223013,974,506,25678,23140,10979,5189,10629,20266,27905,15453,0,0,39555,9327,4978,1755,937,42,0,0,0,0,33447,5817,4051,0,0,0,0,0
508,4812,509.1917154281662,99909,1664,872,67,20,21868,10985,0.3288292346034892,1002,502,25448,22998,11147,5313,10670,20293,28072,15579,0,0,39089,9511,5117,1797,966,45,0,0,0,0,33562,5760,4062,0,0,0,0,0
509,4812,510.31497289823994,99907,1628,881,69,20,22132,11129,0.3329196152421752,1006,504,25287,22880,11310,5390,10698,20323,28237,15704,0,0,38640,9669,5288,1827,993,48,0,0,0,0,33648,5722,4072,0,0,0,0,0
510,4812,511.4463415707699,99905,1618,910,71,20,22410,11296,0.33738051148591164,997,488,25119,22739,11479,5477,10714,20364,28401,15829,0,0,38217,9825,5444,1877,1021,48,0,0,0,0,33727,5645,4101,0,0,0,0,0
511,4812,512.0142948995466,99904,1626,918,71,21,22551,11373,0.3395659833440102,970,470,24995,22625,11533,5494,10803,20470,28564,15954,0,0,37906,9875,5549,1895,1032,50,0,0,0,0,33871,5598,4128,0,0,0,0,0
512,4812,513.1591877415821,99903,1651,925,72,21,22844,11511,0.34388356706004825,943,480,24831,22524,11678,5568,10823,20480,28725,16078,0,0,37489,10014,5680,1927,1070,54,0,0,0,0,33974,5551,4144,0,0,0,0,0
513,4812,514.3120192898638,99902,1635,904,73,21,23113,11656,0.3480310704490401,914,479,24686,22414,11844,5686,10846,20494,28885,16202,0,0,37064,10165,5845,1965,1109,58,0,0,0,0,34038,5498,4160,0,0,0,0,0
514,4812,515.4716393234991,99902,1655,888,73,21,23382,11785,0.35201497467518167,924,481,24488,22317,11975,5767,10883,20524,29043,16326,0,0,36674,10281,6011,2004,1141,59,0,0,0,0,34116,5443,4173,0,0,0,0,0
515,4812,516.0544695252293,99901,1688,885,73,22,23525,11856,0.3541606190128227,919,477,24354,22193,12012,5804,10952,20617,29200,16449,0,0,36384,10310,6117,2019,1155,62,0,0,0,0,34260,5406,4188,0,0,0,0,0
516,4812,517.2294624675268,99899,1710,886,75,22,23810,11993,0.35839197589565464,899,469,24196,22093,12146,5881,10972,20647,29356,16572,0,0,35991,10434,6271,2056,1190,65,0,0,0,0,34337,5353,4202,0,0,0,0,0
517,4812,518.4119837240713,99896,1691,860,76,24,24096,12118,0.36251701769840633,899,485,24040,21991,12320,5970,10972,20668,29510,16695,0,0,35567,10581,6444,2103,1224,68,0,0,0,0,34398,5300,4211,0,0,0,0,0
518,4812,519.0059832849471,99896,1701,836,76,24,24230,12197,0.3646492352046128,886,479,23916,21872,12383,6027,11036,20760,29663,16817,0,0,35251,10647,6564,2109,1240,72,0,0,0,0,34519,5267,4227,0,0,0,0,0
519,4812,520.2029271883589,99896,1681,857,76,24,24488,12361,0.36887362857371664,909,457,23764,21799,12514,6110,11054,20751,29815,16939,0,0,34857,10784,6743,2144,1263,79,0,0,0,0,34564,5217,4245,0,0,0,0,0
520,4812,521.4079218113858,99894,1671,868,78,24,24774,12521,0.37334574649128077,892,453,23590,21703,12680,6203,11087,20747,29965,17061,0,0,34481,10879,6929,2206,1298,83,0,0,0,0,34606,5156,4256,0,0,0,0,0
521,4812,522.0131368484367,99894,1672,860,78,24,24904,12585,0.3752878050733778,889,461,23500,21596,12716,6232,11143,20825,30114,17182,0,0,34183,10934,7029,2210,1321,84,0,0,0,0,34735,5122,4276,0,0,0,0,0
522,4812,523.2324904042408,99893,1632,859,78,25,25153,12715,0.3790856216151282,898,464,23360,21538,12856,6307,11174,20805,30262,17303,0,0,33788,11063,7177,2257,1358,88,0,0,0,0,34808,5065,4289,0,0,0,0,0
523,4812,524.4589196290638,99893,1623,863,78,25,25412,12861,0.38313995975693993,902,444,23210,21457,12984,6386,11201,20823,30408,17423,0,0,33397,11193,7343,2289,1394,89,0,0,0,0,34862,5026,4300,0,0,0,0,0
524,4812,525.0746734602963,99893,1614,854,78,25,25548,12924,0.38513209133773135,900,446,23109,21355,13036,6409,11261,20909,30553,17543,0,0,33124,11217,7457,2310,1418,92,0,0,0,0,34971,4987,4317,0,0,0,0,0
525,4812,526.3150838928261,99891,1593,848,79,26,25822,13060,0.3892442762611246,866,437,22960,21302,13205,6480,11295,20905,30697,17662,0,0,32727,11355,7618,2347,1459,97,0,0,0,0,35024,4940,4324,0,0,0,0,0
526,4812,527.563658859796,99891,1567,860,79,26,26082,13208,0.3933287283138621,843,410,22839,21263,13365,6551,11305,20888,30839,17781,0,0,32335,11484,7775,2390,1497,98,0,0,0,0,35080,4896,4336,0,0,0,0,0
527,4812,528.1906066321746,99890,1559,831,80,26,26222,13263,0.39528481329462406,839,422,22718,21171,13423,6590,11379,20958,30980,17900,0,0,32068,11507,7910,2411,1524,99,0,0,0,0,35165,4858,4348,0,0,0,0,0
528,4812,529.453631154731,99889,1526,825,81,26,26488,13391,0.39923314879516264,840,414,22581,21107,13575,6661,11395,20965,31120,18018,0,0,31688,11630,8083,2448,1565,103,0,0,0,0,35203,4814,4355,0,0,0,0,0
529,4812,530.0876951019666,99889,1500,801,81,26,26607,13455,0.4010651823524112,840,421,22485,21031,13630,6696,11462,21023,31258,18136,0,0,31409,11665,8205,2471,1590,104,0,0,0,0,35299,4779,4367,0,0,0,0,0
530,4812,531.365461686478,99887,1478,774,82,27,26865,13580,0.40490754552644487,837,421,22404,20956,13757,6788,11440,21032,31395,18253,0,0,31040,11789,8367,2511,1638,106,0,0,0,0,35334,4724,4378,0,0,0,0,0
531,4812,532.0062250336546,99886,1477,777,83,27,27002,13651,0.40699397312936747,799,425,22310,20860,13818,6827,11511,21082,31531,18370,0,0,30756,11820,8452,2535,1667,107,0,0,0,0,35470,4696,4383,0,0,0,0,0
532,4812,533.2951082606484,99884,1477,792,84,28,27277,13803,0.41127708141444075,767,385,22210,20801,13948,6894,11512,21098,31666,18486,0,0,30409,11920,8627,2569,1709,115,0,0,0,0,35502,4653,4380,0,0,0,0,0
533,4812,534.5908062499861,99883,1477,786,84,29,27525,13935,0.41508565021074656,739,393,22113,20725,14058,6961,11527,21104,31799,18602,0,0,30070,12009,8778,2605,1757,116,0,0,0,0,35551,4608,4389,0,0,0,0,0
534,4812,535.2405331742351,99883,1450,789,84,29,27628,14014,0.4169077821050629,754,369,22036,20659,14080,6985,11594,21167,31931,18717,0,0,29829,12011,8901,2626,1780,119,0,0,0,0,35639,4576,4402,0,0,0,0,0
535,4812,536.5472342362694,99882,1393,741,85,29,27858,14122,0.4202959492200797,736,385,21934,20632,14232,7068,11618,21143,32062,18832,0,0,29483,12108,9074,2683,1821,124,0,0,0,0,35653,4519,4417,0,0,0,0,0
536,4812,537.2024109198306,99881,1408,741,86,29,27987,14181,0.42218239705249244,731,385,21848,20572,14252,7077,11673,21194,32192,18947,0,0,29268,12096,9189,2696,1845,128,0,0,0,0,35742,4486,4431,0,0,0,0,0
537,4812,538.5215288972636,99881,1401,723,86,29,28252,14305,0.42607703166768457,683,375,21762,20533,14379,7155,11687,21183,32320,19061,0,0,28938,12191,9347,2737,1899,128,0,0,0,0,35760,4431,4450,0,0,0,0,0
538,4812,539.1831255689301,99879,1394,721,87,30,28361,14377,0.42789775628510496,677,368,21684,20472,14395,7179,11761,21228,32447,19175,0,0,28721,12186,9471,2751,1925,130,0,0,0,0,35830,4399,4466,0,0,0,0,0
539,4812,540.5134523443826,99878,1351,715,88,30,28586,14502,0.4314063157051603,682,347,21598,20441,14511,7245,11768,21220,32573,19288,0,0,28400,12262,9641,2800,1967,134,0,0,0,0,35857,4350,4467,0,0,0,0,0
540,4812,541.1801383842447,99878,1365,711,88,30,28719,14567,0.43338873425579205,643,350,21529,20381,14544,7255,11829,21271,32698,19401,0,0,28180,12265,9760,2815,1992,135,0,0,0,0,35933,4312,4486,0,0,0,0,0
541,4812,542.5213559816287,99878,1326,678,88,30,28917,14679,0.4364925208754681,672,346,21435,20334,14634,7339,11843,21271,32822,19513,0,0,27863,12352,9916,2841,2038,140,0,0,0,0,35962,4268,4498,0,0,0,0,0
542,4812,543.1939237175727,99876,1323,669,90,30,29034,14742,0.43830349633545596,662,336,21354,20285,14665,7354,11904,21324,32944,19625,0,0,27631,12354,10041,2859,2056,142,0,0,0,0,36042,4244,4507,0,0,0,0,0
543,4812,544.5465562948392,99875,1302,662,91,30,29255,14850,0.4416020025031289,630,337,21281,20280,14767,7409,11927,21280,33065,19736,0,0,27329,12419,10183,2884,2114,145,0,0,0,0,36085,4214,4502,0,0,0,0,0
544,4812,545.224170164997,99875,1267,670,91,30,29361,14913,0.44329411764705884,643,326,21203,20237,14806,7414,11988,21321,33185,19847,0,0,27108,12416,10299,2902,2142,146,0,0,0,0,36162,4185,4515,0,0,0,0,0
545,4812,546.5876662909933,99873,1210,669,92,31,29557,15040,0.446537102119692,640,301,21149,20222,14908,7464,11999,21311,33304,19957,0,0,26815,12473,10461,2957,2184,148,0,0,0,0,36181,4130,4524,0,0,0,0,0
546,4812,547.2708175557568,99873,1181,670,92,31,29652,15102,0.44810909855516506,656,295,21098,20173,14918,7474,12053,21355,33422,20067,0,0,26616,12461,10576,2965,2218,152,0,0,0,0,36246,4104,4535,0,0,0,0,0
547,4812,548.6433710462027,99873,1215,645,92,31,29901,15198,0.451563485626746,575,296,21049,20165,14995,7528,12072,21333,33539,20176,0,0,26334,12537,10718,2969,2271,157,0,0,0,0,36271,4069,4547,0,0,0,0,0
548,4812,549.3303439508769,99873,1182,619,92,31,30004,15229,0.4529051895907803,588,320,20980,20120,15047,7529,12109,21379,33654,20285,0,0,26128,12525,10820,2991,2302,159,0,0,0,0,36344,4039,4565,0,0,0,0,0
549,4812,550.0195212843477,99873,1151,616,92,31,30112,15279,0.45448719874240284,558,328,20932,20070,15094,7537,12171,21416,33768,20393,0,0,25932,12504,10931,3013,2336,162,0,0,0,0,36412,4010,4573,0,0,0,0,0
550,4812,551.4048455927508,99872,1119,589,93,31,30306,15380,0.4574455302787568,539,328,20893,20067,15170,7588,12184,21395,33881,20501,0,0,25652,12562,11066,3046,2387,164,0,0,0,0,36437,3968,4590,0,0,0,0,0
551,4812,552.098287168468,99871,1113,593,94,31,30411,15440,0.45910224189204074,534,309,20843,20024,15181,7593,12233,21448,33993,20608,0,0,25459,12563,11175,3045,2419,167,0,0,0,0,36501,3941,4601,0,0,0,0,0
552,4812,553.4910158582167,99871,1076,561,94,31,30591,15556,0.4620660652241391,524,279,20826,20035,15253,7667,12225,21425,34104,20715,0,0,25195,12609,11338,3074,2471,172,0,0,0,0,36500,3904,4608,0,0,0,0,0
553,4812,554.187508109694,99870,1072,552,94,32,30681,15607,0.4634825272854711,509,278,20791,20001,15247,7676,12285,21459,34214,20821,0,0,25008,12595,11446,3081,2499,173,0,0,0,0,36572,3879,4617,0,0,0,0,0
554,4812,555.5857151292662,99869,1023,549,95,32,30851,15704,0.4661606704783266,511,271,20765,20020,15309,7706,12295,21420,34323,20927,0,0,24747,12638,11598,3110,2530,179,0,0,0,0,36590,3849,4628,0,0,0,0,0
555,4812,556.2854673731407,99868,1014,530,95,33,30947,15747,0.46755717547162257,499,283,20726,19981,15312,7712,12352,21459,34431,21032,0,0,24561,12628,11706,3117,2562,180,0,0,0,0,36653,3822,4639,0,0,0,0,0
556,4812,557.6891038170554,99868,962,537,95,33,31096,15859,0.4701706252252974,505,256,20708,19993,15366,7748,12362,21431,34538,21137,0,0,24332,12663,11850,3129,2614,188,0,0,0,0,36660,3788,4644,0,0,0,0,0
557,4812,558.3911895928302,99866,962,522,96,34,31196,15898,0.47157190635451507,486,250,20669,19965,15375,7751,12410,21476,34644,21241,0,0,24158,12641,11965,3135,2640,190,0,0,0,0,36718,3766,4653,0,0,0,0,0
558,4812,559.094810983568,99866,970,509,96,34,31289,15946,0.4729837982897082,468,232,20628,19943,15372,7770,12464,21510,34749,21344,0,0,23998,12629,12061,3134,2676,193,0,0,0,0,36772,3732,4671,0,0,0,0,0
559,4812,560.506704928483,99866,932,507,96,34,31446,16033,0.475427072276851,443,226,20622,19965,15431,7793,12474,21473,34853,21447,0,0,23779,12643,12194,3151,2727,198,0,0,0,0,36795,3703,4676,0,0,0,0,0
560,4812,561.2128178532919,99865,922,502,96,35,31539,16075,0.4767836579382166,424,227,20583,19926,15443,7794,12530,21514,34956,21549,0,0,23610,12622,12305,3157,2751,202,0,0,0,0,36853,3681,4684,0,0,0,0,0
561,4812,562.6293113328036,99865,896,496,96,35,31683,16163,0.47910679417213237,435,218,20569,19950,15472,7816,12530,21483,35058,21651,0,0,23398,12634,12449,3163,2802,205,0,0,0,0,36870,3665,4679,0,0,0,0,0
562,4812,563.3381211922626,99865,880,478,96,35,31759,16201,0.480248335252591,424,217,20569,19925,15457,7833,12572,21510,35158,21752,0,0,23240,12608,12557,3161,2836,209,0,0,0,0,36926,3644,4684,0,0,0,0,0
563,4812,564.0478227300601,99865,876,460,96,35,31847,16227,0.48138987633304964,394,236,20529,19896,15474,7830,12629,21541,35258,21853,0,0,23081,12585,12652,3159,2872,210,0,0,0,0,36991,3621,4694,0,0,0,0,0
564,4812,565.4694505440802,99865,851,434,96,35,31990,16292,0.4834726881289741,381,234,20521,19924,15505,7851,12644,21520,35357,21953,0,0,22898,12575,12794,3179,2919,215,0,0,0,0,36997,3590,4698,0,0,0,0,0
565,4812,566.1804277917311,99865,836,434,96,35,32057,16322,0.4844439993991889,395,239,20481,19893,15491,7837,12699,21560,35455,22053,0,0,22747,12548,12878,3181,2949,215,0,0,0,0,37069,3567,4711,0,0,0,0,0
566,4812,567.6064792291423,99865,818,424,96,35,32190,16398,0.486536824713363,396,225,20490,19921,15515,7857,12683,21536,35552,22152,0,0,22553,12557,13016,3194,2979,220,0,0,0,0,37085,3537,4724,0,0,0,0,0
567,4812,568.3193428820445,99865,794,430,96,35,32263,16442,0.48770840634857054,392,210,20475,19906,15515,7847,12726,21570,35648,22251,0,0,22414,12514,13118,3207,3006,223,0,0,0,0,37137,3510,4736,0,0,0,0,0
568,4812,569.0329799063048,99864,790,420,97,35,32330,16484,0.4888047744933109,384,197,20469,19888,15492,7855,12766,21603,35743,22349,0,0,22261,12492,13207,3219,3026,226,0,0,0,0,37207,3478,4748,0,0,0,0,0
569,4812,570.4621772580272,99864,800,423,97,35,32490,16558,0.49114796122726906,348,188,20462,19906,15519,7874,12772,21572,35837,22447,0,0,22070,12498,13300,3239,3072,231,0,0,0,0,37253,3451,4750,0,0,0,0,0
570,4812,571.1755931689263,99863,768,416,98,35,32545,16587,0.49199403182359835,335,199,20438,19890,15538,7869,12821,21589,35930,22544,0,0,21912,12471,13391,3244,3095,233,0,0,0,0,37325,3436,4756,0,0,0,0,0
571,4812,572.6072340927127,99862,701,406,99,35,32646,16662,0.4937613907191925,357,185,20450,19926,15568,7883,12823,21563,36022,22641,0,0,21731,12472,13536,3256,3135,239,0,0,0,0,37323,3408,4762,0,0,0,0,0
572,4812,573.3226350680814,99862,688,408,99,35,32709,16701,0.49478280026436483,352,180,20409,19911,15563,7872,12887,21592,36113,22737,0,0,21602,12428,13630,3267,3151,246,0,0,0,0,37380,3383,4775,0,0,0,0,0
573,4812,574.0390886847764,99861,695,407,100,35,32777,16737,0.49582920259160235,331,177,20406,19888,15528,7874,12938,21617,36203,22833,0,0,21452,12405,13707,3271,3165,251,0,0,0,0,37457,3369,4784,0,0,0,0,0
574,4812,575.4753875219175,99861,678,393,100,35,32898,16800,0.49767176375161476,313,161,20432,19937,15536,7902,12939,21570,36292,22928,0,0,21259,12416,13834,3285,3188,257,0,0,0,0,37486,3351,4785,0,0,0,0,0
575,4812,576.1924310424455,99861,652,407,100,35,32942,16840,0.4985129329768378,318,147,20411,19925,15525,7887,12992,21597,36380,23023,0,0,21132,12387,13906,3281,3219,259,0,0,0,0,37550,3326,4801,0,0,0,0,0
576,4812,577.6287739783519,99860,638,376,101,35,33065,16894,0.5002904065691969,309,149,20436,19956,15512,7908,13002,21574,36467,23117,0,0,20964,12384,14028,3290,3259,266,0,0,0,0,37563,3302,4804,0,0,0,0,0
577,4812,578.3461730344579,99859,629,360,102,35,33127,16924,0.5012167155689522,311,143,20431,19961,15483,7916,13042,21583,36553,23211,0,0,20835,12351,14128,3286,3285,270,0,0,0,0,37606,3286,4812,0,0,0,0,0
578,4812,579.0642093949277,99859,615,343,102,35,33187,16945,0.502027859281587,296,150,20430,19957,15461,7916,13094,21597,36639,23304,0,0,20708,12323,14210,3288,3308,275,0,0,0,0,37656,3260,4831,0,0,0,0,0
579,4812,580.5012138652164,99859,598,343,102,35,33302,17001,0.5037402737860384,276,136,20478,20014,15452,7911,13092,21559,36724,23396,0,0,20569,12298,14321,3296,3358,277,0,0,0,0,37676,3232,4832,0,0,0,0,0
580,4812,581.2184281614167,99859,594,325,102,35,33358,17022,0.5045113610190368,250,141,20467,20012,15435,7905,13150,21580,36808,23488,0,0,20441,12272,14405,3285,3390,279,0,0,0,0,37731,3220,4836,0,0,0,0,0
581,4812,582.6536940636645,99859,577,311,102,35,33458,17083,0.5061236343243974,246,132,20515,20065,15419,7914,13139,21541,36891,23579,0,0,20285,12270,14506,3295,3426,284,0,0,0,0,37753,3193,4847,0,0,0,0,0
582,4812,583.3698794103761,99859,563,302,102,35,33503,17104,0.5067845662383962,246,138,20526,20059,15386,7901,13175,21563,36973,23670,0,0,20153,12252,14576,3292,3444,289,0,0,0,0,37820,3174,4859,0,0,0,0,0
583,4812,584.0864189481056,99859,549,304,102,35,33551,17135,0.5075756817112128,233,131,20525,20048,15364,7889,13225,21591,37054,23760,0,0,20032,12214,14658,3293,3463,293,0,0,0,0,37878,3161,4867,0,0,0,0,0
584,4812,585.5192507518551,99859,537,294,102,35,33637,17185,0.5089376020188465,220,127,20575,20095,15340,7884,13224,21563,37135,23850,0,0,19883,12206,14763,3295,3491,294,0,0,0,0,37903,3143,4881,0,0,0,0,0
585,4812,586.2337997235111,99859,524,278,102,35,33678,17212,0.5096185621726634,207,122,20589,20094,15306,7886,13270,21583,37215,23939,0,0,19760,12175,14842,3298,3514,296,0,0,0,0,37958,3126,4890,0,0,0,0,0
586,4812,587.6636915984064,99859,477,267,102,35,33744,17260,0.5107601718422976,207,119,20633,20141,15297,7888,13282,21548,37294,24028,0,0,19608,12170,14931,3302,3551,302,0,0,0,0,37993,3109,4893,0,0,0,0,0
587,4812,588.3774691920753,99859,471,256,102,35,33783,17276,0.5113109484372966,201,128,20631,20145,15268,7874,13325,21560,37372,24116,0,0,19491,12134,15000,3303,3568,305,0,0,0,0,38062,3095,4901,0,0,0,0,0
588,4812,589.0912216855253,99856,453,256,104,36,33814,17297,0.5118470597660632,207,123,20633,20157,15242,7859,13359,21567,37449,24204,0,0,19375,12105,15065,3294,3588,310,0,0,0,0,38128,3083,4908,0,0,0,0,0
589,4812,590.5191057597266,99856,451,241,104,36,33897,17330,0.5130087325749079,187,122,20694,20218,15209,7838,13353,21543,37526,24291,0,0,19251,12083,15150,3291,3625,315,0,0,0,0,38163,3069,4909,0,0,0,0,0
590,4812,591.2311953525619,99856,440,237,104,36,33931,17357,0.513619612241628,176,105,20708,20226,15167,7831,13403,21563,37602,24378,0,0,19145,12042,15224,3294,3638,322,0,0,0,0,38220,3053,4918,0,0,0,0,0
591,4812,592.6550996988857,99856,408,218,104,36,33990,17388,0.5145209101105592,183,105,20758,20308,15138,7825,13407,21506,37677,24464,0,0,19020,12021,15317,3297,3670,324,0,0,0,0,38244,3034,4929,0,0,0,0,0
592,4812,593.3656326319104,99856,392,214,104,36,34017,17404,0.514951530203493,186,101,20765,20320,15109,7803,13442,21524,37751,24550,0,0,18914,11987,15390,3294,3684,328,0,0,0,0,38303,3020,4936,0,0,0,0,0
593,4812,594.0760310081022,99856,402,218,104,36,34064,17427,0.5156525396571062,167,89,20768,20338,15073,7784,13484,21533,37825,24635,0,0,18812,11956,15451,3285,3707,329,0,0,0,0,38366,3002,4948,0,0,0,0,0
594,4812,595.4965971375692,99856,379,212,104,36,34128,17465,0.5166740105752283,153,92,20818,20386,15057,7774,13487,21498,37898,24720,0,0,18676,11934,15540,3300,3724,331,0,0,0,0,38408,2986,4957,0,0,0,0,0
595,4812,596.2053392261261,99856,369,209,104,36,34161,17482,0.5171747316135235,138,90,20826,20379,15021,7763,13540,21521,37970,24804,0,0,18579,11894,15615,3293,3747,331,0,0,0,0,38460,2972,4965,0,0,0,0,0
596,4812,597.6229979425669,99855,363,224,104,37,34217,17519,0.5181112613289269,128,71,20897,20438,14974,7726,13532,21502,38041,24888,0,0,18481,11853,15695,3294,3764,336,0,0,0,0,38504,2953,4975,0,0,0,0,0
597,4812,598.3301148921568,99855,346,217,104,37,34243,17530,0.5184817986079816,121,77,20901,20436,14950,7710,13576,21521,38112,24971,0,0,18366,11834,15751,3289,3781,337,0,0,0,0,38572,2938,4987,0,0,0,0,0
598,4812,599.0366146788739,99854,339,203,105,37,34263,17537,0.5187573857832435,134,81,20903,20449,14899,7697,13618,21531,38182,25054,0,0,18284,11789,15819,3278,3800,340,0,0,0,0,38621,2923,5000,0,0,0,0,0
599,4812,600.4496631238446,99854,328,177,105,37,34316,17565,0.519568570112364,121,78,20973,20515,14848,7698,13623,21493,38251,25136,0,0,18176,11751,15916,3283,3826,341,0,0,0,0,38644,2915,5002,0,0,0,0,0
600,4812,601.1543368825642,99854,318,168,105,37,34347,17581,0.5200392573156809,114,73,20987,20529,14810,7691,13664,21500,38320,25218,0,0,18079,11714,15986,3280,3843,345,0,0,0,0,38696,2902,5009,0,0,0,0,0
601,4812,602.5628960031366,99854,303,159,105,37,34377,17610,0.5206301199751637,117,68,21053,20606,14752,7680,13668,21448,38388,25299,0,0,17978,11682,16051,3276,3868,348,0,0,0,0,38743,2888,5020,0,0,0,0,0
602,4812,603.2653974346202,99854,287,156,105,37,34399,17626,0.521010675586356,118,65,21046,20609,14725,7662,13717,21469,38455,25380,0,0,17886,11644,16106,3271,3895,349,0,0,0,0,38802,2875,5026,0,0,0,0,0
603,4812,604.6699218204835,99854,278,157,105,37,34440,17655,0.5217116990806577,121,53,21097,20691,14677,7635,13720,21425,38522,25460,0,0,17776,11622,16159,3271,3918,351,0,0,0,0,38863,2858,5036,0,0,0,0,0
604,4812,605.3706026054377,99854,271,149,105,37,34454,17660,0.521901976886254,124,53,21101,20702,14632,7620,13765,21437,38588,25540,0,0,17689,11583,16217,3268,3930,351,0,0,0,0,38925,2841,5050,0,0,0,0,0
605,4812,606.0714355822832,99854,264,147,105,37,34480,17670,0.522262503254752,114,47,21103,20738,14599,7586,13813,21443,38653,25619,0,0,17602,11541,16275,3263,3948,352,0,0,0,0,38984,2829,5060,0,0,0,0,0
606,4812,607.4730543466301,99854,230,140,105,37,34507,17688,0.5227131612153745,124,41,21158,20818,14559,7564,13822,21398,38718,25698,0,0,17507,11510,16349,3256,3978,353,0,0,0,0,39020,2817,5064,0,0,0,0,0
607,4812,608.1722783992402,99854,237,130,105,37,34533,17692,0.5230135998557894,118,49,21157,20829,14515,7549,13866,21404,38782,25776,0,0,17416,11474,16407,3247,3990,354,0,0,0,0,39086,2808,5072,0,0,0,0,0
608,4812,609.5708573586193,99853,230,120,105,38,34570,17712,0.5235896768249326,114,44,21232,20893,14447,7539,13870,21364,38845,25854,0,0,17316,11444,16473,3240,4007,359,0,0,0,0,39135,2800,5079,0,0,0,0,0
609,4812,610.268558179525,99853,230,113,105,38,34588,17720,0.5238500595875938,114,42,21249,20923,14390,7520,13910,21362,38908,25931,0,0,17229,11410,16518,3228,4031,359,0,0,0,0,39203,2791,5084,0,0,0,0,0
610,4812,611.661968962076,99853,218,108,105,38,34622,17736,0.5243507956696344,110,40,21301,21013,14337,7478,13927,21321,38970,26008,0,0,17140,11384,16581,3219,4055,361,0,0,0,0,39243,2777,5093,0,0,0,0,0
611,4812,612.3570138169214,99853,214,100,105,38,34640,17744,0.5246111784322954,102,49,21319,21038,14283,7456,13975,21317,39032,26084,0,0,17060,11339,16634,3216,4072,363,0,0,0,0,39302,2768,5099,0,0,0,0,0
612,4812,613.0519018711238,99853,208,100,105,38,34660,17755,0.5249216348031607,96,44,21328,21055,14249,7439,14012,21322,39093,26160,0,0,16973,11300,16684,3214,4087,365,0,0,0,0,39368,2761,5101,0,0,0,0,0
613,4812,614.440494900175,99853,198,91,105,38,34693,17774,0.5254424003284829,86,37,21405,21135,14183,7430,14021,21267,39153,26236,0,0,16882,11267,16757,3212,4099,369,0,0,0,0,39407,2750,5110,0,0,0,0,0
614,4812,615.1327761798696,99853,192,89,105,38,34708,17782,0.5256727389262216,91,36,21407,21160,14148,7408,14055,21267,39213,26311,0,0,16802,11233,16807,3206,4111,371,0,0,0,0,39465,2736,5122,0,0,0,0,0
615,4812,616.5165478733453,99852,183,85,106,38,34744,17805,0.5262688779393503,73,22,21491,21261,14088,7386,14057,21206,39272,26386,0,0,16712,11203,16868,3200,4135,373,0,0,0,0,39506,2726,5129,0,0,0,0,0
616,4812,617.206680405045,99852,173,82,106,38,34753,17808,0.5263890558025879,71,23,21507,21276,14048,7365,14093,21214,39331,26460,0,0,16634,11166,16911,3193,4151,374,0,0,0,0,39571,2714,5138,0,0,0,0,0
617,4812,618.5850717901191,99852,154,77,106,38,34770,17817,0.526649441172936,81,30,21585,21369,13980,7320,14092,21164,39389,26534,0,0,16559,11125,16972,3188,4168,377,0,0,0,0,39614,2703,5146,0,0,0,0,0
618,4812,619.2722556235086,99852,157,75,106,38,34792,17822,0.5269198413652205,73,28,21618,21383,13923,7304,14121,21170,39446,26607,0,0,16488,11082,17022,3183,4183,377,0,0,0,0,39669,2692,5156,0,0,0,0,0
619,4812,620.6443930067983,99852,141,66,106,38,34809,17830,0.5271702119136322,73,31,21677,21471,13877,7277,14124,21115,39503,26680,0,0,16407,11050,17076,3176,4200,381,0,0,0,0,39718,2682,5162,0,0,0,0,0
620,4812,621.32860874773,99852,139,63,106,38,34819,17836,0.5273304490646157,72,29,21692,21492,13827,7245,14162,21131,39559,26752,0,0,16350,11002,17131,3166,4215,382,0,0,0,0,39762,2668,5176,0,0,0,0,0
621,4812,622.0124555415377,99852,130,61,106,38,34826,17839,0.5274305972839803,77,31,21691,21508,13787,7216,14207,21144,39615,26824,0,0,16276,10974,17170,3156,4229,384,0,0,0,0,39823,2652,5188,0,0,0,0,0
622,4812,623.3793498261873,99852,138,59,106,38,34855,17849,0.5278211753395025,71,30,21770,21588,13704,7185,14209,21098,39670,26895,0,0,16209,10932,17228,3149,4242,387,0,0,0,0,39868,2643,5194,0,0,0,0,0
623,4812,624.0610035917252,99852,134,62,106,38,34865,17854,0.5279713976685495,70,30,21793,21599,13650,7160,14245,21109,39725,26966,0,0,16136,10898,17268,3138,4257,388,0,0,0,0,39931,2635,5201,0,0,0,0,0
624,4812,625.4222849837822,99852,128,62,106,38,34882,17861,0.5282117533950247,73,28,21865,21688,13585,7123,14241,21059,39779,27036,0,0,16059,10870,17311,3130,4272,389,0,0,0,0,39987,2624,5210,0,0,0,0,0
625,4812,626.1009698322666,99852,124,63,106,38,34894,17865,0.5283719905460081,68,27,21893,21708,13539,7100,14268,21062,39833,27106,0,0,15992,10827,17360,3124,4284,390,0,0,0,0,40042,2617,5216,0,0,0,0,0
626,4812,627.4563274801362,99852,133,55,106,38,34923,17872,0.5287325241357209,57,28,21944,21785,13484,7076,14274,21016,39886,27176,0,0,15925,10794,17408,3114,4306,390,0,0,0,0,40087,2603,5225,0,0,0,0,0
627,4812,628.1322313094265,99852,125,55,106,38,34927,17880,0.5288527019989585,61,23,21966,21816,13436,7059,14304,21007,39939,27245,0,0,15863,10754,17464,3108,4314,390,0,0,0,0,40131,2589,5239,0,0,0,0,0
628,4812,629.4830702322993,99852,126,52,106,38,34951,17889,0.5291831911228618,53,22,22021,21909,13385,7027,14307,20950,39991,27314,0,0,15785,10725,17504,3105,4328,393,0,0,0,0,40190,2579,5243,0,0,0,0,0
629,4812,630.156696276505,99852,129,52,106,38,34962,17893,0.5293334134519089,83,50,22017,21910,13328,7001,14335,20947,40043,27382,0,0,15726,10684,17541,3098,4337,397,1,0,0,3,40245,2567,5253,0,0,0,0,0
630,4812,631.2959549492488,99852,135,52,106,38,34990,17903,0.5297139766854946,75,57,22054,21964,13269,6971,14359,20916,40094,27450,0,0,15653,10647,17570,3091,4351,399,7,0,0,18,40297,2559,5260,0,0,0,0,0
631,4812,632.4329335711888,99852,148,51,106,38,35020,17913,0.5301145695629532,67,59,22111,22006,13205,6954,14361,20890,40145,27517,0,0,15579,10613,17601,3087,4358,402,14,0,0,32,40350,2548,5268,0,0,0,0,0
632,4812,633.5669578523806,99852,141,60,106,38,35039,17930,0.530475103152666,68,60,22176,22025,13139,6933,14368,20882,40195,27584,0,0,15515,10571,17632,3084,4376,404,17,0,0,45,40398,2538,5272,0,0,0,0,0
633,4812,634.1326740699607,99852,133,61,106,38,35049,17937,0.5306453551255859,71,58,22191,22038,13103,6925,14394,20878,40245,27651,0,0,15449,10532,17666,3076,4388,407,21,0,0,55,40450,2530,5278,0,0,0,0,0
634,4812,635.2630047154823,99852,137,65,106,38,35080,17951,0.5310960221127269,73,56,22243,22106,13042,6889,14397,20844,40294,27717,0,0,15381,10490,17699,3068,4407,409,31,0,0,67,40496,2523,5281,0,0,0,0,0
635,4812,636.390382569636,99852,136,70,106,38,35100,17967,0.5314565557024397,83,47,22262,22175,12991,6857,14420,20811,40343,27783,0,0,15305,10454,17730,3066,4417,411,38,0,0,80,40552,2515,5284,0,0,0,0,0
636,4812,637.5162591738925,99852,130,78,106,38,35117,17989,0.5318471337579618,98,38,22320,22240,12939,6827,14405,20777,40391,27848,0,0,15240,10414,17757,3061,4434,413,45,0,0,95,40595,2506,5292,0,0,0,0,0
637,4812,638.0780971664674,99852,131,80,106,38,35133,17994,0.5320574450186276,99,37,22330,22257,12898,6800,14434,20786,40439,27913,0,0,15176,10378,17788,3052,4447,414,51,0,0,101,40647,2496,5302,0,0,0,0,0
638,4812,639.2009895602657,99852,151,72,106,38,35166,18001,0.5324580378960863,94,55,22388,22334,12828,6776,14431,20723,40486,27977,0,0,15123,10333,17827,3050,4455,416,54,0,0,117,40681,2483,5313,0,0,0,0,0
639,4812,640.3205496235831,99852,160,81,106,38,35197,18024,0.5329988382806554,95,48,22441,22390,12762,6750,14434,20691,40533,28041,0,0,15059,10292,17859,3049,4467,418,58,0,0,133,40725,2473,5319,0,0,0,0,0
640,4812,641.4375096846564,99852,165,76,106,38,35222,18032,0.5333293274045587,104,56,22492,22450,12705,6722,14426,20656,40579,28105,0,0,15003,10245,17895,3041,4489,419,63,0,0,143,40766,2467,5321,0,0,0,0,0
641,4812,642.5514743938382,99852,178,80,106,38,35262,18045,0.5338601129671915,99,59,22524,22504,12656,6701,14435,20616,40625,28168,0,0,14931,10215,17916,3036,4505,420,71,0,0,157,40816,2456,5329,0,0,0,0,0
642,4812,643.1076149468022,99852,182,80,106,38,35279,18053,0.5341104835156031,97,54,22523,22507,12624,6685,14466,20634,40671,28231,0,0,14867,10179,17949,3030,4516,422,75,0,0,165,40868,2449,5332,0,0,0,0,0
643,4812,644.2198557665587,99852,178,79,106,38,35304,18066,0.5344910467491888,97,59,22565,22562,12577,6658,14475,20602,40716,28293,0,0,14815,10139,17973,3023,4541,424,76,0,0,184,40900,2439,5338,0,0,0,0,0
644,4812,645.3300114061549,99852,176,82,106,38,35332,18083,0.5349417137363298,102,57,22607,22637,12531,6630,14476,20554,40761,28355,0,0,14760,10091,17999,3023,4563,426,83,0,0,196,40936,2429,5346,0,0,0,0,0
645,4812,646.4382124532619,99852,169,72,106,38,35361,18094,0.5353423066137885,114,57,22656,22689,12485,6622,14468,20520,40805,28417,0,0,14697,10050,18022,3025,4588,429,91,0,0,212,40975,2418,5345,0,0,0,0,0
646,4812,647.5440606974612,99852,177,75,106,38,35400,18114,0.5359331811080399,110,54,22712,22762,12427,6588,14466,20481,40849,28478,0,0,14632,10007,18052,3022,4605,432,105,0,0,228,41010,2412,5347,0,0,0,0,0
647,4812,648.0957419932989,99852,176,69,106,38,35413,18117,0.5360934182590233,119,56,22706,22765,12393,6583,14498,20487,40892,28539,0,0,14572,9975,18077,3020,4613,435,107,0,0,239,41057,2402,5355,0,0,0,0,0
648,4812,649.1987969635611,99852,194,78,106,38,35459,18133,0.5367143372190842,107,51,22748,22821,12349,6547,14494,20463,40935,28599,0,0,14503,9937,18107,3020,4623,436,115,0,0,253,41104,2397,5357,0,0,0,0,0
649,4812,650.2998174921617,99852,202,85,106,38,35497,18148,0.537245122781717,106,59,22790,22875,12296,6518,14498,20423,40978,28659,0,0,14442,9903,18128,3013,4645,437,122,0,0,266,41145,2388,5363,0,0,0,0,0
650,4812,651.3985686752645,99852,193,91,106,38,35522,18165,0.5376657453030486,115,58,22825,22934,12260,6498,14499,20379,41020,28719,0,0,14376,9865,18147,3015,4663,439,129,0,0,279,41191,2380,5368,0,0,0,0,0
651,4812,652.4957471626403,99852,195,95,106,38,35550,18184,0.5381364419340624,125,60,22864,22996,12207,6474,14501,20335,41062,28778,0,0,14327,9827,18174,3008,4683,441,134,0,0,298,41216,2368,5376,0,0,0,0,0
652,4812,653.0435082682208,99852,205,99,106,38,35574,18196,0.5384969755237752,124,59,22869,22997,12172,6464,14522,20341,41103,28837,0,0,14272,9788,18202,3008,4693,443,136,0,0,306,41261,2362,5381,0,0,0,0,0
653,4812,654.1383519004239,99852,212,91,106,38,35613,18206,0.5389877017986621,134,76,22899,23051,12137,6451,14510,20291,41144,28895,0,0,14216,9747,18228,3004,4708,449,144,0,0,324,41291,2355,5386,0,0,0,0,0
654,4812,655.2312274435623,99852,220,95,106,38,35656,18222,0.5395785762929135,130,86,22949,23088,12098,6430,14495,20261,41185,28953,0,0,14154,9713,18249,3001,4726,453,157,0,0,336,41328,2343,5392,0,0,0,0,0
655,4812,656.3218380670804,99851,214,102,107,38,35693,18245,0.540184875464442,132,90,22975,23144,12070,6414,14500,20210,41225,29011,0,0,14089,9681,18264,2991,4750,457,172,0,0,355,41359,2334,5399,0,0,0,0,0
656,4812,657.4109055493803,99851,216,115,107,38,35729,18276,0.5408558752541287,129,77,23017,23193,12035,6401,14494,20174,41265,29068,0,0,14024,9650,18283,2984,4773,459,186,0,0,373,41392,2326,5401,0,0,0,0,0
657,4812,658.4981361520043,99851,217,119,107,38,35766,18292,0.5413866661325375,126,80,23066,23252,11989,6380,14493,20129,41305,29125,0,0,13960,9617,18302,2985,4785,463,196,0,0,391,41428,2317,5407,0,0,0,0,0
658,4812,659.0405578974766,99851,212,117,107,38,35780,18305,0.5416570690328589,130,80,23067,23263,11957,6372,14525,20128,41344,29182,0,0,13907,9579,18330,2980,4798,466,203,0,0,405,41460,2311,5412,0,0,0,0,0
659,4812,660.1254091434917,99851,219,120,107,38,35816,18330,0.5422679792891408,140,70,23087,23314,11917,6366,14528,20090,41383,29238,0,0,13847,9546,18352,2976,4820,467,217,0,0,421,41490,2298,5417,0,0,0,0,0
660,4812,661.2092515457977,99851,216,118,107,38,35845,18345,0.5427086358674424,145,74,23125,23367,11880,6353,14525,20048,41421,29294,0,0,13796,9508,18374,2975,4837,471,227,0,0,438,41514,2286,5425,0,0,0,0,0
661,4812,662.2911887408377,99851,229,113,107,38,35888,18364,0.5433295610459585,134,70,23160,23411,11847,6338,14521,20028,41459,29350,0,0,13744,9469,18397,2973,4851,476,234,0,0,464,41533,2279,5431,0,0,0,0,0
662,4812,663.3716258901138,99851,227,115,107,38,35918,18386,0.5438503370021331,135,74,23218,23476,11795,6320,14516,19975,41497,29405,0,0,13687,9438,18415,2970,4871,481,245,0,0,478,41565,2266,5435,0,0,0,0,0
663,4812,664.4495484927799,99851,231,111,107,38,35957,18401,0.5443911428027761,134,75,23241,23536,11770,6308,14515,19930,41534,29460,0,0,13630,9400,18438,2967,4890,484,254,0,0,499,41592,2261,5436,0,0,0,0,0
664,4812,665.5257262430313,99851,228,112,107,38,35991,18420,0.5449219336811849,141,83,23275,23583,11734,6295,14513,19887,41571,29514,0,0,13580,9363,18457,2970,4908,486,258,0,0,524,41613,2249,5443,0,0,0,0,0
665,4812,666.0630417602779,99851,234,113,107,38,36013,18430,0.5452424111926771,138,87,23273,23600,11705,6283,14541,19877,41608,29568,0,0,13530,9332,18482,2965,4917,490,265,0,0,531,41649,2238,5452,0,0,0,0,0
666,4812,667.1378774859243,99851,229,116,107,38,36041,18448,0.545703097615447,148,91,23304,23682,11671,6258,14539,19813,41644,29622,0,0,13466,9303,18506,2961,4933,491,278,0,0,553,41678,2233,5449,0,0,0,0,0
667,4812,668.2111099127214,99850,233,121,108,38,36077,18476,0.5463495242864297,160,86,23333,23736,11635,6246,14529,19771,41680,29675,0,0,13405,9277,18522,2959,4944,495,287,0,0,581,41701,2224,5455,0,0,0,0,0
668,4812,669.282960930254,99850,252,122,108,38,36127,18502,0.5471106659989985,152,82,23361,23774,11601,6244,14524,19738,41716,29728,0,0,13349,9239,18551,2960,4956,499,298,0,0,605,41722,2217,5454,0,0,0,0,0
669,4812,670.3533533688031,99850,254,122,108,38,36171,18520,0.5477315973960941,147,86,23408,23835,11562,6226,14519,19691,41751,29781,0,0,13304,9194,18577,2965,4977,501,306,0,0,626,41738,2206,5456,0,0,0,0,0
670,4812,671.4219261434721,99850,262,127,108,38,36218,18543,0.5484326489734602,149,79,23448,23889,11546,6212,14485,19653,41786,29833,0,0,13247,9160,18591,2969,4994,502,313,0,0,650,41764,2196,5464,0,0,0,0,0
671,4812,672.4882697703285,99850,258,134,108,38,36252,18572,0.5490635953930897,158,72,23490,23936,11508,6204,14476,19614,41821,29885,0,0,13203,9125,18608,2963,5022,506,321,0,0,673,41776,2188,5465,0,0,0,0,0
672,4812,673.0206240813358,99850,245,134,108,38,36264,18579,0.5492538808212318,169,78,23485,23940,11487,6195,14504,19613,41855,29937,0,0,13153,9094,18627,2959,5039,509,328,0,0,680,41812,2181,5468,0,0,0,0,0
673,4812,674.0850530871685,99850,248,127,108,38,36300,18595,0.5497746619929895,180,84,23531,23979,11436,6195,14495,19575,41889,29988,0,0,13097,9063,18648,2959,5049,513,339,0,0,706,41831,2171,5474,0,0,0,0,0
674,4812,675.1474204112794,99850,271,127,108,38,36361,18618,0.5506159238858287,159,82,23581,24031,11411,6198,14468,19522,41923,30039,0,0,13039,9029,18665,2958,5069,516,348,0,0,730,41856,2167,5473,0,0,0,0,0
675,4812,676.2076083854057,99850,258,134,108,38,36391,18650,0.5512368552829244,168,69,23623,24080,11383,6195,14458,19482,41957,30090,0,0,12985,8987,18686,2958,5093,518,363,0,0,752,41873,2160,5475,0,0,0,0,0
676,4812,677.2660160161338,99850,271,129,108,38,36450,18667,0.5519979969954932,152,70,23639,24122,11372,6188,14456,19451,41990,30140,0,0,12932,8951,18705,2957,5111,522,375,0,0,782,41884,2154,5477,0,0,0,0,0
677,4812,678.3233675254064,99850,265,121,108,38,36494,18685,0.5526189283925889,154,80,23664,24178,11359,6183,14448,19398,42023,30190,0,0,12870,8915,18720,2965,5129,524,389,0,0,812,41901,2146,5479,0,0,0,0,0
678,4812,679.3798339162186,99850,265,119,108,38,36534,18708,0.5532498748122183,151,73,23697,24228,11331,6174,14446,19366,42056,30240,0,0,12825,8876,18739,2964,5151,528,396,0,0,839,41912,2139,5481,0,0,0,0,0
679,4812,680.4349273414568,99850,261,119,108,38,36565,18727,0.5537506259389083,156,72,23720,24283,11305,6159,14448,19327,42088,30289,0,0,12773,8847,18750,2962,5174,529,404,0,0,859,41936,2131,5485,0,0,0,0,0
680,4812,681.4888547602815,99850,264,114,108,38,36612,18741,0.5543615423134702,145,84,23749,24327,11289,6148,14443,19287,42120,30338,0,0,12722,8815,18760,2959,5203,530,417,0,0,879,41953,2122,5490,0,0,0,0,0
681,4812,682.0153200497422,99850,270,114,108,38,36629,18748,0.5546019028542815,145,81,23754,24336,11258,6138,14463,19291,42152,30387,0,0,12687,8786,18784,2950,5218,531,415,0,0,890,41979,2115,5495,0,0,0,0,0
682,4812,683.0680008246188,99850,273,122,108,38,36672,18769,0.5552428642964446,134,83,23794,24389,11240,6125,14449,19241,42184,30435,0,0,12638,8756,18793,2950,5246,532,419,0,0,907,42005,2110,5494,0,0,0,0,0
683,4812,684.1191767311567,99850,259,129,108,38,36706,18793,0.5558237356034051,142,88,23833,24431,11217,6112,14439,19200,42215,30483,0,0,12588,8716,18815,2954,5263,536,430,0,0,931,42020,2105,5492,0,0,0,0,0
684,4812,685.168509296865,99849,255,124,108,39,36735,18809,0.5562799827739887,146,88,23889,24495,11184,6098,14416,19154,42246,30531,0,0,12543,8688,18829,2948,5281,541,440,0,0,953,42032,2095,5499,0,0,0,0,0
685,4812,686.2154556920814,99849,262,133,108,39,36774,18832,0.5569009203897886,144,77,23910,24549,11160,6084,14414,19116,42277,30578,0,0,12494,8664,18840,2944,5307,542,445,0,0,967,42062,2086,5498,0,0,0,0,0
686,4812,687.2610349465835,99849,261,126,108,39,36806,18857,0.557471782391411,160,72,23956,24596,11130,6086,14383,19079,42307,30625,0,0,12446,8637,18844,2942,5330,547,452,0,0,994,42076,2079,5502,0,0,0,0,0
687,4812,688.3047934332784,99849,257,135,108,39,36851,18883,0.5581828561127302,147,65,24018,24646,11111,6074,14357,19039,42337,30672,0,0,12397,8604,18859,2943,5347,552,461,0,0,1023,42087,2074,5502,0,0,0,0,0
688,4812,689.3460960740007,99849,255,142,108,39,36891,18906,0.5588138088513656,134,58,24046,24700,11100,6056,14355,19003,42367,30719,0,0,12341,8572,18877,2943,5367,554,474,0,0,1040,42112,2070,5499,0,0,0,0,0
689,4812,690.3859367959732,99849,247,135,108,39,36923,18916,0.5592344440104557,158,67,24060,24752,11077,6058,14348,18947,42397,30765,0,0,12284,8551,18882,2937,5392,556,486,0,0,1058,42138,2064,5501,0,0,0,0,0
690,4812,691.4249741091077,99849,246,130,108,39,36966,18934,0.5598453665034202,152,68,24092,24796,11059,6052,14341,18913,42426,30811,0,0,12230,8520,18896,2940,5410,558,497,0,0,1088,42151,2059,5500,0,0,0,0,0
691,4812,692.4628767515658,99849,238,121,108,39,36997,18948,0.5602960470310169,157,67,24135,24868,11029,6041,14331,18862,42455,30857,0,0,12185,8494,18912,2933,5432,561,507,0,0,1118,42155,2052,5500,0,0,0,0,0
692,4812,693.4992907947432,99849,241,111,108,39,37038,18961,0.5608368636641329,157,69,24172,24916,11012,6037,14308,18826,42484,30902,0,0,12140,8466,18927,2927,5450,565,512,0,0,1150,42163,2048,5501,0,0,0,0,0
693,4812,694.0168096446984,99849,248,112,108,39,37057,18971,0.5611273022263618,155,65,24182,24932,10975,6025,14330,18825,42513,30947,0,0,12095,8441,18949,2923,5455,567,518,0,0,1160,42192,2042,5507,0,0,0,0,0
694,4812,695.0511685598842,99849,244,114,108,39,37096,18993,0.5617382247193262,148,59,24222,24984,10959,6022,14317,18780,42541,30992,0,0,12046,8415,18954,2923,5477,568,524,0,0,1188,42206,2035,5513,0,0,0,0,0
695,4812,696.0837529447888,99849,259,123,108,39,37133,19014,0.5623191018437841,147,65,24248,25047,10925,6000,14311,18724,42569,31037,0,0,12008,8391,18972,2917,5482,577,528,0,0,1201,42227,2026,5520,0,0,0,0,0
696,4812,697.1149103611829,99849,269,129,108,39,37173,19033,0.5629099940910776,147,61,24285,25103,10892,5988,14297,18678,42597,31081,0,0,11963,8366,18981,2915,5496,581,535,0,0,1217,42249,2019,5527,0,0,0,0,0
697,4812,698.1442503492179,99849,281,131,108,39,37220,19052,0.5635709921982193,137,60,24311,25154,10865,5982,14296,18632,42625,31125,0,0,11912,8344,18986,2911,5520,582,546,0,0,1234,42271,2012,5531,0,0,0,0,0
698,4812,699.1724832136005,99849,273,130,108,39,37258,19067,0.5641017937084999,139,58,24336,25205,10861,5975,14281,18591,42652,31169,0,0,11868,8314,18999,2915,5536,587,552,0,0,1260,42283,2005,5530,0,0,0,0,0
699,4812,700.1998514949794,99849,265,122,108,39,37290,19076,0.5645124137447546,150,73,24357,25250,10855,5968,14263,18546,42679,31212,0,0,11817,8289,19011,2917,5550,590,564,0,0,1281,42301,1995,5534,0,0,0,0,0
700,4812,701.2260006492077,99849,263,121,108,39,37328,19097,0.5651033059920479,158,66,24397,25299,10826,5965,14246,18508,42706,31255,0,0,11775,8259,19021,2919,5565,598,569,0,0,1301,42316,1988,5538,0,0,0,0,0
701,4812,702.2507165638484,99849,283,126,108,39,37378,19120,0.5658344099590381,140,68,24436,25345,10793,5949,14238,18471,42733,31298,0,0,11740,8228,19037,2919,5584,600,575,0,0,1318,42327,1977,5544,0,0,0,0,0
702,4812,703.2740132240482,99849,269,120,108,39,37417,19139,0.5664152870834961,135,73,24486,25393,10778,5953,14222,18420,42759,31341,0,0,11694,8196,19049,2921,5609,604,590,0,0,1343,42332,1968,5543,0,0,0,0,0
703,4812,704.2952436204151,99849,259,118,108,39,37452,19158,0.5669561037166121,144,70,24510,25450,10766,5947,14211,18374,42785,31383,0,0,11654,8167,19054,2922,5635,608,593,0,0,1367,42343,1963,5543,0,0,0,0,0
704,4812,705.3153803382967,99849,258,117,108,39,37486,19175,0.5674668749812216,162,78,24510,25495,10762,5936,14198,18333,42811,31425,0,0,11618,8136,19071,2916,5654,611,597,0,0,1395,42347,1962,5542,0,0,0,0,0
705,4812,706.3351534698047,99849,250,123,108,39,37524,19206,0.5681579184568699,168,73,24551,25531,10745,5936,14176,18296,42837,31467,0,0,11571,8113,19081,2914,5673,614,608,0,0,1427,42350,1951,5547,0,0,0,0,0
706,4812,707.3534813271812,99848,254,129,108,40,37558,19226,0.5687044307347168,178,66,24564,25592,10728,5920,14166,18251,42863,31508,0,0,11536,8082,19098,2912,5690,614,612,0,0,1449,42359,1947,5549,0,0,0,0,0
707,4812,708.3709609651933,99848,251,126,108,40,37600,19238,0.569245252784232,172,68,24608,25652,10709,5913,14150,18199,42888,31549,0,0,11503,8055,19107,2908,5715,616,620,0,0,1473,42360,1934,5557,0,0,0,0,0
708,4812,709.3868214095813,99848,251,130,108,40,37636,19261,0.5698361509494432,167,60,24647,25697,10686,5900,14139,18171,42913,31590,0,0,11466,8031,19114,2902,5736,621,624,0,0,1498,42368,1930,5558,0,0,0,0,0
709,4812,710.4011143909454,99848,263,126,108,40,37679,19274,0.5703970034452368,176,58,24652,25758,10674,5885,14125,18131,42938,31631,0,0,11424,8002,19130,2904,5747,624,629,0,0,1520,42382,1927,5559,0,0,0,0,0
710,4812,711.4147892113499,99848,263,125,108,40,37721,19295,0.5710279625030046,185,55,24687,25832,10657,5871,14098,18075,42963,31671,0,0,11387,7971,19141,2904,5774,625,637,0,0,1545,42386,1920,5558,0,0,0,0,0
711,4812,712.4272381022923,99847,265,126,109,40,37762,19313,0.5716245856159925,182,62,24716,25881,10640,5863,14086,18026,42987,31711,0,0,11351,7943,19158,2903,5789,630,643,0,0,1569,42391,1914,5556,0,0,0,0,0
712,4812,713.4384153973149,99847,259,127,109,40,37800,19331,0.5721854437289052,179,63,24758,25933,10625,5853,14068,17982,43011,31751,0,0,11308,7918,19171,2897,5809,633,659,0,0,1590,42396,1905,5561,0,0,0,0,0
713,4812,714.4480046195401,99847,253,130,109,40,37842,19349,0.5727863631355975,181,70,24783,25975,10614,5843,14058,17940,43035,31791,0,0,11267,7888,19181,2899,5829,635,671,0,0,1612,42402,1896,5567,0,0,0,0,0
714,4812,715.4564192350609,99847,259,118,109,40,37888,19358,0.5733372059250653,178,83,24808,26015,10598,5843,14046,17899,43059,31830,0,0,11232,7854,19190,2900,5853,640,679,0,0,1628,42412,1892,5567,0,0,0,0,0
715,4812,716.4638364444954,99847,258,120,109,40,37928,19378,0.5739381253317576,174,93,24834,26072,10581,5831,14042,17842,43083,31869,0,0,11192,7830,19196,2893,5879,644,690,0,0,1646,42423,1887,5567,0,0,0,0,0
716,4812,717.4702281730055,99847,258,121,109,40,37974,19400,0.5746191673260088,162,93,24879,26093,10572,5838,14018,17813,43106,31908,0,0,11150,7801,19205,2894,5898,649,702,0,0,1671,42428,1883,5566,0,0,0,0,0
717,4812,718.4750562243664,99847,274,126,109,40,38022,19419,0.5752901939968151,156,95,24907,26129,10547,5827,14005,17781,43129,31947,0,0,11113,7783,19209,2887,5916,654,705,0,0,1690,42443,1877,5570,0,0,0,0,0
718,4812,719.4783671267937,99847,268,132,109,40,38056,19445,0.5758911134035074,156,83,24945,26186,10541,5818,13979,17739,43152,31985,0,0,11068,7765,19211,2885,5934,660,714,0,0,1710,42456,1872,5572,0,0,0,0,0
719,4812,720.4805375487564,99847,264,135,109,40,38095,19470,0.5765320941039791,161,78,24981,26234,10524,5814,13959,17697,43175,32023,0,0,11021,7739,19216,2890,5952,663,723,0,0,1736,42467,1870,5570,0,0,0,0,0
720,4812,721.4812053142006,99847,251,130,109,40,38125,19487,0.577002814305888,163,79,25026,26280,10503,5817,13946,17652,43198,32061,0,0,10988,7720,19215,2888,5979,666,727,0,0,1766,42466,1859,5573,0,0,0,0,0
721,4812,722.4803845165719,99847,245,133,109,40,38162,19509,0.5775937183891354,155,75,25053,26343,10491,5807,13945,17600,43221,32099,0,0,10945,7699,19224,2886,5996,669,734,0,0,1795,42472,1853,5574,0,0,0,0,0
722,4812,723.4783206675328,99847,248,132,109,40,38198,19525,0.5781145152082686,165,79,25090,26381,10469,5796,13917,17570,43243,32136,0,0,10919,7667,19239,2889,6011,672,737,0,0,1818,42471,1847,5577,0,0,0,0,0
723,4812,724.4748566661501,99847,250,126,109,40,38234,19542,0.5786453273508468,164,74,25124,26445,10447,5786,13904,17527,43265,32173,0,0,10889,7637,19254,2893,6026,674,738,0,0,1847,42468,1843,5578,0,0,0,0,0
724,4812,725.4698458405505,99847,269,119,109,40,38276,19557,0.5792162007872044,159,83,25150,26493,10422,5779,13889,17484,43287,32210,0,0,10854,7616,19261,2894,6041,679,741,0,0,1864,42483,1837,5577,0,0,0,0,0
725,4812,726.4638754145352,99847,261,129,109,40,38317,19579,0.5798471661642313,148,78,25192,26522,10415,5771,13873,17458,43309,32247,0,0,10822,7583,19273,2900,6065,681,746,0,0,1884,42490,1830,5573,0,0,0,0,0
726,4812,727.4562830196104,99847,258,126,109,40,38350,19599,0.5803779783068094,165,73,25234,26564,10395,5779,13837,17416,43331,32283,0,0,10785,7557,19284,2903,6080,684,753,0,0,1912,42491,1826,5572,0,0,0,0,0
727,4812,728.4471292010256,99847,248,129,109,40,38380,19615,0.5808386831852734,182,74,25267,26604,10374,5773,13818,17378,43352,32319,0,0,10748,7528,19289,2908,6101,686,763,0,0,1925,42505,1820,5574,0,0,0,0,0
728,4812,729.4365023299924,99847,265,136,109,40,38433,19639,0.5816098630905285,169,73,25302,26658,10351,5768,13802,17323,43373,32355,0,0,10708,7508,19298,2903,6119,690,771,0,0,1945,42515,1818,5572,0,0,0,0,0
729,4812,730.4243214539435,99846,273,133,110,40,38479,19663,0.5823167678224466,166,68,25324,26703,10345,5770,13780,17284,43394,32391,0,0,10675,7477,19307,2907,6140,692,776,0,0,1973,42514,1814,5571,0,0,0,0,0
730,4812,731.4111248712692,99846,271,124,110,40,38511,19678,0.5827874927388178,180,69,25354,26760,10327,5769,13756,17236,43415,32427,0,0,10647,7444,19324,2911,6156,696,782,0,0,1994,42511,1809,5572,0,0,0,0,0
731,4812,732.3968901139752,99845,270,122,111,40,38550,19690,0.5833041213881517,176,83,25371,26801,10317,5765,13753,17187,43436,32462,0,0,10613,7415,19335,2911,6178,697,790,0,0,2014,42516,1807,5569,0,0,0,0,0
732,4812,733.3818267714105,99845,264,129,111,40,38593,19713,0.5839651459762633,174,80,25385,26863,10326,5745,13738,17141,43457,32497,0,0,10570,7390,19338,2918,6196,702,798,0,0,2034,42531,1802,5566,0,0,0,0,0
733,4812,734.3661576455876,99845,273,134,111,40,38641,19736,0.5846762481846862,169,78,25431,26900,10305,5737,13709,17109,43477,32532,0,0,10534,7365,19340,2922,6217,705,807,0,0,2050,42540,1796,5569,0,0,0,0,0
734,4812,735.3489642575267,99845,275,137,111,40,38677,19757,0.5852471330562372,173,71,25466,26948,10283,5739,13690,17063,43497,32567,0,0,10498,7348,19348,2919,6229,708,810,0,0,2083,42540,1793,5569,0,0,0,0,0
735,4812,736.3301056806644,99845,273,128,111,40,38717,19770,0.5857779558315389,164,76,25501,27008,10276,5737,13673,17009,43517,32601,0,0,10456,7321,19356,2923,6248,710,823,0,0,2105,42546,1790,5567,0,0,0,0,0
736,4812,737.3101825037754,99845,285,139,111,40,38760,19797,0.5864790425158997,150,67,25531,27065,10262,5722,13659,16965,43537,32635,0,0,10423,7297,19356,2928,6266,712,828,0,0,2121,42558,1784,5572,0,0,0,0,0
737,4812,738.2889768952155,99845,276,144,111,40,38783,19823,0.5869698031949522,166,74,25560,27089,10250,5726,13635,16925,43557,32669,0,0,10395,7273,19368,2926,6285,712,832,0,0,2148,42555,1777,5574,0,0,0,0,0
738,4812,739.2666179159447,99844,268,149,112,40,38820,19840,0.5875165257802172,173,76,25574,27132,10246,5716,13625,16885,43577,32703,0,0,10363,7250,19379,2919,6304,719,842,0,0,2165,42558,1772,5573,0,0,0,0,0
739,4812,740.243489717459,99844,268,150,112,40,38856,19861,0.5880874163695364,173,83,25604,27169,10237,5714,13604,16842,43596,32737,0,0,10326,7238,19377,2916,6325,724,847,0,0,2187,42568,1765,5571,0,0,0,0,0
740,4812,741.2192359755481,99844,269,146,112,40,38893,19879,0.5886382757101077,171,84,25634,27200,10220,5720,13592,16808,43615,32770,0,0,10293,7210,19385,2925,6337,730,855,0,0,2205,42572,1761,5571,0,0,0,0,0
741,4812,742.1940982505698,99844,282,153,112,40,38940,19901,0.5893293537919154,161,90,25681,27243,10204,5704,13558,16768,43634,32803,0,0,10261,7192,19392,2927,6348,732,855,0,0,2232,42575,1754,5576,0,0,0,0,0
742,4812,743.1671296489267,99844,288,158,112,40,38977,19923,0.5899202756299827,164,94,25712,27285,10190,5697,13532,16724,43653,32836,0,0,10234,7176,19396,2925,6369,736,854,0,0,2251,42581,1748,5574,0,0,0,0,0
743,4812,744.1387315441107,99844,272,165,112,40,39004,19945,0.5904110412243099,189,87,25712,27339,10198,5686,13515,16681,43672,32869,0,0,10202,7156,19401,2921,6391,737,860,0,0,2279,42577,1744,5576,0,0,0,0,0
744,4812,745.1097300686545,99844,282,175,112,40,39043,19972,0.5910720724329954,196,81,25746,27384,10172,5675,13490,16643,43691,32902,0,0,10180,7127,19414,2924,6406,740,859,0,0,2301,42577,1741,5575,0,0,0,0,0
745,4812,746.0797346928781,99844,284,175,112,40,39083,19992,0.5916730098954369,198,89,25762,27425,10160,5665,13482,16604,43710,32934,0,0,10139,7110,19417,2923,6422,742,871,0,0,2325,42582,1735,5578,0,0,0,0,0
746,4812,747.0487961304867,99844,290,171,112,40,39128,20013,0.5923340411041225,200,96,25788,27471,10148,5660,13460,16560,43728,32966,0,0,10103,7094,19418,2917,6446,745,883,0,0,2352,42578,1731,5577,0,0,0,0,0
747,4812,748.0171269381892,99844,310,170,112,40,39186,20036,0.5931453066784184,192,94,25809,27505,10133,5660,13442,16529,43746,32998,0,0,10071,7078,19422,2913,6461,751,887,0,0,2383,42573,1727,5578,0,0,0,0,0
748,4812,749.4673300970696,99844,323,166,112,40,39255,20067,0.5941468691158207,190,99,25865,27573,10121,5661,13387,16459,43764,33030,0,0,10034,7054,19427,2915,6482,756,899,0,0,2425,42553,1723,5576,0,0,0,0,0
749,4812,750.4324766365365,99844,310,181,112,40,39290,20100,0.5948279315732543,208,99,25877,27603,10118,5654,13373,16421,43782,33062,0,0,10001,7037,19428,2913,6504,759,904,0,0,2457,42547,1719,5575,0,0,0,0,0
750,4812,751.3968220421655,99844,318,173,112,40,39340,20120,0.595529025279436,199,102,25913,27641,10112,5653,13344,16389,43800,33093,0,0,9974,7022,19428,2907,6527,765,909,0,0,2491,42534,1712,5575,0,0,0,0,0
751,4812,752.3600020561903,99844,322,179,112,40,39383,20145,0.5962100877368696,205,111,25936,27668,10100,5644,13323,16356,43818,33124,0,0,9947,7005,19430,2904,6548,769,910,0,0,2520,42530,1708,5573,0,0,0,0,0
752,4812,753.3221073533913,99844,321,186,112,40,39429,20173,0.5969512439405472,207,105,25957,27718,10108,5637,13293,16312,43836,33155,0,0,9913,6984,19430,2907,6570,770,918,0,0,2550,42526,1700,5576,0,0,0,0,0
753,4812,754.2832218150261,99844,321,185,112,40,39478,20200,0.597712431392973,195,104,26000,27758,10108,5646,13262,16265,43853,33186,0,0,9883,6965,19430,2904,6598,774,928,0,0,2578,42516,1691,5577,0,0,0,0,0
754,4812,755.2432699922697,99844,333,177,112,40,39535,20219,0.5984736188453988,186,119,26015,27797,10111,5653,13241,16212,43870,33217,0,0,9847,6947,19430,2899,6619,780,940,0,0,2607,42509,1689,5577,0,0,0,0,0
755,4812,756.2023144350809,99844,341,178,112,40,39588,20240,0.5992147750490766,192,109,26029,27856,10104,5644,13220,16171,43887,33247,0,0,9815,6928,19434,2895,6641,783,951,0,0,2635,42501,1685,5576,0,0,0,0,0
756,4812,757.1607954282321,99844,357,171,112,40,39655,20257,0.6000560874964945,166,116,26041,27894,10107,5648,13215,16129,43904,33277,0,0,9782,6905,19432,2907,6666,785,957,0,0,2661,42501,1675,5573,0,0,0,0,0
757,4812,758.1188240902837,99844,348,173,112,40,39703,20285,0.6008172749489203,163,109,26083,27933,10121,5658,13171,16085,43921,33307,0,0,9748,6879,19427,2910,6704,787,971,0,0,2678,42500,1669,5571,0,0,0,0,0
758,4812,759.0758517106028,99844,339,181,112,40,39744,20307,0.6014482592844838,169,115,26128,27970,10104,5647,13146,16045,43938,33337,0,0,9727,6852,19431,2915,6734,789,969,0,0,2701,42498,1665,5563,0,0,0,0,0
759,4812,760.0313398722939,99843,332,184,113,40,39790,20338,0.6022254940256202,176,112,26142,28010,10110,5650,13125,16002,43955,33367,0,0,9681,6834,19434,2919,6751,792,987,0,0,2734,42491,1658,5562,0,0,0,0,0
760,4812,761.4627515689327,99843,318,190,113,40,39843,20382,0.6031970193203329,195,99,26187,28062,10111,5657,13074,15950,43971,33396,0,0,9649,6810,19430,2927,6779,798,998,0,0,2773,42468,1649,5562,0,0,0,0,0
761,4812,762.415535281095,99843,321,194,113,40,39890,20406,0.6039081357731638,192,97,26210,28109,10112,5651,13050,15907,43987,33425,0,0,9624,6791,19432,2925,6799,803,1001,0,0,2803,42459,1645,5561,0,0,0,0,0
762,4812,763.3677897621342,99843,320,193,113,40,39935,20425,0.6045491421531805,195,100,26215,28144,10114,5658,13041,15863,44003,33454,0,0,9591,6771,19439,2927,6820,805,1011,0,0,2824,42456,1638,5561,0,0,0,0,0
763,4812,764.3195631477028,99843,320,193,113,40,39986,20452,0.6053303686788257,190,101,26249,28179,10108,5661,13018,15824,44019,33483,0,0,9567,6745,19443,2934,6839,811,1016,0,0,2855,42440,1631,5562,0,0,0,0,0
764,4812,765.2704162654356,99843,316,188,113,40,40032,20470,0.6059713750588424,185,104,26276,28219,10110,5661,12998,15786,44035,33512,0,0,9530,6724,19443,2942,6853,816,1025,0,0,2885,42436,1627,5562,0,0,0,0,0
765,4812,766.2201639437018,99843,317,190,113,40,40074,20495,0.6066424286129223,170,100,26332,28272,10102,5654,12964,15742,44051,33541,0,0,9497,6711,19439,2939,6872,821,1031,0,0,2915,42432,1624,5562,0,0,0,0,0
766,4812,767.168385414377,99843,313,175,113,40,40117,20515,0.6072734192682512,170,103,26361,28307,10106,5667,12935,15706,44067,33569,0,0,9465,6692,19437,2941,6896,825,1042,0,0,2947,42418,1616,5564,0,0,0,0,0
767,4812,768.1153384085603,99843,329,177,113,40,40173,20539,0.6080746772432719,148,108,26401,28347,10107,5665,12900,15661,44083,33597,0,0,9434,6673,19438,2941,6920,826,1047,0,0,2973,42415,1615,5561,0,0,0,0,0
768,4812,769.0609064992038,99842,313,182,114,40,40210,20565,0.6087117645880491,150,103,26445,28391,10122,5667,12854,15615,44099,33625,0,0,9406,6649,19438,2944,6941,831,1055,0,0,3000,42405,1611,5562,0,0,0,0,0
769,4812,770.0053630026964,99842,301,190,114,40,40240,20595,0.6093127140882595,165,97,26469,28436,10114,5666,12835,15569,44114,33653,0,0,9379,6628,19446,2943,6948,842,1061,0,0,3024,42400,1608,5563,0,0,0,0,0
770,4812,771.4199129115322,99842,321,180,114,40,40305,20624,0.610254201638589,157,96,26523,28522,10093,5669,12790,15491,44129,33681,0,0,9354,6616,19436,2940,6975,848,1064,0,0,3067,42379,1600,5563,0,0,0,0,0
771,4812,772.3612285138842,99842,321,189,114,40,40346,20656,0.6109853568638449,178,82,26549,28567,10080,5667,12756,15453,44144,33709,0,0,9328,6602,19439,2940,6988,854,1065,0,0,3101,42366,1596,5563,0,0,0,0,0
772,4812,773.301447435677,99842,327,172,114,40,40382,20671,0.6114961639390236,178,86,26592,28615,10055,5674,12732,15411,44159,33736,0,0,9305,6585,19444,2939,7006,857,1069,0,0,3134,42350,1591,5562,0,0,0,0,0
773,4812,774.2402183763919,99842,321,167,114,40,40416,20690,0.6120270026642094,176,98,26627,28655,10051,5678,12709,15360,44174,33763,0,0,9274,6570,19445,2939,7026,859,1076,0,0,3159,42347,1583,5564,0,0,0,0,0
774,4812,775.177685849582,99842,321,165,114,40,40453,20716,0.6126579996394304,172,100,26657,28692,10032,5676,12702,15325,44189,33790,0,0,9248,6551,19445,2938,7047,864,1080,0,0,3187,42339,1582,5561,0,0,0,0,0
775,4812,776.1141703330725,99842,315,173,114,40,40495,20747,0.6133891548646863,181,89,26674,28737,10028,5675,12686,15284,44204,33817,0,0,9227,6531,19446,2934,7081,866,1084,0,0,3211,42326,1579,5557,0,0,0,0,0
776,4812,777.049936604136,99842,321,171,114,40,40539,20773,0.6140902626149316,174,93,26718,28752,10018,5681,12653,15261,44219,33844,0,0,9206,6514,19445,2936,7101,871,1087,0,0,3242,42312,1572,5556,0,0,0,0,0
777,4812,778.4510101546389,99842,305,167,114,40,40592,20807,0.6149616393902366,170,87,26775,28832,10030,5695,12604,15177,44233,33871,0,0,9178,6491,19442,2939,7137,873,1094,0,0,3291,42279,1570,5548,0,0,0,0,0
778,4812,779.3835263628724,99842,306,159,114,40,40633,20830,0.615602652190461,163,82,26801,28885,10024,5705,12590,15127,44247,33897,0,0,9151,6473,19446,2937,7154,876,1102,0,0,3331,42258,1567,5547,0,0,0,0,0
779,4812,780.3153814016193,99842,307,154,114,40,40678,20849,0.6162436649906853,166,83,26831,28917,10018,5710,12562,15094,44261,33923,0,0,9125,6457,19441,2936,7180,881,1109,0,0,3354,42249,1565,5545,0,0,0,0,0
780,4812,781.2460854672714,99842,309,159,114,40,40719,20873,0.6168946936159131,163,83,26866,28968,10010,5707,12536,15041,44275,33949,0,0,9098,6442,19440,2928,7209,883,1118,0,0,3373,42246,1563,5542,0,0,0,0,0
781,4812,782.1756646149563,99842,320,151,114,40,40761,20886,0.617445563991106,163,86,26876,29036,10002,5702,12523,14983,44289,33975,0,0,9077,6423,19452,2926,7220,887,1121,0,0,3401,42235,1559,5541,0,0,0,0,0
782,4812,783.1044648875045,99842,305,148,114,40,40791,20903,0.6179163077662707,171,94,26901,29078,10008,5697,12499,14941,44303,34001,0,0,9046,6410,19447,2925,7240,893,1128,0,0,3425,42234,1555,5539,0,0,0,0,0
783,4812,784.0327649948264,99842,298,153,114,40,40825,20924,0.6184671781414635,169,93,26937,29113,10010,5689,12470,14910,44317,34027,0,0,9027,6389,19449,2926,7261,896,1129,0,0,3445,42229,1549,5542,0,0,0,0,0
784,4812,785.4228405216388,99842,290,140,114,40,40883,20950,0.619308507441758,172,98,27016,29178,10007,5695,12399,14847,44331,34052,0,0,8993,6373,19435,2936,7285,905,1136,0,0,3487,42208,1545,5539,0,0,0,0,0
785,4812,786.347479978155,99842,287,141,114,40,40919,20977,0.6199395044169789,175,97,27028,29211,9996,5697,12398,14812,44345,34077,0,0,8965,6351,19437,2943,7301,910,1144,0,0,3510,42205,1541,5535,0,0,0,0,0
786,4812,787.2715584983273,99842,292,143,114,40,40965,21000,0.6206305963422207,169,94,27041,29262,9994,5694,12388,14765,44359,34102,0,0,8942,6334,19436,2946,7327,913,1147,0,0,3530,42201,1536,5530,0,0,0,0,0
787,4812,788.1950599923446,99842,293,150,114,40,41002,21021,0.621211514192424,163,95,27082,29298,9987,5693,12359,14722,44372,34127,0,0,8922,6316,19440,2946,7346,914,1151,0,0,3553,42192,1533,5529,0,0,0,0,0
788,4812,789.1173573084566,99842,277,149,114,40,41028,21042,0.6216822579675888,170,87,27121,29350,9976,5700,12340,14672,44385,34152,0,0,8896,6303,19436,2951,7360,919,1156,0,0,3583,42181,1526,5531,0,0,0,0,0
789,4812,790.0386154000516,99842,275,155,114,40,41073,21066,0.6223733498928307,172,81,27147,29401,9975,5693,12315,14628,44398,34177,0,0,8872,6286,19436,2954,7374,923,1157,0,0,3619,42168,1522,5531,0,0,0,0,0
790,4812,791.4183833918792,99842,263,155,114,40,41129,21092,0.6231946475431182,169,88,27192,29464,9986,5687,12274,14564,44411,34202,0,0,8843,6267,19433,2957,7396,931,1163,0,0,3655,42149,1518,5530,0,0,0,0,0
791,4812,792.3369816995462,99841,279,151,114,41,41170,21109,0.6237818130828017,161,93,27216,29506,9970,5682,12258,14525,44424,34226,0,0,8814,6253,19432,2957,7416,933,1172,0,0,3665,42156,1515,5528,0,0,0,0,0
792,4812,793.2548560230505,99841,284,155,114,41,41210,21133,0.6244228323033624,165,94,27246,29530,9968,5683,12221,14495,44437,34250,0,0,8791,6243,19425,2957,7433,941,1173,0,0,3685,42157,1510,5526,0,0,0,0,0
793,4812,794.1717922451111,99841,287,152,114,41,41251,21157,0.6250738674492443,162,90,27281,29558,9955,5693,12199,14464,44450,34274,0,0,8759,6229,19418,2960,7455,945,1182,0,0,3704,42157,1508,5524,0,0,0,0,0
794,4812,795.0875369260813,99841,297,144,114,41,41288,21175,0.6256247433419136,166,99,27300,29591,9940,5693,12181,14430,44463,34298,0,0,8732,6211,19425,2965,7468,948,1191,0,0,3722,42154,1503,5522,0,0,0,0,0
795,4812,796.0023239181639,99841,296,150,114,41,41323,21202,0.6262457307118318,167,91,27341,29621,9932,5700,12148,14395,44476,34322,0,0,8708,6199,19419,2964,7494,951,1195,0,0,3739,42152,1500,5520,0,0,0,0,0
796,4812,797.3720249651243,99841,289,158,114,41,41372,21241,0.6271271321401027,171,88,27400,29686,9929,5701,12095,14324,44489,34346,0,0,8682,6185,19406,2970,7522,954,1197,0,0,3778,42133,1493,5521,0,0,0,0,0
797,4812,798.2834911019945,99841,288,153,114,41,41413,21255,0.6276780080327721,164,88,27414,29739,9936,5698,12082,14279,44502,34370,0,0,8654,6171,19409,2970,7535,956,1204,0,0,3811,42120,1488,5523,0,0,0,0,0
798,4812,799.1944989345373,99841,282,146,114,41,41449,21275,0.6282388998507628,167,85,27457,29789,9932,5708,12046,14229,44514,34393,0,0,8638,6150,19414,2970,7555,959,1206,0,0,3846,42096,1485,5522,0,0,0,0,0
799,4812,800.1043588860429,99841,274,147,114,41,41480,21292,0.6287196642661832,175,80,27488,29845,9927,5702,12020,14183,44526,34416,0,0,8613,6139,19411,2972,7573,960,1210,0,0,3872,42088,1480,5523,0,0,0,0,0
800,4812,801.0132531095877,99841,283,145,114,41,41522,21308,0.6293005879348164,164,82,27513,29882,9929,5701,11995,14147,44538,34439,0,0,8591,6126,19411,2972,7585,963,1215,0,0,3900,42076,1477,5525,0,0,0,0,0
801,4812,802.3749132456803,99841,279,152,114,41,41574,21343,0.6301719734377661,162,73,27572,29948,9927,5693,11944,14091,44550,34462,0,0,8567,6111,19407,2970,7607,968,1225,0,0,3940,42048,1471,5527,0,0,0,0,0
802,4812,803.2810577810739,99841,270,140,114,41,41605,21354,0.630592642301259,165,84,27591,29994,9925,5695,11933,14044,44562,34485,0,0,8540,6097,19404,2972,7622,974,1231,0,0,3964,42041,1469,5527,0,0,0,0,0
803,4812,804.1864406141941,99841,276,147,114,41,41648,21372,0.6312036137458559,160,85,27610,30024,9923,5687,11915,14014,44574,34508,0,0,8523,6078,19410,2975,7634,978,1233,0,0,3986,42033,1465,5526,0,0,0,0,0
804,4812,805.0912721957587,99841,265,153,114,41,41678,21398,0.6317645055638466,158,73,27639,30060,9920,5692,11902,13979,44586,34531,0,0,8505,6061,19410,2974,7659,982,1234,0,0,4006,42027,1462,5521,0,0,0,0,0
805,4812,806.4468605362954,99841,252,142,114,41,41727,21417,0.6324455884856922,149,79,27695,30144,9926,5686,11862,13906,44598,34553,0,0,8479,6040,19403,2981,7690,986,1242,0,0,4035,42011,1456,5518,0,0,0,0,0
806,4812,807.3492553516812,99841,254,125,114,41,41760,21430,0.6329063210504703,144,79,27727,30191,9917,5688,11842,13874,44610,34575,0,0,8460,6026,19400,2977,7711,989,1247,0,0,4065,41993,1453,5520,0,0,0,0,0
807,4812,808.250940104871,99841,261,121,114,41,41800,21441,0.6334171332418546,127,80,27771,30234,9908,5683,11817,13839,44622,34597,0,0,8441,6014,19400,2973,7734,990,1250,0,0,4085,41989,1448,5517,0,0,0,0,0
808,4812,809.1513672304234,99841,240,125,114,41,41825,21456,0.633817770254705,126,87,27805,30272,9906,5670,11807,13803,44634,34619,0,0,8414,5998,19402,2974,7751,995,1262,0,0,4100,41987,1444,5514,0,0,0,0,0
809,4812,810.0508701178156,99841,249,137,114,41,41859,21479,0.6343886779980168,122,74,27836,30319,9891,5661,11786,13766,44645,34641,0,0,8400,5985,19401,2967,7770,999,1264,0,0,4111,41986,1443,5515,0,0,0,0,0
810,4812,811.3980566313238,99841,232,137,114,41,41894,21507,0.6350196812932563,137,74,27881,30390,9890,5654,11744,13702,44656,34663,0,0,8377,5970,19398,2966,7790,1004,1271,0,0,4148,41964,1436,5517,0,0,0,0,0
811,4812,812.2948377300409,99841,232,128,114,41,41924,21518,0.6354303342314279,139,78,27918,30439,9879,5656,11716,13656,44667,34685,0,0,8357,5956,19392,2971,7809,1006,1273,0,0,4167,41962,1430,5518,0,0,0,0,0
812,4812,813.1904767645872,99841,241,111,114,41,41960,21524,0.6358510030949209,131,84,27947,30470,9867,5658,11698,13634,44678,34707,0,0,8334,5942,19395,2970,7822,1009,1280,0,0,4191,41953,1428,5517,0,0,0,0,0
813,4812,814.0854361317835,99841,234,117,114,41,41983,21543,0.6362716719584138,136,78,27976,30495,9860,5651,11678,13616,44689,34728,0,0,8319,5929,19398,2965,7842,1010,1282,0,0,4211,41944,1425,5516,0,0,0,0,0
814,4812,815.425870009234,99841,234,122,114,41,42024,21565,0.6369026752536533,134,89,28029,30559,9842,5634,11645,13553,44700,34749,0,0,8304,5908,19399,2969,7855,1017,1283,0,0,4233,41933,1424,5516,0,0,0,0,0
815,4812,816.318037837417,99841,238,130,114,41,42059,21580,0.6374034715197163,123,94,28068,30599,9834,5617,11621,13517,44711,34770,0,0,8286,5897,19403,2963,7874,1017,1288,0,0,4249,41928,1420,5516,0,0,0,0,0
816,4812,817.2090200521059,99841,242,128,114,41,42087,21596,0.6378441722338518,141,90,28093,30632,9810,5613,11598,13494,44722,34791,0,0,8268,5888,19400,2959,7892,1018,1288,0,0,4272,41921,1418,5517,0,0,0,0,0
817,4812,818.0989448810072,99841,236,135,114,41,42110,21618,0.6382948888733085,150,89,28120,30655,9801,5608,11577,13470,44733,34812,0,0,8245,5881,19399,2955,7900,1025,1293,0,0,4291,41919,1414,5519,0,0,0,0,0
818,4812,819.432136954546,99841,249,137,114,41,42171,21644,0.6391662743762583,123,81,28170,30721,9803,5604,11539,13414,44744,34833,0,0,8227,5868,19394,2955,7918,1032,1296,0,0,4324,41898,1409,5520,0,0,0,0,0
819,4812,820.3197501681242,99841,241,128,114,41,42191,21657,0.6394967999118598,132,84,28197,30764,9793,5598,11521,13383,44755,34854,0,0,8209,5852,19391,2958,7935,1036,1295,0,0,4343,41896,1407,5519,0,0,0,0,0
820,4812,821.2064749694226,99841,242,122,114,41,42224,21670,0.6399575324766379,125,82,28236,30808,9780,5602,11501,13343,44766,34875,0,0,8191,5836,19394,2955,7956,1038,1298,0,0,4363,41890,1404,5516,0,0,0,0,0
821,4812,822.0922766311406,99841,244,121,114,41,42251,21687,0.6403982331907734,128,74,28279,30853,9764,5604,11469,13305,44777,34895,0,0,8168,5824,19395,2952,7971,1040,1306,0,0,4380,41887,1402,5516,0,0,0,0,0
822,4812,823.4184907216281,99841,249,117,114,41,42296,21709,0.6410693001872978,123,73,28324,30900,9753,5605,11435,13262,44788,34915,0,0,8148,5801,19395,2954,7994,1045,1314,0,0,4397,41880,1401,5512,0,0,0,0,0
823,4812,824.301375889504,99841,242,109,114,41,42319,21718,0.6413898097975782,125,80,28353,30949,9747,5598,11417,13221,44798,34935,0,0,8132,5786,19399,2956,8008,1047,1317,0,0,4419,41869,1397,5511,0,0,0,0,0
824,4812,825.1834373620426,99840,236,110,115,41,42348,21733,0.6418369391025641,118,77,28385,30986,9741,5593,11403,13191,44808,34955,0,0,8114,5775,19396,2956,8027,1050,1317,0,0,4437,41866,1394,5508,0,0,0,0,0
825,4812,826.0647808981462,99840,234,107,115,41,42375,21744,0.6422175480769231,109,91,28415,31013,9728,5589,11397,13157,44818,34975,0,0,8098,5758,19405,2956,8040,1051,1322,0,0,4459,41854,1392,5505,0,0,0,0,0
826,4812,827.3849096351548,99840,220,120,115,41,42413,21774,0.6428986378205128,110,84,28472,31076,9725,5569,11356,13108,44828,34995,0,0,8074,5744,19394,2957,8065,1055,1329,0,0,4484,41844,1391,5503,0,0,0,0,0
827,4812,828.263481681779,99840,221,121,115,41,42440,21794,0.6433693910256411,101,74,28517,31115,9710,5569,11334,13078,44838,35015,0,0,8058,5733,19396,2956,8073,1062,1331,0,0,4505,41836,1387,5503,0,0,0,0,0
828,4812,829.1409215469041,99840,213,124,115,41,42460,21809,0.643719951923077,100,73,28549,31151,9716,5564,11305,13045,44848,35035,0,0,8037,5720,19396,2958,8083,1064,1333,0,0,4525,41834,1386,5504,0,0,0,0,0
829,4812,830.0172614026558,99840,192,126,115,41,42472,21825,0.6440004006410256,115,77,28584,31192,9706,5561,11286,13001,44858,35055,0,0,8007,5713,19395,2961,8086,1070,1337,0,0,4548,41835,1386,5502,0,0,0,0,0
830,4812,831.3299763657287,99840,196,121,115,41,42514,21845,0.6446213942307693,117,73,28618,31268,9699,5553,11253,12942,44868,35074,0,0,7981,5706,19388,2962,8099,1074,1342,0,0,4581,41822,1383,5502,0,0,0,0,0
831,4812,832.2042127401309,99840,192,117,115,41,42533,21856,0.644921875,120,69,28647,31312,9686,5548,11238,12911,44878,35093,0,0,7964,5695,19387,2962,8116,1075,1344,0,0,4596,41820,1380,5501,0,0,0,0,0
832,4812,833.0777254555367,99840,192,112,115,41,42558,21865,0.6452624198717949,116,77,28674,31350,9675,5544,11226,12874,44888,35112,0,0,7948,5687,19385,2959,8133,1077,1343,0,0,4612,41818,1376,5502,0,0,0,0,0
833,4812,834.3864656561003,99840,193,115,115,41,42596,21884,0.6458333333333334,113,78,28738,31397,9659,5533,11180,12834,44898,35131,0,0,7927,5671,19386,2961,8156,1079,1349,0,0,4626,41816,1375,5494,0,0,0,0,0
834,4812,835.2572987350358,99840,187,131,115,41,42622,21908,0.6463341346153846,104,62,28779,31435,9650,5521,11163,12808,44908,35150,0,0,7911,5656,19396,2956,8167,1079,1353,0,0,4652,41802,1374,5494,0,0,0,0,0
835,4812,836.126990518988,99840,192,129,115,41,42647,21922,0.6467247596153847,109,65,28804,31467,9636,5520,11142,12776,44918,35169,0,0,7893,5649,19397,2952,8176,1083,1356,0,0,4671,41797,1371,5495,0,0,0,0,0
836,4812,837.4299535925197,99840,194,129,115,41,42693,21949,0.6474559294871794,107,56,28825,31514,9646,5527,11111,12731,44928,35188,0,0,7872,5635,19397,2957,8194,1086,1358,0,0,4702,41777,1369,5493,0,0,0,0,0
837,4812,838.298036379627,99840,197,135,115,41,42713,21964,0.6478064903846154,106,56,28857,31553,9631,5520,11092,12693,44937,35207,0,0,7861,5619,19405,2959,8198,1091,1357,0,0,4712,41778,1367,5493,0,0,0,0,0
838,4812,839.1652562470912,99839,197,123,116,41,42731,21974,0.648093430422981,106,63,28881,31599,9618,5525,11080,12647,44946,35226,0,0,7842,5609,19403,2960,8212,1093,1358,0,0,4728,41777,1366,5491,0,0,0,0,0
839,4812,840.0317494909453,99839,195,122,116,41,42753,21985,0.6484239625797534,106,60,28920,31649,9599,5513,11062,12613,44955,35244,0,0,7828,5598,19406,2959,8220,1098,1359,0,0,4740,41776,1363,5492,0,0,0,0,0
840,4812,841.3295770324731,99839,203,119,116,41,42787,22001,0.6489247688778934,102,64,28991,31723,9561,5493,11025,12558,44964,35262,0,0,7812,5589,19406,2951,8232,1105,1363,0,0,4759,41768,1362,5492,0,0,0,0,0
841,4812,842.1929721480086,99839,207,116,116,41,42810,22012,0.6492653171606286,103,66,29024,31763,9546,5492,11002,12520,44973,35280,0,0,7796,5580,19412,2947,8241,1107,1365,0,0,4777,41761,1362,5491,0,0,0,0,0
842,4812,843.055200113793,99839,208,108,116,41,42829,22026,0.649595849317401,109,61,29041,31798,9536,5497,10988,12493,44982,35298,0,0,7781,5570,19412,2945,8255,1110,1369,0,0,4795,41752,1360,5490,0,0,0,0,0
843,4812,844.3470669074302,99839,212,93,116,41,42862,22039,0.6500565911116898,112,72,29103,31860,9510,5490,10945,12442,44991,35316,0,0,7762,5562,19409,2944,8270,1112,1374,0,0,4825,41734,1355,5492,0,0,0,0,0
844,4812,845.2069168061764,99839,216,99,116,41,42883,22056,0.6504372038982762,114,68,29136,31887,9482,5490,10934,12413,45000,35334,0,0,7743,5553,19413,2943,8276,1114,1379,0,0,4837,41735,1351,5495,0,0,0,0,0
845,4812,846.0658006581414,99839,207,97,116,41,42907,22069,0.6508078005588999,116,67,29147,31919,9484,5491,10928,12383,45009,35352,0,0,7721,5544,19408,2944,8299,1114,1383,0,0,4852,41734,1350,5490,0,0,0,0,0
846,4812,847.3528905753133,99839,208,106,116,41,42949,22097,0.6515089293762958,119,57,29195,31976,9471,5475,10889,12343,45018,35370,0,0,7706,5531,19402,2941,8323,1117,1391,0,0,4875,41716,1346,5491,0,0,0,0,0
847,4812,848.2100158471102,99839,205,98,116,41,42965,22105,0.651749316399403,124,64,29225,32002,9454,5469,10874,12324,45027,35388,0,0,7693,5522,19403,2942,8335,1118,1389,0,0,4894,41710,1341,5492,0,0,0,0,0
848,4812,849.0662975594693,99839,212,103,116,41,42990,22118,0.6521299291859894,122,63,29253,32041,9443,5462,10852,12288,45036,35406,0,0,7677,5516,19401,2935,8354,1119,1391,0,0,4903,41714,1341,5488,0,0,0,0,0
849,4812,850.3490198630916,99839,214,99,116,41,43029,22137,0.6527108644918318,126,59,29285,32093,9439,5455,10818,12251,45045,35423,0,0,7660,5506,19397,2933,8370,1123,1395,0,0,4933,41695,1340,5487,0,0,0,0,0
850,4812,851.2032033050829,99839,216,106,116,41,43050,22151,0.6530614289005299,122,58,29320,32129,9427,5447,10797,12217,45054,35440,0,0,7641,5499,19396,2933,8382,1124,1398,0,0,4941,41701,1338,5486,0,0,0,0,0
851,4812,852.0565443817891,99839,212,111,116,41,43073,22162,0.6534019771832651,116,56,29352,32172,9422,5434,10780,12184,45063,35457,0,0,7628,5491,19398,2926,8392,1128,1402,0,0,4955,41695,1335,5489,0,0,0,0,0
852,4812,853.3348555075074,99839,207,107,116,41,43108,22184,0.6539728963631447,117,58,29406,32232,9411,5426,10741,12134,45072,35474,0,0,7613,5476,19396,2934,8409,1134,1402,0,0,4974,41683,1329,5489,0,0,0,0,0
853,4812,854.1856994901966,99839,203,112,116,41,43136,22199,0.654403589779545,122,60,29422,32243,9417,5423,10718,12119,45081,35491,0,0,7596,5467,19397,2935,8420,1137,1405,0,0,4992,41677,1325,5488,0,0,0,0,0
854,4812,855.0360330781538,99839,222,106,116,41,43175,22212,0.6549244283296106,102,58,29451,32270,9404,5422,10703,12101,45090,35508,0,0,7586,5455,19399,2933,8430,1142,1406,0,0,5013,41664,1325,5486,0,0,0,0,0
855,4812,856.3099560848187,99839,221,105,116,41,43212,22228,0.655455283005639,95,60,29507,32316,9389,5416,10670,12060,45098,35525,0,0,7573,5443,19399,2938,8442,1145,1404,0,0,5044,41644,1323,5484,0,0,0,0,0
856,4812,857.1581811223532,99839,214,106,116,41,43240,22239,0.6558459119181883,103,64,29525,32341,9392,5414,10648,12032,45106,35542,0,0,7557,5436,19391,2931,8466,1146,1407,0,0,5060,41639,1321,5485,0,0,0,0,0
857,4812,858.0056459070429,99839,208,106,116,41,43256,22249,0.656106331193221,120,62,29542,32377,9382,5406,10630,12006,45114,35559,0,0,7545,5428,19388,2927,8481,1149,1407,0,0,5073,41637,1320,5484,0,0,0,0,0
858,4812,859.2755451982763,99838,197,111,117,41,43286,22270,0.6566237304433181,128,60,29596,32434,9374,5403,10586,11949,45122,35576,0,0,7521,5420,19382,2928,8498,1153,1413,0,0,5093,41634,1318,5478,0,0,0,0,0
859,4812,860.1208327818681,99838,195,111,117,41,43308,22283,0.6569742983633486,132,60,29637,32471,9360,5400,10557,11915,45130,35593,0,0,7502,5413,19380,2924,8514,1155,1419,0,0,5103,41635,1315,5478,0,0,0,0,0
860,4812,861.386955991135,99838,202,105,117,41,43344,22299,0.657495142130251,132,66,29682,32515,9340,5400,10525,11871,45138,35609,0,0,7484,5406,19376,2922,8528,1159,1424,0,0,5125,41624,1311,5479,0,0,0,0,0
861,4812,862.2298250366097,99838,207,115,117,41,43373,22318,0.6579759209920071,124,64,29718,32539,9335,5395,10497,11844,45146,35625,0,0,7471,5400,19377,2924,8528,1165,1422,0,0,5145,41617,1308,5481,0,0,0,0,0
862,4812,863.0716787790174,99838,212,115,117,41,43402,22334,0.6584266511749033,115,55,29754,32589,9326,5393,10474,11805,45154,35641,0,0,7457,5397,19368,2919,8544,1170,1424,0,0,5158,41612,1304,5485,0,0,0,0,0
863,4812,864.3325065028248,99838,215,113,117,41,43430,22356,0.6589274624892325,127,58,29796,32629,9307,5396,10436,11761,45162,35657,0,0,7441,5383,19376,2920,8553,1173,1429,0,0,5182,41596,1303,5482,0,0,0,0,0
864,4812,865.1721340635063,99838,206,112,117,41,43454,22362,0.6592279492778301,134,64,29809,32667,9308,5383,10424,11731,45170,35673,0,0,7428,5375,19377,2915,8565,1176,1431,0,0,5204,41584,1303,5480,0,0,0,0,0
865,4812,866.011222945639,99838,210,112,117,41,43483,22377,0.6596686632344398,134,61,29823,32697,9303,5378,10411,11709,45178,35689,0,0,7412,5365,19380,2913,8576,1178,1434,0,0,5227,41574,1303,5476,0,0,0,0,0
866,4812,867.2689597232095,99837,214,111,117,42,43523,22398,0.6602862666145818,139,58,29886,32734,9282,5376,10360,11677,45186,35705,0,0,7394,5357,19378,2912,8586,1183,1439,0,0,5258,41553,1301,5476,0,0,0,0,0
867,4812,868.1059339815608,99837,216,108,117,42,43554,22409,0.6607069523323017,130,59,29917,32753,9277,5373,10341,11663,45194,35721,0,0,7377,5350,19376,2912,8590,1190,1444,0,0,5279,41543,1298,5478,0,0,0,0,0
868,4812,869.3597804506819,99837,210,109,117,42,43594,22426,0.6612778829492072,125,55,29958,32811,9279,5362,10309,11619,45202,35737,0,0,7360,5335,19373,2914,8609,1192,1448,0,0,5307,41526,1297,5476,0,0,0,0,0
869,4812,870.1947802943881,99837,213,111,117,42,43617,22437,0.6616184380540281,121,65,29994,32844,9261,5348,10292,11588,45210,35753,0,0,7355,5324,19374,2913,8623,1194,1444,0,0,5322,41517,1296,5475,0,0,0,0,0
870,4812,871.0288737036282,99837,209,107,117,42,43636,22449,0.6619289441790118,125,70,30019,32866,9247,5347,10281,11566,45218,35769,0,0,7346,5314,19374,2915,8637,1197,1444,0,0,5337,41508,1290,5475,0,0,0,0,0
871,4812,872.2785646827206,99837,217,111,117,42,43678,22472,0.6625800054088163,117,61,30070,32928,9238,5341,10239,11515,45226,35785,0,0,7329,5305,19371,2913,8654,1200,1448,0,0,5361,41495,1288,5473,0,0,0,0,0
872,4812,873.1104839506709,99837,214,116,117,42,43706,22491,0.6630507727595981,110,54,30097,32962,9232,5344,10228,11480,45234,35800,0,0,7313,5299,19373,2907,8670,1201,1452,0,0,5385,41480,1287,5470,0,0,0,0,0
873,4812,874.3570209848214,99837,210,116,117,42,43737,22510,0.663551589090217,118,57,30145,33005,9224,5340,10184,11438,45242,35815,0,0,7298,5289,19367,2909,8687,1203,1452,0,0,5411,41468,1283,5470,0,0,0,0,0
874,4812,875.1869315716065,99837,210,118,117,42,43764,22524,0.6639622584813245,112,59,30185,33035,9217,5334,10157,11410,45250,35830,0,0,7281,5282,19363,2910,8702,1206,1454,0,0,5424,41468,1281,5466,0,0,0,0,0
875,4812,876.0159165555513,99837,213,113,117,42,43790,22535,0.6643328625659826,117,59,30222,33064,9199,5335,10130,11385,45257,35845,0,0,7263,5276,19361,2911,8714,1208,1461,0,0,5436,41465,1277,5465,0,0,0,0,0
876,4812,877.2573788431087,99837,202,114,117,42,43824,22549,0.6648136462433767,121,62,30273,33114,9196,5324,10089,11342,45264,35860,0,0,7249,5266,19354,2909,8741,1209,1463,0,0,5460,41452,1275,5459,0,0,0,0,0
877,4812,878.083870300799,99837,207,108,117,42,43852,22557,0.6651742340014223,121,66,30294,33141,9191,5326,10068,11315,45271,35875,0,0,7232,5262,19350,2905,8756,1210,1467,0,0,5479,41445,1274,5457,0,0,0,0,0
878,4812,879.3221160287482,99837,196,104,117,42,43883,22579,0.6657050993118784,121,64,30344,33208,9196,5318,10024,11262,45278,35890,0,0,7214,5250,19344,2909,8774,1214,1475,0,0,5506,41426,1269,5456,0,0,0,0,0
879,4812,880.1465763590933,99837,198,102,117,42,43904,22592,0.6660456544166993,120,64,30367,33235,9183,5316,10013,11239,45285,35905,0,0,7203,5243,19343,2906,8782,1220,1475,0,0,5522,41420,1268,5455,0,0,0,0,0
880,4812,881.3822421431302,99837,211,108,117,42,43945,22609,0.6666266013602171,95,66,30422,33288,9162,5307,9991,11187,45292,35920,0,0,7189,5236,19339,2908,8791,1223,1474,0,0,5544,41412,1266,5455,0,0,0,0,0
881,4812,882.2049077638375,99837,205,110,117,42,43960,22621,0.6668970421787513,108,72,30450,33314,9145,5298,9973,11162,45299,35935,0,0,7180,5228,19342,2905,8798,1227,1474,0,0,5562,41402,1264,5455,0,0,0,0,0
882,4812,883.0266864474765,99837,203,105,117,42,43984,22631,0.6672375972835722,110,68,30469,33351,9143,5298,9956,11134,45306,35950,0,0,7165,5222,19339,2906,8806,1232,1474,0,0,5579,41397,1262,5455,0,0,0,0,0
883,4812,884.258160821749,99837,201,108,117,42,44011,22654,0.6677384136141912,112,65,30515,33404,9121,5293,9932,11086,45313,35965,0,0,7147,5215,19333,2905,8821,1236,1478,0,0,5600,41389,1261,5452,0,0,0,0,0
884,4812,885.0781283834815,99837,188,113,117,42,44024,22669,0.6680188707593377,119,67,30555,33434,9109,5284,9910,11058,45320,35979,0,0,7133,5210,19330,2903,8834,1241,1479,0,0,5611,41389,1259,5448,0,0,0,0,0
885,4812,886.3063364578093,99837,186,120,117,42,44059,22698,0.6686599156625299,122,50,30604,33502,9098,5274,9871,11010,45327,35993,0,0,7119,5199,19327,2911,8841,1249,1481,0,0,5633,41374,1254,5449,0,0,0,0,0
886,4812,887.1240435466717,99837,193,124,117,42,44083,22708,0.6690004707673508,125,44,30625,33548,9085,5260,9853,10980,45334,36007,0,0,7110,5190,19327,2912,8852,1251,1479,0,0,5641,41376,1252,5447,0,0,0,0,0
887,4812,888.349274718841,99837,208,121,117,42,44118,22723,0.6695012870979697,133,52,30667,33606,9057,5251,9816,10926,45341,36021,0,0,7093,5182,19326,2914,8863,1253,1484,0,0,5655,41370,1251,5446,0,0,0,0,0
888,4812,889.1650558082163,99837,214,118,117,42,44153,22736,0.6699820707753639,116,55,30706,33635,9052,5248,9793,10900,45348,36035,0,0,7087,5172,19326,2915,8874,1257,1481,0,0,5679,41351,1248,5447,0,0,0,0,0
889,4812,890.3868655643146,99837,217,114,117,42,44191,22757,0.6705730340454942,108,56,30743,33667,9046,5256,9767,10863,45355,36049,0,0,7073,5165,19322,2914,8890,1261,1483,0,0,5706,41331,1245,5447,0,0,0,0,0
890,4812,891.2005309620159,99837,214,110,117,42,44227,22767,0.6710337850696636,99,56,30769,33712,9055,5249,9744,10829,45362,36063,0,0,7057,5149,19321,2920,8903,1264,1492,0,0,5721,41321,1240,5449,0,0,0,0,0
891,4812,892.0137396705522,99837,210,99,117,42,44247,22774,0.6713042258881977,97,66,30789,33745,9054,5254,9731,10792,45369,36077,0,0,7042,5141,19317,2919,8915,1267,1496,0,0,5741,41311,1239,5449,0,0,0,0,0
892,4812,893.2324385635975,99837,219,100,117,42,44284,22791,0.6718451075252662,92,68,30834,33795,9035,5237,9701,10756,45376,36091,0,0,7033,5132,19313,2916,8932,1269,1496,0,0,5763,41297,1236,5450,0,0,0,0,0
893,4812,894.0438521446092,99836,205,99,118,42,44309,22803,0.6722224448094876,89,68,30855,33832,9044,5233,9687,10724,45383,36105,0,0,7022,5124,19309,2916,8948,1273,1494,0,0,5785,41283,1234,5448,0,0,0,0,0
894,4812,895.2599511680802,99836,191,104,118,42,44328,22825,0.672633118314035,103,61,30901,33886,9033,5232,9652,10673,45390,36119,0,0,7011,5114,19310,2920,8959,1278,1493,0,0,5805,41268,1232,5446,0,0,0,0,0
895,4812,896.069746401676,99836,190,101,118,42,44345,22837,0.6729235946953003,106,64,30931,33910,9021,5231,9632,10650,45397,36133,0,0,7006,5107,19307,2913,8981,1280,1494,0,0,5816,41259,1229,5444,0,0,0,0,0
896,4812,897.2829968727945,99836,188,102,118,42,44375,22855,0.673404383188429,107,70,30974,33941,9008,5228,9603,10615,45404,36147,0,0,6993,5098,19305,2910,8998,1282,1495,0,0,5840,41244,1229,5442,0,0,0,0,0
897,4812,898.0908751824223,99836,178,102,118,42,44392,22867,0.6736948595696943,120,64,31008,33970,8998,5224,9576,10596,45411,36161,0,0,6983,5087,19304,2909,9015,1283,1497,0,0,5856,41234,1227,5441,0,0,0,0,0
898,4812,899.3010625953956,99836,181,106,118,42,44425,22889,0.6742457630514043,117,57,31056,34014,8976,5227,9550,10552,45417,36174,0,0,6972,5077,19301,2910,9033,1288,1497,0,0,5871,41227,1227,5433,0,0,0,0,0
899,4812,900.1068733930285,99836,190,111,118,42,44444,22897,0.6745162065787892,136,77,31059,34021,8964,5213,9531,10534,45417,36174,0,0,6971,5076,19299,2911,9037,1288,1497,0,0,5876,41222,1227,5432,0,0,0,0,0
900,4812,900.1068733930285,99836,187,116,118,42,44454,22905,0.6746965022637125,135,80,31080,34041,8960,5209,9518,10510,45417,36174,0,0,6967,5076,19296,2908,9044,1288,1497,4,5,5875,41217,1227,5432,0,0,0,0,0
901,4812,901.3140403892709,99836,194,110,118,42,44496,22926,0.675327537160944,143,79,31112,34087,8959,5222,9472,10458,45417,36174,0,0,6962,5073,19279,2912,9065,1291,1497,9,31,5871,41191,1226,5429,0,0,0,0,0
902,4812,902.1179657355674,99836,210,99,118,42,44531,22939,0.6758083256540727,144,81,31133,34120,8949,5226,9444,10430,45417,36174,0,0,6959,5072,19268,2913,9082,1292,1497,12,48,5869,41174,1225,5425,0,0,0,0,0
903,4812,903.3227089737728,99836,231,109,118,42,44583,22968,0.6766196562362274,146,71,31167,34167,8942,5221,9394,10388,45417,36174,0,0,6954,5064,19261,2921,9092,1294,1496,17,70,5867,41152,1225,5423,0,0,0,0,0
904,4812,904.1249319594324,99836,226,105,118,42,44608,22979,0.676980247606074,154,77,31204,34192,8940,5219,9356,10363,45417,36174,0,0,6951,5062,19256,2920,9102,1298,1496,20,91,5866,41131,1224,5419,0,0,0,0,0
905,4812,905.326628347334,99836,229,106,118,42,44650,22996,0.6775712167955447,168,89,31238,34231,8941,5213,9304,10317,45417,36174,0,0,6942,5058,19245,2921,9119,1302,1496,29,107,5862,41115,1224,5416,0,0,0,0,0
906,4812,906.1268211310565,99836,234,108,118,42,44683,23011,0.6780520052886734,166,88,31267,34267,8939,5212,9274,10281,45417,36174,0,0,6934,5057,19235,2921,9135,1303,1495,37,119,5859,41103,1224,5414,0,0,0,0,0
907,4812,907.3255974781678,99836,264,119,118,42,44750,23038,0.6789935494210505,157,90,31308,34313,8935,5199,9216,10235,45417,36174,0,0,6928,5053,19225,2925,9144,1308,1495,43,143,5856,41079,1224,5413,0,0,0,0,0
908,4812,908.1236596105108,99836,275,123,118,42,44791,23055,0.6795745021835811,161,96,31334,34345,8938,5194,9172,10198,45417,36174,0,0,6923,5053,19219,2925,9157,1309,1494,48,164,5853,41058,1223,5410,0,0,0,0,0
909,4812,909.3193684984245,99836,277,128,118,42,44836,23093,0.6804058656196161,174,88,31375,34392,8941,5199,9113,10149,45417,36174,0,0,6915,5050,19207,2930,9176,1313,1492,56,197,5851,41025,1220,5404,0,0,0,0,0
910,4812,910.1154717250115,99836,276,127,118,42,44868,23104,0.680836571978044,186,96,31395,34421,8942,5198,9081,10114,45417,36174,0,0,6910,5046,19197,2932,9189,1314,1492,61,218,5849,41004,1220,5404,0,0,0,0,0
911,4812,911.3084296121295,99836,294,124,118,42,44922,23128,0.6816178532793782,186,95,31430,34450,8933,5208,9037,10079,45417,36174,0,0,6903,5038,19188,2939,9204,1316,1492,68,247,5845,40975,1220,5401,0,0,0,0,0
912,4812,912.1029907845848,99836,308,122,118,42,44964,23147,0.6822288553227293,182,91,31446,34484,8941,5213,9003,10046,45417,36174,0,0,6898,5036,19173,2941,9224,1319,1492,73,261,5842,40961,1218,5398,0,0,0,0,0
913,4812,913.2936105880949,99836,309,131,118,42,45017,23177,0.6830602187587643,188,88,31483,34520,8950,5222,8950,9995,45417,36174,0,0,6890,5034,19159,2944,9248,1320,1492,81,295,5836,40927,1216,5394,0,0,0,0,0
914,4812,914.0864832998207,99835,307,135,119,42,45052,23196,0.6836079531226523,193,88,31511,34556,8954,5224,8914,9953,45417,36174,0,0,6887,5031,19151,2949,9261,1322,1490,84,320,5832,40902,1215,5391,0,0,0,0,0
915,4812,915.2744704672531,99835,310,144,119,42,45110,23224,0.684469374467872,206,95,31535,34584,8969,5220,8859,9913,45417,36174,0,0,6881,5023,19136,2959,9275,1328,1490,90,351,5831,40871,1212,5388,0,0,0,0,0
916,4812,916.0657103851428,99835,318,149,119,42,45150,23246,0.6850903991586117,219,91,31558,34610,8966,5215,8818,9891,45417,36174,0,0,6877,5021,19127,2961,9287,1330,1490,94,375,5830,40846,1211,5386,0,0,0,0,0
917,4812,917.251319641689,99835,321,153,119,42,45201,23274,0.6858817048129413,216,98,31593,34644,8968,5217,8781,9844,45417,36174,0,0,6867,5021,19111,2962,9308,1334,1490,104,405,5825,40816,1209,5383,0,0,0,0,0
918,4812,918.0409977535115,99835,312,153,119,42,45235,23292,0.6864025642309811,219,101,31612,34666,8984,5219,8752,9817,45417,36174,0,0,6860,5016,19091,2967,9332,1337,1490,111,423,5823,40798,1208,5379,0,0,0,0,0
919,4812,919.2246820044181,99834,324,153,120,42,45303,23319,0.6873610192920248,228,105,31623,34705,8999,5223,8704,9770,45417,36174,0,0,6856,5009,19086,2974,9352,1339,1487,115,463,5818,40757,1204,5374,0,0,0,0,0
920,4812,920.0134326412557,99834,342,162,120,42,45354,23344,0.688122282989763,220,106,31644,34719,8999,5229,8673,9740,45417,36174,0,0,6852,5005,19077,2978,9362,1344,1486,119,481,5815,40739,1203,5373,0,0,0,0,0
921,4812,921.1953574260021,99834,348,156,120,42,45411,23368,0.6889336298255103,245,119,31645,34751,9003,5228,8637,9702,45417,36174,0,0,6844,5002,19061,2980,9380,1354,1486,127,512,5812,40708,1202,5366,0,0,0,0,0
922,4812,922.3765735975297,99834,345,165,120,42,45469,23405,0.6898852094476832,251,119,31679,34781,9025,5234,8578,9657,45417,36174,0,0,6834,4998,19046,2983,9397,1363,1485,137,548,5809,40672,1199,5363,0,0,0,0,0
923,4812,923.1634638307696,99834,349,181,120,42,45514,23440,0.6906865396558287,259,109,31685,34811,9035,5228,8550,9627,45417,36174,0,0,6825,4995,19034,2985,9415,1366,1484,146,570,5804,40650,1198,5362,0,0,0,0,0
924,4812,924.343033564424,99834,359,172,120,42,45581,23463,0.6915880361399924,281,118,31694,34849,9052,5240,8492,9577,45417,36174,0,0,6821,4988,19019,2998,9432,1374,1479,150,607,5800,40613,1195,5358,0,0,0,0,0
925,4812,925.1290390318975,99834,364,179,120,42,45633,23494,0.6924194162309434,274,114,31698,34864,9077,5250,8465,9549,45417,36174,0,0,6816,4988,19001,3000,9456,1379,1478,155,635,5798,40584,1193,5351,0,0,0,0,0
926,4812,926.3076261164317,99834,398,181,120,42,45729,23529,0.6937315944467817,268,114,31702,34898,9094,5267,8416,9496,45417,36174,0,0,6808,4983,18984,2999,9487,1385,1478,163,672,5794,40547,1192,5342,0,0,0,0,0
927,4812,927.0931365200244,99834,408,193,120,42,45775,23561,0.6945128913997235,274,117,31724,34919,9096,5270,8376,9457,45417,36174,0,0,6803,4979,18971,3003,9500,1390,1477,168,695,5793,40524,1192,5339,0,0,0,0,0
928,4812,928.270163566336,99834,431,197,120,42,45867,23597,0.6957950197327564,264,120,31736,34967,9114,5268,8333,9404,45417,36174,0,0,6790,4974,18956,3005,9520,1397,1477,181,744,5790,40475,1192,5333,0,0,0,0,0
929,4812,929.0544234565184,99831,436,205,123,42,45923,23623,0.6966373170658413,269,128,31742,34968,9122,5272,8306,9383,45417,36174,0,0,6782,4970,18941,3003,9542,1400,1477,188,769,5787,40450,1192,5330,0,0,0,0,0
930,4812,930.2302698439162,99830,436,225,124,42,46001,23669,0.6978864068917159,276,141,31741,34985,9160,5270,8261,9335,45417,36174,0,0,6772,4962,18921,3012,9564,1408,1474,198,811,5783,40408,1191,5326,0,0,0,0,0
931,4812,931.0139599428661,99830,439,221,124,42,46052,23692,0.6986276670339577,290,151,31746,35000,9180,5281,8219,9303,45417,36174,0,0,6762,4958,18909,3016,9579,1413,1474,208,845,5782,40374,1189,5321,0,0,0,0,0
932,4812,932.1891459196311,99829,468,238,125,42,46143,23738,0.7000070119905037,309,148,31729,35024,9194,5290,8173,9256,45417,36174,0,0,6753,4951,18896,3020,9597,1418,1474,217,887,5781,40331,1188,5316,0,0,0,0,0
933,4812,933.3640109400727,99829,494,250,125,42,46234,23786,0.701399392961965,309,145,31744,35048,9201,5301,8125,9212,45417,36174,0,0,6744,4947,18874,3021,9626,1426,1473,226,926,5776,40291,1187,5312,0,0,0,0,0
934,4812,934.1467761698844,99829,504,250,125,42,46294,23810,0.7022408318224164,309,162,31736,35049,9225,5310,8099,9185,45417,36174,0,0,6739,4941,18863,3026,9644,1429,1472,231,962,5774,40255,1186,5307,0,0,0,0,0
935,4812,935.3206922539281,99829,515,262,125,42,46385,23865,0.7037033326989152,325,162,31736,35085,9248,5324,8049,9123,45417,36174,0,0,6733,4936,18834,3025,9694,1435,1471,237,1008,5764,40208,1184,5300,0,0,0,0,0
936,4812,936.103161600245,99829,512,270,125,42,46447,23900,0.7046749942401507,333,171,31732,35091,9275,5338,8021,9086,45417,36174,0,0,6724,4927,18821,3035,9710,1447,1470,246,1037,5759,40178,1182,5293,0,0,0,0,0
937,4812,937.2768432226482,99829,531,283,125,42,46546,23958,0.7062476835388515,344,158,31721,35109,9297,5362,7980,9044,45417,36174,0,0,6713,4919,18800,3043,9741,1452,1468,257,1097,5753,40117,1182,5287,0,0,0,0,0
938,4812,938.0592677908044,99829,540,283,125,42,46612,23983,0.7071592423043405,351,179,31722,35118,9311,5370,7949,9006,45417,36174,0,0,6709,4916,18786,3044,9759,1460,1468,261,1138,5751,40076,1182,5279,0,0,0,0,0
939,4812,939.2325750743621,99829,543,279,125,42,46701,24025,0.7084714862414729,366,196,31698,35126,9364,5394,7902,8961,45417,36174,0,0,6698,4907,18767,3054,9790,1466,1467,272,1201,5743,40012,1179,5273,0,0,0,0,0
940,4812,940.015017474572,99829,564,272,125,42,46775,24055,0.709513267687746,380,205,31700,35131,9366,5416,7863,8932,45417,36174,0,0,6685,4900,18748,3058,9819,1471,1465,285,1229,5739,39983,1179,5268,0,0,0,0,0
941,4812,941.1883097277043,99829,594,287,125,42,46881,24119,0.7112161796672309,360,202,31715,35151,9391,5439,7813,8877,45417,36174,0,0,6670,4894,18724,3063,9850,1482,1465,300,1276,5734,39936,1176,5259,0,0,0,0,0
942,4812,942.3608536221919,99829,593,317,125,42,46989,24189,0.7129992286810446,362,191,31699,35178,9454,5450,7765,8820,45417,36174,0,0,6659,4882,18693,3073,9884,1499,1463,311,1327,5730,39884,1172,5252,0,0,0,0,0
943,4812,943.1427877397525,99829,582,322,125,42,47055,24225,0.7140209758687356,375,207,31690,35183,9497,5465,7729,8779,45417,36174,0,0,6652,4870,18678,3084,9912,1504,1460,317,1370,5724,39841,1171,5246,0,0,0,0,0
944,4812,944.3159298095089,99829,572,328,125,42,47160,24283,0.7156537679431828,374,208,31681,35186,9562,5494,7684,8740,45417,36174,0,0,6642,4859,18640,3096,9959,1515,1457,326,1442,5714,39769,1170,5240,0,0,0,0,0
945,4812,945.0981840456594,99829,560,327,125,42,47218,24323,0.7166354466137095,382,212,31670,35180,9598,5519,7663,8718,45417,36174,0,0,6630,4850,18625,3107,9986,1520,1457,338,1486,5709,39724,1165,5232,0,0,0,0,0
946,4812,946.2722386475448,99829,575,344,125,42,47328,24389,0.7183984613689409,404,206,31647,35184,9629,5545,7618,8677,45417,36174,0,0,6617,4841,18593,3117,10035,1525,1455,351,1541,5703,39668,1160,5223,0,0,0,0,0
947,4812,947.0550960362442,99829,589,349,125,42,47406,24436,0.7196506025303269,387,204,31632,35192,9670,5571,7595,8640,45417,36174,0,0,6610,4836,18574,3117,10068,1530,1455,358,1589,5696,39618,1159,5219,0,0,0,0,0
948,4812,948.2297775027437,99829,594,358,125,42,47516,24509,0.7214837371905959,397,195,31619,35202,9718,5606,7545,8595,45417,36174,0,0,6597,4823,18545,3127,10121,1544,1454,371,1644,5685,39560,1157,5201,0,0,0,0,0
949,4812,949.0131729635041,99829,600,374,125,42,47600,24557,0.7228059982570195,387,187,31616,35212,9759,5621,7511,8562,45417,36174,0,0,6589,4814,18527,3130,10148,1553,1452,378,1682,5682,39521,1154,5199,0,0,0,0,0
950,4812,950.1883849289436,99829,607,357,125,42,47710,24612,0.724458824590049,389,193,31597,35222,9809,5670,7471,8514,45417,36174,0,0,6577,4800,18495,3145,10196,1566,1450,387,1748,5674,39453,1152,5186,0,0,0,0,0
951,4812,951.3641862075735,99829,587,349,125,42,47804,24664,0.7259213254665478,403,199,31601,35233,9856,5704,7426,8471,45417,36174,0,0,6561,4787,18467,3157,10238,1579,1447,403,1816,5670,39383,1148,5173,0,0,0,0,0
952,4812,952.1481432993808,99829,601,349,125,42,47882,24705,0.7271133638521873,419,208,31600,35227,9868,5729,7385,8443,45417,36174,0,0,6550,4779,18444,3164,10271,1583,1446,414,1858,5665,39341,1147,5167,0,0,0,0,0
953,4812,953.3237050567121,99829,639,368,125,42,48012,24775,0.7291167897104048,400,210,31573,35230,9912,5755,7349,8393,45417,36174,0,0,6536,4771,18416,3170,10309,1594,1445,427,1916,5657,39283,1147,5158,0,0,0,0,0
954,4812,954.1076628133325,99829,644,366,125,42,48087,24807,0.7301886225445512,419,232,31542,35221,9948,5775,7320,8362,45417,36174,0,0,6527,4760,18392,3181,10337,1601,1443,436,1953,5652,39246,1147,5154,0,0,0,0,0
955,4812,955.2844636603664,99829,632,393,125,42,48192,24882,0.731991705816947,435,244,31519,35199,10019,5797,7268,8323,45417,36174,0,0,6508,4754,18363,3181,10384,1610,1440,455,2023,5643,39175,1146,5147,0,0,0,0,0
956,4812,956.0692706483294,99828,640,398,126,42,48271,24926,0.7332311575910566,433,247,31513,35206,10050,5813,7236,8292,45417,36174,0,0,6495,4747,18350,3189,10407,1619,1439,468,2062,5638,39133,1141,5140,0,0,0,0,0
957,4812,957.246666551558,99828,695,415,126,42,48416,24998,0.7354048964218456,430,247,31489,35200,10068,5835,7190,8259,45417,36174,0,0,6483,4737,18319,3197,10449,1628,1439,480,2120,5632,39072,1139,5133,0,0,0,0,0
958,4812,958.0316336037012,99827,711,417,127,42,48514,25042,0.7368347240726457,413,244,31475,35197,10111,5857,7161,8241,45417,36174,0,0,6476,4727,18294,3211,10486,1637,1437,486,2165,5623,39024,1138,5123,0,0,0,0,0
959,4812,959.2095396720172,99827,720,412,127,42,48639,25112,0.7387881034189148,451,238,31440,35219,10155,5901,7105,8186,45417,36174,0,0,6459,4713,18255,3227,10533,1652,1434,503,2237,5616,38950,1133,5115,0,0,0,0,0
960,4812,960.3880784599995,99827,745,415,127,42,48781,25182,0.7409117773748585,432,241,31444,35228,10205,5939,7045,8133,45417,36174,0,0,6445,4701,18225,3241,10583,1666,1431,517,2304,5611,38880,1126,5097,0,0,0,0,0
961,4812,961.1737053428883,99826,749,415,128,42,48865,25235,0.74229158736201,455,258,31414,35204,10237,5979,7015,8100,45417,36174,0,0,6433,4694,18199,3249,10613,1677,1430,528,2358,5611,38824,1123,5087,0,0,0,0,0
962,4812,962.3527878626035,99825,751,410,128,43,48997,25304,0.7443125469571751,461,266,31372,35204,10316,6024,6970,8051,45417,36174,0,0,6416,4666,18152,3270,10670,1692,1430,545,2426,5606,38755,1121,5076,0,0,0,0,0
963,4812,963.1396564116804,99825,758,418,128,43,49081,25357,0.7456849486601552,458,259,31362,35217,10363,6036,6929,8025,45417,36174,0,0,6409,4655,18135,3282,10698,1702,1427,551,2473,5601,38707,1118,5067,0,0,0,0,0
964,4812,964.3206109241355,99823,756,430,129,44,49205,25435,0.7477234705428608,478,271,31333,35222,10416,6066,6886,7965,45417,36174,0,0,6392,4643,18093,3292,10759,1717,1424,568,2530,5595,38643,1113,5054,0,0,0,0,0
965,4812,965.1083109897077,99822,770,433,130,44,49311,25483,0.7492737071988139,449,269,31322,35224,10467,6090,6860,7938,45417,36174,0,0,6388,4629,18071,3306,10795,1729,1420,572,2581,5587,38590,1112,5042,0,0,0,0,0
966,4812,966.2905908899268,99822,765,453,130,44,49434,25570,0.7513774518643185,481,276,31295,35200,10514,6124,6813,7901,45417,36174,0,0,6369,4609,18043,3328,10830,1744,1417,591,2663,5581,38507,1107,5033,0,0,0,0,0
967,4812,967.0790022156186,99822,782,451,130,44,49531,25619,0.7528400552984312,481,280,31267,35190,10557,6156,6781,7877,45417,36174,0,0,6355,4599,18028,3344,10855,1751,1410,604,2719,5574,38450,1106,5027,0,0,0,0,0
968,4812,968.2622997868558,99822,774,446,130,44,49670,25700,0.7550439782813407,495,287,31233,35189,10633,6201,6733,7831,45417,36174,0,0,6338,4579,17996,3366,10900,1773,1408,621,2809,5562,38356,1099,5015,0,0,0,0,0
969,4812,969.0518972350591,99822,776,468,130,44,49763,25770,0.7566768848550419,514,276,31203,35185,10668,6223,6707,7802,45417,36174,0,0,6328,4572,17972,3370,10930,1788,1404,631,2863,5559,38298,1099,5008,0,0,0,0,0
970,4812,970.2373774769092,99822,779,486,130,44,49918,25859,0.7591212357997235,516,277,31158,35165,10757,6264,6658,7762,45417,36174,0,0,6307,4555,17935,3389,10985,1804,1399,649,2946,5548,38212,1096,4997,0,0,0,0,0
971,4812,971.0284818535197,99822,794,476,130,44,50014,25912,0.7606138927290578,546,285,31109,35150,10793,6306,6626,7737,45417,36174,0,0,6298,4549,17906,3395,11026,1817,1396,657,2999,5539,38156,1094,4990,0,0,0,0,0
972,4812,972.2165629566974,99821,808,482,130,45,50166,26000,0.7630258162110177,546,307,31088,35119,10856,6355,6570,7690,45417,36174,0,0,6276,4536,17874,3410,11081,1831,1390,678,3086,5527,38067,1092,4973,0,0,0,0,0
973,4812,973.0089560963077,99821,835,516,130,45,50280,26080,0.7649692950381183,542,293,31061,35110,10898,6373,6532,7661,45417,36174,0,0,6266,4531,17852,3413,11115,1841,1389,688,3144,5515,38007,1090,4970,0,0,0,0,0
974,4812,974.1982500650745,99820,820,517,131,45,50424,26162,0.7672410338609497,556,312,31017,35080,10977,6424,6497,7620,45417,36174,0,0,6244,4514,17813,3429,11169,1867,1383,710,3222,5506,37924,1087,4952,0,0,0,0,0
975,4812,975.388919809807,99820,836,528,131,45,50573,26254,0.7696553796834302,563,302,30981,35064,11038,6473,6449,7586,45417,36174,0,0,6225,4502,17770,3446,11231,1882,1380,725,3297,5492,37845,1083,4942,0,0,0,0,0
976,4812,976.1833664708806,99818,855,530,133,45,50684,26321,0.7714540463643832,566,294,30962,35058,11074,6517,6408,7554,45417,36174,0,0,6207,4492,17739,3451,11270,1895,1380,742,3354,5488,37786,1080,4934,0,0,0,0,0
977,4812,977.3756425163821,99818,889,541,133,45,50869,26408,0.7741790057905388,537,303,30927,35041,11163,6560,6349,7508,45417,36174,0,0,6190,4477,17702,3469,11317,1913,1374,755,3451,5481,37688,1076,4925,0,0,0,0,0
978,4812,978.1711268662804,99817,890,534,134,45,50986,26466,0.775939970145366,547,322,30897,35023,11215,6592,6315,7482,45417,36174,0,0,6181,4463,17663,3479,11373,1926,1374,762,3519,5471,37617,1074,4915,0,0,0,0,0
979,4812,979.3653697685371,99817,910,554,134,45,51138,26570,0.7785046635342677,565,320,30858,35011,11274,6641,6257,7427,45417,36174,0,0,6165,4444,17623,3499,11430,1943,1373,777,3595,5464,37535,1068,4901,0,0,0,0,0
980,4812,980.1620780900233,99817,914,556,134,45,51250,26636,0.7802879269062384,576,318,30823,35002,11330,6686,6221,7391,45417,36174,0,0,6148,4436,17593,3510,11480,1953,1365,793,3653,5455,37473,1066,4892,0,0,0,0,0
981,4812,981.358465290415,99817,934,544,134,45,51425,26726,0.7829427852970937,583,319,30749,34984,11411,6752,6187,7354,45417,36174,0,0,6130,4407,17542,3542,11551,1970,1359,811,3744,5448,37378,1063,4872,0,0,0,0,0
982,4812,982.1575134827127,99817,947,533,134,45,51540,26781,0.7846459020006612,576,336,30718,34967,11462,6799,6161,7318,45417,36174,0,0,6120,4396,17517,3550,11592,1981,1357,820,3817,5443,37300,1060,4864,0,0,0,0,0
983,4812,983.3575673526229,99816,975,559,134,46,51721,26894,0.7875991824957923,571,329,30675,34931,11534,6853,6109,7280,45417,36174,0,0,6099,4385,17478,3553,11658,2005,1356,839,3896,5429,37216,1055,4847,0,0,0,0,0
984,4812,984.1581598185433,99816,979,557,134,46,51847,26965,0.7895728139777191,573,342,30626,34903,11602,6900,6084,7250,45417,36174,0,0,6090,4371,17442,3566,11720,2018,1350,848,3966,5419,37142,1053,4831,0,0,0,0,0
985,4812,985.3610522019828,99816,983,565,134,46,52023,27061,0.7922978280035264,573,340,30584,34884,11693,6957,6031,7206,45417,36174,0,0,6063,4359,17390,3579,11800,2042,1343,875,4039,5396,37062,1051,4817,0,0,0,0,0
986,4812,986.1639715794547,99816,986,556,134,46,52146,27117,0.7940911276749218,578,367,30539,34873,11756,6983,6005,7173,45417,36174,0,0,6049,4343,17358,3592,11853,2051,1338,889,4111,5387,36985,1049,4811,0,0,0,0,0
987,4812,987.3700773915912,99815,994,559,135,46,52322,27227,0.7969643841106047,604,365,30480,34835,11840,7057,5945,7136,45417,36174,0,0,6029,4330,17306,3603,11934,2071,1336,908,4217,5371,36875,1044,4791,0,0,0,0,0
988,4812,988.175198937773,99815,988,572,135,46,52434,27306,0.7988779241596954,621,381,30450,34828,11902,7084,5902,7087,45417,36174,0,0,6015,4312,17277,3616,11986,2087,1335,920,4272,5364,36815,1041,4775,0,0,0,0,0
989,4812,989.3842591126032,99815,1001,567,135,46,52613,27410,0.8017131693633222,646,375,30393,34811,11980,7151,5843,7048,45417,36174,0,0,5997,4291,17229,3636,12065,2105,1329,938,4370,5352,36705,1036,4762,0,0,0,0,0
990,4812,990.1911061022341,99815,991,578,135,46,52736,27479,0.8036367279467014,627,376,30375,34796,12060,7185,5810,7017,45417,36174,0,0,5982,4271,17199,3649,12102,2123,1329,952,4447,5349,36627,1034,4751,0,0,0,0,0
991,4812,991.4028152525431,99814,1001,612,136,46,52927,27602,0.8067906305728655,631,351,30314,34784,12147,7232,5769,6973,45417,36174,0,0,5967,4254,17147,3660,12163,2148,1329,964,4559,5342,36513,1029,4739,0,0,0,0,0
992,4812,992.211728524385,99814,1003,607,136,46,53061,27665,0.8087643016009778,625,373,30277,34745,12221,7279,5736,6948,45417,36174,0,0,5952,4239,17108,3680,12218,2164,1324,976,4625,5328,36441,1028,4731,0,0,0,0,0
993,4812,993.0216194930407,99814,1021,618,136,46,53196,27740,0.8108682148796762,593,378,30261,34719,12278,7314,5709,6923,45417,36174,0,0,5942,4227,17076,3689,12274,2175,1320,986,4691,5326,36365,1027,4716,0,0,0,0,0
994,4812,994.2378137094038,99813,1030,599,136,47,53371,27840,0.8136314908879605,613,390,30205,34694,12355,7384,5659,6884,45417,36174,0,0,5920,4213,17028,3705,12345,2202,1318,1004,4793,5310,36257,1022,4696,0,0,0,0,0
995,4812,995.0495871390559,99813,1029,608,136,47,53487,27912,0.8155150130744492,620,393,30172,34673,12411,7417,5630,6860,45417,36174,0,0,5909,4203,16995,3713,12395,2217,1317,1014,4862,5303,36184,1020,4681,0,0,0,0,0
996,4812,996.268544820803,99813,1021,630,136,47,53659,28049,0.8186108022001142,639,364,30111,34643,12505,7486,5586,6828,45417,36174,0,0,5891,4190,16944,3722,12457,2253,1315,1031,4973,5289,36062,1017,4669,0,0,0,0,0
997,4812,997.0825231453441,99813,1040,635,136,47,53794,28122,0.8206946990872932,633,369,30073,34610,12558,7532,5558,6805,45417,36174,0,0,5883,4178,16908,3735,12507,2273,1314,1037,5028,5280,35996,1013,4661,0,0,0,0,0
998,4812,998.3053279875134,99813,1022,639,136,47,53984,28249,0.8238706380932344,677,380,29982,34556,12669,7611,5512,6765,45417,36174,0,0,5859,4157,16841,3761,12606,2298,1303,1057,5135,5263,35881,1008,4644,0,0,0,0,0
999,4812,999.1222732953541,99812,1022,650,136,48,54127,28324,0.8260629984370617,695,390,29910,34534,12757,7643,5478,6733,45417,36174,0,0,5847,4146,16800,3773,12654,2317,1298,1068,5217,5256,35795,1005,4636,0,0,0,0,0
1000,4812,1000.3506508612682,99810,1071,671,138,48,54360,28453,0.8297064422402565,649,365,29863,34508,12846,7708,5431,6698,45417,36174,0,0,5826,4133,16735,3785,12739,2346,1294,1087,5311,5241,35692,999,4622,0,0,0,0,0
1001,4812,1001.1708020591659,99810,1070,661,138,48,54488,28530,0.8317603446548442,673,377,29817,34490,12902,7759,5398,6663,45417,36174,0,0,5811,4119,16693,3793,12792,2368,1292,1102,5388,5231,35611,994,4616,0,0,0,0,0
1002,4812,1002.4025249228616,99810,1079,684,138,48,54681,28662,0.8350165314096784,680,366,29753,34467,12998,7827,5350,6606,45417,36174,0,0,5784,4102,16635,3805,12874,2392,1288,1128,5486,5218,35505,988,4605,0,0,0,0,0
1003,4812,1003.2250409120142,99808,1065,656,140,48,54817,28734,0.8371172651490862,702,362,29693,34460,13079,7893,5319,6579,45417,36174,0,0,5759,4087,16582,3822,12955,2409,1284,1147,5558,5205,35424,986,4590,0,0,0,0,0
1004,4812,1004.0492945277398,99807,1079,646,141,48,54970,28794,0.8392597713587223,663,387,29662,34427,13160,7938,5293,6552,45417,36174,0,0,5750,4070,16544,3836,13014,2425,1280,1155,5630,5196,35343,986,4578,0,0,0,0,0
1005,4812,1005.2873508289008,99807,1116,650,141,48,55183,28906,0.8425160559880569,656,382,29605,34406,13236,8006,5244,6506,45417,36174,0,0,5727,4058,16494,3841,13094,2444,1276,1177,5740,5185,35224,982,4565,0,0,0,0,0
1006,4812,1006.1138428614738,99807,1097,657,141,48,55303,28984,0.8444998847776208,697,368,29537,34398,13312,8046,5214,6481,45417,36174,0,0,5709,4045,16458,3853,13149,2461,1275,1194,5813,5175,35141,980,4554,0,0,0,0,0
1007,4812,1007.3569771971371,99806,1100,647,142,48,55532,29089,0.8478548383864698,683,378,29449,34364,13452,8126,5172,6435,45417,36174,0,0,5677,4030,16403,3855,13241,2500,1271,1223,5909,5161,35028,978,4530,0,0,0,0,0
1008,4812,1008.1877286773914,99806,1105,645,142,48,55670,29181,0.8501593090595756,698,398,29399,34327,13513,8186,5141,6394,45417,36174,0,0,5665,4020,16374,3864,13290,2524,1271,1231,5994,5155,34932,974,4512,0,0,0,0,0
1009,4812,1009.01974016124,99806,1137,649,142,48,55822,29258,0.8524537602949722,689,405,29360,34309,13551,8220,5119,6367,45417,36174,0,0,5653,4009,16345,3877,13327,2546,1268,1241,6065,5147,34857,969,4502,0,0,0,0,0
1010,4812,1010.2693025495457,99805,1146,668,143,48,56030,29379,0.855758729522569,680,422,29321,34276,13632,8262,5076,6322,45417,36174,0,0,5625,3999,16286,3883,13422,2575,1264,1264,6142,5134,34766,965,4480,0,0,0,0,0
1011,4812,1011.103141717444,99805,1152,688,143,48,56167,29476,0.8581033014378037,707,401,29247,34270,13702,8305,5047,6286,45417,36174,0,0,5610,3988,16253,3893,13468,2597,1260,1275,6217,5127,34684,963,4470,0,0,0,0,0
1012,4812,1012.3567632728841,99805,1195,701,143,48,56403,29604,0.8617504133059466,694,396,29183,34235,13794,8374,4989,6244,45417,36174,0,0,5585,3965,16195,3911,13545,2625,1259,1299,6326,5114,34569,959,4453,0,0,0,0,0
1013,4812,1013.1938488483696,99805,1211,685,143,48,56552,29682,0.8640248484544862,688,402,29132,34215,13864,8435,4960,6213,45417,36174,0,0,5572,3953,16155,3922,13592,2657,1258,1308,6403,5100,34484,959,4442,0,0,0,0,0
1014,4812,1014.032306846545,99804,1219,702,144,48,56717,29774,0.8666085527634163,666,389,29098,34183,13944,8487,4927,6189,45417,36174,0,0,5551,3943,16119,3930,13636,2691,1254,1326,6471,5090,34406,957,4430,0,0,0,0,0
1015,4812,1015.2925938092715,99802,1217,687,146,48,56939,29896,0.8700727440331857,686,422,28996,34143,14078,8563,4875,6135,45417,36174,0,0,5525,3925,16073,3944,13709,2731,1249,1346,6603,5071,34263,953,4410,0,0,0,0,0
1016,4812,1016.1348405340309,99802,1193,694,146,48,57082,29992,0.8724674856215306,690,418,28953,34112,14173,8620,4843,6106,45417,36174,0,0,5507,3910,16033,3952,13765,2761,1247,1364,6690,5062,34162,952,4397,0,0,0,0,0
1017,4812,1017.4011316301365,99802,1181,724,146,48,57294,30128,0.8759543896915893,726,415,28861,34069,14282,8673,4802,6069,45417,36174,0,0,5480,3884,15983,3975,13819,2803,1244,1390,6806,5051,34039,946,4382,0,0,0,0,0
1018,4812,1018.2469955739291,99802,1168,744,146,48,57440,30219,0.8783290916013707,725,422,28822,34033,14360,8710,4777,6041,45417,36174,0,0,5460,3867,15944,3991,13867,2828,1240,1408,6884,5045,33957,942,4369,0,0,0,0,0
1019,4812,1019.0941227036171,99802,1211,742,146,48,57600,30299,0.8807338530289974,731,421,28774,34024,14390,8755,4746,6008,45417,36174,0,0,5443,3858,15911,3994,13927,2842,1240,1423,6956,5035,33879,940,4354,0,0,0,0,0
1020,4812,1020.3671638810401,99802,1216,734,146,48,57840,30429,0.8844411935632552,763,431,28681,33976,14502,8847,4690,5962,45417,36174,0,0,5411,3834,15859,4015,14018,2878,1235,1452,7084,5016,33738,937,4325,0,0,0,0,0
1021,4812,1021.2176768881288,99802,1215,724,146,48,58012,30509,0.8869661930622633,728,436,28647,33955,14602,8902,4660,5933,45417,36174,0,0,5388,3822,15811,4015,14090,2906,1232,1470,7163,5003,33651,936,4315,0,0,0,0,0
1022,4812,1022.0695408183424,99802,1244,740,146,48,58193,30614,0.8898318670968518,713,433,28583,33906,14678,8957,4634,5914,45417,36174,0,0,5375,3810,15773,4023,14154,2929,1231,1480,7238,4995,33556,932,4306,0,0,0,0,0
1023,4812,1023.3503940780811,99801,1227,770,147,48,58412,30772,0.8936183004178315,745,419,28501,33851,14785,9037,4593,5873,45417,36174,0,0,5351,3792,15720,4039,14240,2968,1226,1499,7358,4981,33421,924,4282,0,0,0,0,0
1024,4812,1024.2062334466918,99801,1245,770,147,48,58569,30861,0.8960832055791024,757,399,28445,33846,14862,9088,4542,5847,45417,36174,0,0,5341,3784,15678,4043,14293,3000,1226,1509,7437,4968,33332,922,4268,0,0,0,0,0
1025,4812,1025.0634564007644,99801,1251,756,147,48,58719,30942,0.8983978116451738,783,408,28366,33814,14934,9151,4517,5821,45417,36174,0,0,5316,3772,15645,4057,14355,3018,1222,1531,7518,4952,33243,916,4256,0,0,0,0,0
1026,4812,1026.3528039749372,99801,1278,761,147,48,58994,31085,0.9025861464313985,735,425,28307,33758,15059,9237,4472,5769,45417,36174,0,0,5283,3748,15587,4073,14466,3048,1216,1563,7643,4926,33102,910,4236,0,0,0,0,0
1027,4812,1027.2138866612577,99801,1244,758,147,48,59132,31184,0.9049608721355498,759,427,28259,33730,15136,9290,4453,5745,45417,36174,0,0,5263,3720,15544,4097,14524,3076,1214,1581,7733,4920,33000,906,4223,0,0,0,0,0
1028,4812,1028.0767007103595,99799,1248,747,149,48,59297,31277,0.9075642040501408,763,429,28209,33707,15210,9349,4419,5718,45417,36174,0,0,5252,3705,15509,4104,14584,3108,1208,1590,7825,4901,32897,905,4211,0,0,0,0,0
1029,4812,1029.3737083633262,99799,1276,734,149,48,59538,31414,0.9113518171524765,788,449,28133,33656,15287,9429,4365,5682,45417,36174,0,0,5228,3689,15461,4118,14688,3133,1200,1608,7937,4886,32758,900,4193,0,0,0,0,0
1030,4812,1030.2399724725624,99799,1306,735,149,48,59720,31509,0.9141273960660928,769,460,28085,33619,15351,9482,4338,5654,45417,36174,0,0,5208,3669,15409,4134,14767,3154,1196,1627,7994,4875,32683,898,4185,0,0,0,0,0
1031,4812,1031.1074826177687,99799,1346,749,149,48,59893,31608,0.9168528742772973,767,450,28023,33600,15403,9523,4310,5628,45417,36174,0,0,5194,3657,15372,4146,14824,3174,1194,1638,8062,4868,32597,895,4178,0,0,0,0,0
1032,4812,1032.4112921887518,99799,1359,775,149,48,60160,31777,0.9212216555276105,741,440,27955,33552,15528,9609,4266,5574,45417,36174,0,0,5174,3632,15300,4169,14933,3216,1186,1655,8171,4857,32458,890,4158,0,0,0,0,0
1033,4812,1033.2824429858053,99798,1335,766,149,49,60328,31863,0.9237760275757029,762,460,27884,33511,15639,9660,4229,5552,45417,36174,0,0,5152,3619,15251,4182,15000,3248,1183,1672,8262,4845,32356,884,4144,0,0,0,0,0
1034,4812,1034.1555897645815,99796,1365,787,151,49,60513,31974,0.9267605916068781,764,450,27814,33473,15707,9710,4197,5529,45417,36174,0,0,5127,3608,15208,4186,15061,3268,1179,1696,8350,4837,32260,882,4134,0,0,0,0,0
1035,4812,1035.0306468382992,99795,1376,792,151,50,60690,32074,0.9295455684152513,777,454,27763,33441,15769,9765,4162,5496,45417,36174,0,0,5104,3588,15166,4204,15122,3299,1176,1718,8423,4830,32173,879,4113,0,0,0,0,0
1036,4812,1036.345795817701,99795,1355,812,151,50,60921,32225,0.9333734155017787,813,455,27674,33395,15884,9834,4121,5452,45417,36174,0,0,5073,3569,15095,4225,15230,3331,1167,1743,8544,4813,32034,874,4097,0,0,0,0,0
1037,4812,1037.22478824373,99794,1368,780,152,50,61104,32305,0.9360181974868228,810,467,27634,33375,15947,9904,4087,5422,45417,36174,0,0,5049,3556,15056,4238,15306,3353,1162,1761,8633,4797,31926,873,4084,0,0,0,0,0
1038,4812,1038.1050748293997,99793,1384,783,153,50,61292,32417,0.9390337999659295,784,443,27605,33350,16015,9966,4057,5406,45417,36174,0,0,5032,3540,15016,4254,15352,3393,1159,1773,8728,4787,31816,871,4072,0,0,0,0,0
1039,4812,1039.4279506342841,99793,1380,802,153,50,61532,32587,0.9431423045704609,790,425,27526,33306,16141,10055,4008,5360,45417,36174,0,0,4996,3520,14938,4272,15470,3427,1157,1804,8841,4774,31677,867,4050,0,0,0,0,0
1040,4812,1040.311750325166,99793,1380,761,153,50,61708,32666,0.9456975940196206,778,457,27476,33260,16222,10137,3989,5333,45417,36174,0,0,4972,3506,14886,4288,15549,3457,1155,1824,8916,4763,31574,861,4042,0,0,0,0,0
1041,4812,1041.1971678405926,99792,1368,758,154,50,61882,32772,0.9485129068462402,767,445,27435,33240,16308,10198,3966,5307,45417,36174,0,0,4957,3490,14845,4302,15601,3501,1153,1835,9010,4743,31468,854,4033,0,0,0,0,0
1042,4812,1042.0844946714628,99792,1361,774,154,50,62054,32889,0.9514089305755973,801,458,27349,33196,16398,10243,3935,5277,45417,36174,0,0,4941,3475,14795,4314,15672,3540,1151,1847,9079,4733,31382,848,4015,0,0,0,0,0
1043,4812,1043.4191538041675,99792,1362,760,154,50,62318,33030,0.9554673721340388,813,462,27265,33163,16512,10329,3892,5234,45417,36174,0,0,4916,3450,14727,4331,15775,3588,1145,1866,9201,4717,31236,846,3994,0,0,0,0,0
1044,4812,1044.3113972606327,99791,1370,777,155,50,62501,33135,0.9583629786253269,804,466,27215,33126,16590,10370,3864,5209,45417,36174,0,0,4899,3433,14683,4343,15856,3618,1142,1878,9253,4702,31162,842,3980,0,0,0,0,0
1045,4812,1045.2052679938975,99791,1377,818,155,50,62677,33253,0.9613091360944374,804,458,27159,33084,16667,10406,3836,5182,45417,36174,0,0,4883,3418,14648,4354,15919,3645,1137,1892,9322,4689,31083,839,3962,0,0,0,0,0
1046,4812,1046.1007926888785,99791,1364,831,155,50,62851,33362,0.9641450631820505,797,470,27124,33048,16753,10449,3805,5150,45417,36174,0,0,4864,3398,14601,4372,15992,3675,1131,1909,9400,4674,30988,838,3949,0,0,0,0,0
1047,4812,1047.4463301168878,99788,1374,825,158,50,63111,33520,0.96836292941035,830,476,27008,32990,16868,10553,3760,5104,45417,36174,0,0,4834,3377,14532,4388,16095,3719,1126,1937,9529,4655,30837,831,3928,0,0,0,0,0
1048,4812,1048.3462128884844,99788,1390,818,158,50,63309,33620,0.9713492604321161,821,483,26945,32957,16937,10619,3747,5071,45417,36174,0,0,4820,3359,14482,4407,16171,3755,1121,1946,9600,4640,30745,827,3915,0,0,0,0,0
1049,4812,1049.2482645333762,99787,1389,851,158,51,63486,33735,0.9742852275346489,809,482,26893,32932,17025,10641,3724,5041,45417,36174,0,0,4800,3348,14449,4415,16239,3780,1115,1963,9680,4625,30650,823,3900,0,0,0,0,0
1050,4812,1050.1519070940087,99787,1378,845,158,51,63672,33847,0.9772715884834698,811,483,26845,32903,17110,10709,3696,5007,45417,36174,0,0,4774,3328,14394,4431,16304,3820,1112,1986,9779,4614,30538,820,3887,0,0,0,0,0
1051,4812,1051.0574136509817,99787,1404,832,158,51,63889,33951,0.9804884403780052,786,501,26783,32850,17198,10787,3669,4977,45417,36174,0,0,4755,3315,14349,4445,16380,3848,1107,2000,9888,4601,30414,815,3870,0,0,0,0,0
1052,4812,1052.4195591643493,99787,1382,852,158,51,64144,34131,0.9848477256556465,821,511,26678,32775,17319,10872,3640,4937,45417,36174,0,0,4723,3291,14275,4457,16501,3897,1103,2026,10004,4579,30268,811,3852,0,0,0,0,0
1053,4812,1053.33040977069,99787,1394,857,158,51,64336,34252,0.9879844067864552,826,498,26603,32745,17405,10933,3612,4914,45417,36174,0,0,4709,3277,14243,4468,16558,3939,1099,2038,10082,4562,30166,803,3843,0,0,0,0,0
1054,4812,1054.2435425931187,99787,1401,850,158,51,64529,34367,0.9910709811899345,811,479,26559,32718,17487,11013,3582,4887,45417,36174,0,0,4684,3269,14199,4471,16632,3972,1096,2059,10181,4552,30044,802,3826,0,0,0,0,0
1055,4812,1055.1584982306606,99787,1405,855,158,51,64709,34478,0.9939871927204946,806,476,26519,32688,17553,11057,3557,4871,45417,36174,0,0,4662,3243,14157,4490,16697,4003,1094,2077,10259,4543,29947,801,3814,0,0,0,0,0
1056,4812,1056.0749318205108,99787,1404,854,158,51,64905,34586,0.9970336817421107,794,502,26458,32633,17641,11118,3543,4840,45417,36174,0,0,4646,3221,14102,4510,16784,4037,1090,2090,10337,4527,29849,797,3797,0,0,0,0,0
1057,4812,1057.452928297387,99786,1378,854,159,51,65168,34766,1.0014831739923435,832,479,26357,32589,17780,11221,3492,4804,45417,36174,0,0,4611,3200,14025,4519,16910,4090,1086,2119,10464,4508,29692,788,3774,0,0,0,0,0
1058,4812,1058.3746552705688,99785,1426,848,160,51,65379,34878,1.0047301698652102,830,496,26289,32550,17835,11278,3458,4775,45417,36174,0,0,4588,3187,13988,4532,16963,4128,1082,2140,10541,4496,29594,782,3764,0,0,0,0,0
1059,4812,1059.2984013864534,99785,1415,863,160,51,65564,34999,1.0077967630405371,844,498,26245,32505,17904,11338,3430,4743,45417,36174,0,0,4569,3173,13939,4539,17039,4168,1079,2153,10613,4487,29497,781,3748,0,0,0,0,0
1060,4812,1060.2238694440568,99784,1411,863,161,51,65734,35110,1.0106229455624147,855,512,26204,32444,17963,11404,3404,4724,45417,36174,0,0,4547,3161,13897,4557,17103,4200,1073,2167,10686,4475,29405,773,3740,0,0,0,0,0
1061,4812,1061.1506055683685,99784,1406,866,161,51,65916,35225,1.0135993746492424,893,507,26139,32408,18028,11470,3371,4696,45417,36174,0,0,4530,3151,13849,4554,17200,4233,1071,2182,10752,4464,29309,769,3720,0,0,0,0,0
1062,4812,1062.0790953348132,99784,1404,879,161,51,66117,35337,1.0167361500841818,870,506,26082,32388,18128,11505,3353,4669,45417,36174,0,0,4507,3131,13804,4577,17264,4269,1065,2199,10828,4453,29207,768,3712,0,0,0,0,0
1063,4812,1063.0096895997935,99784,1385,890,161,51,66303,35478,1.0200132285737193,861,477,26043,32367,18218,11574,3330,4639,45417,36174,0,0,4475,3115,13760,4592,17350,4305,1062,2224,10900,4438,29104,762,3697,0,0,0,0,0
1064,4812,1064.4094721193394,99784,1398,832,161,51,66599,35621,1.0244127315000402,857,511,25952,32312,18332,11683,3298,4609,45417,36174,0,0,4434,3091,13677,4620,17477,4358,1053,2259,11012,4416,28949,756,3682,0,0,0,0,0
1065,4812,1065.3454967134467,99784,1428,831,161,51,66809,35745,1.0277599615168764,840,497,25888,32291,18408,11742,3273,4586,45417,36174,0,0,4419,3072,13619,4639,17564,4390,1047,2271,11092,4401,28846,753,3671,0,0,0,0,0
1066,4812,1066.2836073883047,99784,1426,846,161,51,66994,35867,1.030836607071274,843,485,25846,32261,18481,11798,3241,4557,45417,36174,0,0,4403,3061,13585,4638,17622,4438,1043,2282,11168,4391,28749,752,3652,0,0,0,0,0
1067,4812,1067.223382961987,99783,1456,823,161,52,67202,35965,1.0339135924957157,816,478,25816,32250,18537,11861,3212,4534,45417,36174,0,0,4384,3044,13529,4652,17698,4471,1040,2297,11256,4381,28646,749,3636,0,0,0,0,0
1068,4812,1068.16434789017,99783,1423,823,161,52,67367,36085,1.0367697904452662,863,496,25736,32210,18623,11910,3192,4507,45417,36174,0,0,4369,3027,13477,4656,17777,4517,1036,2312,11339,4367,28542,747,3617,0,0,0,0,0
1069,4812,1069.1076167668637,99782,1435,828,162,52,67586,36199,1.0401174560541981,855,479,25670,32192,18714,11962,3162,4485,45417,36174,0,0,4341,3016,13431,4656,17862,4555,1033,2338,11412,4349,28440,743,3606,0,0,0,0,0
1070,4812,1070.0534458568543,99781,1440,832,162,53,67810,36309,1.043475210711458,805,473,25632,32165,18822,12011,3137,4464,45417,36174,0,0,4321,2996,13384,4666,17950,4595,1032,2355,11483,4331,28337,740,3591,0,0,0,0,0
1071,4812,1071.0009905545987,99781,1473,823,162,53,68038,36428,1.0469528266904522,766,458,25582,32139,18902,12084,3113,4441,45417,36174,0,0,4305,2983,13329,4674,18046,4631,1029,2360,11561,4321,28231,738,3573,0,0,0,0,0
1072,4812,1072.426678678317,99780,1458,806,162,54,68343,36592,1.0516636600521148,741,453,25497,32104,19062,12178,3078,4403,45417,36174,0,0,4272,2959,13251,4678,18193,4692,1021,2385,11658,4302,28092,730,3547,0,0,0,0,0
1073,4812,1073.3801250538045,99780,1437,786,162,54,68521,36682,1.0543495690519142,754,462,25459,32072,19132,12239,3054,4385,45417,36174,0,0,4252,2940,13205,4695,18260,4738,1017,2398,11723,4294,27998,728,3532,0,0,0,0,0
1074,4812,1074.335332766689,99780,1413,803,162,54,68698,36795,1.0572559631188614,752,461,25414,32024,19224,12286,3033,4370,45417,36174,0,0,4238,2924,13148,4698,18362,4772,1015,2408,11777,4281,27915,725,3517,0,0,0,0,0
1075,4812,1075.292297944688,99780,1414,811,162,54,68897,36906,1.0603627981559431,732,476,25365,31980,19302,12328,3023,4349,45417,36174,0,0,4217,2911,13104,4701,18404,4833,1011,2426,11848,4271,27828,721,3505,0,0,0,0,0
1076,4812,1076.2510996675355,99780,1371,828,162,54,69053,37017,1.063038685107236,791,454,25282,31972,19392,12363,3000,4327,45417,36174,0,0,4195,2891,13064,4721,18458,4879,1007,2442,11907,4264,27744,718,3490,0,0,0,0,0
1077,4812,1077.212866370742,99780,1392,826,162,54,69250,37121,1.066055321707757,766,468,25245,31928,19449,12408,2984,4314,45417,36174,0,0,4183,2883,13016,4729,18552,4909,1002,2451,11960,4254,27659,712,3470,0,0,0,0,0
1078,4812,1078.176410878161,99779,1385,831,163,54,69435,37235,1.0690626284087834,754,456,25245,31912,19497,12453,2954,4292,45417,36174,0,0,4166,2863,12965,4742,18629,4946,998,2462,12027,4243,27568,707,3463,0,0,0,0,0
1079,4812,1079.1403729033946,99777,1401,848,165,54,69611,37363,1.072130851799513,750,446,25221,31875,19524,12505,2937,4270,45417,36174,0,0,4151,2846,12938,4758,18670,4990,997,2469,12098,4230,27474,704,3452,0,0,0,0,0
1080,4812,1080.1047302935233,99777,1385,847,165,54,69779,37469,1.0748769756557122,762,450,25203,31840,19580,12560,2903,4247,45417,36174,0,0,4137,2828,12903,4777,18725,5042,991,2475,12147,4216,27398,702,3436,0,0,0,0,0
1081,4812,1081.070099144993,99777,1364,848,165,54,69955,37587,1.0778235465087145,779,470,25159,31778,19655,12623,2876,4225,45417,36174,0,0,4118,2821,12861,4783,18813,5075,984,2484,12227,4200,27288,698,3425,0,0,0,0,0
1082,4812,1082.0369146781788,99776,1345,835,165,55,70122,37694,1.0805805003207185,807,475,25123,31740,19715,12691,2843,4202,45417,36174,0,0,4096,2807,12817,4786,18882,5120,980,2503,12298,4186,27194,695,3412,0,0,0,0,0
1083,4812,1083.0050845759295,99776,1355,797,165,55,70314,37785,1.0834168537524054,775,505,25117,31707,19769,12756,2817,4178,45417,36174,0,0,4081,2795,12774,4787,18968,5164,977,2513,12356,4173,27100,694,3394,0,0,0,0,0
1084,4812,1084.4587034077822,99776,1342,837,165,55,70574,37975,1.0879269563822964,792,485,25044,31665,19873,12818,2782,4138,45417,36174,0,0,4049,2778,12711,4807,19074,5226,968,2537,12429,4154,26984,688,3371,0,0,0,0,0
1085,4812,1085.429753625056,99776,1315,845,165,55,70748,38087,1.0907933771648493,781,465,25027,31646,19950,12873,2760,4114,45417,36174,0,0,4029,2757,12672,4826,19135,5273,966,2550,12485,4142,26898,685,3358,0,0,0,0,0
1086,4812,1086.4025357525363,99774,1306,835,166,56,70912,38186,1.0934511997113476,767,476,24997,31621,20018,12923,2744,4087,45417,36174,0,0,4010,2747,12627,4834,19195,5323,962,2562,12528,4132,26826,684,3344,0,0,0,0,0
1087,4812,1087.3764673526753,99774,1316,848,166,56,71093,38305,1.0964579950688556,783,476,24952,31577,20059,12974,2722,4067,45417,36174,0,0,4000,2735,12592,4841,19275,5359,957,2567,12577,4118,26739,681,3333,0,0,0,0,0
1088,4812,1088.3516077324755,99774,1313,849,166,56,71277,38424,1.0994948583799387,752,481,24949,31523,20115,13034,2703,4055,45417,36174,0,0,3980,2724,12553,4850,19311,5422,954,2579,12645,4108,26650,674,3324,0,0,0,0,0
1089,4812,1089.3277391946244,99774,1297,854,166,56,71448,38526,1.102231042155271,727,481,24946,31507,20178,13064,2684,4036,45417,36174,0,0,3965,2715,12504,4861,19379,5467,949,2588,12696,4097,26564,674,3315,0,0,0,0,0
1090,4812,1090.3043820313885,99774,1304,860,166,56,71616,38643,1.1050874977449034,726,463,24923,31500,20220,13109,2659,4010,45417,36174,0,0,3947,2701,12463,4868,19440,5504,948,2604,12765,4087,26471,668,3308,0,0,0,0,0
1091,4812,1091.281687878989,99774,1311,821,166,56,71800,38747,1.107974021288111,720,477,24886,31477,20282,13178,2633,3989,45417,36174,0,0,3935,2689,12420,4875,19520,5547,943,2613,12834,4075,26359,666,3298,0,0,0,0,0
1092,4812,1092.2604943590588,99774,1292,828,166,56,71980,38848,1.1107903862729769,724,501,24842,31443,20363,13211,2611,3959,45417,36174,0,0,3915,2679,12379,4869,19619,5582,941,2629,12880,4059,26279,664,3279,0,0,0,0,0
1093,4812,1093.2408981530361,99773,1259,859,166,57,72155,38984,1.1139185952111292,721,469,24807,31411,20445,13268,2600,3934,45417,36174,0,0,3896,2670,12327,4876,19700,5625,936,2644,12942,4044,26189,658,3266,0,0,0,0,0
1094,4812,1094.223196929781,99773,1273,846,166,57,72344,39093,1.116905375201708,699,486,24781,31382,20506,13323,2573,3904,45417,36174,0,0,3881,2659,12289,4891,19762,5671,933,2654,13004,4029,26094,654,3252,0,0,0,0,0
