,indexID,time,N,Inf_L,Inf_H,Dead_L,Dead_H,cum_cases_L,cum_cases_H,cum_sum_per_N,Exposed_L,Exposed_H,Sus_L,Sus_H,Rec_nat_L,Rec_nat_H,Rec_vax_L,Rec_vax_H,vaccinatedH,vaccinatedL,boostedH,boostedL,count_Naive,count_Delta,count_Delta_vaccine,count_two,count_three,count_four,count_Omicron,count_Omicron_star,count_Omicron_star_vaccine,count_Omicron_vaccine,count_Vaccine,count_WT,count_WT_vaccine,count_WT_vaccine_boost,count_Omicron_vaccine_boost,count_Delta_vaccine_boost,count_Omicron_star_vaccine_boost,count_Vaccine_boost
0,5159,1.3279445943798054,99998,8,5,0,0,8,6,0.00014000280005600112,19,19,49972,49974,0,1,0,0,0,0,0,0,99997,0,0,0,0,0,0,0,0,0,0,1,0,0,0,0,0,0
1,5159,2.0308568108856893,99998,11,10,0,0,13,11,0.00024000480009600192,14,14,49972,49974,2,1,0,0,0,0,0,0,99995,0,0,0,0,0,0,0,0,0,0,3,0,0,0,0,0,0
2,5159,3.1073287648040084,99998,11,8,0,0,16,14,0.0003000060001200024,13,11,49970,49974,5,6,0,0,0,0,0,0,99987,0,0,0,0,0,0,0,0,0,0,11,0,0,0,0,0,0
3,5159,4.0228754845264225,99998,10,10,0,0,18,18,0.0003600072001440029,13,8,49968,49973,8,8,0,0,0,0,0,0,99982,0,0,0,0,0,0,0,0,0,0,16,0,0,0,0,0,0
4,5159,5.005367708907742,99998,9,7,0,0,20,20,0.0004000080001600032,12,6,49967,49973,11,13,0,0,0,0,0,0,99974,0,0,0,0,0,0,0,0,0,0,24,0,0,0,0,0,0
5,5159,6.027948321090368,99998,11,6,0,0,23,21,0.0004400088001760035,10,5,49966,49973,12,15,0,0,0,0,0,0,99971,0,0,0,0,0,0,0,0,0,0,27,0,0,0,0,0,0
6,5159,7.031882831581183,99998,12,7,0,0,26,24,0.000500010000200004,8,3,49965,49972,14,17,0,0,0,0,0,0,99967,0,0,0,0,0,0,0,0,0,0,31,0,0,0,0,0,0
7,5159,8.00654652951753,99998,12,9,0,0,27,26,0.0005300106002120043,9,1,49964,49972,14,17,0,0,0,0,0,0,99966,0,0,0,0,0,0,0,0,0,0,32,0,0,0,0,0,0
8,5159,9.004929954027439,99998,14,9,0,0,30,26,0.0005600112002240045,11,2,49959,49972,15,16,0,0,0,0,0,0,99965,0,0,0,0,0,0,0,0,0,0,33,0,0,0,0,0,0
9,5159,10.06757836134099,99998,17,8,0,0,33,26,0.0005900118002360047,10,4,49958,49970,14,17,0,0,0,0,0,0,99964,0,0,0,0,0,0,0,0,0,0,34,0,0,0,0,0,0
10,5159,11.028095184939406,99998,18,9,0,0,36,28,0.0006400128002560051,8,3,49957,49969,16,18,0,0,0,0,0,0,99961,0,0,0,0,0,0,0,0,0,0,37,0,0,0,0,0,0
11,5159,12.054507929151868,99998,19,8,0,0,40,29,0.0006900138002760055,4,7,49957,49964,19,20,0,0,0,0,0,0,99956,0,0,0,0,0,0,0,0,0,0,42,0,0,0,0,0,0
12,5159,13.202806509259558,99998,18,6,0,0,42,29,0.0007100142002840057,5,9,49955,49963,21,21,0,0,0,0,0,0,99951,0,0,0,0,0,0,0,0,0,0,47,0,0,0,0,0,0
13,5159,14.159323317768761,99998,17,7,0,0,42,30,0.0007200144002880058,6,9,49954,49962,22,21,0,0,0,0,0,0,99950,0,0,0,0,0,0,0,0,0,0,48,0,0,0,0,0,0
14,5159,15.220630778913451,99998,15,8,0,0,42,32,0.0007400148002960059,8,9,49952,49960,24,22,0,0,0,0,0,0,99947,0,0,0,0,0,0,0,0,0,0,51,0,0,0,0,0,0
15,5159,16.003005339370972,99998,16,11,0,0,45,36,0.0008100162003240065,9,8,49948,49957,26,23,0,0,0,0,0,0,99944,0,0,0,0,0,0,0,0,0,0,54,0,0,0,0,0,0
16,5159,17.025968191920455,99997,17,12,1,0,48,38,0.0008600258007740232,9,7,49945,49956,27,24,0,0,0,0,0,0,99941,0,0,0,0,0,0,0,0,0,0,56,0,0,0,0,0,0
17,5159,18.107089804453572,99997,19,13,1,0,51,41,0.0009200276008280248,9,7,49942,49954,28,25,0,0,0,0,0,0,99938,0,0,0,0,0,0,0,0,0,0,59,0,0,0,0,0,0
18,5159,19.124113356810856,99997,18,12,1,0,52,43,0.0009500285008550256,11,5,49939,49954,30,28,0,0,0,0,0,0,99933,0,0,0,0,0,0,0,0,0,0,64,0,0,0,0,0,0
19,5159,20.212873669834558,99997,18,13,1,0,53,45,0.0009800294008820265,15,3,49934,49954,31,29,0,0,0,0,0,0,99931,0,0,0,0,0,0,0,0,0,0,66,0,0,0,0,0,0
20,5159,21.076235718265185,99997,21,11,1,0,58,46,0.001040031200936028,13,3,49931,49953,33,32,0,0,0,0,0,0,99926,0,0,0,0,0,0,0,0,0,0,71,0,0,0,0,0,0
21,5159,22.091693106173512,99997,22,11,1,0,61,46,0.0010700321009630288,18,5,49923,49951,35,32,0,0,0,0,0,0,99924,0,0,0,0,0,0,0,0,0,0,73,0,0,0,0,0,0
22,5159,23.29830944030566,99997,23,11,1,0,65,47,0.0011200336010080303,19,5,49918,49950,38,33,0,0,0,0,0,0,99920,0,0,0,0,0,0,0,0,0,0,77,0,0,0,0,0,0
23,5159,24.00360866087075,99996,28,10,1,1,71,49,0.0012000480019200767,18,4,49914,49949,38,35,0,0,0,0,0,0,99916,0,0,0,0,0,0,0,0,0,0,80,0,0,0,0,0,0
24,5159,25.081083069884002,99996,26,10,1,1,74,49,0.0012300492019680787,18,5,49912,49949,42,34,0,0,0,0,0,0,99911,0,0,0,0,0,0,0,0,0,0,85,0,0,0,0,0,0
25,5159,26.068263971438846,99996,31,11,1,1,83,51,0.0013400536021440858,11,4,49910,49948,46,35,0,0,0,0,0,0,99906,0,0,0,0,0,0,0,0,0,0,90,0,0,0,0,0,0
26,5159,27.03101502588965,99996,32,11,1,1,88,51,0.001390055602224089,10,10,49908,49943,48,34,0,0,0,0,0,0,99902,0,0,0,0,0,0,0,0,0,0,94,0,0,0,0,0,0
27,5159,28.03598884345623,99996,34,14,1,1,92,57,0.0014900596023840955,16,7,49898,49940,50,37,0,0,0,0,0,0,99897,0,0,0,0,0,0,0,0,0,0,99,0,0,0,0,0,0
28,5159,29.26852295583837,99996,35,16,1,1,99,60,0.0015900636025441017,15,6,49892,49938,56,38,0,0,0,0,0,0,99890,0,0,0,0,0,0,0,0,0,0,106,0,0,0,0,0,0
29,5159,30.01737705282612,99996,33,13,1,1,102,62,0.001640065602624105,16,5,49888,49937,61,43,0,0,0,0,0,0,99880,0,0,0,0,0,0,0,0,0,0,116,0,0,0,0,0,0
30,5159,31.04311704966874,99996,32,11,1,1,106,62,0.0016800672026881075,15,7,49885,49935,66,45,0,0,0,0,0,0,99873,0,0,0,0,0,0,0,0,0,0,123,0,0,0,0,0,0
31,5159,32.12639534622279,99996,31,12,1,1,110,63,0.0017300692027681108,23,12,49873,49929,71,45,0,0,0,0,0,0,99868,0,0,0,0,0,0,0,0,0,0,128,0,0,0,0,0,0
32,5159,33.17748658798472,99996,32,15,1,1,115,68,0.0018300732029281172,22,9,49869,49927,75,47,0,0,0,0,0,0,99862,0,0,0,0,0,0,0,0,0,0,134,0,0,0,0,0,0
33,5159,34.08117843401354,99996,31,19,1,1,118,73,0.0019100764030561222,21,8,49867,49923,79,48,0,0,0,0,0,0,99857,0,0,0,0,0,0,0,0,0,0,139,0,0,0,0,0,0
34,5159,35.16191778138336,99996,31,14,1,1,123,73,0.0019600784031361253,20,10,49863,49922,84,52,0,0,0,0,0,0,99847,0,0,0,0,0,0,0,0,0,0,149,0,0,0,0,0,0
35,5159,36.30309327369904,99996,31,11,1,1,127,74,0.0020100804032161285,19,11,49860,49920,88,56,0,0,0,0,0,0,99839,0,0,0,0,0,0,0,0,0,0,157,0,0,0,0,0,0
36,5159,37.018501253137615,99996,32,12,1,1,132,78,0.0021000840033601345,22,8,49852,49919,92,59,0,0,0,0,0,0,99832,0,0,0,0,0,0,0,0,0,0,164,0,0,0,0,0,0
37,5159,38.069783983071005,99996,35,11,1,1,141,79,0.002200088003520141,19,8,49847,49920,97,59,0,0,0,0,0,0,99824,0,0,0,0,0,0,0,0,0,0,172,0,0,0,0,0,0
38,5159,39.050308958854195,99996,33,12,1,1,144,81,0.0022500900036001442,21,8,49842,49919,102,59,0,0,0,0,0,0,99818,0,0,0,0,0,0,0,0,0,0,178,0,0,0,0,0,0
39,5159,40.161791883201595,99996,33,14,1,1,150,85,0.0023500940037601502,18,5,49839,49919,108,60,0,0,0,0,0,0,99810,0,0,0,0,0,0,0,0,0,0,186,0,0,0,0,0,0
40,5159,41.103950937631396,99996,34,16,1,1,153,88,0.0024100964038561543,18,4,49836,49917,110,61,0,0,0,0,0,0,99807,0,0,0,0,0,0,0,0,0,0,189,0,0,0,0,0,0
41,5159,42.106459880851475,99996,32,14,1,1,157,89,0.0024600984039361575,24,4,49826,49916,116,64,0,0,0,0,0,0,99798,0,0,0,0,0,0,0,0,0,0,198,0,0,0,0,0,0
42,5159,43.05931771233504,99996,35,12,1,1,165,89,0.0025401016040641627,18,6,49824,49914,121,66,0,0,0,0,0,0,99791,0,0,0,0,0,0,0,0,0,0,205,0,0,0,0,0,0
43,5159,44.122949085665844,99996,36,12,1,1,168,90,0.002580103204128165,21,6,49818,49913,123,67,0,0,0,0,0,0,99788,0,0,0,0,0,0,0,0,0,0,208,0,0,0,0,0,0
44,5159,45.30757040160876,99996,36,14,1,1,177,92,0.002690107604304172,17,6,49813,49911,132,67,0,0,0,0,0,0,99779,0,0,0,0,0,0,0,0,0,0,217,0,0,0,0,0,0
45,5159,46.07545829846981,99996,36,14,1,1,179,93,0.002720108804352174,19,7,49809,49909,134,68,0,0,0,0,0,0,99776,0,0,0,0,0,0,0,0,0,0,220,0,0,0,0,0,0
46,5159,47.14549120290244,99996,42,14,1,1,188,95,0.0028301132045281813,19,10,49800,49904,137,70,0,0,0,0,0,0,99771,0,0,0,0,0,0,0,0,0,0,225,0,0,0,0,0,0
47,5159,48.015350489254885,99996,41,15,1,1,192,98,0.0029001160046401857,18,9,49797,49903,142,71,0,0,0,0,0,0,99764,0,0,0,0,0,0,0,0,0,0,232,0,0,0,0,0,0
48,5159,49.0632994970996,99996,36,16,1,1,195,100,0.002950118004720189,21,9,49791,49901,150,72,0,0,0,0,0,0,99755,0,0,0,0,0,0,0,0,0,0,241,0,0,0,0,0,0
49,5159,50.09618300314759,99996,38,19,1,1,201,104,0.0030501220048801954,22,6,49784,49901,154,72,0,0,0,0,0,0,99750,0,0,0,0,0,0,0,0,0,0,246,0,0,0,0,0,0
50,5159,51.2532332524184,99996,37,15,1,1,205,104,0.0030901236049441978,21,8,49781,49899,159,76,0,0,0,0,0,0,99741,0,0,0,0,0,0,0,0,0,0,255,0,0,0,0,0,0
51,5159,52.07800778425046,99996,37,14,1,1,211,104,0.003150126005040202,18,12,49779,49895,164,77,0,0,0,0,0,0,99734,0,0,0,0,0,0,0,0,0,0,262,0,0,0,0,0,0
52,5159,53.05687974146603,99996,35,17,1,1,216,110,0.0032601304052162087,18,6,49774,49895,171,80,0,0,0,0,0,0,99724,0,0,0,0,0,0,0,0,0,0,272,0,0,0,0,0,0
53,5159,54.077858635250195,99996,32,17,1,1,218,113,0.003310132405296212,23,7,49767,49892,176,82,0,0,0,0,0,0,99716,0,0,0,0,0,0,0,0,0,0,280,0,0,0,0,0,0
54,5159,55.03597471050279,99996,29,16,1,1,224,117,0.0034101364054562183,22,8,49764,49887,183,87,0,0,0,0,0,0,99702,0,0,0,0,0,0,0,0,0,0,294,0,0,0,0,0,0
55,5159,56.152941805395535,99996,31,18,1,1,231,122,0.003530141205648226,26,6,49754,49884,187,90,0,0,0,0,0,0,99694,0,0,0,0,0,0,0,0,0,0,302,0,0,0,0,0,0
56,5159,57.235005641749446,99996,34,16,1,1,236,122,0.003580143205728229,25,7,49750,49883,189,92,0,0,0,0,0,0,99690,0,0,0,0,0,0,0,0,0,0,306,0,0,0,0,0,0
57,5159,58.121628740493676,99996,37,16,1,1,241,124,0.0036501460058402336,25,6,49746,49882,190,94,0,0,0,0,0,0,99686,0,0,0,0,0,0,0,0,0,0,310,0,0,0,0,0,0
58,5159,59.29486476151443,99996,45,15,1,1,252,126,0.003780151206048242,22,7,49740,49879,191,97,0,0,0,0,0,0,99680,0,0,0,0,0,0,0,0,0,0,316,0,0,0,0,0,0
59,5159,60.265492606566866,99996,50,14,1,1,259,127,0.003860154406176247,19,7,49736,49878,193,99,0,0,0,0,0,0,99676,0,0,0,0,0,0,0,0,0,0,320,0,0,0,0,0,0
60,5159,61.243842562016965,99996,50,16,1,1,264,130,0.003940157606304252,24,10,49727,49872,197,100,0,0,0,0,0,0,99670,0,0,0,0,0,0,0,0,0,0,326,0,0,0,0,0,0
61,5159,62.07268757759092,99996,41,19,1,1,268,135,0.004030161206448258,30,9,49717,49868,210,102,0,0,0,0,0,0,99655,0,0,0,0,0,0,0,0,0,0,341,0,0,0,0,0,0
62,5159,63.06579306578055,99996,42,16,1,1,272,135,0.00407016280651226,28,14,49715,49863,213,105,0,0,0,0,0,0,99649,0,0,0,0,0,0,0,0,0,0,347,0,0,0,0,0,0
63,5159,64.21371379063363,99996,41,18,1,1,282,137,0.004190167606704268,28,18,49705,49858,224,104,0,0,0,0,0,0,99638,0,0,0,0,0,0,0,0,0,0,358,0,0,0,0,0,0
64,5159,65.02558090058446,99996,44,23,1,1,289,142,0.0043101724068962755,31,15,49695,49856,228,104,0,0,0,0,0,0,99634,0,0,0,0,0,0,0,0,0,0,362,0,0,0,0,0,0
65,5159,66.06641901985363,99996,44,24,1,1,293,145,0.00438017520700828,33,17,49690,49851,231,106,0,0,0,0,0,0,99628,0,0,0,0,0,0,0,0,0,0,368,0,0,0,0,0,0
66,5159,67.0067458048547,99996,45,21,1,1,300,147,0.004470178807152286,33,19,49683,49848,237,110,0,0,0,0,0,0,99617,0,0,0,0,0,0,0,0,0,0,379,0,0,0,0,0,0
67,5159,68.17822973786161,99996,45,21,1,1,304,150,0.004540181607264291,34,19,49680,49845,239,113,0,0,0,0,0,0,99610,0,0,0,0,0,0,0,0,0,0,386,0,0,0,0,0,0
68,5159,69.09155827458497,99996,46,21,1,1,309,152,0.004610184407376295,30,18,49679,49844,243,115,0,0,0,0,0,0,99604,0,0,0,0,0,0,0,0,0,0,392,0,0,0,0,0,0
69,5159,70.31131544261395,99996,50,20,1,1,322,157,0.004790191607664307,24,18,49673,49840,251,120,0,0,0,0,0,0,99589,0,0,0,0,0,0,0,0,0,0,407,0,0,0,0,0,0
70,5159,71.0618333294467,99996,49,24,1,1,325,162,0.004870194807792312,24,14,49672,49840,253,120,0,0,0,0,0,0,99584,0,0,0,0,0,0,0,0,0,0,412,0,0,0,0,0,0
71,5159,72.18565140569348,99996,45,25,1,1,330,164,0.004940197607904316,25,16,49667,49837,261,120,0,0,0,0,0,0,99574,0,0,0,0,0,0,0,0,0,0,422,0,0,0,0,0,0
72,5159,73.12360105939146,99996,47,18,1,1,340,167,0.005070202808112325,23,14,49659,49837,269,129,0,0,0,0,0,0,99556,0,0,0,0,0,0,0,0,0,0,440,0,0,0,0,0,0
73,5159,74.16589553475644,99996,46,18,1,1,346,169,0.0051502060082403295,28,14,49650,49835,274,131,0,0,0,0,0,0,99547,0,0,0,0,0,0,0,0,0,0,449,0,0,0,0,0,0
74,5159,75.12748975793136,99996,47,17,1,1,351,170,0.0052102084083363335,25,18,49649,49831,277,132,0,0,0,0,0,0,99541,0,0,0,0,0,0,0,0,0,0,455,0,0,0,0,0,0
75,5159,76.04487292632327,99996,46,20,1,1,357,176,0.005330213208528341,24,16,49645,49828,283,134,0,0,0,0,0,0,99531,0,0,0,0,0,0,0,0,0,0,465,0,0,0,0,0,0
76,5159,77.0742218471141,99996,49,26,1,1,365,182,0.0054702188087523505,25,14,49639,49825,285,133,0,0,0,0,0,0,99526,0,0,0,0,0,0,0,0,0,0,470,0,0,0,0,0,0
77,5159,78.0034472692336,99996,52,26,1,1,373,186,0.005590223608944358,29,17,49628,49818,289,137,0,0,0,0,0,0,99517,0,0,0,0,0,0,0,0,0,0,479,0,0,0,0,0,0
78,5159,79.06402723530371,99996,54,25,1,1,382,190,0.005720228809152366,30,20,49620,49811,294,142,0,0,0,0,0,0,99505,0,0,0,0,0,0,0,0,0,0,491,0,0,0,0,0,0
79,5159,80.12066964198054,99996,52,23,1,1,386,194,0.005800232009280371,36,20,49610,49808,300,147,0,0,0,0,0,0,99493,0,0,0,0,0,0,0,0,0,0,503,0,0,0,0,0,0
80,5159,81.11052084591351,99996,54,21,1,1,396,198,0.00594023760950438,38,21,49600,49804,306,152,0,0,0,0,0,0,99480,0,0,1,0,0,0,0,0,0,0,515,0,0,0,0,0,0
81,5159,82.19237262822936,99996,59,28,1,1,410,206,0.006160246409856394,35,18,49590,49800,314,152,0,0,0,0,0,0,99470,0,0,1,0,0,0,0,0,0,0,525,0,0,0,0,0,0
82,5159,83.16482960466172,99996,57,28,1,1,416,208,0.0062402496099844,40,19,49580,49797,321,154,0,0,0,0,0,0,99460,0,0,1,0,0,0,0,0,0,0,535,0,0,0,0,0,0
83,5159,84.13974038741377,99996,57,25,1,1,426,214,0.006400256010240409,40,22,49573,49788,328,163,0,0,0,0,0,0,99442,0,0,2,0,0,0,0,0,0,0,552,0,0,0,0,0,0
84,5159,85.1360697835807,99996,64,29,1,1,439,222,0.006610264410576423,36,18,49565,49784,333,167,0,0,0,0,0,0,99432,0,0,2,0,0,0,0,0,0,0,562,0,0,0,0,0,0
85,5159,86.18225783394334,99996,62,31,1,1,444,228,0.00672026881075243,41,16,49557,49782,338,169,0,0,0,0,0,0,99421,0,0,2,0,0,0,0,0,0,0,573,0,0,0,0,0,0
86,5159,87.0829522828,99996,71,31,1,1,459,233,0.006920276811072443,37,15,49549,49778,341,174,0,0,0,0,0,0,99410,0,0,2,0,0,0,0,0,0,0,584,0,0,0,0,0,0
87,5159,88.01707713642662,99996,68,36,1,1,465,240,0.007050282011280451,48,16,49534,49770,348,176,0,0,0,0,0,0,99400,0,0,3,0,0,0,0,0,0,0,593,0,0,0,0,0,0
88,5159,89.26156547594105,99996,65,35,1,1,481,245,0.007260290411616465,49,22,49519,49759,365,182,0,0,0,0,0,0,99375,0,0,3,0,0,0,0,0,0,0,618,0,0,0,0,0,0
89,5159,90.2154362678214,99996,66,36,1,1,491,250,0.0074102964118564745,59,23,49500,49753,373,186,0,0,0,0,0,0,99363,0,0,4,0,0,0,0,0,0,0,629,0,0,0,0,0,0
90,5159,91.24053510115037,99996,65,38,1,1,503,256,0.007590303612144486,58,24,49489,49746,386,190,0,0,0,0,0,0,99346,0,0,4,0,0,0,0,0,0,0,646,0,0,0,0,0,0
91,5159,92.26585057085819,99996,66,39,1,1,513,263,0.007760310412416497,58,26,49479,49737,395,196,0,0,0,0,0,0,99331,0,0,4,0,0,0,0,0,0,0,661,0,0,0,0,0,0
92,5159,93.2913776616868,99996,71,42,1,1,531,270,0.008010320412816513,51,27,49470,49729,406,200,0,0,0,0,0,0,99314,0,0,4,0,0,0,0,0,0,0,678,0,0,0,0,0,0
93,5159,94.31707294789439,99996,76,48,1,1,549,278,0.00827033081323253,46,24,49460,49725,416,201,0,0,0,0,0,0,99299,0,0,4,0,0,0,0,0,0,0,693,0,0,0,0,0,0
94,5159,95.00097375615994,99996,74,47,1,1,555,285,0.008400336013440538,52,23,49448,49720,424,208,0,0,0,0,0,0,99283,0,0,4,0,0,0,0,0,0,0,709,0,0,0,0,0,0
95,5159,96.02706071179952,99996,74,42,1,1,568,290,0.00858034321372855,47,26,49441,49712,436,218,0,0,0,0,0,0,99260,0,0,4,0,0,0,0,0,0,0,732,0,0,0,0,0,0
96,5159,97.05337012843886,99996,71,43,1,1,581,299,0.008800352014080564,43,22,49434,49708,450,225,0,0,0,0,0,0,99236,0,0,4,0,0,0,0,0,0,0,756,0,0,0,0,0,0
97,5159,98.07991174476177,99996,66,42,1,1,588,304,0.00892035681427257,44,19,49427,49706,461,231,0,0,0,0,0,0,99218,0,0,4,0,0,0,0,0,0,0,774,0,0,0,0,0,0
98,5159,99.15027446706125,99996,74,40,1,1,603,313,0.009160366414656586,49,23,49410,49693,465,242,0,0,0,0,0,0,99200,0,0,4,0,0,0,0,0,0,0,792,0,0,0,0,0,0
99,5159,100.17721579185135,99996,80,42,1,1,612,320,0.009320372814912596,50,19,49403,49690,465,247,0,0,0,0,0,0,99192,0,0,4,0,0,0,0,0,0,0,800,0,0,0,0,0,0
100,5159,101.04800398358168,99996,80,41,1,1,621,328,0.009490379615184607,49,18,49396,49683,473,256,0,0,0,0,0,0,99174,0,0,4,0,0,0,0,0,0,0,818,0,0,0,0,0,0
101,5159,102.29901911801188,99995,85,42,2,1,635,335,0.009700485024251212,51,19,49381,49676,480,261,0,0,0,0,0,0,99159,0,0,4,0,0,0,0,0,0,0,832,0,0,0,0,0,0
102,5159,103.12467818633178,99995,83,41,2,1,648,341,0.009890494524726236,48,17,49373,49673,493,267,0,0,0,0,0,0,99137,0,0,4,0,0,0,0,0,0,0,854,0,0,0,0,0,0
103,5159,104.04185202854671,99995,84,41,2,1,655,345,0.01000050002500125,44,18,49371,49670,498,269,0,0,0,0,0,0,99128,0,0,5,0,0,0,0,0,0,0,862,0,0,0,0,0,0
104,5159,105.04796904302047,99995,81,36,2,1,673,350,0.010230511525576278,49,21,49351,49663,516,278,0,0,0,0,0,0,99097,0,0,5,0,0,0,0,0,0,0,893,0,0,0,0,0,0
105,5159,106.0761195885979,99995,78,31,2,1,682,356,0.010380519025951298,48,22,49343,49656,528,289,0,0,0,0,0,0,99074,0,0,5,0,0,0,0,0,0,0,916,0,0,0,0,0,0
106,5159,107.1044596591954,99995,74,30,2,1,691,360,0.010510525526276314,51,24,49334,49652,538,292,0,0,0,0,0,0,99056,0,0,5,0,0,0,0,0,0,0,934,0,0,0,0,0,0
107,5159,108.13304295079067,99995,71,31,2,1,701,369,0.010700535026751338,54,18,49325,49651,547,298,0,0,0,0,0,0,99035,0,0,5,0,0,0,0,0,0,0,955,0,0,0,0,0,0
108,5159,109.33942150946402,99995,79,31,2,1,717,374,0.010910545527276364,49,27,49316,49638,553,302,0,0,0,0,0,0,99022,0,0,5,0,0,0,0,0,0,0,968,0,0,0,0,0,0
109,5159,110.02533329211961,99995,84,26,2,1,724,374,0.010980549027451372,47,30,49311,49635,555,307,0,0,0,0,0,0,99015,0,0,5,0,0,0,0,0,0,0,975,0,0,0,0,0,0
110,5159,111.05431238754308,99995,83,25,2,1,735,381,0.011160558027901396,45,26,49303,49634,566,313,0,0,0,0,0,0,98995,0,0,5,0,0,0,0,0,0,0,995,0,0,0,0,0,0
111,5159,112.08350878323498,99995,90,28,2,1,749,387,0.01136056802840142,39,28,49297,49626,571,316,0,0,0,0,0,0,98985,0,0,5,0,0,0,0,0,0,0,1005,0,0,0,0,0,0
112,5159,113.11283663196059,99995,89,29,2,1,759,393,0.01152057602880144,43,25,49285,49626,580,318,0,0,0,0,0,0,98969,0,0,5,0,0,0,0,0,0,0,1021,0,0,0,0,0,0
113,5159,114.14237281750476,99995,88,35,2,1,773,400,0.011730586529326466,43,25,49273,49620,593,318,0,0,0,0,0,0,98953,0,0,5,0,0,0,0,0,0,0,1037,0,0,0,0,0,0
114,5159,115.1720737727869,99995,89,34,2,1,780,405,0.011850592529626482,48,31,49262,49613,598,320,0,0,0,0,0,0,98941,0,0,5,0,0,0,0,0,0,0,1049,0,0,0,0,0,0
115,5159,116.2019576916466,99995,91,38,2,1,797,413,0.012100605030251512,44,32,49252,49605,610,323,0,0,0,0,0,0,98922,0,0,5,0,0,0,0,0,0,0,1068,0,0,0,0,0,0
116,5159,117.23202781682306,99995,89,46,2,1,810,425,0.012350617530876544,43,26,49242,49600,623,326,0,0,0,0,0,0,98903,0,0,5,0,0,0,0,0,0,0,1087,0,0,0,0,0,0
117,5159,118.26233048359208,99995,102,45,2,1,831,430,0.012610630531526576,43,27,49222,49595,630,331,0,0,0,0,0,0,98889,0,0,5,0,0,0,0,0,0,0,1101,0,0,0,0,0,0
118,5159,119.29289950609045,99995,98,46,2,1,840,435,0.012750637531876594,46,31,49212,49587,641,334,0,0,0,0,0,0,98873,0,0,6,0,0,0,0,0,0,0,1116,0,0,0,0,0,0
119,5159,120.32367384734509,99995,103,49,2,1,854,444,0.012980649032451623,49,34,49198,49576,647,339,0,0,0,0,0,0,98858,0,0,6,0,0,0,0,0,0,0,1131,0,0,0,0,0,0
120,5159,121.01095990892404,99995,102,53,2,1,864,454,0.013180659032951647,49,31,49191,49570,655,344,0,0,0,0,0,0,98841,0,0,6,0,0,0,0,0,0,0,1148,0,0,0,0,0,0
121,5159,122.04208537924302,99995,97,56,2,1,877,460,0.013370668533426671,47,35,49180,49561,673,346,0,0,0,0,0,0,98820,0,0,6,0,0,0,0,0,0,0,1169,0,0,0,0,0,0
122,5159,123.0734576741189,99995,95,59,2,1,891,472,0.013630681534076703,47,28,49168,49558,687,353,0,0,0,0,0,0,98795,0,0,6,0,0,0,0,0,0,0,1194,0,0,0,0,0,0
123,5159,124.10510606664648,99995,89,61,2,1,902,478,0.013800690034501725,44,26,49163,49555,701,356,0,0,0,0,0,0,98774,0,0,6,0,0,0,0,0,0,0,1215,0,0,0,0,0,0
124,5159,125.13696923921748,99995,80,64,2,1,910,486,0.013960698034901745,54,25,49153,49548,710,361,0,0,0,0,0,0,98752,0,0,6,0,0,0,0,0,0,0,1237,0,0,0,0,0,0
125,5159,126.16903888777645,99995,88,59,2,1,922,492,0.014140707035351767,54,25,49143,49543,712,371,0,0,0,0,0,0,98737,0,0,6,0,0,0,0,0,0,0,1252,0,0,0,0,0,0
126,5159,127.20126849596923,99994,91,56,2,2,937,499,0.014360861651699102,54,20,49130,49545,722,376,0,0,0,0,0,0,98715,0,0,6,0,0,0,0,0,0,0,1273,0,0,0,0,0,0
127,5159,128.14000780267023,99994,95,54,2,2,950,502,0.014520871252275136,52,18,49120,49545,730,380,0,0,0,0,0,0,98701,0,0,6,0,0,0,0,0,0,0,1287,0,0,0,0,0,0
128,5159,129.11045012293556,99994,90,51,2,2,967,508,0.014750885053103187,50,27,49107,49530,750,389,0,0,0,0,0,0,98670,0,0,6,0,0,0,0,0,0,0,1318,0,0,0,0,0,0
129,5159,130.1434827392472,99994,95,57,2,2,984,521,0.01505090305418325,50,26,49095,49522,757,392,0,0,0,0,0,0,98651,0,0,6,0,0,0,0,0,0,0,1337,0,0,0,0,0,0
130,5159,131.17667419545813,99994,78,56,2,2,989,526,0.015150909054543273,56,27,49087,49517,776,397,0,0,0,0,0,0,98623,0,0,6,0,0,0,0,0,0,0,1365,0,0,0,0,0,0
131,5159,132.2102049085462,99994,81,56,2,2,1005,537,0.015420925255515331,55,25,49077,49509,784,407,0,0,0,0,0,0,98599,0,0,6,0,0,0,0,0,0,0,1389,0,0,0,0,0,0
132,5159,133.2439227680889,99994,91,54,2,2,1028,542,0.015700942056523393,50,29,49065,49501,791,413,0,0,0,0,0,0,98579,0,0,6,0,0,0,0,0,0,0,1409,0,0,0,0,0,0
133,5159,134.2778202691208,99994,88,57,2,2,1043,550,0.01593095585735144,45,25,49057,49498,807,417,0,0,0,0,0,0,98556,0,0,6,0,0,0,0,0,0,0,1432,0,0,0,0,0,0
134,5159,135.31194989688166,99994,88,58,2,2,1055,560,0.016150969058143488,49,27,49041,49490,819,422,0,0,0,0,0,0,98535,0,0,6,0,0,0,0,0,0,0,1453,0,0,0,0,0,0
135,5159,136.00152626531855,99994,90,58,2,2,1063,565,0.016280976858611518,55,28,49029,49484,823,427,0,0,0,0,0,0,98524,0,0,6,0,0,0,0,0,0,0,1464,0,0,0,0,0,0
136,5159,137.03610463455414,99994,87,56,2,2,1075,572,0.016470988259295556,58,26,49016,49479,836,436,0,0,0,0,0,0,98500,0,0,6,0,0,0,0,0,0,0,1488,0,0,0,0,0,0
137,5159,138.0709569692754,99994,97,58,2,2,1094,583,0.016771006260375622,61,27,48996,49467,843,445,0,0,0,0,0,0,98482,0,0,6,0,0,0,0,0,0,0,1506,0,0,0,0,0,0
138,5159,139.10609798771182,99994,101,54,2,2,1113,589,0.017021021261275675,65,27,48979,49462,852,454,0,0,0,0,0,0,98457,0,0,6,0,0,0,0,0,0,0,1531,0,0,0,0,0,0
139,5159,140.14154599904336,99994,103,51,2,2,1131,596,0.01727103626217573,58,28,48969,49460,867,458,0,0,0,0,0,0,98431,0,0,6,0,0,0,0,0,0,0,1557,0,0,0,0,0,0
140,5159,141.17724273467422,99994,109,56,2,2,1148,606,0.01754105246314779,49,27,48963,49453,876,461,0,0,0,0,0,0,98415,0,0,6,0,0,0,0,0,0,0,1573,0,0,0,0,0,0
141,5159,142.21312722830203,99994,110,54,2,2,1162,613,0.017751065063903834,59,28,48940,49446,888,469,0,0,0,0,0,0,98393,0,0,6,0,0,0,0,0,0,0,1595,0,0,0,0,0,0
142,5159,143.24934666413463,99994,113,52,2,2,1179,619,0.017981078864731884,66,30,48921,49439,897,476,0,0,0,0,0,0,98371,0,0,6,0,0,0,0,0,0,0,1617,0,0,0,0,0,0
143,5159,144.28589156000703,99994,116,50,2,2,1196,628,0.01824109446566794,74,31,48899,49430,908,486,0,0,0,0,0,0,98346,0,0,6,0,0,0,0,0,0,0,1642,0,0,0,0,0,0
144,5159,145.32275398149773,99993,120,52,3,2,1216,637,0.018531297190803358,74,30,48881,49425,921,490,0,0,0,0,0,0,98323,0,0,6,0,0,0,0,0,0,0,1664,0,0,0,0,0,0
145,5159,146.0141805051696,99993,121,53,3,2,1230,638,0.018681307691538408,68,32,48874,49422,933,490,0,0,0,0,0,0,98310,0,0,6,0,0,0,0,0,0,0,1677,0,0,0,0,0,0
146,5159,147.05157241142243,99993,126,55,3,2,1250,648,0.01898132869300851,69,31,48856,49417,945,494,0,0,0,0,0,0,98287,0,0,6,0,0,0,0,0,0,0,1700,0,0,0,0,0,0
147,5159,148.08926035996944,99993,132,60,3,2,1271,657,0.019281349694478613,66,28,48841,49413,957,496,0,0,0,0,0,0,98268,0,0,6,0,0,0,0,0,0,0,1719,0,0,0,0,0,0
148,5159,149.1271913184224,99993,126,57,3,2,1284,665,0.019491364395507686,73,34,48827,49399,970,507,0,0,0,0,0,0,98238,0,0,6,0,0,0,0,0,0,0,1749,0,0,0,0,0,0
149,5159,150.16540153312405,99993,126,55,3,2,1303,671,0.01974138189673277,70,43,48816,49384,984,515,0,0,0,0,0,0,98211,0,0,6,0,0,0,0,0,0,0,1776,0,0,0,0,0,0
150,5159,151.20391096015976,99993,129,50,3,2,1321,681,0.020021401498104868,73,43,48797,49375,997,529,0,0,0,0,0,0,98181,0,0,6,0,0,0,0,0,0,0,1806,0,0,0,0,0,0
151,5159,152.24275362335496,99993,128,56,3,2,1337,692,0.02029142039942796,73,45,48783,49363,1012,533,0,0,0,0,0,0,98159,0,0,6,0,0,0,0,0,0,0,1828,0,0,0,0,0,0
152,5159,153.2818888938238,99993,125,57,3,2,1354,704,0.02058144070084906,81,49,48760,49349,1030,542,0,0,0,0,0,0,98128,0,0,6,0,0,0,0,0,0,0,1859,0,0,0,0,0,0
153,5159,154.3214062869422,99992,135,60,4,2,1377,714,0.020911672933834707,68,52,48754,49338,1038,547,0,0,0,0,0,0,98108,0,0,6,0,0,0,0,0,0,0,1878,0,0,0,0,0,0
154,5159,155.0145058636232,99992,122,62,4,2,1383,718,0.02101168093447476,77,59,48740,49331,1056,545,0,0,0,0,0,0,98087,0,0,6,0,0,0,0,0,0,0,1899,0,0,0,0,0,0
155,5159,156.05444601115104,99992,116,71,4,2,1398,734,0.021321705736458918,77,50,48727,49325,1075,551,0,0,0,0,0,0,98060,0,0,7,0,0,0,0,0,0,0,1925,0,0,0,0,0,0
156,5159,157.09471456057412,99992,115,73,4,2,1416,745,0.021611728938315065,82,50,48706,49314,1092,560,0,0,0,0,0,0,98032,0,0,7,0,0,0,0,0,0,0,1953,0,0,0,0,0,0
157,5159,158.13538555275593,99992,115,72,4,2,1436,757,0.021931754540363228,79,48,48691,49306,1110,571,0,0,0,0,0,0,97999,0,0,7,0,0,0,0,0,0,0,1986,0,0,0,0,0,0
158,5159,159.17640113524897,99992,131,70,4,2,1463,767,0.02230178414273142,72,50,48675,49294,1117,583,0,0,0,0,0,0,97976,0,0,7,0,0,0,0,0,0,0,2009,0,0,0,0,0,0
159,5159,160.21772644963463,99992,130,69,4,2,1481,778,0.022591807344587565,82,54,48648,49281,1135,593,0,0,0,0,0,0,97945,0,0,7,0,0,0,0,0,0,0,2040,0,0,0,0,0,0
160,5159,161.25948185284346,99992,124,71,4,2,1495,787,0.022821825746059683,96,54,48627,49272,1148,600,0,0,0,0,0,0,97918,0,0,7,0,0,0,0,0,0,0,2067,0,0,0,0,0,0
161,5159,162.30160817080912,99992,132,72,4,2,1522,797,0.023191855348427874,92,52,48609,49265,1162,608,0,0,0,0,0,0,97890,0,0,7,0,0,0,0,0,0,0,2095,0,0,0,0,0,0
162,5159,163.34409046175864,99992,135,74,4,2,1545,812,0.02357188575086007,97,48,48586,49256,1177,619,0,0,0,0,0,0,97857,0,0,7,0,0,0,0,0,0,0,2128,0,0,0,0,0,0
163,5159,164.0393057733261,99992,134,65,4,2,1554,815,0.02369189535162813,100,49,48577,49255,1184,628,0,0,0,0,0,0,97836,0,0,8,0,0,0,0,0,0,0,2148,0,0,0,0,0,0
164,5159,165.0824119195422,99991,142,78,5,2,1584,832,0.024162174595713615,91,43,48560,49244,1201,632,0,0,0,0,0,0,97810,0,0,8,0,0,0,0,0,0,0,2173,0,0,0,0,0,0
165,5159,166.12583216833977,99991,139,71,5,2,1605,845,0.024502205198467863,93,42,48540,49236,1222,648,0,0,0,0,0,0,97766,0,0,8,0,0,0,0,0,0,0,2217,0,0,0,0,0,0
166,5159,167.1696991591395,99991,137,73,5,2,1627,860,0.02487223850146513,93,35,48519,49233,1245,656,0,0,0,0,0,0,97729,0,0,8,0,0,0,0,0,0,0,2254,0,0,0,0,0,0
167,5159,168.2140800595293,99991,148,71,5,2,1652,868,0.025202268204138373,89,37,48504,49224,1253,665,0,0,0,0,0,0,97705,0,0,8,0,0,0,0,0,0,0,2278,0,0,0,0,0,0
168,5159,169.2587077225045,99990,148,71,5,3,1676,878,0.025542554255425544,84,39,48491,49213,1271,673,0,0,0,0,0,0,97671,0,0,8,0,0,0,0,0,0,0,2311,0,0,0,0,0,0
169,5159,170.3036928135251,99990,141,71,5,3,1694,887,0.025812581258125813,94,43,48463,49202,1296,680,0,0,0,0,0,0,97638,0,0,9,0,0,0,0,0,0,0,2343,0,0,0,0,0,0
170,5159,171.00064272400144,99989,145,67,6,3,1710,892,0.026022862514876635,97,43,48450,49200,1301,686,0,0,0,0,0,0,97618,0,0,10,0,0,0,0,0,0,0,2361,0,0,0,0,0,0
171,5159,172.04638496648093,99989,146,66,6,3,1735,900,0.026352898818870076,93,46,48434,49190,1320,694,0,0,0,0,0,0,97585,0,0,10,0,0,0,0,0,0,0,2394,0,0,0,0,0,0
172,5159,173.09250960691182,99989,133,73,6,3,1752,913,0.026652931822500475,102,49,48409,49177,1349,697,0,0,0,0,0,0,97549,0,0,10,0,0,0,0,0,0,0,2430,0,0,0,0,0,0
173,5159,174.13910379017682,99989,142,72,6,3,1775,926,0.027012971426856953,100,51,48395,49167,1356,706,0,0,0,0,0,0,97521,0,0,10,0,0,0,0,0,0,0,2458,0,0,0,0,0,0
174,5159,175.1859824323785,99989,153,68,6,3,1803,929,0.027323005530608367,97,58,48377,49158,1366,712,0,0,0,0,0,0,97497,0,0,10,0,0,0,0,0,0,0,2482,0,0,0,0,0,0
175,5159,176.23319349507526,99989,155,66,6,3,1828,937,0.027653041834601808,103,65,48350,49147,1385,718,0,0,0,0,0,0,97464,0,0,10,0,0,0,0,0,0,0,2515,0,0,0,0,0,0
176,5159,177.2808675530129,99989,155,71,6,3,1848,950,0.027983078138595244,113,61,48331,49144,1394,720,0,0,0,0,0,0,97437,0,0,11,0,0,0,0,0,0,0,2541,0,0,0,0,0,0
177,5159,178.32882223347536,99989,170,74,6,3,1882,963,0.02845312984428287,104,65,48312,49134,1407,723,0,0,0,0,0,0,97409,0,0,12,0,0,0,0,0,0,0,2568,0,0,0,0,0,0
178,5159,179.02761516107924,99989,186,76,6,3,1911,973,0.02884317274900239,98,65,48292,49125,1417,730,0,0,0,0,0,0,97388,0,0,12,0,0,0,0,0,0,0,2589,0,0,0,0,0,0
179,5159,180.07615312954724,99989,188,83,6,3,1931,993,0.02924321675384292,108,60,48267,49114,1430,739,0,0,0,0,0,0,97358,0,0,13,0,0,0,0,0,0,0,2618,0,0,0,0,0,0
180,5159,181.1251205981274,99989,193,90,6,3,1965,1013,0.029783276160377643,115,54,48232,49107,1453,745,0,0,0,0,0,0,97316,0,0,13,0,0,0,0,0,0,0,2660,0,0,0,0,0,0
181,5159,182.17468446400534,99989,189,85,6,3,1993,1028,0.030213323465581213,123,58,48202,49095,1479,758,0,0,0,0,0,0,97265,0,0,14,0,0,0,0,0,0,0,2710,0,0,0,0,0,0
182,5159,183.22481349125295,99989,193,76,6,3,2023,1038,0.030613367470421746,119,62,48181,49083,1500,775,0,0,0,0,0,0,97222,0,0,16,0,0,0,0,0,0,0,2751,0,0,0,0,0,0
183,5159,184.27551370941524,99989,189,81,6,3,2052,1049,0.03101341147526228,121,66,48156,49072,1527,777,0,0,0,0,0,0,97183,0,0,16,0,0,0,0,0,0,0,2790,0,0,0,0,0,0
184,5159,185.32673092720844,99989,200,86,6,3,2089,1068,0.031573473082039026,112,56,48131,49065,1550,789,0,0,0,0,0,0,97143,0,0,16,0,0,0,0,0,0,0,2830,0,0,0,0,0,0
185,5159,186.0278140919934,99989,185,84,6,3,2102,1077,0.031793497284701315,124,56,48110,49058,1574,798,0,0,0,0,0,0,97105,0,0,17,0,0,0,0,0,0,0,2867,0,0,0,0,0,0
186,5159,187.08001147617324,99989,196,85,6,3,2139,1093,0.03232355559111502,113,58,48091,49041,1593,812,0,0,0,0,0,0,97064,0,0,17,0,0,0,0,0,0,0,2908,0,0,0,0,0,0
187,5159,188.1326502593301,99989,195,89,6,3,2165,1108,0.032733600696076566,108,54,48073,49032,1617,821,0,0,0,0,0,0,97027,0,0,18,0,0,0,0,0,0,0,2944,0,0,0,0,0,0
188,5159,189.18576527366355,99989,190,98,6,3,2196,1125,0.03321365350188521,112,54,48045,49022,1646,822,0,0,0,0,0,0,96983,0,0,18,0,0,0,0,0,0,0,2988,0,0,0,0,0,0
189,5159,190.23945571671547,99988,194,89,7,3,2224,1138,0.0336240348841861,119,57,48013,49009,1666,841,0,0,0,0,0,0,96938,0,0,19,0,0,0,0,0,0,0,3031,0,0,0,0,0,0
190,5159,191.29373792657483,99988,196,86,7,3,2249,1148,0.033974076889226705,113,58,48000,49003,1683,849,0,0,0,0,0,0,96904,0,0,21,0,0,0,0,0,0,0,3063,0,0,0,0,0,0
191,5159,192.34837728975822,99988,190,94,7,3,2275,1166,0.03441412969556347,120,53,47975,48993,1707,856,0,0,0,0,0,0,96863,0,0,22,0,0,0,0,0,0,0,3103,0,0,0,0,0,0
192,5159,193.05172340874134,99988,181,93,7,3,2292,1175,0.034674160899307915,127,52,47958,48986,1726,865,0,0,0,0,0,0,96829,0,0,24,0,0,0,0,0,0,0,3135,0,0,0,0,0,0
193,5159,194.10726917812818,99988,193,96,7,3,2324,1192,0.03516421970636476,123,57,47935,48966,1741,877,0,0,0,0,0,0,96795,0,0,24,0,0,0,0,0,0,0,3169,0,0,0,0,0,0
194,5159,195.1632400189248,99987,201,91,7,4,2367,1206,0.03573464550391551,119,55,47902,48960,1770,889,0,0,0,0,0,0,96741,0,0,24,0,0,0,0,0,0,0,3222,0,0,0,0,0,0
195,5159,196.21983633379006,99987,206,93,7,4,2402,1222,0.03624471181253563,105,51,47886,48952,1795,899,0,0,0,0,0,0,96698,0,0,25,0,0,0,0,0,0,0,3264,0,0,0,0,0,0
196,5159,197.27692929579342,99987,203,93,7,4,2432,1239,0.036714772920479664,96,48,47870,48943,1823,911,0,0,0,0,0,0,96649,0,0,26,0,0,0,0,0,0,0,3312,0,0,0,0,0,0
197,5159,198.33449136751162,99986,193,92,8,4,2455,1250,0.03705518772628168,98,51,47854,48932,1846,920,0,0,0,0,0,0,96606,0,0,28,0,0,0,0,0,0,0,3352,0,0,0,0,0,0
198,5159,199.03978840447482,99986,193,96,8,4,2480,1261,0.03741523813333867,88,51,47843,48928,1867,920,0,0,0,0,0,0,96574,0,0,28,0,0,0,0,0,0,0,3384,0,0,0,0,0,0
199,5159,200.0981287200784,99986,187,93,8,4,2506,1271,0.037775288540395656,94,54,47823,48919,1887,929,0,0,0,0,0,0,96529,0,0,28,0,0,0,0,0,0,0,3429,0,0,0,0,0,0
200,5159,201.15692219641167,99986,188,96,8,4,2533,1288,0.03821535014902086,101,50,47799,48914,1903,935,0,0,0,0,0,0,96492,0,0,31,0,0,0,0,0,0,0,3463,0,0,0,0,0,0
201,5159,202.21620177518372,99985,188,100,9,4,2560,1302,0.03862579386908036,114,51,47766,48902,1922,942,0,0,0,0,0,0,96457,0,0,32,0,0,0,0,0,0,0,3496,0,0,0,0,0,0
202,5159,203.27600281759908,99985,189,101,9,4,2590,1315,0.039055858378756816,126,52,47736,48894,1939,948,0,0,0,0,0,0,96416,0,0,32,0,0,0,0,0,0,0,3537,0,0,0,0,0,0
203,5159,204.33633806551688,99985,198,94,9,4,2625,1327,0.0395259288893334,115,52,47718,48885,1959,964,0,0,0,0,0,0,96372,0,0,33,0,0,0,0,0,0,0,3580,0,0,0,0,0,0
204,5159,205.04348773863404,99984,201,91,10,4,2650,1338,0.039886381821091374,111,44,47703,48883,1974,977,0,0,0,0,0,0,96336,0,0,33,0,0,0,0,0,0,0,3615,0,0,0,0,0,0
205,5159,206.10463555240634,99984,205,91,10,4,2677,1353,0.0403064490318451,119,41,47675,48875,1990,988,0,0,0,0,0,0,96299,0,0,34,0,0,0,0,0,0,0,3651,0,0,0,0,0,0
206,5159,207.16632050870444,99984,211,88,10,4,2704,1370,0.0407465194431109,125,46,47649,48855,2004,1006,0,0,0,0,0,0,96259,0,0,35,0,0,0,0,0,0,0,3690,0,0,0,0,0,0
207,5159,208.22842855914897,99984,203,87,10,4,2731,1382,0.041136581853096495,126,55,47630,48835,2030,1018,0,0,0,0,0,0,96214,0,0,38,0,0,0,0,0,0,0,3732,0,0,0,0,0,0
208,5159,209.2909764419688,99984,214,89,10,4,2761,1395,0.04156665066410626,130,56,47604,48830,2041,1020,0,0,0,0,0,0,96184,0,0,38,0,0,0,0,0,0,0,3762,0,0,0,0,0,0
209,5159,210.3539761600786,99984,216,92,10,4,2794,1414,0.04208673387742039,130,54,47578,48814,2065,1035,0,0,0,0,0,0,96137,0,0,38,0,0,0,0,0,0,0,3809,0,0,0,0,0,0
210,5159,211.06294102560832,99984,217,88,10,4,2816,1420,0.04236677868458953,134,67,47557,48798,2081,1042,0,0,0,0,0,0,96106,0,0,38,0,0,0,0,0,0,0,3840,0,0,0,0,0,0
211,5159,212.12689435202697,99984,217,93,10,4,2853,1441,0.04294687149943991,138,66,47520,48784,2114,1052,0,0,0,0,0,0,96055,0,0,40,0,0,0,0,0,0,0,3889,0,0,0,0,0,0
212,5159,213.19156084902846,99984,214,101,10,4,2884,1462,0.04346695471275404,133,66,47498,48765,2144,1063,0,0,0,0,0,0,96008,0,0,40,0,0,0,0,0,0,0,3936,0,0,0,0,0,0
213,5159,214.25676640735793,99984,213,113,10,4,2911,1485,0.04396703472555609,141,60,47470,48752,2165,1070,0,0,0,0,0,0,95969,0,0,40,0,0,0,0,0,0,0,3975,0,0,0,0,0,0
214,5159,215.32243481733028,99984,217,107,10,4,2953,1500,0.04453712594015043,133,61,47448,48741,2191,1086,0,0,0,0,0,0,95911,0,0,41,0,0,0,0,0,0,0,4032,0,0,0,0,0,0
215,5159,216.033190500452,99984,212,113,10,4,2973,1513,0.04486717874859977,142,65,47430,48728,2205,1089,0,0,0,0,0,0,95880,0,0,42,0,0,0,0,0,0,0,4062,0,0,0,0,0,0
216,5159,217.09979316960425,99984,219,110,10,4,3014,1524,0.04538726196191391,139,69,47396,48715,2235,1101,0,0,0,0,0,0,95833,0,0,43,0,0,0,0,0,0,0,4108,0,0,0,0,0,0
217,5159,218.16704989886802,99984,227,105,10,4,3055,1538,0.04593734997599616,128,70,47375,48705,2259,1115,0,0,0,0,0,0,95782,0,0,44,0,0,0,0,0,0,0,4158,0,0,0,0,0,0
218,5159,219.23486070414722,99984,226,96,10,4,3083,1548,0.04631741078572572,130,87,47356,48687,2277,1125,0,0,0,0,0,0,95735,0,0,45,0,0,0,0,0,0,0,4204,0,0,0,0,0,0
219,5159,220.30310369044386,99984,230,91,10,4,3113,1564,0.0467774843975036,134,88,47335,48673,2290,1143,0,0,0,0,0,0,95688,0,0,45,0,0,0,0,0,0,0,4251,0,0,0,0,0,0
220,5159,221.01550857226658,99984,228,96,10,4,3135,1578,0.04713754200672107,128,86,47326,48663,2307,1150,0,0,0,0,0,0,95656,0,0,46,0,0,0,0,0,0,0,4282,0,0,0,0,0,0
221,5159,222.08441350211672,99984,219,105,10,4,3163,1596,0.04759761561849896,149,89,47290,48650,2331,1151,0,0,0,0,0,0,95612,0,0,48,0,0,0,0,0,0,0,4324,0,0,0,0,0,0
222,5159,223.15391181942442,99984,215,120,10,4,3194,1619,0.048137702032325175,149,86,47268,48636,2357,1153,0,0,0,0,0,0,95570,0,0,49,0,0,0,0,0,0,0,4365,0,0,0,0,0,0
223,5159,224.22393335406147,99984,237,123,10,4,3241,1642,0.04883781405024804,136,82,47243,48619,2373,1171,0,0,0,0,0,0,95525,0,0,49,0,0,0,0,0,0,0,4410,0,0,0,0,0,0
224,5159,225.29437441157967,99984,244,116,10,4,3276,1660,0.04936789886381821,145,75,47209,48612,2391,1192,0,0,0,0,0,0,95472,0,0,49,0,0,0,0,0,0,0,4463,0,0,0,0,0,0
225,5159,226.00837888505336,99984,247,122,10,4,3305,1681,0.049867978876620256,135,69,47195,48600,2412,1204,0,0,0,0,0,0,95433,0,0,51,0,0,0,0,0,0,0,4500,0,0,0,0,0,0
226,5159,227.07987836854815,99983,253,124,11,4,3341,1700,0.050418571157096706,134,65,47171,48593,2430,1213,0,0,0,0,0,0,95387,0,0,52,0,0,0,0,0,0,0,4544,0,0,0,0,0,0
227,5159,228.15188261542062,99983,249,127,11,4,3382,1716,0.05098866807357251,118,60,47158,48586,2463,1222,0,0,0,0,0,0,95332,0,0,55,0,0,0,0,0,0,0,4596,0,0,0,0,0,0
228,5159,229.22445765715827,99983,242,125,11,4,3413,1731,0.05144874628686877,128,58,47126,48576,2492,1236,0,0,0,0,0,0,95278,0,0,56,0,0,0,0,0,0,0,4649,0,0,0,0,0,0
229,5159,230.29771767031258,99983,242,120,11,4,3446,1745,0.05191882620045408,138,62,47090,48563,2518,1250,0,0,0,0,0,0,95229,0,0,59,0,0,0,0,0,0,0,4695,0,0,0,0,0,0
230,5159,231.0136334866711,99983,242,118,11,4,3470,1760,0.052308892511727,146,53,47063,48560,2537,1264,0,0,0,0,0,0,95189,0,0,60,0,0,0,0,0,0,0,4734,0,0,0,0,0,0
231,5159,232.08824976626016,99983,241,113,11,4,3508,1772,0.05280897752617945,160,59,47023,48545,2564,1278,0,0,0,0,0,0,95134,0,0,61,0,0,0,0,0,0,0,4788,0,0,0,0,0,0
232,5159,233.16356809922652,99982,233,115,12,4,3544,1791,0.05335960472885119,164,51,46992,48540,2598,1289,0,0,0,0,0,0,95074,0,0,62,0,0,0,0,0,0,0,4846,0,0,0,0,0,0
233,5159,234.23960658856834,99982,229,111,12,4,3586,1805,0.05391970554699846,165,52,46959,48526,2634,1306,0,0,0,0,0,0,95016,0,0,68,0,0,0,0,0,0,0,4898,0,0,0,0,0,0
234,5159,235.31645029803462,99982,245,115,12,4,3633,1822,0.054559820767738194,146,58,46940,48506,2656,1316,0,0,0,0,0,0,94975,0,0,71,0,0,0,0,0,0,0,4936,0,0,0,0,0,0
235,5159,236.03462550025142,99982,243,115,12,4,3663,1831,0.05494989098037647,140,62,46925,48496,2679,1322,0,0,0,0,0,0,94935,0,0,72,0,0,0,0,0,0,0,4975,0,0,0,0,0,0
236,5159,237.11236320869915,99982,235,114,12,4,3701,1848,0.055499989998199675,142,72,46898,48478,2712,1331,0,0,0,0,0,0,94875,0,0,76,0,0,0,0,0,0,0,5031,0,0,0,0,0,0
237,5159,238.1907117393442,99981,234,124,13,4,3743,1873,0.056170672427761276,133,74,46884,48456,2735,1341,0,0,0,0,0,0,94819,0,0,78,0,0,0,0,0,0,0,5084,0,0,0,0,0,0
238,5159,239.26941747341354,99981,234,130,13,4,3780,1895,0.05676078454906432,133,73,46862,48440,2757,1352,0,0,0,0,0,0,94768,0,0,80,0,0,0,0,0,0,0,5133,0,0,0,0,0,0
239,5159,240.34867527226885,99980,236,129,14,4,3822,1918,0.057411482296459294,132,66,46832,48427,2785,1373,0,0,0,0,0,0,94705,0,0,81,0,0,0,0,0,0,0,5194,0,0,0,0,0,0
240,5159,241.0685563685229,99980,216,130,14,4,3837,1935,0.057731546309261854,137,59,46820,48418,2812,1388,0,0,0,0,0,0,94656,0,0,83,0,0,0,0,0,0,0,5241,0,0,0,0,0,0
241,5159,242.14894040101188,99979,227,120,15,4,3874,1950,0.05825223296892348,136,59,46791,48409,2830,1407,0,0,0,0,0,0,94605,0,0,83,0,0,0,0,0,0,0,5291,0,0,0,0,0,0
242,5159,243.22999062144416,99979,217,117,15,4,3899,1960,0.05860230648436172,144,66,46770,48398,2853,1414,0,0,0,0,0,0,94558,0,0,84,0,0,0,0,0,0,0,5337,0,0,0,0,0,0
243,5159,244.3115015635226,99979,222,116,15,4,3941,1976,0.059182428309945086,146,70,46739,48383,2877,1426,0,0,0,0,0,0,94505,0,0,85,0,0,0,0,0,0,0,5389,0,0,0,0,0,0
244,5159,245.03284038075986,99979,220,113,15,4,3967,1990,0.059582512327588794,148,70,46719,48373,2897,1439,0,0,0,0,0,0,94461,0,0,86,0,0,0,0,0,0,0,5432,0,0,0,0,0,0
245,5159,246.1155088086641,99979,229,118,15,4,4007,2012,0.060202642554936535,144,60,46697,48366,2914,1451,0,0,0,0,0,0,94414,0,0,87,0,0,0,0,0,0,0,5478,0,0,0,0,0,0
246,5159,247.19862855538992,99979,233,115,15,4,4043,2034,0.06078276438051991,142,58,46671,48351,2938,1471,0,0,0,0,0,0,94362,0,0,92,0,0,0,0,0,0,0,5525,0,0,0,0,0,0
247,5159,248.2822990201544,99979,248,115,15,4,4095,2052,0.06148291141139639,138,62,46641,48333,2957,1485,0,0,0,0,0,0,94308,0,0,93,0,0,0,0,0,0,0,5578,0,0,0,0,0,0
248,5159,249.00506970375662,99979,247,116,15,4,4117,2065,0.06183298492683464,132,68,46629,48322,2976,1489,0,0,0,0,0,0,94274,0,0,94,0,0,0,0,0,0,0,5611,0,0,0,0,0,0
249,5159,250.08963667240948,99979,256,128,15,4,4159,2087,0.06247311935506456,124,69,46608,48307,2996,1491,0,0,0,0,0,0,94235,0,0,98,0,0,0,0,0,0,0,5646,0,0,0,0,0,0
250,5159,251.17463570763528,99979,248,125,15,4,4197,2103,0.06301323277888357,123,79,46585,48289,3028,1502,0,0,0,0,0,0,94175,0,0,103,0,0,0,0,0,0,0,5701,0,0,0,0,0,0
251,5159,252.26024550223963,99979,242,128,15,4,4232,2132,0.0636533672071135,130,64,46555,48279,3057,1524,0,0,0,0,0,0,94109,0,0,104,0,0,0,0,0,0,0,5766,0,0,0,0,0,0
252,5159,253.34654615929418,99978,236,117,16,4,4271,2146,0.06418412050651143,128,74,46529,48261,3090,1543,0,0,0,0,0,0,94044,0,0,109,0,0,0,0,0,0,0,5825,0,0,0,0,0,0
253,5159,254.07114419878897,99977,228,114,16,5,4294,2154,0.0644948338117767,129,77,46513,48252,3113,1551,0,0,0,0,0,0,94003,0,0,110,0,0,0,0,0,0,0,5864,0,0,0,0,0,0
254,5159,255.15865063742874,99977,227,108,16,5,4327,2172,0.06500495113876191,134,69,46488,48248,3134,1569,0,0,0,0,0,0,93947,0,0,112,0,0,0,0,0,0,0,5918,0,0,0,0,0,0
255,5159,256.2467517131578,99977,227,115,16,5,4361,2198,0.06560508917050922,142,67,46460,48229,3154,1583,0,0,0,0,0,0,93895,0,0,113,0,0,0,0,0,0,0,5969,0,0,0,0,0,0
256,5159,257.3353577744922,99977,236,118,16,5,4400,2220,0.06621522950278565,150,61,46432,48219,3165,1596,0,0,0,0,0,0,93849,0,0,116,0,0,0,0,0,0,0,6012,0,0,0,0,0,0
257,5159,258.06136137094376,99977,232,111,16,5,4422,2231,0.06654530542024666,147,60,46420,48213,3184,1610,0,0,0,0,0,0,93807,0,0,118,0,0,0,0,0,0,0,6052,0,0,0,0,0,0
258,5159,259.15086973161374,99977,232,108,16,5,4467,2243,0.0671154365504066,138,69,46407,48199,3206,1618,0,0,0,0,0,0,93750,0,0,121,0,0,0,0,0,0,0,6106,0,0,0,0,0,0
259,5159,260.2408014284102,99977,241,108,16,5,4512,2263,0.0677655860847995,137,65,46377,48185,3228,1636,0,0,0,0,0,0,93695,0,0,122,0,0,0,0,0,0,0,6160,0,0,0,0,0,0
260,5159,261.3313508553232,99976,240,106,17,5,4553,2277,0.06831639593502441,138,68,46346,48179,3258,1641,0,0,0,0,0,0,93639,0,0,124,0,0,0,0,0,0,0,6213,0,0,0,0,0,0
261,5159,262.05878030352306,99976,240,107,17,5,4581,2289,0.06871649195806993,137,64,46329,48174,3276,1649,0,0,0,0,0,0,93601,0,0,125,0,0,0,0,0,0,0,6250,0,0,0,0,0,0
262,5159,263.15044576703986,99976,232,105,17,5,4609,2301,0.06911658798111547,146,68,46301,48160,3303,1661,0,0,0,0,0,0,93552,0,0,126,0,0,0,0,0,0,0,6298,0,0,0,0,0,0
263,5159,264.2427725839559,99976,233,101,17,5,4645,2316,0.06962671041049852,144,73,46273,48149,3332,1671,0,0,0,0,0,0,93500,0,0,128,0,0,0,0,0,0,0,6348,0,0,0,0,0,0
264,5159,265.3357267504893,99975,237,101,18,5,4688,2329,0.07018754688672169,139,78,46249,48142,3356,1673,0,0,0,0,0,0,93451,0,0,131,0,0,0,0,0,0,0,6393,0,0,0,0,0,0
265,5159,266.06465432691385,99975,237,113,18,5,4708,2352,0.0706176544136034,146,62,46233,48139,3365,1680,0,0,0,0,0,0,93421,0,0,132,0,0,0,0,0,0,0,6422,0,0,0,0,0,0
266,5159,267.15851534659026,99975,241,121,18,5,4750,2373,0.07124781195298825,142,56,46215,48132,3383,1685,0,0,0,0,0,0,93372,0,0,134,0,0,0,0,0,0,0,6469,0,0,0,0,0,0
267,5159,268.2528006781924,99975,246,118,18,5,4791,2391,0.07183795948987247,150,61,46180,48113,3405,1702,0,0,0,0,0,0,93317,0,0,136,0,0,0,0,0,0,0,6522,0,0,0,0,0,0
268,5159,269.34770161907414,99975,249,113,18,5,4841,2410,0.07252813203300826,132,60,46164,48104,3436,1717,0,0,0,0,0,0,93248,0,0,138,0,0,0,0,0,0,0,6589,0,0,0,0,0,0
269,5159,270.07797352299355,99975,245,111,18,5,4870,2423,0.07294823705926481,140,58,46131,48100,3465,1725,0,0,0,0,0,0,93203,0,0,141,0,0,0,0,0,0,0,6631,0,0,0,0,0,0
270,5159,271.17418401619176,99975,250,116,18,5,4909,2445,0.07355838959739935,141,57,46104,48085,3486,1736,0,0,0,0,0,0,93154,0,0,143,0,0,0,0,0,0,0,6678,0,0,0,0,0,0
271,5159,272.2710273677426,99975,263,118,18,5,4949,2464,0.07414853713428357,138,60,46079,48071,3501,1745,0,0,0,0,0,0,93111,0,0,144,0,0,0,0,0,0,0,6720,0,0,0,0,0,0
272,5159,273.00249541864866,99975,262,109,18,5,4982,2469,0.07452863215803951,143,71,46052,48062,3524,1752,0,0,0,0,0,0,93065,0,0,146,0,0,0,0,0,0,0,6764,0,0,0,0,0,0
273,5159,274.10028002434797,99975,278,108,18,5,5037,2481,0.07519879969992498,129,80,46027,48046,3547,1760,0,0,0,0,0,0,93015,0,0,148,0,0,0,0,0,0,0,6812,0,0,0,0,0,0
274,5159,275.1986910709966,99975,270,102,18,5,5070,2499,0.07570892723180796,130,84,46004,48030,3577,1778,0,0,0,0,0,0,92954,0,0,152,0,0,0,0,0,0,0,6869,0,0,0,0,0,0
275,5159,276.29772022707834,99975,269,113,18,5,5109,2523,0.07633908477119279,121,77,45987,48020,3604,1784,0,0,0,0,0,0,92905,0,0,156,0,0,0,0,0,0,0,6914,0,0,0,0,0,0
276,5159,277.03067761324286,99975,254,116,18,5,5133,2537,0.07671917979494873,117,84,45977,48004,3633,1790,0,0,0,0,0,0,92858,0,0,159,0,0,0,0,0,0,0,6958,0,0,0,0,0,0
277,5159,278.13056547888607,99975,257,116,18,5,5162,2557,0.07720930232558139,124,90,45956,47980,3644,1808,0,0,0,0,0,0,92813,0,0,160,0,0,0,0,0,0,0,7002,0,0,0,0,0,0
278,5159,279.2308548463776,99975,251,120,18,5,5200,2582,0.07783945986496624,126,89,45931,47963,3673,1822,0,0,0,0,0,0,92750,0,0,162,0,0,0,0,0,0,0,7063,0,0,0,0,0,0
279,5159,280.3317699244603,99974,252,131,19,5,5235,2614,0.0785104127073039,134,78,45899,47949,3695,1836,0,0,0,0,0,0,92698,0,0,165,0,0,0,0,0,0,0,7111,0,0,0,0,0,0
280,5159,281.06603800994486,99974,267,144,19,5,5266,2634,0.07902054534178886,132,71,45878,47941,3703,1838,0,0,0,0,0,0,92675,0,0,165,0,0,0,0,0,0,0,7134,0,0,0,0,0,0
281,5159,282.1679305641813,99973,268,121,19,6,5303,2647,0.07952147079711522,132,77,45861,47934,3719,1861,0,0,0,0,0,0,92606,0,0,168,0,0,0,0,0,0,0,7199,0,0,0,0,0,0
282,5159,283.2703155085059,99972,266,119,20,6,5342,2664,0.08008242307846197,142,82,45825,47919,3746,1873,0,0,0,0,0,0,92551,0,0,173,0,0,0,0,0,0,0,7248,0,0,0,0,0,0
283,5159,284.005663700137,99972,251,126,20,6,5360,2679,0.08041251550434121,154,85,45813,47904,3761,1878,0,0,0,0,0,0,92512,0,0,175,0,0,0,0,0,0,0,7285,0,0,0,0,0,0
284,5159,285.1091683031212,99972,261,131,20,6,5409,2700,0.08111271155923659,139,81,45789,47895,3790,1886,0,0,0,0,0,0,92460,0,0,178,0,0,0,0,0,0,0,7334,0,0,0,0,0,0
285,5159,286.2132275914794,99972,257,135,20,6,5455,2725,0.08182291041491618,130,80,45764,47879,3828,1899,0,0,0,0,0,0,92393,0,0,182,0,0,0,0,0,0,0,7397,0,0,0,0,0,0
286,5159,287.31794924169685,99972,259,131,20,6,5494,2748,0.08244308406353779,125,76,45745,47867,3850,1919,0,0,0,0,0,0,92331,0,0,184,0,0,0,0,0,0,0,7457,0,0,0,0,0,0
287,5159,288.0547588159062,99972,255,128,20,6,5517,2764,0.08283319329412235,133,74,45734,47858,3857,1933,0,0,0,0,0,0,92287,0,0,186,0,0,0,0,0,0,0,7499,0,0,0,0,0,0
288,5159,289.1602572221638,99972,249,130,20,6,5554,2784,0.08340335293882287,145,70,45710,47849,3875,1944,0,0,0,0,0,0,92228,0,0,188,0,0,0,0,0,0,0,7556,0,0,0,0,0,0
289,5159,290.2663342353273,99972,239,127,20,6,5587,2807,0.08396350978273917,147,66,45688,47839,3905,1961,0,0,0,0,0,0,92163,0,0,192,0,0,0,0,0,0,0,7617,0,0,0,0,0,0
290,5159,291.0041348229988,99972,237,131,20,6,5609,2825,0.08436362181410795,157,55,45661,47839,3924,1968,0,0,0,0,0,0,92128,0,0,195,0,0,0,0,0,0,0,7649,0,0,0,0,0,0
291,5159,292.1114518515524,99972,232,126,20,6,5643,2843,0.08488376745488736,157,62,45641,47827,3949,1978,0,0,0,0,0,0,92066,0,0,195,0,0,0,0,0,0,0,7711,0,0,0,0,0,0
292,5159,293.2193477154256,99972,229,127,20,6,5682,2863,0.08547393270115633,147,62,45630,47816,3973,1988,0,0,0,0,0,0,92006,0,0,196,0,0,0,0,0,0,0,7770,0,0,0,0,0,0
293,5159,294.32770288807006,99972,239,123,20,6,5722,2877,0.08601408394350418,135,68,45626,47804,3979,1998,0,0,0,0,0,0,91962,0,0,200,0,0,0,0,0,0,0,7810,0,0,0,0,0,0
294,5159,295.06670588748966,99972,230,128,20,6,5741,2894,0.08637418477173608,130,71,45620,47788,3999,2006,0,0,0,0,0,0,91924,0,0,202,0,0,0,0,0,0,0,7846,0,0,0,0,0,0
295,5159,296.17542158882696,99971,226,126,21,6,5775,2913,0.08690520250872753,134,65,45605,47780,4013,2022,0,0,0,0,0,0,91866,0,0,203,0,0,0,0,0,0,0,7902,0,0,0,0,0,0
296,5159,297.28444836959324,99970,226,131,22,6,5807,2931,0.08740622186655997,142,68,45581,47763,4028,2031,0,0,0,0,0,0,91824,0,0,206,0,0,0,0,0,0,0,7940,0,0,0,0,0,0
297,5159,298.0240268317212,99970,241,136,22,6,5840,2942,0.08784635390617185,126,71,45574,47755,4036,2031,0,0,0,0,0,0,91801,0,0,207,0,0,0,0,0,0,0,7962,0,0,0,0,0,0
298,5159,299.13370270889175,99970,238,137,22,6,5875,2968,0.08845653696108832,121,68,45559,47736,4059,2052,0,0,0,0,0,0,91744,0,0,213,0,0,0,0,0,0,0,8013,0,0,0,0,0,0
299,5159,300.2437508702492,99970,228,142,22,6,5904,2993,0.08899669900970292,118,65,45548,47721,4083,2065,0,0,0,0,0,0,91687,0,0,215,0,0,0,0,0,0,0,8068,0,0,0,0,0,0
300,5159,301.3542600927,99970,221,140,22,6,5934,3011,0.08947684305291588,114,72,45532,47708,4110,2073,0,0,0,0,0,0,91630,0,0,215,0,0,0,0,0,0,0,8125,0,0,0,0,0,0
301,5159,302.09485748919803,99970,215,136,22,6,5953,3021,0.08976693007902371,112,76,45524,47700,4126,2081,0,0,0,0,0,0,91593,0,0,217,0,0,0,0,0,0,0,8160,0,0,0,0,0,0
302,5159,303.20618399561505,99970,222,140,22,6,5987,3046,0.09035710713213964,113,66,45505,47696,4137,2091,0,0,0,0,0,0,91546,0,0,218,0,0,0,0,0,0,0,8206,0,0,0,0,0,0
303,5159,304.3178652529363,99969,211,141,22,7,6010,3068,0.09080815052666326,116,74,45496,47673,4154,2104,0,0,0,0,0,0,91492,0,0,219,0,0,0,0,0,0,0,8258,0,0,0,0,0,0
304,5159,305.0591198471628,99969,213,142,22,7,6031,3078,0.09111824665646351,128,81,45478,47664,4158,2105,0,0,0,0,0,0,91465,0,0,220,0,0,0,0,0,0,0,8284,0,0,0,0,0,0
305,5159,306.171363244083,99969,212,151,22,7,6061,3098,0.09161840170452841,136,81,45457,47653,4172,2107,0,0,0,0,0,0,91425,0,0,222,0,0,0,0,0,0,0,8322,0,0,0,0,0,0
306,5159,307.2839786932201,99969,216,150,22,7,6100,3122,0.09224859706509018,137,75,45431,47648,4193,2119,0,0,0,0,0,0,91370,0,0,227,0,0,0,0,0,0,0,8372,0,0,0,0,0,0
307,5159,308.0260481985297,99969,232,156,22,7,6134,3137,0.09273874901219378,132,74,45415,47639,4198,2123,0,0,0,0,0,0,91344,0,0,228,0,0,0,0,0,0,0,8397,0,0,0,0,0,0
308,5159,309.13950992536513,99969,229,151,22,7,6171,3163,0.09336894437275556,142,69,45387,47622,4219,2150,0,0,0,0,0,0,91275,0,0,230,0,0,0,0,0,0,0,8464,0,0,0,0,0,0
309,5159,310.25365891108873,99969,233,148,22,7,6209,3184,0.09395912732947213,145,75,45368,47604,4231,2165,0,0,0,0,0,0,91220,0,0,233,0,0,0,0,0,0,0,8516,0,0,0,0,0,0
310,5159,311.36816619888424,99969,241,153,22,7,6246,3212,0.0946093288919565,152,72,45342,47590,4242,2177,0,0,0,0,0,0,91170,0,0,235,0,0,0,0,0,0,0,8564,0,0,0,0,0,0
311,5159,312.1113582369958,99969,233,146,22,7,6266,3225,0.09493943122367934,165,70,45318,47584,4261,2192,0,0,0,0,0,0,91126,0,0,239,0,0,0,0,0,0,0,8604,0,0,0,0,0,0
312,5159,313.22680371956596,99968,235,148,23,7,6306,3248,0.09557058258642766,159,73,45299,47564,4283,2207,0,0,0,0,0,0,91068,0,0,240,0,0,0,0,0,0,0,8660,0,0,0,0,0,0
313,5159,314.34285590038075,99968,240,151,23,7,6353,3273,0.09629081306017925,143,66,45276,47556,4317,2219,0,0,0,0,0,0,91008,0,0,244,0,0,0,0,0,0,0,8716,0,0,0,0,0,0
314,5159,315.0872605083222,99968,233,140,23,7,6378,3283,0.09664092509603073,154,66,45248,47548,4341,2238,0,0,0,0,0,0,90959,0,0,248,0,0,0,0,0,0,0,8761,0,0,0,0,0,0
315,5159,316.20459465217897,99968,247,143,23,7,6424,3308,0.097351152368758,142,60,45237,47537,4350,2252,0,0,0,0,0,0,90910,0,0,253,0,0,0,0,0,0,0,8805,0,0,0,0,0,0
316,5159,317.32231401648977,99968,241,141,23,7,6461,3332,0.097961347631242,146,62,45221,47528,4368,2261,0,0,0,0,0,0,90843,0,0,255,0,0,0,0,0,0,0,8870,0,0,0,0,0,0
317,5159,318.06765389899414,99968,253,139,23,7,6490,3345,0.09838148207426377,151,66,45195,47516,4377,2271,0,0,0,0,0,0,90812,0,0,256,0,0,0,0,0,0,0,8900,0,0,0,0,0,0
318,5159,319.18613889004956,99968,253,136,23,7,6530,3367,0.09900168053777209,151,66,45177,47505,4395,2285,0,0,0,0,0,0,90750,0,0,259,0,0,0,0,0,0,0,8959,0,0,0,0,0,0
319,5159,320.3051257905609,99968,261,133,23,7,6573,3389,0.0996518886043534,140,71,45158,47487,4416,2300,1,1,1,1,0,0,90689,0,0,258,1,0,0,0,0,0,2,9018,0,0,0,0,0,0
320,5159,321.05138939999495,99968,253,140,23,7,6596,3408,0.10007202304737516,144,59,45140,47484,4437,2307,2,2,2,2,0,0,90647,0,0,261,1,0,0,0,0,0,4,9055,0,0,0,0,0,0
321,5159,322.10360367439125,99968,243,137,23,7,6632,3425,0.10060219270166454,153,73,45106,47461,4471,2318,3,3,3,3,0,0,90586,0,0,268,1,0,0,0,0,0,6,9107,0,0,0,0,0,0
322,5159,323.063153637813,99968,247,144,23,7,6671,3443,0.10117237516005122,145,72,45085,47450,4495,2322,4,4,4,4,0,0,90542,0,0,272,1,0,0,0,0,0,8,9145,0,0,0,0,0,0
323,5159,324.0644076874001,99968,252,145,23,7,6695,3458,0.1015625,147,72,45072,47442,4500,2328,5,5,5,5,0,0,90507,0,0,272,1,0,0,0,0,0,10,9178,0,0,0,0,0,0
324,5159,325.06430273030304,99968,259,147,23,7,6737,3487,0.10227272727272728,148,58,45046,47432,4518,2349,5,6,6,6,0,0,90446,0,0,275,1,0,0,0,0,0,12,9234,0,0,0,0,0,0
325,5159,326.2410228811263,99968,254,146,23,7,6776,3507,0.10286291613316262,146,66,45026,47416,4544,2356,6,8,8,7,0,0,90380,0,0,277,1,0,0,0,0,0,15,9295,0,0,0,0,0,0
326,5159,327.005191678344,99968,250,143,23,7,6802,3522,0.10327304737516005,154,71,45002,47397,4563,2371,7,10,10,8,0,0,90332,0,0,280,1,0,0,0,0,0,18,9337,0,0,0,0,0,0
327,5159,328.0298703027424,99967,255,139,23,8,6846,3542,0.10391429171626637,145,65,44988,47390,4580,2385,8,12,12,9,0,0,90267,0,0,281,1,0,0,0,0,0,21,9397,0,0,0,0,0,0
328,5159,329.08735628090375,99967,259,127,23,8,6884,3553,0.10440445346964498,155,74,44959,47378,4594,2397,9,15,15,10,0,0,90209,0,0,284,1,0,0,0,0,0,25,9448,0,0,0,0,0,0
329,5159,330.0326712056529,99967,275,117,23,8,6925,3566,0.10494463172847039,152,78,44936,47372,4603,2406,10,18,18,11,0,0,90160,0,0,287,1,0,0,0,0,0,29,9490,0,0,0,0,0,0
330,5159,331.01319437859445,99967,276,122,23,8,6958,3585,0.10546480338511709,151,82,44923,47352,4615,2413,11,22,22,12,0,0,90113,0,0,290,1,0,0,0,0,0,33,9529,1,0,0,0,0,0
331,5159,332.06290072344046,99967,280,123,23,8,6994,3605,0.10602498824612122,155,83,44902,47332,4627,2426,12,27,27,13,0,0,90059,0,0,293,1,0,0,0,0,0,39,9574,1,0,0,0,0,0
332,5159,333.00743166633094,99967,281,123,23,8,7029,3626,0.10658517310712536,165,79,44869,47323,4648,2434,13,32,32,14,0,0,90002,0,0,297,1,0,0,0,0,0,45,9621,1,0,0,0,0,0
333,5159,334.00112749687634,99967,270,111,23,8,7058,3631,0.10692528534416357,176,90,44847,47309,4669,2443,14,38,38,15,0,0,89942,0,0,301,1,0,0,0,0,0,52,9670,1,0,0,0,0,0
334,5159,335.0239168778878,99967,279,115,23,8,7099,3649,0.10751548010843578,174,91,44832,47292,4676,2448,15,45,45,16,0,0,89889,0,0,302,1,0,0,0,0,0,60,9714,1,0,0,0,0,0
335,5159,336.0715963517506,99967,292,129,23,8,7152,3680,0.10835575739994198,165,75,44806,47279,4697,2455,16,53,53,17,0,0,89829,0,0,308,1,0,0,0,0,0,69,9759,1,0,0,0,0,0
336,5159,337.1725841592277,99967,298,141,23,8,7202,3706,0.1091160082827333,165,87,44778,47243,4718,2458,17,62,62,18,0,0,89766,0,0,311,1,0,0,0,0,0,77,9809,3,0,0,0,0,0
337,5159,338.01242874272026,99966,292,142,24,8,7229,3715,0.10947722225556689,164,91,44771,47225,4731,2461,17,72,72,19,0,0,89722,0,0,317,1,0,0,0,0,0,86,9835,5,0,0,0,0,0
338,5159,339.06586079871425,99966,297,135,24,8,7268,3735,0.1100674229237941,165,87,44753,47211,4743,2476,17,82,83,20,0,0,89653,0,0,320,1,0,0,0,0,0,97,9889,6,0,0,0,0,0
339,5159,340.0353115578765,99966,291,132,24,8,7317,3756,0.11076766100474161,177,88,44707,47186,4782,2492,18,93,95,21,0,0,89568,0,0,324,2,0,0,0,0,0,108,9957,7,0,0,0,0,0
340,5159,341.19757646153545,99966,300,128,24,8,7364,3775,0.11142788548106357,172,89,44686,47163,4799,2505,18,106,108,22,0,0,89497,0,0,328,2,0,0,0,0,0,122,10010,7,0,0,0,0,0
341,5159,342.01808246172374,99966,305,135,24,8,7407,3792,0.11202808955044716,167,91,44660,47139,4823,2506,20,120,122,24,0,0,89441,0,0,331,3,0,0,0,0,0,135,10046,10,0,0,0,0,0
342,5159,343.0324332136739,99966,303,145,24,8,7446,3815,0.11264830042214354,164,87,44643,47114,4844,2510,21,135,137,26,0,0,89377,0,0,333,4,0,0,0,0,0,148,10091,13,0,0,0,0,0
343,5159,344.17943537173574,99966,311,161,24,8,7511,3854,0.11368865414240842,162,83,44606,47079,4873,2516,23,152,154,28,0,0,89282,0,0,335,4,0,0,0,0,0,165,10165,15,0,0,0,0,0
344,5159,345.31173683513373,99966,294,157,24,8,7555,3878,0.11436888542104315,168,81,44581,47044,4907,2539,25,170,172,30,0,0,89177,0,0,338,4,0,0,0,0,0,184,10247,16,0,0,0,0,0
345,5159,346.0670098416748,99966,290,154,24,8,7583,3893,0.11479903167076806,171,83,44564,47016,4923,2548,27,190,192,32,0,0,89115,0,0,346,4,0,0,0,0,0,204,10279,18,0,0,0,0,0
346,5159,347.20054094063573,99966,284,157,24,8,7636,3921,0.1156093071644359,171,76,44531,46985,4960,2563,29,210,213,34,0,0,89018,0,0,353,4,0,0,0,0,0,224,10346,21,0,0,0,0,0
347,5159,348.33500029117425,99966,293,158,24,8,7690,3949,0.11642958605926015,165,80,44506,46939,4979,2582,32,232,236,37,0,0,88928,0,0,356,4,0,0,0,0,0,245,10407,26,0,0,0,0,0
348,5159,349.0916377094414,99966,301,153,24,8,7728,3964,0.11695976632054898,157,82,44491,46911,4991,2591,35,254,260,40,0,0,88857,0,0,358,4,0,0,0,0,0,268,10449,30,0,0,0,0,0
349,5159,350.2270660624311,99965,306,160,24,9,7782,3993,0.1177912269294253,161,83,44450,46867,5020,2601,38,279,286,43,0,0,88761,0,0,360,4,0,0,0,0,0,295,10513,32,0,0,0,0,0
350,5159,351.3633663099433,99965,302,152,24,9,7823,4012,0.11839143700295103,169,84,44415,46832,5048,2616,41,306,314,46,0,0,88665,0,0,366,4,0,0,0,0,0,325,10572,33,0,0,0,0,0
351,5159,352.1213859879961,99965,306,158,24,9,7852,4032,0.11888160856299705,169,80,44399,46796,5056,2622,45,334,343,50,0,0,88600,0,0,368,4,0,0,0,0,0,353,10602,38,0,0,0,0,0
352,5159,353.25896925440935,99965,299,159,24,9,7885,4059,0.11948181863652278,199,77,44361,46758,5067,2634,49,362,374,54,0,0,88506,0,0,370,4,0,0,0,0,0,383,10659,43,0,0,0,0,0
353,5159,354.01774198673957,99963,311,153,25,10,7928,4071,0.12003441273271111,182,81,44348,46723,5081,2639,52,393,407,58,0,0,88430,0,0,376,4,0,0,0,0,0,416,10690,47,0,0,0,0,0
354,5159,355.1563487033928,99963,294,162,25,10,7975,4095,0.12074467552994608,179,82,44327,46674,5118,2643,56,428,442,63,0,0,88318,0,0,381,4,0,0,0,0,0,454,10757,49,0,0,0,0,0
355,5159,356.2957052494183,99963,292,157,25,10,8034,4123,0.12161499754909316,168,79,44305,46630,5148,2664,61,459,479,68,0,0,88192,0,0,387,5,0,0,0,0,0,493,10835,51,0,0,0,0,0
356,5159,357.0556685368151,99963,291,148,25,10,8057,4143,0.12204515670798195,174,74,44286,46581,5158,2689,65,497,518,73,0,0,88103,0,0,392,5,0,0,0,0,0,534,10875,54,0,0,0,0,0
357,5159,358.19627674545376,99963,284,137,25,10,8099,4157,0.12260536398467432,185,80,44256,46537,5178,2699,71,536,559,79,0,0,87991,0,0,396,5,0,0,0,0,0,576,10936,59,0,0,0,0,0
358,5159,359.33765770469967,99963,293,137,25,10,8159,4175,0.12338565269149586,175,89,44214,46481,5215,2705,77,577,602,85,0,0,87882,0,0,400,6,0,0,0,0,0,621,10992,62,0,0,0,0,0
359,5159,360.0992126072807,99963,284,130,25,10,8190,4189,0.12383581925312366,182,87,44184,46430,5241,2721,83,621,647,91,0,0,87776,0,0,403,6,0,0,0,0,0,669,11044,65,0,0,0,0,0
360,5159,361.24251469006185,99963,289,132,25,10,8241,4211,0.12456608945309765,181,89,44149,46369,5265,2733,90,666,695,98,0,0,87661,0,0,405,6,0,0,0,0,0,720,11102,69,0,0,0,0,0
361,5159,362.0051647227829,99963,291,129,25,10,8272,4224,0.12500625231335594,181,89,44124,46316,5281,2741,97,714,745,105,0,0,87568,0,0,409,6,0,0,0,0,0,772,11134,74,0,0,0,0,0
362,5159,363.1499686038099,99963,298,140,25,10,8326,4255,0.12585656692976402,164,83,44099,46258,5309,2747,104,761,797,113,0,0,87454,0,0,415,7,0,0,0,0,0,826,11182,79,0,0,0,0,0
363,5159,364.2953925311843,99962,296,140,26,10,8379,4274,0.1265780996778776,141,82,44087,46204,5339,2751,110,812,852,121,0,0,87328,0,0,418,7,0,0,0,0,0,881,11241,87,0,0,0,0,0
364,5159,365.0593887726537,99962,288,143,26,10,8404,4293,0.12701826694143775,158,80,44049,46145,5359,2755,119,866,909,130,0,0,87227,0,0,427,7,0,0,0,0,0,942,11267,92,0,0,0,0,0
365,5159,366.2063359554002,99961,294,142,26,11,8452,4314,0.12770980682466163,151,80,44021,46088,5379,2756,128,922,968,139,0,0,87105,0,0,430,7,0,0,0,0,0,1003,11317,99,0,0,0,0,0
366,5159,367.3540552759347,99961,289,138,26,11,8492,4335,0.12832004481747883,153,80,43996,46015,5398,2773,137,982,1030,149,0,0,86967,0,0,433,7,0,0,0,0,0,1074,11380,100,0,0,0,0,0
367,5159,368.11958555514684,99960,285,135,27,11,8526,4349,0.1288015206082433,152,89,43967,45944,5421,2776,147,1044,1094,160,0,0,86847,0,0,437,7,0,0,0,0,0,1143,11420,106,0,0,0,0,0
368,5159,369.26883217846915,99960,278,133,27,11,8561,4377,0.12943177270908363,170,85,43936,45877,5432,2790,156,1103,1161,171,0,0,86707,0,0,441,7,0,0,0,0,0,1215,11478,112,0,0,0,0,0
369,5159,370.0354048894554,99960,285,131,27,11,8595,4396,0.12996198479391757,158,82,43918,45804,5444,2799,167,1172,1231,183,0,0,86586,0,0,442,7,0,0,0,0,0,1289,11516,120,0,0,0,0,0
370,5159,371.1858456640125,99960,286,138,27,11,8647,4427,0.1307923169267707,144,78,43884,45724,5479,2809,179,1239,1303,195,0,0,86438,0,0,449,7,0,0,0,0,0,1369,11573,124,0,0,0,0,0
371,5159,372.33731897805274,99960,285,139,27,11,8692,4449,0.13146258503401362,144,85,43847,45654,5504,2808,192,1302,1378,208,0,0,86297,0,0,450,9,0,0,0,0,0,1447,11624,133,0,0,0,0,0
372,5159,373.10546077400164,99959,281,135,28,11,8718,4461,0.13184405606298583,140,82,43826,45579,5518,2816,206,1376,1456,222,0,0,86170,0,0,452,9,0,0,0,0,0,1530,11656,142,0,0,0,0,0
373,5159,374.25858148327825,99959,293,137,28,11,8768,4487,0.13260436779079424,130,77,43800,45501,5531,2827,217,1446,1536,236,0,0,86023,0,0,453,9,0,0,0,0,0,1616,11708,150,0,0,0,0,0
374,5159,375.0277324606833,99959,287,128,28,11,8795,4497,0.13297451955301673,143,80,43762,45416,5547,2840,232,1524,1619,251,0,0,85888,0,0,456,10,0,0,0,0,0,1704,11741,160,0,0,0,0,0
375,5159,376.18243241601834,99959,273,130,28,11,8833,4516,0.13354475334887303,148,83,43729,45332,5573,2838,248,1605,1705,267,0,0,85732,0,0,457,12,0,0,0,0,0,1794,11794,170,0,0,0,0,0
376,5159,377.33812181295724,99958,271,135,29,11,8875,4546,0.13426639188459152,136,78,43704,45238,5595,2848,264,1689,1794,284,0,0,85574,0,0,463,14,0,0,0,0,0,1891,11839,177,0,0,0,0,0
377,5159,378.1090058182317,99958,273,145,29,11,8908,4568,0.13481662298165228,132,71,43670,45152,5614,2842,281,1778,1885,302,0,0,85438,0,0,466,15,0,0,0,0,0,1988,11863,188,0,0,0,0,0
378,5159,379.26636902262675,99958,266,133,29,11,8940,4586,0.13531683306988934,147,76,43634,45057,5626,2853,297,1869,1979,320,0,0,85267,0,0,468,15,0,0,0,0,0,2092,11920,196,0,0,0,0,0
379,5159,380.03851943939736,99958,259,130,29,11,8963,4597,0.13565697592989057,162,82,43599,44968,5634,2845,316,1963,2076,339,0,0,85121,0,0,469,15,0,0,0,0,0,2195,11949,209,0,0,0,0,0
380,5159,381.19773087795966,99958,277,130,29,11,9009,4616,0.13630724904459873,151,81,43566,44880,5640,2843,336,2054,2176,359,0,0,84979,0,0,474,16,0,0,0,0,0,2296,11966,227,0,0,0,0,0
381,5159,382.357759031294,99958,268,110,29,11,9056,4632,0.13693751375577742,160,90,43522,44783,5666,2857,354,2148,2279,380,0,0,84788,0,0,483,17,0,0,0,0,0,2405,12024,241,0,0,0,0,0
382,5159,383.1318216267566,99957,263,113,30,11,9087,4645,0.1373790730013906,147,84,43513,44689,5672,2851,374,2251,2385,402,0,0,84632,0,0,483,20,0,0,0,0,0,2518,12051,253,0,0,0,0,0
383,5159,384.2935155921933,99957,258,119,30,11,9124,4666,0.13795932250867873,155,84,43469,44583,5693,2852,394,2350,2494,425,0,0,84460,0,0,490,20,0,0,0,0,0,2640,12084,263,0,0,0,0,0
384,5159,385.06854284233043,99957,256,115,30,11,9148,4684,0.13837950318637013,155,86,43447,44475,5695,2855,416,2457,2606,449,0,0,84297,0,0,496,20,0,0,0,0,0,2761,12105,278,0,0,0,0,0
385,5159,386.23193358662854,99957,261,121,30,11,9190,4705,0.13900977420290725,146,99,43410,44351,5713,2855,439,2562,2721,474,0,0,84122,0,0,499,21,0,0,0,0,0,2889,12136,290,0,0,0,0,0
386,5159,387.0080456782578,99957,263,130,30,11,9219,4727,0.13951999359724682,142,93,43387,44239,5714,2851,463,2675,2839,500,0,0,83955,0,0,500,20,1,0,0,0,0,3017,12159,305,0,0,0,0,0
387,5159,388.17311243626307,99957,267,124,30,11,9259,4750,0.14015026461378394,152,90,43353,44130,5709,2861,488,2783,2960,527,0,0,83766,0,0,506,20,1,0,0,0,0,3147,12194,323,0,0,0,0,0
388,5159,389.3389416026865,99957,253,127,30,11,9289,4772,0.14067048830997328,164,93,43304,44010,5732,2865,516,2893,3084,555,0,0,83571,0,0,508,21,1,0,0,0,0,3282,12235,339,0,0,0,0,0
389,5159,390.11682538734493,99956,260,132,31,11,9322,4788,0.14116211132898476,158,88,43267,43896,5738,2862,545,3010,3211,584,0,0,83390,0,0,510,21,1,0,0,0,0,3428,12257,349,0,0,0,0,0
390,5159,391.2847950400518,99955,265,134,32,11,9375,4813,0.14194387474363462,144,83,43227,43777,5759,2863,572,3131,3341,614,0,0,83179,0,0,512,21,1,0,0,0,0,3570,12305,367,0,0,0,0,0
391,5159,392.06414116092856,99954,253,132,33,11,9392,4830,0.1422854513076015,158,78,43187,43658,5765,2862,603,3258,3474,645,0,0,82991,0,0,515,21,1,0,0,0,0,3713,12325,388,0,0,0,0,0
392,5159,393.23430729598425,99953,254,137,33,12,9438,4857,0.14301721809250348,151,74,43156,43535,5772,2863,633,3378,3610,678,0,0,82782,0,0,524,22,1,0,0,0,0,3865,12355,404,0,0,0,0,0
393,5159,394.0149672003614,99953,253,129,33,12,9459,4868,0.1433373685632247,149,73,43121,43414,5779,2866,664,3505,3749,712,0,0,82587,0,0,528,23,1,0,0,0,0,4024,12373,417,0,0,0,0,0
394,5159,395.18716669075724,99953,264,122,33,12,9503,4889,0.14398767420687722,146,62,43084,43295,5778,2879,694,3629,3891,747,0,0,82373,0,0,532,25,1,0,0,0,0,4183,12406,433,0,0,0,0,0
395,5159,396.3604426862732,99953,254,123,33,12,9545,4914,0.14465798925494983,147,59,43029,43173,5806,2874,730,3758,4036,783,0,0,82148,0,0,542,25,1,0,0,0,0,4342,12440,455,0,0,0,0,0
396,5159,397.14353597338663,99953,246,114,33,12,9565,4922,0.14493812091683092,152,58,42989,43058,5814,2868,765,3889,4184,821,0,0,81939,0,0,543,27,1,0,0,0,0,4509,12462,472,0,0,0,0,0
397,5159,398.31954326249337,99953,248,113,33,12,9604,4936,0.14546837013396297,154,60,42940,42932,5820,2857,804,4025,4335,860,0,0,81725,0,0,546,29,1,0,0,0,0,4676,12483,493,0,0,0,0,0
398,5159,399.104301871897,99953,256,111,33,12,9639,4953,0.14598861464888496,147,63,42904,42790,5817,2857,842,4166,4489,900,0,0,81524,0,0,552,29,1,0,0,0,0,4837,12484,526,0,0,0,0,0
399,5159,400.28267292191475,99953,249,114,33,12,9677,4972,0.14655888267485717,142,65,42860,42645,5834,2855,881,4308,4645,942,0,0,81295,0,0,559,29,1,0,0,0,0,5012,12508,549,0,0,0,0,0
400,5159,401.068905934384,99953,250,112,33,12,9711,4979,0.14696907546546878,138,69,42818,42505,5839,2851,921,4450,4804,985,0,0,81072,0,0,561,29,1,0,0,0,0,5195,12527,568,0,0,0,0,0
401,5159,402.24974740856146,99953,247,105,33,12,9753,4996,0.14755935289586106,130,69,42779,42370,5849,2852,961,4591,4966,1030,0,0,80832,0,0,567,29,1,0,0,0,0,5372,12554,598,0,0,0,0,0
402,5159,403.037682564405,99953,239,104,33,12,9777,5006,0.14789951277100238,129,72,42735,42220,5860,2847,1003,4744,5131,1076,0,0,80605,0,0,572,30,1,0,0,0,0,5562,12565,618,0,0,0,0,0
403,5159,404.2210101757963,99953,229,108,33,12,9803,5033,0.14842976198813443,137,67,42682,42054,5869,2856,1049,4902,5299,1123,0,0,80353,0,0,574,31,1,0,0,0,0,5758,12600,636,0,0,0,0,0
404,5159,405.0107299464448,99953,237,113,33,12,9836,5043,0.14885996418316608,132,63,42635,41913,5868,2841,1094,5057,5470,1172,0,0,80126,0,0,575,31,1,0,0,0,0,5956,12606,658,0,0,0,0,0
405,5159,406.19679781009455,99953,258,115,33,12,9893,5056,0.1495602933378688,123,61,42581,41771,5864,2828,1140,5212,5643,1222,0,0,79892,0,0,575,34,1,0,0,0,0,6146,12617,688,0,0,0,0,0
406,5159,407.3842868114909,99952,255,113,34,12,9921,5072,0.150002000960461,139,56,42524,41631,5861,2818,1186,5369,5819,1274,0,0,79649,0,0,576,35,1,0,0,0,0,6343,12629,719,0,0,0,0,0
407,5159,408.1767488932176,99952,251,117,34,12,9945,5085,0.15037217864574995,137,53,42480,41476,5863,2810,1234,5531,5998,1328,0,0,79410,0,0,581,36,1,0,0,0,0,6551,12630,743,0,0,0,0,0
408,5159,409.36702563080775,99952,248,116,34,12,9988,5104,0.15099247638866656,133,59,42422,41321,5876,2805,1286,5686,6180,1383,0,0,79138,0,0,583,38,1,0,0,0,0,6761,12663,768,0,0,0,0,0
409,5159,410.1614037484505,99952,249,111,34,12,10013,5115,0.1513526492716504,132,59,42371,41163,5874,2797,1339,5857,6364,1440,0,0,78895,0,0,586,39,1,0,0,0,0,6968,12662,801,0,0,0,0,0
410,5159,411.3547748995958,99952,254,104,34,12,10062,5131,0.1520029614214823,123,56,42304,41006,5892,2795,1392,6026,6551,1498,0,0,78628,0,0,601,40,1,0,0,0,0,7184,12669,829,0,0,0,0,0
411,5159,412.15138590079926,99952,251,106,34,12,10086,5143,0.15236313430446613,123,59,42260,40840,5882,2786,1449,6196,6740,1558,0,0,78376,0,0,604,42,1,0,0,0,0,7405,12668,856,0,0,0,0,0
412,5159,413.3480020746623,99951,250,110,35,12,10114,5159,0.15280487438845033,127,50,42209,40699,5871,2767,1507,6361,6932,1620,0,0,78129,0,0,608,42,1,0,0,0,0,7615,12656,900,0,0,0,0,0
413,5159,414.1465491041378,99951,238,108,35,12,10137,5173,0.1531750557773309,125,49,42153,40526,5880,2764,1568,6540,7126,1683,0,0,77870,0,0,608,46,1,0,0,0,0,7828,12657,941,0,0,0,0,0
414,5159,415.34632196269825,99951,228,116,35,12,10169,5192,0.1536853057998419,121,55,42098,40365,5889,2745,1628,6706,7323,1748,0,0,77596,0,0,610,48,1,0,0,0,0,8053,12667,976,0,0,0,0,0
415,5159,416.1471176323351,99951,230,119,35,12,10193,5207,0.15407549699352682,116,52,42037,40201,5891,2735,1690,6880,7522,1815,0,0,77331,0,0,616,48,1,0,0,0,0,8290,12660,1005,0,0,0,0,0
416,5159,417.35032775067845,99951,211,109,35,12,10217,5223,0.15447569308961392,131,52,41968,40046,5904,2734,1750,7046,7724,1883,0,0,77039,0,0,622,49,1,0,0,0,0,8520,12676,1044,0,0,0,0,0
417,5159,418.153665450817,99951,213,117,35,12,10244,5237,0.15488589408810316,121,44,41901,39878,5912,2720,1817,7228,7928,1953,0,0,76769,0,0,626,49,1,0,0,0,0,8763,12668,1075,0,0,0,0,0
418,5159,419.3609629125699,99951,213,114,35,12,10283,5253,0.1554361637202229,121,47,41837,39711,5916,2720,1877,7395,8134,2025,0,0,76478,0,0,632,51,1,0,0,0,0,9004,12675,1110,0,0,0,0,0
419,5159,420.1668519023908,99950,214,106,35,13,10312,5260,0.15579789894947474,144,79,41752,39513,5906,2708,1948,7580,8342,2099,0,0,76199,23,0,636,52,1,0,0,0,0,9245,12644,1150,0,0,0,0,0
420,5159,421.0751985494606,99950,221,121,35,13,10344,5285,0.15636818409204603,150,76,41689,39323,5893,2701,2011,7765,8553,2175,0,0,75924,52,0,639,54,1,0,0,0,0,9491,12599,1190,0,0,0,0,0
421,5159,422.4400678194384,99950,235,117,35,13,10399,5308,0.15714857428714357,160,92,41598,39131,5892,2701,2079,7945,8766,2252,0,0,75609,110,3,640,59,1,0,0,0,0,9745,12564,1219,0,0,0,0,0
422,5159,423.35146992869807,99949,238,113,35,14,10433,5326,0.15767041191007414,171,90,41510,38946,5891,2706,2154,8130,8981,2331,0,0,75303,155,5,642,62,1,0,0,0,0,10003,12528,1250,0,0,0,0,0
423,5159,424.2645412701328,99949,247,125,35,14,10477,5351,0.15836076398963472,162,79,41437,38765,5894,2697,2224,8319,9198,2412,0,0,75006,189,10,649,64,1,0,0,0,0,10261,12486,1283,0,0,0,0,0
424,5159,425.1792233651628,99949,264,134,35,14,10515,5375,0.158981080350979,159,72,41350,38581,5891,2686,2300,8512,9417,2495,0,0,74710,220,11,649,67,1,0,0,0,0,10525,12448,1318,0,0,0,0,0
425,5159,426.095630981842,99949,268,130,35,14,10554,5393,0.15955137119931165,163,69,41262,38405,5898,2682,2373,8699,9638,2580,0,0,74403,266,16,655,67,1,0,0,0,0,10781,12397,1363,0,0,0,0,0
426,5159,427.0138951284869,99949,263,133,35,14,10590,5407,0.16005162632942802,165,79,41171,38212,5912,2667,2453,8894,9860,2667,0,0,74087,301,22,664,69,1,0,0,0,0,11056,12360,1389,0,0,0,0,0
427,5159,428.39483076869413,99948,266,133,35,15,10640,5440,0.16088365950294153,176,76,41083,38026,5913,2669,2526,9080,10084,2756,0,0,73760,362,29,671,73,1,0,0,0,0,11314,12305,1433,0,0,0,0,0
428,5159,429.31690720661095,99948,280,135,35,15,10688,5456,0.16152399247608756,177,75,40994,37838,5906,2657,2607,9279,10310,2847,0,0,73450,405,32,671,75,1,0,0,0,0,11578,12255,1481,0,0,0,0,0
429,5159,430.2409527004803,99948,286,137,35,15,10727,5478,0.16213430984111737,192,80,40894,37640,5898,2647,2694,9480,10537,2940,0,0,73138,441,40,678,77,1,0,0,0,0,11846,12204,1523,0,0,0,0,0
430,5159,431.1670422499143,99948,274,138,35,15,10770,5497,0.1627546324088526,201,78,40800,37461,5905,2636,2784,9671,10766,3034,0,0,72808,497,47,685,79,1,0,0,0,0,12112,12148,1571,0,0,0,0,0
431,5159,432.09528351813157,99948,259,143,35,15,10804,5518,0.16330491855764998,214,81,40695,37267,5926,2617,2870,9876,10997,3130,0,0,72483,546,52,692,81,2,0,0,0,0,12383,12090,1619,0,0,0,0,0
432,5159,433.0258035989977,99948,270,145,35,15,10851,5534,0.16393524632809062,212,89,40595,37076,5927,2608,2960,10066,11229,3228,0,0,72148,592,54,692,83,2,0,0,0,0,12670,12049,1658,0,0,0,0,0
433,5159,434.4254629242388,99948,287,140,35,15,10918,5566,0.16492576139592588,213,93,40483,36889,5938,2620,3043,10242,11462,3328,0,0,71769,665,60,700,83,2,0,0,0,0,12970,12014,1685,0,0,0,0,0
434,5159,435.3606011210406,99948,307,135,35,15,10974,5588,0.1657061672069476,200,100,40388,36690,5934,2621,3135,10438,11697,3430,0,0,71427,715,65,703,86,2,0,0,0,0,13257,11964,1729,0,0,0,0,0
435,5159,436.29798469260396,99948,310,140,35,15,11019,5613,0.16640653139632608,200,102,40274,36474,5958,2621,3222,10647,11933,3534,0,0,71068,762,71,712,86,2,0,0,0,0,13563,11927,1757,0,0,0,0,0
436,5159,437.23767698038813,99948,312,134,35,15,11070,5634,0.16712690599111538,193,100,40168,36272,5971,2624,3320,10854,12170,3640,0,0,70712,817,81,716,90,3,0,0,0,0,13854,11880,1795,0,0,0,0,0
437,5159,438.1800473571179,99948,313,140,35,15,11104,5660,0.1677272181534398,217,96,40052,36073,5964,2612,3418,11063,12408,3748,0,0,70376,858,86,719,93,3,0,0,0,0,14144,11825,1844,0,0,0,0,0
438,5159,439.1249061761456,99948,325,138,35,15,11155,5676,0.16839756673470205,218,109,39954,35873,5953,2611,3514,11253,12648,3858,0,0,70034,901,92,726,94,3,0,0,0,0,14437,11767,1894,0,0,0,0,0
439,5159,440.07202798490994,99948,327,146,35,15,11196,5705,0.16909793092408051,223,102,39840,35677,5963,2607,3611,11452,12889,3970,0,0,69680,946,100,732,95,3,0,0,0,0,14738,11717,1937,0,0,0,0,0
440,5159,441.0215484883976,99948,311,149,35,15,11247,5733,0.16988834193780766,232,99,39722,35476,5991,2602,3708,11658,13131,4084,0,0,69287,1028,103,734,99,3,0,0,0,0,15046,11669,1979,0,0,0,0,0
441,5159,442.45097369795155,99948,338,146,35,15,11329,5765,0.17102893504622405,219,108,39598,35287,6000,2607,3809,11836,13373,4200,0,0,68912,1087,118,749,100,3,0,0,0,0,15347,11612,2020,0,0,0,0,0
442,5159,443.40624177168104,99948,350,158,35,15,11385,5794,0.1718793772761836,231,98,39462,35090,6010,2601,3911,12037,13616,4318,0,0,68547,1132,127,755,101,3,0,0,0,0,15658,11565,2060,0,0,0,0,0
443,5159,444.3644763279034,99948,363,165,35,15,11446,5821,0.1727598351142594,225,96,39345,34882,6016,2602,4015,12239,13860,4438,0,0,68179,1178,140,759,104,3,0,0,0,0,15966,11518,2101,0,0,0,0,0
444,5159,445.32554995191305,99947,364,152,36,15,11502,5837,0.17348194543107848,221,110,39230,34687,6031,2606,4117,12429,14105,4560,0,0,67809,1229,155,769,110,3,0,0,0,0,16269,11459,2144,0,0,0,0,0
445,5159,446.28939665939447,99947,373,156,36,15,11555,5862,0.17426235905029666,212,112,39113,34476,6039,2605,4226,12635,14350,4684,0,0,67440,1279,161,776,112,3,0,0,0,0,16582,11402,2192,0,0,0,0,0
446,5159,447.2561049517441,99947,369,170,36,15,11603,5893,0.17505277797232532,214,109,38995,34274,6047,2586,4338,12845,14596,4810,0,0,67079,1325,177,782,113,3,0,0,0,0,16881,11339,2248,0,0,0,0,0
447,5159,448.2257774168788,99946,364,170,37,15,11653,5918,0.17580493466471894,227,111,38865,34066,6053,2586,4453,13051,14843,4937,0,0,66701,1372,192,792,116,4,0,0,0,0,17193,11286,2290,0,0,0,0,0
448,5159,449.1985518191607,99946,359,168,37,15,11691,5940,0.17640525883977348,239,113,38734,33884,6056,2583,4574,13236,15090,5066,0,0,66321,1422,201,796,120,4,0,0,0,0,17514,11236,2332,0,0,0,0,0
449,5159,450.17444710560153,99946,371,171,37,15,11746,5968,0.17723570728193225,235,117,38607,33686,6062,2585,4687,13425,15337,5197,0,0,65935,1470,212,801,124,4,0,0,0,0,17841,11191,2368,0,0,0,0,0
450,5159,451.1535364660689,99946,380,182,37,15,11808,5999,0.17816620975326677,231,118,38472,33494,6081,2577,4798,13613,15585,5330,0,0,65543,1525,223,802,129,4,0,0,0,0,18167,11145,2408,0,0,0,0,0
451,5159,452.13592498955603,99946,376,189,37,15,11856,6025,0.17890660956916735,251,118,38325,33305,6100,2562,4910,13810,15833,5465,0,0,65155,1573,239,807,131,4,0,0,0,0,18491,11097,2449,0,0,0,0,0
452,5159,453.1217097389405,99946,373,193,37,15,11912,6053,0.17974706341424368,257,127,38193,33098,6119,2568,5020,13998,16081,5602,0,0,64767,1629,252,819,133,4,0,0,0,0,18810,11032,2500,0,0,0,0,0
453,5159,454.1109108129958,99945,383,190,38,15,11977,6079,0.1806593626494572,255,131,38046,32900,6135,2573,5142,14190,16330,5741,0,0,64375,1683,266,829,137,4,0,0,0,0,19132,10971,2548,0,0,0,0,0
454,5159,455.1037363112391,99945,397,192,38,15,12045,6114,0.18168992946120366,242,124,37909,32714,6150,2573,5263,14381,16579,5881,0,0,63986,1737,286,840,138,4,0,0,0,0,19446,10906,2602,0,0,0,0,0
455,5159,456.1002571703379,99945,410,186,38,15,12115,6143,0.18268047426084347,235,124,37768,32508,6167,2580,5381,14586,16828,6023,0,0,63594,1793,304,849,144,4,0,0,0,0,19763,10840,2654,0,0,0,0,0
456,5159,457.1004179377953,99945,413,199,38,15,12175,6181,0.1836610135574566,246,124,37621,32305,6183,2585,5498,14771,17077,6167,0,0,63182,1849,322,849,151,4,0,0,0,0,20101,10802,2685,0,0,0,0,0
457,5159,458.104181702545,99945,436,204,38,15,12257,6215,0.1848216519085497,231,136,37472,32103,6201,2592,5621,14949,17326,6313,0,0,62775,1906,341,858,154,4,0,0,0,0,20432,10748,2727,0,0,0,0,0
458,5159,459.1117275156246,99945,411,211,38,15,12301,6247,0.18558207013857622,271,129,37312,31905,6224,2593,5743,15146,17575,6460,0,0,62358,1972,360,863,157,4,0,0,0,0,20763,10698,2770,0,0,0,0,0
459,5159,460.12346665793365,99943,425,215,40,15,12368,6282,0.18660636562840818,277,130,37159,31713,6234,2593,5864,15333,17823,6609,0,0,61961,2015,385,865,166,4,0,0,0,0,21088,10650,2809,0,0,0,0,0
460,5159,461.13917289377264,99943,439,214,40,15,12442,6319,0.18771699868925287,282,121,36987,31528,6260,2601,5991,15520,18071,6760,0,0,61556,2070,413,871,174,4,0,0,0,0,21409,10595,2851,0,0,0,0,0
461,5159,462.15919790869583,99943,438,218,40,15,12512,6347,0.18869755760783646,275,123,36852,31327,6279,2599,6115,15717,18319,6912,0,0,61148,2133,435,871,182,4,0,0,0,0,21730,10540,2900,0,0,0,0,0
462,5159,463.18334979405057,99943,454,213,40,15,12582,6371,0.18963809371341664,271,140,36714,31140,6275,2594,6245,15897,18567,7066,0,0,60743,2186,456,875,187,4,0,0,0,0,22061,10486,2945,0,0,0,0,0
463,5159,464.2111595764871,99943,463,213,40,15,12644,6409,0.19063866403850194,284,128,36560,30957,6280,2605,6372,16081,18814,7222,0,0,60343,2238,484,876,196,4,0,0,0,0,22381,10429,2992,0,0,0,0,0
464,5159,465.2429433230216,99943,465,210,40,15,12718,6438,0.1916692514733398,277,129,36413,30762,6301,2613,6503,16270,19061,7379,0,0,59919,2307,506,878,206,4,0,0,0,0,22713,10378,3032,0,0,0,0,0
465,5159,466.2790780416806,99942,454,211,41,15,12784,6464,0.19259170318784896,275,146,36257,30556,6334,2613,6638,16458,19307,7538,0,0,59504,2378,523,886,209,4,0,0,0,0,23038,10307,3093,0,0,0,0,0
466,5159,467.3196776860117,99941,472,213,41,16,12860,6498,0.19369427962497873,261,144,36112,30376,6337,2617,6776,16633,19553,7698,0,0,59107,2429,548,891,216,4,0,0,0,0,23357,10241,3148,0,0,0,0,0
467,5159,468.36442605020005,99941,478,207,41,16,12936,6532,0.1947949290081148,252,140,35966,30188,6354,2634,6908,16814,19798,7860,0,0,58681,2507,568,892,225,4,0,0,0,0,23684,10180,3200,0,0,0,0,0
468,5159,469.41345717617486,99941,484,221,41,16,13017,6569,0.19597562561911527,241,132,35818,30019,6375,2619,7040,16992,20043,8023,0,0,58285,2549,599,904,235,4,0,0,0,0,24005,10113,3247,0,0,0,0,0
469,5159,470.4668490895999,99940,472,228,42,16,13077,6609,0.1969781869121473,246,126,35673,29844,6392,2623,7174,17162,20287,8188,0,0,57869,2606,630,911,241,4,0,0,0,0,24329,10055,3295,0,0,0,0,0
470,5159,471.5244991656319,99940,473,229,42,16,13151,6645,0.19807884730838504,273,133,35494,29673,6418,2628,7299,17320,20531,8354,0,0,57457,2662,660,925,247,4,0,0,0,0,24654,9986,3345,0,0,0,0,0
471,5159,472.05466519389284,99940,489,228,42,16,13201,6666,0.19878927356413847,258,137,35351,29469,6406,2626,7453,17523,20774,8521,0,0,57084,2682,685,929,253,4,0,0,0,0,24982,9924,3397,0,0,0,0,0
472,5159,473.1216786568628,99940,469,230,42,16,13261,6699,0.19971983189913947,283,144,35201,29301,6422,2625,7582,17683,21016,8690,0,0,56668,2745,718,931,263,4,0,0,0,0,25301,9862,3448,0,0,0,0,0
473,5159,474.19308273993096,99940,475,231,42,16,13347,6739,0.2009805883530118,271,148,35051,29115,6451,2638,7709,17851,21257,8860,0,0,56233,2804,750,949,268,4,0,0,0,0,25640,9809,3483,0,0,0,0,0
474,5159,475.26917969758875,99940,485,233,42,16,13436,6779,0.20227136281769062,263,148,34891,28944,6470,2640,7848,18018,21497,9031,0,0,55812,2864,791,954,276,5,0,0,0,0,25959,9754,3525,0,0,0,0,0
475,5159,476.3500895878994,99939,475,243,43,16,13493,6824,0.20329400934570088,283,140,34737,28774,6482,2645,7979,18181,21737,9203,0,0,55390,2926,818,961,281,5,0,0,0,0,26291,9694,3573,0,0,0,0,0
476,5159,477.43570569355836,99939,471,255,43,16,13567,6869,0.20448473568877015,274,134,34587,28592,6513,2650,8111,18352,21976,9377,0,0,54975,2982,850,978,286,5,0,0,0,0,26617,9623,3623,0,0,0,0,0
477,5159,478.5261396191967,99939,461,272,43,16,13644,6915,0.20571548644673252,267,123,34444,28427,6541,2647,8243,18514,22214,9552,0,0,54558,3043,888,981,295,6,0,0,0,0,26933,9562,3673,0,0,0,0,0
478,5159,479.0725958413867,99939,449,268,43,16,13671,6930,0.2061357428031099,276,124,34304,28250,6531,2637,8396,18704,22451,9728,0,0,54186,3061,918,978,305,6,0,0,0,0,27255,9505,3725,0,0,0,0,0
479,5159,480.1723120132693,99939,464,270,43,16,13741,6967,0.20720639590149992,279,128,34138,28094,6532,2632,8543,18859,22687,9905,0,0,53790,3101,953,987,309,6,0,0,0,0,27574,9439,3780,0,0,0,0,0
480,5159,481.27694751806644,99939,472,254,43,16,13819,6997,0.2082870551036132,279,147,33989,27931,6536,2641,8680,19010,22922,10083,0,0,53379,3155,992,993,319,7,0,0,0,0,27889,9375,3830,0,0,0,0,0
481,5159,482.3864322245163,99938,458,262,44,16,13904,7035,0.20951990233945045,274,140,33834,27775,6573,2644,8816,19162,23156,10262,0,0,52955,3228,1029,994,332,7,0,0,0,0,28200,9309,3884,0,0,0,0,0
482,5159,483.5011124159569,99938,495,261,44,16,14003,7073,0.21089075226640516,249,144,33682,27609,6575,2656,8954,19313,23389,10442,0,0,52541,3277,1065,997,342,7,0,0,0,0,28528,9256,3925,0,0,0,0,0
483,5159,484.05967008062413,99938,490,260,44,16,14033,7092,0.21138105625487802,265,155,33521,27428,6563,2652,9116,19488,23621,10623,0,0,52175,3294,1092,996,350,7,0,0,0,0,28846,9193,3985,0,0,0,0,0
484,5159,485.18437755821213,99938,481,247,44,16,14108,7124,0.2124517200664412,282,161,33351,27285,6582,2657,9259,19633,23851,10805,0,0,51770,3348,1139,1010,360,7,0,0,0,0,29147,9117,4040,0,0,0,0,0
485,5159,486.3147637019729,99938,485,262,44,16,14187,7174,0.21374252036262484,280,147,33212,27149,6592,2660,9386,19765,24080,10988,0,0,51378,3389,1189,1014,373,7,0,0,0,0,29447,9051,4090,0,0,0,0,0
486,5159,487.45012828362206,99937,500,265,45,16,14259,7214,0.21486536518006344,269,144,33092,27012,6571,2670,9522,19892,24308,11171,0,0,50983,3429,1229,1016,381,7,0,0,0,0,29759,8991,4142,0,0,0,0,0
487,5159,488.0188245533637,99937,512,253,45,16,14301,7229,0.21543572450643905,267,154,32944,26836,6545,2670,9686,20070,24535,11355,0,0,50625,3433,1273,1012,393,7,0,0,0,0,30069,8937,4188,0,0,0,0,0
488,5159,489.1631807441088,99935,503,245,46,17,14374,7262,0.21650072547155652,277,151,32782,26681,6571,2683,9820,20222,24761,11540,0,0,50226,3486,1314,1015,411,7,0,0,0,0,30366,8869,4241,0,0,0,0,0
489,5159,490.31300102999467,99935,525,242,46,17,14463,7303,0.21780157102116376,257,143,32627,26536,6582,2696,9962,20365,24985,11725,0,0,49831,3536,1358,1016,424,7,0,0,0,0,30664,8804,4295,0,0,0,0,0
490,5159,491.46842781288245,99934,509,242,47,17,14535,7341,0.21890447695479015,259,148,32478,26402,6602,2712,10104,20478,25208,11911,0,0,49424,3586,1408,1027,434,7,0,0,0,0,30966,8741,4341,0,0,0,0,0
491,5159,492.04743118815026,99934,511,250,47,17,14577,7360,0.21951487982068166,260,157,32313,26220,6603,2700,10265,20655,25430,12098,0,0,49056,3590,1441,1030,444,7,0,0,0,0,31297,8692,4377,0,0,0,0,0
492,5159,493.2139152149678,99934,501,250,47,17,14650,7405,0.22069565913502912,253,149,32181,26100,6614,2710,10403,20773,25650,12285,0,0,48662,3632,1506,1037,453,8,0,0,0,0,31581,8630,4425,0,0,0,0,0
493,5159,494.3857429628916,99934,485,251,47,17,14713,7443,0.2217063261752757,262,140,32022,25987,6636,2717,10547,20887,25869,12473,0,0,48243,3689,1547,1047,458,9,0,0,0,0,31900,8576,4465,0,0,0,0,0
494,5159,495.5632067741204,99934,457,258,47,17,14781,7490,0.22285708567654652,280,141,31838,25858,6688,2726,10689,20999,26087,12661,0,0,47821,3764,1583,1060,466,9,0,0,0,0,32208,8503,4520,0,0,0,0,0
495,5159,496.1535799421417,99934,464,273,47,17,14818,7515,0.22347749514679688,284,133,31689,25711,6672,2702,10843,21163,26303,12850,0,0,47487,3758,1619,1055,477,9,0,0,0,0,32511,8440,4578,0,0,0,0,0
496,5159,497.3436731842048,99934,479,257,47,17,14908,7547,0.22469830087857987,276,142,31545,25595,6679,2714,10973,21274,26518,13039,0,0,47096,3807,1675,1061,487,9,0,0,0,0,32796,8371,4632,0,0,0,0,0
497,5159,498.5389459345997,99934,480,243,47,17,14994,7586,0.22594912642343948,266,138,31406,25491,6698,2731,11102,21379,26731,13228,0,0,46699,3855,1736,1068,499,10,0,0,0,0,33078,8309,4680,0,0,0,0,0
498,5159,499.13803253312193,99934,483,244,47,17,15038,7607,0.22659955570676646,269,133,31237,25327,6697,2728,11266,21550,26943,13418,0,0,46331,3880,1764,1071,503,10,0,0,0,0,33393,8246,4736,0,0,0,0,0
499,5159,500.3450066379058,99934,497,246,47,17,15132,7645,0.2279204274821382,242,124,31112,25222,6710,2730,11391,21660,27154,13608,0,0,45942,3921,1819,1080,510,10,0,0,0,0,33682,8184,4786,0,0,0,0,0
500,5159,501.557390320707,99933,488,243,48,17,15207,7687,0.22909349264006884,233,121,30975,25116,6734,2737,11521,21765,27363,13798,0,0,45557,3959,1885,1084,527,10,0,0,0,0,33961,8125,4825,0,0,0,0,0
501,5159,502.1647625880265,99933,466,226,48,17,15232,7697,0.22944372729728918,246,134,30835,24975,6731,2738,11673,21909,27571,13988,0,0,45196,3991,1914,1084,538,10,0,0,0,0,34260,8055,4885,0,0,0,0,0
502,5159,503.3885075183637,99933,476,228,48,17,15318,7731,0.23064453183633035,239,131,30695,24878,6745,2725,11796,22020,27777,14178,0,0,44822,4021,1973,1087,551,10,0,0,0,0,34543,7999,4927,0,0,0,0,0
503,5159,504.0014151960108,99933,466,229,48,17,15342,7752,0.23109483353847077,244,129,30564,24741,6726,2712,11951,22171,27982,14369,0,0,44493,4025,2014,1083,563,10,0,0,0,0,34826,7932,4987,0,0,0,0,0
504,5159,505.23628114869916,99933,457,224,48,17,15431,7787,0.23233566489547997,230,128,30423,24638,6761,2724,12080,22268,28185,14560,0,0,44101,4077,2071,1095,573,11,0,0,0,0,35105,7865,5035,0,0,0,0,0
505,5159,506.4767253819426,99933,437,223,48,17,15504,7817,0.23336635545815695,228,137,30284,24540,6796,2725,12206,22357,28387,14751,0,0,43718,4120,2123,1107,582,11,0,0,0,0,35386,7799,5087,0,0,0,0,0
506,5159,507.0984713607018,99933,435,220,48,17,15540,7836,0.2339167242052175,229,133,30132,24398,6780,2729,12375,22502,28587,14942,0,0,43377,4127,2170,1104,590,11,0,0,0,0,35672,7745,5137,0,0,0,0,0
507,5159,508.3512663476928,99933,435,219,48,17,15611,7875,0.23501746169933857,223,128,30006,24276,6785,2731,12502,22628,28786,15133,0,0,43001,4168,2220,1110,600,12,0,0,0,0,35955,7684,5183,0,0,0,0,0
508,5159,509.6098015636663,99933,442,232,48,17,15682,7932,0.2362983198743158,222,119,29892,24177,6772,2745,12623,22709,28983,15323,0,0,42654,4202,2275,1113,613,12,0,0,0,0,36210,7607,5247,0,0,0,0,0
509,5159,510.2400039168114,99933,450,233,48,17,15729,7948,0.2369287422573124,215,117,29749,24045,6760,2737,12777,22850,29179,15513,0,0,42318,4209,2312,1107,626,13,0,0,0,0,36501,7556,5291,0,0,0,0,0
510,5159,511.5091110745878,99933,457,230,48,17,15813,7979,0.2380795132738935,212,119,29632,23965,6766,2745,12884,22923,29373,15703,0,0,41954,4248,2365,1108,642,13,0,0,0,0,36772,7495,5336,0,0,0,0,0
511,5159,512.1448106474672,99933,450,232,48,17,15844,7996,0.23855983508950998,209,117,29493,23827,6756,2741,13043,23065,29566,15893,0,0,41620,4258,2398,1106,653,13,0,0,0,0,37062,7438,5385,0,0,0,0,0
512,5159,513.42502370882,99933,432,212,48,17,15909,8026,0.2395104720162509,215,120,29364,23736,6772,2761,13168,23153,29757,16083,0,0,41255,4294,2463,1112,669,14,0,0,0,0,37320,7378,5428,0,0,0,0,0
513,5159,514.0665026699583,99933,409,204,48,17,15931,8044,0.23991074019593128,223,115,29239,23615,6757,2769,13323,23279,29947,16272,0,0,40915,4309,2513,1110,673,16,0,0,0,0,37593,7328,5476,0,0,0,0,0
514,5159,515.3586694421764,99933,407,196,48,17,16006,8083,0.24105150450802038,221,112,29131,23552,6767,2785,13425,23337,30135,16461,0,0,40558,4341,2583,1116,682,17,0,0,0,0,37842,7271,5523,0,0,0,0,0
515,5159,516.0057872044038,99933,412,193,48,17,16040,8103,0.2415918665505889,215,105,28999,23420,6737,2791,13588,23473,30321,16650,0,0,40227,4352,2616,1116,688,18,0,0,0,0,38128,7217,5571,0,0,0,0,0
516,5159,517.3088023372455,99933,412,196,48,17,16120,8136,0.242722624158186,190,102,28886,23339,6757,2795,13706,23550,30506,16838,0,0,39875,4377,2676,1120,702,19,0,0,0,0,38391,7166,5607,0,0,0,0,0
517,5159,518.6171375835211,99933,404,198,48,17,16184,8171,0.24371328790289493,197,94,28782,23279,6756,2794,13812,23617,30689,17026,0,0,39538,4397,2738,1122,718,19,0,0,0,0,38641,7110,5650,0,0,0,0,0
518,5159,519.2719578421886,99932,399,195,48,18,16210,8195,0.24421606692550935,201,84,28647,23176,6744,2789,13960,23737,30871,17214,0,0,39223,4397,2782,1120,730,19,0,0,0,0,38908,7057,5696,0,0,0,0,0
519,5159,520.5913457164005,99932,384,191,48,18,16275,8225,0.24516671336508827,205,77,28555,23115,6749,2791,14058,23807,31051,17401,0,0,38883,4424,2841,1124,749,19,0,0,0,0,39157,6999,5736,0,0,0,0,0
520,5159,521.2520635894406,99932,388,188,48,18,16307,8235,0.24558699915942842,207,90,28430,23006,6722,2776,14204,23921,31230,17588,0,0,38588,4408,2888,1119,759,21,0,0,0,0,39419,6950,5780,0,0,0,0,0
521,5159,522.5819643994802,99932,398,183,48,18,16377,8263,0.24656766601288876,201,93,28338,22940,6703,2785,14311,23980,31407,17774,0,0,38265,4435,2932,1124,772,21,0,0,0,0,39667,6878,5838,0,0,0,0,0
522,5159,523.2477807097624,99932,397,178,48,18,16423,8275,0.24714806068126327,178,92,28209,22835,6701,2780,14466,24096,31583,17960,0,0,37950,4446,2975,1123,781,21,0,0,0,0,39926,6821,5889,0,0,0,0,0
523,5159,524.5880658363591,99930,363,179,49,19,16475,8312,0.24804363054137896,180,82,28135,22769,6703,2789,14569,24161,31757,18145,0,0,37624,4472,3038,1120,808,21,0,0,0,0,40156,6763,5928,0,0,0,0,0
524,5159,525.2591445315948,99930,360,179,49,19,16507,8327,0.2485139597718403,181,81,28017,22682,6680,2774,14712,24264,31930,18329,0,0,37319,4469,3082,1121,815,21,0,0,0,0,40419,6713,5971,0,0,0,0,0
525,5159,526.609561033087,99930,363,177,49,19,16584,8359,0.24960472330631442,153,80,27942,22645,6676,2787,14816,24291,32101,18513,0,0,36988,4498,3142,1121,830,22,0,0,0,0,40659,6660,6010,0,0,0,0,0
526,5159,527.285596157441,99930,356,179,49,19,16604,8374,0.24995496847793455,156,76,27842,22544,6643,2775,14953,24406,32271,18696,0,0,36695,4495,3180,1114,841,22,0,0,0,0,40916,6610,6057,0,0,0,0,0
527,5159,528.6453251535202,99930,336,169,49,19,16656,8402,0.25075552887020913,171,81,27747,22500,6649,2787,15047,24443,32439,18878,0,0,36371,4522,3243,1115,854,24,0,0,0,0,41147,6557,6097,0,0,0,0,0
528,5159,529.325895916333,99929,346,165,50,19,16692,8421,0.25130842898457906,165,74,27626,22407,6620,2788,15192,24546,32606,19060,0,0,36092,4502,3302,1115,860,25,0,0,0,0,41384,6507,6142,0,0,0,0,0
529,5159,530.0094124254014,99929,331,165,50,19,16729,8434,0.25180878423680814,158,71,27517,22317,6622,2774,15321,24653,32771,19241,0,0,35796,4507,3353,1113,869,25,0,0,0,0,41622,6454,6190,0,0,0,0,0
530,5159,531.3853146571566,99928,330,158,51,19,16787,8458,0.2526318949643743,168,72,27423,22259,6607,2776,15420,24715,32935,19421,0,0,35480,4517,3417,1114,879,25,0,0,0,0,41859,6414,6223,0,0,0,0,0
531,5159,532.0741555297772,99927,316,152,52,19,16819,8473,0.25310476647953006,159,70,27324,22170,6594,2779,15554,24809,33097,19600,0,0,35193,4519,3467,1110,891,26,0,0,0,0,42088,6362,6271,0,0,0,0,0
532,5159,533.4602940364832,99927,325,150,52,19,16870,8496,0.25384530707416414,168,80,27229,22153,6573,2769,15652,24828,33258,19779,0,0,34890,4527,3509,1111,902,27,0,0,0,0,42337,6317,6307,0,0,0,0,0
533,5159,534.1540904866665,99927,332,153,52,19,16904,8512,0.2543456723408088,151,75,27120,22085,6556,2748,15788,24919,33417,19957,0,0,34609,4515,3550,1103,916,28,0,0,0,0,42586,6281,6339,0,0,0,0,0
534,5159,535.5503508258106,99927,320,155,52,19,16961,8541,0.2552063005994376,149,66,27044,22049,6546,2748,15888,24962,33575,20134,0,0,34310,4517,3615,1104,937,29,0,0,0,0,42815,6240,6360,0,0,0,0,0
535,5159,536.2490700998655,99927,323,149,52,19,16985,8552,0.25555655628608887,148,67,26937,21968,6525,2738,16014,25058,33731,20310,0,0,34051,4515,3644,1104,946,29,0,0,0,0,43045,6169,6424,0,0,0,0,0
536,5159,537.6551751819139,99927,312,126,52,19,17034,8566,0.2561870165220611,145,83,26871,21940,6523,2742,16096,25089,33886,20485,0,0,33745,4530,3702,1109,959,29,0,0,0,0,43272,6125,6456,0,0,0,0,0
537,5159,538.3587814753892,99927,304,122,52,19,17057,8577,0.25652726490337946,145,81,26759,21883,6508,2726,16231,25168,34039,20659,0,0,33480,4517,3747,1105,970,29,0,0,0,0,43499,6079,6501,0,0,0,0,0
538,5159,539.0651131535951,99927,287,130,52,19,17089,8596,0.257037637475357,133,70,26662,21808,6505,2720,16360,25252,34191,20832,0,0,33206,4515,3798,1108,976,30,0,0,0,0,43723,6028,6543,0,0,0,0,0
539,5159,540.4866617994523,99927,264,118,52,19,17136,8616,0.2577081269326608,124,65,26603,21802,6510,2731,16446,25264,34341,21004,0,0,32913,4523,3861,1114,992,31,0,0,0,0,43939,5984,6570,0,0,0,0,0
540,5159,541.1980102667077,99927,250,118,52,19,17153,8623,0.2579483022606503,133,65,26505,21750,6483,2708,16576,25339,34490,21175,0,0,32661,4514,3899,1110,1001,32,0,0,0,0,44160,5929,6621,0,0,0,0,0
541,5159,542.6288075863633,99927,247,124,52,19,17210,8644,0.25872887207661593,115,56,26435,21752,6486,2689,16664,25359,34637,21345,0,0,32386,4517,3955,1114,1010,32,0,0,0,0,44373,5880,6660,0,0,0,0,0
542,5159,543.3447743014063,99927,240,123,52,19,17225,8653,0.25896904740460536,129,56,26357,21666,6452,2681,16769,25454,34783,21514,0,0,32130,4513,3986,1106,1022,32,0,0,0,0,44601,5833,6704,0,0,0,0,0
543,5159,544.0635658716908,99927,230,125,52,19,17244,8667,0.2592992884805908,130,51,26257,21588,6433,2675,16897,25541,34928,21682,0,0,31872,4504,4030,1104,1028,32,0,0,0,0,44822,5789,6746,0,0,0,0,0
544,5159,545.5081722295757,99927,228,115,52,19,17290,8687,0.25995977063256176,125,51,26229,21600,6411,2668,16954,25546,35071,21849,0,0,31614,4504,4096,1102,1040,32,0,0,0,0,45012,5739,6788,0,0,0,0,0
545,5159,546.2305681591953,99927,233,112,52,19,17306,8695,0.2601999459605512,124,49,26136,21545,6385,2655,17069,25619,35213,22015,0,0,31369,4487,4131,1094,1051,32,0,0,0,0,45238,5701,6824,0,0,0,0,0
546,5159,547.682294492556,99927,242,104,52,19,17365,8706,0.2609004573338537,101,57,26093,21532,6361,2641,17150,25646,35353,22180,0,0,31105,4491,4185,1093,1059,33,0,0,0,0,45441,5658,6862,0,0,0,0,0
547,5159,548.408076641382,99927,240,100,52,19,17380,8710,0.26109059613517865,113,60,26008,21487,6333,2618,17253,25715,35492,22344,0,0,30876,4464,4227,1088,1070,33,0,0,0,0,45651,5616,6902,0,0,0,0,0
548,5159,549.1365180238696,99927,234,105,52,19,17399,8725,0.26143084451649706,107,49,25927,21447,6306,2606,17373,25773,35630,22507,0,0,30633,4450,4268,1083,1080,33,0,0,0,0,45865,5576,6939,0,0,0,0,0
549,5159,550.6004406993794,99926,227,101,52,20,17438,8746,0.26203390508976643,102,40,25885,21463,6291,2605,17442,25770,35766,22669,0,0,30372,4450,4323,1085,1089,33,0,0,0,0,46066,5537,6971,0,0,0,0,0
550,5159,551.3324494927092,99926,218,99,52,20,17453,8754,0.2622640754158077,106,42,25795,21400,6265,2594,17563,25844,35901,22830,0,0,30138,4432,4370,1076,1103,33,0,0,0,0,46271,5502,7001,0,0,0,0,0
551,5159,552.0669205846029,99926,224,93,52,20,17480,8763,0.2626243420130897,98,42,25721,21342,6223,2587,17681,25915,36035,22990,0,0,29910,4413,4419,1074,1111,33,0,0,0,0,46469,5457,7040,0,0,0,0,0
552,5159,553.5432473876909,99926,211,86,52,20,17506,8781,0.2630646678542121,102,42,25705,21364,6196,2588,17733,25899,36167,23149,0,0,29674,4406,4470,1072,1128,34,0,0,0,0,46657,5412,7073,0,0,0,0,0
553,5159,554.2811959460504,99926,214,91,52,20,17532,8791,0.2634249344514941,93,41,25619,21325,6179,2565,17842,25957,36298,23307,0,0,29449,4388,4514,1066,1136,34,0,0,0,0,46856,5372,7111,0,0,0,0,0
554,5159,555.0210013893587,99926,209,92,52,20,17546,8801,0.2636651121830154,94,42,25552,21282,6154,2551,17938,26012,36428,23463,0,0,29219,4377,4548,1060,1145,34,0,0,0,0,47061,5333,7149,0,0,0,0,0
555,5159,556.5076068688858,99926,190,85,52,20,17576,8814,0.2640954306186578,99,44,25534,21294,6139,2552,17985,26004,36556,23618,0,0,28971,4386,4593,1057,1158,35,0,0,0,0,47252,5292,7182,0,0,0,0,0
556,5159,557.2506461292043,99926,190,81,52,20,17600,8821,0.2644056601885395,82,45,25462,21240,6127,2546,18086,26067,36683,23772,0,0,28743,4371,4629,1059,1166,35,0,0,0,0,47456,5251,7216,0,0,0,0,0
557,5159,558.7428012772601,99926,188,74,52,20,17631,8832,0.26482597121870183,83,48,25432,21236,6104,2547,18140,26074,36809,23925,0,0,28520,4364,4668,1062,1176,36,0,0,0,0,47643,5199,7258,0,0,0,0,0
558,5159,559.4885080990065,99926,187,71,52,20,17654,8841,0.2651462081940636,71,44,25374,21193,6084,2543,18231,26128,36934,24077,0,0,28293,4347,4713,1064,1182,36,0,0,0,0,47842,5164,7285,0,0,0,0,0
559,5159,560.2366179758382,99926,176,73,52,20,17666,8851,0.2653663711146248,72,38,25303,21156,6068,2524,18328,26188,37057,24228,0,0,28086,4320,4766,1058,1190,37,0,0,0,0,48022,5130,7317,0,0,0,0,0
560,5159,561.738695660341,99926,167,78,52,20,17693,8871,0.26583671917218743,71,28,25275,21185,6043,2511,18391,26177,37179,24378,0,0,27858,4311,4819,1054,1201,37,0,0,0,0,48206,5099,7341,0,0,0,0,0
561,5159,562.4893887376846,99926,156,71,52,20,17704,8877,0.2660068450653484,71,27,25220,21146,6020,2510,18480,26225,37300,24526,0,0,27646,4293,4859,1053,1209,38,0,0,0,0,48392,5061,7375,0,0,0,0,0
562,5159,563.2424498071761,99926,147,69,52,20,17711,8883,0.26613694133658905,73,28,25165,21126,5984,2495,18578,26261,37420,24673,0,0,27446,4260,4911,1052,1214,38,0,0,0,0,48572,5028,7405,0,0,0,0,0
563,5159,564.7538216964267,99926,133,69,52,20,17732,8898,0.26649720793387105,73,22,25191,21141,5944,2489,18606,26258,37538,24819,0,0,27232,4251,4956,1054,1223,38,0,0,0,0,48747,4985,7440,0,0,0,0,0
564,5159,565.5084550736937,99926,121,68,52,20,17740,8901,0.2666072893941517,76,24,25133,21099,5914,2482,18703,26306,37655,24964,0,0,27019,4245,4980,1047,1233,38,0,0,0,0,48940,4948,7476,0,0,0,0,0
565,5159,566.2643489690071,99926,123,61,52,20,17754,8903,0.26676740788183256,71,27,25062,21063,5877,2474,18814,26354,37771,25108,0,0,26819,4229,5015,1042,1240,38,0,0,0,0,49121,4909,7513,0,0,0,0,0
566,5159,567.022066002387,99926,120,59,52,20,17764,8906,0.2668975041530733,69,33,25013,21028,5834,2465,18911,26394,37886,25251,0,0,26628,4207,5049,1032,1254,38,0,0,0,0,49298,4874,7546,0,0,0,0,0
567,5159,568.5433989330444,99926,123,64,52,20,17793,8920,0.2673278225887156,57,26,25003,21061,5813,2451,18951,26377,38000,25392,0,0,26410,4202,5076,1026,1267,39,0,0,0,0,49490,4848,7568,0,0,0,0,0
568,5159,569.3031388570888,99926,130,60,52,20,17811,8925,0.2675579929147569,47,25,24934,21041,5790,2441,19046,26412,38112,25532,0,0,26212,4182,5109,1022,1275,39,0,0,0,0,49672,4818,7597,0,0,0,0,0
569,5159,570.0649301298521,99926,127,54,52,20,17822,8929,0.26770810399695777,46,24,24875,21022,5763,2434,19136,26445,38223,25671,0,0,26015,4166,5148,1010,1287,39,0,0,0,0,49846,4792,7623,0,0,0,0,0
570,5159,571.5946745287794,99926,123,50,52,20,17842,8942,0.26803834837779955,40,21,24864,21070,5737,2431,19183,26407,38333,25809,0,0,25818,4152,5196,1009,1294,39,0,0,0,0,50008,4756,7654,0,0,0,0,0
571,5159,572.3586665017339,99926,118,52,52,20,17850,8947,0.26816844464904027,44,20,24796,21038,5713,2414,19276,26455,38442,25946,0,0,25630,4127,5231,1006,1302,39,0,0,0,0,50185,4726,7680,0,0,0,0,0
572,5159,573.1249142961535,99926,118,53,52,20,17850,8948,0.26817845205452034,44,19,24690,20944,5684,2401,19411,26562,38550,26081,0,0,25456,4096,5262,1000,1308,39,0,0,0,0,50359,4694,7712,0,0,0,0,0
573,5159,574.0243449821209,99926,109,43,52,20,17862,8954,0.2683585853531613,46,22,24711,21006,5653,2394,19428,26514,38657,26215,0,0,25264,4085,5303,997,1316,40,0,0,0,0,50520,4660,7741,0,0,0,0,0
574,5159,575.4700650532361,99926,101,41,52,20,17882,8961,0.26862878530112283,35,23,24728,21054,5624,2382,19459,26479,38763,26348,0,0,25075,4069,5344,999,1322,40,0,0,0,0,50680,4624,7773,0,0,0,0,0
575,5159,576.239250600932,99925,92,43,53,20,17888,8964,0.2687215411558669,32,23,24676,21042,5603,2371,19543,26500,38868,26480,0,0,24897,4048,5372,994,1333,40,0,0,0,0,50849,4590,7802,0,0,0,0,0
576,5159,577.0099679179955,99925,92,39,53,20,17895,8967,0.2688216162121591,30,22,24631,21029,5570,2366,19623,26523,38972,26611,0,0,24718,4033,5401,985,1342,40,0,0,0,0,51014,4558,7834,0,0,0,0,0
577,5159,578.5562594424554,99925,81,45,53,20,17905,8980,0.2690517888416312,41,21,24644,21106,5542,2349,19638,26458,39074,26741,0,0,24528,4029,5426,981,1350,41,0,0,0,0,51182,4524,7864,0,0,0,0,0
578,5159,579.3283426821275,99925,84,47,53,20,17917,8983,0.26920190142606953,35,20,24600,21091,5505,2338,19722,26483,39175,26869,0,0,24362,4007,5456,979,1354,41,0,0,0,0,51340,4485,7901,0,0,0,0,0
579,5159,580.1017914537008,99925,83,48,53,20,17917,8984,0.2692119089316988,37,19,24505,21010,5481,2332,19840,26570,39275,26996,0,0,24193,3982,5480,974,1360,41,0,0,0,0,51509,4457,7929,0,0,0,0,0
580,5159,581.30498370362,99925,74,46,53,20,17932,8991,0.26943207405554165,34,17,24489,21055,5462,2321,19887,26540,39374,27122,0,0,24007,3970,5518,974,1365,41,0,0,0,0,51667,4430,7953,0,0,0,0,0
581,5159,582.3985484596017,99925,70,46,53,20,17936,8995,0.26951213410057545,38,15,24456,21047,5430,2305,19952,26566,39472,27247,0,0,23841,3938,5555,971,1371,41,0,0,0,0,51825,4407,7976,0,0,0,0,0
582,5159,583.5763262436908,99925,62,42,53,20,17943,8999,0.26962221666249686,43,15,24481,21084,5390,2292,19970,26546,39569,27371,0,0,23675,3919,5590,971,1376,41,0,0,0,0,51973,4371,8009,0,0,0,0,0
583,5159,584.1310286508797,99925,69,42,53,20,17952,9001,0.2697322992244183,36,15,24427,21036,5359,2280,20055,26606,39665,27494,0,0,23520,3890,5623,967,1380,41,0,0,0,0,52124,4340,8040,0,0,0,0,0
584,5159,585.3614222313098,99925,62,42,53,20,17963,9004,0.2698724043032274,36,18,24424,21072,5334,2264,20090,26583,39760,27615,0,0,23353,3866,5654,968,1387,42,0,0,0,0,52280,4314,8061,0,0,0,0,0
585,5159,586.0759230438055,99925,63,39,53,20,17971,9008,0.2699924943707781,29,18,24402,21077,5302,2252,20150,26593,39854,27735,0,0,23184,3851,5679,968,1389,42,0,0,0,0,52437,4284,8091,0,0,0,0,0
586,5159,587.0463631589838,99925,65,34,53,20,17976,9011,0.27007255441581185,29,18,24379,21067,5265,2244,20208,26616,39947,27854,0,0,23023,3832,5707,963,1396,42,0,0,0,0,52589,4257,8116,0,0,0,0,0
587,5159,588.0889774585382,99924,57,26,53,21,17990,9018,0.2702854169168568,23,15,24423,21134,5240,2238,20203,26565,40039,27972,0,0,22857,3821,5745,957,1408,42,0,0,0,0,52724,4230,8140,0,0,0,0,0
588,5159,589.0656387419688,99924,55,26,53,21,17996,9021,0.27037548536888034,21,14,24368,21097,5219,2226,20283,26615,40130,28089,0,0,22704,3795,5777,957,1413,42,0,0,0,0,52871,4201,8164,0,0,0,0,0
589,5159,590.0943265735319,99924,47,23,53,21,18006,9024,0.27050558424402543,17,15,24395,21163,5195,2208,20292,26569,40220,28205,0,0,22554,3779,5814,949,1424,42,0,0,0,0,53000,4169,8193,0,0,0,0,0
590,5159,591.0905533541372,99924,47,22,53,21,18009,9024,0.27053560706136665,14,17,24321,21106,5174,2197,20390,26636,40310,28320,0,0,22404,3759,5837,947,1427,42,0,0,0,0,53147,4136,8225,0,0,0,0,0
591,5159,592.0364135423825,99924,40,23,53,21,18010,9026,0.2705656298787078,18,19,24316,21131,5137,2181,20435,26624,40399,28433,0,0,22260,3736,5865,941,1434,43,0,0,0,0,53285,4107,8253,0,0,0,0,0
592,5159,593.2050118247226,99924,45,26,53,21,18019,9034,0.2707357591769745,11,11,24321,21157,5104,2169,20465,26615,40487,28545,0,0,22112,3710,5894,941,1439,43,0,0,0,0,53429,4081,8275,0,0,0,0,0
593,5159,594.0291611098629,99924,45,22,53,21,18023,9036,0.2707958048116569,13,9,24310,21152,5069,2160,20509,26635,40574,28656,0,0,21971,3690,5920,937,1446,43,0,0,0,0,53563,4048,8306,0,0,0,0,0
594,5159,595.124925373665,99924,45,23,53,21,18030,9039,0.2708958808694608,15,12,24336,21189,5020,2152,20530,26602,40660,28766,0,0,21824,3675,5941,929,1454,44,0,0,0,0,53703,4022,8332,0,0,0,0,0
595,5159,596.0389117382402,99924,46,22,53,21,18034,9040,0.2709459188983628,15,13,24311,21178,4988,2145,20586,26620,40745,28875,0,0,21678,3655,5964,924,1459,46,0,0,0,0,53846,4001,8351,0,0,0,0,0
596,5159,597.4915924122746,99924,42,22,53,21,18037,9044,0.2710159721388255,18,11,24331,21237,4942,2132,20613,26576,40829,28983,0,0,21527,3642,5986,925,1458,47,0,0,0,0,53987,3973,8379,0,0,0,0,0
597,5159,598.1508661234121,99924,40,23,53,21,18041,9048,0.2710960329850686,19,7,24302,21236,4915,2118,20670,26594,40912,29090,0,0,21393,3619,6016,918,1466,47,0,0,0,0,54113,3947,8405,0,0,0,0,0
598,5159,599.3519921779841,99924,39,21,53,21,18048,9050,0.2711861014370922,17,6,24328,21292,4874,2104,20688,26555,40994,29196,0,0,21263,3596,6048,915,1470,48,0,0,0,0,54233,3916,8435,0,0,0,0,0
599,5159,600.1816857958706,99924,43,18,53,21,18053,9050,0.2712361394659942,14,7,24319,21301,4841,2096,20729,26556,41075,29301,0,0,21128,3576,6071,906,1480,48,0,0,0,0,54365,3894,8456,0,0,0,0,0
600,5159,601.0885830477295,99924,40,16,53,21,18056,9050,0.27126616228333533,17,7,24283,21311,4820,2082,20786,26562,41156,29405,0,0,20989,3563,6089,901,1487,48,0,0,0,0,54498,3866,8483,0,0,0,0,0
601,5159,602.1071205272497,99924,37,16,53,21,18060,9052,0.2713262079180177,15,6,24285,21326,4799,2071,20810,26559,41236,29508,0,0,20849,3542,6116,898,1492,48,0,0,0,0,54631,3847,8501,0,0,0,0,0
602,5159,603.7058243310021,99924,33,14,53,21,18062,9054,0.27136623834113927,19,7,24339,21420,4757,2056,20798,26481,41315,29610,0,0,20708,3527,6139,892,1499,48,0,0,0,0,54763,3828,8520,0,0,0,0,0
603,5159,604.0237002034636,99924,32,12,53,21,18063,9054,0.27137624594691967,19,8,24312,21418,4733,2039,20850,26501,41393,29711,0,0,20579,3509,6161,886,1505,48,0,0,0,0,54888,3802,8546,0,0,0,0,0
604,5159,605.0422369181899,99923,32,10,54,21,18067,9055,0.2714290003302543,14,7,24282,21407,4712,2037,20905,26517,41470,29811,0,0,20439,3490,6186,885,1505,49,0,0,0,0,55021,3785,8563,0,0,0,0,0
605,5159,606.017991127562,99923,28,9,54,21,18069,9056,0.271459023448055,14,6,24290,21430,4677,2028,20936,26505,41547,29910,0,0,20312,3474,6207,878,1514,49,0,0,0,0,55142,3759,8588,0,0,0,0,0
606,5159,607.2614579172499,99923,24,9,54,21,18072,9057,0.2714990542717893,12,7,24280,21457,4654,2019,20975,26486,41623,30007,0,0,20179,3458,6229,875,1518,49,0,0,0,0,55268,3738,8609,0,0,0,0,0
607,5159,608.105927459974,99923,23,7,54,21,18075,9057,0.27152907738959,9,10,24269,21469,4630,2009,21014,26483,41698,30103,0,0,20043,3443,6250,870,1523,49,0,0,0,0,55398,3723,8624,0,0,0,0,0
608,5159,609.0433133624915,99923,17,9,54,21,18075,9059,0.2715490928014571,11,9,24286,21490,4592,2001,21039,26469,41772,30198,0,0,19914,3426,6269,868,1526,50,0,0,0,0,55523,3703,8644,0,0,0,0,0
609,5159,610.0190330066084,99923,17,9,54,21,18080,9062,0.27162915444892566,7,7,24336,21552,4558,1991,21027,26419,41845,30292,0,0,19792,3405,6297,861,1534,50,0,0,0,0,55638,3686,8660,0,0,0,0,0
610,5159,611.0449315309452,99923,19,9,54,21,18083,9064,0.2716791929785935,5,5,24307,21526,4532,1985,21082,26453,41918,30386,0,0,19667,3389,6315,856,1540,50,0,0,0,0,55761,3665,8680,0,0,0,0,0
611,5159,612.027704396911,99923,21,12,54,21,18087,9067,0.2717492469201285,3,2,24336,21555,4498,1968,21087,26441,41990,30479,0,0,19550,3372,6333,849,1548,50,0,0,0,0,55877,3641,8703,0,0,0,0,0
612,5159,613.2676761120866,99923,18,11,54,21,18087,9069,0.2717692623319956,7,1,24397,21620,4460,1955,21063,26391,42061,30571,0,0,19437,3353,6355,845,1553,50,0,0,0,0,55986,3613,8731,0,0,0,0,0
613,5159,614.2930531914392,99923,18,9,54,21,18088,9069,0.27177927003792923,7,1,24365,21616,4441,1946,21114,26406,42131,30662,0,0,19324,3334,6377,839,1558,51,0,0,0,0,56096,3591,8753,0,0,0,0,0
614,5159,615.3305682867182,99923,15,9,54,21,18089,9070,0.27179928544979637,9,1,24373,21664,4415,1938,21133,26366,42201,30752,0,0,19200,3312,6403,837,1560,52,0,0,0,0,56216,3580,8763,0,0,0,0,0
615,5159,616.7721590032896,99923,13,9,54,21,18089,9071,0.27180929315572994,11,1,24434,21759,4372,1922,21115,26287,42270,30841,0,0,19085,3294,6423,833,1565,52,0,0,0,0,56329,3559,8783,0,0,0,0,0
616,5159,617.3335749259402,99923,15,8,54,21,18091,9071,0.27182930856759707,10,1,24419,21755,4341,1912,21160,26302,42338,30929,0,0,18978,3275,6441,829,1570,52,0,0,0,0,56436,3533,8809,0,0,0,0,0
617,5159,618.0194064426707,99923,13,8,54,21,18092,9071,0.27183931627353064,10,1,24431,21801,4315,1896,21176,26272,42406,31016,0,0,18871,3257,6462,826,1572,53,0,0,0,0,56540,3507,8835,0,0,0,0,0
618,5159,619.0099313587036,99923,14,7,54,21,18093,9071,0.2718493239794642,9,1,24403,21800,4290,1886,21229,26284,42473,31102,0,0,18767,3233,6487,824,1574,53,0,0,0,0,56643,3484,8858,0,0,0,0,0
619,5159,620.0896152432983,99923,14,7,54,21,18096,9071,0.2718793470972649,8,2,24424,21841,4257,1876,21242,26252,42539,31187,0,0,18654,3221,6502,820,1577,54,0,0,0,0,56753,3463,8879,0,0,0,0,0
620,5159,621.3201342565197,99923,14,6,54,21,18099,9071,0.2719093702150656,7,2,24449,21885,4234,1859,21241,26226,42605,31271,0,0,18535,3204,6522,816,1581,54,0,0,0,0,56869,3452,8890,0,0,0,0,0
621,5159,622.0449033311344,99923,13,4,54,21,18100,9071,0.2719193779209992,8,3,24503,21964,4191,1846,21230,26161,42670,31354,0,0,18430,3185,6540,810,1590,54,0,0,0,0,56973,3434,8907,0,0,0,0,0
622,5159,623.4059048588618,99923,12,5,54,21,18101,9072,0.2719393933328663,13,2,24566,22035,4154,1831,21200,26105,42734,31436,0,0,18326,3167,6560,806,1593,55,0,0,0,0,57075,3415,8926,0,0,0,0,0
623,5159,624.0911359189912,99923,13,5,54,21,18102,9072,0.2719494010387999,12,2,24505,21974,4136,1830,21279,26167,42798,31517,0,0,18216,3152,6575,803,1596,55,0,0,0,0,57185,3398,8943,0,0,0,0,0
624,5159,625.3172397475753,99923,15,5,54,21,18107,9073,0.2720094472744013,9,2,24527,22039,4110,1824,21284,26108,42861,31598,0,0,18112,3133,6594,799,1602,55,0,0,0,0,57288,3380,8960,0,0,0,0,0
625,5159,626.652093449693,99923,16,4,54,21,18111,9073,0.27204947809813557,7,3,24560,22093,4080,1813,21282,26065,42923,31678,0,0,18005,3120,6611,794,1606,56,0,0,0,0,57391,3364,8976,0,0,0,0,0
626,5159,627.4139562256663,99923,17,3,54,21,18113,9073,0.2720694935100027,6,4,24569,22127,4057,1794,21296,26050,42985,31757,0,0,17905,3102,6631,790,1610,56,0,0,0,0,57489,3345,8995,0,0,0,0,0
627,5159,628.0404401044333,99923,17,2,54,21,18114,9073,0.27207950121593627,7,5,24602,22193,4026,1784,21293,25994,43046,31835,0,0,17801,3088,6646,787,1614,56,0,0,0,0,57592,3327,9012,0,0,0,0,0
628,5159,629.068046467079,99923,16,2,54,21,18115,9073,0.27208950892186984,7,5,24585,22188,4008,1774,21329,26009,43106,31912,0,0,17697,3075,6661,783,1618,56,0,0,0,0,57694,3311,9028,0,0,0,0,0
629,5159,630.3309992623633,99923,20,6,54,21,18122,9077,0.2721995936871391,27,30,24613,22250,3980,1755,21305,25937,43166,31988,0,0,17592,3062,6675,783,1619,56,0,0,0,0,57797,3293,9046,0,0,0,0,0
630,5159,631.1045627754623,99923,23,15,54,21,18126,9086,0.27232969386427547,26,23,24618,22266,3963,1743,21315,25931,43225,32064,0,0,17499,3036,6701,779,1622,57,0,0,0,1,57889,3282,9057,0,0,0,0,0
631,5159,632.152483639919,99923,25,16,54,21,18133,9090,0.27243977862954477,25,21,24640,22311,3950,1736,21305,25894,43284,32139,0,0,17397,3021,6714,774,1630,57,1,0,0,5,57986,3269,9069,0,0,0,0,0
632,5159,633.0247414487786,99923,30,19,54,21,18142,9094,0.27256987880668115,17,17,24624,22301,3929,1729,21345,25912,43342,32213,0,0,17298,3004,6731,771,1634,57,3,0,0,7,58081,3254,9083,0,0,0,0,0
633,5159,634.0296331510875,99923,33,22,54,21,18151,9100,0.2727199943956847,16,15,24644,22350,3910,1725,21342,25866,43399,32286,0,0,17196,2989,6743,771,1638,57,4,0,0,11,58178,3240,9096,0,0,0,0,0
634,5159,635.005639930965,99923,34,22,54,21,18156,9102,0.27279004833721965,20,16,24668,22381,3880,1715,21343,25844,43456,32358,0,0,17098,2974,6758,768,1642,57,5,0,0,15,58271,3226,9109,0,0,0,0,0
635,5159,636.0123406338007,99923,37,24,54,21,18164,9106,0.27291014080842246,23,16,24695,22420,3861,1707,21329,25811,43512,32430,0,0,17006,2961,6770,764,1648,57,6,0,0,19,58358,3206,9128,0,0,0,0,0
636,5159,637.2502668873236,99923,38,25,54,21,18173,9113,0.2730702641033596,26,16,24730,22460,3839,1702,21312,25775,43568,32501,0,0,16912,2944,6785,763,1655,57,10,0,0,23,58444,3187,9143,0,0,0,0,0
637,5159,638.0578569032102,99923,42,25,54,21,18179,9117,0.2731703411626953,24,15,24760,22497,3816,1695,21303,25746,43623,32571,0,0,16819,2930,6799,761,1658,58,10,0,0,26,58534,3171,9157,0,0,0,0,0
638,5159,639.3785435305658,99923,42,25,54,21,18186,9123,0.27330044133983167,32,14,24806,22582,3791,1686,21274,25671,43678,32640,0,0,16723,2918,6811,762,1658,58,12,0,0,36,58618,3152,9175,0,0,0,0,0
639,5159,640.0064483953112,99923,40,25,54,21,18187,9126,0.27334047216356594,36,17,24796,22583,3776,1681,21297,25672,43732,32708,0,0,16632,2905,6824,756,1665,58,12,0,0,41,58704,3140,9186,0,0,0,0,0
640,5159,641.0930220651103,99922,42,27,55,21,18198,9132,0.2735133404055163,37,15,24804,22616,3770,1675,21291,25645,43785,32776,0,0,16542,2893,6835,756,1667,58,13,0,0,50,58783,3120,9205,0,0,0,0,0
641,5159,642.2678405114749,99922,48,24,55,21,18209,9139,0.2736934809151138,39,11,24870,22680,3750,1681,21237,25582,43838,32843,0,0,16455,2881,6846,753,1673,58,14,0,0,61,58858,3101,9222,0,0,0,0,0
642,5159,643.1779678369157,99922,51,22,55,21,18221,9141,0.2738335902003563,39,12,24890,22729,3740,1675,21224,25540,43890,32909,0,0,16362,2868,6859,751,1679,58,17,0,0,67,58942,3088,9231,0,0,0,0,0
643,5159,644.2912366209398,99922,57,21,55,21,18234,9142,0.27397369948559874,38,16,24893,22750,3723,1666,21233,25525,43942,32975,0,0,16271,2854,6873,749,1681,58,20,0,0,73,59024,3074,9245,0,0,0,0,0
644,5159,645.0739733024622,99922,55,25,55,21,18238,9146,0.27405376193430875,40,17,24883,22760,3714,1660,21252,25516,43993,33040,0,0,16187,2841,6885,745,1687,59,20,0,0,76,59105,3060,9257,0,0,0,0,0
645,5159,646.2365903273242,99922,58,28,55,21,18249,9152,0.2742238946378175,43,17,24919,22830,3698,1651,21226,25452,44044,33104,0,0,16103,2828,6896,746,1691,59,21,0,0,81,59183,3040,9274,0,0,0,0,0
646,5159,647.04776073873,99922,55,25,55,21,18260,9155,0.27436400392306,45,24,24947,22897,3689,1645,21208,25387,44094,33167,0,0,16018,2814,6909,743,1699,60,23,0,0,92,59255,3027,9282,0,0,0,0,0
647,5159,648.1916430724949,99922,48,29,55,21,18266,9165,0.27452412882048,60,23,24989,22967,3677,1637,21170,25322,44144,33230,0,0,15943,2797,6925,738,1710,60,24,0,0,104,59317,3010,9294,0,0,0,0,0
648,5159,649.3338731943713,99922,46,27,55,21,18278,9170,0.27469426152398874,62,24,25008,23026,3667,1634,21161,25267,44193,33292,0,0,15852,2788,6930,738,1715,60,26,0,0,118,59392,2997,9306,0,0,0,0,0
649,5159,650.0947877760476,99922,55,30,55,21,18290,9175,0.2748643942274974,56,24,25023,23051,3647,1624,21163,25249,44242,33353,0,0,15776,2773,6945,737,1716,60,28,0,0,121,59463,2977,9326,0,0,0,0,0
650,5159,651.2352264538503,99922,64,31,55,21,18304,9181,0.2750645503492724,61,26,25053,23101,3630,1619,21136,25201,44290,33414,0,0,15699,2757,6961,734,1720,60,28,0,0,130,59531,2964,9338,0,0,0,0,0
651,5159,652.3739808874792,99922,62,35,55,21,18315,9188,0.27524469085886993,59,27,25079,23160,3621,1608,21123,25148,44338,33474,0,0,15615,2745,6973,730,1723,61,29,0,0,143,59601,2954,9348,0,0,0,0,0
652,5159,653.1325931398552,99922,70,32,55,21,18327,9191,0.27539480795020116,56,29,25083,23182,3605,1608,21130,25127,44385,33533,0,0,15529,2736,6981,727,1727,62,30,0,0,149,59680,2945,9356,0,0,0,0,0
653,5159,654.2698050635533,99922,79,35,55,21,18342,9195,0.2755849562658874,62,34,25128,23246,3582,1590,21093,25073,44432,33592,0,0,15463,2720,6997,724,1732,62,32,0,0,152,59741,2922,9377,0,0,0,0,0
654,5159,655.0268472335671,99922,89,39,55,21,18359,9203,0.2758351514181061,63,33,25134,23290,3573,1586,21085,25030,44478,33650,0,0,15382,2708,7008,724,1733,62,34,0,0,160,59812,2909,9390,0,0,0,0,0
655,5159,656.1613851078479,99922,95,39,55,21,18386,9212,0.2761954324373011,58,37,25159,23347,3574,1582,21058,24973,44524,33707,0,0,15307,2691,7025,718,1739,63,42,0,0,180,59859,2896,9402,0,0,0,0,0
656,5159,657.2948188268216,99922,86,44,55,21,18400,9221,0.27642561197734233,64,38,25183,23405,3577,1578,21034,24913,44570,33764,0,0,15223,2675,7039,717,1747,63,50,0,0,192,59923,2886,9407,0,0,0,0,0
657,5159,658.0497601403143,99922,89,48,55,21,18411,9231,0.27663577590520605,68,34,25188,23431,3562,1578,21037,24887,44615,33820,0,0,15150,2660,7054,713,1752,63,51,0,0,204,59983,2876,9416,0,0,0,0,0
658,5159,659.1820070614486,99922,92,42,55,21,18429,9236,0.2768659554452473,70,39,25212,23479,3546,1583,21024,24835,44660,33876,0,0,15062,2655,7057,710,1760,63,55,0,0,221,60050,2867,9422,0,0,0,0,0
659,5159,660.3131178090563,99922,98,47,55,21,18451,9248,0.27720622085226476,74,41,25250,23512,3529,1575,20993,24803,44704,33931,0,0,14984,2642,7067,710,1766,63,60,0,0,233,60111,2854,9432,0,0,0,0,0
660,5159,661.0661964702745,99922,102,54,55,21,18460,9257,0.27738636136186223,83,45,25259,23525,3514,1572,20986,24782,44748,33985,0,0,14912,2628,7081,705,1772,63,61,0,0,238,60177,2846,9439,0,0,0,0,0
661,5159,662.1947395066256,99922,104,54,55,21,18475,9267,0.277636556514081,94,47,25286,23553,3505,1579,20955,24745,44791,34039,0,0,14842,2614,7094,703,1779,63,63,0,0,253,60229,2833,9449,0,0,0,0,0
662,5159,663.3216837028626,99922,121,62,55,21,18511,9290,0.2782270170733172,85,41,25330,23606,3498,1587,20910,24682,44834,34092,0,0,14769,2606,7101,705,1783,63,65,0,0,279,60274,2814,9463,0,0,0,0,0
663,5159,664.0718877112473,99922,114,65,55,21,18521,9297,0.27839714977682595,106,42,25317,23625,3501,1585,20906,24661,44877,34145,0,0,14691,2599,7107,703,1790,63,69,0,0,291,60336,2801,9472,0,0,0,0,0
664,5159,665.196973387836,99922,124,61,55,21,18552,9308,0.2788174776325534,114,49,25362,23671,3497,1593,20847,24604,44919,34197,0,0,14612,2586,7113,705,1800,64,73,0,0,307,60393,2793,9476,0,0,0,0,0
665,5159,666.3199908449718,99922,139,63,55,21,18588,9321,0.2793078601309021,117,51,25393,23719,3492,1595,20803,24550,44961,34249,0,0,14537,2577,7122,703,1803,64,81,0,0,330,60437,2777,9491,0,0,0,0,0
666,5159,667.067793187816,99922,144,63,55,21,18606,9328,0.27955805528312083,118,64,25393,23755,3490,1592,20799,24504,45002,34300,0,0,14468,2567,7132,697,1812,64,86,0,0,342,60489,2765,9500,0,0,0,0,0
667,5159,668.1890816464669,99922,154,72,55,21,18637,9350,0.28008846900582457,118,64,25431,23804,3489,1597,20752,24441,45043,34350,0,0,14393,2554,7141,695,1821,64,93,0,0,362,60537,2757,9505,0,0,0,0,0
668,5159,669.3085376004956,99922,155,85,55,21,18662,9371,0.28054882808590703,135,61,25464,23848,3495,1597,20695,24387,45084,34400,0,0,14311,2541,7149,698,1825,65,102,0,0,375,60597,2748,9511,0,0,0,0,0
669,5159,670.0539539006965,99922,165,87,55,21,18692,9383,0.28096915594163446,132,64,25465,23874,3496,1598,20686,24355,45124,34449,0,0,14233,2532,7156,696,1834,65,109,0,0,389,60654,2739,9515,0,0,0,0,0
670,5159,671.1713635090645,99922,186,86,55,21,18730,9398,0.2814995696643382,144,71,25488,23919,3491,1609,20635,24293,45164,34498,0,0,14153,2523,7159,696,1843,65,114,0,0,408,60710,2734,9517,0,0,0,0,0
671,5159,672.2875047199857,99922,195,91,55,21,18767,9415,0.28203999119313067,149,73,25513,23967,3499,1612,20588,24235,45203,34546,0,0,14082,2510,7169,697,1848,65,122,0,0,433,60747,2722,9527,0,0,0,0,0
672,5159,673.0308615747907,99922,214,96,55,21,18806,9427,0.28255038930365683,146,76,25505,23986,3494,1612,20585,24208,45242,34594,0,0,14018,2497,7180,695,1858,65,127,0,0,445,60794,2707,9536,0,0,0,0,0
673,5159,674.1457908159214,99922,226,100,55,21,18847,9453,0.28322091231160307,153,73,25500,24040,3506,1625,20559,24140,45281,34641,0,0,13948,2485,7189,692,1869,65,135,0,0,478,60823,2696,9542,0,0,0,0,0
674,5159,675.2607182404658,99922,243,103,55,21,18895,9475,0.2839214587378155,170,83,25492,24075,3524,1636,20515,24081,45319,34688,0,0,13875,2476,7196,693,1881,66,141,0,0,505,60863,2684,9542,0,0,0,0,0
675,5159,676.0038008603686,99922,245,104,55,21,18919,9489,0.28430175536918795,175,84,25499,24090,3532,1641,20493,24059,45357,34734,0,0,13809,2461,7205,697,1887,66,146,0,0,523,60904,2672,9552,0,0,0,0,0
676,5159,677.1182760792005,99921,254,109,55,22,18963,9513,0.2849851382592248,177,80,25518,24139,3540,1644,20455,24005,45395,34780,0,0,13737,2448,7212,701,1894,67,156,0,0,553,60936,2659,9558,0,0,0,0,0
677,5159,678.2315809002739,99920,268,112,56,22,19013,9532,0.2856785428342674,185,92,25536,24173,3550,1654,20404,23946,45432,34825,0,0,13672,2438,7218,702,1905,67,159,0,0,589,60961,2648,9561,0,0,0,0,0
678,5159,679.3436815187742,99920,284,118,56,22,19081,9558,0.28661929543634906,194,91,25549,24224,3574,1660,20342,23884,45469,34870,0,0,13597,2427,7227,705,1911,70,177,0,0,627,60980,2630,9569,0,0,0,0,0
679,5159,680.0846317178626,99920,289,127,56,22,19110,9580,0.2871297037630104,199,84,25549,24243,3578,1669,20328,23854,45505,34914,0,0,13525,2418,7234,706,1913,72,185,0,0,650,61021,2623,9573,0,0,0,0,0
680,5159,681.1955280384575,99920,294,138,56,22,19160,9612,0.28795036028823057,214,81,25594,24285,3582,1681,20259,23792,45541,34958,0,0,13449,2405,7242,707,1922,74,198,0,0,687,61046,2617,9573,0,0,0,0,0
681,5159,682.3045859818957,99919,298,145,57,22,19215,9632,0.28870385011859606,223,98,25608,24341,3617,1682,20196,23711,45577,35001,0,0,13393,2391,7249,708,1936,75,206,0,0,723,61057,2598,9583,0,0,0,0,0
682,5159,683.0433240889801,99919,296,145,57,22,19245,9652,0.289204255446912,233,113,25601,24340,3634,1694,20178,23685,45612,35044,0,0,13331,2380,7253,714,1940,76,211,0,0,758,61079,2582,9595,0,0,0,0,0
683,5159,684.1512439170688,99919,318,147,57,22,19312,9682,0.2901750417838449,247,130,25600,24385,3654,1705,20123,23610,45647,35086,0,0,13266,2370,7261,715,1951,78,224,0,0,802,61087,2566,9599,0,0,0,0,0
684,5159,685.2585988261687,99919,335,147,57,22,19383,9716,0.29122589297330836,269,127,25611,24435,3677,1733,20050,23535,45682,35128,0,0,13196,2355,7269,716,1966,78,240,0,0,856,61086,2556,9601,0,0,0,0,0
685,5159,686.3651849970261,99919,353,155,57,22,19458,9745,0.2922667360562055,290,130,25603,24495,3704,1736,19992,23461,45716,35169,0,0,13129,2343,7274,716,1979,79,254,0,0,903,61092,2544,9606,0,0,0,0,0
686,5159,687.1026095235445,99919,379,169,57,22,19513,9773,0.29309740890121,280,130,25616,24518,3710,1743,19957,23417,45750,35210,0,0,13067,2333,7283,714,1986,81,261,0,0,929,61121,2535,9609,0,0,0,0,0
687,5159,688.208110035029,99919,391,171,57,22,19591,9805,0.29419830062350505,300,147,25611,24550,3750,1769,19890,23340,45784,35251,0,0,12992,2321,7286,718,2004,82,279,0,0,981,61124,2525,9607,0,0,0,0,0
688,5159,689.3132106403165,99919,398,195,57,22,19666,9856,0.2954593220508612,337,154,25605,24592,3793,1787,19809,23249,45817,35291,0,0,12928,2310,7290,722,2026,83,296,0,0,1029,61121,2506,9608,0,0,0,0,0
689,5159,690.049527729795,99919,412,211,57,22,19724,9897,0.29645012460092673,351,145,25588,24605,3814,1804,19777,23212,45850,35331,0,0,12861,2304,7291,725,2038,86,305,0,0,1067,61140,2494,9608,0,0,0,0,0
690,5159,691.1543937234528,99919,432,219,57,22,19814,9937,0.2977511784545482,353,170,25591,24637,3860,1828,19706,23123,45883,35370,0,0,12788,2292,7295,729,2056,86,325,0,0,1125,61135,2481,9607,0,0,0,0,0
691,5159,692.2587711338289,99918,460,234,58,22,19907,9988,0.2991953401789467,375,177,25565,24678,3902,1848,19639,23040,45916,35409,0,0,12714,2284,7292,730,2075,86,341,0,0,1187,61129,2473,9607,0,0,0,0,0
692,5159,693.363328898155,99918,471,241,58,22,20000,10033,0.3005764727076202,390,187,25554,24712,3959,1876,19567,22961,45948,35447,0,0,12654,2270,7295,732,2103,87,360,0,0,1255,61101,2456,9605,0,0,0,0,0
693,5159,694.0998153209728,99918,509,246,58,22,20075,10070,0.30169739186132627,395,190,25543,24720,3976,1895,19518,22926,45980,35485,0,0,12596,2262,7294,734,2117,87,366,0,0,1302,61106,2444,9610,0,0,0,0,0
694,5159,695.2042596135343,99918,541,277,58,22,20185,10134,0.30343881983226245,391,182,25537,24751,4027,1916,19445,22851,46012,35523,0,0,12529,2253,7295,738,2131,90,382,0,0,1374,61085,2431,9610,0,0,0,0,0
695,5159,696.3084782923534,99918,580,277,58,22,20310,10185,0.30520026421665764,409,201,25500,24788,4073,1956,19379,22755,46043,35560,0,0,12458,2237,7299,745,2157,90,405,0,0,1453,61054,2418,9602,0,0,0,0,0
696,5159,697.0450601953689,99918,583,288,58,22,20376,10227,0.3062811505434456,452,205,25461,24790,4107,1974,19338,22720,46074,35597,0,0,12395,2224,7303,752,2175,90,420,0,0,1507,61048,2404,9600,0,0,0,0,0
697,5159,698.1509702290027,99918,601,305,58,22,20491,10285,0.3080125703076523,479,216,25448,24808,4175,2002,19238,22646,46105,35633,0,0,12323,2215,7294,754,2202,93,440,0,0,1589,61017,2396,9595,0,0,0,0,0
698,5159,699.2569638578167,99918,642,325,58,22,20638,10351,0.31014431834103967,487,215,25402,24835,4256,2039,19154,22563,46136,35669,0,0,12252,2200,7299,757,2224,98,466,0,0,1676,60975,2382,9589,0,0,0,0,0
699,5159,700.364065716032,99918,694,329,58,22,20792,10414,0.3123160992013451,504,232,25370,24866,4326,2080,19047,22470,46166,35705,0,0,12175,2185,7300,768,2246,99,493,0,0,1774,60927,2369,9582,0,0,0,0,0
700,5159,701.1024252882736,99918,724,331,58,22,20880,10448,0.31353710042234634,524,254,25330,24868,4360,2107,19003,22417,46196,35740,0,0,12107,2176,7301,771,2258,102,511,0,0,1823,60928,2358,9583,0,0,0,0,0
701,5159,702.2108498381198,99918,762,349,58,22,21033,10515,0.3157389059028403,552,267,25270,24904,4448,2141,18909,22316,46226,35775,0,0,12034,2162,7295,784,2293,103,538,0,0,1908,60888,2339,9574,0,0,0,0,0
702,5159,703.3207170508582,99918,797,365,58,22,21188,10586,0.31800076062371146,603,286,25224,24926,4524,2179,18793,22221,46255,35810,0,0,11963,2154,7290,787,2321,105,560,0,0,2024,60819,2329,9566,0,0,0,0,0
703,5159,704.0611153721144,99918,840,371,58,22,21304,10641,0.31971216397445906,619,286,25169,24935,4571,2221,18742,22164,46284,35844,0,0,11900,2138,7292,793,2345,105,582,0,0,2092,60792,2316,9563,0,0,0,0,0
704,5159,705.1732500463226,99917,854,387,58,23,21469,10728,0.32223745708938417,655,271,25132,24979,4670,2273,18630,22066,46313,35878,0,0,11818,2117,7288,812,2385,105,617,0,0,2214,60714,2299,9548,0,0,0,0,0
705,5159,706.286376698777,99916,918,394,58,24,21666,10799,0.3249229352656231,667,321,25074,25007,4754,2320,18528,21933,46342,35911,0,0,11742,2108,7276,812,2412,110,651,0,0,2337,60630,2288,9550,0,0,0,0,0
706,5159,707.0292258724764,99916,939,421,58,24,21780,10865,0.3267244485367709,708,329,25019,25010,4817,2343,18458,21872,46370,35944,0,0,11675,2100,7275,819,2438,111,671,0,0,2413,60601,2274,9539,0,0,0,0,0
707,5159,708.1451853701119,99915,1008,423,59,24,22013,10947,0.3298803983385878,695,350,24956,25007,4932,2410,18349,21785,46398,35977,0,0,11588,2088,7265,828,2482,114,707,0,0,2553,60506,2265,9519,0,0,0,0,0
708,5159,709.2629729930176,99915,1037,435,59,24,22213,11039,0.33280288245008255,743,365,24888,25019,5054,2476,18218,21680,46426,36009,0,0,11507,2076,7255,839,2532,116,744,0,0,2695,60403,2248,9500,0,0,0,0,0
709,5159,710.0091876636934,99915,1071,458,59,24,22344,11098,0.3347044988240004,791,380,24810,25020,5125,2500,18143,21617,46454,36041,0,0,11436,2065,7253,843,2551,118,768,0,0,2773,60370,2240,9498,0,0,0,0,0
710,5159,711.1307999136793,99915,1120,503,59,24,22564,11209,0.3380173147175099,829,384,24727,25031,5259,2551,18005,21506,46481,36073,0,0,11340,2048,7242,857,2591,124,818,0,0,2889,60298,2227,9481,0,0,0,0,0
711,5159,712.2547797161264,99915,1202,532,59,24,22809,11318,0.34156032627733574,836,399,24637,25029,5369,2615,17896,21400,46508,36104,0,0,11266,2032,7225,873,2646,127,846,0,0,3023,60207,2214,9456,0,0,0,0,0
712,5159,713.0055182394873,99915,1255,524,59,24,22973,11373,0.3437521893609568,854,426,24578,25020,5451,2663,17802,21342,46535,36135,0,0,11209,2019,7222,874,2681,129,866,0,0,3132,60131,2204,9448,0,0,0,0,0
713,5159,714.1339595571841,99914,1314,578,59,25,23236,11505,0.3477090297655984,864,418,24498,25004,5596,2723,17668,21251,46562,36166,0,0,11130,2002,7210,881,2726,134,905,0,0,3307,59993,2193,9433,0,0,0,0,0
714,5159,715.2646868579369,99914,1359,592,59,25,23495,11624,0.35149228336369276,916,436,24378,24989,5754,2806,17533,21151,46588,36196,0,0,11040,1989,7193,891,2783,139,952,0,0,3490,59845,2179,9413,0,0,0,0,0
715,5159,716.0206054048037,99912,1389,602,59,27,23682,11703,0.3541616622627913,946,457,24294,24962,5862,2858,17449,21093,46614,36226,0,0,10974,1979,7180,891,2830,149,980,0,0,3607,59754,2170,9398,0,0,0,0,0
716,5159,717.1582430562331,99911,1446,635,60,27,23956,11831,0.35818878802133897,969,495,24179,24929,6022,2928,17323,20985,46640,36256,0,0,10873,1966,7172,908,2881,155,1035,0,0,3770,59624,2155,9372,0,0,0,0,0
717,5159,718.2996725751777,99911,1471,672,60,27,24234,11963,0.36229244027184193,1013,535,24076,24904,6208,3004,17171,20857,46666,36285,0,0,10776,1950,7147,938,2955,160,1087,0,0,3942,59489,2129,9338,0,0,0,0,0
718,5159,719.0625723806322,99909,1554,690,62,27,24462,12060,0.3655526529141519,982,552,24023,24891,6302,3069,17076,20770,46691,36314,0,0,10698,1942,7139,950,2987,165,1117,0,0,4070,59399,2116,9326,0,0,0,0,0
719,5159,720.2094640899613,99908,1613,727,63,27,24770,12218,0.3702206029547183,1044,561,23903,24879,6477,3173,16899,20632,46716,36343,0,0,10602,1923,7116,970,3066,170,1169,0,0,4265,59239,2100,9288,0,0,0,0,0
720,5159,721.3596808121863,99908,1613,762,63,27,25046,12366,0.374464507346759,1113,580,23780,24841,6685,3260,16745,20529,46741,36372,0,0,10510,1903,7097,1002,3135,176,1218,0,0,4476,59058,2074,9259,0,0,0,0,0
721,5159,722.1289835864698,99908,1636,781,63,27,25269,12480,0.37783761060175364,1130,597,23698,24818,6830,3338,16642,20438,46766,36400,0,0,10439,1888,7077,1019,3211,179,1244,0,0,4630,58940,2058,9223,0,0,0,0,0
722,5159,723.2871056190088,99908,1674,826,63,27,25600,12657,0.382922288505425,1188,615,23555,24779,7053,3442,16466,20310,46791,36428,0,0,10328,1876,7054,1038,3289,193,1310,0,0,4845,58754,2040,9181,0,0,0,0,0
723,5159,724.0620673029803,99908,1721,875,63,27,25839,12788,0.3866256956399888,1202,595,23471,24766,7198,3498,16344,20238,46815,36456,0,0,10256,1864,7034,1051,3344,200,1347,0,0,4991,58635,2021,9165,0,0,0,0,0
724,5159,725.2286258395469,99905,1769,897,66,27,26191,12957,0.3918522596466643,1244,650,23313,24720,7431,3622,16176,20083,46839,36483,0,0,10148,1837,7017,1084,3409,210,1417,0,0,5237,58414,2000,9132,0,0,0,0,0
725,5159,726.009501370668,99905,1837,937,66,27,26453,13089,0.3957960062058956,1260,641,23202,24702,7568,3689,16066,20003,46863,36510,0,0,10083,1828,6989,1102,3465,216,1435,0,0,5405,58284,1982,9116,0,0,0,0,0
726,5159,727.1861420510155,99902,1872,961,68,28,26815,13272,0.4012632379732137,1322,704,23060,24642,7803,3820,15874,19844,46887,36537,0,0,9982,1807,6969,1137,3549,224,1490,0,0,5682,58035,1961,9066,0,0,0,0,0
727,5159,728.3681648707094,99902,1941,982,68,28,27221,13459,0.40719905507397247,1363,729,22897,24589,8050,3960,15680,19711,46911,36564,0,0,9881,1786,6934,1165,3633,240,1551,0,0,5959,57782,1938,9033,0,0,0,0,0
728,5159,729.1596281763901,99902,1960,976,68,28,27484,13583,0.4110728513943665,1364,748,22797,24551,8231,4062,15579,19634,46934,36590,0,0,9799,1774,6916,1174,3708,247,1598,0,0,6167,57592,1923,9004,0,0,0,0,0
729,5159,730.3526882045994,99900,2034,1025,69,29,27880,13809,0.4173073073073073,1383,740,22667,24500,8456,4202,15390,19503,46957,36616,0,0,9700,1757,6895,1194,3805,262,1658,0,0,6419,57348,1900,8962,0,0,0,0,0
730,5159,731.1509720409016,99900,2113,1052,69,29,28187,13954,0.4218318318318318,1367,736,22556,24463,8610,4299,15284,19420,46980,36642,0,0,9624,1745,6874,1206,3879,268,1699,0,0,6606,57181,1881,8937,0,0,0,0,0
731,5159,732.354064317358,99898,2189,1132,70,30,28623,14192,0.4285871589020801,1431,749,22353,24421,8870,4407,15086,19260,47003,36668,0,0,9515,1724,6847,1234,3970,282,1765,0,0,6877,56922,1864,8898,0,0,0,0,0
732,5159,733.1604912166888,99898,2233,1145,70,30,28927,14331,0.4330216821157581,1461,792,22205,24369,9060,4515,14970,19148,47026,36693,0,0,9426,1709,6823,1251,4041,292,1818,0,0,7086,56735,1848,8869,0,0,0,0,0
733,5159,734.3779887953092,99897,2311,1192,71,30,29428,14574,0.44047368789853547,1524,797,22002,24334,9362,4676,14729,18970,47048,36718,0,0,9311,1688,6792,1285,4156,300,1891,0,0,7431,56406,1820,8817,0,0,0,0,0
734,5159,735.19465400524,99896,2323,1215,72,30,29735,14742,0.44523304236405864,1579,814,21861,24286,9574,4785,14590,18869,47070,36743,0,0,9220,1673,6776,1300,4226,308,1944,0,0,7688,56166,1804,8791,0,0,0,0,0
735,5159,736.0156509881501,99895,2382,1251,73,30,30065,14934,0.4504629861354422,1583,797,21713,24242,9769,4908,14479,18771,47092,36767,0,0,9124,1663,6760,1312,4298,322,2001,0,0,7915,55952,1791,8757,0,0,0,0,0
736,5159,737.2560814943337,99895,2403,1281,73,30,30539,15195,0.4578207117473347,1623,831,21499,24166,10120,5094,14281,18597,47114,36791,0,0,8999,1646,6723,1340,4404,350,2088,0,0,8284,55589,1767,8705,0,0,0,0,0
737,5159,738.0889928993483,99895,2439,1312,73,30,30833,15375,0.46256569397867764,1680,859,21370,24102,10294,5208,14143,18488,47136,36815,0,0,8913,1631,6694,1353,4482,360,2134,0,0,8510,55386,1756,8676,0,0,0,0,0
738,5159,739.3458871225263,99895,2531,1324,73,30,31346,15636,0.47031382952099704,1722,901,21189,24025,10555,5413,13929,18306,47157,36839,0,0,8803,1612,6645,1387,4597,380,2195,0,0,8887,55024,1736,8629,0,0,0,0,0
739,5159,740.1883166063759,99895,2611,1347,73,30,31700,15817,0.47566945292557183,1712,892,21078,23987,10728,5539,13797,18204,47178,36863,0,0,8708,1606,6621,1398,4672,393,2252,0,0,9121,54802,1722,8600,0,0,0,0,0
740,5159,741.0347180612299,99895,2683,1370,73,30,32064,16014,0.48128534961709796,1687,913,20959,23916,10907,5676,13690,18094,47199,36886,0,0,8643,1593,6588,1411,4792,404,2284,0,0,9351,54567,1702,8560,0,0,0,0,0
741,5159,742.3120319413257,99894,2759,1418,74,30,32631,16316,0.4899893887520772,1714,947,20751,23798,11233,5880,13468,17926,47220,36909,0,0,8515,1572,6544,1436,4941,423,2374,0,0,9745,54175,1681,8488,0,0,0,0,0
742,5159,743.1695547778802,99892,2776,1437,75,31,32985,16538,0.49576542666079365,1742,943,20577,23717,11463,6054,13366,17817,47241,36932,0,0,8421,1558,6513,1461,5055,434,2428,0,0,10030,53897,1659,8436,0,0,0,0,0
743,5159,744.0329112846765,99891,2816,1445,76,31,33382,16728,0.5016467950065572,1734,983,20441,23631,11688,6201,13244,17708,47261,36955,0,0,8323,1547,6483,1485,5166,450,2478,0,0,10301,53630,1643,8385,0,0,0,0,0
744,5159,745.3380904240819,99891,2881,1483,76,31,33953,17048,0.5105665175040794,1744,1016,20238,23511,12021,6433,13039,17525,47281,36977,0,0,8210,1511,6444,1539,5313,475,2551,0,0,10694,53218,1611,8325,0,0,0,0,0
745,5159,746.2143009528475,99891,2908,1516,76,31,34372,17271,0.5169935229400046,1750,988,20052,23465,12309,6580,12904,17419,47301,36999,0,0,8115,1492,6417,1564,5409,508,2605,0,0,10974,52931,1593,8283,0,0,0,0,0
746,5159,747.0977699379338,99888,2914,1565,78,32,34741,17487,0.5228656094826205,1826,1021,19864,23400,12551,6687,12766,17294,47321,37021,0,0,8009,1482,6389,1581,5519,522,2678,0,0,11226,52668,1572,8242,0,0,0,0,0
747,5159,748.4359278039799,99886,2970,1574,79,33,35368,17806,0.5323468754379993,1856,1060,19604,23289,12929,6937,12561,17106,47341,37043,0,0,7881,1465,6334,1625,5684,553,2751,0,0,11673,52200,1547,8173,0,0,0,0,0
748,5159,749.3368246608262,99884,2993,1579,80,34,35779,18019,0.5386047815465941,1860,1105,19463,23196,13186,7097,12417,16988,47361,37064,0,0,7774,1444,6303,1652,5806,573,2816,0,0,11943,51911,1533,8129,0,0,0,0,0
749,5159,750.2438649280715,99883,2999,1623,81,34,36191,18268,0.5452279166624951,1886,1121,19341,23104,13447,7251,12245,16866,47380,37085,0,0,7678,1423,6270,1686,5926,594,2866,0,0,12239,51602,1517,8082,0,0,0,0,0
750,5159,751.1566280644605,99883,3055,1675,81,34,36637,18550,0.5525164442397605,1852,1072,19189,23045,13705,7415,12117,16758,47399,37106,0,0,7583,1404,6237,1721,6063,611,2922,0,0,12532,51289,1494,8027,0,0,0,0,0
751,5159,752.0756858398711,99880,3109,1719,84,34,37098,18800,0.5596515818982779,1865,1068,19022,22964,13961,7574,11958,16640,47418,37127,0,0,7492,1386,6215,1750,6170,639,2970,0,0,12834,50969,1476,7979,0,0,0,0,0
752,5159,753.0017111370147,99880,3086,1758,84,34,37520,19066,0.5665398478173809,1922,1052,18853,22885,14253,7741,11801,16529,47437,37148,0,0,7387,1364,6171,1785,6323,663,3026,0,0,13140,50651,1460,7910,0,0,0,0,0
753,5159,754.4048965806861,99878,3122,1773,85,35,38198,19435,0.577033981457378,1963,1070,18591,22783,14654,8007,11584,16331,47456,37168,0,0,7258,1340,6112,1834,6491,706,3105,0,0,13660,50103,1432,7837,0,0,0,0,0
754,5159,755.3507081802785,99877,3173,1802,86,35,38699,19715,0.5848593770337515,1920,1074,18441,22696,14936,8191,11443,16201,47475,37188,0,0,7163,1319,6076,1861,6630,735,3161,0,0,13995,49736,1414,7787,0,0,0,0,0
755,5159,756.3037640917461,99876,3148,1807,86,36,39126,19989,0.5918839360807401,1981,1065,18286,22620,15198,8402,11300,16069,47494,37208,0,0,7058,1299,6043,1892,6768,773,3229,0,0,14320,49378,1390,7726,0,0,0,0,0
756,5159,757.2640346330674,99875,3167,1779,86,37,39611,20217,0.5990287859824781,1962,1089,18147,22538,15493,8592,11144,15964,47512,37228,0,0,6959,1281,6001,1926,6916,805,3284,0,0,14658,49011,1370,7664,0,0,0,0,0
757,5159,758.2317711253612,99875,3189,1799,86,37,40093,20491,0.6065982478097622,1987,1103,17999,22426,15748,8781,10990,15853,47530,37248,0,0,6867,1268,5969,1958,7058,836,3327,0,0,14993,48635,1353,7611,0,0,0,0,0
758,5159,759.20718816865,99873,3276,1825,88,37,40611,20757,0.6144603646631221,1929,1113,17863,22362,16008,8950,10835,15712,47548,37267,0,0,6773,1259,5940,1975,7206,859,3377,0,0,15314,48282,1340,7548,0,0,0,0,0
759,5159,760.1894217434722,99872,3304,1846,89,37,41108,21042,0.6222965395706505,1950,1131,17714,22261,16276,9131,10666,15593,47566,37286,0,0,6672,1239,5911,2001,7360,892,3435,0,0,15649,47908,1327,7478,0,0,0,0,0
760,5159,761.1792560864862,99872,3329,1854,89,37,41588,21301,0.6296960108939442,1951,1196,17570,22163,16531,9313,10529,15436,47584,37305,0,0,6584,1217,5873,2039,7510,924,3479,0,0,15955,47558,1305,7428,0,0,0,0,0
761,5159,762.1767215723906,99871,3325,1895,89,38,42050,21585,0.637171951817845,2008,1205,17415,22092,16808,9474,10354,15295,47602,37324,0,0,6477,1202,5825,2072,7649,961,3533,0,0,16267,47215,1290,7380,0,0,0,0,0
762,5159,763.1814885632906,99871,3362,1901,89,38,42561,21883,0.6452724013978032,1996,1193,17247,21995,17091,9691,10214,15181,47619,37343,0,0,6391,1187,5782,2094,7811,1001,3579,0,0,16626,46813,1275,7312,0,0,0,0,0
763,5159,764.194933156984,99869,3338,1916,91,38,43053,22182,0.6532056994663008,2014,1195,17104,21908,17399,9883,10053,15059,47636,37362,0,0,6291,1173,5752,2138,7976,1044,3625,0,0,16948,46421,1250,7251,0,0,0,0,0
764,5159,765.2075453511455,99867,3365,1912,92,39,43589,22477,0.6615398479978372,2005,1173,16938,21838,17681,10097,9918,14940,47653,37380,0,0,6197,1155,5705,2173,8161,1083,3678,0,0,17279,46020,1226,7190,0,0,0,0,0
765,5159,766.2026950276193,99864,3408,1918,95,39,44093,22770,0.6695405751822479,2005,1154,16798,21761,17895,10304,9798,14823,47670,37398,0,0,6087,1140,5665,2195,8319,1120,3745,0,0,17587,45656,1209,7141,0,0,0,0,0
766,5159,767.185033779361,99862,3446,1907,95,41,44593,23037,0.6772345837255412,2000,1156,16627,21686,18161,10503,9670,14706,47687,37416,0,0,5997,1118,5636,2225,8478,1157,3795,0,0,17893,45288,1192,7083,0,0,0,0,0
767,5159,768.1530648285468,99860,3467,1935,97,41,45041,23341,0.6847786901662327,2084,1131,16492,21606,18347,10707,9512,14579,47704,37434,0,0,5906,1100,5596,2236,8666,1185,3848,0,0,18160,44959,1178,7026,0,0,0,0,0
768,5159,769.1086794264208,99858,3419,1940,98,42,45500,23605,0.6920326864147089,2086,1120,16367,21521,18630,10894,9399,14482,47721,37452,0,0,5814,1082,5559,2262,8858,1231,3891,0,0,18427,44622,1158,6954,0,0,0,0,0
769,5159,770.0513750655539,99856,3482,1914,98,44,45992,23847,0.6993971318698926,2063,1145,16227,21444,18858,11081,9271,14371,47738,37469,0,0,5732,1070,5508,2301,9029,1280,3917,0,0,18662,44330,1142,6885,0,0,0,0,0
770,5159,771.4427197452993,99854,3469,1945,100,44,46694,24248,0.7104572676107116,2073,1161,16017,21321,19253,11350,9087,14178,47754,37486,0,0,5610,1046,5457,2349,9284,1348,3979,0,0,19022,43844,1115,6800,0,0,0,0,0
771,5159,772.3543239270645,99853,3448,1961,101,44,47151,24524,0.7178051736051997,2107,1200,15866,21244,19513,11511,8964,14039,47770,37503,0,0,5519,1026,5417,2379,9456,1392,4029,0,0,19293,43507,1095,6740,0,0,0,0,0
772,5159,773.2531110231918,99852,3482,1967,102,44,47618,24793,0.7251832712414373,2041,1151,15775,21213,19736,11692,8863,13932,47786,37520,0,0,5457,1009,5381,2418,9624,1436,4038,0,0,19542,43181,1085,6681,0,0,0,0,0
773,5159,774.1419519350582,99852,3470,1982,102,44,48063,25053,0.7322437207066458,2015,1142,15659,21161,19984,11848,8769,13822,47802,37537,0,0,5358,998,5342,2437,9810,1475,4093,0,0,19766,42884,1066,6623,0,0,0,0,0
774,5159,775.0199999708632,99849,3442,1966,104,45,48479,25305,0.7389558232931727,1986,1119,15551,21095,20226,12033,8690,13741,47818,37554,0,0,5271,982,5311,2461,9953,1522,4143,0,0,20046,42540,1048,6572,0,0,0,0,0
775,5159,776.3187706160511,99847,3459,1984,105,46,49104,25678,0.7489659178543171,2013,1126,15392,20997,20519,12268,8511,13578,47834,37571,0,0,5184,964,5264,2492,10177,1598,4186,0,0,20360,42096,1022,6504,0,0,0,0,0
776,5159,777.1736468466509,99845,3529,1964,107,46,49564,25921,0.7560218338424558,1953,1117,15271,20947,20712,12447,8427,13478,47850,37587,0,0,5098,953,5242,2504,10341,1638,4233,0,0,20568,41802,1012,6454,0,0,0,0,0
777,5159,778.020669915356,99845,3543,1997,107,46,49961,26153,0.7623215984776404,1956,1110,15182,20909,20879,12568,8332,13369,47865,37603,0,0,5030,941,5220,2538,10494,1663,4248,0,0,20770,41539,1003,6399,0,0,0,0,0
778,5159,779.2772940876976,99844,3470,2056,107,47,50537,26529,0.7718641080084933,1961,1081,15055,20837,21211,12750,8195,13228,47880,37619,0,0,4938,923,5164,2578,10742,1721,4274,0,0,21088,41102,986,6328,0,0,0,0,0
779,5159,780.1046435529927,99842,3492,2035,108,48,50968,26738,0.7782896977224014,1943,1093,14942,20782,21404,12889,8110,13152,47895,37635,0,0,4869,910,5130,2605,10915,1753,4293,0,0,21308,40819,970,6270,0,0,0,0,0
780,5159,781.3309271979152,99840,3490,2031,110,48,51568,27087,0.7878104967948718,1925,1089,14798,20711,21694,13107,7982,13013,47910,37651,0,0,4781,887,5079,2649,11146,1812,4321,0,0,21640,40373,953,6199,0,0,0,0,0
781,5159,782.1396531678866,99839,3465,2027,111,48,51951,27302,0.793808030929797,1915,1104,14702,20645,21904,13251,7902,12924,47925,37667,0,0,4713,873,5050,2673,11285,1857,4345,0,0,21855,40087,943,6158,0,0,0,0,0
782,5159,783.3387694764145,99837,3441,2043,112,49,52511,27648,0.8028987249216223,1900,1083,14588,20560,22188,13457,7770,12807,47940,37682,0,0,4627,855,4999,2692,11507,1919,4380,0,0,22170,39660,931,6097,0,0,0,0,0
783,5159,784.1295847726378,99837,3395,1989,112,49,52853,27854,0.8083876719052054,1928,1085,14485,20507,22385,13652,7694,12717,47955,37697,0,0,4556,843,4970,2717,11665,1957,4396,0,0,22386,39369,922,6056,0,0,0,0,0
784,5159,785.3045881209456,99836,3402,1951,113,49,53423,28160,0.8171701590608598,1917,1115,14388,20450,22597,13866,7582,12568,47970,37712,0,0,4479,828,4906,2750,11874,2021,4426,0,0,22712,38936,901,6003,0,0,0,0,0
785,5159,786.0816435518301,99836,3426,1963,113,49,53807,28386,0.8232801794943708,1848,1102,14324,20397,22761,13994,7527,12494,47985,37727,0,0,4426,817,4876,2772,12022,2065,4437,0,0,22889,38690,890,5952,0,0,0,0,0
786,5159,787.2373586408336,99835,3395,1946,114,49,54344,28692,0.8317323583913457,1854,1113,14178,20336,23055,14197,7403,12358,47999,37742,0,0,4351,800,4830,2813,12214,2143,4448,0,0,23166,38301,867,5902,0,0,0,0,0
787,5159,788.0002254779929,99835,3380,1954,114,49,54703,28901,0.8374217458807032,1815,1087,14126,20301,23222,14315,7342,12293,48013,37757,0,0,4293,792,4802,2835,12344,2195,4463,0,0,23330,38063,851,5867,0,0,0,0,0
788,5159,789.1345195338567,99835,3380,1939,114,49,55268,29181,0.8458857114238494,1738,1083,14064,20255,23460,14489,7243,12184,48027,37772,0,0,4225,778,4752,2868,12549,2269,4475,0,0,23595,37686,838,5800,0,0,0,0,0
789,5159,790.2586596256122,99834,3345,1937,114,50,55767,29487,0.8539575695654787,1726,1090,13986,20173,23682,14685,7146,12064,48041,37786,0,0,4159,761,4721,2901,12737,2342,4487,0,0,23860,37303,825,5738,0,0,0,0,0
790,5159,791.0025562035123,99833,3306,1919,115,50,56068,29686,0.8589744873939479,1734,1083,13945,20134,23822,14814,7077,11999,48055,37800,0,0,4102,749,4702,2916,12866,2392,4502,0,0,24021,37064,821,5698,0,0,0,0,0
791,5159,792.1108429402012,99833,3264,1923,115,50,56526,29989,0.8665972173529795,1733,1042,13879,20105,24023,14995,6985,11884,48069,37814,0,0,4041,738,4664,2940,13087,2449,4504,0,0,24239,36721,810,5640,0,0,0,0,0
792,5159,793.2106573442353,99832,3225,1893,116,50,56963,30261,0.873707829152977,1755,1023,13806,20083,24200,15170,6897,11780,48083,37828,0,0,3971,725,4629,2963,13284,2523,4526,0,0,24425,36414,791,5581,0,0,0,0,0
793,5159,794.3029821119659,99831,3217,1880,117,50,57440,30556,0.8814496499083451,1742,1033,13728,20006,24376,15349,6819,11681,48097,37842,0,0,3899,708,4598,2987,13499,2585,4545,0,0,24619,36090,780,5521,0,0,0,0,0
794,5159,795.0271259361008,99830,3220,1901,117,51,57773,30756,0.8867975558449364,1752,1000,13654,19982,24494,15450,6762,11615,48111,37856,0,0,3854,702,4577,3004,13608,2633,4550,0,0,24775,35866,766,5495,0,0,0,0,0
795,5159,796.1066669089993,99829,3173,1907,118,51,58227,31044,0.8942391489446955,1732,1006,13592,19920,24703,15614,6681,11501,48124,37870,0,0,3791,688,4539,3040,13779,2711,4555,0,0,24985,35538,755,5448,0,0,0,0,0
796,5159,797.1781802355925,99829,3167,1857,118,51,58697,31305,0.9015616704564806,1704,999,13517,19885,24892,15812,6601,11395,48137,37884,0,0,3719,674,4507,3063,13964,2788,4579,0,0,25170,35221,742,5402,0,0,0,0,0
797,5159,798.24221697704,99829,3138,1822,118,51,59147,31584,0.9088641577096835,1678,991,13434,19820,25113,16009,6518,11306,48150,37897,0,0,3656,665,4470,3085,14159,2866,4591,0,0,25360,34898,730,5349,0,0,0,0,0
798,5159,799.2978783767744,99829,3118,1785,118,51,59589,31826,0.9157158741447876,1665,978,13381,19781,25296,16180,6421,11224,48163,37910,0,0,3610,658,4432,3107,14385,2924,4588,0,0,25525,34602,714,5284,0,0,0,0,0
799,5159,800.3464618299105,99827,3047,1744,119,52,60010,32068,0.9223757099782623,1625,974,13324,19729,25533,16354,6351,11146,48176,37923,0,0,3561,645,4396,3127,14567,3010,4584,0,0,25720,34285,706,5226,0,0,0,0,0
800,5159,801.0411877129111,99827,3003,1738,119,52,60287,32228,0.9267532831799012,1621,963,13296,19712,25658,16435,6302,11099,48189,37936,0,0,3526,637,4364,3152,14703,3059,4578,0,0,25817,34102,695,5194,0,0,0,0,0
801,5159,802.0776317288016,99827,2971,1731,119,52,60707,32462,0.9333046169873882,1578,955,13259,19684,25848,16565,6224,11012,48202,37949,0,0,3468,627,4345,3170,14850,3146,4585,0,0,25951,33842,687,5156,0,0,0,0,0
802,5159,803.1074023637038,99826,2927,1741,120,52,61100,32706,0.9396950694207922,1577,953,13215,19638,26001,16684,6159,10931,48215,37962,0,0,3424,624,4311,3183,15033,3207,4579,0,0,26112,33562,677,5114,0,0,0,0,0
803,5159,804.1316970169971,99824,2908,1708,121,53,61511,32960,0.9463756210931239,1535,939,13186,19627,26143,16828,6106,10844,48228,37975,0,0,3382,617,4274,3216,15205,3296,4561,0,0,26230,33298,665,5080,0,0,0,0,0
804,5159,805.1512621192563,99823,2857,1701,122,53,61884,33181,0.952335634072308,1527,934,13176,19608,26279,16953,6038,10750,48241,37988,0,0,3318,606,4250,3232,15356,3364,4581,0,0,26377,33042,655,5042,0,0,0,0,0
805,5159,806.1661669415854,99821,2841,1686,123,54,62288,33403,0.9586259404333758,1473,961,13156,19575,26434,17071,5972,10652,48253,38001,0,0,3270,598,4225,3251,15533,3418,4578,0,0,26541,32769,647,4991,0,0,0,0,0
806,5159,807.1763319863755,99820,2807,1702,123,55,62640,33639,0.9645261470647165,1470,930,13128,19546,26550,17180,5921,10586,48265,38013,0,0,3219,593,4206,3258,15715,3472,4587,0,0,26640,32544,639,4947,0,0,0,0,0
807,5159,808.1823017995462,99818,2757,1727,124,56,63021,33888,0.9708569596665932,1385,902,13128,19534,26739,17285,5866,10495,48277,38025,0,0,3166,579,4183,3283,15864,3547,4590,0,0,26772,32296,631,4907,0,0,0,0,0
808,5159,809.183151118687,99818,2727,1689,124,56,63370,34106,0.9765372978821455,1390,886,13091,19545,26859,17407,5808,10416,48289,38037,0,0,3125,572,4159,3286,16028,3608,4588,0,0,26920,32031,623,4878,0,0,0,0,0
809,5159,810.1799629592176,99818,2695,1643,124,56,63706,34325,0.9820974172994851,1414,880,13065,19518,26956,17558,5745,10344,48301,38049,0,0,3076,558,4135,3303,16188,3685,4602,0,0,27015,31803,612,4841,0,0,0,0,0
810,5159,811.1736323820966,99818,2653,1622,124,56,64064,34534,0.9877777555150373,1388,893,13057,19484,27094,17665,5683,10279,48313,38061,0,0,3025,553,4103,3323,16342,3752,4607,0,0,27147,31565,595,4806,0,0,0,0,0
811,5159,812.1633318019469,99818,2651,1628,124,56,64420,34757,0.9935783125288025,1375,877,13037,19473,27179,17766,5633,10199,48325,38073,0,0,2985,549,4073,3345,16496,3820,4597,0,0,27237,31364,587,4765,0,0,0,0,0
812,5159,813.1498681344909,99818,2616,1587,124,56,64762,34950,0.998938067282454,1350,903,12985,19476,27334,17871,5590,10106,48337,38085,0,0,2943,541,4047,3371,16623,3907,4591,0,0,27347,31142,578,4728,0,0,0,0,0
813,5159,814.1319340083795,99815,2563,1594,125,58,65113,35174,1.0047287481841407,1310,879,12987,19460,27482,17973,5532,10035,48349,38097,0,0,2900,535,4017,3379,16787,3975,4592,0,0,27462,30913,569,4686,0,0,0,0,0
814,5159,815.1097858301591,99814,2542,1603,125,59,65436,35413,1.010369286873585,1287,850,12981,19456,27584,18074,5480,9957,48361,38109,0,0,2857,529,3999,3402,16951,4029,4594,0,0,27547,30695,557,4654,0,0,0,0,0
815,5159,816.0843071077792,99813,2498,1586,126,59,65734,35620,1.015438870688187,1279,829,12956,19450,27712,18176,5428,9899,48373,38120,0,0,2815,525,3971,3410,17093,4095,4599,0,0,27652,30480,550,4623,0,0,0,0,0
816,5159,817.0553066462413,99813,2457,1603,126,59,66058,35826,1.0207488002564795,1249,810,12941,19448,27845,18246,5381,9833,48384,38131,0,0,2785,519,3951,3432,17210,4177,4585,0,0,27741,30284,544,4585,0,0,0,0,0
817,5159,818.0225624532309,99813,2433,1556,126,59,66336,36011,1.0253874745774598,1253,792,12934,19462,27916,18362,5337,9768,48395,38142,0,0,2751,517,3932,3441,17346,4244,4574,0,0,27823,30093,542,4550,0,0,0,0,0
818,5159,819.3093112326712,99812,2388,1540,127,59,66714,36255,1.0316294633911753,1261,775,12924,19460,28030,18474,5269,9691,48406,38153,0,0,2714,504,3902,3458,17513,4326,4564,0,0,27943,29835,535,4518,0,0,0,0,0
819,5159,820.2714800899122,99812,2365,1500,127,59,67009,36435,1.036388410211197,1251,788,12924,19451,28115,18564,5217,9637,48417,38164,0,0,2683,502,3876,3456,17659,4382,4552,0,0,28068,29618,532,4484,0,0,0,0,0
820,5159,821.2314819749828,99812,2333,1489,127,59,67307,36629,1.0413176772331985,1227,766,12939,19446,28213,18652,5160,9587,48428,38175,0,0,2648,493,3858,3470,17784,4446,4542,0,0,28173,29419,524,4455,0,0,0,0,0
821,5159,822.1888562472932,99812,2285,1485,127,59,67596,36823,1.0461567747365046,1203,727,12953,19439,28312,18754,5119,9535,48439,38186,0,0,2615,484,3830,3499,17930,4507,4533,0,0,28253,29227,516,4418,0,0,0,0,0
822,5159,823.1439244090964,99811,2297,1456,128,59,67913,36988,1.0509963831641802,1152,725,12962,19468,28376,18820,5084,9471,48450,38197,0,0,2577,476,3802,3492,18052,4578,4541,0,0,28331,29057,512,4393,0,0,0,0,0
823,5159,824.0973049822243,99811,2288,1404,128,59,68182,37139,1.0552043361954093,1166,743,12968,19459,28415,18916,5034,9418,48461,38208,0,0,2547,474,3782,3492,18172,4637,4532,0,0,28419,28881,505,4370,0,0,0,0,0
824,5159,825.0497026692549,99811,2247,1354,128,59,68462,37305,1.059672781557143,1153,739,12959,19443,28516,19036,4996,9368,48472,38219,0,0,2515,465,3764,3501,18280,4725,4522,0,0,28500,28703,504,4332,0,0,0,0,0
825,5159,826.3159269585158,99810,2217,1368,129,59,68844,37546,1.0659252579901815,1075,724,13021,19451,28625,19129,4932,9268,48483,38229,0,0,2486,458,3735,3521,18429,4831,4501,0,0,28542,28510,494,4303,0,0,0,0,0
826,5159,827.263341911528,99810,2158,1333,129,59,69077,37701,1.0698126440236448,1072,723,13047,19452,28705,19221,4888,9211,48494,38239,0,0,2455,457,3724,3527,18548,4888,4497,0,0,28625,28327,483,4279,0,0,0,0,0
827,5159,828.209183127708,99810,2102,1360,129,59,69316,37890,1.0741007915038574,1070,682,13074,19472,28772,19276,4852,9150,48505,38249,0,0,2428,450,3710,3536,18650,4956,4490,0,0,28695,28172,476,4247,0,0,0,0,0
828,5159,829.1534899405351,99810,2088,1348,129,59,69565,38048,1.0781785392245267,1054,683,13109,19474,28804,19338,4815,9097,48516,38259,0,0,2403,445,3689,3535,18749,5024,4484,0,0,28750,28031,473,4227,0,0,0,0,0
829,5159,830.0969853065037,99810,2026,1329,129,59,69813,38211,1.0822963630898708,1030,681,13130,19477,28911,19404,4773,9049,48526,38269,0,0,2370,440,3666,3538,18891,5090,4480,0,0,28782,27885,469,4199,0,0,0,0,0
830,5159,831.0386082583964,99810,1977,1303,129,59,70039,38379,1.0862438633403466,1017,661,13165,19488,28967,19491,4744,8997,48536,38279,0,0,2347,433,3653,3546,18969,5167,4471,0,0,28887,27705,464,4168,0,0,0,0,0
831,5159,832.2925510818925,99808,1948,1274,131,59,70359,38588,1.0915658063481886,958,639,13224,19525,29042,19575,4696,8927,48546,38289,0,0,2316,426,3627,3554,19130,5249,4465,0,0,28937,27518,458,4128,0,0,0,0,0
832,5159,833.2319189326078,99807,1897,1245,131,60,70568,38738,1.09517368521246,960,614,13242,19539,29099,19655,4670,8886,48556,38299,0,0,2298,421,3606,3562,19246,5308,4452,0,0,29002,27360,452,4100,0,0,0,0,0
833,5159,834.1705149629205,99805,1885,1223,132,61,70783,38897,1.0989429387305245,933,580,13287,19559,29117,19735,4645,8841,48566,38309,0,0,2277,419,3592,3564,19350,5363,4439,0,0,29057,27216,446,4082,0,0,0,0,0
834,5159,835.109270158552,99805,1857,1229,132,61,71004,39074,1.1029307148940435,917,509,13337,19613,29143,19796,4613,8791,48576,38319,0,0,2250,417,3570,3564,19462,5422,4427,0,0,29114,27080,444,4055,0,0,0,0,0
835,5159,836.047793386377,99805,1803,1168,132,61,71197,39193,1.106056810781023,904,502,13383,19646,29192,19876,4585,8746,48586,38329,0,0,2231,409,3553,3568,19565,5488,4419,0,0,29168,26934,440,4030,0,0,0,0,0
836,5159,837.2983917364941,99805,1767,1119,132,61,71478,39347,1.1104153098542158,877,526,13435,19659,29244,19946,4544,8688,48596,38339,0,0,2214,405,3521,3568,19702,5563,4398,0,0,29230,26757,437,4010,0,0,0,0,0
837,5159,838.2358101932414,99805,1767,1063,132,61,71694,39459,1.113701718350784,866,553,13466,19676,29256,20013,4512,8633,48606,38348,0,0,2197,402,3509,3577,19805,5619,4388,0,0,29262,26630,431,3985,0,0,0,0,0
838,5159,839.1729360357344,99805,1713,1036,132,61,71902,39587,1.1170682831521468,836,549,13473,19695,29359,20058,4486,8600,48616,38357,0,0,2166,398,3493,3578,19909,5679,4391,0,0,29296,26500,426,3969,0,0,0,0,0
839,5159,840.1082614451453,99805,1647,1002,132,61,72064,39702,1.119843695205651,869,546,13502,19721,29394,20112,4455,8557,48626,38366,0,0,2144,392,3486,3595,20010,5734,4378,0,0,29300,26393,421,3952,0,0,0,0,0
840,5159,841.0429743698397,99804,1639,1019,133,61,72270,39839,1.123291651637209,854,519,13514,19748,29426,20123,4433,8529,48636,38375,0,0,2131,389,3472,3595,20093,5788,4363,0,0,29330,26286,417,3940,0,0,0,0,0
841,5159,842.2880436914055,99804,1591,1002,133,61,72529,40004,1.1275399783575808,811,499,13586,19780,29483,20188,4395,8469,48646,38384,0,0,2112,386,3448,3606,20214,5863,4347,0,0,29378,26124,408,3918,0,0,0,0,0
842,5159,843.2214194938683,99803,1567,988,133,62,72701,40121,1.1304469805516868,803,510,13638,19806,29493,20214,4365,8419,48656,38393,0,0,2090,384,3440,3622,20268,5914,4329,0,0,29432,26014,405,3905,0,0,0,0,0
843,5159,844.1549674644222,99803,1541,966,133,62,72896,40236,1.1335530996062242,763,486,13674,19857,29546,20244,4342,8384,48665,38402,0,0,2076,380,3430,3628,20345,5983,4312,0,0,29455,25907,404,3883,0,0,0,0,0
844,5159,845.0879676762223,99803,1513,972,133,62,73064,40359,1.1364688436219352,744,466,13712,19879,29576,20273,4321,8347,48674,38411,0,0,2058,377,3416,3620,20435,6028,4310,0,0,29480,25806,403,3870,0,0,0,0,0
845,5159,846.0204619856552,99802,1495,935,134,62,73255,40448,1.1392857858559948,721,464,13732,19927,29618,20291,4299,8320,48683,38420,0,0,2037,375,3401,3624,20532,6070,4306,0,0,29500,25699,397,3861,0,0,0,0,0
846,5159,847.2631242348566,99802,1441,902,134,62,73460,40588,1.1427426304082082,748,447,13796,19996,29623,20317,4257,8275,48692,38429,0,0,2015,369,3390,3633,20625,6143,4290,0,0,29539,25569,396,3833,0,0,0,0,0
847,5159,848.1954017100568,99802,1413,873,134,62,73620,40681,1.145277649746498,746,456,13821,20024,29655,20342,4230,8242,48701,38438,0,0,1999,367,3380,3629,20692,6195,4280,0,0,29583,25465,395,3817,0,0,0,0,0
848,5159,849.1271737192773,99802,1434,881,134,62,73821,40807,1.1485541371916395,701,427,13864,20053,29655,20370,4211,8206,48710,38447,0,0,1982,364,3363,3629,20770,6240,4269,0,0,29614,25376,394,3801,0,0,0,0,0
849,5159,850.0590696787558,99802,1425,896,134,62,73994,40919,1.151409791386946,702,407,13884,20106,29663,20361,4191,8167,48719,38456,0,0,1967,362,3351,3623,20841,6289,4264,0,0,29626,25296,392,3791,0,0,0,0,0
850,5159,851.3017965296231,99801,1382,871,135,62,74189,41062,1.1548080680554302,686,381,13963,20157,29682,20402,4151,8126,48728,38464,0,0,1945,359,3339,3623,20905,6371,4253,0,0,29667,25172,389,3778,0,0,0,0,0
851,5159,852.2340317495181,99800,1367,869,136,62,74366,41159,1.157565130260521,655,393,14010,20178,29701,20406,4130,8091,48737,38472,0,0,1929,358,3328,3617,20973,6420,4248,0,0,29690,25085,385,3767,0,0,0,0,0
852,5159,853.1662516484936,99800,1327,835,136,62,74514,41254,1.16,674,386,14044,20216,29716,20431,4102,8069,48746,38480,0,0,1916,355,3315,3607,21059,6467,4234,0,0,29728,24981,384,3754,0,0,0,0,0
853,5159,854.098437318287,99799,1331,816,137,62,74679,41330,1.1624264772192106,649,410,14105,20250,29684,20427,4093,8034,48755,38488,0,0,1903,354,3310,3609,21108,6520,4226,0,0,29740,24906,380,3743,0,0,0,0,0
854,5159,855.0315508823213,99798,1307,833,137,63,74826,41447,1.1650834686065854,663,397,14144,20256,29676,20439,4072,8011,48764,38496,0,0,1892,354,3300,3603,21162,6573,4214,0,0,29772,24821,379,3728,0,0,0,0,0
855,5159,856.2762710627137,99798,1282,788,137,63,75025,41559,1.1681997635223151,637,403,14232,20320,29667,20453,4044,7972,48773,38504,0,0,1883,353,3282,3591,21267,6635,4198,0,0,29793,24704,377,3715,0,0,0,0,0
856,5159,857.2109412564117,99798,1226,783,137,63,75156,41646,1.170384176035592,653,394,14270,20360,29692,20456,4021,7943,48782,38512,0,0,1871,349,3275,3591,21320,6696,4186,0,0,29797,24635,371,3707,0,0,0,0,0
857,5159,858.1454498870487,99797,1214,781,137,64,75304,41746,1.1728809483251,631,373,14340,20398,29683,20462,3994,7921,48791,38520,0,0,1852,348,3262,3587,21378,6739,4184,0,0,29828,24554,368,3697,0,0,0,0,0
858,5159,859.0805245006115,99797,1196,775,137,64,75453,41835,1.1752657895527923,623,367,14382,20464,29702,20452,3959,7877,48800,38528,0,0,1840,348,3255,3583,21447,6785,4170,0,0,29836,24482,366,3685,0,0,0,0,0
859,5159,860.015346015373,99797,1197,749,137,64,75617,41920,1.1777608545347054,576,354,14420,20528,29725,20459,3944,7845,48808,38536,0,0,1825,348,3240,3575,21532,6827,4166,0,0,29843,24409,362,3670,0,0,0,0,0
860,5159,861.262180397869,99796,1184,735,137,65,75817,42022,1.1807988296124092,544,352,14493,20609,29729,20453,3912,7785,48816,38544,0,0,1807,346,3227,3575,21622,6879,4159,0,0,29854,24318,359,3650,0,0,0,0,0
861,5159,862.1977175097957,99796,1139,696,137,65,75938,42100,1.1827928975109223,554,367,14540,20645,29734,20473,3895,7753,48824,38552,0,0,1790,342,3214,3579,21695,6919,4156,0,0,29882,24226,355,3638,0,0,0,0,0
862,5159,863.1334284192493,99796,1099,709,137,65,76053,42200,1.1849472924766524,577,333,14594,20705,29717,20470,3875,7717,48832,38560,0,0,1782,340,3206,3571,21760,6962,4146,0,0,29893,24161,350,3625,0,0,0,0,0
863,5159,864.0700186555708,99796,1079,688,137,65,76180,42273,1.1869513808168664,569,340,14636,20743,29717,20478,3861,7685,48840,38568,0,0,1770,337,3199,3567,21810,7009,4142,0,0,29911,24086,348,3617,0,0,0,0,0
864,5159,865.0071886687606,99796,1079,691,137,65,76318,42347,1.1890757144574933,538,347,14708,20795,29691,20444,3846,7657,48848,38576,0,0,1757,333,3193,3570,21855,7047,4134,0,0,29920,24034,343,3610,0,0,0,0,0
865,5159,866.2580598720732,99795,1075,671,138,65,76496,42455,1.1919535046846035,530,339,14774,20853,29664,20460,3818,7611,48856,38584,0,0,1739,332,3181,3568,21926,7099,4125,0,0,29952,23939,341,3593,0,0,0,0,0
866,5159,867.1971701225955,99794,1066,659,139,65,76624,42519,1.1938894121891095,516,354,14801,20908,29677,20440,3800,7573,48864,38591,0,0,1730,330,3171,3568,21990,7135,4119,0,0,29946,23883,339,3583,0,0,0,0,0
867,5159,868.1362792183049,99794,1067,667,139,65,76743,42613,1.196023809046636,523,335,14849,20964,29636,20421,3785,7547,48872,38598,0,0,1715,330,3166,3567,22044,7168,4111,0,0,29956,23830,336,3571,0,0,0,0,0
868,5159,869.0765784543294,99794,1065,646,139,65,76868,42680,1.197947772411167,509,347,14913,21005,29607,20421,3766,7515,48880,38605,0,0,1702,330,3156,3566,22080,7212,4107,0,0,29977,23766,333,3565,0,0,0,0,0
869,5159,870.0178146771638,99794,1048,643,139,65,76987,42761,1.1999519009158868,511,346,14954,21062,29594,20402,3753,7481,48888,38612,0,0,1687,329,3147,3563,22145,7251,4102,0,0,29973,23716,332,3549,0,0,0,0,0
870,5159,871.2739675954306,99794,1010,640,139,65,77143,42869,1.2025973505421168,494,345,15044,21112,29592,20399,3720,7438,48896,38619,0,0,1670,327,3136,3555,22213,7311,4097,0,0,29982,23635,332,3536,0,0,0,0,0
871,5159,872.2166833123373,99793,980,624,140,65,77260,42936,1.2044532181615946,493,341,15091,21177,29590,20384,3705,7408,48904,38626,0,0,1659,326,3129,3556,22255,7359,4086,0,0,29996,23571,332,3524,0,0,0,0,0
872,5159,873.1601065636423,99793,980,630,140,65,77377,43024,1.20650747046386,480,326,15146,21210,29564,20393,3689,7375,48912,38633,0,0,1644,324,3123,3552,22323,7385,4087,0,0,29993,23514,329,3519,0,0,0,0,0
873,5159,874.1044746765145,99793,949,622,140,65,77495,43097,1.2084214323649956,464,313,15187,21245,29585,20403,3674,7351,48920,38640,0,0,1627,322,3117,3548,22361,7440,4085,0,0,29995,23459,329,3510,0,0,0,0,0
874,5159,875.0490557296257,99793,921,599,140,65,77606,43181,1.2103754772378825,441,295,15253,21297,29580,20424,3664,7319,48928,38647,0,0,1617,318,3104,3549,22412,7484,4073,0,0,30025,23382,328,3501,0,0,0,0,0
875,5159,876.3098025475273,99793,886,605,140,65,77747,43274,1.2127203310853467,434,281,15330,21375,29565,20392,3644,7281,48936,38654,0,0,1600,317,3096,3544,22485,7529,4067,0,0,30013,23323,323,3496,0,0,0,0,0
876,5159,877.25624543253,99793,895,605,140,65,77858,43344,1.2145340855571032,437,278,15414,21429,29484,20370,3629,7252,48944,38661,0,0,1589,316,3088,3543,22527,7563,4064,0,0,30012,23280,322,3489,0,0,0,0,0
877,5159,878.2047292729831,99793,884,585,140,65,77964,43418,1.2163378192859218,428,273,15498,21473,29435,20379,3614,7224,48952,38668,0,0,1582,314,3072,3532,22594,7596,4057,0,0,30029,23218,320,3479,0,0,0,0,0
878,5159,879.155069933453,99791,880,571,142,65,78074,43484,1.21812588309567,405,264,15577,21505,29391,20393,3604,7201,48959,38675,0,0,1576,312,3064,3533,22636,7629,4044,0,0,30050,23157,318,3472,0,0,0,0,0
879,5159,880.107377673134,99791,897,551,142,65,78188,43542,1.2198494854245372,392,260,15634,21557,29346,20382,3588,7184,48966,38682,0,0,1569,310,3060,3528,22675,7661,4038,0,0,30067,23101,317,3465,0,0,0,0,0
880,5159,881.0612648835336,99791,874,542,142,65,78284,43614,1.2215330039783148,397,264,15697,21616,29313,20357,3576,7155,48973,38689,0,0,1556,309,3049,3527,22731,7685,4035,0,0,30097,23033,315,3454,0,0,0,0,0
881,5159,882.0167036171699,99791,845,526,142,65,78376,43681,1.2231263340381398,387,253,15751,21671,29304,20352,3570,7132,48980,38696,0,0,1551,307,3045,3524,22782,7722,4025,0,0,30108,22970,314,3443,0,0,0,0,0
882,5159,883.2921821724992,99789,820,538,143,66,78498,43770,1.2252653098036859,379,242,15849,21749,29261,20303,3547,7101,48987,38703,0,0,1541,306,3037,3527,22830,7757,4013,0,0,30134,22894,313,3437,0,0,0,0,0
883,5159,884.2502443895783,99788,811,520,144,66,78596,43831,1.2268709664488715,365,230,15937,21822,29212,20292,3530,7069,48994,38710,0,0,1532,304,3027,3526,22879,7784,4007,0,0,30153,22837,310,3429,0,0,0,0,0
884,5159,885.2099832918454,99788,787,517,144,66,78686,43888,1.2283440894696758,361,224,16008,21875,29186,20271,3513,7046,49001,38716,0,0,1520,303,3020,3525,22913,7815,4003,0,0,30173,22783,308,3425,0,0,0,0,0
885,5159,886.1713584565387,99788,754,485,144,66,78759,43940,1.2295967450996113,392,235,16074,21916,29134,20274,3501,7023,49008,38722,0,0,1511,301,3012,3527,22952,7853,3999,0,0,30185,22728,305,3415,0,0,0,0,0
886,5159,887.1344375483802,99788,735,489,144,66,78849,44009,1.231190123060889,382,210,16143,21958,29104,20267,3491,7009,49015,38728,0,0,1503,301,3009,3519,22993,7887,3994,0,0,30188,22682,303,3409,0,0,0,0,0
887,5159,888.0989903704989,99788,735,480,144,66,78939,44062,1.2326231611015352,357,198,16225,22031,29062,20247,3476,6977,49022,38734,0,0,1491,301,3003,3513,23027,7924,3995,0,0,30181,22651,303,3399,0,0,0,0,0
888,5159,889.0654014003115,99788,724,468,144,66,79024,44115,1.234006092916984,334,197,16305,22096,29024,20224,3468,6948,49029,38740,0,0,1485,298,3001,3512,23064,7954,3989,0,0,30184,22606,296,3399,0,0,0,0,0
889,5159,890.0336109080225,99788,743,458,144,66,79124,44168,1.235539343408025,328,198,16354,22166,28969,20198,3461,6913,49036,38746,0,0,1478,298,2994,3515,23104,7985,3980,0,0,30165,22583,294,3392,0,0,0,0,0
890,5159,891.0033746818592,99788,726,444,144,66,79197,44208,1.2366717440974866,330,216,16423,22222,28929,20159,3447,6892,49043,38752,0,0,1468,298,2986,3510,23145,8009,3974,0,0,30179,22547,293,3379,0,0,0,0,0
891,5159,892.298581546735,99788,674,426,144,66,79298,44276,1.2383653345091594,325,201,16515,22299,28916,20143,3425,6864,49050,38758,0,0,1457,294,2975,3500,23193,8057,3971,0,0,30201,22479,292,3369,0,0,0,0,0
892,5159,893.2712553584173,99788,653,419,144,66,79379,44324,1.2396580751192527,314,195,16588,22358,28882,20112,3418,6849,49057,38764,0,0,1448,294,2968,3497,23235,8089,3968,0,0,30195,22442,292,3360,0,0,0,0,0
893,5159,894.2454040085651,99788,614,401,144,66,79443,44367,1.2407303483384775,311,195,16670,22426,28848,20084,3412,6827,49064,38770,0,0,1440,292,2963,3501,23261,8124,3961,0,0,30207,22394,291,3354,0,0,0,0,0
894,5159,895.221382930005,99788,609,391,144,66,79515,44407,1.2418527277828997,306,203,16746,22486,28792,20045,3402,6808,49071,38776,0,0,1433,289,2957,3502,23286,8151,3953,0,0,30213,22365,289,3350,0,0,0,0,0
895,5159,896.1993740908893,99788,616,359,144,66,79592,44444,1.242995149717401,291,204,16808,22553,28746,20031,3394,6786,49078,38782,0,0,1427,289,2949,3505,23302,8183,3943,0,0,30237,22319,289,3345,0,0,0,0,0
896,5159,897.1790844538907,99788,610,354,144,66,79676,44489,1.2442878903274943,289,200,16868,22606,28712,20003,3376,6770,49085,38788,0,0,1421,288,2946,3509,23322,8218,3930,0,0,30235,22292,287,3340,0,0,0,0,0
897,5159,898.1602958734856,99788,594,376,144,66,79737,44539,1.245400248526877,282,187,16945,22683,28675,19940,3359,6747,49092,38794,0,0,1415,288,2942,3507,23353,8232,3918,0,0,30250,22261,286,3336,0,0,0,0,0
898,5159,899.1429001047571,99788,568,367,144,66,79796,44581,1.246412394275865,292,180,16994,22736,28652,19923,3349,6727,49099,38800,0,0,1409,287,2940,3504,23384,8262,3912,0,0,30244,22230,286,3330,0,0,0,0,0
899,5159,900.1264853943734,99788,556,346,144,66,79848,44604,1.247163987653826,315,214,17035,22769,28616,19894,3333,6710,49099,38800,0,0,1404,287,2938,3509,23406,8282,3911,0,0,30242,22199,286,3324,0,0,0,0,0
900,5159,900.1264853943734,99788,557,351,144,66,79874,44622,1.2476049224355634,329,205,17044,22789,28599,19887,3326,6701,49099,38800,0,0,1404,287,2937,3510,23415,8292,3908,0,4,30227,22195,286,3323,0,0,0,0,0
901,5159,901.1117311019975,99788,546,353,144,66,79958,44671,1.2489377480258148,321,209,17123,22839,28559,19872,3306,6660,49099,38800,0,0,1398,286,2927,3503,23444,8321,3906,6,44,30195,22155,286,3317,0,0,0,0,0
902,5159,902.098567156722,99788,532,353,144,66,80029,44722,1.2501603399206318,344,196,17196,22910,28494,19842,3289,6632,49099,38800,0,0,1394,285,2925,3506,23460,8351,3898,10,83,30162,22116,285,3313,0,0,0,0,0
903,5159,903.0876203459901,99788,536,358,144,66,80108,44769,1.2514230167956066,342,198,17270,22975,28433,19794,3274,6608,49099,38800,0,0,1388,285,2922,3513,23481,8374,3888,16,111,30129,22088,283,3310,0,0,0,0,0
904,5159,904.0788881016813,99788,557,355,144,66,80203,44821,1.2528961398164107,337,181,17324,23051,28380,19767,3257,6579,49099,38800,0,0,1386,284,2920,3513,23500,8403,3883,18,148,30093,22051,283,3306,0,0,0,0,0
905,5159,905.0716619057982,99788,565,358,144,66,80282,44866,1.2541387742013068,330,188,17378,23114,28340,19726,3242,6547,49099,38800,0,0,1386,284,2915,3511,23525,8425,3880,18,185,30061,22014,282,3302,0,0,0,0,0
906,5159,906.0657508029891,99788,572,353,144,66,80372,44913,1.255511684771716,332,195,17431,23163,28288,19705,3232,6517,49099,38800,0,0,1384,284,2914,3510,23564,8447,3872,20,222,30023,21977,282,3289,0,0,0,0,0
907,5159,907.0618196133004,99787,581,349,144,67,80447,44969,1.2568370629440708,349,208,17500,23221,28214,19670,3211,6484,49099,38800,0,0,1381,284,2907,3511,23590,8475,3869,23,255,29981,21944,281,3286,0,0,0,0,0
908,5159,908.059907755827,99787,572,337,144,67,80532,45016,1.258159880545562,335,217,17580,23282,28173,19642,3195,6454,49099,38800,0,0,1378,283,2900,3510,23634,8502,3863,26,296,29933,21903,280,3279,0,0,0,0,0
909,5159,909.0598399072766,99787,590,347,144,67,80621,45082,1.2597131890927675,335,198,17652,23332,28099,19620,3179,6435,49099,38800,0,0,1370,282,2896,3508,23656,8531,3860,34,327,29897,21872,279,3275,0,0,0,0,0
910,5159,910.0620385630193,99787,610,354,144,67,80726,45136,1.2613065830218364,341,196,17693,23388,28046,19591,3165,6403,49099,38800,0,0,1364,281,2891,3509,23686,8558,3852,40,357,29860,21842,279,3268,0,0,0,0,0
911,5159,911.0660563263523,99785,629,357,144,69,80824,45194,1.2628952247331764,330,204,17754,23458,27988,19540,3154,6371,49099,38800,0,0,1362,280,2886,3516,23709,8587,3841,42,389,29826,21808,278,3261,0,0,0,0,0
912,5159,912.0717862777893,99784,638,353,145,69,80915,45241,1.264290868275475,327,214,17814,23519,27937,19496,3138,6348,49099,38800,0,0,1356,279,2880,3514,23731,8617,3837,48,422,29789,21775,278,3258,0,0,0,0,0
913,5159,913.0792657235987,99784,641,346,145,69,81000,45287,1.2656037040006414,324,220,17874,23573,27888,19469,3127,6322,49099,38800,0,0,1353,278,2876,3513,23763,8645,3833,51,457,29745,21740,277,3253,0,0,0,0,0
914,5159,914.08839638012,99784,627,364,145,69,81089,45362,1.2672472540687887,332,202,17943,23633,27849,19436,3103,6295,49099,38800,0,0,1347,278,2871,3512,23781,8685,3822,57,496,29711,21700,277,3247,0,0,0,0,0
915,5159,915.099014767823,99784,635,376,145,69,81176,45415,1.2686502846147678,339,210,17998,23684,27790,19393,3092,6267,49099,38800,0,0,1345,277,2870,3517,23793,8717,3814,59,519,29680,21677,275,3241,0,0,0,0,0
916,5159,916.1112400020494,99784,621,384,145,69,81251,45468,1.2699330553996633,343,216,18060,23719,27756,19371,3074,6240,49099,38800,0,0,1339,276,2867,3520,23820,8740,3808,65,561,29639,21635,274,3240,0,0,0,0,0
917,5159,917.125119276275,99784,620,379,145,69,81341,45513,1.2712859777118577,345,224,18126,23778,27714,19347,3049,6202,49099,38800,0,0,1336,276,2860,3519,23828,8784,3803,68,587,29607,21608,273,3235,0,0,0,0,0
918,5159,918.1404276719246,99784,611,385,145,69,81425,45576,1.272759159785136,352,233,18181,23827,27672,19312,3038,6173,49099,38800,0,0,1335,275,2852,3521,23874,8810,3796,69,624,29556,21571,273,3228,0,0,0,0,0
919,5159,919.157302361254,99784,631,388,145,69,81525,45638,1.274382666559769,362,228,18242,23887,27607,19280,3012,6147,49099,38800,0,0,1333,275,2841,3517,23913,8836,3792,71,660,29514,21535,273,3224,0,0,0,0,0
920,5159,920.1761358154895,99784,619,385,145,69,81607,45699,1.2758157620460193,354,238,18296,23940,27587,19254,2998,6113,49099,38800,0,0,1326,274,2836,3521,23956,8858,3781,78,703,29470,21491,272,3218,0,0,0,0,0
921,5159,921.196114789159,99784,611,403,145,69,81695,45765,1.2773590956465966,353,232,18368,23996,27537,19216,2985,6083,49099,38800,0,0,1318,273,2831,3524,23987,8884,3771,86,742,29430,21451,272,3215,0,0,0,0,0
922,5159,922.2178611451251,99784,621,386,145,69,81787,45805,1.27868195301852,371,250,18418,24056,27480,19183,2964,6055,49099,38800,0,0,1310,272,2829,3521,24014,8912,3768,94,778,29394,21415,270,3207,0,0,0,0,0
923,5159,923.2411598062563,99784,605,395,145,69,81871,45866,1.2801350917982843,379,247,18486,24126,27441,19145,2943,6017,49099,38800,0,0,1306,272,2827,3522,24026,8957,3762,98,809,29350,21384,269,3202,0,0,0,0,0
924,5159,924.2661469768941,99784,623,390,145,69,81981,45920,1.2817786418664314,370,251,18550,24194,27393,19101,2918,5994,49099,38800,0,0,1304,272,2820,3523,24061,8986,3754,100,847,29310,21346,267,3194,0,0,0,0,0
925,5159,925.2928311295308,99784,654,397,145,69,82083,45993,1.2835324300489057,355,241,18617,24220,27332,19103,2896,5969,49099,38800,0,0,1304,272,2818,3523,24084,9014,3748,100,893,29275,21300,266,3187,0,0,0,0,0
926,5159,926.3216845946469,99784,665,382,145,69,82177,46045,1.2849955904754269,355,248,18675,24274,27284,19081,2875,5945,49099,38800,0,0,1300,270,2814,3523,24104,9050,3744,104,935,29236,21257,265,3182,0,0,0,0,0
927,5159,927.0084918785111,99784,671,389,145,69,82251,46093,1.2862182313797803,347,241,18711,24307,27262,19066,2863,5927,49099,38800,0,0,1298,270,2811,3525,24138,9065,3738,106,965,29207,21226,263,3172,0,0,0,0,0
928,5159,928.0396705305628,99784,654,378,145,69,82337,46162,1.2877715866271147,345,245,18775,24357,27230,19053,2850,5897,49099,38800,0,0,1294,268,2803,3526,24178,9101,3733,110,1016,29155,21175,261,3164,0,0,0,0,0
929,5159,929.0724922016167,99784,625,392,145,69,82417,46224,1.2891946604666078,351,254,18842,24400,27208,19014,2828,5870,49099,38800,0,0,1289,268,2800,3523,24216,9134,3723,115,1044,29110,21145,261,3156,0,0,0,0,0
930,5159,930.1063603284957,99784,611,401,145,69,82489,46306,1.290737994067185,378,234,18894,24452,27162,18994,2809,5849,49099,38800,0,0,1288,267,2790,3520,24270,9156,3716,116,1089,29065,21099,260,3148,0,0,0,0,0
931,5159,931.1418504486618,99784,636,410,145,69,82604,46376,1.2925919987172292,367,223,18947,24517,27117,18965,2787,5815,49099,38800,0,0,1286,267,2785,3522,24318,9174,3710,117,1141,29023,21047,259,3135,0,0,0,0,0
932,5159,932.1787606003678,99784,627,418,145,69,82693,46442,1.2941453539645635,381,212,19005,24570,27068,18947,2773,5783,49099,38800,0,0,1281,267,2782,3519,24346,9209,3706,122,1184,28975,21004,259,3130,0,0,0,0,0
933,5159,933.2174089077001,99784,644,432,145,69,82797,46507,1.2958390122664956,373,220,19067,24611,27014,18902,2756,5765,49099,38800,0,0,1278,264,2778,3524,24379,9233,3698,125,1219,28933,20968,258,3127,0,0,0,0,0
934,5159,934.2578090640794,99784,645,422,145,69,82895,46565,1.2974023891605868,360,227,19110,24659,26995,18879,2744,5743,49099,38800,0,0,1272,264,2772,3525,24406,9265,3689,131,1265,28896,20921,257,3121,0,0,0,0,0
935,5159,935.2993757423379,99784,642,420,145,69,82981,46617,1.2987853764130521,365,241,19168,24715,26947,18842,2732,5712,49099,38800,0,0,1271,262,2767,3520,24441,9297,3686,132,1296,28855,20887,256,3114,0,0,0,0,0
936,5159,936.3425441005884,99784,639,441,145,69,83082,46692,1.3005491862422833,367,236,19229,24738,26899,18827,2720,5688,49099,38800,0,0,1269,260,2761,3529,24477,9327,3673,134,1330,28810,20852,254,3108,0,0,0,0,0
937,5159,937.0388866182674,99784,639,448,145,69,83152,46742,1.3017517838531227,362,227,19278,24754,26868,18830,2707,5671,49099,38800,0,0,1267,260,2760,3529,24502,9347,3666,136,1364,28779,20818,254,3102,0,0,0,0,0
938,5159,938.0851622498238,99783,619,438,146,69,83235,46800,1.3031778960343947,363,240,19360,24798,26816,18821,2695,5633,49099,38800,0,0,1262,259,2751,3536,24547,9376,3654,141,1407,28730,20774,253,3093,0,0,0,0,0
939,5159,939.1335906680672,99782,629,444,146,70,83324,46859,1.3046741897336194,358,249,19431,24842,26755,18792,2680,5602,49099,38800,0,0,1258,258,2746,3533,24566,9410,3652,145,1435,28694,20744,253,3088,0,0,0,0,0
940,5159,940.1844110647754,99782,631,455,146,70,83429,46928,1.3064179912208616,357,248,19501,24892,26697,18769,2667,5565,49099,38800,0,0,1257,258,2743,3534,24589,9450,3643,146,1474,28650,20705,251,3082,0,0,0,0,0
941,5159,941.2373985085414,99782,627,468,146,70,83524,46995,1.3080415305365698,358,242,19564,24955,26651,18729,2653,5535,49099,38800,0,0,1256,257,2737,3542,24626,9475,3626,147,1514,28610,20665,251,3076,0,0,0,0,0
942,5159,942.291976029448,99782,629,450,146,70,83616,47045,1.3094646328997215,355,257,19646,25030,26591,18687,2632,5505,49099,38800,0,0,1253,256,2728,3540,24665,9501,3623,150,1562,28570,20614,251,3069,0,0,0,0,0
943,5159,943.349041877008,99782,649,434,146,70,83711,47100,1.3109679100438958,360,271,19701,25052,26525,18695,2618,5477,49099,38800,0,0,1250,255,2725,3543,24692,9534,3616,153,1598,28522,20577,251,3066,0,0,0,0,0
944,5159,944.0552503348799,99782,650,427,146,70,83762,47135,1.3118297889398889,371,284,19746,25090,26477,18671,2609,5457,49099,38800,0,0,1248,254,2721,3543,24712,9549,3614,155,1628,28500,20547,250,3061,0,0,0,0,0
945,5159,945.1163636334129,99782,666,438,146,70,83871,47209,1.3136637870557817,368,267,19782,25146,26443,18650,2594,5428,49099,38800,0,0,1241,254,2718,3540,24741,9584,3609,162,1667,28455,20508,249,3054,0,0,0,0,0
946,5159,946.1789031035437,99781,636,438,147,70,83951,47286,1.3152503983724357,383,261,19841,25197,26410,18639,2582,5394,49099,38800,0,0,1236,253,2708,3541,24783,9623,3600,167,1706,28401,20466,248,3049,0,0,0,0,0
947,5159,947.2430886746284,99781,628,443,147,70,84050,47353,1.3169140417514356,379,258,19903,25252,26375,18608,2567,5368,49099,38800,0,0,1229,253,2705,3543,24814,9661,3593,174,1741,28351,20429,246,3042,0,0,0,0,0
948,5159,948.308670295698,99780,633,448,148,70,84151,47427,1.3186810984165163,380,247,19960,25302,26327,18590,2551,5342,49099,38800,0,0,1224,252,2699,3542,24844,9699,3589,179,1777,28308,20386,246,3035,0,0,0,0,0
949,5159,949.0200662474904,99780,628,451,148,70,84209,47473,1.3197233914612148,385,240,19995,25343,26309,18572,2534,5323,49099,38800,0,0,1221,251,2695,3541,24872,9718,3587,182,1804,28274,20358,245,3032,0,0,0,0,0
950,5159,950.0882726848976,99780,624,467,148,70,84297,47540,1.3212768089797555,397,238,20053,25370,26260,18542,2517,5312,49099,38800,0,0,1218,250,2695,3544,24888,9754,3579,185,1838,28233,20323,243,3030,0,0,0,0,0
951,5159,951.158185141728,99780,630,460,148,70,84415,47609,1.323150932050511,388,235,20105,25422,26229,18524,2499,5288,49099,38800,0,0,1217,250,2689,3549,24927,9793,3570,185,1882,28176,20278,239,3025,0,0,0,0,0
952,5159,952.2297223241414,99780,637,455,148,70,84523,47677,1.3249148125876928,392,231,20139,25472,26200,18506,2483,5265,49099,38800,0,0,1216,250,2685,3550,24969,9826,3558,185,1925,28126,20233,239,3018,0,0,0,0,0
953,5159,953.3020137563832,99780,611,459,148,70,84610,47747,1.326488274203247,412,234,20180,25524,26178,18474,2470,5238,49099,38800,0,0,1216,249,2675,3555,25018,9858,3546,185,1960,28077,20191,239,3011,0,0,0,0,0
954,5159,954.0175422011409,99780,613,465,148,70,84675,47793,1.3276007215874925,421,221,20211,25564,26149,18457,2457,5222,49099,38800,0,0,1212,249,2674,3553,25043,9879,3542,189,1981,28048,20169,235,3006,0,0,0,0,0
955,5159,955.0919929420724,99779,619,452,148,71,84779,47856,1.329287725874182,418,230,20262,25603,26110,18453,2442,5190,49099,38800,0,0,1204,246,2668,3559,25069,9911,3533,197,2034,28011,20112,235,3000,0,0,0,0,0
956,5159,956.168036604332,99779,625,413,148,71,84881,47899,1.3307409374718127,422,245,20306,25670,26066,18437,2432,5163,49099,38800,0,0,1198,246,2662,3574,25105,9945,3517,202,2073,27960,20070,234,2993,0,0,0,0,0
957,5159,957.2459591414906,99779,639,422,148,71,84985,47965,1.332444702793173,404,259,20354,25690,26035,18418,2419,5139,49099,38800,0,0,1198,245,2656,3579,25139,9975,3509,202,2108,27914,20035,233,2986,0,0,0,0,0
958,5159,958.3249284192384,99779,619,404,148,71,85072,48029,1.3339580472844987,420,257,20400,25718,26011,18428,2401,5121,49099,38800,0,0,1196,243,2652,3583,25184,10008,3498,204,2159,27856,19982,232,2982,0,0,0,0,0
959,5159,959.0449845914223,99779,629,400,148,71,85147,48068,1.335100572264705,412,252,20442,25756,25981,18413,2387,5107,49099,38800,0,0,1195,243,2644,3581,25202,10035,3495,205,2185,27830,19954,231,2979,0,0,0,0,0
960,5159,960.1266166230461,99779,629,419,148,71,85248,48146,1.3368945369266079,409,233,20465,25812,25972,18385,2376,5079,49099,38800,0,0,1194,242,2637,3584,25223,10076,3491,206,2224,27784,19914,230,2974,0,0,0,0,0
961,5159,961.2086347189029,99779,634,409,148,71,85356,48204,1.3385582136521712,415,240,20507,25877,25930,18362,2365,5040,49099,38800,0,0,1193,242,2629,3582,25272,10104,3484,207,2269,27735,19867,230,2965,0,0,0,0,0
962,5159,962.2921812612035,99779,643,426,148,71,85464,48274,1.340342156165125,404,239,20560,25919,25891,18326,2353,5018,49099,38800,0,0,1191,241,2626,3586,25302,10139,3477,209,2302,27686,19832,230,2958,0,0,0,0,0
963,5159,963.0154691732893,99779,634,420,148,71,85528,48314,1.3413844596558393,391,242,20599,25963,25887,18312,2340,4991,49099,38800,0,0,1189,241,2625,3590,25326,10164,3469,210,2326,27653,19806,229,2951,0,0,0,0,0
964,5159,964.1010316500895,99779,647,412,148,71,85655,48374,1.3432586015093357,390,248,20634,26002,25858,18296,2322,4970,49099,38800,0,0,1185,240,2619,3594,25355,10211,3463,213,2359,27599,19772,227,2942,0,0,0,0,0
965,5159,965.1878931582007,99779,642,398,148,71,85771,48435,1.34503252187334,381,251,20691,26045,25830,18297,2307,4937,49099,38800,0,0,1182,240,2615,3598,25386,10252,3449,216,2411,27553,19716,226,2935,0,0,0,0,0
966,5159,966.2761601397962,99779,674,403,148,71,85886,48494,1.346776375790497,371,253,20753,26090,25756,18274,2297,4908,49099,38800,0,0,1178,239,2613,3596,25402,10289,3442,220,2438,27518,19687,226,2931,0,0,0,0,0
967,5159,967.0031965475388,99779,689,406,148,71,85959,48543,1.3479990779622966,362,262,20788,26098,25726,18268,2286,4894,49099,38800,0,0,1178,238,2608,3600,25419,10310,3436,220,2467,27490,19658,224,2931,0,0,0,0,0
968,5159,968.0954414799626,99779,702,406,148,71,86072,48608,1.3497830204752503,372,256,20832,26145,25673,18254,2272,4867,49099,38800,0,0,1173,238,2606,3598,25467,10339,3429,225,2499,27439,19621,223,2922,0,0,0,0,0
969,5159,969.189528726761,99779,693,412,148,71,86175,48686,1.3515970294350514,379,243,20864,26204,25657,18241,2258,4828,49099,38800,0,0,1169,238,2594,3602,25502,10381,3423,227,2538,27390,19581,221,2913,0,0,0,0,0
970,5159,970.2844018792578,99779,686,422,148,71,86283,48758,1.3534010162459034,361,243,20921,26251,25639,18207,2244,4805,49099,38800,0,0,1164,237,2591,3608,25528,10426,3415,231,2573,27333,19544,220,2909,0,0,0,0,0
971,5159,971.0149214926905,99779,676,441,148,71,86351,48807,1.3545736076729573,354,234,20957,26284,25634,18176,2230,4793,49099,38800,0,0,1161,235,2587,3615,25546,10452,3404,233,2587,27305,19529,220,2905,0,0,0,0,0
972,5159,972.1111046252698,99779,657,424,148,71,86430,48880,1.3560969743132323,372,232,21005,26324,25602,18180,2215,4768,49099,38800,0,0,1159,234,2583,3612,25584,10488,3397,234,2644,27260,19470,220,2894,0,0,0,0,0
973,5159,973.2087398926063,99778,657,430,148,72,86523,48943,1.3576740363607207,387,244,21061,26380,25541,18131,2205,4742,49099,38800,0,0,1155,234,2577,3613,25616,10520,3388,238,2676,27218,19436,219,2888,0,0,0,0,0
974,5159,974.3085885604812,99776,640,437,150,72,86609,49016,1.359294820397691,404,234,21091,26415,25522,18122,2192,4719,49099,38800,0,0,1150,233,2573,3616,25645,10556,3379,243,2715,27173,19393,219,2881,0,0,0,0,0
975,5159,975.0422890303137,99776,641,441,150,72,86682,49068,1.3605476266837717,412,224,21128,26453,25485,18109,2183,4700,49099,38800,0,0,1146,232,2571,3622,25652,10591,3370,247,2738,27143,19369,219,2876,0,0,0,0,0
976,5159,976.1445082240838,99775,653,446,151,72,86799,49143,1.3624855925833124,417,213,21170,26498,25434,18089,2174,4681,49099,38800,0,0,1145,232,2566,3620,25691,10628,3361,248,2776,27096,19327,219,2866,0,0,0,0,0
977,5159,977.2488970341915,99774,654,451,152,72,86901,49202,1.3641128951430233,437,220,21228,26537,25368,18060,2160,4659,49099,38800,0,0,1143,232,2560,3627,25708,10671,3351,250,2799,27054,19301,217,2861,0,0,0,0,0
978,5159,978.3556100957798,99773,688,445,153,72,87049,49260,1.3661912541469134,418,235,21274,26566,25322,18051,2144,4630,49099,38800,0,0,1138,230,2555,3630,25716,10720,3345,254,2840,27018,19256,216,2855,0,0,0,0,0
979,5159,979.0945067108324,99773,689,444,153,72,87124,49301,1.367353893337877,413,235,21309,26603,25299,18032,2136,4613,49099,38800,0,0,1137,230,2551,3629,25739,10746,3338,255,2863,26992,19230,216,2847,0,0,0,0,0
980,5159,980.2042673779197,99773,680,426,153,72,87232,49357,1.36899762460786,436,241,21337,26656,25270,18015,2123,4589,49099,38800,0,0,1134,229,2544,3635,25773,10788,3325,258,2899,26944,19188,214,2842,0,0,0,0,0
981,5159,981.3153773029965,99773,684,419,153,72,87335,49416,1.3706213103745502,456,251,21370,26696,25222,17994,2114,4567,49099,38800,0,0,1131,229,2535,3638,25817,10817,3318,261,2933,26895,19152,211,2836,0,0,0,0,0
982,5159,982.056951175762,99773,701,421,153,72,87421,49462,1.3719443135918534,452,249,21397,26730,25193,17971,2103,4556,49099,38800,0,0,1130,229,2528,3633,25844,10846,3315,262,2956,26863,19129,211,2827,0,0,0,0,0
983,5159,983.1704675410357,99773,703,425,153,72,87556,49546,1.3741392962023795,411,248,21445,26743,25196,17975,2091,4536,49099,38800,0,0,1126,228,2523,3631,25873,10898,3307,264,3006,26815,19075,211,2816,0,0,0,0,0
984,5159,984.2846966725546,99773,701,428,153,72,87665,49617,1.375943391498702,440,242,21500,26792,25130,17945,2075,4520,49099,38800,0,0,1121,226,2514,3632,25915,10932,3300,268,3050,26767,19028,210,2810,0,0,0,0,0
985,5159,985.0288795178719,99773,682,429,153,72,87733,49666,1.3771160534413118,446,232,21518,26810,25138,17947,2062,4509,49099,38800,0,0,1120,225,2511,3629,25938,10964,3296,269,3081,26729,18995,210,2806,0,0,0,0,0
986,5159,986.1454693694095,99773,680,418,153,72,87841,49726,1.3787998757178797,468,236,21554,26852,25097,17935,2047,4486,49099,38800,0,0,1117,225,2500,3624,25981,11005,3292,272,3114,26676,18959,208,2800,0,0,0,0,0
987,5159,987.2637111650254,99773,703,408,153,72,87978,49793,1.380844517053712,446,239,21612,26902,25056,17919,2029,4459,49099,38800,0,0,1114,225,2494,3623,26025,11049,3284,275,3145,26620,18919,207,2793,0,0,0,0,0
988,5159,988.0105240641424,99773,700,415,153,72,88056,49845,1.3821474747677227,446,231,21634,26928,25041,17908,2025,4445,49099,38800,0,0,1110,225,2490,3628,26031,11083,3275,279,3173,26595,18890,207,2787,0,0,0,0,0
989,5159,989.131107977847,99773,698,407,153,72,88179,49897,1.3839014563058143,441,260,21670,26965,25023,17878,2014,4417,49099,38800,0,0,1108,222,2485,3636,26067,11122,3262,281,3208,26539,18851,207,2785,0,0,0,0,0
990,5159,990.2525920236113,99773,739,407,153,72,88307,49967,1.385885961131769,449,256,21692,27034,24968,17841,1998,4389,49099,38800,0,0,1105,221,2481,3636,26103,11154,3254,283,3238,26501,18814,206,2777,0,0,0,0,0
991,5159,991.0013160614631,99773,748,403,153,72,88387,50010,1.3871187595842562,438,255,21724,27062,24949,17835,1987,4372,49099,38800,0,0,1103,220,2479,3637,26118,11186,3251,285,3263,26469,18788,205,2769,0,0,0,0,0
992,5159,992.1253727062259,99772,748,419,154,72,88526,50082,1.3892474842641223,422,256,21756,27107,24946,17801,1973,4344,49099,38800,0,0,1097,220,2471,3635,26148,11235,3243,291,3298,26418,18749,205,2762,0,0,0,0,0
993,5159,993.2497555184468,99772,762,431,154,72,88650,50158,1.3912520546846812,415,246,21796,27135,24916,17797,1956,4318,49099,38800,0,0,1095,219,2469,3639,26176,11276,3231,292,3329,26373,18711,205,2757,0,0,0,0,0
994,5159,994.0000638192265,99772,746,448,154,72,88726,50217,1.3926051397185584,424,237,21827,27162,24899,17774,1949,4306,49099,38800,0,0,1093,218,2464,3648,26211,11300,3219,294,3353,26328,18685,205,2754,0,0,0,0,0
995,5159,995.1265138882321,99772,763,441,154,72,88856,50280,1.3945395501743976,422,253,21858,27201,24869,17750,1933,4282,49099,38800,0,0,1091,217,2459,3647,26245,11342,3214,296,3392,26279,18638,205,2747,0,0,0,0,0
996,5159,996.2541628848811,99772,768,426,154,72,88998,50353,1.3966944633764984,399,240,21891,27251,24870,17752,1917,4258,49099,38800,0,0,1087,217,2453,3647,26276,11400,3204,299,3437,26218,18588,205,2741,0,0,0,0,0
997,5159,997.006157554079,99772,769,419,154,72,89078,50395,1.3979172513330393,405,238,21898,27272,24865,17750,1908,4248,49099,38800,0,0,1082,216,2452,3649,26294,11429,3199,303,3461,26185,18560,205,2737,0,0,0,0,0
998,5159,998.1341804834592,99772,740,428,154,72,89181,50472,1.3997213647115423,424,242,21939,27313,24850,17720,1892,4224,49099,38800,0,0,1078,216,2444,3653,26325,11482,3187,307,3489,26129,18528,203,2731,0,0,0,0,0
999,5159,999.2628754912885,99771,723,422,155,72,89298,50530,1.4014894107506188,422,250,21963,27370,24856,17685,1880,4200,49099,38800,0,0,1077,216,2434,3647,26373,11524,3179,308,3527,26073,18485,203,2725,0,0,0,0,0
1000,5159,1000.015600264161,99771,709,426,155,72,89379,50576,1.4027623257259123,417,264,21988,27379,24858,17672,1872,4186,49099,38800,0,0,1075,216,2429,3643,26396,11560,3171,310,3547,26038,18462,203,2721,0,0,0,0,0
1001,5159,1001.1447307335665,99771,718,442,155,72,89493,50656,1.4047067785228173,411,260,22033,27414,24824,17653,1858,4158,49099,38800,0,0,1072,216,2427,3640,26435,11599,3164,313,3580,25982,18429,201,2713,0,0,0,0,0
1002,5159,1002.2749286645022,99771,709,430,155,72,89597,50728,1.4064708181736176,428,248,22062,27433,24809,17672,1836,4144,49099,38800,0,0,1068,216,2423,3642,26469,11643,3158,317,3628,25929,18378,198,2702,0,0,0,0,0
1003,5159,1003.0288293837135,99770,706,437,156,72,89673,50782,1.4077879121980554,425,236,22093,27455,24794,17666,1825,4133,49099,38800,0,0,1065,216,2417,3647,26495,11668,3151,320,3655,25890,18349,197,2700,0,0,0,0,0
1004,5159,1004.1606425712616,99770,719,444,156,72,89794,50859,1.4097724766964017,429,248,22117,27462,24764,17661,1814,4112,49099,38800,0,0,1064,215,2410,3641,26538,11704,3147,321,3694,25844,18305,197,2690,0,0,0,0,0
1005,5159,1005.2933762086996,99770,717,456,156,72,89910,50938,1.411726972035682,423,233,22165,27522,24737,17634,1801,4082,49099,38800,0,0,1062,215,2405,3636,26568,11748,3140,323,3733,25800,18262,196,2682,0,0,0,0,0
1006,5159,1006.0492500924902,99770,757,455,156,72,90010,50972,1.4130700611406235,404,240,22200,27536,24688,17630,1794,4066,49099,38800,0,0,1059,215,2402,3640,26580,11770,3133,324,3748,25777,18244,196,2682,0,0,0,0,0
1007,5159,1007.185093896209,99770,752,443,156,72,90122,51033,1.4148040493134209,393,257,22228,27565,24684,17626,1786,4036,49099,38800,0,0,1057,214,2398,3638,26607,11817,3125,326,3787,25731,18202,195,2673,0,0,0,0,0
1008,5159,1008.3217594244334,99770,751,448,156,72,90249,51110,1.4168487521298987,392,267,22267,27580,24651,17616,1782,4016,49099,38800,0,0,1055,214,2391,3634,26657,11855,3117,326,3836,25671,18150,195,2669,0,0,0,0,0
1009,5159,1009.0801809632363,99770,734,445,156,72,90327,51157,1.4181016337576426,401,271,22273,27605,24659,17606,1776,4000,49099,38800,0,0,1054,214,2386,3635,26671,11893,3108,327,3872,25638,18112,195,2665,0,0,0,0,0
1010,5159,1010.2179274780375,99770,733,439,156,72,90433,51230,1.4198957602485718,424,264,22305,27654,24623,17592,1758,3978,49099,38800,0,0,1049,214,2383,3623,26722,11932,3102,332,3903,25582,18075,195,2658,0,0,0,0,0
1011,5159,1011.3566274405966,99770,729,446,156,72,90543,51310,1.4218001403227423,449,257,22314,27691,24605,17579,1746,3954,49099,38800,0,0,1046,213,2378,3623,26746,11981,3089,334,3938,25538,18037,195,2652,0,0,0,0,0
1012,5159,1012.1162745200623,99770,726,445,156,72,90624,51356,1.42307306805653,464,265,22326,27717,24591,17556,1736,3944,49099,38800,0,0,1042,213,2374,3617,26780,12006,3083,338,3962,25504,18009,195,2647,0,0,0,0,0
1013,5159,1013.2564115540046,99769,719,450,157,72,90754,51435,1.4251821708145818,451,249,22362,27753,24586,17552,1724,3923,49099,38800,0,0,1039,212,2370,3624,26798,12061,3071,340,4003,25456,17967,193,2635,0,0,0,0,0
1014,5159,1014.0168081424126,99769,719,444,157,72,90840,51479,1.4264851807675731,444,251,22395,27788,24569,17536,1715,3908,49099,38800,0,0,1034,211,2366,3623,26815,12092,3068,345,4035,25424,17934,193,2629,0,0,0,0,0
1015,5159,1015.1583057963816,99769,723,453,157,72,90984,51553,1.4286702282272048,409,238,22408,27832,24595,17519,1707,3885,49099,38800,0,0,1029,210,2356,3625,26858,12134,3057,349,4075,25370,17892,193,2621,0,0,0,0,0
1016,5159,1016.2992329751047,99769,713,455,157,72,91108,51620,1.4305846505427537,390,251,22465,27859,24576,17498,1698,3864,49099,38800,0,0,1025,209,2350,3627,26881,12185,3046,351,4115,25325,17846,193,2616,0,0,0,0,0
1017,5159,1017.0603599237065,99769,704,454,157,72,91174,51662,1.431667151119085,388,246,22490,27891,24570,17484,1690,3852,49099,38800,0,0,1020,207,2348,3630,26914,12207,3043,354,4127,25291,17826,191,2611,0,0,0,0,0
1018,5159,1018.2027908210847,99769,685,453,157,72,91279,51726,1.433361064057974,397,245,22508,27947,24572,17448,1680,3834,49099,38800,0,0,1019,207,2346,3625,26940,12259,3039,355,4164,25237,17783,191,2604,0,0,0,0,0
1019,5159,1019.3453113911356,99768,671,463,158,72,91385,51800,1.4351796167107689,412,261,22539,27997,24552,17394,1667,3812,49099,38800,0,0,1014,206,2344,3620,26990,12299,3033,360,4194,25172,17750,191,2595,0,0,0,0,0
1020,5159,1020.1073363121211,99768,689,456,158,72,91469,51840,1.4364225002004651,410,259,22567,28025,24515,17391,1660,3796,49099,38800,0,0,1014,205,2342,3624,27000,12330,3026,360,4218,25143,17724,191,2591,0,0,0,0,0
1021,5159,1021.252059512328,99768,689,453,158,72,91585,51911,1.4382968486889585,403,250,22609,28081,24486,17374,1654,3769,49099,38800,0,0,1012,204,2341,3608,27049,12369,3022,362,4253,25090,17683,190,2585,0,0,0,0,0
1022,5159,1022.0159079022793,99768,689,444,158,72,91654,51956,1.4394394996391628,389,264,22641,28093,24470,17375,1652,3751,49099,38800,0,0,1010,204,2339,3607,27077,12392,3015,364,4279,25058,17651,189,2583,0,0,0,0,0
1023,5159,1023.1631012087411,99768,678,452,158,72,91758,52029,1.4412136155881645,409,266,22671,28143,24451,17346,1632,3720,49099,38800,0,0,1009,202,2333,3604,27110,12433,3008,365,4315,25019,17607,188,2575,0,0,0,0,0
1024,5159,1024.311234356344,99768,708,451,158,72,91888,52101,1.4432383128858952,402,280,22717,28169,24393,17326,1621,3701,49099,38800,0,0,1004,202,2324,3607,27142,12473,3001,368,4351,24971,17567,187,2571,0,0,0,0,0
1025,5159,1025.0779145822185,99768,719,458,158,72,91982,52161,1.4447818939940662,376,274,22747,28184,24385,17324,1614,3687,49099,38800,0,0,1001,200,2321,3607,27170,12505,2997,371,4365,24934,17543,186,2568,0,0,0,0,0
1026,5159,1026.2285018613145,99768,694,459,158,72,92074,52240,1.4464958704193729,396,271,22776,28210,24372,17319,1603,3668,49099,38800,0,0,997,200,2318,3602,27203,12554,2988,374,4397,24885,17505,186,2559,0,0,0,0,0
1027,5159,1027.3803107026504,99768,696,471,158,72,92184,52333,1.4485305909710529,412,238,22816,28259,24331,17310,1586,3649,49099,38800,0,0,994,199,2314,3601,27242,12590,2983,376,4442,24844,17449,186,2548,0,0,0,0,0
1028,5159,1028.1489129918527,99768,717,461,158,72,92274,52380,1.4499037767620881,414,225,22807,28292,24321,17316,1582,3633,49099,38800,0,0,991,198,2313,3604,27267,12617,2978,377,4464,24814,17418,186,2541,0,0,0,0,0
1029,5159,1029.3025316245394,99768,706,436,158,72,92387,52438,1.4516177531873948,419,241,22834,28318,24308,17322,1574,3610,49099,38800,0,0,988,197,2310,3605,27306,12663,2966,379,4503,24761,17370,185,2535,0,0,0,0,0
1030,5159,1030.0718541635542,99768,722,435,158,72,92475,52479,1.4529107529468366,402,266,22862,28326,24287,17300,1568,3600,49099,38800,0,0,986,196,2305,3609,27328,12690,2959,380,4517,24731,17351,185,2531,0,0,0,0,0
1031,5159,1031.2269671506351,99768,705,431,158,72,92588,52556,1.4548151711971775,417,268,22861,28360,24300,17292,1558,3576,49099,38800,0,0,981,196,2297,3614,27387,12727,2947,383,4552,24671,17305,184,2524,0,0,0,0,0
1032,5159,1032.381660793739,99768,705,439,158,72,92712,52631,1.4568097987330606,411,250,22880,28382,24294,17296,1551,3560,49099,38800,0,0,975,195,2288,3624,27427,12764,2936,388,4585,24621,17268,184,2513,0,0,0,0,0
1033,5159,1033.1514181719579,99768,701,451,158,72,92785,52694,1.4581729612701468,409,242,22908,28397,24278,17290,1545,3547,49099,38800,0,0,969,194,2284,3626,27452,12791,2931,394,4601,24591,17241,183,2511,0,0,0,0,0
1034,5159,1034.307219184999,99768,690,441,158,72,92909,52756,1.460037286504691,405,240,22949,28427,24265,17285,1532,3534,49099,38800,0,0,967,194,2277,3622,27482,12844,2922,395,4643,24541,17196,182,2503,0,0,0,0,0
1035,5159,1035.0782774229908,99768,656,438,158,72,92967,52806,1.4611197979312003,416,237,22988,28450,24257,17283,1524,3519,49099,38800,0,0,962,194,2277,3621,27518,12869,2916,399,4673,24499,17163,181,2496,0,0,0,0,0
1036,5159,1036.235839393642,99768,639,443,158,72,93073,52885,1.4629740999117953,424,225,23029,28494,24238,17268,1511,3497,49099,38800,0,0,958,193,2270,3622,27546,12922,2907,402,4704,24446,17126,181,2491,0,0,0,0,0
1037,5159,1037.0081278301077,99768,636,454,158,72,93142,52935,1.4641668671317456,422,221,23053,28522,24225,17251,1505,3479,49099,38800,0,0,956,193,2267,3626,27569,12942,2900,402,4725,24418,17099,181,2490,0,0,0,0,0
1038,5159,1038.1676314311255,99767,648,438,159,72,93264,53008,1.4661360971062576,391,214,23104,28557,24200,17260,1497,3458,49099,38800,0,0,954,191,2264,3626,27619,12985,2892,403,4752,24357,17061,181,2482,0,0,0,0,0
1039,5159,1039.3287361228497,99767,664,426,159,72,93391,53062,1.4679503242555154,370,231,23167,28594,24152,17233,1487,3443,49099,38800,0,0,952,191,2261,3629,27642,13024,2879,404,4790,24319,17019,179,2478,0,0,0,0,0
1040,5159,1040.1039309076625,99767,655,426,159,72,93449,53108,1.4689927531147573,373,237,23209,28612,24124,17223,1479,3429,49099,38800,0,0,948,190,2258,3638,27648,13057,2870,408,4802,24296,17000,178,2474,0,0,0,0,0
1041,5159,1041.2685581296396,99767,665,432,159,72,93563,53181,1.47086712039051,376,238,23249,28631,24087,17208,1463,3418,49099,38800,0,0,945,190,2253,3641,27661,13103,2860,411,4835,24259,16961,178,2470,0,0,0,0,0
1042,5159,1042.0458501722242,99766,660,415,160,72,93624,53219,1.4718741855942907,376,250,23292,28655,24056,17206,1455,3401,49099,38800,0,0,943,190,2253,3634,27685,13129,2859,413,4867,24228,16925,178,2462,0,0,0,0,0
1043,5159,1043.2134996264206,99765,632,415,160,73,93713,53294,1.4735328020848995,405,244,23328,28682,24032,17198,1442,3387,49099,38800,0,0,939,190,2245,3640,27712,13176,2846,417,4900,24190,16882,176,2452,0,0,0,0,0
1044,5159,1044.3824699883992,99764,634,427,161,73,93828,53368,1.475442043222004,385,235,23374,28715,24014,17185,1431,3364,49099,38800,0,0,935,190,2242,3635,27753,13216,2839,419,4920,24139,16855,176,2445,0,0,0,0,0
1045,5159,1045.1622455775607,99764,646,419,161,73,93907,53415,1.4767050238563009,379,228,23403,28736,23982,17194,1428,3349,49099,38800,0,0,932,190,2237,3633,27779,13245,2836,421,4938,24103,16831,176,2443,0,0,0,0,0
1046,5159,1046.3338599970893,99763,641,431,162,73,94023,53491,1.4786443871976584,362,222,23474,28781,23941,17163,1419,3329,49099,38800,0,0,929,189,2231,3630,27798,13301,2826,422,4961,24063,16803,176,2434,0,0,0,0,0
1047,5159,1047.1160002133877,99763,637,429,162,73,94100,53535,1.4798572617102532,362,238,23485,28804,23938,17135,1415,3320,49099,38800,0,0,925,189,2227,3629,27820,13329,2820,426,4981,24036,16778,175,2428,0,0,0,0,0
1048,5159,1048.2901432003819,99763,647,415,162,73,94218,53597,1.481661537844692,361,252,23525,28834,23902,17123,1402,3302,49099,38800,0,0,921,189,2221,3627,27837,13382,2810,430,5010,23992,16745,175,2424,0,0,0,0,0
1049,5159,1049.0738181890538,99763,643,413,162,73,94294,53645,1.482904483626194,362,245,23539,28854,23898,17125,1395,3289,49099,38800,0,0,919,189,2219,3632,27851,13417,2801,432,5031,23962,16715,175,2420,0,0,0,0,0
1050,5159,1050.2498115783856,99763,649,418,162,73,94399,53723,1.48473883102954,379,223,23588,28910,23845,17103,1376,3272,49099,38800,0,0,916,189,2214,3627,27878,13456,2796,434,5070,23926,16671,173,2413,0,0,0,0,0
1051,5159,1051.0350287208291,99763,652,412,162,73,94476,53768,1.4859617292984373,377,226,23606,28940,23831,17086,1371,3262,49099,38800,0,0,915,188,2208,3624,27905,13487,2791,435,5085,23895,16649,172,2409,0,0,0,0,0
1052,5159,1052.214377134033,99763,662,400,162,73,94581,53833,1.4876657678698515,386,235,23650,28990,23777,17061,1362,3240,49099,38800,0,0,911,186,2204,3623,27938,13527,2786,439,5114,23846,16612,172,2405,0,0,0,0,0
1053,5159,1053.0018501882384,99763,670,400,162,73,94660,53878,1.4889087136513537,382,227,23674,29027,23757,17045,1354,3227,49099,38800,0,0,907,185,2203,3618,27946,13562,2783,443,5129,23820,16591,172,2404,0,0,0,0,0
1054,5159,1054.184460553655,99763,667,397,162,73,94776,53944,1.4907330372983971,388,243,23711,29058,23728,17027,1343,3201,49099,38800,0,0,905,185,2197,3623,27988,13606,2775,444,5148,23764,16563,170,2395,0,0,0,0,0
1055,5159,1055.367989965745,99763,690,419,162,73,94900,54033,1.4928680973908162,386,231,23784,29088,23645,16999,1332,3189,49099,38800,0,0,900,184,2193,3623,28020,13645,2774,447,5175,23713,16530,168,2391,0,0,0,0,0
1056,5159,1056.1554826011954,99763,688,422,162,73,94975,54071,1.4940007818529917,391,242,23797,29089,23634,16988,1327,3185,49099,38800,0,0,898,182,2189,3622,28037,13668,2768,449,5201,23691,16503,168,2387,0,0,0,0,0
1057,5159,1057.3351237116447,99763,679,421,162,73,95086,54143,1.4958351292563374,379,244,23841,29122,23625,16976,1313,3163,49099,38800,0,0,890,182,2184,3622,28078,13706,2762,457,5235,23642,16458,167,2380,0,0,0,0,0
1058,5159,1058.1204651526,99763,681,430,162,73,95168,54199,1.4972184076260737,374,235,23859,29143,23615,16971,1308,3147,49099,38800,0,0,888,182,2178,3623,28098,13738,2754,459,5257,23611,16432,167,2376,0,0,0,0,0
1059,5159,1059.2975547745882,99762,677,428,163,73,95272,54274,1.499027685892424,385,238,23888,29170,23588,16960,1298,3130,49099,38800,0,0,885,182,2168,3620,28125,13786,2747,462,5290,23568,16392,167,2370,0,0,0,0,0
1060,5159,1060.0815203284806,99762,680,426,163,73,95350,54323,1.500300715703374,377,250,23918,29190,23573,16947,1288,3113,49099,38800,0,0,879,182,2164,3625,28150,13810,2736,468,5313,23537,16364,167,2367,0,0,0,0,0
1061,5159,1061.255573682105,99762,690,431,163,73,95462,54401,1.5022052484914095,359,237,23947,29226,23556,16936,1284,3096,49099,38800,0,0,876,181,2157,3625,28170,13851,2729,470,5354,23509,16317,166,2357,0,0,0,0,0
1062,5159,1062.0374190715352,99762,670,438,163,73,95525,54452,1.5033479681642308,389,246,23965,29242,23535,16923,1277,3077,49099,38800,0,0,875,181,2150,3624,28184,13885,2728,467,5365,23485,16299,164,2355,0,0,0,0,0
1063,5159,1063.2089948781397,99762,660,414,163,73,95637,54517,1.5051221908141377,385,257,24003,29267,23521,16927,1267,3061,49099,38800,0,0,869,180,2146,3628,28235,13933,2717,472,5388,23420,16265,163,2346,0,0,0,0,0
1064,5159,1064.3792864624315,99762,666,410,163,73,95747,54591,1.5069665804614985,373,247,24039,29299,23497,16926,1261,3044,49099,38800,0,0,865,179,2141,3627,28267,13979,2711,475,5413,23368,16232,163,2342,0,0,0,0,0
1065,5159,1065.1585637594774,99762,664,407,163,73,95827,54637,1.5082295864156694,358,255,24059,29310,23497,16923,1258,3031,49099,38800,0,0,863,179,2139,3625,28289,14008,2704,477,5441,23336,16201,161,2339,0,0,0,0,0
1066,5159,1066.3264222769753,99762,668,408,163,73,95936,54704,1.509993785208797,358,256,24074,29330,23483,16916,1253,3016,49099,38800,0,0,858,179,2134,3630,28314,14051,2693,481,5463,23298,16167,160,2334,0,0,0,0,0
1067,5159,1067.1045356162713,99762,664,410,163,73,96004,54755,1.5111866241655139,347,243,24115,29353,23463,16921,1247,2999,49099,38800,0,0,856,178,2133,3627,28325,14087,2690,483,5478,23267,16148,160,2330,0,0,0,0,0
1068,5159,1068.269729875736,99762,654,400,163,73,96099,54823,1.5128205128205128,360,242,24146,29382,23438,16924,1238,2978,49099,38800,0,0,855,178,2128,3624,28336,14146,2684,483,5501,23230,16116,159,2322,0,0,0,0,0
1069,5159,1069.045497324507,99761,670,410,163,74,96174,54875,1.5141087198404186,367,236,24154,29406,23416,16909,1229,2964,49099,38800,0,0,853,178,2125,3626,28352,14165,2678,484,5522,23209,16091,158,2320,0,0,0,0,0
1070,5159,1070.2085648781429,99761,665,402,163,74,96283,54941,1.5158629123605416,372,234,24160,29453,23418,16895,1221,2941,49099,38800,0,0,851,178,2121,3627,28402,14203,2666,486,5544,23155,16057,156,2315,0,0,0,0,0
1071,5159,1071.3711256904974,99760,666,396,163,75,96392,55003,1.5175922213311948,363,239,24201,29474,23395,16889,1211,2926,49099,38800,0,0,846,178,2115,3625,28442,14245,2661,491,5563,23101,16028,156,2309,0,0,0,0,0
1072,5159,1072.1452014321803,99759,647,416,163,76,96454,55062,1.5188203570605159,364,239,24223,29486,23397,16873,1205,2909,49099,38800,0,0,842,178,2111,3621,28476,14271,2660,495,5578,23062,16006,156,2303,0,0,0,0,0
1073,5159,1073.3053142917954,99759,640,402,163,76,96558,55126,1.5205044156416965,375,260,24243,29495,23384,16867,1194,2899,49099,38800,0,0,839,178,2104,3611,28505,14322,2654,498,5597,23026,15972,156,2297,0,0,0,0,0
1074,5159,1074.078281736763,99759,644,418,163,76,96631,55181,1.5217875078940246,366,246,24269,29518,23370,16852,1187,2889,49099,38800,0,0,839,178,2102,3608,28524,14346,2651,498,5623,23000,15943,156,2291,0,0,0,0,0
1075,5159,1075.236070414027,99759,659,433,163,76,96741,55263,1.5237121462725167,359,240,24300,29550,23343,16831,1175,2869,49099,38800,0,0,834,178,2097,3604,28544,14386,2647,502,5650,22969,15905,155,2288,0,0,0,0,0
1076,5159,1076.0070143812795,99759,661,442,163,76,96802,55312,1.5248148036768612,370,250,24327,29560,23308,16816,1170,2855,49099,38800,0,0,833,178,2095,3603,28558,14412,2644,502,5665,22944,15885,155,2285,0,0,0,0,0
1077,5159,1077.1617301338047,99759,655,423,163,76,96902,55394,1.5266392004731402,381,242,24346,29584,23301,16839,1153,2835,49099,38800,0,0,829,177,2088,3600,28602,14450,2637,506,5708,22899,15825,154,2284,0,0,0,0,0
1078,5159,1078.315385615609,99758,657,439,163,77,97002,55472,1.528438821949117,379,224,24377,29626,23280,16813,1143,2820,49099,38800,0,0,825,176,2085,3594,28620,14488,2635,509,5745,22868,15782,154,2277,0,0,0,0,0
1079,5159,1079.0837509977625,99758,661,427,163,77,97075,55512,1.5295715631829025,376,241,24406,29631,23258,16812,1135,2811,49099,38800,0,0,818,175,2082,3602,28625,14521,2626,515,5766,22844,15754,154,2276,0,0,0,0,0
1080,5159,1080.2346175488206,99758,658,420,163,77,97184,55573,1.5312756871629343,358,247,24477,29665,23222,16797,1121,2793,49099,38800,0,0,813,175,2082,3594,28649,14564,2624,519,5798,22803,15715,154,2268,0,0,0,0,0
1081,5159,1081.0002057453387,99758,667,425,163,77,97256,55621,1.5324785982076625,339,252,24519,29671,23193,16795,1118,2779,49099,38800,0,0,811,171,2081,3594,28680,14582,2622,521,5818,22770,15690,153,2265,0,0,0,0,0
1082,5159,1082.1462975357686,99758,659,435,163,77,97360,55700,1.5343130375508731,342,246,24562,29692,23165,16785,1108,2764,49099,38800,0,0,804,169,2080,3595,28691,14632,2616,528,5850,22727,15653,153,2260,0,0,0,0,0
1083,5159,1083.2904678390605,99758,654,437,163,77,97455,55772,1.5359870887547866,348,241,24568,29711,23161,16785,1105,2748,49099,38800,0,0,799,169,2076,3591,28724,14668,2608,531,5882,22686,15615,152,2257,0,0,0,0,0
1084,5159,1084.0528885740716,99757,655,432,164,77,97527,55818,1.5371853604258348,347,236,24592,29732,23145,16786,1096,2736,49099,38800,0,0,799,168,2072,3589,28755,14692,2606,531,5902,22651,15590,151,2251,0,0,0,0,0
1085,5159,1085.1955509538054,99757,637,443,164,77,97619,55888,1.5388093066150745,349,242,24626,29749,23136,16767,1087,2721,49099,38800,0,0,797,168,2067,3580,28782,14732,2602,532,5934,22613,15551,151,2248,0,0,0,0,0
1086,5159,1086.3366005724774,99757,642,444,164,77,97717,55970,1.5406136912697856,343,228,24683,29782,23086,16762,1081,2706,49099,38800,0,0,796,168,2060,3577,28814,14771,2593,533,5967,22577,15509,150,2242,0,0,0,0,0
1087,5159,1087.095807004304,99757,645,443,164,77,97787,56016,1.5417765169361548,334,236,24731,29783,23052,16760,1073,2700,49099,38800,0,0,794,167,2060,3581,28827,14799,2588,534,5983,22551,15484,149,2240,0,0,0,0,0
1088,5159,1088.2321848211302,99756,651,443,165,77,97889,56091,1.5435663017763344,316,231,24795,29808,23007,16754,1065,2686,49099,38800,0,0,793,167,2059,3586,28851,14842,2583,529,6009,22509,15448,149,2231,0,0,0,0,0
1089,5159,1089.366115324754,99755,634,439,166,77,97984,56154,1.5451656558568492,331,227,24820,29827,22996,16757,1052,2672,49099,38800,0,0,789,165,2052,3580,28878,14886,2579,532,6037,22466,15414,149,2228,0,0,0,0,0
1090,5159,1090.1213815696574,99755,637,423,166,77,98051,56186,1.5461580873139191,342,247,24827,29838,22977,16753,1050,2661,49099,38800,0,0,785,165,2050,3579,28891,14915,2577,534,6060,22438,15388,149,2224,0,0,0,0,0
1091,5159,1091.253208169218,99755,636,424,166,77,98143,56256,1.5477820660618515,360,251,24865,29843,22926,16759,1046,2645,49099,38800,0,0,783,165,2043,3579,28928,14951,2569,536,6080,22393,15358,149,2221,0,0,0,0,0
1092,5159,1092.0067338016186,99755,625,443,166,77,98201,56316,1.5489649641621974,362,245,24873,29855,22931,16747,1042,2632,49099,38800,0,0,782,165,2039,3575,28942,14983,2567,536,6096,22363,15338,149,2220,0,0,0,0,0
1093,5159,1093.1364251783853,99755,609,464,166,77,98300,56393,1.5507292867525437,347,236,24909,29890,22935,16723,1033,2609,49099,38800,0,0,779,165,2037,3575,28971,15026,2560,538,6113,22320,15310,147,2214,0,0,0,0,0
1094,5159,1094.264895103898,99755,598,457,166,77,98390,56463,1.5523332163801313,357,234,24951,29910,22896,16729,1031,2592,49099,38800,0,0,777,164,2034,3575,29003,15066,2552,539,6144,22275,15271,147,2208,0,0,0,0,0
