,indexID,time,N,Inf_L,Inf_H,Dead_L,Dead_H,cum_cases_L,cum_cases_H,cum_sum_per_N,Exposed_L,Exposed_H,Sus_L,Sus_H,Rec_nat_L,Rec_nat_H,Rec_vax_L,Rec_vax_H,vaccinatedH,vaccinatedL,boostedH,boostedL,count_Naive,count_Delta,count_Delta_vaccine,count_two,count_three,count_four,count_Omicron,count_Omicron_star,count_Omicron_star_vaccine,count_Omicron_vaccine,count_Vaccine,count_WT,count_WT_vaccine,count_WT_vaccine_boost,count_Omicron_vaccine_boost,count_Delta_vaccine_boost,count_Omicron_star_vaccine_boost,count_Vaccine_boost
0,1660,1.0338243681073556,99998,9,9,0,0,9,9,0.00018000360007200145,16,16,49974,49974,0,0,0,0,0,0,0,0,99998,0,0,0,0,0,0,0,0,0,0,0,0,0,0,0,0,0
1,1660,2.1911734452874234,99998,10,13,0,0,15,16,0.0003100062001240025,12,13,49972,49970,5,3,0,0,0,0,0,0,99990,0,0,0,0,0,0,0,0,0,0,8,0,0,0,0,0,0
2,1660,3.0218874754782816,99998,12,14,0,0,18,19,0.00037000740014800295,10,10,49971,49970,6,5,0,0,0,0,0,0,99987,0,0,0,0,0,0,0,0,0,0,11,0,0,0,0,0,0
3,1660,4.017674312125508,99998,11,11,0,0,22,20,0.00042000840016800337,7,14,49970,49965,11,9,0,0,0,0,0,0,99978,0,0,0,0,0,0,0,0,0,0,20,0,0,0,0,0,0
4,1660,5.084136457293605,99998,10,12,0,0,23,22,0.0004500090001800036,7,13,49969,49964,13,10,0,0,0,0,0,0,99975,0,0,0,0,0,0,0,0,0,0,23,0,0,0,0,0,0
5,1660,6.0088911648235905,99998,10,16,0,0,24,27,0.0005100102002040041,8,8,49967,49965,14,10,0,0,0,0,0,0,99973,0,0,0,0,0,0,0,0,0,0,25,0,0,0,0,0,0
6,1660,7.0005155780460475,99998,10,19,0,0,26,30,0.0005600112002240045,10,7,49963,49963,16,10,0,0,0,0,0,0,99971,0,0,0,0,0,0,0,0,0,0,27,0,0,0,0,0,0
7,1660,8.00910916873952,99998,10,19,0,0,27,33,0.0006000120002400048,12,6,49961,49961,16,13,0,0,0,0,0,0,99967,0,0,0,0,0,0,0,0,0,0,31,0,0,0,0,0,0
8,1660,9.013709335593894,99998,12,21,0,0,29,35,0.0006400128002560051,12,5,49959,49961,16,12,0,0,0,0,0,0,99967,0,0,0,0,0,0,0,0,0,0,31,0,0,0,0,0,0
9,1660,10.010402485062581,99998,10,20,0,0,32,37,0.0006900138002760055,11,4,49958,49960,20,15,0,0,0,0,0,0,99959,0,0,0,0,0,0,0,0,0,0,39,0,0,0,0,0,0
10,1660,11.06419443566132,99998,13,19,0,0,35,38,0.0007300146002920058,12,3,49954,49960,20,17,0,0,0,0,0,0,99957,0,0,0,0,0,0,0,0,0,0,41,0,0,0,0,0,0
11,1660,12.170315842721724,99998,15,19,0,0,39,38,0.0007700154003080061,10,3,49952,49960,22,17,0,0,0,0,0,0,99955,0,0,0,0,0,0,0,0,0,0,43,0,0,0,0,0,0
12,1660,13.055550366283628,99998,13,19,0,0,40,38,0.0007800156003120063,10,3,49951,49960,25,17,0,0,0,0,0,0,99952,0,0,0,0,0,0,0,0,0,0,46,0,0,0,0,0,0
13,1660,14.047539711255629,99998,16,17,0,0,43,38,0.0008100162003240065,9,6,49949,49957,25,19,0,0,0,0,0,0,99950,0,0,0,0,0,0,0,0,0,0,48,0,0,0,0,0,0
14,1660,15.010178649003636,99998,16,13,0,0,45,39,0.0008400168003360067,14,7,49942,49955,27,24,0,0,0,0,0,0,99943,0,0,0,0,0,0,0,0,0,0,55,0,0,0,0,0,0
15,1660,16.277535022433124,99998,15,12,0,0,49,39,0.000880017600352007,14,9,49938,49953,32,25,0,0,0,0,0,0,99937,0,0,0,0,0,0,0,0,0,0,61,0,0,0,0,0,0
16,1660,17.206896805587526,99998,17,10,0,0,52,40,0.0009200184003680074,15,9,49934,49952,33,28,0,0,0,0,0,0,99933,0,0,0,0,0,0,0,0,0,0,65,0,0,0,0,0,0
17,1660,18.128942195962644,99998,16,12,0,0,56,42,0.0009800196003920078,13,10,49932,49949,38,28,0,0,0,0,0,0,99928,0,0,0,0,0,0,0,0,0,0,70,0,0,0,0,0,0
18,1660,19.040366380996247,99998,18,12,0,0,59,44,0.0010300206004120083,14,10,49928,49948,39,29,0,0,0,0,0,0,99925,0,0,0,0,0,0,0,0,0,0,73,0,0,0,0,0,0
19,1660,20.016777076525916,99998,20,12,0,0,63,45,0.0010800216004320086,12,12,49926,49945,41,30,0,0,0,0,0,0,99922,0,0,0,0,0,0,0,0,0,0,76,0,0,0,0,0,0
20,1660,21.227815027633252,99998,17,15,0,0,67,49,0.0011600232004640094,9,9,49925,49944,48,31,0,0,0,0,0,0,99914,0,0,0,0,0,0,0,0,0,0,84,0,0,0,0,0,0
21,1660,22.134010489486975,99998,18,18,0,0,71,54,0.00125002500050001,7,10,49923,49938,51,33,0,0,0,0,0,0,99909,0,0,0,0,0,0,0,0,0,0,89,0,0,0,0,0,0
22,1660,23.04836408055585,99998,17,21,0,0,72,57,0.0012900258005160102,7,7,49922,49938,53,33,0,0,0,0,0,0,99907,0,0,0,0,0,0,0,0,0,0,91,0,0,0,0,0,0
23,1660,24.033182896574193,99998,16,23,0,0,74,61,0.0013500270005400107,8,4,49919,49937,56,35,0,0,0,0,0,0,99902,0,0,0,0,0,0,0,0,0,0,96,0,0,0,0,0,0
24,1660,25.151202593997166,99998,15,17,0,0,74,61,0.0013500270005400107,12,6,49916,49935,56,41,0,0,0,0,0,0,99895,0,0,0,0,0,0,0,0,0,0,103,0,0,0,0,0,0
25,1660,26.056024269429813,99998,12,17,0,0,74,63,0.001370027400548011,14,5,49914,49934,59,43,0,0,0,0,0,0,99890,0,0,0,0,0,0,0,0,0,0,108,0,0,0,0,0,0
26,1660,27.027849218782098,99998,15,18,0,0,78,64,0.0014200284005680113,13,4,49912,49934,59,43,0,0,0,0,0,0,99889,0,0,0,0,0,0,0,0,0,0,109,0,0,0,0,0,0
27,1660,28.06190427093133,99998,17,16,0,0,84,65,0.001490029800596012,11,5,49909,49932,62,46,0,0,0,0,0,0,99882,0,0,0,0,0,0,0,0,0,0,116,0,0,0,0,0,0
28,1660,29.051276822389013,99998,15,15,0,0,85,67,0.0015200304006080122,12,7,49907,49928,65,49,0,0,0,0,0,0,99876,0,0,0,0,0,0,0,0,0,0,122,0,0,0,0,0,0
29,1660,30.254173322325194,99998,16,15,0,0,89,69,0.0015800316006320126,10,6,49905,49927,68,51,0,0,0,0,0,0,99871,0,0,0,0,0,0,0,0,0,0,127,0,0,0,0,0,0
30,1660,31.029901721751273,99998,17,13,0,0,91,70,0.0016100322006440129,11,5,49903,49927,68,54,0,0,0,0,0,0,99867,0,0,0,0,0,0,0,0,0,0,131,0,0,0,0,0,0
31,1660,32.100222155683596,99998,22,11,0,0,97,70,0.0016700334006680133,8,5,49900,49927,69,56,0,0,0,0,0,0,99864,0,0,0,0,0,0,0,0,0,0,134,0,0,0,0,0,0
32,1660,33.10259356906484,99998,25,11,0,0,101,71,0.0017200344006880139,7,8,49897,49923,70,57,0,0,0,0,0,0,99862,0,0,0,0,0,0,0,0,0,0,136,0,0,0,0,0,0
33,1660,34.13304877386064,99998,22,12,0,0,103,73,0.001760035200704014,5,9,49897,49920,75,58,0,0,0,0,0,0,99856,0,0,0,0,0,0,0,0,0,0,142,0,0,0,0,0,0
34,1660,35.087335439202825,99998,20,13,0,0,104,75,0.0017900358007160143,7,9,49894,49918,78,59,0,0,0,0,0,0,99852,0,0,0,0,0,0,0,0,0,0,146,0,0,0,0,0,0
35,1660,36.185904186089296,99998,20,13,0,0,107,76,0.0018300366007320146,10,11,49888,49916,81,59,0,0,0,0,0,0,99848,0,0,0,0,0,0,0,0,0,0,150,0,0,0,0,0,0
36,1660,37.076138675555114,99998,18,13,0,0,108,78,0.0018600372007440149,11,9,49886,49916,84,61,0,0,0,0,0,0,99843,0,0,0,0,0,0,0,0,0,0,155,0,0,0,0,0,0
37,1660,38.040644737844254,99998,18,10,0,0,112,78,0.0019000380007600153,10,13,49883,49912,88,64,0,0,0,0,0,0,99836,0,0,0,0,0,0,0,0,0,0,162,0,0,0,0,0,0
38,1660,39.00207607499683,99998,18,11,0,0,116,80,0.0019600392007840155,10,12,49880,49911,91,65,0,0,0,0,0,0,99831,0,0,0,0,0,0,0,0,0,0,167,0,0,0,0,0,0
39,1660,40.170167253166234,99998,16,10,0,0,117,81,0.001980039600792016,13,13,49876,49910,94,66,0,0,0,0,0,0,99826,0,0,0,0,0,0,0,0,0,0,172,0,0,0,0,0,0
40,1660,41.0053657593172,99998,19,12,0,0,120,87,0.0020700414008280165,11,8,49875,49909,94,70,0,0,0,0,0,0,99822,0,0,0,0,0,0,0,0,0,0,176,0,0,0,0,0,0
41,1660,42.04722903825211,99998,18,15,0,0,123,90,0.002130042600852017,9,6,49874,49908,98,70,0,0,0,0,0,0,99818,0,0,0,0,0,0,0,0,0,0,180,0,0,0,0,0,0
42,1660,43.308726192813644,99998,19,14,0,0,126,92,0.0021800436008720175,10,5,49871,49907,99,73,0,0,0,0,0,0,99813,0,0,0,0,0,0,0,0,0,0,185,0,0,0,0,0,0
43,1660,44.03631205095237,99998,20,16,0,0,129,94,0.002230044600892018,10,6,49868,49905,101,72,0,0,0,0,0,0,99811,0,0,0,0,0,0,0,0,0,0,187,0,0,0,0,0,0
44,1660,45.26395495636651,99998,19,17,0,0,132,96,0.002280045600912018,12,6,49863,49903,105,73,0,0,0,0,0,0,99806,0,0,0,0,0,0,0,0,0,0,192,0,0,0,0,0,0
45,1660,46.09739472079419,99998,21,17,0,0,135,98,0.0023300466009320187,14,5,49860,49903,104,74,0,0,0,0,0,0,99803,0,0,0,0,0,0,0,0,0,0,195,0,0,0,0,0,0
46,1660,47.02109858949382,99998,23,17,0,0,140,99,0.002390047800956019,13,6,49856,49901,107,75,0,0,0,0,0,0,99799,0,0,0,0,0,0,0,0,0,0,199,0,0,0,0,0,0
47,1660,48.045603343092225,99998,20,18,0,0,142,102,0.0024400488009760197,16,5,49851,49900,112,76,0,0,0,0,0,0,99792,0,0,0,0,0,0,0,0,0,0,206,0,0,0,0,0,0
48,1660,49.01195304942318,99998,19,17,0,0,144,103,0.00247004940098802,21,8,49844,49896,115,78,0,0,0,0,0,0,99787,0,0,0,0,0,0,0,0,0,0,211,0,0,0,0,0,0
49,1660,50.01629835069443,99998,20,17,0,0,148,103,0.00251005020100402,17,11,49845,49893,117,78,0,0,0,0,0,0,99784,0,0,0,0,0,0,0,0,0,0,214,0,0,0,0,0,0
50,1660,51.1650001269144,99998,22,19,0,0,152,107,0.002590051801036021,19,10,49839,49892,119,78,0,0,0,0,0,0,99780,0,0,0,0,0,0,0,0,0,0,218,0,0,0,0,0,0
51,1660,52.057987192703,99998,24,19,0,0,157,110,0.002670053401068021,17,7,49837,49892,121,81,0,0,0,0,0,0,99774,0,0,0,0,0,0,0,0,0,0,224,0,0,0,0,0,0
52,1660,53.30823414076387,99997,21,18,1,0,162,112,0.002740082202466074,17,8,49833,49889,127,84,0,0,0,0,0,0,99763,0,0,0,0,0,0,0,0,0,0,234,0,0,0,0,0,0
53,1660,54.128669008214395,99997,21,18,1,0,164,115,0.0027900837025110754,17,6,49831,49888,129,87,0,0,0,0,0,0,99758,0,0,0,0,0,0,0,0,0,0,239,0,0,0,0,0,0
54,1660,55.042996465410596,99997,21,18,1,0,167,116,0.002830084902547076,19,5,49826,49888,132,88,0,0,0,0,0,0,99754,0,0,0,0,0,0,0,0,0,0,243,0,0,0,0,0,0
55,1660,56.05835012257104,99997,20,16,1,0,170,118,0.0028800864025920777,19,7,49823,49884,136,92,0,0,0,0,0,0,99746,0,0,0,0,0,0,0,0,0,0,251,0,0,0,0,0,0
56,1660,57.11970659979093,99997,24,14,1,0,177,121,0.0029800894026820804,16,7,49819,49881,139,97,0,0,0,0,0,0,99738,0,0,0,0,0,0,0,0,0,0,259,0,0,0,0,0,0
57,1660,58.15461992559578,99997,23,14,1,0,182,122,0.0030400912027360822,16,7,49814,49880,145,98,0,0,0,0,0,0,99731,0,0,0,0,0,0,0,0,0,0,266,0,0,0,0,0,0
58,1660,59.213607526594394,99997,22,14,1,0,183,127,0.0031000930027900836,17,5,49813,49877,146,103,0,0,0,0,0,0,99724,0,0,0,0,0,0,0,0,0,0,273,0,0,0,0,0,0
59,1660,60.077679891490064,99997,21,13,1,0,188,128,0.0031600948028440855,15,6,49811,49875,151,105,0,0,0,0,0,0,99716,0,0,0,0,0,0,0,0,0,0,281,0,0,0,0,0,0
60,1660,61.19566152610269,99997,17,13,1,0,190,129,0.003190095702871086,15,6,49810,49874,156,106,0,0,0,0,0,0,99709,0,0,0,0,0,0,0,0,0,0,288,0,0,0,0,0,0
61,1660,62.009898621773,99997,18,11,1,0,192,131,0.003230096902907087,18,7,49805,49872,157,109,0,0,0,0,0,0,99704,0,0,0,0,0,0,0,0,0,0,293,0,0,0,0,0,0
62,1660,63.203747629410095,99997,20,11,1,0,199,133,0.0033200996029880895,19,7,49797,49873,162,108,0,0,0,0,0,0,99697,0,0,0,0,0,0,0,0,0,0,300,0,0,0,0,0,0
63,1660,64.02733995989911,99997,23,11,1,0,206,133,0.0033901017030510917,15,9,49794,49872,166,107,0,0,0,0,0,0,99693,0,0,0,0,0,0,0,0,0,0,304,0,0,0,0,0,0
64,1660,65.03088876381247,99997,29,12,1,0,214,135,0.0034901047031410943,12,9,49790,49870,167,108,0,0,0,0,0,0,99690,0,0,0,0,0,0,0,0,0,0,307,0,0,0,0,0,0
65,1660,66.00152690200069,99997,30,14,1,0,221,140,0.0036101083032490976,12,5,49783,49869,173,111,0,0,0,0,0,0,99681,0,0,0,0,0,0,0,0,0,0,316,0,0,0,0,0,0
66,1660,67.20972908962395,99997,32,16,1,0,228,143,0.0037101113033391002,12,5,49776,49869,178,109,0,0,0,0,0,0,99675,0,0,0,0,0,0,0,0,0,0,322,0,0,0,0,0,0
67,1660,68.0478230721374,99997,32,15,1,0,231,144,0.003750112503375101,15,5,49770,49868,181,111,0,0,0,0,0,0,99670,0,0,0,0,0,0,0,0,0,0,327,0,0,0,0,0,0
68,1660,69.16709735570348,99997,28,16,1,0,235,147,0.003820114603438103,13,4,49769,49866,188,113,0,0,0,0,0,0,99660,0,0,0,0,0,0,0,0,0,0,337,0,0,0,0,0,0
69,1660,70.1889019982881,99997,29,17,1,0,237,148,0.003850115503465104,17,5,49763,49864,189,113,0,0,0,0,0,0,99659,0,0,0,0,0,0,0,0,0,0,338,0,0,0,0,0,0
70,1660,71.17225656203955,99997,26,14,1,0,241,149,0.0039001170035101052,15,4,49761,49864,196,117,0,0,0,0,0,0,99648,0,0,0,0,0,0,0,0,0,0,349,0,0,0,0,0,0
71,1660,72.24844377243876,99997,25,14,1,0,244,150,0.0039401182035461065,16,7,49760,49860,197,118,0,0,0,0,0,0,99643,0,0,0,0,0,0,0,0,0,0,354,0,0,0,0,0,0
72,1660,73.18164543232835,99997,27,10,1,0,248,150,0.003980119403582108,17,13,49756,49855,198,121,0,0,0,0,0,0,99637,0,0,0,0,0,0,0,0,0,0,360,0,0,0,0,0,0
73,1660,74.13494561508699,99997,25,11,1,0,250,152,0.004020120603618109,17,13,49755,49854,201,121,0,0,0,0,0,0,99632,0,0,0,0,0,0,0,0,0,0,365,0,0,0,0,0,0
74,1660,75.16344407232543,99997,28,13,1,0,261,156,0.004170125103753112,12,11,49749,49852,209,123,0,0,0,0,0,0,99622,0,0,0,0,0,0,0,0,0,0,375,0,0,0,0,0,0
75,1660,76.31267922926337,99997,26,14,1,0,263,159,0.004220126603798114,14,9,49745,49852,213,124,0,0,0,0,0,0,99616,0,0,0,0,0,0,0,0,0,0,381,0,0,0,0,0,0
76,1660,77.00521437240262,99997,28,14,1,0,265,160,0.004250127503825115,19,9,49738,49851,213,125,0,0,0,0,0,0,99615,0,0,0,0,0,0,0,0,0,0,382,0,0,0,0,0,0
77,1660,78.00675129255016,99997,30,15,1,0,269,162,0.0043101293038791165,19,8,49736,49850,213,126,0,0,0,0,0,0,99612,0,0,0,0,0,0,0,0,0,0,385,0,0,0,0,0,0
78,1660,79.13625816826803,99997,35,15,1,0,279,164,0.004430132903987119,16,8,49730,49849,217,127,0,0,0,0,0,0,99605,0,0,0,0,0,0,0,0,0,0,392,0,0,0,0,0,0
79,1660,80.1732483007211,99997,33,13,1,0,283,165,0.004480134404032121,22,10,49721,49846,222,130,0,0,0,0,0,0,99596,0,0,0,0,0,0,0,0,0,0,401,0,0,0,0,0,0
80,1660,81.26533092731319,99997,31,11,1,0,289,165,0.004540136204086122,22,12,49716,49845,229,131,0,0,0,0,0,0,99586,0,0,0,0,0,0,0,0,0,0,411,0,0,0,0,0,0
81,1660,82.04080075045056,99997,30,12,1,0,293,166,0.004590137704131124,25,12,49709,49844,234,131,0,0,0,0,0,0,99581,0,0,0,0,0,0,0,0,0,0,416,0,0,0,0,0,0
82,1660,83.00123812290904,99997,29,12,1,0,295,168,0.004630138904167125,25,12,49707,49843,237,132,0,0,0,0,0,0,99576,0,0,0,0,0,0,0,0,0,0,421,0,0,0,0,0,0
83,1660,84.1840127366431,99997,36,12,1,0,305,170,0.004750142504275128,23,14,49699,49840,240,133,0,0,0,0,0,0,99571,0,0,0,0,0,0,0,0,0,0,426,0,0,0,0,0,0
84,1660,85.13365727899355,99997,34,16,1,0,306,174,0.0048001440043201294,24,12,49697,49838,243,133,0,0,0,0,0,0,99568,0,0,0,0,0,0,0,0,0,0,429,0,0,0,0,0,0
85,1660,86.02189998891228,99997,36,17,1,0,314,178,0.004920147604428133,22,11,49692,49837,248,134,0,0,0,0,0,0,99559,0,0,0,0,0,0,0,0,0,0,438,0,0,0,0,0,0
86,1660,87.3235654453008,99997,31,20,1,0,319,183,0.005020150604518135,23,7,49687,49836,257,136,0,0,0,0,0,0,99547,0,0,0,0,0,0,0,0,0,0,450,0,0,0,0,0,0
87,1660,88.0152344805944,99997,33,21,1,0,323,184,0.005070152104563137,22,7,49685,49836,258,135,0,0,0,0,0,0,99545,0,0,0,0,0,0,0,0,0,0,452,0,0,0,0,0,0
88,1660,89.20967391466303,99997,31,19,1,0,330,185,0.005150154504635139,19,12,49681,49831,267,137,0,0,0,0,0,0,99533,0,0,0,0,0,0,0,0,0,0,464,0,0,0,0,0,0
89,1660,90.08042848056989,99997,32,16,1,0,333,186,0.00519015570467114,18,13,49680,49829,268,141,0,0,0,0,0,0,99528,0,0,1,0,0,0,0,0,0,0,468,0,0,0,0,0,0
90,1660,91.01738873863593,99997,37,21,1,0,338,191,0.005290158704761143,19,12,49677,49825,265,141,0,0,0,0,0,0,99528,0,0,1,0,0,0,0,0,0,0,468,0,0,0,0,0,0
91,1660,92.01156145055509,99997,38,13,1,0,344,192,0.005360160804824145,18,12,49673,49824,269,150,0,0,0,0,0,0,99514,0,0,1,0,0,0,0,0,0,0,482,0,0,0,0,0,0
92,1660,93.00484027031045,99997,41,12,1,0,350,196,0.005460163804914147,20,11,49666,49823,271,153,0,0,0,0,0,0,99506,0,0,1,0,0,0,0,0,0,0,490,0,0,0,0,0,0
93,1660,94.10791121952569,99997,39,14,1,0,353,199,0.005520165604968149,19,11,49664,49820,276,154,0,0,0,0,0,0,99500,0,0,1,0,0,0,0,0,0,0,496,0,0,0,0,0,0
94,1660,95.13612741325807,99997,42,16,1,0,363,202,0.0056501695050851525,15,12,49659,49817,282,154,0,0,0,0,0,0,99492,0,0,1,0,0,0,0,0,0,0,504,0,0,0,0,0,0
95,1660,96.19320791542977,99997,38,14,1,0,366,203,0.005690170705121154,17,17,49656,49812,287,156,0,0,0,0,0,0,99482,0,0,1,0,0,0,0,0,0,0,514,0,0,0,0,0,0
96,1660,97.25841710850555,99997,38,15,1,0,372,208,0.005800174005220157,15,15,49653,49810,292,159,0,0,0,0,0,0,99472,0,0,1,0,0,0,0,0,0,0,524,0,0,0,0,0,0
97,1660,98.20670773816218,99997,37,19,1,0,377,213,0.005900177005310159,14,13,49650,49809,297,158,0,0,0,0,0,0,99465,0,0,1,0,0,0,0,0,0,0,531,0,0,0,0,0,0
98,1660,99.10301664642984,99997,38,17,1,0,382,213,0.005950178505355161,14,16,49645,49806,301,160,0,0,0,0,0,0,99459,0,0,1,0,0,0,0,0,0,0,537,0,0,0,0,0,0
99,1660,100.09450008704245,99997,37,21,1,0,387,219,0.006060181805454164,12,12,49642,49804,307,162,0,0,0,0,0,0,99451,0,0,1,0,0,0,0,0,0,0,545,0,0,0,0,0,0
100,1660,101.18471237015221,99997,38,24,1,0,392,223,0.006150184505535166,11,10,49639,49802,310,163,0,0,0,0,0,0,99446,0,0,1,0,0,0,0,0,0,0,550,0,0,0,0,0,0
101,1660,102.260946405155,99997,34,21,1,0,396,225,0.006210186305589168,16,11,49631,49801,317,166,0,0,0,0,0,0,99433,0,0,1,0,0,0,0,0,0,0,563,0,0,0,0,0,0
102,1660,103.06275566763225,99997,30,21,1,0,400,227,0.006270188105643169,18,10,49626,49800,324,168,0,0,0,0,0,0,99423,0,0,1,0,0,0,0,0,0,0,573,0,0,0,0,0,0
103,1660,104.0160871424608,99997,27,21,1,0,402,230,0.006320189605688171,17,7,49625,49800,329,171,0,0,0,0,0,0,99415,0,0,1,0,0,0,0,0,0,0,581,0,0,0,0,0,0
104,1660,105.28384907687281,99997,27,16,1,0,406,231,0.006370191105733172,17,11,49623,49795,331,177,0,0,0,0,0,0,99405,0,0,1,0,0,0,0,0,0,0,591,0,0,0,0,0,0
105,1660,106.0871799057006,99997,30,17,1,0,411,233,0.006440193205796174,18,9,49617,49795,333,178,0,0,0,0,0,0,99402,0,0,1,0,0,0,0,0,0,0,594,0,0,0,0,0,0
106,1660,107.02354377739469,99997,34,13,1,0,419,234,0.006530195905877176,17,9,49612,49794,335,183,0,0,0,0,0,0,99393,0,0,1,0,0,0,0,0,0,0,603,0,0,0,0,0,0
107,1660,108.07428424033378,99997,35,14,1,0,425,239,0.006640199205976179,20,11,49604,49787,339,187,0,0,0,0,0,0,99384,0,0,1,0,0,0,0,0,0,0,612,0,0,0,0,0,0
108,1660,109.00568534967447,99997,40,16,1,0,430,243,0.006730201906057181,18,8,49601,49787,339,188,0,0,0,0,0,0,99382,0,0,1,0,0,0,0,0,0,0,614,0,0,0,0,0,0
109,1660,110.00557989717382,99997,39,14,1,0,435,245,0.006800204006120184,19,11,49595,49785,345,189,0,0,0,0,0,0,99372,0,0,1,0,0,0,0,0,0,0,624,0,0,0,0,0,0
110,1660,111.06540368394676,99997,40,13,1,0,442,246,0.006880206406192186,18,14,49590,49781,350,191,0,0,0,0,0,0,99364,0,0,1,0,0,0,0,0,0,0,632,0,0,0,0,0,0
111,1660,112.31863314274598,99997,37,14,1,0,444,249,0.006930207906237187,23,13,49583,49779,355,193,0,0,0,0,0,0,99357,0,0,1,0,0,0,0,0,0,0,639,0,0,0,0,0,0
112,1660,113.1828983738948,99997,35,15,1,0,447,251,0.006980209406282189,25,11,49579,49780,359,193,0,0,0,0,0,0,99351,0,0,1,0,0,0,0,0,0,0,645,0,0,0,0,0,0
113,1660,114.05180643512587,99997,39,14,1,0,456,251,0.007070212106363191,23,13,49572,49778,364,194,0,0,0,0,0,0,99345,0,0,1,0,0,0,0,0,0,0,651,0,0,0,0,0,0
114,1660,115.3411414084531,99997,37,15,1,0,464,253,0.007170215106453193,29,11,49559,49779,373,194,0,0,0,0,0,0,99334,0,0,1,0,0,0,0,0,0,0,662,0,0,0,0,0,0
115,1660,116.11370255487373,99997,39,15,1,0,466,254,0.007200216006480195,30,10,49557,49780,372,194,0,0,0,0,0,0,99333,0,0,1,0,0,0,0,0,0,0,663,0,0,0,0,0,0
116,1660,117.0065066750999,99997,41,15,1,0,475,257,0.007320219606588197,27,13,49551,49774,379,197,0,0,0,0,0,0,99323,0,0,1,0,0,0,0,0,0,0,673,0,0,0,0,0,0
117,1660,118.22065118918427,99997,37,13,1,0,481,260,0.0074102223066692,29,14,49545,49770,387,202,0,0,0,0,0,0,99308,0,0,1,0,0,0,0,0,0,0,688,0,0,0,0,0,0
118,1660,119.1604181641197,99997,35,17,1,0,485,265,0.007500225006750202,27,11,49543,49768,393,203,0,0,0,0,0,0,99301,0,0,1,0,0,0,0,0,0,0,695,0,0,0,0,0,0
119,1660,120.05570957828735,99997,39,15,1,0,495,265,0.007600228006840205,24,13,49538,49766,397,205,0,0,0,0,0,0,99293,0,0,1,0,0,0,0,0,0,0,703,0,0,0,0,0,0
120,1660,121.03190968498491,99997,41,19,1,0,502,270,0.007720231606948209,23,9,49535,49765,399,206,0,0,0,0,0,0,99287,0,0,1,0,0,0,0,0,0,0,709,0,0,0,0,0,0
121,1660,122.34010918953588,99997,40,14,1,0,509,271,0.0078002340070202104,28,12,49527,49762,403,211,0,0,0,0,0,0,99273,0,0,1,0,0,0,0,0,0,0,723,0,0,0,0,0,0
122,1660,123.32354451867354,99997,41,14,1,0,515,272,0.007870236107083213,28,15,49521,49758,408,212,0,0,0,0,0,0,99267,0,0,1,0,0,0,0,0,0,0,729,0,0,0,0,0,0
123,1660,124.02061641847068,99997,39,14,1,0,517,275,0.007920237607128214,32,16,49517,49754,410,215,0,0,0,0,0,0,99260,0,0,1,0,0,0,0,0,0,0,736,0,0,0,0,0,0
124,1660,125.27556834937924,99997,42,16,1,0,525,278,0.008030240907227216,25,15,49516,49752,415,216,0,0,0,0,0,0,99254,0,0,1,0,0,0,0,0,0,0,742,0,0,0,0,0,0
125,1660,126.28736727796861,99997,41,14,1,0,532,280,0.008120243607308219,30,16,49504,49749,423,220,0,0,0,0,0,0,99242,0,0,1,0,0,0,0,0,0,0,754,0,0,0,0,0,0
126,1660,127.05922039291272,99997,41,15,1,0,538,282,0.008200246007380221,33,14,49495,49749,429,221,0,0,0,0,0,0,99235,0,0,1,0,0,0,0,0,0,0,761,0,0,0,0,0,0
127,1660,128.11238543752873,99997,40,16,1,0,543,285,0.008280248407452223,37,14,49487,49746,434,223,0,0,0,0,0,0,99227,0,0,1,0,0,0,0,0,0,0,769,0,0,0,0,0,0
128,1660,129.1352433024061,99997,37,16,1,0,548,291,0.008390251707551227,37,13,49484,49741,440,229,0,0,0,0,0,0,99213,0,0,1,0,0,0,0,0,0,0,783,0,0,0,0,0,0
129,1660,130.00472300692633,99997,40,17,1,0,555,294,0.00849025470764123,37,15,49478,49736,443,231,0,0,0,0,0,0,99207,0,0,1,0,0,0,0,0,0,0,789,0,0,0,0,0,0
130,1660,131.02378431388593,99997,44,16,1,0,563,296,0.008590257707731232,33,18,49476,49733,445,232,0,0,0,0,0,0,99200,0,0,1,0,0,0,0,0,0,0,796,0,0,0,0,0,0
131,1660,132.0667553628027,99997,43,17,1,0,573,301,0.008740262207866237,30,16,49470,49730,455,236,0,0,0,0,0,0,99185,0,0,1,0,0,0,0,0,0,0,811,0,0,0,0,0,0
132,1660,133.16920677581885,99997,47,15,1,0,583,303,0.008860265807974239,30,19,49464,49727,457,238,0,0,0,0,0,0,99175,0,0,1,0,0,0,0,0,0,0,821,0,0,0,0,0,0
133,1660,134.11947879173843,99997,39,19,1,0,585,308,0.008930267908037241,36,23,49458,49718,465,239,0,0,0,0,0,0,99165,0,0,2,0,0,0,0,0,0,0,830,0,0,0,0,0,0
134,1660,135.31942486471772,99997,47,20,1,0,598,314,0.009120273608208246,32,19,49453,49718,466,242,0,0,0,0,0,0,99155,0,0,2,0,0,0,0,0,0,0,840,0,0,0,0,0,0
135,1660,136.0130916793122,99997,47,20,1,0,603,315,0.009180275408262249,33,20,49449,49716,469,243,0,0,0,0,0,0,99149,0,0,2,0,0,0,0,0,0,0,846,0,0,0,0,0,0
136,1660,137.1777321222507,99997,44,22,1,0,607,321,0.00928027840835225,38,20,49441,49712,475,245,0,0,0,0,0,0,99138,0,0,2,0,0,0,0,0,0,0,857,0,0,0,0,0,0
137,1660,138.15286857390473,99997,54,20,1,0,620,325,0.009450283508505256,30,17,49439,49711,475,251,0,0,0,0,0,0,99129,0,0,2,0,0,0,0,0,0,0,866,0,0,0,0,0,0
138,1660,139.2700830801721,99997,50,23,1,0,623,330,0.009530285908577258,34,16,49434,49707,480,253,0,0,0,0,0,0,99120,0,0,2,0,0,0,0,0,0,0,875,0,0,0,0,0,0
139,1660,140.14650642954206,99997,53,23,1,0,636,334,0.009700291008730261,31,18,49424,49701,490,257,0,0,0,0,0,0,99106,0,0,2,0,0,0,0,0,0,0,889,0,0,0,0,0,0
140,1660,141.04819948975668,99997,56,23,1,0,645,336,0.009810294308829265,29,22,49417,49696,496,258,0,0,0,0,0,0,99098,0,0,2,0,0,0,0,0,0,0,897,0,0,0,0,0,0
141,1660,142.10895224742777,99997,51,21,1,0,650,341,0.009910297308919267,38,21,49406,49692,503,265,0,0,0,0,0,0,99081,0,0,2,0,0,0,0,0,0,0,914,0,0,0,0,0,0
142,1660,143.13650251705945,99997,44,19,1,0,652,343,0.009950298508955268,39,21,49404,49691,511,268,0,0,0,0,0,0,99068,0,0,2,0,0,0,0,0,0,0,927,0,0,0,0,0,0
143,1660,144.0310932479357,99997,39,23,1,0,660,349,0.010090302709081272,41,23,49394,49683,524,270,0,0,0,0,0,0,99053,0,0,2,0,0,0,0,0,0,0,942,0,0,0,0,0,0
144,1660,145.0589542396967,99997,43,25,1,0,669,354,0.010230306909207277,38,25,49389,49677,528,272,0,0,0,0,0,0,99045,0,0,2,0,0,0,0,0,0,0,950,0,0,0,0,0,0
145,1660,146.0869071704342,99997,43,29,1,0,679,359,0.01038031140934228,37,28,49381,49669,537,273,0,0,0,0,0,0,99034,0,0,2,0,0,0,0,0,0,0,961,0,0,0,0,0,0
146,1660,147.11498175028854,99997,52,32,1,0,689,365,0.010540316209486285,34,29,49375,49664,537,274,0,0,0,0,0,0,99030,0,0,2,0,0,0,0,0,0,0,965,0,0,0,0,0,0
147,1660,148.14310800338777,99997,50,34,1,0,696,374,0.010700321009630288,31,25,49373,49659,544,281,0,0,0,0,0,0,99014,0,0,2,0,0,0,0,0,0,0,981,0,0,0,0,0,0
148,1660,149.17133089358654,99997,46,32,1,0,700,379,0.01079032370971129,35,23,49365,49658,552,286,0,0,0,0,0,0,98999,0,0,2,0,0,0,0,0,0,0,996,0,0,0,0,0,0
149,1660,150.1997219830857,99997,50,30,1,0,710,382,0.010920327609828294,28,25,49364,49654,556,290,0,0,0,0,0,0,98988,0,0,2,0,0,0,0,0,0,0,1007,0,0,0,0,0,0
150,1660,151.22819451735992,99997,49,31,1,0,716,389,0.011050331509945298,29,27,49358,49647,562,294,0,0,0,0,0,0,98975,0,0,2,0,0,0,0,0,0,0,1020,0,0,0,0,0,0
151,1660,152.25675882974645,99996,48,36,2,0,726,397,0.01123044921796872,32,21,49348,49646,569,296,0,0,0,0,0,0,98961,0,0,2,0,0,0,0,0,0,0,1033,0,0,0,0,0,0
152,1660,153.2855023739789,99996,48,37,2,0,732,403,0.011350454018160726,29,18,49345,49644,575,300,0,0,0,0,0,0,98950,0,0,2,0,0,0,0,0,0,0,1044,0,0,0,0,0,0
153,1660,154.1646202078622,99995,48,37,2,1,741,408,0.011490574528726436,28,14,49339,49643,582,304,0,0,0,0,0,0,98936,0,0,2,0,0,0,0,0,0,0,1057,0,0,0,0,0,0
154,1660,155.24671724100511,99995,53,31,2,1,751,409,0.01160058002900145,31,18,49329,49638,584,311,0,0,0,0,0,0,98924,0,0,2,0,0,0,0,0,0,0,1069,0,0,0,0,0,0
155,1660,156.03243239599988,99995,54,30,2,1,758,411,0.011690584529226462,36,20,49318,49635,589,313,0,0,0,0,0,0,98915,0,0,2,0,0,0,0,0,0,0,1078,0,0,0,0,0,0
156,1660,157.03604460819548,99995,57,30,2,1,768,415,0.01183059152957648,36,19,49308,49633,596,316,0,0,0,0,0,0,98904,0,0,2,0,0,0,0,0,0,0,1089,0,0,0,0,0,0
157,1660,158.12835666793183,99995,59,32,2,1,774,424,0.011980599029951498,35,11,49306,49633,597,322,0,0,0,0,0,0,98893,0,0,2,0,0,0,0,0,0,0,1100,0,0,0,0,0,0
158,1660,159.08557924124625,99995,57,36,2,1,778,429,0.01207060353017651,43,10,49295,49631,602,321,0,0,0,0,0,0,98886,0,0,2,0,0,0,0,0,0,0,1107,0,0,0,0,0,0
159,1660,160.3425573728434,99994,64,34,2,2,798,434,0.01232073924435466,40,13,49280,49624,613,326,0,0,0,0,0,0,98866,0,0,2,0,0,0,0,0,0,0,1126,0,0,0,0,0,0
160,1660,161.08657479615331,99994,59,34,2,2,799,438,0.012370742244534673,46,12,49274,49622,618,329,0,0,0,0,0,0,98856,0,0,2,0,0,0,0,0,0,0,1136,0,0,0,0,0,0
161,1660,162.16635852764793,99994,65,26,2,2,815,438,0.012530751845110707,46,14,49260,49621,626,336,0,0,0,0,0,0,98838,0,0,2,0,0,0,0,0,0,0,1154,0,0,0,0,0,0
162,1660,163.30713833115038,99994,73,24,2,2,828,442,0.012700762045722744,41,17,49258,49616,625,340,0,0,0,0,0,0,98827,0,0,2,0,0,0,0,0,0,0,1165,0,0,0,0,0,0
163,1660,164.02106375044897,99994,78,27,2,2,844,446,0.012900774046442787,36,17,49248,49612,635,341,0,0,0,0,0,0,98815,0,0,2,0,0,0,0,0,0,0,1177,0,0,0,0,0,0
164,1660,165.0260024943636,99994,71,28,2,2,848,451,0.012990779446766807,42,19,49242,49606,642,344,0,0,0,0,0,0,98800,0,0,2,0,0,0,0,0,0,0,1192,0,0,0,0,0,0
165,1660,166.06072453995745,99994,73,27,2,2,858,455,0.013130787847270836,43,19,49236,49604,645,347,0,0,0,0,0,0,98787,0,0,2,0,0,0,0,0,0,0,1205,0,0,0,0,0,0
166,1660,167.19701401127827,99994,70,28,2,2,869,460,0.01329079744784687,41,19,49229,49600,657,350,0,0,0,0,0,0,98769,0,0,2,0,0,0,0,0,0,0,1223,0,0,0,0,0,0
167,1660,168.04252540290526,99994,75,26,2,2,881,462,0.0134308058483509,37,22,49224,49596,661,353,0,0,0,0,0,0,98758,0,0,2,0,0,0,0,0,0,0,1234,0,0,0,0,0,0
168,1660,169.0970785297069,99994,75,29,2,2,896,467,0.013630817849070944,33,23,49215,49591,674,354,0,0,0,0,0,0,98741,0,0,2,0,0,0,0,0,0,0,1251,0,0,0,0,0,0
169,1660,170.12830467505816,99994,74,33,2,2,901,473,0.013740824449466968,34,23,49211,49586,678,355,0,0,0,0,0,0,98733,0,0,2,0,0,0,0,0,0,0,1259,0,0,0,0,0,0
170,1660,171.2875379187433,99993,74,37,3,2,913,483,0.01396097726840879,31,23,49209,49578,682,359,0,0,0,0,0,0,98715,0,0,2,0,0,0,0,0,0,0,1276,0,0,0,0,0,0
171,1660,172.07963692871988,99993,68,37,3,2,915,488,0.014030982168751812,35,20,49207,49578,686,362,0,0,0,0,0,0,98702,0,0,2,0,0,0,0,0,0,0,1289,0,0,0,0,0,0
172,1660,173.0609797840927,99993,63,35,3,2,920,493,0.014130989169241846,44,26,49197,49568,692,368,0,0,0,0,0,0,98685,0,0,2,0,0,0,0,0,0,0,1306,0,0,0,0,0,0
173,1660,174.09255163736006,99993,72,36,3,2,937,499,0.014361005270368927,40,24,49186,49566,698,371,0,0,0,0,0,0,98672,0,0,2,0,0,0,0,0,0,0,1319,0,0,0,0,0,0
174,1660,175.081295099728,99993,77,41,3,2,953,506,0.014591021371496005,34,21,49177,49562,708,373,0,0,0,0,0,0,98660,0,0,3,0,0,0,0,0,0,0,1330,0,0,0,0,0,0
175,1660,176.02485392493358,99993,74,49,3,2,961,515,0.014761033272329064,36,18,49171,49556,715,374,0,0,0,0,0,0,98648,0,0,3,0,0,0,0,0,0,0,1342,0,0,0,0,0,0
176,1660,177.20319143589907,99993,80,42,3,2,976,520,0.014961047273309132,29,18,49164,49551,723,386,0,0,0,0,0,0,98627,0,0,3,0,0,0,0,0,0,0,1363,0,0,0,0,0,0
177,1660,178.20099132019848,99992,84,43,3,3,983,525,0.015081206496519721,30,17,49160,49548,722,388,0,0,0,0,0,0,98620,0,0,3,0,0,0,0,0,0,0,1369,0,0,0,0,0,0
178,1660,179.06276852041228,99992,75,45,3,3,989,532,0.015211216897351788,32,21,49157,49538,732,392,0,0,0,0,0,0,98600,0,0,3,0,0,0,0,0,0,0,1389,0,0,0,0,0,0
179,1660,180.0951613705192,99992,77,43,3,3,1000,536,0.015361228898311865,34,27,49147,49528,738,398,0,0,0,0,0,0,98585,0,0,3,0,0,0,0,0,0,0,1404,0,0,0,0,0,0
180,1660,181.12769317051894,99992,76,50,3,3,1009,548,0.015571245699655973,37,21,49140,49524,743,401,0,0,0,0,0,0,98570,0,0,3,0,0,0,0,0,0,0,1419,0,0,0,0,0,0
181,1660,182.3243113517772,99992,74,50,3,3,1015,554,0.015691255300424034,43,19,49129,49521,750,406,0,0,0,0,0,0,98556,0,0,3,0,0,0,0,0,0,0,1433,0,0,0,0,0,0
182,1660,183.33560258257543,99992,71,53,3,3,1030,562,0.015921273701896152,42,26,49117,49509,766,408,0,0,0,0,0,0,98533,0,0,3,0,0,0,0,0,0,0,1456,0,0,0,0,0,0
183,1660,184.02431589752788,99992,74,50,3,3,1041,566,0.01607128570285623,39,29,49110,49503,773,414,0,0,0,0,0,0,98519,0,0,4,0,0,0,0,0,0,0,1469,0,0,0,0,0,0
184,1660,185.05756952035537,99992,80,49,3,3,1054,574,0.016281302504200335,36,28,49105,49497,775,422,0,0,0,0,0,0,98503,0,0,4,0,0,0,0,0,0,0,1485,0,0,0,0,0,0
185,1660,186.09088540827787,99991,84,46,4,3,1066,578,0.016441479733175987,29,28,49102,49493,780,429,0,0,0,0,0,0,98489,0,0,5,0,0,0,0,0,0,0,1497,0,0,0,0,0,0
186,1660,187.12429405224267,99991,81,47,4,3,1072,587,0.016591493234391096,40,24,49090,49489,784,436,0,0,0,0,0,0,98472,0,0,5,0,0,0,0,0,0,0,1514,0,0,0,0,0,0
187,1660,188.15786727666767,99991,75,49,4,3,1082,594,0.01676150853576822,41,21,49082,49486,797,440,0,0,0,0,0,0,98451,0,0,5,0,0,0,0,0,0,0,1535,0,0,0,0,0,0
188,1660,189.19169552878935,99991,73,45,4,3,1091,603,0.01694152473722635,47,21,49071,49479,804,451,0,0,0,0,0,0,98427,0,0,5,0,0,0,0,0,0,0,1559,0,0,0,0,0,0
189,1660,190.06281571641028,99991,67,51,4,3,1093,610,0.017031532837955415,54,19,49065,49474,809,452,0,0,0,0,0,0,98419,0,0,6,0,0,0,0,0,0,0,1566,0,0,0,0,0,0
190,1660,191.14384812380752,99991,69,50,4,3,1110,614,0.01724155173965657,52,21,49054,49472,820,453,0,0,0,0,0,0,98399,0,0,6,0,0,0,0,0,0,0,1586,0,0,0,0,0,0
191,1660,192.1782503864512,99991,67,48,4,3,1118,622,0.017401566140952687,54,18,49047,49469,827,461,0,0,0,0,0,0,98379,0,0,6,0,0,0,0,0,0,0,1606,0,0,0,0,0,0
192,1660,193.12863239002857,99991,71,46,4,3,1129,627,0.0175615805422488,56,19,49039,49464,829,467,0,0,0,0,0,0,98365,0,0,6,0,0,0,0,0,0,0,1620,0,0,0,0,0,0
193,1660,194.0505913063894,99991,79,42,4,3,1148,629,0.017771599443949956,49,26,49029,49456,838,472,0,0,0,0,0,0,98348,0,0,6,0,0,0,0,0,0,0,1637,0,0,0,0,0,0
194,1660,195.08542755131714,99991,79,43,4,3,1159,637,0.017961616545489095,52,22,49020,49453,844,478,0,0,0,0,0,0,98330,0,0,6,0,0,0,0,0,0,0,1655,0,0,0,0,0,0
195,1660,196.12041390086736,99991,79,43,4,3,1169,644,0.018131631846866218,48,26,49018,49443,850,484,0,0,0,0,0,0,98313,0,0,6,0,0,0,0,0,0,0,1672,0,0,0,0,0,0
196,1660,197.1555070376263,99991,73,42,4,3,1182,649,0.018311648048324348,51,23,49005,49442,866,489,0,0,0,0,0,0,98288,0,0,6,0,0,0,0,0,0,0,1697,0,0,0,0,0,0
197,1660,198.1908907532255,99991,74,38,4,3,1195,650,0.01845166064945845,54,29,48993,49435,874,494,0,0,0,0,0,0,98272,0,0,7,0,0,0,0,0,0,0,1712,0,0,0,0,0,0
198,1660,199.22650251660463,99991,78,39,4,3,1211,657,0.01868168135132162,55,28,48978,49430,884,499,0,0,0,0,0,0,98255,0,0,8,0,0,0,0,0,0,0,1728,0,0,0,0,0,0
199,1660,200.2623754036613,99991,73,43,4,3,1221,666,0.01887169845286076,57,25,48970,49426,895,502,0,0,0,0,0,0,98235,0,0,8,0,0,0,0,0,0,0,1748,0,0,0,0,0,0
200,1660,201.29846539350424,99991,79,37,4,3,1236,670,0.019061715554399897,50,28,48963,49421,903,510,0,0,0,0,0,0,98216,0,0,8,0,0,0,0,0,0,0,1767,0,0,0,0,0,0
201,1660,202.33471983366692,99991,78,35,4,3,1248,675,0.01923173085577702,48,29,48956,49417,913,515,0,0,0,0,0,0,98197,0,0,9,0,0,0,0,0,0,0,1785,0,0,0,0,0,0
202,1660,203.0256499900025,99991,78,37,4,3,1256,679,0.01935174165674911,47,31,48950,49411,920,517,0,0,0,0,0,0,98187,0,0,9,0,0,0,0,0,0,0,1795,0,0,0,0,0,0
203,1660,204.06219723567665,99991,85,36,4,3,1270,691,0.019611765058855295,42,23,48942,49409,926,528,0,0,0,0,0,0,98167,0,0,9,0,0,0,0,0,0,0,1815,0,0,0,0,0,0
204,1660,205.098924123717,99991,85,36,4,3,1278,695,0.019731775859827383,47,27,48933,49402,930,531,0,0,0,0,0,0,98155,0,0,9,0,0,0,0,0,0,0,1827,0,0,0,0,0,0
205,1660,206.1357881695231,99990,89,38,5,3,1291,706,0.01997199719971997,47,25,48923,49395,935,538,0,0,0,0,0,0,98137,0,0,9,0,0,0,0,0,0,0,1844,0,0,0,0,0,0
206,1660,207.1728360292512,99990,79,29,5,3,1299,712,0.020112011201120113,50,24,48916,49394,949,549,0,0,0,0,0,0,98104,0,0,9,0,0,0,0,0,0,0,1877,0,0,0,0,0,0
207,1660,208.21013897437115,99989,85,35,6,3,1315,720,0.02035223874626209,53,23,48901,49389,954,549,0,0,0,0,0,0,98093,0,0,10,0,0,0,0,0,0,0,1886,0,0,0,0,0,0
208,1660,209.24762616504893,99988,89,30,6,4,1331,724,0.020552466295955515,53,26,48887,49384,964,555,0,0,0,0,0,0,98072,0,0,10,0,0,0,0,0,0,0,1906,0,0,0,0,0,0
209,1660,210.28530665137595,99988,90,37,6,4,1348,735,0.020832499899987998,48,20,48877,49383,978,555,0,0,0,0,0,0,98053,0,0,11,0,0,0,0,0,0,0,1924,0,0,0,0,0,0
210,1660,211.24884776881083,99988,90,34,6,4,1355,738,0.020932511901428173,53,19,48869,49382,981,560,0,0,0,0,0,0,98040,0,0,11,0,0,0,0,0,0,0,1937,0,0,0,0,0,0
211,1660,212.12582105374506,99988,91,31,6,4,1366,741,0.021072528703444414,55,18,48863,49386,984,560,0,0,0,0,0,0,98024,0,0,11,0,0,0,0,0,0,0,1953,0,0,0,0,0,0
212,1660,213.00190452244976,99988,89,33,6,4,1373,746,0.021192543105172622,51,17,48863,49383,990,562,0,0,0,0,0,0,98012,0,0,11,0,0,0,0,0,0,0,1965,0,0,0,0,0,0
213,1660,214.21228075653656,99988,90,31,6,4,1394,749,0.021432571908629034,51,21,48842,49379,1010,564,0,0,0,0,0,0,97987,0,0,11,0,0,0,0,0,0,0,1990,0,0,0,0,0,0
214,1660,215.11474108855685,99988,89,32,6,4,1408,753,0.021612593511221346,44,23,48836,49376,1024,564,0,0,0,0,0,0,97969,0,0,11,0,0,0,0,0,0,0,2008,0,0,0,0,0,0
215,1660,216.15364381030062,99988,82,37,6,4,1414,761,0.021752610313237587,47,25,48828,49368,1036,565,0,0,0,0,0,0,97953,0,0,11,0,0,0,0,0,0,0,2024,0,0,0,0,0,0
216,1660,217.1927325668096,99988,79,40,6,4,1418,768,0.02186262351482178,53,22,48820,49368,1041,565,0,0,0,0,0,0,97942,0,0,11,0,0,0,0,0,0,0,2035,0,0,0,0,0,0
217,1660,218.23197498332314,99988,82,38,6,4,1432,771,0.022032643917270073,48,23,48812,49366,1051,568,0,0,0,0,0,0,97926,0,0,11,0,0,0,0,0,0,0,2051,0,0,0,0,0,0
218,1660,219.02029930276984,99988,81,39,6,4,1440,777,0.022172660719286315,50,18,48806,49367,1056,571,0,0,0,0,0,0,97912,0,0,11,0,0,0,0,0,0,0,2065,0,0,0,0,0,0
219,1660,220.0291703122189,99988,85,39,6,4,1451,779,0.022302676321158538,47,25,48801,49361,1060,570,0,0,0,0,0,0,97903,0,0,11,0,0,0,0,0,0,0,2074,0,0,0,0,0,0
220,1660,221.06881089913983,99988,87,40,6,4,1464,783,0.022472696723606835,48,23,48792,49360,1066,572,0,0,0,0,0,0,97889,0,0,11,0,0,0,0,0,0,0,2088,0,0,0,0,0,0
221,1660,222.10860686312876,99987,82,40,6,5,1476,789,0.02265294488283477,50,24,48779,49354,1082,576,0,0,0,0,0,0,97866,0,0,11,0,0,0,0,0,0,0,2110,0,0,0,0,0,0
222,1660,223.14866239342115,99987,87,44,6,5,1493,799,0.02292297998739836,43,20,48771,49350,1092,580,0,0,0,0,0,0,97850,0,0,13,0,0,0,0,0,0,0,2124,0,0,0,0,0,0
223,1660,224.1719440550948,99987,89,42,6,5,1503,804,0.02307299948993369,41,19,48766,49346,1097,587,0,0,0,0,0,0,97836,0,0,14,0,0,0,0,0,0,0,2137,0,0,0,0,0,0
224,1660,225.2793030874913,99987,85,45,6,5,1514,813,0.023273025493314132,41,19,48757,49342,1110,588,0,0,0,0,0,0,97815,0,0,14,0,0,0,0,0,0,0,2158,0,0,0,0,0,0
225,1660,226.06063664574,99987,84,44,6,5,1519,818,0.023373038495004352,44,17,48750,49339,1115,594,0,0,0,0,0,0,97803,0,0,14,0,0,0,0,0,0,0,2170,0,0,0,0,0,0
226,1660,227.3286274353929,99987,83,35,6,5,1533,823,0.02356306319821577,39,19,48748,49335,1123,605,0,0,0,0,0,0,97775,0,0,15,0,0,0,0,0,0,0,2197,0,0,0,0,0,0
227,1660,228.2891481342,99987,81,40,6,5,1543,831,0.023743086601258165,37,22,48743,49326,1132,606,0,0,0,0,0,0,97760,0,0,15,0,0,0,0,0,0,0,2212,0,0,0,0,0,0
228,1660,229.33015593316574,99987,79,41,6,5,1550,840,0.023903107403962516,40,18,48738,49322,1136,613,0,0,0,0,0,0,97743,0,0,15,0,0,0,0,0,0,0,2229,0,0,0,0,0,0
229,1660,230.1330051298305,99987,82,41,6,5,1559,843,0.024023123005990778,43,18,48727,49319,1141,616,0,0,0,0,0,0,97735,0,0,16,0,0,0,0,0,0,0,2236,0,0,0,0,0,0
230,1660,231.2698596092477,99987,76,34,6,5,1569,849,0.02418314380869513,50,18,48713,49314,1154,628,0,0,0,0,0,0,97707,0,0,17,0,0,0,0,0,0,0,2263,0,0,0,0,0,0
231,1660,232.2369927545822,99987,84,35,6,5,1582,853,0.024353165911568504,49,18,48702,49312,1158,629,0,0,0,0,0,0,97699,0,0,17,0,0,0,0,0,0,0,2271,0,0,0,0,0,0
232,1660,233.1207194985071,99987,86,36,6,5,1591,857,0.02448318281376579,51,18,48696,49309,1160,631,0,0,0,0,0,0,97689,0,0,17,0,0,0,0,0,0,0,2281,0,0,0,0,0,0
233,1660,234.03681245929846,99987,93,28,6,5,1603,860,0.02463320231630112,50,18,48688,49307,1162,641,0,0,0,0,0,0,97673,0,0,17,0,0,0,0,0,0,0,2297,0,0,0,0,0,0
234,1660,235.05658507190944,99987,94,26,6,5,1620,863,0.024833228319681558,52,20,48674,49306,1173,642,0,0,0,0,0,0,97652,0,0,17,0,0,0,0,0,0,0,2318,0,0,0,0,0,0
235,1660,236.09146428964775,99987,96,30,6,5,1635,869,0.02504325562323102,48,21,48666,49301,1183,642,0,0,0,0,0,0,97637,0,0,17,0,0,0,0,0,0,0,2333,0,0,0,0,0,0
236,1660,237.0770694783306,99987,95,28,6,5,1645,873,0.02518327382559733,50,24,48657,49296,1191,646,0,0,0,0,0,0,97620,0,0,17,0,0,0,0,0,0,0,2350,0,0,0,0,0,0
237,1660,238.11969015337462,99987,96,32,6,5,1660,881,0.025413303729484832,47,19,48647,49296,1203,647,0,0,0,0,0,0,97602,0,0,17,0,0,0,0,0,0,0,2368,0,0,0,0,0,0
238,1660,239.070618105482,99987,94,36,6,5,1667,887,0.025543320631682118,49,16,48642,49294,1208,648,0,0,0,0,0,0,97591,0,0,17,0,0,0,0,0,0,0,2379,0,0,0,0,0,0
239,1660,240.1503426381135,99987,90,33,6,5,1681,891,0.025723344034724514,49,19,48632,49287,1222,655,0,0,0,0,0,0,97566,0,0,17,0,0,0,0,0,0,0,2404,0,0,0,0,0,0
240,1660,241.00871207638156,99987,90,35,6,5,1687,896,0.025833358336583755,49,16,48630,49286,1224,657,0,0,0,0,0,0,97557,0,0,17,0,0,0,0,0,0,0,2413,0,0,0,0,0,0
241,1660,242.21314336950576,99987,96,36,6,5,1703,902,0.02605338694030224,44,19,48624,49277,1229,662,0,0,0,0,0,0,97542,0,0,17,0,0,0,0,0,0,0,2428,0,0,0,0,0,0
242,1660,243.07134642902318,99987,90,39,6,5,1710,908,0.026183403842499526,45,19,48620,49272,1238,664,0,0,0,0,0,0,97526,0,0,17,0,0,0,0,0,0,0,2444,0,0,0,0,0,0
243,1660,244.3449754330077,99987,91,38,6,5,1732,912,0.026443437646894098,50,21,48601,49274,1251,661,0,0,0,0,0,0,97500,0,0,17,0,0,0,0,0,0,0,2470,0,0,0,0,0,0
244,1660,245.0408378026427,99987,97,37,6,5,1744,917,0.02661345974976747,46,23,48595,49269,1255,665,0,0,0,0,0,0,97488,0,0,17,0,0,0,0,0,0,0,2482,0,0,0,0,0,0
245,1660,246.08476129761792,99987,100,38,6,5,1758,925,0.026833488353485955,42,21,48588,49263,1263,672,0,0,0,0,0,0,97470,0,0,17,0,0,0,0,0,0,0,2500,0,0,0,0,0,0
246,1660,247.12885179584893,99987,95,38,6,5,1767,928,0.026953503955514217,47,25,48576,49259,1275,672,0,0,0,0,0,0,97453,0,0,17,0,0,0,0,0,0,0,2517,0,0,0,0,0,0
247,1660,248.17318830886276,99987,87,36,6,5,1775,932,0.02707351955754248,51,28,48568,49254,1287,676,0,0,0,0,0,0,97431,0,0,17,0,0,0,0,0,0,0,2539,0,0,0,0,0,0
248,1660,249.21774675266545,99987,83,36,6,5,1789,939,0.027283546861091943,46,30,48566,49246,1298,682,0,0,0,0,0,0,97408,0,0,19,0,0,0,0,0,0,0,2560,0,0,0,0,0,0
249,1660,250.2624135520181,99987,86,48,6,5,1804,953,0.02757358456599358,35,24,48567,49248,1305,674,0,0,0,0,0,0,97394,0,0,19,0,0,0,0,0,0,0,2574,0,0,0,0,0,0
250,1660,251.30715793586992,99987,80,47,6,5,1809,957,0.027663596267514776,41,25,48567,49244,1305,678,0,0,0,0,0,0,97378,0,0,19,0,0,0,0,0,0,0,2590,0,0,0,0,0,0
251,1660,252.0036351594144,99987,74,47,6,5,1813,964,0.027773610569374017,41,22,48565,49241,1313,684,0,0,0,0,0,0,97361,0,0,19,0,0,0,0,0,0,0,2607,0,0,0,0,0,0
252,1660,253.0484859339834,99987,65,44,6,5,1819,968,0.027873623571064238,42,20,48563,49243,1323,687,0,0,0,0,0,0,97339,0,0,19,0,0,0,0,0,0,0,2629,0,0,0,0,0,0
253,1660,254.015814384816,99987,69,45,6,5,1831,974,0.028053646974106634,37,16,48558,49244,1329,689,0,0,0,0,0,0,97326,0,0,19,0,0,0,0,0,0,0,2642,0,0,0,0,0,0
254,1660,255.05056812534903,99987,71,45,6,5,1842,977,0.02819366517647294,35,18,48552,49241,1335,690,0,0,0,0,0,0,97314,0,0,19,0,0,0,0,0,0,0,2654,0,0,0,0,0,0
255,1660,256.1251598733021,99987,65,39,6,5,1849,982,0.028313680778501205,38,18,48545,49240,1345,697,0,0,0,0,0,0,97291,0,0,20,0,0,0,0,0,0,0,2676,0,0,0,0,0,0
256,1660,257.01099668427065,99987,59,36,6,5,1856,984,0.0284036924800224,40,20,48541,49239,1353,699,0,0,0,0,0,0,97273,0,0,20,0,0,0,0,0,0,0,2694,0,0,0,0,0,0
257,1660,258.1386538835429,99986,65,34,6,6,1866,989,0.028553997559658352,34,18,48544,49240,1350,701,0,0,0,0,0,0,97262,0,0,20,0,0,0,0,0,0,0,2704,0,0,0,0,0,0
258,1660,259.0722701924276,99986,64,37,6,6,1876,995,0.028714019962794792,34,16,48537,49236,1358,704,0,0,0,0,0,0,97248,0,0,20,0,0,0,0,0,0,0,2718,0,0,0,0,0,0
259,1660,260.22799849911735,99986,60,37,6,6,1883,998,0.028814033964755067,39,18,48527,49234,1367,704,0,0,0,0,0,0,97234,0,0,20,0,0,0,0,0,0,0,2732,0,0,0,0,0,0
260,1660,261.1099693699748,99986,61,35,6,6,1894,1001,0.02895405356749945,34,20,48522,49230,1376,708,0,0,0,0,0,0,97221,0,0,22,0,0,0,0,0,0,0,2743,0,0,0,0,0,0
261,1660,262.30671033912597,99986,62,28,6,6,1907,1003,0.029104074570439863,35,24,48517,49228,1379,713,0,0,0,0,0,0,97200,0,0,22,0,0,0,0,0,0,0,2764,0,0,0,0,0,0
262,1660,263.0041303613764,99986,62,27,6,6,1912,1005,0.029174084371812053,39,26,48513,49226,1379,714,0,0,0,0,0,0,97193,0,0,23,0,0,0,0,0,0,0,2770,0,0,0,0,0,0
263,1660,264.0502936283014,99985,62,35,7,6,1922,1014,0.029364404660699103,39,21,48510,49224,1381,713,0,0,0,0,0,0,97182,0,0,23,0,0,0,0,0,0,0,2780,0,0,0,0,0,0
264,1660,265.31505344916246,99985,63,30,7,6,1940,1017,0.029574436165424815,29,26,48507,49219,1393,718,0,0,0,0,0,0,97157,0,0,23,0,0,0,0,0,0,0,2805,0,0,0,0,0,0
265,1660,266.0126370452171,99985,64,32,7,6,1948,1022,0.02970445566835025,30,24,48501,49219,1397,718,0,0,0,0,0,0,97147,0,0,23,0,0,0,0,0,0,0,2815,0,0,0,0,0,0
266,1660,267.05908728289694,99985,65,36,7,6,1958,1028,0.029864479671950793,29,22,48505,49216,1393,719,0,0,0,0,0,0,97136,0,0,23,0,0,0,0,0,0,0,2826,0,0,0,0,0,0
267,1660,268.10551258350944,99985,59,36,7,6,1963,1035,0.0299844976746512,33,18,48500,49215,1400,724,0,0,0,0,0,0,97118,0,0,23,0,0,0,0,0,0,0,2844,0,0,0,0,0,0
268,1660,269.32988497055374,99985,58,36,7,6,1974,1041,0.03015452317847677,34,19,48495,49211,1405,727,0,0,0,0,0,0,97100,0,0,23,0,0,0,0,0,0,0,2862,0,0,0,0,0,0
269,1660,270.04211034892995,99985,59,36,7,6,1982,1045,0.030274541181177176,36,17,48488,49209,1409,731,0,0,0,0,0,0,97089,0,0,23,0,0,0,0,0,0,0,2873,0,0,0,0,0,0
270,1660,271.10784801727135,99985,58,35,7,6,1992,1049,0.03041456218432765,34,17,48486,49209,1414,732,0,0,0,0,0,0,97075,0,0,25,0,0,0,0,0,0,0,2885,0,0,0,0,0,0
271,1660,272.05081869332224,99985,57,36,7,6,1999,1052,0.030514577186577987,32,17,48481,49207,1422,733,0,0,0,0,0,0,97065,0,0,25,0,0,0,0,0,0,0,2895,0,0,0,0,0,0
272,1660,273.1676757976293,99985,57,37,7,6,2008,1058,0.030664599689953494,35,16,48476,49203,1424,737,0,0,0,0,0,0,97051,0,0,25,0,0,0,0,0,0,0,2909,0,0,0,0,0,0
273,1660,274.2494278431251,99985,54,27,7,6,2016,1062,0.0307846176926539,40,17,48470,49202,1428,747,0,0,0,0,0,0,97026,0,0,25,0,0,0,0,0,0,0,2934,0,0,0,0,0,0
274,1660,275.1487669470116,99985,52,29,7,6,2022,1065,0.030874631194679203,38,15,48474,49203,1428,746,0,0,0,0,0,0,97018,0,0,26,0,0,0,0,0,0,0,2941,0,0,0,0,0,0
275,1660,276.1135744762137,99985,59,30,7,6,2033,1070,0.03103465519827974,38,14,48468,49201,1427,748,0,0,0,0,0,0,97010,0,0,26,0,0,0,0,0,0,0,2949,0,0,0,0,0,0
276,1660,277.2370190566115,99985,60,28,7,6,2046,1075,0.03121468220233035,33,13,48468,49199,1431,753,0,0,0,0,0,0,96991,0,0,26,0,0,0,0,0,0,0,2968,0,0,0,0,0,0
277,1660,278.2532052360789,99985,57,23,7,6,2049,1076,0.031254688203230484,36,18,48468,49194,1431,758,0,0,0,0,0,0,96979,0,0,26,0,0,0,0,0,0,0,2980,0,0,0,0,0,0
278,1660,279.1991997190873,99985,59,22,7,6,2060,1077,0.03137470620593089,39,21,48460,49194,1434,756,0,0,0,0,0,0,96969,0,0,27,0,0,0,0,0,0,0,2989,0,0,0,0,0,0
279,1660,280.24663043604926,99985,54,21,7,6,2074,1078,0.03152472870930639,30,25,48462,49192,1446,755,0,0,0,0,0,0,96949,0,0,28,0,0,0,0,0,0,0,3008,0,0,0,0,0,0
280,1660,281.294140093706,99984,53,24,8,6,2082,1082,0.031645063210113615,29,25,48461,49191,1448,753,0,0,0,0,0,0,96939,0,0,28,0,0,0,0,0,0,0,3017,0,0,0,0,0,0
281,1660,282.3417016868966,99984,49,27,8,6,2087,1088,0.03175508081293007,33,20,48458,49192,1451,754,0,0,0,0,0,0,96927,0,0,28,0,0,0,0,0,0,0,3029,0,0,0,0,0,0
282,1660,283.05624541874835,99984,47,30,8,6,2091,1091,0.031825092014722355,33,20,48456,49189,1455,754,0,0,0,0,0,0,96921,0,0,28,0,0,0,0,0,0,0,3035,0,0,0,0,0,0
283,1660,284.2581029842113,99984,49,29,8,6,2102,1095,0.03197511601856297,29,26,48454,49182,1459,756,0,0,0,0,0,0,96907,0,0,28,0,0,0,0,0,0,0,3049,0,0,0,0,0,0
284,1660,285.305774130526,99984,52,37,8,6,2112,1105,0.03217514802368379,28,21,48450,49184,1461,751,0,0,0,0,0,0,96898,0,0,28,0,0,0,0,0,0,0,3058,0,0,0,0,0,0
285,1660,286.00425706542967,99984,51,43,8,6,2114,1112,0.03226516242598816,33,16,48444,49184,1463,750,0,0,0,0,0,0,96894,0,0,28,0,0,0,0,0,0,0,3062,0,0,0,0,0,0
286,1660,287.131895174864,99984,51,42,8,6,2125,1118,0.03243518963034085,32,15,48442,49180,1466,756,0,0,0,0,0,0,96877,0,0,29,0,0,0,0,0,0,0,3078,0,0,0,0,0,0
287,1660,288.11544963304124,99984,50,36,8,6,2137,1124,0.03261521843494959,27,19,48445,49174,1469,764,0,0,0,0,0,0,96853,0,0,30,0,0,0,0,0,0,0,3101,0,0,0,0,0,0
288,1660,289.25168818694306,99984,48,37,8,6,2145,1130,0.032755240838534164,29,17,48444,49172,1470,767,0,0,0,0,0,0,96838,0,0,30,0,0,0,0,0,0,0,3116,0,0,0,0,0,0
289,1660,290.17472556333223,99984,51,35,8,6,2156,1135,0.03291526644263082,27,16,48442,49173,1471,769,0,0,0,0,0,0,96823,0,0,30,0,0,0,0,0,0,0,3131,0,0,0,0,0,0
290,1660,291.19253541203005,99984,50,31,8,6,2164,1136,0.03300528084493519,25,17,48439,49172,1477,773,0,0,0,0,0,0,96809,0,0,30,0,0,0,0,0,0,0,3145,0,0,0,0,0,0
291,1660,292.2131902088932,99984,57,31,8,6,2171,1139,0.0331052968474956,22,17,48436,49171,1476,774,0,0,0,0,0,0,96806,0,0,30,0,0,0,0,0,0,0,3148,0,0,0,0,0,0
292,1660,293.176827397306,99984,57,32,8,6,2179,1146,0.033255320851336215,27,17,48428,49168,1479,776,0,0,0,0,0,0,96792,0,0,30,0,0,0,0,0,0,0,3162,0,0,0,0,0,0
293,1660,294.0672170216354,99984,62,32,8,6,2188,1150,0.033385341654664745,23,14,48426,49169,1480,778,0,0,0,0,0,0,96784,0,0,30,0,0,0,0,0,0,0,3170,0,0,0,0,0,0
294,1660,295.30327171246245,99984,60,33,8,6,2195,1156,0.03351536245799328,29,12,48421,49169,1481,779,0,0,0,0,0,0,96770,0,0,30,0,0,0,0,0,0,0,3184,0,0,0,0,0,0
295,1660,296.0567946836144,99984,62,33,8,6,2201,1158,0.03359537526004161,34,14,48413,49167,1482,779,0,0,0,0,0,0,96764,0,0,30,0,0,0,0,0,0,0,3190,0,0,0,0,0,0
296,1660,297.1905533281197,99983,62,29,8,7,2213,1160,0.03373573507496274,36,16,48405,49165,1488,782,0,0,0,0,0,0,96746,0,0,30,0,0,0,0,0,0,0,3207,0,0,0,0,0,0
297,1660,298.3240890867911,99983,60,27,8,7,2221,1163,0.033845753778142286,39,16,48398,49162,1494,787,0,0,0,0,0,0,96731,0,0,30,0,0,0,0,0,0,0,3222,0,0,0,0,0,0
298,1660,299.03522789163026,99983,58,28,8,7,2225,1167,0.03392576738045468,41,16,48398,49160,1494,788,0,0,0,0,0,0,96722,0,0,30,0,0,0,0,0,0,0,3231,0,0,0,0,0,0
299,1660,300.0911600554926,99983,61,26,8,7,2239,1173,0.03412580138623566,39,15,48392,49160,1499,791,0,0,0,0,0,0,96704,0,0,31,0,0,0,0,0,0,0,3248,0,0,0,0,0,0
300,1660,301.29467611879176,99983,65,25,8,7,2252,1177,0.03429583029114949,36,13,48390,49158,1500,796,0,0,0,0,0,0,96690,0,0,31,0,0,0,0,0,0,0,3262,0,0,0,0,0,0
301,1660,302.15362947850355,99983,63,24,8,7,2259,1178,0.03437584389346189,37,13,48387,49158,1504,797,0,0,0,0,0,0,96680,0,0,32,0,0,0,0,0,0,0,3271,0,0,0,0,0,0
302,1660,303.3248767459215,99983,70,25,8,7,2274,1182,0.03456587619895382,30,13,48382,49157,1509,797,0,0,0,0,0,0,96669,0,0,32,0,0,0,0,0,0,0,3282,0,0,0,0,0,0
303,1660,304.0888277471592,99983,66,26,8,7,2277,1185,0.034625886400688116,37,11,48378,49156,1510,799,0,0,0,0,0,0,96662,0,0,34,0,0,0,0,0,0,0,3287,0,0,0,0,0,0
304,1660,305.0934213186147,99983,62,26,8,7,2287,1188,0.03475590850444576,36,10,48373,49156,1520,800,0,0,0,0,0,0,96645,0,0,34,0,0,0,0,0,0,0,3304,0,0,0,0,0,0
305,1660,306.1427913695726,99983,62,26,8,7,2295,1191,0.0348659272076253,37,12,48370,49151,1522,803,0,0,0,0,0,0,96634,0,0,34,0,0,0,0,0,0,0,3315,0,0,0,0,0,0
306,1660,307.00502564361585,99983,63,31,8,7,2304,1196,0.03500595101167198,41,11,48362,49154,1525,796,0,0,0,0,0,0,96626,0,0,34,0,0,0,0,0,0,0,3323,0,0,0,0,0,0
307,1660,308.1682200582552,99983,65,32,8,7,2316,1200,0.03516597821629677,38,17,48355,49145,1533,798,0,0,0,0,0,0,96613,0,0,34,0,0,0,0,0,0,0,3336,0,0,0,0,0,0
308,1660,309.11588510596613,99983,73,30,8,7,2330,1204,0.03534600882149966,38,16,48349,49143,1531,803,0,0,0,0,0,0,96601,0,0,34,0,0,0,0,0,0,0,3348,0,0,0,0,0,0
309,1660,310.11151415953736,99983,72,32,8,7,2337,1209,0.03546602922496824,42,19,48342,49136,1535,805,0,0,0,0,0,0,96591,0,0,35,0,0,0,0,0,0,0,3357,0,0,0,0,0,0
310,1660,311.07557549677244,99983,76,31,8,7,2349,1214,0.03563605812988208,47,20,48332,49133,1536,808,0,0,0,0,0,0,96578,0,0,36,0,0,0,0,0,0,0,3369,0,0,0,0,0,0
311,1660,312.2733202191281,99983,89,33,8,7,2373,1219,0.03592610743826451,35,24,48325,49129,1542,806,0,0,0,0,0,0,96564,0,0,36,0,0,0,0,0,0,0,3383,0,0,0,0,0,0
312,1660,313.3232765346011,99983,90,37,8,7,2382,1227,0.03609613634317834,41,20,48317,49128,1543,807,0,0,0,0,0,0,96552,0,0,36,0,0,0,0,0,0,0,3395,0,0,0,0,0,0
313,1660,314.33606716185943,99983,87,34,8,7,2393,1231,0.03624616184751408,40,29,48313,49121,1551,808,0,0,0,0,0,0,96531,0,0,36,0,0,0,0,0,0,0,3416,0,0,0,0,0,0
314,1660,315.0361695883138,99983,84,40,8,7,2397,1238,0.03635618055069362,44,24,48309,49120,1554,808,0,0,0,0,0,0,96524,0,0,37,0,0,0,0,0,0,0,3422,0,0,0,0,0,0
315,1660,316.08639344291356,99983,91,37,8,7,2411,1242,0.0365362111558965,40,26,48308,49117,1552,812,0,0,0,0,0,0,96511,0,0,38,0,0,0,0,0,0,0,3434,0,0,0,0,0,0
316,1660,317.1366296838616,99983,88,33,8,7,2421,1245,0.03666623325965414,36,29,48309,49113,1558,817,0,0,0,0,0,0,96492,0,0,39,0,0,0,0,0,0,0,3452,0,0,0,0,0,0
317,1660,318.1869601949964,99983,78,35,8,7,2430,1250,0.03680625706370083,40,26,48298,49114,1575,817,0,0,0,0,0,0,96470,0,0,39,0,0,0,0,0,0,0,3474,0,0,0,0,0,0
318,1660,319.23752817692764,99983,71,31,8,7,2436,1252,0.03688627066601322,48,28,48290,49110,1582,823,0,0,0,0,0,0,96452,0,0,40,0,0,0,0,0,0,0,3491,0,0,0,0,0,0
319,1660,320.2882998812695,99983,74,31,8,7,2449,1257,0.03706630127121611,43,29,48285,49103,1588,828,1,1,1,1,0,0,96437,0,0,42,0,0,0,0,0,0,2,3502,0,0,0,0,0,0
320,1660,321.133594425461,99983,76,31,8,7,2457,1261,0.0371863216746847,38,25,48284,49104,1592,831,1,1,2,2,0,0,96425,0,0,42,0,0,0,0,0,0,4,3512,0,0,0,0,0,0
321,1660,322.0704949761766,99983,69,35,8,7,2464,1267,0.03731634377844233,37,22,48280,49101,1603,832,2,2,3,3,0,0,96407,0,0,42,0,0,0,0,0,0,6,3528,0,0,0,0,0,0
322,1660,323.040301459851,99983,69,38,8,7,2470,1273,0.037436364181910924,39,20,48282,49099,1598,832,3,3,4,4,0,0,96396,0,0,42,0,0,0,0,0,0,8,3537,0,0,0,0,0,0
323,1660,324.0569932331641,99983,69,39,8,7,2480,1279,0.03759639138653571,36,19,48282,49095,1600,835,4,4,5,5,0,0,96379,0,0,42,0,0,0,0,0,0,10,3552,0,0,0,0,0,0
324,1660,325.0027169545137,99983,67,40,8,7,2486,1283,0.0376964083894262,43,16,48273,49096,1603,835,5,5,6,6,0,0,96366,0,0,42,0,0,0,0,0,0,12,3563,0,0,0,0,0,0
325,1660,326.0853912232228,99983,64,33,8,7,2495,1284,0.037796425392316695,41,23,48277,49091,1604,839,5,6,8,7,0,0,96343,0,0,42,0,0,0,0,0,0,15,3583,0,0,0,0,0,0
326,1660,327.20847755222064,99983,68,33,8,7,2508,1291,0.037996459398097676,36,20,48275,49090,1606,841,6,8,10,8,0,0,96324,0,0,42,0,0,0,0,0,0,18,3599,0,0,0,0,0,0
327,1660,328.0095743234087,99983,70,31,8,7,2514,1295,0.03809647640098817,33,20,48274,49085,1607,846,7,10,12,9,0,0,96311,0,0,42,0,0,0,0,0,0,21,3609,0,0,0,0,0,0
328,1660,329.04799403266264,99983,68,38,8,7,2527,1302,0.03829651040676915,30,20,48267,49080,1618,841,8,13,15,10,0,0,96292,0,0,42,0,0,0,0,0,0,25,3624,0,0,0,0,0,0
329,1660,330.0028363010247,99983,68,45,8,7,2538,1311,0.038496544412550134,40,15,48250,49075,1624,841,9,16,18,11,0,0,96275,0,0,42,0,0,0,0,0,0,29,3637,0,0,0,0,0,0
330,1660,331.0371049804268,99983,77,38,8,7,2554,1317,0.03871658181890921,34,13,48249,49070,1621,851,10,20,22,12,0,0,96251,0,0,43,0,0,0,0,0,0,34,3655,0,0,0,0,0,0
331,1660,332.05923006368124,99983,72,38,8,7,2561,1324,0.038856605622955905,42,14,48237,49060,1629,855,11,25,27,13,0,0,96226,0,0,43,0,0,0,0,0,0,40,3674,0,0,0,0,0,0
332,1660,333.06170475960147,99983,68,36,8,7,2565,1330,0.03895662262584639,51,14,48226,49050,1634,862,12,30,32,14,0,0,96205,0,0,43,0,0,0,0,0,0,45,3689,1,0,0,0,0,0
333,1660,334.00047694793614,99983,73,33,8,7,2581,1336,0.039176660032205476,44,16,48224,49037,1637,870,13,36,38,15,0,0,96178,0,0,43,0,0,0,0,0,0,52,3709,1,0,0,0,0,0
334,1660,335.1208820370906,99983,77,31,8,7,2595,1339,0.03934668893711931,41,15,48217,49032,1642,871,14,43,45,16,0,0,96156,0,0,44,0,0,0,0,0,0,60,3722,1,0,0,0,0,0
335,1660,336.05481164991096,99983,74,33,8,7,2600,1345,0.03945670764029885,50,16,48204,49020,1648,872,15,51,53,17,0,0,96136,0,0,45,0,0,0,0,0,0,69,3732,1,0,0,0,0,0
336,1660,337.0029678221653,99983,77,36,8,7,2614,1353,0.039676745046657934,48,13,48198,49009,1652,875,16,59,62,18,0,0,96110,0,0,45,0,0,0,0,0,0,79,3748,1,0,0,0,0,0
337,1660,338.0155754965351,99983,77,35,8,7,2623,1357,0.03980676715041557,54,13,48192,49003,1651,872,17,69,72,19,0,0,96085,0,0,45,0,0,0,0,0,0,90,3762,1,0,0,0,0,0
338,1660,339.00756515685606,99983,75,34,8,7,2630,1357,0.039876779052438915,61,15,48182,48992,1655,871,18,80,83,20,0,0,96064,0,0,46,0,0,0,0,0,0,102,3770,1,0,0,0,0,0
339,1660,340.023346144962,99983,83,30,8,7,2652,1360,0.04012682155966514,50,16,48176,48978,1663,876,19,92,95,21,0,0,96031,0,0,46,0,0,0,0,0,0,114,3790,2,0,0,0,0,0
340,1660,341.0001577658356,99983,87,29,8,7,2668,1365,0.040336857265735174,48,15,48164,48964,1673,880,19,104,108,22,0,0,95999,0,0,46,0,0,0,0,0,0,128,3808,2,0,0,0,0,0
341,1660,342.06297749370816,99983,89,28,8,7,2681,1369,0.04050688617064901,48,16,48153,48948,1680,883,21,117,122,24,0,0,95968,0,0,46,0,0,0,0,0,0,143,3823,3,0,0,0,0,0
342,1660,343.0091007543161,99983,88,28,8,7,2692,1377,0.040696918476140945,51,17,48144,48925,1685,890,23,132,137,26,0,0,95931,0,0,46,0,0,0,0,0,0,160,3843,3,0,0,0,0,0
343,1660,344.3335951419339,99983,87,25,8,7,2708,1384,0.040926957582789074,55,22,48132,48899,1692,897,25,149,154,28,0,0,95885,0,0,46,0,0,0,0,0,0,179,3870,3,0,0,0,0,0
344,1660,345.0362784772496,99983,88,26,8,7,2715,1389,0.041046977986257664,58,18,48123,48883,1695,898,27,167,172,30,0,0,95855,0,0,46,0,0,0,0,0,0,199,3880,3,0,0,0,0,0
345,1660,346.20609840511787,99983,98,24,8,7,2740,1392,0.04132702559435104,58,23,48103,48859,1703,899,29,187,192,32,0,0,95814,0,0,47,0,0,0,0,0,0,221,3898,3,0,0,0,0,0
346,1660,347.1114685422864,99983,97,23,8,7,2752,1393,0.04145704769810868,56,29,48099,48834,1708,898,31,208,213,34,0,0,95776,0,0,47,0,0,0,0,0,0,244,3913,3,0,0,0,0,0
347,1660,348.16608481171886,99983,105,30,8,7,2768,1401,0.04169708850504586,45,27,48097,48808,1710,897,34,230,236,37,0,0,95741,0,0,47,0,0,0,0,0,0,270,3922,3,0,0,0,0,0
348,1660,349.2207529230474,99983,105,32,8,7,2783,1408,0.04191712591140494,44,29,48087,48782,1718,897,37,252,260,40,0,0,95696,0,0,47,0,0,0,0,0,0,295,3940,5,0,0,0,0,0
349,1660,350.27562705259044,99983,107,29,8,7,2794,1410,0.04204714801516258,44,36,48082,48751,1719,898,39,278,286,43,0,0,95653,0,0,47,0,0,0,0,0,0,324,3954,5,0,0,0,0,0
350,1660,351.330585162784,99983,97,42,8,7,2799,1427,0.04226718542152166,61,26,48063,48724,1728,895,42,305,314,46,0,0,95607,0,0,48,0,0,0,0,0,0,352,3968,8,0,0,0,0,0
351,1660,352.03406217217156,99983,104,44,8,7,2816,1431,0.04247722112759169,54,29,48053,48689,1734,896,46,334,343,50,0,0,95564,0,0,48,0,0,0,0,0,0,383,3978,10,0,0,0,0,0
352,1660,353.0895526804458,99983,105,45,8,7,2833,1436,0.042697258533950774,55,29,48035,48657,1746,898,50,363,374,54,0,0,95509,0,0,48,0,0,0,0,0,0,418,3998,10,0,0,0,0,0
353,1660,354.14535596032755,99983,90,43,8,7,2839,1444,0.04283728233799746,65,30,48021,48622,1762,904,53,393,407,58,0,0,95442,0,0,48,0,0,0,0,0,0,454,4028,11,0,0,0,0,0
354,1660,355.2015185455402,99983,97,45,8,7,2854,1450,0.043047318044067494,63,33,48012,48583,1761,906,58,425,442,63,0,0,95391,0,0,49,0,0,0,0,0,0,494,4038,11,0,0,0,0,0
355,1660,356.2578110597396,99983,97,53,8,7,2869,1461,0.04330736225158277,59,33,48003,48539,1769,905,63,462,479,68,0,0,95332,0,0,49,0,0,0,0,0,0,535,4055,12,0,0,0,0,0
356,1660,357.31434539119886,99983,103,52,8,7,2885,1467,0.04352739965794185,57,37,47988,48494,1775,908,68,501,518,73,0,0,95272,0,0,49,0,0,0,0,0,0,578,4071,13,0,0,0,0,0
357,1660,358.01885144327935,99983,105,62,8,7,2898,1479,0.04377744216516808,50,32,47980,48450,1783,907,73,541,559,79,0,0,95212,0,0,49,0,0,0,0,0,0,625,4084,13,0,0,0,0,0
358,1660,359.0757949002823,99983,104,57,8,7,2911,1487,0.04398747787123811,55,35,47962,48403,1791,916,79,581,602,85,0,0,95139,0,0,50,0,0,0,0,0,0,672,4107,15,0,0,0,0,0
359,1660,360.1331029204739,99983,98,59,8,7,2921,1494,0.04415750677615195,53,32,47954,48359,1801,918,85,624,647,91,0,0,95072,0,0,51,1,0,0,0,0,0,721,4121,17,0,0,0,0,0
360,1660,361.1907545021619,99983,105,56,8,7,2936,1499,0.04435754078193293,58,45,47935,48296,1801,925,92,670,695,98,0,0,95002,0,0,51,1,0,0,0,0,0,775,4136,18,0,0,0,0,0
361,1660,362.2486125273704,99983,94,64,8,7,2945,1514,0.04459758158887011,62,39,47921,48244,1815,930,99,715,745,105,0,0,94919,0,0,51,1,0,0,0,0,0,831,4162,19,0,0,0,0,0
362,1660,363.30683157373005,99983,100,60,8,7,2964,1519,0.04483762239580729,55,43,47904,48188,1825,935,107,766,797,113,0,0,94842,0,0,52,1,0,0,0,0,0,887,4178,23,0,0,0,0,0
363,1660,364.0125417645233,99983,94,60,8,7,2971,1526,0.04497764619985398,59,43,47893,48128,1830,941,115,820,852,121,0,0,94765,0,0,54,1,0,0,0,0,0,946,4190,27,0,0,0,0,0
364,1660,365.07138320747714,99983,103,67,8,7,2988,1538,0.0452676955082364,59,38,47877,48069,1828,943,124,875,909,130,0,0,94690,0,0,54,1,0,0,0,0,0,1008,4199,31,0,0,0,0,0
365,1660,366.1305091478415,99983,100,68,8,7,3004,1549,0.04553774141604073,62,33,47858,48014,1839,947,132,930,968,139,0,0,94597,0,0,57,1,0,0,0,0,0,1075,4221,32,0,0,0,0,0
366,1660,367.1900250211164,99983,97,63,8,7,3014,1556,0.04570777032095456,64,30,47848,47958,1840,952,142,989,1030,149,0,0,94502,0,0,57,1,0,0,0,0,0,1145,4244,34,0,0,0,0,0
367,1660,368.2498697980044,99982,101,62,9,7,3028,1563,0.045918265287751794,64,32,47832,47895,1841,955,152,1048,1094,160,0,0,94411,0,0,57,1,0,0,0,0,0,1218,4259,36,0,0,0,0,0
368,1660,369.3100020606651,99982,99,59,9,7,3045,1569,0.04614830669520514,70,29,47806,47832,1852,959,163,1113,1161,171,0,0,94310,0,0,59,1,0,0,0,0,0,1293,4280,39,0,0,0,0,0
369,1660,370.0170573482918,99982,101,54,9,7,3057,1574,0.04631833730071413,67,33,47788,47756,1859,969,175,1180,1231,183,0,0,94208,0,0,59,1,0,0,0,0,0,1375,4300,39,0,0,0,0,0
370,1660,371.07813399962794,99982,109,62,9,7,3078,1586,0.04664839671140805,62,29,47773,47693,1861,964,185,1244,1303,195,0,0,94111,0,0,59,1,0,0,0,0,0,1455,4313,43,0,0,0,0,0
371,1660,372.13952104401324,99982,104,56,9,7,3092,1592,0.04684843271788922,64,40,47754,47606,1870,975,198,1315,1378,208,0,0,93998,0,0,60,1,0,0,0,0,0,1538,4337,48,0,0,0,0,0
372,1660,373.201324125215,99982,102,65,9,7,3107,1606,0.04713848492728691,72,36,47724,47531,1882,972,210,1388,1456,222,0,0,93893,0,0,60,1,0,0,0,0,0,1621,4350,57,0,0,0,0,0
373,1660,374.2636905375964,99980,111,64,11,7,3124,1611,0.04735947189437888,66,45,47705,47446,1883,976,223,1461,1536,236,0,0,93788,0,0,61,1,0,0,0,0,0,1713,4358,59,0,0,0,0,0
374,1660,375.3264009641832,99980,114,72,11,7,3141,1626,0.047679535907181436,66,38,47688,47365,1883,981,237,1536,1619,251,0,0,93672,0,0,61,1,0,0,0,0,0,1808,4376,62,0,0,0,0,0
375,1660,376.03507047617114,99980,107,76,11,7,3149,1633,0.04782956591318264,68,35,47664,47285,1896,980,253,1616,1705,267,0,0,93558,0,0,61,1,0,0,0,0,0,1904,4388,68,0,0,0,0,0
376,1660,377.0986651998137,99980,107,75,11,7,3168,1643,0.04811962392478496,73,32,47632,47195,1906,989,270,1701,1794,284,0,0,93429,0,0,63,1,0,0,0,0,0,2005,4409,73,0,0,0,0,0
377,1660,378.16294324078325,99980,114,64,11,7,3192,1647,0.0483996799359872,72,39,47600,47104,1917,999,285,1786,1885,302,0,0,93293,0,0,63,1,0,0,0,0,0,2109,4436,78,0,0,0,0,0
378,1660,379.22792609818765,99980,106,67,11,7,3205,1657,0.04862972594518904,78,40,47573,47006,1929,1001,302,1878,1979,320,0,0,93156,0,0,63,1,0,0,0,0,0,2218,4461,81,0,0,0,0,0
379,1660,380.2935223770745,99980,105,71,11,7,3226,1667,0.04893978795759152,72,39,47549,46908,1942,1005,320,1969,2076,339,0,0,93015,0,0,64,1,0,0,0,0,0,2332,4485,83,0,0,0,0,0
380,1660,381.0042679311499,99980,109,71,11,7,3235,1673,0.04908981796359272,75,41,47520,46814,1944,1001,340,2065,2176,359,0,0,92890,0,0,64,1,0,0,0,0,0,2446,4490,89,0,0,0,0,0
381,1660,382.0710277311758,99980,111,72,11,7,3250,1684,0.0493498699739948,85,37,47484,46713,1949,1008,359,2162,2279,380,0,0,92746,0,0,65,1,0,0,0,0,0,2568,4509,91,0,0,0,0,0
382,1660,383.1384465529554,99980,115,70,11,7,3268,1690,0.04958991798359672,85,40,47458,46623,1952,1003,378,2256,2385,402,0,0,92602,0,0,65,1,0,0,0,0,0,2690,4525,97,0,0,0,0,0
383,1660,384.2064693085089,99980,121,64,11,7,3295,1693,0.04988997799559912,78,47,47426,46515,1963,1008,400,2358,2494,425,0,0,92449,0,0,65,1,0,0,0,0,0,2813,4546,106,0,0,0,0,0
384,1660,385.275204904938,99980,116,69,11,7,3311,1704,0.05016003200640128,75,45,47397,46408,1976,1006,424,2464,2606,449,0,0,92291,0,0,66,1,0,0,0,0,0,2945,4567,110,0,0,0,0,0
385,1660,386.3446161816052,99980,122,75,11,7,3330,1717,0.05048009601920384,75,36,47366,46303,1976,1006,449,2572,2721,474,0,0,92139,0,0,67,1,0,0,0,0,0,3078,4578,117,0,0,0,0,0
386,1660,387.0579275984404,99980,117,72,11,7,3337,1725,0.050630126025205044,88,35,47325,46194,1983,1012,475,2679,2839,500,0,0,91979,0,0,68,1,0,0,0,0,0,3216,4593,123,0,0,0,0,0
387,1660,388.1287925310379,99980,128,75,11,7,3367,1734,0.05102020404080816,74,37,47288,46081,1996,1010,502,2789,2960,527,0,0,91814,0,0,72,1,0,0,0,0,0,3360,4606,127,0,0,0,0,0
388,1660,389.20055207831206,99980,139,76,11,7,3397,1751,0.05149029805961192,67,30,47245,45969,2007,1015,530,2902,3084,555,0,0,91635,0,0,74,1,0,0,0,0,0,3506,4631,133,0,0,0,0,0
389,1660,390.2732617408277,99980,129,76,11,7,3413,1760,0.051740348069613924,77,30,47205,45849,2024,1016,553,3021,3211,584,0,0,91450,0,0,75,1,0,0,0,0,0,3657,4659,138,0,0,0,0,0
390,1660,391.34685331845964,99980,129,72,11,7,3436,1767,0.05204040808161632,65,27,47176,45727,2035,1023,583,3143,3341,614,0,0,91263,0,0,75,1,0,0,0,0,0,3810,4686,145,0,0,0,0,0
391,1660,392.06306181173915,99980,125,66,11,7,3448,1773,0.05222044408881776,69,26,47136,45599,2046,1031,612,3270,3474,645,0,0,91078,0,0,76,1,0,0,0,0,0,3968,4706,151,0,0,0,0,0
392,1660,393.1383916215835,99980,124,57,11,7,3465,1780,0.052460492098419687,66,31,47105,45472,2050,1041,643,3391,3610,678,0,0,90883,0,0,78,1,0,0,0,0,0,4131,4730,157,0,0,0,0,0
393,1660,394.2145984332372,99980,128,52,11,7,3488,1785,0.05274054810962193,58,40,47064,45329,2062,1046,676,3525,3749,712,0,0,90690,0,0,79,1,0,0,0,0,0,4296,4749,165,0,0,0,0,0
394,1660,395.2917471992073,99980,124,54,11,7,3502,1794,0.052970594118823766,64,38,47020,45196,2070,1048,710,3656,3891,747,0,0,90498,0,0,79,2,0,0,0,0,0,4464,4764,173,0,0,0,0,0
395,1660,396.01042148867737,99980,127,53,11,7,3513,1799,0.053130626125225046,62,38,46980,45058,2074,1049,745,3794,4036,783,0,0,90308,0,0,79,2,0,0,0,0,0,4640,4773,178,0,0,0,0,0
396,1660,397.0894443581307,99980,121,52,11,7,3530,1807,0.05338067613522705,63,43,46940,44904,2084,1058,780,3935,4184,821,0,0,90096,0,0,81,2,0,0,0,0,0,4822,4797,182,0,0,0,0,0
397,1660,398.16945265120063,99980,127,55,11,7,3550,1822,0.05373074614922985,59,37,46895,44762,2090,1065,817,4073,4335,860,0,0,89888,0,0,83,2,0,0,0,0,0,5006,4813,188,0,0,0,0,0
398,1660,399.2504603348076,99980,127,54,11,7,3568,1829,0.05398079615923185,56,40,46849,44616,2101,1068,855,4214,4489,900,0,0,89677,0,0,84,2,0,0,0,0,0,5192,4829,196,0,0,0,0,0
399,1660,400.33253264626336,99980,130,55,11,7,3588,1841,0.05430086017203441,55,38,46798,44479,2112,1066,893,4354,4645,942,0,0,89462,0,0,85,2,0,0,0,0,0,5380,4845,206,0,0,0,0,0
400,1660,401.0545780617499,99980,129,57,11,7,3599,1850,0.054500900180036005,56,37,46754,44325,2115,1066,934,4507,4804,985,0,0,89247,0,0,85,2,0,0,0,0,0,5576,4858,212,0,0,0,0,0
401,1660,402.138816632372,99980,131,60,11,7,3617,1862,0.05480096019203841,57,40,46707,44171,2121,1068,972,4653,4966,1030,0,0,89021,0,0,86,2,0,0,0,0,0,5778,4876,217,0,0,0,0,0
402,1660,403.22411636882174,99980,122,61,11,7,3633,1874,0.05508101620324065,65,33,46649,44022,2137,1077,1015,4799,5131,1076,0,0,88783,0,0,87,3,0,0,0,0,0,5982,4902,223,0,0,0,0,0
403,1660,404.3107707563527,99980,123,55,11,7,3649,1876,0.055261052210442085,71,41,46594,43875,2140,1076,1060,4945,5299,1123,0,0,88550,0,0,87,3,0,0,0,0,0,6192,4920,228,0,0,0,0,0
404,1660,405.03587701876256,99980,127,59,11,7,3664,1882,0.05547109421884377,65,39,46548,43720,2142,1072,1106,5102,5470,1172,0,0,88327,0,0,88,3,0,0,0,0,0,6403,4922,237,0,0,0,0,0
405,1660,406.1248611120541,99980,121,65,11,7,3680,1898,0.05579115823164633,72,33,46491,43565,2152,1074,1152,5255,5643,1222,0,0,88085,0,0,87,4,0,0,0,0,0,6613,4942,249,0,0,0,0,0
406,1660,407.2151534922822,99980,117,59,11,7,3697,1905,0.05603120624124825,75,36,46439,43404,2160,1080,1197,5413,5819,1274,0,0,87834,0,0,87,4,0,0,0,0,0,6830,4965,260,0,0,0,0,0
407,1660,408.30670542505794,99980,110,54,11,7,3713,1914,0.05628125625125025,71,37,46386,43241,2174,1081,1247,5579,5998,1328,0,0,87571,0,0,88,4,0,0,0,0,0,7057,4994,266,0,0,0,0,0
408,1660,409.0351658988924,99980,109,58,11,7,3723,1921,0.05645129025805161,72,34,46333,43075,2175,1078,1299,5747,6180,1383,0,0,87332,0,0,88,4,0,0,0,0,0,7282,4996,278,0,0,0,0,0
409,1660,410.1293668159454,99979,111,58,12,7,3744,1931,0.05676192000320067,65,33,46272,42911,2186,1074,1353,5916,6364,1440,0,0,87073,0,0,88,4,0,0,0,0,0,7512,5013,289,0,0,0,0,0
410,1660,411.2250127119572,99979,113,60,12,7,3764,1940,0.05705198091599236,64,27,46210,42757,2195,1071,1405,6077,6551,1498,0,0,86817,0,0,87,5,0,0,0,0,0,7743,5025,302,0,0,0,0,0
411,1660,412.32215364232326,99979,109,59,12,7,3776,1944,0.05721201452304984,67,26,46152,42598,2202,1071,1457,6238,6740,1558,0,0,86559,0,0,87,5,0,0,0,0,0,7980,5034,314,0,0,0,0,0
412,1660,413.0543771338031,99979,113,57,12,7,3789,1947,0.05737204813010732,64,31,46095,42422,2198,1064,1517,6418,6932,1620,0,0,86311,0,0,88,5,0,0,0,0,0,8215,5027,333,0,0,0,0,0
413,1660,414.15426454652464,99979,113,59,12,7,3804,1955,0.05760209644025245,70,30,46026,42261,2203,1056,1575,6586,7126,1683,0,0,86046,0,0,88,5,0,0,0,0,0,8459,5035,346,0,0,0,0,0
414,1660,415.2556861363049,99979,118,59,12,7,3827,1960,0.05788215525260305,62,33,45968,42081,2208,1057,1631,6762,7323,1748,0,0,85769,0,0,90,5,0,0,0,0,0,8715,5048,352,0,0,0,0,0
415,1660,416.35856586911547,99978,114,60,13,7,3842,1968,0.05811278481265879,62,34,45903,41903,2212,1057,1695,6938,7522,1815,0,0,85495,0,0,90,5,0,0,0,0,0,8963,5055,370,0,0,0,0,0
416,1660,417.0946713606788,99978,115,61,13,7,3851,1976,0.0582828222208886,63,34,45848,41725,2201,1060,1759,7112,7724,1884,0,0,85227,0,0,90,5,0,0,0,0,0,9216,5052,388,0,0,0,0,0
417,1660,418.20046921280885,99978,120,56,13,7,3871,1983,0.05855288163395947,61,35,45776,41542,2207,1069,1822,7290,7928,1954,0,0,84939,0,0,91,5,0,0,0,0,0,9478,5065,400,0,0,0,0,0
418,1660,419.307910590089,99978,124,61,13,7,3892,1993,0.05886294984896677,64,31,45698,41360,2213,1066,1887,7474,8134,2026,0,0,84655,0,0,93,5,0,0,0,0,0,9742,5069,414,0,0,0,0,0
419,1660,420.0471909010557,99978,131,64,13,7,3913,2002,0.059163015863489966,82,52,45597,41148,2221,1058,1955,7670,8342,2100,0,0,84375,12,0,92,6,0,0,0,0,0,10002,5056,435,0,0,0,0,0
420,1660,421.29758587196716,99978,130,65,13,7,3931,2021,0.05953309728140191,93,52,45511,40963,2226,1070,2026,7842,8553,2176,0,0,84062,48,1,92,6,0,0,0,0,0,10278,5046,445,0,0,0,0,0
421,1660,422.13245341560827,99978,132,71,13,7,3953,2034,0.05988317429834564,96,51,45426,40770,2238,1071,2094,8029,8766,2253,0,0,83758,72,3,93,6,0,0,0,0,0,10556,5035,455,0,0,0,0,0
422,1660,423.3873042826121,99978,148,73,13,7,3989,2051,0.06041329092400328,88,49,45337,40587,2244,1077,2169,8206,8981,2332,0,0,83446,105,5,93,6,0,0,0,0,0,10833,5020,470,0,0,0,0,0
423,1660,424.2251702884242,99978,147,80,13,7,4006,2062,0.06069335253755826,97,52,45247,40390,2250,1069,2245,8401,9198,2413,0,0,83140,124,7,94,6,0,0,0,0,0,11118,5008,481,0,0,0,0,0
424,1660,425.0645883752621,99978,149,82,13,7,4021,2070,0.06092340314869271,108,57,45153,40196,2254,1063,2322,8594,9417,2496,0,0,82833,140,9,95,6,0,0,0,0,0,11407,4996,492,0,0,0,0,0
425,1660,426.3265532582382,99977,160,91,14,7,4057,2088,0.06146413675145283,123,56,45039,40006,2263,1066,2400,8773,9638,2581,0,0,82507,172,9,96,6,0,0,0,0,0,11700,4982,505,0,0,0,0,0
426,1660,427.1694045427657,99977,167,96,14,7,4083,2102,0.0618642287726177,131,57,44938,39807,2270,1064,2479,8968,9860,2668,0,0,82185,198,11,96,6,0,0,0,0,0,11994,4969,518,0,0,0,0,0
427,1660,428.0140073096121,99977,178,90,14,7,4115,2111,0.06227432309431169,137,70,44831,39609,2278,1064,2561,9159,10084,2757,0,0,81864,228,15,97,7,0,0,0,0,0,12281,4946,539,0,0,0,0,0
428,1660,429.28420610889975,99977,210,107,14,7,4172,2136,0.06309451173769967,126,63,44720,39414,2287,1059,2642,9349,10310,2848,0,0,81535,256,19,97,8,0,0,0,0,0,12578,4930,554,0,0,0,0,0
429,1660,430.1325743151946,99977,207,103,14,7,4191,2147,0.06339458075357332,132,68,44621,39204,2297,1068,2728,9549,10537,2941,0,0,81189,290,20,99,8,0,0,0,0,0,12889,4920,562,0,0,0,0,0
430,1660,431.40826948990093,99977,225,99,14,7,4246,2167,0.06414475329325744,137,64,44498,39009,2318,1076,2807,9744,10766,3035,0,0,80829,342,25,103,8,0,0,0,0,0,13192,4901,577,0,0,0,0,0
431,1660,432.260554953405,99977,232,104,14,7,4284,2180,0.06465487062024265,131,67,44391,38794,2335,1080,2896,9947,10997,3131,0,0,80480,379,27,103,8,0,0,0,0,0,13502,4886,592,0,0,0,0,0
432,1660,433.1148360217115,99976,233,101,15,7,4316,2191,0.06508562054893174,132,74,44277,38587,2357,1087,2985,10143,11229,3229,0,0,80126,414,31,108,8,0,0,0,0,0,13816,4869,604,0,0,0,0,0
433,1660,434.3999250276776,99976,224,115,15,7,4349,2215,0.06565575738177162,152,67,44167,38391,2377,1083,3064,10336,11462,3329,0,0,79764,461,35,108,9,0,0,0,0,0,14127,4851,621,0,0,0,0,0
434,1660,435.2584038581178,99976,217,111,15,7,4372,2225,0.06598583660078419,156,73,44067,38187,2396,1088,3148,10533,11697,3431,0,0,79407,499,40,109,9,0,0,0,0,0,14441,4832,639,0,0,0,0,0
435,1660,436.11884047320217,99976,236,115,15,7,4407,2243,0.06651596383131951,153,74,43958,37961,2397,1098,3240,10744,11933,3535,0,0,79054,525,44,109,9,0,0,0,0,0,14764,4819,652,0,0,0,0,0
436,1660,437.41300364321603,99976,254,124,15,7,4461,2268,0.06730615347683444,158,81,43826,37736,2417,1109,3329,10942,12170,3641,0,0,78680,570,49,109,10,0,0,0,0,0,15088,4804,666,0,0,0,0,0
437,1660,438.2777149693404,99976,249,133,15,7,4489,2290,0.06780627350564135,178,78,43698,37524,2435,1108,3424,11149,12408,3749,0,0,78317,610,53,110,11,0,0,0,0,0,15407,4780,688,0,0,0,0,0
438,1660,439.14476764940207,99976,261,139,15,7,4529,2314,0.0684464271425142,190,75,43560,37302,2453,1118,3520,11358,12648,3859,0,0,77948,647,58,114,11,0,0,0,0,0,15734,4758,706,0,0,0,0,0
439,1660,440.01430874915565,99976,267,141,15,7,4564,2330,0.06895654957189726,200,80,43430,37108,2461,1119,3626,11544,12889,3971,0,0,77586,678,65,119,11,0,0,0,0,0,16058,4731,728,0,0,0,0,0
440,1660,441.322979792592,99975,282,140,16,7,4629,2353,0.0698374593648412,194,96,43294,36898,2495,1135,3718,11723,13131,4085,0,0,77180,742,72,121,11,0,0,0,0,0,16392,4714,743,0,0,0,0,0
441,1660,442.19752796016036,99975,298,145,16,7,4674,2375,0.07050762690672668,199,96,43145,36690,2517,1136,3824,11925,13373,4201,0,0,76806,777,81,123,11,0,0,0,0,0,16722,4693,762,0,0,0,0,0
442,1660,443.07482343224706,99975,331,147,16,7,4734,2396,0.07131782945736434,180,105,43020,36472,2528,1139,3924,12129,13616,4319,0,0,76435,812,90,124,12,0,0,0,0,0,17049,4667,786,0,0,0,0,0
443,1660,444.3951802202054,99975,331,160,16,7,4798,2433,0.07232808202050513,184,97,42862,36269,2581,1145,4025,12321,13860,4439,0,0,76021,880,104,129,13,0,0,0,0,0,17381,4644,803,0,0,0,0,0
444,1660,445.2780483242761,99974,333,166,16,8,4846,2456,0.07303899013743573,184,103,42730,36050,2606,1153,4130,12519,14105,4561,0,0,75620,933,110,131,13,0,0,0,0,0,17721,4622,824,0,0,0,0,0
445,1660,446.1635637544857,99974,329,171,16,8,4889,2481,0.07371916698341568,208,106,42569,35815,2645,1165,4232,12734,14350,4685,0,0,75205,990,117,133,12,1,0,0,0,0,18072,4609,835,0,0,0,0,0
446,1660,447.05214828508235,99974,331,180,16,8,4930,2502,0.07433932822533859,221,107,42426,35598,2657,1164,4348,12942,14596,4811,0,0,74819,1031,125,134,12,1,0,0,0,0,18408,4581,863,0,0,0,0,0
447,1660,448.3902172156713,99973,339,179,16,9,5009,2535,0.07546037430106128,223,117,42271,35401,2700,1184,4450,13109,14843,4938,0,0,74389,1108,137,145,14,1,0,0,0,0,18746,4548,885,0,0,0,0,0
448,1660,449.2848896068445,99973,341,181,16,9,5058,2566,0.07626059035939704,242,110,42108,35191,2728,1200,4564,13308,15090,5067,0,0,73979,1166,150,149,15,1,0,0,0,0,19085,4520,908,0,0,0,0,0
449,1660,450.1827630351902,99973,357,179,16,9,5114,2587,0.0770307983155452,246,114,41951,34983,2752,1213,4677,13501,15337,5198,0,0,73572,1216,160,151,15,1,0,0,0,0,19431,4497,930,0,0,0,0,0
450,1660,451.08379005754915,99973,372,172,16,9,5174,2612,0.07788102787752693,243,117,41793,34766,2783,1231,4792,13704,15585,5331,0,0,73145,1280,168,155,16,1,0,0,0,0,19786,4475,947,0,0,0,0,0
451,1660,452.4411416107497,99973,388,184,16,9,5262,2648,0.07912136276794735,257,110,41610,34571,2832,1242,4896,13883,15833,5466,0,0,72692,1365,175,156,19,1,0,0,0,0,20147,4459,959,0,0,0,0,0
452,1660,453.349135329319,99972,402,175,16,10,5319,2671,0.07992237826591446,252,112,41457,34366,2864,1252,5008,14084,16081,5603,0,0,72283,1415,193,160,20,1,0,0,0,0,20486,4428,986,0,0,0,0,0
453,1660,454.2604712555463,99972,405,174,16,10,5385,2697,0.08084263593806265,245,123,41305,34147,2898,1261,5130,14284,16330,5742,0,0,71858,1478,216,162,21,1,0,0,0,0,20824,4400,1012,0,0,0,0,0
454,1660,455.1751592831763,99972,419,178,16,10,5452,2725,0.08179290201256352,256,120,41142,33926,2920,1277,5246,14488,16579,5882,0,0,71433,1536,229,166,22,1,0,0,0,0,21177,4374,1034,0,0,0,0,0
455,1660,456.09323198178316,99971,433,180,17,10,5526,2755,0.08283402186634124,246,130,40974,33716,2958,1287,5371,14676,16828,6024,0,0,71000,1593,250,168,27,1,0,0,0,0,21529,4356,1047,0,0,0,0,0
456,1660,457.01484054665957,99971,436,179,17,10,5578,2778,0.08358423942943453,264,144,40808,33480,2981,1303,5493,14883,17077,6168,0,0,70571,1651,263,166,30,1,0,0,0,0,21887,4335,1067,0,0,0,0,0
457,1660,458.40349032231734,99971,439,219,17,10,5663,2849,0.0851446919606686,259,142,40645,33266,3038,1311,5601,15051,17326,6314,0,0,70117,1737,285,170,31,1,0,0,0,0,22233,4304,1093,0,0,0,0,0
458,1660,459.3322251196246,99971,423,217,17,10,5719,2880,0.08601494433385681,267,136,40486,33051,3073,1335,5733,15250,17575,6461,0,0,69677,1809,310,175,33,1,0,0,0,0,22575,4271,1120,0,0,0,0,0
459,1660,460.2646887194023,99970,446,236,18,10,5787,2925,0.08714614384315295,268,128,40323,32835,3093,1350,5851,15440,17823,6610,0,0,69252,1857,329,177,34,1,0,0,0,0,22932,4248,1140,0,0,0,0,0
460,1660,461.2006841282534,99969,440,229,19,10,5849,2953,0.08804729466134502,289,134,40151,32631,3138,1367,5962,15628,18071,6761,0,0,68793,1938,344,180,37,1,0,0,0,0,23294,4223,1159,0,0,0,0,0
461,1660,462.1403113185473,99969,471,224,19,10,5924,2980,0.08906761095939741,297,138,39967,32422,3148,1384,6097,15821,18319,6913,0,0,68382,1976,373,182,43,1,0,0,0,0,23637,4194,1181,0,0,0,0,0
462,1660,463.08403618688914,99968,483,228,20,10,5989,3012,0.0900388124199744,286,136,39811,32216,3176,1401,6223,16008,18567,7067,0,0,67955,2021,399,188,45,1,0,0,0,0,23991,4167,1201,0,0,0,0,0
463,1660,464.0314733334356,99968,487,229,20,10,6063,3045,0.09110915492957747,282,137,39624,32008,3232,1420,6354,16195,18814,7223,0,0,67492,2097,423,189,46,1,0,0,0,0,24354,4150,1216,0,0,0,0,0
464,1660,465.4600557099058,99967,481,241,21,10,6163,3104,0.09270059119509438,271,128,39455,31814,3301,1454,6470,16352,19061,7380,0,0,66997,2209,452,196,49,1,0,0,0,0,24707,4120,1236,0,0,0,0,0
465,1660,466.4160889971933,99966,488,251,22,10,6240,3140,0.09383190284696796,255,124,39300,31623,3341,1457,6593,16534,19307,7539,0,0,66557,2265,482,198,54,1,0,0,0,0,25058,4096,1255,0,0,0,0,0
466,1660,467.3760330730349,99965,464,253,23,10,6290,3171,0.09464312509378282,278,142,39121,31418,3391,1470,6722,16706,19553,7699,0,0,66106,2335,513,199,54,1,0,0,0,0,25407,4069,1281,0,0,0,0,0
467,1660,468.3401461088612,99965,472,261,23,10,6359,3204,0.09566348221877657,301,141,38924,31230,3425,1481,6854,16876,19798,7861,0,0,65667,2391,538,201,56,1,0,0,0,0,25764,4043,1304,0,0,0,0,0
468,1660,469.3088186208411,99965,469,268,23,10,6426,3242,0.0967138498474466,312,143,38745,31018,3462,1498,6988,17062,20043,8024,0,0,65215,2456,563,206,59,1,0,0,0,0,26124,4016,1325,0,0,0,0,0
469,1660,470.28176871540745,99965,484,251,23,10,6505,3262,0.09770419646876406,303,158,38571,30831,3503,1519,7115,17230,20287,8189,0,0,64757,2521,589,212,63,1,0,0,0,0,26491,3994,1337,0,0,0,0,0
470,1660,471.25921074761925,99965,497,251,23,10,6577,3296,0.09876456759865954,305,162,38387,30636,3535,1535,7252,17405,20531,8355,0,0,64318,2577,621,211,67,2,0,0,0,0,26841,3969,1359,0,0,0,0,0
471,1660,472.2410901061182,99964,494,258,23,11,6648,3333,0.09984594454003441,329,166,38195,30430,3571,1554,7387,17580,20774,8522,0,0,63870,2638,648,219,71,3,0,0,0,0,27199,3938,1378,0,0,0,0,0
472,1660,473.22750289848597,99964,518,256,23,11,6741,3363,0.10107638749949982,313,180,38017,30227,3607,1567,7521,17758,21016,8691,0,0,63415,2696,684,221,74,3,0,0,0,0,27558,3922,1391,0,0,0,0,0
473,1660,474.21851626134264,99964,543,275,23,11,6828,3415,0.10246688807970869,305,170,37833,30048,3639,1577,7656,17918,21257,8861,0,0,62968,2751,720,223,75,3,0,0,0,0,27913,3901,1410,0,0,0,0,0
474,1660,475.2141112262952,99964,551,268,23,11,6915,3452,0.10370733464047056,309,174,37644,29857,3680,1603,7792,18086,21497,9032,0,0,62506,2820,763,231,75,4,0,0,0,0,28261,3876,1428,0,0,0,0,0
475,1660,476.2145028283649,99963,543,278,24,11,6988,3495,0.10486880145653892,310,185,37473,29655,3728,1623,7921,18247,21737,9205,0,0,62040,2892,800,232,77,4,0,0,0,0,28616,3856,1446,0,0,0,0,0
476,1660,477.2194646802789,99963,552,271,24,11,7064,3542,0.10609925672498824,331,181,37274,29458,3760,1663,8058,18415,21976,9379,0,0,61570,2972,835,235,78,4,0,0,0,0,28969,3830,1470,0,0,0,0,0
477,1660,478.2293699791966,99963,569,283,24,11,7152,3590,0.10745976011124116,328,184,37093,29258,3788,1684,8197,18579,22214,9554,0,0,61124,3028,879,240,79,4,0,0,0,0,29314,3802,1493,0,0,0,0,0
478,1660,479.2441990235544,99963,567,300,24,11,7234,3648,0.1088602783029721,343,182,36899,29083,3840,1701,8326,18722,22451,9730,0,0,60663,3101,921,243,83,4,0,0,0,0,29657,3774,1517,0,0,0,0,0
479,1660,480.2640570110784,99961,563,296,26,11,7310,3683,0.10997288942687648,361,187,36701,28902,3884,1719,8464,18884,22687,9907,0,0,60208,3159,957,255,87,4,0,0,0,0,30009,3744,1538,0,0,0,0,0
480,1660,481.2892231027889,99960,589,305,26,12,7426,3731,0.11161464585834334,351,191,36506,28711,3931,1734,8596,19046,22922,10085,0,0,59747,3228,1005,259,90,4,0,0,0,0,30348,3718,1561,0,0,0,0,0
481,1660,482.31989495554615,99959,611,295,27,12,7527,3777,0.11308636540981802,351,182,36323,28535,3965,1772,8722,19203,23156,10264,0,0,59287,3300,1057,267,90,4,0,0,0,0,30681,3684,1589,0,0,0,0,0
482,1660,483.35540873587865,99957,622,310,29,12,7618,3833,0.11455926048200726,352,169,36138,28358,4007,1796,8851,19354,23389,10444,0,0,58825,3367,1102,272,91,4,0,0,0,0,31029,3660,1607,0,0,0,0,0
483,1660,484.39613636796446,99957,606,319,29,12,7710,3884,0.115989875646528,371,162,35926,28180,4088,1819,8979,19507,23621,10625,0,0,58337,3454,1149,281,93,5,0,0,0,0,31379,3640,1619,0,0,0,0,0
484,1660,485.4426910544676,99957,617,326,29,12,7815,3933,0.1175305381313965,345,164,35744,27984,4133,1846,9131,19667,23851,10807,0,0,57866,3534,1196,283,98,5,0,0,0,0,31721,3617,1637,0,0,0,0,0
485,1660,486.49479109756726,99957,618,327,29,12,7925,3976,0.1190611963144152,348,167,35543,27814,4198,1865,9263,19814,24080,10990,0,0,57391,3618,1249,287,102,5,0,0,0,0,32054,3591,1660,0,0,0,0,0
486,1660,487.02234454818273,99956,604,318,29,13,7967,3995,0.1196726559686262,345,170,35363,27620,4228,1878,9430,20000,24308,11173,0,0,56957,3665,1281,287,105,5,0,0,0,0,32407,3567,1682,0,0,0,0,0
487,1660,488.0857441755809,99956,608,300,29,13,8057,4031,0.12093321061266958,369,188,35146,27467,4283,1903,9564,20128,24535,11357,0,0,56486,3748,1331,290,109,5,0,0,0,0,32745,3541,1701,0,0,0,0,0
488,1660,489.1554356376488,99954,630,306,31,13,8162,4088,0.12255637593292915,356,181,34957,27328,4331,1934,9694,20237,24761,11542,0,0,56026,3809,1378,303,112,5,0,0,0,0,33087,3514,1720,0,0,0,0,0
489,1660,490.23096717006564,99954,656,295,31,13,8275,4128,0.12408708005682614,341,189,34758,27164,4380,1957,9833,20381,24985,11727,0,0,55560,3881,1433,308,114,5,0,0,0,0,33422,3494,1737,0,0,0,0,0
490,1660,491.31250206681716,99954,635,295,31,13,8362,4176,0.1254377013426176,345,198,34584,27008,4444,1983,9960,20502,25208,11913,0,0,55087,3957,1501,314,117,5,0,0,0,0,33748,3476,1749,0,0,0,0,0
491,1660,492.39969463213833,99954,636,298,31,13,8461,4224,0.12690837785381276,349,203,34392,26861,4490,2001,10101,20623,25430,12100,0,0,54642,4009,1571,325,122,5,0,0,0,0,34066,3449,1765,0,0,0,0,0
492,1660,493.4927948402565,99954,622,315,31,13,8547,4282,0.12834904055865698,362,192,34191,26713,4550,2019,10243,20747,25650,12287,0,0,54189,4078,1632,328,129,5,0,0,0,0,34388,3423,1782,0,0,0,0,0
493,1660,494.0410613516041,99953,627,308,32,13,8598,4307,0.12911068202054965,364,192,34013,26534,4568,2031,10395,20921,25869,12475,0,0,53778,4107,1679,327,131,5,0,0,0,0,34722,3398,1806,0,0,0,0,0
494,1660,495.14630611181315,99953,621,308,32,13,8686,4360,0.13052134503216511,378,193,33822,26371,4621,2062,10525,21052,26087,12663,0,0,53328,4165,1746,337,135,5,0,0,0,0,35039,3374,1824,0,0,0,0,0
495,1660,496.2576770534511,99953,647,313,32,13,8799,4415,0.13220213500345163,351,185,33636,26218,4670,2094,10663,21176,26303,12852,0,0,52889,4221,1802,350,142,5,0,0,0,0,35361,3339,1844,0,0,0,0,0
496,1660,497.37516778662734,99953,634,307,32,13,8884,4460,0.13350274629075665,383,184,33464,26084,4709,2121,10777,21290,26518,13041,0,0,52444,4288,1863,357,149,5,0,0,0,0,35671,3306,1870,0,0,0,0,0
497,1660,498.49838946505884,99953,625,312,32,13,8993,4513,0.13512350804878293,367,179,33285,25952,4778,2147,10912,21396,26731,13230,0,0,51981,4366,1926,366,157,5,0,0,0,0,35985,3280,1887,0,0,0,0,0
498,1660,499.06167378978245,99953,621,315,32,13,9027,4541,0.13574379958580532,383,167,33099,25772,4783,2163,11081,21569,26943,13420,0,0,51585,4378,1971,370,158,5,0,0,0,0,36323,3258,1905,0,0,0,0,0
499,1660,500.19726498397074,99953,612,297,32,13,9141,4571,0.1371844767040509,371,179,32901,25651,4869,2183,11214,21676,27154,13610,0,0,51110,4461,2029,382,164,5,0,0,0,0,36646,3236,1920,0,0,0,0,0
500,1660,501.3399042276412,99953,617,285,32,13,9245,4616,0.13867517733334667,359,184,32736,25516,4918,2223,11337,21778,27363,13800,0,0,50645,4544,2092,387,168,5,0,0,0,0,36964,3214,1934,0,0,0,0,0
501,1660,502.4887211014886,99952,581,279,33,13,9335,4657,0.13998719385304947,361,195,32548,25390,4999,2252,11477,21870,27571,13990,0,0,50175,4632,2158,395,174,5,0,0,0,0,37276,3188,1949,0,0,0,0,0
502,1660,503.0647614489911,99952,567,286,33,13,9375,4683,0.14064751080518648,374,191,32373,25251,5009,2246,11643,22012,27777,14180,0,0,49782,4644,2209,397,178,5,0,0,0,0,37602,3171,1964,0,0,0,0,0
503,1660,504.2268035430148,99952,575,282,33,13,9483,4733,0.1422282695693933,346,180,32212,25108,5060,2276,11773,22140,27982,14371,0,0,49348,4701,2282,406,185,5,0,0,0,0,37898,3143,1984,0,0,0,0,0
504,1660,505.39511953751446,99951,572,275,33,14,9580,4773,0.14360036417844743,333,179,32066,24988,5105,2304,11890,22239,28185,14562,0,0,48912,4763,2345,413,191,5,0,0,0,0,38201,3115,2006,0,0,0,0,0
505,1660,506.5690817636227,99951,559,281,33,14,9675,4827,0.14509109463637182,330,175,31897,24854,5175,2321,12005,22354,28387,14753,0,0,48471,4829,2421,419,195,5,0,0,0,0,38496,3091,2024,0,0,0,0,0
506,1660,507.1575359899643,99951,557,287,33,14,9713,4858,0.14578143290212203,335,161,31737,24703,5181,2328,12156,22506,28587,14944,0,0,48101,4831,2474,421,200,5,0,0,0,0,38808,3066,2045,0,0,0,0,0
507,1660,508.3438386901108,99951,575,283,33,14,9825,4907,0.14739222218887255,293,164,31589,24587,5240,2364,12269,22587,28786,15135,0,0,47658,4902,2531,425,207,6,0,0,0,0,39117,3044,2061,0,0,0,0,0
508,1660,509.53567651394775,99951,564,273,33,14,9911,4947,0.14865283989154685,302,176,31429,24468,5282,2396,12389,22672,28983,15325,0,0,47233,4957,2606,433,211,6,0,0,0,0,39407,3019,2079,0,0,0,0,0
509,1660,510.1331159595853,99951,559,264,33,14,9955,4969,0.14931316345009055,306,172,31277,24332,5287,2406,12537,22811,29179,15515,0,0,46864,4964,2671,437,212,6,0,0,0,0,39701,2991,2105,0,0,0,0,0
510,1660,511.33737085160624,99950,570,252,33,15,10060,5010,0.15077538769384694,280,175,31134,24228,5323,2426,12659,22903,29373,15705,0,0,46460,5000,2761,446,216,6,0,0,0,0,39972,2964,2125,0,0,0,0,0
511,1660,512.5472209350958,99950,539,270,33,15,10135,5076,0.15218609304652325,278,148,30975,24110,5379,2453,12795,23003,29566,15895,0,0,46027,5073,2826,447,227,6,0,0,0,0,40263,2940,2141,0,0,0,0,0
512,1660,513.1537694925019,99950,540,275,33,15,10182,5097,0.1528664332166083,279,145,30815,23976,5388,2447,12944,23141,29757,16085,0,0,45665,5081,2875,445,233,6,0,0,0,0,40567,2915,2163,0,0,0,0,0
513,1660,514.3766047467092,99950,530,278,33,15,10264,5144,0.15415707853926963,268,144,30688,23905,5430,2456,13050,23201,29947,16274,0,0,45262,5123,2947,454,239,6,0,0,0,0,40849,2888,2182,0,0,0,0,0
514,1660,515.6048857854613,99950,528,277,33,15,10352,5197,0.15556778389194598,270,136,30535,23812,5470,2493,13163,23266,30135,16463,0,0,44848,5174,3021,458,246,6,0,0,0,0,41132,2868,2197,0,0,0,0,0
515,1660,516.2205780121793,99950,512,275,33,15,10383,5216,0.1560680340170085,279,137,30395,23685,5469,2498,13311,23389,30321,16652,0,0,44491,5175,3081,460,250,6,0,0,0,0,41427,2847,2213,0,0,0,0,0
516,1660,517.4610479905886,99949,508,272,33,16,10482,5263,0.15753034047364156,263,122,30275,23600,5506,2527,13414,23462,30506,16840,0,0,44086,5220,3165,465,263,6,0,0,0,0,41697,2828,2219,0,0,0,0,0
517,1660,518.0823534135988,99949,507,269,33,16,10528,5283,0.15819067724539515,257,122,30125,23477,5517,2530,13560,23585,30689,17028,0,0,43727,5222,3223,464,270,6,0,0,0,0,41992,2815,2230,0,0,0,0,0
518,1660,519.334175796378,99949,500,237,33,16,10610,5311,0.15929123853165114,241,138,30013,23389,5544,2560,13668,23659,30871,17216,0,0,43336,5267,3306,466,283,6,0,0,0,0,42249,2789,2247,0,0,0,0,0
519,1660,520.5913884520808,99949,469,242,33,16,10685,5355,0.16048184574132807,236,121,29875,23312,5600,2573,13786,23735,31051,17403,0,0,42940,5303,3383,475,293,6,0,0,0,0,42520,2772,2257,0,0,0,0,0
520,1660,521.2214605143588,99949,459,241,33,16,10717,5369,0.16094208046103511,245,132,29731,23180,5595,2574,13936,23856,31230,17590,0,0,42588,5307,3428,475,299,6,0,0,0,0,42821,2754,2271,0,0,0,0,0
521,1660,522.4910063956635,99948,459,241,33,17,10809,5410,0.16227438267899308,218,124,29615,23100,5620,2590,14054,23927,31407,17776,0,0,42198,5347,3499,483,304,6,0,0,0,0,43091,2733,2287,0,0,0,0,0
522,1660,523.1267276164118,99948,455,250,33,17,10847,5436,0.1629147156521391,212,116,29467,22977,5622,2592,14210,24047,31583,17962,0,0,41860,5342,3553,486,308,6,0,0,0,0,43377,2711,2305,0,0,0,0,0
523,1660,524.4079606588315,99947,440,236,33,18,10914,5475,0.1639769077611134,210,104,29351,22910,5645,2615,14320,24116,31757,18147,0,0,41476,5385,3627,490,314,7,0,0,0,0,43637,2690,2321,0,0,0,0,0
524,1660,525.0498259030438,99947,427,220,33,18,10942,5487,0.16437711987353298,208,107,29211,22796,5655,2622,14465,24236,31930,18331,0,0,41138,5379,3691,495,316,7,0,0,0,0,43913,2672,2336,0,0,0,0,0
525,1660,526.3430492863142,99947,417,221,33,18,11020,5533,0.16561777742203368,194,96,29114,22734,5678,2649,14563,24281,32101,18515,0,0,40775,5405,3774,501,327,7,0,0,0,0,44161,2647,2350,0,0,0,0,0
526,1660,527.6414738304146,99947,404,190,33,18,11089,5555,0.16652825997778822,194,102,29006,22695,5695,2666,14667,24328,32271,18698,0,0,40417,5426,3871,506,333,8,0,0,0,0,44397,2626,2363,0,0,0,0,0
527,1660,528.2914600322712,99947,400,192,33,18,11118,5571,0.16697849860426026,203,101,28861,22594,5696,2663,14806,24431,32439,18880,0,0,40087,5428,3911,503,340,8,0,0,0,0,44684,2607,2379,0,0,0,0,0
528,1660,529.6011063160169,99947,389,179,33,18,11186,5596,0.16790899176563578,199,110,28751,22540,5716,2668,14911,24484,32606,19062,0,0,39738,5447,3993,508,346,8,0,0,0,0,44927,2583,2397,0,0,0,0,0
529,1660,530.2572340253668,99947,372,171,33,18,11209,5608,0.16825917736400292,205,110,28629,22440,5709,2662,15051,24598,32771,19243,0,0,39425,5429,4062,513,348,8,0,0,0,0,45187,2563,2412,0,0,0,0,0
530,1660,531.5783530296136,99947,343,179,33,18,11258,5646,0.16912963870851552,223,94,28537,22391,5718,2668,15145,24649,32935,19423,0,0,39079,5451,4122,520,357,9,0,0,0,0,45442,2537,2430,0,0,0,0,0
531,1660,532.2397434631708,99947,357,168,33,18,11299,5657,0.16964991445466096,206,97,28408,22307,5705,2668,15290,24741,33097,19602,0,0,38774,5432,4180,521,362,9,0,0,0,0,45704,2519,2446,0,0,0,0,0
532,1660,533.5713475798649,99947,349,173,33,18,11360,5694,0.17063043413008894,196,89,28313,22268,5717,2677,15391,24774,33258,19781,0,0,38443,5444,4254,521,370,10,0,0,0,0,45944,2498,2463,0,0,0,0,0
533,1660,534.2380739239362,99947,357,173,33,18,11396,5712,0.1711707204818554,180,86,28203,22181,5701,2673,15525,24868,33417,19959,0,0,38148,5428,4313,515,378,10,0,0,0,0,46195,2478,2482,0,0,0,0,0
534,1660,535.5801392284965,99947,339,166,33,18,11455,5737,0.1720111659179365,190,93,28114,22157,5718,2680,15605,24885,33575,20136,0,0,37810,5443,4390,522,382,10,0,0,0,0,46435,2459,2496,0,0,0,0,0
535,1660,536.2516758536713,99947,340,176,33,18,11492,5764,0.17265150529780784,194,75,27982,22076,5704,2677,15746,24977,33731,20312,0,0,37514,5433,4446,520,390,10,0,0,0,0,46684,2435,2515,0,0,0,0,0
536,1660,537.6039918341471,99947,330,172,33,18,11564,5797,0.17370206209290925,185,64,27885,22061,5735,2683,15831,25001,33886,20487,0,0,37169,5466,4518,523,395,11,0,0,0,0,46920,2414,2531,0,0,0,0,0
537,1660,538.281245679913,99947,333,168,33,18,11595,5808,0.1741222848109498,178,66,27765,21978,5723,2677,15967,25092,34039,20661,0,0,36879,5454,4566,524,398,11,0,0,0,0,47171,2388,2556,0,0,0,0,0
538,1660,539.6447782694444,99947,323,151,33,18,11654,5821,0.17484266661330505,184,78,27685,21943,5733,2681,16041,25128,34191,20834,0,0,36554,5468,4633,525,408,11,0,0,0,0,47409,2372,2567,0,0,0,0,0
539,1660,540.3273393700171,99947,314,155,33,18,11680,5835,0.17524287872572464,183,73,27588,21873,5719,2664,16162,25216,34341,21006,0,0,36272,5440,4699,525,411,12,0,0,0,0,47650,2361,2577,0,0,0,0,0
540,1660,541.0126394379893,99947,320,156,33,18,11709,5845,0.17563308553533372,176,71,27467,21801,5704,2654,16299,25299,34490,21177,0,0,35989,5419,4746,521,419,13,0,0,0,0,47906,2350,2584,0,0,0,0,0
541,1660,542.3912514118064,99947,302,156,33,18,11771,5865,0.17645352036579387,167,74,27378,21791,5737,2642,16382,25318,34637,21347,0,0,35668,5434,4808,528,426,13,0,0,0,0,48142,2331,2597,0,0,0,0,0
542,1660,543.0813283505053,99947,305,154,33,18,11798,5881,0.17688374838664492,168,77,27268,21705,5717,2639,16508,25406,34783,21516,0,0,35390,5416,4866,524,431,13,0,0,0,0,48379,2316,2612,0,0,0,0,0
543,1660,544.4706202517283,99947,302,152,33,18,11850,5913,0.17772419382272606,156,71,27211,21691,5709,2652,16588,25415,34928,21684,0,0,35085,5418,4942,524,439,13,0,0,0,0,48603,2306,2617,0,0,0,0,0
544,1660,545.1658077978806,99947,302,142,33,18,11874,5919,0.17802435290704074,148,71,27105,21627,5696,2642,16715,25499,35071,21851,0,0,34808,5399,4994,526,441,13,0,0,0,0,48844,2290,2632,0,0,0,0,0
545,1660,546.5638660624119,99947,282,143,33,18,11909,5948,0.17866469228691206,156,66,27030,21636,5696,2645,16802,25491,35213,22017,0,0,34516,5396,5063,530,448,13,0,0,0,0,49064,2273,2644,0,0,0,0,0
546,1660,547.263344322711,99946,281,138,34,18,11937,5961,0.17907670141876614,151,62,26919,21553,5684,2648,16930,25580,35353,22182,0,0,34244,5382,5121,528,451,13,0,0,0,0,49290,2255,2662,0,0,0,0,0
547,1660,548.6713008131169,99946,297,122,34,18,12002,5981,0.17992716066676004,136,67,26854,21549,5671,2652,17007,25591,35492,22346,0,0,33952,5381,5189,532,457,13,0,0,0,0,49507,2241,2674,0,0,0,0,0
548,1660,549.3757400312595,99946,291,114,34,18,12025,5991,0.18025733896304005,132,67,26766,21495,5652,2655,17124,25650,35630,22509,0,0,33680,5362,5247,533,461,13,0,0,0,0,49737,2230,2683,0,0,0,0,0
549,1660,550.0829337251162,99946,276,117,34,18,12043,6006,0.18058751725932004,136,54,26676,21452,5646,2645,17231,25713,35766,22671,0,0,33410,5353,5295,531,468,13,0,0,0,0,49967,2213,2696,0,0,0,0,0
550,1660,551.5046984616152,99946,269,123,34,18,12090,6031,0.18130790626938548,127,46,26628,21471,5639,2633,17302,25708,35901,22832,0,0,33141,5335,5373,531,474,13,0,0,0,0,50171,2202,2706,0,0,0,0,0
551,1660,552.2157560830835,99946,259,122,34,18,12106,6039,0.18154803593940727,134,49,26534,21428,5633,2625,17405,25757,36035,22992,0,0,32877,5317,5417,533,478,13,0,0,0,0,50406,2188,2717,0,0,0,0,0
552,1660,553.6453868309861,99946,242,112,34,18,12153,6056,0.1821883817261321,123,53,26488,21440,5640,2628,17472,25748,36167,23151,0,0,32603,5314,5490,541,483,13,0,0,0,0,50602,2166,2734,0,0,0,0,0
553,1660,554.3603577910928,99946,237,111,34,18,12175,6064,0.18248854381365937,124,50,26403,21387,5622,2621,17579,25812,36298,23309,0,0,32356,5288,5547,540,487,13,0,0,0,0,50816,2151,2748,0,0,0,0,0
554,1660,555.0779301028836,99946,233,106,34,18,12193,6078,0.18280871670702178,128,43,26317,21350,5603,2618,17684,25864,36428,23466,0,0,32098,5273,5599,540,490,13,0,0,0,0,51036,2137,2760,0,0,0,0,0
555,1660,556.5201928471876,99946,230,107,34,18,12239,6100,0.18348908410541692,110,45,26307,21371,5573,2608,17745,25850,36556,23621,0,0,31851,5260,5667,540,497,14,0,0,0,0,51222,2114,2781,0,0,0,0,0
556,1660,557.2413160119441,99946,227,100,34,18,12260,6107,0.18376923538710904,103,44,26236,21322,5559,2604,17840,25911,36683,23775,0,0,31602,5240,5711,544,502,14,0,0,0,0,51442,2098,2793,0,0,0,0,0
557,1660,558.6888582926957,99946,207,100,34,18,12298,6128,0.184359554159246,97,36,26214,21338,5560,2605,17887,25902,36809,23928,0,0,31340,5246,5768,548,509,14,0,0,0,0,51636,2071,2814,0,0,0,0,0
558,1660,559.4123003844907,99946,211,97,34,18,12321,6134,0.18464971084385567,87,33,26140,21281,5531,2603,17996,25967,36934,24080,0,0,31100,5218,5817,550,510,15,0,0,0,0,51852,2061,2823,0,0,0,0,0
559,1660,560.1379301623608,99946,215,95,34,18,12338,6141,0.1848898405138775,81,35,26076,21238,5495,2594,18098,26019,37057,24231,0,0,30869,5192,5862,549,513,15,0,0,0,0,52063,2045,2838,0,0,0,0,0
560,1660,561.5952209938177,99946,194,92,34,18,12362,6150,0.18522001881015748,83,41,26019,21262,5497,2588,18172,25998,37179,24381,0,0,30623,5183,5917,547,519,16,0,0,0,0,52259,2029,2853,0,0,0,0,0
561,1660,562.3239173542077,99946,189,94,34,18,12373,6161,0.18544013767434414,87,40,25949,21219,5479,2582,18261,26046,37300,24529,0,0,30391,5161,5963,545,520,18,0,0,0,0,52467,2018,2863,0,0,0,0,0
562,1660,563.0552098632603,99946,189,90,34,18,12388,6167,0.18565025113561323,86,44,25889,21170,5454,2580,18347,26097,37420,24676,0,0,30158,5138,6006,544,522,19,0,0,0,0,52678,2008,2873,0,0,0,0,0
563,1660,564.5234769862319,99946,182,87,34,18,12422,6188,0.18620054829607988,77,43,25879,21195,5450,2573,18377,26083,37538,24822,0,0,29920,5120,6084,545,524,19,0,0,0,0,52854,1999,2881,0,0,0,0,0
564,1660,565.2566426241189,99946,177,84,34,18,12434,6195,0.18639065095151383,80,43,25805,21158,5424,2564,18479,26132,37655,24967,0,0,29684,5109,6118,545,526,19,0,0,0,0,53065,1984,2896,0,0,0,0,0
565,1660,566.7295986363382,99946,172,81,34,18,12460,6207,0.18677085626238168,76,41,25777,21199,5408,2546,18532,26114,37771,25111,0,0,29450,5094,6172,547,529,19,0,0,0,0,53258,1971,2906,0,0,0,0,0
566,1660,567.4656320115121,99946,170,78,34,18,12476,6218,0.18704100214115624,70,32,25706,21162,5392,2550,18627,26159,37886,25254,0,0,29220,5072,6222,549,530,19,0,0,0,0,53459,1963,2912,0,0,0,0,0
567,1660,568.2040675135878,99946,168,78,34,18,12488,6228,0.1872611210053429,74,29,25646,21116,5365,2550,18712,26208,38000,25395,0,0,29000,5043,6269,550,532,19,0,0,0,0,53658,1956,2919,0,0,0,0,0
568,1660,569.6869480704238,99946,159,69,34,18,12518,6237,0.18765133171912832,74,29,25630,21160,5347,2539,18755,26184,38112,25535,0,0,28780,5027,6330,547,540,20,0,0,0,0,53829,1942,2931,0,0,0,0,0
569,1660,570.4281340736828,99946,147,70,34,18,12527,6243,0.18780141276289197,77,28,25580,21129,5329,2525,18832,26229,38223,25674,0,0,28569,5005,6371,545,546,20,0,0,0,0,54018,1927,2945,0,0,0,0,0
570,1660,571.1710113024667,99946,147,72,34,18,12543,6251,0.18804154243291377,74,26,25530,21098,5306,2522,18908,26263,38333,25812,0,0,28356,4985,6411,543,549,20,0,0,0,0,54210,1914,2958,0,0,0,0,0
571,1660,572.6613039262966,99946,151,69,34,18,12568,6262,0.18840173693794648,65,23,25531,21120,5270,2510,18948,26259,38442,25949,0,0,28146,4960,6462,544,553,20,0,0,0,0,54390,1902,2969,0,0,0,0,0
572,1660,573.4056770493402,99946,152,65,34,18,12582,6264,0.1885618233846277,61,25,25475,21087,5242,2500,19035,26304,38550,26084,0,0,27938,4941,6495,542,558,20,0,0,0,0,54582,1888,2982,0,0,0,0,0
573,1660,574.1515838365111,99946,157,62,34,18,12598,6269,0.18877193684589677,54,28,25419,21062,5212,2491,19123,26338,38657,26218,0,0,27748,4906,6547,539,563,20,0,0,0,0,54755,1875,2993,0,0,0,0,0
574,1660,575.6484043739899,99946,143,61,34,18,12619,6277,0.1890620935305065,53,33,25413,21095,5207,2483,19149,26309,38763,26351,0,0,27528,4896,6589,538,570,20,0,0,0,0,54937,1867,3001,0,0,0,0,0
575,1660,576.3963510266229,99946,143,65,34,18,12633,6283,0.18926220158885798,51,33,25362,21066,5186,2471,19223,26346,38868,26483,0,0,27326,4875,6625,533,576,20,0,0,0,0,55124,1858,3009,0,0,0,0,0
576,1660,577.1458778381457,99946,140,70,34,18,12644,6291,0.1894523042442919,51,32,25294,21033,5171,2459,19309,26387,38972,26614,0,0,27129,4847,6665,532,580,20,0,0,0,0,55307,1849,3017,0,0,0,0,0
577,1660,578.6499771202695,99944,134,74,35,19,12662,6306,0.1897862803169775,51,30,25307,21091,5145,2444,19327,26341,39074,26744,0,0,26934,4825,6716,527,587,20,0,0,0,0,55469,1838,3028,0,0,0,0,0
578,1660,579.401545022666,99944,122,75,35,19,12667,6312,0.18989634195149283,54,31,25264,21073,5119,2435,19405,26366,39175,26872,0,0,26749,4800,6762,524,591,20,0,0,0,0,55633,1822,3043,0,0,0,0,0
579,1660,580.154243579102,99944,121,79,35,19,12676,6320,0.1900664372048347,54,26,25222,21059,5096,2420,19471,26396,39275,26999,0,0,26573,4762,6812,523,593,20,0,0,0,0,55796,1810,3055,0,0,0,0,0
580,1660,581.6636107464108,99944,111,73,35,19,12698,6329,0.19037661090210517,43,22,25240,21092,5084,2415,19486,26378,39374,27125,0,0,26376,4745,6868,524,596,20,0,0,0,0,55951,1797,3067,0,0,0,0,0
581,1660,582.4173167724721,99944,107,70,35,19,12704,6335,0.19049667813975826,46,20,25176,21064,5073,2415,19562,26411,39472,27250,0,0,26186,4725,6904,523,599,20,0,0,0,0,56124,1785,3078,0,0,0,0,0
582,1660,583.1722865094376,99944,105,70,35,19,12704,6336,0.19050668374289603,46,19,25086,20983,5053,2411,19674,26497,39569,27374,0,0,26004,4700,6931,520,603,20,0,0,0,0,56304,1774,3088,0,0,0,0,0
583,1660,584.2615360277495,99944,102,70,35,19,12709,6343,0.1906267509805491,52,18,25071,20979,5016,2403,19723,26510,39665,27497,0,0,25821,4676,6965,518,608,20,0,0,0,0,56475,1764,3097,0,0,0,0,0
584,1660,585.5040982976395,99943,89,59,36,19,12733,6351,0.19094884083927838,54,26,25127,21070,4986,2397,19707,26428,39760,27618,0,0,25633,4660,7022,519,615,20,0,0,0,0,56617,1749,3108,0,0,0,0,0
585,1660,586.2614007368534,99943,89,56,36,19,12741,6355,0.19106890927828862,51,22,25083,21058,4961,2385,19779,26459,39854,27738,0,0,25448,4644,7049,515,621,20,0,0,0,0,56790,1739,3117,0,0,0,0,0
586,1660,587.0199081584493,99943,90,60,36,19,12752,6360,0.19122900053030228,47,20,25052,21039,4934,2368,19840,26493,39947,27857,0,0,25275,4621,7082,512,623,21,0,0,0,0,56953,1726,3130,0,0,0,0,0
587,1660,588.138745298121,99943,86,63,36,19,12756,6364,0.1913090461563091,44,16,24989,20997,4920,2353,19924,26551,40039,27975,0,0,25098,4599,7111,509,627,21,0,0,0,0,57122,1718,3138,0,0,0,0,0
588,1660,589.0757125902207,99943,87,54,36,19,12771,6369,0.19150916022132616,34,18,24991,21011,4894,2351,19957,26546,40130,28092,0,0,24927,4574,7159,507,632,21,0,0,0,0,57268,1708,3147,0,0,0,0,0
589,1660,590.1586639140431,99942,85,51,37,19,12781,6375,0.19167116927818134,35,16,24966,21008,4873,2343,20003,26562,40220,28208,0,0,24758,4547,7199,507,636,21,0,0,0,0,57420,1698,3156,0,0,0,0,0
590,1660,591.6792359081072,99942,79,44,37,19,12800,6382,0.1919313201656961,31,23,25021,21116,4848,2329,19983,26468,40310,28323,0,0,24592,4527,7254,505,640,21,0,0,0,0,57549,1681,3173,0,0,0,0,0
591,1660,592.2404087691459,99942,80,41,37,19,12806,6383,0.19200136078925778,29,27,24988,21106,4826,2318,20039,26488,40399,28436,0,0,24427,4509,7281,504,641,21,0,0,0,0,57705,1663,3191,0,0,0,0,0
592,1660,593.0024368096324,99942,75,40,37,19,12811,6387,0.19209141301955135,31,25,24970,21089,4805,2309,20081,26517,40487,28548,0,0,24265,4486,7316,500,645,22,0,0,0,0,57854,1652,3202,0,0,0,0,0
593,1660,594.5291097177815,99942,72,34,37,19,12820,6391,0.19222148846330872,30,27,25001,21154,4778,2298,20081,26467,40574,28659,0,0,24097,4467,7355,496,650,22,0,0,0,0,58001,1645,3209,0,0,0,0,0
594,1660,595.2909790408056,99942,66,33,37,19,12824,6392,0.1922715174801385,32,30,24958,21121,4757,2291,20149,26505,40660,28769,0,0,23935,4441,7387,498,651,22,0,0,0,0,58154,1635,3219,0,0,0,0,0
595,1660,596.0537096455278,99942,63,36,37,19,12828,6399,0.19238158131716396,35,26,24927,21116,4735,2283,20202,26519,40745,28878,0,0,23779,4413,7426,495,654,22,0,0,0,0,58299,1628,3226,0,0,0,0,0
596,1660,597.5828198693607,99942,64,37,37,19,12843,6405,0.19259170318784896,30,24,24963,21188,4699,2267,20206,26464,40829,28986,0,0,23630,4385,7470,492,659,22,0,0,0,0,58431,1616,3237,0,0,0,0,0
597,1660,598.3463437907575,99942,71,39,37,19,12852,6409,0.19272177863160633,25,21,24928,21184,4670,2259,20268,26477,40912,29093,0,0,23473,4363,7496,491,659,23,0,0,0,0,58584,1607,3246,0,0,0,0,0
598,1660,599.1102980946064,99942,73,42,37,19,12860,6414,0.1928518540753637,20,22,24890,21179,4646,2243,20333,26494,40994,29199,0,0,23320,4337,7524,490,663,23,0,0,0,0,58732,1599,3254,0,0,0,0,0
599,1660,600.0935165151673,99942,70,44,37,19,12862,6418,0.19291188889555944,20,18,24830,21144,4626,2233,20416,26541,41075,29304,0,0,23173,4315,7553,485,668,23,0,0,0,0,58872,1587,3266,0,0,0,0,0
600,1660,601.0891166699216,99942,66,44,37,19,12865,6423,0.19299193532248704,24,17,24820,21161,4591,2224,20461,26534,41156,29408,0,0,23022,4292,7588,481,672,23,0,0,0,0,59011,1580,3273,0,0,0,0,0
601,1660,602.0941777210046,99942,56,46,37,19,12867,6428,0.1930619759460487,32,15,24812,21186,4566,2211,20496,26522,41236,29511,0,0,22871,4275,7618,478,676,23,0,0,0,0,59148,1568,3285,0,0,0,0,0
602,1660,603.0128814480148,99941,58,43,37,20,12880,6434,0.19325401987172433,33,13,24834,21249,4545,2201,20492,26473,41315,29613,0,0,22712,4264,7644,477,679,23,0,0,0,0,59289,1557,3296,0,0,0,0,0
603,1660,604.329871587068,99941,56,41,37,20,12884,6436,0.19331405529262266,34,14,24820,21266,4521,2190,20531,26468,41393,29714,0,0,22572,4240,7674,473,685,23,0,0,0,0,59421,1546,3307,0,0,0,0,0
604,1660,605.3521679128942,99941,52,40,37,20,12890,6440,0.1934141143274532,33,17,24820,21289,4506,2185,20551,26448,41470,29814,0,0,22415,4230,7695,471,689,23,0,0,0,0,59566,1537,3315,0,0,0,0,0
605,1660,606.0915476513204,99941,51,35,37,20,12899,6443,0.19353418516924986,32,16,24837,21335,4476,2179,20566,26414,41547,29913,0,0,22276,4208,7732,471,690,24,0,0,0,0,59689,1523,3328,0,0,0,0,0
606,1660,607.7493559258035,99941,55,32,37,20,12912,6445,0.1936842737214957,26,16,24841,21378,4456,2169,20584,26384,41623,30011,0,0,22131,4188,7766,468,693,24,0,0,0,0,59820,1517,3334,0,0,0,0,0
607,1660,608.3636794299796,99941,50,30,37,20,12915,6448,0.19374430914239402,25,14,24819,21373,4437,2160,20631,26402,41698,30108,0,0,21992,4165,7798,465,698,24,0,0,0,0,59948,1510,3341,0,0,0,0,0
608,1660,609.110264296337,99941,48,29,37,20,12921,6451,0.1938343622737415,22,15,24821,21391,4421,2148,20650,26396,41772,30204,0,0,21852,4145,7830,462,701,24,0,0,0,0,60076,1503,3348,0,0,0,0,0
609,1660,610.201761857935,99941,44,30,37,20,12924,6457,0.193924415405089,28,12,24825,21433,4404,2137,20661,26367,41845,30299,0,0,21710,4130,7856,459,704,24,0,0,0,0,60207,1494,3357,0,0,0,0,0
610,1660,611.1628906853472,99941,38,33,37,20,12928,6461,0.19400446263295346,28,11,24846,21458,4380,2125,20670,26352,41918,30393,0,0,21568,4114,7881,459,705,24,0,0,0,0,60339,1485,3366,0,0,0,0,0
611,1660,612.3006677081539,99941,40,30,37,20,12934,6462,0.19407450395733483,26,10,24824,21455,4357,2115,20715,26369,41990,30486,0,0,21437,4092,7909,452,713,24,0,0,0,0,60463,1480,3371,0,0,0,0,0
612,1660,613.3834483185196,99941,44,32,37,20,12941,6466,0.19418456889564845,25,10,24846,21521,4322,2107,20725,26309,42061,30578,0,0,21306,4072,7932,451,715,24,0,0,0,0,60590,1469,3382,0,0,0,0,0
613,1660,614.0306162248039,99941,47,26,37,20,12949,6468,0.194284627930479,18,11,24868,21563,4297,2102,20732,26277,42131,30669,0,0,21178,4052,7965,451,715,24,0,0,0,0,60705,1456,3395,0,0,0,0,0
614,1660,615.0617709528601,99941,48,27,37,20,12954,6471,0.19436467515834344,17,10,24848,21555,4277,2093,20772,26294,42201,30759,0,0,21055,4023,7997,450,716,25,0,0,0,0,60824,1449,3402,0,0,0,0,0
615,1660,616.2012667489058,99940,40,23,38,20,12962,6471,0.1944466680008005,12,12,24868,21593,4265,2086,20776,26265,42270,30848,0,0,20914,4015,8023,449,717,25,0,0,0,0,60946,1441,3410,0,0,0,0,0
616,1660,617.0959005062002,99940,38,21,38,20,12965,6473,0.19449669801881128,12,12,24906,21660,4242,2076,20763,26210,42338,30936,0,0,20784,3996,8047,447,722,25,0,0,0,0,61070,1436,3413,0,0,0,0,0
617,1660,618.0968904623131,99940,40,24,38,20,12968,6478,0.1945767460476286,11,10,24864,21647,4226,2066,20820,26232,42406,31023,0,0,20658,3978,8066,443,727,25,0,0,0,0,61194,1429,3420,0,0,0,0,0
618,1660,619.3721482694094,99940,40,22,38,20,12972,6483,0.19466680008004802,13,6,24909,21694,4202,2063,20797,26194,42473,31109,0,0,20530,3968,8087,436,733,26,0,0,0,0,61311,1422,3427,0,0,0,0,0
619,1660,620.0726438702736,99940,42,21,38,20,12977,6483,0.19471683009805885,10,9,24924,21738,4175,2052,20810,26159,42539,31194,0,0,20411,3946,8111,434,735,27,0,0,0,0,61428,1414,3434,0,0,0,0,0
620,1660,621.1414660437258,99940,38,19,38,20,12977,6484,0.194726836101661,14,9,24909,21743,4152,2042,20848,26166,42605,31278,0,0,20291,3929,8135,434,735,27,0,0,0,0,61541,1401,3447,0,0,0,0,0
621,1660,622.007751258784,99940,36,18,38,20,12981,6486,0.19478687212327397,13,8,24939,21796,4125,2034,20848,26123,42670,31361,0,0,20176,3907,8166,430,739,27,0,0,0,0,61647,1394,3454,0,0,0,0,0
622,1660,623.0938746488158,99940,38,19,38,20,12986,6488,0.1948569141484891,13,6,24959,21854,4104,2024,20847,26076,42734,31443,0,0,20052,3896,8181,427,742,27,0,0,0,0,61767,1386,3462,0,0,0,0,0
623,1660,624.2246642548207,99940,36,16,38,20,12988,6489,0.1948869321592956,12,5,24964,21889,4089,2015,20860,26054,42798,31524,0,0,19928,3878,8203,427,744,27,0,0,0,0,61886,1382,3465,0,0,0,0,0
624,1660,625.2790931318766,99940,32,16,38,20,12989,6490,0.1949069441664999,15,5,24985,21923,4066,2010,20863,26025,42861,31605,0,0,19815,3860,8227,422,749,27,0,0,0,0,61993,1374,3473,0,0,0,0,0
625,1660,626.0226485388051,99940,31,15,38,20,12991,6492,0.19494696818090854,13,4,24970,21924,4048,2007,20899,26029,42923,31685,0,0,19703,3841,8252,418,753,27,0,0,0,0,62099,1367,3480,0,0,0,0,0
626,1660,627.0537299400588,99940,33,13,38,20,12995,6493,0.19499699819891936,13,3,24983,21978,4023,1986,20909,25999,42985,31764,0,0,19592,3819,8277,417,755,27,0,0,0,0,62206,1360,3487,0,0,0,0,0
627,1660,628.2034183614693,99940,30,11,38,20,13000,6494,0.19505703422053233,10,4,25001,22032,4006,1974,20914,25958,43046,31842,0,0,19483,3801,8304,414,759,27,0,0,0,0,62305,1351,3496,0,0,0,0,0
628,1660,629.1270116681721,99940,29,11,38,20,13004,6496,0.19511707024214528,7,6,25024,22051,3984,1965,20917,25946,43106,31919,0,0,19363,3789,8322,412,762,27,0,0,0,0,62419,1348,3498,0,0,0,0,0
629,1660,630.0302121418143,99940,32,17,38,20,13011,6502,0.19524714828897338,29,28,25027,22092,3970,1955,20903,25887,43166,31995,0,0,19248,3776,8337,409,765,27,1,0,0,0,62531,1341,3505,0,0,0,0,0
630,1660,631.1914287955229,99940,31,19,38,20,13014,6509,0.195347208324995,30,23,25015,22119,3957,1947,20928,25871,43225,32071,0,0,19138,3754,8358,409,766,27,3,0,0,6,62633,1336,3510,0,0,0,0,0
631,1660,632.0645679517845,99940,32,27,38,20,13019,6517,0.1954772863718231,35,18,24994,22131,3950,1937,20950,25866,43284,32146,0,0,19019,3742,8369,410,766,27,6,0,0,6,62749,1329,3517,0,0,0,0,0
632,1660,633.2885764768542,99940,35,26,38,20,13032,6523,0.19566740044026415,35,21,25048,22222,3921,1926,20922,25784,43342,32220,0,0,18923,3714,8397,407,770,27,9,0,0,19,62829,1321,3524,0,0,0,0,0
633,1660,634.1024886664889,99940,37,26,38,20,13040,6528,0.19579747848709225,41,24,25050,22253,3913,1923,20920,25753,43399,32293,0,0,18810,3701,8410,404,773,27,10,0,0,29,62931,1319,3526,0,0,0,0,0
634,1660,635.2418287753508,99940,36,20,38,20,13044,6530,0.19585751450870523,47,25,25066,22307,3902,1921,20910,25706,43456,32365,0,0,18694,3691,8420,403,775,27,15,0,0,36,63035,1312,3532,0,0,0,0,0
635,1660,636.2976278638156,99940,39,23,38,20,13053,6533,0.19597758655193115,47,24,25091,22366,3887,1907,20897,25659,43512,32437,0,0,18593,3674,8437,402,776,27,15,0,0,42,63130,1303,3541,0,0,0,0,0
636,1660,637.056224687816,99940,43,25,38,20,13063,6537,0.1961176706023614,40,29,25089,22389,3874,1901,20915,25635,43568,32508,0,0,18486,3659,8451,402,778,27,17,0,0,46,63231,1296,3547,0,0,0,0,0
637,1660,638.1937846590611,99940,54,35,38,20,13081,6547,0.19639783870322194,32,23,25125,22430,3849,1891,20901,25600,43623,32578,0,0,18387,3636,8474,400,781,27,18,0,0,50,63325,1293,3549,0,0,0,0,0
638,1660,639.3297667849439,99940,52,36,38,20,13089,6554,0.19654792875725435,43,20,25165,22475,3834,1890,20867,25558,43678,32647,0,0,18287,3620,8489,400,783,28,19,0,0,61,63413,1284,3556,0,0,0,0,0
639,1660,640.1782629669146,99940,51,39,38,20,13093,6559,0.19663798278967382,47,20,25148,22487,3820,1883,20895,25550,43732,32715,0,0,18187,3609,8500,399,784,28,20,0,0,67,63506,1273,3567,0,0,0,0,0
640,1660,641.0475534610227,99940,60,41,38,20,13110,6568,0.19689813888333,43,20,25177,22548,3803,1878,20878,25492,43785,32783,0,0,18093,3589,8519,396,789,28,22,0,0,78,63587,1267,3572,0,0,0,0,0
641,1660,642.2752509017137,99940,69,41,38,20,13123,6572,0.19706824094456674,40,22,25208,22603,3786,1875,20858,25438,43838,32850,0,0,17990,3575,8531,396,791,28,22,0,0,84,63684,1264,3575,0,0,0,0,0
642,1660,643.2130391085109,99940,71,31,38,20,13138,6575,0.19724834900940563,47,25,25242,22652,3780,1874,20821,25397,43890,32916,0,0,17897,3555,8550,395,794,28,27,0,0,103,63753,1255,3583,0,0,0,0,0
643,1660,644.3433647059964,99940,71,36,38,20,13150,6582,0.1974384630778467,51,31,25280,22694,3765,1864,20794,25354,43942,32982,0,0,17801,3541,8563,393,798,28,29,0,0,113,63837,1247,3590,0,0,0,0,0
644,1660,645.0959475667038,99940,76,43,38,20,13159,6593,0.19763858314988994,50,28,25280,22722,3750,1862,20805,25324,43993,33047,0,0,17709,3523,8580,392,800,28,30,0,0,119,63922,1241,3596,0,0,0,0,0
645,1660,646.2246494316515,99940,76,47,38,20,13172,6605,0.19788873323994396,55,26,25297,22763,3742,1862,20791,25281,44044,33111,0,0,17614,3505,8595,393,804,28,35,0,0,130,64001,1233,3602,0,0,0,0,0
646,1660,647.3524540229578,99940,79,47,38,20,13183,6612,0.19806884130478286,65,34,25314,22826,3728,1853,20775,25219,44094,33174,0,0,17521,3490,8609,392,806,28,39,0,0,140,64080,1225,3610,0,0,0,0,0
647,1660,648.1038346033438,99940,82,45,38,20,13193,6617,0.1982189313588153,72,39,25328,22848,3717,1848,20762,25199,44144,33237,0,0,17427,3476,8621,391,810,28,41,0,0,149,64163,1219,3615,0,0,0,0,0
648,1660,649.2299393339141,99940,91,44,38,20,13212,6625,0.19848909345607366,76,36,25351,22893,3692,1854,20751,25152,44193,33299,0,0,17332,3460,8636,390,813,28,45,0,0,162,64241,1216,3617,0,0,0,0,0
649,1660,650.3548753869618,99940,91,43,38,20,13230,6631,0.19872923754252553,77,48,25362,22925,3690,1856,20741,25107,44242,33360,0,0,17230,3449,8643,391,818,28,51,0,0,175,64324,1212,3619,0,0,0,0,0
650,1660,651.1044088774262,99940,100,47,38,20,13249,6640,0.19900940564338604,73,48,25364,22934,3685,1855,20739,25095,44290,33421,0,0,17129,3440,8651,392,818,28,54,0,0,186,64411,1209,3622,0,0,0,0,0
651,1660,652.2285968244996,99940,100,55,38,20,13265,6652,0.19928957374424655,88,47,25374,22971,3676,1851,20723,25055,44338,33481,0,0,17037,3427,8663,389,825,28,58,0,0,198,64487,1205,3623,0,0,0,0,0
652,1660,653.3519708154548,99940,111,61,38,20,13296,6667,0.19974984990994596,85,46,25404,23014,3675,1853,20686,25005,44385,33540,0,0,16944,3416,8670,391,830,28,66,0,0,212,64558,1193,3632,0,0,0,0,0
653,1660,654.0999898701751,99940,110,66,38,20,13308,6677,0.19996998198919352,97,43,25395,23023,3668,1854,20691,24993,44432,33599,0,0,16852,3402,8682,391,833,28,71,0,0,222,64635,1188,3636,0,0,0,0,0
654,1660,655.2221983430674,99940,127,66,38,20,13340,6686,0.20038022813688214,92,50,25411,23068,3670,1849,20661,24946,44478,33657,0,0,16762,3389,8691,392,837,28,75,0,0,237,64706,1182,3641,0,0,0,0,0
655,1660,656.3435904811412,99940,133,67,38,20,13361,6698,0.20071042625575344,102,49,25428,23127,3659,1845,20639,24891,44524,33714,0,0,16677,3372,8704,393,841,28,78,0,0,255,64770,1177,3645,0,0,0,0,0
656,1660,657.0906901805727,99940,134,69,38,20,13377,6706,0.20095057034220531,111,48,25421,23146,3661,1842,20634,24874,44570,33771,0,0,16591,3358,8715,394,844,28,83,0,0,267,64839,1168,3653,0,0,0,0,0
657,1660,658.211157788815,99940,137,68,38,20,13402,6714,0.20128076846107665,108,54,25451,23213,3662,1841,20603,24803,44615,33827,0,0,16504,3345,8724,393,850,28,88,0,0,288,64900,1163,3657,0,0,0,0,0
658,1660,659.3302443887367,99940,142,73,38,20,13429,6725,0.20166099659795877,111,62,25462,23251,3669,1837,20577,24756,44660,33883,0,0,16421,3327,8737,397,853,28,92,0,0,305,64962,1155,3663,0,0,0,0,0
659,1660,660.0759188871606,99940,142,76,38,20,13447,6737,0.20196117670602362,109,65,25464,23267,3675,1836,20571,24735,44704,33938,0,0,16343,3310,8750,398,859,28,94,0,0,323,65020,1148,3667,0,0,0,0,0
660,1660,661.1943205590484,99940,153,82,38,20,13477,6757,0.20246147688613167,113,59,25482,23320,3671,1837,20542,24681,44748,33992,0,0,16253,3294,8762,398,864,28,103,0,0,342,65082,1147,3667,0,0,0,0,0
661,1660,662.3117809764118,99940,166,83,38,20,13514,6774,0.2030018010806484,118,62,25491,23375,3675,1845,20511,24614,44791,34046,0,0,16175,3279,8768,396,876,29,109,0,0,363,65132,1139,3674,0,0,0,0,0
662,1660,663.0563774225985,99940,176,88,38,20,13541,6787,0.20340204122473485,120,63,25494,23379,3681,1846,20490,24603,44834,34099,0,0,16092,3271,8774,396,881,29,112,0,0,380,65195,1131,3679,0,0,0,0,0
663,1660,664.1727165337944,99940,195,94,38,20,13584,6804,0.2040024014408645,113,66,25536,23409,3681,1849,20436,24561,44877,34152,0,0,16006,3256,8782,397,889,29,123,0,0,395,65255,1124,3684,0,0,0,0,0
664,1660,665.287273214432,99940,185,99,38,20,13611,6822,0.20445267160296177,132,71,25561,23448,3691,1853,20392,24508,44919,34204,0,0,15918,3237,8793,404,894,29,132,0,0,424,65305,1121,3683,0,0,0,0,0
665,1660,666.0295560742567,99940,196,101,38,20,13633,6835,0.20480288172903743,147,69,25546,23462,3689,1854,20383,24493,44961,34256,0,0,15844,3228,8800,403,898,29,133,0,0,442,65360,1110,3693,0,0,0,0,0
666,1660,667.1432468930032,99940,210,102,38,20,13678,6851,0.20541324794876925,153,78,25574,23525,3701,1859,20323,24415,45002,34307,0,0,15760,3217,8803,404,905,30,141,0,0,470,65408,1104,3698,0,0,0,0,0
667,1660,668.2553880637404,99940,233,94,38,20,13727,6868,0.20607364418651192,173,84,25564,23583,3706,1874,20285,24344,45043,34357,0,0,15686,3197,8818,405,912,30,147,0,0,507,65439,1100,3699,0,0,0,0,0
668,1660,669.367182938443,99940,237,104,38,20,13785,6895,0.2069241544926956,174,88,25563,23647,3733,1876,20254,24264,45084,34407,0,0,15599,3185,8822,404,924,31,159,0,0,552,65469,1096,3699,0,0,0,0,0
669,1660,670.1083995522431,99940,240,107,38,20,13817,6906,0.20735441264758855,192,101,25538,23668,3745,1874,20246,24229,45124,34456,0,0,15520,3172,8831,406,925,32,167,0,0,576,65516,1089,3706,0,0,0,0,0
670,1660,671.2209049056527,99940,247,121,38,20,13863,6937,0.20812487492495496,215,95,25536,23720,3756,1880,20207,24163,45164,34505,0,0,15438,3158,8841,409,929,32,179,0,0,613,65549,1081,3711,0,0,0,0,0
671,1660,672.3329802156236,99940,261,136,38,20,13924,6972,0.20908545127076245,206,93,25573,23787,3772,1889,20149,24074,45203,34553,0,0,15355,3141,8852,409,939,32,195,0,0,653,65576,1077,3711,0,0,0,0,0
672,1660,673.0734509285161,99940,272,134,38,20,13967,6983,0.20962577546527916,207,106,25583,23818,3777,1893,20122,24028,45242,34601,0,0,15277,3127,8860,411,945,32,206,0,0,679,65617,1069,3717,0,0,0,0,0
673,1660,674.1833866613526,99940,287,131,38,20,14021,7009,0.21042625575345208,223,113,25603,23847,3793,1912,20055,23976,45281,34648,0,0,15196,3112,8866,411,954,33,221,0,0,720,65642,1063,3722,0,0,0,0,0
674,1660,675.2918731694597,99940,315,141,38,20,14091,7036,0.21139683810286172,241,123,25599,23902,3813,1912,19993,23901,45319,34695,0,0,15115,3095,8875,412,962,35,235,0,0,752,65677,1061,3721,0,0,0,0,0
675,1660,676.0305469427252,99940,327,156,38,20,14141,7065,0.21218731238743246,244,122,25581,23930,3827,1917,19982,23854,45357,34741,0,0,15042,3074,8889,415,968,35,247,0,0,782,65707,1056,3725,0,0,0,0,0
676,1660,677.1389703983175,99940,345,159,38,20,14208,7097,0.21317790674404644,240,122,25597,23979,3857,1935,19922,23784,45395,34787,0,0,14960,3058,8897,421,977,36,263,0,0,827,65728,1048,3725,0,0,0,0,0
677,1660,678.2465286535923,99939,354,165,39,20,14274,7135,0.21422067461151303,264,123,25595,24019,3887,1954,19860,23718,45432,34832,0,0,14880,3044,8899,424,987,38,276,0,0,884,65737,1044,3726,0,0,0,0,0
678,1660,679.3535811321708,99939,369,185,39,20,14349,7175,0.2153713765396892,282,117,25600,24055,3917,1965,19792,23657,45469,34877,0,0,14799,3027,8904,425,1002,38,295,0,0,928,65755,1039,3727,0,0,0,0,0
679,1660,680.0912291405709,99939,372,189,39,20,14395,7198,0.21606179769659492,296,134,25598,24049,3940,1980,19754,23627,45505,34921,0,0,14728,3012,8912,426,1010,38,303,0,0,973,65773,1036,3728,0,0,0,0,0
680,1660,681.1976159896384,99939,377,187,39,20,14469,7231,0.21713245079498494,343,144,25557,24100,3981,2005,19702,23543,45541,34965,0,0,14647,2997,8915,431,1023,38,322,0,0,1040,65768,1028,3730,0,0,0,0,0
681,1660,682.3047009991889,99939,406,181,39,20,14563,7257,0.21833318324177747,349,157,25542,24130,4017,2028,19646,23483,45577,35008,0,0,14570,2985,8914,430,1042,38,339,0,0,1101,65767,1021,3732,0,0,0,0,0
682,1660,683.042876981212,99939,443,195,39,20,14647,7289,0.21949389127367694,341,161,25536,24138,4047,2035,19593,23450,45612,35051,0,0,14495,2972,8920,430,1053,38,351,0,0,1142,65788,1019,3731,0,0,0,0,0
683,1660,684.1501011866311,99939,461,206,39,20,14735,7333,0.22081469696514874,377,177,25509,24174,4080,2054,19533,23368,45647,35093,0,0,14413,2954,8926,432,1065,40,379,0,0,1197,65787,1010,3736,0,0,0,0,0
684,1660,685.2575181064606,99939,490,223,39,20,14839,7384,0.22236564304225578,372,172,25508,24200,4120,2076,19470,23308,45682,35135,0,0,14330,2940,8928,437,1077,40,402,0,0,1265,65779,1001,3740,0,0,0,0,0
685,1660,686.3644436405111,99939,512,239,39,20,14944,7438,0.2239566135342559,384,181,25498,24221,4175,2106,19391,23232,45716,35176,0,0,14255,2922,8939,438,1089,41,426,0,0,1347,65748,994,3740,0,0,0,0,0
686,1660,687.1024055685897,99939,530,254,39,20,15018,7472,0.2250372727363692,399,181,25469,24234,4208,2116,19354,23194,45750,35217,0,0,14183,2909,8939,442,1105,41,438,0,0,1386,65767,986,3743,0,0,0,0,0
687,1660,688.2102010355233,99939,550,265,39,20,15136,7521,0.2267082920581555,429,187,25438,24285,4279,2135,19264,23107,45784,35258,0,0,14099,2893,8934,449,1123,42,466,0,0,1465,65742,976,3750,0,0,0,0,0
688,1660,689.3184194365407,99939,601,284,39,20,15267,7570,0.22850939072834428,442,201,25420,24311,4323,2151,19174,23032,45817,35298,0,0,14018,2879,8929,457,1139,42,489,0,0,1527,65737,967,3755,0,0,0,0,0
689,1660,690.0572522127228,99939,626,297,39,20,15357,7613,0.22984020252353937,469,204,25398,24321,4361,2163,19106,22994,45850,35338,0,0,13948,2866,8932,460,1148,44,502,0,0,1593,65728,961,3757,0,0,0,0,0
690,1660,691.1655931572543,99939,631,307,39,20,15476,7671,0.23161128288255836,503,218,25380,24345,4425,2204,19021,22905,45883,35377,0,0,13865,2847,8929,471,1164,46,528,0,0,1696,65681,954,3758,0,0,0,0,0
691,1660,692.2740151126546,99939,670,311,39,20,15617,7722,0.23353245479742643,511,237,25350,24358,4488,2230,18941,22843,45916,35416,0,0,13783,2831,8932,472,1192,47,557,0,0,1781,65645,950,3749,0,0,0,0,0
692,1660,693.0131523848206,99939,701,318,39,20,15717,7756,0.23487327269634478,517,263,25323,24368,4530,2245,18889,22785,45948,35454,0,0,13708,2817,8939,476,1201,47,577,0,0,1841,65638,944,3751,0,0,0,0,0
693,1660,694.1224799090602,99939,752,340,39,20,15867,7826,0.23707461551546444,551,261,25272,24402,4594,2281,18791,22695,45980,35492,0,0,13627,2805,8933,485,1219,48,599,0,0,1933,65602,935,3753,0,0,0,0,0
694,1660,695.2328090900885,99939,785,347,39,20,16022,7898,0.239346001060647,570,283,25223,24399,4686,2328,18696,22622,46012,35530,0,0,13541,2792,8922,490,1242,50,629,0,0,2056,65534,928,3755,0,0,0,0,0
695,1660,696.3448354955136,99939,850,349,39,20,16197,7956,0.24167742322816918,631,305,25141,24418,4758,2372,18580,22535,46043,35567,0,0,13456,2772,8916,499,1264,51,658,0,0,2153,65488,925,3757,0,0,0,0,0
696,1660,697.0870516495604,99939,895,362,39,20,16324,8003,0.24341848527601836,654,321,25063,24411,4819,2396,18529,22489,46074,35604,0,0,13372,2766,8913,500,1275,52,684,0,0,2229,65470,920,3758,0,0,0,0,0
697,1660,698.2028793041226,99938,923,404,39,21,16517,8106,0.2463827573095319,694,315,25016,24418,4939,2444,18388,22397,46105,35640,0,0,13286,2750,8899,509,1312,56,716,0,0,2365,65384,914,3747,0,0,0,0,0
698,1660,699.3200312523987,99938,975,411,39,21,16717,8187,0.24919450059036602,724,350,24942,24435,5041,2502,18278,22280,46136,35676,0,0,13192,2726,8898,524,1335,56,758,0,0,2501,65294,908,3746,0,0,0,0,0
699,1660,700.065721681638,99938,990,447,39,21,16847,8258,0.25120574756348935,746,348,24871,24437,5128,2523,18225,22223,46166,35712,0,0,13116,2706,8902,532,1352,58,788,0,0,2591,65248,901,3744,0,0,0,0,0
700,1660,701.1866448773358,99938,1071,484,39,21,17077,8374,0.2546678940943385,766,351,24801,24435,5237,2583,18085,22125,46196,35747,0,0,13022,2689,8891,542,1385,59,827,0,0,2732,65159,898,3734,0,0,0,0,0
701,1660,702.3094335381412,99938,1088,490,39,21,17309,8462,0.25786987932518163,803,371,24698,24427,5410,2645,17961,22045,46226,35782,0,0,12915,2666,8871,554,1430,60,884,0,0,2908,65030,892,3728,0,0,0,0,0
702,1660,703.0602269292001,99937,1128,511,40,21,17457,8538,0.2601138717391957,842,394,24625,24413,5482,2683,17882,21977,46255,35817,0,0,12849,2650,8861,560,1454,63,900,0,0,3014,64970,887,3729,0,0,0,0,0
703,1660,704.1888373142697,99936,1174,531,41,21,17699,8654,0.26369876721101504,859,428,24527,24405,5639,2768,17759,21846,46284,35851,0,0,12739,2629,8844,573,1500,65,956,0,0,3179,64851,886,3714,0,0,0,0,0
704,1660,705.320739291632,99936,1235,577,41,21,17941,8780,0.26738112391930835,892,407,24411,24416,5771,2838,17649,21740,46313,35885,0,0,12643,2613,8827,584,1530,68,997,0,0,3349,64734,882,3709,0,0,0,0,0
705,1660,706.0773950619838,99936,1276,571,41,21,18111,8850,0.2697826609029779,936,428,24327,24401,5854,2898,17565,21680,46342,35918,0,0,12565,2599,8818,590,1557,69,1026,0,0,3487,64642,877,3706,0,0,0,0,0
706,1660,707.2161516572972,99936,1309,616,41,21,18350,8979,0.27346501761127123,977,429,24226,24407,6012,2962,17434,21564,46370,35951,0,0,12461,2579,8807,606,1586,70,1074,0,0,3673,64505,874,3701,0,0,0,0,0
707,1660,708.3583237249509,99936,1360,620,41,21,18615,9096,0.27728746397694526,1027,474,24098,24408,6175,3047,17298,21429,46398,35984,0,0,12363,2559,8791,622,1628,73,1124,0,0,3883,64340,865,3688,0,0,0,0,0
708,1660,709.1221153505069,99934,1396,624,43,21,18801,9178,0.27997478335701564,1052,488,23997,24415,6287,3105,17224,21346,46426,36016,0,0,12276,2546,8779,627,1663,73,1158,0,0,4028,64242,863,3679,0,0,0,0,0
709,1660,710.2722126433529,99934,1464,675,43,21,19116,9334,0.2846878940100466,1073,519,23904,24410,6459,3182,17056,21192,46454,36048,0,0,12171,2529,8762,638,1703,75,1211,0,0,4266,64050,861,3668,0,0,0,0,0
710,1660,711.0405375748883,99934,1525,696,43,21,19327,9432,0.2877799347569396,1102,530,23807,24389,6561,3248,16961,21115,46481,36080,0,0,12086,2513,8759,646,1730,76,1250,0,0,4414,63946,855,3659,0,0,0,0,0
711,1660,712.1966626238461,99934,1603,766,43,21,19663,9614,0.2929633558148378,1156,531,23657,24364,6736,3332,16804,20985,46508,36111,0,0,11994,2487,8740,662,1783,77,1293,0,0,4649,63745,850,3654,0,0,0,0,0
712,1660,713.3577094186224,99933,1682,782,44,21,20017,9764,0.29800966647653926,1167,543,23514,24345,6943,3446,16649,20862,46535,36142,0,0,11874,2466,8715,679,1836,83,1361,0,0,4892,63540,846,3641,0,0,0,0,0
713,1660,714.1349547338227,99933,1723,791,44,21,20250,9868,0.3013819258903465,1163,571,23447,24338,7083,3514,16539,20764,46562,36173,0,0,11796,2449,8708,692,1864,85,1390,0,0,5098,63377,841,3633,0,0,0,0,0
714,1660,715.3043113807272,99932,1787,843,45,21,20607,10045,0.3067285754312933,1200,591,23292,24312,7297,3605,16378,20627,46588,36203,0,0,11682,2429,8677,711,1921,89,1458,0,0,5347,63157,831,3630,0,0,0,0,0
715,1660,716.0869624426591,99932,1790,872,45,21,20828,10168,0.31017091622303167,1264,598,23188,24284,7465,3679,16247,20545,46614,36233,0,0,11587,2406,8661,725,1972,92,1509,0,0,5523,63013,826,3618,0,0,0,0,0
716,1660,717.2663085576519,99931,1843,880,46,21,21187,10343,0.3155177072179804,1336,643,23011,24237,7678,3819,16085,20399,46640,36263,0,0,11456,2386,8624,750,2045,95,1587,0,0,5790,62779,815,3604,0,0,0,0,0
717,1660,718.0561308531361,99931,1908,909,46,21,21465,10472,0.31959051745704536,1321,658,22907,24200,7832,3898,15985,20313,46666,36292,0,0,11372,2368,8611,766,2084,100,1620,0,0,5989,62620,808,3593,0,0,0,0,0
718,1660,719.2470356922984,99930,1998,943,47,21,21888,10670,0.32580806564595216,1363,655,22716,24157,8069,4036,15806,20187,46691,36321,0,0,11242,2346,8582,778,2166,101,1705,0,0,6280,62355,803,3572,0,0,0,0,0
719,1660,720.0450568592255,99929,2036,966,47,22,22155,10804,0.3298241751643667,1400,682,22596,24116,8238,4119,15682,20094,46716,36350,0,0,11150,2328,8561,792,2228,103,1749,0,0,6471,62190,799,3558,0,0,0,0,0
720,1660,721.2482763435793,99928,2156,1013,48,22,22603,11003,0.3363021375390281,1466,732,22376,24070,8459,4227,15494,19935,46741,36379,0,0,11033,2311,8527,799,2308,106,1818,0,0,6765,61927,796,3538,0,0,0,0,0
721,1660,722.0547837742816,99927,2190,1040,49,22,22903,11139,0.3406686881423439,1499,737,22239,24034,8653,4315,15369,19851,46766,36407,0,0,10927,2289,8510,824,2349,111,1874,0,0,6991,61735,789,3528,0,0,0,0,0
722,1660,723.2722867888227,99926,2282,1069,49,23,23381,11356,0.3476272441606789,1550,793,22032,23962,8925,4460,15161,19692,46791,36435,0,0,10786,2265,8466,854,2441,116,1964,0,0,7307,61438,777,3512,0,0,0,0,0
723,1660,724.0888269412466,99925,2334,1118,50,23,23695,11520,0.3524143107330498,1574,800,21881,23915,9113,4543,15047,19600,46815,36463,0,0,10682,2250,8443,879,2495,123,2019,0,0,7511,61259,763,3501,0,0,0,0,0
724,1660,725.3224211974252,99923,2416,1158,52,23,24178,11769,0.3597470051939994,1625,827,21640,23860,9399,4700,14867,19431,46839,36490,0,0,10562,2222,8391,912,2604,131,2087,0,0,7850,60937,750,3477,0,0,0,0,0
725,1660,726.1507840550671,99922,2439,1196,53,23,24511,11942,0.3648145553531755,1624,837,21527,23806,9616,4813,14740,19324,46863,36517,0,0,10464,2201,8369,936,2658,144,2136,0,0,8115,60698,741,3460,0,0,0,0,0
726,1660,727.4007948725803,99922,2526,1244,53,23,25037,12207,0.3727307299693761,1671,882,21335,23733,9913,4986,14501,19131,46887,36544,0,0,10333,2176,8307,970,2783,150,2217,0,0,8473,60347,728,3438,0,0,0,0,0
727,1660,728.2391503512797,99922,2613,1271,53,23,25425,12405,0.37859530433738314,1661,889,21159,23679,10133,5122,14380,19015,46911,36571,0,0,10232,2148,8282,1009,2844,155,2266,0,0,8760,60087,717,3422,0,0,0,0,0
728,1660,729.0826816537538,99920,2651,1286,54,24,25794,12578,0.38402722177742193,1673,920,21027,23632,10351,5240,14243,18897,46934,36597,0,0,10129,2127,8249,1034,2919,162,2324,0,0,9046,59819,705,3406,0,0,0,0,0
729,1660,730.3569719212421,99917,2647,1388,56,25,26310,12884,0.39226558043175835,1735,932,20813,23546,10717,5396,14031,18712,46957,36623,0,0,9998,2102,8192,1070,3054,176,2403,0,0,9419,59431,692,3380,0,0,0,0,0
730,1660,731.2128410069042,99917,2700,1451,56,25,26696,13091,0.3982005064203289,1807,958,20594,23474,10948,5505,13894,18586,46980,36649,0,0,9899,2077,8161,1085,3147,181,2460,0,0,9686,59176,690,3355,0,0,0,0,0
731,1660,732.0755109185811,99916,2727,1500,57,25,27074,13339,0.40446975459385887,1842,920,20428,23424,11181,5670,13764,18460,47003,36675,0,0,9796,2060,8124,1104,3237,186,2515,0,0,10020,58852,684,3338,0,0,0,0,0
732,1660,733.3815510415277,99916,2858,1529,57,25,27707,13658,0.4139977581168181,1870,961,20200,23337,11514,5899,13500,18248,47026,36700,0,0,9653,2042,8054,1135,3384,200,2605,0,0,10453,58412,673,3305,0,0,0,0,0
733,1660,734.2585947880087,99915,2936,1589,57,26,28146,13889,0.42070760146124203,1872,986,20045,23263,11743,6029,13346,18106,47048,36725,0,0,9547,2022,8014,1155,3472,209,2666,0,0,10754,58120,664,3292,0,0,0,0,0
734,1660,735.1412500353714,99914,2981,1597,58,26,28559,14092,0.42687711431831377,1896,1034,19864,23176,11994,6173,13206,17993,47070,36750,0,0,9433,1994,7969,1186,3569,223,2727,0,0,11042,57833,661,3277,0,0,0,0,0
735,1660,736.0302872231632,99914,3012,1645,58,26,28984,14332,0.4335328382408872,1936,1027,19698,23095,12244,6324,13051,17882,47092,36774,0,0,9302,1978,7928,1204,3669,234,2807,0,0,11350,57525,657,3260,0,0,0,0,0
736,1660,737.3757969214425,99912,3089,1675,60,26,29637,14676,0.44352029786211866,1995,1032,19430,23003,12633,6567,12792,17696,47114,36798,0,0,9154,1944,7866,1257,3822,247,2902,0,0,11830,57025,636,3229,0,0,0,0,0
737,1660,738.2818956426912,99910,3147,1750,62,26,30105,14957,0.4510259233309979,2004,1027,19254,22920,12913,6730,12619,17546,47136,36822,0,0,9044,1921,7825,1284,3927,259,2960,0,0,12165,56683,630,3212,0,0,0,0,0
738,1660,739.1954523932458,99907,3172,1781,65,26,30564,15207,0.45813606654188394,2036,1065,19065,22805,13201,6907,12460,17415,47157,36846,0,0,8932,1895,7782,1308,4045,274,3025,0,0,12506,56328,621,3191,0,0,0,0,0
739,1660,740.1160270437479,99905,3219,1794,67,26,31033,15470,0.46547219858865924,2097,1088,18862,22707,13470,7104,12284,17280,47178,36870,0,0,8816,1877,7740,1328,4147,292,3092,0,0,12885,55940,613,3175,0,0,0,0,0
740,1660,741.0454623885826,99904,3304,1794,67,27,31567,15702,0.4731442184497117,2128,1163,18612,22599,13764,7279,12124,17137,47199,36893,0,0,8697,1856,7704,1351,4268,309,3164,0,0,13230,55565,606,3154,0,0,0,0,0
741,1660,742.4576555399524,99901,3397,1819,69,28,32333,16081,0.4846197735758401,2154,1163,18366,22515,14163,7536,11850,16938,47220,36916,0,0,8537,1822,7628,1406,4453,332,3267,0,0,13760,54994,588,3114,0,0,0,0,0
742,1660,743.4090984916782,99900,3439,1848,70,28,32840,16354,0.49243243243243245,2210,1177,18154,22438,14462,7720,11664,16788,47241,36939,0,0,8405,1798,7578,1437,4585,347,3344,0,0,14109,54621,581,3095,0,0,0,0,0
743,1660,744.3694483611331,99900,3552,1898,70,28,33439,16649,0.5013813813813813,2136,1158,17973,22358,14757,7905,11511,16652,47261,36962,0,0,8283,1766,7535,1482,4708,371,3407,0,0,14472,54235,577,3064,0,0,0,0,0
744,1660,745.3394587585498,99898,3610,1909,72,28,33980,16926,0.5095797713667941,2127,1201,17805,22241,15038,8105,11347,16515,47281,36984,0,0,8154,1747,7479,1516,4839,394,3484,0,0,14849,53832,568,3036,0,0,0,0,0
745,1660,746.3172472328325,99895,3663,1946,73,30,34495,17232,0.517813704389609,2168,1220,17606,22160,15295,8296,11194,16347,47301,37006,0,0,8041,1719,7428,1544,4994,414,3551,0,0,15189,53451,561,3003,0,0,0,0,0
746,1660,747.3044273398823,99895,3652,1932,73,30,35018,17504,0.5257720606636969,2178,1240,17412,22069,15637,8515,11047,16213,47321,37028,0,0,7914,1697,7364,1584,5151,432,3617,0,0,15605,53002,552,2977,0,0,0,0,0
747,1660,748.3017964617986,99894,3672,1973,74,30,35577,17816,0.5344965663603419,2223,1242,17220,21982,15944,8715,10866,16057,47341,37050,0,0,7783,1660,7315,1632,5297,453,3687,0,0,15993,52573,547,2954,0,0,0,0,0
748,1660,749.3098646236356,99892,3697,1992,76,30,36129,18110,0.5429764145276899,2252,1269,17004,21889,16252,8902,10718,15917,47361,37071,0,0,7656,1631,7259,1660,5460,467,3762,0,0,16381,52136,541,2939,0,0,0,0,0
749,1660,750.3298238203139,99892,3720,2061,76,30,36720,18435,0.5521463180234654,2242,1274,16821,21781,16578,9083,10562,15770,47380,37092,0,0,7523,1602,7198,1701,5621,494,3835,0,0,16752,51716,535,2915,0,0,0,0,0
750,1660,751.359767671773,99889,3706,2076,79,30,37276,18773,0.5611128352471243,2248,1267,16636,21691,16945,9313,10385,15622,47399,37113,0,0,7396,1579,7138,1727,5807,514,3914,0,0,17183,51222,523,2886,0,0,0,0,0
751,1660,752.3910467987739,99889,3742,2120,79,30,37887,19101,0.5705132697293996,2226,1262,16438,21592,17284,9513,10230,15482,47418,37134,0,0,7264,1553,7083,1766,5985,533,3987,0,0,17579,50767,515,2857,0,0,0,0,0
752,1660,753.401210858817,99887,3766,2154,81,30,38432,19415,0.5791244105839599,2247,1252,16234,21494,17588,9705,10083,15364,47437,37155,0,0,7144,1524,7039,1809,6138,551,4055,0,0,17961,50330,503,2833,0,0,0,0,0
753,1660,754.3925710633843,99887,3842,2196,81,30,39002,19742,0.5881045581507103,2215,1258,16073,21400,17865,9901,9923,15214,47456,37175,0,0,7043,1503,6988,1845,6281,590,4100,0,0,18310,49920,496,2811,0,0,0,0,0
754,1660,755.3671122639204,99885,3825,2177,83,30,39521,20048,0.596375832207038,2205,1235,15929,21322,18183,10141,9774,15094,47475,37195,0,0,6935,1483,6932,1883,6450,622,4148,0,0,18701,49453,487,2791,0,0,0,0,0
755,1660,756.3252503995293,99885,3820,2190,83,30,40060,20342,0.6047154227361465,2193,1229,15779,21244,18497,10338,9627,14968,47494,37215,0,0,6828,1459,6884,1929,6598,650,4186,0,0,19091,49000,483,2777,0,0,0,0,0
756,1660,757.2670036040863,99883,3835,2172,85,30,40573,20615,0.6125967381836749,2255,1278,15609,21133,18745,10561,9470,14825,47512,37235,0,0,6722,1442,6838,1958,6772,674,4236,0,0,19436,48583,474,2748,0,0,0,0,0
757,1660,758.1945663085509,99881,3839,2183,87,30,41096,20911,0.6208087624272884,2305,1296,15406,21031,19035,10756,9327,14703,47530,37255,0,0,6614,1417,6782,1996,6944,698,4289,0,0,19795,48162,462,2722,0,0,0,0,0
758,1660,759.1080412516136,99879,3863,2183,89,30,41625,21230,0.6293114668749187,2307,1285,15243,20930,19314,10988,9183,14583,47548,37274,0,0,6505,1390,6728,2020,7110,734,4357,0,0,20156,47731,453,2695,0,0,0,0,0
759,1660,760.0079337369591,99877,3866,2191,91,30,42120,21534,0.637323908407341,2318,1287,15091,20834,19567,11213,9066,14444,47566,37293,0,0,6403,1370,6672,2059,7258,782,4400,0,0,20470,47344,444,2675,0,0,0,0,0
760,1660,761.3353210090254,99875,3939,2234,92,31,42872,21981,0.6493416770963705,2299,1254,14884,20708,19910,11489,8875,14283,47584,37312,0,0,6275,1344,6605,2100,7505,817,4459,0,0,20920,46778,436,2636,0,0,0,0,0
761,1660,762.2068894176813,99872,3933,2250,94,32,43345,22242,0.6567105895546299,2292,1289,14765,20635,20151,11641,8764,14152,47602,37331,0,0,6185,1328,6573,2120,7655,854,4499,0,0,21209,46403,429,2617,0,0,0,0,0
762,1660,763.0675174248072,99872,3951,2278,94,32,43837,22549,0.6647108298622236,2295,1278,14652,20546,20362,11842,8645,14023,47619,37350,0,0,6089,1315,6519,2140,7828,879,4538,0,0,21537,46009,426,2592,0,0,0,0,0
763,1660,764.3406142265137,99871,4021,2284,95,32,44579,22954,0.6762023009682491,2308,1297,14444,20433,20666,12109,8465,13844,47636,37369,0,0,5973,1286,6447,2183,8068,926,4589,0,0,21953,45462,413,2571,0,0,0,0,0
764,1660,765.1783043486864,99871,4004,2268,95,32,45031,23218,0.6833715492985952,2307,1358,14341,20341,20904,12280,8348,13720,47653,37387,0,0,5863,1272,6395,2213,8235,958,4640,0,0,22246,45096,409,2544,0,0,0,0,0
765,1660,766.0061641098087,99871,3989,2290,95,32,45511,23518,0.691181624295341,2298,1347,14236,20264,21155,12458,8226,13608,47670,37405,0,0,5764,1252,6345,2237,8423,996,4686,0,0,22513,44733,401,2521,0,0,0,0,0
766,1660,767.2310710024814,99871,4095,2308,95,32,46244,23933,0.7026764526238848,2274,1309,14068,20182,21413,12720,8054,13448,47687,37423,0,0,5644,1234,6261,2279,8670,1039,4735,0,0,22897,44227,394,2491,0,0,0,0,0
767,1660,768.0384622015321,99870,4069,2308,95,33,46687,24229,0.7100831080404526,2280,1276,13964,20093,21639,12936,7952,13353,47704,37441,0,0,5560,1215,6218,2307,8832,1077,4767,0,0,23212,43829,390,2463,0,0,0,0,0
768,1660,769.233920107061,99870,4008,2286,95,33,47348,24591,0.7203264243516572,2284,1313,13775,20008,22045,13179,7792,13180,47721,37459,0,0,5429,1197,6146,2361,9103,1109,4817,0,0,23628,43273,375,2432,0,0,0,0,0
769,1660,770.0191520840924,99869,4005,2259,96,33,47789,24828,0.7271225305149747,2267,1330,13686,19935,22235,13357,7710,13085,47738,37476,0,0,5341,1178,6094,2403,9251,1151,4845,0,0,23888,42941,365,2412,0,0,0,0,0
770,1660,771.1840861320414,99867,3905,2257,96,35,48400,25193,0.7369100904202589,2257,1362,13568,19834,22599,13575,7574,12936,47754,37493,0,0,5230,1158,6029,2448,9468,1224,4889,0,0,24286,42401,358,2376,0,0,0,0,0
771,1660,772.3318807255685,99865,3868,2263,96,37,49048,25580,0.7472888399339108,2208,1321,13456,19767,22942,13806,7429,12805,47770,37510,0,0,5107,1141,5964,2477,9727,1281,4942,0,0,24629,41900,348,2349,0,0,0,0,0
772,1660,773.088326424381,99863,3854,2248,98,37,49469,25828,0.7540029840882009,2159,1335,13370,19699,23169,13976,7349,12704,47786,37527,0,0,5031,1131,5922,2499,9886,1325,4961,0,0,24874,41568,341,2325,0,0,0,0,0
773,1660,774.2101653031904,99862,3783,2267,98,38,50060,26171,0.7633634415493381,2154,1318,13250,19640,23497,14166,7217,12570,47802,37544,0,0,4913,1118,5859,2529,10138,1381,5003,0,0,25150,41132,336,2303,0,0,0,0,0
774,1660,775.3178018587008,99859,3724,2311,100,39,50606,26538,0.7725292662654343,2214,1296,13088,19541,23769,14354,7104,12458,47818,37561,0,0,4813,1101,5809,2566,10330,1447,5040,0,0,25456,40692,326,2279,0,0,0,0,0
775,1660,776.0489830755253,99859,3746,2302,100,39,51003,26759,0.7787179923692407,2195,1307,13032,19494,23895,14483,7031,12374,47834,37578,0,0,4753,1083,5775,2601,10484,1477,5038,0,0,25644,40414,325,2265,0,0,0,0,0
776,1660,777.1372300655914,99856,3746,2274,103,39,51582,27109,0.7880447844896651,2164,1294,12910,19421,24149,14716,6927,12255,47850,37594,0,0,4655,1062,5708,2639,10720,1532,5067,0,0,25951,39965,323,2234,0,0,0,0,0
777,1660,778.2148309347158,99856,3704,2279,103,39,52146,27455,0.7971579073866367,2075,1272,12820,19362,24462,14911,6835,12136,47865,37610,0,0,4577,1039,5650,2678,10937,1605,5082,0,0,26239,39521,317,2211,0,0,0,0,0
778,1660,779.2809976930532,99856,3750,2242,103,39,52732,27775,0.8062309726005448,2004,1256,12715,19308,24691,15130,6736,12024,47880,37626,0,0,4498,1018,5593,2724,11156,1669,5090,0,0,26485,39121,311,2191,0,0,0,0,0
779,1660,780.3376130584726,99855,3737,2192,104,39,53266,28081,0.8146512443042412,1962,1259,12622,19236,24938,15374,6636,11899,47895,37642,0,0,4411,1004,5539,2747,11375,1735,5111,0,0,26728,38717,306,2182,0,0,0,0,0
780,1660,781.0369691398782,99854,3706,2176,105,39,53619,28286,0.820247561439702,1961,1250,12552,19192,25107,15513,6568,11829,47910,37658,0,0,4356,995,5495,2761,11540,1779,5115,0,0,26896,38454,302,2161,0,0,0,0,0
781,1660,782.0781810531769,99854,3615,2170,105,39,54083,28619,0.8282292146533939,1974,1206,12484,19149,25335,15719,6486,11716,47925,37674,0,0,4278,972,5424,2795,11781,1843,5131,0,0,27128,38070,298,2134,0,0,0,0,0
782,1660,783.1109186997376,99853,3616,2171,106,39,54635,28931,0.8368902286360951,1914,1188,12416,19082,25540,15900,6407,11619,47940,37689,0,0,4197,953,5370,2819,12004,1908,5154,0,0,27343,37702,294,2109,0,0,0,0,0
783,1660,784.1362472285933,99852,3579,2198,107,39,55130,29268,0.8452309417938549,1851,1163,12348,19010,25768,16069,6346,11520,47955,37704,0,0,4121,939,5317,2844,12219,1971,5174,0,0,27569,37327,287,2084,0,0,0,0,0
784,1660,785.1538046529394,99850,3521,2197,109,39,55601,29571,0.8529994992488733,1886,1155,12277,18960,25965,16242,6241,11406,47970,37719,0,0,4041,921,5276,2879,12413,2033,5186,0,0,27797,36957,284,2063,0,0,0,0,0
785,1660,786.164134098832,99850,3526,2163,109,39,56096,29861,0.8608612919379068,1832,1168,12251,18902,26135,16427,6146,11300,47985,37734,0,0,3967,912,5233,2903,12627,2091,5197,0,0,27998,36602,278,2042,0,0,0,0,0
786,1660,787.168245662755,99848,3487,2152,111,39,56574,30154,0.8686002724140693,1825,1143,12191,18867,26328,16590,6057,11208,47999,37749,0,0,3890,896,5193,2930,12817,2159,5217,0,0,28216,36239,272,2019,0,0,0,0,0
787,1660,788.1660326341687,99848,3432,2163,111,39,57019,30447,0.875991507090778,1835,1126,12133,18827,26511,16725,5977,11119,48013,37764,0,0,3829,877,5158,2960,12994,2227,5219,0,0,28424,35894,264,2002,0,0,0,0,0
788,1660,789.1574102101431,99848,3386,2124,111,39,57456,30700,0.8829020110568063,1809,1141,12094,18765,26706,16899,5893,11031,48027,37779,0,0,3764,862,5121,2980,13187,2299,5223,0,0,28600,35576,262,1974,0,0,0,0,0
789,1660,790.1421087674182,99847,3360,2148,111,40,57913,31007,0.8905625607178984,1814,1099,12024,18744,26871,17029,5819,10939,48041,37793,0,0,3700,845,5076,3014,13398,2360,5225,0,0,28757,35269,256,1947,0,0,0,0,0
790,1660,791.1215253984275,99847,3370,2103,111,40,58383,31256,0.8977635782747604,1778,1097,11944,18704,27046,17197,5750,10858,48055,37807,0,0,3639,835,5036,3033,13592,2421,5231,0,0,28942,34939,252,1927,0,0,0,0,0
791,1660,792.0953114759967,99846,3356,2112,112,40,58832,31538,0.9050938445205616,1750,1086,11873,18679,27212,17316,5696,10766,48069,37821,0,0,3581,826,4997,3056,13798,2479,5228,0,0,29082,34637,247,1915,0,0,0,0,0
792,1660,793.063751325914,99845,3365,2110,113,40,59282,31815,0.9123841955030297,1693,1062,11834,18633,27358,17467,5636,10687,48083,37835,0,0,3532,821,4958,3079,13982,2540,5217,0,0,29257,34322,242,1895,0,0,0,0,0
793,1660,794.0272781448564,99844,3303,2084,114,40,59701,32068,0.9191238331797604,1683,1039,11780,18631,27538,17606,5581,10599,48097,37849,0,0,3466,807,4916,3097,14160,2623,5230,0,0,29411,34025,235,1874,0,0,0,0,0
794,1660,795.3041975888598,99843,3196,2030,114,41,60218,32397,0.9276063419568723,1697,1018,11734,18609,27775,17822,5483,10479,48111,37863,0,0,3391,790,4857,3146,14421,2718,5221,0,0,29584,33628,231,1856,0,0,0,0,0
795,1660,796.2561980051314,99843,3178,1980,114,41,60634,32649,0.9342968460482958,1617,1010,11694,18575,27970,17990,5426,10403,48124,37877,0,0,3346,771,4808,3175,14633,2786,5205,0,0,29699,33351,225,1844,0,0,0,0,0
796,1660,797.2034150329605,99842,3147,1984,115,41,61015,32899,0.9406261893792192,1581,1002,11680,18543,28101,18110,5375,10319,48137,37891,0,0,3303,759,4771,3195,14805,2842,5191,0,0,29847,33079,222,1828,0,0,0,0,0
797,1660,798.1466824816702,99841,3104,1940,116,41,61397,33140,0.9468755320960327,1537,974,11649,18555,28265,18268,5328,10221,48150,37904,0,0,3264,746,4728,3220,15014,2903,5178,0,0,29966,32792,217,1813,0,0,0,0,0
798,1660,799.0863810848189,99841,3054,1908,116,41,61771,33379,0.9530152943179656,1503,961,11649,18551,28407,18386,5270,10152,48163,37917,0,0,3212,737,4689,3225,15203,2976,5183,0,0,30086,32521,213,1796,0,0,0,0,0
799,1660,800.0222796397691,99840,2997,1892,117,41,62124,33600,0.9587740384615384,1500,953,11619,18537,28549,18499,5217,10077,48176,37930,0,0,3166,730,4665,3237,15365,3050,5179,0,0,30190,32267,212,1779,0,0,0,0,0
800,1660,801.2640291970299,99839,2910,1841,118,41,62569,33884,0.9660853974899588,1497,968,11593,18527,28731,18637,5150,9985,48189,37943,0,0,3108,722,4614,3263,15593,3135,5169,0,0,30334,31928,206,1767,0,0,0,0,0
801,1660,802.1913099272268,99838,2872,1860,119,41,62915,34129,0.9720146637552836,1468,892,11565,18526,28880,18752,5095,9928,48202,37956,0,0,3063,710,4580,3285,15766,3203,5162,0,0,30400,31719,203,1747,0,0,0,0,0
802,1660,803.1149842377122,99836,2828,1832,121,41,63248,34334,0.97742297367683,1438,875,11589,18543,28975,18857,5048,9851,48215,37969,0,0,3024,701,4564,3306,15917,3268,5149,0,0,30498,31478,197,1734,0,0,0,0,0
803,1660,804.0365962628761,99836,2800,1770,121,41,63586,34529,0.982761729235947,1404,884,11571,18542,29105,18979,4998,9783,48228,37982,0,0,2987,690,4527,3332,16104,3331,5128,0,0,30573,31257,194,1713,0,0,0,0,0
804,1660,805.2608771693424,99836,2777,1693,121,41,64023,34780,0.989653030970792,1380,874,11546,18548,29235,19140,4940,9703,48241,37995,0,0,2936,682,4496,3353,16261,3434,5114,0,0,30726,30943,189,1702,0,0,0,0,0
805,1660,806.1762556442251,99835,2699,1662,122,41,64341,34974,0.9947914058196023,1353,864,11574,18541,29371,19238,4880,9653,48253,38008,0,0,2898,670,4460,3365,16427,3513,5110,0,0,30789,30725,188,1690,0,0,0,0,0
806,1660,807.0891492463751,99835,2684,1644,122,41,64676,35175,1.00016026443632,1331,842,11579,18523,29452,19348,4831,9601,48265,38020,0,0,2859,655,4430,3385,16571,3580,5109,0,0,30863,30517,181,1685,0,0,0,0,0
807,1660,808.0002583268495,99831,2681,1595,125,42,64977,35355,1.0050184812332843,1331,822,11572,18527,29497,19466,4793,9547,48277,38032,0,0,2834,647,4406,3402,16697,3646,5086,0,0,30949,30307,179,1678,0,0,0,0,0
808,1660,809.2125108891153,99831,2598,1596,125,42,65362,35625,1.0115795694724083,1330,788,11577,18533,29635,19595,4734,9445,48289,38044,0,0,2785,641,4360,3396,16920,3730,5081,0,0,31015,30060,176,1667,0,0,0,0,0
809,1660,810.1195239047294,99830,2564,1583,126,42,65667,35815,1.016548131824101,1290,756,11582,18542,29733,19690,4704,9386,48301,38056,0,0,2755,636,4340,3396,17071,3795,5076,0,0,31080,29854,174,1653,0,0,0,0,0
810,1660,811.0241808722072,99827,2524,1540,128,43,65946,35975,1.0209762889799352,1292,753,11585,18548,29792,19778,4678,9337,48313,38068,0,0,2715,629,4315,3407,17202,3866,5070,0,0,31127,29682,174,1640,0,0,0,0,0
811,1660,812.2286086493328,99826,2490,1510,129,43,66335,36203,1.0271672710516297,1248,746,11618,18541,29887,19902,4627,9257,48325,38080,0,0,2674,619,4277,3400,17391,3948,5066,0,0,31213,29435,173,1630,0,0,0,0,0
812,1660,813.1305127407089,99826,2422,1481,129,43,66617,36385,1.03181535872418,1221,716,11600,18575,30025,19970,4602,9214,48337,38092,0,0,2631,616,4252,3387,17547,4018,5070,0,0,31271,29244,173,1617,0,0,0,0,0
813,1660,814.0298246205024,99825,2372,1464,130,43,66904,36554,1.0363936889556724,1177,684,11625,18596,30124,20038,4571,9174,48349,38104,0,0,2601,607,4235,3398,17688,4091,5063,0,0,31297,29070,170,1605,0,0,0,0,0
814,1660,815.225903223721,99824,2317,1427,130,44,67238,36761,1.041823609552813,1163,689,11652,18596,30211,20133,4526,9110,48361,38116,0,0,2559,596,4208,3413,17849,4165,5054,0,0,31380,28839,168,1593,0,0,0,0,0
815,1660,816.1217524474151,99824,2277,1411,130,44,67497,36917,1.0459809264305178,1153,686,11669,18609,30279,20193,4491,9056,48373,38127,0,0,2525,590,4193,3418,17954,4231,5052,0,0,31441,28668,166,1586,0,0,0,0,0
816,1660,817.0164318157781,99824,2275,1370,130,44,67767,37071,1.050228401987498,1106,688,11692,18622,30329,20284,4467,8991,48384,38138,0,0,2489,580,4176,3427,18099,4284,5048,0,0,31460,28521,165,1575,0,0,0,0,0
817,1660,818.2079159408365,99824,2239,1352,130,44,68096,37278,1.055597852219907,1067,655,11710,18642,30431,20395,4422,8911,48395,38149,0,0,2462,570,4141,3429,18255,4365,5034,0,0,31523,28316,165,1564,0,0,0,0,0
818,1660,819.0999202043101,99824,2210,1347,130,44,68341,37433,1.0596049046321525,1046,630,11742,18676,30481,20437,4390,8865,48406,38160,0,0,2430,566,4112,3442,18358,4422,5025,0,0,31592,28159,163,1555,0,0,0,0,0
819,1660,820.2876627968537,99823,2135,1307,131,44,68663,37615,1.0646644560872744,998,643,11776,18720,30595,20486,4364,8799,48417,38171,0,0,2384,554,4079,3452,18517,4506,5021,0,0,31639,27964,161,1546,0,0,0,0,0
820,1660,821.1770192472064,99822,2109,1275,132,44,68907,37751,1.0684818977780448,1002,644,11798,18734,30628,20552,4330,8750,48428,38182,0,0,2360,550,4064,3461,18606,4583,5005,0,0,31669,27832,158,1534,0,0,0,0,0
821,1660,822.0656828482529,99822,2099,1256,132,44,69142,37875,1.0720782993728837,993,647,11828,18755,30649,20585,4298,8712,48439,38193,0,0,2344,549,4042,3449,18736,4627,4990,0,0,31702,27696,158,1529,0,0,0,0,0
822,1660,823.2496309005164,99821,2007,1216,133,44,69427,38056,1.0767573957383716,1007,627,11872,18790,30731,20658,4249,8664,48450,38204,0,0,2317,544,4011,3457,18890,4707,4970,0,0,31759,27489,154,1523,0,0,0,0,0
823,1660,824.1366456527882,99820,1961,1183,134,44,69654,38185,1.0803346022841114,999,610,11893,18824,30791,20714,4221,8624,48461,38215,0,0,2291,538,3988,3467,18991,4764,4951,0,0,31829,27333,154,1514,0,0,0,0,0
824,1660,825.0227430244694,99820,1937,1143,134,44,69863,38305,1.0836305349629334,980,588,11934,18865,30814,20774,4200,8585,48472,38226,0,0,2265,532,3978,3472,19093,4814,4942,0,0,31867,27196,153,1508,0,0,0,0,0
825,1660,826.2044583191343,99820,1927,1104,134,44,70142,38463,1.088008415147265,977,602,11980,18893,30828,20838,4153,8518,48483,38236,0,0,2246,528,3953,3476,19213,4885,4921,0,0,31928,27022,153,1495,0,0,0,0,0
826,1660,827.0907184067131,99820,1928,1117,134,44,70368,38602,1.0916649969945902,950,586,12016,18925,30841,20837,4130,8490,48494,38246,0,0,2225,525,3941,3486,19293,4940,4907,0,0,31957,26907,151,1488,0,0,0,0,0
827,1660,828.2720080473247,99820,1865,1130,134,44,70619,38787,1.0960328591464636,947,568,12047,18964,30894,20861,4112,8432,48505,38256,0,0,2197,522,3916,3494,19409,5011,4891,0,0,32008,26742,150,1480,0,0,0,0,0
828,1660,829.1575436282791,99820,1835,1109,134,44,70822,38914,1.099338809857744,929,542,12087,19010,30925,20890,4089,8404,48516,38266,0,0,2181,516,3897,3501,19503,5068,4869,0,0,32044,26619,147,1475,0,0,0,0,0
829,1660,830.0427976212155,99820,1793,1083,134,44,71011,39037,1.1024644359847726,940,540,12121,19032,30946,20935,4065,8365,48526,38276,0,0,2160,513,3883,3500,19589,5127,4864,0,0,32088,26486,145,1465,0,0,0,0,0
830,1660,831.2232972755647,99818,1778,1036,136,44,71285,39196,1.1068244204452102,918,533,12201,19062,30943,20997,4023,8327,48536,38286,0,0,2139,508,3866,3512,19743,5182,4842,0,0,32108,26317,144,1457,0,0,0,0,0
831,1660,832.1090761518631,99818,1729,998,136,44,71482,39305,1.1098899997996354,881,533,12264,19093,30994,21042,3995,8289,48546,38296,0,0,2117,505,3852,3520,19848,5239,4826,0,0,32127,26194,143,1447,0,0,0,0,0
832,1660,833.2897934389738,99816,1704,991,138,44,71740,39467,1.114119980764607,863,510,12305,19121,31027,21087,3962,8246,48556,38306,0,0,2091,503,3829,3520,19965,5313,4820,0,0,32132,26060,141,1442,0,0,0,0,0
833,1660,834.1751023323264,99816,1669,980,138,44,71925,39562,1.1169251422617616,823,516,12370,19153,31054,21095,3945,8211,48566,38316,0,0,2072,500,3817,3532,20032,5370,4805,0,0,32151,25962,139,1436,0,0,0,0,0
834,1660,835.0602080801337,99815,1645,952,139,44,72110,39664,1.1198116515553775,811,519,12402,19195,31089,21116,3913,8173,48576,38326,0,0,2052,498,3802,3530,20122,5419,4795,0,0,32179,25851,137,1430,0,0,0,0,0
835,1660,836.2399880466436,99815,1614,945,139,44,72336,39822,1.123658768722136,803,474,12443,19240,31105,21165,3895,8131,48586,38336,0,0,2023,493,3778,3535,20230,5476,4785,0,0,32225,25712,137,1421,0,0,0,0,0
836,1660,837.1251145000872,99814,1581,919,140,44,72499,39918,1.126264852625884,810,469,12480,19291,31107,21181,3881,8095,48596,38346,0,0,2003,490,3765,3539,20313,5521,4771,0,0,32247,25612,136,1417,0,0,0,0,0
837,1660,838.0105382437238,99814,1550,899,140,44,72676,40024,1.1291001262347968,799,460,12521,19322,31137,21204,3852,8070,48606,38355,0,0,1987,487,3749,3538,20398,5579,4755,0,0,32251,25519,135,1416,0,0,0,0,0
838,1660,839.19107033985,99814,1528,873,140,44,72916,40167,1.132937263309756,777,448,12597,19369,31131,21244,3826,8021,48616,38364,0,0,1960,482,3732,3551,20507,5645,4743,0,0,32264,25393,133,1404,0,0,0,0,0
839,1660,840.0769758781711,99814,1489,852,140,44,73077,40266,1.1355421083214778,767,450,12638,19397,31149,21272,3816,7984,48626,38373,1,1,1937,478,3722,3550,20599,5687,4738,0,0,32280,25289,133,1400,0,0,0,0,1
840,1660,841.2586179439476,99813,1431,854,141,44,73302,40425,1.1394006792702354,741,405,12719,19461,31175,21298,3792,7937,48636,38382,2,2,1914,472,3703,3551,20707,5765,4726,0,0,32276,25171,131,1395,0,0,0,0,2
841,1660,842.1451501646461,99811,1379,846,143,44,73447,40512,1.1417479035376863,732,411,12773,19499,31189,21293,3783,7906,48646,38391,3,3,1900,470,3684,3552,20796,5808,4708,0,0,32271,25095,131,1392,0,1,0,0,3
842,1660,843.0319549474818,99811,1360,826,143,44,73623,40603,1.1444229593932533,712,412,12805,19538,31218,21309,3761,7870,48656,38400,4,4,1875,468,3673,3560,20857,5861,4701,0,0,32289,25008,131,1382,0,2,0,0,4
843,1660,844.2141211466607,99811,1336,811,143,44,73825,40724,1.147659075652984,693,401,12867,19594,31219,21318,3741,7831,48665,38409,6,5,1861,465,3660,3554,20961,5915,4686,0,0,32299,24900,128,1373,0,4,0,0,5
844,1660,845.1011519873105,99811,1336,786,143,44,73987,40794,1.1499834687559487,669,407,12894,19647,31228,21299,3729,7816,48674,38418,9,6,1847,464,3644,3549,21028,5958,4679,0,0,32309,24820,128,1372,0,5,2,0,6
845,1660,846.2839968512172,99811,1274,762,143,44,74173,40900,1.1529089980062317,635,394,12967,19709,31274,21309,3706,7781,48683,38427,13,7,1826,459,3629,3555,21126,6016,4662,0,0,32321,24712,127,1360,0,8,2,0,8
846,1660,847.1711445520693,99811,1224,741,143,44,74291,40977,1.1548626904850168,651,386,12995,19752,31293,21316,3693,7760,48692,38436,18,8,1810,456,3619,3552,21184,6064,4654,0,0,32335,24632,127,1355,1,10,2,0,10
847,1660,848.0582887338095,99811,1192,721,143,44,74432,41061,1.1571169510374608,641,360,13047,19811,31293,21316,3683,7747,48701,38445,25,9,1805,451,3611,3562,21245,6109,4629,0,0,32360,24535,124,1352,1,13,2,0,12
848,1660,849.242141515209,99811,1177,741,143,44,74614,41191,1.1602428590035165,620,351,13133,19867,31264,21293,3662,7703,48710,38454,33,10,1790,448,3604,3563,21288,6187,4614,0,0,32357,24459,124,1343,1,16,3,0,14
849,1660,850.1309344174266,99811,1160,734,143,44,74748,41276,1.162437005941229,593,345,13170,19906,31284,21285,3649,7685,48719,38463,43,11,1773,447,3589,3564,21343,6231,4605,0,0,32365,24388,123,1338,1,21,4,0,19
850,1660,851.0198673866097,99810,1146,719,144,44,74891,41350,1.1646227832882476,570,340,13247,19932,31253,21292,3639,7672,48728,38471,55,12,1763,444,3569,3561,21415,6272,4594,0,0,32364,24316,122,1334,1,26,5,0,24
851,1660,852.2065971191596,99810,1123,704,144,44,75059,41460,1.167408075343152,551,327,13316,20002,31234,21281,3631,7641,48737,38479,69,13,1748,442,3557,3573,21473,6330,4574,0,0,32386,24210,122,1327,1,33,6,0,28
852,1660,853.097662081089,99810,1097,689,144,44,75181,41539,1.169421901613065,531,317,13395,20038,31219,21286,3613,7625,48746,38487,85,14,1736,437,3544,3572,21533,6375,4567,0,0,32383,24136,121,1323,1,41,7,0,34
853,1660,854.2876890563633,99809,1071,670,145,44,75319,41650,1.1719283832119347,547,307,13494,20081,31157,21293,3585,7604,48755,38495,104,15,1725,434,3530,3564,21587,6436,4553,0,0,32401,24042,120,1320,1,49,7,0,40
854,1660,855.181883982347,99808,1073,630,146,44,75444,41715,1.1738437800577108,541,306,13545,20152,31115,21284,3579,7583,48764,38503,125,17,1715,430,3524,3569,21631,6481,4537,0,0,32409,23964,120,1316,1,58,7,0,46
855,1660,856.0776485582329,99808,1048,626,146,44,75555,41780,1.1756071657582559,522,297,13601,20199,31105,21251,3577,7582,48773,38511,149,19,1702,430,3518,3573,21663,6524,4522,0,0,32406,23904,119,1316,1,69,7,0,54
856,1660,857.2735916530496,99808,1021,615,146,44,75696,41874,1.177961686437961,505,286,13687,20264,31073,21228,3567,7562,48782,38519,176,21,1693,428,3505,3577,21722,6587,4502,0,0,32392,23823,119,1311,2,76,8,0,63
857,1660,858.1717629297663,99807,1010,590,146,45,75816,41926,1.1796968148526656,471,295,13761,20289,31057,21220,3554,7560,48791,38527,206,23,1682,426,3497,3571,21765,6635,4496,0,0,32375,23760,118,1307,2,85,9,0,79
858,1660,859.0710053891503,99807,994,588,146,45,75936,42010,1.1817407596661558,458,272,13848,20354,31014,21182,3539,7558,48800,38535,239,26,1670,424,3482,3565,21814,6684,4488,0,0,32365,23693,118,1301,4,102,11,0,86
859,1660,860.2723402545956,99807,982,556,146,45,76066,42095,1.1838949171901771,463,271,13915,20408,30973,21177,3520,7542,48808,38543,276,29,1659,421,3469,3556,21870,6736,4484,0,0,32366,23592,118,1297,5,119,13,0,102
860,1660,861.1746870094704,99807,934,554,146,45,76159,42163,1.1855080304988628,472,253,13970,20427,30964,21159,3513,7561,48816,38551,317,32,1648,421,3459,3546,21920,6785,4478,0,0,32342,23522,117,1295,5,134,15,0,120
861,1660,862.0779082315663,99807,916,539,146,45,76262,42222,1.1871311631448696,473,251,14015,20444,30944,21140,3505,7580,48824,38559,361,36,1637,418,3453,3546,21960,6826,4471,0,0,32336,23445,115,1291,6,148,17,0,138
862,1660,863.2835579224811,99807,901,537,146,45,76415,42306,1.1895057460899536,437,234,14095,20496,30928,21103,3492,7584,48832,38567,409,40,1624,416,3435,3541,22017,6883,4463,0,0,32310,23369,111,1287,6,169,21,0,155
863,1660,864.1886663757753,99807,877,522,146,45,76507,42356,1.1909284919895398,430,229,14161,20545,30904,21050,3481,7608,48840,38575,462,45,1617,414,3427,3531,22050,6932,4454,0,0,32294,23301,110,1282,8,191,22,0,174
864,1660,865.0949110042665,99807,878,513,146,45,76615,42409,1.1925416052982256,412,231,14217,20577,30877,20991,3469,7642,48848,38583,519,50,1605,412,3417,3534,22072,6977,4448,0,0,32274,23236,108,1277,11,215,25,0,196
865,1660,866.0022507555001,99807,873,494,146,45,76709,42461,1.1940044285470959,394,222,14297,20633,30823,20936,3466,7669,48856,38591,580,56,1599,409,3409,3524,22093,7024,4439,0,0,32268,23160,107,1275,13,244,29,0,214
866,1660,867.2149254950823,99807,855,465,146,45,76826,42528,1.1958479866141654,380,211,14396,20678,30764,20905,3458,7695,48864,38598,646,62,1590,408,3398,3516,22141,7077,4430,0,0,32246,23069,106,1270,15,273,33,0,235
867,1660,868.1263998248381,99807,836,419,146,45,76920,42566,1.1971705391405412,370,216,14456,20707,30736,20874,3455,7738,48872,38605,716,69,1581,406,3389,3514,22156,7133,4424,0,0,32239,22977,106,1266,16,306,35,0,259
868,1660,869.0392083620713,99807,795,423,146,45,76994,42620,1.198453014317633,376,200,14508,20736,30721,20814,3453,7781,48880,38612,791,77,1570,403,3380,3516,22160,7189,4417,0,0,32216,22909,106,1260,17,338,39,0,287
869,1660,870.2580691005611,99807,766,414,146,45,77102,42685,1.200186359674171,354,200,14622,20779,30664,20752,3447,7809,48888,38619,871,86,1562,399,3371,3513,22198,7239,4405,0,0,32181,22822,105,1256,17,382,40,0,317
870,1660,871.1742082405128,99807,759,408,146,45,77183,42733,1.201478854188584,350,189,14698,20803,30597,20707,3449,7847,48896,38626,956,95,1554,397,3366,3517,22196,7289,4390,0,0,32165,22745,104,1254,18,416,42,0,354
871,1660,872.0923797126687,99807,721,412,146,45,77258,42778,1.2026811746671076,343,195,14760,20808,30580,20636,3449,7903,48904,38633,1046,105,1547,395,3356,3521,22205,7344,4381,0,0,32121,22673,104,1250,19,458,45,0,388
872,1660,873.0116871040012,99807,691,391,146,45,77332,42814,1.2037833017724209,341,209,14832,20835,30538,20564,3451,7955,48912,38640,1142,116,1541,393,3352,3514,22217,7399,4375,0,0,32083,22596,103,1245,21,502,46,0,420
873,1660,874.2398458141163,99807,649,370,146,45,77430,42875,1.2053763764064644,334,202,14940,20888,30484,20497,3446,7997,48920,38647,1243,128,1530,389,3340,3511,22243,7467,4368,0,0,32038,22506,102,1238,22,547,51,0,455
874,1660,875.1629923228552,99807,642,364,146,45,77508,42923,1.2066388129089143,315,179,15027,20934,30420,20415,3449,8062,48928,38654,1349,141,1524,388,3326,3519,22261,7511,4353,0,0,31978,22437,102,1237,22,603,56,0,490
875,1660,876.0886823132387,99807,635,353,146,45,77579,42964,1.2077609786888694,307,189,15120,20919,30337,20353,3454,8140,48936,38661,1461,155,1516,386,3313,3520,22255,7564,4341,0,0,31952,22360,102,1231,24,646,65,0,532
876,1660,877.0168409909809,99807,641,361,146,45,77656,43012,1.2090133958539981,288,176,15189,20960,30276,20240,3459,8217,48944,38668,1578,170,1512,385,3302,3516,22255,7618,4330,0,0,31905,22294,102,1227,26,693,70,0,572
877,1660,878.2574351406203,99807,614,334,146,45,77740,43059,1.210325929043053,291,180,15278,20989,30215,20166,3455,8285,48952,38675,1701,186,1501,385,3285,3518,22272,7680,4319,0,0,31870,22184,102,1223,26,735,79,0,628
878,1660,879.1899921782027,99806,604,333,147,45,77809,43099,1.211430174538605,287,172,15356,21003,30146,20071,3459,8375,48959,38682,1829,203,1491,382,3277,3513,22264,7733,4317,0,0,31830,22109,102,1213,31,794,84,0,666
879,1660,880.1249995089826,99806,583,313,147,45,77863,43134,1.2123219044947198,285,169,15442,21021,30079,19980,3463,8471,48966,38689,1963,221,1486,381,3261,3506,22273,7783,4311,0,0,31767,22036,100,1211,33,861,95,0,702
880,1660,881.0626269896767,99806,576,308,147,45,77922,43176,1.2133338677033445,284,157,15534,21023,29994,19903,3464,8563,48973,38696,2103,241,1479,380,3238,3506,22285,7825,4300,0,0,31712,21954,100,1205,35,924,107,0,756
881,1660,882.002848518712,99806,549,292,147,45,77989,43206,1.2143057531611325,268,160,15605,21032,29947,19799,3483,8671,48980,38703,2248,262,1470,378,3225,3505,22277,7889,4295,0,0,31647,21871,100,1204,36,990,114,0,805
882,1660,883.259248291265,99806,522,279,147,45,78064,43255,1.215548163437068,265,157,15691,21066,29883,19687,3491,8765,48987,38710,2399,284,1464,377,3213,3515,22260,7964,4281,0,0,31586,21768,99,1201,38,1054,122,0,864
883,1660,884.2039015998295,99806,513,275,147,45,78127,43288,1.216510029457147,262,151,15760,21067,29824,19574,3493,8887,48994,38717,2556,308,1459,376,3200,3508,22272,8014,4275,0,0,31495,21690,99,1199,39,1126,128,0,926
884,1660,885.1505089616974,99803,488,282,149,46,78187,43336,1.2176287285953329,245,129,15832,21078,29778,19465,3507,8999,49001,38723,2718,333,1453,375,3192,3507,22256,8080,4267,0,0,31433,21594,99,1195,42,1188,134,0,988
885,1660,886.0992519567018,99803,490,293,149,46,78247,43373,1.2186006432672365,229,124,15915,21073,29696,19346,3520,9117,49008,38729,2886,360,1449,375,3180,3503,22231,8146,4260,0,0,31366,21508,99,1190,43,1258,140,0,1055
886,1660,887.0505132743928,99803,476,289,149,46,78296,43408,1.2194423013336273,228,122,15984,21065,29625,19234,3537,9243,49015,38735,3059,388,1447,374,3166,3494,22216,8207,4250,0,0,31302,21418,97,1188,44,1333,149,0,1118
887,1660,888.0043836909247,99802,449,279,150,46,78346,43434,1.2202160277349152,228,132,16056,21069,29557,19121,3559,9352,49022,38741,3238,418,1439,373,3155,3492,22198,8263,4243,0,0,31238,21310,97,1181,49,1415,157,0,1192
888,1660,889.2797978785964,99802,435,278,150,46,78416,43479,1.2213683092523195,208,132,16153,21098,29478,18982,3575,9463,49029,38747,3422,450,1432,373,3139,3496,22186,8324,4232,0,0,31152,21208,97,1175,54,1504,169,0,1261
889,1660,890.238972521956,99802,422,271,150,46,78463,43515,1.2221999559127072,202,130,16224,21062,29407,18882,3594,9608,49036,38753,3612,484,1426,373,3129,3496,22179,8384,4220,0,0,31059,21114,97,1168,58,1591,178,0,1330
890,1660,891.2007061802889,99802,394,253,150,46,78510,43540,1.2229213843409952,201,127,16296,21040,29339,18779,3619,9754,49043,38759,3807,519,1422,372,3115,3495,22159,8453,4207,0,0,30984,21008,96,1163,62,1675,189,0,1402
891,1660,892.1652264359526,99802,380,244,150,46,78562,43567,1.2237129516442555,186,121,16367,21026,29267,18668,3649,9894,49050,38765,4007,556,1418,372,3103,3499,22141,8516,4194,0,0,30891,20900,96,1156,65,1759,200,0,1492
892,1660,893.1325699074689,99802,361,231,150,46,78601,43587,1.2243041221618804,189,130,16446,21018,29173,18540,3680,10034,49057,38771,4212,595,1412,372,3092,3492,22121,8580,4193,0,0,30804,20792,96,1149,68,1853,205,0,1573
893,1660,894.1030292999237,99801,358,236,150,47,78647,43619,1.2250979449103716,178,127,16523,21018,29078,18395,3712,10176,49064,38777,4422,636,1406,372,3075,3481,22105,8634,4189,0,0,30715,20691,96,1141,73,1947,221,0,1655
894,1660,895.0771526486988,99801,359,232,150,47,78694,43654,1.2259195799641287,155,109,16606,20976,28989,18302,3740,10333,49071,38783,4637,679,1398,372,3055,3477,22094,8690,4187,0,0,30602,20594,96,1139,75,2051,235,0,1736
895,1660,896.0544843563856,99801,345,223,150,47,78734,43679,1.2265708760433263,150,108,16698,20958,28883,18167,3773,10496,49078,38789,4856,724,1389,371,3038,3474,22054,8770,4185,0,0,30489,20515,95,1134,80,2155,250,0,1802
896,1660,897.0352736305224,99801,332,212,150,47,78776,43709,1.2272923117002836,142,98,16756,20946,28804,18055,3815,10641,49085,38795,5080,772,1382,370,3029,3476,22030,8833,4176,0,0,30389,20398,95,1126,87,2266,255,0,1889
897,1660,898.0195033422291,99801,317,207,150,47,78806,43738,1.2278834881414014,142,88,16839,20940,28705,17925,3846,10792,49092,38801,5308,822,1376,368,3018,3472,21999,8899,4173,0,0,30285,20285,95,1123,90,2370,267,0,1981
898,1660,899.007305382333,99801,308,198,150,47,78849,43756,1.2284947044618792,122,93,16900,20938,28629,17764,3890,10959,49099,38807,5541,874,1375,366,3005,3473,21971,8961,4160,0,0,30172,20179,95,1115,96,2490,276,0,2067
899,1660,900.32943411446,99801,303,190,150,47,78883,43776,1.229035781204597,165,115,16991,21002,28523,17725,3867,10920,49099,38807,5541,874,1374,366,3004,3469,21981,8977,4158,0,0,30174,20160,95,1114,96,2490,276,0,2067
900,1660,900.32943411446,99801,297,194,150,47,78891,43791,1.2292662398172363,170,111,17011,20943,28460,17605,3911,11099,49099,38807,5778,928,1374,366,2992,3470,21923,9044,4156,0,8,30055,20070,95,1109,101,2603,286,0,2149
901,1660,901.325525919394,99801,311,190,150,47,78949,43819,1.230127954629713,152,116,17105,20892,28336,17501,3945,11253,49099,38807,6018,985,1373,364,2978,3468,21893,9102,4152,1,32,29927,19935,95,1104,105,2713,299,2,2258
902,1660,902.3260685936348,99801,290,187,150,47,78979,43838,1.2306189316740312,156,120,17187,20843,28231,17380,3985,11422,49099,38807,6262,1044,1373,364,2960,3464,21858,9172,4149,1,51,29792,19820,95,1095,111,2828,312,2,2354
903,1660,903.3303270565484,99801,295,189,150,47,79021,43868,1.2313403673309886,165,112,17260,20815,28114,17258,4015,11578,49099,38807,6510,1105,1371,363,2939,3465,21809,9244,4146,3,72,29653,19706,95,1092,114,2951,329,2,2447
904,1660,904.0021574718813,99801,293,181,150,47,79049,43883,1.231771224737227,172,115,17299,20766,28026,17137,4059,11753,49099,38807,6761,1169,1368,363,2929,3463,21757,9318,4143,6,90,29522,19590,95,1087,118,3067,338,3,2544
905,1660,905.0135846724789,99801,292,190,150,47,79091,43919,1.2325527800322642,170,101,17369,20719,27916,17000,4102,11942,49099,38807,7015,1235,1366,359,2913,3466,21707,9395,4141,8,108,29375,19476,94,1084,120,3193,353,5,2638
906,1660,906.0290785444768,99801,285,186,150,47,79132,43943,1.2332040761114618,165,102,17448,20683,27803,16861,4148,12120,49099,38807,7272,1304,1363,359,2886,3465,21671,9466,4135,11,123,29218,19376,94,1082,121,3328,375,8,2720
907,1660,907.0488986197322,99801,288,180,150,47,79178,43966,1.2338954519493792,167,105,17534,20638,27668,16730,4192,12299,49099,38807,7532,1376,1361,358,2873,3468,21634,9536,4132,13,141,29059,19256,94,1074,126,3462,384,8,2822
908,1660,908.0734570676084,99801,269,187,150,47,79212,43995,1.2345267081492168,161,103,17620,20602,27558,16562,4241,12498,49099,38807,7794,1450,1361,358,2858,3464,21584,9623,4126,13,161,28896,19155,94,1067,131,3603,396,9,2902
909,1660,909.10244374189,99801,248,189,150,47,79247,44018,1.2351078646506548,170,102,17686,20554,27449,16420,4296,12687,49099,38807,8059,1527,1360,358,2842,3464,21538,9701,4119,14,178,28733,19034,94,1062,136,3746,407,10,3005
910,1660,910.1356828128027,99801,265,193,150,47,79290,44046,1.2358192803679322,164,94,17746,20493,27322,16293,4352,12879,49099,38807,8326,1607,1358,357,2823,3464,21470,9788,4117,16,190,28612,18909,94,1058,139,3853,425,12,3116
911,1660,911.1735816588026,99801,280,186,150,47,79331,44066,1.2364304966884099,163,99,17802,20448,27195,16144,4409,13075,49099,38807,8595,1689,1358,357,2810,3465,21412,9869,4116,16,204,28445,18794,94,1049,146,4000,437,13,3216
912,1660,912.2161582892344,99800,264,166,150,48,79368,44089,1.2370440881763527,172,100,17863,20416,27084,16018,4466,13251,49099,38807,8865,1774,1356,356,2790,3469,21360,9959,4107,18,224,28287,18665,94,1041,154,4126,456,18,3320
913,1660,913.2631592285459,99800,271,158,150,48,79410,44111,1.237685370741483,174,104,17923,20378,26949,15887,4532,13424,49099,38807,9137,1862,1355,355,2776,3472,21284,10057,4104,19,245,28136,18552,94,1032,161,4262,466,20,3410
914,1660,914.315205197127,99800,282,158,150,48,79460,44135,1.2384268537074148,174,102,17977,20351,26819,15746,4597,13594,49099,38807,9410,1953,1354,355,2757,3473,21222,10147,4101,20,261,27995,18411,94,1026,167,4380,482,22,3533
915,1660,915.0194671783157,99800,276,164,150,48,79485,44154,1.2388677354709419,178,101,18006,20280,26721,15607,4668,13799,49099,38807,9684,2046,1351,353,2747,3480,21143,10245,4095,23,266,27842,18299,94,1023,169,4517,491,23,3639
916,1660,916.0804704409711,99800,288,166,150,48,79538,44181,1.2396693386773547,178,95,18040,20233,26601,15462,4742,13995,49099,38807,9959,2142,1350,353,2725,3475,21092,10334,4095,24,277,27682,18174,94,1016,175,4650,508,25,3751
917,1660,917.146186150058,99800,287,152,150,48,79583,44201,1.2403206412825651,178,109,18093,20193,26475,15313,4816,14184,49099,38807,10235,2241,1346,352,2705,3476,21029,10425,4091,28,298,27522,18045,94,1013,178,4791,523,28,3856
918,1660,918.216955552807,99799,289,156,151,48,79624,44225,1.240984378600988,170,111,18154,20159,26354,15159,4881,14366,49099,38807,10512,2343,1345,351,2689,3477,20966,10514,4089,29,306,27349,17928,94,1008,183,4942,536,33,3960
919,1660,919.2925647255227,99799,305,149,151,48,79680,44243,1.2417258689966832,171,131,18200,20090,26221,15030,4951,14551,49099,38807,10789,2448,1343,349,2672,3484,20882,10616,4083,31,319,27201,17808,94,999,192,5077,549,37,4063
920,1660,920.0125822175726,99799,310,160,151,48,79710,44269,1.242286996863696,177,126,18225,20020,26102,14885,5034,14760,49099,38807,11066,2555,1342,349,2654,3483,20804,10711,4082,32,329,27029,17706,94,994,197,5237,564,39,4153
921,1660,921.0979626325782,99799,314,167,151,48,79757,44310,1.2431687692261446,184,109,18261,19993,25975,14744,5114,14938,49099,38807,11343,2665,1341,349,2643,3487,20720,10824,4076,32,343,26868,17586,94,990,200,5373,575,42,4256
922,1660,922.1887293161137,99799,318,177,151,48,79814,44344,1.2440806020100401,175,106,18315,19931,25851,14609,5189,15128,49099,38807,11620,2778,1341,349,2629,3485,20655,10928,4074,32,357,26707,17453,93,983,206,5508,584,47,4368
923,1660,923.284565840832,99797,304,199,152,49,79850,44386,1.2448871208553363,195,97,18348,19872,25736,14477,5264,15305,49099,38807,11897,2894,1339,348,2611,3491,20567,11038,4065,34,370,26551,17326,93,975,214,5650,597,49,4479
924,1660,924.0179496777365,99797,305,209,152,49,79889,44413,1.2455484633806628,198,92,18347,19794,25637,14361,5360,15494,49099,38807,12173,3013,1337,348,2599,3490,20493,11139,4063,36,374,26374,17214,93,968,220,5806,607,53,4583
925,1660,925.1226672159529,99797,301,200,152,49,79931,44436,1.2461997855646962,200,101,18388,19758,25508,14214,5450,15677,49099,38807,12449,3135,1335,348,2580,3493,20418,11246,4058,38,395,26210,17082,93,954,231,5944,625,59,4688
926,1660,926.2332614983502,99797,311,197,152,49,79988,44460,1.247011433209415,194,100,18417,19741,25385,14056,5540,15856,49099,38807,12724,3259,1333,347,2571,3490,20337,11360,4055,40,406,26033,16966,93,950,233,6099,632,64,4788
927,1660,927.3489107602204,99797,324,203,152,49,80042,44497,1.2479232842670622,203,89,18440,19712,25254,13915,5626,16031,49099,38807,12998,3386,1331,345,2547,3492,20266,11458,4051,42,420,25870,16832,93,945,238,6249,649,70,4899
928,1660,928.0957867372659,99797,338,204,152,49,80091,44514,1.2485846267923886,191,91,18458,19640,25136,13795,5724,16220,49099,38807,13271,3516,1330,344,2533,3490,20192,11554,4049,43,432,25696,16709,93,936,245,6409,662,70,5010
929,1660,929.2218548187028,99797,339,205,152,49,80155,44537,1.2494563964848642,190,91,18474,19611,25022,13651,5822,16392,49099,38807,13543,3648,1325,344,2519,3490,20113,11668,4041,48,448,25531,16584,93,925,253,6551,675,74,5115
930,1660,930.3534481306613,99797,331,209,152,49,80211,44571,1.2503582272012184,189,96,18502,19565,24900,13516,5925,16564,49099,38807,13813,3783,1325,343,2506,3493,20032,11784,4036,48,473,25354,16444,93,918,257,6702,686,78,5225
931,1660,931.1110150031734,99796,318,201,153,49,80238,44587,1.2508016353360856,191,107,18523,19485,24779,13406,6035,16751,49099,38807,14082,3921,1324,342,2496,3492,19955,11882,4031,48,491,25196,16305,93,915,260,6846,696,86,5338
932,1660,932.2538597098562,99796,333,196,153,49,80292,44621,1.2516834342057799,191,103,18556,19439,24638,13287,6128,16925,49099,38807,14349,4061,1322,342,2478,3492,19871,11994,4028,50,513,25027,16169,93,908,265,6995,711,90,5448
933,1660,933.0193175819618,99796,334,199,153,49,80331,44643,1.252294681149545,189,106,18545,19369,24527,13166,6251,17110,49099,38807,14615,4204,1320,341,2467,3492,19788,12101,4025,52,521,24851,16054,93,905,267,7156,718,96,5549
934,1660,934.1735901117477,99796,325,201,153,49,80381,44673,1.2530963164856306,199,107,18563,19341,24398,13028,6361,17273,49099,38807,14879,4349,1317,340,2446,3493,19706,12218,4020,55,526,24667,15959,92,893,278,7315,736,108,5627
935,1660,935.3337034696635,99796,334,201,153,49,80446,44703,1.2540482584472323,196,103,18578,19321,24275,12878,6463,17447,49099,38807,15141,4497,1315,340,2427,3493,19623,12335,4015,57,546,24488,15839,92,885,286,7472,750,111,5722
936,1660,936.1104415379084,99796,329,200,153,49,80483,44722,1.2546094031824924,197,107,18591,19252,24150,12772,6579,17619,49099,38807,15401,4647,1311,340,2408,3494,19528,12453,4010,61,562,24320,15715,92,878,292,7623,768,113,5828
937,1660,937.2824909219861,99796,318,197,153,49,80531,44755,1.255421058960279,207,105,18625,19225,24004,12646,6692,17777,49099,38807,15659,4799,1305,340,2388,3499,19442,12579,4002,67,570,24147,15604,91,870,300,7765,783,124,5920
938,1660,938.0678276484651,99796,329,199,153,49,80572,44776,1.2560423263457454,201,101,18622,19145,23886,12559,6808,17946,49099,38807,15915,4954,1304,340,2368,3496,19346,12694,4002,68,579,23993,15485,91,864,306,7904,802,133,6021
939,1660,939.2529306922871,99796,334,192,153,49,80630,44803,1.2568940638903363,189,100,18642,19117,23762,12439,6919,18102,49099,38807,16168,5111,1304,340,2355,3498,19256,12824,3999,68,592,23822,15348,91,861,309,8039,812,142,6136
940,1660,940.0464880417937,99796,326,189,153,49,80665,44819,1.2574051064170908,177,102,18625,19073,23657,12329,7061,18257,49099,38807,16419,5270,1302,340,2340,3496,19148,12954,3998,70,610,23657,15236,90,859,311,8188,825,142,6230
941,1660,941.243655115022,99796,326,200,153,49,80708,44858,1.2582267826365787,179,96,18642,19069,23510,12197,7189,18388,49099,38807,16668,5431,1301,340,2318,3498,19089,13043,3993,71,621,23459,15127,89,851,319,8363,844,151,6319
942,1660,942.04578091702,99796,331,195,153,49,80742,44876,1.2587478456050343,189,97,18641,19039,23372,12090,7313,18529,49099,38807,16914,5594,1300,340,2302,3499,18988,13163,3990,72,631,23292,15019,89,842,326,8519,857,151,6416
943,1660,943.2568200304622,99796,328,185,153,49,80798,44896,1.2595093991743156,199,108,18657,19040,23237,11962,7425,18655,49099,38807,17158,5759,1295,339,2291,3496,18907,13279,3986,77,643,23113,14912,89,833,335,8674,865,161,6501
944,1660,944.0681151284999,99796,322,175,153,49,80837,44907,1.260010421259369,193,114,18654,18999,23123,11844,7554,18818,49099,38807,17399,5926,1294,339,2274,3500,18808,13402,3979,78,656,22952,14803,89,826,341,8819,878,167,6591
945,1660,945.2924604729395,99796,336,173,153,49,80896,44940,1.2609323018958676,190,110,18674,18971,22962,11742,7684,18954,49099,38807,17637,6094,1294,338,2259,3495,18724,13517,3978,78,675,22801,14662,88,818,346,8951,892,174,6706
946,1660,946.1134239128471,99795,333,170,154,49,80945,44965,1.2616864572373365,180,107,18651,18912,22854,11649,7827,19112,49099,38807,17873,6264,1291,336,2242,3494,18645,13632,3976,81,687,22632,14542,88,810,351,9098,904,176,6810
947,1660,947.3523333999265,99795,323,162,154,49,81004,44995,1.2625782854852448,173,100,18675,18901,22738,11553,7936,19234,49099,38807,18106,6436,1288,335,2223,3490,18572,13759,3968,84,694,22470,14426,88,802,356,9225,921,185,6909
948,1660,948.1820764221432,99795,317,163,154,49,81038,45023,1.2631995590961471,173,87,18662,18842,22621,11472,8072,19386,49099,38807,18336,6609,1286,335,2204,3488,18481,13878,3963,86,703,22304,14323,88,797,361,9373,937,192,6996
949,1660,949.01596567702,99795,328,166,154,49,81076,45046,1.263810812164938,174,91,18661,18784,22472,11386,8210,19523,49099,38807,18563,6784,1285,334,2190,3494,18406,13976,3957,87,707,22136,14207,88,793,365,9522,948,198,7102
950,1660,950.2761297208624,99795,319,157,154,49,81124,45073,1.2645623528232877,180,89,18711,18783,22292,11289,8343,19632,49099,38807,18788,6960,1284,331,2174,3495,18344,14084,3951,88,716,21943,14103,88,788,367,9682,963,205,7189
951,1660,951.1216816114795,99795,330,153,154,49,81173,45086,1.26518362643419,170,86,18696,18743,22172,11185,8477,19783,49099,38807,19010,7137,1278,331,2156,3497,18240,14208,3947,94,717,21797,14003,88,781,373,9811,981,213,7280
952,1660,952.39918752015,99795,321,153,154,49,81218,45108,1.265855002755649,169,96,18712,18754,22029,11065,8614,19882,49099,38807,19229,7315,1277,330,2131,3498,18155,14322,3943,95,725,21631,13898,88,775,378,9958,1001,223,7367
953,1660,953.2553768397626,99795,314,158,154,49,81246,45129,1.2663460093191041,180,101,18708,18703,21894,10972,8749,20016,49099,38807,19445,7494,1277,329,2112,3497,18069,14428,3941,95,729,21473,13797,88,766,387,10101,1019,230,7457
954,1660,954.1165299370574,99795,315,166,154,49,81290,45155,1.267047447266897,173,97,18687,18673,21784,10870,8886,20144,49099,38807,19658,7674,1275,329,2094,3496,17996,14532,3939,96,727,21305,13690,88,758,393,10247,1036,242,7552
955,1660,955.4169374387377,99795,312,171,154,49,81335,45191,1.2678591111779147,169,96,18727,18668,21629,10777,9008,20238,49099,38807,19868,7855,1272,329,2076,3500,17923,14633,3933,99,742,21139,13576,88,752,398,10391,1051,251,7642
956,1660,956.28866331116,99795,291,172,154,49,81368,45214,1.268420261536149,176,89,18714,18642,21518,10708,9146,20339,49099,38807,20075,8037,1267,327,2054,3503,17849,14736,3927,104,754,21006,13438,88,747,401,10505,1071,257,7761
957,1660,957.1655238389743,99795,298,167,154,49,81413,45234,1.2690715967733854,170,85,18703,18614,21392,10623,9282,20461,49099,38807,20279,8220,1267,327,2044,3501,17765,14852,3925,104,757,20845,13350,88,736,411,10640,1080,269,7834
958,1660,958.0472743428526,99795,304,164,154,49,81444,45251,1.2695525827947292,177,87,18676,18579,21264,10542,9424,20578,49099,38807,20481,8404,1266,327,2031,3502,17653,14981,3923,105,763,20716,13244,88,730,417,10756,1090,278,7925
959,1660,959.3794733991256,99795,325,158,154,49,81509,45282,1.2705145548374166,169,85,18681,18579,21107,10472,9563,20656,49099,38807,20680,8588,1265,327,2015,3499,17587,15089,3921,106,769,20571,13129,88,722,422,10871,1102,295,8017
960,1660,960.2726990026408,99795,331,161,154,49,81561,45299,1.2712059722430984,152,88,18664,18555,20986,10391,9712,20755,49099,38807,20876,8773,1263,327,2002,3498,17491,15207,3917,108,770,20424,13029,88,715,428,11003,1114,305,8106
961,1660,961.1714402247563,99795,319,167,154,49,81598,45324,1.2718272458540008,151,83,18634,18531,20879,10313,9862,20856,49099,38807,21069,8958,1262,327,1986,3495,17423,15307,3913,109,779,20277,12921,88,710,432,11128,1128,315,8195
962,1660,962.0751209735257,99795,296,160,154,49,81627,45345,1.272328272959567,168,80,18612,18529,20759,10226,10010,20955,49099,38807,21259,9143,1261,327,1976,3496,17343,15421,3906,110,789,20116,12830,88,697,444,11263,1137,321,8270
963,1660,963.4401744317059,99794,300,154,155,49,81679,45378,1.273192777120869,166,71,18624,18553,20608,10157,10146,21015,49099,38807,21446,9329,1259,326,1962,3502,17243,15549,3898,112,800,19976,12718,88,689,451,11382,1149,333,8357
964,1660,964.3555686079806,99794,308,145,155,49,81716,45394,1.2737238711746197,170,80,18620,18543,20460,10064,10286,21118,49099,38807,21630,9515,1258,325,1946,3505,17157,15659,3895,113,805,19816,12633,88,683,457,11523,1161,344,8426
965,1660,965.2774353080445,99794,318,143,155,49,81760,45412,1.2743451510110828,161,81,18644,18547,20311,9974,10410,21205,49099,38807,21811,9701,1255,325,1935,3508,17059,15772,3891,116,810,19671,12546,88,679,460,11656,1171,356,8496
966,1660,966.2056113889932,99794,319,141,155,49,81802,45429,1.274936368919975,150,78,18663,18512,20164,9905,10548,21314,49099,38807,21990,9887,1255,324,1925,3504,16967,15890,3889,116,819,19522,12454,88,675,463,11787,1181,359,8576
967,1660,967.1407341348732,99794,309,135,155,49,81836,45446,1.2754474216886786,148,80,18662,18519,20028,9819,10697,21397,49099,38807,22166,10073,1253,324,1910,3510,16887,15992,3882,118,832,19375,12368,88,669,468,11915,1195,366,8642
968,1660,968.0824254899287,99794,298,131,155,49,81871,45460,1.275938433172335,146,95,18678,18512,19894,9738,10828,21474,49099,38807,22339,10258,1249,324,1900,3514,16804,16099,3875,122,835,19233,12282,88,665,470,12041,1202,376,8715
969,1660,969.0306735553852,99794,287,128,155,49,81901,45479,1.2764294446559914,153,91,18671,18516,19775,9660,10958,21555,49099,38807,22509,10443,1248,324,1887,3515,16729,16204,3871,123,840,19089,12185,88,663,471,12160,1214,382,8801
970,1660,970.463850590932,99794,277,127,155,49,81951,45504,1.2771809928452613,159,80,18717,18549,19626,9577,11065,21617,49099,38807,22677,10628,1246,323,1873,3515,16635,16338,3869,125,847,18942,12108,88,653,476,12277,1226,391,8862
971,1660,971.4252924520919,99794,287,121,155,49,81990,45515,1.2776820249714411,150,85,18723,18543,19486,9515,11198,21686,49099,38807,22842,10812,1245,323,1864,3512,16544,16454,3868,126,849,18820,12013,88,647,481,12381,1233,398,8948
972,1660,972.3935102277002,99794,290,132,155,49,82024,45539,1.2782632222378099,143,75,18695,18565,19371,9431,11345,21747,49099,38807,23004,10996,1241,323,1859,3512,16465,16548,3865,130,849,18683,11926,88,643,485,12506,1238,412,9021
973,1660,973.3678775081403,99794,285,136,155,49,82061,45558,1.2788243782191313,138,77,18681,18542,19271,9361,11469,21834,49099,38807,23164,11179,1241,323,1841,3514,16375,16661,3862,130,846,18564,11839,87,634,492,12610,1253,428,9094
974,1660,974.3472683803457,99794,279,148,155,49,82096,45585,1.2794456580555946,137,69,18667,18550,19160,9274,11601,21909,49099,38807,23321,11362,1241,322,1829,3516,16292,16764,3859,130,853,18421,11758,87,630,496,12735,1265,436,9160
975,1660,975.3324900680661,99794,282,152,155,49,82133,45606,1.2800268553219631,131,71,18679,18559,19022,9211,11730,21957,49099,38807,23475,11544,1241,321,1820,3518,16215,16859,3857,130,856,18286,11674,87,624,500,12858,1272,447,9229
976,1660,976.3242848732866,99794,276,146,155,49,82171,45628,1.2806280938733792,129,69,18676,18559,18906,9145,11857,22031,49099,38807,23627,11725,1240,320,1809,3513,16143,16967,3857,131,865,18149,11587,87,620,502,12970,1280,457,9297
977,1660,977.3228187667637,99794,279,141,155,49,82204,45644,1.2811191053570354,137,74,18669,18590,18776,9070,11983,22075,49099,38807,23776,11905,1239,319,1800,3512,16054,17075,3856,132,870,18025,11502,87,613,508,13080,1288,468,9366
978,1660,978.3281043613348,99794,265,135,155,49,82234,45663,1.281610116840692,138,74,18664,18600,18664,9014,12113,22127,49099,38807,23923,12084,1238,318,1786,3514,15974,17184,3852,133,875,17889,11430,87,611,509,13193,1301,480,9420
979,1660,979.339592166605,99794,259,137,155,49,82275,45678,1.2821712728220134,132,72,18655,18597,18561,8961,12237,22183,49099,38807,24067,12263,1237,318,1769,3514,15907,17276,3848,134,876,17768,11351,87,599,519,13297,1317,488,9489
980,1660,980.3530483831394,99794,261,122,155,49,82316,45692,1.2827224081608113,121,73,18662,18586,18442,8922,12358,22247,49099,38807,24209,12441,1237,318,1761,3520,15837,17369,3840,134,886,17647,11263,87,596,521,13400,1325,498,9555
981,1660,981.3665533437345,99794,248,117,155,49,82340,45708,1.2831232338617553,126,76,18666,18631,18324,8856,12480,22270,49099,38807,24348,12617,1235,317,1751,3522,15753,17477,3838,136,896,17531,11179,87,591,525,13495,1335,501,9625
982,1660,982.3801180584612,99794,248,122,155,49,82377,45731,1.2837244724131711,114,70,18702,18640,18180,8804,12600,22314,49099,38807,24485,12792,1234,317,1739,3520,15671,17585,3836,137,902,17411,11107,86,588,527,13599,1343,506,9686
983,1660,983.3922394060017,99794,246,116,155,49,82407,45744,1.284155360041686,115,65,18695,18657,18074,8754,12714,22358,49099,38807,24620,12966,1233,317,1725,3515,15586,17686,3834,138,909,17306,11024,86,583,532,13696,1356,516,9752
984,1660,984.40387637882,99794,240,114,155,49,82436,45757,1.284576227027677,119,65,18685,18674,17959,8698,12841,22399,49099,38807,24752,13139,1232,317,1711,3514,15520,17775,3830,139,912,17188,10962,86,581,534,13798,1368,526,9801
985,1660,985.4163712139367,99794,241,118,155,49,82469,45778,1.2851173417239514,117,67,18700,18692,17829,8649,12957,22424,49099,38807,24882,13311,1231,316,1698,3513,15456,17860,3829,140,917,17072,10888,86,579,535,13900,1378,535,9861
986,1660,986.4286213440503,99794,238,110,155,49,82492,45792,1.2854881054973244,129,70,18711,18728,17707,8594,13059,22448,49099,38807,25010,13481,1230,316,1683,3514,15378,17949,3826,141,922,16973,10812,86,575,539,13990,1393,549,9918
987,1660,987.4400279795212,99794,245,106,155,49,82523,45805,1.2859290137683628,125,75,18719,18750,17587,8531,13168,22488,49099,38807,25136,13650,1230,316,1672,3509,15295,18051,3825,141,929,16879,10745,86,570,544,14072,1403,556,9971
988,1660,988.4508591997677,99794,242,109,155,49,82552,45822,1.2863899633244484,120,72,18729,18787,17469,8464,13284,22518,49099,38807,25260,13818,1228,316,1664,3512,15197,18161,3821,143,933,16770,10677,86,568,546,14172,1409,562,10029
989,1660,989.4615080983604,99794,225,108,155,49,82582,45835,1.286820850952963,118,75,18735,18803,17381,8418,13385,22546,49099,38807,25381,13984,1228,316,1657,3512,15117,18259,3815,143,937,16661,10612,86,564,550,14271,1414,570,10082
990,1660,990.4717892776122,99794,227,114,155,49,82614,45853,1.287321883079143,106,72,18756,18850,17266,8357,13489,22557,49099,38807,25500,14149,1228,316,1648,3511,15045,18347,3813,143,943,16550,10539,86,562,552,14370,1422,578,10141
991,1660,991.4810487629074,99794,221,109,155,49,82646,45869,1.2878028739202758,108,72,18753,18884,17166,8303,13596,22582,49099,38807,25617,14312,1226,316,1643,3508,14967,18451,3810,145,943,16452,10478,86,560,554,14450,1427,587,10191
992,1660,992.4901664000809,99794,206,109,155,49,82663,45888,1.2881636170511253,120,69,18773,18918,17044,8242,13701,22612,49099,38807,25732,14474,1225,316,1634,3509,14897,18547,3807,146,944,16353,10407,86,553,559,14528,1435,597,10251
993,1660,993.4990686936866,99794,209,121,155,49,82696,45910,1.2887147523899232,116,61,18770,18945,16937,8190,13812,22633,49099,38807,25845,14634,1223,316,1627,3509,14830,18628,3803,148,947,16259,10343,85,552,560,14613,1442,600,10309
994,1660,994.0027192601395,99794,206,123,155,49,82706,45919,1.2889051445978716,121,58,18741,18911,16840,8160,13936,22698,49099,38807,25956,14793,1221,315,1617,3509,14753,18709,3801,150,946,16177,10279,85,550,562,14694,1452,608,10366
995,1660,995.0130584239828,99794,188,122,155,49,82728,45934,1.2892759083712448,128,65,18757,18932,16739,8130,14032,22701,49099,38807,26065,14950,1221,315,1608,3509,14694,18794,3795,150,948,16088,10205,85,549,563,14763,1461,616,10430
996,1660,996.022633431279,99794,198,121,155,49,82759,45953,1.2897769404974246,133,55,18765,18977,16610,8079,14138,22718,49099,38807,26172,15106,1219,315,1603,3507,14603,18904,3795,152,945,16015,10135,85,544,568,14822,1464,629,10489
997,1660,997.0313924143009,99794,198,116,155,49,82783,45966,1.2901477042707978,138,54,18774,19013,16507,8039,14227,22728,49099,38807,26278,15260,1218,315,1596,3509,14543,18979,3790,153,948,15922,10066,85,540,571,14904,1471,638,10546
998,1660,998.0398345321631,99794,200,116,155,49,82821,45982,1.2906888189670722,131,52,18818,19077,16396,7982,14299,22723,49099,38807,26382,15412,1217,315,1588,3512,14483,19060,3786,154,953,15822,9996,84,535,574,14990,1477,648,10600
999,1660,999.0464680918276,99794,203,116,155,49,82855,45992,1.2911297272381106,127,55,18830,19108,16299,7926,14385,22745,49099,38807,26484,15563,1215,314,1580,3516,14418,19138,3780,156,952,15742,9928,84,531,578,15062,1483,657,10660
1000,1660,1000.0518377022911,99794,194,114,155,49,82882,46007,1.2915505942241017,137,50,18843,19151,16196,7890,14474,22745,49099,38807,26584,15712,1213,313,1569,3515,14369,19214,3780,158,954,15640,9877,84,525,582,15144,1491,664,10702
1001,1660,1001.0564098139351,99794,204,111,155,49,82922,46018,1.2920616469928052,123,55,18877,19197,16092,7842,14548,22745,49099,38807,26682,15859,1212,312,1559,3516,14329,19273,3776,159,959,15542,9813,84,517,589,15229,1500,673,10752
1002,1660,1002.0598878152155,99794,212,110,155,49,82954,46036,1.292562679118985,120,55,18878,19234,15999,7797,14635,22754,49099,38807,26779,16005,1211,312,1555,3512,14267,19352,3776,159,956,15444,9768,84,516,590,15316,1503,689,10784
1003,1660,1003.0626703580059,99794,215,117,155,49,82993,46059,1.2931839589554481,107,51,18903,19263,15907,7750,14712,22769,49099,38807,26874,16149,1211,312,1543,3517,14205,19433,3770,159,959,15348,9722,84,514,592,15396,1513,701,10815
1004,1660,1004.0648775725004,99794,210,117,155,49,83019,46077,1.2936248672264865,97,45,18936,19297,15809,7712,14792,22779,49099,38807,26967,16291,1210,311,1534,3516,14148,19505,3767,160,966,15260,9664,84,510,596,15476,1522,710,10855
1005,1660,1005.0652775131613,99794,213,101,155,49,83054,46083,1.294035713569954,105,49,18943,19336,15706,7674,14877,22790,49099,38807,27059,16432,1207,311,1530,3515,14084,19588,3764,163,975,15164,9606,84,505,600,15559,1525,720,10894
1006,1660,1006.0648893590497,99794,196,103,155,49,83069,46103,1.29438643605828,109,49,18967,19381,15620,7635,14952,22782,49099,38807,27149,16571,1207,311,1522,3514,14023,19671,3762,163,984,15076,9554,84,505,600,15630,1533,729,10926
1007,1660,1007.0635282569397,99794,188,99,155,49,83091,46120,1.2947772411167005,112,43,18999,19418,15523,7601,15022,22789,49099,38807,27237,16708,1207,311,1506,3514,13961,19754,3759,163,990,15004,9499,84,505,599,15688,1547,736,10967
1008,1660,1008.0610710768154,99794,175,98,155,49,83114,46131,1.2951179429625028,108,43,19011,19467,15450,7551,15100,22791,49099,38807,27324,16844,1206,311,1495,3521,13911,19824,3751,164,991,14918,9444,84,500,603,15758,1557,743,11013
1009,1660,1009.0577577530682,99794,178,97,155,49,83142,46142,1.295508748020923,97,44,19032,19505,15348,7510,15189,22794,49099,38807,27409,16978,1205,309,1487,3523,13857,19893,3748,165,991,14848,9384,84,498,604,15818,1564,750,11066
1010,1660,1010.0535071331084,99794,168,98,155,49,83164,46155,1.295859470509249,93,48,19063,19540,15266,7469,15254,22795,49099,38807,27493,17110,1202,309,1480,3518,13788,19980,3747,168,993,14777,9336,84,495,606,15880,1569,758,11104
1011,1660,1011.0482193875159,99794,165,100,155,49,83187,46171,1.2962502755676695,90,49,19074,19589,15198,7431,15317,22781,49099,38807,27575,17240,1202,309,1471,3517,13741,20049,3745,168,989,14690,9290,84,493,608,15953,1574,768,11143
1012,1660,1012.0418860686458,99794,156,93,155,49,83209,46179,1.2965508948433773,89,47,19102,19631,15113,7390,15384,22789,49099,38807,27656,17369,1201,308,1462,3519,13682,20124,3742,169,992,14619,9240,84,491,610,16013,1580,778,11180
1013,1660,1013.0343742640257,99794,161,91,155,49,83235,46192,1.2969416999017978,82,44,19128,19691,15022,7355,15451,22769,49099,38807,27736,17496,1199,308,1456,3517,13628,20192,3741,170,990,14539,9201,84,490,611,16085,1585,785,11213
1014,1660,1014.0256060132658,99794,156,97,155,49,83253,46208,1.2972824017476001,84,43,19140,19727,14945,7319,15519,22764,49099,38807,27814,17621,1198,307,1449,3520,13574,20260,3738,171,993,14464,9154,84,489,612,16150,1589,792,11250
1015,1660,1015.016102491392,99794,156,85,155,49,83273,46216,1.2975629797382608,78,49,19154,19785,14870,7280,15586,22751,49099,38807,27891,17745,1198,307,1440,3518,13529,20325,3735,171,991,14391,9113,84,486,615,16209,1597,802,11283
1016,1660,1016.0060115900621,99794,151,85,155,49,83289,46228,1.2978435577289216,74,47,19179,19825,14792,7255,15648,22738,49099,38807,27967,17867,1196,307,1426,3519,13483,20380,3732,173,991,14324,9071,84,484,617,16270,1611,810,11316
1017,1660,1017.488662840506,99794,150,87,155,49,83316,46249,1.2983245485700543,76,40,19226,19919,14706,7217,15686,22687,49099,38807,28041,17987,1194,307,1417,3519,13435,20441,3731,175,997,14252,9015,84,482,617,16332,1620,819,11357
1018,1660,1018.4748231545112,99794,151,88,155,49,83334,46260,1.2986151472032386,81,39,19238,19970,14630,7184,15744,22669,49099,38807,28114,18106,1193,306,1408,3521,13386,20502,3728,176,997,14185,8972,84,479,620,16389,1629,825,11394
1019,1660,1019.4606113500741,99794,141,81,155,49,83347,46269,1.2988356013387579,86,45,19270,20015,14550,7146,15797,22663,49099,38807,28186,18223,1193,306,1400,3523,13334,20569,3724,176,1003,14121,8923,84,475,623,16443,1635,829,11433
1020,1660,1020.4451432779773,99794,152,77,155,49,83367,46279,1.2991362206144659,77,43,19301,20076,14461,7119,15853,22635,49099,38807,28256,18338,1193,306,1394,3524,13285,20629,3723,176,1006,14045,8886,84,473,624,16511,1640,835,11460
1021,1660,1021.4281267044055,99794,167,71,155,49,83391,46289,1.2994769224602682,82,41,19328,20111,14367,7096,15900,22631,49099,38807,28325,18452,1193,306,1389,3525,13238,20687,3721,176,1006,13977,8845,84,472,625,16569,1645,842,11494
1022,1660,1022.4093056830893,99794,156,71,155,49,83400,46300,1.29967733531074,93,37,19353,20175,14288,7067,15954,22600,49099,38807,28393,18564,1190,305,1383,3528,13191,20744,3719,179,1009,13913,8802,84,467,630,16627,1647,844,11532
1023,1660,1023.3889414071406,99794,156,66,155,49,83418,46306,1.2999178307313064,93,37,19381,20243,14217,7024,15997,22580,49099,38807,28460,18674,1190,305,1379,3527,13140,20805,3718,179,1010,13850,8763,84,462,635,16683,1650,853,11561
1024,1660,1024.3675626349916,99794,158,70,155,49,83442,46318,1.300278573862156,84,30,19424,20300,14129,6979,16049,22571,49099,38807,28526,18783,1190,305,1374,3525,13104,20856,3718,179,1007,13782,8727,84,462,635,16739,1654,859,11594
1025,1660,1025.3442055368723,99794,154,73,155,49,83459,46328,1.3005491312102933,87,31,19446,20354,14057,6941,16100,22551,49099,38807,28591,18890,1189,305,1370,3524,13059,20914,3717,180,1006,13721,8688,84,461,636,16790,1657,868,11625
1026,1660,1026.3195954011946,99794,165,72,155,49,83489,46338,1.300949956911237,77,25,19464,20390,13982,6916,16156,22547,49099,38807,28655,18996,1189,305,1365,3521,13013,20971,3715,180,996,13665,8651,84,461,636,16841,1662,882,11657
1027,1660,1027.2939727173462,99793,161,71,156,49,83506,46343,1.3011834497409638,85,24,19487,20430,13905,6884,16205,22541,49099,38807,28717,19100,1189,305,1359,3521,12975,21019,3713,180,993,13609,8608,84,460,637,16891,1666,890,11694
1028,1660,1028.267088679107,99793,157,68,156,49,83525,46347,1.301413926828535,82,26,19508,20478,13844,6850,16252,22528,49099,38807,28778,19202,1189,304,1356,3520,12923,21079,3712,180,992,13541,8580,84,459,638,16954,1669,900,11713
1029,1660,1029.2393832779997,99793,168,65,156,49,83555,46352,1.301764652831361,68,34,19536,20525,13784,6823,16287,22503,49099,38807,28838,19303,1189,303,1347,3521,12881,21131,3710,180,994,13485,8547,84,455,642,17003,1677,903,11741
1030,1660,1030.2104131139788,99793,164,62,156,49,83575,46360,1.3020452336336217,60,30,19575,20599,13718,6793,16326,22466,49099,38807,28897,19402,1187,303,1340,3525,12830,21192,3704,182,998,13428,8514,84,454,643,17053,1683,907,11766
1031,1660,1031.1797386730502,99793,154,49,156,49,83587,46363,1.3021955447776898,68,38,19601,20660,13658,6773,16362,22430,49099,38807,28955,19500,1185,303,1337,3526,12789,21244,3702,184,1001,13367,8480,84,452,644,17105,1686,915,11789
1032,1660,1032.1478099733645,99793,145,47,156,49,83602,46371,1.302426021865261,70,36,19638,20723,13592,6753,16398,22391,49099,38807,29012,19596,1185,302,1333,3530,12748,21296,3696,184,1002,13319,8438,84,451,644,17148,1690,920,11823
1033,1660,1033.1143733225704,99793,151,47,156,49,83619,46380,1.302686561181646,66,37,19675,20791,13517,6726,16434,22349,49099,38807,29068,19691,1185,302,1327,3529,12699,21351,3696,184,1003,13264,8413,84,447,648,17199,1695,929,11838
1034,1660,1034.0790458270162,99793,150,43,156,49,83636,46382,1.3028769552974657,67,46,19719,20821,13451,6713,16456,22327,49099,38807,29123,19785,1184,302,1322,3528,12653,21405,3694,185,1000,13218,8378,84,446,649,17240,1700,934,11871
1035,1660,1035.0417119195383,99793,141,50,156,49,83650,46391,1.3031074323850371,66,44,19773,20884,13373,6677,16490,22295,49099,38807,29177,19877,1182,302,1318,3526,12618,21454,3692,187,998,13167,8347,84,445,650,17284,1701,938,11900
1036,1660,1036.0017110437961,99792,140,49,157,49,83666,46401,1.3033810325476993,58,42,19792,20936,13321,6651,16531,22272,49099,38807,29231,19968,1180,302,1313,3528,12580,21503,3690,188,998,13114,8317,84,441,653,17330,1703,943,11925
1037,1660,1037.4392202904305,99792,132,51,157,49,83687,46417,1.3037518037518037,52,48,19865,21019,13243,6616,16550,22216,49099,38807,29284,20057,1177,301,1309,3533,12540,21557,3684,190,999,13063,8291,84,441,653,17371,1707,951,11941
1038,1660,1038.3947660297692,99792,126,56,157,49,83698,46428,1.3039722623055956,55,43,19907,21078,13178,6575,16576,22198,49099,38807,29336,20145,1177,299,1308,3534,12497,21612,3684,190,996,13007,8267,84,440,652,17419,1707,959,11960
1039,1660,1039.348494894217,99792,123,61,157,49,83708,46442,1.304212762546096,53,34,19937,21133,13126,6545,16603,22177,49099,38807,29387,20231,1174,299,1304,3532,12466,21652,3683,193,995,12959,8234,84,439,653,17462,1710,967,11986
1040,1660,1040.3008913538688,99792,129,60,157,49,83725,46446,1.3044232002565337,49,38,19976,21187,13064,6511,16624,22154,49099,38807,29437,20316,1173,299,1302,3530,12427,21697,3683,193,997,12923,8199,84,431,661,17495,1712,968,12018
1041,1660,1041.2513197461824,99792,123,65,157,49,83735,46459,1.3046536796536796,53,31,20004,21225,13001,6497,16661,22132,49099,38807,29486,20400,1171,297,1300,3531,12401,21733,3681,195,1000,12870,8160,84,431,661,17542,1714,969,12052
1042,1660,1042.2004193688965,99792,113,61,157,49,83749,46463,1.304834054834055,49,35,20050,21287,12943,6460,16687,22107,49099,38807,29534,20482,1169,297,1299,3531,12362,21784,3678,197,1000,12829,8140,84,429,663,17575,1715,975,12065
1043,1660,1043.147520017426,99792,116,57,157,49,83760,46469,1.3050044091710757,55,38,20094,21344,12869,6430,16708,22081,49099,38807,29582,20563,1169,297,1294,3532,12323,21828,3677,197,1001,12777,8115,84,428,664,17623,1720,979,12084
1044,1660,1044.0928055028523,99792,114,64,157,49,83775,46480,1.3052649510982843,56,39,20126,21405,12823,6394,16723,22048,49099,38807,29629,20643,1169,297,1289,3530,12296,21867,3676,197,1001,12728,8085,84,425,667,17665,1724,981,12111
1045,1660,1045.036149421925,99792,118,65,157,49,83791,46493,1.3055555555555556,58,30,20166,21455,12751,6373,16749,22027,49099,38807,29675,20722,1169,297,1284,3531,12261,21912,3674,197,999,12694,8057,84,423,669,17692,1728,988,12133
1046,1660,1046.4479676225399,99792,121,72,157,49,83818,46512,1.3060165143498477,50,29,20240,21539,12691,6342,16740,21968,49099,38807,29720,20799,1168,297,1280,3533,12228,21960,3669,198,1000,12645,8033,84,421,671,17731,1731,994,12149
1047,1660,1047.386237363516,99792,114,67,157,49,83826,46516,1.3061367644700979,56,30,20265,21593,12642,6318,16765,21942,49099,38807,29765,20875,1167,297,1275,3536,12196,22001,3666,199,998,12606,8011,84,419,673,17763,1734,999,12168
1048,1660,1048.3233059449578,99792,114,63,157,49,83838,46521,1.306307118807119,60,34,20312,21665,12580,6288,16776,21900,49099,38807,29809,20950,1167,297,1274,3538,12155,22049,3663,199,998,12567,7989,84,419,673,17797,1735,1001,12187
1049,1660,1049.2582949014677,99792,108,62,157,49,83853,46527,1.3065175565175564,59,36,20359,21712,12529,6263,16787,21877,49099,38807,29852,21024,1166,297,1272,3538,12126,22089,3662,200,999,12526,7961,84,418,673,17829,1737,1006,12209
1050,1660,1050.1911258169116,99792,100,69,157,49,83862,46540,1.3067380150713483,59,31,20388,21762,12487,6241,16808,21847,49099,38807,29895,21097,1165,297,1267,3539,12099,22125,3659,201,1000,12485,7936,84,418,673,17864,1741,1010,12229
1051,1660,1051.122477993047,99792,98,63,157,49,83876,46549,1.3069684944684945,64,31,20420,21799,12441,6220,16819,21837,49099,38807,29937,21168,1165,297,1261,3539,12079,22155,3658,201,1003,12442,7904,84,418,673,17899,1746,1019,12249
1052,1660,1052.0521845534156,99792,101,64,157,49,83889,46556,1.307168911335578,62,34,20474,21848,12379,6197,16826,21807,49099,38807,29978,21238,1165,297,1257,3538,12049,22195,3657,201,1001,12398,7883,84,418,673,17936,1749,1023,12268
1053,1660,1053.4429106947625,99792,109,60,157,49,83916,46565,1.3075296616963283,60,36,20563,21947,12308,6169,16802,21738,49099,38807,30018,21307,1164,297,1248,3537,12027,22231,3656,202,1004,12356,7858,84,413,677,17967,1758,1028,12285
1054,1660,1054.3664797958759,99792,114,53,157,49,83932,46572,1.3077601410934745,58,36,20606,22010,12242,6160,16822,21691,49099,38807,30058,21375,1161,297,1241,3537,12001,22266,3654,205,1006,12318,7834,84,412,678,17998,1765,1034,12301
1055,1660,1055.288107343288,99792,112,54,157,49,83945,46580,1.3079705788039122,54,36,20666,22080,12172,6139,16838,21641,49099,38807,30097,21442,1160,297,1236,3538,11960,22314,3652,206,1002,12285,7815,84,410,680,18027,1769,1041,12316
1056,1660,1056.2075194282777,99792,105,56,157,49,83956,46588,1.3081609748276415,58,34,20715,22128,12120,6114,16844,21618,49099,38807,30136,21508,1160,297,1229,3540,11943,22344,3649,205,1003,12246,7790,84,409,681,18056,1775,1045,12336
1057,1660,1057.124363760456,99792,104,53,157,49,83969,46595,1.308361391694725,54,34,20754,22179,12068,6093,16862,21591,49099,38807,30174,21573,1158,296,1226,3539,11918,22379,3647,207,1002,12208,7765,84,407,683,18088,1778,1051,12356
1058,1660,1058.039401708377,99791,104,47,157,50,83981,46599,1.308534837811025,49,42,20820,22235,12001,6064,16868,21561,49099,38807,30211,21637,1157,296,1219,3539,11888,22416,3646,208,1003,12176,7744,84,407,682,18115,1784,1056,12371
1059,1660,1059.40760914949,99791,95,53,157,50,83993,46615,1.3088154242366545,49,37,20905,22312,11946,6036,16847,21511,49099,38807,30248,21700,1155,296,1218,3537,11868,22447,3644,210,1003,12132,7724,84,405,684,18152,1785,1064,12383
1060,1660,1060.3165124773523,99791,92,50,157,50,84005,46619,1.3089757593370144,45,36,20937,22357,11910,6020,16858,21486,49099,38807,30284,21762,1154,296,1217,3539,11844,22479,3641,211,1003,12095,7698,84,405,684,18183,1785,1070,12403
1061,1660,1061.2238222564365,99791,84,48,157,50,84012,46623,1.3090859897185116,44,38,20998,22409,11858,6001,16858,21453,49099,38807,30320,21823,1153,296,1215,3539,11827,22507,3639,212,1002,12056,7675,84,404,685,18215,1785,1074,12423
1062,1660,1062.1289775128503,99791,92,49,157,50,84027,46631,1.3093164714252787,34,39,21061,22456,11810,5973,16845,21432,49099,38807,30355,21883,1152,296,1212,3540,11805,22534,3638,212,1001,12020,7657,84,403,685,18249,1787,1080,12436
1063,1660,1063.031521785383,99791,78,49,157,50,84029,46638,1.309406659919231,40,36,21105,22540,11766,5953,16853,21371,49099,38807,30390,21942,1152,296,1206,3541,11787,22562,3637,212,1001,11985,7635,83,402,686,18276,1792,1084,12454
1064,1660,1064.3815307333243,99791,74,50,157,50,84043,46649,1.3096571835135433,36,30,21169,22634,11719,5927,16844,21308,49099,38807,30424,22000,1152,295,1206,3541,11762,22596,3636,212,1005,11953,7605,83,402,686,18301,1792,1087,12477
1065,1660,1065.2794199352734,99791,69,48,157,50,84048,46656,1.3097774348388131,35,28,21220,22710,11672,5903,16846,21260,49099,38807,30457,22057,1152,295,1205,3543,11741,22623,3634,212,1004,11915,7586,83,402,686,18334,1793,1091,12492
1066,1660,1066.1753082797402,99791,71,49,157,50,84057,46660,1.3099077071078553,36,26,21273,22755,11613,5885,16849,21234,49099,38807,30490,22113,1151,295,1202,3540,11725,22645,3634,213,1003,11872,7575,83,402,686,18374,1796,1093,12502
1067,1660,1067.0688694784565,99791,69,43,157,50,84068,46664,1.3100580212644426,31,24,21333,22814,11560,5870,16849,21198,49099,38807,30522,22168,1149,295,1200,3543,11695,22683,3631,215,999,11841,7561,83,401,687,18400,1797,1097,12514
1068,1660,1068.4048955603275,99791,63,48,157,50,84074,46673,1.3102083354210299,40,25,21423,22908,11494,5838,16822,21130,49099,38807,30554,22222,1149,295,1198,3542,11667,22719,3630,215,995,11815,7542,83,401,687,18420,1799,1103,12531
1069,1660,1069.2924312953094,99791,65,50,157,50,84085,46681,1.3103987333527072,39,21,21466,22967,11446,5818,16826,21093,49099,38807,30585,22275,1149,295,1193,3540,11645,22747,3630,215,998,11783,7526,83,401,687,18449,1803,1105,12542
1070,1660,1070.1777746384257,99791,69,49,157,50,84095,46684,1.3105290056217496,42,24,21534,23013,11388,5800,16809,21063,49099,38807,30616,22327,1149,295,1192,3539,11619,22778,3630,215,996,11760,7512,83,400,688,18470,1803,1108,12554
1071,1660,1071.0607247733014,99791,71,46,157,50,84106,46688,1.3106793197783366,34,23,21582,23083,11339,5778,16816,21019,49099,38807,30647,22379,1149,295,1187,3538,11590,22811,3630,215,999,11736,7492,83,400,688,18492,1807,1113,12566
1072,1660,1072.0714201623575,99791,66,43,157,50,84113,46694,1.310809592047379,31,23,21647,23160,11297,5750,16801,20973,49099,38807,30677,22430,1149,295,1185,3538,11570,22837,3629,215,1002,11701,7477,83,399,688,18523,1809,1118,12573
1073,1660,1073.3881407481783,99791,70,43,157,50,84126,46699,1.3109899690352838,30,26,21734,23252,11233,5715,16775,20913,49099,38807,30707,22480,1149,295,1182,3537,11547,22866,3628,215,1002,11668,7464,83,398,689,18552,1812,1121,12583
1074,1660,1074.2628821747337,99791,72,50,157,50,84133,46709,1.311160325079416,27,20,21774,23299,11197,5694,16772,20886,49099,38807,30736,22529,1149,295,1180,3538,11519,22899,3627,215,1002,11643,7451,83,395,692,18572,1814,1121,12596
1075,1660,1075.0063149227542,99791,72,48,157,50,84142,46715,1.3113106392360032,24,18,21801,23340,11162,5681,16783,20862,49099,38807,30765,22577,1147,295,1174,3540,11498,22925,3625,217,1003,11612,7441,83,393,694,18598,1820,1126,12600
1076,1660,1076.3452146375166,99791,63,41,157,50,84152,46719,1.311450932448818,26,28,21886,23442,11118,5650,16749,20788,49099,38807,30793,22625,1147,295,1171,3543,11476,22957,3622,217,1006,11579,7428,83,392,694,18624,1821,1132,12604
1077,1660,1077.213967218096,99791,68,42,157,50,84164,46724,1.3116212884929503,23,29,21913,23509,11084,5623,16754,20746,49099,38807,30821,22672,1146,295,1170,3541,11452,22987,3622,218,1006,11550,7419,83,391,695,18650,1821,1133,12612
1078,1660,1078.0815168018833,99791,64,42,157,50,84168,46728,1.3117014560431302,27,27,21949,23557,11050,5607,16752,20716,49099,38807,30848,22718,1146,295,1167,3541,11431,23013,3622,218,1007,11525,7407,83,390,696,18672,1823,1134,12621
1079,1660,1079.379849101518,99791,58,47,157,50,84176,46739,1.3118918539748075,29,19,22019,23620,11003,5590,16733,20673,49099,38807,30875,22763,1146,295,1165,3542,11412,23037,3620,218,1006,11498,7392,83,390,696,18695,1825,1137,12634
1080,1660,1080.4120670822472,99791,55,41,157,50,84181,46743,1.3119820424687596,29,18,22057,23668,10965,5584,16736,20638,49099,38807,30902,22808,1146,295,1158,3542,11397,23061,3619,218,1007,11473,7379,83,388,698,18712,1832,1143,12640
1081,1660,1081.3589928421407,99791,61,39,157,50,84188,46747,1.312092272850257,29,19,22118,23738,10922,5571,16712,20582,49099,38807,30928,22852,1146,295,1153,3543,11381,23078,3618,218,1005,11445,7369,83,387,699,18739,1837,1147,12648
1082,1660,1082.3388702269206,99791,63,37,157,50,84195,46751,1.3122025032317544,32,19,22162,23797,10887,5557,16698,20539,49099,38807,30954,22895,1146,295,1147,3541,11366,23100,3618,218,1004,11426,7353,83,387,699,18756,1841,1149,12662
1083,1660,1083.2285176439682,99791,70,40,157,50,84209,46758,1.3124129430509766,30,18,22237,23878,10833,5525,16672,20488,49099,38807,30979,22937,1145,295,1146,3543,11346,23125,3617,219,1003,11405,7337,82,386,699,18775,1841,1150,12677
1084,1660,1084.1591721436207,99791,76,41,157,50,84217,46763,1.312543215320019,32,17,22250,23909,10799,5514,16685,20468,49099,38807,31004,22979,1145,295,1144,3542,11326,23148,3617,219,1001,11382,7323,82,386,699,18797,1842,1154,12689
1085,1660,1085.084881217513,99791,72,33,157,50,84229,46768,1.3127135713641511,30,18,22318,23994,10758,5502,16664,20402,49099,38807,31029,23020,1145,295,1144,3546,11315,23168,3613,219,998,11359,7305,82,383,702,18811,1842,1164,12700
1086,1660,1086.0057737740067,99791,73,33,157,50,84235,46770,1.312793738914331,29,19,22351,24017,10723,5492,16666,20388,49099,38807,31053,23060,1145,295,1142,3546,11295,23190,3613,219,997,11337,7293,82,382,703,18832,1843,1167,12710
1087,1660,1087.32700629778,99791,68,34,157,50,84248,46781,1.3130342415648706,33,19,22471,24130,10672,5461,16598,20305,49099,38807,31077,23100,1144,295,1140,3549,11288,23209,3608,220,995,11307,7277,82,382,703,18854,1844,1171,12723
1088,1660,1088.0227029468494,99791,65,36,157,50,84250,46784,1.313084346283733,34,19,22487,24160,10651,5442,16605,20292,49099,38807,31101,23139,1144,295,1138,3548,11273,23226,3608,220,994,11277,7270,82,381,704,18883,1846,1173,12729
1089,1660,1089.3886534656594,99791,67,35,157,50,84267,46792,1.3133348698780452,32,21,22582,24257,10590,5422,16571,20214,49099,38807,31124,23178,1143,295,1137,3548,11259,23249,3606,221,996,11252,7253,82,380,705,18901,1847,1176,12741
1090,1660,1090.2306834484652,99791,74,34,157,50,84275,46796,1.313455121203315,30,19,22614,24279,10554,5408,16570,20209,49099,38807,31147,23216,1142,295,1133,3549,11246,23264,3606,222,994,11232,7242,81,378,707,18921,1850,1179,12750
1091,1660,1091.0059636126207,99791,68,29,157,50,84285,46800,1.3135954144161297,26,17,22694,24358,10501,5387,16553,20158,49099,38807,31170,23253,1142,295,1132,3548,11237,23290,3605,222,996,11206,7229,81,378,707,18934,1850,1181,12758
1092,1660,1092.199598182288,99791,62,26,157,50,84294,46804,1.313725686685172,23,14,22767,24428,10468,5372,16522,20109,49099,38807,31192,23290,1141,294,1129,3551,11219,23318,3603,223,995,11178,7222,81,378,707,18956,1850,1183,12763
1093,1660,1093.0116067722945,99791,60,25,157,50,84299,46806,1.3137958332915793,24,15,22814,24488,10432,5345,16512,20076,49099,38807,31214,23326,1141,294,1126,3550,11211,23330,3602,223,993,11152,7212,81,377,708,18980,1853,1186,12772
1094,1660,1094.2588379419533,99791,58,24,157,50,84307,46809,1.3139060636730768,22,15,22882,24562,10390,5326,16490,20022,49099,38807,31236,23362,1141,294,1125,3551,11194,23352,3600,223,993,11130,7201,81,376,709,18998,1854,1187,12782
