,indexID,time,N,Inf_L,Inf_H,Dead_L,Dead_H,cum_cases_L,cum_cases_H,cum_sum_per_N,Exposed_L,Exposed_H,Sus_L,Sus_H,Rec_nat_L,Rec_nat_H,Rec_vax_L,Rec_vax_H,vaccinatedH,vaccinatedL,boostedH,boostedL,count_Naive,count_Delta,count_Delta_vaccine,count_two,count_three,count_four,count_Omicron,count_Omicron_star,count_Omicron_star_vaccine,count_Omicron_vaccine,count_Vaccine,count_WT,count_WT_vaccine,count_WT_vaccine_boost,count_Omicron_vaccine_boost,count_Delta_vaccine_boost,count_Omicron_star_vaccine_boost,count_Vaccine_boost
0,1550,1.2571291454047657,99996,3,8,0,0,3,8,0.00011000440017600704,22,17,49973,49973,0,0,0,0,0,0,0,0,99996,0,0,0,0,0,0,0,0,0,0,0,0,0,0,0,0,0
1,1550,2.0751621881725324,99996,11,12,0,0,13,13,0.00026001040041601667,12,14,49973,49971,2,1,0,0,0,0,0,0,99993,0,0,0,0,0,0,0,0,0,0,3,0,0,0,0,0,0
2,1550,3.0461367745227674,99996,12,11,0,0,16,15,0.00031001240049601984,9,12,49973,49971,4,4,0,0,0,0,0,0,99988,0,0,0,0,0,0,0,0,0,0,8,0,0,0,0,0,0
3,1550,4.0919044681031105,99996,14,13,0,0,20,17,0.00037001480059202366,7,13,49971,49968,6,4,0,0,0,0,0,0,99986,0,0,0,0,0,0,0,0,0,0,10,0,0,0,0,0,0
4,1550,5.0421354340157984,99996,15,13,0,0,24,20,0.00044001760070402814,8,11,49966,49967,9,7,0,0,0,0,0,0,99980,0,0,0,0,0,0,0,0,0,0,16,0,0,0,0,0,0
5,1550,6.001291037784412,99996,13,13,0,0,28,26,0.0005400216008640345,6,7,49964,49965,15,13,0,0,0,0,0,0,99968,0,0,0,0,0,0,0,0,0,0,28,0,0,0,0,0,0
6,1550,7.02515811751798,99996,13,12,0,0,29,26,0.0005500220008800352,6,8,49963,49964,16,14,0,0,0,0,0,0,99966,0,0,0,0,0,0,0,0,0,0,30,0,0,0,0,0,0
7,1550,8.01250734809868,99996,14,13,0,0,30,27,0.0005700228009120365,7,8,49961,49963,16,14,0,0,0,0,0,0,99966,0,0,0,0,0,0,0,0,0,0,30,0,0,0,0,0,0
8,1550,9.02910833888928,99996,15,15,0,0,34,30,0.000640025601024041,6,6,49959,49962,18,15,0,0,0,0,0,0,99962,0,0,0,0,0,0,0,0,0,0,34,0,0,0,0,0,0
9,1550,10.03077928828531,99996,14,14,0,0,35,31,0.0006600264010560422,7,7,49957,49960,20,17,0,0,0,0,0,0,99958,0,0,0,0,0,0,0,0,0,0,38,0,0,0,0,0,0
10,1550,11.246789787845266,99996,10,9,0,0,37,31,0.0006800272010880435,9,8,49953,49959,26,22,0,0,0,0,0,0,99947,0,0,0,0,0,0,0,0,0,0,49,0,0,0,0,0,0
11,1550,12.153857674306511,99996,13,14,0,0,40,36,0.0007600304012160486,7,3,49952,49959,26,22,0,0,0,0,0,0,99947,0,0,0,0,0,0,0,0,0,0,49,0,0,0,0,0,0
12,1550,13.05232349200637,99996,12,12,0,0,41,37,0.00078003120124805,7,2,49952,49959,27,25,0,0,0,0,0,0,99942,0,0,0,0,0,0,0,0,0,0,54,0,0,0,0,0,0
13,1550,14.02459058712244,99996,12,12,0,0,42,39,0.0008100324012960519,9,2,49949,49958,28,26,0,0,0,0,0,0,99939,0,0,0,0,0,0,0,0,0,0,57,0,0,0,0,0,0
14,1550,15.074641186951217,99996,13,11,0,0,46,41,0.0008700348013920557,10,2,49945,49956,30,29,0,0,0,0,0,0,99933,0,0,0,0,0,0,0,0,0,0,63,0,0,0,0,0,0
15,1550,16.108136133741038,99996,15,9,0,0,49,41,0.0009000360014400576,11,3,49941,49955,31,31,0,0,0,0,0,0,99930,0,0,0,0,0,0,0,0,0,0,66,0,0,0,0,0,0
16,1550,17.04000994679293,99996,18,8,0,0,52,41,0.0009300372014880595,9,4,49940,49954,31,32,0,0,0,0,0,0,99929,0,0,0,0,0,0,0,0,0,0,67,0,0,0,0,0,0
17,1550,18.279127661222727,99996,21,8,0,0,55,41,0.0009600384015360614,7,7,49939,49952,31,31,0,0,0,0,0,0,99929,0,0,0,0,0,0,0,0,0,0,67,0,0,0,0,0,0
18,1550,19.078518714453487,99996,22,10,0,0,57,43,0.001000040001600064,7,5,49937,49952,32,31,0,0,0,0,0,0,99928,0,0,0,0,0,0,0,0,0,0,68,0,0,0,0,0,0
19,1550,20.19598841623211,99996,21,11,0,0,61,45,0.0010600424016960679,5,7,49935,49948,37,32,0,0,0,0,0,0,99922,0,0,0,0,0,0,0,0,0,0,74,0,0,0,0,0,0
20,1550,21.138340704282022,99996,20,10,0,0,64,46,0.0011000440017600705,5,7,49932,49948,41,33,0,0,0,0,0,0,99916,0,0,0,0,0,0,0,0,0,0,80,0,0,0,0,0,0
21,1550,22.128213853143176,99996,22,11,0,0,68,47,0.0011500460018400735,3,7,49930,49947,43,33,0,0,0,0,0,0,99914,0,0,0,0,0,0,0,0,0,0,82,0,0,0,0,0,0
22,1550,23.074879134959986,99996,20,11,0,0,70,48,0.0011800472018880755,9,9,49922,49945,47,33,0,0,0,0,0,0,99909,0,0,0,0,0,0,0,0,0,0,87,0,0,0,0,0,0
23,1550,24.255304920376016,99996,18,11,0,0,71,48,0.0011900476019040761,9,9,49921,49945,50,33,0,0,0,0,0,0,99906,0,0,0,0,0,0,0,0,0,0,90,0,0,0,0,0,0
24,1550,25.049845744161484,99996,19,11,0,0,72,49,0.0012100484019360775,10,8,49919,49945,50,34,0,0,0,0,0,0,99905,0,0,0,0,0,0,0,0,0,0,91,0,0,0,0,0,0
25,1550,26.002865538327836,99996,21,11,0,0,78,50,0.001280051202048082,8,7,49915,49946,54,34,0,0,0,0,0,0,99900,0,0,0,0,0,0,0,0,0,0,96,0,0,0,0,0,0
26,1550,27.047880579074743,99996,17,10,0,0,80,53,0.0013300532021280852,8,6,49914,49944,59,38,0,0,0,0,0,0,99890,0,0,0,0,0,0,0,0,0,0,106,0,0,0,0,0,0
27,1550,28.06070301521472,99996,15,11,0,0,80,56,0.001360054402176087,9,3,49913,49944,61,40,0,0,0,0,0,0,99886,0,0,0,0,0,0,0,0,0,0,110,0,0,0,0,0,0
28,1550,29.01761478699215,99996,12,10,0,0,82,56,0.0013800552022080884,10,3,49910,49944,66,41,0,0,0,0,0,0,99880,0,0,0,0,0,0,0,0,0,0,116,0,0,0,0,0,0
29,1550,30.11563238094537,99996,14,9,0,0,84,56,0.0014000560022400896,12,5,49907,49942,65,42,0,0,0,0,0,0,99879,0,0,0,0,0,0,0,0,0,0,117,0,0,0,0,0,0
30,1550,31.058926291168827,99996,15,9,0,0,88,57,0.0014500580023200928,11,6,49904,49940,68,43,0,0,0,0,0,0,99875,0,0,0,0,0,0,0,0,0,0,121,0,0,0,0,0,0
31,1550,32.011049574200015,99996,17,8,0,0,92,57,0.0014900596023840955,10,7,49902,49939,69,44,0,0,0,0,0,0,99872,0,0,0,0,0,0,0,0,0,0,124,0,0,0,0,0,0
32,1550,33.07952330952948,99996,13,10,0,0,92,60,0.0015200608024320973,14,5,49899,49938,72,45,0,0,0,0,0,0,99867,0,0,0,0,0,0,0,0,0,0,129,0,0,0,0,0,0
33,1550,34.001020311783634,99996,15,9,0,0,96,60,0.0015600624024961,11,5,49898,49938,74,46,0,0,0,0,0,0,99864,0,0,0,0,0,0,0,0,0,0,132,0,0,0,0,0,0
34,1550,35.06755856068706,99996,19,8,0,0,100,60,0.0016000640025601023,11,5,49894,49938,74,47,0,0,0,0,0,0,99863,0,0,0,0,0,0,0,0,0,0,133,0,0,0,0,0,0
35,1550,36.01227268645174,99996,22,9,0,0,104,61,0.0016500660026401055,8,5,49893,49937,75,47,0,0,0,0,0,0,99862,0,0,0,0,0,0,0,0,0,0,134,0,0,0,0,0,0
36,1550,37.053658267727215,99996,16,8,0,0,105,62,0.001670066802672107,11,4,49889,49938,82,48,0,0,0,0,0,0,99853,0,0,0,0,0,0,0,0,0,0,143,0,0,0,0,0,0
37,1550,38.06016345415637,99996,16,8,0,0,107,63,0.0017000680027201088,13,5,49886,49936,83,49,0,0,0,0,0,0,99850,0,0,0,0,0,0,0,0,0,0,146,0,0,0,0,0,0
38,1550,39.182692530140336,99996,15,7,0,0,110,63,0.0017300692027681108,10,5,49886,49936,87,50,0,0,0,0,0,0,99845,0,0,0,0,0,0,0,0,0,0,151,0,0,0,0,0,0
39,1550,40.24705243483613,99996,16,6,0,0,111,64,0.001750070002800112,13,6,49882,49934,87,52,0,0,0,0,0,0,99843,0,0,0,0,0,0,0,0,0,0,153,0,0,0,0,0,0
40,1550,41.05753248290917,99996,15,8,0,0,112,66,0.001780071202848114,15,5,49879,49933,89,52,0,0,0,0,0,0,99841,0,0,0,0,0,0,0,0,0,0,155,0,0,0,0,0,0
41,1550,42.0930287854892,99996,17,9,0,0,117,67,0.0018400736029441178,15,8,49874,49929,92,52,0,0,0,0,0,0,99838,0,0,0,0,0,0,0,0,0,0,158,0,0,0,0,0,0
42,1550,43.00409921216377,99996,18,9,0,0,119,68,0.0018700748029921196,15,8,49874,49928,91,53,0,0,0,0,0,0,99836,0,0,0,0,0,0,0,0,0,0,160,0,0,0,0,0,0
43,1550,44.02986448882274,99996,21,12,0,0,122,71,0.0019300772030881235,15,7,49871,49926,91,53,0,0,0,0,0,0,99836,0,0,0,0,0,0,0,0,0,0,160,0,0,0,0,0,0
44,1550,45.024732507561616,99996,21,14,0,0,126,75,0.0020100804032161285,17,7,49867,49923,93,54,0,0,0,0,0,0,99830,0,0,0,0,0,0,0,0,0,0,166,0,0,0,0,0,0
45,1550,46.232766510294184,99996,23,9,0,0,130,75,0.0020500820032801313,16,8,49864,49923,95,58,0,0,0,0,0,0,99823,0,0,0,0,0,0,0,0,0,0,173,0,0,0,0,0,0
46,1550,47.18533934637247,99996,21,10,0,0,133,77,0.0021000840033601345,15,10,49862,49919,100,59,0,0,0,0,0,0,99817,0,0,0,0,0,0,0,0,0,0,179,0,0,0,0,0,0
47,1550,48.020643406865595,99996,23,10,0,0,139,77,0.002160086403456138,12,15,49859,49914,104,59,0,0,0,0,0,0,99813,0,0,0,0,0,0,0,0,0,0,183,0,0,0,0,0,0
48,1550,49.209933705450005,99996,23,13,0,0,141,82,0.0022300892035681426,15,14,49855,49911,105,60,0,0,0,0,0,0,99809,0,0,0,0,0,0,0,0,0,0,187,0,0,0,0,0,0
49,1550,50.29771087462998,99996,23,13,0,0,146,85,0.002310092403696148,13,13,49852,49910,110,62,0,0,0,0,0,0,99801,0,0,0,0,0,0,0,0,0,0,195,0,0,0,0,0,0
50,1550,51.00038907953614,99996,24,12,0,0,147,86,0.002330093203728149,14,12,49851,49910,109,64,0,0,0,0,0,0,99799,0,0,0,0,0,0,0,0,0,0,197,0,0,0,0,0,0
51,1550,52.052309696989916,99996,28,11,0,0,155,91,0.0024600984039361575,9,13,49849,49905,112,69,0,0,0,0,0,0,99789,0,0,0,0,0,0,0,0,0,0,207,0,0,0,0,0,0
52,1550,53.15151752532361,99996,27,11,0,0,157,92,0.0024900996039841595,9,15,49848,49902,114,70,0,0,0,0,0,0,99785,0,0,0,0,0,0,0,0,0,0,211,0,0,0,0,0,0
53,1550,54.05842639016055,99996,25,14,0,0,157,96,0.002530101204048162,10,12,49847,49901,116,71,0,0,0,0,0,0,99782,0,0,0,0,0,0,0,0,0,0,214,0,0,0,0,0,0
54,1550,55.06201557984507,99996,25,14,0,0,161,99,0.0026001040041601664,9,14,49845,49896,119,74,0,0,0,0,0,0,99775,0,0,0,0,0,0,0,0,0,0,221,0,0,0,0,0,0
55,1550,56.11307296214521,99996,25,16,0,0,166,102,0.0026801072042881716,7,13,49842,49895,124,74,0,0,0,0,0,0,99769,0,0,0,0,0,0,0,0,0,0,227,0,0,0,0,0,0
56,1550,57.00553421898188,99996,23,14,0,0,167,105,0.002720108804352174,7,11,49841,49894,127,79,0,0,0,0,0,0,99761,0,0,0,0,0,0,0,0,0,0,235,0,0,0,0,0,0
57,1550,58.10915944184061,99996,19,17,0,0,168,108,0.002760110404416177,9,10,49838,49892,132,79,0,0,0,0,0,0,99756,0,0,0,0,0,0,0,0,0,0,240,0,0,0,0,0,0
58,1550,59.08066240403915,99996,19,16,0,0,171,111,0.0028201128045121805,11,9,49833,49890,135,83,0,0,0,0,0,0,99749,0,0,0,0,0,0,0,0,0,0,247,0,0,0,0,0,0
59,1550,60.0276253258678,99996,19,18,0,0,176,115,0.002910116404656186,10,11,49829,49886,140,83,0,0,0,0,0,0,99742,0,0,0,0,0,0,0,0,0,0,254,0,0,0,0,0,0
60,1550,61.002740794399465,99996,23,21,0,0,180,121,0.0030101204048161925,6,6,49830,49885,139,86,0,0,0,0,0,0,99739,0,0,0,0,0,0,0,0,0,0,257,0,0,0,0,0,0
61,1550,62.199282000305246,99996,20,16,0,0,181,121,0.0030201208048321933,10,10,49826,49881,142,91,0,0,0,0,0,0,99730,0,0,0,0,0,0,0,0,0,0,266,0,0,0,0,0,0
62,1550,63.31972166998171,99996,22,18,0,0,185,125,0.0031001240049601986,12,8,49821,49879,143,93,0,0,0,0,0,0,99726,0,0,0,0,0,0,0,0,0,0,270,0,0,0,0,0,0
63,1550,64.20471615767283,99996,24,15,0,0,190,127,0.003170126805072203,12,9,49816,49876,146,98,0,0,0,0,0,0,99718,0,0,0,0,0,0,0,0,0,0,278,0,0,0,0,0,0
64,1550,65.14525850291892,99996,22,13,0,0,193,128,0.0032101284051362054,12,11,49814,49874,150,100,0,0,0,0,0,0,99710,0,0,0,0,0,0,0,0,0,0,286,0,0,0,0,0,0
65,1550,66.00514695610747,99996,22,11,0,0,196,130,0.0032601304052162087,12,13,49812,49870,152,104,0,0,0,0,0,0,99703,0,0,0,0,0,0,0,0,0,0,293,0,0,0,0,0,0
66,1550,67.15693533665899,99996,23,13,0,0,200,137,0.0033701348053922155,11,7,49810,49870,154,108,0,0,0,0,0,0,99695,0,0,0,0,0,0,0,0,0,0,301,0,0,0,0,0,0
67,1550,68.01920621341165,99996,21,15,0,0,202,141,0.0034301372054882195,14,4,49805,49869,158,110,0,0,0,0,0,0,99689,0,0,0,0,0,0,0,0,0,0,307,0,0,0,0,0,0
68,1550,69.1786026782734,99996,22,13,0,0,205,143,0.0034801392055682227,17,3,49801,49869,158,113,0,0,0,0,0,0,99683,0,0,0,0,0,0,0,0,0,0,313,0,0,0,0,0,0
69,1550,70.01464724329462,99996,20,12,0,0,205,143,0.0034801392055682227,22,3,49796,49869,160,114,0,0,0,0,0,0,99680,0,0,0,0,0,0,0,0,0,0,316,0,0,0,0,0,0
70,1550,71.18910632826578,99996,25,12,0,0,214,145,0.0035901436057442296,23,3,49787,49867,163,116,0,0,0,0,0,0,99674,0,0,0,0,0,0,0,0,0,0,322,0,0,0,0,0,0
71,1550,72.19636286945186,99996,25,12,0,0,218,146,0.003640145605824233,22,3,49784,49866,167,117,0,0,0,0,0,0,99669,0,0,0,0,0,0,0,0,0,0,327,0,0,0,0,0,0
72,1550,73.06626369617344,99996,25,13,0,0,220,147,0.003670146805872235,22,4,49783,49864,168,117,0,0,0,0,0,0,99667,0,0,0,0,0,0,0,0,0,0,329,0,0,0,0,0,0
73,1550,74.0618604957514,99995,28,13,1,0,224,148,0.0037201860093004652,22,3,49779,49865,168,117,0,0,0,0,0,0,99665,0,0,0,0,0,0,0,0,0,0,330,0,0,0,0,0,0
74,1550,75.03507681582116,99995,35,13,1,0,233,150,0.0038301915095754788,21,3,49772,49863,169,119,0,0,0,0,0,0,99661,0,0,0,0,0,0,0,0,0,0,334,0,0,0,0,0,0
75,1550,76.01915371942471,99995,41,12,1,0,240,151,0.003910195509775489,18,4,49768,49861,170,121,0,0,0,0,0,0,99658,0,0,0,0,0,0,0,0,0,0,337,0,0,0,0,0,0
76,1550,77.18203581282786,99995,42,10,1,0,246,152,0.003980199009950497,23,4,49758,49862,174,122,0,0,0,0,0,0,99650,0,0,0,0,0,0,0,0,0,0,345,0,0,0,0,0,0
77,1550,78.03257719181619,99995,40,10,1,0,251,153,0.004040202010100505,22,5,49754,49860,181,123,0,0,0,0,0,0,99642,0,0,0,0,0,0,0,0,0,0,353,0,0,0,0,0,0
78,1550,79.13546018058621,99995,45,11,1,0,259,155,0.004140207010350517,19,6,49752,49858,181,123,0,0,0,0,0,0,99638,0,0,0,0,0,0,0,0,0,0,357,0,0,0,0,0,0
79,1550,80.05777659349339,99995,44,14,1,0,264,158,0.004220211010550527,20,9,49746,49852,187,123,0,0,0,0,0,0,99632,0,0,0,0,0,0,0,0,0,0,363,0,0,0,0,0,0
80,1550,81.0853168718192,99995,38,15,1,0,267,160,0.004270213510675534,20,11,49743,49848,196,124,0,0,0,0,0,0,99622,0,0,0,0,0,0,0,0,0,0,373,0,0,0,0,0,0
81,1550,82.11869647210897,99995,40,16,1,0,271,162,0.004330216510825541,19,10,49740,49847,198,125,0,0,0,0,0,0,99619,0,0,0,0,0,0,0,0,0,0,376,0,0,0,0,0,0
82,1550,83.12577625425857,99995,40,17,1,0,276,166,0.004420221011050552,23,12,49731,49841,203,128,0,0,0,0,0,0,99611,0,0,0,0,0,0,0,0,0,0,384,0,0,0,0,0,0
83,1550,84.02972409609701,99995,41,14,1,0,282,167,0.004490224511225561,20,14,49729,49839,207,131,0,0,0,0,0,0,99602,0,0,0,0,0,0,0,0,0,0,393,0,0,0,0,0,0
84,1550,85.32838779672332,99995,40,15,1,0,290,169,0.004590229511475574,16,14,49729,49837,212,132,0,0,0,0,0,0,99593,0,0,1,0,0,0,0,0,0,0,401,0,0,0,0,0,0
85,1550,86.01183748488809,99995,42,19,1,0,296,174,0.004700235011750587,16,12,49723,49835,216,132,0,0,0,0,0,0,99588,0,0,1,0,0,0,0,0,0,0,406,0,0,0,0,0,0
86,1550,87.17933274785199,99995,42,19,1,0,301,177,0.004780239011950597,20,17,49714,49828,221,134,0,0,0,0,0,0,99580,0,0,1,0,0,0,0,0,0,0,414,0,0,0,0,0,0
87,1550,88.16745188797421,99995,43,19,1,0,308,182,0.004900245012250612,20,20,49707,49820,227,139,0,0,0,0,0,0,99569,0,0,1,0,0,0,0,0,0,0,425,0,0,0,0,0,0
88,1550,89.00997856658812,99995,43,24,1,0,313,188,0.005010250512525626,23,16,49700,49818,231,140,0,0,0,0,0,0,99563,0,0,1,0,0,0,0,0,0,0,431,0,0,0,0,0,0
89,1550,90.00366236582109,99995,44,26,1,0,321,193,0.005140257012850643,20,14,49695,49815,238,143,0,0,0,0,0,0,99553,0,0,1,0,0,0,0,0,0,0,441,0,0,0,0,0,0
90,1550,91.07575799991517,99995,45,25,1,0,327,197,0.005240262013100655,22,15,49688,49810,242,148,0,0,0,0,0,0,99543,0,0,1,0,0,0,0,0,0,0,451,0,0,0,0,0,0
91,1550,92.31139474809194,99995,36,24,1,0,330,200,0.005300265013250663,30,22,49679,49800,252,152,0,0,0,0,0,0,99527,0,0,1,0,0,0,0,0,0,0,467,0,0,0,0,0,0
92,1550,93.30500647587795,99995,37,21,1,0,337,203,0.005400270013500675,29,22,49674,49797,257,158,0,0,0,0,0,0,99515,0,0,1,0,0,0,0,0,0,0,479,0,0,0,0,0,0
93,1550,94.21080276163477,99995,40,26,1,0,344,209,0.005530276513825691,27,19,49670,49794,260,159,0,0,0,0,0,0,99511,0,0,2,0,0,0,0,0,0,0,482,0,0,0,0,0,0
94,1550,95.00693280703258,99995,43,23,1,0,349,212,0.005610280514025701,28,19,49667,49791,259,165,0,0,0,0,0,0,99503,0,0,2,0,0,0,0,0,0,0,490,0,0,0,0,0,0
95,1550,96.26511055269597,99995,44,20,1,0,359,217,0.00576028801440072,24,21,49662,49784,267,173,0,0,0,0,0,0,99486,0,0,2,0,0,0,0,0,0,0,507,0,0,0,0,0,0
96,1550,97.04461340994794,99995,46,23,1,0,365,222,0.005870293514675734,24,18,49658,49782,269,175,0,0,0,0,0,0,99480,0,0,2,0,0,0,0,0,0,0,513,0,0,0,0,0,0
97,1550,98.0460517867164,99995,47,25,1,0,372,226,0.005980299014950748,22,16,49654,49783,274,174,0,0,0,0,0,0,99472,0,0,2,0,0,0,0,0,0,0,521,0,0,0,0,0,0
98,1550,99.06278563955226,99995,52,27,1,0,382,233,0.006150307515375769,18,13,49648,49779,279,179,0,0,0,0,0,0,99462,0,0,2,0,0,0,0,0,0,0,531,0,0,0,0,0,0
99,1550,100.03112072043726,99995,48,26,1,0,388,237,0.006250312515625782,25,15,49635,49774,289,183,0,0,0,0,0,0,99447,0,0,2,0,0,0,0,0,0,0,546,0,0,0,0,0,0
100,1550,101.24795899378861,99995,51,22,1,0,399,243,0.006420321016050803,19,17,49631,49767,296,192,0,0,0,0,0,0,99429,0,0,2,0,0,0,0,0,0,0,564,0,0,0,0,0,0
101,1550,102.02075147394054,99995,52,24,1,0,405,247,0.006520326016300815,19,19,49625,49761,301,194,0,0,0,0,0,0,99422,0,0,2,0,0,0,0,0,0,0,571,0,0,0,0,0,0
102,1550,103.11284175924501,99995,47,28,1,0,414,254,0.006680334016700835,25,14,49610,49759,315,197,0,0,0,0,0,0,99405,0,0,2,0,0,0,0,0,0,0,588,0,0,0,0,0,0
103,1550,104.0823153162151,99995,46,29,1,0,417,255,0.00672033601680084,25,15,49607,49757,319,197,0,0,0,0,0,0,99401,0,0,2,0,0,0,0,0,0,0,592,0,0,0,0,0,0
104,1550,105.1526508761085,99995,49,34,1,0,424,263,0.006870343517175859,30,8,49596,49759,322,197,0,0,0,0,0,0,99394,0,0,2,0,0,0,0,0,0,0,599,0,0,0,0,0,0
105,1550,106.04403083119982,99995,54,34,1,0,433,264,0.006970348517425872,34,7,49586,49759,323,198,0,0,0,0,0,0,99389,0,0,2,0,0,0,0,0,0,0,604,0,0,0,0,0,0
106,1550,107.03927222463716,99995,49,28,1,0,438,265,0.007030351517575879,33,8,49586,49757,329,205,0,0,0,0,0,0,99372,0,0,2,0,0,0,0,0,0,0,621,0,0,0,0,0,0
107,1550,108.16472380244966,99995,49,27,1,0,443,267,0.007100355017750888,39,10,49579,49755,330,206,0,0,0,0,0,0,99364,0,0,2,0,0,0,0,0,0,0,629,0,0,0,0,0,0
108,1550,109.07388727263871,99995,55,23,1,0,457,269,0.007260363018150908,36,13,49569,49750,337,212,0,0,0,0,0,0,99350,0,0,2,0,0,0,0,0,0,0,643,0,0,0,0,0,0
109,1550,110.2417876168792,99995,60,22,1,0,471,271,0.0074203710185509275,28,13,49565,49749,344,214,0,0,0,0,0,0,99338,0,0,2,0,0,0,0,0,0,0,655,0,0,0,0,0,0
110,1550,111.13518558469201,99995,59,24,1,0,478,274,0.0075203760188009405,33,20,49553,49741,352,213,0,0,0,0,0,0,99329,0,0,2,0,0,0,0,0,0,0,664,0,0,0,0,0,0
111,1550,112.04122666187834,99995,52,25,1,0,483,277,0.0076003800190009504,38,22,49543,49736,364,215,0,0,0,0,0,0,99315,0,0,2,0,0,0,0,0,0,0,678,0,0,0,0,0,0
112,1550,113.03729095742746,99995,58,29,1,0,496,284,0.007800390019500975,33,20,49535,49733,371,216,0,0,0,0,0,0,99305,0,0,2,0,0,0,0,0,0,0,688,0,0,0,0,0,0
113,1550,114.3206254979494,99995,61,27,1,0,506,290,0.007960398019900995,33,22,49526,49726,377,223,0,0,0,0,0,0,99290,0,0,2,0,0,0,0,0,0,0,703,0,0,0,0,0,0
114,1550,115.04982698417795,99995,56,32,1,0,507,296,0.008030401520076004,38,17,49520,49727,383,222,0,0,0,0,0,0,99283,0,0,2,0,0,0,0,0,0,0,710,0,0,0,0,0,0
115,1550,116.19979182050221,99995,61,33,1,0,519,300,0.008190409520476024,31,17,49516,49725,389,223,0,0,0,0,0,0,99273,0,0,2,0,0,0,0,0,0,0,720,0,0,0,0,0,0
116,1550,117.20275502358247,99995,64,27,1,0,531,301,0.00832041602080104,26,22,49510,49721,397,228,0,0,0,0,0,0,99257,0,0,2,0,0,0,0,0,0,0,736,0,0,0,0,0,0
117,1550,118.14607167136967,99995,65,25,1,0,540,305,0.008450422521126056,32,20,49496,49721,404,232,0,0,0,0,0,0,99243,0,0,2,0,0,0,0,0,0,0,750,0,0,0,0,0,0
118,1550,119.24978975154485,99995,64,25,1,0,543,308,0.008510425521276064,34,18,49493,49721,406,234,0,0,0,0,0,0,99236,0,0,2,0,0,0,0,0,0,0,757,0,0,0,0,0,0
119,1550,120.02980486317661,99995,61,27,1,0,551,312,0.008630431521576078,37,16,49483,49719,416,236,0,0,0,0,0,0,99223,0,0,2,0,0,0,0,0,0,0,770,0,0,0,0,0,0
120,1550,121.21537257013324,99995,54,26,1,0,556,314,0.008700435021751088,47,22,49468,49711,428,239,0,0,0,0,0,0,99208,0,0,2,0,0,0,0,0,0,0,785,0,0,0,0,0,0
121,1550,122.21284109186942,99995,57,28,1,0,564,319,0.008830441522076104,50,19,49460,49712,430,239,0,0,0,0,0,0,99200,0,0,2,0,0,0,0,0,0,0,793,0,0,0,0,0,0
122,1550,123.12978122640659,99995,57,31,1,0,571,325,0.00896044802240112,48,13,49455,49712,437,242,0,0,0,0,0,0,99191,0,0,3,0,0,0,0,0,0,0,801,0,0,0,0,0,0
123,1550,124.29864339802815,99995,64,26,1,0,589,330,0.009190459522976148,38,16,49450,49705,445,251,0,0,0,0,0,0,99170,0,0,3,0,0,0,0,0,0,0,822,0,0,0,0,0,0
124,1550,125.26093919628441,99995,62,28,1,0,600,333,0.009330466523326166,32,14,49446,49705,457,251,0,0,0,0,0,0,99156,0,0,3,0,0,0,0,0,0,0,836,0,0,0,0,0,0
125,1550,126.08828998709221,99995,62,25,1,0,605,334,0.009390469523476174,29,15,49446,49704,460,254,0,0,0,0,0,0,99147,0,0,3,0,0,0,0,0,0,0,845,0,0,0,0,0,0
126,1550,127.11986225142788,99995,62,23,1,0,616,337,0.009530476523826192,26,15,49442,49701,467,259,0,0,0,0,0,0,99131,0,0,3,0,0,0,0,0,0,0,861,0,0,0,0,0,0
127,1550,128.06876576019752,99995,65,24,1,0,626,341,0.009670483524176208,27,16,49432,49698,473,260,0,0,0,0,0,0,99121,0,0,3,0,0,0,0,0,0,0,871,0,0,0,0,0,0
128,1550,129.17176252881822,99995,65,22,1,0,636,344,0.009800490024501224,33,23,49417,49688,482,265,0,0,0,0,0,0,99106,0,0,3,0,0,0,0,0,0,0,886,0,0,0,0,0,0
129,1550,130.17030928631075,99995,54,23,1,0,639,348,0.009870493524676234,45,22,49402,49686,496,267,0,0,0,0,0,0,99089,0,0,3,0,0,0,0,0,0,0,903,0,0,0,0,0,0
130,1550,131.1691246516233,99995,56,26,1,0,651,354,0.010050502525126256,45,20,49393,49682,503,270,0,0,0,0,0,0,99076,0,0,3,0,0,0,0,0,0,0,916,0,0,0,0,0,0
131,1550,132.06361121041786,99995,59,25,1,0,661,356,0.010170508525426272,45,25,49384,49676,509,272,0,0,0,0,0,0,99066,0,0,3,0,0,0,0,0,0,0,926,0,0,0,0,0,0
132,1550,133.06274759089104,99995,62,27,1,0,672,360,0.01032051602580129,49,25,49371,49674,515,272,0,0,0,0,0,0,99056,0,0,3,0,0,0,0,0,0,0,936,0,0,0,0,0,0
133,1550,134.0620792765307,99995,68,31,1,0,688,368,0.01056052802640132,40,20,49364,49673,525,274,0,0,0,0,0,0,99042,0,0,3,0,0,0,0,0,0,0,950,0,0,0,0,0,0
134,1550,135.0663466541813,99995,65,29,1,0,694,371,0.010650532526626332,50,19,49348,49672,534,278,0,0,0,0,0,0,99028,0,0,3,0,0,0,0,0,0,0,964,0,0,0,0,0,0
135,1550,136.24137736877563,99995,68,32,1,0,711,377,0.01088054402720136,48,20,49334,49665,547,281,0,0,0,0,0,0,99012,0,0,4,0,0,0,0,0,0,0,979,0,0,0,0,0,0
136,1550,137.30824973993117,99995,73,32,1,0,726,382,0.011080554027701386,51,24,49317,49656,556,286,0,0,0,0,0,0,98997,0,0,4,0,0,0,0,0,0,0,994,0,0,0,0,0,0
137,1550,138.30849084958072,99995,73,33,1,0,737,387,0.011240562028101406,53,25,49304,49653,567,287,0,0,0,0,0,0,98982,0,0,4,0,0,0,0,0,0,0,1009,0,0,0,0,0,0
138,1550,139.30896963692908,99995,73,33,1,0,747,394,0.011410570528526426,50,26,49297,49647,577,292,0,0,0,0,0,0,98965,0,0,4,0,0,0,0,0,0,0,1026,0,0,0,0,0,0
139,1550,140.30962914894357,99995,71,37,1,0,758,400,0.011580579028951448,53,25,49284,49644,589,292,0,0,0,0,0,0,98950,0,0,4,0,0,0,0,0,0,0,1041,0,0,0,0,0,0
140,1550,141.3104621915023,99995,75,30,1,0,773,403,0.01176058802940147,45,26,49283,49640,594,302,0,0,0,0,0,0,98929,0,0,4,0,0,0,0,0,0,0,1062,0,0,0,0,0,0
141,1550,142.3114178282279,99995,75,30,1,0,781,407,0.011880594029701486,47,31,49277,49632,598,305,0,0,0,0,0,0,98917,0,0,4,0,0,0,0,0,0,0,1074,0,0,0,0,0,0
142,1550,143.3124931135447,99995,75,36,1,0,792,417,0.012090604530226512,43,23,49273,49631,606,308,0,0,0,0,0,0,98902,0,0,4,0,0,0,0,0,0,0,1089,0,0,0,0,0,0
143,1550,144.3136997940754,99994,70,31,2,0,803,420,0.012230733844030641,48,26,49257,49626,621,315,0,0,0,0,0,0,98878,0,0,4,0,0,0,0,0,0,0,1112,0,0,0,0,0,0
144,1550,145.31519899205495,99994,73,31,2,0,818,425,0.012430745844750684,41,26,49250,49622,632,319,0,0,0,0,0,0,98861,0,0,4,0,0,0,0,0,0,0,1129,0,0,0,0,0,0
145,1550,146.31689973228933,99994,67,31,2,0,828,431,0.01259075544532672,46,25,49238,49618,645,324,0,0,0,0,0,0,98839,0,0,4,0,0,0,0,0,0,0,1151,0,0,0,0,0,0
146,1550,147.31884678067647,99994,67,26,2,0,838,433,0.012710762645758746,48,28,49227,49615,654,329,0,0,0,0,0,0,98822,0,0,4,0,0,0,0,0,0,0,1168,0,0,0,0,0,0
147,1550,148.32100294224875,99994,68,30,2,0,847,442,0.012890773446406784,48,23,49222,49612,658,333,0,0,0,0,0,0,98809,0,0,4,0,0,0,0,0,0,0,1181,0,0,0,0,0,0
148,1550,149.32329320723687,99994,73,23,2,0,863,444,0.013070784247054823,37,26,49219,49609,667,340,0,0,0,0,0,0,98789,0,0,4,0,0,0,0,0,0,0,1201,0,0,0,0,0,0
149,1550,150.32571224246888,99994,69,25,2,0,871,449,0.013200792047522851,38,24,49213,49608,676,341,0,0,0,0,0,0,98774,0,0,4,0,0,0,0,0,0,0,1216,0,0,0,0,0,0
150,1550,151.32825901568674,99994,63,27,2,0,876,457,0.01333079984799088,42,22,49205,49603,686,346,0,0,0,0,0,0,98757,0,0,4,0,0,0,0,0,0,0,1233,0,0,0,0,0,0
151,1550,152.33100542615983,99994,58,25,2,0,886,460,0.013460807648458908,39,28,49203,49594,696,351,0,0,0,0,0,0,98738,0,0,5,0,0,0,0,0,0,0,1251,0,0,0,0,0,0
152,1550,153.33385765697855,99994,65,28,2,0,901,467,0.013680820849250956,40,26,49191,49589,700,355,0,0,0,0,0,0,98726,0,0,5,0,0,0,0,0,0,0,1263,0,0,0,0,0,0
153,1550,154.0025062933781,99994,62,30,2,0,905,472,0.013770826249574975,41,23,49189,49587,704,358,0,0,0,0,0,0,98716,0,0,5,0,0,0,0,0,0,0,1273,0,0,0,0,0,0
154,1550,155.0055571135916,99994,62,31,2,0,913,480,0.01393083585015101,38,21,49187,49582,709,364,0,0,0,0,0,0,98701,0,0,5,0,0,0,0,0,0,0,1288,0,0,0,0,0,0
155,1550,156.00870350666392,99994,67,27,2,0,924,483,0.01407084425065504,33,24,49184,49579,712,368,0,0,0,0,0,0,98688,0,0,5,0,0,0,0,0,0,0,1301,0,0,0,0,0,0
156,1550,157.01192309247534,99994,58,24,2,0,929,487,0.014160849650979059,35,30,49179,49569,724,375,0,0,0,0,0,0,98667,0,0,5,0,0,0,0,0,0,0,1322,0,0,0,0,0,0
157,1550,158.01528282306887,99994,56,30,2,0,934,494,0.014280856851411085,39,28,49172,49565,729,375,0,0,0,0,0,0,98659,0,0,5,0,0,0,0,0,0,0,1330,0,0,0,0,0,0
158,1550,159.01878173350923,99993,52,36,3,0,942,504,0.01446101227085896,42,25,49166,49558,735,379,0,0,0,0,0,0,98643,0,0,5,0,0,0,0,0,0,0,1345,0,0,0,0,0,0
159,1550,160.0223765689801,99993,56,38,3,0,952,511,0.014631024171692018,40,22,49160,49554,739,384,0,0,0,0,0,0,98632,0,0,5,0,0,0,0,0,0,0,1356,0,0,0,0,0,0
160,1550,161.02608088378818,99993,52,38,3,0,959,518,0.014771033972378066,45,21,49152,49548,746,391,0,0,0,0,0,0,98614,0,0,5,0,0,0,0,0,0,0,1374,0,0,0,0,0,0
161,1550,162.02991771031486,99993,59,40,3,0,972,524,0.014961047273309132,42,21,49144,49542,750,395,0,0,0,0,0,0,98604,0,0,5,0,0,0,0,0,0,0,1384,0,0,0,0,0,0
162,1550,163.0338663695705,99993,60,43,3,0,984,530,0.015141059874191194,38,22,49138,49536,759,397,0,0,0,0,0,0,98590,0,0,5,0,0,0,0,0,0,0,1398,0,0,0,0,0,0
163,1550,164.03796771505725,99993,61,42,3,0,997,536,0.01533107317512226,33,22,49132,49534,769,400,0,0,0,0,0,0,98571,0,0,5,0,0,0,0,0,0,0,1417,0,0,0,0,0,0
164,1550,165.00808502878522,99993,61,43,3,0,1010,541,0.01551108577600432,28,18,49127,49534,779,403,0,0,0,0,0,0,98554,0,0,5,0,0,0,0,0,0,0,1434,0,0,0,0,0,0
165,1550,166.0887065354265,99993,59,44,3,0,1015,547,0.015621093476543358,34,21,49117,49525,785,408,0,0,0,0,0,0,98542,0,0,5,0,0,0,0,0,0,0,1446,0,0,0,0,0,0
166,1550,167.21326879635856,99993,55,36,3,0,1023,553,0.015761103277229405,46,29,49103,49511,791,422,0,0,0,0,0,0,98516,0,0,5,0,0,0,0,0,0,0,1472,0,0,0,0,0,0
167,1550,168.2180629690973,99993,66,35,3,0,1037,556,0.015931115178062463,47,37,49091,49501,791,425,0,0,0,0,0,0,98509,0,0,5,0,0,0,0,0,0,0,1479,0,0,0,0,0,0
168,1550,169.2229615046133,99993,65,38,3,0,1046,562,0.016081125678797516,45,35,49086,49497,799,428,0,0,0,0,0,0,98496,0,0,5,0,0,0,0,0,0,0,1492,0,0,0,0,0,0
169,1550,170.2279826752184,99993,62,36,3,0,1056,569,0.016251137579630575,44,33,49078,49493,811,436,0,0,0,0,0,0,98474,0,0,5,0,0,0,0,0,0,0,1514,0,0,0,0,0,0
170,1550,171.23320276632808,99993,69,46,3,0,1069,583,0.016521156480953668,43,27,49068,49487,815,438,0,0,0,0,0,0,98464,0,0,5,0,0,0,0,0,0,0,1524,0,0,0,0,0,0
171,1550,172.2385336386674,99993,64,47,3,0,1079,594,0.016731171181982737,43,21,49058,49483,830,447,0,0,0,0,0,0,98439,0,0,5,0,0,0,0,0,0,0,1549,0,0,0,0,0,0
172,1550,173.24413272768135,99993,70,46,3,0,1092,600,0.016921184482913805,40,20,49049,49478,836,454,0,0,0,0,0,0,98425,0,0,5,0,0,0,0,0,0,0,1563,0,0,0,0,0,0
173,1550,174.32455347141047,99993,64,43,3,0,1102,605,0.017071194983648855,42,21,49040,49474,849,460,0,0,0,0,0,0,98401,0,0,5,0,0,0,0,0,0,0,1587,0,0,0,0,0,0
174,1550,175.09446733832178,99993,61,39,3,0,1110,609,0.017191203384236898,45,21,49032,49471,857,467,0,0,0,0,0,0,98382,0,0,5,0,0,0,0,0,0,0,1606,0,0,0,0,0,0
175,1550,176.2453822603854,99993,58,36,3,0,1115,614,0.017291210384726932,52,20,49025,49467,860,475,0,0,0,0,0,0,98366,0,0,5,0,0,0,0,0,0,0,1622,0,0,0,0,0,0
176,1550,177.01291670357205,99993,59,40,3,0,1118,620,0.017381216685167962,51,17,49024,49464,861,477,0,0,0,0,0,0,98362,0,0,5,0,0,0,0,0,0,0,1626,0,0,0,0,0,0
177,1550,178.03994102883945,99993,61,38,3,0,1131,624,0.01755122858600102,46,18,49017,49461,871,481,0,0,0,0,0,0,98345,0,0,5,0,0,0,0,0,0,0,1643,0,0,0,0,0,0
178,1550,179.23045286470546,99993,72,40,3,0,1150,629,0.017791245387177104,42,19,49005,49459,876,480,0,0,0,0,0,0,98334,0,0,5,0,0,0,0,0,0,0,1654,0,0,0,0,0,0
179,1550,180.12936321763064,99993,71,41,3,0,1162,634,0.017961257288010162,42,19,48995,49455,887,483,0,0,0,0,0,0,98317,0,0,5,0,0,0,0,0,0,0,1671,0,0,0,0,0,0
180,1550,181.12028190101452,99993,67,40,3,0,1174,639,0.018131269188843217,41,25,48992,49448,895,485,0,0,0,0,0,0,98295,0,0,5,0,0,0,0,0,0,0,1693,0,0,0,0,0,0
181,1550,182.12727669846294,99993,71,42,3,0,1185,646,0.01831128178972528,37,27,48989,49442,898,487,0,0,0,0,0,0,98283,0,0,5,0,0,0,0,0,0,0,1705,0,0,0,0,0,0
182,1550,183.1343271470201,99993,71,42,3,0,1195,656,0.01851129579070535,36,21,48981,49442,907,493,0,0,0,0,0,0,98265,0,0,7,0,0,0,0,0,0,0,1721,0,0,0,0,0,0
183,1550,184.1415524293172,99993,70,38,3,0,1203,660,0.018631304191293392,44,26,48968,49435,913,499,0,0,0,0,0,0,98248,0,0,7,0,0,0,0,0,0,0,1738,0,0,0,0,0,0
184,1550,185.14895534915195,99993,70,43,3,0,1216,668,0.01884131889232246,38,22,48964,49434,923,499,0,0,0,0,0,0,98232,0,0,7,0,0,0,0,0,0,0,1754,0,0,0,0,0,0
185,1550,186.15651712501,99993,68,42,3,0,1223,675,0.01898132869300851,44,28,48954,49422,929,506,0,0,0,0,0,0,98216,0,0,8,0,0,0,0,0,0,0,1769,0,0,0,0,0,0
186,1550,187.16424337403006,99993,66,36,3,0,1231,677,0.019081335693498545,52,31,48944,49419,933,512,0,0,0,0,0,0,98198,0,0,8,0,0,0,0,0,0,0,1787,0,0,0,0,0,0
187,1550,188.17211512026068,99993,69,44,3,0,1244,686,0.01930135109457662,48,29,48937,49413,941,512,0,0,0,0,0,0,98187,0,0,8,0,0,0,0,0,0,0,1798,0,0,0,0,0,0
188,1550,189.18009814977515,99992,76,43,4,0,1261,692,0.019531562525002,47,32,48921,49406,950,517,0,0,0,0,0,0,98170,0,0,8,0,0,0,0,0,0,0,1814,0,0,0,0,0,0
189,1550,190.18836444914527,99990,77,42,6,0,1274,697,0.01971197119711971,52,30,48904,49406,959,520,0,0,0,0,0,0,98152,0,0,8,0,0,0,0,0,0,0,1830,0,0,0,0,0,0
190,1550,191.19686588774024,99990,78,42,6,0,1289,702,0.019911991199119912,49,31,48896,49402,969,523,0,0,0,0,0,0,98133,0,0,8,0,0,0,0,0,0,0,1849,0,0,0,0,0,0
191,1550,192.20555123430452,99990,76,40,6,0,1302,707,0.02009200920092009,46,31,48887,49399,983,528,0,0,0,0,0,0,98111,0,0,8,0,0,0,0,0,0,0,1871,0,0,0,0,0,0
192,1550,193.21448439056743,99990,74,38,6,0,1310,714,0.02024202420242024,49,29,48877,49397,992,534,0,0,0,0,0,0,98092,0,0,8,0,0,0,0,0,0,0,1890,0,0,0,0,0,0
193,1550,194.22362914712903,99990,77,40,6,0,1326,718,0.020442044204420442,42,31,48873,49392,1000,535,0,0,0,0,0,0,98077,0,0,8,0,0,0,0,0,0,0,1905,0,0,0,0,0,0
194,1550,195.2328848984384,99990,79,45,6,0,1339,725,0.020642064206420643,43,34,48862,49385,1008,534,0,0,0,0,0,0,98064,0,0,8,0,0,0,0,0,0,0,1918,0,0,0,0,0,0
195,1550,196.24230058767068,99990,73,53,6,0,1347,735,0.02082208220822082,46,29,48852,49382,1021,534,0,0,0,0,0,0,98048,0,0,8,0,0,0,0,0,0,0,1934,0,0,0,0,0,0
196,1550,197.25193989199371,99990,78,55,6,0,1363,744,0.021072107210721072,38,25,48849,49380,1027,538,0,0,0,0,0,0,98030,0,0,8,0,0,0,0,0,0,0,1952,0,0,0,0,0,0
197,1550,198.2616856754255,99989,78,53,6,1,1372,745,0.02117232895618518,44,32,48836,49375,1034,537,0,0,0,0,0,0,98018,0,0,8,0,0,0,0,0,0,0,1963,0,0,0,0,0,0
198,1550,199.2715853257771,99989,71,48,6,1,1381,754,0.02135234875836342,48,27,48826,49374,1047,548,0,0,0,0,0,0,97988,0,0,8,0,0,0,0,0,0,0,1993,0,0,0,0,0,0
199,1550,200.28177600224862,99989,71,43,6,1,1391,760,0.021512366360299632,52,31,48816,49366,1053,557,0,0,0,0,0,0,97967,0,0,8,0,0,0,0,0,0,0,2014,0,0,0,0,0,0
200,1550,201.2921584026722,99989,77,45,6,1,1404,767,0.0217123883627199,47,30,48812,49361,1056,561,0,0,0,0,0,0,97955,0,0,8,0,0,0,0,0,0,0,2026,0,0,0,0,0,0
201,1550,202.30262448553847,99989,77,51,6,1,1419,774,0.02193241256538219,46,28,48805,49357,1064,561,0,0,0,0,0,0,97939,0,0,8,0,0,0,0,0,0,0,2042,0,0,0,0,0,0
202,1550,203.3132237644373,99989,67,54,6,1,1430,783,0.022132434567802457,47,27,48799,49352,1079,564,0,0,0,0,0,0,97912,0,0,8,0,0,0,0,0,0,0,2069,0,0,0,0,0,0
203,1550,204.32398811244528,99989,64,57,6,1,1440,790,0.022302453269859683,48,27,48788,49347,1092,566,0,0,0,0,0,0,97896,0,0,9,0,0,0,0,0,0,0,2084,0,0,0,0,0,0
204,1550,205.33498705312076,99989,67,58,6,1,1454,797,0.022512476372400964,50,27,48775,49340,1100,572,0,0,0,0,0,0,97879,0,0,9,0,0,0,0,0,0,0,2101,0,0,0,0,0,0
205,1550,206.0091218718197,99989,70,61,6,1,1463,806,0.022692496174579205,53,24,48768,49335,1101,577,0,0,0,0,0,0,97867,0,0,9,0,0,0,0,0,0,0,2113,0,0,0,0,0,0
206,1550,207.02046104267413,99989,78,53,6,1,1482,807,0.02289251817699947,48,25,48756,49334,1110,585,0,0,0,0,0,0,97847,0,0,9,0,0,0,0,0,0,0,2133,0,0,0,0,0,0
207,1550,208.03201460782014,99989,77,50,6,1,1489,815,0.02304253467881467,54,24,48744,49330,1117,593,0,0,0,0,0,0,97828,0,0,9,0,0,0,0,0,0,0,2152,0,0,0,0,0,0
208,1550,209.04380000150238,99989,78,50,6,1,1503,820,0.023232555581113923,56,29,48732,49322,1126,596,0,0,0,0,0,0,97810,0,0,9,0,0,0,0,0,0,0,2170,0,0,0,0,0,0
209,1550,210.05579177740165,99989,75,49,6,1,1514,825,0.023392573183050134,60,29,48720,49318,1137,601,0,0,0,0,0,0,97791,0,0,10,0,0,0,0,0,0,0,2188,0,0,0,0,0,0
210,1550,211.06803534737156,99989,76,48,6,1,1528,830,0.02358259408534939,64,28,48707,49316,1145,605,0,0,0,0,0,0,97772,0,0,10,0,0,0,0,0,0,0,2207,0,0,0,0,0,0
211,1550,212.08049779126713,99989,83,45,6,1,1546,834,0.02380261828801168,56,34,48707,49307,1146,611,0,0,0,0,0,0,97754,0,0,10,0,0,0,0,0,0,0,2225,0,0,0,0,0,0
212,1550,213.09294331791492,99988,84,46,7,1,1558,844,0.02402288274592951,56,30,48700,49304,1151,617,0,0,0,0,0,0,97734,0,0,10,0,0,0,0,0,0,0,2244,0,0,0,0,0,0
213,1550,214.10552752612534,99988,84,49,7,1,1571,849,0.024202904348521823,53,33,48695,49299,1159,616,0,0,0,0,0,0,97719,0,0,10,0,0,0,0,0,0,0,2259,0,0,0,0,0,0
214,1550,215.1181966126013,99988,86,51,7,1,1589,861,0.02450294035284234,53,26,48682,49295,1170,625,0,0,0,0,0,0,97693,0,0,10,0,0,0,0,0,0,0,2285,0,0,0,0,0,0
215,1550,216.1311495966524,99988,82,54,7,1,1600,870,0.02470296435572269,63,25,48666,49287,1180,631,0,0,0,0,0,0,97672,0,0,10,0,0,0,0,0,0,0,2306,0,0,0,0,0,0
216,1550,217.14432514172992,99988,91,48,7,1,1618,873,0.02491298955874705,54,28,48666,49285,1180,636,0,0,0,0,0,0,97654,0,0,10,0,0,0,0,0,0,0,2324,0,0,0,0,0,0
217,1550,218.1576001686123,99988,97,44,7,1,1635,879,0.025143017162059446,50,30,48656,49278,1188,645,0,0,0,0,0,0,97633,0,0,10,0,0,0,0,0,0,0,2345,0,0,0,0,0,0
218,1550,219.17100659346784,99988,105,47,7,1,1649,889,0.02538304596551586,51,24,48646,49274,1189,652,0,0,0,0,0,0,97620,0,0,10,0,0,0,0,0,0,0,2358,0,0,0,0,0,0
219,1550,220.18454325515287,99987,97,51,8,1,1663,894,0.025573324532189183,44,26,48640,49270,1209,650,0,0,0,0,0,0,97598,0,0,11,0,0,0,0,0,0,0,2378,0,0,0,0,0,0
220,1550,221.19834017724818,99986,99,49,9,1,1676,899,0.02575360550477067,50,29,48625,49264,1215,655,0,0,0,0,0,0,97581,0,0,12,0,0,0,0,0,0,0,2393,0,0,0,0,0,0
221,1550,222.2123494192385,99986,97,51,9,1,1691,906,0.02597363630908327,52,25,48615,49261,1225,660,0,0,0,0,0,0,97560,0,0,13,0,0,0,0,0,0,0,2413,0,0,0,0,0,0
222,1550,223.22662310720696,99985,88,46,9,2,1701,907,0.026083912586888032,54,29,48607,49257,1240,664,0,0,0,0,0,0,97535,0,0,13,0,0,0,0,0,0,0,2437,0,0,0,0,0,0
223,1550,224.24111792382237,99985,84,45,9,2,1713,913,0.026263939590938642,55,29,48596,49253,1254,669,0,0,0,0,0,0,97512,0,0,13,0,0,0,0,0,0,0,2460,0,0,0,0,0,0
224,1550,225.25584708315728,99985,77,47,9,2,1718,921,0.02639395909386408,55,26,48597,49252,1260,671,0,0,0,0,0,0,97494,0,0,13,0,0,0,0,0,0,0,2478,0,0,0,0,0,0
225,1550,226.27066794864712,99985,76,49,9,2,1727,930,0.026573986097914688,60,23,48587,49248,1266,676,0,0,0,0,0,0,97477,0,0,13,0,0,0,0,0,0,0,2495,0,0,0,0,0,0
226,1550,227.28566754396758,99985,72,47,9,2,1739,937,0.026764014602190328,57,24,48579,49241,1281,684,0,0,0,0,0,0,97453,0,0,14,0,0,0,0,0,0,0,2518,0,0,0,0,0,0
227,1550,228.30087936090447,99985,77,47,9,2,1753,944,0.026974046106916037,57,22,48566,49237,1289,690,0,0,0,0,0,0,97437,0,0,14,0,0,0,0,0,0,0,2534,0,0,0,0,0,0
228,1550,229.31630782906313,99985,79,46,9,2,1764,949,0.027134070110516578,63,23,48553,49234,1294,693,0,0,0,0,0,0,97423,0,0,15,0,0,0,0,0,0,0,2547,0,0,0,0,0,0
229,1550,230.33194423433713,99985,86,49,9,2,1779,957,0.027364104615692355,57,20,48547,49231,1299,696,0,0,0,0,0,0,97410,0,0,15,0,0,0,0,0,0,0,2560,0,0,0,0,0,0
230,1550,231.0465163771749,99985,83,48,9,2,1785,961,0.027464119617942692,58,19,48543,49228,1305,701,0,0,0,0,0,0,97396,0,0,15,0,0,0,0,0,0,0,2574,0,0,0,0,0,0
231,1550,232.12156801431894,99985,84,44,9,2,1806,966,0.027724158623793568,62,27,48522,49221,1321,704,0,0,0,0,0,0,97368,0,0,16,0,0,0,0,0,0,0,2601,0,0,0,0,0,0
232,1550,233.13776965227547,99985,84,49,9,2,1820,982,0.028024203630544583,66,19,48508,49218,1331,710,0,0,0,0,0,0,97343,0,0,16,0,0,0,0,0,0,0,2626,0,0,0,0,0,0
233,1550,234.2011483383998,99985,84,52,9,2,1829,988,0.028174226133920087,64,19,48503,49215,1338,710,0,0,0,0,0,0,97331,0,0,16,0,0,0,0,0,0,0,2638,0,0,0,0,0,0
234,1550,235.26948080462097,99985,86,50,9,2,1848,993,0.028414262139320898,60,22,48494,49209,1349,715,0,0,0,0,0,0,97307,0,0,16,0,0,0,0,0,0,0,2662,0,0,0,0,0,0
235,1550,236.28629248961641,99985,91,51,9,2,1861,1000,0.028614292143821572,70,21,48476,49206,1352,718,0,0,0,0,0,0,97294,0,0,17,0,0,0,0,0,0,0,2674,0,0,0,0,0,0
236,1550,237.3033118760763,99985,92,48,9,2,1877,1003,0.028804320648097216,74,26,48462,49200,1361,722,0,0,0,0,0,0,97273,0,0,17,0,0,0,0,0,0,0,2695,0,0,0,0,0,0
237,1550,238.32057033387073,99985,107,53,9,2,1902,1014,0.02916437465619843,66,24,48448,49194,1368,725,0,0,0,0,0,0,97257,0,0,17,0,0,0,0,0,0,0,2711,0,0,0,0,0,0
238,1550,239.33801195216685,99985,109,50,9,2,1922,1021,0.029434415162274342,58,26,48442,49189,1380,731,0,0,0,0,0,0,97229,0,0,17,0,0,0,0,0,0,0,2739,0,0,0,0,0,0
239,1550,240.01643010775655,99985,109,53,9,2,1932,1027,0.02959443916587488,58,24,48433,49188,1389,731,0,0,0,0,0,0,97216,0,0,17,0,0,0,0,0,0,0,2752,0,0,0,0,0,0
240,1550,241.0342461017817,99985,117,55,9,2,1962,1035,0.029974496174426164,43,25,48426,49182,1403,734,0,0,0,0,0,0,97189,0,0,18,0,0,0,0,0,0,0,2778,0,0,0,0,0,0
241,1550,242.05224506930566,99985,116,51,9,2,1975,1040,0.03015452317847677,40,27,48424,49180,1409,738,0,0,0,0,0,0,97167,0,0,19,0,0,0,0,0,0,0,2799,0,0,0,0,0,0
242,1550,243.07040192709349,99985,113,50,9,2,1987,1043,0.030304545681852278,53,34,48405,49170,1418,742,0,0,0,0,0,0,97148,0,0,19,0,0,0,0,0,0,0,2818,0,0,0,0,0,0
243,1550,244.08882934688236,99985,110,51,9,2,2004,1052,0.030564584687703157,50,34,48392,49165,1437,746,0,0,0,0,0,0,97122,0,0,21,0,0,0,0,0,0,0,2842,0,0,0,0,0,0
244,1550,245.10753445286113,99985,116,51,9,2,2021,1062,0.030834625193779067,49,31,48382,49159,1442,755,0,0,0,0,0,0,97101,0,0,21,0,0,0,0,0,0,0,2863,0,0,0,0,0,0
245,1550,246.12647216427044,99985,108,49,9,2,2033,1069,0.031024653698054707,57,30,48364,49155,1460,762,0,0,0,0,0,0,97072,0,0,21,0,0,0,0,0,0,0,2892,0,0,0,0,0,0
246,1550,247.14576704742348,99985,104,54,9,2,2047,1077,0.03124468670300545,62,29,48353,49150,1470,763,0,0,0,0,0,0,97051,0,0,21,0,0,0,0,0,0,0,2913,0,0,0,0,0,0
247,1550,248.16531525497308,99985,101,57,9,2,2063,1086,0.031494724208631295,64,23,48338,49150,1486,766,0,0,0,0,0,0,97026,0,0,21,0,0,0,0,0,0,0,2938,0,0,0,0,0,0
248,1550,249.18515810151254,99985,100,52,9,2,2075,1089,0.0316447467120068,65,26,48327,49148,1497,770,0,0,0,0,0,0,97006,0,0,22,0,0,0,0,0,0,0,2957,0,0,0,0,0,0
249,1550,250.20525635515827,99984,96,47,10,2,2092,1094,0.03186509841574652,62,23,48318,49149,1512,777,0,0,0,0,0,0,96976,0,0,23,0,0,0,0,0,0,0,2985,0,0,0,0,0,0
250,1550,251.22566668157674,99984,92,48,10,2,2108,1101,0.032095135221635464,62,26,48306,49142,1528,780,0,0,0,0,0,0,96951,0,0,24,0,0,0,0,0,0,0,3009,0,0,0,0,0,0
251,1550,252.2463517933014,99984,89,45,10,2,2118,1110,0.03228516562650024,66,25,48296,49136,1537,790,0,0,0,0,0,0,96927,0,0,25,0,0,0,0,0,0,0,3032,0,0,0,0,0,0
252,1550,253.2672282639043,99984,91,48,10,2,2136,1117,0.032535205632901264,55,27,48294,49130,1548,791,0,0,0,0,0,0,96907,0,0,25,0,0,0,0,0,0,0,3052,0,0,0,0,0,0
253,1550,254.28825055068867,99984,83,43,10,2,2145,1122,0.032675228036485836,53,32,48290,49120,1562,801,0,0,0,0,0,0,96881,0,0,26,0,0,0,0,0,0,0,3077,0,0,0,0,0,0
254,1550,255.3094615159017,99984,82,43,10,2,2155,1130,0.032855256841094575,53,32,48283,49114,1570,807,0,0,0,0,0,0,96863,0,0,27,0,0,0,0,0,0,0,3094,0,0,0,0,0,0
255,1550,256.33082369358146,99984,80,44,10,2,2167,1137,0.03304528724595936,50,38,48277,49103,1581,811,0,0,0,0,0,0,96843,0,0,27,0,0,0,0,0,0,0,3114,0,0,0,0,0,0
256,1550,257.01182264715885,99984,81,44,10,2,2173,1144,0.03317530804928789,57,37,48270,49099,1580,816,0,0,0,0,0,0,96831,0,0,27,0,0,0,0,0,0,0,3126,0,0,0,0,0,0
257,1550,258.03342337621996,99984,88,50,10,2,2191,1155,0.03346535445671307,48,35,48262,49093,1590,818,0,0,0,0,0,0,96815,0,0,27,0,0,0,0,0,0,0,3142,0,0,0,0,0,0
258,1550,259.055163215862,99984,88,53,10,2,2202,1165,0.03367538806208993,55,37,48251,49082,1594,824,0,0,0,0,0,0,96797,0,0,27,0,0,0,0,0,0,0,3160,0,0,0,0,0,0
259,1550,260.07706799295863,99984,89,47,10,2,2217,1171,0.033885421667466796,56,37,48241,49079,1602,833,0,0,0,0,0,0,96772,0,0,28,0,0,0,0,0,0,0,3184,0,0,0,0,0,0
260,1550,261.09912587626656,99984,97,49,10,2,2234,1176,0.034105456873099696,52,40,48239,49074,1600,833,0,0,0,0,0,0,96761,0,0,29,0,0,0,0,0,0,0,3194,0,0,0,0,0,0
261,1550,262.12125982398203,99984,89,46,10,2,2246,1187,0.03433549367898864,58,38,48223,49069,1618,843,0,0,0,0,0,0,96727,0,0,29,0,0,0,0,0,0,0,3228,0,0,0,0,0,0
262,1550,263.14368955713684,99984,90,48,10,2,2260,1196,0.03456553048487758,50,36,48225,49066,1623,846,0,0,0,0,0,0,96707,0,0,29,0,0,0,0,0,0,0,3248,0,0,0,0,0,0
263,1550,264.1662075408037,99984,86,57,10,2,2269,1208,0.03477556409025444,51,34,48219,49058,1632,847,0,0,0,0,0,0,96691,0,0,29,0,0,0,0,0,0,0,3264,0,0,0,0,0,0
264,1550,265.18885288192365,99984,93,58,10,2,2286,1216,0.03502560409665546,49,36,48208,49051,1638,851,0,0,0,0,0,0,96674,0,0,29,0,0,0,0,0,0,0,3281,0,0,0,0,0,0
265,1550,266.2116509281663,99984,97,56,10,2,2304,1223,0.03527564410305649,51,36,48192,49049,1648,855,0,0,0,0,0,0,96652,0,0,30,0,0,0,0,0,0,0,3302,0,0,0,0,0,0
266,1550,267.23473926917546,99984,89,58,10,2,2312,1232,0.035445671307409186,56,37,48181,49042,1662,859,0,0,0,0,0,0,96629,0,0,30,0,0,0,0,0,0,0,3325,0,0,0,0,0,0
267,1550,268.2580816255582,99984,90,54,10,2,2323,1239,0.035625700112017926,65,35,48167,49038,1666,869,0,0,0,0,0,0,96608,0,0,30,0,0,0,0,0,0,0,3346,0,0,0,0,0,0
268,1550,269.28162803936243,99983,89,60,10,3,2337,1250,0.035876098936819256,61,32,48162,49032,1676,871,0,0,0,0,0,0,96588,0,0,30,0,0,0,0,0,0,0,3365,0,0,0,0,0,0
269,1550,270.3052781544235,99983,91,65,10,3,2347,1262,0.03609613634317834,68,32,48151,49024,1678,874,0,0,0,0,0,0,96573,0,0,30,0,0,0,0,0,0,0,3380,0,0,0,0,0,0
270,1550,271.3290787243567,99983,80,61,10,3,2359,1267,0.036266165248092175,74,39,48138,49020,1696,875,0,0,0,0,0,0,96542,0,0,31,0,0,0,0,0,0,0,3410,0,0,0,0,0,0
271,1550,272.0117868467415,99983,85,62,10,3,2373,1274,0.03647620095416221,69,38,48132,49016,1702,879,0,0,0,0,0,0,96527,0,0,31,0,0,0,0,0,0,0,3425,0,0,0,0,0,0
272,1550,273.03601724575975,99983,91,65,10,3,2390,1288,0.03678625366312273,67,31,48121,49013,1709,886,0,0,0,0,0,0,96505,0,0,31,0,0,0,0,0,0,0,3447,0,0,0,0,0,0
273,1550,274.0604766294597,99983,94,57,10,3,2409,1295,0.037046297870638005,61,31,48115,49010,1718,897,0,0,0,0,0,0,96474,0,0,31,0,0,0,0,0,0,0,3478,0,0,0,0,0,0
274,1550,275.0851492499116,99983,91,57,10,3,2423,1302,0.03725633357670804,69,33,48098,49004,1730,901,0,0,0,0,0,0,96451,0,0,32,0,0,0,0,0,0,0,3500,0,0,0,0,0,0
275,1550,276.11009977677503,99982,83,52,11,3,2433,1310,0.037436738612950334,72,34,48087,48997,1745,912,0,0,0,0,0,0,96421,0,0,33,0,0,0,0,0,0,0,3528,0,0,0,0,0,0
276,1550,277.1353453013417,99982,92,54,11,3,2450,1319,0.03769678542137585,72,33,48078,48991,1745,917,0,0,0,0,0,0,96406,0,0,33,0,0,0,0,0,0,0,3543,0,0,0,0,0,0
277,1550,278.160694101136,99981,96,57,11,4,2467,1332,0.03799721947169962,68,34,48080,48982,1743,921,0,0,0,0,0,0,96383,0,0,33,0,0,0,0,0,0,0,3565,0,0,0,0,0,0
278,1550,279.185993131657,99980,100,55,12,4,2483,1339,0.03822764552910582,76,36,48065,48979,1745,924,0,0,0,0,0,0,96362,0,0,33,0,0,0,0,0,0,0,3585,0,0,0,0,0,0
279,1550,280.2114881083682,99980,100,50,12,4,2503,1345,0.038487697539507905,76,38,48048,48973,1762,933,0,0,0,0,0,0,96331,0,0,33,0,0,0,0,0,0,0,3616,0,0,0,0,0,0
280,1550,281.2373111626864,99980,101,52,12,4,2525,1357,0.03882776555311062,70,40,48038,48964,1777,938,0,0,0,0,0,0,96300,0,0,33,0,0,0,0,0,0,0,3647,0,0,0,0,0,0
281,1550,282.2633726541897,99980,94,59,12,4,2540,1369,0.03909781956391278,70,35,48032,48959,1790,941,0,0,0,0,0,0,96276,0,0,36,0,0,0,0,0,0,0,3668,0,0,0,0,0,0
282,1550,283.289636543145,99980,95,60,12,4,2558,1379,0.039377875575115025,69,35,48018,48950,1804,949,0,0,0,0,0,0,96250,0,0,36,0,0,0,0,0,0,0,3694,0,0,0,0,0,0
283,1550,284.31618897407316,99980,96,61,12,4,2573,1389,0.039627925585117026,76,29,48003,48949,1811,955,0,0,0,0,0,0,96227,0,0,36,0,0,0,0,0,0,0,3717,0,0,0,0,0,0
284,1550,285.0007207017837,99980,99,61,12,4,2589,1396,0.039857971594318864,70,27,47998,48946,1819,960,0,0,0,0,0,0,96208,0,0,37,0,0,0,0,0,0,0,3735,0,0,0,0,0,0
285,1550,286.0276996105692,99980,92,57,12,4,2605,1405,0.040108021604320865,69,25,47986,48943,1839,969,0,0,0,0,0,0,96172,0,0,37,0,0,0,0,0,0,0,3771,0,0,0,0,0,0
286,1550,287.0550350427097,99980,105,48,12,4,2628,1408,0.040368073614722944,59,32,47976,48935,1846,979,0,0,0,0,0,0,96150,0,0,37,0,0,0,0,0,0,0,3793,0,0,0,0,0,0
287,1550,288.0825906283636,99980,113,50,12,4,2656,1413,0.04069813962792559,50,33,47968,48935,1855,976,0,0,0,0,0,0,96127,0,0,37,0,0,0,0,0,0,0,3816,0,0,0,0,0,0
288,1550,289.1102989828275,99979,110,43,13,4,2673,1419,0.04092859500495104,53,34,47956,48934,1866,983,0,0,0,0,0,0,96096,0,0,39,0,0,0,0,0,0,0,3844,0,0,0,0,0,0
289,1550,290.1382572409886,99979,109,42,13,4,2683,1424,0.04107862651156743,62,34,47947,48933,1867,985,0,0,0,0,0,0,96079,0,0,39,0,0,0,0,0,0,0,3861,0,0,0,0,0,0
290,1550,291.16634786920554,99979,100,48,13,4,2697,1434,0.04131867692215365,61,33,47943,48933,1881,980,0,0,0,0,0,0,96052,0,0,39,0,0,0,0,0,0,0,3888,0,0,0,0,0,0
291,1550,292.19459167383195,99979,101,48,13,4,2712,1445,0.041578731533622064,58,29,47938,48933,1888,984,0,0,0,0,0,0,96029,0,0,41,0,0,0,0,0,0,0,3909,0,0,0,0,0,0
292,1550,293.2230255010298,99979,102,51,13,4,2726,1456,0.041828784044649375,64,26,47925,48934,1894,983,0,0,0,0,0,0,96010,0,0,43,0,0,0,0,0,0,0,3926,0,0,0,0,0,0
293,1550,294.25165500404864,99979,104,59,13,4,2742,1465,0.042078836555676694,65,23,47916,48929,1900,983,0,0,0,0,0,0,95996,0,0,44,0,0,0,0,0,0,0,3939,0,0,0,0,0,0
294,1550,295.28039309415806,99979,111,54,13,4,2758,1468,0.04226887646405745,64,28,47910,48926,1900,986,0,0,0,0,0,0,95979,0,0,44,0,0,0,0,0,0,0,3956,0,0,0,0,0,0
295,1550,296.3092219518963,99979,112,55,13,4,2777,1475,0.04252893107552586,66,31,47894,48921,1913,987,0,0,0,0,0,0,95956,0,0,45,0,0,0,0,0,0,0,3978,0,0,0,0,0,0
296,1550,297.33834636913076,99979,106,49,13,4,2792,1481,0.04273897518478881,73,32,47885,48917,1921,996,0,0,0,0,0,0,95926,0,0,48,0,0,0,0,0,0,0,4005,0,0,0,0,0,0
297,1550,298.0245227120181,99979,111,51,13,4,2807,1487,0.04294901929405175,67,33,47883,48911,1924,999,0,0,0,0,0,0,95913,0,0,49,0,0,0,0,0,0,0,4017,0,0,0,0,0,0
298,1550,299.0538778910282,99979,117,46,13,4,2826,1493,0.043199071805079065,63,29,47875,48910,1930,1009,0,0,0,0,0,0,95889,0,0,49,0,0,0,0,0,0,0,4041,0,0,0,0,0,0
299,1550,300.0833877692692,99979,113,45,13,4,2834,1499,0.043339101211254366,61,30,47879,48909,1932,1010,0,0,0,0,0,0,95870,0,0,49,0,0,0,0,0,0,0,4060,0,0,0,0,0,0
300,1550,301.11295795006373,99979,119,47,13,4,2852,1507,0.04359915582272277,60,34,47865,48901,1941,1012,0,0,0,0,0,0,95852,0,0,49,0,0,0,0,0,0,0,4078,0,0,0,0,0,0
301,1550,302.1426887879346,99978,114,51,13,5,2866,1521,0.04387965352377523,60,31,47859,48893,1952,1018,0,0,0,0,0,0,95825,0,0,51,0,0,0,0,0,0,0,4102,0,0,0,0,0,0
302,1550,303.1725956494432,99978,121,53,13,5,2887,1529,0.04416971733781432,56,29,47852,48891,1956,1020,0,0,0,0,0,0,95805,0,0,51,0,0,0,0,0,0,0,4122,0,0,0,0,0,0
303,1550,304.2026285707618,99978,122,59,13,5,2901,1538,0.044399767948948766,62,35,47838,48878,1963,1021,0,0,0,0,0,0,95790,0,0,52,0,0,0,0,0,0,0,4136,0,0,0,0,0,0
304,1550,305.2328194774234,99978,124,56,13,5,2919,1545,0.04464982296105143,63,40,47825,48870,1973,1027,0,0,0,0,0,0,95768,0,0,56,0,0,0,0,0,0,0,4154,0,0,0,0,0,0
305,1550,306.2632560596533,99978,124,58,13,5,2934,1557,0.044919882374122304,70,36,47811,48864,1980,1035,0,0,0,0,0,0,95743,0,0,56,0,0,0,0,0,0,0,4179,0,0,0,0,0,0
306,1550,307.29393163969,99978,120,54,13,5,2946,1563,0.04509992198283622,77,36,47796,48861,1992,1042,0,0,0,0,0,0,95719,0,0,58,0,0,0,0,0,0,0,4201,0,0,0,0,0,0
307,1550,308.32493612352386,99977,115,54,14,5,2966,1572,0.045390439801154266,78,39,47781,48855,2010,1045,0,0,0,0,0,0,95687,0,0,60,0,0,0,0,0,0,0,4230,0,0,0,0,0,0
308,1550,309.0124697544282,99977,117,55,14,5,2985,1578,0.04564049731438231,73,39,47771,48854,2023,1045,0,0,0,0,0,0,95665,0,0,60,0,0,0,0,0,0,0,4252,0,0,0,0,0,0
309,1550,310.04402028340587,99977,118,58,14,5,3002,1588,0.0459105594286686,76,35,47759,48850,2031,1050,0,0,0,0,0,0,95642,0,0,60,0,0,0,0,0,0,0,4275,0,0,0,0,0,0
310,1550,311.07582340307886,99977,111,65,14,5,3020,1600,0.04621062844454225,73,32,47750,48853,2050,1043,0,0,0,0,0,0,95612,0,0,60,0,0,0,0,0,0,0,4305,0,0,0,0,0,0
311,1550,312.10790449262475,99977,113,61,14,5,3042,1608,0.0465106974604159,62,37,47745,48847,2064,1048,0,0,0,0,0,0,95580,0,0,60,0,0,0,0,0,0,0,4337,0,0,0,0,0,0
312,1550,313.14012226342714,99977,108,56,14,5,3057,1615,0.04673074807205657,65,43,47742,48839,2069,1055,0,0,0,0,0,0,95548,0,0,60,0,0,0,0,0,0,0,4369,0,0,0,0,0,0
313,1550,314.1724806424981,99977,114,62,14,5,3078,1629,0.04708082859057583,61,34,47728,48839,2081,1058,0,0,0,0,0,0,95526,0,0,61,0,0,0,0,0,0,0,4390,0,0,0,0,0,0
314,1550,315.20511997983783,99977,116,62,14,5,3092,1636,0.04729087690168739,70,36,47711,48833,2087,1062,0,0,0,0,0,0,95507,0,0,61,0,0,0,0,0,0,0,4409,0,0,0,0,0,0
315,1550,316.2379911821038,99977,116,64,14,5,3110,1647,0.04758094361703192,69,31,47704,48832,2095,1066,0,0,0,0,0,0,95480,0,0,61,0,0,0,0,0,0,0,4436,0,0,0,0,0,0
316,1550,317.2710806030948,99977,118,58,14,5,3130,1654,0.0478510057313182,64,30,47699,48830,2103,1075,0,0,0,0,0,0,95451,0,0,63,0,0,0,0,0,0,0,4463,0,0,0,0,0,0
317,1550,318.30436540700606,99977,120,62,14,5,3145,1664,0.048101063244546244,72,33,47685,48823,2107,1075,0,0,0,0,0,0,95433,0,0,64,0,0,0,0,0,0,0,4480,0,0,0,0,0,0
318,1550,319.3378017326402,99977,122,63,14,5,3163,1674,0.04838112765936165,68,29,47678,48819,2116,1082,0,0,0,0,0,0,95409,0,0,65,0,0,0,0,0,0,0,4503,0,0,0,0,0,0
319,1550,320.0268372657116,99977,122,55,14,5,3179,1678,0.048581173669944085,62,31,47673,48816,2126,1090,1,1,1,1,0,0,95381,0,0,66,0,0,0,0,0,0,1,4528,1,0,0,0,0,0
320,1550,321.0606345126515,99977,120,55,14,5,3196,1686,0.04883123118317213,57,28,47665,48813,2140,1095,2,2,2,2,0,0,95353,0,0,67,0,0,0,0,0,0,3,4553,1,0,0,0,0,0
321,1550,322.04356618444973,99977,127,52,14,5,3209,1690,0.0490012702921672,55,28,47661,48812,2138,1098,3,3,3,3,0,0,95338,0,0,67,0,0,0,0,0,0,5,4566,1,0,0,0,0,0
322,1550,323.0098897971237,99977,120,48,14,5,3224,1694,0.04919131400222051,57,35,47650,48804,2153,1102,4,4,4,4,0,0,95306,0,0,67,0,0,0,0,0,0,7,4596,1,0,0,0,0,0
323,1550,324.0662270346722,99977,117,61,14,5,3238,1712,0.04951138761915241,61,30,47636,48799,2165,1098,5,5,5,5,0,0,95284,0,0,69,0,0,0,0,0,0,9,4614,1,0,0,0,0,0
324,1550,325.14470500784444,99977,110,61,14,5,3259,1720,0.04980145433449693,69,30,47621,48796,2178,1100,6,6,6,6,0,0,95248,0,0,71,0,0,0,0,0,0,11,4646,1,0,0,0,0,0
325,1550,326.2205691541603,99977,102,65,14,5,3269,1730,0.050001500345079365,76,32,47610,48788,2189,1101,7,7,7,7,0,0,95222,0,0,71,0,0,0,0,0,0,13,4670,1,0,0,0,0,0
326,1550,327.0036267112495,99976,102,65,15,5,3282,1738,0.05021205089221413,76,39,47602,48775,2195,1106,8,8,8,8,0,0,95199,0,0,71,0,0,0,0,0,0,15,4690,1,0,0,0,0,0
327,1550,328.0743899520447,99976,101,66,15,5,3292,1747,0.050402096503160757,76,36,47598,48772,2199,1110,9,9,9,9,0,0,95179,0,0,72,0,0,0,0,0,0,17,4707,1,0,0,0,0,0
328,1550,329.11777558343977,99976,106,65,15,5,3316,1756,0.05073217572217332,70,36,47588,48770,2209,1112,10,10,10,10,0,0,95150,0,0,74,0,0,0,0,0,0,19,4732,1,0,0,0,0,0
329,1550,330.03352341507826,99976,106,64,15,5,3331,1762,0.050942226134272225,66,39,47585,48765,2216,1115,10,10,11,11,0,0,95128,0,0,76,0,0,0,0,0,0,21,4750,1,0,0,0,0,0
330,1550,331.04653532769817,99976,100,67,15,5,3340,1772,0.05113227174521885,72,40,47579,48758,2221,1117,11,11,12,12,0,0,95104,0,0,76,0,0,0,0,0,0,23,4772,1,0,0,0,0,0
331,1550,332.3027577834656,99976,98,60,15,5,3360,1779,0.051402336560774586,69,41,47569,48754,2235,1126,12,12,13,13,0,0,95067,0,0,77,0,0,0,0,0,0,25,4806,1,0,0,0,0,0
332,1550,333.0772516936714,99976,96,58,15,5,3375,1786,0.05162238937344963,67,42,47560,48746,2247,1134,13,13,14,14,0,0,95040,0,0,78,0,0,0,0,0,0,27,4830,1,0,0,0,0,0
333,1550,334.01284844084176,99975,97,53,16,5,3387,1791,0.051792948237059266,70,45,47558,48746,2243,1135,14,14,15,15,0,0,95018,0,0,79,0,0,0,0,0,0,29,4848,1,0,0,0,0,0
334,1550,335.0315753694741,99975,93,51,16,5,3396,1803,0.052003000750187545,77,38,47547,48743,2250,1146,15,15,16,16,0,0,94989,0,0,79,0,0,0,0,0,0,31,4875,1,0,0,0,0,0
335,1550,336.00270254464846,99975,90,48,16,5,3407,1808,0.05216304076019005,81,38,47541,48744,2255,1148,15,15,17,17,0,0,94966,0,0,80,0,0,0,0,0,0,33,4895,1,0,0,0,0,0
336,1550,337.008201355942,99975,95,44,16,5,3426,1814,0.052413103275818954,76,36,47533,48740,2262,1157,16,16,18,18,0,0,94942,0,0,82,0,0,0,0,0,0,35,4915,1,0,0,0,0,0
337,1550,338.0303710694513,99974,94,47,17,5,3445,1822,0.05268369776141797,70,32,47529,48739,2271,1158,17,17,19,19,0,0,94916,0,0,83,0,0,0,0,0,0,37,4937,1,0,0,0,0,0
338,1550,339.02026599254725,99974,96,44,17,5,3459,1826,0.05286374457358913,65,35,47527,48735,2275,1161,18,18,20,20,0,0,94895,0,0,83,0,0,0,0,0,0,39,4956,1,0,0,0,0,0
339,1550,340.0238953205679,99974,97,54,17,5,3475,1838,0.05314381739252205,60,33,47526,48728,2279,1159,19,19,21,21,0,0,94876,0,0,83,0,0,0,0,0,0,41,4973,1,0,0,0,0,0
340,1550,341.0024957869371,99974,106,56,17,5,3494,1849,0.05344389541280733,61,31,47510,48722,2284,1164,20,20,22,22,0,0,94860,0,0,88,0,0,0,0,0,0,43,4982,1,0,0,0,0,0
341,1550,342.03849510186643,99974,107,55,17,5,3515,1856,0.053723968231740256,64,33,47497,48714,2292,1170,21,21,23,23,0,0,94832,0,0,90,0,0,0,0,0,0,45,5006,1,0,0,0,0,0
342,1550,343.19569322320234,99974,102,49,17,5,3535,1862,0.05398403584932082,62,37,47486,48707,2309,1178,22,22,24,24,0,0,94795,0,0,92,0,0,0,0,0,0,47,5039,1,0,0,0,0,0
343,1550,344.23377890257535,99974,109,47,17,5,3554,1870,0.05425410606757757,64,37,47472,48702,2313,1185,23,22,25,25,0,0,94772,0,0,92,0,0,0,0,0,0,48,5060,2,0,0,0,0,0
344,1550,345.2720706552496,99974,106,50,17,5,3571,1883,0.05455418408786285,64,33,47463,48696,2324,1191,24,23,26,27,0,0,94741,0,0,93,0,0,0,0,0,0,50,5087,3,0,0,0,0,0
345,1550,346.31057979756486,99974,104,52,17,5,3583,1895,0.054794246504091065,69,32,47447,48687,2335,1197,26,25,28,29,0,0,94715,0,0,95,0,0,0,0,0,0,54,5107,3,0,0,0,0,0
346,1550,347.0030827693124,99974,108,51,17,5,3593,1900,0.0549442855142337,70,31,47440,48686,2335,1198,28,27,30,31,0,0,94704,0,0,99,0,0,0,0,0,0,57,5110,4,0,0,0,0,0
347,1550,348.0420464740967,99974,112,50,17,5,3611,1905,0.05517434532978575,80,38,47419,48675,2340,1201,30,29,32,33,0,0,94681,0,0,100,0,0,0,0,0,0,61,5128,4,0,0,0,0,0
348,1550,349.0812311906976,99974,118,54,17,5,3635,1916,0.055524436353451896,73,34,47410,48669,2348,1205,32,31,34,35,0,0,94653,0,0,101,0,0,0,0,0,0,65,5151,4,0,0,0,0,0
349,1550,350.1206238110176,99974,124,50,17,5,3656,1922,0.055794506571708646,74,40,47395,48659,2354,1210,34,34,37,38,0,0,94624,0,0,103,0,0,0,0,0,0,71,5172,4,0,0,0,0,0
350,1550,351.1603049992169,99974,120,44,17,5,3672,1927,0.05600456118590834,78,42,47385,48651,2361,1219,37,37,40,41,0,0,94587,0,0,103,0,0,0,0,0,0,77,5203,4,0,0,0,0,0
351,1550,352.2002572565502,99974,125,50,17,5,3694,1939,0.05634464960889831,76,38,47373,48644,2367,1221,40,40,43,44,0,0,94559,0,0,104,0,0,0,0,0,0,83,5224,4,0,0,0,0,0
352,1550,353.2404076005993,99974,126,50,17,5,3707,1948,0.05656470682377418,82,37,47357,48637,2372,1225,44,44,47,48,0,0,94530,0,0,104,0,0,0,0,0,0,91,5245,4,0,0,0,0,0
353,1550,354.2807564636351,99974,130,44,17,5,3723,1955,0.05679476663932623,86,39,47343,48627,2374,1236,48,47,51,52,0,0,94498,0,0,104,0,0,0,0,0,0,98,5269,5,0,0,0,0,0
354,1550,355.32138731381946,99973,131,46,18,5,3743,1964,0.05708541306152661,80,32,47339,48628,2377,1235,53,52,56,57,0,0,94462,0,0,104,0,0,0,0,0,0,108,5294,5,0,0,0,0,0
355,1550,356.0152207779802,99973,129,46,18,5,3755,1970,0.05726546167465216,79,30,47327,48621,2387,1239,58,57,61,62,0,0,94432,0,0,104,0,0,0,0,0,0,118,5314,5,0,0,0,0,0
356,1550,357.05625963989684,99973,131,44,18,5,3776,1978,0.05755553999579886,75,34,47311,48607,2400,1245,63,63,67,67,0,0,94397,0,0,106,0,0,0,0,0,0,126,5336,8,0,0,0,0,0
357,1550,358.0977200008454,99973,135,41,18,5,3796,1985,0.057825612915487185,73,34,47295,48599,2409,1252,68,67,73,73,0,0,94362,0,0,108,0,0,0,0,0,0,137,5357,9,0,0,0,0,0
358,1550,359.1395249648659,99973,127,42,18,5,3813,1993,0.0580756804337171,70,40,47280,48586,2428,1252,75,73,80,80,0,0,94317,0,0,109,0,0,0,0,0,0,151,5387,9,0,0,0,0,0
359,1550,360.18172496667216,99973,123,45,18,5,3832,2001,0.058345753353405416,74,42,47259,48572,2442,1253,82,81,88,87,0,0,94274,0,0,109,0,0,0,0,0,0,166,5415,9,0,0,0,0,0
360,1550,361.224370617645,99973,131,51,18,5,3855,2014,0.05870585057965651,72,33,47239,48561,2449,1258,89,90,97,95,0,0,94237,0,0,111,0,0,0,0,0,0,183,5433,9,0,0,0,0,0
361,1550,362.26741847391474,99973,123,46,18,5,3879,2021,0.05901593430226161,71,35,47210,48544,2478,1268,98,100,107,104,0,0,94175,0,0,112,0,0,0,0,0,0,202,5475,9,0,0,0,0,0
362,1550,363.3111610540831,99973,121,45,18,5,3895,2027,0.059235993718303945,74,40,47192,48529,2486,1272,107,107,118,113,0,0,94134,0,0,112,0,0,0,0,0,0,218,5496,13,0,0,0,0,0
363,1550,364.00721864909934,99973,120,44,18,5,3906,2032,0.05939603692997109,75,41,47180,48515,2489,1274,116,119,130,123,0,0,94096,0,0,113,0,0,0,0,0,0,239,5511,14,0,0,0,0,0
364,1550,365.0516480103755,99973,123,45,18,5,3924,2040,0.05965610714893021,77,40,47159,48501,2495,1277,126,130,143,134,0,0,94054,0,0,113,0,0,0,0,0,0,259,5529,18,0,0,0,0,0
365,1550,366.09645524513274,99973,128,44,18,5,3949,2048,0.05998619627299371,70,36,47138,48488,2506,1282,138,143,157,146,0,0,94002,0,0,113,0,0,0,0,0,0,282,5555,21,0,0,0,0,0
366,1550,367.1417704882295,99973,122,48,18,5,3958,2059,0.060186250287577646,74,32,47121,48470,2512,1285,151,158,172,159,0,0,93953,0,0,113,0,0,0,0,0,0,309,5576,22,0,0,0,0,0
367,1550,368.18747854303234,99973,118,49,18,5,3976,2069,0.06046632590799516,67,31,47105,48446,2526,1292,164,175,189,173,0,0,93895,0,0,116,0,0,0,0,0,0,339,5600,23,0,0,0,0,0
368,1550,369.23368924909516,99972,116,48,19,5,3997,2073,0.06071700076021286,67,37,47078,48422,2540,1293,178,193,207,188,0,0,93836,0,0,117,0,0,0,0,0,0,371,5624,24,0,0,0,0,0
369,1550,370.2804369449618,99972,120,42,19,5,4013,2077,0.06091705677589725,62,41,47056,48399,2546,1298,195,213,227,205,0,0,93779,0,0,117,0,0,0,0,0,0,406,5644,26,0,0,0,0,0
370,1550,371.32769055797604,99972,114,50,19,5,4027,2088,0.06116712679550274,62,38,47035,48376,2558,1295,210,234,249,223,0,0,93721,0,0,119,0,0,0,0,0,0,443,5660,29,0,0,0,0,0
371,1550,372.02613093613263,99972,106,51,19,5,4033,2094,0.061287160404913374,71,36,47009,48351,2564,1297,229,258,273,242,0,0,93665,0,0,119,0,0,0,0,0,0,480,5673,35,0,0,0,0,0
372,1550,373.07445590802837,99972,113,50,19,5,4055,2100,0.061567238826871526,66,44,46987,48319,2563,1297,250,283,299,263,0,0,93602,0,0,121,0,0,0,0,0,0,523,5687,39,0,0,0,0,0
373,1550,374.1232328964951,99972,114,56,19,5,4067,2114,0.061827311647261234,73,35,46954,48289,2566,1302,272,311,327,285,0,0,93536,0,0,122,0,0,0,0,0,0,571,5702,41,0,0,0,0,0
374,1550,375.1726486166682,99972,109,55,19,5,4090,2120,0.062117392870003604,72,37,46918,48253,2585,1308,295,340,357,309,0,0,93452,0,0,124,0,0,0,0,0,0,622,5730,44,0,0,0,0,0
375,1550,376.2228810974659,99972,120,57,19,5,4114,2128,0.062437482495098624,73,36,46879,48221,2588,1309,319,370,390,334,0,0,93378,0,0,123,1,0,0,0,0,0,677,5747,46,0,0,0,0,0
376,1550,377.27390431765406,99972,127,62,19,5,4134,2141,0.06276757492097787,70,29,46842,48190,2594,1307,346,405,425,361,0,0,93298,0,0,124,1,0,0,0,0,0,737,5764,48,0,0,0,0,0
377,1550,378.32570741533357,99972,122,62,19,5,4148,2148,0.06297763373744648,80,32,46800,48155,2603,1305,374,439,463,390,0,0,93208,0,0,124,1,0,0,0,0,0,801,5787,51,0,0,0,0,0
378,1550,379.0273562033223,99972,125,62,19,5,4159,2161,0.06321770095626776,77,25,46766,48111,2606,1315,405,480,504,421,0,0,93117,0,0,124,1,0,0,0,0,0,871,5806,53,0,0,0,0,0
379,1550,380.08075305169456,99972,122,59,19,5,4181,2166,0.06348777657744169,76,31,46726,48069,2618,1311,437,523,548,454,0,0,93011,0,0,125,1,0,0,0,0,0,945,5834,56,0,0,0,0,0
380,1550,381.1350831253408,99972,119,53,19,5,4197,2176,0.06374784939783139,76,31,46692,48020,2621,1321,471,568,595,489,0,0,92901,0,0,125,2,0,0,0,0,0,1021,5862,61,0,0,0,0,0
381,1550,382.1902656308514,99972,126,53,19,5,4219,2184,0.06404793342135798,76,32,46646,47965,2623,1325,508,618,646,526,0,0,92795,0,0,126,2,0,0,0,0,0,1105,5879,65,0,0,0,0,0
382,1550,383.2463926778417,99972,134,57,19,5,4242,2195,0.06438802864802144,71,35,46601,47906,2630,1326,543,669,700,566,0,0,92685,0,0,127,2,0,0,0,0,0,1194,5894,70,0,0,0,0,0
383,1550,384.30340785065175,99972,128,54,19,5,4260,2201,0.06462809586684272,79,38,46548,47847,2644,1327,580,727,758,608,0,0,92559,0,0,127,2,0,0,0,0,0,1287,5920,77,0,0,0,0,0
384,1550,385.00877501832065,99972,133,56,19,5,4273,2208,0.06482815188252711,78,37,46504,47785,2639,1327,625,788,820,653,0,0,92445,0,0,127,2,0,0,0,0,0,1388,5927,83,0,0,0,0,0
385,1550,386.06799643412097,99972,129,53,19,5,4292,2219,0.0651282359060537,70,40,46461,47712,2651,1335,668,853,886,700,0,0,92300,0,0,127,2,0,0,0,0,0,1496,5959,88,0,0,0,0,0
386,1550,387.1282936499634,99971,133,55,20,5,4312,2230,0.065438977303418,70,36,46402,47643,2657,1337,716,922,957,750,0,0,92162,0,0,127,2,0,0,0,0,0,1609,5975,96,0,0,0,0,0
387,1550,388.1898534111627,99971,120,60,20,5,4328,2242,0.06571905852697282,75,34,46348,47565,2671,1339,764,995,1032,803,0,0,92010,0,0,127,3,0,0,0,0,0,1726,5999,106,0,0,0,0,0
388,1550,389.25271607318194,99971,119,56,20,5,4345,2254,0.0660091426513689,77,38,46290,47486,2675,1341,817,1072,1112,859,0,0,91850,0,0,129,3,0,0,0,0,0,1854,6021,114,0,0,0,0,0
389,1550,390.3168412013029,99971,127,57,20,5,4370,2261,0.0663292354782887,61,38,46236,47408,2681,1337,873,1153,1197,918,0,0,91698,0,0,129,3,0,0,0,0,0,1983,6029,129,0,0,0,0,0
390,1550,391.0269903623002,99971,118,54,20,5,4376,2266,0.06643926738754238,64,40,46174,47318,2687,1340,935,1241,1287,980,0,0,91539,0,0,132,3,0,0,0,0,0,2122,6033,142,0,0,0,0,0
391,1550,392.09389694405394,99971,117,52,20,5,4392,2272,0.06665933120604975,71,45,46100,47226,2691,1336,999,1334,1382,1045,0,0,91363,0,0,132,3,0,0,0,0,0,2273,6049,151,0,0,0,0,0
392,1550,393.1624396848168,99971,112,55,20,5,4405,2280,0.06686939212371588,78,45,46026,47125,2695,1338,1067,1430,1483,1114,0,0,91179,0,0,131,4,0,0,0,0,0,2434,6064,159,0,0,0,0,0
393,1550,394.23266010392393,99970,114,64,21,5,4429,2297,0.06728018405521656,75,38,45950,47025,2704,1340,1134,1526,1590,1186,0,0,90987,0,0,134,4,0,0,0,0,0,2599,6073,173,0,0,0,0,0
394,1550,395.3046003019935,99970,121,69,21,5,4449,2309,0.0676002800840252,73,32,45873,46915,2706,1339,1204,1638,1703,1262,0,0,90787,0,0,134,4,0,0,0,0,0,2779,6084,182,0,0,0,0,0
395,1550,396.02017941311,99970,115,68,21,5,4456,2315,0.06773031909572871,84,35,45795,46799,2702,1340,1281,1751,1822,1341,0,0,90579,0,0,134,4,0,0,0,0,0,2967,6094,192,0,0,0,0,0
396,1550,397.0956481920062,99970,118,72,21,5,4477,2326,0.06805041512453736,88,37,45696,46672,2712,1341,1363,1871,1948,1424,0,0,90363,0,0,136,4,0,0,0,0,0,3160,6099,208,0,0,0,0,0
397,1550,398.17327475185124,99970,120,79,21,5,4501,2340,0.06843052915874763,83,32,45607,46546,2720,1338,1447,1998,2080,1511,0,0,90131,0,0,136,4,0,0,0,0,0,3363,6112,224,0,0,0,0,0
398,1550,399.2530523279275,99969,115,71,22,5,4524,2349,0.06875131290700116,74,37,45522,46406,2730,1345,1535,2134,2219,1602,0,0,89881,0,0,138,5,0,0,0,0,0,3571,6129,245,0,0,0,0,0
399,1550,400.33493196811224,99969,118,71,22,5,4547,2358,0.0690714121377627,66,41,45445,46263,2723,1343,1624,2275,2365,1697,0,0,89637,0,0,138,5,0,0,0,0,0,3786,6132,271,0,0,0,0,0
400,1550,401.0572277395822,99969,121,69,22,5,4560,2368,0.06930148345987255,67,39,45342,46112,2727,1349,1719,2424,2519,1796,0,0,89380,0,0,137,6,0,0,0,0,0,4021,6137,288,0,0,0,0,0
401,1550,402.1433709990382,99969,125,63,22,5,4578,2374,0.06954155788294371,63,49,45252,45950,2721,1349,1815,2582,2680,1900,0,0,89111,0,0,137,6,0,0,0,0,0,4264,6141,310,0,0,0,0,0
402,1550,403.2316996404348,99969,119,70,22,5,4596,2388,0.06986165711370525,63,45,45148,45794,2728,1350,1918,2734,2849,2008,0,0,88817,0,0,135,10,0,0,0,0,0,4529,6160,318,0,0,0,0,0
403,1550,404.32244885818665,99968,117,69,23,5,4614,2395,0.07011243597951344,59,44,45035,45630,2738,1348,2026,2902,3026,2120,0,0,88518,0,0,136,10,0,0,0,0,0,4801,6168,335,0,0,0,0,0
404,1550,405.0511653683206,99968,110,68,23,5,4623,2403,0.07028249039692702,65,44,44924,45449,2740,1347,2136,3085,3211,2237,0,0,88212,0,0,139,10,0,0,0,0,0,5085,6169,353,0,0,0,0,0
405,1550,406.1473817845091,99968,120,66,23,5,4644,2408,0.07054257362355953,64,46,44812,45271,2732,1344,2247,3266,3404,2359,0,0,87902,0,0,139,11,0,0,0,0,0,5378,6164,374,0,0,0,0,0
406,1550,407.24627182309484,99967,110,68,24,5,4665,2420,0.07087338821811198,54,41,44708,45089,2738,1339,2364,3456,3606,2485,0,0,87563,0,0,142,12,0,0,0,0,0,5680,6171,399,0,0,0,0,0
407,1550,408.3479505697339,99967,107,65,24,5,4678,2433,0.07113347404643533,57,40,44581,44888,2743,1344,2486,3656,3817,2616,0,0,87210,0,0,142,12,0,0,0,0,0,6001,6182,420,0,0,0,0,0
408,1550,409.0841043098694,99967,109,61,24,5,4687,2439,0.07128352356277572,54,42,44459,44681,2737,1342,2615,3867,4036,2752,0,0,86870,0,0,142,12,0,0,0,0,0,6324,6167,452,0,0,0,0,0
409,1550,410.19193206383534,99967,104,63,24,5,4701,2450,0.07153360609000971,57,40,44323,44474,2743,1339,2747,4077,4264,2893,0,0,86494,0,0,142,13,0,0,0,0,0,6673,6174,471,0,0,0,0,0
410,1550,411.3030866842434,99967,106,58,24,5,4720,2458,0.07180369521942241,52,46,44187,44250,2747,1340,2882,4299,4501,3039,0,0,86104,0,0,143,14,0,0,0,0,0,7035,6180,491,0,0,0,0,0
411,1550,412.04579461488964,99967,104,64,24,5,4728,2469,0.07199375794012024,53,37,44051,44026,2745,1333,3021,4533,4747,3190,0,0,85723,0,0,144,14,0,0,0,0,0,7402,6163,521,0,0,0,0,0
412,1550,413.1638442025078,99967,103,60,24,5,4741,2480,0.07223383716626487,53,37,43914,43784,2737,1337,3167,4775,5003,3346,0,0,85313,0,0,143,16,0,0,0,0,0,7784,6162,549,0,0,0,0,0
413,1550,414.2854282667689,99967,102,56,24,5,4758,2489,0.07249392299458822,49,35,43779,43541,2725,1335,3319,5026,5268,3507,0,0,84889,0,0,143,17,0,0,0,0,0,8178,6160,580,0,0,0,0,0
414,1550,415.0351238715011,99967,103,55,24,5,4770,2492,0.0726439725109286,50,41,43626,43288,2717,1327,3478,5282,5542,3674,0,0,84468,0,0,145,18,0,0,0,0,0,8587,6138,611,0,0,0,0,0
415,1550,416.1640462617666,99966,92,56,25,5,4778,2506,0.07286477402316788,55,32,43480,43025,2713,1327,3633,5553,5826,3846,0,0,84007,0,0,146,19,0,0,0,0,0,9018,6141,635,0,0,0,0,0
416,1550,417.29684531244396,99966,91,53,25,5,4794,2513,0.07309485224976492,57,33,43318,42756,2711,1329,3796,5822,6119,4023,0,0,83535,0,0,148,19,0,0,0,0,0,9465,6141,658,0,0,0,0,0
417,1550,418.05434783188196,99966,80,52,25,5,4799,2519,0.07320488966248524,63,33,43145,42472,2710,1321,3975,6115,6422,4205,0,0,83058,0,0,149,19,0,0,0,0,0,9920,6132,688,0,0,0,0,0
418,1550,419.1959291672158,99966,84,47,25,5,4818,2526,0.07346497809255147,54,34,42988,42194,2702,1319,4145,6399,6734,4392,0,0,82563,0,0,149,19,0,0,0,0,0,10388,6128,719,0,0,0,0,0
419,1550,420.3417859676269,99965,84,59,26,5,4837,2543,0.07382583904366528,77,51,42794,41891,2694,1301,4323,6691,7056,4585,0,0,82073,5,0,148,21,0,0,0,0,0,10855,6098,765,0,0,0,0,0
420,1550,421.28296265121253,99965,83,62,26,5,4857,2553,0.07412594408042815,80,51,42613,41602,2694,1292,4502,6986,7387,4783,0,0,81550,32,1,146,23,0,0,0,0,0,11350,6067,796,0,0,0,0,0
421,1550,422.2280568582029,99964,92,65,27,5,4874,2561,0.07437677563923012,81,55,42429,41291,2681,1287,4688,7295,7727,4986,0,0,81038,42,3,146,23,0,0,0,0,0,11849,6025,838,0,0,0,0,0
422,1550,423.17713828762373,99964,93,62,27,5,4893,2574,0.07469689088071706,94,53,42229,40962,2673,1290,4882,7626,8077,5194,0,0,80481,72,7,145,24,0,0,0,0,0,12372,5995,868,0,0,0,0,0
423,1550,424.1304665951861,99964,101,60,27,5,4913,2582,0.07497699171701813,105,58,42030,40627,2661,1287,5074,7961,8436,5408,0,0,79920,90,8,146,26,0,0,0,0,0,12914,5964,896,0,0,0,0,0
424,1550,425.08811010778345,99964,107,67,27,5,4933,2594,0.07529710695850506,116,55,41831,40289,2648,1276,5269,8306,8804,5627,0,0,79360,106,11,146,26,0,0,0,0,0,13455,5921,939,0,0,0,0,0
425,1550,426.05004873283053,99964,120,68,27,5,4964,2605,0.07571725821295666,112,57,41636,39943,2641,1273,5462,8652,9180,5851,0,0,78769,130,14,146,27,0,0,0,0,0,14019,5888,971,0,0,0,0,0
426,1550,427.0164606035485,99963,140,66,28,5,4998,2615,0.07615817852605464,109,64,41412,39584,2631,1271,5678,9008,9565,6080,0,0,78184,151,15,147,29,0,0,0,0,0,14582,5836,1019,0,0,0,0,0
427,1550,428.3121089437789,99963,145,78,28,5,5028,2639,0.076698378400008,117,67,41196,39218,2632,1275,5880,9355,9959,6314,0,0,77565,180,22,147,30,0,0,0,0,0,15165,5798,1056,0,0,0,0,0
428,1550,429.2882946422455,99963,140,80,28,5,5048,2649,0.0769984894410932,134,69,40969,38864,2634,1259,6093,9721,10361,6552,0,0,76942,208,26,146,32,0,0,0,0,0,15756,5754,1099,0,0,0,0,0
429,1550,430.2697229984218,99963,153,83,28,5,5078,2662,0.077428648599982,135,74,40734,38485,2633,1252,6315,10099,10771,6795,0,0,76309,230,30,147,32,0,0,0,0,0,16363,5711,1141,0,0,0,0,0
430,1550,431.2566008718122,99963,167,83,28,5,5111,2675,0.0778888188629793,148,80,40496,38111,2627,1248,6532,10471,11188,7043,0,0,75660,251,39,149,32,0,0,0,0,0,16982,5672,1178,0,0,0,0,0
431,1550,432.24894885173353,99963,188,94,28,5,5152,2694,0.0784890409451497,160,77,40235,37722,2625,1241,6762,10859,11613,7295,0,0,75009,272,45,148,34,0,0,0,0,0,17606,5626,1223,0,0,0,0,0
432,1550,433.24722417797284,99963,207,96,28,5,5194,2714,0.07910927043005912,175,77,39968,37329,2628,1239,6992,11252,12045,7552,0,0,74338,302,55,147,36,0,0,0,0,0,18237,5579,1269,0,0,0,0,0
433,1550,434.25178654888634,99963,218,94,28,5,5234,2731,0.079679481408121,190,80,39709,36933,2632,1234,7221,11652,12484,7813,0,0,73652,335,66,150,37,0,0,0,0,0,18879,5529,1315,0,0,0,0,0
434,1550,435.26262781663627,99963,226,108,28,5,5273,2761,0.08036973680261697,204,69,39450,36528,2632,1240,7458,12048,12929,8078,0,0,72942,373,72,152,38,0,0,0,0,0,19545,5489,1352,0,0,0,0,0
435,1550,436.27976802928475,99963,246,115,28,5,5328,2782,0.08113001810669948,200,77,39188,36123,2638,1236,7698,12442,13380,8347,0,0,72234,407,87,151,39,0,0,0,0,0,20204,5444,1397,0,0,0,0,0
436,1550,437.30346204724276,99963,245,123,28,5,5372,2801,0.0817602512929784,206,88,38929,35701,2651,1233,7939,12848,13837,8620,0,0,71505,449,94,154,43,0,0,0,0,0,20884,5398,1436,0,0,0,0,0
437,1550,438.3337737161087,99961,256,131,29,6,5424,2829,0.08256219925771051,212,88,38658,35278,2661,1228,8182,13267,14299,8897,0,0,70772,496,103,154,46,0,0,0,0,0,21559,5344,1487,0,0,0,0,0
438,1550,439.0244842121987,99961,262,135,29,6,5466,2844,0.08313242164444133,211,92,38376,34832,2674,1228,8446,13705,14766,9177,0,0,70040,530,111,157,48,0,0,0,0,0,22249,5292,1534,0,0,0,0,0
439,1550,440.06907825014673,99961,277,128,29,6,5522,2860,0.08385270255399606,229,108,38083,34408,2686,1231,8694,14117,15237,9461,0,0,69290,573,129,158,50,0,0,0,0,0,22938,5243,1580,0,0,0,0,0
440,1550,441.1212461061884,99961,296,140,29,6,5584,2896,0.08483308490311221,241,113,37797,33987,2693,1238,8942,14514,15712,9748,0,0,68531,620,146,161,50,0,0,0,0,0,23633,5190,1630,0,0,0,0,0
441,1550,442.1810796368149,99961,315,150,29,6,5651,2925,0.08579345944918518,232,117,37523,33560,2708,1237,9191,14928,16191,10038,0,0,67766,666,162,165,51,0,0,0,0,0,24336,5136,1679,0,0,0,0,0
442,1550,443.24851546631726,99961,320,154,29,6,5711,2956,0.08670381448765019,242,108,37242,33134,2726,1239,9439,15357,16673,10331,0,0,67002,720,184,168,54,0,0,0,0,0,25024,5068,1741,0,0,0,0,0
443,1550,444.32384934893525,99961,338,154,29,6,5774,2981,0.0875841578215504,261,131,36946,32688,2738,1243,9686,15776,17158,10627,0,0,66230,764,205,168,59,0,0,0,0,0,25731,5015,1789,0,0,0,0,0
444,1550,445.04515618347017,99961,351,167,29,6,5815,3011,0.08829443482958353,288,127,36643,32240,2735,1236,9952,16222,17646,10925,0,0,65476,792,219,167,63,0,0,0,0,0,26443,4956,1845,0,0,0,0,0
445,1550,446.1367297549417,99961,389,174,29,6,5905,3044,0.08952491471673953,282,137,36355,31811,2737,1230,10206,16640,18135,11225,0,0,64701,846,237,171,64,0,0,0,0,0,27146,4883,1913,0,0,0,0,0
446,1550,447.2365462825297,99961,400,188,29,6,5976,3088,0.09067536339172277,289,134,36071,31379,2759,1238,10450,17053,18626,11527,0,0,63902,900,265,175,67,0,0,0,0,0,27862,4831,1959,0,0,0,0,0
447,1550,448.34464946378574,99960,395,179,29,7,6041,3115,0.09159663865546218,325,146,35760,30942,2797,1252,10692,17472,19118,11831,0,0,63088,973,293,174,71,0,0,0,0,0,28574,4775,2012,0,0,0,0,0
448,1550,449.0885335397933,99960,414,184,29,7,6101,3136,0.09240696278511405,321,155,35463,30492,2811,1248,10960,17912,19611,12137,0,0,62311,1002,319,176,71,0,0,0,0,0,29296,4722,2063,0,0,0,0,0
449,1550,450.21507925057034,99960,434,211,29,7,6195,3189,0.09387755102040816,325,148,35165,30059,2844,1252,11201,18321,20104,12444,0,0,61496,1071,347,176,73,0,0,0,0,0,30014,4667,2116,0,0,0,0,0
450,1550,451.35067842920404,99959,446,214,30,7,6274,3224,0.0950189577726868,355,164,34864,29614,2867,1257,11436,18742,20597,12753,0,0,60679,1133,375,178,77,0,0,0,0,0,30740,4615,2162,0,0,0,0,0
451,1550,452.1128179559335,99959,469,214,30,7,6338,3247,0.09588931461899379,356,166,34576,29184,2863,1254,11704,19173,21089,13063,0,0,59914,1162,407,177,81,0,0,0,0,0,31444,4550,2224,0,0,0,0,0
452,1550,453.2668179012194,99959,484,221,30,7,6431,3299,0.09733990936283876,378,159,34261,28773,2904,1270,11941,19568,21580,13374,0,0,59103,1226,461,179,84,0,0,0,0,0,32137,4493,2276,0,0,0,0,0
453,1550,454.04154789949996,99959,523,220,30,7,6518,3321,0.09843035644614292,374,179,33954,28332,2906,1261,12211,19999,22069,13685,0,0,58334,1253,498,180,90,0,0,0,0,0,32842,4434,2328,0,0,0,0,0
454,1550,455.21571551817425,99959,544,252,30,7,6625,3381,0.10010104142698506,389,165,33635,27919,2955,1267,12445,20388,22556,13997,0,0,57515,1322,533,186,93,0,0,0,0,0,33557,4378,2375,0,0,0,0,0
455,1550,456.0041664989752,99958,547,260,30,8,6689,3413,0.10106244622741552,417,169,33327,27476,2981,1274,12696,20811,23041,14309,0,0,56709,1376,559,188,95,0,0,0,0,0,34282,4330,2419,0,0,0,0,0
456,1550,457.1992297935222,99957,562,270,31,8,6802,3459,0.10265414128075072,436,186,33002,27069,3038,1289,12929,21176,23524,14621,0,0,55892,1435,617,199,99,0,0,0,0,0,34980,4281,2454,0,0,0,0,0
457,1550,458.00197339574595,99957,583,269,31,8,6891,3489,0.10384465320087638,442,203,32680,26644,3076,1291,13186,21583,24004,14933,0,0,55103,1487,654,205,101,0,0,0,0,0,35678,4220,2509,0,0,0,0,0
458,1550,459.21947082153673,99957,604,277,31,8,7012,3548,0.10564542753383956,454,214,32362,26224,3128,1317,13419,21958,24480,15244,0,0,54268,1577,702,211,106,0,0,0,0,0,36373,4172,2548,0,0,0,0,0
459,1550,460.03744766467935,99957,616,299,31,8,7100,3596,0.10700601258541173,473,206,32049,25806,3165,1313,13664,22366,24953,15555,0,0,53488,1625,752,211,110,0,0,0,0,0,37055,4120,2596,0,0,0,0,0
460,1550,461.2778380343227,99957,664,317,31,8,7251,3667,0.1092269675960663,474,224,31732,25400,3208,1337,13889,22712,25422,15865,0,0,52689,1704,820,215,114,0,0,0,0,0,37706,4057,2652,0,0,0,0,0
461,1550,462.11127156281714,99957,688,335,31,8,7348,3720,0.11072761287353562,487,227,31417,24989,3243,1342,14132,23097,25887,16174,0,0,51922,1746,879,217,118,0,0,0,0,0,38371,4006,2698,0,0,0,0,0
462,1550,463.3748399377211,99957,741,356,31,8,7525,3804,0.11333873565633222,477,232,31116,24603,3312,1378,14321,23421,26347,16482,0,0,51103,1840,959,220,126,0,0,0,0,0,39014,3960,2735,0,0,0,0,0
463,1550,464.22365210103357,99957,771,364,31,8,7640,3852,0.11496943685784887,492,253,30797,24193,3351,1393,14556,23787,26803,16789,0,0,50327,1892,1014,231,131,0,0,0,0,0,39681,3910,2771,0,0,0,0,0
464,1550,465.08051558042524,99956,782,356,31,9,7760,3902,0.11667133538757053,521,252,30457,23822,3425,1427,14782,24132,27254,17095,0,0,49535,1980,1085,234,134,1,0,0,0,0,40313,3855,2819,0,0,0,0,0
465,1550,466.38150356843715,99956,798,395,31,9,7924,3998,0.11927247989115211,555,257,30127,23455,3525,1454,14962,24428,27699,17399,0,0,48740,2079,1173,242,142,1,0,0,0,0,40919,3794,2866,0,0,0,0,0
466,1550,467.2563790932563,99955,807,401,31,10,8031,4043,0.12079435746085739,549,270,29855,23091,3574,1464,15182,24762,28139,17701,0,0,47975,2141,1241,245,144,1,0,0,0,0,41552,3751,2905,0,0,0,0,0
467,1550,468.13937044877895,99955,830,407,31,10,8158,4100,0.12263518583362513,553,301,29548,22717,3632,1483,15404,25080,28573,18001,0,0,47218,2210,1319,245,151,1,0,0,0,0,42161,3705,2945,0,0,0,0,0
468,1550,469.0308602959542,99953,812,417,32,11,8272,4162,0.12439846727962142,581,311,29240,22350,3725,1508,15608,25401,29002,18299,0,0,46437,2303,1394,246,160,2,0,0,0,0,42770,3664,2977,0,0,0,0,0
469,1550,470.38430022182075,99952,831,426,33,11,8455,4268,0.12729109972786937,628,302,28927,22014,3811,1570,15768,25675,29425,18595,0,0,45649,2425,1508,257,167,3,0,0,0,0,43316,3600,3027,0,0,0,0,0
470,1550,471.2941325835396,99951,879,437,33,12,8610,4337,0.12953347140098648,611,295,28614,21671,3873,1593,15988,25990,29842,18889,0,0,44919,2488,1594,263,174,3,0,0,0,0,43894,3550,3066,0,0,0,0,0
471,1550,472.2133139067457,99951,910,451,33,12,8752,4408,0.1316645156126502,644,307,28303,21320,3930,1623,16178,26285,30252,19181,0,0,44198,2556,1679,267,179,4,0,0,0,0,44458,3497,3113,0,0,0,0,0
472,1550,473.1420290610969,99950,939,461,33,13,8900,4474,0.13380690345172586,686,306,27992,20983,3982,1649,16366,26586,30656,19470,0,0,43471,2625,1778,268,183,4,0,0,0,0,45015,3460,3146,0,0,0,0,0
473,1550,474.08028058313465,99949,995,470,34,13,9067,4547,0.13620946682808233,702,315,27692,20658,4034,1672,16541,26870,31054,19756,0,0,42768,2701,1858,274,191,4,0,0,0,0,45557,3397,3199,0,0,0,0,0
474,1550,475.02790506926453,99949,1016,474,34,13,9240,4623,0.13870073737606178,695,315,27409,20347,4136,1712,16708,27137,31445,20040,0,0,42050,2790,1966,285,200,4,0,0,0,0,46072,3339,3243,0,0,0,0,0
475,1550,476.4663583673705,99948,1059,494,35,13,9514,4746,0.14267419057910113,688,304,27073,20082,4303,1775,16840,27330,31830,20321,0,0,41276,2941,2125,286,215,4,0,0,0,0,46529,3293,3279,0,0,0,0,0
476,1550,477.43461625122615,99947,1094,488,36,13,9691,4805,0.14503686954085665,669,323,26794,19779,4372,1811,17033,27584,32208,20599,0,0,40581,3014,2231,300,220,4,0,0,0,0,47036,3245,3316,0,0,0,0,0
477,1550,478.4128574280567,99947,1113,491,36,13,9870,4869,0.14746815812380562,684,348,26502,19499,4469,1850,17194,27797,32579,20874,0,0,39870,3117,2331,308,225,5,0,0,0,0,47541,3199,3351,0,0,0,0,0
478,1550,479.4018047871555,99947,1097,521,36,13,10008,4973,0.14988944140394408,725,324,26221,19232,4563,1886,17356,28022,32944,21146,0,0,39202,3198,2446,325,236,5,0,0,0,0,48009,3132,3394,0,0,0,0,0
479,1550,480.4005815307015,99946,1133,537,37,13,10205,5065,0.15278250255137774,706,329,25940,18954,4669,1925,17513,28240,33302,21415,0,0,38522,3282,2570,336,247,5,0,0,0,0,48474,3090,3420,0,0,0,0,0
480,1550,481.4098995769342,99946,1149,554,37,13,10396,5153,0.15557400996538132,705,323,25655,18714,4777,1957,17675,28437,33653,21681,0,0,37854,3370,2701,340,263,5,0,0,0,0,48916,3049,3448,0,0,0,0,0
481,1550,482.4302950227667,99946,1152,560,37,13,10561,5235,0.15804534448602245,760,335,25367,18470,4873,1990,17809,28630,33997,21943,0,0,37206,3455,2826,347,273,6,0,0,0,0,49345,2999,3489,0,0,0,0,0
482,1550,483.4614842203197,99946,1208,562,37,13,10779,5317,0.1610469653612951,751,355,25118,18215,4975,2047,17909,28806,34335,22202,0,0,36562,3541,2957,357,285,6,0,0,0,0,49769,2950,3519,0,0,0,0,0
483,1550,484.50256777123315,99946,1235,555,37,13,10986,5408,0.1640285754307326,746,366,24847,17970,5080,2114,18053,28980,34666,22457,0,0,35915,3637,3116,365,295,6,0,0,0,0,50156,2907,3549,0,0,0,0,0
484,1550,485.02620573391164,99945,1228,559,38,13,11073,5456,0.16538095952774026,744,373,24624,17706,5121,2130,18243,29217,34990,22709,0,0,35350,3656,3212,376,297,7,0,0,0,0,50598,2865,3584,0,0,0,0,0
485,1550,486.08798939252557,99944,1254,567,39,13,11280,5558,0.1684743456335548,767,366,24360,17503,5236,2181,18342,29368,35308,22958,0,0,34744,3732,3373,395,307,7,0,0,0,0,50958,2809,3619,0,0,0,0,0
486,1550,487.16055970663524,99944,1260,586,39,13,11495,5655,0.17159609381253502,747,387,24127,17286,5368,2223,18457,29503,35619,23203,0,0,34123,3837,3524,406,318,8,0,0,0,0,51316,2758,3654,0,0,0,0,0
487,1550,488.2436674003296,99942,1277,594,39,15,11695,5764,0.17469132096616038,764,384,23875,17094,5483,2277,18560,29634,35923,23445,0,0,33532,3911,3694,421,329,8,0,0,0,0,51649,2713,3685,0,0,0,0,0
488,1550,489.3377605906274,99942,1286,582,39,15,11906,5858,0.1777430909927758,763,394,23652,16914,5598,2338,18660,29755,36221,23683,0,0,32944,3988,3870,432,352,9,0,0,0,0,51966,2676,3705,0,0,0,0,0
489,1550,490.44206218107513,99939,1281,616,39,18,12110,5970,0.1809103553167432,768,372,23443,16747,5734,2374,18733,29871,36512,23917,0,0,32377,4061,4057,431,369,9,0,0,0,0,52263,2642,3730,0,0,0,0,0
490,1550,491.5563749890736,99939,1294,626,39,18,12347,6075,0.18433244279010197,744,385,23247,16574,5866,2425,18808,29970,36797,24148,0,0,31800,4141,4257,445,384,9,0,0,0,0,52550,2609,3744,0,0,0,0,0
491,1550,492.1159241869986,99939,1305,634,39,18,12470,6135,0.1861635597714606,737,365,23055,16380,5912,2446,18950,30155,37076,24375,0,0,31312,4158,4385,451,392,10,0,0,0,0,52890,2568,3773,0,0,0,0,0
492,1550,493.2490445804336,99938,1326,640,40,18,12685,6236,0.18932738297744603,720,381,22840,16208,6050,2502,19022,30249,37348,24599,0,0,30766,4228,4543,468,411,11,0,0,0,0,53186,2529,3796,0,0,0,0,0
493,1550,494.3926040790801,99937,1302,635,41,18,12883,6333,0.1922811371163833,719,382,22654,16066,6188,2565,19094,30332,37614,24819,0,0,30231,4301,4735,483,434,13,0,0,0,0,53439,2489,3812,0,0,0,0,0
494,1550,495.54589570374117,99936,1321,636,41,19,13107,6445,0.1956452129362792,708,378,22447,15905,6323,2643,19158,30417,37874,25035,0,0,29699,4376,4938,497,448,13,0,0,0,0,53683,2456,3826,0,0,0,0,0
495,1550,496.12530940798524,99935,1320,626,41,20,13199,6490,0.1970180617401311,716,389,22284,15740,6351,2657,19286,30566,38128,25248,0,0,29266,4380,5059,493,467,14,0,0,0,0,53986,2421,3849,0,0,0,0,0
496,1550,497.29824399739294,99935,1290,655,41,20,13397,6622,0.20032020813528795,738,335,22100,15627,6506,2722,19323,30639,38376,25457,0,0,28743,4465,5262,501,487,14,0,0,0,0,54210,2390,3863,0,0,0,0,0
497,1550,498.4807936008097,99932,1295,662,44,20,13615,6727,0.20355841972541328,755,341,21888,15491,6639,2782,19377,30702,38618,25663,0,0,28235,4548,5439,513,509,14,0,0,0,0,54441,2353,3880,0,0,0,0,0
498,1550,499.075203790712,99932,1280,658,44,20,13730,6774,0.205179522075011,750,349,21729,15316,6699,2811,19496,30844,38855,25865,0,0,27811,4567,5580,511,526,14,0,0,0,0,54699,2321,3903,0,0,0,0,0
499,1550,500.2780506623465,99932,1319,614,44,20,13938,6861,0.20813152944001923,762,366,21561,15201,6782,2890,19530,30907,39086,26064,0,0,27351,4619,5783,520,545,17,0,0,0,0,54893,2290,3914,0,0,0,0,0
500,1550,501.4899834452067,99932,1333,616,44,20,14180,6986,0.21180402673818197,714,361,21422,15097,6924,2976,19561,30928,39312,26259,0,0,26883,4678,6012,532,573,18,0,0,0,0,55052,2266,3918,0,0,0,0,0
501,1550,502.09829772395705,99932,1354,615,44,20,14293,7036,0.21343513589240684,716,360,21268,14956,6958,3002,19658,31045,39532,26451,0,0,26494,4684,6118,530,596,18,0,0,0,0,55320,2238,3934,0,0,0,0,0
502,1550,503.3272190100306,99931,1307,573,45,20,14502,7121,0.21637930171818553,740,389,21070,14874,7128,3086,19708,31056,39747,26639,0,0,26032,4754,6357,549,622,19,0,0,0,0,55447,2206,3945,0,0,0,0,0
503,1550,504.5677245444007,99929,1280,584,47,20,14726,7241,0.21982607651432517,701,359,20936,14791,7299,3160,19735,31084,39957,26824,0,0,25556,4848,6545,567,648,21,0,0,0,0,55611,2173,3960,0,0,0,0,0
504,1550,505.19039491880665,99928,1270,593,48,20,14829,7308,0.22152950124089343,715,341,20781,14670,7346,3183,19838,31191,40161,27005,0,0,25173,4866,6668,567,666,22,0,0,0,0,55844,2151,3971,0,0,0,0,0
505,1550,506.4493263357968,99926,1274,579,50,20,15053,7404,0.22473630486560053,711,349,20647,14628,7476,3242,19840,31180,40360,27183,0,0,24753,4922,6881,575,697,22,0,0,0,0,55975,2127,3974,0,0,0,0,0
506,1550,507.0812667649164,99925,1290,584,50,21,15173,7463,0.2265298974230673,699,331,20512,14508,7500,3271,19947,31283,40555,27358,0,0,24409,4931,7002,574,715,22,0,0,0,0,56178,2093,4001,0,0,0,0,0
507,1550,508.35728822235916,99925,1281,564,50,21,15397,7569,0.22983237428071054,706,312,20383,14452,7643,3366,19935,31283,40745,27529,0,0,23989,5005,7227,585,740,23,0,0,0,0,56279,2065,4012,0,0,0,0,0
508,1550,509.64192453905724,99922,1252,552,53,21,15599,7663,0.23280158523648445,701,313,20264,14395,7793,3430,19935,31287,40930,27697,0,0,23575,5074,7435,599,762,23,0,0,0,0,56393,2041,4020,0,0,0,0,0
509,1550,510.28649616751403,99922,1242,556,53,21,15714,7710,0.23442284982286182,670,307,20149,14285,7863,3447,20021,31382,41110,27862,0,0,23242,5079,7549,606,780,24,0,0,0,0,56588,2014,4040,0,0,0,0,0
510,1550,511.58724860282194,99920,1207,551,55,21,15918,7817,0.2375400320256205,673,311,20063,14228,8004,3523,19996,31364,41286,28024,0,0,22853,5135,7785,611,806,26,0,0,0,0,56664,1999,4041,0,0,0,0,0
511,1550,512.2389810024528,99920,1204,543,55,21,16031,7853,0.239031224979984,663,330,19947,14156,8059,3529,20070,31419,41457,28183,0,0,22559,5117,7919,627,817,29,0,0,0,0,56830,1966,4056,0,0,0,0,0
512,1550,513.5496404542339,99918,1206,563,56,22,16259,7964,0.24242879160911948,638,322,19836,14130,8179,3569,20083,31392,41624,28338,0,0,22196,5166,8121,639,842,30,0,0,0,0,56916,1944,4064,0,0,0,0,0
513,1550,514.2071049381096,99916,1202,565,58,22,16376,8025,0.2442151407182033,622,299,19722,14077,8230,3599,20164,31436,41787,28490,0,0,21899,5164,8258,645,862,32,0,0,0,0,57062,1921,4073,0,0,0,0,0
514,1550,515.5145044273594,99915,1180,565,59,22,16574,8131,0.24726017114547366,590,289,19660,14072,8353,3666,20156,31384,41946,28639,0,0,21547,5218,8452,659,895,32,0,0,0,0,57137,1894,4081,0,0,0,0,0
515,1550,516.1697123837391,99915,1176,557,59,22,16690,8179,0.24890156633138166,567,281,19558,13998,8413,3695,20225,31445,42101,28785,0,0,21254,5226,8580,663,916,32,0,0,0,0,57280,1873,4091,0,0,0,0,0
516,1550,517.4740394394441,99915,1165,552,59,22,16879,8280,0.2518040334284142,565,269,19489,13994,8531,3764,20189,31397,42252,28928,0,0,20923,5268,8788,678,934,32,0,0,0,0,57339,1852,4101,0,0,0,0,0
517,1550,518.1282912611763,99915,1154,537,59,22,16967,8330,0.25318520742631234,580,257,19395,13924,8564,3806,20246,31452,42399,29069,0,0,20643,5264,8921,685,948,33,0,0,0,0,57478,1841,4102,0,0,0,0,0
518,1550,519.4315206453222,99913,1183,509,59,24,17180,8402,0.2560427571987629,568,278,19323,13929,8664,3871,20201,31387,42542,29207,0,0,20347,5289,9096,698,985,34,0,0,0,0,57544,1814,4106,0,0,0,0,0
519,1550,520.0851967206164,99913,1156,502,59,24,17271,8438,0.25731386306086296,587,290,19243,13856,8707,3884,20246,31442,42682,29342,0,0,20085,5278,9222,708,1002,34,0,0,0,0,57672,1802,4110,0,0,0,0,0
520,1550,521.3879799178677,99909,1108,513,63,24,17440,8531,0.25994655136173916,596,273,19182,13878,8828,3925,20221,31385,42818,29474,0,0,19787,5313,9406,719,1033,35,0,0,0,0,57716,1783,4117,0,0,0,0,0
521,1550,522.0410521880221,99909,1093,500,63,24,17533,8578,0.2613478265221351,596,271,19094,13831,8883,3951,20269,31421,42951,29603,0,0,19538,5311,9533,730,1048,35,0,0,0,0,57825,1759,4130,0,0,0,0,0
522,1550,523.3432509538908,99907,1094,490,64,25,17728,8667,0.2641957020028627,562,259,19037,13856,8988,4015,20253,31353,43080,29730,0,0,19263,5339,9725,746,1074,37,0,0,0,0,57853,1733,4137,0,0,0,0,0
523,1550,524.6474726665732,99905,1069,457,65,26,17901,8742,0.26668334918172265,560,271,18982,13905,9112,4080,20210,31259,43206,29854,0,0,18963,5390,9897,762,1103,38,0,0,0,0,57895,1715,4142,0,0,0,0,0
524,1550,525.3013769230969,99905,1060,461,65,26,17992,8786,0.2680346329012562,550,262,18900,13877,9163,4082,20260,31290,43329,29976,0,0,18738,5382,10021,767,1113,38,0,0,0,0,57995,1698,4153,0,0,0,0,0
525,1550,526.6056890727061,99904,1048,450,66,26,18174,8867,0.27066984304932734,534,255,18875,13877,9266,4139,20209,31251,43449,30095,0,0,18458,5431,10199,776,1140,38,0,0,0,0,58028,1678,4156,0,0,0,0,0
526,1550,527.259866498663,99904,1020,447,66,26,18266,8908,0.2720011210762332,507,264,18811,13842,9328,4154,20266,31265,43566,30212,0,0,18237,5431,10333,780,1152,41,0,0,0,0,58107,1661,4162,0,0,0,0,0
527,1550,528.5650688507097,99904,1020,456,66,26,18442,9005,0.27473374439461884,490,255,18803,13867,9411,4210,20208,31184,43680,30326,0,0,17985,5463,10504,795,1173,41,0,0,0,0,58133,1636,4174,0,0,0,0,0
528,1550,529.2199795359747,99904,1020,442,66,26,18527,9041,0.2759449071108264,490,243,18736,13850,9445,4232,20241,31205,43791,30438,0,0,17781,5456,10609,798,1187,44,0,0,0,0,58225,1621,4183,0,0,0,0,0
529,1550,530.526717430741,99903,976,417,67,26,18674,9106,0.27806972763580673,474,238,18714,13888,9551,4289,20216,31140,43899,30548,0,0,17552,5480,10802,801,1216,48,0,0,0,0,58215,1602,4187,0,0,0,0,0
530,1550,531.1819773461194,99903,978,419,67,26,18758,9146,0.27931093160365555,443,243,18683,13857,9569,4304,20258,31149,44004,30655,0,0,17361,5486,10891,793,1240,49,0,0,0,0,58304,1583,4196,0,0,0,0,0
531,1550,532.4892751772477,99902,966,429,68,26,18906,9232,0.2816560229024444,455,232,18644,13898,9649,4350,20216,31063,44106,30760,0,0,17137,5513,11048,801,1262,50,0,0,0,0,58325,1564,4202,0,0,0,0,0
532,1550,533.144790833686,99902,953,431,68,26,18981,9273,0.2828171608176013,455,218,18600,13897,9670,4368,20252,31058,44206,30863,0,0,16946,5515,11144,801,1277,51,0,0,0,0,58408,1548,4212,0,0,0,0,0
533,1550,534.452585963352,99901,958,429,69,26,19148,9346,0.28522237014644497,423,203,18620,13938,9727,4407,20201,30995,44303,30964,0,0,16737,5537,11299,803,1305,53,0,0,0,0,58415,1533,4219,0,0,0,0,0
534,1550,535.1086521528724,99901,952,425,69,26,19216,9384,0.2862834205863805,432,195,18580,13921,9736,4429,20229,31002,44398,31063,0,0,16565,5534,11399,805,1315,53,0,0,0,0,58483,1512,4235,0,0,0,0,0
535,1550,536.4182963492385,99900,904,411,69,27,19355,9456,0.2883983983983984,420,181,18590,13974,9846,4484,20169,30921,44490,31159,0,0,16339,5574,11581,814,1335,55,0,0,0,0,58470,1500,4232,0,0,0,0,0
536,1550,537.0757856821978,99900,897,396,69,27,19420,9479,0.28927927927927927,417,192,18559,13964,9855,4493,20201,30926,44580,31253,0,0,16186,5552,11671,818,1353,57,0,0,0,0,58538,1488,4237,0,0,0,0,0
537,1550,538.3885824438181,99900,862,391,69,27,19547,9538,0.29114114114114115,404,194,18581,14033,9931,4523,20151,30830,44668,31345,0,0,16000,5563,11817,825,1385,58,0,0,0,0,58539,1476,4237,0,0,0,0,0
538,1550,539.0470956762676,99899,854,385,70,27,19624,9571,0.2922451676192955,390,188,18543,14022,9958,4541,20183,30835,44754,31435,0,0,15841,5556,11908,832,1398,61,0,0,0,0,58598,1461,4244,0,0,0,0,0
539,1550,540.3620877095924,99896,814,388,73,27,19743,9640,0.29413590133739087,365,178,18575,14087,10025,4567,20146,30751,44837,31524,0,0,15662,5574,12054,841,1420,64,0,0,0,0,58589,1440,4252,0,0,0,0,0
540,1550,541.0214301789713,99896,794,366,73,27,19798,9661,0.2948966925602627,380,191,18552,14088,10044,4588,20155,30738,44918,31611,0,0,15515,5564,12150,841,1438,64,0,0,0,0,58637,1428,4259,0,0,0,0,0
541,1550,542.3387227667989,99896,770,375,73,27,19930,9729,0.29689877472571474,367,175,18556,14169,10123,4606,20109,30646,44997,31696,0,0,15335,5587,12276,846,1467,66,0,0,0,0,58640,1416,4263,0,0,0,0,0
542,1550,543.6596536175864,99894,741,345,75,27,20062,9783,0.29876669269425593,338,161,18597,14237,10195,4656,20052,30572,45074,31779,0,0,15166,5593,12437,857,1495,69,0,0,0,0,58609,1406,4262,0,0,0,0,0
543,1550,544.3221676368951,99893,747,339,76,27,20127,9804,0.29963060474707937,316,170,18583,14245,10211,4663,20065,30554,45149,31860,0,0,15033,5585,12511,855,1509,69,0,0,0,0,58668,1393,4270,0,0,0,0,0
544,1550,545.6473981920386,99893,680,311,76,27,20214,9852,0.30098205079435,337,159,18620,14332,10274,4712,20011,30457,45222,31940,0,0,14852,5616,12652,860,1530,75,0,0,0,0,58658,1384,4266,0,0,0,0,0
545,1550,546.3122899834058,99893,679,299,76,27,20270,9878,0.30180292913417356,331,156,18605,14340,10268,4727,20039,30449,45294,32018,0,0,14735,5588,12752,862,1540,76,0,0,0,0,58694,1377,4269,0,0,0,0,0
546,1550,547.6409591014917,99893,663,292,76,27,20379,9922,0.3033345679877469,296,145,18661,14437,10319,4741,19983,30356,45364,32094,0,0,14602,5575,12866,878,1566,78,0,0,0,0,58697,1361,4270,0,0,0,0,0
547,1550,548.306879909793,99893,649,288,76,27,20429,9951,0.3041254141931867,287,135,18644,14446,10339,4746,20003,30356,45432,32169,0,0,14476,5570,12954,878,1574,79,0,0,0,0,58736,1349,4277,0,0,0,0,0
548,1550,549.6388526942935,99892,634,262,77,27,20533,10002,0.30568013454530896,276,125,18674,14551,10379,4791,19958,30242,45498,32242,0,0,14334,5577,13094,884,1595,80,0,0,0,0,58711,1339,4278,0,0,0,0,0
549,1550,550.3068358149752,99892,622,260,77,27,20579,10026,0.30638089136267166,267,125,18684,14579,10378,4785,19970,30222,45563,32314,0,0,14237,5554,13172,882,1612,81,0,0,0,0,58741,1324,4289,0,0,0,0,0
550,1550,551.6417561686167,99892,587,254,77,27,20653,10064,0.3075021022704521,260,118,18766,14670,10404,4792,19904,30137,45626,32384,0,0,14107,5554,13281,886,1633,81,0,0,0,0,58744,1316,4290,0,0,0,0,0
551,1550,552.3113748770986,99892,554,253,77,27,20691,10080,0.30804268610098906,256,116,18772,14681,10429,4793,19910,30128,45687,32453,0,0,13991,5555,13342,886,1645,83,0,0,0,0,58788,1301,4301,0,0,0,0,0
552,1550,553.6512933803714,99892,544,251,77,27,20769,10125,0.3092740159372122,239,96,18848,14796,10436,4798,19854,30030,45747,32520,0,0,13875,5553,13446,889,1657,86,0,0,0,0,58790,1290,4306,0,0,0,0,0
553,1550,554.3235767190307,99892,528,246,77,27,20801,10141,0.3097545348976895,238,99,18867,14811,10431,4793,19857,30022,45805,32586,0,0,13775,5534,13513,891,1666,86,0,0,0,0,58832,1283,4312,0,0,0,0,0
554,1550,555.6679339662386,99891,501,246,78,27,20868,10188,0.3108988797789591,235,87,18915,14889,10458,4800,19811,29949,45862,32650,0,0,13674,5517,13625,898,1685,87,0,0,0,0,58820,1273,4312,0,0,0,0,0
555,1550,556.3423120115056,99891,501,245,78,27,20910,10205,0.311489523580703,236,84,18914,14910,10448,4796,19821,29936,45918,32713,0,0,13586,5495,13688,895,1699,87,0,0,0,0,58859,1267,4315,0,0,0,0,0
556,1550,557.0163282044775,99891,486,232,78,27,20943,10219,0.3119600364397193,231,87,18936,14936,10443,4803,19824,29913,45972,32775,0,0,13487,5485,13751,894,1714,87,0,0,0,0,58897,1261,4315,0,0,0,0,0
557,1550,558.3637834561243,99891,471,220,78,27,21017,10248,0.3129911603647976,219,80,19011,15038,10454,4811,19765,29822,46025,32835,0,0,13379,5490,13842,899,1730,87,0,0,0,0,58896,1246,4322,0,0,0,0,0
558,1550,559.039793115343,99891,452,213,78,27,21056,10259,0.3134917059594958,214,79,19023,15065,10468,4811,19763,29803,46077,32894,0,0,13284,5485,13899,896,1743,89,0,0,0,0,58929,1238,4328,0,0,0,0,0
559,1550,560.3921780711652,99891,454,197,78,27,21138,10281,0.31453284079646815,187,85,19107,15160,10473,4809,19699,29720,46127,32952,0,0,13181,5487,13978,899,1758,90,0,0,0,0,58934,1228,4336,0,0,0,0,0
560,1550,561.0708400697821,99891,437,194,78,27,21173,10297,0.31504339730306036,178,85,19116,15206,10475,4806,19714,29680,46176,33009,0,0,13094,5473,14033,904,1768,91,0,0,0,0,58968,1217,4343,0,0,0,0,0
561,1550,562.4280216769015,99891,405,188,78,27,21222,10328,0.3158442702545775,175,81,19181,15314,10496,4808,19663,29580,46224,33064,0,0,12993,5471,14119,907,1781,93,0,0,0,0,58973,1212,4342,0,0,0,0,0
562,1550,563.1083592847463,99890,397,185,79,27,21251,10341,0.31626789468415256,177,76,19198,15343,10494,4806,19653,29561,46271,33118,0,0,12917,5451,14174,910,1787,94,0,0,0,0,59008,1203,4346,0,0,0,0,0
563,1550,564.4697712310807,99890,372,172,79,27,21315,10362,0.31711883071378516,175,84,19285,15441,10502,4813,19585,29461,46317,33171,0,0,12823,5450,14263,911,1803,95,0,0,0,0,59000,1196,4349,0,0,0,0,0
564,1550,565.1527837719777,99889,372,175,80,27,21349,10375,0.3175925277057534,172,81,19311,15490,10484,4804,19579,29421,46362,33223,0,0,12754,5428,14312,912,1811,95,0,0,0,0,59034,1189,4354,0,0,0,0,0
565,1550,566.5200184412298,99889,361,175,80,27,21399,10403,0.31837339446785934,169,77,19390,15605,10472,4799,19526,29315,46406,33274,0,0,12674,5418,14377,917,1827,95,0,0,0,0,59046,1179,4356,0,0,0,0,0
566,1550,567.2055106248049,99889,358,170,80,27,21427,10415,0.318773838961247,166,80,19425,15640,10453,4793,19516,29288,46448,33324,0,0,12600,5405,14422,918,1833,96,0,0,0,0,59082,1172,4361,0,0,0,0,0
567,1550,568.5773131699389,99889,356,161,80,27,21495,10439,0.3196948612960386,144,86,19518,15748,10455,4798,19445,29178,46489,33373,0,0,12516,5404,14474,920,1861,97,0,0,0,0,59095,1165,4357,0,0,0,0,0
568,1550,569.2646442592699,99889,344,159,80,27,21521,10454,0.320105316901761,135,89,19521,15790,10459,4793,19459,29140,46529,33421,0,0,12434,5403,14510,919,1874,97,0,0,0,0,59134,1161,4357,0,0,0,0,0
569,1550,570.6371293421898,99889,315,160,80,27,21575,10483,0.3209362392255404,121,76,19617,15918,10464,4781,19401,29036,46569,33468,0,0,12358,5388,14575,928,1892,101,0,0,0,0,59135,1155,4357,0,0,0,0,0
570,1550,571.3213777964552,99889,295,162,80,27,21590,10496,0.32121655037091174,119,72,19645,15956,10456,4772,19403,29009,46608,33514,0,0,12291,5382,14608,925,1905,102,0,0,0,0,59168,1146,4362,0,0,0,0,0
571,1550,572.0046463393476,99889,282,162,80,27,21608,10515,0.3215869615272953,127,63,19655,15997,10453,4776,19401,28973,46646,33559,0,0,12217,5376,14646,927,1912,102,0,0,0,0,59202,1140,4367,0,0,0,0,0
572,1550,573.3693092809052,99889,269,152,80,27,21648,10531,0.32214758381803804,121,63,19754,16118,10437,4766,19337,28872,46683,33603,0,0,12143,5374,14690,926,1935,102,0,0,0,0,59221,1134,4364,0,0,0,0,0
573,1550,574.049265229232,99889,275,149,80,27,21680,10546,0.32261810609776853,106,55,19793,16159,10413,4768,19331,28840,46719,33646,0,0,12082,5362,14727,925,1944,103,0,0,0,0,59248,1129,4369,0,0,0,0,0
574,1550,575.405930778022,99889,249,132,80,27,21712,10557,0.32304858392816027,98,63,19886,16270,10408,4761,19277,28745,46754,33688,0,0,12013,5360,14790,926,1957,103,0,0,0,0,59245,1122,4373,0,0,0,0,0
575,1550,576.0817084114932,99889,237,130,80,27,21726,10567,0.3232888506241929,98,60,19929,16312,10382,4758,19272,28711,46788,33729,0,0,11951,5349,14821,929,1964,103,0,0,0,0,59279,1117,4376,0,0,0,0,0
576,1550,577.4300310776838,99889,215,119,80,27,21757,10585,0.3237793951285927,87,58,19997,16436,10380,4766,19239,28592,46821,33770,0,0,11884,5341,14878,937,1973,104,0,0,0,0,59283,1110,4379,0,0,0,0,0
577,1550,578.1020220480181,99889,214,120,80,27,21771,10594,0.32400965071229065,88,54,20031,16460,10361,4761,19224,28576,46854,33810,0,0,11829,5328,14908,936,1978,104,0,0,0,0,59319,1106,4381,0,0,0,0,0
578,1550,579.4438666604743,99889,201,120,80,27,21795,10612,0.32443011743034766,86,45,20129,16572,10333,4744,19169,28490,46886,33849,0,0,11770,5314,14948,942,1988,104,0,0,0,0,59339,1102,4382,0,0,0,0,0
579,1550,580.1124335184128,99889,195,112,80,27,21812,10616,0.3246403507893762,83,47,20163,16614,10315,4735,19162,28463,46917,33887,0,0,11723,5302,14988,940,1994,104,0,0,0,0,59355,1094,4389,0,0,0,0,0
580,1550,581.4458584652559,99889,184,107,80,27,21842,10629,0.32507082861976794,87,45,20266,16725,10293,4724,19088,28370,46947,33924,0,0,11671,5289,15045,942,1997,107,0,0,0,0,59358,1091,4389,0,0,0,0,0
581,1550,582.1101274181854,99889,181,105,80,27,21854,10636,0.32526103975412707,84,45,20276,16768,10285,4714,19092,28339,46977,33961,0,0,11621,5276,15068,943,2001,109,0,0,0,0,59392,1087,4392,0,0,0,0,0
582,1550,583.4356221979908,99889,182,96,80,27,21887,10655,0.32578161759553104,77,34,20391,16894,10257,4712,19011,28235,47006,33997,0,0,11571,5265,15118,944,2009,110,0,0,0,0,59394,1081,4397,0,0,0,0,0
583,1550,584.0960247339382,99889,184,91,80,27,21900,10658,0.3259417953928861,77,36,20435,16937,10232,4698,18990,28209,47034,34032,0,0,11525,5252,15144,944,2012,110,0,0,0,0,59424,1077,4401,0,0,0,0,0
584,1550,585.4125565024358,99889,164,87,80,27,21920,10670,0.32626215098759626,76,38,20506,17031,10228,4693,18944,28122,47062,34066,0,0,11465,5256,15175,943,2023,111,0,0,0,0,59440,1072,4404,0,0,0,0,0
585,1550,586.0685101338192,99889,162,83,80,27,21931,10674,0.3264123176726166,76,38,20551,17077,10192,4683,18937,28090,47089,34100,0,0,11433,5234,15215,940,2027,112,0,0,0,0,59453,1069,4406,0,0,0,0,0
586,1550,587.3779822415194,99888,164,75,81,27,21960,10681,0.32677598910780076,73,40,20646,17193,10153,4677,18881,27986,47116,34133,0,0,11392,5216,15261,941,2032,113,0,0,0,0,59461,1066,4406,0,0,0,0,0
587,1550,588.0301470336049,99888,158,80,81,27,21974,10688,0.3269862245715201,68,37,20692,17258,10136,4660,18863,27936,47142,34165,0,0,11352,5204,15293,937,2038,113,0,0,0,0,59481,1064,4406,0,0,0,0,0
588,1550,589.3308459666429,99888,150,91,81,27,21995,10708,0.3273966842864008,68,28,20778,17369,10107,4646,18814,27837,47167,34197,0,0,11303,5198,15328,937,2041,114,0,0,0,0,59497,1062,4408,0,0,0,0,0
589,1550,590.6256538130996,99888,141,81,81,27,22014,10716,0.32766698702546854,75,30,20866,17475,10078,4635,18757,27750,47192,34228,0,0,11264,5183,15364,939,2051,115,0,0,0,0,59504,1058,4410,0,0,0,0,0
590,1550,591.2711090943205,99887,146,78,81,28,22027,10721,0.32785047103226644,69,25,20908,17517,10052,4624,18742,27726,47216,34259,0,0,11227,5167,15384,937,2058,115,0,0,0,0,59531,1057,4411,0,0,0,0,0
591,1550,592.5584969849793,99887,151,70,81,28,22056,10729,0.3282208896052539,63,24,20983,17631,10020,4609,18700,27636,47240,34289,0,0,11185,5158,15416,939,2064,116,0,0,0,0,59544,1051,4414,0,0,0,0,0
592,1550,593.2000744309627,99887,147,67,81,28,22067,10733,0.3283710592970056,62,24,21014,17683,9998,4602,18696,27594,47263,34318,0,0,11148,5147,15441,938,2069,116,0,0,0,0,59563,1048,4417,0,0,0,0,0
593,1550,594.4807602547438,99887,137,67,81,28,22089,10743,0.32869142130607587,56,29,21091,17806,9982,4586,18651,27482,47286,34347,0,0,11106,5137,15476,940,2076,116,0,0,0,0,59572,1046,4418,0,0,0,0,0
594,1550,595.1190050467859,99887,133,63,81,28,22095,10747,0.3287915344339103,58,27,21129,17863,9961,4581,18636,27436,47308,34375,0,0,11070,5124,15502,941,2079,116,0,0,0,0,59594,1044,4417,0,0,0,0,0
595,1550,596.3931916704431,99887,115,61,81,28,22109,10756,0.3290217946279296,59,26,21235,17983,9940,4563,18568,27337,47330,34403,0,0,11024,5126,15531,939,2086,117,0,0,0,0,59604,1040,4420,0,0,0,0,0
596,1550,597.0279993561071,99887,112,65,81,28,22116,10761,0.3291419303813309,59,23,21278,18024,9912,4550,18556,27308,47351,34430,0,0,10990,5114,15552,939,2087,117,0,0,0,0,59628,1038,4422,0,0,0,0,0
597,1550,598.2937113932238,99887,109,65,81,28,22123,10769,0.32929210007308257,59,18,21312,18073,9894,4543,18543,27271,47372,34457,0,0,10956,5105,15576,939,2089,117,0,0,0,0,59646,1033,4426,0,0,0,0,0
598,1550,599.0581666371954,99887,100,60,81,28,22131,10774,0.3294222471392674,64,15,21387,18169,9866,4534,18500,27192,47392,34483,0,0,10921,5099,15599,937,2096,117,0,0,0,0,59659,1030,4429,0,0,0,0,0
599,1550,600.1062847577954,99887,104,60,81,28,22145,10777,0.32959243945658595,56,15,21436,18233,9844,4518,18477,27144,47412,34509,0,0,10887,5090,15615,936,2101,117,0,0,0,0,59684,1028,4429,0,0,0,0,0
600,1550,601.096229371574,99887,105,50,81,28,22163,10782,0.3298226996506052,41,16,21508,18348,9825,4513,18438,27043,47431,34534,0,0,10854,5082,15640,938,2107,118,0,0,0,0,59695,1023,4430,0,0,0,0,0
601,1550,602.2580568194137,99887,93,39,81,28,22177,10786,0.3300029032807072,34,18,21624,18490,9802,4501,18364,26922,47450,34559,0,0,10812,5082,15662,938,2118,118,0,0,0,0,59707,1021,4429,0,0,0,0,0
602,1550,603.3513101775527,99887,84,40,81,28,22185,10791,0.330133050346892,38,24,21702,18568,9778,4488,18315,26850,47469,34583,0,0,10778,5073,15684,939,2121,118,0,0,0,0,59724,1020,4430,0,0,0,0,0
603,1550,604.5928074392975,99887,85,38,81,28,22199,10795,0.330313253976994,35,23,21791,18667,9739,4471,18267,26771,47487,34607,0,0,10745,5065,15701,941,2124,118,0,0,0,0,59743,1017,4433,0,0,0,0,0
604,1550,605.2116943106389,99887,78,36,81,28,22199,10798,0.33034328791534434,40,20,21826,18713,9718,4467,18255,26734,47505,34630,0,0,10718,5053,15721,939,2127,118,0,0,0,0,59761,1015,4435,0,0,0,0,0
605,1550,606.1780183148055,99887,74,39,81,28,22205,10804,0.3304634236687457,40,20,21909,18787,9685,4457,18209,26667,47522,34653,0,0,10694,5042,15741,938,2130,118,0,0,0,0,59774,1011,4439,0,0,0,0,0
606,1550,607.1528217839546,99887,75,36,81,28,22211,10807,0.3305535254837967,38,19,21948,18829,9654,4452,18202,26634,47539,34675,0,0,10667,5035,15756,935,2135,118,0,0,0,0,59792,1009,4440,0,0,0,0,0
607,1550,608.055488897408,99887,80,31,81,28,22222,10810,0.33069368386276493,33,17,21980,18895,9633,4448,18191,26579,47556,34697,0,0,10643,5024,15775,934,2139,118,0,0,0,0,59805,1006,4443,0,0,0,0,0
608,1550,609.1053383983838,99887,72,25,81,28,22225,10813,0.3307537517394656,35,16,22060,18983,9597,4441,18153,26505,47572,34719,0,0,10617,5014,15795,934,2143,119,0,0,0,0,59817,1004,4444,0,0,0,0,0
609,1550,610.5915714327524,99887,66,25,81,28,22239,10818,0.33094396668235104,31,18,22215,19147,9537,4418,18068,26362,47588,34740,0,0,10588,5012,15814,931,2150,119,0,0,0,0,59826,1000,4447,0,0,0,0,0
610,1550,611.108945801961,99887,64,26,81,28,22239,10821,0.33097400062070137,31,15,22226,19165,9523,4415,18073,26349,47604,34761,0,0,10560,5004,15824,931,2151,119,0,0,0,0,59851,999,4448,0,0,0,0,0
611,1550,612.0161619261122,99887,64,28,81,28,22251,10826,0.33114419293801994,29,13,22337,19296,9481,4401,18006,26232,47619,34781,0,0,10531,4999,15836,931,2155,119,0,0,0,0,59869,998,4449,0,0,0,0,0
612,1550,613.2229613628332,99887,61,27,81,28,22256,10827,0.33120426081472065,27,12,22385,19349,9466,4391,17978,26191,47634,34801,0,0,10510,4988,15851,930,2160,119,0,0,0,0,59884,996,4449,0,0,0,0,0
613,1550,614.1339394908409,99887,59,30,81,28,22263,10833,0.3313344078809054,23,15,22475,19446,9426,4369,17934,26110,47649,34821,0,0,10489,4978,15867,928,2166,119,0,0,0,0,59897,994,4449,0,0,0,0,0
614,1550,615.040487151373,99887,60,30,81,28,22266,10836,0.3313944757576061,22,18,22527,19500,9405,4366,17903,26056,47663,34840,0,0,10463,4975,15871,926,2171,119,0,0,0,0,59921,992,4449,0,0,0,0,0
615,1550,616.0933778237954,99887,66,30,81,28,22277,10842,0.3315646680749247,17,13,22600,19589,9379,4352,17855,25986,47677,34859,0,0,10440,4967,15883,926,2175,119,0,0,0,0,59937,990,4450,0,0,0,0,0
616,1550,617.0859268993763,99887,54,26,81,28,22284,10845,0.3316647812027591,22,13,22741,19742,9327,4337,17773,25852,47691,34878,0,0,10410,4965,15902,927,2179,119,0,0,0,0,59946,988,4451,0,0,0,0,0
617,1550,618.3814687167708,99887,50,24,81,28,22290,10847,0.3317448717050267,24,13,22836,19851,9292,4322,17715,25760,47705,34896,0,0,10383,4964,15914,923,2183,120,0,0,0,0,59961,988,4451,0,0,0,0,0
618,1550,619.0356912387526,99887,50,26,81,28,22292,10849,0.33178491695616047,25,11,22858,19878,9270,4314,17714,25741,47718,34914,0,0,10360,4956,15924,923,2183,120,0,0,0,0,59982,988,4451,0,0,0,0,0
619,1550,620.0373368490998,99887,54,26,81,28,22300,10850,0.33187501877121145,20,11,22929,19959,9231,4295,17683,25679,47731,34932,0,0,10344,4946,15938,918,2188,120,0,0,0,0,59994,987,4452,0,0,0,0,0
620,1550,621.0078688703129,99887,51,24,81,28,22304,10854,0.33195510927347904,23,9,23023,20072,9203,4278,17617,25587,47744,34949,0,0,10321,4941,15953,918,2190,120,0,0,0,0,60006,985,4453,0,0,0,0,0
621,1550,622.0587783378064,99887,54,24,81,28,22309,10855,0.3320151771501797,22,11,23055,20141,9187,4269,17599,25525,47757,34966,0,0,10300,4935,15961,916,2191,121,0,0,0,0,60025,984,4454,0,0,0,0,0
622,1550,623.5455317180981,99887,43,24,81,28,22317,10859,0.33213531290358106,29,10,23185,20325,9148,4239,17512,25372,47769,34983,0,0,10275,4929,15978,919,2195,121,0,0,0,0,60034,983,4453,0,0,0,0,0
623,1550,624.2525761984235,99887,42,25,81,28,22322,10861,0.33220539209306515,26,10,23245,20375,9122,4233,17482,25327,47781,34999,0,0,10261,4921,15993,915,2199,121,0,0,0,0,60041,981,4455,0,0,0,0,0
624,1550,625.1710531709703,99887,39,27,81,28,22323,10865,0.33225544865698237,26,6,23290,20450,9105,4221,17457,25266,47793,35015,0,0,10240,4916,16004,914,2200,121,0,0,0,0,60056,980,4456,0,0,0,0,0
625,1550,626.2459329082762,99887,38,24,81,28,22335,10868,0.33240561834873406,20,7,23374,20556,9078,4209,17407,25174,47805,35031,0,0,10218,4912,16021,913,2204,121,0,0,0,0,60063,978,4457,0,0,0,0,0
626,1550,627.0171441949128,99887,40,24,81,28,22339,10870,0.33246568622543476,18,8,23444,20623,9049,4193,17366,25122,47816,35046,0,0,10200,4906,16031,912,2205,121,0,0,0,0,60077,977,4458,0,0,0,0,0
627,1550,628.1177664474565,99887,41,23,81,28,22345,10871,0.33253576541491886,15,9,23499,20688,9024,4179,17338,25071,47827,35061,0,0,10184,4896,16044,912,2207,121,0,0,0,0,60088,977,4458,0,0,0,0,0
628,1550,629.5075452709066,99887,41,20,81,28,22351,10874,0.33262586722996984,14,7,23595,20816,8990,4161,17277,24966,47838,35076,0,0,10166,4890,16057,914,2208,121,0,0,0,0,60097,973,4461,0,0,0,0,0
629,1550,630.0108760036759,99887,41,22,81,28,22357,10876,0.33270595773223743,43,31,23620,20861,8973,4146,17240,24910,47849,35091,0,0,10148,4885,16063,913,2211,121,2,0,0,0,60111,969,4464,0,0,0,0,0
630,1550,631.2632397546965,99887,43,22,81,28,22367,10882,0.33286613873677257,49,28,23694,20961,8943,4131,17188,24828,47859,35105,0,0,10132,4875,16071,913,2214,121,5,0,0,8,60116,968,4464,0,0,0,0,0
631,1550,632.1999253920378,99887,47,26,81,28,22379,10888,0.3330463423668746,47,24,23751,21038,8919,4119,17153,24763,47869,35119,0,0,10116,4870,16073,912,2219,121,6,0,0,13,60126,965,4466,0,0,0,0,0
632,1550,633.134287846104,99887,57,28,81,28,22395,10893,0.3332565799353269,45,25,23819,21120,8899,4100,17097,24697,47879,35133,0,0,10099,4862,16081,913,2220,121,8,0,0,18,60136,963,4466,0,0,0,0,0
633,1550,634.0659613979399,99887,57,27,81,28,22406,10894,0.3333767156887283,52,33,23886,21189,8867,4094,17055,24627,47889,35147,0,0,10084,4852,16089,914,2222,121,10,0,0,26,60141,961,4467,0,0,0,0,0
634,1550,635.3041048718715,99887,63,29,81,28,22420,10901,0.33358695325718063,58,35,23965,21315,8833,4077,16998,24514,47899,35160,0,0,10072,4843,16096,913,2227,121,10,0,0,35,60144,960,4466,0,0,0,0,0
635,1550,636.2298347097054,99887,71,31,81,28,22432,10906,0.3337571455744992,58,36,24024,21410,8805,4066,16959,24427,47909,35173,0,0,10058,4837,16101,911,2231,121,10,0,0,40,60153,959,4466,0,0,0,0,0
636,1550,637.1531532071851,99887,76,35,81,28,22444,10914,0.3339573718301681,60,34,24103,21510,8779,4054,16899,24337,47918,35186,0,0,10042,4831,16106,911,2231,122,11,0,0,48,60160,958,4467,0,0,0,0,0
637,1550,638.0734938113693,99887,74,43,81,28,22456,10925,0.33418763202418733,73,29,24161,21593,8754,4045,16855,24260,47927,35199,0,0,10024,4826,16108,910,2237,122,14,0,0,57,60166,957,4466,0,0,0,0,0
638,1550,639.2963944756594,99887,95,41,81,28,22486,10934,0.3345780732227417,66,34,24246,21698,8724,4034,16786,24163,47936,35211,0,0,10004,4821,16107,911,2242,122,17,0,0,68,60172,957,4466,0,0,0,0,0
639,1550,640.210885133332,99887,100,39,81,28,22500,10936,0.3347382542272768,76,38,24316,21792,8690,4016,16735,24085,47945,35223,0,0,9988,4816,16110,911,2244,122,19,0,0,77,60177,955,4468,0,0,0,0,0
640,1550,641.1228057298276,99887,104,43,81,28,22517,10946,0.3350085596724299,72,46,24384,21846,8673,4009,16684,24026,47954,35235,0,0,9971,4806,16116,913,2246,122,23,0,0,88,60179,955,4468,0,0,0,0,0
641,1550,642.0320605563129,99887,112,43,81,28,22535,10955,0.33527886511758287,76,49,24450,21916,8645,4008,16634,23954,47962,35247,0,0,9958,4797,16120,913,2252,122,26,0,0,98,60179,954,4468,0,0,0,0,0
642,1550,643.2402850477285,99887,113,55,81,28,22564,10974,0.33575940813118826,74,45,24539,22030,8620,3996,16571,23844,47970,35259,0,0,9943,4790,16122,913,2259,125,33,0,0,114,60171,950,4467,0,0,0,0,0
643,1550,644.1434804508503,99887,115,59,81,28,22583,10982,0.33602971357634126,84,51,24582,22109,8607,3990,16529,23761,47978,35270,0,0,9930,4783,16124,914,2264,126,34,0,0,126,60171,949,4466,0,0,0,0,0
644,1550,645.0447332955732,99887,118,67,81,28,22599,10995,0.3363200416470612,98,52,24644,22174,8580,3984,16477,23693,47986,35281,0,0,9911,4780,16123,914,2270,126,38,0,0,134,60178,948,4465,0,0,0,0,0
645,1550,646.2428405391997,99887,134,67,81,28,22637,11012,0.3368706638501507,105,57,24696,22267,8563,3986,16419,23593,47994,35292,0,0,9893,4773,16124,915,2279,126,43,0,0,158,60167,948,4461,0,0,0,0,0
646,1550,647.1395408842646,99887,142,75,81,28,22667,11028,0.33733118423818914,104,56,24749,22335,8556,3978,16366,23526,48002,35303,0,0,9875,4770,16123,916,2286,126,46,0,0,177,60163,946,4459,0,0,0,0,0
647,1550,648.0341954886659,99887,154,81,81,28,22694,11043,0.3377516593750939,119,53,24782,22393,8550,3976,16312,23467,48010,35314,0,0,9862,4764,16126,919,2288,127,47,0,0,193,60159,942,4460,0,0,0,0,0
648,1550,649.2246959288091,99886,158,80,82,28,22725,11055,0.33818553150591674,143,63,24840,22479,8531,3974,16244,23374,48017,35325,0,0,9842,4759,16126,918,2295,127,55,0,0,218,60145,942,4459,0,0,0,0,0
649,1550,650.1154541536665,99886,160,80,82,28,22754,11064,0.3385659652003284,163,70,24883,22547,8529,3976,16181,23297,48024,35335,0,0,9826,4751,16124,924,2301,128,59,0,0,236,60139,939,4459,0,0,0,0,0
650,1550,651.0044437385428,99886,178,85,82,28,22789,11083,0.33910658150291334,173,76,24917,22611,8510,3978,16138,23220,48031,35345,0,0,9813,4745,16123,925,2307,128,62,0,0,257,60128,937,4461,0,0,0,0,0
651,1550,652.187112893886,99886,208,86,82,28,22851,11099,0.33988747171775824,178,85,24985,22706,8486,3973,16059,23120,48038,35355,0,0,9797,4734,16124,928,2319,128,68,0,0,281,60113,937,4457,0,0,0,0,0
652,1550,653.0717277344704,99886,221,88,82,28,22889,11118,0.34045812225937566,178,94,25014,22763,8486,3974,16017,23051,48045,35365,0,0,9781,4727,16120,929,2328,130,73,0,0,304,60101,937,4456,0,0,0,0,0
653,1550,654.2492451966476,99886,246,101,82,28,22951,11146,0.3413591494303506,174,91,25062,22865,8481,3971,15953,22942,48052,35375,0,0,9768,4715,16121,931,2342,130,78,0,0,334,60079,937,4451,0,0,0,0,0
654,1550,655.1305816600213,99886,238,105,82,28,22984,11164,0.34186973149390304,199,103,25101,22920,8480,3970,15898,22872,48059,35385,0,0,9751,4703,16123,936,2342,135,84,0,0,367,60057,937,4451,0,0,0,0,0
655,1550,656.0103856068932,99886,250,112,82,28,23030,11185,0.3425404961656288,217,104,25140,22979,8471,3971,15838,22804,48066,35394,0,0,9730,4694,16124,942,2346,135,93,0,0,396,60040,936,4450,0,0,0,0,0
656,1550,657.1806587062121,99886,266,132,82,28,23090,11219,0.34348156898864707,236,108,25197,23056,8472,3972,15745,22702,48072,35403,0,0,9715,4683,16121,946,2356,137,99,0,0,429,60016,936,4448,0,0,0,0,0
657,1550,658.0563417156498,99886,280,139,82,28,23144,11241,0.3442424363774703,242,110,25206,23126,8489,3973,15699,22622,48078,35412,0,0,9697,4672,16117,953,2363,139,107,0,0,458,59997,935,4448,0,0,0,0,0
658,1550,659.222316401323,99886,298,153,82,28,23208,11278,0.3452535890915644,268,112,25256,23203,8473,3971,15621,22531,48084,35421,0,0,9682,4662,16114,958,2378,141,113,0,0,495,59968,933,4442,0,0,0,0,0
659,1550,660.0949352505086,99886,303,162,82,28,23254,11305,0.34598442224135517,312,121,25280,23263,8472,3974,15549,22450,48090,35430,0,0,9659,4656,16110,960,2396,141,125,0,0,522,59952,933,4432,0,0,0,0,0
660,1550,661.2560482464786,99885,333,169,83,28,23340,11337,0.34716924463132603,331,134,25315,23332,8484,3979,15452,22356,48096,35439,0,0,9641,4642,16097,970,2413,141,133,0,0,567,59917,932,4432,0,0,0,0,0
661,1550,662.1255137089273,99885,352,172,83,28,23424,11364,0.3482805226009911,329,144,25329,23380,8511,3991,15394,22283,48102,35448,0,0,9619,4635,16088,975,2427,143,146,0,0,619,59874,927,4432,0,0,0,0,0
662,1550,663.2834451053909,99885,369,182,83,28,23514,11404,0.34958201932222055,333,155,25376,23457,8531,4010,15306,22166,48108,35456,0,0,9598,4620,16076,984,2447,144,159,0,0,677,59824,926,4430,0,0,0,0,0
663,1550,664.150194861109,99885,386,194,83,28,23585,11437,0.3506232166992041,358,162,25388,23492,8541,4018,15242,22104,48114,35464,0,0,9576,4607,16070,993,2459,145,172,0,0,716,59794,925,4428,0,0,0,0,0
664,1550,665.0160695957064,99885,414,201,83,28,23659,11469,0.35168443710266806,389,184,25396,23535,8543,4031,15173,22019,48120,35472,0,0,9554,4601,16063,996,2470,146,185,0,0,758,59761,923,4428,0,0,0,0,0
665,1550,666.1691485810279,99885,479,219,83,28,23793,11514,0.35347649797266856,401,206,25384,23590,8557,4036,15094,21919,48126,35480,0,0,9532,4589,16051,1002,2495,147,201,0,0,804,59721,920,4423,0,0,0,0,0
666,1550,667.0332389941815,99885,524,246,83,28,23886,11569,0.35495820193222205,400,200,25399,23639,8556,4047,15036,21838,48131,35488,0,0,9520,4573,16049,1013,2502,149,209,0,0,850,59679,916,4425,0,0,0,0,0
667,1550,668.1837897850282,99884,549,272,84,28,23993,11629,0.3566336950863001,459,211,25404,23684,8581,4055,14921,21748,48136,35496,0,0,9492,4565,16031,1016,2528,149,227,0,0,915,59623,915,4423,0,0,0,0,0
668,1550,669.0457472805792,99884,579,280,84,28,24082,11675,0.3579852629049698,510,227,25393,23721,8587,4075,14845,21667,48141,35504,0,0,9468,4555,16024,1021,2537,152,244,0,0,975,59570,914,4424,0,0,0,0,0
669,1550,670.1939597707577,99883,604,296,85,28,24202,11742,0.3598610374137741,573,233,25374,23761,8617,4111,14745,21569,48146,35512,0,0,9439,4543,16010,1031,2563,153,266,0,0,1060,59491,909,4418,0,0,0,0,0
670,1550,671.0548088401923,99883,653,310,85,28,24324,11789,0.36155301702992504,582,239,25376,23797,8650,4131,14652,21493,48151,35519,0,0,9419,4537,15997,1031,2583,155,277,0,0,1127,59432,909,4416,0,0,0,0,0
671,1550,672.2017618404452,99883,723,328,85,28,24497,11860,0.36399587517395354,628,259,25334,23826,8678,4172,14550,21385,48156,35526,0,0,9399,4519,15975,1044,2612,159,291,0,0,1218,59347,907,4412,0,0,0,0,0
672,1550,673.061997007715,99883,787,339,85,28,24631,11909,0.3658280187819749,640,290,25307,23859,8705,4192,14474,21290,48161,35533,0,0,9374,4510,15957,1051,2637,160,308,0,0,1275,59298,905,4408,0,0,0,0,0
673,1550,674.2088096090102,99883,849,377,85,28,24817,11998,0.3685812400508595,700,301,25237,23920,8772,4213,14355,21159,48166,35540,0,0,9334,4503,15940,1052,2669,164,340,0,0,1373,59206,905,4397,0,0,0,0,0
674,1550,675.0694753929654,99883,899,404,85,28,24970,12075,0.3708839342030175,731,319,25207,23932,8823,4247,14253,21068,48171,35547,0,0,9300,4491,15916,1062,2702,165,365,0,0,1452,59133,903,4394,0,0,0,0,0
675,1550,676.2171225805922,99883,1002,428,85,28,25208,12160,0.3741177177297438,758,356,25152,23967,8867,4278,14134,20941,48176,35554,0,0,9266,4469,15895,1080,2732,168,390,0,0,1564,59027,903,4389,0,0,0,0,0
676,1550,677.0783139819871,99881,1045,441,87,28,25364,12238,0.3764679969163304,815,364,25098,23993,8917,4324,14036,20848,48181,35561,0,0,9236,4457,15877,1089,2760,172,414,0,0,1665,58929,897,4385,0,0,0,0,0
677,1550,678.2273232189724,99880,1115,478,88,28,25596,12348,0.37989587505006006,881,388,25031,24000,8993,4373,13890,20731,48186,35568,0,0,9195,4444,15844,1101,2809,176,444,0,0,1795,58807,893,4372,0,0,0,0,0
678,1550,679.0896855412738,99880,1185,499,88,28,25790,12423,0.382589106928314,934,437,24952,24034,9052,4403,13787,20597,48190,35575,0,0,9163,4427,15823,1114,2842,180,470,0,0,1891,58717,890,4363,0,0,0,0,0
679,1550,680.2413238062616,99880,1255,539,88,28,26072,12566,0.3868442130556668,1033,444,24832,24056,9160,4472,13630,20459,48194,35581,0,0,9114,4397,15785,1141,2894,185,511,0,0,2070,58544,888,4351,0,0,0,0,0
680,1550,681.1066799424684,99880,1314,566,88,28,26297,12662,0.39005806968362033,1072,480,24749,24028,9258,4526,13517,20370,48198,35587,0,0,9081,4377,15751,1160,2940,191,538,0,0,2195,58420,884,4343,0,0,0,0,0
681,1550,682.2631284210657,99880,1410,618,88,28,26611,12818,0.3947637164597517,1124,513,24598,24011,9389,4599,13389,20229,48202,35593,0,0,9035,4357,15713,1178,2990,195,577,0,0,2397,58223,880,4335,0,0,0,0,0
682,1550,683.1333216426568,99880,1512,661,88,28,26871,12933,0.3985182218662395,1154,529,24483,24016,9466,4642,13295,20122,48206,35599,0,0,9003,4342,15683,1191,3035,201,603,0,0,2526,58097,876,4323,0,0,0,0,0
683,1550,684.0058712658885,99880,1573,669,88,28,27125,13029,0.40202242691229473,1192,616,24395,23983,9568,4703,13182,19999,48210,35605,0,0,8966,4318,15638,1211,3098,202,631,0,0,2683,57944,873,4316,0,0,0,0,0
684,1550,685.1722815951085,99879,1639,733,89,28,27470,13225,0.40744300603730516,1299,647,24216,23949,9740,4800,13015,19841,48214,35611,0,0,8905,4290,15583,1235,3190,207,685,0,0,2897,57726,869,4292,0,0,0,0,0
685,1550,686.0504930535836,99879,1736,763,89,28,27779,13352,0.4118082880285145,1348,696,24095,23913,9859,4873,12871,19725,48218,35617,0,0,8852,4263,15550,1261,3243,214,733,0,0,3056,57565,863,4279,0,0,0,0,0
686,1550,687.2254077035814,99878,1822,871,90,28,28175,13574,0.41799995995114037,1446,720,23897,23858,10064,4950,12679,19571,48222,35623,0,0,8777,4230,15500,1295,3311,226,800,0,0,3274,57345,856,4264,0,0,0,0,0
687,1550,688.11051374007,99878,1914,926,90,28,28492,13741,0.4228458719637958,1535,756,23733,23825,10182,5022,12544,19441,48226,35629,0,0,8731,4208,15453,1316,3390,230,837,0,0,3451,57166,852,4244,0,0,0,0,0
688,1550,689.2963604028403,99878,2067,1008,90,28,28949,13992,0.42993452011453975,1652,801,23494,23773,10341,5156,12354,19232,48230,35635,0,0,8659,4175,15399,1346,3467,241,898,0,0,3716,56903,848,4226,0,0,0,0,0
689,1550,690.1904687983628,99877,2144,1069,91,28,29304,14190,0.4354756350310882,1770,818,23263,23724,10513,5266,12217,19093,48234,35641,0,0,8587,4147,15334,1371,3550,252,961,0,0,3925,56695,844,4211,0,0,0,0,0
690,1550,691.0904460746939,99877,2275,1130,91,28,29695,14378,0.4412727655015669,1809,858,23089,23659,10673,5361,12061,18962,48238,35646,0,0,8529,4122,15289,1397,3622,257,1011,0,0,4139,56480,836,4195,0,0,0,0,0
691,1550,692.2976700520803,99875,2405,1174,93,28,30259,14626,0.44941176470588234,1918,954,22798,23587,10947,5506,11837,18749,48242,35651,0,0,8434,4079,15188,1436,3751,274,1099,0,0,4459,56154,824,4177,0,0,0,0,0
692,1550,693.2099294192218,99873,2542,1256,94,29,30697,14863,0.45617934777167,1975,952,22600,23530,11110,5624,11677,18607,48246,35656,0,0,8380,4046,15139,1472,3822,285,1146,0,0,4724,55887,814,4158,0,0,0,0,0
693,1550,694.12758164551,99872,2669,1322,95,29,31162,15091,0.4631227971803909,2054,1025,22363,23436,11315,5750,11502,18436,48250,35661,0,0,8295,4016,15066,1496,3930,292,1224,0,0,4976,55628,808,4141,0,0,0,0,0
694,1550,695.0515581645458,99872,2791,1394,95,29,31633,15328,0.47021187119512975,2140,1074,22130,23357,11509,5862,11333,18282,48254,35666,0,0,8216,3987,15000,1529,4028,300,1292,0,0,5259,55343,803,4115,0,0,0,0,0
695,1550,696.2937697936112,99871,2986,1479,95,30,32371,15679,0.4811206456328664,2161,1116,21800,23230,11845,6062,11111,18081,48257,35671,0,0,8097,3938,14893,1578,4177,318,1402,0,0,5693,54903,789,4083,0,0,0,0,0
696,1550,697.2347318503392,99870,3114,1493,96,30,32902,15912,0.48877540803043956,2277,1201,21533,23132,12066,6241,10912,17901,48260,35676,0,0,8018,3905,14800,1608,4317,331,1465,0,0,6015,54572,783,4056,0,0,0,0,0
697,1550,698.1839304885765,99870,3241,1557,96,30,33453,16185,0.4970261339741664,2345,1229,21259,23058,12324,6403,10733,17721,48263,35681,0,0,7960,3872,14726,1644,4432,347,1513,0,0,6385,54191,771,4029,0,0,0,0,0
698,1550,699.1423869211769,99868,3335,1630,97,31,34012,16490,0.5056875075099131,2467,1245,20958,22949,12582,6583,10559,17560,48266,35686,0,0,7869,3821,14636,1690,4567,363,1591,0,0,6750,53814,765,4002,0,0,0,0,0
699,1550,700.1112932618315,99867,3471,1686,98,31,34611,16791,0.514704557060891,2603,1299,20618,22838,12854,6778,10354,17366,48269,35691,0,0,7778,3773,14556,1742,4697,384,1670,0,0,7110,53430,757,3970,0,0,0,0,0
700,1550,701.0923295063142,99866,3608,1796,99,31,35263,17149,0.5248232631726514,2680,1320,20274,22744,13161,6949,10176,17158,48272,35696,0,0,7690,3713,14452,1802,4854,406,1747,0,0,7490,53028,750,3934,0,0,0,0,0
701,1550,702.0857833698526,99865,3790,1914,100,31,35937,17498,0.5350723476693536,2713,1376,19980,22619,13433,7109,9982,16949,48275,35701,0,0,7597,3666,14352,1848,4997,430,1829,0,0,7852,52644,745,3905,0,0,0,0,0
702,1550,703.0904475024363,99865,3933,2002,100,31,36644,17869,0.5458669203424623,2800,1442,19629,22467,13752,7328,9784,16728,48278,35706,0,0,7495,3616,14238,1906,5168,449,1913,0,0,8289,52182,732,3877,0,0,0,0,0
703,1550,704.1086155000456,99865,4017,2032,100,31,37345,18205,0.5562509387673359,2880,1573,19279,22325,14128,7549,9594,16488,48281,35711,0,0,7366,3551,14123,1978,5353,475,2024,0,0,8722,51717,716,3840,0,0,0,0,0
704,1550,705.1418422413269,99865,4174,2117,100,31,38104,18600,0.567806538827417,2960,1646,18950,22125,14468,7788,9346,16291,48284,35716,0,0,7258,3499,14007,2033,5536,507,2117,0,0,9171,51233,703,3801,0,0,0,0,0
705,1550,706.1891195398625,99864,4352,2218,101,31,38899,19021,0.5799887847472562,3070,1707,18557,21961,14808,8021,9110,16060,48287,35720,0,0,7132,3447,13891,2090,5724,541,2225,0,0,9608,50752,691,3763,0,0,0,0,0
706,1550,707.2528409851896,99864,4524,2333,101,31,39736,19494,0.5931066250100137,3178,1759,18165,21799,15188,8282,8842,15794,48290,35724,0,0,7024,3384,13755,2158,5946,575,2314,0,0,10095,50221,677,3715,0,0,0,0,0
707,1550,708.334098171356,99864,4690,2467,101,31,40592,19980,0.606544901065449,3254,1827,17788,21600,15553,8528,8612,15545,48293,35728,0,0,6910,3327,13619,2222,6179,616,2409,0,0,10559,49695,662,3666,0,0,0,0,0
708,1550,709.0646079167266,99863,4740,2535,102,31,41119,20302,0.6150526220922664,3335,1858,17529,21476,15833,8718,8459,15380,48296,35732,0,0,6814,3288,13521,2258,6342,637,2489,0,0,10903,49322,654,3635,0,0,0,0,0
709,1550,710.1772385515993,99862,4989,2639,103,31,42125,20823,0.6303498828383168,3362,1926,17095,21244,16221,9029,8228,15129,48299,35736,0,0,6677,3228,13357,2313,6606,680,2605,0,0,11442,48723,640,3591,0,0,0,0,0
710,1550,711.3122978369478,99859,5105,2769,106,31,43068,21359,0.6451797033817683,3487,1963,16688,21035,16644,9323,7968,14877,48302,35740,0,0,6549,3165,13187,2379,6868,728,2707,0,0,12024,48077,623,3552,0,0,0,0,0
711,1550,712.0818480620327,99858,5238,2837,107,31,43755,21737,0.6558513088585792,3518,2018,16408,20844,16924,9558,7803,14710,48305,35744,0,0,6453,3115,13087,2437,7019,773,2784,0,0,12429,47627,611,3523,0,0,0,0,0
712,1550,713.2195235373343,99857,5382,2948,108,31,44746,22324,0.6716604744785043,3610,2041,15997,20622,17330,9915,7571,14441,48308,35748,0,0,6289,3049,12908,2502,7301,832,2916,0,0,13001,46975,600,3484,0,0,0,0,0
713,1550,714.3256532895285,99853,5492,3046,112,31,45685,22901,0.6868696984567314,3741,2122,15592,20372,17712,10262,7349,14165,48311,35752,0,0,6147,2984,12721,2574,7591,888,3027,0,0,13581,46319,583,3438,0,0,0,0,0
714,1550,715.0468967794659,99853,5575,3095,112,31,46349,23271,0.697224920633331,3766,2195,15325,20195,18032,10490,7188,13992,48314,35756,0,0,6062,2939,12610,2621,7804,926,3087,0,0,13966,45863,576,3399,0,0,0,0,0
715,1550,716.1040917709543,99850,5745,3201,114,32,47362,23846,0.7131497245868803,3796,2263,14929,19937,18442,10820,6972,13745,48317,35760,0,0,5915,2865,12458,2699,8077,977,3201,0,0,14551,45189,563,3355,0,0,0,0,0
716,1550,717.1323431032073,99849,5863,3329,115,32,48351,24424,0.7288505643521718,3838,2302,14527,19719,18887,11125,6768,13491,48320,35764,0,0,5773,2805,12306,2751,8367,1030,3314,0,0,15136,44502,553,3312,0,0,0,0,0
717,1550,718.1328948248662,99846,6024,3388,116,34,49339,24970,0.7442361236303908,3839,2316,14177,19522,19288,11463,6554,13275,48323,35768,0,0,5629,2749,12126,2798,8671,1094,3432,0,0,15686,43851,544,3266,0,0,0,0,0
718,1550,719.1098133013026,99845,6227,3440,117,34,50323,25476,0.7591667083980169,3828,2377,13823,19312,19643,11793,6360,13042,48326,35772,0,0,5515,2700,11944,2862,8982,1145,3505,0,0,16192,43243,531,3226,0,0,0,0,0
719,1550,720.0651500224571,99841,6291,3511,120,35,51262,26023,0.7740807884536413,3812,2446,13509,19085,20078,12098,6188,12823,48328,35776,0,0,5387,2640,11753,2926,9324,1220,3600,0,0,16691,42616,518,3166,0,0,0,0,0
720,1550,721.30628768521,99838,6397,3657,123,35,52439,26800,0.7936757547226507,3901,2420,13103,18820,20537,12533,5937,12533,48330,35780,0,0,5242,2544,11512,3015,9774,1311,3703,0,0,17282,41842,505,3108,0,0,0,0,0
721,1550,722.215572950979,99836,6402,3715,124,36,53305,27343,0.8078047998717898,3935,2444,12813,18619,20956,12860,5768,12324,48332,35784,0,0,5113,2485,11338,3077,10089,1385,3798,0,0,17792,41195,490,3074,0,0,0,0,0
722,1550,723.1054738764136,99836,6509,3793,124,36,54210,27915,0.8225990624624384,3901,2406,12550,18421,21332,13210,5582,12132,48334,35788,0,0,5003,2415,11192,3134,10356,1471,3874,0,0,18318,40561,482,3030,0,0,0,0,0
723,1550,724.2653055149649,99835,6564,3844,125,36,55347,28624,0.8410978113887915,3969,2438,12161,18158,21816,13661,5363,11861,48336,35792,0,0,4862,2329,10985,3238,10779,1568,3969,0,0,18944,39733,461,2967,0,0,0,0,0
724,1550,725.1171195215451,99834,6524,3895,126,36,56158,29157,0.8545685838491897,3990,2461,11931,17972,22220,13946,5207,11688,48338,35795,0,0,4747,2272,10828,3282,11149,1640,4043,0,0,19371,39132,454,2916,0,0,0,0,0
725,1550,726.2289352812037,99831,6585,4010,128,37,57276,29867,0.8729052098045698,4008,2425,11569,17742,22689,14322,5019,11462,48340,35798,0,0,4601,2215,10629,3345,11524,1752,4138,0,0,19983,38353,443,2848,0,0,0,0,0
726,1550,727.0466652154231,99830,6653,4044,129,37,58098,30392,0.886406891715917,3994,2388,11338,17580,22981,14656,4903,11293,48342,35801,0,0,4500,2154,10487,3413,11820,1833,4206,0,0,20403,37778,429,2807,0,0,0,0,0
727,1550,728.118483980524,99830,6717,4089,129,37,59166,31015,0.9033456876690373,3996,2449,10988,17346,23453,15000,4715,11077,48344,35804,0,0,4359,2101,10311,3471,12182,1953,4297,0,0,20942,37052,419,2743,0,0,0,0,0
728,1550,729.1682631844066,99827,6784,4086,131,38,60203,31639,0.9200116201027778,4023,2453,10708,17165,23804,15425,4548,10831,48346,35807,0,0,4229,2043,10134,3540,12569,2054,4368,0,0,21494,36307,410,2679,0,0,0,0,0
729,1550,730.2007140514241,99827,6803,4131,131,38,61209,32278,0.9364901279213038,4054,2501,10417,16931,24222,15797,4371,10600,48348,35810,0,0,4105,1974,9935,3625,12961,2172,4425,0,0,21978,35630,399,2623,0,0,0,0,0
730,1550,731.2139191557862,99826,6846,4131,132,38,62272,32892,0.9532987398072647,4078,2572,10117,16722,24610,16148,4215,10387,48350,35813,0,0,3975,1912,9735,3700,13369,2297,4501,0,0,22470,34918,383,2566,0,0,0,0,0
731,1550,732.2100143454454,99823,6829,4171,135,38,63244,33541,0.9695661320537351,4083,2572,9874,16541,24999,16518,4078,10158,48352,35816,0,0,3853,1854,9559,3766,13761,2439,4559,0,0,22889,34271,365,2507,0,0,0,0,0
732,1550,733.1910790181488,99820,6848,4213,137,39,64207,34151,0.9853536365457825,4049,2585,9689,16347,25331,16837,3944,9977,48354,35819,0,0,3732,1786,9412,3836,14113,2581,4627,0,0,23285,33656,357,2435,0,0,0,0,0
733,1550,734.1585475456621,99819,6867,4225,138,39,65235,34723,1.0013925204620362,3941,2634,9504,16123,25727,17172,3821,9805,48356,35822,0,0,3624,1722,9241,3917,14504,2714,4663,0,0,23697,33000,351,2386,0,0,0,0,0
734,1550,735.1117548901029,99815,6879,4239,141,40,66203,35294,1.0168511746731452,3860,2649,9305,15936,26129,17493,3684,9641,48358,35825,0,0,3507,1670,9092,3991,14878,2841,4704,0,0,24072,32376,339,2345,0,0,0,0,0
735,1550,736.051732301569,99815,6801,4265,141,40,67080,35905,1.0317587536943345,3919,2593,9110,15785,26434,17842,3593,9473,48360,35828,0,0,3387,1628,8946,4021,15265,2968,4766,0,0,24485,31717,328,2304,0,0,0,0,0
736,1550,737.2115297499711,99813,6810,4322,143,40,68234,36655,1.050855099035196,3837,2556,8904,15569,26860,18252,3444,9259,48362,35831,0,0,3275,1572,8761,4094,15739,3152,4787,0,0,24862,31011,315,2245,0,0,0,0,0
737,1550,738.1271576827492,99812,6776,4346,143,41,69104,37227,1.065312788041518,3775,2573,8766,15410,27196,18546,3342,9082,48364,35834,0,0,3188,1527,8586,4129,16130,3303,4814,0,0,25164,30464,310,2197,0,0,0,0,0
738,1550,739.0319156528817,99812,6687,4409,143,41,69923,37807,1.079329138780908,3829,2509,8578,15263,27524,18847,3237,8929,48366,35837,0,0,3082,1484,8419,4166,16502,3444,4860,0,0,25468,29923,304,2160,0,0,0,0,0
739,1550,740.1495835179521,99811,6702,4409,144,41,71007,38490,1.0970434120487722,3744,2466,8410,15078,27882,19259,3116,8745,48368,35840,0,0,2961,1430,8262,4221,16956,3627,4906,0,0,25802,29252,297,2097,0,0,0,0,0
740,1550,741.0339704087921,99806,6736,4384,148,42,71879,39024,1.1111857002585015,3676,2494,8266,14944,28140,19563,3032,8571,48370,35843,0,0,2882,1380,8102,4262,17312,3779,4928,0,0,26098,28721,291,2051,0,0,0,0,0
741,1550,742.129174889477,99803,6663,4384,149,44,72853,39710,1.1278518681803151,3683,2421,8091,14795,28458,19953,2954,8401,48372,35846,0,0,2772,1343,7940,4315,17734,3971,4940,0,0,26440,28057,285,2006,0,0,0,0,0
742,1550,743.2128056486125,99802,6639,4385,150,44,73878,40367,1.1447165387467184,3612,2415,7946,14608,28814,20307,2837,8239,48374,35849,0,0,2667,1288,7766,4397,18131,4177,4961,0,0,26745,27428,274,1968,0,0,0,0,0
743,1550,744.0715788291112,99801,6588,4364,151,44,74640,40876,1.1574633520706206,3598,2399,7854,14468,29058,20610,2749,8113,48376,35852,0,0,2593,1256,7641,4434,18475,4336,4962,0,0,26963,26944,269,1928,0,0,0,0,0
744,1550,745.1363583484303,99798,6588,4352,153,45,75629,41517,1.173831138900579,3525,2360,7674,14320,29402,20966,2656,7955,48378,35855,0,0,2506,1208,7463,4484,18932,4516,4975,0,0,27202,26359,260,1893,0,0,0,0,0
745,1550,746.1904307872167,99796,6537,4327,154,46,76565,42138,1.189456491242134,3507,2334,7532,14169,29700,21321,2568,7801,48380,35858,0,0,2423,1165,7312,4534,19348,4725,4981,0,0,27421,25788,255,1844,0,0,0,0,0
746,1550,747.0266518793885,99796,6531,4363,154,46,77330,42659,1.2023427792697101,3409,2297,7431,14058,29967,21554,2506,7680,48382,35861,0,0,2362,1135,7205,4551,19666,4900,4988,0,0,27572,25357,251,1809,0,0,0,0,0
747,1550,748.0632263843677,99796,6410,4366,154,46,78171,43296,1.217152992103892,3391,2253,7337,13910,30276,21894,2430,7529,48384,35864,0,0,2280,1104,7063,4585,20058,5118,4979,0,0,27766,24829,240,1774,0,0,0,0,0
748,1550,749.0917554167369,99796,6347,4337,154,46,79021,43902,1.2317427552206501,3369,2212,7212,13794,30571,22202,2345,7407,48386,35867,0,0,2200,1070,6912,4606,20469,5318,4987,0,0,27953,24305,236,1740,0,0,0,0,0
749,1550,750.1122331181018,99796,6289,4260,154,46,79895,44459,1.2460820072948815,3293,2198,7094,13653,30888,22543,2280,7298,48388,35870,0,0,2127,1038,6782,4634,20853,5536,4975,0,0,28145,23781,226,1699,0,0,0,0,0
750,1550,751.1250681837096,99792,6263,4259,157,47,80766,45035,1.2606321147987816,3244,2149,7019,13542,31112,22827,2203,7174,48390,35873,0,0,2060,1013,6643,4655,21233,5749,4975,0,0,28272,23304,219,1669,0,0,0,0,0
751,1550,752.1321996457268,99790,6158,4193,158,48,81584,45594,1.2744563583525403,3192,2102,6937,13412,31399,23190,2154,7053,48392,35876,0,0,1997,979,6508,4689,21629,5966,4946,0,0,28421,22808,215,1632,0,0,0,0,0
752,1550,753.1330272741349,99786,6088,4105,159,51,82403,46098,1.287765818852344,3073,2094,6867,13335,31714,23503,2097,6910,48394,35879,0,0,1924,934,6396,4742,22003,6168,4927,0,0,28534,22351,206,1601,0,0,0,0,0
753,1550,754.1278056915866,99784,6067,4062,161,51,83174,46613,1.3006794676501243,3047,2067,6826,13213,31864,23788,2033,6817,48396,35881,0,0,1868,908,6282,4767,22333,6371,4905,0,0,28649,21927,201,1573,0,0,0,0,0
754,1550,755.1185874285771,99783,5977,4016,162,51,83946,47105,1.3133599911808624,2997,2072,6766,13135,32113,24024,1983,6700,48398,35883,0,0,1816,886,6169,4774,22640,6600,4878,0,0,28794,21479,199,1548,0,0,0,0,0
755,1550,756.1042823726401,99782,5893,3928,163,51,84685,47589,1.325629873123409,2964,2079,6745,13051,32320,24300,1913,6589,48400,35885,0,0,1761,855,6063,4801,22935,6837,4855,0,0,28901,21064,191,1519,0,0,0,0,0
756,1550,757.0854251867108,99781,5781,3905,164,51,85370,48107,1.3376995620408696,2949,2008,6673,12967,32564,24560,1867,6507,48402,35887,0,0,1709,832,5958,4847,23248,7054,4823,0,0,28961,20669,185,1495,0,0,0,0,0
757,1550,758.0617854205598,99781,5596,3825,164,51,86042,48581,1.3491847145248093,2901,1998,6637,12891,32877,24832,1823,6401,48404,35889,0,0,1661,807,5843,4864,23584,7288,4802,0,0,29041,20254,177,1460,0,0,0,0,0
758,1550,759.0329100989075,99780,5507,3787,164,52,86732,49063,1.3609440769693326,2854,1985,6625,12813,33069,25057,1779,6304,48406,35891,0,0,1617,788,5748,4867,23892,7513,4784,0,0,29097,19876,173,1425,0,0,0,0,0
759,1550,760.1927741320454,99777,5385,3742,166,53,87493,49636,1.3743548112290407,2808,1997,6573,12706,33327,25320,1739,6180,48408,35893,0,0,1565,762,5631,4899,24200,7798,4752,0,0,29149,19457,166,1398,0,0,0,0,0
760,1550,761.155065083431,99776,5318,3728,166,54,88171,50118,1.3859946279666453,2760,1931,6567,12688,33498,25510,1689,6087,48410,35895,0,0,1515,737,5545,4913,24489,8023,4738,0,0,29152,19134,162,1368,0,0,0,0,0
761,1550,762.1144826167598,99774,5275,3700,166,56,88839,50586,1.397408142401828,2708,1891,6512,12629,33680,25722,1657,6000,48412,35897,0,0,1480,717,5450,4912,24726,8268,4719,0,0,29188,18810,156,1348,0,0,0,0,0
762,1550,763.0706485356835,99772,5226,3610,168,56,89463,51035,1.4081906747384036,2713,1831,6489,12583,33782,25999,1620,5919,48414,35899,0,0,1441,695,5345,4937,25007,8486,4693,0,0,29217,18480,150,1321,0,0,0,0,0
763,1550,764.0252663920754,99772,5076,3576,168,56,90045,51477,1.418454075291665,2709,1743,6486,12563,33971,26221,1588,5839,48416,35901,0,0,1408,677,5252,4924,25339,8710,4667,0,0,29155,18192,148,1300,0,0,0,0,0
764,1550,765.1677513523124,99769,5011,3482,169,58,90781,51963,1.4307450209985066,2641,1690,6462,12552,34167,26464,1548,5752,48417,35903,0,0,1375,654,5157,4927,25666,8962,4627,0,0,29156,17826,144,1275,0,0,0,0,0
765,1550,766.1173191300109,99768,4950,3407,170,58,91426,52358,1.4411835458263171,2550,1669,6467,12520,34354,26657,1507,5687,48418,35905,0,0,1344,643,5079,4925,25937,9196,4588,0,0,29123,17543,143,1247,0,0,0,0,0
766,1550,767.0644848483446,99768,4851,3339,170,58,92011,52737,1.4508459626333092,2518,1660,6461,12492,34523,26824,1475,5625,48419,35907,0,0,1301,634,4994,4941,26184,9413,4557,0,0,29116,17261,139,1228,0,0,0,0,0
767,1550,768.0091018851588,99766,4818,3251,171,59,92614,53126,1.4608183148567648,2468,1642,6453,12446,34646,27057,1442,5543,48420,35909,0,0,1266,624,4916,4947,26437,9634,4524,0,0,29078,16997,138,1205,0,0,0,0,0
768,1550,769.1397687015198,99766,4706,3215,171,59,93328,53591,1.4726359681655072,2352,1615,6446,12380,34915,27256,1408,5473,48421,35911,0,0,1226,611,4845,4934,26714,9911,4490,0,0,29042,16682,131,1180,0,0,0,0,0
769,1550,770.0789063686873,99765,4624,3106,171,60,93889,53942,1.481792211697489,2259,1603,6478,12377,35081,27458,1385,5394,48422,35913,0,0,1190,596,4796,4920,26910,10149,4467,0,0,29030,16415,128,1164,0,0,0,0,0
770,1550,771.0164980510617,99763,4527,3064,173,60,94406,54321,1.4908032035925143,2214,1570,6482,12330,35240,27648,1362,5326,48423,35915,0,0,1170,584,4723,4933,27124,10363,4414,0,0,29003,16180,125,1144,0,0,0,0,0
771,1550,772.1392343741743,99762,4412,3047,174,60,95001,54795,1.5015336500872076,2195,1486,6488,12312,35390,27846,1339,5247,48424,35917,0,0,1132,571,4636,4925,27365,10625,4395,0,0,28971,15904,120,1118,0,0,0,0,0
772,1550,773.0729533413522,99762,4296,2962,174,60,95476,55127,1.509622902507969,2182,1458,6498,12292,35539,28044,1309,5182,48425,35919,0,0,1108,561,4581,4930,27541,10849,4367,0,0,28952,15658,112,1103,0,0,0,0,0
773,1550,774.0056413608545,99762,4256,2936,174,60,95991,55468,1.518203323910908,2131,1420,6531,12290,35617,28180,1289,5112,48426,35921,0,0,1082,552,4526,4938,27713,11043,4326,0,0,28948,15440,109,1085,0,0,0,0,0
774,1550,775.1242391104827,99761,4215,2867,174,61,96572,55867,1.528042020428825,2074,1422,6568,12278,35716,28330,1251,5040,48427,35923,0,0,1060,539,4453,4934,27921,11289,4288,0,0,28917,15186,105,1069,0,0,0,0,0
775,1550,776.0550021394673,99761,4089,2832,174,61,97023,56207,1.5359709706197813,2091,1408,6574,12269,35848,28441,1222,4987,48428,35925,0,0,1035,518,4404,4938,28126,11503,4266,0,0,28823,15002,101,1045,0,0,0,0,0
776,1550,777.1699874888001,99760,4034,2750,174,62,97596,56566,1.5453287890938252,2046,1407,6612,12267,35938,28596,1194,4916,48429,35927,0,0,1006,507,4347,4901,28350,11724,4254,0,0,28814,14731,98,1028,0,0,0,0,0
777,1550,778.0986000429907,99760,4038,2744,174,62,98097,56922,1.553919406575782,1938,1337,6646,12253,36032,28746,1170,4856,48430,35929,0,0,994,496,4290,4901,28543,11919,4224,0,0,28721,14560,94,1018,0,0,0,0,0
778,1550,779.0265122884985,99759,3979,2710,174,63,98572,57238,1.5618640924628355,1904,1343,6662,12255,36128,28837,1151,4790,48431,35931,0,0,971,485,4245,4895,28705,12129,4202,0,0,28647,14388,92,1000,0,0,0,0,0
779,1550,780.138168700162,99759,3861,2677,174,63,99123,57632,1.5713369219819766,1820,1278,6690,12284,36317,28964,1136,4732,48432,35933,0,0,947,477,4166,4872,28911,12391,4174,0,0,28586,14160,91,984,0,0,0,0,0
780,1550,781.0632968863529,99759,3787,2605,174,63,99557,57914,1.578514219268437,1786,1265,6719,12285,36417,29100,1115,4680,48433,35935,0,0,927,469,4118,4847,29063,12601,4156,0,0,28540,13983,89,966,0,0,0,0,0
781,1550,782.1726784368917,99756,3671,2579,175,65,100054,58279,1.5872027747704398,1743,1216,6770,12310,36543,29202,1096,4626,48434,35937,0,0,906,461,4060,4855,29220,12849,4112,0,0,28472,13785,89,947,0,0,0,0,0
782,1550,783.0960366240627,99755,3575,2529,175,66,100419,58559,1.5936845270913738,1740,1185,6774,12339,36648,29302,1086,4577,48435,35939,0,0,892,448,4015,4839,29386,13032,4090,0,0,28403,13628,88,934,0,0,0,0,0
783,1550,784.0187312481154,99753,3539,2478,176,67,100823,58838,1.6005633915771957,1712,1143,6811,12362,36699,29411,1061,4537,48436,35941,0,0,880,440,3962,4820,29530,13218,4061,0,0,28360,13471,88,923,0,0,0,0,0
784,1550,785.1259129220539,99753,3508,2404,176,67,101326,59139,1.6086232995498881,1621,1138,6875,12402,36776,29508,1042,4479,48437,35943,0,0,866,432,3911,4801,29681,13446,4025,0,0,28291,13299,87,914,0,0,0,0,0
785,1550,786.0484670024199,99753,3403,2364,176,67,101688,59426,1.6151293695427706,1598,1115,6918,12406,36878,29618,1025,4428,48438,35945,0,0,847,424,3863,4785,29829,13643,4004,0,0,28209,13152,87,910,0,0,0,0,0
786,1550,787.154812825063,99751,3303,2319,178,67,102106,59748,1.6225802247596515,1603,1091,6964,12444,36939,29700,1011,4377,48439,35947,0,0,833,419,3817,4792,29951,13868,3970,0,0,28149,12967,82,903,0,0,0,0,0
787,1550,788.0771367608531,99749,3244,2218,178,69,102472,59999,1.6287982836920671,1565,1069,7018,12478,36999,29829,994,4335,48440,35949,0,0,817,410,3766,4790,30120,14024,3942,0,0,28110,12798,80,892,0,0,0,0,0
788,1550,789.1840954311255,99748,3144,2169,179,69,102903,60291,1.6360628784537032,1509,1064,7084,12492,37107,29913,975,4291,48441,35951,0,0,800,403,3720,4793,30252,14250,3906,0,0,28016,12646,76,886,0,0,0,0,0
789,1550,790.1064152485679,99748,3093,2162,179,69,103279,60550,1.642428920880619,1436,1017,7146,12556,37183,29943,961,4251,48442,35953,0,0,788,397,3687,4784,30349,14442,3880,0,0,27932,12535,76,878,0,0,0,0,0
790,1550,791.0285335851875,99747,3053,2089,180,69,103632,60801,1.648500706788174,1408,999,7197,12571,37206,30067,954,4203,48443,35955,0,0,777,387,3647,4793,30423,14633,3845,0,0,27909,12387,73,873,0,0,0,0,0
791,1550,792.1359425967263,99746,2931,2010,181,69,104016,61062,1.6549836584925712,1396,983,7271,12629,37274,30146,945,4161,48444,35957,0,0,761,379,3614,4783,30558,14852,3818,0,0,27818,12232,73,858,0,0,0,0,0
792,1550,793.0592618254981,99746,2815,1972,181,69,104297,61283,1.6600164417620757,1435,938,7304,12684,37330,30211,933,4124,48445,35959,0,0,753,373,3576,4779,30668,15014,3784,0,0,27760,12116,72,851,0,0,0,0,0
793,1550,794.1670661904725,99746,2744,1921,181,69,104700,61530,1.6665329938042628,1368,936,7388,12721,37404,30264,913,4087,48446,35961,0,0,742,369,3535,4743,30775,15219,3762,0,0,27715,11974,72,840,0,0,0,0,0
794,1550,795.0908359743242,99746,2705,1897,181,69,105019,61750,1.671936719266938,1341,896,7467,12762,37397,30325,907,4049,48447,35963,0,0,738,367,3512,4717,30851,15395,3740,0,0,27645,11878,71,832,0,0,0,0,0
795,1550,796.0154149070735,99746,2662,1822,181,69,105333,61934,1.6769294006777213,1322,927,7481,12775,37454,30392,898,4013,48448,35965,0,0,731,360,3476,4712,30945,15563,3717,0,0,27577,11775,70,820,0,0,0,0,0
796,1550,797.1248374170206,99746,2581,1749,181,69,105698,62175,1.683004832273976,1305,910,7539,12832,37500,30464,892,3974,48449,35967,0,0,722,355,3447,4702,31067,15758,3686,0,0,27479,11651,69,810,0,0,0,0,0
797,1550,798.0497997194595,99746,2550,1707,181,69,106002,62370,1.6880075391494396,1254,909,7595,12849,37536,30520,882,3944,48450,35969,0,0,716,350,3411,4692,31123,15923,3664,0,0,27446,11549,68,804,0,0,0,0,0
798,1550,799.1604120187491,99746,2505,1671,181,69,106354,62615,1.6939927415635714,1206,855,7685,12885,37549,30619,872,3899,48451,35971,0,0,704,346,3374,4693,31213,16111,3638,0,0,27372,11435,65,795,0,0,0,0,0
799,1550,800.0870793752484,99745,2420,1678,181,70,106604,62820,1.6985713569602485,1194,831,7763,12917,37576,30637,864,3865,48452,35973,0,0,697,343,3345,4686,31306,16244,3613,0,0,27313,11349,64,785,0,0,0,0,0
800,1550,801.0142105478355,99745,2390,1640,181,70,106907,63006,1.7034738583387639,1138,812,7806,12961,37624,30673,859,3842,48453,35975,0,0,687,340,3319,4679,31360,16409,3596,0,0,27250,11262,64,779,0,0,0,0,0
801,1550,802.1274539337347,99745,2358,1571,181,70,107248,63209,1.708927765802797,1078,783,7883,13039,37649,30726,849,3809,48454,35977,0,0,679,332,3288,4671,31466,16580,3570,0,0,27158,11164,63,774,0,0,0,0,0
802,1550,803.0560096886295,99745,2302,1586,181,70,107494,63405,1.713359065617324,1077,772,7936,13048,37655,30733,847,3789,48455,35979,0,0,670,331,3261,4657,31503,16723,3555,0,0,27123,11088,62,772,0,0,0,0,0
803,1550,804.1708894879955,99745,2221,1561,181,70,107786,63611,1.7183517970825606,1085,751,8012,13123,37661,30738,838,3755,48456,35981,0,0,664,327,3242,4648,31564,16899,3523,0,0,27058,10996,62,762,0,0,0,0,0
804,1550,805.100679790231,99745,2147,1545,181,70,108007,63788,1.722341972028673,1080,723,8072,13177,37683,30762,835,3721,48457,35983,0,0,656,320,3229,4647,31573,17057,3503,0,0,27024,10917,61,758,0,0,0,0,0
805,1550,806.031474648374,99745,2152,1507,181,70,108267,63957,1.7266429394957141,1055,702,8140,13222,37641,30802,829,3695,48458,35985,0,0,651,317,3211,4648,31634,17183,3484,0,0,26968,10837,60,752,0,0,0,0,0
806,1550,807.1501045136395,99744,2086,1452,182,70,108559,64150,1.7315226981071543,1052,689,8195,13263,37664,30860,819,3664,48459,35986,0,0,645,311,3185,4645,31674,17368,3460,0,0,26914,10733,60,749,0,0,0,0,0
807,1550,808.0831408518882,99744,2014,1405,182,70,108778,64303,1.7352522457491177,1044,719,8293,13296,37653,30867,812,3641,48460,35987,0,0,638,307,3158,4629,31727,17509,3452,0,0,26873,10653,59,739,0,0,0,0,0
808,1550,809.0175200140513,99744,2034,1364,182,70,109040,64471,1.739563282001925,991,709,8374,13355,37616,30896,801,3604,48461,35988,0,0,632,304,3132,4624,31763,17654,3436,0,0,26821,10589,58,731,0,0,0,0,0
809,1550,810.1409798607814,99744,1960,1325,182,70,109315,64661,1.7442252165543792,954,687,8486,13439,37624,30899,792,3578,48462,35989,0,0,626,300,3113,4608,31780,17849,3420,0,0,26760,10505,57,726,0,0,0,0,0
810,1550,811.0782753771409,99743,1949,1305,183,70,109561,64819,1.748293113301184,907,677,8551,13511,37625,30886,783,3549,48463,35990,0,0,621,292,3093,4599,31824,17979,3401,0,0,26710,10447,57,720,0,0,0,0,0
811,1550,812.0161820559803,99743,1899,1277,183,70,109779,64978,1.7520728271658161,887,651,8624,13569,37633,30913,772,3518,48464,35991,0,0,611,288,3079,4590,31859,18110,3393,0,0,26668,10369,57,719,0,0,0,0,0
812,1550,813.1431307206323,99743,1850,1238,183,70,110033,65154,1.756383906640065,893,621,8718,13649,37587,30929,767,3491,48465,35992,0,0,600,285,3053,4577,31929,18254,3384,0,0,26595,10295,55,716,0,0,0,0,0
813,1550,814.0844356475644,99743,1789,1222,183,70,110221,65303,1.7597625898559297,905,588,8808,13722,37552,30922,761,3474,48466,35993,0,0,595,280,3033,4574,31962,18386,3374,0,0,26527,10249,51,712,0,0,0,0,0
814,1550,815.0273076150447,99743,1785,1215,183,70,110448,65457,1.7635824067854386,874,565,8878,13783,37523,30920,755,3445,48467,35994,0,0,590,277,3012,4571,32003,18498,3357,0,0,26490,10186,51,708,0,0,0,0,0
815,1550,816.1602455582918,99743,1774,1208,183,70,110711,65638,1.768033846986756,819,523,8939,13839,37532,30938,751,3420,48468,35995,0,0,585,271,2990,4561,32050,18630,3339,0,0,26442,10126,50,699,0,0,0,0,0
816,1550,817.1052617051229,99742,1742,1154,184,70,110907,65762,1.7712598504140682,805,527,9015,13917,37509,30947,743,3383,48469,35996,0,0,574,265,2967,4540,32128,18726,3335,0,0,26401,10061,50,695,0,0,0,0,0
817,1550,818.0518396380372,99742,1691,1125,184,70,111096,65892,1.7744581019029095,793,519,9099,13973,37487,30949,744,3362,48470,35997,0,0,572,261,2953,4538,32126,18861,3316,0,0,26372,10001,50,692,0,0,0,0,0
818,1550,819.1895086156668,99742,1639,1097,184,70,111307,66028,1.7779370776603638,809,528,9200,14036,37430,30926,736,3341,48471,35998,0,0,563,258,2940,4534,32133,19000,3304,0,0,26336,9941,49,684,0,0,0,0,0
819,1550,820.1394682415544,99742,1599,1098,184,70,111495,66158,1.7811253032824688,817,497,9260,14104,37407,30903,731,3326,48472,35999,0,0,558,256,2927,4519,32156,19112,3292,0,0,26306,9887,48,681,0,0,0,0,0
820,1550,821.0907385897968,99742,1574,1059,184,70,111687,66267,1.7841430891700587,770,507,9343,14171,37399,30882,728,3309,48473,36000,0,0,553,253,2914,4522,32193,19220,3279,0,0,26242,9840,47,679,0,0,0,0,0
821,1550,822.0431671231855,99741,1556,1056,185,70,111888,66396,1.7874695461244623,744,487,9427,14237,37360,30859,726,3289,48474,36001,0,0,549,250,2900,4517,32224,19327,3264,0,0,26201,9792,47,670,0,0,0,0,0
822,1550,823.1880650075926,99741,1512,1003,185,70,112094,66527,1.7908482970894617,740,497,9525,14313,37319,30857,717,3258,48475,36002,0,0,544,248,2889,4509,32221,19474,3252,0,0,26165,9726,45,668,0,0,0,0,0
823,1550,824.1437657180501,99740,1472,982,186,70,112280,66639,1.7938540204531783,716,506,9593,14382,37320,30825,711,3233,48476,36003,0,0,537,246,2875,4508,32243,19584,3235,0,0,26123,9677,45,667,0,0,0,0,0
824,1550,825.1004830693075,99740,1451,970,186,70,112453,66769,1.7968919189893724,692,468,9681,14441,37281,30831,707,3218,48477,36004,0,0,528,245,2865,4486,32288,19680,3236,0,0,26078,9627,45,662,0,0,0,0,0
825,1550,826.0590437118665,99740,1418,920,186,70,112624,66872,1.7996390615600562,686,464,9759,14519,37245,30827,704,3198,48478,36005,0,0,524,240,2854,4481,32308,19786,3228,0,0,26051,9568,44,656,0,0,0,0,0
826,1550,827.0190683720134,99740,1346,909,186,70,112779,66989,1.8023661519951875,670,444,9843,14590,37251,30812,702,3173,48479,36006,0,0,518,238,2841,4465,32348,19888,3223,0,0,25997,9526,43,653,0,0,0,0,0
827,1550,828.1727895208267,99740,1316,859,186,70,112984,67109,1.8056246240224585,639,428,9931,14671,37227,30818,699,3152,48480,36007,0,0,514,238,2830,4437,32405,20005,3211,0,0,25930,9478,43,649,0,0,0,0,0
828,1550,829.1361164163263,99739,1286,864,187,70,113141,67225,1.8083798714645225,625,392,10033,14748,37169,30783,698,3141,48481,36008,0,0,513,235,2811,4429,32434,20100,3201,0,0,25885,9443,43,645,0,0,0,0,0
829,1550,830.1013675525533,99739,1255,853,187,70,113286,67335,1.810936544380834,620,385,10118,14813,37123,30754,695,3123,48482,36009,0,0,507,234,2793,4427,32459,20193,3194,0,0,25832,9417,41,642,0,0,0,0,0
830,1550,831.068492249419,99739,1223,844,187,70,113427,67440,1.8134029817824522,611,365,10214,14885,37069,30730,694,3104,48483,36010,0,0,504,232,2787,4420,32483,20278,3183,0,0,25801,9371,41,639,0,0,0,0,0
831,1550,832.0375146687438,99738,1213,816,188,70,113583,67530,1.815887625579017,576,384,10288,14932,37044,30710,689,3086,48484,36011,0,0,496,230,2776,4414,32501,20369,3177,0,0,25764,9332,41,638,0,0,0,0,0
832,1550,833.0078159357428,99738,1196,815,188,70,113728,67631,1.8183540877097997,570,372,10355,14997,37000,30678,689,3066,48485,36012,0,0,494,228,2767,4415,32508,20456,3165,0,0,25724,9304,41,636,0,0,0,0,0
833,1550,834.1742703539309,99738,1162,793,188,70,113873,67742,1.8209208125288254,596,380,10442,15066,36926,30642,684,3047,48486,36013,0,0,492,227,2758,4407,32525,20554,3150,0,0,25696,9256,41,632,0,0,0,0,0
834,1550,835.1482008923261,99738,1143,781,188,70,114010,67847,1.8233471695843109,580,349,10512,15166,36896,30612,679,3020,48487,36014,0,0,489,227,2746,4415,32504,20656,3133,0,0,25674,9223,41,630,0,0,0,0,0
835,1550,836.1236193578815,99738,1125,765,188,70,114157,67924,1.8255930538009586,533,353,10613,15251,36861,30558,678,3001,48488,36015,0,0,485,226,2735,4406,32518,20736,3126,0,0,25650,9189,40,627,0,0,0,0,0
836,1550,837.1010170222398,99737,1098,748,189,70,114300,68015,1.8279575282994276,518,353,10704,15324,36812,30524,677,2979,48489,36016,0,0,484,224,2726,4394,32548,20813,3111,0,0,25619,9151,40,627,0,0,0,0,0
837,1550,838.0801996680904,99737,1098,725,189,70,114447,68097,1.8302535668808968,495,350,10793,15393,36749,30503,674,2957,48490,36017,0,0,482,224,2716,4378,32580,20888,3107,0,0,25584,9115,40,623,0,0,0,0,0
838,1550,839.0612287221765,99737,1042,697,189,70,114554,68174,1.8320984188415532,490,349,10875,15476,36734,30458,668,2948,48491,36018,0,0,478,223,2706,4376,32605,20961,3095,0,0,25560,9075,39,619,0,0,0,0,0
839,1550,840.0437603631827,99737,1026,689,189,70,114682,68259,1.8342340355134001,469,343,10970,15551,36678,30410,666,2935,48492,36019,1,1,475,221,2702,4362,32627,21029,3091,0,0,25536,9037,39,617,0,1,0,0,0
840,1550,841.0285450450817,99736,991,653,189,71,114798,68330,1.8361273762733616,455,346,11072,15623,36625,30384,666,2921,48493,36020,2,2,474,220,2693,4351,32644,21107,3082,0,0,25513,8998,39,614,0,1,0,0,0
841,1550,842.0154698877792,99735,967,663,190,71,114911,68416,1.8381410738456911,447,316,11154,15707,36579,30335,661,2906,48494,36021,3,3,472,218,2687,4348,32637,21179,3073,0,0,25506,8964,37,612,0,2,0,0,0
842,1550,843.0040379174595,99735,956,646,190,71,115032,68495,1.8401463879280093,433,312,11235,15788,36523,30291,661,2890,48495,36022,4,4,468,218,2684,4338,32672,21240,3063,0,0,25464,8936,37,612,0,3,0,0,0
843,1550,844.1936322471845,99735,918,634,190,71,115164,68593,1.8424524991226752,439,316,11385,15882,36405,30220,661,2875,48496,36023,5,5,462,217,2678,4339,32688,21323,3053,0,0,25432,8897,36,606,0,3,0,0,1
844,1550,845.1880568804874,99735,888,615,190,71,115269,68668,1.8442572817967615,429,305,11497,15953,36333,30188,661,2866,48497,36024,6,6,457,215,2669,4326,32704,21400,3045,0,0,25399,8874,36,605,0,4,0,0,1
845,1550,846.1847382253528,99735,840,594,190,71,115357,68733,1.8457913470697347,434,302,11596,16034,36279,30147,659,2850,48498,36025,7,7,456,212,2660,4322,32709,21470,3033,0,0,25388,8843,36,601,0,4,0,0,1
846,1550,847.1837749916626,99735,832,586,190,71,115472,68804,1.8476562891662907,416,282,11685,16126,36220,30097,655,2836,48499,36026,8,8,454,210,2650,4321,32719,21539,3019,0,0,25356,8827,36,598,0,5,0,0,1
847,1550,848.1847403887623,99735,828,555,190,71,115564,68857,1.8491101418759712,423,299,11773,16216,36131,30033,653,2824,48500,36027,9,9,452,209,2646,4315,32731,21594,3016,0,0,25336,8798,36,596,0,5,0,0,1
848,1550,849.188423812463,99735,815,558,190,71,115673,68941,1.8510452699654083,407,277,11859,16295,36078,29985,649,2812,48501,36028,10,10,448,208,2639,4306,32748,21655,3014,0,0,25312,8766,36,596,0,5,0,0,2
849,1550,850.1941271282262,99735,795,546,190,71,115771,69020,1.85281997292826,395,252,11944,16370,36030,29963,644,2796,48502,36029,11,11,446,206,2636,4301,32729,21733,3007,0,0,25306,8731,36,595,0,5,1,0,3
850,1550,851.2016370688381,99735,782,542,190,71,115876,69088,1.8545545696094652,389,232,12023,16432,35975,29928,639,2793,48503,36030,12,12,445,205,2631,4293,32710,21807,3001,0,0,25298,8706,36,594,0,5,1,0,3
851,1550,852.009125655159,99735,773,514,190,71,115955,69127,1.8557377049180328,384,252,12108,16492,35905,29881,638,2788,48504,36031,14,14,443,205,2620,4280,32734,21848,3001,0,0,25280,8683,36,594,0,6,1,0,4
852,1550,853.0208083218162,99735,738,483,190,71,116046,69175,1.857131398205244,373,262,12216,16557,35843,29847,638,2778,48505,36032,16,16,438,204,2607,4272,32770,21898,2997,0,0,25252,8659,36,590,0,6,1,0,5
853,1550,854.0348031259047,99735,713,472,190,71,116134,69245,1.8587155963302753,363,238,12296,16644,35797,29803,639,2770,48506,36033,19,18,436,204,2599,4259,32773,21972,2996,0,0,25217,8639,36,589,0,8,1,0,6
854,1550,855.0507478646731,99735,686,467,190,71,116219,69301,1.8601293427583094,366,237,12379,16728,35737,29732,640,2763,48507,36034,23,21,433,204,2592,4259,32774,22032,2989,0,0,25197,8615,36,587,0,9,1,0,7
855,1550,856.0689394959271,99735,687,445,190,71,116311,69359,1.8616333283200481,369,240,12457,16811,35655,29675,640,2756,48508,36035,28,25,433,204,2588,4249,32775,22096,2983,0,0,25168,8595,36,585,0,14,1,0,8
856,1550,857.0893398735211,99735,677,443,190,71,116401,69426,1.863207499874668,364,235,12532,16885,35594,29614,641,2750,48509,36036,34,30,432,204,2579,4240,32792,22153,2977,0,0,25134,8577,36,583,0,17,1,0,10
857,1550,858.1117380897714,99735,660,439,190,71,116487,69494,1.8647515917180528,360,216,12630,16966,35516,29567,642,2739,48510,36037,42,36,431,203,2571,4229,32799,22218,2972,0,0,25106,8555,36,581,0,22,1,0,11
858,1550,859.136898002148,99735,656,407,190,71,116575,69538,1.8660750990123829,341,211,12730,17049,35433,29525,648,2735,48511,36038,51,43,426,203,2565,4221,32808,22277,2974,0,0,25073,8532,36,579,0,27,1,0,13
859,1550,860.1650846354061,99735,626,398,190,71,116652,69586,1.8673284203138316,328,209,12841,17147,35357,29437,656,2736,48512,36039,63,51,426,203,2559,4217,32812,22338,2967,0,0,25032,8514,36,579,0,37,1,0,14
860,1550,861.195861213028,99735,607,401,190,71,116718,69637,1.8685015290519877,312,200,12940,17206,35282,29382,667,2738,48513,36040,77,61,425,203,2556,4212,32813,22391,2964,0,0,24993,8503,36,579,0,44,1,0,15
861,1550,862.0225848570185,99735,582,390,190,71,116770,69682,1.869474106381912,310,189,13023,17260,35214,29337,679,2751,48514,36041,94,73,425,203,2550,4208,32808,22450,2961,0,0,24958,8487,36,577,1,52,2,0,17
862,1550,863.0587340591245,99735,581,385,190,71,116859,69730,1.8708477465283,287,181,13123,17363,35125,29239,692,2759,48515,36042,115,87,422,202,2539,4207,32811,22497,2951,0,0,24940,8466,36,574,1,63,6,0,20
863,1550,864.0978081889607,99735,569,377,190,71,116929,69772,1.8719707224143982,279,188,13219,17438,35038,29147,703,2777,48516,36043,140,103,421,200,2534,4203,32801,22556,2946,0,0,24910,8449,36,573,1,75,6,0,24
864,1550,865.1396277587583,99734,538,361,191,71,116990,69820,1.8730823991818237,271,178,13326,17519,34956,29078,716,2791,48517,36044,170,122,420,200,2530,4188,32816,22612,2943,0,0,24874,8421,36,566,2,86,7,0,33
865,1550,866.1845794488609,99734,514,366,191,71,117056,69874,1.8742855996951893,269,163,13437,17639,34850,28943,737,2816,48518,36045,206,143,416,199,2520,4190,32800,22675,2935,0,0,24839,8404,36,563,4,102,13,0,38
866,1550,867.0232718358346,99734,519,363,191,71,117112,69909,1.875198026751158,264,156,13511,17693,34755,28869,758,2846,48519,36046,248,168,416,198,2514,4189,32773,22733,2929,0,0,24815,8386,36,563,4,120,14,0,44
867,1550,868.0745984901611,99734,497,340,191,71,117175,69944,1.87618064050374,267,154,13591,17787,34667,28769,785,2877,48520,36047,297,196,413,195,2503,4195,32770,22793,2924,0,0,24771,8361,36,560,5,136,20,0,52
868,1550,869.1293545523932,99734,480,339,191,71,117237,69996,1.8773236809914373,274,152,13713,17851,34528,28668,812,2917,48521,36048,354,228,412,195,2494,4186,32741,22869,2922,0,0,24727,8334,36,559,5,169,24,0,61
869,1550,870.188301622455,99734,479,325,191,71,117320,70039,1.878587041530471,256,155,13820,17924,34409,28553,843,2970,48522,36049,420,265,410,194,2486,4181,32699,22957,2917,0,0,24681,8306,36,558,6,201,29,0,73
870,1550,871.0382163613235,99734,459,309,191,71,117373,70069,1.8794192552188822,240,161,13888,17965,34340,28462,880,3030,48523,36050,496,307,408,194,2476,4175,32674,23027,2917,0,0,24639,8272,36,556,6,234,33,0,87
871,1550,872.1035453266855,99734,441,305,191,71,117439,70107,1.8804620289971323,229,163,13963,18029,34249,28332,925,3098,48524,36051,583,354,406,193,2460,4171,32649,23105,2916,0,0,24572,8251,36,556,6,275,42,0,96
872,1550,873.172400525,99734,445,288,191,71,117495,70148,1.8814346160787696,227,157,14051,18082,34109,28219,975,3181,48525,36052,682,407,405,191,2454,4170,32605,23195,2910,0,0,24502,8223,36,553,9,321,44,0,116
873,1550,874.0306226097215,99734,440,289,191,71,117545,70186,1.8823169631219043,210,150,14126,18132,34002,28083,1029,3273,48526,36053,794,466,404,191,2449,4170,32531,23291,2905,0,0,24455,8192,36,553,9,368,47,0,133
874,1550,875.1074024057943,99734,437,280,191,71,117610,70226,1.883369763571099,199,143,14210,18176,33872,27951,1089,3377,48527,36054,921,532,403,190,2437,4168,32477,23397,2898,0,0,24386,8152,36,551,11,414,54,0,160
875,1550,876.188521721993,99734,413,272,191,71,117658,70263,1.8842220306013997,199,138,14292,18230,33745,27793,1158,3494,48528,36055,1063,605,402,190,2427,4158,32420,23497,2898,0,0,24290,8121,36,550,12,494,60,0,179
876,1550,877.0566771839757,99734,413,271,191,71,117704,70295,1.8850041109350872,190,133,14339,18260,33628,27628,1237,3635,48529,36056,1222,686,402,190,2417,4160,32349,23598,2891,0,0,24199,8087,36,547,13,576,68,0,201
877,1550,878.1462628447356,99734,403,255,191,71,117759,70325,1.8858563779653879,185,132,14417,18285,33483,27464,1319,3791,48530,36057,1399,775,401,190,2400,4148,32276,23718,2891,0,0,24099,8046,36,546,14,657,82,0,230
878,1550,879.0214807124033,99733,398,247,192,71,117804,70350,1.8865771610199231,183,140,14475,18287,33335,27290,1415,3963,48531,36058,1596,873,401,190,2385,4153,32170,23853,2880,0,0,24012,8005,36,543,14,735,92,0,264
879,1550,880.1213534990652,99733,395,253,192,71,117854,70393,1.8875096507675493,166,131,14581,18316,33146,27078,1518,4149,48532,36059,1814,980,400,190,2374,4146,32052,24007,2880,0,0,23896,7969,36,537,19,834,100,0,293
880,1550,881.0056476893823,99733,396,242,192,71,117904,70417,1.8882516318570584,144,130,14612,18297,33025,26901,1629,4357,48533,36060,2053,1097,400,190,2356,4147,31947,24148,2874,0,0,23769,7921,36,536,20,946,114,0,329
881,1550,882.1161147674937,99733,379,229,192,71,117950,70452,1.8890638003469262,153,133,14663,18295,32864,26686,1747,4584,48534,36061,2315,1224,400,190,2342,4143,31813,24326,2870,0,0,23639,7866,36,533,23,1057,123,0,372
882,1550,883.0086005538972,99733,369,242,192,71,117983,70492,1.8897957546649555,153,113,14699,18256,32706,26463,1879,4853,48535,36062,2601,1362,400,190,2328,4132,31678,24491,2867,0,0,23503,7808,36,530,25,1189,134,0,422
883,1550,884.1301012262738,99733,357,230,192,71,118023,70519,1.8904675483541054,152,109,14761,18252,32518,26212,2018,5124,48536,36063,2912,1511,400,189,2309,4128,31543,24669,2862,0,0,23338,7752,36,526,29,1337,147,0,468
884,1550,885.0322021233487,99733,341,239,192,71,118065,70551,1.8912095294436144,132,98,14802,18218,32357,25947,2174,5425,48537,36064,3249,1672,400,188,2290,4125,31356,24880,2860,0,0,23177,7686,36,523,32,1491,164,0,525
885,1550,886.1662922198633,99733,341,223,192,71,118114,70576,1.8919515105331235,129,101,14871,18180,32131,25680,2334,5743,48538,36065,3612,1845,396,188,2267,4123,31173,25099,2857,0,0,23008,7621,36,520,35,1642,183,0,585
886,1550,887.0796854032781,99733,332,220,192,71,118145,70595,1.892452849107116,134,98,14899,18106,31928,25406,2513,6097,48539,36066,4002,2030,396,188,2243,4120,31000,25296,2853,0,0,22829,7549,35,514,41,1812,205,0,652
887,1550,888.229307324708,99733,322,209,192,71,118184,70622,1.8931146160247863,133,101,14949,18035,31708,25112,2694,6470,48540,36067,4419,2228,395,188,2214,4115,30811,25524,2850,0,0,22637,7469,35,510,44,1987,231,0,723
888,1550,889.155115922515,99733,314,209,192,71,118218,70656,1.893796436485416,138,84,14964,17964,31496,24807,2894,6863,48541,36068,4863,2439,395,188,2192,4114,30607,25755,2845,0,0,22407,7391,35,508,45,2209,252,0,790
889,1550,890.0871192561923,99733,288,204,192,71,118247,70684,1.8943679624597676,140,74,14980,17877,31295,24482,3103,7290,48542,36069,5334,2663,394,186,2167,4113,30387,26009,2842,0,0,22187,7312,35,502,50,2418,275,0,856
890,1550,891.0253606200239,99733,286,185,192,71,118280,70699,1.8948492474908005,126,85,14988,17763,31075,24145,3331,7749,48543,36070,5832,2900,394,185,2145,4108,30169,26255,2839,0,0,21943,7228,35,498,54,2657,294,0,929
891,1550,892.2075294752257,99733,283,182,192,71,118317,70723,1.8954608805510713,120,82,15020,17652,30815,23804,3568,8207,48544,36071,6356,3151,394,185,2127,4101,29922,26528,2836,0,0,21692,7132,35,486,63,2905,312,0,1015
892,1550,893.16097635314,99733,276,167,192,71,118345,70737,1.895882004953225,124,89,15035,17517,30554,23465,3817,8689,48545,36072,6905,3415,394,185,2089,4097,29664,26807,2834,0,0,21453,7026,35,482,67,3144,344,0,1112
893,1550,894.1224735250157,99733,268,165,192,71,118375,70752,1.8963332096698184,119,88,15058,17417,30280,23062,4081,9195,48546,36073,7478,3693,393,185,2067,4098,29367,27122,2830,0,0,21188,6925,35,479,70,3401,364,0,1209
894,1550,895.0924409883801,99733,263,154,192,71,118404,70768,1.8967844143864117,115,83,15067,17278,30011,22682,4350,9730,48547,36074,8073,3984,391,185,2044,4096,29079,27432,2828,0,0,20901,6820,35,465,81,3681,387,0,1308
895,1550,896.0713842448155,99733,240,146,192,71,118422,70786,1.8971453781596863,122,76,15082,17099,29727,22311,4635,10295,48548,36075,8689,4288,388,184,2014,4091,28794,27742,2827,0,0,20592,6709,35,458,88,3988,416,0,1407
896,1550,897.0597708758766,99733,239,145,192,71,118453,70803,1.8976266631907193,124,70,15061,16924,29449,21921,4933,10867,48549,36076,9324,4605,388,184,1984,4090,28478,28078,2823,0,0,20293,6590,35,450,95,4279,445,0,1521
897,1550,898.0576596494273,99733,235,145,192,71,118487,70822,1.8981580820791513,108,66,15068,16757,29164,21515,5231,11444,48550,36077,9976,4934,388,184,1946,4092,28160,28414,2819,0,0,19965,6486,35,446,99,4597,480,0,1622
898,1550,899.0655994123252,99733,238,131,192,71,118517,70834,1.8985792064813052,98,63,15058,16563,28863,21121,5549,12049,48551,36078,10642,5275,388,184,1917,4092,27827,28772,2816,0,0,19635,6369,35,436,107,4917,506,0,1732
899,1550,900.0841335725511,99733,227,125,192,71,118533,70848,1.8988800096257006,123,83,15131,16630,28789,21074,5536,12015,48551,36078,10642,5275,388,184,1917,4090,27821,28791,2814,0,0,19634,6362,35,436,107,4916,506,0,1732
900,1550,900.0841335725511,99733,223,124,192,71,118541,70851,1.8989903041119789,117,82,15013,16381,28572,20683,5881,12657,48551,36078,11321,5627,388,184,1886,4089,27459,29155,2814,0,3,19323,6266,35,430,113,5226,537,0,1825
901,1550,901.1128157431914,99733,223,138,192,71,118576,70878,1.8996119639437297,112,75,14980,16205,28280,20251,6211,13258,48551,36078,12010,5990,388,184,1856,4088,27118,29507,2812,0,8,18985,6153,35,423,120,5557,566,0,1933
902,1550,902.1521072556491,99733,217,145,192,71,118606,70902,1.9001534096036417,115,81,14944,16008,27974,19824,6556,13869,48551,36078,12706,6362,387,183,1822,4089,26763,29878,2809,1,13,18639,6051,35,414,129,5892,598,0,2030
903,1550,903.2027740542705,99733,217,149,192,71,118641,70927,1.900755015892433,115,81,14938,15790,27628,19409,6908,14498,48551,36078,13407,6744,387,183,1787,4088,26389,30274,2806,1,19,18297,5942,35,410,133,6217,632,0,2133
904,1550,904.2659868471891,99733,210,142,192,71,118668,70944,1.9011961938375463,111,87,14913,15621,27303,18965,7269,15112,48551,36078,14110,7134,387,183,1755,4090,26048,30636,2800,1,25,17921,5829,35,403,139,6579,662,3,2237
905,1550,905.0722720089169,99733,209,141,192,71,118694,70959,1.90160729146822,111,86,14855,15410,26992,18551,7639,15739,48551,36078,14813,7532,387,183,1719,4088,25682,31016,2798,1,29,17594,5729,35,396,146,6897,697,4,2332
906,1550,906.1608733496298,99733,204,146,192,71,118723,70984,1.902148737128132,101,78,14834,15243,26658,18117,8009,16343,48551,36078,15514,7936,386,183,1680,4082,25294,31424,2796,2,35,17269,5624,35,384,158,7214,732,5,2430
907,1550,907.2632877948896,99733,209,145,192,71,118754,71007,1.902690182788044,108,77,14828,15067,26291,17690,8370,16948,48551,36078,16210,8346,385,183,1644,4085,24905,31830,2790,3,41,16955,5515,35,376,166,7516,766,5,2533
908,1550,908.1001911100469,99733,209,145,192,71,118772,71022,1.9030210662468792,117,81,14751,14878,25974,17282,8755,17541,48551,36078,16899,8760,385,183,1607,4084,24556,32194,2789,3,43,16615,5397,35,363,179,7844,802,7,2647
909,1550,909.2311958994195,99733,211,145,192,71,118810,71047,1.9036527528501097,117,70,14707,14706,25636,16891,9135,18115,48551,36078,17579,9178,385,183,1586,4087,24182,32583,2783,3,48,16290,5280,35,357,185,8158,822,9,2757
910,1550,910.0897833115539,99733,218,144,192,71,118836,71065,1.9040939307952232,117,66,14662,14479,25290,16534,9519,18704,48551,36078,18248,9599,385,183,1554,4086,23827,32956,2781,3,49,15929,5173,35,347,195,8507,851,10,2862
911,1550,911.2509687921947,99733,209,150,192,71,118875,71089,1.904725617398454,108,65,14630,14294,24982,16153,9877,19265,48551,36078,18905,10021,385,182,1518,4084,23445,33361,2781,3,53,15605,5058,35,346,196,8813,885,12,2971
912,1550,912.131952528313,99733,202,144,192,71,118893,71099,1.9050063669998898,112,72,14570,14109,24658,15792,10264,19810,48551,36078,19548,10444,385,182,1482,4084,23072,33748,2778,3,56,15272,4965,35,340,202,9138,918,13,3060
913,1550,913.0243848672657,99733,194,144,192,71,118914,71118,1.9054074378590837,116,70,14504,13904,24335,15457,10657,20352,48551,36078,20175,10867,384,182,1454,4080,22730,34109,2777,4,62,14962,4846,35,336,205,9438,943,16,3170
914,1550,914.2314673109759,99733,191,144,192,71,118946,71142,1.9059689370619555,122,65,14473,13812,23985,15074,11035,20832,48551,36078,20786,11289,383,181,1419,4071,22394,34475,2777,5,63,14633,4753,35,328,213,9749,976,21,3257
915,1550,915.1489290338693,99733,192,149,192,71,118970,71169,1.906480302407428,124,60,14407,13649,23677,14723,11406,21346,48551,36078,21380,11709,383,181,1386,4071,22044,34842,2775,5,65,14339,4667,35,323,218,10030,1007,22,3340
916,1550,916.0785198287668,99733,184,146,192,71,118988,71181,1.9067811055518233,125,63,14351,13528,23370,14361,11776,21829,48551,36078,21956,12126,383,180,1362,4070,21707,35191,2773,5,66,14024,4579,35,318,223,10340,1028,27,3422
917,1550,917.0203297041165,99733,198,135,192,71,119024,71195,1.9072824441258158,113,64,14299,13398,23055,14043,12141,22287,48551,36078,22513,12539,383,180,1334,4069,21378,35546,2771,5,68,13728,4482,35,310,230,10617,1053,30,3514
918,1550,918.2946011873116,99733,200,131,192,71,119058,71215,1.9078238897857278,116,67,14269,13309,22733,13720,12488,22700,48551,36078,23051,12948,383,180,1303,4069,21067,35881,2769,5,68,13427,4391,35,304,236,10898,1082,35,3600
919,1550,919.2628005800196,99733,196,136,192,71,119086,71238,1.9083352551312003,110,55,14223,13208,22439,13421,12838,23107,48551,36078,23570,13352,383,180,1272,4065,20775,36196,2768,5,69,13154,4287,35,300,240,11153,1113,40,3698
920,1550,920.2436724031329,99733,182,133,192,71,119107,71251,1.9086761653615152,118,60,14177,13103,22142,13135,13187,23496,48551,36078,24070,13750,382,180,1238,4065,20482,36506,2767,6,68,12891,4201,35,295,244,11407,1141,44,3781
921,1550,921.2375646525993,99733,183,136,192,71,119138,71272,1.9091975574784674,115,51,14131,13002,21844,12860,13533,23878,48551,36078,24550,14141,381,180,1209,4064,20194,36809,2761,7,71,12628,4130,35,291,246,11665,1169,46,3847
922,1550,922.2450743355282,99733,183,142,192,71,119165,71288,1.909628708652101,106,58,14102,12915,21560,12587,13855,24225,48551,36078,25011,14526,381,180,1182,4064,19907,37106,2760,7,70,12380,4048,35,290,247,11904,1196,50,3926
923,1550,923.2662451799206,99733,190,144,192,71,119201,71300,1.910109993683134,96,66,14069,12847,21270,12335,14181,24535,48551,36078,25453,14903,380,180,1162,4058,19625,37404,2760,8,71,12158,3960,35,285,252,12116,1216,52,4011
924,1550,924.3011549887988,99733,203,142,192,71,119231,71319,1.9106013054856468,96,66,14055,12780,20991,12104,14461,24835,48551,36078,25876,15272,380,180,1144,4056,19368,37677,2760,8,75,11932,3885,35,276,260,12329,1234,55,4079
925,1550,925.350104063484,99732,202,136,192,72,119256,71335,1.9110315645931095,101,65,14035,12701,20711,11882,14757,25142,48551,36078,26281,15633,379,180,1122,4056,19091,37967,2758,9,78,11739,3811,35,266,270,12512,1255,61,4143
926,1550,926.0571811889442,99732,195,142,192,72,119269,71350,1.9113123170095856,111,63,13964,12622,20465,11663,15071,25436,48551,36078,26668,15986,379,179,1105,4059,18835,38232,2755,9,78,11527,3756,35,261,275,12716,1272,62,4197
927,1550,927.1326909026823,99731,190,142,192,73,119296,71371,1.9118127763684312,106,61,13979,12573,20204,11458,15327,25691,48551,36078,27038,16330,379,179,1087,4060,18588,38494,2751,9,83,11322,3682,35,259,276,12912,1288,63,4264
928,1550,928.222237469265,99731,178,132,192,73,119320,71381,1.9121536934353411,128,78,13951,12504,19944,11282,15605,25929,48551,36078,27391,16665,377,179,1064,4060,18383,38717,2750,11,84,11115,3618,34,253,282,13107,1307,66,4324
929,1550,929.3260522488428,99731,176,136,192,73,119347,71395,1.9125647993101442,124,86,13968,12466,19671,11091,15867,26146,48551,36078,27727,16991,377,179,1046,4060,18181,38937,2746,11,84,10929,3562,34,248,285,13284,1322,71,4375
930,1550,930.0703583785935,99731,181,134,192,73,119372,71405,1.9129157433496105,115,88,13929,12371,19441,10946,16140,26386,48551,36078,28047,17308,376,179,1030,4061,17948,39181,2742,12,85,10763,3492,34,247,286,13442,1338,72,4443
931,1550,931.2026970928546,99731,178,135,192,73,119400,71426,1.9134070650048631,111,80,13928,12362,19197,10767,16392,26581,48551,36078,28352,17616,375,178,1011,4063,17745,39405,2737,13,86,10587,3439,33,245,287,13603,1357,74,4493
932,1550,932.3496230358926,99731,181,140,192,73,119434,71451,1.9139986563856775,108,69,13928,12365,18958,10599,16631,26752,48551,36078,28642,17915,375,178,995,4065,17529,39638,2735,13,87,10433,3392,33,245,287,13741,1372,78,4535
933,1550,933.12235520766,99731,191,141,192,73,119463,71463,1.9144097622604808,96,78,13890,12325,18749,10446,16880,26935,48551,36078,28918,18205,374,178,980,4059,17363,39819,2735,14,87,10250,3345,33,242,290,13915,1387,81,4579
934,1550,934.2967923730424,99731,180,143,192,73,119494,71483,1.9149211378608457,95,84,13909,12333,18542,10289,17080,27076,48551,36078,29180,18485,374,178,961,4056,17169,40037,2732,14,86,10103,3299,33,236,295,14046,1405,85,4622
935,1550,935.0873653001498,99731,162,150,192,73,119506,71502,1.9152319740100872,109,77,13861,12310,18366,10141,17308,27247,48551,36078,29429,18756,374,178,941,4051,16997,40226,2731,14,86,9954,3260,33,236,295,14185,1424,90,4656
936,1550,936.2873295697646,99731,173,147,192,73,119544,71526,1.91585364630857,95,71,13910,12363,18150,9997,17478,27347,48551,36078,29666,19018,374,177,922,4051,16844,40402,2728,14,89,9827,3210,33,234,296,14297,1440,95,4698
937,1550,937.0950206087535,99731,156,143,192,73,119556,71542,1.916134401540143,102,73,13885,12361,17990,9880,17673,27468,48551,36078,29891,19271,373,177,909,4051,16678,40585,2725,15,92,9697,3168,33,232,297,14414,1453,102,4730
938,1550,938.3203346768248,99731,160,137,192,73,119587,71562,1.9166457771405079,98,73,13928,12398,17797,9746,17823,27571,48551,36078,30105,19516,373,177,896,4047,16519,40765,2722,15,98,9567,3122,33,230,299,14531,1465,104,4768
939,1550,939.1439189597003,99731,165,138,192,73,119607,71578,1.9170067481525304,94,66,13930,12413,17604,9634,18013,27674,48551,36078,30308,19752,373,177,878,4048,16391,40907,2719,15,96,9419,3092,33,228,300,14668,1483,109,4795
940,1550,940.3763007255511,99731,156,145,192,73,119628,71606,1.917498069807783,98,57,13984,12475,17410,9530,18158,27718,48551,36078,30501,19980,373,177,866,4045,16251,41071,2715,15,100,9302,3055,33,228,299,14772,1492,110,4827
941,1550,941.1922930411707,99731,165,132,192,73,119650,71614,1.9177988789844682,93,62,13995,12486,17245,9439,18308,27806,48551,36078,30684,20200,372,176,858,4046,16097,41239,2714,16,101,9204,3020,33,226,301,14859,1498,112,4859
942,1550,942.0011292666163,99731,165,132,192,73,119667,71627,1.9180996881611534,94,66,13977,12501,17094,9337,18476,27889,48551,36078,30858,20412,372,176,846,4046,15954,41392,2712,16,103,9101,2996,33,225,302,14958,1506,115,4878
943,1550,943.2020768056394,99731,163,131,192,73,119695,71640,1.9185107940359567,95,68,14021,12567,16926,9236,18601,27923,48551,36078,31023,20616,372,175,834,4048,15838,41530,2709,16,102,8992,2967,32,222,304,15051,1516,121,4902
944,1550,944.3946041260439,99731,173,130,192,73,119729,71660,1.9190522505539902,85,70,14066,12608,16763,9142,18719,27975,48551,36078,31179,20812,372,175,829,4046,15720,41669,2706,16,100,8897,2933,32,219,307,15131,1520,125,4934
945,1550,945.1853725880817,99731,169,133,192,73,119743,71671,1.9193029248678946,90,71,14076,12626,16614,9060,18857,28035,48551,36078,31328,21001,371,175,822,4047,15616,41783,2705,17,99,8803,2905,32,216,310,15218,1524,126,4962
946,1550,946.3614408769154,99731,169,136,192,73,119764,71692,1.9197240577152541,101,73,14125,12700,16453,8973,18958,28043,48551,36078,31469,21183,371,175,813,4045,15496,41916,2704,17,102,8737,2863,32,214,312,15276,1531,129,4998
947,1550,947.1417335539818,99731,163,138,192,73,119780,71703,1.9199947859742708,102,75,14129,12722,16320,8894,19092,28096,48551,36078,31603,21358,369,175,807,4045,15393,42025,2702,19,103,8663,2831,32,213,313,15346,1537,133,5025
948,1550,948.3027484840535,99731,164,140,192,73,119802,71727,1.920456026711855,107,66,14174,12782,16180,8821,19181,28116,48551,36078,31730,21526,369,175,798,4048,15293,42142,2698,19,105,8573,2806,32,212,314,15423,1543,136,5045
949,1550,949.073669483397,99731,156,139,192,73,119823,71741,1.9208069707513211,104,65,14193,12793,16071,8768,19282,28160,48551,36078,31851,21688,369,174,788,4047,15201,42256,2694,19,105,8495,2783,32,211,315,15486,1552,138,5066
950,1550,950.2228789697518,99731,153,137,192,73,119855,71761,1.9213283733242421,100,67,14254,12886,15949,8699,19350,28136,48551,36078,31966,21843,369,174,776,4048,15095,42379,2691,19,108,8418,2761,32,211,315,15549,1563,140,5083
951,1550,951.3680220771402,99731,160,129,192,73,119888,71784,1.9218898837873881,93,58,14313,12990,15830,8629,19410,28119,48551,36078,32075,21992,369,174,770,4050,15009,42484,2687,19,113,8342,2733,32,211,314,15609,1569,146,5100
952,1550,952.1293628107205,99731,153,116,192,73,119907,71792,1.9221606120464048,93,63,14325,13017,15738,8582,19497,28147,48551,36078,32179,22135,369,174,767,4045,14932,42586,2686,19,115,8268,2715,32,209,316,15665,1571,148,5114
953,1550,953.2660633171896,99731,149,114,192,73,119932,71811,1.9226017988388766,99,61,14407,13123,15610,8526,19541,28101,48551,36078,32277,22273,369,174,764,4040,14859,42677,2685,19,118,8198,2695,32,208,317,15725,1572,153,5126
954,1550,954.0223078150358,99731,150,117,192,73,119947,71825,1.9228925810430058,99,55,14426,13155,15506,8481,19625,28117,48551,36078,32370,22405,369,174,754,4039,14774,42770,2685,19,118,8144,2682,32,208,317,15773,1581,155,5137
955,1550,955.1513187569259,99731,154,109,192,73,119970,71841,1.9232836329726966,108,56,14480,13271,15391,8422,19673,28067,48551,36078,32459,22532,368,174,751,4036,14715,42852,2684,20,115,8077,2665,32,207,317,15824,1582,161,5151
956,1550,956.2773217471466,99731,163,99,192,73,119996,71854,1.9236746849023874,108,58,14564,13343,15258,8375,19713,28050,48551,36078,32543,22654,368,174,742,4030,14658,42931,2682,20,116,8022,2654,32,205,318,15867,1590,164,5158
957,1550,957.0264980498387,99731,163,103,192,73,120014,71863,1.9239454131614042,101,58,14605,13380,15170,8328,19767,28056,48551,36078,32623,22771,368,174,738,4029,14592,43007,2680,20,118,7977,2633,32,203,320,15906,1593,164,5177
958,1550,958.14684018116,99731,164,96,192,73,120038,71879,1.9243464920636513,92,47,14699,13480,15061,8276,19790,28026,48551,36078,32699,22884,368,174,732,4029,14517,43099,2678,20,118,7930,2621,32,201,322,15939,1598,169,5184
959,1550,959.2659034653913,99731,162,93,192,73,120062,71893,1.9247275170207858,92,45,14783,13578,14945,8225,19824,27984,48551,36078,32772,22992,367,174,725,4027,14457,43176,2676,21,120,7880,2605,32,201,322,15976,1605,174,5193
960,1550,960.0109744737636,99731,160,90,192,73,120077,71898,1.9249280564719093,84,48,14816,13649,14877,8171,19869,27967,48551,36078,32841,23096,366,174,723,4026,14400,43241,2676,22,121,7838,2588,32,201,322,16011,1607,176,5207
961,1550,961.1257053135959,99731,164,92,192,73,120101,71915,1.9253391623467127,81,44,14893,13744,14775,8121,19893,27924,48551,36078,32907,23196,366,174,721,4021,14364,43297,2675,22,123,7779,2575,32,200,322,16058,1608,179,5215
962,1550,962.2390193852052,99731,159,94,192,73,120121,71927,1.9256600254685103,81,47,14960,13833,14692,8068,19914,27883,48551,36078,32970,23292,365,174,718,4021,14311,43363,2673,23,122,7736,2561,32,198,324,16091,1611,179,5229
963,1550,963.3511895904659,99731,150,94,192,73,120147,71936,1.9260109695079766,82,49,15044,13922,14608,8020,19922,27840,48551,36078,33030,23384,365,174,712,4016,14258,43430,2673,23,123,7693,2553,32,198,324,16125,1617,182,5233
964,1550,964.0923427105221,99731,154,94,192,73,120163,71946,1.926271670794437,80,50,15087,13967,14522,7993,19963,27821,48551,36078,33087,23472,365,174,709,4015,14221,43473,2672,23,126,7652,2538,32,197,325,16162,1620,183,5244
965,1550,965.2019443876983,99731,164,91,192,73,120192,71960,1.9267028306143525,75,52,15168,14068,14436,7948,19963,27766,48551,36078,33141,23557,363,173,708,4016,14178,43531,2672,25,127,7612,2533,32,197,324,16192,1617,186,5245
966,1550,966.3112918849687,99731,162,94,192,73,120215,71975,1.9270838555714873,73,53,15259,14153,14360,7912,19952,27713,48551,36078,33193,23639,362,173,707,4014,14125,43595,2672,26,130,7579,2524,32,197,324,16216,1618,188,5249
967,1550,967.0511383217402,99731,154,88,192,73,120231,71986,1.927354583830504,73,55,15300,14208,14304,7884,19975,27690,48551,36078,33242,23717,362,173,706,4015,14062,43669,2670,26,130,7555,2514,32,196,325,16230,1619,193,5254
968,1550,968.1597379535069,99731,151,93,192,73,120257,72001,1.9277656897053073,76,56,15375,14301,14244,7837,19960,27638,48551,36078,33289,23792,362,173,703,4011,14017,43730,2669,26,132,7520,2506,32,195,325,16256,1621,195,5258
969,1550,969.2689253305549,99731,150,92,192,73,120281,72017,1.9281667686075543,73,52,15453,14410,14180,7801,19950,27570,48551,36078,33334,23864,362,173,700,4007,13968,43793,2669,26,135,7494,2492,32,194,325,16276,1621,198,5266
970,1550,970.0087352762807,99731,153,86,192,73,120298,72022,1.9283873620037901,67,53,15503,14462,14118,7769,19965,27555,48551,36078,33377,23934,362,173,699,4006,13938,43835,2668,26,135,7460,2487,32,192,327,16302,1620,201,5268
971,1550,971.1177524301789,99731,150,87,192,73,120316,72040,1.9287483330158126,72,44,15595,14568,14042,7729,19947,27497,48551,36078,33418,24001,362,173,692,4005,13903,43887,2666,26,136,7432,2479,32,192,326,16318,1626,203,5273
972,1550,972.2275535363224,99731,151,81,192,73,120339,72052,1.9290992770552786,73,44,15679,14679,13976,7692,19927,27429,48551,36078,33457,24065,362,173,690,4007,13868,43941,2663,26,137,7401,2472,32,191,327,16333,1626,204,5278
973,1550,973.3387544560964,99731,149,79,192,73,120361,72066,1.929460248067301,69,43,15769,14794,13919,7660,19900,27349,48551,36078,33494,24127,362,173,685,4004,13842,43983,2660,26,137,7374,2465,32,191,327,16352,1629,210,5279
974,1550,974.080357452762,99731,139,80,192,73,120369,72075,1.929630706600756,73,52,15825,14839,13855,7638,19914,27316,48551,36078,33530,24186,362,173,683,4003,13797,44037,2659,26,137,7359,2457,32,191,327,16362,1629,210,5287
975,1550,975.1923791815325,99731,134,80,192,73,120390,72086,1.9299515697225538,68,53,15917,14954,13794,7607,19893,27231,48551,36078,33564,24243,362,173,682,3999,13768,44085,2659,26,137,7330,2450,32,191,327,16377,1629,211,5293
976,1550,976.305613552353,99731,132,74,192,73,120411,72098,1.9302824598169075,62,51,16036,15071,13714,7583,19862,27146,48551,36078,33596,24298,362,173,680,3999,13753,44118,2655,26,138,7299,2444,32,188,329,16396,1630,211,5298
977,1550,977.0488593374571,99731,134,77,192,73,120423,72107,1.9304930262405873,61,48,16079,15137,13665,7550,19867,27113,48551,36078,33627,24351,362,173,678,3999,13723,44156,2654,26,138,7274,2443,31,188,329,16415,1632,212,5298
978,1550,978.1635007073412,99730,131,72,192,74,120442,72119,1.9308232227012936,55,50,16158,15247,13612,7530,19850,27025,48551,36078,33657,24402,362,173,675,3999,13695,44198,2652,26,139,7251,2436,31,187,330,16427,1634,216,5299
979,1550,979.279322099418,99730,121,77,192,74,120454,72133,1.931083926601825,61,52,16252,15356,13556,7494,19816,26945,48551,36078,33685,24451,361,173,674,3999,13664,44239,2649,27,139,7230,2432,31,187,330,16441,1635,220,5299
980,1550,980.0241633123746,99730,114,75,192,74,120464,72140,1.93125438684448,58,54,16324,15413,13504,7476,19806,26906,48551,36078,33712,24498,361,173,672,4002,13642,44269,2645,27,142,7213,2422,31,186,330,16453,1636,222,5304
981,1550,981.1424166058154,99730,106,72,192,74,120477,72149,1.931474982452622,60,57,16424,15522,13446,7446,19770,26827,48551,36078,33738,24543,361,173,671,4000,13609,44314,2643,27,143,7199,2419,31,186,330,16459,1637,222,5306
982,1550,982.2627625473979,99730,115,72,192,74,120498,72162,1.9318159029379325,46,57,16500,15632,13392,7415,19753,26748,48551,36078,33763,24587,361,173,669,3998,13587,44349,2643,27,142,7182,2413,31,186,330,16467,1637,223,5312
983,1550,983.0102834607987,99730,119,75,192,74,120509,72174,1.9320465256191717,43,49,16548,15693,13345,7395,19751,26712,48551,36078,33787,24629,361,173,667,3998,13568,44370,2642,27,143,7166,2407,31,185,331,16482,1639,226,5314
984,1550,984.1318160180355,99730,114,79,192,74,120528,72189,1.932387446104482,43,43,16642,15801,13302,7373,19705,26628,48551,36078,33810,24669,361,173,663,3998,13538,44412,2640,27,143,7153,2401,31,185,331,16486,1642,228,5318
985,1550,985.2558853711797,99730,110,70,192,74,120537,72198,1.9325679334202346,50,46,16748,15926,13243,7345,19655,26537,48551,36078,33832,24708,361,173,661,3999,13516,44444,2638,27,144,7140,2396,31,185,331,16491,1643,232,5318
986,1550,986.0068113630009,99730,113,67,192,74,120547,72205,1.93273839366289,45,48,16801,15981,13193,7330,19654,26498,48551,36078,33853,24746,360,172,659,4002,13497,44469,2636,28,144,7129,2392,31,184,331,16497,1645,234,5320
987,1550,987.1338573795261,99730,113,73,192,74,120556,72222,1.9329990975634213,54,40,16903,16116,13123,7286,19613,26409,48551,36078,33873,24782,360,172,659,4003,13472,44504,2635,28,144,7110,2389,31,184,331,16506,1645,237,5320
988,1550,988.2629395661559,99730,109,75,192,74,120567,72236,1.9332497743908552,63,41,17015,16231,13064,7267,19555,26310,48551,36078,33892,24817,359,172,657,4000,13455,44537,2634,29,146,7089,2385,31,184,331,16517,1646,236,5322
989,1550,989.0174935241761,99730,109,77,192,74,120577,72248,1.9334703699989972,63,40,17064,16294,13026,7256,19544,26257,48551,36078,33911,24851,359,172,657,4001,13433,44571,2633,29,146,7077,2379,31,184,331,16518,1645,237,5327
990,1550,990.1507885337094,99730,109,80,192,74,120598,72256,1.9337611551188207,55,42,17179,16403,12970,7221,19493,26178,48551,36078,33929,24883,359,172,656,4000,13412,44604,2632,29,146,7057,2375,31,184,331,16529,1646,236,5331
991,1550,991.287030338787,99730,98,76,192,74,120608,72264,1.9339416424345734,62,43,17273,16533,12921,7179,19452,26093,48551,36078,33946,24914,359,172,656,3997,13397,44633,2631,29,149,7044,2369,31,184,331,16532,1646,238,5332
992,1550,992.0457834203199,99730,90,72,192,74,120616,72267,1.9340519402386442,68,46,17322,16601,12879,7168,19447,26037,48551,36078,33962,24944,359,172,655,3995,13386,44655,2629,29,150,7032,2366,31,184,331,16537,1647,238,5334
993,1550,993.1848226036125,99730,90,73,192,74,120634,72278,1.934342725358468,61,44,17427,16701,12839,7150,19389,25956,48551,36078,33978,24973,359,172,654,3993,13372,44682,2627,29,150,7021,2361,31,184,331,16541,1646,240,5337
994,1550,994.3270819758424,99730,92,83,192,74,120656,72296,1.9347438082823625,48,35,17516,16795,12797,7130,19353,25881,48551,36078,33993,25001,359,172,653,3992,13357,44709,2624,29,151,7011,2357,31,184,331,16544,1646,240,5340
995,1550,995.0898372150392,99730,91,85,192,74,120663,72304,1.9348942143788228,58,33,17563,16854,12764,7115,19330,25837,48551,36078,34008,25028,359,172,653,3991,13343,44728,2624,29,152,6997,2355,31,184,331,16554,1646,241,5340
996,1550,996.2356949659043,99730,95,80,192,74,120678,72312,1.9351248370600622,58,32,17653,16974,12721,7091,19279,25747,48551,36078,34022,25054,359,172,653,3990,13329,44751,2623,29,153,6986,2353,31,184,330,16560,1645,246,5336
997,1550,997.0012723694101,99730,97,81,192,74,120688,72323,1.9353354055951069,61,26,17724,17045,12674,7076,19250,25696,48551,36078,34035,25079,359,172,652,3988,13326,44768,2623,29,152,6972,2348,31,184,329,16563,1646,248,5340
998,1550,998.1515670641162,99730,99,78,192,74,120706,72331,1.9355961094956382,57,32,17817,17139,12619,7061,19214,25614,48551,36078,34048,25103,359,172,652,3987,13308,44797,2622,29,152,6961,2347,31,184,329,16567,1644,249,5340
999,1550,999.3042477169206,99730,97,67,192,74,120725,72338,1.9358568133961696,58,38,17935,17226,12568,7062,19148,25531,48551,36078,34060,25126,359,172,651,3986,13293,44825,2620,29,156,6951,2341,31,184,329,16567,1645,253,5338
1000,1550,1000.074788161453,99730,102,66,192,74,120742,72344,1.936087436077409,49,39,18000,17304,12530,7054,19125,25461,48551,36078,34072,25149,359,171,650,3985,13285,44840,2620,29,157,6944,2336,31,184,329,16570,1645,254,5341
1001,1550,1001.2329510769035,99730,95,68,192,74,120752,72355,1.9362980046124536,54,40,18103,17429,12486,7019,19068,25368,48551,36078,34084,25171,359,171,650,3983,13274,44864,2620,29,157,6930,2334,31,184,328,16575,1644,254,5343
1002,1550,1002.0068728337495,99730,100,62,192,74,120764,72361,1.936478491928206,56,38,18168,17501,12451,7009,19031,25314,48551,36078,34095,25192,359,171,649,3982,13269,44876,2620,29,157,6914,2331,31,184,327,16587,1644,255,5345
1003,1550,1003.1705952113819,99730,95,61,192,74,120781,72372,1.9367592499749322,50,32,18291,17634,12408,6991,18962,25206,48551,36078,34106,25212,358,171,645,3981,13266,44889,2617,30,158,6901,2329,31,184,327,16594,1648,258,5343
1004,1550,1004.3385478025438,99730,84,54,192,74,120796,72379,1.9369798455830742,46,34,18404,17757,12368,6974,18904,25105,48551,36078,34116,25232,358,171,645,3974,13269,44906,2616,30,158,6885,2329,31,184,327,16598,1648,259,5342
1005,1550,1005.1194727718981,99730,79,56,192,74,120804,72385,1.9371202246064374,49,32,18476,17851,12334,6947,18868,25038,48551,36078,34126,25251,358,171,644,3974,13255,44925,2616,30,159,6880,2326,31,184,327,16598,1649,259,5344
1006,1550,1006.2935492879261,99730,79,53,192,74,120819,72393,1.9373508472876768,48,35,18564,17954,12299,6922,18816,24960,48551,36078,34136,25269,358,170,644,3973,13245,44946,2614,30,160,6871,2324,31,184,326,16601,1649,260,5344
1007,1550,1007.0781381888959,99730,76,55,192,74,120825,72399,1.937471172164845,53,36,18615,18029,12276,6902,18786,24902,48551,36078,34145,25287,358,170,644,3972,13239,44958,2614,30,160,6861,2324,31,184,326,16606,1649,260,5344
1008,1550,1008.2573845762323,99730,83,59,192,74,120841,72408,1.9377218489922792,53,31,18727,18147,12229,6878,18714,24809,48551,36078,34154,25304,358,170,642,3972,13231,44972,2614,30,160,6854,2322,31,184,326,16608,1650,260,5346
1009,1550,1009.0456703536704,99730,82,61,192,74,120850,72419,1.9379223904542264,48,27,18792,18231,12189,6864,18695,24741,48551,36078,34163,25321,358,170,642,3968,13225,44987,2614,30,159,6849,2321,31,184,326,16608,1650,261,5347
1010,1550,1010.2239939800354,99730,86,61,192,74,120865,72430,1.9381830943547578,42,25,18904,18340,12138,6851,18636,24647,48551,36078,34171,25337,358,170,642,3968,13216,45003,2613,30,162,6841,2315,31,184,326,16610,1650,264,5347
1011,1550,1011.0057680909003,99730,85,56,192,74,120876,72433,1.938323473378121,43,27,18965,18415,12111,6841,18602,24585,48551,36078,34179,25353,358,170,641,3971,13211,45017,2610,30,161,6832,2313,31,184,326,16611,1651,266,5347
1012,1550,1012.1732202528874,99730,91,55,192,74,120888,72440,1.9385139877669708,45,28,19081,18539,12065,6819,18524,24483,48551,36078,34187,25368,358,170,641,3972,13199,45036,2609,30,161,6824,2313,31,184,326,16613,1650,266,5347
1013,1550,1013.3339385661802,99730,96,52,192,74,120906,72446,1.9387546375213076,41,28,19172,18643,12032,6803,18465,24398,48551,36078,34194,25383,358,170,641,3972,13190,45052,2607,30,161,6816,2313,31,184,326,16616,1650,270,5343
1014,1550,1014.1045105181214,99730,92,47,192,74,120913,72451,1.9388749623984758,41,28,19248,18723,11992,6793,18433,24333,48551,36078,34201,25397,357,170,641,3974,13178,45072,2603,31,162,6812,2312,31,184,326,16614,1650,271,5342
1015,1550,1015.2550921216645,99730,88,48,192,74,120926,72458,1.939075503860423,46,26,19333,18837,11956,6762,18383,24251,48551,36078,34208,25411,357,170,641,3971,13171,45087,2603,31,161,6808,2310,31,184,326,16613,1650,274,5342
1016,1550,1016.0193372841042,99730,87,47,192,74,120936,72463,1.9392259099568836,50,33,19390,18895,11931,6749,18348,24200,48551,36078,34215,25424,357,170,641,3970,13168,45100,2603,31,161,6799,2307,31,184,326,16614,1649,274,5345
1017,1550,1017.1612957418085,99730,79,40,192,74,120953,72469,1.939456532638123,43,38,19482,19012,11908,6731,18294,24103,48551,36078,34222,25437,357,169,641,3968,13159,45119,2601,31,161,6794,2305,31,184,326,16614,1649,277,5344
1018,1550,1018.2980725441813,99730,70,44,192,74,120960,72476,1.939596911661486,44,41,19571,19113,11885,6709,18236,24017,48551,36078,34228,25450,357,169,640,3969,13152,45133,2600,31,161,6787,2303,31,183,326,16616,1649,277,5346
1019,1550,1019.0529600827045,99730,68,46,192,74,120967,72483,1.9397372906848491,42,36,19640,19191,11853,6699,18203,23952,48551,36078,34234,25462,356,169,640,3969,13143,45145,2599,32,162,6778,2301,31,183,326,16623,1649,278,5346
1020,1550,1020.1806204394235,99730,72,48,192,74,120983,72493,1.9399979945853805,37,33,19741,19311,11809,6680,18147,23852,48551,36078,34240,25474,356,169,640,3968,13137,45159,2598,32,163,6771,2299,31,183,326,16625,1648,278,5347
1021,1550,1021.3026370059815,99730,74,56,192,74,120996,72505,1.9402486714128147,38,23,19850,19428,11771,6654,18073,23763,48551,36078,34246,25485,356,169,639,3967,13133,45172,2596,32,164,6767,2298,31,183,326,16623,1649,278,5347
1022,1550,1022.0473561500944,99730,76,52,192,74,121005,72510,1.9403890504361776,35,23,19911,19497,11741,6647,18043,23705,48551,36078,34252,25496,356,169,639,3968,13125,45186,2595,32,164,6761,2296,31,183,326,16624,1648,279,5348
1023,1550,1023.159742181879,99730,75,51,192,74,121016,72516,1.940559510678833,33,22,20007,19606,11697,6630,17994,23615,48551,36078,34257,25507,356,169,639,3966,13120,45202,2594,32,165,6755,2295,31,183,326,16622,1648,279,5348
1024,1550,1024.2670132265753,99730,71,46,192,74,121024,72521,1.9406898626290985,33,26,20094,19710,11659,6619,17949,23523,48551,36078,34262,25517,356,169,639,3966,13109,45221,2593,32,166,6754,2292,31,183,326,16616,1648,279,5350
1025,1550,1025.0024731151655,99730,77,45,192,74,121036,72524,1.940840268725559,24,25,20156,19790,11639,6602,17910,23462,48551,36078,34267,25527,356,169,639,3967,13101,45231,2592,32,166,6748,2291,31,183,326,16620,1648,281,5349
1026,1550,1026.1013728155494,99730,67,44,192,74,121043,72532,1.9409906748220194,21,24,20258,19880,11603,6586,17857,23390,48551,36078,34272,25537,356,169,637,3968,13096,45245,2590,32,166,6742,2289,31,183,326,16619,1649,284,5348
1027,1550,1027.1952081937209,99730,65,42,192,74,121048,72537,1.941090945552993,23,28,20358,19996,11565,6565,17795,23293,48551,36078,34277,25547,356,169,637,3967,13092,45257,2590,32,166,6738,2287,31,183,326,16617,1648,284,5350
1028,1550,1028.2839010770715,99730,58,42,192,74,121053,72544,1.9412112704301614,28,25,20460,20106,11513,6538,17747,23213,48551,36078,34282,25556,356,169,636,3963,13093,45271,2590,32,167,6734,2285,31,183,326,16615,1644,284,5351
1029,1550,1029.0065543134167,99730,59,44,192,74,121057,72548,1.9412914870149403,36,23,20538,20164,11467,6525,17706,23168,48551,36078,34286,25565,356,169,636,3962,13091,45275,2590,32,168,6731,2284,31,183,326,16617,1644,284,5351
1030,1550,1030.0853442756215,99730,57,40,192,74,121063,72551,1.9413817306728165,40,25,20620,20265,11432,6512,17657,23082,48551,36078,34290,25574,356,169,636,3962,13084,45287,2590,32,170,6728,2281,31,183,326,16615,1644,286,5350
1031,1550,1031.1596540473013,99730,67,41,192,74,121078,72558,1.9416023262809585,32,24,20724,20369,11389,6492,17594,22998,48551,36078,34294,25582,356,169,636,3961,13078,45296,2590,32,170,6722,2281,31,183,326,16619,1644,286,5350
1032,1550,1032.2287456803663,99730,70,44,192,74,121085,72568,1.9417727865236138,35,24,20829,20503,11347,6465,17525,22888,48551,36078,34298,25590,356,169,635,3961,13079,45299,2590,32,171,6718,2279,31,183,326,16620,1644,288,5349
1033,1550,1033.2924766540907,99730,66,41,192,74,121092,72575,1.9419131655469768,33,24,20913,20596,11318,6453,17476,22810,48551,36078,34302,25598,356,169,634,3959,13075,45313,2590,32,172,6714,2277,31,183,326,16617,1644,291,5347
1034,1550,1034.3519533990038,99730,64,43,192,74,121102,72580,1.9420635716434373,35,20,20996,20688,11285,6438,17426,22735,48551,36078,34306,25606,356,169,634,3959,13074,45321,2590,32,172,6707,2276,31,183,326,16617,1644,293,5346
1035,1550,1035.2415973150796,99730,62,42,192,74,121108,72583,1.9421538153013136,37,20,21073,20770,11256,6421,17378,22671,48551,36078,34310,25614,356,169,634,3958,13070,45329,2590,32,173,6702,2274,31,183,326,16620,1643,294,5346
1036,1550,1036.108917862736,99730,61,44,192,74,121112,72588,1.9422440589591898,40,19,21119,20829,11235,6412,17351,22620,48551,36078,34314,25621,356,169,634,3958,13067,45334,2590,32,174,6699,2270,31,183,326,16621,1643,296,5347
1037,1550,1037.1393234762577,99730,58,43,192,74,121127,72592,1.9424345733480397,35,20,21237,20949,11195,6394,17281,22518,48551,36078,34318,25628,355,169,634,3959,13057,45348,2588,33,175,6696,2268,31,183,326,16621,1643,297,5347
1038,1550,1038.20481994674,99730,57,35,192,74,121137,72597,1.9425849794445003,34,19,21312,21049,11168,6385,17235,22436,48551,36078,34321,25635,355,169,634,3958,13052,45365,2587,33,176,6693,2267,31,183,326,16615,1642,300,5344
1039,1550,1039.1313768455404,99730,60,33,192,74,121146,72600,1.9427053043216684,29,16,21374,21131,11140,6372,17203,22372,48551,36078,34324,25642,355,169,634,3958,13043,45374,2587,33,177,6691,2265,31,182,327,16617,1642,303,5342
1040,1550,1040.2154075481383,99730,51,36,192,74,121147,72606,1.9427754938333501,42,13,21463,21226,11093,6350,17157,22299,48551,36078,34327,25649,355,169,634,3957,13039,45380,2587,33,178,6688,2263,31,182,327,16619,1642,304,5342
1041,1550,1041.2721359305754,99730,57,37,192,74,121157,72607,1.9428857916374211,37,18,21547,21312,11058,6326,17107,22231,48551,36078,34330,25655,355,169,634,3955,13040,45382,2587,33,178,6686,2262,31,182,327,16620,1642,304,5343
1042,1550,1042.0078309623248,99730,61,41,192,74,121163,72612,1.942996089441492,35,16,21585,21354,11038,6313,17087,22200,48551,36078,34333,25661,355,169,634,3955,13036,45387,2587,33,178,6683,2262,31,182,327,16622,1642,304,5343
1043,1550,1043.185076252927,99730,62,40,192,74,121178,72618,1.9432066579765366,33,18,21714,21470,10985,6286,17012,22110,48551,36078,34336,25667,355,169,631,3954,13035,45397,2587,33,178,6681,2261,31,181,328,16618,1643,307,5341
1044,1550,1044.2345945905995,99730,58,44,192,74,121184,72624,1.943326982853705,34,24,21794,21563,10957,6269,16963,22024,48551,36078,34339,25673,355,169,631,3955,13032,45403,2585,33,178,6679,2259,31,181,328,16618,1643,308,5342
1045,1550,1045.149894194593,99730,63,41,192,74,121193,72629,1.9434673618770681,32,23,21875,21662,10925,6246,16911,21952,48551,36078,34342,25679,355,169,631,3954,13032,45409,2585,33,179,6672,2257,31,181,328,16620,1643,309,5342
1046,1550,1046.1627163957362,99730,63,42,192,74,121204,72632,1.943607740900431,31,27,21951,21748,10896,6226,16865,21881,48551,36078,34345,25685,355,169,630,3952,13027,45417,2585,33,179,6669,2256,31,180,329,16622,1644,309,5343
1047,1550,1047.1718600579218,99730,64,45,192,74,121212,72642,1.9437882282161838,34,23,22048,21837,10865,6211,16795,21808,48551,36078,34348,25690,355,169,630,3950,13023,45425,2585,33,180,6667,2254,31,180,329,16622,1644,309,5344
1048,1550,1048.1767612580109,99730,63,43,192,74,121218,72649,1.9439185801664494,35,18,22108,21900,10841,6199,16759,21764,48551,36078,34351,25695,355,169,630,3950,13016,45438,2584,33,179,6664,2254,31,180,329,16621,1644,311,5342
1049,1550,1049.198189102755,99730,66,43,192,74,121229,72652,1.9440589591898125,32,19,22205,22000,10809,6171,16694,21691,48551,36078,34354,25700,355,169,630,3950,13012,45446,2583,33,179,6659,2253,31,180,329,16623,1644,311,5343
1050,1550,1050.1539869141116,99730,65,44,192,74,121236,72659,1.9441993382131755,32,20,22288,22076,10776,6159,16645,21625,48551,36078,34356,25705,354,169,630,3949,13015,45449,2582,34,179,6655,2252,31,180,329,16623,1644,314,5341
1051,1550,1051.267367553686,99730,63,43,192,74,121240,72664,1.944289581871052,33,19,22371,22134,10756,6147,16583,21581,48551,36078,34358,25710,354,169,630,3948,13009,45459,2582,34,179,6655,2252,31,180,329,16620,1644,316,5339
1052,1550,1052.3163937360996,99730,60,44,192,74,121250,72673,1.9444800962599018,33,20,22493,22252,10707,6128,16513,21480,48551,36078,34360,25715,354,169,630,3947,13009,45469,2581,34,179,6651,2251,31,180,329,16616,1644,317,5339
1053,1550,1053.2388522723622,99730,53,42,192,74,121256,72677,1.9445803669908754,34,20,22584,22337,10682,6106,16453,21419,48551,36078,34362,25720,354,168,630,3947,13008,45477,2581,34,179,6645,2251,31,180,329,16617,1643,317,5339
1054,1550,1054.0018440866604,99730,54,43,192,74,121260,72681,1.9446605835756543,36,19,22631,22377,10656,6101,16429,21384,48551,36078,34364,25725,354,168,629,3946,13006,45480,2581,34,179,6643,2250,31,180,329,16619,1644,319,5338
1055,1550,1055.0094829799089,99730,54,44,192,74,121268,72690,1.9448310438183094,42,17,22729,22482,10610,6086,16371,21295,48551,36078,34366,25729,352,168,629,3945,13003,45489,2580,36,180,6643,2249,31,180,329,16616,1643,320,5337
1056,1550,1056.0026534790954,99730,56,45,192,74,121276,72694,1.9449513686954778,38,18,22812,22546,10581,6070,16319,21245,48551,36078,34368,25733,352,168,629,3945,13001,45494,2580,36,180,6640,2249,31,180,329,16616,1643,321,5336
1057,1550,1057.2916963398402,99730,50,41,192,74,121282,72702,1.945091747718841,41,15,22948,22686,10540,6044,16227,21138,48551,36078,34370,25737,352,168,629,3945,12998,45507,2580,36,180,6636,2249,31,180,329,16611,1642,323,5334
1058,1550,1058.147972839398,99730,49,42,192,74,121290,72707,1.9452220996691065,37,12,23008,22739,10523,6038,16189,21093,48551,36078,34372,25741,352,168,629,3945,12998,45512,2579,36,180,6632,2248,31,180,329,16611,1642,323,5335
1059,1550,1059.125836777272,99730,57,41,192,74,121303,72711,1.9453925599117619,27,14,23123,22840,10470,6019,16129,21010,48551,36078,34374,25745,352,168,629,3944,12997,45517,2579,36,180,6630,2248,31,180,329,16610,1642,323,5335
1060,1550,1060.1913117513475,99730,58,42,192,74,121310,72715,1.9455028577158326,32,15,23210,22917,10431,6005,16075,20945,48551,36078,34376,25749,352,168,629,3943,12998,45520,2578,36,180,6627,2248,31,180,329,16611,1642,324,5334
1061,1550,1061.1186297039987,99730,56,44,192,74,121315,72718,1.9455830743006117,36,18,23270,22975,10404,5984,16040,20903,48551,36078,34378,25753,352,168,629,3943,12997,45524,2577,36,180,6625,2247,31,180,329,16611,1642,325,5334
1062,1550,1062.2437829527069,99730,60,44,192,74,121327,72726,1.945783615762559,38,20,23393,23088,10362,5966,15953,20806,48551,36078,34380,25757,352,168,629,3942,12998,45530,2577,36,181,6621,2245,31,180,328,16610,1642,326,5334
1063,1550,1063.1284696891,99730,65,44,192,74,121337,72730,1.945923994785922,43,24,23461,23168,10331,5953,15906,20735,48551,36078,34382,25761,352,168,627,3943,12997,45532,2576,36,181,6619,2244,31,180,328,16612,1643,327,5334
1064,1550,1064.0724260390664,99730,72,40,192,74,121350,72734,1.9460944550285773,41,24,23525,23253,10304,5940,15864,20667,48551,36078,34384,25765,351,168,626,3943,12997,45535,2575,37,182,6614,2243,31,180,328,16615,1644,329,5332
1065,1550,1065.013764523087,99730,67,42,192,74,121355,72740,1.946204752832648,44,22,23590,23313,10272,5930,15833,20617,48551,36078,34386,25769,351,168,625,3942,12991,45544,2575,37,181,6613,2243,31,180,328,16614,1645,331,5331
1066,1550,1066.1304894929635,99730,61,43,192,74,121362,72744,1.946315050636719,47,25,23688,23405,10241,5913,15769,20538,48551,36078,34388,25772,351,168,625,3942,12989,45550,2573,37,181,6610,2243,31,180,328,16615,1645,331,5331
1067,1550,1067.065677930434,99730,63,47,192,74,121373,72751,1.9464955379524718,50,21,23748,23499,10219,5896,15726,20461,48551,36078,34390,25775,351,168,625,3941,12990,45554,2573,37,181,6608,2240,31,180,328,16613,1645,331,5334
1068,1550,1068.3086333077179,99730,68,46,192,74,121389,72758,1.946726160633711,43,22,23836,23598,10197,5875,15662,20383,48551,36078,34392,25778,351,168,625,3939,12990,45563,2573,37,182,6604,2239,31,180,328,16610,1645,332,5333
1069,1550,1069.1253256334235,99730,66,50,192,74,121395,72765,1.9468565125839767,46,21,23907,23658,10173,5866,15614,20329,48551,36078,34394,25781,351,168,625,3938,12986,45572,2573,37,184,6603,2236,31,180,328,16608,1645,331,5334
1070,1550,1070.0518570683596,99730,65,45,192,74,121403,72770,1.9469868645342425,44,27,23975,23718,10156,5861,15566,20273,48551,36078,34396,25784,351,168,625,3939,12985,45580,2571,37,184,6599,2236,31,180,328,16606,1645,333,5332
1071,1550,1071.2830026806405,99730,69,44,192,74,121418,72778,1.9472174872154817,35,27,24068,23816,10122,5856,15512,20181,48551,36078,34398,25787,351,168,625,3940,12982,45590,2569,37,184,6597,2236,31,179,328,16604,1644,335,5330
1072,1550,1072.2032581275844,99730,67,44,192,74,121428,72784,1.9473779203850397,37,25,24125,23893,10104,5844,15473,20118,48551,36078,34400,25790,351,168,625,3940,12983,45598,2568,37,184,6593,2236,31,179,328,16600,1644,335,5330
1073,1550,1073.1213651442006,99730,74,39,192,74,121443,72789,1.947578461846987,26,27,24193,23965,10081,5842,15432,20051,48551,36078,34402,25793,351,168,625,3939,12981,45609,2567,37,185,6592,2235,31,179,328,16594,1644,337,5328
1074,1550,1074.0369947120475,99730,65,41,192,74,121449,72797,1.9477188408703499,28,24,24256,24054,10062,5830,15395,19975,48551,36078,34403,25796,350,168,625,3938,12979,45616,2566,38,186,6591,2234,31,179,328,16592,1644,340,5325
1075,1550,1075.2541837217493,99730,74,45,192,74,121462,72805,1.9479294094053945,28,18,24342,24141,10021,5810,15341,19910,48551,36078,34404,25799,350,168,625,3936,12979,45622,2566,38,185,6590,2234,31,179,328,16589,1644,342,5324
1076,1550,1076.0836821730236,99730,73,40,192,74,121466,72808,1.9479995989170762,37,19,24409,24209,9993,5800,15294,19856,48551,36078,34405,25802,350,168,624,3934,12980,45629,2566,38,185,6588,2234,31,179,328,16586,1644,343,5323
1077,1550,1077.0370470715447,99730,65,39,192,74,121469,72812,1.9480697884287577,40,19,24467,24282,9975,5790,15259,19794,48551,36078,34406,25805,350,167,624,3935,12978,45637,2564,38,186,6588,2233,31,179,328,16584,1642,344,5322
1078,1550,1078.2449371862563,99730,61,37,192,74,121480,72821,1.948270329890705,35,14,24548,24387,9962,5772,15200,19714,48551,36078,34407,25808,350,165,624,3940,12974,45647,2561,38,186,6586,2233,31,179,328,16580,1642,345,5321
1079,1550,1079.1888284597987,99730,65,35,192,74,121489,72822,1.9483706006216786,33,20,24625,24459,9933,5749,15150,19661,48551,36078,34408,25811,350,165,624,3939,12974,45650,2561,38,187,6584,2232,31,179,328,16580,1642,346,5320
1080,1550,1080.2988172970934,99730,67,33,192,74,121501,72828,1.948551087937431,27,16,24703,24533,9899,5743,15110,19599,48551,36078,34409,25814,350,165,624,3937,12974,45658,2560,38,188,6580,2231,31,179,328,16579,1642,348,5318
1081,1550,1081.1538056725121,99730,59,35,192,74,121505,72833,1.9486413315953073,30,18,24753,24587,9889,5726,15075,19558,48551,36078,34410,25817,350,165,624,3936,12974,45665,2560,38,188,6578,2230,31,179,328,16575,1642,348,5319
1082,1550,1082.0231458416474,99730,50,36,192,74,121513,72837,1.9487616564724757,30,19,24827,24662,9867,5708,15032,19499,48551,36078,34411,25819,350,165,624,3935,12976,45670,2559,38,187,6573,2230,31,179,328,16576,1642,350,5317
1083,1550,1083.2396438725516,99730,58,36,192,74,121526,72842,1.9489421437882282,27,24,24923,24758,9833,5689,14965,19417,48551,36078,34412,25821,350,165,623,3933,12974,45676,2559,38,187,6570,2230,31,179,328,16578,1642,350,5317
1084,1550,1084.1285536169144,99730,52,36,192,74,121532,72846,1.9490424145192018,28,26,24995,24832,9810,5671,14921,19359,48551,36078,34413,25823,350,165,623,3931,12974,45683,2559,38,188,6567,2228,31,179,328,16576,1642,351,5317
1085,1550,1085.0149159455727,99730,55,40,192,74,121538,72854,1.949182793542565,29,20,25046,24895,9787,5657,14889,19312,48551,36078,34414,25825,350,165,623,3931,12974,45685,2559,38,188,6565,2228,31,179,328,16577,1641,353,5315
1086,1550,1086.0657670037137,99730,57,39,192,74,121546,72861,1.9493331996390253,33,19,25133,25003,9752,5638,14831,19225,48551,36078,34415,25827,350,165,622,3931,12974,45692,2559,38,189,6562,2227,31,178,328,16575,1641,353,5315
1087,1550,1087.2044640242661,99730,54,38,192,74,121555,72866,1.9494735786623885,32,19,25215,25084,9725,5624,14780,19159,48551,36078,34416,25829,350,165,621,3931,12977,45696,2557,38,189,6558,2226,31,178,328,16576,1641,354,5314
1088,1550,1088.0734418632262,99730,51,42,192,74,121559,72872,1.949573849393362,34,15,25254,25134,9707,5612,14760,19121,48551,36078,34417,25831,350,165,621,3930,12978,45700,2557,38,189,6557,2225,31,178,328,16574,1640,354,5315
1089,1550,1089.0751301467528,99730,55,41,192,74,121569,72875,1.9497042013436279,33,18,25344,25229,9672,5597,14702,19039,48551,36078,34418,25833,350,164,621,3930,12975,45706,2557,38,189,6556,2225,31,178,327,16574,1640,355,5314
1090,1550,1090.1138369732532,99730,57,40,192,74,121574,72878,1.9497844179284067,34,17,25398,25310,9642,5578,14675,18979,48551,36078,34419,25835,349,164,621,3931,12975,45708,2556,39,189,6555,2225,31,178,327,16573,1640,356,5313
1091,1550,1091.0014934886765,99730,60,37,192,74,121584,72882,1.9499247969517697,29,17,25483,25389,9610,5560,14624,18921,48551,36078,34420,25837,349,164,621,3930,12974,45713,2556,39,192,6554,2222,31,178,327,16572,1639,357,5312
1092,1550,1092.0555919006547,99730,56,38,192,74,121590,72886,1.9500250676827433,32,17,25561,25468,9586,5545,14571,18856,48551,36078,34421,25839,349,164,621,3929,12970,45721,2556,39,192,6553,2222,31,178,327,16570,1639,357,5312
1093,1550,1093.1290214047447,99730,55,35,192,74,121601,72890,1.9501754737792039,29,21,25653,25565,9558,5524,14511,18779,48551,36078,34422,25841,349,164,620,3928,12964,45733,2556,39,192,6553,2221,31,178,327,16566,1639,359,5311
1094,1550,1094.0786534854326,99730,58,37,192,74,121606,72895,1.9502757445101775,28,18,25713,25614,9531,5516,14476,18739,48551,36078,34423,25843,349,164,620,3928,12962,45737,2556,39,192,6551,2221,31,178,327,16566,1639,360,5310
