,indexID,time,N,Inf_L,Inf_H,Dead_L,Dead_H,cum_cases_L,cum_cases_H,cum_sum_per_N,Exposed_L,Exposed_H,Sus_L,Sus_H,Rec_nat_L,Rec_nat_H,Rec_vax_L,Rec_vax_H,vaccinatedH,vaccinatedL,boostedH,boostedL,count_Naive,count_Delta,count_Delta_vaccine,count_two,count_three,count_four,count_Omicron,count_Omicron_star,count_Omicron_star_vaccine,count_Omicron_vaccine,count_Vaccine,count_WT,count_WT_vaccine,count_WT_vaccine_boost,count_Omicron_vaccine_boost,count_Delta_vaccine_boost,count_Omicron_star_vaccine_boost,count_Vaccine_boost
0,360,1.1149278579530821,99996,6,9,0,0,6,9,0.0001500060002400096,19,17,49973,49972,0,0,0,0,0,0,0,0,99996,0,0,0,0,0,0,0,0,0,0,0,0,0,0,0,0,0
1,360,2.105401541519161,99996,11,14,0,0,11,18,0.0002900116004640186,18,11,49969,49969,0,4,0,0,0,0,0,0,99992,0,0,0,0,0,0,0,0,0,0,4,0,0,0,0,0,0
2,360,3.0705352555152015,99996,14,17,0,0,16,21,0.00037001480059202366,16,8,49966,49969,2,4,0,0,0,0,0,0,99990,0,0,0,0,0,0,0,0,0,0,6,0,0,0,0,0,0
3,360,4.083842861834996,99996,14,15,0,0,18,23,0.00041001640065602623,18,7,49962,49968,4,8,0,0,0,0,0,0,99984,0,0,0,0,0,0,0,0,0,0,12,0,0,0,0,0,0
4,360,5.0133294681833425,99996,13,14,0,0,21,25,0.00046001840073602946,18,7,49959,49966,8,11,0,0,0,0,0,0,99977,0,0,0,0,0,0,0,0,0,0,19,0,0,0,0,0,0
5,360,6.05569055542476,99996,16,16,0,0,27,28,0.0005500220008800352,16,6,49955,49964,11,12,0,0,0,0,0,0,99973,0,0,0,0,0,0,0,0,0,0,23,0,0,0,0,0,0
6,360,7.0228837998844496,99996,22,9,0,0,33,28,0.0006100244009760391,14,7,49951,49963,11,19,0,0,0,0,0,0,99966,0,0,0,0,0,0,0,0,0,0,30,0,0,0,0,0,0
7,360,8.00224797153775,99996,19,10,0,0,36,29,0.0006500260010400416,15,6,49947,49963,17,19,0,0,0,0,0,0,99960,0,0,0,0,0,0,0,0,0,0,36,0,0,0,0,0,0
8,360,9.113775965643361,99996,21,9,0,0,42,30,0.0007200288011520461,14,6,49942,49962,21,21,0,0,0,0,0,0,99954,0,0,0,0,0,0,0,0,0,0,42,0,0,0,0,0,0
9,360,10.196741844929974,99996,23,11,0,0,46,34,0.0008000320012800512,15,4,49937,49960,23,23,0,0,0,0,0,0,99950,0,0,0,0,0,0,0,0,0,0,46,0,0,0,0,0,0
10,360,11.190412119879792,99996,26,12,0,0,50,36,0.0008600344013760551,15,3,49933,49959,24,24,0,0,0,0,0,0,99948,0,0,0,0,0,0,0,0,0,0,48,0,0,0,0,0,0
11,360,12.180401138823644,99996,24,10,0,0,53,36,0.000890035601424057,15,5,49930,49957,29,26,0,0,0,0,0,0,99941,0,0,0,0,0,0,0,0,0,0,55,0,0,0,0,0,0
12,360,13.189995274153482,99996,23,12,0,0,57,39,0.0009600384015360614,17,4,49924,49955,34,27,0,0,0,0,0,0,99935,0,0,0,0,0,0,0,0,0,0,61,0,0,0,0,0,0
13,360,14.244698489689606,99996,23,13,0,0,60,40,0.001000040001600064,20,5,49918,49953,37,27,0,0,0,0,0,0,99932,0,0,0,0,0,0,0,0,0,0,64,0,0,0,0,0,0
14,360,15.048028756821699,99996,27,14,0,0,67,41,0.001080043201728069,17,7,49914,49950,40,27,0,0,0,0,0,0,99929,0,0,0,0,0,0,0,0,0,0,67,0,0,0,0,0,0
15,360,16.02972833370856,99996,29,10,0,0,73,41,0.001140045601824073,13,8,49912,49949,44,31,0,0,0,0,0,0,99921,0,0,0,0,0,0,0,0,0,0,75,0,0,0,0,0,0
16,360,17.201209804961078,99996,23,12,0,0,74,45,0.0011900476019040761,24,5,49900,49948,51,33,0,0,0,0,0,0,99912,0,0,0,0,0,0,0,0,0,0,84,0,0,0,0,0,0
17,360,18.043669913354695,99996,29,13,0,0,81,46,0.0012700508020320814,21,6,49896,49946,52,33,0,0,0,0,0,0,99911,0,0,0,0,0,0,0,0,0,0,85,0,0,0,0,0,0
18,360,19.02936591081713,99996,28,13,0,0,86,46,0.0013200528021120844,19,7,49893,49945,58,33,0,0,0,0,0,0,99905,0,0,0,0,0,0,0,0,0,0,91,0,0,0,0,0,0
19,360,20.283432629715062,99996,29,16,0,0,92,49,0.0014100564022560902,17,7,49889,49942,63,33,0,0,0,0,0,0,99900,0,0,0,0,0,0,0,0,0,0,96,0,0,0,0,0,0
20,360,21.11647761531329,99996,29,14,0,0,96,49,0.0014500580023200928,17,9,49886,49940,66,35,0,0,0,0,0,0,99894,0,0,0,0,0,0,0,0,0,0,102,0,0,0,0,0,0
21,360,22.0149294477007,99996,26,19,0,0,100,55,0.0015500620024800993,25,5,49874,49938,73,36,0,0,0,0,0,0,99886,0,0,0,0,0,0,0,0,0,0,110,0,0,0,0,0,0
22,360,23.14429897169039,99996,27,19,0,0,104,58,0.0016200648025921037,26,6,49869,49934,76,39,0,0,0,0,0,0,99880,0,0,0,0,0,0,0,0,0,0,116,0,0,0,0,0,0
23,360,24.04151691228208,99996,29,17,0,0,111,59,0.0017000680027201088,23,5,49865,49934,81,42,0,0,0,0,0,0,99872,0,0,0,0,0,0,0,0,0,0,124,0,0,0,0,0,0
24,360,25.028733769899144,99996,36,12,0,0,120,60,0.0018000720028801152,19,4,49860,49934,83,48,0,0,0,0,0,0,99864,0,0,0,0,0,0,0,0,0,0,132,0,0,0,0,0,0
25,360,26.166793192377636,99996,36,12,0,0,124,61,0.0018500740029601184,19,3,49856,49934,87,49,0,0,0,0,0,0,99859,0,0,0,0,0,0,0,0,0,0,137,0,0,0,0,0,0
26,360,27.035927524013882,99996,36,10,0,0,128,62,0.0019000760030401216,18,5,49853,49931,91,52,0,0,0,0,0,0,99852,0,0,0,0,0,0,0,0,0,0,144,0,0,0,0,0,0
27,360,28.219289122332473,99996,38,12,0,0,134,65,0.0019900796031841273,17,5,49848,49929,95,52,0,0,0,0,0,0,99847,0,0,0,0,0,0,0,0,0,0,149,0,0,0,0,0,0
28,360,29.039452424120448,99996,41,11,0,0,140,65,0.0020500820032801313,17,7,49842,49927,98,53,0,0,0,0,0,0,99843,0,0,0,0,0,0,0,0,0,0,153,0,0,0,0,0,0
29,360,30.056302249477707,99996,44,10,0,0,146,66,0.0021200848033921357,17,11,49837,49922,100,55,0,0,0,0,0,0,99838,0,0,0,0,0,0,0,0,0,0,158,0,0,0,0,0,0
30,360,31.060324219326642,99996,45,12,0,0,151,69,0.002200088003520141,19,13,49831,49917,103,56,0,0,0,0,0,0,99833,0,0,0,0,0,0,0,0,0,0,163,0,0,0,0,0,0
31,360,32.02841458102038,99996,43,13,0,0,156,71,0.0022700908036321454,20,18,49825,49910,110,57,0,0,0,0,0,0,99826,0,0,1,0,0,0,0,0,0,0,169,0,0,0,0,0,0
32,360,33.27817319924294,99996,42,17,0,0,162,78,0.0024000960038401535,21,18,49819,49903,116,60,0,0,0,0,0,0,99816,0,0,1,0,0,0,0,0,0,0,179,0,0,0,0,0,0
33,360,34.02763072971144,99996,42,19,0,0,164,81,0.0024500980039201567,22,16,49817,49902,117,61,0,0,0,0,0,0,99813,0,0,1,0,0,0,0,0,0,0,182,0,0,0,0,0,0
34,360,35.01080474547191,99996,45,22,0,0,170,86,0.002560102404096164,21,16,49813,49897,119,63,0,0,0,0,0,0,99808,0,0,1,0,0,0,0,0,0,0,187,0,0,0,0,0,0
35,360,36.02931166942586,99996,47,22,0,0,178,90,0.0026801072042881716,25,14,49801,49895,125,67,0,0,0,0,0,0,99798,0,0,1,0,0,0,0,0,0,0,197,0,0,0,0,0,0
36,360,37.07667356569777,99996,47,22,0,0,184,93,0.0027701108044321772,28,14,49792,49892,131,70,0,0,0,0,0,0,99789,0,0,1,0,0,0,0,0,0,0,206,0,0,0,0,0,0
37,360,38.25502549751374,99996,46,28,0,0,191,101,0.002920116804672187,30,7,49784,49891,138,72,0,0,0,0,0,0,99779,0,0,1,0,0,0,0,0,0,0,216,0,0,0,0,0,0
38,360,39.10648305653889,99996,52,24,0,0,200,102,0.0030201208048321933,27,8,49778,49889,141,77,0,0,0,0,0,0,99771,0,0,1,0,0,0,0,0,0,0,224,0,0,0,0,0,0
39,360,40.14394542333241,99996,48,21,0,0,205,103,0.003080123204928197,31,9,49770,49887,149,81,0,0,0,0,0,0,99758,0,0,1,0,0,0,0,0,0,0,237,0,0,0,0,0,0
40,360,41.128262028379474,99996,43,22,0,0,211,104,0.003150126005040202,32,11,49763,49884,160,81,0,0,0,0,0,0,99747,0,0,1,0,0,0,0,0,0,0,248,0,0,0,0,0,0
41,360,42.082961412943106,99996,43,23,0,0,221,109,0.003300132005280211,28,14,49757,49876,170,85,0,0,0,0,0,0,99733,0,0,1,0,0,0,0,0,0,0,262,0,0,0,0,0,0
42,360,43.06188068813666,99996,42,24,0,0,228,114,0.0034201368054722187,28,12,49752,49873,176,89,0,0,0,0,0,0,99721,0,0,1,0,0,0,0,0,0,0,274,0,0,0,0,0,0
43,360,44.20397048785614,99996,43,22,0,0,238,116,0.0035401416056642264,23,13,49747,49870,185,93,0,0,0,0,0,0,99708,0,0,1,0,0,0,0,0,0,0,287,0,0,0,0,0,0
44,360,45.062542821240044,99996,43,23,0,0,243,121,0.003640145605824233,23,8,49742,49870,190,97,0,0,0,0,0,0,99699,0,0,1,0,0,0,0,0,0,0,296,0,0,0,0,0,0
45,360,46.13225771953547,99996,41,24,0,0,246,126,0.003720148805952238,30,7,49732,49867,195,100,0,0,0,0,0,0,99690,0,0,1,0,0,0,0,0,0,0,305,0,0,0,0,0,0
46,360,47.128693175183436,99996,42,19,0,0,254,127,0.0038101524060962437,34,9,49722,49865,200,105,0,0,0,0,0,0,99677,0,0,1,0,0,0,0,0,0,0,318,0,0,0,0,0,0
47,360,48.17921660741863,99996,48,19,0,0,270,128,0.0039801592063682546,29,16,49711,49858,210,105,0,0,0,0,0,0,99666,0,0,1,0,0,0,0,0,0,0,329,0,0,0,0,0,0
48,360,49.10164506628315,99996,48,22,0,0,277,131,0.004080163206528261,26,16,49708,49855,216,105,0,0,0,0,0,0,99659,0,0,1,0,0,0,0,0,0,0,336,0,0,0,0,0,0
49,360,50.0417923823319,99995,43,22,1,0,285,134,0.004190209510475524,26,21,49700,49849,228,106,0,0,0,0,0,0,99643,0,0,1,0,0,0,0,0,0,0,351,0,0,0,0,0,0
50,360,51.02751065577311,99995,39,26,1,0,286,140,0.004260213010650532,31,19,49694,49845,233,108,0,0,0,0,0,0,99636,0,0,1,0,0,0,0,0,0,0,358,0,0,0,0,0,0
51,360,52.061949363969944,99994,36,25,2,0,291,144,0.00435026101566094,29,17,49692,49843,239,113,0,0,0,0,0,0,99624,0,0,2,0,0,0,0,0,0,0,368,0,0,0,0,0,0
52,360,53.11371542928994,99994,32,25,2,0,297,149,0.004460267616056964,27,17,49689,49838,248,118,0,0,0,0,0,0,99609,0,0,2,0,0,0,0,0,0,0,383,0,0,0,0,0,0
53,360,54.216632807677975,99994,33,25,2,0,301,153,0.004540272416344981,28,17,49686,49835,249,121,0,0,0,0,0,0,99602,0,0,2,0,0,0,0,0,0,0,390,0,0,0,0,0,0
54,360,55.100392711299655,99994,33,28,2,0,306,157,0.004630277816669,25,15,49686,49834,252,121,0,0,0,0,0,0,99596,0,0,2,0,0,0,0,0,0,0,396,0,0,0,0,0,0
55,360,56.013305660317116,99994,34,26,2,0,310,160,0.004700282016921015,27,16,49680,49831,255,125,0,0,0,0,0,0,99588,0,0,2,0,0,0,0,0,0,0,404,0,0,0,0,0,0
56,360,57.03769040969966,99994,37,28,2,0,318,165,0.004830289817389043,24,18,49676,49824,259,128,0,0,0,0,0,0,99580,0,0,2,0,0,0,0,0,0,0,412,0,0,0,0,0,0
57,360,58.00215463680897,99994,36,29,2,0,327,168,0.0049502970178210695,27,17,49664,49822,269,130,0,0,0,0,0,0,99568,0,0,2,0,0,0,0,0,0,0,424,0,0,0,0,0,0
58,360,59.00893948118384,99994,36,33,2,0,332,172,0.005040302418145089,26,17,49662,49818,272,130,0,0,0,0,0,0,99563,0,0,2,0,0,0,0,0,0,0,429,0,0,0,0,0,0
59,360,60.0913962488107,99994,37,28,2,0,341,177,0.005180310818649119,25,13,49654,49818,280,139,0,0,0,0,0,0,99545,0,0,2,0,0,0,0,0,0,0,447,0,0,0,0,0,0
60,360,61.14455264335396,99994,37,31,2,0,345,180,0.005250315018901134,32,15,49644,49813,283,139,0,0,0,0,0,0,99541,0,0,2,0,0,0,0,0,0,0,451,0,0,0,0,0,0
61,360,62.055902720752506,99994,39,32,2,0,348,182,0.005300318019081145,33,14,49643,49812,281,140,0,0,0,0,0,0,99539,0,0,2,0,0,0,0,0,0,0,453,0,0,0,0,0,0
62,360,63.11280766181548,99994,46,34,2,0,361,188,0.005490329419765186,29,13,49634,49807,287,144,0,0,0,0,0,0,99529,0,0,2,0,0,0,0,0,0,0,463,0,0,0,0,0,0
63,360,64.01380737306106,99994,49,33,2,0,367,195,0.005620337220233214,30,7,49627,49806,290,152,0,0,0,0,0,0,99518,0,0,2,0,0,0,0,0,0,0,474,0,0,0,0,0,0
64,360,65.02453571638065,99994,46,35,2,0,371,199,0.005700342020521231,34,8,49620,49801,296,154,0,0,0,0,0,0,99509,0,0,2,0,0,0,0,0,0,0,483,0,0,0,0,0,0
65,360,66.28287745587295,99994,50,32,2,0,378,202,0.005800348020881253,39,14,49609,49793,298,159,0,0,0,0,0,0,99500,0,0,2,0,0,0,0,0,0,0,492,0,0,0,0,0,0
66,360,67.06230087491491,99994,57,31,2,0,385,205,0.005900354021241274,38,16,49603,49790,298,161,0,0,0,0,0,0,99496,0,0,2,0,0,0,0,0,0,0,496,0,0,0,0,0,0
67,360,68.02656710791845,99994,61,29,2,0,396,208,0.006040362421745305,37,18,49595,49786,303,165,0,0,0,0,0,0,99484,0,0,2,0,0,0,0,0,0,0,508,0,0,0,0,0,0
68,360,69.23492775218479,99994,71,24,2,0,409,213,0.006220373222393344,38,20,49586,49779,301,175,0,0,0,0,0,0,99471,0,0,2,0,0,0,0,0,0,0,521,0,0,0,0,0,0
69,360,70.02600840198434,99994,70,27,2,0,417,217,0.00634038042282537,40,18,49578,49777,308,176,0,0,0,0,0,0,99461,0,0,2,0,0,0,0,0,0,0,531,0,0,0,0,0,0
70,360,71.15325130453762,99994,67,25,2,0,424,222,0.006460387623257395,46,18,49568,49773,315,182,0,0,0,0,0,0,99444,0,0,2,0,0,0,0,0,0,0,548,0,0,0,0,0,0
71,360,72.06588815508076,99994,77,30,2,0,439,231,0.006700402024121447,36,15,49563,49767,320,186,0,0,0,0,0,0,99435,0,0,2,0,0,0,0,0,0,0,557,0,0,0,0,0,0
72,360,73.04276914757236,99994,75,31,2,0,450,236,0.0068604116246974815,38,17,49550,49762,333,188,0,0,0,0,0,0,99418,0,0,2,0,0,0,0,0,0,0,574,0,0,0,0,0,0
73,360,74.21604214437409,99994,80,28,2,0,467,240,0.007070424225453527,35,17,49537,49759,344,194,0,0,0,0,0,0,99399,0,0,2,0,0,0,0,0,0,0,593,0,0,0,0,0,0
74,360,75.18010125862789,99993,82,24,3,0,481,244,0.007250507535527487,35,19,49526,49753,352,202,0,0,0,0,0,0,99379,0,0,2,0,0,0,0,0,0,0,612,0,0,0,0,0,0
75,360,76.31422915558298,99993,78,26,3,0,493,247,0.007400518036262538,30,22,49522,49748,365,202,0,0,0,0,0,0,99363,0,0,3,0,0,0,0,0,0,0,627,0,0,0,0,0,0
76,360,77.00609395052581,99993,79,29,3,0,495,252,0.0074705229366055625,29,18,49521,49747,366,204,0,0,0,0,0,0,99360,0,0,3,0,0,0,0,0,0,0,630,0,0,0,0,0,0
77,360,78.04873890415152,99993,85,33,3,0,508,260,0.007680537637634635,31,15,49506,49742,373,208,0,0,0,0,0,0,99349,0,0,3,0,0,0,0,0,0,0,641,0,0,0,0,0,0
78,360,79.0097129237615,99993,76,33,3,0,515,265,0.007800546038222675,48,16,49483,49736,388,213,0,0,0,0,0,0,99328,0,0,3,0,0,0,0,0,0,0,662,0,0,0,0,0,0
79,360,80.10902712083342,99993,78,33,3,0,527,268,0.007950556538957727,44,16,49478,49733,395,216,0,0,0,0,0,0,99315,0,0,3,0,0,0,0,0,0,0,675,0,0,0,0,0,0
80,360,81.01137008785042,99993,78,35,3,0,538,272,0.008100567039692778,39,14,49474,49731,404,218,0,0,0,0,0,0,99302,0,0,3,0,0,0,0,0,0,0,688,0,0,0,0,0,0
81,360,82.32020816203477,99993,68,30,3,0,552,275,0.008270578940525837,43,16,49460,49730,424,222,0,0,0,0,0,0,99271,0,0,4,0,0,0,0,0,0,0,718,0,0,0,0,0,0
82,360,83.00187658040927,99993,69,29,3,0,558,278,0.008360585240966868,39,19,49460,49724,427,226,0,0,0,0,0,0,99262,0,0,4,0,0,0,0,0,0,0,727,0,0,0,0,0,0
83,360,84.22047876531053,99993,70,26,3,0,569,282,0.00851059574170192,40,20,49451,49720,434,232,0,0,0,0,0,0,99245,0,0,4,0,0,0,0,0,0,0,744,0,0,0,0,0,0
84,360,85.08571303958712,99993,62,30,3,0,575,289,0.008640604842338964,41,18,49444,49716,448,234,0,0,0,0,0,0,99228,0,0,4,0,0,0,0,0,0,0,761,0,0,0,0,0,0
85,360,86.23103217582737,99993,61,29,3,0,584,292,0.008760613242927005,44,20,49433,49712,457,237,0,0,0,0,0,0,99214,0,0,4,0,0,0,0,0,0,0,775,0,0,0,0,0,0
86,360,87.22165810908092,99993,61,26,3,0,594,294,0.008880621643515047,47,22,49423,49710,464,240,0,0,0,0,0,0,99199,0,0,4,0,0,0,0,0,0,0,790,0,0,0,0,0,0
87,360,88.21245714203279,99993,59,31,3,0,606,303,0.009090636344544118,41,18,49417,49705,478,244,0,0,0,0,0,0,99181,0,0,4,0,0,0,0,0,0,0,808,0,0,0,0,0,0
88,360,89.0222891553035,99993,59,34,3,0,615,311,0.009260648245377177,41,17,49408,49698,487,249,0,0,0,0,0,0,99167,0,0,4,0,0,0,0,0,0,0,822,0,0,0,0,0,0
89,360,90.1031188474222,99993,68,35,3,0,628,315,0.009430660146210235,37,20,49400,49691,490,252,0,0,0,0,0,0,99160,0,0,4,0,0,0,0,0,0,0,829,0,0,0,0,0,0
90,360,91.18249311876019,99993,63,38,3,0,638,321,0.00959067134699429,44,24,49384,49682,504,254,0,0,0,0,0,0,99142,0,0,4,0,0,0,0,0,0,0,847,0,0,0,0,0,0
91,360,92.17403636002825,99993,67,37,3,0,648,326,0.009740681847729341,48,22,49372,49679,508,260,0,0,0,0,0,0,99130,0,0,4,0,0,0,0,0,0,0,859,0,0,0,0,0,0
92,360,93.16574355920338,99993,61,34,3,0,652,329,0.009810686748072365,55,22,49362,49676,517,266,0,0,0,0,0,0,99114,0,0,4,0,0,0,0,0,0,0,875,0,0,0,0,0,0
93,360,94.15765421858366,99993,68,34,3,0,668,333,0.010010700749052434,52,21,49349,49673,526,270,0,0,0,0,0,0,99101,0,0,4,0,0,0,0,0,0,0,888,0,0,0,0,0,0
94,360,95.14977038359622,99993,72,34,3,0,678,337,0.010150710549738482,56,23,49337,49668,530,273,0,0,0,0,0,0,99091,0,0,4,0,0,0,0,0,0,0,898,0,0,0,0,0,0
95,360,96.14205861799364,99993,76,35,3,0,692,341,0.010330723150620544,53,24,49330,49665,536,274,0,0,0,0,0,0,99078,0,0,4,0,0,0,0,0,0,0,911,0,0,0,0,0,0
96,360,97.13449670509047,99993,76,34,3,0,701,348,0.010490734351404598,57,24,49320,49660,542,280,0,0,0,0,0,0,99061,0,0,4,0,0,0,0,0,0,0,928,0,0,0,0,0,0
97,360,98.12709966884115,99993,77,34,3,0,716,353,0.010690748352384667,51,21,49312,49658,555,285,0,0,0,0,0,0,99042,0,0,4,0,0,0,0,0,0,0,947,0,0,0,0,0,0
98,360,99.11990892053154,99993,73,35,3,0,727,360,0.010870760953266728,55,22,49299,49652,568,289,0,0,0,0,0,0,99021,0,0,4,0,0,0,0,0,0,0,968,0,0,0,0,0,0
99,360,100.11294936731075,99993,83,30,3,0,747,363,0.011100777054393808,46,28,49290,49644,576,296,0,0,0,0,0,0,99003,0,0,4,0,0,0,0,0,0,0,986,0,0,0,0,0,0
100,360,101.10616171022814,99992,91,34,4,0,763,370,0.011330906472517801,39,28,49285,49637,579,299,0,0,0,0,0,0,98992,0,0,4,0,0,0,0,0,0,0,996,0,0,0,0,0,0
101,360,102.09944282602443,99992,95,34,4,0,775,377,0.011520921673733898,43,33,49269,49625,587,306,0,0,0,0,0,0,98977,0,0,4,0,0,0,0,0,0,0,1011,0,0,0,0,0,0
102,360,103.09292947717746,99992,97,38,4,0,787,390,0.011770941675334027,51,26,49251,49619,595,315,0,0,0,0,0,0,98958,0,0,4,0,0,0,0,0,0,0,1030,0,0,0,0,0,0
103,360,104.08666942525709,99992,106,33,4,0,803,394,0.011970957676614128,44,32,49246,49611,598,322,0,0,0,0,0,0,98942,0,0,4,0,0,0,0,0,0,0,1046,0,0,0,0,0,0
104,360,105.08050507196846,99992,109,34,4,0,817,402,0.012190975278022242,45,32,49232,49603,608,329,0,0,0,0,0,0,98924,0,0,4,0,0,0,0,0,0,0,1064,0,0,0,0,0,0
105,360,106.07460405656391,99992,108,40,4,0,836,413,0.012490999279942395,43,26,49216,49598,627,334,0,0,0,0,0,0,98899,0,0,4,0,0,0,0,0,0,0,1089,0,0,0,0,0,0
106,360,107.06904682123574,99992,98,43,4,0,845,418,0.012631010480838468,49,24,49201,49596,646,335,0,0,0,0,0,0,98878,0,0,4,0,0,0,0,0,0,0,1110,0,0,0,0,0,0
107,360,108.06380959282366,99992,92,44,4,0,857,424,0.01281102488199056,45,23,49194,49591,663,340,0,0,0,0,0,0,98855,0,0,4,0,0,0,0,0,0,0,1133,0,0,0,0,0,0
108,360,109.05880991961301,99992,97,48,4,0,868,433,0.013011040883270661,42,19,49186,49590,669,341,0,0,0,0,0,0,98844,0,0,4,0,0,0,0,0,0,0,1144,0,0,0,0,0,0
109,360,110.00958579885203,99992,96,44,4,0,883,439,0.013221057684614769,49,29,49170,49575,679,350,0,0,0,0,0,0,98819,0,0,5,0,0,0,0,0,0,0,1168,0,0,0,0,0,0
110,360,111.00496270723654,99992,93,41,4,0,894,445,0.013391071285702856,58,30,49153,49571,690,356,0,0,0,0,0,0,98796,0,0,5,0,0,0,0,0,0,0,1191,0,0,0,0,0,0
111,360,112.00061974358051,99992,86,40,4,0,905,451,0.013561084886790944,65,28,49138,49568,705,362,0,0,0,0,0,0,98771,0,0,5,0,0,0,0,0,0,0,1216,0,0,0,0,0,0
112,360,113.32868038300388,99992,98,37,4,0,926,458,0.013841107288583086,71,26,49114,49563,711,372,0,0,0,0,0,0,98752,0,0,5,0,0,0,0,0,0,0,1235,0,0,0,0,0,0
113,360,114.32502124331201,99992,100,37,4,0,940,460,0.014001120089607168,75,31,49097,49557,722,373,0,0,0,0,0,0,98738,0,0,5,0,0,0,0,0,0,0,1249,0,0,0,0,0,0
114,360,115.32161122018303,99992,104,39,4,0,956,471,0.014271141691335306,72,27,49088,49552,730,380,0,0,0,0,0,0,98717,0,0,5,0,0,0,0,0,0,0,1270,0,0,0,0,0,0
115,360,116.3184029657834,99992,105,35,4,0,971,477,0.014481158492679414,67,22,49078,49551,744,390,0,0,0,0,0,0,98694,0,0,6,0,0,0,0,0,0,0,1292,0,0,0,0,0,0
116,360,117.31548267064872,99992,111,40,4,0,992,487,0.014791183294663572,64,20,49061,49544,758,394,0,0,0,0,0,0,98674,0,0,6,0,0,0,0,0,0,0,1312,0,0,0,0,0,0
117,360,118.2462540837919,99992,118,35,4,0,1006,491,0.014971197695815666,54,17,49057,49543,765,403,0,0,0,0,0,0,98658,0,0,6,0,0,0,0,0,0,0,1328,0,0,0,0,0,0
118,360,119.07596250203457,99992,120,36,4,0,1017,496,0.015131210496839747,58,16,49044,49540,772,406,0,0,0,0,0,0,98646,0,0,7,0,0,0,0,0,0,0,1339,0,0,0,0,0,0
119,360,120.13290394479823,99991,116,34,4,1,1040,500,0.015401386124751228,60,25,49021,49527,797,411,0,0,0,0,0,0,98613,0,0,7,0,0,0,0,0,0,0,1371,0,0,0,0,0,0
120,360,121.13105445228442,99991,117,38,4,1,1053,506,0.015591403226290367,63,25,49007,49523,807,411,0,0,0,0,0,0,98599,0,0,7,0,0,0,0,0,0,0,1385,0,0,0,0,0,0
121,360,122.12941885843169,99991,112,40,4,1,1066,514,0.01580142212799152,70,25,48989,49516,823,416,0,0,0,0,0,0,98575,0,0,7,0,0,0,0,0,0,0,1409,0,0,0,0,0,0
122,360,123.12810008031566,99991,105,39,4,1,1075,520,0.015951435629206628,73,27,48979,49510,837,421,0,0,0,0,0,0,98552,0,0,7,0,0,0,0,0,0,0,1432,0,0,0,0,0,0
123,360,124.12705105784136,99991,122,42,4,1,1099,529,0.01628146533187987,70,25,48961,49503,841,427,0,0,0,0,0,0,98539,0,0,7,0,0,0,0,0,0,0,1445,0,0,0,0,0,0
124,360,125.12626173740468,99991,120,41,4,1,1115,537,0.016521486933824044,73,22,48942,49499,859,435,0,0,0,0,0,0,98512,0,0,7,0,0,0,0,0,0,0,1472,0,0,0,0,0,0
125,360,126.12583320179301,99991,112,42,4,1,1131,542,0.0167315058355252,75,23,48927,49495,880,437,0,0,0,0,0,0,98484,0,0,7,0,0,0,0,0,0,0,1500,0,0,0,0,0,0
126,360,127.12575276036499,99991,117,40,4,1,1148,545,0.016931523837145343,73,26,48917,49489,887,442,0,0,0,0,0,0,98467,0,0,7,0,0,0,0,0,0,0,1517,0,0,0,0,0,0
127,360,128.1258769526074,99991,111,42,4,1,1163,551,0.017141542738846497,80,29,48902,49484,901,442,0,0,0,0,0,0,98442,0,0,7,0,0,0,0,0,0,0,1542,0,0,0,0,0,0
128,360,129.12624109708423,99990,119,42,5,1,1183,558,0.017411741174117413,75,36,48892,49472,907,447,0,0,0,0,0,0,98424,0,0,8,0,0,0,0,0,0,0,1558,0,0,0,0,0,0
129,360,130.1267638092957,99990,129,42,5,1,1204,565,0.017691769176917692,74,30,48876,49473,914,452,0,0,0,0,0,0,98406,0,0,8,0,0,0,0,0,0,0,1576,0,0,0,0,0,0
130,360,131.12751529454206,99990,128,45,5,1,1223,570,0.017931793179317933,77,31,48857,49470,931,451,0,0,0,0,0,0,98384,0,0,8,0,0,0,0,0,0,0,1598,0,0,0,0,0,0
131,360,132.1285906383373,99990,127,40,5,1,1246,574,0.018201820182018203,70,33,48850,49465,946,459,0,0,0,0,0,0,98351,0,0,8,0,0,0,0,0,0,0,1631,0,0,0,0,0,0
132,360,133.129949588499,99989,134,46,6,1,1269,588,0.01857204292472172,68,23,48830,49462,960,466,0,0,0,0,0,0,98327,0,0,8,0,0,0,0,0,0,0,1654,0,0,0,0,0,0
133,360,134.13164164950607,99989,139,51,6,1,1295,596,0.01891208032883617,68,28,48807,49449,978,469,0,0,0,0,0,0,98303,0,0,8,0,0,0,0,0,0,0,1678,0,0,0,0,0,0
134,360,135.1336991109626,99989,142,49,6,1,1311,602,0.019132104531498464,76,37,48790,49437,984,474,0,0,0,0,0,0,98282,0,0,8,0,0,0,0,0,0,0,1699,0,0,0,0,0,0
135,360,136.13598331362198,99989,150,56,6,1,1329,613,0.019422136435007852,80,29,48772,49435,990,477,0,0,0,0,0,0,98268,0,0,8,0,0,0,0,0,0,0,1713,0,0,0,0,0,0
136,360,137.138508100428,99989,142,59,6,1,1343,620,0.01963215953754913,86,33,48756,49426,1008,479,0,0,0,0,0,0,98243,0,0,9,0,0,0,0,0,0,0,1737,0,0,0,0,0,0
137,360,138.14136713624038,99989,135,56,6,1,1359,626,0.019852183740211422,88,34,48741,49421,1028,486,0,0,0,0,0,0,98211,0,0,9,0,0,0,0,0,0,0,1769,0,0,0,0,0,0
138,360,139.14459912264246,99989,143,64,6,1,1381,640,0.020212223344567903,91,32,48722,49412,1036,489,0,0,0,0,0,0,98191,0,0,9,0,0,0,0,0,0,0,1789,0,0,0,0,0,0
139,360,140.14809145060764,99989,136,66,6,1,1394,652,0.020462250847593236,101,30,48702,49404,1053,497,0,0,0,0,0,0,98161,0,0,9,0,0,0,0,0,0,0,1819,0,0,0,0,0,0
140,360,141.1519545490664,99989,149,61,6,1,1427,656,0.02083229155207073,92,33,48686,49402,1065,501,0,0,0,0,0,0,98132,0,0,9,0,0,0,0,0,0,0,1848,0,0,0,0,0,0
141,360,142.15611473370447,99989,159,68,6,1,1454,670,0.021242336657032273,92,33,48660,49391,1081,505,0,0,0,0,0,0,98108,0,0,9,0,0,0,0,0,0,0,1872,0,0,0,0,0,0
142,360,143.16063470461253,99989,164,69,6,1,1476,680,0.0215623718609047,97,36,48636,49381,1095,511,0,0,0,0,0,0,98082,0,0,9,0,0,0,0,0,0,0,1898,0,0,0,0,0,0
143,360,144.16551463456918,99989,161,71,6,1,1506,688,0.021942413665503206,84,40,48625,49372,1122,514,0,0,0,0,0,0,98044,0,0,10,0,0,0,0,0,0,0,1935,0,0,0,0,0,0
144,360,145.1707815862532,99989,160,76,6,1,1528,699,0.022272449969496646,91,38,48603,49367,1138,516,0,0,0,0,0,0,98015,0,0,10,0,0,0,0,0,0,0,1964,0,0,0,0,0,0
145,360,146.17644584175108,99989,154,75,6,1,1551,709,0.022602486273490083,97,46,48575,49351,1166,525,0,0,0,0,0,0,97975,0,0,10,0,0,0,0,0,0,0,2004,0,0,0,0,0,0
146,360,147.1826449726959,99988,157,65,7,1,1572,718,0.022902748329799577,113,55,48540,49335,1181,542,0,0,0,0,0,0,97938,0,0,10,0,0,0,0,0,0,0,2040,0,0,0,0,0,0
147,360,148.1894051487022,99988,154,74,7,1,1594,736,0.023302796335560268,117,49,48521,49327,1199,547,0,0,0,0,0,0,97904,0,0,10,0,0,0,0,0,0,0,2074,0,0,0,0,0,0
148,360,149.1965489291821,99988,158,77,7,1,1617,746,0.023632835940312836,125,56,48494,49312,1214,552,0,0,0,0,0,0,97878,0,0,10,0,0,0,0,0,0,0,2100,0,0,0,0,0,0
149,360,150.20405288079505,99988,182,80,7,1,1656,757,0.0241328959475137,108,54,48476,49304,1225,559,0,0,0,0,0,0,97855,0,0,10,0,0,0,0,0,0,0,2123,0,0,0,0,0,0
150,360,151.21185284203537,99988,179,87,7,1,1679,772,0.024512941552986358,113,51,48451,49294,1248,565,0,0,0,0,0,0,97821,0,0,10,0,0,0,0,0,0,0,2157,0,0,0,0,0,0
151,360,152.22007262253416,99988,177,94,7,1,1701,788,0.024892987158459015,116,45,48428,49285,1270,573,0,0,0,0,0,0,97789,0,0,11,0,0,0,0,0,0,0,2188,0,0,0,0,0,0
152,360,153.2287676859575,99988,178,90,7,1,1730,800,0.025303036364363724,119,44,48398,49276,1296,587,0,0,0,0,0,0,97745,0,0,11,0,0,0,0,0,0,0,2232,0,0,0,0,0,0
153,360,154.23807532957704,99988,180,83,7,1,1757,812,0.025693083169980396,122,46,48376,49263,1313,605,0,0,0,0,0,0,97701,0,0,11,0,0,0,0,0,0,0,2276,0,0,0,0,0,0
154,360,155.2478452244233,99988,186,85,7,1,1787,826,0.026133135976317157,116,43,48355,49253,1334,616,0,0,0,0,0,0,97665,0,0,11,0,0,0,0,0,0,0,2312,0,0,0,0,0,0
155,360,156.25807693935747,99988,197,85,7,1,1821,834,0.026553186382365885,112,48,48328,49242,1354,622,0,0,0,0,0,0,97636,0,0,13,0,0,0,0,0,0,0,2339,0,0,0,0,0,0
156,360,157.26874609802837,99988,201,81,7,1,1850,843,0.026933231987838542,113,49,48303,49233,1374,634,0,0,0,0,0,0,97598,0,0,13,0,0,0,0,0,0,0,2377,0,0,0,0,0,0
157,360,158.27988573271531,99988,192,84,7,1,1877,858,0.027353282393887266,114,48,48276,49221,1409,644,0,0,0,0,0,0,97551,0,0,14,0,0,0,0,0,0,0,2423,0,0,0,0,0,0
158,360,159.29164499229105,99988,190,86,7,1,1907,874,0.02781333760051206,113,46,48251,49208,1437,657,0,0,0,0,0,0,97506,0,0,15,0,0,0,0,0,0,0,2467,0,0,0,0,0,0
159,360,160.30394743107303,99988,191,89,7,1,1934,887,0.02821338560627275,111,48,48229,49199,1460,661,0,0,0,0,0,0,97470,0,0,15,0,0,0,0,0,0,0,2503,0,0,0,0,0,0
160,360,161.316691299716,99988,207,89,7,1,1970,897,0.02867344081289755,105,50,48205,49188,1474,670,0,0,0,0,0,0,97441,0,0,16,0,0,0,0,0,0,0,2531,0,0,0,0,0,0
161,360,162.32986320073772,99987,205,92,8,1,2001,912,0.029133787392361006,108,50,48180,49174,1497,681,0,0,0,0,0,0,97397,0,0,17,0,0,0,0,0,0,0,2573,0,0,0,0,0,0
162,360,163.00557377223626,99987,204,91,8,1,2019,919,0.029383819896586557,118,51,48155,49167,1513,688,0,0,0,0,0,0,97370,0,0,17,0,0,0,0,0,0,0,2600,0,0,0,0,0,0
163,360,164.01964078782643,99987,199,90,8,1,2047,932,0.029793873203516456,120,57,48135,49149,1536,701,0,0,0,0,0,0,97324,0,0,18,0,0,0,0,0,0,0,2645,0,0,0,0,0,0
164,360,165.03420667404893,99987,183,86,8,1,2068,949,0.030173922609939292,134,50,48106,49143,1567,718,0,0,0,0,0,0,97267,0,0,19,0,0,0,0,0,0,0,2701,0,0,0,0,0,0
165,360,166.04939144813008,99987,196,83,8,1,2109,961,0.030703991518897456,127,56,48079,49126,1588,732,0,0,0,0,0,0,97224,0,0,19,0,0,0,0,0,0,0,2744,0,0,0,0,0,0
166,360,167.06509372663274,99986,191,90,9,1,2133,975,0.031084351809253296,135,57,48052,49113,1611,737,0,0,0,0,0,0,97188,0,0,19,0,0,0,0,0,0,0,2779,0,0,0,0,0,0
167,360,168.08131746495104,99986,198,95,9,1,2167,993,0.03160442461944672,133,62,48027,49092,1631,748,0,0,0,0,0,0,97148,0,0,19,0,0,0,0,0,0,0,2819,0,0,0,0,0,0
168,360,169.09798673054345,99986,198,108,9,1,2201,1016,0.03217450443062029,140,51,47994,49081,1657,757,0,0,0,0,0,0,97105,0,0,20,0,0,0,0,0,0,0,2861,0,0,0,0,0,0
169,360,170.11524635816568,99986,214,99,9,1,2248,1026,0.03274458424179385,134,61,47960,49062,1681,775,0,0,0,0,0,0,97057,0,0,22,0,0,0,0,0,0,0,2907,0,0,0,0,0,0
170,360,171.1331335060554,99986,227,106,9,1,2290,1047,0.03337467245414358,135,64,47927,49041,1700,786,0,0,0,0,0,0,97014,0,0,22,0,0,0,0,0,0,0,2950,0,0,0,0,0,0
171,360,172.15152556407247,99986,230,102,9,1,2323,1062,0.033854739663552895,139,59,47895,49033,1725,803,0,0,0,0,0,0,96965,0,0,22,0,0,0,0,0,0,0,2999,0,0,0,0,0,0
172,360,173.17049897508622,99986,233,109,9,1,2361,1081,0.03442481947472646,136,56,47866,49018,1754,814,0,0,0,0,0,0,96919,0,0,23,0,0,0,0,0,0,0,3044,0,0,0,0,0,0
173,360,174.19004004533306,99986,226,115,9,1,2391,1096,0.0348748824835477,142,61,47835,49004,1786,817,0,0,0,0,0,0,96873,0,0,23,0,0,0,0,0,0,0,3090,0,0,0,0,0,0
174,360,175.210235776399,99986,229,115,9,1,2431,1112,0.03543496089452523,146,60,47800,48991,1814,831,0,0,0,0,0,0,96820,0,0,23,0,0,0,0,0,0,0,3143,0,0,0,0,0,0
175,360,176.23108459549823,99986,233,112,9,1,2464,1128,0.03592502950413058,149,62,47771,48974,1836,849,0,0,0,0,0,0,96772,0,0,23,0,0,0,0,0,0,0,3191,0,0,0,0,0,0
176,360,177.2525587466305,99986,243,110,9,1,2501,1142,0.03643510091412798,161,65,47725,48961,1860,861,0,0,0,0,0,0,96730,0,0,24,0,0,0,0,0,0,0,3232,0,0,0,0,0,0
177,360,178.27471490804382,99986,246,109,9,1,2544,1158,0.037025183525693596,160,65,47693,48949,1890,874,0,0,0,0,0,0,96674,0,0,25,0,0,0,0,0,0,0,3287,0,0,0,0,0,0
178,360,179.29753453632284,99985,244,103,10,1,2585,1169,0.03754563184477672,155,81,47661,48925,1928,888,0,0,0,0,0,0,96617,0,0,28,0,0,0,0,0,0,0,3340,0,0,0,0,0,0
179,360,180.32108497205144,99985,244,100,10,1,2623,1183,0.038065709856478475,155,93,47633,48903,1956,901,0,0,0,0,0,0,96562,0,0,28,0,0,0,0,0,0,0,3395,0,0,0,0,0,0
180,360,181.00378875637858,99985,250,107,10,1,2651,1202,0.03853578036705506,154,92,47610,48889,1974,909,0,0,0,0,0,0,96528,0,0,28,0,0,0,0,0,0,0,3429,0,0,0,0,0,0
181,360,182.02828626225528,99985,261,116,10,1,2699,1223,0.039225883882582385,155,87,47575,48876,1997,918,0,0,0,0,0,0,96480,0,0,29,0,0,0,0,0,0,0,3476,0,0,0,0,0,0
182,360,183.0533944442625,99985,261,126,10,1,2738,1247,0.039855978396759514,156,85,47547,48857,2024,929,0,0,0,0,0,0,96428,0,0,30,0,0,0,0,0,0,0,3527,0,0,0,0,0,0
183,360,184.07908266465992,99985,271,125,10,1,2777,1267,0.04044606691003651,175,83,47496,48840,2046,949,0,0,0,0,0,0,96380,0,0,32,0,0,0,0,0,0,0,3573,0,0,0,0,0,0
184,360,185.1055998911256,99985,275,117,10,1,2820,1286,0.0410661599239886,175,85,47460,48822,2078,973,0,0,0,0,0,0,96316,0,0,34,0,0,0,0,0,0,0,3635,0,0,0,0,0,0
185,360,186.13289714797153,99985,290,120,10,1,2875,1302,0.041776266439965994,166,92,47427,48803,2105,982,0,0,0,0,0,0,96265,0,0,36,0,0,0,0,0,0,0,3684,0,0,0,0,0,0
186,360,187.16074859691219,99985,281,127,10,1,2912,1329,0.04241636245436815,165,91,47399,48780,2143,999,0,0,0,0,0,0,96199,0,0,36,0,0,0,0,0,0,0,3750,0,0,0,0,0,0
187,360,188.189283461281,99985,292,129,10,1,2957,1350,0.04307646146922038,170,94,47359,48759,2167,1015,0,0,0,0,0,0,96148,0,0,38,0,0,0,0,0,0,0,3799,0,0,0,0,0,0
188,360,189.21854636974427,99985,286,130,10,1,2996,1373,0.04369655448317247,187,86,47317,48749,2198,1032,0,0,0,0,0,0,96082,0,0,39,0,0,0,0,0,0,0,3864,0,0,0,0,0,0
189,360,190.24862054738267,99985,301,141,10,1,3049,1402,0.044516677501625246,180,81,47281,48727,2226,1048,0,0,0,0,0,0,96028,0,0,41,0,0,0,0,0,0,0,3916,0,0,0,0,0,0
190,360,191.27930603970336,99985,314,138,10,1,3096,1423,0.04519677951692754,184,81,47237,48710,2253,1068,0,0,0,0,0,0,95971,0,0,42,0,0,0,0,0,0,0,3972,0,0,0,0,0,0
191,360,192.3108394860772,99985,313,134,10,1,3146,1437,0.0458368755313297,184,87,47196,48692,2295,1084,0,0,0,0,0,0,95905,0,0,45,0,0,0,0,0,0,0,4035,0,0,0,0,0,0
192,360,193.34319305390758,99985,316,136,10,1,3193,1456,0.04649697454618193,174,87,47165,48680,2333,1094,0,0,0,0,0,0,95845,0,0,46,0,0,0,0,0,0,0,4094,0,0,0,0,0,0
193,360,194.03186132570514,99985,305,130,10,1,3215,1467,0.04682702405360804,182,90,47141,48671,2360,1106,0,0,0,0,0,0,95797,0,0,48,0,0,0,0,0,0,0,4140,0,0,0,0,0,0
194,360,195.06560284505835,99985,316,135,10,1,3267,1493,0.04760714107116067,183,93,47096,48644,2393,1125,0,0,0,0,0,0,95735,0,0,48,0,0,0,0,0,0,0,4202,0,0,0,0,0,0
195,360,196.10017977745716,99985,321,137,10,1,3318,1515,0.048337250587588136,188,97,47048,48623,2431,1140,0,0,0,0,0,0,95671,0,0,50,0,0,0,0,0,0,0,4264,0,0,0,0,0,0
196,360,197.1356041189339,99984,338,135,11,1,3369,1543,0.04912786045767323,185,104,47010,48595,2454,1163,0,0,0,0,0,0,95612,0,0,55,0,0,0,0,0,0,0,4317,0,0,0,0,0,0
197,360,198.1717045504906,99983,340,133,12,1,3420,1566,0.049868477641199005,178,104,46975,48579,2493,1181,0,0,0,0,0,0,95540,0,0,57,0,0,0,0,0,0,0,4386,0,0,0,0,0,0
198,360,199.20856930294312,99983,335,139,12,1,3469,1595,0.050648610263744835,171,104,46945,48558,2535,1196,0,0,0,0,0,0,95468,0,0,62,0,0,0,0,0,0,0,4453,0,0,0,0,0,0
199,360,200.24628447477411,99983,342,141,12,1,3524,1620,0.05144874628686877,163,107,46906,48536,2575,1213,0,0,0,0,0,0,95400,0,0,65,0,0,0,0,0,0,0,4518,0,0,0,0,0,0
200,360,201.28484161982612,99983,345,140,12,1,3566,1650,0.0521688687076803,188,103,46846,48517,2607,1237,0,0,0,0,0,0,95330,0,0,65,0,0,0,0,0,0,0,4588,0,0,0,0,0,0
201,360,202.32437796645058,99983,350,161,12,1,3633,1684,0.05317904043687427,170,97,46805,48497,2661,1242,0,0,0,0,0,0,95256,0,0,66,0,0,0,0,0,0,0,4661,0,0,0,0,0,0
202,360,203.0179650619926,99983,350,160,12,1,3663,1701,0.05364912035045958,178,105,46777,48474,2681,1258,0,0,0,0,0,0,95209,0,0,67,0,0,0,0,0,0,0,4707,0,0,0,0,0,0
203,360,204.05910361263082,99983,338,161,12,1,3710,1726,0.054369242771271115,184,107,46739,48453,2725,1276,0,0,0,0,0,0,95129,0,0,70,0,0,0,0,0,0,0,4784,0,0,0,0,0,0
204,360,205.10103527773566,99983,349,166,12,1,3772,1757,0.05529940089815268,173,106,46701,48426,2763,1299,0,0,0,0,0,0,95053,0,0,71,0,0,0,0,0,0,0,4859,0,0,0,0,0,0
205,360,206.14384528276867,99982,334,167,13,1,3816,1790,0.056070092616671,179,106,46654,48396,2818,1328,0,0,0,0,0,0,94968,0,0,77,0,0,0,0,0,0,0,4937,0,0,0,0,0,0
206,360,207.18780067037687,99982,325,185,13,1,3858,1830,0.05689024024324378,196,93,46600,48372,2864,1347,0,0,0,0,0,0,94898,0,0,80,0,0,0,0,0,0,0,5004,0,0,0,0,0,0
207,360,208.23272354877432,99982,319,180,13,1,3903,1852,0.057560360864955695,202,101,46566,48349,2898,1367,0,0,0,0,0,0,94822,0,0,82,0,0,0,0,0,0,0,5078,0,0,0,0,0,0
208,360,209.27850485484277,99981,315,173,14,1,3952,1883,0.058361088606835296,215,94,46518,48330,2936,1400,0,0,0,0,0,0,94731,0,0,82,0,0,0,0,0,0,0,5168,0,0,0,0,0,0
209,360,210.32529188378126,99981,319,171,14,1,4005,1905,0.05911123113391544,213,91,46473,48315,2979,1420,0,0,0,0,0,0,94659,0,0,83,0,0,0,0,0,0,0,5239,0,0,0,0,0,0
210,360,211.02374442250394,99981,319,169,14,1,4042,1926,0.05969134135485742,212,83,46449,48305,3004,1440,0,0,0,0,0,0,94601,0,0,85,0,0,0,0,0,0,0,5295,0,0,0,0,0,0
211,360,212.0722639812491,99980,336,160,14,2,4102,1943,0.060462092418483694,222,92,46388,48284,3038,1460,0,0,0,0,0,0,94534,0,0,87,0,0,0,0,0,0,0,5359,0,0,0,0,0,0
212,360,213.12182674866247,99980,337,153,14,2,4162,1969,0.06132226445289058,216,88,46346,48268,3085,1487,0,0,0,0,0,0,94447,0,0,92,0,0,0,0,0,0,0,5441,0,0,0,0,0,0
213,360,214.17242349668118,99980,338,161,14,2,4210,1995,0.0620624124824965,220,83,46305,48248,3121,1504,0,0,0,0,0,0,94384,0,0,94,0,0,0,0,0,0,0,5502,0,0,0,0,0,0
214,360,215.22380532462307,99979,351,167,15,2,4263,2023,0.06287320337270827,212,80,46271,48230,3149,1519,0,0,0,0,0,0,94324,0,0,96,0,0,0,0,0,0,0,5559,0,0,0,0,0,0
215,360,216.27598178837462,99978,358,159,16,2,4324,2038,0.06363399947988557,204,93,46231,48207,3189,1537,0,0,0,0,0,0,94250,0,0,99,0,0,0,0,0,0,0,5629,0,0,0,0,0,0
216,360,217.32907570741898,99978,351,169,16,2,4376,2071,0.06448418652103463,210,86,46180,48191,3241,1550,0,0,0,0,0,0,94169,0,0,100,0,0,0,0,0,0,0,5709,0,0,0,0,0,0
217,360,218.03171165879525,99978,350,171,16,2,4406,2090,0.06497429434475585,217,87,46157,48172,3258,1566,0,0,0,0,0,0,94122,0,0,101,0,0,0,0,0,0,0,5755,0,0,0,0,0,0
218,360,219.0862981976194,99978,364,178,16,2,4463,2111,0.06575446598251615,209,88,46125,48159,3284,1571,0,0,0,0,0,0,94066,0,0,102,0,0,0,0,0,0,0,5810,0,0,0,0,0,0
219,360,220.141554897268,99977,374,165,17,2,4523,2127,0.0665152985186593,196,98,46091,48138,3320,1595,0,0,0,0,0,0,93991,0,0,106,0,0,0,0,0,0,0,5880,0,0,0,0,0,0
220,360,221.19767920031254,99977,359,167,17,2,4574,2148,0.06723546415675605,202,103,46047,48118,3373,1608,0,0,0,0,0,0,93910,0,0,110,0,0,0,0,0,0,0,5957,0,0,0,0,0,0
221,360,222.25480707598703,99977,350,177,17,2,4621,2182,0.06804565049961492,209,85,46007,48105,3415,1629,0,0,0,0,0,0,93835,0,0,115,0,0,0,0,0,0,0,6027,0,0,0,0,0,0
222,360,223.31287449802915,99977,349,174,17,2,4677,2211,0.06889584604459026,206,80,45973,48091,3453,1651,0,0,0,0,0,0,93751,0,0,120,0,0,0,0,0,0,0,6106,0,0,0,0,0,0
223,360,224.01877211917818,99977,360,165,17,2,4713,2222,0.06936595416945898,214,81,45933,48084,3474,1666,0,0,0,0,0,0,93708,0,0,122,0,0,0,0,0,0,0,6147,0,0,0,0,0,0
224,360,225.07849636056355,99977,358,168,17,2,4767,2252,0.0702061474139052,217,84,45886,48055,3520,1689,0,0,0,0,0,0,93625,0,0,122,0,0,0,0,0,0,0,6230,0,0,0,0,0,0
225,360,226.13930717430907,99976,347,164,18,2,4818,2279,0.07098703688885333,214,87,45848,48036,3571,1709,0,0,0,0,0,0,93535,0,0,125,0,0,0,0,0,0,0,6316,0,0,0,0,0,0
226,360,227.201106909697,99976,363,153,18,2,4890,2299,0.07190725774185805,207,87,45799,48024,3611,1732,0,0,0,0,0,0,93449,0,0,126,0,0,0,0,0,0,0,6401,0,0,0,0,0,0
227,360,228.2640177340412,99976,354,161,18,2,4942,2318,0.07261742818276386,209,94,45757,48002,3660,1739,0,0,0,0,0,0,93380,0,0,129,0,0,0,0,0,0,0,6467,0,0,0,0,0,0
228,360,229.32792858816453,99976,351,165,18,2,4991,2351,0.0734376250300072,210,86,45719,47980,3700,1765,0,0,0,0,0,0,93303,0,0,133,0,0,0,0,0,0,0,6540,0,0,0,0,0,0
229,360,230.0376815425354,99976,363,164,18,2,5035,2360,0.07396775226054253,197,97,45695,47967,3725,1768,0,0,0,0,0,0,93263,0,0,135,0,0,0,0,0,0,0,6578,0,0,0,0,0,0
230,360,231.1030369532998,99976,363,167,18,2,5089,2386,0.0747679443066336,195,94,45660,47948,3762,1787,0,0,0,0,0,0,93188,0,0,137,0,0,0,0,0,0,0,6651,0,0,0,0,0,0
231,360,232.16925535101737,99975,346,158,19,2,5132,2407,0.07540885221305327,208,102,45620,47926,3805,1810,0,0,0,0,0,0,93099,0,0,138,0,0,0,0,0,0,0,6738,0,0,0,0,0,0
232,360,233.23642061143525,99975,343,170,19,2,5188,2434,0.07623905976494123,218,99,45567,47908,3851,1819,0,0,0,0,0,0,93031,0,0,144,0,0,0,0,0,0,0,6800,0,0,0,0,0,0
233,360,234.30465613030626,99975,349,172,19,2,5245,2460,0.07706926731682921,215,108,45526,47880,3889,1836,0,0,0,0,0,0,92959,0,0,147,0,0,0,0,0,0,0,6869,0,0,0,0,0,0
234,360,235.01732536674606,99975,360,175,19,2,5290,2476,0.07767941985496374,213,111,45499,47867,3907,1843,0,0,0,0,0,0,92914,0,0,149,0,0,0,0,0,0,0,6912,0,0,0,0,0,0
235,360,236.08701406990653,99975,369,168,19,2,5350,2504,0.0785596399099775,218,112,45439,47842,3953,1874,0,0,0,0,0,0,92832,0,0,153,0,0,0,0,0,0,0,6990,0,0,0,0,0,0
236,360,237.15793037594088,99974,393,171,19,3,5425,2533,0.07960069618100706,204,113,45392,47816,3990,1895,0,0,0,0,0,0,92762,0,0,160,0,0,0,0,0,0,0,7052,0,0,0,0,0,0
237,360,238.2298318073362,99973,381,175,20,3,5472,2558,0.08032168685545098,208,117,45357,47799,4032,1904,0,0,0,0,0,0,92685,0,0,163,0,0,0,0,0,0,0,7125,0,0,0,0,0,0
238,360,239.30255267092042,99973,377,175,20,3,5523,2588,0.08113190561451591,226,109,45308,47784,4067,1927,0,0,0,0,0,0,92602,0,0,165,0,0,0,0,0,0,0,7206,0,0,0,0,0,0
239,360,240.01833487497748,99973,377,178,20,3,5558,2610,0.08170205955608015,230,108,45279,47770,4092,1939,0,0,0,0,0,0,92549,0,0,166,0,0,0,0,0,0,0,7258,0,0,0,0,0,0
240,360,241.092837205959,99971,367,194,21,4,5609,2645,0.08256394354362766,232,114,45239,47740,4139,1946,0,0,0,0,0,0,92474,0,0,171,0,0,0,0,0,0,0,7326,0,0,0,0,0,0
241,360,242.16821667301292,99971,385,191,21,4,5683,2665,0.08350421622270458,228,117,45183,47727,4181,1959,0,0,0,0,0,0,92397,0,0,173,0,0,0,0,0,0,0,7401,0,0,0,0,0,0
242,360,243.24475020167003,99971,378,188,21,4,5739,2696,0.08437446859589282,239,109,45134,47717,4226,1980,0,0,0,0,0,0,92304,0,0,177,0,0,0,0,0,0,0,7490,0,0,0,0,0,0
243,360,244.32249933507566,99971,369,188,21,4,5801,2727,0.0853047383741285,244,111,45075,47690,4289,2005,0,0,0,0,0,0,92203,0,0,178,0,0,0,0,0,0,0,7590,0,0,0,0,0,0
244,360,245.04177385049687,99971,376,198,21,4,5844,2752,0.08598493563133308,239,99,45045,47681,4317,2016,0,0,0,0,0,0,92153,0,0,179,0,0,0,0,0,0,0,7639,0,0,0,0,0,0
245,360,246.12170370047312,99971,389,196,21,4,5923,2775,0.08700523151713997,225,102,45000,47663,4363,2033,0,0,0,0,0,0,92068,0,0,185,0,0,0,0,0,0,0,7718,0,0,0,0,0,0
246,360,247.20264825479515,99970,395,196,22,4,5979,2816,0.08797639291787536,240,96,44948,47637,4393,2065,0,0,0,0,0,0,91980,0,0,188,0,0,0,0,0,0,0,7802,0,0,0,0,0,0
247,360,248.28450441798967,99970,411,207,22,4,6049,2850,0.08901670501150345,242,101,44907,47608,4416,2078,0,0,0,0,0,0,91905,0,0,190,0,0,0,0,0,0,0,7875,0,0,0,0,0,0
248,360,249.00614358594765,99970,415,216,22,4,6092,2879,0.0897369210763229,240,90,44878,47595,4443,2093,0,0,0,0,0,0,91851,0,0,195,0,0,0,0,0,0,0,7924,0,0,0,0,0,0
249,360,250.0894346042288,99970,435,207,22,4,6166,2901,0.09069720916274883,256,103,44812,47569,4473,2115,0,0,0,0,0,0,91768,0,0,197,0,0,0,0,0,0,0,8005,0,0,0,0,0,0
250,360,251.17392816789376,99970,447,205,22,4,6250,2935,0.0918775632689807,261,117,44746,47537,4522,2135,0,0,0,0,0,0,91665,0,0,202,0,0,0,0,0,0,0,8103,0,0,0,0,0,0
251,360,252.25977309718283,99969,466,202,23,4,6326,2966,0.09294881413238104,250,120,44700,47508,4559,2164,0,0,0,0,0,0,91579,0,0,207,0,0,0,0,0,0,0,8183,0,0,0,0,0,0
252,360,253.34671204850375,99967,459,208,25,4,6392,2999,0.09394100053017496,259,127,44655,47476,4600,2183,0,0,0,0,0,0,91483,0,0,211,0,0,0,0,0,0,0,8273,0,0,0,0,0,0
253,360,254.0718917064513,99967,454,201,25,4,6444,3017,0.09464123160643012,256,132,44620,47459,4643,2202,0,0,0,0,0,0,91407,0,0,217,0,0,0,0,0,0,0,8343,0,0,0,0,0,0
254,360,255.160717954039,99967,453,215,25,4,6515,3057,0.09575159802734902,253,121,44570,47436,4697,2222,0,0,0,0,0,0,91314,0,0,222,0,0,0,0,0,0,0,8431,0,0,0,0,0,0
255,360,256.2508025566272,99967,447,213,25,4,6582,3085,0.09670191163083817,246,126,44529,47414,4751,2241,0,0,0,0,0,0,91216,0,0,227,0,0,0,0,0,0,0,8524,0,0,0,0,0,0
256,360,257.34202600439204,99967,439,215,25,4,6639,3120,0.09762221533105925,268,113,44473,47400,4793,2266,0,0,0,0,0,0,91124,0,0,233,0,0,0,0,0,0,0,8610,0,0,0,0,0,0
257,360,258.0702812702088,99967,450,215,25,4,6690,3138,0.09831244310622506,269,114,44438,47391,4816,2274,0,0,0,0,0,0,91069,0,0,236,0,0,0,0,0,0,0,8662,0,0,0,0,0,0
258,360,259.163488150348,99967,436,203,25,4,6753,3158,0.0991427170966419,270,133,44394,47360,4873,2298,0,0,0,0,0,0,90967,0,0,243,0,0,0,0,0,0,0,8757,0,0,0,0,0,0
259,360,260.2579020345549,99967,445,211,25,4,6829,3201,0.10033310992627567,253,129,44351,47327,4924,2327,0,0,0,0,0,0,90871,0,0,249,0,0,0,0,0,0,0,8847,0,0,0,0,0,0
260,360,261.3534293756702,99966,444,207,26,4,6896,3231,0.10130444351079367,254,133,44311,47302,4963,2352,0,0,0,0,0,0,90771,0,0,251,0,0,0,0,0,0,0,8944,0,0,0,0,0,0
261,360,262.08430076594874,99966,429,219,26,4,6933,3259,0.10195466458595923,266,121,44281,47292,4996,2362,0,0,0,0,0,0,90707,0,0,255,0,0,0,0,0,0,0,9004,0,0,0,0,0,0
262,360,263.18152997769556,99966,440,221,26,4,7006,3294,0.10303503191084969,255,127,44236,47269,5041,2377,0,0,0,0,0,0,90615,0,0,256,1,0,0,0,0,0,0,9094,0,0,0,0,0,0
263,360,264.2798742800551,99966,445,215,26,4,7084,3329,0.10416541624152212,250,123,44182,47248,5095,2408,0,0,0,0,0,0,90507,0,0,262,1,0,0,0,0,0,0,9196,0,0,0,0,0,0
264,360,265.0129055237808,99966,449,209,26,4,7139,3343,0.10485565092131324,243,132,44150,47233,5130,2420,0,0,0,0,0,0,90441,0,0,267,1,0,0,0,0,0,0,9257,0,0,0,0,0,0
265,360,266.11349549765293,99966,438,211,26,4,7203,3384,0.10590600804273453,248,129,44101,47206,5185,2448,0,0,0,0,0,0,90335,0,0,275,1,0,0,0,0,0,0,9355,0,0,0,0,0,0
266,360,267.2154236949591,99965,455,221,27,4,7285,3418,0.10706747361576552,238,126,44057,47184,5221,2463,0,0,0,0,0,0,90251,0,0,278,2,0,0,0,0,0,0,9434,0,0,0,0,0,0
267,360,268.31832588325614,99964,441,229,28,4,7354,3460,0.1081789444199912,229,114,44019,47164,5281,2487,0,0,0,0,0,0,90141,0,0,285,2,0,0,0,0,0,0,9536,0,0,0,0,0,0
268,360,269.0542366673116,99963,443,231,29,4,7396,3480,0.10880025609475506,231,123,43987,47139,5308,2501,0,0,0,0,0,0,90088,0,0,290,2,0,0,0,0,0,0,9583,0,0,0,0,0,0
269,360,270.1589700848609,99963,415,233,29,4,7450,3516,0.10970058921801067,246,123,43944,47118,5364,2520,0,0,0,0,0,0,89983,0,0,301,2,0,0,0,0,0,0,9677,0,0,0,0,0,0
270,360,271.26482221867826,99962,403,235,30,4,7509,3551,0.11064204397671115,251,120,43899,47098,5415,2541,0,0,0,0,0,0,89889,0,0,311,2,0,0,0,0,0,0,9760,0,0,0,0,0,0
271,360,272.00281026222723,99962,411,229,30,4,7552,3571,0.11127228346771774,258,115,43866,47093,5433,2557,0,0,0,0,0,0,89832,0,0,315,2,0,0,0,0,0,0,9813,0,0,0,0,0,0
272,360,273.11070229731644,99962,423,220,30,4,7631,3605,0.11240271303095176,247,114,43817,47068,5481,2592,0,0,0,0,0,0,89730,0,0,323,2,0,0,0,0,0,0,9907,0,0,0,0,0,0
273,360,274.21988943199256,99962,411,221,30,4,7699,3636,0.1133930893739621,225,113,43800,47048,5532,2612,0,0,0,0,0,0,89627,0,0,330,2,0,0,0,0,0,0,10003,0,0,0,0,0,0
274,360,275.3299613725099,99962,413,210,30,4,7764,3666,0.11434345051119425,219,122,43766,47015,5570,2647,0,0,0,0,0,0,89530,0,0,337,2,0,0,0,0,0,0,10093,0,0,0,0,0,0
275,360,276.07052828203194,99961,417,215,31,4,7813,3689,0.11506487530136754,220,121,43732,47000,5598,2658,0,0,0,0,0,0,89471,0,0,341,2,0,0,0,0,0,0,10147,0,0,0,0,0,0
276,360,277.1822233596246,99960,408,211,32,4,7869,3726,0.11599639855942377,230,117,43692,46974,5636,2692,0,0,0,0,0,0,89372,0,0,348,2,0,0,0,0,0,0,10238,0,0,0,0,0,0
277,360,278.2949359711905,99959,398,207,33,4,7931,3759,0.11694794865895017,218,114,43677,46953,5672,2720,0,0,0,0,0,0,89270,0,0,355,2,0,0,0,0,0,0,10332,0,0,0,0,0,0
278,360,279.0371304833608,99959,380,204,33,4,7968,3777,0.11749817425144309,225,124,43656,46935,5704,2731,0,0,0,0,0,0,89198,0,0,359,2,0,0,0,0,0,0,10400,0,0,0,0,0,0
279,360,280.15121836074155,99959,374,212,33,4,8025,3816,0.11845856801288528,214,116,43640,46922,5737,2744,0,0,0,0,0,0,89110,0,0,365,2,0,0,0,0,0,0,10482,0,0,0,0,0,0
280,360,281.26586602782106,99959,379,208,33,4,8081,3841,0.11926890024910212,210,120,43615,46904,5761,2762,0,0,0,0,0,0,89034,0,0,369,2,0,0,0,0,0,0,10554,0,0,0,0,0,0
281,360,282.0093130744084,99959,383,204,33,4,8123,3867,0.11994917916345701,202,120,43601,46882,5779,2788,0,0,0,0,0,0,88976,0,0,379,2,0,0,0,0,0,0,10602,0,0,0,0,0,0
282,360,283.1250353032694,99959,390,200,33,4,8187,3892,0.12083954421312738,203,124,43572,46862,5800,2808,0,0,0,0,0,0,88897,0,0,384,3,0,0,0,0,0,0,10675,0,0,0,0,0,0
283,360,284.2413768472635,99959,415,188,33,4,8265,3921,0.12190998309306816,181,129,43533,46843,5836,2834,0,0,0,0,0,0,88813,0,0,392,4,0,0,0,0,0,0,10750,0,0,0,0,0,0
284,360,285.3588452706858,99959,403,192,33,4,8320,3958,0.12283036044778359,195,121,43491,46821,5876,2860,0,0,0,0,0,0,88723,0,0,400,5,0,0,0,0,0,0,10831,0,0,0,0,0,0
285,360,286.10439582618585,99959,399,200,33,4,8350,3978,0.12333056553186807,204,121,43469,46811,5893,2862,0,0,0,0,0,0,88678,0,0,401,5,0,0,0,0,0,0,10875,0,0,0,0,0,0
286,360,287.2232454260961,99959,389,202,33,4,8400,4005,0.12410088136135816,201,120,43450,46797,5925,2875,0,0,0,0,0,0,88599,0,0,407,5,0,0,0,0,0,0,10948,0,0,0,0,0,0
287,360,288.3427849083323,99959,377,198,33,4,8460,4032,0.12497123820766515,204,130,43408,46768,5976,2898,0,0,0,0,0,0,88507,0,0,418,5,0,0,0,0,0,0,11029,0,0,0,0,0,0
288,360,289.0898065431348,99959,372,192,33,4,8499,4052,0.12556148020688482,203,128,43386,46757,6004,2917,0,0,0,0,0,0,88443,0,0,424,5,0,0,0,0,0,0,11087,0,0,0,0,0,0
289,360,290.2112388761169,99959,369,196,33,4,8551,4091,0.12647185345991857,195,122,43365,46735,6036,2941,0,0,0,0,0,0,88360,0,0,431,5,0,0,0,0,0,0,11163,0,0,0,0,0,0
290,360,291.33340711716505,99958,339,201,34,4,8591,4130,0.1272634506492727,209,112,43339,46717,6077,2964,0,0,0,0,0,0,88265,0,0,440,5,0,0,0,0,0,0,11248,0,0,0,0,0,0
291,360,292.08201328601865,99958,345,204,34,4,8630,4159,0.12794373636927509,204,105,43323,46709,6092,2976,0,0,0,0,0,0,88213,0,0,447,5,0,0,0,0,0,0,11293,0,0,0,0,0,0
292,360,293.20551891963567,99958,350,198,34,4,8689,4187,0.12881410192280757,213,104,43278,46694,6123,2998,0,0,0,0,0,0,88129,0,0,451,5,0,0,0,0,0,0,11373,0,0,0,0,0,0
293,360,294.32992657663664,99958,345,200,34,4,8735,4219,0.1295944296604574,216,96,43258,46683,6145,3015,0,0,0,0,0,0,88053,0,0,456,5,0,0,0,0,0,0,11444,0,0,0,0,0,0
294,360,295.0799029911351,99958,348,191,34,4,8773,4234,0.13012465235398868,224,96,43232,46681,6160,3026,0,0,0,0,0,0,87996,0,0,458,5,0,0,0,0,0,0,11499,0,0,0,0,0,0
295,360,296.2055424296355,99958,356,187,34,4,8832,4263,0.1310050221092859,222,94,43199,46665,6187,3048,0,0,0,0,0,0,87921,0,0,465,6,0,0,0,0,0,0,11566,0,0,0,0,0,0
296,360,297.33203423097393,99958,342,191,34,4,8884,4291,0.1318053582504652,225,92,43161,46648,6236,3063,0,0,0,0,0,0,87833,0,0,465,7,0,0,0,0,0,0,11653,0,0,0,0,0,0
297,360,298.0837402166002,99958,362,182,34,4,8938,4307,0.13250565237399708,207,96,43138,46633,6257,3083,0,0,0,0,0,0,87779,0,0,468,8,0,0,0,0,0,0,11703,0,0,0,0,0,0
298,360,299.2118118349929,99958,375,185,34,4,9002,4332,0.13339602633105904,204,99,43106,46620,6279,3090,0,0,0,0,0,0,87714,0,0,474,9,0,0,0,0,0,0,11761,0,0,0,0,0,0
299,360,300.3406302962599,99958,376,183,34,4,9069,4365,0.13439644650753316,188,115,43088,46585,6312,3111,0,0,0,0,0,0,87623,0,0,484,9,0,0,0,0,0,0,11842,0,0,0,0,0,0
300,360,301.0935022816515,99958,371,169,34,4,9101,4377,0.1348366313851818,192,129,43071,46566,6330,3130,0,0,0,0,0,0,87567,0,0,489,10,0,0,0,0,0,0,11892,0,0,0,0,0,0
301,360,302.2234737184063,99958,365,179,34,4,9153,4410,0.13568698853518477,194,127,43032,46549,6373,3139,0,0,0,0,0,0,87494,0,0,497,10,0,0,0,0,0,0,11957,0,0,0,0,0,0
302,360,303.354465494505,99958,361,186,34,4,9206,4442,0.13653734568518777,211,130,42988,46528,6404,3150,0,0,0,0,0,0,87422,0,0,507,10,0,0,0,0,0,0,12019,0,0,0,0,0,0
303,360,304.1089496841865,99957,349,191,35,4,9235,4467,0.13707894394589673,218,122,42965,46518,6431,3163,0,0,0,0,0,0,87363,0,0,509,10,0,0,0,0,0,0,12075,0,0,0,0,0,0
304,360,305.2414891353072,99957,359,192,35,4,9302,4499,0.13806936982902648,200,114,42940,46504,6464,3184,0,0,0,0,0,0,87281,0,0,515,10,0,0,0,0,0,0,12151,0,0,0,0,0,0
305,360,306.3747758634861,99957,344,167,35,4,9357,4523,0.13885970967516031,194,133,42928,46479,6497,3215,0,0,0,0,0,0,87172,0,0,523,11,0,0,0,0,0,0,12251,0,0,0,0,0,0
306,360,307.13071973008624,99957,352,166,35,4,9399,4544,0.13948998069169743,191,127,42912,46470,6508,3231,0,0,0,0,0,0,87119,0,0,526,11,0,0,0,0,0,0,12301,0,0,0,0,0,0
307,360,308.26508983037166,99957,350,166,35,4,9452,4575,0.14033034204708025,190,128,42885,46452,6538,3248,0,0,0,0,0,0,87038,0,0,531,11,0,0,0,0,0,0,12377,0,0,0,0,0,0
308,360,309.02178006657044,99957,358,177,35,4,9496,4603,0.14105065178026552,179,120,42870,46441,6556,3256,0,0,0,0,0,0,86989,0,0,535,11,0,0,0,0,0,0,12422,0,0,0,0,0,0
309,360,310.1572461464995,99956,365,178,35,5,9546,4635,0.14187242386650126,175,115,42855,46425,6568,3275,0,0,0,0,0,0,86920,0,0,540,11,0,0,0,0,0,0,12485,0,0,0,0,0,0
310,360,311.2932581468892,99955,352,177,35,6,9597,4665,0.1426842078935521,191,116,42811,46405,6609,3294,0,0,0,0,0,0,86830,0,0,545,11,0,0,0,0,0,0,12569,0,0,0,0,0,0
311,360,312.05116730793594,99955,334,178,35,6,9631,4683,0.1432044419988995,190,120,42792,46393,6647,3301,0,0,0,0,0,0,86766,0,0,550,11,0,0,0,0,0,0,12628,0,0,0,0,0,0
312,360,313.188905471809,99954,326,170,36,6,9684,4714,0.14404626128018888,182,117,42776,46380,6678,3325,0,0,0,0,0,0,86675,0,0,559,11,0,0,0,0,0,0,12709,0,0,0,0,0,0
313,360,314.32738354765775,99954,348,185,36,6,9741,4757,0.14504672149188627,183,105,42751,46362,6680,3340,0,0,0,0,0,0,86613,0,0,560,11,0,0,0,0,0,0,12770,0,0,0,0,0,0
314,360,315.08658831901187,99953,336,185,37,6,9765,4779,0.14550838894280313,199,110,42734,46349,6692,3348,0,0,0,0,0,0,86563,0,0,568,11,0,0,0,0,0,0,12811,0,0,0,0,0,0
315,360,316.2257987858655,99953,337,187,37,6,9831,4807,0.14644883095054675,191,110,42707,46337,6726,3358,0,0,0,0,0,0,86479,0,0,575,11,0,0,0,0,0,0,12888,0,0,0,0,0,0
316,360,317.3656764831938,99953,333,196,37,6,9893,4842,0.14741928706492052,190,106,42683,46316,6755,3374,0,0,0,0,0,0,86391,0,0,579,11,0,0,0,0,0,0,12972,0,0,0,0,0,0
317,360,318.1259895151446,99953,349,190,37,6,9940,4858,0.14804958330415297,184,103,42660,46311,6768,3388,0,0,0,0,0,0,86341,0,0,582,11,0,0,0,0,0,0,13019,0,0,0,0,0,0
318,360,319.26711677900454,99952,360,182,38,6,9999,4885,0.14891147750920442,176,101,42648,46300,6776,3409,0,0,0,0,0,0,86263,0,0,586,11,0,0,0,0,0,0,13092,0,0,0,0,0,0
319,360,320.0281214601405,99952,362,189,38,6,10031,4906,0.14944173203137506,192,103,42616,46285,6789,3414,1,1,1,1,0,0,86225,0,0,588,14,0,0,0,0,0,2,13123,0,0,0,0,0,0
320,360,321.1701760199238,99952,358,194,38,6,10084,4944,0.15035216904113974,188,94,42592,46269,6820,3433,2,2,2,2,0,0,86139,0,0,594,14,0,0,0,0,0,4,13201,0,0,0,0,0,0
321,360,322.29836721418354,99952,344,187,38,6,10138,4971,0.15116255802785336,190,95,42563,46257,6860,3450,3,3,3,3,0,0,86046,0,0,604,14,0,0,0,0,0,5,13282,1,0,0,0,0,0
322,360,323.294921987306,99952,340,183,38,6,10163,4982,0.1515227309108372,194,95,42549,46254,6873,3456,4,4,4,4,0,0,86005,0,0,609,14,0,0,0,0,0,7,13316,1,0,0,0,0,0
323,360,324.0411572220569,99952,350,165,38,6,10218,5003,0.1522830958860253,184,105,42524,46238,6896,3478,6,6,6,6,0,0,85925,0,0,617,14,0,0,0,0,0,11,13384,1,0,0,0,0,0
324,360,325.12993134072707,99952,350,175,38,6,10270,5026,0.15303345605890828,177,107,42501,46223,6924,3479,8,8,8,8,0,0,85866,0,0,627,14,0,0,0,0,0,15,13429,1,0,0,0,0,0
325,360,326.0403799716946,99952,348,168,38,6,10299,5043,0.15349367696494318,182,107,42489,46212,6931,3494,10,11,11,10,0,0,85811,0,0,631,14,0,0,0,0,0,19,13475,2,0,0,0,0,0
326,360,327.0147182907287,99952,334,170,38,6,10346,5069,0.15422402753321596,186,95,42456,46210,6971,3503,13,14,14,13,0,0,85730,0,0,637,15,0,0,0,0,0,23,13543,4,0,0,0,0,0
327,360,328.00380510368643,99952,324,176,38,6,10384,5091,0.15482431567152233,187,94,42437,46197,6996,3507,16,18,18,16,0,0,85666,0,0,642,15,0,0,0,0,0,28,13595,6,0,0,0,0,0
328,360,329.0583799027467,99952,325,172,38,6,10435,5114,0.1555646710421002,163,95,42432,46180,7020,3522,20,23,23,20,0,0,85586,0,0,646,15,0,0,0,0,0,35,13662,8,0,0,0,0,0
329,360,330.0028925347199,99952,325,164,38,6,10481,5134,0.15622498799423723,145,104,42427,46163,7039,3532,24,29,29,24,0,0,85513,0,0,652,16,0,0,0,0,0,42,13718,11,0,0,0,0,0
330,360,331.1593238996069,99952,316,176,38,6,10541,5171,0.15719545381783256,152,102,42395,46140,7068,3538,29,36,36,29,0,0,85416,0,0,658,17,0,0,0,0,0,53,13796,12,0,0,0,0,0
331,360,332.3084982365261,99952,317,187,38,6,10588,5196,0.15791579958380023,163,107,42364,46120,7081,3535,35,43,44,35,0,0,85352,0,0,664,18,0,0,0,0,0,65,13839,14,0,0,0,0,0
332,360,333.07494370682804,99951,313,201,39,6,10628,5224,0.15859771287931088,147,100,42352,46101,7106,3538,41,52,53,41,0,0,85285,0,0,669,18,0,0,0,0,0,79,13885,15,0,0,0,0,0
333,360,334.2250961352814,99950,300,194,39,7,10672,5250,0.15929964982491246,146,108,42333,46069,7132,3559,48,61,63,48,0,0,85184,0,0,672,19,0,0,0,0,0,95,13964,16,0,0,0,0,0
334,360,335.37595646931186,99950,288,190,39,7,10713,5283,0.160040020010005,157,100,42308,46045,7150,3584,56,72,74,56,0,0,85084,0,0,677,21,0,0,0,0,0,114,14038,16,0,0,0,0,0
335,360,336.14363150435827,99950,294,192,39,7,10747,5303,0.16058029014507252,167,94,42275,46026,7159,3595,64,84,86,64,0,0,85026,0,0,684,21,0,0,0,0,0,133,14069,17,0,0,0,0,0
336,360,337.29592592060993,99950,287,191,39,7,10790,5326,0.16124062031015507,159,92,42257,46004,7183,3606,73,98,100,73,0,0,84940,0,0,690,21,0,0,0,0,0,151,14126,22,0,0,0,0,0
337,360,338.0645747061667,99950,295,191,39,7,10813,5350,0.16171085542771385,172,83,42239,45986,7170,3618,83,113,115,83,0,0,84883,0,0,693,21,0,0,0,0,0,172,14155,26,0,0,0,0,0
338,360,339.2180735709054,99950,293,181,39,7,10859,5376,0.1624312156078039,173,81,42206,45968,7193,3632,94,129,132,94,0,0,84788,0,0,698,23,0,0,0,0,0,191,14216,34,0,0,0,0,0
339,360,340.3723322679596,99950,291,176,39,7,10902,5405,0.16315157578789394,176,81,42188,45946,7198,3643,106,145,150,106,0,0,84689,0,0,703,23,0,0,0,0,0,216,14280,39,0,0,0,0,0
340,360,341.1421851487156,99950,297,174,39,7,10931,5419,0.16358179089544772,172,79,42176,45921,7196,3652,118,165,170,118,0,0,84627,0,0,709,23,0,0,0,0,0,245,14304,42,0,0,0,0,0
341,360,342.29733866576225,99950,290,174,39,7,10981,5450,0.16439219609804903,154,74,42169,45886,7217,3671,129,186,191,131,0,0,84518,0,0,718,24,0,0,0,0,0,276,14370,44,0,0,0,0,0
342,360,343.06771886399423,99950,296,167,39,7,11018,5469,0.16495247623811907,142,71,42158,45860,7221,3684,142,209,214,145,0,0,84432,0,0,720,24,0,0,0,0,0,307,14417,50,0,0,0,0,0
343,360,344.2239303930913,99949,295,166,40,7,11062,5494,0.1656444786841289,150,76,42116,45822,7240,3695,157,232,239,160,0,0,84335,0,0,729,24,0,0,0,0,0,342,14464,55,0,0,0,0,0
344,360,345.3810066092259,99949,296,163,40,7,11105,5519,0.16632482566108717,148,70,42089,45796,7252,3704,173,258,266,176,0,0,84235,0,0,738,24,0,0,0,0,0,381,14512,59,0,0,0,0,0
345,360,346.1528744283895,99949,293,160,40,7,11134,5531,0.16673503486778257,143,70,42068,45765,7264,3710,190,286,295,193,0,0,84152,0,0,742,24,0,0,0,0,0,421,14545,65,0,0,0,0,0
346,360,347.31146741916297,99949,282,155,40,7,11179,5558,0.16745540225515013,145,69,42039,45732,7286,3718,206,317,326,211,0,0,84034,0,0,751,24,0,0,0,0,0,460,14605,75,0,0,0,0,0
347,360,348.0844182261455,99949,290,148,40,7,11211,5570,0.16789562676965253,152,69,42002,45698,7290,3727,224,349,359,230,0,0,83948,0,0,757,24,0,0,0,0,0,509,14633,78,0,0,0,0,0
348,360,349.2448487165537,99949,289,148,40,7,11263,5589,0.16860598905441776,148,68,41968,45673,7310,3720,243,382,394,250,0,0,83836,0,0,765,24,0,0,0,0,0,557,14682,85,0,0,0,0,0
349,360,350.0190298163669,99949,282,147,40,7,11291,5604,0.1690362084663178,159,66,41923,45636,7331,3724,263,418,431,271,0,0,83741,0,0,770,25,0,0,0,0,0,607,14714,92,0,0,0,0,0
350,360,351.1816315561568,99948,295,147,40,8,11346,5625,0.169798295113459,151,69,41889,45592,7339,3729,284,453,470,293,0,0,83627,0,0,772,26,0,0,0,0,0,662,14763,98,0,0,0,0,0
351,360,352.34518293414226,99948,283,143,40,8,11378,5646,0.17032857085684555,159,79,41859,45545,7352,3734,305,489,511,316,0,0,83513,0,0,780,26,0,0,0,0,0,715,14805,109,0,0,0,0,0
352,360,353.1213024540084,99948,289,150,40,8,11420,5667,0.1709588986272862,151,72,41824,45499,7366,3737,328,532,554,340,0,0,83415,0,0,790,26,0,0,0,0,0,773,14826,118,0,0,0,0,0
353,360,354.28672066752,99947,280,154,41,8,11471,5697,0.17177103865048476,140,73,41790,45442,7397,3747,350,574,599,365,0,0,83273,0,0,795,26,0,0,0,0,0,834,14892,127,0,0,0,0,0
354,360,355.0642558742815,99947,269,159,41,8,11494,5714,0.17217125076290435,152,64,41759,45401,7402,3744,375,622,647,391,0,0,83171,0,0,798,29,0,0,0,0,0,896,14917,136,0,0,0,0,0
355,360,356.23163306006165,99947,258,152,41,8,11536,5727,0.17272154241748128,162,73,41719,45348,7417,3749,401,668,697,418,0,0,83045,0,0,807,30,0,0,0,0,0,959,14957,149,0,0,0,0,0
356,360,357.0105401756185,99947,264,157,41,8,11563,5744,0.1731617757411428,167,70,41693,45300,7406,3745,427,718,750,446,0,0,82949,0,0,811,31,0,0,0,0,0,1027,14968,161,0,0,0,0,0
357,360,358.1796889688651,99946,276,148,41,9,11621,5761,0.17391391351329719,162,70,41651,45254,7415,3747,453,770,805,475,0,0,82812,0,0,817,31,0,0,0,0,0,1098,15014,174,0,0,0,0,0
358,360,359.34979888532166,99946,292,135,41,9,11680,5775,0.1746443079262802,150,78,41613,45201,7420,3749,482,826,863,505,0,0,82682,0,0,826,31,0,0,0,0,0,1167,15047,193,0,0,0,0,0
359,360,360.1305572774781,99946,292,135,41,9,11712,5790,0.17511456186340624,147,81,41586,45138,7421,3752,511,883,923,536,0,0,82559,0,0,830,31,0,0,0,0,0,1247,15075,204,0,0,0,0,0
360,360,361.3026731657228,99946,281,147,41,9,11754,5823,0.1758649670822244,155,76,41540,45070,7438,3756,543,940,986,568,0,0,82416,0,0,836,35,0,0,0,0,0,1327,15116,216,0,0,0,0,0
361,360,362.0847546448469,99945,269,139,41,10,11782,5838,0.1762969633298314,155,83,41516,45000,7441,3764,576,1002,1051,602,0,0,82280,0,0,841,36,0,0,0,0,0,1407,15146,235,0,0,0,0,0
362,360,363.25889825968517,99945,271,145,41,10,11834,5868,0.1771174145780179,143,71,41483,44932,7452,3773,608,1067,1119,637,0,0,82121,0,0,845,37,0,0,0,0,0,1498,15197,247,0,0,0,0,0
363,360,364.04220562696065,99944,262,144,42,10,11862,5887,0.17758945009205154,142,74,41450,44865,7461,3771,641,1134,1189,673,0,0,81986,0,0,851,38,0,0,0,0,0,1584,15218,267,0,0,0,0,0
364,360,365.21853867167965,99944,253,143,42,10,11903,5911,0.17823981429600577,136,73,41401,44803,7489,3766,677,1203,1262,710,0,0,81831,0,0,859,39,0,0,0,0,0,1673,15255,287,0,0,0,0,0
365,360,366.0035773672183,99944,247,135,42,10,11926,5921,0.17856999919955174,136,82,41368,44719,7493,3775,712,1277,1338,748,0,0,81689,0,0,862,41,0,0,0,0,0,1773,15280,299,0,0,0,0,0
366,360,367.1824617374091,99943,244,134,43,10,11967,5944,0.17921215092602782,134,79,41336,44642,7494,3783,747,1350,1417,787,0,0,81531,0,0,871,41,0,0,0,0,0,1872,15310,318,0,0,0,0,0
367,360,368.3623665071605,99942,252,127,44,10,12014,5963,0.17987432710972365,127,86,41302,44556,7488,3791,785,1428,1498,828,0,0,81365,0,0,877,41,0,0,0,0,0,1979,15347,333,0,0,0,0,0
368,360,369.1494934429193,99942,242,123,44,10,12037,5973,0.18020451862080006,131,94,41262,44491,7495,3775,824,1505,1582,870,0,0,81215,0,0,876,44,0,0,0,0,0,2084,15372,351,0,0,0,0,0
369,360,370.33143799240884,99942,242,135,44,10,12076,5999,0.18085489583958697,127,80,41239,44421,7484,3764,862,1588,1669,913,0,0,81058,0,0,876,46,0,0,0,0,0,2191,15398,373,0,0,0,0,0
370,360,371.1198629419715,99942,227,132,44,10,12100,6018,0.18128514538432292,124,76,41209,44338,7493,3771,901,1671,1759,957,0,0,80885,0,0,882,46,0,0,0,0,0,2309,15431,389,0,0,0,0,0
371,360,372.3036176358983,99941,233,137,44,11,12137,6045,0.18192733712890605,133,64,41169,44257,7477,3770,942,1759,1852,1002,0,0,80717,0,0,887,47,0,0,0,0,0,2430,15455,405,0,0,0,0,0
372,360,373.09334460870394,99941,230,136,44,11,12169,6063,0.1824276323030588,129,58,41121,44182,7485,3761,989,1850,1947,1049,0,0,80547,0,0,889,49,0,0,0,0,0,2550,15481,425,0,0,0,0,0
373,360,374.27955475183904,99940,219,130,45,11,12197,6077,0.18284970982589555,136,65,41084,44099,7481,3752,1033,1941,2045,1097,0,0,80371,0,0,893,50,0,0,0,0,0,2673,15506,447,0,0,0,0,0
374,360,375.0710594337806,99940,226,127,45,11,12224,6089,0.18323994396637983,130,69,41054,44008,7466,3749,1077,2034,2146,1146,0,0,80210,0,0,898,50,0,0,0,0,0,2804,15512,466,0,0,0,0,0
375,360,376.25939387185747,99940,232,132,45,11,12265,6112,0.18388032819691816,132,65,41000,43917,7468,3742,1121,2131,2250,1196,0,0,80038,0,0,904,50,0,0,0,0,0,2929,15524,495,0,0,0,0,0
376,360,377.05234939320184,99940,235,140,45,11,12292,6131,0.18434060436261757,135,64,40945,43820,7466,3734,1172,2229,2357,1248,0,0,79874,0,0,907,52,0,0,0,0,0,3063,15526,518,0,0,0,0,0
377,360,378.24350773155487,99940,229,137,45,11,12329,6157,0.18497098258955375,130,62,40912,43723,7464,3733,1218,2332,2467,1301,0,0,79683,0,0,914,55,0,0,0,0,0,3193,15546,549,0,0,0,0,0
378,360,379.0382925700026,99939,223,134,45,12,12348,6171,0.18530303485125926,125,64,40873,43622,7461,3727,1271,2439,2580,1355,0,0,79504,0,0,915,56,1,0,0,0,0,3333,15557,573,0,0,0,0,0
379,360,380.2319209723345,99939,215,138,45,12,12387,6199,0.18597344380071845,128,68,40815,43514,7474,3723,1321,2543,2695,1410,0,0,79305,0,0,925,56,1,0,0,0,0,3471,15576,605,0,0,0,0,0
380,360,381.0285428340501,99939,208,129,45,12,12406,6208,0.18625361470497004,130,71,40761,43415,7479,3712,1375,2659,2813,1467,0,0,79123,0,0,930,58,1,0,0,0,0,3616,15578,633,0,0,0,0,0
381,360,382.22540313449446,99939,219,125,45,12,12451,6227,0.1868940053432594,124,80,40720,43312,7470,3708,1420,2761,2934,1525,0,0,78922,0,0,930,62,1,0,0,0,0,3765,15599,660,0,0,0,0,0
382,360,383.02397112792755,99939,210,129,45,12,12474,6238,0.18723421286985062,121,82,40685,43192,7464,3701,1473,2882,3058,1584,0,0,78728,0,0,930,66,1,0,0,0,0,3924,15610,680,0,0,0,0,0
383,360,384.22322725234784,99939,209,133,45,12,12508,6267,0.1878645974044167,111,77,40654,43082,7452,3697,1527,2997,3185,1644,0,0,78529,0,0,936,69,1,0,0,0,0,4072,15616,716,0,0,0,0,0
384,360,385.0233438047406,99939,211,137,45,12,12536,6287,0.1883448903831337,105,71,40614,42962,7442,3692,1581,3124,3315,1705,0,0,78330,0,0,940,71,1,0,0,0,0,4236,15619,742,0,0,0,0,0
385,360,386.22488967231993,99939,196,135,45,12,12560,6307,0.18878515894695763,114,74,40568,42844,7435,3690,1640,3243,3448,1768,0,0,78110,0,0,947,73,1,0,0,0,0,4404,15636,768,0,0,0,0,0
386,360,387.0267051670291,99939,181,132,45,12,12570,6323,0.1890453176437627,128,71,40520,42727,7423,3687,1701,3369,3583,1832,0,0,77904,0,0,954,73,1,0,0,0,0,4573,15636,798,0,0,0,0,0
387,360,388.2310924865316,99939,190,138,45,12,12604,6345,0.18960565945226587,132,63,40472,42619,7402,3678,1757,3488,3721,1897,0,0,77699,0,0,959,75,1,0,0,0,0,4744,15633,828,0,0,0,0,0
388,360,389.0347250414324,99939,197,136,45,12,12629,6356,0.18996587918630364,125,59,40433,42505,7379,3669,1819,3617,3862,1963,0,0,77493,0,0,961,77,1,0,0,0,0,4923,15630,854,0,0,0,0,0
389,360,390.24174495024675,99939,201,127,45,12,12668,6376,0.19055623930597665,115,53,40389,42386,7372,3673,1876,3747,4006,2031,0,0,77252,0,0,965,78,1,0,0,0,0,5105,15655,883,0,0,0,0,0
390,360,391.04714393256864,99939,200,118,45,12,12693,6387,0.19091645904001442,117,58,40329,42255,7368,3671,1939,3884,4153,2100,0,0,77035,0,0,968,84,1,0,0,0,0,5286,15652,913,0,0,0,0,0
391,360,392.2573482110275,99939,185,108,45,12,12723,6400,0.19134672150011506,118,58,40273,42139,7375,3664,2002,4017,4302,2170,0,0,76800,0,0,975,87,1,0,0,0,0,5465,15659,952,0,0,0,0,0
392,360,393.06518743151094,99938,192,104,46,12,12748,6416,0.1917588905121175,116,50,40223,42014,7351,3662,2070,4156,4454,2241,0,0,76580,0,0,975,90,1,0,0,0,0,5651,15655,986,0,0,0,0,0
393,360,394.2789162762708,99938,192,100,46,12,12787,6428,0.19226920690828314,102,56,40175,41889,7348,3647,2135,4294,4609,2313,0,0,76334,0,0,979,95,1,0,0,0,0,5852,15669,1008,0,0,0,0,0
394,360,395.08882526570727,99938,191,105,46,12,12806,6444,0.1926194240429066,101,57,40122,41754,7335,3630,2203,4440,4766,2387,0,0,76126,0,0,986,95,1,0,0,0,0,6036,15639,1055,0,0,0,0,0
395,360,396.3056433134852,99938,191,99,46,12,12844,6458,0.1931397466429186,86,59,40075,41628,7334,3622,2266,4578,4926,2462,0,0,75876,0,0,993,96,1,0,0,0,0,6236,15647,1089,0,0,0,0,0
396,360,397.11777324230513,99938,189,100,46,12,12864,6471,0.19346995136984932,92,51,40019,41496,7316,3616,2336,4723,5088,2538,0,0,75648,0,0,990,99,1,0,0,0,0,6430,15640,1130,0,0,0,0,0
397,360,398.337928243219,99938,176,97,46,12,12888,6487,0.19387019952370468,96,52,39962,41359,7315,3610,2403,4868,5253,2615,0,0,75402,0,0,998,100,1,0,0,0,0,6629,15636,1172,0,0,0,0,0
398,360,399.1523957409542,99938,178,96,46,12,12912,6494,0.1941803918429426,96,57,39907,41212,7298,3595,2473,5026,5421,2693,0,0,75174,0,0,1003,101,2,0,0,0,0,6834,15614,1210,0,0,0,0,0
399,360,400.3760865370804,99938,179,95,46,12,12947,6511,0.19470071444295464,90,54,39841,41083,7301,3588,2541,5166,5591,2773,0,0,74913,0,0,1010,101,2,0,0,0,0,7050,15618,1244,0,0,0,0,0
400,360,401.19300097765466,99937,182,100,46,13,12961,6524,0.19497283288471737,103,56,39765,40934,7286,3574,2616,5321,5763,2854,0,0,74679,0,0,1009,105,2,0,0,0,0,7268,15599,1275,0,0,0,0,0
401,360,402.0113246135403,99937,176,89,46,13,12977,6530,0.19519297157209042,105,62,39718,40782,7266,3566,2687,5486,5938,2936,0,0,74434,0,0,1009,108,2,0,0,0,0,7478,15586,1320,0,0,0,0,0
402,360,403.24090100642786,99937,186,86,46,13,13016,6546,0.19574331829052302,101,54,39646,40658,7254,3552,2765,5635,6115,3019,0,0,74178,0,0,1016,111,2,0,0,0,0,7696,15575,1359,0,0,0,0,0
403,360,404.06172296242755,99937,183,91,46,13,13034,6559,0.1960535137136396,102,49,39589,40502,7239,3541,2839,5802,6294,3103,0,0,73920,0,0,1017,114,2,0,0,0,0,7929,15569,1386,0,0,0,0,0
404,360,405.29507931408557,99937,192,90,46,13,13072,6576,0.1966038604320722,92,46,39550,40351,7209,3533,2909,5965,6476,3188,0,0,73656,0,0,1024,115,2,0,0,0,0,8154,15559,1427,0,0,0,0,0
405,360,406.11803093959116,99937,189,96,46,13,13093,6587,0.19692406215916028,90,44,39484,40201,7202,3515,2987,6129,6660,3275,0,0,73398,0,0,1025,119,2,0,0,0,0,8388,15545,1460,0,0,0,0,0
406,360,407.35469907270925,99937,190,90,46,13,13126,6603,0.19741437105376386,92,46,39428,40061,7185,3502,3057,6286,6846,3363,0,0,73133,0,0,1029,124,2,0,0,0,0,8608,15532,1509,0,0,0,0,0
407,360,408.18018290510173,99937,191,90,46,13,13146,6615,0.19773457278085194,84,43,39370,39910,7173,3489,3134,6453,7034,3452,0,0,72873,0,0,1026,129,2,0,0,0,0,8839,15518,1550,0,0,0,0,0
408,360,409.00689562639576,99937,180,88,46,13,13163,6627,0.1980247555960255,92,41,39286,39760,7177,3478,3217,6618,7224,3542,0,0,72596,0,0,1027,133,2,0,0,0,0,9079,15514,1586,0,0,0,0,0
409,360,410.2498028364325,99936,193,87,47,13,13196,6643,0.19851705091258406,78,43,39231,39611,7155,3467,3294,6777,7416,3633,0,0,72322,0,0,1027,135,2,0,0,0,0,9318,15504,1628,0,0,0,0,0
410,360,411.07949663985994,99936,172,88,47,13,13204,6651,0.19867715337816202,82,47,39159,39459,7160,3444,3378,6947,7610,3725,0,0,72049,0,0,1026,140,2,0,0,0,0,9559,15492,1668,0,0,0,0,0
411,360,412.32671423802617,99936,168,85,47,13,13230,6664,0.19906740313800833,76,40,39116,39313,7140,3435,3451,7112,7806,3818,0,0,71755,0,0,1029,144,2,0,0,0,0,9814,15494,1698,0,0,0,0,0
412,360,413.1590893175109,99936,168,83,47,13,13248,6674,0.19934758245276976,70,36,39052,39146,7125,3427,3536,7293,8004,3912,0,0,71474,0,0,1030,146,2,0,0,0,0,10068,15482,1734,0,0,0,0,0
413,360,414.4101268728655,99936,165,81,47,13,13273,6694,0.1997978706372078,63,35,39005,38992,7100,3417,3618,7460,8204,4007,0,0,71186,0,0,1029,150,3,0,0,0,0,10311,15476,1781,0,0,0,0,0
414,360,415.2451015857495,99935,159,78,48,13,13288,6704,0.20005003252113873,67,33,38948,38826,7076,3401,3700,7647,8406,4103,0,0,70924,0,0,1032,154,3,0,0,0,0,10547,15435,1840,0,0,0,0,0
415,360,416.0813655374173,99935,156,75,48,13,13300,6709,0.20022014309301045,73,41,38892,38661,7044,3385,3785,7823,8609,4200,0,0,70656,0,0,1032,157,3,0,0,0,0,10795,15403,1889,0,0,0,0,0
416,360,417.3378375635566,99935,151,77,48,13,13320,6721,0.20054035122829839,73,37,38842,38508,7017,3357,3867,8006,8814,4298,0,0,70388,0,0,1033,162,4,0,0,0,0,11035,15368,1945,0,0,0,0,0
417,360,418.1763649051409,99935,148,77,48,13,13333,6731,0.2007705008255366,82,29,38771,38358,6995,3335,3954,8186,9021,4397,0,0,70119,0,0,1034,165,4,0,0,0,0,11282,15330,2001,0,0,0,0,0
418,360,419.0163824645613,99935,154,76,48,13,13351,6738,0.2010206634312303,79,26,38701,38191,6969,3319,4047,8373,9229,4497,0,0,69844,0,0,1033,167,4,0,0,0,0,11538,15298,2051,0,0,0,0,0
419,360,420.2789676886119,99934,161,78,49,13,13379,6751,0.20143294574419116,100,56,38623,38013,6937,3298,4128,8540,9439,4598,0,0,69561,6,1,1031,171,4,0,0,0,0,11792,15264,2104,0,0,0,0,0
420,360,421.0450680781461,99934,163,78,49,13,13391,6761,0.20165309104008647,112,63,38542,37836,6913,3285,4219,8723,9650,4700,0,0,69276,23,2,1025,177,5,0,0,0,0,12059,15225,2142,0,0,0,0,0
421,360,422.1967549698191,99934,180,88,49,13,13429,6780,0.20222346748854245,119,62,38482,37658,6869,3268,4299,8909,9863,4803,0,0,68991,43,7,1027,180,5,0,0,0,0,12319,15172,2190,0,0,0,0,0
422,360,423.3499406806246,99934,191,87,49,13,13467,6795,0.20275381751956292,118,80,38400,37485,6856,3255,4384,9078,10077,4907,0,0,68688,81,7,1027,184,5,0,0,0,0,12584,15118,2240,0,0,0,0,0
423,360,424.1198324457413,99934,192,94,49,13,13491,6814,0.20318410150699462,127,79,38304,37290,6858,3252,4468,9270,10292,5012,0,0,68383,111,9,1029,185,5,0,0,0,0,12857,15071,2284,0,0,0,0,0
424,360,425.2777909791652,99934,198,111,49,13,13534,6841,0.203884563812116,134,76,38223,37122,6842,3232,4552,9444,10508,5118,0,0,68085,146,13,1033,189,5,0,0,0,0,13116,15008,2339,0,0,0,0,0
425,360,426.0511068560376,99934,215,122,49,13,13570,6860,0.20443492705185423,128,70,38129,36947,6830,3207,4647,9639,10725,5225,0,0,67804,166,18,1029,195,5,0,0,0,0,13372,14949,2396,0,0,0,0,0
426,360,427.21401271667537,99934,219,124,49,13,13612,6886,0.20511537614825784,137,70,38036,36785,6823,3196,4734,9810,10943,5332,0,0,67484,212,21,1033,203,5,0,0,0,0,13643,14893,2440,0,0,0,0,0
427,360,428.3796076751231,99933,222,128,50,13,13662,6910,0.20585792480962245,137,84,37954,36598,6818,3186,4817,9989,11163,5440,0,0,67164,253,33,1042,207,5,0,0,0,0,13909,14834,2486,0,0,0,0,0
428,360,429.1580063204325,99933,212,136,50,13,13686,6932,0.2063182332162549,152,87,37860,36405,6810,3174,4914,10183,11383,5549,0,0,66857,294,36,1041,210,5,0,0,0,0,14172,14770,2548,0,0,0,0,0
429,360,430.32868694311657,99933,230,144,50,13,13733,6961,0.20707874275764762,166,91,37764,36232,6785,3161,5003,10357,11604,5659,0,0,66548,333,41,1044,213,5,0,0,0,0,14437,14706,2606,0,0,0,0,0
430,360,431.1105084053946,99932,235,145,51,13,13760,6975,0.20749109394388185,163,102,37671,36036,6772,3154,5106,10548,11826,5770,0,0,66232,361,45,1044,215,5,0,0,0,0,14720,14660,2650,0,0,0,0,0
431,360,432.28659250371845,99932,249,154,51,13,13808,7004,0.2082616179001721,189,105,37551,35853,6756,3146,5202,10727,12049,5882,0,0,65910,396,51,1049,222,5,0,0,0,0,15001,14606,2692,0,0,0,0,0
432,360,433.0723130410817,99932,256,158,51,13,13848,7022,0.20884201256854662,196,110,37448,35663,6755,3139,5292,10915,12273,5994,0,0,65585,432,56,1051,226,5,0,0,0,0,15285,14557,2735,0,0,0,0,0
433,360,434.25458042394365,99932,269,163,51,13,13906,7053,0.20973261818036265,210,113,37347,35481,6744,3139,5377,11089,12497,6107,0,0,65260,487,60,1060,227,6,0,0,0,0,15550,14482,2800,0,0,0,0,0
434,360,435.0443957565481,99932,277,163,51,13,13946,7074,0.21034303326261858,206,110,37268,35304,6727,3127,5469,11281,12722,6221,0,0,64945,520,73,1059,234,6,0,0,0,0,15819,14425,2851,0,0,0,0,0
435,360,436.23210673973114,99932,280,176,51,13,14001,7107,0.21122363206980746,239,108,37146,35136,6730,3111,5552,11454,12948,6336,0,0,64619,573,83,1064,238,6,0,0,0,0,16082,14352,2915,0,0,0,0,0
436,360,437.02567060730865,99932,300,178,51,13,14052,7136,0.21202417643997917,236,100,37043,34955,6713,3106,5655,11646,13174,6451,0,0,64297,616,91,1066,241,7,0,0,0,0,16353,14288,2973,0,0,0,0,0
437,360,438.21975427373917,99932,314,190,51,13,14124,7168,0.21306488412120242,238,105,36935,34765,6722,3103,5738,11822,13401,6567,0,0,63960,668,101,1075,246,7,0,0,0,0,16627,14220,3028,0,0,0,0,0
438,360,439.0176275007439,99932,348,194,51,13,14190,7190,0.2139454829283913,229,108,36833,34590,6709,3090,5828,12003,13628,6684,0,0,63642,706,107,1077,250,7,0,0,0,0,16901,14154,3088,0,0,0,0,0
439,360,440.2178113782887,99932,356,210,51,13,14257,7232,0.21503622463275027,241,111,36723,34415,6715,3083,5912,12166,13855,6801,0,0,63309,760,125,1084,256,7,0,0,0,0,17162,14082,3147,0,0,0,0,0
440,360,441.01977498820855,99932,371,216,51,13,14317,7256,0.21587679622143058,251,115,36594,34223,6716,3077,6015,12354,14083,6919,0,0,62975,801,135,1087,262,7,0,0,0,0,17445,14023,3197,0,0,0,0,0
441,360,442.2269918631647,99931,399,205,52,13,14409,7290,0.2171398264802714,256,138,36463,34027,6721,3088,6107,12527,14311,7038,0,0,62600,881,147,1098,267,7,0,0,0,0,17727,13959,3245,0,0,0,0,0
442,360,443.03395151862435,99931,421,216,52,13,14472,7325,0.21812050314717155,265,132,36336,33843,6712,3087,6212,12707,14539,7157,0,0,62268,914,164,1106,273,7,0,0,0,0,18009,13902,3288,0,0,0,0,0
443,360,444.2487774611594,99929,429,212,54,13,14546,7372,0.21933572836714066,287,138,36214,33655,6717,3109,6297,12871,14767,7277,0,0,61889,993,183,1117,278,7,0,0,0,0,18288,13840,3334,0,0,0,0,0
444,360,445.0607257165951,99929,433,209,54,13,14607,7396,0.2201863322959301,291,141,36104,33454,6723,3118,6393,13063,14995,7397,0,0,61544,1045,198,1127,285,7,0,0,0,0,18566,13775,3382,0,0,0,0,0
445,360,446.2827092369025,99929,466,224,54,13,14711,7447,0.22173743357784026,289,145,35973,33260,6742,3123,6474,13233,15223,7518,0,0,61177,1114,215,1137,293,7,0,0,0,0,18845,13713,3428,0,0,0,0,0
446,360,447.09953084990644,99929,461,232,54,13,14765,7478,0.2225880375066297,303,152,35856,33073,6760,3118,6564,13410,15451,7639,0,0,60819,1169,227,1143,302,7,0,0,0,0,19136,13661,3465,0,0,0,0,0
447,360,448.3293794024273,99929,474,243,54,13,14861,7529,0.22405908194818322,326,145,35708,32907,6784,3110,6652,13580,15679,7761,0,0,60452,1250,249,1160,305,7,0,0,0,0,19400,13580,3526,0,0,0,0,0
448,360,449.15179947208117,99927,480,252,56,13,14919,7571,0.22506429693676383,327,151,35608,32707,6785,3113,6742,13762,15907,7884,0,0,60106,1299,266,1169,312,7,0,0,0,0,19679,13514,3575,0,0,0,0,0
449,360,450.3896200245258,99927,494,247,56,13,15024,7616,0.2265653927366978,367,157,35455,32543,6804,3123,6822,13915,16135,8007,0,0,59719,1391,289,1185,321,7,0,0,0,0,19951,13441,3623,0,0,0,0,0
450,360,451.21725625195,99927,505,246,56,13,15105,7646,0.2276762036286489,366,157,35316,32362,6832,3132,6923,14088,16362,8130,0,0,59336,1461,301,1196,327,7,0,0,0,0,20250,13393,3656,0,0,0,0,0
451,360,452.0480020996986,99926,531,252,57,13,15188,7680,0.22884934851790326,357,167,35183,32160,6842,3134,7028,14272,16589,8254,0,0,58990,1506,322,1209,331,7,0,0,0,0,20528,13329,3704,0,0,0,0,0
452,360,453.299284493282,99924,552,240,59,13,15314,7727,0.2305852447860374,342,170,35050,31974,6888,3161,7107,14440,16816,8378,0,0,58594,1599,358,1227,339,7,0,0,0,0,20790,13257,3753,0,0,0,0,0
453,360,454.1360345087443,99924,547,229,59,13,15373,7748,0.23138585324846883,372,182,34918,31782,6903,3164,7199,14628,17043,8503,0,0,58234,1662,374,1237,344,7,0,0,0,0,21069,13192,3805,0,0,0,0,0
454,360,455.396458791573,99924,558,247,59,13,15487,7810,0.23314719186581803,378,188,34798,31604,6932,3162,7273,14784,17269,8628,0,0,57863,1750,405,1248,357,7,0,0,0,0,21321,13109,3864,0,0,0,0,0
455,360,456.2391010776005,99924,581,260,59,13,15577,7852,0.2344681958288299,373,195,34676,31419,6944,3157,7365,14954,17495,8754,0,0,57517,1809,426,1252,366,8,0,0,0,0,21586,13040,3920,0,0,0,0,0
456,360,457.0843452944488,99924,610,266,59,13,15667,7890,0.23574916936872023,358,194,34555,31229,6952,3158,7464,15138,17720,8880,0,0,57158,1871,444,1257,374,8,0,0,0,0,21865,12981,3966,0,0,0,0,0
457,360,458.35714712821317,99924,614,283,59,13,15796,7952,0.2376606220727753,391,198,34374,31050,7015,3170,7545,15284,17945,9006,0,0,56759,1979,469,1280,386,8,0,0,0,0,22130,12897,4016,0,0,0,0,0
458,360,459.2089804110267,99924,615,275,59,13,15872,7990,0.23880148913174012,403,210,34249,30864,7039,3182,7633,15454,18169,9133,0,0,56385,2056,497,1287,394,8,0,0,0,0,22399,12835,4063,0,0,0,0,0
459,360,460.06383418573785,99924,622,290,59,13,15954,8037,0.24009247027741082,408,213,34127,30679,7055,3182,7727,15621,18392,9260,0,0,56031,2117,519,1292,407,8,0,0,0,0,22667,12770,4113,0,0,0,0,0
460,360,461.3516279801698,99923,636,317,60,13,16084,8112,0.24214645276863184,430,221,33963,30497,7105,3192,7804,15758,18615,9387,0,0,55627,2225,552,1306,412,9,0,0,0,0,22927,12702,4163,0,0,0,0,0
461,360,462.21307118912887,99922,654,323,61,13,16161,8154,0.2433398050479374,464,232,33828,30307,7101,3194,7890,15929,18837,9515,0,0,55292,2269,584,1312,421,9,0,0,0,0,23182,12636,4217,0,0,0,0,0
462,360,463.07748840497345,99922,679,327,61,13,16265,8200,0.24484097596124976,457,233,33688,30136,7131,3204,7982,16085,19058,9643,0,0,54931,2338,615,1330,422,9,0,0,0,0,23441,12561,4275,0,0,0,0,0
463,360,464.37987662133145,99919,698,343,64,13,16412,8275,0.2470701268027102,470,246,33531,29970,7180,3223,8055,16203,19279,9771,0,0,54543,2454,655,1343,435,10,0,0,0,0,23671,12469,4339,0,0,0,0,0
464,360,465.25120587279065,99918,710,342,64,14,16520,8326,0.24866390440160932,470,230,33367,29811,7235,3237,8152,16364,19499,9899,0,0,54169,2536,692,1354,446,10,0,0,0,0,23921,12400,4390,0,0,0,0,0
465,360,466.1265039560732,99918,728,360,64,14,16620,8375,0.25015512720430755,476,227,33240,29641,7250,3241,8240,16515,19718,10028,0,0,53830,2596,721,1369,453,10,0,0,0,0,24169,12316,4454,0,0,0,0,0
466,360,467.0051170615125,99918,758,359,64,14,16735,8426,0.25181648952140756,475,230,33096,29467,7277,3251,8328,16677,19936,10157,0,0,53492,2661,767,1380,465,10,0,0,0,0,24394,12230,4519,0,0,0,0,0
467,360,468.32921141703065,99917,788,356,65,14,16884,8485,0.25390073761221815,522,245,32918,29329,7315,3278,8390,16776,20153,10286,0,0,53105,2755,811,1399,478,11,0,0,0,0,24638,12154,4566,0,0,0,0,0
468,360,469.21520859161444,99917,800,368,65,14,17001,8542,0.2556421830118999,515,268,32780,29137,7367,3289,8471,16922,20370,10415,0,0,52711,2850,842,1412,487,11,0,0,0,0,24905,12093,4606,0,0,0,0,0
469,360,470.104716609084,99916,801,364,66,14,17123,8598,0.25742623803995357,505,285,32640,28948,7427,3324,8559,17063,20586,10544,0,0,52327,2938,890,1435,502,11,0,0,0,0,25148,12019,4646,0,0,0,0,0
470,360,471.4458577581568,99915,847,381,66,15,17319,8691,0.2603212730821198,485,271,32456,28814,7510,3353,8634,17164,20801,10674,0,0,51909,3068,950,1453,515,12,0,0,0,0,25374,11942,4692,0,0,0,0,0
471,360,472.34377763036093,99915,840,393,66,15,17422,8745,0.2618926087174098,511,275,32300,28656,7558,3353,8723,17306,21015,10804,0,0,51556,3152,992,1464,528,12,0,0,0,0,25600,11855,4756,0,0,0,0,0
472,360,473.24593655569146,99915,857,405,66,15,17539,8808,0.26369414001901614,520,275,32146,28496,7592,3366,8817,17441,21228,10934,0,0,51192,3219,1039,1479,544,12,0,0,0,0,25845,11793,4792,0,0,0,0,0
473,360,474.15210117683387,99915,845,413,66,15,17641,8877,0.2654055947555422,544,256,32009,28326,7641,3394,8893,17594,21440,11064,0,0,50814,3319,1074,1498,558,13,0,0,0,0,26083,11710,4846,0,0,0,0,0
474,360,475.0622668733194,99914,855,420,66,16,17752,8931,0.2670596713173329,553,258,31863,28158,7685,3403,8976,17743,21651,11194,0,0,50442,3393,1118,1502,574,14,0,0,0,0,26331,11660,4880,0,0,0,0,0
475,360,476.43459456729425,99913,849,421,67,16,17916,9016,0.26955451242581047,600,278,31667,28032,7780,3439,9035,17812,21860,11324,0,0,50050,3513,1194,1528,596,14,0,0,0,0,26522,11562,4934,0,0,0,0,0
476,360,477.35387675410203,99913,882,449,67,16,18060,9094,0.2717764455075916,574,261,31534,27873,7821,3452,9120,17947,22068,11454,0,0,49676,3595,1246,1540,607,14,0,0,0,0,26760,11502,4973,0,0,0,0,0
477,360,478.27667349972035,99913,891,445,67,16,18193,9147,0.2736380651166515,577,265,31374,27727,7882,3466,9207,18079,22275,11584,0,0,49323,3673,1311,1551,626,15,0,0,0,0,26967,11426,5021,0,0,0,0,0
478,360,479.2039381708463,99913,908,441,67,16,18322,9212,0.2755797543863161,577,254,31228,27580,7928,3498,9290,18209,22481,11714,0,0,48961,3754,1373,1569,640,16,0,0,0,0,27183,11352,5065,0,0,0,0,0
479,360,480.13565207239276,99912,904,438,68,16,18449,9274,0.2774741772760029,596,262,31057,27417,8005,3526,9368,18339,22686,11844,0,0,48585,3853,1432,1579,659,16,0,0,0,0,27395,11280,5113,0,0,0,0,0
480,360,481.07193524442465,99912,901,444,68,16,18572,9344,0.2794058771719113,609,255,30917,27266,8055,3545,9448,18472,22890,11974,0,0,48227,3934,1498,1598,676,17,0,0,0,0,27602,11203,5157,0,0,0,0,0
481,360,482.0127195930931,99911,917,446,69,16,18712,9402,0.28139043748936554,611,273,30765,27105,8114,3565,9522,18593,23093,12104,0,0,47864,4019,1552,1622,685,18,0,0,0,0,27819,11124,5208,0,0,0,0,0
482,360,483.43167025444455,99911,943,454,69,16,18934,9484,0.28443314549949456,583,296,30597,26956,8220,3610,9586,18666,23294,12234,0,0,47430,4172,1619,1650,700,18,0,0,0,0,28030,11042,5250,0,0,0,0,0
483,360,484.38177604435845,99910,955,471,69,17,19075,9555,0.2865579021119007,591,305,30422,26809,8292,3619,9669,18777,23494,12364,0,0,47059,4265,1669,1671,711,20,0,0,0,0,28255,10967,5293,0,0,0,0,0
484,360,485.3367874468506,99910,975,484,69,17,19207,9637,0.28869982984686215,608,304,30260,26646,8336,3658,9750,18889,23693,12494,0,0,46691,4360,1721,1687,723,20,0,0,0,0,28473,10892,5343,0,0,0,0,0
485,360,486.2969105356911,99910,991,505,69,17,19355,9709,0.2909018116304674,600,314,30103,26487,8412,3669,9823,19006,23891,12624,0,0,46315,4449,1775,1696,741,22,0,0,0,0,28699,10840,5373,0,0,0,0,0
486,360,487.261324613795,99908,1004,522,70,18,19507,9796,0.29329983584898106,604,298,29935,26341,8489,3703,9896,19116,24087,12754,0,0,45945,4548,1845,1705,761,23,0,0,0,0,28895,10771,5415,0,0,0,0,0
487,360,488.2309836542531,99908,1022,512,70,18,19665,9871,0.2956319814229091,595,296,29788,26183,8549,3757,9974,19232,24282,12884,0,0,45581,4639,1920,1732,777,24,0,0,0,0,29080,10691,5464,0,0,0,0,0
488,360,489.20547825154824,99905,1051,490,73,18,19819,9933,0.2978029127671288,625,303,29639,26050,8589,3807,10021,19330,24476,13014,0,0,45228,4718,2006,1749,792,25,0,0,0,0,29260,10620,5507,0,0,0,0,0
489,360,490.1846376472911,99905,1049,490,73,18,19975,9994,0.29997497622741603,652,319,29474,25903,8673,3839,10077,19429,24669,13144,0,0,44870,4816,2070,1777,807,26,0,0,0,0,29448,10525,5566,0,0,0,0,0
490,360,491.16868527380444,99904,1030,514,74,18,20116,10074,0.30219010249839845,679,300,29326,25795,8756,3855,10133,19516,24860,13274,0,0,44509,4903,2137,1807,824,26,0,0,0,0,29642,10447,5609,0,0,0,0,0
491,360,492.1576784382719,99904,1058,508,74,18,20283,10138,0.30450232222934015,680,312,29175,25664,8809,3879,10202,19617,25050,13404,0,0,44141,4996,2207,1832,832,30,0,0,0,0,29841,10378,5647,0,0,0,0,0
492,360,493.1513230809739,99902,1063,530,76,18,20430,10223,0.3068306940801986,702,298,29040,25549,8865,3902,10252,19701,25239,13533,0,0,43779,5087,2267,1855,847,34,0,0,0,0,30044,10307,5682,0,0,0,0,0
493,360,494.14957511849275,99901,1074,528,77,18,20590,10302,0.3092261338725338,695,305,28887,25418,8940,3936,10325,19793,25426,13662,0,0,43428,5177,2345,1880,870,36,0,0,0,0,30219,10224,5722,0,0,0,0,0
494,360,495.1525505683398,99901,1057,546,77,18,20745,10388,0.31163852213691556,693,314,28736,25262,9037,3964,10398,19894,25612,13791,0,0,43069,5267,2427,1917,887,37,0,0,0,0,30397,10138,5762,0,0,0,0,0
495,360,496.16078664616674,99899,1073,545,79,18,20918,10476,0.31425739997397373,688,307,28590,25137,9104,4013,10464,19978,25797,13920,0,0,42719,5359,2526,1946,902,37,0,0,0,0,30546,10050,5814,0,0,0,0,0
496,360,497.17421220891475,99898,1096,539,80,18,21088,10544,0.31664297583535206,679,316,28455,25029,9168,4042,10520,20054,25980,14049,0,0,42382,5428,2597,1983,920,40,0,0,0,0,30724,9967,5857,0,0,0,0,0
497,360,498.1923877010121,99897,1097,540,81,18,21268,10621,0.31921879535922,665,340,28299,24895,9271,4077,10585,20128,26162,14178,0,0,42025,5525,2688,1996,953,41,0,0,0,0,30881,9897,5891,0,0,0,0,0
498,360,499.2159679311528,99897,1092,545,81,18,21446,10705,0.3218414967416439,680,335,28137,24778,9367,4119,10641,20203,26342,14306,0,0,41668,5620,2786,2023,978,42,0,0,0,0,31033,9821,5926,0,0,0,0,0
499,360,500.24536838286826,99897,1123,564,81,18,21616,10787,0.3243640950178684,691,347,27991,24674,9416,4125,10696,20270,26521,14434,0,0,41341,5691,2863,2043,997,44,0,0,0,0,31203,9748,5967,0,0,0,0,0
500,360,501.2796768489507,99895,1139,576,82,19,21810,10870,0.3271435006757095,668,357,27863,24568,9507,4151,10739,20327,26699,14562,0,0,40991,5783,2952,2070,1016,49,0,0,0,0,31364,9667,6003,0,0,0,0,0
501,360,502.3187037371301,99894,1122,586,83,19,21980,10966,0.3298095981740645,681,351,27707,24438,9600,4194,10805,20410,26875,14690,0,0,40626,5888,3055,2085,1042,52,0,0,0,0,31511,9599,6036,0,0,0,0,0
502,360,503.3633232220657,99893,1138,597,83,20,22159,11065,0.33259587758902026,684,336,27544,24322,9685,4242,10864,20481,27050,14817,0,0,40263,5991,3135,2108,1064,54,0,0,0,0,31676,9529,6073,0,0,0,0,0
503,360,504.4141400241202,99892,1119,595,84,20,22357,11151,0.33544227765987267,652,322,27393,24220,9826,4283,10924,20558,27224,14944,0,0,39869,6123,3225,2143,1090,55,0,0,0,0,31832,9450,6105,0,0,0,0,0
504,360,505.4710178808461,99891,1142,590,85,20,22538,11247,0.33821865833758796,648,323,27250,24109,9902,4338,10971,20618,27396,15071,0,0,39520,6226,3313,2157,1118,57,0,0,0,0,31973,9378,6149,0,0,0,0,0
505,360,506.00112230418733,99890,1141,578,86,20,22630,11284,0.3395134648112924,653,347,27131,23996,9931,4344,11056,20713,27567,15198,0,0,39249,6259,3389,2163,1133,58,0,0,0,0,32126,9311,6202,0,0,0,0,0
506,360,507.0681959622641,99890,1138,607,86,20,22803,11392,0.34232655921513666,660,324,26995,23890,10005,4383,11114,20774,27736,15324,0,0,38900,6355,3486,2183,1156,59,0,0,0,0,32268,9246,6237,0,0,0,0,0
507,360,508.1407828755351,99889,1163,595,86,21,22994,11491,0.3452332088618366,646,318,26876,23794,10083,4447,11144,20823,27904,15450,0,0,38532,6473,3578,2205,1184,61,0,0,0,0,32413,9179,6264,0,0,0,0,0
508,360,509.21778049372693,99888,1152,580,87,21,23162,11575,0.34775949062950506,643,345,26754,23683,10165,4502,11197,20867,28071,15576,0,0,38184,6559,3690,2238,1208,63,0,0,0,0,32546,9112,6288,0,0,0,0,0
509,360,510.3001092741497,99887,1135,607,88,21,23339,11682,0.3506061849890376,670,341,26621,23582,10247,4522,11237,20925,28236,15701,0,0,37855,6634,3796,2266,1244,63,0,0,0,0,32670,9042,6317,0,0,0,0,0
510,360,511.3874736169172,99887,1142,600,88,21,23527,11767,0.3533392733789182,640,341,26539,23492,10310,4576,11279,20968,28400,15826,0,0,37526,6723,3900,2301,1270,64,0,0,0,0,32791,8956,6356,0,0,0,0,0
511,360,512.4787047668228,99886,1119,577,89,21,23690,11852,0.35582564123100335,661,347,26402,23398,10394,4639,11333,21016,28563,15951,0,0,37167,6834,4009,2331,1289,68,0,0,0,0,32916,8882,6390,0,0,0,0,0
512,360,513.0257979578859,99886,1154,581,89,21,23805,11899,0.3574474901387582,628,348,26301,23290,10412,4642,11414,21116,28724,16075,0,0,36908,6854,4068,2334,1318,69,0,0,0,0,33086,8833,6416,0,0,0,0,0
513,360,514.1269480585091,99884,1129,582,91,21,23979,11995,0.36015778302831286,632,329,26165,23213,10523,4685,11458,21168,28884,16199,0,0,36554,6963,4177,2350,1351,69,0,0,0,0,33201,8771,6448,0,0,0,0,0
514,360,515.2337254777051,99883,1111,588,92,21,24146,12082,0.36270436410600404,644,319,26043,23124,10624,4718,11484,21228,29042,16323,0,0,36220,7054,4276,2374,1380,70,0,0,0,0,33325,8706,6478,0,0,0,0,0
515,360,516.3458680844343,99882,1137,593,92,22,24329,12178,0.3655012915239983,655,320,25910,23037,10675,4759,11529,21267,29199,16446,0,0,35921,7102,4382,2404,1407,75,0,0,0,0,33450,8640,6501,0,0,0,0,0
516,360,517.4635249152525,99882,1168,591,92,22,24536,12266,0.368454776636431,639,325,25777,22965,10744,4794,11578,21301,29355,16569,0,0,35614,7170,4495,2427,1439,79,0,0,0,0,33559,8572,6527,0,0,0,0,0
517,360,518.023936937431,99881,1148,592,93,22,24603,12314,0.36960983570448835,669,318,25664,22864,10765,4805,11659,21397,29509,16692,0,0,35357,7206,4554,2435,1460,80,0,0,0,0,33716,8506,6567,0,0,0,0,0
518,360,519.15175298882,99879,1114,573,95,22,24777,12396,0.3721803382092332,678,343,25545,22769,10870,4861,11696,21430,29662,16814,0,0,35011,7316,4668,2467,1486,82,0,0,0,0,33818,8432,6599,0,0,0,0,0
519,360,520.2853329958116,99879,1123,576,95,22,24963,12496,0.375043803001632,648,329,25456,22686,10943,4906,11733,21479,29814,16936,0,0,34694,7393,4779,2491,1516,85,0,0,0,0,33925,8370,6626,0,0,0,0,0
520,360,521.4232879181635,99879,1160,584,95,22,25161,12588,0.3779473162526657,623,325,25360,22611,11008,4933,11752,21523,29964,17057,0,0,34410,7449,4876,2525,1543,87,0,0,0,0,34032,8290,6667,0,0,0,0,0
521,360,522.5653922185295,99879,1150,582,95,22,25337,12677,0.38060052663723104,605,321,25249,22550,11093,4981,11806,21542,30113,17178,0,0,34098,7532,4976,2554,1580,88,0,0,0,0,34140,8215,6696,0,0,0,0,0
522,360,523.1379176413367,99878,1141,580,95,23,25438,12721,0.3820561084523118,584,324,25154,22449,11137,4991,11887,21631,30261,17299,0,0,33835,7566,5052,2562,1602,91,0,0,0,0,34284,8165,6721,0,0,0,0,0
523,360,524.2898935695334,99876,1175,578,97,23,25633,12816,0.384967359525812,560,318,25065,22383,11191,5049,11910,21647,30407,17419,0,0,33539,7636,5163,2586,1636,92,0,0,0,0,34383,8099,6742,0,0,0,0,0
524,360,525.4462967077127,99875,1133,575,97,24,25803,12907,0.38758448060075096,549,304,24997,22319,11288,5096,11934,21680,30552,17539,0,0,33226,7733,5286,2605,1672,95,0,0,0,0,34454,8028,6776,0,0,0,0,0
525,360,526.0256376748129,99875,1121,561,97,24,25893,12947,0.3888861076345432,558,301,24902,22224,11318,5114,12002,21774,30696,17658,0,0,32981,7755,5355,2624,1696,97,0,0,0,0,34590,7969,6808,0,0,0,0,0
526,360,527.1901632202558,99874,1088,559,98,24,26049,13028,0.3912629913691251,575,304,24792,22153,11403,5149,12042,21809,30838,17777,0,0,32685,7814,5471,2655,1726,98,0,0,0,0,34683,7908,6834,0,0,0,0,0
527,360,528.3600424199503,99874,1097,544,98,24,26229,13099,0.3937761579590284,561,318,24720,22084,11453,5186,12069,21842,30979,17896,0,0,32396,7881,5566,2678,1768,98,0,0,0,0,34783,7844,6860,0,0,0,0,0
528,360,529.5340126031322,99872,1043,531,100,24,26375,13182,0.3960769785325216,575,315,24615,22043,11555,5233,12110,21852,31119,18014,0,0,32088,7956,5678,2712,1804,100,0,0,0,0,34875,7777,6882,0,0,0,0,0
529,360,530.1222393194502,99872,1045,521,100,24,26457,13229,0.3973686318487664,550,317,24559,21952,11551,5255,12193,21929,31257,18132,0,0,31868,7968,5761,2720,1824,102,0,0,0,0,34992,7719,6918,0,0,0,0,0
530,360,531.3051462144067,99872,1028,506,100,24,26618,13321,0.399901874399231,553,306,24482,21914,11613,5305,12222,21943,31394,18249,0,0,31573,8042,5879,2746,1853,106,0,0,0,0,35072,7654,6947,0,0,0,0,0
531,360,532.4917932145567,99872,1011,498,100,24,26779,13406,0.4023650272348606,546,293,24397,21843,11697,5362,12247,21978,31530,18366,0,0,31288,8106,5995,2763,1885,112,0,0,0,0,35151,7601,6971,0,0,0,0,0
532,360,533.08607062747,99872,1015,495,100,24,26874,13459,0.40384692406280037,542,284,24305,21750,11718,5387,12318,22058,31665,18482,0,0,31050,8139,6071,2772,1903,114,0,0,0,0,35272,7547,7004,0,0,0,0,0
533,360,534.2814768901696,99872,998,492,100,24,27038,13541,0.40631007689843,552,264,24223,21732,11788,5411,12337,22075,31798,18598,0,0,30761,8205,6182,2791,1943,116,0,0,0,0,35361,7499,7014,0,0,0,0,0
534,360,535.4813261050858,99872,995,475,100,24,27212,13619,0.40883330663248957,533,263,24149,21671,11852,5463,12369,22102,31930,18713,0,0,30486,8260,6291,2820,1981,117,0,0,0,0,35442,7434,7041,0,0,0,0,0
535,360,536.0818952592774,99871,1013,474,100,25,27297,13658,0.4100790019124671,511,265,24083,21611,11853,5456,12438,22167,32061,18828,0,0,30298,8250,6368,2830,1990,124,0,0,0,0,35552,7379,7080,0,0,0,0,0
536,360,537.2896531618901,99870,1001,506,101,25,27454,13759,0.4126664664063282,505,241,24014,21569,11920,5490,12457,22167,32191,18942,0,0,30035,8303,6476,2843,2024,125,0,0,0,0,35636,7321,7107,0,0,0,0,0
537,360,538.5009386027752,99870,954,484,101,25,27599,13820,0.41472914789225995,503,243,23967,21529,11995,5534,12478,22183,32319,19056,0,0,29762,8357,6603,2859,2065,128,0,0,0,0,35700,7279,7117,0,0,0,0,0
538,360,539.1074122563801,99869,943,480,102,25,27672,13854,0.4158047041624528,495,246,23894,21463,12014,5543,12550,22241,32446,19170,0,0,29548,8379,6664,2851,2094,130,0,0,0,0,35819,7235,7149,0,0,0,0,0
539,360,540.3256375591491,99869,945,481,102,25,27835,13935,0.4182479047552293,488,240,23839,21429,12055,5579,12569,22244,32572,19283,0,0,29295,8425,6783,2867,2119,139,0,0,0,0,35893,7185,7163,0,0,0,0,0
540,360,541.5468673708245,99869,944,462,102,25,27981,14008,0.4204407774184181,480,228,23791,21415,12092,5622,12589,22246,32697,19396,0,0,29047,8475,6897,2880,2146,146,0,0,0,0,35960,7128,7190,0,0,0,0,0
541,360,542.1579715616269,99869,958,464,102,25,28067,14048,0.4217024301835404,471,211,23709,21367,12092,5622,12666,22309,32821,19508,0,0,28849,8474,6967,2885,2170,146,0,0,0,0,36080,7084,7214,0,0,0,0,0
542,360,543.3860024414221,99868,937,421,103,25,28199,14099,0.4235390715744783,468,242,23646,21324,12144,5670,12700,22316,32943,19620,0,0,28606,8527,7077,2896,2206,152,0,0,0,0,36142,7021,7241,0,0,0,0,0
543,360,544.0009514097948,99867,928,424,104,25,28276,14143,0.4247549240489851,443,233,23575,21263,12174,5673,12774,22380,33064,19731,0,0,28401,8532,7155,2900,2228,155,0,0,0,0,36252,6984,7260,0,0,0,0,0
544,360,545.2369279177241,99867,906,427,104,25,28399,14228,0.42683769413319717,433,216,23515,21237,12225,5700,12815,22393,33184,19842,0,0,28149,8591,7249,2906,2264,159,0,0,0,0,36332,6935,7282,0,0,0,0,0
545,360,546.4766129163044,99867,879,422,104,25,28537,14297,0.4289104508996966,419,221,23477,21226,12276,5713,12843,22391,33303,19952,0,0,27922,8633,7361,2920,2308,161,0,0,0,0,36387,6873,7302,0,0,0,0,0
546,360,547.0970560142565,99867,871,417,104,25,28602,14328,0.42987172940010215,425,229,23414,21180,12282,5711,12902,22436,33421,20062,0,0,27723,8641,7434,2922,2324,164,0,0,0,0,36502,6833,7324,0,0,0,0,0
547,360,548.3430728864789,99866,837,403,105,25,28736,14388,0.43181863697354456,424,241,23383,21155,12327,5737,12922,22437,33538,20171,0,0,27485,8677,7543,2946,2361,167,0,0,0,0,36569,6781,7337,0,0,0,0,0
548,360,549.5916854965598,99865,809,404,106,25,28867,14461,0.43386571872027235,417,225,23372,21125,12361,5767,12933,22452,33653,20280,0,0,27263,8709,7654,2957,2403,169,0,0,0,0,36623,6729,7358,0,0,0,0,0
549,360,550.2158765919232,99865,794,390,106,25,28924,14481,0.4346367596254944,418,234,23332,21074,12357,5768,12991,22507,33767,20388,0,0,27079,8696,7722,2965,2431,170,0,0,0,0,36740,6695,7367,0,0,0,0,0
550,360,551.4681031699478,99865,766,396,106,25,29047,14560,0.4366594903119211,418,219,23286,21094,12415,5789,13007,22475,33880,20496,0,0,26845,8730,7817,2990,2466,171,0,0,0,0,36817,6644,7385,0,0,0,0,0
551,360,552.0944458806806,99865,772,396,106,25,29116,14600,0.43775096380113154,398,205,23235,21044,12415,5788,13072,22540,33992,20603,0,0,26669,8725,7882,2990,2494,172,0,0,0,0,36924,6602,7407,0,0,0,0,0
552,360,553.352302647748,99864,764,405,107,25,29223,14666,0.439487703276456,423,181,23201,21063,12413,5804,13090,22520,34103,20710,0,0,26480,8742,7974,2993,2528,176,0,0,0,0,36990,6548,7433,0,0,0,0,0
553,360,554.6119425939507,99863,749,411,108,25,29364,14728,0.44152488909806437,389,173,23170,21083,12467,5818,13115,22488,34213,20816,0,0,26261,8771,8083,3003,2557,181,0,0,0,0,37050,6508,7449,0,0,0,0,0
554,360,555.2424432004004,99862,732,403,109,25,29422,14751,0.4423404297931145,382,180,23118,21040,12474,5813,13183,22537,34322,20922,0,0,26078,8767,8156,3007,2574,182,0,0,0,0,37151,6474,7473,0,0,0,0,0
555,360,556.5074259220426,99862,691,378,109,25,29529,14810,0.44400272375878713,399,164,23082,21073,12513,5847,13204,22511,34430,21027,0,0,25877,8787,8275,3015,2619,186,0,0,0,0,37189,6426,7488,0,0,0,0,0
556,360,557.1404337829327,99861,695,369,110,25,29590,14829,0.4448082835140846,376,170,23049,21049,12505,5839,13263,22546,34537,21131,0,0,25713,8778,8341,3016,2633,188,0,0,0,0,37286,6387,7519,0,0,0,0,0
557,360,558.41067343487,99861,688,347,110,25,29709,14877,0.4464806080451828,350,170,23033,21052,12527,5856,13290,22548,34643,21235,0,0,25516,8796,8428,3035,2669,190,0,0,0,0,37349,6334,7544,0,0,0,0,0
558,360,559.0453361712553,99861,693,347,110,25,29765,14900,0.4472717076736664,338,168,22985,21017,12503,5836,13369,22605,34748,21338,0,0,25366,8763,8499,3035,2684,195,0,0,0,0,37448,6311,7560,0,0,0,0,0
559,360,560.3194778372559,99861,670,350,110,25,29873,14959,0.44894403220476464,341,171,22958,21021,12537,5853,13382,22578,34852,21441,0,0,25157,8774,8604,3059,2704,197,0,0,0,0,37518,6278,7570,0,0,0,0,0
560,360,561.5955778941216,99859,655,330,112,25,29969,15006,0.4503850429105038,358,166,22920,21056,12555,5856,13398,22565,34955,21543,0,0,24960,8806,8694,3065,2725,202,0,0,0,0,37575,6231,7601,0,0,0,0,0
561,360,562.233406018475,99859,646,331,112,25,30031,15032,0.45126628546250214,333,162,22874,21009,12569,5854,13464,22617,35057,21645,0,0,24795,8798,8757,3069,2743,205,0,0,0,0,37674,6194,7624,0,0,0,0,0
562,360,563.5144684176894,99858,642,336,113,25,30137,15090,0.45291313665404875,313,155,22883,21030,12576,5859,13471,22593,35158,21746,0,0,24629,8788,8854,3084,2772,207,0,0,0,0,37731,6147,7646,0,0,0,0,0
563,360,564.1548439528508,99858,623,314,113,25,30176,15111,0.45351398986560915,311,169,22853,21006,12562,5870,13536,22614,35258,21847,0,0,24476,8772,8926,3083,2795,211,0,0,0,0,37815,6114,7666,0,0,0,0,0
564,360,565.4382688466866,99857,619,320,114,25,30272,15161,0.4549806222898745,303,157,22852,21023,12550,5873,13560,22600,35357,21947,0,0,24307,8777,9013,3080,2828,212,0,0,0,0,37875,6079,7686,0,0,0,0,0
565,360,566.0796053006105,99856,610,319,115,25,30316,15182,0.4556361160070502,293,163,22819,20990,12534,5864,13627,22637,35455,22047,0,0,24144,8761,9075,3084,2842,213,0,0,0,0,37984,6055,7698,0,0,0,0,0
566,360,567.365333209136,99856,598,310,115,25,30408,15241,0.4571482935427015,282,147,22801,21026,12547,5880,13655,22610,35552,22146,0,0,23962,8770,9165,3093,2874,217,0,0,0,0,38046,6020,7709,0,0,0,0,0
567,360,568.0080026589096,99855,591,312,116,25,30453,15268,0.4578739171799109,292,151,22756,21000,12532,5872,13711,22638,35648,22245,0,0,23805,8769,9219,3078,2896,222,0,0,0,0,38144,5997,7725,0,0,0,0,0
568,360,569.2975010430235,99855,565,300,116,25,30542,15310,0.45918581943818537,295,163,22741,21009,12545,5880,13736,22621,35743,22343,0,0,23618,8787,9301,3090,2924,226,0,0,0,0,38213,5958,7738,0,0,0,0,0
569,360,570.5882949703841,99855,569,271,116,25,30630,15351,0.4604776926543488,280,173,22765,21023,12515,5907,13753,22599,35837,22441,0,0,23450,8802,9378,3086,2960,230,0,0,0,0,38273,5918,7758,0,0,0,0,0
570,360,571.2332069909355,99855,565,283,116,25,30677,15381,0.46124881077562463,267,163,22745,21002,12492,5900,13813,22625,35930,22538,0,0,23307,8803,9422,3069,2991,232,0,0,0,0,38366,5886,7779,0,0,0,0,0
571,360,572.5247507940367,99855,571,271,116,25,30776,15431,0.4627409744128987,250,147,22758,21027,12487,5915,13816,22613,36022,22635,0,0,23131,8814,9513,3083,3011,233,0,0,0,0,38425,5846,7799,0,0,0,0,0
572,360,573.1696439095211,99854,575,262,117,25,30832,15453,0.4635267490536183,237,154,22744,20997,12460,5918,13865,22642,36113,22731,0,0,23002,8791,9585,3087,3029,235,0,0,0,0,38498,5806,7821,0,0,0,0,0
573,360,574.4618968769599,99853,586,263,118,25,30921,15503,0.464923437453056,215,138,22768,21027,12430,5927,13881,22618,36203,22827,0,0,22853,8788,9670,3088,3048,241,0,0,0,0,38552,5770,7843,0,0,0,0,0
574,360,575.1067271820635,99853,557,253,118,25,30954,15520,0.4654241735350966,212,135,22738,21010,12428,5926,13945,22649,36292,22922,0,0,22704,8780,9723,3087,3068,247,0,0,0,0,38645,5742,7857,0,0,0,0,0
575,360,576.3994058732682,99852,528,246,119,25,31015,15564,0.4664803909786484,223,133,22724,21035,12440,5930,13964,22629,36380,23017,0,0,22535,8780,9802,3104,3089,248,0,0,0,0,38716,5707,7871,0,0,0,0,0
576,360,577.0454332119062,99852,519,248,119,25,31063,15588,0.46720145815807396,215,127,22710,21018,12414,5927,14021,22653,36467,23111,0,0,22404,8765,9861,3100,3110,253,0,0,0,0,38792,5679,7888,0,0,0,0,0
577,360,578.3408984961667,99852,498,241,119,25,31131,15624,0.4682429996394664,234,126,22698,21034,12405,5931,14044,22641,36553,23204,0,0,22250,8774,9942,3089,3142,257,0,0,0,0,38848,5653,7897,0,0,0,0,0
578,360,579.6365729004058,99852,496,226,119,25,31210,15660,0.46939470416216,211,119,22762,21091,12366,5934,14044,22603,36639,23297,0,0,22120,8764,10028,3090,3173,260,0,0,0,0,38887,5611,7919,0,0,0,0,0
579,360,580.2833023098802,99852,498,216,119,25,31253,15676,0.4699855786564115,198,127,22738,21081,12346,5925,14099,22624,36724,23389,0,0,21996,8741,10093,3087,3191,262,0,0,0,0,38964,5583,7935,0,0,0,0,0
580,360,581.5777008703869,99852,463,220,119,25,31315,15720,0.4710471497816769,201,114,22763,21123,12342,5919,14110,22597,36808,23481,0,0,21844,8735,10176,3096,3213,266,0,0,0,0,39017,5557,7948,0,0,0,0,0
581,360,582.2245216962568,99852,457,210,119,25,31346,15734,0.47149781676881786,209,117,22732,21111,12314,5909,14167,22626,36891,23572,0,0,21730,8708,10240,3085,3236,268,0,0,0,0,39088,5533,7964,0,0,0,0,0
582,360,583.5196872607852,99852,424,207,119,25,31404,15774,0.4724792693185915,203,113,22753,21142,12313,5908,14186,22603,36973,23663,0,0,21591,8699,10319,3097,3261,270,0,0,0,0,39138,5492,7985,0,0,0,0,0
583,360,584.166757090722,99851,419,208,120,25,31435,15798,0.47303482188460805,192,109,22743,21129,12290,5909,14234,22618,37054,23753,0,0,21468,8684,10370,3086,3284,271,0,0,0,0,39218,5469,8001,0,0,0,0,0
584,360,585.4626306295712,99850,415,203,121,25,31503,15829,0.4740310465698548,188,103,22756,21176,12258,5903,14260,22588,37135,23843,0,0,21308,8687,10422,3092,3307,274,0,0,0,0,39305,5449,8006,0,0,0,0,0
585,360,586.1095881902902,99850,412,197,121,25,31528,15842,0.4744116174261392,186,103,22744,21170,12225,5888,14310,22615,37215,23932,0,0,21192,8662,10472,3086,3322,276,0,0,0,0,39389,5425,8026,0,0,0,0,0
586,360,587.4056806357241,99849,383,191,121,26,31575,15869,0.47515748780658795,210,100,22742,21232,12224,5876,14318,22573,37294,24021,0,0,21062,8647,10550,3092,3344,279,0,0,0,0,39444,5397,8034,0,0,0,0,0
587,360,588.0531068640495,99849,389,190,121,26,31615,15885,0.4757183346853749,195,96,22719,21224,12206,5867,14368,22595,37372,24109,0,0,20947,8642,10589,3075,3368,281,0,0,0,0,39521,5366,8060,0,0,0,0,0
588,360,589.3506013732801,99849,387,180,121,26,31686,15908,0.4766597562319102,163,95,22748,21285,12192,5840,14387,22572,37449,24197,0,0,20825,8626,10657,3078,3392,286,0,0,0,0,39574,5336,8075,0,0,0,0,0
589,360,590.6469004947963,99849,359,181,121,26,31744,15938,0.47754108704143255,159,89,22780,21368,12186,5809,14393,22525,37526,24284,0,0,20706,8607,10725,3086,3417,292,0,0,0,0,39627,5298,8091,0,0,0,0,0
590,360,591.2944500711158,99849,353,184,121,26,31772,15954,0.47798175244619373,158,84,22781,21368,12147,5797,14438,22539,37602,24371,0,0,20597,8580,10780,3078,3435,294,0,0,0,0,39703,5280,8102,0,0,0,0,0
591,360,592.5902328136242,99849,356,178,121,26,31832,15985,0.47889312862422256,148,86,22819,21404,12112,5792,14442,22512,37677,24457,0,0,20470,8576,10839,3075,3458,298,0,0,0,0,39765,5253,8115,0,0,0,0,0
592,360,593.2371163365339,99849,339,167,121,26,31851,15995,0.47918356718645155,151,85,22815,21396,12085,5793,14487,22531,37751,24543,0,0,20361,8551,10894,3074,3472,302,0,0,0,0,39837,5229,8129,0,0,0,0,0
593,360,594.5311461358033,99849,318,157,121,26,31904,16021,0.47997476189045457,148,88,22842,21421,12074,5789,14495,22517,37825,24628,0,0,20232,8544,10964,3070,3498,306,0,0,0,0,39890,5206,8139,0,0,0,0,0
594,360,595.1771581729456,99849,309,158,121,26,31917,16033,0.48022513996134164,163,85,22817,21424,12041,5771,14547,22534,37898,24713,0,0,20129,8520,11015,3060,3510,307,0,0,0,0,39964,5185,8159,0,0,0,0,0
595,360,596.4710025708848,99849,293,146,121,26,31960,16059,0.48091618343698983,166,80,22841,21473,12023,5771,14554,22502,37970,24797,0,0,20012,8504,11079,3054,3537,310,0,0,0,0,40018,5161,8174,0,0,0,0,0
596,360,597.1175418484155,99849,305,143,121,26,31992,16071,0.48135684884175106,152,78,22832,21463,11988,5759,14600,22529,38041,24881,0,0,19917,8471,11133,3054,3547,311,0,0,0,0,40089,5135,8192,0,0,0,0,0
597,360,598.4112950999129,99849,288,143,121,26,32035,16095,0.4820278620717283,159,73,22860,21540,11963,5730,14607,22486,38112,24964,0,0,19803,8463,11201,3051,3564,314,0,0,0,0,40139,5106,8208,0,0,0,0,0
598,360,599.0572027140853,99849,297,138,121,26,32070,16099,0.4824184518623121,142,83,22855,21525,11925,5711,14658,22515,38182,25047,0,0,19707,8437,11243,3044,3580,315,0,0,0,0,40213,5080,8230,0,0,0,0,0
599,360,600.3500051729546,99849,279,143,121,26,32113,16127,0.48312952558363126,136,69,22874,21589,11913,5699,14675,22472,38251,25129,0,0,19603,8418,11298,3044,3605,317,0,0,0,0,40265,5050,8249,0,0,0,0,0
600,360,601.6415912668997,99849,281,137,121,26,32169,16143,0.48385061442778593,123,75,22921,21650,11878,5680,14674,22430,38320,25211,0,0,19494,8405,11353,3046,3623,319,0,0,0,0,40321,5020,8268,0,0,0,0,0
601,360,602.2864524810801,99849,269,138,121,26,32185,16154,0.48412102274434393,129,71,22916,21658,11844,5667,14719,22438,38388,25292,0,0,19407,8374,11403,3040,3635,323,0,0,0,0,40382,4997,8288,0,0,0,0,0
602,360,603.5764317188257,99849,259,136,121,26,32227,16178,0.48478202085148575,111,63,22959,21699,11819,5657,14729,22417,38455,25373,0,0,19308,8345,11475,3039,3654,325,0,0,0,0,40426,4977,8300,0,0,0,0,0
603,360,604.2205425583147,99849,248,142,121,26,32241,16191,0.48505242916804375,108,60,22958,21690,11792,5642,14771,22438,38522,25453,0,0,19217,8318,11518,3032,3668,328,0,0,0,0,40496,4958,8314,0,0,0,0,0
604,360,605.5088547701399,99849,226,128,121,26,32272,16209,0.48554317018698234,102,60,23010,21734,11761,5638,14778,22412,38588,25533,0,0,19107,8312,11575,3030,3691,329,0,0,0,0,40546,4928,8331,0,0,0,0,0
605,360,606.1517826661566,99848,230,130,122,26,32296,16217,0.485868520150629,90,61,23018,21730,11721,5623,14817,22428,38653,25612,0,0,19028,8286,11613,3023,3703,332,0,0,0,0,40608,4898,8357,0,0,0,0,0
606,360,607.4376004713627,99848,219,119,122,26,32323,16233,0.48629917474561335,100,57,23049,21786,11696,5617,14812,22393,38718,25691,0,0,18923,8272,11666,3021,3720,333,0,0,0,0,40667,4873,8373,0,0,0,0,0
607,360,608.0788576570696,99848,206,115,122,26,32333,16241,0.4864794487621184,101,54,23051,21807,11666,5590,14852,22406,38782,25769,0,0,18835,8246,11714,3016,3731,334,0,0,0,0,40729,4849,8394,0,0,0,0,0
608,360,609.3629389195294,99848,195,118,122,26,32364,16260,0.486980209919077,97,53,23091,21880,11643,5565,14850,22356,38845,25847,0,0,18737,8226,11756,3017,3746,339,0,0,0,0,40793,4827,8407,0,0,0,0,0
609,360,610.0037090947552,99848,189,111,122,26,32378,16263,0.4871504687124429,97,53,23084,21894,11615,5554,14891,22360,38908,25924,0,0,18649,8208,11796,3008,3757,342,0,0,0,0,40857,4804,8427,0,0,0,0,0
610,360,611.2860734116928,99847,192,106,122,27,32410,16279,0.48763608320730717,90,49,23137,21966,11556,5536,14901,22314,38970,26001,0,0,18555,8192,11850,2998,3776,342,0,0,0,0,40910,4785,8439,0,0,0,0,0
611,360,612.5659765881696,99847,187,103,122,27,32434,16295,0.48803669614510203,99,42,23173,22026,11512,5518,14905,22282,39032,26077,0,0,18454,8178,11883,2985,3798,347,0,0,0,0,40984,4773,8445,0,0,0,0,0
612,360,613.204806570762,99847,185,101,122,27,32451,16304,0.48829709455466863,91,41,23161,22025,11483,5504,14956,22300,39093,26153,0,0,18366,8159,11919,2978,3810,350,0,0,0,0,41053,4750,8462,0,0,0,0,0
613,360,614.4830233096291,99847,175,92,122,27,32482,16318,0.48874778410968783,74,41,23224,22086,11443,5489,14960,22263,39153,26228,0,0,18272,8135,11976,2979,3827,350,0,0,0,0,41103,4730,8475,0,0,0,0,0
614,360,615.1206624581419,99847,166,88,122,27,32490,16323,0.48887798331447113,73,42,23234,22097,11407,5475,14996,22269,39213,26303,0,0,18192,8102,12022,2974,3839,351,0,0,0,0,41165,4715,8487,0,0,0,0,0
615,360,616.3960490544271,99847,154,90,122,27,32512,16340,0.4892685809288211,63,41,23295,22171,11353,5446,15011,22223,39272,26378,0,0,18118,8072,12083,2967,3849,357,0,0,0,0,41204,4693,8504,0,0,0,0,0
616,360,617.0321023780829,99847,147,91,122,27,32517,16345,0.4893687341632698,70,42,23300,22170,11309,5427,15050,22241,39331,26452,0,0,18032,8055,12111,2959,3860,357,0,0,0,0,41277,4671,8525,0,0,0,0,0
617,360,618.3041045052197,99847,136,90,122,27,32536,16360,0.48970925516039543,71,31,23364,22261,11267,5398,15038,22191,39389,26526,0,0,17954,8021,12150,2959,3882,359,0,0,0,0,41335,4651,8536,0,0,0,0,0
618,360,619.5725225136221,99847,142,78,122,27,32560,16370,0.490049776157521,66,31,23411,22327,11212,5385,15045,22150,39446,26599,0,0,17870,7997,12196,2950,3902,360,0,0,0,0,41391,4640,8541,0,0,0,0,0
619,360,620.2056047096185,99847,135,76,122,27,32566,16375,0.4901599447154146,70,28,23403,22339,11178,5369,15090,22159,39503,26672,0,0,17786,7973,12229,2951,3907,361,0,0,0,0,41462,4619,8559,0,0,0,0,0
620,360,621.4719644608214,99847,122,81,122,27,32584,16387,0.4904604044187607,68,21,23462,22399,11132,5349,15092,22121,39559,26744,0,0,17709,7950,12271,2943,3927,361,0,0,0,0,41513,4599,8574,0,0,0,0,0
621,360,622.1038400855109,99847,122,85,122,27,32595,16395,0.49065069556421326,60,16,23458,22410,11092,5328,15144,22132,39615,26816,0,0,17636,7923,12302,2936,3939,361,0,0,0,0,41578,4576,8596,0,0,0,0,0
622,360,623.616341603718,99847,109,74,122,27,32608,16398,0.4908109407393312,59,19,23486,22453,11055,5320,15167,22105,39670,26887,0,0,17550,7908,12338,2934,3951,364,0,0,0,0,41637,4556,8609,0,0,0,0,0
623,360,624.0904424076639,99847,105,71,122,27,32618,16401,0.4909411399441145,50,17,23483,22444,11020,5317,15218,22122,39725,26958,0,0,17464,7889,12370,2927,3960,366,0,0,0,0,41709,4542,8620,0,0,0,0,0
624,360,625.1408614715568,99847,109,64,122,27,32634,16407,0.49116147705990165,54,16,23498,22532,10980,5292,15235,22067,39779,27028,0,0,17380,7869,12400,2918,3979,366,0,0,0,0,41778,4531,8626,0,0,0,0,0
625,360,626.00707454312,99847,108,58,122,27,32644,16409,0.4912816609412401,54,16,23486,22549,10945,5278,15283,22070,39833,27098,0,0,17320,7838,12438,2906,3996,368,0,0,0,0,41828,4511,8642,0,0,0,0,0
626,360,627.1481879204346,99847,106,56,122,27,32662,16417,0.49154205935080675,45,16,23541,22605,10907,5260,15277,22034,39886,27168,0,0,17237,7820,12475,2901,4006,369,0,0,0,0,41888,4494,8657,0,0,0,0,0
627,360,628.3322534362346,99847,97,52,122,27,32672,16422,0.4916922892024798,46,19,23602,22660,10853,5238,15278,22002,39939,27237,0,0,17164,7797,12517,2899,4015,369,0,0,0,0,41940,4470,8676,0,0,0,0,0
628,360,629.1038577165718,99846,95,50,123,27,32682,16426,0.4918374296416481,46,19,23613,22683,10800,5221,15321,21998,39991,27306,0,0,17096,7771,12554,2887,4029,370,0,0,0,0,41994,4454,8691,0,0,0,0,0
629,360,630.017186745165,99846,100,47,123,27,32698,16434,0.49207779981171,67,43,23648,22759,10742,5191,15318,21931,40043,27374,0,0,17010,7753,12584,2884,4035,371,3,0,0,2,42062,4439,8703,0,0,0,0,0
630,360,631.0779127000663,99846,104,53,123,27,32719,16447,0.4924183242192977,69,35,23693,22794,10686,5173,15323,21916,40094,27442,0,0,16930,7726,12609,2882,4042,372,11,0,0,10,42126,4420,8718,0,0,0,0,0
631,360,632.1366332630628,99846,109,54,123,27,32740,16454,0.4926987560843699,71,38,23719,22839,10646,5147,15330,21893,40145,27509,0,0,16856,7699,12633,2871,4057,374,20,0,0,15,42186,4405,8730,0,0,0,0,0
632,360,633.1939905339559,99846,111,56,123,27,32754,16464,0.4929391262544318,72,37,23757,22901,10598,5118,15337,21859,40195,27576,0,0,16780,7678,12651,2865,4063,379,25,0,0,25,42247,4391,8742,0,0,0,0,0
633,360,634.2496830824178,99846,114,58,123,27,32770,16476,0.493219558119504,73,36,23803,22924,10553,5101,15332,21852,40245,27643,0,0,16707,7647,12677,2861,4075,379,28,0,0,36,42306,4379,8751,0,0,0,0,0
634,360,635.3030813489202,99846,111,53,123,27,32789,16479,0.4934398974420608,83,45,23832,22963,10513,5089,15336,21821,40294,27709,0,0,16638,7620,12696,2853,4090,382,36,0,0,45,42358,4361,8767,0,0,0,0,0
635,360,636.354969470845,99846,115,52,123,27,32808,16488,0.493720329307133,92,42,23856,23005,10470,5074,15342,21798,40343,27775,0,0,16556,7594,12716,2851,4100,382,42,0,0,55,42424,4349,8777,0,0,0,0,0
636,360,637.4058282555357,99846,119,57,123,27,32827,16501,0.4940408228672155,98,38,23883,23065,10426,5051,15349,21760,40391,27840,0,0,16490,7564,12739,2845,4112,383,47,0,0,65,42475,4333,8793,0,0,0,0,0
637,360,638.4555369701477,99846,117,57,123,27,32848,16508,0.4943212547322877,103,35,23913,23113,10386,5033,15356,21733,40439,27905,0,0,16426,7538,12762,2838,4123,387,53,0,0,78,42520,4312,8809,0,0,0,0,0
638,360,639.5038649210487,99846,118,55,123,27,32872,16516,0.49464174829237023,97,35,23964,23166,10350,5013,15346,21702,40486,27969,0,0,16351,7515,12782,2831,4139,388,60,0,0,90,42576,4296,8818,0,0,0,0,0
639,360,640.027160126391,99846,122,53,123,27,32886,16523,0.4948520721911744,87,35,23972,23169,10314,5000,15380,21714,40533,28033,0,0,16282,7487,12807,2829,4143,391,63,0,0,99,42633,4282,8830,0,0,0,0,0
640,360,641.0732209972003,99846,132,56,123,27,32911,16532,0.4951925965987621,85,40,24012,23209,10265,4979,15381,21687,40579,28097,0,0,16224,7459,12833,2814,4159,393,68,0,0,110,42675,4268,8843,0,0,0,0,0
641,360,642.1174173670529,99846,125,62,123,27,32930,16543,0.49549305931133947,90,38,24042,23251,10242,4960,15376,21660,40625,28160,0,0,16163,7421,12867,2807,4170,396,78,0,0,123,42713,4257,8851,0,0,0,0,0
642,360,643.1601906645269,99846,130,53,123,27,32950,16552,0.49578350660016424,86,36,24077,23282,10197,4951,15385,21649,40671,28223,0,0,16098,7394,12891,2801,4180,398,83,0,0,143,42753,4241,8864,0,0,0,0,0
643,360,644.2013341422565,99846,137,52,123,27,32976,16562,0.4961440618552571,87,38,24098,23324,10167,4937,15386,21620,40716,28285,0,0,16034,7366,12915,2794,4199,399,88,0,0,152,42803,4227,8869,0,0,0,0,0
644,360,645.2414113547628,99846,143,52,123,27,33005,16572,0.4965346633816077,85,41,24150,23385,10126,4918,15371,21575,40761,28347,0,0,15974,7331,12942,2793,4211,400,94,0,0,164,42845,4208,8884,0,0,0,0,0
645,360,646.2795432217158,99846,143,62,123,27,33024,16590,0.4969052340604531,93,36,24174,23431,10079,4899,15386,21543,40805,28409,0,0,15910,7303,12967,2790,4227,401,100,0,0,170,42897,4192,8889,0,0,0,0,0
646,360,647.3161300957407,99846,149,62,123,27,33051,16601,0.4972858201630511,91,32,24204,23495,10041,4885,15390,21497,40849,28470,0,0,15850,7273,12990,2788,4240,404,105,0,0,182,42940,4176,8898,0,0,0,0,0
647,360,648.3515434185073,99846,165,65,123,27,33082,16609,0.4976764216894017,76,33,24246,23556,10013,4861,15375,21456,40892,28531,0,0,15790,7246,13014,2782,4249,405,105,0,0,195,42987,4163,8910,0,0,0,0,0
648,360,649.3853188893793,99845,161,63,124,27,33104,16616,0.49797185637738495,76,39,24298,23617,9972,4837,15367,21415,40935,28591,0,0,15734,7219,13036,2775,4264,407,112,0,0,210,43021,4143,8924,0,0,0,0,0
649,360,650.4165884741524,99845,162,55,124,27,33121,16624,0.49822224447894237,82,49,24317,23679,9933,4824,15380,21364,40978,28651,0,0,15676,7193,13060,2765,4281,408,118,0,0,226,43057,4127,8934,0,0,0,0,0
650,360,651.4469899574648,99845,154,59,124,27,33149,16640,0.49866292753768343,80,46,24343,23728,9913,4811,15384,21327,41020,28711,0,0,15606,7160,13082,2768,4293,411,126,0,0,243,43102,4115,8939,0,0,0,0,0
651,360,652.4763886459582,99845,143,66,124,27,33170,16655,0.4990234864039261,85,52,24376,23768,9896,4791,15374,21294,41062,28770,0,0,15541,7133,13102,2769,4302,415,133,0,0,259,43144,4099,8948,0,0,0,0,0
652,360,653.5044981625572,99844,137,69,125,27,33191,16667,0.4993590000400625,91,54,24413,23824,9863,4781,15369,21243,41103,28829,0,0,15477,7107,13122,2767,4314,417,142,0,0,273,43185,4083,8957,0,0,0,0,0
653,360,654.0177301174328,99844,141,65,125,27,33203,16671,0.4995192500300469,98,52,24414,23841,9834,4762,15386,21251,41144,28887,0,0,15423,7078,13149,2759,4328,417,143,0,0,281,43230,4073,8963,0,0,0,0,0
654,360,655.0442168973509,99844,163,65,125,27,33237,16680,0.49994992187812987,89,58,24439,23890,9782,4738,15400,21220,41185,28945,0,0,15372,7051,13171,2758,4337,417,144,0,0,293,43268,4052,8981,0,0,0,0,0
655,360,656.0692322819431,99844,165,74,125,27,33264,16699,0.5004106405993349,84,53,24473,23937,9756,4716,15395,21191,41225,29003,0,0,15308,7027,13190,2754,4345,420,154,0,0,308,43307,4036,8995,0,0,0,0,0
656,360,657.0928907400992,99844,161,68,125,27,33289,16708,0.5007511718280517,85,53,24524,23972,9723,4714,15380,21164,41265,29060,0,0,15245,6997,13206,2753,4362,421,161,0,0,327,43344,4026,9002,0,0,0,0,0
657,360,658.1148295351722,99844,160,73,125,27,33312,16721,0.5011117343055166,91,52,24556,24009,9691,4702,15375,21135,41305,29117,0,0,15186,6969,13223,2754,4373,421,166,0,0,342,43383,4010,9017,0,0,0,0,0
658,360,659.1350572196355,99844,157,68,125,27,33340,16731,0.5014923280317295,91,52,24576,24045,9666,4703,15383,21103,41344,29174,0,0,15125,6947,13235,2751,4389,424,176,0,0,359,43417,3990,9031,0,0,0,0,0
659,360,660.1543725101947,99844,152,74,125,27,33358,16744,0.5018028123873243,89,50,24608,24100,9640,4685,15384,21062,41383,29230,0,0,15063,6920,13254,2750,4399,426,183,0,0,369,43462,3978,9040,0,0,0,0,0
660,360,661.1724909888129,99844,169,81,125,27,33390,16758,0.5022635311085293,90,50,24658,24158,9583,4664,15373,21018,41421,29286,0,0,15015,6892,13274,2748,4411,428,184,0,0,378,43500,3963,9051,0,0,0,0,0
661,360,662.1887145567733,99844,168,81,125,27,33415,16773,0.5026641560834902,100,53,24689,24195,9552,4664,15364,20978,41459,29342,0,0,14951,6869,13290,2743,4424,431,194,0,0,395,43537,3951,9059,0,0,0,0,0
662,360,663.2031598179339,99844,159,75,125,27,33433,16780,0.5029145466928409,115,58,24700,24252,9524,4648,15375,20938,41497,29397,0,0,14891,6842,13308,2742,4441,431,201,0,0,409,43575,3937,9067,0,0,0,0,0
663,360,664.2169122604782,99844,178,79,125,27,33468,16797,0.50343535916029,102,48,24733,24294,9484,4642,15376,20908,41534,29452,0,0,14833,6819,13326,2736,4451,434,205,0,0,423,43615,3927,9075,0,0,0,0,0
664,360,665.2295361460152,99844,176,80,125,27,33496,16811,0.503856015383999,100,45,24755,24347,9464,4639,15378,20860,41571,29506,0,0,14781,6792,13344,2731,4467,437,211,0,0,443,43641,3914,9083,0,0,0,0,0
665,360,666.2411761834588,99844,176,85,125,27,33518,16826,0.5042265934858379,99,46,24802,24394,9437,4628,15359,20818,41608,29560,0,0,14722,6772,13359,2727,4479,439,216,0,0,457,43681,3900,9092,0,0,0,0,0
666,360,667.2511720266198,99844,163,85,125,27,33530,16839,0.5044769840951885,116,51,24830,24441,9405,4621,15359,20773,41644,29614,0,0,14670,6753,13370,2716,4500,443,219,0,0,473,43714,3889,9097,0,0,0,0,0
667,360,668.259490663971,99844,157,84,125,27,33552,16851,0.5048175153239053,122,53,24851,24494,9391,4614,15352,20726,41680,29667,0,0,14612,6737,13378,2712,4516,448,226,0,0,485,43751,3873,9106,0,0,0,0,0
668,360,669.2671509569307,99844,173,94,125,27,33585,16870,0.5053383277913545,111,56,24874,24529,9363,4605,15352,20687,41716,29720,0,0,14557,6714,13393,2713,4526,450,230,0,0,493,43794,3858,9116,0,0,0,0,0
669,360,670.2736489702877,99844,179,99,125,27,33613,16885,0.5057689996394376,116,55,24905,24563,9335,4600,15338,20654,41751,29773,0,0,14510,6688,13407,2708,4544,452,230,0,0,508,43826,3848,9123,0,0,0,0,0
670,360,671.2787683974894,99843,188,98,126,27,33645,16900,0.5062448043428183,118,51,24932,24609,9315,4589,15319,20624,41786,29825,0,0,14454,6664,13424,2703,4560,453,239,0,0,521,43859,3834,9132,0,0,0,0,0
671,360,672.2827436075528,99843,179,99,126,27,33670,16917,0.5066654647797041,126,54,24957,24662,9305,4583,15305,20573,41821,29877,0,0,14386,6636,13444,2708,4570,453,255,0,0,540,43892,3822,9137,0,0,0,0,0
672,360,673.2857899605774,99842,192,101,126,28,33711,16929,0.5072013781775205,112,53,25006,24706,9273,4570,15289,20540,41855,29929,0,0,14341,6607,13465,2707,4586,453,259,0,0,557,43914,3806,9147,0,0,0,0,0
673,360,674.2870737479686,99842,186,93,126,28,33737,16940,0.5075719637026502,112,55,25045,24763,9258,4557,15271,20502,41889,29980,0,0,14293,6576,13487,2710,4599,455,264,0,0,582,43932,3791,9153,0,0,0,0,0
674,360,675.2868094706666,99842,192,98,126,28,33765,16961,0.508062739127822,120,49,25075,24803,9225,4552,15260,20468,41923,30031,0,0,14238,6559,13500,2709,4612,455,266,0,0,606,43961,3777,9159,0,0,0,0,0
675,360,676.2851559465673,99842,193,100,126,28,33791,16975,0.5084633721279622,126,50,25085,24857,9201,4543,15267,20420,41957,30082,0,0,14187,6541,13515,2702,4628,457,271,0,0,622,43990,3761,9168,0,0,0,0,0
676,360,677.2827162790179,99842,209,99,126,28,33827,16988,0.508954147553134,121,53,25121,24899,9152,4535,15269,20384,41990,30132,0,0,14136,6513,13538,2699,4642,458,278,0,0,635,44021,3752,9170,0,0,0,0,0
677,360,678.2790740767803,99841,211,102,127,28,33862,17005,0.5094800733165733,113,54,25157,24962,9133,4517,15257,20335,42023,30182,0,0,14091,6491,13544,2700,4657,463,279,0,0,656,44044,3736,9180,0,0,0,0,0
678,360,679.2738508766856,99841,196,93,127,28,33880,17014,0.5097505033002474,130,58,25184,24989,9109,4520,15252,20310,42056,30232,0,0,14034,6463,13561,2698,4670,466,288,0,0,680,44068,3730,9183,0,0,0,0,0
679,360,680.2677547051112,99841,201,98,127,28,33918,17028,0.5102713314169529,128,58,25213,25046,9096,4506,15233,20262,42088,30281,0,0,13984,6437,13575,2697,4689,467,292,0,0,696,44098,3720,9186,0,0,0,0,0
680,360,681.2604732058368,99841,202,109,127,28,33947,17046,0.5107420799070522,135,56,25233,25092,9079,4496,15222,20217,42120,30330,0,0,13923,6417,13588,2697,4700,469,302,0,0,707,44138,3711,9189,0,0,0,0,0
681,360,682.2519502962493,99841,200,107,127,28,33980,17057,0.5111827806211877,131,62,25283,25125,9052,4496,15205,20180,42152,30379,0,0,13881,6386,13612,2695,4716,472,305,0,0,732,44152,3702,9188,0,0,0,0,0
682,360,683.2418288356549,99841,216,101,127,28,34016,17071,0.5116835768872507,142,73,25296,25176,9021,4487,15196,20133,42184,30427,0,0,13827,6369,13628,2686,4729,475,315,0,0,753,44175,3693,9191,0,0,0,0,0
683,360,684.2306340959265,99841,221,93,127,28,34052,17086,0.512194389078635,142,76,25316,25238,9006,4489,15186,20074,42215,30475,0,0,13770,6348,13640,2687,4747,477,323,0,0,778,44199,3685,9187,0,0,0,0,0
684,360,685.2187630343619,99840,232,99,128,28,34093,17099,0.5127403846153846,148,87,25344,25281,8986,4474,15160,20029,42246,30523,0,0,13716,6325,13655,2687,4754,479,334,0,0,790,44230,3670,9200,0,0,0,0,0
685,360,686.2055599447345,99840,250,107,128,28,34138,17122,0.5134214743589743,133,86,25366,25323,8973,4468,15148,19986,42277,30570,0,0,13670,6305,13665,2687,4765,482,338,0,0,812,44250,3655,9211,0,0,0,0,0
686,360,687.1912540491053,99840,242,105,128,28,34162,17142,0.5138621794871795,143,86,25397,25371,8955,4464,15133,19944,42307,30617,0,0,13610,6291,13674,2683,4782,483,351,0,0,837,44272,3642,9215,0,0,0,0,0
687,360,688.1757477807699,99839,250,102,128,29,34203,17160,0.5144582778273019,128,81,25441,25425,8939,4463,15112,19898,42337,30664,0,0,13562,6269,13683,2683,4799,488,357,0,0,857,44293,3629,9219,0,0,0,0,0
688,360,689.1587589459261,99839,241,104,128,29,34234,17177,0.5149390518735164,142,87,25443,25473,8936,4446,15108,19859,42367,30711,0,0,13507,6242,13698,2684,4819,491,371,0,0,870,44321,3618,9218,0,0,0,0,0
689,360,690.1414133712508,99839,243,94,128,29,34273,17189,0.5154498742976191,137,95,25463,25503,8929,4447,15098,19830,42397,30757,0,0,13457,6216,13714,2684,4827,497,383,0,0,897,44331,3608,9225,0,0,0,0,0
690,360,691.1233527879866,99839,250,113,128,29,34301,17216,0.5160007612255731,145,91,25484,25551,8909,4431,15082,19783,42426,30803,0,0,13415,6193,13728,2684,4834,501,387,0,0,909,44357,3596,9235,0,0,0,0,0
691,360,692.1043455523734,99839,266,127,128,29,34341,17246,0.5167018900429692,138,83,25510,25587,8890,4425,15066,19747,42455,30849,0,0,13371,6168,13745,2684,4847,503,393,0,0,925,44378,3585,9240,0,0,0,0,0
692,360,693.084345240506,99839,269,118,128,29,34374,17259,0.517162631837258,142,88,25547,25651,8872,4427,15040,19685,42484,30894,0,0,13324,6145,13759,2684,4862,503,401,0,0,952,44389,3573,9247,0,0,0,0,0
693,360,694.0627934783712,99839,270,121,128,29,34411,17274,0.5176834703873235,147,97,25581,25705,8854,4422,15018,19624,42513,30939,0,0,13283,6120,13777,2686,4880,504,409,0,0,970,44404,3555,9251,0,0,0,0,0
694,360,695.039808549361,99838,267,131,129,29,34451,17301,0.518359742783309,141,89,25602,25765,8853,4411,15006,19573,42541,30984,0,0,13230,6100,13781,2686,4903,507,423,0,0,985,44428,3540,9255,0,0,0,0,0
695,360,696.015968623132,99838,261,128,129,29,34483,17315,0.5188204891924918,159,91,25618,25827,8844,4407,14987,19516,42569,31028,0,0,13189,6071,13797,2689,4919,507,431,0,0,1010,44435,3527,9263,0,0,0,0,0
696,360,697.478413564391,99838,266,134,129,29,34545,17349,0.5197820469160039,154,83,25683,25899,8826,4412,14940,19441,42597,31072,0,0,13138,6054,13796,2683,4953,512,442,0,0,1044,44441,3517,9258,0,0,0,0,0
697,360,698.4515185501313,99838,271,130,129,29,34585,17368,0.5203730042669124,153,81,25703,25935,8813,4424,14929,19399,42625,31116,0,0,13091,6036,13805,2686,4975,512,449,0,0,1069,44456,3499,9260,0,0,0,0,0
698,360,699.423616247355,99838,275,136,129,29,34626,17384,0.5209439291652477,152,82,25722,25982,8798,4408,14922,19361,42652,31160,0,0,13051,6007,13826,2687,4989,514,457,0,0,1086,44470,3487,9264,0,0,0,0,0
699,360,700.3948719447492,99838,271,134,129,29,34659,17396,0.521394659348144,161,93,25741,26008,8795,4403,14901,19331,42679,31203,0,0,12997,5986,13832,2692,5005,516,467,0,0,1101,44498,3477,9267,0,0,0,0,0
700,360,701.3655862957045,99838,276,139,129,29,34701,17419,0.522045714056772,158,81,25769,26047,8780,4404,14886,19298,42706,31246,0,0,12949,5967,13841,2691,5020,519,476,0,0,1126,44511,3467,9271,0,0,0,0,0
701,360,702.3352176118315,99838,289,146,129,29,34743,17441,0.5226867525391133,151,81,25815,26084,8758,4390,14856,19268,42733,31289,0,0,12909,5945,13853,2689,5037,521,482,0,0,1145,44526,3456,9275,0,0,0,0,0
702,360,703.3030769970256,99838,277,145,129,29,34776,17461,0.5232176125323024,166,79,25844,26132,8753,4397,14829,19216,42759,31332,0,0,12865,5923,13862,2698,5052,523,491,0,0,1174,44531,3436,9283,0,0,0,0,0
703,360,704.2695923643656,99838,277,148,129,29,34812,17482,0.5237885374306376,159,82,25863,26178,8750,4395,14820,19166,42785,31374,0,0,12822,5904,13870,2693,5074,524,498,0,0,1199,44541,3427,9286,0,0,0,0,0
704,360,705.2355773132465,99838,274,158,129,29,34853,17506,0.5244395921392656,164,79,25889,26225,8753,4383,14789,19124,42811,31416,0,0,12778,5879,13885,2692,5087,528,509,0,0,1225,44548,3417,9290,0,0,0,0,0
705,360,706.200504675988,99838,282,163,129,29,34898,17533,0.5251607604318996,165,75,25921,26257,8734,4382,14767,19092,42837,31458,0,0,12744,5852,13899,2690,5106,531,516,0,0,1252,44548,3403,9297,0,0,0,0,0
706,360,707.1643438895566,99838,289,161,129,29,34940,17546,0.5257116528776619,162,84,25933,26309,8735,4374,14750,19041,42863,31499,0,0,12704,5834,13906,2689,5127,534,520,0,0,1273,44563,3392,9296,0,0,0,0,0
707,360,708.127382131385,99838,285,155,129,29,34978,17566,0.5262925940022837,170,87,25943,26339,8732,4386,14739,19002,42888,31540,0,0,12662,5817,13915,2685,5145,539,526,0,0,1307,44565,3379,9298,0,0,0,0,0
708,360,709.0899988968711,99838,283,151,129,29,35016,17583,0.5268434864480458,192,92,25937,26367,8733,4397,14724,18962,42913,31581,0,0,12616,5798,13916,2691,5163,542,533,0,0,1331,44580,3365,9303,0,0,0,0,0
709,360,710.0527643873927,99838,284,161,129,29,35060,17608,0.5275346060618201,180,89,25960,26413,8737,4393,14708,18913,42938,31622,0,0,12567,5783,13921,2687,5181,546,543,0,0,1355,44594,3356,9305,0,0,0,0,0
710,360,711.0147846801184,99838,291,166,129,29,35108,17631,0.5282457581281677,196,94,25964,26435,8728,4397,14690,18877,42963,31662,0,0,12516,5769,13926,2685,5203,547,559,0,0,1374,44608,3342,9309,0,0,0,0,0
711,360,712.4566111183818,99836,303,170,131,29,35199,17667,0.5295284266196563,164,97,26004,26504,8748,4408,14648,18790,42987,31702,0,0,12468,5751,13926,2690,5231,553,571,0,0,1420,44596,3322,9308,0,0,0,0,0
712,360,713.4166396769791,99836,300,178,131,29,35240,17693,0.5301995272246485,164,95,26035,26539,8740,4409,14628,18748,43011,31742,0,0,12427,5733,13929,2694,5253,553,578,0,0,1448,44602,3305,9314,0,0,0,0,0
713,360,714.3756229502133,99835,310,163,132,29,35287,17705,0.5307958130916012,161,104,26061,26587,8724,4420,14610,18695,43035,31782,0,0,12383,5713,13934,2696,5270,556,588,0,0,1475,44606,3294,9320,0,0,0,0,0
714,360,715.3335950265475,99835,309,167,132,29,35327,17732,0.5314669204186908,164,102,26088,26634,8718,4415,14587,18651,43059,31821,0,0,12339,5682,13950,2703,5281,559,599,0,0,1501,44613,3285,9323,0,0,0,0,0
715,360,716.2906592985349,99835,291,169,132,29,35360,17757,0.5320478790003506,165,92,26106,26663,8721,4422,14583,18623,43083,31860,0,0,12303,5652,13955,2709,5307,561,605,0,0,1529,44614,3273,9327,0,0,0,0,0
716,360,717.2469775328622,99835,303,154,132,29,35411,17776,0.5327490359092503,151,101,26137,26706,8711,4437,14564,18571,43106,31899,0,0,12264,5634,13958,2711,5329,563,611,0,0,1565,44611,3257,9332,0,0,0,0,0
717,360,718.2023181737388,99834,305,155,133,29,35447,17798,0.5333353366588537,180,96,26142,26758,8695,4431,14543,18529,43129,31938,0,0,12233,5612,13971,2705,5352,567,614,0,0,1586,44615,3248,9331,0,0,0,0,0
718,360,719.1570748930981,99834,319,156,133,29,35504,17822,0.534146683494601,178,104,26150,26798,8692,4436,14526,18475,43152,31976,0,0,12185,5592,13974,2708,5372,568,625,0,0,1613,44623,3241,9333,0,0,0,0,0
719,360,720.1113696610621,99834,308,150,133,29,35543,17842,0.5347376645231083,186,110,26160,26839,8702,4433,14509,18437,43175,32014,0,0,12142,5567,13985,2707,5397,570,638,0,0,1644,44620,3234,9330,0,0,0,0,0
720,360,721.0654035013063,99834,299,174,133,29,35580,17879,0.5354788949656429,196,94,26178,26867,8710,4431,14482,18403,43198,32052,0,0,12103,5550,13991,2705,5415,574,641,0,0,1673,44625,3228,9329,0,0,0,0,0
721,360,722.0186233157626,99834,306,165,133,29,35623,17900,0.5361199591321594,204,99,26193,26910,8699,4442,14463,18353,43221,32090,0,0,12057,5536,13995,2707,5438,576,653,0,0,1696,44634,3214,9328,0,0,0,0,0
722,360,723.447101338855,99834,321,172,133,29,35699,17937,0.5372518380511649,212,100,26244,26958,8677,4449,14411,18290,43243,32127,0,0,12013,5507,14005,2717,5456,580,667,0,0,1736,44622,3205,9326,0,0,0,0,0
723,360,724.3976960266089,99834,334,173,133,29,35754,17957,0.5380030851213013,210,98,26271,27005,8669,4449,14381,18244,43265,32164,0,0,11965,5488,14014,2715,5474,580,684,0,0,1763,44625,3198,9328,0,0,0,0,0
724,360,725.3474528397423,99834,350,164,133,29,35803,17974,0.5386641825430214,215,102,26279,27052,8652,4454,14369,18197,43287,32201,0,0,11925,5471,14023,2713,5494,580,691,0,0,1793,44626,3189,9329,0,0,0,0,0
725,360,726.2964077639092,99834,345,166,133,29,35859,17997,0.5394554961235651,207,109,26294,27084,8660,4455,14359,18155,43309,32238,0,0,11881,5452,14020,2714,5521,584,704,0,0,1822,44627,3176,9333,0,0,0,0,0
726,360,727.2447881669019,99834,333,173,133,29,35906,18025,0.5402067431937015,201,104,26304,27131,8689,4455,14338,18106,43331,32274,0,0,11834,5435,14018,2718,5546,590,713,0,0,1847,44639,3165,9329,0,0,0,0,0
727,360,728.1930474088653,99834,333,171,133,29,35958,18051,0.5409880401466435,190,100,26330,27180,8685,4465,14327,18053,43352,32310,0,0,11796,5418,14016,2719,5573,597,722,0,0,1876,44636,3156,9325,0,0,0,0,0
728,360,729.1406352983887,99834,329,173,133,29,35995,18077,0.541619087685558,197,104,26349,27222,8691,4468,14299,18002,43373,32346,0,0,11754,5410,14017,2717,5584,603,728,0,0,1915,44633,3146,9327,0,0,0,0,0
729,360,730.0874260964238,99834,336,169,133,29,36045,18103,0.5423803513832963,188,98,26375,27253,8693,4485,14273,17964,43394,32382,0,0,11709,5396,14017,2714,5608,607,737,0,0,1948,44635,3141,9322,0,0,0,0,0
730,360,731.033371477728,99833,337,166,133,30,36086,18127,0.5430368715755312,187,97,26399,27285,8692,4498,14250,17922,43415,32418,0,0,11668,5384,14020,2715,5629,609,743,0,0,1981,44636,3129,9319,0,0,0,0,0
731,360,732.4508376022459,99833,320,164,133,30,36141,18160,0.5439183436338686,192,99,26442,27363,8712,4508,14199,17834,43436,32453,0,0,11622,5367,14013,2723,5654,611,752,0,0,2038,44615,3117,9321,0,0,0,0,0
732,360,733.3944663822984,99833,319,163,133,30,36178,18175,0.5444392134865225,199,104,26453,27395,8707,4509,14187,17797,43457,32488,0,0,11578,5355,14016,2723,5673,613,763,0,0,2058,44627,3107,9320,0,0,0,0,0
733,360,734.337544117303,99832,315,172,133,31,36221,18203,0.5451558618479044,200,94,26470,27440,8711,4503,14169,17758,43477,32523,0,0,11540,5340,14017,2724,5695,615,769,0,0,2090,44627,3097,9318,0,0,0,0,0
734,360,735.2801116856801,99832,301,170,133,31,36256,18224,0.5457168042311082,205,100,26483,27470,8725,4503,14151,17724,43497,32558,0,0,11498,5320,14025,2730,5709,619,780,0,0,2121,44626,3086,9318,0,0,0,0,0
735,360,736.2222462721047,99832,312,174,133,31,36302,18246,0.54639794855357,204,101,26496,27506,8725,4499,14128,17687,43517,32592,0,0,11471,5301,14029,2732,5728,622,787,0,0,2140,44626,3070,9326,0,0,0,0,0
736,360,737.1640605391839,99832,334,173,133,31,36363,18272,0.5472694126131902,181,96,26528,27550,8704,4504,14118,17644,43537,32626,0,0,11437,5280,14039,2733,5748,624,795,0,0,2168,44620,3061,9327,0,0,0,0,0
737,360,738.1045305648363,99831,334,181,133,32,36406,18299,0.5479760795744809,178,92,26549,27596,8700,4507,14104,17590,43557,32660,0,0,11403,5261,14040,2736,5765,629,796,0,0,2193,44625,3054,9329,0,0,0,0,0
738,360,739.0444207398251,99831,337,176,133,32,36457,18322,0.5487173322915727,170,95,26558,27621,8715,4516,14085,17558,43577,32694,0,0,11365,5243,14046,2742,5779,633,805,0,0,2230,44616,3040,9332,0,0,0,0,0
739,360,740.452873593871,99830,328,181,134,32,36524,18357,0.5497445657617951,172,96,26612,27698,8724,4521,14028,17470,43596,32728,0,0,11320,5226,14046,2741,5805,635,820,0,0,2286,44588,3032,9331,0,0,0,0,0
740,360,741.3904753640776,99830,321,171,134,32,36566,18371,0.550305519382951,174,105,26641,27735,8728,4525,14000,17430,43615,32761,0,0,11281,5211,14048,2742,5821,641,826,0,0,2321,44584,3026,9329,0,0,0,0,0
741,360,742.3271582027966,99830,332,171,134,32,36623,18392,0.5510868476409897,153,98,26671,27765,8730,4527,13978,17405,43634,32794,0,0,11250,5194,14055,2741,5845,644,833,0,0,2346,44581,3012,9329,0,0,0,0,0
742,360,743.2629320563875,99830,341,173,134,32,36656,18411,0.5516077331463488,166,106,26705,27804,8707,4526,13945,17357,43653,32827,0,0,11214,5187,14057,2736,5859,648,837,0,0,2367,44592,3005,9328,0,0,0,0,0
743,360,744.1973509572595,99830,344,183,134,32,36699,18435,0.5522788740859461,180,105,26731,27823,8700,4518,13909,17337,43672,32860,0,0,11189,5169,14060,2739,5877,652,840,0,0,2392,44589,2993,9330,0,0,0,0,0
744,360,745.1307916734827,99830,334,188,134,32,36737,18458,0.5528899128518482,200,114,26731,27866,8701,4515,13898,17283,43691,32893,0,0,11147,5153,14064,2739,5892,658,849,0,0,2417,44596,2986,9329,0,0,0,0,0
745,360,746.0637347801538,99829,339,188,135,32,36785,18486,0.5536567530477116,195,109,26755,27912,8702,4522,13872,17235,43710,32925,0,0,11114,5140,14064,2733,5923,660,853,0,0,2449,44592,2979,9322,0,0,0,0,0
746,360,747.4615060363003,99829,327,187,135,32,36850,18524,0.5546885173646936,190,114,26796,27987,8721,4525,13829,17153,43728,32957,0,0,11079,5125,14055,2737,5953,667,864,0,0,2504,44560,2964,9321,0,0,0,0,0
747,360,748.3922834711541,99829,340,190,135,32,36911,18546,0.555519939095854,178,118,26806,28017,8735,4530,13804,17111,43746,32989,0,0,11041,5110,14059,2740,5972,670,874,0,0,2530,44559,2954,9320,0,0,0,0,0
748,360,749.3227186547216,99829,326,195,135,32,36950,18570,0.5561510182411924,190,122,26823,28074,8746,4530,13778,17045,43764,33021,0,0,11007,5099,14052,2738,6004,671,878,0,0,2563,44556,2944,9317,0,0,0,0,0
749,360,750.2525700011685,99829,314,190,135,32,36995,18591,0.5568121487744042,193,126,26834,28112,8756,4543,13766,16995,43782,33053,0,0,10972,5081,14052,2736,6027,674,888,0,0,2605,44538,2937,9319,0,0,0,0,0
750,360,751.1820717840108,99829,316,180,135,32,37035,18616,0.557463262178325,205,124,26844,28140,8754,4565,13744,16957,43800,33084,0,0,10932,5069,14049,2739,6045,679,899,0,0,2635,44535,2927,9320,0,0,0,0,0
751,360,752.1111243026197,99829,308,175,135,32,37075,18641,0.5581143755822456,220,123,26857,28174,8768,4573,13710,16921,43818,33115,0,0,10900,5052,14055,2733,6069,683,909,0,0,2672,44518,2921,9317,0,0,0,0,0
752,360,753.0399758162605,99829,313,175,135,32,37124,18659,0.5587855232447485,212,131,26886,28208,8761,4570,13691,16882,43836,33146,0,0,10872,5038,14058,2733,6094,685,910,0,0,2703,44512,2914,9310,0,0,0,0,0
753,360,754.4313291996834,99829,318,189,135,32,37194,18708,0.5599775616303879,207,120,26935,28281,8761,4582,13642,16794,43853,33177,0,0,10835,5017,14058,2735,6122,688,917,0,0,2752,44490,2911,9304,0,0,0,0,0
754,360,755.3573340391868,99829,322,202,135,32,37238,18743,0.5607689148443838,208,117,26947,28306,8761,4583,13625,16758,43870,33208,0,0,10801,5002,14060,2735,6144,690,924,0,0,2777,44491,2902,9303,0,0,0,0,0
755,360,756.2827316380863,99829,334,208,135,32,37297,18772,0.5616504222219996,192,113,26981,28337,8758,4589,13598,16719,43887,33238,0,0,10775,4986,14061,2733,6172,692,929,0,0,2808,44479,2892,9302,0,0,0,0,0
756,360,757.2071988743181,99829,335,205,135,32,37347,18796,0.5623916897895401,181,106,26992,28386,8763,4599,13592,16670,43904,33268,0,0,10739,4974,14058,2736,6192,695,938,0,0,2842,44470,2880,9305,0,0,0,0,0
757,360,758.1311770642553,99829,326,206,135,32,37379,18821,0.5629626661591322,197,101,27020,28419,8758,4602,13562,16638,43921,33298,0,0,10704,4962,14054,2739,6214,696,942,0,0,2872,44468,2872,9306,0,0,0,0,0
758,360,759.0543746041208,99829,337,205,135,32,37427,18842,0.5636538480802171,204,113,27040,28446,8744,4605,13538,16597,43938,33328,0,0,10671,4944,14059,2744,6228,697,947,0,0,2902,44464,2865,9308,0,0,0,0,0
759,360,760.4375230371329,99829,327,199,135,32,37494,18884,0.5647457151729457,207,112,27080,28509,8760,4621,13489,16525,43955,33358,0,0,10637,4928,14058,2734,6273,701,962,0,0,2961,44422,2858,9295,0,0,0,0,0
760,360,761.3583256625031,99829,346,205,135,32,37550,18913,0.5655971711626882,190,110,27101,28536,8761,4625,13465,16490,43971,33387,0,0,10613,4911,14065,2735,6287,704,968,0,0,2993,44407,2847,9299,0,0,0,0,0
761,360,762.2784761940189,99828,344,211,135,33,37590,18946,0.5663340946427856,203,98,27113,28586,8763,4630,13440,16440,43987,33416,0,0,10573,4905,14062,2727,6306,707,977,0,0,3029,44400,2842,9300,0,0,0,0,0
762,360,763.1979968827676,99828,362,212,135,33,37648,18970,0.5671555074728533,186,106,27140,28617,8762,4639,13413,16391,44003,33445,0,0,10538,4884,14072,2733,6319,709,986,0,0,3059,44395,2838,9295,0,0,0,0,0
763,360,764.1166286044146,99828,335,213,135,33,37682,18995,0.5677465240213166,204,113,27171,28670,8775,4635,13378,16334,44019,33474,0,0,10505,4873,14070,2734,6343,714,990,0,0,3097,44382,2828,9292,0,0,0,0,0
764,360,765.0344623851761,99828,343,216,135,33,37735,19022,0.5685479023921144,197,117,27187,28691,8767,4647,13369,16294,44035,33503,0,0,10469,4861,14076,2727,6363,721,1002,0,0,3122,44378,2825,9284,0,0,0,0,0
765,360,766.4096376090275,99828,352,224,135,33,37802,19059,0.5695896942741515,199,122,27237,28741,8761,4652,13314,16226,44051,33532,0,0,10437,4847,14071,2728,6391,730,1009,0,0,3151,44369,2819,9276,0,0,0,0,0
766,360,767.3249765113985,99827,341,219,136,33,37850,19087,0.5703567171206186,204,121,27228,28788,8784,4670,13305,16167,44067,33560,0,0,10397,4835,14075,2732,6413,736,1021,0,0,3184,44357,2810,9267,0,0,0,0,0
767,360,768.2402884258003,99827,339,209,136,33,37890,19106,0.5709477395894899,220,138,27236,28809,8781,4681,13286,16128,44083,33588,0,0,10366,4820,14072,2736,6429,743,1027,0,0,3214,44351,2803,9266,0,0,0,0,0
768,360,769.1554237086314,99827,344,223,136,33,37948,19141,0.5718793512777104,214,138,27238,28828,8800,4684,13266,16092,44099,33616,0,0,10327,4804,14072,2735,6455,743,1041,0,0,3245,44344,2798,9263,0,0,0,0,0
769,360,770.0703983225502,99827,337,230,136,33,38004,19174,0.5727708936460076,213,129,27254,28862,8822,4697,13236,16047,44114,33644,0,0,10289,4788,14071,2742,6481,744,1052,0,0,3283,44329,2790,9258,0,0,0,0,0
770,360,771.4418209035057,99827,359,220,136,33,38073,19212,0.5738427479539604,202,138,27314,28931,8798,4711,13189,15965,44129,33672,0,0,10259,4771,14073,2748,6502,747,1058,0,0,3334,44299,2781,9255,0,0,0,0,0
771,360,772.3544026239972,99827,361,221,136,33,38117,19235,0.5745139090626784,219,141,27340,28964,8791,4713,13151,15926,44144,33700,0,0,10226,4761,14076,2745,6519,750,1069,0,0,3364,44290,2772,9255,0,0,0,0,0
772,360,773.2659607274162,99827,356,224,136,33,38166,19270,0.5753553647810713,218,140,27366,28995,8795,4733,13127,15873,44159,33727,0,0,10195,4743,14074,2752,6535,754,1075,0,0,3410,44268,2765,9256,0,0,0,0,0
773,360,774.1766391573,99827,370,228,136,33,38226,19299,0.5762469071493684,214,132,27361,29049,8810,4748,13107,15808,44174,33754,0,0,10165,4734,14064,2746,6570,757,1084,0,0,3433,44264,2757,9253,0,0,0,0,0
774,360,775.0870406779939,99827,376,240,136,33,38276,19334,0.5770983801977421,213,132,27377,29057,8806,4758,13090,15778,44189,33781,0,0,10137,4715,14071,2746,6590,759,1091,0,0,3464,44253,2751,9250,0,0,0,0,0
775,360,776.4517937708292,99826,373,242,137,33,38346,19390,0.5783663574619838,227,126,27411,29108,8815,4788,13035,15701,44204,33808,0,0,10086,4693,14065,2751,6614,768,1116,0,0,3511,44230,2747,9245,0,0,0,0,0
776,360,777.3607280897332,99826,366,235,137,33,38387,19412,0.5789974555726964,239,127,27422,29138,8824,4797,13010,15668,44219,33835,0,0,10055,4681,14069,2749,6635,772,1129,0,0,3544,44213,2735,9244,0,0,0,0,0
777,360,778.2691608285417,99826,382,223,137,33,38448,19441,0.579899024302286,231,120,27443,29172,8817,4819,12988,15631,44233,33862,0,0,10024,4670,14063,2749,6663,776,1140,0,0,3578,44193,2726,9244,0,0,0,0,0
778,360,779.1769661605395,99826,365,210,137,33,38493,19465,0.5805902269949712,241,128,27459,29203,8840,4833,12956,15591,44247,33888,0,0,9988,4661,14054,2758,6682,782,1146,0,0,3627,44170,2716,9242,0,0,0,0,0
779,360,780.0842894603214,99826,364,217,137,33,38535,19495,0.5813114819786428,250,125,27483,29247,8832,4830,12932,15546,44261,33914,0,0,9963,4654,14042,2758,6710,787,1150,0,0,3648,44168,2705,9241,0,0,0,0,0
780,360,781.4436343269534,99826,382,228,137,33,38627,19541,0.5826938873640134,233,120,27517,29311,8847,4833,12882,15473,44275,33940,0,0,9923,4636,14038,2762,6738,792,1165,0,0,3692,44148,2698,9234,0,0,0,0,0
781,360,782.3487888629919,99826,377,231,137,33,38682,19565,0.5834852643599864,225,125,27534,29344,8871,4836,12854,15429,44289,33966,0,0,9891,4614,14046,2764,6761,796,1181,0,0,3720,44134,2692,9227,0,0,0,0,0
782,360,783.2533969441774,99826,383,231,137,33,38735,19590,0.5842666239256306,230,123,27556,29373,8882,4845,12810,15393,44303,33992,0,0,9869,4597,14049,2760,6782,800,1186,0,0,3758,44112,2687,9226,0,0,0,0,0
783,360,784.1574956659888,99826,386,238,137,33,38790,19622,0.5851381403642337,230,134,27577,29386,8891,4846,12777,15361,44317,34018,0,0,9839,4582,14055,2761,6799,804,1192,0,0,3797,44095,2681,9221,0,0,0,0,0
784,360,785.0605553284322,99826,405,230,137,33,38854,19648,0.5860397090938233,215,136,27601,29421,8895,4867,12745,15311,44331,34043,0,0,9810,4567,14055,2764,6817,808,1201,0,0,3833,44075,2673,9223,0,0,0,0,0
785,360,786.4135955985028,99826,402,238,137,33,38928,19700,0.5873019053152485,202,133,27640,29488,8904,4882,12713,15224,44345,34068,0,0,9775,4550,14049,2775,6843,815,1212,0,0,3889,44041,2663,9214,0,0,0,0,0
786,360,787.314701921124,99826,406,255,137,33,38988,19743,0.5883337006391121,199,116,27654,29524,8922,4891,12680,15179,44359,34093,0,0,9745,4540,14048,2775,6868,821,1222,0,0,3918,44029,2652,9208,0,0,0,0,0
787,360,788.2152654859427,99825,408,242,138,33,39036,19767,0.5890608564988731,201,121,27674,29550,8927,4913,12650,15139,44372,34118,0,0,9716,4529,14048,2773,6891,823,1231,0,0,3965,44000,2647,9202,0,0,0,0,0
788,360,789.1154002709588,99824,389,248,139,33,39070,19799,0.5897279211412085,216,116,27684,29591,8943,4914,12627,15096,44385,34143,0,0,9696,4507,14051,2780,6908,829,1233,0,0,4001,43978,2642,9199,0,0,0,0,0
789,360,790.0150730987051,99824,385,260,139,33,39115,19840,0.5905894374098413,218,103,27707,29602,8948,4931,12601,15069,44398,34168,0,0,9667,4501,14044,2779,6928,837,1240,0,0,4031,43964,2634,9199,0,0,0,0,0
790,360,791.3634647889129,99823,391,254,140,33,39192,19875,0.5917173396912535,221,106,27727,29644,8962,4950,12557,15011,44411,34193,0,0,9628,4490,14033,2781,6963,842,1256,0,0,4072,43942,2625,9191,0,0,0,0,0
791,360,792.2616952191742,99823,395,243,140,33,39248,19901,0.5925387936647867,210,100,27755,29679,8974,4971,12524,14972,44424,34217,0,0,9599,4473,14032,2787,6986,846,1263,0,0,4111,43921,2619,9186,0,0,0,0,0
792,360,793.1592085065957,99823,393,237,140,33,39296,19931,0.5933201767127816,205,99,27771,29699,8984,4994,12505,14936,44437,34241,0,0,9576,4464,14028,2786,7013,847,1269,0,0,4160,43888,2608,9184,0,0,0,0,0
793,360,794.0562882255153,99823,392,225,140,33,39342,19952,0.5939913647155465,207,107,27777,29742,8997,5008,12485,14883,44450,34265,0,0,9545,4455,14025,2780,7033,855,1280,0,0,4196,43869,2606,9179,0,0,0,0,0
794,360,795.401455832496,99822,387,210,140,34,39405,19981,0.5949189557412193,218,117,27807,29797,9013,5021,12433,14819,44463,34289,0,0,9524,4435,14014,2784,7066,864,1285,0,0,4242,43836,2598,9174,0,0,0,0,0
795,360,796.2973849182894,99822,384,202,140,34,39453,20005,0.5956402396265352,224,125,27816,29825,9022,5039,12412,14773,44476,34313,0,0,9490,4422,14011,2789,7083,869,1298,0,0,4278,43818,2591,9173,0,0,0,0,0
796,360,797.1930787214297,99822,388,215,140,34,39505,20033,0.5964416661657751,213,115,27830,29884,9044,5031,12383,14719,44489,34337,0,0,9465,4405,14018,2799,7095,872,1299,0,0,4305,43809,2584,9171,0,0,0,0,0
797,360,798.0881905954285,99822,389,214,140,34,39552,20061,0.5971930035463124,209,116,27834,29911,9059,5045,12367,14678,44502,34361,0,0,9444,4389,14025,2799,7106,880,1304,0,0,4344,43784,2578,9169,0,0,0,0,0
798,360,799.4304199814355,99822,378,214,140,34,39615,20104,0.5982548937108052,217,115,27873,29955,9079,5062,12311,14618,44514,34384,0,0,9415,4378,14011,2793,7149,884,1315,0,0,4396,43748,2571,9162,0,0,0,0,0
799,360,800.3243595853584,99822,365,201,140,34,39651,20130,0.5988759992787162,229,122,27893,29984,9083,5076,12288,14581,44526,34407,0,0,9388,4366,14005,2797,7181,887,1320,0,0,4428,43732,2563,9155,0,0,0,0,0
800,360,801.2177649501624,99821,359,199,140,35,39700,20151,0.5995832540247042,229,119,27916,30016,9094,5078,12260,14551,44538,34430,0,0,9359,4352,14005,2801,7199,891,1329,0,0,4460,43717,2556,9152,0,0,0,0,0
801,360,802.1105222459494,99821,378,189,140,35,39759,20169,0.6003546347962854,220,118,27939,30048,9084,5092,12237,14516,44550,34453,0,0,9337,4338,14005,2804,7222,894,1335,0,0,4485,43704,2547,9150,0,0,0,0,0
802,360,803.0024418673826,99821,372,190,140,35,39806,20199,0.6011260155678665,221,121,27978,30083,9089,5093,12198,14476,44562,34476,0,0,9315,4327,13999,2806,7245,898,1337,0,0,4529,43678,2540,9147,0,0,0,0,0
803,360,804.3384572152022,99821,366,201,140,35,39880,20244,0.6023181494875828,229,117,28005,30122,9116,5097,12142,14426,44574,34499,0,0,9282,4313,13999,2816,7269,907,1349,0,0,4570,43650,2529,9137,0,0,0,0,0
804,360,805.2280937514463,99821,372,198,140,35,39935,20270,0.6031296019875577,219,120,28010,30151,9131,5107,12126,14387,44586,34522,0,0,9251,4303,13989,2821,7291,911,1360,0,0,4600,43637,2520,9138,0,0,0,0,0
805,360,806.1174975456138,99821,359,201,140,35,39982,20296,0.603860911030745,218,119,28032,30190,9146,5108,12103,14345,44598,34544,0,0,9226,4295,13985,2818,7320,914,1367,0,0,4636,43614,2514,9132,0,0,0,0,0
806,360,807.0065840710693,99821,360,197,140,35,40030,20320,0.6045822021418339,210,117,28051,30233,9162,5112,12075,14304,44610,34566,0,0,9200,4287,13979,2818,7346,916,1374,0,0,4669,43597,2506,9129,0,0,0,0,0
807,360,808.3390650721184,99820,365,208,141,35,40107,20368,0.6058405129232619,203,104,28062,30283,9188,5123,12039,14245,44622,34588,0,0,9173,4270,13976,2824,7372,924,1379,0,0,4715,43570,2497,9120,0,0,0,0,0
808,360,809.2270181829867,99820,357,204,141,35,40146,20387,0.6064215588058506,221,118,28073,30305,9192,5129,12014,14207,44634,34610,0,0,9156,4258,13969,2828,7395,931,1382,0,0,4740,43557,2486,9118,0,0,0,0,0
809,360,810.1147217384641,99820,352,213,141,35,40184,20415,0.6070827489481065,238,110,28103,30331,9181,5134,11983,14175,44645,34632,0,0,9135,4244,13974,2831,7406,936,1387,0,0,4766,43541,2479,9121,0,0,0,0,0
810,360,811.0015701823761,99820,358,216,141,35,40231,20442,0.60782408335003,247,105,28095,30360,9195,5144,11962,14138,44656,34654,0,0,9105,4233,13973,2833,7422,939,1399,0,0,4791,43532,2472,9121,0,0,0,0,0
811,360,812.3315366786322,99820,364,222,141,35,40312,20482,0.6090362652774995,251,99,28102,30405,9211,5149,11929,14088,44667,34676,0,0,9076,4222,13968,2838,7446,942,1410,0,0,4850,43487,2463,9118,0,0,0,0,0
812,360,813.217844479111,99820,362,215,141,35,40354,20504,0.6096774193548387,246,100,28117,30443,9222,5154,11910,14051,44678,34698,0,0,9055,4209,13969,2838,7469,943,1416,0,0,4890,43462,2456,9113,0,0,0,0,0
813,360,814.1038657673773,99820,377,223,141,35,40419,20530,0.6105890603085554,235,103,28130,30472,9233,5156,11882,14009,44689,34719,0,0,9033,4196,13971,2839,7492,947,1423,0,0,4915,43447,2453,9104,0,0,0,0,0
814,360,815.4317293073991,99820,374,208,141,35,40486,20554,0.6115007012622721,231,108,28181,30522,9246,5175,11825,13950,44700,34740,0,0,9002,4185,13961,2842,7525,949,1434,0,0,4963,43414,2446,9099,0,0,0,0,0
815,360,816.3158540661956,99820,385,205,141,35,40537,20576,0.6122320176317372,235,114,28198,30554,9247,5179,11792,13911,44711,34761,0,0,8970,4179,13956,2846,7538,954,1443,0,0,4988,43408,2439,9099,0,0,0,0,0
816,360,817.1992174562578,99819,387,193,142,35,40586,20596,0.6129294022180146,238,122,28211,30585,9253,5196,11767,13867,44722,34782,0,0,8945,4171,13953,2843,7554,962,1452,0,0,5025,43385,2432,9097,0,0,0,0,0
817,360,818.082209054594,99819,389,202,142,35,40633,20624,0.6136807621795449,248,113,28233,30623,9250,5193,11736,13832,44733,34803,0,0,8919,4162,13948,2842,7573,968,1459,0,0,5048,43379,2428,9093,0,0,0,0,0
818,360,819.4052078818751,99819,389,204,142,35,40709,20665,0.6148528837195324,244,103,28252,30675,9276,5204,11695,13777,44744,34824,0,0,8893,4146,13936,2851,7605,970,1467,0,0,5102,43337,2419,9093,0,0,0,0,0
819,360,820.2867236550755,99819,411,208,142,35,40774,20692,0.6157745519390097,227,105,28263,30708,9286,5210,11669,13732,44755,34845,0,0,8871,4136,13935,2854,7626,974,1472,0,0,5127,43326,2410,9088,0,0,0,0,0
820,360,821.1678907078497,99819,406,208,142,35,40811,20712,0.6163455855097727,247,113,28271,30735,9293,5208,11639,13699,44766,34866,0,0,8851,4129,13930,2854,7646,980,1471,0,0,5152,43319,2403,9084,0,0,0,0,0
821,360,822.048591730081,99819,410,214,142,35,40861,20735,0.6170769092056623,253,117,28273,30750,9305,5206,11615,13676,44777,34886,0,0,8827,4117,13924,2854,7674,981,1475,0,0,5174,43314,2400,9079,0,0,0,0,0
822,360,823.3690193604564,99819,400,204,142,35,40937,20769,0.6181789038159068,240,121,28306,30790,9342,5226,11568,13622,44788,34906,0,0,8793,4108,13910,2864,7707,988,1488,0,0,5225,43280,2386,9070,0,0,0,0,0
823,360,824.2486140725362,99819,409,193,142,35,40996,20786,0.6189402819102575,221,123,28331,30818,9344,5238,11551,13591,44798,34926,0,0,8774,4099,13901,2863,7730,994,1495,0,0,5259,43256,2379,9069,0,0,0,0,0
824,360,825.1277578916769,99819,387,192,142,35,41035,20811,0.6195814424107635,239,117,28342,30857,9363,5243,11525,13554,44808,34946,0,0,8754,4088,13892,2864,7756,1000,1504,0,0,5290,43229,2369,9073,0,0,0,0,0
825,360,826.0066189404833,99819,389,194,142,35,41078,20841,0.6203127661066531,235,118,28385,30871,9353,5255,11494,13525,44818,34966,0,0,8736,4081,13889,2860,7779,1002,1508,0,0,5329,43202,2363,9070,0,0,0,0,0
826,360,827.3230393925758,99819,412,188,142,35,41171,20880,0.6216351596389464,230,116,28397,30919,9365,5270,11452,13470,44828,34986,0,0,8702,4070,13879,2866,7805,1012,1523,0,0,5369,43178,2353,9062,0,0,0,0,0
827,360,828.2000174125886,99819,410,191,142,35,41213,20905,0.6223063745379136,240,112,28416,30952,9365,5271,11425,13437,44838,35006,0,0,8683,4061,13877,2868,7825,1016,1525,0,0,5399,43161,2347,9057,0,0,0,0,0
828,360,829.0765334649268,99819,409,184,142,35,41266,20930,0.6230877888979052,222,108,28424,30978,9383,5280,11418,13413,44848,35026,0,0,8660,4050,13869,2869,7857,1019,1533,0,0,5434,43137,2342,9049,0,0,0,0,0
829,360,830.3906885645574,99819,402,188,142,35,41337,20964,0.6241396928440477,214,121,28481,31000,9396,5289,11363,13365,44858,35046,0,0,8632,4040,13862,2873,7881,1031,1543,0,0,5471,43110,2336,9040,0,0,0,0,0
830,360,831.2655219603421,99819,382,201,142,35,41371,20987,0.6247107264148108,229,126,28498,31039,9411,5272,11336,13325,44868,35065,0,0,8608,4030,13854,2871,7900,1039,1551,0,0,5491,43103,2335,9037,0,0,0,0,0
831,360,832.1396031787099,99819,376,203,142,35,41418,21011,0.6254220138450596,227,142,28510,31050,9436,5286,11307,13282,44878,35084,0,0,8582,4019,13850,2878,7916,1045,1559,0,0,5521,43090,2329,9030,0,0,0,0,0
832,360,833.0133743233575,99819,373,208,142,35,41474,21041,0.6262835732676144,215,142,28529,31078,9451,5288,11288,13247,44888,35103,0,0,8557,4008,13846,2879,7944,1049,1569,0,0,5548,43071,2322,9026,0,0,0,0,0
833,360,834.3228594629685,99819,384,224,142,35,41543,21095,0.6275158036045242,203,135,28571,31118,9460,5301,11238,13185,44898,35122,0,0,8537,3993,13838,2881,7977,1055,1576,0,0,5581,43045,2316,9020,0,0,0,0,0
834,360,835.194799199728,99819,384,227,142,35,41587,21127,0.6282771816988749,214,120,28573,31153,9464,5302,11221,13161,44908,35141,0,0,8521,3980,13838,2883,8001,1057,1579,0,0,5612,43022,2307,9019,0,0,0,0,0
835,360,836.0665831954324,99819,387,217,142,35,41635,21146,0.6289483965978421,217,125,28595,31183,9459,5315,11198,13123,44918,35160,0,0,8503,3974,13825,2882,8032,1059,1582,0,0,5643,43004,2297,9018,0,0,0,0,0
836,360,837.3729384782641,99819,385,217,142,35,41711,21186,0.630110500005009,226,126,28621,31233,9486,5332,11138,13055,44928,35179,0,0,8471,3959,13820,2892,8059,1066,1599,0,0,5691,42969,2288,9005,0,0,0,0,0
837,360,838.2431376084276,99819,385,216,142,35,41752,21207,0.6307316242398742,230,124,28635,31264,9490,5337,11116,13022,44938,35198,0,0,8449,3949,13813,2892,8082,1069,1604,0,0,5715,42959,2284,9003,0,0,0,0,0
838,360,839.1129748181969,99819,382,220,142,35,41794,21231,0.6313928210060209,237,126,28653,31284,9498,5342,11086,12991,44947,35217,0,0,8428,3943,13811,2891,8107,1072,1609,0,0,5738,42944,2280,8996,0,0,0,0,0
839,360,840.4167432948348,99819,396,223,142,35,41871,21270,0.6325549244131878,236,117,28676,31329,9504,5351,11044,12943,44956,35235,0,0,8409,3938,13800,2885,8136,1082,1613,0,0,5778,42916,2271,8991,0,0,0,0,0
840,360,841.2852001086188,99819,385,219,142,35,41904,21288,0.6330658491870286,253,114,28687,31366,9511,5358,11020,12906,44965,35253,0,0,8387,3927,13796,2892,8159,1084,1617,0,0,5797,42907,2265,8988,0,0,0,0,0
841,360,842.1531573723847,99819,389,229,142,35,41959,21319,0.6339274086095833,249,110,28699,31403,9522,5360,10997,12861,44974,35271,0,0,8365,3914,13790,2895,8177,1090,1624,0,0,5820,42894,2259,8991,0,0,0,0,0
842,360,843.020805671807,99819,405,228,142,35,42017,21350,0.6348190224305994,242,110,28720,31429,9523,5370,10966,12826,44983,35289,0,0,8341,3903,13787,2894,8199,1092,1630,0,0,5855,42875,2257,8986,0,0,0,0,0
843,360,844.32087325922,99819,414,215,142,35,42093,21389,0.6359711077049459,228,106,28766,31469,9535,5400,10913,12773,44992,35307,0,0,8319,3890,13779,2900,8240,1094,1637,0,0,5904,42833,2248,8975,0,0,0,0,0
844,360,845.1866280492505,99818,411,204,142,36,42135,21410,0.6366086277024184,236,110,28779,31482,9545,5412,10885,12754,45001,35325,0,0,8298,3886,13772,2898,8255,1100,1644,0,0,5944,42803,2241,8977,0,0,0,0,0
845,360,846.0519570984301,99818,391,204,142,36,42180,21435,0.6373099040253261,236,114,28794,31511,9570,5417,10865,12716,45010,35343,0,0,8280,3876,13762,2898,8288,1105,1645,0,0,5980,42778,2238,8968,0,0,0,0,0
846,360,847.349155243881,99818,399,211,142,36,42260,21476,0.638522110240638,236,113,28821,31539,9579,5430,10821,12669,45019,35361,0,0,8248,3867,13757,2902,8316,1110,1661,0,0,6021,42749,2230,8957,0,0,0,0,0
847,360,848.2131900746585,99817,387,206,143,36,42307,21492,0.6391596621817927,235,123,28834,31571,9592,5431,10807,12631,45028,35379,0,0,8228,3857,13754,2893,8340,1117,1671,0,0,6055,42723,2227,8952,0,0,0,0,0
848,360,849.0769710518522,99817,387,202,143,36,42362,21511,0.6399010188645221,226,132,28843,31600,9615,5430,10784,12598,45037,35397,0,0,8205,3849,13745,2893,8369,1120,1680,0,0,6081,42706,2219,8950,0,0,0,0,0
849,360,850.3720175066463,99817,362,214,143,36,42427,21559,0.641033090555717,229,121,28871,31651,9645,5437,10748,12539,45046,35414,0,0,8190,3834,13735,2903,8405,1129,1680,0,0,6130,42663,2211,8937,0,0,0,0,0
850,360,851.2349793541485,99817,368,207,143,36,42472,21578,0.6416742639029424,222,121,28908,31672,9645,5445,10712,12517,45055,35431,0,0,8172,3826,13731,2901,8427,1131,1684,0,0,6162,42642,2207,8934,0,0,0,0,0
851,360,852.0970152300441,99817,372,205,143,36,42528,21607,0.6425258222547261,209,114,28927,31684,9657,5466,10690,12493,45064,35448,0,0,8153,3813,13725,2907,8449,1133,1687,0,0,6203,42611,2203,8933,0,0,0,0,0
852,360,853.388914198218,99817,356,200,143,36,42589,21643,0.6434976006091147,207,106,28992,31722,9675,5480,10625,12454,45073,35465,0,0,8127,3801,13709,2913,8482,1138,1696,0,0,6252,42570,2198,8931,0,0,0,0,0
853,360,854.2487971873969,99817,354,199,143,36,42639,21665,0.6442189206247433,203,105,29010,31755,9687,5490,10601,12413,45082,35482,0,0,8105,3797,13702,2909,8507,1142,1701,0,0,6288,42547,2196,8923,0,0,0,0,0
854,360,855.1080793644231,99817,336,195,143,36,42672,21689,0.6447899656371159,206,98,29040,31783,9697,5499,10576,12387,45091,35499,0,0,8091,3787,13703,2910,8525,1149,1700,0,0,6328,42516,2193,8915,0,0,0,0,0
855,360,856.395615588191,99817,325,200,143,36,42731,21724,0.6457316889908533,212,92,29095,31824,9708,5508,10515,12338,45099,35516,0,0,8068,3777,13700,2916,8547,1154,1709,0,0,6373,42480,2183,8910,0,0,0,0,0
856,360,857.2527894536765,99817,340,195,143,36,42783,21744,0.6464530090064818,198,92,29111,31843,9718,5514,10488,12318,45107,35533,0,0,8050,3773,13696,2919,8559,1158,1714,0,0,6406,42458,2174,8910,0,0,0,0,0
857,360,858.1091874887006,99817,358,201,143,36,42828,21766,0.6471242373543584,182,94,29148,31866,9698,5516,10469,12285,45115,35550,0,0,8034,3765,13696,2923,8570,1162,1716,0,0,6421,42454,2167,8909,0,0,0,0,0
858,360,859.3920162841454,99816,336,201,144,36,42878,21803,0.648002324276669,192,95,29210,31895,9707,5529,10409,12242,45123,35567,0,0,8007,3755,13690,2922,8597,1170,1730,0,0,6461,42423,2160,8901,0,0,0,0,0
859,360,860.245919441767,99816,336,200,144,36,42922,21826,0.6486735593492026,190,95,29221,31913,9712,5532,10395,12222,45131,35584,0,0,7990,3747,13690,2926,8610,1176,1733,0,0,6493,42400,2154,8897,0,0,0,0,0
860,360,861.0992139251874,99816,319,193,144,36,42960,21845,0.6492446100825519,195,98,29248,31933,9729,5541,10363,12197,45139,35600,0,0,7972,3735,13684,2927,8634,1181,1743,0,0,6524,42373,2148,8895,0,0,0,0,0
861,360,862.3781086707431,99816,317,188,144,36,43023,21877,0.6501963613048009,191,99,29277,31973,9740,5547,10329,12155,45147,35616,0,0,7954,3728,13670,2925,8667,1189,1748,0,0,6567,42337,2146,8885,0,0,0,0,0
862,360,863.2299818315834,99816,326,184,144,36,43061,21893,0.650737356736395,192,101,29296,32022,9738,5543,10302,12112,45155,35632,0,0,7940,3719,13668,2925,8684,1194,1750,0,0,6579,42331,2141,8885,0,0,0,0,0
863,360,864.0812355048088,99816,313,179,144,36,43091,21918,0.6512883706019075,203,92,29321,32052,9737,5552,10280,12087,45163,35648,0,0,7928,3705,13661,2924,8715,1197,1753,0,0,6603,42309,2139,8882,0,0,0,0,0
864,360,865.3570453568858,99816,316,169,144,36,43154,21939,0.6521299190510539,197,94,29359,32106,9748,5559,10234,12034,45171,35664,0,0,7906,3700,13655,2921,8741,1203,1760,0,0,6638,42282,2132,8878,0,0,0,0,0
865,360,866.2067258786104,99816,328,151,144,36,43204,21962,0.6528612647270978,186,91,29381,32141,9749,5577,10210,12002,45179,35680,0,0,7888,3695,13650,2913,8770,1205,1767,0,0,6676,42251,2128,8873,0,0,0,0,0
866,360,867.0558218315276,99816,328,150,144,36,43241,21978,0.6533922417247736,186,96,29412,32173,9741,5572,10187,11971,45187,35696,0,0,7872,3691,13648,2908,8792,1205,1769,0,0,6704,42233,2124,8870,0,0,0,0,0
867,360,868.3279721872572,99815,332,151,144,37,43302,22004,0.6542704002404448,193,97,29437,32200,9739,5579,10153,11934,45195,35712,0,0,7854,3683,13642,2911,8813,1210,1773,0,0,6740,42207,2117,8865,0,0,0,0,0
868,360,869.1752454457642,99815,330,146,144,37,43338,22019,0.6547813454891549,192,97,29466,32225,9739,5587,10127,11906,45203,35728,0,0,7841,3671,13635,2913,8836,1215,1773,0,0,6759,42198,2115,8859,0,0,0,0,0
869,360,870.0218701349688,99815,325,142,144,37,43376,22033,0.6553023092721535,190,102,29496,32255,9736,5585,10107,11877,45211,35744,0,0,7826,3662,13635,2913,8848,1223,1776,0,0,6786,42180,2112,8854,0,0,0,0,0
870,360,871.290363102972,99815,336,156,144,37,43445,22072,0.6563843109753044,181,89,29519,32317,9742,5574,10076,11825,45219,35760,0,0,7803,3654,13628,2910,8877,1225,1785,0,0,6822,42156,2108,8847,0,0,0,0,0
871,360,872.1352492222134,99815,346,154,144,37,43487,22091,0.6569954415668987,182,92,29541,32339,9739,5582,10046,11794,45227,35776,0,0,7783,3647,13627,2908,8892,1229,1791,0,0,6843,42146,2105,8844,0,0,0,0,0
872,360,873.4016376888993,99814,345,147,145,37,43545,22113,0.6578035145370389,189,101,29578,32398,9745,5580,9996,11735,45235,35791,0,0,7766,3637,13623,2910,8918,1232,1794,0,0,6883,42115,2099,8837,0,0,0,0,0
873,360,874.2450481248557,99814,366,154,145,37,43599,22136,0.658574949405895,163,97,29610,32422,9736,5584,9978,11704,45243,35806,0,0,7751,3627,13619,2908,8941,1233,1798,0,0,6901,42106,2097,8833,0,0,0,0,0
874,360,875.0874895337291,99814,355,156,145,37,43630,22150,0.6590257879656161,169,105,29627,32450,9753,5581,9949,11669,45251,35821,0,0,7736,3618,13613,2915,8955,1235,1799,0,0,6924,42094,2089,8836,0,0,0,0,0
875,360,876.3499740350481,99814,330,158,145,37,43666,22183,0.6597170737571884,192,103,29666,32487,9759,5592,9906,11621,45258,35836,0,0,7716,3608,13608,2922,8968,1246,1805,0,0,6961,42066,2082,8832,0,0,0,0,0
876,360,877.1907182798986,99814,317,167,145,37,43709,22207,0.6603883222794398,183,88,29686,32521,9778,5589,9889,11596,45265,35851,0,0,7706,3597,13604,2924,8994,1250,1807,0,0,6990,42042,2076,8824,0,0,0,0,0
877,360,878.0312077869314,99814,324,168,145,37,43748,22228,0.6609894403590678,174,81,29700,32549,9783,5596,9872,11567,45272,35866,0,0,7691,3592,13601,2927,9012,1254,1810,0,0,7004,42034,2068,8821,0,0,0,0,0
878,360,879.2908586263337,99814,322,165,145,37,43807,22254,0.6618410243052076,164,77,29748,32599,9780,5605,9839,11515,45279,35881,0,0,7671,3584,13592,2933,9039,1258,1814,0,0,7040,42007,2063,8813,0,0,0,0,0
879,360,880.1298438043829,99814,314,146,145,37,43836,22264,0.662231751056966,172,78,29781,32626,9776,5618,9810,11493,45286,35896,0,0,7654,3575,13584,2935,9058,1264,1820,0,0,7064,41993,2057,8810,0,0,0,0,0
880,360,881.3867623833718,99814,333,147,145,37,43905,22293,0.6632135772536919,153,69,29815,32678,9776,5626,9776,11441,45293,35911,0,0,7637,3564,13576,2942,9081,1266,1824,0,0,7097,41968,2050,8809,0,0,0,0,0
881,360,882.2237421606568,99814,330,143,145,37,43940,22305,0.6636844530827339,148,70,29833,32702,9779,5629,9763,11417,45300,35926,0,0,7620,3554,13576,2943,9100,1267,1831,0,0,7119,41953,2047,8804,0,0,0,0,0
882,360,883.0604222518946,99813,323,140,146,37,43976,22325,0.6642521515233487,137,63,29860,32725,9779,5642,9753,11391,45307,35941,0,0,7600,3543,13570,2950,9118,1270,1837,0,0,7139,41939,2043,8804,0,0,0,0,0
883,360,884.3143169095592,99812,292,137,147,37,44006,22353,0.6648398990101391,159,67,29893,32783,9788,5634,9719,11340,45314,35956,0,0,7584,3536,13559,2950,9149,1276,1839,0,0,7175,41909,2039,8796,0,0,0,0,0
884,360,885.1496181607039,99812,298,143,147,37,44040,22375,0.6654009537931311,163,59,29914,32811,9777,5634,9699,11314,45321,35970,0,0,7573,3529,13559,2950,9162,1279,1841,0,0,7195,41896,2033,8795,0,0,0,0,0
885,360,886.4012775808203,99812,283,128,147,37,44084,22393,0.6660221215885865,168,62,29944,32861,9780,5641,9676,11269,45328,35984,0,0,7557,3527,13549,2951,9183,1288,1842,0,0,7234,41866,2023,8792,0,0,0,0,0
886,360,887.2351767788052,99812,283,133,147,37,44120,22412,0.666573157536168,162,54,29951,32895,9792,5636,9663,11243,45335,35998,0,0,7539,3522,13550,2948,9195,1291,1849,0,0,7255,41855,2016,8792,0,0,0,0,0
887,360,888.0687887014934,99812,280,125,147,37,44153,22425,0.6670340239650543,164,53,29983,32939,9792,5637,9632,11207,45342,36012,0,0,7520,3512,13548,2949,9210,1294,1856,0,0,7278,41840,2015,8790,0,0,0,0,0
888,360,889.3179127454281,99812,279,124,147,37,44207,22443,0.6677553801146154,159,58,30005,33000,9800,5623,9608,11156,45349,36026,0,0,7500,3506,13538,2948,9229,1301,1863,0,0,7308,41821,2014,8784,0,0,0,0,0
889,360,890.1502954580366,99812,285,128,147,37,44245,22460,0.668306416062197,145,56,30040,33033,9792,5613,9589,11131,45356,36040,0,0,7487,3500,13531,2953,9242,1304,1863,0,0,7324,41813,2007,8788,0,0,0,0,0
890,360,891.3973171047716,99812,279,120,147,37,44297,22479,0.6690177533763475,137,62,30086,33071,9797,5616,9552,11092,45363,36054,0,0,7464,3496,13522,2952,9269,1309,1874,0,0,7355,41789,2002,8780,0,0,0,0,0
891,360,892.2276859579282,99811,265,121,148,37,44317,22493,0.6693651000390739,139,62,30111,33106,9796,5611,9539,11061,45370,36068,0,0,7452,3489,13519,2952,9278,1314,1875,0,0,7378,41775,1997,8782,0,0,0,0,0
892,360,893.0574886652315,99811,265,121,148,37,44345,22504,0.6697558385348308,138,68,30134,33140,9790,5603,9523,11029,45377,36082,0,0,7437,3484,13516,2954,9290,1318,1877,0,0,7388,41774,1992,8781,0,0,0,0,0
893,360,894.3007085869158,99811,271,127,148,37,44391,22530,0.670477201911613,148,68,30176,33172,9769,5599,9486,10995,45384,36096,0,0,7422,3482,13510,2949,9311,1323,1879,0,0,7414,41755,1991,8775,0,0,0,0,0
894,360,895.1284307022871,99811,257,127,148,37,44416,22544,0.67086794040737,151,69,30192,33209,9777,5588,9473,10968,45391,36110,0,0,7404,3474,13509,2953,9320,1328,1882,0,0,7433,41746,1989,8773,0,0,0,0,0
895,360,896.3690722100506,99811,272,127,148,37,44462,22558,0.6714690765546883,153,75,30219,33256,9765,5582,9441,10921,45398,36124,0,0,7388,3467,13507,2951,9337,1333,1886,0,0,7440,41745,1986,8771,0,0,0,0,0
896,360,897.1955261935135,99810,279,113,148,38,44495,22565,0.6718765654744013,146,89,30233,33283,9763,5587,9429,10888,45405,36138,0,0,7379,3461,13505,2947,9355,1337,1886,0,0,7459,41732,1982,8767,0,0,0,0,0
897,360,898.0216053885807,99810,267,123,148,38,44516,22589,0.6723274221019938,154,76,30247,33299,9766,5589,9416,10873,45412,36152,0,0,7371,3453,13505,2941,9369,1344,1883,0,0,7478,41719,1982,8765,0,0,0,0,0
898,360,899.2599064936381,99810,257,132,148,38,44555,22616,0.6729886784891294,164,72,30267,33350,9775,5580,9387,10826,45418,36165,0,0,7355,3449,13501,2945,9374,1357,1884,0,0,7501,41705,1976,8763,0,0,0,0,0
899,360,900.0850837330332,99810,255,127,148,38,44572,22618,0.673179040176335,185,106,30272,33349,9770,5575,9368,10803,45418,36165,0,0,7351,3448,13497,2949,9382,1357,1888,0,0,7508,41696,1973,8761,0,0,0,0,0
900,360,900.0850837330332,99810,255,131,148,38,44589,22627,0.6734395351167217,196,106,30270,33358,9772,5575,9357,10790,45418,36165,0,0,7344,3446,13495,2952,9383,1359,1887,7,7,7508,41689,1973,8760,0,0,0,0,0
901,360,901.3220199913123,99809,280,127,148,39,44654,22661,0.6744381769179132,195,104,30312,33402,9759,5584,9304,10742,45418,36165,0,0,7333,3444,13485,2955,9403,1362,1887,18,41,7503,41654,1970,8754,0,0,0,0,0
902,360,902.1455876357663,99809,286,134,148,39,44691,22683,0.6750293059744111,206,104,30331,33431,9762,5577,9265,10713,45418,36165,0,0,7326,3442,13476,2958,9414,1365,1887,25,59,7503,41636,1968,8750,0,0,0,0,0
903,360,903.3795552273606,99809,269,144,148,39,44738,22709,0.6757607029426204,213,108,30369,33472,9786,5565,9213,10670,45418,36165,0,0,7319,3436,13468,2967,9427,1374,1885,32,89,7497,41606,1964,8745,0,0,0,0,0
904,360,904.2012683958857,99809,266,146,148,39,44772,22726,0.6762716789067118,223,116,30396,33509,9789,5560,9176,10628,45418,36165,0,0,7313,3435,13455,2968,9440,1382,1885,38,103,7494,41592,1963,8741,0,0,0,0,0
905,360,905.0223618566902,99808,278,150,149,39,44819,22747,0.6769597627444693,213,124,30420,33535,9795,5556,9143,10594,45418,36165,0,0,7306,3431,13448,2975,9450,1384,1884,45,124,7492,41571,1961,8737,0,0,0,0,0
906,360,906.2523952091016,99808,311,164,149,39,44904,22788,0.6782221865982687,206,117,30440,33577,9792,5560,9100,10541,45418,36165,0,0,7298,3427,13437,2980,9478,1387,1883,53,153,7487,41542,1959,8724,0,0,0,0,0
907,360,907.0716888201213,99808,312,166,149,39,44946,22808,0.6788433792882335,202,121,30471,33599,9790,5568,9074,10505,45418,36165,0,0,7291,3427,13421,2982,9502,1390,1882,60,173,7484,41522,1958,8716,0,0,0,0,0
908,360,908.2993709584903,99808,304,173,149,39,44997,22845,0.679725072138506,234,128,30498,33635,9795,5571,9018,10452,45418,36165,0,0,7278,3422,13412,2987,9526,1395,1881,73,208,7472,41487,1958,8709,0,0,0,0,0
909,360,909.1169289244366,99808,319,173,149,39,45045,22867,0.6804264187239499,239,136,30531,33651,9786,5581,8974,10418,45418,36165,0,0,7272,3417,13407,2994,9535,1399,1881,79,233,7470,41462,1956,8703,0,0,0,0,0
910,360,910.3413781984908,99808,325,182,149,39,45120,22912,0.6816287271561398,240,115,30569,33690,9803,5597,8912,10375,45418,36165,0,0,7261,3412,13387,2999,9578,1406,1879,90,260,7458,41435,1953,8690,0,0,0,0,0
911,360,911.1567194336055,99808,340,182,149,39,45170,22934,0.6823501122154537,235,123,30588,33700,9808,5613,8878,10341,45418,36165,0,0,7257,3404,13378,3006,9597,1408,1879,94,281,7454,41414,1952,8684,0,0,0,0,0
912,360,912.3787300784165,99808,348,187,149,39,45256,22978,0.6836526130169926,221,120,30606,33737,9841,5627,8833,10288,45418,36165,0,0,7243,3396,13363,3013,9632,1416,1878,108,320,7447,41374,1949,8669,0,0,0,0,0
913,360,913.1929158018843,99808,358,183,149,39,45307,22999,0.6843739980763065,213,130,30632,33764,9845,5632,8801,10250,45418,36165,0,0,7238,3395,13352,3015,9651,1421,1875,113,346,7444,41347,1948,8663,0,0,0,0,0
914,360,914.0064618540489,99808,361,179,149,39,45351,23016,0.6849851715293364,229,139,30647,33785,9842,5637,8770,10219,45418,36165,0,0,7230,3393,13348,3019,9666,1425,1874,121,372,7438,41321,1946,8655,0,0,0,0,0
915,360,915.2258552631038,99808,367,200,149,39,45415,23061,0.6860772683552421,241,143,30663,33805,9851,5632,8727,10179,45418,36165,0,0,7224,3388,13330,3023,9695,1429,1873,127,405,7431,41288,1946,8649,0,0,0,0,0
916,360,916.0380497033216,99808,365,207,149,39,45457,23093,0.6868186918884258,258,139,30682,33828,9851,5641,8693,10144,45418,36165,0,0,7218,3385,13322,3032,9708,1433,1869,133,435,7429,41258,1942,8644,0,0,0,0,0
917,360,917.2550741513951,99808,388,214,149,39,45536,23135,0.6880310195575505,260,142,30710,33849,9854,5656,8637,10098,45418,36165,0,0,7206,3381,13313,3040,9724,1437,1866,145,479,7426,41214,1939,8638,0,0,0,0,0
918,360,918.0656198124564,99807,398,220,150,39,45584,23164,0.6888094021461421,269,147,30714,33865,9859,5669,8608,10058,45418,36165,0,0,7196,3378,13308,3044,9734,1441,1866,154,506,7424,41187,1937,8632,0,0,0,0,0
919,360,919.2807801981613,99807,405,224,150,39,45668,23204,0.6900517999739497,281,163,30718,33910,9879,5669,8565,9993,45418,36165,0,0,7179,3374,13289,3046,9764,1452,1864,171,542,7421,41151,1935,8619,0,0,0,0,0
920,360,920.090495768173,99807,426,225,150,39,45743,23235,0.6911138497299789,274,170,30727,33919,9894,5685,8527,9960,45418,36165,0,0,7168,3372,13279,3047,9784,1458,1864,182,580,7413,41113,1934,8613,0,0,0,0,0
921,360,921.304588096396,99806,451,231,151,39,45830,23288,0.692523495581428,274,172,30745,33942,9904,5704,8473,9910,45418,36165,0,0,7161,3366,13265,3058,9818,1461,1859,189,627,7405,41066,1930,8601,0,0,0,0,0
922,360,922.1132859997433,99806,446,233,151,39,45876,23319,0.693294992285033,284,176,30770,33963,9910,5720,8437,9867,45418,36165,0,0,7155,3360,13252,3068,9840,1465,1858,195,659,7401,41033,1926,8594,0,0,0,0,0
923,360,923.3252420139279,99805,451,238,152,39,45962,23366,0.6946345373478283,280,166,30785,34009,9936,5735,8394,9811,45418,36165,0,0,7143,3356,13238,3071,9871,1471,1857,206,718,7396,40974,1922,8582,0,0,0,0,0
924,360,924.1328447642584,99805,442,241,152,39,46005,23396,0.6953659636290767,298,162,30794,34027,9941,5749,8371,9780,45418,36165,0,0,7136,3352,13226,3076,9896,1475,1854,212,748,7389,40944,1921,8576,0,0,0,0,0
925,360,925.3436356269327,99805,443,249,152,39,46087,23442,0.6966484645057863,316,157,30789,34064,9981,5756,8317,9733,45418,36165,0,0,7122,3343,13208,3081,9936,1480,1854,226,789,7380,40903,1917,8566,0,0,0,0,0
926,360,926.1508184139844,99805,454,263,152,39,46158,23477,0.6977105355443114,299,144,30812,34096,10002,5759,8279,9697,45418,36165,0,0,7117,3341,13194,3083,9963,1484,1853,231,825,7372,40867,1915,8560,0,0,0,0,0
927,360,927.360511405952,99805,446,254,152,39,46237,23519,0.698922899654326,308,132,30842,34136,10041,5788,8209,9649,45418,36165,0,0,7105,3338,13176,3092,9998,1496,1847,243,878,7362,40813,1912,8545,0,0,0,0,0
928,360,928.1664117537733,99805,476,253,152,39,46311,23545,0.6999248534642553,299,143,30839,34154,10050,5792,8182,9617,45418,36165,0,0,7100,3335,13167,3094,10020,1502,1846,248,904,7355,40787,1910,8537,0,0,0,0,0
929,360,929.3751069832285,99805,488,254,152,39,46401,23594,0.7013175692600571,299,152,30838,34169,10078,5811,8143,9573,45418,36165,0,0,7086,3329,13156,3103,10038,1517,1845,261,952,7347,40738,1904,8529,0,0,0,0,0
930,360,930.1807830949577,99804,474,259,153,39,46448,23623,0.7020860887339185,312,160,30852,34179,10105,5818,8102,9543,45418,36165,0,0,7081,3325,13152,3103,10056,1527,1845,266,986,7340,40702,1903,8518,0,0,0,0,0
931,360,931.388563774175,99804,487,263,153,39,46546,23663,0.7034687988457377,314,163,30842,34215,10141,5828,8061,9490,45418,36165,0,0,7070,3321,13139,3102,10089,1538,1844,277,1030,7333,40656,1900,8505,0,0,0,0,0
932,360,932.1936978677606,99804,496,256,153,39,46616,23688,0.7044206645024248,315,173,30844,34242,10161,5838,8029,9450,45418,36165,0,0,7059,3319,13126,3107,10111,1545,1843,288,1069,7327,40616,1897,8497,0,0,0,0,0
933,360,933.4013385446484,99804,499,278,153,39,46709,23756,0.7060338262995471,323,181,30857,34258,10192,5845,7974,9397,45418,36165,0,0,7049,3307,13113,3123,10141,1556,1841,297,1121,7318,40562,1893,8483,0,0,0,0,0
934,360,934.2059560341967,99804,512,276,153,39,46774,23790,0.7070257705102,337,182,30846,34259,10205,5866,7945,9376,45418,36165,0,0,7037,3305,13098,3126,10166,1557,1839,309,1164,7316,40519,1891,8477,0,0,0,0,0
935,360,935.0104872737309,99804,546,288,153,39,46861,23827,0.708268205683139,316,185,30854,34266,10219,5878,7910,9342,45418,36165,0,0,7026,3302,13089,3132,10193,1558,1837,320,1194,7310,40488,1889,8466,0,0,0,0,0
936,360,936.2168272371388,99804,541,294,153,39,46958,23886,0.709831269287804,328,182,30848,34286,10266,5903,7862,9294,45418,36165,0,0,7019,3292,13068,3143,10238,1571,1834,327,1252,7298,40428,1886,8448,0,0,0,0,0
937,360,937.020960893992,99804,559,301,153,39,47029,23930,0.71098352771432,336,184,30848,34293,10273,5925,7829,9256,45418,36165,0,0,7008,3287,13058,3152,10257,1578,1829,338,1286,7294,40394,1884,8439,0,0,0,0,0
938,360,938.2269059907964,99803,562,306,154,39,47140,23991,0.7127140466719437,333,186,30848,34304,10324,5948,7777,9215,45418,36165,0,0,6993,3278,13042,3168,10297,1587,1826,353,1353,7285,40326,1875,8420,0,0,0,0,0
939,360,939.0308174306995,99803,562,315,154,39,47224,24034,0.7139865535104155,334,200,30834,34304,10362,5957,7752,9183,45418,36165,0,0,6979,3272,13029,3176,10329,1595,1825,367,1397,7272,40282,1870,8410,0,0,0,0,0
940,360,940.2368997977309,99803,554,320,154,39,47319,24101,0.7156097512098835,359,200,30826,34314,10408,5993,7697,9132,45418,36165,0,0,6966,3261,13013,3186,10365,1607,1822,379,1470,7260,40209,1867,8398,0,0,0,0,0
941,360,941.0410290591051,99803,567,323,154,39,47396,24143,0.7168021001372704,368,204,30815,34315,10431,6018,7663,9099,45418,36165,0,0,6957,3254,12998,3193,10395,1611,1819,388,1513,7253,40164,1866,8392,0,0,0,0,0
942,360,942.2474744178289,99803,579,321,154,39,47503,24204,0.718485416270052,395,208,30789,34335,10469,6043,7612,9052,45418,36165,0,0,6946,3245,12968,3203,10456,1619,1817,399,1568,7235,40108,1863,8376,0,0,0,0,0
943,360,943.0519890268182,99803,557,322,154,39,47571,24239,0.7195174493752693,408,222,30776,34355,10528,6049,7575,9011,45418,36165,0,0,6933,3237,12952,3212,10483,1629,1816,412,1617,7229,40058,1860,8365,0,0,0,0,0
944,360,944.2594591552386,99803,562,318,154,39,47691,24290,0.7212308247247077,400,232,30760,34377,10588,6071,7534,8961,45418,36165,0,0,6914,3230,12934,3219,10515,1643,1814,431,1692,7221,39980,1856,8354,0,0,0,0,0
945,360,945.0647758542144,99801,557,352,156,39,47759,24349,0.7225178104427812,398,230,30755,34385,10624,6073,7508,8919,45418,36165,0,0,6903,3227,12923,3219,10542,1650,1813,441,1732,7216,39939,1856,8340,0,0,0,0,0
946,360,946.2726538788405,99801,578,367,156,39,47867,24422,0.7243314195248545,395,228,30766,34394,10649,6107,7454,8863,45418,36165,0,0,6884,3221,12902,3226,10584,1658,1812,460,1786,7208,39883,1852,8325,0,0,0,0,0
947,360,947.0775962953335,99801,590,363,156,39,47937,24467,0.7254837125880502,415,231,30753,34402,10671,6138,7413,8825,45418,36165,0,0,6877,3218,12887,3234,10610,1667,1812,467,1831,7202,39838,1846,8312,0,0,0,0,0
948,360,948.2849628010833,99801,603,369,156,39,48049,24534,0.7272772817907637,419,237,30748,34426,10711,6162,7361,8765,45418,36165,0,0,6851,3213,12868,3245,10646,1678,1810,492,1891,7192,39777,1839,8299,0,0,0,0,0
949,360,949.0897428260346,99801,610,381,156,39,48131,24591,0.7286700534062784,437,227,30733,34427,10738,6193,7324,8731,45418,36165,0,0,6840,3207,12854,3253,10669,1687,1808,501,1943,7188,39721,1837,8293,0,0,0,0,0
950,360,950.2971611729295,99801,636,387,156,39,48268,24670,0.7308343603771505,422,223,30721,34443,10788,6229,7275,8677,45418,36165,0,0,6826,3199,12830,3259,10732,1697,1805,515,2007,7180,39649,1833,8269,0,0,0,0,0
951,360,951.1023431730703,99801,646,397,156,39,48362,24713,0.7322070921133055,422,219,30697,34455,10832,6244,7245,8644,45418,36165,0,0,6817,3191,12815,3271,10759,1710,1804,523,2046,7173,39609,1828,8255,0,0,0,0,0
952,360,952.3108128647971,99800,675,374,156,40,48492,24771,0.7340981963927856,403,241,30697,34452,10876,6301,7191,8590,45418,36165,0,0,6802,3184,12795,3274,10810,1718,1801,538,2129,7163,39522,1826,8238,0,0,0,0,0
953,360,953.116497739533,99800,660,382,156,40,48566,24824,0.7353707414829659,416,230,30694,34469,10913,6321,7159,8556,45418,36165,0,0,6794,3175,12779,3281,10837,1729,1800,546,2194,7160,39456,1825,8224,0,0,0,0,0
954,360,954.3251197537303,99799,660,373,157,40,48685,24888,0.7372117957093759,440,251,30668,34470,10959,6368,7114,8496,45418,36165,0,0,6776,3164,12747,3295,10885,1744,1798,561,2268,7151,39381,1820,8209,0,0,0,0,0
955,360,955.1311292287504,99799,671,382,157,40,48764,24939,0.7385144139720838,454,266,30652,34454,10988,6389,7076,8467,45418,36165,0,0,6767,3157,12738,3306,10909,1750,1796,570,2317,7143,39330,1816,8200,0,0,0,0,0
956,360,956.3404173124596,99799,712,394,157,40,48904,25014,0.7406687441757933,450,270,30629,34454,11025,6421,7025,8419,45418,36165,0,0,6753,3151,12709,3311,10954,1763,1793,584,2380,7136,39265,1813,8187,0,0,0,0,0
957,360,957.1468014485301,99798,756,402,158,40,49022,25078,0.7424998496963867,437,251,30611,34460,11047,6457,6989,8388,45418,36165,0,0,6741,3146,12690,3321,10991,1768,1792,596,2434,7128,39209,1806,8176,0,0,0,0,0
958,360,958.3567078719433,99798,775,422,158,40,49174,25157,0.7448145253411892,429,264,30578,34461,11119,6477,6939,8334,45418,36165,0,0,6728,3138,12664,3328,11047,1782,1787,609,2512,7112,39129,1806,8156,0,0,0,0,0
959,360,959.1639093046523,99798,758,427,158,40,49252,25208,0.7461071364155595,457,274,30549,34459,11169,6500,6907,8298,45418,36165,0,0,6717,3134,12649,3329,11079,1793,1785,620,2578,7104,39062,1803,8145,0,0,0,0,0
960,360,960.3756248773982,99798,781,450,158,40,49394,25286,0.7483115894106094,463,294,30518,34454,11222,6515,6856,8245,45418,36165,0,0,6697,3123,12628,3339,11125,1803,1781,639,2644,7096,38995,1800,8128,0,0,0,0,0
961,360,961.1839425894239,99798,773,462,158,40,49483,25342,0.7497645243391651,471,297,30496,34443,11271,6540,6829,8216,45418,36165,0,0,6686,3118,12614,3344,11149,1819,1777,650,2703,7093,38933,1797,8115,0,0,0,0,0
962,360,962.397005916976,99798,792,470,158,40,49630,25420,0.752019078538648,497,314,30431,34438,11342,6571,6778,8165,45418,36165,0,0,6667,3114,12590,3350,11189,1838,1773,668,2785,7083,38847,1794,8100,0,0,0,0,0
963,360,963.2067178599119,99798,797,493,158,40,49731,25494,0.7537726206938015,508,302,30402,34422,11386,6606,6747,8135,45418,36165,0,0,6653,3107,12568,3364,11223,1851,1769,682,2839,7074,38793,1787,8088,0,0,0,0,0
964,360,964.0171806262445,99797,793,502,159,40,49817,25560,0.7553032656292273,537,299,30380,34403,11421,6647,6708,8107,45418,36165,0,0,6641,3100,12548,3372,11263,1863,1767,692,2889,7064,38738,1782,8078,0,0,0,0,0
965,360,965.233534816394,99796,808,498,160,40,49976,25635,0.7576556174596176,551,325,30330,34392,11491,6690,6658,8053,45418,36165,0,0,6623,3090,12518,3377,11319,1881,1765,709,2981,7048,38642,1780,8063,0,0,0,0,0
966,360,966.0452650747341,99796,835,513,160,40,50095,25704,0.7595394604994188,562,317,30296,34390,11521,6715,6624,8023,45418,36165,0,0,6611,3081,12497,3386,11368,1887,1763,721,3036,7039,38583,1777,8047,0,0,0,0,0
967,360,967.2636663137502,99796,858,516,160,40,50270,25806,0.7623151228506152,558,337,30266,34379,11594,6760,6562,7966,45418,36165,0,0,6583,3074,12467,3393,11434,1907,1760,749,3132,7020,38480,1775,8022,0,0,0,0,0
968,360,968.0764779105384,99796,853,520,160,40,50369,25868,0.7639284139644875,599,344,30215,34377,11644,6777,6527,7940,45418,36165,0,0,6571,3065,12438,3401,11491,1916,1757,761,3186,7012,38422,1771,8005,0,0,0,0,0
969,360,969.2973546367597,99795,873,515,161,40,50552,25969,0.7667819029009469,617,339,30161,34345,11720,6857,6466,7902,45418,36165,0,0,6539,3056,12398,3415,11564,1933,1749,792,3285,6996,38320,1762,7986,0,0,0,0,0
970,360,970.1121348462817,99795,900,514,161,40,50687,26030,0.7687459291547672,593,348,30139,34337,11773,6888,6432,7871,45418,36165,0,0,6523,3048,12379,3429,11596,1949,1748,807,3353,6987,38250,1753,7973,0,0,0,0,0
971,360,971.3354987925884,99795,921,538,161,40,50857,26141,0.7715617014880505,631,337,30080,34301,11842,6948,6363,7834,45418,36165,0,0,6501,3037,12345,3441,11663,1966,1744,829,3442,6970,38159,1746,7952,0,0,0,0,0
972,360,972.1517541177889,99794,947,541,161,41,50993,26204,0.7735635408942422,623,352,30040,34273,11899,6993,6328,7798,45418,36165,0,0,6486,3034,12325,3441,11712,1974,1743,842,3521,6958,38076,1746,7936,0,0,0,0,0
973,360,973.3775848961003,99794,949,540,161,41,51172,26299,0.7763091969457082,645,349,29976,34257,11995,7058,6272,7753,45418,36165,0,0,6469,3020,12292,3457,11775,2003,1738,859,3624,6939,37968,1739,7911,0,0,0,0,0
974,360,974.1962588004595,99793,979,543,162,41,51302,26371,0.7783411662140631,640,350,29955,34252,12028,7094,6234,7718,45418,36165,0,0,6451,3015,12270,3460,11819,2014,1734,877,3693,6929,37896,1737,7898,0,0,0,0,0
975,360,975.0153646265593,99793,993,566,162,41,51427,26454,0.7804254807451424,655,351,29908,34228,12083,7128,6197,7684,45418,36165,0,0,6439,3011,12251,3472,11856,2029,1730,888,3766,6917,37821,1730,7883,0,0,0,0,0
976,360,976.2453785753833,99792,981,589,162,42,51607,26570,0.7833994708994709,669,360,29852,34188,12189,7177,6145,7642,45418,36165,0,0,6420,2997,12218,3486,11933,2049,1725,907,3879,6897,37700,1723,7858,0,0,0,0,0
977,360,977.0666951752605,99791,993,616,163,42,51739,26662,0.7856520127065567,672,345,29802,34165,12259,7212,6109,7618,45418,36165,0,0,6400,2995,12195,3482,11983,2065,1724,925,3950,6891,37626,1722,7833,0,0,0,0,0
978,360,978.3007224513758,99791,1005,612,163,42,51949,26767,0.7888086099948893,651,358,29760,34135,12361,7277,6058,7574,45418,36165,0,0,6384,2973,12152,3511,12070,2088,1717,937,4050,6877,37516,1712,7804,0,0,0,0,0
979,360,979.1243960797096,99791,1028,625,163,42,52079,26857,0.7910132176248359,649,347,29715,34123,12420,7325,6023,7536,45418,36165,0,0,6368,2963,12126,3522,12119,2100,1713,949,4119,6866,37442,1710,7794,0,0,0,0,0
980,360,980.3618434107974,99791,1050,635,163,42,52291,26964,0.7942098986882584,657,365,29637,34098,12514,7368,5977,7490,45418,36165,0,0,6340,2949,12090,3542,12191,2121,1707,975,4221,6846,37337,1702,7770,0,0,0,0,0
981,360,981.1881089471385,99790,1041,628,164,42,52428,27041,0.7963623609580118,662,380,29580,34071,12595,7427,5956,7450,45418,36165,0,0,6316,2938,12061,3560,12244,2142,1699,997,4300,6831,37253,1700,7749,0,0,0,0,0
982,360,982.0158822958018,99789,1053,626,165,42,52562,27116,0.7984647606449609,659,374,29533,34073,12667,7468,5921,7415,45418,36165,0,0,6298,2928,12031,3567,12303,2156,1695,1012,4367,6822,37182,1697,7731,0,0,0,0,0
983,360,983.2599165317005,99789,1055,656,165,42,52758,27243,0.8017015903556505,691,343,29462,34063,12756,7527,5869,7367,45418,36165,0,0,6271,2917,11998,3591,12371,2182,1687,1037,4468,6798,37071,1687,7711,0,0,0,0,0
984,360,984.0906165432743,99788,1076,633,165,43,52904,27308,0.803824107107067,676,354,29424,34049,12817,7590,5840,7329,45418,36165,0,0,6259,2914,11978,3598,12420,2198,1684,1048,4563,6785,36968,1679,7694,0,0,0,0,0
985,360,985.3389698211955,99785,1090,591,168,43,53105,27404,0.8068246730470512,676,388,29363,34020,12908,7673,5793,7283,45418,36165,0,0,6230,2899,11943,3611,12513,2212,1678,1072,4685,6768,36830,1671,7673,0,0,0,0,0
986,360,986.1724465273265,99785,1111,615,168,43,53254,27499,0.8092699303502531,672,377,29325,33997,12961,7710,5761,7256,45418,36165,0,0,6215,2888,11917,3624,12564,2227,1674,1087,4760,6758,36751,1665,7655,0,0,0,0,0
987,360,987.0068498108252,99785,1122,627,168,43,53415,27577,0.8116650799218319,668,364,29268,34000,13044,7739,5728,7225,45418,36165,0,0,6204,2879,11883,3638,12630,2240,1669,1092,4839,6749,36663,1661,7638,0,0,0,0,0
988,360,988.2607262061398,99785,1127,624,168,43,53612,27698,0.814851931653054,708,376,29214,33970,13111,7816,5670,7169,45418,36165,0,0,6181,2866,11838,3651,12710,2271,1665,1112,4951,6736,36540,1656,7608,0,0,0,0,0
989,360,989.0976863894309,99783,1145,614,169,44,53775,27763,0.8171532224928094,689,391,29172,33944,13189,7864,5634,7141,45418,36165,0,0,6167,2858,11805,3661,12770,2295,1661,1125,5024,6727,36460,1651,7579,0,0,0,0,0
990,360,990.3554037259493,99783,1163,632,169,44,53985,27888,0.8205105078019301,704,404,29077,33914,13295,7922,5590,7082,45418,36165,0,0,6140,2842,11766,3687,12831,2323,1654,1149,5138,6710,36340,1645,7558,0,0,0,0,0
991,360,991.1956577915041,99782,1197,633,169,45,54154,27972,0.8230542582830571,695,412,29036,33900,13356,7967,5545,7041,45418,36165,0,0,6118,2828,11742,3701,12872,2344,1647,1171,5221,6697,36255,1643,7543,0,0,0,0,0
992,360,992.0371045995115,99782,1196,668,169,45,54290,28069,0.8253893487803411,728,393,28971,33889,13423,7990,5511,7013,45418,36165,0,0,6099,2818,11717,3714,12907,2368,1646,1187,5291,6686,36179,1638,7532,0,0,0,0,0
993,360,993.3019620535606,99781,1233,679,169,46,54547,28199,0.8292761146911737,709,404,28865,33850,13559,8060,5463,6959,45418,36165,0,0,6065,2806,11671,3737,12980,2402,1641,1217,5407,6669,36053,1625,7508,0,0,0,0,0
994,360,994.1473221572321,99779,1247,706,170,47,54696,28300,0.831798274185951,715,398,28812,33831,13633,8099,5421,6917,45418,36165,0,0,6050,2797,11645,3751,13035,2420,1636,1231,5478,6659,35973,1620,7484,0,0,0,0,0
995,360,995.4181457167824,99777,1235,701,172,47,54915,28425,0.835262635677561,766,422,28732,33777,13736,8180,5357,6871,45418,36165,0,0,6020,2779,11606,3773,13106,2457,1628,1258,5610,6643,35830,1611,7456,0,0,0,0,0
996,360,996.2668149824374,99777,1263,683,172,47,55078,28509,0.8377381560880764,756,436,28678,33753,13800,8244,5329,6835,45418,36165,0,0,5997,2773,11575,3780,13166,2477,1624,1278,5694,6632,35735,1607,7439,0,0,0,0,0
997,360,997.1170197064788,99776,1293,681,173,47,55256,28608,0.8405227710070559,731,434,28635,33724,13878,8306,5288,6806,45418,36165,0,0,5975,2763,11545,3784,13233,2496,1621,1298,5784,6625,35636,1600,7416,0,0,0,0,0
998,360,998.3947826376002,99776,1295,702,173,47,55511,28748,0.8444816388710712,750,427,28541,33675,14010,8381,5229,6766,45418,36165,0,0,5943,2748,11505,3814,13327,2520,1603,1326,5916,6612,35484,1593,7385,0,0,0,0,0
999,360,999.2485468231325,99773,1315,714,176,47,55673,28839,0.8470427871267778,765,421,28477,33653,14064,8431,5201,6732,45418,36165,0,0,5924,2740,11475,3818,13384,2543,1600,1342,5994,6600,35401,1590,7362,0,0,0,0,0
1000,360,1000.1037350264237,99771,1314,695,178,47,55835,28927,0.8495655050064648,777,420,28424,33632,14131,8507,5174,6697,45418,36165,0,0,5899,2734,11440,3826,13446,2570,1594,1363,6093,6588,35293,1586,7339,0,0,0,0,0
1001,360,1001.3896742359171,99769,1337,697,179,48,56102,29076,0.853752167506941,759,417,28342,33584,14257,8598,5124,6654,45418,36165,0,0,5866,2724,11400,3834,13538,2611,1589,1392,6241,6565,35132,1582,7295,0,0,0,0,0
1002,360,1002.2490378560025,99769,1329,707,179,48,56270,29176,0.8564383726408002,760,408,28276,33567,14363,8651,5091,6617,45418,36165,0,0,5846,2705,11362,3851,13610,2632,1586,1409,6330,6549,35031,1577,7281,0,0,0,0,0
1003,360,1003.1101649895292,99769,1334,709,179,48,56432,29268,0.8589842536258758,774,412,28202,33532,14446,8710,5063,6587,45418,36165,0,0,5823,2695,11334,3862,13677,2657,1583,1429,6405,6531,34945,1573,7255,0,0,0,0,0
1004,360,1004.4057161050209,99767,1331,714,181,48,56668,29392,0.8626098810227831,812,439,28092,33482,14567,8782,5015,6533,45418,36165,0,0,5786,2679,11296,3868,13756,2696,1579,1462,6525,6511,34809,1569,7231,0,0,0,0,0
1005,360,1005.2721861095853,99766,1339,726,182,48,56831,29481,0.8651444379848846,841,442,28033,33447,14627,8828,4976,6507,45418,36165,0,0,5771,2668,11264,3877,13823,2711,1572,1476,6607,6501,34713,1565,7218,0,0,0,0,0
1006,360,1006.1398278251131,99764,1340,726,183,49,57000,29574,0.8677879796319313,853,457,27964,33411,14715,8885,4943,6470,45418,36165,0,0,5751,2661,11229,3885,13894,2732,1564,1493,6703,6489,34609,1561,7193,0,0,0,0,0
1007,360,1007.0095450661765,99764,1342,720,183,49,57167,29668,0.870404153802975,871,480,27913,33359,14787,8950,4902,6440,45418,36165,0,0,5729,2648,11199,3901,13966,2754,1558,1513,6785,6473,34514,1553,7171,0,0,0,0,0
1008,360,1008.3167781305233,99763,1327,712,184,49,57448,29812,0.874672974950633,853,501,27827,33299,14955,9055,4852,6382,45418,36165,0,0,5693,2630,11140,3921,14098,2790,1546,1546,6922,6443,34352,1543,7139,0,0,0,0,0
1009,360,1009.1907895057435,99763,1341,746,184,49,57628,29929,0.8776500305724567,839,472,27792,33283,15029,9093,4813,6355,45418,36165,0,0,5676,2618,11109,3935,14182,2810,1544,1561,6987,6426,34271,1538,7106,0,0,0,0,0
1010,360,1010.0660442280046,99763,1330,757,184,49,57802,30023,0.8803363972615098,861,476,27721,33248,15120,9134,4782,6334,45418,36165,0,0,5655,2607,11076,3945,14258,2840,1542,1577,7060,6405,34188,1530,7080,0,0,0,0,0
1011,360,1011.3821887461019,99761,1338,785,184,51,58082,30181,0.8847445394492838,850,474,27643,33207,15247,9191,4736,6290,45418,36165,0,0,5624,2588,11032,3964,14365,2883,1534,1604,7170,6374,34054,1522,7047,0,0,0,0,0
1012,360,1012.2614818966542,99760,1341,815,185,51,58270,30308,0.8879109863672815,853,448,27584,33182,15332,9245,4703,6257,45418,36165,0,0,5602,2578,11007,3968,14439,2905,1531,1622,7276,6349,33939,1515,7029,0,0,0,0,0
1013,360,1013.1425827609161,99760,1367,782,185,51,58467,30400,0.8908079390537289,833,463,27519,33148,15427,9326,4667,6228,45418,36165,0,0,5578,2562,10964,3982,14528,2926,1524,1642,7373,6335,33829,1511,7006,0,0,0,0,0
1014,360,1014.0259077809279,99759,1364,789,186,51,58652,30508,0.8937539470122996,845,465,27446,33117,15521,9384,4636,6192,45418,36165,0,0,5553,2551,10926,4000,14597,2959,1516,1664,7453,6321,33731,1504,6984,0,0,0,0,0
1015,360,1015.354584270957,99759,1380,790,186,51,58922,30659,0.8979741176234726,873,475,27337,33068,15630,9477,4592,6137,45418,36165,0,0,5523,2536,10875,4023,14701,2997,1508,1687,7576,6302,33581,1494,6956,0,0,0,0,0
1016,360,1016.2430253991406,99758,1379,773,186,52,59110,30743,0.9007097175163896,881,495,27265,33028,15736,9541,4551,6109,45418,36165,0,0,5506,2527,10845,4037,14783,3024,1504,1699,7657,6282,33477,1483,6934,0,0,0,0,0
1017,360,1017.1335668442072,99758,1387,778,186,52,59295,30860,0.9037370436456224,892,469,27203,33024,15808,9610,4522,6065,45418,36165,0,0,5480,2519,10821,4054,14827,3063,1497,1720,7761,6268,33365,1475,6908,0,0,0,0,0
1018,360,1018.026247766296,99758,1395,790,186,52,59479,30976,0.906744321257443,894,454,27141,33004,15899,9664,4483,6034,45418,36165,0,0,5460,2506,10795,4073,14892,3093,1494,1736,7848,6243,33265,1465,6888,0,0,0,0,0
1019,360,1019.3687774304034,99756,1398,792,188,52,59763,31126,0.9111131160030475,889,450,27044,32965,16043,9749,4436,5990,45418,36165,0,0,5429,2492,10737,4092,15001,3136,1488,1760,7974,6228,33113,1449,6857,0,0,0,0,0
1020,360,1020.2666033566535,99756,1396,797,188,52,59952,31236,0.9141104294478528,877,460,26973,32937,16155,9794,4409,5958,45418,36165,0,0,5405,2480,10700,4106,15070,3166,1484,1778,8074,6210,33002,1442,6839,0,0,0,0,0
1021,360,1021.1668480085813,99756,1416,788,188,52,60151,31345,0.9171979630297927,880,468,26896,32897,16245,9869,4373,5924,45418,36165,0,0,5377,2467,10666,4119,15149,3193,1478,1804,8169,6184,32897,1436,6817,0,0,0,0,0
1022,360,1022.0693541238988,99755,1401,788,189,52,60355,31453,0.9203348203097589,871,476,26844,32876,16349,9919,4344,5887,45418,36165,0,0,5354,2452,10626,4139,15233,3219,1472,1824,8281,6167,32769,1426,6793,0,0,0,0,0
1023,360,1023.4269609800912,99754,1469,816,190,52,60678,31618,0.9252360807586664,848,485,26740,32830,16460,9979,4291,5836,45418,36165,0,0,5329,2437,10584,4162,15342,3252,1465,1847,8395,6143,32621,1412,6765,0,0,0,0,0
1024,360,1024.3344226617585,99753,1464,804,190,53,60859,31720,0.9280823634376911,852,484,26679,32798,16544,10052,4269,5807,45418,36165,0,0,5306,2429,10554,4169,15412,3285,1461,1866,8490,6128,32509,1404,6740,0,0,0,0,0
1025,360,1025.2438356171824,99752,1476,803,191,53,61035,31829,0.9309487529072099,864,473,26639,32772,16591,10125,4237,5772,45418,36165,0,0,5284,2423,10528,4181,15467,3322,1454,1882,8571,6120,32416,1396,6708,0,0,0,0,0
1026,360,1026.1546686768256,99751,1462,811,192,53,61238,31935,0.934055798939359,857,483,26578,32734,16704,10184,4205,5733,45418,36165,0,0,5268,2408,10485,4193,15567,3348,1449,1898,8663,6100,32306,1387,6679,0,0,0,0,0
1027,360,1027.067745785151,99751,1460,816,192,53,61433,32038,0.9370432376617778,821,477,26541,32708,16808,10239,4176,5705,45418,36165,0,0,5254,2391,10443,4219,15652,3376,1441,1904,8748,6083,32208,1380,6652,0,0,0,0,0
1028,360,1028.440427299594,99751,1486,826,192,53,61728,32204,0.9416647452155869,814,490,26464,32634,16932,10335,4110,5660,45418,36165,0,0,5223,2381,10394,4229,15766,3421,1436,1929,8872,6065,32053,1367,6615,0,0,0,0,0
1029,360,1029.3574106490375,99746,1485,843,195,55,61911,32329,0.9447997914703347,833,478,26388,32592,17019,10400,4078,5630,45418,36165,0,0,5200,2373,10357,4243,15830,3454,1427,1948,8962,6053,31947,1361,6591,0,0,0,0,0
1030,360,1030.276538583816,99746,1469,835,195,55,62090,32435,0.9476570489042168,865,482,26313,32567,17106,10459,4050,5600,45418,36165,0,0,5179,2363,10328,4256,15909,3492,1419,1967,9042,6032,31845,1352,6562,0,0,0,0,0
1031,360,1031.1981981283407,99746,1473,836,195,55,62285,32550,0.9507649429551059,874,503,26233,32528,17206,10522,4017,5554,45418,36165,0,0,5158,2351,10296,4270,15974,3532,1411,1987,9137,6013,31734,1347,6536,0,0,0,0,0
1032,360,1032.1222523707959,99746,1475,851,195,55,62491,32675,0.9540833717642813,893,495,26169,32502,17284,10583,3982,5512,45418,36165,0,0,5127,2335,10256,4287,16060,3566,1405,2015,9211,5995,31641,1341,6507,0,0,0,0,0
1033,360,1033.048481866816,99745,1510,856,195,56,62717,32792,0.9575317058499173,848,499,26099,32484,17396,10628,3950,5475,45418,36165,0,0,5107,2325,10220,4296,16151,3600,1402,2032,9286,5972,31548,1334,6472,0,0,0,0,0
1034,360,1034.4424457590726,99744,1491,841,196,56,63005,32942,0.9619325473211421,856,509,26025,32441,17533,10726,3897,5425,45418,36165,0,0,5077,2307,10175,4311,16251,3659,1397,2056,9432,5952,31372,1325,6430,0,0,0,0,0
1035,360,1035.3743689623425,99742,1526,857,198,56,63206,33073,0.9652804234926109,849,493,25954,32415,17607,10785,3864,5392,45418,36165,0,0,5055,2298,10146,4325,16320,3688,1389,2073,9510,5930,31275,1319,6414,0,0,0,0,0
1036,360,1036.3082697750613,99741,1503,852,198,57,63390,33182,0.9682277097682999,877,515,25888,32371,17707,10843,3825,5360,45418,36165,0,0,5034,2290,10114,4337,16410,3722,1384,2087,9595,5910,31167,1311,6380,0,0,0,0,0
1037,360,1037.2444576721966,99741,1516,842,198,57,63620,33292,0.9716365386350648,842,522,25830,32334,17812,10914,3800,5329,45418,36165,0,0,5005,2277,10087,4336,16500,3754,1378,2114,9694,5886,31049,1304,6357,0,0,0,0,0
1038,360,1038.1830182924814,99741,1509,878,198,57,63817,33430,0.9749952376655537,860,502,25757,32293,17910,10962,3764,5306,45418,36165,0,0,4980,2261,10045,4351,16592,3789,1378,2137,9763,5865,30962,1293,6325,0,0,0,0,0
1039,360,1039.1239341206897,99741,1502,858,198,57,64010,33539,0.9780230797766214,893,522,25672,32259,17996,11026,3737,5276,45418,36165,0,0,4950,2246,10004,4370,16673,3825,1371,2164,9853,5847,30849,1287,6302,0,0,0,0,0
1040,360,1040.067621924847,99741,1499,891,198,57,64205,33673,0.9813216230035793,891,489,25616,32238,18087,11072,3707,5251,45418,36165,0,0,4933,2237,9976,4383,16722,3872,1363,2177,9943,5831,30741,1282,6281,0,0,0,0,0
1041,360,1041.0136233730002,99739,1491,893,199,58,64409,33795,0.9846098316606342,893,489,25564,32203,18174,11137,3677,5218,45418,36165,0,0,4914,2231,9928,4389,16808,3917,1359,2193,10026,5814,30630,1274,6256,0,0,0,0,0
1042,360,1042.4360860916743,99738,1521,912,200,58,64744,33989,0.9899235998315586,862,480,25497,32131,18282,11235,3636,5182,45418,36165,0,0,4878,2215,9881,4391,16913,3978,1353,2221,10168,5796,30456,1268,6220,0,0,0,0,0
1043,360,1043.3865645748715,99736,1508,922,202,58,64963,34106,0.9933123445897168,851,487,25428,32100,18399,11280,3610,5151,45418,36165,0,0,4854,2209,9845,4398,17008,4015,1347,2240,10251,5770,30340,1259,6200,0,0,0,0,0
1044,360,1044.3393856050889,99732,1497,923,204,60,65159,34237,0.9966309710022861,834,478,25396,32065,18482,11354,3585,5118,45418,36165,0,0,4831,2195,9817,4417,17062,4066,1341,2256,10334,5759,30222,1251,6181,0,0,0,0,0
1045,360,1045.2942493290425,99731,1495,919,204,61,65369,34361,0.9999899730274439,821,470,25340,32043,18580,11413,3558,5092,45418,36165,0,0,4814,2181,9771,4432,17137,4117,1337,2268,10418,5736,30112,1243,6165,0,0,0,0,0
1046,360,1046.2509917590694,99730,1451,881,205,61,65553,34463,1.0028677429058457,826,511,25282,31991,18703,11491,3531,5063,45418,36165,0,0,4786,2169,9728,4454,17209,4167,1330,2289,10519,5722,29981,1235,6141,0,0,0,0,0
1047,360,1047.2106204623208,99726,1433,872,208,62,65747,34594,1.0061668972985982,818,500,25247,31954,18786,11576,3506,5034,45418,36165,0,0,4760,2154,9694,4471,17292,4210,1324,2308,10612,5697,29867,1231,6106,0,0,0,0,0
1048,360,1048.1718009651436,99726,1416,909,208,62,65949,34738,1.0096364037462648,818,475,25179,31910,18892,11635,3485,5007,45418,36165,0,0,4727,2143,9662,4480,17347,4267,1322,2333,10688,5677,29775,1227,6078,0,0,0,0,0
1049,360,1049.1357118394878,99724,1407,907,210,62,66137,34856,1.0127251213348842,806,489,25132,31862,18983,11703,3460,4975,45418,36165,0,0,4706,2134,9629,4497,17433,4302,1317,2346,10767,5651,29670,1218,6054,0,0,0,0,0
1050,360,1050.1014190164756,99724,1389,887,210,62,66322,34968,1.0157033412217722,820,502,25074,31834,19082,11770,3423,4943,45418,36165,0,0,4677,2122,9589,4522,17514,4343,1313,2368,10839,5634,29573,1201,6029,0,0,0,0,0
1051,360,1051.0695367835356,99722,1388,878,212,62,66511,35086,1.0188022703114659,845,488,25025,31809,19133,11847,3395,4914,45418,36165,0,0,4654,2109,9557,4538,17566,4389,1308,2386,10930,5619,29454,1195,6017,0,0,0,0,0
1052,360,1052.0396053456486,99719,1389,877,214,63,66717,35206,1.0221021069204466,818,493,24986,31780,19226,11896,3365,4889,45418,36165,0,0,4633,2100,9521,4561,17631,4428,1300,2397,11023,5605,29337,1185,5998,0,0,0,0,0
1053,360,1053.0112228564994,99716,1372,884,217,63,66923,35321,1.0253519996790885,818,519,24940,31740,19314,11936,3337,4856,45418,36165,0,0,4612,2089,9467,4571,17719,4468,1296,2414,11112,5590,29226,1179,5973,0,0,0,0,0
1054,360,1054.4718782429902,99714,1385,919,218,64,67211,35526,1.0303167057785265,816,479,24888,31709,19392,12014,3299,4813,45418,36165,0,0,4578,2075,9426,4574,17817,4527,1294,2442,11232,5568,29070,1171,5940,0,0,0,0,0
1055,360,1055.4474259779106,99713,1374,899,218,65,67404,35633,1.033335673382608,814,494,24829,31666,19494,12090,3269,4784,45418,36165,0,0,4562,2058,9393,4589,17894,4575,1292,2449,11308,5549,28968,1165,5911,0,0,0,0,0
1056,360,1056.4253333854815,99713,1373,898,218,65,67596,35752,1.0364546247730988,797,500,24802,31623,19567,12159,3241,4753,45418,36165,0,0,4545,2050,9352,4601,17971,4620,1289,2459,11372,5533,28875,1157,5889,0,0,0,0,0
1057,360,1057.4044954146054,99711,1388,896,220,65,67795,35868,1.0396345438316736,777,502,24764,31583,19632,12224,3217,4728,45418,36165,0,0,4523,2044,9314,4601,18050,4662,1285,2476,11436,5519,28790,1147,5864,0,0,0,0,0
1058,360,1058.3854409731796,99710,1387,855,221,65,68001,35975,1.0427840738140608,754,523,24718,31537,19724,12313,3194,4705,45418,36165,0,0,4509,2033,9287,4615,18111,4716,1281,2481,11538,5502,28658,1143,5836,0,0,0,0,0
1059,360,1059.3682048333746,99710,1409,861,221,65,68185,36108,1.0459632935512988,784,514,24644,31512,19778,12366,3162,4680,45418,36165,0,0,4490,2022,9252,4626,18190,4746,1276,2496,11627,5484,28552,1140,5809,0,0,0,0,0
1060,360,1060.3534120368831,99710,1380,870,221,65,68362,36245,1.049112426035503,826,499,24581,31482,19854,12424,3136,4658,45418,36165,0,0,4472,2013,9211,4638,18284,4788,1270,2507,11695,5467,28448,1132,5785,0,0,0,0,0
1061,360,1061.3410877116319,99710,1407,881,221,65,68566,36388,1.0525925183030789,851,493,24519,31457,19898,12472,3102,4630,45418,36165,0,0,4450,2006,9188,4635,18358,4824,1264,2527,11779,5455,28333,1127,5764,0,0,0,0,0
1062,360,1062.3304300471468,99707,1413,862,222,67,68773,36508,1.0559037981285166,860,496,24457,31435,19962,12541,3084,4597,45418,36165,0,0,4434,1997,9146,4631,18461,4863,1263,2539,11858,5437,28221,1120,5737,0,0,0,0,0
1063,360,1063.3222869325687,99706,1460,856,222,68,69008,36633,1.0595250035103203,861,487,24382,31408,20018,12609,3055,4570,45418,36165,0,0,4414,1984,9106,4644,18539,4902,1261,2552,11937,5423,28112,1113,5719,0,0,0,0,0
1064,360,1064.3163991952956,99705,1483,846,223,68,69244,36736,1.0629356601975828,811,514,24348,31374,20101,12657,3032,4539,45418,36165,0,0,4390,1975,9065,4664,18618,4941,1255,2565,12013,5405,28007,1104,5703,0,0,0,0,0
1065,360,1065.3126273076145,99705,1487,861,223,68,69424,36868,1.0660648914297177,817,506,24324,31337,20140,12717,3007,4509,45418,36165,0,0,4372,1964,9034,4674,18683,4979,1253,2576,12090,5393,27897,1101,5689,0,0,0,0,0
1066,360,1066.3097344458813,99705,1491,863,223,68,69630,36992,1.069374655232937,818,508,24275,31297,20212,12778,2979,4484,45418,36165,0,0,4345,1956,9000,4692,18771,5016,1244,2594,12145,5376,27800,1093,5673,0,0,0,0,0
1067,360,1067.308802042177,99703,1507,871,224,69,69848,37105,1.0727159664202681,822,513,24209,31275,20276,12817,2960,4453,45418,36165,0,0,4319,1943,8965,4704,18829,5058,1242,2614,12230,5366,27694,1089,5650,0,0,0,0,0
1068,360,1068.3099941960702,99702,1503,883,224,70,70065,37233,1.0761870373713667,814,521,24148,31249,20378,12850,2931,4425,45418,36165,0,0,4293,1934,8924,4698,18928,5097,1240,2635,12303,5346,27584,1086,5634,0,0,0,0,0
1069,360,1069.3135982697863,99702,1506,897,224,70,70263,37370,1.0795470502096247,824,500,24098,31218,20441,12915,2905,4398,45418,36165,0,0,4276,1923,8891,4704,18995,5140,1233,2645,12399,5331,27472,1082,5611,0,0,0,0,0
1070,360,1070.319315939602,99701,1498,900,225,70,70479,37497,1.0829981645118905,820,523,24033,31165,20537,12974,2885,4366,45418,36165,0,0,4252,1912,8858,4714,19077,5190,1228,2662,12468,5312,27366,1078,5584,0,0,0,0,0
1071,360,1071.3273731969678,99700,1501,905,226,70,70688,37641,1.0865496489468405,801,525,24003,31114,20597,13048,2870,4336,45418,36165,0,0,4230,1902,8821,4731,19149,5240,1224,2672,12544,5296,27254,1073,5564,0,0,0,0,0
1072,360,1072.3374647548142,99700,1487,903,226,70,70891,37773,1.0899097291875628,807,506,23958,31092,20673,13116,2847,4311,45418,36165,0,0,4205,1891,8795,4743,19219,5295,1222,2684,12617,5279,27148,1067,5535,0,0,0,0,0
1073,360,1073.3494833953393,99699,1472,887,226,71,71092,37893,1.0931403524609073,807,520,23907,31067,20760,13170,2826,4283,45418,36165,0,0,4187,1877,8754,4740,19308,5345,1219,2696,12697,5261,27036,1066,5513,0,0,0,0,0
1074,360,1074.3637775018403,99697,1478,893,228,71,71294,38040,1.0966628885523135,798,484,23853,31043,20845,13256,2796,4251,45418,36165,0,0,4166,1861,8710,4746,19402,5383,1216,2712,12770,5243,26928,1063,5497,0,0,0,0,0
1075,360,1075.3803081809601,99696,1462,891,229,71,71493,38157,1.0998435243139142,807,495,23795,31015,20926,13302,2779,4224,45418,36165,0,0,4149,1851,8683,4753,19459,5438,1211,2723,12853,5230,26809,1059,5478,0,0,0,0,0
1076,360,1076.3993984275069,99695,1477,932,229,72,71707,38298,1.1034154170219168,793,477,23761,30974,20981,13340,2757,4203,45418,36165,0,0,4130,1846,8654,4755,19525,5485,1210,2732,12909,5212,26717,1054,5466,0,0,0,0,0
1077,360,1077.4201815210233,99692,1464,911,231,73,71930,38415,1.106859126108414,785,468,23717,30965,21060,13408,2741,4173,45418,36165,0,0,4113,1832,8620,4777,19610,5537,1204,2741,12986,5191,26600,1042,5439,0,0,0,0,0
1078,360,1078.4429857502307,99691,1455,895,232,73,72115,38535,1.1099296827196037,835,475,23636,30935,21122,13470,2718,4150,45418,36165,0,0,4095,1824,8590,4780,19684,5587,1200,2748,13053,5179,26495,1035,5421,0,0,0,0,0
1079,360,1079.4688973730533,99690,1424,891,233,73,72289,38678,1.113120674089678,852,457,23614,30906,21173,13544,2702,4127,45418,36165,0,0,4076,1816,8560,4792,19753,5637,1196,2757,13154,5162,26366,1028,5393,0,0,0,0,0
1080,360,1080.4961043582746,99688,1412,888,234,74,72502,38802,1.1165235534868792,842,439,23572,30902,21255,13602,2683,4093,45418,36165,0,0,4047,1800,8528,4802,19838,5683,1191,2780,13220,5147,26260,1022,5370,0,0,0,0,0
1081,360,1081.0107001614113,99688,1422,871,234,74,72616,38864,1.1182890618730439,822,436,23565,30892,21286,13647,2669,4078,45418,36165,0,0,4042,1794,8504,4800,19889,5712,1188,2780,13252,5141,26209,1019,5358,0,0,0,0,0
1082,360,1082.040835958248,99686,1450,834,236,74,72850,38966,1.121682081736653,782,443,23547,30879,21339,13713,2644,4055,45418,36165,0,0,4026,1782,8461,4801,19986,5753,1182,2792,13324,5130,26101,1014,5334,0,0,0,0,0
1083,360,1083.0719317042317,99685,1466,816,236,75,73070,39080,1.1250438882479812,727,453,23523,30847,21422,13782,2624,4025,45418,36165,0,0,4001,1774,8434,4815,20041,5804,1172,2806,13406,5118,25988,1011,5315,0,0,0,0,0
1084,360,1084.1047832944857,99684,1484,819,237,75,73283,39205,1.1284458890092692,704,442,23485,30818,21486,13840,2602,4004,45418,36165,0,0,3976,1765,8402,4832,20106,5848,1164,2818,13468,5110,25896,1006,5293,0,0,0,0,0
1085,360,1085.1390705894696,99684,1443,807,237,75,73453,39300,1.1311042895549939,719,463,23457,30794,21558,13885,2584,3974,45418,36165,0,0,3956,1754,8370,4841,20171,5903,1157,2826,13522,5092,25814,1001,5277,0,0,0,0,0
1086,360,1086.175165808559,99683,1411,837,238,75,73646,39445,1.1345063852412147,717,421,23441,30783,21639,13933,2552,3949,45418,36165,0,0,3933,1743,8348,4845,20258,5945,1154,2840,13590,5076,25708,995,5248,0,0,0,0,0
1087,360,1087.2123454697971,99682,1391,830,239,75,73833,39556,1.1375072731285487,732,393,23403,30774,21698,13992,2535,3934,45418,36165,0,0,3911,1734,8315,4836,20320,6005,1153,2857,13655,5063,25612,991,5230,0,0,0,0,0
1088,360,1088.2512120841247,99682,1350,805,239,75,74025,39664,1.1405168435625288,747,411,23381,30752,21773,14052,2508,3903,45418,36165,0,0,3893,1723,8279,4848,20409,6061,1148,2866,13731,5039,25506,985,5194,0,0,0,0,0
1089,360,1089.2916819903514,99682,1357,797,239,75,74226,39776,1.1436568287153146,729,395,23348,30738,21841,14108,2484,3885,45418,36165,0,0,3881,1713,8256,4847,20469,6121,1145,2871,13780,5025,25418,980,5176,0,0,0,0,0
1090,360,1090.3337212656454,99678,1349,760,240,78,74426,39881,1.1467625754930877,701,394,23343,30731,21907,14172,2458,3863,45418,36165,0,0,3855,1708,8220,4854,20543,6181,1138,2890,13831,5007,25327,975,5149,0,0,0,0,0
1091,360,1091.3768249445407,99678,1336,756,240,78,74611,39990,1.1497120728746564,668,393,23351,30726,21961,14207,2442,3838,45418,36165,0,0,3835,1704,8186,4860,20615,6233,1133,2904,13888,4985,25238,970,5127,0,0,0,0,0
1092,360,1092.420198673527,99677,1312,733,241,78,74788,40095,1.152552745367537,660,395,23352,30724,22007,14256,2426,3812,45418,36165,0,0,3812,1694,8151,4870,20671,6290,1130,2920,13959,4965,25144,965,5106,0,0,0,0,0
1093,360,1093.4643896276873,99677,1304,716,241,78,74969,40189,1.1553116566509827,658,402,23337,30713,22052,14305,2406,3784,45418,36165,0,0,3795,1689,8112,4863,20743,6336,1127,2928,14022,4953,25055,962,5092,0,0,0,0,0
1094,360,1094.5092486435144,99677,1291,719,241,78,75165,40288,1.1582712160277697,624,392,23339,30725,22117,14328,2386,3756,45418,36165,0,0,3780,1677,8083,4884,20809,6383,1121,2931,14073,4940,24977,951,5068,0,0,0,0,0
