,indexID,time,N,Inf_L,Inf_H,Dead_L,Dead_H,cum_cases_L,cum_cases_H,cum_sum_per_N,Exposed_L,Exposed_H,Sus_L,Sus_H,Rec_nat_L,Rec_nat_H,Rec_vax_L,Rec_vax_H,vaccinatedH,vaccinatedL,boostedH,boostedL,count_Naive,count_Delta,count_Delta_vaccine,count_two,count_three,count_four,count_Omicron,count_Omicron_star,count_Omicron_star_vaccine,count_Omicron_vaccine,count_Vaccine,count_WT,count_WT_vaccine,count_WT_vaccine_boost,count_Omicron_vaccine_boost,count_Delta_vaccine_boost,count_Omicron_star_vaccine_boost,count_Vaccine_boost
0,2786,1.0405318866291258,99996,5,7,0,0,5,11,0.00016000640025601025,20,14,49973,49973,0,4,0,0,0,0,0,0,99992,0,0,0,0,0,0,0,0,0,0,4,0,0,0,0,0,0
1,2786,2.0059193874275483,99996,8,10,0,0,9,15,0.00024000960038401536,17,10,49972,49973,1,5,0,0,0,0,0,0,99990,0,0,0,0,0,0,0,0,0,0,6,0,0,0,0,0,0
2,2786,3.029235938938093,99996,14,9,0,0,17,17,0.00034001360054402175,10,9,49971,49972,3,8,0,0,0,0,0,0,99985,0,0,0,0,0,0,0,0,0,0,11,0,0,0,0,0,0
3,2786,4.001680350910784,99996,16,12,0,0,20,20,0.0004000160006400256,9,7,49969,49971,4,8,0,0,0,0,0,0,99984,0,0,0,0,0,0,0,0,0,0,12,0,0,0,0,0,0
4,2786,5.034649074822462,99996,17,12,0,0,22,22,0.00044001760070402814,11,8,49965,49968,5,10,0,0,0,0,0,0,99981,0,0,0,0,0,0,0,0,0,0,15,0,0,0,0,0,0
5,2786,6.089957971138744,99996,22,15,0,0,30,25,0.0005500220008800352,6,6,49962,49967,8,10,0,0,0,0,0,0,99978,0,0,0,0,0,0,0,0,0,0,18,0,0,0,0,0,0
6,2786,7.033725396921836,99996,23,18,0,0,32,30,0.0006200248009920397,8,3,49958,49965,9,12,0,0,0,0,0,0,99975,0,0,0,0,0,0,0,0,0,0,21,0,0,0,0,0,0
7,2786,8.014537467639972,99996,23,14,0,0,36,30,0.0006600264010560422,10,5,49952,49963,13,16,0,0,0,0,0,0,99967,0,0,0,0,0,0,0,0,0,0,29,0,0,0,0,0,0
8,2786,9.007831510720562,99996,22,14,0,0,37,31,0.0006800272010880435,15,8,49946,49959,15,17,0,0,0,0,0,0,99964,0,0,0,0,0,0,0,0,0,0,32,0,0,0,0,0,0
9,2786,10.029252601614496,99996,22,13,0,0,41,33,0.0007400296011840473,18,9,49939,49956,19,20,0,0,0,0,0,0,99957,0,0,0,0,0,0,0,0,0,0,39,0,0,0,0,0,0
10,2786,11.00742414640112,99996,19,13,0,0,43,33,0.0007600304012160486,17,11,49938,49954,24,20,0,0,0,0,0,0,99952,0,0,0,0,0,0,0,0,0,0,44,0,0,0,0,0,0
11,2786,12.038344928215626,99996,18,15,0,0,45,37,0.0008200328013120525,18,10,49935,49951,27,22,0,0,0,0,0,0,99947,0,0,0,0,0,0,0,0,0,0,49,0,0,0,0,0,0
12,2786,13.148032256209246,99996,16,15,0,0,48,39,0.0008700348013920557,20,10,49930,49949,32,24,0,0,0,0,0,0,99940,0,0,0,0,0,0,0,0,0,0,56,0,0,0,0,0,0
13,2786,14.028661704055558,99996,17,15,0,0,52,42,0.0009400376015040601,17,9,49929,49947,35,27,0,0,0,0,0,0,99934,0,0,0,0,0,0,0,0,0,0,62,0,0,0,0,0,0
14,2786,15.057578492891365,99996,19,14,0,0,57,43,0.001000040001600064,15,8,49926,49947,38,29,0,0,0,0,0,0,99929,0,0,0,0,0,0,0,0,0,0,67,0,0,0,0,0,0
15,2786,16.070690132309878,99996,23,13,0,0,64,44,0.001080043201728069,11,8,49923,49946,41,31,0,0,0,0,0,0,99924,0,0,0,0,0,0,0,0,0,0,72,0,0,0,0,0,0
16,2786,17.007726178255595,99995,23,14,1,0,65,46,0.0011100555027751388,15,10,49918,49942,41,32,0,0,0,0,0,0,99922,0,0,0,0,0,0,0,0,0,0,73,0,0,0,0,0,0
17,2786,18.012962502498713,99995,25,15,1,0,70,49,0.0011900595029751488,15,10,49913,49939,44,34,0,0,0,0,0,0,99917,0,0,0,0,0,0,0,0,0,0,78,0,0,0,0,0,0
18,2786,19.061420954421724,99995,26,18,1,0,74,53,0.0012700635031751588,16,11,49908,49934,47,35,0,0,0,0,0,0,99913,0,0,0,0,0,0,0,0,0,0,82,0,0,0,0,0,0
19,2786,20.03219300702825,99995,27,21,1,0,76,57,0.0013300665033251662,16,9,49906,49932,48,36,0,0,0,0,0,0,99911,0,0,0,0,0,0,0,0,0,0,84,0,0,0,0,0,0
20,2786,21.030854128320147,99995,27,18,1,0,79,58,0.0013700685034251712,16,14,49903,49926,51,40,0,0,0,0,0,0,99904,0,0,0,0,0,0,0,0,0,0,91,0,0,0,0,0,0
21,2786,22.108106952936055,99995,27,17,1,0,85,62,0.0014700735036751837,16,17,49898,49919,56,45,0,0,0,0,0,0,99893,0,0,0,0,0,0,0,0,0,0,102,0,0,0,0,0,0
22,2786,23.05881644656568,99995,31,23,1,0,93,70,0.0016300815040752037,12,12,49894,49916,60,47,0,0,0,0,0,0,99887,0,0,0,0,0,0,0,0,0,0,108,0,0,0,0,0,0
23,2786,24.20294560998609,99995,33,20,1,0,100,75,0.0017500875043752187,12,11,49887,49912,65,55,0,0,0,0,0,0,99874,0,0,0,0,0,0,0,0,0,0,121,0,0,0,0,0,0
24,2786,25.061550615925132,99995,30,22,1,0,100,78,0.0017800890044502224,13,10,49886,49910,68,56,0,0,0,0,0,0,99870,0,0,0,0,0,0,0,0,0,0,125,0,0,0,0,0,0
25,2786,26.274930337550725,99995,25,20,1,0,103,80,0.0018300915045752287,20,10,49876,49908,76,60,0,0,0,0,0,0,99858,0,0,0,0,0,0,0,0,0,0,137,0,0,0,0,0,0
26,2786,27.13008011789479,99995,25,21,1,0,106,82,0.0018800940047002351,26,9,49867,49907,79,61,0,0,0,0,0,0,99854,0,0,0,0,0,0,0,0,0,0,141,0,0,0,0,0,0
27,2786,28.074595415657104,99995,30,20,1,0,111,83,0.0019400970048502426,24,11,49864,49904,79,63,0,0,0,0,0,0,99852,0,0,0,0,0,0,0,0,0,0,143,0,0,0,0,0,0
28,2786,29.043300597535595,99995,30,23,1,0,117,86,0.0020301015050752536,24,10,49858,49902,85,63,0,0,0,0,0,0,99846,0,0,0,0,0,0,0,0,0,0,149,0,0,0,0,0,0
29,2786,30.02008665953429,99995,28,26,1,0,126,92,0.0021801090054502726,22,6,49852,49901,95,65,0,0,0,0,0,0,99832,0,0,0,0,0,0,0,0,0,0,163,0,0,0,0,0,0
30,2786,31.164732815096233,99995,29,24,1,0,131,93,0.00224011200560028,21,6,49849,49900,98,68,0,0,0,0,0,0,99825,0,0,0,0,0,0,0,0,0,0,170,0,0,0,0,0,0
31,2786,32.253177316391294,99995,31,24,1,0,135,95,0.0023001150057502875,22,7,49845,49897,99,70,0,0,0,0,0,0,99821,0,0,0,0,0,0,0,0,0,0,174,0,0,0,0,0,0
32,2786,33.05677861873509,99995,29,23,1,0,139,96,0.0023501175058752936,18,7,49847,49896,103,72,0,0,0,0,0,0,99813,0,0,0,0,0,0,0,0,0,0,182,0,0,0,0,0,0
33,2786,34.10093929960661,99995,29,19,1,0,143,96,0.0023901195059752986,23,10,49839,49894,106,75,0,0,0,0,0,0,99805,0,0,0,0,0,0,0,0,0,0,190,0,0,0,0,0,0
34,2786,35.10793512997052,99995,27,17,1,0,149,99,0.00248012400620031,19,11,49837,49890,114,80,0,0,0,0,0,0,99792,0,0,0,0,0,0,0,0,0,0,203,0,0,0,0,0,0
35,2786,36.017574618343325,99995,29,13,1,0,155,101,0.00256012800640032,16,12,49835,49887,117,86,0,0,0,0,0,0,99782,0,0,0,0,0,0,0,0,0,0,213,0,0,0,0,0,0
36,2786,37.04174179714707,99995,28,18,1,0,157,106,0.002630131506575329,21,9,49828,49885,120,86,0,0,0,0,0,0,99779,0,0,0,0,0,0,0,0,0,0,216,0,0,0,0,0,0
37,2786,38.29353941858003,99995,30,20,1,0,164,111,0.002750137506875344,27,5,49815,49885,125,88,0,0,0,0,0,0,99771,0,0,0,0,0,0,0,0,0,0,224,0,0,0,0,0,0
38,2786,39.052025981945214,99995,32,19,1,0,169,112,0.0028101405070253514,27,5,49810,49884,128,90,0,0,0,0,0,0,99766,0,0,0,0,0,0,0,0,0,0,229,0,0,0,0,0,0
39,2786,40.15590055012653,99995,29,17,1,0,178,113,0.002910145507275364,23,9,49806,49879,139,93,0,0,0,0,0,0,99751,0,0,0,0,0,0,0,0,0,0,244,0,0,0,0,0,0
40,2786,41.017836451901466,99995,30,16,1,0,181,114,0.002950147507375369,23,9,49803,49879,141,94,0,0,0,0,0,0,99747,0,0,0,0,0,0,0,0,0,0,248,0,0,0,0,0,0
41,2786,42.12568128808597,99994,30,17,2,0,186,117,0.0030301818109086543,20,8,49801,49878,145,95,0,0,0,0,0,0,99740,0,0,0,0,0,0,0,0,0,0,254,0,0,0,0,0,0
42,2786,43.021864514934734,99994,33,17,2,0,193,120,0.003130187811268676,25,7,49789,49876,149,98,0,0,0,0,0,0,99733,0,0,0,0,0,0,0,0,0,0,261,0,0,0,0,0,0
43,2786,44.328873155623995,99994,36,15,2,0,200,122,0.0032201932115926957,28,6,49779,49876,153,101,0,0,0,0,0,0,99725,0,0,0,0,0,0,0,0,0,0,269,0,0,0,0,0,0
44,2786,45.30099183322876,99994,43,14,2,0,209,123,0.0033201992119527173,22,8,49776,49873,155,103,0,0,0,0,0,0,99721,0,0,0,0,0,0,0,0,0,0,273,0,0,0,0,0,0
45,2786,46.11511209845662,99994,45,15,2,0,216,127,0.0034302058123487408,19,7,49772,49871,160,105,0,0,0,0,0,0,99713,0,0,0,0,0,0,0,0,0,0,281,0,0,0,0,0,0
46,2786,47.16213670332648,99994,40,16,2,0,219,129,0.0034802088125287516,24,10,49766,49868,166,104,0,0,0,0,0,0,99704,0,0,0,0,0,0,0,0,0,0,290,0,0,0,0,0,0
47,2786,48.09825373578999,99994,43,14,2,0,226,131,0.0035702142128527714,24,10,49759,49866,170,108,0,0,0,0,0,0,99696,0,0,0,0,0,0,0,0,0,0,298,0,0,0,0,0,0
48,2786,49.05114370444596,99994,42,17,2,0,228,135,0.003630217813068784,28,9,49754,49863,172,109,0,0,0,0,0,0,99692,0,0,0,0,0,0,0,0,0,0,302,0,0,0,0,0,0
49,2786,50.31944973112863,99994,37,17,2,0,235,138,0.0037302238134288056,29,11,49748,49858,182,112,0,0,0,0,0,0,99677,0,0,0,0,0,0,0,0,0,0,317,0,0,0,0,0,0
50,2786,51.021366898469005,99994,39,15,2,0,241,139,0.003800228013680821,25,15,49747,49853,185,115,0,0,0,0,0,0,99670,0,0,0,0,0,0,0,0,0,0,324,0,0,0,0,0,0
51,2786,52.070243959917796,99994,38,20,2,0,250,147,0.003970238214292858,23,7,49741,49853,194,118,0,0,0,0,0,0,99657,0,0,0,0,0,0,0,0,0,0,337,0,0,0,0,0,0
52,2786,53.03634589587938,99994,34,17,2,0,255,148,0.0040302418145088705,23,12,49736,49847,203,122,0,0,0,0,0,0,99644,0,0,0,0,0,0,0,0,0,0,350,0,0,0,0,0,0
53,2786,54.00994645309051,99994,36,21,2,0,262,153,0.0041502490149408966,23,8,49729,49846,208,123,0,0,0,0,0,0,99638,0,0,0,0,0,0,0,0,0,0,356,0,0,0,0,0,0
54,2786,55.16368914545626,99994,37,15,2,0,269,154,0.004230253815228914,26,10,49719,49843,214,130,0,0,0,0,0,0,99625,0,0,0,0,0,0,0,0,0,0,369,0,0,0,0,0,0
55,2786,56.079123909431495,99994,33,15,2,0,275,155,0.0043002580154809286,24,10,49716,49842,223,131,0,0,0,0,0,0,99614,0,0,0,0,0,0,0,0,0,0,380,0,0,0,0,0,0
56,2786,57.03090553871215,99993,32,16,2,1,277,158,0.004350304521316492,25,12,49714,49838,225,131,0,0,0,0,0,0,99609,0,0,0,0,0,0,0,0,0,0,384,0,0,0,0,0,0
57,2786,58.1356383924327,99993,32,21,2,1,282,163,0.004450311521806526,23,10,49712,49835,229,131,0,0,0,0,0,0,99604,0,0,0,0,0,0,0,0,0,0,389,0,0,0,0,0,0
58,2786,59.15882031323015,99993,32,21,2,1,289,166,0.00455031852229656,25,13,49705,49829,234,134,0,0,0,0,0,0,99594,0,0,0,0,0,0,0,0,0,0,399,0,0,0,0,0,0
59,2786,60.00798131029853,99993,35,22,2,1,293,169,0.004620323422639585,22,11,49705,49829,234,135,0,0,0,0,0,0,99591,0,0,0,0,0,0,0,0,0,0,402,0,0,0,0,0,0
60,2786,61.14119929446031,99993,38,24,2,1,300,172,0.004720330423129619,25,13,49696,49824,237,136,0,0,0,0,0,0,99586,0,0,0,0,0,0,0,0,0,0,407,0,0,0,0,0,0
61,2786,62.20463282182884,99993,39,24,2,1,305,174,0.004790335323472643,27,15,49689,49820,241,138,0,0,0,0,0,0,99580,0,0,0,0,0,0,0,0,0,0,413,0,0,0,0,0,0
62,2786,63.08359417485195,99993,35,27,2,1,309,180,0.004890342323962678,33,11,49680,49818,248,141,0,0,0,0,0,0,99569,0,0,0,0,0,0,0,0,0,0,424,0,0,0,0,0,0
63,2786,64.3069173604834,99993,34,26,2,1,314,184,0.004980348624403708,32,8,49676,49818,254,145,0,0,0,0,0,0,99558,0,0,0,0,0,0,0,0,0,0,435,0,0,0,0,0,0
64,2786,65.01019836876321,99993,37,26,2,1,321,186,0.005070354924844739,29,8,49673,49816,257,147,0,0,0,0,0,0,99552,0,0,0,0,0,0,0,0,0,0,441,0,0,0,0,0,0
65,2786,66.32472480684679,99993,37,25,2,1,331,189,0.005200364025481784,28,11,49665,49810,266,151,0,0,0,0,0,0,99538,0,0,0,0,0,0,0,0,0,0,455,0,0,0,0,0,0
66,2786,67.10903377318019,99993,34,25,2,1,338,192,0.005300371025971818,24,13,49662,49805,276,154,0,0,0,0,0,0,99525,0,0,0,0,0,0,0,0,0,0,468,0,0,0,0,0,0
67,2786,68.31860525182007,99993,41,24,2,1,346,195,0.005410378726510855,23,15,49657,49801,275,157,0,0,0,0,0,0,99520,0,0,0,0,0,0,0,0,0,0,473,0,0,0,0,0,0
68,2786,69.01449687057578,99993,42,24,2,1,352,197,0.005490384326902883,23,16,49651,49799,280,158,0,0,0,0,0,0,99513,0,0,0,0,0,0,0,0,0,0,480,0,0,0,0,0,0
69,2786,70.21332166926715,99993,38,21,2,1,358,200,0.005580390627343914,31,17,49637,49796,290,163,0,0,0,0,0,0,99497,0,0,0,0,0,0,0,0,0,0,496,0,0,0,0,0,0
70,2786,71.00256233470472,99993,41,23,2,1,366,206,0.005720400428029962,27,14,49633,49793,295,167,0,0,0,0,0,0,99488,0,0,0,0,0,0,0,0,0,0,505,0,0,0,0,0,0
71,2786,72.30763109351378,99993,38,20,2,1,371,207,0.0057804046283239825,27,17,49629,49789,302,171,0,0,0,0,0,0,99476,0,0,0,0,0,0,0,0,0,0,517,0,0,0,0,0,0
72,2786,73.03882137949702,99993,39,24,2,1,376,212,0.005880411628814017,26,12,49625,49791,306,170,0,0,0,0,0,0,99471,0,0,0,0,0,0,0,0,0,0,522,0,0,0,0,0,0
73,2786,74.08242283038292,99993,41,23,2,1,386,213,0.005990419329353055,28,13,49615,49791,312,170,0,0,0,0,0,0,99461,0,0,0,0,0,0,0,0,0,0,532,0,0,0,0,0,0
74,2786,75.01917514236591,99993,39,26,2,1,395,219,0.006140429830088106,29,14,49608,49784,320,173,0,0,0,0,0,0,99447,0,0,0,0,0,0,0,0,0,0,546,0,0,0,0,0,0
75,2786,76.01417963499428,99993,41,25,2,1,402,220,0.006220435430480134,26,15,49606,49783,323,174,0,0,0,0,0,0,99440,0,0,0,0,0,0,0,0,0,0,553,0,0,0,0,0,0
76,2786,77.03172824827621,99993,39,29,2,1,411,225,0.006360445231166182,28,16,49596,49777,333,175,0,0,0,0,0,0,99428,0,0,0,0,0,0,0,0,0,0,565,0,0,0,0,0,0
77,2786,78.19901315413352,99993,41,24,2,1,417,227,0.006440450831558209,34,16,49585,49777,336,180,0,0,0,0,0,0,99417,0,0,0,0,0,0,0,0,0,0,576,0,0,0,0,0,0
78,2786,79.142526776572,99993,43,23,2,1,423,229,0.006520456431950237,33,15,49580,49777,340,182,0,0,0,0,0,0,99410,0,0,0,0,0,0,0,0,0,0,583,0,0,0,0,0,0
79,2786,80.23701124260253,99993,44,24,2,1,431,233,0.0066404648325382775,32,13,49573,49775,347,185,0,0,0,0,0,0,99400,0,0,0,0,0,0,0,0,0,0,593,0,0,0,0,0,0
80,2786,81.2106170731765,99993,48,23,2,1,440,237,0.0067704739331753225,38,17,49560,49768,350,189,0,0,0,0,0,0,99390,0,0,0,0,0,0,0,0,0,0,603,0,0,0,0,0,0
81,2786,82.29438697080933,99993,50,24,2,1,448,240,0.00688048163371436,33,19,49558,49763,355,191,0,0,0,0,0,0,99382,0,0,0,0,0,0,0,0,0,0,611,0,0,0,0,0,0
82,2786,83.11962442291154,99993,48,22,2,1,455,242,0.006970487934155391,32,22,49552,49759,364,194,0,0,0,0,0,0,99369,0,0,0,0,0,0,0,0,0,0,624,0,0,0,0,0,0
83,2786,84.11562173130032,99993,47,25,2,1,460,248,0.007080495634694429,35,22,49545,49754,369,196,0,0,0,0,0,0,99360,0,0,0,0,0,0,0,0,0,0,633,0,0,0,0,0,0
84,2786,85.11173804149949,99993,48,26,2,1,465,255,0.00720050403528247,37,18,49542,49752,369,201,0,0,0,0,0,0,99350,0,0,0,0,0,0,0,0,0,0,643,0,0,0,0,0,0
85,2786,86.06702232433072,99993,49,26,2,1,469,257,0.00726050823557649,41,18,49535,49750,371,203,0,0,0,0,0,0,99345,0,0,0,0,0,0,0,0,0,0,648,0,0,0,0,0,0
86,2786,87.17372645350515,99993,50,26,2,1,477,261,0.007380516636164532,41,17,49528,49748,377,206,0,0,0,0,0,0,99334,0,0,0,0,0,0,0,0,0,0,659,0,0,0,0,0,0
87,2786,88.0106723962035,99993,56,22,2,1,490,265,0.0075505285369975896,35,14,49522,49748,383,213,0,0,0,0,0,0,99319,0,0,0,0,0,0,0,0,0,0,674,0,0,0,0,0,0
88,2786,89.152092213915,99992,51,21,3,1,495,268,0.007630610448835907,37,15,49517,49745,390,216,0,0,0,0,0,0,99305,0,0,0,0,0,0,0,0,0,0,687,0,0,0,0,0,0
89,2786,90.02652151068949,99992,51,17,3,1,504,269,0.007730618449475958,33,18,49513,49741,398,221,0,0,0,0,0,0,99291,0,0,0,0,0,0,0,0,0,0,701,0,0,0,0,0,0
90,2786,91.04099784009402,99992,52,23,3,1,507,278,0.00785062805024402,33,11,49511,49739,399,224,0,0,0,0,0,0,99286,0,0,0,0,0,0,0,0,0,0,706,0,0,0,0,0,0
91,2786,92.26123817193091,99992,58,25,3,1,518,283,0.008010640851268102,37,13,49500,49732,400,227,0,0,0,0,0,0,99278,0,0,0,0,0,0,0,0,0,0,714,0,0,0,0,0,0
92,2786,93.17316785624928,99992,57,27,3,1,521,287,0.008080646451716137,41,18,49493,49723,404,229,0,0,0,0,0,0,99272,0,0,0,0,0,0,0,0,0,0,720,0,0,0,0,0,0
93,2786,94.24303473341074,99992,69,29,3,1,539,292,0.008310664853188255,37,20,49483,49716,406,232,0,0,0,0,0,0,99263,0,0,0,0,0,0,0,0,0,0,729,0,0,0,0,0,0
94,2786,95.01537389632904,99992,72,27,3,1,543,295,0.008380670453636292,39,20,49477,49714,407,236,0,0,0,0,0,0,99257,0,0,0,0,0,0,0,0,0,0,735,0,0,0,0,0,0
95,2786,96.00442034492494,99992,71,27,3,1,553,298,0.008510680854468357,44,21,49464,49710,416,239,0,0,0,0,0,0,99243,0,0,0,0,0,0,0,0,0,0,749,0,0,0,0,0,0
96,2786,97.00178894162738,99992,69,24,3,1,565,301,0.008660692855428434,40,24,49456,49704,430,245,0,0,0,0,0,0,99223,0,0,0,0,0,0,0,0,0,0,769,0,0,0,0,0,0
97,2786,98.33193230257716,99992,73,24,3,1,582,306,0.008880710456836548,41,23,49441,49703,440,247,0,0,0,0,0,0,99205,0,0,0,0,0,0,0,0,0,0,787,0,0,0,0,0,0
98,2786,99.3297769676355,99992,69,23,3,1,589,307,0.008960716857348588,46,24,49430,49703,450,247,0,0,0,0,0,0,99193,0,0,1,0,0,0,0,0,0,0,798,0,0,0,0,0,0
99,2786,100.32781242296271,99992,73,29,3,1,599,315,0.00914073125850068,47,20,49421,49699,454,249,0,0,0,0,0,0,99185,0,0,1,0,0,0,0,0,0,0,806,0,0,0,0,0,0
100,2786,101.14248565765998,99992,75,28,3,1,606,318,0.009240739259140731,47,25,49416,49692,457,252,0,0,0,0,0,0,99176,0,0,1,0,0,0,0,0,0,0,815,0,0,0,0,0,0
101,2786,102.14073073745782,99992,75,28,3,1,618,322,0.009400752060164812,50,23,49405,49690,465,256,0,0,0,0,0,0,99160,0,0,1,0,0,0,0,0,0,0,831,0,0,0,0,0,0
102,2786,103.13917632384445,99992,77,21,3,1,630,327,0.0095707656612529,52,25,49392,49683,474,268,0,0,0,0,0,0,99138,0,0,1,0,0,0,0,0,0,0,853,0,0,0,0,0,0
103,2786,104.13785968999953,99992,77,23,3,1,644,332,0.009760780862468997,47,22,49383,49682,488,270,0,0,0,0,0,0,99121,0,0,1,0,0,0,0,0,0,0,870,0,0,0,0,0,0
104,2786,105.13676852529255,99992,84,24,3,1,660,339,0.009990799263941115,47,20,49368,49677,496,276,0,0,0,0,0,0,99107,0,0,2,0,0,0,0,0,0,0,883,0,0,0,0,0,0
105,2786,106.23664095958829,99992,81,24,3,1,670,342,0.010120809664773182,47,20,49361,49675,506,278,0,0,0,0,0,0,99091,0,0,2,0,0,0,0,0,0,0,899,0,0,0,0,0,0
106,2786,107.11866341891677,99992,86,30,3,1,678,349,0.010270821665733258,46,17,49356,49671,507,279,0,0,0,0,0,0,99087,0,0,2,0,0,0,0,0,0,0,903,0,0,0,0,0,0
107,2786,108.14764332918392,99992,81,30,3,1,692,356,0.010480838467077366,42,17,49348,49666,524,284,0,0,0,0,0,0,99061,0,0,2,0,0,0,0,0,0,0,929,0,0,0,0,0,0
108,2786,109.10014995967285,99992,73,30,3,1,698,361,0.010590847267781422,46,15,49342,49663,534,289,0,0,0,0,0,0,99042,0,0,2,0,0,0,0,0,0,0,948,0,0,0,0,0,0
109,2786,110.13958557794463,99992,71,28,3,1,706,366,0.01072085766861349,55,15,49325,49658,544,296,0,0,0,0,0,0,99025,0,0,2,0,0,0,0,0,0,0,965,0,0,0,0,0,0
110,2786,111.04583031210898,99992,81,26,3,1,720,369,0.010890871269701577,54,18,49313,49654,547,299,0,0,0,0,0,0,99016,0,0,2,0,0,0,0,0,0,0,974,0,0,0,0,0,0
111,2786,112.19347276966012,99992,82,31,3,1,732,374,0.011060884870789663,49,16,49307,49652,557,298,0,0,0,0,0,0,99005,0,0,2,0,0,0,0,0,0,0,985,0,0,0,0,0,0
112,2786,113.1344023148008,99991,90,31,3,2,746,378,0.011241011691052195,49,18,49293,49646,563,301,0,0,0,0,0,0,98995,0,0,2,0,0,0,0,0,0,0,994,0,0,0,0,0,0
113,2786,114.14482535103284,99991,86,28,3,2,760,381,0.011411026992429319,56,22,49274,49640,579,306,0,0,0,0,0,0,98971,0,0,2,0,0,0,0,0,0,0,1018,0,0,0,0,0,0
114,2786,115.1457348527597,99991,80,32,3,2,774,389,0.011631046794211479,61,21,49256,49635,598,308,0,0,0,0,0,0,98948,0,0,3,0,0,0,0,0,0,0,1040,0,0,0,0,0,0
115,2786,116.14698293169494,99991,81,36,3,2,788,396,0.011841065695912633,56,24,49250,49626,608,310,0,0,0,0,0,0,98932,0,0,3,0,0,0,0,0,0,0,1056,0,0,0,0,0,0
116,2786,117.14837501795911,99991,82,39,3,2,801,402,0.012031082797451772,53,19,49242,49625,618,313,0,0,0,0,0,0,98917,0,0,3,0,0,0,0,0,0,0,1071,0,0,0,0,0,0
117,2786,118.11951101440847,99991,79,37,3,2,811,407,0.01218109629866688,53,19,49236,49621,627,319,0,0,0,0,0,0,98897,0,0,3,0,0,0,0,0,0,0,1091,0,0,0,0,0,0
118,2786,119.2733244085157,99991,74,38,3,2,819,411,0.012301107099638968,63,18,49220,49619,638,321,0,0,0,0,0,0,98881,0,0,3,0,0,0,0,0,0,0,1107,0,0,0,0,0,0
119,2786,120.26163040202198,99991,85,36,3,2,837,416,0.012531127801502135,58,17,49210,49616,642,327,0,0,0,0,0,0,98867,0,0,3,0,0,0,0,0,0,0,1121,0,0,0,0,0,0
120,2786,121.16336878201912,99990,88,35,3,3,848,419,0.012671267126712672,54,19,49205,49611,648,330,0,0,0,0,0,0,98855,0,0,3,0,0,0,0,0,0,0,1132,0,0,0,0,0,0
121,2786,122.30565679924744,99990,89,39,3,3,868,424,0.01292129212921292,54,26,49187,49601,665,329,0,0,0,0,0,0,98835,0,0,3,0,0,0,0,0,0,0,1152,0,0,0,0,0,0
122,2786,123.30821198765098,99990,87,39,3,3,877,430,0.013071307130713071,55,25,49182,49597,671,334,0,0,0,0,0,0,98818,0,0,3,0,0,0,0,0,0,0,1169,0,0,0,0,0,0
123,2786,124.31094230936343,99990,82,36,3,3,888,437,0.013251325132513252,61,29,49171,49592,681,338,0,0,0,0,0,0,98792,0,0,3,0,0,0,0,0,0,0,1195,0,0,0,0,0,0
124,2786,125.31388907309424,99990,85,35,3,3,901,443,0.013441344134413441,67,32,49153,49587,690,341,0,0,0,0,0,0,98775,0,0,3,0,0,0,0,0,0,0,1212,0,0,0,0,0,0
125,2786,126.31708821802995,99990,93,41,3,3,920,452,0.013721372137213722,66,28,49135,49583,701,343,0,0,0,0,0,0,98761,0,0,3,0,0,0,0,0,0,0,1226,0,0,0,0,0,0
126,2786,127.32057266298065,99990,90,42,3,3,935,462,0.013971397139713971,65,25,49123,49579,717,349,0,0,0,0,0,0,98734,0,0,3,0,0,0,0,0,0,0,1253,0,0,0,0,0,0
127,2786,128.32434020130552,99990,90,40,3,3,948,472,0.014201420142014202,63,28,49112,49566,730,361,0,0,0,0,0,0,98709,0,0,3,0,0,0,0,0,0,0,1278,0,0,0,0,0,0
128,2786,129.3283431645705,99990,86,37,3,3,960,476,0.014361436143614362,64,29,49103,49562,742,367,0,0,0,0,0,0,98686,0,0,3,0,0,0,0,0,0,0,1301,0,0,0,0,0,0
129,2786,130.33259042137615,99990,90,37,3,3,978,483,0.014611461146114611,59,28,49093,49557,753,373,0,0,0,0,0,0,98665,0,0,3,0,0,0,0,0,0,0,1322,0,0,0,0,0,0
130,2786,131.00219528525855,99990,88,40,3,3,986,490,0.014761476147614761,56,26,49089,49553,762,376,0,0,0,0,0,0,98651,0,0,3,0,0,0,0,0,0,0,1336,0,0,0,0,0,0
131,2786,132.0068033071198,99990,83,43,3,3,995,497,0.014921492149214921,63,23,49074,49550,775,379,0,0,0,0,0,0,98633,0,0,3,0,0,0,0,0,0,0,1354,0,0,0,0,0,0
132,2786,133.01165897059104,99990,85,42,3,3,1006,505,0.015111511151115111,72,25,49058,49541,780,387,0,0,0,0,0,0,98615,0,0,3,0,0,0,0,0,0,0,1372,0,0,0,0,0,0
133,2786,134.01673602864994,99990,93,41,3,3,1026,510,0.015361536153615362,63,28,49048,49537,791,389,0,0,0,0,0,0,98597,0,0,3,0,0,0,0,0,0,0,1390,0,0,0,0,0,0
134,2786,135.02203926239238,99990,90,41,3,3,1043,515,0.015581558155815581,65,32,49032,49528,808,394,0,0,0,0,0,0,98572,0,0,3,0,0,0,0,0,0,0,1415,0,0,0,0,0,0
135,2786,136.02766343684053,99990,100,44,3,3,1066,524,0.0159015901590159,60,28,49018,49526,817,397,0,0,0,0,0,0,98553,0,0,3,0,0,0,0,0,0,0,1434,0,0,0,0,0,0
136,2786,137.0335330903249,99990,102,45,3,3,1084,529,0.01613161316131613,65,26,48999,49524,829,400,0,0,0,0,0,0,98533,0,0,3,0,0,0,0,0,0,0,1454,0,0,0,0,0,0
137,2786,138.03967803087062,99990,109,43,3,3,1106,534,0.016401640164016403,65,29,48980,49519,841,404,0,0,0,0,0,0,98511,0,0,3,0,0,0,0,0,0,0,1476,0,0,0,0,0,0
138,2786,139.0461325782284,99990,112,44,3,3,1120,539,0.01659165916591659,70,34,48962,49511,851,406,0,0,0,0,0,0,98496,0,0,3,0,0,0,0,0,0,0,1491,0,0,0,0,0,0
139,2786,140.05289160644108,99990,106,44,3,3,1134,546,0.0168016801680168,82,33,48941,49506,866,412,0,0,0,0,0,0,98469,0,0,3,0,0,0,0,0,0,0,1518,0,0,0,0,0,0
140,2786,141.0600069462931,99989,113,50,4,3,1157,557,0.017141885607416817,79,36,48923,49493,879,416,0,0,0,0,0,0,98448,0,0,3,0,0,0,0,0,0,0,1538,0,0,0,0,0,0
141,2786,142.06739568421347,99989,127,54,4,3,1183,566,0.01749192411165228,66,37,48910,49485,891,419,0,0,0,0,0,0,98432,0,0,4,0,0,0,0,0,0,0,1553,0,0,0,0,0,0
142,2786,143.07503493776667,99988,124,52,5,3,1197,573,0.01770212425491059,80,42,48889,49476,900,425,0,0,0,0,0,0,98406,0,0,4,0,0,0,0,0,0,0,1578,0,0,0,0,0,0
143,2786,144.0829947342848,99988,119,55,5,3,1216,585,0.018012161459375124,84,36,48870,49471,920,433,0,0,0,0,0,0,98373,0,0,4,0,0,0,0,0,0,0,1611,0,0,0,0,0,0
144,2786,145.0913343998259,99988,117,52,5,3,1234,595,0.01829219506340761,81,32,48858,49466,937,445,0,0,0,0,0,0,98340,0,0,4,0,0,0,0,0,0,0,1644,0,0,0,0,0,0
145,2786,146.09997513123315,99988,121,56,5,3,1258,604,0.018622234668160178,72,35,48845,49454,955,450,0,0,0,0,0,0,98315,0,0,4,0,0,0,0,0,0,0,1669,0,0,0,0,0,0
146,2786,147.1088989040873,99988,124,53,5,3,1279,610,0.018892267072048646,68,37,48831,49448,970,457,0,0,0,0,0,0,98288,0,0,4,0,0,0,0,0,0,0,1696,0,0,0,0,0,0
147,2786,148.11813007004721,99988,109,56,5,3,1291,620,0.019112293475217024,72,40,48819,49436,993,463,0,0,0,0,0,0,98254,0,0,4,0,0,0,0,0,0,0,1730,0,0,0,0,0,0
148,2786,149.1277322623318,99988,119,60,5,3,1319,630,0.01949233908068968,63,42,48802,49424,1009,469,0,0,0,0,0,0,98231,0,0,5,0,0,0,0,0,0,0,1752,0,0,0,0,0,0
149,2786,150.13760921944854,99988,117,59,5,3,1337,638,0.01975237028443413,68,43,48783,49416,1025,477,0,0,0,0,0,0,98202,0,0,5,0,0,0,0,0,0,0,1781,0,0,0,0,0,0
150,2786,151.14784789290107,99988,121,61,5,3,1358,645,0.020032403888466617,70,40,48764,49414,1038,480,0,0,0,0,0,0,98180,0,0,5,0,0,0,0,0,0,0,1803,0,0,0,0,0,0
151,2786,152.15845024925113,99988,122,61,5,3,1375,655,0.02030243629235508,74,38,48745,49409,1052,487,0,0,0,0,0,0,98154,0,0,5,0,0,0,0,0,0,0,1829,0,0,0,0,0,0
152,2786,153.16936765348453,99988,117,59,5,3,1389,665,0.020542465095811497,77,35,48734,49404,1065,497,0,0,0,0,0,0,98123,0,0,5,0,0,0,0,0,0,0,1860,0,0,0,0,0,0
153,2786,154.18060301588744,99988,107,64,5,3,1404,679,0.020832499899987998,82,31,48716,49397,1088,503,0,0,0,0,0,0,98089,0,0,5,0,0,0,0,0,0,0,1894,0,0,0,0,0,0
154,2786,155.19223133664272,99988,108,66,5,3,1419,687,0.021062527503300395,92,26,48693,49395,1100,508,0,0,0,0,0,0,98069,0,0,5,0,0,0,0,0,0,0,1914,0,0,0,0,0,0
155,2786,156.2042669879183,99988,122,61,5,3,1447,694,0.021412569508341,86,34,48674,49382,1111,518,0,0,0,0,0,0,98043,0,0,5,0,0,0,0,0,0,0,1940,0,0,0,0,0,0
156,2786,157.21659887457412,99988,119,64,5,3,1466,703,0.021692603112373483,98,32,48647,49376,1129,523,0,0,0,0,0,0,98015,0,0,5,0,0,0,0,0,0,0,1968,0,0,0,0,0,0
157,2786,158.2293737408933,99988,118,63,5,3,1485,710,0.021952634316117933,93,28,48638,49374,1144,530,0,0,0,0,0,0,97987,0,0,5,0,0,0,0,0,0,0,1996,0,0,0,0,0,0
158,2786,159.24244643027222,99988,119,68,5,3,1505,722,0.022272672720726486,89,28,48625,49364,1160,535,0,0,0,0,0,0,97961,0,0,5,0,0,0,0,0,0,0,2022,0,0,0,0,0,0
159,2786,160.25574642980763,99988,126,58,5,3,1532,726,0.022582709925191024,82,33,48610,49358,1175,546,0,0,0,0,0,0,97928,0,0,6,0,0,0,0,0,0,0,2054,0,0,0,0,0,0
160,2786,161.2693840786523,99987,130,50,6,3,1558,730,0.022882974786722275,73,33,48597,49356,1192,556,0,0,0,0,0,0,97895,0,0,7,0,0,0,0,0,0,0,2085,0,0,0,0,0,0
161,2786,162.28339990894466,99987,139,54,6,3,1577,741,0.023183013791792932,77,36,48578,49345,1198,560,0,0,0,0,0,0,97879,0,0,8,0,0,0,0,0,0,0,2100,0,0,0,0,0,0
162,2786,163.29765995768523,99987,148,54,6,3,1599,750,0.023493054097032614,74,35,48564,49337,1206,569,0,0,0,0,0,0,97857,0,0,8,0,0,0,0,0,0,0,2122,0,0,0,0,0,0
163,2786,164.31215244926014,99987,149,61,6,3,1619,764,0.02383309830277936,77,29,48544,49333,1222,572,0,0,0,0,0,0,97831,0,0,8,0,0,0,0,0,0,0,2148,0,0,0,0,0,0
164,2786,165.3269406822081,99987,164,58,6,3,1647,770,0.02417314250852611,69,34,48530,49323,1229,580,0,0,0,0,0,0,97809,0,0,8,0,0,0,0,0,0,0,2170,0,0,0,0,0,0
165,2786,166.00360947488093,99987,165,62,6,3,1662,778,0.024403172412413614,68,38,48518,49314,1241,581,0,0,0,0,0,0,97791,0,0,8,0,0,0,0,0,0,0,2188,0,0,0,0,0,0
166,2786,167.0188793717824,99987,153,59,6,3,1680,786,0.024663206216808186,76,48,48498,49300,1265,588,0,0,0,0,0,0,97750,0,0,8,0,0,0,0,0,0,0,2229,0,0,0,0,0,0
167,2786,168.0345768784984,99987,156,65,6,3,1708,799,0.025073259523738085,77,45,48476,49293,1283,592,0,0,0,0,0,0,97719,0,0,9,0,0,0,0,0,0,0,2259,0,0,0,0,0,0
168,2786,169.05066970157233,99987,153,70,6,3,1730,812,0.025423305029653856,82,50,48453,49278,1304,597,0,0,0,0,0,0,97687,0,0,10,0,0,0,0,0,0,0,2290,0,0,0,0,0,0
169,2786,170.06716377439182,99987,147,74,6,3,1748,826,0.02574334663506256,84,41,48438,49274,1323,606,0,0,0,0,0,0,97653,0,0,10,0,0,0,0,0,0,0,2324,0,0,0,0,0,0
170,2786,171.08404426812737,99987,155,81,6,3,1772,841,0.026133397341654416,94,39,48411,49263,1332,612,0,0,0,0,0,0,97630,0,0,11,0,0,0,0,0,0,0,2346,0,0,0,0,0,0
171,2786,172.10127877542388,99987,166,77,6,3,1801,848,0.026493444147739208,91,50,48389,49247,1346,621,0,0,0,0,0,0,97602,0,0,10,1,0,0,0,0,0,0,2374,0,0,0,0,0,0
172,2786,173.11890252454273,99987,168,72,6,3,1828,860,0.02688349485433106,90,45,48366,49242,1368,636,0,0,0,0,0,0,97561,0,0,11,1,0,0,0,0,0,0,2414,0,0,0,0,0,0
173,2786,174.13701767901395,99987,163,69,6,3,1857,873,0.027303549461429984,90,41,48341,49234,1398,651,0,0,0,0,0,0,97511,0,0,11,1,0,0,0,0,0,0,2464,0,0,0,0,0,0
174,2786,175.15566914969315,99987,169,74,6,3,1875,888,0.02763359236700771,101,35,48320,49229,1402,657,0,0,0,0,0,0,97489,0,0,11,1,0,0,0,0,0,0,2486,0,0,0,0,0,0
175,2786,176.17465524442636,99987,168,70,6,3,1895,893,0.027883624871233262,107,41,48296,49219,1421,665,0,0,0,0,0,0,97459,0,0,11,1,0,0,0,0,0,0,2516,0,0,0,0,0,0
176,2786,177.19407706996043,99987,160,71,6,3,1920,905,0.028253672977487074,111,41,48275,49209,1446,674,0,0,0,0,0,0,97415,0,0,11,1,0,0,0,0,0,0,2560,0,0,0,0,0,0
177,2786,178.21398749224625,99987,164,73,6,3,1949,919,0.028683728884755018,102,35,48262,49205,1464,682,0,0,0,0,0,0,97378,0,0,11,1,0,0,0,0,0,0,2597,0,0,0,0,0,0
178,2786,179.23426193564663,99987,169,71,6,3,1979,928,0.029073779591346875,94,36,48243,49198,1486,690,0,0,0,0,0,0,97342,0,0,11,1,0,0,0,0,0,0,2633,0,0,0,0,0,0
179,2786,180.25494881526146,99987,170,63,6,3,2005,936,0.029413823797093622,87,42,48233,49188,1502,702,0,0,0,0,0,0,97301,0,0,11,1,0,0,0,0,0,0,2674,0,0,0,0,0,0
180,2786,181.27598280732036,99987,164,62,6,3,2026,952,0.029783871903347435,91,36,48212,49178,1525,719,0,0,0,0,0,0,97258,0,0,12,1,0,0,0,0,0,0,2716,0,0,0,0,0,0
181,2786,182.2974458604054,99987,157,57,6,3,2044,959,0.030033904407572986,98,39,48195,49170,1542,729,0,0,0,0,0,0,97221,0,0,12,1,0,0,0,0,0,0,2753,0,0,0,0,0,0
182,2786,183.31928190101675,99987,159,55,6,3,2072,968,0.0304039525138268,90,40,48181,49165,1562,735,0,0,0,0,0,0,97184,0,0,12,1,0,0,0,0,0,0,2790,0,0,0,0,0,0
183,2786,184.00071233045585,99987,162,59,6,3,2089,976,0.030653985018052346,89,41,48166,49157,1575,738,0,0,0,0,0,0,97167,0,0,13,1,0,0,0,0,0,0,2806,0,0,0,0,0,0
184,2786,185.0232110375419,99987,159,63,6,3,2116,988,0.031044035724644203,80,32,48151,49155,1602,745,0,0,0,0,0,0,97129,0,0,13,1,0,0,0,0,0,0,2844,0,0,0,0,0,0
185,2786,186.04612750243652,99987,160,65,6,3,2139,1001,0.031404082530728995,77,27,48135,49149,1620,754,0,0,0,0,0,0,97097,0,0,14,1,0,0,0,0,0,0,2875,0,0,0,0,0,0
186,2786,187.06944342986685,99986,163,63,7,3,2162,1008,0.031704438621407,73,31,48121,49141,1634,760,0,0,0,0,0,0,97068,0,0,14,1,0,0,0,0,0,0,2903,0,0,0,0,0,0
187,2786,188.09311168667574,99985,158,59,8,3,2181,1018,0.031994799219882984,81,36,48098,49131,1653,769,0,0,0,0,0,0,97030,0,0,14,1,0,0,0,0,0,0,2940,0,0,0,0,0,0
188,2786,189.11717366212073,99985,154,58,8,3,2206,1023,0.03229484422663399,75,40,48086,49123,1675,774,0,0,0,0,0,0,96997,0,0,16,1,0,0,0,0,0,0,2971,0,0,0,0,0,0
189,2786,190.14160117180361,99985,146,70,8,3,2222,1039,0.032614892233835076,84,36,48065,49113,1695,776,0,0,0,0,0,0,96970,0,0,17,1,0,0,0,0,0,0,2997,0,0,0,0,0,0
190,2786,191.1663950531593,99985,153,74,8,3,2245,1052,0.03297494624193629,78,34,48056,49105,1703,782,0,0,0,0,0,0,96945,0,0,17,1,0,0,0,0,0,0,3022,0,0,0,0,0,0
191,2786,192.19138033497916,99985,147,78,8,3,2260,1064,0.033244986748012205,86,37,48039,49092,1718,788,0,0,0,0,0,0,96916,0,0,17,1,0,0,0,0,0,0,3051,0,0,0,0,0,0
192,2786,193.21665444237078,99985,153,76,8,3,2284,1072,0.03356503475521328,92,43,48015,49083,1730,793,0,0,0,0,0,0,96888,0,0,17,1,0,0,0,0,0,0,3079,0,0,0,0,0,0
193,2786,194.24229057241453,99985,159,72,8,3,2309,1079,0.033885082762414365,88,49,48002,49073,1741,801,0,0,0,0,0,0,96859,0,0,18,1,0,0,0,0,0,0,3107,0,0,0,0,0,0
194,2786,195.2681973825318,99985,172,83,8,3,2340,1100,0.034405160774116116,82,37,47984,49065,1752,810,0,0,0,0,0,0,96831,0,0,18,1,0,0,0,0,0,0,3135,0,0,0,0,0,0
195,2786,196.2944286928403,99985,165,87,8,3,2356,1114,0.03470520578086713,91,40,47963,49049,1771,819,0,0,0,0,0,0,96798,0,0,18,1,0,0,0,0,0,0,3168,0,0,0,0,0,0
196,2786,197.3210567438898,99985,166,79,8,3,2381,1124,0.03505525828874331,89,41,47946,49045,1789,830,0,0,0,0,0,0,96757,0,0,19,1,0,0,0,0,0,0,3208,0,0,0,0,0,0
197,2786,198.00567729834557,99985,175,76,8,3,2405,1131,0.03536530479571936,82,45,47934,49035,1799,839,0,0,0,0,0,0,96733,0,0,20,1,0,0,0,0,0,0,3231,0,0,0,0,0,0
198,2786,199.0329608099583,99984,174,76,9,3,2429,1139,0.03568570971355417,83,47,47915,49030,1817,842,0,0,0,0,0,0,96701,0,0,21,1,0,0,0,0,0,0,3261,0,0,0,0,0,0
199,2786,200.06063146590324,99984,172,67,9,3,2447,1147,0.03594575132021123,98,48,47884,49023,1835,857,0,0,0,0,0,0,96664,0,0,21,1,0,0,0,0,0,0,3298,0,0,0,0,0,0
200,2786,201.08885704054282,99984,178,72,9,3,2470,1160,0.03630580892942871,100,53,47865,49008,1846,862,0,0,0,0,0,0,96640,0,0,22,1,0,0,0,0,0,0,3321,0,0,0,0,0,0
201,2786,202.1173657310239,99984,179,66,9,3,2488,1173,0.03661585853736598,106,55,47848,48999,1856,875,0,0,0,0,0,0,96605,0,0,23,1,0,0,0,0,0,0,3355,0,0,0,0,0,0
202,2786,203.14619832090386,99984,170,70,9,3,2513,1184,0.03697591614658345,104,59,47829,48986,1886,880,0,0,0,0,0,0,96565,0,0,24,1,0,0,0,0,0,0,3394,0,0,0,0,0,0
203,2786,204.17551840382936,99984,174,86,9,3,2540,1208,0.037485997759641544,103,51,47807,48975,1905,883,0,0,0,0,0,0,96535,0,0,25,1,0,0,0,0,0,0,3423,0,0,0,0,0,0
204,2786,205.20519870379457,99984,177,84,9,3,2567,1218,0.03785605696911506,101,52,47786,48967,1925,892,0,0,0,0,0,0,96500,0,0,26,1,0,0,0,0,0,0,3457,0,0,0,0,0,0
205,2786,206.23526456085418,99984,188,90,9,3,2601,1232,0.038336133781405025,100,52,47763,48956,1938,897,0,0,0,0,0,0,96469,0,0,26,1,0,0,0,0,0,0,3488,0,0,0,0,0,0
206,2786,207.26575920350905,99984,168,83,9,3,2616,1238,0.038546167386781884,102,63,47751,48944,1968,905,0,0,0,0,0,0,96422,0,0,27,1,0,0,0,0,0,0,3534,0,0,0,0,0,0
207,2786,208.29671457573357,99982,163,84,10,4,2634,1254,0.03888699965993879,110,58,47730,48936,1985,916,0,0,0,0,0,0,96384,0,0,27,1,0,0,0,0,0,0,3570,0,0,0,0,0,0
208,2786,209.32809038503396,99982,165,83,10,4,2659,1270,0.03929707347322518,104,54,47719,48924,2000,933,0,0,0,0,0,0,96346,0,0,29,1,0,0,0,0,0,0,3606,0,0,0,0,0,0
209,2786,210.01583484919996,99982,154,79,10,4,2670,1275,0.039457102278410115,106,59,47712,48915,2016,941,0,0,0,0,0,0,96315,0,0,29,1,0,0,0,0,0,0,3637,0,0,0,0,0,0
210,2786,211.0477468591724,99982,171,84,10,4,2706,1288,0.03994719049428897,89,55,47698,48910,2030,945,0,0,0,0,0,0,96289,0,0,30,1,0,0,0,0,0,0,3662,0,0,0,0,0,0
211,2786,212.07996539218922,99982,162,83,10,4,2725,1301,0.040267248104658836,92,57,47682,48898,2052,956,0,0,0,0,0,0,96247,0,0,30,1,0,0,0,0,0,0,3704,0,0,0,0,0,0
212,2786,213.11257791277933,99982,165,88,10,4,2753,1317,0.04070732731891741,84,58,47668,48884,2071,964,0,0,0,0,0,0,96212,0,0,31,1,0,0,0,0,0,0,3738,0,0,0,0,0,0
213,2786,214.14546732221777,99982,164,97,10,4,2777,1335,0.041127402932527854,86,64,47658,48867,2080,966,0,0,0,0,0,0,96178,0,0,31,1,0,0,0,0,0,0,3772,0,0,0,0,0,0
214,2786,215.17855093901386,99982,167,91,10,4,2802,1351,0.04153747674581425,89,65,47639,48850,2093,988,0,0,0,0,0,0,96134,0,0,31,1,0,0,0,0,0,0,3816,0,0,0,0,0,0
215,2786,216.2120119603927,99982,163,91,10,4,2818,1365,0.041837530755536,116,65,47606,48840,2103,998,0,0,0,0,0,0,96100,0,0,31,1,0,0,0,0,0,0,3850,0,0,0,0,0,0
216,2786,217.24590497040376,99982,183,101,10,4,2852,1385,0.04237762797303515,103,54,47593,48834,2109,1005,0,0,0,0,0,0,96076,0,0,31,1,0,0,0,0,0,0,3874,0,0,0,0,0,0
217,2786,218.28009600768686,99981,179,94,11,4,2872,1392,0.04264810313959652,117,61,47561,48825,2130,1014,0,0,0,0,0,0,96039,0,0,32,1,0,0,0,0,0,0,3909,0,0,0,0,0,0
218,2786,219.31478310930817,99981,182,97,11,4,2899,1407,0.043068182954761405,113,65,47547,48808,2145,1024,0,0,0,0,0,0,96003,0,0,32,1,0,0,0,0,0,0,3945,0,0,0,0,0,0
219,2786,220.00473455553902,99981,189,101,11,4,2920,1416,0.04336823996559346,117,70,47526,48797,2155,1026,0,0,0,0,0,0,95984,0,0,32,1,0,0,0,0,0,0,3964,0,0,0,0,0,0
220,2786,221.03999386333248,99981,202,110,11,4,2958,1436,0.043948350186535444,105,70,47505,48780,2175,1034,0,0,0,0,0,0,95948,0,0,32,1,0,0,0,0,0,0,4000,0,0,0,0,0,0
221,2786,222.07565162310695,99980,207,112,12,4,2990,1455,0.04445889177835567,113,65,47474,48771,2192,1046,0,0,0,0,0,0,95906,0,0,34,1,0,0,0,0,0,0,4039,0,0,0,0,0,0
222,2786,223.11187498252667,99980,204,107,12,4,3018,1469,0.04487897579515903,124,63,47447,48763,2211,1061,0,0,0,0,0,0,95858,0,0,36,1,0,0,0,0,0,0,4085,0,0,0,0,0,0
223,2786,224.14857710252844,99980,211,112,12,4,3052,1492,0.04544908981796359,116,58,47433,48749,2226,1075,0,0,0,0,0,0,95814,0,0,37,1,0,0,0,0,0,0,4128,0,0,0,0,0,0
224,2786,225.18561227971648,99980,214,103,12,4,3078,1505,0.045839167833566716,115,62,47417,48737,2240,1092,0,0,0,0,0,0,95770,0,0,38,1,0,0,0,0,0,0,4171,0,0,0,0,0,0
225,2786,226.22306764817964,99980,214,99,12,4,3107,1521,0.046289257851570315,124,65,47383,48722,2265,1108,0,0,0,0,0,0,95723,0,0,40,1,0,0,0,0,0,0,4216,0,0,0,0,0,0
226,2786,227.2610970630636,99980,222,105,12,4,3152,1535,0.04687937587517504,109,65,47365,48710,2290,1114,0,0,0,0,0,0,95678,0,0,40,1,0,0,0,0,0,0,4261,0,0,0,0,0,0
227,2786,228.29949001238384,99980,232,100,12,4,3187,1554,0.04741948389677936,102,62,47350,48699,2302,1133,0,0,0,0,0,0,95632,0,0,43,1,0,0,0,0,0,0,4304,0,0,0,0,0,0
228,2786,229.33826812955394,99980,218,101,12,4,3211,1569,0.047809561912382476,106,71,47335,48677,2327,1145,0,0,0,0,0,0,95582,0,0,45,1,0,0,0,0,0,0,4352,0,0,0,0,0,0
229,2786,230.03106875005128,99980,213,108,12,4,3226,1584,0.04810962192438488,113,70,47319,48666,2341,1150,0,0,0,0,0,0,95554,0,0,45,1,0,0,0,0,0,0,4380,0,0,0,0,0,0
230,2786,231.07056472728223,99980,210,116,12,4,3259,1604,0.048639727945589115,111,65,47299,48656,2366,1157,0,0,0,0,0,0,95506,0,0,45,1,0,0,0,0,0,0,4428,0,0,0,0,0,0
231,2786,232.11057744399244,99980,209,117,12,4,3292,1618,0.049109821964392876,106,60,47277,48650,2394,1167,0,0,0,0,0,0,95460,0,0,46,1,0,0,0,0,0,0,4473,0,0,0,0,0,0
232,2786,233.15113621024713,99979,204,118,13,4,3324,1632,0.04957040978605507,114,66,47246,48632,2421,1178,0,0,0,0,0,0,95410,0,0,46,1,0,0,0,0,0,0,4522,0,0,0,0,0,0
233,2786,234.19231932371082,99978,195,123,14,4,3352,1649,0.05002100462101662,116,65,47225,48619,2448,1187,0,0,0,0,0,0,95362,0,0,47,1,0,0,0,0,0,0,4568,0,0,0,0,0,0
234,2786,235.23399695163823,99978,198,125,14,4,3381,1671,0.050531116845706055,122,57,47204,48607,2460,1205,0,0,0,0,0,0,95318,0,0,49,1,0,0,0,0,0,0,4610,0,0,0,0,0,0
235,2786,236.2760698698148,99977,207,131,15,4,3415,1692,0.05108174880222451,117,52,47190,48594,2469,1217,0,0,0,0,0,0,95280,0,0,51,1,0,0,0,0,0,0,4645,0,0,0,0,0,0
236,2786,237.3184096404097,99977,211,126,15,4,3445,1705,0.051511847724976745,117,58,47169,48578,2486,1232,0,0,0,0,0,0,95239,0,0,54,1,0,0,0,0,0,0,4683,0,0,0,0,0,0
237,2786,238.0135236850842,99977,198,140,15,4,3456,1723,0.05180191444032128,130,46,47151,48572,2504,1236,0,0,0,0,0,0,95211,0,0,54,1,0,0,0,0,0,0,4711,0,0,0,0,0,0
238,2786,239.05661014412726,99977,201,135,15,4,3484,1736,0.05221200876201526,141,47,47126,48564,2515,1248,0,0,0,0,0,0,95169,0,0,55,1,0,0,0,0,0,0,4752,0,0,0,0,0,0
239,2786,240.10019180529093,99976,219,131,16,4,3531,1747,0.052792670240857806,125,49,47106,48556,2532,1258,0,0,0,0,0,0,95125,0,0,55,1,0,0,0,0,0,0,4795,0,0,0,0,0,0
240,2786,241.1441981548665,99976,206,123,16,4,3557,1758,0.05316275906217492,128,61,47092,48536,2556,1274,0,0,0,0,0,0,95070,0,0,58,1,0,0,0,0,0,0,4847,0,0,0,0,0,0
241,2786,242.18861257132704,99976,201,124,16,4,3589,1777,0.053672881491557974,129,61,47068,48521,2584,1288,0,0,0,0,0,0,95015,0,0,58,1,0,0,0,0,0,0,4902,0,0,0,0,0,0
242,2786,243.23353674352495,99976,210,116,16,4,3622,1792,0.05415299671921261,125,67,47053,48505,2594,1306,0,0,0,0,0,0,94970,0,0,60,1,0,0,0,0,0,0,4945,0,0,0,0,0,0
243,2786,244.27878703309688,99976,206,117,16,4,3648,1810,0.054593102344562695,132,66,47028,48497,2616,1314,0,0,0,0,0,0,94924,0,0,61,1,0,0,0,0,0,0,4990,0,0,0,0,0,0
244,2786,245.32455413652778,99976,206,111,16,4,3680,1822,0.055033207969912776,143,74,46992,48479,2641,1330,0,0,0,0,0,0,94875,0,0,62,1,0,0,0,0,0,0,5038,0,0,0,0,0,0
245,2786,246.02210036768005,99976,205,101,16,4,3705,1827,0.05533327998719693,143,77,46970,48474,2664,1342,0,0,0,0,0,0,94836,0,0,64,1,0,0,0,0,0,0,5075,0,0,0,0,0,0
246,2786,247.06904730319482,99976,218,97,16,4,3739,1842,0.055823397615427706,141,73,46948,48467,2675,1357,0,0,0,0,0,0,94797,0,0,65,1,0,0,0,0,0,0,5113,0,0,0,0,0,0
247,2786,248.11645794990193,99976,224,101,16,4,3774,1865,0.05640353684884372,145,62,46922,48463,2691,1368,0,0,0,0,0,0,94749,0,0,65,1,0,0,0,0,0,0,5161,0,0,0,0,0,0
248,2786,249.16440168061803,99975,236,99,17,4,3815,1881,0.056974243560890224,145,69,46890,48442,2710,1384,0,0,0,0,0,0,94703,0,0,66,1,0,0,0,0,0,0,5205,0,0,0,0,0,0
249,2786,250.2128815226522,99975,247,107,17,4,3860,1902,0.057634408602150536,144,60,46857,48434,2733,1393,0,0,0,0,0,0,94658,0,0,68,1,0,0,0,0,0,0,5248,0,0,0,0,0,0
250,2786,251.26195293584263,99975,261,106,17,4,3905,1917,0.058234558639659914,149,57,46818,48430,2753,1401,0,0,0,0,0,0,94613,0,0,70,1,0,0,0,0,0,0,5291,0,0,0,0,0,0
251,2786,252.31176137898478,99975,258,105,17,4,3941,1934,0.0587646911727932,152,56,46792,48422,2779,1411,0,0,0,0,0,0,94556,0,0,70,1,0,0,0,0,0,0,5348,0,0,0,0,0,0
252,2786,253.01195196796115,99975,256,109,17,4,3960,1944,0.05905476369092273,160,65,46776,48408,2789,1412,0,0,0,0,0,0,94529,0,0,70,1,0,0,0,0,0,0,5375,0,0,0,0,0,0
253,2786,254.06254220572185,99975,256,112,17,4,3993,1958,0.059524881220305075,166,73,46749,48393,2810,1416,0,0,0,0,0,0,94486,0,0,71,1,0,0,0,0,0,0,5417,0,0,0,0,0,0
254,2786,255.11361163437726,99975,264,114,17,4,4041,1975,0.06017504376094023,158,73,46723,48381,2836,1426,0,0,0,0,0,0,94432,0,0,72,1,0,0,0,0,0,0,5470,0,0,0,0,0,0
255,2786,256.1652685959096,99975,262,116,17,4,4080,1999,0.06080520130032508,164,74,46691,48359,2864,1445,0,0,0,0,0,0,94371,0,0,74,1,0,0,0,0,0,0,5529,0,0,0,0,0,0
256,2786,257.21757049537206,99975,261,117,17,4,4116,2022,0.061395348837209304,171,69,46659,48348,2890,1460,0,0,0,0,0,0,94314,0,0,76,1,0,0,0,0,0,0,5584,0,0,0,0,0,0
257,2786,258.2705247538334,99975,264,115,17,4,4162,2038,0.06201550387596899,164,83,46630,48326,2923,1470,0,0,0,0,0,0,94254,0,0,77,1,0,0,0,0,0,0,5643,0,0,0,0,0,0
258,2786,259.32422984875615,99974,261,124,17,5,4201,2059,0.06261628023286055,173,86,46590,48307,2957,1476,0,0,0,0,0,0,94205,0,0,82,1,0,0,0,0,0,0,5686,0,0,0,0,0,0
259,2786,260.0270727226967,99973,255,137,18,5,4231,2079,0.06311704160123233,176,89,46564,48289,2985,1478,0,0,0,0,0,0,94163,0,0,83,1,0,0,0,0,0,0,5726,0,0,0,0,0,0
260,2786,261.0820369758724,99973,259,145,18,5,4274,2106,0.06381723065227611,181,81,46525,48276,3015,1491,0,0,0,0,0,0,94107,0,0,85,1,0,0,0,0,0,0,5780,0,0,0,0,0,0
261,2786,262.1377237813327,99973,269,142,18,5,4326,2127,0.06454742780550748,173,78,46496,48267,3042,1506,0,0,0,0,0,0,94044,0,0,88,1,0,0,0,0,0,0,5840,0,0,0,0,0,0
262,2786,263.194087047565,99973,274,141,18,5,4380,2152,0.06533764116311404,154,76,46480,48249,3072,1527,0,0,0,0,0,0,93972,0,0,91,1,0,0,0,0,0,0,5909,0,0,0,0,0,0
263,2786,264.25102194209336,99973,270,145,18,5,4420,2177,0.06598781671051183,152,83,46450,48223,3108,1542,0,0,0,0,0,0,93909,0,0,93,1,0,0,0,0,0,0,5970,0,0,0,0,0,0
264,2786,265.30861432489274,99973,254,141,18,5,4449,2196,0.06646794634551328,174,82,46412,48213,3140,1557,0,0,0,0,0,0,93843,0,0,95,1,0,0,0,0,0,0,6034,0,0,0,0,0,0
265,2786,266.01415565376675,99973,257,144,18,5,4476,2208,0.06685805167395197,170,83,46394,48208,3159,1558,0,0,0,0,0,0,93811,0,0,96,1,0,0,0,0,0,0,6065,0,0,0,0,0,0
266,2786,267.07302289666757,99973,254,141,18,5,4522,2230,0.06753823532353735,164,87,46363,48189,3199,1576,0,0,0,0,0,0,93739,0,0,98,1,0,0,0,0,0,0,6135,0,0,0,0,0,0
267,2786,268.1326056331968,99973,248,143,18,5,4561,2250,0.06812839466655997,179,81,46334,48179,3219,1590,0,0,0,0,0,0,93680,0,0,102,1,0,0,0,0,0,0,6190,0,0,0,0,0,0
268,2786,269.19284109068695,99973,254,147,18,5,4601,2276,0.06878857291468697,187,72,46297,48169,3242,1605,0,0,0,0,0,0,93625,0,0,103,1,0,0,0,0,0,0,6244,0,0,0,0,0,0
269,2786,270.2537804867943,99972,278,142,19,5,4657,2291,0.06949945984875765,177,91,46261,48141,3263,1619,0,0,0,0,0,0,93574,0,0,104,1,0,0,0,0,0,0,6293,0,0,0,0,0,0
270,2786,271.31532220939954,99972,269,144,19,5,4701,2311,0.0701396390989477,177,93,46231,48126,3302,1630,0,0,0,0,0,0,93507,0,0,108,1,0,0,0,0,0,0,6356,0,0,0,0,0,0
271,2786,272.02342329541256,99972,267,146,19,5,4734,2322,0.07057976233345337,176,103,46205,48109,3331,1635,0,0,0,0,0,0,93465,0,0,110,1,0,0,0,0,0,0,6396,0,0,0,0,0,0
272,2786,273.08629417566834,99972,272,138,19,5,4777,2340,0.07118993318129076,178,94,46172,48108,3357,1653,0,0,0,0,0,0,93402,0,0,111,1,0,0,0,0,0,0,6458,0,0,0,0,0,0
273,2786,274.1499191474689,99972,282,148,19,5,4826,2370,0.07198015444324411,172,86,46142,48093,3383,1666,0,0,0,0,0,0,93346,0,0,114,1,0,0,0,0,0,0,6511,0,0,0,0,0,0
274,2786,275.2142437494073,99972,286,153,19,5,4869,2401,0.07272036170127635,178,75,46104,48079,3411,1686,0,0,0,0,0,0,93284,0,0,117,1,0,0,0,0,0,0,6570,0,0,0,0,0,0
275,2786,276.27925519634016,99971,282,147,20,5,4903,2420,0.07325124286042953,187,83,46070,48058,3439,1705,0,0,0,0,0,0,93224,0,0,120,1,0,0,0,0,0,0,6626,0,0,0,0,0,0
276,2786,277.3450249697864,99971,290,147,20,5,4956,2442,0.07400146042352282,179,92,46041,48033,3468,1721,0,0,0,0,0,0,93159,0,0,122,1,0,0,0,0,0,0,6689,0,0,0,0,0,0
277,2786,278.0558922746322,99970,281,143,21,5,4986,2455,0.07443232969890967,170,92,46029,48023,3497,1735,0,0,0,0,0,0,93108,0,0,127,1,0,0,0,0,0,0,6734,0,0,0,0,0,0
278,2786,279.1227634975038,99968,281,131,22,6,5033,2471,0.0750640204865557,160,99,46005,48010,3530,1752,0,0,0,0,0,0,93035,0,0,129,1,0,0,0,0,0,0,6803,0,0,0,0,0,0
279,2786,280.19041897902036,99967,265,140,22,7,5075,2502,0.07579501235407685,166,98,45973,47986,3572,1767,0,0,0,0,0,0,92961,0,0,135,1,0,0,0,0,0,0,6870,0,0,0,0,0,0
280,2786,281.2587940000352,99966,267,137,22,8,5119,2524,0.07645599503831303,160,104,45950,47963,3599,1786,0,0,0,0,0,0,92896,0,0,137,1,0,0,0,0,0,0,6932,0,0,0,0,0,0
281,2786,282.3277084164651,99965,260,146,23,8,5171,2553,0.07726704346521282,156,101,45918,47946,3641,1797,0,0,0,0,0,0,92820,0,0,140,1,0,0,0,0,0,0,7004,0,0,0,0,0,0
282,2786,283.04077193998637,99965,256,149,23,8,5200,2572,0.07774721152403341,164,91,45889,47945,3666,1805,0,0,0,0,0,0,92772,0,0,141,1,0,0,0,0,0,0,7051,0,0,0,0,0,0
283,2786,284.1112096315403,99965,265,146,23,8,5246,2591,0.0783974391036863,154,91,45867,47933,3689,1820,0,0,0,0,0,0,92719,0,0,145,2,0,0,0,0,0,0,7099,0,0,0,0,0,0
284,2786,285.18215836782116,99965,274,143,23,8,5290,2612,0.07904766668333917,157,94,45840,47921,3704,1832,0,0,0,0,0,0,92663,0,0,148,2,0,0,0,0,0,0,7152,0,0,0,0,0,0
285,2786,286.25366085437736,99965,276,137,23,8,5337,2637,0.07976791877157005,163,86,45797,47909,3739,1858,0,0,0,0,0,0,92590,0,0,151,2,0,0,0,0,0,0,7222,0,0,0,0,0,0
286,2786,287.3261025396316,99965,279,136,23,8,5383,2659,0.08044815685489921,167,84,45765,47893,3764,1877,0,0,0,0,0,0,92530,0,0,157,2,0,0,0,0,0,0,7276,0,0,0,0,0,0
287,2786,288.04142148943987,99965,289,136,23,8,5418,2673,0.08093832841494523,158,90,45742,47877,3786,1887,0,0,0,0,0,0,92495,0,0,161,2,0,0,0,0,0,0,7307,0,0,0,0,0,0
288,2786,289.1150136021918,99965,291,137,23,8,5458,2696,0.08156854899214726,167,91,45705,47859,3812,1903,0,0,0,0,0,0,92436,0,0,162,2,0,0,0,0,0,0,7365,0,0,0,0,0,0
289,2786,290.18937912773634,99965,286,145,23,8,5500,2728,0.08230880808282899,164,89,45677,47837,3848,1919,0,0,0,0,0,0,92367,0,0,164,2,0,0,0,0,0,0,7432,0,0,0,0,0,0
290,2786,291.2643897692481,99964,282,152,24,8,5543,2751,0.08296986915289505,165,100,45646,47806,3881,1932,0,0,0,0,0,0,92304,0,0,164,2,0,0,0,0,0,0,7494,0,0,0,0,0,0
291,2786,292.34012583784386,99964,280,160,24,8,5579,2782,0.08364011043975832,168,92,45619,47790,3907,1948,0,0,0,0,0,0,92247,0,0,168,2,0,0,0,0,0,0,7547,0,0,0,0,0,0
292,2786,293.0576295153606,99964,284,156,24,8,5604,2792,0.08399023648513465,177,97,45602,47778,3911,1959,0,0,0,0,0,0,92214,0,0,170,2,0,0,0,0,0,0,7578,0,0,0,0,0,0
293,2786,294.1342897770494,99964,284,163,24,8,5650,2819,0.08472049937977671,170,92,45577,47766,3943,1969,0,0,0,0,0,0,92152,0,0,174,2,0,0,0,0,0,0,7636,0,0,0,0,0,0
294,2786,295.2115131432549,99964,286,161,24,8,5695,2848,0.08546076587571526,160,90,45564,47750,3964,1989,0,0,0,0,0,0,92080,0,0,176,2,0,0,0,0,0,0,7706,0,0,0,0,0,0
295,2786,296.2891985600076,99964,303,167,24,8,5749,2876,0.08628106118202553,149,87,45542,47730,3980,2006,0,0,0,0,0,0,92023,0,0,178,2,0,0,0,0,0,0,7761,0,0,0,0,0,0
296,2786,297.007891310279,99964,298,172,24,8,5777,2897,0.0867712376455524,152,84,45520,47714,4004,2020,0,0,0,0,0,0,91976,0,0,180,2,0,0,0,0,0,0,7806,0,0,0,0,0,0
297,2786,298.08659946930834,99964,284,177,24,8,5816,2928,0.08747148973630507,175,73,45470,47701,4045,2039,0,0,0,0,0,0,91899,0,0,182,2,0,0,0,0,0,0,7881,0,0,0,0,0,0
298,2786,299.16638300836024,99964,285,162,24,8,5866,2948,0.08817174182705774,180,68,45431,47696,4078,2064,0,0,0,0,0,0,91820,0,0,187,2,0,0,0,0,0,0,7955,0,0,0,0,0,0
299,2786,300.2471332665549,99964,286,151,24,8,5909,2962,0.08874194710095634,184,80,45395,47677,4109,2082,0,0,0,0,0,0,91756,0,0,190,2,0,0,0,0,0,0,8016,0,0,0,0,0,0
300,2786,301.328700215327,99963,281,149,25,8,5944,2983,0.08930304212558647,200,82,45357,47667,4135,2092,0,0,0,0,0,0,91697,0,0,194,2,0,0,0,0,0,0,8070,0,0,0,0,0,0
301,2786,302.0502059610234,99963,293,146,25,8,5978,2991,0.08972319758310575,200,87,45337,47657,4143,2100,0,0,0,0,0,0,91664,0,0,194,2,0,0,0,0,0,0,8103,0,0,0,0,0,0
302,2786,303.1328773572772,99961,287,150,25,10,6022,3017,0.09042526585368293,208,92,45311,47631,4167,2115,0,0,0,0,0,0,91602,0,0,204,2,0,0,0,0,0,0,8153,0,0,0,0,0,0
303,2786,304.21606234022863,99960,292,147,26,10,6069,3037,0.09109643857543018,219,91,45281,47617,4180,2133,0,0,0,0,0,0,91541,0,0,208,2,0,0,0,0,0,0,8209,0,0,0,0,0,0
304,2786,305.2998305339586,99959,302,151,27,10,6124,3068,0.09195770265808982,209,88,45257,47593,4203,2156,0,0,0,0,0,0,91475,0,0,214,2,0,0,0,0,0,0,8268,0,0,0,0,0,0
305,2786,306.02262172755275,99959,310,141,27,10,6159,3079,0.09241789133544753,209,91,45229,47581,4223,2175,0,0,0,0,0,0,91431,0,0,218,2,0,0,0,0,0,0,8308,0,0,0,0,0,0
306,2786,307.10759474167315,99959,314,147,27,10,6222,3103,0.09328824818175452,193,86,45196,47574,4268,2181,0,0,0,0,0,0,91355,0,0,219,2,0,0,0,0,0,0,8383,0,0,0,0,0,0
307,2786,308.19340989658565,99959,331,147,27,10,6280,3122,0.09405856401124461,171,85,45176,47562,4293,2194,0,0,0,0,0,0,91298,0,0,222,2,0,0,0,0,0,0,8437,0,0,0,0,0,0
308,2786,309.2797692571589,99958,322,137,28,10,6322,3147,0.09472978651033434,170,79,45149,47553,4329,2219,0,0,0,0,0,0,91214,0,0,224,2,0,0,0,0,0,0,8518,0,0,0,0,0,0
309,2786,310.00450114568577,99958,329,141,28,10,6355,3166,0.09525000500210089,177,74,45117,47543,4347,2230,0,0,0,0,0,0,91175,0,0,226,2,0,0,0,0,0,0,8555,0,0,0,0,0,0
310,2786,311.0923380704407,99958,323,150,28,10,6405,3198,0.09607034954680967,171,64,45084,47530,4392,2244,0,0,0,0,0,0,91099,0,0,229,2,0,0,0,0,0,0,8628,0,0,0,0,0,0
311,2786,312.1810395770545,99958,321,152,28,10,6445,3219,0.09668060585445887,188,67,45050,47513,4411,2256,0,0,0,0,0,0,91042,0,0,233,2,0,0,0,0,0,0,8681,0,0,0,0,0,0
312,2786,313.27045355616616,99958,324,153,28,10,6493,3241,0.09738089997799075,184,76,45022,47489,4440,2270,0,0,0,0,0,0,90980,0,0,237,2,0,0,0,0,0,0,8739,0,0,0,0,0,0
313,2786,314.3604891299759,99958,322,154,28,10,6540,3263,0.0980711898997579,189,86,44996,47466,4463,2282,0,0,0,0,0,0,90916,0,0,243,2,0,0,0,0,0,0,8797,0,0,0,0,0,0
314,2786,315.08744869650934,99958,318,154,28,10,6566,3276,0.09846135376858281,194,96,44974,47451,4484,2287,0,0,0,0,0,0,90875,0,0,245,2,0,0,0,0,0,0,8836,0,0,0,0,0,0
315,2786,316.1785632577632,99958,325,158,28,10,6619,3307,0.09930170671682106,186,99,44942,47425,4517,2306,0,0,0,0,0,0,90808,0,0,251,2,0,0,0,0,0,0,8897,0,0,0,0,0,0
316,2786,317.2703484147917,99957,324,163,29,10,6665,3342,0.10011304861090269,177,87,44928,47409,4540,2329,0,0,0,0,0,0,90734,0,0,254,2,0,0,0,0,0,0,8967,0,0,0,0,0,0
317,2786,318.36254959153814,99957,323,152,29,10,6709,3356,0.10069329811819082,173,103,44904,47386,4569,2347,0,0,0,0,0,0,90669,0,0,259,2,0,0,0,0,0,0,9027,0,0,0,0,0,0
318,2786,319.0910701269216,99956,317,160,29,11,6733,3380,0.10117451678738645,188,102,44872,47369,4592,2356,0,0,0,0,0,0,90624,0,0,260,2,0,0,0,0,0,0,9070,0,0,0,0,0,0
319,2786,320.18453489168274,99956,324,161,29,11,6783,3409,0.10196486454039777,182,102,44844,47351,4618,2372,1,1,1,1,0,0,90554,0,0,263,2,0,0,0,0,0,2,9135,0,0,0,0,0,0
320,2786,321.161613951986,99955,321,168,30,11,6816,3431,0.10251613225951678,178,101,44829,47332,4638,2384,2,2,2,2,0,0,90506,0,0,268,2,0,0,0,0,0,4,9175,0,0,0,0,0,0
321,2786,322.34315966455654,99955,329,175,30,11,6880,3462,0.10346655995197838,176,104,44797,47310,4663,2395,3,3,3,3,0,0,90430,0,0,274,2,0,0,0,0,0,6,9243,0,0,0,0,0,0
322,2786,323.27278243256904,99954,331,169,31,11,6913,3481,0.10398783440382577,170,113,44780,47289,4682,2412,4,4,4,4,0,0,90378,0,0,279,2,0,0,0,0,0,7,9287,1,0,0,0,0,0
323,2786,324.05507559140375,99953,326,163,32,11,6947,3499,0.10450911928606445,175,118,44764,47272,4696,2429,5,5,5,5,0,0,90316,0,0,281,2,0,0,0,0,0,8,9344,2,0,0,0,0,0
324,2786,325.29485854126926,99953,339,168,32,11,7004,3535,0.10543955659159805,169,118,44735,47242,4717,2453,6,6,6,6,0,0,90246,0,0,288,2,0,0,0,0,0,10,9405,2,0,0,0,0,0
325,2786,326.02813556876293,99953,332,174,32,11,7036,3556,0.1059698058087301,174,107,44712,47235,4741,2464,7,7,7,7,0,0,90194,0,0,292,2,0,0,0,0,0,12,9451,2,0,0,0,0,0
326,2786,327.0389908211221,99953,336,171,32,11,7083,3579,0.10667013496343282,177,104,44685,47217,4760,2487,8,8,8,8,0,0,90129,0,0,298,2,0,0,0,0,0,14,9508,2,0,0,0,0,0
327,2786,328.01759820816153,99953,320,170,32,11,7123,3598,0.1072604123938251,177,106,44657,47203,4803,2499,9,9,9,9,0,0,90052,0,0,297,3,0,0,0,0,0,16,9583,2,0,0,0,0,0
328,2786,329.0399086559715,99953,324,167,32,11,7181,3624,0.10810080737946835,174,99,44632,47193,4826,2518,10,10,10,10,0,0,89971,0,0,300,3,0,0,0,0,0,17,9659,3,0,0,0,0,0
329,2786,330.05745039219005,99953,328,174,32,11,7223,3651,0.10879113183196103,160,94,44628,47178,4839,2530,11,11,11,11,0,0,89917,0,0,305,3,0,0,0,0,0,18,9706,4,0,0,0,0,0
330,2786,331.0400536411077,99952,323,162,32,12,7258,3670,0.1093324795902033,178,103,44588,47158,4866,2552,11,11,12,12,0,0,89849,0,0,308,4,0,0,0,0,0,20,9767,4,0,0,0,0,0
331,2786,332.0107294689741,99952,321,169,32,12,7299,3699,0.11003281575156075,181,98,44560,47139,4892,2568,12,12,13,13,0,0,89785,0,0,311,4,0,0,0,0,0,22,9826,4,0,0,0,0,0
332,2786,333.0194559309001,99952,319,174,32,12,7350,3718,0.1107331519129182,168,103,44534,47123,4933,2574,12,12,14,14,0,0,89720,0,0,313,5,0,0,0,0,0,24,9886,4,0,0,0,0,0
333,2786,334.0061791341763,99952,310,173,32,12,7385,3747,0.111373459260445,182,104,44502,47103,4959,2593,13,13,15,15,0,0,89646,0,0,315,5,0,0,0,0,0,26,9956,4,0,0,0,0,0
334,2786,335.0017325124699,99951,310,177,33,12,7423,3768,0.11196486278276356,191,108,44469,47082,4981,2605,14,14,16,16,0,0,89590,0,0,314,6,0,0,0,0,0,28,10009,4,0,0,0,0,0
335,2786,336.1178162576228,99950,325,173,33,13,7483,3796,0.1128464232116058,189,110,44436,47061,5000,2626,15,15,17,17,0,0,89514,0,0,317,6,0,0,0,0,0,30,10079,4,0,0,0,0,0
336,2786,337.0272975860418,99949,335,165,34,13,7529,3816,0.11350788902340193,196,107,44396,47050,5021,2647,16,16,18,18,0,0,89453,0,0,322,6,0,0,0,0,0,32,10132,4,0,0,0,0,0
337,2786,338.0267619859129,99949,339,168,34,13,7575,3852,0.11432830743679276,194,87,44373,47043,5041,2670,17,17,19,19,0,0,89379,0,0,322,7,0,0,0,0,0,33,10203,5,0,0,0,0,0
338,2786,339.0007375119283,99949,350,165,34,13,7626,3871,0.11502866461895567,196,87,44338,47029,5062,2686,18,18,20,20,0,0,89319,0,0,326,7,0,0,0,0,0,35,10257,5,0,0,0,0,0
339,2786,340.038937189642,99949,336,162,34,13,7668,3892,0.11565898608290227,214,91,44298,47015,5097,2698,19,19,21,21,0,0,89241,0,0,329,7,0,0,0,0,0,36,10330,6,0,0,0,0,0
340,2786,341.0387888743907,99948,327,171,35,13,7716,3923,0.11645055428822988,206,80,44274,47004,5137,2711,19,19,22,22,0,0,89167,0,0,336,7,0,0,0,0,0,38,10394,6,0,0,0,0,0
341,2786,342.0101724541368,99948,328,166,35,13,7758,3942,0.1170608716532597,214,93,44248,46983,5153,2723,20,20,23,23,0,0,89104,0,0,340,7,0,0,0,0,0,40,10451,6,0,0,0,0,0
342,2786,343.124673520765,99948,330,166,35,13,7813,3968,0.11787129307239765,216,89,44203,46972,5193,2737,21,21,24,24,0,0,89029,0,0,345,7,0,0,0,0,0,41,10519,7,0,0,0,0,0
343,2786,344.29536410586053,99948,341,160,35,13,7894,4002,0.11902189138351943,205,92,44155,46951,5240,2760,22,22,25,25,0,0,88926,0,0,354,7,0,0,0,0,0,43,10611,7,0,0,0,0,0
344,2786,345.03576040807474,99948,345,152,35,13,7933,4017,0.1195621723296114,211,100,44124,46934,5259,2776,24,23,26,27,0,0,88871,0,0,360,7,0,0,0,0,0,46,10657,7,0,0,0,0,0
345,2786,346.1471553121448,99948,353,170,35,13,7992,4052,0.12050266138391964,198,95,44095,46911,5291,2784,26,25,28,29,0,0,88802,0,0,363,7,0,0,0,0,0,50,10719,7,0,0,0,0,0
346,2786,347.259329448097,99948,348,167,35,13,8047,4078,0.1213130828030576,202,98,44052,46892,5333,2802,28,26,30,31,0,0,88710,0,0,364,7,0,0,0,0,0,54,10806,7,0,0,0,0,0
347,2786,348.00129720948854,99948,346,170,35,13,8094,4097,0.12197342618161444,183,94,44033,46880,5371,2813,30,28,32,33,0,0,88648,0,0,371,7,0,0,0,0,0,58,10857,7,0,0,0,0,0
348,2786,349.11527414910887,99948,345,171,35,13,8151,4126,0.12283387361427943,175,94,44012,46861,5399,2829,32,30,34,35,0,0,88563,0,0,375,7,0,0,0,0,0,61,10934,8,0,0,0,0,0
349,2786,350.2299726462416,99948,331,177,35,13,8199,4155,0.12360427422259575,191,102,43969,46840,5437,2833,35,33,37,38,0,0,88477,0,0,379,7,0,0,0,0,0,66,11010,9,0,0,0,0,0
350,2786,351.3456037227671,99948,331,177,35,13,8253,4193,0.12452475287149317,190,91,43943,46817,5461,2864,38,36,40,41,0,0,88386,0,0,386,7,0,0,0,0,0,72,11088,9,0,0,0,0,0
351,2786,352.08977512185476,99948,349,174,35,13,8296,4204,0.12506503381758513,177,98,43926,46800,5470,2874,41,39,43,44,0,0,88343,0,0,388,7,0,0,0,0,0,78,11123,9,0,0,0,0,0
352,2786,353.20656629481476,99947,337,182,36,13,8351,4233,0.12590673056720061,171,103,43895,46769,5514,2888,45,43,47,48,0,0,88256,0,0,393,8,0,0,0,0,0,84,11195,11,0,0,0,0,0
353,2786,354.3241672148117,99947,342,179,36,13,8405,4262,0.12673717070047125,166,115,43855,46733,5550,2911,49,47,51,52,0,0,88169,0,0,395,8,0,0,0,0,0,92,11272,11,0,0,0,0,0
354,2786,355.0698001781533,99947,339,186,36,13,8441,4286,0.12733748886910062,171,111,43819,46717,5579,2919,54,52,56,57,0,0,88108,0,0,399,8,0,0,0,0,0,101,11319,12,0,0,0,0,0
355,2786,356.1892472340821,99946,330,184,37,13,8486,4312,0.12804914653913113,179,106,43783,46703,5610,2935,59,57,61,62,0,0,88024,0,0,404,8,0,0,0,0,0,108,11387,15,0,0,0,0,0
356,2786,357.30957455982514,99946,332,183,37,13,8534,4341,0.12881956256378443,186,108,43750,46682,5629,2950,64,62,67,67,0,0,87941,0,0,408,8,0,0,0,0,0,119,11455,15,0,0,0,0,0
357,2786,358.05685813163024,99946,337,184,37,13,8573,4359,0.12938987053008624,179,109,43730,46666,5645,2958,70,68,73,73,0,0,87884,0,0,410,10,0,0,0,0,0,131,11496,15,0,0,0,0,0
358,2786,359.17858553332286,99946,327,183,37,13,8618,4384,0.13009024873431654,190,110,43707,46646,5660,2971,77,75,80,80,0,0,87795,0,0,415,10,0,0,0,0,0,144,11566,16,0,0,0,0,0
359,2786,360.30086726469193,99946,334,184,37,13,8680,4409,0.1309607187881456,175,122,43671,46614,5697,2982,84,83,88,87,0,0,87709,0,0,420,11,0,0,0,0,0,157,11632,17,0,0,0,0,0
360,2786,361.04957172111466,99946,330,187,37,13,8712,4434,0.1315310267544474,176,115,43652,46596,5711,2995,92,92,97,95,0,0,87639,0,0,422,11,0,0,0,0,0,171,11683,20,0,0,0,0,0
361,2786,362.17333215238943,99946,326,185,37,13,8768,4462,0.13237148059952375,177,108,43617,46576,5741,3014,100,102,107,104,0,0,87538,0,0,429,11,0,0,0,0,0,189,11758,21,0,0,0,0,0
362,2786,363.29803895637843,99945,338,187,38,13,8826,4497,0.13330331682425334,163,108,43592,46537,5759,3041,108,112,118,113,0,0,87449,0,0,434,13,0,0,0,0,0,208,11819,22,0,0,0,0,0
363,2786,364.0481758005914,99944,343,189,39,13,8875,4518,0.13400504282398143,151,106,43565,46514,5782,3052,118,124,130,123,0,0,87369,0,0,437,13,0,0,0,0,0,228,11873,24,0,0,0,0,0
364,2786,365.1742368327662,99942,334,171,41,13,8919,4541,0.13467811330571733,170,113,43521,46485,5804,3079,128,137,143,134,0,0,87260,0,0,441,13,0,0,0,0,0,247,11952,29,0,0,0,0,0
365,2786,366.3014107880425,99941,321,186,42,13,8963,4580,0.1355099508710139,185,106,43487,46456,5823,3087,140,150,157,146,0,0,87161,0,0,446,14,0,0,0,0,0,271,12019,30,0,0,0,0,0
366,2786,367.0532931299966,99941,325,181,42,13,8995,4597,0.1360002401416836,184,104,43464,46435,5831,3100,152,165,172,159,0,0,87090,0,0,449,14,0,0,0,0,0,295,12059,34,0,0,0,0,0
367,2786,368.1819243538479,99941,312,179,42,13,9045,4622,0.13675068290291273,188,107,43432,46398,5858,3120,166,181,189,173,0,0,86979,0,0,455,14,0,0,0,0,0,322,12133,38,0,0,0,0,0
368,2786,369.31144790983217,99941,316,186,42,13,9101,4651,0.1376011846989724,196,101,43378,46371,5885,3128,181,199,207,188,0,0,86883,0,0,459,14,0,0,0,0,0,348,12192,45,0,0,0,0,0
369,2786,370.065173458441,99938,314,176,44,14,9134,4667,0.13809561928395606,188,106,43361,46341,5894,3143,197,218,227,205,0,0,86800,0,0,465,14,0,0,0,0,0,376,12229,54,0,0,0,0,0
370,2786,371.1964920047768,99937,308,174,45,14,9182,4691,0.13881745499664788,191,111,43318,46304,5922,3156,214,239,249,223,0,0,86688,0,0,470,14,0,0,0,0,0,413,12295,57,0,0,0,0,0
371,2786,372.3289124036152,99936,305,179,46,14,9232,4722,0.139629362792187,177,104,43292,46283,5947,3156,231,262,273,242,0,0,86577,0,0,476,14,0,0,0,0,0,451,12356,62,0,0,0,0,0
372,2786,373.0843557521214,99936,305,181,46,14,9270,4741,0.14019972782580853,175,103,43255,46250,5967,3162,250,288,299,263,0,0,86480,0,0,477,14,0,0,0,0,0,494,12405,66,0,0,0,0,0
373,2786,374.2185772786008,99936,303,182,46,14,9320,4773,0.1410202529618956,170,95,43223,46209,5987,3182,269,316,327,285,0,0,86362,0,0,483,15,0,0,0,0,0,536,12467,73,0,0,0,0,0
374,2786,375.3537797377772,99936,310,177,46,14,9375,4799,0.14183077169388408,154,104,43192,46169,6005,3189,291,345,357,309,0,0,86242,0,0,488,15,0,0,0,0,0,582,12528,81,0,0,0,0,0
375,2786,376.1110840099447,99936,311,184,46,14,9402,4822,0.14233109189881524,152,100,43153,46138,6020,3186,316,376,390,334,0,0,86152,0,0,490,15,0,0,0,0,0,632,12558,89,0,0,0,0,0
376,2786,377.24822504116986,99936,280,196,46,14,9441,4855,0.14305155299391611,156,93,43117,46089,6057,3196,342,410,425,361,0,0,86013,0,0,497,15,0,0,0,0,0,687,12628,96,0,0,0,0,0
377,2786,378.00694444241014,99936,280,195,46,14,9479,4869,0.1435718860070445,154,103,43068,46045,6082,3196,368,445,463,390,0,0,85904,0,0,498,16,0,0,0,0,0,746,12668,104,0,0,0,0,0
378,2786,379.14642475705404,99936,252,198,46,14,9506,4903,0.14418227665706052,171,96,43025,45993,6107,3211,397,486,504,421,0,0,85764,0,0,504,17,0,0,0,0,0,807,12730,114,0,0,0,0,0
379,2786,380.2873298859897,99936,263,195,46,14,9551,4934,0.14494276336855588,171,93,42980,45937,6110,3232,428,527,548,454,0,0,85635,0,0,512,18,0,0,0,0,0,878,12773,120,0,0,0,0,0
380,2786,381.0485501066124,99936,259,191,46,14,9577,4946,0.14532300672430357,185,99,42931,45891,6117,3229,460,574,595,489,0,0,85523,0,0,516,18,0,0,0,0,0,948,12799,132,0,0,0,0,0
381,2786,382.19163304835456,99935,269,177,46,15,9623,4969,0.14601490969129935,178,101,42898,45830,6115,3250,492,625,646,526,0,0,85377,0,0,524,18,0,0,0,0,0,1029,12848,139,0,0,0,0,0
382,2786,383.3357782315566,99935,269,182,46,15,9670,5005,0.14684544954220244,179,88,42840,45772,6134,3264,530,677,700,566,0,0,85229,0,0,534,18,0,0,0,0,0,1109,12892,153,0,0,0,0,0
383,2786,384.0992727911177,99935,264,178,46,15,9701,5018,0.14728573572822334,182,88,42785,45718,6150,3265,571,734,758,608,0,0,85091,0,0,536,19,0,0,0,0,0,1197,12928,164,0,0,0,0,0
384,2786,385.2464159295456,99935,256,184,46,15,9742,5043,0.14794616500725472,180,95,42729,45647,6174,3263,613,794,820,653,0,0,84941,0,0,542,20,0,0,0,0,0,1286,12965,181,0,0,0,0,0
385,2786,386.01204259139246,99935,264,175,46,15,9770,5062,0.14841647070595887,171,98,42686,45574,6173,3281,658,855,886,700,0,0,84799,0,0,547,20,0,0,0,0,0,1385,12989,195,0,0,0,0,0
386,2786,387.1620004760963,99935,268,168,46,15,9822,5091,0.14922699754840646,156,95,42646,45492,6182,3306,700,922,956,750,0,0,84616,0,0,553,22,0,0,0,0,0,1493,13045,206,0,0,0,0,0
387,2786,388.31321172931587,99935,269,161,46,15,9875,5113,0.14997748536548758,161,101,42572,45416,6199,3312,751,993,1031,803,0,0,84431,0,0,561,22,0,0,0,0,0,1605,13094,222,0,0,0,0,0
388,2786,389.08168509768393,99935,272,166,46,15,9911,5133,0.15053784960224145,145,93,42520,45347,6208,3308,807,1069,1111,859,0,0,84276,0,0,566,22,0,0,0,0,0,1717,13108,246,0,0,0,0,0
389,2786,390.23627325011495,99935,280,153,46,15,9961,5154,0.15124831140241157,140,99,42448,45258,6220,3325,864,1148,1196,918,0,0,84078,0,0,573,22,0,0,0,0,0,1846,13155,261,0,0,0,0,0
390,2786,391.00706979174686,99935,279,150,46,15,9993,5171,0.15173863010957123,145,95,42375,45176,6230,3329,923,1233,1286,980,0,0,83905,0,0,583,22,0,0,0,0,0,1976,13166,283,0,0,0,0,0
391,2786,392.16550398043097,99934,264,159,47,15,10028,5197,0.15235055136390016,156,100,42305,45070,6241,3330,985,1324,1381,1045,0,0,83709,0,0,594,21,1,0,0,0,0,2117,13190,302,0,0,0,0,0
392,2786,393.3258270225019,99934,258,166,47,15,10069,5229,0.15308103348209817,152,89,42235,44977,6257,3332,1049,1419,1482,1114,0,0,83494,0,0,599,22,1,0,0,0,0,2266,13230,322,0,0,0,0,0
393,2786,394.1004693312354,99934,268,151,47,15,10104,5240,0.15354133728260652,152,89,42152,44883,6259,3344,1120,1516,1589,1186,0,0,83294,0,0,605,22,1,0,0,0,0,2421,13245,346,0,0,0,0,0
394,2786,395.26513782403396,99934,265,145,47,15,10144,5266,0.1542017731702924,157,88,42071,44769,6269,3358,1189,1623,1702,1262,0,0,83068,0,0,615,23,1,0,0,0,0,2584,13271,372,0,0,0,0,0
395,2786,396.0427964233045,99933,258,140,48,15,10170,5279,0.15459357769705703,160,92,41992,44652,6275,3363,1265,1736,1821,1341,0,0,82849,0,0,621,23,1,0,0,0,0,2758,13285,396,0,0,0,0,0
396,2786,397.21187319838003,99933,277,139,48,15,10226,5300,0.15536409394294176,142,91,41921,44534,6265,3363,1345,1856,1947,1424,0,0,82616,0,0,628,24,1,0,0,0,0,2940,13302,422,0,0,0,0,0
397,2786,398.3829366603402,99933,275,149,48,15,10274,5324,0.15608457666636646,144,94,41836,44405,6269,3351,1426,1984,2079,1511,0,0,82378,0,0,638,25,1,0,0,0,0,3125,13311,455,0,0,0,0,0
398,2786,399.1648979067907,99933,270,151,48,15,10300,5342,0.15652487166401488,145,94,41763,44267,6259,3355,1513,2116,2218,1602,0,0,82132,0,0,641,26,2,0,0,0,0,3330,13324,478,0,0,0,0,0
399,2786,400.340339786141,99933,277,145,48,15,10358,5364,0.15732540802337566,141,92,41672,44145,6256,3352,1604,2249,2364,1697,0,0,81855,0,0,648,29,2,0,0,0,0,3538,13353,508,0,0,0,0,0
400,2786,401.1253618185624,99932,276,154,49,15,10383,5387,0.15780730897009967,152,85,41560,43998,6260,3351,1701,2395,2518,1796,0,0,81596,0,0,651,30,2,0,0,0,0,3762,13354,537,0,0,0,0,0
401,2786,402.30620230423756,99930,271,148,51,15,10417,5411,0.15839087361152807,157,81,41482,43848,6244,3357,1793,2549,2679,1900,0,0,81316,0,0,655,33,2,0,0,0,0,3980,13363,581,0,0,0,0,0
402,2786,403.0948537281956,99930,270,156,51,15,10448,5430,0.15889122385669968,150,69,41381,43700,6252,3345,1894,2713,2848,2008,0,0,81033,0,0,657,33,2,0,0,0,0,4222,13367,616,0,0,0,0,0
403,2786,404.2809555704513,99929,267,143,52,15,10489,5445,0.15945321178036406,154,75,41276,43553,6251,3342,1998,2870,3025,2120,0,0,80728,0,0,662,36,2,0,0,0,0,4463,13377,661,0,0,0,0,0
404,2786,405.0733507760518,99929,268,144,52,15,10521,5460,0.1599235457174594,149,67,41177,43388,6245,3337,2107,3047,3210,2237,0,0,80424,0,0,665,40,2,0,0,0,0,4731,13374,693,0,0,0,0,0
405,2786,406.26545817913984,99929,271,140,52,15,10565,5479,0.16055399333526804,151,65,41055,43214,6247,3338,2222,3226,3403,2359,0,0,80093,0,0,668,42,2,0,0,0,0,5004,13386,734,0,0,0,0,0
406,2786,407.06206127562206,99929,270,132,52,15,10589,5494,0.16094427043200674,150,69,40950,43024,6236,3335,2340,3423,3605,2485,0,0,79764,0,0,672,42,2,0,0,0,0,5289,13383,777,0,0,0,0,0
407,2786,408.26073484992963,99928,270,126,53,15,10627,5514,0.16152629893523338,146,79,40841,42820,6225,3334,2463,3624,3816,2616,0,0,79410,0,0,673,46,2,0,0,0,0,5584,13393,820,0,0,0,0,0
408,2786,409.0616834135094,99928,273,126,53,15,10666,5531,0.16208670242574655,138,78,40716,42610,6224,3328,2594,3841,4035,2752,0,0,79054,0,0,677,46,2,0,0,0,0,5891,13390,868,0,0,0,0,0
409,2786,410.267282919172,99928,273,124,53,15,10720,5555,0.16286726443038987,123,71,40595,42416,6231,3320,2723,4052,4263,2893,0,0,78672,0,0,680,50,2,0,0,0,0,6200,13400,924,0,0,0,0,0
410,2786,411.0731348889951,99928,263,128,53,15,10742,5565,0.1631874949963974,136,74,40462,42211,6223,3296,2861,4274,4500,3039,0,0,78310,0,0,683,52,2,0,0,0,0,6530,13375,976,0,0,0,0,0
411,2786,412.28632286800524,99928,251,138,53,15,10774,5595,0.16380794171803698,152,60,40318,41997,6227,3288,2997,4500,4746,3190,0,0,77902,0,0,688,54,2,0,0,0,0,6881,13381,1020,0,0,0,0,0
412,2786,413.09744632764205,99928,248,142,53,15,10800,5610,0.16421823713073413,153,60,40181,41764,6219,3273,3144,4744,5002,3346,0,0,77509,0,0,690,59,2,0,0,0,0,7241,13360,1067,0,0,0,0,0
413,2786,414.31905535686695,99928,242,130,53,15,10848,5624,0.1648386838523737,144,64,40040,41538,6225,3267,3294,4984,5267,3507,0,0,77075,0,0,690,66,2,0,0,0,0,7605,13365,1125,0,0,0,0,0
414,2786,415.1360468067686,99927,238,133,54,15,10882,5641,0.16535070601539123,141,61,39895,41291,6222,3256,3448,5242,5541,3673,0,0,76654,0,0,692,69,2,0,0,0,0,7979,13343,1188,0,0,0,0,0
415,2786,416.3668075340661,99927,240,125,54,15,10929,5659,0.16600118086202928,131,62,39738,41044,6226,3244,3609,5508,5825,3845,0,0,76199,0,0,696,74,2,0,0,0,0,8374,13336,1246,0,0,0,0,0
416,2786,417.18995944372983,99927,244,129,54,15,10955,5674,0.1664114803806779,135,66,39579,40782,6214,3227,3772,5779,6118,4022,0,0,75753,0,0,699,75,2,0,0,0,0,8791,13309,1298,0,0,0,0,0
417,2786,418.0163355941056,99927,254,135,54,15,10982,5691,0.1668518018153252,135,67,39427,40511,6188,3210,3940,6060,6421,4204,0,0,75309,0,0,703,77,2,0,0,0,0,9213,13264,1359,0,0,0,0,0
418,2786,419.2613257141533,99927,252,128,54,15,11023,5711,0.16746224744063165,134,65,39277,40256,6175,3191,4106,6343,6733,4391,0,0,74823,0,0,705,82,2,0,0,0,0,9636,13249,1430,0,0,0,0,0
419,2786,420.0939937224287,99927,257,138,54,15,11050,5730,0.16792258348594474,171,89,39089,39941,6150,3171,4277,6644,7055,4584,0,0,74359,10,0,704,87,2,0,0,0,0,10073,13189,1503,0,0,0,0,0
420,2786,421.1204411121661,99927,266,140,54,15,11104,5750,0.16866312408057882,167,113,38914,39606,6145,3165,4452,6959,7386,4782,0,0,73832,66,1,709,88,2,0,0,0,0,10543,13126,1560,0,0,0,0,0
421,2786,422.1512378770076,99927,277,136,54,15,11154,5774,0.1694036646752129,181,126,38717,39305,6130,3153,4639,7263,7726,4985,0,0,73321,117,5,712,96,2,0,0,0,0,10999,13039,1636,0,0,0,0,0
422,2786,423.1870107508465,99927,286,145,54,15,11202,5803,0.17017422718584566,201,130,38520,38984,6111,3130,4826,7594,8076,5193,0,0,72800,164,11,710,103,2,0,0,0,0,11467,12956,1714,0,0,0,0,0
423,2786,424.2275734030669,99927,289,161,54,15,11255,5833,0.17100483352847579,224,136,38306,38673,6107,3093,5018,7920,8435,5406,0,0,72260,217,17,711,107,2,0,0,0,0,11948,12870,1795,0,0,0,0,0
424,2786,425.2735037421376,99927,308,171,54,15,11310,5863,0.1718554544817717,243,148,38087,38335,6088,3074,5218,8255,8803,5624,0,0,71722,265,18,717,108,2,0,0,0,0,12437,12768,1890,0,0,0,0,0
425,2786,426.3248770452116,99927,333,189,54,15,11378,5909,0.1729962872897215,247,152,37873,37982,6071,3067,5420,8593,9179,5848,0,0,71148,323,25,719,111,3,0,0,0,0,12946,12683,1969,0,0,0,0,0
426,2786,427.0288273663255,99926,340,188,54,16,11418,5930,0.1736084702679983,285,162,37639,37614,6050,3061,5630,8957,9564,6077,0,0,70568,362,34,721,115,3,0,0,0,0,13477,12607,2039,0,0,0,0,0
427,2786,428.0915188346769,99925,360,198,55,16,11497,5972,0.17482111583687765,295,181,37422,37236,6041,3055,5825,9312,9957,6310,0,0,69962,428,43,723,124,3,0,0,0,0,14006,12515,2121,0,0,0,0,0
428,2786,429.1600107726676,99925,384,209,55,16,11572,6020,0.17605203902927197,302,172,37190,36896,6037,3036,6030,9669,10359,6548,0,0,69350,494,55,729,128,3,0,0,0,0,14540,12415,2211,0,0,0,0,0
429,2786,430.2346583459153,99924,389,226,56,16,11651,6073,0.17737480485168727,334,173,36914,36523,6058,3025,6247,10035,10769,6791,0,0,68702,567,77,737,134,3,0,0,0,0,15092,12330,2282,0,0,0,0,0
430,2786,431.3165566360433,99924,409,236,56,16,11725,6125,0.1786357631800168,369,194,36644,36118,6050,3025,6470,10409,11186,7039,0,0,68061,647,83,740,140,3,0,0,0,0,15646,12223,2381,0,0,0,0,0
431,2786,432.04186197611637,99923,455,237,57,16,11802,6153,0.17968836003722866,354,209,36408,35730,6032,3005,6692,10801,11611,7291,0,0,67445,692,90,738,146,3,0,0,0,0,16208,12118,2483,0,0,0,0,0
432,2786,433.13771227288925,99923,494,270,57,16,11913,6229,0.18155980104680605,375,199,36115,35321,6042,3013,6915,11179,12043,7548,0,0,66750,778,106,743,152,3,0,0,0,0,16801,12031,2559,0,0,0,0,0
433,2786,434.2413034835226,99921,503,278,58,17,12011,6281,0.18306462105063,394,230,35828,34875,6064,3023,7151,11575,12481,7809,0,0,66036,878,121,752,158,3,0,0,0,0,17398,11934,2641,0,0,0,0,0
434,2786,435.353136512288,99921,531,283,58,17,12124,6336,0.18474594929994695,426,252,35551,34447,6067,3022,7365,11977,12926,8074,0,0,65329,984,134,762,162,3,0,0,0,0,17985,11814,2748,0,0,0,0,0
435,2786,436.0987229602702,99921,578,312,58,17,12218,6392,0.1862471352368371,408,247,35304,34025,6044,3006,7606,12391,13377,8343,0,0,64659,1037,147,764,167,3,0,0,0,0,18588,11709,2847,0,0,0,0,0
436,2786,437.22571049042546,99921,617,338,58,17,12340,6463,0.18817866114230242,446,257,34993,33606,6051,2990,7833,12790,13834,8616,0,0,63950,1133,167,771,172,3,0,0,0,0,19181,11585,2959,0,0,0,0,0
437,2786,438.3614422842947,99921,648,348,58,17,12466,6538,0.1901902502977352,482,262,34682,33186,6072,2997,8056,13188,14296,8893,0,0,63221,1247,188,778,188,3,0,0,0,0,19775,11452,3069,0,0,0,0,0
438,2786,439.1236983116937,99921,654,353,58,17,12550,6580,0.19145124648472292,496,273,34399,32777,6080,2983,8311,13595,14763,9173,0,0,62511,1313,215,790,197,3,0,0,0,0,20392,11336,3164,0,0,0,0,0
439,2786,440.2775894799733,99921,688,381,58,17,12690,6659,0.19364297795258253,517,278,34100,32345,6101,2989,8534,13988,15234,9457,0,0,61745,1421,246,794,208,3,0,0,0,0,21019,11232,3253,0,0,0,0,0
440,2786,441.05203721504205,99919,706,394,60,17,12782,6717,0.19514806993664868,551,275,33824,31923,6082,2984,8775,14405,15709,9744,0,0,61024,1490,280,800,216,3,0,0,0,0,21635,11114,3357,0,0,0,0,0
441,2786,442.22412589820607,99919,746,409,60,17,12946,6800,0.1976200722585294,563,286,33481,31461,6131,3003,9017,14822,16188,10034,0,0,60229,1618,318,812,226,3,0,0,0,0,22262,10998,3453,0,0,0,0,0
442,2786,443.0114977015737,99918,777,421,61,17,13055,6865,0.19936347805200264,590,305,33176,31008,6132,3002,9262,15245,16670,10327,0,0,59482,1701,344,820,237,4,0,0,0,0,22899,10878,3553,0,0,0,0,0
443,2786,444.2044707814357,99918,822,445,61,17,13250,6955,0.20221581696991534,592,321,32821,30558,6204,3009,9498,15648,17155,10622,0,0,58686,1822,398,845,249,4,0,0,0,0,23518,10746,3650,0,0,0,0,0
444,2786,445.0064526161463,99917,870,457,62,17,13389,7022,0.2042795520281834,597,331,32498,30107,6227,3017,9744,16069,17642,10920,0,0,57917,1915,433,854,256,5,0,0,0,0,24158,10628,3751,0,0,0,0,0
445,2786,446.2222781334341,99916,907,482,63,17,13570,7126,0.20713399255374515,651,345,32144,29680,6275,3033,9958,16441,18131,11220,0,0,57108,2042,491,872,267,8,0,0,0,0,24778,10503,3847,0,0,0,0,0
446,2786,447.03944497750007,99915,945,509,64,17,13720,7206,0.20943802231897113,658,351,31807,29233,6319,3034,10205,16854,18622,11522,0,0,56338,2133,539,888,275,8,0,0,0,0,25408,10372,3954,0,0,0,0,0
447,2786,448.27896023366327,99913,978,553,66,17,13911,7348,0.21277511434948404,704,336,31470,28783,6359,3070,10421,17239,19114,11826,0,0,55508,2284,609,908,286,8,0,0,0,0,26013,10233,4064,0,0,0,0,0
448,2786,449.11219808617375,99912,1033,553,66,18,14076,7422,0.21516934902714388,703,355,31145,28338,6375,3081,10676,17653,19606,12132,0,0,54735,2372,674,918,306,8,0,0,0,0,26632,10109,4158,0,0,0,0,0
449,2786,450.3759792422128,99910,1051,557,68,18,14285,7537,0.2184165749174257,755,380,30766,27859,6466,3124,10892,18060,20099,12439,0,0,53882,2548,761,941,316,9,0,0,0,0,27219,9960,4274,0,0,0,0,0
450,2786,451.2265539782127,99909,1066,584,69,18,14431,7626,0.22077090152038356,768,379,30471,27420,6496,3115,11128,18482,20591,12747,0,0,53101,2641,840,940,333,10,0,0,0,0,27824,9849,4371,0,0,0,0,0
451,2786,452.0852945501001,99909,1073,576,69,18,14569,7696,0.2228527960444004,800,409,30144,26961,6540,3143,11372,18891,21083,13056,0,0,52290,2763,903,942,352,10,0,0,0,0,28448,9734,4467,0,0,0,0,0
452,2786,453.38830373460763,99906,1140,604,71,19,14836,7829,0.226863251456369,817,420,29761,26544,6635,3180,11574,19231,21574,13366,0,0,51422,2932,989,964,374,10,0,0,0,0,29057,9607,4551,0,0,0,0,0
453,2786,454.2653612173675,99906,1200,631,71,19,15024,7922,0.2296758953416211,819,414,29425,26118,6662,3183,11821,19633,22063,13677,0,0,50628,3031,1057,975,386,10,0,0,0,0,29681,9490,4648,0,0,0,0,0
454,2786,455.1518521510072,99906,1235,662,71,19,15202,8026,0.23249854863571756,830,404,29092,25685,6716,3188,12054,20040,22550,13988,0,0,49846,3128,1141,997,395,11,0,0,0,0,30279,9356,4753,0,0,0,0,0
455,2786,456.0478439563964,99904,1241,652,72,20,15399,8110,0.23531590326713644,832,404,28748,25282,6813,3214,12292,20426,23035,14300,0,0,49022,3277,1225,1018,416,11,0,0,0,0,30861,9210,4864,0,0,0,0,0
456,2786,457.4103077731767,99904,1294,644,72,20,15691,8239,0.23952994875080078,828,442,28378,24884,6952,3278,12474,20730,23518,14612,0,0,48147,3473,1341,1051,436,13,0,0,0,0,31418,9060,4965,0,0,0,0,0
457,2786,458.32805255796035,99902,1281,662,73,21,15870,8346,0.24239754959860663,856,449,28033,24463,7049,3298,12706,21105,23998,14924,0,0,47316,3619,1442,1063,453,13,0,0,0,0,31998,8940,5058,0,0,0,0,0
458,2786,459.25676937715264,99901,1290,681,74,21,16057,8457,0.2453829290998088,884,455,27704,24049,7122,3326,12924,21466,24474,15235,0,0,46515,3732,1555,1078,471,15,0,0,0,0,32567,8824,5144,0,0,0,0,0
459,2786,460.19585083212354,99900,1281,677,75,21,16246,8544,0.24814814814814815,905,486,27380,23667,7226,3344,13131,21803,24947,15546,0,0,45715,3854,1667,1094,493,17,0,0,0,0,33124,8698,5238,0,0,0,0,0
460,2786,461.14596918110476,99900,1363,704,75,21,16480,8655,0.2516016016016016,894,493,27065,23275,7264,3352,13337,22153,25416,15856,0,0,44965,3939,1778,1099,524,17,0,0,0,0,33677,8576,5325,0,0,0,0,0
461,2786,462.1063988502524,99898,1370,708,77,21,16708,8774,0.25508018178542113,899,496,26751,22894,7363,3381,13538,22498,25881,16165,0,0,44167,4092,1919,1110,544,17,0,0,0,0,34176,8429,5444,0,0,0,0,0
462,2786,463.07765351706007,99897,1370,729,78,21,16915,8905,0.25846622020681304,909,502,26440,22495,7467,3422,13734,22829,26341,16473,0,0,43365,4229,2031,1140,568,18,0,0,0,0,34718,8295,5533,0,0,0,0,0
463,2786,464.0601400686455,99897,1433,741,78,21,17151,9024,0.2620198804768912,904,498,26117,22111,7534,3462,13932,23165,26796,16780,0,0,42595,4338,2150,1161,588,19,0,0,0,0,35252,8172,5622,0,0,0,0,0
464,2786,465.05386773624775,99896,1441,762,79,21,17376,9155,0.26558620965804436,916,486,25803,21751,7643,3488,14116,23490,27247,17085,0,0,41853,4443,2298,1183,623,21,0,0,0,0,35729,8029,5717,0,0,0,0,0
465,2786,466.0596514235581,99895,1468,777,79,22,17615,9283,0.26926272586215527,914,467,25516,21394,7729,3526,14292,23812,27692,17389,0,0,41103,4557,2433,1204,657,24,0,0,0,0,36218,7891,5808,0,0,0,0,0
466,2786,467.076674024665,99895,1499,797,79,22,17872,9401,0.27301666750087594,928,493,25157,21042,7855,3542,14480,24102,28132,17691,0,0,40335,4686,2577,1213,684,25,0,0,0,0,36701,7778,5896,0,0,0,0,0
467,2786,468.106233965716,99893,1526,805,80,23,18117,9532,0.27678616119247595,917,501,24867,20701,7958,3587,14650,24381,28566,17991,0,0,39573,4817,2731,1232,711,25,0,0,0,0,37170,7654,5980,0,0,0,0,0
468,2786,469.14822981697824,99893,1546,827,80,23,18352,9662,0.28044007087583717,912,528,24575,20345,8054,3626,14831,24649,28995,18289,0,0,38841,4932,2863,1253,747,27,0,0,0,0,37642,7521,6067,0,0,0,0,0
469,2786,470.20225336068876,99892,1534,832,81,23,18580,9793,0.28403675970047654,973,535,24241,20000,8171,3680,14998,24928,29418,18585,0,0,38102,5043,3022,1287,786,28,0,0,0,0,38094,7391,6139,0,0,0,0,0
470,2786,471.2698479906305,99891,1548,858,82,23,18823,9942,0.2879638806298866,989,532,23939,19667,8280,3730,15160,25188,29835,18879,0,0,37372,5151,3194,1322,814,28,0,0,0,0,38539,7264,6207,0,0,0,0,0
471,2786,472.35085461018656,99890,1562,845,83,23,19067,10058,0.29157072780058063,992,519,23660,19363,8381,3794,15320,25454,30245,19170,0,0,36649,5267,3366,1346,847,28,0,0,0,0,38963,7142,6282,0,0,0,0,0
472,2786,473.44456678763896,99890,1630,849,83,23,19353,10207,0.2959255180698769,977,522,23366,19058,8473,3866,15469,25680,30649,19459,0,0,35932,5375,3544,1355,892,30,0,0,0,0,39374,7050,6338,0,0,0,0,0
473,2786,474.55103282228094,99888,1666,876,84,24,19647,10382,0.3006267019061349,958,492,23074,18767,8607,3924,15609,25915,31047,19745,0,0,35237,5494,3746,1383,928,33,0,0,0,0,39733,6913,6421,0,0,0,0,0
474,2786,475.1076813893696,99887,1689,866,84,25,19788,10451,0.30273208725860223,971,490,22823,18452,8621,3941,15810,26224,31438,20028,0,0,34619,5532,3868,1381,957,34,0,0,0,0,40182,6821,6493,0,0,0,0,0
475,2786,476.2399262366058,99885,1722,867,86,25,20065,10599,0.306993041998298,984,486,22550,18181,8728,4005,15928,26434,31823,20309,0,0,33913,5643,4060,1406,999,36,0,0,0,0,40569,6722,6537,0,0,0,0,0
476,2786,477.38528016964864,99883,1715,868,86,27,20340,10756,0.31132424937176495,1021,497,22261,17888,8861,4094,16054,26624,32201,20587,0,0,33195,5799,4253,1422,1039,43,0,0,0,0,40925,6606,6601,0,0,0,0,0
477,2786,478.54479597525426,99883,1696,863,86,27,20615,10900,0.3155191574141746,1028,493,21991,17632,9024,4156,16173,26827,32572,20862,0,0,32501,5943,4460,1452,1078,45,0,0,0,0,41249,6480,6675,0,0,0,0,0
478,2786,479.12872659890087,99883,1723,869,86,27,20765,10973,0.31775176957039736,1016,488,21791,17356,9030,4159,16352,27099,32937,21134,0,0,31946,5954,4597,1448,1111,48,0,0,0,0,41647,6393,6739,0,0,0,0,0
479,2786,480.31455336789656,99882,1755,857,86,28,21082,11109,0.3222903025570173,999,505,21541,17128,9165,4223,16452,27257,33295,21402,0,0,31303,6067,4802,1489,1158,50,0,0,0,0,41950,6254,6809,0,0,0,0,0
480,2786,481.51355149553683,99879,1726,866,88,29,21375,11258,0.3267253376585669,996,508,21305,16907,9326,4272,16557,27416,33646,21667,0,0,30681,6162,5053,1509,1210,54,0,0,0,0,42198,6138,6874,0,0,0,0,0
481,2786,482.1167196618429,99877,1733,876,90,29,21514,11342,0.32896462649058344,1015,498,21094,16654,9348,4276,16718,27665,33990,21929,0,0,30161,6158,5203,1525,1233,56,0,0,0,0,42556,6038,6947,0,0,0,0,0
482,2786,483.3410349531812,99875,1731,885,92,29,21824,11499,0.3336470588235294,1010,483,20839,16452,9505,4349,16821,27800,34328,22188,0,0,29521,6269,5434,1562,1274,61,0,0,0,0,42828,5928,6998,0,0,0,0,0
483,2786,484.57987306150966,99875,1759,871,92,29,22159,11642,0.33843304130162705,987,478,20609,16253,9653,4420,16898,27947,34659,22443,0,0,28914,6376,5662,1584,1322,72,0,0,0,0,43062,5821,7062,0,0,0,0,0
484,2786,485.2037076598509,99874,1780,873,92,30,22323,11723,0.3408895207962032,988,472,20391,16023,9685,4422,17062,28178,34983,22695,0,0,28406,6382,5817,1586,1361,74,0,0,0,0,43393,5744,7111,0,0,0,0,0
485,2786,486.46962363396943,99874,1822,873,92,30,22664,11889,0.3459659170554899,943,450,20178,15855,9827,4495,17136,28295,35300,22943,0,0,27830,6477,6072,1604,1418,77,0,0,0,0,43590,5637,7169,0,0,0,0,0
486,2786,487.10684637482893,99874,1806,848,92,30,22810,11946,0.3479984780823838,957,457,19990,15656,9860,4502,17293,28505,35611,23188,0,0,27336,6490,6240,1606,1455,80,0,0,0,0,43886,5559,7222,0,0,0,0,0
487,2786,488.3990779129811,99872,1767,862,94,30,23106,12114,0.3526513937840436,977,452,19764,15515,10030,4559,17366,28580,35915,23429,0,0,26776,6577,6506,1635,1513,84,0,0,0,0,44056,5454,7271,0,0,0,0,0
488,2786,489.0495045288224,99871,1764,860,95,30,23268,12187,0.3550079602687467,973,482,19560,15289,10084,4569,17522,28768,36213,23667,0,0,26296,6582,6679,1650,1541,84,0,0,0,0,44341,5375,7323,0,0,0,0,0
489,2786,490.36977591835824,99869,1782,849,96,31,23620,12351,0.36018183820805255,901,489,19363,15134,10275,4660,17581,28835,36504,23901,0,0,25722,6686,6942,1687,1601,87,0,0,0,0,44511,5279,7354,0,0,0,0,0
490,2786,491.0342602603206,99868,1752,839,97,31,23764,12425,0.3623683261905716,900,485,19207,14947,10329,4683,17713,29013,36789,24132,0,0,25273,6686,7125,1702,1637,90,0,0,0,0,44760,5195,7400,0,0,0,0,0
491,2786,492.3813702699493,99868,1713,830,97,31,24073,12587,0.3670845516081227,916,445,19040,14809,10499,4776,17733,29107,37068,24359,0,0,24741,6772,7426,1734,1696,95,0,0,0,0,44877,5100,7427,0,0,0,0,0
492,2786,493.05849899619454,99867,1700,835,98,31,24213,12686,0.3694814102756666,919,405,18867,14655,10544,4800,17870,29272,37340,24582,0,0,24306,6778,7589,1738,1742,97,0,0,0,0,45120,5028,7469,0,0,0,0,0
493,2786,494.4304396240074,99866,1713,825,99,31,24536,12849,0.37435163118578896,929,418,18669,14519,10672,4900,17916,29305,37606,24802,0,0,23795,6864,7839,1766,1811,101,0,0,0,0,45262,4929,7499,0,0,0,0,0
494,2786,495.12051385381096,99865,1714,846,100,31,24705,12936,0.3769188404345867,893,419,18533,14372,10718,4904,18040,29426,37866,25018,0,0,23376,6868,7985,1771,1858,103,0,0,0,0,45507,4858,7539,0,0,0,0,0
495,2786,496.518438034922,99862,1668,825,103,31,25029,13097,0.3817868658749074,866,412,18401,14294,10902,4986,18058,29450,38120,25231,0,0,22874,6945,8284,1808,1929,110,0,0,0,0,45586,4769,7557,0,0,0,0,0
496,2786,497.21994227878446,99861,1651,802,104,31,25186,13167,0.3840638487497622,836,403,18273,14179,10956,4986,18178,29597,38368,25440,0,0,22496,6943,8474,1806,1971,116,0,0,0,0,45753,4689,7613,0,0,0,0,0
497,2786,498.6400189933141,99859,1619,828,106,31,25480,13323,0.38857789483171273,815,401,18167,14113,11128,5030,18163,29595,38610,25645,0,0,22039,7015,8723,1820,2040,121,0,0,0,0,45856,4602,7643,0,0,0,0,0
498,2786,499.35266759431084,99857,1600,817,107,32,25614,13391,0.3906085702554653,802,414,18025,13978,11177,5039,18287,29718,38847,25847,0,0,21659,7026,8875,1812,2085,128,0,0,0,0,46054,4542,7676,0,0,0,0,0
499,2786,500.06990029633045,99857,1582,825,107,32,25770,13459,0.3928517780426009,768,402,17913,13858,11233,5039,18395,29842,39078,26045,0,0,21281,7031,9020,1825,2127,132,0,0,0,0,46260,4474,7707,0,0,0,0,0
500,2786,501.49168982397657,99857,1523,789,107,32,26029,13581,0.39666723414482713,771,401,17823,13799,11381,5121,18393,29856,39303,26240,0,0,20854,7106,9253,1845,2211,136,0,0,0,0,46330,4379,7743,0,0,0,0,0
501,2786,502.20464204503793,99857,1506,789,107,32,26172,13663,0.398920456252441,724,390,17725,13665,11442,5146,18494,29976,39523,26431,0,0,20485,7110,9419,1859,2242,138,0,0,0,0,46509,4316,7779,0,0,0,0,0
502,2786,503.62074500104984,99856,1461,789,107,33,26428,13804,0.4029001762538055,679,386,17654,13594,11582,5218,18515,29978,39738,26619,0,0,20071,7164,9651,1876,2314,144,0,0,0,0,46589,4248,7799,0,0,0,0,0
503,2786,504.33064751982056,99856,1444,776,107,33,26557,13866,0.40481293062009294,673,392,17533,13486,11625,5224,18616,30087,39948,26804,0,0,19745,7157,9807,1870,2365,144,0,0,0,0,46743,4188,7837,0,0,0,0,0
504,2786,505.0369504057317,99856,1388,777,107,33,26654,13931,0.4064352667841692,683,382,17446,13399,11666,5221,18708,30186,40152,26985,0,0,19430,7140,9974,1872,2405,146,0,0,0,0,46887,4133,7869,0,0,0,0,0
505,2786,506.4393039910282,99854,1361,756,109,33,26891,14068,0.4101888757586076,644,359,17415,13374,11738,5309,18731,30167,40351,27163,0,0,19076,7162,10227,1889,2482,149,0,0,0,0,46924,4065,7880,0,0,0,0,0
506,2786,507.1422660605258,99854,1341,736,109,33,26996,14123,0.4117912151741543,657,348,17345,13271,11746,5344,18800,30266,40545,27337,0,0,18797,7131,10381,1888,2520,156,0,0,0,0,47053,4009,7919,0,0,0,0,0
507,2786,508.5388150813868,99854,1331,717,109,33,27238,14244,0.4154265227231758,606,340,17288,13255,11845,5402,18819,30251,40735,27508,0,0,18451,7152,10619,1906,2577,167,0,0,0,0,47106,3953,7923,0,0,0,0,0
508,2786,509.23911364115366,99854,1290,725,109,33,27344,14324,0.41728924229374886,595,307,17214,13188,11886,5406,18904,30339,40920,27676,0,0,18168,7143,10786,1900,2622,171,0,0,0,0,47215,3900,7949,0,0,0,0,0
509,2786,510.6303790403679,99854,1244,653,109,33,27560,14418,0.4203937749113706,597,302,17148,13184,12001,5501,18899,30325,41100,27841,0,0,17841,7162,11037,1913,2709,175,0,0,0,0,47226,3846,7945,0,0,0,0,0
510,2786,511.32825488772426,99852,1214,625,111,33,27654,14460,0.42176421103232786,602,307,17063,13099,12034,5513,18974,30421,41276,28002,0,0,17566,7136,11187,1921,2746,177,0,0,0,0,47357,3802,7960,0,0,0,0,0
511,2786,512.0234323061103,99851,1219,619,112,33,27763,14506,0.42332074791439245,586,303,17010,13048,12029,5509,19042,30486,41447,28160,0,0,17325,7093,11336,1918,2777,180,0,0,0,0,47477,3759,7986,0,0,0,0,0
512,2786,513.4065089822119,99850,1170,622,113,33,27965,14623,0.4265197796695043,582,278,16974,13065,12110,5553,19049,30447,41614,28315,0,0,17017,7117,11545,1930,2839,185,0,0,0,0,47509,3704,8004,0,0,0,0,0
513,2786,514.0997586452842,99849,1163,607,113,34,28071,14667,0.42802631974281163,566,280,16910,13018,12125,5562,19121,30497,41777,28467,0,0,16763,7092,11691,1936,2862,188,0,0,0,0,47625,3662,8030,0,0,0,0,0
514,2786,515.478562548827,99849,1114,560,113,34,28253,14753,0.4307103726627207,543,267,16894,13033,12214,5626,19120,30478,41936,28616,0,0,16480,7099,11904,1952,2933,191,0,0,0,0,47645,3606,8039,0,0,0,0,0
515,2786,516.1695798824504,99849,1094,559,113,34,28350,14805,0.4322026259652075,516,248,16811,13001,12246,5623,19218,30533,42091,28762,0,0,16243,7071,12049,1956,2963,193,0,0,0,0,47748,3568,8058,0,0,0,0,0
516,2786,517.5445908906554,99849,1076,545,113,34,28542,14902,0.43509699646466166,471,243,16788,13029,12316,5664,19234,30483,42242,28905,0,0,15990,7075,12248,1966,3023,196,0,0,0,0,47758,3511,8082,0,0,0,0,0
517,2786,518.2327622489802,99848,1043,531,114,34,28610,14947,0.4362330742728948,472,235,16725,12995,12340,5672,19304,30531,42389,29045,0,0,15776,7040,12375,1973,3058,198,0,0,0,0,47859,3465,8104,0,0,0,0,0
518,2786,519.6024748384903,99847,985,507,115,34,28757,15023,0.4384708604164371,474,224,16699,13042,12415,5692,19310,30499,42532,29183,0,0,15521,7042,12560,1988,3101,206,0,0,0,0,47886,3419,8124,0,0,0,0,0
519,2786,520.2888825454245,99847,969,504,115,34,28836,15055,0.4395825613188178,442,232,16666,13017,12427,5672,19379,30539,42672,29318,0,0,15325,7009,12665,1982,3137,210,0,0,0,0,47990,3379,8150,0,0,0,0,0
520,2786,521.6550656682115,99846,900,484,115,35,28978,15130,0.4417603108787533,428,229,16682,13063,12503,5692,19370,30495,42808,29450,0,0,15091,7011,12859,1976,3195,217,0,0,0,0,47992,3341,8164,0,0,0,0,0
521,2786,522.340217142008,99846,909,474,115,35,29063,15162,0.44293211545780503,403,231,16656,13030,12487,5695,19428,30533,42941,29579,0,0,14907,6970,12961,1974,3227,221,0,0,0,0,48096,3306,8184,0,0,0,0,0
522,2786,523.0233100292188,99846,889,461,115,35,29134,15199,0.44401378122308355,380,231,16612,13001,12509,5706,19493,30564,43070,29706,0,0,14710,6948,13083,1963,3260,224,0,0,0,0,48182,3278,8198,0,0,0,0,0
523,2786,524.3838079472716,99845,844,461,116,35,29265,15281,0.44615153487906256,372,204,16617,13064,12563,5735,19486,30499,43196,29830,0,0,14492,6942,13233,1981,3304,230,0,0,0,0,48219,3231,8213,0,0,0,0,0
524,2786,525.065531205596,99845,844,447,116,35,29339,15310,0.4471831338574791,345,207,16607,13033,12553,5737,19533,30539,43319,29952,0,0,14326,6897,13332,1979,3342,232,0,0,0,0,48310,3197,8230,0,0,0,0,0
525,2786,526.4242059762613,99844,765,436,117,35,29454,15374,0.4489804094387244,336,192,16619,13078,12626,5739,19535,30518,43439,30071,0,0,14125,6870,13492,1997,3395,239,0,0,0,0,48333,3163,8230,0,0,0,0,0
526,2786,527.1050690659004,99843,748,431,118,35,29511,15411,0.449926384423545,322,176,16600,13076,12616,5735,19594,30545,43556,30188,0,0,13954,6844,13600,1995,3415,243,0,0,0,0,48411,3131,8250,0,0,0,0,0
527,2786,528.4619956062908,99843,703,417,118,35,29601,15480,0.4515188846488988,346,167,16586,13150,12652,5742,19593,30487,43670,30302,0,0,13769,6823,13756,1995,3459,248,0,0,0,0,48436,3105,8252,0,0,0,0,0
528,2786,529.1414852487418,99843,710,416,118,35,29668,15510,0.45249040994361145,323,161,16560,13141,12632,5732,19655,30513,43781,30414,0,0,13616,6797,13849,1986,3481,250,0,0,0,0,48515,3070,8279,0,0,0,0,0
529,2786,530.4952609203951,99843,689,389,118,35,29777,15553,0.45401280009615097,295,153,16595,13224,12659,5748,19642,30449,43889,30523,0,0,13429,6796,13977,1983,3521,255,0,0,0,0,48550,3043,8289,0,0,0,0,0
530,2786,531.1733744218769,99843,664,369,118,35,29831,15582,0.454844105245235,286,152,16597,13216,12655,5758,19678,30468,43994,30630,0,0,13274,6770,14078,1987,3548,260,0,0,0,0,48616,3011,8299,0,0,0,0,0
531,2786,532.5261328468376,99843,641,348,118,35,29937,15636,0.45644662119527657,254,159,16649,13299,12680,5771,19656,30386,44096,30735,0,0,13115,6755,14225,1984,3583,268,0,0,0,0,48620,2981,8312,0,0,0,0,0
532,2786,533.2044849462669,99843,627,349,118,35,29988,15668,0.45727792634436065,246,152,16662,13296,12660,5763,19685,30403,44196,30838,0,0,12982,6719,14316,1974,3618,269,0,0,0,0,48685,2956,8324,0,0,0,0,0
533,2786,534.557974665365,99843,583,328,118,35,30070,15721,0.45863004917720823,235,139,16719,13357,12671,5793,19672,30346,44293,30939,0,0,12820,6705,14448,1974,3657,275,0,0,0,0,48701,2931,8332,0,0,0,0,0
534,2786,535.2365475845736,99842,576,317,119,35,30104,15743,0.4591955289357184,239,128,16715,13345,12650,5795,19699,30378,44388,31037,0,0,12691,6673,14521,1971,3676,279,0,0,0,0,48781,2902,8348,0,0,0,0,0
535,2786,536.5903789512057,99842,554,291,119,35,30197,15784,0.4605376494861882,231,135,16758,13443,12663,5798,19673,30296,44480,31133,0,0,12539,6660,14650,1972,3712,281,0,0,0,0,48795,2875,8358,0,0,0,0,0
536,2786,537.2691975241163,99842,542,283,119,35,30242,15807,0.46121872558642657,236,130,16751,13453,12648,5795,19702,30302,44570,31227,0,0,12412,6634,14736,1964,3733,284,0,0,0,0,48853,2852,8374,0,0,0,0,0
537,2786,538.6237092189235,99839,522,262,121,36,30326,15845,0.4624545518284438,231,122,16793,13559,12656,5794,19675,30225,44658,31319,0,0,12277,6615,14842,1965,3776,287,0,0,0,0,48876,2823,8378,0,0,0,0,0
538,2786,539.302681766298,99839,505,250,121,36,30368,15864,0.4630655355121746,218,119,16798,13574,12646,5787,19710,30232,44743,31409,0,0,12176,6569,14946,1961,3789,295,0,0,0,0,48910,2801,8392,0,0,0,0,0
539,2786,540.6577908118926,99838,476,242,122,36,30442,15904,0.4642120234780344,200,108,16859,13647,12653,5785,19688,30180,44826,31497,0,0,12048,6545,15059,1971,3813,300,0,0,0,0,48929,2774,8399,0,0,0,0,0
540,2786,541.3370378041594,99838,458,240,122,36,30477,15920,0.46472285101865024,188,105,16867,13663,12651,5765,19712,30189,44907,31584,0,0,11933,6526,15124,1955,3835,305,0,0,0,0,48990,2755,8415,0,0,0,0,0
541,2786,542.0152971413752,99838,453,223,122,36,30508,15933,0.4651635649752599,190,103,16872,13676,12623,5775,19738,30185,44986,31669,0,0,11829,6494,15189,1955,3857,306,0,0,0,0,49051,2728,8429,0,0,0,0,0
542,2786,543.3698544502618,99838,433,230,122,36,30563,15974,0.466125122698772,178,88,16939,13740,12590,5769,19736,30135,45063,31752,0,0,11713,6481,15263,1948,3892,308,0,0,0,0,49090,2704,8439,0,0,0,0,0
543,2786,544.0484644241201,99837,426,219,123,36,30592,15993,0.4666105752376373,180,77,16958,13771,12561,5763,19750,30132,45138,31833,0,0,11605,6459,15330,1937,3913,310,0,0,0,0,49147,2689,8447,0,0,0,0,0
544,2786,545.4025127434072,99837,396,204,123,36,30638,16020,0.467341767080341,181,81,17012,13881,12542,5750,19744,30046,45211,31913,0,0,11498,6432,15415,1938,3939,316,0,0,0,0,49174,2670,8455,0,0,0,0,0
545,2786,546.0810614356953,99837,405,199,123,36,30676,16035,0.467872632390797,174,77,17017,13895,12523,5741,19756,30050,45283,31991,0,0,11398,6398,15471,1936,3951,320,0,0,0,0,49242,2657,8464,0,0,0,0,0
546,2786,547.4352911617341,99837,386,185,123,36,30737,16062,0.4687540691326863,161,70,17087,13983,12519,5740,19722,29984,45353,32067,0,0,11292,6377,15560,1935,3978,324,0,0,0,0,49262,2638,8471,0,0,0,0,0
547,2786,548.1140717444623,99837,365,183,123,36,30757,16074,0.4690745915842824,165,72,17099,14005,12497,5723,19749,29979,45421,32142,0,0,11195,6360,15605,1925,4007,324,0,0,0,0,49323,2619,8479,0,0,0,0,0
548,2786,549.4700743886287,99837,345,181,123,36,30812,16101,0.4698959303664974,161,64,17185,14108,12474,5711,19710,29898,45487,32215,0,0,11107,6335,15694,1918,4025,332,0,0,0,0,49334,2601,8491,0,0,0,0,0
549,2786,550.1498129026177,99835,320,174,125,36,30838,16108,0.4702358892172084,162,64,17205,14145,12460,5688,19726,29891,45552,32286,0,0,11020,6305,15764,1915,4036,337,0,0,0,0,49372,2586,8500,0,0,0,0,0
550,2786,551.5077780976274,99835,320,166,125,36,30893,16128,0.4709871287624581,145,58,17289,14279,12435,5671,19684,29788,45615,32356,0,0,10931,6280,15840,1910,4059,338,0,0,0,0,49399,2571,8507,0,0,0,0,0
551,2786,552.1888196508095,99835,316,147,125,36,30921,16135,0.4713377072169079,132,57,17294,14307,12422,5672,19709,29779,45676,32424,0,0,10850,6250,15899,1907,4077,339,0,0,0,0,49441,2554,8518,0,0,0,0,0
552,2786,553.5490005086808,99835,296,142,125,36,30967,16162,0.47206891370761755,135,48,17369,14406,12405,5658,19668,29708,45736,32491,0,0,10760,6236,15967,1901,4100,345,0,0,0,0,49464,2535,8527,0,0,0,0,0
553,2786,554.2308579160697,99835,300,139,125,36,30994,16172,0.4724395252166074,125,47,17402,14449,12372,5639,19674,29688,45794,32557,0,0,10690,6198,16013,1895,4119,347,0,0,0,0,49517,2523,8533,0,0,0,0,0
554,2786,555.5934183708416,99835,293,125,125,36,31040,16184,0.47302048379826717,111,50,17487,14545,12347,5630,19635,29612,45851,32621,0,0,10615,6170,16083,1894,4140,349,0,0,0,0,49537,2506,8541,0,0,0,0,0
555,2786,556.2764763727708,99835,295,121,125,36,31061,16192,0.47331096308909704,106,46,17514,14580,12307,5613,19651,29602,45907,32684,0,0,10547,6142,16128,1884,4158,350,0,0,0,0,49584,2493,8549,0,0,0,0,0
556,2786,557.6414727016626,99835,267,105,125,36,31089,16203,0.4737016076526268,112,47,17624,14691,12266,5604,19604,29515,45961,32746,0,0,10472,6120,16205,1878,4180,353,0,0,0,0,49597,2481,8549,0,0,0,0,0
557,2786,558.3256806351177,99834,250,101,126,36,31102,16209,0.4738966684696596,111,45,17648,14732,12249,5589,19614,29495,46014,32806,0,0,10404,6094,16256,1872,4194,353,0,0,0,0,49635,2466,8560,0,0,0,0,0
558,2786,559.0097931156182,99834,239,92,126,36,31119,16214,0.47411703427689966,106,48,17678,14770,12231,5574,19618,29478,46066,32865,0,0,10338,6069,16295,1865,4218,354,0,0,0,0,49679,2452,8564,0,0,0,0,0
559,2786,560.3776319568686,99834,241,89,126,36,31159,16232,0.47469799867780516,90,45,17785,14901,12191,5563,19565,29364,46116,32923,0,0,10268,6049,16358,1863,4229,355,0,0,0,0,49701,2436,8575,0,0,0,0,0
560,2786,561.0634881645299,99834,230,94,126,36,31173,16243,0.4749484143678506,89,40,17805,14943,12166,5545,19582,29340,46165,32980,0,0,10198,6032,16396,1861,4232,359,0,0,0,0,49747,2421,8588,0,0,0,0,0
561,2786,562.4347612003714,99834,211,90,126,36,31201,16255,0.4753490794719234,73,41,17925,15056,12129,5522,19534,29253,46213,33035,0,0,10135,6008,16448,1864,4248,361,0,0,0,0,49771,2401,8598,0,0,0,0,0
562,2786,563.1220294082709,99834,194,87,126,36,31212,16263,0.475539395396358,75,43,17954,15111,12106,5508,19543,29213,46260,33089,0,0,10070,5994,16487,1860,4259,362,0,0,0,0,49806,2383,8613,0,0,0,0,0
563,2786,564.4965098648044,99834,178,84,126,36,31240,16278,0.47597011038323617,77,39,18072,15225,12073,5497,19472,29117,46306,33142,0,0,10008,5972,16542,1850,4284,364,0,0,0,0,49826,2377,8611,0,0,0,0,0
564,2786,565.186094497498,99834,179,87,126,36,31259,16286,0.4762405593284853,64,39,18113,15250,12037,5486,19479,29100,46351,33194,0,0,9961,5945,16579,1842,4300,365,0,0,0,0,49859,2363,8620,0,0,0,0,0
565,2786,566.5654789590138,99833,165,83,127,36,31281,16299,0.4765959151783478,66,31,18217,15370,11998,5465,19425,29013,46395,33245,0,0,9895,5923,16623,1842,4316,366,0,0,0,0,49890,2355,8623,0,0,0,0,0
566,2786,567.2570965330623,99833,161,83,127,36,31290,16306,0.4767561828253183,64,35,18264,15398,11961,5455,19421,28991,46437,33295,0,0,9843,5901,16655,1839,4322,368,0,0,0,0,49927,2342,8636,0,0,0,0,0
567,2786,568.6405620806293,99833,145,78,127,36,31308,16318,0.47705668466338785,60,32,18371,15507,11923,5438,19372,28907,46478,33344,0,0,9786,5886,16694,1835,4341,370,0,0,0,0,49951,2329,8641,0,0,0,0,0
568,2786,569.3343348172335,99833,142,80,127,36,31316,16328,0.4772369857662296,61,24,18416,15554,11879,5422,19373,28882,46518,33392,0,0,9735,5864,16723,1829,4351,373,0,0,0,0,49991,2322,8645,0,0,0,0,0
569,2786,570.0280848434371,99833,140,72,127,36,31328,16333,0.4774072701411357,63,23,18437,15592,11850,5419,19381,28856,46558,33439,0,0,9682,5839,16761,1825,4360,375,0,0,0,0,50026,2317,8648,0,0,0,0,0
570,2786,571.4153296583535,99833,126,62,127,36,31342,16341,0.47762763815572007,68,25,18527,15728,11799,5403,19351,28744,46597,33485,0,0,9632,5816,16800,1820,4381,375,0,0,0,0,50047,2309,8653,0,0,0,0,0
571,2786,572.1101891299983,99833,135,59,127,36,31356,16348,0.47783798944236877,63,25,18571,15778,11755,5387,19347,28713,46635,33530,0,0,9593,5797,16831,1809,4392,377,0,0,0,0,50073,2297,8664,0,0,0,0,0
572,2786,573.4996607450793,99833,134,50,127,36,31378,16352,0.4780984243686957,57,30,18669,15920,11705,5359,19306,28603,46672,33574,0,0,9538,5782,16862,1807,4403,380,0,0,0,0,50106,2289,8666,0,0,0,0,0
573,2786,574.1961644806345,99833,128,48,127,36,31388,16354,0.47821862510392354,55,34,18703,15967,11688,5344,19297,28569,46708,33617,0,0,9486,5768,16891,1804,4408,380,0,0,0,0,50141,2278,8677,0,0,0,0,0
574,2786,575.5892167435404,99833,125,52,127,36,31404,16366,0.4784990934861218,52,31,18823,16109,11629,5302,19242,28468,46743,33659,0,0,9446,5747,16929,1797,4421,381,0,0,0,0,50161,2270,8681,0,0,0,0,0
575,2786,576.2875581044137,99833,127,49,127,36,31418,16368,0.47865936113309226,45,34,18867,16150,11595,5287,19237,28442,46777,33700,0,0,9405,5725,16961,1792,4429,383,0,0,0,0,50190,2265,8683,0,0,0,0,0
576,2786,577.6852556442884,99833,121,51,127,36,31440,16380,0.47899992988290446,39,26,18996,16282,11536,5267,19179,28336,46810,33741,0,0,9363,5706,16996,1794,4441,383,0,0,0,0,50208,2250,8692,0,0,0,0,0
577,2786,578.3861983731473,99833,109,52,127,36,31444,16388,0.4791201306181323,42,20,19037,16332,11512,5260,19171,28298,46843,33781,0,0,9316,5693,17023,1787,4451,385,0,0,0,0,50238,2245,8695,0,0,0,0,0
578,2786,579.0873734091084,99833,109,53,127,36,31444,16389,0.47913014734606796,42,19,19012,16309,11498,5251,19210,28330,46875,33820,0,0,9274,5675,17041,1783,4455,385,0,0,0,0,50280,2238,8702,0,0,0,0,0
579,2786,580.5564172087244,99833,96,49,127,36,31464,16396,0.47940059900033055,31,19,19198,16528,11438,5206,19108,28160,46906,33858,0,0,9226,5666,17071,1783,4465,387,0,0,0,0,50298,2227,8710,0,0,0,0,0
580,2786,581.2586325877126,99833,96,49,127,36,31466,16397,0.4794306491841375,30,18,19207,16538,11412,5193,19126,28164,46936,33895,0,0,9196,5648,17091,1775,4474,387,0,0,0,0,50326,2216,8720,0,0,0,0,0
581,2786,582.0296337715539,99833,94,48,127,36,31473,16399,0.4795207997355584,25,19,19254,16579,11376,5181,19122,28135,46966,33932,0,0,9160,5630,17115,1770,4483,387,0,0,0,0,50354,2208,8726,0,0,0,0,0
582,2786,583.4943058036749,99833,87,45,127,36,31486,16406,0.47972113429427143,26,16,19360,16713,11331,5160,19067,28028,46995,33968,0,0,9117,5616,17150,1766,4490,388,0,0,0,0,50372,2204,8730,0,0,0,0,0
583,2786,584.2198437517931,99833,75,39,127,36,31497,16409,0.4798613684853706,25,16,19436,16838,11298,5138,19037,27931,47023,34003,0,0,9082,5596,17184,1764,4502,390,0,0,0,0,50387,2200,8728,0,0,0,0,0
584,2786,585.0141032243323,99833,74,33,127,36,31500,16413,0.47993148558092014,28,15,19499,16905,11256,5123,19014,27886,47051,34037,0,0,9045,5579,17208,1759,4511,390,0,0,0,0,50414,2197,8730,0,0,0,0,0
585,2786,586.1253749002286,99833,74,32,127,36,31504,16415,0.479991585948534,28,14,19527,16944,11226,5108,19016,27864,47078,34071,0,0,9005,5568,17224,1754,4517,390,0,0,0,0,50448,2192,8735,0,0,0,0,0
586,2786,587.1773510045679,99833,71,27,127,36,31511,16419,0.4801017699558262,28,14,19614,17055,11185,5094,18973,27772,47105,34104,0,0,8972,5546,17253,1754,4524,391,0,0,0,0,50470,2188,8735,0,0,0,0,0
587,2786,588.3354835128888,99832,72,25,128,36,31524,16422,0.48026684830515265,24,14,19708,17161,11135,5065,18931,27697,47131,34136,0,0,8947,5529,17282,1748,4530,393,0,0,0,0,50480,2179,8744,0,0,0,0,0
588,2786,589.4768785209308,99831,62,23,129,36,31531,16426,0.4803818453185884,21,15,19803,17266,11095,5041,18888,27617,47156,34168,0,0,8914,5519,17307,1743,4538,394,0,0,0,0,50496,2170,8750,0,0,0,0,0
589,2786,590.0129592763777,99831,65,25,129,36,31536,16430,0.48047199767607257,17,13,19834,17294,11061,5032,18892,27598,47181,34199,0,0,8880,5504,17324,1741,4541,394,0,0,0,0,50527,2165,8755,0,0,0,0,0
590,2786,591.2248934341017,99831,62,26,129,36,31540,16434,0.4805521331049474,25,11,19911,17388,11023,5006,18848,27531,47205,34230,0,0,8844,5492,17341,1738,4545,395,0,0,0,0,50556,2161,8759,0,0,0,0,0
591,2786,592.0842401733231,99831,56,22,129,36,31546,16437,0.4806422854624315,25,14,19991,17476,10981,4985,18816,27465,47229,34260,0,0,8808,5479,17362,1739,4550,396,0,0,0,0,50580,2156,8761,0,0,0,0,0
592,2786,593.2803764466165,99831,53,22,129,36,31556,16440,0.4807725055343531,24,21,20090,17629,10935,4959,18767,27331,47252,34289,0,0,8775,5469,17382,1738,4554,397,0,0,0,0,50602,2148,8766,0,0,0,0,0
593,2786,594.621475626774,99831,46,24,129,36,31556,16446,0.48083260710600917,24,18,20137,17694,10910,4948,18752,27278,47275,34318,0,0,8745,5451,17405,1738,4557,397,0,0,0,0,50624,2144,8770,0,0,0,0,0
594,2786,595.0175604091033,99831,48,26,129,36,31559,16450,0.4809027256062746,23,14,20142,17706,10892,4945,18764,27271,47297,34346,0,0,8713,5438,17419,1735,4561,397,0,0,0,0,50654,2142,8772,0,0,0,0,0
595,2786,596.5249580760803,99831,47,26,129,36,31567,16459,0.48107301339263353,26,9,20296,17842,10825,4915,18675,27170,47319,34374,0,0,8685,5423,17447,1734,4563,399,0,0,0,0,50668,2137,8775,0,0,0,0,0
596,2786,597.0026456211278,99831,49,27,129,36,31572,16461,0.481143131892899,22,9,20324,17873,10806,4909,18668,27144,47340,34401,0,0,8655,5412,17462,1733,4563,400,0,0,0,0,50694,2132,8780,0,0,0,0,0
597,2786,598.1547350397211,99831,54,23,129,36,31582,16461,0.4812433011789925,15,12,20412,17993,10760,4890,18628,27044,47361,34428,0,0,8626,5398,17482,1732,4566,400,0,0,0,0,50716,2128,8783,0,0,0,0,0
598,2786,599.2784695213791,99831,49,21,129,36,31588,16465,0.481343470465086,14,9,20504,18095,10716,4873,18586,26964,47381,34454,0,0,8603,5381,17505,1731,4573,401,0,0,0,0,50730,2123,8784,0,0,0,0,0
599,2786,600.1061193122214,99831,45,22,129,36,31592,16468,0.48141358896535147,16,8,20580,18167,10679,4862,18549,26903,47401,34480,0,0,8573,5373,17521,1728,4577,401,0,0,0,0,50751,2118,8789,0,0,0,0,0
600,2786,601.0421941779367,99831,40,21,129,36,31596,16469,0.4814636736083982,14,10,20634,18241,10663,4849,18518,26841,47420,34505,0,0,8548,5364,17539,1725,4582,401,0,0,0,0,50767,2111,8794,0,0,0,0,0
601,2786,602.1574168646117,99831,36,21,129,36,31598,16472,0.48151375825144493,13,10,20709,18340,10624,4828,18487,26763,47439,34530,0,0,8525,5354,17553,1722,4589,401,0,0,0,0,50785,2103,8799,0,0,0,0,0
602,2786,603.3961808406968,99831,35,21,129,36,31600,16473,0.481543809037273,12,10,20809,18457,10578,4804,18435,26670,47458,34554,0,0,8505,5342,17567,1722,4590,401,0,0,0,0,50802,2092,8810,0,0,0,0,0
603,2786,604.1090234392377,99831,28,24,129,36,31603,16476,0.4816039106089291,10,8,20885,18553,10552,4781,18394,26596,47476,34578,0,0,8476,5335,17575,1722,4596,401,0,0,0,0,50828,2085,8813,0,0,0,0,0
604,2786,605.1555281805298,99831,28,24,129,36,31604,16479,0.4816439783233665,12,7,20968,18632,10510,4767,18351,26532,47494,34601,0,0,8451,5325,17587,1720,4598,402,0,0,0,0,50850,2082,8816,0,0,0,0,0
605,2786,606.1192729814987,99831,27,26,129,36,31606,16482,0.48169406296641326,12,6,21026,18684,10483,4763,18321,26483,47511,34624,0,0,8428,5319,17597,1716,4601,403,0,0,0,0,50869,2076,8822,0,0,0,0,0
606,2786,607.557266219596,99831,24,24,129,36,31608,16484,0.48173413068085064,14,4,21135,18840,10437,4734,18259,26360,47528,34646,0,0,8407,5308,17612,1716,4604,403,0,0,0,0,50884,2069,8828,0,0,0,0,0
607,2786,608.2271990470023,99831,26,24,129,36,31612,16485,0.48178421532389737,12,3,21177,18913,10411,4717,18243,26305,47545,34668,0,0,8383,5299,17623,1711,4608,404,0,0,0,0,50906,2068,8829,0,0,0,0,0
608,2786,609.2471894920251,99831,27,22,129,36,31615,16487,0.48183429996694416,12,2,21276,19005,10356,4699,18198,26234,47561,34690,0,0,8368,5283,17641,1708,4613,404,0,0,0,0,50917,2064,8833,0,0,0,0,0
609,2786,610.107842081302,99831,26,16,129,36,31617,16487,0.4818543338241628,12,2,21347,19083,10318,4679,18166,26182,47577,34711,0,0,8355,5267,17661,1704,4621,404,0,0,0,0,50925,2060,8834,0,0,0,0,0
610,2786,611.0453377524059,99831,27,14,129,36,31620,16488,0.48189440153860025,11,1,21409,19152,10289,4666,18133,26129,47593,34732,0,0,8337,5254,17676,1704,4622,405,0,0,0,0,50940,2055,8838,0,0,0,0,0
611,2786,612.0078976662843,99831,22,14,129,36,31621,16489,0.4819144353958189,12,1,21501,19264,10251,4652,18083,26031,47608,34752,0,0,8315,5245,17687,1701,4627,405,0,0,0,0,50958,2053,8840,0,0,0,0,0
612,2786,613.0453281039585,99831,24,14,129,36,31624,16490,0.48195450311025634,13,0,21561,19339,10218,4640,18053,25969,47623,34772,0,0,8297,5231,17701,1699,4630,405,0,0,0,0,50975,2052,8841,0,0,0,0,0
613,2786,614.1810990715734,99831,17,13,129,36,31625,16490,0.4819645200388657,18,0,21636,19420,10189,4622,18009,25907,47638,34792,0,0,8278,5223,17710,1698,4634,406,0,0,0,0,50990,2045,8847,0,0,0,0,0
614,2786,615.3165084992218,99831,18,11,129,36,31629,16490,0.48200458775330307,17,1,21732,19515,10154,4598,17948,25837,47652,34811,0,0,8263,5211,17725,1696,4637,406,0,0,0,0,51001,2041,8851,0,0,0,0,0
615,2786,616.1259322907836,99831,20,8,129,36,31632,16490,0.48203463853913114,15,3,21798,19575,10119,4581,17917,25795,47666,34830,0,0,8244,5200,17740,1695,4638,406,0,0,0,0,51016,2039,8853,0,0,0,0,0
616,2786,617.0016487462991,99831,24,7,129,36,31637,16493,0.48211477396800595,12,3,21917,19720,10063,4560,17853,25672,47680,34849,0,0,8224,5195,17748,1694,4639,407,0,0,0,0,51032,2034,8858,0,0,0,0,0
617,2786,618.1935764402945,99831,19,8,129,36,31641,16494,0.4821648586110527,12,4,22025,19833,10019,4539,17794,25578,47694,34867,0,0,8207,5184,17759,1692,4642,409,0,0,0,0,51046,2031,8861,0,0,0,0,0
618,2786,619.0318487077269,99831,17,6,129,36,31641,16495,0.48217487553966204,12,3,22041,19849,10001,4533,17798,25571,47707,34885,0,0,8189,5175,17770,1688,4648,409,0,0,0,0,51061,2031,8860,0,0,0,0,0
619,2786,620.0277646384995,99831,18,6,129,36,31645,16496,0.4822249601827088,8,3,22136,19926,9959,4520,17748,25507,47720,34903,0,0,8174,5167,17778,1688,4650,409,0,0,0,0,51074,2023,8868,0,0,0,0,0
620,2786,621.0033017318287,99831,15,5,129,36,31646,16496,0.48223497711131813,8,3,22219,20008,9914,4502,17713,25444,47733,34920,0,0,8155,5162,17787,1688,4651,409,0,0,0,0,51089,2017,8873,0,0,0,0,0
621,2786,622.3386419998702,99831,16,3,129,36,31650,16496,0.4822750448257555,9,3,22329,20148,9869,4480,17646,25328,47746,34937,0,0,8146,5149,17805,1683,4656,409,0,0,0,0,51093,2014,8876,0,0,0,0,0
622,2786,623.212291540038,99831,18,2,129,36,31653,16496,0.4823050956115836,9,3,22388,20199,9841,4468,17613,25290,47758,34954,0,0,8131,5140,17814,1682,4658,409,0,0,0,0,51107,2010,8880,0,0,0,0,0
623,2786,624.0018804823362,99831,17,1,129,36,31655,16496,0.4823251294688023,9,4,22443,20256,9813,4457,17587,25244,47770,34970,0,0,8113,5131,17825,1681,4660,409,0,0,0,0,51122,2010,8880,0,0,0,0,0
624,2786,625.0340748440236,99831,18,2,129,36,31657,16497,0.4823551802546303,9,3,22559,20376,9761,4437,17522,25144,47782,34986,0,0,8100,5124,17833,1679,4661,410,0,0,0,0,51134,2005,8885,0,0,0,0,0
625,2786,626.0137884943124,99831,17,4,129,36,31658,16499,0.4823852310404584,8,2,22608,20433,9739,4428,17497,25095,47794,35002,0,0,8084,5114,17845,1678,4662,410,0,0,0,0,51148,2004,8886,0,0,0,0,0
626,2786,627.2257230726166,99831,18,4,129,36,31662,16500,0.4824353156835051,4,2,22708,20538,9708,4412,17431,25006,47805,35017,0,0,8066,5111,17850,1677,4664,410,0,0,0,0,51163,2000,8890,0,0,0,0,0
627,2786,628.2741300592558,99831,17,3,129,36,31664,16500,0.48245534954072383,3,3,22775,20623,9674,4398,17400,24935,47816,35032,0,0,8048,5108,17857,1676,4665,410,0,0,0,0,51177,1996,8894,0,0,0,0,0
628,2786,629.535354736964,99831,13,4,129,36,31665,16501,0.48247538339794255,3,2,22909,20803,9634,4367,17310,24786,47827,35047,0,0,8032,5102,17866,1674,4668,410,0,0,0,0,51189,1994,8896,0,0,0,0,0
629,2786,630.3127045403032,99831,12,7,129,36,31666,16504,0.4825154511123799,27,24,22930,20840,9607,4358,17293,24733,47838,35062,0,0,8017,5093,17876,1673,4669,410,1,0,0,0,51202,1992,8898,0,0,0,0,0
630,2786,631.1404453161734,99831,19,13,129,36,31673,16510,0.48264567118430146,23,23,23009,20920,9564,4344,17254,24662,47848,35076,0,0,8006,5085,17884,1671,4671,410,1,0,0,0,51213,1989,8901,0,0,0,0,0
631,2786,632.2259956635197,99830,28,17,129,37,31683,16516,0.48281077832314934,20,24,23087,21012,9516,4326,17218,24582,47858,35090,0,0,7992,5080,17889,1668,4673,411,1,0,0,1,51225,1987,8903,0,0,0,0,0
632,2786,633.2096982223461,99830,28,17,129,37,31686,16518,0.4828608634678954,22,26,23138,21069,9479,4315,17202,24534,47868,35104,0,0,7982,5071,17897,1667,4676,411,2,0,0,3,51232,1982,8907,0,0,0,0,0
633,2786,634.198773998896,99830,30,21,129,37,31690,16525,0.4829710507863368,30,25,23227,21167,9433,4298,17149,24450,47878,35118,0,0,7964,5069,17899,1665,4678,411,2,0,0,8,51245,1980,8909,0,0,0,0,0
634,2786,635.1538977267696,99830,30,22,129,37,31696,16529,0.4830712210758289,35,25,23289,21242,9405,4285,17110,24387,47888,35131,0,0,7951,5061,17904,1662,4685,411,4,0,0,11,51253,1979,8909,0,0,0,0,0
635,2786,636.1064547788436,99830,31,26,129,37,31702,16536,0.4832014424521687,38,24,23364,21320,9367,4266,17069,24325,47898,35144,0,0,7942,5052,17910,1662,4687,412,5,0,0,15,51257,1974,8914,0,0,0,0,0
636,2786,637.0560626868336,99830,28,34,129,37,31705,16545,0.48332164679955925,42,19,23429,21377,9343,4253,17027,24278,47907,35157,0,0,7932,5045,17915,1663,4690,412,5,0,0,18,51264,1968,8918,0,0,0,0,0
637,2786,638.0687881141041,99830,41,33,129,37,31721,16547,0.4835019533206451,42,28,23506,21486,9306,4236,16974,24178,47916,35170,0,0,7919,5037,17923,1662,4693,412,5,0,0,22,51273,1968,8916,0,0,0,0,0
638,2786,639.0123078987242,99830,48,38,129,37,31733,16556,0.4837123109285786,38,25,23576,21571,9274,4224,16933,24103,47925,35182,0,0,7908,5029,17929,1661,4698,412,6,0,0,26,51279,1966,8916,0,0,0,0,0
639,2786,640.2660746139762,99830,51,39,129,37,31743,16564,0.48389261744966444,42,35,23671,21671,9236,4214,16869,24002,47934,35194,0,0,7895,5022,17934,1660,4702,412,8,0,0,34,51282,1963,8918,0,0,0,0,0
640,2786,641.2030098130867,99830,57,47,129,37,31756,16577,0.484153060202344,43,27,23732,21738,9213,4206,16824,23943,47943,35206,0,0,7880,5019,17935,1660,4704,413,9,0,0,41,51289,1959,8921,0,0,0,0,0
641,2786,642.137301941812,99830,62,47,129,37,31766,16583,0.4843133326655314,49,25,23784,21823,9183,4194,16791,23872,47951,35218,0,0,7868,5012,17940,1660,4707,413,9,0,0,49,51293,1958,8921,0,0,0,0,0
642,2786,643.0693693472741,99830,66,37,129,37,31779,16584,0.4844535710708204,49,38,23846,21882,9165,4191,16743,23813,47959,35230,0,0,7853,5007,17944,1659,4709,413,13,0,0,64,51289,1955,8924,0,0,0,0,0
643,2786,644.3082001673097,99830,72,43,129,37,31794,16599,0.4847540819392968,60,37,23925,21980,9140,4182,16672,23719,47967,35241,0,0,7836,5005,17942,1659,4717,413,16,0,0,70,51297,1951,8924,0,0,0,0,0
644,2786,645.2344002909776,99830,74,48,129,37,31808,16612,0.4850245417209256,63,32,23984,22056,9118,4179,16630,23646,47975,35252,0,0,7821,4999,17945,1661,4722,413,19,0,0,80,51299,1948,8923,0,0,0,0,0
645,2786,646.158499790107,99830,84,51,129,37,31826,16619,0.4852749674446559,59,32,24045,22139,9096,4165,16585,23574,47983,35263,0,0,7810,4989,17953,1663,4723,413,19,0,0,88,51302,1947,8923,0,0,0,0,0
646,2786,647.0801183247834,99830,82,54,129,37,31838,16626,0.485465290994691,74,42,24104,22184,9077,4161,16532,23520,47991,35274,0,0,7798,4986,17950,1662,4734,413,22,0,0,93,51306,1941,8925,0,0,0,0,0
647,2786,648.3051325183733,99830,88,55,129,37,31862,16643,0.48587598918160874,77,45,24187,22291,9049,4156,16468,23414,47999,35285,0,0,7784,4978,17952,1668,4738,415,25,0,0,110,51300,1935,8925,0,0,0,0,0
648,2786,649.2211620031197,99830,105,55,129,37,31888,16650,0.4862065511369328,74,46,24250,22367,9015,4149,16425,23344,48006,35296,0,0,7772,4973,17952,1668,4742,417,26,0,0,118,51303,1934,8925,0,0,0,0,0
649,2786,650.1346406303625,99830,109,61,129,37,31906,16665,0.48653711309225683,77,40,24305,22454,8998,4142,16380,23264,48013,35306,0,0,7755,4969,17949,1671,4748,417,28,0,0,129,51307,1932,8925,0,0,0,0,0
650,2786,651.045890152299,99830,118,56,129,37,31924,16672,0.4867875388159872,88,44,24354,22518,8967,4143,16342,23200,48020,35316,0,0,7750,4959,17951,1671,4756,419,30,0,0,137,51302,1929,8926,0,0,0,0,0
651,2786,652.2575008584339,99830,135,66,129,37,31957,16691,0.4873084243213463,85,48,24423,22618,8940,4128,16286,23101,48027,35326,0,0,7740,4954,17952,1668,4766,420,32,0,0,150,51297,1927,8924,0,0,0,0,0
652,2786,653.1637693556098,99829,135,66,129,38,31973,16702,0.4875837682436967,93,55,24485,22693,8923,4124,16233,23022,48034,35336,0,0,7726,4947,17949,1669,4775,421,36,0,0,161,51296,1927,8922,0,0,0,0,0
653,2786,654.0677980983162,99829,143,74,129,38,31994,16718,0.487954402027467,101,48,24537,22763,8906,4124,16182,22951,48041,35346,0,0,7713,4944,17944,1670,4785,422,37,0,0,168,51301,1924,8921,0,0,0,0,0
654,2786,655.2698614828009,99827,152,67,131,38,32029,16726,0.4883949232171657,105,65,24604,22847,8887,4117,16119,22864,48048,35356,0,0,7703,4937,17940,1670,4798,423,38,0,0,190,51287,1922,8919,0,0,0,0,0
655,2786,656.1691489045043,99827,153,83,131,38,32051,16746,0.4888156510763621,115,64,24657,22903,8870,4107,16072,22803,48055,35365,0,0,7693,4929,17942,1672,4802,425,41,0,0,203,51281,1920,8919,0,0,0,0,0
656,2786,657.0662291240134,99826,158,87,132,38,32079,16758,0.48922124496624125,119,67,24699,22973,8859,4104,16031,22729,48061,35374,0,0,7684,4921,17942,1673,4811,426,42,0,0,219,51272,1918,8918,0,0,0,0,0
657,2786,658.2596065174276,99826,186,99,132,38,32131,16784,0.4900026045318855,117,61,24750,23073,8843,4093,15970,22634,48067,35383,0,0,7673,4913,17937,1675,4824,426,45,0,0,238,51261,1917,8917,0,0,0,0,0
658,2786,659.1528270199858,99825,195,100,133,38,32163,16800,0.49048835462058604,116,64,24784,23134,8841,4097,15929,22565,48073,35392,0,0,7660,4905,17936,1679,4832,426,46,0,0,260,51250,1915,8916,0,0,0,0,0
659,2786,660.0447450122458,99825,195,103,133,38,32190,16812,0.49087903831705487,128,72,24821,23193,8841,4092,15880,22500,48079,35401,0,0,7651,4897,17938,1682,4842,426,49,0,0,278,51238,1909,8915,0,0,0,0,0
660,2786,661.2316543897963,99825,196,107,133,38,32228,16835,0.4914901076884548,149,74,24870,23286,8830,4095,15820,22398,48085,35410,0,0,7637,4889,17933,1683,4860,427,56,0,0,305,51218,1907,8910,0,0,0,0,0
661,2786,662.1200376636945,99825,197,115,133,38,32252,16853,0.49191084397695967,168,84,24914,23344,8819,4093,15767,22324,48091,35419,0,0,7623,4881,17932,1686,4868,429,62,0,0,316,51215,1904,8909,0,0,0,0,0
662,2786,663.0065856140112,99825,210,112,133,38,32289,16865,0.49240170298021535,181,83,24950,23416,8808,4093,15716,22256,48097,35427,0,0,7618,4872,17929,1689,4880,430,62,0,0,338,51198,1901,8908,0,0,0,0,0
663,2786,664.1861979390964,99825,218,128,133,38,32337,16899,0.4932231404958678,201,84,25001,23515,8806,4088,15639,22145,48103,35435,0,0,7605,4859,17922,1698,4897,430,67,0,0,365,51179,1899,8904,0,0,0,0,0
664,2786,665.0690174024954,99825,234,132,133,38,32378,16922,0.49386426245930376,206,91,25041,23574,8793,4092,15591,22071,48109,35443,0,0,7596,4853,17922,1698,4910,432,70,0,0,385,51163,1896,8900,0,0,0,0,0
665,2786,666.2433380652724,99825,264,135,133,38,32443,16948,0.49477585775106436,212,99,25091,23651,8786,4092,15512,21983,48115,35451,0,0,7578,4845,17918,1703,4926,433,82,0,0,409,51145,1892,8894,0,0,0,0,0
666,2786,667.1222033923605,99825,274,148,133,38,32479,16975,0.4954069621838217,236,93,25131,23704,8766,4098,15458,21917,48120,35459,0,0,7567,4835,17921,1707,4931,434,87,0,0,432,51128,1890,8893,0,0,0,0,0
667,2786,668.2912248265693,99825,295,157,133,38,32541,17008,0.496358627598297,237,91,25180,23782,8764,4103,15389,21827,48125,35467,0,0,7554,4824,17912,1714,4949,435,93,0,0,464,51103,1888,8889,0,0,0,0,0
668,2786,669.1663917615209,99825,310,153,133,38,32592,17030,0.4970899073378412,237,92,25205,23837,8765,4107,15348,21771,48130,35475,0,0,7541,4816,17905,1717,4963,438,97,0,0,497,51078,1888,8885,0,0,0,0,0
669,2786,670.0404637510562,99825,331,151,133,38,32642,17045,0.4977410468319559,252,101,25237,23884,8760,4114,15285,21710,48135,35483,0,0,7525,4812,17901,1717,4978,438,104,0,0,518,51065,1886,8881,0,0,0,0,0
670,2786,671.2037376502786,99825,366,152,133,38,32723,17072,0.4988229401452542,258,130,25273,23950,8760,4127,15208,21601,48140,35490,0,0,7510,4806,17893,1721,4993,440,111,0,0,560,51031,1884,8876,0,0,0,0,0
671,2786,672.0744712876016,99825,380,172,133,38,32789,17103,0.4997946406210869,258,126,25308,24015,8768,4123,15151,21524,48145,35497,0,0,7497,4801,17886,1724,5012,441,118,0,0,590,51007,1878,8871,0,0,0,0,0
672,2786,673.2333346182783,99825,398,179,133,38,32859,17141,0.5008765339343851,286,129,25336,24087,8774,4134,15071,21431,48150,35504,0,0,7483,4791,17875,1731,5033,441,126,0,0,634,50968,1873,8870,0,0,0,0,0
673,2786,674.1012976591879,99825,427,189,133,38,32926,17173,0.5018682694715753,290,132,25364,24129,8775,4136,15009,21374,48155,35511,0,0,7477,4786,17864,1736,5045,445,128,0,0,666,50940,1864,8874,0,0,0,0,0
674,2786,675.2561277372226,99825,448,208,133,38,33010,17213,0.5031104432757325,310,146,25407,24198,8772,4132,14928,21276,48160,35518,0,0,7458,4777,17861,1740,5062,448,139,0,0,707,50906,1862,8865,0,0,0,0,0
675,2786,676.1204503486244,99825,468,218,133,38,33070,17254,0.50412221387428,334,150,25418,24247,8772,4148,14873,21197,48165,35525,0,0,7447,4770,17850,1747,5079,449,143,0,0,748,50872,1857,8863,0,0,0,0,0
676,2786,677.2714170480091,99824,492,223,133,39,33164,17296,0.5054896618047764,360,163,25444,24315,8778,4157,14791,21101,48170,35532,0,0,7438,4766,17826,1749,5118,451,146,0,0,803,50821,1851,8855,0,0,0,0,0
677,2786,678.1333777302798,99824,504,221,133,39,33237,17317,0.5064313191216541,373,180,25449,24365,8808,4165,14731,21028,48175,35539,0,0,7420,4753,17818,1759,5137,453,158,0,0,842,50788,1848,8848,0,0,0,0,0
678,2786,679.2815537473259,99822,521,223,135,39,33340,17366,0.5079641762336959,368,184,25485,24436,8840,4185,14649,20931,48179,35546,0,0,7407,4739,17806,1773,5163,459,165,0,0,912,50722,1842,8834,0,0,0,0,0
679,2786,680.1417481406786,99822,527,240,135,39,33413,17413,0.5091663160425558,415,170,25466,24482,8862,4198,14593,20869,48183,35552,0,0,7394,4728,17796,1783,5188,463,174,0,0,955,50681,1837,8823,0,0,0,0,0
680,2786,681.0018951645152,99822,555,246,135,39,33515,17452,0.510578830317966,393,204,25496,24521,8886,4216,14533,20772,48187,35558,0,0,7381,4717,17778,1791,5217,467,184,0,0,1004,50634,1832,8817,0,0,0,0,0
681,2786,682.1469697200637,99821,593,248,136,39,33634,17504,0.5122970116508551,419,226,25515,24569,8897,4249,14438,20667,48191,35564,0,0,7349,4712,17757,1799,5251,470,210,0,0,1057,50586,1823,8807,0,0,0,0,0
682,2786,683.0045476331062,99820,601,268,137,39,33726,17553,0.513714686435584,432,246,25516,24594,8939,4261,14373,20590,48195,35570,0,0,7328,4702,17749,1805,5275,475,224,0,0,1109,50537,1821,8795,0,0,0,0,0
683,2786,684.1469683278292,99820,656,285,137,39,33865,17623,0.5158084552193949,444,264,25509,24629,8964,4297,14288,20484,48199,35576,0,0,7313,4688,17729,1817,5306,479,231,0,0,1185,50468,1819,8785,0,0,0,0,0
684,2786,685.0031250839718,99820,678,317,137,39,33967,17678,0.5173812863153676,457,286,25499,24646,9002,4303,14225,20407,48203,35582,0,0,7293,4675,17718,1827,5326,485,246,0,0,1230,50428,1816,8776,0,0,0,0,0
685,2786,686.1444626080031,99820,683,348,137,39,34090,17762,0.5194550190342617,514,295,25471,24696,9059,4330,14134,20290,48207,35588,0,0,7273,4659,17692,1840,5369,491,260,0,0,1312,50350,1811,8763,0,0,0,0,0
686,2786,687.0004717866605,99820,704,359,137,39,34198,17826,0.5211781206171108,536,300,25452,24711,9096,4372,14073,20217,48211,35594,0,0,7256,4650,17670,1840,5413,495,274,0,0,1383,50282,1810,8747,0,0,0,0,0
687,2786,688.1418887645676,99820,758,389,137,39,34366,17907,0.5236726106992586,566,313,25427,24771,9128,4403,13982,20083,48215,35600,0,0,7226,4636,17648,1849,5454,501,298,0,0,1452,50217,1804,8735,0,0,0,0,0
688,2786,689.2829319067591,99819,804,431,137,40,34523,18000,0.5261823901261283,598,312,25419,24796,9159,4430,13881,19989,48219,35606,0,0,7203,4627,17625,1855,5487,507,314,0,0,1539,50133,1800,8729,0,0,0,0,0
689,2786,690.1382125368436,99819,845,451,137,40,34661,18062,0.5281860166902093,635,343,25370,24831,9193,4442,13818,19891,48223,35612,0,0,7185,4620,17602,1859,5522,512,326,0,0,1614,50064,1797,8718,0,0,0,0,0
690,2786,691.2793536487395,99819,902,464,137,40,34862,18154,0.531121329606588,672,377,25308,24832,9268,4496,13711,19789,48227,35617,0,0,7155,4599,17573,1875,5580,519,353,0,0,1716,49964,1792,8693,0,0,0,0,0
691,2786,692.1360771776675,99817,933,482,139,40,35010,18233,0.5334061332237996,701,378,25261,24857,9327,4537,13637,19704,48231,35622,0,0,7133,4589,17546,1882,5623,523,372,0,0,1811,49870,1786,8682,0,0,0,0,0
692,2786,693.2794154572467,99816,991,502,139,41,35205,18338,0.5364170072934199,719,396,25217,24874,9396,4599,13536,19586,48235,35627,0,0,7106,4572,17516,1894,5679,533,392,0,0,1913,49771,1781,8659,0,0,0,0,0
693,2786,694.1374311616162,99816,1047,515,139,41,35385,18417,0.539011781678288,750,399,25165,24896,9449,4644,13448,19503,48239,35632,0,0,7085,4552,17496,1911,5722,540,409,0,0,2003,49683,1772,8643,0,0,0,0,0
694,2786,695.283026921334,99816,1088,540,139,41,35619,18537,0.5425583072854051,834,438,25046,24898,9550,4708,13341,19373,48243,35637,0,0,7057,4525,17449,1934,5805,551,434,0,0,2123,49561,1761,8616,0,0,0,0,0
695,2786,696.144079010391,99813,1136,560,141,42,35788,18623,0.5451293919629707,863,450,24981,24901,9616,4757,13261,19288,48246,35642,0,0,7034,4517,17418,1943,5848,560,452,0,0,2213,49471,1755,8602,0,0,0,0,0
696,2786,697.0063174169725,99813,1193,591,141,42,35983,18715,0.5480047689178764,879,481,24931,24897,9689,4799,13165,19188,48249,35647,0,0,7011,4505,17389,1951,5912,567,473,0,0,2294,49388,1747,8576,0,0,0,0,0
697,2786,698.1570867970776,99813,1245,632,141,42,36236,18855,0.5519421317864407,930,491,24854,24920,9797,4866,13031,19047,48252,35652,0,0,6976,4480,17355,1978,5979,577,506,0,0,2438,49243,1734,8547,0,0,0,0,0
698,2786,699.0213298976242,99812,1276,662,141,43,36429,18955,0.5548831803791128,972,516,24773,24918,9890,4904,12946,18955,48255,35657,0,0,6939,4464,17312,1996,6038,588,538,0,0,2529,49151,1725,8532,0,0,0,0,0
699,2786,700.1766842938599,99811,1337,699,142,43,36706,19116,0.5592770335934917,1068,512,24648,24918,10001,4990,12802,18836,48258,35662,0,0,6899,4444,17264,2016,6131,597,572,0,0,2686,48994,1712,8496,0,0,0,0,0
700,2786,701.0451161670875,99810,1408,706,143,43,36937,19221,0.5626490331630097,1095,534,24593,24907,10080,5072,12679,18736,48261,35667,0,0,6877,4420,17230,2039,6191,608,587,0,0,2813,48869,1706,8470,0,0,0,0,0
701,2786,702.205081360075,99810,1505,759,143,43,37265,19389,0.5676184751026951,1159,591,24427,24887,10218,5134,12546,18584,48264,35672,0,0,6843,4395,17176,2062,6268,627,617,0,0,2980,48702,1698,8442,0,0,0,0,0
702,2786,703.0778705245731,99809,1585,803,144,43,37526,19520,0.5715516636776242,1198,617,24321,24865,10314,5194,12436,18476,48267,35677,0,0,6795,4378,17135,2073,6331,640,657,0,0,3095,48590,1696,8419,0,0,0,0,0
703,2786,704.2449868878543,99809,1681,879,144,43,37888,19720,0.5771824184191806,1254,625,24185,24849,10449,5275,12285,18327,48270,35682,0,0,6758,4348,17090,2109,6409,659,683,0,0,3283,48401,1683,8386,0,0,0,0,0
704,2786,705.1229567044483,99808,1780,888,145,43,38189,19869,0.5816968579672972,1281,657,24053,24834,10558,5371,12181,18205,48273,35687,0,0,6717,4324,17045,2136,6490,669,717,0,0,3444,48234,1673,8359,0,0,0,0,0
705,2786,706.0037950782174,99805,1880,936,147,44,38511,20020,0.586453584489755,1298,684,23936,24790,10688,5448,12049,18096,48276,35691,0,0,6676,4299,16992,2158,6569,684,753,0,0,3581,48094,1664,8335,0,0,0,0,0
706,2786,707.1827118152521,99805,1993,994,147,44,38927,20237,0.5927959521066078,1360,707,23752,24727,10859,5568,11887,17958,48279,35695,0,0,6636,4268,16913,2194,6699,701,787,0,0,3788,47881,1650,8288,0,0,0,0,0
707,2786,708.0709434887623,99805,2055,1013,147,44,39249,20390,0.5975552327037723,1423,758,23589,24674,11035,5669,11749,17840,48282,35699,0,0,6589,4244,16851,2213,6817,713,829,0,0,3951,47710,1639,8249,0,0,0,0,0
708,2786,709.2623219514262,99804,2127,1087,148,44,39690,20632,0.6044046330808385,1491,821,23370,24571,11273,5793,11589,17682,48285,35703,0,0,6522,4210,16756,2244,6963,730,889,0,0,4180,47470,1628,8212,0,0,0,0,0
709,2786,710.1606612412759,99804,2184,1152,148,44,40030,20823,0.6097250611197947,1534,813,23233,24539,11430,5881,11469,17569,48288,35707,0,0,6468,4179,16673,2278,7073,745,935,0,0,4350,47299,1618,8186,0,0,0,0,0
710,2786,711.0627890256933,99803,2275,1181,149,44,40400,21017,0.6153823031371802,1576,838,23050,24495,11597,6011,11351,17429,48291,35711,0,0,6425,4145,16613,2311,7185,758,968,0,0,4560,47082,1609,8147,0,0,0,0,0
711,2786,712.2736927063659,99802,2353,1243,150,44,40855,21287,0.6226528526482435,1701,865,22811,24425,11798,6162,11185,17259,48294,35715,0,0,6351,4111,16520,2346,7326,787,1034,0,0,4811,46827,1589,8100,0,0,0,0,0
712,2786,713.1877826753572,99802,2424,1273,150,44,41254,21481,0.6285946173423378,1769,900,22608,24369,11991,6279,11056,17133,48297,35719,0,0,6299,4076,16444,2385,7436,812,1083,0,0,5037,46597,1571,8062,0,0,0,0,0
713,2786,714.107892759768,99800,2518,1306,152,44,41660,21694,0.634809619238477,1830,950,22421,24293,12152,6419,10925,16986,48300,35723,0,0,6246,4048,16372,2412,7564,829,1130,0,0,5268,46361,1558,8012,0,0,0,0,0
714,2786,715.033772461763,99798,2597,1377,154,44,42085,21914,0.6412853965009319,1894,1001,22221,24205,12354,6519,10778,16852,48303,35727,0,0,6179,4020,16304,2443,7670,860,1186,0,0,5479,46143,1548,7966,0,0,0,0,0
715,2786,716.2770821873471,99796,2762,1459,155,45,42692,22220,0.6504469116998677,1958,1095,21936,24101,12605,6664,10582,16634,48306,35731,0,0,6107,3982,16184,2480,7847,891,1248,0,0,5759,45842,1537,7919,0,0,0,0,0
716,2786,717.2168694259595,99795,2853,1520,156,45,43171,22495,0.6580089182824791,2047,1131,21710,24017,12825,6825,10407,16460,48309,35735,0,0,6043,3954,16098,2516,7992,917,1303,0,0,6035,45550,1521,7866,0,0,0,0,0
717,2786,718.1636123125588,99793,2916,1599,158,45,43642,22755,0.6653472688465123,2133,1156,21482,23909,13084,6956,10225,16333,48312,35739,0,0,5992,3916,16001,2551,8132,955,1348,0,0,6283,45277,1510,7828,0,0,0,0,0
718,2786,719.1178884749166,99791,3019,1672,160,45,44138,23050,0.6732871701856881,2236,1173,21248,23801,13287,7126,10048,16181,48315,35743,0,0,5923,3882,15908,2595,8273,993,1404,0,0,6541,45008,1492,7772,0,0,0,0,0
719,2786,720.0798730749345,99789,3126,1720,162,45,44673,23324,0.6814077703955346,2273,1202,20986,23704,13570,7298,9881,16029,48317,35747,0,0,5856,3836,15807,2637,8440,1027,1466,0,0,6798,44723,1474,7725,0,0,0,0,0
720,2786,721.0509780129698,99788,3224,1798,163,45,45219,23629,0.6899426784783742,2378,1200,20723,23591,13791,7482,9719,15882,48319,35751,0,0,5781,3796,15716,2679,8597,1061,1531,0,0,7083,44415,1452,7677,0,0,0,0,0
721,2786,722.031723791919,99786,3340,1862,165,45,45822,23936,0.6990760226885535,2434,1288,20426,23451,14084,7649,9549,15703,48321,35755,0,0,5708,3746,15591,2708,8808,1093,1597,0,0,7377,44095,1443,7620,0,0,0,0,0
722,2786,723.0230809934853,99784,3472,1892,167,45,46414,24251,0.7081796680830594,2476,1343,20183,23351,14321,7859,9379,15508,48323,35759,0,0,5640,3710,15475,2738,9018,1124,1657,0,0,7698,43743,1430,7551,0,0,0,0,0
723,2786,724.0240137487265,99781,3585,1968,170,45,47028,24609,0.7179422936230344,2558,1407,19891,23191,14595,8059,9199,15328,48325,35763,0,0,5566,3667,15364,2779,9206,1172,1719,0,0,8020,43385,1414,7489,0,0,0,0,0
724,2786,725.0363158102364,99775,3685,2046,173,48,47689,24967,0.7281984465046354,2635,1440,19590,23046,14924,8266,8991,15152,48327,35766,0,0,5471,3624,15236,2831,9431,1207,1797,0,0,8355,43013,1393,7417,0,0,0,0,0
725,2786,726.0605144715139,99773,3801,2132,174,49,48351,25349,0.7386767963276638,2665,1464,19333,22910,15229,8483,8796,14960,48329,35769,0,0,5391,3577,15099,2871,9638,1260,1868,0,0,8705,42630,1381,7353,0,0,0,0,0
726,2786,727.0957932814148,99769,3944,2152,177,50,49036,25724,0.7493309545049064,2753,1484,19004,22777,15509,8756,8611,14779,48331,35772,0,0,5315,3531,14963,2923,9836,1316,1933,0,0,9104,42197,1360,7291,0,0,0,0,0
727,2786,728.1457729780053,99768,4082,2235,178,50,49770,26124,0.760704835217705,2811,1457,18651,22657,15845,8993,8431,14606,48333,35775,0,0,5222,3477,14818,2990,10049,1371,2006,0,0,9474,41792,1342,7227,0,0,0,0,0
728,2786,729.2117041625901,99764,4194,2287,179,53,50496,26524,0.7720219718535745,2889,1505,18309,22511,16183,9221,8244,14421,48335,35778,0,0,5124,3423,14669,3049,10271,1435,2086,0,0,9850,41367,1324,7166,0,0,0,0,0
729,2786,730.2937659089865,99760,4302,2366,181,55,51268,26950,0.7840617481956696,2925,1547,17995,22353,16542,9454,8053,14223,48337,35781,0,0,5045,3364,14532,3118,10516,1500,2143,0,0,10246,40917,1300,7079,0,0,0,0,0
730,2786,731.0240732479627,99758,4407,2427,183,55,51828,27248,0.7926782814410874,2902,1581,17782,22231,16793,9626,7931,14078,48339,35784,0,0,4990,3321,14417,3170,10696,1543,2183,0,0,10505,40622,1282,7029,0,0,0,0,0
731,2786,732.1335654311596,99754,4486,2508,186,56,52601,27716,0.8051506706497985,2967,1628,17446,22033,17179,9892,7734,13881,48341,35787,0,0,4896,3271,14266,3221,10963,1619,2258,0,0,10907,40146,1260,6947,0,0,0,0,0
732,2786,733.2610712766445,99753,4575,2552,186,57,53404,28170,0.8177598668711717,3028,1682,17118,21854,17557,10193,7534,13660,48343,35790,0,0,4791,3201,14093,3286,11264,1685,2343,0,0,11322,39678,1234,6856,0,0,0,0,0
733,2786,734.0089217969556,99750,4647,2569,187,59,53930,28472,0.8260852130325814,3081,1701,16882,21741,17794,10396,7407,13532,48345,35793,0,0,4728,3175,13976,3305,11453,1735,2395,0,0,11614,39342,1221,6806,0,0,0,0,0
734,2786,735.1091218483608,99748,4760,2630,189,59,54745,28965,0.8392148213498015,3161,1729,16531,21535,18143,10709,7214,13336,48347,35796,0,0,4634,3115,13810,3371,11734,1817,2467,0,0,12036,38854,1197,6713,0,0,0,0,0
735,2786,736.1843701517457,99746,4841,2691,190,60,55593,29400,0.8520943195717121,3194,1778,16190,21356,18550,10966,7033,13147,48349,35799,0,0,4545,3052,13635,3420,12029,1891,2539,0,0,12465,38351,1178,6641,0,0,0,0,0
736,2786,737.2343457551838,99743,4975,2717,193,60,56459,29877,0.8655845522994094,3161,1835,15892,21167,18910,11283,6867,12936,48351,35802,0,0,4468,2994,13468,3477,12330,1984,2593,0,0,12893,37842,1155,6539,0,0,0,0,0
737,2786,738.26212591984,99740,5018,2794,195,61,57218,30332,0.8777822338079005,3243,1908,15594,20949,19265,11535,6683,12751,48353,35805,0,0,4389,2933,13308,3539,12598,2068,2653,0,0,13279,37369,1132,6472,0,0,0,0,0
738,2786,739.2683380657828,99735,5132,2856,197,64,58037,30789,0.8906201433799569,3248,1991,15344,20749,19577,11797,6500,12541,48355,35808,0,0,4298,2880,13155,3594,12890,2153,2717,0,0,13627,36928,1105,6388,0,0,0,0,0
739,2786,740.2551767277477,99732,5187,2950,199,65,58802,31274,0.9031805238037942,3295,2003,15065,20564,19913,12059,6339,12357,48357,35811,0,0,4221,2834,12992,3643,13176,2245,2774,0,0,14018,36463,1081,6285,0,0,0,0,0
740,2786,741.223593999131,99728,5267,3083,203,65,59584,31799,0.9163223969196214,3282,1965,14794,20393,20268,12336,6184,12156,48359,35814,0,0,4144,2781,12840,3703,13441,2337,2830,0,0,14388,36008,1052,6204,0,0,0,0,0
741,2786,742.1735749288806,99725,5316,3109,205,66,60373,32244,0.9287239909751818,3281,2007,14538,20214,20629,12633,6029,11969,48361,35817,0,0,4048,2732,12674,3760,13734,2427,2898,0,0,14792,35526,1023,6111,0,0,0,0,0
742,2786,743.1056511012935,99724,5388,3165,206,66,61178,32705,0.9414283422245397,3210,2015,14298,20046,20993,12896,5903,11810,48363,35820,0,0,3972,2679,12511,3832,14027,2524,2938,0,0,15150,35067,1000,6024,0,0,0,0,0
743,2786,744.0208663373052,99722,5399,3198,207,67,61908,33175,0.9534806762800586,3249,2039,14062,19857,21342,13194,5739,11643,48365,35823,0,0,3886,2633,12360,3862,14321,2619,2994,0,0,15544,34575,984,5944,0,0,0,0,0
744,2786,745.2174572009318,99719,5457,3258,209,68,62863,33785,0.9692034617274542,3253,2015,13744,19640,21744,13564,5591,11453,48367,35826,0,0,3786,2561,12134,3940,14749,2733,3057,0,0,15960,34024,955,5820,0,0,0,0,0
745,2786,746.0990907175678,99718,5471,3295,210,68,63555,34234,0.9806554483643876,3322,1988,13497,19486,22031,13853,5467,11308,48369,35829,0,0,3704,2515,11980,3973,15050,2826,3111,0,0,16287,33588,942,5742,0,0,0,0,0
746,2786,747.2552482928173,99717,5509,3314,211,68,64529,34782,0.9959284775915842,3332,2006,13179,19272,22482,14207,5285,11131,48371,35832,0,0,3601,2435,11778,4052,15407,2975,3174,0,0,16695,33029,919,5652,0,0,0,0,0
747,2786,748.1061789544506,99716,5561,3387,212,68,65263,35248,1.0079726423041437,3319,1971,12951,19117,22794,14465,5161,10990,48373,35835,0,0,3520,2400,11631,4082,15700,3071,3223,0,0,17008,32599,906,5576,0,0,0,0,0
748,2786,749.2220497237001,99709,5533,3416,217,70,66153,35828,1.022786308156736,3348,1964,12715,18929,23170,14811,5015,10808,48375,35838,0,0,3426,2334,11434,4138,16110,3200,3286,0,0,17405,32027,884,5465,0,0,0,0,0
749,2786,750.0468981649764,99708,5570,3451,217,71,66819,36270,1.0339090143218197,3366,1955,12499,18792,23435,15081,4911,10648,48377,35841,0,0,3359,2281,11294,4182,16358,3324,3324,0,0,17667,31656,867,5396,0,0,0,0,0
750,2786,751.1311572306577,99704,5562,3426,219,73,67666,36802,1.0477814330418038,3395,1985,12262,18583,23797,15460,4763,10471,48379,35844,0,0,3273,2221,11122,4227,16704,3478,3374,0,0,18054,31114,846,5291,0,0,0,0,0
751,2786,752.1987024814363,99703,5636,3460,220,73,68597,37345,1.0625758502753178,3320,1968,12024,18429,24158,15788,4640,10280,48381,35847,0,0,3187,2171,10940,4267,17063,3624,3422,0,0,18388,30605,829,5207,0,0,0,0,0
752,2786,753.250902123473,99699,5643,3447,222,75,69432,37849,1.0760489072107042,3291,2007,11843,18276,24495,16095,4504,10098,48383,35850,0,0,3111,2122,10776,4309,17433,3760,3456,0,0,18717,30097,813,5105,0,0,0,0,0
753,2786,754.0302241830184,99695,5700,3462,225,76,70100,38217,1.0864837755153218,3200,2042,11684,18150,24770,16277,4419,9991,48385,35852,0,0,3040,2087,10671,4328,17699,3848,3501,0,0,18949,29734,799,5039,0,0,0,0,0
754,2786,755.0553719450106,99694,5695,3474,225,77,70959,38766,1.1006178907456818,3187,1987,11442,17998,25162,16617,4287,9845,48387,35854,0,0,2966,2043,10520,4347,18055,4010,3536,0,0,19287,29206,783,4941,0,0,0,0,0
755,2786,756.065635040443,99691,5618,3511,227,78,71739,39289,1.113721399123291,3193,1983,11278,17851,25516,16914,4166,9661,48389,35856,0,0,2877,2004,10369,4378,18413,4153,3576,0,0,19576,28722,760,4863,0,0,0,0,0
756,2786,757.0628744333846,99688,5587,3477,229,79,72540,39766,1.1265749137308403,3131,1987,11114,17684,25889,17256,4048,9515,48391,35858,0,0,2811,1952,10208,4419,18736,4323,3597,0,0,19890,28241,743,4768,0,0,0,0,0
757,2786,758.0476841955215,99685,5625,3505,231,80,73332,40272,1.1396298339770277,3060,1932,10950,17560,26170,17548,3962,9373,48393,35860,0,0,2751,1911,10052,4455,19037,4482,3618,0,0,20157,27802,721,4699,0,0,0,0,0
758,2786,759.0216700738063,99684,5504,3482,231,81,74029,40734,1.1512680069018097,3109,1950,10804,17436,26496,17844,3854,9205,48395,35862,0,0,2680,1865,9906,4487,19356,4643,3645,0,0,20444,27337,699,4622,0,0,0,0,0
759,2786,760.2248843611935,99673,5525,3402,241,82,74996,41255,1.1663238790846067,3059,2025,10614,17273,26808,18194,3751,9022,48397,35864,0,0,2585,1807,9740,4536,19719,4836,3680,0,0,20761,26799,681,4529,0,0,0,0,0
760,2786,761.1774246288569,99669,5497,3392,244,83,75739,41727,1.1785610370325779,3071,2004,10483,17143,27044,18475,3659,8901,48399,35866,0,0,2530,1764,9564,4582,20050,4995,3689,0,0,21008,26376,661,4450,0,0,0,0,0
761,2786,762.1222469666004,99664,5531,3434,247,85,76479,42221,1.1910017659335368,3034,1961,10341,17033,27275,18737,3570,8748,48401,35868,0,0,2463,1726,9434,4603,20346,5154,3726,0,0,21209,25999,641,4363,0,0,0,0,0
762,2786,763.0589722562073,99659,5504,3453,250,87,77149,42646,1.2020489870458262,3029,1987,10242,16901,27489,18951,3484,8619,48403,35870,0,0,2409,1691,9312,4617,20609,5316,3749,0,0,21417,25637,623,4279,0,0,0,0,0
763,2786,764.2194751408614,99653,5501,3457,255,88,77991,43223,1.2163607718784182,3054,1954,10080,16745,27731,19266,3377,8488,48405,35872,0,0,2338,1651,9132,4627,20956,5509,3774,0,0,21697,25154,607,4208,0,0,0,0,0
764,2786,765.1403112118721,99651,5474,3446,255,90,78677,43701,1.2280659501660796,3006,1888,9964,16626,28008,19562,3291,8386,48406,35874,0,0,2284,1617,8981,4663,21229,5687,3782,0,0,21922,24748,590,4148,0,0,0,0,0
765,2786,766.0536848859118,99650,5349,3415,255,91,79303,44135,1.2387155042649272,2998,1839,9883,16541,28315,19838,3198,8274,48407,35876,0,0,2219,1577,8842,4685,21527,5869,3804,0,0,22092,24374,576,4085,0,0,0,0,0
766,2786,767.1848386055033,99649,5295,3363,256,91,80114,44656,1.2520948529337976,2946,1807,9764,16423,28647,20183,3090,8131,48408,35878,0,0,2167,1528,8694,4733,21856,6083,3802,0,0,22319,23904,549,4014,0,0,0,0,0
767,2786,768.0820537219115,99645,5260,3307,259,92,80746,45033,1.2622710622710622,2901,1816,9663,16323,28875,20412,3040,8048,48409,35880,0,0,2129,1492,8583,4771,22096,6273,3793,0,0,22439,23580,538,3951,0,0,0,0,0
768,2786,769.1948576667314,99642,5122,3263,260,94,81505,45523,1.2748439413098893,2872,1844,9578,16205,29216,20700,2950,7892,48410,35882,0,0,2057,1450,8424,4801,22437,6486,3805,0,0,22642,23144,519,3877,0,0,0,0,0
769,2786,770.0779612478216,99641,5113,3285,261,94,82119,45957,1.2853744944350218,2830,1779,9497,16136,29409,20912,2888,7792,48411,35884,0,0,2022,1420,8322,4817,22668,6655,3793,0,0,22783,22822,510,3829,0,0,0,0,0
770,2786,771.1750814321347,99638,5097,3296,264,94,82899,46476,1.2984503904132962,2771,1727,9397,16063,29662,21163,2807,7655,48412,35886,0,0,1979,1375,8178,4834,22957,6869,3789,0,0,22988,22406,502,3761,0,0,0,0,0
771,2786,772.0471396087905,99634,5076,3230,264,98,83508,46857,1.3084388863239456,2723,1680,9337,16012,29844,21425,2754,7553,48413,35888,0,0,1942,1355,8064,4836,23225,7044,3780,0,0,23100,22092,491,3705,0,0,0,0,0
772,2786,773.1313625962644,99632,4971,3256,266,98,84203,47351,1.3203990685723461,2684,1626,9280,15934,30093,21654,2704,7430,48414,35890,0,0,1887,1327,7930,4829,23496,7287,3788,0,0,23223,21751,483,3631,0,0,0,0,0
773,2786,774.2084032133642,99630,4869,3175,267,99,84861,47776,1.331295794439426,2680,1676,9168,15819,30376,21907,2638,7322,48415,35892,0,0,1842,1287,7815,4849,23757,7520,3788,0,0,23365,21383,470,3554,0,0,0,0,0
774,2786,775.0645698509105,99626,4872,3176,268,102,85445,48144,1.3409049846425631,2632,1690,9113,15718,30531,22077,2582,7235,48416,35894,0,0,1806,1258,7723,4864,23960,7685,3790,0,0,23461,21106,454,3519,0,0,0,0,0
775,2786,776.129428132065,99625,4861,3136,269,102,86156,48583,1.3524617314930991,2552,1639,9042,15667,30741,22321,2533,7133,48417,35896,0,0,1752,1234,7612,4860,24215,7908,3807,0,0,23577,20760,447,3453,0,0,0,0,0
776,2786,777.1886061377254,99623,4771,3109,271,102,86819,49047,1.363801531774791,2490,1592,9003,15605,30988,22558,2475,7032,48418,35898,0,0,1718,1201,7499,4865,24464,8137,3797,0,0,23732,20380,436,3394,0,0,0,0,0
777,2786,778.0320018348722,99621,4767,3054,272,103,87359,49378,1.3725720480621555,2430,1610,8971,15521,31133,22748,2425,6962,48419,35900,0,0,1684,1178,7389,4863,24690,8302,3792,0,0,23810,20132,429,3352,0,0,0,0,0
778,2786,779.0813579303854,99620,4677,3019,272,104,87991,49798,1.3831459546275848,2421,1604,8895,15441,31364,22973,2369,6857,48420,35902,0,0,1645,1147,7281,4857,24936,8524,3776,0,0,23920,19817,420,3297,0,0,0,0,0
779,2786,780.1251837244744,99618,4601,2964,273,105,88624,50231,1.3938746009757272,2369,1559,8841,15379,31592,23239,2322,6752,48421,35904,0,0,1610,1126,7178,4858,25180,8756,3761,0,0,24023,19484,407,3235,0,0,0,0,0
780,2786,781.1638402100361,99615,4532,2920,275,106,89245,50621,1.404065652763138,2281,1539,8792,15308,31851,23463,2267,6662,48422,35906,0,0,1581,1099,7054,4872,25443,8961,3737,0,0,24097,19185,402,3184,0,0,0,0,0
781,2786,782.1968715847901,99614,4453,2907,276,106,89826,51005,1.4137671411648964,2254,1551,8765,15233,32024,23637,2226,6564,48423,35908,0,0,1544,1072,6956,4883,25674,9166,3728,0,0,24141,18927,394,3129,0,0,0,0,0
782,2786,783.0202198972718,99612,4440,2938,278,106,90313,51357,1.4222182066417701,2227,1489,8724,15205,32139,23774,2190,6486,48424,35910,0,0,1520,1057,6887,4888,25865,9314,3715,0,0,24177,18711,386,3092,0,0,0,0,0
783,2786,784.0461648503041,99609,4377,2891,281,106,90884,51734,1.4317782529691092,2169,1466,8703,15186,32320,23939,2148,6410,48425,35912,0,0,1480,1036,6790,4893,26124,9500,3699,0,0,24206,18450,381,3050,0,0,0,0,0
784,2786,785.068280202733,99606,4271,2815,282,108,91452,52116,1.4413589542798626,2110,1446,8674,15123,32567,24155,2094,6351,48426,35914,0,0,1435,1003,6687,4909,26354,9713,3696,0,0,24289,18143,373,3004,0,0,0,0,0
785,2786,786.0854008174294,99606,4134,2818,282,108,91956,52504,1.4503142380981064,2133,1455,8635,15065,32759,24285,2055,6267,48427,35916,0,0,1403,975,6607,4925,26537,9932,3678,0,0,24318,17903,363,2965,0,0,0,0,0
786,2786,787.098429112262,99604,4061,2784,283,109,92481,52866,1.4592486245532308,2123,1418,8608,15041,32911,24453,2012,6193,48428,35918,0,0,1371,952,6514,4929,26745,10133,3664,0,0,24348,17669,353,2926,0,0,0,0,0
787,2786,788.1085388919876,99604,3986,2706,283,109,93031,53219,1.4683145255210635,2034,1422,8600,14999,33117,24648,1978,6114,48429,35920,0,0,1342,927,6423,4948,26945,10351,3638,0,0,24388,17411,345,2886,0,0,0,0,0
788,2786,789.1146855545009,99601,3894,2702,285,110,93522,53598,1.4770936034778768,2017,1357,8609,14961,33254,24809,1939,6059,48430,35922,0,0,1318,909,6334,4942,27139,10563,3625,0,0,24397,17188,339,2847,0,0,0,0,0
789,2786,790.1187205815829,99600,3893,2661,286,110,94055,53926,1.4857530120481928,1930,1354,8575,14906,33406,24974,1908,5993,48431,35924,0,0,1285,879,6267,4964,27306,10735,3622,0,0,24453,16941,330,2818,0,0,0,0,0
790,2786,791.1198339113806,99599,3850,2602,287,110,94535,54245,1.4937900982941597,1878,1344,8564,14897,33545,25134,1874,5911,48432,35926,0,0,1269,862,6191,4963,27483,10928,3601,0,0,24491,16715,323,2773,0,0,0,0,0
791,2786,792.1183419144365,99597,3714,2555,289,110,94977,54571,1.501531170617589,1905,1289,8542,14858,33709,25326,1839,5860,48433,35928,0,0,1237,843,6104,4959,27661,11128,3587,0,0,24542,16483,319,2734,0,0,0,0,0
792,2786,793.1140247537135,99594,3590,2485,290,112,95416,54897,1.5092575857983412,1873,1234,8517,14807,33909,25563,1819,5797,48434,35930,0,0,1209,815,6021,4962,27866,11323,3568,0,0,24559,16266,311,2694,0,0,0,0,0
793,2786,794.1072710470577,99594,3546,2436,290,112,95882,55209,1.517069301363536,1862,1202,8528,14782,33979,25742,1793,5724,48435,35932,0,0,1186,796,5943,4971,28014,11529,3554,0,0,24560,16082,302,2657,0,0,0,0,0
794,2786,795.0994627188134,99593,3509,2378,291,112,96344,55491,1.5245549386001025,1832,1190,8532,14802,34073,25862,1761,5654,48436,35934,0,0,1166,781,5876,4959,28145,11737,3542,0,0,24536,15921,298,2632,0,0,0,0,0
795,2786,796.0903855707294,99591,3474,2330,292,113,96777,55770,1.5317347953128295,1812,1158,8539,14819,34145,25988,1736,5590,48437,35936,0,0,1140,759,5811,4948,28295,11917,3541,0,0,24532,15749,295,2604,0,0,0,0,0
796,2786,797.0805821813173,99589,3373,2290,292,115,97167,56059,1.5385835785076665,1806,1132,8555,14808,34255,26121,1717,5532,48438,35938,0,0,1128,745,5748,4957,28388,12135,3516,0,0,24534,15573,291,2574,0,0,0,0,0
797,2786,798.0693820640889,99587,3380,2230,294,115,97610,56339,1.5458744615261029,1775,1101,8570,14828,34293,26257,1686,5467,48439,35940,0,0,1108,737,5689,4962,28508,12320,3490,0,0,24543,15408,285,2537,0,0,0,0,0
798,2786,799.0577132662905,99586,3354,2189,294,116,98040,56603,1.5528588355792983,1743,1107,8557,14818,34379,26366,1671,5402,48440,35942,0,0,1086,724,5644,4967,28646,12485,3481,0,0,24537,15234,278,2504,0,0,0,0,0
799,2786,800.044770695858,99584,3307,2178,295,117,98450,56907,1.5600598489717223,1703,1086,8592,14810,34452,26462,1649,5345,48441,35944,0,0,1067,708,5591,4967,28781,12661,3465,0,0,24535,15069,272,2468,0,0,0,0,0
800,2786,801.0306596158547,99584,3272,2145,295,117,98845,57173,1.5666974614395888,1659,1070,8584,14798,34555,26571,1633,5297,48442,35946,0,0,1051,699,5548,4943,28906,12838,3454,0,0,24526,14901,271,2447,0,0,0,0,0
801,2786,802.0150984586193,99583,3215,2100,295,118,99273,57405,1.5733408312663808,1650,1079,8592,14803,34635,26655,1611,5243,48443,35948,0,0,1030,683,5493,4917,29037,13022,3451,0,0,24511,14746,268,2425,0,0,0,0,0
802,2786,803.194968260116,99583,3134,2052,295,118,99731,57711,1.581012823473886,1620,1057,8594,14817,34772,26782,1583,5172,48444,35950,0,0,1007,675,5440,4914,29179,13243,3433,0,0,24480,14556,264,2392,0,0,0,0,0
803,2786,804.1763654092961,99582,3062,1992,296,118,100120,57946,1.5872948926512824,1591,1028,8609,14815,34873,26907,1567,5138,48445,35952,0,0,995,664,5390,4915,29288,13427,3410,0,0,24489,14386,255,2363,0,0,0,0,0
804,2786,805.1566135415936,99581,3011,1966,296,119,100500,58200,1.5936775087617117,1558,1021,8627,14830,34953,26982,1553,5080,48446,35954,0,0,983,654,5338,4889,29423,13605,3397,0,0,24453,14251,251,2337,0,0,0,0,0
805,2786,806.1358635432297,99580,2972,1967,297,119,100887,58458,1.600170717011448,1498,996,8646,14846,35049,27040,1536,5030,48447,35956,0,0,967,639,5299,4877,29534,13762,3385,0,0,24459,14107,240,2311,0,0,0,0,0
806,2786,807.1137639783391,99577,2867,1917,297,122,101239,58685,1.6060335217972022,1487,1003,8669,14824,35166,27146,1512,4986,48448,35957,0,0,953,625,5247,4863,29653,13940,3371,0,0,24445,13945,239,2296,0,0,0,0,0
807,2786,808.090665211582,99577,2841,1863,297,122,101607,58916,1.612048967130964,1459,971,8713,14828,35197,27263,1491,4951,48449,35958,0,0,943,616,5198,4853,29765,14112,3355,0,0,24409,13809,237,2280,0,0,0,0,0
808,2786,809.0676881476957,99575,2769,1829,298,123,101942,59162,1.617916143610344,1434,940,8800,14831,35233,27369,1464,4906,48450,35959,0,0,933,606,5156,4836,29856,14294,3338,0,0,24404,13665,232,2255,0,0,0,0,0
809,2786,810.0454466024725,99575,2746,1807,298,123,102299,59406,1.6239517951292994,1382,910,8859,14844,35271,27456,1442,4858,48451,35960,0,0,921,599,5104,4823,29946,14467,3327,0,0,24385,13552,226,2225,0,0,0,0,0
810,2786,811.0230174562954,99572,2674,1752,299,125,102612,59602,1.6291126019362874,1376,930,8876,14859,35351,27523,1422,4809,48452,35961,0,0,907,586,5060,4814,30046,14620,3316,0,0,24363,13426,224,2210,0,0,0,0,0
811,2786,812.000082923553,99570,2654,1735,300,126,102936,59840,1.6347895952596163,1314,879,8946,14882,35381,27601,1403,4775,48453,35962,0,0,896,580,5018,4812,30092,14800,3299,0,0,24343,13318,222,2190,0,0,0,0,0
812,2786,813.1728167230804,99567,2574,1706,302,127,103312,60106,1.6412867717215542,1271,834,8984,14919,35477,27685,1390,4727,48454,35963,0,0,880,568,4963,4795,30172,15013,3290,0,0,24323,13181,219,2163,0,0,0,0,0
813,2786,814.1494178793719,99567,2509,1707,302,127,103606,60334,1.6465294726164292,1258,810,9020,14967,35536,27715,1373,4672,48455,35964,0,0,865,563,4928,4784,30249,15169,3280,0,0,24291,13072,218,2148,0,0,0,0,0
814,2786,815.1255501117229,99566,2502,1665,303,127,103936,60511,1.6516381093947734,1226,813,9048,14986,35564,27766,1355,4641,48456,35965,0,0,848,560,4892,4777,30315,15318,3265,0,0,24281,12965,216,2129,0,0,0,0,0
815,2786,816.1015487663914,99564,2470,1620,303,129,104254,60699,1.6567534450202885,1184,824,9092,15039,35606,27795,1343,4591,48457,35966,0,0,838,550,4854,4773,30396,15470,3254,0,0,24255,12855,210,2109,0,0,0,0,0
816,2786,817.0776815621193,99564,2424,1593,303,129,104559,60897,1.6618054718572979,1148,807,9145,15047,35649,27867,1329,4555,48458,35967,0,0,825,540,4811,4783,30494,15608,3235,0,0,24210,12752,206,2100,0,0,0,0,0
817,2786,818.0536620475277,99564,2361,1574,303,129,104831,61094,1.6665160098027398,1147,791,9173,15106,35696,27890,1318,4508,48459,35968,0,0,817,535,4778,4762,30567,15764,3224,0,0,24161,12661,205,2090,0,0,0,0,0
818,2786,819.0298122072265,99563,2308,1521,303,130,105125,61273,1.6712835089340419,1121,796,9224,15140,35739,27940,1303,4471,48460,35969,0,0,803,528,4746,4747,30617,15941,3212,0,0,24119,12573,203,2074,0,0,0,0,0
819,2786,820.0059297930771,99561,2252,1517,303,132,105395,61480,1.6761081146231958,1097,783,9275,15171,35784,27961,1287,4434,48461,35970,0,0,792,523,4708,4739,30711,16066,3200,0,0,24085,12477,201,2059,0,0,0,0,0
820,2786,821.1771450246509,99558,2194,1493,304,134,105725,61702,1.6817031278249865,1092,801,9327,15205,35816,27985,1265,4380,48462,35971,0,0,777,519,4678,4737,30792,16240,3183,0,0,24033,12368,195,2036,0,0,0,0,0
821,2786,822.1533889915033,99557,2161,1472,305,134,105975,61894,1.6861596874152496,1087,767,9378,15231,35817,28041,1250,4353,48463,35972,0,0,772,516,4642,4715,30880,16368,3175,0,0,24000,12275,193,2021,0,0,0,0,0
822,2786,823.1299408150356,99557,2114,1428,305,134,106241,62077,1.6906696666231404,1071,750,9419,15269,35847,28099,1242,4318,48464,35973,0,0,764,508,4612,4716,30934,16521,3162,0,0,23974,12171,193,2002,0,0,0,0,0
823,2786,824.1069859647016,99555,2071,1399,306,135,106495,62246,1.6949525387976496,1049,738,9458,15317,35881,28128,1233,4281,48465,35974,0,0,754,501,4573,4713,31018,16642,3142,0,0,23937,12097,190,1988,0,0,0,0,0
824,2786,825.0845763931818,99553,2046,1356,308,135,106766,62409,1.6993460769640292,1019,708,9529,15358,35876,28189,1220,4252,48466,35975,0,0,744,494,4547,4696,31078,16781,3130,0,0,23913,12008,190,1972,0,0,0,0,0
825,2786,826.063056781362,99552,1983,1295,308,136,106988,62574,1.70325056252009,992,707,9605,15404,35903,28225,1207,4231,48467,35976,0,0,736,493,4518,4678,31156,16913,3120,0,0,23883,11914,186,1955,0,0,0,0,0
826,2786,827.0421493335376,99552,1937,1282,308,136,107219,62726,1.7070977981356477,957,688,9650,15458,35950,28241,1196,4193,48468,35977,0,0,727,485,4494,4667,31224,17018,3110,0,0,23871,11828,185,1943,0,0,0,0,0
827,2786,828.0217045113071,99552,1901,1254,308,136,107429,62887,1.710824493731919,962,660,9724,15524,35915,28257,1188,4167,48469,35978,0,0,718,480,4462,4652,31309,17125,3097,0,0,23835,11761,184,1929,0,0,0,0,0
828,2786,829.0024489826146,99551,1846,1234,308,137,107653,63057,1.7147994495283825,943,623,9775,15581,35949,28282,1177,4141,48470,35979,0,0,711,472,4440,4640,31375,17246,3085,0,0,23796,11688,184,1914,0,0,0,0,0
829,2786,830.1799662897508,99551,1811,1186,308,137,107945,63236,1.7195306928107201,919,620,9847,15645,35947,28301,1166,4109,48471,35980,0,0,700,469,4405,4615,31480,17387,3079,0,0,23736,11599,182,1899,0,0,0,0,0
830,2786,831.1622918925748,99551,1764,1188,308,137,108162,63387,1.7232272905344999,912,616,9919,15690,35937,28288,1158,4079,48472,35981,0,0,691,466,4383,4614,31516,17507,3067,0,0,23707,11533,180,1887,0,0,0,0,0
831,2786,832.1455655866196,99551,1730,1171,308,137,108378,63536,1.7268937529507489,873,600,10002,15715,35941,28321,1144,4054,48473,35982,0,0,687,459,4363,4609,31560,17617,3052,0,0,23683,11462,180,1879,0,0,0,0,0
832,2786,833.129857632464,99550,1685,1158,309,137,108591,63675,1.7304470115519839,862,595,10058,15746,35952,28328,1132,4034,48474,35983,0,0,680,453,4337,4590,31621,17732,3045,0,0,23641,11409,176,1866,0,0,0,0,0
833,2786,834.1147177924431,99548,1679,1150,311,137,108819,63821,1.7342387591915458,817,566,10123,15822,35946,28323,1122,4000,48475,35984,0,0,675,449,4319,4584,31662,17834,3035,0,0,23616,11343,174,1857,0,0,0,0,0
834,2786,835.100683231905,99544,1677,1166,313,139,109031,63984,1.7380756248493128,810,527,10183,15873,35902,28318,1113,3975,48476,35985,0,0,667,447,4304,4582,31715,17928,3023,0,0,23577,11285,174,1842,0,0,0,0,0
835,2786,836.0878459002414,99544,1631,1112,313,139,109212,64095,1.741009001044764,832,546,10238,15941,35885,28309,1099,3951,48477,35986,0,0,661,442,4278,4577,31758,18035,3016,0,0,23553,11219,171,1834,0,0,0,0,0
836,2786,837.0760321844813,99542,1552,1058,313,141,109421,64237,1.7445701312009,811,516,10332,15988,35903,28376,1087,3919,48478,35987,0,0,655,434,4251,4553,31814,18180,3007,0,0,23519,11145,170,1814,0,0,0,0,0
837,2786,838.0656429693488,99541,1530,1015,314,141,109633,64353,1.7478827819692389,764,512,10414,16047,35898,28385,1078,3898,48479,35988,0,0,649,431,4231,4537,31863,18292,3002,0,0,23481,11082,168,1805,0,0,0,0,0
838,2786,839.0564744712632,99541,1528,1023,314,141,109817,64497,1.7511779065912538,759,484,10490,16116,35835,28367,1072,3867,48480,35989,0,0,645,430,4211,4531,31879,18398,2994,0,0,23461,11028,167,1797,0,0,0,0,0
839,2786,840.0492332346718,99541,1507,999,314,141,110005,64614,1.7542419706452617,732,476,10560,16170,35819,28373,1066,3839,48481,35990,1,1,639,427,4196,4525,31928,18490,2977,0,0,23438,10970,166,1784,0,1,0,0,0
840,2786,841.0433734280557,99541,1493,972,314,141,110192,64729,1.7572758963643123,714,465,10642,16221,35778,28383,1057,3816,48482,35991,2,2,633,425,4172,4514,31933,18606,2969,0,0,23432,10915,166,1774,0,2,0,0,0
841,2786,842.0390143772696,99541,1471,963,314,141,110372,64837,1.7601691765202279,688,459,10715,16284,35760,28355,1050,3796,48483,35992,3,3,626,416,4154,4511,31965,18694,2964,0,0,23409,10867,165,1767,0,3,0,0,0
842,2786,843.0360837847783,99541,1408,941,314,141,110524,64941,1.762740981103264,682,471,10809,16332,35740,28338,1045,3775,48484,35993,4,4,623,414,4134,4510,31995,18792,2950,0,0,23384,10816,161,1757,1,3,1,0,0
843,2786,844.0346690148278,99541,1392,912,314,141,110682,65047,1.76539315457952,678,451,10866,16403,35709,28336,1039,3755,48485,35994,5,5,618,410,4116,4505,32017,18891,2943,0,0,23353,10777,161,1745,1,3,1,0,0
844,2786,845.0347603844225,99541,1351,877,314,141,110840,65163,1.768145789172301,670,439,10946,16466,35684,28346,1033,3729,48486,35995,6,6,612,409,4096,4499,32039,18993,2933,0,0,23339,10715,158,1743,1,3,1,0,0
845,2786,846.0364160907196,99539,1341,860,315,142,111011,65291,1.7711851636042155,655,429,11053,16520,35603,28340,1031,3707,48487,35996,7,7,611,402,4080,4503,32066,19090,2919,0,0,23298,10670,158,1736,1,4,1,0,0
846,2786,847.040445655954,99537,1326,842,316,143,111182,65394,1.7739734972924641,634,424,11108,16580,35590,28320,1024,3689,48488,35997,8,8,605,398,4061,4496,32101,19171,2908,0,0,23271,10630,156,1733,1,4,1,0,1
847,2786,848.0455425025943,99537,1316,823,316,143,111355,65499,1.7767664285642526,612,420,11197,16647,35538,28303,1019,3662,48489,35998,9,9,600,395,4046,4491,32114,19273,2903,0,0,23251,10581,155,1721,1,4,1,0,1
848,2786,849.052477969689,99536,1290,827,317,143,111507,65612,1.7794466323742164,618,397,11272,16704,35494,28285,1007,3642,48490,35999,10,10,597,389,4023,4487,32142,19354,2893,0,0,23240,10532,155,1717,1,4,1,0,1
849,2786,850.0612699145933,99535,1300,815,317,144,111687,65701,1.7821670769076203,580,412,11341,16745,35456,28256,1004,3626,48491,36000,11,11,596,388,4006,4474,32165,19434,2884,0,0,23232,10487,153,1708,1,5,1,0,1
850,2786,851.0712414656299,99535,1253,807,317,144,111839,65816,1.7848495504094037,563,386,11418,16817,35447,28242,1000,3602,48492,36001,12,12,592,385,3984,4461,32208,19525,2876,0,0,23191,10451,152,1701,1,6,1,0,1
851,2786,852.0829272226201,99534,1224,798,317,145,111969,65904,1.7870576888299476,559,390,11518,16873,35382,28207,998,3585,48493,36002,14,14,589,385,3970,4461,32226,19602,2868,0,0,23161,10415,151,1694,1,7,2,0,2
852,2786,853.096777952987,99533,1194,788,317,146,112101,66001,1.7893763877307023,556,379,11627,16926,35315,28194,989,3565,48494,36003,16,16,584,381,3957,4453,32245,19688,2864,0,0,23141,10373,149,1685,1,7,2,0,3
853,2786,854.112927261988,99533,1174,745,317,146,112253,66080,1.7916972260456332,537,390,11718,17006,35268,28167,984,3544,48495,36004,19,18,580,379,3946,4454,32246,19789,2852,0,0,23111,10335,148,1678,2,8,2,0,3
854,2786,855.1310175304842,99532,1142,743,318,146,112386,66183,1.7940863239963027,520,368,11799,17069,35236,28150,983,3522,48496,36005,23,21,573,375,3937,4455,32243,19884,2847,0,0,23083,10299,148,1670,2,10,2,0,4
855,2786,856.1509829113982,99532,1082,705,318,146,112511,66260,1.796115822047181,509,383,11898,17136,35213,28126,978,3502,48497,36006,28,25,569,374,3925,4452,32249,19981,2836,0,0,23071,10245,147,1663,2,10,3,0,5
856,2786,857.1725025753867,99532,1071,714,318,146,112654,66352,1.798476871759836,480,366,11988,17196,35167,28087,974,3489,48498,36007,34,30,568,374,3914,4439,32268,20057,2828,0,0,23046,10207,146,1660,2,12,5,0,6
857,2786,858.1959571762865,99532,1048,692,318,146,112793,66448,1.8008379214724912,471,348,12066,17262,35122,28072,973,3478,48499,36008,42,36,565,371,3903,4420,32286,20149,2825,0,0,23024,10160,145,1653,3,14,7,0,7
858,2786,859.0161812569227,99532,1029,671,318,146,112890,66505,1.8023851625607845,465,357,12124,17292,35090,28062,972,3470,48500,36009,51,43,562,369,3895,4418,32294,20212,2819,0,0,22997,10132,145,1647,3,23,8,0,8
859,2786,860.0430610757593,99532,994,653,318,146,113007,66591,1.8044247076317164,465,361,12201,17356,35043,28015,977,3467,48501,36010,63,51,559,368,3882,4407,32292,20303,2815,0,0,22978,10086,145,1645,3,28,9,0,12
860,2786,861.071546206268,99532,967,649,318,146,113134,66675,1.8065446288630793,447,350,12280,17435,35003,27953,983,3465,48502,36011,77,61,556,368,3872,4396,32316,20378,2805,0,0,22937,10057,144,1641,4,33,10,0,15
861,2786,862.1020213735694,99532,918,636,318,146,113232,66762,1.8084033275730418,464,332,12347,17497,34965,27918,986,3469,48503,36012,94,73,553,366,3854,4391,32347,20447,2794,0,0,22903,10023,144,1633,4,44,13,0,16
862,2786,863.1344883658264,99530,935,621,320,146,113351,66849,1.8105093941525168,440,332,12432,17565,34877,27868,994,3466,48504,36013,115,87,550,365,3837,4383,32372,20511,2786,0,0,22879,9993,143,1624,4,49,16,0,18
863,2786,864.1694552996787,99529,909,601,320,147,113458,66924,1.812356197691125,452,329,12511,17631,34798,27821,1008,3469,48505,36014,140,103,549,364,3826,4368,32381,20591,2784,0,0,22841,9955,141,1620,6,63,17,0,23
864,2786,865.2070935699811,99529,846,592,320,147,113558,66997,1.8140943845512363,461,333,12591,17701,34763,27748,1017,3477,48506,36015,170,122,545,362,3811,4355,32374,20688,2781,0,0,22813,9915,141,1614,7,76,19,0,28
865,2786,866.0384938239606,99529,857,599,320,147,113664,67062,1.815812476765566,438,319,12648,17739,34700,27697,1035,3497,48507,36016,206,143,541,361,3800,4350,32382,20745,2782,0,0,22770,9890,140,1612,7,93,22,0,34
866,2786,867.0801741002456,99528,852,578,320,148,113775,67138,1.8177095892613133,417,304,12727,17793,34631,27648,1051,3527,48508,36017,248,168,535,359,3785,4349,32383,20821,2771,0,0,22753,9848,140,1601,9,111,24,0,39
867,2786,868.1244550073849,99528,830,539,320,148,113883,67207,1.8194879832810866,428,304,12808,17845,34540,27610,1072,3552,48509,36018,297,196,532,359,3770,4339,32372,20923,2765,0,0,22725,9797,138,1594,10,132,27,0,45
868,2786,869.1717481291212,99527,816,543,321,148,113989,67281,1.821314819094316,406,287,12883,17925,34472,27508,1100,3587,48510,36019,354,228,528,356,3761,4333,32355,21018,2760,0,0,22677,9769,136,1589,11,149,29,0,56
869,2786,870.0113605016179,99527,802,531,321,148,114070,67330,1.8226209973173109,400,296,12936,17955,34401,27435,1138,3633,48511,36020,420,265,526,355,3745,4327,32324,21107,2754,0,0,22648,9738,136,1582,15,168,35,0,67
870,2786,871.0635327129745,99527,786,531,321,148,114172,67390,1.8242486963336582,390,294,13007,18016,34317,27322,1177,3687,48512,36021,496,307,524,351,3731,4319,32292,21200,2751,0,0,22595,9700,136,1581,15,207,41,0,84
871,2786,872.1185426780988,99527,785,540,321,148,114278,67480,1.8262180111929427,376,280,13090,18076,34207,27209,1219,3745,48513,36022,583,354,524,351,3717,4311,32222,21328,2748,0,0,22540,9667,135,1577,16,244,50,0,97
872,2786,873.1774108979947,99527,768,528,321,148,114380,67557,1.8280165181307584,371,276,13175,18126,34101,27100,1262,3820,48514,36023,682,407,522,347,3707,4310,32159,21463,2739,0,0,22480,9626,135,1568,19,285,54,0,113
873,2786,874.0273218012973,99526,753,511,321,149,114465,67612,1.8294415529610353,370,272,13228,18138,34016,27013,1310,3915,48515,36024,794,466,521,346,3692,4297,32138,21563,2735,0,0,22397,9581,134,1561,21,344,60,0,136
874,2786,875.0930874105065,99526,718,502,321,149,114559,67686,1.8311295540863695,374,249,13310,18166,33909,26915,1366,4017,48516,36025,921,532,521,346,3675,4281,32088,21700,2729,0,0,22322,9526,134,1555,23,397,68,0,161
875,2786,876.1627018546347,99526,703,499,321,149,114658,67760,1.8328677933404336,354,238,13407,18208,33789,26778,1424,4126,48517,36026,1063,605,515,345,3655,4273,32000,21850,2729,0,0,22264,9482,133,1547,28,447,78,0,180
876,2786,877.021282557643,99526,702,487,321,149,114736,67814,1.8341940799389105,345,218,13430,18227,33702,26666,1498,4251,48518,36027,1222,686,515,341,3634,4272,31936,21966,2725,0,0,22187,9430,132,1541,32,514,92,0,209
877,2786,878.0982591404825,99525,700,468,321,150,114836,67862,1.8356995729716152,309,233,13506,18217,33583,26531,1579,4399,48519,36028,1399,775,512,338,3617,4266,31855,22104,2724,0,0,22092,9373,132,1530,41,593,104,0,244
878,2786,879.1792064942484,99524,694,453,322,150,114936,67924,1.8373457658454242,299,236,13565,18218,33455,26402,1663,4539,48520,36029,1596,873,509,336,3595,4267,31765,22244,2719,0,0,21991,9307,131,1517,47,698,115,0,283
879,2786,880.0473047538313,99524,670,440,322,150,115011,67979,1.83865198344118,290,229,13614,18186,33347,26269,1755,4724,48521,36030,1814,980,506,333,3570,4266,31669,22399,2712,0,0,21898,9234,130,1508,56,785,133,0,325
880,2786,881.1369353391889,99524,647,442,322,150,115082,68046,1.8400385836582132,303,217,13678,18189,33187,26080,1861,4920,48522,36031,2053,1097,504,333,3555,4258,31584,22552,2708,0,0,21765,9174,130,1495,63,897,141,0,365
881,2786,882.0123992970138,99524,647,437,322,150,115160,68091,1.8412744664603513,294,213,13711,18156,33050,25896,1974,5146,48523,36032,2315,1224,504,331,3532,4264,31450,22727,2698,0,0,21645,9119,130,1484,73,1008,157,0,402
882,2786,883.1119059974864,99523,600,419,323,150,115228,68144,1.8425087668177205,305,211,13763,18131,32914,25693,2093,5394,48524,36033,2601,1362,503,331,3511,4248,31350,22909,2694,0,0,21487,9039,130,1475,78,1136,171,0,461
883,2786,884.2165626951197,99523,602,416,323,150,115312,68204,1.8439556685389307,305,203,13792,18098,32745,25462,2231,5669,48525,36034,2912,1511,499,330,3476,4236,31216,23106,2693,0,0,21327,8970,130,1466,83,1284,196,0,511
884,2786,885.1045687378669,99523,594,410,323,150,115375,68243,1.8449805572581213,308,201,13823,18048,32570,25232,2380,5957,48526,36035,3249,1671,498,330,3455,4225,31050,23317,2688,0,0,21193,8879,129,1453,93,1411,215,0,587
885,2786,886.2209799071255,99523,588,411,323,150,115475,68309,1.8466485134089607,290,186,13877,18008,32387,24971,2533,6272,48527,36036,3612,1844,498,329,3426,4219,30909,23535,2680,0,0,21008,8787,128,1439,102,1566,237,0,660
886,2786,887.1190189894637,99522,580,395,323,151,115544,68341,1.8476819195755712,277,188,13890,17918,32220,24734,2708,6612,48528,36037,4002,2029,496,329,3390,4219,30756,23738,2676,0,0,20844,8680,128,1424,112,1715,265,0,750
887,2786,888.0222053588631,99522,572,377,323,151,115608,68373,1.8486465304153856,267,176,13914,17842,32034,24468,2888,6984,48529,36038,4419,2227,495,326,3362,4219,30553,23993,2671,0,0,20641,8599,128,1414,119,1898,286,0,818
888,2786,889.1584691620715,99521,544,358,323,152,115669,68419,1.8497402558254037,274,176,13959,17757,31817,24186,3081,7369,48530,36039,4863,2438,495,322,3329,4219,30350,24249,2664,0,0,20441,8489,128,1400,129,2088,315,0,903
889,2786,890.0736201177788,99521,561,347,323,152,115743,68459,1.8508857427075693,259,160,13970,17639,31596,23906,3289,7794,48531,36040,5334,2662,494,322,3299,4216,30113,24522,2660,0,0,20245,8393,128,1382,146,2278,341,0,982
890,2786,891.2262097973005,99521,540,334,323,152,115819,68513,1.85219199967846,257,165,14011,17557,31353,23573,3514,8217,48532,36041,5832,2899,493,321,3261,4213,29887,24807,2655,0,0,20021,8278,127,1360,162,2491,373,0,1072
891,2786,892.1550417043289,99521,530,336,323,152,115882,68552,1.8532169089940818,244,166,14006,17428,31152,23230,3743,8686,48533,36042,6356,3150,492,320,3217,4204,29651,25082,2652,0,0,19790,8169,127,1337,184,2720,411,0,1165
892,2786,893.0901737514084,99521,519,339,323,152,115939,68588,1.8541513851347957,241,159,14019,17307,30910,22863,3986,9178,48534,36043,6905,3414,491,319,3174,4198,29398,25373,2650,0,0,19540,8045,126,1329,190,2963,450,0,1275
893,2786,894.0326677294651,99521,518,334,323,152,116003,68626,1.8551762944504175,223,158,14029,17165,30663,22528,4242,9661,48535,36044,7478,3691,491,318,3117,4203,29141,25674,2643,0,0,19290,7939,126,1303,212,3196,497,0,1371
894,2786,895.2208903820996,99520,495,336,324,152,116062,68669,1.8562198553054663,224,160,14055,17018,30395,22157,4505,10175,48536,36045,8073,3982,489,317,3071,4198,28867,26003,2642,0,0,19011,7833,125,1283,229,3447,536,0,1469
895,2786,896.1796592994094,99519,487,329,324,153,116117,68704,1.8571428571428572,227,152,14040,16846,30130,21801,4790,10717,48537,36046,8689,4286,489,317,3022,4196,28562,26340,2636,0,0,18745,7701,124,1269,243,3706,581,0,1588
896,2786,897.1468622307649,99518,470,331,325,153,116158,68746,1.8579955384955484,237,137,14040,16667,29847,21447,5079,11263,48538,36047,9324,4602,489,314,2977,4191,28278,26667,2633,0,0,18476,7549,124,1254,253,3973,622,0,1718
897,2786,898.1232111821761,99517,448,325,326,153,116212,68774,1.8588381884502145,226,135,14014,16499,29601,21042,5383,11844,48539,36048,9976,4931,488,313,2933,4186,27978,27008,2626,0,0,18178,7411,124,1239,267,4262,663,0,1841
898,2786,899.1083211387053,99517,455,322,326,153,116272,68811,1.8598128962890763,218,135,14013,16304,29290,20643,5696,12441,48540,36049,10642,5271,488,311,2888,4185,27656,27369,2623,0,0,17870,7281,124,1220,285,4549,707,0,1961
899,2786,900.1036476809455,99516,443,311,327,153,116316,68827,1.8604345029944933,240,165,14064,16368,29245,20603,5679,12398,48540,36049,10642,5271,488,310,2884,4181,27661,27393,2621,0,0,17865,7268,124,1219,285,4550,707,0,1960
900,2786,900.1036476809455,99516,441,314,327,153,116329,68839,1.8606857188793762,242,160,13981,16120,28987,20235,6020,13016,48540,36049,11320,5623,488,310,2843,4184,27335,27725,2616,0,0,17565,7154,124,1196,308,4847,747,0,2074
901,2786,901.1089880575288,99516,436,300,327,153,116386,68869,1.8615599501587685,230,150,13943,15940,28723,19844,6339,13611,48540,36049,12008,5985,486,310,2794,4179,26993,28099,2613,2,14,17256,6997,124,1172,330,5139,791,3,2214
902,2786,902.1239949960224,99516,436,287,327,153,116450,68902,1.8625346677921137,203,158,13920,15740,28435,19448,6677,14212,48540,36049,12704,6357,484,310,2747,4179,26652,28481,2607,4,32,16945,6853,124,1153,349,5420,833,3,2340
903,2786,903.1494455474885,99516,418,290,327,153,116507,68953,1.8636199204148076,211,149,13889,15512,28131,19053,7022,14841,48540,36049,13405,6738,483,309,2690,4170,26292,28890,2603,5,44,16649,6715,124,1126,373,5691,883,4,2465
904,2786,904.1862243041328,99516,415,290,327,153,116555,68989,1.864464005788014,219,140,13870,15318,27789,18649,7378,15448,48540,36049,14108,7128,480,309,2633,4168,25960,29257,2601,8,51,16322,6567,124,1110,388,5990,938,7,2603
905,2786,905.235552216563,99515,387,283,328,153,116598,69027,1.8652966889413656,226,146,13833,15100,27496,18279,7728,16037,48540,36049,14811,7525,479,309,2572,4154,25609,29646,2599,9,64,16006,6411,124,1092,406,6288,994,9,2744
906,2786,906.0306044232206,99515,379,261,328,153,116640,69056,1.866010149223735,222,146,13824,14868,27150,17912,8095,16658,48540,36049,15511,7929,477,308,2511,4152,25259,30035,2597,11,77,15690,6261,123,1071,423,6581,1049,16,2874
907,2786,907.1052417841552,99515,387,258,328,153,116702,69089,1.8669647791790183,214,141,13801,14684,26810,17521,8458,17241,48540,36049,16207,8338,475,305,2458,4146,24906,30422,2596,13,88,15394,6108,123,1048,446,6859,1096,18,3014
908,2786,908.193722488805,99514,377,258,329,153,116756,69122,1.8678577888538297,211,140,13756,14520,26488,17099,8837,17828,48540,36049,16896,8752,474,304,2415,4141,24512,30838,2593,14,96,15119,5977,123,1022,472,7122,1137,25,3130
909,2786,909.0191187640736,99514,374,252,329,153,116796,69147,1.8685109632815484,201,138,13697,14304,26174,16742,9223,18409,48540,36049,17576,9170,474,304,2375,4135,24152,31226,2592,14,101,14821,5841,123,994,495,7404,1177,28,3258
910,2786,910.134240585483,99514,377,250,329,153,116848,69177,1.8693349679442088,199,129,13697,14167,25814,16344,9582,18955,48540,36049,18245,9590,471,303,2323,4130,23791,31620,2590,17,109,14516,5718,123,972,516,7688,1226,32,3369
911,2786,911.2651397191643,99514,361,254,329,153,116882,69213,1.8700383865586752,204,118,13668,14007,25478,15978,9958,19488,48540,36049,18901,10012,471,302,2257,4130,23444,32002,2586,17,114,14232,5586,122,951,533,7954,1285,34,3494
912,2786,912.1235781688758,99514,356,258,329,153,116915,69245,1.8706915609863939,227,109,13607,13817,25138,15646,10341,20015,48540,36049,19544,10435,467,302,2203,4126,23128,32342,2585,21,114,13952,5435,122,918,562,8220,1338,37,3642
913,2786,913.2845051238701,99514,343,250,329,153,116969,69273,1.8715155656490543,219,118,13586,13686,24815,15276,10706,20515,48540,36049,20171,10858,466,301,2156,4123,22768,32743,2582,22,122,13670,5315,122,901,576,8477,1379,41,3750
914,2786,914.1657436450995,99514,348,253,329,153,117016,69297,1.8722290331008702,208,114,13523,13507,24502,14912,11088,21059,48540,36049,20782,11280,465,301,2108,4124,22414,33120,2579,23,123,13371,5200,121,888,589,8759,1424,44,3861
915,2786,915.0582516496513,99513,326,242,329,154,117050,69326,1.8728809301297318,210,114,13479,13371,24195,14587,11459,21530,48540,36049,21376,11699,464,300,2067,4124,22076,33485,2571,24,129,13083,5083,121,870,605,9032,1463,51,3965
916,2786,916.2651525998131,99513,338,231,329,154,117114,69362,1.8738858239626983,190,116,13447,13246,23875,14265,11819,21986,48540,36049,21952,12116,463,298,2021,4128,21710,33878,2566,25,141,12828,4958,121,854,621,9266,1506,56,4073
917,2786,917.1816382241633,99513,335,232,329,154,117158,69395,1.8746595922140825,181,102,13409,13091,23558,13971,12186,22448,48540,36049,22509,12529,463,298,1980,4128,21385,34233,2559,25,145,12563,4853,121,832,642,9514,1542,59,4171
918,2786,918.1103165839498,99513,326,231,329,154,117196,69419,1.8752826263905218,178,93,13353,12961,23262,13684,12550,22875,48540,36049,23047,12937,462,298,1940,4125,21061,34588,2557,26,145,12303,4754,120,816,657,9757,1576,69,4259
919,2786,919.0510906447133,99513,312,223,329,154,117232,69445,1.875905660566961,175,89,13309,12838,22975,13411,12898,23283,48540,36049,23566,13340,460,298,1897,4118,20750,34936,2556,28,149,12041,4640,119,797,672,10002,1612,73,4365
920,2786,920.0042845462505,99513,314,199,329,154,117276,69464,1.87653874368173,172,94,13264,12737,22678,13135,13241,23679,48540,36049,24066,13738,458,296,1859,4118,20477,35242,2554,29,151,11789,4547,119,778,689,10232,1646,79,4450
921,2786,921.2933559582443,99513,324,198,329,154,117336,69494,1.8774431481314,159,87,13250,12680,22381,12863,13555,24016,48540,36049,24546,14129,458,296,1824,4113,20189,35562,2549,29,158,11556,4440,119,759,708,10449,1675,85,4544
922,2786,922.2721291027361,99513,315,188,329,154,117372,69516,1.8780259865545206,155,89,13207,12558,22115,12627,13877,24382,48540,36049,25007,14513,457,295,1786,4111,19910,35868,2547,30,161,11336,4343,119,742,723,10654,1708,91,4632
923,2786,923.262885077178,99513,302,198,329,154,117402,69541,1.8785786781626521,155,96,13204,12491,21825,12372,14183,24687,48540,36049,25449,14890,457,295,1752,4102,19640,36164,2547,30,165,11099,4252,118,727,736,10880,1739,96,4714
924,2786,924.2666042660652,99513,301,199,329,154,117445,69562,1.8792218102157507,147,92,13190,12413,21545,12137,14486,25003,48540,36049,25872,15259,457,293,1716,4105,19361,36465,2542,30,168,10895,4166,117,719,742,11069,1775,99,4794
925,2786,925.2833744590453,99513,287,189,329,154,117478,69588,1.879814697577201,147,79,13145,12353,21308,11929,14782,25294,48540,36049,26277,15620,457,293,1678,4101,19094,36765,2540,30,173,10704,4080,117,706,753,11241,1807,106,4868
926,2786,926.3121898880811,99513,268,191,329,154,117509,69618,1.8804276828153106,145,69,13141,12298,21039,11708,15076,25578,48540,36049,26664,15973,456,293,1643,4092,18866,37030,2539,31,176,10487,4001,117,694,763,11436,1839,114,4936
927,2786,927.005345037211,99512,266,188,330,154,117536,69630,1.8808384918401801,135,65,13092,12205,20805,11516,15370,25870,48540,36049,27033,16317,455,292,1614,4090,18591,37320,2538,32,175,10314,3940,117,682,775,11599,1866,120,4992
928,2786,928.0596769727491,99512,270,173,330,154,117571,69643,1.8813208457271484,129,81,13090,12146,20532,11346,15647,26098,48540,36049,27385,16652,454,291,1571,4088,18354,37578,2536,33,178,10143,3864,117,672,784,11759,1905,126,5059
929,2786,929.1278213225726,99512,258,174,330,154,117596,69678,1.881923788085859,132,72,13089,12128,20279,11167,15910,26303,48540,36049,27721,16978,453,291,1548,4081,18149,37812,2533,34,180,9960,3787,117,660,794,11928,1925,135,5125
930,2786,930.2095976239438,99512,262,170,330,154,117631,69697,1.8824664362086985,126,66,13092,12089,20030,11007,16158,26512,48540,36049,28041,17295,453,290,1520,4079,17959,38030,2529,34,180,9769,3723,117,644,808,12106,1947,140,5184
931,2786,931.304687414822,99512,252,159,330,154,117669,69716,1.8830392314494735,125,64,13112,12089,19797,10842,16382,26690,48540,36049,28346,17603,450,289,1499,4078,17736,38274,2525,37,185,9595,3664,117,635,816,12270,1964,148,5230
932,2786,932.0420874056808,99512,254,153,330,154,117693,69728,1.8834009968646996,119,67,13081,12080,19582,10665,16632,26879,48540,36049,28636,17901,450,289,1475,4076,17537,38493,2524,37,185,9443,3613,117,623,827,12409,1985,153,5276
933,2786,933.1628263889878,99512,256,139,330,154,117727,69744,1.883903448830292,115,71,13112,12130,19340,10502,16845,27002,48540,36049,28912,18190,450,289,1453,4076,17336,38713,2521,37,187,9308,3554,117,617,832,12531,2005,164,5322
934,2786,934.2973685421056,99512,248,141,330,154,117766,69769,1.8845465873462497,98,71,13128,12148,19145,10355,17049,27129,48540,36049,29174,18470,449,289,1429,4076,17149,38922,2517,38,187,9166,3498,117,603,842,12661,2027,170,5372
935,2786,935.0608840353531,99512,240,134,330,154,117789,69783,1.8849184018007878,89,66,13128,12136,18936,10225,17275,27283,48540,36049,29423,18741,448,289,1419,4076,16959,39128,2514,38,190,9045,3446,117,596,847,12772,2037,175,5416
936,2786,936.220518466883,99512,231,134,330,154,117824,69800,1.8854409518450037,77,63,13174,12154,18732,10105,17454,27388,48540,36049,29660,19003,448,289,1398,4070,16796,39311,2514,38,188,8911,3402,117,583,860,12895,2055,182,5455
937,2786,937.0012409017527,99511,221,129,330,155,117844,69809,1.885751323974234,89,68,13179,12127,18528,9974,17651,27545,48540,36049,29885,19256,447,289,1381,4063,16632,39488,2513,39,191,8781,3367,117,576,866,13020,2072,187,5482
938,2786,938.1865293297226,99511,217,128,330,155,117877,69828,1.8862738792696285,76,64,13225,12173,18340,9833,17810,27645,48540,36049,30099,19501,447,288,1367,4059,16488,39648,2512,39,190,8667,3327,117,562,879,13127,2085,195,5514
939,2786,939.3851953205381,99511,213,118,330,155,117907,69848,1.886776336284431,80,59,13262,12212,18141,9734,17972,27720,48540,36049,30302,19737,445,288,1349,4055,16349,39812,2510,41,189,8553,3290,117,554,885,13227,2100,207,5540
940,2786,940.1919407758428,99511,203,114,330,155,117923,69860,1.8870577122127201,81,59,13258,12193,17980,9625,18146,27852,48540,36049,30495,19965,444,287,1333,4053,16206,39970,2508,42,189,8452,3258,117,550,889,13318,2116,214,5565
941,2786,941.0022117475595,99511,183,104,330,155,117935,69870,1.8872787932992332,83,57,13270,12208,17818,9533,18314,27941,48540,36049,30678,20184,444,287,1316,4048,16087,40109,2504,42,193,8346,3218,117,544,893,13419,2129,218,5597
942,2786,942.2109363951231,99511,164,98,330,155,117962,69882,1.8876707097707792,79,60,13315,12246,17656,9426,18454,28013,48540,36049,30852,20395,443,286,1298,4041,15955,40266,2504,43,192,8261,3181,117,542,895,13490,2145,225,5627
943,2786,943.011840804428,99511,154,104,330,155,117974,69898,1.8879520856990684,88,52,13317,12254,17501,9345,18608,28088,48540,36049,31017,20599,442,286,1285,4037,15826,40409,2503,44,195,8180,3148,117,537,900,13565,2155,228,5654
944,2786,944.2016608260883,99511,149,110,330,155,118004,69916,1.8884344444332788,80,46,13407,12310,17336,9239,18696,28138,48540,36049,31173,20795,442,286,1272,4040,15713,40546,2497,44,196,8076,3122,117,530,906,13651,2166,230,5677
945,2786,945.385511923463,99511,146,110,330,155,118027,69933,1.8888364100451207,84,42,13463,12376,17173,9153,18802,28162,48540,36049,31322,20984,442,286,1258,4042,15587,40680,2494,44,192,7993,3093,117,527,906,13730,2180,240,5700
946,2786,946.1711029453626,99511,152,104,330,155,118047,69937,1.8890775894122258,73,50,13482,12394,17035,9067,18926,28228,48540,36049,31463,21166,442,286,1246,4044,15475,40802,2491,43,189,7907,3064,117,524,908,13811,2190,245,5727
947,2786,947.3405775407872,99511,145,96,330,155,118066,69950,1.8893991619016992,68,48,13531,12470,16901,8996,19023,28233,48540,36049,31597,21341,442,286,1233,4044,15361,40932,2489,43,190,7841,3028,117,517,915,13865,2202,251,5755
948,2786,948.1169180172026,99511,148,93,330,155,118084,69957,1.8896503904091004,62,45,13552,12529,16771,8911,19135,28265,48540,36049,31724,21509,442,286,1225,4041,15253,41047,2489,43,192,7775,3007,117,512,920,13928,2209,253,5772
949,2786,949.2734840858716,99511,141,89,330,155,118103,69970,1.889971962898574,65,45,13625,12597,16620,8834,19217,28278,48540,36049,31845,21670,441,286,1217,4036,15165,41153,2488,44,194,7707,2978,117,509,923,13986,2215,257,5795
950,2786,950.0419379171959,99511,141,90,330,155,118118,69978,1.890203093125383,58,41,13638,12638,16504,8763,19327,28311,48540,36049,31960,21825,441,286,1204,4038,15063,41259,2486,44,194,7652,2953,117,502,929,14038,2228,260,5817
951,2786,951.1870793769187,99511,140,94,330,155,118135,69995,1.8905447638954487,58,32,13719,12705,16362,8694,19389,28318,48540,36049,32069,21974,441,286,1200,4039,14967,41366,2484,44,198,7590,2929,117,500,931,14093,2229,262,5835
952,2786,952.3283326762898,99511,134,84,330,155,118149,70006,1.89079599240285,63,30,13800,12816,16223,8629,19448,28284,48540,36049,32172,22117,441,286,1193,4037,14881,41469,2483,44,200,7537,2908,116,496,933,14137,2234,265,5851
953,2786,953.087246925635,99511,128,82,330,155,118162,70013,1.890996975208771,64,31,13829,12858,16113,8578,19534,28294,48540,36049,32270,22255,441,286,1190,4035,14817,41545,2482,44,202,7475,2882,116,491,938,14192,2235,266,5874
954,2786,954.2200529831435,99511,119,78,330,155,118172,70023,1.8911979580146918,64,29,13903,12942,15991,8527,19591,28267,48540,36049,32363,22387,441,285,1181,4036,14738,41639,2481,44,205,7421,2860,116,485,943,14234,2243,267,5892
955,2786,955.3494067670284,99511,116,75,330,155,118189,70031,1.891449186522093,61,29,13963,13053,15866,8453,19662,28233,48540,36049,32452,22514,441,285,1173,4038,14660,41729,2478,44,200,7381,2846,116,479,949,14264,2250,274,5904
956,2786,956.1002204709779,99511,114,64,330,155,118205,70032,1.8916200219071257,54,33,13984,13106,15787,8409,19729,28231,48540,36049,32536,22636,441,285,1169,4037,14587,41818,2477,44,199,7328,2830,116,477,949,14306,2254,276,5918
957,2786,957.2217318256133,99511,120,59,330,155,118223,70040,1.891881299554823,51,31,14062,13182,15658,8342,19777,28229,48540,36049,32616,22753,440,285,1163,4037,14521,41898,2477,45,200,7284,2818,116,474,951,14338,2259,276,5929
958,2786,958.3407056758572,99511,120,61,330,155,118242,70047,1.8921425772025202,47,33,14157,13280,15536,8279,19808,28190,48540,36049,32692,22866,440,284,1159,4040,14436,41990,2474,45,197,7251,2808,116,469,956,14366,2262,280,5938
959,2786,959.0856033948093,99511,121,62,330,155,118250,70054,1.8922933143069611,53,38,14187,13329,15450,8232,19857,28182,48540,36049,32765,22974,440,284,1151,4039,14370,42062,2474,45,195,7209,2795,116,466,959,14404,2269,282,5951
960,2786,960.199607399047,99511,123,61,330,155,118266,70066,1.8925746902352503,53,31,14268,13424,15336,8177,19888,28150,48540,36049,32834,23078,440,284,1142,4038,14302,42141,2474,45,197,7169,2779,116,462,962,14438,2275,284,5963
961,2786,961.312164164836,99511,121,65,330,155,118274,70076,1.8927555747605793,55,32,14365,13546,15228,8124,19899,28076,48540,36049,32900,23178,440,284,1133,4036,14247,42202,2473,45,197,7136,2761,116,462,961,14469,2284,287,5978
962,2786,962.0533842751023,99511,115,65,330,155,118280,70082,1.8928761644441319,55,33,14407,13612,15147,8080,19944,28053,48540,36049,32963,23274,440,283,1127,4036,14195,42258,2472,45,196,7104,2742,116,459,964,14499,2290,290,5995
963,2786,963.162313237321,99511,113,67,330,155,118295,70095,1.8931575403724212,55,24,14464,13711,15076,8033,19960,28008,48540,36049,33023,23366,440,282,1124,4038,14144,42320,2470,45,195,7072,2728,116,454,968,14523,2292,294,6006
964,2786,964.2705231206688,99511,117,61,330,155,118316,70100,1.8934188180201184,42,26,14541,13798,14992,8008,19976,27950,48540,36049,33080,23454,440,281,1118,4036,14100,42376,2469,45,195,7035,2716,116,451,970,14556,2295,301,6011
965,2786,965.0089091942552,99510,115,56,330,156,118326,70104,1.893578534820621,40,28,14586,13849,14918,7971,20009,27938,48540,36049,33134,23539,440,281,1112,4037,14064,42420,2468,45,196,6999,2708,116,446,974,14584,2301,304,6015
966,2786,966.1145797814879,99510,109,51,330,156,118342,70110,1.8937996181288312,34,33,14659,13969,14852,7909,20014,27880,48540,36049,33186,23621,440,281,1102,4034,14015,42478,2468,45,194,6968,2700,115,445,974,14613,2309,309,6020
967,2786,967.2201196484732,99510,104,48,330,156,118349,70118,1.8939503567480656,39,30,14759,14074,14761,7861,20005,27829,48540,36049,33235,23699,440,281,1093,4034,13983,42520,2467,45,194,6931,2691,115,443,976,14643,2316,312,6026
968,2786,968.3259047138478,99510,99,44,330,156,118359,70121,1.8940809968847352,42,29,14843,14178,14677,7819,20007,27772,48540,36049,33282,23774,439,280,1092,4032,13938,42571,2467,46,194,6905,2675,115,443,975,14668,2317,313,6040
969,2786,969.0629389450293,99510,97,45,330,156,118367,70127,1.8942216862626873,43,26,14902,14235,14610,7783,20016,27753,48540,36049,33327,23846,438,280,1087,4032,13899,42614,2465,47,194,6876,2667,115,443,974,14696,2322,315,6046
970,2786,970.1680306881436,99510,97,47,330,156,118383,70135,1.8944628680534619,30,24,14999,14347,14534,7738,20008,27686,48540,36049,33370,23916,438,280,1083,4030,13858,42669,2464,47,193,6847,2661,115,443,973,14716,2326,315,6052
971,2786,971.2738982693031,99510,90,46,330,156,118392,70143,1.8946337051552609,28,18,15088,14458,14455,7698,20007,27622,48540,36049,33411,23983,438,280,1079,4028,13819,42720,2463,47,193,6816,2654,115,443,973,14739,2329,318,6056
972,2786,972.2672448512142,99510,84,42,330,156,118400,70147,1.8947542960506483,36,21,15166,14575,14385,7656,19997,27548,48540,36049,33450,24047,438,280,1076,4028,13784,42764,2462,47,196,6790,2643,115,442,974,14758,2331,319,6063
973,2786,973.0046993389379,99510,82,39,330,156,118408,70149,1.894854788463471,34,19,15229,14638,14330,7632,19993,27514,48540,36049,33487,24109,438,280,1074,4029,13752,42800,2460,47,196,6764,2633,115,440,976,14781,2333,320,6072
974,2786,974.347367556764,99510,78,37,330,156,118417,70153,1.8949854286001406,30,25,15353,14776,14246,7590,19961,27414,48540,36049,33523,24168,438,280,1069,4029,13728,42833,2460,47,196,6737,2627,115,439,977,14801,2336,321,6077
975,2786,975.0862327086412,99510,75,41,330,156,118421,70161,1.895106019495528,33,20,15393,14835,14195,7566,19972,27380,48540,36049,33557,24225,438,280,1063,4028,13700,42867,2460,47,196,6713,2620,115,438,978,14821,2341,322,6083
976,2786,976.2078579794778,99510,69,39,330,156,118429,70166,1.8952366596321977,39,20,15483,14928,14119,7533,19958,27322,48540,36049,33589,24280,438,280,1061,4025,13675,42901,2460,47,194,6688,2613,115,436,979,14841,2343,326,6088
977,2786,977.1537919172298,99510,73,35,330,156,118446,70168,1.8954275952165611,28,22,15580,15013,14050,7502,19937,27270,48540,36049,33620,24333,437,280,1054,4022,13653,42935,2460,48,193,6666,2606,115,434,981,14856,2349,326,6095
978,2786,978.2634452656334,99510,73,40,330,156,118451,70175,1.8955481861119485,30,20,15633,15078,13987,7470,19945,27234,48540,36049,33650,24384,437,280,1054,4022,13628,42963,2460,48,194,6641,2600,115,434,981,14878,2349,326,6100
979,2786,979.2638353346506,99510,74,41,330,156,118464,70181,1.895739121696312,33,20,15771,15201,13893,7429,19897,27151,48540,36049,33678,24433,437,280,1052,4020,13601,42993,2460,48,194,6620,2592,115,433,982,14898,2351,331,6103
980,2786,980.3327758457855,99510,69,33,330,156,118473,70182,1.8958396141091347,32,23,15854,15301,13847,7406,19866,27079,48540,36049,33705,24480,436,280,1045,4021,13572,43031,2459,49,194,6601,2584,115,433,982,14913,2353,333,6109
981,2786,981.0751608209885,99510,69,32,330,156,118478,70184,1.8959099587981108,33,24,15911,15368,13796,7379,19859,27039,48540,36049,33731,24525,436,280,1044,4022,13551,43054,2458,49,193,6583,2578,115,432,983,14929,2354,336,6113
982,2786,982.1891670126136,99510,71,39,330,156,118485,70194,1.8960807958999095,34,20,16003,15484,13720,7340,19840,26959,48540,36049,33756,24569,435,280,1041,4022,13525,43083,2458,50,194,6570,2575,115,431,984,14940,2356,336,6115
983,2786,983.3043658934848,99510,74,36,330,156,118498,70197,1.896241583760426,28,26,16109,15608,13654,7302,19803,26870,48540,36049,33780,24611,435,279,1040,4023,13503,43109,2458,50,194,6556,2566,115,430,985,14950,2357,337,6123
984,2786,984.0487624127265,99510,73,39,330,156,118504,70202,1.8963521254145312,34,24,16160,15671,13615,7272,19786,26836,48540,36049,33803,24651,434,279,1035,4023,13475,43139,2458,51,193,6540,2560,115,430,985,14965,2361,339,6128
985,2786,985.1141447410712,99510,67,42,330,156,118510,70209,1.8964827655512009,31,21,16246,15772,13553,7237,19771,26770,48540,36049,33825,24690,434,279,1031,4023,13454,43165,2455,51,194,6527,2557,115,430,985,14976,2365,340,6129
986,2786,986.2069017014514,99510,66,46,330,156,118515,70216,1.8966033564465883,31,18,16319,15858,13498,7208,19754,26712,48540,36049,33846,24728,434,279,1030,4023,13436,43187,2454,51,193,6510,2554,115,429,986,14990,2366,342,6131
987,2786,987.1188335729851,99510,61,43,330,156,118526,70221,1.8967641443071048,30,21,16435,16014,13436,7176,19706,26588,48540,36049,33866,24764,433,279,1027,4022,13421,43212,2452,52,194,6495,2547,115,429,986,14999,2368,348,6131
988,2786,988.2415917345514,99510,58,47,330,156,118534,70228,1.8969148829263391,33,25,16524,16137,13386,7147,19667,26486,48540,36049,33885,24799,433,279,1023,4020,13402,43236,2452,52,194,6484,2543,115,428,987,15008,2371,350,6133
989,2786,989.3662439266477,99510,54,43,330,156,118541,70237,1.8970756707868557,34,22,16628,16271,13325,7116,19627,26390,48540,36049,33904,24833,433,279,1021,4021,13388,43258,2451,52,194,6469,2539,115,426,989,15016,2373,354,6132
990,2786,990.117290262343,99510,56,44,330,156,118550,70242,1.8972163601648075,27,21,16689,16356,13286,7091,19610,26330,48540,36049,33922,24865,433,279,1020,4021,13369,43281,2451,52,195,6458,2532,115,426,988,15025,2373,354,6138
991,2786,991.2453270829803,99510,54,43,330,156,118555,70248,1.8973269018189127,29,18,16785,16474,13222,7063,19578,26244,48540,36049,33939,24896,433,279,1019,4021,13354,43303,2450,52,196,6446,2527,115,425,988,15033,2373,355,6141
992,2786,992.1457683726433,99510,52,40,330,156,118556,70252,1.897377148025324,35,16,16843,16534,13177,7042,19561,26210,48540,36049,33955,24926,433,279,1017,4021,13335,43324,2450,52,196,6438,2522,115,425,988,15039,2375,358,6143
993,2786,993.005943486352,99510,52,34,330,156,118563,70252,1.8974474927143001,34,19,16955,16665,13119,7008,19508,26116,48540,36049,33971,24955,433,279,1015,4020,13322,43343,2450,52,195,6424,2518,115,423,989,15049,2377,359,6147
994,2786,994.1211361580954,99510,56,33,330,156,118570,70255,1.8975479851271229,32,17,17019,16737,13075,6989,19486,26066,48540,36049,33986,24983,433,279,1014,4018,13316,43354,2450,52,195,6412,2515,115,422,989,15059,2378,359,6150
995,2786,995.3165434362505,99510,52,36,330,156,118577,70260,1.8976685760225103,33,20,17185,16892,12998,6943,19400,25951,48540,36049,34001,25010,433,279,1013,4017,13300,43374,2449,52,196,6403,2511,115,422,989,15067,2378,359,6153
996,2786,996.1727180962176,99510,49,36,330,156,118578,70262,1.8976987237463572,34,19,17240,16955,12962,6925,19383,25907,48540,36049,34015,25036,433,278,1009,4019,13289,43387,2447,52,196,6392,2507,115,422,989,15077,2382,359,6157
997,2786,997.3021433872387,99510,52,34,330,156,118588,70265,1.8978293638830268,29,22,17367,17073,12887,6897,19333,25816,48540,36049,34028,25061,433,278,1008,4017,13280,43400,2447,52,196,6383,2503,115,422,988,15086,2382,360,6160
998,2786,998.0647052725418,99510,49,39,330,156,118591,70271,1.8979198070545673,32,19,17428,17140,12848,6876,19311,25768,48540,36049,34041,25085,433,278,1008,4018,13268,43413,2446,52,196,6373,2500,115,422,988,15095,2382,360,6163
999,2786,999.3790054063115,99510,48,40,330,156,118597,70275,1.8980202994673903,34,21,17522,17257,12803,6842,19261,25682,48540,36049,34053,25108,432,278,1007,4019,13255,43428,2444,53,196,6367,2498,115,422,988,15100,2383,361,6164
1000,2786,1000.2909482967071,99510,53,40,330,156,118606,70280,1.8981609888453421,31,24,17623,17385,12745,6814,19216,25579,48540,36049,34065,25131,432,278,1004,4021,13244,43440,2443,53,197,6358,2493,114,422,988,15108,2386,361,6168
1001,2786,1001.0578140383,99510,52,37,330,156,118611,70282,1.8982313335343182,27,26,17688,17469,12707,6794,19194,25516,48540,36049,34077,25153,432,278,1001,4020,13236,43454,2443,53,197,6349,2491,114,422,988,15112,2389,361,6170
1002,2786,1002.2102697928616,99510,44,39,330,156,118621,70292,1.8984323183599638,20,21,17786,17585,12671,6770,19147,25427,48540,36049,34088,25174,432,278,998,4020,13222,43476,2442,53,198,6337,2489,114,422,988,15118,2391,362,6170
1003,2786,1003.292844064974,99510,39,34,330,156,118626,70293,1.8984926138076574,22,23,17893,17688,12626,6737,19088,25360,48540,36049,34099,25194,432,278,996,4016,13214,43491,2442,53,198,6325,2488,114,422,988,15127,2393,363,6170
1004,2786,1004.065160493897,99510,39,35,330,156,118631,70295,1.8985629584966335,26,23,17952,17784,12590,6713,19061,25287,48540,36049,34109,25214,432,278,995,4015,13204,43504,2441,53,198,6321,2484,114,421,989,15130,2394,364,6173
1005,2786,1005.2258076323099,99510,36,35,330,156,118636,70301,1.8986735001507387,28,22,18051,17917,12554,6688,18999,25180,48540,36049,34119,25233,431,278,994,4013,13197,43515,2440,54,198,6315,2479,114,421,989,15135,2395,368,6174
1006,2786,1006.0017047501342,99510,38,36,330,156,118643,70304,1.8987739925635614,26,21,18122,17995,12518,6670,18964,25120,48540,36049,34129,25251,431,278,993,4014,13190,43524,2438,54,199,6310,2476,114,420,989,15140,2396,368,6176
1007,2786,1007.1528542823485,99510,39,36,330,156,118653,70313,1.8989649281479248,29,17,18229,18122,12471,6644,18900,25023,48540,36049,34138,25269,430,277,992,4013,13178,43545,2438,55,199,6304,2474,114,419,989,15142,2395,368,6178
1008,2786,1008.0654879509874,99510,37,36,330,156,118658,70317,1.8990553713194653,29,18,18299,18202,12436,6626,18867,24960,48540,36049,34147,25286,430,277,991,4011,13169,43561,2438,55,199,6299,2472,114,419,989,15144,2394,368,6180
1009,2786,1009.1690487648018,99510,35,37,330,156,118666,70321,1.8991759622148527,24,16,18406,18303,12379,6609,18824,24877,48540,36049,34156,25303,430,277,990,4012,13154,43582,2437,55,199,6295,2468,114,419,989,15144,2393,368,6184
1010,2786,1010.2045884407903,99510,40,35,330,156,118671,70325,1.8992664053863932,22,17,18477,18400,12342,6595,18787,24795,48540,36049,34164,25319,430,277,990,4012,13141,43598,2437,55,198,6290,2468,114,419,989,15148,2392,370,6182
1011,2786,1011.177219875423,99510,41,30,330,156,118677,70327,1.8993467993166515,23,23,18615,18509,12282,6577,18707,24703,48540,36049,34172,25335,429,277,990,4012,13130,43614,2437,56,199,6283,2464,114,419,989,15150,2392,370,6185
1012,2786,1012.0359711952296,99510,39,32,330,156,118683,70331,1.8994472917294745,20,20,18707,18605,12237,6555,18665,24630,48540,36049,34180,25350,428,277,989,4013,13118,43628,2436,57,199,6280,2463,114,419,989,15153,2391,370,6186
1013,2786,1013.0530286150592,99510,37,35,330,156,118686,70337,1.899537734901015,19,15,18766,18659,12213,6554,18633,24579,48540,36049,34187,25365,428,277,988,4013,13111,43638,2436,57,199,6272,2462,114,418,990,15158,2392,371,6186
1014,2786,1014.264727912107,99510,35,37,330,156,118694,70343,1.899678424278967,21,13,18906,18797,12147,6518,18559,24477,48540,36049,34194,25379,428,277,988,4014,13103,43652,2435,57,200,6265,2461,114,418,990,15159,2392,371,6186
1015,2786,1015.0060981562904,99510,38,39,330,156,118698,70347,1.899758818209225,18,11,18934,18833,12126,6511,18552,24448,48540,36049,34201,25393,428,277,988,4014,13094,43662,2435,57,200,6261,2460,114,418,990,15163,2391,371,6187
1016,2786,1016.3289331875891,99510,36,36,330,156,118703,70352,1.899859310622048,21,11,19110,19020,12038,6468,18463,24307,48540,36049,34208,25406,428,277,988,4015,13087,43672,2434,57,201,6254,2459,114,418,990,15167,2391,374,6184
1017,2786,1017.1011675534257,99510,31,33,330,156,118703,70353,1.8998693598633303,23,12,19168,19076,12006,6452,18440,24269,48540,36049,34215,25419,428,277,988,4015,13075,43684,2434,57,201,6247,2458,114,418,990,15174,2391,376,6183
1018,2786,1018.3139168034406,99510,34,26,330,156,118711,70355,1.8999698522761532,18,19,19272,19208,11949,6429,18395,24160,48540,36049,34221,25432,428,276,986,4016,13068,43698,2434,57,201,6242,2457,114,418,989,15174,2392,378,6182
1019,2786,1019.1330577376782,99510,37,29,330,156,118717,70360,1.9000803939302582,16,15,19332,19287,11922,6412,18361,24099,48540,36049,34227,25444,428,276,986,4014,13062,43707,2434,57,201,6239,2455,114,418,989,15176,2392,378,6184
1020,2786,1020.0149900908552,99510,41,30,330,156,118724,70365,1.9002009848256456,14,11,19404,19354,11887,6394,18322,24053,48540,36049,34233,25456,428,276,985,4014,13056,43715,2434,57,201,6234,2454,114,418,989,15179,2393,380,6183
1021,2786,1021.0145042175819,99510,40,27,330,156,118728,70366,1.9002512310320572,13,12,19492,19458,11847,6374,18276,23971,48540,36049,34239,25467,428,276,983,4013,13053,43724,2434,57,201,6230,2453,114,417,989,15180,2394,382,6182
1022,2786,1022.1166276584828,99510,38,25,330,156,118731,70372,1.9003416742035977,17,7,19600,19575,11797,6351,18216,23884,48540,36049,34245,25478,428,276,982,4010,13050,43733,2434,57,201,6225,2452,114,417,989,15182,2395,383,6182
1023,2786,1023.2848285573896,99510,34,23,330,156,118733,70374,1.9003818711687268,17,9,19705,19652,11751,6330,18161,23828,48540,36049,34250,25489,428,276,982,4010,13044,43743,2433,57,201,6221,2452,114,417,989,15183,2395,384,6181
1024,2786,1024.1235593596402,99510,35,22,330,156,118739,70375,1.9004522158577029,17,13,19809,19755,11703,6307,18104,23745,48540,36049,34255,25499,428,276,981,4012,13040,43749,2430,57,201,6216,2452,114,417,989,15187,2396,385,6180
1025,2786,1025.299610547849,99510,35,21,330,156,118742,70379,1.9005225605466787,16,10,19909,19853,11662,6284,18046,23674,48540,36049,34260,25509,428,276,979,4011,13034,43759,2430,57,201,6212,2451,114,417,988,15190,2398,385,6180
1026,2786,1026.2295229179035,99510,37,22,330,156,118748,70382,1.9006130037182192,14,9,19991,19932,11617,6263,18009,23616,48540,36049,34265,25519,428,276,979,4011,13026,43769,2430,57,201,6208,2451,114,417,987,15193,2398,386,6179
1027,2786,1027.2850564766507,99510,28,19,330,156,118751,70384,1.9006632499246308,16,8,20128,20037,11569,6244,17927,23534,48540,36049,34270,25529,428,276,979,4007,13022,43783,2429,57,202,6204,2449,114,417,987,15193,2397,386,6180
1028,2786,1028.011836793916,99510,29,18,330,156,118755,70386,1.9007235453723244,17,6,20198,20115,11538,6230,17886,23473,48540,36049,34275,25538,428,276,979,4007,13014,43793,2429,57,202,6200,2447,114,417,987,15195,2397,387,6181
1029,2786,1029.1326235691806,99509,27,16,331,156,118759,70386,1.9007828437628758,17,9,20272,20213,11508,6214,17843,23390,48540,36049,34279,25547,428,275,979,4008,13009,43798,2428,57,202,6197,2444,114,416,988,15198,2397,388,6183
1030,2786,1030.157780595701,99509,31,16,331,156,118768,70389,1.9009034358701222,13,8,20365,20308,11469,6195,17789,23315,48540,36049,34283,25556,428,275,979,4006,13005,43805,2428,57,200,6195,2443,114,416,988,15200,2397,390,6183
1031,2786,1031.2090281895203,99509,31,17,331,156,118773,70393,1.9009938799505572,8,8,20467,20404,11432,6178,17729,23235,48540,36049,34287,25564,428,275,979,4006,13002,43810,2428,57,201,6194,2442,114,414,990,15199,2397,390,6183
1032,2786,1032.0917990562366,99509,28,19,331,156,118777,70397,1.9010742746887217,5,5,20575,20512,11392,6154,17667,23152,48540,36049,34291,25572,428,275,978,4006,12998,43816,2428,57,201,6192,2442,114,413,991,15200,2397,391,6182
1033,2786,1033.0458900593937,99509,26,19,331,156,118780,70400,1.9011345707423448,5,4,20653,20590,11366,6150,17617,23079,48540,36049,34295,25580,428,275,978,4005,12997,43820,2428,57,200,6187,2442,114,413,990,15205,2396,393,6181
1034,2786,1034.1038542786198,99509,24,18,331,156,118784,70401,1.9011848174536976,6,5,20737,20696,11324,6136,17576,22987,48540,36049,34299,25588,428,275,978,4007,12994,43825,2425,57,200,6185,2440,114,413,990,15206,2396,394,6182
1035,2786,1035.0167230547836,99509,26,19,331,156,118788,70404,1.9012551628495915,4,5,20813,20782,11296,6117,17528,22919,48540,36049,34303,25596,428,275,978,4006,12991,43831,2425,57,200,6182,2438,114,413,990,15207,2396,395,6183
1036,2786,1036.1608246456055,99509,21,17,331,156,118789,70405,1.9012752615341326,6,5,20956,20927,11236,6080,17448,22813,48540,36049,34307,25603,428,275,977,4005,12991,43837,2425,57,200,6178,2438,114,413,990,15206,2397,395,6183
1037,2786,1037.1745484960006,99509,22,16,331,156,118791,70405,1.9012953602186737,5,6,21029,21019,11208,6060,17403,22741,48540,36049,34311,25610,428,275,977,4005,12986,43843,2425,57,200,6175,2438,114,413,990,15208,2397,395,6183
1038,2786,1038.2278021385114,99509,23,16,331,156,118794,70407,1.9013456069300265,2,5,21125,21132,11177,6040,17340,22649,48540,36049,34314,25617,428,275,977,4006,12984,43847,2424,57,200,6170,2438,114,413,990,15211,2397,395,6183
1039,2786,1039.059780652238,99509,18,16,331,156,118794,70408,1.901355656272297,4,5,21198,21201,11149,6023,17298,22597,48540,36049,34317,25624,428,274,976,4005,12984,43850,2423,57,200,6169,2437,114,413,990,15212,2398,396,6183
1040,2786,1040.014431762205,99509,16,16,331,156,118795,70410,1.9013858042991085,8,3,21278,21293,11115,6007,17250,22523,48540,36049,34320,25631,428,274,975,4004,12985,43854,2423,57,200,6164,2437,114,413,990,15214,2398,396,6183
1041,2786,1041.2650393069093,99509,15,12,331,156,118799,70412,1.9014461003527319,6,2,21380,21419,11073,5982,17193,22427,48540,36049,34323,25637,428,274,975,4002,12983,43861,2423,57,200,6160,2437,114,413,990,15215,2398,398,6181
1042,2786,1042.21071008939,99509,14,11,331,156,118799,70413,1.9014561496950024,8,2,21482,21522,11030,5958,17133,22349,48540,36049,34326,25643,428,274,974,4002,12979,43867,2423,57,200,6157,2437,114,413,989,15217,2399,398,6181
1043,2786,1043.0610148548935,99509,13,11,331,156,118799,70414,1.901466199037273,9,2,21534,21595,11008,5947,17103,22287,48540,36049,34329,25649,428,274,974,4002,12975,43871,2423,57,199,6153,2437,114,413,989,15221,2399,399,6181
1044,2786,1044.2580334205763,99509,12,10,331,156,118801,70414,1.901486297721814,7,3,21640,21706,10963,5930,17045,22193,48540,36049,34332,25655,428,273,974,4004,12970,43876,2422,57,199,6152,2436,114,413,989,15222,2399,399,6182
1045,2786,1045.1110354830532,99509,8,8,331,156,118802,70415,1.9015063964063552,6,2,21708,21779,10939,5919,17006,22134,48540,36049,34335,25661,428,273,974,4003,12968,43882,2422,57,199,6150,2436,114,412,989,15222,2399,399,6182
1046,2786,1046.0630327445424,99509,5,8,331,156,118802,70416,1.9015164457486258,6,1,21767,21836,10918,5900,16971,22097,48540,36049,34338,25667,428,273,974,4004,12965,43886,2421,57,199,6148,2436,114,412,989,15223,2399,399,6182
1047,2786,1047.0721378245573,99509,4,7,331,156,118802,70417,1.9015264950908963,7,0,21895,21955,10859,5868,16902,22012,48540,36049,34341,25672,428,273,974,4004,12962,43890,2421,57,199,6147,2435,114,411,990,15223,2399,400,6182
1048,2786,1048.136579562278,99509,4,6,331,156,118802,70417,1.9015264950908963,8,1,22003,22065,10810,5844,16842,21926,48540,36049,34344,25677,428,273,974,4004,12957,43895,2421,57,199,6146,2434,114,411,990,15224,2399,400,6183
1049,2786,1049.2104836605895,99509,4,4,331,156,118803,70417,1.9015365444331669,8,1,22088,22142,10777,5829,16790,21866,48540,36049,34347,25682,428,273,974,4005,12951,43901,2420,57,199,6146,2434,114,411,990,15224,2399,401,6182
1050,2786,1050.127934202496,99509,3,3,331,156,118804,70417,1.9015465937754374,8,3,22169,22224,10743,5811,16744,21801,48540,36049,34349,25687,428,273,973,4005,12946,43906,2420,57,199,6146,2433,114,411,990,15224,2400,401,6183
1051,2786,1051.0022854996255,99509,6,4,331,156,118807,70418,1.9015867911445197,6,2,22287,22315,10697,5797,16671,21724,48540,36049,34351,25692,428,273,973,4005,12943,43909,2420,57,199,6145,2432,114,411,990,15225,2400,401,6184
1052,2786,1052.0369908446007,99509,7,3,331,156,118809,70418,1.9016068898290608,4,2,22363,22396,10672,5788,16621,21653,48540,36049,34353,25697,428,273,973,4005,12942,43911,2420,57,199,6143,2431,113,411,990,15227,2400,401,6185
1053,2786,1053.0849792342437,99509,7,2,331,156,118811,70418,1.9016269885136017,2,3,22444,22477,10639,5771,16575,21589,48540,36049,34355,25702,428,273,972,4005,12943,43911,2420,57,199,6140,2430,113,411,990,15230,2400,402,6185
1054,2786,1054.1125976117755,99509,7,2,331,156,118812,70418,1.9016370378558722,4,3,22537,22591,10600,5740,16519,21506,48540,36049,34357,25707,427,273,972,4005,12940,43914,2420,58,199,6139,2429,113,411,990,15231,2400,402,6186
1055,2786,1055.046790467481,99509,7,2,331,156,118812,70419,1.9016470871981428,4,2,22617,22664,10561,5722,16478,21452,48540,36049,34359,25711,427,273,972,4005,12940,43915,2420,58,198,6135,2429,113,411,990,15234,2400,403,6186
1056,2786,1056.2427727475826,99509,7,3,331,156,118815,70420,1.901687284567225,1,1,22728,22766,10524,5695,16407,21377,48540,36049,34361,25715,427,273,972,4004,12938,43918,2420,58,198,6133,2428,113,411,990,15236,2400,403,6187
1057,2786,1057.0871375814709,99509,6,3,331,156,118816,70420,1.9016973339094956,3,1,22799,22844,10492,5677,16367,21317,48540,36049,34363,25719,427,273,972,4005,12937,43919,2420,58,198,6133,2427,112,411,990,15236,2400,403,6188
1058,2786,1058.1266754245391,99509,7,4,331,156,118818,70421,1.9017274819363073,1,1,22902,22950,10447,5650,16310,21237,48540,36049,34365,25723,427,273,972,4005,12934,43922,2420,58,198,6132,2427,112,411,990,15237,2400,403,6188
1059,2786,1059.1547616253508,99509,8,4,331,156,118819,70422,1.9017475806208484,0,1,22982,23050,10416,5630,16261,21157,48540,36049,34367,25727,427,273,972,4005,12931,43926,2420,58,198,6132,2427,112,410,991,15236,2400,403,6188
1060,2786,1060.0372517333553,99509,8,2,331,156,118819,70422,1.9017475806208484,0,1,23045,23098,10395,5619,16219,21122,48540,36049,34369,25731,427,273,971,4005,12931,43927,2420,58,198,6129,2427,112,410,991,15238,2401,403,6188
1061,2786,1061.1321669374809,99509,8,2,331,156,118819,70422,1.9017475806208484,3,1,23142,23192,10355,5596,16159,21051,48540,36049,34371,25735,427,273,971,4005,12931,43927,2420,58,198,6128,2426,112,410,991,15239,2401,403,6189
1062,2786,1062.0319017407992,99509,6,3,331,156,118820,70423,1.9017676793053895,5,0,23217,23259,10328,5583,16111,20997,48540,36049,34373,25739,427,273,970,4005,12929,43929,2420,58,198,6128,2425,112,410,991,15239,2402,403,6190
1063,2786,1063.0983396093102,99509,7,3,331,156,118822,70423,1.9017877779899306,3,0,23307,23344,10292,5567,16058,20928,48540,36049,34375,25743,427,273,970,4004,12929,43930,2420,58,198,6128,2424,112,410,991,15239,2402,403,6191
1064,2786,1064.012639284821,99509,7,1,331,156,118823,70423,1.9017978273322012,3,1,23372,23387,10270,5559,16015,20894,48540,36049,34377,25747,427,273,970,4003,12927,43934,2420,58,198,6126,2424,112,410,991,15241,2402,403,6190
1065,2786,1065.055182294119,99509,7,1,331,156,118823,70423,1.9017978273322012,4,2,23492,23496,10221,5536,15943,20807,48540,36049,34379,25751,427,273,970,4003,12925,43936,2420,58,198,6125,2424,112,409,992,15242,2402,403,6190
1066,2786,1066.1414497651149,99509,8,2,331,156,118825,70424,1.9018279753590128,2,1,23549,23563,10196,5526,15912,20750,48540,36049,34381,25754,427,273,970,4003,12923,43938,2420,58,198,6124,2423,112,409,992,15243,2402,403,6191
1067,2786,1067.143457409656,99509,7,3,331,156,118827,70425,1.9018581233858245,3,1,23659,23667,10154,5506,15844,20665,48540,36049,34383,25757,427,273,970,4004,12921,43940,2419,58,198,6123,2422,112,409,992,15244,2402,403,6192
1068,2786,1068.2053682604515,99509,8,3,331,156,118829,70426,1.901888271412636,3,0,23728,23745,10125,5493,15803,20601,48540,36049,34385,25760,427,273,969,4004,12918,43943,2419,58,198,6123,2422,112,409,992,15244,2403,403,6192
1069,2786,1069.1673069256085,99509,8,2,331,156,118830,70426,1.9018983207549065,2,0,23829,23844,10082,5471,15746,20525,48540,36049,34387,25763,427,273,968,4004,12916,43946,2419,58,198,6122,2422,112,409,992,15244,2404,403,6192
1070,2786,1070.2197024898892,99509,8,2,331,156,118831,70426,1.901908370097177,1,1,23935,23944,10048,5446,15675,20449,48540,36049,34389,25766,427,273,968,4004,12915,43948,2419,58,198,6120,2422,112,409,992,15245,2404,403,6192
1071,2786,1071.0859847903919,99509,8,2,331,156,118831,70426,1.901908370097177,1,1,24036,24019,10005,5431,15617,20389,48540,36049,34391,25769,427,273,968,4004,12913,43950,2419,58,198,6119,2421,112,409,992,15246,2404,403,6193
1072,2786,1072.159857653398,99509,7,2,331,156,118831,70426,1.901908370097177,3,1,24147,24098,9965,5417,15545,20324,48540,36049,34393,25772,427,273,968,4004,12909,43954,2419,58,198,6119,2420,112,409,992,15246,2404,403,6194
1073,2786,1073.0765834126842,99509,7,2,331,156,118832,70426,1.9019184194394476,3,1,24204,24166,9947,5405,15506,20268,48540,36049,34395,25775,427,273,968,4004,12908,43956,2419,58,198,6118,2418,112,409,992,15246,2404,403,6196
1074,2786,1074.0044995791154,99509,5,3,331,156,118832,70427,1.9019284687817182,3,1,24290,24250,9922,5392,15447,20196,48540,36049,34396,25778,427,273,968,4004,12907,43958,2419,58,198,6117,2418,112,409,992,15246,2404,403,6196
1075,2786,1075.1269896643878,99509,3,1,331,156,118832,70427,1.9019284687817182,3,1,24387,24326,9887,5375,15387,20139,48540,36049,34397,25781,427,273,968,4004,12906,43960,2419,58,198,6115,2418,112,409,992,15247,2404,404,6195
1076,2786,1076.0546422154155,99509,2,1,331,156,118833,70427,1.9019385181239887,2,1,24473,24433,9851,5362,15339,20045,48540,36049,34398,25784,427,273,967,4003,12907,43960,2419,58,198,6114,2417,112,408,993,15248,2405,404,6196
1077,2786,1077.2599451742333,99509,2,1,331,156,118833,70427,1.9019385181239887,2,1,24551,24534,9827,5346,15285,19960,48540,36049,34399,25787,427,273,967,4003,12905,43962,2419,58,198,6114,2417,112,408,993,15248,2405,404,6196
1078,2786,1078.161320588427,99509,2,1,331,156,118833,70427,1.9019385181239887,2,1,24626,24610,9794,5327,15243,19903,48540,36049,34400,25790,427,273,967,4003,12904,43963,2419,58,198,6114,2417,112,407,994,15248,2405,404,6196
1079,2786,1079.0600827638145,99509,1,1,331,156,118833,70427,1.9019385181239887,2,1,24679,24669,9773,5321,15212,19850,48540,36049,34401,25793,427,273,967,4003,12902,43965,2419,58,198,6114,2417,112,407,994,15248,2405,404,6196
1080,2786,1080.0468366997252,99509,0,0,331,156,118833,70427,1.9019385181239887,2,1,24770,24751,9732,5304,15163,19786,48540,36049,34402,25796,427,273,967,4002,12900,43968,2419,58,198,6113,2417,112,407,994,15249,2405,404,6196
1081,2786,1081.2032675098008,99509,0,1,331,156,118833,70428,1.9019485674662593,2,0,24878,24849,9680,5286,15107,19706,48540,36049,34403,25799,427,273,967,4002,12897,43971,2419,58,198,6113,2417,112,407,994,15249,2405,404,6196
1082,2786,1082.0929560589445,99509,0,1,331,156,118833,70428,1.9019485674662593,2,0,24936,24919,9658,5276,15071,19646,48540,36049,34404,25801,427,273,967,4002,12895,43973,2419,58,198,6112,2417,112,407,994,15250,2405,404,6196
1083,2786,1083.2897266818172,99509,0,0,331,156,118834,70428,1.9019586168085298,1,0,25021,25014,9626,5259,15019,19569,48540,36049,34405,25803,427,273,967,4002,12894,43975,2419,58,198,6110,2417,112,407,994,15251,2405,404,6196
1084,2786,1084.1741999509152,99509,0,0,331,156,118834,70428,1.9019586168085298,1,0,25081,25082,9603,5244,14982,19516,48540,36049,34406,25805,427,273,967,4002,12893,43976,2419,58,198,6110,2417,112,407,994,15251,2405,404,6196
1085,2786,1085.194314762165,99509,0,0,331,156,118835,70428,1.9019686661508004,0,0,25153,25172,9574,5231,14940,19439,48540,36049,34407,25807,427,273,967,4001,12894,43976,2419,58,198,6110,2416,112,407,994,15251,2405,404,6197
1086,2786,1086.074245699025,99509,0,0,331,156,118835,70428,1.9019686661508004,0,0,25215,25249,9544,5220,14908,19373,48540,36049,34408,25809,427,273,967,4001,12893,43977,2419,58,198,6109,2416,112,406,995,15252,2405,404,6197
1087,2786,1087.2440621917715,99509,0,0,331,156,118835,70428,1.9019686661508004,0,0,25306,25334,9507,5206,14854,19302,48540,36049,34409,25811,427,273,967,4001,12891,43979,2419,58,198,6109,2416,112,406,995,15252,2405,404,6197
1088,2786,1088.1186225052804,99509,0,0,331,156,118835,70428,1.9019686661508004,0,0,25386,25405,9475,5189,14806,19248,48540,36049,34410,25813,427,273,967,4001,12890,43980,2419,58,198,6108,2416,112,406,995,15253,2405,404,6197
1089,2786,1089.280624409775,99509,0,0,331,156,118835,70428,1.9019686661508004,0,0,25475,25499,9426,5171,14766,19172,48540,36049,34411,25815,427,273,967,4001,12888,43982,2419,58,198,6107,2416,112,406,995,15254,2405,404,6197
1090,2786,1090.1495484503353,99509,0,0,331,156,118835,70428,1.9019686661508004,0,0,25543,25558,9403,5161,14721,19123,48540,36049,34412,25817,427,273,967,4001,12886,43984,2419,58,198,6107,2416,112,406,995,15254,2405,404,6197
1091,2786,1091.0160892031022,99509,0,0,331,156,118835,70428,1.9019686661508004,0,0,25606,25632,9375,5141,14686,19069,48540,36049,34413,25819,427,273,967,4001,12885,43985,2419,58,198,6106,2416,112,406,995,15255,2405,404,6197
1092,2786,1092.1681253493005,99509,0,0,331,156,118835,70428,1.9019686661508004,0,0,25711,25715,9337,5126,14619,19001,48540,36049,34414,25821,427,273,967,4001,12885,43985,2419,58,198,6103,2416,112,406,995,15258,2405,404,6197
1093,2786,1093.0290770319377,99509,0,0,331,156,118835,70428,1.9019686661508004,0,0,25778,25771,9305,5106,14584,18965,48540,36049,34415,25823,427,273,967,4001,12884,43986,2419,58,198,6103,2416,112,406,995,15258,2405,404,6197
1094,2786,1094.173444486163,99509,0,0,331,156,118835,70428,1.9019686661508004,0,0,25844,25875,9279,5082,14544,18885,48540,36049,34416,25825,427,273,967,4001,12884,43986,2419,58,198,6101,2416,112,406,995,15260,2405,404,6197
