,indexID,time,N,Inf_L,Inf_H,Dead_L,Dead_H,cum_cases_L,cum_cases_H,cum_sum_per_N,Exposed_L,Exposed_H,Sus_L,Sus_H,Rec_nat_L,Rec_nat_H,Rec_vax_L,Rec_vax_H,vaccinatedH,vaccinatedL,boostedH,boostedL,count_Naive,count_Delta,count_Delta_vaccine,count_two,count_three,count_four,count_Omicron,count_Omicron_star,count_Omicron_star_vaccine,count_Omicron_vaccine,count_Vaccine,count_WT,count_WT_vaccine,count_WT_vaccine_boost,count_Omicron_vaccine_boost,count_Delta_vaccine_boost,count_Omicron_star_vaccine_boost,count_Vaccine_boost
0,351,1.3078967714678438,99996,8,6,0,0,8,6,0.00014000560022400896,20,21,49970,49971,0,0,0,0,0,0,0,0,99996,0,0,0,0,0,0,0,0,0,0,0,0,0,0,0,0,0
1,351,2.120776656720642,99996,8,8,0,0,10,9,0.00019000760030401216,18,18,49970,49971,2,1,0,0,0,0,0,0,99993,0,0,0,0,0,0,0,0,0,0,3,0,0,0,0,0,0
2,351,3.069957529425975,99996,15,15,0,0,18,17,0.0003500140005600224,13,10,49967,49971,3,2,0,0,0,0,0,0,99991,0,0,0,0,0,0,0,0,0,0,5,0,0,0,0,0,0
3,351,4.044107908167122,99996,13,14,0,0,19,20,0.000390015600624025,13,7,49966,49971,6,6,0,0,0,0,0,0,99984,0,0,0,0,0,0,0,0,0,0,12,0,0,0,0,0,0
4,351,5.049186520716744,99996,10,15,0,0,20,22,0.0004200168006720269,14,6,49964,49970,10,7,0,0,0,0,0,0,99979,0,0,0,0,0,0,0,0,0,0,17,0,0,0,0,0,0
5,351,6.019887361906546,99996,12,14,0,0,23,23,0.00046001840073602946,13,6,49962,49969,11,9,0,0,0,0,0,0,99976,0,0,0,0,0,0,0,0,0,0,20,0,0,0,0,0,0
6,351,7.000320512575794,99996,15,10,0,0,28,23,0.0005100204008160326,8,8,49962,49967,13,13,0,0,0,0,0,0,99970,0,0,0,0,0,0,0,0,0,0,26,0,0,0,0,0,0
7,351,8.002124451340357,99996,15,11,0,0,30,24,0.0005400216008640345,9,8,49959,49966,15,13,0,0,0,0,0,0,99968,0,0,0,0,0,0,0,0,0,0,28,0,0,0,0,0,0
8,351,9.001610668427215,99996,12,14,0,0,31,28,0.0005900236009440378,13,5,49954,49965,19,14,0,0,0,0,0,0,99963,0,0,0,0,0,0,0,0,0,0,33,0,0,0,0,0,0
9,351,10.021721446086437,99996,17,15,0,0,39,30,0.0006900276011040442,6,6,49953,49962,22,15,0,0,0,0,0,0,99959,0,0,0,0,0,0,0,0,0,0,37,0,0,0,0,0,0
10,351,11.012757310048054,99996,18,14,0,0,42,31,0.0007300292011680467,9,7,49947,49960,24,17,0,0,0,0,0,0,99955,0,0,0,0,0,0,0,0,0,0,41,0,0,0,0,0,0
11,351,12.00619415579529,99996,23,15,0,0,47,34,0.0008100324012960519,7,6,49944,49958,24,19,0,0,0,0,0,0,99953,0,0,0,0,0,0,0,0,0,0,43,0,0,0,0,0,0
12,351,13.166181716872124,99996,19,15,0,0,48,37,0.0008500340013600544,11,6,49939,49955,29,22,0,0,0,0,0,0,99945,0,0,0,0,0,0,0,0,0,0,51,0,0,0,0,0,0
13,351,14.057694411061696,99996,20,16,0,0,51,38,0.000890035601424057,9,5,49938,49955,31,22,0,0,0,0,0,0,99943,0,0,0,0,0,0,0,0,0,0,53,0,0,0,0,0,0
14,351,15.01694292383287,99996,18,17,0,0,55,40,0.0009500380015200608,8,3,49935,49955,37,23,0,0,0,0,0,0,99936,0,0,0,0,0,0,0,0,0,0,60,0,0,0,0,0,0
15,351,16.07055110675644,99996,16,12,0,0,57,40,0.0009700388015520621,10,8,49931,49950,41,28,0,0,0,0,0,0,99927,0,0,0,0,0,0,0,0,0,0,69,0,0,0,0,0,0
16,351,17.004909807281777,99996,16,10,0,0,60,42,0.0010200408016320653,11,6,49927,49950,44,32,0,0,0,0,0,0,99920,0,0,0,0,0,0,0,0,0,0,76,0,0,0,0,0,0
17,351,18.163036581346223,99996,15,9,0,0,64,44,0.001080043201728069,9,7,49925,49948,49,34,0,0,0,0,0,0,99912,0,0,0,0,0,0,0,0,0,0,84,0,0,0,0,0,0
18,351,19.118683246926622,99996,16,10,0,0,67,45,0.0011200448017920717,7,7,49924,49947,51,34,0,0,0,0,0,0,99910,0,0,0,0,0,0,0,0,0,0,86,0,0,0,0,0,0
19,351,20.03031499415973,99996,14,11,0,0,70,47,0.001170046801872075,6,6,49922,49946,56,35,0,0,0,0,0,0,99904,0,0,0,0,0,0,0,0,0,0,92,0,0,0,0,0,0
20,351,21.0554943775603,99996,17,12,0,0,74,49,0.0012300492019680787,6,8,49918,49942,57,36,0,0,0,0,0,0,99902,0,0,0,0,0,0,0,0,0,0,94,0,0,0,0,0,0
21,351,22.102362005663505,99996,15,15,0,0,76,52,0.001280051202048082,6,7,49917,49940,60,36,0,0,0,0,0,0,99898,0,0,0,0,0,0,0,0,0,0,98,0,0,0,0,0,0
22,351,23.303849899754944,99996,14,13,0,0,79,55,0.0013400536021440858,7,4,49914,49940,63,41,0,0,0,0,0,0,99889,0,0,0,0,0,0,0,0,0,0,107,0,0,0,0,0,0
23,351,24.296821529647403,99996,15,12,0,0,81,57,0.0013800552022080884,8,3,49912,49939,63,44,0,0,0,0,0,0,99885,0,0,0,0,0,0,0,0,0,0,111,0,0,0,0,0,0
24,351,25.070809459024183,99996,12,12,0,0,81,57,0.0013800552022080884,11,4,49909,49938,66,44,0,0,0,0,0,0,99882,0,0,0,0,0,0,0,0,0,0,114,0,0,0,0,0,0
25,351,26.16095429561545,99996,13,8,0,0,87,58,0.0014500580023200928,10,4,49904,49937,71,49,0,0,0,0,0,0,99872,0,0,0,0,0,0,0,0,0,0,124,0,0,0,0,0,0
26,351,27.019297206363614,99995,11,10,1,0,87,61,0.001480074003700185,10,1,49905,49937,71,50,0,0,0,0,0,0,99869,0,0,0,0,0,0,0,0,0,0,126,0,0,0,0,0,0
27,351,28.1330554884265,99995,13,9,1,0,89,61,0.0015000750037501875,13,3,49900,49935,71,51,0,0,0,0,0,0,99868,0,0,0,0,0,0,0,0,0,0,127,0,0,0,0,0,0
28,351,29.02432647130713,99995,12,8,1,0,92,62,0.0015400770038501925,11,3,49899,49934,75,53,0,0,0,0,0,0,99862,0,0,0,0,0,0,0,0,0,0,133,0,0,0,0,0,0
29,351,30.038309764714924,99995,12,8,1,0,96,62,0.0015800790039501974,9,4,49899,49933,77,53,0,0,0,0,0,0,99858,0,0,0,0,0,0,0,0,0,0,137,0,0,0,0,0,0
30,351,31.154071408038067,99995,10,7,1,0,97,62,0.0015900795039751987,10,7,49897,49930,80,54,0,0,0,0,0,0,99854,0,0,0,0,0,0,0,0,0,0,141,0,0,0,0,0,0
31,351,32.064783276174275,99995,11,7,1,0,99,63,0.0016200810040502024,11,6,49894,49930,81,55,0,0,0,0,0,0,99852,0,0,0,0,0,0,0,0,0,0,143,0,0,0,0,0,0
32,351,33.102857069992446,99995,14,8,1,0,103,66,0.0016900845042252112,8,4,49894,49929,81,57,0,0,0,0,0,0,99849,0,0,0,0,0,0,0,0,0,0,146,0,0,0,0,0,0
33,351,34.123164081909486,99995,14,8,1,0,104,68,0.001720086004300215,9,2,49892,49930,82,58,0,0,0,0,0,0,99846,0,0,0,0,0,0,0,0,0,0,149,0,0,0,0,0,0
34,351,35.14469467830663,99995,10,8,1,0,104,69,0.0017300865043252162,12,1,49889,49930,86,59,0,0,0,0,0,0,99841,0,0,0,0,0,0,0,0,0,0,154,0,0,0,0,0,0
35,351,36.03976761944775,99995,12,9,1,0,106,70,0.00176008800440022,13,2,49886,49928,86,59,0,0,0,0,0,0,99841,0,0,0,0,0,0,0,0,0,0,154,0,0,0,0,0,0
36,351,37.00643703155253,99995,15,8,1,0,109,70,0.0017900895044752237,14,5,49882,49925,86,60,0,0,0,0,0,0,99840,0,0,0,0,0,0,0,0,0,0,155,0,0,0,0,0,0
37,351,38.027984277372425,99995,15,8,1,0,111,70,0.0018100905045252262,13,5,49881,49925,88,60,0,0,0,0,0,0,99838,0,0,0,0,0,0,0,0,0,0,157,0,0,0,0,0,0
38,351,39.03416936052344,99995,14,7,1,0,113,70,0.0018300915045752287,13,6,49879,49924,91,61,0,0,0,0,0,0,99834,0,0,0,0,0,0,0,0,0,0,161,0,0,0,0,0,0
39,351,40.00030550420593,99995,15,7,1,0,115,72,0.0018700935046752339,12,5,49879,49923,91,63,0,0,0,0,0,0,99831,0,0,0,0,0,0,0,0,0,0,164,0,0,0,0,0,0
40,351,41.030857401396716,99995,17,7,1,0,119,73,0.0019200960048002401,10,5,49877,49922,93,64,0,0,0,0,0,0,99828,0,0,0,0,0,0,0,0,0,0,167,0,0,0,0,0,0
41,351,42.11685025068746,99995,15,8,1,0,120,75,0.0019500975048752439,13,5,49873,49921,96,64,0,0,0,0,0,0,99824,0,0,0,0,0,0,0,0,0,0,171,0,0,0,0,0,0
42,351,43.059736836862534,99995,18,7,1,0,124,76,0.00200010000500025,14,4,49868,49922,97,65,0,0,0,0,0,0,99821,0,0,0,0,0,0,0,0,0,0,174,0,0,0,0,0,0
43,351,44.0238529946132,99995,18,7,1,0,125,78,0.0020301015050752536,15,3,49866,49921,98,67,0,0,0,0,0,0,99818,0,0,0,0,0,0,0,0,0,0,177,0,0,0,0,0,0
44,351,45.03456343171678,99995,22,5,1,0,131,79,0.0021001050052502626,14,3,49861,49920,100,70,0,0,0,0,0,0,99813,0,0,0,0,0,0,0,0,0,0,182,0,0,0,0,0,0
45,351,46.119504436053234,99995,24,2,1,0,134,79,0.002130106505325266,16,4,49856,49919,101,73,0,0,0,0,0,0,99809,0,0,0,0,0,0,0,0,0,0,186,0,0,0,0,0,0
46,351,47.30279227801195,99995,21,3,1,0,141,80,0.002210110505525276,13,4,49852,49918,111,73,0,0,0,0,0,0,99799,0,0,0,0,0,0,0,0,0,0,196,0,0,0,0,0,0
47,351,48.21494121338411,99995,22,7,1,0,143,84,0.0022701135056752836,11,2,49852,49916,112,73,0,0,0,0,0,0,99798,0,0,0,0,0,0,0,0,0,0,197,0,0,0,0,0,0
48,351,49.07580759415084,99995,22,7,1,0,145,85,0.0023001150057502875,13,3,49848,49914,114,74,0,0,0,0,0,0,99795,0,0,0,0,0,0,0,0,0,0,200,0,0,0,0,0,0
49,351,50.13998143992338,99995,20,9,1,0,148,87,0.0023501175058752936,13,4,49845,49912,119,73,0,0,0,0,0,0,99790,0,0,0,0,0,0,0,0,0,0,205,0,0,0,0,0,0
50,351,51.12679649150852,99995,23,9,1,0,152,87,0.0023901195059752986,11,5,49843,49911,120,73,0,0,0,0,0,0,99789,0,0,0,0,0,0,0,0,0,0,206,0,0,0,0,0,0
51,351,52.04933042098953,99995,18,10,1,0,153,88,0.002410120506025301,12,6,49841,49909,126,73,0,0,0,0,0,0,99783,0,0,0,0,0,0,0,0,0,0,212,0,0,0,0,0,0
52,351,53.275866519384685,99995,18,10,1,0,157,89,0.0024601230061503075,10,5,49839,49909,130,74,0,0,0,0,0,0,99778,0,0,0,0,0,0,0,0,0,0,217,0,0,0,0,0,0
53,351,54.07318344364394,99995,14,11,1,0,160,90,0.0025001250062503125,9,6,49837,49908,137,73,0,0,0,0,0,0,99771,0,0,0,0,0,0,0,0,0,0,224,0,0,0,0,0,0
54,351,55.06021151460122,99995,14,13,1,0,164,93,0.0025701285064253215,9,4,49835,49907,139,74,0,0,0,0,0,0,99766,0,0,0,0,0,0,0,0,0,0,229,0,0,0,0,0,0
55,351,56.15447416373094,99995,13,12,1,0,167,94,0.0026101305065253265,7,4,49834,49906,143,76,0,0,0,0,0,0,99760,0,0,0,0,0,0,0,0,0,0,235,0,0,0,0,0,0
56,351,57.229812811405246,99995,14,12,1,0,170,94,0.00264013200660033,6,4,49832,49906,145,76,0,0,0,0,0,0,99758,0,0,0,0,0,0,0,0,0,0,237,0,0,0,0,0,0
57,351,58.06797600081697,99995,13,11,1,0,173,95,0.002680134006700335,7,3,49828,49906,149,78,0,0,0,0,0,0,99752,0,0,0,0,0,0,0,0,0,0,243,0,0,0,0,0,0
58,351,59.003225110259805,99995,12,13,1,0,174,97,0.002710135506775339,8,4,49826,49903,151,78,0,0,0,0,0,0,99750,0,0,0,0,0,0,0,0,0,0,245,0,0,0,0,0,0
59,351,60.05871758145343,99994,13,10,1,1,177,97,0.0027401644098645917,6,6,49825,49902,153,79,0,0,0,0,0,0,99745,0,0,0,0,0,0,0,0,0,0,249,0,0,0,0,0,0
60,351,61.07172678869593,99994,11,10,1,1,177,98,0.002750165009900594,6,7,49825,49900,155,80,0,0,0,0,0,0,99742,0,0,0,0,0,0,0,0,0,0,252,0,0,0,0,0,0
61,351,62.06633224179326,99994,8,8,1,1,178,99,0.0027701662099725985,8,6,49824,49900,157,83,0,0,0,0,0,0,99735,0,0,0,0,0,0,0,0,0,0,259,0,0,0,0,0,0
62,351,63.111255053587584,99994,7,8,1,1,180,101,0.002810168610116607,9,5,49822,49900,159,84,0,0,0,0,0,0,99730,0,0,0,0,0,0,0,0,0,0,264,0,0,0,0,0,0
63,351,64.02670398207279,99994,9,9,1,1,182,103,0.0028501710102606156,10,4,49821,49899,157,85,0,0,0,0,0,0,99729,0,0,0,0,0,0,0,0,0,0,265,0,0,0,0,0,0
64,351,65.01496851396487,99994,12,8,1,1,185,103,0.0028801728103686223,7,6,49822,49897,156,86,0,0,0,0,0,0,99728,0,0,0,0,0,0,0,0,0,0,266,0,0,0,0,0,0
65,351,66.0113051712256,99994,11,7,1,1,186,105,0.0029101746104766286,9,5,49820,49898,157,87,0,0,0,0,0,0,99723,0,0,0,0,0,0,0,0,0,0,271,0,0,0,0,0,0
66,351,67.0731184672005,99994,9,6,1,1,187,105,0.002920175210512631,9,6,49819,49897,160,88,0,0,0,0,0,0,99719,0,0,0,0,0,0,0,0,0,0,275,0,0,0,0,0,0
67,351,68.22464051663681,99994,10,7,1,1,190,107,0.0029701782106926417,10,6,49817,49896,160,88,0,0,0,0,0,0,99716,0,0,0,0,0,0,0,0,0,0,278,0,0,0,0,0,0
68,351,69.24759969340543,99994,11,10,1,1,192,110,0.0030201812108726525,9,3,49817,49896,160,88,0,0,0,0,0,0,99715,0,0,0,0,0,0,0,0,0,0,279,0,0,0,0,0,0
69,351,70.02091287740696,99994,14,10,1,1,196,111,0.0030701842110526633,7,2,49815,49897,161,88,0,0,0,0,0,0,99713,0,0,0,0,0,0,0,0,0,0,281,0,0,0,0,0,0
70,351,71.11688517769784,99994,13,8,1,1,197,111,0.003080184811088665,6,3,49815,49897,163,89,0,0,0,0,0,0,99709,0,0,0,0,0,0,0,0,0,0,285,0,0,0,0,0,0
71,351,72.0232083839599,99994,11,7,1,1,198,112,0.0031001860111606696,5,3,49815,49896,166,91,0,0,0,0,0,0,99704,0,0,0,0,0,0,0,0,0,0,290,0,0,0,0,0,0
72,351,73.24638348210087,99994,9,6,1,1,198,112,0.0031001860111606696,6,5,49814,49894,168,92,0,0,0,0,0,0,99701,0,0,0,0,0,0,0,0,0,0,293,0,0,0,0,0,0
73,351,74.1754059883317,99994,8,5,1,1,200,113,0.003130187811268676,5,4,49813,49894,171,94,0,0,0,0,0,0,99696,0,0,0,0,0,0,0,0,0,0,298,0,0,0,0,0,0
74,351,75.29415569421018,99994,9,5,1,1,201,114,0.0031501890113406804,8,4,49810,49894,170,94,0,0,0,0,0,0,99695,0,0,0,0,0,0,0,0,0,0,299,0,0,0,0,0,0
75,351,76.26862968631589,99994,11,5,1,1,203,114,0.003170190211412685,6,4,49811,49894,169,94,0,0,0,0,0,0,99695,0,0,0,0,0,0,0,0,0,0,299,0,0,0,0,0,0
76,351,77.17160739121825,99994,11,5,1,1,203,115,0.0031801908114486867,6,4,49812,49894,168,94,0,0,0,0,0,0,99694,0,0,0,0,0,0,0,0,0,0,300,0,0,0,0,0,0
77,351,78.0728232862674,99994,10,4,1,1,204,115,0.003190191411484689,5,4,49813,49895,169,94,0,0,0,0,0,0,99691,0,0,0,0,0,0,0,0,0,0,303,0,0,0,0,0,0
78,351,79.00632840174302,99994,10,3,1,1,205,116,0.0032101926115566935,6,3,49811,49896,170,95,0,0,0,0,0,0,99688,0,0,0,0,0,0,0,0,0,0,306,0,0,0,0,0,0
79,351,80.15352027688495,99994,13,2,1,1,208,116,0.0032401944116647,3,4,49812,49895,169,96,0,0,0,0,0,0,99687,0,0,0,0,0,0,0,0,0,0,307,0,0,0,0,0,0
80,351,81.01157407560662,99994,14,4,1,1,209,118,0.0032701962117727065,3,2,49811,49896,169,95,0,0,0,0,0,0,99687,0,0,0,0,0,0,0,0,0,0,307,0,0,0,0,0,0
81,351,82.08336865305331,99994,12,4,1,1,210,118,0.0032801968118087083,3,2,49810,49897,172,94,0,0,0,0,0,0,99684,0,0,0,0,0,0,0,0,0,0,310,0,0,0,0,0,0
82,351,83.06036784275106,99994,11,4,1,1,210,119,0.0032901974118447106,4,1,49809,49897,173,95,0,0,0,0,0,0,99682,0,0,0,0,0,0,0,0,0,0,312,0,0,0,0,0,0
83,351,84.29565714101757,99994,10,4,1,1,212,120,0.0033201992119527173,4,4,49807,49893,176,96,0,0,0,0,0,0,99678,0,0,0,0,0,0,0,0,0,0,316,0,0,0,0,0,0
84,351,85.07661766693032,99994,9,3,1,1,213,120,0.003330199811988719,4,4,49806,49894,178,96,0,0,0,0,0,0,99675,0,0,0,0,0,0,0,0,0,0,319,0,0,0,0,0,0
85,351,86.08797692306446,99994,8,2,1,1,213,120,0.003330199811988719,5,4,49806,49894,178,97,0,0,0,0,0,0,99673,0,0,0,0,0,0,0,0,0,0,321,0,0,0,0,0,0
86,351,87.32428099393874,99994,9,2,1,1,214,120,0.0033402004120247214,9,5,49802,49893,177,97,0,0,0,0,0,0,99673,0,0,0,0,0,0,0,0,0,0,321,0,0,0,0,0,0
87,351,88.02324570960761,99994,14,4,1,1,220,122,0.003420205212312739,3,3,49804,49894,176,96,0,0,0,0,0,0,99672,0,0,0,0,0,0,0,0,0,0,322,0,0,0,0,0,0
88,351,89.20549436669356,99994,13,5,1,1,222,124,0.0034602076124567475,4,3,49801,49892,179,97,0,0,0,0,0,0,99668,0,0,0,0,0,0,0,0,0,0,326,0,0,0,0,0,0
89,351,90.03225161526699,99994,12,3,1,1,222,124,0.0034602076124567475,6,4,49801,49891,178,99,0,0,0,0,0,0,99665,0,0,0,0,0,0,0,0,0,0,329,0,0,0,0,0,0
90,351,91.06334781696285,99994,10,6,1,1,224,128,0.0035202112126727606,7,1,49798,49891,182,99,0,0,0,0,0,0,99660,0,0,0,0,0,0,0,0,0,0,334,0,0,0,0,0,0
91,351,92.26611567661291,99994,12,6,1,1,227,128,0.003550213012780767,7,3,49796,49890,182,98,0,0,0,0,0,0,99659,0,0,0,0,0,0,0,0,0,0,335,0,0,0,0,0,0
92,351,93.21965286404127,99994,13,7,1,1,228,129,0.0035702142128527714,8,3,49794,49890,182,97,0,0,0,0,0,0,99659,0,0,0,0,0,0,0,0,0,0,335,0,0,0,0,0,0
93,351,94.20630331875898,99994,14,7,1,1,234,130,0.0036402184131047862,5,3,49791,49889,187,98,0,0,0,0,0,0,99653,0,0,0,0,0,0,0,0,0,0,341,0,0,0,0,0,0
94,351,95.03824499767245,99994,11,6,1,1,234,131,0.0036502190131407885,8,4,49789,49888,189,99,0,0,0,0,0,0,99648,0,0,0,0,0,0,0,0,0,0,346,0,0,0,0,0,0
95,351,96.0762795910771,99994,11,7,1,1,236,134,0.0037002220133207993,7,3,49788,49886,191,101,0,0,0,0,0,0,99644,0,0,0,0,0,0,0,0,0,0,350,0,0,0,0,0,0
96,351,97.09090777952564,99994,12,7,1,1,239,135,0.003740224413464808,6,3,49787,49887,192,100,0,0,0,0,0,0,99641,0,0,0,0,0,0,0,0,0,0,353,0,0,0,0,0,0
97,351,98.03331867755972,99994,11,6,1,1,241,136,0.003770226213572814,6,4,49785,49886,195,101,0,0,0,0,0,0,99636,0,0,0,0,0,0,0,0,0,0,358,0,0,0,0,0,0
98,351,99.03438719762354,99994,12,7,1,1,242,137,0.0037902274136448187,7,3,49783,49886,195,101,0,0,0,0,0,0,99636,0,0,0,0,0,0,0,0,0,0,358,0,0,0,0,0,0
99,351,100.27245154467099,99994,11,6,1,1,244,138,0.003820229213752825,11,3,49777,49885,198,103,0,0,0,0,0,0,99631,0,0,0,0,0,0,0,0,0,0,363,0,0,0,0,0,0
100,351,101.07970789117668,99994,12,5,1,1,245,138,0.0038302298137888272,12,4,49775,49884,198,104,0,0,0,0,0,0,99630,0,0,0,0,0,0,0,0,0,0,364,0,0,0,0,0,0
101,351,102.17284866210147,99994,11,3,1,1,245,138,0.0038302298137888272,12,4,49777,49884,197,106,0,0,0,0,0,0,99627,0,0,0,0,0,0,0,0,0,0,367,0,0,0,0,0,0
102,351,103.05282844354352,99994,12,2,1,1,249,138,0.0038702322139328358,8,4,49779,49885,198,106,0,0,0,0,0,0,99623,0,0,0,0,0,0,0,0,0,0,371,0,0,0,0,0,0
103,351,104.13943894005051,99994,12,3,1,1,250,139,0.0038902334140048403,8,3,49778,49885,199,106,0,0,0,0,0,0,99622,0,0,0,0,0,0,0,0,0,0,372,0,0,0,0,0,0
104,351,105.2392610450589,99994,13,3,1,1,252,139,0.003910234614076844,11,3,49773,49885,200,106,0,0,0,0,0,0,99621,0,0,0,0,0,0,0,0,0,0,373,0,0,0,0,0,0
105,351,106.0125974975493,99994,14,4,1,1,253,140,0.003930235814148849,12,2,49771,49885,200,106,0,0,0,0,0,0,99621,0,0,0,0,0,0,0,0,0,0,373,0,0,0,0,0,0
106,351,107.08820033277038,99994,16,4,1,1,256,140,0.003960237614256856,14,3,49768,49884,199,106,0,0,0,0,0,0,99620,0,0,0,0,0,0,0,0,0,0,374,0,0,0,0,0,0
107,351,108.05019253686093,99994,17,3,1,1,260,140,0.004000240014400864,13,5,49765,49884,202,105,0,0,0,0,0,0,99616,0,0,0,0,0,0,0,0,0,0,378,0,0,0,0,0,0
108,351,109.1630685374976,99994,17,4,1,1,261,141,0.004020241214472868,15,6,49762,49883,203,104,0,0,0,0,0,0,99615,0,0,0,0,0,0,0,0,0,0,379,0,0,0,0,0,0
109,351,110.03784318772493,99994,19,5,1,1,263,144,0.0040702442146528794,14,4,49763,49882,201,106,0,0,0,0,0,0,99613,0,0,0,0,0,0,0,0,0,0,381,0,0,0,0,0,0
110,351,111.05677779248556,99994,24,7,1,1,268,147,0.0041502490149408966,14,2,49758,49882,201,106,0,0,0,0,0,0,99612,0,0,0,0,0,0,0,0,0,0,382,0,0,0,0,0,0
111,351,112.28831717199539,99994,22,5,1,1,268,148,0.004160249614976899,16,2,49757,49881,202,109,0,0,0,0,0,0,99607,0,0,0,0,0,0,0,0,0,0,387,0,0,0,0,0,0
112,351,113.14097056510411,99994,26,5,1,1,274,148,0.004220253215192911,12,2,49755,49881,204,109,0,0,0,0,0,0,99605,0,0,0,0,0,0,0,0,0,0,389,0,0,0,0,0,0
113,351,114.02912863868532,99994,25,3,1,1,276,149,0.004250255015300918,18,3,49747,49880,207,111,0,0,0,0,0,0,99599,0,0,0,0,0,0,0,0,0,0,395,0,0,0,0,0,0
114,351,115.06301852936086,99994,22,5,1,1,280,152,0.004320259215552933,23,1,49739,49880,213,111,0,0,0,0,0,0,99591,0,0,0,0,0,0,0,0,0,0,403,0,0,0,0,0,0
115,351,116.08201806241524,99994,26,4,1,1,286,152,0.0043802628157689465,21,3,49738,49879,212,111,0,0,0,0,0,0,99588,0,0,0,0,0,0,0,0,0,0,406,0,0,0,0,0,0
116,351,117.05593584787044,99994,24,4,1,1,291,153,0.004440266415984959,18,4,49737,49878,218,111,0,0,0,0,0,0,99580,0,0,0,0,0,0,0,0,0,0,414,0,0,0,0,0,0
117,351,118.0462000597787,99994,22,5,1,1,293,154,0.004470268216092966,19,4,49734,49877,222,111,0,0,0,0,0,0,99576,0,0,0,0,0,0,0,0,0,0,418,0,0,0,0,0,0
118,351,119.26681896406572,99994,23,5,1,1,297,154,0.004510270616236974,19,5,49732,49876,223,111,0,0,0,0,0,0,99573,0,0,0,0,0,0,0,0,0,0,421,0,0,0,0,0,0
119,351,120.18537596442845,99994,23,5,1,1,299,155,0.004540272416344981,21,6,49728,49874,225,112,0,0,0,0,0,0,99570,0,0,0,0,0,0,0,0,0,0,424,0,0,0,0,0,0
120,351,121.14456324011931,99994,25,7,1,1,304,157,0.004610276616596996,17,4,49727,49874,228,112,0,0,0,0,0,0,99567,0,0,0,0,0,0,0,0,0,0,427,0,0,0,0,0,0
121,351,122.23125478261008,99994,26,6,1,1,307,158,0.004650279016741005,19,3,49723,49874,229,114,0,0,0,0,0,0,99563,0,0,0,0,0,0,0,0,0,0,431,0,0,0,0,0,0
122,351,123.03816338013667,99994,24,3,1,1,311,158,0.004690281416885013,16,4,49722,49873,235,117,0,0,0,0,0,0,99554,0,0,0,0,0,0,0,0,0,0,440,0,0,0,0,0,0
123,351,124.14609037213407,99994,22,4,1,1,314,159,0.004730283817029022,14,4,49722,49873,239,116,0,0,0,0,0,0,99549,0,0,0,0,0,0,0,0,0,0,445,0,0,0,0,0,0
124,351,125.16709956357242,99994,20,4,1,1,316,159,0.004750285017101026,13,7,49722,49870,242,116,0,0,0,0,0,0,99545,0,0,0,0,0,0,0,0,0,0,449,0,0,0,0,0,0
125,351,126.09272615172185,99994,21,5,1,1,318,161,0.004790287417245034,16,6,49718,49869,242,117,0,0,0,0,0,0,99543,0,0,0,0,0,0,0,0,0,0,451,0,0,0,0,0,0
126,351,127.1615220159046,99994,18,5,1,1,321,162,0.004830289817389043,15,5,49717,49869,247,118,0,0,0,0,0,0,99536,0,0,0,0,0,0,0,0,0,0,458,0,0,0,0,0,0
127,351,128.16822509704522,99994,17,7,1,1,326,165,0.0049102946176770605,15,5,49715,49866,250,119,0,0,0,0,0,0,99529,0,0,0,0,0,0,0,0,0,0,465,0,0,0,0,0,0
128,351,129.08256540417221,99994,17,8,1,1,328,166,0.004940296417785067,15,4,49714,49867,251,118,0,0,0,0,0,0,99527,0,0,0,0,0,0,0,0,0,0,467,0,0,0,0,0,0
129,351,130.02400676191783,99994,19,8,1,1,333,167,0.00500030001800108,14,3,49710,49867,254,119,0,0,0,0,0,0,99523,0,0,0,0,0,0,0,0,0,0,471,0,0,0,0,0,0
130,351,131.0737700255368,99994,27,7,1,1,342,167,0.005090305418325099,7,7,49708,49863,255,120,0,0,0,0,0,0,99521,0,0,0,0,0,0,0,0,0,0,473,0,0,0,0,0,0
131,351,132.04122717455715,99994,24,7,1,1,343,168,0.005110306618397104,12,12,49703,49857,258,121,0,0,0,0,0,0,99516,0,0,0,0,0,0,0,0,0,0,478,0,0,0,0,0,0
132,351,133.07456262295676,99994,25,10,1,1,345,171,0.005160309618577115,13,9,49700,49858,259,120,0,0,0,0,0,0,99515,0,0,0,0,0,0,0,0,0,0,479,0,0,0,0,0,0
133,351,134.22179011659432,99994,23,12,1,1,350,174,0.005240314418865132,10,8,49700,49856,264,121,0,0,0,0,0,0,99507,0,0,0,0,0,0,0,0,0,0,487,0,0,0,0,0,0
134,351,135.0266256891907,99994,21,12,1,1,351,176,0.005270316218973139,13,7,49696,49856,267,122,0,0,0,0,0,0,99502,0,0,0,0,0,0,0,0,0,0,492,0,0,0,0,0,0
135,351,136.1748109251096,99994,21,10,1,1,355,179,0.005340320419225154,18,10,49687,49851,271,126,0,0,0,0,0,0,99493,0,0,0,0,0,0,0,0,0,0,501,0,0,0,0,0,0
136,351,137.04445011170378,99994,21,14,1,1,357,184,0.0054103246194771686,20,7,49684,49849,272,127,0,0,0,0,0,0,99490,0,0,0,0,0,0,0,0,0,0,504,0,0,0,0,0,0
137,351,138.00048410774625,99994,27,16,1,1,365,187,0.005520331219873192,20,6,49677,49847,273,128,0,0,0,0,0,0,99487,0,0,0,0,0,0,0,0,0,0,507,0,0,0,0,0,0
138,351,139.1064855142601,99994,27,16,1,1,367,189,0.005560333620017201,23,8,49673,49843,274,130,0,0,0,0,0,0,99483,0,0,0,0,0,0,0,0,0,0,511,0,0,0,0,0,0
139,351,140.08255597676992,99994,29,15,1,1,373,191,0.0056403384203052185,21,7,49669,49842,278,133,0,0,0,0,0,0,99476,0,0,0,0,0,0,0,0,0,0,518,0,0,0,0,0,0
140,351,141.16506522544313,99993,31,13,2,1,382,191,0.005730401128078965,16,8,49666,49843,283,133,0,0,0,0,0,0,99467,0,0,0,0,0,0,0,0,0,0,526,0,0,0,0,0,0
141,351,142.05937878438397,99993,31,12,2,1,385,192,0.005770403928274979,15,7,49665,49843,285,135,0,0,0,0,0,0,99462,0,0,0,0,0,0,0,0,0,0,531,0,0,0,0,0,0
142,351,143.01286602150398,99992,30,12,2,2,389,195,0.00584046723737899,18,8,49659,49839,289,137,0,0,0,0,0,0,99454,0,0,0,0,0,0,0,0,0,0,538,0,0,0,0,0,0
143,351,144.2320400006269,99992,31,11,2,2,395,196,0.0059104728378270265,17,10,49654,49836,294,139,0,0,0,0,0,0,99447,0,0,0,0,0,0,0,0,0,0,545,0,0,0,0,0,0
144,351,145.25762597759115,99992,23,12,2,2,396,200,0.005960476838147052,21,9,49649,49834,303,141,0,0,0,0,0,0,99435,0,0,0,0,0,0,0,0,0,0,557,0,0,0,0,0,0
145,351,146.10534075142087,99992,21,14,2,2,397,203,0.006000480038403072,25,7,49645,49835,305,140,0,0,0,0,0,0,99431,0,0,0,0,0,0,0,0,0,0,561,0,0,0,0,0,0
146,351,147.0727548753976,99992,21,11,2,2,400,204,0.006040483238659093,24,7,49643,49834,308,144,0,0,0,0,0,0,99424,0,0,0,0,0,0,0,0,0,0,568,0,0,0,0,0,0
147,351,148.09703403267628,99992,18,11,2,2,401,206,0.006070485638851108,27,6,49640,49833,311,146,0,0,0,0,0,0,99418,0,0,0,0,0,0,0,0,0,0,574,0,0,0,0,0,0
148,351,149.08024502099985,99992,20,9,2,2,408,206,0.0061404912392991435,23,12,49639,49827,314,148,0,0,0,0,0,0,99411,0,0,0,0,0,0,0,0,0,0,581,0,0,0,0,0,0
149,351,150.14723232076463,99992,21,8,2,2,411,208,0.00619049523961917,24,10,49636,49827,315,151,0,0,0,0,0,0,99406,0,0,0,0,0,0,0,0,0,0,586,0,0,0,0,0,0
150,351,151.08733685448016,99992,24,7,2,2,417,209,0.0062605008400672055,20,13,49635,49824,317,152,0,0,0,0,0,0,99401,0,0,0,0,0,0,0,0,0,0,591,0,0,0,0,0,0
151,351,152.1340618271537,99992,29,11,2,2,423,213,0.006360508840707256,19,11,49633,49822,315,152,0,0,0,0,0,0,99400,0,0,0,0,0,0,0,0,0,0,592,0,0,0,0,0,0
152,351,153.1078943197018,99992,28,13,2,2,423,216,0.006390511240899272,22,10,49630,49822,316,151,0,0,0,0,0,0,99398,0,0,0,0,0,0,0,0,0,0,594,0,0,0,0,0,0
153,351,154.01510641934905,99992,28,13,2,2,427,220,0.006470517641411313,22,10,49626,49820,320,153,0,0,0,0,0,0,99390,0,0,0,0,0,0,0,0,0,0,602,0,0,0,0,0,0
154,351,155.2385433565456,99992,24,10,2,2,429,222,0.006510520841667334,22,8,49625,49820,325,158,0,0,0,0,0,0,99379,0,0,0,0,0,0,0,0,0,0,613,0,0,0,0,0,0
155,351,156.06031011850342,99992,24,11,2,2,430,224,0.006540523241859349,27,8,49620,49819,325,158,0,0,0,0,0,0,99377,0,0,0,0,0,0,0,0,0,0,615,0,0,0,0,0,0
156,351,157.24404241963109,99992,23,10,2,2,439,225,0.0066405312424994,24,8,49614,49818,335,160,0,0,0,0,0,0,99365,0,0,0,0,0,0,0,0,0,0,627,0,0,0,0,0,0
157,351,158.09869216235546,99992,27,11,2,2,448,227,0.006750540043203457,21,10,49608,49815,340,160,0,0,0,0,0,0,99359,0,0,0,0,0,0,0,0,0,0,633,0,0,0,0,0,0
158,351,159.30351490094873,99992,32,14,2,2,456,231,0.006870549643971518,19,8,49605,49813,340,161,0,0,0,0,0,0,99355,0,0,0,0,0,0,0,0,0,0,637,0,0,0,0,0,0
159,351,160.08903450965863,99992,37,13,2,2,463,231,0.006940555244419553,19,9,49599,49813,341,161,0,0,0,0,0,0,99352,0,0,0,0,0,0,0,0,0,0,640,0,0,0,0,0,0
160,351,161.10115061357038,99992,42,12,2,2,472,234,0.007060564845187615,16,11,49593,49808,345,165,0,0,0,0,0,0,99344,0,0,0,0,0,0,0,0,0,0,648,0,0,0,0,0,0
161,351,162.08645052963232,99992,37,13,2,2,476,240,0.007160572845827666,17,7,49588,49807,354,169,0,0,0,0,0,0,99330,0,0,0,0,0,0,0,0,0,0,662,0,0,0,0,0,0
162,351,163.14241670462286,99992,35,10,2,2,479,240,0.0071905752460196815,19,11,49584,49804,358,171,0,0,0,0,0,0,99322,0,0,0,0,0,0,0,0,0,0,670,0,0,0,0,0,0
163,351,164.02246253673835,99992,36,11,2,2,485,241,0.007260580846467717,17,14,49581,49801,362,170,0,0,0,0,0,0,99317,0,0,0,0,0,0,0,0,0,0,675,0,0,0,0,0,0
164,351,165.12756353078078,99992,34,10,2,2,491,243,0.007340587246979759,18,13,49574,49801,370,172,0,0,0,0,0,0,99306,0,0,0,0,0,0,0,0,0,0,686,0,0,0,0,0,0
165,351,166.0854213767961,99992,34,12,2,2,494,246,0.007400592047363789,21,10,49569,49801,372,173,0,0,0,0,0,0,99302,0,0,0,0,0,0,0,0,0,0,690,0,0,0,0,0,0
166,351,167.00537581778968,99992,35,13,2,2,502,248,0.00750060004800384,19,15,49564,49794,378,174,0,0,0,0,0,0,99294,0,0,0,0,0,0,0,0,0,0,698,0,0,0,0,0,0
167,351,168.25243069482812,99992,35,15,2,2,509,251,0.007600608048643892,19,18,49559,49789,383,174,0,0,0,0,0,0,99286,0,0,0,0,0,0,0,0,0,0,706,0,0,0,0,0,0
168,351,169.0528568219804,99992,40,17,2,2,515,255,0.007700616049283943,16,16,49556,49787,384,176,0,0,0,0,0,0,99283,0,0,0,0,0,0,0,0,0,0,709,0,0,0,0,0,0
169,351,170.14892490976675,99992,45,22,2,2,524,264,0.007880630450436035,11,11,49553,49784,387,179,0,0,0,0,0,0,99275,0,0,0,0,0,0,0,0,0,0,717,0,0,0,0,0,0
170,351,171.07530885098,99992,44,26,2,2,529,271,0.008000640051204096,14,8,49546,49780,392,182,0,0,0,0,0,0,99266,0,0,0,0,0,0,0,0,0,0,726,0,0,0,0,0,0
171,351,172.00017281254532,99992,41,25,2,2,530,275,0.008050644051524123,25,12,49535,49772,395,187,0,0,0,0,0,0,99257,0,0,0,0,0,0,0,0,0,0,735,0,0,0,0,0,0
172,351,173.1271844925259,99992,45,21,2,2,540,276,0.008160652852228178,22,13,49529,49771,400,191,0,0,0,0,0,0,99246,0,0,0,0,0,0,0,0,0,0,746,0,0,0,0,0,0
173,351,174.2582274658391,99992,46,19,2,2,546,279,0.008250660052804224,25,10,49522,49772,403,195,0,0,0,0,0,0,99236,0,0,0,0,0,0,0,0,0,0,756,0,0,0,0,0,0
174,351,175.0287679334766,99992,43,18,2,2,549,280,0.008290663253060245,26,10,49519,49771,408,197,0,0,0,0,0,0,99228,0,0,0,0,0,0,0,0,0,0,764,0,0,0,0,0,0
175,351,176.23616638086492,99992,43,20,2,2,558,283,0.008410672853828306,23,9,49513,49772,417,195,0,0,0,0,0,0,99218,0,0,0,0,0,0,0,0,0,0,774,0,0,0,0,0,0
176,351,177.16751553521908,99992,42,18,2,2,559,287,0.008460676854148332,26,9,49509,49769,419,200,0,0,0,0,0,0,99210,0,0,0,0,0,0,0,0,0,0,782,0,0,0,0,0,0
177,351,178.232494588397,99992,44,17,2,2,567,288,0.008550684054724377,30,16,49498,49761,424,202,0,0,0,0,0,0,99202,0,0,0,0,0,0,0,0,0,0,790,0,0,0,0,0,0
178,351,179.1043080232172,99992,49,18,2,2,575,291,0.008660692855428434,29,18,49491,49757,427,203,0,0,0,0,0,0,99197,0,0,0,0,0,0,0,0,0,0,795,0,0,0,0,0,0
179,351,180.20591354997794,99992,54,20,2,2,584,296,0.008800704056324505,34,14,49477,49756,431,206,0,0,0,0,0,0,99190,0,0,0,0,0,0,0,0,0,0,802,0,0,0,0,0,0
180,351,181.00302105414514,99992,52,22,2,2,591,299,0.008900712056964558,35,15,49470,49753,439,206,0,0,0,0,0,0,99180,0,0,0,0,0,0,0,0,0,0,812,0,0,0,0,0,0
181,351,182.0026350336426,99991,56,20,2,3,603,302,0.009050814573311599,31,14,49465,49751,444,210,0,0,0,0,0,0,99167,0,0,0,0,0,0,0,0,0,0,824,0,0,0,0,0,0
182,351,183.1511466935834,99991,58,20,2,3,613,305,0.009180826274364692,29,13,49457,49750,452,212,0,0,0,0,0,0,99156,0,0,0,0,0,0,0,0,0,0,835,0,0,0,0,0,0
183,351,184.2261269627095,99991,58,20,2,3,626,307,0.009330839775579802,34,15,49444,49746,460,214,0,0,0,0,0,0,99141,0,0,0,0,0,0,0,0,0,0,850,0,0,0,0,0,0
184,351,185.16004193326197,99991,54,18,2,3,630,307,0.00937084337590383,36,16,49438,49745,468,216,0,0,0,0,0,0,99131,0,0,0,0,0,0,0,0,0,0,860,0,0,0,0,0,0
185,351,186.0423565541697,99991,58,18,2,3,639,310,0.009490854176875918,35,14,49433,49746,470,217,0,0,0,0,0,0,99123,0,0,0,0,0,0,0,0,0,0,868,0,0,0,0,0,0
186,351,187.18560285693206,99991,60,20,2,3,655,314,0.009690872178496065,25,12,49427,49744,484,219,0,0,0,0,0,0,99107,0,0,0,0,0,0,0,0,0,0,884,0,0,0,0,0,0
187,351,188.0403052674727,99991,58,19,2,3,658,314,0.009720874878739086,31,15,49420,49741,487,220,0,0,0,0,0,0,99101,0,0,0,0,0,0,0,0,0,0,890,0,0,0,0,0,0
188,351,189.10566544574937,99991,58,24,2,3,665,321,0.009860887479873189,27,15,49418,49734,493,222,0,0,0,0,0,0,99092,0,0,0,0,0,0,0,0,0,0,899,0,0,0,0,0,0
189,351,190.08521089307624,99991,55,24,2,3,670,324,0.009940894680521247,28,16,49414,49730,499,225,0,0,0,0,0,0,99081,0,0,0,0,0,0,0,0,0,0,910,0,0,0,0,0,0
190,351,191.072010760497,99991,52,25,2,3,678,330,0.010080907281655348,26,23,49409,49717,509,230,0,0,0,0,0,0,99065,0,0,0,0,0,0,0,0,0,0,926,0,0,0,0,0,0
191,351,192.06340410540162,99991,59,25,2,3,688,331,0.010190917182546428,19,25,49406,49714,512,231,0,0,0,0,0,0,99061,0,0,0,0,0,0,0,0,0,0,930,0,0,0,0,0,0
192,351,193.0867658304863,99991,56,30,2,3,696,340,0.010360932483923554,24,24,49396,49706,520,235,0,0,0,0,0,0,99046,0,0,0,0,0,0,0,0,0,0,945,0,0,0,0,0,0
193,351,194.07834718176352,99991,61,34,2,3,705,347,0.01052094688521967,24,21,49388,49703,523,237,0,0,0,0,0,0,99039,0,0,0,0,0,0,0,0,0,0,952,0,0,0,0,0,0
194,351,195.00117420060968,99991,61,40,2,3,711,355,0.010660959486353773,23,16,49384,49701,528,238,0,0,0,0,0,0,99031,0,0,0,0,0,0,0,0,0,0,960,0,0,0,0,0,0
195,351,196.06932573219666,99991,57,44,2,3,718,365,0.010830974787730896,30,11,49374,49697,535,243,0,0,0,0,0,0,99014,0,0,0,0,0,0,0,0,0,0,977,0,0,0,0,0,0
196,351,197.26708834559267,99991,51,39,2,3,720,367,0.010870978388054925,40,13,49363,49694,542,249,0,0,0,0,0,0,98999,0,0,0,0,0,0,0,0,0,0,992,0,0,0,0,0,0
197,351,198.2612637354256,99991,60,40,2,3,734,373,0.011070996389675071,40,13,49350,49688,546,254,0,0,0,0,0,0,98989,0,0,0,0,0,0,0,0,0,0,1002,0,0,0,0,0,0
198,351,199.11997862496767,99991,69,33,2,3,751,374,0.011251012591133203,42,19,49333,49681,552,262,0,0,0,0,0,0,98973,0,0,0,0,0,0,0,0,0,0,1018,0,0,0,0,0,0
199,351,200.19629741500097,99991,72,32,2,3,764,379,0.011431028792591334,42,19,49322,49677,560,267,0,0,0,0,0,0,98957,0,0,0,0,0,0,0,0,0,0,1034,0,0,0,0,0,0
200,351,201.22814243526736,99991,75,30,2,3,775,381,0.011561040493644427,44,23,49313,49676,564,266,0,0,0,0,0,0,98945,0,0,0,0,0,0,0,0,0,0,1046,0,0,0,0,0,0
201,351,202.22100797271457,99991,84,32,2,3,789,385,0.011741056695102559,36,21,49309,49674,567,268,0,0,0,0,0,0,98938,0,0,0,0,0,0,0,0,0,0,1053,0,0,0,0,0,0
202,351,203.2139448763356,99991,78,37,2,3,795,395,0.011901071096398676,43,20,49298,49666,577,272,0,0,0,0,0,0,98921,0,0,0,0,0,0,0,0,0,0,1070,0,0,0,0,0,0
203,351,204.12555842297246,99991,74,36,2,3,804,399,0.012031082797451772,45,25,49291,49657,586,277,0,0,0,0,0,0,98903,0,0,0,0,0,0,0,0,0,0,1088,0,0,0,0,0,0
204,351,205.11885601149896,99991,79,40,2,3,816,407,0.012231100799071916,50,22,49275,49652,592,281,0,0,0,0,0,0,98892,0,0,0,0,0,0,0,0,0,0,1099,0,0,0,0,0,0
205,351,206.11233996477918,99991,80,40,2,3,829,414,0.012431118800692063,52,21,49261,49646,603,288,0,0,0,0,0,0,98873,0,0,0,0,0,0,0,0,0,0,1118,0,0,0,0,0,0
206,351,207.10608790755654,99991,76,34,2,3,841,415,0.012561130501745158,55,26,49246,49640,619,295,0,0,0,0,0,0,98850,0,0,0,0,0,0,0,0,0,0,1141,0,0,0,0,0,0
207,351,208.10013015963608,99990,81,34,3,3,854,419,0.012731273127312731,56,27,49233,49637,625,297,0,0,0,0,0,0,98838,0,0,0,0,0,0,0,0,0,0,1152,0,0,0,0,0,0
208,351,209.09439047663173,99990,85,41,3,3,870,429,0.012991299129912991,54,25,49220,49630,636,299,0,0,0,0,0,0,98823,0,0,0,0,0,0,0,0,0,0,1167,0,0,0,0,0,0
209,351,210.08884199779519,99990,82,41,3,3,880,434,0.013141314131413142,54,23,49212,49628,647,303,0,0,0,0,0,0,98806,0,0,1,0,0,0,0,0,0,0,1183,0,0,0,0,0,0
210,351,211.08350895542856,99990,76,40,3,3,890,438,0.013281328132813281,52,21,49204,49627,663,307,0,0,0,0,0,0,98785,0,0,1,0,0,0,0,0,0,0,1204,0,0,0,0,0,0
211,351,212.08715677064063,99990,83,37,3,3,907,444,0.013511351135113512,46,20,49194,49622,672,316,0,0,0,0,0,0,98766,0,0,1,0,0,0,0,0,0,0,1223,0,0,0,0,0,0
212,351,213.1346994935545,99990,88,36,3,3,920,448,0.013681368136813681,41,18,49188,49620,678,321,0,0,0,0,0,0,98753,0,0,1,0,0,0,0,0,0,0,1236,0,0,0,0,0,0
213,351,214.07119195972612,99990,85,36,3,3,926,453,0.013791379137913791,42,19,49184,49615,684,325,0,0,0,0,0,0,98739,0,0,1,0,0,0,0,0,0,0,1250,0,0,0,0,0,0
214,351,215.03571830519306,99990,84,41,3,3,937,461,0.01398139813981398,43,18,49173,49609,695,327,0,0,0,0,0,0,98724,0,0,1,0,0,0,0,0,0,0,1265,0,0,0,0,0,0
215,351,216.08084669307965,99990,87,35,3,3,952,469,0.014211421142114211,45,20,49159,49602,704,338,0,0,0,0,0,0,98698,0,0,1,0,0,0,0,0,0,0,1291,0,0,0,0,0,0
216,351,217.03144024791342,99990,89,35,3,3,962,474,0.014361436143614362,46,17,49149,49601,711,342,0,0,0,0,0,0,98685,0,0,1,0,0,0,0,0,0,0,1304,0,0,0,0,0,0
217,351,218.21460614780463,99989,85,34,4,3,971,480,0.014511596275590314,53,16,49136,49597,720,348,0,0,0,0,0,0,98665,0,0,1,0,0,0,0,0,0,0,1323,0,0,0,0,0,0
218,351,219.21837683808727,99989,77,33,4,3,987,486,0.014731620478252608,50,21,49125,49589,742,352,0,0,0,0,0,0,98634,0,0,1,0,0,0,0,0,0,0,1354,0,0,0,0,0,0
219,351,220.21493075471372,99989,77,30,4,3,999,490,0.014891638080188821,44,23,49121,49587,752,355,0,0,0,0,0,0,98616,0,0,2,0,0,0,0,0,0,0,1371,0,0,0,0,0,0
220,351,221.21166000920877,99989,77,37,4,3,1011,497,0.015081658982488073,45,25,49111,49581,761,352,0,0,0,0,0,0,98604,0,0,2,0,0,0,0,0,0,0,1383,0,0,0,0,0,0
221,351,222.20855845832722,99989,78,41,4,3,1021,505,0.015261678784666314,45,20,49103,49579,768,355,0,0,0,0,0,0,98591,0,0,2,0,0,0,0,0,0,0,1396,0,0,0,0,0,0
222,351,223.3203477267276,99989,85,40,4,3,1037,509,0.01546170078708658,47,29,49088,49567,774,359,0,0,0,0,0,0,98578,0,0,3,0,0,0,0,0,0,0,1408,0,0,0,0,0,0
223,351,224.31754558035922,99989,84,41,4,3,1045,517,0.015621718389022793,47,25,49080,49565,783,364,0,0,0,0,0,0,98562,0,0,3,0,0,0,0,0,0,0,1424,0,0,0,0,0,0
224,351,225.31495695690597,99989,85,37,4,3,1056,524,0.015801738191201033,51,24,49066,49559,792,375,0,0,0,0,0,0,98541,0,0,3,0,0,0,0,0,0,0,1445,0,0,0,0,0,0
225,351,226.3125909274954,99989,83,43,4,3,1067,534,0.01601176129374231,50,19,49058,49557,803,376,0,0,0,0,0,0,98524,0,0,3,0,0,0,0,0,0,0,1462,0,0,0,0,0,0
226,351,227.10252519948617,99989,88,44,4,3,1078,538,0.01616177779555751,48,20,49053,49553,805,378,0,0,0,0,0,0,98515,0,0,3,0,0,0,0,0,0,0,1471,0,0,0,0,0,0
227,351,228.1694818759588,99989,80,42,4,3,1090,541,0.01631179429737271,55,26,49036,49544,823,383,0,0,0,0,0,0,98490,0,0,3,0,0,0,0,0,0,0,1496,0,0,0,0,0,0
228,351,229.16770097823527,99989,83,38,4,3,1104,542,0.01646181079918791,59,30,49020,49541,832,386,0,0,0,0,0,0,98474,0,0,3,0,0,0,0,0,0,0,1512,0,0,0,0,0,0
229,351,230.16618296656964,99989,79,38,4,3,1115,547,0.016621828401124125,58,28,49011,49539,846,390,0,0,0,0,0,0,98454,0,0,3,0,0,0,0,0,0,0,1532,0,0,0,0,0,0
230,351,231.16493186317874,99989,76,36,4,3,1129,549,0.016781846003060336,64,32,48997,49534,857,393,0,0,0,0,0,0,98433,0,0,3,0,0,0,0,0,0,0,1553,0,0,0,0,0,0
231,351,232.16390334039855,99989,76,38,4,3,1141,558,0.016991869105601617,67,30,48984,49527,867,400,0,0,0,0,0,0,98414,0,0,3,0,0,0,0,0,0,0,1572,0,0,0,0,0,0
232,351,233.16307322024468,99989,88,30,4,3,1159,561,0.017201892208142895,65,31,48972,49526,869,408,0,0,0,0,0,0,98397,0,0,3,0,0,0,0,0,0,0,1589,0,0,0,0,0,0
233,351,234.16243787295357,99989,94,32,4,3,1174,565,0.017391913110442147,72,35,48953,49519,875,409,0,0,0,0,0,0,98386,0,0,3,0,0,0,0,0,0,0,1600,0,0,0,0,0,0
234,351,235.16203254154567,99989,107,36,4,3,1199,575,0.017741951614677613,57,34,48946,49510,884,415,0,0,0,0,0,0,98368,0,0,3,0,0,0,0,0,0,0,1618,0,0,0,0,0,0
235,351,236.16181104468882,99989,99,42,4,3,1210,586,0.01796197581733991,58,30,48937,49506,900,417,0,0,0,0,0,0,98344,0,0,3,0,0,0,0,0,0,0,1642,0,0,0,0,0,0
236,351,237.1618242692366,99989,91,50,4,3,1224,597,0.01821200332036524,55,22,48929,49504,919,419,0,0,0,0,0,0,98319,0,0,3,0,0,0,0,0,0,0,1667,0,0,0,0,0,0
237,351,238.16209754142204,99988,86,44,5,3,1235,602,0.018372204664559747,58,22,48919,49499,930,430,0,0,0,0,0,0,98293,0,0,4,0,0,0,0,0,0,0,1691,0,0,0,0,0,0
238,351,239.16262194864896,99988,85,42,5,3,1244,606,0.018502220266431973,65,24,48908,49494,935,435,0,0,0,0,0,0,98277,0,0,4,0,0,0,0,0,0,0,1707,0,0,0,0,0,0
239,351,240.16333164481182,99988,84,37,5,3,1257,609,0.01866223946873625,66,24,48897,49491,946,443,0,0,0,0,0,0,98255,0,0,4,0,0,0,0,0,0,0,1729,0,0,0,0,0,0
240,351,241.16427083037013,99988,86,36,5,3,1273,614,0.018872264671760612,65,24,48888,49486,954,449,0,0,0,0,0,0,98235,0,0,4,0,0,0,0,0,0,0,1749,0,0,0,0,0,0
241,351,242.1654330066531,99988,92,45,5,3,1289,626,0.019152298275793095,64,14,48873,49484,964,452,0,0,0,0,0,0,98222,0,0,4,0,0,0,0,0,0,0,1762,0,0,0,0,0,0
242,351,243.12305418677218,99988,100,46,5,3,1303,631,0.019342321078529425,70,17,48855,49478,968,454,0,0,0,0,0,0,98213,0,0,5,0,0,0,0,0,0,0,1770,0,0,0,0,0,0
243,351,244.21940414699094,99988,109,45,5,3,1331,640,0.019712365483858064,64,22,48837,49467,983,461,0,0,0,0,0,0,98185,0,0,6,0,0,0,0,0,0,0,1797,0,0,0,0,0,0
244,351,245.22129480789116,99988,115,42,5,3,1354,645,0.019992399087890547,62,28,48820,49458,996,467,0,0,0,0,0,0,98161,0,0,7,0,0,0,0,0,0,0,1820,0,0,0,0,0,0
245,351,246.22349341097706,99988,115,43,5,3,1373,651,0.020242429091490977,61,33,48803,49448,1014,471,0,0,0,0,0,0,98137,0,0,7,0,0,0,0,0,0,0,1844,0,0,0,0,0,0
246,351,247.22601495917678,99988,110,44,5,3,1388,660,0.020482457894947393,62,28,48789,49447,1032,476,0,0,0,0,0,0,98109,0,0,7,0,0,0,0,0,0,0,1872,0,0,0,0,0,0
247,351,248.22887132820065,99988,116,45,5,3,1402,668,0.020702484298115775,70,33,48770,49435,1037,482,0,0,0,0,0,0,98095,0,0,8,0,0,0,0,0,0,0,1885,0,0,0,0,0,0
248,351,249.2319567137196,99988,119,44,5,3,1417,673,0.02090250830099612,68,41,48758,49422,1048,488,0,0,0,0,0,0,98078,0,0,9,0,0,0,0,0,0,0,1901,0,0,0,0,0,0
249,351,250.23528861922756,99988,116,45,5,3,1430,681,0.02111253350402048,75,42,48741,49413,1061,495,0,0,0,0,0,0,98055,0,0,9,0,0,0,0,0,0,0,1924,0,0,0,0,0,0
250,351,251.23889244541127,99988,120,53,5,3,1447,695,0.02142257070848502,71,40,48730,49402,1072,500,0,0,0,0,0,0,98036,0,0,9,0,0,0,0,0,0,0,1943,0,0,0,0,0,0
251,351,252.24267745903657,99988,121,57,5,3,1468,703,0.02171260551266152,65,38,48719,49400,1088,500,0,0,0,0,0,0,98012,0,0,9,0,0,0,0,0,0,0,1967,0,0,0,0,0,0
252,351,253.2467151991531,99988,114,59,5,3,1479,710,0.021892627115253832,70,40,48707,49393,1102,503,0,0,0,0,0,0,97989,0,0,9,0,0,0,0,0,0,0,1990,0,0,0,0,0,0
253,351,254.25102012040338,99988,112,68,5,3,1493,727,0.022202664319718367,71,33,48696,49384,1114,510,0,0,0,0,0,0,97965,0,0,9,0,0,0,0,0,0,0,2014,0,0,0,0,0,0
254,351,255.25553388828914,99988,114,69,5,3,1510,736,0.022462695523462816,71,35,48683,49375,1125,516,0,0,0,0,0,0,97942,0,0,9,0,0,0,0,0,0,0,2037,0,0,0,0,0,0
255,351,256.2602755379085,99988,119,70,5,3,1526,747,0.022732727927351284,77,36,48665,49363,1132,526,0,0,0,0,0,0,97921,0,0,9,0,0,0,0,0,0,0,2058,0,0,0,0,0,0
256,351,257.26528174258084,99988,119,65,5,3,1547,753,0.023002760331239748,84,41,48637,49356,1153,533,0,0,0,0,0,0,97889,0,0,9,0,0,0,0,0,0,0,2090,0,0,0,0,0,0
257,351,258.27077470500996,99988,123,65,5,3,1567,763,0.023302796335560268,84,43,48622,49346,1164,541,0,0,0,0,0,0,97863,0,0,9,0,0,0,0,0,0,0,2116,0,0,0,0,0,0
258,351,259.2765340487814,99988,127,64,5,3,1584,774,0.02358282993959275,91,41,48602,49338,1173,552,0,0,0,0,0,0,97839,0,0,10,0,0,0,0,0,0,0,2139,0,0,0,0,0,0
259,351,260.28264113578064,99988,138,66,5,3,1609,780,0.02389286714405729,91,45,48579,49330,1185,554,0,0,0,0,0,0,97822,0,0,11,0,0,0,0,0,0,0,2155,0,0,0,0,0,0
260,351,261.2890541093614,99988,136,60,5,3,1631,790,0.02421290554866584,91,46,48563,49324,1203,565,0,0,0,0,0,0,97782,0,0,11,0,0,0,0,0,0,0,2195,0,0,0,0,0,0
261,351,262.2958659216564,99988,136,65,5,3,1651,800,0.024512941552986358,95,47,48543,49316,1219,567,0,0,0,0,0,0,97757,0,0,11,0,0,0,0,0,0,0,2220,0,0,0,0,0,0
262,351,263.3029923421661,99988,142,64,5,3,1675,812,0.02487298475817098,88,40,48533,49314,1230,577,0,0,0,0,0,0,97727,0,0,12,0,0,0,0,0,0,0,2249,0,0,0,0,0,0
263,351,264.3104068761323,99988,142,63,5,3,1700,824,0.02524302916349962,87,39,48509,49304,1255,589,0,0,0,0,0,0,97689,0,0,12,0,0,0,0,0,0,0,2287,0,0,0,0,0,0
264,351,265.318290590206,99988,148,58,5,3,1728,831,0.025593071168540225,78,41,48495,49295,1272,601,0,0,0,0,0,0,97655,0,0,12,0,0,0,0,0,0,0,2321,0,0,0,0,0,0
265,351,266.32653889327435,99988,146,64,5,3,1741,843,0.025843101172140656,96,37,48469,49288,1282,606,0,0,0,0,0,0,97635,0,0,13,0,0,0,0,0,0,0,2340,0,0,0,0,0,0
266,351,267.3351236742,99988,141,67,5,3,1763,856,0.02619314317718126,103,31,48443,49284,1306,613,0,0,0,0,0,0,97598,0,0,13,0,0,0,0,0,0,0,2377,0,0,0,0,0,0
267,351,268.007816582069,99988,139,70,5,3,1774,865,0.026393167180061607,104,26,48436,49285,1314,614,0,0,0,0,0,0,97579,0,0,13,0,0,0,0,0,0,0,2396,0,0,0,0,0,0
268,351,269.01717502718043,99988,133,66,5,3,1793,869,0.026623194783374004,107,32,48416,49275,1337,622,0,0,0,0,0,0,97546,0,0,13,0,0,0,0,0,0,0,2429,0,0,0,0,0,0
269,351,270.02692134633287,99987,136,64,6,3,1815,878,0.026933501355176172,106,35,48399,49266,1351,630,0,0,0,0,0,0,97516,0,0,13,0,0,0,0,0,0,0,2458,0,0,0,0,0,0
270,351,271.03698740399403,99987,144,66,6,3,1845,887,0.02732355206176803,90,35,48387,49258,1371,636,0,0,0,0,0,0,97487,0,0,13,0,0,0,0,0,0,0,2487,0,0,0,0,0,0
271,351,272.0473690328823,99987,148,63,6,3,1866,896,0.02762359106683869,92,38,48371,49248,1381,646,0,0,0,0,0,0,97458,0,0,13,0,0,0,0,0,0,0,2516,0,0,0,0,0,0
272,351,273.0580713370999,99987,148,63,6,3,1892,903,0.027953633972416413,84,41,48359,49241,1401,650,0,0,0,0,0,0,97425,0,0,13,0,0,0,0,0,0,0,2549,0,0,0,0,0,0
273,351,274.0690562270784,99987,147,60,6,3,1912,912,0.02824367167731805,86,46,48344,49230,1415,659,0,0,0,0,0,0,97392,0,0,13,0,0,0,0,0,0,0,2582,0,0,0,0,0,0
274,351,275.08033409945875,99987,146,62,6,3,1935,922,0.028573714582895777,88,44,48322,49223,1436,666,0,0,0,0,0,0,97362,0,0,15,0,0,0,0,0,0,0,2610,0,0,0,0,0,0
275,351,276.09204907199637,99987,155,60,6,3,1962,933,0.02895376398931861,78,49,48309,49210,1450,676,0,0,0,0,0,0,97331,0,0,15,0,0,0,0,0,0,0,2641,0,0,0,0,0,0
276,351,277.10406325444615,99987,163,61,6,3,1987,945,0.029323812095572423,81,51,48287,49199,1461,684,0,0,0,0,0,0,97305,0,0,17,0,0,0,0,0,0,0,2665,0,0,0,0,0,0
277,351,278.1164220557116,99987,161,68,6,3,2009,960,0.02969386020182624,85,48,48263,49189,1483,690,0,0,0,0,0,0,97273,0,0,17,0,0,0,0,0,0,0,2697,0,0,0,0,0,0
278,351,279.1292225227265,99987,164,69,6,3,2037,972,0.030093912208587117,80,54,48246,49173,1502,699,0,0,0,0,0,0,97240,0,0,20,0,0,0,0,0,0,0,2727,0,0,0,0,0,0
279,351,280.1423179445555,99987,165,72,6,3,2055,985,0.0304039525138268,90,50,48225,49168,1512,705,0,0,0,0,0,0,97215,0,0,22,0,0,0,0,0,0,0,2750,0,0,0,0,0,0
280,351,281.1557679356884,99987,160,76,6,3,2078,996,0.030743996719573546,95,53,48201,49157,1536,709,0,0,0,0,0,0,97180,0,0,22,0,0,0,0,0,0,0,2785,0,0,0,0,0,0
281,351,282.1696966586139,99987,160,82,6,3,2102,1014,0.03116405132667247,102,48,48180,49145,1550,720,0,0,0,0,0,0,97144,0,0,22,0,0,0,0,0,0,0,2821,0,0,0,0,0,0
282,351,283.18397786888124,99987,166,85,6,3,2132,1027,0.03159410723394041,100,50,48161,49136,1565,724,0,0,0,0,0,0,97110,0,0,22,0,0,0,0,0,0,0,2855,0,0,0,0,0,0
283,351,284.1986166172602,99987,163,84,6,3,2154,1035,0.03189414623901107,106,54,48136,49127,1587,730,0,0,0,0,0,0,97077,0,0,23,0,0,0,0,0,0,0,2887,0,0,0,0,0,0
284,351,285.2137502616543,99987,153,86,6,3,2177,1048,0.032254193045095865,112,51,48113,49121,1614,737,0,0,0,0,0,0,97035,0,0,25,0,0,0,0,0,0,0,2927,0,0,0,0,0,0
285,351,286.22939802854063,99987,164,84,6,3,2204,1060,0.03264424375168772,107,56,48095,49108,1626,747,0,0,0,0,0,0,97006,0,0,26,0,0,0,0,0,0,0,2955,0,0,0,0,0,0
286,351,287.2453973922331,99986,167,83,6,4,2226,1078,0.03304462624767467,107,54,48077,49092,1641,765,0,0,0,0,0,0,96969,0,0,27,0,0,0,0,0,0,0,2990,0,0,0,0,0,0
287,351,288.26172337794077,99986,171,82,6,4,2256,1086,0.033424679455123715,97,63,48063,49077,1661,772,0,0,0,0,0,0,96934,0,0,27,0,0,0,0,0,0,0,3025,0,0,0,0,0,0
288,351,289.2783167182838,99986,182,86,6,4,2290,1105,0.03395475366551317,80,67,48054,49055,1676,786,0,0,0,0,0,0,96898,0,0,29,0,0,0,0,0,0,0,3059,0,0,0,0,0,0
289,351,290.2951553970187,99986,172,82,6,4,2308,1113,0.03421479007060989,88,73,48031,49045,1701,794,0,0,0,0,0,0,96858,0,0,29,0,0,0,0,0,0,0,3099,0,0,0,0,0,0
290,351,291.31246892372013,99986,186,89,6,4,2341,1130,0.034714860080411254,99,62,47993,49040,1714,803,0,0,0,0,0,0,96829,0,0,29,0,0,0,0,0,0,0,3128,0,0,0,0,0,0
291,351,292.33031805664956,99985,175,95,7,4,2359,1147,0.03506525978896834,109,59,47970,49028,1737,812,0,0,0,0,0,0,96790,0,0,30,0,0,0,0,0,0,0,3165,0,0,0,0,0,0
292,351,293.0091778765539,99985,172,103,7,4,2378,1163,0.035415312296844526,108,58,47954,49014,1757,819,0,0,0,0,0,0,96761,0,0,31,0,0,0,0,0,0,0,3193,0,0,0,0,0,0
293,351,294.02786256041156,99985,187,110,7,4,2416,1184,0.03600540081012152,102,49,47931,49003,1771,832,0,0,0,0,0,0,96724,0,0,31,0,0,0,0,0,0,0,3230,0,0,0,0,0,0
294,351,295.0469378874056,99985,190,108,7,4,2445,1196,0.036415462319347905,95,56,47913,48986,1793,844,0,0,0,0,0,0,96684,0,0,31,0,0,0,0,0,0,0,3270,0,0,0,0,0,0
295,351,296.06641171417516,99985,196,109,7,4,2473,1211,0.03684552682902435,98,55,47888,48975,1809,855,0,0,0,0,0,0,96648,0,0,31,0,0,0,0,0,0,0,3306,0,0,0,0,0,0
296,351,297.08633162486,99985,197,112,7,4,2496,1227,0.03723558533780067,109,50,47862,48969,1823,863,0,0,0,0,0,0,96613,0,0,31,0,0,0,0,0,0,0,3341,0,0,0,0,0,0
297,351,298.1066950670914,99985,184,110,7,4,2529,1241,0.037705655848377255,105,52,47839,48957,1863,875,0,0,0,0,0,0,96551,0,0,31,0,0,0,0,0,0,0,3403,0,0,0,0,0,0
298,351,299.1277502792479,99985,175,117,7,4,2551,1261,0.03812571885782867,104,55,47820,48937,1892,885,0,0,0,0,0,0,96509,0,0,33,0,0,0,0,0,0,0,3443,0,0,0,0,0,0
299,351,300.14930041282287,99984,173,114,8,4,2576,1273,0.03849615938550168,105,59,47797,48928,1915,893,0,0,0,0,0,0,96468,0,0,34,0,0,0,0,0,0,0,3482,0,0,0,0,0,0
300,351,301.17126387086194,99984,180,112,8,4,2601,1287,0.03888622179548728,112,57,47774,48922,1924,903,0,0,0,0,0,0,96435,0,0,35,0,0,0,0,0,0,0,3514,0,0,0,0,0,0
301,351,302.1936564776506,99984,178,115,8,4,2625,1307,0.03932629220675308,114,46,47755,48916,1943,917,0,0,0,0,0,0,96394,0,0,37,0,0,0,0,0,0,0,3553,0,0,0,0,0,0
302,351,303.21645745581714,99984,181,106,8,4,2652,1317,0.0396963514162266,111,49,47734,48908,1964,931,0,0,0,0,0,0,96353,0,0,39,0,0,0,0,0,0,0,3592,0,0,0,0,0,0
303,351,304.23971635092704,99984,178,105,8,4,2684,1329,0.0401364218274924,104,53,47717,48892,1991,944,0,0,0,0,0,0,96305,0,0,39,0,0,0,0,0,0,0,3640,0,0,0,0,0,0
304,351,305.26347800751813,99984,172,112,8,4,2706,1349,0.04055648903824612,118,48,47692,48881,2008,953,0,0,0,0,0,0,96266,0,0,41,0,0,0,0,0,0,0,3677,0,0,0,0,0,0
305,351,306.28775601473757,99983,152,98,9,4,2725,1357,0.04082694057989858,132,57,47666,48866,2039,973,0,0,0,0,0,0,96206,0,0,42,0,0,0,0,0,0,0,3735,0,0,0,0,0,0
306,351,307.312624042907,99982,170,87,10,4,2764,1370,0.04134744253965714,122,58,47642,48855,2054,994,0,0,0,0,0,0,96161,0,0,42,0,0,0,0,0,0,0,3779,0,0,0,0,0,0
307,351,308.3379879971519,99982,181,91,10,4,2796,1388,0.04184753255586005,113,49,47625,48852,2069,1002,0,0,0,0,0,0,96126,0,0,42,0,0,0,0,0,0,0,3814,0,0,0,0,0,0
308,351,309.0217635436429,99982,179,93,10,4,2810,1397,0.042077573963313394,119,49,47608,48846,2082,1006,0,0,0,0,0,0,96104,0,0,43,0,0,0,0,0,0,0,3835,0,0,0,0,0,0
309,351,310.04779751147083,99982,188,102,10,4,2845,1414,0.04259766758016443,111,59,47588,48822,2101,1011,0,0,0,0,0,0,96071,0,0,44,0,0,0,0,0,0,0,3867,0,0,0,0,0,0
310,351,311.0741349419335,99982,183,111,10,4,2868,1433,0.04301774319377488,115,65,47565,48802,2125,1016,0,0,0,0,0,0,96034,0,0,45,0,0,0,0,0,0,0,3903,0,0,0,0,0,0
311,351,312.10089132160044,99982,180,107,10,4,2895,1448,0.04343781880738533,117,58,47545,48799,2146,1030,0,0,0,0,0,0,95985,0,0,45,0,0,0,0,0,0,0,3952,0,0,0,0,0,0
312,351,313.12814584693956,99982,191,108,10,4,2929,1467,0.04396791422456042,112,53,47526,48789,2159,1044,0,0,0,0,0,0,95945,0,0,46,0,0,0,0,0,0,0,3991,0,0,0,0,0,0
313,351,314.15574950302283,99982,193,107,10,4,2963,1482,0.04445800244043928,109,51,47507,48779,2179,1057,0,0,0,0,0,0,95898,0,0,47,0,0,0,0,0,0,0,4037,0,0,0,0,0,0
314,351,315.1837850369643,99982,191,102,10,4,2983,1496,0.04479806365145726,117,58,47484,48763,2196,1071,0,0,0,0,0,0,95859,0,0,49,0,0,0,0,0,0,0,4074,0,0,0,0,0,0
315,351,316.2123089678998,99982,187,104,10,4,3012,1512,0.04524814466603989,126,58,47450,48752,2225,1080,0,0,0,0,0,0,95813,0,0,50,0,0,0,0,0,0,0,4119,0,0,0,0,0,0
316,351,317.24141291470465,99982,192,103,10,4,3039,1528,0.04567822207997439,125,62,47432,48740,2239,1089,0,0,0,0,0,0,95774,0,0,50,0,0,0,0,0,0,0,4158,0,0,0,0,0,0
317,351,318.270908064941,99982,197,102,10,4,3070,1543,0.04613830489488108,130,61,47409,48730,2252,1101,0,0,0,0,0,0,95734,0,0,52,0,0,0,0,0,0,0,4196,0,0,0,0,0,0
318,351,319.30079907917315,99981,181,106,11,4,3094,1557,0.04651883857933007,138,63,47387,48720,2281,1105,0,0,0,0,0,0,95686,0,0,54,0,0,0,0,0,0,0,4241,0,0,0,0,0,0
319,351,320.33119926446625,99980,194,110,12,4,3133,1574,0.047079415883176635,123,56,47366,48715,2302,1112,1,1,1,1,0,0,95646,0,0,55,0,0,0,0,0,0,2,4277,0,0,0,0,0,0
320,351,321.0184092465609,99980,200,117,12,4,3151,1586,0.04737947589517903,118,55,47361,48706,2305,1114,2,2,2,2,0,0,95627,0,0,55,0,0,0,0,0,0,4,4294,0,0,0,0,0,0
321,351,322.1226716384547,99980,193,119,12,4,3184,1602,0.047869573914782956,112,57,47340,48691,2338,1124,3,3,3,3,0,0,95571,0,0,55,0,0,0,0,0,0,6,4348,0,0,0,0,0,0
322,351,323.11124258203347,99979,190,114,13,4,3211,1611,0.04823012832694866,110,65,47325,48682,2356,1129,4,4,4,4,0,0,95526,0,0,56,0,0,0,0,0,0,8,4389,0,0,0,0,0,0
323,351,324.25235278637905,99979,184,114,13,4,3236,1629,0.048660218645915645,104,64,47310,48666,2381,1144,6,6,6,6,0,0,95475,0,0,57,0,0,0,0,0,0,11,4435,1,0,0,0,0,0
324,351,325.1367766346914,99978,175,120,14,4,3255,1646,0.049020784572605974,111,60,47290,48658,2400,1148,8,8,8,8,0,0,95434,0,0,59,0,0,0,0,0,0,15,4469,1,0,0,0,0,0
325,351,326.01314604736314,99978,175,115,14,4,3283,1660,0.04944087699293845,112,55,47270,48652,2417,1161,10,11,11,10,0,0,95382,0,0,59,0,0,0,0,0,0,20,4516,1,0,0,0,0,0
326,351,327.0043966520172,99978,175,116,14,4,3313,1675,0.04989097601472324,110,52,47247,48644,2439,1168,13,14,14,13,0,0,95334,0,0,61,0,0,0,0,0,0,26,4556,1,0,0,0,0,0
327,351,328.0010376774259,99978,174,115,14,4,3338,1686,0.05025105523215107,110,52,47226,48637,2458,1172,16,18,18,16,0,0,95290,0,0,62,0,0,0,0,0,0,33,4592,1,0,0,0,0,0
328,351,329.0455569176579,99978,175,115,14,4,3372,1704,0.05077116965732461,114,50,47196,48620,2479,1186,20,23,23,20,0,0,95233,0,0,65,0,0,0,0,0,0,42,4637,1,0,0,0,0,0
329,351,330.0888232357995,99978,188,110,14,4,3407,1714,0.0512212686791094,104,58,47176,48604,2492,1193,24,29,29,24,0,0,95188,0,0,67,0,0,0,0,0,0,52,4670,1,0,0,0,0,0
330,351,331.1732081982304,99978,197,107,14,4,3446,1738,0.05185140730960811,106,58,47135,48581,2517,1212,29,36,36,29,0,0,95120,0,0,68,0,0,0,0,0,0,64,4725,1,0,0,0,0,0
331,351,332.20924630497854,99978,200,102,14,4,3478,1749,0.0522815019304247,109,66,47108,48558,2533,1224,34,44,44,35,0,0,95064,0,0,69,0,0,0,0,0,0,76,4766,3,0,0,0,0,0
332,351,333.2458195227172,99978,209,103,14,4,3510,1761,0.05272159875172538,115,65,47074,48543,2546,1230,40,53,53,41,0,0,95017,0,0,68,1,0,0,0,0,0,89,4799,4,0,0,0,0,0
333,351,334.2829305677778,99978,207,103,14,4,3537,1775,0.05313168897157375,120,66,47048,48523,2562,1239,47,63,63,48,0,0,94961,0,0,70,1,0,0,0,0,0,104,4836,6,0,0,0,0,0
334,351,335.3206207373014,99977,203,111,15,4,3572,1795,0.053682346939796156,119,64,47015,48502,2591,1243,55,74,74,56,0,0,94892,0,0,70,1,0,0,0,0,0,122,4885,7,0,0,0,0,0
335,351,336.01279008577353,99977,207,103,15,4,3591,1800,0.05392240215249507,119,68,46995,48482,2599,1255,63,86,86,64,0,0,94847,0,0,71,1,0,0,0,0,0,140,4909,9,0,0,0,0,0
336,351,337.05158007154574,99977,204,102,15,4,3616,1813,0.0543024895726017,136,72,46956,48456,2615,1264,72,100,100,73,0,0,94783,0,0,70,2,0,0,0,0,0,162,4951,9,0,0,0,0,0
337,351,338.09108307053737,99976,195,107,16,4,3637,1831,0.05469312635032408,148,68,46924,48432,2633,1274,82,113,115,83,0,0,94718,0,0,73,2,0,0,0,0,0,187,4987,9,0,0,0,0,0
338,351,339.13125283187,99976,204,114,16,4,3679,1848,0.05528326798431624,138,80,46891,48398,2656,1273,93,129,132,94,0,0,94649,0,0,74,2,0,0,0,0,0,214,5027,10,0,0,0,0,0
339,351,340.1721519712041,99976,196,113,16,4,3711,1868,0.055803392814275425,134,78,46860,48368,2687,1288,105,147,150,106,0,0,94560,0,0,76,2,0,0,0,0,0,244,5084,10,0,0,0,0,0
340,351,341.21374945477635,99976,191,112,16,4,3737,1883,0.056213491237897095,143,79,46828,48340,2704,1296,116,167,170,118,0,0,94484,0,0,78,2,0,0,0,0,0,275,5126,11,0,0,0,0,0
341,351,342.2560625375397,99976,186,110,16,4,3765,1903,0.05669360646555173,140,72,46804,48309,2725,1315,127,188,191,131,0,0,94402,0,0,82,2,0,0,0,0,0,306,5170,14,0,0,0,0,0
342,351,343.2990720375891,99976,202,117,16,4,3804,1924,0.057293750500120026,134,72,46768,48273,2737,1323,141,209,214,145,0,0,94331,0,0,83,2,0,0,0,0,0,341,5203,16,0,0,0,0,0
343,351,344.3427303709072,99974,200,118,17,5,3839,1947,0.057875047512353214,141,64,46726,48240,2758,1338,156,233,239,160,0,0,94234,0,0,84,2,0,0,0,0,0,380,5257,17,0,0,0,0,0
344,351,345.03897411835146,99974,202,117,17,5,3861,1955,0.05817512553263848,137,65,46699,48207,2771,1344,172,260,266,176,0,0,94166,0,0,85,2,0,0,0,0,0,420,5281,20,0,0,0,0,0
345,351,346.08411149361797,99974,204,120,17,5,3892,1979,0.058725268569828154,142,55,46662,48170,2785,1360,188,288,295,193,0,0,94078,0,0,88,3,0,0,0,0,0,462,5320,23,0,0,0,0,0
346,351,347.130053823636,99974,219,111,17,5,3936,1988,0.05925540640566547,134,67,46626,48125,2798,1372,204,318,326,211,0,0,93986,0,0,89,3,0,0,0,0,0,508,5362,26,0,0,0,0,0
347,351,348.17676250878395,99974,231,112,17,5,3969,2005,0.05975553643947426,137,67,46579,48081,2812,1383,222,350,359,230,0,0,93900,0,0,91,3,0,0,0,0,0,559,5394,27,0,0,0,0,0
348,351,349.22434355389447,99974,240,114,17,5,4014,2022,0.06037569768139716,127,70,46537,48034,2835,1392,242,383,394,250,0,0,93797,0,0,91,3,0,0,0,0,0,611,5442,30,0,0,0,0,0
349,351,350.2728072167533,99974,241,119,17,5,4054,2043,0.06098585632264389,131,70,46483,47979,2863,1406,263,419,431,271,0,0,93687,0,0,93,3,0,0,0,0,0,668,5492,31,0,0,0,0,0
350,351,351.32235254867356,99974,240,120,17,5,4095,2059,0.06155600456118591,128,67,46435,47940,2894,1410,284,456,470,293,0,0,93577,0,0,94,4,0,0,0,0,0,724,5539,36,0,0,0,0,0
351,351,352.02268971608635,99974,248,121,17,5,4121,2068,0.061906095584852064,132,67,46394,47895,2901,1415,306,495,511,316,0,0,93493,0,0,93,5,0,0,0,0,0,782,5560,41,0,0,0,0,0
352,351,353.07411808105047,99974,231,121,17,5,4152,2080,0.06233620741392762,139,76,46347,47836,2935,1423,329,537,554,340,0,0,93374,0,0,95,6,0,0,0,0,0,844,5610,45,0,0,0,0,0
353,351,354.126699936131,99974,242,124,17,5,4191,2103,0.06295636865585053,129,80,46301,47772,2956,1439,353,578,599,365,0,0,93259,0,0,97,6,0,0,0,0,0,913,5653,46,0,0,0,0,0
354,351,355.1803677918495,99974,233,126,17,5,4232,2124,0.06357652989777342,114,80,46263,47706,2994,1457,377,624,647,391,0,0,93120,0,0,99,6,0,0,0,0,0,985,5716,48,0,0,0,0,0
355,351,356.23509567107897,99974,225,125,17,5,4262,2145,0.06408666253225839,124,77,46216,47650,3014,1473,402,668,697,418,0,0,92992,0,0,99,6,0,0,0,0,0,1053,5767,57,0,0,0,0,0
356,351,357.29092738628975,99974,221,123,17,5,4292,2160,0.0645367795626863,130,72,46167,47598,3035,1482,428,718,750,446,0,0,92867,0,0,102,6,0,0,0,0,0,1130,5808,61,0,0,0,0,0
357,351,358.34786901849856,99974,220,126,17,5,4333,2179,0.06513693560325684,125,72,46118,47540,3062,1484,456,771,805,475,0,0,92730,0,0,101,7,0,0,0,0,0,1209,5862,65,0,0,0,0,0
358,351,359.0531592795932,99974,228,127,17,5,4357,2192,0.06550703182827536,115,71,46086,47473,3067,1494,485,828,863,505,0,0,92620,0,0,103,7,0,0,0,0,0,1293,5882,69,0,0,0,0,0
359,351,360.1120494072223,99974,228,124,17,5,4392,2210,0.06603716966411267,126,68,46028,47411,3085,1505,514,885,923,536,0,0,92482,0,0,104,8,0,0,0,0,0,1378,5927,75,0,0,0,0,0
360,351,361.1721292172782,99974,236,127,17,5,4432,2228,0.06661732050333087,114,63,45983,47348,3107,1509,541,946,986,568,0,0,92346,0,0,106,8,0,0,0,0,0,1469,5966,79,0,0,0,0,0
361,351,362.2333033089153,99974,231,132,17,5,4468,2241,0.06710744793646348,130,69,45911,47273,3134,1509,575,1010,1051,602,0,0,92205,0,0,109,8,0,0,0,0,0,1564,6005,83,0,0,0,0,0
362,351,363.29589822885174,99974,220,133,17,5,4498,2261,0.06760757797027227,133,71,45855,47199,3164,1517,609,1073,1119,637,0,0,92053,0,0,113,8,0,0,0,0,0,1660,6050,90,0,0,0,0,0
363,351,364.0050760707041,99974,218,134,17,5,4522,2276,0.06799767939664313,126,67,45814,47123,3180,1529,643,1140,1189,673,0,0,91914,0,0,115,9,0,0,0,0,0,1762,6081,93,0,0,0,0,0
364,351,365.0701770421298,99974,216,136,17,5,4550,2298,0.06849780943045192,138,66,45746,47041,3202,1540,679,1210,1262,710,0,0,91761,0,0,117,9,0,0,0,0,0,1867,6122,98,0,0,0,0,0
365,351,366.13671990923103,99973,226,127,18,5,4593,2315,0.06909865663729207,136,66,45690,46960,3217,1560,711,1280,1338,748,0,0,91596,0,0,118,9,0,0,0,0,0,1974,6171,105,0,0,0,0,0
366,351,367.20454701407755,99973,214,125,18,5,4624,2329,0.06954877817010593,149,65,45628,46877,3243,1572,746,1354,1417,787,0,0,91425,0,0,120,9,0,0,0,0,0,2088,6222,109,0,0,0,0,0
367,351,368.273806595669,99973,209,127,18,5,4658,2345,0.07004891320656577,155,72,45561,46794,3270,1574,785,1426,1498,828,0,0,91262,0,0,121,9,0,0,0,0,0,2199,6262,120,0,0,0,0,0
368,351,369.344553095793,99972,233,118,19,5,4717,2358,0.07076981554835354,133,77,45505,46699,3284,1592,824,1507,1582,870,0,0,91088,0,0,122,9,0,0,0,0,0,2317,6308,128,0,0,0,0,0
369,351,370.05914338236335,99972,225,116,19,5,4735,2371,0.07107990237266434,140,75,45450,46611,3298,1600,866,1591,1669,913,0,0,90930,0,0,126,9,0,0,0,0,0,2438,6332,137,0,0,0,0,0
370,351,371.13252439666985,99972,226,114,19,5,4766,2389,0.07157003961109111,144,75,45395,46511,3307,1614,907,1679,1759,957,0,0,90757,0,0,127,9,0,0,0,0,0,2562,6370,147,0,0,0,0,0
371,351,372.20723977571174,99972,236,121,19,5,4803,2409,0.07214019925579163,144,72,45333,46418,3317,1619,949,1763,1852,1002,0,0,90592,0,0,131,9,0,0,0,0,0,2691,6393,156,0,0,0,0,0
372,351,373.28324441753324,99971,238,128,20,5,4836,2437,0.07275109781836733,142,61,45284,46326,3321,1630,993,1848,1947,1049,0,0,90407,0,0,133,9,0,0,0,0,0,2826,6433,163,0,0,0,0,0
373,351,374.0012128113676,99971,249,125,20,5,4866,2446,0.07314121095117584,138,72,45220,46229,3332,1630,1039,1937,2045,1097,0,0,90240,0,0,135,9,0,0,0,0,0,2964,6452,171,0,0,0,0,0
374,351,375.0797055427725,99971,241,118,20,5,4895,2465,0.07362135019155555,150,73,45152,46128,3347,1645,1088,2029,2146,1146,0,0,90042,0,0,137,9,0,0,0,0,0,3101,6498,184,0,0,0,0,0
375,351,376.1598285512901,99971,255,113,20,5,4941,2484,0.0742715387462364,148,79,45090,46019,3349,1656,1136,2126,2250,1196,0,0,89843,0,0,138,10,0,0,0,0,0,3246,6542,192,0,0,0,0,0
376,351,377.2413522395851,99971,259,117,20,5,4985,2504,0.07491172440007603,141,78,45020,45912,3376,1661,1182,2225,2357,1248,0,0,89642,0,0,141,11,0,0,0,0,0,3395,6581,201,0,0,0,0,0
377,351,378.32455220938317,99970,249,115,21,5,5023,2517,0.0754226267880364,143,82,44961,45800,3397,1669,1227,2327,2467,1301,0,0,89425,0,0,142,11,0,0,0,0,0,3550,6633,209,0,0,0,0,0
378,351,379.0475208410416,99970,248,120,21,5,5046,2535,0.07583274982494749,137,79,44909,45682,3407,1680,1276,2432,2580,1355,0,0,89231,0,0,144,11,0,0,0,0,0,3709,6658,217,0,0,0,0,0
379,351,380.1335658596534,99970,256,118,21,5,5081,2559,0.07642292687806342,141,75,44836,45565,3417,1698,1327,2537,2695,1410,0,0,89020,0,0,145,12,0,0,0,0,0,3870,6697,226,0,0,0,0,0
380,351,381.2212868855291,99970,249,121,21,5,5118,2578,0.07698309492847855,146,77,44753,45446,3447,1704,1382,2645,2813,1467,0,0,88796,0,0,147,12,0,0,0,0,0,4036,6744,235,0,0,0,0,0
381,351,382.31097190354177,99970,252,130,21,5,5151,2601,0.07754326297889366,153,76,44679,45324,3459,1710,1434,2753,2934,1525,0,0,88582,0,0,149,12,0,0,0,0,0,4208,6777,242,0,0,0,0,0
382,351,383.0383420990746,99970,251,119,21,5,5179,2609,0.07790337101130339,154,78,44606,45215,3479,1718,1487,2863,3058,1584,0,0,88369,0,0,149,12,0,0,0,0,0,4373,6807,260,0,0,0,0,0
383,351,384.1314725129896,99970,241,123,21,5,5216,2632,0.0785035510653196,156,70,44541,45100,3502,1727,1537,2973,3185,1644,0,0,88138,0,0,153,13,0,0,0,0,0,4543,6847,276,0,0,0,0,0
384,351,385.22635801734054,99968,258,123,23,5,5266,2650,0.07918533930857874,136,69,44474,44983,3516,1728,1591,3090,3315,1705,0,0,87913,0,0,155,13,0,0,0,0,0,4719,6877,291,0,0,0,0,0
385,351,386.3229397735355,99968,249,124,23,5,5301,2670,0.07973551536491677,142,65,44397,44865,3537,1729,1650,3210,3448,1768,0,0,87676,0,0,159,13,0,0,0,0,0,4897,6914,309,0,0,0,0,0
386,351,387.05508569440804,99968,239,129,23,5,5319,2680,0.08001560499359796,148,65,44331,44741,3548,1724,1709,3334,3583,1832,0,0,87461,0,0,161,12,1,0,0,0,0,5082,6928,323,0,0,0,0,0
387,351,388.15521026107524,99967,237,121,24,5,5358,2697,0.08057659027479068,139,65,44266,44608,3569,1742,1763,3457,3721,1897,0,0,87211,0,0,164,12,1,0,0,0,0,5269,6971,339,0,0,0,0,0
388,351,389.2571699614553,99965,234,123,26,5,5401,2716,0.08119841944680638,136,59,44185,44475,3597,1750,1820,3586,3862,1963,0,0,86956,0,0,170,12,1,0,0,0,0,5467,7011,348,0,0,0,0,0
389,351,390.36112524889046,99965,245,116,26,5,5439,2730,0.08171860151052869,143,55,44097,44343,3607,1762,1880,3717,4006,2031,0,0,86718,0,0,174,12,1,0,0,0,0,5661,7033,366,0,0,0,0,0
390,351,391.09825819928426,99965,253,118,26,5,5471,2744,0.08217876256689842,132,55,44029,44202,3615,1762,1943,3856,4153,2100,0,0,86481,0,0,176,12,1,0,0,0,0,5864,7052,379,0,0,0,0,0
391,351,392.20606733141403,99965,248,119,26,5,5505,2759,0.08266893412694443,132,63,43954,44049,3633,1767,2005,3995,4302,2170,0,0,86224,0,0,179,12,1,0,0,0,0,6071,7087,391,0,0,0,0,0
392,351,393.31581857251916,99965,253,107,26,5,5550,2772,0.08324913719801931,121,70,43879,43896,3651,1786,2068,4134,4454,2241,0,0,85953,0,0,181,12,1,0,0,0,0,6279,7133,406,0,0,0,0,0
393,351,394.0567040386602,99965,252,112,26,5,5579,2791,0.0837293052568399,126,63,43797,43751,3662,1792,2135,4275,4609,2314,0,0,85702,0,0,181,12,1,0,0,0,0,6486,7156,427,0,0,0,0,0
394,351,395.1704297928551,99965,250,110,26,5,5611,2806,0.08419946981443505,129,71,43712,43595,3677,1799,2204,4418,4766,2388,0,0,85435,0,0,183,12,1,0,0,0,0,6704,7190,440,0,0,0,0,0
395,351,396.28627172909324,99965,247,115,26,5,5648,2824,0.08474966238183364,122,79,43636,43441,3693,1794,2274,4564,4926,2463,0,0,85169,0,0,187,13,1,0,0,0,0,6922,7217,456,0,0,0,0,0
396,351,397.0312624352405,99965,230,121,26,5,5665,2841,0.08508978142349823,130,75,43552,43285,3711,1795,2349,4717,5088,2539,0,0,84905,0,0,188,14,1,0,0,0,0,7143,7242,472,0,0,0,0,0
397,351,398.15140279956336,99964,211,125,27,5,5694,2862,0.08559081269256932,144,70,43456,43126,3738,1803,2422,4869,5253,2616,0,0,84616,0,0,189,15,1,0,0,0,0,7369,7287,487,0,0,0,0,0
398,351,399.2739666291956,99963,212,126,28,5,5728,2876,0.0860718465832358,138,80,43379,42970,3752,1803,2489,5014,5421,2694,0,0,84350,0,0,190,16,1,0,0,0,0,7591,7305,510,0,0,0,0,0
399,351,400.02349794960423,99963,208,128,28,5,5750,2893,0.08646199093664655,130,77,43309,42809,3761,1807,2562,5172,5591,2774,0,0,84079,0,0,192,16,1,0,0,0,0,7823,7324,528,0,0,0,0,0
400,351,401.1500374084059,99963,206,134,28,5,5786,2920,0.08709222412292549,119,74,43234,42642,3777,1816,2634,5327,5763,2855,0,0,83789,0,0,195,17,1,0,0,0,0,8058,7358,545,0,0,0,0,0
401,351,402.2787262669623,99963,194,139,28,5,5821,2940,0.08764242769824836,120,66,43149,42489,3802,1819,2705,5480,5938,2937,0,0,83490,0,0,198,17,1,0,0,0,0,8298,7397,562,0,0,0,0,0
402,351,403.0325488101151,99963,195,136,28,5,5842,2952,0.08797254984344208,120,74,43074,42318,3801,1820,2780,5645,6115,3020,0,0,83216,0,0,198,18,1,0,0,0,0,8538,7411,581,0,0,0,0,0
403,351,404.165499753074,99962,201,131,28,6,5877,2969,0.08849362757847982,118,80,42996,42158,3807,1824,2848,5799,6295,3104,0,0,82923,0,0,198,20,1,0,0,0,0,8782,7439,599,0,0,0,0,0
404,351,405.3004381835356,99962,200,131,28,6,5909,2992,0.08904383665793002,125,72,42921,42008,3810,1831,2914,5950,6477,3189,0,0,82621,0,0,201,21,1,0,0,0,0,9032,7471,615,0,0,0,0,0
405,351,406.0581859122067,99962,210,132,28,6,5934,3001,0.08938396590704467,126,79,42832,41837,3807,1824,2995,6120,6661,3276,0,0,82353,0,0,202,22,1,0,0,0,0,9279,7467,638,0,0,0,0,0
406,351,407.197340046399,99962,204,129,28,6,5962,3019,0.08984414077349392,136,81,42736,41664,3821,1828,3073,6290,6847,3364,0,0,82048,0,0,205,22,1,0,0,0,0,9532,7495,659,0,0,0,0,0
407,351,408.33891878351295,99961,198,137,29,6,6006,3045,0.09054531267194206,122,76,42649,41513,3849,1820,3151,6446,7035,3453,0,0,81732,0,0,207,23,1,0,0,0,0,9783,7531,684,0,0,0,0,0
408,351,409.10139165242947,99961,205,140,29,6,6035,3057,0.09095547263432739,112,82,42573,41342,3848,1814,3231,6614,7225,3543,0,0,81444,0,0,209,23,1,0,0,0,0,10042,7537,705,0,0,0,0,0
409,351,410.2475766203379,99961,197,150,29,6,6060,3086,0.09149568331649344,118,71,42489,41183,3857,1815,3308,6773,7417,3634,0,0,81140,0,0,212,24,1,0,0,0,0,10298,7555,731,0,0,0,0,0
410,351,411.0129573133584,99961,207,152,29,6,6087,3103,0.09193585498344355,115,69,42406,41015,3852,1815,3389,6941,7611,3726,0,0,80844,0,0,211,26,1,0,0,0,0,10563,7566,750,0,0,0,0,0
411,351,412.16356782845105,99961,211,151,29,6,6121,3124,0.09248606956713118,113,72,42305,40841,3870,1823,3470,7105,7807,3819,0,0,80527,0,0,214,26,1,0,0,0,0,10831,7591,771,0,0,0,0,0
412,351,413.31680729650145,99961,202,150,29,6,6153,3143,0.09299626854473245,125,64,42213,40684,3886,1827,3543,7267,8005,3913,0,0,80210,0,0,218,29,1,0,0,0,0,11094,7612,797,0,0,0,0,0
413,351,414.0871359857533,99961,199,152,29,6,6169,3161,0.09333640119646662,130,68,42125,40501,3885,1830,3630,7441,8205,4008,0,0,79907,0,0,220,29,1,0,0,0,0,11364,7618,822,0,0,0,0,0
414,351,415.2453255391748,99961,205,138,29,6,6209,3179,0.09391662748471905,137,74,42026,40321,3890,1847,3711,7612,8407,4104,0,0,79569,0,0,224,29,1,0,0,0,0,11640,7654,844,0,0,0,0,0
415,351,416.01896588798604,99961,221,143,29,6,6244,3199,0.09446684206840668,124,69,41932,40144,3896,1843,3796,7793,8610,4201,0,0,79259,0,0,224,30,1,0,0,0,0,11917,7664,866,0,0,0,0,0
416,351,417.18234520820664,99960,221,144,30,6,6274,3221,0.09498799519807923,122,65,41841,39968,3899,1851,3885,7964,8815,4299,0,0,78926,0,0,225,32,1,0,0,0,0,12202,7692,882,0,0,0,0,0
417,351,418.34825738432187,99960,229,136,30,6,6313,3243,0.09559823929571828,128,57,41743,39798,3901,1866,3967,8135,9022,4398,0,0,78584,0,0,226,32,1,0,0,0,0,12484,7727,906,0,0,0,0,0
418,351,419.1270410278419,99960,228,132,30,6,6340,3257,0.09600840336134454,131,53,41648,39621,3912,1864,4049,8322,9230,4498,0,0,78261,0,0,226,33,1,0,0,0,0,12762,7742,935,0,0,0,0,0
419,351,420.2983737338848,99960,228,135,30,6,6379,3276,0.09658863545418167,153,80,41543,39426,3913,1860,4131,8491,9440,4599,0,0,77927,21,2,229,33,1,0,0,0,0,13044,7741,962,0,0,0,0,0
420,351,421.00943398470923,99960,228,132,30,6,6405,3288,0.096968787515006,167,92,41429,39235,3923,1859,4221,8674,9651,4701,0,0,77606,55,3,234,34,1,0,0,0,0,13330,7710,987,0,0,0,0,0
421,351,422.07907484070427,99960,249,141,30,6,6458,3312,0.09773909563825531,180,96,41308,39035,3928,1853,4303,8867,9864,4804,0,0,77277,94,5,239,35,1,0,0,0,0,13618,7679,1012,0,0,0,0,0
422,351,423.15139124389856,99959,263,146,30,7,6512,3343,0.09859042207304995,180,96,41204,38838,3939,1861,4382,9050,10078,4908,0,0,76930,145,12,245,36,1,0,0,0,0,13906,7650,1034,0,0,0,0,0
423,351,424.22629498910555,99959,272,153,30,7,6571,3370,0.09945077481767525,189,106,41076,38639,3967,1865,4464,9228,10293,5013,0,0,76567,208,18,246,36,1,0,0,0,0,14200,7629,1054,0,0,0,0,0
424,351,425.30422620459797,99958,286,153,31,7,6619,3397,0.10020208487564777,213,111,40952,38433,3970,1881,4546,9413,10509,5119,0,0,76216,261,22,249,36,1,0,0,0,0,14493,7601,1079,0,0,0,0,0
425,351,426.0244478924411,99958,275,159,31,7,6638,3416,0.10058224454270794,238,104,40842,38242,3979,1880,4633,9606,10726,5226,0,0,75874,299,24,252,36,1,0,0,0,0,14795,7578,1099,0,0,0,0,0
426,351,427.1079866044186,99958,281,171,31,7,6691,3455,0.10150263110506412,270,95,40689,38044,4002,1892,4725,9789,10945,5334,0,0,75508,361,30,258,36,1,0,0,0,0,15093,7549,1122,0,0,0,0,0
427,351,428.1949175024702,99958,320,166,31,7,6771,3480,0.10255307229036195,257,103,40562,37859,4017,1901,4811,9962,11165,5442,0,0,75150,421,39,260,36,1,0,0,0,0,15382,7517,1152,0,0,0,0,0
428,351,429.28501062665316,99958,332,164,31,7,6840,3509,0.10353348406330659,271,114,40426,37653,4045,1915,4893,10145,11385,5551,0,0,74789,486,52,268,38,1,0,0,0,0,15665,7476,1183,0,0,0,0,0
429,351,430.01362011592806,99958,340,165,31,7,6880,3529,0.10413373616919105,280,115,40309,37462,4051,1917,4987,10332,11606,5661,0,0,74455,525,57,274,39,1,0,0,0,0,15955,7434,1218,0,0,0,0,0
430,351,431.11000058112836,99957,373,177,32,7,6958,3556,0.10518522964874896,271,119,40181,37265,4068,1917,5073,10513,11828,5772,0,0,74104,570,69,275,40,1,0,0,0,0,16248,7405,1245,0,0,0,0,0
431,351,432.20958446523264,99955,367,180,34,7,7022,3586,0.10612775749087089,299,131,40028,37056,4110,1926,5160,10698,12051,5884,0,0,73711,647,83,278,41,1,0,0,0,0,16550,7381,1263,0,0,0,0,0
432,351,433.31281726575247,99955,392,175,34,7,7106,3613,0.10723825721574709,304,151,39888,36851,4133,1936,5247,10878,12275,5996,0,0,73331,723,94,282,41,1,0,0,0,0,16843,7345,1295,0,0,0,0,0
433,351,434.0503916030652,99954,421,178,35,7,7172,3641,0.10817976269083779,316,151,39746,36636,4132,1952,5348,11074,12499,6109,0,0,72978,766,110,284,41,1,0,0,0,0,17136,7315,1323,0,0,0,0,0
434,351,435.16070547491836,99954,449,195,35,7,7278,3690,0.10973047601896872,333,141,39587,36426,4171,1962,5423,11267,12724,6223,0,0,72591,842,134,292,43,1,0,0,0,0,17423,7279,1349,0,0,0,0,0
435,351,436.2748042227716,99954,457,215,35,7,7365,3735,0.11105108349840927,345,145,39430,36240,4217,1957,5514,11434,12950,6338,0,0,72211,919,148,301,46,1,0,0,0,0,17712,7231,1385,0,0,0,0,0
436,351,437.01973075038325,99954,483,211,35,7,7439,3760,0.11204153910798968,355,161,39275,36035,4237,1967,5613,11617,13176,6453,0,0,71849,977,162,302,50,1,0,0,0,0,18002,7193,1418,0,0,0,0,0
437,351,438.14173541602077,99953,510,218,36,7,7540,3802,0.11347333246625914,384,175,39114,35819,4263,1982,5691,11797,13403,6569,0,0,71460,1059,182,304,53,1,0,0,0,0,18288,7153,1453,0,0,0,0,0
438,351,439.2676735498709,99952,526,207,36,8,7647,3835,0.11487514006723228,401,212,38947,35592,4311,2007,5777,11972,13630,6686,0,0,71029,1168,199,310,55,1,0,0,0,0,18592,7124,1474,0,0,0,0,0
439,351,440.02069449354,99952,538,224,36,8,7732,3867,0.11604570193692973,400,215,38790,35372,4366,2007,5868,12172,13857,6803,0,0,70643,1230,211,320,58,1,0,0,0,0,18903,7094,1492,0,0,0,0,0
440,351,441.15507724110836,99952,565,253,36,8,7841,3925,0.1177165039218825,408,211,38632,35190,4414,2008,5943,12328,14085,6921,0,0,70252,1313,228,329,60,1,0,0,0,0,19194,7047,1528,0,0,0,0,0
441,351,442.29362869083263,99951,627,281,37,8,7983,3996,0.11984872587567909,403,212,38459,34978,4454,2031,6018,12488,14313,7040,0,0,69844,1403,247,338,62,1,0,0,0,0,19491,7008,1557,0,0,0,0,0
442,351,443.0549737461045,99949,633,307,39,8,8056,4048,0.12110176189856826,431,205,38300,34773,4488,2030,6107,12675,14541,7159,0,0,69468,1455,274,344,65,1,0,0,0,0,19785,6975,1582,0,0,0,0,0
443,351,444.2019569289515,99948,638,329,40,8,8187,4117,0.12310401408732541,444,213,38107,34565,4575,2058,6194,12825,14769,7279,0,0,69008,1586,300,353,67,2,0,0,0,0,20085,6946,1601,0,0,0,0,0
444,351,445.35432049012303,99948,676,330,40,8,8329,4178,0.12513507023652298,477,228,37901,34348,4640,2094,6264,12990,14997,7399,0,0,68553,1711,326,361,69,2,0,0,0,0,20386,6920,1620,0,0,0,0,0
445,351,446.12550054815694,99948,700,341,40,8,8425,4221,0.12652579341257453,495,228,37743,34135,4669,2108,6351,13178,15225,7520,0,0,68167,1782,346,369,73,2,0,0,0,0,20680,6878,1651,0,0,0,0,0
446,351,447.2873173930016,99948,748,364,40,8,8580,4287,0.12873694321046944,501,252,37543,33915,4728,2125,6438,13334,15453,7642,0,0,67747,1883,375,382,78,2,0,0,0,0,20968,6834,1679,0,0,0,0,0
447,351,448.0646767549649,99948,756,381,40,8,8675,4341,0.13022771841357506,548,258,37341,33678,4781,2143,6532,13530,15681,7764,0,0,67341,1969,397,390,84,2,0,0,0,0,21264,6796,1705,0,0,0,0,0
448,351,449.2373194806766,99947,791,402,41,8,8845,4431,0.1328304001120594,573,258,37103,33452,4882,2188,6608,13690,15909,7887,0,0,66854,2124,425,405,88,2,0,0,0,0,21566,6761,1722,0,0,0,0,0
449,351,450.02266940571525,99947,804,424,41,8,8959,4486,0.13452129628703213,583,276,36920,33218,4949,2201,6701,13871,16137,8010,0,0,66427,2222,450,412,92,2,0,0,0,0,21870,6732,1740,0,0,0,0,0
450,351,451.20715459911634,99947,851,423,41,8,9146,4564,0.13717270153181185,589,311,36698,32980,5044,2260,6775,14016,16364,8134,0,0,65944,2383,495,418,98,2,0,0,0,0,22147,6696,1764,0,0,0,0,0
451,351,452.00029162127913,99946,898,443,42,8,9282,4633,0.13922518159806296,583,323,36514,32748,5093,2288,6868,14188,16591,8258,0,0,65512,2482,523,424,101,2,0,0,0,0,22450,6672,1780,0,0,0,0,0
452,351,453.1962047907581,99946,895,460,42,8,9437,4735,0.14179657014787986,638,344,36286,32512,5200,2341,6937,14333,16818,8382,0,0,65025,2648,578,439,105,2,0,0,0,0,22713,6627,1809,0,0,0,0,0
453,351,454.39878017229216,99946,936,491,42,8,9629,4837,0.14473815860564704,671,340,36034,32312,5304,2383,7011,14464,17045,8507,0,0,64543,2805,614,457,111,3,0,0,0,0,22999,6582,1832,0,0,0,0,0
454,351,455.20456588085153,99946,972,502,42,8,9775,4900,0.14682928781542032,683,360,35832,32076,5366,2416,7103,14636,17271,8632,0,0,64115,2909,656,464,118,3,0,0,0,0,23279,6548,1854,0,0,0,0,0
455,351,456.01439218786965,99945,1013,521,43,8,9909,4978,0.1489519235579569,721,365,35615,31862,5407,2445,7199,14797,17497,8758,0,0,63712,2996,708,467,124,3,0,0,0,0,23539,6508,1888,0,0,0,0,0
456,351,457.236167973349,99944,1067,537,44,8,10132,5088,0.15228527975666373,729,384,35386,31606,5517,2516,7255,14947,17722,8884,0,0,63210,3182,759,485,131,3,0,0,0,0,23804,6454,1916,0,0,0,0,0
457,351,458.0545705666986,99943,1088,539,45,8,10278,5157,0.15443802967691583,762,403,35169,31386,5585,2554,7349,15108,17947,9010,0,0,62760,3299,813,500,133,3,0,0,0,0,24079,6420,1936,0,0,0,0,0
458,351,459.29015463878795,99942,1135,556,46,8,10506,5298,0.1581317163955094,786,396,34910,31140,5700,2654,7421,15244,18171,9137,0,0,62227,3499,878,524,140,3,0,0,0,0,24339,6376,1956,0,0,0,0,0
459,351,460.1183467708463,99942,1166,575,46,8,10663,5378,0.16050309179324007,801,408,34712,30909,5772,2692,7501,15406,18395,9264,0,0,61787,3622,922,538,144,3,0,0,0,0,24611,6327,1988,0,0,0,0,0
460,351,461.36831127831954,99941,1214,605,47,8,10914,5520,0.16443701784052592,875,399,34405,30679,5906,2770,7551,15537,18618,9391,0,0,61258,3828,992,562,152,3,0,0,0,0,24858,6274,2014,0,0,0,0,0
461,351,462.2068220594529,99940,1263,615,48,8,11102,5597,0.16709025415249149,870,410,34201,30470,5987,2807,7629,15688,18840,9519,0,0,60795,3965,1039,573,158,3,0,0,0,0,25132,6238,2037,0,0,0,0,0
462,351,463.0498790773256,99940,1325,643,48,8,11302,5696,0.17008204922953774,873,430,33953,30257,6075,2851,7724,15809,19061,9647,0,0,60335,4106,1085,586,163,3,0,0,0,0,25402,6194,2066,0,0,0,0,0
463,351,464.32390022947806,99939,1341,696,49,8,11572,5846,0.17428631465193767,911,433,33667,30034,6246,2905,7784,15922,19282,9775,0,0,59788,4335,1163,616,167,4,0,0,0,0,25635,6131,2100,0,0,0,0,0
464,351,465.17854865047406,99939,1389,700,49,8,11779,5935,0.17724812135402596,939,454,33410,29826,6349,2961,7862,16049,19502,9903,0,0,59318,4490,1226,636,169,4,0,0,0,0,25883,6078,2135,0,0,0,0,0
465,351,466.0388950468247,99939,1467,730,49,8,12001,6044,0.18056014168642873,943,462,33160,29602,6435,3006,7944,16190,19721,10032,0,0,58867,4620,1282,655,177,4,0,0,0,0,26138,6032,2164,0,0,0,0,0
466,351,467.339174235233,99939,1504,747,49,8,12296,6177,0.1848427540799888,1004,532,32824,29351,6620,3088,7997,16272,19939,10161,0,0,58296,4858,1359,691,185,4,0,0,0,0,26379,5982,2185,0,0,0,0,0
467,351,468.2124197984971,99939,1541,766,49,8,12519,6280,0.1881047438937752,1037,559,32548,29107,6740,3144,8083,16414,20156,10290,0,0,57792,5039,1420,708,187,6,0,0,0,0,26637,5941,2209,0,0,0,0,0
468,351,469.09199692798785,99939,1536,794,49,8,12712,6405,0.19128668487777545,1082,546,32303,28876,6867,3223,8161,16551,20373,10419,0,0,57272,5230,1488,727,196,6,0,0,0,0,26892,5903,2225,0,0,0,0,0
469,351,470.4231875255488,99936,1556,813,50,10,13060,6590,0.1966258405379443,1082,563,31956,28643,7131,3345,8223,16624,20589,10548,0,0,56636,5535,1607,766,204,7,0,0,0,0,27085,5845,2251,0,0,0,0,0
470,351,471.31805725375403,99935,1612,832,51,10,13300,6713,0.20026016910992145,1103,584,31702,28431,7244,3401,8286,16740,20804,10678,0,0,56149,5697,1687,788,215,7,0,0,0,0,27319,5800,2273,0,0,0,0,0
471,351,472.21930636100177,99935,1656,838,51,10,13546,6828,0.2038725171361385,1126,597,31430,28224,7379,3484,8356,16845,21018,10808,0,0,55635,5884,1770,807,227,7,0,0,0,0,27553,5764,2288,0,0,0,0,0
472,351,473.12746121433116,99933,1691,865,53,10,13814,6968,0.20795933275294448,1119,585,31164,28002,7548,3558,8423,16978,21231,10938,0,0,55119,6076,1875,830,238,7,0,0,0,0,27759,5718,2311,0,0,0,0,0
473,351,474.0430044035627,99933,1733,873,53,10,14077,7082,0.2117318603464321,1146,620,30907,27783,7686,3626,8473,17086,21443,11068,0,0,54619,6255,1977,849,251,7,0,0,0,0,27969,5673,2333,0,0,0,0,0
474,351,475.42904656939487,99932,1797,921,54,10,14520,7302,0.21836849057359004,1150,623,30547,27537,7950,3750,8500,17157,21654,11198,0,0,53953,6588,2104,895,270,7,0,0,0,0,28152,5615,2348,0,0,0,0,0
475,351,476.3612850316066,99932,1860,940,54,10,14799,7429,0.2224312532522115,1157,650,30292,27316,8075,3815,8560,17267,21864,11328,0,0,53479,6745,2203,925,285,7,0,0,0,0,28350,5559,2379,0,0,0,0,0
476,351,477.30037522602464,99931,1839,967,55,10,15041,7587,0.22643624100629434,1233,642,29986,27095,8265,3911,8620,17373,22072,11458,0,0,52941,6966,2310,947,307,7,0,0,0,0,28541,5512,2400,0,0,0,0,0
477,351,478.248142622353,99928,1902,1027,57,11,15347,7765,0.23128652629893523,1218,624,29723,26866,8421,3986,8677,17484,22279,11588,0,0,52442,7148,2421,976,325,7,0,0,0,0,28728,5460,2421,0,0,0,0,0
478,351,479.20378543225496,99928,1931,1012,57,11,15640,7910,0.23566968217116324,1252,638,29445,26650,8592,4110,8721,17577,22485,11718,0,0,51889,7376,2547,1010,340,7,0,0,0,0,28908,5413,2438,0,0,0,0,0
479,351,480.16745535663307,99927,2015,1032,58,11,15962,8060,0.24039548870675592,1252,652,29155,26434,8742,4194,8776,17675,22690,11848,0,0,51392,7551,2666,1045,355,7,0,0,0,0,29090,5361,2460,0,0,0,0,0
480,351,481.1395723740598,99926,2020,1054,59,11,16252,8226,0.24496127134079218,1315,676,28857,26196,8925,4283,8822,17778,22894,11978,0,0,50841,7784,2796,1077,371,7,0,0,0,0,29262,5310,2478,0,0,0,0,0
481,351,482.1207145748486,99926,2058,1066,59,11,16563,8399,0.24980485559313892,1331,675,28572,25996,9107,4387,8871,17863,23097,12108,0,0,50309,7999,2926,1115,394,9,0,0,0,0,29425,5256,2493,0,0,0,0,0
482,351,483.11109133617686,99925,2097,1026,60,11,16897,8533,0.2544908681511133,1352,732,28274,25793,9314,4502,8901,17934,23298,12238,0,0,49750,8224,3070,1165,414,9,0,0,0,0,29587,5206,2500,0,0,0,0,0
483,351,484.11096406412514,99924,2125,1084,61,11,17209,8729,0.25957727873183617,1397,702,27996,25598,9475,4589,8944,18014,23498,12368,0,0,49233,8421,3219,1200,427,12,0,0,0,0,29740,5156,2516,0,0,0,0,0
484,351,485.11995964146575,99922,2127,1130,63,11,17539,8930,0.2648966193631032,1401,680,27708,25399,9698,4697,9001,18081,23697,12498,0,0,48664,8668,3364,1240,450,12,0,0,0,0,29894,5103,2527,0,0,0,0,0
485,351,486.1388390014439,99922,2188,1136,63,11,17893,9088,0.27002061608054284,1420,713,27417,25191,9872,4803,9038,18144,23895,12628,0,0,48123,8891,3494,1271,475,14,0,0,0,0,30053,5059,2542,0,0,0,0,0
486,351,487.16752513588955,99920,2202,1161,64,12,18240,9292,0.2755404323458767,1463,704,27097,24971,10087,4939,9085,18211,24091,12758,0,0,47551,9156,3658,1297,498,16,0,0,0,0,30169,5010,2565,0,0,0,0,0
487,351,488.2076527841392,99918,2196,1180,66,12,18602,9462,0.2808703136571989,1468,716,26828,24781,10327,5039,9113,18270,24286,12888,0,0,46984,9407,3830,1339,521,16,0,0,0,0,30284,4955,2582,0,0,0,0,0
488,351,489.2582490155482,99918,2232,1187,66,12,18983,9651,0.2865749914930243,1417,711,26600,24593,10530,5158,9153,18337,24480,13018,0,0,46428,9635,4017,1384,547,17,0,0,0,0,30390,4910,2590,0,0,0,0,0
489,351,490.31808148902087,99917,2243,1190,67,12,19361,9848,0.292332636087953,1399,701,26324,24387,10777,5292,9188,18416,24673,13148,0,0,45829,9915,4183,1435,571,20,0,0,0,0,30510,4854,2600,0,0,0,0,0
490,351,491.38870510304724,99914,2261,1203,69,13,19719,10032,0.2977660788277919,1411,709,26050,24200,10998,5391,9209,18482,24864,13278,0,0,45275,10157,4352,1472,597,21,0,0,0,0,30622,4802,2616,0,0,0,0,0
491,351,492.4705284699682,99914,2308,1197,69,13,20133,10216,0.3037512260544068,1354,732,25790,24006,11218,5515,9259,18535,25054,13408,0,0,44724,10386,4551,1525,624,21,0,0,0,0,30700,4747,2636,0,0,0,0,0
492,351,493.0147534283548,99914,2298,1188,69,13,20293,10313,0.30632343815681484,1374,739,25608,23845,11311,5574,9338,18639,25243,13537,0,0,44314,10494,4670,1542,640,21,0,0,0,0,30868,4713,2652,0,0,0,0,0
493,351,494.11458730548594,99913,2306,1238,70,13,20676,10525,0.31228168506600745,1349,734,25367,23675,11552,5666,9354,18672,25430,13666,0,0,43766,10723,4838,1576,688,22,0,0,0,0,30969,4675,2656,0,0,0,0,0
494,351,495.22524829708294,99912,2308,1246,70,14,21043,10736,0.31806990151333175,1367,735,25080,23507,11798,5800,9375,18696,25616,13795,0,0,43216,10951,5031,1634,722,23,0,0,0,0,31048,4621,2666,0,0,0,0,0
495,351,496.34752348784207,99910,2292,1225,71,15,21418,10923,0.32370133119807826,1393,772,24817,23332,12024,5937,9401,18717,25801,13924,0,0,42645,11199,5233,1691,760,24,0,0,0,0,31124,4565,2669,0,0,0,0,0
496,351,497.48263184180377,99909,2319,1242,71,16,21808,11141,0.32979010899918926,1466,752,24532,23159,12213,6071,9397,18758,25984,14053,0,0,42110,11427,5447,1742,788,26,0,0,0,0,31181,4505,2683,0,0,0,0,0
497,351,498.05355613720644,99908,2356,1262,72,16,22032,11253,0.333156503983665,1444,765,24364,22980,12297,6103,9465,18872,26166,14182,0,0,41721,11519,5575,1761,809,26,0,0,0,0,31331,4472,2694,0,0,0,0,0
498,351,499.20756569222914,99907,2395,1273,72,17,22460,11450,0.33941565656060135,1432,771,24098,22808,12522,6228,9479,18901,26346,14310,0,0,41159,11750,5757,1822,836,30,0,0,0,0,31419,4429,2705,0,0,0,0,0
499,351,500.37323058484003,99907,2442,1284,72,17,22887,11672,0.3459116978790275,1428,749,23836,22630,12735,6380,9485,18938,26525,14438,0,0,40610,11978,5955,1875,877,32,0,0,0,0,31482,4383,2715,0,0,0,0,0
500,351,501.5513303137787,99905,2410,1310,74,17,23278,11900,0.35211450878334416,1448,739,23571,22448,12980,6509,9515,18975,26703,14566,0,0,40052,12217,6149,1943,923,34,0,0,0,0,31542,4320,2725,0,0,0,0,0
501,351,502.14460700882324,99903,2441,1320,75,18,23504,12025,0.35563496591693944,1409,716,23399,22297,13078,6576,9596,19071,26879,14694,0,0,39663,12297,6291,1974,945,34,0,0,0,0,31677,4289,2733,0,0,0,0,0
502,351,503.3447623448854,99902,2497,1340,75,19,23946,12249,0.36230505895777865,1383,727,23113,22127,13323,6701,9607,19084,27054,14821,0,0,39118,12529,6490,2024,984,37,0,0,0,0,31735,4242,2743,0,0,0,0,0
503,351,504.5590524645655,99901,2472,1305,76,19,24360,12479,0.3687550675168417,1355,740,22880,21970,13615,6872,9600,19092,27228,14948,0,0,38519,12802,6739,2087,1030,38,0,0,0,0,31748,4196,2742,0,0,0,0,0
504,351,505.1705526215197,99899,2463,1288,78,19,24568,12577,0.3718255437992372,1360,748,22697,21828,13730,6935,9670,19180,27400,15075,0,0,38124,12899,6860,2122,1060,39,0,0,0,0,31882,4156,2757,0,0,0,0,0
505,351,506.4077484371293,99896,2475,1309,79,21,24993,12838,0.3787038520060863,1379,730,22435,21669,13946,7080,9684,19189,27571,15202,0,0,37558,13146,7070,2192,1108,40,0,0,0,0,31926,4095,2761,0,0,0,0,0
506,351,507.031182222585,99896,2471,1282,79,21,25219,12937,0.3819572355249459,1369,751,22267,21521,14063,7145,9749,19278,27740,15328,0,0,37164,13244,7236,2218,1134,42,0,0,0,0,32021,4069,2768,0,0,0,0,0
507,351,508.292301395159,99892,2421,1300,82,22,25637,13168,0.3884695471108798,1400,745,22040,21393,14332,7280,9723,19258,27908,15454,0,0,36584,13491,7436,2291,1188,46,0,0,0,0,32059,4030,2767,0,0,0,0,0
508,351,509.5666983481358,99889,2441,1306,85,22,26097,13421,0.395619137242339,1314,734,21833,21265,14598,7430,9727,19241,28075,15580,0,0,36021,13738,7661,2359,1239,50,0,0,0,0,32065,3980,2776,0,0,0,0,0
509,351,510.2082357809484,99889,2424,1310,85,22,26320,13532,0.39896284876212595,1292,750,21679,21128,14724,7476,9794,19312,28240,15705,0,0,35655,13819,7837,2384,1262,53,0,0,0,0,32142,3946,2791,0,0,0,0,0
510,351,511.50526562458117,99886,2384,1315,87,23,26732,13768,0.40546222693871015,1286,738,21480,21002,14974,7614,9787,19306,28404,15830,0,0,35096,14043,8037,2471,1316,58,0,0,0,0,32176,3898,2791,0,0,0,0,0
511,351,512.1579919389256,99884,2372,1302,89,23,26926,13874,0.40847382964238516,1286,738,21343,20904,15062,7655,9846,19376,28567,15955,0,0,34748,14114,8181,2501,1349,60,0,0,0,0,32268,3854,2809,0,0,0,0,0
512,351,513.4769604215716,99881,2359,1298,92,23,27379,14117,0.4154543907249627,1289,709,21130,20775,15298,7812,9830,19381,28728,16079,0,0,34178,14365,8414,2575,1402,64,0,0,0,0,32267,3804,2812,0,0,0,0,0
513,351,514.141057503186,99880,2326,1305,92,24,27588,14248,0.41886263516219463,1291,673,20986,20675,15426,7873,9877,19448,28888,16203,0,0,33812,14442,8578,2603,1442,66,0,0,0,0,32344,3775,2818,0,0,0,0,0
514,351,515.4829898692338,99878,2282,1304,93,25,28006,14492,0.4254991089128737,1269,638,20797,20577,15685,8027,9872,19427,29046,16327,0,0,33279,14655,8807,2678,1514,69,0,0,0,0,32334,3728,2814,0,0,0,0,0
515,351,516.1587150306935,99878,2275,1294,93,25,28197,14594,0.4284326878792126,1279,641,20657,20468,15767,8075,9927,19495,29203,16450,0,0,32950,14693,8956,2715,1545,70,0,0,0,0,32426,3700,2823,0,0,0,0,0
516,351,517.5236899181714,99876,2292,1288,94,26,28649,14813,0.43515959790139774,1195,636,20484,20368,16014,8210,9919,19470,29359,16573,0,0,32467,14873,9218,2773,1605,74,0,0,0,0,32386,3654,2826,0,0,0,0,0
517,351,518.2105818469203,99875,2274,1265,95,26,28846,14920,0.43820775969962455,1177,622,20376,20264,16088,8276,9988,19545,29513,16696,0,0,32161,14907,9403,2808,1642,78,0,0,0,0,32430,3611,2835,0,0,0,0,0
518,351,519.5968555660519,99875,2260,1217,95,26,29246,15151,0.4445256570713392,1143,609,20237,20157,16298,8458,9965,19531,29666,16818,0,0,31676,15080,9679,2889,1696,83,0,0,0,0,32371,3563,2838,0,0,0,0,0
519,351,520.2930446057812,99873,2247,1189,97,26,29440,15262,0.44758843731539055,1140,617,20112,20040,16372,8525,10030,19601,29818,16940,0,0,31363,15108,9856,2920,1737,87,0,0,0,0,32422,3537,2843,0,0,0,0,0
520,351,521.698753858418,99872,2167,1180,98,26,29829,15480,0.45367069849407243,1093,587,19970,19963,16653,8653,10017,19589,29968,17061,0,0,30876,15265,10095,3006,1805,93,0,0,0,0,32396,3493,2843,0,0,0,0,0
521,351,522.4057998245548,99872,2166,1166,98,26,30032,15587,0.4567746715796219,1082,574,19843,19878,16733,8710,10076,19644,30117,17182,0,0,30561,15303,10243,3034,1851,95,0,0,0,0,32470,3466,2849,0,0,0,0,0
522,351,523.1171073933158,99872,2112,1161,98,26,30223,15687,0.4596884011534764,1092,587,19737,19786,16830,8743,10129,19695,30265,17303,0,0,30245,15335,10418,3065,1891,97,0,0,0,0,32522,3439,2860,0,0,0,0,0
523,351,524.553439981126,99869,2082,1143,100,27,30639,15911,0.4661106048924091,1051,552,19587,19699,17044,8890,10134,19687,30411,17423,0,0,29769,15505,10673,3137,1955,104,0,0,0,0,32473,3392,2861,0,0,0,0,0
524,351,525.2752524465785,99867,2069,1145,101,28,30819,16019,0.4690037750207776,1044,526,19497,19630,17094,8932,10193,19737,30556,17543,0,0,29471,15541,10814,3157,1991,109,0,0,0,0,32544,3361,2879,0,0,0,0,0
525,351,526.001789182327,99867,2023,1109,101,28,31008,16112,0.4718275306157189,1028,525,19399,19570,17201,8991,10246,19775,30700,17662,0,0,29158,15577,10997,3206,2021,115,0,0,0,0,32588,3322,2883,0,0,0,0,0
526,351,527.4664163760592,99866,1970,1090,102,28,31366,16322,0.4775198766346905,1027,513,19286,19518,17380,9096,10233,19753,30842,17781,0,0,28731,15695,11233,3284,2096,119,0,0,0,0,32547,3281,2880,0,0,0,0,0
527,351,528.2022750033668,99866,1926,1058,102,28,31546,16416,0.48026355316123603,994,502,19238,19445,17452,9150,10286,19815,30983,17900,0,0,28430,15735,11403,3311,2139,125,0,0,0,0,32584,3251,2888,0,0,0,0,0
528,351,529.6837250992403,99863,1875,1026,105,28,31913,16597,0.4857654987332646,974,511,19152,19391,17631,9275,10261,19767,31123,18018,0,0,28011,15851,11651,3379,2210,128,0,0,0,0,32533,3210,2890,0,0,0,0,0
529,351,530.4267083252676,99862,1867,1013,106,28,32092,16685,0.48844405279285413,948,507,19058,19323,17694,9296,10325,19831,31261,18136,0,0,27746,15861,11792,3403,2259,133,0,0,0,0,32596,3182,2890,0,0,0,0,0
530,351,531.1727841284453,99861,1810,986,106,29,32254,16779,0.49101250738526553,945,501,18957,19229,17786,9359,10394,19894,31398,18253,0,0,27449,15906,11950,3418,2309,138,0,0,0,0,32635,3158,2898,0,0,0,0,0
531,351,532.6776424162338,99861,1773,968,106,29,32597,16970,0.49635994031704067,884,487,18860,19210,17968,9454,10407,19850,31534,18370,0,0,27074,16010,12201,3476,2380,140,0,0,0,0,32561,3111,2908,0,0,0,0,0
532,351,533.4332621012992,99861,1729,969,106,29,32753,17068,0.49890347583140565,846,449,18804,19164,18048,9479,10465,19908,31669,18486,0,0,26826,16007,12355,3508,2423,147,0,0,0,0,32603,3077,2915,0,0,0,0,0
533,351,534.192851427522,99861,1682,956,106,29,32900,17160,0.5012968025555522,827,428,18749,19113,18103,9515,10531,19957,31802,18602,0,0,26555,16021,12500,3529,2469,151,0,0,0,0,32658,3056,2922,0,0,0,0,0
534,351,535.7211568326022,99858,1650,905,108,30,33199,17307,0.5057782050511727,823,434,18687,19098,18208,9585,10522,19946,31934,18717,0,0,26192,16112,12689,3582,2541,156,0,0,0,0,32640,3014,2932,0,0,0,0,0
535,351,536.4870080252673,99857,1634,856,108,31,33370,17374,0.5081666783500406,800,448,18643,19068,18239,9616,10574,19979,32065,18832,0,0,25947,16114,12861,3600,2583,162,0,0,0,0,32659,2987,2944,0,0,0,0,0
536,351,537.2556788996277,99857,1631,833,108,31,33521,17465,0.5105901439057853,795,434,18583,18997,18262,9672,10619,20031,32195,18946,0,0,25682,16138,12990,3620,2622,164,0,0,0,0,32724,2960,2957,0,0,0,0,0
537,351,538.0266613199326,99857,1598,816,108,31,33674,17534,0.5128133230519643,765,436,18546,18940,18313,9693,10668,20082,32323,19060,0,0,25448,16121,13146,3643,2660,168,0,0,0,0,32764,2937,2970,0,0,0,0,0
538,351,539.576217194865,99857,1556,798,108,31,33971,17695,0.5173998818310184,721,429,18483,18946,18445,9748,10685,20046,32450,19174,0,0,25105,16187,13324,3697,2744,173,0,0,0,0,32751,2905,2971,0,0,0,0,0
539,351,540.3525001925965,99857,1524,805,108,31,34124,17787,0.5198533903481979,699,400,18435,18901,18498,9763,10734,20098,32576,19287,0,0,24893,16150,13477,3725,2790,177,0,0,0,0,32783,2879,2983,0,0,0,0,0
540,351,541.1318458787998,99856,1492,793,109,31,34260,17858,0.5219315814773273,692,403,18376,18855,18535,9784,10794,20132,32701,19400,0,0,24669,16154,13619,3729,2835,179,0,0,0,0,32815,2850,3006,0,0,0,0,0
541,351,542.6891861486627,99855,1454,747,109,32,34515,18013,0.5260427620049071,662,366,18330,18869,18639,9872,10804,20112,32825,19512,0,0,24357,16196,13816,3786,2898,188,0,0,0,0,32783,2816,3015,0,0,0,0,0
542,351,543.4643294897149,99854,1429,741,109,33,34653,18084,0.5281410859855389,654,361,18289,18832,18655,9880,10862,20151,32947,19624,0,0,24149,16165,13979,3813,2930,190,0,0,0,0,32817,2790,3021,0,0,0,0,0
543,351,544.2389934607847,99854,1386,724,109,33,34774,18138,0.5298936447212931,635,379,18240,18803,18701,9877,10927,20182,33068,19735,0,0,23930,16150,14095,3831,2984,190,0,0,0,0,32882,2765,3027,0,0,0,0,0
544,351,545.0133227418241,99852,1370,729,111,33,34899,18206,0.5318371189360254,636,368,18199,18769,18703,9877,10979,20222,33188,19846,0,0,23741,16113,14201,3845,3031,196,0,0,0,0,32947,2740,3038,0,0,0,0,0
545,351,546.5593217216832,99851,1339,757,112,33,35160,18361,0.5360086528928103,582,331,18181,18781,18795,9898,10989,20198,33307,19956,0,0,23468,16128,14379,3900,3095,199,0,0,0,0,32933,2707,3042,0,0,0,0,0
546,351,547.3293790161284,99851,1296,739,112,33,35281,18431,0.5379215030395289,565,320,18148,18742,18834,9907,11043,20257,33425,20066,0,0,23252,16109,14532,3922,3135,202,0,0,0,0,32971,2687,3041,0,0,0,0,0
547,351,548.0993215204743,99851,1270,725,112,33,35393,18502,0.5397542338083745,552,296,18114,18707,18846,9933,11104,20304,33542,20175,0,0,23044,16096,14665,3926,3169,213,0,0,0,0,33023,2671,3044,0,0,0,0,0
548,351,549.6372922781148,99850,1192,681,113,33,35583,18616,0.5428042063094642,546,296,18115,18723,18925,10001,11107,20264,33657,20284,0,0,22766,16124,14824,3960,3249,219,0,0,0,0,33017,2646,3045,0,0,0,0,0
549,351,550.4044502758321,99850,1147,674,113,33,35666,18680,0.5442764146219329,536,293,18103,18705,18927,9989,11172,20304,33771,20392,0,0,22587,16095,14958,3963,3290,225,0,0,0,0,33053,2630,3049,0,0,0,0,0
550,351,551.171146500027,99849,1147,632,113,34,35790,18721,0.5459343608849363,498,301,18062,18676,18939,10010,11239,20345,33884,20500,0,0,22394,16071,15083,3965,3332,232,0,0,0,0,33105,2616,3051,0,0,0,0,0
551,351,552.7053850404753,99846,1095,596,115,35,35984,18841,0.5490956072351422,486,287,18099,18696,18959,10059,11244,20325,33996,20607,0,0,22141,16082,15248,4008,3393,245,0,0,0,0,33091,2591,3047,0,0,0,0,0
552,351,553.471399059119,99846,1071,591,115,35,36084,18899,0.5506780441880496,449,270,18089,18677,18967,10058,11307,20367,34107,20714,0,0,21968,16040,15364,4019,3435,251,0,0,0,0,33148,2571,3050,0,0,0,0,0
553,351,554.2384320208974,99846,1087,585,115,35,36193,18965,0.552430743344751,418,243,18074,18659,18938,10078,11366,20398,34217,20820,0,0,21790,16008,15482,4017,3472,254,0,0,0,0,33211,2558,3054,0,0,0,0,0
554,351,555.0057285203798,99846,1047,572,115,35,36268,19006,0.55359253250005,437,247,18067,18642,18924,10061,11408,20441,34326,20926,0,0,21618,15975,15590,4013,3516,260,0,0,0,0,33270,2548,3056,0,0,0,0,0
555,351,556.5439460974095,99846,1009,553,115,35,36443,19099,0.5562766660657412,440,241,18079,18701,18939,10054,11416,20414,34434,21031,0,0,21410,15944,15745,4052,3571,269,0,0,0,0,33272,2528,3055,0,0,0,0,0
556,351,557.3122509808934,99845,976,547,116,35,36524,19153,0.5576343332164856,428,227,18076,18687,18923,10046,11479,20456,34541,21135,0,0,21241,15909,15863,4059,3605,273,0,0,0,0,33318,2511,3066,0,0,0,0,0
557,351,558.0815745878785,99844,944,530,117,35,36620,19200,0.5590721525579905,404,223,18067,18669,18927,10059,11539,20482,34647,21239,0,0,21066,15872,15969,4071,3647,279,0,0,0,0,33372,2496,3072,0,0,0,0,0
558,351,559.6228205309338,99840,883,497,120,36,36757,19304,0.5615084134615385,388,202,18110,18744,18929,10095,11568,20424,34752,21342,0,0,20842,15881,16138,4094,3697,284,0,0,0,0,33353,2471,3080,0,0,0,0,0
559,351,560.3931511571309,99839,864,459,121,36,36834,19326,0.5625056340708541,378,225,18114,18722,18895,10088,11626,20468,34856,21445,0,0,20676,15849,16261,4093,3731,285,0,0,0,0,33400,2461,3083,0,0,0,0,0
560,351,561.164737337488,99837,834,449,122,37,36907,19362,0.5636086821519076,380,227,18114,18695,18865,10082,11683,20508,34959,21547,0,0,20528,15806,16351,4090,3780,290,0,0,0,0,33458,2447,3087,0,0,0,0,0
561,351,562.7128407754185,99836,794,432,123,37,37059,19441,0.5659281221202772,367,200,18158,18750,18867,10104,11689,20475,35061,21649,0,0,20317,15801,16488,4110,3834,293,0,0,0,0,33474,2426,3093,0,0,0,0,0
562,351,563.4874584899832,99836,783,408,123,37,37130,19472,0.5669497976681758,363,208,18172,18750,18816,10097,11741,20498,35161,21750,0,0,20175,15759,16602,4098,3873,299,0,0,0,0,33520,2419,3091,0,0,0,0,0
563,351,564.2627975325946,99835,772,400,123,38,37209,19510,0.5681274102268743,357,199,18157,18752,18787,10079,11802,20530,35260,21851,0,0,20025,15719,16686,4096,3913,304,0,0,0,0,33586,2407,3099,0,0,0,0,0
564,351,565.0404470395052,99835,755,412,123,38,37272,19559,0.5692492612811139,352,179,18145,18771,18751,10049,11872,20549,35359,21951,0,0,19881,15688,16773,4085,3950,309,0,0,0,0,33650,2393,3106,0,0,0,0,0
565,351,566.6002696637674,99833,718,390,125,38,37411,19635,0.5714142618172348,327,169,18179,18852,18760,10052,11889,20497,35457,22051,0,0,19689,15669,16911,4105,3999,316,0,0,0,0,33661,2377,3106,0,0,0,0,0
566,351,567.3800968277557,99833,705,390,125,38,37481,19668,0.572445984794607,298,165,18174,18864,18746,10015,11950,20526,35554,22150,0,0,19553,15616,17011,4109,4031,317,0,0,0,0,33723,2363,3110,0,0,0,0,0
567,351,568.1611270606528,99833,690,381,125,38,37543,19706,0.5734476575881723,296,156,18176,18857,18708,10016,12003,20550,35650,22249,0,0,19425,15559,17120,4111,4060,323,0,0,0,0,33771,2350,3114,0,0,0,0,0
568,351,569.726888572498,99833,656,356,125,38,37660,19776,0.5753207857121393,275,138,18246,18956,18670,10018,12026,20492,35745,22347,0,0,19261,15527,17264,4127,4105,329,0,0,0,0,33769,2330,3121,0,0,0,0,0
569,351,570.5115759417037,99833,656,335,125,38,37730,19802,0.5762823915939619,247,137,18234,18975,18650,10009,12086,20504,35839,22445,0,0,19138,15479,17361,4116,4147,331,0,0,0,0,33815,2315,3131,0,0,0,0,0
570,351,571.2976053784588,99833,628,308,125,38,37777,19826,0.5769935792773933,244,136,18235,18968,18623,10015,12143,20533,35932,22542,0,0,18998,15436,17459,4119,4180,334,0,0,0,0,33874,2302,3131,0,0,0,0,0
571,351,572.0848019490977,99832,601,290,125,39,37815,19854,0.5776604695889094,247,134,18232,18979,18589,9990,12204,20566,36024,22639,0,0,18870,15389,17547,4117,4212,339,0,0,0,0,33932,2289,3137,0,0,0,0,0
572,351,573.6640277439421,99831,572,286,126,39,37931,19903,0.5793190491931364,236,129,18294,19046,18556,9962,12214,20536,36115,22735,0,0,18719,15352,17659,4129,4254,347,0,0,0,0,33961,2271,3139,0,0,0,0,0
573,351,574.4539732443283,99831,560,274,126,39,37976,19928,0.5800202341957909,229,119,18313,19053,18510,9948,12260,20565,36205,22831,0,0,18610,15296,17746,4114,4296,350,0,0,0,0,34013,2262,3144,0,0,0,0,0
574,351,575.246236324757,99830,529,265,126,40,38009,19956,0.58063708304117,227,105,18312,19046,18482,9939,12322,20603,36294,22926,0,0,18480,15256,17831,4110,4323,354,0,0,0,0,34074,2251,3151,0,0,0,0,0
575,351,576.0407245416561,99830,527,247,126,40,38055,19982,0.5813583091255133,210,98,18332,19060,18426,9920,12377,20633,36382,23021,0,0,18359,15205,17899,4113,4355,357,0,0,0,0,34144,2237,3161,0,0,0,0,0
576,351,577.6355593792711,99829,488,243,127,40,38145,20028,0.5827264622504482,179,86,18399,19129,18409,9894,12396,20606,36469,23115,0,0,18201,15193,17986,4111,4404,361,0,0,0,0,34185,2222,3166,0,0,0,0,0
577,351,578.433424081103,99829,464,230,127,40,38183,20045,0.5832774043614581,167,86,18417,19142,18376,9870,12447,20630,36555,23208,0,0,18096,15142,18067,4094,4448,364,0,0,0,0,34238,2210,3170,0,0,0,0,0
578,351,579.2335747475844,99829,436,219,127,40,38209,20064,0.583728175179557,180,83,18456,19156,18307,9843,12492,20657,36641,23301,0,0,17994,15083,18155,4087,4470,372,0,0,0,0,34290,2196,3182,0,0,0,0,0
579,351,580.0337519328193,99829,422,224,127,40,38248,20091,0.5843893057127688,176,76,18473,19140,18255,9820,12545,20698,36726,23393,0,0,17882,15031,18237,4085,4491,375,0,0,0,0,34354,2183,3191,0,0,0,0,0
580,351,581.6305673270168,99829,396,208,127,40,38313,20122,0.5853509501247133,162,66,18554,19249,18198,9788,12561,20647,36810,23485,0,0,17773,14970,18337,4094,4528,380,0,0,0,0,34384,2165,3198,0,0,0,0,0
581,351,582.426091529652,99829,386,196,127,40,38351,20133,0.5858417894599766,151,72,18564,19249,18149,9764,12621,20677,36893,23576,0,0,17663,14916,18416,4095,4544,386,0,0,0,0,34451,2155,3203,0,0,0,0,0
582,351,583.2211795995844,99829,388,187,127,40,38394,20148,0.5864227829588596,128,66,18579,19286,18097,9729,12679,20690,36975,23667,0,0,17563,14860,18493,4086,4573,387,0,0,0,0,34511,2146,3210,0,0,0,0,0
583,351,584.0160506540471,99829,346,186,127,40,38414,20165,0.5867934167426299,126,64,18601,19286,18072,9701,12726,20721,37056,23757,0,0,17459,14807,18564,4084,4599,394,0,0,0,0,34573,2134,3215,0,0,0,0,0
584,351,585.604431537366,99828,305,176,127,41,38460,20197,0.5875806386985615,123,60,18709,19406,17995,9658,12739,20657,37137,23847,0,0,17331,14782,18653,4073,4640,397,0,0,0,0,34611,2124,3217,0,0,0,0,0
585,351,586.3953438054714,99828,295,159,127,41,38484,20205,0.5879011900468807,122,62,18741,19422,17933,9629,12780,20685,37217,23936,0,0,17244,14713,18736,4064,4670,398,0,0,0,0,34666,2116,3221,0,0,0,0,0
586,351,587.1851205269717,99828,272,155,127,41,38501,20213,0.588151620787755,122,64,18763,19436,17881,9586,12833,20716,37296,24025,0,0,17162,14650,18822,4056,4689,402,0,0,0,0,34714,2102,3231,0,0,0,0,0
587,351,588.7615983042369,99828,258,148,127,41,38545,20239,0.588852826862203,114,56,18840,19543,17810,9531,12849,20679,37374,24113,0,0,17065,14598,18904,4052,4718,406,0,0,0,0,34756,2086,3243,0,0,0,0,0
588,351,589.5471370369274,99827,242,138,128,41,38566,20249,0.5891692628246867,109,49,18850,19586,17759,9499,12910,20685,37451,24201,0,0,16965,14546,18969,4042,4746,409,0,0,0,0,34824,2083,3243,0,0,0,0,0
589,351,590.3320435131329,99826,243,141,128,42,38590,20265,0.5895758619998798,102,44,18869,19610,17690,9455,12966,20706,37528,24288,0,0,16874,14491,19035,4034,4764,411,0,0,0,0,34892,2074,3251,0,0,0,0,0
590,351,591.1167739390364,99826,226,140,128,42,38606,20279,0.5898763849097429,101,37,18886,19628,17647,9430,13010,20721,37604,24375,0,0,16773,14447,19097,4024,4788,415,0,0,0,0,34967,2066,3249,0,0,0,0,0
591,351,592.6842238122298,99826,208,121,128,42,38639,20298,0.5903972912868392,97,37,18963,19710,17567,9410,13035,20678,37679,24461,0,0,16671,14406,19171,4017,4822,417,0,0,0,0,35014,2052,3256,0,0,0,0,0
592,351,593.4652868788776,99826,201,118,128,42,38653,20307,0.5906276921844008,95,39,18996,19737,17491,9372,13087,20690,37753,24547,0,0,16588,14347,19234,4013,4840,418,0,0,0,0,35079,2039,3268,0,0,0,0,0
593,351,594.2458420971127,99826,198,120,128,42,38669,20318,0.5908981628032777,91,34,19013,19768,17433,9326,13135,20708,37827,24632,0,0,16498,14294,19298,4003,4856,421,0,0,0,0,35151,2035,3270,0,0,0,0,0
594,351,595.02512310744,99826,190,110,128,42,38687,20323,0.5911285637008394,83,35,19047,19803,17373,9287,13177,20721,37900,24717,0,0,16427,14227,19368,3997,4878,426,0,0,0,0,35203,2025,3275,0,0,0,0,0
595,351,596.5812045339602,99826,161,90,128,42,38704,20332,0.5913890168893875,87,51,19141,19895,17280,9239,13201,20681,37972,24801,0,0,16334,14187,19435,3978,4912,432,0,0,0,0,35252,2017,3279,0,0,0,0,0
596,351,597.3558527320246,99826,161,89,128,42,38720,20342,0.5916494700779356,83,46,19179,19917,17203,9215,13244,20689,38043,24885,0,0,16246,14142,19493,3966,4928,435,0,0,0,0,35320,2010,3286,0,0,0,0,0
597,351,598.1297150475904,99826,141,88,128,42,38725,20353,0.5918097489631959,84,46,19221,19931,17136,9190,13288,20701,38114,24968,0,0,16168,14089,19564,3953,4945,439,0,0,0,0,35373,2000,3295,0,0,0,0,0
598,351,599.6729574741562,99826,141,84,128,42,38756,20368,0.5922705507583195,79,39,19317,20014,17031,9141,13302,20678,38184,25051,0,0,16078,14044,19638,3945,4958,444,0,0,0,0,35426,1992,3301,0,0,0,0,0
599,351,600.4411355450756,99826,149,85,128,42,38773,20378,0.5925410213771963,68,31,19364,20035,16954,9118,13335,20687,38253,25133,0,0,15997,13994,19696,3936,4969,447,0,0,0,0,35495,1984,3308,0,0,0,0,0
600,351,601.2082424077738,99825,151,78,129,42,38788,20382,0.5927372902579514,63,33,19407,20074,16872,9081,13376,20690,38322,25215,0,0,15920,13941,19756,3923,4983,452,0,0,0,0,35558,1976,3316,0,0,0,0,0
601,351,602.7371457265918,99825,140,77,129,42,38812,20396,0.5931179564237415,58,29,19514,20165,16758,9029,13399,20656,38390,25296,0,0,15841,13890,19821,3907,5010,455,0,0,0,0,35610,1967,3324,0,0,0,0,0
602,351,603.4983867458992,99825,137,76,129,42,38821,20403,0.5932782369146006,61,26,19520,20205,16695,8988,13456,20661,38457,25377,0,0,15771,13826,19895,3902,5018,457,0,0,0,0,35666,1959,3331,0,0,0,0,0
603,351,604.2579652274835,99825,130,70,129,42,38833,20407,0.5934385174054596,51,27,19537,20241,16640,8957,13511,20661,38524,25457,0,0,15687,13776,19949,3893,5041,457,0,0,0,0,35735,1955,3332,0,0,0,0,0
604,351,605.0173265118926,99825,129,69,129,42,38844,20412,0.5935987978963185,49,28,19563,20267,16570,8923,13558,20669,38590,25537,0,0,15614,13724,20001,3885,5055,460,0,0,0,0,35799,1945,3342,0,0,0,0,0
605,351,606.5340573512918,99825,112,69,129,42,38855,20424,0.5938292011019284,47,23,19663,20378,16472,8866,13575,20620,38655,25616,0,0,15535,13678,20057,3873,5076,465,0,0,0,0,35858,1938,3345,0,0,0,0,0
606,351,607.2887738625417,99825,111,58,129,42,38865,20425,0.593939393939394,41,30,19696,20400,16400,8839,13621,20629,38720,25695,0,0,15461,13628,20117,3860,5095,466,0,0,0,0,35916,1932,3350,0,0,0,0,0
607,351,608.0429632482108,99825,105,62,129,42,38873,20434,0.5941096919609317,35,24,19722,20437,16346,8792,13661,20641,38784,25773,0,0,15388,13582,20167,3851,5105,472,0,0,0,0,35980,1921,3359,0,0,0,0,0
608,351,609.5480719676268,99825,87,56,129,42,38881,20440,0.5942499373904333,38,21,19774,20509,16278,8758,13692,20612,38847,25851,0,0,15311,13537,20227,3842,5123,475,0,0,0,0,36031,1914,3365,0,0,0,0,0
609,351,610.727459397739,99825,73,46,129,42,38890,20449,0.5944302529426496,37,17,19888,20607,16183,8709,13688,20577,38910,25928,0,0,15233,13493,20290,3835,5133,482,0,0,0,0,36081,1906,3372,0,0,0,0,0
610,351,611.4746549978343,99825,72,46,129,42,38891,20450,0.594450288004007,36,17,19854,20578,16143,8682,13764,20633,38972,26005,0,0,15176,13442,20343,3813,5156,482,0,0,0,0,36136,1897,3380,0,0,0,0,0
611,351,612.0681868562724,99825,65,45,129,42,38895,20453,0.5945204107187578,32,18,19879,20573,16082,8660,13811,20660,39034,26081,0,0,15106,13402,20388,3797,5171,487,0,0,0,0,36197,1888,3389,0,0,0,0,0
612,351,613.5908408747305,99824,66,42,130,42,38907,20460,0.5947167013944542,32,15,19966,20647,15991,8623,13813,20629,39095,26157,0,0,15035,13361,20438,3782,5189,490,0,0,0,0,36256,1879,3394,0,0,0,0,0
613,351,614.0287659635196,99824,57,42,130,42,38910,20464,0.5947868248116686,33,11,19979,20674,15943,8582,13856,20647,39155,26232,0,0,14971,13316,20491,3768,5205,493,0,0,0,0,36310,1870,3400,0,0,0,0,0
614,351,615.032126716298,99824,57,37,130,42,38923,20466,0.5949370892771277,35,13,20065,20771,15852,8530,13859,20605,39215,26307,0,0,14897,13268,20540,3764,5217,494,0,0,0,0,36375,1861,3408,0,0,0,0,0
615,351,616.3709752917412,99824,55,32,130,42,38931,20467,0.5950272479564033,31,16,20132,20839,15764,8487,13886,20582,39274,26382,0,0,14837,13214,20597,3756,5226,498,0,0,0,0,36427,1850,3419,0,0,0,0,0
616,351,617.1504609453822,99824,57,33,130,42,38937,20472,0.59513744189774,32,13,20139,20874,15710,8449,13930,20587,39333,26456,0,0,14771,13164,20651,3748,5235,499,0,0,0,0,36487,1842,3427,0,0,0,0,0
617,351,618.230028949031,99824,61,31,130,42,38945,20473,0.5952276005770155,32,12,20200,20927,15625,8410,13950,20576,39391,26530,0,0,14707,13119,20700,3732,5249,502,0,0,0,0,36546,1837,3432,0,0,0,0,0
618,351,619.4408805012117,99824,58,27,130,42,38957,20476,0.5953778650424748,28,12,20310,21001,15523,8374,13949,20542,39448,26603,0,0,14636,13079,20748,3723,5262,506,0,0,0,0,36604,1830,3436,0,0,0,0,0
619,351,620.1571277204201,99824,59,29,130,42,38959,20479,0.5954279531976279,31,9,20302,20998,15477,8347,13999,20573,39505,26676,0,0,14577,13034,20793,3705,5277,510,0,0,0,0,36662,1826,3440,0,0,0,0,0
620,351,621.0577900067326,99824,56,26,130,42,38967,20483,0.5955481647699952,32,11,20399,21115,15387,8282,13994,20522,39561,26748,0,0,14515,12988,20841,3691,5296,513,0,0,0,0,36715,1823,3442,0,0,0,0,0
621,351,622.2179587994866,99824,47,24,130,42,38970,20484,0.5955882352941176,33,13,20470,21179,15306,8245,14012,20495,39617,26820,0,0,14443,12951,20886,3683,5304,516,0,0,0,0,36776,1814,3451,0,0,0,0,0
622,351,623.175630754491,99824,50,25,130,42,38974,20486,0.5956483410803013,32,11,20462,21177,15258,8220,14066,20523,39672,26891,0,0,14383,12911,20928,3667,5317,519,0,0,0,0,36834,1807,3458,0,0,0,0,0
623,351,624.2614589063977,99824,57,27,130,42,38987,20491,0.5958286584388524,23,8,20527,21265,15177,8170,14084,20486,39727,26962,0,0,14316,12873,20972,3654,5330,521,0,0,0,0,36894,1801,3463,0,0,0,0,0
624,351,625.5629099879088,99824,55,19,130,42,38998,20494,0.595968905273281,18,9,20664,21397,15063,8122,14068,20409,39781,27032,0,0,14250,12837,21013,3639,5355,521,0,0,0,0,36948,1792,3469,0,0,0,0,0
625,351,626.2826064633758,99824,56,19,130,42,38999,20494,0.5959789229043115,17,9,20624,21363,15035,8103,14136,20462,39835,27102,0,0,14196,12781,21069,3629,5363,523,0,0,0,0,37002,1790,3471,0,0,0,0,0
626,351,627.4261915803324,99824,48,18,130,42,39004,20498,0.5960690815835871,20,11,20704,21452,14955,8054,14141,20421,39888,27172,0,0,14136,12734,21122,3621,5375,524,0,0,0,0,37051,1781,3480,0,0,0,0,0
627,351,628.1937433010744,99824,47,19,130,42,39006,20499,0.596099134476679,21,11,20715,21465,14899,8019,14186,20442,39941,27241,0,0,14071,12692,21165,3611,5384,526,0,0,0,0,37114,1778,3483,0,0,0,0,0
628,351,629.0039644641331,99824,51,24,130,42,39014,20504,0.596229363680077,14,6,20752,21487,14828,7986,14223,20453,39993,27310,0,0,14021,12641,21216,3600,5396,527,0,0,0,0,37163,1769,3491,0,0,0,0,0
629,351,630.164642816969,99824,46,25,130,42,39021,20511,0.5963696105145055,43,33,20850,21587,14725,7926,14204,20385,40045,27378,0,0,13957,12599,21261,3593,5406,528,3,0,0,4,37214,1759,3500,0,0,0,0,0
630,351,631.3693175231116,99824,55,30,130,42,39036,20522,0.5966300689213014,34,30,20950,21662,14635,7890,14194,20344,40096,27446,0,0,13904,12550,21307,3583,5418,531,4,0,0,9,37261,1753,3504,0,0,0,0,0
631,351,632.5685733086633,99824,59,30,130,42,39043,20529,0.59677031575573,39,26,21018,21745,14554,7850,14198,20305,40147,27513,0,0,13849,12507,21348,3572,5430,532,5,0,0,16,37308,1744,3513,0,0,0,0,0
632,351,633.1659272099918,99824,60,29,130,42,39048,20531,0.5968404391729444,41,24,21040,21759,14494,7825,14233,20319,40197,27580,0,0,13793,12470,21385,3552,5448,535,5,0,0,20,37360,1741,3515,0,0,0,0,0
633,351,634.3598212146004,99824,53,30,130,42,39057,20538,0.5970007212694342,42,23,21111,21831,14413,7786,14249,20286,40247,27647,0,0,13741,12417,21432,3541,5465,536,10,0,0,29,37398,1735,3520,0,0,0,0,0
634,351,635.5496875804811,99824,55,27,130,42,39068,20544,0.5971710209969546,40,20,21177,21901,14353,7750,14243,20258,40296,27713,0,0,13677,12375,21466,3536,5475,539,12,0,0,37,37452,1732,3523,0,0,0,0,0
635,351,636.0523760622641,99824,56,28,130,42,39069,20545,0.5971910562590159,41,20,21157,21879,14316,7729,14298,20300,40345,27779,0,0,13629,12328,21513,3522,5487,541,12,0,0,37,37500,1728,3527,0,0,0,0,0
636,351,637.4719478571997,99824,57,27,130,42,39082,20552,0.5973914088796282,41,24,21300,22001,14219,7675,14251,20229,40393,27844,0,0,13564,12292,21546,3516,5498,544,15,0,0,44,37555,1720,3530,0,0,0,0,0
637,351,638.0617887714945,99824,60,29,130,42,39092,20556,0.5975316557140568,34,22,21336,22020,14151,7651,14287,20234,40441,27909,0,0,13512,12251,21582,3500,5518,545,15,0,0,46,37605,1715,3535,0,0,0,0,0
638,351,639.239545175746,99824,55,32,130,42,39101,20563,0.5976919378105465,30,20,21400,22089,14086,7616,14297,20199,40488,27973,0,0,13466,12194,21631,3496,5528,549,16,0,0,50,37646,1711,3537,0,0,0,0,0
639,351,640.1585723199828,99824,55,30,130,42,39107,20564,0.5977620612277609,34,27,21442,22129,14018,7580,14319,20190,40535,28037,0,0,13410,12158,21665,3483,5544,550,16,0,0,55,37697,1706,3540,0,0,0,0,0
640,351,641.3298545179513,99823,56,31,131,42,39122,20571,0.5979884395379822,38,24,21500,22214,13943,7549,14330,20138,40581,28101,0,0,13361,12115,21701,3472,5558,554,20,0,0,63,37734,1698,3547,0,0,0,0,0
641,351,642.4979416485129,99823,61,35,131,42,39134,20579,0.5981887941656733,40,19,21556,22291,13871,7509,14339,20102,40627,28164,0,0,13307,12078,21730,3466,5567,559,20,0,0,66,37785,1691,3554,0,0,0,0,0
642,351,643.0805283299057,99823,59,33,131,42,39135,20580,0.5982088296284424,39,20,21534,22276,13839,7495,14396,20132,40673,28227,0,0,13255,12048,21756,3451,5584,561,20,0,0,68,37835,1681,3564,0,0,0,0,0
643,351,644.3628542723225,99823,54,38,131,42,39148,20592,0.5984592729130561,45,16,21642,22396,13752,7445,14374,20061,40718,28289,0,0,13198,12009,21785,3441,5603,562,24,0,0,78,37878,1676,3569,0,0,0,0,0
644,351,645.3806147152928,99823,54,35,131,42,39152,20594,0.5985193793013635,44,14,21661,22409,13704,7422,14404,20076,40763,28351,0,0,13150,11966,21826,3432,5615,563,24,0,0,82,37922,1669,3574,0,0,0,0,0
645,351,646.0198053084714,99823,55,37,131,42,39159,20598,0.5986295743465935,42,12,21679,22444,13660,7388,14431,20075,40807,28413,0,0,13101,11923,21865,3423,5626,565,25,0,0,85,37967,1666,3577,0,0,0,0,0
646,351,647.3882455473067,99823,55,27,131,42,39175,20600,0.5988098935115154,38,16,21771,22530,13582,7352,14421,20031,40851,28474,0,0,13046,11882,21896,3417,5640,568,29,0,0,97,38006,1661,3581,0,0,0,0,0
647,351,648.5314056074113,99823,61,24,131,42,39189,20605,0.5990002304078218,47,22,21875,22619,13499,7317,14385,19974,40894,28535,0,0,12986,11845,21928,3409,5652,569,31,0,0,105,38056,1660,3582,0,0,0,0,0
648,351,649.1054709117319,99823,66,28,131,42,39199,20610,0.5991504963785901,40,20,21888,22640,13452,7287,14421,19981,40937,28595,0,0,12942,11805,21965,3401,5658,574,33,0,0,105,38098,1651,3591,0,0,0,0,0
649,351,650.0216369047756,99823,63,28,131,42,39201,20612,0.5991905673041283,40,19,21891,22645,13412,7267,14461,19997,40980,28655,0,0,12898,11765,22003,3390,5669,576,36,0,0,107,38137,1642,3600,0,0,0,0,0
650,351,651.3257077672982,99823,71,25,131,42,39220,20617,0.5994309928573576,36,25,21991,22771,13337,7229,14432,19906,41022,28715,0,0,12840,11735,22029,3382,5683,577,41,0,0,114,38183,1633,3606,0,0,0,0,0
651,351,652.4672080648339,99823,70,29,131,42,39232,20626,0.5996413652164331,44,21,22048,22834,13276,7195,14429,19877,41064,28774,0,0,12785,11700,22060,3374,5697,578,45,0,0,121,38227,1628,3608,0,0,0,0,0
652,351,653.0367958845986,99823,71,27,131,42,39238,20628,0.5997215070675095,45,21,22061,22858,13232,7175,14458,19875,41105,28833,0,0,12735,11663,22097,3368,5704,579,45,0,0,128,38270,1623,3611,0,0,0,0,0
653,351,654.1749228790981,99823,72,29,131,42,39251,20636,0.5999318794265851,36,17,22107,22918,13180,7142,14472,19850,41146,28891,0,0,12688,11629,22128,3354,5718,582,50,0,0,135,38305,1614,3620,0,0,0,0,0
654,351,655.2429236847911,99823,79,30,131,42,39262,20639,0.6000721276659687,37,18,22138,22952,13123,7118,14490,19838,41187,28949,0,0,12642,11594,22160,3343,5730,584,51,0,0,136,38349,1607,3627,0,0,0,0,0
655,351,656.3127696189874,99823,77,29,131,42,39270,20645,0.6002123759053525,41,20,22229,23038,13051,7078,14469,19791,41227,29007,0,0,12592,11557,22192,3333,5745,584,55,0,0,144,38387,1602,3632,0,0,0,0,0
656,351,657.4383884984791,99823,72,31,131,42,39284,20652,0.600422748264428,43,25,22304,23149,12993,7034,14455,19717,41267,29064,0,0,12534,11519,22220,3329,5759,585,62,0,0,149,38433,1598,3635,0,0,0,0,0
657,351,658.0011456552752,99823,74,32,131,42,39290,20654,0.6005028901155044,45,27,22318,23161,12951,7012,14479,19724,41307,29121,0,0,12490,11483,22252,3322,5767,588,61,0,0,151,38476,1592,3641,0,0,0,0,0
658,351,659.1260903851319,99823,70,31,131,42,39302,20660,0.6006832092804264,43,29,22382,23210,12900,6981,14472,19705,41346,29178,0,0,12441,11443,22280,3319,5780,590,64,0,0,159,38514,1587,3646,0,0,0,0,0
659,351,660.2476842945913,99823,71,29,131,42,39311,20665,0.60082345751981,48,33,22432,23280,12835,6941,14481,19673,41385,29234,0,0,12405,11397,22321,3306,5799,590,68,0,0,163,38542,1583,3649,0,0,0,0,0
660,351,661.3667974914816,99823,81,38,131,42,39331,20674,0.6011139717299621,37,27,22487,23365,12770,6907,14492,19619,41423,29290,0,0,12363,11358,22356,3297,5812,591,69,0,0,165,38581,1577,3654,0,0,0,0,0
661,351,662.4830950019268,99822,77,41,132,42,39339,20682,0.6012802788964356,45,25,22545,23432,12709,6877,14490,19581,41461,29345,0,0,12311,11326,22383,3286,5827,591,72,0,0,174,38621,1575,3656,0,0,0,0,0
662,351,663.0401352616859,99822,73,41,132,42,39344,20683,0.6013403858868787,47,29,22560,23448,12669,6854,14517,19584,41499,29400,0,0,12270,11286,22416,3283,5834,594,74,0,0,175,38659,1568,3663,0,0,0,0,0
663,351,664.1528835732167,99822,69,40,132,42,39352,20689,0.6014806355312456,46,31,22606,23509,12623,6821,14522,19555,41536,29455,0,0,12230,11249,22448,3269,5853,596,76,0,0,182,38690,1564,3665,0,0,0,0,0
664,351,665.2633149116278,99822,71,39,132,42,39369,20696,0.6017210634930176,45,26,22642,23572,12581,6794,14527,19525,41573,29509,0,0,12181,11214,22477,3263,5861,600,82,0,0,189,38726,1558,3671,0,0,0,0,0
665,351,666.3717834052286,99822,71,40,132,42,39380,20704,0.6019114022960871,44,24,22702,23630,12520,6763,14529,19499,41610,29563,0,0,12135,11183,22501,3253,5879,602,84,0,0,194,38765,1553,3673,0,0,0,0,0
666,351,667.4775070648543,99822,70,46,132,42,39394,20714,0.602151830257859,47,19,22770,23698,12458,6729,14521,19464,41646,29617,0,0,12092,11143,22532,3246,5897,603,88,0,0,196,38802,1549,3674,0,0,0,0,0
667,351,668.0289360532445,99822,69,46,132,42,39394,20715,0.6021618480895995,47,19,22757,23697,12428,6711,14565,19483,41682,29670,0,0,12057,11103,22572,3240,5902,604,88,0,0,198,38835,1542,3681,0,0,0,0,0
668,351,669.3057039597982,99821,68,48,132,43,39409,20723,0.6023982929443704,50,26,22835,23805,12365,6665,14548,19411,41718,29723,0,0,12014,11067,22600,3228,5922,604,91,0,0,207,38865,1540,3683,0,0,0,0,0
669,351,670.4047350854725,99821,74,47,132,43,39425,20731,0.6026387233147333,43,24,22888,23873,12314,6644,14547,19367,41753,29776,0,0,11976,11034,22628,3218,5936,606,93,0,0,216,38892,1531,3691,0,0,0,0,0
670,351,671.5013157986002,99821,69,44,132,43,39432,20737,0.6027689564320133,44,28,22936,23930,12262,6624,14555,19329,41788,29828,0,0,11938,10990,22666,3215,5946,607,94,0,0,226,38919,1527,3693,0,0,0,0,0
671,351,672.0485496181211,99821,69,46,132,43,39436,20742,0.6028591178208994,47,23,22946,23952,12224,6607,14580,19327,41823,29880,0,0,11901,10959,22695,3204,5957,610,95,0,0,227,38954,1519,3700,0,0,0,0,0
672,351,673.1424789525722,99821,67,50,132,43,39439,20750,0.6029693150739824,53,18,22953,23963,12189,6588,14604,19336,41857,29932,0,0,11857,10926,22728,3197,5963,611,98,0,0,233,38989,1515,3704,0,0,0,0,0
673,351,674.177976969403,99821,71,46,132,43,39460,20754,0.6032197633764438,45,20,23035,24051,12130,6556,14585,19282,41891,29983,0,0,11817,10887,22758,3192,5976,613,100,0,0,243,39017,1511,3707,0,0,0,0,0
674,351,675.2913980984962,99821,72,44,132,43,39471,20758,0.6033700323579206,41,20,23084,24095,12088,6540,14581,19256,41925,30034,0,0,11774,10859,22782,3187,5985,616,101,0,0,250,39052,1503,3712,0,0,0,0,0
675,351,676.1810283479583,99821,71,43,132,43,39479,20766,0.603530319271496,42,18,23152,24146,12026,6520,14575,19228,41959,30085,0,0,11738,10817,22819,3180,5997,617,104,0,0,258,39077,1500,3714,0,0,0,0,0
676,351,677.1131612357074,99821,63,43,132,43,39487,20772,0.6036705703208743,42,15,23214,24199,11969,6499,14578,19199,41992,30135,0,0,11694,10782,22844,3179,6006,620,106,0,0,264,39113,1495,3718,0,0,0,0,0
677,351,678.0202731024905,99821,63,40,132,43,39493,20777,0.6037807675739574,45,11,23235,24232,11936,6493,14587,19179,42025,30185,0,0,11653,10746,22874,3177,6014,621,105,0,0,272,39147,1494,3718,0,0,0,0,0
678,351,679.5162843686395,99821,59,34,132,43,39505,20779,0.6039210186233358,48,16,23335,24323,11868,6465,14556,19117,42058,30235,0,0,11608,10720,22897,3164,6029,623,108,0,0,285,39176,1490,3721,0,0,0,0,0
679,351,680.0940232788224,99821,60,34,132,43,39512,20784,0.6040412338085173,42,14,23357,24345,11826,6451,14581,19111,42090,30284,0,0,11575,10678,22938,3158,6035,626,110,0,0,289,39203,1489,3720,0,0,0,0,0
680,351,681.3044773084275,99821,58,33,132,43,39526,20787,0.604211538654191,40,13,23434,24414,11773,6429,14561,19066,42122,30333,0,0,11536,10643,22971,3155,6044,628,111,0,0,295,39233,1484,3721,0,0,0,0,0
681,351,682.0528739596323,99821,61,32,132,43,39538,20791,0.6043718255677663,35,14,23485,24471,11719,6408,14566,19030,42154,30382,0,0,11497,10608,22999,3150,6057,628,113,0,0,298,39267,1479,3725,0,0,0,0,0
682,351,683.4058859054938,99821,58,31,132,43,39547,20794,0.6044920407529478,36,17,23558,24567,11664,6371,14550,18969,42186,30430,0,0,11452,10582,23018,3144,6069,629,114,0,0,304,39305,1474,3730,0,0,0,0,0
683,351,684.2171875525611,99821,61,31,132,43,39552,20796,0.6045621662776369,37,19,23575,24588,11625,6355,14568,18962,42217,30478,0,0,11410,10554,23044,3140,6073,631,114,0,0,306,39345,1471,3733,0,0,0,0,0
684,351,685.1832207130338,99821,61,30,132,43,39563,20799,0.6047024173270154,35,21,23671,24665,11556,6325,14543,18914,42248,30526,0,0,11374,10520,23072,3135,6085,631,116,0,0,311,39374,1464,3739,0,0,0,0,0
685,351,686.2438891104696,99821,65,31,132,43,39580,20804,0.6049228118331814,26,23,23740,24737,11509,6300,14526,18864,42279,30573,0,0,11337,10482,23103,3131,6095,632,120,0,0,316,39402,1461,3742,0,0,0,0,0
686,351,687.301847884152,99820,64,32,133,43,39591,20809,0.60508916048888,29,26,23789,24786,11453,6276,14530,18835,42309,30620,0,0,11300,10451,23127,3126,6106,633,122,0,0,321,39432,1456,3746,0,0,0,0,0
687,351,688.3574082066003,99820,60,35,133,43,39599,20814,0.6052193949108395,29,27,23852,24836,11409,6248,14515,18809,42339,30667,0,0,11258,10425,23149,3121,6118,633,123,0,0,327,39467,1451,3748,0,0,0,0,0
688,351,689.4101546288758,99820,55,35,133,43,39607,20820,0.6053596473652575,30,27,23902,24908,11367,6219,14511,18766,42369,30714,0,0,11228,10382,23188,3118,6126,635,127,0,0,334,39486,1447,3749,0,0,0,0,0
689,351,690.4606855234081,99819,50,35,133,44,39613,20826,0.6054859295324537,31,24,23963,24981,11317,6190,14504,18724,42399,30760,0,0,11195,10355,23210,3105,6144,635,127,0,0,345,39508,1444,3751,0,0,0,0,0
690,351,691.5084608708668,99819,56,33,133,44,39623,20832,0.6056462196575803,25,24,24011,25049,11270,6164,14503,18684,42428,30806,0,0,11165,10320,23241,3101,6151,637,127,0,0,351,39532,1439,3755,0,0,0,0,0
691,351,692.0314282140663,99819,55,31,133,44,39625,20833,0.6056762740560414,31,27,24028,25078,11233,6149,14518,18669,42457,30852,0,0,11131,10290,23270,3096,6154,640,127,0,0,356,39561,1436,3758,0,0,0,0,0
692,351,693.0765828567675,99819,51,32,133,44,39630,20840,0.6057964916498862,31,26,24084,25140,11192,6130,14507,18626,42486,30897,0,0,11091,10260,23295,3091,6164,640,129,0,0,363,39592,1434,3760,0,0,0,0,0
693,351,694.1191093590867,99819,48,31,133,44,39634,20844,0.6058766367124495,36,26,24146,25197,11146,6119,14489,18581,42515,30942,0,0,11053,10232,23320,3085,6172,641,130,0,0,371,39621,1432,3762,0,0,0,0,0
694,351,695.1591515291406,99819,48,29,133,44,39643,20847,0.6059968543062944,36,26,24211,25262,11095,6095,14475,18542,42543,30987,0,0,11023,10202,23342,3080,6183,644,129,0,0,376,39647,1427,3766,0,0,0,0,0
695,351,696.1964143890316,99819,47,29,133,44,39650,20851,0.6061070537673189,33,26,24253,25333,11065,6069,14467,18497,42571,31031,0,0,10989,10175,23367,3074,6190,647,129,0,0,383,39674,1424,3767,0,0,0,0,0
696,351,697.2315622774769,99819,44,33,133,44,39655,20858,0.6062272713611637,36,27,24319,25392,11012,6043,14454,18459,42599,31075,0,0,10960,10145,23396,3061,6205,647,134,0,0,387,39694,1419,3771,0,0,0,0,0
697,351,698.2642633402296,99819,47,30,133,44,39663,20865,0.6063775433534698,34,24,24375,25450,10965,6029,14444,18421,42627,31119,0,0,10919,10122,23413,3055,6215,649,137,0,0,393,39726,1416,3774,0,0,0,0,0
698,351,699.2945104346384,99819,53,33,133,44,39674,20870,0.6065378334785962,34,21,24409,25493,10923,6008,14446,18399,42654,31163,0,0,10893,10091,23439,3049,6223,652,138,0,0,393,39751,1409,3781,0,0,0,0,0
699,351,700.1279177224949,99819,52,37,133,44,39678,20876,0.6066380148068004,36,20,24425,25528,10889,5988,14463,18381,42681,31206,0,0,10866,10058,23470,3042,6231,653,139,0,0,397,39773,1406,3784,0,0,0,0,0
700,351,701.4852020470078,99819,56,34,133,44,39693,20879,0.6068183411975676,38,23,24524,25608,10823,5972,14424,18317,42708,31249,0,0,10833,10030,23491,3036,6242,655,142,0,0,403,39797,1401,3789,0,0,0,0,0
701,351,702.5090897377808,99819,55,30,133,44,39701,20884,0.6069485769242329,35,23,24579,25662,10775,5955,14421,18284,42735,31292,0,0,10802,10001,23515,3028,6255,656,143,0,0,412,39818,1397,3792,0,0,0,0,0
702,351,703.0199849400917,99819,59,28,133,44,39706,20887,0.6070287219867961,35,21,24582,25676,10746,5949,14443,18280,42761,31335,0,0,10773,9979,23534,3016,6268,658,142,0,0,416,39844,1394,3795,0,0,0,0,0
703,351,704.0411932727282,99819,56,30,133,44,39715,20891,0.6071589577134614,35,21,24617,25737,10710,5923,14447,18243,42787,31377,0,0,10742,9951,23556,3009,6279,660,146,0,0,419,39868,1389,3800,0,0,0,0,0
704,351,705.0610301708647,99819,55,31,133,44,39721,20895,0.6072591390416654,35,20,24611,25775,10691,5907,14473,18221,42813,31419,0,0,10710,9923,23583,3001,6289,660,147,0,0,425,39893,1387,3801,0,0,0,0,0
705,351,706.2708301198784,99819,62,34,133,44,39736,20904,0.6074995742293552,27,15,24660,25848,10651,5883,14465,18174,42839,31461,0,0,10679,9896,23605,2994,6299,662,149,0,0,431,39916,1383,3805,0,0,0,0,0
706,351,707.3583111163028,99819,54,40,133,44,39743,20912,0.6076498462216612,35,12,24748,25944,10596,5849,14432,18109,42865,31502,0,0,10645,9877,23619,2986,6311,664,149,0,0,441,39940,1378,3809,0,0,0,0,0
707,351,708.3935620358432,99819,58,36,133,44,39755,20916,0.6078101363467877,33,17,24801,25993,10566,5838,14407,18070,42890,31543,0,0,10610,9855,23633,2981,6322,666,150,0,0,448,39967,1375,3812,0,0,0,0,0
708,351,709.2125517478527,99819,58,33,133,44,39757,20917,0.6078401907452489,37,16,24827,26008,10522,5827,14421,18070,42915,31584,0,0,10581,9830,23656,2971,6333,667,151,0,0,451,39992,1373,3814,0,0,0,0,0
709,351,710.3584369663458,99819,54,35,133,44,39766,20924,0.6080004808703754,42,13,24915,26093,10458,5802,14396,18011,42940,31625,0,0,10546,9803,23673,2968,6344,669,153,0,0,457,40019,1372,3815,0,0,0,0,0
710,351,711.0383687283484,99819,56,35,133,44,39774,20927,0.6081106803313998,39,11,24967,26150,10413,5777,14390,17981,42965,31665,0,0,10517,9777,23697,2961,6350,672,154,0,0,462,40042,1370,3817,0,0,0,0,0
711,351,712.0603039188221,99819,59,34,133,44,39784,20932,0.6082609523237059,40,10,25007,26216,10383,5758,14376,17936,42989,31705,0,0,10485,9753,23716,2957,6358,676,155,0,0,464,40071,1367,3817,0,0,0,0,0
712,351,713.030309374531,99819,57,32,133,44,39792,20934,0.6083611336519099,40,11,25059,26271,10343,5740,14366,17900,43013,31745,0,0,10459,9724,23738,2954,6365,679,155,0,0,469,40092,1362,3822,0,0,0,0,0
713,351,714.2851220480119,99819,62,28,133,44,39804,20937,0.608511405644216,42,14,25126,26335,10292,5720,14343,17857,43037,31785,0,0,10422,9702,23755,2951,6373,679,157,0,0,475,40121,1357,3827,0,0,0,0,0
714,351,715.0399074330826,99819,59,29,133,44,39811,20940,0.6086115869724201,40,17,25188,26380,10243,5703,14335,17825,43061,31824,0,0,10395,9675,23778,2944,6383,680,160,0,0,480,40140,1353,3831,0,0,0,0,0
715,351,716.1316007694475,99819,61,28,133,44,39822,20944,0.6087618589647261,39,16,25247,26431,10202,5688,14316,17791,43085,31863,0,0,10367,9649,23795,2940,6395,681,160,0,0,484,40164,1348,3836,0,0,0,0,0
716,351,717.0238130616289,99819,61,27,133,44,39828,20947,0.6088520221601098,44,15,25290,26472,10166,5671,14304,17769,43108,31902,0,0,10341,9629,23812,2927,6409,683,161,0,0,489,40184,1345,3839,0,0,0,0,0
717,351,718.0174697292399,99819,61,29,133,44,39840,20951,0.6090123122852362,48,16,25325,26517,10136,5651,14295,17741,43131,31941,0,0,10308,9607,23829,2919,6421,684,164,0,0,493,40210,1342,3842,0,0,0,0,0
718,351,719.2835361860937,99819,58,29,133,44,39854,20956,0.609202656808824,47,20,25386,26606,10107,5623,14267,17676,43154,31979,0,0,10280,9577,23851,2915,6434,684,167,0,0,502,40226,1339,3844,0,0,0,0,0
719,351,720.113991702243,99819,68,30,133,44,39868,20961,0.6093930013324117,35,21,25419,26630,10073,5605,14270,17668,43177,32017,0,0,10253,9553,23873,2908,6442,685,168,0,0,506,40248,1335,3848,0,0,0,0,0
720,351,721.102717052652,99819,64,31,133,44,39879,20968,0.609573327723179,33,21,25491,26706,10029,5584,14248,17612,43200,32055,0,0,10220,9533,23888,2901,6453,688,171,0,0,514,40270,1331,3850,0,0,0,0,0
721,351,722.0873703579421,99819,68,34,133,44,39889,20974,0.6097336178483055,30,21,25540,26760,9996,5565,14231,17574,43223,32093,0,0,10187,9515,23906,2899,6455,691,170,0,0,520,40298,1326,3852,0,0,0,0,0
722,351,723.0701666098178,99819,64,36,133,44,39892,20980,0.6098237810436891,30,17,25553,26790,9970,5553,14248,17558,43245,32130,0,0,10154,9497,23922,2894,6461,693,171,0,0,525,40325,1322,3855,0,0,0,0,0
723,351,724.3972586330585,99819,71,39,133,44,39906,20993,0.61009427062984,35,17,25642,26890,9912,5524,14205,17484,43267,32167,0,0,10129,9471,23942,2888,6471,695,171,0,0,535,40340,1321,3856,0,0,0,0,0
724,351,725.1054885231036,99819,74,36,133,44,39910,20995,0.6101543794267624,34,17,25660,26899,9883,5524,14214,17478,43289,32204,0,0,10098,9455,23957,2879,6479,697,171,0,0,540,40366,1320,3857,0,0,0,0,0
725,351,726.0726786788474,99819,72,32,133,44,39917,21001,0.6102846151534277,40,23,25717,26962,9836,5507,14200,17430,43311,32241,0,0,10065,9431,23970,2879,6489,698,173,0,0,545,40392,1316,3861,0,0,0,0,0
726,351,727.3481122575148,99819,66,31,133,44,39932,21006,0.6104849778098358,37,29,25800,27043,9798,5487,14164,17364,43333,32277,0,0,10037,9402,23986,2879,6502,699,176,0,0,555,40407,1313,3863,0,0,0,0,0
727,351,728.3209498360906,99819,71,24,133,44,39943,21007,0.6106051954036806,35,29,25838,27109,9761,5475,14160,17317,43354,32313,0,0,10010,9380,24005,2871,6513,701,177,0,0,561,40427,1312,3862,0,0,0,0,0
728,351,729.2923785871542,99819,70,29,133,44,39950,21015,0.6107554673959867,37,25,25877,27142,9738,5467,14143,17291,43375,32349,0,0,9985,9362,24017,2862,6525,704,177,0,0,564,40449,1309,3865,0,0,0,0,0
729,351,730.2622455809461,99819,72,32,133,44,39959,21020,0.6108957212554724,40,27,25921,27187,9710,5450,14122,17258,43396,32385,0,0,9958,9339,24037,2860,6526,708,176,0,0,569,40472,1307,3867,0,0,0,0,0
730,351,731.2303553007966,99819,75,32,133,44,39972,21025,0.6110760476462397,37,32,25952,27243,9683,5433,14118,17214,43417,32421,0,0,9931,9320,24052,2851,6539,709,177,0,0,575,40492,1302,3871,0,0,0,0,0
731,351,732.1972499905968,99819,70,37,133,44,39980,21034,0.6112463559041865,39,32,25988,27283,9656,5418,14112,17184,43438,32456,0,0,9903,9297,24072,2846,6546,711,180,0,0,583,40509,1299,3873,0,0,0,0,0
732,351,733.1629179665448,99819,70,36,133,44,39989,21043,0.6114266822949539,44,28,26031,27333,9623,5404,14097,17153,43459,32491,0,0,9877,9274,24088,2843,6556,713,182,0,0,590,40525,1295,3876,0,0,0,0,0
733,351,734.1270860758224,99819,67,35,133,44,39995,21050,0.6115569180216192,47,23,26085,27393,9582,5390,14084,17113,43479,32526,0,0,9848,9256,24102,2834,6569,714,183,0,0,598,40544,1294,3877,0,0,0,0,0
734,351,735.0892005764088,99819,72,32,133,44,40005,21052,0.611677135615464,45,27,26125,27447,9552,5376,14071,17072,43499,32561,0,0,9820,9234,24117,2832,6577,715,184,0,0,600,40569,1291,3880,0,0,0,0,0
735,351,736.0497375667752,99818,65,37,134,44,40014,21061,0.6118635917369613,47,21,26173,27493,9523,5365,14056,17038,43519,32595,0,0,9793,9209,24137,2829,6586,716,188,0,0,607,40583,1289,3881,0,0,0,0,0
736,351,737.0087401634485,99818,67,41,134,44,40024,21065,0.6120038470015428,43,22,26220,27555,9488,5343,14046,16993,43539,32629,0,0,9770,9185,24157,2827,6592,717,189,0,0,608,40604,1283,3886,0,0,0,0,0
737,351,738.4437768613831,99818,68,41,134,44,40038,21072,0.6122142298984151,35,23,26288,27631,9449,5312,14024,16947,43559,32663,0,0,9741,9164,24173,2826,6600,720,191,0,0,614,40625,1279,3885,0,0,0,0,0
738,351,739.3983997138732,99818,66,51,134,44,40045,21083,0.6123945580957343,35,25,26358,27669,9407,5292,13998,16917,43579,32697,0,0,9722,9137,24195,2816,6615,720,192,0,0,616,40641,1278,3886,0,0,0,0,0
739,351,740.3508604552809,99818,64,48,134,44,40050,21090,0.612514776893947,37,22,26420,27718,9370,5282,13973,16884,43598,32731,0,0,9697,9114,24212,2815,6625,720,191,0,0,624,40659,1275,3886,0,0,0,0,0
740,351,741.301034302712,99818,66,47,134,44,40058,21094,0.6126349956921597,35,23,26442,27770,9337,5257,13984,16857,43617,32764,0,0,9677,9096,24228,2805,6635,722,190,0,0,632,40672,1272,3889,0,0,0,0,0
741,351,742.1027460596794,99818,63,47,134,44,40067,21098,0.6127652327235569,32,23,26493,27826,9303,5243,13973,16815,43636,32797,0,0,9649,9073,24246,2803,6643,722,194,0,0,638,40690,1269,3891,0,0,0,0,0
742,351,743.0502278946783,99818,64,46,134,44,40072,21102,0.6128553968222165,34,25,26536,27903,9263,5224,13967,16756,43655,32830,0,0,9626,9054,24262,2797,6653,722,194,0,0,642,40708,1266,3894,0,0,0,0,0
743,351,744.4684965620091,99818,58,48,134,44,40082,21114,0.6130757979522732,34,22,26593,27967,9232,5212,13947,16705,43674,32863,0,0,9599,9031,24278,2795,6660,726,199,0,0,650,40722,1261,3897,0,0,0,0,0
744,351,745.4122638009113,99818,60,47,134,44,40092,21118,0.6132160532168547,35,21,26636,28024,9208,5199,13925,16663,43693,32896,0,0,9578,9007,24299,2791,6665,729,199,0,0,656,40737,1258,3899,0,0,0,0,0
745,351,746.3545034677846,99818,54,44,134,44,40097,21124,0.613326253781883,37,19,26684,28079,9178,5187,13911,16625,43712,32928,0,0,9554,8984,24314,2789,6672,733,200,0,0,664,40752,1257,3899,0,0,0,0,0
746,351,747.0791618789983,99818,57,44,134,44,40101,21126,0.6133863631809894,35,20,26685,28096,9165,5177,13922,16617,43730,32960,0,0,9527,8972,24325,2782,6680,734,199,0,0,666,40778,1255,3900,0,0,0,0,0
747,351,748.0155335882587,99818,65,47,134,44,40114,21131,0.6135666913783085,32,19,26722,28157,9129,5162,13916,16569,43748,32992,0,0,9505,8952,24342,2775,6691,734,200,0,0,668,40797,1253,3901,0,0,0,0,0
748,351,749.2261777273557,99818,64,45,134,44,40122,21136,0.6136969284097057,34,17,26798,28241,9080,5149,13888,16502,43766,33024,0,0,9489,8925,24365,2772,6697,736,200,0,0,678,40803,1250,3903,0,0,0,0,0
749,351,750.2289139854482,99818,65,42,134,44,40132,21142,0.613857220140656,39,17,26827,28294,9047,5142,13886,16459,43784,33056,0,0,9461,8909,24376,2764,6709,737,201,0,0,688,40820,1250,3903,0,0,0,0,0
750,351,751.1759739805282,99818,60,31,134,44,40146,21146,0.6140375483379751,40,21,26894,28348,9012,5133,13858,16421,43802,33087,0,0,9433,8893,24380,2759,6729,737,204,0,0,701,40832,1244,3906,0,0,0,0,0
751,351,752.3610584051095,99818,58,33,134,44,40154,21153,0.614187821835741,38,20,26950,28420,8988,5110,13830,16371,43820,33118,0,0,9411,8871,24399,2757,6736,737,204,0,0,710,40845,1240,3908,0,0,0,0,0
752,351,753.0343064079785,99818,58,28,134,44,40161,21154,0.6142679677012162,37,23,26983,28462,8956,5102,13830,16339,43838,33149,0,0,9385,8851,24415,2751,6747,737,207,0,0,715,40863,1240,3907,0,0,0,0,0
753,351,754.2813989984663,99818,61,33,134,44,40169,21162,0.6144282594321665,34,20,27022,28524,8927,5082,13820,16295,43855,33180,0,0,9362,8835,24429,2744,6755,738,208,0,0,719,40881,1237,3910,0,0,0,0,0
754,351,755.2456989479678,99818,55,24,134,44,40179,21164,0.6145484782303793,33,23,27099,28605,8890,5069,13787,16233,43872,33211,0,0,9338,8814,24441,2742,6768,739,211,0,0,729,40892,1232,3912,0,0,0,0,0
755,351,756.1719658872893,99818,53,22,134,44,40186,21169,0.6146686970285921,35,21,27142,28659,8864,5046,13770,16206,43889,33241,0,0,9318,8794,24457,2737,6776,740,211,0,0,740,40901,1230,3914,0,0,0,0,0
756,351,757.096835481001,99818,54,21,134,44,40192,21173,0.614768879360436,31,18,27172,28690,8841,5035,13766,16190,43906,33271,0,0,9296,8776,24474,2730,6785,740,214,0,0,745,40915,1227,3916,0,0,0,0,0
757,351,758.0028513900126,99818,56,27,134,44,40202,21180,0.6149391893245707,28,15,27213,28747,8807,5005,13760,16160,43923,33301,0,0,9270,8759,24488,2729,6789,742,214,0,0,748,40938,1225,3916,0,0,0,0,0
758,351,759.1351952137458,99818,53,31,134,44,40208,21185,0.6150493898895991,28,12,27233,28781,8794,4989,13756,16141,43940,33331,0,0,9248,8741,24502,2724,6797,743,213,0,0,752,40957,1222,3919,0,0,0,0,0
759,351,760.4071469984661,99818,55,29,134,44,40216,21189,0.6151696086878118,31,12,27312,28863,8756,4976,13710,16074,43957,33361,0,0,9226,8725,24512,2717,6809,745,214,0,0,755,40975,1220,3920,0,0,0,0,0
760,351,761.0843467257935,99818,55,32,134,44,40219,21193,0.6152397363201025,30,13,27336,28890,8736,4964,13707,16055,43973,33390,0,0,9205,8709,24527,2712,6813,747,215,0,0,757,40993,1218,3922,0,0,0,0,0
761,351,762.1173493598359,99818,55,28,134,44,40225,21197,0.6153399186519466,31,13,27423,28963,8692,4948,13663,16002,43989,33419,0,0,9181,8698,24534,2707,6824,749,215,0,0,762,41012,1214,3922,0,0,0,0,0
762,351,763.2223357982807,99818,56,27,134,44,40232,21200,0.6154401009837905,33,14,27499,29027,8645,4931,13631,15955,44005,33448,0,0,9163,8676,24554,2703,6828,751,216,0,0,767,41024,1212,3924,0,0,0,0,0
763,351,764.0552049887531,99817,53,24,135,44,40237,21201,0.6155063766693049,35,16,27528,29077,8621,4914,13626,15923,44021,33477,0,0,9140,8659,24569,2699,6834,753,216,0,0,772,41040,1211,3924,0,0,0,0,0
764,351,765.1669144847414,99817,59,20,135,44,40252,21204,0.615686706673212,31,22,27581,29144,8583,4888,13609,15880,44037,33506,0,0,9124,8639,24581,2696,6843,756,216,0,0,779,41049,1208,3926,0,0,0,0,0
765,351,766.208071318116,99817,56,18,135,44,40257,21207,0.6157668533416152,31,20,27606,29195,8560,4878,13610,15843,44053,33535,0,0,9101,8624,24591,2691,6852,757,216,0,0,787,41064,1207,3927,0,0,0,0,0
766,351,767.1094194475422,99817,58,21,135,44,40263,21211,0.6158670366771192,31,17,27645,29241,8530,4862,13599,15813,44069,33563,0,0,9084,8604,24609,2690,6854,758,213,0,0,793,41078,1205,3929,0,0,0,0,0
767,351,768.0192212961392,99817,54,27,135,44,40270,21219,0.6160173116803751,32,12,27679,29287,8513,4844,13585,15784,44085,33591,0,0,9064,8585,24623,2685,6863,760,213,0,0,796,41094,1204,3930,0,0,0,0,0
768,351,769.2271046864272,99817,47,25,135,44,40280,21222,0.6161475500165302,25,12,27741,29360,8495,4821,13555,15736,44100,33619,0,0,9038,8567,24633,2685,6872,761,215,0,0,804,41109,1203,3930,0,0,0,0,0
769,351,770.1269867784584,99817,50,27,135,44,40284,21226,0.6162276966849334,23,11,27769,29399,8474,4811,13547,15706,44115,33647,0,0,9018,8553,24645,2679,6880,761,214,0,0,806,41128,1201,3932,0,0,0,0,0
770,351,771.3268768652086,99817,52,28,135,44,40297,21230,0.6163980083552901,20,19,27885,29506,8418,4784,13488,15617,44130,33675,0,0,8997,8537,24659,2673,6889,761,217,0,0,813,41139,1197,3935,0,0,0,0,0
771,351,772.1712476050393,99817,52,32,135,44,40298,21234,0.6164481000230422,21,15,27895,29523,8399,4774,13496,15610,44145,33703,0,0,8980,8520,24675,2668,6895,761,216,0,0,814,41156,1194,3938,0,0,0,0,0
772,351,773.172482389427,99817,53,33,135,44,40304,21237,0.6165382650249958,18,15,27951,29573,8367,4756,13474,15577,44160,33730,0,0,8957,8504,24687,2664,6903,761,216,0,0,815,41178,1193,3939,0,0,0,0,0
773,351,774.003631152768,99817,50,30,135,44,40306,21244,0.6166284300269493,19,11,28008,29625,8336,4742,13450,15546,44175,33757,0,0,8937,8487,24702,2658,6909,763,217,0,0,824,41188,1192,3940,0,0,0,0,0
774,351,775.1533387328136,99817,46,28,135,44,40310,21246,0.6166885400282517,19,12,28047,29671,8316,4726,13435,15517,44190,33784,0,0,8917,8466,24717,2661,6912,763,215,0,0,832,41202,1190,3942,0,0,0,0,0
775,351,776.0711077908736,99817,45,30,135,44,40316,21250,0.6167887233637557,20,13,28077,29713,8292,4715,13429,15483,44205,33811,0,0,8898,8447,24734,2657,6917,764,217,0,0,836,41215,1188,3944,0,0,0,0,0
776,351,777.0027576306645,99817,39,25,135,44,40321,21250,0.6168388150315076,20,16,28126,29791,8264,4698,13414,15424,44220,33838,0,0,8881,8429,24749,2655,6920,769,217,0,0,841,41226,1184,3946,0,0,0,0,0
777,351,778.2626639677153,99817,41,26,135,44,40328,21257,0.6169790717012132,23,12,28184,29879,8222,4674,13393,15363,44234,33865,0,0,8865,8411,24764,2649,6927,771,218,0,0,847,41235,1183,3947,0,0,0,0,0
778,351,779.1221048267261,99817,44,27,135,44,40335,21260,0.6170792550367172,22,11,28208,29907,8201,4665,13388,15344,44248,33891,0,0,8845,8396,24777,2645,6933,771,219,0,0,850,41251,1181,3949,0,0,0,0,0
779,351,780.011192700133,99817,42,24,135,44,40341,21262,0.6171594017051204,28,12,28267,29996,8164,4635,13362,15287,44262,33917,0,0,8828,8375,24794,2645,6939,771,220,0,0,856,41261,1178,3950,0,0,0,0,0
780,351,781.0477302856194,99817,44,26,135,44,40348,21265,0.6172595850406244,29,13,28311,30056,8131,4614,13348,15245,44276,33943,0,0,8811,8361,24806,2639,6945,774,220,0,0,856,41277,1176,3952,0,0,0,0,0
781,351,782.20978870809,99817,48,24,135,44,40354,21268,0.617349750042578,32,20,28357,30097,8096,4594,13330,15219,44290,33969,0,0,8796,8345,24819,2636,6951,774,219,0,0,861,41288,1171,3957,0,0,0,0,0
782,351,783.1637802763238,99817,46,27,135,44,40358,21272,0.6174298967109811,31,17,28378,30133,8079,4578,13329,15199,44304,33995,0,0,8777,8326,24834,2634,6956,775,220,0,0,863,41304,1171,3957,0,0,0,0,0
783,351,784.2154956751966,99817,47,29,135,44,40367,21276,0.6175601350471362,29,14,28430,30193,8051,4561,13306,15157,44318,34021,0,0,8759,8308,24848,2631,6963,776,222,0,0,865,41317,1169,3959,0,0,0,0,0
784,351,785.2157461614684,99817,46,23,135,44,40375,21277,0.6176503000490898,27,16,28496,30254,8018,4551,13276,15110,44332,34046,0,0,8739,8291,24862,2628,6971,778,224,0,0,871,41329,1169,3955,0,0,0,0,0
785,351,786.401541013671,99817,40,21,135,44,40379,21279,0.6177104100503922,31,17,28540,30306,7993,4533,13259,15077,44346,34071,0,0,8722,8271,24874,2630,6977,779,223,0,0,876,41342,1166,3957,0,0,0,0,0
786,351,787.0441033860513,99817,45,22,135,44,40387,21284,0.6178406483865474,34,18,28570,30357,7968,4521,13246,15036,44360,34096,0,0,8707,8252,24891,2625,6984,779,224,0,0,880,41352,1165,3958,0,0,0,0,0
787,351,788.0060234214809,99817,43,19,135,44,40390,21285,0.6178807217207489,39,21,28606,30400,7946,4513,13229,15001,44373,34121,0,0,8693,8235,24905,2618,6992,782,225,0,0,880,41364,1164,3959,0,0,0,0,0
788,351,789.0089487576515,99817,51,20,135,44,40405,21291,0.6180911067253073,32,22,28661,30474,7915,4493,13204,14945,44386,34146,0,0,8674,8222,24914,2611,7002,783,227,0,0,884,41377,1162,3961,0,0,0,0,0
789,351,790.3432824552553,99817,54,20,135,44,40413,21296,0.6182213450614624,37,25,28742,30549,7866,4475,13164,14885,44399,34171,0,0,8657,8204,24928,2607,7008,785,230,0,0,886,41389,1161,3962,0,0,0,0,0
790,351,791.1292374695611,99817,56,24,135,44,40419,21302,0.6183415650640672,37,21,28783,30590,7833,4465,13154,14854,44412,34196,0,0,8640,8186,24945,2605,7011,785,233,0,0,888,41401,1157,3966,0,0,0,0,0
791,351,792.0012790593277,99817,56,26,135,44,40423,21304,0.6184016750653696,36,19,28796,30614,7816,4456,13159,14839,44425,34220,0,0,8624,8172,24958,2603,7014,786,233,0,0,890,41415,1153,3969,0,0,0,0,0
792,351,793.3979066516516,99817,56,23,135,44,40436,21309,0.6185820050692767,34,18,28862,30701,7780,4437,13131,14775,44438,34244,0,0,8605,8156,24964,2606,7021,788,232,0,0,898,41426,1150,3971,0,0,0,0,0
793,351,794.1792025464817,99817,54,21,135,44,40443,21312,0.6186821884047807,33,19,28912,30765,7752,4421,13112,14728,44451,34268,0,0,8589,8138,24977,2606,7026,789,233,0,0,904,41435,1147,3973,0,0,0,0,0
794,351,795.176539865876,99817,51,21,135,44,40449,21316,0.6187823717402847,39,21,28965,30816,7723,4407,13085,14689,44464,34292,0,0,8572,8120,24992,2603,7030,791,237,0,0,908,41444,1144,3976,0,0,0,0,0
795,351,796.0432016787887,99817,56,25,135,44,40457,21320,0.6189025917428895,33,20,28997,30838,7701,4400,13076,14671,44477,34316,0,0,8559,8106,25006,2599,7032,794,238,0,0,909,41455,1140,3979,0,0,0,0,0
796,351,797.146105363596,99817,63,30,135,44,40471,21328,0.6191229950809982,26,16,29051,30890,7677,4383,13046,14635,44490,34340,0,0,8544,8095,25014,2595,7038,797,236,0,0,915,41466,1137,3980,0,0,0,0,0
797,351,798.1643467740513,99817,57,25,135,44,40480,21331,0.619243215083603,24,20,29105,30954,7655,4369,13022,14586,44503,34364,0,0,8526,8080,25021,2591,7050,798,238,0,0,924,41473,1134,3982,0,0,0,0,0
798,351,799.012469878533,99817,55,26,135,44,40485,21334,0.6193233617520062,23,19,29141,30991,7642,4363,13002,14555,44515,34387,0,0,8511,8066,25032,2588,7054,800,237,0,0,928,41485,1131,3985,0,0,0,0,0
799,351,800.0237421605588,99817,50,27,135,44,40492,21338,0.6194335634210606,23,19,29210,31063,7614,4345,12966,14500,44527,34410,0,0,8498,8050,25042,2582,7063,803,238,0,0,933,41492,1130,3986,0,0,0,0,0
800,351,801.1439525412081,99817,46,31,135,44,40494,21343,0.6195036917559134,22,19,29254,31092,7592,4334,12949,14478,44539,34433,0,0,8484,8037,25050,2579,7071,803,238,0,0,935,41504,1125,3991,0,0,0,0,0
801,351,802.2448973678373,99817,47,35,135,44,40501,21349,0.6196339300920685,22,14,29309,31162,7554,4317,12931,14426,44551,34456,0,0,8472,8024,25059,2574,7079,805,238,0,0,937,41514,1121,3994,0,0,0,0,0
802,351,803.098674179159,99817,47,26,135,44,40509,21351,0.6197341134275725,23,15,29351,31197,7522,4317,12920,14399,44563,34479,0,0,8451,8014,25065,2573,7083,807,240,0,0,948,41522,1117,3997,0,0,0,0,0
803,351,804.0891727607853,99817,47,21,135,44,40515,21353,0.6198142600959756,22,15,29399,31256,7495,4304,12900,14358,44575,34502,0,0,8431,8005,25070,2569,7090,808,243,0,0,954,41533,1113,4001,0,0,0,0,0
804,351,805.2275437828451,99817,46,22,135,44,40522,21357,0.61992446176503,22,13,29451,31305,7477,4291,12867,14323,44587,34525,0,0,8414,7993,25077,2568,7094,811,242,0,0,958,41546,1111,4003,0,0,0,0,0
805,351,806.0120825757625,99817,42,23,135,44,40525,21360,0.6199845717663324,21,11,29489,31344,7457,4283,12854,14293,44599,34547,0,0,8397,7982,25084,2564,7105,811,242,0,0,960,41561,1110,4001,0,0,0,0,0
806,351,807.0397100571844,99817,43,22,135,44,40533,21363,0.6200947734353868,22,15,29563,31421,7427,4255,12808,14241,44611,34569,0,0,8386,7958,25103,2565,7110,811,243,0,0,964,41567,1109,4001,0,0,0,0,0
807,351,808.1071419092242,99817,40,22,135,44,40537,21367,0.6201749201037899,24,15,29585,31474,7413,4237,12801,14206,44623,34591,0,0,8371,7944,25115,2563,7114,812,245,0,0,969,41574,1105,4005,0,0,0,0,0
808,351,809.2170391676894,99817,44,21,135,44,40547,21371,0.6203151767734955,16,12,29635,31527,7390,4227,12778,14167,44635,34613,0,0,8353,7934,25120,2556,7127,812,247,0,0,972,41587,1104,4005,0,0,0,0,0
809,351,810.2521663850414,99817,35,20,135,44,40552,21374,0.6203953234418986,24,10,29688,31596,7354,4211,12762,14117,44646,34635,0,0,8339,7917,25133,2555,7129,815,248,0,0,981,41591,1101,4008,0,0,0,0,0
810,351,811.2203697007869,99817,30,20,135,44,40553,21376,0.6204253784425499,26,11,29719,31632,7343,4205,12745,14086,44657,34657,0,0,8320,7907,25142,2553,7130,817,247,0,0,987,41605,1100,4009,0,0,0,0,0
811,351,812.2632506360072,99817,34,22,135,44,40558,21379,0.620505525110953,23,9,29768,31694,7319,4184,12719,14045,44668,34679,0,0,8302,7894,25155,2553,7129,818,248,0,0,988,41621,1098,4011,0,0,0,0,0
812,351,813.3334609988133,99817,37,18,135,44,40568,21380,0.6206157267800074,17,16,29840,31751,7283,4168,12686,14001,44679,34701,0,0,8289,7880,25163,2550,7137,819,247,0,0,995,41628,1097,4012,0,0,0,0,0
813,351,814.1038368406095,99817,40,23,135,44,40574,21387,0.6207459651161625,14,11,29858,31761,7268,4165,12683,13994,44690,34722,0,0,8276,7862,25178,2550,7141,819,247,0,0,995,41641,1095,4013,0,0,0,0,0
814,351,815.0279642003952,99817,39,22,135,44,40576,21392,0.6208160934510154,18,8,29914,31806,7242,4154,12650,13964,44701,34743,0,0,8261,7845,25192,2550,7145,819,248,0,0,999,41651,1094,4013,0,0,0,0,0
815,351,816.1431639856823,99817,37,20,135,44,40580,21395,0.6208862217858682,19,9,29956,31865,7222,4138,12629,13922,44712,34764,0,0,8244,7835,25198,2547,7151,822,249,0,0,1002,41664,1093,4012,0,0,0,0,0
816,351,817.0956739886383,99817,38,19,135,44,40586,21397,0.6209663684542713,18,7,30001,31910,7199,4129,12607,13889,44723,34785,0,0,8228,7823,25210,2544,7151,825,250,0,0,1008,41673,1093,4012,0,0,0,0,0
817,351,818.17283951442,99817,39,19,135,44,40591,21400,0.6210465151226745,22,8,30036,31955,7177,4115,12589,13857,44734,34806,0,0,8214,7811,25218,2541,7156,827,250,0,0,1010,41685,1091,4014,0,0,0,0,0
818,351,819.3340896504897,99817,39,19,135,44,40598,21403,0.6211466984581785,21,11,30110,32026,7137,4096,12556,13802,44745,34827,0,0,8200,7799,25229,2540,7161,828,251,0,0,1013,41695,1085,4016,0,0,0,0,0
819,351,820.0440201967654,99817,38,20,135,44,40600,21404,0.6211767534588296,22,11,30117,32049,7130,4084,12556,13790,44756,34848,0,0,8187,7783,25244,2538,7164,828,251,0,0,1014,41707,1083,4018,0,0,0,0,0
820,351,821.2566899137175,99817,37,20,135,44,40608,21406,0.6212769367943336,18,10,30183,32107,7103,4066,12522,13751,44767,34869,0,0,8175,7769,25254,2534,7173,828,252,0,0,1018,41714,1079,4021,0,0,0,0,0
821,351,822.0741058479807,99817,35,19,135,44,40613,21408,0.6213470651291864,18,9,30233,32161,7084,4055,12493,13710,44778,34889,0,0,8164,7753,25267,2530,7179,829,254,0,0,1022,41719,1077,4023,0,0,0,0,0
822,351,823.1459280412607,99817,33,17,135,44,40617,21409,0.6213971567969384,18,8,30285,32221,7062,4040,12465,13668,44789,34909,0,0,8149,7739,25277,2528,7183,831,255,0,0,1025,41730,1077,4023,0,0,0,0,0
823,351,824.1277974121717,99817,31,16,135,44,40619,21411,0.6214372301311399,20,7,30333,32259,7036,4032,12443,13640,44799,34929,0,0,8136,7726,25288,2525,7189,831,255,0,0,1029,41739,1076,4023,0,0,0,0,0
824,351,825.1829041289548,99817,31,17,135,44,40623,21412,0.621487321798892,19,6,30375,32306,7013,4018,12425,13607,44809,34949,0,0,8125,7710,25302,2523,7194,831,255,0,0,1030,41749,1075,4023,0,0,0,0,0
825,351,826.3100964618488,99817,33,15,135,44,40629,21413,0.6215574501337447,21,8,30443,32383,6979,3995,12387,13553,44819,34969,0,0,8109,7704,25307,2520,7196,833,255,0,0,1035,41760,1071,4027,0,0,0,0,0
826,351,827.3737223504721,99817,29,15,135,44,40630,21415,0.621587505134396,23,8,30490,32453,6956,3977,12365,13501,44829,34989,0,0,8093,7695,25313,2515,7205,833,255,0,0,1038,41773,1071,4026,0,0,0,0,0
827,351,828.2606818165351,99817,34,15,135,44,40638,21416,0.6216776701363496,24,8,30514,32487,6928,3963,12363,13481,44839,35009,0,0,8084,7684,25322,2508,7213,834,255,0,0,1040,41780,1069,4028,0,0,0,0,0
828,351,829.0418776356158,99817,33,14,135,44,40641,21418,0.6217277618041015,22,8,30536,32515,6912,3958,12360,13459,44849,35029,0,0,8072,7671,25333,2505,7219,834,254,0,0,1044,41789,1067,4029,0,0,0,0,0
829,351,830.1958509080234,99817,35,14,135,44,40652,21421,0.621868018473807,21,7,30600,32595,6884,3938,12323,13400,44859,35049,0,0,8056,7658,25344,2504,7221,835,255,0,0,1051,41797,1065,4031,0,0,0,0,0
830,351,831.006004958207,99817,32,15,135,44,40655,21422,0.6219080918080087,22,7,30659,32640,6864,3923,12286,13369,44869,35068,0,0,8041,7650,25351,2502,7225,835,257,0,0,1053,41808,1060,4035,0,0,0,0,0
831,351,832.0467493054269,99817,34,14,135,44,40659,21424,0.621968201809311,18,6,30690,32657,6845,3918,12276,13359,44879,35087,0,0,8026,7640,25359,2500,7229,835,256,0,0,1057,41820,1059,4036,0,0,0,0,0
832,351,833.1340830101421,99817,33,14,135,44,40663,21426,0.6220283118106135,16,5,30740,32721,6821,3901,12253,13313,44889,35106,0,0,8014,7627,25369,2498,7232,837,256,0,0,1060,41829,1058,4037,0,0,0,0,0
833,351,834.0106933232607,99817,31,14,135,44,40668,21428,0.6220984401454662,14,6,30796,32791,6796,3884,12226,13259,44899,35125,0,0,8003,7613,25378,2499,7239,837,255,0,0,1061,41839,1054,4039,0,0,0,0,0
834,351,835.0361963796144,99817,32,11,135,44,40670,21428,0.622118476812567,17,7,30823,32829,6773,3876,12218,13231,44909,35144,0,0,7994,7605,25384,2493,7247,837,255,0,0,1063,41846,1048,4045,0,0,0,0,0
835,351,836.1797895880993,99817,30,11,135,44,40677,21430,0.6222086418145206,21,6,30877,32899,6742,3865,12193,13173,44919,35163,0,0,7980,7593,25391,2490,7254,839,257,0,0,1064,41857,1046,4046,0,0,0,0,0
836,351,837.1697585674535,99817,32,11,135,44,40682,21430,0.6222587334822726,18,9,30928,32956,6725,3848,12160,13130,44929,35182,0,0,7967,7579,25404,2489,7255,840,258,0,0,1064,41869,1044,4048,0,0,0,0,0
837,351,838.0407799499628,99817,36,14,135,44,40687,21434,0.6223488984842261,17,7,30967,33006,6697,3831,12146,13096,44938,35201,0,0,7954,7569,25414,2484,7260,840,258,0,0,1066,41880,1044,4048,0,0,0,0,0
838,351,839.2918989482006,99817,40,15,135,44,40694,21436,0.6224390634861797,16,9,31019,33054,6665,3815,12123,13061,44947,35220,0,0,7939,7558,25423,2483,7263,841,259,0,0,1065,41894,1043,4049,0,0,0,0,0
839,351,840.0671151024371,99817,40,17,135,44,40698,21438,0.6224991734874821,15,7,31066,33091,6644,3802,12098,13037,44956,35238,1,1,7930,7543,25435,2481,7267,841,259,0,0,1067,41900,1042,4050,0,0,1,0,1
840,351,841.0240961395823,99817,40,15,135,44,40705,21439,0.6225793201558852,16,15,31126,33163,6620,3775,12061,12986,44965,35256,2,2,7916,7531,25444,2482,7267,843,258,0,0,1073,41907,1041,4051,0,0,1,0,3
841,351,842.0857401694848,99817,37,16,135,44,40707,21441,0.6226193934900869,18,16,31152,33186,6609,3768,12047,12968,44974,35274,3,3,7904,7521,25451,2478,7273,843,259,0,0,1076,41914,1039,4053,0,0,2,0,4
842,351,843.0764504070413,99817,42,23,135,44,40718,21450,0.6228197601610947,13,12,31204,33238,6587,3763,12017,12918,44983,35292,4,4,7892,7508,25461,2478,7275,844,259,0,0,1080,41920,1038,4054,0,0,3,0,5
843,351,844.1241496422197,99817,42,21,135,44,40722,21454,0.622899906829498,14,12,31263,33284,6563,3758,11981,12879,44992,35310,6,5,7885,7495,25471,2473,7283,844,259,0,0,1086,41918,1035,4057,0,0,3,0,8
844,351,845.0333800764092,99817,41,25,135,44,40728,21459,0.6230101084985523,16,11,31286,33321,6549,3745,11971,12852,45001,35328,8,6,7870,7487,25476,2469,7289,844,259,0,0,1092,41925,1035,4057,0,0,4,0,10
845,351,846.0030509612258,99817,37,23,135,44,40733,21462,0.6230902551669555,16,10,31340,33370,6525,3739,11945,12812,45010,35346,11,8,7859,7474,25486,2465,7297,844,261,0,0,1099,41922,1034,4057,0,0,4,0,15
846,351,847.0338273786484,99817,35,25,135,44,40736,21468,0.6231804201689091,22,8,31386,33431,6502,3722,11918,12768,45019,35364,15,10,7850,7461,25494,2460,7305,845,261,0,0,1103,41924,1034,4057,0,1,5,0,17
847,351,848.0298496972623,99817,34,27,135,44,40739,21471,0.6232405301702115,25,10,31464,33494,6467,3702,11873,12721,45028,35382,20,12,7836,7452,25498,2457,7309,846,263,0,0,1104,41932,1031,4060,0,1,8,0,20
848,351,849.3531119985728,99817,33,28,135,44,40745,21475,0.6233407135057154,27,13,31520,33547,6444,3688,11839,12678,45037,35400,26,15,7823,7442,25503,2456,7311,848,265,0,0,1108,41934,1026,4064,1,1,10,0,25
849,351,850.0190882539706,99817,36,30,135,44,40750,21478,0.6234208601741187,24,11,31561,33573,6423,3679,11819,12661,45046,35417,33,18,7810,7433,25510,2456,7311,849,263,0,0,1112,41937,1025,4064,2,1,11,0,33
850,351,851.3343781691126,99817,38,26,135,44,40762,21482,0.623581153510925,26,10,31623,33632,6404,3670,11772,12616,45055,35434,41,21,7803,7413,25519,2456,7321,850,264,0,0,1116,41930,1025,4063,2,2,13,0,40
851,351,852.1280843628689,99817,42,25,135,44,40767,21482,0.623631245178677,24,16,31657,33670,6378,3650,11762,12593,45064,35451,50,25,7792,7402,25524,2452,7324,851,264,0,0,1117,41935,1025,4062,3,3,19,0,44
852,351,853.3631221163478,99817,43,27,135,44,40773,21486,0.623731428514181,18,16,31685,33707,6367,3638,11750,12566,45073,35468,61,29,7778,7394,25524,2447,7331,852,266,0,0,1118,41936,1024,4063,3,3,24,0,54
853,351,854.3474952516153,99817,39,25,135,44,40779,21488,0.6238115751825841,21,17,31726,33759,6348,3622,11729,12531,45082,35485,73,34,7771,7380,25527,2446,7330,859,266,0,0,1123,41930,1022,4064,3,3,32,0,61
854,351,855.0754166062247,99817,39,26,135,44,40783,21490,0.6238716851838865,22,18,31752,33782,6330,3614,11720,12514,45091,35502,87,39,7758,7373,25529,2444,7331,863,266,0,0,1125,41928,1020,4064,3,3,36,0,74
855,351,856.0399206718873,99817,39,24,135,44,40789,21493,0.62396185018584,28,18,31794,33815,6309,3603,11693,12494,45099,35519,102,44,7747,7364,25528,2440,7337,863,267,0,0,1133,41920,1018,4064,5,3,44,0,84
856,351,857.102664873836,99817,43,26,135,44,40797,21496,0.6240720518548944,27,17,31824,33841,6295,3595,11674,12475,45107,35536,119,50,7738,7355,25529,2434,7342,866,267,0,0,1133,41914,1017,4064,5,4,51,0,98
857,351,858.2707744280809,99817,44,27,135,44,40811,21500,0.6242523818588016,29,19,31875,33901,6277,3573,11638,12434,45115,35553,138,56,7720,7345,25526,2432,7345,869,273,0,0,1136,41909,1015,4066,5,4,60,0,112
858,351,859.2808212617559,99817,49,29,135,44,40817,21504,0.6243525651943056,26,16,31899,33914,6262,3567,11627,12428,45123,35570,158,63,7707,7339,25519,2428,7348,871,273,0,0,1137,41910,1013,4066,7,5,72,0,122
859,351,860.1471743951851,99817,52,29,135,44,40824,21508,0.62446276686336,30,14,31933,33958,6238,3555,11610,12398,45131,35587,180,70,7697,7330,25515,2424,7352,876,272,0,0,1139,41903,1012,4066,7,6,81,0,137
860,351,861.032005658229,99817,50,32,135,44,40830,21514,0.6245829868659647,30,13,31954,33983,6229,3547,11600,12379,45139,35603,204,78,7683,7324,25511,2420,7359,877,273,0,0,1145,41888,1011,4065,8,6,88,0,159
861,351,862.1686860680636,99817,50,28,135,44,40838,21519,0.6247132252021199,31,12,31989,34016,6218,3543,11575,12355,45147,35619,230,86,7673,7312,25507,2420,7361,880,274,0,0,1154,41871,1008,4064,11,7,100,0,175
862,351,863.0057530649791,99817,52,27,135,44,40846,21523,0.6248334452047246,28,11,32027,34037,6205,3534,11551,12345,45155,35635,258,95,7660,7302,25503,2419,7360,883,275,0,0,1162,41856,1008,4060,14,7,114,0,194
863,351,864.198492813946,99817,48,24,135,44,40857,21528,0.624993738541531,24,10,32081,34077,6199,3521,11511,12322,45163,35651,288,104,7650,7289,25495,2420,7368,887,276,0,0,1170,41835,1006,4055,16,7,127,0,216
864,351,865.055652319548,99817,42,20,135,44,40859,21529,0.6250237935421822,30,12,32122,34099,6188,3513,11481,12310,45171,35667,320,114,7639,7282,25492,2420,7366,892,275,0,0,1179,41810,1001,4056,19,7,135,0,244
865,351,866.0509684803395,99817,43,19,135,44,40863,21531,0.6250839035434845,32,13,32124,34104,6181,3509,11483,12309,45179,35683,354,125,7625,7273,25486,2419,7367,897,276,0,0,1178,41796,1000,4055,21,8,145,0,271
866,351,867.2986159013928,99816,46,17,136,44,40873,21532,0.6252003686783681,28,16,32177,34133,6153,3493,11458,12295,45187,35699,390,136,7615,7263,25472,2416,7375,899,277,0,0,1179,41777,998,4054,23,8,163,0,297
867,351,868.0584371755536,99816,51,19,136,44,40879,21535,0.6252905345836339,23,16,32221,34142,6125,3483,11442,12294,45195,35715,429,148,7606,7253,25474,2415,7373,903,275,0,0,1181,41750,997,4051,26,9,171,0,332
868,351,869.1400202716164,99816,46,17,136,44,40890,21539,0.62544081109241,23,16,32253,34173,6115,3471,11425,12277,45203,35731,470,160,7595,7244,25461,2414,7377,909,277,0,0,1190,41718,994,4049,29,10,186,0,363
869,351,870.1562963612337,99816,43,20,136,44,40896,21545,0.6255610322994309,31,13,32295,34188,6098,3454,11395,12279,45211,35747,513,173,7580,7235,25451,2412,7379,913,280,0,0,1195,41691,993,4047,31,10,202,0,397
870,351,871.3764913350185,99816,44,23,136,44,40904,21549,0.6256812535064519,31,12,32326,34204,6079,3435,11382,12280,45219,35763,558,187,7570,7222,25439,2413,7380,918,280,0,0,1195,41668,992,4045,34,11,220,0,429
871,351,872.1389512732701,99816,42,23,136,44,40907,21551,0.6257313456760439,31,12,32350,34195,6064,3431,11375,12293,45227,35779,606,201,7561,7212,25431,2409,7382,925,281,0,0,1195,41639,992,4037,40,11,235,0,466
872,351,873.0271367820222,99816,44,21,136,44,40912,21555,0.6258215115813096,31,12,32388,34214,6040,3422,11359,12285,45235,35794,656,216,7552,7202,25421,2405,7380,933,282,0,0,1200,41603,992,4035,42,11,253,0,505
873,351,874.0878793201438,99816,45,23,136,44,40916,21558,0.6258916406187385,36,11,32405,34216,6019,3406,11357,12298,45243,35809,708,231,7543,7192,25408,2404,7379,937,283,0,0,1200,41570,990,4034,45,12,274,0,545
874,351,875.032926847294,99816,50,26,136,44,40928,21565,0.6260819908631883,29,8,32445,34229,6010,3397,11328,12294,45251,35824,762,247,7530,7184,25393,2403,7380,941,284,0,0,1204,41536,988,4030,50,13,294,0,586
875,351,876.1602577797269,99816,50,24,136,44,40933,21568,0.6261621383345356,36,8,32471,34237,5992,3393,11313,12292,45258,35839,819,264,7519,7175,25381,2400,7378,949,285,0,0,1209,41497,988,4027,53,14,312,0,629
876,351,877.2646985880225,99816,48,27,136,44,40942,21572,0.6262923779754749,36,6,32496,34240,5980,3385,11302,12296,45265,35854,878,281,7511,7167,25362,2394,7380,955,286,0,0,1216,41457,986,4023,59,14,337,0,669
877,351,878.2058514749525,99816,48,27,136,44,40949,21575,0.626392562314659,33,6,32532,34251,5954,3371,11295,12299,45272,35869,939,299,7501,7160,25334,2393,7382,960,283,0,0,1221,41428,985,4016,67,15,366,0,705
878,351,879.0185176920597,99816,49,29,136,44,40956,21581,0.6265228019555983,34,8,32551,34231,5938,3363,11290,12323,45279,35884,1002,318,7490,7151,25315,2390,7385,964,284,0,0,1224,41384,985,4013,69,17,391,0,754
879,351,880.0172849915099,99816,53,27,136,44,40969,21582,0.626663060030456,33,9,32581,34238,5920,3349,11275,12331,45286,35899,1068,337,7482,7142,25291,2390,7386,972,283,0,0,1228,41343,981,4010,72,17,419,0,800
880,351,881.259724880453,99816,57,23,136,44,40981,21584,0.6268033181053138,35,12,32616,34248,5898,3331,11256,12340,45293,35914,1136,357,7475,7128,25278,2392,7381,981,285,0,0,1233,41288,976,4012,73,18,442,0,854
881,351,882.1685901761331,99816,60,23,136,44,40991,21586,0.6269235393123347,31,12,32635,34256,5881,3310,11255,12353,45300,35929,1206,377,7463,7120,25255,2390,7374,994,287,0,0,1236,41247,975,4010,75,18,470,0,902
882,351,883.0454670641926,99816,57,24,136,44,40994,21588,0.6269736314819268,33,10,32639,34224,5866,3307,11267,12389,45307,35944,1278,398,7455,7109,25240,2389,7368,1003,288,0,0,1240,41194,974,4006,80,18,494,0,958
883,351,884.2015978816814,99816,56,23,136,44,41006,21591,0.627123907990703,37,13,32693,34246,5842,3293,11234,12379,45314,35959,1352,420,7444,7098,25214,2389,7366,1012,290,0,0,1247,41141,971,4007,82,18,524,0,1013
884,351,885.3049816682395,99816,59,22,136,44,41012,21593,0.6272040554620502,38,16,32740,34233,5814,3280,11211,12403,45321,35973,1428,442,7439,7086,25205,2386,7360,1021,290,0,0,1248,41082,970,4002,88,22,545,0,1072
885,351,886.0713717067077,99816,63,20,136,44,41021,21593,0.6272942213673158,33,20,32753,34208,5804,3272,11209,12434,45328,35987,1506,465,7427,7082,25175,2383,7363,1026,290,0,0,1249,41034,968,3997,94,23,575,0,1130
886,351,887.0686841952237,99816,67,20,136,44,41032,21597,0.627444497876092,26,20,32789,34183,5782,3260,11198,12471,45335,36001,1586,489,7420,7072,25147,2379,7359,1037,290,0,0,1251,40985,967,3991,101,25,610,0,1182
887,351,888.2106853697308,99816,62,21,136,44,41039,21599,0.6275346637813577,29,20,32818,34169,5768,3248,11185,12496,45342,36015,1668,513,7408,7062,25127,2377,7353,1048,295,0,0,1253,40927,967,3986,106,28,637,0,1242
888,351,889.2572310732783,99816,64,24,136,44,41045,21603,0.6276348481205418,33,21,32842,34158,5745,3225,11178,12526,45349,36029,1752,538,7402,7058,25096,2369,7354,1056,295,0,0,1252,40872,964,3983,112,32,671,0,1300
889,351,890.2390348217102,99816,65,23,136,44,41054,21610,0.6277951430632364,30,18,32893,34155,5709,3217,11165,12541,45356,36043,1837,564,7391,7050,25073,2369,7348,1068,295,0,0,1260,40808,963,3977,118,34,697,0,1365
890,351,891.0016912592525,99816,63,25,136,44,41055,21613,0.62783521679891,31,16,32885,34121,5702,3200,11181,12592,45363,36057,1924,590,7382,7041,25055,2367,7343,1076,295,0,0,1258,40746,962,3974,122,39,723,0,1433
891,351,892.0323846155902,99816,63,26,136,44,41065,21616,0.6279654564398494,35,15,32902,34104,5685,3193,11177,12616,45370,36071,2013,617,7373,7035,25025,2363,7344,1083,296,0,0,1262,40677,959,3971,128,40,755,0,1505
892,351,893.0204391239786,99816,66,28,136,44,41079,21620,0.6281457882503807,30,17,32930,34093,5672,3179,11164,12637,45377,36085,2103,645,7363,7027,24991,2361,7342,1091,298,0,0,1264,40619,956,3966,136,44,793,0,1565
893,351,894.0807257539532,99816,61,26,136,44,41088,21624,0.62827602789132,35,15,32969,34073,5652,3174,11145,12666,45384,36099,2195,673,7351,7014,24956,2365,7346,1094,301,0,0,1270,40552,953,3959,146,44,830,0,1635
894,351,895.3383307127908,99816,53,26,136,44,41091,21627,0.6283361384948305,40,17,32999,34050,5634,3165,11136,12696,45391,36113,2288,702,7342,7002,24936,2365,7344,1102,303,0,0,1275,40471,952,3954,152,44,856,0,1718
895,351,896.0187601912754,99816,52,30,136,44,41094,21633,0.6284263044000962,42,13,32998,34008,5620,3155,11150,12748,45398,36127,2382,731,7332,6992,24907,2365,7341,1108,304,0,0,1274,40405,951,3951,156,47,892,0,1791
896,351,897.0587818851933,99816,57,26,136,44,41110,21635,0.6286066362106275,39,14,33033,34005,5602,3144,11131,12765,45405,36141,2477,761,7322,6981,24880,2364,7342,1114,305,0,0,1276,40331,949,3946,161,52,926,0,1867
897,351,898.1948580650756,99816,53,24,136,44,41119,21636,0.6287068205498116,43,17,33041,33982,5589,3130,11136,12801,45412,36155,2574,792,7310,6975,24842,2363,7338,1125,307,0,0,1281,40262,947,3942,167,55,964,0,1938
898,351,899.1785929449317,99815,58,24,137,44,41133,21639,0.6288834343535541,36,17,33064,33963,5573,3121,11130,12829,45418,36168,2672,823,7298,6970,24798,2362,7333,1136,309,0,0,1283,40204,945,3935,175,57,1008,0,2002
899,351,900.1252716461887,99815,58,24,137,44,41138,21643,0.62897360116215,62,41,33085,33981,5563,3116,11093,12792,45418,36168,2672,823,7296,6969,24794,2363,7336,1137,311,0,0,1284,40203,945,3935,175,57,1008,0,2002
900,351,900.1252716461887,99815,61,24,137,44,41144,21646,0.6290637679707459,62,40,33084,33930,5554,3111,11100,12849,45418,36168,2771,855,7296,6969,24755,2361,7332,1146,311,0,0,1284,40121,945,3931,179,57,1044,0,2084
901,351,901.2620639829006,99815,70,28,137,44,41162,21660,0.6293843610679758,55,33,33110,33906,5538,3103,11088,12884,45418,36168,2870,887,7294,6969,24712,2360,7337,1153,311,2,5,1283,40033,945,3924,184,58,1078,0,2167
902,351,902.0193191250116,99815,71,29,137,44,41170,21666,0.6295246205480138,56,30,33126,33877,5531,3094,11077,12924,45418,36168,2970,920,7293,6968,24669,2360,7331,1163,311,3,10,1282,39953,945,3917,191,59,1118,1,2241
903,351,903.1545361847441,99815,76,35,137,44,41185,21679,0.6298051395080899,58,27,33165,33861,5515,3084,11047,12947,45418,36168,3071,953,7293,6968,24619,2360,7329,1172,311,3,18,1281,39865,945,3914,194,60,1161,1,2321
904,351,904.2883925349734,99815,78,34,137,44,41202,21688,0.6300656213995892,52,23,33194,33837,5503,3074,11034,12986,45418,36168,3173,987,7288,6967,24575,2359,7322,1187,311,8,27,1280,39780,945,3907,201,61,1199,1,2397
905,351,905.0437784838003,99815,85,38,137,44,41213,21694,0.6302359364824927,54,19,33201,33792,5492,3067,11029,13038,45418,36168,3275,1022,7287,6967,24531,2359,7314,1196,311,9,30,1275,39704,945,3902,206,66,1242,2,2469
906,351,906.1404578218633,99815,80,37,137,44,41218,21699,0.6303361218253769,57,19,33234,33760,5477,3051,11013,13087,45418,36168,3378,1057,7284,6966,24484,2360,7304,1212,311,12,33,1269,39631,945,3895,212,72,1284,2,2539
907,351,907.246553584053,99815,79,33,137,44,41233,21701,0.6305064369082803,56,24,33271,33750,5464,3041,10991,13106,45418,36168,3481,1093,7284,6962,24439,2364,7301,1224,311,12,42,1265,39550,945,3885,218,76,1324,2,2611
908,351,908.0001005204875,99815,75,33,137,44,41241,21705,0.6306266593197415,59,26,33272,33706,5457,3039,10998,13150,45418,36168,3584,1129,7284,6960,24398,2365,7305,1227,311,12,48,1262,39457,945,3874,228,78,1361,2,2698
909,351,909.1301944200028,99814,75,37,138,44,41259,21714,0.630903480473681,49,28,33307,33673,5456,3028,10973,13188,45418,36168,3688,1166,7281,6957,24350,2368,7303,1237,311,15,55,1262,39363,945,3869,231,78,1403,2,2784
910,351,910.2593345308882,99814,79,38,138,44,41273,21720,0.6311038531668904,47,27,33339,33656,5441,3014,10954,13219,45418,36168,3792,1203,7280,6953,24308,2372,7294,1249,311,16,62,1259,39276,945,3862,238,80,1443,2,2864
911,351,911.0114470167493,99814,78,39,138,44,41282,21728,0.6312741699561184,41,21,33347,33641,5440,3001,10954,13252,45418,36168,3896,1241,7277,6950,24260,2375,7291,1257,311,19,68,1258,39187,945,3857,243,81,1486,2,2947
912,351,912.1391437965885,99814,79,41,138,44,41295,21736,0.6314845612839882,41,21,33368,33620,5436,2981,10936,13291,45418,36168,4000,1279,7275,6947,24209,2379,7279,1274,311,21,73,1257,39112,944,3850,250,82,1532,3,3016
913,351,913.2660958804404,99814,75,45,138,44,41304,21743,0.6316448594385558,45,21,33401,33604,5414,2965,10925,13319,45418,36168,4104,1317,7274,6942,24175,2382,7272,1287,311,22,76,1252,39021,944,3844,256,87,1562,3,3104
914,351,914.0168475437004,99814,76,44,138,44,41311,21749,0.6317751016891417,53,23,33411,33563,5396,2962,10924,13362,45418,36168,4208,1356,7273,6939,24128,2385,7267,1299,311,23,78,1251,38941,944,3833,264,88,1605,3,3182
915,351,915.1423013979577,99814,83,43,138,44,41325,21753,0.6319554371130303,48,22,33450,33548,5381,2942,10898,13399,45418,36168,4312,1395,7271,6938,24078,2386,7260,1310,311,25,82,1249,38862,944,3823,274,90,1651,3,3257
916,351,916.1078145507726,99814,80,43,138,44,41335,21759,0.6321157352675977,47,17,33449,33518,5375,2937,10909,13439,45418,36168,4415,1435,7270,6935,24036,2389,7253,1324,311,26,89,1246,38773,944,3816,280,93,1687,3,3339
917,351,917.0943536705228,99814,76,38,138,44,41343,21764,0.6322459775181838,48,15,33464,33490,5365,2935,10907,13476,45418,36168,4518,1475,7266,6935,23992,2388,7251,1334,311,30,98,1243,38677,944,3810,286,96,1724,4,3425
918,351,918.2233207609843,99814,80,36,138,44,41354,21766,0.6323762197687699,46,17,33472,33464,5358,2925,10904,13512,45418,36168,4621,1516,7265,6933,23952,2390,7243,1345,311,31,102,1243,38585,944,3805,291,96,1761,4,3513
919,351,919.087884052118,99814,74,30,138,44,41362,21771,0.632506462019356,50,18,33487,33453,5348,2919,10901,13534,45418,36168,4723,1557,7263,6932,23897,2390,7244,1354,311,33,112,1241,38493,944,3800,296,98,1807,5,3594
920,351,920.1181298652336,99814,79,26,138,44,41379,21774,0.6327068347125654,54,22,33514,33423,5339,2916,10874,13567,45418,36168,4825,1598,7261,6932,23848,2390,7238,1366,311,35,123,1240,38405,944,3792,303,99,1851,5,3671
921,351,921.2401785106724,99814,90,25,138,44,41397,21778,0.6329272446750956,52,21,33537,33416,5318,2904,10863,13588,45418,36168,4926,1640,7260,6931,23808,2391,7227,1381,311,36,128,1239,38317,944,3786,309,100,1887,6,3753
922,351,922.3613149498445,99814,93,25,138,44,41409,21782,0.6330875428296632,47,22,33556,33395,5303,2896,10861,13616,45418,36168,5027,1682,7259,6929,23756,2393,7220,1391,311,37,135,1237,38232,944,3782,313,102,1936,6,3831
923,351,923.1083945869404,99814,95,24,138,44,41420,21785,0.6332278037149097,48,24,33558,33364,5296,2885,10863,13657,45418,36168,5127,1724,7257,6927,23702,2394,7213,1405,311,39,136,1236,38157,944,3777,318,103,1984,7,3904
924,351,924.2287746217296,99814,95,32,138,44,41437,21795,0.6334983068507424,48,19,33575,33337,5281,2871,10861,13695,45418,36168,5226,1767,7257,6924,23659,2397,7208,1418,311,39,143,1234,38068,944,3768,325,105,2021,7,3986
925,351,925.0429191338484,99814,94,35,138,44,41442,21799,0.6335884745626866,46,18,33586,33305,5270,2862,10864,13734,45418,36168,5325,1810,7255,6924,23616,2398,7198,1430,311,41,145,1231,37987,943,3763,330,108,2062,7,4065
926,351,926.017262341354,99814,107,31,138,44,41467,21801,0.6338589776985193,33,25,33603,33307,5264,2845,10853,13746,45418,36168,5423,1853,7254,6923,23565,2399,7191,1441,311,42,154,1229,37902,943,3758,335,110,2109,8,4140
927,351,927.136107044316,99814,97,30,138,44,41477,21808,0.6340292944877473,36,20,33645,33287,5249,2836,10833,13781,45418,36168,5520,1897,7252,6921,23517,2402,7189,1452,311,44,165,1226,37814,942,3747,343,112,2152,9,4216
928,351,928.2423876027333,99814,100,31,138,44,41487,21814,0.6341895926423147,36,18,33663,33263,5236,2832,10825,13810,45418,36168,5616,1941,7249,6921,23472,2402,7183,1459,311,47,173,1224,37729,942,3740,350,114,2196,9,4293
929,351,929.1651790384255,99814,90,30,138,44,41496,21817,0.6343098162582403,33,17,33677,33226,5238,2820,10822,13861,45418,36168,5712,1985,7249,6916,23424,2406,7178,1471,311,47,180,1223,37639,942,3736,354,114,2239,10,4375
930,351,930.2468146245376,99814,83,30,138,44,41504,21823,0.6344500771434869,38,18,33708,33215,5227,2812,10804,13879,45418,36168,5807,2029,7246,6914,23383,2406,7170,1485,311,50,189,1223,37548,942,3731,358,114,2277,11,4456
931,351,931.115731945221,99814,83,34,138,44,41517,21829,0.6346404312020358,39,14,33716,33198,5219,2797,10803,13911,45418,36168,5901,2074,7245,6910,23329,2410,7160,1499,311,51,195,1222,37477,942,3724,365,115,2327,11,4521
932,351,932.0352392283357,99814,85,31,138,44,41532,21833,0.6348307852605847,32,15,33744,33194,5206,2786,10793,13928,45418,36168,5994,2119,7245,6910,23274,2410,7161,1510,311,51,200,1221,37399,941,3717,372,116,2371,13,4592
933,351,933.1498814794996,99814,86,28,138,44,41548,21833,0.6349910834151522,32,23,33753,33189,5201,2774,10788,13940,45418,36168,6086,2164,7245,6909,23229,2408,7160,1522,311,51,204,1220,37313,941,3712,376,117,2409,14,4673
934,351,934.2640080080848,99814,78,27,138,44,41559,21835,0.6351213256657383,32,24,33772,33189,5191,2755,10787,13959,45418,36168,6177,2209,7245,6907,23189,2409,7160,1530,311,51,211,1216,37222,940,3705,382,121,2444,14,4757
935,351,935.0065394872686,99814,76,34,138,44,41562,21842,0.635221512012343,42,21,33774,33154,5181,2742,10787,14003,45418,36168,6267,2254,7245,6907,23155,2409,7147,1544,311,51,214,1214,37136,940,3703,384,123,2477,15,4839
936,351,936.1654551848487,99814,70,33,138,44,41573,21848,0.635391828801571,38,17,33808,33155,5175,2732,10769,14017,45418,36168,6356,2300,7242,6905,23112,2411,7141,1558,311,54,224,1211,37050,940,3697,389,126,2513,16,4914
937,351,937.0047775318338,99814,66,33,138,44,41579,21849,0.6354619592441942,47,20,33800,33140,5168,2719,10779,14042,45418,36168,6444,2346,7242,6905,23062,2410,7140,1565,311,54,227,1210,36977,940,3689,397,127,2558,17,4983
938,351,938.1330530480467,99814,71,35,138,44,41596,21853,0.6356723505720641,36,19,33813,33127,5159,2706,10781,14067,45418,36168,6531,2392,7241,6904,23014,2411,7135,1576,311,55,231,1208,36904,940,3679,406,129,2601,17,5052
939,351,939.2849505087006,99814,65,36,138,44,41601,21858,0.6357725369186688,37,14,33813,33117,5156,2695,10789,14092,45418,36168,6617,2438,7239,6904,22970,2410,7125,1595,311,57,234,1205,36837,940,3668,415,132,2639,17,5116
940,351,940.2182572099999,99814,70,34,138,44,41612,21863,0.6359328350732362,34,17,33819,33108,5144,2688,10793,14107,45418,36168,6702,2484,7238,6902,22924,2412,7123,1603,311,58,237,1203,36762,940,3659,424,134,2679,18,5187
941,351,941.159860733543,99814,74,31,138,44,41621,21867,0.6360630773238223,35,28,33843,33103,5135,2674,10773,14118,45418,36168,6786,2530,7237,6902,22888,2411,7116,1615,311,59,241,1200,36684,940,3651,431,137,2712,20,5259
942,351,942.2712000306482,99814,73,38,138,44,41632,21877,0.6362734686516921,33,20,33837,33092,5132,2666,10785,14138,45418,36168,6869,2576,7237,6900,22848,2414,7116,1621,311,59,246,1198,36601,939,3642,439,139,2747,20,5337
943,351,943.058295789785,99814,58,40,138,44,41640,21886,0.6364437854409201,35,14,33850,33076,5132,2664,10785,14160,45418,36168,6951,2623,7232,6896,22799,2418,7113,1633,311,64,253,1197,36518,939,3640,441,140,2788,21,5411
944,351,944.270936160883,99814,60,38,138,44,41650,21891,0.6365940649608272,36,17,33865,33071,5114,2660,10785,14168,45418,36168,7031,2670,7232,6896,22760,2416,7108,1644,311,64,256,1196,36447,939,3631,449,141,2824,25,5475
945,351,945.0594698886927,99814,57,40,138,44,41661,21894,0.6367343258460737,35,24,33891,33072,5110,2650,10767,14168,45418,36168,7110,2717,7231,6895,22711,2419,7108,1649,310,65,261,1196,36369,938,3626,453,141,2869,25,5548
946,351,946.0664239864504,99814,57,46,138,44,41668,21901,0.6368745867313202,35,18,33890,33058,5103,2639,10775,14193,45418,36168,7188,2764,7231,6894,22669,2420,7101,1660,310,65,264,1196,36299,938,3617,462,141,2907,25,5615
947,351,947.0401813312194,99814,57,47,138,44,41678,21909,0.6370549221552086,32,18,33913,33067,5081,2625,10777,14197,45418,36168,7265,2811,7229,6893,22621,2420,7098,1669,310,67,269,1194,36230,938,3612,465,143,2952,27,5677
948,351,948.0316467874729,99814,57,50,138,44,41684,21917,0.6371951830404552,35,15,33904,33031,5069,2621,10795,14237,45418,36168,7341,2858,7227,6890,22575,2423,7092,1678,310,69,271,1192,36163,938,3608,469,145,2995,27,5742
949,351,949.1889759884746,99814,56,43,138,44,41693,21921,0.6373254252910413,33,16,33925,33040,5058,2620,10788,14235,45418,36168,7416,2905,7225,6888,22538,2425,7086,1689,310,71,279,1190,36086,938,3599,477,147,3028,30,5808
950,351,950.1197713459867,99814,63,42,138,44,41706,21926,0.6375057607149298,32,19,33938,33035,5042,2612,10785,14246,45418,36168,7490,2952,7225,6887,22504,2426,7080,1701,310,71,280,1189,36015,938,3592,482,148,3058,34,5874
951,351,951.0933617585405,99814,65,37,138,44,41719,21930,0.6376760775041578,32,23,33969,33028,5026,2612,10768,14254,45418,36168,7563,2999,7224,6885,22465,2428,7077,1712,310,72,285,1187,35940,938,3582,489,150,3092,34,5944
952,351,952.1611314951398,99814,64,38,138,44,41726,21938,0.6378263570240648,33,21,33994,33027,5012,2599,10757,14269,45418,36168,7635,3046,7223,6885,22415,2427,7074,1721,310,73,290,1185,35881,938,3576,495,152,3137,37,5995
953,351,953.0270648161096,99814,61,43,138,44,41731,21943,0.6379265433706695,28,18,34002,33016,5011,2587,10758,14290,45418,36168,7706,3093,7221,6882,22380,2430,7065,1730,310,75,291,1183,35816,938,3568,503,154,3172,38,6058
954,351,954.0548631704835,99814,58,39,138,44,41737,21947,0.6380267297172741,27,19,34006,33027,5005,2587,10764,14282,45418,36168,7776,3140,7218,6882,22327,2430,7061,1743,310,78,295,1177,35769,938,3560,510,160,3217,39,6100
955,351,955.2639755060658,99814,51,39,138,44,41744,21953,0.6381569719678603,34,20,34023,33024,5001,2579,10751,14292,45418,36168,7845,3187,7218,6882,22286,2429,7060,1755,310,78,300,1173,35706,938,3547,522,164,3249,41,6156
956,351,956.1003021000054,99814,55,41,138,44,41754,21962,0.6383473260264091,34,16,34051,33050,4975,2572,10745,14275,45418,36168,7912,3234,7218,6878,22253,2433,7050,1767,310,78,303,1168,35643,938,3541,528,169,3280,44,6213
957,351,957.0617381842637,99814,59,41,138,44,41761,21966,0.6384575310076743,29,14,34051,33036,4966,2564,10755,14299,45418,36168,7978,3281,7217,6877,22218,2434,7045,1773,310,79,305,1166,35576,938,3538,530,171,3315,46,6276
958,351,958.0853750038444,99814,59,41,138,44,41769,21972,0.6385977918929209,33,13,34070,33047,4950,2555,10748,14298,45418,36168,8043,3328,7215,6875,22174,2436,7042,1779,310,81,310,1165,35519,938,3526,542,171,3357,47,6327
959,351,959.3021911170738,99814,60,34,138,44,41780,21973,0.6387180155088464,35,20,34101,33049,4930,2550,10734,14301,45418,36168,8107,3375,7214,6875,22131,2437,7037,1791,310,82,317,1162,35461,937,3517,550,174,3394,48,6377
960,351,960.2860313009996,99814,56,29,138,44,41784,21974,0.6387681086821488,38,22,34118,33060,4915,2541,10733,14302,45418,36168,8170,3421,7213,6875,22090,2436,7031,1802,310,83,323,1161,35405,937,3507,559,175,3432,48,6427
961,351,961.0211936127433,99814,62,28,138,44,41794,21976,0.6388883322980744,31,21,34115,33062,4904,2531,10748,14312,45418,36168,8232,3467,7213,6874,22058,2438,7032,1805,310,83,324,1157,35340,936,3501,565,179,3460,48,6491
962,351,962.123926166486,99814,60,32,138,44,41798,21982,0.6389885186446791,38,19,34111,33053,4896,2521,10755,14329,45418,36168,8293,3513,7212,6874,22027,2437,7025,1815,310,84,326,1155,35279,936,3494,572,181,3489,49,6549
963,351,963.2609719077736,99814,63,30,138,44,41815,21986,0.6391989099725489,35,24,34162,33083,4881,2511,10719,14306,45418,36168,8353,3559,7212,6870,21991,2441,7016,1827,309,84,334,1154,35217,936,3486,579,182,3524,50,6602
964,351,964.3621504133516,99814,64,29,138,44,41824,21993,0.6393592081271164,35,22,34196,33098,4866,2506,10699,14299,45418,36168,8412,3605,7212,6868,21947,2444,7012,1837,309,84,340,1153,35160,935,3481,584,183,3562,50,6653
965,351,965.0956440902173,99814,59,27,138,44,41830,21995,0.6394393572044001,37,22,34191,33092,4862,2504,10711,14309,45418,36168,8470,3651,7211,6866,21916,2446,7010,1845,309,85,344,1152,35091,935,3477,585,184,3590,51,6717
966,351,966.1959091359939,99814,57,32,138,44,41841,22002,0.6396196926282887,32,22,34218,33119,4854,2490,10699,14291,45418,36168,8527,3697,7209,6865,21886,2447,6999,1859,309,87,349,1150,35026,935,3474,588,186,3617,52,6776
967,351,967.141696908819,99814,58,36,138,44,41846,22008,0.6397298976095538,31,19,34209,33099,4845,2487,10717,14313,45418,36168,8583,3743,7206,6865,21850,2447,6992,1867,309,90,351,1147,34976,935,3467,595,189,3652,52,6824
968,351,968.3310489733831,99814,58,41,138,44,41858,22017,0.6399402889374236,30,22,34244,33138,4821,2474,10707,14279,45418,36168,8638,3789,7205,6863,21815,2449,6986,1880,309,91,356,1147,34915,935,3463,598,189,3681,53,6879
969,351,969.0634039801309,99814,55,36,138,44,41861,22017,0.639970344841405,32,27,34255,33132,4803,2471,10715,14288,45418,36168,8693,3834,7203,6862,21788,2450,6983,1887,309,93,358,1145,34849,935,3459,601,191,3705,55,6941
970,351,970.1615583760898,99814,57,41,138,44,41871,22027,0.6401707175346144,36,27,34281,33158,4782,2460,10704,14268,45418,36168,8747,3879,7202,6861,21752,2451,6977,1896,309,94,362,1143,34795,935,3455,605,193,3738,57,6989
971,351,971.2587516141872,99814,58,44,138,44,41876,22035,0.6403009597852005,40,25,34307,33171,4760,2450,10695,14264,45418,36168,8800,3924,7200,6860,21720,2452,6971,1905,309,96,363,1141,34741,935,3451,609,195,3767,59,7040
972,351,972.355136788891,99814,59,45,138,44,41886,22043,0.6404812952090889,41,26,34338,33182,4744,2442,10678,14259,45418,36168,8852,3969,7198,6859,21686,2453,6967,1911,309,98,371,1139,34680,935,3446,614,197,3799,60,7092
973,351,973.0854373374245,99814,63,44,138,44,41895,22048,0.6406215560943355,44,26,34338,33174,4737,2439,10678,14271,45418,36168,8903,4014,7197,6859,21654,2452,6963,1920,309,99,376,1139,34626,935,3438,621,197,3828,60,7141
974,351,974.1806527766828,99814,66,45,138,44,41910,22057,0.6408620033261867,46,26,34348,33197,4726,2434,10674,14252,45418,36168,8953,4059,7192,6858,21629,2453,6960,1927,309,104,383,1135,34563,934,3433,626,201,3850,62,7195
975,351,975.2755033014964,99814,67,50,138,44,41919,22066,0.6410423387500751,54,26,34344,33216,4717,2431,10678,14231,45418,36168,9002,4103,7190,6856,21596,2455,6950,1940,309,106,386,1132,34516,934,3430,629,204,3880,63,7238
976,351,976.0053855644383,99814,66,55,138,44,41925,22075,0.6411926182699822,54,24,34343,33226,4713,2428,10684,14221,45418,36168,9050,4147,7189,6856,21577,2455,6941,1953,309,107,391,1132,34456,934,3423,635,204,3896,64,7292
977,351,977.1002455319872,99814,69,51,138,44,41941,22078,0.641382972328531,52,28,34352,33231,4711,2426,10676,14218,45418,36168,9098,4191,7189,6854,21551,2456,6933,1969,309,107,400,1131,34398,934,3415,642,205,3916,64,7341
978,351,978.1948692945332,99814,68,53,138,44,41953,22086,0.6415833450217404,60,25,34374,33251,4701,2422,10657,14203,45418,36168,9145,4235,7185,6854,21521,2460,6932,1975,309,111,405,1127,34343,930,3411,646,209,3941,64,7391
979,351,979.2887522837638,99814,70,49,138,44,41968,22092,0.6417937363496102,59,24,34398,33268,4685,2422,10648,14191,45418,36168,9191,4279,7185,6851,21484,2462,6924,1990,309,111,416,1124,34293,930,3409,648,212,3972,65,7429
980,351,980.0175901292426,99814,78,47,138,44,41981,22094,0.6419440158695173,52,27,34396,33285,4675,2418,10659,14177,45418,36168,9236,4322,7185,6851,21461,2463,6916,2000,309,111,421,1124,34236,929,3404,653,211,3994,65,7481
981,351,981.1107470084314,99814,80,47,138,44,41993,22100,0.6421243512934057,58,26,34392,33310,4671,2409,10659,14162,45418,36168,9280,4365,7182,6850,21430,2464,6912,2009,309,114,427,1123,34187,929,3398,658,212,4021,66,7523
982,351,982.203943083122,99814,81,39,138,44,42008,22106,0.6423347426212755,60,25,34394,33315,4664,2412,10661,14163,45418,36168,9324,4408,7180,6849,21398,2465,6908,2022,309,116,436,1122,34134,928,3392,664,212,4046,69,7564
983,351,983.2970178469208,99814,76,39,138,44,42021,22112,0.6425250966798245,58,30,34410,33325,4667,2409,10649,14151,45418,36168,9367,4451,7176,6845,21358,2468,6910,2028,309,120,444,1122,34089,928,3382,673,212,4080,69,7601
984,351,984.0254924992981,99814,79,38,138,44,42028,22116,0.6426353016610896,55,36,34420,33324,4653,2406,10653,14150,45418,36168,9409,4493,7175,6844,21328,2469,6909,2032,309,121,447,1119,34041,928,3377,677,215,4108,70,7645
985,351,985.1179345503111,99814,85,39,138,44,42042,22125,0.6428657302582804,56,36,34427,33344,4635,2402,10657,14133,45418,36168,9450,4535,7172,6843,21306,2470,6901,2042,309,124,452,1116,33989,928,3373,681,218,4128,74,7688
986,351,986.2099738959789,99814,86,47,138,44,42061,22138,0.6431863265674154,54,29,34438,33358,4631,2402,10651,14118,45418,36168,9491,4577,7172,6840,21272,2472,6897,2053,309,124,461,1115,33942,928,3367,687,219,4156,76,7724
987,351,987.3015675239168,99814,88,44,138,44,42079,22143,0.6434167551646062,45,28,34471,33379,4621,2404,10635,14099,45418,36168,9531,4619,7169,6839,21239,2471,6890,2067,309,127,468,1110,33900,928,3364,690,222,4186,78,7757
988,351,988.028779468967,99814,87,49,138,44,42089,22151,0.6435970905884946,43,20,34474,33387,4617,2396,10639,14102,45418,36168,9570,4661,7168,6837,21204,2473,6883,2078,309,128,474,1110,33862,928,3357,697,222,4217,78,7789
989,351,989.0184326646829,99814,82,55,138,44,42102,22161,0.6438275191856854,52,18,34480,33410,4616,2386,10630,14085,45418,36168,9609,4702,7165,6835,21176,2475,6881,2086,309,131,482,1109,33815,927,3349,703,223,4242,79,7827
990,351,990.1088984820325,99813,79,53,139,44,42116,22163,0.6439942692835603,48,26,34502,33425,4608,2379,10622,14071,45418,36168,9647,4743,7164,6833,21145,2475,6882,2094,309,132,490,1108,33764,927,3345,706,224,4266,79,7870
991,351,991.1985795364569,99813,85,55,139,44,42132,22168,0.6442046627192851,48,28,34521,33455,4595,2377,10610,14039,45418,36168,9684,4784,7163,6833,21114,2476,6876,2106,309,133,493,1105,33724,926,3345,706,227,4291,79,7907
992,351,992.2874951140194,99813,80,50,139,44,42142,22174,0.6443649624798373,48,30,34558,33479,4582,2380,10591,14015,45418,36168,9721,4825,7160,6828,21087,2483,6875,2115,308,136,498,1102,33676,925,3341,709,230,4311,81,7948
993,351,993.0128576303151,99813,77,51,139,44,42150,22181,0.644515243505355,44,30,34576,33477,4577,2379,10585,14017,45418,36168,9757,4865,7157,6826,21068,2483,6872,2123,308,139,504,1099,33628,925,3335,715,232,4328,82,7989
994,351,994.1004754519648,99813,77,50,139,44,42160,22188,0.6446855620009417,44,28,34591,33512,4568,2378,10579,13986,45418,36168,9792,4905,7154,6825,21043,2483,6866,2133,308,142,509,1098,33586,925,3330,720,233,4350,87,8021
995,351,995.187441230291,99813,65,53,139,44,42170,22194,0.6448458617614939,45,27,34630,33545,4563,2368,10556,13961,45418,36168,9827,4945,7149,6820,21013,2486,6865,2142,308,147,510,1098,33551,925,3322,726,233,4376,92,8050
996,351,996.2732969692787,99813,62,51,139,44,42183,22198,0.6450161802570807,41,28,34663,33572,4547,2358,10546,13945,45418,36168,9861,4985,7148,6820,20977,2485,6870,2149,308,148,518,1095,33510,925,3317,729,235,4404,93,8082
997,351,997.3581991257068,99813,64,48,139,44,42196,22205,0.6452165549577711,38,27,34675,33594,4540,2360,10542,13925,45418,36168,9895,5024,7146,6817,20954,2486,6868,2157,308,150,525,1093,33463,925,3312,733,237,4424,94,8121
998,351,998.0812854569131,99813,61,47,139,44,42202,22206,0.6452866861030127,36,31,34690,33604,4532,2357,10540,13915,45418,36168,9928,5063,7146,6814,20928,2489,6867,2163,308,150,525,1091,33423,925,3308,736,239,4446,96,8159
999,351,999.1655550498214,99813,65,47,139,44,42215,22216,0.6455171170088064,32,26,34711,33634,4522,2358,10529,13889,45418,36168,9960,5102,7145,6812,20898,2491,6872,2166,308,151,532,1089,33377,925,3303,741,241,4468,97,8197
1000,351,1000.2491199010421,99813,60,44,139,44,42224,22220,0.6456473605642552,37,27,34729,33649,4517,2357,10516,13877,45418,36168,9992,5140,7143,6808,20869,2496,6868,2173,308,153,540,1089,33338,924,3298,746,241,4494,100,8225
1001,351,1001.332073596381,99813,57,40,139,44,42233,22228,0.6458176790598419,36,22,34755,33687,4510,2356,10501,13849,45418,36168,10023,5178,7142,6805,20843,2498,6860,2187,308,154,551,1088,33298,924,3293,749,242,4518,101,8252
1002,351,1002.0536979777089,99813,56,43,139,44,42242,22233,0.6459579413503251,33,18,34764,33701,4508,2349,10498,13843,45418,36168,10054,5216,7141,6804,20814,2499,6859,2192,308,155,554,1087,33258,924,3291,751,243,4543,103,8287
1003,351,1003.0526412604828,99813,57,46,139,44,42246,22240,0.6460681474357047,36,13,34759,33710,4501,2344,10506,13841,45418,36168,10084,5254,7141,6803,20784,2500,6855,2198,308,155,556,1085,33225,924,3290,752,245,4571,105,8316
1004,351,1004.204882671118,99813,55,41,139,44,42257,22245,0.646228447196257,41,14,34791,33740,4486,2349,10486,13810,45418,36168,10114,5291,7139,6802,20759,2502,6849,2210,308,157,566,1084,33188,923,3283,758,246,4591,106,8342
1005,351,1005.292550054732,99812,62,31,139,45,42272,22248,0.6464152606900974,32,17,34817,33788,4473,2347,10475,13770,45418,36168,10143,5328,7138,6801,20732,2502,6846,2217,308,158,577,1083,33147,923,3278,763,247,4615,108,8369
1006,351,1006.081168597804,99812,64,34,139,45,42276,22254,0.6465154490442031,32,12,34817,33779,4462,2347,10484,13781,45418,36168,10172,5365,7138,6800,20721,2503,6836,2229,308,158,578,1081,33105,923,3275,766,249,4624,108,8410
1007,351,1007.2938230398948,99812,63,30,139,45,42290,22255,0.6466657315753617,29,18,34852,33846,4457,2342,10458,13717,45418,36168,10200,5402,7138,6797,20694,2507,6838,2234,308,158,585,1081,33062,922,3271,770,249,4644,108,8446
1008,351,1008.0135163592433,99812,63,27,139,45,42295,22258,0.6467458822586463,28,22,34850,33858,4446,2341,10472,13705,45418,36168,10228,5438,7138,6797,20668,2507,6833,2242,308,158,586,1078,33034,922,3268,772,252,4668,114,8467
1009,351,1009.0929589810206,99812,63,33,139,45,42304,22265,0.6469061836252155,28,19,34882,33897,4443,2329,10443,13675,45418,36168,10255,5474,7136,6796,20646,2508,6818,2260,308,160,586,1078,33007,922,3268,772,252,4687,116,8492
1010,351,1010.0230838484728,99812,62,33,139,45,42312,22268,0.6470163908147317,31,19,34883,33919,4436,2322,10447,13660,45418,36168,10282,5510,7132,6795,20625,2509,6816,2266,308,164,586,1077,32977,922,3260,778,253,4706,118,8520
1011,351,1011.2863403620124,99812,61,36,139,45,42317,22279,0.6471766921813008,41,17,34891,33954,4422,2319,10444,13627,45418,36168,10308,5545,7131,6794,20607,2510,6812,2275,308,165,591,1075,32937,922,3258,780,255,4719,119,8554
1012,351,1012.1166918754052,99812,66,32,139,45,42324,22281,0.647266861699996,44,18,34914,33977,4405,2318,10430,13608,45418,36168,10334,5580,7131,6794,20587,2511,6808,2280,308,165,594,1074,32902,921,3255,783,256,4738,122,8583
1013,351,1013.1768494035236,99812,67,32,139,45,42337,22284,0.6474271630665651,45,20,34949,34036,4388,2310,10410,13555,45418,36168,10360,5615,7129,6794,20563,2510,6803,2290,308,167,599,1074,32874,921,3248,789,256,4759,125,8603
1014,351,1014.286361751753,99812,72,33,139,45,42349,22290,0.6476075021039555,45,21,34976,34072,4375,2301,10391,13526,45418,36168,10385,5650,7129,6793,20539,2510,6798,2301,308,167,603,1072,32845,921,3246,790,257,4780,126,8627
1015,351,1015.2444103118122,99812,72,32,139,45,42365,22295,0.6478178976475775,41,24,34988,34103,4375,2300,10383,13494,45418,36168,10410,5684,7127,6791,20509,2510,6802,2309,307,169,606,1071,32815,921,3244,792,258,4801,127,8653
1016,351,1016.3192542190203,99811,77,34,140,45,42380,22302,0.6480448046808468,39,29,35002,34133,4366,2295,10374,13462,45418,36168,10434,5718,7127,6789,20480,2512,6804,2315,307,169,608,1070,32786,921,3240,796,258,4822,129,8678
1017,351,1017.0356011405928,99811,77,32,140,45,42390,22306,0.6481850697818877,36,30,35013,34145,4356,2292,10376,13454,45418,36168,10458,5752,7124,6787,20452,2515,6798,2324,307,172,613,1069,32758,920,3239,797,259,4847,129,8701
1018,351,1018.1096987676052,99811,69,42,140,45,42395,22320,0.6483754295618719,44,26,35040,34176,4348,2282,10357,13427,45418,36168,10482,5786,7122,6785,20429,2516,6794,2334,307,174,617,1069,32730,920,3233,801,259,4867,130,8724
1019,351,1019.1829964427817,99811,70,37,140,45,42407,22324,0.6485357325344902,47,30,35053,34203,4342,2284,10346,13399,45418,36168,10505,5819,7119,6780,20408,2520,6791,2343,307,177,617,1067,32703,920,3230,804,260,4885,134,8746
1020,351,1020.2556837655384,99811,69,36,140,45,42418,22330,0.6487060544428971,45,30,35078,34246,4329,2274,10337,13367,45418,36168,10528,5852,7117,6777,20394,2523,6789,2350,307,179,625,1065,32665,920,3225,806,262,4897,135,8775
1021,351,1021.327764613074,99811,70,39,140,45,42431,22338,0.6489164520944585,43,25,35100,34288,4321,2268,10324,13333,45418,36168,10550,5885,7116,6774,20378,2526,6789,2356,307,180,627,1063,32631,920,3221,809,264,4908,138,8804
1022,351,1022.0421321758931,99811,71,39,140,45,42438,22341,0.649016641452345,42,28,35104,34299,4318,2263,10323,13324,45418,36168,10572,5918,7114,6774,20352,2526,6786,2362,307,182,629,1063,32606,920,3219,811,264,4931,139,8826
1023,351,1023.1133173977162,99811,68,39,140,45,42448,22346,0.6491669254891745,44,30,35136,34331,4312,2260,10298,13293,45418,36168,10594,5950,7112,6773,20328,2524,6785,2371,307,184,633,1062,32581,920,3216,814,265,4950,141,8845
1024,351,1024.1836547869486,99811,62,42,140,45,42452,22352,0.6492671148470609,52,30,35153,34360,4302,2252,10289,13269,45418,36168,10615,5982,7110,6773,20309,2525,6777,2382,306,186,636,1061,32556,920,3212,817,266,4967,143,8865
1025,351,1025.2533989972524,99811,70,47,140,45,42467,22363,0.6495276071775656,51,25,35168,34396,4294,2251,10275,13234,45418,36168,10636,6014,7110,6772,20290,2524,6777,2389,306,186,640,1059,32525,920,3208,820,268,4982,143,8892
1026,351,1026.3225399308674,99811,69,54,140,45,42477,22372,0.6497179669575498,52,19,35176,34417,4291,2244,10270,13219,45418,36168,10657,6045,7110,6769,20270,2528,6777,2393,306,185,645,1058,32495,920,3203,824,269,4999,143,8917
1027,351,1027.1107021251732,99811,73,53,140,45,42491,22377,0.649908326737534,43,19,35188,34453,4288,2240,10266,13188,45418,36168,10677,6076,7110,6769,20248,2528,6774,2402,306,185,652,1057,32467,920,3200,827,270,5015,145,8936
1028,351,1028.1013867205231,99811,70,53,140,45,42503,22384,0.6500986865175181,45,20,35207,34481,4286,2243,10250,13156,45418,36168,10697,6107,7110,6768,20225,2530,6775,2408,306,185,662,1056,32432,919,3196,830,271,5032,147,8959
1029,351,1029.0681652415908,99811,68,49,140,45,42519,22390,0.6503191031048682,43,20,35217,34506,4293,2244,10237,13134,45418,36168,10717,6138,7108,6764,20201,2533,6780,2413,306,187,669,1056,32400,918,3192,833,271,5049,151,8980
1030,351,1030.1359123032237,99811,73,50,140,45,42533,22398,0.6505395196922182,49,18,35226,34540,4285,2242,10225,13103,45418,36168,10736,6168,7108,6763,20186,2533,6775,2423,306,187,675,1056,32368,917,3191,832,271,5063,154,9003
1031,351,1031.0109383331346,99811,68,47,140,45,42541,22402,0.6506597469216819,54,20,35240,34569,4279,2243,10217,13074,45418,36168,10755,6198,7106,6761,20163,2535,6771,2433,306,189,680,1055,32344,917,3188,833,272,5082,157,9019
1032,351,1032.1535299555737,99811,64,43,140,45,42552,22405,0.650800012022723,55,19,35255,34599,4278,2245,10206,13047,45418,36168,10774,6228,7102,6759,20150,2539,6769,2438,306,193,686,1053,32309,915,3184,837,274,5093,160,9044
1033,351,1033.2456323531337,99811,59,46,140,45,42559,22412,0.6509402771237639,52,17,35264,34608,4279,2242,10204,13040,45418,36168,10792,6258,7097,6759,20132,2538,6771,2443,306,198,689,1052,32282,915,3178,843,275,5106,160,9067
1034,351,1034.1257652141915,99811,62,44,140,45,42576,22415,0.6511406558395367,49,20,35281,34643,4276,2242,10190,13004,45418,36168,10810,6287,7096,6756,20114,2541,6766,2454,306,199,694,1052,32254,915,3175,845,275,5119,161,9089
1035,351,1035.0984248009854,99811,69,42,140,45,42591,22418,0.6513209966837322,49,21,35297,34689,4264,2237,10179,12964,45418,36168,10828,6316,7095,6755,20101,2541,6762,2462,306,200,698,1051,32223,915,3174,845,276,5130,164,9113
1036,351,1036.1638026898177,99811,69,45,140,45,42601,22425,0.6514913185921392,49,20,35310,34713,4259,2232,10171,12943,45418,36168,10846,6345,7095,6754,20086,2544,6762,2465,306,200,705,1050,32188,913,3172,846,277,5143,165,9140
1037,351,1037.0971488575456,99811,74,44,140,45,42613,22430,0.651661640500546,49,19,35314,34743,4256,2228,10165,12919,45418,36168,10863,6374,7094,6753,20069,2544,6763,2468,306,201,707,1049,32162,913,3168,850,277,5158,169,9160
1038,351,1038.1785670649624,99810,70,41,140,46,42624,22435,0.6518284741007915,51,25,35352,34784,4239,2227,10146,12875,45418,36168,10880,6402,7092,6750,20049,2546,6766,2474,306,203,714,1049,32128,913,3166,851,277,5171,169,9186
1039,351,1039.2422429815258,99810,81,42,140,46,42641,22439,0.6520388738603347,49,24,35376,34809,4224,2226,10128,12851,45418,36168,10897,6430,7090,6749,20038,2547,6753,2488,306,205,717,1048,32105,913,3164,853,278,5181,169,9206
1040,351,1040.3052350971977,99810,86,41,140,46,42658,22444,0.6522592926560465,42,25,35405,34836,4215,2222,10110,12828,45418,36168,10913,6458,7086,6748,20024,2547,6752,2496,306,209,720,1048,32075,913,3162,854,278,5190,171,9231
1041,351,1041.0134272251466,99810,84,42,140,46,42663,22449,0.6523594830177337,50,28,35405,34853,4205,2221,10114,12808,45418,36168,10929,6486,7084,6747,20007,2548,6744,2507,306,211,722,1048,32058,913,3157,859,278,5204,171,9246
1042,351,1042.075355735712,99810,76,41,140,46,42671,22456,0.6525097685602645,55,26,35425,34910,4201,2216,10101,12759,45418,36168,10945,6513,7081,6745,19989,2550,6744,2514,306,214,726,1046,32031,913,3154,861,279,5218,174,9265
1043,351,1043.1368031262841,99810,80,45,140,46,42683,22464,0.6527101492836389,57,28,35442,34946,4190,2210,10089,12723,45418,36168,10961,6540,7077,6745,19979,2550,6736,2528,306,218,727,1043,32010,913,3152,862,282,5224,174,9284
1044,351,1044.1976205622839,99810,81,44,140,46,42698,22473,0.6529506061516882,50,27,35470,34976,4187,2213,10070,12692,45418,36168,10976,6567,7075,6740,19959,2555,6737,2534,306,220,733,1043,31986,913,3146,865,282,5240,176,9300
1045,351,1045.2576137596088,99810,83,45,140,46,42713,22482,0.6531910630197375,50,22,35500,35024,4181,2217,10044,12644,45418,36168,10991,6594,7075,6737,19939,2559,6736,2539,306,219,742,1042,31957,913,3145,866,283,5256,178,9318
1046,351,1046.316825460588,99809,88,40,140,47,42730,22487,0.6534180284343095,45,23,35522,35057,4175,2215,10028,12616,45418,36168,11006,6620,7072,6735,19930,2561,6725,2554,306,222,750,1040,31930,913,3143,868,284,5263,177,9336
1047,351,1047.0226228353542,99809,90,41,140,47,42739,22492,0.6535582963460209,44,23,35537,35083,4166,2212,10021,12592,45418,36168,11021,6646,7072,6734,19914,2563,6728,2556,306,222,753,1039,31905,912,3139,871,285,5275,178,9357
1048,351,1048.0264646177889,99809,87,40,140,47,42750,22498,0.6537286216673847,43,30,35552,35112,4168,2206,10008,12563,45418,36168,11036,6672,7071,6731,19899,2566,6724,2567,306,223,758,1039,31879,912,3136,873,285,5284,180,9376
1049,351,1049.0840726307856,99809,80,36,140,47,42762,22503,0.6538989469887485,50,32,35557,35154,4172,2206,9999,12523,45418,36168,11050,6698,7068,6730,19876,2567,6728,2575,306,226,765,1039,31850,912,3135,872,285,5297,182,9396
1050,351,1050.141476016599,99808,84,41,140,48,42774,22514,0.6541359410067329,51,24,35575,35202,4159,2195,9989,12488,45418,36168,11064,6723,7065,6730,19860,2567,6725,2583,306,229,767,1038,31829,912,3135,872,286,5308,184,9412
1051,351,1051.1983155378073,99808,82,40,140,48,42786,22518,0.6542962487976915,59,26,35584,35235,4153,2194,9980,12455,45418,36168,11078,6748,7062,6728,19850,2569,6724,2591,306,232,772,1037,31803,912,3130,874,287,5314,186,9431
1052,351,1052.2548209609374,99808,82,42,140,48,42799,22526,0.6545066527733248,62,26,35596,35270,4144,2192,9974,12420,45418,36168,11092,6773,7059,6728,19832,2569,6727,2598,306,235,777,1036,31781,912,3125,878,287,5324,187,9447
1053,351,1053.31098571401,99808,83,39,140,48,42810,22531,0.6546669605642834,57,29,35630,35307,4136,2195,9952,12380,45418,36168,11105,6798,7057,6727,19815,2570,6724,2606,306,237,783,1036,31757,912,3125,878,287,5336,189,9463
1054,351,1054.0145395586785,99808,87,36,140,48,42821,22534,0.6548072298813722,55,31,35632,35323,4134,2195,9950,12365,45418,36168,11118,6823,7057,6725,19801,2572,6721,2614,306,237,786,1035,31737,912,3123,879,288,5346,192,9477
1055,351,1055.0696032348012,99808,90,36,140,48,42839,22538,0.6550276530939404,47,33,35663,35368,4128,2190,9930,12323,45418,36168,11131,6847,7056,6722,19781,2576,6718,2623,306,238,791,1034,31722,911,3121,880,289,5361,194,9485
1056,351,1056.123722364847,99808,88,38,140,48,42851,22548,0.6552480763065085,46,34,35689,35409,4122,2186,9913,12283,45418,36168,11144,6871,7054,6720,19766,2580,6716,2628,305,240,801,1034,31695,910,3118,883,289,5373,195,9501
1057,351,1057.177090097214,99808,89,43,140,48,42866,22558,0.6554985572298814,52,31,35702,35434,4123,2182,9892,12260,45418,36168,11157,6895,7052,6719,19751,2580,6715,2637,305,242,805,1033,31673,910,3115,886,290,5381,197,9517
1058,351,1058.2299963611351,99808,90,45,140,48,42875,22569,0.6556989419685797,50,34,35729,35471,4114,2181,9875,12219,45418,36168,11170,6919,7050,6717,19740,2582,6712,2643,305,244,812,1033,31647,910,3113,887,290,5390,200,9533
1059,351,1059.2821424373165,99808,89,45,140,48,42888,22575,0.655889307470343,50,37,35746,35498,4110,2178,9863,12192,45418,36168,11182,6942,7047,6716,19725,2582,6713,2649,305,247,819,1031,31627,910,3110,890,290,5401,201,9545
1060,351,1060.3337471217458,99808,93,50,140,48,42903,22582,0.6561097306829112,56,43,35750,35539,4108,2166,9851,12152,45418,36168,11194,6965,7045,6714,19713,2585,6712,2654,305,249,823,1031,31606,909,3105,893,290,5411,201,9562
1061,351,1061.034660058136,99808,98,50,140,48,42918,22587,0.6563101154216094,50,42,35760,35566,4108,2165,9842,12127,45418,36168,11206,6988,7043,6711,19699,2588,6707,2664,305,251,823,1030,31591,909,3105,893,291,5420,204,9574
1062,351,1062.0856598965747,99807,97,51,140,49,42935,22597,0.6565872133217109,60,43,35768,35599,4102,2164,9831,12092,45418,36168,11218,7011,7040,6708,19687,2591,6705,2672,305,254,830,1029,31563,909,3103,893,291,5428,208,9591
1063,351,1063.1362860264817,99807,93,53,140,49,42951,22606,0.6568376967547367,58,41,35791,35640,4106,2164,9810,12051,45418,36168,11230,7034,7039,6708,19667,2590,6707,2681,305,255,840,1029,31538,909,3100,894,290,5441,211,9603
1064,351,1064.1864438658167,99807,99,55,140,49,42969,22617,0.6571282575370465,54,40,35798,35667,4106,2169,9801,12018,45418,36168,11241,7056,7036,6708,19652,2591,6707,2688,305,258,848,1028,31512,908,3100,894,291,5449,212,9620
1065,351,1065.2362896767415,99807,92,56,140,49,42981,22623,0.657308605608825,57,42,35812,35706,4107,2166,9790,11979,45418,36168,11252,7078,7033,6706,19637,2592,6708,2693,305,261,859,1028,31486,908,3098,896,291,5459,212,9635
1066,351,1066.2857949804072,99807,92,60,140,49,43000,22637,0.657639243740419,52,37,35842,35741,4111,2167,9761,11944,45418,36168,11263,7100,7030,6706,19622,2591,6707,2702,305,264,872,1027,31458,908,3094,900,292,5467,213,9649
1067,351,1067.3344716931701,99807,94,60,140,49,43011,22645,0.6578296111495185,58,37,35856,35774,4105,2164,9745,11914,45418,36168,11274,7122,7027,6703,19610,2594,6706,2705,305,267,878,1026,31438,908,3090,904,293,5477,216,9660
1068,351,1068.0333397706975,99807,95,68,140,49,43021,22654,0.6580199785586182,61,32,35860,35793,4100,2160,9742,11896,45418,36168,11285,7144,7026,6702,19595,2594,6706,2708,305,268,879,1026,31423,907,3088,906,293,5491,218,9672
1069,351,1069.0813308576564,99807,93,69,140,49,43031,22663,0.6582103459677177,73,28,35872,35837,4099,2159,9721,11856,45418,36168,11296,7165,7023,6700,19583,2596,6703,2719,305,271,881,1026,31407,907,3085,909,293,5495,221,9683
1070,351,1070.128901745162,99806,92,55,141,49,43051,22667,0.6584574073702983,74,36,35891,35881,4098,2165,9702,11812,45418,36168,11307,7186,7022,6696,19562,2598,6710,2728,305,272,893,1025,31382,907,3081,910,292,5507,224,9692
1071,351,1071.1758608082282,99806,102,52,141,49,43072,22671,0.6587078933130273,68,38,35926,35928,4088,2164,9673,11767,45418,36168,11317,7207,7020,6694,19556,2601,6710,2733,305,273,900,1023,31352,907,3081,910,294,5508,225,9714
1072,351,1072.2218429688887,99806,99,46,141,49,43088,22677,0.6589283209426287,70,40,35948,35972,4099,2167,9641,11724,45418,36168,11327,7228,7014,6691,19539,2603,6712,2742,305,279,909,1023,31328,907,3081,910,294,5515,226,9728
1073,351,1073.267245692233,99806,98,49,141,49,43100,22684,0.6591186902591026,65,40,35966,36010,4098,2160,9630,11690,45418,36168,11337,7249,7011,6689,19524,2605,6711,2746,305,282,914,1023,31310,907,3081,910,294,5527,229,9738
1074,351,1074.312177956415,99806,99,52,141,49,43116,22695,0.6593892150772499,68,40,35970,36029,4104,2159,9616,11669,45418,36168,11347,7269,7010,6686,19507,2609,6713,2751,305,283,921,1022,31291,906,3079,912,295,5537,231,9748
1075,351,1075.008660544987,99806,96,54,141,49,43125,22699,0.6595194677674688,67,40,35988,36059,4106,2153,9600,11643,45418,36168,11357,7289,7010,6685,19493,2610,6711,2760,305,283,925,1022,31276,906,3077,914,295,5544,232,9758
1076,351,1076.0528828705972,99806,101,56,141,49,43141,22713,0.6598200508987435,63,33,36005,36102,4098,2159,9590,11599,45418,36168,11367,7309,7008,6682,19483,2613,6712,2766,305,285,935,1020,31249,906,3075,914,297,5549,233,9774
1077,351,1077.0964783202899,99806,101,64,141,49,43157,22725,0.6601005951546,65,32,36033,36133,4092,2155,9566,11565,45418,36168,11377,7329,7008,6681,19468,2615,6710,2774,304,285,940,1019,31232,906,3072,917,298,5558,236,9783
1078,351,1078.1392928547873,99806,102,62,141,49,43173,22731,0.6603210227842014,68,32,36058,36165,4086,2157,9543,11533,45418,36168,11386,7349,7006,6678,19451,2618,6711,2781,304,287,949,1018,31215,906,3070,919,298,5568,236,9791
1079,351,1079.1813497792289,99806,115,63,141,49,43195,22742,0.6606516642286034,61,28,36088,36191,4079,2161,9514,11506,45418,36168,11395,7368,7003,6677,19436,2619,6710,2788,304,290,956,1017,31202,905,3067,922,299,5578,237,9796
1080,351,1080.2225302606587,99806,113,59,141,49,43213,22750,0.6609121696090415,71,31,36089,36233,4082,2163,9502,11463,45418,36168,11404,7387,6997,6675,19415,2620,6716,2793,304,296,965,1017,31181,905,3065,923,299,5590,238,9807
1081,351,1081.2635527120647,99806,118,60,141,49,43234,22759,0.6612127527403162,66,29,36106,36268,4084,2161,9483,11431,45418,36168,11413,7406,6993,6674,19397,2621,6717,2801,304,300,971,1016,31164,905,3064,923,300,5600,239,9817
1082,351,1082.3040670422542,99806,124,62,141,49,43255,22767,0.6615033164338817,62,32,36129,36303,4082,2156,9460,11396,45418,36168,11422,7425,6991,6673,19390,2623,6717,2805,304,302,981,1015,31138,904,3061,925,301,5604,241,9831
1083,351,1083.343878122629,99806,129,58,141,49,43271,22774,0.6617337635011923,61,36,36152,36322,4080,2158,9435,11375,45418,36168,11431,7444,6988,6671,19377,2625,6720,2810,304,305,986,1015,31118,904,3059,925,301,5611,244,9843
1084,351,1084.0367259759194,99806,129,61,141,49,43282,22786,0.6619642105685029,64,33,36151,36339,4087,2162,9426,11354,45418,36168,11440,7463,6987,6671,19365,2626,6717,2819,304,305,992,1015,31099,904,3057,926,301,5618,248,9852
1085,351,1085.0757465458153,99806,122,58,141,49,43298,22798,0.6622447548243593,66,30,36172,36376,4094,2171,9403,11314,45418,36168,11449,7481,6984,6670,19347,2623,6725,2828,304,308,1003,1014,31079,903,3053,929,301,5626,250,9859
1086,351,1086.1143330552084,99806,126,57,141,49,43320,22805,0.6625353185179248,58,34,36193,36409,4092,2167,9388,11282,45418,36168,11457,7499,6983,6668,19330,2624,6733,2832,304,309,1011,1014,31058,903,3051,929,301,5634,253,9869
1087,351,1087.1524147399443,99806,137,63,141,49,43345,22817,0.6629060377131636,62,30,36192,36447,4094,2162,9372,11247,45418,36168,11465,7517,6982,6666,19316,2625,6737,2838,304,310,1014,1012,31043,902,3050,930,302,5641,253,9881
1088,351,1088.1902780445948,99806,127,57,141,49,43364,22823,0.6631565236558924,59,34,36209,36474,4105,2166,9357,11218,45418,36168,11473,7535,6978,6662,19296,2628,6745,2845,304,314,1022,1012,31022,901,3049,930,302,5649,259,9888
1089,351,1089.2278914691183,99806,127,62,141,49,43383,22832,0.6634370679117488,63,34,36216,36506,4112,2162,9339,11185,45418,36168,11481,7553,6977,6660,19283,2630,6749,2850,304,315,1028,1012,31003,900,3047,931,302,5655,262,9898
1090,351,1090.2650580470204,99805,125,69,142,49,43399,22847,0.6637543209258053,68,31,36237,36536,4113,2157,9313,11156,45418,36168,11489,7571,6973,6658,19269,2631,6751,2853,304,319,1041,1012,30977,900,3047,930,302,5666,263,9909
1091,351,1091.3017489973456,99805,121,69,142,49,43414,22858,0.664014828916387,66,27,36254,36562,4114,2157,9301,11134,45418,36168,11497,7588,6969,6654,19256,2635,6747,2865,304,323,1051,1012,30960,900,3044,931,302,5673,264,9915
1092,351,1092.3379928066265,99805,125,60,142,49,43432,22863,0.6642452782926707,71,29,36274,36589,4110,2162,9276,11109,45418,36168,11505,7605,6967,6652,19240,2637,6747,2874,304,325,1061,1012,30940,900,3044,930,301,5682,268,9921
1093,351,1093.0285104605646,99805,127,57,142,49,43444,22869,0.664425629978458,69,30,36282,36609,4108,2161,9270,11092,45418,36168,11513,7622,6967,6651,19230,2638,6751,2878,304,325,1065,1009,30921,900,3043,931,302,5686,272,9932
1094,351,1094.0637762631663,99805,128,56,142,49,43461,22876,0.664666098892841,69,31,36312,36651,4103,2161,9244,11050,45418,36168,11521,7639,6963,6647,19216,2641,6750,2885,304,329,1070,1009,30905,900,3043,931,302,5695,275,9940
