,indexID,time,N,Inf_L,Inf_H,Dead_L,Dead_H,cum_cases_L,cum_cases_H,cum_sum_per_N,Exposed_L,Exposed_H,Sus_L,Sus_H,Rec_nat_L,Rec_nat_H,Rec_vax_L,Rec_vax_H,vaccinatedH,vaccinatedL,boostedH,boostedL,count_Naive,count_Delta,count_Delta_vaccine,count_two,count_three,count_four,count_Omicron,count_Omicron_star,count_Omicron_star_vaccine,count_Omicron_vaccine,count_Vaccine,count_WT,count_WT_vaccine,count_WT_vaccine_boost,count_Omicron_vaccine_boost,count_Delta_vaccine_boost,count_Omicron_star_vaccine_boost,count_Vaccine_boost
0,2072,1.0652452316785124,99998,4,4,0,0,5,5,0.0001000020000400008,20,20,49974,49974,1,1,0,0,0,0,0,0,99996,0,0,0,0,0,0,0,0,0,0,2,0,0,0,0,0,0
1,2072,2.23237298672653,99998,7,8,0,0,11,12,0.00023000460009200185,14,14,49974,49973,4,4,0,0,0,0,0,0,99990,0,0,0,0,0,0,0,0,0,0,8,0,0,0,0,0,0
2,2072,3.0054387373721307,99998,9,9,0,0,13,14,0.00027000540010800215,13,13,49973,49972,4,5,0,0,0,0,0,0,99989,0,0,0,0,0,0,0,0,0,0,9,0,0,0,0,0,0
3,2072,4.0105290441049934,99998,10,7,0,0,16,16,0.0003200064001280026,12,12,49971,49971,6,9,0,0,0,0,0,0,99983,0,0,0,0,0,0,0,0,0,0,15,0,0,0,0,0,0
4,2072,5.046513511596209,99998,9,9,0,0,18,19,0.00037000740014800295,12,11,49969,49969,9,10,0,0,0,0,0,0,99979,0,0,0,0,0,0,0,0,0,0,19,0,0,0,0,0,0
5,2072,6.01405449684897,99998,11,10,0,0,21,22,0.00043000860017200347,10,9,49968,49968,10,12,0,0,0,0,0,0,99976,0,0,0,0,0,0,0,0,0,0,22,0,0,0,0,0,0
6,2072,7.023776654299802,99998,13,11,0,0,23,23,0.0004600092001840037,10,10,49966,49966,10,12,0,0,0,0,0,0,99976,0,0,0,0,0,0,0,0,0,0,22,0,0,0,0,0,0
7,2072,8.026281271558448,99998,20,15,0,0,30,30,0.0006000120002400048,5,5,49964,49964,10,15,0,0,0,0,0,0,99973,0,0,0,0,0,0,0,0,0,0,25,0,0,0,0,0,0
8,2072,9.029724990172054,99998,19,14,0,0,30,30,0.0006000120002400048,8,8,49961,49961,11,16,0,0,0,0,0,0,99971,0,0,0,0,0,0,0,0,0,0,27,0,0,0,0,0,0
9,2072,10.034707399105475,99998,21,16,0,0,35,36,0.0007100142002840057,6,6,49958,49957,14,20,0,0,0,0,0,0,99964,0,0,0,0,0,0,0,0,0,0,34,0,0,0,0,0,0
10,2072,11.034544328058344,99998,19,14,0,0,35,37,0.0007200144002880058,8,7,49956,49955,16,23,0,0,0,0,0,0,99959,0,0,0,0,0,0,0,0,0,0,39,0,0,0,0,0,0
11,2072,12.021888671374471,99998,21,17,0,0,39,43,0.0008200164003280065,4,4,49956,49952,18,26,0,0,0,0,0,0,99954,0,0,0,0,0,0,0,0,0,0,44,0,0,0,0,0,0
12,2072,13.112079786649788,99998,27,20,0,0,46,47,0.0009300186003720074,3,1,49950,49952,19,26,0,0,0,0,0,0,99952,0,0,0,0,0,0,0,0,0,0,46,0,0,0,0,0,0
13,2072,14.133753697251311,99998,22,17,0,0,48,47,0.0009500190003800076,8,4,49943,49949,26,29,0,0,0,0,0,0,99942,0,0,0,0,0,0,0,0,0,0,56,0,0,0,0,0,0
14,2072,15.17136945735809,99998,22,14,0,0,50,49,0.000990019800396008,8,2,49941,49949,28,34,0,0,0,0,0,0,99935,0,0,0,0,0,0,0,0,0,0,63,0,0,0,0,0,0
15,2072,16.010881280243062,99998,24,12,0,0,53,50,0.0010300206004120083,6,5,49940,49945,29,37,0,0,0,0,0,0,99931,0,0,0,0,0,0,0,0,0,0,67,0,0,0,0,0,0
16,2072,17.173668256732604,99998,21,11,0,0,55,52,0.0010700214004280085,6,4,49938,49944,34,40,0,0,0,0,0,0,99923,0,0,0,0,0,0,0,0,0,0,75,0,0,0,0,0,0
17,2072,18.028195324884898,99998,19,12,0,0,57,53,0.001100022000440009,6,5,49936,49942,38,40,0,0,0,0,0,0,99919,0,0,0,0,0,0,0,0,0,0,79,0,0,0,0,0,0
18,2072,19.011460006704006,99998,19,11,0,0,61,58,0.0011900238004760096,4,4,49934,49938,42,46,0,0,0,0,0,0,99909,0,0,0,0,0,0,0,0,0,0,89,0,0,0,0,0,0
19,2072,20.224507415597554,99998,18,11,0,0,63,59,0.0012200244004880098,6,5,49930,49938,45,45,0,0,0,0,0,0,99905,0,0,0,0,0,0,0,0,0,0,93,0,0,0,0,0,0
20,2072,21.058691500337666,99998,15,12,0,0,64,61,0.00125002500050001,7,3,49928,49938,49,46,0,0,0,0,0,0,99900,0,0,0,0,0,0,0,0,0,0,98,0,0,0,0,0,0
21,2072,22.0872219605402,99998,13,10,0,0,64,62,0.00126002520050401,11,2,49924,49938,51,49,0,0,0,0,0,0,99895,0,0,0,0,0,0,0,0,0,0,103,0,0,0,0,0,0
22,2072,23.0172952477183,99998,13,10,0,0,67,63,0.0013000260005200104,10,1,49922,49938,54,50,0,0,0,0,0,0,99891,0,0,0,0,0,0,0,0,0,0,107,0,0,0,0,0,0
23,2072,24.17862233949025,99998,13,9,0,0,70,63,0.0013300266005320106,11,2,49918,49937,57,51,0,0,0,0,0,0,99887,0,0,0,0,0,0,0,0,0,0,111,0,0,0,0,0,0
24,2072,25.053626856959212,99998,12,8,0,0,70,63,0.0013300266005320106,12,3,49917,49937,58,51,0,0,0,0,0,0,99885,0,0,0,0,0,0,0,0,0,0,113,0,0,0,0,0,0
25,2072,26.041406297186633,99998,16,8,0,0,78,64,0.0014200284005680113,5,5,49916,49934,62,52,0,0,0,0,0,0,99880,0,0,0,0,0,0,0,0,0,0,118,0,0,0,0,0,0
26,2072,27.153959365310495,99998,16,10,0,0,81,67,0.0014800296005920118,3,3,49915,49933,65,53,0,0,0,0,0,0,99876,0,0,0,0,0,0,0,0,0,0,122,0,0,0,0,0,0
27,2072,28.157737660855513,99998,15,9,0,0,83,68,0.001510030200604012,4,4,49912,49931,68,55,0,0,0,0,0,0,99871,0,0,0,0,0,0,0,0,0,0,127,0,0,0,0,0,0
28,2072,29.16759028569373,99998,17,10,0,0,85,69,0.0015400308006160122,5,4,49909,49930,68,55,0,0,0,0,0,0,99871,0,0,0,0,0,0,0,0,0,0,127,0,0,0,0,0,0
29,2072,30.007755099015135,99998,15,12,0,0,87,71,0.0015800316006320126,5,4,49908,49928,71,55,0,0,0,0,0,0,99867,0,0,0,0,0,0,0,0,0,0,131,0,0,0,0,0,0
30,2072,31.147078219745705,99998,16,10,0,0,89,73,0.001620032400648013,4,4,49907,49926,72,59,0,0,0,0,0,0,99862,0,0,0,0,0,0,0,0,0,0,136,0,0,0,0,0,0
31,2072,32.26247364939868,99998,15,9,0,0,91,74,0.0016500330006600132,5,5,49904,49924,75,61,0,0,0,0,0,0,99857,0,0,0,0,0,0,0,0,0,0,141,0,0,0,0,0,0
32,2072,33.26522026059645,99998,18,11,0,0,94,77,0.0017100342006840137,4,3,49902,49923,75,62,0,0,0,0,0,0,99856,0,0,0,0,0,0,0,0,0,0,142,0,0,0,0,0,0
33,2072,34.20399208218243,99998,15,10,0,0,94,77,0.0017100342006840137,6,4,49900,49923,78,62,0,0,0,0,0,0,99852,0,0,0,0,0,0,0,0,0,0,146,0,0,0,0,0,0
34,2072,35.13181175878367,99998,14,9,0,0,94,78,0.0017200344006880139,9,3,49897,49923,79,64,0,0,0,0,0,0,99849,0,0,0,0,0,0,0,0,0,0,149,0,0,0,0,0,0
35,2072,36.03888361376039,99998,15,7,0,0,97,79,0.001760035200704014,11,3,49893,49922,80,67,0,0,0,0,0,0,99844,0,0,0,0,0,0,0,0,0,0,154,0,0,0,0,0,0
36,2072,37.00643876819857,99998,15,6,0,0,98,79,0.0017700354007080142,10,3,49893,49922,81,68,0,0,0,0,0,0,99842,0,0,0,0,0,0,0,0,0,0,156,0,0,0,0,0,0
37,2072,38.19989442077976,99998,11,5,0,0,102,79,0.0018100362007240146,13,4,49888,49921,87,69,0,0,0,0,0,0,99833,0,0,0,0,0,0,0,0,0,0,165,0,0,0,0,0,0
38,2072,39.010106063882716,99998,12,6,0,0,104,80,0.0018400368007360148,12,4,49887,49920,88,69,0,0,0,0,0,0,99832,0,0,0,0,0,0,0,0,0,0,166,0,0,0,0,0,0
39,2072,40.137318813361794,99998,13,7,0,0,107,82,0.0018900378007560151,10,3,49886,49919,90,70,0,0,0,0,0,0,99829,0,0,0,0,0,0,0,0,0,0,169,0,0,0,0,0,0
40,2072,41.07023860159815,99998,13,7,0,0,107,83,0.0019000380007600153,13,2,49884,49919,89,71,0,0,0,0,0,0,99828,0,0,0,0,0,0,0,0,0,0,170,0,0,0,0,0,0
41,2072,42.02991346404535,99998,17,7,0,0,113,83,0.0019600392007840155,9,3,49882,49918,91,71,0,0,0,0,0,0,99826,0,0,0,0,0,0,0,0,0,0,172,0,0,0,0,0,0
42,2072,43.07922735282587,99998,14,5,0,0,115,83,0.001980039600792016,11,3,49878,49918,96,73,0,0,0,0,0,0,99819,0,0,0,0,0,0,0,0,0,0,179,0,0,0,0,0,0
43,2072,44.273016387843775,99998,15,3,0,0,117,84,0.002010040200804016,12,2,49875,49918,97,76,0,0,0,0,0,0,99815,0,0,0,0,0,0,0,0,0,0,183,0,0,0,0,0,0
44,2072,45.307252923189424,99998,18,3,0,0,120,85,0.002050041000820016,11,1,49873,49918,97,77,0,0,0,0,0,0,99814,0,0,0,0,0,0,0,0,0,0,184,0,0,0,0,0,0
45,2072,46.0145267967836,99998,14,3,0,0,120,85,0.002050041000820016,12,3,49873,49917,100,76,0,0,0,0,0,0,99810,0,0,0,0,0,0,0,0,0,0,188,0,0,0,0,0,0
46,2072,47.19094543659979,99998,15,2,0,0,124,85,0.002090041800836017,9,6,49872,49915,103,76,0,0,0,0,0,0,99806,0,0,0,0,0,0,0,0,0,0,192,0,0,0,0,0,0
47,2072,48.22742129575676,99998,14,3,0,0,127,86,0.002130042600852017,7,6,49872,49914,106,76,0,0,0,0,0,0,99802,0,0,0,0,0,0,0,0,0,0,196,0,0,0,0,0,0
48,2072,49.04534199120288,99998,11,4,0,0,127,87,0.002140042800856017,9,5,49870,49914,109,76,0,0,0,0,0,0,99799,0,0,0,0,0,0,0,0,0,0,199,0,0,0,0,0,0
49,2072,50.191572849279936,99998,10,5,0,0,127,89,0.002160043200864017,11,3,49868,49915,110,76,0,0,0,0,0,0,99797,0,0,0,0,0,0,0,0,0,0,201,0,0,0,0,0,0
50,2072,51.02983394373064,99998,11,4,0,0,129,91,0.002200044000880018,9,1,49868,49915,111,79,0,0,0,0,0,0,99793,0,0,0,0,0,0,0,0,0,0,205,0,0,0,0,0,0
51,2072,52.05018324796321,99998,12,5,0,0,130,92,0.0022200444008880177,10,1,49866,49914,111,79,0,0,0,0,0,0,99793,0,0,0,0,0,0,0,0,0,0,205,0,0,0,0,0,0
52,2072,53.00678981943732,99998,14,5,0,0,133,93,0.0022600452009040183,10,2,49863,49912,112,80,0,0,0,0,0,0,99791,0,0,0,0,0,0,0,0,0,0,207,0,0,0,0,0,0
53,2072,54.10269830484777,99998,15,6,0,0,136,94,0.0023000460009200184,13,2,49857,49911,114,80,0,0,0,0,0,0,99789,0,0,0,0,0,0,0,0,0,0,209,0,0,0,0,0,0
54,2072,55.038311334447386,99998,19,6,0,0,142,94,0.002360047200944019,11,2,49855,49912,114,79,0,0,0,0,0,0,99787,0,0,0,0,0,0,0,0,0,0,211,0,0,0,0,0,0
55,2072,56.223788987306804,99998,22,7,0,0,148,95,0.0024300486009720193,9,2,49851,49911,117,79,0,0,0,0,0,0,99784,0,0,0,0,0,0,0,0,0,0,214,0,0,0,0,0,0
56,2072,57.21566979671297,99998,19,7,0,0,150,96,0.0024600492009840195,11,2,49847,49911,122,79,0,0,0,0,0,0,99778,0,0,0,0,0,0,0,0,0,0,220,0,0,0,0,0,0
57,2072,58.31029011846535,99998,21,7,0,0,153,96,0.0024900498009960198,10,4,49845,49910,123,78,0,0,0,0,0,0,99777,0,0,0,0,0,0,0,0,0,0,221,0,0,0,0,0,0
58,2072,59.027424126841595,99998,20,5,0,0,154,97,0.00251005020100402,14,4,49841,49909,124,81,0,0,0,0,0,0,99772,0,0,0,0,0,0,0,0,0,0,226,0,0,0,0,0,0
59,2072,60.04612797296079,99998,19,6,0,0,157,99,0.0025600512010240206,13,2,49840,49909,127,82,0,0,0,0,0,0,99767,0,0,0,0,0,0,0,0,0,0,231,0,0,0,0,0,0
60,2072,61.05988579003617,99998,21,5,0,0,160,99,0.002590051801036021,17,3,49833,49909,128,82,0,0,0,0,0,0,99765,0,0,0,0,0,0,0,0,0,0,233,0,0,0,0,0,0
61,2072,62.10975884831623,99998,24,3,0,0,167,99,0.0026600532010640212,14,4,49829,49908,132,84,0,0,0,0,0,0,99759,0,0,0,0,0,0,0,0,0,0,239,0,0,0,0,0,0
62,2072,63.10580625205886,99998,22,2,0,0,169,99,0.0026800536010720215,17,5,49824,49907,136,85,0,0,0,0,0,0,99754,0,0,0,0,0,0,0,0,0,0,244,0,0,0,0,0,0
63,2072,64.30761705957256,99998,21,2,0,0,170,100,0.0027000540010800214,18,6,49823,49906,137,85,0,0,0,0,0,0,99751,0,0,0,0,0,0,0,0,0,0,247,0,0,0,0,0,0
64,2072,65.10725775519144,99998,24,2,0,0,174,100,0.002740054801096022,16,8,49821,49904,138,85,0,0,0,0,0,0,99750,0,0,0,0,0,0,0,0,0,0,248,0,0,0,0,0,0
65,2072,66.00887569172079,99998,22,2,0,0,176,102,0.002780055601112022,17,9,49819,49901,141,87,0,0,0,0,0,0,99744,0,0,0,0,0,0,0,0,0,0,254,0,0,0,0,0,0
66,2072,67.1389926783049,99998,24,2,0,0,181,104,0.002850057001140023,15,11,49817,49897,143,89,0,0,0,0,0,0,99739,0,0,0,0,0,0,0,0,0,0,259,0,0,0,0,0,0
67,2072,68.11699657464814,99998,21,4,0,0,185,106,0.0029100582011640235,15,9,49814,49898,149,88,0,0,0,0,0,0,99732,0,0,0,0,0,0,0,0,0,0,266,0,0,0,0,0,0
68,2072,69.12083840030807,99998,19,7,0,0,186,109,0.0029500590011800236,18,6,49810,49898,152,88,0,0,0,0,0,0,99729,0,0,0,0,0,0,0,0,0,0,269,0,0,0,0,0,0
69,2072,70.18573594427934,99998,21,9,0,0,191,111,0.003020060401208024,17,5,49807,49897,154,88,0,0,0,0,0,0,99726,0,0,0,0,0,0,0,0,0,0,272,0,0,0,0,0,0
70,2072,71.11252538710161,99998,19,9,0,0,192,112,0.0030400608012160243,22,4,49801,49897,157,89,0,0,0,0,0,0,99722,0,0,0,0,0,0,0,0,0,0,276,0,0,0,0,0,0
71,2072,72.09113093367866,99998,20,9,0,0,196,112,0.0030800616012320245,19,4,49801,49897,159,89,0,0,0,0,0,0,99719,0,0,0,0,0,0,0,0,0,0,279,0,0,0,0,0,0
72,2072,73.0037632382402,99998,21,11,0,0,199,116,0.0031500630012600253,17,4,49800,49893,161,91,0,0,0,0,0,0,99715,0,0,0,0,0,0,0,0,0,0,283,0,0,0,0,0,0
73,2072,74.1128455373161,99998,19,10,0,0,200,118,0.0031800636012720256,21,4,49796,49891,163,94,0,0,0,0,0,0,99709,0,0,0,0,0,0,0,0,0,0,289,0,0,0,0,0,0
74,2072,75.18244572126335,99998,23,7,0,0,205,118,0.0032300646012920257,20,5,49792,49890,164,97,0,0,0,0,0,0,99705,0,0,0,0,0,0,0,0,0,0,293,0,0,0,0,0,0
75,2072,76.08592556664573,99998,24,4,0,0,209,118,0.0032700654013080263,17,5,49791,49890,167,100,0,0,0,0,0,0,99699,0,0,0,0,0,0,0,0,0,0,299,0,0,0,0,0,0
76,2072,77.06001463832789,99998,23,6,0,0,214,121,0.0033500670013400266,17,3,49786,49889,173,101,0,0,0,0,0,0,99692,0,0,0,0,0,0,0,0,0,0,306,0,0,0,0,0,0
77,2072,78.30734666230087,99998,23,7,0,0,216,123,0.003390067801356027,19,3,49782,49887,175,102,0,0,0,0,0,0,99689,0,0,0,0,0,0,0,0,0,0,309,0,0,0,0,0,0
78,2072,79.26727798083436,99998,23,7,0,0,221,123,0.0034400688013760277,16,5,49781,49885,179,102,0,0,0,0,0,0,99684,0,0,0,0,0,0,0,0,0,0,314,0,0,0,0,0,0
79,2072,80.11344682883853,99998,23,7,0,0,224,125,0.003490069801396028,17,5,49777,49883,182,104,0,0,0,0,0,0,99679,0,0,0,0,0,0,0,0,0,0,319,0,0,0,0,0,0
80,2072,81.25888191756518,99998,27,7,0,0,230,126,0.0035600712014240287,13,6,49777,49882,182,104,0,0,0,0,0,0,99676,0,0,0,0,0,0,0,0,0,0,322,0,0,0,0,0,0
81,2072,82.24226549626687,99998,28,8,0,0,235,127,0.003620072401448029,11,6,49777,49882,183,103,0,0,0,0,0,0,99672,0,0,0,0,0,0,0,0,0,0,326,0,0,0,0,0,0
82,2072,83.28026261872091,99998,25,7,0,0,236,128,0.003640072801456029,12,6,49775,49881,187,105,0,0,0,0,0,0,99666,0,0,0,0,0,0,0,0,0,0,332,0,0,0,0,0,0
83,2072,84.14904688993933,99998,25,9,0,0,240,131,0.00371007420148403,13,3,49772,49881,189,106,0,0,0,0,0,0,99661,0,0,0,0,0,0,0,0,0,0,337,0,0,0,0,0,0
84,2072,85.18307964385508,99998,28,7,0,0,244,132,0.00376007520150403,10,6,49771,49877,190,109,0,0,0,0,0,0,99657,0,0,0,0,0,0,0,0,0,0,341,0,0,0,0,0,0
85,2072,86.03168242582284,99998,28,8,0,0,247,133,0.0038000760015200305,9,5,49769,49879,193,107,0,0,0,0,0,0,99654,0,0,0,0,0,0,0,0,0,0,344,0,0,0,0,0,0
86,2072,87.09233521512324,99998,29,9,0,0,249,135,0.0038400768015360307,11,6,49765,49876,194,108,0,0,0,0,0,0,99652,0,0,0,0,0,0,0,0,0,0,346,0,0,0,0,0,0
87,2072,88.21517368594108,99998,27,8,0,0,252,135,0.003870077401548031,14,7,49759,49875,199,109,0,0,0,0,0,0,99646,0,0,0,0,0,0,0,0,0,0,352,0,0,0,0,0,0
88,2072,89.16461819163283,99998,27,10,0,0,257,137,0.003940078801576032,13,7,49755,49873,204,109,0,0,0,0,0,0,99641,0,0,0,0,0,0,0,0,0,0,357,0,0,0,0,0,0
89,2072,90.02269221122118,99998,30,9,0,0,263,138,0.004010080201604032,9,8,49753,49871,207,111,0,0,0,0,0,0,99636,0,0,0,0,0,0,0,0,0,0,362,0,0,0,0,0,0
90,2072,91.00433791038577,99998,30,8,0,0,266,140,0.004060081201624033,13,8,49747,49869,209,114,0,0,0,0,0,0,99630,0,0,0,0,0,0,0,0,0,0,368,0,0,0,0,0,0
91,2072,92.17968608886258,99998,28,8,0,0,270,142,0.004120082401648033,12,10,49744,49867,215,114,0,0,0,0,0,0,99622,0,0,0,0,0,0,0,0,0,0,376,0,0,0,0,0,0
92,2072,93.04451658571797,99998,26,8,0,0,274,144,0.004180083601672034,13,9,49739,49868,221,114,0,0,0,0,0,0,99614,0,0,0,0,0,0,0,0,0,0,384,0,0,0,0,0,0
93,2072,94.00323967149559,99998,23,9,0,0,275,145,0.0042000840016800335,17,9,49734,49868,225,113,0,0,0,0,0,0,99610,0,0,0,0,0,0,0,0,0,0,388,0,0,0,0,0,0
94,2072,95.0787498418279,99998,27,9,0,0,282,146,0.004280085601712034,12,8,49733,49868,227,114,0,0,0,0,0,0,99606,0,0,0,0,0,0,0,0,0,0,392,0,0,0,0,0,0
95,2072,96.14354107335107,99998,31,7,0,0,289,147,0.004360087201744035,9,8,49729,49867,230,117,0,0,0,0,0,0,99600,0,0,0,0,0,0,0,0,0,0,398,0,0,0,0,0,0
96,2072,97.0573502473135,99998,29,10,0,0,289,150,0.004390087801756035,14,5,49724,49868,232,116,0,0,0,0,0,0,99598,0,0,0,0,0,0,0,0,0,0,400,0,0,0,0,0,0
97,2072,98.00549320343612,99998,28,11,0,0,293,151,0.004440088801776035,15,6,49720,49866,236,116,0,0,0,0,0,0,99593,0,0,0,0,0,0,0,0,0,0,405,0,0,0,0,0,0
98,2072,99.17783868002273,99998,33,13,0,0,300,154,0.004540090801816036,9,5,49719,49864,238,117,0,0,0,0,0,0,99590,0,0,0,0,0,0,0,0,0,0,408,0,0,0,0,0,0
99,2072,100.14655626359128,99998,32,15,0,0,303,156,0.004590091801836037,12,6,49715,49861,240,117,0,0,0,0,0,0,99586,0,0,0,0,0,0,0,0,0,0,412,0,0,0,0,0,0
100,2072,101.07233399858256,99998,28,14,0,0,305,159,0.0046400928018560375,12,6,49714,49859,245,120,0,0,0,0,0,0,99576,0,0,0,0,0,0,0,0,0,0,422,0,0,0,0,0,0
101,2072,102.2590558673146,99998,29,16,0,0,308,161,0.004690093801876037,15,7,49709,49856,246,120,0,0,0,0,0,0,99574,0,0,0,0,0,0,0,0,0,0,424,0,0,0,0,0,0
102,2072,103.07465351997244,99998,27,16,0,0,308,164,0.004720094401888038,21,6,49704,49854,247,123,0,0,0,0,0,0,99569,0,0,0,0,0,0,0,0,0,0,429,0,0,0,0,0,0
103,2072,104.0456959837781,99998,27,16,0,0,314,165,0.004790095801916038,20,9,49700,49850,252,124,0,0,0,0,0,0,99562,0,0,0,0,0,0,0,0,0,0,436,0,0,0,0,0,0
104,2072,105.14227025694176,99998,21,16,0,0,315,166,0.004810096201924038,24,12,49695,49846,259,125,0,0,0,0,0,0,99554,0,0,0,0,0,0,0,0,0,0,444,0,0,0,0,0,0
105,2072,106.03752941917126,99998,22,13,0,0,318,167,0.004850097001940039,21,11,49696,49847,260,128,0,0,0,0,0,0,99548,0,0,0,0,0,0,0,0,0,0,450,0,0,0,0,0,0
106,2072,107.24964110341084,99998,21,13,0,0,322,169,0.004910098201964039,21,9,49693,49847,264,130,0,0,0,0,0,0,99541,0,0,0,0,0,0,0,0,0,0,457,0,0,0,0,0,0
107,2072,108.2112901218776,99998,21,11,0,0,325,169,0.00494009880197604,23,13,49688,49844,267,131,0,0,0,0,0,0,99536,0,0,0,0,0,0,0,0,0,0,462,0,0,0,0,0,0
108,2072,109.04455412900124,99998,25,13,0,0,335,172,0.005070101402028041,20,12,49683,49842,271,132,0,0,0,0,0,0,99529,0,0,0,0,0,0,0,0,0,0,469,0,0,0,0,0,0
109,2072,110.01451107281987,99998,29,14,0,0,342,175,0.005170103402068042,15,10,49681,49841,274,134,0,0,0,0,0,0,99524,0,0,0,0,0,0,0,0,0,0,474,0,0,0,0,0,0
110,2072,111.01623739699552,99998,29,14,0,0,345,179,0.005240104802096042,20,8,49673,49840,277,137,0,0,0,0,0,0,99517,0,0,0,0,0,0,0,0,0,0,481,0,0,0,0,0,0
111,2072,112.14946073906427,99998,29,14,0,0,350,183,0.005330106602132042,23,9,49667,49836,280,140,0,0,0,0,0,0,99508,0,0,0,0,0,0,0,0,0,0,490,0,0,0,0,0,0
112,2072,113.00141824112782,99998,31,12,0,0,355,185,0.005400108002160043,20,8,49666,49835,282,144,0,0,0,0,0,0,99502,0,0,1,0,0,0,0,0,0,0,495,0,0,0,0,0,0
113,2072,114.15489467021256,99998,34,15,0,0,362,190,0.005520110402208044,17,6,49662,49833,286,145,0,0,0,0,0,0,99496,0,0,1,0,0,0,0,0,0,0,501,0,0,0,0,0,0
114,2072,115.10379103500085,99998,33,14,0,0,365,192,0.005570111402228044,17,7,49659,49830,290,148,0,0,0,0,0,0,99489,0,0,1,0,0,0,0,0,0,0,508,0,0,0,0,0,0
115,2072,116.02171658522383,99998,31,13,0,0,367,194,0.005610112202244045,23,6,49652,49830,293,150,0,0,0,0,0,0,99482,0,0,1,0,0,0,0,0,0,0,515,0,0,0,0,0,0
116,2072,117.00415956860564,99998,32,13,0,0,373,195,0.005680113602272045,19,8,49651,49827,297,151,0,0,0,0,0,0,99476,0,0,1,0,0,0,0,0,0,0,521,0,0,0,0,0,0
117,2072,118.10034010449138,99998,28,14,0,0,377,200,0.005770115402308046,22,7,49644,49823,305,155,0,0,0,0,0,0,99464,0,0,1,0,0,0,0,0,0,0,533,0,0,0,0,0,0
118,2072,119.18348799305805,99998,30,16,0,0,382,202,0.005840116802336047,18,7,49646,49821,305,155,0,0,0,0,0,0,99461,0,0,1,0,0,0,0,0,0,0,536,0,0,0,0,0,0
119,2072,120.05018316610129,99998,30,16,0,0,388,203,0.005910118202364047,18,7,49641,49820,310,156,0,0,0,0,0,0,99454,0,0,1,0,0,0,0,0,0,0,543,0,0,0,0,0,0
120,2072,121.15174076710434,99998,33,17,0,0,393,205,0.005980119602392048,15,10,49640,49816,311,156,0,0,0,0,0,0,99451,0,0,1,0,0,0,0,0,0,0,546,0,0,0,0,0,0
121,2072,122.1986755478644,99998,31,18,0,0,397,207,0.006040120802416048,15,14,49636,49810,317,157,0,0,0,0,0,0,99444,0,0,1,0,0,0,0,0,0,0,553,0,0,0,0,0,0
122,2072,123.02451081410531,99998,37,23,0,0,405,213,0.00618012360247205,10,10,49634,49808,318,158,0,0,0,0,0,0,99441,0,0,1,0,0,0,0,0,0,0,556,0,0,0,0,0,0
123,2072,124.26213269801427,99998,35,27,0,0,414,219,0.0063301266025320505,7,7,49628,49806,329,159,0,0,0,0,0,0,99428,0,0,1,0,0,0,0,0,0,0,569,0,0,0,0,0,0
124,2072,125.13590302691524,99998,30,27,0,0,418,222,0.006400128002560051,8,6,49624,49807,337,159,0,0,0,0,0,0,99416,0,0,1,0,0,0,0,0,0,0,581,0,0,0,0,0,0
125,2072,126.10536282334434,99998,28,26,0,0,419,223,0.006420128402568052,11,10,49620,49803,340,160,0,0,0,0,0,0,99411,0,0,1,0,0,0,0,0,0,0,586,0,0,0,0,0,0
126,2072,127.02205312085866,99998,31,28,0,0,425,227,0.006520130402608052,9,8,49616,49801,343,162,0,0,0,0,0,0,99406,0,0,1,0,0,0,0,0,0,0,591,0,0,0,0,0,0
127,2072,128.15714958358294,99998,22,22,0,0,425,230,0.0065501310026200524,18,10,49610,49798,349,169,0,0,0,0,0,0,99388,0,0,1,0,0,0,0,0,0,0,609,0,0,0,0,0,0
128,2072,129.33990030457807,99998,24,20,0,0,430,231,0.006610132202644053,15,11,49608,49796,352,172,0,0,0,0,0,0,99382,0,0,1,0,0,0,0,0,0,0,615,0,0,0,0,0,0
129,2072,130.04474878325772,99998,23,19,0,0,433,232,0.0066501330026600535,18,11,49604,49795,354,174,0,0,0,0,0,0,99376,0,0,1,0,0,0,0,0,0,0,621,0,0,0,0,0,0
130,2072,131.13587419706863,99998,17,22,0,0,437,235,0.006720134402688054,17,9,49602,49794,363,174,0,0,0,0,0,0,99366,0,0,1,0,0,0,0,0,0,0,631,0,0,0,0,0,0
131,2072,132.1075964154515,99998,19,20,0,0,443,238,0.006810136202724054,18,7,49596,49796,366,176,0,0,0,0,0,0,99357,0,0,1,0,0,0,0,0,0,0,640,0,0,0,0,0,0
132,2072,133.2909416628207,99998,18,19,0,0,446,239,0.006850137002740055,19,8,49595,49796,367,176,0,0,0,0,0,0,99351,0,0,1,0,0,0,0,0,0,0,646,0,0,0,0,0,0
133,2072,134.02485106464096,99998,20,22,0,0,450,242,0.006920138402768055,15,7,49596,49794,368,176,0,0,0,0,0,0,99349,0,0,1,0,0,0,0,0,0,0,648,0,0,0,0,0,0
134,2072,135.0224560133566,99998,19,17,0,0,454,242,0.006960139202784056,15,8,49593,49793,372,181,0,0,0,0,0,0,99339,0,0,1,0,0,0,0,0,0,0,658,0,0,0,0,0,0
135,2072,136.0014451614289,99998,19,19,0,0,458,246,0.007040140802816056,14,6,49594,49791,372,183,0,0,0,0,0,0,99333,0,0,1,0,0,0,0,0,0,0,664,0,0,0,0,0,0
136,2072,137.01406094515536,99998,18,16,0,0,463,246,0.007090141802836057,12,8,49592,49790,377,185,0,0,0,0,0,0,99324,0,0,1,0,0,0,0,0,0,0,673,0,0,0,0,0,0
137,2072,138.03563584033662,99998,20,15,0,0,466,248,0.007140142802856057,14,8,49588,49788,377,188,0,0,0,0,0,0,99320,0,0,1,0,0,0,0,0,0,0,677,0,0,0,0,0,0
138,2072,139.0944524978502,99998,21,16,0,0,468,252,0.007200144002880058,13,6,49589,49787,376,190,0,0,0,0,0,0,99316,0,0,1,0,0,0,0,0,0,0,681,0,0,0,0,0,0
139,2072,140.05320441558527,99998,20,17,0,0,470,254,0.007240144802896058,16,4,49586,49789,377,189,0,0,0,0,0,0,99312,0,0,1,0,0,0,0,0,0,0,685,0,0,0,0,0,0
140,2072,141.02946665081362,99998,23,19,0,0,475,257,0.007320146402928059,16,2,49583,49788,377,190,0,0,0,0,0,0,99309,0,0,1,0,0,0,0,0,0,0,688,0,0,0,0,0,0
141,2072,142.3232362072394,99998,25,15,0,0,480,257,0.007370147402948059,18,6,49576,49786,380,192,0,0,0,0,0,0,99302,0,0,1,0,0,0,0,0,0,0,695,0,0,0,0,0,0
142,2072,143.25971543651303,99998,25,12,0,0,484,257,0.00741014820296406,25,7,49565,49785,384,195,0,0,0,0,0,0,99295,0,0,1,0,0,0,0,0,0,0,702,0,0,0,0,0,0
143,2072,144.00146676836255,99998,27,13,0,0,487,261,0.00748014960299206,26,4,49561,49784,385,198,0,0,0,0,0,0,99291,0,0,1,0,0,0,0,0,0,0,706,0,0,0,0,0,0
144,2072,145.25558156246393,99998,26,11,0,0,493,261,0.007540150803016061,25,8,49558,49780,390,200,0,0,0,0,0,0,99282,0,0,1,0,0,0,0,0,0,0,715,0,0,0,0,0,0
145,2072,146.16725185490944,99998,27,13,0,0,498,264,0.007620152403048061,29,7,49553,49778,390,201,0,0,0,0,0,0,99277,0,0,1,0,0,0,0,0,0,0,720,0,0,0,0,0,0
146,2072,147.05918502420758,99998,29,10,0,0,504,264,0.007680153603072061,26,8,49550,49777,394,204,0,0,0,0,0,0,99270,0,0,1,0,0,0,0,0,0,0,727,0,0,0,0,0,0
147,2072,148.34161640948182,99998,27,11,0,0,506,267,0.007730154603092062,27,7,49548,49776,397,205,0,0,0,0,0,0,99264,0,0,1,0,0,0,0,0,0,0,733,0,0,0,0,0,0
148,2072,149.11629713101303,99998,34,11,0,0,516,268,0.007840156803136062,19,11,49550,49772,396,205,0,0,0,0,0,0,99260,0,0,1,0,0,0,0,0,0,0,737,0,0,0,0,0,0
149,2072,150.14560168536048,99998,32,11,0,0,518,270,0.007880157603152063,21,12,49546,49771,400,205,0,0,0,0,0,0,99254,0,0,1,0,0,0,0,0,0,0,743,0,0,0,0,0,0
150,2072,151.1844446892204,99998,31,14,0,0,524,273,0.007970159403188064,20,11,49544,49772,404,202,0,0,0,0,0,0,99247,0,0,1,0,0,0,0,0,0,0,750,0,0,0,0,0,0
151,2072,152.1611007668253,99998,33,14,0,0,531,274,0.008050161003220065,22,14,49538,49770,406,201,0,0,0,0,0,0,99241,0,0,1,0,0,0,0,0,0,0,756,0,0,0,0,0,0
152,2072,153.1904885719403,99998,35,15,0,0,535,277,0.008120162403248065,25,11,49531,49770,408,203,0,0,0,0,0,0,99237,0,0,1,0,0,0,0,0,0,0,760,0,0,0,0,0,0
153,2072,154.0105241768832,99998,33,15,0,0,538,281,0.008190163803276066,24,9,49530,49770,412,205,0,0,0,0,0,0,99228,0,0,1,0,0,0,0,0,0,0,769,0,0,0,0,0,0
154,2072,155.16077461401497,99998,35,17,0,0,548,284,0.008320166403328066,17,9,49530,49767,417,206,0,0,0,0,0,0,99219,0,0,1,0,0,0,0,0,0,0,778,0,0,0,0,0,0
155,2072,156.12391167297562,99998,35,18,0,0,554,286,0.008400168003360067,17,10,49525,49764,422,207,0,0,0,0,0,0,99212,0,0,1,0,0,0,0,0,0,0,785,0,0,0,0,0,0
156,2072,157.04737126267958,99998,33,19,0,0,556,289,0.008450169003380067,19,10,49522,49761,425,209,0,0,0,0,0,0,99206,0,0,1,0,0,0,0,0,0,0,791,0,0,0,0,0,0
157,2072,158.00063998991448,99998,33,19,0,0,558,290,0.008480169603392068,21,11,49519,49759,426,210,0,0,0,0,0,0,99203,0,0,1,0,0,0,0,0,0,0,794,0,0,0,0,0,0
158,2072,159.14938756390615,99998,37,23,0,0,568,296,0.008640172803456069,21,11,49511,49754,430,211,0,0,0,0,0,0,99195,0,0,1,0,0,0,0,0,0,0,802,0,0,0,0,0,0
159,2072,160.03892264247514,99998,35,26,0,0,570,300,0.00870017400348007,21,13,49510,49748,433,212,0,0,0,0,0,0,99190,0,0,1,0,0,0,0,0,0,0,807,0,0,0,0,0,0
160,2072,161.3232124270466,99998,32,27,0,0,574,303,0.00877017540350807,28,14,49504,49744,435,214,0,0,0,0,0,0,99181,0,0,1,0,0,0,0,0,0,0,816,0,0,0,0,0,0
161,2072,162.18830241718962,99998,29,25,0,0,578,304,0.008820176403528071,25,15,49504,49742,441,217,0,0,0,0,0,0,99171,0,0,1,0,0,0,0,0,0,0,826,0,0,0,0,0,0
162,2072,163.10842946348285,99998,33,27,0,0,586,309,0.008950179003580071,24,13,49499,49740,443,219,0,0,0,0,0,0,99164,0,0,1,0,0,0,0,0,0,0,833,0,0,0,0,0,0
163,2072,164.20444777488814,99998,33,27,0,0,591,311,0.009020180403608071,25,14,49497,49738,444,220,0,0,0,0,0,0,99157,0,0,1,0,0,0,0,0,0,0,840,0,0,0,0,0,0
164,2072,165.24401951745114,99998,35,23,0,0,598,314,0.009120182403648073,23,14,49493,49736,448,226,0,0,0,0,0,0,99145,0,0,1,0,0,0,0,0,0,0,852,0,0,0,0,0,0
165,2072,166.27013436653004,99998,31,19,0,0,601,314,0.009150183003660073,24,19,49490,49732,454,229,0,0,0,0,0,0,99134,0,0,1,0,0,0,0,0,0,0,863,0,0,0,0,0,0
166,2072,167.3140006413838,99998,28,21,0,0,602,317,0.009190183803676073,27,17,49486,49733,458,228,0,0,0,0,0,0,99129,0,0,1,0,0,0,0,0,0,0,868,0,0,0,0,0,0
167,2072,168.1923294785915,99998,32,21,0,0,609,319,0.009280185603712075,27,18,49483,49730,457,230,0,0,0,0,0,0,99124,0,0,1,0,0,0,0,0,0,0,873,0,0,0,0,0,0
168,2072,169.11679873687473,99998,32,22,0,0,610,323,0.009330186603732075,31,16,49479,49730,457,231,0,0,0,0,0,0,99120,0,0,1,0,0,0,0,0,0,0,877,0,0,0,0,0,0
169,2072,170.1539896127817,99998,39,19,0,0,621,324,0.009450189003780076,26,19,49475,49726,459,235,0,0,0,0,0,0,99112,0,0,1,0,0,0,0,0,0,0,885,0,0,0,0,0,0
170,2072,171.0104023604117,99998,40,22,0,0,624,329,0.009530190603812076,28,15,49471,49725,460,237,0,0,0,0,0,0,99108,0,0,1,0,0,0,0,0,0,0,889,0,0,0,0,0,0
171,2072,172.0520233569929,99998,37,19,0,0,630,329,0.009590191803836077,30,18,49466,49722,466,240,0,0,0,0,0,0,99096,0,0,1,0,0,0,0,0,0,0,901,0,0,0,0,0,0
172,2072,173.2062701719014,99998,37,24,0,0,637,336,0.009730194603892078,27,13,49464,49721,471,241,0,0,0,0,0,0,99087,0,0,1,0,0,0,0,0,0,0,910,0,0,0,0,0,0
173,2072,174.0010863750687,99998,38,25,0,0,642,341,0.009830196603932079,25,9,49461,49720,475,245,0,0,0,0,0,0,99079,0,0,1,0,0,0,0,0,0,0,918,0,0,0,0,0,0
174,2072,175.01048953872316,99998,39,18,0,0,646,345,0.009910198203964079,26,7,49457,49719,477,255,0,0,0,0,0,0,99065,0,0,1,0,0,0,0,0,0,0,932,0,0,0,0,0,0
175,2072,176.1280553420555,99998,39,16,0,0,651,346,0.00997019940398808,22,9,49458,49717,480,257,0,0,0,0,0,0,99057,0,0,1,0,0,0,0,0,0,0,940,0,0,0,0,0,0
176,2072,177.21149805816967,99998,35,13,0,0,657,347,0.01004020080401608,19,12,49456,49715,489,259,0,0,0,0,0,0,99043,0,0,1,0,0,0,0,0,0,0,954,0,0,0,0,0,0
177,2072,178.21789824040835,99998,34,15,0,0,662,351,0.01013020260405208,17,14,49455,49711,493,259,0,0,0,0,0,0,99035,0,0,1,0,0,0,0,0,0,0,962,0,0,0,0,0,0
178,2072,179.07025971964282,99998,33,13,0,0,665,352,0.010170203404068082,18,14,49453,49710,495,262,0,0,0,0,0,0,99028,0,0,1,0,0,0,0,0,0,0,969,0,0,0,0,0,0
179,2072,180.12698641839168,99998,30,15,0,0,669,355,0.010240204804096082,17,14,49451,49708,501,262,0,0,0,0,0,0,99020,0,0,1,0,0,0,0,0,0,0,977,0,0,0,0,0,0
180,2072,181.09999795295917,99998,29,14,0,0,672,355,0.010270205404108081,14,16,49454,49706,502,263,0,0,0,0,0,0,99015,0,0,1,0,0,0,0,0,0,0,982,0,0,0,0,0,0
181,2072,182.03002496039167,99997,29,19,1,0,679,362,0.010410312309369282,10,10,49455,49709,504,261,0,0,0,0,0,0,99006,0,0,1,0,0,0,0,0,0,0,990,0,0,0,0,0,0
182,2072,183.12605775529812,99997,30,22,1,0,683,365,0.010480314409432282,10,9,49452,49708,506,260,0,0,0,0,0,0,99003,0,0,1,0,0,0,0,0,0,0,993,0,0,0,0,0,0
183,2072,184.0634069568115,99997,28,17,1,0,686,366,0.010520315609468284,10,10,49451,49707,509,265,0,0,0,0,0,0,98992,0,0,1,0,0,0,0,0,0,0,1004,0,0,0,0,0,0
184,2072,185.1878355826921,99997,28,19,1,0,688,371,0.010590317709531286,11,8,49450,49705,509,267,0,0,0,0,0,0,98987,0,0,1,0,0,0,0,0,0,0,1009,0,0,0,0,0,0
185,2072,186.0456429413695,99997,29,19,1,0,690,373,0.010630318909567288,10,9,49451,49704,508,267,0,0,0,0,0,0,98984,0,0,1,0,0,0,0,0,0,0,1012,0,0,0,0,0,0
186,2072,187.07166409236427,99997,30,17,1,0,694,375,0.010690320709621288,14,10,49444,49703,510,269,0,0,0,0,0,0,98977,0,0,1,0,0,0,0,0,0,0,1019,0,0,0,0,0,0
187,2072,188.01590896328216,99997,29,18,1,0,696,378,0.01074032220966629,16,9,49441,49701,512,271,0,0,0,0,0,0,98972,0,0,1,0,0,0,0,0,0,0,1024,0,0,0,0,0,0
188,2072,189.08154687372564,99997,26,16,1,0,699,380,0.01079032370971129,16,9,49440,49700,516,274,0,0,0,0,0,0,98962,0,0,1,0,0,0,0,0,0,0,1034,0,0,0,0,0,0
189,2072,190.02210550175442,99997,26,15,1,0,706,382,0.010880326409792293,18,11,49433,49697,521,276,0,0,0,0,0,0,98952,0,0,1,0,0,0,0,0,0,0,1044,0,0,0,0,0,0
190,2072,191.24416202978986,99997,25,14,1,0,710,384,0.010940328209846296,19,12,49434,49695,520,278,0,0,0,0,0,0,98944,0,0,1,0,0,0,0,0,0,0,1052,0,0,0,0,0,0
191,2072,192.22376452250697,99997,27,14,1,0,715,387,0.011020330609918298,14,10,49436,49695,521,280,0,0,0,0,0,0,98939,0,0,2,0,0,0,0,0,0,0,1056,0,0,0,0,0,0
192,2072,193.27850331178917,99997,25,13,1,0,717,390,0.0110703321099633,16,10,49435,49693,522,283,0,0,0,0,0,0,98931,0,0,2,0,0,0,0,0,0,0,1064,0,0,0,0,0,0
193,2072,194.03722022561772,99997,26,10,1,0,720,391,0.0111103333099993,19,9,49431,49693,522,287,0,0,0,0,0,0,98925,0,0,2,0,0,0,0,0,0,0,1070,0,0,0,0,0,0
194,2072,195.04382176211502,99997,29,9,1,0,725,392,0.011170335110053302,16,8,49431,49693,522,289,0,0,0,0,0,0,98921,0,0,2,0,0,0,0,0,0,0,1074,0,0,0,0,0,0
195,2072,196.30837969857512,99997,27,10,1,0,726,396,0.011220336610098303,19,5,49429,49695,523,289,0,0,0,0,0,0,98915,0,0,2,0,0,0,0,0,0,0,1080,0,0,0,0,0,0
196,2072,197.01970884037118,99997,30,10,1,0,731,396,0.011270338110143304,16,6,49428,49694,524,289,0,0,0,0,0,0,98913,0,0,2,0,0,0,0,0,0,0,1082,0,0,0,0,0,0
197,2072,198.09492891564608,99997,28,12,1,0,735,398,0.011330339910197306,19,7,49425,49692,526,288,0,0,0,0,0,0,98907,0,0,2,0,0,0,0,0,0,0,1088,0,0,0,0,0,0
198,2072,199.20991699967593,99997,26,12,1,0,741,399,0.011400342010260307,20,6,49421,49695,531,286,0,0,0,0,0,0,98898,0,0,2,0,0,0,0,0,0,0,1097,0,0,0,0,0,0
199,2072,200.1757607326457,99997,30,13,1,0,747,402,0.01149034471034131,17,3,49419,49695,532,288,0,0,0,0,0,0,98894,0,0,2,0,0,0,0,0,0,0,1101,0,0,0,0,0,0
200,2072,201.09270793348884,99997,37,13,1,0,754,404,0.011580347410422312,17,6,49413,49693,531,287,0,0,0,0,0,0,98892,0,0,2,0,0,0,0,0,0,0,1103,0,0,0,0,0,0
201,2072,202.04827510821588,99997,38,14,1,0,757,407,0.011640349210476315,22,7,49406,49692,532,286,0,0,0,0,0,0,98888,0,0,2,0,0,0,0,0,0,0,1107,0,0,0,0,0,0
202,2072,203.30436840445813,99997,33,16,1,0,763,410,0.011730351910557317,21,7,49403,49690,541,286,0,0,0,0,0,0,98877,0,0,3,0,0,0,0,0,0,0,1117,0,0,0,0,0,0
203,2072,204.0878711668063,99997,36,17,1,0,769,414,0.01183035491064732,19,6,49400,49691,543,285,0,0,0,0,0,0,98871,0,0,3,0,0,0,0,0,0,0,1123,0,0,0,0,0,0
204,2072,205.0884226293882,99997,38,17,1,0,775,417,0.011920357610728322,18,7,49396,49687,546,288,0,0,0,0,0,0,98864,0,0,3,0,0,0,0,0,0,0,1130,0,0,0,0,0,0
205,2072,206.08856594392736,99997,35,16,1,0,780,418,0.011980359410782324,15,10,49398,49683,550,290,0,0,0,0,0,0,98854,0,0,3,0,0,0,0,0,0,0,1140,0,0,0,0,0,0
206,2072,207.23874098655395,99997,34,19,1,0,785,421,0.012060361810854325,19,9,49393,49682,552,289,0,0,0,0,0,0,98848,0,0,3,0,0,0,0,0,0,0,1146,0,0,0,0,0,0
207,2072,208.02434077905804,99997,33,18,1,0,787,423,0.012100363010890326,21,10,49390,49679,554,292,0,0,0,0,0,0,98842,0,0,3,0,0,0,0,0,0,0,1152,0,0,0,0,0,0
208,2072,209.12086271013433,99997,34,16,1,0,792,424,0.012160364810944329,19,14,49389,49676,556,293,0,0,0,0,0,0,98835,0,0,3,0,0,0,0,0,0,0,1159,0,0,0,0,0,0
209,2072,210.2175690537565,99997,32,16,1,0,796,426,0.01222036661099833,25,16,49382,49672,559,295,0,0,0,0,0,0,98827,0,0,3,0,0,0,0,0,0,0,1167,0,0,0,0,0,0
210,2072,211.05037474467036,99997,28,20,1,0,799,430,0.012290368711061333,29,16,49375,49670,566,293,0,0,0,0,0,0,98820,0,0,3,0,0,0,0,0,0,0,1174,0,0,0,0,0,0
211,2072,212.01928263857513,99997,30,20,1,0,804,434,0.012380371411142335,28,17,49373,49666,567,296,0,0,0,0,0,0,98813,0,0,3,0,0,0,0,0,0,0,1181,0,0,0,0,0,0
212,2072,213.32088495416482,99997,34,20,1,0,811,437,0.012480374411232337,26,15,49370,49668,568,296,0,0,0,0,0,0,98807,0,0,3,0,0,0,0,0,0,0,1187,0,0,0,0,0,0
213,2072,214.19746394253673,99997,31,21,1,0,814,442,0.01256037681130434,26,12,49367,49667,574,299,0,0,0,0,0,0,98797,0,0,3,0,0,0,0,0,0,0,1197,0,0,0,0,0,0
214,2072,215.1251950968593,99997,32,26,1,0,820,447,0.012670380111403342,22,8,49367,49666,577,299,0,0,0,0,0,0,98792,0,0,3,0,0,0,0,0,0,0,1202,0,0,0,0,0,0
215,2072,216.04753653820487,99997,33,23,1,0,826,450,0.012760382811484344,22,8,49364,49664,579,304,0,0,0,0,0,0,98781,0,0,3,0,0,0,0,0,0,0,1213,0,0,0,0,0,0
216,2072,217.0756180365951,99997,35,23,1,0,829,453,0.012820384611538347,25,7,49358,49666,580,303,0,0,0,0,0,0,98777,0,0,3,0,0,0,0,0,0,0,1217,0,0,0,0,0,0
217,2072,218.19682979322087,99997,40,20,1,0,838,454,0.012920387611628349,22,14,49355,49661,581,304,0,0,0,0,0,0,98769,0,0,3,0,0,0,0,0,0,0,1225,0,0,0,0,0,0
218,2072,219.21333132115592,99997,44,18,1,0,845,455,0.013000390011700351,18,16,49356,49663,580,302,0,0,0,0,0,0,98763,0,0,3,0,0,0,0,0,0,0,1231,0,0,0,0,0,0
219,2072,220.06434428575176,99997,42,22,1,0,848,460,0.013080392411772354,22,14,49349,49661,585,302,0,0,0,0,0,0,98757,0,0,3,0,0,0,0,0,0,0,1237,0,0,0,0,0,0
220,2072,221.04675202642335,99997,46,22,1,0,854,463,0.013170395111853356,24,14,49343,49658,585,305,0,0,0,0,0,0,98752,0,0,3,0,0,0,0,0,0,0,1242,0,0,0,0,0,0
221,2072,222.0599231866119,99997,42,25,1,0,861,468,0.013290398711961358,27,15,49335,49654,594,305,0,0,0,0,0,0,98739,0,0,3,0,0,0,0,0,0,0,1255,0,0,0,0,0,0
222,2072,223.28902735245816,99997,41,26,1,0,870,473,0.013430402912087363,26,12,49327,49654,604,307,0,0,0,0,0,0,98726,0,0,4,0,0,0,0,0,0,0,1267,0,0,0,0,0,0
223,2072,224.01196972916082,99997,41,27,1,0,873,475,0.013480404412132364,26,10,49324,49654,607,308,0,0,0,0,0,0,98722,0,0,4,0,0,0,0,0,0,0,1271,0,0,0,0,0,0
224,2072,225.05305906632867,99997,42,27,1,0,883,479,0.013620408612258368,21,9,49323,49651,612,312,0,0,0,0,0,0,98709,0,0,4,0,0,0,0,0,0,0,1284,0,0,0,0,0,0
225,2072,226.09914692839544,99997,43,23,1,0,893,480,0.01373041191235737,17,8,49321,49651,617,317,0,0,0,0,0,0,98695,0,0,4,0,0,0,0,0,0,0,1298,0,0,0,0,0,0
226,2072,227.03871987636865,99997,41,23,1,0,896,481,0.013770413112393371,19,10,49317,49649,621,317,0,0,0,0,0,0,98689,0,0,4,0,0,0,0,0,0,0,1304,0,0,0,0,0,0
227,2072,228.2389961849345,99997,37,23,1,0,905,483,0.013880416412492375,27,13,49301,49645,633,318,0,0,0,0,0,0,98674,0,0,4,0,0,0,0,0,0,0,1319,0,0,0,0,0,0
228,2072,229.15171625430472,99997,37,23,1,0,911,485,0.013960418812564377,23,12,49299,49644,639,320,0,0,0,0,0,0,98666,0,0,4,0,0,0,0,0,0,0,1327,0,0,0,0,0,0
229,2072,230.24207568374342,99997,39,24,1,0,921,489,0.01410042301269038,24,12,49289,49641,646,322,0,0,0,0,0,0,98655,0,0,4,0,0,0,0,0,0,0,1338,0,0,0,0,0,0
230,2072,231.32531188738315,99997,42,25,1,0,928,494,0.014220426612798385,23,13,49285,49635,648,326,0,0,0,0,0,0,98647,0,0,4,0,0,0,0,0,0,0,1346,0,0,0,0,0,0
231,2072,232.12452324278118,99997,42,26,1,0,931,497,0.014280428412852385,26,15,49280,49630,650,328,0,0,0,0,0,0,98642,0,0,4,0,0,0,0,0,0,0,1351,0,0,0,0,0,0
232,2072,233.22767466334807,99997,44,23,1,0,939,500,0.01439043171295139,25,13,49276,49630,653,333,0,0,0,0,0,0,98630,0,0,4,0,0,0,0,0,0,0,1363,0,0,0,0,0,0
233,2072,234.0209770747596,99997,47,22,1,0,944,502,0.01446043381301439,23,14,49273,49627,655,336,0,0,0,0,0,0,98625,0,0,4,0,0,0,0,0,0,0,1368,0,0,0,0,0,0
234,2072,235.01230569618636,99996,51,22,2,0,953,506,0.014590583623344934,24,19,49269,49620,653,338,0,0,0,0,0,0,98616,0,0,4,0,0,0,0,0,0,0,1376,0,0,0,0,0,0
235,2072,236.03683248140297,99996,53,23,2,0,959,510,0.01469058762350494,23,22,49267,49615,654,339,0,0,0,0,0,0,98610,0,0,5,0,0,0,0,0,0,0,1381,0,0,0,0,0,0
236,2072,237.06740427129975,99996,50,25,2,0,965,516,0.014810592423696948,24,21,49260,49614,663,339,0,0,0,0,0,0,98597,0,0,5,0,0,0,0,0,0,0,1394,0,0,0,0,0,0
237,2072,238.09812230866712,99996,50,24,2,0,968,521,0.014890595623824953,33,18,49250,49612,664,345,0,0,0,0,0,0,98588,0,0,5,0,0,0,0,0,0,0,1403,0,0,0,0,0,0
238,2072,239.0663796880058,99996,48,26,2,0,973,525,0.014980599223968959,35,19,49245,49607,669,347,0,0,0,0,0,0,98580,0,0,6,0,0,0,0,0,0,0,1410,0,0,0,0,0,0
239,2072,240.18935900342893,99996,48,29,2,0,980,531,0.015110604424176968,36,17,49241,49604,672,349,0,0,0,0,0,0,98570,0,0,6,0,0,0,0,0,0,0,1420,0,0,0,0,0,0
240,2072,241.01049251770652,99996,47,29,2,0,987,534,0.015210608424336974,42,21,49228,49600,680,349,0,0,0,0,0,0,98559,0,0,6,0,0,0,0,0,0,0,1431,0,0,0,0,0,0
241,2072,242.04172885642714,99996,53,23,2,0,1000,536,0.015360614424576983,41,24,49218,49595,685,357,0,0,0,0,0,0,98544,0,0,6,0,0,0,0,0,0,0,1446,0,0,0,0,0,0
242,2072,243.2366887435888,99995,60,29,3,0,1014,549,0.015630781539076953,42,16,49207,49592,687,362,0,0,0,0,0,0,98530,0,0,6,0,0,0,0,0,0,0,1459,0,0,0,0,0,0
243,2072,244.18278301157255,99995,61,25,3,0,1025,552,0.015770788539426973,36,20,49204,49587,695,367,0,0,0,0,0,0,98513,0,0,6,0,0,0,0,0,0,0,1476,0,0,0,0,0,0
244,2072,245.33584381713337,99995,60,25,3,0,1035,554,0.015890794539726985,39,26,49194,49580,703,368,0,0,0,0,0,0,98500,0,0,6,0,0,0,0,0,0,0,1489,0,0,0,0,0,0
245,2072,246.02367740204596,99995,56,29,3,0,1040,559,0.015990799539976997,36,25,49193,49577,711,368,0,0,0,0,0,0,98490,0,0,6,0,0,0,0,0,0,0,1499,0,0,0,0,0,0
246,2072,247.0555769773047,99995,51,30,3,0,1049,565,0.016140807040352017,38,22,49183,49576,724,371,0,0,0,0,0,0,98471,0,0,6,0,0,0,0,0,0,0,1518,0,0,0,0,0,0
247,2072,248.08772023475413,99995,50,29,3,0,1058,570,0.016280814040702037,43,21,49173,49573,730,376,0,0,0,0,0,0,98455,0,0,6,0,0,0,0,0,0,0,1534,0,0,0,0,0,0
248,2072,249.14689435050738,99995,56,36,3,0,1073,578,0.016510825541277065,34,17,49169,49570,737,376,0,0,0,0,0,0,98445,0,0,6,0,0,0,0,0,0,0,1544,0,0,0,0,0,0
249,2072,250.26116850616654,99995,59,30,3,0,1084,582,0.01666083304165208,40,17,49152,49566,745,386,0,0,0,0,0,0,98427,0,0,6,0,0,0,0,0,0,0,1562,0,0,0,0,0,0
250,2072,251.3333339641725,99995,65,31,3,0,1095,586,0.0168108405420271,35,16,49149,49563,747,389,0,0,0,0,0,0,98419,0,0,6,0,0,0,0,0,0,0,1570,0,0,0,0,0,0
251,2072,252.1179434622421,99995,66,26,3,0,1105,586,0.016910845542277113,36,23,49143,49556,751,394,0,0,0,0,0,0,98405,0,0,6,0,0,0,0,0,0,0,1584,0,0,0,0,0,0
252,2072,253.1507971086297,99995,71,29,3,0,1117,594,0.01711085554277714,36,21,49133,49551,756,398,0,0,0,0,0,0,98393,0,0,6,0,0,0,0,0,0,0,1596,0,0,0,0,0,0
253,2072,254.06668242697205,99995,75,29,3,0,1125,597,0.017220861043052153,34,22,49127,49547,760,401,0,0,0,0,0,0,98386,0,0,6,0,0,0,0,0,0,0,1603,0,0,0,0,0,0
254,2072,255.07235322794975,99995,68,27,3,0,1132,600,0.017320866043302165,32,26,49124,49541,772,405,0,0,0,0,0,0,98367,0,0,6,0,0,0,0,0,0,0,1622,0,0,0,0,0,0
255,2072,256.1055719604785,99995,72,32,3,0,1143,611,0.017540877043852193,26,22,49123,49535,775,410,0,0,0,0,0,0,98354,0,0,6,0,0,0,0,0,0,0,1635,0,0,0,0,0,0
256,2072,257.1388508194518,99995,67,34,3,0,1148,616,0.017640882044102205,35,25,49113,49529,781,411,0,0,0,0,0,0,98341,0,0,6,0,0,0,0,0,0,0,1648,0,0,0,0,0,0
257,2072,258.17225264681684,99995,61,33,3,0,1152,621,0.017730886544327217,43,26,49105,49523,787,417,0,0,0,0,0,0,98326,0,0,7,0,0,0,0,0,0,0,1662,0,0,0,0,0,0
258,2072,259.20582127238123,99995,54,39,3,0,1156,630,0.017860893044652233,44,21,49102,49520,796,419,0,0,0,0,0,0,98312,0,0,7,0,0,0,0,0,0,0,1676,0,0,0,0,0,0
259,2072,260.07891569424874,99995,56,41,3,0,1164,636,0.01800090004500225,46,18,49096,49518,798,422,0,0,0,0,0,0,98302,0,0,7,0,0,0,0,0,0,0,1686,0,0,0,0,0,0
260,2072,261.06047297117374,99995,60,42,3,0,1173,641,0.01814090704535227,46,17,49089,49515,801,425,0,0,0,0,0,0,98293,0,0,7,0,0,0,0,0,0,0,1695,0,0,0,0,0,0
261,2072,262.10231489386837,99995,62,39,3,0,1185,644,0.018290914545727285,49,18,49075,49514,810,428,0,0,0,0,0,0,98277,0,0,7,0,0,0,0,0,0,0,1711,0,0,0,0,0,0
262,2072,263.0456548759796,99994,68,40,4,0,1200,650,0.018501110066603998,49,20,49062,49507,816,432,0,0,0,0,0,0,98263,0,0,7,0,0,0,0,0,0,0,1724,0,0,0,0,0,0
263,2072,264.2720915049194,99994,66,41,4,0,1210,659,0.018691121467288036,47,19,49056,49500,826,439,0,0,0,0,0,0,98243,0,0,7,0,0,0,0,0,0,0,1744,0,0,0,0,0,0
264,2072,265.2019579566681,99994,66,36,4,0,1220,665,0.018851131067864072,50,22,49047,49492,832,449,0,0,0,0,0,0,98222,0,0,7,0,0,0,0,0,0,0,1765,0,0,0,0,0,0
265,2072,266.23661890799565,99994,74,34,4,0,1233,673,0.019061143668620117,47,21,49042,49486,832,458,0,0,0,0,0,0,98207,0,0,7,0,0,0,0,0,0,0,1780,0,0,0,0,0,0
266,2072,267.26099634090855,99994,72,38,4,0,1244,681,0.01925115506930416,49,18,49030,49483,844,460,0,0,0,0,0,0,98190,0,0,7,0,0,0,0,0,0,0,1797,0,0,0,0,0,0
267,2072,268.0069766441748,99994,74,33,4,0,1254,682,0.019361161669700182,49,21,49024,49481,848,464,0,0,0,0,0,0,98176,0,0,7,0,0,0,0,0,0,0,1811,0,0,0,0,0,0
268,2072,269.0420804786065,99994,75,35,4,0,1269,686,0.019551173070384224,47,22,49014,49481,859,461,0,0,0,0,0,0,98160,0,0,7,0,0,0,0,0,0,0,1827,0,0,0,0,0,0
269,2072,270.07739152941326,99993,71,31,5,0,1282,690,0.019721380496634765,44,20,49009,49482,870,466,0,0,0,0,0,0,98136,0,0,8,0,0,0,0,0,0,0,1849,0,0,0,0,0,0
270,2072,271.13824255904484,99993,63,30,5,0,1292,694,0.019861390297320813,47,22,48998,49477,886,470,0,0,0,0,0,0,98114,0,0,9,0,0,0,0,0,0,0,1870,0,0,0,0,0,0
271,2072,272.17399999008603,99993,67,29,5,0,1304,697,0.020011400798055863,47,24,48993,49475,887,471,0,0,0,0,0,0,98102,0,0,9,0,0,0,0,0,0,0,1882,0,0,0,0,0,0
272,2072,273.20986338810627,99993,67,26,5,0,1311,699,0.020101407098496896,52,25,48983,49473,892,475,0,0,0,0,0,0,98090,0,0,9,0,0,0,0,0,0,0,1894,0,0,0,0,0,0
273,2072,274.24587591366225,99993,69,29,5,0,1324,708,0.02032142249957497,50,21,48975,49468,900,481,0,0,0,0,0,0,98073,0,0,9,0,0,0,0,0,0,0,1911,0,0,0,0,0,0
274,2072,275.28204033909026,99993,75,33,5,0,1338,714,0.02052143650055504,44,19,48970,49464,905,483,0,0,0,0,0,0,98064,0,0,10,0,0,0,0,0,0,0,1919,0,0,0,0,0,0
275,2072,276.1393809226798,99992,80,31,6,0,1351,719,0.0207016561324906,39,17,48965,49462,909,489,0,0,0,0,0,0,98049,0,0,10,0,0,0,0,0,0,0,1933,0,0,0,0,0,0
276,2072,277.01539888979477,99992,82,35,6,0,1361,725,0.020861668933514682,43,16,48957,49460,911,488,0,0,0,0,0,0,98039,0,0,10,0,0,0,0,0,0,0,1943,0,0,0,0,0,0
277,2072,278.09308200887494,99992,84,35,6,0,1375,730,0.02105168413473078,42,17,48947,49456,920,491,0,0,0,0,0,0,98023,0,0,11,0,0,0,0,0,0,0,1958,0,0,0,0,0,0
278,2072,279.0080272478793,99992,79,30,6,0,1383,733,0.021161692935434833,41,21,48944,49449,929,499,0,0,0,0,0,0,98002,0,0,11,0,0,0,0,0,0,0,1979,0,0,0,0,0,0
279,2072,280.0448229178883,99992,81,30,6,0,1393,737,0.021301704136330906,43,24,48939,49444,930,501,0,0,0,0,0,0,97990,0,0,11,0,0,0,0,0,0,0,1991,0,0,0,0,0,0
280,2072,281.08171596247155,99992,77,28,6,0,1400,741,0.021411712937034963,47,27,48929,49442,940,502,0,0,0,0,0,0,97973,0,0,11,0,0,0,0,0,0,0,2008,0,0,0,0,0,0
281,2072,282.1187891899733,99992,76,25,6,0,1414,744,0.02158172653812305,44,32,48924,49435,949,507,0,0,0,0,0,0,97952,0,0,11,0,0,0,0,0,0,0,2029,0,0,0,0,0,0
282,2072,283.15602754363664,99992,75,31,6,0,1428,754,0.021821745739659174,47,27,48911,49432,960,509,0,0,0,0,0,0,97934,0,0,12,0,0,0,0,0,0,0,2046,0,0,0,0,0,0
283,2072,284.193491311095,99992,79,24,6,0,1441,757,0.021981758540683256,44,36,48904,49421,966,518,0,0,0,0,0,0,97915,0,0,12,0,0,0,0,0,0,0,2065,0,0,0,0,0,0
284,2072,285.2311037804155,99992,77,32,6,0,1450,767,0.022171773741899353,46,31,48894,49418,976,518,0,0,0,0,0,0,97902,0,0,12,0,0,0,0,0,0,0,2078,0,0,0,0,0,0
285,2072,286.26889382862174,99992,74,34,6,0,1454,778,0.02232178574285943,59,29,48877,49409,983,527,0,0,0,0,0,0,97886,0,0,12,0,0,0,0,0,0,0,2094,0,0,0,0,0,0
286,2072,287.30691627052954,99992,78,38,6,0,1468,786,0.02254180334426754,58,26,48869,49405,988,530,0,0,0,0,0,0,97872,0,0,12,0,0,0,0,0,0,0,2108,0,0,0,0,0,0
287,2072,288.3450883643583,99992,80,37,6,0,1480,791,0.02271181694535563,62,24,48859,49404,992,534,0,0,0,0,0,0,97856,0,0,12,0,0,0,0,0,0,0,2124,0,0,0,0,0,0
288,2072,289.03727493505806,99992,78,40,6,0,1490,797,0.02287182974637971,61,21,48853,49401,1001,537,0,0,0,0,0,0,97841,0,0,12,0,0,0,0,0,0,0,2139,0,0,0,0,0,0
289,2072,290.0757698640055,99992,80,45,6,0,1505,803,0.023081846547723817,59,22,48845,49399,1009,533,0,0,0,0,0,0,97827,0,0,12,0,0,0,0,0,0,0,2153,0,0,0,0,0,0
290,2072,291.11437797986486,99992,81,41,6,0,1519,806,0.023251860148811906,50,28,48846,49391,1016,539,0,0,0,0,0,0,97807,0,0,12,0,0,0,0,0,0,0,2173,0,0,0,0,0,0
291,2072,292.15308650074314,99992,80,38,6,0,1528,809,0.023371869749579968,56,31,48834,49386,1023,544,0,0,0,0,0,0,97792,0,0,13,0,0,0,0,0,0,0,2187,0,0,0,0,0,0
292,2072,293.19196013609815,99992,82,43,6,0,1542,817,0.023591887350988078,52,32,48829,49377,1030,547,0,0,0,0,0,0,97777,0,0,13,0,0,0,0,0,0,0,2202,0,0,0,0,0,0
293,2072,294.2309427215935,99992,90,45,6,0,1559,824,0.023831906552524203,47,37,48821,49366,1035,551,0,0,0,0,0,0,97763,0,0,13,0,0,0,0,0,0,0,2216,0,0,0,0,0,0
294,2072,295.2700291977967,99992,86,51,6,0,1568,838,0.02406192495399632,54,35,48810,49354,1043,559,0,0,0,0,0,0,97742,0,0,13,0,0,0,0,0,0,0,2237,0,0,0,0,0,0
295,2072,296.30930678667755,99992,88,51,6,0,1583,848,0.024311944955596448,55,33,48798,49347,1052,568,0,0,0,0,0,0,97719,0,0,13,0,0,0,0,0,0,0,2260,0,0,0,0,0,0
296,2072,297.00228779799,99992,85,52,6,0,1593,853,0.024461956956556525,54,34,48790,49342,1064,571,0,0,0,0,0,0,97702,0,0,13,0,0,0,0,0,0,0,2277,0,0,0,0,0,0
297,2072,298.0419963355668,99992,94,59,6,0,1615,863,0.024781982558604688,49,31,48776,49336,1074,573,0,0,0,0,0,0,97686,0,0,13,0,0,0,0,0,0,0,2293,0,0,0,0,0,0
298,2072,299.0819239524289,99992,90,61,6,0,1625,872,0.024971997759820785,54,27,48765,49333,1084,578,0,0,0,0,0,0,97665,0,0,13,0,0,0,0,0,0,0,2314,0,0,0,0,0,0
299,2072,300.12206939200405,99992,90,55,6,0,1638,877,0.02515201216097288,57,29,48755,49329,1091,586,0,0,0,0,0,0,97641,0,0,13,0,0,0,0,0,0,0,2338,0,0,0,0,0,0
300,2072,301.1624242709828,99992,103,53,6,0,1663,888,0.025512040963277062,47,26,48742,49323,1101,597,0,0,0,0,0,0,97619,0,0,16,0,0,0,0,0,0,0,2357,0,0,0,0,0,0
301,2072,302.2030399757662,99991,96,51,6,1,1671,894,0.025652308707783702,49,30,48739,49313,1109,604,0,0,0,0,0,0,97598,0,0,18,0,0,0,0,0,0,0,2375,0,0,0,0,0,0
302,2072,303.2437990301459,99991,102,49,6,1,1685,899,0.02584232580932284,52,33,48723,49308,1116,608,0,0,0,0,0,0,97583,0,0,18,0,0,0,0,0,0,0,2390,0,0,0,0,0,0
303,2072,304.28481367478315,99991,99,50,6,1,1699,907,0.026062345611105,53,31,48714,49305,1127,612,0,0,0,0,0,0,97559,0,0,18,0,0,0,0,0,0,0,2414,0,0,0,0,0,0
304,2072,305.3260065310366,99991,92,49,6,1,1710,913,0.026232360912482124,55,31,48705,49301,1141,617,0,0,0,0,0,0,97534,0,0,18,0,0,0,0,0,0,0,2439,0,0,0,0,0,0
305,2072,306.0202555311644,99991,89,53,6,1,1716,920,0.026362372613535218,59,31,48695,49296,1150,618,0,0,0,0,0,0,97522,0,0,18,0,0,0,0,0,0,0,2451,0,0,0,0,0,0
306,2072,307.06189238624694,99991,94,57,6,1,1730,931,0.026612395115560402,59,25,48688,49292,1152,624,0,0,0,0,0,0,97506,0,0,18,0,0,0,0,0,0,0,2467,0,0,0,0,0,0
307,2072,308.1036542676406,99990,81,52,7,1,1741,938,0.02679267926792679,62,24,48679,49287,1170,635,0,0,0,0,0,0,97470,0,0,18,0,0,0,0,0,0,0,2502,0,0,0,0,0,0
308,2072,309.14570231116386,99990,85,58,7,1,1754,949,0.027032703270327033,62,23,48666,49280,1179,637,0,0,0,0,0,0,97456,0,0,18,0,0,0,0,0,0,0,2516,0,0,0,0,0,0
309,2072,310.115882504974,99989,89,53,7,2,1773,954,0.0272730000300033,62,24,48653,49275,1188,645,0,0,0,0,0,0,97432,0,0,19,0,0,0,0,0,0,0,2538,0,0,0,0,0,0
310,2072,311.15839542313796,99989,92,53,7,2,1790,964,0.02754302973327066,59,21,48645,49273,1196,650,0,0,0,0,0,0,97408,0,0,19,0,0,0,0,0,0,0,2562,0,0,0,0,0,0
311,2072,312.11405671543434,99989,92,56,7,2,1800,971,0.027713048435327885,53,18,48643,49269,1204,654,0,0,0,0,0,0,97395,0,0,20,0,0,0,0,0,0,0,2574,0,0,0,0,0,0
312,2072,313.0714290757984,99989,94,50,7,2,1817,975,0.027923071537869167,61,23,48623,49262,1214,662,0,0,0,0,0,0,97370,0,0,20,0,0,0,0,0,0,0,2599,0,0,0,0,0,0
313,2072,314.1145821072323,99989,98,51,7,2,1832,984,0.028163097940773485,58,25,48619,49253,1217,668,0,0,0,0,0,0,97351,0,0,20,0,0,0,0,0,0,0,2618,0,0,0,0,0,0
314,2072,315.1577791788241,99988,100,44,8,2,1849,988,0.02837340480857703,57,33,48610,49243,1224,677,0,0,0,0,0,0,97325,0,0,20,0,0,0,0,0,0,0,2643,0,0,0,0,0,0
315,2072,316.20117720887583,99988,105,43,8,2,1869,998,0.02867344081289755,58,33,48596,49237,1232,684,0,0,0,0,0,0,97299,0,0,20,0,0,0,0,0,0,0,2669,0,0,0,0,0,0
316,2072,317.24480170795647,99988,107,50,8,2,1886,1009,0.028953474416930032,61,33,48582,49228,1241,686,0,0,0,0,0,0,97281,0,0,21,0,0,0,0,0,0,0,2686,0,0,0,0,0,0
317,2072,318.2886473699038,99988,108,50,8,2,1904,1017,0.02921350562067448,66,31,48561,49226,1256,690,0,0,0,0,0,0,97256,0,0,21,0,0,0,0,0,0,0,2711,0,0,0,0,0,0
318,2072,319.3328523923293,99987,104,51,9,2,1918,1023,0.029413823797093622,64,30,48553,49223,1269,693,0,0,0,0,0,0,97234,0,0,22,0,0,0,0,0,0,0,2731,0,0,0,0,0,0
319,2072,320.02913184009805,99987,115,51,9,2,1933,1029,0.029623851100643084,52,27,48554,49221,1268,697,1,1,1,1,0,0,97222,0,0,22,0,0,0,0,0,0,2,2741,0,0,0,0,0,0
320,2072,321.0046004776254,99987,125,56,9,2,1952,1037,0.029893886205206676,53,24,48538,49216,1272,699,2,2,2,2,0,0,97208,0,0,22,0,0,0,0,0,0,4,2753,0,0,0,0,0,0
321,2072,322.1820582045237,99987,121,52,9,2,1970,1042,0.030123916109094182,58,27,48519,49210,1289,705,3,3,3,3,0,0,97175,0,0,22,0,0,0,0,0,0,6,2784,0,0,0,0,0,0
322,2072,323.00101728029426,99987,114,48,9,2,1977,1044,0.03021392781061538,65,27,48505,49207,1302,711,4,4,4,4,0,0,97153,0,0,22,0,0,0,0,0,0,8,2804,0,0,0,0,0,0
323,2072,324.10367339396237,99987,119,50,9,2,2001,1055,0.03056397331653115,68,28,48484,49198,1315,717,4,4,5,5,0,0,97124,0,0,22,0,0,0,0,0,0,9,2831,1,0,0,0,0,0
324,2072,325.22031841721696,99987,115,50,9,2,2017,1064,0.030814005820756697,65,29,48477,49191,1328,722,5,5,6,6,0,0,97093,0,0,22,0,0,0,0,0,0,11,2860,1,0,0,0,0,0
325,2072,326.0164196728418,99987,114,49,9,2,2026,1067,0.030934021422784962,67,32,48467,49185,1336,724,6,7,8,7,0,0,97076,0,0,22,0,0,0,0,0,0,14,2874,1,0,0,0,0,0
326,2072,327.044142775784,99987,122,49,9,2,2045,1079,0.031244061728024644,62,29,48455,49178,1344,732,7,9,10,8,0,0,97050,0,0,22,0,0,0,0,0,0,17,2897,1,0,0,0,0,0
327,2072,328.0628692469998,99987,124,54,9,2,2064,1086,0.031504095532419216,59,37,48442,49164,1357,731,8,11,12,9,0,0,97029,0,0,23,0,0,0,0,0,0,20,2914,1,0,0,0,0,0
328,2072,329.05210181553485,99987,118,59,9,2,2075,1096,0.031714122835968674,65,35,48431,49156,1367,733,9,14,15,10,0,0,97006,0,0,25,0,0,0,0,0,0,23,2931,2,0,0,0,0,0
329,2072,330.07535058094965,99987,123,60,9,2,2096,1106,0.03202416314120836,63,33,48412,49149,1382,738,10,17,18,11,0,0,96978,0,0,25,0,0,0,0,0,0,26,2955,3,0,0,0,0,0
330,2072,331.02341611081835,99987,114,60,9,2,2104,1113,0.032174182643743686,69,31,48402,49142,1394,743,11,21,22,12,0,0,96950,0,0,26,0,0,0,0,0,0,31,2977,3,0,0,0,0,0
331,2072,332.2723335105885,99986,113,62,10,2,2128,1124,0.03252455343748125,67,32,48385,49128,1412,749,12,26,27,13,0,0,96911,0,0,27,0,0,0,0,0,0,37,3008,3,0,0,0,0,0
332,2072,333.0491978788392,99986,97,60,10,2,2136,1128,0.032644570239833574,80,35,48371,49116,1428,755,13,31,32,14,0,0,96876,0,0,28,0,0,0,0,0,0,43,3036,3,0,0,0,0,0
333,2072,334.0145614760071,99986,109,58,10,2,2159,1137,0.032964615046106455,69,34,48368,49102,1429,766,14,37,38,15,0,0,96847,0,0,28,0,0,0,0,0,0,50,3058,3,0,0,0,0,0
334,2072,335.06115047625065,99986,105,59,10,2,2173,1144,0.03317464445022303,76,39,48351,49085,1442,770,15,44,45,16,0,0,96815,0,0,28,0,0,0,0,0,0,58,3082,3,0,0,0,0,0
335,2072,336.13516255896155,99986,102,56,10,2,2191,1149,0.03340467665473166,73,41,48339,49073,1459,775,16,52,53,17,0,0,96778,0,0,29,0,0,0,0,0,0,67,3109,3,0,0,0,0,0
336,2072,337.0314757950126,99986,97,58,10,2,2207,1155,0.033624707459044265,64,46,48336,49055,1475,777,17,61,62,18,0,0,96745,0,0,31,0,0,0,0,0,0,77,3130,3,0,0,0,0,0
337,2072,338.0720202017482,99986,100,58,10,2,2236,1164,0.03400476066649331,58,56,48319,49030,1494,782,18,71,72,19,0,0,96700,0,0,32,0,0,0,0,0,0,88,3163,3,0,0,0,0,0
338,2072,339.002056569555,99986,98,59,10,2,2242,1170,0.03412477746884564,66,56,48306,49015,1500,785,19,82,83,20,0,0,96675,0,0,32,0,0,0,0,0,0,100,3176,3,0,0,0,0,0
339,2072,340.0069942110488,99985,107,60,11,2,2264,1185,0.03449517427614142,63,48,48291,49000,1507,795,20,94,95,21,0,0,96635,0,0,32,0,0,0,0,0,0,113,3202,3,0,0,0,0,0
340,2072,341.12236481477987,99985,111,65,11,2,2285,1201,0.03486522978446767,61,42,48275,48982,1520,801,21,107,108,22,0,0,96594,0,0,32,0,0,0,0,0,0,126,3229,4,0,0,0,0,0
341,2072,342.24070435908015,99985,116,63,11,2,2311,1211,0.03522528379256889,49,44,48265,48964,1535,805,23,121,122,24,0,0,96545,0,0,32,0,0,0,0,0,0,142,3262,4,0,0,0,0,0
342,2072,343.29127632854204,99985,113,61,11,2,2322,1222,0.03544531679751963,56,45,48254,48938,1540,817,25,136,137,26,0,0,96502,0,0,32,0,0,0,0,0,0,158,3288,5,0,0,0,0,0
343,2072,344.3420237167998,99985,114,61,11,2,2342,1231,0.03573536030404561,59,41,48236,48924,1552,821,27,150,154,28,0,0,96456,0,0,32,0,0,0,0,0,0,176,3315,6,0,0,0,0,0
344,2072,345.0427229031145,99985,105,66,11,2,2347,1239,0.03586537980697105,64,39,48230,48900,1560,824,29,168,172,30,0,0,96420,0,0,32,0,0,0,0,0,0,195,3331,7,0,0,0,0,0
345,2072,346.0940181200696,99985,102,60,11,2,2363,1246,0.03609541431214682,60,40,48223,48875,1572,834,31,188,192,32,0,0,96367,0,0,32,0,0,0,0,0,0,216,3362,8,0,0,0,0,0
346,2072,347.14556953107217,99985,98,60,11,2,2378,1257,0.0363554533179977,62,42,48210,48847,1585,841,33,207,213,34,0,0,96316,0,0,34,0,0,0,0,0,0,239,3388,8,0,0,0,0,0
347,2072,348.1973894913313,99985,99,59,11,2,2392,1264,0.036565484822723406,63,39,48198,48825,1592,845,36,229,236,37,0,0,96270,0,0,34,0,0,0,0,0,0,264,3408,9,0,0,0,0,0
348,2072,349.2494926410683,99985,103,52,11,2,2409,1270,0.036795519327899186,60,37,48185,48799,1601,856,39,253,260,40,0,0,96219,0,0,35,0,0,0,0,0,0,290,3431,10,0,0,0,0,0
349,2072,350.30188662481703,99985,105,56,11,2,2426,1280,0.037065559833975095,63,40,48168,48767,1610,859,42,275,286,43,0,0,96170,0,0,35,0,0,0,0,0,0,318,3451,11,0,0,0,0,0
350,2072,351.00364669266827,99985,106,58,11,2,2437,1285,0.03722558383757563,59,40,48165,48735,1613,861,45,303,314,46,0,0,96127,0,0,35,0,0,0,0,0,0,348,3463,12,0,0,0,0,0
351,2072,352.05645281011743,99985,102,61,11,2,2449,1291,0.03740561084162625,68,38,48142,48706,1627,860,49,332,343,50,0,0,96076,0,0,36,0,0,0,0,0,0,381,3480,12,0,0,0,0,0
352,2072,353.10965764283503,99985,104,64,11,2,2468,1300,0.03768565284792719,68,42,48130,48665,1633,863,53,363,374,54,0,0,96019,0,0,37,0,0,0,0,0,0,416,3501,12,0,0,0,0,0
353,2072,354.16312450998333,99985,107,64,11,2,2486,1310,0.037965694854228134,72,37,48110,48632,1642,872,57,392,407,58,0,0,95958,0,0,37,0,0,0,0,0,0,452,3525,13,0,0,0,0,0
354,2072,355.21696743433967,99985,116,57,11,2,2508,1316,0.03824573686052908,63,41,48095,48594,1652,878,62,427,442,63,0,0,95894,0,0,37,0,0,0,0,0,0,490,3549,15,0,0,0,0,0
355,2072,356.2711356963507,99985,112,61,11,2,2519,1327,0.038465769865479824,70,40,48080,48556,1659,880,67,460,479,68,0,0,95832,0,0,38,0,0,0,0,0,0,531,3568,16,0,0,0,0,0
356,2072,357.32556313355656,99985,117,65,11,2,2538,1337,0.0387558133720058,67,41,48066,48519,1667,875,71,497,518,73,0,0,95774,0,0,40,0,0,0,0,0,0,571,3580,20,0,0,0,0,0
357,2072,358.02866793283755,99985,115,63,11,2,2548,1340,0.03888583287493124,73,43,48053,48477,1670,876,77,538,559,79,0,0,95711,0,0,40,0,0,0,0,0,0,617,3596,21,0,0,0,0,0
358,2072,359.0836128887809,99985,112,62,11,2,2565,1352,0.03917587638145722,70,39,48041,48433,1682,884,83,579,602,85,0,0,95631,0,0,41,0,0,0,0,0,0,665,3626,22,0,0,0,0,0
359,2072,360.13885219397815,99985,122,59,11,2,2590,1362,0.0395259288893334,66,38,48020,48386,1691,894,89,620,647,91,0,0,95552,0,0,41,0,0,0,0,0,0,716,3654,22,0,0,0,0,0
360,2072,361.19451582892435,99985,118,60,11,2,2599,1372,0.039715957393609044,75,38,48002,48332,1697,901,96,666,695,98,0,0,95477,0,0,41,0,0,0,0,0,0,769,3674,24,0,0,0,0,0
361,2072,362.250587164165,99985,116,62,11,2,2613,1383,0.039965994899234886,76,31,47985,48285,1709,907,102,712,745,105,0,0,95399,0,0,44,0,0,0,0,0,0,825,3692,25,0,0,0,0,0
362,2072,363.3070837618034,99985,124,60,11,2,2632,1394,0.0402660399059859,72,32,47968,48229,1715,915,109,761,797,113,0,0,95321,0,0,45,0,0,0,0,0,0,880,3709,30,0,0,0,0,0
363,2072,364.0115733198397,99985,125,59,11,2,2644,1401,0.04045606841026154,79,31,47947,48171,1720,921,117,815,852,121,0,0,95241,0,0,45,0,0,0,0,0,0,941,3726,32,0,0,0,0,0
364,2072,365.0687514049819,99985,116,57,11,2,2663,1410,0.040736110416562485,79,34,47928,48112,1740,927,125,867,909,130,0,0,95139,0,0,46,0,0,0,0,0,0,1005,3761,34,0,0,0,0,0
365,2072,366.1264610814272,99985,124,58,11,2,2684,1418,0.04102615392308846,72,31,47914,48056,1744,929,134,923,968,139,0,0,95053,0,0,47,0,0,0,0,0,0,1072,3778,35,0,0,0,0,0
366,2072,367.1844731618816,99984,120,57,12,2,2699,1428,0.04127660425668107,80,35,47888,47991,1755,932,144,982,1030,149,0,0,94953,0,0,47,0,0,0,0,0,0,1142,3805,37,0,0,0,0,0
367,2072,368.2429799668437,99983,124,57,12,3,2721,1438,0.041597071502155365,70,35,47874,47920,1765,941,154,1043,1094,160,0,0,94851,0,0,47,0,0,0,0,0,0,1216,3831,38,0,0,0,0,0
368,2072,369.3018725937561,99983,126,58,12,3,2742,1449,0.04191712591140494,67,30,47851,47856,1778,947,165,1105,1161,171,0,0,94745,0,0,48,0,0,0,0,0,0,1294,3858,38,0,0,0,0,0
369,2072,370.0080692752764,99983,124,55,12,3,2751,1453,0.04204714801516258,71,37,47835,47781,1781,950,176,1173,1231,183,0,0,94649,0,0,48,0,0,0,0,0,0,1372,3872,42,0,0,0,0,0
370,2072,371.06783802071845,99982,120,53,12,4,2766,1463,0.04229761357044268,76,42,47812,47700,1791,958,188,1242,1303,195,0,0,94536,0,0,49,0,0,0,0,0,0,1455,3899,43,0,0,0,0,0
371,2072,372.12807377209225,99982,116,56,12,4,2782,1473,0.0425576603788682,73,44,47792,47623,1807,962,199,1310,1378,208,0,0,94426,0,0,49,0,0,0,0,0,0,1538,3921,48,0,0,0,0,0
372,2072,373.1887666906036,99982,127,55,12,4,2806,1485,0.042917725190534294,65,40,47770,47553,1813,967,212,1380,1456,222,0,0,94311,0,0,49,0,0,0,0,0,0,1627,3944,51,0,0,0,0,0
373,2072,374.2499232754826,99982,132,66,12,4,2827,1501,0.043287791802524456,59,36,47751,47471,1821,966,224,1456,1536,236,0,0,94197,0,0,49,0,0,0,0,0,0,1720,3964,52,0,0,0,0,0
374,2072,375.3114883648299,99982,132,70,12,4,2845,1511,0.04356784221159809,63,37,47722,47392,1831,963,239,1533,1619,251,0,0,94080,0,0,50,0,0,0,0,0,0,1814,3982,56,0,0,0,0,0
375,2072,376.01951058289944,99982,141,67,12,4,2858,1515,0.04373787281710708,64,35,47698,47308,1829,968,255,1617,1705,267,0,0,93969,0,0,50,0,0,0,0,0,0,1914,3991,58,0,0,0,0,0
376,2072,377.0821264027675,99982,137,65,12,4,2875,1525,0.044007921425856654,67,39,47669,47214,1842,975,272,1702,1794,284,0,0,93839,0,0,50,1,0,0,0,0,0,2012,4015,65,0,0,0,0,0
377,2072,378.1453503923001,99982,128,65,12,4,2892,1535,0.04427797003460623,79,39,47630,47125,1860,981,290,1785,1885,302,0,0,93701,0,0,53,1,0,0,0,0,0,2117,4041,69,0,0,0,0,0
378,2072,379.2093774917276,99982,123,71,12,4,2904,1548,0.04452801504270769,87,34,47605,47037,1865,980,307,1873,1979,320,0,0,93573,0,0,55,1,0,0,0,0,0,2223,4055,75,0,0,0,0,0
379,2072,380.2739804336356,99982,127,69,12,4,2925,1557,0.044828069052429434,85,35,47577,46944,1873,985,325,1962,2076,339,0,0,93434,0,0,56,1,0,0,0,0,0,2335,4077,79,0,0,0,0,0
380,2072,381.33916992834895,99982,134,70,12,4,2950,1568,0.04518813386409554,78,31,47546,46850,1886,988,343,2056,2176,359,0,0,93293,0,0,57,1,0,0,0,0,0,2449,4097,85,0,0,0,0,0
381,2072,382.04970691722326,99982,140,68,12,4,2966,1573,0.04539817167090076,81,34,47513,46745,1889,991,364,2157,2279,380,0,0,93158,0,0,57,1,0,0,0,0,0,2567,4108,91,0,0,0,0,0
382,2072,383.11624497477465,99982,143,57,12,4,2991,1583,0.0457482346822428,74,35,47480,46636,1905,1012,385,2255,2385,402,0,0,92991,0,0,59,1,0,0,0,0,0,2693,4145,93,0,0,0,0,0
383,2072,384.18362525222904,99982,151,55,12,4,3018,1591,0.046098297693584846,72,39,47447,46527,1909,1021,408,2353,2494,425,0,0,92833,0,0,59,1,0,0,0,0,0,2822,4171,96,0,0,0,0,0
384,2072,385.2516240593453,99982,145,55,12,4,3037,1598,0.04635834450201036,81,40,47408,46426,1922,1018,431,2456,2606,449,0,0,92674,0,0,61,1,0,0,0,0,0,2951,4192,103,0,0,0,0,0
385,2072,386.32043610376127,99982,147,55,12,4,3061,1607,0.046688403912704284,82,36,47371,46326,1934,1021,453,2557,2721,474,0,0,92507,0,0,60,2,0,0,0,0,0,3087,4220,106,0,0,0,0,0
386,2072,387.0334662263106,99982,143,62,12,4,3074,1617,0.046918445320157626,79,32,47344,46214,1946,1018,475,2669,2839,500,0,0,92346,0,0,60,2,0,0,0,0,0,3228,4237,109,0,0,0,0,0
387,2072,388.10379874398313,99982,146,66,12,4,3095,1629,0.04724850473085156,77,33,47313,46100,1950,1017,501,2779,2960,527,0,0,92182,0,0,62,2,0,0,0,0,0,3368,4251,117,0,0,0,0,0
388,2072,389.17483844438345,99982,141,59,12,4,3116,1637,0.04753855694024924,74,33,47287,45979,1959,1029,526,2895,3084,555,0,0,91995,0,0,63,2,0,0,0,0,0,3515,4285,122,0,0,0,0,0
389,2072,390.24668328505714,99982,131,59,12,4,3130,1648,0.047788601948350704,87,29,47245,45857,1975,1036,549,3014,3211,584,0,0,91811,0,0,64,2,0,0,0,0,0,3665,4312,128,0,0,0,0,0
390,2072,391.3193883745406,99982,138,60,12,4,3156,1656,0.04812866315936869,86,33,47193,45727,1991,1040,579,3135,3341,614,0,0,91631,0,0,65,2,0,0,0,0,0,3820,4331,133,0,0,0,0,0
391,2072,392.035116253142,99982,134,60,12,4,3171,1661,0.04832869916584985,84,33,47156,45601,2003,1039,610,3262,3474,645,0,0,91449,0,0,65,2,0,0,0,0,0,3978,4349,139,0,0,0,0,0
392,2072,393.10973272851163,99982,136,68,12,4,3191,1675,0.048668760376867834,88,25,47108,45474,2013,1041,642,3387,3610,678,0,0,91264,0,0,65,2,0,0,0,0,0,4139,4365,147,0,0,0,0,0
393,2072,394.1854098819827,99981,138,66,13,4,3216,1683,0.04899930986887509,89,26,47061,45347,2028,1043,670,3513,3749,712,0,0,91065,0,0,67,2,0,0,0,0,0,4307,4388,152,0,0,0,0,0
394,2072,395.2621496539528,99981,141,61,13,4,3240,1688,0.04928936497934608,87,31,47018,45209,2039,1051,701,3643,3891,747,0,0,90863,0,0,69,2,0,0,0,0,0,4480,4411,156,0,0,0,0,0
395,2072,396.33983184507395,99980,138,53,14,4,3260,1694,0.0495499099819964,82,36,46980,45084,2049,1058,736,3764,4036,783,0,0,90660,0,0,70,2,0,0,0,0,0,4647,4431,170,0,0,0,0,0
396,2072,397.0588448802217,99980,142,54,14,4,3271,1699,0.04970994198839768,80,41,46946,44942,2048,1056,769,3902,4184,821,0,0,90473,0,0,70,2,0,0,0,0,0,4823,4432,180,0,0,0,0,0
397,2072,398.1383044535327,99980,151,59,14,4,3302,1712,0.0501500300060012,73,37,46897,44804,2060,1057,804,4038,4335,860,0,0,90261,0,0,70,3,0,0,0,0,0,5006,4454,186,0,0,0,0,0
398,2072,399.21882041248136,99980,128,63,14,4,3318,1724,0.05043008601720344,80,40,46854,44654,2087,1056,836,4182,4489,900,0,0,90030,0,0,73,3,0,0,0,0,0,5193,4488,193,0,0,0,0,0
399,2072,400.30044140051587,99980,135,68,14,4,3345,1734,0.0508001600320064,67,40,46811,44512,2098,1056,874,4319,4645,942,0,0,89813,0,0,75,3,0,0,0,0,0,5387,4505,197,0,0,0,0,0
400,2072,401.0221046264724,99980,137,70,14,4,3358,1743,0.05102020404080816,61,41,46767,44362,2105,1057,915,4465,4804,985,0,0,89601,0,0,75,3,0,0,0,0,0,5581,4515,205,0,0,0,0,0
401,2072,402.105787247249,99980,141,68,14,4,3376,1751,0.05128025605121024,64,41,46719,44218,2106,1060,955,4608,4966,1030,0,0,89378,0,0,75,3,0,0,0,0,0,5780,4531,213,0,0,0,0,0
402,2072,403.1905411673763,99980,141,62,14,4,3397,1761,0.05159031806361272,56,35,46672,44075,2116,1065,1000,4758,5131,1076,0,0,89139,0,0,77,3,0,0,0,0,0,5984,4557,220,0,0,0,0,0
403,2072,404.2765373978024,99980,134,65,14,4,3411,1772,0.05184036807361472,57,40,46621,43923,2129,1064,1044,4903,5299,1123,0,0,88907,0,0,77,3,0,0,0,0,0,6187,4574,232,0,0,0,0,0
404,2072,405.00120230490177,99980,129,65,14,4,3421,1779,0.05201040208041608,61,42,46573,43764,2130,1065,1092,5059,5470,1172,0,0,88678,0,0,77,3,0,0,0,0,0,6394,4583,245,0,0,0,0,0
405,2072,406.08954468816717,99980,136,65,14,4,3439,1793,0.05233046609321865,70,36,46518,43608,2124,1075,1137,5211,5644,1222,0,0,88441,0,0,78,3,0,0,0,0,0,6607,4595,256,0,0,0,0,0
406,2072,407.1790409844902,99980,141,65,14,4,3461,1803,0.05265053010602121,68,38,46462,43450,2130,1076,1184,5366,5820,1274,0,0,88202,0,0,76,5,0,0,0,0,0,6819,4608,270,0,0,0,0,0
407,2072,408.26978928678835,99980,134,66,14,4,3482,1815,0.052980596119223844,76,40,46393,43284,2147,1079,1235,5526,5999,1328,0,0,87950,0,0,76,6,0,0,0,0,0,7033,4627,288,0,0,0,0,0
408,2072,409.3620789601719,99980,140,75,14,4,3505,1831,0.05337067413482696,66,38,46340,43118,2157,1081,1282,5683,6181,1383,0,0,87698,0,0,76,6,0,0,0,0,0,7261,4642,297,0,0,0,0,0
409,2072,410.0909586658612,99980,133,72,14,4,3517,1840,0.053580716143228645,70,32,46282,42948,2163,1087,1337,5856,6365,1440,0,0,87434,0,0,76,6,0,0,0,0,0,7494,4665,305,0,0,0,0,0
410,2072,411.1859091566053,99979,132,75,15,4,3538,1852,0.053911321377489274,71,36,46225,42768,2169,1091,1387,6025,6552,1498,0,0,87169,0,0,76,6,0,0,0,0,0,7728,4684,316,0,0,0,0,0
411,2072,412.28222005301836,99979,137,72,15,4,3563,1862,0.054261394892927514,67,42,46161,42600,2178,1091,1441,6190,6741,1558,0,0,86902,0,0,77,6,0,0,0,0,0,7963,4701,330,0,0,0,0,0
412,2072,413.0139218349515,99979,134,73,15,4,3573,1869,0.05443143060042609,70,40,46092,42428,2187,1092,1501,6362,6933,1620,0,0,86634,0,0,77,6,0,0,0,0,0,8212,4715,335,0,0,0,0,0
413,2072,414.11334743832094,99979,135,75,15,4,3591,1879,0.05471148941277668,70,37,46022,42271,2196,1088,1561,6524,7127,1683,0,0,86369,0,0,78,7,0,0,0,0,0,8454,4722,349,0,0,0,0,0
414,2072,415.214416184524,99979,140,72,15,4,3612,1888,0.05501155242600946,67,41,45963,42094,2195,1091,1619,6697,7324,1748,0,0,86093,0,0,80,7,0,0,0,0,0,8704,4734,361,0,0,0,0,0
415,2072,416.3169134142306,99978,143,74,16,4,3631,1898,0.05530216647662486,70,41,45886,41924,2202,1090,1682,6866,7523,1815,0,0,85819,0,0,80,7,0,0,0,0,0,8954,4741,377,0,0,0,0,0
416,2072,417.05284689594197,99978,147,79,16,4,3646,1905,0.0555222148872752,73,39,45817,41741,2204,1087,1742,7049,7725,1884,0,0,85547,0,0,79,8,0,0,0,0,0,9213,4743,388,0,0,0,0,0
417,2072,418.15863779816965,99978,149,82,16,4,3665,1912,0.05578227209986197,76,39,45741,41570,2211,1081,1806,7223,7929,1954,0,0,85261,0,0,79,8,0,0,0,0,0,9478,4755,397,0,0,0,0,0
418,2072,419.2661285662935,99978,157,87,16,4,3692,1924,0.05617235791874212,75,35,45664,41394,2218,1083,1869,7396,8135,2026,0,0,84966,0,0,79,8,0,0,0,0,0,9747,4772,406,0,0,0,0,0
419,2072,420.0054479796412,99978,163,88,16,4,3709,1932,0.05642241293084479,111,67,45554,41184,2216,1081,1939,7575,8343,2100,0,0,84680,7,0,79,8,0,0,0,0,0,10015,4769,420,0,0,0,0,0
420,2072,421.2559358088889,99978,170,98,16,4,3740,1958,0.05699253835843886,114,57,45467,40999,2223,1087,2009,7754,8554,2176,0,0,84372,43,2,81,8,0,0,0,0,0,10285,4752,435,0,0,0,0,0
421,2072,422.09091738736316,99978,169,111,16,4,3767,1977,0.05745263958070775,104,54,45393,40799,2236,1086,2081,7945,8767,2253,0,0,84066,74,4,82,8,0,0,0,0,0,10558,4736,450,0,0,0,0,0
422,2072,423.3457848643258,99977,166,115,17,4,3796,1994,0.05791332006361463,109,62,45303,40610,2255,1088,2149,8120,8982,2332,0,0,83744,114,5,85,8,0,0,0,0,0,10838,4720,463,0,0,0,0,0
423,2072,424.18362667286954,99977,168,113,17,4,3822,2005,0.05828340518319213,112,63,45213,40417,2267,1094,2222,8308,9199,2413,0,0,83422,149,7,85,8,0,0,0,0,0,11123,4709,474,0,0,0,0,0
424,2072,425.02314556767357,99977,172,119,17,4,3847,2021,0.05869349950488612,123,62,45117,40226,2279,1096,2291,8492,9418,2496,0,0,83104,175,11,86,8,0,0,0,0,0,11411,4698,484,0,0,0,0,0
425,2072,426.2853592944189,99977,182,108,17,4,3889,2040,0.059303639837162546,125,66,45014,40036,2294,1114,2367,8671,9639,2581,0,0,82763,227,15,91,9,0,0,0,0,0,11696,4676,500,0,0,0,0,0
426,2072,427.1283830273606,99977,192,105,17,4,3921,2052,0.0597437410604439,127,69,44909,39845,2305,1115,2449,8861,9861,2668,0,0,82436,259,19,92,9,0,0,0,0,0,11987,4661,514,0,0,0,0,0
427,2072,428.39603126464016,99976,205,99,18,4,3962,2069,0.060324477874689926,132,78,44814,39644,2309,1128,2521,9046,10085,2757,0,0,82100,300,26,94,9,0,0,0,0,0,12274,4640,533,0,0,0,0,0
428,2072,429.2425714501118,99976,213,110,18,4,3999,2088,0.06088461230695367,121,81,44714,39435,2330,1128,2603,9241,10311,2848,0,0,81762,334,28,95,9,0,0,0,0,0,12576,4626,546,0,0,0,0,0
429,2072,430.0908857248105,99976,223,112,18,4,4039,2101,0.061414739537489,119,84,44605,39227,2348,1130,2686,9442,10538,2941,0,0,81418,366,33,99,9,0,0,0,0,0,12883,4614,554,0,0,0,0,0
430,2072,431.366829036673,99976,225,113,18,4,4074,2121,0.0619648715691766,136,104,44487,39020,2365,1136,2768,9622,10767,3035,0,0,81067,409,39,101,10,0,0,0,0,0,13185,4597,568,0,0,0,0,0
431,2072,432.2191395146738,99976,229,120,18,4,4101,2144,0.062464991597983514,148,94,44376,38820,2371,1144,2857,9817,10998,3131,0,0,80721,437,49,102,10,0,0,0,0,0,13493,4587,577,0,0,0,0,0
432,2072,433.0734307819863,99976,237,126,18,4,4132,2162,0.06295510922621429,165,95,44258,38608,2378,1147,2943,10019,11230,3229,0,0,80379,465,53,105,10,0,0,0,0,0,13803,4568,593,0,0,0,0,0
433,2072,434.3584632688074,99976,239,135,18,4,4187,2194,0.06382531807633832,155,86,44147,38389,2415,1164,3025,10221,11463,3329,0,0,80001,531,61,106,11,0,0,0,0,0,14107,4546,613,0,0,0,0,0
434,2072,435.21699233723064,99976,229,134,18,4,4220,2212,0.06433544050572138,151,87,44040,38183,2440,1170,3121,10421,11698,3431,0,0,79635,580,68,111,11,0,0,0,0,0,14416,4521,634,0,0,0,0,0
435,2072,436.07768268338293,99976,231,137,18,4,4249,2228,0.0647855485316476,162,99,43921,37976,2454,1167,3213,10616,11934,3535,0,0,79285,607,78,114,11,0,0,0,0,0,14729,4501,651,0,0,0,0,0
436,2072,437.3726782732361,99976,240,142,18,4,4293,2261,0.06555573337601024,172,93,43790,37793,2475,1174,3304,10793,12171,3641,0,0,78905,655,92,115,11,0,0,0,0,0,15047,4489,662,0,0,0,0,0
437,2072,438.23797999322346,99976,241,144,18,4,4328,2282,0.06611586780827398,183,93,43662,37590,2497,1176,3398,10992,12409,3749,0,0,78541,691,104,119,11,0,0,0,0,0,15362,4467,681,0,0,0,0,0
438,2072,439.10566391675246,99976,256,153,18,4,4369,2302,0.06672601424341842,180,91,43535,37372,2513,1179,3497,11200,12649,3859,0,0,78170,722,109,120,11,0,0,0,0,0,15697,4456,691,0,0,0,0,0
439,2072,440.4114106894922,99976,243,143,18,4,4421,2323,0.06745618948547652,190,98,43393,37163,2563,1198,3592,11393,12890,3971,0,0,77759,796,124,127,11,0,0,0,0,0,16019,4433,707,0,0,0,0,0
440,2072,441.28432430006353,99976,250,146,18,4,4465,2343,0.06809634312234937,205,100,43247,36935,2585,1209,3694,11605,13132,4085,0,0,77371,842,130,128,12,0,0,0,0,0,16355,4418,720,0,0,0,0,0
441,2072,442.1600035784065,99976,267,155,18,4,4507,2365,0.06873649675922221,191,104,43123,36723,2600,1207,3800,11806,13374,4201,0,0,77000,873,136,128,13,0,0,0,0,0,16689,4400,737,0,0,0,0,0
442,2072,443.03815598666193,99976,290,154,18,4,4555,2386,0.06942666239897576,177,104,42995,36510,2613,1217,3906,12010,13617,4319,0,0,76621,914,142,128,13,0,0,0,0,0,17021,4377,760,0,0,0,0,0
443,2072,444.35986711314126,99976,289,156,18,4,4612,2410,0.07023685684564296,186,117,42846,36294,2650,1226,4010,12202,13861,4439,0,0,76217,978,154,132,13,0,0,0,0,0,17349,4349,784,0,0,0,0,0
444,2072,445.24344632415705,99976,302,163,18,4,4657,2438,0.07096703208770105,197,121,42705,36065,2664,1237,4113,12409,14106,4561,0,0,75817,1021,164,132,13,0,0,0,0,0,17696,4339,794,0,0,0,0,0
445,2072,446.1296734645617,99976,314,173,18,4,4706,2466,0.0717372169320637,194,116,42561,35851,2686,1240,4226,12615,14351,4685,0,0,75431,1057,180,135,13,0,0,0,0,0,18030,4317,813,0,0,0,0,0
446,2072,447.0186950505644,99976,330,175,18,4,4754,2487,0.07242738257181723,190,115,42422,35628,2704,1247,4335,12830,14597,4811,0,0,75038,1094,192,137,13,0,0,0,0,0,18374,4299,829,0,0,0,0,0
447,2072,448.35718662346716,99975,328,184,19,4,4809,2532,0.07342835708927231,215,100,42265,35429,2734,1270,4438,13012,14844,4938,0,0,74609,1163,212,140,13,0,0,0,0,0,18713,4281,844,0,0,0,0,0
448,2072,449.25217777047203,99974,341,182,20,4,4853,2554,0.07408926320843419,231,113,42114,35198,2743,1281,4550,13221,15091,5067,0,0,74207,1207,222,140,13,0,0,0,0,0,19060,4262,863,0,0,0,0,0
449,2072,450.15002950399213,99974,365,194,20,4,4914,2583,0.07498949726929001,229,117,41955,34975,2769,1286,4661,13423,15338,5198,0,0,73800,1247,234,141,14,0,0,0,0,0,19415,4250,873,0,0,0,0,0
450,2072,451.05099060617016,99974,360,199,20,4,4957,2612,0.07570968451797468,244,116,41800,34755,2802,1294,4773,13631,15586,5331,0,0,73385,1302,248,141,16,0,0,0,0,0,19761,4228,893,0,0,0,0,0
451,2072,452.4080327423075,99974,347,212,20,4,5035,2658,0.07695000700182048,257,121,41638,34547,2865,1316,4872,13799,15834,5466,0,0,72922,1397,269,148,17,0,0,0,0,0,20108,4206,907,0,0,0,0,0
452,2072,453.315581087533,99974,384,213,20,4,5112,2686,0.07800028007281894,251,122,41467,34322,2883,1336,4994,14002,16082,5603,0,0,72514,1444,287,149,18,0,0,0,0,0,20451,4181,930,0,0,0,0,0
453,2072,454.22662568156153,99974,381,224,20,4,5166,2721,0.07889051153299859,262,115,41303,34112,2917,1345,5116,14199,16331,5742,0,0,72080,1509,300,151,19,0,0,0,0,0,20807,4160,948,0,0,0,0,0
454,2072,455.1411627467288,99974,392,218,20,4,5228,2741,0.079710724788445,264,126,41145,33903,2950,1357,5228,14391,16580,5882,0,0,71660,1557,320,156,21,0,0,0,0,0,21157,4138,965,0,0,0,0,0
455,2072,456.0590817346857,99974,408,213,20,4,5294,2763,0.08059095364794847,258,132,40985,33685,2984,1369,5344,14596,16829,6024,0,0,71220,1617,336,157,21,0,0,0,0,0,21521,4126,976,0,0,0,0,0
456,2072,457.4421842921212,99972,404,226,22,4,5381,2816,0.08199295802824791,264,126,40803,33498,3045,1382,5461,14763,17078,6168,0,0,70751,1706,368,161,23,0,0,0,0,0,21865,4107,991,0,0,0,0,0
457,2072,458.3676285405631,99971,429,239,23,4,5446,2853,0.08301407408148363,267,124,40640,33286,3063,1389,5577,14957,17327,6314,0,0,70330,1753,379,165,24,0,0,0,0,0,22227,4081,1012,0,0,0,0,0
458,2072,459.296417213704,99970,438,240,23,5,5508,2880,0.08390517155146544,265,123,40482,33068,3095,1405,5696,15158,17576,6461,0,0,69904,1803,400,169,26,0,0,0,0,0,22580,4057,1031,0,0,0,0,0
459,2072,460.2287344466608,99970,449,248,23,5,5568,2919,0.08489546864059218,290,122,40283,32859,3124,1417,5830,15348,17824,6610,0,0,69470,1855,424,172,27,0,0,0,0,0,22938,4039,1045,0,0,0,0,0
460,2072,461.16524720160226,99970,471,239,23,5,5647,2944,0.08593578073422027,298,132,40103,32644,3152,1440,5952,15539,18072,6761,0,0,69023,1918,448,175,28,0,0,0,0,0,23298,4021,1059,0,0,0,0,0
461,2072,462.10565548011084,99970,465,241,23,5,5705,2976,0.08683605081524458,299,139,39943,32446,3192,1463,6077,15705,18320,6913,0,0,68575,1985,472,173,33,0,0,0,0,0,23655,4004,1073,0,0,0,0,0
462,2072,463.0498590954024,99970,467,249,23,5,5775,3019,0.0879663899169751,301,130,39774,32251,3225,1473,6209,15891,18568,7067,0,0,68134,2049,503,181,33,0,0,0,0,0,24001,3971,1098,0,0,0,0,0
463,2072,464.4731970677964,99970,471,249,23,5,5877,3068,0.08947684305291588,307,129,39597,32077,3284,1500,6317,16039,18815,7223,0,0,67641,2156,530,190,35,0,0,0,0,0,24358,3945,1115,0,0,0,0,0
464,2072,465.42557356138127,99970,496,260,23,5,5964,3104,0.09070721216364909,296,139,39411,31853,3320,1506,6453,16236,19062,7380,0,0,67200,2208,557,193,38,0,0,0,0,0,24718,3927,1129,0,0,0,0,0
465,2072,466.3820714575993,99970,505,273,23,5,6029,3145,0.09176753025907772,331,141,39205,31643,3349,1525,6586,16412,19309,7539,0,0,66755,2261,583,197,39,0,0,0,0,0,25084,3909,1142,0,0,0,0,0
466,2072,467.3429959289628,99970,514,269,23,5,6106,3181,0.09289786936080824,324,143,39035,31422,3391,1552,6712,16608,19555,7699,0,0,66298,2332,609,202,41,0,0,0,0,0,25440,3884,1164,0,0,0,0,0
467,2072,468.3081263294162,99969,517,251,24,5,6178,3209,0.09389910872370434,335,158,38840,31210,3434,1585,6849,16790,19800,7861,0,0,65822,2416,637,202,43,0,0,0,0,0,25803,3869,1177,0,0,0,0,0
468,2072,469.27804252630966,99968,519,252,25,5,6256,3254,0.09513044174135724,339,145,38660,31026,3478,1610,6978,16961,20045,8024,0,0,65367,2483,676,208,46,0,0,0,0,0,26147,3842,1199,0,0,0,0,0
469,2072,470.25253150939466,99968,525,256,25,5,6328,3292,0.0962307938540333,355,139,38477,30818,3508,1624,7109,17157,20289,8189,0,0,64922,2553,703,209,48,0,0,0,0,0,26495,3807,1231,0,0,0,0,0
470,2072,471.23138212349755,99966,523,257,26,6,6411,3335,0.09749314767020788,350,141,38284,30627,3573,1647,7243,17321,20533,8355,0,0,64454,2632,738,216,49,0,0,0,0,0,26844,3777,1256,0,0,0,0,0
471,2072,472.2150020527141,99966,537,259,26,6,6492,3370,0.09865354220434948,362,153,38085,30423,3608,1662,7381,17496,20776,8522,0,0,64007,2689,772,223,50,0,0,0,0,0,27199,3750,1276,0,0,0,0,0
472,2072,473.2034977220172,99966,535,266,26,6,6577,3411,0.09991397075005502,377,152,37889,30229,3662,1677,7510,17669,21018,8691,0,0,63541,2765,808,230,50,0,0,0,0,0,27551,3722,1299,0,0,0,0,0
473,2072,474.1971158556557,99966,532,267,26,6,6657,3459,0.10119440609807334,372,147,37714,30018,3713,1713,7642,17848,21259,8861,0,0,63063,2846,845,238,52,0,0,0,0,0,27909,3700,1313,0,0,0,0,0
474,2072,475.1953067522302,99965,554,280,27,6,6748,3506,0.10257590156554794,377,154,37514,29808,3755,1731,7772,18020,21500,9032,0,0,62605,2910,875,240,57,0,0,0,0,0,28271,3679,1328,0,0,0,0,0
475,2072,476.19845546037635,99963,580,281,28,7,6842,3554,0.10399847943739184,376,150,37321,29629,3788,1755,7906,18177,21740,9205,0,0,62150,2972,916,243,61,0,0,0,0,0,28618,3655,1348,0,0,0,0,0
476,2072,477.2066400081919,99963,592,285,28,7,6939,3599,0.10541900503186179,382,142,37115,29442,3843,1770,8039,18353,21979,9379,0,0,61682,3043,956,250,66,0,0,0,0,0,28972,3632,1362,0,0,0,0,0
477,2072,478.22009835728727,99962,594,280,29,7,7040,3638,0.10682059182489347,370,139,36933,29262,3911,1792,8162,18519,22217,9554,0,0,61196,3128,998,261,67,0,0,0,0,0,29327,3608,1377,0,0,0,0,0
478,2072,479.23878822805233,99961,600,273,29,8,7144,3678,0.10826222226668401,357,159,36750,29053,3971,1825,8292,18681,22454,9730,0,0,60714,3212,1047,264,71,0,0,0,0,0,29672,3588,1393,0,0,0,0,0
479,2072,480.2625935064377,99960,606,275,30,8,7232,3714,0.10950380152060825,355,168,36564,28882,4020,1843,8424,18823,22690,9907,0,0,60241,3290,1077,270,71,0,0,0,0,0,30035,3563,1413,0,0,0,0,0
480,2072,481.29143814279445,99960,625,277,30,8,7334,3755,0.1109343737494998,356,184,36371,28692,4065,1865,8552,18973,22925,10085,0,0,59780,3353,1123,280,71,0,0,0,0,0,30384,3538,1431,0,0,0,0,0
481,2072,482.3253491574354,99960,613,279,30,8,7410,3800,0.11214485794317727,363,189,36174,28520,4121,1887,8698,19116,23159,10264,0,0,59301,3437,1165,284,72,0,0,0,0,0,30737,3516,1448,0,0,0,0,0
482,2072,483.364780673407,99960,629,286,30,8,7515,3846,0.11365546218487395,368,182,35978,28344,4171,1905,8823,19274,23392,10444,0,0,58835,3511,1212,288,73,0,0,0,0,0,31080,3491,1470,0,0,0,0,0
483,2072,484.40983061224205,99960,623,320,30,8,7607,3911,0.11522609043617447,363,161,35795,28164,4230,1917,8958,19429,23624,10625,0,0,58372,3573,1256,301,78,0,0,0,0,0,31432,3466,1482,0,0,0,0,0
484,2072,485.4602450890132,99960,647,314,30,8,7721,3960,0.11685674269707882,344,164,35611,27979,4274,1945,9093,19589,23854,10807,0,0,57908,3644,1315,309,81,0,0,0,0,0,31762,3439,1502,0,0,0,0,0
485,2072,486.51605467920024,99960,658,310,30,8,7821,4006,0.1183173269307723,351,167,35403,27811,4320,1977,9237,19726,24083,10990,0,0,57447,3719,1373,309,86,0,0,0,0,0,32089,3413,1524,0,0,0,0,0
486,2072,487.04544880069153,99960,671,312,30,8,7872,4029,0.11905762304921969,348,163,35218,27622,4330,1979,9402,19915,24311,11173,0,0,57035,3737,1405,311,89,0,0,0,0,0,32447,3394,1542,0,0,0,0,0
487,2072,488.1125963628757,99960,670,295,30,8,7975,4075,0.12054821928771509,361,164,34999,27465,4390,2016,9549,20051,24538,11357,0,0,56562,3821,1477,317,91,0,0,0,0,0,32761,3366,1565,0,0,0,0,0
488,2072,489.18634867059876,99956,650,295,34,8,8057,4123,0.12185361559085998,389,172,34807,27296,4450,2047,9669,20181,24764,11542,0,0,56078,3905,1531,320,92,0,0,0,0,0,33099,3348,1583,0,0,0,0,0
489,2072,490.26602608317984,99956,646,281,34,8,8157,4160,0.12322421865620874,373,171,34623,27156,4518,2071,9805,20312,24988,11727,0,0,55605,3996,1579,329,95,0,0,0,0,0,33429,3312,1611,0,0,0,0,0
490,2072,491.3517066257287,99955,638,276,35,8,8270,4195,0.12470611775298884,362,178,34440,27013,4595,2087,9929,20437,25211,11913,0,0,55140,4080,1639,334,102,0,0,0,0,0,33746,3278,1636,0,0,0,0,0
491,2072,492.4433578270632,99955,620,288,35,8,8370,4250,0.12625681556700516,386,178,34224,26864,4676,2099,10058,20562,25433,12100,0,0,54671,4157,1704,343,108,0,0,0,0,0,34069,3252,1651,0,0,0,0,0
492,2072,493.5416305036271,99955,639,277,35,8,8479,4285,0.12769746385873643,385,181,34019,26714,4728,2121,10193,20698,25653,12287,0,0,54216,4226,1762,345,112,0,0,0,0,0,34394,3229,1671,0,0,0,0,0
493,2072,494.0925452575252,99954,646,275,35,9,8532,4306,0.12843908197770976,380,194,33840,26531,4746,2127,10352,20863,25872,12475,0,0,53798,4252,1795,347,116,0,0,0,0,0,34749,3212,1685,0,0,0,0,0
494,2072,495.20321535199287,99954,672,283,35,9,8640,4355,0.13000980451007463,375,184,33641,26385,4791,2149,10485,20989,26090,12663,0,0,53350,4313,1842,348,125,0,0,0,0,0,35085,3191,1700,0,0,0,0,0
495,2072,496.3201235902531,99954,659,295,35,9,8730,4419,0.1315505132360886,400,166,33454,26244,4845,2174,10606,21111,26306,12852,0,0,52895,4378,1909,358,130,0,0,0,0,0,35400,3166,1718,0,0,0,0,0
496,2072,497.4432954974749,99954,676,291,35,9,8835,4461,0.13302118974728375,404,161,33254,26111,4882,2193,10748,21234,26521,13041,0,0,52474,4426,1983,359,139,0,0,0,0,0,35697,3134,1742,0,0,0,0,0
497,2072,498.0066550511531,99954,677,291,35,9,8890,4488,0.1338415671208756,413,157,33063,25946,4902,2201,10909,21395,26734,13230,0,0,52063,4453,2031,360,141,0,0,0,0,0,36030,3115,1761,0,0,0,0,0
498,2072,499.14255470531265,99954,665,285,35,9,8995,4533,0.13534225743842168,414,170,32871,25785,4976,2225,11038,21525,26946,13420,0,0,51601,4529,2102,368,147,0,0,0,0,0,36339,3090,1778,0,0,0,0,0
499,2072,500.28535435519626,99954,692,262,35,9,9119,4574,0.13699301678772235,392,171,32693,25658,5026,2274,11161,21625,27157,13610,0,0,51149,4604,2174,371,154,0,0,0,0,0,36640,3063,1799,0,0,0,0,0
500,2072,501.43464058513484,99952,701,273,36,10,9243,4625,0.13874659836721626,381,173,32499,25528,5100,2291,11282,21724,27366,13800,0,0,50675,4687,2219,380,161,0,0,0,0,0,36976,3043,1811,0,0,0,0,0
501,2072,502.0108709408732,99952,701,281,36,10,9293,4652,0.13951696814470946,393,159,32310,25390,5117,2282,11442,21877,27574,13990,0,0,50285,4696,2270,382,166,0,0,0,0,0,37304,3024,1825,0,0,0,0,0
502,2072,503.173230258969,99952,709,271,36,10,9408,4703,0.14117776532735712,360,161,32148,25267,5177,2325,11569,21965,27780,14180,0,0,49831,4777,2346,385,171,0,0,0,0,0,37598,2998,1846,0,0,0,0,0
503,2072,504.34205862344413,99952,698,281,36,10,9514,4754,0.14274851928925886,357,165,31990,25138,5242,2341,11676,22064,27985,14371,0,0,49392,4844,2411,399,175,0,0,0,0,0,37897,2960,1874,0,0,0,0,0
504,2072,505.516833427292,99952,685,269,36,10,9612,4791,0.14409916760044822,357,186,31807,25024,5304,2362,11810,22148,28188,14562,0,0,48957,4910,2490,406,178,0,0,0,0,0,38182,2928,1901,0,0,0,0,0
505,2072,506.10569643531824,99952,690,275,36,10,9670,4819,0.14495958059868738,352,187,31643,24868,5319,2364,11959,22295,28390,14753,0,0,48576,4919,2541,410,185,0,0,0,0,0,38499,2903,1919,0,0,0,0,0
506,2072,507.2934914675655,99951,677,276,37,10,9764,4873,0.14644175646066573,369,181,31466,24761,5365,2391,12085,22380,28590,14944,0,0,48134,4975,2622,420,190,0,0,0,0,0,38797,2887,1926,0,0,0,0,0
507,2072,508.4878807594357,99950,660,289,38,10,9863,4938,0.1480840420210105,385,168,31286,24654,5421,2413,12209,22465,28789,15135,0,0,47697,5033,2709,430,195,0,0,0,0,0,39082,2864,1940,0,0,0,0,0
508,2072,509.0866688213073,99949,653,292,39,10,9916,4964,0.14887592672262853,380,167,31107,24527,5447,2406,12373,22597,28986,15325,0,0,47314,5051,2766,426,203,0,0,0,0,0,39388,2844,1957,0,0,0,0,0
509,2072,510.29465858208096,99948,647,284,40,10,10029,5010,0.15046824348661303,371,162,30952,24441,5510,2429,12479,22673,29182,15515,0,0,46896,5107,2864,431,209,0,0,0,0,0,39644,2814,1983,0,0,0,0,0
510,2072,511.5094314716529,99947,658,299,41,10,10153,5073,0.15234074059251404,344,149,30804,24334,5569,2446,12583,22761,29376,15705,0,0,46460,5181,2929,436,218,0,0,0,0,0,39934,2785,2004,0,0,0,0,0
511,2072,512.1182797089823,99946,642,293,42,10,10200,5091,0.15299261601264683,358,158,30634,24198,5586,2448,12737,22892,29569,15895,0,0,46066,5201,2988,436,222,0,0,0,0,0,40245,2775,2013,0,0,0,0,0
512,2072,513.3455252738788,99946,644,284,42,10,10315,5133,0.1545634642707062,356,169,30473,24093,5639,2477,12845,22966,29760,16085,0,0,45649,5250,3073,445,230,1,0,0,0,0,40518,2752,2028,0,0,0,0,0
513,2072,514.5793031135148,99944,647,281,42,12,10430,5183,0.1562174817898023,371,188,30286,24000,5699,2499,12954,23019,29950,16274,0,0,45221,5310,3161,451,233,1,0,0,0,0,40791,2734,2042,0,0,0,0,0
514,2072,515.1981059246524,99943,647,287,43,12,10484,5208,0.15700949541238507,367,191,30116,23857,5710,2508,13116,23144,30138,16463,0,0,44846,5324,3210,452,238,1,0,0,0,0,41099,2716,2057,0,0,0,0,0
515,2072,516.4461521576994,99942,645,305,44,12,10601,5269,0.15879209941766223,349,175,29959,23783,5768,2523,13234,23201,30324,16652,0,0,44443,5365,3307,460,245,1,0,0,0,0,41355,2694,2072,0,0,0,0,0
516,2072,517.0720478768098,99941,655,300,44,13,10665,5284,0.15958415465124423,344,188,29797,23633,5775,2523,13384,23342,30509,16840,0,0,44073,5382,3351,461,251,1,0,0,0,0,41658,2673,2091,0,0,0,0,0
517,2072,518.3337274547739,99941,648,290,44,13,10774,5340,0.1612351287259483,331,200,29652,23539,5832,2562,13492,23395,30692,17028,0,0,43650,5453,3442,466,259,1,0,0,0,0,41912,2649,2109,0,0,0,0,0
518,2072,519.6020222326008,99941,630,301,44,13,10871,5406,0.16286609099368626,337,193,29508,23444,5886,2589,13594,23459,30874,17216,0,0,43255,5493,3546,471,269,2,0,0,0,0,42154,2629,2122,0,0,0,0,0
519,2072,520.237861670681,99941,635,304,44,13,10928,5432,0.16369658098277984,331,181,29359,23321,5881,2586,13749,23594,31054,17403,0,0,42906,5493,3609,473,275,2,0,0,0,0,42436,2609,2138,0,0,0,0,0
520,2072,521.5190030550232,99939,656,308,45,14,11047,5488,0.1654509250642892,318,169,29230,23233,5924,2615,13826,23660,31233,17590,0,0,42504,5544,3679,478,287,2,0,0,0,0,42705,2588,2152,0,0,0,0,0
521,2072,522.1606127325247,99939,648,309,45,14,11100,5513,0.16623140115470436,321,170,29083,23105,5935,2620,13967,23781,31410,17776,0,0,42148,5555,3744,480,292,2,0,0,0,0,42983,2568,2167,0,0,0,0,0
522,2072,523.4538763339589,99939,628,313,45,14,11202,5581,0.16793243878766048,323,155,28924,23059,6002,2648,14077,23810,31586,17962,0,0,41756,5596,3856,491,302,2,0,0,0,0,43210,2546,2180,0,0,0,0,0
523,2072,524.1020855866291,99939,617,305,45,14,11263,5608,0.16881297591530833,330,153,28763,22935,6035,2663,14209,23929,31760,18147,0,0,41378,5627,3912,499,305,2,0,0,0,0,43493,2525,2198,0,0,0,0,0
524,2072,525.4098247565843,99938,597,309,45,15,11360,5669,0.17039564530008605,342,141,28647,22850,6082,2693,14286,23991,31933,18331,0,0,40971,5696,3999,501,312,2,0,0,0,0,43737,2502,2218,0,0,0,0,0
525,2072,526.065264755358,99938,580,304,45,15,11407,5690,0.17107606716164023,337,151,28510,22735,6096,2690,14431,24104,32104,18515,0,0,40627,5700,4070,501,319,3,0,0,0,0,44001,2486,2231,0,0,0,0,0
526,2072,527.3855337275695,99937,546,295,46,15,11497,5737,0.17244864264486626,352,160,28390,22678,6150,2723,14515,24128,32274,18698,0,0,40230,5761,4166,504,330,3,0,0,0,0,44233,2464,2246,0,0,0,0,0
527,2072,528.0470458549255,99936,562,288,46,16,11559,5766,0.17336095100864554,335,148,28279,22583,6134,2735,14643,24229,32442,18880,0,0,39904,5756,4240,501,339,3,0,0,0,0,44484,2446,2263,0,0,0,0,0
528,2072,529.3792015230338,99936,578,285,46,16,11671,5811,0.17493195645212936,311,154,28156,22545,6176,2757,14732,24242,32609,19062,0,0,39543,5778,4331,511,348,3,0,0,0,0,44720,2426,2276,0,0,0,0,0
529,2072,530.04642049024,99935,572,282,47,16,11727,5830,0.17568419472657226,300,163,28026,22446,6197,2752,14857,24340,32774,19243,0,0,39202,5786,4392,513,355,3,0,0,0,0,44987,2410,2287,0,0,0,0,0
530,2072,531.3903425047821,99933,546,288,48,17,11815,5892,0.1771887164400148,300,146,27923,22405,6243,2771,14939,24372,32938,19423,0,0,38836,5822,4501,517,365,3,0,0,0,0,45197,2391,2301,0,0,0,0,0
531,2072,532.0634601548842,99933,540,294,48,17,11873,5918,0.17802927961734363,304,146,27788,22306,6255,2776,15064,24460,33100,19602,0,0,38515,5816,4579,518,372,3,0,0,0,0,45442,2376,2312,0,0,0,0,0
532,2072,533.4192602179451,99933,527,293,48,17,11971,5966,0.17949025847317704,299,154,27683,22247,6292,2788,15150,24500,33261,19781,0,0,38157,5853,4680,527,377,3,0,0,0,0,45654,2348,2334,0,0,0,0,0
533,2072,534.0984316417213,99933,513,286,48,17,12021,5989,0.18022074790109374,292,149,27557,22160,6310,2793,15279,24594,33420,19959,0,0,37829,5857,4753,529,386,3,0,0,0,0,45899,2333,2344,0,0,0,0,0
534,2072,535.4662238707128,99933,509,273,48,17,12121,6037,0.18170174016591117,264,138,27460,22108,6342,2822,15376,24641,33578,20136,0,0,37481,5889,4859,532,393,7,0,0,0,0,46100,2311,2361,0,0,0,0,0
535,2072,536.1513332961827,99933,513,287,48,17,12179,6072,0.18263236368366806,246,128,27321,22010,6359,2828,15512,24729,33734,20312,0,0,37155,5896,4917,534,398,7,0,0,0,0,46358,2296,2372,0,0,0,0,0
536,2072,537.5314404058348,99932,488,287,49,17,12259,6122,0.18393507585157906,252,126,27236,21966,6379,2846,15595,24757,33889,20487,0,0,36812,5928,5020,537,407,7,0,0,0,0,46559,2272,2390,0,0,0,0,0
537,2072,538.222739264909,99932,488,268,49,17,12306,6132,0.18450546371532642,249,131,27097,21879,6396,2858,15720,24846,34042,20661,0,0,36483,5938,5073,541,411,7,0,0,0,0,46821,2259,2399,0,0,0,0,0
538,2072,539.6146815699868,99932,498,269,49,17,12395,6187,0.1859464435816355,248,113,27010,21853,6397,2885,15797,24862,34194,20834,0,0,36150,5968,5155,544,420,8,0,0,0,0,47035,2234,2418,0,0,0,0,0
539,2072,540.3118414221424,99931,490,261,49,18,12439,6208,0.18659875313966637,244,112,26905,21771,6394,2897,15917,24940,34344,21006,0,0,35836,5979,5213,545,425,9,0,0,0,0,47275,2215,2434,0,0,0,0,0
540,2072,541.0118621658551,99931,480,246,49,18,12479,6227,0.18718916052075932,250,114,26778,21682,6393,2912,16049,25027,34493,21177,0,0,35535,5975,5286,543,436,9,0,0,0,0,47501,2202,2444,0,0,0,0,0
541,2072,542.4210394701498,99930,479,236,49,19,12577,6274,0.18864204943460422,236,109,26685,21668,6425,2938,16125,25029,34640,21347,0,0,35211,5991,5391,550,448,9,0,0,0,0,47689,2185,2456,0,0,0,0,0
542,2072,543.1267394699039,99930,479,233,49,19,12619,6289,0.18921244871409987,239,101,26574,21588,6412,2937,16246,25121,34786,21516,0,0,34926,5979,5451,549,456,10,0,0,0,0,47922,2169,2468,0,0,0,0,0
543,2072,544.5475517649563,99928,447,224,50,20,12699,6328,0.19040709310703707,235,109,26482,21608,6461,2948,16324,25090,34931,21684,0,0,34600,6005,5551,553,469,12,0,0,0,0,48109,2152,2477,0,0,0,0,0
544,2072,545.2589150070027,99927,453,229,51,20,12743,6347,0.1910394588049276,223,103,26385,21547,6445,2936,16442,25164,35074,21851,0,0,34338,5976,5616,549,481,12,0,0,0,0,48328,2135,2492,0,0,0,0,0
545,2072,546.6908604524048,99927,431,221,51,20,12821,6383,0.1921802916128774,207,101,26310,21549,6474,2944,16526,25164,35216,22017,0,0,34030,5985,5711,560,492,14,0,0,0,0,48519,2114,2502,0,0,0,0,0
546,2072,547.4076340847399,99927,416,207,51,20,12854,6402,0.19270067149018782,222,101,26214,21482,6467,2948,16629,25241,35356,22182,0,0,33748,5976,5779,561,500,16,0,0,0,0,48733,2099,2515,0,0,0,0,0
547,2072,548.1272975310025,99926,402,198,52,20,12889,6424,0.19327302203630686,224,91,26108,21417,6471,2964,16742,25309,35495,22346,0,0,33446,5983,5845,558,505,17,0,0,0,0,48959,2094,2519,0,0,0,0,0
548,2072,549.5751366630066,99925,409,191,53,20,12974,6457,0.19445584188141105,208,82,26037,21443,6482,2977,16810,25286,35633,22509,0,0,33148,5997,5939,558,512,17,0,0,0,0,49146,2076,2532,0,0,0,0,0
549,2072,550.2993657538115,99925,401,190,53,20,13012,6472,0.1949862396797598,196,84,25958,21366,6471,2974,16920,25365,35769,22671,0,0,32895,5966,6018,561,517,17,0,0,0,0,49346,2058,2547,0,0,0,0,0
550,2072,551.026906643182,99925,380,185,53,20,13040,6491,0.19545659244433325,201,82,25890,21311,6466,2977,17009,25424,35904,22832,0,0,32629,5947,6096,566,522,17,0,0,0,0,49549,2042,2557,0,0,0,0,0
551,2072,552.4887937004286,99923,381,175,54,21,13109,6523,0.19647128288782362,200,73,25820,21331,6482,3002,17062,25397,36038,22992,0,0,32327,5964,6164,575,527,17,0,0,0,0,49756,2024,2569,0,0,0,0,0
552,2072,553.2201048275978,99923,385,178,54,21,13150,6539,0.19704172212603704,184,71,25739,21271,6468,2996,17169,25462,36170,23151,0,0,32072,5945,6214,577,534,19,0,0,0,0,49973,2006,2583,0,0,0,0,0
553,2072,554.6905282048251,99923,376,178,54,21,13216,6569,0.19800246189565965,182,72,25680,21277,6475,2995,17232,25456,36301,23309,0,0,31793,5942,6298,580,544,19,0,0,0,0,50163,1993,2591,0,0,0,0,0
554,2072,555.4262432837575,99923,353,170,54,21,13245,6579,0.19839276242706885,184,79,25583,21216,6487,2995,17338,25518,36431,23465,0,0,31530,5935,6358,580,554,19,0,0,0,0,50367,1976,2604,0,0,0,0,0
555,2072,556.1644251317804,99923,352,158,54,21,13280,6589,0.19884310919407944,181,83,25492,21165,6482,2995,17438,25577,36559,23620,0,0,31266,5926,6410,582,560,20,0,0,0,0,50584,1963,2612,0,0,0,0,0
556,2072,557.6494789574272,99922,330,165,55,21,13338,6627,0.19980584856187827,174,69,25473,21187,6489,3000,17478,25557,36686,23774,0,0,30990,5935,6490,582,573,20,0,0,0,0,50762,1948,2622,0,0,0,0,0
557,2072,558.3918658306636,99922,342,159,55,21,13375,6642,0.20032625447849323,172,74,25383,21142,6477,3003,17570,25600,36812,23927,0,0,30737,5919,6547,579,579,20,0,0,0,0,50972,1941,2628,0,0,0,0,0
558,2072,559.1365345790226,99922,334,156,55,21,13403,6655,0.20073657452813196,177,72,25295,21090,6476,2998,17662,25662,36937,24079,0,0,30483,5909,6595,578,586,21,0,0,0,0,51182,1929,2639,0,0,0,0,0
559,2072,560.6336672191885,99921,322,154,56,21,13470,6684,0.20169934248055965,161,64,25274,21103,6485,2996,17701,25661,37060,24230,0,0,30222,5908,6672,582,602,21,0,0,0,0,51353,1912,2649,0,0,0,0,0
560,2072,561.3821848161557,99921,314,151,56,21,13503,6696,0.20214969826162668,154,63,25208,21063,6470,2995,17797,25706,37182,24380,0,0,29982,5889,6734,584,609,21,0,0,0,0,51546,1897,2659,0,0,0,0,0
561,2072,562.1329321280737,99921,312,141,56,21,13524,6704,0.20243992754275877,161,62,25139,21032,6446,2993,17885,25750,37303,24528,0,0,29739,5874,6785,583,612,21,0,0,0,0,51751,1886,2670,0,0,0,0,0
562,2072,563.6407046246659,99921,326,135,56,21,13595,6728,0.20339067863612253,139,62,25128,21049,6441,3000,17909,25732,37423,24675,0,0,29478,5874,6864,581,619,21,0,0,0,0,51931,1881,2672,0,0,0,0,0
563,2072,564.3941076228421,99921,314,133,56,21,13624,6741,0.20381101069845178,126,58,25062,21012,6434,2990,18007,25785,37541,24821,0,0,29249,5855,6926,581,627,21,0,0,0,0,52112,1865,2685,0,0,0,0,0
564,2072,565.1494291580243,99921,303,124,56,21,13638,6755,0.20409123207333793,142,50,24986,20962,6420,2992,18092,25850,37658,24966,0,0,29016,5845,6977,581,632,21,0,0,0,0,52302,1846,2701,0,0,0,0,0
565,2072,566.6668238681352,99921,298,117,56,21,13693,6776,0.20485183294802894,127,46,24976,20993,6404,2992,18138,25830,37774,25110,0,0,28776,5837,7055,583,639,21,0,0,0,0,52463,1832,2715,0,0,0,0,0
566,2072,567.4253385239887,99921,291,108,56,21,13715,6785,0.2051620780416529,129,41,24919,20962,6382,2987,18222,25880,37889,25253,0,0,28562,5817,7120,577,646,21,0,0,0,0,52631,1814,2733,0,0,0,0,0
567,2072,568.1857000941523,99921,279,107,56,21,13736,6798,0.20550234685401467,121,38,24839,20934,6385,2983,18319,25916,38003,25394,0,0,28336,5799,7173,576,654,21,0,0,0,0,52817,1804,2741,0,0,0,0,0
568,2072,569.7127259734436,99921,274,104,56,21,13778,6816,0.20610282122877072,111,39,24854,20974,6363,2975,18341,25886,38115,25534,0,0,28116,5781,7238,578,664,21,0,0,0,0,52982,1787,2754,0,0,0,0,0
569,2072,570.4756362198298,99921,271,100,56,21,13799,6823,0.2063830426036569,108,48,24815,20944,6342,2970,18407,25916,38226,25673,0,0,27903,5754,7290,579,668,21,0,0,0,0,53166,1776,2764,0,0,0,0,0
570,2072,571.2401216537002,99921,258,99,56,21,13820,6828,0.20664324816605117,105,48,24760,20917,6332,2959,18488,25955,38336,25811,0,0,27680,5745,7333,580,671,21,0,0,0,0,53353,1759,2779,0,0,0,0,0
571,2072,572.0058471226059,99921,261,97,56,21,13848,6838,0.2070235486033967,100,54,24688,20894,6316,2953,18578,25980,38445,25948,0,0,27462,5732,7383,577,674,21,0,0,0,0,53534,1747,2791,0,0,0,0,0
572,2072,573.543216096444,99921,232,102,56,21,13884,6863,0.20763403088439866,105,43,24654,20936,6340,2946,18612,25951,38553,26083,0,0,27228,5734,7439,576,688,21,0,0,0,0,53698,1735,2802,0,0,0,0,0
573,2072,574.3117035959169,99921,221,100,56,21,13898,6873,0.2078742206343011,102,43,24606,20912,6319,2942,18695,25981,38660,26217,0,0,27025,5708,7498,573,693,21,0,0,0,0,53867,1725,2811,0,0,0,0,0
574,2072,575.0827890609997,99921,220,102,56,21,13925,6884,0.2082545210716466,101,42,24543,20889,6307,2930,18772,26015,38766,26350,0,0,26822,5687,7548,571,699,21,0,0,0,0,54038,1711,2824,0,0,0,0,0
575,2072,576.630214028919,99921,208,98,56,21,13961,6902,0.20879494800892706,94,36,24520,20975,6310,2906,18811,25963,38871,26482,0,0,26601,5682,7610,572,706,21,0,0,0,0,54197,1699,2833,0,0,0,0,0
576,2072,577.4036334142812,99921,205,91,56,21,13986,6904,0.2090651614775673,82,45,24483,20953,6287,2904,18886,25985,38975,26613,0,0,26405,5651,7661,575,711,22,0,0,0,0,54366,1688,2842,0,0,0,0,0
577,2072,578.1792545215739,99921,192,84,56,21,14002,6911,0.20929534332122376,81,51,24442,20925,6278,2896,18950,26022,39077,26743,0,0,26196,5629,7710,580,715,23,0,0,0,0,54543,1682,2843,0,0,0,0,0
578,2072,579.734507163384,99921,197,84,56,21,14042,6928,0.20986579397724203,75,49,24443,20971,6256,2892,18972,25982,39178,26871,0,0,25991,5613,7765,581,721,24,0,0,0,0,54705,1673,2848,0,0,0,0,0
579,2072,580.5110489996439,99921,192,91,56,21,14057,6943,0.21016603116462004,78,42,24409,20975,6224,2876,19040,25994,39278,26998,0,0,25818,5579,7824,575,729,24,0,0,0,0,54852,1659,2861,0,0,0,0,0
580,2072,581.289365953561,99921,175,92,56,21,14069,6952,0.21037619719578468,77,38,24370,20956,6198,2869,19123,26023,39377,27124,0,0,25632,5552,7877,572,736,25,0,0,0,0,55008,1649,2870,0,0,0,0,0
581,2072,582.0687803318207,99921,176,88,56,21,14085,6960,0.2106163869456871,76,36,24335,20916,6166,2870,19190,26068,39475,27249,0,0,25453,5520,7928,570,742,25,0,0,0,0,55164,1639,2880,0,0,0,0,0
582,2072,583.6315723886304,99921,164,79,56,21,14118,6976,0.21110677435173789,71,36,24343,20973,6161,2858,19204,26032,39572,27373,0,0,25257,5502,7997,578,747,25,0,0,0,0,55303,1624,2888,0,0,0,0,0
583,2072,584.41176232631,99921,158,77,56,21,14129,6981,0.21126690085167282,76,41,24305,20958,6139,2846,19265,26056,39668,27496,0,0,25069,5477,8041,577,751,25,0,0,0,0,55470,1619,2892,0,0,0,0,0
584,2072,585.1936480326203,99921,155,74,56,21,14142,6989,0.21147706688283743,77,39,24278,20950,6109,2843,19324,26072,39763,27617,0,0,24882,5461,8079,572,759,25,0,0,0,0,55633,1611,2899,0,0,0,0,0
585,2072,586.7607922631141,99921,155,74,56,21,14176,7004,0.21196745428888822,62,42,24296,21006,6080,2829,19350,26027,39857,27737,0,0,24696,5447,8133,569,767,25,0,0,0,0,55775,1600,2909,0,0,0,0,0
586,2072,587.5431658033294,99921,160,77,56,21,14189,7015,0.21220764403879064,61,39,24254,20981,6046,2815,19422,26066,39950,27856,0,0,24519,5423,8171,566,771,25,0,0,0,0,55937,1592,2917,0,0,0,0,0
587,2072,588.3267092102781,99921,146,73,56,21,14200,7017,0.2123377468199878,62,43,24216,20990,6028,2805,19491,26067,40042,27974,0,0,24328,5407,8208,568,773,26,0,0,0,0,56102,1588,2921,0,0,0,0,0
588,2072,589.1115733054269,99921,143,78,56,21,14209,7029,0.2125479128511524,64,39,24191,20973,5997,2797,19548,26091,40133,28091,0,0,24161,5381,8247,569,775,26,0,0,0,0,56253,1572,2937,0,0,0,0,0
589,2072,590.6848153243769,99921,133,78,56,21,14231,7046,0.21293822119474384,58,31,24244,21035,5963,2786,19545,26048,40223,28207,0,0,23985,5365,8305,568,779,27,0,0,0,0,56385,1559,2948,0,0,0,0,0
590,2072,591.4698928435162,99921,129,82,56,21,14239,7052,0.21307833188218692,61,32,24221,21020,5927,2767,19605,26077,40313,28322,0,0,23821,5336,8342,565,785,27,0,0,0,0,56539,1549,2957,0,0,0,0,0
591,2072,592.2553500021587,99921,125,76,56,21,14253,7054,0.21323845838212188,60,33,24183,21008,5912,2760,19663,26101,40402,28435,0,0,23654,5309,8385,564,792,27,0,0,0,0,56686,1542,2962,0,0,0,0,0
592,2072,593.0415465942338,99921,124,71,56,21,14265,7057,0.2133885769758109,57,31,24157,20999,5883,2748,19722,26129,40490,28547,0,0,23492,5286,8424,563,796,27,0,0,0,0,56830,1528,2975,0,0,0,0,0
593,2072,594.6174477751084,99921,126,70,56,21,14290,7069,0.21375886950691045,50,31,24195,21081,5845,2745,19727,26051,40577,28658,0,0,23325,5268,8472,562,801,27,0,0,0,0,56965,1516,2985,0,0,0,0,0
594,2072,595.4039133588914,99921,124,76,56,21,14299,7078,0.21393901181933728,54,25,24138,21065,5831,2735,19796,26077,40663,28768,0,0,23153,5256,8497,560,804,27,0,0,0,0,57124,1506,2994,0,0,0,0,0
595,2072,596.1911130612309,99921,121,71,56,21,14312,7083,0.2141191541317641,49,27,24117,21047,5812,2729,19844,26104,40748,28877,0,0,22988,5237,8542,558,806,27,0,0,0,0,57263,1498,3002,0,0,0,0,0
596,2072,597.7699626662916,99921,117,62,56,21,14341,7092,0.2144994545691096,39,21,24159,21114,5789,2720,19839,26061,40832,28985,0,0,22827,5212,8604,559,814,27,0,0,0,0,57382,1491,3005,0,0,0,0,0
597,2072,598.5578289700657,99921,113,58,56,21,14350,7096,0.21462955735030675,37,27,24126,21104,5762,2718,19905,26071,40915,29092,0,0,22684,5180,8653,557,820,27,0,0,0,0,57508,1478,3014,0,0,0,0,0
598,2072,599.346423127812,99921,102,59,56,21,14357,7101,0.21474965222525796,37,28,24097,21111,5743,2704,19964,26076,40997,29198,0,0,22532,5157,8696,555,823,27,0,0,0,0,57639,1467,3025,0,0,0,0,0
599,2072,600.1361449263964,99920,94,57,56,22,14359,7106,0.21482185748598878,45,27,24066,21117,5718,2695,20020,26081,41078,29303,0,0,22379,5139,8725,550,831,27,0,0,0,0,57779,1456,3034,0,0,0,0,0
600,2072,601.7186988005222,99920,97,61,56,22,14373,7121,0.2151120896717374,40,23,24119,21173,5681,2690,20006,26030,41159,29407,0,0,22226,5120,8761,550,834,27,0,0,0,0,57913,1444,3045,0,0,0,0,0
601,2072,602.508211824062,99920,101,56,56,22,14380,7126,0.21523218574859887,42,20,24086,21170,5657,2687,20057,26044,41239,29510,0,0,22069,5103,8782,548,841,27,0,0,0,0,58062,1437,3051,0,0,0,0,0
602,2072,603.2982686401475,99920,101,57,56,22,14381,7127,0.21525220176140913,43,21,24011,21103,5638,2678,20150,26118,41318,29612,0,0,21922,5075,8811,548,841,27,0,0,0,0,58208,1431,3057,0,0,0,0,0
603,2072,604.1554079684039,99920,93,51,56,22,14397,7134,0.21548238590872698,45,22,24057,21192,5609,2672,20139,26040,41396,29713,0,0,21767,5060,8853,548,844,29,0,0,0,0,58332,1423,3064,0,0,0,0,0
604,2072,605.7389662651709,99920,81,38,56,22,14409,7139,0.2156525220176141,45,23,24084,21259,5593,2668,20140,25989,41473,29813,0,0,21626,5040,8908,545,851,29,0,0,0,0,58435,1410,3076,0,0,0,0,0
605,2072,606.4551848321307,99920,78,41,56,22,14420,7146,0.21583266613290633,38,22,24060,21255,5580,2661,20187,25998,41550,29912,0,0,21479,5019,8942,543,856,29,0,0,0,0,58567,1404,3081,0,0,0,0,0
606,2072,607.2465848258992,99919,78,35,56,23,14428,7149,0.215944915381459,31,21,24068,21268,5547,2655,20219,25997,41626,30009,0,0,21343,4987,8990,542,857,29,0,0,0,0,58686,1399,3086,0,0,0,0,0
607,2072,608.0388428533671,99919,72,35,56,23,14434,7155,0.2160650126602548,26,15,24059,21278,5524,2643,20262,26005,41701,30105,0,0,21209,4960,9030,543,860,29,0,0,0,0,58806,1388,3094,0,0,0,0,0
608,2072,609.3062619094143,99919,69,30,56,23,14438,7159,0.21614507751278536,26,15,24068,21313,5498,2630,20282,25988,41775,30200,0,0,21078,4936,9063,541,867,29,0,0,0,0,58926,1376,3103,0,0,0,0,0
609,2072,610.0990720506741,99919,68,29,56,23,14439,7162,0.21618510993905063,27,13,24023,21284,5474,2626,20351,26024,41848,30294,0,0,20952,4907,9096,538,870,30,0,0,0,0,59047,1368,3111,0,0,0,0,0
610,2072,611.1878240560338,99919,66,26,56,23,14445,7166,0.21628519100471383,24,11,24036,21321,5453,2615,20364,26003,41921,30388,0,0,20823,4878,9136,534,876,30,0,0,0,0,59164,1362,3116,0,0,0,0,0
611,2072,612.2742698271485,99919,60,23,56,23,14455,7170,0.21642530449664227,24,10,24090,21443,5422,2599,20347,25901,41993,30481,0,0,20689,4856,9168,533,884,30,0,0,0,0,59282,1354,3123,0,0,0,0,0
612,2072,613.0651531692436,99919,57,19,56,23,14460,7170,0.21647534502947388,22,11,24086,21443,5403,2586,20375,25917,42064,30573,0,0,20554,4836,9197,531,888,30,0,0,0,0,59407,1348,3128,0,0,0,0,0
613,2072,614.0464320325033,99919,58,22,56,23,14462,7173,0.21652538556230547,20,8,24024,21389,5385,2579,20456,25978,42134,30664,0,0,20434,4810,9224,524,895,30,0,0,0,0,59526,1340,3136,0,0,0,0,0
614,2072,615.1517341424642,99918,53,18,57,23,14470,7174,0.21661762645369204,16,8,24082,21451,5343,2562,20448,25937,42204,30754,0,0,20313,4778,9272,523,896,31,0,0,0,0,59630,1334,3141,0,0,0,0,0
615,2072,616.0104172216577,99918,52,18,57,23,14474,7175,0.21666766748733962,15,8,24081,21453,5316,2548,20478,25949,42273,30843,0,0,20196,4748,9308,520,899,31,0,0,0,0,59741,1326,3149,0,0,0,0,0
616,2072,617.0740138193678,99918,52,16,57,23,14477,7175,0.21669769210752818,14,8,24108,21490,5289,2533,20479,25929,42341,30931,0,0,20069,4724,9335,519,901,31,0,0,0,0,59864,1322,3153,0,0,0,0,0
617,2072,618.0003746433547,99918,54,17,57,23,14483,7178,0.21678776596809385,12,5,24106,21509,5271,2523,20499,25922,42409,31018,0,0,19942,4707,9358,518,902,31,0,0,0,0,59985,1312,3163,0,0,0,0,0
618,2072,619.0223227961671,99918,51,14,57,23,14487,7179,0.21683780700174143,10,5,24108,21556,5258,2515,20515,25886,42476,31104,0,0,19811,4688,9382,519,904,31,0,0,0,0,60108,1308,3167,0,0,0,0,0
619,2072,620.045127294194,99918,46,13,57,23,14489,7179,0.21685782341520046,11,8,24140,21592,5221,2507,20524,25856,42542,31189,0,0,19691,4668,9410,514,909,31,0,0,0,0,60220,1302,3173,0,0,0,0,0
620,2072,621.2764196320021,99918,32,14,57,23,14492,7181,0.21690786444884805,14,9,24192,21675,5193,2490,20511,25788,42608,31273,0,0,19568,4647,9440,514,914,31,0,0,0,0,60330,1296,3178,0,0,0,0,0
621,2072,622.1752154119288,99918,32,14,57,23,14495,7183,0.21695790548249563,17,7,24179,21702,5163,2476,20551,25777,42673,31356,0,0,19449,4626,9466,512,916,31,0,0,0,0,60444,1290,3184,0,0,0,0,0
622,2072,623.1248506702104,99918,33,14,57,23,14499,7185,0.21701795472287275,14,8,24182,21726,5139,2467,20574,25761,42737,31438,0,0,19334,4608,9489,508,919,32,0,0,0,0,60554,1282,3192,0,0,0,0,0
623,2072,624.002549940282,99918,32,11,57,23,14502,7186,0.21705798754979083,12,7,24193,21747,5107,2458,20598,25753,42801,31519,0,0,19226,4583,9520,503,924,33,0,0,0,0,60655,1276,3198,0,0,0,0,0
624,2072,625.023760583708,99918,34,11,57,23,14509,7187,0.21713805320362697,8,9,24230,21784,5081,2447,20589,25725,42864,31600,0,0,19107,4565,9544,500,927,33,0,0,0,0,60768,1272,3202,0,0,0,0,0
625,2072,626.021608811321,99918,35,14,57,23,14512,7190,0.2171981024440041,6,6,24239,21822,5051,2437,20611,25697,42926,31680,0,0,18996,4544,9567,499,928,33,0,0,0,0,60877,1263,3211,0,0,0,0,0
626,2072,627.0021191589113,99918,32,11,57,23,14512,7192,0.21721811885746312,11,7,24260,21840,5018,2431,20621,25687,42988,31759,0,0,18889,4515,9603,496,932,33,0,0,0,0,60977,1261,3212,0,0,0,0,0
627,2072,628.2540921112778,99918,32,11,57,23,14515,7193,0.2172581516843812,9,8,24304,21907,4989,2416,20608,25634,43049,31837,0,0,18771,4500,9622,494,934,33,0,0,0,0,61091,1257,3216,0,0,0,0,0
628,2072,629.0912633366894,99918,28,10,57,23,14517,7194,0.21728817630456976,11,8,24298,21920,4970,2406,20635,25632,43109,31914,0,0,18657,4485,9645,491,937,33,0,0,0,0,61197,1252,3221,0,0,0,0,0
629,2072,630.0493612471847,99918,28,12,57,23,14523,7196,0.2173682419584059,36,33,24319,21972,4937,2390,20622,25569,43169,31990,0,0,18548,4464,9668,490,938,33,3,0,0,1,61300,1244,3229,0,0,0,0,0
630,2072,631.036340397538,99918,28,15,57,23,14531,7200,0.2174883404391601,31,30,24341,22031,4910,2374,20632,25526,43228,32066,0,0,18446,4437,9692,490,941,33,4,0,0,6,61396,1237,3236,0,0,0,0,0
631,2072,632.0056263344735,99918,32,15,57,23,14536,7204,0.21757841429972577,36,33,24330,22059,4883,2364,20661,25505,43287,32141,0,0,18344,4413,9715,488,944,33,4,0,0,10,61494,1231,3242,0,0,0,0,0
632,2072,633.0539902440221,99918,35,18,57,23,14543,7211,0.21771852919393903,39,29,24366,22082,4858,2355,20644,25492,43345,32215,0,0,18244,4385,9743,484,948,33,9,0,0,13,61586,1226,3247,0,0,0,0,0
633,2072,634.3530390488787,99918,40,30,57,23,14555,7227,0.21799875898236554,43,21,24432,22178,4832,2337,20595,25410,43402,32288,0,0,18142,4360,9766,483,951,33,12,0,0,19,61679,1221,3252,0,0,0,0,0
634,2072,635.1318699368693,99918,43,33,57,23,14561,7232,0.21810884925639024,43,21,24401,22164,4814,2329,20641,25429,43459,32360,0,0,18045,4337,9789,481,955,33,13,0,0,21,61773,1213,3258,0,0,0,0,0
635,2072,636.3417190263337,99918,49,33,57,23,14581,7241,0.21839908725154628,41,25,24471,22265,4782,2319,20599,25334,43515,32432,0,0,17942,4315,9808,481,957,34,17,0,0,37,61856,1207,3264,0,0,0,0,0
636,2072,637.1192564638875,99918,53,35,57,23,14590,7244,0.21851918573230047,43,28,24466,22281,4766,2306,20614,25326,43571,32503,0,0,17842,4292,9831,481,957,34,20,0,0,40,61950,1200,3271,0,0,0,0,0
637,2072,638.2852339873291,99918,55,41,57,23,14603,7254,0.2187493744870794,41,30,24519,22331,4743,2298,20584,25276,43626,32573,0,0,17736,4276,9845,477,962,35,24,0,0,49,62043,1198,3273,0,0,0,0,0
638,2072,639.0612296052948,99918,57,41,57,23,14611,7257,0.2188594647611041,46,33,24508,22362,4735,2290,20596,25250,43681,32642,0,0,17637,4255,9865,478,962,35,27,0,0,54,62134,1190,3281,0,0,0,0,0
639,2072,640.2251714528874,99918,66,46,57,23,14623,7271,0.21911967813607158,50,26,24553,22438,4707,2279,20566,25187,43735,32710,0,0,17536,4237,9883,476,964,35,33,0,0,60,62223,1183,3288,0,0,0,0,0
640,2072,641.3867224060432,99918,67,50,57,23,14635,7279,0.21931984227066195,55,35,24600,22491,4684,2272,20536,25128,43788,32778,0,0,17440,4215,9901,474,972,35,37,0,0,65,62310,1178,3291,0,0,0,0,0
641,2072,642.1599228361181,99918,75,53,57,23,14650,7287,0.21955003102544085,55,33,24588,22508,4672,2271,20552,25111,43841,32845,0,0,17338,4199,9917,473,974,35,40,0,0,73,62401,1174,3294,0,0,0,0,0
642,2072,643.3194261564666,99918,81,51,57,23,14663,7294,0.21975019516003122,59,42,24623,22552,4645,2268,20534,25063,43893,32911,0,0,17244,4182,9932,472,980,35,43,0,0,81,62484,1165,3300,0,0,0,0,0
643,2072,644.0915522562258,99918,87,49,57,23,14677,7297,0.21992033467443303,64,50,24635,22565,4620,2260,20536,25052,43945,32977,0,0,17159,4155,9956,472,983,35,45,0,0,89,62559,1157,3308,0,0,0,0,0
644,2072,645.2489508018429,99918,89,49,57,23,14692,7306,0.22016053163594146,78,54,24661,22623,4600,2251,20514,24999,43996,33042,0,0,17066,4135,9974,470,988,35,48,0,0,105,62633,1153,3311,0,0,0,0,0
645,2072,646.019773208334,99918,96,49,57,23,14709,7314,0.2204107368041794,81,58,24657,22644,4583,2247,20525,24978,44047,33106,0,0,16980,4110,9998,469,990,36,52,0,0,116,62704,1146,3317,0,0,0,0,0
646,2072,647.1755171589773,99918,103,55,57,23,14735,7331,0.2208410896935487,81,49,24699,22711,4570,2242,20489,24919,44097,33169,0,0,16884,4093,10015,469,990,37,60,0,0,136,62772,1138,3324,0,0,0,0,0
647,2072,648.3292820776325,99918,98,64,57,23,14751,7349,0.22118136872235233,92,47,24729,22756,4559,2236,20464,24873,44147,33232,0,0,16785,4079,10026,468,996,37,66,0,0,155,62846,1133,3327,0,0,0,0,0
648,2072,649.0976794828649,99918,105,62,57,23,14771,7355,0.2214415820973198,96,51,24724,22763,4548,2236,20469,24864,44196,33294,0,0,16690,4058,10044,468,1000,37,74,0,0,164,62924,1130,3329,0,0,0,0,0
649,2072,650.2501066331761,99918,120,72,57,23,14803,7376,0.22197201705398426,99,42,24752,22805,4528,2238,20443,24819,44245,33355,0,0,16599,4041,10059,468,1002,37,76,0,0,188,62989,1126,3333,0,0,0,0,0
650,2072,651.017464993685,99918,135,80,57,23,14829,7385,0.2223223042895174,96,49,24764,22833,4514,2228,20433,24786,44293,33416,0,0,16512,4023,10073,467,1006,38,78,0,0,194,63068,1122,3337,0,0,0,0,0
651,2072,652.1675340292211,99918,147,78,57,23,14858,7400,0.2227626653856162,104,66,24795,22857,4500,2236,20396,24739,44341,33476,0,0,16419,4006,10086,465,1012,38,84,0,0,218,63131,1120,3339,0,0,0,0,0
652,2072,653.3157441401672,99917,158,78,58,23,14889,7419,0.2232653102074722,117,73,24820,22917,4498,2236,20348,24672,44388,33535,0,0,16333,3987,10103,464,1015,39,88,0,0,248,63182,1116,3342,0,0,0,0,0
653,2072,654.0803901844463,99917,161,76,58,23,14907,7433,0.22358557602810333,123,75,24821,22941,4490,2246,20346,24638,44435,33594,0,0,16243,3972,10115,463,1021,39,92,0,0,270,63246,1112,3344,0,0,0,0,0
654,2072,655.2271718892781,99917,156,93,58,23,14933,7458,0.22409599967973418,139,72,24837,22993,4495,2240,20314,24578,44481,33652,0,0,16150,3956,10125,464,1027,39,100,0,0,294,63307,1108,3347,0,0,0,0,0
655,2072,656.3727631257651,99917,162,100,58,23,14964,7482,0.2246464565589439,155,65,24854,23054,4498,2237,20272,24520,44527,33709,0,0,16061,3937,10137,464,1035,39,109,0,0,319,63362,1104,3350,0,0,0,0,0
656,2072,657.1358504409666,99917,173,102,58,23,14988,7494,0.22500675560715394,162,62,24867,23061,4484,2239,20255,24512,44573,33766,0,0,15984,3917,10155,463,1040,40,113,0,0,331,63422,1095,3357,0,0,0,0,0
657,2072,658.279642677319,99916,183,113,59,23,15024,7516,0.22558949517594779,168,61,24885,23112,4485,2236,20219,24454,44618,33822,0,0,15898,3894,10168,466,1047,40,122,0,0,348,63482,1091,3360,0,0,0,0,0
658,2072,659.0414466276471,99916,196,112,59,23,15057,7523,0.22598983145842508,166,73,24893,23120,4471,2232,20214,24439,44663,33878,0,0,15820,3874,10184,464,1054,40,126,0,0,367,63537,1086,3364,0,0,0,0,0
659,2072,660.1836191790336,99916,209,106,59,23,15097,7540,0.2265603106609552,168,76,24916,23150,4466,2247,20181,24397,44707,33933,0,0,15734,3853,10194,466,1064,40,137,0,0,394,63585,1081,3368,0,0,0,0,0
660,2072,661.3243989756365,99916,231,118,59,23,15151,7568,0.22738100004003362,170,69,24920,23225,4472,2251,20147,24313,44751,33987,0,0,15652,3832,10207,465,1075,40,147,0,0,421,63630,1076,3371,0,0,0,0,0
661,2072,662.0846311232926,99916,245,107,59,23,15185,7582,0.22786140357900636,178,88,24917,23248,4465,2259,20135,24274,44794,34041,0,0,15570,3817,10215,467,1081,40,153,0,0,452,63675,1068,3378,0,0,0,0,0
662,2072,663.224741945013,99915,253,119,60,23,15234,7611,0.2286443476955412,201,86,24927,23294,4476,2264,20082,24213,44837,34094,0,0,15487,3799,10226,469,1089,40,161,0,0,491,63710,1063,3380,0,0,0,0,0
663,2072,664.363850171549,99915,255,109,60,23,15288,7631,0.22938497723064605,213,85,24954,23355,4492,2284,20025,24143,44880,34147,0,0,15403,3782,10231,472,1102,41,174,0,0,542,63730,1052,3386,0,0,0,0,0
664,2072,665.1226668074959,99915,274,111,60,23,15335,7646,0.23000550467897712,214,94,24948,23358,4494,2286,20009,24127,44922,34199,0,0,15336,3753,10251,473,1113,43,180,0,0,559,63773,1046,3388,0,0,0,0,0
665,2072,666.260523320995,99915,284,113,60,23,15405,7673,0.23097632988039835,233,100,24947,23384,4515,2299,19960,24080,44964,34250,0,0,15254,3727,10262,477,1129,44,195,0,0,606,63792,1042,3387,0,0,0,0,0
666,2072,667.0189276411397,99914,306,116,61,23,15455,7687,0.23161919250555477,233,109,24941,23393,4518,2302,19940,24056,45005,34301,0,0,15174,3710,10271,480,1137,44,200,0,0,628,63844,1038,3388,0,0,0,0,0
667,2072,668.1564054319637,99914,335,113,61,23,15542,7715,0.23277018235682687,239,124,24935,23445,4542,2315,19887,23979,45046,34351,0,0,15087,3695,10279,480,1145,45,217,0,0,690,63852,1032,3392,0,0,0,0,0
668,2072,669.2932177527363,99913,356,128,62,23,15617,7750,0.23387346991882937,270,130,24939,23495,4560,2321,19812,23902,45087,34401,0,0,15007,3675,10287,483,1157,48,229,0,0,730,63879,1026,3392,0,0,0,0,0
669,2072,670.050575232952,99913,362,146,62,23,15662,7777,0.2345940968642719,290,138,24921,23504,4568,2316,19796,23872,45127,34450,0,0,14931,3657,10296,483,1167,48,238,0,0,759,63917,1022,3395,0,0,0,0,0
670,2072,671.1869896805788,99913,386,168,62,23,15749,7820,0.23589522884909872,311,140,24914,23555,4601,2320,19725,23793,45167,34499,0,0,14840,3638,10309,482,1178,48,263,0,0,806,63936,1017,3396,0,0,0,0,0
671,2072,672.322805279201,99913,407,181,62,23,15844,7862,0.23726642178695465,311,152,24916,23598,4639,2335,19664,23710,45206,34547,0,0,14754,3625,10312,486,1188,49,280,0,0,876,63935,1008,3400,0,0,0,0,0
672,2072,673.0798753034325,99912,409,195,63,23,15896,7894,0.23810953639202498,327,157,24903,23608,4663,2340,19634,23676,45245,34595,0,0,14676,3600,10324,488,1203,49,295,0,0,909,63964,1004,3400,0,0,0,0,0
673,2072,674.2156028143501,99911,456,213,64,23,15993,7937,0.23951316671837936,359,170,24873,23635,4674,2359,19573,23599,45284,34642,0,0,14590,3585,10328,491,1218,49,309,0,0,949,63994,1001,3397,0,0,0,0,0
674,2072,675.3511743887022,99911,503,224,64,23,16108,7982,0.24111459198686833,362,199,24856,23661,4714,2382,19500,23510,45322,34689,0,0,14499,3566,10339,495,1226,49,336,0,0,1011,63995,995,3400,0,0,0,0,0
675,2072,676.1081516698622,99910,524,245,65,23,16176,8025,0.2422280052046842,362,199,24826,23677,4740,2392,19482,23463,45360,34735,0,0,14421,3550,10345,497,1238,49,349,0,0,1050,64018,990,3403,0,0,0,0,0
676,2072,677.2444523137027,99910,549,259,65,23,16283,8084,0.24388950055049544,403,216,24797,23702,4789,2417,19396,23382,45398,34781,0,0,14343,3529,10348,501,1258,50,366,0,0,1134,63995,984,3402,0,0,0,0,0
677,2072,678.0022523654951,99910,563,276,65,23,16367,8130,0.245190671604444,420,218,24767,23725,4834,2437,19350,23320,45435,34826,0,0,14251,3510,10352,507,1271,50,392,0,0,1186,64007,981,3403,0,0,0,0,0
678,2072,679.1398847159481,99909,597,294,66,23,16490,8199,0.24711487453582762,441,222,24742,23753,4882,2473,19271,23234,45472,34871,0,0,14157,3494,10356,507,1287,50,423,0,0,1278,63977,978,3402,0,0,0,0,0
679,2072,680.2776066629132,99909,638,317,66,23,16621,8254,0.2489765686774965,481,240,24719,23785,4938,2490,19157,23144,45508,34915,0,0,14068,3475,10358,515,1302,51,450,0,0,1346,63969,971,3404,0,0,0,0,0
680,2072,681.0358570480951,99909,671,310,66,23,16711,8287,0.25020768899698725,509,259,24680,23783,4962,2523,19111,23101,45544,34959,0,0,13998,3452,10364,523,1315,52,460,0,0,1409,63966,965,3405,0,0,0,0,0
681,2072,682.1744720058928,99909,699,323,66,23,16854,8367,0.2524397201453322,532,254,24640,23828,5030,2573,19032,22998,45580,35002,0,0,13902,3434,10358,528,1339,54,497,0,0,1518,63913,958,3408,0,0,0,0,0
682,2072,683.314297743657,99909,734,352,66,23,17019,8448,0.2549019607843137,552,262,24574,23856,5122,2610,18951,22896,45615,35045,0,0,13808,3421,10348,536,1365,55,527,0,0,1631,63861,949,3408,0,0,0,0,0
683,2072,684.0751379913311,99909,758,362,66,23,17120,8498,0.25641333613588363,588,269,24528,23862,5163,2639,18896,22844,45650,35087,0,0,13730,3404,10348,535,1390,55,549,0,0,1699,63847,945,3407,0,0,0,0,0
684,2072,685.2181345061077,99908,801,390,67,23,17279,8576,0.2587880850382352,606,284,24474,23871,5235,2665,18816,22766,45685,35129,0,0,13636,3382,10352,545,1408,55,584,0,0,1797,63803,939,3407,0,0,0,0,0
685,2072,686.3623340850521,99907,823,406,68,23,17434,8660,0.2611829000970903,678,307,24410,23887,5320,2711,18700,22665,45719,35170,0,0,13545,3352,10352,556,1437,57,625,0,0,1908,63739,931,3405,0,0,0,0,0
686,2072,687.1259180749399,99907,841,413,68,23,17552,8711,0.2628744732601319,694,325,24364,23884,5389,2744,18643,22610,45753,35211,0,0,13458,3336,10349,561,1458,57,652,0,0,1998,63709,926,3403,0,0,0,0,0
687,2072,688.2731615301602,99907,912,428,68,23,17756,8801,0.26581721000530495,723,347,24316,23891,5470,2801,18510,22509,45787,35252,0,0,13364,3311,10338,575,1490,60,685,0,0,2117,63648,923,3396,0,0,0,0,0
688,2072,689.0386798018051,99906,941,439,69,23,17894,8867,0.26786179008267774,725,354,24277,23893,5548,2842,18439,22448,45820,35292,0,0,13269,3294,10339,584,1507,60,717,0,0,2218,63605,920,3393,0,0,0,0,0
689,2072,690.1878164420184,99903,1029,443,72,23,18111,8948,0.270852727145331,760,403,24211,23875,5610,2897,18317,22358,45853,35332,0,0,13180,3279,10324,589,1539,60,746,0,0,2353,63528,914,3391,0,0,0,0,0
690,2072,691.3380947820953,99902,1090,474,72,24,18338,9063,0.274278793217353,749,447,24167,23869,5721,2961,18200,22224,45886,35371,0,0,13076,3253,10321,605,1573,62,793,0,0,2494,63436,909,3380,0,0,0,0,0
691,2072,692.1053981611728,99900,1108,503,74,24,18470,9148,0.27645645645645645,761,433,24120,23877,5797,3004,18139,22158,45919,35410,0,0,12995,3231,10313,613,1602,64,818,0,0,2594,63389,907,3374,0,0,0,0,0
692,2072,693.2584547498085,99899,1123,550,74,25,18684,9282,0.2799427421695913,809,425,24037,23895,5954,3068,18002,22036,45951,35448,0,0,12888,3208,10300,631,1631,69,865,0,0,2770,63268,901,3368,0,0,0,0,0
693,2072,694.0285868632641,99898,1159,568,75,25,18844,9366,0.28238803579651245,830,421,23950,23896,6052,3120,17933,21969,45983,35486,0,0,12799,3189,10286,638,1665,71,900,0,0,2874,63215,895,3366,0,0,0,0,0
694,2072,695.1874517122911,99896,1218,607,77,25,19102,9494,0.286257708016337,873,423,23858,23895,6189,3185,17784,21864,46015,35524,0,0,12698,3169,10273,650,1707,73,944,0,0,3050,63089,887,3356,0,0,0,0,0
695,2072,696.3489627235534,99894,1299,635,79,25,19389,9628,0.29047790658097583,903,433,23745,23900,6346,3273,17627,21733,46046,35561,0,0,12588,3143,10254,669,1744,75,999,0,0,3240,62951,879,3352,0,0,0,0,0
696,2072,697.1254773965692,99892,1328,658,80,26,19563,9710,0.2930464902094262,939,487,23674,23868,6431,3313,17547,21647,46077,35598,0,0,12502,3122,10243,678,1773,77,1035,0,0,3359,62876,872,3355,0,0,0,0,0
697,2072,698.2932292531079,99891,1376,681,80,27,19841,9851,0.2972439959555916,1000,492,23543,23873,6598,3406,17402,21520,46108,35634,0,0,12390,3091,10222,702,1818,81,1090,0,0,3563,62719,867,3348,0,0,0,0,0
698,2072,699.0740349979345,99890,1397,698,81,27,20031,9933,0.29996996696366,1029,525,23462,23847,6714,3451,17316,21451,46139,35670,0,0,12289,3075,10213,710,1841,83,1137,0,0,3711,62622,861,3348,0,0,0,0,0
699,2072,700.2494279332865,99888,1481,703,83,27,20337,10072,0.3044309626781996,1070,571,23318,23803,6859,3558,17188,21337,46169,35706,0,0,12178,3051,10191,725,1893,86,1196,0,0,3919,62453,855,3341,0,0,0,0,0
700,2072,701.0358244771728,99888,1552,733,83,27,20561,10195,0.30790485343584817,1076,559,23233,23791,6963,3629,17092,21260,46199,35741,0,0,12087,3028,10181,740,1927,88,1233,0,0,4066,62352,851,3335,0,0,0,0,0
701,2072,702.2193239687659,99888,1652,771,83,27,20901,10358,0.31294049335255486,1123,588,23108,23768,7108,3725,16925,21120,46229,35776,0,0,11974,3005,10156,756,1987,91,1290,0,0,4272,62185,846,3326,0,0,0,0,0
702,2072,703.0104070495896,99888,1687,811,83,27,21131,10483,0.316494473810668,1164,596,23001,23739,7244,3788,16820,21038,46258,35811,0,0,11883,2984,10139,766,2033,94,1332,0,0,4439,62061,839,3318,0,0,0,0,0
703,2072,704.2019130147906,99887,1788,847,83,28,21506,10664,0.3220639322434351,1217,610,22829,23734,7435,3902,16647,20878,46287,35845,0,0,11786,2943,10117,795,2085,100,1382,0,0,4702,61835,832,3310,0,0,0,0,0
704,2072,705.3996049036188,99885,1823,852,85,28,21856,10834,0.32727636782299646,1292,617,22673,23707,7661,4044,16465,20751,46316,35879,0,0,11647,2910,10085,820,2149,111,1467,0,0,4962,61610,829,3295,0,0,0,0,0
705,2072,706.2015576613474,99885,1875,887,85,28,22110,10962,0.33110076588076287,1357,634,22551,23681,7791,4115,16340,20654,46345,35912,0,0,11553,2890,10062,828,2205,113,1515,0,0,5130,61479,823,3287,0,0,0,0,0
706,2072,707.0069547088716,99885,1935,911,85,28,22391,11091,0.3352054863092556,1385,639,22408,23658,7953,4188,16233,20575,46373,35945,0,0,11455,2867,10047,835,2248,119,1566,0,0,5326,61320,818,3284,0,0,0,0,0
707,2072,708.222010053265,99883,2030,932,87,28,22818,11273,0.34130933191834445,1404,708,22232,23615,8174,4312,16072,20404,46401,35978,0,0,11346,2838,10003,854,2339,124,1624,0,0,5613,61064,810,3268,0,0,0,0,0
708,2072,709.0363036883663,99883,2040,963,87,28,23102,11411,0.3455342751018692,1431,708,22096,23584,8391,4394,15954,20322,46429,36010,0,0,11262,2809,9983,877,2391,131,1659,0,0,5847,60859,802,3263,0,0,0,0,0
709,2072,710.2652187816891,99882,2191,1010,88,28,23586,11624,0.352515968843235,1422,735,21896,23528,8629,4531,15773,20167,46457,36042,0,0,11149,2781,9946,896,2462,135,1724,0,0,6168,60574,795,3252,0,0,0,0,0
710,2072,711.0893311750351,99882,2187,1024,88,28,23865,11770,0.35677098976792615,1495,787,21761,23484,8819,4638,15649,20038,46484,36074,0,0,11046,2764,9905,908,2540,141,1772,0,0,6408,60369,791,3238,0,0,0,0,0
711,2072,712.3327261097104,99880,2237,1115,89,29,24313,12027,0.3638366039247097,1527,783,21607,23418,9095,4771,15444,19883,46511,36105,0,0,10915,2732,9848,935,2652,147,1852,0,0,6705,60092,785,3217,0,0,0,0,0
712,2072,713.1656493258101,99878,2314,1150,91,29,24649,12194,0.36888003364104205,1523,798,21494,23358,9269,4870,15308,19794,46538,36136,0,0,10807,2704,9826,957,2699,152,1915,0,0,6939,59891,775,3213,0,0,0,0,0
713,2072,714.0021132824193,99878,2340,1194,91,29,24964,12360,0.37369590900899097,1558,816,21352,23305,9468,4952,15190,19703,46565,36167,0,0,10696,2680,9810,986,2741,157,1975,0,0,7194,59672,763,3204,0,0,0,0,0
714,2072,715.2644384188154,99876,2373,1218,92,30,25439,12608,0.3809423685369859,1682,825,21114,23260,9775,5124,14963,19542,46591,36197,0,0,10561,2645,9768,1023,2844,168,2059,0,0,7562,59308,751,3187,0,0,0,0,0
715,2072,716.1124140055729,99875,2453,1263,93,30,25828,12783,0.3865932415519399,1680,824,20965,23228,9984,5227,14824,19427,46617,36227,0,0,10459,2617,9721,1050,2918,179,2103,0,0,7802,59101,747,3178,0,0,0,0,0
716,2072,717.3934830174979,99874,2588,1329,94,30,26412,13069,0.3953080881911208,1687,865,20740,23133,10290,5392,14600,19250,46643,36257,0,0,10322,2581,9665,1097,3021,196,2181,0,0,8166,58759,733,3153,0,0,0,0,0
717,2072,718.2537226918889,99873,2619,1357,95,30,26777,13271,0.4009892563555716,1710,909,20606,23039,10519,5535,14450,19129,46669,36286,0,0,10213,2545,9629,1130,3098,204,2239,0,0,8453,58490,728,3144,0,0,0,0,0
718,2072,719.118631352774,99871,2657,1397,96,31,27136,13467,0.40655445524726896,1760,942,20453,22966,10729,5650,14304,19013,46694,36315,0,0,10108,2523,9591,1155,3178,216,2289,0,0,8707,58253,721,3130,0,0,0,0,0
719,2072,720.4256194956355,99865,2750,1484,101,32,27701,13797,0.4155409803234366,1831,956,20220,22878,11021,5829,14076,18820,46719,36344,0,0,9969,2488,9548,1191,3287,226,2368,0,0,9111,57851,717,3109,0,0,0,0,0
720,2072,721.3031845280342,99862,2847,1500,104,32,28138,13999,0.421952294165949,1813,991,20040,22790,11243,5975,13952,18711,46744,36373,0,0,9853,2455,9514,1226,3375,233,2434,0,0,9389,57582,708,3093,0,0,0,0,0
721,2072,722.187253143084,99859,2863,1517,106,33,28510,14211,0.427813216635456,1885,1008,19834,22717,11504,6126,13807,18598,46769,36401,0,0,9750,2428,9471,1256,3487,240,2486,0,0,9679,57295,698,3069,0,0,0,0,0
722,2072,723.0786739278493,99856,2924,1559,109,33,28954,14458,0.4347460342893767,1898,998,19648,22665,11759,6288,13661,18456,46794,36429,0,0,9631,2401,9421,1279,3592,248,2555,0,0,10009,56977,691,3052,0,0,0,0,0
723,2072,724.4300256102933,99854,3029,1528,111,33,29594,14766,0.4442486029603221,1989,1070,19382,22518,12089,6580,13399,18270,46818,36457,0,0,9487,2364,9352,1322,3727,273,2643,0,0,10490,56483,681,3032,0,0,0,0,0
724,2072,725.3390275799587,99854,3094,1573,111,33,30074,15003,0.4514290864662407,2018,1087,19207,22433,12343,6726,13226,18147,46842,36484,0,0,9349,2335,9308,1354,3834,287,2725,0,0,10785,56190,675,3012,0,0,0,0,0
725,2072,726.2553774720614,99852,3144,1590,113,33,30530,15246,0.45843848896366624,2071,1114,19013,22344,12583,6897,13075,18021,46866,36511,0,0,9222,2306,9263,1392,3931,302,2804,0,0,11118,55854,660,3000,0,0,0,0,0
726,2072,727.1791469611647,99850,3156,1618,114,34,30983,15513,0.4656584877315974,2114,1100,18829,22272,12877,7083,12909,17892,46890,36538,0,0,9083,2285,9206,1420,4059,313,2888,0,0,11474,55499,648,2975,0,0,0,0,0
727,2072,728.1112250665802,99848,3200,1687,115,35,31479,15796,0.4734696739043346,2145,1093,18612,22196,13165,7230,12762,17758,46914,36565,0,0,8959,2261,9142,1439,4193,329,2963,0,0,11819,55151,643,2949,0,0,0,0,0
728,2072,729.0528163806617,99846,3235,1728,117,35,31988,16052,0.4811409570738938,2176,1123,18407,22105,13468,7387,12596,17621,46937,36591,0,0,8846,2231,9082,1475,4334,343,3022,0,0,12165,54788,634,2926,0,0,0,0,0
729,2072,730.0036714733412,99846,3262,1751,117,35,32493,16320,0.48888287963463734,2189,1136,18206,22008,13789,7574,12436,17495,46960,36617,0,0,8713,2199,9018,1510,4472,362,3105,0,0,12528,54416,625,2898,0,0,0,0,0
730,2072,731.4473358828034,99845,3348,1809,118,35,33254,16725,0.5005658771095197,2252,1189,17919,21879,14195,7848,12167,17239,46983,36643,0,0,8554,2164,8927,1561,4664,387,3199,0,0,13057,53856,615,2861,0,0,0,0,0
731,2072,732.4209570963009,99841,3449,1847,120,37,33809,17019,0.5090894522290442,2296,1227,17705,21766,14452,8025,11977,17097,47006,36668,0,0,8421,2139,8882,1593,4788,398,3268,0,0,13427,53472,611,2842,0,0,0,0,0
732,2072,733.4037374247459,99840,3485,1902,121,37,34350,17330,0.5176282051282052,2301,1242,17514,21661,14785,8207,11793,16950,47029,36693,0,0,8276,2112,8824,1622,4939,419,3360,0,0,13780,53087,606,2815,0,0,0,0,0
733,2072,734.3954792166725,99838,3539,1935,122,38,34925,17639,0.5264929185280154,2331,1248,17319,21565,15086,8405,11602,16808,47051,36718,0,0,8135,2083,8741,1665,5107,446,3440,0,0,14131,52709,594,2787,0,0,0,0,0
734,2072,735.3975564968056,99837,3599,1983,122,39,35512,17947,0.5354628043711249,2322,1246,17135,21484,15411,8594,11410,16653,47073,36743,0,0,7998,2047,8703,1701,5256,458,3522,0,0,14512,52285,587,2768,0,0,0,0,0
735,2072,736.4097592839355,99837,3672,1978,122,39,36089,18235,0.5441269268908321,2352,1302,16943,21361,15686,8813,11224,16506,47095,36767,0,0,7868,2022,8638,1725,5403,480,3600,0,0,14922,51849,579,2751,0,0,0,0,0
736,2072,737.4315619055162,99832,3713,1996,124,42,36681,18542,0.5531593076368299,2387,1332,16746,21253,15984,9030,11045,16346,47117,36791,0,0,7738,1982,8590,1772,5538,507,3675,0,0,15345,51394,563,2728,0,0,0,0,0
737,2072,738.4634999197083,99831,3854,2055,124,43,37322,18878,0.5629513878454588,2391,1319,16532,21153,16236,9227,10862,16202,47139,36815,0,0,7627,1951,8515,1810,5710,532,3733,0,0,15690,51001,551,2711,0,0,0,0,0
738,2072,739.507186858319,99829,3853,2074,125,44,37901,19206,0.5720482024261487,2450,1410,16337,21006,16562,9449,10672,16016,47160,36839,0,0,7505,1918,8448,1861,5878,557,3791,0,0,16121,50515,542,2693,0,0,0,0,0
739,2072,740.0323472838434,99828,3912,2125,126,44,38237,19389,0.5772528749449053,2408,1405,16239,20953,16706,9526,10608,15946,47181,36862,0,0,7426,1903,8417,1876,5964,572,3827,0,0,16306,50320,537,2680,0,0,0,0,0
740,2072,741.0705115664863,99825,3929,2185,129,44,38834,19748,0.5868469822188831,2422,1437,16048,20808,17037,9743,10434,15782,47202,36885,0,0,7289,1881,8333,1908,6151,605,3904,0,0,16699,49883,527,2645,0,0,0,0,0
741,2072,742.0873914785922,99824,3969,2237,130,44,39456,20120,0.5968103862798525,2452,1393,15861,20713,17372,9993,10215,15619,47223,36908,0,0,7155,1852,8260,1954,6331,639,3977,0,0,17097,49424,515,2620,0,0,0,0,0
742,2072,743.0837160704798,99818,3980,2240,135,45,40026,20452,0.6058827065258771,2436,1413,15674,20590,17718,10225,10056,15486,47244,36931,0,0,7054,1827,8210,1987,6490,681,4021,0,0,17519,48928,506,2595,0,0,0,0,0
743,2072,744.0604271289571,99816,3971,2313,137,45,40589,20805,0.6150717319868558,2443,1387,15511,20493,18047,10426,9890,15335,47264,36954,0,0,6935,1791,8132,2029,6673,710,4085,0,0,17894,48490,500,2577,0,0,0,0,0
744,2072,745.0190524535438,99813,4044,2382,139,46,41184,21159,0.6245979982567401,2452,1377,15336,20386,18313,10624,9715,15184,47284,36976,0,0,6826,1758,8073,2054,6844,746,4144,0,0,18243,48086,493,2546,0,0,0,0,0
745,2072,746.4281305810658,99808,4119,2419,143,47,42055,21659,0.6383656620711766,2476,1374,15097,20248,18698,10953,9466,14958,47304,36998,0,0,6671,1716,7986,2120,7106,796,4229,0,0,18757,47438,478,2511,0,0,0,0,0
746,2072,747.3497548728324,99807,4084,2430,144,47,42578,21976,0.6467883014217439,2494,1388,14961,20172,18976,11154,9340,14808,47324,37020,0,0,6566,1688,7904,2162,7288,837,4272,0,0,19141,47003,467,2479,0,0,0,0,0
747,2072,748.2575551983282,99806,4150,2443,144,48,43134,22294,0.6555517704346432,2464,1395,14807,20087,19208,11369,9226,14657,47344,37042,0,0,6463,1663,7842,2194,7472,865,4321,0,0,19475,46601,457,2453,0,0,0,0,0
748,2072,749.1535132874152,99803,4200,2431,147,48,43699,22608,0.664378826287787,2400,1380,14675,19999,19475,11608,9102,14533,47364,37063,0,0,6364,1643,7778,2223,7645,895,4366,0,0,19869,46138,446,2436,0,0,0,0,0
749,2072,750.0378228830031,99803,4177,2427,147,48,44201,22928,0.672615051651754,2436,1374,14511,19933,19755,11827,8973,14390,47383,37084,0,0,6261,1616,7717,2273,7801,947,4405,0,0,20223,45717,432,2411,0,0,0,0,0
750,2072,751.3408781047592,99800,4166,2380,149,49,44998,23371,0.6850601202404809,2372,1378,14308,19773,20205,12207,8799,14212,47402,37105,0,0,6103,1574,7603,2329,8102,1003,4495,0,0,20723,45069,424,2375,0,0,0,0,0
751,2072,752.1945003859017,99800,4132,2378,149,49,45503,23679,0.6932064128256513,2391,1379,14179,19680,20469,12409,8679,14104,47421,37126,0,0,5998,1552,7540,2366,8310,1041,4527,0,0,21023,44674,416,2353,0,0,0,0,0
752,2072,753.0369229547958,99799,4128,2377,150,49,46002,23966,0.7010891892704336,2384,1366,14070,19591,20711,12620,8556,13996,47440,37147,0,0,5907,1528,7479,2399,8498,1068,4553,0,0,21345,44272,411,2339,0,0,0,0,0
753,2072,754.2817511693238,99797,4139,2366,152,49,46737,24382,0.7126366524043809,2376,1359,13916,19465,21042,12906,8374,13854,47459,37167,0,0,5784,1490,7381,2458,8761,1123,4602,0,0,21772,43704,401,2321,0,0,0,0,0
754,2072,755.1008333631282,99796,4109,2393,153,49,47218,24665,0.720299410798028,2330,1340,13809,19404,21314,13063,8284,13750,47478,37187,0,0,5676,1470,7323,2488,8930,1168,4654,0,0,22043,43351,394,2299,0,0,0,0,0
755,2072,756.3116841313058,99796,4076,2381,153,49,47899,25071,0.7311916309270913,2339,1345,13613,19296,21671,13342,8147,13586,47497,37207,0,0,5521,1441,7243,2521,9166,1232,4752,0,0,22472,42798,384,2266,0,0,0,0,0
756,2072,757.10837925302,99795,4085,2383,154,49,48360,25345,0.7385640563154466,2329,1317,13504,19228,21871,13530,8056,13492,47515,37227,0,0,5426,1418,7186,2548,9322,1268,4790,0,0,22756,42451,378,2252,0,0,0,0,0
757,2072,758.2881742887183,99790,3999,2428,157,51,48995,25742,0.7489427798376591,2387,1317,13357,19118,22209,13748,7890,13337,47533,37247,0,0,5286,1381,7107,2609,9552,1332,4860,0,0,23099,41963,366,2235,0,0,0,0,0
758,2072,759.0648316425088,99786,3981,2439,157,55,49460,26013,0.7563485859739844,2347,1265,13241,19071,22473,13913,7800,13256,47551,37266,0,0,5206,1363,7038,2633,9730,1378,4878,0,0,23355,41624,361,2220,0,0,0,0,0
759,2072,760.2149282077876,99784,3960,2392,159,55,50122,26375,0.7666259119698549,2282,1258,13115,18983,22803,14198,7680,13113,47569,37285,0,0,5092,1332,6966,2682,9953,1453,4922,0,0,23741,41101,351,2191,0,0,0,0,0
760,2072,761.3498075100275,99779,3991,2353,163,56,50797,26725,0.7769370308381524,2176,1250,13010,18914,23110,14451,7549,12975,47587,37304,0,0,4989,1307,6885,2712,10227,1502,4957,0,0,24078,40608,342,2172,0,0,0,0,0
761,2072,762.0988524212498,99777,4007,2354,165,56,51236,26985,0.7839582268458662,2123,1233,12964,18830,23274,14621,7466,12905,47605,37323,0,0,4909,1284,6835,2741,10397,1547,4989,0,0,24277,40310,336,2152,0,0,0,0,0
762,2072,763.2126303443355,99772,4009,2318,168,58,51862,27338,0.7938098865413142,2101,1188,12859,18782,23524,14870,7338,12783,47622,37342,0,0,4822,1256,6757,2773,10629,1614,5014,0,0,24634,39814,332,2127,0,0,0,0,0
763,2072,764.3149147127829,99772,4010,2315,168,58,52478,27681,0.803421801707894,2037,1233,12756,18702,23814,15050,7214,12641,47639,37361,0,0,4718,1235,6689,2799,10854,1683,5048,0,0,24926,39384,326,2110,0,0,0,0,0
764,2072,765.0429900496921,99772,3945,2289,168,58,52838,27883,0.8090546445896645,2091,1288,12664,18636,24008,15179,7123,12549,47656,37379,0,0,4654,1215,6657,2826,11018,1724,5063,0,0,25115,39089,315,2096,0,0,0,0,0
765,2072,766.1241320759664,99772,3838,2299,168,58,53344,28227,0.8175740688770397,2099,1275,12560,18571,24314,15379,7020,12417,47673,37397,0,0,4561,1196,6591,2849,11238,1794,5094,0,0,25417,38653,309,2070,0,0,0,0,0
766,2072,767.193285887306,99768,3865,2256,170,60,53906,28549,0.8264674043781574,2046,1266,12473,18506,24538,15617,6907,12294,47690,37415,0,0,4485,1177,6529,2882,11465,1858,5106,0,0,25671,38247,301,2047,0,0,0,0,0
767,2072,768.2530078417666,99768,3796,2251,170,60,54429,28891,0.8351375190441825,2038,1236,12367,18435,24821,15832,6807,12185,47707,37433,0,0,4395,1153,6453,2904,11733,1915,5135,0,0,25928,37844,292,2016,0,0,0,0,0
768,2072,769.3021041418698,99768,3809,2248,170,60,54974,29214,0.8438377034720552,1987,1246,12282,18372,25031,16010,6720,12063,47724,37451,0,0,4307,1131,6384,2929,11952,1981,5162,0,0,26156,37488,283,1995,0,0,0,0,0
769,2072,770.3424501832109,99765,3809,2243,172,61,55492,29541,0.8523329825088959,1970,1239,12216,18321,25219,16191,6613,11944,47741,37468,0,0,4229,1110,6311,2959,12178,2039,5175,0,0,26388,37117,282,1977,0,0,0,0,0
770,2072,771.0319638901491,99762,3809,2209,174,62,55858,29741,0.8580321164371203,1934,1243,12165,18283,25358,16331,6559,11871,47757,37485,0,0,4170,1104,6270,2977,12338,2085,5184,0,0,26540,36861,274,1959,0,0,0,0,0
771,2072,772.0598954123639,99760,3768,2209,175,63,56370,30060,0.8663793103448276,1933,1248,12064,18221,25588,16505,6471,11753,47773,37502,0,0,4096,1084,6205,3001,12575,2148,5198,0,0,26761,36482,270,1940,0,0,0,0,0
772,2072,773.0793634206834,99759,3712,2229,176,63,56874,30380,0.8746479014424764,1932,1186,11992,18163,25800,16685,6387,11673,47789,37519,0,0,4035,1070,6160,3026,12814,2221,5190,0,0,26926,36136,257,1924,0,0,0,0,0
773,2072,774.091624189633,99758,3728,2211,177,63,57393,30679,0.8828565127608813,1897,1175,11929,18110,25971,16873,6297,11567,47805,37536,0,0,3975,1057,6112,3040,13041,2281,5199,0,0,27130,35769,251,1903,0,0,0,0,0
774,2072,775.0972377467962,99757,3670,2199,178,63,57854,31003,0.8907344847980593,1895,1122,11886,18060,26166,17084,6204,11471,47821,37553,0,0,3901,1042,6061,3065,13222,2358,5212,0,0,27396,35382,247,1871,0,0,0,0,0
775,2072,776.0963751679833,99757,3574,2182,178,63,58311,31284,0.8981324618823742,1899,1142,11807,18000,26412,17240,6129,11372,47837,37569,0,0,3817,1016,5996,3095,13444,2430,5232,0,0,27579,35049,244,1855,0,0,0,0,0
776,2072,777.0878869322058,99756,3490,2116,178,64,58764,31521,0.9050583423553471,1854,1170,11759,17969,26670,17419,6048,11261,47853,37585,0,0,3751,1001,5932,3113,13661,2512,5237,0,0,27762,34717,240,1830,0,0,0,0,0
777,2072,778.0714684835884,99754,3442,2141,178,66,59188,31823,0.9123543918038375,1870,1110,11688,17947,26836,17579,5985,11156,47868,37601,0,0,3692,985,5886,3138,13834,2586,5243,0,0,27942,34395,237,1816,0,0,0,0,0
778,2072,779.0496093903624,99752,3478,2070,180,66,59674,32078,0.9198011067447269,1815,1105,11640,17913,26960,17767,5926,11078,47883,37617,0,0,3627,968,5838,3155,14001,2666,5254,0,0,28147,34063,235,1798,0,0,0,0,0
779,2072,780.0238866044972,99751,3463,2045,181,66,60088,32342,0.9266072520576235,1788,1099,11644,17899,27082,17909,5841,10981,47898,37633,0,0,3567,953,5785,3168,14197,2723,5261,0,0,28322,33762,233,1780,0,0,0,0,0
780,2072,781.3167505034909,99749,3395,2034,183,66,60683,32700,0.9361798113264294,1788,1111,11599,17868,27302,18059,5732,10861,47913,37649,0,0,3484,926,5718,3231,14432,2818,5253,0,0,28556,33344,224,1763,0,0,0,0,0
781,2072,782.2804760242371,99747,3340,1972,184,67,61072,32930,0.942404282835574,1787,1126,11598,17836,27425,18229,5665,10769,47928,37665,0,0,3433,914,5672,3241,14632,2891,5245,0,0,28683,33060,222,1754,0,0,0,0,0
782,2072,783.2402739666898,99746,3249,1999,184,68,61459,33202,0.9490205121007359,1762,1059,11579,17840,27622,18328,5603,10705,47943,37680,0,0,3372,895,5627,3266,14809,2967,5246,0,0,28804,32796,222,1742,0,0,0,0,0
783,2072,784.1953130876601,99744,3225,2015,186,68,61875,33457,0.9557667629130574,1706,1033,11552,17814,27774,18433,5556,10636,47958,37695,0,0,3320,881,5590,3292,15006,3019,5234,0,0,28923,32536,218,1725,0,0,0,0,0
784,2072,785.1460139552397,99742,3185,1988,187,69,62291,33692,0.9623127669387018,1657,993,11533,17821,27953,18564,5484,10564,47973,37710,0,0,3270,867,5550,3293,15197,3098,5237,0,0,29040,32267,214,1709,0,0,0,0,0
785,2072,786.0920568238898,99741,3169,1908,188,69,62687,33904,0.9684182031461486,1635,1038,11509,17790,28071,18706,5427,10488,47988,37725,0,0,3210,856,5511,3307,15393,3168,5245,0,0,29148,32000,211,1692,0,0,0,0,0
786,2072,787.0344466848618,99739,3156,1910,188,71,63100,34141,0.9749546315884459,1571,1034,11478,17785,28231,18802,5375,10397,48002,37740,0,0,3155,844,5461,3334,15573,3230,5240,0,0,29263,31753,207,1679,0,0,0,0,0
787,2072,788.2849457794941,99739,3087,1919,188,71,63588,34477,0.983216194267037,1540,1006,11475,17766,28410,18953,5299,10284,48016,37755,0,0,3089,834,5398,3350,15819,3322,5242,0,0,29409,31421,206,1649,0,0,0,0,0
788,2072,789.218459803579,99736,3007,1867,191,71,63934,34692,0.9888706184326622,1540,1001,11469,17744,28556,19100,5236,10216,48030,37770,0,0,3048,819,5360,3369,15999,3399,5219,0,0,29518,31163,203,1639,0,0,0,0,0
789,2072,790.1483626991123,99735,2994,1834,192,71,64286,34925,0.9947460771043265,1500,984,11465,17734,28654,19237,5194,10139,48044,37784,0,0,3003,806,5323,3379,16177,3467,5216,0,0,29601,30932,203,1628,0,0,0,0,0
790,2072,791.0757420718753,99729,2942,1838,198,71,64627,35161,1.0005916032447935,1488,949,11458,17724,28767,19336,5146,10081,48058,37798,0,0,2968,794,5285,3406,16335,3545,5189,0,0,29674,30719,198,1616,0,0,0,0,0
791,2072,792.0003847262383,99728,2878,1799,199,71,64968,35353,1.0059461735921706,1456,954,11425,17689,28938,19457,5103,10029,48072,37812,0,0,2929,784,5239,3417,16555,3604,5173,0,0,29726,30505,198,1598,0,0,0,0,0
792,2072,793.2272452972372,99726,2783,1774,201,71,65396,35633,1.0130658002928024,1419,949,11400,17687,29148,19584,5048,9934,48086,37826,0,0,2864,771,5197,3447,16765,3693,5172,0,0,29840,30205,192,1580,0,0,0,0,0
793,2072,794.1429936147558,99726,2727,1745,201,71,65694,35843,1.0181597577361972,1414,902,11397,17706,29253,19707,5007,9868,48100,37840,0,0,2823,764,5157,3460,16931,3751,5153,0,0,29940,29985,190,1572,0,0,0,0,0
794,2072,795.0565099187233,99725,2668,1691,202,71,66005,36031,1.0231737277513162,1400,904,11408,17708,29363,19800,4958,9825,48114,37854,0,0,2783,757,5123,3469,17089,3834,5148,0,0,30011,29768,188,1555,0,0,0,0,0
795,2072,796.2713206251448,99724,2622,1706,203,71,66434,36313,1.03031366571738,1372,856,11438,17699,29469,19911,4895,9756,48127,37868,0,0,2734,745,5077,3497,17256,3942,5133,0,0,30091,29528,184,1537,0,0,0,0,0
796,2072,797.1800903916276,99724,2578,1720,203,71,66750,36538,1.0357386386426537,1334,804,11444,17700,29589,20007,4851,9697,48140,37882,0,0,2690,735,5052,3514,17384,4015,5126,0,0,30177,29322,181,1528,0,0,0,0,0
797,2072,798.0864881587578,99722,2534,1677,205,71,67034,36713,1.04036220693528,1334,821,11453,17696,29666,20093,4807,9641,48153,37895,0,0,2659,726,5017,3528,17548,4073,5110,0,0,30244,29125,176,1516,0,0,0,0,0
798,2072,799.2921181508864,99719,2489,1626,207,72,67454,36957,1.0470522167290086,1267,810,11461,17709,29815,20215,4760,9567,48166,37908,0,0,2609,716,4976,3552,17709,4180,5100,0,0,30356,28845,174,1502,0,0,0,0,0
799,2072,800.1937940410987,99718,2494,1579,208,72,67773,37130,1.0519966304980044,1222,802,11480,17690,29868,20333,4727,9523,48179,37921,0,0,2580,708,4942,3570,17841,4246,5082,0,0,30440,28653,170,1486,0,0,0,0,0
800,2072,801.0945797019405,99717,2434,1543,209,72,68027,37302,1.056279270335048,1243,789,11488,17709,29930,20416,4695,9470,48192,37934,0,0,2550,700,4907,3576,17983,4307,5069,0,0,30521,28460,168,1476,0,0,0,0,0
801,2072,802.2939806208184,99715,2374,1503,210,73,68372,37544,1.0621872336158051,1255,769,11488,17743,30038,20521,4634,9390,48205,37947,0,0,2517,686,4859,3597,18189,4383,5046,0,0,30592,28215,168,1463,0,0,0,0,0
802,2072,803.1915591686727,99713,2335,1509,211,74,68617,37738,1.0666111740695796,1219,742,11500,17777,30124,20563,4610,9334,48218,37960,0,0,2494,676,4832,3615,18284,4462,5024,0,0,30652,28062,165,1447,0,0,0,0,0
803,2072,804.0871517175963,99712,2283,1452,211,75,68860,37877,1.0704529043645699,1211,769,11522,17784,30192,20633,4580,9286,48231,37973,0,0,2452,663,4803,3611,18421,4517,5033,0,0,30720,27888,162,1442,0,0,0,0,0
804,2072,805.2794279628624,99712,2226,1414,211,75,69202,38091,1.076028963414634,1199,739,11547,17802,30282,20742,4534,9227,48244,37986,0,0,2423,651,4773,3637,18592,4604,5009,0,0,30775,27664,158,1426,0,0,0,0,0
805,2072,806.1724247617436,99712,2203,1364,211,75,69460,38239,1.080100689987163,1177,745,11576,17815,30334,20819,4498,9181,48256,37998,0,0,2406,645,4750,3642,18721,4665,4985,0,0,30835,27490,157,1416,0,0,0,0,0
806,2072,807.0648333546497,99709,2182,1341,211,78,69721,38387,1.0842351242114554,1164,739,11594,17832,30370,20884,4478,9125,48268,38010,0,0,2379,635,4730,3636,18850,4724,4975,0,0,30876,27346,155,1403,0,0,0,0,0
807,2072,808.2534572238842,99707,2153,1309,212,79,70073,38591,1.0898332113091358,1118,701,11621,17874,30474,20968,4421,9068,48280,38022,0,0,2345,627,4694,3650,19004,4811,4957,0,0,30924,27148,151,1396,0,0,0,0,0
808,2072,809.1433000923358,99707,2154,1303,212,79,70350,38756,1.0942661999659,1077,667,11640,17909,30520,21024,4396,9017,48292,38034,0,0,2321,620,4667,3659,19100,4880,4941,0,0,30988,26995,150,1386,0,0,0,0,0
809,2072,810.0325437433522,99705,2130,1281,214,79,70588,38891,1.098029186098992,1053,653,11667,17922,30560,21093,4375,8971,48304,38046,0,0,2289,611,4635,3655,19222,4945,4939,0,0,30989,26894,149,1377,0,0,0,0,0
810,2072,811.2171686270967,99705,2059,1320,214,79,70880,39119,1.1032445714858834,1042,620,11728,17949,30623,21121,4333,8910,48316,38058,0,0,2266,606,4604,3663,19364,5032,4915,0,0,31018,26721,147,1369,0,0,0,0,0
811,2072,812.1048179503327,99704,2000,1301,214,80,71098,39260,1.106856294632111,1044,608,11770,17962,30665,21183,4306,8865,48328,38070,0,0,2238,603,4590,3668,19450,5103,4901,0,0,31067,26575,146,1363,0,0,0,0,0
812,2072,813.2869083604214,99704,1927,1276,214,80,71391,39436,1.1115602182460083,1000,603,11802,17993,30782,21246,4274,8801,48340,38082,0,0,2210,600,4557,3679,19575,5198,4876,0,0,31115,26400,145,1349,0,0,0,0,0
813,2072,814.1721187402369,99703,1878,1259,215,80,71603,39560,1.1149413758863826,970,609,11841,18041,30841,21261,4254,8749,48352,38094,0,0,2181,595,4532,3686,19656,5265,4862,0,0,31164,26279,141,1342,0,0,0,0,0
814,2072,815.0564483955361,99702,1852,1235,216,80,71808,39701,1.1184229002427233,941,593,11863,18051,30888,21315,4239,8725,48364,38106,0,0,2151,587,4511,3690,19754,5314,4853,0,0,31221,26145,140,1336,0,0,0,0,0
815,2072,816.2345344709522,99701,1798,1191,217,80,72076,39853,1.122646713673885,899,615,11897,18099,30995,21356,4193,8658,48376,38117,0,0,2123,577,4489,3677,19917,5371,4849,0,0,31271,25962,138,1327,0,0,0,0,0
816,2072,817.1167270965302,99699,1806,1197,219,80,72276,39994,1.126089529483746,872,589,11937,18126,30983,21387,4182,8620,48387,38128,0,0,2109,572,4470,3674,19998,5418,4829,0,0,31318,25850,137,1324,0,0,0,0,0
817,2072,818.2930260521367,99699,1753,1177,219,80,72524,40161,1.130252058696677,870,597,11971,18174,31032,21414,4154,8557,48398,38139,0,0,2085,567,4449,3690,20112,5491,4800,0,0,31360,25693,135,1317,0,0,0,0,0
818,2072,819.1750247637261,99699,1728,1142,219,80,72726,40274,1.1334115688221547,843,596,12020,18204,31053,21460,4136,8517,48409,38150,0,0,2057,560,4440,3696,20171,5561,4794,0,0,31402,25571,134,1313,0,0,0,0,0
819,2072,820.0571033374566,99699,1691,1129,219,80,72909,40390,1.13641059589364,839,603,12075,18237,31060,21469,4115,8481,48420,38161,0,0,2041,559,4426,3694,20250,5621,4777,0,0,31429,25462,132,1308,0,0,0,0,0
820,2072,821.2331816780733,99699,1655,1102,219,80,73149,40564,1.1405630949156962,840,599,12135,18285,31071,21511,4079,8422,48431,38172,0,0,2015,556,4412,3703,20373,5695,4759,0,0,31438,25319,130,1299,0,0,0,0,0
821,2072,822.1157540404802,99699,1679,1059,219,80,73365,40674,1.1438329371407938,765,609,12188,18313,31084,21552,4064,8386,48442,38183,0,0,2001,552,4394,3701,20470,5747,4749,0,0,31459,25203,128,1295,0,0,0,0,0
822,2072,823.2927379786936,99698,1597,1076,219,81,73572,40862,1.1478063752532648,783,566,12264,18391,31112,21554,4024,8331,48453,38194,0,0,1985,543,4365,3717,20576,5826,4723,0,0,31484,25063,128,1288,0,0,0,0,0
823,2072,824.1755916254352,99697,1582,1069,219,82,73754,40991,1.150937340140626,763,535,12325,18421,31110,21596,4000,8296,48464,38205,0,0,1964,540,4351,3716,20657,5877,4714,0,0,31511,24956,127,1284,0,0,0,0,0
824,2072,825.0589326032756,99696,1533,1045,220,82,73909,41105,1.1536470871449205,792,517,12354,18457,31113,21635,3987,8263,48475,38216,0,0,1944,538,4339,3721,20728,5936,4697,0,0,31540,24850,126,1277,0,0,0,0,0
825,2072,826.2373256976979,99694,1516,986,221,83,74138,41255,1.1574718639035448,789,514,12403,18520,31114,21683,3956,8213,48486,38226,0,0,1910,537,4318,3717,20828,6007,4690,0,0,31588,24704,126,1269,0,0,0,0,0
826,2072,827.1217791263657,99693,1514,946,222,83,74316,41350,1.1602218811752079,761,502,12473,18563,31095,21727,3934,8178,48497,38236,0,0,1893,535,4298,3706,20925,6052,4684,0,0,31609,24602,126,1263,0,0,0,0,0
827,2072,828.007293641308,99692,1471,923,223,83,74476,41450,1.1628415519800988,764,509,12541,18599,31095,21746,3905,8139,48508,38246,0,0,1880,530,4276,3715,21007,6106,4666,0,0,31628,24502,124,1258,0,0,0,0,0
828,2072,829.188485153452,99690,1421,910,224,84,74690,41585,1.1663657337747015,738,490,12597,18664,31151,21755,3868,8096,48519,38256,0,0,1858,530,4261,3713,21099,6179,4650,0,0,31645,24382,123,1250,0,0,0,0,0
829,2072,830.0740791241475,99689,1365,907,225,84,74817,41698,1.1687849211046355,759,458,12669,18708,31132,21767,3849,8075,48529,38266,0,0,1844,529,4251,3711,21165,6237,4637,0,0,31654,24295,121,1245,0,0,0,0,0
830,2072,831.2562236087007,99689,1364,876,225,84,75034,41836,1.1723459960477083,713,426,12765,18772,31105,21807,3827,8034,48539,38276,0,0,1832,525,4237,3715,21239,6303,4618,0,0,31707,24157,118,1238,0,0,0,0,0
831,2072,832.1442122951817,99688,1354,843,226,84,75193,41912,1.174715111146778,698,431,12812,18811,31104,21820,3805,8010,48549,38286,0,0,1820,521,4224,3717,21300,6358,4602,0,0,31714,24083,117,1232,0,0,0,0,0
832,2072,833.0327428114431,99688,1343,833,226,84,75341,42000,1.1770824973918625,687,412,12852,18870,31098,21817,3793,7983,48559,38296,0,0,1808,518,4208,3720,21361,6403,4589,0,0,31734,24003,115,1229,0,0,0,0,0
833,2072,834.2182282933156,99688,1294,796,226,84,75542,42098,1.180081855388813,671,419,12930,18936,31107,21825,3771,7939,48569,38306,0,0,1788,512,4183,3732,21436,6465,4573,0,0,31786,23873,115,1225,0,0,0,0,0
834,2072,835.1078240986869,99687,1288,789,227,84,75693,42197,1.182601542829055,657,410,12978,18964,31089,21851,3760,7901,48579,38316,0,0,1771,509,4171,3734,21489,6509,4560,0,0,31819,23790,115,1220,0,0,0,0,0
835,2072,836.2949073280772,99687,1253,772,227,84,75887,42318,1.1857614332861857,630,391,13053,19023,31100,21868,3736,7861,48589,38326,0,0,1756,508,4161,3719,21554,6587,4549,0,0,31851,23676,114,1212,0,0,0,0,0
836,2072,837.1858589675259,99685,1218,765,228,85,76018,42403,1.1879520489542057,628,384,13115,19064,31085,21870,3725,7831,48599,38336,0,0,1740,503,4150,3719,21617,6630,4537,0,0,31865,23605,114,1205,0,0,0,0,0
837,2072,838.0776180381861,99685,1189,761,228,85,76159,42502,1.190359632843457,615,359,13165,19092,31092,21891,3710,7811,48609,38345,0,0,1721,495,4137,3715,21700,6667,4534,0,0,31870,23533,112,1201,0,0,0,0,0
838,2072,839.2674257391737,99684,1189,726,228,86,76352,42607,1.1933610208258096,583,340,13226,19159,31089,21911,3684,7777,48619,38354,0,0,1706,487,4126,3719,21745,6741,4523,0,0,31895,23435,111,1196,0,0,0,0,0
839,2072,840.1604008846335,99683,1173,703,229,86,76480,42670,1.1952890663402989,568,341,13300,19199,31062,21915,3667,7755,48629,38363,1,1,1696,483,4123,3717,21806,6783,4514,0,0,31882,23374,110,1194,0,1,0,0,0
840,2072,841.0545138285688,99682,1123,695,229,87,76594,42753,1.1972773419473928,590,320,13351,19254,31050,21911,3656,7732,48639,38372,2,2,1691,480,4107,3720,21858,6841,4493,0,0,31882,23309,109,1189,0,3,0,0,0
841,2072,842.2480359000097,99682,1099,689,229,87,76768,42855,1.2000461467466543,555,315,13439,19313,31040,21901,3637,7694,48649,38381,3,3,1681,479,4093,3712,21901,6918,4478,0,0,31893,23226,108,1188,0,4,0,0,1
842,2072,843.143853683033,99682,1091,676,229,87,76891,42928,1.202012399430188,528,311,13487,19363,31037,21892,3627,7670,48659,38390,4,4,1671,476,4087,3699,21943,6968,4474,0,0,31895,23169,107,1186,0,5,0,0,2
843,2072,844.0405572345035,99682,1056,673,229,87,76999,42998,1.203798077887683,519,304,13559,19408,31013,21876,3623,7651,48668,38399,6,5,1660,472,4084,3695,21994,7015,4464,0,0,31879,23123,105,1183,0,6,0,0,2
844,2072,845.237858440783,99682,1022,648,229,87,77145,43089,1.2061756385305271,508,295,13662,19469,30969,21879,3609,7621,48677,38408,9,6,1648,468,4070,3696,22056,7072,4449,0,0,31888,23037,104,1183,0,8,0,0,3
845,2072,846.1375730785742,99681,1011,629,230,87,77267,43156,1.2080837872814278,491,293,13722,19527,30948,21861,3597,7602,48686,38417,13,7,1638,467,4060,3699,22093,7118,4432,0,0,31901,22973,104,1180,0,9,1,0,6
846,2072,847.0383559032126,99681,998,634,230,87,77372,43233,1.2099096116611991,471,282,13793,19582,30924,21830,3583,7584,48695,38426,18,8,1631,465,4057,3695,22136,7151,4413,0,0,31919,22914,103,1176,0,11,2,0,8
847,2072,848.241262943953,99679,1000,590,232,87,77528,43308,1.2122513267588961,466,289,13870,19658,30863,21821,3568,7554,48704,38435,25,9,1620,463,4044,3690,22205,7202,4401,0,0,31925,22831,102,1169,0,12,3,0,12
848,2072,849.1450262500372,99679,981,582,232,87,77624,43373,1.2138665115019212,474,269,13944,19715,30808,21814,3560,7532,48713,38444,33,10,1608,460,4038,3697,22234,7243,4390,0,0,31938,22773,101,1165,0,14,3,0,15
849,2072,850.0504608513866,99679,963,603,232,87,77734,43448,1.215722469125894,479,242,13992,19762,30783,21786,3550,7519,48722,38453,43,11,1600,458,4024,3697,22289,7276,4375,0,0,31926,22731,100,1162,0,17,4,0,20
850,2072,851.2594712111724,99678,932,570,233,87,77870,43509,1.2177110295150384,450,244,14109,19844,30744,21767,3531,7487,48731,38461,55,12,1585,457,4012,3709,22339,7335,4352,0,0,31904,22676,100,1157,1,22,4,0,25
851,2072,852.1678621310598,99677,921,554,234,87,77981,43565,1.2193986576642555,433,242,14167,19902,30722,21749,3522,7465,48740,38469,69,13,1577,454,4008,3707,22384,7371,4339,0,0,31901,22617,100,1155,1,26,5,0,32
852,2072,853.0773537090006,99676,891,556,235,87,78076,43622,1.220935832095991,429,246,14239,19943,30699,21714,3506,7453,48749,38477,85,14,1568,451,4000,3715,22422,7405,4319,0,0,31899,22566,100,1154,1,34,6,0,36
853,2072,854.2916279209853,99676,881,537,235,87,78223,43686,1.223052690717926,407,256,14313,20026,30675,21654,3488,7439,48758,38485,104,15,1559,448,3985,3716,22461,7456,4301,0,0,31913,22494,98,1151,1,47,7,0,39
854,2072,855.203333390819,99676,868,532,235,87,78309,43752,1.2245776315261447,396,250,14375,20055,30644,21637,3481,7438,48767,38493,125,17,1551,446,3973,3710,22514,7488,4295,0,0,31898,22447,96,1146,4,54,8,0,46
855,2072,856.1161792340083,99676,844,524,235,87,78396,43812,1.2260524098077772,412,248,14433,20096,30604,21618,3471,7426,48776,38501,149,19,1541,446,3963,3712,22527,7537,4286,0,0,31913,22382,96,1142,5,58,12,0,56
856,2072,857.030445552826,99676,841,503,235,87,78483,43863,1.2274368955415547,407,234,14518,20143,30537,21606,3461,7426,48785,38509,176,21,1534,444,3954,3700,22580,7566,4276,0,0,31904,22332,96,1139,5,69,12,0,65
857,2072,858.2523778875928,99676,823,487,235,87,78617,43926,1.2294132990890485,377,239,14594,20217,30520,21559,3450,7410,48794,38517,206,23,1521,444,3945,3695,22627,7613,4268,0,0,31906,22255,95,1134,6,78,14,0,75
858,2072,859.1700476439728,99676,807,482,235,87,78706,43979,1.2308379148440949,381,239,14654,20256,30478,21523,3444,7412,48803,38525,239,26,1515,443,3934,3688,22669,7646,4256,0,0,31902,22196,95,1131,6,89,17,0,89
859,2072,860.0890711807674,99676,792,467,235,87,78795,44037,1.2323126931257273,369,226,14728,20292,30440,21507,3435,7420,48811,38533,276,29,1508,440,3925,3677,22705,7684,4249,0,0,31906,22126,95,1129,6,103,20,0,103
860,2072,861.0097244741498,99676,757,460,235,87,78873,44091,1.2336369838276013,374,228,14792,20318,30413,21478,3428,7428,48819,38541,317,32,1495,439,3912,3669,22738,7728,4245,0,0,31883,22078,95,1126,7,121,24,0,116
861,2072,862.2392473394624,99676,730,454,235,87,78988,44170,1.2355832898591437,366,211,14905,20389,30348,21440,3415,7418,48827,38549,361,36,1489,434,3902,3676,22776,7773,4224,0,0,31894,21982,94,1123,7,142,24,0,136
862,2072,863.1635323896292,99676,721,450,235,87,79079,44224,1.2370380031301416,343,220,14960,20418,30321,21383,3419,7441,48835,38557,409,40,1480,432,3895,3675,22809,7813,4217,0,0,31872,21925,94,1118,7,161,26,0,152
863,2072,864.0889652911158,99675,685,455,235,88,79147,44280,1.238294456985202,345,208,15030,20458,30285,21325,3419,7465,48843,38565,462,45,1469,430,3887,3672,22827,7851,4206,0,0,31876,21860,94,1113,10,182,29,0,169
864,2072,865.0158972741996,99675,698,439,235,88,79249,44329,1.2398093804865813,301,207,15106,20473,30237,21298,3422,7494,48851,38573,519,50,1456,427,3877,3671,22852,7892,4203,0,0,31847,21807,94,1108,11,207,34,0,189
865,2072,866.2543528244083,99674,657,433,235,89,79328,44399,1.2413166924172803,309,205,15197,20509,30190,21238,3411,7525,48859,38581,580,56,1448,426,3871,3670,22862,7953,4186,0,0,31828,21736,94,1107,11,240,35,0,207
866,2072,867.1849554247956,99673,612,426,236,89,79388,44452,1.2424628535310465,315,203,15269,20549,30165,21180,3402,7552,48867,38588,646,62,1438,424,3859,3669,22892,7998,4181,0,0,31792,21674,93,1103,13,268,37,0,232
867,2072,868.1168087962601,99673,596,429,236,89,79446,44506,1.2435865279463847,313,199,15343,20578,30114,21122,3397,7582,48875,38595,716,69,1433,423,3846,3663,22937,8028,4172,0,0,31750,21620,92,1100,14,294,43,0,258
868,2072,869.0504242885775,99673,591,425,236,89,79525,44554,1.24486069447092,286,195,15431,20603,30061,21069,3394,7618,48883,38602,791,77,1425,421,3841,3656,22962,8073,4169,0,0,31697,21568,92,1096,15,325,49,0,284
869,2072,870.2982721466634,99672,598,412,237,89,79630,44610,1.246488482221687,273,196,15515,20638,29981,21003,3395,7661,48891,38609,871,86,1416,419,3829,3652,22986,8120,4161,0,0,31664,21499,91,1094,16,361,52,0,312
870,2072,871.2363990256946,99670,577,420,238,90,79694,44668,1.2477375338617438,270,185,15591,20663,29928,20943,3395,7698,48899,38616,956,95,1409,415,3822,3658,22996,8164,4146,0,0,31629,21434,91,1091,18,395,56,0,346
871,2072,872.1763864659739,99670,569,414,238,90,79756,44706,1.2487408447877997,272,187,15651,20685,29876,20868,3393,7755,48907,38623,1046,105,1402,411,3811,3657,23007,8206,4141,0,0,31586,21380,89,1088,19,436,61,0,376
872,2072,873.1184406898525,99670,568,414,238,90,79819,44754,1.2498545199157218,268,167,15747,20700,29783,20812,3395,7816,48915,38630,1142,116,1393,410,3801,3643,23033,8236,4138,0,0,31549,21312,89,1083,23,476,68,0,416
873,2072,874.0632699681536,99669,551,406,239,90,79893,44802,1.2510911115793275,260,153,15819,20713,29738,20739,3392,7898,48923,38637,1243,128,1381,408,3787,3643,23062,8279,4130,0,0,31487,21259,88,1076,27,528,72,0,442
874,2072,875.0099412062497,99669,564,398,239,90,79971,44841,1.252264997140535,247,145,15871,20735,29683,20662,3395,7969,48931,38644,1349,141,1373,406,3775,3638,23073,8313,4125,0,0,31458,21184,87,1073,29,573,80,0,482
875,2072,876.2754361958806,99668,557,385,239,91,80056,44890,1.2536220251234098,257,131,15974,20785,29583,20568,3389,8039,48939,38651,1461,155,1368,404,3764,3635,23094,8362,4112,0,0,31409,21099,87,1070,29,624,83,0,528
876,2072,877.2273576474636,99668,526,353,239,91,80112,44919,1.2544748565236585,271,138,16052,20792,29517,20506,3394,8119,48947,38658,1578,170,1364,401,3756,3625,23094,8424,4106,0,0,31373,21010,87,1069,29,673,86,0,571
877,2072,878.181725390041,99668,538,341,239,91,80182,44947,1.2554581209615925,256,147,16110,20809,29457,20400,3399,8211,48955,38665,1701,186,1360,399,3750,3616,23078,8482,4103,0,0,31331,20941,87,1063,33,725,89,0,611
878,2072,879.1382391297903,99668,518,322,239,91,80236,44983,1.2563611189147972,261,156,16185,20814,29391,20311,3405,8305,48962,38672,1829,203,1353,399,3739,3618,23075,8538,4091,0,0,31256,20880,87,1062,33,801,93,0,643
879,2072,880.0969831463644,99668,516,321,239,91,80306,45021,1.2574447164586426,245,156,16256,20827,29340,20213,3403,8391,48969,38679,1963,221,1348,397,3724,3617,23082,8590,4079,0,0,31195,20813,87,1057,36,853,101,0,689
880,2072,881.0576888530268,99668,493,320,239,91,80368,45064,1.2584982140707148,232,146,16333,20820,29298,20136,3404,8486,48976,38686,2103,241,1339,393,3712,3614,23076,8650,4076,0,0,31142,20724,86,1052,38,904,110,0,752
881,2072,882.0202775959517,99668,484,308,239,91,80415,45101,1.2593410121603725,244,140,16378,20828,29234,20038,3420,8594,48983,38693,2248,262,1336,389,3700,3617,23079,8693,4067,0,0,31075,20645,85,1050,38,978,118,0,798
882,2072,883.3069983923583,99668,488,291,239,91,80504,45149,1.2607155757113617,219,133,16505,20821,29122,19975,3426,8688,48990,38700,2399,284,1334,387,3687,3615,23084,8754,4054,0,0,31002,20556,84,1045,42,1046,129,0,849
883,2072,884.2755001473078,99668,479,291,239,91,80559,45187,1.26164867359634,212,138,16589,20829,29044,19873,3436,8777,48997,38707,2556,308,1327,385,3674,3617,23062,8810,4047,0,0,30942,20468,84,1040,46,1116,138,0,912
884,2072,885.2468227887282,99667,461,283,240,91,80602,45224,1.2624640051371065,220,135,16659,20834,28970,19768,3449,8888,49004,38713,2718,333,1319,384,3661,3612,23047,8879,4043,0,0,30870,20392,83,1038,48,1179,146,0,966
885,2072,886.220980222826,99667,457,270,240,91,80656,45256,1.263326878505423,206,142,16734,20841,28888,19645,3474,9010,49011,38719,2886,360,1315,383,3641,3607,23037,8935,4035,0,0,30795,20311,82,1036,49,1260,160,0,1021
886,2072,887.1981812553795,99667,448,242,240,91,80710,45286,1.2641696850512205,203,135,16803,20825,28810,19573,3495,9133,49018,38725,3059,388,1309,382,3626,3604,23030,8989,4026,0,0,30732,20205,82,1031,52,1340,171,0,1088
887,2072,888.1783901598901,99666,448,243,241,91,80761,45319,1.265025184114944,200,132,16880,20807,28721,19457,3509,9269,49025,38731,3238,418,1306,379,3617,3597,23007,9047,4019,0,0,30651,20136,82,1025,57,1430,179,0,1134
888,2072,889.1616063883858,99666,443,242,241,91,80816,45345,1.2658378985812615,193,131,16947,20804,28643,19321,3532,9410,49032,38737,3422,450,1298,379,3606,3598,22976,9120,4013,0,0,30558,20061,82,1021,59,1508,187,0,1200
889,2072,890.1475334752752,99666,428,238,241,91,80862,45379,1.266640579535649,199,130,17031,20788,28542,19206,3558,9546,49039,38743,3612,484,1292,379,3585,3599,22946,9193,4004,0,0,30482,19966,82,1020,59,1586,199,0,1274
890,2072,891.1369369941708,99666,414,253,241,91,80910,45418,1.2675134950735456,199,114,17100,20759,28465,19093,3580,9689,49046,38749,3807,519,1288,377,3576,3600,22913,9261,3992,0,0,30405,19864,81,1016,62,1670,202,0,1359
891,2072,892.1293598685216,99665,414,255,241,92,80964,45453,1.2684192043345206,183,106,17163,20740,28395,18968,3603,9838,49053,38755,4007,556,1282,376,3554,3601,22889,9318,3981,0,0,30329,19772,81,1013,64,1754,221,0,1430
892,2072,893.1243777809054,99665,409,243,241,92,81013,45477,1.2691516580544826,184,102,17217,20723,28312,18864,3636,9975,49060,38761,4212,595,1273,375,3541,3592,22859,9399,3982,0,0,30245,19673,81,1011,66,1826,231,0,1511
893,2072,894.1226293639645,99664,406,227,242,92,81061,45504,1.2699169208540697,183,107,17286,20699,28221,18747,3661,10127,49067,38767,4422,636,1266,372,3527,3588,22839,9459,3981,0,0,30156,19564,81,1007,69,1925,241,0,1589
894,2072,895.1240366149401,99664,401,230,242,92,81102,45539,1.270679483063092,181,98,17370,20689,28120,18609,3685,10281,49074,38773,4637,679,1262,371,3515,3583,22818,9515,3979,0,0,30058,19455,80,1003,73,2026,253,0,1673
895,2072,896.1290527815812,99664,398,216,242,92,81152,45562,1.2714119441322844,183,95,17439,20658,28024,18492,3713,10446,49081,38779,4856,724,1257,368,3498,3581,22779,9591,3975,0,0,29969,19347,80,999,76,2121,267,0,1756
896,2072,897.1377390593007,99663,382,201,243,92,81197,45584,1.272096966778042,167,96,17524,20618,27938,18382,3745,10610,49088,38785,5080,772,1249,367,3477,3577,22739,9669,3969,0,0,29878,19245,79,991,79,2226,282,0,1836
897,2072,898.1498882708106,99663,363,201,243,92,81237,45613,1.2727892999408006,178,94,17580,20593,27856,18249,3779,10770,49095,38791,5308,822,1243,364,3466,3576,22701,9745,3961,0,0,29780,19135,79,987,81,2323,294,0,1928
898,2072,899.165229106209,99663,367,201,243,92,81286,45641,1.273561903615183,167,83,17661,20532,27750,18145,3811,10946,49102,38797,5541,874,1239,363,3451,3577,22639,9835,3952,0,0,29685,19037,78,981,86,2418,308,0,2014
899,2072,900.1845879921142,99662,353,190,244,92,81311,45651,1.2739258694387028,201,106,17722,20591,27687,18102,3792,10918,49102,38797,5541,874,1238,360,3449,3580,22652,9849,3949,0,0,29675,19026,78,981,86,2418,307,0,2014
900,2072,900.1845879921142,99662,357,192,244,92,81334,45661,1.274256988621541,203,101,17732,20493,27629,18013,3834,11108,49102,38797,5778,928,1237,360,3436,3582,22595,9917,3946,1,3,29563,18925,78,979,88,2521,319,1,2111
901,2072,901.2079853068401,99662,370,185,244,92,81398,45677,1.275059701792057,199,103,17790,20498,27526,17864,3870,11257,49102,38797,6018,985,1233,359,3414,3581,22556,9984,3942,5,22,29425,18825,78,975,92,2642,336,1,2192
902,2072,902.235347631977,99662,373,169,244,92,81448,45698,1.2757721097308905,192,105,17832,20444,27459,17745,3899,11444,49102,38797,6262,1044,1231,358,3389,3580,22523,10054,3936,7,46,29292,18710,78,968,98,2751,357,3,2281
903,2072,903.2654020626729,99662,354,167,244,92,81499,45729,1.2765948907306697,188,94,17884,20429,27385,17605,3944,11612,49102,38797,6510,1105,1228,356,3373,3582,22471,10142,3930,10,74,29142,18595,78,965,101,2872,372,5,2366
904,2072,904.298424668413,99662,323,155,244,92,81527,45750,1.277086552547611,195,109,17963,20407,27283,17453,3991,11783,49102,38797,6761,1169,1226,356,3355,3578,22426,10233,3927,12,96,28996,18483,78,957,105,2987,386,7,2454
905,2072,905.3353654546413,99662,325,168,244,92,81576,45780,1.2778792318034957,187,100,18029,20366,27178,17304,4036,11969,49102,38797,7015,1235,1221,355,3336,3579,22365,10314,3925,17,111,28854,18383,78,949,112,3116,402,7,2538
906,2072,906.0290155164228,99662,330,165,244,92,81605,45791,1.278280588388754,188,105,18062,20291,27083,17166,4092,12180,49102,38797,7272,1304,1219,355,3320,3576,22303,10391,3924,19,122,28719,18279,78,948,113,3240,418,8,2630
907,2072,907.0735804206734,99662,322,161,244,92,81649,45815,1.2789628945836928,187,101,18125,20269,26976,17011,4145,12365,49102,38797,7532,1376,1215,355,3306,3572,22239,10482,3924,23,145,28560,18175,78,942,118,3379,430,8,2711
908,2072,908.1223161602136,99662,334,161,244,92,81707,45842,1.2798157773273664,164,95,18191,20227,26871,16867,4195,12557,49102,38797,7794,1450,1212,354,3295,3570,22185,10575,3921,26,157,28425,18051,78,936,120,3487,439,9,2822
909,2072,909.1753240543673,99662,343,166,244,92,81759,45872,1.2806385583271458,149,97,18250,20175,26761,16714,4252,12755,49102,38797,8059,1527,1211,353,3280,3572,22130,10662,3914,27,166,28266,17952,78,929,124,3625,452,11,2910
910,2072,910.2328367273278,99662,324,166,244,92,81797,45893,1.2812305592904016,157,102,18307,20143,26654,16569,4313,12927,49102,38797,8326,1607,1210,353,3252,3578,22075,10753,3907,28,179,28119,17840,78,921,131,3745,473,13,3007
911,2072,911.2946695443162,99661,329,166,245,92,81837,45920,1.2819156942033494,152,105,18358,20119,26544,16406,4371,13111,49102,38797,8595,1689,1209,353,3237,3581,22027,10830,3903,29,192,27954,17724,78,916,135,3885,486,13,3109
912,2072,912.0049651001251,99661,320,165,245,92,81860,45941,1.2823571908770732,159,93,18380,20055,26455,16287,4440,13307,49102,38797,8865,1774,1209,353,3219,3583,21958,10917,3900,29,207,27805,17609,78,908,142,4021,501,15,3207
913,2072,913.0744752172642,99661,309,168,245,92,81900,45970,1.2830495379335949,171,83,18417,20012,26349,16155,4508,13489,49102,38797,9137,1862,1208,353,3206,3585,21893,11016,3894,30,226,27646,17488,78,906,144,4152,512,15,3309
914,2072,914.1484024566018,99661,316,167,245,92,81948,45995,1.2837820210513642,165,80,18447,19977,26248,16020,4578,13663,49102,38797,9410,1953,1205,353,3182,3584,21820,11114,3892,33,246,27496,17369,78,896,153,4285,532,17,3406
915,2072,915.2268326092777,99661,313,148,245,92,81984,46009,1.2842837218169596,170,90,18499,19928,26126,15892,4646,13849,49102,38797,9684,2046,1205,353,3162,3582,21760,11204,3889,33,266,27317,17260,78,891,157,4441,551,19,3493
916,2072,916.3100614180811,99661,322,140,245,92,82031,46029,1.2849560008428573,172,96,18530,19899,26013,15732,4717,14040,49102,38797,9959,2142,1204,353,3144,3589,21676,11310,3882,34,281,27178,17135,77,882,165,4561,568,21,3601
917,2072,917.0348383322765,99661,328,135,245,92,82068,46049,1.285527939715636,170,91,18559,19825,25910,15594,4787,14262,49102,38797,10235,2241,1203,352,3130,3588,21603,11407,3880,35,291,27026,17016,77,879,167,4695,581,27,3704
918,2072,918.1269539401583,99661,320,134,245,92,82110,46071,1.286170116695598,165,101,18625,19782,25789,15461,4855,14429,49102,38797,10512,2343,1198,352,3113,3587,21532,11507,3877,40,307,26863,16896,77,873,173,4835,597,29,3805
919,2072,919.2243978328227,99661,316,142,245,92,82153,46100,1.2868925657980554,167,92,18674,19754,25672,15306,4925,14613,49102,38797,10789,2448,1197,350,3098,3589,21448,11609,3873,41,316,26707,16773,77,866,179,4980,610,35,3913
920,2072,920.327037503669,99661,298,145,245,92,82194,46129,1.2875949468698888,175,92,18727,19740,25556,15153,4998,14777,49102,38797,11066,2555,1196,349,3079,3587,21369,11720,3865,42,328,26563,16649,77,860,183,5109,625,45,4015
921,2072,921.0647681323923,99660,309,149,246,92,82235,46148,1.2882099137066025,174,87,18752,19679,25436,15007,5082,14985,49102,38797,11343,2665,1196,348,3059,3589,21308,11804,3862,42,338,26388,16539,77,856,187,5263,644,47,4113
922,2072,922.17727005793,99660,304,149,246,92,82280,46172,1.2889022677102147,180,87,18796,19683,25316,14850,5157,15138,49102,38797,11620,2778,1194,346,3041,3590,21234,11908,3858,44,354,26219,16420,77,852,190,5410,660,53,4210
923,2072,923.2949557854027,99660,301,154,246,92,82333,46200,1.2897150311057597,172,78,18840,19641,25202,14701,5238,15333,49102,38797,11897,2894,1192,346,3020,3590,21181,11996,3851,46,366,26052,16287,77,848,193,5552,679,56,4328
924,2072,924.0430017846367,99660,297,149,246,92,82363,46214,1.2901565322095123,171,84,18851,19569,25103,14563,5331,15542,49102,38797,12173,3013,1191,343,3003,3594,21092,12100,3848,47,379,25889,16169,77,843,198,5703,695,59,4430
925,2072,925.1702441181816,99660,310,146,246,92,82411,46230,1.2907987156331526,152,98,18881,19531,24986,14427,5424,15705,49102,38797,12449,3134,1188,343,2986,3595,21008,12205,3844,50,384,25725,16062,77,839,201,5852,710,63,4528
926,2072,926.3028489036378,99660,309,151,246,92,82459,46257,1.2915512743327313,128,89,18925,19500,24878,14286,5513,15881,49102,38797,12724,3258,1185,342,2963,3594,20918,12328,3840,53,397,25559,15959,77,833,205,5996,730,68,4613
927,2072,927.0609502242656,99660,294,150,246,92,82479,46275,1.2919325707405178,130,88,18925,19433,24789,14168,5615,16068,49102,38797,12998,3385,1185,341,2943,3595,20817,12450,3837,53,403,25402,15853,77,829,209,6138,747,74,4707
928,2072,928.2032749488372,99660,292,143,246,92,82518,46291,1.2924844471202086,126,88,18966,19397,24655,14024,5714,16255,49102,38797,13271,3515,1184,341,2918,3595,20744,12548,3834,54,418,25225,15739,77,819,218,6297,769,78,4802
929,2072,929.3516846340113,99659,281,140,246,93,82552,46317,1.2930994691899378,125,80,18989,19369,24539,13890,5819,16427,49102,38797,13543,3647,1183,341,2898,3591,20680,12641,3830,55,438,25061,15605,77,815,221,6443,787,82,4911
930,2072,930.1205195061741,99659,282,146,246,93,82580,46335,1.293561043157166,121,77,19007,19303,24416,13763,5927,16617,49102,38797,13814,3782,1183,340,2878,3592,20592,12749,3829,55,442,24887,15505,77,808,227,6601,805,83,5006
931,2072,931.2803377870956,99659,253,137,246,93,82611,46357,1.2940928566411463,142,69,19049,19273,24286,13652,6023,16775,49102,38797,14083,3920,1181,338,2854,3592,20508,12867,3825,57,458,24739,15367,77,803,231,6726,825,90,5121
932,2072,932.0571750215429,99659,244,139,246,93,82630,46377,1.2944841910916225,141,61,19057,19218,24169,13529,6142,16959,49102,38797,14350,4060,1180,338,2835,3592,20427,12976,3823,58,463,24558,15265,77,797,237,6886,839,92,5216
933,2072,933.2293403646265,99659,234,138,246,93,82660,46397,1.2949859019255663,136,60,19123,19202,24011,13386,6249,17120,49102,38797,14616,4203,1180,338,2818,3593,20356,13075,3818,58,466,24357,15175,77,792,242,7064,855,98,5297
934,2072,934.0151358476518,99659,220,135,246,93,82686,46407,1.2953471337260056,133,62,19138,19159,23899,13257,6363,17293,49102,38797,14880,4348,1178,338,2796,3592,20261,13191,3814,60,475,24198,15069,77,787,246,7209,877,101,5390
935,2072,935.2012943811097,99659,223,124,246,93,82721,46419,1.2958187419099128,123,64,19204,19131,23736,13119,6467,17468,49102,38797,15142,4496,1175,338,2775,3595,20172,13300,3809,63,487,24020,14966,77,782,251,7371,896,103,5479
936,2072,936.3954111637908,99659,213,121,246,93,82752,46437,1.2963104185271777,120,60,19234,19139,23606,12956,6580,17630,49102,38797,15402,4646,1174,338,2757,3591,20079,13416,3806,64,501,23864,14843,77,775,258,7512,913,107,5584
937,2072,937.1952841926878,99659,225,120,246,93,82792,46453,1.2968723346611948,97,57,19260,19088,23471,12844,6700,17797,49102,38797,15660,4798,1174,338,2731,3592,20010,13503,3802,64,509,23713,14730,77,763,268,7653,936,111,5685
938,2072,938.4031129254424,99659,223,119,246,93,82826,46472,1.297404148145175,99,57,19319,19052,23301,12720,6811,17958,49102,38797,15916,4952,1173,337,2710,3591,19926,13609,3799,65,520,23561,14596,77,760,271,7788,957,115,5804
939,2072,939.2132622745763,99658,207,107,247,93,82840,46480,1.2976379216921874,100,60,19338,19000,23177,12614,6930,18125,49102,38797,16169,5109,1173,336,2692,3595,19845,13712,3794,65,526,23396,14472,77,755,276,7936,971,119,5918
940,2072,940.0279584936419,99658,210,113,247,93,82859,46498,1.2980091914347067,98,59,19336,18953,23052,12487,7056,18294,49102,38797,16420,5268,1173,336,2674,3590,19751,13821,3794,65,524,23242,14363,77,751,280,8081,988,127,6021
941,2072,941.2582066719191,99658,211,110,247,93,82891,46524,1.2985911818418994,108,50,19377,18926,22879,12373,7177,18447,49102,38797,16669,5429,1173,335,2654,3590,19670,13926,3792,65,537,23085,14239,77,744,286,8220,1006,136,6123
942,2072,942.0834933399906,99658,213,109,247,93,82915,46536,1.2989524172670532,103,50,19371,18875,22745,12252,7320,18620,49102,38797,16915,5592,1173,335,2641,3590,19569,14044,3790,65,540,22922,14133,77,740,290,8368,1019,140,6222
943,2072,943.3301265840444,99658,197,104,247,93,82942,46552,1.299383892913765,104,48,19401,18864,22609,12128,7441,18762,49102,38797,17159,5757,1172,335,2625,3589,19474,14160,3788,66,557,22766,14011,77,735,293,8510,1033,146,6321
944,2072,944.1655547291118,99658,199,103,247,93,82967,46563,1.2997451283389192,93,45,19426,18859,22460,11993,7574,18906,49102,38797,17400,5924,1170,335,2604,3585,19401,14251,3788,68,556,22581,13923,77,734,293,8683,1053,151,6405
945,2072,945.0060657297881,99658,189,99,247,93,82980,46569,1.2999357803688616,96,52,19436,18824,22322,11879,7709,19052,49102,38797,17638,6092,1170,335,2581,3585,19321,14352,3787,68,554,22417,13829,77,725,302,8834,1071,156,6494
946,2072,946.2770375698404,99658,189,102,247,93,83006,46586,1.3003672560155732,90,49,19483,18816,22156,11759,7834,19180,49102,38797,17874,6262,1169,335,2565,3584,19219,14471,3784,69,557,22273,13724,77,719,307,8968,1085,159,6593
947,2072,947.1295211538338,99658,188,100,247,93,83029,46597,1.3007084228059964,90,49,19483,18748,22026,11666,7965,19343,49102,38797,18107,6434,1168,335,2548,3582,19122,14582,3783,70,566,22134,13604,77,714,311,9098,1102,162,6700
948,2072,948.417128196033,99658,183,94,247,93,83057,46611,1.3011298641353428,86,55,19505,18746,21891,11533,8087,19478,49102,38797,18337,6607,1165,335,2533,3581,19035,14691,3780,73,562,21976,13506,77,710,315,9241,1117,175,6786
949,2072,949.2800349355696,99658,186,98,247,93,83082,46622,1.301491099560497,80,55,19498,18714,21749,11418,8239,19621,49102,38797,18564,6782,1164,335,2514,3579,18940,14796,3779,74,568,21817,13411,77,707,318,9393,1136,177,6873
950,2072,950.1485653949289,99658,182,104,247,93,83099,46639,1.30183226635092,90,46,19505,18680,21605,11301,8370,19775,49102,38797,18789,6958,1164,335,2494,3580,18853,14896,3777,74,569,21657,13318,77,702,323,9543,1154,183,6959
951,2072,951.0228096925739,99658,184,99,247,93,83120,46649,1.3021433301892473,87,48,19515,18646,21450,11198,8516,19915,49102,38797,19011,7135,1162,335,2477,3583,18745,15015,3774,76,574,21501,13238,77,701,324,9689,1170,187,7030
952,2072,952.3448471979311,99657,175,94,248,93,83146,46664,1.3025678075799993,83,46,19550,18656,21301,11095,8642,20015,49102,38797,19230,7313,1162,334,2460,3584,18648,15132,3771,76,582,21346,13136,77,697,328,9830,1184,198,7112
953,2072,953.231747885185,99657,175,94,248,93,83169,46675,1.3029089777938327,77,52,19530,18643,21179,10988,8790,20129,49102,38797,19446,7492,1160,334,2440,3582,18562,15233,3769,78,581,21191,13045,77,696,328,9976,1204,205,7196
954,2072,954.1238259843431,99657,175,102,248,93,83186,46688,1.3032100103354507,78,53,19508,18603,21052,10886,8938,20262,49102,38797,19659,7672,1159,333,2424,3585,18456,15347,3767,79,581,21046,12952,77,696,328,10115,1218,207,7287
955,2072,955.0213221123657,99657,165,109,248,93,83202,46707,1.303561214967338,84,45,19527,18579,20903,10791,9072,20382,49102,38797,19869,7853,1157,333,2411,3588,18356,15457,3763,81,584,20905,12849,77,693,331,10248,1230,213,7381
956,2072,956.378225138378,99657,149,94,248,93,83227,46723,1.3039726261075488,77,47,19546,18602,20776,10700,9203,20463,49102,38797,20076,8035,1155,333,2390,3588,18263,15576,3761,83,594,20745,12757,77,687,333,10393,1246,224,7452
957,2072,957.2880314783835,99657,151,102,248,93,83247,46736,1.3043037619033284,79,40,19521,18593,20653,10602,9347,20569,49102,38797,20280,8218,1152,333,2373,3589,18161,15683,3760,86,596,20605,12662,77,684,336,10528,1263,227,7542
958,2072,958.2031999035663,99657,145,100,248,93,83260,46751,1.3045847256088383,88,39,19504,18567,20518,10522,9496,20678,49102,38797,20482,8402,1152,333,2356,3589,18072,15790,3759,86,597,20458,12580,77,676,343,10662,1277,235,7615
959,2072,959.1241653933131,99657,140,97,248,93,83274,46761,1.3048255516421325,91,33,19517,18562,20369,10422,9634,20792,49102,38797,20681,8586,1151,333,2339,3587,17989,15888,3759,87,601,20307,12487,77,669,350,10803,1291,239,7700
960,2072,960.0517761137569,99657,139,97,248,93,83288,46772,1.3050764120934806,91,31,19522,18543,20230,10338,9769,20897,49102,38797,20877,8771,1151,332,2326,3587,17897,15989,3758,87,606,20163,12389,77,665,354,10942,1302,244,7788
961,2072,961.45453082524,99656,138,87,248,94,83314,46779,1.3054206470257685,89,40,19555,18559,20077,10236,9892,20983,49102,38797,21070,8956,1150,331,2311,3588,17828,16075,3756,88,609,20006,12293,77,658,361,11084,1316,253,7872
962,2072,962.3956090215731,99656,148,87,248,94,83342,46790,1.3058119932568033,82,36,19550,18545,19952,10155,10019,21082,49102,38797,21260,9141,1150,331,2295,3586,17730,16185,3756,88,610,19849,12219,77,655,363,11234,1330,258,7940
963,2072,963.3427812485952,99656,166,87,248,94,83374,46807,1.306303684675283,64,29,19553,18523,19811,10072,10157,21194,49102,38797,21447,9327,1150,331,2272,3583,17632,16296,3756,88,607,19714,12138,77,653,364,11361,1353,266,8015
964,2072,964.2964822790979,99656,161,85,248,94,83389,46815,1.3065344786064061,75,35,19526,18514,19680,9978,10309,21293,49102,38797,21631,9513,1149,331,2255,3582,17535,16406,3756,89,608,19574,12052,77,649,368,11491,1368,272,8094
965,2072,965.2566436675805,99656,158,85,248,94,83407,46824,1.306805410612507,77,38,19524,18504,19549,9896,10443,21382,49102,38797,21812,9699,1148,331,2241,3582,17458,16497,3755,90,603,19432,11959,77,647,370,11622,1380,284,8180
966,2072,966.2230051100474,99656,158,85,248,94,83427,46837,1.307136549731075,76,37,19539,18484,19403,9832,10575,21467,49102,38797,21991,9885,1145,331,2227,3580,17375,16596,3754,93,602,19307,11862,77,645,372,11735,1393,290,8272
967,2072,967.1916805706494,99656,142,80,248,94,83436,46846,1.3073171710684754,75,35,19558,18485,19263,9751,10713,21554,49102,38797,22167,10071,1144,331,2211,3580,17278,16710,3751,93,605,19173,11775,77,643,374,11856,1409,292,8354
968,2072,968.1598699467902,99656,132,81,248,94,83450,46856,1.307557999518343,77,33,19557,18476,19140,9679,10845,21636,49102,38797,22340,10256,1143,331,2195,3580,17193,16811,3750,94,606,19029,11696,77,639,378,11988,1422,298,8426
969,2072,969.1278803947391,99655,130,74,249,94,83462,46864,1.3077718127540012,85,36,19587,18492,18973,9605,10975,21698,49102,38797,22510,10441,1143,331,2186,3580,17099,16920,3749,94,608,18902,11610,77,631,385,12105,1429,302,8504
970,2072,970.0950902694146,99655,137,69,249,94,83488,46869,1.30808288595655,72,39,19609,18503,18829,9526,11103,21768,49102,38797,22678,10626,1141,331,2169,3580,17005,17028,3749,96,611,18771,11529,77,630,386,12225,1443,306,8578
971,2072,971.0610592248117,99655,142,73,249,94,83508,46884,1.3084340976368471,67,33,19610,18510,18697,9459,11234,21830,49102,38797,22843,10810,1140,331,2154,3583,16919,17124,3745,97,609,18635,11453,77,627,389,12354,1457,313,8648
972,2072,972.0262898655021,99655,137,78,249,94,83525,46897,1.3087351362199589,75,27,19619,18517,18549,9382,11370,21901,49102,38797,23005,10994,1140,331,2136,3584,16832,17223,3743,97,607,18501,11380,77,626,389,12478,1475,323,8713
973,2072,973.4736546376781,99655,135,78,249,94,83547,46911,1.3090963825196928,77,20,19661,18582,18395,9299,11482,21926,49102,38797,23165,11177,1138,331,2124,3584,16739,17331,3742,99,606,18382,11301,77,622,392,12584,1487,334,8782
974,2072,974.0543328385352,99655,129,73,249,94,83554,46913,1.3091866940946264,74,19,19599,18535,18307,9242,11641,22036,49102,38797,23322,11360,1137,331,2114,3586,16645,17430,3738,100,600,18263,11228,77,617,397,12701,1497,345,8849
975,2072,975.1813431128364,99655,129,68,249,94,83580,46918,1.3094977672971753,73,28,19608,18598,18178,9161,11762,22050,49102,38797,23476,11542,1137,330,2100,3587,16541,17547,3737,100,600,18150,11160,76,613,399,12806,1511,352,8909
976,2072,976.1469678646253,99655,119,63,249,94,83590,46924,1.3096583212081683,80,28,19603,18634,18046,9082,11902,22098,49102,38797,23628,11723,1137,329,2085,3590,16446,17658,3734,100,600,18029,11101,75,611,401,12916,1523,358,8962
977,2072,977.1128386382549,99655,125,59,249,94,83610,46930,1.3099192213135318,74,31,19603,18646,17924,8993,12024,22176,49102,38797,23777,11903,1136,328,2067,3590,16353,17756,3733,101,603,17913,11039,75,607,405,13030,1540,364,9015
978,2072,978.0789667317048,99655,128,56,249,94,83624,46936,1.3101199137022728,68,36,19594,18664,17811,8902,12149,22247,49102,38797,23924,12082,1135,328,2057,3592,16265,17852,3730,102,598,17798,10973,75,604,407,13141,1548,374,9076
979,2072,979.0453292290274,99655,133,60,249,94,83645,46948,1.3104510561436957,59,27,19592,18705,17685,8814,12281,22299,49102,38797,24068,12260,1134,328,2046,3591,16169,17956,3729,103,601,17667,10919,75,601,410,13267,1558,378,9123
980,2072,980.0120740698518,99655,130,59,249,94,83665,46955,1.3107219908684964,54,31,19593,18719,17563,8753,12410,22343,49102,38797,24210,12437,1134,326,2036,3591,16082,18059,3728,103,601,17550,10850,75,597,414,13372,1567,383,9187
981,2072,981.4614922856483,99655,125,61,249,94,83685,46970,1.3110732025487932,59,28,19633,18791,17428,8666,12505,22359,49102,38797,24349,12613,1133,324,2014,3591,16001,18158,3728,104,594,17447,10781,75,593,418,13465,1583,398,9248
982,2072,982.4261564256403,99655,121,60,249,94,83698,46981,1.3113140334152826,60,25,19642,18811,17302,8604,12625,22405,49102,38797,24486,12788,1133,323,2005,3593,15923,18248,3727,104,595,17331,10709,75,589,421,13572,1591,402,9314
983,2072,983.3906346442299,99655,119,50,249,94,83711,46982,1.3114545180874015,56,27,19661,18808,17174,8555,12740,22465,49102,38797,24621,12962,1131,323,1996,3595,15834,18343,3725,106,598,17224,10640,75,579,431,13673,1600,409,9373
984,2072,984.3545054088972,99655,116,48,249,94,83721,46988,1.3116150719983946,54,28,19673,18842,17050,8490,12857,22497,49102,38797,24753,13135,1131,323,1985,3594,15748,18437,3725,106,594,17124,10580,75,574,435,13768,1610,420,9426
985,2072,985.3177844685238,99655,116,40,249,94,83735,46991,1.3117856605288245,54,30,19649,18863,16943,8430,12988,22542,49102,38797,24883,13307,1131,322,1973,3595,15672,18523,3724,106,595,17010,10522,75,571,438,13878,1617,427,9476
986,2072,986.2814950920025,99655,116,39,249,94,83749,46994,1.3119562490592545,52,34,19670,18884,16822,8366,13090,22582,49102,38797,25011,13477,1130,322,1966,3598,15582,18619,3720,107,594,16910,10466,75,563,445,13974,1624,430,9530
987,2072,987.2449394074721,99655,106,49,249,94,83759,47006,1.3121770106868698,49,30,19684,18902,16709,8303,13202,22621,49102,38797,25137,13646,1129,322,1948,3601,15517,18692,3716,108,592,16803,10395,75,559,449,14077,1640,433,9599
988,2072,988.2077520405468,99655,101,51,249,94,83769,47012,1.3123375645978625,50,33,19682,18926,16593,8231,13324,22664,49102,38797,25261,13814,1129,322,1937,3600,15445,18773,3716,108,593,16682,10339,75,559,449,14192,1649,437,9650
989,2072,989.1705711595667,99655,99,53,249,94,83778,47024,1.312548291606041,51,26,19686,18957,16474,8175,13440,22694,49102,38797,25382,13980,1129,322,1929,3601,15374,18852,3715,108,592,16578,10277,75,555,453,14290,1656,445,9704
990,2072,990.1331687622842,99655,96,48,249,94,83791,47029,1.3127289147559078,53,25,19679,18997,16366,8112,13556,22723,49102,38797,25501,14145,1129,321,1918,3602,15305,18932,3713,108,590,16465,10221,75,553,455,14395,1667,453,9753
991,2072,991.0960257362071,99655,91,49,249,94,83805,47033,1.312909537905775,47,27,19703,19012,16258,8056,13651,22761,49102,38797,25618,14308,1128,321,1903,3600,15232,19017,3713,109,588,16360,10169,75,553,455,14491,1681,458,9802
992,2072,992.0584100303947,99655,94,50,249,94,83820,47040,1.3131302995333902,38,25,19720,19052,16148,7993,13750,22785,49102,38797,25733,14470,1127,321,1890,3602,15149,19111,3711,110,587,16265,10122,75,544,464,14577,1692,461,9847
993,2072,993.0198133120147,99655,82,47,249,94,83828,47045,1.313260749586072,44,26,19737,19090,16029,7932,13858,22810,49102,38797,25846,14630,1127,321,1882,3601,15080,19191,3708,110,590,16159,10070,75,542,466,14677,1699,464,9893
994,2072,994.4598531961423,99655,85,47,249,94,83842,47053,1.3134815112136873,48,24,19783,19169,15881,7871,13953,22794,49102,38797,25957,14789,1126,321,1871,3601,15015,19262,3708,111,589,16062,10004,75,540,468,14769,1709,472,9952
995,2072,995.4178811095361,99655,80,47,249,94,83851,47061,1.3136520997441172,47,20,19793,19202,15774,7815,14056,22821,49102,38797,26066,14946,1126,320,1859,3600,14945,19342,3707,111,590,15966,9949,75,536,472,14859,1720,477,10001
996,2072,996.3797756265279,99655,77,43,249,94,83856,47063,1.3137223420801767,46,19,19754,19197,15691,7779,14182,22867,49102,38797,26173,15102,1126,320,1852,3601,14864,19430,3706,111,588,15878,9898,75,533,475,14941,1726,480,10051
997,2072,997.0570866657317,99655,75,41,249,94,83861,47065,1.313792584416236,47,18,19751,19210,15583,7725,14294,22911,49102,38797,26279,15256,1126,320,1837,3601,14780,19516,3706,111,585,15804,9846,75,533,475,15013,1741,488,10098
998,2072,998.0796645377903,99655,71,46,249,94,83867,47073,1.3139330690883548,52,12,19773,19233,15461,7681,14393,22933,49102,38797,26383,15408,1126,320,1827,3600,14694,19607,3705,111,584,15728,9801,75,528,480,15087,1750,492,10140
999,2072,999.1981299147657,99655,77,41,249,94,83891,47077,1.3142140384325924,35,13,19811,19304,15349,7627,14478,22920,49102,38797,26485,15559,1126,320,1814,3600,14628,19682,3701,111,584,15643,9745,75,523,484,15170,1761,496,10192
1000,2072,1000.085923311138,99654,77,38,250,94,83904,47082,1.314407851165031,34,13,19842,19370,15247,7571,14549,22913,49102,38797,26585,15708,1126,320,1802,3602,14558,19758,3698,111,581,15561,9700,75,521,485,15248,1772,505,10231
1001,2072,1001.2320123642728,99654,72,34,250,94,83915,47084,1.3145383025267425,34,15,19883,19427,15138,7517,14622,22912,49102,38797,26683,15855,1126,320,1788,3604,14499,19826,3695,111,581,15471,9652,75,518,488,15330,1786,508,10276
1002,2072,1002.0599896303385,99654,70,30,250,94,83922,47086,1.3146286150079274,32,20,19876,19425,15048,7483,14723,22947,49102,38797,26780,16001,1126,320,1776,3603,14435,19897,3695,111,583,15380,9599,75,515,491,15417,1796,509,10326
1003,2072,1003.1655804884806,99654,67,31,250,94,83925,47090,1.314698858048849,36,18,19868,19456,14958,7428,14820,22972,49102,38797,26875,16145,1126,320,1767,3603,14357,19978,3695,111,583,15297,9554,75,509,497,15497,1805,511,10369
1004,2072,1004.108492245388,99654,64,29,250,94,83936,47096,1.3148694482910872,37,16,19912,19522,14843,7388,14893,22950,49102,38797,26968,16287,1126,320,1755,3604,14294,20050,3694,111,584,15221,9498,75,504,501,15566,1817,514,10420
1005,2072,1005.1717461710388,99654,66,32,250,94,83945,47101,1.3150099343729302,36,14,19890,19540,14766,7342,14991,22977,49102,38797,27060,16428,1126,320,1746,3606,14230,20117,3692,111,583,15132,9450,75,502,503,15653,1825,517,10466
1006,2072,1006.0752450863448,99654,67,29,250,94,83957,47103,1.3151504204547735,28,15,19940,19602,14656,7291,15058,22968,49102,38797,27150,16567,1126,320,1741,3606,14166,20191,3691,111,581,15043,9413,75,496,509,15733,1830,522,10500
1007,2072,1007.0171845606608,99654,65,27,250,94,83960,47106,1.3152106287755634,30,14,19941,19634,14558,7241,15155,22989,49102,38797,27238,16704,1126,320,1734,3607,14095,20264,3690,111,582,14955,9373,75,494,511,15820,1836,525,10536
1008,2072,1008.0936884187357,99654,65,26,250,94,83969,47110,1.315341080137275,30,11,19988,19683,14441,7190,15225,22995,49102,38797,27325,16840,1126,320,1727,3610,14032,20331,3687,111,581,14879,9322,75,492,511,15895,1842,532,10581
1009,2072,1009.2785399398061,99654,64,26,250,94,83981,47115,1.315511670379513,25,12,20021,19752,14348,7128,15291,22987,49102,38797,27410,16974,1125,320,1713,3609,13976,20394,3686,112,579,14812,9273,75,490,512,15958,1856,537,10627
1010,2072,1010.0518649371702,99654,62,23,250,94,83984,47117,1.3155618439801713,25,10,20010,19777,14278,7087,15374,23008,49102,38797,27494,17106,1125,320,1699,3609,13925,20451,3686,112,576,14738,9227,75,486,515,16028,1869,542,10671
1011,2072,1011.0192507268221,99654,62,25,250,94,83989,47122,1.3156621911814879,25,9,20048,19805,14177,7052,15437,23014,49102,38797,27576,17236,1125,320,1688,3609,13854,20526,3686,112,571,14684,9180,75,485,516,16078,1880,549,10716
1012,2072,1012.088170075157,99654,54,23,250,94,83996,47123,1.3157424689425412,24,9,20121,19880,14070,6997,15480,22996,49102,38797,27657,17365,1125,320,1678,3607,13791,20598,3685,112,570,14618,9138,75,484,517,16138,1890,552,10756
1013,2072,1013.0059368250315,99654,50,19,250,94,84001,47123,1.3157926425431994,27,9,20154,19922,13984,6962,15534,22993,49102,38797,27737,17492,1125,320,1669,3606,13742,20653,3685,112,573,14540,9091,75,481,517,16214,1899,554,10798
1014,2072,1014.2705781684382,99654,49,22,250,94,84005,47127,1.3158729203042527,29,8,20172,19964,13891,6919,15608,22992,49102,38797,27815,17617,1125,319,1663,3607,13693,20704,3685,112,569,14474,9045,75,476,522,16278,1905,559,10843
1015,2072,1015.2416999055457,99654,44,22,250,94,84013,47129,1.3159732675055693,25,8,20195,20022,13811,6876,15674,22977,49102,38797,27892,17741,1125,319,1656,3607,13640,20762,3682,112,568,14394,9012,75,472,526,16356,1912,561,10875
1016,2072,1016.4037553336306,99654,43,22,250,94,84020,47131,1.3160635799867542,27,10,20278,20116,13696,6826,15705,22931,49102,38797,27968,17863,1125,319,1650,3606,13580,20825,3682,112,567,14320,8982,75,469,529,16428,1918,564,10903
1017,2072,1017.0766469685587,99654,42,24,250,94,84027,47133,1.316153892467939,24,12,20289,20139,13619,6789,15775,22941,49102,38797,28042,17983,1125,318,1645,3610,13521,20885,3679,112,561,14266,8941,75,468,530,16481,1923,570,10944
1018,2072,1018.3262107112089,99654,43,24,250,94,84035,47137,1.316274309109519,22,8,20319,20173,13534,6755,15831,22945,49102,38797,28115,18102,1124,318,1638,3611,13479,20929,3678,113,563,14195,8898,75,465,533,16550,1930,573,10982
1019,2072,1019.3430291879633,99654,37,21,250,94,84038,47138,1.3163144479900455,24,9,20343,20226,13457,6719,15888,22930,49102,38797,28187,18219,1124,318,1630,3611,13425,20985,3677,113,566,14135,8849,75,462,536,16609,1938,576,11025
1020,2072,1020.108300905401,99654,38,20,250,94,84041,47139,1.3163545868705722,25,10,20329,20264,13390,6680,15967,22931,49102,38797,28257,18334,1124,318,1627,3611,13370,21042,3677,113,561,14070,8815,75,459,539,16672,1941,582,11058
1021,2072,1021.1049003003217,99654,41,18,250,94,84050,47140,1.3164549340718887,23,11,20397,20365,13290,6627,15998,22884,49102,38797,28326,18448,1124,318,1619,3611,13315,21099,3677,113,560,14007,8777,75,457,541,16733,1949,585,11094
1022,2072,1022.2080083448725,99654,40,20,250,94,84055,47142,1.3165251771128104,24,13,20424,20411,13212,6584,16049,22877,49102,38797,28394,18560,1124,318,1613,3611,13265,21152,3676,113,556,13941,8742,75,456,542,16797,1955,590,11128
1023,2072,1023.3085617416056,99654,43,21,250,94,84067,47147,1.3166957673550486,17,14,20498,20512,13110,6538,16081,22820,49102,38797,28461,18670,1123,318,1607,3612,13215,21204,3674,114,554,13880,8709,75,455,543,16857,1961,597,11156
1024,2072,1024.0156801096682,99654,45,22,250,94,84069,47148,1.3167258715154435,17,13,20462,20490,13057,6518,16168,22862,49102,38797,28527,18779,1123,318,1603,3612,13163,21256,3674,114,553,13819,8683,75,454,544,16918,1965,598,11182
1025,2072,1025.0021340524395,99654,49,24,250,94,84081,47155,1.316916531197945,8,11,20543,20567,12972,6474,16177,22829,49102,38797,28592,18886,1123,318,1594,3610,13118,21306,3674,114,556,13750,8652,75,452,546,16984,1974,600,11208
1026,2072,1026.2055553123025,99654,49,23,250,94,84085,47158,1.3169867742388666,9,13,20555,20625,12901,6435,16235,22809,49102,38797,28656,18992,1122,318,1588,3611,13065,21359,3673,115,553,13701,8622,75,451,547,17033,1980,607,11234
1027,2072,1027.0322815861593,99654,42,26,250,94,84086,47163,1.3170469825596565,15,12,20625,20706,12801,6398,16266,22763,49102,38797,28718,19096,1121,318,1582,3611,13015,21414,3673,116,553,13642,8593,75,450,548,17087,1986,610,11260
1028,2072,1028.0920043783055,99654,40,24,250,94,84088,47164,1.3170770867200514,15,12,20642,20732,12731,6377,16321,22760,49102,38797,28779,19198,1121,318,1577,3610,12972,21460,3673,116,553,13579,8566,75,449,549,17148,1991,612,11285
1029,2072,1029.0338351860569,99654,36,25,250,94,84092,47168,1.3171573644811045,19,9,20679,20814,12653,6341,16362,22716,49102,38797,28839,19299,1120,318,1569,3610,12932,21505,3673,117,553,13524,8532,75,449,549,17200,1997,614,11317
1030,2072,1030.0232018658962,99654,34,29,250,94,84096,47172,1.317237642242158,21,10,20711,20874,12579,6302,16404,22690,49102,38797,28898,19398,1120,318,1559,3610,12883,21556,3673,117,550,13483,8502,75,447,551,17239,2007,619,11345
1031,2072,1031.05731342104,99654,34,32,250,94,84104,47178,1.3173781283240011,24,8,20738,20924,12502,6276,16451,22665,49102,38797,28956,19496,1120,317,1553,3613,12829,21612,3671,117,548,13435,8479,75,444,554,17287,2011,624,11365
1032,2072,1032.0184897006989,99654,28,29,250,94,84107,47180,1.3174283019246593,26,10,20807,21000,12419,6228,16469,22638,49102,38797,29013,19592,1119,317,1546,3613,12785,21662,3670,118,548,13372,8460,75,443,555,17345,2018,625,11383
1033,2072,1033.3850541678607,99654,36,25,250,94,84120,47183,1.3175888574467658,22,8,20896,21106,12319,6181,16476,22585,49102,38797,29069,19687,1119,317,1543,3611,12738,21714,3670,118,549,13318,8431,75,442,556,17396,2021,627,11409
1034,2072,1034.0992995157142,99654,36,28,250,94,84121,47187,1.3176390310474242,22,4,20886,21124,12263,6151,16542,22598,49102,38797,29124,19780,1119,317,1540,3611,12690,21763,3670,118,548,13270,8407,75,442,556,17443,2024,629,11432
1035,2072,1035.1101581469359,99654,28,28,250,94,84124,47188,1.3176791699279506,21,7,20926,21185,12196,6119,16578,22566,49102,38797,29178,19872,1119,317,1532,3612,12660,21797,3668,118,548,13214,8378,75,437,561,17497,2031,631,11459
1036,2072,1036.2062737749407,99654,31,24,250,94,84129,47190,1.3177494129688723,19,8,20988,21263,12113,6089,16598,22521,49102,38797,29232,19963,1119,317,1529,3612,12621,21839,3668,118,545,13170,8348,75,437,561,17538,2034,636,11487
1037,2072,1037.0484187936022,99654,27,20,250,94,84133,47190,1.317789551849399,19,10,21020,21315,12045,6051,16638,22509,49102,38797,29285,20052,1117,317,1521,3612,12586,21878,3668,120,545,13118,8314,75,435,563,17586,2042,639,11518
1038,2072,1038.0937532446014,99654,29,21,250,94,84135,47193,1.3178397254500571,17,7,21046,21349,11987,6021,16670,22507,49102,38797,29337,20140,1117,317,1516,3612,12535,21930,3668,120,546,13065,8291,75,433,565,17638,2047,639,11540
1039,2072,1039.1601341340552,99654,28,19,250,94,84138,47194,1.3178798643305838,19,14,21104,21443,11914,5985,16684,22444,49102,38797,29388,20226,1117,317,1508,3612,12493,21972,3668,120,545,13021,8261,75,433,565,17682,2055,643,11567
1040,2072,1040.0536652562726,99654,29,19,250,94,84142,47195,1.3179300379312422,19,13,21123,21477,11856,5965,16722,22431,49102,38797,29438,20311,1116,317,1504,3610,12445,22022,3668,121,543,12987,8229,75,432,566,17716,2059,646,11598
1041,2072,1041.1294276899707,99654,35,21,250,94,84149,47198,1.3180303851325585,13,11,21153,21524,11788,5935,16760,22414,49102,38797,29487,20395,1116,317,1500,3609,12409,22060,3668,121,542,12942,8202,75,431,567,17760,2063,647,11625
1042,2072,1042.0073054311208,99654,35,19,250,94,84153,47200,1.3180905934533487,14,12,21202,21563,11713,5911,16785,22400,49102,38797,29535,20477,1116,317,1493,3610,12377,22095,3667,121,540,12892,8173,75,430,568,17809,2068,651,11652
1043,2072,1043.252096847193,99653,36,21,251,94,84158,47203,1.3181840988229154,12,12,21274,21653,11632,5870,16794,22349,49102,38797,29583,20558,1116,317,1486,3611,12333,22141,3666,121,537,12856,8145,75,430,568,17843,2075,655,11678
1044,2072,1044.0418028188349,99653,34,21,251,94,84160,47205,1.3182242381062286,17,12,21322,21727,11564,5846,16811,22299,49102,38797,29630,20638,1116,317,1481,3611,12307,22171,3666,121,535,12817,8121,75,426,571,17880,2079,658,11701
1045,2072,1045.0298537735214,99653,33,15,251,94,84162,47205,1.3182443077478851,18,12,21343,21765,11512,5829,16842,22284,49102,38797,29676,20717,1116,317,1476,3614,12271,22207,3663,121,536,12779,8089,75,426,571,17918,2084,661,11729
1046,2072,1046.2208291882152,99653,36,16,251,94,84171,47208,1.3183647255978244,14,14,21409,21845,11440,5795,16849,22235,49102,38797,29721,20794,1116,317,1472,3613,12223,22260,3663,121,536,12744,8066,75,425,571,17951,2087,663,11750
1047,2072,1047.1871472218202,99653,38,19,251,94,84176,47212,1.318455038985279,10,10,21435,21872,11393,5769,16872,22235,49102,38797,29766,20870,1116,317,1465,3612,12186,22300,3663,121,536,12703,8040,75,425,571,17991,2093,663,11776
1048,2072,1048.2041188852709,99653,41,21,251,94,84182,47218,1.3185754568352182,7,11,21487,21941,11336,5744,16877,22188,49102,38797,29810,20945,1116,317,1462,3611,12161,22329,3663,121,533,12659,8009,75,423,573,18033,2096,666,11806
1049,2072,1049.0246693722797,99653,45,24,251,94,84188,47221,1.3186657702226727,9,9,21510,21988,11281,5723,16903,22161,49102,38797,29853,21019,1116,317,1458,3611,12127,22364,3663,121,533,12623,7983,75,416,580,18068,2100,666,11832
1050,2072,1050.2189210377587,99653,45,30,251,94,84193,47228,1.318786188072612,6,7,21574,22075,11204,5686,16919,22107,49102,38797,29896,21092,1116,317,1455,3611,12098,22396,3663,121,530,12593,7956,75,415,581,18095,2103,671,11857
1051,2072,1051.058852400049,99653,38,28,251,94,84195,47231,1.3188363621767534,7,4,21649,22146,11140,5661,16914,22066,49102,38797,29938,21163,1116,317,1450,3611,12072,22428,3663,121,529,12554,7929,74,413,583,18129,2108,675,11881
1052,2072,1052.1628783540357,99653,38,28,251,94,84198,47232,1.3188765014600665,6,3,21682,22168,11081,5646,16941,22060,49102,38797,29979,21233,1116,317,1442,3611,12039,22464,3663,121,525,12519,7912,74,413,583,18162,2115,680,11897
1053,2072,1053.4293621733038,99653,30,18,251,94,84200,47232,1.3188965711017229,8,4,21755,22249,11017,5627,16938,22007,49102,38797,30019,21302,1115,317,1437,3611,12006,22505,3662,122,529,12487,7879,74,412,584,18188,2119,682,11924
1054,2072,1054.0114434122747,99653,27,18,251,94,84202,47235,1.3189467452058643,8,3,21761,22303,10982,5607,16970,21974,49102,38797,30059,21370,1114,317,1432,3612,11972,22542,3661,123,530,12453,7856,74,412,584,18220,2123,684,11944
1055,2072,1055.338989506686,99653,26,17,251,94,84206,47236,1.3189969193100057,10,4,21833,22407,10917,5579,16962,21898,49102,38797,30098,21437,1114,317,1428,3614,11936,22581,3659,123,530,12418,7841,74,411,585,18253,2126,684,11959
1056,2072,1056.1554910581376,99653,25,16,251,94,84207,47237,1.3190169889516623,10,4,21852,22444,10868,5556,16993,21885,49102,38797,30137,21503,1114,317,1424,3615,11908,22610,3658,123,528,12393,7819,74,407,589,18277,2130,687,11980
1057,2072,1057.1007312619424,99653,21,15,251,94,84208,47237,1.3190270237724906,11,5,21899,22504,10811,5519,17006,21862,49102,38797,30175,21568,1114,317,1419,3615,11882,22639,3658,123,525,12349,7808,74,406,590,18319,2134,690,11991
1058,2072,1058.013166797141,99653,21,12,251,94,84211,47237,1.3190571282349755,12,5,21945,22562,10761,5494,17009,21832,49102,38797,30212,21632,1114,317,1415,3616,11851,22673,3657,123,526,12312,7789,74,405,591,18354,2137,690,12009
1059,2072,1059.1306982504382,99653,20,12,251,94,84213,47239,1.3190972675182884,13,6,22013,22646,10706,5466,16996,21775,49102,38797,30249,21695,1114,317,1414,3618,11824,22701,3655,123,523,12279,7770,74,404,592,18386,2138,694,12027
1060,2072,1060.1331449189784,99653,16,11,251,94,84214,47240,1.319117337159945,16,5,22064,22725,10650,5440,17002,21724,49102,38797,30285,21757,1114,317,1412,3618,11800,22728,3654,123,522,12241,7749,74,403,593,18422,2140,695,12048
1061,2072,1061.085708888107,99653,16,10,251,94,84219,47240,1.3191675112640864,13,6,22103,22778,10611,5412,17005,21699,49102,38797,30321,21818,1114,317,1407,3617,11781,22750,3653,123,522,12206,7729,74,403,593,18456,2145,696,12067
1062,2072,1062.0205230448892,99653,15,10,251,94,84221,47241,1.3191976157265712,13,5,22148,22821,10560,5389,17012,21680,49102,38797,30356,21878,1114,316,1404,3617,11760,22774,3653,123,522,12170,7708,74,403,592,18491,2148,696,12088
1063,2072,1063.0660187548983,99653,15,12,251,94,84222,47244,1.3192377550098844,13,2,22220,22897,10494,5365,17006,21629,49102,38797,30391,21937,1114,316,1400,3617,11729,22806,3653,123,520,12141,7691,74,402,593,18520,2151,699,12104
1064,2072,1064.0121817501888,99653,14,8,251,94,84225,47244,1.319267859472369,13,3,22271,22940,10443,5346,17007,21608,49102,38797,30425,21995,1114,316,1397,3617,11692,22845,3653,123,519,12113,7677,74,402,593,18546,2154,702,12116
1065,2072,1065.0380867232104,99653,19,6,251,94,84230,47245,1.3193280683973387,10,3,22339,23006,10379,5328,17001,21562,49102,38797,30458,22052,1114,316,1394,3617,11675,22864,3653,123,519,12075,7657,74,402,593,18582,2157,703,12135
1066,2072,1066.2728330878713,99653,18,6,251,94,84232,47246,1.3193581728598236,9,2,22440,23120,10314,5290,16967,21487,49102,38797,30491,22108,1113,316,1389,3617,11650,22891,3653,124,518,12040,7648,74,399,596,18615,2162,704,12144
1067,2072,1067.1983964076323,99653,19,6,251,94,84235,47246,1.3193882773223085,8,2,22496,23183,10264,5272,16961,21442,49102,38797,30523,22163,1113,316,1384,3618,11623,22918,3652,124,518,12005,7637,74,397,598,18650,2167,704,12155
1068,2072,1068.1227263837154,99653,20,6,251,94,84239,47247,1.3194384514264499,5,2,22572,23240,10196,5249,16955,21408,49102,38797,30555,22217,1113,316,1378,3617,11600,22943,3652,124,515,11977,7621,74,397,598,18677,2173,708,12170
1069,2072,1069.0785716818862,99653,16,5,251,94,84239,47247,1.3194384514264499,7,3,22628,23321,10151,5218,16946,21358,49102,38797,30586,22270,1113,315,1374,3618,11575,22969,3652,124,514,11947,7603,74,396,599,18706,2177,711,12186
1070,2072,1070.0541078502465,99653,18,6,251,94,84241,47248,1.3194685558889345,8,3,22671,23386,10104,5195,16947,21315,49102,38797,30617,22322,1113,315,1368,3618,11548,22996,3652,124,514,11916,7595,74,396,599,18737,2183,711,12194
1071,2072,1071.06079689439,99653,16,7,251,94,84242,47249,1.319488625530591,8,3,22723,23448,10052,5180,16949,21267,49102,38797,30648,22374,1113,315,1366,3617,11519,23027,3652,124,514,11898,7570,74,396,599,18754,2185,711,12219
1072,2072,1072.0850447421074,99653,15,7,251,94,84243,47251,1.319518729993076,8,3,22786,23522,9999,5154,16940,21219,49102,38797,30678,22425,1113,315,1359,3616,11490,23058,3652,124,513,11878,7558,74,395,600,18774,2191,714,12229
1073,2072,1073.3126514825126,99653,14,6,251,94,84243,47252,1.3195287648139042,11,3,22864,23606,9947,5135,16912,21155,49102,38797,30708,22475,1113,315,1353,3616,11470,23079,3652,124,512,11849,7541,74,395,600,18802,2197,715,12246
1074,2072,1074.2905834916935,99653,15,7,251,94,84246,47253,1.3195689040972174,8,2,22921,23674,9900,5116,16904,21106,49102,38797,30737,22524,1113,315,1351,3616,11452,23097,3652,124,509,11830,7518,74,395,600,18821,2199,718,12269
1075,2072,1075.1321066020896,99653,14,8,251,94,84248,47254,1.3195990085597022,7,2,22947,23716,9875,5096,16905,21083,49102,38797,30766,22572,1113,315,1349,3615,11431,23120,3652,124,508,11808,7501,74,394,601,18843,2200,719,12286
1076,2072,1076.0828409040207,99653,13,8,251,94,84250,47256,1.3196391478430152,5,0,23013,23783,9826,5073,16891,21041,49102,38797,30794,22620,1113,315,1346,3615,11414,23141,3652,124,507,11781,7488,74,392,603,18867,2203,719,12299
1077,2072,1077.1054562006977,99653,11,7,251,94,84252,47256,1.3196592174846717,7,1,23074,23855,9783,5048,16873,20994,49102,38797,30822,22667,1113,315,1342,3615,11394,23163,3652,124,505,11757,7472,74,391,604,18890,2207,720,12315
1078,2072,1078.2989798942483,99652,10,8,252,94,84255,47257,1.3197125998474692,5,1,23152,23942,9736,5015,16844,20939,49102,38797,30849,22713,1113,315,1340,3614,11372,23187,3652,124,504,11730,7461,74,391,604,18916,2209,721,12325
1079,2072,1079.1382345243553,99652,8,7,252,94,84256,47257,1.319722634768996,4,3,23181,23978,9710,4998,16844,20919,49102,38797,30876,22758,1113,315,1336,3613,11356,23206,3652,124,500,11712,7442,74,390,604,18933,2213,726,12343
1080,2072,1080.1441375484985,99652,10,6,252,94,84258,47258,1.3197527395335769,3,4,23286,24074,9647,4964,16801,20857,49102,38797,30903,22803,1113,315,1331,3613,11334,23228,3652,124,499,11692,7429,74,390,604,18953,2218,729,12354
1081,2072,1081.2378234890007,99652,10,7,252,94,84258,47260,1.3197728093766308,3,3,23339,24119,9603,4947,16792,20829,49102,38797,30929,22847,1113,315,1330,3613,11308,23254,3652,124,499,11667,7420,74,390,604,18978,2219,730,12362
1082,2072,1082.1233404895404,99652,11,7,252,94,84259,47261,1.3197928792196845,3,3,23420,24189,9553,4924,16760,20782,49102,38797,30955,22890,1113,315,1324,3613,11289,23273,3652,124,497,11642,7409,74,389,605,19003,2225,732,12373
1083,2072,1083.1298421726322,99652,14,9,252,94,84262,47264,1.319853088748846,0,0,23459,24233,9517,4909,16757,20754,49102,38797,30980,22932,1113,315,1321,3613,11269,23294,3652,124,496,11617,7397,74,388,606,19027,2228,733,12385
1084,2072,1084.0076451414327,99652,13,9,252,94,84262,47264,1.319853088748846,1,0,23546,24313,9463,4893,16724,20690,49102,38797,31005,22974,1113,315,1319,3613,11248,23315,3652,124,494,11597,7387,74,386,608,19047,2230,735,12395
1085,2072,1085.3440290621486,99652,13,8,252,94,84263,47264,1.3198631236703728,0,1,23618,24383,9429,4871,16687,20642,49102,38797,31030,23015,1113,315,1316,3613,11235,23329,3652,124,492,11566,7375,74,385,609,19077,2233,738,12406
1086,2072,1086.2608973094204,99652,12,7,252,94,84263,47264,1.3198631236703728,2,1,23674,24438,9391,4859,16668,20600,49102,38797,31054,23055,1113,315,1314,3613,11217,23349,3652,124,492,11546,7365,74,383,611,19097,2234,737,12416
1087,2072,1087.1564562617928,99652,10,6,252,94,84263,47264,1.3198631236703728,3,1,23743,24525,9344,4834,16647,20539,49102,38797,31078,23095,1113,315,1310,3613,11196,23371,3652,124,490,11525,7356,74,382,612,19117,2238,739,12425
1088,2072,1088.0169621341945,99652,9,5,252,94,84263,47264,1.3198631236703728,4,1,23776,24568,9312,4817,16646,20514,49102,38797,31102,23134,1113,315,1308,3613,11183,23386,3652,124,487,11501,7344,74,381,612,19140,2240,742,12437
1089,2072,1089.0924998234495,99652,9,5,252,94,84264,47264,1.3198731585919,5,2,23850,24672,9261,4784,16622,20442,49102,38797,31125,23173,1113,315,1304,3613,11166,23404,3652,124,487,11481,7330,74,380,613,19159,2244,742,12451
1090,2072,1090.1929076171327,99652,8,6,252,94,84264,47265,1.3198831935134268,6,1,23896,24703,9232,4774,16605,20421,49102,38797,31148,23211,1113,315,1304,3613,11147,23423,3652,124,486,11462,7317,74,379,614,19178,2244,744,12463
1091,2072,1091.1231236805659,99652,9,7,252,94,84266,47266,1.3199132982780075,4,1,23970,24769,9187,4755,16577,20373,49102,38797,31171,23248,1113,315,1301,3614,11127,23443,3651,124,485,11442,7310,74,379,614,19198,2247,745,12470
1092,2072,1092.0621559839494,99652,12,6,252,94,84269,47267,1.3199534379641151,2,1,24037,24836,9147,4733,16549,20329,49102,38797,31193,23285,1113,315,1298,3614,11116,23455,3651,124,486,11416,7298,74,378,615,19223,2250,745,12481
1093,2072,1093.1737163845671,99652,11,6,252,94,84270,47267,1.319963472885642,1,1,24129,24890,9088,4720,16518,20288,49102,38797,31215,23321,1113,314,1294,3615,11095,23476,3651,124,483,11401,7290,74,378,615,19238,2254,748,12489
1094,2072,1094.077345210486,99652,9,5,252,94,84270,47267,1.319963472885642,2,1,24237,24963,9034,4703,16465,20233,49102,38797,31237,23357,1113,314,1292,3614,11083,23490,3651,124,483,11377,7283,74,378,615,19261,2256,749,12495
