,indexID,time,N,Inf_L,Inf_H,Dead_L,Dead_H,cum_cases_L,cum_cases_H,cum_sum_per_N,Exposed_L,Exposed_H,Sus_L,Sus_H,Rec_nat_L,Rec_nat_H,Rec_vax_L,Rec_vax_H,vaccinatedH,vaccinatedL,boostedH,boostedL,count_Naive,count_Delta,count_Delta_vaccine,count_two,count_three,count_four,count_Omicron,count_Omicron_star,count_Omicron_star_vaccine,count_Omicron_vaccine,count_Vaccine,count_WT,count_WT_vaccine,count_WT_vaccine_boost,count_Omicron_vaccine_boost,count_Delta_vaccine_boost,count_Omicron_star_vaccine_boost,count_Vaccine_boost
0,884,1.0383586888945822,99996,6,7,0,0,6,9,0.0001500060002400096,19,16,49973,49973,0,2,0,0,0,0,0,0,99994,0,0,0,0,0,0,0,0,0,0,2,0,0,0,0,0,0
1,884,2.135682192916862,99996,9,12,0,0,12,14,0.00026001040041601667,17,11,49969,49973,3,2,0,0,0,0,0,0,99991,0,0,0,0,0,0,0,0,0,0,5,0,0,0,0,0,0
2,884,3.0023264632845827,99996,8,11,0,0,14,15,0.0002900116004640186,15,11,49969,49972,6,4,0,0,0,0,0,0,99986,0,0,0,0,0,0,0,0,0,0,10,0,0,0,0,0,0
3,884,4.076571372769844,99996,5,12,0,0,15,17,0.0003200128005120205,16,11,49967,49970,10,5,0,0,0,0,0,0,99981,0,0,0,0,0,0,0,0,0,0,15,0,0,0,0,0,0
4,884,5.021201428157352,99996,7,13,0,0,18,19,0.00037001480059202366,14,9,49966,49970,11,6,0,0,0,0,0,0,99979,0,0,0,0,0,0,0,0,0,0,17,0,0,0,0,0,0
5,884,6.032823544405588,99996,11,15,0,0,22,24,0.00046001840073602946,14,8,49962,49966,11,9,0,0,0,0,0,0,99976,0,0,0,0,0,0,0,0,0,0,20,0,0,0,0,0,0
6,884,7.070818218237703,99996,13,16,0,0,25,27,0.0005200208008320333,12,8,49961,49963,12,11,0,0,0,0,0,0,99973,0,0,0,0,0,0,0,0,0,0,23,0,0,0,0,0,0
7,884,8.029410792141224,99996,12,16,0,0,28,30,0.0005800232009280372,10,5,49960,49963,16,14,0,0,0,0,0,0,99966,0,0,0,0,0,0,0,0,0,0,30,0,0,0,0,0,0
8,884,9.007747332417852,99996,12,13,0,0,31,30,0.0006100244009760391,9,6,49958,49962,19,17,0,0,0,0,0,0,99960,0,0,0,0,0,0,0,0,0,0,36,0,0,0,0,0,0
9,884,10.017189807714699,99996,12,14,0,0,32,32,0.000640025601024041,10,8,49956,49958,20,18,0,0,0,0,0,0,99958,0,0,0,0,0,0,0,0,0,0,38,0,0,0,0,0,0
10,884,11.030667557117,99996,14,13,0,0,35,35,0.0007000280011200448,10,7,49953,49956,21,22,0,0,0,0,0,0,99953,0,0,0,0,0,0,0,0,0,0,43,0,0,0,0,0,0
11,884,12.150401066404129,99996,12,11,0,0,37,36,0.0007300292011680467,11,9,49950,49953,25,25,0,0,0,0,0,0,99946,0,0,0,0,0,0,0,0,0,0,50,0,0,0,0,0,0
12,884,13.123082839740919,99996,12,12,0,0,40,39,0.0007900316012640506,8,8,49950,49951,28,27,0,0,0,0,0,0,99941,0,0,0,0,0,0,0,0,0,0,55,0,0,0,0,0,0
13,884,14.056051926930634,99996,12,13,0,0,43,43,0.0008600344013760551,7,7,49948,49948,31,30,0,0,0,0,0,0,99935,0,0,0,0,0,0,0,0,0,0,61,0,0,0,0,0,0
14,884,15.1589463681818,99995,10,10,0,1,46,46,0.000920046002300115,7,4,49945,49948,36,35,0,0,0,0,0,0,99924,0,0,0,0,0,0,0,0,0,0,71,0,0,0,0,0,0
15,884,16.22262122475273,99995,9,9,0,1,48,48,0.0009600480024001201,7,3,49943,49947,39,38,0,0,0,0,0,0,99918,0,0,0,0,0,0,0,0,0,0,77,0,0,0,0,0,0
16,884,17.11448139268115,99995,7,7,0,1,49,48,0.0009700485024251213,9,4,49940,49946,42,40,0,0,0,0,0,0,99913,0,0,0,0,0,0,0,0,0,0,82,0,0,0,0,0,0
17,884,18.09040191778139,99995,8,6,0,1,53,49,0.0010200510025501275,7,3,49938,49946,45,42,0,0,0,0,0,0,99908,0,0,0,0,0,0,0,0,0,0,87,0,0,0,0,0,0
18,884,19.09642845254719,99995,8,7,0,1,54,51,0.0010500525026251313,9,1,49935,49946,46,43,0,0,0,0,0,0,99906,0,0,0,0,0,0,0,0,0,0,89,0,0,0,0,0,0
19,884,20.208274345012683,99995,8,6,0,1,55,51,0.0010600530026501325,10,3,49933,49945,47,43,0,0,0,0,0,0,99904,0,0,0,0,0,0,0,0,0,0,91,0,0,0,0,0,0
20,884,21.103215911218378,99995,10,5,0,1,58,51,0.0010900545027251363,9,3,49932,49946,47,43,0,0,0,0,0,0,99902,0,0,0,0,0,0,0,0,0,0,93,0,0,0,0,0,0
21,884,22.100715285793704,99995,9,5,0,1,60,52,0.00112005600280014,8,4,49931,49944,50,44,0,0,0,0,0,0,99898,0,0,0,0,0,0,0,0,0,0,97,0,0,0,0,0,0
22,884,23.144504188385532,99995,7,5,0,1,61,53,0.0011400570028501425,8,4,49930,49943,53,45,0,0,0,0,0,0,99894,0,0,0,0,0,0,0,0,0,0,101,0,0,0,0,0,0
23,884,24.050963892851133,99995,6,6,0,1,62,54,0.001160058002900145,7,3,49931,49944,54,44,0,0,0,0,0,0,99892,0,0,0,0,0,0,0,0,0,0,103,0,0,0,0,0,0
24,884,25.055963991439953,99995,3,3,0,1,62,54,0.001160058002900145,7,3,49931,49944,57,47,0,0,0,0,0,0,99886,0,0,0,0,0,0,0,0,0,0,109,0,0,0,0,0,0
25,884,26.07819636493507,99995,1,1,0,1,62,55,0.0011700585029251463,7,2,49931,49944,59,50,0,0,0,0,0,0,99881,0,0,0,0,0,0,0,0,0,0,114,0,0,0,0,0,0
26,884,27.15485540463649,99995,1,1,0,1,62,55,0.0011700585029251463,7,2,49931,49945,59,49,0,0,0,0,0,0,99881,0,0,0,0,0,0,0,0,0,0,114,0,0,0,0,0,0
27,884,28.175873169819624,99995,1,3,0,1,62,57,0.0011900595029751488,8,0,49931,49945,58,49,0,0,0,0,0,0,99881,0,0,0,0,0,0,0,0,0,0,114,0,0,0,0,0,0
28,884,29.018857670536192,99995,3,3,0,1,64,57,0.0012100605030251513,6,1,49931,49945,58,48,0,0,0,0,0,0,99881,0,0,0,0,0,0,0,0,0,0,114,0,0,0,0,0,0
29,884,30.28838636467902,99995,3,4,0,1,65,58,0.0012300615030751538,5,1,49931,49944,59,48,0,0,0,0,0,0,99880,0,0,0,0,0,0,0,0,0,0,115,0,0,0,0,0,0
30,884,31.139949341674743,99995,4,5,0,1,66,59,0.0012500625031251563,4,0,49931,49944,59,48,0,0,0,0,0,0,99880,0,0,0,0,0,0,0,0,0,0,115,0,0,0,0,0,0
31,884,32.048211583976205,99995,5,5,0,1,67,59,0.0012600630031501575,5,1,49929,49943,59,48,0,0,0,0,0,0,99880,0,0,0,0,0,0,0,0,0,0,115,0,0,0,0,0,0
32,884,33.2066352870321,99995,7,4,0,1,69,59,0.00128006400320016,7,1,49925,49943,59,49,0,0,0,0,0,0,99879,0,0,0,0,0,0,0,0,0,0,116,0,0,0,0,0,0
33,884,34.12745103200911,99995,7,3,0,1,71,59,0.0013000650032501625,5,1,49925,49944,61,49,0,0,0,0,0,0,99876,0,0,0,0,0,0,0,0,0,0,119,0,0,0,0,0,0
34,884,35.12031279252483,99995,6,3,0,1,73,60,0.0013300665033251662,3,3,49925,49941,64,50,0,0,0,0,0,0,99872,0,0,0,0,0,0,0,0,0,0,123,0,0,0,0,0,0
35,884,36.07661823361503,99995,4,4,0,1,74,61,0.0013500675033751687,5,2,49922,49941,67,50,0,0,0,0,0,0,99869,0,0,0,0,0,0,0,0,0,0,126,0,0,0,0,0,0
36,884,37.15180872883704,99995,7,4,0,1,78,61,0.0013900695034751737,3,2,49922,49941,66,50,0,0,0,0,0,0,99868,0,0,0,0,0,0,0,0,0,0,127,0,0,0,0,0,0
37,884,38.28181916505411,99995,5,1,0,1,79,61,0.001400070003500175,3,2,49921,49942,69,52,0,0,0,0,0,0,99862,0,0,0,0,0,0,0,0,0,0,133,0,0,0,0,0,0
38,884,39.0674255188099,99995,6,2,0,1,80,62,0.0014200710035501775,2,2,49923,49941,67,52,0,0,0,0,0,0,99862,0,0,0,0,0,0,0,0,0,0,133,0,0,0,0,0,0
39,884,40.213267588049696,99995,7,3,0,1,82,63,0.0014500725036251812,2,2,49922,49940,67,52,0,0,0,0,0,0,99861,0,0,0,0,0,0,0,0,0,0,134,0,0,0,0,0,0
40,884,41.01572109202424,99995,8,4,0,1,83,64,0.0014700735036751837,2,2,49921,49939,67,52,0,0,0,0,0,0,99861,0,0,0,0,0,0,0,0,0,0,134,0,0,0,0,0,0
41,884,42.21190068415363,99995,9,5,0,1,84,65,0.0014900745037251862,2,1,49921,49939,66,52,0,0,0,0,0,0,99861,0,0,0,0,0,0,0,0,0,0,134,0,0,0,0,0,0
42,884,43.03436985949013,99995,6,4,0,1,84,65,0.0014900745037251862,3,1,49920,49939,69,53,0,0,0,0,0,0,99857,0,0,0,0,0,0,0,0,0,0,138,0,0,0,0,0,0
43,884,44.062175230188764,99995,6,3,0,1,85,65,0.0015000750037501875,3,2,49919,49938,70,54,0,0,0,0,0,0,99855,0,0,0,0,0,0,0,0,0,0,140,0,0,0,0,0,0
44,884,45.21342248590536,99995,6,4,0,1,86,66,0.00152007600380019,4,1,49917,49938,71,54,0,0,0,0,0,0,99854,0,0,0,0,0,0,0,0,0,0,141,0,0,0,0,0,0
45,884,46.125426162345974,99995,7,3,0,1,87,66,0.0015300765038251912,5,2,49915,49937,71,55,0,0,0,0,0,0,99853,0,0,0,0,0,0,0,0,0,0,142,0,0,0,0,0,0
46,884,47.256610530354465,99995,5,4,0,1,87,67,0.0015400770038501925,6,1,49914,49937,73,55,0,0,0,0,0,0,99851,0,0,0,0,0,0,0,0,0,0,144,0,0,0,0,0,0
47,884,48.021102473162976,99995,7,4,0,1,89,68,0.0015700785039251962,5,0,49913,49937,73,56,0,0,0,0,0,0,99850,0,0,0,0,0,0,0,0,0,0,145,0,0,0,0,0,0
48,884,49.02484109748838,99995,9,3,0,1,91,68,0.0015900795039751987,5,2,49911,49935,73,57,0,0,0,0,0,0,99849,0,0,0,0,0,0,0,0,0,0,146,0,0,0,0,0,0
49,884,50.153699776750265,99995,9,2,0,1,94,68,0.0016200810040502024,7,3,49908,49935,74,57,0,0,0,0,0,0,99845,0,0,0,0,0,0,0,0,0,0,150,0,0,0,0,0,0
50,884,51.3273419556738,99995,9,3,0,1,94,69,0.0016300815040752037,10,2,49905,49935,74,57,0,0,0,0,0,0,99845,0,0,0,0,0,0,0,0,0,0,150,0,0,0,0,0,0
51,884,52.2189877230355,99995,7,3,0,1,94,70,0.001640082004100205,10,4,49905,49932,76,58,0,0,0,0,0,0,99842,0,0,0,0,0,0,0,0,0,0,153,0,0,0,0,0,0
52,884,53.100089763124785,99995,7,4,0,1,95,71,0.0016600830041502074,10,3,49904,49932,77,58,0,0,0,0,0,0,99841,0,0,0,0,0,0,0,0,0,0,154,0,0,0,0,0,0
53,884,54.13096617760878,99995,9,4,0,1,98,72,0.0017000850042502124,7,2,49904,49932,78,59,0,0,0,0,0,0,99839,0,0,0,0,0,0,0,0,0,0,156,0,0,0,0,0,0
54,884,55.32111143203151,99995,11,4,0,1,101,73,0.0017400870043502174,7,1,49902,49932,78,60,0,0,0,0,0,0,99837,0,0,0,0,0,0,0,0,0,0,158,0,0,0,0,0,0
55,884,56.195557588478444,99995,11,4,0,1,102,73,0.0017500875043752187,9,2,49900,49932,78,59,0,0,0,0,0,0,99836,0,0,0,0,0,0,0,0,0,0,159,0,0,0,0,0,0
56,884,57.06166176123979,99995,14,5,0,1,105,74,0.0017900895044752237,9,3,49898,49931,77,58,0,0,0,0,0,0,99836,0,0,0,0,0,0,0,0,0,0,159,0,0,0,0,0,0
57,884,58.080631015927885,99995,14,5,0,1,109,74,0.0018300915045752287,9,3,49894,49931,81,58,0,0,0,0,0,0,99832,0,0,0,0,0,0,0,0,0,0,163,0,0,0,0,0,0
58,884,59.15952166886193,99995,17,4,0,1,113,74,0.0018700935046752339,8,4,49892,49930,81,59,0,0,0,0,0,0,99830,0,0,0,0,0,0,0,0,0,0,165,0,0,0,0,0,0
59,884,60.02656288734859,99995,18,4,0,1,116,76,0.0019200960048002401,8,2,49889,49930,83,61,0,0,0,0,0,0,99826,0,0,0,0,0,0,0,0,0,0,169,0,0,0,0,0,0
60,884,61.18457456778083,99995,15,4,0,1,117,76,0.0019300965048252414,9,3,49887,49930,87,60,0,0,0,0,0,0,99822,0,0,0,0,0,0,0,0,0,0,173,0,0,0,0,0,0
61,884,62.20132396892217,99995,14,4,0,1,118,76,0.0019400970048502426,9,3,49886,49930,89,60,0,0,0,0,0,0,99820,0,0,0,0,0,0,0,0,0,0,175,0,0,0,0,0,0
62,884,63.05048137243269,99995,14,4,0,1,121,76,0.001970098504925246,7,5,49885,49930,92,58,0,0,0,0,0,0,99817,0,0,0,0,0,0,0,0,0,0,178,0,0,0,0,0,0
63,884,64.20292378498773,99995,11,5,0,1,121,78,0.0019900995049752486,8,4,49884,49929,95,59,0,0,0,0,0,0,99813,0,0,0,0,0,0,0,0,0,0,182,0,0,0,0,0,0
64,884,65.23849609500971,99995,11,6,0,1,122,79,0.002010100505025251,7,6,49884,49928,96,57,0,0,0,0,0,0,99812,0,0,0,0,0,0,0,0,0,0,183,0,0,0,0,0,0
65,884,66.02144100543902,99995,12,8,0,1,124,81,0.002050102505125256,5,4,49884,49928,97,57,0,0,0,0,0,0,99811,0,0,0,0,0,0,0,0,0,0,184,0,0,0,0,0,0
66,884,67.00956295391907,99995,10,6,0,1,124,82,0.0020601030051502576,7,3,49883,49929,98,59,0,0,0,0,0,0,99806,0,0,0,0,0,0,0,0,0,0,189,0,0,0,0,0,0
67,884,68.15266665749235,99995,11,6,0,1,126,83,0.002090104505225261,6,2,49883,49929,98,60,0,0,0,0,0,0,99804,0,0,0,0,0,0,0,0,0,0,191,0,0,0,0,0,0
68,884,69.0281583911715,99995,12,4,0,1,127,83,0.0021001050052502626,5,2,49883,49929,98,62,0,0,0,0,0,0,99802,0,0,0,0,0,0,0,0,0,0,193,0,0,0,0,0,0
69,884,70.07866382704925,99995,11,3,0,1,127,83,0.0021001050052502626,8,2,49881,49929,98,63,0,0,0,0,0,0,99800,0,0,0,0,0,0,0,0,0,0,195,0,0,0,0,0,0
70,884,71.03654373431888,99995,10,3,0,1,128,83,0.0021101055052752636,8,3,49880,49928,100,63,0,0,0,0,0,0,99798,0,0,0,0,0,0,0,0,0,0,197,0,0,0,0,0,0
71,884,72.04421763500396,99995,9,3,0,1,129,83,0.002120106005300265,8,3,49879,49928,102,63,0,0,0,0,0,0,99796,0,0,0,0,0,0,0,0,0,0,199,0,0,0,0,0,0
72,884,73.22783221452877,99995,10,4,0,1,131,84,0.0021501075053752686,7,3,49878,49927,103,63,0,0,0,0,0,0,99795,0,0,0,0,0,0,0,0,0,0,200,0,0,0,0,0,0
73,884,74.12504824205632,99995,10,6,0,1,133,86,0.0021901095054752736,7,2,49876,49926,105,63,0,0,0,0,0,0,99793,0,0,0,0,0,0,0,0,0,0,202,0,0,0,0,0,0
74,884,75.24231368497364,99995,10,6,0,1,136,86,0.0022201110055502776,4,3,49876,49925,108,63,0,0,0,0,0,0,99790,0,0,0,0,0,0,0,0,0,0,205,0,0,0,0,0,0
75,884,76.17897667652585,99995,8,7,0,1,136,87,0.0022301115055752786,7,2,49874,49926,109,62,0,0,0,0,0,0,99788,0,0,0,0,0,0,0,0,0,0,207,0,0,0,0,0,0
76,884,77.09091931799837,99995,8,8,0,1,137,88,0.002250112505625281,6,2,49874,49925,110,62,0,0,0,0,0,0,99787,0,0,0,0,0,0,0,0,0,0,208,0,0,0,0,0,0
77,884,78.23971006213269,99995,6,6,0,1,138,89,0.0022701135056752836,6,1,49874,49925,112,65,0,0,0,0,0,0,99781,0,0,0,0,0,0,0,0,0,0,214,0,0,0,0,0,0
78,884,79.1270516976369,99995,6,5,0,1,139,89,0.002280114005700285,5,2,49874,49924,113,66,0,0,0,0,0,0,99779,0,0,0,0,0,0,0,0,0,0,216,0,0,0,0,0,0
79,884,80.08640117783165,99995,7,6,0,1,141,91,0.00232011600580029,3,2,49875,49922,113,67,0,0,0,0,0,0,99777,0,0,0,0,0,0,0,0,0,0,218,0,0,0,0,0,0
80,884,81.04064263725613,99995,7,7,0,1,143,93,0.002360118005900295,3,1,49874,49921,114,68,0,0,0,0,0,0,99774,0,0,0,0,0,0,0,0,0,0,221,0,0,0,0,0,0
81,884,82.18084366095283,99995,3,3,0,1,143,93,0.002360118005900295,4,1,49874,49921,117,72,0,0,0,0,0,0,99766,0,0,0,0,0,0,0,0,0,0,229,0,0,0,0,0,0
82,884,83.20885276341835,99995,3,2,0,1,144,93,0.002370118505925296,3,1,49874,49921,118,73,0,0,0,0,0,0,99764,0,0,0,0,0,0,0,0,0,0,231,0,0,0,0,0,0
83,884,84.08529725799931,99995,1,2,0,1,144,94,0.0023801190059502975,4,0,49874,49922,119,73,0,0,0,0,0,0,99761,0,0,0,0,0,0,0,0,0,0,234,0,0,0,0,0,0
84,884,85.17689505707278,99995,3,2,0,1,146,94,0.0024001200060003,2,0,49874,49922,119,73,0,0,0,0,0,0,99761,0,0,0,0,0,0,0,0,0,0,234,0,0,0,0,0,0
85,884,86.19547803706186,99995,3,2,0,1,146,94,0.0024001200060003,2,0,49876,49922,117,73,0,0,0,0,0,0,99761,0,0,0,0,0,0,0,0,0,0,234,0,0,0,0,0,0
86,884,87.2329904031171,99995,3,1,0,1,146,94,0.0024001200060003,2,0,49877,49922,116,74,0,0,0,0,0,0,99760,0,0,0,0,0,0,0,0,0,0,235,0,0,0,0,0,0
87,884,88.00149780936897,99995,3,0,0,1,146,94,0.0024001200060003,2,0,49877,49922,116,75,0,0,0,0,0,0,99759,0,0,0,0,0,0,0,0,0,0,236,0,0,0,0,0,0
88,884,89.24952373609513,99995,2,0,0,1,146,94,0.0024001200060003,2,0,49878,49922,116,75,0,0,0,0,0,0,99758,0,0,0,0,0,0,0,0,0,0,237,0,0,0,0,0,0
89,884,90.26622791233687,99995,3,0,0,1,147,94,0.002410120506025301,2,0,49877,49922,116,75,0,0,0,0,0,0,99758,0,0,0,0,0,0,0,0,0,0,237,0,0,0,0,0,0
90,884,91.2066668317466,99995,4,0,0,1,148,94,0.0024201210060503025,3,0,49875,49922,116,75,0,0,0,0,0,0,99758,0,0,0,0,0,0,0,0,0,0,237,0,0,0,0,0,0
91,884,92.25592064325461,99995,4,1,0,1,148,95,0.0024301215060753036,4,0,49877,49921,113,75,0,0,0,0,0,0,99758,0,0,0,0,0,0,0,0,0,0,237,0,0,0,0,0,0
92,884,93.24638246430239,99995,4,1,0,1,148,95,0.0024301215060753036,4,0,49878,49921,112,75,0,0,0,0,0,0,99758,0,0,0,0,0,0,0,0,0,0,237,0,0,0,0,0,0
93,884,94.30202676140722,99995,5,1,0,1,150,95,0.002450122506125306,3,0,49877,49922,113,74,0,0,0,0,0,0,99757,0,0,0,0,0,0,0,0,0,0,238,0,0,0,0,0,0
94,884,95.32669795268188,99995,5,1,0,1,150,95,0.002450122506125306,3,0,49878,49923,112,73,0,0,0,0,0,0,99757,0,0,0,0,0,0,0,0,0,0,238,0,0,0,0,0,0
95,884,96.07830282987285,99995,6,1,0,1,151,95,0.0024601230061503075,2,0,49878,49923,112,73,0,0,0,0,0,0,99757,0,0,0,0,0,0,0,0,0,0,238,0,0,0,0,0,0
96,884,97.12906335488043,99995,5,1,0,1,151,95,0.0024601230061503075,3,0,49877,49923,113,73,0,0,0,0,0,0,99756,0,0,0,0,0,0,0,0,0,0,239,0,0,0,0,0,0
97,884,98.11953045499219,99995,5,1,0,1,151,95,0.0024601230061503075,3,0,49878,49924,112,72,0,0,0,0,0,0,99756,0,0,0,0,0,0,0,0,0,0,239,0,0,0,0,0,0
98,884,99.15801666849448,99995,5,1,0,1,152,95,0.0024701235061753085,2,0,49878,49925,113,71,0,0,0,0,0,0,99755,0,0,0,0,0,0,0,0,0,0,240,0,0,0,0,0,0
99,884,100.05509408168193,99995,5,1,0,1,152,95,0.0024701235061753085,2,1,49878,49924,113,71,0,0,0,0,0,0,99755,0,0,0,0,0,0,0,0,0,0,240,0,0,0,0,0,0
100,884,101.04833402225928,99995,3,1,0,1,152,95,0.0024701235061753085,3,3,49878,49922,114,71,0,0,0,0,0,0,99753,0,0,0,0,0,0,0,0,0,0,242,0,0,0,0,0,0
101,884,102.31214682515504,99995,5,3,0,1,154,97,0.002510125506275314,2,1,49878,49922,113,71,0,0,0,0,0,0,99753,0,0,0,0,0,0,0,0,0,0,242,0,0,0,0,0,0
102,884,103.31190743223112,99995,5,3,0,1,155,97,0.002520126006300315,2,2,49878,49921,113,71,0,0,0,0,0,0,99752,0,0,0,0,0,0,0,0,0,0,243,0,0,0,0,0,0
103,884,104.16053634616371,99995,5,4,0,1,156,98,0.0025401270063503175,2,1,49877,49921,114,71,0,0,0,0,0,0,99751,0,0,0,0,0,0,0,0,0,0,244,0,0,0,0,0,0
104,884,105.29250632126781,99995,5,4,0,1,156,98,0.0025401270063503175,3,1,49876,49921,114,71,0,0,0,0,0,0,99751,0,0,0,0,0,0,0,0,0,0,244,0,0,0,0,0,0
105,884,106.22752313205466,99995,6,5,0,1,157,99,0.00256012800640032,2,0,49878,49921,112,71,0,0,0,0,0,0,99751,0,0,0,0,0,0,0,0,0,0,244,0,0,0,0,0,0
106,884,107.3256318684553,99995,7,5,0,1,158,99,0.0025701285064253215,4,0,49876,49921,111,71,0,0,0,0,0,0,99751,0,0,0,0,0,0,0,0,0,0,244,0,0,0,0,0,0
107,884,108.27094480376724,99995,8,5,0,1,160,99,0.002590129506475324,2,1,49876,49920,112,71,0,0,0,0,0,0,99750,0,0,0,0,0,0,0,0,0,0,245,0,0,0,0,0,0
108,884,109.10205065042005,99995,7,5,0,1,160,99,0.002590129506475324,5,1,49874,49920,112,71,0,0,0,0,0,0,99749,0,0,0,0,0,0,0,0,0,0,246,0,0,0,0,0,0
109,884,110.15904102473948,99995,9,4,0,1,162,99,0.0026101305065253265,6,2,49871,49919,112,72,0,0,0,0,0,0,99748,0,0,0,0,0,0,0,0,0,0,247,0,0,0,0,0,0
110,884,111.10721856753139,99995,9,4,0,1,163,99,0.0026201310065503275,5,3,49871,49919,113,71,0,0,0,0,0,0,99747,0,0,0,0,0,0,0,0,0,0,248,0,0,0,0,0,0
111,884,112.04629091079562,99995,7,5,0,1,163,100,0.002630131506575329,8,2,49868,49919,115,71,0,0,0,0,0,0,99745,0,0,0,0,0,0,0,0,0,0,250,0,0,0,0,0,0
112,884,113.0114938968601,99995,6,6,0,1,165,101,0.0026601330066503325,8,1,49867,49919,117,71,0,0,0,0,0,0,99742,0,0,0,0,0,0,0,0,0,0,253,0,0,0,0,0,0
113,884,114.1105026871172,99995,8,4,0,1,168,101,0.0026901345067253364,8,1,49864,49919,118,73,0,0,0,0,0,0,99739,0,0,0,0,0,0,0,0,0,0,256,0,0,0,0,0,0
114,884,115.00976378724052,99995,9,3,0,1,169,101,0.0027001350067503375,8,2,49863,49918,118,74,0,0,0,0,0,0,99738,0,0,0,0,0,0,0,0,0,0,257,0,0,0,0,0,0
115,884,116.23865853457214,99995,8,2,0,1,170,102,0.00272013600680034,8,1,49862,49919,120,75,0,0,0,0,0,0,99734,0,0,0,0,0,0,0,0,0,0,261,0,0,0,0,0,0
116,884,117.24177186965524,99995,7,2,0,1,171,102,0.0027301365068253414,10,1,49860,49919,121,75,0,0,0,0,0,0,99732,0,0,0,0,0,0,0,0,0,0,263,0,0,0,0,0,0
117,884,118.01910125052639,99995,9,2,0,1,174,102,0.002760138006900345,8,1,49859,49919,122,75,0,0,0,0,0,0,99731,0,0,0,0,0,0,0,0,0,0,264,0,0,0,0,0,0
118,884,119.02315234224012,99995,11,1,0,1,176,102,0.0027801390069503475,7,1,49859,49919,121,76,0,0,0,0,0,0,99730,0,0,0,0,0,0,0,0,0,0,265,0,0,0,0,0,0
119,884,120.13493056541276,99995,8,0,0,1,176,102,0.0027801390069503475,7,1,49859,49919,124,77,0,0,0,0,0,0,99726,0,0,0,0,0,0,0,0,0,0,269,0,0,0,0,0,0
120,884,121.1712006211742,99995,8,1,0,1,177,103,0.00280014000700035,7,0,49858,49920,125,76,0,0,0,0,0,0,99725,0,0,0,0,0,0,0,0,0,0,270,0,0,0,0,0,0
121,884,122.21735273463783,99995,8,1,0,1,178,103,0.0028101405070253514,6,1,49858,49919,126,76,0,0,0,0,0,0,99724,0,0,0,0,0,0,0,0,0,0,271,0,0,0,0,0,0
122,884,123.07508144712665,99995,7,1,0,1,178,103,0.0028101405070253514,7,1,49858,49919,126,76,0,0,0,0,0,0,99723,0,0,0,0,0,0,0,0,0,0,272,0,0,0,0,0,0
123,884,124.21174552546421,99995,9,2,0,1,180,104,0.002840142007100355,7,0,49858,49919,124,76,0,0,0,0,0,0,99723,0,0,0,0,0,0,0,0,0,0,272,0,0,0,0,0,0
124,884,125.02266440236878,99995,9,2,0,1,181,104,0.0028501425071253564,7,0,49857,49920,125,75,0,0,0,0,0,0,99722,0,0,0,0,0,0,0,0,0,0,273,0,0,0,0,0,0
125,884,126.03462716457291,99995,9,2,0,1,184,104,0.00288014400720036,6,2,49856,49918,127,75,0,0,0,0,0,0,99719,0,0,0,0,0,0,0,0,0,0,276,0,0,0,0,0,0
126,884,127.16396059565943,99995,6,1,0,1,184,104,0.00288014400720036,6,3,49856,49917,130,76,0,0,0,0,0,0,99715,0,0,0,0,0,0,0,0,0,0,280,0,0,0,0,0,0
127,884,128.2514927260441,99995,6,2,0,1,185,105,0.0029001450072503624,5,3,49856,49917,131,75,0,0,0,0,0,0,99714,0,0,0,0,0,0,0,0,0,0,281,0,0,0,0,0,0
128,884,129.1125641656441,99994,7,2,1,1,187,105,0.002920175210512631,3,3,49857,49918,130,74,0,0,0,0,0,0,99713,0,0,0,0,0,0,0,0,0,0,281,0,0,0,0,0,0
129,884,130.20021044438303,99994,8,4,1,1,189,107,0.0029601776106566394,1,1,49858,49918,130,74,0,0,0,0,0,0,99712,0,0,0,0,0,0,0,0,0,0,282,0,0,0,0,0,0
130,884,131.10166162423687,99994,8,5,1,1,189,108,0.0029701782106926417,3,2,49856,49916,130,74,0,0,0,0,0,0,99712,0,0,0,0,0,0,0,0,0,0,282,0,0,0,0,0,0
131,884,132.14580225777425,99994,7,4,1,1,189,108,0.0029701782106926417,4,3,49855,49915,131,75,0,0,0,0,0,0,99710,0,0,0,0,0,0,0,0,0,0,284,0,0,0,0,0,0
132,884,133.06421446945538,99994,7,3,1,1,191,108,0.0029901794107646457,5,3,49852,49915,133,76,0,0,0,0,0,0,99707,0,0,0,0,0,0,0,0,0,0,287,0,0,0,0,0,0
133,884,134.32024138909398,99994,6,4,1,1,192,109,0.0030101806108366502,5,3,49852,49915,134,75,0,0,0,0,0,0,99705,0,0,0,0,0,0,0,0,0,0,289,0,0,0,0,0,0
134,884,135.125397100016,99994,6,5,1,1,193,110,0.0030301818109086543,4,4,49853,49913,134,75,0,0,0,0,0,0,99704,0,0,0,0,0,0,0,0,0,0,290,0,0,0,0,0,0
135,884,136.25160507694028,99994,6,5,1,1,193,110,0.0030301818109086543,5,4,49852,49914,134,74,0,0,0,0,0,0,99704,0,0,0,0,0,0,0,0,0,0,290,0,0,0,0,0,0
136,884,137.22012289190639,99994,7,5,1,1,195,111,0.003060183611016661,3,3,49852,49916,135,73,0,0,0,0,0,0,99702,0,0,0,0,0,0,0,0,0,0,292,0,0,0,0,0,0
137,884,138.02902699466406,99994,8,4,1,1,196,112,0.003080184811088665,2,2,49852,49916,135,75,0,0,0,0,0,0,99700,0,0,0,0,0,0,0,0,0,0,294,0,0,0,0,0,0
138,884,139.32116967252313,99994,6,5,1,1,196,113,0.0030901854111246674,4,1,49850,49916,137,75,0,0,0,0,0,0,99698,0,0,0,0,0,0,0,0,0,0,296,0,0,0,0,0,0
139,884,140.0750713936628,99994,5,3,1,1,196,113,0.0030901854111246674,4,2,49851,49915,137,77,0,0,0,0,0,0,99695,0,0,0,0,0,0,0,0,0,0,299,0,0,0,0,0,0
140,884,141.04780763246174,99994,7,3,1,1,198,113,0.003110186611196672,2,2,49852,49916,136,76,0,0,0,0,0,0,99695,0,0,0,0,0,0,0,0,0,0,299,0,0,0,0,0,0
141,884,142.24527335000892,99994,5,1,1,1,198,113,0.003110186611196672,2,2,49852,49917,138,77,0,0,0,0,0,0,99691,0,0,0,0,0,0,0,0,0,0,303,0,0,0,0,0,0
142,884,143.23622687587456,99994,5,1,1,1,198,113,0.003110186611196672,2,2,49853,49917,137,77,0,0,0,0,0,0,99691,0,0,0,0,0,0,0,0,0,0,303,0,0,0,0,0,0
143,884,144.16088814993677,99994,5,2,1,1,198,114,0.003120187211232674,2,2,49853,49916,137,77,0,0,0,0,0,0,99691,0,0,0,0,0,0,0,0,0,0,303,0,0,0,0,0,0
144,884,145.18747139431684,99994,6,3,1,1,199,115,0.003140188411304678,1,2,49853,49916,137,76,0,0,0,0,0,0,99691,0,0,0,0,0,0,0,0,0,0,303,0,0,0,0,0,0
145,884,146.1783926723496,99994,6,3,1,1,199,115,0.003140188411304678,1,2,49853,49916,137,76,0,0,0,0,0,0,99691,0,0,0,0,0,0,0,0,0,0,303,0,0,0,0,0,0
146,884,147.21004044452724,99994,4,2,1,1,200,115,0.0031501890113406804,2,2,49851,49916,140,77,0,0,0,0,0,0,99687,0,0,0,0,0,0,0,0,0,0,307,0,0,0,0,0,0
147,884,148.0443985037404,99994,5,3,1,1,201,116,0.003170190211412685,1,2,49852,49915,139,77,0,0,0,0,0,0,99687,0,0,0,0,0,0,0,0,0,0,307,0,0,0,0,0,0
148,884,149.0353573183012,99994,6,4,1,1,202,117,0.003190191411484689,3,2,49849,49915,139,76,0,0,0,0,0,0,99687,0,0,0,0,0,0,0,0,0,0,307,0,0,0,0,0,0
149,884,150.0063787573827,99994,5,2,1,1,203,117,0.0032001920115206912,3,2,49848,49916,141,77,0,0,0,0,0,0,99683,0,0,0,0,0,0,0,0,0,0,311,0,0,0,0,0,0
150,884,151.08252128682315,99994,5,3,1,1,203,118,0.0032101926115566935,3,1,49849,49917,140,76,0,0,0,0,0,0,99683,0,0,0,0,0,0,0,0,0,0,311,0,0,0,0,0,0
151,884,152.29844280800341,99994,2,2,1,1,203,118,0.0032101926115566935,4,1,49848,49917,143,77,0,0,0,0,0,0,99679,0,0,0,0,0,0,0,0,0,0,315,0,0,0,0,0,0
152,884,153.28948480005874,99994,1,1,1,1,203,118,0.0032101926115566935,5,1,49847,49918,144,77,0,0,0,0,0,0,99677,0,0,0,0,0,0,0,0,0,0,317,0,0,0,0,0,0
153,884,154.14208263569103,99994,2,1,1,1,204,118,0.0032201932115926957,4,1,49847,49918,144,77,0,0,0,0,0,0,99677,0,0,0,0,0,0,0,0,0,0,317,0,0,0,0,0,0
154,884,155.1331534848175,99994,2,1,1,1,204,118,0.0032201932115926957,5,1,49848,49918,142,77,0,0,0,0,0,0,99677,0,0,0,0,0,0,0,0,0,0,317,0,0,0,0,0,0
155,884,156.12419131901612,99994,3,1,1,1,205,118,0.0032301938116286975,4,1,49849,49918,141,77,0,0,0,0,0,0,99677,0,0,0,0,0,0,0,0,0,0,317,0,0,0,0,0,0
156,884,157.17182779524092,99994,4,2,1,1,207,119,0.0032601956117367043,3,1,49848,49917,142,77,0,0,0,0,0,0,99676,0,0,0,0,0,0,0,0,0,0,318,0,0,0,0,0,0
157,884,158.0779538366144,99994,5,2,1,1,208,119,0.0032701962117727065,4,1,49846,49917,142,77,0,0,0,0,0,0,99676,0,0,0,0,0,0,0,0,0,0,318,0,0,0,0,0,0
158,884,159.06900281981527,99994,5,2,1,1,208,119,0.0032701962117727065,4,1,49846,49917,142,77,0,0,0,0,0,0,99676,0,0,0,0,0,0,0,0,0,0,318,0,0,0,0,0,0
159,884,160.06005521685262,99994,5,2,1,1,208,119,0.0032701962117727065,4,1,49846,49917,142,77,0,0,0,0,0,0,99676,0,0,0,0,0,0,0,0,0,0,318,0,0,0,0,0,0
160,884,161.23456036958245,99994,7,3,1,1,210,120,0.003300198011880713,2,0,49846,49918,142,76,0,0,0,0,0,0,99676,0,0,0,0,0,0,0,0,0,0,318,0,0,0,0,0,0
161,884,162.07432202682693,99994,6,2,1,1,210,120,0.003300198011880713,2,0,49846,49918,143,77,0,0,0,0,0,0,99674,0,0,0,0,0,0,0,0,0,0,320,0,0,0,0,0,0
162,884,163.06538706312574,99994,7,2,1,1,211,120,0.003310198611916715,1,1,49847,49917,142,77,0,0,0,0,0,0,99674,0,0,0,0,0,0,0,0,0,0,320,0,0,0,0,0,0
163,884,164.26696793245767,99994,6,2,1,1,211,120,0.003310198611916715,3,2,49846,49916,142,77,0,0,0,0,0,0,99673,0,0,0,0,0,0,0,0,0,0,321,0,0,0,0,0,0
164,884,165.24399390730753,99994,7,2,1,1,212,120,0.0033201992119527173,2,2,49846,49916,142,77,0,0,0,0,0,0,99673,0,0,0,0,0,0,0,0,0,0,321,0,0,0,0,0,0
165,884,166.0196636670653,99994,7,4,1,1,214,122,0.003360201612096726,0,0,49846,49916,144,77,0,0,0,0,0,0,99671,0,0,0,0,0,0,0,0,0,0,323,0,0,0,0,0,0
166,884,167.26954988434846,99994,7,3,1,1,214,122,0.003360201612096726,4,0,49842,49917,144,77,0,0,0,0,0,0,99670,0,0,0,0,0,0,0,0,0,0,324,0,0,0,0,0,0
167,884,168.1360436153813,99994,6,3,1,1,215,122,0.003370202212132728,3,1,49842,49916,146,77,0,0,0,0,0,0,99668,0,0,0,0,0,0,0,0,0,0,326,0,0,0,0,0,0
168,884,169.16934512275523,99994,7,3,1,1,216,122,0.00338020281216873,3,2,49841,49915,146,77,0,0,0,0,0,0,99668,0,0,0,0,0,0,0,0,0,0,326,0,0,0,0,0,0
169,884,170.2490274864473,99994,8,3,1,1,218,123,0.0034102046122767367,2,1,49843,49915,144,78,0,0,0,0,0,0,99666,0,0,0,0,0,0,0,0,0,0,328,0,0,0,0,0,0
170,884,171.29048397574329,99994,8,3,1,1,220,123,0.0034302058123487408,2,1,49842,49916,145,77,0,0,0,0,0,0,99664,0,0,0,0,0,0,0,0,0,0,330,0,0,0,0,0,0
171,884,172.06687881447465,99994,6,3,1,1,221,123,0.003440206412384743,2,1,49841,49916,148,77,0,0,0,0,0,0,99661,0,0,0,0,0,0,0,0,0,0,333,0,0,0,0,0,0
172,884,173.0027148802921,99994,5,1,1,1,221,123,0.003440206412384743,3,1,49841,49916,148,79,0,0,0,0,0,0,99658,0,0,0,0,0,0,0,0,0,0,336,0,0,0,0,0,0
173,884,174.16593024093052,99994,4,1,1,1,221,123,0.003440206412384743,4,1,49842,49916,147,79,0,0,0,0,0,0,99657,0,0,0,0,0,0,0,0,0,0,337,0,0,0,0,0,0
174,884,175.257425642474,99994,4,1,1,1,221,124,0.0034502070124207453,4,0,49842,49916,147,80,0,0,0,0,0,0,99656,0,0,0,0,0,0,0,0,0,0,338,0,0,0,0,0,0
175,884,176.01171229434127,99994,3,1,1,1,221,124,0.0034502070124207453,4,1,49842,49915,148,80,0,0,0,0,0,0,99655,0,0,0,0,0,0,0,0,0,0,339,0,0,0,0,0,0
176,884,177.2815466385025,99994,4,1,1,1,222,125,0.0034702082124927498,3,0,49842,49916,148,80,0,0,0,0,0,0,99654,0,0,0,0,0,0,0,0,0,0,340,0,0,0,0,0,0
177,884,178.20089574358627,99994,4,1,1,1,222,125,0.0034702082124927498,3,0,49843,49917,147,79,0,0,0,0,0,0,99654,0,0,0,0,0,0,0,0,0,0,340,0,0,0,0,0,0
178,884,179.22448051164326,99994,5,1,1,1,223,125,0.0034802088125287516,2,0,49844,49917,146,79,0,0,0,0,0,0,99654,0,0,0,0,0,0,0,0,0,0,340,0,0,0,0,0,0
179,884,180.21560193800926,99994,5,1,1,1,223,125,0.0034802088125287516,2,0,49846,49917,144,79,0,0,0,0,0,0,99654,0,0,0,0,0,0,0,0,0,0,340,0,0,0,0,0,0
180,884,181.20668693187403,99994,6,1,1,1,224,125,0.003490209412564754,3,0,49844,49917,144,79,0,0,0,0,0,0,99654,0,0,0,0,0,0,0,0,0,0,340,0,0,0,0,0,0
181,884,182.101700197417,99994,6,1,1,1,224,125,0.003490209412564754,3,0,49844,49917,144,79,0,0,0,0,0,0,99654,0,0,0,0,0,0,0,0,0,0,340,0,0,0,0,0,0
182,884,183.2830413461378,99994,7,1,1,1,226,125,0.0035102106126367583,2,0,49843,49917,145,79,0,0,0,0,0,0,99653,0,0,0,0,0,0,0,0,0,0,341,0,0,0,0,0,0
183,884,184.06362991050958,99994,4,0,1,1,226,125,0.0035102106126367583,4,2,49841,49915,148,80,0,0,0,0,0,0,99649,0,0,0,0,0,0,0,0,0,0,345,0,0,0,0,0,0
184,884,185.22984872119036,99994,6,0,1,1,228,125,0.0035302118127087624,4,2,49839,49915,148,80,0,0,0,0,0,0,99649,0,0,0,0,0,0,0,0,0,0,345,0,0,0,0,0,0
185,884,186.02061377938008,99994,7,1,1,1,230,126,0.003560213612816769,2,2,49840,49914,148,80,0,0,0,0,0,0,99648,0,0,0,0,0,0,0,0,0,0,346,0,0,0,0,0,0
186,884,187.10514446491837,99994,6,0,1,1,230,126,0.003560213612816769,2,2,49842,49914,147,81,0,0,0,0,0,0,99646,0,0,0,0,0,0,0,0,0,0,348,0,0,0,0,0,0
187,884,188.16692028956334,99994,7,0,1,1,231,127,0.003580214812888773,2,2,49841,49913,147,82,0,0,0,0,0,0,99645,0,0,0,0,0,0,0,0,0,0,349,0,0,0,0,0,0
188,884,189.00061226093527,99994,4,0,1,1,231,127,0.003580214812888773,2,2,49841,49913,150,82,0,0,0,0,0,0,99642,0,0,0,0,0,0,0,0,0,0,352,0,0,0,0,0,0
189,884,190.04969185470208,99994,6,2,1,1,233,129,0.003620217213032782,0,0,49841,49913,150,82,0,0,0,0,0,0,99642,0,0,0,0,0,0,0,0,0,0,352,0,0,0,0,0,0
190,884,191.03133025871358,99994,4,2,1,1,233,129,0.003620217213032782,1,0,49842,49913,150,82,0,0,0,0,0,0,99640,0,0,0,0,0,0,0,0,0,0,354,0,0,0,0,0,0
191,884,192.06889829750205,99994,3,1,1,1,233,129,0.003620217213032782,1,0,49842,49914,151,82,0,0,0,0,0,0,99638,0,0,0,0,0,0,0,0,0,0,356,0,0,0,0,0,0
192,884,193.05937069525672,99994,1,1,1,1,233,129,0.003620217213032782,1,1,49842,49913,153,82,0,0,0,0,0,0,99636,0,0,0,0,0,0,0,0,0,0,358,0,0,0,0,0,0
193,884,194.05109555084994,99994,2,2,1,1,234,130,0.0036402184131047862,0,1,49843,49913,152,81,0,0,0,0,0,0,99636,0,0,0,0,0,0,0,0,0,0,358,0,0,0,0,0,0
194,884,195.01822198226589,99994,2,2,1,1,234,130,0.0036402184131047862,0,1,49843,49913,152,81,0,0,0,0,0,0,99636,0,0,0,0,0,0,0,0,0,0,358,0,0,0,0,0,0
195,884,196.00835813620182,99994,1,1,1,1,234,130,0.0036402184131047862,0,1,49844,49914,152,81,0,0,0,0,0,0,99634,0,0,0,0,0,0,0,0,0,0,360,0,0,0,0,0,0
196,884,197.32993067838626,99994,1,1,1,1,234,130,0.0036402184131047862,0,2,49844,49913,152,81,0,0,0,0,0,0,99634,0,0,0,0,0,0,0,0,0,0,360,0,0,0,0,0,0
197,884,198.079252916982,99994,1,2,1,1,234,131,0.0036502190131407885,0,3,49844,49911,152,81,0,0,0,0,0,0,99634,0,0,0,0,0,0,0,0,0,0,360,0,0,0,0,0,0
198,884,199.07041939485475,99994,1,2,1,1,234,131,0.0036502190131407885,0,3,49844,49912,152,80,0,0,0,0,0,0,99634,0,0,0,0,0,0,0,0,0,0,360,0,0,0,0,0,0
199,884,200.1165834489491,99994,1,2,1,1,234,132,0.0036602196131767907,0,2,49845,49912,151,81,0,0,0,0,0,0,99633,0,0,0,0,0,0,0,0,0,0,361,0,0,0,0,0,0
200,884,201.23898376873427,99994,1,2,1,1,234,133,0.0036702202132127926,0,1,49845,49912,151,82,0,0,0,0,0,0,99632,0,0,0,0,0,0,0,0,0,0,362,0,0,0,0,0,0
201,884,202.23014083307896,99994,1,1,1,1,234,133,0.0036702202132127926,2,2,49843,49911,151,83,0,0,0,0,0,0,99631,0,0,0,0,0,0,0,0,0,0,363,0,0,0,0,0,0
202,884,203.32506247731396,99994,2,2,1,1,235,134,0.003690221413284797,1,1,49843,49911,151,83,0,0,0,0,0,0,99631,0,0,0,0,0,0,0,0,0,0,363,0,0,0,0,0,0
203,884,204.25275199355335,99994,1,1,1,1,235,134,0.003690221413284797,2,1,49842,49911,152,84,0,0,0,0,0,0,99629,0,0,0,0,0,0,0,0,0,0,365,0,0,0,0,0,0
204,884,205.04653862614543,99994,2,1,1,1,236,134,0.0037002220133207993,1,1,49842,49911,152,84,0,0,0,0,0,0,99629,0,0,0,0,0,0,0,0,0,0,365,0,0,0,0,0,0
205,884,206.1011437054316,99994,1,1,1,1,236,134,0.0037002220133207993,3,1,49840,49911,153,84,0,0,0,0,0,0,99628,0,0,0,0,0,0,0,0,0,0,366,0,0,0,0,0,0
206,884,207.25589278021388,99994,1,1,1,1,236,135,0.0037102226133568015,3,0,49841,49911,152,85,0,0,0,0,0,0,99627,0,0,0,0,0,0,0,0,0,0,367,0,0,0,0,0,0
207,884,208.15998793146815,99994,2,1,1,1,237,135,0.0037202232133928034,2,0,49841,49912,152,84,0,0,0,0,0,0,99627,0,0,0,0,0,0,0,0,0,0,367,0,0,0,0,0,0
208,884,209.15120561638565,99994,2,1,1,1,237,135,0.0037202232133928034,3,0,49840,49913,152,83,0,0,0,0,0,0,99627,0,0,0,0,0,0,0,0,0,0,367,0,0,0,0,0,0
209,884,210.14243009243086,99994,2,1,1,1,237,135,0.0037202232133928034,3,0,49840,49913,152,83,0,0,0,0,0,0,99627,0,0,0,0,0,0,0,0,0,0,367,0,0,0,0,0,0
210,884,211.13365456847606,99994,3,1,1,1,238,135,0.0037302238134288056,2,0,49840,49913,152,83,0,0,0,0,0,0,99627,0,0,0,0,0,0,0,0,0,0,367,0,0,0,0,0,0
211,884,212.13127320685572,99994,4,1,1,1,240,135,0.00375022501350081,2,0,49842,49915,149,81,0,0,0,0,0,0,99626,0,0,0,0,0,0,0,0,0,0,368,0,0,0,0,0,0
212,884,213.0100437876821,99994,5,1,1,1,241,135,0.0037602256135368124,1,0,49844,49915,147,81,0,0,0,0,0,0,99626,0,0,0,0,0,0,0,0,0,0,368,0,0,0,0,0,0
213,884,214.00117497400413,99994,5,1,1,1,241,135,0.0037602256135368124,1,1,49844,49914,147,81,0,0,0,0,0,0,99626,0,0,0,0,0,0,0,0,0,0,368,0,0,0,0,0,0
214,884,215.24295441491677,99994,4,1,1,1,241,135,0.0037602256135368124,2,1,49843,49914,148,81,0,0,0,0,0,0,99625,0,0,0,0,0,0,0,0,0,0,369,0,0,0,0,0,0
215,884,216.2226680464539,99994,5,1,1,1,242,135,0.003770226213572814,2,1,49842,49914,148,81,0,0,0,0,0,0,99625,0,0,0,0,0,0,0,0,0,0,369,0,0,0,0,0,0
216,884,217.18013694927035,99994,7,2,1,1,244,136,0.003800228013680821,2,1,49841,49913,147,81,0,0,0,0,0,0,99625,0,0,0,0,0,0,0,0,0,0,369,0,0,0,0,0,0
217,884,218.06254096443112,99994,6,2,1,1,244,136,0.003800228013680821,2,1,49841,49913,148,81,0,0,0,0,0,0,99624,0,0,0,0,0,0,0,0,0,0,370,0,0,0,0,0,0
218,884,219.02455609667837,99994,7,3,1,1,245,137,0.003820229213752825,2,0,49841,49913,147,81,0,0,0,0,0,0,99624,0,0,0,0,0,0,0,0,0,0,370,0,0,0,0,0,0
219,884,220.09793764675268,99994,7,2,1,1,246,137,0.0038302298137888272,3,1,49839,49912,148,82,0,0,0,0,0,0,99622,0,0,0,0,0,0,0,0,0,0,372,0,0,0,0,0,0
220,884,221.15001957737184,99994,7,2,1,1,247,137,0.0038402304138248295,3,2,49838,49911,149,82,0,0,0,0,0,0,99621,0,0,0,0,0,0,0,0,0,0,373,0,0,0,0,0,0
221,884,222.15378282921625,99994,7,2,1,1,247,138,0.0038502310138608317,4,1,49838,49912,148,82,0,0,0,0,0,0,99620,0,0,0,0,0,0,0,0,0,0,374,0,0,0,0,0,0
222,884,223.32982061106097,99994,6,1,1,1,247,138,0.0038502310138608317,6,1,49838,49912,147,83,0,0,0,0,0,0,99618,0,0,0,0,0,0,0,0,0,0,376,0,0,0,0,0,0
223,884,224.1810201082472,99994,7,2,1,1,249,139,0.003880232813968838,4,1,49838,49911,148,83,0,0,0,0,0,0,99617,0,0,0,0,0,0,0,0,0,0,377,0,0,0,0,0,0
224,884,225.22279305299352,99994,9,3,1,1,253,140,0.003930235814148849,0,1,49839,49910,149,83,0,0,0,0,0,0,99615,0,0,0,0,0,0,0,0,0,0,379,0,0,0,0,0,0
225,884,226.23485487488307,99994,8,4,1,1,253,141,0.003940236414184851,1,0,49838,49910,150,83,0,0,0,0,0,0,99614,0,0,0,0,0,0,0,0,0,0,380,0,0,0,0,0,0
226,884,227.2021918942066,99994,6,4,1,1,255,142,0.003970238214292858,0,0,49839,49909,152,84,0,0,0,0,0,0,99609,0,0,0,0,0,0,0,0,0,0,385,0,0,0,0,0,0
227,884,228.29442915693144,99994,2,2,1,1,255,142,0.003970238214292858,0,0,49839,49909,156,86,0,0,0,0,0,0,99603,0,0,0,0,0,0,0,0,0,0,391,0,0,0,0,0,0
228,884,229.28837593537096,99994,2,2,1,1,255,142,0.003970238214292858,0,0,49839,49910,156,85,0,0,0,0,0,0,99603,0,0,0,0,0,0,0,0,0,0,391,0,0,0,0,0,0
229,884,230.23092080279676,99994,1,1,1,1,255,142,0.003970238214292858,0,0,49839,49910,157,86,0,0,0,0,0,0,99601,0,0,0,0,0,0,0,0,0,0,393,0,0,0,0,0,0
230,884,231.22220532754696,99994,1,1,1,1,255,142,0.003970238214292858,0,0,49840,49910,156,86,0,0,0,0,0,0,99601,0,0,0,0,0,0,0,0,0,0,393,0,0,0,0,0,0
231,884,232.21346992329134,99994,1,1,1,1,255,142,0.003970238214292858,0,0,49840,49910,156,86,0,0,0,0,0,0,99601,0,0,0,0,0,0,0,0,0,0,393,0,0,0,0,0,0
232,884,233.20473451903572,99994,1,1,1,1,255,142,0.003970238214292858,0,0,49841,49910,155,86,0,0,0,0,0,0,99601,0,0,0,0,0,0,0,0,0,0,393,0,0,0,0,0,0
233,884,234.1959791868406,99994,1,1,1,1,255,142,0.003970238214292858,0,0,49842,49910,154,86,0,0,0,0,0,0,99601,0,0,0,0,0,0,0,0,0,0,393,0,0,0,0,0,0
234,884,235.18720392697244,99994,1,1,1,1,255,142,0.003970238214292858,0,0,49842,49910,154,86,0,0,0,0,0,0,99601,0,0,0,0,0,0,0,0,0,0,393,0,0,0,0,0,0
235,884,236.1784286671043,99994,1,1,1,1,255,142,0.003970238214292858,0,1,49843,49909,153,86,0,0,0,0,0,0,99601,0,0,0,0,0,0,0,0,0,0,393,0,0,0,0,0,0
236,884,237.16962924641263,99994,1,1,1,1,255,142,0.003970238214292858,0,1,49843,49911,153,84,0,0,0,0,0,0,99601,0,0,0,0,0,0,0,0,0,0,393,0,0,0,0,0,0
237,884,238.16082977283156,99994,1,1,1,1,255,142,0.003970238214292858,0,1,49843,49911,153,84,0,0,0,0,0,0,99601,0,0,0,0,0,0,0,0,0,0,393,0,0,0,0,0,0
238,884,239.12585257618247,99994,0,0,1,1,255,142,0.003970238214292858,0,1,49844,49911,153,85,0,0,0,0,0,0,99599,0,0,0,0,0,0,0,0,0,0,395,0,0,0,0,0,0
239,884,240.202249475583,99994,0,0,1,1,255,143,0.00398023881432886,0,0,49845,49911,152,86,0,0,0,0,0,0,99598,0,0,0,0,0,0,0,0,0,0,396,0,0,0,0,0,0
240,884,241.19343090269132,99994,0,0,1,1,255,143,0.00398023881432886,0,0,49845,49911,152,86,0,0,0,0,0,0,99598,0,0,0,0,0,0,0,0,0,0,396,0,0,0,0,0,0
241,884,242.18461232979965,99994,0,0,1,1,255,143,0.00398023881432886,0,0,49845,49912,152,85,0,0,0,0,0,0,99598,0,0,0,0,0,0,0,0,0,0,396,0,0,0,0,0,0
242,884,243.17579373046436,99994,0,0,1,1,255,143,0.00398023881432886,0,0,49845,49912,152,85,0,0,0,0,0,0,99598,0,0,0,0,0,0,0,0,0,0,396,0,0,0,0,0,0
243,884,244.16697511790727,99994,0,0,1,1,255,143,0.00398023881432886,0,0,49845,49912,152,85,0,0,0,0,0,0,99598,0,0,0,0,0,0,0,0,0,0,396,0,0,0,0,0,0
244,884,245.15815650535018,99994,0,0,1,1,255,143,0.00398023881432886,0,0,49845,49912,152,85,0,0,0,0,0,0,99598,0,0,0,0,0,0,0,0,0,0,396,0,0,0,0,0,0
245,884,246.14933789279308,99994,0,0,1,1,255,143,0.00398023881432886,0,0,49845,49912,152,85,0,0,0,0,0,0,99598,0,0,0,0,0,0,0,0,0,0,396,0,0,0,0,0,0
246,884,247.140519280236,99994,0,0,1,1,255,143,0.00398023881432886,0,0,49845,49913,152,84,0,0,0,0,0,0,99598,0,0,0,0,0,0,0,0,0,0,396,0,0,0,0,0,0
247,884,248.13170064123523,99994,0,0,1,1,255,143,0.00398023881432886,0,0,49846,49913,151,84,0,0,0,0,0,0,99598,0,0,0,0,0,0,0,0,0,0,396,0,0,0,0,0,0
248,884,249.12286870598797,99994,0,0,1,1,255,143,0.00398023881432886,0,0,49847,49913,150,84,0,0,0,0,0,0,99598,0,0,0,0,0,0,0,0,0,0,396,0,0,0,0,0,0
249,884,250.11401684673663,99994,0,0,1,1,255,143,0.00398023881432886,0,0,49847,49913,150,84,0,0,0,0,0,0,99598,0,0,0,0,0,0,0,0,0,0,396,0,0,0,0,0,0
250,884,251.10515834623942,99994,0,0,1,1,255,143,0.00398023881432886,0,0,49847,49914,150,83,0,0,0,0,0,0,99598,0,0,0,0,0,0,0,0,0,0,396,0,0,0,0,0,0
251,884,252.09629980607832,99994,0,0,1,1,255,143,0.00398023881432886,0,0,49847,49914,150,83,0,0,0,0,0,0,99598,0,0,0,0,0,0,0,0,0,0,396,0,0,0,0,0,0
252,884,253.08744126591722,99994,0,0,1,1,255,143,0.00398023881432886,0,0,49847,49914,150,83,0,0,0,0,0,0,99598,0,0,0,0,0,0,0,0,0,0,396,0,0,0,0,0,0
253,884,254.07858272575612,99994,0,0,1,1,255,143,0.00398023881432886,0,0,49848,49914,149,83,0,0,0,0,0,0,99598,0,0,0,0,0,0,0,0,0,0,396,0,0,0,0,0,0
254,884,255.06969762194493,99994,0,0,1,1,255,143,0.00398023881432886,0,0,49849,49914,148,83,0,0,0,0,0,0,99598,0,0,0,0,0,0,0,0,0,0,396,0,0,0,0,0,0
255,884,256.0607925962621,99994,0,0,1,1,255,143,0.00398023881432886,0,0,49851,49914,146,83,0,0,0,0,0,0,99598,0,0,0,0,0,0,0,0,0,0,396,0,0,0,0,0,0
256,884,257.051861009327,99994,0,0,1,1,255,143,0.00398023881432886,0,0,49851,49914,146,83,0,0,0,0,0,0,99598,0,0,0,0,0,0,0,0,0,0,396,0,0,0,0,0,0
257,884,258.0429227822121,99994,0,0,1,1,255,143,0.00398023881432886,0,0,49851,49914,146,83,0,0,0,0,0,0,99598,0,0,0,0,0,0,0,0,0,0,396,0,0,0,0,0,0
258,884,259.03398455509716,99994,0,0,1,1,255,143,0.00398023881432886,0,0,49851,49914,146,83,0,0,0,0,0,0,99598,0,0,0,0,0,0,0,0,0,0,396,0,0,0,0,0,0
259,884,260.02504632798224,99994,0,0,1,1,255,143,0.00398023881432886,0,0,49851,49915,146,82,0,0,0,0,0,0,99598,0,0,0,0,0,0,0,0,0,0,396,0,0,0,0,0,0
260,884,261.01610143451364,99994,0,0,1,1,255,143,0.00398023881432886,0,0,49852,49915,145,82,0,0,0,0,0,0,99598,0,0,0,0,0,0,0,0,0,0,396,0,0,0,0,0,0
261,884,262.00714324799844,99994,0,0,1,1,255,143,0.00398023881432886,0,0,49852,49915,145,82,0,0,0,0,0,0,99598,0,0,0,0,0,0,0,0,0,0,396,0,0,0,0,0,0
262,884,263.3285190533512,99994,0,0,1,1,255,143,0.00398023881432886,0,0,49854,49916,143,81,0,0,0,0,0,0,99598,0,0,0,0,0,0,0,0,0,0,396,0,0,0,0,0,0
263,884,264.3195209900959,99994,0,0,1,1,255,143,0.00398023881432886,0,0,49855,49916,142,81,0,0,0,0,0,0,99598,0,0,0,0,0,0,0,0,0,0,396,0,0,0,0,0,0
264,884,265.31050300949903,99994,0,0,1,1,255,143,0.00398023881432886,0,0,49855,49916,142,81,0,0,0,0,0,0,99598,0,0,0,0,0,0,0,0,0,0,396,0,0,0,0,0,0
265,884,266.3014783900547,99994,0,0,1,1,255,143,0.00398023881432886,0,0,49856,49916,141,81,0,0,0,0,0,0,99598,0,0,0,0,0,0,0,0,0,0,396,0,0,0,0,0,0
266,884,267.2924404929154,99994,0,0,1,1,255,143,0.00398023881432886,0,0,49856,49916,141,81,0,0,0,0,0,0,99598,0,0,0,0,0,0,0,0,0,0,396,0,0,0,0,0,0
267,884,268.28340259577607,99994,0,0,1,1,255,143,0.00398023881432886,0,0,49856,49916,141,81,0,0,0,0,0,0,99598,0,0,0,0,0,0,0,0,0,0,396,0,0,0,0,0,0
268,884,269.27435806005553,99994,0,0,1,1,255,143,0.00398023881432886,0,0,49858,49916,139,81,0,0,0,0,0,0,99598,0,0,0,0,0,0,0,0,0,0,396,0,0,0,0,0,0
269,884,270.265280332228,99994,0,0,1,1,255,143,0.00398023881432886,0,0,49858,49916,139,81,0,0,0,0,0,0,99598,0,0,0,0,0,0,0,0,0,0,396,0,0,0,0,0,0
270,884,271.2562026044004,99994,0,0,1,1,255,143,0.00398023881432886,0,0,49858,49917,139,80,0,0,0,0,0,0,99598,0,0,0,0,0,0,0,0,0,0,396,0,0,0,0,0,0
271,884,272.24712483691775,99994,0,0,1,1,255,143,0.00398023881432886,0,0,49859,49917,138,80,0,0,0,0,0,0,99598,0,0,0,0,0,0,0,0,0,0,396,0,0,0,0,0,0
272,884,273.23803379333833,99994,0,0,1,1,255,143,0.00398023881432886,0,0,49859,49917,138,80,0,0,0,0,0,0,99598,0,0,0,0,0,0,0,0,0,0,396,0,0,0,0,0,0
273,884,274.22893611171054,99994,0,0,1,1,255,143,0.00398023881432886,0,0,49859,49917,138,80,0,0,0,0,0,0,99598,0,0,0,0,0,0,0,0,0,0,396,0,0,0,0,0,0
274,884,275.2198317923007,99994,0,0,1,1,255,143,0.00398023881432886,0,0,49860,49917,137,80,0,0,0,0,0,0,99598,0,0,0,0,0,0,0,0,0,0,396,0,0,0,0,0,0
275,884,276.2107141973267,99994,0,0,1,1,255,143,0.00398023881432886,0,0,49860,49917,137,80,0,0,0,0,0,0,99598,0,0,0,0,0,0,0,0,0,0,396,0,0,0,0,0,0
276,884,277.2015966023527,99994,0,0,1,1,255,143,0.00398023881432886,0,0,49860,49917,137,80,0,0,0,0,0,0,99598,0,0,0,0,0,0,0,0,0,0,396,0,0,0,0,0,0
277,884,278.1924790073787,99994,0,0,1,1,255,143,0.00398023881432886,0,0,49860,49917,137,80,0,0,0,0,0,0,99598,0,0,0,0,0,0,0,0,0,0,396,0,0,0,0,0,0
278,884,279.18336141240474,99994,0,0,1,1,255,143,0.00398023881432886,0,0,49860,49917,137,80,0,0,0,0,0,0,99598,0,0,0,0,0,0,0,0,0,0,396,0,0,0,0,0,0
279,884,280.17424381743075,99994,0,0,1,1,255,143,0.00398023881432886,0,0,49860,49917,137,80,0,0,0,0,0,0,99598,0,0,0,0,0,0,0,0,0,0,396,0,0,0,0,0,0
280,884,281.16512622245676,99994,0,0,1,1,255,143,0.00398023881432886,0,0,49860,49917,137,80,0,0,0,0,0,0,99598,0,0,0,0,0,0,0,0,0,0,396,0,0,0,0,0,0
281,884,282.1560086274828,99994,0,0,1,1,255,143,0.00398023881432886,0,0,49862,49917,135,80,0,0,0,0,0,0,99598,0,0,0,0,0,0,0,0,0,0,396,0,0,0,0,0,0
282,884,283.14685784546214,99994,0,0,1,1,255,143,0.00398023881432886,0,0,49863,49917,134,80,0,0,0,0,0,0,99598,0,0,0,0,0,0,0,0,0,0,396,0,0,0,0,0,0
283,884,284.1376805152418,99994,0,0,1,1,255,143,0.00398023881432886,0,0,49863,49919,134,78,0,0,0,0,0,0,99598,0,0,0,0,0,0,0,0,0,0,396,0,0,0,0,0,0
284,884,285.1285031057191,99994,0,0,1,1,255,143,0.00398023881432886,0,0,49863,49920,134,77,0,0,0,0,0,0,99598,0,0,0,0,0,0,0,0,0,0,396,0,0,0,0,0,0
285,884,286.1193256565454,99994,0,0,1,1,255,143,0.00398023881432886,0,0,49863,49920,134,77,0,0,0,0,0,0,99598,0,0,0,0,0,0,0,0,0,0,396,0,0,0,0,0,0
286,884,287.1101482073717,99994,0,0,1,1,255,143,0.00398023881432886,0,0,49863,49920,134,77,0,0,0,0,0,0,99598,0,0,0,0,0,0,0,0,0,0,396,0,0,0,0,0,0
287,884,288.1009641214816,99994,0,0,1,1,255,143,0.00398023881432886,0,0,49864,49921,133,76,0,0,0,0,0,0,99598,0,0,0,0,0,0,0,0,0,0,396,0,0,0,0,0,0
288,884,289.0917600992752,99994,0,0,1,1,255,143,0.00398023881432886,0,0,49865,49921,132,76,0,0,0,0,0,0,99598,0,0,0,0,0,0,0,0,0,0,396,0,0,0,0,0,0
289,884,290.08254279095223,99994,0,0,1,1,255,143,0.00398023881432886,0,0,49866,49921,131,76,0,0,0,0,0,0,99598,0,0,0,0,0,0,0,0,0,0,396,0,0,0,0,0,0
290,884,291.0733122102618,99994,0,0,1,1,255,143,0.00398023881432886,0,0,49866,49921,131,76,0,0,0,0,0,0,99598,0,0,0,0,0,0,0,0,0,0,396,0,0,0,0,0,0
291,884,292.06407499338764,99994,0,0,1,1,255,143,0.00398023881432886,0,0,49867,49921,130,76,0,0,0,0,0,0,99598,0,0,0,0,0,0,0,0,0,0,396,0,0,0,0,0,0
292,884,293.05482450467827,99994,0,0,1,1,255,143,0.00398023881432886,0,0,49868,49921,129,76,0,0,0,0,0,0,99598,0,0,0,0,0,0,0,0,0,0,396,0,0,0,0,0,0
293,884,294.0455408377116,99994,0,0,1,1,255,143,0.00398023881432886,0,0,49869,49922,128,75,0,0,0,0,0,0,99598,0,0,0,0,0,0,0,0,0,0,396,0,0,0,0,0,0
294,884,295.03624387354336,99994,0,0,1,1,255,143,0.00398023881432886,0,0,49870,49923,127,74,0,0,0,0,0,0,99598,0,0,0,0,0,0,0,0,0,0,396,0,0,0,0,0,0
295,884,296.02692695115724,99994,0,0,1,1,255,143,0.00398023881432886,0,0,49870,49923,127,74,0,0,0,0,0,0,99598,0,0,0,0,0,0,0,0,0,0,396,0,0,0,0,0,0
296,884,297.0176100287711,99994,0,0,1,1,255,143,0.00398023881432886,0,0,49870,49923,127,74,0,0,0,0,0,0,99598,0,0,0,0,0,0,0,0,0,0,396,0,0,0,0,0,0
297,884,298.0082930931698,99994,0,0,1,1,255,143,0.00398023881432886,0,0,49870,49924,127,73,0,0,0,0,0,0,99598,0,0,0,0,0,0,0,0,0,0,396,0,0,0,0,0,0
298,884,299.3292038104609,99994,0,0,1,1,255,143,0.00398023881432886,0,0,49870,49924,127,73,0,0,0,0,0,0,99598,0,0,0,0,0,0,0,0,0,0,396,0,0,0,0,0,0
299,884,300.3198802135769,99994,0,0,1,1,255,143,0.00398023881432886,0,0,49871,49924,126,73,0,0,0,0,0,0,99598,0,0,0,0,0,0,0,0,0,0,396,0,0,0,0,0,0
300,884,301.31054334698814,99994,0,0,1,1,255,143,0.00398023881432886,0,0,49871,49924,126,73,0,0,0,0,0,0,99598,0,0,0,0,0,0,0,0,0,0,396,0,0,0,0,0,0
301,884,302.3012064803994,99994,0,0,1,1,255,143,0.00398023881432886,0,0,49871,49924,126,73,0,0,0,0,0,0,99598,0,0,0,0,0,0,0,0,0,0,396,0,0,0,0,0,0
302,884,303.29186961381066,99994,0,0,1,1,255,143,0.00398023881432886,0,0,49871,49925,126,72,0,0,0,0,0,0,99598,0,0,0,0,0,0,0,0,0,0,396,0,0,0,0,0,0
303,884,304.28253270757705,99994,0,0,1,1,255,143,0.00398023881432886,0,0,49871,49925,126,72,0,0,0,0,0,0,99598,0,0,0,0,0,0,0,0,0,0,396,0,0,0,0,0,0
304,884,305.27319580134343,99994,0,0,1,1,255,143,0.00398023881432886,0,0,49872,49926,125,71,0,0,0,0,0,0,99598,0,0,0,0,0,0,0,0,0,0,396,0,0,0,0,0,0
305,884,306.2638389384932,99994,0,0,1,1,255,143,0.00398023881432886,0,0,49874,49927,123,70,0,0,0,0,0,0,99598,0,0,0,0,0,0,0,0,0,0,396,0,0,0,0,0,0
306,884,307.25444223088124,99994,0,0,1,1,255,143,0.00398023881432886,0,0,49874,49928,123,69,0,0,0,0,0,0,99598,0,0,0,0,0,0,0,0,0,0,396,0,0,0,0,0,0
307,884,308.24504549684104,99994,0,0,1,1,255,143,0.00398023881432886,0,0,49874,49928,123,69,0,0,0,0,0,0,99598,0,0,0,0,0,0,0,0,0,0,396,0,0,0,0,0,0
308,884,309.23564876280085,99994,0,0,1,1,255,143,0.00398023881432886,0,0,49874,49929,123,68,0,0,0,0,0,0,99598,0,0,0,0,0,0,0,0,0,0,396,0,0,0,0,0,0
309,884,310.22625200233233,99994,0,0,1,1,255,143,0.00398023881432886,0,0,49876,49929,121,68,0,0,0,0,0,0,99598,0,0,0,0,0,0,0,0,0,0,396,0,0,0,0,0,0
310,884,311.21682206024775,99994,0,0,1,1,255,143,0.00398023881432886,0,0,49877,49929,120,68,0,0,0,0,0,0,99598,0,0,0,0,0,0,0,0,0,0,396,0,0,0,0,0,0
311,884,312.2073722181327,99994,0,0,1,1,255,143,0.00398023881432886,0,0,49877,49929,120,68,0,0,0,0,0,0,99598,0,0,0,0,0,0,0,0,0,0,396,0,0,0,0,0,0
312,884,313.19791574276286,99994,0,0,1,1,255,143,0.00398023881432886,0,0,49877,49929,120,68,0,0,0,0,0,0,99598,0,0,0,0,0,0,0,0,0,0,396,0,0,0,0,0,0
313,884,314.188459267393,99994,0,0,1,1,255,143,0.00398023881432886,0,0,49877,49929,120,68,0,0,0,0,0,0,99598,0,0,0,0,0,0,0,0,0,0,396,0,0,0,0,0,0
314,884,315.17900279202314,99994,0,0,1,1,255,143,0.00398023881432886,0,0,49877,49929,120,68,0,0,0,0,0,0,99598,0,0,0,0,0,0,0,0,0,0,396,0,0,0,0,0,0
315,884,316.1695463166533,99994,0,0,1,1,255,143,0.00398023881432886,0,0,49877,49930,120,67,0,0,0,0,0,0,99598,0,0,0,0,0,0,0,0,0,0,396,0,0,0,0,0,0
316,884,317.1600898016435,99994,0,0,1,1,255,143,0.00398023881432886,0,0,49877,49931,120,66,0,0,0,0,0,0,99598,0,0,0,0,0,0,0,0,0,0,396,0,0,0,0,0,0
317,884,318.150633260207,99994,0,0,1,1,255,143,0.00398023881432886,0,0,49878,49931,119,66,0,0,0,0,0,0,99598,0,0,0,0,0,0,0,0,0,0,396,0,0,0,0,0,0
318,884,319.1411568065922,99994,0,0,1,1,255,143,0.00398023881432886,0,0,49879,49931,118,66,0,0,0,0,0,0,99598,0,0,0,0,0,0,0,0,0,0,396,0,0,0,0,0,0
319,884,320.1316604548105,99994,0,0,1,1,255,143,0.00398023881432886,0,0,49878,49930,118,66,1,1,1,1,0,0,99596,0,0,0,0,0,0,0,0,0,2,396,0,0,0,0,0,0
320,884,321.1221773948996,99994,0,0,1,1,255,143,0.00398023881432886,0,0,49877,49929,118,66,2,2,2,2,0,0,99594,0,0,0,0,0,0,0,0,0,4,396,0,0,0,0,0,0
321,884,322.0984319680628,99994,0,0,1,1,255,143,0.00398023881432886,0,0,49876,49929,118,65,3,3,3,3,0,0,99592,0,0,0,0,0,0,0,0,0,6,396,0,0,0,0,0,0
322,884,323.0532231042951,99994,0,0,1,1,255,143,0.00398023881432886,0,0,49875,49928,118,65,4,4,4,4,0,0,99590,0,0,0,0,0,0,0,0,0,8,396,0,0,0,0,0,0
323,884,324.0539747780024,99994,0,0,1,1,255,143,0.00398023881432886,0,0,49874,49927,118,65,5,5,5,5,0,0,99588,0,0,0,0,0,0,0,0,0,10,396,0,0,0,0,0,0
324,884,325.2012002223852,99994,0,0,1,1,255,143,0.00398023881432886,0,0,49873,49927,118,64,6,6,6,6,0,0,99586,0,0,0,0,0,0,0,0,0,12,396,0,0,0,0,0,0
325,884,326.0033790534485,99994,0,0,1,1,255,143,0.00398023881432886,0,0,49872,49927,118,63,7,7,7,7,0,0,99584,0,0,0,0,0,0,0,0,0,14,396,0,0,0,0,0,0
326,884,327.032682854335,99994,0,0,1,1,255,143,0.00398023881432886,0,0,49871,49926,118,63,8,8,8,8,0,0,99582,0,0,0,0,0,0,0,0,0,16,396,0,0,0,0,0,0
327,884,328.0273926813332,99994,0,0,1,1,255,143,0.00398023881432886,0,0,49870,49925,118,63,9,9,9,9,0,0,99580,0,0,0,0,0,0,0,0,0,18,396,0,0,0,0,0,0
328,884,329.1485736842548,99994,0,0,1,1,255,143,0.00398023881432886,0,0,49869,49925,118,62,10,10,10,10,0,0,99578,0,0,0,0,0,0,0,0,0,20,396,0,0,0,0,0,0
329,884,330.1093086333368,99994,0,0,1,1,255,143,0.00398023881432886,0,0,49868,49924,118,62,11,11,11,11,0,0,99576,0,0,0,0,0,0,0,0,0,22,396,0,0,0,0,0,0
330,884,331.1220992368394,99994,0,0,1,1,255,143,0.00398023881432886,0,0,49867,49923,118,62,12,12,12,12,0,0,99574,0,0,0,0,0,0,0,0,0,24,396,0,0,0,0,0,0
331,884,332.038669278697,99994,0,0,1,1,255,143,0.00398023881432886,0,0,49867,49922,117,62,13,13,13,13,0,0,99572,0,0,0,0,0,0,0,0,0,26,396,0,0,0,0,0,0
332,884,333.0937220293635,99994,0,0,1,1,255,143,0.00398023881432886,0,0,49866,49921,117,62,14,14,14,14,0,0,99570,0,0,0,0,0,0,0,0,0,28,396,0,0,0,0,0,0
333,884,334.0322778288613,99994,0,0,1,1,255,143,0.00398023881432886,0,0,49865,49920,117,62,15,15,15,15,0,0,99568,0,0,0,0,0,0,0,0,0,30,396,0,0,0,0,0,0
334,884,335.0579915769364,99994,0,0,1,1,255,143,0.00398023881432886,0,0,49864,49919,117,62,16,16,16,16,0,0,99566,0,0,0,0,0,0,0,0,0,32,396,0,0,0,0,0,0
335,884,336.0209727800423,99994,0,0,1,1,255,143,0.00398023881432886,0,0,49863,49919,117,61,17,17,17,17,0,0,99564,0,0,0,0,0,0,0,0,0,34,396,0,0,0,0,0,0
336,884,337.00397463287464,99994,0,0,1,1,255,143,0.00398023881432886,0,0,49863,49918,116,61,18,18,18,18,0,0,99562,0,0,0,0,0,0,0,0,0,36,396,0,0,0,0,0,0
337,884,338.02050124175366,99994,0,0,1,1,255,143,0.00398023881432886,0,0,49863,49917,115,61,19,19,19,19,0,0,99560,0,0,0,0,0,0,0,0,0,38,396,0,0,0,0,0,0
338,884,339.0001279954965,99994,0,0,1,1,255,143,0.00398023881432886,0,0,49863,49916,114,61,20,20,20,20,0,0,99558,0,0,0,0,0,0,0,0,0,40,396,0,0,0,0,0,0
339,884,340.01253346173604,99994,0,0,1,1,255,143,0.00398023881432886,0,0,49864,49915,112,61,21,21,21,21,0,0,99556,0,0,0,0,0,0,0,0,0,42,396,0,0,0,0,0,0
340,884,341.00843852245185,99994,0,0,1,1,255,143,0.00398023881432886,0,0,49865,49914,110,61,22,22,22,22,0,0,99554,0,0,0,0,0,0,0,0,0,44,396,0,0,0,0,0,0
341,884,342.3294824682005,99994,0,0,1,1,255,143,0.00398023881432886,0,0,49864,49913,110,61,23,23,23,23,0,0,99552,0,0,0,0,0,0,0,0,0,46,396,0,0,0,0,0,0
342,884,343.3202787367615,99994,0,0,1,1,255,143,0.00398023881432886,0,0,49864,49912,109,61,24,24,24,24,0,0,99550,0,0,0,0,0,0,0,0,0,48,396,0,0,0,0,0,0
343,884,344.3110816814246,99994,0,0,1,1,255,143,0.00398023881432886,0,0,49863,49911,109,61,25,25,25,25,0,0,99548,0,0,0,0,0,0,0,0,0,50,396,0,0,0,0,0,0
344,884,345.3018979391755,99994,0,0,1,1,255,143,0.00398023881432886,0,0,49861,49910,109,61,27,26,26,27,0,0,99545,0,0,0,0,0,0,0,0,0,53,396,0,0,0,0,0,0
345,884,346.2927474217694,99994,0,0,1,1,255,143,0.00398023881432886,0,0,49859,49908,109,61,29,28,28,29,0,0,99541,0,0,0,0,0,0,0,0,0,57,396,0,0,0,0,0,0
346,884,347.2836367952927,99994,0,0,1,1,255,143,0.00398023881432886,0,0,49857,49906,109,61,31,30,30,31,0,0,99537,0,0,0,0,0,0,0,0,0,61,396,0,0,0,0,0,0
347,884,348.2745660761638,99994,0,0,1,1,255,143,0.00398023881432886,0,0,49855,49904,109,61,33,32,32,33,0,0,99533,0,0,0,0,0,0,0,0,0,65,396,0,0,0,0,0,0
348,884,349.26553526758465,99994,0,0,1,1,255,143,0.00398023881432886,0,0,49853,49903,109,60,35,34,34,35,0,0,99529,0,0,0,0,0,0,0,0,0,69,396,0,0,0,0,0,0
349,884,350.256544346318,99994,0,0,1,1,255,143,0.00398023881432886,0,0,49850,49900,109,60,38,37,37,38,0,0,99523,0,0,0,0,0,0,0,0,0,75,396,0,0,0,0,0,0
350,884,351.2476066355926,99994,0,0,1,1,255,143,0.00398023881432886,0,0,49847,49897,109,60,41,40,40,41,0,0,99517,0,0,0,0,0,0,0,0,0,81,396,0,0,0,0,0,0
351,884,352.2387287946828,99994,0,0,1,1,255,143,0.00398023881432886,0,0,49844,49895,109,59,44,43,43,44,0,0,99511,0,0,0,0,0,0,0,0,0,87,396,0,0,0,0,0,0
352,884,353.2299108175741,99994,0,0,1,1,255,143,0.00398023881432886,0,0,49840,49891,109,59,48,47,47,48,0,0,99503,0,0,0,0,0,0,0,0,0,95,396,0,0,0,0,0,0
353,884,354.2211660500651,99994,0,0,1,1,255,143,0.00398023881432886,0,0,49837,49888,108,59,52,50,51,52,0,0,99495,0,0,0,0,0,0,0,0,0,103,396,0,0,0,0,0,0
354,884,355.2124811888211,99994,0,0,1,1,255,143,0.00398023881432886,0,0,49832,49884,108,58,57,55,56,57,0,0,99485,0,0,0,0,0,0,0,0,0,113,396,0,0,0,0,0,0
355,884,356.2038894905665,99994,0,0,1,1,255,143,0.00398023881432886,0,0,49827,49879,108,58,62,60,61,62,0,0,99475,0,0,0,0,0,0,0,0,0,123,396,0,0,0,0,0,0
356,884,357.19539765759123,99994,0,0,1,1,255,143,0.00398023881432886,0,0,49823,49874,107,58,67,65,67,67,0,0,99464,0,0,0,0,0,0,0,0,0,134,396,0,0,0,0,0,0
357,884,358.1869924278561,99994,0,0,1,1,255,143,0.00398023881432886,0,0,49817,49868,107,58,73,71,73,73,0,0,99452,0,0,0,0,0,0,0,0,0,146,396,0,0,0,0,0,0
358,884,359.17869380406694,99994,0,0,1,1,255,143,0.00398023881432886,0,0,49810,49861,107,58,80,78,80,80,0,0,99438,0,0,0,0,0,0,0,0,0,160,396,0,0,0,0,0,0
359,884,360.1705284356689,99994,0,0,1,1,255,143,0.00398023881432886,0,0,49804,49854,107,57,86,86,88,87,0,0,99423,0,0,0,0,0,0,0,0,0,175,396,0,0,0,0,0,0
360,884,361.1624897039081,99994,0,0,1,1,255,143,0.00398023881432886,0,0,49797,49845,106,57,94,95,97,95,0,0,99406,0,0,0,0,0,0,0,0,0,192,396,0,0,0,0,0,0
361,884,362.1545843765209,99994,0,0,1,1,255,143,0.00398023881432886,0,0,49788,49835,106,57,103,105,107,104,0,0,99387,0,0,0,0,0,0,0,0,0,211,396,0,0,0,0,0,0
362,884,363.1468458099167,99994,0,0,1,1,255,143,0.00398023881432886,0,0,49779,49825,106,56,112,116,118,113,0,0,99367,0,0,0,0,0,0,0,0,0,231,396,0,0,0,0,0,0
363,884,364.13928738710746,99994,0,0,1,1,255,143,0.00398023881432886,0,0,49771,49813,105,56,121,128,130,123,0,0,99346,0,0,0,0,0,0,0,0,0,252,395,1,0,0,0,0,0
364,884,365.1318892439082,99994,0,0,1,1,255,143,0.00398023881432886,0,0,49760,49800,105,56,132,141,143,134,0,0,99322,0,0,0,0,0,0,0,0,0,276,395,1,0,0,0,0,0
365,884,366.1246981300245,99994,0,0,1,1,255,143,0.00398023881432886,0,0,49748,49787,105,56,144,154,157,146,0,0,99296,0,0,0,0,0,0,0,0,0,302,395,1,0,0,0,0,0
366,884,367.1177408085911,99994,0,0,1,1,255,143,0.00398023881432886,0,0,49737,49774,105,56,155,167,172,159,0,0,99268,0,0,0,0,0,0,0,0,0,330,395,1,0,0,0,0,0
367,884,368.11099737496994,99994,0,0,1,1,255,143,0.00398023881432886,0,0,49727,49757,102,56,168,184,189,173,0,0,99237,0,0,0,0,0,0,0,0,0,361,395,1,0,0,0,0,0
368,884,369.1044480093056,99994,0,0,1,1,255,143,0.00398023881432886,0,0,49712,49740,102,56,183,201,207,188,0,0,99204,0,0,0,0,0,0,0,0,0,394,395,1,0,0,0,0,0
369,884,370.09819297652865,99994,0,0,1,1,255,143,0.00398023881432886,0,0,49696,49721,102,56,199,220,227,205,0,0,99167,0,0,0,0,0,0,0,0,0,431,395,1,0,0,0,0,0
370,884,371.0922458664686,99994,0,0,1,1,255,143,0.00398023881432886,0,0,49678,49699,102,56,217,242,249,223,0,0,99127,0,0,0,0,0,0,0,0,0,471,395,1,0,0,0,0,0
371,884,372.0866537774673,99994,0,0,1,1,255,143,0.00398023881432886,0,0,49660,49675,101,56,236,266,273,242,0,0,99085,0,0,0,0,0,0,0,0,0,513,394,2,0,0,0,0,0
372,884,373.08142372818975,99994,0,0,1,1,255,143,0.00398023881432886,0,0,49640,49649,101,56,256,292,299,263,0,0,99038,0,0,0,0,0,0,0,0,0,560,394,2,0,0,0,0,0
373,884,374.0765761553116,99994,0,0,1,1,255,143,0.00398023881432886,0,0,49618,49622,101,56,278,319,327,285,0,0,98988,0,0,0,0,0,0,0,0,0,610,394,2,0,0,0,0,0
374,884,375.0721649871998,99994,0,0,1,1,255,143,0.00398023881432886,0,0,49594,49595,101,55,302,347,357,309,0,0,98935,0,0,0,0,0,0,0,0,0,663,393,3,0,0,0,0,0
375,884,376.0682241432239,99994,0,0,1,1,255,143,0.00398023881432886,0,0,49570,49562,100,55,327,380,390,335,0,0,98876,0,0,0,0,0,0,0,0,0,722,393,3,0,0,0,0,0
376,884,377.06476769722127,99994,0,0,1,1,255,143,0.00398023881432886,0,0,49544,49529,99,55,354,413,425,362,0,0,98814,0,0,0,0,0,0,0,0,0,784,393,3,0,0,0,0,0
377,884,378.0618163457882,99994,0,0,1,1,255,143,0.00398023881432886,0,0,49519,49491,98,55,380,451,463,391,0,0,98747,0,0,0,0,0,0,0,0,0,851,393,3,0,0,0,0,0
378,884,379.05937073137596,99994,0,0,1,1,255,143,0.00398023881432886,0,0,49488,49452,98,54,411,491,504,422,0,0,98675,0,0,0,0,0,0,0,0,0,923,393,3,0,0,0,0,0
379,884,380.05751225992856,99994,0,0,1,1,255,143,0.00398023881432886,0,0,49457,49410,98,54,442,533,548,455,0,0,98598,0,0,0,0,0,0,0,0,0,1000,393,3,0,0,0,0,0
380,884,381.0562754134023,99994,0,0,1,1,255,143,0.00398023881432886,0,0,49423,49366,98,54,476,577,595,490,0,0,98516,0,0,0,0,0,0,0,0,0,1082,393,3,0,0,0,0,0
381,884,382.05572182648336,99994,0,0,1,1,255,143,0.00398023881432886,0,0,49390,49318,97,54,510,625,646,527,0,0,98428,0,0,0,0,0,0,0,0,0,1170,393,3,0,0,0,0,0
382,884,383.0558187909641,99994,0,0,1,1,255,143,0.00398023881432886,0,0,49354,49266,97,54,546,677,700,567,0,0,98334,0,0,0,0,0,0,0,0,0,1264,393,3,0,0,0,0,0
383,884,384.05665534887305,99994,0,0,1,1,255,143,0.00398023881432886,0,0,49312,49209,97,54,588,734,758,609,0,0,98234,0,0,0,0,0,0,0,0,0,1364,393,3,0,0,0,0,0
384,884,385.0583005658268,99994,0,0,1,1,255,143,0.00398023881432886,0,0,49271,49148,96,54,630,795,820,654,0,0,98128,0,0,0,0,0,0,0,0,0,1470,392,4,0,0,0,0,0
385,884,386.0607762873049,99994,0,0,1,1,255,143,0.00398023881432886,0,0,49227,49085,94,54,676,858,886,701,0,0,98016,0,0,0,0,0,0,0,0,0,1582,391,5,0,0,0,0,0
386,884,387.0641316465353,99994,0,0,1,1,255,143,0.00398023881432886,0,0,49181,49016,93,54,723,927,957,751,0,0,97895,0,0,0,0,0,0,0,0,0,1703,391,5,0,0,0,0,0
387,884,388.0684160688784,99994,0,0,1,1,255,143,0.00398023881432886,0,0,49131,48946,93,53,773,998,1032,804,0,0,97768,0,0,0,0,0,0,0,0,0,1830,390,6,0,0,0,0,0
388,884,389.0737065393955,99994,0,0,1,1,255,143,0.00398023881432886,0,0,49078,48870,92,53,827,1074,1112,860,0,0,97633,0,0,0,0,0,0,0,0,0,1965,389,7,0,0,0,0,0
389,884,390.08007368844375,99994,0,0,1,1,255,143,0.00398023881432886,0,0,49021,48785,92,53,884,1159,1197,919,0,0,97489,0,0,0,0,0,0,0,0,0,2109,389,7,0,0,0,0,0
390,884,391.0875956768419,99994,0,0,1,1,255,143,0.00398023881432886,0,0,48963,48698,91,52,943,1247,1287,981,0,0,97337,0,0,0,0,0,0,0,0,0,2261,389,7,0,0,0,0,0
391,884,392.0962889888106,99994,0,0,1,1,255,143,0.00398023881432886,0,0,48902,48607,90,52,1005,1338,1382,1046,0,0,97178,0,0,0,0,0,0,0,0,0,2420,388,8,0,0,0,0,0
392,884,393.1062391896457,99994,0,0,1,1,255,143,0.00398023881432886,0,0,48833,48510,90,52,1074,1435,1483,1115,0,0,97008,0,0,0,0,0,0,0,0,0,2590,388,8,0,0,0,0,0
393,884,394.11757416526905,99994,0,0,1,1,255,143,0.00398023881432886,0,0,48764,48404,89,52,1144,1541,1590,1187,0,0,96830,0,0,0,0,0,0,0,0,0,2768,387,9,0,0,0,0,0
394,884,395.1303256795589,99994,0,0,1,1,255,143,0.00398023881432886,0,0,48690,48295,89,52,1218,1650,1703,1263,0,0,96641,0,0,0,0,0,0,0,0,0,2957,387,9,0,0,0,0,0
395,884,396.14459525973007,99994,0,0,1,1,255,143,0.00398023881432886,0,0,48614,48180,89,52,1294,1765,1822,1342,0,0,96443,0,0,0,0,0,0,0,0,0,3155,387,9,0,0,0,0,0
396,884,397.1604294539791,99994,0,0,1,1,255,143,0.00398023881432886,0,0,48537,48058,89,52,1371,1887,1948,1425,0,0,96235,0,0,0,0,0,0,0,0,0,3363,386,10,0,0,0,0,0
397,884,398.17788230395854,99994,0,0,1,1,255,143,0.00398023881432886,0,0,48452,47934,89,52,1456,2011,2080,1512,0,0,96016,0,0,0,0,0,0,0,0,0,3582,386,10,0,0,0,0,0
398,884,399.19709250860336,99994,0,0,1,1,255,143,0.00398023881432886,0,0,48364,47804,89,52,1544,2141,2219,1603,0,0,95786,0,0,0,0,0,0,0,0,0,3812,386,10,0,0,0,0,0
399,884,400.2181015811513,99994,0,0,1,1,255,143,0.00398023881432886,0,0,48280,47662,89,52,1628,2283,2365,1698,0,0,95546,0,0,0,0,0,0,0,0,0,4052,385,11,0,0,0,0,0
400,884,401.24090211208755,99994,0,0,1,1,255,143,0.00398023881432886,0,0,48186,47518,88,52,1723,2427,2519,1797,0,0,95293,0,0,0,0,0,0,0,0,0,4305,385,11,0,0,0,0,0
401,884,402.265663882372,99994,0,0,1,1,255,143,0.00398023881432886,0,0,48091,47363,88,52,1818,2582,2680,1901,0,0,95029,0,0,0,0,0,0,0,0,0,4569,384,12,0,0,0,0,0
402,884,403.2924017372094,99994,0,0,1,1,255,143,0.00398023881432886,0,0,47993,47203,87,52,1917,2742,2849,2009,0,0,94752,0,0,0,0,0,0,0,0,0,4846,384,12,0,0,0,0,0
403,884,404.32125950370994,99994,0,0,1,1,255,143,0.00398023881432886,0,0,47886,47035,87,52,2024,2910,3026,2121,0,0,94463,0,0,0,0,0,0,0,0,0,5135,384,12,0,0,0,0,0
404,884,405.0084205317206,99994,0,0,1,1,255,143,0.00398023881432886,0,0,47773,46861,85,52,2139,3084,3211,2238,0,0,94163,0,0,0,0,0,0,0,0,0,5435,382,14,0,0,0,0,0
405,884,406.04196374090446,99994,0,0,1,1,255,143,0.00398023881432886,0,0,47658,46682,85,52,2254,3263,3404,2360,0,0,93848,0,0,0,0,0,0,0,0,0,5750,382,14,0,0,0,0,0
406,884,407.0779676342497,99994,0,0,1,1,255,143,0.00398023881432886,0,0,47538,46491,85,52,2374,3454,3606,2486,0,0,93520,0,0,0,0,0,0,0,0,0,6078,382,14,0,0,0,0,0
407,884,408.11653186469727,99994,0,0,1,1,255,143,0.00398023881432886,0,0,47419,46287,85,52,2493,3658,3817,2617,0,0,93179,0,0,0,0,0,0,0,0,0,6419,381,15,0,0,0,0,0
408,884,409.1577280780656,99994,0,0,1,1,255,143,0.00398023881432886,0,0,47290,46083,85,52,2622,3862,4036,2753,0,0,92825,0,0,0,0,0,0,0,0,0,6773,380,16,0,0,0,0,0
409,884,410.2017243176525,99994,0,0,1,1,255,143,0.00398023881432886,0,0,47159,45872,84,51,2754,4074,4264,2894,0,0,92457,0,0,0,0,0,0,0,0,0,7141,379,17,0,0,0,0,0
410,884,411.24860251890595,99994,0,0,1,1,255,143,0.00398023881432886,0,0,47020,45655,84,51,2893,4291,4501,3040,0,0,92075,0,0,0,0,0,0,0,0,0,7523,378,18,0,0,0,0,0
411,884,412.2985279827223,99994,0,0,1,1,255,143,0.00398023881432886,0,0,46877,45428,82,51,3038,4518,4747,3191,0,0,91679,0,0,0,0,0,0,0,0,0,7919,377,19,0,0,0,0,0
412,884,413.00023633596464,99994,0,0,1,1,255,143,0.00398023881432886,0,0,46728,45180,82,50,3187,4767,5003,3347,0,0,91271,0,0,0,0,0,0,0,0,0,8327,373,23,0,0,0,0,0
413,884,414.0566876767682,99994,0,0,1,1,255,143,0.00398023881432886,0,0,46582,44931,81,48,3334,5018,5268,3508,0,0,90846,0,0,0,0,0,0,0,0,0,8752,372,24,0,0,0,0,0
414,884,415.1163950438169,99994,0,0,1,1,255,143,0.00398023881432886,0,0,46429,44682,81,48,3487,5267,5542,3675,0,0,90405,0,0,0,0,0,0,0,0,0,9193,372,24,0,0,0,0,0
415,884,416.1796151977283,99994,0,0,1,1,255,143,0.00398023881432886,0,0,46268,44422,80,47,3649,5528,5826,3847,0,0,89952,0,0,0,0,0,0,0,0,0,9646,369,27,0,0,0,0,0
416,884,417.24652579469165,99994,0,0,1,1,255,143,0.00398023881432886,0,0,46099,44146,79,47,3819,5804,6119,4024,0,0,89484,0,0,0,0,0,0,0,0,0,10114,367,29,0,0,0,0,0
417,884,418.3172766518399,99994,0,0,1,1,255,143,0.00398023881432886,0,0,45937,43863,77,46,3983,6088,6422,4206,0,0,89004,0,0,0,0,0,0,0,0,0,10594,362,34,0,0,0,0,0
418,884,419.0331972802274,99994,0,0,1,1,255,143,0.00398023881432886,0,0,45760,43564,77,46,4160,6387,6734,4394,0,0,88504,0,0,0,0,0,0,0,0,0,11094,362,34,0,0,0,0,0
419,884,420.11183160809753,99994,1,0,1,1,256,143,0.0039902394143648615,24,25,45562,43239,77,44,4333,6689,7056,4587,0,0,87991,0,0,0,0,0,0,0,0,0,11607,360,36,0,0,0,0,0
420,884,421.29338874764034,99994,8,5,1,1,263,149,0.00412024721483289,20,21,45386,42919,77,45,4506,7007,7387,4785,0,0,87463,0,1,0,0,0,0,0,0,0,12134,359,37,0,0,0,0,0
421,884,422.0505222867124,99993,8,9,2,1,266,154,0.0042002940205814404,22,18,45182,42597,79,44,4705,7329,7727,4988,0,0,86919,3,1,0,0,0,0,0,0,0,12674,356,40,0,0,0,0,0
422,884,423.0856457310187,99993,15,13,2,1,275,160,0.004350304521316492,20,13,44980,42270,81,46,4900,7655,8077,5196,0,0,86362,5,3,0,0,0,0,0,0,0,13227,353,43,0,0,0,0,0
423,884,424.0909009888429,99993,14,13,2,1,277,162,0.004390307321512506,23,18,44778,41929,83,48,5098,7989,8436,5410,0,0,85789,10,3,0,0,0,0,0,0,0,13795,348,48,0,0,0,0,0
424,884,425.0947599806708,99993,23,14,2,1,286,165,0.004510315722100547,23,22,44575,41593,83,50,5292,8318,8804,5629,0,0,85202,12,3,0,0,0,0,0,0,0,14380,346,50,0,0,0,0,0
425,884,426.04401823897695,99993,27,20,2,1,292,174,0.004660326222835598,27,14,44359,41243,84,52,5499,8668,9181,5853,0,0,84602,15,5,0,0,0,0,0,0,0,14975,342,54,0,0,0,0,0
426,884,427.1359035929577,99993,30,23,2,1,296,178,0.004740331823227626,26,16,44151,40880,85,53,5704,9025,9566,6082,0,0,83987,17,5,0,0,0,0,0,0,0,15588,341,55,0,0,0,0,0
427,884,428.20269511884055,99993,31,23,2,1,301,182,0.004830338123668657,30,15,43933,40515,89,56,5913,9388,9960,6316,0,0,83353,24,6,0,0,0,0,0,0,0,16214,340,56,0,0,0,0,0
428,884,429.29069235549144,99993,34,23,2,1,309,188,0.004970347924354705,35,14,43705,40136,93,62,6129,9762,10362,6555,0,0,82705,34,7,0,0,0,0,0,0,0,16851,337,59,0,0,0,0,0
429,884,430.2252265639882,99993,34,25,2,1,315,192,0.005070354924844739,37,18,43474,39759,98,64,6353,10131,10772,6798,0,0,82048,42,7,0,0,0,0,0,0,0,17500,333,63,0,0,0,0,0
430,884,431.00206605031684,99993,41,25,2,1,325,195,0.005200364025481784,35,20,43236,39362,101,67,6583,10523,11189,7046,0,0,81381,46,9,0,0,0,0,0,0,0,18161,331,65,0,0,0,0,0
431,884,432.00720542291185,99993,44,24,2,1,335,199,0.005340373826167832,47,20,42999,38981,106,71,6800,10901,11614,7298,0,0,80696,55,12,0,0,0,0,0,0,0,18834,330,66,0,0,0,0,0
432,884,433.2658615378907,99993,48,28,2,1,347,205,0.005520386427049893,43,24,42769,38590,113,70,7023,11285,12046,7555,0,0,80003,61,16,0,0,0,0,0,0,0,19517,328,68,0,0,0,0,0
433,884,434.2084649616887,99993,49,31,2,1,356,213,0.005690398327882952,42,20,42519,38175,120,74,7266,11697,12485,7816,0,0,79294,73,17,0,0,0,0,0,0,0,20213,325,71,0,0,0,0,0
434,884,435.14771454161973,99993,51,32,2,1,363,217,0.00580040602842199,41,19,42266,37752,124,77,7514,12117,12930,8081,0,0,78579,79,19,0,0,0,0,0,0,0,20920,324,72,0,0,0,0,0
435,884,436.12194294374734,99993,60,32,2,1,377,225,0.006020421429500065,45,29,42013,37337,127,84,7751,12515,13381,8350,0,0,77852,88,23,0,0,0,0,0,0,0,21634,322,74,0,0,0,0,0
436,884,437.0813121449554,99993,65,32,2,1,389,231,0.006200434030382127,56,30,41751,36914,130,89,7994,12932,13838,8623,0,0,77115,97,27,0,0,0,0,0,0,0,22358,320,76,0,0,0,0,0
437,884,438.0464341223611,99993,73,37,2,1,405,239,0.006440450831558209,56,29,41495,36490,137,92,8235,13349,14300,8900,0,0,76370,106,29,0,0,0,0,0,0,0,23092,317,79,0,0,0,0,0
438,884,439.0173705001943,99993,76,39,2,1,418,247,0.006650465532587281,60,32,41232,36061,146,97,8482,13768,14767,9181,0,0,75612,117,33,0,1,0,0,0,0,0,23835,316,79,0,0,0,0,0
439,884,440.3208631391225,99993,82,39,2,1,439,257,0.0069604872341063875,66,35,40955,35631,160,105,8733,14187,15238,9465,0,0,74842,133,42,0,1,0,0,0,0,0,24580,315,80,0,0,0,0,0
440,884,441.30433310952844,99993,83,43,2,1,452,266,0.007180502635184463,77,32,40677,35187,172,110,8987,14625,15714,9752,0,0,74068,147,45,0,1,0,0,0,0,0,25337,312,83,0,0,0,0,0
441,884,442.29433806591805,99993,98,49,2,1,475,276,0.007510525736801576,73,27,40413,34748,179,112,9233,15061,16193,10042,0,0,73294,155,49,0,1,0,0,0,0,0,26099,309,86,0,0,0,0,0
442,884,443.29080495489205,99993,107,53,2,1,498,287,0.007850549538467692,78,28,40126,34307,191,116,9494,15493,16675,10335,0,0,72506,169,56,0,1,0,0,0,0,0,26866,308,87,0,0,0,0,0
443,884,444.2941247788602,99993,115,51,2,1,518,297,0.008150570539937795,84,29,39852,33869,199,128,9746,15920,17160,10631,0,0,71708,189,60,0,1,0,0,0,0,0,27640,305,90,0,0,0,0,0
444,884,445.30419685936414,99993,118,55,2,1,540,305,0.008450591541407898,87,38,39582,33426,215,129,9994,16349,17648,10929,0,0,70915,198,72,1,1,0,0,0,0,0,28411,302,93,0,0,0,0,0
445,884,446.3210815431916,99993,117,50,2,1,561,313,0.008740611842828998,102,42,39281,33004,234,137,10262,16764,18137,11229,0,0,70105,225,80,1,1,0,0,0,0,0,29186,296,99,0,0,0,0,0
446,884,447.0031399418759,99992,122,51,3,1,583,317,0.009000720057604609,91,45,38991,32539,248,140,10543,17222,18628,11531,0,0,69300,239,85,1,1,0,0,0,0,0,29971,293,102,0,0,0,0,0
447,884,448.0352642180316,99991,133,57,4,1,616,329,0.00945085057655189,83,54,38700,32104,267,142,10811,17640,19120,11835,0,0,68487,259,92,1,1,0,0,0,0,0,30756,289,106,0,0,0,0,0
448,884,449.0748537635325,99990,138,63,5,1,639,343,0.009820982098209821,89,56,38409,31658,282,144,11075,18076,19613,12141,0,0,67677,276,100,1,1,0,0,0,0,0,31540,282,113,0,0,0,0,0
449,884,450.1222780750425,99990,134,69,5,1,663,357,0.0102010201020102,110,54,38094,31219,307,148,11348,18507,20106,12448,0,0,66858,299,113,1,1,0,0,0,0,0,32323,278,117,0,0,0,0,0
450,884,451.178097222973,99990,142,70,5,1,686,372,0.010581058105810582,119,48,37810,30777,319,160,11603,18942,20599,12757,0,0,66041,315,126,1,1,0,0,0,0,0,33111,277,118,0,0,0,0,0
451,884,452.24171790525435,99990,149,73,5,1,712,383,0.010951095109510952,131,51,37507,30349,334,166,11872,19358,21091,13067,0,0,65223,332,136,1,1,0,0,0,0,0,33902,276,119,0,0,0,0,0
452,884,453.31359522863056,99990,162,70,5,1,744,387,0.01131113111311131,138,61,37210,29934,351,172,12132,19760,21582,13378,0,0,64405,350,144,1,1,0,0,0,0,0,34694,274,121,0,0,0,0,0
453,884,454.03277960759686,99990,175,81,5,1,776,404,0.011801180118011801,132,53,36910,29490,365,176,12411,20197,22071,13689,0,0,63595,363,156,1,1,0,0,0,0,0,35479,271,124,0,0,0,0,0
454,884,455.121579562237,99990,187,90,5,1,814,423,0.01237123712371237,139,59,36610,29058,388,181,12669,20609,22559,14001,0,0,62775,387,168,1,1,0,0,0,0,0,36263,267,128,0,0,0,0,0
455,884,456.21907604561267,99990,193,88,5,1,850,437,0.01287128712871287,152,67,36317,28627,413,195,12918,21020,23044,14313,0,0,61949,417,183,2,1,0,0,0,0,0,37044,265,129,0,0,0,0,0
456,884,457.3251299055863,99990,186,88,5,1,883,449,0.01332133213321332,155,79,36037,28211,445,204,13170,21415,23527,14625,0,0,61125,450,202,2,1,0,0,0,0,0,37816,261,133,0,0,0,0,0
457,884,458.0672054438293,99990,206,101,5,1,920,466,0.013861386138613862,146,76,35753,27773,458,205,13430,21842,24007,14937,0,0,60327,459,214,2,1,0,0,0,0,0,38593,258,136,0,0,0,0,0
458,884,459.19051829751743,99990,227,110,5,1,966,493,0.014591459145914592,149,82,35464,27356,475,218,13678,22231,24484,15249,0,0,59517,486,230,1,2,0,0,0,0,0,39360,253,141,0,0,0,0,0
459,884,460.3224663041324,99990,245,105,5,1,1019,514,0.015331533153315332,136,78,35185,26962,498,239,13929,22613,24957,15560,0,0,58697,524,253,1,2,0,0,0,0,0,40119,251,143,0,0,0,0,0
460,884,461.08204596070334,99990,256,111,5,1,1050,534,0.015841584158415842,143,76,34877,26541,513,250,14204,23019,25426,15870,0,0,57904,540,269,2,2,0,0,0,0,0,40879,248,146,0,0,0,0,0
461,884,462.23273788812594,99990,278,106,5,1,1107,548,0.01655165516551655,141,101,34586,26144,539,265,14449,23381,25891,16179,0,0,57106,565,296,3,2,0,0,0,0,0,41624,246,148,0,0,0,0,0
462,884,463.0050862038829,99990,280,113,5,1,1136,571,0.01707170717071707,168,104,34279,25734,560,279,14706,23767,26351,16487,0,0,56322,585,319,3,2,0,0,0,0,0,42365,242,152,0,0,0,0,0
463,884,464.1751687046676,99989,287,121,6,1,1191,595,0.017861964816129776,179,108,33986,25361,598,292,14942,24115,26807,16794,0,0,55525,620,347,3,2,0,0,0,0,0,43098,240,154,0,0,0,0,0
464,884,465.3549448699823,99988,293,128,7,1,1242,628,0.01870224426931232,197,104,33688,24988,633,310,15180,24467,27258,17100,0,0,54730,661,376,3,2,0,0,0,0,0,43822,237,157,0,0,0,0,0
465,884,466.14707808293264,99988,299,127,7,1,1287,642,0.019292315077809336,198,108,33393,24607,665,318,15436,24837,27703,17404,0,0,53960,684,401,5,3,0,0,0,0,0,44541,233,161,0,0,0,0,0
466,884,467.34752086363875,99988,303,137,7,1,1355,674,0.020292435092211066,196,115,33116,24246,721,331,15655,25168,28143,17706,0,0,53173,730,440,5,4,0,0,0,0,0,45243,232,161,0,0,0,0,0
467,884,468.1533568204047,99987,315,158,7,2,1395,705,0.021002730354946143,226,119,32827,23868,740,333,15883,25518,28578,18007,0,0,52427,741,465,6,4,0,0,0,0,0,45952,229,163,0,0,0,0,0
468,884,469.373745485471,99987,317,177,7,2,1460,746,0.022062868172862474,242,100,32540,23542,796,349,16096,25828,29007,18306,0,0,51656,786,503,6,5,0,0,0,0,0,46639,227,165,0,0,0,0,0
469,884,470.1930363896679,99987,327,185,7,2,1511,773,0.022842969586046185,248,97,32268,23178,833,362,16315,26174,29430,18602,0,0,50915,810,538,7,5,0,0,0,0,0,47321,224,167,0,0,0,0,0
470,884,471.0191752970801,99987,331,179,7,2,1557,792,0.023493054097032614,262,107,31982,22822,863,382,16553,26506,29847,18896,0,0,50177,838,577,7,5,0,0,0,0,0,47992,223,168,0,0,0,0,0
471,884,472.2707013551125,99987,352,188,7,2,1642,836,0.024783221818836448,275,112,31699,22508,917,410,16748,26778,30258,19188,0,0,49427,887,625,8,5,0,0,0,0,0,48644,220,171,0,0,0,0,0
472,884,473.1110255374157,99986,377,194,8,2,1699,865,0.025643590102614366,285,124,31416,22151,941,426,16971,27101,30662,19477,0,0,48721,902,664,8,5,0,0,0,0,0,49295,217,174,0,0,0,0,0
473,884,474.38424737107545,99986,383,200,8,2,1772,895,0.026673734322805193,313,145,31131,21847,997,438,17166,27366,31060,19764,0,0,47993,946,711,8,5,0,0,0,0,0,49932,216,175,0,0,0,0,0
474,884,475.239152762666,99986,388,211,8,2,1831,930,0.02761386594123177,332,138,30877,21533,1032,458,17361,27656,31451,20048,0,0,47289,977,758,7,6,0,0,0,0,0,50558,215,176,0,0,0,0,0
475,884,476.1010543142704,99986,417,217,8,2,1901,961,0.028624007361030546,319,133,30612,21223,1065,477,17577,27946,31836,20329,0,0,46598,1003,795,8,7,0,0,0,0,0,51185,213,177,0,0,0,0,0
476,884,477.4064081072089,99986,435,235,8,2,2001,1017,0.030184225791610824,332,122,30344,20929,1132,507,17747,28203,32214,20607,0,0,45884,1062,852,9,8,0,0,0,0,0,51781,211,179,0,0,0,0,0
477,884,478.28270815218497,99986,462,239,8,2,2075,1051,0.03126437701278179,347,113,30057,20637,1170,528,17954,28479,32585,20882,0,0,45209,1094,897,9,8,0,0,0,0,0,52379,208,182,0,0,0,0,0
478,884,479.1669243838036,99986,488,220,8,2,2159,1071,0.032304522633168645,328,121,29808,20350,1215,556,18151,28749,32950,21154,0,0,44542,1129,959,9,8,0,0,0,0,0,52949,203,187,0,0,0,0,0
479,884,480.0587998208137,99986,495,215,8,2,2225,1098,0.0332346528513992,346,121,29555,20067,1262,580,18332,29013,33308,21423,0,0,43878,1169,1005,10,10,0,0,0,0,0,53525,199,190,0,0,0,0,0
480,884,481.4096427726582,99985,516,204,9,2,2338,1127,0.034655198279741964,359,148,29302,19822,1338,609,18474,29213,33659,21689,0,0,43207,1226,1079,10,10,0,0,0,0,0,54064,195,194,0,0,0,0,0
481,884,482.31624413042886,99985,536,216,9,2,2429,1161,0.03590538580787118,356,159,29035,19556,1396,619,18666,29446,34003,21951,0,0,42552,1275,1122,11,10,0,0,0,0,0,54627,194,194,0,0,0,0,0
482,884,483.23090488467955,99982,539,223,10,4,2504,1201,0.03705667020063611,372,157,28792,19310,1454,643,18831,29661,34341,22210,0,0,41911,1317,1182,11,10,0,0,0,0,0,55163,193,195,0,0,0,0,0
483,884,484.15328003772595,99982,545,251,10,4,2590,1250,0.038406913244383986,369,138,28569,19069,1525,658,18980,29878,34672,22466,0,0,41274,1368,1232,11,10,0,0,0,0,0,55699,192,196,0,0,0,0,0
484,884,485.0827063254508,99981,552,255,11,4,2677,1288,0.03965753493163701,380,144,28334,18826,1592,679,19129,30090,34996,22718,0,0,40658,1409,1299,14,10,0,0,0,0,0,56204,188,199,0,0,0,0,0
485,884,486.01944675351183,99981,579,249,11,4,2781,1318,0.040997789580020205,370,153,28106,18592,1650,705,19282,30295,35314,22967,0,0,40050,1451,1368,15,10,0,0,0,0,0,56700,186,201,0,0,0,0,0
486,884,487.4380574650786,99981,583,257,11,4,2906,1374,0.04280813354537362,397,149,27863,18405,1757,741,19387,30442,35625,23212,0,0,39422,1526,1457,16,12,0,0,0,0,0,57162,182,204,0,0,0,0,0
487,884,488.39028843055263,99981,602,261,11,4,3012,1412,0.0442484071973675,390,154,27644,18189,1825,767,19526,30623,35929,23454,0,0,38834,1567,1532,18,13,0,0,0,0,0,57632,181,204,0,0,0,0,0
488,884,489.35007148308136,99981,615,269,11,4,3113,1456,0.04569868274972245,365,155,27438,17964,1889,795,19680,30811,36227,23692,0,0,38264,1602,1617,19,14,0,0,0,0,0,58080,179,206,0,0,0,0,0
489,884,490.31737567863695,99981,609,290,11,4,3200,1506,0.04706894309918885,399,164,27214,17777,1963,815,19802,30948,36518,23927,0,0,37683,1661,1680,19,14,0,0,0,0,0,58539,175,210,0,0,0,0,0
490,884,491.29210077402354,99981,623,295,11,4,3297,1546,0.048439203448655245,404,161,27026,17587,2024,833,19910,31118,36803,24158,0,0,37143,1687,1765,21,16,0,0,0,0,0,58965,171,213,0,0,0,0,0
491,884,492.27362382879073,99979,611,280,13,4,3387,1587,0.04975044759399474,421,159,26821,17417,2106,878,20026,31260,37082,24385,0,0,36568,1754,1850,22,17,0,0,0,0,0,59384,171,213,0,0,0,0,0
492,884,493.2623434529036,99977,624,281,15,4,3490,1625,0.05116176720645749,420,186,26625,17229,2186,908,20128,31390,37354,24609,0,0,36023,1804,1914,24,21,0,0,0,0,0,59808,167,216,0,0,0,0,0
493,884,494.2579729091593,99976,658,294,16,4,3598,1681,0.05280267264143394,411,183,26428,17045,2240,942,20245,31530,37620,24829,0,0,35492,1849,1983,25,21,0,0,0,0,0,60223,165,218,0,0,0,0,0
494,884,495.26075011423796,99976,680,299,16,4,3703,1731,0.05435304473073538,402,176,26229,16898,2292,976,20379,31645,37880,25046,0,0,34986,1879,2079,25,22,0,0,0,0,0,60602,164,219,0,0,0,0,0
495,884,496.27116315954163,99975,689,290,17,4,3819,1767,0.05587396849212303,399,189,26043,16748,2372,1012,20478,31755,38134,25259,0,0,34467,1934,2170,25,25,0,0,0,0,0,60972,161,221,0,0,0,0,0
496,884,497.28883305805823,99975,660,285,17,4,3900,1813,0.05714428607151788,429,193,25851,16599,2461,1052,20580,31865,38382,25468,0,0,33958,1986,2276,27,25,0,0,0,0,0,61322,159,222,0,0,0,0,0
497,884,498.314028011847,99975,652,292,17,4,4007,1856,0.05864466116529132,423,202,25682,16459,2545,1075,20679,31966,38624,25674,0,0,33459,2039,2373,26,27,0,0,0,0,0,61671,158,222,0,0,0,0,0
498,884,499.3462144818173,99974,666,296,18,4,4121,1914,0.06036569508072099,413,189,25534,16343,2612,1110,20755,32056,38861,25876,0,0,32987,2070,2489,28,28,0,0,0,0,0,61992,158,222,0,0,0,0,0
499,884,500.3846943226541,99974,662,309,18,4,4217,1970,0.06188609038349971,410,191,25364,16195,2695,1146,20849,32153,39092,26075,0,0,32503,2125,2573,28,30,0,0,0,0,0,62335,157,223,0,0,0,0,0
500,884,501.42991036905664,99974,678,308,18,4,4313,2024,0.06338648048492608,428,180,25206,16064,2751,1195,20917,32247,39318,26270,0,0,32046,2162,2663,28,34,0,0,0,0,0,62661,156,224,0,0,0,0,0
501,884,502.4814269887126,99974,679,318,18,4,4411,2073,0.06485686278432393,461,167,25048,15951,2819,1218,20973,32340,39538,26462,0,0,31599,2201,2757,29,35,0,0,0,0,0,62974,151,228,0,0,0,0,0
502,884,503.0086615186264,99974,689,305,18,4,4481,2090,0.06572708904315122,465,173,24882,15788,2857,1234,21087,32494,39753,26650,0,0,31187,2209,2832,32,36,0,0,0,0,0,63300,149,229,0,0,0,0,0
503,884,504.0735332762245,99973,733,296,19,4,4626,2130,0.06757824612645415,435,183,24721,15698,2929,1275,21161,32542,39963,26835,0,0,30762,2239,2939,35,39,0,0,0,0,0,63581,146,232,0,0,0,0,0
504,884,505.14504962435296,99973,750,288,19,4,4749,2171,0.06921868904604243,421,192,24561,15607,3013,1310,21234,32597,40168,27016,0,0,30326,2289,3040,35,41,0,0,0,0,0,63864,146,232,0,0,0,0,0
505,884,506.22358631778235,99973,746,284,19,4,4878,2219,0.07098916707511028,400,200,24428,15513,3117,1353,21288,32644,40367,27194,0,0,29889,2346,3159,39,42,0,0,0,0,0,64121,145,232,0,0,0,0,0
506,884,507.30865841464436,99973,749,299,19,4,4979,2279,0.07259960189251098,415,198,24287,15442,3180,1380,21348,32675,40562,27369,0,0,29491,2372,3264,41,46,0,0,0,0,0,64382,145,232,0,0,0,0,0
507,884,508.39987943906175,99972,744,313,20,4,5088,2336,0.07426079302204618,433,201,24156,15355,3266,1406,21379,32719,40752,27540,0,0,29092,2406,3372,45,50,0,0,0,0,0,64632,144,231,0,0,0,0,0
508,884,509.4964520242532,99972,745,322,20,4,5197,2390,0.07589124954987396,435,214,24028,15285,3350,1441,21420,32732,40937,27708,0,0,28687,2456,3467,48,51,0,0,0,0,0,64888,143,232,0,0,0,0,0
509,884,510.0459516621737,99972,770,318,20,4,5260,2417,0.07679150162045373,454,221,23882,15175,3364,1456,21508,32824,41117,27873,0,0,28348,2450,3542,48,51,0,0,0,0,0,65158,143,232,0,0,0,0,0
510,884,511.154710155856,99972,785,348,20,4,5400,2487,0.07889208978513984,439,211,23743,15115,3461,1481,21550,32839,41293,28035,0,0,27955,2505,3644,50,53,0,0,0,0,0,65390,141,234,0,0,0,0,0
511,884,512.2695059207648,99972,771,348,20,4,5512,2545,0.08059256591845716,448,216,23620,15040,3549,1530,21590,32860,41465,28194,0,0,27559,2573,3749,50,59,0,0,0,0,0,65608,138,236,0,0,0,0,0
512,884,513.3903682101354,99971,763,364,21,4,5617,2620,0.08239389422932651,469,198,23512,14969,3621,1576,21612,32887,41632,28350,0,0,27203,2604,3871,53,66,0,0,0,0,0,65802,136,236,0,0,0,0,0
513,884,514.5163874698336,99970,748,371,22,4,5746,2682,0.08430529158747624,449,193,23408,14926,3729,1617,21642,32887,41795,28502,0,0,26832,2658,3998,55,73,0,0,0,0,0,65983,135,236,0,0,0,0,0
514,884,515.080613310408,99970,742,374,22,4,5804,2712,0.08518555566670001,459,196,23287,14824,3772,1631,21716,32969,41954,28651,0,0,26519,2664,4079,55,75,0,0,0,0,0,66207,134,237,0,0,0,0,0
515,884,516.2180483015305,99970,745,385,22,4,5924,2765,0.08691607482244673,463,208,23185,14802,3856,1653,21727,32946,42109,28797,0,0,26180,2701,4192,59,76,0,0,0,0,0,66392,131,239,0,0,0,0,0
516,884,517.3604513009334,99970,767,387,22,4,6073,2832,0.08907672301690507,441,188,23070,14772,3949,1709,21749,32938,42260,28941,0,0,25839,2744,4324,63,81,0,0,0,0,0,66551,129,239,0,0,0,0,0
517,884,518.5081097212078,99970,779,390,22,4,6192,2890,0.09084725417625288,447,204,22976,14764,4024,1747,21750,32889,42407,29082,0,0,25510,2786,4434,65,84,0,0,0,0,0,66723,126,242,0,0,0,0,0
518,884,519.0830619723822,99970,789,373,22,4,6266,2924,0.09192757827348204,441,198,22865,14695,4057,1784,21824,32944,42550,29220,0,0,25216,2798,4527,66,88,0,0,0,0,0,66907,126,242,0,0,0,0,0
519,884,520.2412090499906,99970,770,368,22,4,6404,2978,0.0938481544463339,434,190,22787,14685,4164,1834,21821,32917,42690,29355,0,0,24878,2857,4654,71,98,0,0,0,0,0,67044,125,243,0,0,0,0,0
520,884,521.4042107198612,99970,786,348,22,4,6536,3014,0.09552865859757928,439,200,22692,14681,4245,1873,21814,32892,42826,29487,0,0,24578,2886,4778,77,102,0,0,0,0,0,67182,122,245,0,0,0,0,0
521,884,522.5717996399928,99970,777,355,22,4,6664,3073,0.09739921976592977,427,206,22607,14662,4346,1908,21819,32863,42959,29617,0,0,24270,2929,4908,81,107,0,0,0,0,0,67310,120,245,0,0,0,0,0
522,884,523.1566262793339,99970,766,343,22,4,6721,3097,0.09820946283885165,426,215,22523,14575,4377,1934,21884,32927,43088,29744,0,0,24014,2927,4999,85,111,0,0,0,0,0,67470,118,246,0,0,0,0,0
523,884,524.3335938448035,99970,759,353,22,4,6838,3172,0.10013003901170352,412,197,22460,14577,4458,1988,21887,32879,43214,29868,0,0,23721,2966,5131,90,115,0,0,0,0,0,67583,117,247,0,0,0,0,0
524,884,525.5142712214181,99969,765,364,23,4,6963,3230,0.10196160809851054,404,206,22379,14588,4539,2017,21888,32819,43337,29990,0,0,23444,2993,5250,95,119,1,0,0,0,0,67705,116,246,0,0,0,0,0
525,884,526.1052048837619,99968,762,354,24,4,7023,3258,0.10284290973111396,402,215,22299,14531,4573,2042,21938,32852,43457,30109,0,0,23200,2999,5339,94,123,1,0,0,0,0,67851,116,245,0,0,0,0,0
526,884,527.2943979134604,99968,749,345,24,4,7144,3314,0.10461347631241998,389,229,22240,14532,4671,2080,21925,32808,43574,30226,0,0,22934,3023,5486,103,128,1,0,0,0,0,67932,115,246,0,0,0,0,0
527,884,528.4872166257821,99967,730,354,24,5,7256,3379,0.10638510708533816,396,222,22187,14564,4759,2107,21902,32746,43688,30340,0,0,22679,3048,5633,105,133,1,0,0,0,0,68007,115,246,0,0,0,0,0
528,884,529.0840631649853,99967,734,365,24,5,7323,3414,0.10740544379645282,392,209,22114,14535,4790,2114,21944,32770,43799,30452,0,0,22448,3055,5705,107,135,1,0,0,0,0,68155,114,247,0,0,0,0,0
529,884,530.2838817766557,99967,735,356,24,5,7446,3471,0.10920603799253754,388,195,22053,14572,4878,2154,21920,32716,43907,30562,0,0,22188,3096,5828,110,143,2,0,0,0,0,68240,112,248,0,0,0,0,0
530,884,531.4873017543114,99967,707,368,24,5,7560,3534,0.11097662228535417,397,178,22006,14598,4975,2185,21889,32664,44012,30669,0,0,21935,3137,5963,112,151,2,0,0,0,0,68310,110,247,0,0,0,0,0
531,884,532.089106585452,99966,710,364,25,5,7615,3564,0.11182802152731929,399,176,21941,14551,5000,2205,21923,32697,44114,30774,0,0,21727,3137,6035,116,154,2,0,0,0,0,68439,107,249,0,0,0,0,0
532,884,533.2990462708336,99966,704,372,25,5,7743,3622,0.11368865414240842,393,176,21902,14577,5094,2236,21880,32632,44214,30877,0,0,21486,3174,6162,117,163,2,0,0,0,0,68506,107,249,0,0,0,0,0
533,884,534.5111029842218,99966,674,368,25,5,7847,3675,0.11525918812396214,392,174,21870,14606,5191,2272,21846,32573,44311,30978,0,0,21244,3218,6286,118,174,2,0,0,0,0,68569,106,249,0,0,0,0,0
534,884,535.1174231969727,99966,657,361,25,5,7900,3693,0.11596942960606606,391,171,21807,14604,5238,2284,21880,32573,44406,31077,0,0,21041,3222,6356,124,179,2,0,0,0,0,68688,105,249,0,0,0,0,0
535,884,536.3335267664446,99966,670,353,25,5,8018,3743,0.11765000100034012,366,187,21799,14623,5298,2328,21840,32502,44498,31174,0,0,20825,3250,6483,125,182,2,0,0,0,0,68745,103,251,0,0,0,0,0
536,884,537.5519853960739,99966,667,347,25,5,8135,3800,0.11939059280155252,350,172,21759,14674,5383,2373,21814,32427,44588,31269,0,0,20608,3277,6607,132,192,2,0,0,0,0,68796,101,251,0,0,0,0,0
537,884,538.1617577645604,99965,657,339,26,5,8189,3822,0.12015205321862651,343,172,21713,14662,5418,2387,21841,32433,44676,31362,0,0,20424,3275,6688,136,195,2,0,0,0,0,68893,101,251,0,0,0,0,0
538,884,539.3812831050536,99965,634,326,26,5,8292,3871,0.12167258540489172,343,169,21684,14702,5506,2432,21805,32364,44762,31453,0,0,20213,3305,6822,141,202,2,0,0,0,0,68928,100,252,0,0,0,0,0
539,884,540.6033140590996,99964,601,334,27,5,8385,3928,0.12317434276339483,339,157,21668,14723,5584,2469,21779,32310,44845,31542,0,0,20000,3345,6944,142,208,2,0,0,0,0,68973,100,250,0,0,0,0,0
540,884,541.2159207820988,99964,617,339,27,5,8436,3955,0.12395462366451923,336,156,21614,14709,5593,2478,21811,32311,44926,31629,0,0,19835,3346,6998,140,211,2,0,0,0,0,69082,98,252,0,0,0,0,0
541,884,542.4382425689868,99964,613,337,27,5,8538,4006,0.12548517466287865,318,154,21598,14739,5660,2511,21782,32252,45005,31714,0,0,19640,3375,7111,142,216,3,0,0,0,0,69127,98,252,0,0,0,0,0
542,884,543.0504351198543,99964,607,325,27,5,8585,4033,0.12622544115881718,318,145,21549,14749,5693,2536,21804,32238,45082,31797,0,0,19477,3374,7192,146,218,3,0,0,0,0,69204,98,252,0,0,0,0,0
543,884,544.2731867649763,99964,598,299,27,5,8692,4071,0.12767596334680484,298,157,21538,14789,5778,2576,21759,32172,45157,31878,0,0,19283,3410,7321,149,222,4,0,0,0,0,69227,97,251,0,0,0,0,0
544,884,545.4986981257529,99964,575,308,27,5,8773,4129,0.12906646392701374,295,143,21545,14838,5839,2601,21717,32103,45230,31958,0,0,19105,3433,7430,152,230,4,0,0,0,0,69263,96,251,0,0,0,0,0
545,884,546.1131260141998,99964,556,300,27,5,8817,4145,0.12966668000480172,301,155,21518,14846,5871,2615,21725,32077,45302,32036,0,0,18953,3437,7508,151,234,4,0,0,0,0,69331,95,251,0,0,0,0,0
546,884,547.3410117585547,99964,545,292,27,5,8900,4190,0.13094714097074947,311,151,21507,14898,5931,2655,21677,31997,45372,32112,0,0,18787,3452,7618,156,240,4,0,0,0,0,69361,95,251,0,0,0,0,0
547,884,548.5722644603295,99963,540,269,28,5,8993,4225,0.1322289247021398,301,153,21523,14950,5981,2695,21625,31926,45440,32187,0,0,18628,3467,7743,157,247,4,0,0,0,0,69372,94,251,0,0,0,0,0
548,884,549.1892325194383,99963,537,266,28,5,9038,4248,0.13290917639526625,305,156,21493,14948,5993,2712,21642,31911,45506,32260,0,0,18491,3463,7802,160,254,4,0,0,0,0,69445,93,251,0,0,0,0,0
549,884,550.4226184500449,99963,547,277,28,5,9137,4301,0.13442973900343128,276,145,21531,15020,6036,2741,21580,31810,45571,32332,0,0,18334,3482,7898,163,258,5,0,0,0,0,69479,92,252,0,0,0,0,0
550,884,551.0411095808576,99963,542,273,28,5,9179,4323,0.1350699758910797,280,143,21507,15011,6054,2757,21587,31809,45634,32402,0,0,18193,3489,7958,164,260,5,0,0,0,0,69550,92,252,0,0,0,0,0
551,884,552.2775943121743,99963,527,274,28,5,9253,4365,0.13623040524994248,297,141,21519,15079,6105,2781,21522,31718,45695,32471,0,0,18046,3503,8054,168,266,5,0,0,0,0,69577,91,253,0,0,0,0,0
552,884,553.5172357137922,99962,529,277,29,5,9344,4408,0.13757227746543688,280,131,21550,15150,6145,2804,21465,31631,45755,32538,0,0,17901,3518,8148,171,271,6,0,0,0,0,69603,90,254,0,0,0,0,0
553,884,554.1361249449182,99962,512,274,29,5,9381,4429,0.13815249794922072,276,123,21546,15162,6165,2819,21470,31615,45813,32604,0,0,17780,3517,8217,171,276,6,0,0,0,0,69651,88,256,0,0,0,0,0
554,884,555.3750641850743,99962,496,271,29,5,9459,4467,0.1393129389167884,274,129,21568,15244,6227,2840,21404,31509,45870,32668,0,0,17634,3540,8310,174,283,6,0,0,0,0,69672,87,256,0,0,0,0,0
555,884,556.6128165988932,99961,490,262,30,5,9554,4507,0.1406648592951251,261,131,21579,15333,6285,2877,21353,31390,45926,32731,0,0,17491,3561,8412,177,292,6,0,0,0,0,69679,86,257,0,0,0,0,0
556,884,557.2309119769017,99961,489,271,30,5,9592,4529,0.1412650933864207,254,125,21578,15358,6304,2882,21343,31357,45980,32793,0,0,17373,3562,8459,178,293,6,0,0,0,0,69747,86,257,0,0,0,0,0
557,884,558.4688388942425,99960,481,269,30,6,9670,4565,0.14240696278511406,255,127,21601,15436,6341,2894,21290,31266,46033,32853,0,0,17238,3582,8550,179,298,6,0,0,0,0,69764,86,257,0,0,0,0,0
558,884,559.086855472074,99960,492,280,30,6,9721,4589,0.14315726290516206,243,127,21577,15469,6356,2893,21300,31223,46085,32912,0,0,17134,3575,8600,178,304,6,0,0,0,0,69821,86,256,0,0,0,0,0
559,884,560.3242657273083,99960,453,266,30,6,9794,4622,0.14421768707482993,236,130,21620,15525,6427,2928,21232,31143,46135,32970,0,0,17000,3597,8707,183,314,6,0,0,0,0,69811,85,257,0,0,0,0,0
560,884,561.5602321320496,99960,463,254,30,6,9863,4658,0.14526810724289715,228,136,21628,15604,6453,2967,21196,31031,46184,33027,0,0,16884,3603,8791,189,317,6,0,0,0,0,69829,83,258,0,0,0,0,0
561,884,562.1776187052159,99960,458,254,30,6,9901,4680,0.14586834733893558,236,136,21619,15615,6472,2982,21183,31005,46232,33082,0,0,16769,3616,8841,188,319,6,0,0,0,0,69880,83,258,0,0,0,0,0
562,884,563.4137293022042,99960,455,244,30,6,9979,4715,0.14699879951980793,217,125,21672,15687,6501,3018,21123,30918,46279,33136,0,0,16654,3629,8936,189,327,6,0,0,0,0,69878,83,258,0,0,0,0,0
563,884,564.0305359266742,99960,455,243,30,6,10009,4737,0.1475190076030412,223,119,21666,15708,6514,3027,21110,30895,46325,33189,0,0,16551,3633,8977,189,331,6,0,0,0,0,69932,83,258,0,0,0,0,0
564,884,565.2644385025256,99960,451,229,30,6,10079,4768,0.14852941176470588,222,117,21701,15800,6554,3058,21040,30788,46370,33241,0,0,16437,3648,9069,191,335,6,0,0,0,0,69933,83,258,0,0,0,0,0
565,884,566.4963541559547,99960,422,230,30,6,10146,4813,0.1496498599439776,210,99,21735,15888,6609,3090,20992,30685,46414,33292,0,0,16318,3666,9166,196,342,6,0,0,0,0,69925,83,258,0,0,0,0,0
566,884,567.1113810733416,99960,418,227,30,6,10176,4826,0.15008003201280512,208,100,21739,15909,6616,3101,20987,30655,46456,33342,0,0,16220,3672,9206,196,344,6,0,0,0,0,69975,83,258,0,0,0,0,0
567,884,568.3422910908631,99960,415,220,30,6,10244,4860,0.15110044017607044,214,90,21779,15995,6653,3121,20907,30566,46497,33391,0,0,16131,3667,9295,200,355,6,0,0,0,0,69967,83,256,0,0,0,0,0
568,884,569.5708904023315,99959,391,209,31,6,10303,4887,0.1519623045448634,215,100,21845,16071,6691,3145,20825,30467,46537,33439,0,0,16039,3668,9394,203,362,6,0,0,0,0,69948,83,256,0,0,0,0,0
569,884,570.1836370796187,99959,385,205,31,6,10332,4899,0.15237247271381266,211,94,21848,16093,6711,3150,20812,30450,46577,33486,0,0,15951,3669,9440,204,363,6,0,0,0,0,69987,82,257,0,0,0,0,0
570,884,571.4089188597785,99957,388,195,33,6,10405,4931,0.15342597316846243,183,92,21905,16186,6734,3170,20755,30349,46616,33532,0,0,15857,3677,9530,205,368,6,0,0,0,0,69976,81,257,0,0,0,0,0
571,884,572.020272229873,99957,373,195,33,6,10426,4948,0.15380613663875467,190,87,21913,16206,6744,3174,20745,30330,46654,33577,0,0,15776,3674,9580,206,370,6,0,0,0,0,70007,81,257,0,0,0,0,0
572,884,573.2425927016803,99957,361,192,33,6,10476,4978,0.1546064807867383,196,81,21951,16303,6782,3196,20675,30220,46691,33621,0,0,15684,3682,9653,209,373,7,0,0,0,0,70012,81,256,0,0,0,0,0
573,884,574.4624091597636,99957,353,178,33,6,10536,4992,0.15534679912362315,179,93,22019,16394,6807,3208,20607,30119,46727,33664,0,0,15596,3688,9723,212,380,7,0,0,0,0,70014,81,256,0,0,0,0,0
574,884,575.070990884639,99957,340,176,33,6,10558,5005,0.155696949688366,181,91,22030,16419,6814,3216,20600,30090,46762,33706,0,0,15528,3677,9772,214,384,7,0,0,0,0,70038,81,256,0,0,0,0,0
575,884,576.2875578819579,99957,334,168,33,6,10611,5034,0.15651730244004922,183,81,22079,16489,6837,3243,20532,30011,46796,33747,0,0,15439,3690,9839,215,391,7,0,0,0,0,70039,81,256,0,0,0,0,0
576,884,577.5014059995768,99957,332,158,33,6,10669,5052,0.15727762938063367,169,85,22130,16567,6856,3259,20478,29923,46829,33788,0,0,15349,3705,9900,216,396,7,0,0,0,0,70047,81,256,0,0,0,0,0
577,884,578.1072662353638,99957,339,157,33,6,10702,5063,0.15771781866202467,153,92,22148,16594,6862,3261,20463,29888,46862,33828,0,0,15283,3699,9940,215,399,7,0,0,0,0,70077,81,256,0,0,0,0,0
578,884,579.3180811111257,99956,316,145,34,6,10748,5086,0.15840970026811796,152,79,22215,16701,6893,3286,20388,29781,46894,33867,0,0,15194,3714,10006,218,407,7,0,0,0,0,70073,80,257,0,0,0,0,0
579,884,580.5257751192929,99956,299,146,34,6,10786,5110,0.1590299731882028,165,68,22277,16794,6900,3295,20323,29689,46925,33905,0,0,15116,3721,10066,220,411,7,0,0,0,0,70079,80,256,0,0,0,0,0
580,884,581.1279706206597,99955,298,141,34,7,10814,5121,0.1594217397829023,155,73,22293,16825,6906,3299,20312,29653,46955,33942,0,0,15055,3715,10105,220,415,8,0,0,0,0,70101,80,256,0,0,0,0,0
581,884,582.3315442267299,99955,291,134,34,7,10855,5141,0.16003201440648293,153,62,22365,16922,6919,3310,20236,29563,46985,33979,0,0,14976,3724,10159,223,418,8,0,0,0,0,70111,80,256,0,0,0,0,0
582,884,583.5318237203413,99955,283,136,34,7,10889,5165,0.1606122755239858,160,53,22425,17025,6919,3312,20177,29465,47014,34015,0,0,14905,3730,10211,223,421,8,0,0,0,0,70121,80,256,0,0,0,0,0
583,884,584.1304448627914,99954,275,123,35,7,10915,5171,0.16093402965364068,151,54,22447,17054,6921,3318,20169,29442,47042,34050,0,0,14841,3728,10255,225,424,8,0,0,0,0,70137,80,256,0,0,0,0,0
584,884,585.326411167093,99953,291,121,36,7,10971,5189,0.1616759877142257,128,57,22527,17161,6910,3322,20106,29330,47070,34084,0,0,14767,3738,10300,226,425,8,0,0,0,0,70153,80,256,0,0,0,0,0
585,884,586.5182475992673,99952,277,114,37,7,11013,5202,0.1622278693773011,128,55,22611,17275,6933,3326,20012,29221,47097,34118,0,0,14704,3741,10361,224,432,8,0,0,0,0,70146,80,256,0,0,0,0,0
586,884,587.1124762473854,99952,270,110,37,7,11034,5209,0.16250800384184408,118,56,22632,17324,6945,3325,19996,29176,47124,34151,0,0,14641,3745,10392,223,435,8,0,0,0,0,70172,80,256,0,0,0,0,0
587,884,588.2991649215123,99952,259,112,37,7,11072,5225,0.16304826316631985,117,52,22679,17427,6956,3322,19950,29078,47150,34183,0,0,14574,3753,10437,224,439,8,0,0,0,0,70181,80,256,0,0,0,0,0
588,884,589.4833447498273,99952,241,111,37,7,11102,5243,0.16352849367696495,116,48,22756,17531,6969,3324,19879,28977,47175,34215,0,0,14505,3764,10482,225,442,9,0,0,0,0,70189,80,256,0,0,0,0,0
589,884,590.0742650610645,99952,238,101,37,7,11120,5249,0.1637686089322875,116,45,22761,17578,6974,3334,19872,28933,47200,34246,0,0,14452,3762,10511,225,446,10,0,0,0,0,70210,80,256,0,0,0,0,0
590,884,591.254431083968,99952,227,88,37,7,11152,5256,0.16415879622218665,123,47,22819,17667,6971,3342,19821,28847,47224,34277,0,0,14400,3755,10562,229,450,11,0,0,0,0,70209,80,256,0,0,0,0,0
591,884,592.4321213493511,99952,224,97,37,7,11182,5273,0.16462902193052664,117,43,22871,17770,6971,3333,19778,28748,47248,34307,0,0,14347,3753,10595,230,454,11,0,0,0,0,70226,80,256,0,0,0,0,0
592,884,593.0198273098121,99952,220,91,37,7,11202,5276,0.1648591323835441,109,44,22907,17804,6972,3334,19753,28718,47271,34336,0,0,14300,3749,10621,229,460,11,0,0,0,0,70246,79,257,0,0,0,0,0
593,884,594.1936222798311,99951,217,85,38,7,11230,5284,0.16522095826955208,116,48,22979,17920,6957,3328,19691,28610,47294,34365,0,0,14254,3744,10662,228,465,11,0,0,0,0,70251,79,257,0,0,0,0,0
594,884,595.3635194973343,99951,215,82,38,7,11266,5300,0.16574121319446528,108,51,23054,18036,6959,3326,19624,28496,47316,34393,0,0,14208,3741,10718,228,467,11,0,0,0,0,70242,78,258,0,0,0,0,0
595,884,596.5295793468498,99951,210,75,38,7,11301,5309,0.16618142890016108,107,51,23113,18141,6966,3319,19564,28405,47338,34421,0,0,14159,3736,10758,232,472,12,0,0,0,0,70246,78,258,0,0,0,0,0
596,884,597.1114561156298,99951,209,76,38,7,11312,5314,0.1663415073385959,104,53,23130,18179,6963,3315,19554,28368,47359,34448,0,0,14117,3730,10778,232,473,12,0,0,0,0,70273,78,258,0,0,0,0,0
597,884,598.2737441928942,99951,204,77,38,7,11342,5336,0.16686176226350913,89,43,23199,18299,6967,3317,19501,28255,47380,34475,0,0,14065,3734,10824,232,476,12,0,0,0,0,70272,78,258,0,0,0,0,0
598,884,599.4328631104727,99951,192,76,38,7,11367,5346,0.16721193384758531,82,44,23280,18411,6970,3310,19436,28150,47400,34501,0,0,14022,3731,10867,232,480,12,0,0,0,0,70271,78,258,0,0,0,0,0
599,884,600.0108408849451,99951,185,72,38,7,11377,5348,0.16733199267641144,83,44,23304,18451,6968,3311,19420,28113,47420,34527,0,0,13979,3728,10891,232,481,12,0,0,0,0,70292,78,258,0,0,0,0,0
600,884,601.165209594133,99951,192,66,38,7,11406,5355,0.16769216916288981,77,46,23373,18573,6954,3307,19364,27999,47439,34552,0,0,13938,3725,10923,232,484,12,0,0,0,0,70301,78,258,0,0,0,0,0
601,884,602.3160852273891,99950,180,65,39,7,11427,5364,0.16799399699849926,71,44,23449,18657,6957,3300,19302,27925,47458,34577,0,0,13897,3721,10957,232,490,12,0,0,0,0,70305,78,258,0,0,0,0,0
602,884,603.4634689323815,99950,170,62,39,7,11449,5373,0.16830415207603802,72,46,23504,18747,6958,3297,19255,27839,47477,34601,0,0,13854,3723,10993,230,495,12,0,0,0,0,70307,78,258,0,0,0,0,0
603,884,604.0360565364359,99950,161,66,39,7,11457,5380,0.1684542271135568,74,45,23545,18788,6950,3290,19229,27802,47495,34625,0,0,13819,3715,11013,231,498,12,0,0,0,0,70326,78,258,0,0,0,0,0
604,884,605.1794515292944,99950,162,75,39,7,11480,5394,0.16882441220610306,73,39,23607,18886,6943,3282,19174,27709,47513,34648,0,0,13778,3713,11034,233,500,12,0,0,0,0,70344,78,258,0,0,0,0,0
605,884,606.3194015217639,99950,147,77,39,7,11496,5406,0.16910455227613808,77,37,23690,19002,6939,3273,19106,27602,47530,34671,0,0,13742,3709,11073,233,503,12,0,0,0,0,70342,78,258,0,0,0,0,0
606,884,607.4556489385436,99950,149,71,39,7,11517,5414,0.16939469734867435,73,34,23758,19112,6934,3276,19045,27498,47547,34693,0,0,13703,3709,11104,233,504,12,0,0,0,0,70349,78,258,0,0,0,0,0
607,884,608.0225378363602,99950,150,74,39,7,11530,5422,0.1696048024012006,72,33,23795,19169,6927,3271,19015,27444,47564,34715,0,0,13673,3701,11127,233,505,12,0,0,0,0,70363,77,259,0,0,0,0,0
608,884,609.1540118994121,99950,140,73,39,7,11546,5436,0.16990495247623813,75,26,23873,19255,6920,3274,18951,27363,47580,34737,0,0,13642,3693,11164,235,509,12,0,0,0,0,70359,76,260,0,0,0,0,0
609,884,610.281808219655,99949,138,72,40,7,11568,5444,0.1702068054707901,65,29,23966,19332,6915,3272,18874,27286,47596,34758,0,0,13606,3691,11192,236,511,12,0,0,0,0,70365,76,260,0,0,0,0,0
610,884,611.4057581717421,99949,125,60,40,7,11585,5448,0.17041691262543898,63,37,24035,19433,6920,3271,18815,27190,47612,34779,0,0,13565,3694,11226,237,513,13,0,0,0,0,70365,76,260,0,0,0,0,0
611,884,612.5262710899577,99949,113,59,40,7,11597,5458,0.17063702488269017,66,37,24092,19520,6918,3270,18769,27105,47627,34799,0,0,13531,3691,11258,239,514,13,0,0,0,0,70367,76,260,0,0,0,0,0
612,884,613.0853837479943,99949,113,60,40,7,11610,5462,0.17080711162692974,60,35,24119,19555,6912,3267,18754,27074,47642,34819,0,0,13499,3689,11272,238,517,13,0,0,0,0,70385,76,260,0,0,0,0,0
613,884,614.2020189853067,99949,102,65,40,7,11622,5477,0.17107724939719257,70,25,24183,19643,6903,3268,18700,26990,47657,34839,0,0,13459,3692,11294,240,519,13,0,0,0,0,70396,76,260,0,0,0,0,0
614,884,615.3157425716155,99949,108,58,40,7,11646,5482,0.17136739737266005,59,29,24247,19751,6896,3268,18648,26885,47671,34858,0,0,13421,3695,11317,242,519,13,0,0,0,0,70406,76,260,0,0,0,0,0
615,884,616.4264268168689,99949,115,58,40,7,11662,5493,0.1716375351429229,53,31,24322,19846,6876,3263,18592,26793,47685,34877,0,0,13387,3697,11333,241,521,13,0,0,0,0,70421,76,260,0,0,0,0,0
616,884,617.5338646829232,99948,104,64,41,7,11672,5504,0.17184936166806739,58,24,24403,19954,6862,3255,18530,26694,47699,34896,0,0,13358,3693,11353,241,525,13,0,0,0,0,70429,76,260,0,0,0,0,0
617,884,618.0862067658038,99948,104,63,41,7,11677,5509,0.17194941369512146,61,22,24427,19992,6844,3254,18521,26660,47713,34914,0,0,13330,3688,11367,242,525,13,0,0,0,0,70447,76,260,0,0,0,0,0
618,884,619.188841931475,99948,102,61,41,7,11686,5514,0.17208948653299716,62,20,24453,20039,6838,3257,18502,26614,47726,34932,0,0,13303,3682,11384,245,526,13,0,0,0,0,70460,75,260,0,0,0,0,0
619,884,620.1428107813607,99948,99,59,41,7,11703,5523,0.17234962180333774,56,20,24538,20140,6826,3256,18438,26516,47739,34950,0,0,13272,3682,11413,245,527,13,0,0,0,0,70461,75,260,0,0,0,0,0
620,884,621.2406326245429,99947,96,54,42,7,11720,5527,0.17256145757251343,53,24,24608,20239,6814,3247,18385,26427,47752,34967,0,0,13239,3685,11432,245,530,13,0,0,0,0,70468,75,260,0,0,0,0,0
621,884,622.3353557939375,99947,93,52,42,7,11733,5535,0.17277156893153373,48,20,24682,20325,6801,3238,18332,26356,47765,34984,0,0,13212,3682,11459,245,531,13,0,0,0,0,70470,75,260,0,0,0,0,0
622,884,623.4376572568211,99947,93,48,42,7,11743,5539,0.17291164317088056,43,18,24729,20387,6788,3235,18303,26303,47777,35001,0,0,13184,3681,11476,245,532,13,0,0,0,0,70481,75,260,0,0,0,0,0
623,884,624.4207448279219,99947,93,47,42,7,11756,5541,0.1730617227130379,40,18,24782,20453,6776,3225,18265,26248,47789,35017,0,0,13159,3679,11490,245,534,13,0,0,0,0,70492,74,261,0,0,0,0,0
624,884,625.3566112239519,99947,93,37,42,7,11768,5543,0.17320179695238477,41,21,24867,20583,6749,3218,18206,26132,47801,35033,0,0,13134,3677,11513,243,537,13,0,0,0,0,70495,74,261,0,0,0,0,0
625,884,626.4401781954249,99947,99,36,42,7,11785,5547,0.17341190831140504,33,20,24933,20669,6741,3210,18150,26056,47813,35049,0,0,13109,3671,11529,246,537,13,0,0,0,0,70507,74,261,0,0,0,0,0
626,884,627.0108618714172,99947,99,38,42,7,11787,5549,0.173451929522647,32,18,24927,20674,6738,3207,18160,26054,47824,35064,0,0,13086,3668,11534,246,537,13,0,0,0,0,70528,74,261,0,0,0,0,0
627,884,628.3605964087591,99947,89,40,42,7,11802,5556,0.17367204618447776,31,18,25075,20844,6717,3198,18044,25891,47835,35079,0,0,13060,3665,11553,249,541,13,0,0,0,0,70531,74,261,0,0,0,0,0
628,884,629.3124253922298,99947,85,40,42,7,11806,5559,0.1737420833041512,35,20,25129,20923,6695,3193,18012,25815,47846,35094,0,0,13037,3662,11564,249,543,13,0,0,0,0,70545,74,260,0,0,0,0,0
629,884,630.0650103246403,99947,88,41,42,7,11813,5562,0.1738421363322561,64,50,25142,20947,6683,3185,17979,25768,47857,35109,0,0,13016,3657,11570,249,544,13,0,0,0,3,70561,74,260,0,0,0,0,0
630,884,631.2412089786263,99946,78,44,43,7,11825,5571,0.17405398915414325,86,51,25216,21052,6663,3175,17912,25669,47867,35123,0,0,12994,3651,11575,250,544,13,4,0,0,25,70556,73,261,0,0,0,0,0
631,884,632.1208167869856,99945,91,48,44,7,11846,5580,0.17435589574265847,97,55,25270,21132,6636,3171,17860,25585,47877,35137,0,0,12974,3645,11579,250,547,13,6,0,0,32,70566,73,260,0,0,0,0,0
632,884,633.2904659900296,99945,110,51,44,7,11876,5594,0.1747961378758317,99,50,25333,21229,6619,3173,17793,25488,47887,35151,0,0,12951,3640,11580,251,550,13,9,0,0,47,70571,73,260,0,0,0,0,0
633,884,634.1655726461772,99945,118,52,44,7,11899,5605,0.1751363249787383,104,47,25376,21314,6617,3167,17739,25411,47897,35165,0,0,12927,3636,11581,250,553,14,14,0,0,63,70574,73,260,0,0,0,0,0
634,884,635.039101808915,99945,124,54,44,7,11922,5614,0.17545650107559158,111,54,25412,21367,6610,3163,17697,25353,47907,35178,0,0,12906,3630,11582,251,557,14,17,0,0,79,70576,73,260,0,0,0,0,0
635,884,636.2013920771439,99945,126,67,44,7,11950,5632,0.17591675421481814,126,51,25481,21482,6602,3146,17619,25245,47917,35191,0,0,12878,3626,11579,252,563,14,25,0,0,95,70580,73,260,0,0,0,0,0
636,884,637.0708521228561,99945,140,66,44,7,11978,5638,0.17625694131772474,132,58,25525,21546,6592,3143,17565,25178,47926,35204,0,0,12864,3617,11585,252,566,14,26,0,0,112,70576,73,260,0,0,0,0,0
637,884,638.2275014916812,99945,162,67,44,7,12023,5648,0.17680724398419131,126,69,25596,21654,6579,3132,17491,25069,47935,35217,0,0,12843,3611,11590,252,566,15,31,0,0,137,70567,73,260,0,0,0,0,0
638,884,639.0925755495674,99944,162,86,45,7,12046,5667,0.1772292483790923,138,66,25638,21720,6571,3121,17444,24998,47944,35230,0,0,12821,3609,11587,252,571,15,33,0,0,152,70571,73,260,0,0,0,0,0
639,884,640.2432067185944,99944,172,85,45,7,12080,5684,0.17773953413911792,152,81,25696,21810,6559,3125,17374,24890,47953,35242,0,0,12801,3603,11585,254,576,16,36,0,0,182,70558,73,260,0,0,0,0,0
640,884,641.104436018865,99944,174,89,45,7,12108,5700,0.1781797806771792,188,89,25718,21884,6554,3119,17319,24810,47962,35254,0,0,12778,3600,11581,254,583,16,41,0,0,208,70550,73,260,0,0,0,0,0
641,884,642.2506804026632,99944,199,102,45,7,12169,5728,0.1790702793564396,195,85,25769,21978,6553,3118,17237,24708,47971,35266,0,0,12757,3595,11580,254,589,16,46,0,0,248,70526,73,260,0,0,0,0,0
642,884,643.1087332256163,99943,231,99,46,7,12226,5739,0.1797524589015739,171,95,25800,22040,6560,3120,17190,24637,47979,35278,0,0,12738,3584,11583,258,592,17,51,0,0,272,70515,73,260,0,0,0,0,0
643,884,644.2506716533024,99943,237,115,46,7,12276,5765,0.18051289234863874,188,99,25848,22118,6567,3121,17112,24538,47987,35289,0,0,12717,3577,11579,262,600,17,58,0,0,307,70494,71,261,0,0,0,0,0
644,884,645.1055593124155,99942,248,123,47,7,12321,5790,0.18121510476076125,203,100,25847,22182,6588,3126,17065,24460,47995,35300,0,0,12692,3573,11574,265,606,17,65,0,0,341,70477,71,261,0,0,0,0,0
645,884,646.2445337270937,99942,256,126,47,7,12376,5817,0.18203558063676933,222,114,25894,22264,6593,3134,16986,24353,48003,35311,0,0,12662,3567,11572,269,609,18,78,0,0,390,70445,71,261,0,0,0,0,0
646,884,647.0971645672084,99941,271,149,48,7,12423,5850,0.18283787434586407,238,113,25921,22309,6596,3135,16924,24285,48011,35322,0,0,12638,3564,11570,269,614,18,87,0,0,417,70432,70,262,0,0,0,0,0
647,884,648.2317138437692,99941,284,164,48,7,12476,5882,0.18368837614192374,262,129,25956,22365,6596,3145,16852,24188,48019,35333,0,0,12612,3559,11568,273,617,18,96,0,0,458,70408,69,263,0,0,0,0,0
648,884,649.0812208598543,99940,303,161,49,7,12522,5903,0.1843606163698219,300,145,25978,22434,6580,3157,16788,24094,48026,35344,0,0,12589,3552,11562,276,627,18,105,0,0,486,70393,69,263,0,0,0,0,0
649,884,650.2120126868798,99940,320,179,49,7,12592,5951,0.18554132479487692,336,147,26000,22510,6598,3170,16695,23985,48033,35354,0,0,12559,3547,11558,279,635,18,120,0,0,543,70351,69,261,0,0,0,0,0
650,884,651.0589005379289,99940,349,196,49,7,12664,5984,0.18659195517310387,336,149,26023,22551,6616,3179,16625,23916,48040,35364,0,0,12531,3540,11555,285,640,18,132,0,0,578,70331,69,261,0,0,0,0,0
651,884,652.1862657449191,99940,382,200,49,7,12757,6026,0.18794276565939563,346,160,26053,22632,6630,3196,16538,23803,48047,35374,0,0,12505,3534,11548,286,653,18,145,0,0,647,70274,69,261,0,0,0,0,0
652,884,653.0305858705167,99939,425,220,49,8,12831,6069,0.1891153603698256,356,174,26055,22671,6628,3203,16485,23722,48054,35384,0,0,12482,3527,11545,289,659,19,155,0,0,679,70254,69,261,0,0,0,0,0
653,884,654.1551157887062,99939,450,239,49,8,12923,6116,0.1905062087873603,389,192,26061,22746,6648,3211,16401,23602,48061,35394,0,0,12453,3516,11541,297,666,19,170,0,0,744,70203,69,261,0,0,0,0,0
654,884,655.2782617323611,99939,490,253,49,8,13025,6167,0.1920371426570208,425,213,26069,22788,6674,3232,16291,23504,48068,35404,0,0,12427,3508,11534,302,676,19,182,0,0,816,70145,69,261,0,0,0,0,0
655,884,656.1196847518994,99938,515,265,49,9,13113,6219,0.19343993275831015,455,217,26062,22829,6699,3266,16218,23412,48075,35413,0,0,12396,3499,11526,306,688,20,202,0,0,880,70091,69,261,0,0,0,0,0
656,884,657.2409636389204,99938,565,274,49,9,13262,6278,0.19552122315835818,469,240,26042,22898,6757,3301,16116,23276,48081,35422,0,0,12368,3489,11516,314,699,22,217,0,0,990,69994,68,261,0,0,0,0,0
657,884,658.081782857079,99937,588,294,50,9,13372,6333,0.19717421975844782,490,262,26020,22924,6808,3321,16042,23188,48087,35431,0,0,12336,3482,11503,319,716,22,236,0,0,1070,69926,68,259,0,0,0,0,0
658,884,659.2026565218911,99936,631,333,51,9,13505,6411,0.19928754402817803,540,278,25993,22974,6856,3342,15927,23062,48093,35440,0,0,12291,3475,11493,324,728,22,268,0,0,1149,69860,68,258,0,0,0,0,0
659,884,660.0431249163996,99936,652,338,51,9,13611,6465,0.20088856868395774,587,299,25960,23001,6904,3380,15844,22971,48099,35449,0,0,12265,3465,11490,328,737,22,285,0,0,1253,69765,68,258,0,0,0,0,0
660,884,661.164146546415,99936,695,351,51,9,13769,6534,0.2031600224143452,642,322,25911,23038,6978,3419,15721,22859,48105,35458,0,0,12222,3452,11470,337,760,24,316,0,0,1355,69674,68,258,0,0,0,0,0
661,884,662.005171553907,99935,751,387,52,9,13920,6611,0.20544353829989492,636,332,25873,23069,7045,3446,15641,22755,48111,35467,0,0,12190,3442,11458,341,779,24,337,0,0,1442,69596,68,258,0,0,0,0,0
662,884,663.1273593474942,99934,811,426,53,9,14114,6714,0.2084175555866872,681,350,25806,23117,7118,3491,15529,22605,48117,35475,0,0,12144,3431,11445,347,799,25,373,0,0,1572,69473,68,257,0,0,0,0,0
663,884,664.2506425268926,99933,881,452,54,9,14303,6815,0.2113215854622597,769,369,25737,23139,7161,3550,15396,22479,48123,35483,0,0,12104,3419,11429,357,820,25,400,0,0,1707,69350,68,254,0,0,0,0,0
664,884,665.093460363442,99933,950,468,54,9,14475,6889,0.21378323476729408,815,405,25671,23153,7220,3599,15288,22364,48129,35491,0,0,12067,3413,11413,363,839,25,424,0,0,1817,69251,67,254,0,0,0,0,0
665,884,666.2185569775578,99932,1010,499,55,9,14705,7004,0.2172377216507225,899,424,25560,23177,7325,3665,15149,22224,48135,35499,0,0,12009,3398,11394,377,861,28,470,0,0,1978,69098,66,253,0,0,0,0,0
666,884,667.0641285929055,99932,1095,530,55,9,14913,7088,0.22015970860184925,921,460,25474,23181,7398,3699,15055,22119,48140,35507,0,0,11967,3388,11383,382,879,28,503,0,0,2096,68988,66,252,0,0,0,0,0
667,884,668.1935618052607,99931,1202,577,56,9,15195,7210,0.22420470124385827,1004,507,25361,23184,7497,3748,14878,21973,48145,35515,0,0,11923,3368,11362,401,903,30,534,0,0,2262,68831,66,251,0,0,0,0,0
668,884,669.0416946096466,99930,1294,618,57,9,15431,7325,0.22771940358250775,1090,537,25259,23177,7568,3807,14730,21850,48150,35523,0,0,11878,3358,11338,409,930,31,569,0,0,2405,68695,65,252,0,0,0,0,0
669,884,670.1749445264044,99930,1393,672,57,9,15746,7489,0.23251275893125187,1196,569,25068,23180,7710,3896,14574,21672,48155,35531,0,0,11799,3339,11311,424,963,31,638,0,0,2611,68497,65,252,0,0,0,0,0
670,884,671.0279223063426,99929,1475,718,57,10,16024,7619,0.23659798456904402,1238,603,24937,23145,7847,3956,14444,21566,48160,35538,0,0,11745,3325,11279,441,998,32,677,0,0,2790,68326,64,252,0,0,0,0,0
671,884,672.1695686387216,99928,1614,791,58,10,16392,7824,0.24233448082619485,1343,633,24758,23100,7976,4064,14249,21400,48165,35545,0,0,11676,3311,11254,454,1024,37,734,0,0,3039,68083,64,252,0,0,0,0,0
672,884,673.0284398268254,99925,1705,836,61,10,16701,7967,0.24686514886164623,1447,692,24583,23071,8112,4125,14090,21264,48170,35552,0,0,11610,3292,11227,471,1057,37,790,0,0,3244,67883,64,250,0,0,0,0,0
673,884,674.178857276117,99923,1841,882,63,10,17155,8153,0.2532750217667604,1458,769,24384,23042,8330,4229,13922,21066,48175,35559,0,0,11516,3265,11187,492,1106,43,874,0,0,3521,67605,64,250,0,0,0,0,0
674,884,675.0457137904926,99921,1938,936,65,10,17469,8312,0.2580138309264319,1528,812,24255,23016,8456,4308,13756,20916,48180,35566,0,0,11455,3244,11158,509,1145,46,925,0,0,3721,67406,64,248,0,0,0,0,0
675,884,676.2059272134869,99920,2091,1026,66,10,17949,8556,0.2652622097678142,1665,856,23985,22973,8654,4423,13537,20710,48185,35573,0,0,11354,3220,11113,533,1200,47,1012,0,0,4021,67109,63,248,0,0,0,0,0
676,884,677.081041531073,99918,2222,1090,68,10,18344,8758,0.2712424187834024,1784,908,23782,22927,8804,4535,13338,20528,48190,35580,0,0,11275,3199,11090,551,1234,52,1079,0,0,4277,66851,63,247,0,0,0,0,0
677,884,678.2544802702957,99917,2333,1179,69,10,18842,9027,0.27892150484902467,2012,970,23464,22848,9040,4675,13080,20316,48195,35587,0,0,11168,3180,11040,570,1291,57,1174,0,0,4650,66479,62,246,0,0,0,0,0
678,884,679.1409275897593,99917,2454,1245,69,10,19277,9261,0.2856170621615941,2097,999,23240,22772,9228,4808,12910,20164,48199,35594,0,0,11085,3154,10996,594,1349,58,1246,0,0,4962,66166,62,245,0,0,0,0,0
679,884,680.0331674745127,99915,2616,1323,71,10,19769,9484,0.2927788620327278,2184,1032,22968,22690,9437,4926,12722,20017,48203,35600,0,0,10982,3130,10951,615,1406,60,1338,0,0,5247,65879,62,245,0,0,0,0,0
680,884,681.2335827091968,99912,2826,1400,74,10,20443,9802,0.30271639042357273,2334,1102,22605,22573,9718,5114,12441,19799,48207,35606,0,0,10878,3091,10885,653,1504,65,1430,0,0,5673,65430,59,244,0,0,0,0,0
681,884,682.1424320004845,99907,2966,1470,79,10,20974,10060,0.3106288848629225,2469,1173,22285,22469,9952,5266,12247,19610,48211,35612,0,0,10771,3075,10826,670,1582,70,1519,0,0,6026,65068,59,241,0,0,0,0,0
682,884,683.0603286197241,99907,3083,1549,79,10,21515,10328,0.31872641556647685,2613,1202,21942,22388,10233,5412,12048,19437,48215,35618,0,0,10661,3054,10765,692,1664,76,1616,0,0,6395,64684,59,241,0,0,0,0,0
683,884,684.2994729320804,99905,3325,1695,81,10,22341,10725,0.3309744257044192,2717,1303,21532,22211,10598,5609,11745,19170,48219,35624,0,0,10522,3019,10670,728,1790,84,1742,0,0,6884,64168,58,240,0,0,0,0,0
684,884,685.2395116513593,99904,3529,1778,82,10,22973,11042,0.34047685778347214,2834,1366,21204,22071,10857,5793,11492,18980,48223,35630,0,0,10410,2989,10603,754,1874,95,1845,0,0,7284,63753,58,239,0,0,0,0,0
685,884,686.1892729587771,99901,3741,1893,84,11,23675,11391,0.35100749742244824,2949,1417,20866,21965,11138,5975,11220,18737,48227,35636,0,0,10268,2957,10535,786,1967,102,1971,0,0,7708,63315,58,234,0,0,0,0,0
686,884,687.1488423361201,99899,3922,2013,86,11,24375,11751,0.36162524149390884,3084,1493,20482,21841,11451,6163,10973,18477,48231,35642,0,0,10136,2923,10465,831,2075,105,2076,0,0,8145,62854,58,231,0,0,0,0,0
687,884,688.1211731056852,99895,4088,2132,90,11,25088,12139,0.372661294359077,3237,1584,20086,21675,11769,6372,10728,18224,48235,35648,0,0,10004,2888,10380,864,2188,116,2192,0,0,8630,62345,58,230,0,0,0,0,0
688,884,689.1074177375947,99891,4304,2233,93,12,25901,12540,0.3848294641158863,3331,1661,19661,21508,12127,6607,10482,17977,48239,35654,0,0,9864,2854,10292,895,2317,127,2316,0,0,9157,61782,57,230,0,0,0,0,0
689,884,690.1092497493228,99888,4551,2332,95,13,26763,12971,0.39778551978215604,3427,1732,19219,21334,12493,6869,10213,17718,48243,35660,0,0,9714,2808,10201,946,2447,137,2440,0,0,9711,61200,56,228,0,0,0,0,0
690,884,691.1279731707316,99883,4745,2398,99,14,27648,13400,0.4109608241642722,3579,1862,18749,21129,12884,7151,9942,17444,48247,35665,0,0,9549,2754,10088,1002,2614,147,2585,0,0,10302,60563,56,223,0,0,0,0,0
691,884,692.1661760216366,99881,4956,2532,101,14,28602,13886,0.4253862095894114,3688,1951,18267,20928,13350,7426,9636,17147,48251,35670,0,0,9357,2699,9981,1065,2768,156,2752,0,0,10924,59903,56,220,0,0,0,0,0
692,884,693.2252375307495,99878,5243,2676,103,15,29611,14428,0.4409279320771341,3803,2045,17774,20697,13752,7705,9323,16860,48255,35675,0,0,9188,2652,9874,1122,2918,171,2897,0,0,11585,59198,55,218,0,0,0,0,0
693,884,694.3064611023505,99875,5502,2817,105,16,30672,14979,0.457081351689612,3928,2114,17213,20476,14210,8013,9040,16562,48259,35680,0,0,9001,2594,9748,1189,3100,187,3059,0,0,12268,58464,52,213,0,0,0,0,0
694,884,695.0418654019777,99875,5574,2918,105,16,31373,15378,0.46809511889862326,4039,2132,16855,20328,14589,8227,8836,16377,48263,35685,0,0,8845,2564,9661,1207,3252,200,3202,0,0,12775,57905,52,212,0,0,0,0,0
695,884,696.1689999473068,99875,5749,2995,105,16,32490,15941,0.48491614518147685,4181,2299,16325,20048,15137,8571,8501,16069,48266,35690,0,0,8645,2512,9505,1278,3485,228,3358,0,0,13547,57055,51,211,0,0,0,0,0
696,884,697.3267704387176,99870,5955,3155,107,19,33698,16572,0.5033543606688695,4267,2423,15771,19768,15724,8894,8174,15739,48269,35695,0,0,8443,2440,9386,1369,3710,249,3514,0,0,14340,56161,51,207,0,0,0,0,0
697,884,698.1168389992492,99866,6138,3270,110,20,34534,17038,0.5164119920693729,4352,2470,15412,19591,16059,9152,7927,15495,48272,35700,0,0,8287,2394,9298,1436,3855,267,3635,0,0,14868,55568,51,207,0,0,0,0,0
698,884,699.280414823193,99860,6425,3386,113,23,35801,17704,0.5358001201682355,4433,2550,14850,19351,16544,9533,7633,15155,48275,35705,0,0,8077,2341,9151,1502,4132,290,3811,0,0,15652,54652,50,202,0,0,0,0,0
699,884,700.0328487472523,99857,6565,3527,116,23,36637,18179,0.5489449913376128,4481,2626,14498,19151,16915,9761,7423,14910,48278,35710,0,0,7933,2297,9061,1568,4307,307,3913,0,0,16166,54056,48,201,0,0,0,0,0
700,884,701.1257886938566,99853,6829,3693,120,23,37903,18870,0.5685657917138193,4453,2689,14039,18880,17424,10129,7133,14584,48281,35715,0,0,7734,2245,8927,1648,4575,340,4061,0,0,16923,53156,48,196,0,0,0,0,0
701,884,702.1807248554022,99851,6927,3849,122,23,39074,19547,0.5870847562868674,4599,2779,13517,18587,18009,10500,6824,14260,48284,35720,0,0,7526,2196,8791,1714,4832,370,4226,0,0,17782,52173,48,193,0,0,0,0,0
702,884,703.1966286160504,99847,7091,4014,125,24,40224,20258,0.6057467925926667,4680,2821,13072,18293,18455,10893,6575,13953,48287,35725,0,0,7332,2140,8656,1793,5097,415,4369,0,0,18513,51296,47,189,0,0,0,0,0
703,884,704.181953924875,99842,7257,4116,129,25,41407,20910,0.6241561667434546,4748,2875,12638,18018,18910,11278,6316,13686,48290,35730,0,0,7148,2088,8500,1863,5406,452,4500,0,0,19257,50396,46,186,0,0,0,0,0
704,884,705.1397483854804,99837,7412,4149,134,25,42538,21553,0.6419563889139297,4742,2949,12226,17758,19385,11705,6099,13412,48293,35735,0,0,6964,2049,8346,1938,5737,486,4613,0,0,19980,49497,46,181,0,0,0,0,0
705,884,706.0708149169795,99835,7479,4215,135,26,43624,22202,0.6593479240747233,4807,2950,11800,17545,19888,12100,5889,13162,48296,35739,0,0,6765,1985,8205,2021,6039,536,4765,0,0,20694,48603,46,176,0,0,0,0,0
706,884,707.2733502658778,99827,7698,4396,140,29,45113,23120,0.6835124765844912,4799,2948,11297,17190,20478,12614,5586,12821,48299,35743,0,0,6491,1918,8035,2104,6429,601,4977,0,0,21539,47517,46,170,0,0,0,0,0
707,884,708.1487105204611,99823,7841,4443,141,32,46205,23743,0.7007202748865492,4790,3004,10950,16929,20922,13021,5354,12569,48302,35747,0,0,6325,1874,7910,2181,6719,652,5080,0,0,22217,46653,45,167,0,0,0,0,0
708,884,709.0033447543651,99819,7929,4604,144,33,47248,24415,0.7179294523086787,4805,3017,10623,16674,21344,13338,5153,12332,48305,35751,0,0,6146,1818,7798,2266,7000,704,5193,0,0,22817,45872,43,162,0,0,0,0,0
709,884,710.1143825263779,99813,8084,4715,150,33,48603,25286,0.740274312965245,4852,3021,10251,16405,21733,13802,4928,12022,48308,35755,0,0,5945,1765,7639,2371,7386,778,5301,0,0,23633,44793,43,159,0,0,0,0,0
710,884,711.1996750721906,99806,8162,4760,156,34,49916,26056,0.7611967216399815,4854,3087,9882,16125,22246,14258,4698,11734,48311,35759,0,0,5727,1695,7473,2462,7791,858,5445,0,0,24396,43763,40,156,0,0,0,0,0
711,884,712.2588764428231,99803,8274,4878,158,35,51195,26865,0.7821408174102983,4874,3093,9501,15850,22678,14695,4513,11447,48314,35763,0,0,5553,1627,7322,2557,8173,947,5537,0,0,25109,42786,38,154,0,0,0,0,0
712,884,713.0376703488569,99802,8290,4932,158,36,52114,27442,0.7971383339011242,4886,3167,9247,15631,23054,15016,4363,11216,48317,35767,0,0,5423,1590,7196,2610,8507,1004,5601,0,0,25646,42035,38,152,0,0,0,0,0
713,884,714.0546436318491,99799,8343,5010,161,36,53355,28230,0.8174931612541207,4913,3185,8871,15381,23527,15444,4183,10942,48320,35771,0,0,5235,1537,7047,2686,8951,1092,5716,0,0,26285,41071,35,144,0,0,0,0,0
714,884,715.0498043694573,99792,8363,5033,165,39,54578,28971,0.837231441398108,4968,3252,8572,15108,23944,15862,3986,10704,48323,35775,0,0,5036,1489,6908,2766,9386,1182,5818,0,0,26926,40106,35,140,0,0,0,0,0
715,884,716.0262242316704,99787,8354,5104,168,41,55769,29751,0.8570254642388287,4995,3245,8297,14848,24379,16305,3805,10455,48326,35779,0,0,4846,1433,6762,2854,9841,1274,5917,0,0,27518,39172,34,136,0,0,0,0,0
716,884,717.2209122428916,99781,8372,5151,172,43,57229,30675,0.8809693228169692,4964,3242,7952,14580,24916,16840,3622,10142,48329,35783,0,0,4624,1366,6572,2968,10446,1376,6023,0,0,28176,38071,31,128,0,0,0,0,0
717,884,718.1580893964648,99778,8452,5219,175,43,58396,31436,0.9003187075307182,4885,3227,7728,14320,25288,17269,3470,9920,48332,35787,0,0,4451,1318,6420,3057,10893,1465,6104,0,0,28686,37227,31,126,0,0,0,0,0
718,884,719.0809356548195,99775,8411,5182,177,44,59502,32139,0.9184765722876472,4870,3243,7501,14097,25712,17743,3327,9689,48335,35791,0,0,4290,1273,6270,3143,11371,1577,6162,0,0,29182,36353,31,123,0,0,0,0,0
719,884,720.214733566075,99768,8407,5244,183,45,60835,33049,0.9410231737631305,4843,3192,7242,13800,26160,18271,3163,9446,48337,35795,0,0,4105,1204,6071,3243,11924,1709,6239,0,0,29770,35353,30,120,0,0,0,0,0
720,884,721.1078505007226,99760,8404,5256,190,46,61917,33740,0.9588712910986368,4751,3177,7048,13610,26551,18689,3054,9220,48339,35799,0,0,3966,1160,5933,3323,12338,1825,6272,0,0,30265,34532,30,116,0,0,0,0,0
721,884,722.2092700089394,99755,8458,5234,193,48,63261,34590,0.9809132374317077,4603,3108,6892,13380,26923,19253,2929,8975,48341,35803,0,0,3781,1122,5781,3408,12862,1987,6326,0,0,30760,33583,29,116,0,0,0,0,0
722,884,723.0800655854538,99751,8502,5272,194,51,64303,35273,0.9982456316227406,4480,3057,6719,13199,27267,19623,2836,8796,48343,35807,0,0,3639,1091,5657,3472,13289,2101,6379,0,0,31125,32856,29,113,0,0,0,0,0
723,884,724.1550844585573,99748,8453,5294,197,51,65512,36084,1.0185266872518748,4435,2996,6531,13012,27678,20075,2704,8570,48345,35811,0,0,3493,1044,5503,3566,13843,2242,6400,0,0,31551,31971,25,110,0,0,0,0,0
724,884,725.0047284526667,99744,8379,5263,198,54,66471,36711,1.034468238691049,4377,2994,6395,12851,28047,20418,2602,8418,48347,35814,0,0,3367,1011,5411,3629,14257,2365,6431,0,0,31927,31215,23,108,0,0,0,0,0
725,884,726.0537718304753,99741,8261,5319,200,55,67603,37521,1.053969781734693,4343,2943,6225,12628,28464,20815,2505,8238,48349,35817,0,0,3224,962,5268,3716,14839,2515,6455,0,0,32225,30409,23,105,0,0,0,0,0
726,884,727.0901779970201,99734,8185,5258,202,60,68723,38293,1.0730142178193995,4330,2913,6070,12458,28832,21258,2379,8051,48351,35820,0,0,3083,920,5134,3787,15355,2707,6485,0,0,32543,29597,21,102,0,0,0,0,0
727,884,728.1153745053559,99729,8146,5298,205,62,69854,39084,1.0923402420559716,4243,2820,5940,12275,29186,21671,2278,7872,48353,35823,0,0,2975,877,5021,3867,15845,2892,6472,0,0,32834,28823,21,102,0,0,0,0,0
728,884,729.1311010541453,99724,8068,5240,207,65,70923,39815,1.1104448277245196,4215,2795,5821,12101,29518,22090,2169,7707,48355,35826,0,0,2843,842,4893,3954,16404,3054,6477,0,0,33066,28073,21,97,0,0,0,0,0
729,884,730.137467608413,99716,8058,5172,209,71,72026,40509,1.128555096473986,4112,2779,5694,11941,29844,22509,2081,7526,48357,35829,0,0,2711,815,4800,4037,16851,3240,6481,0,0,33342,27324,20,95,0,0,0,0,0
730,884,731.1350637377701,99712,8053,5151,213,71,73063,41231,1.1462411745827985,4038,2726,5580,11763,30112,22909,2002,7378,48359,35832,0,0,2609,786,4693,4082,17321,3415,6485,0,0,33596,26613,19,93,0,0,0,0,0
731,884,732.1250038568569,99708,7859,5085,214,74,74025,41870,1.162344044610262,3989,2677,5465,11660,30536,23284,1935,7218,48361,35835,0,0,2480,751,4585,4148,17798,3625,6497,0,0,33768,25948,17,91,0,0,0,0,0
732,884,733.1058197887577,99704,7714,4987,216,76,74996,42509,1.1785384738826927,3976,2626,5373,11603,30866,23646,1853,7060,48363,35838,0,0,2382,726,4485,4194,18263,3828,6483,0,0,34012,25224,16,91,0,0,0,0,0
733,884,734.079758930674,99702,7612,4892,218,76,75971,43133,1.1945999077250207,3876,2639,5306,11487,31210,24000,1776,6904,48365,35841,0,0,2283,691,4383,4287,18682,4049,6450,0,0,34200,24572,16,89,0,0,0,0,0
734,884,735.0461551336092,99698,7509,4858,221,77,76905,43747,1.2101747276775863,3808,2598,5222,11392,31510,24304,1728,6769,48367,35844,0,0,2188,662,4299,4333,19130,4237,6446,0,0,34350,23950,15,88,0,0,0,0,0
735,884,736.0063524284167,99696,7340,4860,223,77,77772,44378,1.2252246830364308,3836,2566,5150,11313,31794,24569,1655,6613,48369,35847,0,0,2098,629,4190,4418,19557,4462,6417,0,0,34397,23427,15,86,0,0,0,0,0
736,884,737.1507610111468,99694,7198,4844,225,77,78835,45102,1.2431741127851226,3719,2511,5136,11193,32138,24903,1582,6470,48371,35850,0,0,2015,597,4068,4499,20063,4709,6353,0,0,34522,22771,14,83,0,0,0,0,0
737,884,738.0988583865709,99691,7133,4785,226,79,79726,45687,1.258017273374728,3603,2489,5098,11119,32401,25195,1537,6331,48373,35853,0,0,1942,582,3982,4507,20558,4901,6320,0,0,34540,22262,14,83,0,0,0,0,0
738,884,739.041669374908,99688,7036,4672,228,80,80589,46254,1.2723998876494664,3512,2443,5057,11048,32673,25540,1492,6215,48375,35856,0,0,1874,568,3879,4524,20967,5155,6288,0,0,34583,21756,13,81,0,0,0,0,0
739,884,740.1686361795424,99683,7002,4572,230,83,81617,46942,1.2896782801480693,3434,2367,5009,10962,32891,25936,1432,6078,48377,35859,0,0,1777,545,3766,4581,21482,5385,6261,0,0,34648,21146,11,81,0,0,0,0,0
740,884,741.1043875045581,99680,6877,4505,232,84,82408,47513,1.3033808186195828,3382,2343,4987,10868,33119,26233,1401,5965,48379,35862,0,0,1715,529,3677,4609,21893,5623,6220,0,0,34643,20682,11,78,0,0,0,0,0
741,884,742.0362673538401,99678,6783,4432,234,84,83225,48020,1.3166897409659102,3248,2322,4959,10784,33418,26517,1356,5859,48381,35865,0,0,1650,508,3621,4654,22240,5857,6184,0,0,34661,20217,11,75,0,0,0,0,0
742,884,743.1488196176284,99674,6619,4432,235,87,84106,48687,1.3322732106667736,3227,2222,4952,10732,33661,26772,1304,5753,48383,35868,0,0,1573,482,3544,4717,22683,6115,6128,0,0,34622,19726,10,74,0,0,0,0,0
743,884,744.0728761057767,99670,6562,4295,238,88,84856,49158,1.3445771044446675,3135,2247,4958,10669,33827,27053,1278,5646,48385,35871,0,0,1534,465,3463,4743,23057,6337,6075,0,0,34603,19312,10,71,0,0,0,0,0
744,884,745.1789973748317,99669,6434,4216,238,89,85721,49789,1.359600276916594,3068,2137,4969,10612,34048,27404,1241,5540,48387,35874,0,0,1479,443,3371,4794,23517,6588,6006,0,0,34581,18814,9,67,0,0,0,0,0
745,884,746.0988002336845,99668,6365,4124,238,90,86435,50242,1.3713227916683388,3020,2116,4960,10589,34204,27621,1211,5458,48389,35877,0,0,1438,432,3308,4803,23876,6812,5961,0,0,34506,18460,9,63,0,0,0,0,0
746,884,747.0163511301008,99665,6222,4001,240,91,87139,50678,1.3828023879997993,2950,2127,4957,10509,34455,27894,1174,5376,48391,35880,0,0,1382,414,3241,4825,24215,7064,5927,0,0,34438,18090,7,62,0,0,0,0,0
747,884,748.1133233298018,99661,6066,3985,240,95,87937,51276,1.3968653736165602,2880,1999,4947,10471,34732,28166,1133,5282,48393,35883,0,0,1322,399,3185,4831,24557,7360,5887,0,0,34380,17672,7,61,0,0,0,0,0
748,884,749.0245653166917,99658,5964,3890,242,96,88617,51708,1.4080655842983,2836,1982,4939,10435,34914,28386,1103,5209,48395,35886,0,0,1273,386,3123,4846,24887,7577,5860,0,0,34335,17304,6,61,0,0,0,0,0
749,884,750.1151169162088,99655,5875,3787,244,97,89390,52258,1.4213837740203703,2769,1893,4953,10409,35089,28685,1068,5127,48397,35889,0,0,1222,374,3054,4870,25209,7872,5803,0,0,34277,16910,5,59,0,0,0,0,0
750,884,751.0226558517543,99655,5724,3738,244,97,89978,52682,1.4315388088906729,2799,1834,4975,10383,35206,28891,1050,5055,48399,35892,0,0,1196,365,3004,4883,25485,8107,5734,0,0,34202,16616,5,58,0,0,0,0,0
751,884,752.1108193572763,99653,5608,3646,246,97,90746,53163,1.444101030576099,2732,1773,4989,10361,35398,29151,1025,4970,48401,35895,0,0,1150,350,2940,4895,25847,8376,5681,0,0,34087,16265,4,58,0,0,0,0,0
752,884,753.0160003880885,99651,5501,3609,247,98,91351,53592,1.4545062267312923,2663,1741,5010,10315,35580,29336,997,4899,48403,35897,0,0,1114,343,2892,4909,26139,8598,5639,0,0,33979,15976,4,58,0,0,0,0,0
753,884,754.0995523103201,99646,5403,3464,248,102,92102,54060,1.4668125163077295,2525,1697,5040,10304,35810,29599,972,4832,48405,35899,0,0,1074,327,2834,4931,26523,8862,5580,0,0,33827,15627,4,57,0,0,0,0,0
754,884,755.0008333998528,99644,5243,3375,249,103,92645,54421,1.4759142547468989,2472,1683,5077,10283,36003,29791,954,4763,48407,35901,0,0,1043,316,2786,4950,26758,9112,5531,0,0,33727,15360,4,57,0,0,0,0,0
755,884,756.0806782705189,99640,5168,3322,252,104,93310,54868,1.487133681252509,2422,1685,5096,10283,36128,29917,932,4687,48409,35903,0,0,1013,307,2751,4962,27026,9371,5477,0,0,33603,15070,4,56,0,0,0,0,0
756,884,757.1587996203971,99637,4981,3298,254,105,93962,55344,1.4984995533787648,2396,1633,5118,10275,36348,30074,901,4613,48411,35905,0,0,973,299,2700,4965,27309,9649,5424,0,0,33494,14764,4,56,0,0,0,0,0
757,884,758.0550414166928,99637,4940,3265,254,105,94550,55713,1.5081044190411192,2317,1601,5157,10290,36445,30188,885,4549,48413,35907,0,0,950,290,2664,4962,27555,9858,5379,0,0,33376,14544,4,55,0,0,0,0,0
758,884,759.1299734504175,99634,4791,3165,256,106,95152,56129,1.5183672240399864,2284,1608,5199,10274,36601,30360,867,4485,48415,35909,0,0,916,283,2608,4987,27853,10114,5325,0,0,33217,14274,4,53,0,0,0,0,0
759,884,760.0248333065346,99633,4733,3124,256,107,95681,56466,1.5270743629118866,2223,1567,5218,10283,36713,30475,855,4442,48417,35911,0,0,892,280,2575,4981,28086,10306,5286,0,0,33112,14059,3,53,0,0,0,0,0
760,884,761.0967899485142,99630,4573,3065,257,109,96303,56874,1.5374585968081904,2142,1524,5246,10336,36947,30599,833,4365,48419,35913,0,0,863,271,2538,4984,28341,10598,5225,0,0,32933,13821,3,53,0,0,0,0,0
761,884,762.167092919713,99628,4479,3004,258,110,96881,57258,1.547145380816638,2111,1463,5303,10362,37028,30744,819,4315,48421,35915,0,0,837,263,2505,4976,28585,10841,5176,0,0,32799,13591,3,52,0,0,0,0,0
762,884,763.0589772083398,99626,4374,2964,258,112,97344,57601,1.5552666974484572,2081,1433,5348,10374,37131,30839,806,4276,48423,35917,0,0,818,258,2467,4979,28738,11078,5135,0,0,32709,13391,2,51,0,0,0,0,0
763,884,764.1288151605933,99621,4222,2881,261,114,97930,57974,1.564971241003403,2009,1415,5396,10397,37319,30974,791,4217,48425,35919,0,0,800,250,2431,4993,28906,11385,5052,0,0,32585,13167,2,50,0,0,0,0,0
764,884,765.0190672001883,99616,4150,2837,265,115,98368,58294,1.5726590106007068,1938,1403,5447,10409,37420,31069,778,4165,48426,35921,0,0,782,245,2407,4984,29079,11571,5010,0,0,32502,12984,2,50,0,0,0,0,0
765,884,766.0868659154515,99613,4051,2777,266,117,98910,58655,1.5817714555329123,1882,1358,5522,10444,37513,31190,764,4112,48427,35923,0,0,762,239,2379,4991,29281,11819,4953,0,0,32360,12777,2,50,0,0,0,0,0
766,884,767.1550291333365,99612,3930,2716,267,117,99424,59019,1.5906015339517328,1836,1374,5627,10451,37589,31297,749,4043,48428,35925,0,0,741,236,2342,4984,29511,12074,4900,0,0,32176,12597,2,49,0,0,0,0,0
767,884,768.045463023435,99611,3872,2662,268,117,99867,59321,1.5980965957574966,1791,1351,5685,10491,37646,31379,736,3998,48429,35927,0,0,722,229,2316,4976,29671,12286,4869,0,0,32041,12450,2,49,0,0,0,0,0
768,884,769.1141188767457,99609,3772,2626,269,118,100331,59674,1.6063307532451887,1758,1328,5718,10492,37753,31484,728,3950,48430,35929,0,0,703,223,2286,4977,29824,12526,4823,0,0,31916,12281,2,48,0,0,0,0,0
769,884,770.0044700997339,99605,3709,2548,272,119,100742,59938,1.6131720295165906,1734,1313,5769,10495,37796,31612,718,3911,48431,35931,0,0,688,220,2260,4972,29935,12748,4787,0,0,31805,12141,2,47,0,0,0,0,0
770,884,771.073320636428,99604,3628,2518,273,119,101204,60304,1.6215011445323482,1698,1236,5818,10545,37868,31719,713,3861,48432,35933,0,0,658,216,2233,4962,30075,13001,4761,0,0,31661,11988,2,47,0,0,0,0,0
771,884,772.1427863128398,99602,3556,2435,273,121,101673,60613,1.6293447922732476,1647,1219,5885,10548,37936,31851,701,3824,48433,35935,0,0,645,210,2208,4971,30212,13250,4711,0,0,31523,11824,2,46,0,0,0,0,0
772,884,773.0343313311471,99600,3501,2428,274,122,102054,60900,1.6360843373493976,1644,1154,5941,10590,37946,31909,692,3795,48434,35937,0,0,631,207,2187,4956,30331,13431,4674,0,0,31456,11680,2,45,0,0,0,0,0
773,884,774.105345754643,99598,3413,2357,276,122,102472,61196,1.6432860097592321,1621,1133,5989,10626,38019,32008,680,3752,48435,35939,0,0,618,205,2168,4938,30499,13643,4632,0,0,31318,11532,1,44,0,0,0,0,0
774,884,775.175973357603,99598,3306,2324,276,122,102923,61501,1.6508765236249723,1562,1091,6049,10675,38140,32071,665,3715,48436,35941,0,0,606,204,2142,4922,30639,13883,4590,0,0,31202,11367,1,42,0,0,0,0,0
775,884,776.0680129326963,99597,3261,2273,277,122,103276,61736,1.6567968914726348,1536,1067,6106,10708,38159,32146,659,3682,48437,35943,0,0,595,201,2122,4918,30730,14070,4560,0,0,31120,11238,1,42,0,0,0,0,0
776,884,777.1393154098897,99596,3153,2205,278,122,103671,61993,1.6633599742961565,1470,1049,6196,10753,38250,32221,651,3648,48438,35945,0,0,588,195,2096,4915,30846,14295,4514,0,0,31005,11099,1,42,0,0,0,0,0
777,884,778.0329236147325,99594,3072,2152,279,123,103974,62236,1.6688756350784184,1489,1015,6262,10787,38255,32302,641,3619,48439,35947,0,0,580,193,2080,4913,30957,14469,4481,0,0,30911,10967,1,42,0,0,0,0,0
778,884,779.1061094626438,99593,3021,2080,280,123,104381,62500,1.675629813340295,1437,1004,6323,10834,38304,32378,633,3579,48440,35949,0,0,566,192,2063,4907,31107,14659,4441,0,0,30797,10820,1,40,0,0,0,0,0
779,884,780.0010225250174,99593,2977,2080,280,123,104731,62734,1.6814936792746478,1394,963,6389,10898,38330,32388,628,3546,48441,35951,0,0,563,190,2047,4882,31236,14817,4405,0,0,30699,10713,1,40,0,0,0,0,0
780,884,781.0758384642257,99591,2890,2035,280,125,105071,62989,1.687501882700244,1432,947,6436,10957,38341,32428,619,3506,48442,35953,0,0,553,188,2026,4884,31307,15024,4364,0,0,30609,10595,1,40,0,0,0,0,0
781,884,782.1516872780418,99589,2853,1964,280,127,105444,63235,1.6937513179166375,1390,919,6514,11019,38353,32503,608,3466,48443,35955,0,0,536,183,2011,4879,31380,15245,4340,0,0,30493,10481,1,40,0,0,0,0,0
782,884,783.0491079905204,99587,2774,1921,280,129,105730,63436,1.6986755299386467,1366,927,6583,11095,38391,32491,604,3435,48444,35957,0,0,532,180,1991,4863,31476,15410,4304,0,0,30398,10392,1,40,0,0,0,0,0
783,884,784.1264736878086,99584,2685,1887,281,131,106085,63678,1.7047216420308484,1359,916,6662,11159,38413,32501,598,3404,48445,35959,0,0,523,178,1970,4832,31571,15629,4281,0,0,30257,10303,1,39,0,0,0,0,0
784,884,785.0250012086442,99583,2652,1837,281,132,106377,63866,1.7095588604480685,1308,899,6725,11221,38441,32532,591,3377,48446,35961,0,0,520,175,1956,4838,31665,15774,4252,0,0,30156,10207,1,39,0,0,0,0,0
785,884,786.1044801051415,99583,2610,1790,281,132,106729,64102,1.7154634827229547,1262,878,6808,11279,38452,32580,585,3339,48447,35963,0,0,513,174,1935,4823,31736,15980,4220,0,0,30052,10110,1,39,0,0,0,0,0
786,884,787.0052743306632,99583,2555,1713,281,132,107007,64267,1.7199120331783537,1235,897,6897,11322,38451,32625,579,3309,48448,35965,0,0,502,173,1918,4809,31825,16140,4194,0,0,29954,10028,1,39,0,0,0,0,0
787,884,788.087865879196,99582,2481,1667,282,132,107329,64494,1.725442349018899,1215,890,6993,11364,38452,32663,575,3282,48449,35967,0,0,493,169,1894,4809,31913,16318,4151,0,0,29875,9920,1,39,0,0,0,0,0
788,884,789.1717224628298,99581,2439,1678,283,132,107672,64762,1.7315953846617327,1201,842,7065,11434,38441,32667,569,3245,48450,35969,0,0,485,166,1879,4806,31979,16512,4120,0,0,29766,9829,1,38,0,0,0,0,0
789,884,790.0761909316071,99580,2360,1641,283,133,107899,64935,1.735629644506929,1212,816,7136,11495,38440,32693,567,3220,48451,35971,0,0,478,165,1870,4791,32046,16656,4096,0,0,29694,9745,1,38,0,0,0,0,0
790,884,791.1630727829415,99578,2332,1614,284,134,108233,65160,1.7412781939785897,1169,787,7223,11562,38430,32712,560,3189,48452,35973,0,0,470,160,1857,4776,32137,16827,4072,0,0,29589,9653,1,36,0,0,0,0,0
791,884,792.0698892185255,99577,2281,1565,285,134,108511,65327,1.7457645841911285,1106,763,7292,11638,38473,32731,561,3167,48453,35975,0,0,465,160,1845,4751,32176,16995,4049,0,0,29538,9562,1,35,0,0,0,0,0
792,884,793.1592388785969,99577,2237,1533,285,134,108787,65541,1.75068539923878,1079,733,7377,11706,38461,32752,559,3140,48454,35977,0,0,460,153,1828,4738,32267,17155,4031,0,0,29412,9497,1,35,0,0,0,0,0
793,884,794.0684032462734,99575,2164,1473,287,134,109029,65710,1.7548481044438866,1051,714,7460,11759,38482,32807,554,3111,48455,35979,0,0,453,152,1815,4729,32339,17306,4001,0,0,29326,9418,1,35,0,0,0,0,0
794,884,795.1607990833573,99574,2123,1461,288,134,109304,65922,1.759756562958202,1034,683,7546,11837,38457,32794,550,3089,48456,35981,0,0,449,150,1805,4722,32399,17456,3971,0,0,29258,9329,1,34,0,0,0,0,0
795,884,796.0723153807814,99571,2102,1445,289,136,109563,66080,1.7639975494873006,969,676,7635,11878,38455,32793,548,3070,48457,35983,0,0,445,149,1791,4717,32453,17590,3950,0,0,29164,9277,1,34,0,0,0,0,0
796,884,797.1676825753653,99570,2038,1384,289,137,109820,66265,1.7684543537210002,971,673,7718,11947,38443,32814,539,3043,48458,35985,0,0,443,148,1777,4707,32533,17750,3917,0,0,29069,9192,1,33,0,0,0,0,0
797,884,798.0821588302293,99570,2003,1374,289,137,110041,66423,1.772260721100733,938,634,7806,12025,38424,32804,538,3024,48459,35987,0,0,438,144,1761,4697,32601,17864,3902,0,0,29000,9129,1,33,0,0,0,0,0
798,884,799.1813414349913,99568,1953,1342,290,138,110287,66605,1.7765948899244737,908,629,7909,12085,38400,32804,538,3000,48460,35989,0,0,434,140,1751,4694,32655,18022,3874,0,0,28898,9066,1,33,0,0,0,0,0
799,884,800.0986498307151,99567,1915,1318,290,139,110499,66763,1.7803288238070847,884,616,7978,12172,38394,32782,537,2971,48461,35991,0,0,426,138,1745,4676,32717,18142,3862,0,0,28822,9005,1,33,0,0,0,0,0
800,884,801.0171869972414,99567,1857,1280,290,139,110706,66912,1.783904305643436,853,580,8057,12261,38408,32789,533,2949,48462,35993,0,0,419,135,1738,4669,32727,18292,3848,0,0,28769,8936,1,33,0,0,0,0,0
801,884,802.121112824525,99566,1797,1262,290,140,110930,67087,1.7879296145270474,847,551,8153,12328,38382,32780,529,2937,48463,35995,0,0,416,131,1725,4654,32783,18433,3821,0,0,28698,8872,1,32,0,0,0,0,0
802,884,803.0424261570935,99566,1733,1204,290,140,111129,67212,1.7911837374204045,832,541,8208,12422,38409,32770,526,2921,48464,35997,0,0,413,129,1709,4657,32827,18559,3787,0,0,28644,8808,1,32,0,0,0,0,0
803,884,804.1488852833825,99564,1661,1149,291,141,111337,67343,1.7946245630950945,817,537,8315,12502,38391,32775,523,2894,48465,35999,0,0,407,126,1697,4650,32855,18714,3767,0,0,28563,8752,1,32,0,0,0,0,0
804,884,805.072624157118,99564,1616,1124,291,141,111523,67463,1.7976979631191996,794,524,8383,12572,38393,32761,521,2876,48466,36001,0,0,406,126,1689,4640,32900,18827,3751,0,0,28486,8707,1,31,0,0,0,0,0
805,884,806.1826069507774,99562,1594,1100,292,142,111739,67613,1.8014101765733914,777,516,8470,12663,38344,32713,521,2864,48467,36003,0,0,398,125,1685,4629,32924,18969,3736,0,0,28396,8669,1,30,0,0,0,0,0
806,884,807.1094613077828,99562,1600,1089,292,142,111923,67740,1.804533858299351,758,497,8566,12747,38262,32680,520,2843,48468,36004,0,0,392,124,1676,4623,32971,19056,3721,0,0,28340,8628,1,30,0,0,0,0,0
807,884,808.0384227702865,99561,1550,1032,292,143,112086,67842,1.807213668002531,748,491,8670,12823,38225,32678,513,2831,48469,36005,0,0,389,124,1667,4612,33006,19168,3705,0,0,28283,8577,1,29,0,0,0,0,0
808,884,809.1555431083249,99560,1511,1036,293,143,112292,67984,1.8107271996785859,710,468,8758,12925,38214,32612,512,2814,48470,36006,0,0,387,124,1657,4590,33051,19287,3690,0,0,28206,8538,1,29,0,0,0,0,0
809,884,810.0877110326031,99560,1469,989,293,143,112441,68077,1.813157894736842,706,481,8843,13011,38178,32589,509,2785,48471,36007,0,0,384,124,1650,4581,33086,19386,3680,0,0,28144,8495,1,29,0,0,0,0,0
810,884,811.0215618524013,99558,1470,964,294,144,112617,68185,1.8160469274191928,682,458,8910,13093,38135,32569,507,2770,48472,36008,0,0,381,122,1645,4566,33083,19500,3671,0,0,28104,8456,1,29,0,0,0,0,0
811,884,812.1437907523575,99557,1404,913,295,144,112794,68289,1.8188876723886818,692,479,8986,13192,38118,32525,503,2745,48473,36009,0,0,375,120,1638,4556,33116,19622,3652,0,0,28039,8409,1,29,0,0,0,0,0
812,884,813.0803547224675,99557,1396,922,295,144,112953,68401,1.821609731108812,681,459,9059,13258,38068,32481,499,2734,48474,36010,0,0,373,119,1631,4560,33135,19709,3633,0,0,27989,8378,1,29,0,0,0,0,0
813,884,814.0185407235576,99557,1372,886,295,144,113111,68513,1.82432174533182,641,445,9176,13322,38017,32481,497,2720,48475,36011,0,0,370,118,1622,4556,33170,19812,3615,0,0,27920,8344,1,29,0,0,0,0,0
814,884,815.1472559917904,99557,1366,880,295,144,113297,68646,1.8275259399138182,599,415,9293,13414,37954,32442,491,2703,48476,36012,0,0,369,118,1614,4544,33221,19905,3596,0,0,27855,8306,1,28,0,0,0,0,0
815,884,816.089615259316,99557,1302,861,295,144,113433,68744,1.829876352240425,586,404,9367,13472,37960,32431,488,2686,48477,36013,0,0,366,117,1610,4536,33244,20003,3581,0,0,27811,8260,1,28,0,0,0,0,0
816,884,817.0332017601104,99556,1284,832,296,144,113573,68832,1.8321849009602635,572,412,9454,13551,37905,32388,487,2671,48478,36014,0,0,365,117,1603,4534,33265,20087,3560,0,0,27771,8225,1,28,0,0,0,0,0
817,884,818.1677890591402,99555,1241,826,297,144,113738,68959,1.8351363567877053,553,364,9542,13653,37881,32355,484,2656,48479,36015,0,0,362,117,1590,4530,33254,20213,3544,0,0,27724,8193,1,27,0,0,0,0,0
818,884,819.114787121786,99554,1201,786,298,144,113870,69039,1.8372842879241418,545,368,9615,13735,37856,32327,483,2638,48480,36016,0,0,360,117,1584,4510,33261,20314,3532,0,0,27684,8164,1,27,0,0,0,0,0
819,884,820.063372425302,99551,1191,769,299,146,114015,69142,1.8398308404737271,519,354,9707,13818,37802,32294,480,2617,48481,36017,0,0,357,117,1578,4508,33287,20393,3521,0,0,27639,8123,1,27,0,0,0,0,0
820,884,821.0139165230574,99551,1170,734,299,146,114139,69223,1.8418900864883325,527,357,9779,13896,37745,32260,478,2605,48482,36018,0,0,356,116,1567,4492,33334,20468,3512,0,0,27583,8095,1,27,0,0,0,0,0
821,884,822.1568659581548,99550,1108,715,300,146,114287,69333,1.8445002511300854,521,335,9891,14017,37702,32207,476,2578,48483,36019,0,0,352,115,1558,4491,33340,20584,3492,0,0,27519,8071,1,27,0,0,0,0,0
822,884,823.1113117151363,99549,1071,702,300,147,114407,69410,1.8464977046479623,510,319,10000,14098,37645,32167,472,2565,48484,36020,0,0,351,114,1555,4479,33357,20664,3483,0,0,27474,8044,1,27,0,0,0,0,0
823,884,824.0679085013311,99549,1060,661,300,147,114540,69486,1.8485971732513637,481,308,10109,14187,37577,32139,471,2556,48485,36021,0,0,350,111,1552,4491,33378,20742,3466,0,0,27417,8014,1,27,0,0,0,0,0
824,884,825.0267359524893,99549,1017,632,300,147,114649,69558,1.8504153733337352,479,311,10187,14268,37545,32095,470,2545,48486,36022,0,0,347,111,1547,4478,33392,20826,3457,0,0,27378,7985,1,27,0,0,0,0,0
825,884,826.1795407559918,99549,1004,610,300,147,114781,69644,1.852605249676039,467,301,10301,14378,37457,32031,469,2531,48487,36023,0,0,344,111,1536,4469,33438,20894,3449,0,0,27331,7949,1,27,0,0,0,0,0
826,884,827.1426171508733,99548,993,588,300,148,114898,69705,1.8544119419777394,457,301,10367,14476,37412,31964,469,2521,48488,36024,0,0,341,110,1530,4453,33456,20964,3447,0,0,27295,7924,1,27,0,0,0,0,0
827,884,828.1075984630113,99547,982,585,301,148,114995,69790,1.8562588526022883,449,285,10481,14558,37316,31914,469,2508,48489,36025,0,0,338,110,1523,4454,33462,21032,3437,0,0,27262,7901,1,27,0,0,0,0,0
828,884,829.0753591969278,99546,964,562,301,149,115110,69853,1.8580656179052901,446,288,10596,14651,37223,31853,468,2495,48490,36026,0,0,338,110,1520,4449,33471,21102,3421,0,0,27229,7878,1,27,0,0,0,0,0
829,884,830.0456042387848,99546,925,537,301,149,115213,69910,1.8596729150342555,434,286,10693,14749,37181,31792,464,2485,48491,36027,0,0,337,109,1517,4437,33481,21176,3414,0,0,27201,7846,1,27,0,0,0,0,0
830,884,831.0179825563145,99546,885,538,301,149,115297,69976,1.8611797560926606,446,281,10790,14848,37115,31717,461,2465,48492,36028,0,0,334,109,1515,4433,33489,21244,3408,0,0,27152,7834,1,27,0,0,0,0,0
831,884,832.1874139429989,99546,865,517,301,149,115417,70054,1.8631687862897555,426,268,10895,14949,37050,31662,461,2453,48493,36029,0,0,331,109,1511,4426,33489,21325,3400,0,0,27122,7805,1,27,0,0,0,0,0
832,884,833.1639984279469,99546,826,509,301,149,115521,70126,1.8649368131316175,409,242,10973,15029,37028,31621,461,2448,48494,36030,0,0,331,109,1505,4414,33501,21397,3389,0,0,27093,7779,1,27,0,0,0,0,0
833,884,834.1422827426587,99546,818,512,301,149,115622,70183,1.866524019046471,393,234,11077,15108,36951,31561,458,2434,48495,36031,0,0,330,107,1502,4403,33485,21471,3383,0,0,27069,7768,1,27,0,0,0,0,0
834,884,835.1227821303424,99545,775,506,302,149,115710,70251,1.8681099000452057,399,212,11178,15201,36886,31498,458,2432,48496,36032,0,0,329,106,1500,4391,33481,21547,3375,0,0,27040,7748,1,27,0,0,0,0,0
835,884,836.1056860606913,99545,772,472,302,149,115804,70291,1.8694560249133558,397,216,11262,15300,36808,31447,457,2414,48497,36033,0,0,329,104,1496,4382,33512,21589,3364,0,0,27015,7726,1,27,0,0,0,0,0
836,884,837.090715667911,99545,747,480,302,149,115896,70353,1.8710030639409312,383,203,11345,15403,36766,31358,455,2405,48498,36034,0,0,326,104,1493,4370,33522,21644,3358,0,0,26988,7712,1,27,0,0,0,0,0
837,884,838.0774982097687,99543,709,474,302,151,115973,70406,1.872346624072009,380,219,11446,15500,36707,31257,454,2397,48499,36035,0,0,325,103,1493,4373,33509,21704,3347,0,0,26972,7690,1,26,0,0,0,0,0
838,884,839.0665511150413,99543,704,446,302,151,116068,70456,1.8738032809941432,360,229,11540,15559,36638,31221,454,2392,48500,36036,0,0,323,103,1490,4370,33510,21767,3339,0,0,26945,7669,1,26,0,0,0,0,0
839,884,840.0577427648093,99543,686,453,302,151,116141,70520,1.8751795706378147,347,210,11640,15664,36570,31141,453,2379,48501,36037,0,0,321,103,1487,4369,33531,21807,3329,0,0,26912,7657,1,26,0,0,0,0,0
840,884,841.0511083734743,99543,657,442,302,151,116218,70568,1.8764353093637924,358,215,11722,15743,36506,31078,453,2369,48502,36038,0,0,319,103,1486,4365,33536,21864,3319,0,0,26879,7645,1,26,0,0,0,0,0
841,884,842.0466785235174,99543,642,455,302,151,116295,70627,1.8778015530976564,349,193,11831,15832,36421,31006,453,2361,48503,36039,0,0,318,103,1486,4369,33545,21908,3310,0,0,26844,7633,1,26,0,0,0,0,0
842,884,843.0447480866588,99543,623,431,302,151,116378,70663,1.878997016364787,336,208,11927,15901,36357,30953,453,2354,48504,36040,0,0,315,102,1483,4367,33551,21962,3300,0,0,26819,7617,1,26,0,0,0,0,0
843,884,844.0453355102645,99543,629,420,302,151,116469,70713,1.8804134896476898,316,206,12050,15990,36251,30887,450,2344,48505,36041,0,0,315,102,1482,4363,33569,22002,3293,0,0,26796,7595,1,25,0,0,0,0,0
844,884,845.0487104632774,99543,611,396,302,151,116541,70759,1.881598907005013,311,207,12144,16090,36181,30821,449,2333,48506,36042,0,0,315,102,1480,4349,33576,22056,3291,0,0,26774,7574,1,25,0,0,0,0,0
845,884,846.0545878699096,99543,578,366,302,151,116601,70805,1.882663773444642,309,200,12244,16194,36117,30761,448,2326,48507,36043,0,0,314,102,1474,4344,33590,22111,3284,0,0,26745,7553,1,25,0,0,0,0,0
846,884,847.0630254786962,99543,573,352,302,151,116676,70856,1.8839295580804276,298,185,12363,16292,36016,30699,446,2319,48508,36044,0,0,313,102,1474,4341,33617,22149,3277,0,0,26711,7533,1,25,0,0,0,0,0
847,884,848.0746801640565,99543,576,342,302,151,116752,70897,1.8851049295279427,291,184,12467,16371,35917,30635,445,2315,48509,36045,0,0,313,102,1470,4336,33609,22202,3269,0,0,26693,7523,1,25,0,0,0,0,0
848,884,849.0890366519183,99543,564,349,302,151,116823,70944,1.8862903468852656,275,185,12582,16454,35831,30552,444,2307,48510,36046,0,0,313,102,1469,4331,33614,22243,3262,0,0,26676,7507,1,25,0,0,0,0,0
849,884,850.1062911913339,99543,531,340,302,151,116876,70989,1.8872748460464321,278,178,12697,16540,35749,30488,441,2301,48511,36047,0,0,313,102,1467,4331,33620,22286,3251,0,0,26655,7492,1,25,0,0,0,0,0
850,884,851.1263085182011,99543,514,338,302,151,116941,71034,1.8883798961252927,272,166,12800,16622,35671,30427,439,2294,48512,36048,0,0,312,102,1465,4329,33622,22328,3245,0,0,26633,7481,1,25,0,0,0,0,0
851,884,852.1488238570247,99543,506,337,302,151,117013,71077,1.8895351757531922,255,156,12900,16721,35597,30348,438,2285,48513,36049,0,0,310,102,1463,4325,33627,22370,3238,0,0,26614,7468,1,25,0,0,0,0,0
852,884,853.173813721452,99542,497,307,302,152,117080,71109,1.8905487131060257,248,157,12983,16808,35531,30294,437,2280,48514,36050,0,0,310,102,1462,4324,33638,22412,3231,0,0,26585,7452,1,25,0,0,0,0,0
853,884,854.201013201766,99542,488,316,302,152,117144,71155,1.891653774286231,232,156,13078,16906,35462,30196,436,2272,48515,36051,0,0,310,101,1460,4322,33637,22453,3224,0,0,26568,7441,1,25,0,0,0,0,0
854,884,855.024364927518,99542,465,311,302,152,117186,71189,1.8924172711016456,234,160,13150,16969,35411,30144,436,2262,48516,36052,0,0,310,101,1457,4317,33628,22497,3220,0,0,26553,7433,1,25,0,0,0,0,0
855,884,856.0557373476092,99541,458,302,303,152,117244,71220,1.8933303864739153,218,159,13280,17054,35304,30079,435,2252,48517,36053,0,0,310,99,1456,4320,33612,22542,3212,0,0,26537,7427,1,25,0,0,0,0,0
856,884,857.0903891699046,99541,433,299,303,152,117297,71263,1.8942948131925539,219,149,13379,17145,35229,30009,435,2244,48518,36054,0,0,310,98,1453,4306,33628,22581,3207,0,0,26519,7413,1,25,0,0,0,0,0
857,884,858.1280709633392,99541,425,284,303,152,117356,71295,1.89520900935293,209,156,13505,17243,35121,29930,435,2233,48519,36055,0,0,309,98,1450,4301,33636,22619,3200,0,0,26498,7404,1,25,0,0,0,0,0
858,884,859.1692628682864,99541,432,281,303,152,117414,71330,1.896143297736611,195,154,13629,17344,35005,29842,434,2225,48520,36056,0,0,309,98,1449,4301,33631,22654,3195,0,0,26478,7400,1,25,0,0,0,0,0
859,884,860.0044684703071,99541,421,279,303,152,117459,71357,1.89686661777559,175,148,13714,17422,34950,29779,435,2218,48521,36057,0,0,309,98,1447,4291,33654,22673,3193,0,0,26458,7392,1,25,0,0,0,0,0
860,884,861.051129770063,99541,404,282,303,152,117507,71400,1.897780813935966,180,131,13816,17517,34861,29703,434,2213,48522,36058,0,0,309,98,1445,4289,33653,22713,3186,0,0,26440,7382,1,25,0,0,0,0,0
861,884,862.1006871830774,99541,387,278,303,152,117559,71432,1.8986246873147747,185,122,13953,17618,34736,29623,434,2205,48523,36059,0,0,308,98,1442,4284,33653,22751,3183,0,0,26421,7375,1,25,0,0,0,0,0
862,884,863.1540420555771,99541,363,268,303,152,117599,71468,1.8993881918003637,192,120,14059,17705,34647,29556,434,2197,48524,36060,0,0,307,97,1434,4276,33670,22783,3181,0,0,26402,7365,1,25,0,0,0,0,0
863,884,864.2105213479817,99541,340,256,303,152,117645,71497,1.9001416501743,181,120,14175,17801,34566,29480,433,2189,48525,36061,0,0,307,97,1431,4269,33674,22822,3177,0,0,26385,7353,1,25,0,0,0,0,0
864,884,865.0580029492465,99540,332,252,304,152,117682,71527,1.9008338356439622,183,105,14256,17883,34490,29425,433,2181,48526,36062,0,0,305,97,1430,4265,33675,22849,3176,0,0,26375,7342,1,25,0,0,0,0,0
865,884,866.1199331027864,99539,327,236,304,153,117740,71554,1.9017068686645435,164,109,14357,17968,34415,29357,431,2175,48527,36063,0,0,305,97,1429,4263,33682,22883,3170,0,0,26347,7337,1,25,0,0,0,0,0
866,884,867.1847389153271,99538,313,234,305,153,117772,71583,1.9023388052803953,174,105,14474,18081,34302,29253,430,2172,48528,36064,0,0,305,97,1428,4262,33688,22909,3164,0,0,26329,7330,1,25,0,0,0,0,0
867,884,868.0390954981734,99538,300,231,305,153,117808,71609,1.9029616829753462,173,104,14560,18165,34229,29176,431,2169,48529,36065,0,0,305,97,1427,4255,33702,22931,3161,0,0,26310,7325,1,24,0,0,0,0,0
868,884,869.1096972073098,99538,293,235,305,153,117845,71652,1.903765396130121,173,88,14654,18254,34143,29112,430,2156,48530,36066,0,0,304,97,1425,4256,33703,22955,3157,0,0,26303,7313,1,24,0,0,0,0,0
869,884,870.183166009019,99538,286,209,305,153,117886,71673,1.904388273825072,166,94,14761,18353,34052,29040,428,2149,48531,36067,0,0,303,97,1425,4250,33706,22991,3154,0,0,26281,7306,1,24,0,0,0,0,0
870,884,871.0444752953819,99538,280,202,305,153,117916,71691,1.9048705017179368,167,95,14851,18434,33968,28970,427,2144,48532,36068,0,0,303,97,1425,4243,33710,23009,3150,0,0,26278,7298,1,24,0,0,0,0,0
871,884,872.1239754869584,99538,274,198,305,153,117957,71723,1.9056038899716692,157,91,14953,18510,33881,28914,428,2132,48533,36069,0,0,301,97,1423,4238,33714,23038,3150,0,0,26260,7292,1,24,0,0,0,0,0
872,884,873.2064266093168,99537,266,195,306,153,118002,71752,1.9063664767875264,148,83,15065,18599,33784,28848,429,2120,48534,36070,0,0,300,97,1420,4237,33729,23060,3146,0,0,26234,7289,1,24,0,0,0,0,0
873,884,874.074786295774,99537,260,178,306,153,118039,71767,1.9068888955865657,131,83,15135,18694,33737,28781,429,2109,48535,36071,0,0,299,97,1417,4233,33731,23086,3143,0,0,26231,7276,1,23,0,0,0,0,0
874,884,875.1628503567224,99537,258,180,306,153,118077,71799,1.9075921516621959,126,77,15261,18772,33619,28714,428,2102,48536,36072,0,0,297,97,1414,4228,33734,23109,3143,0,0,26223,7268,1,23,0,0,0,0,0
875,884,876.0362247596711,99537,248,176,306,153,118106,71813,1.9080241518229402,128,79,15365,18854,33522,28643,429,2093,48537,36073,0,0,296,97,1414,4222,33738,23126,3142,0,0,26216,7262,1,23,0,0,0,0,0
876,884,877.1314998447602,99536,251,159,307,153,118135,71832,1.9085255585918663,125,85,15474,18947,33412,28567,429,2087,48538,36074,0,0,295,97,1413,4221,33749,23141,3138,0,0,26205,7253,1,23,0,0,0,0,0
877,884,878.0103994261921,99536,243,164,307,153,118166,71854,1.9090580292557466,122,79,15576,19025,33323,28499,427,2078,48539,36075,0,0,295,97,1412,4217,33742,23166,3136,0,0,26199,7248,1,23,0,0,0,0,0
878,884,879.1121991320224,99535,227,159,307,154,118200,71875,1.909629778469885,112,72,15678,19136,33248,28402,426,2075,48540,36076,0,0,295,97,1409,4218,33744,23191,3128,0,0,26189,7240,1,23,0,0,0,0,0
879,884,880.2171811031611,99535,216,167,307,154,118230,71899,1.9101723012005827,117,60,15795,19241,33139,28306,424,2070,48541,36077,0,0,294,97,1409,4217,33743,23209,3125,0,0,26180,7237,1,23,0,0,0,0,0
880,884,881.1037361395393,99535,211,151,307,154,118257,71908,1.910533983021048,106,60,15883,19327,33068,28239,423,2067,48542,36078,0,0,294,97,1407,4218,33739,23231,3120,0,0,26173,7232,1,23,0,0,0,0,0
881,884,882.2149978865762,99535,203,146,307,154,118281,71929,1.9109860852966294,108,59,15995,19455,32963,28123,422,2061,48543,36079,0,0,294,97,1406,4218,33741,23249,3116,0,0,26169,7221,1,23,0,0,0,0,0
882,884,883.1065582872575,99535,203,136,307,154,118301,71936,1.9112573466619782,102,65,16100,19546,32863,28039,423,2058,48544,36080,0,0,294,97,1406,4220,33740,23264,3113,0,0,26159,7218,1,23,0,0,0,0,0
883,884,884.0008720755905,99535,195,129,307,154,118321,71955,1.9116491686341488,99,63,16188,19643,32786,27953,423,2056,48545,36081,0,0,294,95,1405,4222,33745,23283,3111,0,0,26141,7215,1,23,0,0,0,0,0
884,884,885.1221821139378,99535,190,126,307,154,118350,71972,1.9121113176269653,89,57,16312,19753,32677,27859,423,2049,48546,36082,0,0,294,95,1403,4219,33752,23298,3107,0,0,26134,7209,1,23,0,0,0,0,0
885,884,886.0220209127584,99534,180,121,308,154,118369,71982,1.9124218859887074,91,57,16394,19828,32601,27792,424,2046,48547,36083,0,0,294,95,1402,4214,33760,23310,3105,0,0,26123,7207,1,23,0,0,0,0,0
886,884,887.1501124979121,99534,182,116,308,154,118392,71999,1.9128237587156147,85,50,16521,19956,32481,27688,421,2034,48548,36084,0,0,294,95,1402,4215,33764,23323,3103,0,0,26114,7200,1,23,0,0,0,0,0
887,884,888.0556380839155,99534,178,109,308,154,118404,72012,1.9130749291699318,89,40,16607,20050,32396,27612,420,2033,48549,36085,0,0,293,95,1402,4214,33776,23328,3102,0,0,26106,7194,1,23,0,0,0,0,0
888,884,889.1911031398905,99534,186,113,308,154,118430,72029,1.9135069423513573,93,34,16715,20136,32276,27532,420,2029,48550,36086,0,0,293,94,1402,4213,33777,23338,3099,0,0,26105,7189,1,23,0,0,0,0,0
889,884,890.1024184185899,99534,182,99,308,154,118450,72040,1.9138183937147106,87,40,16812,20217,32189,27464,420,2024,48551,36087,0,0,293,94,1402,4215,33777,23357,3096,0,0,26095,7181,1,23,0,0,0,0,0
890,884,891.0163406068181,99534,171,92,308,154,118467,72049,1.9140796109872003,90,43,16911,20305,32099,27383,419,2021,48552,36088,0,0,293,94,1400,4213,33786,23368,3093,0,0,26084,7179,1,23,0,0,0,0,0
891,884,892.1626421232046,99534,173,94,308,154,118493,72066,1.9145116241686257,91,39,17045,20401,31962,27297,419,2013,48553,36089,0,0,293,94,1400,4212,33783,23381,3091,0,0,26085,7171,1,23,0,0,0,0,0
892,884,893.0829780933947,99534,171,84,308,154,118510,72074,1.9147627946229429,94,38,17127,20473,31880,27243,418,2006,48554,36090,0,0,293,94,1399,4212,33782,23396,3089,0,0,26080,7165,1,23,0,0,0,0,0
893,884,894.0058105386511,99534,170,87,308,154,118533,72081,1.9150641991681234,94,40,17209,20551,31799,27164,418,2002,48555,36091,0,0,293,94,1398,4209,33782,23407,3089,0,0,26074,7164,1,23,0,0,0,0,0
894,884,895.1628260449984,99534,181,82,308,154,118568,72089,1.915496212349549,77,47,17333,20658,31680,27058,419,1999,48556,36092,0,0,292,94,1395,4207,33784,23420,3089,0,0,26067,7162,1,23,0,0,0,0,0
895,884,896.0915575182947,99534,171,83,308,154,118581,72098,1.915717242349348,81,48,17430,20741,31589,26977,419,1995,48557,36093,0,0,292,94,1395,4204,33788,23430,3086,0,0,26061,7160,1,23,0,0,0,0,0
896,884,897.0230004587979,99534,154,82,308,154,118600,72109,1.9160186468945286,77,47,17544,20825,31497,26898,418,1992,48558,36094,0,0,292,94,1395,4196,33793,23446,3084,0,0,26055,7155,1,23,0,0,0,0,0
897,884,898.1913855255189,99534,150,86,308,154,118616,72126,1.9163501918942272,84,46,17662,20920,31376,26812,418,1980,48559,36095,0,0,291,94,1395,4193,33795,23455,3084,0,0,26054,7149,1,23,0,0,0,0,0
898,884,899.1293535341515,99534,158,80,308,154,118638,72135,1.9166616432575803,78,45,17750,21007,31286,26736,418,1976,48560,36096,0,0,291,93,1395,4194,33798,23463,3081,0,0,26050,7145,1,23,0,0,0,0,0
899,884,900.0700230811059,99534,161,82,308,154,118653,72144,1.9169027668937249,102,69,17804,21058,31206,26662,417,1973,48560,36096,0,0,291,93,1395,4192,33799,23469,3081,0,0,26047,7143,1,23,0,0,0,0,0
900,884,900.0700230811059,99534,168,81,308,154,118664,72145,1.917023328711797,98,70,17829,21084,31179,26639,416,1970,48560,36096,0,0,291,93,1395,4189,33800,23471,3081,0,0,26047,7143,1,23,0,0,0,0,0
901,884,901.0134947391239,99534,163,80,308,154,118682,72153,1.9172845459842869,102,70,17928,21165,31083,26567,414,1962,48560,36096,0,0,291,93,1395,4190,33797,23483,3077,0,2,26041,7141,1,23,0,0,0,0,0
902,884,902.1969708598397,99534,179,82,308,154,118720,72166,1.9177969337110936,84,78,18047,21288,30968,26444,412,1952,48560,36096,0,0,291,93,1394,4190,33800,23495,3075,0,5,26029,7138,1,23,0,0,0,0,0
903,884,903.1465625401261,99534,171,87,308,154,118738,72181,1.9181284787107924,83,75,18126,21364,30899,26373,411,1945,48560,36096,0,0,291,92,1394,4191,33797,23507,3073,0,11,26022,7132,1,23,0,0,0,0,0
904,884,904.0985837498256,99534,169,92,308,154,118763,72195,1.918520304619527,76,72,18206,21455,30828,26290,411,1935,48560,36096,0,0,291,92,1393,4193,33793,23522,3068,0,13,26015,7130,1,23,0,0,0,0,0
905,884,905.0529841797069,99534,170,93,308,154,118784,72211,1.9188920368919162,70,66,18293,21536,30747,26218,410,1931,48560,36096,0,0,291,92,1392,4195,33795,23532,3066,0,16,26004,7127,1,23,0,0,0,0,0
906,884,906.009838538868,99534,162,94,308,154,118797,72229,1.9192034882552695,85,57,18368,21617,30669,26154,406,1922,48560,36096,0,0,291,92,1391,4195,33798,23543,3064,0,20,25993,7123,1,23,0,0,0,0,0
907,884,907.2095122067336,99533,160,93,309,154,118822,72243,1.919614600182854,98,58,18467,21721,30560,26059,404,1913,48560,36096,0,0,291,92,1389,4193,33796,23558,3062,0,22,25986,7120,1,23,0,0,0,0,0
908,884,908.1721253473985,99533,156,95,309,154,118843,72256,1.9199561954326705,93,55,18546,21786,30491,26002,403,1906,48560,36096,0,0,291,92,1389,4192,33799,23567,3061,0,30,25976,7112,1,23,0,0,0,0,0
909,884,909.1372150871455,99533,160,102,309,154,118878,72274,1.92048868214562,83,58,18660,21863,30383,25917,403,1904,48560,36096,0,0,290,92,1388,4191,33798,23580,3059,1,34,25968,7108,1,23,0,0,0,0,0
910,884,910.1055652236114,99533,159,105,309,154,118897,72288,1.9208202304763244,96,57,18741,21951,30291,25830,402,1901,48560,36096,0,0,290,92,1386,4191,33799,23592,3058,1,35,25958,7107,1,23,0,0,0,0,0
911,884,911.0767817813215,99533,160,98,309,154,118924,72301,1.9212221072408147,90,60,18831,22040,30206,25756,402,1890,48560,36096,0,0,290,92,1385,4191,33804,23604,3054,1,44,25946,7098,1,23,0,0,0,0,0
912,884,912.0506806425501,99533,173,96,309,154,118950,72311,1.9215837963288558,95,60,18897,22134,30124,25671,400,1883,48560,36096,0,0,290,92,1385,4189,33819,23606,3052,1,47,25933,7095,1,23,0,0,0,0,0
913,884,913.0271818628679,99533,160,90,309,154,118971,72322,1.9219052977404478,96,61,18994,22217,30042,25602,397,1874,48560,36096,0,0,290,92,1384,4191,33819,23621,3048,1,54,25921,7088,1,23,0,0,0,0,0
914,884,914.0064545525008,99533,159,94,309,154,118994,72337,1.9222870806667136,94,58,19088,22303,29952,25522,396,1867,48560,36096,0,0,290,92,1383,4191,33811,23638,3046,1,60,25915,7082,1,23,0,0,0,0,0
915,884,915.234382655736,99533,170,94,309,154,119030,72355,1.9228296142987753,87,66,19182,22405,29854,25421,396,1858,48560,36096,0,0,289,92,1382,4187,33819,23652,3046,2,63,25898,7079,1,23,0,0,0,0,0
916,884,916.2197541379006,99533,169,93,309,154,119051,72375,1.9232415379823777,95,56,19257,22487,29773,25355,395,1853,48560,36096,0,0,289,92,1382,4182,33831,23661,3045,2,69,25883,7073,1,23,0,0,0,0,0
917,884,917.2077850684057,99533,180,88,309,154,119078,72386,1.9236233209086433,90,62,19349,22559,29677,25285,393,1850,48560,36096,0,0,289,92,1380,4181,33836,23671,3044,2,72,25872,7070,1,23,0,0,0,0,0
918,884,918.1990276980284,99533,174,94,309,154,119105,72407,1.9241055730260315,89,58,19448,22632,29585,25215,393,1845,48560,36096,0,0,288,92,1379,4182,33838,23686,3040,3,74,25859,7068,1,23,0,0,0,0,0
919,884,919.1931307401063,99533,172,94,309,154,119125,72416,1.9243969336802869,97,62,19525,22706,29504,25140,391,1842,48560,36096,0,0,288,92,1377,4182,33843,23694,3037,3,78,25851,7064,1,23,0,0,0,0,0
920,884,920.1898401527127,99532,162,98,309,155,119147,72433,1.9248081019169714,102,56,19591,22787,29446,25063,388,1839,48560,36096,0,0,288,92,1376,4177,33837,23713,3037,3,82,25843,7060,1,23,0,0,0,0,0
921,884,921.1886279457057,99532,160,102,309,155,119178,72449,1.9252803118595025,90,60,19661,22869,29390,24979,388,1833,48560,36096,0,0,288,92,1376,4177,33824,23736,3035,3,87,25835,7055,1,23,0,0,0,0,0
922,884,922.1896304654172,99532,165,102,309,155,119203,72463,1.9256721456416026,90,66,19752,22963,29297,24886,385,1826,48560,36096,0,0,288,92,1376,4175,33829,23746,3034,3,88,25823,7054,1,23,0,0,0,0,0
923,884,923.1935610850593,99532,167,104,309,155,119226,72480,1.9260740264437568,88,64,19820,23048,29230,24804,384,1823,48560,36096,0,0,288,92,1375,4173,33828,23760,3034,3,89,25813,7053,1,23,0,0,0,0,0
924,884,924.2000392096058,99532,167,107,309,155,119250,72496,1.9264759072459108,91,61,19915,23129,29133,24731,383,1815,48560,36096,0,0,288,92,1375,4173,33833,23770,3031,3,91,25801,7051,1,23,0,0,0,0,0
925,884,925.2097733248734,99532,169,112,309,155,119274,72511,1.926867741028011,86,65,19999,23215,29055,24644,380,1807,48560,36096,0,0,288,92,1375,4168,33833,23783,3031,3,94,25793,7048,1,23,0,0,0,0,0
926,884,926.2222462829501,99531,174,109,309,156,119304,72528,1.927359315188233,81,66,20091,23285,28964,24578,379,1804,48560,36096,0,0,288,92,1374,4165,33831,23800,3030,3,99,25783,7042,1,23,0,0,0,0,0
927,884,927.2376747365438,99531,163,101,309,156,119318,72545,1.9276707759391547,85,66,20171,23369,28894,24509,376,1797,48560,36096,0,0,288,92,1374,4166,33837,23814,3027,3,105,25765,7036,1,23,0,0,0,0,0
928,884,928.0010896764451,99531,164,103,309,156,119338,72560,1.9280224251740663,84,60,20251,23445,28815,24443,375,1791,48560,36096,0,0,287,92,1372,4164,33841,23824,3027,4,106,25755,7035,1,23,0,0,0,0,0
929,884,929.0218048024163,99531,169,101,309,156,119365,72576,1.928454451376958,75,63,20331,23533,28743,24363,371,1782,48560,36096,0,0,287,92,1372,4165,33859,23829,3022,4,109,25736,7032,1,23,0,0,0,0,0
930,884,930.0453286434209,99531,173,100,309,156,119388,72593,1.9288563362168571,70,62,20418,23608,28658,24297,370,1775,48560,36096,0,0,287,92,1372,4160,33864,23841,3022,4,113,25724,7028,1,23,0,0,0,0,0
931,884,931.0719110655796,99531,165,100,309,156,119401,72611,1.929167796967779,86,55,20502,23696,28566,24223,370,1768,48560,36096,0,0,287,92,1370,4159,33869,23851,3021,4,116,25713,7025,1,23,0,0,0,0,0
932,884,932.1015746588882,99531,157,97,309,156,119420,72626,1.9295093990816932,90,54,20577,23772,28498,24163,367,1756,48560,36096,0,0,287,92,1367,4157,33869,23869,3019,4,119,25702,7022,1,23,0,0,0,0,0
933,884,933.1340739650474,99531,160,99,309,156,119444,72644,1.9299313781635872,89,57,20674,23846,28400,24089,366,1751,48560,36096,0,0,286,92,1366,4154,33873,23880,3017,5,124,25693,7017,1,23,0,0,0,0,0
934,884,934.1698460066398,99530,152,100,310,156,119466,72661,1.9303426102682608,94,55,20772,23927,28306,24010,364,1750,48560,36096,0,0,285,92,1364,4152,33873,23892,3016,6,129,25685,7012,1,23,0,0,0,0,0
935,884,935.2091380902739,99529,159,95,311,156,119492,72673,1.930743803313607,94,58,20849,24011,28222,23937,363,1741,48560,36096,0,0,285,92,1363,4147,33868,23908,3016,6,131,25679,7010,1,23,0,0,0,0,0
936,884,936.2515259889707,99529,169,87,311,156,119524,72684,1.9311758381979123,91,62,20926,24094,28139,23870,362,1729,48560,36096,0,0,284,91,1363,4150,33867,23923,3013,7,135,25666,7006,1,23,0,0,0,0,0
937,884,937.0351913044,99529,164,94,311,156,119540,72699,1.9314873052075274,91,64,20986,24154,28084,23805,362,1725,48560,36096,0,0,284,91,1363,4155,33864,23932,3008,7,139,25660,7002,1,23,0,0,0,0,0
938,884,938.0825802255599,99529,166,92,311,156,119568,72713,1.9319092927689416,85,71,21076,24232,28001,23727,359,1720,48560,36096,0,0,283,91,1362,4153,33867,23945,3005,8,141,25650,7000,1,23,0,0,0,0,0
939,884,939.1328125987716,99529,159,93,311,156,119587,72731,1.932281043715902,80,73,21149,24310,27940,23652,359,1714,48560,36096,0,0,282,91,1360,4151,33864,23961,3004,9,146,25642,6995,1,23,0,0,0,0,0
940,884,940.1858354650736,99529,162,91,311,156,119610,72746,1.932662841985753,92,74,21223,24379,27851,23593,359,1705,48560,36096,0,0,282,91,1360,4151,33858,23976,3003,9,149,25634,6992,1,23,0,0,0,0,0
941,884,941.2418898734545,99529,154,91,311,156,119633,72762,1.9330546875784946,97,74,21321,24474,27759,23504,356,1699,48560,36096,0,0,282,90,1360,4150,33854,23996,3001,9,153,25622,6988,1,23,0,0,0,0,0
942,884,942.036333053162,99528,157,92,312,156,119651,72775,1.933385579937304,96,71,21399,24537,27680,23447,354,1695,48560,36096,0,0,282,90,1360,4148,33856,24004,3001,9,156,25613,6985,1,23,0,0,0,0,0
943,884,943.0990776608394,99528,164,91,312,156,119679,72792,1.9338377140101277,89,67,21501,24630,27580,23363,352,1691,48560,36096,0,0,282,90,1360,4147,33865,24014,2999,9,157,25598,6984,1,22,0,0,0,0,0
944,884,944.1655681400892,99528,173,87,312,156,119708,72803,1.934239610963749,93,71,21574,24703,27497,23295,349,1686,48560,36096,0,0,282,90,1359,4147,33870,24025,2996,9,159,25586,6982,1,22,0,0,0,0,0
945,884,945.2351286053804,99528,168,92,312,156,119731,72820,1.93464150791737,86,77,21664,24786,27420,23208,348,1679,48560,36096,0,0,280,90,1359,4150,33871,24035,2991,11,164,25577,6977,1,22,0,0,0,0,0
946,884,946.0393086035234,99528,176,93,312,156,119756,72833,1.93502331002331,81,77,21723,24845,27358,23153,348,1674,48560,36096,0,0,280,90,1359,4150,33871,24045,2989,11,166,25569,6975,1,22,0,0,0,0,0
947,884,947.1143819165544,99528,176,105,312,156,119781,72854,1.9354854915199742,87,73,21805,24914,27272,23083,346,1667,48560,36096,0,0,280,90,1358,4150,33874,24058,2986,11,167,25557,6974,1,22,0,0,0,0,0
948,884,948.1928210367344,99528,172,94,312,156,119802,72868,1.9358371513543928,87,66,21906,24990,27175,23030,346,1662,48560,36096,0,0,279,90,1358,4155,33863,24078,2979,12,173,25550,6968,1,22,0,0,0,0,0
949,884,949.0041269203821,99528,175,97,312,156,119819,72881,1.9361385740696087,84,67,21961,25052,27121,22971,345,1655,48560,36096,0,0,279,90,1358,4155,33865,24086,2978,12,175,25541,6966,1,22,0,0,0,0,0
950,884,950.0884858710634,99528,172,93,312,156,119843,72894,1.936510328751708,91,75,22028,25134,27050,22887,345,1653,48560,36096,0,0,278,90,1357,4150,33868,24102,2978,13,178,25528,6963,1,22,0,0,0,0,0
951,884,951.1757050529806,99528,163,100,312,156,119861,72917,1.9369222731291698,99,71,22109,25213,26971,22813,344,1645,48560,36096,0,0,277,90,1356,4150,33864,24119,2977,14,183,25517,6958,1,22,0,0,0,0,0
952,884,952.2661443521237,99528,170,104,312,156,119891,72935,1.937404549473515,89,75,22213,25296,26871,22729,343,1638,48560,36096,0,0,276,90,1355,4148,33856,24136,2976,15,187,25512,6954,1,22,0,0,0,0,0
953,884,953.0865631330805,99527,172,109,313,156,119909,72950,1.9377555839119034,91,71,22266,25363,26813,22662,343,1637,48560,36096,0,0,276,90,1355,4149,33861,24141,2974,15,190,25503,6950,1,22,0,0,0,0,0
954,884,954.183363736996,99527,165,117,313,156,119933,72972,1.9382177700523475,104,66,22350,25449,26729,22578,337,1632,48560,36096,0,0,275,90,1351,4150,33866,24152,2970,16,194,25494,6946,1,22,0,0,0,0,0
955,884,955.0080701126712,99527,170,114,313,156,119957,72983,1.938569433420077,100,71,22402,25499,26677,22529,336,1629,48560,36096,0,0,275,90,1351,4148,33870,24162,2969,16,196,25483,6944,1,22,0,0,0,0,0
956,884,956.1102537548256,99527,168,112,313,156,119984,72997,1.93898138193656,104,77,22494,25567,26584,22468,335,1618,48560,36096,0,0,275,89,1351,4146,33874,24178,2967,16,198,25468,6942,1,22,0,0,0,0,0
957,884,957.2160422282391,99527,170,123,313,156,120015,73025,1.9395741858993036,95,68,22582,25650,26504,22388,334,1613,48560,36096,0,0,275,89,1349,4144,33883,24192,2964,16,201,25452,6939,1,22,0,0,0,0,0
958,884,958.0477170229085,99527,170,129,313,156,120034,73040,1.9399158017422409,98,66,22651,25711,26433,22329,333,1607,48560,36096,0,0,274,89,1347,4144,33878,24204,2963,17,203,25448,6937,1,22,0,0,0,0,0
959,884,959.160105186484,99527,163,123,313,156,120061,73063,1.9404181779818541,95,64,22745,25780,26350,22277,332,1598,48560,36096,0,0,274,89,1347,4138,33873,24232,2961,17,207,25433,6933,1,22,0,0,0,0,0
960,884,960.2762041530179,99526,171,126,314,156,120093,73086,1.9409902939935293,88,67,22834,25851,26262,22210,329,1588,48560,36096,0,0,274,89,1347,4138,33884,24241,2957,17,209,25416,6931,1,22,0,0,0,0,0
961,884,961.1154982035416,99526,162,129,314,156,120102,73098,1.941201294134196,102,68,22881,25891,26210,22169,329,1585,48560,36096,0,0,274,89,1347,4133,33891,24249,2955,17,211,25408,6929,1,22,0,0,0,0,0
962,884,962.2372000268947,99526,165,129,314,156,120130,73110,1.9416031991640375,108,71,22952,25972,26134,22092,325,1578,48560,36096,0,0,274,89,1347,4128,33893,24262,2954,17,212,25399,6928,1,22,0,0,0,0,0
963,884,963.0805239748785,99526,173,126,314,156,120156,73123,1.941995056568133,105,78,22998,26012,26083,22053,325,1573,48560,36096,0,0,274,89,1345,4126,33898,24272,2953,17,217,25389,6923,1,22,0,0,0,0,0
964,884,964.2075215783908,99526,175,132,314,156,120187,73151,1.942587866487149,99,74,23070,26095,26015,21973,325,1568,48560,36096,0,0,274,89,1345,4130,33902,24285,2949,17,221,25372,6919,1,22,0,0,0,0,0
965,884,965.0548593315622,99526,170,129,314,156,120203,73165,1.9428892952595302,97,81,23136,26147,25956,21920,325,1565,48560,36096,0,0,274,89,1344,4130,33904,24299,2948,17,226,25358,6914,1,22,0,0,0,0,0
966,884,966.1874979946995,99526,177,130,314,156,120235,73182,1.943381628921086,94,85,23228,26222,25862,21847,323,1558,48560,36096,0,0,274,89,1344,4131,33907,24308,2946,17,233,25348,6906,1,22,0,0,0,0,0
967,884,967.0397781583209,99526,174,135,314,156,120254,73202,1.9437734863251814,98,76,23307,26282,25784,21795,321,1554,48560,36096,0,0,274,89,1344,4133,33903,24322,2944,17,237,25338,6902,1,22,0,0,0,0,0
968,884,968.1796811741543,99526,159,134,314,156,120280,73216,1.9441753913550228,101,86,23396,26362,25708,21711,320,1549,48560,36096,0,0,273,89,1344,4130,33913,24334,2939,18,242,25324,6897,1,22,0,0,0,0,0
969,884,969.0368439358014,99526,166,144,314,156,120303,73239,1.9446375821393405,100,86,23452,26420,25646,21645,320,1547,48560,36096,0,0,273,89,1343,4129,33917,24343,2938,18,244,25314,6895,1,22,0,0,0,0,0
970,884,970.1829159361913,99526,171,156,314,156,120330,73263,1.9451500110523883,115,88,23517,26499,25562,21556,319,1543,48560,36096,0,0,273,89,1343,4127,33911,24358,2938,18,245,25307,6894,1,22,0,0,0,0,0
971,884,971.0447086423756,99526,181,154,314,156,120356,73283,1.945612201836706,109,87,23565,26549,25510,21516,319,1536,48560,36096,0,0,273,89,1343,4124,33920,24368,2937,18,249,25292,6890,1,22,0,0,0,0,0
972,884,972.1967220813306,99526,182,151,314,156,120392,73312,1.9462652975101984,102,88,23654,26625,25428,21451,318,1527,48560,36096,0,0,273,89,1343,4123,33926,24389,2934,18,257,25269,6882,1,22,0,0,0,0,0
973,884,973.0629392728447,99526,168,153,314,156,120412,73335,1.9466973454172778,108,80,23711,26683,25380,21405,317,1521,48560,36096,0,0,273,88,1343,4122,33931,24407,2930,18,264,25252,6875,1,22,0,0,0,0,0
974,884,974.220787942808,99526,175,155,314,156,120442,73359,1.9472399172075638,122,81,23787,26748,25284,21349,316,1509,48560,36096,0,0,273,88,1342,4120,33930,24425,2929,18,270,25240,6869,1,21,0,0,0,0,0
975,884,975.0921560664738,99526,187,154,314,156,120472,73379,1.9477422984948656,113,76,23856,26808,25213,21298,315,1506,48560,36096,0,0,273,87,1341,4119,33928,24439,2929,18,275,25232,6863,1,21,0,0,0,0,0
976,884,976.2573231641477,99526,180,143,314,156,120499,73401,1.9482346321564215,123,77,23941,26886,25126,21243,314,1493,48560,36096,0,0,273,87,1341,4119,33926,24463,2924,18,285,25215,6853,1,21,0,0,0,0,0
977,884,977.1339823613918,99526,182,142,314,156,120525,73418,1.948666680063501,127,73,24004,26949,25058,21192,313,1486,48560,36096,0,0,272,87,1340,4118,33934,24475,2923,19,287,25198,6851,1,21,0,0,0,0,0
978,884,978.0130428181952,99526,182,143,314,156,120544,73435,1.9490283945903584,123,67,24070,27005,24997,21149,312,1478,48560,36096,0,0,272,87,1340,4113,33935,24489,2922,19,290,25189,6848,1,21,0,0,0,0,0
979,884,979.1883431624526,99526,188,141,314,156,120577,73461,1.9496212045093744,120,68,24134,27081,24933,21087,309,1465,48560,36096,0,0,272,87,1338,4108,33940,24505,2921,19,298,25176,6840,1,21,0,0,0,0,0
980,884,980.0718876837117,99525,185,143,315,156,120604,73476,1.9500627982918866,121,65,24201,27138,24870,21035,306,1461,48560,36096,0,0,271,87,1336,4108,33942,24518,2919,20,302,25164,6836,1,21,0,0,0,0,0
981,884,981.2532374307677,99525,187,142,315,156,120642,73498,1.9506656618939966,117,71,24297,27207,24776,20965,306,1457,48560,36096,0,0,271,87,1333,4106,33936,24544,2918,20,305,25150,6833,1,21,0,0,0,0,0
982,884,982.142226004104,99525,202,137,315,156,120676,73514,1.951168048229088,100,76,24370,27253,24708,20922,303,1454,48560,36096,0,0,271,87,1332,4105,33942,24556,2917,20,310,25136,6827,1,21,0,0,0,0,0
983,884,983.0337564388661,99525,195,130,315,156,120696,73531,1.9515398141170561,106,82,24435,27297,24644,20885,303,1448,48560,36096,0,0,271,87,1331,4100,33946,24574,2917,20,315,25120,6822,1,21,0,0,0,0,0
984,884,984.2259193016105,99525,197,137,315,156,120734,73557,1.9521828686259735,96,81,24504,27382,24583,20803,303,1439,48560,36096,0,0,271,87,1331,4099,33933,24602,2915,20,319,25108,6818,1,21,0,0,0,0,0
985,884,985.1220522199792,99525,200,133,315,156,120765,73574,1.9526651595076614,91,75,24555,27447,24536,20754,301,1433,48560,36096,0,0,270,87,1331,4094,33941,24614,2913,21,329,25095,6808,1,21,0,0,0,0,0
986,884,986.0189374691491,99525,192,134,315,156,120789,73593,1.9530972117558403,98,75,24600,27492,24495,20708,298,1433,48560,36096,0,0,270,87,1330,4093,33938,24635,2909,21,331,25083,6806,1,21,0,0,0,0,0
987,884,987.2123906126587,99525,187,147,315,156,120815,73622,1.953649836724441,108,68,24684,27566,24409,20636,295,1425,48560,36096,0,0,269,87,1329,4089,33948,24646,2908,22,337,25068,6800,1,21,0,0,0,0,0
988,884,988.1048978210392,99525,187,142,315,156,120841,73635,1.9540416980658126,100,75,24739,27632,24363,20570,294,1423,48560,36096,0,0,269,87,1329,4089,33953,24656,2907,22,346,25054,6791,1,21,0,0,0,0,0
989,884,989.29206013703,99525,190,142,315,156,120875,73653,1.9545641798543079,104,83,24811,27691,24286,20505,292,1421,48560,36096,0,0,269,86,1329,4090,33957,24669,2904,22,351,25040,6786,1,21,0,0,0,0,0
990,884,990.1799389291031,99525,190,143,315,156,120903,73673,1.955046470735996,99,87,24874,27745,24228,20449,292,1418,48560,36096,0,0,268,85,1329,4092,33958,24684,2901,23,355,25026,6782,1,21,0,0,0,0,0
991,884,991.0656170361306,99525,179,144,315,156,120919,73689,1.9553679979904546,110,90,24931,27788,24172,20407,291,1413,48560,36096,0,0,267,85,1328,4092,33961,24698,2898,24,358,25013,6779,1,21,0,0,0,0,0
992,884,992.2432510666363,99525,187,148,315,156,120956,73715,1.9560010047726701,114,84,25010,27847,24081,20360,291,1403,48560,36096,0,0,267,85,1328,4088,33969,24710,2896,24,363,24999,6774,1,21,0,0,0,0,0
993,884,993.1240406385602,99525,196,152,315,156,120986,73737,1.9565234865611656,116,73,25080,27901,24001,20313,290,1403,48560,36096,0,0,266,85,1327,4089,33969,24725,2893,25,366,24987,6771,1,21,0,0,0,0,0
994,884,994.002292521934,99525,199,147,315,156,121012,73751,1.956925395629239,118,76,25134,27958,23944,20262,288,1399,48560,36096,0,0,266,85,1325,4089,33978,24736,2889,25,367,24973,6770,1,21,0,0,0,0,0
995,884,995.1702854744132,99525,196,143,315,156,121051,73769,1.9574981160512435,112,81,25188,28029,23899,20201,288,1388,48560,36096,0,0,266,85,1324,4087,33984,24754,2886,25,373,24955,6764,1,21,0,0,0,0,0
996,884,996.0446161145314,99525,198,155,315,156,121078,73794,1.9580205978397387,110,73,25239,28082,23848,20149,288,1383,48560,36096,0,0,266,85,1324,4086,33980,24771,2884,25,375,24945,6762,1,21,0,0,0,0,0
997,884,997.2076188324248,99525,195,153,315,156,121103,73811,1.9584426023612158,117,73,25298,28151,23786,20087,287,1378,48560,36096,0,0,266,85,1322,4082,33987,24784,2882,25,381,24933,6756,1,21,0,0,0,0,0
998,884,998.0780168959071,99525,202,153,315,156,121131,73825,1.9588646068826927,116,80,25345,28211,23734,20025,286,1373,48560,36096,0,0,266,85,1322,4083,33983,24799,2880,25,383,24923,6754,1,21,0,0,0,0,0
999,884,999.2361364563338,99525,202,162,315,156,121161,73854,1.959457422758101,120,75,25407,28283,23670,19957,284,1365,48560,36096,0,0,266,85,1321,4082,33977,24821,2878,25,388,24911,6749,1,21,0,0,0,0,0
1000,884,1000.1028659403189,99524,212,166,315,157,121191,73873,1.9599694546039146,132,83,25462,28336,23596,19898,281,1358,48560,36096,0,0,266,85,1321,4081,33971,24839,2876,25,389,24902,6747,1,21,0,0,0,0,0
1001,884,1001.255356831546,99524,221,165,315,157,121232,73897,1.9606225634017926,146,80,25516,28400,23520,19844,280,1352,48560,36096,0,0,266,85,1319,4082,33960,24864,2873,25,392,24893,6743,1,21,0,0,0,0,0
1002,884,1002.1176974886574,99524,229,164,315,157,121260,73917,1.9611048591294562,159,73,25565,28448,23451,19806,279,1350,48560,36096,0,0,265,85,1317,4081,33963,24877,2871,26,397,24882,6738,1,21,0,0,0,0,0
1003,884,1003.2648079475919,99524,232,168,315,157,121302,73938,1.9617378722720147,159,80,25618,28505,23395,19743,279,1345,48560,36096,0,0,265,85,1317,4080,33961,24902,2868,26,398,24863,6737,1,21,0,0,0,0,0
1004,884,1004.1235577431108,99524,237,164,315,157,121335,73956,1.9622503114826575,171,81,25645,28555,23352,19700,278,1341,48560,36096,0,0,265,85,1314,4080,33975,24914,2866,26,402,24842,6733,1,21,0,0,0,0,0
1005,884,1005.2668170442778,99523,253,162,315,158,121387,73982,1.963053766466043,161,82,25703,28637,23289,19628,277,1331,48560,36096,0,0,264,85,1313,4076,33978,24934,2863,27,406,24826,6729,1,21,0,0,0,0,0
1006,884,1006.1224428391487,99523,265,170,315,158,121431,74006,1.96373702561217,153,85,25758,28691,23231,19566,276,1328,48560,36096,0,0,264,85,1313,4073,33975,24953,2861,27,411,24815,6724,1,21,0,0,0,0,0
1007,884,1007.2605574298293,99523,265,178,315,158,121478,74033,1.9644805723300143,156,80,25801,28751,23187,19509,274,1322,48560,36096,0,0,263,85,1313,4069,33987,24970,2858,28,414,24794,6720,1,21,0,0,0,0,0
1008,884,1008.1127629619095,99523,262,177,315,158,121509,74048,1.9649427770465118,162,87,25847,28806,23140,19451,272,1319,48560,36096,0,0,263,84,1313,4069,33976,24992,2856,28,420,24786,6714,1,21,0,0,0,0,0
1009,884,1009.2465626296663,99523,277,180,315,158,121556,74079,1.9657265154788341,157,91,25920,28861,23058,19394,271,1314,48560,36096,0,0,262,84,1312,4068,33978,25012,2851,29,424,24772,6709,1,21,0,0,0,0,0
1010,884,1010.0948904733202,99523,281,169,315,158,121596,74106,1.9663997266963416,160,87,25972,28917,22999,19358,271,1309,48560,36096,0,0,262,84,1310,4072,33987,25030,2845,29,435,24750,6697,1,21,0,0,0,0,0
1011,884,1011.2230481022427,99523,286,175,315,158,121639,74138,1.9671533213428052,167,89,26032,28962,22928,19314,270,1300,48560,36096,0,0,261,84,1309,4070,33995,25045,2839,30,446,24736,6686,1,21,0,0,0,0,0
1012,884,1012.0672722575445,99523,282,176,315,158,121672,74157,1.96767581363102,166,94,26081,29010,22885,19265,269,1295,48560,36096,0,0,261,84,1309,4063,33997,25065,2839,30,448,24721,6684,1,21,0,0,0,0,0
1013,884,1013.1905844336701,99523,273,170,315,158,121717,74188,1.9684394562061032,166,96,26155,29052,22821,19235,268,1287,48560,36096,0,0,259,84,1308,4066,33994,25098,2832,32,455,24696,6677,1,21,0,0,0,0,0
1014,884,1014.0311652866104,99523,286,174,315,158,121748,74209,1.968961948494318,175,89,26182,29104,22774,19191,266,1282,48560,36096,0,0,259,84,1308,4067,33999,25106,2829,32,456,24686,6675,1,21,0,0,0,0,0
1015,884,1015.1502253423804,99523,278,168,315,158,121791,74230,1.9696050159259668,176,102,26239,29152,22726,19138,264,1280,48560,36096,0,0,258,83,1307,4062,34001,25134,2828,33,461,24664,6670,1,21,0,0,0,0,0
1016,884,1016.2666458881747,99523,278,176,315,158,121841,74258,1.970388754358289,177,103,26301,29203,22665,19084,262,1274,48560,36096,0,0,258,83,1307,4062,34001,25158,2823,33,464,24645,6667,1,21,0,0,0,0,0
1017,884,1017.1021668144459,99523,283,178,315,158,121872,74286,1.9709815821468404,181,100,26356,29237,22602,19053,261,1272,48560,36096,0,0,257,83,1306,4062,34007,25174,2820,34,469,24627,6662,1,21,0,0,0,0,0
1018,884,1018.2136369061624,99523,286,167,315,158,121922,74300,1.9716246495784895,176,117,26407,29271,22554,19014,260,1271,48560,36096,0,0,256,83,1305,4057,34014,25196,2818,35,472,24607,6658,1,21,0,0,0,0,0
1019,884,1019.0457974388446,99523,285,152,315,158,121961,74313,1.9721471418667043,164,120,26453,29306,22524,18993,257,1269,48560,36096,0,0,256,83,1304,4057,34015,25219,2814,35,477,24588,6653,1,21,0,0,0,0,0
1020,884,1020.153362888045,99523,295,157,315,158,122007,74338,1.9728605447986898,163,123,26514,29351,22456,18944,255,1265,48560,36096,0,0,256,83,1303,4056,34013,25239,2812,35,482,24574,6648,1,21,0,0,0,0,0
1021,884,1021.2585706677415,99523,277,170,315,158,122047,74373,1.9736141394451534,178,117,26550,29403,22423,18885,255,1265,48560,36096,0,0,256,83,1303,4051,34017,25264,2810,35,489,24552,6641,1,21,0,0,0,0,0
1022,884,1022.0863413488751,99523,280,174,315,158,122086,74394,1.9742170151623244,174,122,26589,29438,22386,18845,254,1261,48560,36096,0,0,255,83,1299,4050,34021,25284,2809,36,489,24535,6640,1,21,0,0,0,0,0
1023,884,1023.1881790185925,99523,286,183,315,158,122132,74434,1.9750811370236026,176,130,26634,29476,22335,18794,252,1257,48560,36096,0,0,255,82,1299,4049,34033,25302,2805,36,500,24512,6628,1,21,0,0,0,0,0
1024,884,1024.0131147919658,99523,291,180,315,158,122171,74454,1.975673964812154,168,129,26680,29530,22292,18749,252,1252,48560,36096,0,0,255,81,1299,4047,34031,25323,2804,36,504,24497,6624,1,21,0,0,0,0,0
1025,884,1025.1111069390765,99523,273,182,315,158,122204,74492,1.9763873677441395,174,122,26734,29571,22252,18715,250,1250,48560,36096,0,0,254,80,1297,4043,34046,25349,2802,37,506,24465,6622,1,21,0,0,0,0,0
1026,884,1026.206965341309,99522,276,189,316,158,122256,74532,1.9773316452643637,169,113,26790,29618,22203,18676,244,1244,48560,36096,0,0,254,80,1295,4039,34045,25379,2799,37,513,24444,6615,1,21,0,0,0,0,0
1027,884,1027.0272685127372,99522,277,196,316,158,122291,74554,1.9779043829505034,178,107,26821,29654,22162,18644,244,1239,48560,36096,0,0,254,80,1295,4037,34042,25397,2798,37,517,24432,6611,1,21,0,0,0,0,0
1028,884,1028.119533258869,99522,277,198,316,158,122334,74588,1.9786780812282712,202,104,26841,29707,22119,18597,243,1234,48560,36096,0,0,252,80,1295,4039,34049,25418,2794,39,526,24406,6602,1,21,0,0,0,0,0
1029,884,1029.210449208188,99522,301,192,316,158,122395,74615,1.9795623078314342,189,108,26902,29752,22048,18560,242,1228,48560,36096,0,0,252,80,1294,4042,34036,25448,2790,39,534,24392,6593,1,21,0,0,0,0,0
1030,884,1030.0269724741188,99522,298,191,316,158,122422,74638,1.9800647093105042,196,106,26942,29785,22005,18532,241,1226,48560,36096,0,0,252,80,1294,4040,34032,25468,2788,39,540,24380,6587,1,21,0,0,0,0,0
1031,884,1031.1138999581594,99522,300,196,316,158,122483,74666,1.9809589839432487,193,110,26977,29864,21971,18454,241,1216,48560,36096,0,0,252,80,1294,4035,34033,25492,2785,39,551,24364,6575,1,21,0,0,0,0,0
1032,884,1032.1989449381704,99522,307,196,316,158,122536,74701,1.9818432105464119,198,110,27018,29916,21919,18412,240,1206,48560,36096,0,0,252,80,1294,4033,34039,25518,2780,39,557,24339,6569,1,21,0,0,0,0,0
1033,884,1033.0116515061936,99522,325,184,316,158,122586,74717,1.9825063804987841,185,123,27061,29949,21873,18380,238,1204,48560,36096,0,0,252,80,1294,4030,34057,25532,2776,39,561,24314,6565,1,21,0,0,0,0,0
1034,884,1034.0933110796432,99522,327,180,316,158,122633,74742,1.9832298386286449,193,130,27104,29985,21821,18345,237,1200,48560,36096,0,0,252,80,1293,4029,34051,25566,2771,39,565,24293,6561,1,21,0,0,0,0,0
1035,884,1035.1731346008162,99522,317,199,316,158,122673,74783,1.9840437290247384,199,124,27151,30022,21779,18301,236,1194,48560,36096,0,0,252,80,1292,4028,34056,25589,2767,39,567,24271,6559,1,21,0,0,0,0,0
1036,884,1036.250976371425,99522,313,209,316,158,122715,74820,1.9848375233616689,206,112,27201,30071,21728,18259,234,1189,48560,36096,0,0,252,80,1291,4026,34061,25613,2762,39,571,24251,6554,1,21,0,0,0,0,0
1037,884,1037.0580538557845,99522,320,215,316,158,122762,74846,1.9855710295211109,202,112,27236,30110,21690,18222,234,1181,48560,36096,0,0,252,80,1291,4025,34056,25637,2758,39,577,24237,6548,1,21,0,0,0,0,0
1038,884,1038.1325479193672,99522,348,201,316,158,122835,74873,1.9865758324792508,174,109,27284,30168,21642,18184,234,1178,48560,36096,0,0,252,79,1288,4024,34062,25665,2755,39,588,24212,6536,1,21,0,0,0,0,0
1039,884,1039.2050647056562,99522,352,205,316,158,122888,74912,1.9875002512007396,174,102,27334,30215,21589,18149,233,1169,48560,36096,0,0,251,79,1284,4022,34076,25688,2751,40,593,24185,6531,1,21,0,0,0,0,0
1040,884,1040.0082155179475,99522,349,196,316,158,122923,74930,1.9880327967685536,180,103,27375,30250,21545,18123,233,1168,48560,36096,0,0,251,79,1283,4022,34076,25712,2748,40,598,24165,6526,1,21,0,0,0,0,0
1041,884,1041.077216585326,99521,355,200,317,158,122974,74958,1.9888465750947035,175,106,27423,30300,21497,18072,231,1162,48560,36096,0,0,250,79,1282,4021,34085,25728,2742,41,604,24147,6520,1,21,0,0,0,0,0
1042,884,1042.1444301377217,99521,350,192,317,158,123012,74981,1.9894595110579676,187,124,27475,30337,21440,18030,229,1157,48560,36096,0,0,250,79,1280,4025,34095,25748,2735,41,612,24122,6512,1,21,0,0,0,0,0
1043,884,1043.2097037293538,99521,337,193,317,158,123063,75007,1.9902332171099566,190,129,27512,30371,21414,17995,228,1152,48560,36096,0,0,249,79,1278,4026,34087,25780,2731,42,614,24105,6508,1,21,0,0,0,0,0
1044,884,1044.0077267404506,99521,344,193,317,158,123100,75031,1.9908461530732207,191,125,27535,30401,21383,17973,228,1148,48560,36096,0,0,248,79,1277,4022,34091,25796,2728,43,620,24093,6502,1,21,0,0,0,0,0
1045,884,1045.0702888831092,99520,347,202,318,158,123154,75068,1.9917805466237941,203,119,27561,30462,21341,17919,228,1138,48560,36096,0,0,248,79,1273,4015,34100,25820,2725,43,626,24073,6496,1,21,0,0,0,0,0
1046,884,1046.131491647308,99520,339,200,318,158,123203,75092,1.9925140675241158,201,122,27614,30502,21301,17883,225,1133,48560,36096,0,0,248,79,1269,4018,34076,25859,2719,43,633,24066,6488,1,21,0,0,0,0,0
1047,884,1047.1909369131054,99520,348,206,318,158,123262,75126,1.9934485530546624,179,124,27656,30558,21273,17826,224,1126,48560,36096,0,0,248,79,1268,4013,34078,25887,2716,43,640,24045,6481,1,21,0,0,0,0,0
1048,884,1048.2491236325436,99520,336,210,318,158,123302,75162,1.9942122186495177,192,115,27694,30612,21235,17783,223,1120,48560,36096,0,0,248,78,1267,4013,34092,25908,2710,43,647,24019,6473,1,21,0,0,0,0,0
1049,884,1049.0415876498791,99520,340,219,318,158,123341,75194,1.9949256430868167,196,108,27739,30642,21182,17756,223,1115,48560,36096,0,0,247,78,1266,4009,34086,25932,2707,44,651,24009,6469,1,21,0,0,0,0,0
1050,884,1050.0963940641725,99520,335,227,318,158,123395,75230,1.9958299839228295,189,107,27793,30676,21142,17724,221,1106,48560,36096,0,0,247,78,1265,4006,34086,25959,2704,44,655,23989,6465,1,21,0,0,0,0,0
1051,884,1051.1490382752088,99520,347,219,318,158,123450,75259,1.996674035369775,180,116,27847,30721,21087,17681,219,1103,48560,36096,0,0,247,78,1264,4006,34085,25989,2700,44,660,23965,6460,1,21,0,0,0,0,0
1052,884,1052.199694387052,99520,338,216,318,158,123493,75290,1.9974176045016077,191,129,27899,30744,21035,17653,217,1098,48560,36096,0,0,247,78,1263,4005,34082,26022,2696,43,666,23942,6454,1,21,0,0,0,0,0
1053,884,1053.2483059897258,99520,338,213,318,158,123544,75322,1.9982516077170418,206,130,27943,30788,20977,17620,216,1089,48560,36096,0,0,246,78,1263,4002,34078,26053,2692,44,672,23922,6448,1,21,0,0,0,0,0
1054,884,1054.0334959521574,99520,334,222,318,158,123574,75347,1.9988042604501608,221,138,27984,30817,20926,17575,215,1088,48560,36096,0,0,246,78,1262,3998,34082,26069,2690,44,675,23909,6445,1,21,0,0,0,0,0
1055,884,1055.0785591142364,99520,328,234,318,158,123617,75392,1.9996885048231512,226,125,28039,30849,20873,17548,214,1084,48560,36096,0,0,246,78,1262,3993,34075,26102,2687,44,680,23891,6440,1,21,0,0,0,0,0
1056,884,1056.1216263341294,99520,342,216,318,158,123675,75413,2.0004823151125404,216,139,28076,30895,20832,17512,214,1078,48560,36096,0,0,246,78,1260,3993,34073,26130,2685,44,690,23869,6430,1,21,0,0,0,0,0
1057,884,1057.1631998785338,99520,337,218,318,158,123731,75452,2.0014368971061094,207,136,28128,30939,20794,17473,214,1074,48560,36096,0,0,246,78,1260,3996,34067,26163,2678,44,704,23847,6415,1,21,0,0,0,0,0
1058,884,1058.2032293575976,99520,335,225,318,158,123780,75492,2.002331189710611,224,133,28157,30981,20750,17436,214,1065,48560,36096,0,0,246,78,1260,3995,34070,26186,2672,44,712,23828,6407,1,21,0,0,0,0,0
1059,884,1059.241771759562,99520,333,231,318,158,123833,75533,2.003275723472669,223,140,28193,31028,20717,17381,214,1060,48560,36096,0,0,246,78,1258,3991,34065,26220,2669,44,719,23808,6400,1,21,0,0,0,0,0
1060,884,1060.0198344736912,99519,334,239,319,158,123875,75563,2.00401933299169,212,133,28223,31064,20696,17349,214,1055,48560,36096,0,0,246,78,1256,3992,34064,26241,2663,44,726,23794,6393,1,21,0,0,0,0,0
1061,884,1061.0559675184788,99519,345,241,319,158,123935,75598,2.0049739245772162,194,133,28274,31120,20652,17295,214,1051,48560,36096,0,0,246,78,1256,3990,34062,26271,2661,44,734,23771,6384,1,21,0,0,0,0,0
1062,884,1062.090335509863,99519,314,238,319,158,123970,75629,2.0056371145208454,215,133,28314,31160,20622,17261,214,1048,48560,36096,0,0,246,77,1256,3986,34061,26308,2658,44,742,23744,6375,1,21,0,0,0,0,0
1063,884,1063.123575886708,99519,326,237,319,158,124025,75664,2.0065414644439756,210,132,28348,31186,20581,17244,214,1041,48560,36096,0,0,245,77,1255,3986,34057,26338,2656,45,751,23721,6366,1,21,0,0,0,0,0
1064,884,1064.1553793563444,99518,318,246,320,158,124063,75710,2.007405695452079,223,126,28392,31221,20533,17212,212,1035,48560,36096,0,0,245,77,1253,3985,34052,26371,2652,45,759,23699,6358,1,21,0,0,0,0,0
1065,884,1065.185568758589,99518,328,236,320,158,124134,75741,2.0084306356639,196,136,28435,31263,20508,17173,211,1032,48560,36096,0,0,244,77,1253,3982,34068,26401,2647,46,765,23662,6351,1,21,0,0,0,0,0
1066,884,1066.2144802163978,99518,324,237,320,158,124185,75782,2.0093550915412286,211,140,28462,31299,20472,17135,209,1029,48560,36096,0,0,244,77,1251,3980,34073,26432,2641,46,774,23636,6342,1,21,0,0,0,0,0
1067,884,1067.2422440478208,99517,322,252,321,158,124233,75820,2.0102394565752584,213,141,28497,31328,20436,17095,209,1024,48560,36096,0,0,244,77,1251,3978,34063,26464,2639,46,776,23618,6339,1,21,0,0,0,0,0
1068,884,1068.0121009531722,99517,312,251,321,158,124261,75846,2.010782077434006,217,144,28529,31362,20410,17062,209,1021,48560,36096,0,0,244,77,1250,3975,34071,26483,2635,46,782,23599,6333,1,21,0,0,0,0,0
1069,884,1069.0373581958404,99517,336,257,321,158,124317,75892,2.011807027944974,219,137,28563,31404,20352,17025,207,1017,48560,36096,0,0,244,77,1249,3978,34062,26513,2631,46,787,23580,6328,1,21,0,0,0,0,0
1070,884,1070.0612502321662,99517,351,263,321,158,124376,75931,2.012791784318257,218,137,28581,31447,20321,16982,206,1011,48560,36096,0,0,243,77,1248,3981,34067,26538,2626,47,790,23555,6323,1,21,0,0,0,0,0
1071,884,1071.0839228486782,99517,359,266,321,158,124432,75969,2.013736346553855,215,146,28618,31479,20281,16945,204,1004,48560,36096,0,0,243,77,1248,3979,34054,26576,2624,47,795,23534,6318,1,21,0,0,0,0,0
1072,884,1072.105274863629,99516,384,255,322,158,124505,76002,2.014821737208087,205,150,28640,31512,20243,16924,204,999,48560,36096,0,0,242,77,1246,3978,34067,26602,2619,48,804,23502,6309,1,21,0,0,0,0,0
1073,884,1073.125724295254,99515,372,260,323,158,124551,76050,2.0157865648394715,234,139,28661,31550,20205,16897,203,994,48560,36096,0,0,242,77,1244,3982,34072,26635,2612,47,811,23469,6302,1,21,0,0,0,0,0
1074,884,1074.145078306007,99515,381,259,323,158,124612,76090,2.016801487212983,234,141,28689,31584,20170,16869,201,987,48560,36096,0,0,242,77,1244,3979,34083,26667,2608,47,815,23433,6298,1,21,0,0,0,0,0
1075,884,1075.1632639778563,99515,383,264,323,158,124670,76121,2.017695824750038,233,150,28725,31618,20133,16824,201,984,48560,36096,0,0,241,77,1243,3972,34097,26685,2605,48,824,23412,6289,1,21,0,0,0,0,0
1076,884,1076.1801915350218,99515,388,261,323,158,124730,76156,2.018650454705321,239,157,28754,31645,20093,16798,201,979,48560,36096,0,0,241,77,1243,3967,34095,26718,2602,48,831,23390,6281,1,21,0,0,0,0,0
1077,884,1077.1958838331075,99515,395,275,323,158,124788,76206,2.019735718233432,237,154,28796,31672,20048,16764,199,975,48560,36096,0,0,241,77,1242,3968,34096,26749,2597,48,840,23363,6272,1,21,0,0,0,0,0
1078,884,1078.2100247876083,99514,403,269,323,159,124850,76238,2.0207006049400085,246,152,28821,31725,20009,16725,196,968,48560,36096,0,0,241,77,1239,3970,34105,26776,2591,48,846,23333,6266,1,21,0,0,0,0,0
1079,884,1079.223152285155,99514,410,257,323,159,124906,76270,2.021584902626766,249,166,28844,31751,19977,16705,195,960,48560,36096,0,0,241,76,1238,3968,34114,26805,2590,48,851,23301,6260,1,21,0,0,0,0,0
1080,884,1080.2353307674107,99514,419,260,323,159,124969,76310,2.0226199328737664,244,176,28869,31774,19950,16671,193,958,48560,36096,0,0,241,76,1237,3970,34107,26840,2585,47,853,23282,6254,1,21,0,0,0,0,0
1081,884,1081.2464736758564,99514,432,275,323,159,125036,76356,2.023755451494262,230,162,28899,31802,19921,16646,193,954,48560,36096,0,0,241,76,1237,3972,34101,26872,2579,47,857,23260,6250,1,21,0,0,0,0,0
1082,884,1082.0041975062406,99514,425,278,323,159,125077,76385,2.0244588701087283,237,160,28894,31825,19926,16624,193,952,48560,36096,0,0,241,76,1235,3966,34107,26897,2576,47,863,23240,6244,1,21,0,0,0,0,0
1083,884,1083.0145181231676,99514,438,280,323,159,125149,76427,2.0256044375665736,241,155,28899,31854,19904,16603,193,947,48560,36096,0,0,241,76,1231,3964,34116,26927,2573,47,871,23211,6235,1,21,0,0,0,0,0
1084,884,1084.02461645236,99514,431,260,323,159,125211,76454,2.0264987840906805,250,166,28926,31885,19876,16583,192,945,48560,36096,0,0,240,75,1228,3967,34119,26962,2565,48,879,23183,6226,1,21,0,0,0,0,0
1085,884,1085.0338171549877,99514,439,266,323,159,125282,76498,2.027654400385875,241,165,28949,31910,19855,16556,191,942,48560,36096,0,0,239,74,1226,3962,34122,26993,2562,49,886,23160,6219,1,21,0,0,0,0,0
1086,884,1086.042128821485,99514,454,262,323,159,125350,76535,2.0287095283075747,231,169,28975,31920,19827,16551,188,937,48560,36096,0,0,239,74,1224,3958,34135,27017,2559,49,897,23132,6208,1,21,0,0,0,0,0
1087,884,1087.0492208314731,99514,454,256,323,159,125423,76567,2.029764656229274,235,189,29009,31927,19790,16533,187,934,48560,36096,0,0,239,74,1224,3957,34137,27054,2554,49,904,23103,6197,1,21,0,0,0,0,0
1088,884,1088.055225792557,99514,441,276,323,159,125478,76615,2.0307996864762745,238,178,29038,31947,19772,16508,186,930,48560,36096,0,0,239,73,1222,3960,34129,27090,2546,49,910,23084,6190,1,21,0,0,0,0,0
1089,884,1089.0603747153834,99514,418,269,323,159,125523,76648,2.0315834957895373,248,187,29049,31971,19775,16486,185,926,48560,36096,0,0,238,73,1221,3958,34121,27132,2543,50,916,23057,6183,1,21,0,0,0,0,0
1090,884,1090.0653107722826,99514,419,260,323,159,125587,76691,2.0326587213859355,254,186,29047,32010,19771,16461,184,922,48560,36096,0,0,238,73,1218,3959,34122,27171,2537,50,924,23027,6173,1,21,0,0,0,0,0
1091,884,1091.070160340002,99513,425,266,324,159,125652,76731,2.033734285972687,265,184,29054,32041,19746,16429,184,919,48560,36096,0,0,238,73,1216,3954,34128,27203,2532,50,931,23000,6166,1,21,0,0,0,0,0
1092,884,1092.0744385499772,99513,424,270,324,159,125712,76778,2.034809522373961,272,180,29077,32068,19717,16404,184,917,48560,36096,0,0,238,72,1215,3955,34116,27242,2527,50,940,22979,6157,1,21,0,0,0,0,0
1093,884,1093.0778362183194,99512,416,280,325,159,125771,76817,2.035814776107404,269,180,29105,32090,19699,16378,184,911,48560,36096,0,0,236,72,1213,3948,34123,27268,2522,52,944,22960,6152,1,21,0,0,0,0,0
1094,884,1094.0804104278054,99512,416,284,325,159,125833,76857,2.036839778117212,288,185,29114,32117,19672,16343,183,910,48560,36096,0,0,236,72,1209,3943,34126,27300,2519,52,951,22937,6145,1,21,0,0,0,0,0
