,indexID,time,N,Inf_L,Inf_H,Dead_L,Dead_H,cum_cases_L,cum_cases_H,cum_sum_per_N,Exposed_L,Exposed_H,Sus_L,Sus_H,Rec_nat_L,Rec_nat_H,Rec_vax_L,Rec_vax_H,vaccinatedH,vaccinatedL,boostedH,boostedL,count_Naive,count_Delta,count_Delta_vaccine,count_two,count_three,count_four,count_Omicron,count_Omicron_star,count_Omicron_star_vaccine,count_Omicron_vaccine,count_Vaccine,count_WT,count_WT_vaccine,count_WT_vaccine_boost,count_Omicron_vaccine_boost,count_Delta_vaccine_boost,count_Omicron_star_vaccine_boost,count_Vaccine_boost
0,1290,1.0339762888503565,99996,7,6,0,0,7,7,0.00014000560022400896,18,18,49973,49973,0,1,0,0,0,0,0,0,99995,0,0,0,0,0,0,0,0,0,0,1,0,0,0,0,0,0
1,1290,2.0968852756819056,99996,15,15,0,0,19,17,0.00036001440057602306,9,8,49970,49973,4,2,0,0,0,0,0,0,99990,0,0,0,0,0,0,0,0,0,0,6,0,0,0,0,0,0
2,1290,3.017575562390864,99996,11,12,0,0,20,20,0.0004000160006400256,8,5,49970,49973,9,8,0,0,0,0,0,0,99979,0,0,0,0,0,0,0,0,0,0,17,0,0,0,0,0,0
3,1290,4.06116581660345,99996,7,8,0,0,20,21,0.00041001640065602623,9,4,49970,49974,12,12,0,0,0,0,0,0,99970,0,0,0,0,0,0,0,0,0,0,26,0,0,0,0,0,0
4,1290,5.01309268320803,99996,10,7,0,0,23,21,0.00044001760070402814,10,4,49966,49974,12,13,0,0,0,0,0,0,99969,0,0,0,0,0,0,0,0,0,0,27,0,0,0,0,0,0
5,1290,6.031588957368949,99996,12,8,0,0,27,22,0.0004900196007840313,9,5,49963,49972,14,13,0,0,0,0,0,0,99967,0,0,0,0,0,0,0,0,0,0,29,0,0,0,0,0,0
6,1290,7.03855149915741,99996,12,7,0,0,30,24,0.0005400216008640345,8,3,49961,49972,17,16,0,0,0,0,0,0,99961,0,0,0,0,0,0,0,0,0,0,35,0,0,0,0,0,0
7,1290,8.058935697224145,99996,14,3,0,0,33,25,0.0005800232009280372,7,3,49959,49971,18,21,0,0,0,0,0,0,99955,0,0,0,0,0,0,0,0,0,0,41,0,0,0,0,0,0
8,1290,9.319911175513745,99996,15,1,0,0,37,25,0.0006200248009920397,5,3,49957,49971,21,23,0,0,0,0,0,0,99950,0,0,0,0,0,0,0,0,0,0,46,0,0,0,0,0,0
9,1290,10.29349067149996,99996,16,2,0,0,40,26,0.0006600264010560422,7,2,49952,49971,23,23,0,0,0,0,0,0,99948,0,0,0,0,0,0,0,0,0,0,48,0,0,0,0,0,0
10,1290,11.016640394965597,99996,17,1,0,0,42,26,0.0006800272010880435,8,2,49949,49971,24,24,0,0,0,0,0,0,99946,0,0,0,0,0,0,0,0,0,0,50,0,0,0,0,0,0
11,1290,12.077115800328498,99996,17,1,0,0,44,26,0.0007000280011200448,6,3,49949,49970,26,24,0,0,0,0,0,0,99944,0,0,0,0,0,0,0,0,0,0,52,0,0,0,0,0,0
12,1290,13.068198362107491,99996,18,2,0,0,46,28,0.0007400296011840473,6,2,49947,49969,27,25,0,0,0,0,0,0,99942,0,0,0,0,0,0,0,0,0,0,54,0,0,0,0,0,0
13,1290,14.142379842772232,99996,12,2,0,0,46,28,0.0007400296011840473,7,2,49946,49969,33,25,0,0,0,0,0,0,99936,0,0,0,0,0,0,0,0,0,0,60,0,0,0,0,0,0
14,1290,15.053144210068778,99996,12,3,0,0,47,29,0.0007600304012160486,8,2,49945,49968,33,25,0,0,0,0,0,0,99935,0,0,0,0,0,0,0,0,0,0,61,0,0,0,0,0,0
15,1290,16.20155901856975,99996,11,4,0,0,49,30,0.0007900316012640506,8,3,49943,49966,36,25,0,0,0,0,0,0,99932,0,0,0,0,0,0,0,0,0,0,64,0,0,0,0,0,0
16,1290,17.076107675946712,99996,10,6,0,0,49,32,0.0008100324012960519,9,2,49942,49965,37,25,0,0,0,0,0,0,99931,0,0,0,0,0,0,0,0,0,0,65,0,0,0,0,0,0
17,1290,18.173618221485373,99996,8,8,0,0,50,35,0.0008500340013600544,9,0,49941,49964,40,26,0,0,0,0,0,0,99927,0,0,0,0,0,0,0,0,0,0,69,0,0,0,0,0,0
18,1290,19.014538407531152,99996,5,5,0,0,50,35,0.0008500340013600544,12,2,49938,49962,43,29,0,0,0,0,0,0,99921,0,0,0,0,0,0,0,0,0,0,75,0,0,0,0,0,0
19,1290,20.102306736715438,99996,6,5,0,0,52,36,0.0008800352014080563,11,3,49937,49961,44,29,0,0,0,0,0,0,99919,0,0,0,0,0,0,0,0,0,0,77,0,0,0,0,0,0
20,1290,21.082535470048015,99996,8,7,0,0,55,38,0.0009300372014880595,8,2,49937,49960,45,29,0,0,0,0,0,0,99918,0,0,0,0,0,0,0,0,0,0,78,0,0,0,0,0,0
21,1290,22.140322471385275,99996,7,5,0,0,57,39,0.0009600384015360614,7,1,49936,49960,48,32,0,0,0,0,0,0,99912,0,0,0,0,0,0,0,0,0,0,84,0,0,0,0,0,0
22,1290,23.070166435444655,99996,7,4,0,0,59,39,0.0009800392015680626,6,1,49935,49961,50,32,0,0,0,0,0,0,99909,0,0,0,0,0,0,0,0,0,0,87,0,0,0,0,0,0
23,1290,24.240428104468982,99996,5,3,0,0,59,39,0.0009800392015680626,6,1,49936,49961,51,33,0,0,0,0,0,0,99906,0,0,0,0,0,0,0,0,0,0,90,0,0,0,0,0,0
24,1290,25.290859041439163,99996,8,3,0,0,63,39,0.0010200408016320653,3,2,49935,49960,52,33,0,0,0,0,0,0,99905,0,0,0,0,0,0,0,0,0,0,91,0,0,0,0,0,0
25,1290,26.018437599573584,99996,9,3,0,0,65,40,0.0010500420016800673,1,2,49935,49959,53,34,0,0,0,0,0,0,99903,0,0,0,0,0,0,0,0,0,0,93,0,0,0,0,0,0
26,1290,27.15964947099532,99996,9,4,0,0,66,41,0.0010700428017120685,2,2,49933,49958,54,34,0,0,0,0,0,0,99902,0,0,0,0,0,0,0,0,0,0,94,0,0,0,0,0,0
27,1290,28.28528707085611,99996,8,3,0,0,66,41,0.0010700428017120685,2,2,49933,49958,55,35,0,0,0,0,0,0,99900,0,0,0,0,0,0,0,0,0,0,96,0,0,0,0,0,0
28,1290,29.140845716672196,99996,8,4,0,0,67,42,0.0010900436017440697,2,3,49932,49956,56,35,0,0,0,0,0,0,99899,0,0,0,0,0,0,0,0,0,0,97,0,0,0,0,0,0
29,1290,30.07035076712543,99996,9,3,0,0,68,43,0.001110044401776071,3,2,49930,49956,56,37,0,0,0,0,0,0,99897,0,0,0,0,0,0,0,0,0,0,99,0,0,0,0,0,0
30,1290,31.01679139300155,99996,10,2,0,0,71,43,0.001140045601824073,5,3,49925,49955,58,38,0,0,0,0,0,0,99894,0,0,0,0,0,0,0,0,0,0,102,0,0,0,0,0,0
31,1290,32.19274239369699,99996,9,2,0,0,72,43,0.0011500460018400735,6,3,49923,49955,60,38,0,0,0,0,0,0,99892,0,0,0,0,0,0,0,0,0,0,104,0,0,0,0,0,0
32,1290,33.182029500917665,99996,10,2,0,0,75,43,0.0011800472018880755,5,4,49921,49954,62,38,0,0,0,0,0,0,99890,0,0,0,0,0,0,0,0,0,0,106,0,0,0,0,0,0
33,1290,34.09598158765562,99996,9,2,0,0,75,43,0.0011800472018880755,6,4,49920,49954,63,38,0,0,0,0,0,0,99889,0,0,0,0,0,0,0,0,0,0,107,0,0,0,0,0,0
34,1290,35.187523635046624,99996,10,3,0,0,76,45,0.0012100484019360775,6,3,49919,49953,63,39,0,0,0,0,0,0,99888,0,0,0,0,0,0,0,0,0,0,108,0,0,0,0,0,0
35,1290,36.08512078755547,99996,7,3,0,0,76,45,0.0012100484019360775,6,4,49919,49952,66,39,0,0,0,0,0,0,99885,0,0,0,0,0,0,0,0,0,0,111,0,0,0,0,0,0
36,1290,37.037523452731556,99996,8,5,0,0,78,47,0.00125005000200008,4,2,49919,49952,67,39,0,0,0,0,0,0,99884,0,0,0,0,0,0,0,0,0,0,112,0,0,0,0,0,0
37,1290,38.01661871644746,99996,9,6,0,0,79,48,0.0012700508020320814,5,1,49918,49952,66,39,0,0,0,0,0,0,99884,0,0,0,0,0,0,0,0,0,0,112,0,0,0,0,0,0
38,1290,39.180482984481245,99996,8,5,0,0,79,48,0.0012700508020320814,5,1,49918,49952,67,40,0,0,0,0,0,0,99882,0,0,0,0,0,0,0,0,0,0,114,0,0,0,0,0,0
39,1290,40.265259403491875,99996,6,4,0,0,79,48,0.0012700508020320814,6,2,49917,49951,69,41,0,0,0,0,0,0,99879,0,0,0,0,0,0,0,0,0,0,117,0,0,0,0,0,0
40,1290,41.084073274458575,99996,7,4,0,0,81,48,0.0012900516020640826,7,3,49917,49950,67,41,0,0,0,0,0,0,99878,0,0,0,0,0,0,0,0,0,0,118,0,0,0,0,0,0
41,1290,42.025875650571514,99996,7,4,0,0,84,48,0.0013200528021120844,5,3,49916,49950,70,41,0,0,0,0,0,0,99875,0,0,0,0,0,0,0,0,0,0,121,0,0,0,0,0,0
42,1290,43.03399734983984,99996,10,5,0,0,88,49,0.0013700548021920876,4,3,49913,49951,71,39,0,0,0,0,0,0,99874,0,0,0,0,0,0,0,0,0,0,122,0,0,0,0,0,0
43,1290,44.17762358782071,99996,10,4,0,0,89,49,0.0013800552022080884,4,3,49912,49951,72,40,0,0,0,0,0,0,99872,0,0,0,0,0,0,0,0,0,0,124,0,0,0,0,0,0
44,1290,45.17170538570159,99996,9,4,0,0,90,50,0.0014000560022400896,4,2,49913,49952,72,40,0,0,0,0,0,0,99869,0,0,0,0,0,0,0,0,0,0,127,0,0,0,0,0,0
45,1290,46.024741855474616,99996,9,3,0,0,91,50,0.0014100564022560902,4,2,49912,49952,73,41,0,0,0,0,0,0,99867,0,0,0,0,0,0,0,0,0,0,129,0,0,0,0,0,0
46,1290,47.1449429267008,99996,9,2,0,0,93,51,0.0014400576023040922,5,3,49909,49950,75,43,0,0,0,0,0,0,99863,0,0,0,0,0,0,0,0,0,0,133,0,0,0,0,0,0
47,1290,48.27510098608352,99996,11,3,0,0,96,52,0.0014800592023680947,5,3,49906,49949,76,43,0,0,0,0,0,0,99862,0,0,0,0,0,0,0,0,0,0,134,0,0,0,0,0,0
48,1290,49.07370407004973,99996,11,4,0,0,97,53,0.001500060002400096,4,2,49906,49949,77,43,0,0,0,0,0,0,99861,0,0,0,0,0,0,0,0,0,0,135,0,0,0,0,0,0
49,1290,50.05765877822482,99996,10,4,0,0,99,54,0.0015300612024480979,5,3,49903,49947,80,44,0,0,0,0,0,0,99857,0,0,0,0,0,0,0,0,0,0,139,0,0,0,0,0,0
50,1290,51.04492429006743,99996,7,5,0,0,100,55,0.0015500620024800993,4,4,49904,49946,83,43,0,0,0,0,0,0,99853,0,0,0,0,0,0,0,0,0,0,143,0,0,0,0,0,0
51,1290,52.075719277004545,99996,8,6,0,0,103,58,0.0016100644025761031,3,1,49903,49946,84,45,0,0,0,0,0,0,99849,0,0,0,0,0,0,0,0,0,0,147,0,0,0,0,0,0
52,1290,53.244735863252686,99996,8,6,0,0,104,58,0.0016200648025921037,2,1,49903,49946,85,45,0,0,0,0,0,0,99848,0,0,0,0,0,0,0,0,0,0,148,0,0,0,0,0,0
53,1290,54.3131934551661,99996,7,6,0,0,104,58,0.0016200648025921037,2,2,49904,49945,85,45,0,0,0,0,0,0,99847,0,0,0,0,0,0,0,0,0,0,149,0,0,0,0,0,0
54,1290,55.17633327102402,99996,6,6,0,0,104,58,0.0016200648025921037,4,2,49902,49945,86,45,0,0,0,0,0,0,99846,0,0,0,0,0,0,0,0,0,0,150,0,0,0,0,0,0
55,1290,56.02832916877086,99996,6,5,0,0,105,58,0.0016300652026081043,7,2,49898,49945,87,46,0,0,0,0,0,0,99844,0,0,0,0,0,0,0,0,0,0,152,0,0,0,0,0,0
56,1290,57.04629973383335,99996,6,7,0,0,105,60,0.0016500660026401055,8,2,49897,49943,87,46,0,0,0,0,0,0,99844,0,0,0,0,0,0,0,0,0,0,152,0,0,0,0,0,0
57,1290,58.116125701180515,99996,3,4,0,0,105,61,0.0016600664026561063,9,2,49896,49943,90,49,0,0,0,0,0,0,99837,0,0,0,0,0,0,0,0,0,0,159,0,0,0,0,0,0
58,1290,59.02623804075379,99996,4,5,0,0,107,62,0.0016900676027041082,8,1,49895,49943,91,49,0,0,0,0,0,0,99836,0,0,0,0,0,0,0,0,0,0,160,0,0,0,0,0,0
59,1290,60.20554398891876,99995,4,4,0,1,109,63,0.001720086004300215,8,0,49893,49943,93,50,0,0,0,0,0,0,99832,0,0,0,0,0,0,0,0,0,0,163,0,0,0,0,0,0
60,1290,61.207455464257436,99995,6,2,0,1,113,63,0.00176008800440022,5,0,49893,49943,94,52,0,0,0,0,0,0,99828,0,0,0,0,0,0,0,0,0,0,167,0,0,0,0,0,0
61,1290,62.269303106587365,99995,6,2,0,1,116,63,0.0017900895044752237,3,1,49893,49942,96,52,0,0,0,0,0,0,99825,0,0,0,0,0,0,0,0,0,0,170,0,0,0,0,0,0
62,1290,63.018670496741876,99995,5,2,0,1,116,63,0.0017900895044752237,3,1,49893,49942,97,52,0,0,0,0,0,0,99824,0,0,0,0,0,0,0,0,0,0,171,0,0,0,0,0,0
63,1290,64.06227434280248,99995,4,2,0,1,116,63,0.0017900895044752237,4,1,49892,49942,98,52,0,0,0,0,0,0,99823,0,0,0,0,0,0,0,0,0,0,172,0,0,0,0,0,0
64,1290,65.12335340961641,99995,3,3,0,1,116,64,0.001800090004500225,4,1,49893,49942,98,51,0,0,0,0,0,0,99822,0,0,0,0,0,0,0,0,0,0,173,0,0,0,0,0,0
65,1290,66.18914944401105,99995,3,3,0,1,117,64,0.0018100905045252262,3,2,49893,49941,99,51,0,0,0,0,0,0,99821,0,0,0,0,0,0,0,0,0,0,174,0,0,0,0,0,0
66,1290,67.04974461774825,99995,2,4,0,1,117,65,0.0018200910045502274,3,1,49896,49941,97,51,0,0,0,0,0,0,99820,0,0,0,0,0,0,0,0,0,0,175,0,0,0,0,0,0
67,1290,68.03245475159288,99995,2,4,0,1,117,65,0.0018200910045502274,3,1,49896,49941,97,51,0,0,0,0,0,0,99820,0,0,0,0,0,0,0,0,0,0,175,0,0,0,0,0,0
68,1290,69.00621364994629,99995,3,3,0,1,118,65,0.0018300915045752287,2,1,49896,49942,97,51,0,0,0,0,0,0,99819,0,0,0,0,0,0,0,0,0,0,176,0,0,0,0,0,0
69,1290,70.32292460030389,99995,3,2,0,1,119,65,0.00184009200460023,3,1,49894,49942,98,52,0,0,0,0,0,0,99817,0,0,0,0,0,0,0,0,0,0,178,0,0,0,0,0,0
70,1290,71.10669628817058,99995,4,1,0,1,120,65,0.0018500925046252312,2,1,49895,49943,97,52,0,0,0,0,0,0,99816,0,0,0,0,0,0,0,0,0,0,179,0,0,0,0,0,0
71,1290,72.08943049103323,99995,4,2,0,1,120,66,0.0018600930046502326,2,0,49895,49943,97,52,0,0,0,0,0,0,99816,0,0,0,0,0,0,0,0,0,0,179,0,0,0,0,0,0
72,1290,73.1113569303837,99995,3,1,0,1,120,66,0.0018600930046502326,4,1,49893,49942,98,53,0,0,0,0,0,0,99814,0,0,0,0,0,0,0,0,0,0,181,0,0,0,0,0,0
73,1290,74.03398935364389,99995,4,1,0,1,121,66,0.0018700935046752339,4,2,49892,49941,98,53,0,0,0,0,0,0,99814,0,0,0,0,0,0,0,0,0,0,181,0,0,0,0,0,0
74,1290,75.10430575703754,99995,5,0,0,1,122,66,0.0018800940047002351,3,2,49894,49941,96,54,0,0,0,0,0,0,99813,0,0,0,0,0,0,0,0,0,0,182,0,0,0,0,0,0
75,1290,76.10319245617823,99995,5,2,0,1,122,68,0.0019000950047502376,3,0,49894,49941,96,54,0,0,0,0,0,0,99813,0,0,0,0,0,0,0,0,0,0,182,0,0,0,0,0,0
76,1290,77.03527457820267,99995,6,2,0,1,123,68,0.0019100955047752389,4,0,49893,49941,95,54,0,0,0,0,0,0,99813,0,0,0,0,0,0,0,0,0,0,182,0,0,0,0,0,0
77,1290,78.01799950554344,99995,7,2,0,1,124,68,0.0019200960048002401,5,1,49891,49940,95,54,0,0,0,0,0,0,99813,0,0,0,0,0,0,0,0,0,0,182,0,0,0,0,0,0
78,1290,79.19558329115347,99995,6,2,0,1,124,68,0.0019200960048002401,7,2,49890,49941,95,52,0,0,0,0,0,0,99812,0,0,0,0,0,0,0,0,0,0,183,0,0,0,0,0,0
79,1290,80.04392959910703,99995,8,4,0,1,126,70,0.001960098004900245,5,2,49892,49939,93,52,0,0,0,0,0,0,99812,0,0,0,0,0,0,0,0,0,0,183,0,0,0,0,0,0
80,1290,81.21452506147514,99995,10,3,0,1,129,70,0.0019900995049752486,3,6,49891,49935,94,53,0,0,0,0,0,0,99810,0,0,0,0,0,0,0,0,0,0,185,0,0,0,0,0,0
81,1290,82.0970059732047,99995,7,3,0,1,129,70,0.0019900995049752486,3,6,49891,49935,97,53,0,0,0,0,0,0,99807,0,0,0,0,0,0,0,0,0,0,188,0,0,0,0,0,0
82,1290,83.03222871391341,99995,6,3,0,1,130,70,0.00200010000500025,3,7,49890,49934,99,53,0,0,0,0,0,0,99805,0,0,0,0,0,0,0,0,0,0,190,0,0,0,0,0,0
83,1290,84.04915217621306,99995,5,6,0,1,130,73,0.0020301015050752536,3,5,49890,49933,100,53,0,0,0,0,0,0,99804,0,0,0,0,0,0,0,0,0,0,191,0,0,0,0,0,0
84,1290,85.14981102665004,99995,5,7,0,1,132,78,0.0021001050052502626,6,0,49885,49933,102,57,0,0,0,0,0,0,99798,0,0,0,0,0,0,0,0,0,0,197,0,0,0,0,0,0
85,1290,86.06431550942939,99995,5,7,0,1,132,78,0.0021001050052502626,7,2,49885,49931,101,57,0,0,0,0,0,0,99798,0,0,0,0,0,0,0,0,0,0,197,0,0,0,0,0,0
86,1290,87.04715600024741,99995,5,6,0,1,132,78,0.0021001050052502626,9,3,49884,49931,100,57,0,0,0,0,0,0,99797,0,0,0,0,0,0,0,0,0,0,198,0,0,0,0,0,0
87,1290,88.10422975498551,99995,4,7,0,1,132,79,0.0021101055052752636,10,2,49883,49931,101,57,0,0,0,0,0,0,99796,0,0,0,0,0,0,0,0,0,0,199,0,0,0,0,0,0
88,1290,89.28226864252512,99995,6,5,0,1,135,79,0.0021401070053502676,8,3,49883,49933,101,56,0,0,0,0,0,0,99793,0,0,0,0,0,0,0,0,0,0,202,0,0,0,0,0,0
89,1290,90.0810343955165,99995,7,4,0,1,136,79,0.0021501075053752686,7,3,49883,49933,101,57,0,0,0,0,0,0,99792,0,0,0,0,0,0,0,0,0,0,203,0,0,0,0,0,0
90,1290,91.07365695105413,99995,9,4,0,1,139,79,0.0021801090054502726,7,4,49880,49932,102,57,0,0,0,0,0,0,99791,0,0,0,0,0,0,0,0,0,0,204,0,0,0,0,0,0
91,1290,92.20921034109125,99995,12,4,0,1,142,79,0.002210110505525276,7,7,49877,49929,102,57,0,0,0,0,0,0,99791,0,0,0,0,0,0,0,0,0,0,204,0,0,0,0,0,0
92,1290,93.11477611482287,99995,16,7,0,1,147,84,0.0023101155057752886,4,3,49875,49928,103,59,0,0,0,0,0,0,99788,0,0,0,0,0,0,0,0,0,0,207,0,0,0,0,0,0
93,1290,94.07818169219168,99995,15,5,0,1,148,85,0.002330116505825291,4,5,49874,49925,105,62,0,0,0,0,0,0,99783,0,0,0,0,0,0,0,0,0,0,212,0,0,0,0,0,0
94,1290,95.0012909233385,99995,11,8,0,1,148,88,0.002360118005900295,6,2,49872,49926,109,61,0,0,0,0,0,0,99779,0,0,0,0,0,0,0,0,0,0,216,0,0,0,0,0,0
95,1290,96.17407669334838,99995,11,7,0,1,149,88,0.002370118505925296,11,3,49868,49926,108,61,0,0,0,0,0,0,99777,0,0,0,0,0,0,0,0,0,0,218,0,0,0,0,0,0
96,1290,97.0751716614447,99995,11,6,0,1,151,88,0.0023901195059752986,9,3,49869,49926,109,62,0,0,0,0,0,0,99774,0,0,0,0,0,0,0,0,0,0,221,0,0,0,0,0,0
97,1290,98.00647554990962,99995,11,5,0,1,153,89,0.0024201210060503025,11,3,49865,49925,111,64,0,0,0,0,0,0,99770,0,0,0,0,0,0,0,0,0,0,225,0,0,0,0,0,0
98,1290,99.16567772490555,99995,10,2,0,1,153,89,0.0024201210060503025,12,4,49864,49924,112,67,0,0,0,0,0,0,99766,0,0,0,0,0,0,0,0,0,0,229,0,0,0,0,0,0
99,1290,100.06478062932416,99995,10,4,0,1,156,91,0.0024701235061753085,10,4,49865,49922,113,67,0,0,0,0,0,0,99763,0,0,0,0,0,0,0,0,0,0,232,0,0,0,0,0,0
100,1290,101.2437994448155,99995,11,5,0,1,161,92,0.0025301265063253165,6,6,49864,49919,117,67,0,0,0,0,0,0,99759,0,0,0,0,0,0,0,0,0,0,236,0,0,0,0,0,0
101,1290,102.26599575260012,99995,12,7,0,1,165,94,0.002590129506475324,4,7,49862,49916,120,67,0,0,0,0,0,0,99756,0,0,0,0,0,0,0,0,0,0,239,0,0,0,0,0,0
102,1290,103.3101875797312,99995,12,8,0,1,165,95,0.002600130006500325,5,7,49861,49916,120,66,0,0,0,0,0,0,99756,0,0,0,0,0,0,0,0,0,0,239,0,0,0,0,0,0
103,1290,104.00356180847926,99995,11,8,0,1,165,96,0.0026101305065253265,5,6,49862,49916,120,67,0,0,0,0,0,0,99754,0,0,0,0,0,0,0,0,0,0,241,0,0,0,0,0,0
104,1290,105.15307318497491,99995,14,10,0,1,169,98,0.002670133506675334,3,5,49860,49915,121,67,0,0,0,0,0,0,99753,0,0,0,0,0,0,0,0,0,0,242,0,0,0,0,0,0
105,1290,106.18027816446303,99995,12,7,0,1,169,98,0.002670133506675334,4,7,49859,49913,123,70,0,0,0,0,0,0,99748,0,0,0,0,0,0,0,0,0,0,247,0,0,0,0,0,0
106,1290,107.04913574771115,99995,13,8,0,1,171,100,0.002710135506775339,3,5,49858,49913,124,71,0,0,0,0,0,0,99746,0,0,0,0,0,0,0,0,0,0,249,0,0,0,0,0,0
107,1290,108.3213174213614,99995,15,6,0,1,174,100,0.0027401370068503425,5,8,49853,49910,125,73,0,0,0,0,0,0,99743,0,0,0,0,0,0,0,0,0,0,252,0,0,0,0,0,0
108,1290,109.07793270106367,99995,16,6,0,1,175,100,0.002750137506875344,7,8,49851,49910,124,73,0,0,0,0,0,0,99743,0,0,0,0,0,0,0,0,0,0,252,0,0,0,0,0,0
109,1290,110.00277929310943,99995,17,7,0,1,178,103,0.0028101405070253514,5,6,49850,49909,126,75,0,0,0,0,0,0,99739,0,0,0,0,0,0,0,0,0,0,256,0,0,0,0,0,0
110,1290,111.06181926914037,99995,16,8,0,1,180,105,0.0028501425071253564,5,6,49849,49907,128,76,0,0,0,0,0,0,99735,0,0,0,0,0,0,0,0,0,0,260,0,0,0,0,0,0
111,1290,112.06678426683837,99995,15,7,0,1,180,105,0.0028501425071253564,9,7,49845,49906,129,77,0,0,0,0,0,0,99733,0,0,0,0,0,0,0,0,0,0,262,0,0,0,0,0,0
112,1290,113.0818873566022,99995,18,10,0,1,185,108,0.0029301465073253664,4,6,49845,49904,131,77,0,0,0,0,0,0,99731,0,0,0,0,0,0,0,0,0,0,264,0,0,0,0,0,0
113,1290,114.10273647132986,99995,19,9,0,1,186,110,0.00296014800740037,7,7,49841,49902,131,79,0,0,0,0,0,0,99728,0,0,0,0,0,0,0,0,0,0,267,0,0,0,0,0,0
114,1290,115.03480340798619,99995,19,10,0,1,188,112,0.003000150007500375,9,6,49837,49901,133,80,0,0,0,0,0,0,99725,0,0,0,0,0,0,0,0,0,0,270,0,0,0,0,0,0
115,1290,116.06929178959219,99995,16,11,0,1,190,115,0.0030501525076253814,9,4,49835,49900,138,82,0,0,0,0,0,0,99718,0,0,0,0,0,0,0,0,0,0,277,0,0,0,0,0,0
116,1290,117.12077825501713,99995,15,8,0,1,193,117,0.0031001550077503874,9,4,49832,49898,142,87,0,0,0,0,0,0,99709,0,0,0,0,0,0,0,0,0,0,286,0,0,0,0,0,0
117,1290,118.0204919403478,99995,16,8,0,1,195,117,0.00312015600780039,11,5,49828,49898,143,86,0,0,0,0,0,0,99708,0,0,0,0,0,0,0,0,0,0,287,0,0,0,0,0,0
118,1290,119.13862515303661,99995,16,10,0,1,198,120,0.0031801590079503974,10,3,49827,49897,145,87,0,0,0,0,0,0,99704,0,0,0,0,0,0,0,0,0,0,291,0,0,0,0,0,0
119,1290,120.02105962688027,99995,17,11,0,1,200,122,0.0032201610080504024,9,3,49826,49896,146,87,0,0,0,0,0,0,99702,0,0,0,0,0,0,0,0,0,0,293,0,0,0,0,0,0
120,1290,121.03542171389174,99995,17,13,0,1,201,124,0.0032501625081254064,10,1,49824,49896,147,87,0,0,0,0,0,0,99701,0,0,0,0,0,0,0,0,0,0,294,0,0,0,0,0,0
121,1290,122.12325370317768,99995,17,13,0,1,203,126,0.0032901645082254113,13,1,49819,49894,149,89,0,0,0,0,0,0,99697,0,0,0,0,0,0,0,0,0,0,298,0,0,0,0,0,0
122,1290,123.20118238690388,99995,16,10,0,1,205,126,0.003310165508275414,12,4,49819,49891,151,92,0,0,0,0,0,0,99691,0,0,0,0,0,0,0,0,0,0,304,0,0,0,0,0,0
123,1290,124.19431226319098,99995,18,10,0,1,209,127,0.00336016800840042,10,4,49817,49890,153,93,0,0,0,0,0,0,99688,0,0,0,0,0,0,0,0,0,0,307,0,0,0,0,0,0
124,1290,125.03646537699508,99995,17,11,0,1,209,128,0.0033701685084254213,12,4,49815,49889,154,93,0,0,0,0,0,0,99687,0,0,0,0,0,0,0,0,0,0,308,0,0,0,0,0,0
125,1290,126.03345663366626,99995,15,11,0,1,211,129,0.003400170008500425,11,3,49815,49889,157,94,0,0,0,0,0,0,99682,0,0,0,0,0,0,0,0,0,0,313,0,0,0,0,0,0
126,1290,127.14886052168893,99995,17,9,0,1,214,130,0.00344017200860043,9,2,49814,49889,158,97,0,0,0,0,0,0,99678,0,0,0,0,0,0,0,0,0,0,317,0,0,0,0,0,0
127,1290,128.1300785678511,99995,15,6,0,1,215,130,0.0034501725086254313,8,4,49815,49888,160,99,0,0,0,0,0,0,99672,0,0,0,0,0,0,0,0,0,0,323,0,0,0,0,0,0
128,1290,129.21227638482497,99995,14,8,0,1,218,133,0.003510175508775439,5,5,49816,49885,163,99,0,0,0,0,0,0,99667,0,0,0,0,0,0,0,0,0,0,328,0,0,0,0,0,0
129,1290,130.04960007264543,99995,12,8,0,1,219,133,0.00352017600880044,8,7,49812,49883,166,99,0,0,0,0,0,0,99664,0,0,0,0,0,0,0,0,0,0,331,0,0,0,0,0,0
130,1290,131.10706786732496,99995,12,11,0,1,219,136,0.003550177508875444,11,6,49809,49881,166,99,0,0,0,0,0,0,99664,0,0,0,0,0,0,0,0,0,0,331,0,0,0,0,0,0
131,1290,132.07787840548517,99995,13,9,0,1,221,137,0.0035801790089504473,13,5,49805,49881,167,102,0,0,0,0,0,0,99660,0,0,0,0,0,0,0,0,0,0,335,0,0,0,0,0,0
132,1290,133.03524692086577,99995,14,9,0,1,224,138,0.0036201810090504523,12,4,49803,49881,169,103,0,0,0,0,0,0,99657,0,0,0,0,0,0,0,0,0,0,338,0,0,0,0,0,0
133,1290,134.04046504481693,99995,15,8,0,1,228,138,0.0036601830091504573,13,6,49798,49879,172,104,0,0,0,0,0,0,99653,0,0,0,0,0,0,0,0,0,0,342,0,0,0,0,0,0
134,1290,135.03653490200583,99995,15,6,0,1,229,138,0.0036701835091754588,15,6,49795,49879,173,106,0,0,0,0,0,0,99650,0,0,0,0,0,0,0,0,0,0,345,0,0,0,0,0,0
135,1290,136.0254197934313,99995,18,8,0,1,233,141,0.0037401870093504677,14,5,49792,49877,174,107,0,0,0,0,0,0,99648,0,0,0,0,0,0,0,0,0,0,347,0,0,0,0,0,0
136,1290,137.02514260398968,99995,17,9,0,1,236,143,0.0037901895094754738,14,4,49790,49876,177,108,0,0,0,0,0,0,99643,0,0,0,0,0,0,0,0,0,0,352,0,0,0,0,0,0
137,1290,138.1811542212399,99995,19,8,0,1,240,143,0.0038301915095754788,13,5,49788,49875,178,109,0,0,0,0,0,0,99640,0,0,0,0,0,0,0,0,0,0,355,0,0,0,0,0,0
138,1290,139.0200964973803,99995,20,8,0,1,244,144,0.003880194009700485,10,4,49788,49876,180,109,0,0,0,0,0,0,99636,0,0,0,0,0,0,0,0,0,0,359,0,0,0,0,0,0
139,1290,140.0134657680873,99995,18,9,0,1,246,145,0.003910195509775489,12,5,49785,49875,183,108,0,0,0,0,0,0,99632,0,0,0,0,0,0,0,0,0,0,363,0,0,0,0,0,0
140,1290,141.2503773254357,99995,20,11,0,1,251,147,0.003980199009950497,14,6,49778,49873,186,107,0,0,0,0,0,0,99629,0,0,0,0,0,0,0,0,0,0,366,0,0,0,0,0,0
141,1290,142.31311719930508,99995,19,10,0,1,254,147,0.004010200510025501,11,6,49779,49873,189,108,0,0,0,0,0,0,99624,0,0,0,0,0,0,0,0,0,0,371,0,0,0,0,0,0
142,1290,143.00901280283506,99995,19,13,0,1,256,151,0.004070203510175509,11,6,49777,49869,191,109,0,0,0,0,0,0,99621,0,0,0,0,0,0,0,0,0,0,374,0,0,0,0,0,0
143,1290,144.0312055742089,99995,17,12,0,1,257,152,0.004090204510225511,14,7,49775,49867,192,111,0,0,0,0,0,0,99616,0,0,0,0,0,0,0,0,0,0,379,0,0,0,0,0,0
144,1290,145.05116756635132,99995,16,12,0,1,260,153,0.004130206510325516,17,6,49769,49868,196,111,0,0,0,0,0,0,99611,0,0,0,0,0,0,0,0,0,0,384,0,0,0,0,0,0
145,1290,146.19970607864408,99995,14,10,0,1,263,153,0.00416020801040052,18,8,49766,49867,200,112,0,0,0,0,0,0,99604,0,0,0,0,0,0,0,0,0,0,391,0,0,0,0,0,0
146,1290,147.12730088170773,99995,13,11,0,1,265,155,0.004200210010500525,20,8,49762,49865,203,113,0,0,0,0,0,0,99600,0,0,0,0,0,0,0,0,0,0,395,0,0,0,0,0,0
147,1290,148.01338101413458,99995,13,10,0,1,268,157,0.004250212510625531,19,6,49760,49865,206,116,0,0,0,0,0,0,99594,0,0,0,0,0,0,0,0,0,0,401,0,0,0,0,0,0
148,1290,149.00344697303984,99995,16,11,0,1,273,160,0.004330216510825541,16,6,49760,49862,206,118,0,0,0,0,0,0,99590,0,0,0,0,0,0,0,0,0,0,405,0,0,0,0,0,0
149,1290,150.12880622704523,99995,16,11,0,1,274,163,0.004370218510925546,19,4,49756,49862,207,120,0,0,0,0,0,0,99586,0,0,0,0,0,0,0,0,0,0,409,0,0,0,0,0,0
150,1290,151.07721186971514,99995,19,12,0,1,278,164,0.004420221011050552,16,4,49755,49861,208,120,0,0,0,0,0,0,99585,0,0,0,0,0,0,0,0,0,0,410,0,0,0,0,0,0
151,1290,152.0213176292296,99995,22,13,0,1,285,166,0.004510225511275564,13,4,49752,49859,211,121,0,0,0,0,0,0,99580,0,0,0,0,0,0,0,0,0,0,415,0,0,0,0,0,0
152,1290,153.0057698055044,99995,26,11,0,1,292,167,0.004590229511475574,10,6,49750,49856,212,124,0,0,0,0,0,0,99574,0,0,0,0,0,0,0,0,0,0,421,0,0,0,0,0,0
153,1290,154.0262306033704,99995,23,9,0,1,293,167,0.004600230011500575,13,9,49746,49853,216,126,0,0,0,0,0,0,99568,0,0,0,0,0,0,0,0,0,0,427,0,0,0,0,0,0
154,1290,155.02585832037522,99995,25,9,0,1,298,167,0.004650232511625581,10,9,49745,49853,218,126,0,0,0,0,0,0,99565,0,0,0,0,0,0,0,0,0,0,430,0,0,0,0,0,0
155,1290,156.02531496867982,99995,21,9,0,1,300,169,0.004690234511725586,8,8,49746,49852,223,128,0,0,0,0,0,0,99557,0,0,0,0,0,0,0,0,0,0,438,0,0,0,0,0,0
156,1290,157.10922183387837,99995,18,10,0,1,301,172,0.004730236511825591,9,7,49744,49851,227,129,0,0,0,0,0,0,99551,0,0,0,0,0,0,0,0,0,0,444,0,0,0,0,0,0
157,1290,158.01912708370688,99995,14,10,0,1,302,173,0.004750237511875594,12,7,49741,49850,231,130,0,0,0,0,0,0,99545,0,0,0,0,0,0,0,0,0,0,450,0,0,0,0,0,0
158,1290,159.2468730164382,99995,13,11,0,1,303,175,0.004780239011950597,14,6,49738,49849,233,131,0,0,0,0,0,0,99542,0,0,0,0,0,0,0,0,0,0,453,0,0,0,0,0,0
159,1290,160.04713586432413,99995,7,7,0,1,303,176,0.004790239511975599,16,7,49737,49847,238,136,0,0,0,0,0,0,99531,0,0,0,0,0,0,0,0,0,0,464,0,0,0,0,0,0
160,1290,161.1090791321876,99995,10,8,0,1,309,177,0.004860243012150607,12,6,49736,49847,240,136,0,0,0,0,0,0,99528,0,0,0,0,0,0,0,0,0,0,467,0,0,0,0,0,0
161,1290,162.25195296325572,99995,10,9,0,1,311,180,0.004910245512275614,15,6,49731,49844,242,138,0,0,0,0,0,0,99524,0,0,0,0,0,0,0,0,0,0,471,0,0,0,0,0,0
162,1290,163.16712848079956,99995,8,8,0,1,312,181,0.004930246512325616,15,5,49730,49844,245,140,0,0,0,0,0,0,99519,0,0,0,0,0,0,0,0,0,0,476,0,0,0,0,0,0
163,1290,164.17367310216562,99995,13,7,0,1,318,181,0.004990249512475624,13,5,49726,49845,246,140,0,0,0,0,0,0,99517,0,0,0,0,0,0,0,0,0,0,478,0,0,0,0,0,0
164,1290,165.01119900841843,99995,11,6,0,1,319,182,0.005010250512525626,12,5,49726,49844,249,142,0,0,0,0,0,0,99512,0,0,0,0,0,0,0,0,0,0,483,0,0,0,0,0,0
165,1290,166.0084076503515,99995,11,7,0,1,322,184,0.005060253012650633,10,3,49726,49846,251,141,0,0,0,0,0,0,99508,0,0,0,0,0,0,0,0,0,0,487,0,0,0,0,0,0
166,1290,167.03911314286054,99995,11,9,0,1,323,186,0.005090254512725636,11,4,49726,49843,250,141,0,0,0,0,0,0,99507,0,0,0,0,0,0,0,0,0,0,488,0,0,0,0,0,0
167,1290,168.0677863453905,99995,13,8,0,1,325,186,0.005110255512775639,10,4,49726,49845,249,140,0,0,0,0,0,0,99506,0,0,0,0,0,0,0,0,0,0,489,0,0,0,0,0,0
168,1290,169.08153288644695,99995,10,8,0,1,325,189,0.005140257012850643,11,2,49726,49845,251,142,0,0,0,0,0,0,99500,0,0,0,0,0,0,0,0,0,0,495,0,0,0,0,0,0
169,1290,170.20803339342817,99995,10,6,0,1,327,189,0.005160258012900645,10,3,49725,49844,253,144,0,0,0,0,0,0,99496,0,0,0,0,0,0,0,0,0,0,499,0,0,0,0,0,0
170,1290,171.0648681390334,99995,10,6,0,1,328,189,0.005170258512925646,10,4,49725,49843,253,144,0,0,0,0,0,0,99495,0,0,0,0,0,0,0,0,0,0,500,0,0,0,0,0,0
171,1290,172.1380808864657,99995,10,7,0,1,329,190,0.005190259512975649,10,4,49725,49844,253,142,0,0,0,0,0,0,99494,0,0,0,0,0,0,0,0,0,0,501,0,0,0,0,0,0
172,1290,173.06641896762576,99995,11,7,0,1,332,191,0.005230261513075654,7,3,49725,49845,255,142,0,0,0,0,0,0,99491,0,0,0,0,0,0,0,0,0,0,504,0,0,0,0,0,0
173,1290,174.23568071703392,99995,12,7,0,1,336,194,0.005300265013250663,4,4,49725,49842,257,144,0,0,0,0,0,0,99485,0,0,0,0,0,0,0,0,0,0,510,0,0,0,0,0,0
174,1290,175.08029036271384,99995,13,6,0,1,338,195,0.005330266513325666,4,3,49724,49843,257,145,0,0,0,0,0,0,99482,0,0,0,0,0,0,0,0,0,0,513,0,0,0,0,0,0
175,1290,176.02945686792515,99995,13,6,0,1,340,196,0.00536026801340067,3,3,49725,49842,257,146,0,0,0,0,0,0,99479,0,0,0,0,0,0,0,0,0,0,516,0,0,0,0,0,0
176,1290,177.17387079540526,99995,11,7,0,1,341,197,0.005380269013450673,5,3,49724,49842,258,145,0,0,0,0,0,0,99476,0,0,0,0,0,0,0,0,0,0,519,0,0,0,0,0,0
177,1290,178.04493528899374,99995,12,7,0,1,342,198,0.005400270013500675,5,2,49723,49843,258,145,0,0,0,0,0,0,99475,0,0,0,0,0,0,0,0,0,0,520,0,0,0,0,0,0
178,1290,179.06924282724722,99995,14,7,0,1,344,199,0.005430271513575679,5,3,49722,49841,257,146,0,0,0,0,0,0,99474,0,0,0,0,0,0,0,0,0,0,521,0,0,0,0,0,0
179,1290,180.08240790082561,99995,13,9,0,1,345,201,0.005460273013650683,4,3,49723,49839,258,146,0,0,0,0,0,0,99472,0,0,0,0,0,0,0,0,0,0,523,0,0,0,0,0,0
180,1290,181.04334011040638,99995,13,10,0,1,347,203,0.005500275013750688,4,3,49722,49837,259,147,0,0,0,0,0,0,99469,0,0,0,0,0,0,0,0,0,0,526,0,0,0,0,0,0
181,1290,182.0077206044698,99995,13,10,0,1,347,204,0.005510275513775689,6,3,49720,49836,259,148,0,0,0,0,0,0,99468,0,0,0,0,0,0,0,0,0,0,527,0,0,0,0,0,0
182,1290,183.00140521584134,99995,9,9,0,1,347,205,0.00552027601380069,10,3,49717,49835,262,150,0,0,0,0,0,0,99462,0,0,0,0,0,0,0,0,0,0,533,0,0,0,0,0,0
183,1290,184.09770763048303,99995,10,9,0,1,349,205,0.005540277013850693,10,4,49715,49835,263,149,0,0,0,0,0,0,99461,0,0,0,0,0,0,0,0,0,0,534,0,0,0,0,0,0
184,1290,185.10888843824193,99995,13,7,0,1,352,205,0.005570278513925696,8,4,49714,49835,263,151,0,0,0,0,0,0,99459,0,0,0,0,0,0,0,0,0,0,536,0,0,0,0,0,0
185,1290,186.06885940332424,99995,11,8,0,1,353,207,0.0056002800140007,9,5,49713,49832,265,152,0,0,0,0,0,0,99455,0,0,0,0,0,0,0,0,0,0,540,0,0,0,0,0,0
186,1290,187.02015726543672,99995,16,9,0,1,358,208,0.005660283014150708,7,5,49710,49833,265,150,0,0,0,0,0,0,99455,0,0,0,0,0,0,0,0,0,0,540,0,0,0,0,0,0
187,1290,188.00731183570701,99995,14,10,0,1,359,209,0.00568028401420071,6,5,49710,49832,268,150,0,0,0,0,0,0,99452,0,0,0,0,0,0,0,0,0,0,543,0,0,0,0,0,0
188,1290,189.1363867709388,99995,14,12,0,1,362,211,0.005730286514325716,4,4,49713,49831,267,150,0,0,0,0,0,0,99450,0,0,1,0,0,0,0,0,0,0,544,0,0,0,0,0,0
189,1290,190.18362451701879,99995,15,11,0,1,364,213,0.005770288514425721,3,3,49713,49832,267,151,0,0,0,0,0,0,99446,0,0,1,0,0,0,0,0,0,0,548,0,0,0,0,0,0
190,1290,191.05206359676458,99995,11,11,0,1,364,214,0.005780289014450723,4,2,49712,49833,271,151,0,0,0,0,0,0,99441,0,0,1,0,0,0,0,0,0,0,553,0,0,0,0,0,0
191,1290,192.04401497198356,99995,12,9,0,1,365,214,0.005790289514475724,5,3,49711,49833,270,152,0,0,0,0,0,0,99439,0,0,1,0,0,0,0,0,0,0,555,0,0,0,0,0,0
192,1290,193.10804206976118,99994,12,10,1,1,367,216,0.0058303498209892595,5,2,49709,49833,271,152,0,0,0,0,0,0,99436,0,0,1,0,0,0,0,0,0,0,557,0,0,0,0,0,0
193,1290,194.17270228223202,99994,10,8,1,1,367,216,0.0058303498209892595,6,4,49709,49831,272,154,0,0,0,0,0,0,99432,0,0,1,0,0,0,0,0,0,0,561,0,0,0,0,0,0
194,1290,195.32273225924072,99994,10,7,1,1,369,217,0.005860351621097266,7,3,49707,49831,273,156,0,0,0,0,0,0,99428,0,0,1,0,0,0,0,0,0,0,565,0,0,0,0,0,0
195,1290,196.28957310245653,99994,9,6,1,1,369,217,0.005860351621097266,9,5,49706,49829,273,157,0,0,0,0,0,0,99426,0,0,1,0,0,0,0,0,0,0,567,0,0,0,0,0,0
196,1290,197.13316826670257,99994,5,6,1,1,369,218,0.005870352221133268,10,5,49705,49828,277,158,0,0,0,0,0,0,99421,0,0,1,0,0,0,0,0,0,0,572,0,0,0,0,0,0
197,1290,198.08866835053837,99994,7,7,1,1,372,219,0.005910354621277277,9,4,49703,49828,278,158,0,0,0,0,0,0,99420,0,0,1,0,0,0,0,0,0,0,573,0,0,0,0,0,0
198,1290,199.00613464481327,99994,4,8,1,1,374,221,0.005950357021421286,8,4,49703,49828,282,157,0,0,0,0,0,0,99414,0,0,1,0,0,0,0,0,0,0,579,0,0,0,0,0,0
199,1290,200.14964340410557,99994,6,6,1,1,376,221,0.005970358221493289,9,5,49701,49828,281,158,0,0,0,0,0,0,99412,0,0,1,0,0,0,0,0,0,0,581,0,0,0,0,0,0
200,1290,201.03571264675236,99994,7,6,1,1,377,221,0.0059803588215292915,9,5,49700,49829,281,157,0,0,0,0,0,0,99412,0,0,1,0,0,0,0,0,0,0,581,0,0,0,0,0,0
201,1290,202.06416562031112,99994,6,4,1,1,378,221,0.005990359421565294,11,5,49697,49829,283,159,0,0,0,0,0,0,99408,0,0,1,0,0,0,0,0,0,0,585,0,0,0,0,0,0
202,1290,203.02123422289878,99994,8,4,1,1,381,223,0.006040362421745305,10,5,49698,49828,281,160,0,0,0,0,0,0,99405,0,0,1,0,0,0,0,0,0,0,588,0,0,0,0,0,0
203,1290,204.11559714804466,99994,10,4,1,1,383,224,0.006070364221853311,9,4,49697,49829,281,160,0,0,0,0,0,0,99404,0,0,1,0,0,0,0,0,0,0,589,0,0,0,0,0,0
204,1290,205.2301410002927,99994,13,5,1,1,386,226,0.006120367222033322,7,2,49699,49829,278,161,0,0,0,0,0,0,99403,0,0,1,0,0,0,0,0,0,0,590,0,0,0,0,0,0
205,1290,206.04795498697274,99994,14,5,1,1,388,226,0.006140368422105327,8,2,49698,49829,277,161,0,0,0,0,0,0,99402,0,0,1,0,0,0,0,0,0,0,591,0,0,0,0,0,0
206,1290,207.0767585659886,99994,17,3,1,1,393,227,0.006200372022321339,4,1,49698,49830,278,163,0,0,0,0,0,0,99397,0,0,1,0,0,0,0,0,0,0,596,0,0,0,0,0,0
207,1290,208.10508310690648,99994,13,3,1,1,394,228,0.006220373222393344,5,2,49696,49828,283,164,0,0,0,0,0,0,99391,0,0,1,0,0,0,0,0,0,0,602,0,0,0,0,0,0
208,1290,209.17163003576917,99994,12,2,1,1,395,228,0.006230373822429346,4,2,49696,49828,285,165,0,0,0,0,0,0,99388,0,0,1,0,0,0,0,0,0,0,605,0,0,0,0,0,0
209,1290,210.08906692310987,99994,11,2,1,1,396,228,0.006240374422465348,5,4,49695,49826,286,165,0,0,0,0,0,0,99387,0,0,2,0,0,0,0,0,0,0,605,0,0,0,0,0,0
210,1290,211.01130109853156,99994,11,1,1,1,399,229,0.006280376822609356,4,3,49693,49827,289,166,0,0,0,0,0,0,99382,0,0,2,0,0,0,0,0,0,0,610,0,0,0,0,0,0
211,1290,212.03765472595498,99994,10,1,1,1,399,230,0.006290377422645359,5,2,49693,49829,289,165,0,0,0,0,0,0,99380,0,0,2,0,0,0,0,0,0,0,612,0,0,0,0,0,0
212,1290,213.24575170878052,99994,9,1,1,1,400,230,0.006300378022681361,9,2,49689,49831,290,163,0,0,0,0,0,0,99378,0,0,2,0,0,0,0,0,0,0,614,0,0,0,0,0,0
213,1290,214.23240999898292,99994,10,1,1,1,401,230,0.006310378622717363,9,2,49689,49832,289,162,0,0,0,0,0,0,99378,0,0,2,0,0,0,0,0,0,0,614,0,0,0,0,0,0
214,1290,215.13970543557207,99994,9,1,1,1,405,230,0.006350381022861372,6,2,49688,49832,294,162,0,0,0,0,0,0,99373,0,0,2,0,0,0,0,0,0,0,619,0,0,0,0,0,0
215,1290,216.17044604251427,99994,9,1,1,1,406,230,0.0063603816228973735,7,3,49687,49833,294,160,0,0,0,0,0,0,99372,0,0,2,0,0,0,0,0,0,0,620,0,0,0,0,0,0
216,1290,217.12705826532442,99994,8,2,1,1,407,231,0.006380382822969378,7,2,49686,49835,296,158,0,0,0,0,0,0,99370,0,0,2,0,0,0,0,0,0,0,622,0,0,0,0,0,0
217,1290,218.04765480248534,99994,9,2,1,1,410,231,0.006410384623077385,4,2,49686,49837,298,156,0,0,0,0,0,0,99368,0,0,2,0,0,0,0,0,0,0,624,0,0,0,0,0,0
218,1290,219.2266737534231,99994,8,3,1,1,411,232,0.006430385823149389,4,1,49685,49839,300,154,0,0,0,0,0,0,99366,0,0,2,0,0,0,0,0,0,0,626,0,0,0,0,0,0
219,1290,220.05717146403185,99994,7,2,1,1,412,232,0.0064403864231853914,3,3,49685,49837,302,155,0,0,0,0,0,0,99363,0,0,2,0,0,0,0,0,0,0,629,0,0,0,0,0,0
220,1290,221.06922581223984,99994,7,2,1,1,413,232,0.006450387023221394,3,3,49685,49837,302,155,0,0,0,0,0,0,99362,0,0,2,0,0,0,0,0,0,0,630,0,0,0,0,0,0
221,1290,222.14107247239616,99994,8,2,1,1,416,232,0.0064803888233294,2,4,49683,49836,304,155,0,0,0,0,0,0,99360,0,0,2,0,0,0,0,0,0,0,632,0,0,0,0,0,0
222,1290,223.15062653828426,99994,5,4,1,1,416,234,0.006500390023401404,4,3,49682,49838,306,152,0,0,0,0,0,0,99357,0,0,2,0,0,0,0,0,0,0,635,0,0,0,0,0,0
223,1290,224.23836078231062,99994,4,4,1,1,416,235,0.006510390623437406,4,2,49683,49838,306,153,0,0,0,0,0,0,99355,0,0,2,0,0,0,0,0,0,0,637,0,0,0,0,0,0
224,1290,225.2626662887361,99994,3,3,1,1,416,235,0.006510390623437406,4,2,49684,49838,306,154,0,0,0,0,0,0,99353,0,0,2,0,0,0,0,0,0,0,639,0,0,0,0,0,0
225,1290,226.0324520353316,99994,2,2,1,1,416,235,0.006510390623437406,5,3,49683,49837,307,155,0,0,0,0,0,0,99351,0,0,2,0,0,0,0,0,0,0,641,0,0,0,0,0,0
226,1290,227.14216256484235,99994,3,3,1,1,417,236,0.006530391823509411,5,2,49682,49838,307,154,0,0,0,0,0,0,99351,0,0,2,0,0,0,0,0,0,0,641,0,0,0,0,0,0
227,1290,228.22622017145594,99994,3,3,1,1,418,236,0.006540392423545413,5,2,49683,49838,306,154,0,0,0,0,0,0,99350,0,0,2,0,0,0,0,0,0,0,642,0,0,0,0,0,0
228,1290,229.213100923413,99994,3,3,1,1,418,236,0.006540392423545413,5,2,49684,49838,305,154,0,0,0,0,0,0,99350,0,0,2,0,0,0,0,0,0,0,642,0,0,0,0,0,0
229,1290,230.13684610157932,99994,4,4,1,1,419,237,0.006560393623617417,6,1,49683,49838,304,154,0,0,0,0,0,0,99350,0,0,2,0,0,0,0,0,0,0,642,0,0,0,0,0,0
230,1290,231.10608097449165,99994,5,3,1,1,422,237,0.006590395423725423,5,2,49682,49837,305,155,0,0,0,0,0,0,99347,0,0,2,0,0,0,0,0,0,0,645,0,0,0,0,0,0
231,1290,232.1217450379204,99994,4,2,1,1,422,237,0.006590395423725423,6,2,49682,49838,305,155,0,0,0,0,0,0,99345,0,0,2,0,0,0,0,0,0,0,647,0,0,0,0,0,0
232,1290,233.05229696306435,99994,4,2,1,1,423,237,0.006600396023761426,5,2,49682,49839,306,154,0,0,0,0,0,0,99344,0,0,2,0,0,0,0,0,0,0,648,0,0,0,0,0,0
233,1290,234.0391988293347,99994,4,2,1,1,423,237,0.006600396023761426,7,3,49682,49838,304,154,0,0,0,0,0,0,99344,0,0,2,0,0,0,0,0,0,0,648,0,0,0,0,0,0
234,1290,235.0260849880899,99994,4,2,1,1,423,237,0.006600396023761426,7,4,49684,49837,302,154,0,0,0,0,0,0,99344,0,0,2,0,0,0,0,0,0,0,648,0,0,0,0,0,0
235,1290,236.1825531354223,99994,5,3,1,1,424,239,0.006630397823869432,7,2,49683,49837,302,155,0,0,0,0,0,0,99343,0,0,2,0,0,0,0,0,0,0,649,0,0,0,0,0,0
236,1290,237.11085796500146,99994,5,4,1,1,425,240,0.006650399023941436,7,1,49683,49837,302,155,0,0,0,0,0,0,99342,0,0,2,0,0,0,0,0,0,0,650,0,0,0,0,0,0
237,1290,238.09769955153655,99994,5,4,1,1,425,240,0.006650399023941436,7,2,49684,49837,301,154,0,0,0,0,0,0,99342,0,0,2,0,0,0,0,0,0,0,650,0,0,0,0,0,0
238,1290,239.04564086565878,99994,5,4,1,1,427,240,0.0066704002240134406,5,2,49684,49838,303,153,0,0,0,0,0,0,99340,0,0,2,0,0,0,0,0,0,0,652,0,0,0,0,0,0
239,1290,240.20111798962913,99994,4,3,1,1,428,240,0.006680400824049443,6,2,49683,49839,304,153,0,0,0,0,0,0,99337,0,0,2,0,0,0,0,0,0,0,655,0,0,0,0,0,0
240,1290,241.18798476712243,99994,4,3,1,1,428,240,0.006680400824049443,8,2,49682,49839,303,153,0,0,0,0,0,0,99337,0,0,2,0,0,0,0,0,0,0,655,0,0,0,0,0,0
241,1290,242.0183232669642,99994,4,3,1,1,428,241,0.006690401424085445,9,1,49682,49839,302,154,0,0,0,0,0,0,99336,0,0,2,0,0,0,0,0,0,0,656,0,0,0,0,0,0
242,1290,243.03575429561374,99994,7,3,1,1,431,241,0.006720403224193452,7,1,49683,49839,300,154,0,0,0,0,0,0,99336,0,0,2,0,0,0,0,0,0,0,656,0,0,0,0,0,0
243,1290,244.18497574103858,99994,8,4,1,1,433,242,0.006750405024301458,7,0,49681,49839,301,154,0,0,0,0,0,0,99335,0,0,2,0,0,0,0,0,0,0,657,0,0,0,0,0,0
244,1290,245.03480628413453,99994,6,3,1,1,434,242,0.00676040562433746,7,1,49682,49838,302,155,0,0,0,0,0,0,99331,0,0,2,0,0,0,0,0,0,0,661,0,0,0,0,0,0
245,1290,246.25540745176713,99994,8,5,1,1,436,244,0.006800408024481469,7,0,49681,49838,301,154,0,0,0,0,0,0,99331,0,0,2,0,0,0,0,0,0,0,661,0,0,0,0,0,0
246,1290,247.22411677434098,99994,10,5,1,1,438,244,0.006820409224553473,7,1,49679,49838,301,153,0,0,0,0,0,0,99331,0,0,2,0,0,0,0,0,0,0,661,0,0,0,0,0,0
247,1290,248.00151273913053,99994,8,5,1,1,439,244,0.006830409824589476,8,2,49679,49838,302,152,0,0,0,0,0,0,99328,0,0,2,0,0,0,0,0,0,0,664,0,0,0,0,0,0
248,1290,249.14397373014108,99994,11,5,1,1,442,244,0.0068604116246974815,5,2,49682,49840,299,150,0,0,0,0,0,0,99328,0,0,2,0,0,0,0,0,0,0,664,0,0,0,0,0,0
249,1290,250.01901283127845,99994,10,5,1,1,442,244,0.0068604116246974815,9,4,49678,49838,300,150,0,0,0,0,0,0,99327,0,0,2,0,0,0,0,0,0,0,665,0,0,0,0,0,0
250,1290,251.06875899547205,99994,10,3,1,1,443,244,0.006870412224733484,9,5,49680,49837,298,152,0,0,0,0,0,0,99324,0,0,2,0,0,0,0,0,0,0,668,0,0,0,0,0,0
251,1290,252.02967417946354,99994,12,6,1,1,446,248,0.0069404164249854995,7,1,49679,49837,299,153,0,0,0,0,0,0,99322,0,0,2,0,0,0,0,0,0,0,670,0,0,0,0,0,0
252,1290,253.1156507579616,99994,13,5,1,1,450,248,0.006980418825129508,5,2,49678,49837,301,153,0,0,0,0,0,0,99318,0,0,2,0,0,0,0,0,0,0,674,0,0,0,0,0,0
253,1290,254.0024754464161,99994,11,3,1,1,450,248,0.006980418825129508,6,2,49678,49838,302,154,0,0,0,0,0,0,99314,0,0,2,0,0,0,0,0,0,0,678,0,0,0,0,0,0
254,1290,255.00695333663717,99994,10,2,1,1,452,248,0.007000420025201512,5,3,49677,49838,305,154,0,0,0,0,0,0,99310,0,0,2,0,0,0,0,0,0,0,682,0,0,0,0,0,0
255,1290,256.10134102402213,99994,8,2,1,1,453,248,0.007010420625237514,5,3,49677,49839,307,153,0,0,0,0,0,0,99307,0,0,2,0,0,0,0,0,0,0,685,0,0,0,0,0,0
256,1290,257.30278061717297,99994,8,2,1,1,455,249,0.007040422425345521,4,3,49677,49838,308,154,0,0,0,0,0,0,99304,0,0,2,0,0,0,0,0,0,0,688,0,0,0,0,0,0
257,1290,258.26206803782856,99994,8,3,1,1,458,251,0.0070904254255255315,1,1,49677,49839,311,154,0,0,0,0,0,0,99300,0,0,2,0,0,0,0,0,0,0,692,0,0,0,0,0,0
258,1290,259.2260193527321,99994,7,2,1,1,458,251,0.0070904254255255315,2,4,49677,49837,311,154,0,0,0,0,0,0,99298,0,0,2,0,0,0,0,0,0,0,694,0,0,0,0,0,0
259,1290,260.251545662986,99994,5,3,1,1,458,252,0.007100426025561534,2,3,49678,49839,312,152,0,0,0,0,0,0,99296,0,0,2,0,0,0,0,0,0,0,696,0,0,0,0,0,0
260,1290,261.2514399943278,99994,5,3,1,1,458,252,0.007100426025561534,3,5,49678,49837,311,152,0,0,0,0,0,0,99296,0,0,2,0,0,0,0,0,0,0,696,0,0,0,0,0,0
261,1290,262.23840778043217,99994,5,3,1,1,458,252,0.007100426025561534,3,6,49680,49836,309,152,0,0,0,0,0,0,99296,0,0,2,0,0,0,0,0,0,0,696,0,0,0,0,0,0
262,1290,263.10962555752775,99994,5,4,1,1,458,253,0.007110426625597536,3,5,49682,49836,307,152,0,0,0,0,0,0,99296,0,0,2,0,0,0,0,0,0,0,696,0,0,0,0,0,0
263,1290,264.0504243991937,99994,3,3,1,1,459,254,0.0071304278256695405,2,4,49682,49837,310,153,0,0,0,0,0,0,99291,0,0,2,0,0,0,0,0,0,0,701,0,0,0,0,0,0
264,1290,265.13657201368784,99994,4,2,1,1,460,254,0.007140428425705543,3,5,49681,49836,309,154,0,0,0,0,0,0,99290,0,0,2,0,0,0,0,0,0,0,702,0,0,0,0,0,0
265,1290,266.12349896613114,99994,4,3,1,1,460,255,0.007150429025741544,3,5,49681,49836,309,153,0,0,0,0,0,0,99290,0,0,2,0,0,0,0,0,0,0,702,0,0,0,0,0,0
266,1290,267.0950607353221,99994,4,3,1,1,461,255,0.007160429625777546,2,5,49681,49836,310,153,0,0,0,0,0,0,99289,0,0,2,0,0,0,0,0,0,0,703,0,0,0,0,0,0
267,1290,268.14553747949145,99994,4,4,1,1,461,256,0.007170430225813549,3,4,49682,49836,308,153,0,0,0,0,0,0,99289,0,0,2,0,0,0,0,0,0,0,703,0,0,0,0,0,0
268,1290,269.2465002715189,99994,4,5,1,1,461,257,0.007180430825849551,3,3,49683,49836,307,153,0,0,0,0,0,0,99289,0,0,2,0,0,0,0,0,0,0,703,0,0,0,0,0,0
269,1290,270.02387131889816,99994,7,7,1,1,464,260,0.007240434426065564,0,1,49683,49836,307,153,0,0,0,0,0,0,99288,0,0,2,0,0,0,0,0,0,0,704,0,0,0,0,0,0
270,1290,271.0584391235776,99994,6,5,1,1,465,260,0.007250435026101566,0,3,49684,49834,307,155,0,0,0,0,0,0,99284,0,0,2,0,0,0,0,0,0,0,708,0,0,0,0,0,0
271,1290,272.0453135879828,99994,5,5,1,1,465,260,0.007250435026101566,2,3,49683,49834,307,155,0,0,0,0,0,0,99283,0,0,2,0,0,0,0,0,0,0,709,0,0,0,0,0,0
272,1290,273.2575192457998,99994,6,7,1,1,466,262,0.0072804368262095725,1,3,49685,49832,305,155,0,0,0,0,0,0,99283,0,0,2,0,0,0,0,0,0,0,709,0,0,0,0,0,0
273,1290,274.20565888042137,99994,5,8,1,1,466,263,0.007290437426245575,1,2,49685,49832,306,155,0,0,0,0,0,0,99282,0,0,2,0,0,0,0,0,0,0,710,0,0,0,0,0,0
274,1290,275.10507964642477,99994,3,9,1,1,467,264,0.007310438626317579,2,1,49684,49833,308,154,0,0,0,0,0,0,99279,0,0,2,0,0,0,0,0,0,0,713,0,0,0,0,0,0
275,1290,276.1808566134785,99994,3,7,1,1,467,264,0.007310438626317579,2,4,49685,49830,307,156,0,0,0,0,0,0,99277,0,0,2,0,0,0,0,0,0,0,715,0,0,0,0,0,0
276,1290,277.25014220522297,99994,1,6,1,1,467,265,0.0073204392263535815,2,5,49687,49828,307,158,0,0,0,0,0,0,99273,0,0,2,0,0,0,0,0,0,0,719,0,0,0,0,0,0
277,1290,278.2893869841126,99994,1,7,1,1,468,267,0.007350441026461587,1,3,49687,49828,308,159,0,0,0,0,0,0,99271,0,0,2,0,0,0,0,0,0,0,721,0,0,0,0,0,0
278,1290,279.13868574422554,99994,1,6,1,1,468,268,0.00736044162649759,2,3,49687,49827,307,161,0,0,0,0,0,0,99269,0,0,2,0,0,0,0,0,0,0,723,0,0,0,0,0,0
279,1290,280.10132044536505,99994,1,4,1,1,468,268,0.00736044162649759,2,3,49687,49827,307,163,0,0,0,0,0,0,99267,0,0,2,0,0,0,0,0,0,0,725,0,0,0,0,0,0
280,1290,281.20580584416433,99994,0,3,1,1,468,268,0.00736044162649759,3,3,49688,49828,306,163,0,0,0,0,0,0,99265,0,0,2,0,0,0,0,0,0,0,727,0,0,0,0,0,0
281,1290,282.0327361562137,99994,1,4,1,1,469,269,0.007380442826569594,2,2,49688,49828,306,163,0,0,0,0,0,0,99265,0,0,2,0,0,0,0,0,0,0,727,0,0,0,0,0,0
282,1290,283.18560381682715,99994,1,3,1,1,469,269,0.007380442826569594,2,3,49688,49827,306,164,0,0,0,0,0,0,99264,0,0,2,0,0,0,0,0,0,0,728,0,0,0,0,0,0
283,1290,284.1240470460573,99994,0,3,1,1,469,269,0.007380442826569594,2,3,49691,49829,304,162,0,0,0,0,0,0,99263,0,0,2,0,0,0,0,0,0,0,729,0,0,0,0,0,0
284,1290,285.11083304866764,99994,0,2,1,1,469,269,0.007380442826569594,2,3,49692,49829,303,163,0,0,0,0,0,0,99262,0,0,2,0,0,0,0,0,0,0,730,0,0,0,0,0,0
285,1290,286.15448149570403,99994,0,3,1,1,469,270,0.007390443426605596,2,2,49694,49830,301,162,0,0,0,0,0,0,99262,0,0,2,0,0,0,0,0,0,0,730,0,0,0,0,0,0
286,1290,287.01428025798765,99994,1,3,1,1,470,271,0.007410444626677601,1,2,49695,49829,300,163,0,0,0,0,0,0,99261,0,0,2,0,0,0,0,0,0,0,731,0,0,0,0,0,0
287,1290,288.15666561892704,99994,1,2,1,1,470,272,0.007420445226713603,1,1,49696,49829,299,165,0,0,0,0,0,0,99259,0,0,2,0,0,0,0,0,0,0,733,0,0,0,0,0,0
288,1290,289.14336497233745,99994,1,1,1,1,470,272,0.007420445226713603,2,1,49697,49829,297,166,0,0,0,0,0,0,99258,0,0,2,0,0,0,0,0,0,0,734,0,0,0,0,0,0
289,1290,290.17354209648283,99994,1,2,1,1,470,273,0.007430445826749605,3,1,49699,49829,294,165,0,0,0,0,0,0,99258,0,0,2,0,0,0,0,0,0,0,734,0,0,0,0,0,0
290,1290,291.0632190421897,99994,2,2,1,1,472,273,0.007450447026821609,1,1,49701,49829,293,165,0,0,0,0,0,0,99257,0,0,2,0,0,0,0,0,0,0,735,0,0,0,0,0,0
291,1290,292.00388374649305,99994,1,1,1,1,473,274,0.0074704482268936135,0,0,49704,49829,292,167,0,0,0,0,0,0,99253,0,0,2,0,0,0,0,0,0,0,739,0,0,0,0,0,0
292,1290,293.31929664821763,99994,1,1,1,1,473,274,0.0074704482268936135,0,0,49706,49830,290,166,0,0,0,0,0,0,99253,0,0,2,0,0,0,0,0,0,0,739,0,0,0,0,0,0
293,1290,294.305816530752,99994,1,1,1,1,473,274,0.0074704482268936135,0,0,49708,49831,288,165,0,0,0,0,0,0,99253,0,0,2,0,0,0,0,0,0,0,739,0,0,0,0,0,0
294,1290,295.29230179390015,99994,1,1,1,1,473,274,0.0074704482268936135,0,1,49713,49832,283,163,0,0,0,0,0,0,99253,0,0,2,0,0,0,0,0,0,0,739,0,0,0,0,0,0
295,1290,296.27868476582626,99994,1,1,1,1,473,274,0.0074704482268936135,0,1,49714,49832,282,163,0,0,0,0,0,0,99253,0,0,2,0,0,0,0,0,0,0,739,0,0,0,0,0,0
296,1290,297.2650412305583,99994,1,1,1,1,473,274,0.0074704482268936135,0,1,49715,49832,281,163,0,0,0,0,0,0,99253,0,0,2,0,0,0,0,0,0,0,739,0,0,0,0,0,0
297,1290,298.0646352866475,99994,0,0,1,1,473,274,0.0074704482268936135,0,1,49715,49833,282,163,0,0,0,0,0,0,99251,0,0,2,0,0,0,0,0,0,0,741,0,0,0,0,0,0
298,1290,299.05098828109516,99994,0,0,1,1,473,274,0.0074704482268936135,0,1,49715,49833,282,163,0,0,0,0,0,0,99251,0,0,2,0,0,0,0,0,0,0,741,0,0,0,0,0,0
299,1290,300.0373412755428,99994,0,0,1,1,473,274,0.0074704482268936135,0,1,49715,49835,282,161,0,0,0,0,0,0,99251,0,0,2,0,0,0,0,0,0,0,741,0,0,0,0,0,0
300,1290,301.0236875653279,99994,0,0,1,1,473,274,0.0074704482268936135,0,1,49716,49835,281,161,0,0,0,0,0,0,99251,0,0,2,0,0,0,0,0,0,0,741,0,0,0,0,0,0
301,1290,302.01001397645507,99994,0,0,1,1,473,274,0.0074704482268936135,0,1,49717,49835,280,161,0,0,0,0,0,0,99251,0,0,2,0,0,0,0,0,0,0,741,0,0,0,0,0,0
302,1290,303.3250981885136,99994,0,0,1,1,473,274,0.0074704482268936135,0,1,49720,49835,277,161,0,0,0,0,0,0,99251,0,0,2,0,0,0,0,0,0,0,741,0,0,0,0,0,0
303,1290,304.3113649695307,99994,0,0,1,1,473,274,0.0074704482268936135,0,1,49724,49835,273,161,0,0,0,0,0,0,99251,0,0,2,0,0,0,0,0,0,0,741,0,0,0,0,0,0
304,1290,305.2975456287969,99994,0,1,1,1,473,275,0.007480448826929616,0,0,49725,49836,272,160,0,0,0,0,0,0,99251,0,0,2,0,0,0,0,0,0,0,741,0,0,0,0,0,0
305,1290,306.1863191018332,99994,0,0,1,1,473,275,0.007480448826929616,0,0,49727,49836,270,161,0,0,0,0,0,0,99250,0,0,2,0,0,0,0,0,0,0,742,0,0,0,0,0,0
306,1290,307.0347816820265,99994,0,0,1,1,473,275,0.007480448826929616,0,0,49730,49837,267,160,0,0,0,0,0,0,99250,0,0,2,0,0,0,0,0,0,0,742,0,0,0,0,0,0
307,1290,308.02084731588104,99994,0,0,1,1,473,275,0.007480448826929616,0,0,49732,49840,265,157,0,0,0,0,0,0,99250,0,0,2,0,0,0,0,0,0,0,742,0,0,0,0,0,0
308,1290,309.0068598812358,99994,0,0,1,1,473,275,0.007480448826929616,0,0,49735,49840,262,157,0,0,0,0,0,0,99250,0,0,2,0,0,0,0,0,0,0,742,0,0,0,0,0,0
309,1290,310.3214726109412,99994,0,0,1,1,473,275,0.007480448826929616,0,0,49736,49841,261,156,0,0,0,0,0,0,99250,0,0,2,0,0,0,0,0,0,0,742,0,0,0,0,0,0
310,1290,311.30741227541847,99994,0,0,1,1,473,275,0.007480448826929616,0,0,49736,49841,261,156,0,0,0,0,0,0,99250,0,0,2,0,0,0,0,0,0,0,742,0,0,0,0,0,0
311,1290,312.29335193989573,99994,0,0,1,1,473,275,0.007480448826929616,0,0,49736,49843,261,154,0,0,0,0,0,0,99250,0,0,2,0,0,0,0,0,0,0,742,0,0,0,0,0,0
312,1290,313.2792915521588,99994,0,0,1,1,473,275,0.007480448826929616,0,0,49738,49843,259,154,0,0,0,0,0,0,99250,0,0,2,0,0,0,0,0,0,0,742,0,0,0,0,0,0
313,1290,314.26519140161855,99994,0,0,1,1,473,275,0.007480448826929616,0,0,49739,49844,258,153,0,0,0,0,0,0,99250,0,0,2,0,0,0,0,0,0,0,742,0,0,0,0,0,0
314,1290,315.25107798455707,99994,0,0,1,1,473,275,0.007480448826929616,0,0,49739,49844,258,153,0,0,0,0,0,0,99250,0,0,2,0,0,0,0,0,0,0,742,0,0,0,0,0,0
315,1290,316.2369579342352,99994,0,0,1,1,473,275,0.007480448826929616,0,0,49739,49845,258,152,0,0,0,0,0,0,99250,0,0,2,0,0,0,0,0,0,0,742,0,0,0,0,0,0
316,1290,317.22283785780775,99994,0,0,1,1,473,275,0.007480448826929616,0,0,49740,49846,257,151,0,0,0,0,0,0,99250,0,0,2,0,0,0,0,0,0,0,742,0,0,0,0,0,0
317,1290,318.20870451539304,99994,0,0,1,1,473,275,0.007480448826929616,0,0,49740,49847,257,150,0,0,0,0,0,0,99250,0,0,2,0,0,0,0,0,0,0,742,0,0,0,0,0,0
318,1290,319.1945578942052,99994,0,0,1,1,473,275,0.007480448826929616,0,0,49741,49848,256,149,0,0,0,0,0,0,99250,0,0,2,0,0,0,0,0,0,0,742,0,0,0,0,0,0
319,1290,320.1803979945115,99994,0,0,1,1,473,275,0.007480448826929616,0,0,49740,49848,256,148,1,1,1,1,0,0,99249,0,0,2,0,0,0,0,0,0,1,741,1,0,0,0,0,0
320,1290,321.1662380689798,99994,0,0,1,1,473,275,0.007480448826929616,0,0,49741,49848,254,147,2,2,2,2,0,0,99247,0,0,2,0,0,0,0,0,0,3,741,1,0,0,0,0,0
321,1290,322.062168284193,99994,0,0,1,1,473,275,0.007480448826929616,0,0,49740,49847,254,147,3,3,3,3,0,0,99245,0,0,2,0,0,0,0,0,0,5,741,1,0,0,0,0,0
322,1290,323.0789311912228,99994,0,0,1,1,473,275,0.007480448826929616,0,0,49740,49846,253,147,4,4,4,4,0,0,99243,0,0,2,0,0,0,0,0,0,7,741,1,0,0,0,0,0
323,1290,324.1099578725682,99994,0,0,1,1,473,275,0.007480448826929616,0,0,49738,49844,253,147,6,6,6,6,0,0,99239,0,0,2,0,0,0,0,0,0,11,741,1,0,0,0,0,0
324,1290,325.04778563634466,99994,0,0,1,1,473,275,0.007480448826929616,0,0,49737,49842,252,147,8,8,8,8,0,0,99235,0,0,2,0,0,0,0,0,0,15,741,1,0,0,0,0,0
325,1290,326.1031260356289,99994,0,0,1,1,473,275,0.007480448826929616,0,0,49737,49840,250,146,10,11,11,10,0,0,99230,0,0,2,0,0,0,0,0,0,20,741,1,0,0,0,0,0
326,1290,327.0616090272891,99994,0,0,1,1,473,275,0.007480448826929616,0,0,49734,49839,250,144,13,14,14,13,0,0,99224,0,0,2,0,0,0,0,0,0,26,741,1,0,0,0,0,0
327,1290,328.0111049208872,99994,0,0,1,1,473,275,0.007480448826929616,0,0,49733,49835,248,144,16,18,18,16,0,0,99217,0,0,2,0,0,0,0,0,0,33,741,1,0,0,0,0,0
328,1290,329.0041983589324,99994,0,0,1,1,473,275,0.007480448826929616,0,0,49729,49832,248,142,20,23,23,20,0,0,99208,0,0,2,0,0,0,0,0,0,42,741,1,0,0,0,0,0
329,1290,330.0359190916352,99994,0,0,1,1,473,275,0.007480448826929616,0,0,49725,49827,248,141,24,29,29,24,0,0,99198,0,0,2,0,0,0,0,0,0,52,741,1,0,0,0,0,0
330,1290,331.0228480122834,99994,0,0,1,1,473,275,0.007480448826929616,0,0,49721,49821,247,140,29,36,36,29,0,0,99186,0,0,2,0,0,0,0,0,0,64,741,1,0,0,0,0,0
331,1290,332.0090599006588,99994,0,0,1,1,473,275,0.007480448826929616,0,0,49715,49813,247,140,35,44,44,35,0,0,99172,0,0,2,0,0,0,0,0,0,78,741,1,0,0,0,0,0
332,1290,333.32415083359143,99994,0,0,1,1,473,275,0.007480448826929616,0,0,49711,49805,245,139,41,53,53,41,0,0,99157,0,0,2,0,0,0,0,0,0,93,741,1,0,0,0,0,0
333,1290,334.3105422184274,99994,0,0,1,1,473,275,0.007480448826929616,0,0,49705,49796,245,138,47,63,63,48,0,0,99140,0,0,2,0,0,0,0,0,0,110,741,1,0,0,0,0,0
334,1290,335.2970532565019,99994,0,0,1,1,473,275,0.007480448826929616,0,0,49698,49785,245,138,54,74,74,56,0,0,99121,0,0,2,0,0,0,0,0,0,129,741,1,0,0,0,0,0
335,1290,336.2836972741894,99994,0,0,1,1,473,275,0.007480448826929616,0,0,49692,49774,243,137,62,86,86,64,0,0,99101,0,0,2,0,0,0,0,0,0,149,741,1,0,0,0,0,0
336,1290,337.27046108290153,99994,0,0,1,1,473,275,0.007480448826929616,0,0,49686,49760,240,137,71,100,100,73,0,0,99078,0,0,2,0,0,0,0,0,0,172,741,1,0,0,0,0,0
337,1290,338.2573315388551,99994,0,0,1,1,473,275,0.007480448826929616,0,0,49677,49745,239,137,81,115,115,83,0,0,99053,0,0,2,0,0,0,0,0,0,197,741,1,0,0,0,0,0
338,1290,339.24437506823955,99994,0,0,1,1,473,275,0.007480448826929616,0,0,49669,49730,236,135,92,132,132,94,0,0,99028,0,0,2,0,0,0,0,0,0,222,738,4,0,0,0,0,0
339,1290,340.2315851057868,99994,0,0,1,1,473,275,0.007480448826929616,0,0,49658,49713,236,134,103,150,150,106,0,0,98998,0,0,2,0,0,0,0,0,0,252,738,4,0,0,0,0,0
340,1290,341.21899496351267,99994,0,0,1,1,473,275,0.007480448826929616,0,0,49648,49693,236,134,113,170,170,118,0,0,98966,0,0,2,0,0,0,0,0,0,284,738,4,0,0,0,0,0
341,1290,342.20659816648737,99994,0,0,1,1,473,275,0.007480448826929616,0,0,49637,49673,235,133,125,191,191,131,0,0,98933,0,0,2,0,0,0,0,0,0,317,737,5,0,0,0,0,0
342,1290,343.194421429773,99994,0,0,1,1,473,275,0.007480448826929616,0,0,49625,49651,234,132,138,214,214,145,0,0,98896,0,0,2,0,0,0,0,0,0,354,737,5,0,0,0,0,0
343,1290,344.1824782009096,99994,0,0,1,1,473,275,0.007480448826929616,0,0,49611,49626,233,132,153,239,239,160,0,0,98856,0,0,2,0,0,0,0,0,0,394,737,5,0,0,0,0,0
344,1290,345.17081527766726,99994,0,0,1,1,473,275,0.007480448826929616,0,0,49595,49601,233,132,169,264,266,176,0,0,98813,0,0,2,0,0,0,0,0,0,437,737,5,0,0,0,0,0
345,1290,346.1594661283683,99994,0,0,1,1,473,275,0.007480448826929616,0,0,49579,49572,232,132,186,293,295,193,0,0,98768,0,0,2,0,0,0,0,0,0,482,736,6,0,0,0,0,0
346,1290,347.1484310519273,99994,0,0,1,1,473,275,0.007480448826929616,0,0,49564,49544,229,132,204,321,326,211,0,0,98720,0,0,2,0,0,0,0,0,0,530,735,7,0,0,0,0,0
347,1290,348.1376969214261,99994,0,0,1,1,473,275,0.007480448826929616,0,0,49545,49511,229,132,223,354,359,230,0,0,98668,0,0,2,0,0,0,0,0,0,582,735,7,0,0,0,0,0
348,1290,349.1273307910525,99994,0,0,1,1,473,275,0.007480448826929616,0,0,49527,49481,229,132,241,384,394,250,0,0,98613,0,0,2,0,0,0,0,0,0,637,735,7,0,0,0,0,0
349,1290,350.1173194959541,99994,0,0,1,1,473,275,0.007480448826929616,0,0,49508,49447,228,131,261,419,431,271,0,0,98556,0,0,2,0,0,0,0,0,0,694,734,8,0,0,0,0,0
350,1290,351.10769013459736,99994,0,0,1,1,473,275,0.007480448826929616,0,0,49487,49409,228,130,282,458,470,293,0,0,98496,0,0,2,0,0,0,0,0,0,754,733,9,0,0,0,0,0
351,1290,352.09846990995527,99994,0,0,1,1,473,275,0.007480448826929616,0,0,49468,49369,228,130,301,498,511,316,0,0,98432,0,0,2,0,0,0,0,0,0,818,733,9,0,0,0,0,0
352,1290,353.08963915034707,99994,0,0,1,1,473,275,0.007480448826929616,0,0,49444,49328,228,128,325,541,554,340,0,0,98366,0,0,2,0,0,0,0,0,0,884,732,10,0,0,0,0,0
353,1290,354.0812718877085,99994,0,0,1,1,473,275,0.007480448826929616,0,0,49421,49285,226,128,350,584,599,365,0,0,98296,0,0,2,0,0,0,0,0,0,954,732,10,0,0,0,0,0
354,1290,355.07336861999494,99994,0,0,1,1,473,275,0.007480448826929616,0,0,49396,49239,225,128,376,630,647,391,0,0,98222,0,0,2,0,0,0,0,0,0,1028,732,10,0,0,0,0,0
355,1290,356.0659634387893,99994,0,0,1,1,473,275,0.007480448826929616,0,0,49372,49190,223,128,402,679,697,418,0,0,98145,0,0,2,0,0,0,0,0,0,1105,732,10,0,0,0,0,0
356,1290,357.05903009750756,99994,0,0,1,1,473,275,0.007480448826929616,0,0,49347,49138,222,128,428,731,750,446,0,0,98064,0,0,2,0,0,0,0,0,0,1186,732,10,0,0,0,0,0
357,1290,358.05256915530555,99994,0,0,1,1,473,275,0.007480448826929616,0,0,49324,49085,218,127,455,785,805,475,0,0,97980,0,0,2,0,0,0,0,0,0,1270,732,10,0,0,0,0,0
358,1290,359.0465945794417,99994,0,0,1,1,473,275,0.007480448826929616,0,0,49296,49031,217,126,484,840,863,505,0,0,97894,0,0,2,0,0,0,0,0,0,1356,730,12,0,0,0,0,0
359,1290,360.0411877436944,99994,0,0,1,1,473,275,0.007480448826929616,0,0,49266,48974,217,125,514,898,923,536,0,0,97804,0,0,2,0,0,0,0,0,0,1446,729,13,0,0,0,0,0
360,1290,361.0363763425276,99994,0,0,1,1,473,275,0.007480448826929616,0,0,49236,48914,217,124,544,959,986,569,0,0,97708,0,0,2,0,0,0,0,0,0,1542,729,13,0,0,0,0,0
361,1290,362.03214769759063,99994,0,0,1,1,473,275,0.007480448826929616,0,0,49206,48851,216,123,575,1023,1051,603,0,0,97609,0,0,2,0,0,0,0,0,0,1641,729,13,0,0,0,0,0
362,1290,363.02852290616346,99994,0,0,1,1,473,275,0.007480448826929616,0,0,49174,48785,216,122,607,1090,1119,638,0,0,97508,0,0,2,0,0,0,0,0,0,1742,727,15,0,0,0,0,0
363,1290,364.025556971629,99994,0,0,1,1,473,275,0.007480448826929616,0,0,49138,48718,216,122,643,1157,1189,674,0,0,97402,0,0,2,0,0,0,0,0,0,1848,727,15,0,0,0,0,0
364,1290,365.02331183328573,99994,0,0,1,1,473,275,0.007480448826929616,0,0,49103,48652,215,121,679,1224,1262,711,0,0,97292,0,0,2,0,0,0,0,0,0,1958,727,15,0,0,0,0,0
365,1290,366.0217884752649,99994,0,0,1,1,473,275,0.007480448826929616,0,0,49067,48579,214,121,716,1297,1338,749,0,0,97179,0,0,2,0,0,0,0,0,0,2071,726,16,0,0,0,0,0
366,1290,367.02098817512297,99994,0,0,1,1,473,275,0.007480448826929616,0,0,49029,48506,214,119,754,1372,1417,788,0,0,97061,0,0,2,0,0,0,0,0,0,2189,726,16,0,0,0,0,0
367,1290,368.02095970898284,99994,0,0,1,1,473,275,0.007480448826929616,0,0,48991,48429,214,119,792,1449,1498,829,0,0,96939,0,0,2,0,0,0,0,0,0,2311,726,16,0,0,0,0,0
368,1290,369.0217179990782,99994,0,0,1,1,473,275,0.007480448826929616,0,0,48950,48350,213,118,834,1529,1582,871,0,0,96815,0,0,2,0,0,0,0,0,0,2435,724,18,0,0,0,0,0
369,1290,370.02329173486737,99994,0,0,1,1,473,275,0.007480448826929616,0,0,48911,48270,213,118,873,1609,1669,914,0,0,96685,0,0,2,0,0,0,0,0,0,2565,724,18,0,0,0,0,0
370,1290,371.0256548255429,99994,0,0,1,1,473,275,0.007480448826929616,0,0,48869,48189,213,117,915,1691,1759,958,0,0,96551,0,0,2,0,0,0,0,0,0,2699,724,18,0,0,0,0,0
371,1290,372.0288840556744,99994,0,0,1,1,473,275,0.007480448826929616,0,0,48829,48100,211,117,957,1780,1852,1003,0,0,96414,0,0,2,0,0,0,0,0,0,2836,723,19,0,0,0,0,0
372,1290,373.0329399637902,99994,0,0,1,1,473,275,0.007480448826929616,0,0,48786,48006,211,117,1000,1874,1947,1050,0,0,96272,0,0,2,0,0,0,0,0,0,2978,723,19,0,0,0,0,0
373,1290,374.0378791772802,99994,0,0,1,1,473,275,0.007480448826929616,0,0,48743,47914,210,115,1044,1968,2045,1098,0,0,96127,0,0,2,0,0,0,0,0,0,3123,722,20,0,0,0,0,0
374,1290,375.04368931146087,99994,0,0,1,1,473,275,0.007480448826929616,0,0,48700,47818,210,115,1087,2064,2146,1147,0,0,95979,0,0,2,0,0,0,0,0,0,3271,720,22,0,0,0,0,0
375,1290,376.05039966406423,99994,0,0,1,1,473,275,0.007480448826929616,0,0,48652,47726,210,115,1135,2156,2250,1197,0,0,95826,0,0,2,0,0,0,0,0,0,3424,719,23,0,0,0,0,0
376,1290,377.05808086810913,99994,0,0,1,1,473,275,0.007480448826929616,0,0,48607,47627,208,115,1182,2255,2357,1249,0,0,95668,0,0,2,0,0,0,0,0,0,3582,718,24,0,0,0,0,0
377,1290,378.06670041829113,99994,0,0,1,1,473,275,0.007480448826929616,0,0,48564,47520,205,115,1228,2362,2467,1302,0,0,95507,0,0,2,0,0,0,0,0,0,3743,716,26,0,0,0,0,0
378,1290,379.07623251408734,99994,0,0,1,1,473,275,0.007480448826929616,0,0,48512,47415,205,115,1280,2467,2580,1356,0,0,95341,0,0,2,0,0,0,0,0,0,3909,715,27,0,0,0,0,0
379,1290,380.0868248152771,99994,0,0,1,1,473,275,0.007480448826929616,0,0,48463,47315,204,112,1330,2570,2695,1411,0,0,95173,0,0,2,0,0,0,0,0,0,4077,713,29,0,0,0,0,0
380,1290,381.0984445611226,99994,0,0,1,1,473,275,0.007480448826929616,0,0,48409,47206,204,109,1384,2682,2813,1468,0,0,94999,0,0,2,0,0,0,0,0,0,4251,712,30,0,0,0,0,0
381,1290,382.1111709886043,99994,0,0,1,1,473,275,0.007480448826929616,0,0,48354,47092,204,108,1439,2797,2934,1526,0,0,94820,0,0,2,0,0,0,0,0,0,4430,712,30,0,0,0,0,0
382,1290,383.12505562216165,99994,0,0,1,1,473,275,0.007480448826929616,0,0,48298,46976,204,107,1495,2914,3058,1585,0,0,94638,0,0,2,0,0,0,0,0,0,4612,711,31,0,0,0,0,0
383,1290,384.14012923294393,99994,0,0,1,1,473,275,0.007480448826929616,0,0,48242,46857,204,107,1551,3033,3185,1645,0,0,94452,0,0,2,0,0,0,0,0,0,4798,710,32,0,0,0,0,0
384,1290,385.1563666255184,99994,0,0,1,1,473,275,0.007480448826929616,0,0,48186,46736,204,106,1607,3155,3315,1707,0,0,94260,0,0,2,0,0,0,0,0,0,4990,710,32,0,0,0,0,0
385,1290,386.1737634754219,99994,0,0,1,1,473,275,0.007480448826929616,0,0,48133,46614,203,106,1661,3277,3448,1770,0,0,94066,0,0,2,0,0,0,0,0,0,5184,708,34,0,0,0,0,0
386,1290,387.1923084234159,99994,0,0,1,1,473,275,0.007480448826929616,0,0,48074,46485,202,106,1721,3406,3583,1834,0,0,93867,0,0,2,0,0,0,0,0,0,5383,708,34,0,0,0,0,0
387,1290,388.2120891929952,99994,0,0,1,1,473,275,0.007480448826929616,0,0,48016,46356,202,106,1779,3535,3721,1899,0,0,93665,0,0,2,0,0,0,0,0,0,5585,707,35,0,0,0,0,0
388,1290,389.2331087830592,99994,0,0,1,1,473,275,0.007480448826929616,0,0,47957,46231,200,105,1840,3661,3862,1965,0,0,93459,0,0,2,0,0,0,0,0,0,5791,706,36,0,0,0,0,0
389,1290,390.25538429120655,99994,0,0,1,1,473,275,0.007480448826929616,0,0,47894,46105,199,103,1904,3789,4006,2033,0,0,93249,0,0,2,0,0,0,0,0,0,6001,704,38,0,0,0,0,0
390,1290,391.2789831665535,99994,0,0,1,1,473,275,0.007480448826929616,0,0,47834,45967,199,103,1964,3927,4153,2102,0,0,93034,0,0,2,0,0,0,0,0,0,6216,703,39,0,0,0,0,0
391,1290,392.3038946688545,99994,0,0,1,1,473,275,0.007480448826929616,0,0,47770,45833,197,102,2030,4062,4302,2172,0,0,92816,0,0,2,0,0,0,0,0,0,6434,702,40,0,0,0,0,0
392,1290,393.3301438105786,99994,0,0,1,1,473,275,0.007480448826929616,0,0,47706,45692,197,101,2094,4204,4454,2243,0,0,92593,0,0,2,0,0,0,0,0,0,6657,702,40,0,0,0,0,0
393,1290,394.01508363379764,99994,0,0,1,1,473,275,0.007480448826929616,0,0,47639,45553,196,99,2162,4345,4609,2316,0,0,92368,0,0,2,0,0,0,0,0,0,6882,699,43,0,0,0,0,0
394,1290,395.0441557669096,99994,0,0,1,1,473,275,0.007480448826929616,0,0,47570,45413,196,99,2231,4485,4766,2390,0,0,92137,0,0,2,0,0,0,0,0,0,7113,699,43,0,0,0,0,0
395,1290,396.07469213220014,99994,0,0,1,1,473,275,0.007480448826929616,0,0,47505,45268,195,99,2297,4630,4926,2465,0,0,91904,0,0,2,0,0,0,0,0,0,7346,697,45,0,0,0,0,0
396,1290,397.1066535807577,99994,0,0,1,1,473,275,0.007480448826929616,0,0,47442,45120,193,99,2362,4778,5088,2541,0,0,91668,0,0,2,0,0,0,0,0,0,7582,695,47,0,0,0,0,0
397,1290,398.14001521299144,99994,0,0,1,1,473,275,0.007480448826929616,0,0,47372,44973,193,99,2432,4925,5253,2618,0,0,91426,0,0,2,0,0,0,0,0,0,7824,695,47,0,0,0,0,0
398,1290,399.17488271291467,99994,0,0,1,1,473,275,0.007480448826929616,0,0,47308,44824,193,97,2496,5076,5421,2697,0,0,91181,0,0,2,0,0,0,0,0,0,8069,693,49,0,0,0,0,0
399,1290,400.2111727985934,99994,0,0,1,1,473,275,0.007480448826929616,0,0,47235,44677,191,95,2571,5225,5591,2777,0,0,90935,0,0,2,0,0,0,0,0,0,8315,689,53,0,0,0,0,0
400,1290,401.24905795568935,99994,0,0,1,1,473,275,0.007480448826929616,0,0,47161,44526,191,95,2645,5376,5763,2858,0,0,90684,0,0,2,0,0,0,0,0,0,8566,687,55,0,0,0,0,0
401,1290,402.2885580702419,99994,0,0,1,1,473,275,0.007480448826929616,0,0,47086,44368,191,95,2720,5534,5938,2940,0,0,90428,0,0,2,0,0,0,0,0,0,8822,686,56,0,0,0,0,0
402,1290,403.3297225179842,99994,0,0,1,1,473,275,0.007480448826929616,0,0,47008,44212,191,95,2798,5690,6115,3023,0,0,90170,0,0,2,0,0,0,0,0,0,9080,684,58,0,0,0,0,0
403,1290,404.02478917091565,99994,0,0,1,1,473,275,0.007480448826929616,0,0,46935,44051,189,94,2873,5852,6295,3107,0,0,89908,0,0,2,0,0,0,0,0,0,9342,682,60,0,0,0,0,0
404,1290,405.0693058200229,99994,0,0,1,1,473,275,0.007480448826929616,0,0,46859,43884,189,93,2949,6020,6477,3192,0,0,89642,0,0,2,0,0,0,0,0,0,9608,681,61,0,0,0,0,0
405,1290,406.1154958314005,99994,0,0,1,1,473,275,0.007480448826929616,0,0,46778,43727,189,93,3030,6177,6661,3279,0,0,89371,0,0,2,0,0,0,0,0,0,9879,681,61,0,0,0,0,0
406,1290,407.1634988389852,99994,0,0,1,1,473,275,0.007480448826929616,0,0,46699,43570,188,93,3110,6334,6847,3367,0,0,89097,0,0,2,0,0,0,0,0,0,10153,681,61,0,0,0,0,0
407,1290,408.21330594664687,99994,0,0,1,1,473,275,0.007480448826929616,0,0,46618,43395,188,93,3191,6509,7035,3456,0,0,88821,0,0,2,0,0,0,0,0,0,10429,680,62,0,0,0,0,0
408,1290,409.2648938713105,99994,0,0,1,1,473,275,0.007480448826929616,0,0,46543,43221,186,90,3268,6686,7225,3546,0,0,88545,0,0,2,0,0,0,0,0,0,10705,676,66,0,0,0,0,0
409,1290,410.3182309681731,99994,0,0,1,1,473,275,0.007480448826929616,0,0,46463,43052,185,90,3349,6855,7417,3637,0,0,88264,0,0,2,0,0,0,0,0,0,10986,674,68,0,0,0,0,0
410,1290,411.0214379711009,99994,0,0,1,1,473,275,0.007480448826929616,0,0,46377,42881,184,89,3436,7027,7611,3729,0,0,87980,0,0,2,0,0,0,0,0,0,11270,672,70,0,0,0,0,0
411,1290,412.07851871076195,99994,0,0,1,1,473,275,0.007480448826929616,0,0,46296,42708,183,88,3518,7201,7807,3822,0,0,87693,0,0,2,0,0,0,0,0,0,11557,670,72,0,0,0,0,0
412,1290,413.13747350580246,99994,0,0,1,1,473,275,0.007480448826929616,0,0,46215,42538,181,87,3601,7372,8005,3916,0,0,87403,0,0,2,0,0,0,0,0,0,11847,668,74,0,0,0,0,0
413,1290,414.1983089460571,99994,0,0,1,1,473,275,0.007480448826929616,0,0,46126,42370,181,85,3690,7542,8205,4011,0,0,87112,0,0,2,0,0,0,0,0,0,12138,664,78,0,0,0,0,0
414,1290,415.2611162696387,99994,0,0,1,1,473,275,0.007480448826929616,0,0,46046,42200,178,85,3773,7712,8407,4107,0,0,86814,0,0,2,0,0,0,0,0,0,12436,664,78,0,0,0,0,0
415,1290,416.32582562391934,99994,0,0,1,1,473,275,0.007480448826929616,0,0,45959,42037,178,84,3860,7876,8610,4204,0,0,86514,0,0,2,0,0,0,0,0,0,12736,664,78,0,0,0,0,0
416,1290,417.0367642072014,99994,0,0,1,1,473,275,0.007480448826929616,0,0,45867,41855,178,84,3952,8058,8815,4302,0,0,86212,0,0,2,0,0,0,0,0,0,13038,663,79,0,0,0,0,0
417,1290,418.1056015500502,99994,0,0,1,1,473,275,0.007480448826929616,0,0,45785,41668,178,83,4034,8246,9022,4401,0,0,85907,0,0,2,0,0,0,0,0,0,13343,662,80,0,0,0,0,0
418,1290,419.1763708440369,99994,0,0,1,1,473,275,0.007480448826929616,0,0,45701,41484,178,83,4118,8430,9230,4501,0,0,85599,0,0,2,0,0,0,0,0,0,13651,662,80,0,0,0,0,0
419,1290,420.2490947906364,99994,1,2,1,1,474,277,0.0075104506270376225,24,23,45601,41279,177,82,4194,8611,9440,4602,0,0,85292,0,0,2,0,0,0,0,0,0,13958,658,84,0,0,0,0,0
420,1290,421.2260621764066,99994,5,3,1,1,478,279,0.007570454227253635,20,20,45508,41083,174,82,4290,8809,9651,4704,0,0,84980,0,1,2,0,0,0,0,0,0,14269,657,85,0,0,0,0,0
421,1290,422.02617545098167,99994,12,8,1,1,486,285,0.007710462627757666,13,15,45417,40903,175,81,4380,8990,9864,4807,0,0,84664,2,1,2,0,0,0,0,0,0,14583,655,87,0,0,0,0,0
422,1290,423.037438271035,99994,17,8,1,1,491,287,0.0077804668280096806,12,14,45322,40717,174,83,4472,9175,10078,4911,0,0,84345,3,2,2,0,0,0,0,0,0,14900,655,87,0,0,0,0,0
423,1290,424.10965949759094,99994,16,12,1,1,493,291,0.007840470428225693,14,11,45234,40536,177,81,4556,9357,10293,5016,0,0,84024,6,2,2,0,0,0,0,0,0,15218,653,89,0,0,0,0,0
424,1290,425.22223392717257,99994,17,14,1,1,497,294,0.007910474628477708,13,9,45145,40362,180,82,4642,9530,10509,5122,0,0,83701,9,3,2,0,0,0,0,0,0,15537,651,91,0,0,0,0,0
425,1290,426.0825268084726,99994,21,14,1,1,503,296,0.007990479428765726,11,8,45050,40166,181,84,4734,9725,10726,5229,0,0,83375,13,3,2,0,0,0,0,0,0,15859,649,93,0,0,0,0,0
426,1290,427.0608063843693,99994,19,11,1,1,506,298,0.008040482428945736,12,11,44961,39966,184,89,4821,9920,10945,5337,0,0,83045,20,6,2,0,0,0,0,0,0,16179,645,97,0,0,0,0,0
427,1290,428.03792369631043,99994,22,13,1,1,512,302,0.008140488429305759,10,10,44872,39780,185,89,4908,10105,11165,5445,0,0,82719,24,7,2,0,0,0,0,0,0,16500,639,103,0,0,0,0,0
428,1290,429.02145604255304,99994,25,16,1,1,518,307,0.008250495029701783,11,7,44773,39590,187,91,5001,10293,11386,5554,0,0,82387,28,8,2,0,0,0,0,0,0,16827,637,105,0,0,0,0,0
429,1290,430.30524174045075,99994,22,19,1,1,519,311,0.008300498029881793,15,7,44677,39419,191,92,5092,10460,11607,5664,0,0,82054,32,9,2,0,0,0,0,0,0,17155,635,107,0,0,0,0,0
430,1290,431.03175457798113,99994,24,19,1,1,521,312,0.008330499829989799,16,8,44584,39218,191,91,5182,10661,11829,5775,0,0,81721,33,9,2,0,0,0,0,0,0,17487,634,108,0,0,0,0,0
431,1290,432.132452684062,99994,25,22,1,1,526,316,0.008420505230313818,19,8,44485,39030,193,92,5275,10845,12052,5887,0,0,81385,36,11,2,0,0,0,0,0,0,17818,632,110,0,0,0,0,0
432,1290,433.0287674292097,99994,33,22,1,1,536,320,0.00856051363081785,16,13,44382,38827,194,96,5372,11039,12276,5999,0,0,81046,39,13,3,0,0,0,0,0,0,18152,631,110,0,0,0,0,0
433,1290,434.042595881506,99994,28,23,1,1,540,325,0.00865051903114187,18,9,44288,38645,202,97,5461,11223,12500,6112,0,0,80702,50,15,3,0,0,0,0,0,0,18483,627,114,0,0,0,0,0
434,1290,435.01688031778224,99994,28,17,1,1,546,327,0.008730523831429885,20,11,44189,38462,206,103,5554,11404,12725,6226,0,0,80358,61,18,3,0,0,0,0,0,0,18813,621,120,0,0,0,0,0
435,1290,436.0193158410872,99994,28,14,1,1,548,329,0.008770526231573894,33,12,44082,38265,207,108,5647,11598,12951,6341,0,0,80013,66,20,3,0,0,0,0,0,0,19151,620,121,0,0,0,0,0
436,1290,437.04624374371105,99993,33,15,2,1,561,333,0.008940625843809067,27,10,43980,38087,213,111,5743,11774,13177,6456,0,0,79665,73,22,4,0,0,0,0,0,0,19489,618,122,0,0,0,0,0
437,1290,438.0162377805757,99993,36,15,2,1,568,334,0.009020631444201094,23,9,43889,37896,215,112,5833,11965,13404,6572,0,0,79320,76,24,4,0,0,0,0,0,0,19829,617,123,0,0,0,0,0
438,1290,439.25485502403154,99993,36,13,2,1,575,336,0.009110637744642125,35,12,43776,37714,222,116,5927,12142,13631,6689,0,0,78968,85,26,4,0,0,0,0,0,0,20170,616,124,0,0,0,0,0
439,1290,440.12189497479955,99993,41,16,2,1,587,339,0.009260648245377177,34,11,43675,37517,226,116,6020,12337,13858,6806,0,0,78619,91,27,4,0,0,0,0,0,0,20512,615,125,0,0,0,0,0
440,1290,441.1077089576713,99993,41,17,2,1,596,341,0.009370655945916214,34,10,43569,37334,233,117,6119,12519,14086,6924,0,0,78267,101,27,4,0,0,0,0,0,0,20854,611,129,0,0,0,0,0
441,1290,442.08789278536165,99993,47,18,2,1,607,344,0.009510665746602262,36,13,43465,37148,237,118,6211,12700,14314,7043,0,0,77918,106,29,4,0,0,0,0,0,0,21196,608,132,0,0,0,0,0
442,1290,443.18197187971253,99993,48,21,2,1,619,349,0.009680677647435321,32,17,43365,36955,248,119,6303,12885,14542,7162,0,0,77565,115,31,5,0,0,0,0,0,0,21537,604,136,0,0,0,0,0
443,1290,444.0871130977689,99993,54,23,2,1,628,354,0.009820687448121368,28,13,43258,36756,251,118,6405,13087,14770,7282,0,0,77219,118,34,5,0,0,0,0,0,0,21877,599,141,0,0,0,0,0
444,1290,445.21062523987905,99992,49,25,3,1,637,360,0.009970797663813105,31,13,43161,36582,261,120,6493,13257,14998,7403,0,0,76854,135,34,5,0,0,0,0,0,0,22224,597,143,0,0,0,0,0
445,1290,446.0061635489732,99992,51,24,3,1,645,364,0.010090807264581166,30,11,43051,36379,265,123,6598,13460,15226,7524,0,0,76499,143,37,5,0,0,0,0,0,0,22568,595,145,0,0,0,0,0
446,1290,447.25016607116123,99992,52,23,3,1,661,367,0.010280822465797264,28,14,42944,36213,279,126,6692,13621,15454,7646,0,0,76132,161,38,5,0,0,0,0,0,0,22916,594,146,0,0,0,0,0
447,1290,448.0089991463944,99992,56,23,3,1,666,369,0.0103508280662453,33,14,42826,36000,279,126,6801,13834,15682,7768,0,0,75784,162,39,6,0,0,0,0,0,0,23262,590,149,0,0,0,0,0
448,1290,449.039338176452,99992,50,26,3,1,673,372,0.010450836066885351,38,16,42708,35819,291,125,6908,14011,15910,7891,0,0,75422,174,39,7,0,0,0,0,0,0,23612,588,150,0,0,0,0,0
449,1290,450.14380283705594,99992,55,28,3,1,683,378,0.010610848867909433,37,13,42594,35649,295,127,7014,14180,16138,8014,0,0,75071,176,46,7,0,0,0,0,0,0,23954,586,152,0,0,0,0,0
450,1290,451.21513399083017,99992,49,33,3,1,696,384,0.01080086406912553,37,23,42494,35471,312,128,7103,14342,16366,8138,0,0,74704,192,49,8,0,0,0,0,0,0,24302,584,153,0,0,0,0,0
451,1290,452.26270697175903,99992,50,36,3,1,710,391,0.011010880870469638,36,25,42379,35275,324,129,7206,14532,16593,8262,0,0,74344,205,53,8,0,0,0,0,0,0,24645,580,157,0,0,0,0,0
452,1290,453.3130363071043,99992,49,44,3,1,718,400,0.011180894471557725,42,25,42259,35097,332,130,7313,14701,16820,8387,0,0,73988,213,54,8,1,0,0,0,0,0,24992,576,160,0,0,0,0,0
453,1290,454.0149113194152,99992,45,47,3,1,723,407,0.011300904072325786,51,24,42149,34901,341,133,7409,14892,17047,8512,0,0,73627,222,58,8,1,0,0,0,0,0,25340,576,160,0,0,0,0,0
454,1290,455.07089953555567,99992,52,45,3,1,736,410,0.011460916873349868,55,32,42036,34724,346,137,7506,15059,17273,8637,0,0,73270,229,62,8,1,0,0,0,0,0,25686,575,161,0,0,0,0,0
455,1290,456.1295566991151,99992,59,51,3,1,751,422,0.011730938475078006,62,26,41928,34549,352,143,7594,15228,17499,8763,0,0,72909,239,66,8,1,0,0,0,0,0,26033,574,162,0,0,0,0,0
456,1290,457.1908126820754,99992,67,50,3,1,765,426,0.011910952876230098,71,28,41817,34363,354,145,7686,15411,17724,8889,0,0,72558,242,74,8,1,0,0,0,0,0,26373,571,165,0,0,0,0,0
457,1290,458.254740413395,99992,80,43,3,1,787,427,0.012140971277702216,71,39,41699,34178,360,152,7785,15585,17949,9016,0,0,72200,250,83,8,1,0,0,0,0,0,26714,569,167,0,0,0,0,0
458,1290,459.32142501919645,99992,91,39,3,1,807,434,0.012410992879430354,75,35,41580,34022,367,160,7882,15741,18173,9143,0,0,71838,263,90,8,1,0,0,0,0,0,27056,567,169,0,0,0,0,0
459,1290,460.0342203404504,99992,95,37,3,1,819,441,0.012601008080646452,78,36,41461,33842,370,168,7991,15914,18397,9270,0,0,71481,270,100,8,1,0,0,0,0,0,27396,566,170,0,0,0,0,0
460,1290,461.10679812012336,99992,107,38,3,1,842,447,0.0128910312825026,73,40,41358,33667,374,172,8083,16080,18620,9397,0,0,71122,280,105,8,2,0,0,0,0,0,27740,565,170,0,0,0,0,0
461,1290,462.18203545741255,99992,117,48,3,1,868,461,0.013291063285062805,65,33,41238,33492,388,176,8187,16248,18842,9525,0,0,70757,296,109,8,2,0,0,0,0,0,28085,564,171,0,0,0,0,0
462,1290,463.26028569753055,99992,117,46,3,1,890,464,0.013541083286662934,74,39,41117,33329,407,179,8280,16404,19064,9653,0,0,70393,312,120,8,2,0,0,0,0,0,28422,562,173,0,0,0,0,0
463,1290,464.3415943426007,99992,132,54,3,1,916,477,0.013931114489159133,74,34,40998,33157,411,181,8380,16571,19285,9781,0,0,70044,320,127,9,2,0,0,0,0,0,28756,553,181,0,0,0,0,0
464,1290,465.06411844075376,99992,127,52,3,1,928,481,0.014091127290183214,88,38,40872,32976,421,187,8487,16744,19505,9910,0,0,69684,335,135,8,3,0,0,0,0,0,29093,550,184,0,0,0,0,0
465,1290,466.15162396184155,99992,132,62,3,1,951,502,0.01453116249299944,101,43,40757,32791,435,197,8570,16904,19724,10039,0,0,69314,358,140,8,4,0,0,0,0,0,29435,549,184,0,0,0,0,0
466,1290,467.24201868424353,99992,136,65,3,1,984,514,0.01498119849587967,103,51,40630,32623,462,206,8664,17052,19942,10168,0,0,68940,389,147,8,4,0,0,0,0,0,29771,545,188,0,0,0,0,0
467,1290,468.3355703486226,99992,135,73,3,1,1016,529,0.015451236098887912,111,48,40501,32460,492,211,8756,17205,20159,10297,0,0,68569,415,161,8,4,0,0,0,0,0,30102,544,189,0,0,0,0,0
468,1290,469.0664630443019,99992,144,72,3,1,1040,539,0.015791263301064087,118,45,40356,32288,504,220,8873,17372,20376,10426,0,0,68205,435,167,8,4,0,0,0,0,0,30440,542,191,0,0,0,0,0
469,1290,470.16710860478594,99991,154,74,4,1,1070,549,0.016191457231150803,127,51,40230,32133,521,227,8962,17512,20592,10556,0,0,67843,454,175,8,4,0,0,0,0,0,30774,539,194,0,0,0,0,0
470,1290,471.2709546683636,99991,169,77,4,1,1108,562,0.016701503135282174,125,57,40113,31967,540,234,9047,17662,20807,10686,0,0,67475,480,182,8,4,0,0,0,0,0,31109,536,197,0,0,0,0,0
471,1290,472.0085474112267,99991,169,77,4,1,1126,571,0.016971527437469373,136,60,39983,31794,556,240,9150,17826,21021,10816,0,0,67117,501,188,8,4,0,0,0,0,0,31440,529,204,0,0,0,0,0
472,1290,473.11895025987974,99991,175,86,4,1,1163,594,0.01757158144232981,149,58,39859,31627,578,249,9233,17977,21234,10946,0,0,66756,522,212,8,4,0,0,0,0,0,31756,526,207,0,0,0,0,0
473,1290,474.23262220826643,99990,184,85,5,1,1203,609,0.01812181218121812,159,61,39725,31465,603,262,9322,18124,21446,11076,0,0,66383,554,226,8,4,0,0,0,0,0,32082,524,209,0,0,0,0,0
474,1290,475.3497831776752,99990,195,84,5,1,1245,625,0.0187018701870187,165,66,39604,31308,631,276,9398,18263,21657,11206,0,0,66014,583,243,9,4,0,0,0,0,0,32404,522,211,0,0,0,0,0
475,1290,476.096291523001,99990,201,85,5,1,1270,637,0.01907190719071907,167,65,39479,31140,648,285,9498,18422,21867,11336,0,0,65657,601,255,9,4,0,0,0,0,0,32731,521,212,0,0,0,0,0
476,1290,477.22007086386515,99990,209,81,5,1,1312,652,0.019641964196419642,174,66,39348,31006,681,304,9581,18540,22075,11466,0,0,65275,645,262,10,4,0,0,0,0,0,33061,520,213,0,0,0,0,0
477,1290,478.34744566983676,99990,220,93,5,1,1352,674,0.020262026202620263,185,67,39207,30867,708,313,9673,18657,22282,11596,0,0,64911,675,271,10,4,0,0,0,0,0,33386,517,216,0,0,0,0,0
478,1290,479.10108325133433,99990,230,98,5,1,1382,686,0.020682068206820683,181,82,39085,30692,725,318,9772,18807,22488,11726,0,0,64561,690,283,10,4,0,0,0,0,0,33709,516,217,0,0,0,0,0
479,1290,480.23553532022265,99989,247,101,5,2,1430,709,0.021392353158847473,179,80,38963,30554,751,335,9853,18926,22693,11856,0,0,64192,725,298,10,4,0,0,0,0,0,34027,514,219,0,0,0,0,0
480,1290,481.37332571930943,99989,247,91,5,2,1481,722,0.022032423566592324,185,101,38827,30402,799,355,9935,19047,22897,11986,0,0,63817,769,328,10,4,0,0,0,0,0,34328,511,222,0,0,0,0,0
481,1290,482.1339690861968,99989,256,105,5,2,1519,744,0.022632489573853123,169,97,38711,30228,822,361,10035,19205,23100,12116,0,0,63459,797,337,10,4,0,0,0,0,0,34649,508,225,0,0,0,0,0
482,1290,483.2790600035528,99989,272,116,5,2,1574,768,0.023422576483413175,176,100,38585,30082,854,371,10106,19327,23301,12246,0,0,63091,836,350,10,4,0,0,0,0,0,34965,506,227,0,0,0,0,0
483,1290,484.0442025742562,99989,282,124,5,2,1611,787,0.023982638090189922,176,100,38445,29932,879,380,10211,19460,23501,12376,0,0,62734,863,360,11,4,0,0,0,0,0,35285,505,227,0,0,0,0,0
484,1290,485.19660421999976,99989,281,140,5,2,1667,823,0.024902739301323147,205,88,38294,29793,931,399,10282,19576,23700,12506,0,0,62349,920,378,12,4,0,0,0,0,0,35594,503,229,0,0,0,0,0
485,1290,486.35316494770893,99989,313,139,5,2,1738,850,0.02588284711318245,224,100,38138,29648,963,425,10355,19684,23898,12636,0,0,61975,969,394,13,4,0,0,0,0,0,35902,499,233,0,0,0,0,0
486,1290,487.12643026762714,99989,305,145,5,2,1768,871,0.026392903219354127,243,103,38009,29497,990,434,10446,19817,24094,12766,0,0,61620,1004,412,12,5,0,0,0,0,0,36204,494,238,0,0,0,0,0
487,1290,488.29091212743407,99989,322,163,5,2,1831,913,0.027443018732060526,248,98,37883,29374,1023,450,10517,19911,24289,12896,0,0,61251,1050,436,12,5,0,0,0,0,0,36503,492,240,0,0,0,0,0
488,1290,489.06916580961166,99989,323,163,5,2,1876,929,0.028053085839442337,254,113,37746,29206,1060,458,10610,20056,24483,13026,0,0,60896,1082,464,12,5,0,0,0,0,0,36798,491,241,0,0,0,0,0
489,1290,490.24110690949936,99988,350,174,5,3,1949,966,0.029153498419810377,261,109,37593,29085,1101,479,10688,20148,24676,13156,0,0,60524,1134,482,12,6,0,0,0,0,0,37099,487,244,0,0,0,0,0
490,1290,491.0248494938158,99986,370,181,7,3,2011,993,0.03004420618886644,257,108,37441,28934,1134,494,10789,20278,24867,13286,0,0,60160,1176,498,13,6,0,0,0,0,0,37402,485,246,0,0,0,0,0
491,1290,492.2055899692469,99985,388,184,7,4,2091,1029,0.031204680702105317,269,108,37287,28806,1188,521,10859,20375,25057,13416,0,0,59786,1229,538,14,6,0,0,0,0,0,37682,484,246,0,0,0,0,0
492,1290,493.3908966484373,99985,412,179,7,4,2173,1061,0.032344851727759166,288,109,37136,28674,1232,551,10923,20481,25246,13546,0,0,59414,1283,579,14,6,0,0,0,0,0,37959,483,247,0,0,0,0,0
493,1290,494.1835404842851,99985,431,176,7,4,2230,1076,0.03306495974396159,298,120,36998,28527,1261,565,11003,20606,25433,13675,0,0,59064,1318,596,14,8,0,0,0,0,0,38255,482,248,0,0,0,0,0
494,1290,495.3773734648469,99985,431,185,7,4,2305,1117,0.03422513377006551,311,118,36846,28410,1329,588,11074,20693,25619,13804,0,0,58681,1387,632,15,9,0,0,0,0,0,38533,480,248,0,0,0,0,0
495,1290,496.17577668075035,99985,452,195,7,4,2376,1145,0.03521528229234385,284,111,36723,28261,1371,605,11161,20822,25804,13933,0,0,58314,1441,644,16,9,0,0,0,0,0,38833,478,250,0,0,0,0,0
496,1290,497.3782462171109,99985,456,193,7,4,2448,1177,0.03625543831574736,304,118,36578,28145,1426,636,11227,20902,25987,14062,0,0,57942,1501,685,17,9,0,0,0,0,0,39104,477,250,0,0,0,0,0
497,1290,498.18224201304696,99985,461,196,7,4,2514,1201,0.0371555733360004,312,129,36450,27990,1466,650,11302,21029,26169,14191,0,0,57587,1550,715,18,10,0,0,0,0,0,39379,471,255,0,0,0,0,0
498,1290,499.3933478496155,99985,453,210,7,4,2601,1246,0.038475771365704854,337,131,36284,27873,1549,680,11368,21100,26350,14320,0,0,57210,1617,769,20,11,0,0,0,0,0,39633,469,256,0,0,0,0,0
499,1290,500.2035017722486,99985,462,222,7,4,2674,1281,0.0395559333900085,342,133,36129,27734,1606,699,11452,21206,26529,14448,0,0,56849,1674,799,20,11,0,0,0,0,0,39907,466,259,0,0,0,0,0
500,1290,501.0168946442647,99984,447,214,8,4,2727,1308,0.0403564570331253,352,132,35977,27615,1661,725,11553,21308,26707,14576,0,0,56493,1727,847,21,11,0,0,0,0,0,40161,461,263,0,0,0,0,0
501,1290,502.2430228040178,99984,461,207,8,4,2835,1348,0.04183669387101936,359,151,35838,27505,1734,761,11598,21370,26883,14704,0,0,56119,1800,914,22,11,0,0,0,0,0,40395,457,266,0,0,0,0,0
502,1290,503.06307838024856,99984,487,215,8,4,2917,1372,0.04289686349815971,347,160,35711,27378,1777,769,11668,21472,27058,14832,0,0,55778,1839,945,23,11,0,0,0,0,0,40665,455,268,0,0,0,0,0
503,1290,504.29793277421567,99984,517,214,8,4,3020,1421,0.04441710673707793,358,159,35580,27262,1826,815,11709,21544,27232,14959,0,0,55413,1905,998,24,12,0,0,0,0,0,40909,452,271,0,0,0,0,0
504,1290,505.1234556828754,99984,531,214,8,4,3089,1448,0.045377260361657866,383,169,35417,27122,1865,833,11794,21656,27404,15086,0,0,55073,1947,1034,25,13,0,0,0,0,0,41169,450,273,0,0,0,0,0
505,1290,506.3673056461,99984,534,239,8,4,3197,1508,0.047057529204672745,381,176,35265,27002,1957,859,11853,21718,27575,15213,0,0,54689,2035,1083,26,14,0,0,0,0,0,41415,447,275,0,0,0,0,0
506,1290,507.19952009668856,99983,547,254,8,5,3276,1544,0.04820819539321685,391,180,35117,26868,2003,872,11932,21819,27745,15339,0,0,54343,2086,1113,28,15,0,0,0,0,0,41677,443,278,0,0,0,0,0
507,1290,508.0349470812338,99982,564,270,8,6,3361,1593,0.04954891880538497,389,182,34968,26739,2059,903,12010,21898,27913,15465,0,0,53994,2139,1153,33,15,0,0,0,0,0,41930,439,279,0,0,0,0,0
508,1290,509.2937763057976,99981,568,279,9,6,3488,1644,0.051329752653004074,400,182,34801,26673,2165,935,12055,21923,28080,15591,0,0,53604,2237,1213,35,17,0,0,0,0,0,42159,435,281,0,0,0,0,0
509,1290,510.1362207200779,99981,583,263,9,6,3576,1677,0.052539982596693374,396,209,34654,26546,2226,980,12130,21994,28245,15717,0,0,53246,2304,1267,35,18,0,0,0,0,0,42396,435,280,0,0,0,0,0
510,1290,511.4063130461742,99981,601,274,9,6,3712,1739,0.05452035886818495,431,220,34445,26439,2330,1019,12182,22040,28409,15842,0,0,52849,2409,1318,39,21,0,0,0,0,0,42632,433,280,0,0,0,0,0
511,1290,512.2567250448283,99981,630,286,9,6,3810,1785,0.055960632520178834,433,225,34290,26326,2384,1041,12252,22114,28572,15967,0,0,52505,2466,1359,42,21,0,0,0,0,0,42876,429,283,0,0,0,0,0
512,1290,513.1106239352499,99980,620,293,9,7,3900,1829,0.05730146029205841,428,215,34162,26211,2468,1070,12311,22202,28733,16092,0,0,52142,2538,1412,48,21,0,0,0,0,0,43108,427,284,0,0,0,0,0
513,1290,514.3975770340171,99980,654,302,9,7,4048,1893,0.05942188437687537,440,222,33998,26102,2561,1113,12336,22252,28893,16216,0,0,51769,2627,1486,52,21,0,0,0,0,0,43316,423,286,0,0,0,0,0
514,1290,515.2584980533899,99979,669,309,10,7,4147,1940,0.06088278538493083,452,216,33846,26004,2626,1144,12395,22318,29052,16340,0,0,51424,2689,1547,52,21,0,0,0,0,0,43537,422,287,0,0,0,0,0
515,1290,516.1229844110949,99978,688,308,11,7,4232,1985,0.062183680409690134,469,222,33692,25905,2666,1183,12472,22373,29209,16464,0,0,51094,2738,1607,52,22,0,0,0,0,0,43756,421,288,0,0,0,0,0
516,1290,517.4262857271884,99978,716,321,11,7,4405,2051,0.06457420632539158,471,231,33502,25806,2784,1231,12514,22402,29365,16587,0,0,50708,2844,1692,56,22,0,0,0,0,0,43948,418,290,0,0,0,0,0
517,1290,518.2987777502368,99978,740,339,11,7,4528,2110,0.06639460681349897,460,234,33364,25687,2865,1259,12558,22472,29519,16710,0,0,50359,2916,1753,58,24,0,0,0,0,0,44161,416,291,0,0,0,0,0
518,1290,519.1748465376372,99977,743,352,12,7,4637,2159,0.06797563439591106,470,237,33213,25583,2949,1283,12611,22536,29672,16832,0,0,49994,3005,1799,59,26,0,0,0,0,0,44387,415,292,0,0,0,0,0
519,1290,520.0546225316369,99977,743,359,12,7,4744,2211,0.06956600018004142,504,243,33039,25466,3032,1323,12668,22600,29824,16954,0,0,49638,3086,1859,63,29,0,0,0,0,0,44598,412,292,0,0,0,0,0
520,1290,521.3814835777628,99977,780,361,12,7,4913,2286,0.07200656150914711,494,245,32877,25384,3140,1381,12695,22620,29974,17076,0,0,49258,3196,1951,65,29,0,0,0,0,0,44775,408,295,0,0,0,0,0
521,1290,522.269406987067,99977,802,382,12,7,5036,2341,0.07378697100333077,497,242,32712,25284,3224,1404,12751,22679,30123,17197,0,0,48921,3263,2017,65,30,0,0,0,0,0,44978,408,295,0,0,0,0,0
522,1290,523.1615734475085,99977,760,399,12,7,5134,2400,0.07535733218640288,529,248,32540,25193,3349,1434,12808,22717,30271,17318,0,0,48542,3374,2079,69,32,0,0,0,0,0,45181,403,297,0,0,0,0,0
523,1290,524.058371343988,99977,793,406,12,7,5268,2450,0.07719775548376126,541,247,32366,25113,3429,1464,12857,22761,30417,17438,0,0,48192,3458,2134,72,33,0,0,0,0,0,45391,400,297,0,0,0,0,0
524,1290,525.4112936891685,99976,811,422,12,8,5431,2535,0.07967912298951749,578,257,32193,25028,3538,1520,12866,22763,30562,17558,0,0,47825,3557,2232,77,36,0,0,0,0,0,45552,397,300,0,0,0,0,0
525,1290,526.3170072092931,99976,841,423,12,8,5547,2586,0.08134952388573258,602,276,32048,24925,3590,1560,12905,22806,30706,17678,0,0,47496,3624,2297,78,37,0,0,0,0,0,45747,394,303,0,0,0,0,0
526,1290,527.2260783417757,99975,874,431,13,8,5681,2643,0.08326081520380095,613,283,31879,24815,3665,1601,12954,22860,30848,17797,0,0,47165,3689,2370,83,38,0,0,0,0,0,45934,393,303,0,0,0,0,0
527,1290,528.1392308132363,99974,886,443,14,8,5810,2701,0.08513213435493228,622,292,31708,24715,3758,1641,13010,22899,30989,17916,0,0,46817,3776,2437,84,42,0,0,0,0,0,46124,392,302,0,0,0,0,0
528,1290,529.0569813220819,99974,917,456,14,8,5959,2778,0.08739272210774801,613,308,31563,24611,3849,1691,13042,22924,31129,18034,0,0,46471,3863,2528,86,42,0,0,0,0,0,46290,391,303,0,0,0,0,0
529,1290,530.4409595167219,99974,945,472,14,8,6155,2884,0.09041350751195311,629,311,31378,24520,3969,1759,13063,22928,31268,18152,0,0,46079,3995,2634,93,46,0,0,0,0,0,46436,386,305,0,0,0,0,0
530,1290,531.3676111621762,99974,960,518,14,8,6311,2982,0.09295416808370176,616,295,31216,24412,4084,1799,13108,22966,31405,18269,0,0,45725,4093,2715,98,51,0,0,0,0,0,46607,383,302,0,0,0,0,0
531,1290,532.2986786266848,99974,990,524,14,8,6462,3058,0.09522475843719368,631,294,31040,24302,4170,1858,13153,23012,31541,18386,0,0,45374,4191,2795,102,54,0,0,0,0,0,46774,379,305,0,0,0,0,0
532,1290,533.2346497153947,99974,1021,519,14,8,6622,3128,0.09752535659271411,643,310,30879,24223,4257,1914,13184,23024,31676,18503,0,0,45037,4277,2905,104,57,0,0,0,0,0,46912,376,306,0,0,0,0,0
533,1290,534.1751284687517,99974,1054,524,14,8,6786,3193,0.09981595214755837,680,319,30681,24147,4347,1954,13222,23046,31809,18619,0,0,44703,4358,3001,111,59,0,0,0,0,0,47064,373,305,0,0,0,0,0
534,1290,535.1205584450859,99973,1060,516,15,8,6946,3266,0.10214757984655858,682,324,30520,24054,4462,2022,13259,23074,31941,18735,0,0,44341,4470,3112,115,60,1,0,0,0,0,47198,370,306,0,0,0,0,0
535,1290,536.0710381911848,99971,1100,507,15,10,7136,3334,0.10473037180782427,657,334,30366,23958,4573,2083,13287,23106,32072,18850,0,0,43972,4590,3200,117,67,1,0,0,0,0,47349,369,306,0,0,0,0,0
536,1290,537.0263418280877,99970,1112,515,16,10,7277,3413,0.10693207962388716,683,348,30202,23849,4668,2145,13317,23131,32202,18965,0,0,43625,4691,3279,123,71,1,0,0,0,0,47507,363,310,0,0,0,0,0
537,1290,538.4679288133897,99969,1145,530,16,11,7557,3547,0.11107443307425302,708,342,29970,23795,4869,2244,13290,23076,32330,19079,0,0,43184,4878,3417,137,78,1,0,0,0,0,47603,360,311,0,0,0,0,0
538,1290,539.4343948731989,99967,1153,531,17,12,7728,3635,0.11366751027839186,718,359,29785,23700,4995,2313,13330,23083,32457,19193,0,0,42827,4989,3527,143,86,1,0,0,0,0,47724,358,312,0,0,0,0,0
539,1290,540.4064282227497,99967,1173,541,17,12,7921,3709,0.11633839166925085,713,377,29604,23611,5129,2362,13362,23095,32583,19306,0,0,42472,5100,3629,149,92,1,0,0,0,0,47854,357,313,0,0,0,0,0
540,1290,541.3842246291157,99964,1199,556,20,12,8095,3798,0.11897283021887879,733,367,29425,23536,5242,2416,13379,23111,32708,19419,0,0,42129,5202,3736,152,94,1,0,0,0,0,47980,356,314,0,0,0,0,0
541,1290,542.3676433115443,99962,1182,568,22,12,8250,3884,0.1213861267281567,765,372,29262,23460,5363,2468,13404,23118,32832,19531,0,0,41781,5305,3851,161,98,1,0,0,0,0,48096,354,315,0,0,0,0,0
542,1290,543.3561031182046,99962,1209,593,22,12,8429,3987,0.1242071987355195,765,371,29118,23365,5465,2525,13419,23132,32954,19643,0,0,41438,5409,3957,166,103,1,0,0,0,0,48219,354,315,0,0,0,0,0
543,1290,544.3490697645857,99960,1212,615,24,12,8602,4090,0.12697078831532613,789,377,28944,23288,5588,2586,13441,23120,33075,19754,0,0,41091,5517,4070,172,109,2,0,0,0,0,48330,352,317,0,0,0,0,0
544,1290,545.3473825376396,99959,1222,611,24,13,8813,4182,0.13000330135355495,792,378,28760,23205,5748,2666,13452,23125,33195,19865,0,0,40726,5642,4211,182,114,2,0,0,0,0,48414,349,319,0,0,0,0,0
545,1290,546.3519053082503,99958,1253,623,24,14,9011,4273,0.13289581624282198,812,390,28567,23142,5874,2718,13468,23111,33314,19975,0,0,40397,5734,4332,193,120,2,0,0,0,0,48514,346,320,0,0,0,0,0
546,1290,547.3624388371638,99958,1298,626,24,14,9222,4361,0.1358870725704796,803,402,28412,23066,5988,2779,13473,23111,33432,20085,0,0,40076,5818,4470,203,125,2,0,0,0,0,48599,345,320,0,0,0,0,0
547,1290,548.3782615331966,99958,1309,629,24,14,9408,4460,0.13873827007343084,829,411,28249,22998,6113,2849,13474,23097,33549,20194,0,0,39745,5915,4619,213,128,2,0,0,0,0,48672,343,321,0,0,0,0,0
548,1290,549.3995697802584,99957,1357,656,25,14,9628,4577,0.14211110777634384,804,415,28099,22915,6234,2914,13479,23084,33664,20303,0,0,39413,6019,4757,220,132,2,0,0,0,0,48753,339,322,0,0,0,0,0
549,1290,550.42594781457,99957,1349,690,25,14,9799,4692,0.14497233810538532,826,394,27942,22832,6369,2976,13487,23092,33778,20411,0,0,39087,6117,4893,229,137,2,0,0,0,0,48833,336,323,0,0,0,0,0
550,1290,551.4577571735857,99956,1350,713,26,14,10004,4812,0.1482252190964024,839,382,27784,22734,6503,3059,13496,23096,33891,20519,0,0,38745,6227,5047,245,141,2,0,0,0,0,48894,330,325,0,0,0,0,0
551,1290,552.4950085125519,99954,1360,718,28,14,10217,4905,0.15128959321287794,836,379,27624,22671,6644,3125,13506,23091,34003,20626,0,0,38426,6314,5217,256,146,2,0,0,0,0,48938,330,325,0,0,0,0,0
552,1290,553.0153803551675,99952,1352,714,30,14,10332,4950,0.15289338882663678,825,383,27487,22599,6732,3161,13572,23127,34114,20733,0,0,38134,6381,5298,261,152,2,0,0,0,0,49070,329,325,0,0,0,0,0
553,1290,554.063591882662,99952,1379,692,30,14,10560,5045,0.15612493997118618,810,418,27352,22551,6856,3255,13571,23068,34224,20839,0,0,37810,6481,5479,275,158,2,0,0,0,0,49096,323,328,0,0,0,0,0
554,1290,555.1173910965109,99952,1358,720,30,14,10760,5169,0.15936649591804067,844,412,27190,22491,7013,3329,13563,23032,34333,20945,0,0,37460,6602,5637,289,164,2,0,0,0,0,49149,323,326,0,0,0,0,0
555,1290,556.1770442056064,99950,1375,723,31,15,10967,5291,0.16266133066533267,866,411,27025,22425,7149,3418,13552,23006,34441,21050,0,0,37120,6713,5783,304,172,3,0,0,0,0,49206,322,327,0,0,0,0,0
556,1290,557.242683787424,99948,1398,710,33,15,11197,5397,0.16602633369352063,861,397,26861,22364,7299,3513,13546,22999,34548,21155,0,0,36760,6848,5941,316,176,3,0,0,0,0,49256,321,327,0,0,0,0,0
557,1290,558.3145256006075,99948,1425,718,33,15,11425,5497,0.16930804018089407,866,400,26684,22299,7441,3581,13549,22985,34654,21259,0,0,36422,6964,6067,329,189,3,0,0,0,0,49327,320,327,0,0,0,0,0
558,1290,559.3929294206455,99948,1424,704,33,15,11649,5604,0.17261976227638373,863,413,26514,22231,7619,3675,13545,22960,34759,21363,0,0,36095,7068,6247,342,206,3,0,0,0,0,49340,319,328,0,0,0,0,0
559,1290,560.478313383355,99948,1451,716,33,15,11889,5709,0.17607155720974907,847,435,26365,22175,7773,3740,13529,22917,34863,21466,0,0,35768,7177,6398,355,217,3,0,0,0,0,49385,317,328,0,0,0,0,0
560,1290,561.0228833359713,99948,1448,717,33,15,11988,5771,0.17768239484531956,870,443,26233,22093,7833,3780,13581,22950,34966,21569,0,0,35511,7224,6498,359,221,3,0,0,0,0,49487,317,328,0,0,0,0,0
561,1290,562.1193729287044,99947,1447,724,34,15,12208,5899,0.18116601798953447,850,444,26129,22035,7991,3872,13547,22908,35068,21671,0,0,35187,7329,6681,375,232,3,0,0,0,0,49496,315,329,0,0,0,0,0
562,1290,563.2208084659135,99946,1445,711,35,15,12437,6009,0.1845596622175975,832,435,26000,22002,8140,3966,13546,22869,35169,21773,0,0,34858,7440,6870,394,241,3,0,0,0,0,49499,310,331,0,0,0,0,0
563,1290,564.3279048895247,99945,1444,716,36,15,12671,6138,0.1881935064285357,849,414,25847,21974,8294,4057,13528,22822,35269,21874,0,0,34521,7562,7052,409,254,3,0,0,0,0,49505,308,331,0,0,0,0,0
564,1290,565.4414748174879,99945,1465,730,36,15,12901,6264,0.19175546550602832,852,404,25689,21923,8432,4137,13524,22789,35368,21974,0,0,34193,7680,7213,420,264,3,0,0,0,0,49533,308,331,0,0,0,0,0
565,1290,566.0002189820096,99945,1479,713,36,15,13034,6320,0.19364650557806795,828,393,25574,21864,8511,4193,13570,22820,35466,22074,0,0,33941,7725,7324,432,271,3,0,0,0,0,49612,305,332,0,0,0,0,0
566,1290,567.1253621308149,99944,1489,715,37,15,13277,6440,0.1972804770671576,819,409,25427,21803,8668,4279,13558,22777,35563,22173,0,0,33630,7830,7504,445,291,3,0,0,0,0,49607,300,334,0,0,0,0,0
567,1290,568.2572557860229,99943,1442,716,38,15,13499,6560,0.20070440150886004,833,415,25301,21754,8860,4361,13524,22737,35659,22272,0,0,33287,7963,7692,460,308,4,0,0,0,0,49597,298,334,0,0,0,0,0
568,1290,569.3949451238901,99943,1490,735,38,15,13759,6676,0.20446654593118077,799,409,25180,21715,8977,4421,13514,22703,35754,22370,0,0,32992,8054,7859,474,321,4,0,0,0,0,49612,293,334,0,0,0,0,0
569,1290,570.538217206073,99939,1450,738,42,15,13963,6795,0.20770670108766348,808,402,25067,21682,9135,4501,13496,22660,35848,22468,0,0,32664,8178,8030,483,341,5,0,0,0,0,49612,292,334,0,0,0,0,0
570,1290,571.1114041998968,99939,1453,739,42,15,14071,6853,0.20936771430572648,806,406,24973,21604,9192,4543,13532,22691,35941,22565,0,0,32435,8215,8130,486,351,5,0,0,0,0,49693,290,334,0,0,0,0,0
571,1290,572.2645111572089,99939,1463,744,42,15,14308,6973,0.21293989333493432,790,392,24853,21579,9322,4621,13528,22647,36033,22662,0,0,32117,8322,8289,510,366,5,0,0,0,0,49708,288,334,0,0,0,0,0
572,1290,573.4230778253192,99939,1491,723,42,15,14543,7075,0.2163119502896767,791,389,24713,21562,9442,4706,13519,22603,36124,22758,0,0,31818,8416,8459,528,380,5,0,0,0,0,49712,285,336,0,0,0,0,0
573,1290,574.0042388855306,99938,1459,707,43,15,14645,7115,0.21773499569733235,805,397,24622,21518,9517,4741,13552,22620,36214,22854,0,0,31591,8449,8568,536,396,5,0,0,0,0,49774,283,336,0,0,0,0,0
574,1290,575.1738516909737,99938,1458,706,43,15,14882,7211,0.22106706157817846,787,408,24514,21481,9664,4809,13532,22579,36303,22949,0,0,31296,8546,8748,550,409,6,0,0,0,0,49765,281,337,0,0,0,0,0
575,1290,576.3487662449347,99936,1470,713,45,15,15129,7333,0.2247638488632725,795,395,24357,21464,9823,4893,13508,22518,36391,23044,0,0,30998,8645,8926,567,428,6,0,0,0,0,49751,278,337,0,0,0,0,0
576,1290,577.5307760309265,99935,1454,695,46,15,15370,7446,0.22830840046029918,764,389,24241,21438,9992,4982,13501,22479,36478,23138,0,0,30688,8756,9110,588,452,7,0,0,0,0,49723,272,339,0,0,0,0,0
577,1290,578.1238708014645,99935,1432,684,46,15,15478,7501,0.2299394606494221,737,384,24173,21393,10063,5022,13547,22500,36565,23232,0,0,30461,8788,9222,605,462,7,0,0,0,0,49781,269,340,0,0,0,0,0
578,1290,579.3169474254724,99934,1400,689,47,15,15677,7626,0.23318390137490744,761,351,24040,21375,10210,5103,13540,22465,36651,23325,0,0,30189,8857,9407,625,489,7,0,0,0,0,49753,268,339,0,0,0,0,0
579,1290,580.5167341449979,99933,1382,699,48,15,15898,7743,0.23656850089560005,754,358,23961,21361,10349,5173,13504,22392,36736,23418,0,0,29896,8957,9584,639,509,7,0,0,0,0,49737,266,338,0,0,0,0,0
580,1290,581.1179884999075,99932,1364,690,49,15,16016,7794,0.2382620181723572,735,346,23880,21327,10428,5210,13542,22410,36820,23510,0,0,29671,8995,9692,650,524,7,0,0,0,0,49793,264,336,0,0,0,0,0
581,1290,582.3265441623128,99930,1340,676,51,15,16238,7900,0.24154908435905134,744,349,23763,21310,10574,5293,13526,22355,36903,23602,0,0,29383,9092,9883,665,546,8,0,0,0,0,49756,261,336,0,0,0,0,0
582,1290,583.5413126559798,99928,1338,660,53,15,16462,7992,0.24471619566087582,740,372,23662,21299,10707,5364,13498,22288,36985,23693,0,0,29090,9196,10027,681,568,11,0,0,0,0,49760,258,337,0,0,0,0,0
583,1290,584.1502803435509,99927,1337,659,53,16,16575,8047,0.24639987190649174,720,369,23613,21257,10753,5401,13522,22296,37066,23783,0,0,28889,9224,10123,688,584,12,0,0,0,0,49815,254,338,0,0,0,0,0
584,1290,585.3740723880019,99927,1326,664,53,16,16792,8152,0.2496222242236833,699,354,23565,21286,10861,5452,13494,22226,37147,23873,0,0,28635,9282,10303,711,603,13,0,0,0,0,49788,253,339,0,0,0,0,0
585,1290,586.6009260893436,99926,1298,665,54,16,17006,8276,0.2530072253467566,668,317,23491,21300,11004,5534,13483,22166,37227,23962,0,0,28371,9349,10495,738,628,14,0,0,0,0,49743,251,337,0,0,0,0,0
586,1290,587.2152650218568,99925,1291,655,54,17,17109,8319,0.2544708531398549,666,327,23415,21260,11055,5564,13517,22175,37306,24051,0,0,28169,9375,10595,746,637,15,0,0,0,0,49802,249,337,0,0,0,0,0
587,1290,588.4503622534172,99923,1251,660,56,17,17302,8413,0.2573481580817229,658,324,23334,21267,11197,5611,13502,22119,37384,24139,0,0,27914,9444,10766,765,656,16,0,0,0,0,49776,248,338,0,0,0,0,0
588,1290,589.0692751595216,99922,1228,664,57,17,17405,8467,0.25892195912811994,648,328,23257,21208,11264,5644,13544,22137,37461,24227,0,0,27716,9470,10875,774,667,16,0,0,0,0,49819,245,340,0,0,0,0,0
589,1290,590.3136154648392,99921,1195,649,58,17,17597,8581,0.2619869697060678,637,299,23191,21207,11392,5737,13525,22089,37538,24314,0,0,27456,9543,11067,794,687,18,0,0,0,0,49771,245,340,0,0,0,0,0
590,1290,591.562400455662,99920,1167,619,59,17,17775,8669,0.2646517213771017,648,301,23129,21218,11498,5810,13497,22033,37614,24401,0,0,27221,9592,11240,818,712,19,0,0,0,0,49734,242,342,0,0,0,0,0
591,1290,592.1881062989796,99920,1174,613,59,17,17876,8714,0.2661128903122498,644,299,23064,21199,11531,5841,13526,22029,37689,24487,0,0,27042,9600,11336,827,722,20,0,0,0,0,49790,242,341,0,0,0,0,0
592,1290,593.4447175314688,99919,1143,593,60,17,18060,8805,0.26886778290415236,646,291,22972,21206,11654,5906,13523,21985,37763,24573,0,0,26780,9676,11482,855,746,20,0,0,0,0,49778,239,343,0,0,0,0,0
593,1290,594.0744926750108,99918,1123,593,61,17,18156,8859,0.2703717047979343,623,275,22922,21194,11717,5930,13552,21989,37837,24658,0,0,26602,9692,11599,859,757,22,0,0,0,0,49806,237,344,0,0,0,0,0
594,1290,595.3402401439756,99918,1103,562,61,17,18348,8948,0.2731840108889289,590,274,22889,21209,11821,6006,13534,21930,37910,24743,0,0,26378,9740,11805,878,778,22,0,0,0,0,49738,236,343,0,0,0,0,0
595,1290,596.6089668220986,99918,1095,565,61,17,18528,9048,0.275986308773194,565,254,22848,21227,11913,6068,13516,21867,37982,24827,0,0,26138,9814,11959,887,794,24,0,0,0,0,49724,235,343,0,0,0,0,0
596,1290,597.2440342581957,99917,1076,554,62,17,18620,9088,0.27731016743897435,545,250,22798,21208,11966,6086,13551,21883,38054,24911,0,0,25963,9825,12064,894,808,25,0,0,0,0,49763,234,341,0,0,0,0,0
597,1290,598.5188188919719,99916,1040,537,63,17,18804,9168,0.27995516233636253,515,251,22768,21219,12085,6148,13527,21826,38125,24994,0,0,25733,9878,12218,918,836,26,0,0,0,0,49733,230,344,0,0,0,0,0
598,1290,599.156973524035,99915,1050,530,64,17,18902,9210,0.2813591552819897,507,250,22706,21213,12122,6172,13549,21816,38195,25077,0,0,25564,9886,12302,924,851,26,0,0,0,0,49788,230,344,0,0,0,0,0
599,1290,600.437928060437,99914,997,500,64,18,19059,9286,0.28369397682006525,503,252,22667,21230,12240,6240,13527,21758,38264,25159,0,0,25354,9923,12468,946,887,26,0,0,0,0,49741,229,340,0,0,0,0,0
600,1290,601.0795292550475,99911,997,490,67,18,19141,9320,0.284863528540401,496,253,22620,21213,12259,6253,13559,21771,38333,25241,0,0,25206,9917,12554,946,907,26,0,0,0,0,49786,228,341,0,0,0,0,0
601,1290,602.366870726345,99909,993,478,67,20,19326,9399,0.28751163558838544,473,268,22583,21224,12336,6294,13546,21714,38401,25322,0,0,24991,9966,12702,960,930,28,0,0,0,0,49764,228,340,0,0,0,0,0
602,1290,603.0106999339009,99908,967,483,68,20,19401,9450,0.28877567361973017,462,253,22548,21204,12376,6312,13577,21726,38468,25403,0,0,24833,9973,12802,963,944,30,0,0,0,0,49797,226,340,0,0,0,0,0
603,1290,604.3031784532986,99908,934,475,68,20,19550,9538,0.29114785602754534,467,235,22505,21242,12464,6354,13560,21672,38535,25483,0,0,24622,10020,12938,982,974,30,0,0,0,0,49779,224,339,0,0,0,0,0
604,1290,605.5986507871496,99906,916,465,70,20,19701,9610,0.29338578263567755,449,229,22478,21300,12526,6381,13559,21603,38601,25563,0,0,24436,10047,13086,994,998,31,0,0,0,0,49752,223,339,0,0,0,0,0
605,1290,606.2468758624811,99905,894,454,71,20,19760,9646,0.2943396226415094,447,233,22449,21297,12543,6397,13594,21597,38666,25642,0,0,24292,10039,13172,1002,1015,31,0,0,0,0,49794,221,339,0,0,0,0,0
606,1290,607.5468850046661,99905,878,443,71,20,19902,9712,0.2964216005204945,426,235,22436,21364,12600,6419,13587,21517,38731,25721,0,0,24108,10064,13301,1016,1040,32,0,0,0,0,49785,221,338,0,0,0,0,0
607,1290,608.1966758044271,99904,862,443,72,20,19972,9750,0.29750560538116594,419,241,22401,21352,12626,6427,13618,21515,38795,25799,0,0,23951,10076,13381,1022,1049,32,0,0,0,0,49834,217,342,0,0,0,0,0
608,1290,609.5002207139067,99904,853,440,72,20,20114,9824,0.2996676809737348,391,241,22405,21373,12682,6467,13595,21457,38858,25877,0,0,23776,10099,13525,1033,1061,37,0,0,0,0,49815,216,342,0,0,0,0,0
609,1290,610.1519617648066,99904,848,437,72,20,20174,9856,0.30058856502242154,386,241,22386,21361,12682,6476,13624,21463,38921,25954,0,0,23654,10080,13602,1038,1075,39,0,0,0,0,49858,214,344,0,0,0,0,0
610,1290,611.4575970108896,99904,818,424,72,20,20288,9934,0.30251040999359385,389,234,22380,21391,12728,6528,13611,21401,38983,26031,0,0,23468,10110,13732,1055,1095,40,0,0,0,0,49848,214,342,0,0,0,0,0
611,1290,612.1101668038949,99903,816,408,73,20,20348,9966,0.3034343313013623,401,233,22348,21399,12717,6547,13643,21391,39045,26107,0,0,23348,10092,13813,1058,1115,40,0,0,0,0,49881,211,345,0,0,0,0,0
612,1290,613.4182637348617,99901,782,413,75,20,20463,10050,0.30543237805427376,393,194,22331,21451,12777,6587,13640,21333,39106,26183,0,0,23177,10116,13951,1066,1138,40,0,0,0,0,49859,209,345,0,0,0,0,0
613,1290,614.0724117705776,99900,775,413,76,20,20510,10083,0.30623623623623625,397,196,22306,21444,12762,6595,13682,21330,39166,26259,0,0,23052,10104,14030,1069,1143,41,0,0,0,0,49908,206,347,0,0,0,0,0
614,1290,615.3839578251884,99898,769,400,78,20,20639,10147,0.3081743378245811,373,190,22342,21483,12794,6624,13642,21281,39226,26334,0,0,22894,10118,14150,1078,1171,42,0,0,0,0,49894,205,346,0,0,0,0,0
615,1290,616.0394540382853,99897,750,387,79,20,20689,10170,0.30890817542068333,390,191,22308,21487,12800,6632,13671,21281,39285,26409,0,0,22763,10113,14221,1079,1189,42,0,0,0,0,49940,204,346,0,0,0,0,0
616,1290,617.3512070753974,99897,744,381,79,20,20816,10238,0.31086018599157134,360,174,22320,21532,12842,6668,13653,21223,39344,26483,0,0,22615,10112,14353,1093,1210,43,0,0,0,0,49921,203,347,0,0,0,0,0
617,1290,618.0069487935216,99896,750,373,80,20,20882,10267,0.3118142868583327,362,165,22291,21526,12838,6677,13677,21237,39402,26557,0,0,22497,10098,14427,1093,1228,43,0,0,0,0,49960,202,348,0,0,0,0,0
618,1290,619.3205470162605,99896,746,366,80,20,21009,10333,0.31374629614799393,341,165,22300,21578,12873,6697,13658,21172,39459,26630,0,0,22335,10111,14545,1115,1239,46,0,0,0,0,49956,200,349,0,0,0,0,0
619,1290,620.6342105661095,99895,714,359,81,20,21109,10400,0.31542119225186444,338,146,22309,21613,12899,6728,13657,21132,39516,26703,0,0,22183,10126,14677,1120,1257,50,0,0,0,0,49934,200,348,0,0,0,0,0
620,1290,621.2906654290467,99895,708,344,81,20,21167,10425,0.3162520646679013,351,147,22290,21608,12896,6747,13672,21132,39572,26775,0,0,22067,10118,14762,1117,1272,51,0,0,0,0,49960,199,349,0,0,0,0,0
621,1290,622.6056837533462,99894,676,329,81,21,21266,10478,0.3177768434540613,365,139,22299,21659,12931,6781,13646,21069,39628,26847,0,0,21893,10155,14852,1128,1291,55,0,0,0,0,49973,197,350,0,0,0,0,0
622,1290,623.262391624794,99894,689,322,81,21,21328,10505,0.31866778785512645,354,134,22289,21675,12913,6783,13672,21063,39683,26918,0,0,21788,10138,14924,1126,1307,55,0,0,0,0,50010,194,352,0,0,0,0,0
623,1290,624.5782080885566,99894,691,301,81,21,21441,10548,0.3202294432098024,337,134,22338,21702,12908,6816,13643,21024,39738,26989,0,0,21654,10141,15040,1133,1324,58,0,0,0,0,49998,193,353,0,0,0,0,0
624,1290,625.2349960059569,99894,697,281,81,21,21499,10570,0.32103029210963624,314,139,22337,21694,12896,6834,13673,21029,39792,27059,0,0,21546,10121,15117,1136,1339,58,0,0,0,0,50031,193,353,0,0,0,0,0
625,1290,626.548794139115,99894,675,270,81,21,21622,10613,0.32269205357679137,274,150,22360,21755,12947,6844,13661,20958,39846,27129,0,0,21392,10131,15222,1159,1355,61,0,0,0,0,50031,190,353,0,0,0,0,0
626,1290,627.2047025353793,99894,662,257,81,21,21677,10632,0.3234328388091377,264,157,22345,21779,12963,6845,13683,20939,39899,27199,0,0,21264,10132,15288,1165,1365,62,0,0,0,0,50077,188,353,0,0,0,0,0
627,1290,628.5188575492375,99893,622,261,82,21,21761,10678,0.32473746909192835,260,155,22370,21829,12998,6848,13666,20884,39952,27268,0,0,21123,10138,15381,1176,1384,63,0,0,0,0,50087,187,354,0,0,0,0,0
628,1290,629.1753368856314,99893,616,275,82,21,21813,10707,0.3255483367202907,255,152,22353,21837,12998,6833,13694,20880,40004,27337,0,0,21012,10125,15439,1179,1392,65,0,0,0,0,50140,187,354,0,0,0,0,0
629,1290,630.4897995409858,99893,597,286,82,21,21901,10765,0.3270099005936352,300,180,22340,21862,13010,6828,13669,20821,40056,27405,0,0,20878,10104,15500,1192,1406,67,23,0,0,32,50151,186,354,0,0,0,0,0
630,1290,631.0450057182061,99893,578,289,82,21,21939,10790,0.3276405754156948,333,188,22302,21854,13007,6812,13696,20834,40107,27473,0,0,20779,10046,15542,1198,1415,69,53,0,0,59,50193,185,354,0,0,0,0,0
631,1290,632.1578978826138,99891,596,295,84,21,22044,10833,0.32912875033786826,363,202,22295,21895,12977,6801,13683,20784,40158,27540,0,0,20676,9996,15566,1202,1435,71,81,0,0,122,50203,184,355,0,0,0,0,0
632,1290,633.2708856265031,99890,604,303,85,21,22148,10892,0.33076384022424665,402,211,22276,21914,12973,6815,13658,20734,40208,27607,0,0,20562,9944,15593,1208,1452,73,121,0,0,199,50199,184,355,0,0,0,0,0
633,1290,634.3838925063098,99890,631,316,85,21,22269,10951,0.3325658224046451,416,234,22261,21938,12958,6807,13647,20682,40258,27674,0,0,20452,9891,15619,1213,1472,75,160,0,0,269,50200,184,355,0,0,0,0,0
634,1290,635.4969188087766,99890,641,332,85,21,22373,11013,0.334227650415457,450,232,22230,21953,12952,6815,13640,20645,40307,27740,0,0,20331,9841,15644,1227,1484,75,202,0,0,341,50207,184,354,0,0,0,0,0
635,1290,636.0534359977287,99890,663,329,85,21,22444,11043,0.3352387626389028,467,234,22207,21941,12926,6820,13650,20653,40356,27806,0,0,20244,9790,15677,1232,1495,77,222,0,0,385,50230,184,354,0,0,0,0,0
636,1290,637.1683311603654,99887,703,351,86,23,22588,11116,0.3374212860532402,484,238,22191,21961,12918,6819,13616,20606,40404,27871,0,0,20118,9749,15689,1236,1518,78,268,0,0,460,50233,183,355,0,0,0,0,0
637,1290,638.2833173261381,99886,713,358,86,24,22718,11187,0.3394369581322708,510,223,22151,22012,12933,6833,13605,20548,40452,27936,0,0,19998,9701,15688,1254,1549,78,306,0,0,555,50219,181,357,0,0,0,0,0
638,1290,639.3990676281802,99885,777,364,87,24,22887,11254,0.34180307353456474,517,232,22110,22051,12932,6842,13575,20485,40499,28000,0,0,19885,9652,15693,1268,1577,80,344,0,0,636,50213,179,358,0,0,0,0,0
639,1290,640.5158958732386,99885,795,371,87,24,23028,11312,0.3437953646693698,565,250,22077,22088,12946,6841,13528,20424,40546,28064,0,0,19765,9599,15705,1284,1601,82,391,0,0,720,50202,179,357,0,0,0,0,0
640,1290,641.0743721408794,99885,800,379,87,24,23095,11346,0.34480652750663265,571,251,22060,22081,12933,6844,13547,20419,40592,28128,0,0,19672,9552,15730,1288,1619,82,418,0,0,759,50229,178,358,0,0,0,0,0
641,1290,642.1931835008344,99885,826,406,87,24,23250,11424,0.34713921009160537,581,270,22022,22135,12953,6840,13529,20323,40638,28191,0,0,19545,9498,15735,1314,1642,84,465,0,0,839,50229,177,357,0,0,0,0,0
642,1290,643.312332982634,99885,855,403,87,24,23418,11491,0.34949191570305854,583,297,21990,22139,12991,6863,13492,20272,40684,28254,0,0,19423,9443,15744,1333,1667,89,510,0,0,943,50200,177,356,0,0,0,0,0
643,1290,644.43279933356,99883,878,419,89,24,23579,11572,0.35192174844568147,618,327,21939,22140,13016,6889,13458,20199,40729,28316,0,0,19299,9391,15738,1352,1706,89,559,0,0,1035,50182,175,357,0,0,0,0,0
644,1290,645.5546371865603,99883,939,445,89,24,23774,11664,0.35479511027902644,620,305,21912,22179,13026,6904,13412,20141,40774,28378,0,0,19180,9339,15752,1372,1725,91,603,0,0,1144,50145,174,358,0,0,0,0,0
645,1290,646.1159724870026,99883,961,466,89,24,23866,11710,0.35617672677032125,607,298,21854,22179,13052,6902,13435,20129,40818,28440,0,0,19081,9301,15763,1381,1743,93,624,0,0,1185,50181,174,357,0,0,0,0,0
646,1290,647.2408415423714,99882,991,479,90,24,24053,11800,0.3589535652069442,623,299,21819,22202,13088,6933,13387,20061,40862,28501,0,0,18953,9242,15765,1394,1787,95,690,0,0,1284,50141,172,359,0,0,0,0,0
647,1290,648.3673015972819,99882,1005,480,90,24,24216,11877,0.3613564005526521,667,320,21788,22221,13113,6967,13335,19986,40905,28562,0,0,18845,9172,15781,1414,1818,102,742,0,0,1387,50092,171,358,0,0,0,0,0
648,1290,649.4949844098596,99880,1043,494,92,24,24399,11974,0.36416700040048056,689,330,21754,22215,13128,7014,13292,19921,40948,28622,0,0,18718,9116,15785,1428,1855,105,804,0,0,1489,50052,170,358,0,0,0,0,0
649,1290,650.0588151112249,99880,1057,505,92,24,24502,12018,0.3656387665198238,676,340,21716,22204,13157,7027,13300,19898,40991,28682,0,0,18604,9082,15790,1435,1872,110,843,0,0,1538,50078,170,358,0,0,0,0,0
650,1290,651.188642934964,99879,1062,516,93,24,24690,12118,0.3685259163587941,717,319,21661,22228,13220,7075,13245,19836,41033,28742,0,0,18482,9027,15784,1447,1922,113,901,0,0,1675,50003,168,357,0,0,0,0,0
651,1290,652.3208440255771,99879,1078,515,93,24,24873,12210,0.3712792478899468,746,335,21623,22248,13268,7119,13190,19757,41075,28801,0,0,18356,8972,15777,1468,1966,114,957,0,0,1804,49940,167,358,0,0,0,0,0
652,1290,653.4545331104352,99877,1123,520,95,24,25081,12304,0.3743104017942069,769,370,21562,22263,13308,7148,13141,19673,41116,28860,0,0,18240,8914,15766,1493,2008,119,1008,0,0,1924,49883,164,358,0,0,0,0,0
653,1290,654.0215215544647,99877,1135,525,95,24,25187,12348,0.37581224906635163,812,379,21488,22251,13327,7165,13141,19654,41157,28919,0,0,18144,8877,15777,1497,2029,120,1035,0,0,2001,49875,164,358,0,0,0,0,0
654,1290,655.1595654111685,99875,1174,534,96,25,25422,12447,0.3791639549436796,837,390,21435,22255,13376,7210,13080,19584,41198,28977,0,0,18007,8825,15766,1519,2077,122,1099,0,0,2138,49804,164,354,0,0,0,0,0
655,1290,656.2997648468473,99875,1227,566,96,25,25678,12560,0.38285857321652067,826,392,21411,22264,13439,7230,12999,19521,41238,29035,0,0,17877,8762,15757,1547,2122,128,1162,0,0,2264,49740,163,353,0,0,0,0,0
656,1290,657.4412407168087,99872,1245,542,99,25,25903,12649,0.38601409804549824,847,422,21360,22264,13521,7294,12926,19451,41278,29092,0,0,17750,8699,15747,1571,2173,133,1228,0,0,2421,49638,161,351,0,0,0,0,0
657,1290,658.0123221759826,99872,1285,567,99,25,26027,12710,0.38786646908042294,843,424,21302,22240,13537,7311,12932,19431,41318,29149,0,0,17646,8667,15742,1574,2207,135,1261,0,0,2462,49666,161,351,0,0,0,0,0
658,1290,659.1576327706134,99871,1325,598,100,25,26286,12846,0.3918254548367394,858,421,21230,22238,13641,7357,12844,19359,41357,29206,0,0,17508,8599,15731,1612,2251,138,1333,0,0,2619,49571,158,351,0,0,0,0,0
659,1290,660.3057390069974,99870,1337,639,100,26,26516,12978,0.39545409031741263,875,415,21175,22249,13720,7397,12791,19272,41396,29262,0,0,17376,8525,15719,1651,2308,139,1401,0,0,2746,49497,156,352,0,0,0,0,0
660,1290,661.4569938462913,99870,1384,664,100,26,26787,13112,0.39950936217082206,874,427,21108,22252,13796,7460,12736,19169,41435,29318,0,0,17244,8458,15697,1689,2361,142,1464,0,0,2912,49396,156,351,0,0,0,0,0
661,1290,662.0334954011087,99870,1387,659,100,26,26918,13176,0.4014619004706118,902,417,21047,22235,13833,7509,12729,19152,41473,29374,0,0,17149,8411,15695,1696,2405,146,1503,0,0,3002,49357,154,352,0,0,0,0,0
662,1290,663.1896246735754,99869,1434,662,101,26,27182,13305,0.4054010754087855,878,417,21017,22251,13909,7576,12659,19066,41511,29429,0,0,17028,8345,15680,1725,2461,151,1565,0,0,3179,49233,154,348,0,0,0,0,0
663,1290,664.3475878870025,99869,1455,668,101,26,27439,13429,0.40921607305570296,904,431,20925,22242,14001,7648,12612,18983,41548,29484,0,0,16894,8286,15664,1755,2516,153,1632,0,0,3363,49107,153,346,0,0,0,0,0
664,1290,665.5091542669315,99868,1488,696,102,26,27718,13562,0.4133456162134017,941,444,20838,22238,14084,7698,12545,18896,41585,29538,0,0,16748,8227,15644,1785,2574,159,1713,0,0,3514,49006,152,346,0,0,0,0,0
665,1290,666.09133614147,99868,1483,689,102,26,27838,13622,0.4151479953538671,973,478,20776,22226,14137,7725,12527,18854,41622,29592,0,0,16651,8179,15654,1800,2604,163,1750,0,0,3603,48967,151,346,0,0,0,0,0
666,1290,667.259757774966,99868,1493,713,102,26,28104,13758,0.4191733087675732,1003,484,20688,22232,14263,7787,12449,18756,41658,29646,0,0,16515,8110,15631,1837,2669,166,1816,0,0,3772,48856,151,345,0,0,0,0,0
667,1290,668.4323991251458,99868,1556,729,102,26,28401,13901,0.42357912444426643,1002,486,20597,22219,14352,7864,12389,18674,41694,29699,0,0,16386,8052,15608,1861,2731,170,1886,0,0,3956,48723,150,345,0,0,0,0,0
668,1290,669.0200753747531,99867,1552,724,103,26,28549,13974,0.4257963090910912,1000,488,20553,22210,14409,7910,12381,18640,41730,29752,0,0,16287,7994,15611,1881,2769,173,1928,0,0,4068,48661,150,345,0,0,0,0,0
669,1290,670.1997428157208,99866,1591,746,104,26,28858,14126,0.4304167584563315,1023,484,20490,22203,14502,7989,12288,18550,41765,29805,0,0,16158,7925,15580,1917,2834,182,1995,0,0,4267,48517,148,343,0,0,0,0,0
670,1290,671.3819715345945,99864,1614,778,106,26,29170,14290,0.435191860930866,1026,464,20389,22206,14636,8055,12227,18469,41800,29857,0,0,16021,7843,15546,1967,2904,192,2079,0,0,4447,48375,146,344,0,0,0,0,0
671,1290,672.5691101957367,99862,1619,765,108,26,29466,14433,0.43959664336784765,1085,484,20301,22193,14748,8155,12137,18375,41835,29909,0,0,15880,7780,15498,2001,2979,205,2154,0,0,4663,48215,142,345,0,0,0,0,0
672,1290,673.1634547053433,99861,1632,765,109,26,29623,14493,0.44177406595167285,1071,509,20266,22178,14791,8187,12129,18333,41869,29961,0,0,15776,7736,15492,2017,3020,207,2200,0,0,4751,48177,141,344,0,0,0,0,0
673,1290,674.3576328930416,99861,1691,766,109,26,29940,14632,0.4463404131743123,1032,537,20205,22166,14906,8263,12055,18240,41903,30012,0,0,15625,7684,15465,2046,3081,211,2282,0,0,4947,48038,140,342,0,0,0,0,0
674,1290,675.5542684075716,99860,1705,830,110,26,30248,14815,0.45126176647306226,1033,550,20145,22156,15035,8302,11970,18134,41937,30063,0,0,15501,7619,15439,2078,3154,220,2343,0,0,5144,47883,139,340,0,0,0,0,0
675,1290,676.1538055939805,99860,1729,850,110,26,30405,14909,0.45377528539955936,1063,548,20073,22136,15066,8343,11957,18095,41971,30114,0,0,15413,7576,15435,2094,3190,223,2371,0,0,5256,47825,138,339,0,0,0,0,0
676,1290,677.3565243934062,99858,1750,880,112,26,30713,15082,0.45860121372348733,1061,560,20003,22105,15196,8438,11876,17989,42004,30164,0,0,15274,7514,15394,2116,3284,231,2449,0,0,5436,47684,138,338,0,0,0,0,0
677,1290,678.5635439291702,99858,1753,890,112,26,31044,15247,0.46356826693905345,1062,572,19904,22092,15359,8525,11808,17893,42037,30214,0,0,15126,7431,15358,2164,3366,240,2538,0,0,5652,47512,135,336,0,0,0,0,0
678,1290,679.168427536146,99856,1768,879,113,27,31204,15328,0.46599102707899376,1081,569,19850,22082,15390,8577,11796,17864,42070,30264,0,0,15029,7387,15352,2185,3399,246,2573,0,0,5772,47444,133,336,0,0,0,0,0
679,1290,680.3837342952824,99856,1785,931,113,27,31524,15517,0.47108836724883835,1089,559,19761,22068,15528,8654,11722,17759,42102,30313,0,0,14892,7326,15302,2220,3489,253,2648,0,0,5972,47289,132,333,0,0,0,0,0
680,1290,681.6033801580016,99854,1757,961,115,27,31831,15700,0.4760049672521882,1109,536,19651,22063,15716,8735,11650,17676,42134,30362,0,0,14728,7262,15259,2255,3574,267,2748,0,0,6168,47131,129,333,0,0,0,0,0
681,1290,682.2150361670958,99854,1753,967,115,27,32003,15789,0.47861878342379877,1100,543,19598,22040,15793,8781,11639,17640,42166,30411,0,0,14621,7212,15236,2276,3636,268,2800,0,0,6278,47067,129,331,0,0,0,0,0
682,1290,683.445172322753,99852,1789,961,116,28,32328,15950,0.4834955734487041,1101,576,19493,22029,15911,8882,11588,17522,42198,30459,0,0,14476,7146,15204,2304,3715,274,2894,0,0,6498,46885,127,329,0,0,0,0,0
683,1290,684.0620737847179,99852,1804,967,116,28,32491,16049,0.48611945679605817,1120,573,19452,22013,15941,8939,11565,17478,42229,30507,0,0,14373,7114,15185,2314,3758,279,2936,0,0,6623,46814,127,329,0,0,0,0,0
684,1290,685.3008710758011,99849,1842,986,119,28,32848,16239,0.4916123346252842,1103,587,19366,21996,16076,9041,11492,17360,42260,30555,0,0,14218,7042,15139,2353,3853,288,3034,0,0,6825,46642,127,328,0,0,0,0,0
685,1290,686.5437453830795,99847,1879,1013,121,28,33224,16423,0.49723076306749325,1081,612,19291,21966,16224,9123,11402,17256,42291,30602,0,0,14079,6968,15098,2407,3946,294,3111,0,0,7043,46450,126,325,0,0,0,0,0
686,1290,687.1663987368505,99846,1881,1032,122,28,33397,16525,0.49998998457624744,1060,603,19257,21946,16291,9181,11387,17208,42321,30649,0,0,13987,6924,15089,2423,3988,305,3149,0,0,7157,46373,126,325,0,0,0,0,0
687,1290,688.4164987383292,99844,1848,1019,124,28,33717,16698,0.5049377028163936,1113,629,19170,21922,16465,9292,11278,17108,42351,30696,0,0,13842,6857,15043,2465,4086,316,3229,0,0,7400,46157,125,324,0,0,0,0,0
688,1290,689.0425205774069,99842,1810,1032,125,29,33872,16805,0.5075719637026502,1147,617,19127,21898,16544,9356,11245,17066,42381,30743,0,0,13754,6809,15024,2477,4149,326,3271,0,0,7525,46061,122,324,0,0,0,0,0
689,1290,690.3005894695391,99839,1865,1034,126,31,34268,16997,0.5134766974829476,1089,631,19070,21887,16692,9461,11156,16954,42411,30789,0,0,13607,6754,14952,2515,4258,339,3349,0,0,7761,45859,122,323,0,0,0,0,0
690,1290,691.5617755894746,99838,1854,1044,127,31,34598,17180,0.5186201646667602,1129,639,18984,21902,16849,9539,11055,16843,42440,30835,0,0,13467,6695,14875,2550,4379,351,3428,0,0,7976,45675,121,321,0,0,0,0,0
691,1290,692.1940029858412,99836,1880,1052,128,32,34780,17277,0.5214251372250491,1114,636,18943,21896,16901,9583,11032,16799,42469,30881,0,0,13382,6656,14847,2566,4447,353,3457,0,0,8080,45608,119,321,0,0,0,0,0
692,1290,693.4635387523878,99836,1876,1061,128,32,35121,17495,0.5270243198846107,1149,602,18863,21901,17047,9719,10935,16683,42498,30926,0,0,13251,6585,14791,2607,4552,374,3531,0,0,8321,45387,119,318,0,0,0,0,0
693,1290,694.0998474119659,99836,1923,1068,128,32,35308,17590,0.529848952281742,1151,616,18809,21891,17070,9754,10917,16637,42527,30971,0,0,13171,6535,14788,2632,4593,380,3562,0,0,8421,45319,117,318,0,0,0,0,0
694,1290,695.3771328157553,99836,1978,1068,128,32,35672,17787,0.5354681677951841,1154,629,18751,21874,17168,9867,10819,16528,42555,31016,0,0,13032,6463,14739,2678,4696,384,3645,0,0,8642,45123,114,320,0,0,0,0,0
695,1290,696.017002265794,99835,1993,1037,129,32,35856,17878,0.5382280763259378,1142,637,18706,21856,17231,9949,10797,16487,42583,31060,0,0,12952,6425,14715,2688,4766,390,3674,0,0,8778,45014,112,321,0,0,0,0,0
696,1290,697.3002573474693,99833,1961,1045,131,32,36232,18090,0.5441286949205173,1135,629,18650,21828,17421,10081,10700,16383,42611,31104,0,0,12800,6349,14645,2744,4884,412,3763,0,0,9022,44784,110,320,0,0,0,0,0
697,1290,698.5880279229593,99832,1953,1076,132,32,36615,18328,0.5503545957208109,1137,578,18561,21820,17598,10204,10617,16288,42639,31148,0,0,12666,6278,14587,2790,5005,425,3836,0,0,9287,44529,110,319,0,0,0,0,0
698,1290,699.2344516450268,99831,1960,1094,133,32,36796,18431,0.5532049163085615,1152,572,18509,21825,17660,10230,10584,16245,42666,31192,0,0,12571,6237,14571,2810,5060,430,3875,0,0,9392,44458,108,319,0,0,0,0,0
699,1290,700.531674641774,99828,1973,1081,135,33,37140,18644,0.5588011379572866,1183,601,18441,21808,17763,10363,10503,16112,42693,31235,0,0,12433,6182,14507,2840,5174,448,3956,0,0,9632,44232,106,318,0,0,0,0,0
700,1290,701.1818049394086,99828,1932,1065,135,33,37309,18738,0.5614356693512842,1202,606,18397,21791,17852,10432,10480,16071,42720,31278,0,0,12337,6144,14474,2865,5241,460,3991,0,0,9765,44130,104,317,0,0,0,0,0
701,1290,702.4864295858066,99825,2025,1084,137,34,37728,18941,0.5676834460305534,1140,622,18345,21764,17958,10523,10393,15971,42747,31321,0,0,12214,6073,14419,2916,5346,474,4057,0,0,9970,43938,102,316,0,0,0,0,0
702,1290,703.1401146903437,99824,2021,1086,137,35,37915,19054,0.5706944221830421,1154,603,18314,21763,18016,10578,10356,15933,42773,31364,0,0,12126,6028,14393,2941,5404,486,4092,0,0,10100,43836,101,317,0,0,0,0,0
703,1290,704.4504490459511,99821,2023,1087,139,36,38297,19261,0.5766121357229441,1176,617,18222,21755,18165,10682,10273,15821,42799,31406,0,0,11986,5965,14315,2995,5535,502,4164,0,0,10326,43618,98,317,0,0,0,0,0
704,1290,705.1073658624035,99821,1999,1108,139,36,38478,19389,0.579707676741367,1176,593,18195,21740,18249,10747,10240,15774,42825,31448,0,0,11902,5914,14300,3017,5598,514,4205,0,0,10453,43504,98,316,0,0,0,0,0
705,1290,706.424129222346,99819,2032,1083,141,36,38889,19574,0.5856900990793336,1141,617,18111,21718,18431,10874,10142,15670,42851,31490,0,0,11778,5866,14231,3048,5723,539,4267,0,0,10698,43259,97,313,0,0,0,0,0
706,1290,707.0787777748308,99819,2038,1100,141,36,39074,19680,0.5886053757300714,1165,605,18038,21711,18493,10916,10123,15630,42877,31531,0,0,11690,5823,14209,3077,5773,548,4295,0,0,10810,43185,96,313,0,0,0,0,0
707,1290,708.3793238580326,99817,2026,1091,142,37,39450,19877,0.5943576745444162,1161,606,17970,21720,18676,11031,10023,15513,42902,31572,0,0,11582,5758,14145,3114,5898,575,4345,0,0,11053,42939,95,313,0,0,0,0,0
708,1290,709.0252614335085,99815,2022,1080,144,37,39637,19983,0.5973050142764114,1143,596,17946,21720,18736,11091,10007,15474,42927,31613,0,0,11502,5702,14127,3142,5966,586,4376,0,0,11166,42841,95,312,0,0,0,0,0
709,1290,710.309101734106,99813,1984,1071,146,37,40005,20187,0.6030476991974993,1131,605,17870,21702,18943,11229,9924,15354,42952,31654,0,0,11363,5634,14060,3190,6105,601,4452,0,0,11410,42598,94,306,0,0,0,0,0
710,1290,711.5808792632253,99811,1961,1090,148,37,40349,20382,0.6084599893799281,1168,599,17792,21714,19089,11306,9840,15252,42977,31694,0,0,11258,5567,14017,3240,6197,631,4497,0,0,11628,42378,92,306,0,0,0,0,0
711,1290,712.2119593037842,99809,1945,1101,150,37,40506,20471,0.6109368894588665,1186,598,17740,21726,19154,11332,9823,15204,43001,31734,0,0,11187,5536,13990,3247,6259,641,4522,0,0,11733,42296,92,306,0,0,0,0,0
712,1290,713.4684728711574,99807,1980,1097,152,37,40887,20660,0.616660154097408,1173,602,17672,21719,19282,11439,9739,15104,43025,31774,0,0,11070,5483,13927,3281,6380,664,4578,0,0,11934,42093,92,305,0,0,0,0,0
713,1290,714.093478840998,99807,1963,1088,152,37,41067,20754,0.6194054525233701,1166,586,17630,21719,19377,11502,9710,15066,43049,31814,0,0,10975,5448,13894,3308,6441,674,4613,0,0,12057,42001,91,305,0,0,0,0,0
714,1290,715.3363086736902,99805,1985,1070,152,39,41426,20940,0.6248785131005461,1126,575,17545,21716,19547,11607,9643,14991,43073,31853,0,0,10852,5400,13830,3340,6558,693,4678,0,0,12279,41783,90,302,0,0,0,0,0
715,1290,716.5685336929427,99805,1946,1078,152,39,41763,21126,0.6301187315264767,1088,576,17517,21706,19722,11713,9573,14886,43097,31892,0,0,10740,5343,13761,3366,6704,714,4736,0,0,12471,41580,90,300,0,0,0,0,0
716,1290,717.1804082030753,99805,1960,1063,152,39,41938,21210,0.6327137918941936,1053,584,17477,21688,19786,11765,9570,14859,43120,31931,0,0,10665,5310,13744,3381,6765,725,4760,0,0,12565,41500,90,300,0,0,0,0,0
717,1290,718.3983608887975,99805,1959,1069,152,39,42265,21404,0.6379339712439257,1024,583,17444,21682,19913,11857,9506,14768,43143,31970,0,0,10559,5258,13685,3412,6890,744,4814,0,0,12755,41299,89,300,0,0,0,0,0
718,1290,719.0037510125954,99805,1926,1078,152,39,42426,21487,0.6403787385401533,1025,580,17407,21683,19993,11877,9495,14741,43166,32008,0,0,10501,5209,13665,3440,6952,755,4823,0,0,12861,41211,88,300,0,0,0,0,0
719,1290,720.2102875463154,99803,1914,1083,154,39,42746,21661,0.6453413224051381,1009,597,17369,21669,20114,11966,9438,14644,43189,32046,0,0,10395,5174,13607,3454,7078,771,4866,0,0,13062,41013,88,295,0,0,0,0,0
720,1290,721.4086926245519,99802,1906,1086,155,39,43058,21827,0.6501372717981604,981,612,17331,21678,20243,12029,9382,14554,43212,32084,0,0,10304,5133,13542,3487,7196,792,4890,0,0,13248,40828,88,294,0,0,0,0,0
721,1290,722.005175098088,99802,1914,1087,155,39,43206,21919,0.6525420332257871,974,598,17285,21674,20296,12072,9374,14528,43235,32122,0,0,10260,5100,13520,3487,7258,808,4898,0,0,13345,40745,87,294,0,0,0,0,0
722,1290,723.1936560467965,99798,1852,1079,158,40,43481,22092,0.657057255656426,975,585,17263,21680,20440,12168,9310,14446,43257,32159,0,0,10150,5045,13475,3524,7370,828,4950,0,0,13531,40547,87,291,0,0,0,0,0
723,1290,724.3752624541359,99796,1818,1063,160,40,43757,22261,0.6615295202212513,998,585,17204,21677,20561,12279,9257,14354,43279,32196,0,0,10063,4994,13415,3553,7495,849,4977,0,0,13716,40359,87,288,0,0,0,0,0
724,1290,725.5497481092721,99796,1812,1080,160,40,44053,22432,0.6662090664956511,974,577,17159,21667,20688,12351,9205,14283,43301,32233,0,0,9957,4941,13364,3588,7607,864,5025,0,0,13871,40204,87,288,0,0,0,0,0
725,1290,726.1340196422302,99794,1808,1080,162,40,44213,22511,0.6686173517445939,945,578,17124,21644,20756,12397,9203,14259,43323,32270,0,0,9895,4911,13344,3609,7673,873,5032,0,0,13948,40136,86,287,0,0,0,0,0
726,1290,727.2982866975897,99793,1796,1082,162,41,44490,22689,0.6731834898239355,971,571,17077,21643,20853,12493,9139,14168,43345,32306,0,0,9813,4865,13276,3629,7789,897,5063,0,0,14131,39957,86,287,0,0,0,0,0
727,1290,728.4564416980514,99791,1787,1066,164,41,44786,22865,0.6779268671523484,948,544,17048,21640,20970,12608,9081,14099,43366,32342,0,0,9707,4825,13227,3654,7890,929,5111,0,0,14301,39775,86,286,0,0,0,0,0
728,1290,729.0329185861311,99791,1767,1068,164,41,44921,22951,0.6801414957260675,934,523,17039,21643,21017,12649,9077,14074,43387,32378,0,0,9653,4796,13212,3661,7951,937,5122,0,0,14405,39683,86,285,0,0,0,0,0
729,1290,730.1831185420082,99788,1731,1044,167,41,45185,23099,0.6842906962761054,974,546,17020,21632,21106,12727,9000,14008,43408,32414,0,0,9551,4752,13164,3684,8065,961,5172,0,0,14552,39518,85,284,0,0,0,0,0
730,1290,731.329075247688,99787,1726,1043,168,41,45468,23248,0.6886267750308156,946,538,17003,21645,21191,12809,8964,13922,43429,32450,0,0,9458,4718,13117,3695,8165,983,5216,0,0,14721,39345,85,284,0,0,0,0,0
731,1290,732.4702015753668,99786,1704,1060,168,42,45728,23404,0.6928025975587758,952,535,16974,21662,21285,12863,8915,13836,43450,32485,0,0,9358,4664,13079,3730,8254,1006,5266,0,0,14853,39210,85,281,0,0,0,0,0
732,1290,733.0385279374834,99784,1705,1052,170,42,45873,23480,0.6950312675378818,920,549,16954,21652,21344,12903,8905,13800,43471,32520,0,0,9308,4632,13062,3742,8304,1021,5274,0,0,14943,39133,85,280,0,0,0,0,0
733,1290,734.1723935225302,99782,1702,1056,172,42,46141,23643,0.6993646148603957,931,551,16913,21646,21435,12974,8845,13729,43491,32555,0,0,9236,4591,13022,3761,8387,1060,5298,0,0,15091,38972,85,279,0,0,0,0,0
734,1290,735.3009276883262,99782,1683,1075,172,42,46406,23835,0.7039445992263134,913,522,16924,21646,21520,13069,8786,13644,43511,32590,0,0,9147,4544,12974,3798,8498,1081,5329,0,0,15235,38814,84,278,0,0,0,0,0
735,1290,736.4254017098156,99779,1653,1051,174,43,46656,23982,0.7079445574720131,909,533,16900,21646,21608,13155,8754,13570,43531,32624,0,0,9051,4514,12934,3799,8611,1108,5376,0,0,15371,38655,83,277,0,0,0,0,0
736,1290,737.5457759432448,99779,1656,1015,174,43,46891,24113,0.7116126639874122,911,545,16900,21656,21659,13226,8698,13513,43551,32658,0,0,8972,4473,12897,3826,8699,1127,5407,0,0,15522,38497,83,276,0,0,0,0,0
737,1290,738.1047896609863,99779,1657,1023,174,43,47026,24202,0.713857625352028,897,522,16884,21659,21686,13266,8700,13485,43571,32692,0,0,8921,4446,12879,3833,8754,1141,5419,0,0,15600,38429,83,274,0,0,0,0,0
738,1290,739.221176892966,99779,1661,1003,174,43,47295,24339,0.7179266178253941,876,510,16862,21685,21767,13350,8658,13407,43591,32726,0,0,8830,4421,12829,3845,8848,1165,5456,0,0,15761,38267,83,274,0,0,0,0,0
739,1290,740.3334937664365,99777,1656,988,176,43,47538,24482,0.7218096354871363,882,485,16867,21716,21815,13435,8602,13331,43610,32760,0,0,8754,4384,12785,3867,8959,1183,5485,0,0,15885,38120,82,273,0,0,0,0,0
740,1290,741.4435758624122,99777,1633,972,176,43,47773,24622,0.7255680166771902,877,484,16840,21726,21912,13515,8560,13258,43629,32793,0,0,8673,4347,12746,3886,9043,1213,5521,0,0,16032,37965,80,271,0,0,0,0,0
741,1290,742.549737172455,99774,1590,944,178,44,48008,24744,0.7291679194980656,869,485,16840,21748,22003,13595,8518,13182,43648,32826,0,0,8599,4318,12690,3891,9164,1238,5545,0,0,16164,37815,80,270,0,0,0,0,0
742,1290,743.1012117678185,99772,1585,934,179,45,48126,24818,0.7311069237862327,868,473,16822,21757,22026,13628,8518,13161,43667,32859,0,0,8552,4294,12671,3902,9213,1255,5549,0,0,16229,37759,78,270,0,0,0,0,0
743,1290,744.2023629283284,99769,1567,954,181,46,48340,24968,0.7347773356453408,871,454,16837,21770,22073,13676,8469,13098,43686,32892,0,0,8490,4257,12630,3926,9302,1274,5559,0,0,16359,37626,77,269,0,0,0,0,0
744,1290,745.3014060558147,99768,1572,940,182,46,48608,25096,0.7387539090690401,845,451,16815,21807,22160,13729,8424,13025,43705,32925,0,0,8414,4220,12591,3954,9384,1309,5580,0,0,16477,37494,76,269,0,0,0,0,0
745,1290,746.3969581352852,99767,1552,898,183,46,48835,25207,0.7421492076538334,816,470,16825,21840,22223,13790,8399,12954,43724,32957,0,0,8362,4186,12539,3970,9494,1335,5590,0,0,16611,37337,75,268,0,0,0,0,0
746,1290,747.4891562033666,99766,1574,901,184,46,49088,25343,0.746055770502977,796,437,16834,21863,22258,13850,8352,12901,43742,32989,0,0,8300,4155,12508,3985,9582,1357,5604,0,0,16733,37201,75,266,0,0,0,0,0
747,1290,748.0347189547258,99766,1546,896,184,46,49184,25410,0.747689593649139,807,436,16826,21852,22285,13882,8350,12886,43760,33021,0,0,8260,4129,12492,3998,9632,1367,5602,0,0,16810,37136,75,265,0,0,0,0,0
748,1290,749.1247303087825,99766,1505,861,184,46,49406,25513,0.7509472164865786,813,451,16814,21884,22367,13927,8315,12829,43778,33053,0,0,8189,4096,12438,4024,9746,1387,5619,0,0,16927,37000,75,265,0,0,0,0,0
749,1290,750.2119273960687,99765,1487,833,184,47,49626,25624,0.7542725404701047,770,445,16834,21897,22435,13993,8288,12783,43796,33085,0,0,8128,4055,12405,4043,9850,1402,5635,0,0,17054,36856,75,262,0,0,0,0,0
750,1290,751.2960855605075,99764,1477,827,185,47,49827,25736,0.7574175053125376,770,434,16844,21930,22464,14033,8258,12727,43814,33116,0,0,8070,4020,12373,4048,9946,1420,5653,0,0,17154,36744,75,261,0,0,0,0,0
751,1290,752.3786198102054,99764,1475,826,185,47,50040,25867,0.7608656429172848,740,428,16865,21951,22508,14081,8225,12665,43832,33147,0,0,8014,3987,12338,4063,10021,1451,5660,0,0,17268,36626,75,261,0,0,0,0,0
752,1290,753.4601370626777,99762,1451,817,187,47,50245,25982,0.7640885307030734,751,413,16856,21993,22575,14127,8178,12601,43850,33178,0,0,7931,3958,12305,4090,10099,1471,5688,0,0,17374,36512,73,261,0,0,0,0,0
753,1290,754.538766273495,99762,1458,814,187,47,50432,26095,0.7670956877368136,758,413,16878,21998,22594,14162,8123,12564,43867,33209,0,0,7873,3930,12280,4103,10175,1488,5700,0,0,17464,36415,73,261,0,0,0,0,0
754,1290,755.0768672442709,99760,1474,833,188,48,50542,26172,0.7689855653568565,738,380,16878,22019,22597,14173,8123,12545,43884,33240,0,0,7839,3912,12260,4108,10221,1496,5694,0,0,17523,36373,73,261,0,0,0,0,0
755,1290,756.1537242009557,99760,1432,793,188,48,50727,26269,0.7718123496391339,760,395,16888,22049,22648,14235,8082,12478,43901,33270,0,0,7779,3886,12226,4129,10299,1523,5699,0,0,17650,36239,71,259,0,0,0,0,0
756,1290,757.2289242918746,99760,1427,778,188,48,50927,26376,0.7748897353648757,723,406,16919,22074,22685,14275,8056,12417,43918,33300,0,0,7725,3849,12189,4151,10376,1550,5710,0,0,17749,36131,71,259,0,0,0,0,0
757,1290,758.3026849667717,99760,1357,754,188,48,51088,26466,0.7774057738572574,725,427,16941,22101,22756,14309,8031,12359,43935,33330,0,0,7664,3816,12156,4158,10475,1571,5729,0,0,17842,36019,71,259,0,0,0,0,0
758,1290,759.3742890069043,99757,1307,779,191,48,51270,26599,0.7805868259871488,737,397,16931,22130,22828,14327,8004,12317,43952,33360,0,0,7600,3792,12111,4157,10581,1598,5753,0,0,17914,35923,70,258,0,0,0,0,0
759,1290,760.4434030180479,99756,1287,761,192,48,51455,26706,0.7835217931753479,693,389,16967,22157,22875,14376,7984,12267,43969,33390,0,0,7546,3773,12080,4152,10675,1622,5768,0,0,18010,35802,70,258,0,0,0,0,0
760,1290,761.5106853630601,99756,1289,765,192,48,51658,26814,0.7866394001363326,651,369,17007,22195,22907,14397,7952,12224,43985,33419,0,0,7490,3747,12048,4164,10745,1649,5782,0,0,18103,35701,70,257,0,0,0,0,0
761,1290,762.0437332638058,99755,1288,757,193,48,51757,26861,0.788110871635507,634,377,17027,22204,22905,14417,7951,12195,44001,33448,0,0,7471,3730,12032,4163,10781,1667,5770,0,0,18173,35641,70,257,0,0,0,0,0
762,1290,763.1098917860437,99754,1223,728,194,48,51909,26951,0.790544740060549,656,379,17045,22254,22955,14449,7925,12140,44017,33477,0,0,7415,3706,11991,4173,10866,1693,5783,0,0,18279,35522,69,257,0,0,0,0,0
763,1290,764.1747588589056,99752,1187,706,194,50,52079,27050,0.7932572780495629,637,367,17085,22287,23005,14496,7890,12092,44033,33506,0,0,7351,3687,11962,4182,10944,1715,5797,0,0,18381,35408,69,256,0,0,0,0,0
764,1290,765.2381150239739,99751,1182,668,195,50,52254,27138,0.7959017954707222,593,346,17139,22337,23027,14547,7862,12050,44049,33535,0,0,7307,3661,11937,4196,11013,1744,5797,0,0,18469,35305,69,253,0,0,0,0,0
765,1290,766.3010553470962,99751,1152,642,195,50,52391,27225,0.7981473869936141,584,343,17186,22374,23049,14588,7832,12001,44065,33564,0,0,7264,3640,11908,4213,11069,1770,5793,0,0,18573,35200,69,252,0,0,0,0,0
766,1290,767.3639015005892,99750,1124,628,195,51,52552,27314,0.8006616541353383,558,320,17238,22422,23068,14621,7815,11956,44081,33592,0,0,7219,3623,11873,4217,11158,1788,5794,0,0,18661,35098,69,250,0,0,0,0,0
767,1290,768.4261308961754,99750,1108,621,195,51,52703,27401,0.803047619047619,548,312,17274,22472,23076,14636,7797,11906,44097,33620,0,0,7179,3600,11852,4227,11217,1817,5798,0,0,18730,35015,67,248,0,0,0,0,0
768,1290,769.4889556890547,99748,1064,590,197,51,52827,27470,0.804998596463087,566,311,17303,22533,23098,14651,7770,11862,44112,33648,0,0,7142,3580,11824,4230,11283,1844,5797,0,0,18810,34923,67,248,0,0,0,0,0
769,1290,770.0203220685784,99748,1052,585,197,51,52890,27511,0.8060412238841882,558,303,17320,22543,23085,14665,7786,11851,44127,33676,0,0,7105,3567,11818,4226,11317,1852,5803,0,0,18854,34892,67,247,0,0,0,0,0
770,1290,771.0830928367634,99748,1059,596,197,51,53054,27603,0.8086076913822834,519,277,17367,22588,23099,14678,7757,11808,44142,33704,0,0,7065,3553,11790,4235,11368,1877,5801,0,0,18935,34811,67,246,0,0,0,0,0
771,1290,772.1459055664579,99748,1023,577,197,51,53190,27664,0.8105826683241769,506,301,17423,22635,23116,14689,7733,11745,44157,33732,0,0,7031,3531,11766,4244,11444,1896,5800,0,0,19003,34721,67,245,0,0,0,0,0
772,1290,773.2085384692049,99748,979,558,197,51,53342,27745,0.8129185547579901,487,293,17477,22658,23145,14734,7713,11704,44172,33759,0,0,6986,3512,11726,4247,11528,1923,5808,0,0,19086,34624,67,241,0,0,0,0,0
773,1290,774.2707273209759,99748,948,545,197,51,53452,27814,0.8147130769539239,505,300,17527,22697,23130,14752,7691,11653,44187,33786,0,0,6957,3490,11705,4261,11576,1942,5795,0,0,19174,34541,66,241,0,0,0,0,0
774,1290,775.333780777546,99748,942,548,197,51,53576,27903,0.8168484581144484,499,270,17569,22745,23124,14772,7667,11612,44202,33813,0,0,6920,3478,11677,4258,11638,1957,5794,0,0,19255,34465,65,241,0,0,0,0,0
775,1290,776.3973885448661,99748,920,538,197,51,53699,27965,0.8187031318923688,495,278,17608,22814,23126,14764,7652,11553,44217,33840,0,0,6893,3461,11663,4261,11693,1980,5780,0,0,19316,34395,65,241,0,0,0,0,0
776,1290,777.4616549498396,99748,896,540,197,51,53837,28028,0.8207182098889201,469,284,17661,22858,23142,14753,7633,11512,44232,33867,0,0,6840,3443,11640,4275,11754,1993,5793,0,0,19376,34329,65,240,0,0,0,0,0
777,1290,778.5251584881547,99747,886,524,197,52,53956,28100,0.8226412824445848,465,287,17708,22917,23121,14752,7621,11466,44246,33894,0,0,6803,3416,11617,4282,11818,2011,5802,0,0,19428,34265,65,240,0,0,0,0,0
778,1290,779.0571314527806,99747,859,522,197,52,54005,28135,0.8234834130349785,479,288,17733,22929,23113,14756,7617,11451,44260,33920,0,0,6775,3397,11616,4285,11844,2023,5800,0,0,19462,34240,65,240,0,0,0,0,0
779,1290,780.1225574000927,99747,839,507,197,52,54130,28212,0.8255085365975919,474,265,17796,22998,23092,14764,7600,11412,44274,33946,0,0,6740,3376,11606,4292,11903,2042,5801,0,0,19530,34152,64,241,0,0,0,0,0
780,1290,781.1890179361051,99746,823,496,198,52,54257,28272,0.8273915745994826,446,272,17830,23034,23116,14771,7585,11373,44288,33972,0,0,6703,3361,11580,4290,11978,2059,5804,0,0,19574,34093,64,240,0,0,0,0,0
781,1290,782.2555193889731,99746,827,485,198,52,54382,28345,0.8293766166061797,421,254,17874,23078,23112,14790,7566,11339,44302,33998,0,0,6663,3341,11565,4297,12029,2081,5812,0,0,19619,34036,64,239,0,0,0,0,0
782,1290,783.3223355623169,99745,822,485,198,53,54495,28415,0.831219610005514,414,243,17938,23135,23088,14794,7538,11288,44316,34024,0,0,6631,3324,11552,4296,12068,2098,5813,0,0,19696,33964,64,239,0,0,0,0,0
783,1290,784.3899984920623,99745,823,466,198,53,54620,28485,0.8331745952178055,402,231,17988,23176,23069,14811,7518,11261,44330,34050,0,0,6595,3303,11541,4298,12130,2114,5814,0,0,19748,33901,63,238,0,0,0,0,0
784,1290,785.4593428661108,99744,804,452,199,53,54716,28541,0.8347068495348091,392,235,18051,23216,23048,14820,7504,11222,44344,34075,0,0,6564,3288,11533,4292,12181,2134,5821,0,0,19790,33840,62,239,0,0,0,0,0
785,1290,786.529925165429,99743,782,465,200,53,54815,28605,0.836349418004271,392,219,18132,23268,23013,14798,7479,11195,44358,34100,0,0,6540,3274,11508,4294,12243,2146,5807,0,0,19836,33794,62,239,0,0,0,0,0
786,1290,787.0660723557431,99743,780,460,200,53,54879,28631,0.8372517369639975,373,208,18158,23296,23012,14801,7475,11180,44372,34125,0,0,6517,3267,11499,4291,12277,2156,5797,0,0,19862,33776,62,239,0,0,0,0,0
787,1290,788.1392304137673,99742,740,458,200,54,54984,28700,0.8390046319504321,362,211,18203,23337,23035,14809,7458,11129,44385,34150,0,0,6479,3255,11474,4300,12331,2176,5793,0,0,19924,33711,61,238,0,0,0,0,0
788,1290,789.2122106305357,99742,739,418,200,54,55087,28748,0.8405185378275952,336,218,18276,23392,23014,14822,7433,11094,44398,34175,0,0,6442,3237,11457,4294,12395,2189,5807,0,0,19970,33653,61,237,0,0,0,0,0
789,1290,790.2861298947035,99742,701,418,200,54,55160,28814,0.8419121333039241,351,209,18326,23449,22993,14824,7427,11044,44411,34200,0,0,6416,3226,11439,4282,12444,2212,5807,0,0,20021,33598,61,236,0,0,0,0,0
790,1290,791.361383876008,99741,686,392,200,55,55269,28871,0.8435848848517661,329,203,18357,23497,23005,14840,7421,11011,44424,34225,0,0,6393,3209,11425,4288,12493,2233,5798,0,0,20086,33519,61,236,0,0,0,0,0
791,1290,792.4371807005526,99740,676,394,201,55,55347,28938,0.8450471225185482,334,184,18424,23567,22968,14830,7395,10968,44437,34249,0,0,6368,3187,11421,4291,12533,2251,5798,0,0,20115,33479,61,236,0,0,0,0,0
792,1290,793.5143819825379,99740,670,392,201,55,55431,28997,0.8464808502105474,322,169,18494,23646,22933,14813,7378,10923,44450,34273,0,0,6336,3179,11409,4287,12572,2264,5800,0,0,20167,33429,61,236,0,0,0,0,0
793,1290,794.0534264868861,99740,661,390,201,55,55482,29021,0.8472328052937638,314,158,18520,23679,22914,14801,7388,10915,44463,34297,0,0,6313,3164,11407,4287,12592,2275,5802,0,0,20196,33407,61,236,0,0,0,0,0
794,1290,795.1336326779127,99739,661,370,201,56,55577,29059,0.8485747801762601,287,171,18597,23727,22880,14796,7372,10878,44476,34321,0,0,6285,3152,11400,4281,12640,2284,5800,0,0,20245,33356,61,235,0,0,0,0,0
795,1290,796.2156399873156,99739,635,376,201,56,55640,29108,0.8496977110257773,308,175,18655,23773,22846,14775,7353,10843,44489,34345,0,0,6255,3139,11395,4282,12669,2300,5798,0,0,20280,33325,61,235,0,0,0,0,0
796,1290,797.2995449988667,99738,632,378,201,57,55727,29158,0.8510798291523792,306,167,18714,23848,22807,14753,7338,10795,44502,34369,0,0,6225,3128,11381,4285,12712,2312,5794,0,0,20312,33294,60,235,0,0,0,0,0
797,1290,798.38552606458,99737,613,379,202,57,55804,29205,0.8523316321926667,296,168,18782,23898,22774,14731,7331,10765,44515,34393,0,0,6197,3115,11377,4283,12742,2329,5794,0,0,20356,33249,60,235,0,0,0,0,0
798,1290,799.4733945573329,99737,596,357,202,57,55885,29247,0.8535648756228882,271,164,18849,23981,22760,14732,7320,10707,44527,34416,0,0,6165,3106,11357,4282,12795,2339,5791,0,0,20403,33205,60,234,0,0,0,0,0
799,1290,800.017494956403,99736,586,352,203,57,55920,29267,0.8541248897088313,273,164,18890,24015,22721,14722,7325,10688,44539,34439,0,0,6151,3101,11351,4277,12826,2345,5777,0,0,20422,33192,60,234,0,0,0,0,0
800,1290,801.1080484279767,99736,580,344,203,57,55992,29319,0.8553681719740114,283,157,18978,24084,22658,14717,7296,10639,44551,34462,0,0,6131,3088,11342,4280,12866,2355,5770,0,0,20470,33142,59,233,0,0,0,0,0
801,1290,802.2018303275206,99736,545,320,203,57,56063,29358,0.8564710836608647,294,166,19040,24137,22633,14714,7283,10604,44563,34485,0,0,6104,3073,11333,4288,12901,2374,5767,0,0,20517,33090,58,231,0,0,0,0,0
802,1290,803.2975781296775,99736,538,324,203,57,56131,29399,0.8575639688778375,289,180,19090,24198,22601,14676,7277,10563,44575,34508,0,0,6074,3068,11324,4292,12931,2384,5761,0,0,20547,33067,58,230,0,0,0,0,0
803,1290,804.3948954534819,99735,542,316,204,57,56220,29443,0.8589061011680954,274,175,19150,24264,22564,14653,7264,10533,44587,34531,0,0,6056,3057,11316,4299,12967,2395,5744,0,0,20594,33021,55,231,0,0,0,0,0
804,1290,805.4940344164723,99735,521,326,204,57,56294,29500,0.8602195818920139,267,154,19229,24320,22530,14636,7247,10505,44599,34554,0,0,6034,3045,11304,4301,13008,2408,5732,0,0,20637,32980,54,232,0,0,0,0,0
805,1290,806.0441384071747,99735,515,313,204,57,56335,29521,0.8608412292575325,262,145,19245,24353,22524,14634,7248,10496,44611,34576,0,0,6019,3033,11300,4297,13037,2418,5726,0,0,20657,32962,54,232,0,0,0,0,0
806,1290,807.1463172860734,99735,516,308,204,57,56413,29559,0.862004311425277,264,142,19333,24433,22468,14605,7213,10453,44623,34598,0,0,6002,3019,11293,4300,13055,2439,5718,0,0,20698,32926,54,231,0,0,0,0,0
807,1290,808.2508921626783,99735,483,311,204,57,56459,29603,0.8629067027623202,274,135,19398,24486,22440,14596,7199,10413,44635,34620,0,0,5981,3008,11281,4304,13082,2454,5706,0,0,20739,32895,54,231,0,0,0,0,0
808,1290,809.3570469377488,99735,483,293,204,57,56541,29634,0.8640397052188299,247,139,19460,24548,22418,14591,7186,10370,44647,34642,0,0,5958,2999,11265,4308,13113,2467,5700,0,0,20792,32848,54,231,0,0,0,0,0
809,1290,810.4649723937215,99735,484,278,204,57,56614,29671,0.8651426279641049,234,137,19525,24604,22384,14581,7167,10341,44658,34664,0,0,5941,2987,11261,4308,13146,2479,5690,0,0,20833,32805,54,231,0,0,0,0,0
810,1290,811.0195568898655,99735,484,265,204,57,56652,29683,0.8656439564846844,229,146,19544,24633,22359,14577,7178,10320,44669,34686,0,0,5929,2980,11261,4300,13161,2490,5684,0,0,20861,32784,54,231,0,0,0,0,0
811,1290,812.1305715426411,99735,495,270,204,57,56722,29724,0.866756905800371,223,154,19620,24690,22296,14540,7160,10287,44680,34708,0,0,5912,2971,11259,4296,13182,2503,5680,0,0,20896,32751,54,231,0,0,0,0,0
812,1290,813.2444410275677,99735,465,271,204,57,56780,29771,0.867809695693588,227,146,19716,24766,22255,14504,7131,10254,44691,34730,0,0,5886,2962,11258,4292,13201,2525,5684,0,0,20935,32707,53,232,0,0,0,0,0
813,1290,814.3606903195518,99735,451,262,204,57,56832,29810,0.8687221136010428,245,130,19799,24849,22192,14485,7107,10215,44702,34751,0,0,5867,2952,11249,4298,13235,2535,5678,0,0,20965,32671,53,232,0,0,0,0,0
814,1290,815.4801134216085,99735,461,256,204,57,56908,29844,0.8698250363463177,228,127,19869,24919,22148,14459,7088,10180,44713,34772,0,0,5851,2938,11245,4294,13273,2543,5673,0,0,20994,32639,53,232,0,0,0,0,0
815,1290,816.0404416101054,99735,459,258,204,57,56943,29864,0.8703764977189552,217,127,19904,24943,22118,14442,7096,10171,44724,34793,0,0,5834,2928,11249,4291,13288,2552,5670,0,0,21007,32632,53,231,0,0,0,0,0
816,1290,817.1640059620877,99735,437,251,204,57,56997,29902,0.8712989421968216,215,124,19987,25004,22081,14431,7074,10131,44735,34814,0,0,5808,2921,11240,4286,13316,2564,5675,0,0,21055,32587,52,231,0,0,0,0,0
817,1290,818.2900990409934,99734,426,243,205,57,57054,29935,0.8722100788096336,214,124,20045,25075,22044,14397,7064,10102,44746,34835,0,0,5795,2915,11228,4280,13357,2573,5662,0,0,21088,32553,52,231,0,0,0,0,0
818,1290,819.4182667334535,99734,401,227,205,57,57102,29956,0.8729019191048188,204,139,20127,25125,22007,14372,7054,10078,44757,34856,0,0,5771,2908,11217,4274,13397,2587,5664,0,0,21100,32534,52,230,0,0,0,0,0
819,1290,820.5484428121699,99734,394,207,205,57,57155,29976,0.8736338660837829,200,153,20198,25192,21954,14338,7047,10051,44768,34877,0,0,5758,2898,11220,4272,13424,2597,5656,0,0,21134,32493,52,230,0,0,0,0,0
820,1290,821.1147321159224,99734,382,211,205,57,57174,29992,0.8739847995668478,205,151,20232,25222,21925,14316,7049,10041,44779,34898,0,0,5747,2890,11221,4271,13434,2608,5646,0,0,21144,32491,52,230,0,0,0,0,0
821,1290,822.249541083666,99734,399,208,205,57,57236,30023,0.8749172799647061,186,142,20326,25292,21860,14297,7022,10002,44790,34918,0,0,5732,2882,11211,4277,13463,2615,5632,0,0,21162,32478,52,230,0,0,0,0,0
822,1290,823.3874995863918,99734,379,216,205,57,57285,30067,0.8758497603625645,200,127,20420,25374,21793,14259,7001,9965,44801,34938,0,0,5712,2872,11194,4280,13511,2622,5629,0,0,21172,32460,51,231,0,0,0,0,0
823,1290,824.5289886037859,99734,390,211,205,57,57353,30095,0.8768123207732569,194,128,20509,25473,21710,14206,6990,9923,44811,34958,0,0,5697,2865,11187,4272,13540,2636,5625,0,0,21192,32438,51,231,0,0,0,0,0
824,1290,825.1013301690265,99734,376,209,205,57,57379,30110,0.8772234142819901,195,125,20546,25505,21686,14189,6990,9913,44821,34978,0,0,5678,2857,11183,4275,13555,2643,5621,0,0,21208,32432,50,232,0,0,0,0,0
825,1290,826.2490530219505,99734,374,225,205,57,57436,30159,0.8782862414021296,188,105,20620,25569,21630,14159,6981,9883,44831,34998,0,0,5660,2848,11175,4272,13582,2651,5619,0,0,21243,32402,50,232,0,0,0,0,0
826,1290,827.3998665295613,99734,372,202,205,57,57500,30176,0.8790984017486514,182,114,20690,25637,21588,14133,6961,9855,44841,35018,0,0,5645,2837,11168,4266,13610,2666,5618,0,0,21276,32367,50,231,0,0,0,0,0
827,1290,828.552885662629,99734,360,187,205,57,57549,30199,0.8798203220566707,171,121,20782,25702,21539,14101,6941,9830,44851,35038,0,0,5630,2831,11159,4258,13642,2683,5614,0,0,21291,32345,50,231,0,0,0,0,0
828,1290,829.1306462077042,99733,339,193,205,58,57563,30221,0.880190107587258,180,109,20803,25735,21529,14086,6942,9817,44861,35058,0,0,5614,2825,11156,4253,13656,2691,5611,0,0,21309,32337,49,232,0,0,0,0,0
829,1290,830.2879751642548,99733,332,201,205,58,57608,30256,0.8809922493056461,181,90,20886,25830,21462,14042,6932,9777,44871,35078,0,0,5596,2820,11152,4246,13674,2701,5608,0,0,21343,32312,49,232,0,0,0,0,0
830,1290,831.448181323005,99733,336,205,205,58,57657,30286,0.8817843642525544,179,84,20959,25890,21397,14015,6922,9746,44881,35097,0,0,5584,2814,11149,4247,13682,2715,5598,0,0,21373,32290,49,232,0,0,0,0,0
831,1290,832.0294258628842,99733,344,195,205,58,57693,30295,0.8822355689691477,167,85,21003,25922,21359,14003,6920,9735,44891,35116,0,0,5574,2810,11144,4242,13706,2720,5588,0,0,21383,32285,49,232,0,0,0,0,0
832,1290,833.1954512099995,99732,313,190,206,58,57725,30317,0.8827858661212048,179,87,21084,25976,21312,13980,6904,9707,44901,35135,0,0,5559,2799,11137,4238,13746,2725,5586,0,0,21400,32261,49,232,0,0,0,0,0
833,1290,834.364561234573,99732,301,188,206,58,57765,30347,0.8834877471623952,184,79,21157,26026,21263,13959,6887,9688,44911,35154,0,0,5538,2789,11134,4235,13764,2738,5587,0,0,21424,32243,49,231,0,0,0,0,0
834,1290,835.5363042401102,99732,321,177,206,58,57828,30369,0.8843400312838406,165,90,21231,26103,21195,13929,6880,9641,44921,35173,0,0,5524,2781,11129,4240,13782,2745,5574,0,0,21457,32220,49,231,0,0,0,0,0
835,1290,836.1234714528118,99731,331,177,207,58,57870,30380,0.884880328082542,138,90,21282,26128,21164,13913,6876,9632,44931,35192,0,0,5512,2777,11123,4241,13800,2751,5560,0,0,21466,32221,49,231,0,0,0,0,0
836,1290,837.2967084555258,99731,329,175,207,58,57911,30411,0.8856022701065868,141,80,21352,26175,21102,13903,6867,9607,44941,35211,0,0,5494,2769,11117,4238,13825,2759,5557,0,0,21486,32206,49,231,0,0,0,0,0
837,1290,838.4655968821636,99730,313,162,208,58,57946,30432,0.8861726661987366,151,79,21431,26251,21037,13872,6858,9576,44950,35230,0,0,5479,2758,11115,4232,13846,2770,5555,0,0,21515,32180,49,231,0,0,0,0,0
838,1290,839.0486194606528,99730,315,160,208,58,57974,30441,0.886543667903339,141,79,21485,26284,21000,13853,6849,9564,44959,35249,0,0,5467,2754,11114,4229,13859,2774,5544,0,0,21533,32176,49,231,0,0,0,0,0
839,1290,840.2112098568493,99730,295,165,208,58,58015,30470,0.8872455630201544,133,73,21563,26348,20964,13818,6835,9536,44968,35267,1,1,5444,2748,11106,4225,13890,2783,5545,0,0,21544,32164,49,230,0,1,0,0,1
840,1290,841.3693163541801,99730,285,159,208,58,58057,30485,0.8878171061867041,129,77,21643,26423,20919,13777,6814,9504,44977,35285,2,2,5435,2738,11105,4225,13911,2793,5538,0,0,21563,32140,49,230,0,1,0,0,2
841,1290,842.5234623969619,99730,280,158,208,58,58094,30507,0.8884087034994486,133,65,21709,26498,20866,13744,6802,9475,44986,35303,3,3,5420,2729,11105,4226,13927,2802,5533,0,0,21577,32129,48,230,0,2,0,0,2
842,1290,843.0991943617639,99728,278,157,209,59,58116,30519,0.8887674474570832,124,58,21751,26532,20828,13725,6808,9467,44995,35321,4,4,5413,2724,11105,4221,13938,2811,5523,0,0,21588,32122,48,230,0,2,0,0,3
843,1290,844.2480030664452,99728,257,147,209,59,58144,30541,0.8892688111663726,128,63,21826,26613,20781,13688,6797,9428,45004,35339,6,5,5397,2718,11101,4212,13966,2818,5519,0,0,21616,32096,48,229,0,2,1,0,5
844,1290,845.3926608197643,99727,236,140,209,60,58173,30557,0.8897289600609665,131,66,21913,26662,20728,13668,6781,9402,45013,35357,8,6,5380,2713,11095,4213,13986,2827,5513,0,0,21635,32077,48,229,0,2,1,0,8
845,1290,846.5334777943283,99727,229,134,209,60,58209,30574,0.8902604109218165,116,61,22015,26722,20669,13643,6760,9378,45022,35375,11,8,5368,2705,11091,4214,14010,2832,5507,0,0,21654,32054,48,228,0,4,1,0,11
846,1290,847.1018002653823,99727,220,138,209,60,58224,30585,0.8905211226648752,111,56,22047,26760,20642,13614,6769,9370,45031,35393,15,10,5361,2699,11094,4203,14029,2833,5501,0,0,21669,32041,48,228,0,6,2,0,13
847,1290,848.2359303767588,99727,212,130,209,60,58247,30597,0.8908720807805308,118,60,22125,26851,20577,13556,6757,9341,45040,35411,20,12,5353,2694,11084,4202,14049,2837,5486,0,0,21693,32025,48,228,0,8,5,0,15
848,1290,849.3662266348979,99726,194,130,210,60,58278,30613,0.8913523053165674,118,57,22199,26920,20524,13507,6753,9324,45049,35429,26,15,5339,2691,11076,4193,14070,2848,5482,0,0,21707,32009,48,228,0,12,7,0,16
849,1290,850.4928432461548,99726,194,117,210,60,58305,30629,0.8917834867537051,119,58,22270,26977,20467,13480,6738,9306,45058,35446,33,18,5331,2684,11073,4189,14081,2861,5475,0,0,21721,31990,48,228,0,16,8,0,21
850,1290,851.0547294172583,99726,192,115,210,60,58317,30634,0.8919539538335038,116,64,22312,27008,20420,13448,6748,9303,45067,35463,41,21,5323,2679,11076,4185,14089,2865,5467,0,0,21728,31985,48,227,1,20,9,0,24
851,1290,852.1760802992602,99726,188,118,210,60,58347,30650,0.8924152176964883,100,68,22410,27077,20344,13382,6746,9293,45076,35480,50,25,5310,2672,11073,4186,14095,2877,5463,0,0,21739,31972,47,227,1,23,11,0,30
852,1290,853.2927291044798,99726,178,109,210,60,58372,30665,0.8928163167077793,96,65,22478,27142,20301,13357,6735,9265,45085,35497,61,29,5294,2665,11068,4189,14111,2884,5455,0,0,21749,31959,47,227,1,30,12,0,35
853,1290,854.4060047767609,99726,176,110,210,60,58399,30680,0.8932374706696348,92,61,22553,27202,20244,13309,6723,9256,45094,35514,73,34,5278,2657,11061,4183,14131,2892,5460,0,0,21747,31951,47,227,1,33,16,0,42
854,1290,855.5157938935166,99726,151,101,210,60,58420,30691,0.8935583498786676,89,56,22639,27272,20193,13277,6716,9232,45103,35531,87,39,5267,2651,11056,4178,14146,2905,5456,0,0,21761,31923,46,228,1,39,18,0,51
855,1290,856.0691219359234,99726,149,104,210,60,58431,30702,0.8937789543348775,88,48,22683,27299,20140,13253,6728,9234,45111,35548,102,44,5261,2647,11052,4174,14152,2912,5447,0,0,21768,31910,46,228,1,41,24,0,63
856,1290,857.1731644178014,99726,156,105,210,60,58463,30718,0.8942602731484267,76,42,22770,27370,20064,13207,6722,9214,45119,35565,119,50,5249,2641,11051,4170,14157,2922,5444,0,0,21781,31890,46,228,1,46,27,0,73
857,1290,858.272960788135,99726,160,106,210,60,58486,30732,0.8946312897338708,72,43,22840,27430,20000,13166,6716,9193,45127,35582,138,56,5240,2639,11038,4162,14174,2928,5440,0,0,21786,31874,46,228,1,54,31,0,85
858,1290,859.3691308703125,99726,145,106,210,60,58504,30745,0.8949421414676213,71,43,22909,27505,19948,13102,6715,9182,45135,35599,158,63,5230,2629,11033,4157,14183,2939,5437,0,0,21798,31855,46,228,1,62,38,0,90
859,1290,860.462301239105,99725,130,101,210,61,58522,30758,0.8952619704186513,74,41,22971,27562,19894,13061,6719,9172,45143,35616,180,70,5220,2619,11030,4154,14195,2951,5434,0,0,21804,31829,46,228,1,69,40,0,105
860,1290,861.0075618591344,99725,129,92,210,61,58529,30762,0.8953722737528202,74,45,23002,27578,19853,13041,6730,9181,45151,35632,204,78,5211,2610,11034,4153,14197,2959,5429,0,0,21802,31814,46,228,1,80,41,0,120
861,1290,862.0964531583984,99725,131,86,210,61,58549,30771,0.895663073451993,76,43,23074,27649,19783,12997,6724,9162,45159,35648,230,86,5203,2606,11030,4152,14206,2966,5416,0,0,21815,31787,46,227,1,85,44,0,141
862,1290,863.1819056427056,99725,135,95,210,61,58576,30790,0.896124341940336,68,35,23151,27706,19702,12955,6732,9146,45167,35664,258,95,5193,2597,11021,4155,14214,2971,5409,0,0,21823,31766,46,227,1,92,53,0,157
863,1290,864.2639087798321,99725,126,94,210,61,58588,30804,0.896385058912008,67,30,23221,27742,19637,12922,6737,9149,45175,35680,288,104,5178,2591,11014,4152,14219,2983,5408,0,0,21825,31747,46,227,1,100,58,0,176
864,1290,865.3425705528775,99725,124,89,210,61,58606,30809,0.8966156931561795,68,38,23298,27805,19570,12855,6728,9150,45183,35696,320,114,5168,2588,11011,4154,14221,2996,5399,0,0,21819,31729,46,227,1,113,60,0,193
865,1290,866.4179816676839,99725,125,83,210,61,58626,30817,0.8968964652795187,64,46,23381,27853,19487,12805,6731,9150,45191,35712,354,125,5158,2585,11002,4147,14237,3000,5393,0,0,21823,31700,46,227,1,123,66,0,217
866,1290,867.4893971691945,99725,124,80,210,61,58644,30828,0.8971872649786914,59,51,23459,27894,19409,12764,6737,9148,45199,35728,390,136,5149,2582,10995,4148,14236,3013,5383,0,0,21828,31671,46,227,1,135,71,0,240
867,1290,868.0236862365653,99725,125,80,210,61,58652,30833,0.8973176234645275,63,47,23485,27902,19361,12736,6754,9172,45207,35744,429,148,5141,2581,10992,4145,14233,3025,5373,0,0,21826,31648,46,227,1,146,75,0,266
868,1290,869.0903087618209,99725,128,75,210,61,58669,30842,0.8975783404361996,60,47,23532,27935,19306,12697,6762,9183,45215,35760,470,160,5133,2575,10989,4141,14233,3036,5369,0,0,21829,31616,46,227,1,163,81,0,286
869,1290,870.1545924061068,99725,122,78,210,61,58682,30856,0.8978490849837052,64,43,23591,27987,19246,12640,6765,9189,45223,35776,513,173,5125,2570,10977,4138,14240,3045,5361,0,0,21833,31582,46,227,1,174,92,0,314
870,1290,871.2161782462205,99725,118,84,210,61,58695,30868,0.8980997743795437,67,38,23651,28033,19185,12572,6767,9210,45231,35792,558,187,5114,2566,10972,4136,14231,3063,5357,0,0,21830,31558,46,227,1,189,99,0,336
871,1290,872.2752658171513,99725,115,90,210,61,58718,30883,0.8984808222612184,63,29,23712,28075,19123,12521,6775,9222,45239,35807,606,201,5105,2559,10968,4134,14233,3076,5354,0,0,21824,31521,46,227,1,208,106,0,363
872,1290,873.3317978499525,99725,108,84,210,61,58728,30892,0.8986713462020557,69,29,23781,28134,19050,12463,6780,9227,45247,35822,656,216,5094,2555,10951,4128,14243,3084,5351,0,0,21821,31489,46,227,1,224,120,0,391
873,1290,874.3852326634682,99725,118,76,210,61,58752,30898,0.8989721734770619,58,32,23838,28164,18992,12419,6782,9246,45255,35837,708,231,5083,2552,10939,4124,14244,3096,5346,0,0,21822,31453,46,227,1,239,130,0,423
874,1290,875.4361369725623,99725,124,73,210,61,58774,30905,0.8992629731762346,49,36,23899,28208,18930,12375,6786,9245,45262,35852,762,247,5075,2548,10931,4117,14249,3106,5340,0,0,21814,31419,46,227,1,260,139,0,453
875,1290,876.4843247056542,99724,114,70,211,61,58782,30916,0.899462516545666,58,36,23967,28236,18859,12328,6789,9267,45269,35867,819,264,5070,2543,10924,4114,14245,3126,5333,0,0,21799,31382,46,226,2,282,148,0,484
876,1290,877.0072332167667,99724,116,68,211,61,58789,30920,0.8995728209859212,58,36,23992,28229,18820,12300,6801,9304,45276,35882,878,281,5066,2538,10917,4110,14244,3135,5324,0,0,21784,31349,46,226,2,308,158,0,517
877,1290,878.0515259030605,99724,115,63,211,61,58800,30929,0.8997733745136577,55,39,24046,28285,18757,12245,6814,9305,45283,35897,939,299,5056,2536,10903,4106,14249,3146,5317,0,0,21776,31312,46,225,3,330,166,0,553
878,1290,879.0935389125024,99724,111,64,211,61,58816,30942,0.9000641771288757,50,35,24111,28320,18703,12192,6812,9326,45290,35912,1002,318,5042,2529,10899,4104,14243,3162,5318,0,0,21760,31276,46,224,4,360,172,0,585
879,1290,880.1328591392728,99724,105,62,211,61,58827,30947,0.900224619951065,47,38,24176,28348,18642,12140,6817,9349,45297,35927,1068,337,5030,2525,10887,4105,14238,3178,5311,0,0,21744,31244,46,224,4,382,184,0,622
880,1290,881.1693267246202,99724,95,62,211,61,58834,30956,0.9003850627732541,47,37,24242,28346,18586,12104,6817,9388,45304,35942,1136,357,5025,2522,10875,4104,14230,3193,5300,0,0,21743,31196,46,224,4,405,197,0,660
881,1290,882.2031822521514,99724,99,61,211,61,58845,30969,0.9006257270065381,46,31,24320,28366,18505,12062,6817,9417,45311,35957,1206,378,5016,2520,10863,4098,14237,3202,5294,0,0,21725,31153,46,223,5,433,206,0,703
882,1290,883.2339313552737,99724,97,65,211,61,58854,30980,0.9008262805342746,47,26,24397,28390,18422,12011,6824,9445,45318,35972,1278,399,5009,2516,10854,4094,14241,3213,5287,0,0,21697,31113,46,223,5,465,216,0,745
883,1290,884.2613981525252,99724,95,65,211,61,58865,30985,0.9009867233564638,41,29,24462,28399,18352,11955,6837,9489,45325,35987,1352,421,4998,2514,10841,4090,14239,3230,5283,0,0,21670,31079,46,223,5,490,229,0,787
884,1290,885.285970143867,99724,94,63,211,61,58873,30994,0.9011571938550399,44,30,24522,28413,18290,11905,6837,9526,45332,36001,1428,443,4991,2509,10829,4090,14233,3246,5276,0,0,21655,31034,46,222,6,514,242,0,831
885,1290,886.3081066263424,99724,93,66,211,61,58885,31002,0.9013577473827764,45,28,24578,28434,18225,11842,6846,9567,45339,36015,1506,466,4986,2501,10816,4095,14222,3263,5266,0,0,21627,30997,46,222,6,552,255,0,870
886,1290,887.3274468445521,99724,90,64,211,61,58893,31011,0.9015282178813525,46,25,24625,28458,18174,11793,6852,9597,45346,36029,1586,490,4978,2496,10800,4096,14213,3279,5257,0,0,21627,30939,46,222,6,569,272,0,924
887,1290,888.3449833811173,99724,94,65,211,61,58907,31020,0.9017588544382495,43,21,24672,28473,18120,11741,6858,9637,45353,36043,1668,514,4970,2491,10791,4093,14202,3299,5253,0,0,21611,30886,46,221,6,595,283,0,977
888,1290,889.3607390867268,99724,97,60,211,61,58917,31025,0.9019092695840519,47,26,24742,28480,18033,11694,6868,9677,45360,36057,1752,539,4965,2486,10772,4093,14202,3307,5243,0,0,21597,30835,46,220,7,622,304,0,1025
889,1290,890.3738899050014,99724,90,53,211,61,58923,31029,0.9020095463479203,52,28,24783,28491,17987,11647,6875,9718,45367,36071,1837,565,4956,2484,10753,4085,14200,3328,5240,0,0,21579,30784,46,220,7,646,320,0,1076
890,1290,891.3850602014115,99724,81,57,211,61,58930,31040,0.9021900445228832,56,18,24840,28522,17931,11574,6879,9766,45374,36085,1924,591,4947,2480,10738,4080,14191,3352,5236,0,0,21558,30736,46,219,8,675,333,0,1125
891,1290,892.0951826251295,99724,80,55,211,61,58937,31041,0.9022702659339777,52,20,24867,28527,17885,11516,6903,9819,45381,36099,2013,618,4945,2476,10718,4079,14183,3365,5225,0,0,21525,30698,46,219,8,722,356,0,1159
892,1290,893.0175634776152,99724,80,56,211,61,58944,31044,0.902370542697846,48,19,24880,28505,17850,11474,6929,9883,45388,36113,2103,646,4940,2470,10711,4077,14170,3383,5217,0,0,21492,30654,46,219,8,764,368,0,1205
893,1290,894.0765699063087,99724,76,49,211,61,58960,31049,0.9025811239019694,42,21,24968,28533,17773,11408,6928,9926,45395,36127,2195,674,4930,2466,10695,4078,14169,3397,5210,0,0,21467,30595,46,219,8,804,382,0,1258
894,1290,895.0165223211109,99724,83,53,211,61,58970,31054,0.9027315390477718,36,19,25001,28524,17715,11363,6952,9978,45402,36141,2288,703,4924,2465,10684,4070,14154,3422,5205,0,0,21442,30543,46,219,8,835,393,0,1314
895,1290,896.4580474498568,99724,75,51,211,61,58978,31064,0.9029120372227347,38,17,25080,28562,17634,11301,6960,10006,45409,36155,2382,732,4917,2460,10664,4070,14148,3442,5198,0,0,21416,30487,46,219,8,868,412,0,1369
896,1290,897.3759590247834,99724,80,46,211,61,58992,31068,0.9030925353976976,30,18,25120,28549,17586,11259,6971,10065,45416,36169,2477,762,4906,2458,10650,4066,14134,3463,5192,0,0,21396,30432,46,219,8,904,425,0,1425
897,1290,898.0892268248095,99724,71,47,211,61,58996,31071,0.9031627291324055,35,18,25141,28549,17554,11199,6986,10124,45423,36182,2574,793,4896,2456,10629,4063,14124,3482,5187,0,0,21373,30379,46,219,8,933,445,0,1484
898,1290,899.0474871041761,99724,73,47,211,61,59005,31078,0.9033231719545947,40,15,25205,28566,17463,11137,7006,10172,45429,36195,2672,824,4893,2454,10623,4058,14105,3511,5180,0,0,21347,30319,46,219,8,969,452,0,1540
899,1290,900.3576426040271,99724,78,43,211,61,59018,31079,0.9034635594240102,65,42,25274,28633,17394,11102,6976,10117,45429,36195,2672,824,4891,2454,10623,4058,14110,3512,5181,0,0,21345,30316,46,219,8,969,452,0,1540
900,1290,900.3576426040271,99724,78,41,211,61,59022,31081,0.9035237254823313,66,45,25293,28601,17354,11075,6996,10175,45429,36195,2771,856,4891,2454,10611,4058,14096,3528,5181,0,6,21303,30250,46,219,8,1010,463,0,1600
901,1290,901.3484911387483,99724,83,42,211,61,59039,31088,0.9037643897156151,60,48,25356,28605,17289,11019,6999,10223,45429,36195,2870,888,4891,2453,10591,4058,14092,3540,5181,0,13,21254,30190,46,219,8,1054,481,0,1653
902,1290,902.3369727812345,99724,89,54,211,61,59056,31103,0.9040852753599936,55,41,25409,28611,17234,10959,7000,10272,45429,36195,2970,921,4890,2452,10573,4059,14078,3559,5181,1,17,21217,30122,46,219,8,1087,498,0,1717
903,1290,903.3232411563655,99724,91,61,211,61,59070,31116,0.904356022622438,61,38,25448,28615,17187,10905,7000,10318,45429,36195,3071,954,4889,2452,10553,4058,14054,3588,5181,2,24,21182,30062,46,218,9,1119,517,2,1768
904,1290,904.307715865095,99724,94,69,211,61,59092,31127,0.9046869359432033,58,38,25489,28611,17139,10855,7007,10364,45429,36195,3173,988,4886,2452,10535,4058,14041,3610,5181,5,31,21143,29990,46,218,9,1153,531,2,1833
905,1290,905.2905723123461,99723,100,78,212,61,59111,31143,0.9050469801349739,54,25,25560,28622,17061,10807,7011,10405,45429,36195,3275,1023,4885,2452,10519,4060,14021,3635,5178,6,39,21099,29925,46,218,9,1193,546,2,1890
906,1290,906.2709948047072,99723,100,71,212,61,59123,31148,0.9052174523429901,68,26,25636,28631,16983,10767,6999,10442,45429,36195,3378,1058,4881,2451,10500,4057,14005,3659,5178,10,46,21067,29853,46,218,9,1224,562,3,1954
907,1290,907.2485742878383,99723,92,70,212,61,59136,31154,0.9054079801048905,67,27,25710,28625,16925,10731,6992,10484,45429,36195,3481,1094,4878,2450,10484,4057,13996,3678,5177,13,52,21031,29770,46,218,9,1253,577,4,2030
908,1290,908.2232366573487,99723,105,65,212,61,59157,31157,0.9056486467515017,63,30,25762,28627,16863,10683,6993,10532,45429,36195,3584,1130,4876,2450,10460,4057,13975,3703,5177,15,60,20990,29713,46,216,11,1293,598,5,2078
909,1290,909.195502969883,99723,109,63,212,61,59174,31163,0.9058792856211706,59,30,25816,28645,16801,10629,7001,10570,45429,36195,3688,1167,4876,2448,10439,4060,13961,3723,5175,15,66,20955,29637,46,216,11,1323,619,6,2147
910,1290,910.1658308040024,99723,105,69,212,61,59186,31176,0.9061299800447239,61,23,25864,28647,16739,10569,7017,10629,45429,36195,3792,1204,4874,2448,10403,4061,13944,3748,5173,17,75,20913,29586,46,214,13,1359,654,6,2189
911,1290,911.1341771532616,99723,106,69,212,61,59202,31184,0.906370646691335,61,24,25902,28643,16697,10524,7020,10677,45429,36195,3896,1242,4872,2446,10383,4067,13924,3773,5168,19,80,20877,29515,46,214,13,1395,670,7,2254
912,1290,912.1010390773489,99723,92,67,212,61,59215,31190,0.9065611744532355,64,27,25949,28637,16661,10469,7020,10737,45429,36195,4000,1280,4869,2445,10361,4069,13904,3802,5167,22,93,20839,29439,46,214,13,1427,689,8,2316
913,1290,913.0666211158748,99723,97,76,212,61,59234,31204,0.9068920910923257,57,23,26004,28615,16605,10430,7023,10793,45429,36195,4104,1319,4868,2445,10340,4069,13896,3820,5166,23,98,20799,29363,46,214,13,1461,707,9,2386
914,1290,914.0300324100974,99723,93,71,212,61,59249,31210,0.9071026744081104,61,28,26052,28613,16549,10382,7031,10843,45429,36195,4208,1358,4867,2443,10318,4070,13891,3836,5165,24,111,20745,29294,46,213,14,1510,725,9,2442
915,1290,915.4721465826395,99723,97,68,212,61,59276,31223,0.9075037854857957,53,31,26114,28644,16491,10323,7031,10871,45429,36195,4312,1397,4866,2442,10290,4070,13893,3857,5163,25,120,20685,29233,46,212,15,1558,745,11,2492
916,1290,916.4314918231444,99723,99,59,212,61,59293,31228,0.9077243965785226,46,34,26174,28643,16425,10285,7042,10916,45429,36195,4415,1437,4865,2442,10266,4073,13893,3872,5160,26,129,20634,29159,46,212,15,1602,761,11,2557
917,1290,917.3888680063441,99723,101,61,212,61,59305,31237,0.9079349798943073,52,34,26203,28652,16368,10227,7062,10963,45429,36195,4518,1477,4862,2440,10245,4075,13876,3896,5160,29,130,20589,29100,46,212,15,1643,779,13,2613
918,1290,918.3447707914528,99723,98,63,212,61,59320,31246,0.9081756465409183,57,30,26259,28650,16300,10179,7072,11015,45429,36195,4621,1518,4860,2439,10217,4076,13869,3915,5159,31,137,20541,29041,46,211,16,1685,802,13,2665
919,1290,919.2987941612628,99723,97,62,212,61,59339,31251,0.9084163131875295,52,31,26295,28652,16254,10131,7088,11061,45429,36195,4723,1559,4858,2438,10198,4073,13851,3945,5159,33,143,20507,28967,46,211,16,1716,816,13,2733
920,1290,920.25134394116,99723,96,60,212,61,59349,31256,0.9085667298416614,54,40,26355,28648,16185,10079,7096,11110,45429,36195,4825,1600,4856,2438,10178,4073,13843,3961,5159,35,151,20463,28892,46,210,17,1755,833,13,2800
921,1290,921.2019679995424,99723,101,59,212,61,59363,31264,0.9087873409343883,57,43,26415,28644,16108,10036,7105,11155,45429,36195,4926,1642,4854,2438,10154,4073,13824,3988,5159,37,155,20423,28829,46,209,18,1794,850,14,2858
922,1290,922.1504784225186,99723,94,63,212,61,59369,31273,0.9089377575885202,54,39,26457,28653,16063,9985,7118,11197,45429,36195,5027,1684,4852,2438,10137,4073,13810,4009,5158,39,162,20377,28762,46,209,18,1834,867,14,2918
923,1290,923.0971870514313,99723,91,66,212,61,59379,31280,0.9091082297965364,61,41,26495,28661,16017,9919,7122,11250,45429,36195,5127,1726,4850,2437,10114,4072,13800,4027,5158,41,165,20332,28703,46,208,19,1876,887,15,2973
924,1290,924.0427400041451,99723,94,71,212,61,59393,31291,0.9093589242200897,59,33,26546,28668,15954,9868,7133,11297,45429,36195,5226,1769,4847,2436,10094,4071,13781,4052,5158,44,168,20290,28643,46,208,19,1916,905,15,3030
925,1290,925.457554016054,99722,94,65,213,61,59411,31302,0.9096588516074687,64,29,26614,28716,15883,9816,7130,11311,45429,36195,5325,1812,4847,2434,10077,4074,13767,4076,5156,44,183,20250,28560,46,208,19,1951,918,16,3096
926,1290,926.3986980016878,99722,101,60,213,61,59433,31307,0.9099296042999538,53,36,26644,28726,15843,9758,7144,11357,45429,36195,5423,1855,4842,2433,10058,4076,13740,4109,5155,49,190,20213,28495,46,208,19,1986,933,18,3152
927,1290,927.3386787042343,99722,98,61,213,61,59444,31316,0.9101301618499429,61,36,26683,28713,15789,9719,7154,11408,45429,36195,5520,1899,4841,2432,10031,4075,13732,4127,5153,50,197,20162,28443,46,206,21,2034,957,18,3197
928,1290,928.2773411970874,99722,101,57,213,61,59460,31322,0.9103507751549307,54,38,26742,28722,15723,9680,7165,11440,45429,36195,5616,1943,4840,2431,10014,4078,13701,4163,5151,51,204,20129,28378,46,206,21,2064,972,20,3253
929,1290,929.2142324882568,99722,99,56,213,61,59477,31332,0.9106215278474158,54,35,26784,28706,15667,9652,7181,11488,45429,36195,5712,1987,4835,2429,9990,4080,13684,4190,5151,56,213,20090,28309,46,206,21,2097,992,21,3312
930,1290,930.1496133079896,99722,97,59,213,61,59491,31342,0.9108621969074026,51,35,26834,28692,15613,9617,7190,11534,45429,36195,5807,2031,4835,2428,9976,4080,13669,4214,5149,56,217,20043,28245,46,205,22,2140,1004,22,3371
931,1290,931.0832642122218,99722,104,61,213,61,59509,31350,0.9111229217223883,52,34,26862,28692,15563,9572,7204,11578,45429,36195,5901,2076,4833,2428,9961,4080,13646,4242,5148,58,223,19999,28183,46,205,22,2181,1018,22,3427
932,1290,932.015619684773,99722,102,59,213,61,59522,31355,0.9113034235173784,53,39,26899,28696,15515,9532,7216,11611,45429,36195,5994,2121,4833,2428,9948,4082,13629,4268,5146,58,231,19959,28114,46,205,22,2212,1031,24,3486
933,1290,933.4116818553738,99722,104,57,213,61,59543,31363,0.9115942319648623,49,43,26974,28717,15432,9487,7226,11633,45429,36195,6086,2166,4829,2426,9922,4085,13621,4290,5145,62,237,19921,28046,46,205,22,2242,1051,24,3548
934,1290,934.3403455728637,99722,101,57,213,61,59557,31370,0.9118048173923508,49,43,27035,28709,15360,9459,7240,11669,45429,36195,6177,2211,4828,2426,9899,4085,13612,4307,5144,63,243,19893,27966,46,204,23,2268,1069,26,3620
935,1290,935.2670587434125,99722,96,57,213,61,59567,31379,0.9119953470648402,49,45,27085,28718,15302,9418,7253,11699,45429,36195,6267,2257,4828,2424,9887,4087,13601,4327,5143,63,252,19851,27891,46,204,23,2305,1078,28,3684
936,1290,936.1920967970059,99722,93,64,213,61,59576,31396,0.9122560718798259,53,38,27119,28704,15250,9385,7270,11746,45429,36195,6356,2303,4825,2421,9872,4090,13586,4345,5142,66,262,19806,27825,46,203,24,2348,1093,30,3738
937,1290,937.1157852171938,99722,93,62,213,61,59590,31404,0.9124766851848137,53,38,27165,28710,15193,9347,7281,11780,45429,36195,6444,2349,4825,2420,9856,4093,13575,4362,5140,66,275,19766,27751,46,202,25,2385,1106,31,3798
938,1290,938.0380107051782,99722,93,63,213,61,59603,31412,0.9126872706123021,50,40,27201,28696,15145,9310,7296,11828,45429,36195,6531,2395,4825,2420,9833,4090,13568,4379,5140,66,284,19719,27694,46,202,25,2427,1127,31,3846
939,1290,939.4188926374844,99722,101,67,213,61,59624,31427,0.9130482742022823,46,39,27264,28742,15078,9256,7296,11833,45429,36195,6617,2441,4824,2420,9810,4089,13549,4408,5138,67,290,19691,27630,46,201,26,2451,1148,32,3902
940,1290,940.3375109697088,99722,101,70,213,61,59637,31438,0.9132889432622691,45,34,27299,28754,15031,9215,7309,11864,45429,36195,6702,2487,4824,2417,9787,4093,13537,4425,5136,67,296,19654,27564,46,201,26,2485,1170,33,3961
941,1290,941.2550696031689,99722,91,66,213,61,59645,31443,0.9134193056697619,57,36,27339,28765,14975,9179,7323,11891,45429,36195,6786,2533,4823,2417,9767,4092,13530,4442,5134,68,305,19620,27494,46,200,27,2516,1186,36,4019
942,1290,942.1713426680952,99722,97,66,213,61,59664,31449,0.9136700026072482,48,38,27366,28759,14938,9153,7336,11921,45429,36195,6869,2579,4820,2417,9748,4090,13518,4463,5134,71,308,19576,27440,46,200,27,2557,1201,38,4068
943,1290,943.0865117579857,99722,96,66,213,61,59675,31456,0.9138505044022383,50,37,27394,28761,14888,9118,7357,11955,45429,36195,6951,2626,4820,2416,9734,4091,13497,4492,5133,71,312,19535,27384,46,200,27,2595,1211,38,4120
944,1290,944.0008729500285,99722,96,67,213,61,59684,31468,0.9140610898297267,52,35,27427,28760,14832,9090,7378,11985,45429,36195,7032,2673,4820,2415,9709,4093,13485,4511,5132,71,318,19492,27331,46,200,27,2635,1232,40,4165
945,1290,945.3703683220059,99722,93,70,213,61,59704,31480,0.914381981909709,61,33,27493,28793,14757,9044,7381,11997,45429,36195,7111,2720,4818,2414,9695,4093,13464,4540,5130,73,324,19445,27277,46,200,27,2679,1244,43,4210
946,1290,946.2814588250095,99722,94,68,213,61,59717,31485,0.9145624837046991,79,37,27523,28812,14691,9004,7398,12016,45429,36195,7189,2767,4818,2414,9675,4094,13441,4567,5129,73,330,19412,27221,46,200,27,2710,1262,44,4259
947,1290,947.1912956068013,99722,100,60,213,61,59738,31489,0.9148131806421853,71,42,27570,28805,14636,8985,7408,12045,45429,36195,7266,2814,4818,2413,9662,4097,13421,4597,5126,73,339,19375,27161,46,200,27,2741,1272,45,4309
948,1290,948.0996084137981,99722,99,68,213,61,59756,31501,0.9151140169671688,70,37,27609,28816,14584,8948,7423,12068,45429,36195,7342,2861,4816,2412,9643,4097,13415,4615,5125,75,344,19337,27099,46,200,27,2774,1286,46,4365
949,1290,949.0066500025343,99722,107,63,213,61,59774,31506,0.915344658149656,67,43,27624,28814,14536,8916,7451,12101,45429,36195,7417,2908,4816,2412,9623,4099,13393,4643,5123,75,351,19302,27051,46,199,28,2805,1304,47,4405
950,1290,950.36564405224,99722,108,65,213,61,59793,31515,0.9156254387196406,72,47,27688,28834,14466,8876,7451,12115,45429,36195,7491,2955,4814,2412,9600,4098,13389,4657,5120,77,358,19274,26986,46,199,28,2831,1323,49,4461
951,1290,951.2700171907866,99722,121,76,213,61,59819,31534,0.9160766932071158,64,33,27720,28845,14421,8850,7459,12133,45429,36195,7564,3002,4814,2412,9581,4098,13378,4678,5117,77,364,19234,26933,46,199,28,2867,1339,49,4508
952,1290,952.1731726003095,99722,125,70,213,61,59837,31539,0.9163073343896031,56,43,27746,28852,14376,8816,7482,12156,45429,36195,7636,3049,4813,2411,9567,4101,13367,4700,5113,78,367,19193,26880,46,199,28,2900,1352,50,4557
953,1290,953.0754171315733,99722,117,67,213,61,59854,31549,0.9165780870820882,60,40,27773,28866,14335,8794,7500,12170,45429,36195,7707,3096,4811,2408,9551,4108,13357,4723,5109,80,375,19157,26817,46,199,28,2925,1366,51,4611
954,1290,954.4271659162619,99722,114,66,213,61,59875,31566,0.9169591464270672,70,41,27829,28899,14270,8753,7502,12178,45429,36195,7777,3143,4810,2406,9536,4111,13341,4752,5108,81,394,19119,26750,46,198,29,2952,1379,51,4659
955,1290,955.3267954344378,99722,109,67,213,61,59885,31576,0.9171597039770563,74,39,27855,28923,14227,8717,7520,12191,45429,36195,7846,3190,4809,2406,9513,4109,13333,4771,5107,82,400,19087,26696,46,197,30,2981,1397,54,4704
956,1290,956.2254548264135,99722,108,67,213,61,59899,31585,0.9173903451595435,80,37,27896,28949,14171,8681,7530,12203,45429,36195,7913,3237,4806,2406,9490,4109,13318,4793,5106,85,412,19053,26644,46,197,30,3012,1417,54,4744
957,1290,957.1229628609984,99722,108,61,213,61,59919,31593,0.9176711257295281,72,42,27929,28956,14131,8658,7545,12220,45429,36195,7979,3284,4805,2405,9469,4115,13307,4815,5102,85,423,19019,26588,46,197,30,3038,1435,57,4786
958,1290,958.019276367382,99722,112,54,213,61,59938,31601,0.9179418784220132,62,41,27970,28990,14077,8625,7564,12227,45429,36195,8044,3331,4805,2404,9445,4116,13298,4834,5101,85,435,18977,26541,46,197,30,3073,1457,60,4818
959,1290,959.3617772235044,99722,112,56,213,61,59956,31613,0.9182427147469967,64,41,28023,29048,14018,8581,7568,12211,45429,36195,8108,3378,4802,2403,9428,4116,13285,4858,5101,88,444,18943,26488,46,197,30,3099,1473,61,4860
960,1290,960.2551390246822,99722,114,57,213,61,59970,31619,0.9184432722969856,65,42,28048,29050,13974,8554,7584,12234,45429,36195,8171,3425,4802,2403,9419,4115,13273,4878,5101,88,451,18907,26431,46,197,30,3128,1482,63,4908
961,1290,961.1478327692103,99722,118,58,213,61,59985,31624,0.9186438298469746,63,49,28093,29066,13910,8510,7601,12254,45429,36195,8233,3471,4802,2401,9406,4115,13248,4908,5100,88,454,18880,26388,46,197,30,3154,1494,63,4948
962,1290,962.039231800666,99722,116,54,213,61,60001,31633,0.9188945267844608,64,51,28123,29075,13870,8493,7612,12264,45429,36195,8294,3517,4800,2399,9392,4117,13238,4931,5098,90,462,18841,26340,46,195,32,3184,1506,65,4986
963,1290,963.3743696106189,99722,111,58,213,61,60019,31647,0.9192154188644431,65,53,28170,29098,13825,8459,7614,12269,45429,36195,8354,3563,4799,2397,9372,4117,13234,4947,5096,91,473,18805,26287,46,195,32,3215,1524,65,5027
964,1290,964.2631730222647,99722,119,55,213,61,60038,31657,0.9195062273119271,56,57,28194,29107,13782,8428,7634,12290,45429,36195,8413,3609,4798,2397,9360,4115,13218,4969,5095,92,480,18770,26238,46,195,32,3248,1535,67,5067
965,1290,965.1511257940475,99722,113,57,213,61,60048,31667,0.9197067848619161,59,54,28235,29122,13736,8405,7642,12299,45429,36195,8471,3655,4796,2396,9340,4116,13208,4987,5094,94,485,18739,26192,46,195,32,3275,1553,69,5105
966,1290,966.0379398153929,99722,103,64,213,61,60055,31680,0.9199073424119051,73,47,28255,29127,13694,8375,7660,12324,45429,36195,8528,3701,4796,2396,9328,4116,13195,5010,5093,94,488,18705,26146,46,195,32,3303,1562,73,5144
967,1290,967.3665446230568,99722,110,69,213,61,60088,31700,0.9204388199193758,69,41,28292,29179,13644,8330,7670,12318,45429,36195,8584,3747,4794,2395,9311,4117,13186,5031,5091,96,503,18672,26093,46,195,32,3331,1574,75,5180
968,1290,968.2513909537215,99722,117,70,213,61,60106,31711,0.9207296283668599,62,36,28317,29204,13599,8300,7690,12327,45429,36195,8639,3793,4794,2395,9295,4119,13169,5055,5089,96,507,18644,26048,46,195,32,3354,1588,77,5219
969,1290,969.1354840316895,99722,119,67,213,61,60123,31717,0.9209602695493472,62,38,28353,29201,13547,8285,7704,12346,45429,36195,8694,3838,4793,2395,9283,4123,13151,5078,5084,97,514,18617,25999,46,195,32,3379,1598,78,5260
970,1290,970.0185058431944,99722,129,73,213,61,60149,31728,0.9213313010168268,55,35,28387,29242,13498,8241,7716,12346,45429,36195,8748,3883,4793,2394,9262,4126,13139,5096,5081,97,519,18591,25958,46,194,33,3404,1615,81,5293
971,1290,971.3411085942089,99722,114,78,213,61,60166,31747,0.921692304606807,64,31,28429,29302,13462,8199,7716,12327,45429,36195,8801,3928,4791,2392,9251,4128,13138,5115,5078,99,532,18548,25905,46,193,34,3438,1620,86,5328
972,1290,972.2214908347931,99722,115,79,213,61,60177,31759,0.9219229457892942,69,29,28454,29328,13417,8169,7730,12332,45429,36195,8853,3973,4790,2391,9234,4133,13135,5125,5075,99,537,18514,25859,46,193,34,3468,1634,88,5367
973,1290,973.1012363305479,99722,113,73,213,61,60194,31765,0.9221535869717815,61,34,28490,29345,13386,8143,7735,12342,45429,36195,8904,4018,4788,2390,9214,4137,13125,5147,5072,101,541,18481,25818,46,193,34,3493,1650,89,5403
974,1290,974.4189399212653,99722,115,74,213,61,60210,31781,0.9224744790517639,62,33,28560,29383,13313,8116,7735,12331,45429,36195,8954,4063,4786,2389,9207,4138,13114,5168,5070,103,549,18441,25774,46,193,34,3526,1657,89,5438
975,1290,975.2956297517845,99722,114,70,213,61,60222,31790,0.9226850644792524,72,35,28581,29409,13271,8095,7747,12328,45429,36195,9003,4107,4783,2387,9194,4141,13107,5183,5068,106,555,18412,25728,46,192,34,3551,1668,92,5475
976,1290,976.1716295058627,99722,118,69,213,61,60232,31798,0.9228655662742424,75,28,28617,29425,13217,8067,7758,12348,45429,36195,9051,4151,4783,2387,9180,4138,13096,5201,5068,106,561,18392,25681,46,192,34,3567,1682,93,5515
977,1290,977.046388937688,99722,113,66,213,61,60240,31804,0.9230059565592347,82,33,28640,29445,13179,8045,7771,12348,45429,36195,9099,4195,4782,2387,9164,4139,13091,5216,5067,107,567,18356,25640,46,192,34,3598,1693,94,5549
978,1290,978.3567956074432,99722,123,65,213,61,60269,31817,0.9234271274142115,77,31,28680,29490,13130,8014,7775,12337,45429,36195,9146,4239,4780,2386,9148,4143,13085,5234,5064,109,574,18325,25596,46,192,34,3621,1705,97,5583
979,1290,979.2294025227848,99722,126,63,213,61,60286,31822,0.9236477407191994,72,31,28698,29516,13088,7995,7801,12332,45429,36195,9192,4283,4780,2386,9138,4143,13073,5256,5062,109,576,18296,25558,46,192,34,3645,1712,101,5615
980,1290,980.1015793993699,99722,128,65,213,61,60304,31825,0.9238583261466878,71,34,28730,29541,13050,7960,7806,12337,45429,36195,9237,4326,4779,2385,9118,4142,13057,5278,5061,110,580,18280,25523,46,192,34,3659,1731,103,5644
981,1290,981.4082166195316,99722,125,69,213,61,60325,31840,0.924219329736668,75,33,28765,29585,13017,7933,7803,12317,45429,36195,9281,4369,4779,2384,9104,4145,13043,5301,5057,110,591,18256,25475,46,192,34,3678,1743,107,5677
982,1290,982.2783670074101,99722,122,71,213,61,60343,31848,0.9244800545516536,71,38,28797,29604,12985,7911,7810,12313,45429,36195,9325,4412,4776,2384,9086,4145,13034,5322,5056,113,596,18231,25435,46,192,34,3696,1757,108,5711
983,1290,983.1477100291344,99721,121,76,213,62,60357,31862,0.9247701086030023,67,29,28818,29612,12957,7897,7822,12322,45429,36195,9368,4455,4775,2384,9072,4144,13022,5342,5056,114,604,18211,25390,46,191,35,3710,1769,112,5744
984,1290,984.0162407946083,99721,123,78,213,62,60370,31871,0.9249907241202956,68,31,28842,29639,12915,7862,7837,12326,45429,36195,9410,4498,4775,2384,9054,4145,13013,5358,5055,114,611,18185,25355,46,190,35,3734,1783,114,5770
985,1290,985.3179107854857,99721,128,65,213,62,60388,31882,0.9252815354840004,69,32,28887,29700,12863,7830,7838,12309,45429,36195,9451,4540,4773,2384,9036,4152,13007,5376,5049,115,616,18158,25322,46,190,35,3754,1796,123,5789
986,1290,986.1844219753584,99721,126,69,213,62,60403,31887,0.9254820950451761,64,41,28910,29706,12835,7804,7850,12316,45429,36195,9492,4582,4771,2382,9028,4157,12988,5400,5046,117,617,18128,25294,46,190,35,3780,1803,124,5815
987,1290,987.0501543348968,99721,127,72,213,62,60416,31897,0.925712738540528,73,38,28936,29729,12794,7787,7855,12310,45429,36195,9532,4624,4770,2382,9019,4156,12967,5428,5045,118,625,18100,25265,46,190,35,3803,1812,125,5835
988,1290,988.3472380943879,99721,132,71,213,62,60443,31910,0.9261138576628795,76,41,28985,29772,12735,7761,7857,12291,45429,36195,9571,4666,4766,2382,9008,4158,12957,5449,5042,122,637,18072,25222,46,190,35,3823,1821,126,5865
989,1290,989.2106257957627,99721,135,67,213,62,60462,31916,0.9263645571143491,69,42,29000,29792,12703,7746,7878,12289,45429,36195,9610,4707,4765,2380,9000,4159,12941,5472,5041,123,645,18050,25182,46,190,35,3842,1827,129,5894
990,1290,990.0734354372281,99721,132,65,213,62,60475,31924,0.9265751446535835,72,41,29031,29821,12661,7721,7889,12288,45429,36195,9648,4748,4764,2379,8985,4157,12936,5490,5041,124,652,18024,25144,46,190,35,3861,1839,129,5925
991,1290,991.3663389319934,99721,137,69,213,62,60499,31942,0.9269963197320524,71,38,29073,29873,12613,7697,7891,12259,45429,36195,9685,4789,4764,2379,8976,4156,12934,5503,5038,124,666,17993,25099,46,190,35,3887,1846,132,5953
992,1290,992.2270488906979,99721,137,69,213,62,60516,31951,0.9272570471615809,66,43,29100,29908,12581,7672,7901,12244,45429,36195,9722,4830,4764,2378,8964,4159,12918,5522,5036,124,675,17969,25060,46,189,36,3909,1858,135,5979
993,1290,993.0870511537092,99721,134,63,213,62,60528,31959,0.9274576067227565,70,45,29133,29944,12538,7653,7910,12231,45429,36195,9758,4870,4762,2377,8953,4160,12910,5540,5035,126,683,17947,25018,46,189,36,3926,1865,136,6012
994,1290,994.3754565835429,99721,142,72,213,62,60556,31975,0.9278988377573429,67,36,29172,30003,12496,7620,7908,12205,45429,36195,9793,4910,4758,2375,8945,4163,12892,5561,5033,130,689,17925,24986,46,189,36,3946,1873,140,6034
995,1290,995.2332330577924,99721,138,72,213,62,60568,31979,0.9280592854062836,68,42,29195,30032,12460,7592,7924,12198,45429,36195,9828,4950,4757,2375,8937,4164,12881,5582,5032,131,694,17903,24950,46,187,38,3962,1877,140,6065
996,1290,996.0905118905357,99720,134,77,214,62,60582,31990,0.9283192940232652,74,39,29197,30063,12443,7574,7936,12183,45429,36195,9862,4990,4756,2375,8927,4162,12876,5598,5031,132,700,17872,24918,46,186,38,3987,1886,141,6089
997,1290,997.3757823541061,99720,132,73,214,62,60600,32000,0.9286000802246289,85,40,29236,30111,12386,7549,7945,12163,45429,36195,9896,5029,4756,2375,8919,4163,12864,5618,5027,132,711,17851,24874,46,186,38,4005,1893,144,6118
998,1290,998.2316177152846,99720,127,70,214,62,60616,32011,0.9288708383473726,89,37,29259,30161,12353,7526,7956,12142,45429,36195,9929,5068,4753,2374,8903,4163,12856,5638,5026,135,720,17821,24845,46,185,39,4027,1907,146,6136
999,1290,999.086788455473,99720,133,72,214,62,60640,32021,0.9292117930204573,84,37,29270,30192,12327,7509,7970,12126,45429,36195,9961,5107,4751,2372,8888,4163,12854,5651,5025,137,724,17800,24813,46,184,40,4043,1919,147,6163
1000,1290,1000.3685896205438,99720,128,73,214,62,60661,32030,0.9295126353790614,87,44,29319,30230,12271,7486,7979,12103,45429,36195,9993,5145,4749,2371,8876,4164,12848,5668,5021,139,733,17779,24776,46,184,40,4059,1929,148,6190
1001,1290,1001.2219631621646,99720,125,67,214,62,60672,32038,0.929703168872844,93,49,29324,30267,12243,7473,7999,12080,45429,36195,10024,5183,4748,2371,8859,4163,12850,5680,5021,140,745,17755,24737,46,183,41,4074,1942,148,6217
1002,1290,1002.0751033511937,99720,128,69,214,62,60687,32049,0.9299638989169675,92,45,29364,30293,12197,7455,8003,12074,45429,36195,10055,5221,4748,2371,8848,4162,12838,5698,5021,140,754,17731,24705,46,182,42,4095,1951,149,6239
1003,1290,1003.3529998101703,99720,125,78,214,62,60715,32066,0.9304151624548737,87,43,29400,30338,12159,7428,8013,12049,45429,36195,10085,5259,4745,2371,8839,4163,12839,5718,5019,143,760,17699,24675,46,181,43,4112,1955,151,6261
1004,1290,1004.2040343347584,99720,130,81,214,62,60735,32077,0.9307260328920979,80,37,29419,30380,12131,7396,8024,12042,45429,36195,10115,5296,4744,2370,8828,4165,12828,5734,5018,144,767,17676,24646,46,181,43,4132,1965,154,6279
1005,1290,1005.0545534074545,99720,126,81,214,62,60745,32089,0.9309466506217409,92,33,29461,30413,12085,7374,8020,12035,45429,36195,10144,5333,4743,2370,8815,4163,12816,5754,5018,145,778,17657,24614,46,181,43,4148,1975,155,6299
1006,1290,1006.3285382827338,99720,126,81,214,62,60775,32103,0.9313878860810269,82,42,29494,30465,12054,7352,8028,11996,45429,36195,10173,5370,4741,2367,8794,4168,12819,5767,5014,147,790,17632,24582,46,181,43,4166,1989,158,6316
1007,1290,1007.176774377734,99720,125,95,214,62,60790,32122,0.9317288407541116,89,28,29505,30486,12027,7339,8038,11988,45429,36195,10201,5407,4738,2366,8780,4167,12812,5782,5014,150,792,17618,24553,46,180,44,4177,2000,160,6341
1008,1290,1008.0247531893867,99720,134,97,214,62,60808,32130,0.9319895707982351,92,31,29533,30517,11977,7323,8048,11968,45429,36195,10229,5443,4737,2365,8771,4168,12796,5803,5013,151,798,17602,24527,46,180,44,4190,2008,161,6360
1009,1290,1009.2951490734994,99720,136,83,214,62,60834,32138,0.9323305254713197,94,33,29589,30576,11931,7303,8034,11941,45429,36195,10256,5479,4734,2363,8756,4172,12793,5821,5010,154,810,17576,24497,46,180,44,4206,2019,166,6373
1010,1290,1010.1406417365928,99720,130,81,214,62,60851,32143,0.9325511432009627,98,34,29625,30608,11896,7284,8035,11929,45429,36195,10283,5515,4732,2363,8746,4173,12790,5835,5009,156,822,17550,24463,46,180,44,4224,2026,166,6395
1011,1290,1011.4070995195372,99720,138,73,214,62,60884,32154,0.9329923786602486,104,35,29664,30663,11849,7272,8029,11893,45429,36195,10309,5551,4728,2360,8737,4175,12782,5855,5009,160,829,17522,24434,46,180,44,4243,2034,173,6409
1012,1290,1012.2503279018705,99720,146,69,214,62,60906,32158,0.9332531087043723,110,36,29674,30680,11816,7262,8038,11889,45429,36195,10335,5586,4727,2360,8723,4176,12777,5871,5008,161,833,17501,24406,46,180,44,4257,2044,174,6432
1013,1290,1013.0931524233911,99720,153,68,214,62,60932,32165,0.9335840352988367,106,35,29689,30702,11795,7250,8041,11881,45429,36195,10361,5621,4725,2359,8711,4179,12777,5884,5005,163,837,17473,24385,46,179,45,4276,2054,174,6448
1014,1290,1014.3563137966954,99720,154,72,214,62,60959,32181,0.9340152426795026,102,27,29727,30764,11765,7221,8036,11852,45429,36195,10386,5656,4724,2358,8692,4178,12769,5905,5005,164,846,17461,24354,46,178,45,4284,2068,177,6466
1015,1290,1015.1977416214088,99720,166,67,214,62,60987,32186,0.9343461692739671,97,29,29754,30801,11725,7196,8042,11843,45429,36195,10411,5690,4723,2355,8678,4181,12762,5923,5005,165,852,17441,24330,46,178,44,4298,2078,180,6481
1016,1290,1016.0384490697882,99720,178,64,214,62,61011,32191,0.9346369835539511,89,36,29773,30828,11699,7182,8045,11826,45429,36195,10435,5724,4721,2354,8668,4183,12756,5937,5003,167,857,17424,24303,46,178,44,4310,2086,181,6502
1017,1290,1017.2981513209633,99720,178,65,214,62,61040,32204,0.9350581628559967,88,36,29807,30885,11675,7156,8036,11794,45429,36195,10459,5758,4718,2352,8656,4185,12751,5957,5000,170,869,17404,24273,46,178,44,4320,2096,182,6519
1018,1290,1018.1371362750701,99720,176,64,214,62,61058,32208,0.9352787805856398,93,36,29829,30917,11638,7132,8048,11787,45429,36195,10483,5792,4715,2352,8648,4184,12738,5979,4998,173,874,17379,24257,46,178,44,4342,2101,184,6528
1019,1290,1019.3942522743762,99720,182,60,214,62,61095,32218,0.9357501002807862,87,35,29882,30972,11598,7105,8035,11764,45429,36195,10506,5825,4713,2348,8635,4187,12736,5997,4996,175,886,17353,24231,46,177,44,4360,2110,186,6540
1020,1290,1020.2312221496076,99720,176,55,214,62,61114,32224,0.9360008022462896,88,39,29906,31019,11573,7087,8041,11736,45429,36195,10529,5858,4712,2347,8627,4192,12727,6017,4991,176,893,17329,24205,46,177,44,4376,2116,189,6556
1021,1290,1021.0676281462848,99720,168,59,214,62,61132,32235,0.9362916165262736,87,36,29928,31057,11551,7077,8050,11707,45429,36195,10551,5891,4710,2346,8615,4193,12728,6030,4990,178,904,17306,24173,46,177,44,4391,2123,190,6576
1022,1290,1022.3208829721818,99720,160,58,214,62,61160,32246,0.9366827115924589,87,48,29974,31120,11519,7045,8044,11665,45429,36195,10573,5924,4707,2342,8603,4197,12726,6045,4988,181,918,17286,24134,46,177,44,4405,2130,194,6597
1023,1290,1023.1555141056996,99720,152,62,214,62,61171,32254,0.9368732450862415,91,50,29994,31136,11502,7026,8045,11662,45429,36195,10595,5956,4705,2342,8590,4197,12723,6058,4986,183,920,17268,24112,46,177,44,4419,2139,196,6615
1024,1290,1024.4059814995092,99720,143,69,214,62,61191,32271,0.9372442839951866,89,44,30038,31181,11472,7008,8042,11634,45429,36195,10616,5988,4704,2341,8578,4194,12724,6078,4984,184,928,17249,24085,46,176,44,4429,2146,197,6633
1025,1290,1025.238791222476,99720,145,67,214,62,61215,32279,0.9375651825110309,80,41,30059,31214,11460,6992,8040,11622,45429,36195,10637,6020,4703,2341,8573,4189,12724,6095,4983,185,934,17223,24059,46,176,44,4445,2150,198,6652
1026,1290,1026.0710960154436,99720,144,71,214,62,61234,32287,0.9378359406337746,80,46,30073,31233,11442,6973,8045,11613,45429,36195,10658,6051,4701,2339,8563,4192,12715,6115,4981,187,934,17204,24045,46,175,44,4459,2156,200,6664
1027,1290,1027.3186051724815,99720,141,76,214,62,61262,32301,0.9382571199358203,77,46,30124,31279,11409,6953,8033,11582,45429,36195,10678,6082,4701,2336,8552,4197,12706,6135,4977,187,945,17192,24009,46,175,44,4465,2164,201,6688
1028,1290,1028.1490591042082,99720,141,75,214,62,61284,32310,0.9385679903730445,70,40,30155,31311,11385,6941,8033,11569,45429,36195,10698,6113,4699,2334,8543,4201,12703,6145,4975,189,953,17170,23982,46,175,44,4481,2172,206,6702
1029,1290,1029.393456269455,99720,129,77,214,62,61296,32324,0.938828720417168,75,37,30200,31366,11348,6916,8032,11540,45429,36195,10718,6144,4694,2333,8536,4202,12702,6158,4973,194,961,17149,23955,46,175,44,4494,2177,212,6715
1030,1290,1030.2219817672626,99720,130,81,214,62,61313,32335,0.9391095066185319,70,34,30235,31396,11320,6901,8029,11524,45429,36195,10737,6174,4693,2333,8522,4204,12706,6166,4970,195,965,17127,23936,46,175,44,4510,2186,213,6729
1031,1290,1031.049767257192,99720,135,81,214,62,61330,32344,0.9393702366626554,72,36,30256,31429,11299,6883,8022,11507,45429,36195,10756,6204,4691,2332,8514,4202,12701,6183,4970,197,967,17110,23920,46,175,44,4523,2189,214,6742
1032,1290,1032.2900997219947,99720,128,76,214,62,61356,32357,0.9397613317288408,75,39,30293,31486,11271,6856,8017,11479,45429,36195,10775,6234,4688,2330,8508,4206,12701,6199,4965,200,981,17085,23885,46,175,44,4538,2192,217,6760
1033,1290,1033.1161502392902,99720,127,68,214,62,61368,32364,0.9399518652226233,72,41,30330,31520,11231,6847,8024,11460,45429,36195,10793,6264,4687,2329,8496,4205,12696,6213,4965,201,991,17072,23857,46,175,44,4549,2200,219,6775
1034,1290,1034.3536988291244,99720,125,68,214,62,61390,32374,0.9402727637384677,73,47,30361,31557,11208,6828,8017,11436,45429,36195,10811,6293,4683,2327,8489,4208,12691,6229,4963,205,999,17052,23835,46,175,44,4562,2205,221,6786
1035,1290,1035.1779336074687,99720,132,69,214,62,61408,32383,0.9405435218612114,72,44,30371,31583,11184,6814,8025,11426,45429,36195,10829,6322,4683,2326,8478,4208,12687,6241,4963,205,1004,17037,23812,46,175,44,4573,2213,223,6802
1036,1290,1036.0017275196126,99720,141,62,214,62,61423,32389,0.9407541115122342,75,46,30393,31623,11152,6802,8023,11403,45429,36195,10847,6351,4683,2326,8469,4210,12677,6260,4961,205,1007,17026,23790,46,175,44,4578,2219,225,6819
1037,1290,1037.2365002387946,99720,125,60,214,62,61441,32405,0.9410950661853189,94,42,30419,31669,11136,6789,8010,11376,45429,36195,10864,6380,4677,2326,8463,4209,12676,6280,4961,211,1020,17001,23764,46,174,44,4590,2221,231,6826
1038,1290,1038.0590621522547,99720,133,62,214,62,61461,32413,0.9413758523866828,87,40,30443,31677,11108,6780,8013,11377,45429,36195,10881,6408,4677,2325,8455,4211,12673,6288,4959,211,1027,16988,23739,46,174,44,4601,2227,231,6844
1039,1290,1039.29167789728,99720,130,53,214,62,61483,32422,0.941686722823907,80,34,30500,31742,11078,6763,7996,11344,45429,36195,10898,6436,4673,2325,8447,4207,12680,6301,4956,215,1036,16969,23711,46,173,44,4612,2231,234,6860
1040,1290,1040.112303382599,99720,130,56,214,62,61497,32430,0.94190734055355,72,32,30528,31784,11060,6743,7994,11321,45429,36195,10914,6464,4672,2321,8441,4211,12679,6308,4954,216,1040,16949,23693,46,173,44,4628,2237,235,6873
1041,1290,1041.3417026988523,99720,123,62,214,62,61517,32444,0.9422482952266346,65,29,30577,31837,11028,6725,7991,11283,45429,36195,10930,6492,4669,2320,8429,4209,12678,6326,4953,219,1047,16936,23670,46,173,44,4635,2242,236,6888
1042,1290,1042.1602996984986,99720,119,63,214,62,61527,32451,0.9424187725631769,61,29,30617,31861,11002,6711,7985,11272,45429,36195,10946,6519,4666,2319,8424,4210,12669,6341,4953,222,1052,16925,23648,46,172,44,4644,2244,239,6902
1043,1290,1043.3865389745165,99720,111,62,214,62,61541,32461,0.9426594464500602,66,30,30647,31914,10986,6704,7974,11226,45429,36195,10962,6546,4665,2319,8416,4210,12670,6352,4952,223,1063,16906,23617,46,172,44,4657,2248,240,6920
1044,1290,1044.2033372808542,99720,111,64,214,62,61555,32468,0.942870036101083,66,26,30688,31956,10955,6679,7964,11211,45429,36195,10977,6573,4661,2319,8406,4210,12662,6365,4952,227,1068,16891,23602,46,172,44,4668,2257,240,6930
1045,1290,1045.019102111585,99720,115,64,214,62,61568,32474,0.9430605695948656,66,31,30715,31987,10925,6659,7963,11195,45429,36195,10992,6600,4661,2318,8400,4210,12656,6379,4952,227,1070,16873,23589,46,172,44,4683,2259,242,6939
1046,1290,1046.2412934129932,99720,123,63,214,62,61597,32486,0.9434717208182912,56,26,30771,32048,10885,6634,7949,11165,45429,36195,11007,6626,4657,2317,8390,4211,12657,6395,4951,231,1075,16856,23570,46,172,44,4691,2263,244,6950
1047,1290,1047.0548755791492,99720,132,68,214,62,61611,32496,0.9437123947051745,56,22,30789,32080,10853,6618,7954,11148,45429,36195,11022,6652,4656,2317,8386,4212,12648,6405,4950,232,1079,16841,23555,46,172,44,4705,2267,245,6960
1048,1290,1048.2740244990475,99720,136,60,214,62,61635,32503,0.9440232651423988,56,28,30832,32128,10814,6605,7946,11115,45429,36195,11037,6678,4652,2316,8378,4211,12643,6422,4950,236,1085,16825,23534,46,172,44,4716,2271,251,6968
1049,1290,1049.085857178674,99720,126,61,214,62,61642,32509,0.9441536301644605,65,28,30852,32171,10795,6585,7946,11091,45429,36195,11051,6704,4652,2316,8372,4213,12635,6436,4947,236,1091,16810,23515,46,172,44,4727,2276,252,6980
1050,1290,1050.302355129919,99720,129,64,214,62,61671,32522,0.9445748094665062,58,21,30898,32231,10764,6562,7935,11058,45429,36195,11065,6729,4649,2315,8365,4213,12629,6454,4944,239,1097,16791,23499,46,171,45,4739,2282,253,6989
1051,1290,1051.1125122407186,99720,126,57,214,62,61683,32524,0.9447152025671881,57,23,30916,32269,10743,6548,7942,11039,45429,36195,11079,6754,4648,2314,8360,4215,12617,6472,4941,240,1102,16779,23483,46,171,45,4748,2286,256,6997
1052,1290,1052.3264936875123,99720,122,55,214,62,61698,32530,0.9449257922182109,58,34,30979,32308,10702,6528,7923,11011,45429,36195,11093,6779,4647,2313,8355,4214,12616,6485,4940,241,1108,16762,23466,46,171,45,4757,2290,258,7006
1053,1290,1053.1345510237013,99720,114,57,214,62,61707,32534,0.9450561572402728,55,37,31009,32340,10686,6510,7920,10992,45429,36195,11106,6804,4645,2312,8351,4217,12621,6490,4937,243,1111,16746,23448,46,171,45,4765,2293,258,7021
1054,1290,1054.345365545755,99720,112,61,214,62,61726,32550,0.9454071399919776,58,34,31051,32403,10653,6490,7910,10948,45429,36195,11119,6829,4642,2312,8346,4219,12618,6504,4934,245,1121,16727,23427,46,171,45,4777,2296,259,7031
1055,1290,1055.151531784737,99720,112,64,214,62,61740,32558,0.9456277577216206,57,32,31090,32437,10625,6468,7900,10935,45429,36195,11132,6853,4642,2312,8340,4218,12616,6514,4933,245,1127,16711,23410,46,170,45,4790,2300,260,7041
1056,1290,1056.3592176306352,99720,110,56,214,62,61761,32565,0.9459085439229844,50,38,31140,32488,10592,6455,7892,10899,45429,36195,11145,6877,4640,2310,8331,4222,12615,6530,4930,247,1134,16690,23396,46,170,45,4802,2304,264,7044
1057,1290,1057.1632367212057,99720,106,58,214,62,61769,32574,0.9460790212595267,51,35,31156,32542,10578,6436,7893,10865,45429,36195,11158,6901,4639,2310,8322,4221,12612,6539,4930,248,1142,16679,23375,46,170,45,4811,2310,267,7054
1058,1290,1058.3684117919818,99720,104,58,214,62,61781,32586,0.9463196951464099,58,26,31187,32595,10554,6427,7881,10830,45429,36195,11171,6925,4637,2310,8311,4222,12622,6543,4928,250,1147,16665,23351,46,170,45,4818,2315,270,7070
1059,1290,1059.171173991802,99720,103,60,214,62,61790,32591,0.9464600882470918,58,30,31213,32641,10523,6402,7887,10803,45429,36195,11183,6948,4635,2310,8305,4222,12622,6547,4928,252,1153,16648,23333,46,170,45,4832,2320,270,7082
1060,1290,1060.374131001963,99719,102,54,215,62,61807,32599,0.9467202839980344,58,31,31252,32689,10492,6388,7879,10774,45429,36195,11195,6971,4635,2310,8297,4221,12623,6559,4927,252,1163,16634,23310,46,169,45,4839,2325,274,7090
1061,1290,1061.1753246362412,99719,103,52,215,62,61820,32607,0.9469308757608881,53,27,31287,32714,10470,6379,7870,10764,45429,36195,11207,6994,4633,2310,8290,4223,12618,6570,4926,254,1169,16625,23289,45,169,45,4845,2329,276,7103
1062,1290,1062.375560238169,99719,104,57,215,62,61832,32618,0.9471615238821087,49,25,31338,32760,10441,6365,7851,10729,45429,36195,11219,7017,4632,2310,8279,4225,12613,6582,4925,254,1174,16612,23280,45,169,45,4857,2335,277,7105
1063,1290,1063.1746702010337,99719,98,47,215,62,61840,32621,0.9472718338531273,56,25,31373,32803,10404,6359,7852,10702,45429,36195,11231,7040,4631,2310,8273,4226,12616,6593,4923,255,1177,16594,23262,45,169,45,4866,2338,280,7116
1064,1290,1064.371832106327,99719,100,52,215,62,61859,32630,0.9475526228702654,48,22,31418,32860,10386,6332,7831,10670,45429,36195,11242,7062,4628,2309,8270,4224,12609,6609,4922,258,1176,16580,23254,45,169,45,4876,2340,281,7124
1065,1290,1065.1688883058937,99719,98,49,215,62,61867,32633,0.947662932841284,52,20,31437,32901,10367,6320,7829,10646,45429,36195,11253,7084,4628,2309,8266,4224,12606,6618,4921,258,1183,16571,23234,45,169,45,4882,2342,282,7136
1066,1290,1066.0505093058528,99719,100,47,215,62,61881,32637,0.9478434400665872,49,21,31464,32935,10341,6308,7829,10625,45429,36195,11264,7106,4627,2308,8258,4222,12603,6629,4921,259,1186,16560,23222,45,169,45,4891,2347,284,7143
1067,1290,1067.0404892434876,99719,99,48,215,62,61889,32642,0.9479738063959727,51,19,31482,32951,10314,6302,7837,10616,45429,36195,11275,7128,4627,2308,8251,4222,12603,6635,4921,259,1190,16547,23206,45,169,45,4899,2353,286,7153
1068,1290,1068.0371274628062,99719,103,48,215,62,61903,32646,0.9481543136212758,56,18,31516,32992,10287,6285,7821,10593,45429,36195,11286,7150,4625,2308,8247,4222,12599,6642,4920,261,1196,16536,23186,45,169,45,4909,2356,286,7167
1069,1290,1069.1287371628368,99719,103,48,215,62,61926,32654,0.9484651871759645,51,20,31544,33040,10278,6274,7807,10554,45429,36195,11297,7171,4620,2306,8241,4226,12599,6648,4918,266,1204,16526,23164,45,169,45,4917,2360,289,7176
1070,1290,1070.2636638942986,99718,103,45,215,63,61943,32660,0.9487053490844181,50,23,31597,33109,10247,6259,7786,10499,45429,36195,11308,7192,4617,2303,8233,4227,12604,6655,4918,269,1207,16511,23147,45,169,45,4924,2365,293,7186
1071,1290,1071.0561572184497,99718,103,42,215,63,61951,32665,0.9488357167211536,55,25,31622,33131,10223,6247,7780,10490,45429,36195,11318,7213,4616,2303,8229,4227,12598,6664,4918,270,1211,16500,23131,45,169,45,4934,2367,296,7195
1072,1290,1072.2437763745893,99717,104,42,216,63,61969,32671,0.9490859131341697,50,29,31680,33177,10186,6226,7762,10461,45429,36195,11328,7234,4615,2302,8222,4230,12594,6678,4916,271,1213,16486,23122,45,169,45,4939,2372,299,7199
1073,1290,1073.034269649448,99717,106,40,216,63,61974,32676,0.9491861969373326,52,28,31706,33211,10162,6215,7756,10441,45429,36195,11338,7255,4615,2302,8216,4230,12591,6684,4916,271,1216,16477,23108,45,169,45,4946,2377,302,7207
1074,1290,1074.2186859968529,99717,108,36,216,63,61991,32680,0.9493967929239748,52,28,31740,33257,10144,6200,7738,10414,45429,36195,11348,7275,4613,2302,8212,4230,12592,6694,4915,273,1222,16460,23092,45,169,45,4954,2380,303,7216
1075,1290,1075.0076321168012,99717,108,34,216,63,62001,32686,0.9495572470090355,51,27,31757,33311,10122,6185,7744,10378,45429,36195,11358,7295,4613,2300,8211,4234,12580,6709,4913,273,1227,16450,23076,45,169,45,4961,2381,305,7225
1076,1290,1076.190213525265,99717,110,36,216,63,62011,32696,0.9497578146153615,54,27,31801,33371,10088,6168,7729,10333,45429,36195,11368,7315,4611,2298,8201,4235,12572,6723,4913,275,1229,16445,23067,45,169,45,4966,2386,305,7232
1077,1290,1077.3711095721055,99717,118,46,216,63,62030,32708,0.9500686944051666,51,28,31845,33416,10059,6142,7709,10303,45429,36195,11378,7335,4611,2298,8196,4234,12568,6733,4913,275,1233,16436,23053,45,167,46,4972,2390,306,7241
1078,1290,1078.157278646294,99717,113,50,216,63,62040,32712,0.9502090917295948,56,31,31881,33454,10032,6122,7700,10278,45429,36195,11387,7355,4610,2298,8192,4231,12568,6739,4913,276,1236,16423,23039,45,167,46,4983,2393,307,7251
1079,1290,1079.3351310816988,99717,104,47,216,63,62056,32721,0.9504598012375022,54,27,31920,33496,10016,6109,7688,10256,45429,36195,11396,7374,4608,2297,8186,4235,12569,6750,4909,278,1249,16408,23017,45,167,46,4991,2395,308,7259
1080,1290,1080.119645030858,99717,106,49,216,63,62066,32729,0.9506403120831954,56,23,31945,33522,9986,6102,7689,10239,45429,36195,11405,7393,4608,2297,8182,4235,12569,6755,4908,278,1255,16395,23000,45,167,46,5001,2398,308,7270
1081,1290,1081.2952451183344,99717,105,47,216,63,62082,32736,0.9508709648304702,64,27,31973,33572,9959,6079,7681,10210,45429,36195,11414,7412,4608,2296,8171,4238,12567,6768,4907,276,1261,16385,22988,45,167,46,5006,2404,309,7275
1082,1290,1082.0782044664293,99717,111,45,216,63,62096,32739,0.9510414472958473,64,34,31986,33596,9941,6060,7680,10200,45429,36195,11423,7431,4607,2296,8167,4237,12565,6778,4907,277,1260,16374,22979,45,167,46,5013,2405,311,7283
1083,1290,1083.2520298192137,99717,105,42,216,63,62116,32750,0.9513523270856524,59,36,32019,33643,9917,6037,7682,10177,45429,36195,11432,7450,4605,2292,8160,4242,12567,6793,4905,279,1268,16359,22961,45,167,46,5020,2404,314,7290
1084,1290,1084.0338821928003,99717,103,45,216,63,62127,32757,0.9515328379313457,59,34,32054,33677,9894,6029,7672,10150,45429,36195,11441,7469,4603,2292,8154,4242,12573,6797,4903,281,1270,16346,22947,45,167,46,5028,2408,314,7301
1085,1290,1085.2053765292233,99717,110,39,216,63,62150,32765,0.9518437177211508,54,31,32099,33724,9864,6019,7655,10122,45429,36195,11450,7487,4602,2291,8145,4243,12574,6809,4902,282,1279,16336,22931,44,167,46,5032,2412,316,7306
1086,1290,1086.3753234876708,99717,106,43,216,63,62168,32775,0.9521245123700072,55,29,32139,33792,9842,5994,7640,10077,45429,36195,11458,7505,4601,2290,8140,4246,12579,6815,4899,282,1283,16317,22923,44,166,47,5044,2415,319,7307
1087,1290,1087.1543994074273,99717,110,40,216,63,62185,32780,0.9523451367369656,47,32,32182,33828,9816,5988,7627,10047,45429,36195,11466,7523,4601,2289,8134,4246,12581,6823,4897,282,1286,16303,22912,44,166,47,5053,2420,319,7314
1088,1290,1088.321322374224,99717,99,38,216,63,62195,32784,0.9524855340613937,53,39,32233,33878,9790,5970,7607,10010,45429,36195,11474,7541,4597,2289,8125,4247,12587,6830,4895,286,1289,16289,22899,44,166,47,5059,2425,321,7322
1089,1290,1089.0982311367804,99717,99,42,216,63,62207,32788,0.9526459881464545,55,41,32257,33909,9767,5954,7604,9989,45429,36195,11482,7559,4597,2286,8121,4250,12586,6837,4894,286,1287,16281,22889,44,166,47,5066,2426,323,7331
1090,1290,1090.262215958845,99717,92,42,216,63,62219,32799,0.9528766408937293,57,34,32308,33967,9740,5945,7585,9947,45429,36195,11490,7577,4592,2284,8111,4251,12592,6843,4893,291,1294,16270,22873,44,166,47,5072,2431,323,7340
1091,1290,1091.0372945779322,99717,94,42,216,63,62229,32805,0.95303709497879,59,33,32335,33989,9714,5936,7580,9935,45429,36195,11498,7594,4592,2283,8106,4250,12590,6852,4893,291,1297,16262,22864,44,164,48,5080,2433,324,7344
1092,1290,1092.1985837542882,99717,96,43,216,63,62249,32810,0.9532878044866974,52,37,32388,34059,9680,5908,7566,9888,45429,36195,11506,7611,4591,2283,8103,4249,12587,6863,4893,292,1302,16254,22846,44,164,48,5084,2434,327,7353
1093,1290,1093.3582047773916,99717,91,48,216,63,62263,32824,0.9535685991355536,47,31,32438,34109,9654,5892,7552,9855,45429,36195,11514,7628,4588,2283,8096,4250,12586,6875,4890,295,1304,16244,22834,44,164,48,5090,2437,330,7359
1094,1290,1094.1303059077648,99717,100,49,216,63,62277,32830,0.9537691667418795,41,30,32462,34142,9635,5873,7544,9841,45429,36195,11522,7645,4586,2283,8091,4250,12583,6883,4890,297,1306,16235,22824,44,164,48,5095,2441,331,7366
