,indexID,time,N,Inf_L,Inf_H,Dead_L,Dead_H,cum_cases_L,cum_cases_H,cum_sum_per_N,Exposed_L,Exposed_H,Sus_L,Sus_H,Rec_nat_L,Rec_nat_H,Rec_vax_L,Rec_vax_H,vaccinatedH,vaccinatedL,boostedH,boostedL,count_Naive,count_Delta,count_Delta_vaccine,count_two,count_three,count_four,count_Omicron,count_Omicron_star,count_Omicron_star_vaccine,count_Omicron_vaccine,count_Vaccine,count_WT,count_WT_vaccine,count_WT_vaccine_boost,count_Omicron_vaccine_boost,count_Delta_vaccine_boost,count_Omicron_star_vaccine_boost,count_Vaccine_boost
0,2757,1.2320644813454271,99998,7,8,0,0,8,8,0.0001600032000640013,17,17,49974,49974,1,0,0,0,0,0,0,0,99997,0,0,0,0,0,0,0,0,0,0,1,0,0,0,0,0,0
1,2757,2.0516787326494668,99998,10,11,0,0,12,13,0.000250005000100002,13,13,49974,49973,2,2,0,0,0,0,0,0,99994,0,0,0,0,0,0,0,0,0,0,4,0,0,0,0,0,0
2,2757,3.049920354098807,99998,15,12,0,0,20,19,0.00039000780015600314,9,9,49970,49971,5,7,0,0,0,0,0,0,99986,0,0,0,0,0,0,0,0,0,0,12,0,0,0,0,0,0
3,2757,4.069990899698239,99998,14,13,0,0,24,23,0.00047000940018800374,8,6,49967,49970,10,10,0,0,0,0,0,0,99978,0,0,0,0,0,0,0,0,0,0,20,0,0,0,0,0,0
4,2757,5.0953837571616845,99998,11,11,0,0,25,24,0.0004900098001960039,9,7,49965,49968,14,13,0,0,0,0,0,0,99971,0,0,0,0,0,0,0,0,0,0,27,0,0,0,0,0,0
5,2757,6.001050739137867,99998,12,12,0,0,27,27,0.0005400108002160043,8,5,49964,49967,15,15,0,0,0,0,0,0,99968,0,0,0,0,0,0,0,0,0,0,30,0,0,0,0,0,0
6,2757,7.000518223406792,99998,14,8,0,0,30,27,0.0005700114002280045,8,7,49961,49965,16,19,0,0,0,0,0,0,99963,0,0,0,0,0,0,0,0,0,0,35,0,0,0,0,0,0
7,2757,8.030949471431818,99998,13,9,0,0,30,30,0.0006000120002400048,9,7,49960,49962,17,21,0,0,0,0,0,0,99960,0,0,0,0,0,0,0,0,0,0,38,0,0,0,0,0,0
8,2757,9.089476425068405,99998,10,10,0,0,34,33,0.0006700134002680054,7,7,49959,49959,23,23,0,0,0,0,0,0,99951,0,0,0,0,0,0,0,0,0,0,47,0,0,0,0,0,0
9,2757,10.09873611960314,99998,11,10,0,0,36,35,0.0007100142002840057,7,5,49957,49959,24,25,0,0,0,0,0,0,99948,0,0,0,0,0,0,0,0,0,0,50,0,0,0,0,0,0
10,2757,11.018224872617672,99998,10,10,0,0,37,37,0.0007400148002960059,6,3,49957,49959,26,27,0,0,0,0,0,0,99944,0,0,0,0,0,0,0,0,0,0,54,0,0,0,0,0,0
11,2757,12.000049465637845,99998,7,7,0,0,37,37,0.0007400148002960059,7,3,49956,49959,29,30,0,0,0,0,0,0,99938,0,0,0,0,0,0,0,0,0,0,60,0,0,0,0,0,0
12,2757,13.053179224023191,99998,1,1,0,0,38,38,0.0007600152003040061,6,2,49957,49959,35,37,0,0,0,0,0,0,99924,0,0,0,0,0,0,0,0,0,0,74,0,0,0,0,0,0
13,2757,14.164553615075542,99998,3,2,0,0,41,40,0.0008100162003240065,3,0,49957,49959,36,38,0,0,0,0,0,0,99922,0,0,0,0,0,0,0,0,0,0,76,0,0,0,0,0,0
14,2757,15.260919993521165,99998,3,2,0,0,42,40,0.0008200164003280065,2,0,49957,49959,37,38,0,0,0,0,0,0,99921,0,0,0,0,0,0,0,0,0,0,77,0,0,0,0,0,0
15,2757,16.29763320114073,99998,3,1,0,0,42,40,0.0008200164003280065,2,0,49957,49959,37,39,0,0,0,0,0,0,99920,0,0,0,0,0,0,0,0,0,0,78,0,0,0,0,0,0
16,2757,17.058419457596862,99998,2,1,0,0,42,40,0.0008200164003280065,2,0,49957,49960,38,38,0,0,0,0,0,0,99919,0,0,0,0,0,0,0,0,0,0,79,0,0,0,0,0,0
17,2757,18.017832895240367,99998,2,0,0,0,42,40,0.0008200164003280065,2,0,49957,49960,38,39,0,0,0,0,0,0,99918,0,0,0,0,0,0,0,0,0,0,80,0,0,0,0,0,0
18,2757,19.333798297256372,99998,1,0,0,0,42,40,0.0008200164003280065,2,0,49957,49960,39,39,0,0,0,0,0,0,99917,0,0,0,0,0,0,0,0,0,0,81,0,0,0,0,0,0
19,2757,20.012006704713265,99998,1,0,0,0,42,40,0.0008200164003280065,2,0,49957,49960,39,39,0,0,0,0,0,0,99917,0,0,0,0,0,0,0,0,0,0,81,0,0,0,0,0,0
20,2757,21.127685730894658,99998,2,0,0,0,43,40,0.0008300166003320066,1,0,49957,49960,39,39,0,0,0,0,0,0,99917,0,0,0,0,0,0,0,0,0,0,81,0,0,0,0,0,0
21,2757,22.14499699599884,99998,2,0,0,0,43,40,0.0008300166003320066,1,0,49957,49960,39,39,0,0,0,0,0,0,99917,0,0,0,0,0,0,0,0,0,0,81,0,0,0,0,0,0
22,2757,23.162308261103025,99998,2,0,0,0,43,40,0.0008300166003320066,2,0,49956,49960,39,39,0,0,0,0,0,0,99917,0,0,0,0,0,0,0,0,0,0,81,0,0,0,0,0,0
23,2757,24.084995019739946,99998,3,0,0,0,44,40,0.0008400168003360067,2,0,49955,49960,39,39,0,0,0,0,0,0,99917,0,0,0,0,0,0,0,0,0,0,81,0,0,0,0,0,0
24,2757,25.179195354260553,99998,3,0,0,0,45,40,0.0008500170003400068,3,0,49953,49961,40,38,0,0,0,0,0,0,99916,0,0,0,0,0,0,0,0,0,0,82,0,0,0,0,0,0
25,2757,26.12212098418124,99998,2,0,0,0,45,40,0.0008500170003400068,3,0,49954,49961,40,38,0,0,0,0,0,0,99915,0,0,0,0,0,0,0,0,0,0,83,0,0,0,0,0,0
26,2757,27.203610188511384,99998,3,0,0,0,46,40,0.0008600172003440069,2,0,49954,49961,40,38,0,0,0,0,0,0,99915,0,0,0,0,0,0,0,0,0,0,83,0,0,0,0,0,0
27,2757,28.2615581428135,99998,2,0,0,0,47,40,0.000870017400348007,1,0,49954,49961,42,38,0,0,0,0,0,0,99913,0,0,0,0,0,0,0,0,0,0,85,0,0,0,0,0,0
28,2757,29.33584202229274,99998,2,0,0,0,47,40,0.000870017400348007,4,1,49951,49960,42,38,0,0,0,0,0,0,99913,0,0,0,0,0,0,0,0,0,0,85,0,0,0,0,0,0
29,2757,30.01410649654213,99998,3,0,0,0,48,40,0.000880017600352007,3,1,49952,49960,41,38,0,0,0,0,0,0,99913,0,0,0,0,0,0,0,0,0,0,85,0,0,0,0,0,0
30,2757,31.227968797929133,99998,4,0,0,0,49,40,0.0008900178003560072,3,1,49953,49960,39,38,0,0,0,0,0,0,99913,0,0,0,0,0,0,0,0,0,0,85,0,0,0,0,0,0
31,2757,32.092585519966825,99998,6,0,0,0,51,40,0.0009100182003640072,1,1,49953,49960,39,38,0,0,0,0,0,0,99913,0,0,0,0,0,0,0,0,0,0,85,0,0,0,0,0,0
32,2757,33.17522107271598,99998,6,0,0,0,51,40,0.0009100182003640072,1,3,49953,49960,39,36,0,0,0,0,0,0,99913,0,0,0,0,0,0,0,0,0,0,85,0,0,0,0,0,0
33,2757,34.19255487534182,99998,6,0,0,0,51,40,0.0009100182003640072,2,5,49952,49959,39,35,0,0,0,0,0,0,99913,0,0,0,0,0,0,0,0,0,0,85,0,0,0,0,0,0
34,2757,35.33500821935326,99998,6,2,0,0,52,42,0.0009400188003760075,1,3,49952,49959,40,35,0,0,0,0,0,0,99912,0,0,0,0,0,0,0,0,0,0,86,0,0,0,0,0,0
35,2757,36.24060411853981,99998,4,2,0,0,52,42,0.0009400188003760075,2,4,49951,49958,42,35,0,0,0,0,0,0,99910,0,0,0,0,0,0,0,0,0,0,88,0,0,0,0,0,0
36,2757,37.30899969046345,99998,4,3,0,0,52,43,0.0009500190003800076,2,3,49951,49959,42,34,0,0,0,0,0,0,99910,0,0,0,0,0,0,0,0,0,0,88,0,0,0,0,0,0
37,2757,38.134891646291386,99998,4,4,0,0,52,44,0.0009600192003840077,2,2,49951,49959,42,34,0,0,0,0,0,0,99910,0,0,0,0,0,0,0,0,0,0,88,0,0,0,0,0,0
38,2757,39.198271515666775,99998,3,3,0,0,52,44,0.0009600192003840077,2,2,49951,49959,43,35,0,0,0,0,0,0,99908,0,0,0,0,0,0,0,0,0,0,90,0,0,0,0,0,0
39,2757,40.158771648668555,99998,3,3,0,0,53,45,0.0009800196003920078,1,1,49951,49960,44,35,0,0,0,0,0,0,99906,0,0,0,0,0,0,0,0,0,0,92,0,0,0,0,0,0
40,2757,41.02794004579958,99998,1,1,0,0,53,45,0.0009800196003920078,1,1,49951,49960,46,37,0,0,0,0,0,0,99902,0,0,0,0,0,0,0,0,0,0,96,0,0,0,0,0,0
41,2757,42.061337384380685,99998,0,0,0,0,54,46,0.001000020000400008,1,0,49950,49960,48,39,0,0,0,0,0,0,99898,0,0,0,0,0,0,0,0,0,0,100,0,0,0,0,0,0
42,2757,43.0496764842273,99998,0,0,0,0,54,46,0.001000020000400008,1,0,49950,49961,48,38,0,0,0,0,0,0,99898,0,0,0,0,0,0,0,0,0,0,100,0,0,0,0,0,0
43,2757,44.06715296057075,99998,0,0,0,0,54,46,0.001000020000400008,1,0,49950,49961,48,38,0,0,0,0,0,0,99898,0,0,0,0,0,0,0,0,0,0,100,0,0,0,0,0,0
44,2757,45.084629436914206,99998,0,0,0,0,54,46,0.001000020000400008,1,0,49950,49962,48,37,0,0,0,0,0,0,99898,0,0,0,0,0,0,0,0,0,0,100,0,0,0,0,0,0
45,2757,46.102105885335035,99998,0,0,0,0,54,46,0.001000020000400008,1,0,49950,49962,48,37,0,0,0,0,0,0,99898,0,0,0,0,0,0,0,0,0,0,100,0,0,0,0,0,0
46,2757,47.11958231979455,99998,1,0,0,0,55,46,0.001010020200404008,0,0,49950,49962,48,37,0,0,0,0,0,0,99898,0,0,0,0,0,0,0,0,0,0,100,0,0,0,0,0,0
47,2757,48.01254630010007,99998,1,0,0,0,55,46,0.001010020200404008,0,0,49950,49962,48,37,0,0,0,0,0,0,99898,0,0,0,0,0,0,0,0,0,0,100,0,0,0,0,0,0
48,2757,49.03002138828978,99998,0,0,0,0,55,46,0.001010020200404008,0,0,49950,49962,49,37,0,0,0,0,0,0,99897,0,0,0,0,0,0,0,0,0,0,101,0,0,0,0,0,0
49,2757,50.14281400165627,99998,0,0,0,0,55,46,0.001010020200404008,0,0,49950,49962,49,37,0,0,0,0,0,0,99897,0,0,0,0,0,0,0,0,0,0,101,0,0,0,0,0,0
50,2757,51.16030028674215,99998,0,0,0,0,55,46,0.001010020200404008,0,0,49950,49962,49,37,0,0,0,0,0,0,99897,0,0,0,0,0,0,0,0,0,0,101,0,0,0,0,0,0
51,2757,52.17778655786672,99998,0,0,0,0,55,46,0.001010020200404008,0,0,49950,49963,49,36,0,0,0,0,0,0,99897,0,0,0,0,0,0,0,0,0,0,101,0,0,0,0,0,0
52,2757,53.19527280106866,99998,0,0,0,0,55,46,0.001010020200404008,0,0,49950,49963,49,36,0,0,0,0,0,0,99897,0,0,0,0,0,0,0,0,0,0,101,0,0,0,0,0,0
53,2757,54.21275224041385,99998,0,0,0,0,55,46,0.001010020200404008,0,0,49951,49963,48,36,0,0,0,0,0,0,99897,0,0,0,0,0,0,0,0,0,0,101,0,0,0,0,0,0
54,2757,55.230218072045524,99998,0,0,0,0,55,46,0.001010020200404008,0,0,49951,49963,48,36,0,0,0,0,0,0,99897,0,0,0,0,0,0,0,0,0,0,101,0,0,0,0,0,0
55,2757,56.2476839036772,99998,0,0,0,0,55,46,0.001010020200404008,0,0,49951,49963,48,36,0,0,0,0,0,0,99897,0,0,0,0,0,0,0,0,0,0,101,0,0,0,0,0,0
56,2757,57.265149735308874,99998,0,0,0,0,55,46,0.001010020200404008,0,0,49951,49963,48,36,0,0,0,0,0,0,99897,0,0,0,0,0,0,0,0,0,0,101,0,0,0,0,0,0
57,2757,58.28260876335621,99998,0,0,0,0,55,46,0.001010020200404008,0,0,49952,49963,47,36,0,0,0,0,0,0,99897,0,0,0,0,0,0,0,0,0,0,101,0,0,0,0,0,0
58,2757,59.30005418423486,99998,0,0,0,0,55,46,0.001010020200404008,0,0,49952,49963,47,36,0,0,0,0,0,0,99897,0,0,0,0,0,0,0,0,0,0,101,0,0,0,0,0,0
59,2757,60.31749960511351,99998,0,0,0,0,55,46,0.001010020200404008,0,0,49952,49963,47,36,0,0,0,0,0,0,99897,0,0,0,0,0,0,0,0,0,0,101,0,0,0,0,0,0
60,2757,61.334945012031405,99998,0,0,0,0,55,46,0.001010020200404008,0,0,49952,49964,47,35,0,0,0,0,0,0,99897,0,0,0,0,0,0,0,0,0,0,101,0,0,0,0,0,0
61,2757,62.01324193136232,99998,0,0,0,0,55,46,0.001010020200404008,0,0,49952,49964,47,35,0,0,0,0,0,0,99897,0,0,0,0,0,0,0,0,0,0,101,0,0,0,0,0,0
62,2757,63.0306873103587,99998,0,0,0,0,55,46,0.001010020200404008,0,0,49952,49964,47,35,0,0,0,0,0,0,99897,0,0,0,0,0,0,0,0,0,0,101,0,0,0,0,0,0
63,2757,64.04813268935507,99998,0,0,0,0,55,46,0.001010020200404008,0,0,49952,49964,47,35,0,0,0,0,0,0,99897,0,0,0,0,0,0,0,0,0,0,101,0,0,0,0,0,0
64,2757,65.06557806835143,99998,0,0,0,0,55,46,0.001010020200404008,0,0,49952,49964,47,35,0,0,0,0,0,0,99897,0,0,0,0,0,0,0,0,0,0,101,0,0,0,0,0,0
65,2757,66.08301664403614,99998,0,0,0,0,55,46,0.001010020200404008,0,0,49953,49964,46,35,0,0,0,0,0,0,99897,0,0,0,0,0,0,0,0,0,0,101,0,0,0,0,0,0
66,2757,67.10044161309754,99998,0,0,0,0,55,46,0.001010020200404008,0,0,49953,49964,46,35,0,0,0,0,0,0,99897,0,0,0,0,0,0,0,0,0,0,101,0,0,0,0,0,0
67,2757,68.11786658215895,99998,0,0,0,0,55,46,0.001010020200404008,0,0,49953,49964,46,35,0,0,0,0,0,0,99897,0,0,0,0,0,0,0,0,0,0,101,0,0,0,0,0,0
68,2757,69.13529155122036,99998,0,0,0,0,55,46,0.001010020200404008,0,0,49954,49964,45,35,0,0,0,0,0,0,99897,0,0,0,0,0,0,0,0,0,0,101,0,0,0,0,0,0
69,2757,70.15269611143628,99998,0,0,0,0,55,46,0.001010020200404008,0,0,49955,49964,44,35,0,0,0,0,0,0,99897,0,0,0,0,0,0,0,0,0,0,101,0,0,0,0,0,0
70,2757,71.17008026307909,99998,0,0,0,0,55,46,0.001010020200404008,0,0,49955,49964,44,35,0,0,0,0,0,0,99897,0,0,0,0,0,0,0,0,0,0,101,0,0,0,0,0,0
71,2757,72.18746441472189,99998,0,0,0,0,55,46,0.001010020200404008,0,0,49956,49964,43,35,0,0,0,0,0,0,99897,0,0,0,0,0,0,0,0,0,0,101,0,0,0,0,0,0
72,2757,73.20482815888103,99998,0,0,0,0,55,46,0.001010020200404008,0,0,49956,49964,43,35,0,0,0,0,0,0,99897,0,0,0,0,0,0,0,0,0,0,101,0,0,0,0,0,0
73,2757,74.22219190304017,99998,0,0,0,0,55,46,0.001010020200404008,0,0,49956,49964,43,35,0,0,0,0,0,0,99897,0,0,0,0,0,0,0,0,0,0,101,0,0,0,0,0,0
74,2757,75.23955564719931,99998,0,0,0,0,55,46,0.001010020200404008,0,0,49956,49964,43,35,0,0,0,0,0,0,99897,0,0,0,0,0,0,0,0,0,0,101,0,0,0,0,0,0
75,2757,76.25691939135845,99998,0,0,0,0,55,46,0.001010020200404008,0,0,49956,49964,43,35,0,0,0,0,0,0,99897,0,0,0,0,0,0,0,0,0,0,101,0,0,0,0,0,0
76,2757,77.27428313551759,99998,0,0,0,0,55,46,0.001010020200404008,0,0,49956,49964,43,35,0,0,0,0,0,0,99897,0,0,0,0,0,0,0,0,0,0,101,0,0,0,0,0,0
77,2757,78.29164687967673,99998,0,0,0,0,55,46,0.001010020200404008,0,0,49956,49964,43,35,0,0,0,0,0,0,99897,0,0,0,0,0,0,0,0,0,0,101,0,0,0,0,0,0
78,2757,79.30901060987624,99998,0,0,0,0,55,46,0.001010020200404008,0,0,49956,49965,43,34,0,0,0,0,0,0,99897,0,0,0,0,0,0,0,0,0,0,101,0,0,0,0,0,0
79,2757,80.32637431215647,99998,0,0,0,0,55,46,0.001010020200404008,0,0,49956,49965,43,34,0,0,0,0,0,0,99897,0,0,0,0,0,0,0,0,0,0,101,0,0,0,0,0,0
80,2757,81.0046167803433,99998,0,0,0,0,55,46,0.001010020200404008,0,0,49956,49965,43,34,0,0,0,0,0,0,99897,0,0,0,0,0,0,0,0,0,0,101,0,0,0,0,0,0
81,2757,82.02198048262353,99998,0,0,0,0,55,46,0.001010020200404008,0,0,49956,49965,43,34,0,0,0,0,0,0,99897,0,0,0,0,0,0,0,0,0,0,101,0,0,0,0,0,0
82,2757,83.03934418490377,99998,0,0,0,0,55,46,0.001010020200404008,0,0,49956,49965,43,34,0,0,0,0,0,0,99897,0,0,0,0,0,0,0,0,0,0,101,0,0,0,0,0,0
83,2757,84.056707887184,99998,0,0,0,0,55,46,0.001010020200404008,0,0,49956,49965,43,34,0,0,0,0,0,0,99897,0,0,0,0,0,0,0,0,0,0,101,0,0,0,0,0,0
84,2757,85.07407158946424,99998,0,0,0,0,55,46,0.001010020200404008,0,0,49956,49965,43,34,0,0,0,0,0,0,99897,0,0,0,0,0,0,0,0,0,0,101,0,0,0,0,0,0
85,2757,86.09143529174447,99998,0,0,0,0,55,46,0.001010020200404008,0,0,49956,49965,43,34,0,0,0,0,0,0,99897,0,0,0,0,0,0,0,0,0,0,101,0,0,0,0,0,0
86,2757,87.10879899402471,99998,0,0,0,0,55,46,0.001010020200404008,0,0,49957,49965,42,34,0,0,0,0,0,0,99897,0,0,0,0,0,0,0,0,0,0,101,0,0,0,0,0,0
87,2757,88.1261422896391,99998,0,0,0,0,55,46,0.001010020200404008,0,0,49957,49966,42,33,0,0,0,0,0,0,99897,0,0,0,0,0,0,0,0,0,0,101,0,0,0,0,0,0
88,2757,89.1434855433754,99998,0,0,0,0,55,46,0.001010020200404008,0,0,49957,49966,42,33,0,0,0,0,0,0,99897,0,0,0,0,0,0,0,0,0,0,101,0,0,0,0,0,0
89,2757,90.1608287971117,99998,0,0,0,0,55,46,0.001010020200404008,0,0,49957,49966,42,33,0,0,0,0,0,0,99897,0,0,0,0,0,0,0,0,0,0,101,0,0,0,0,0,0
90,2757,91.178172050848,99998,0,0,0,0,55,46,0.001010020200404008,0,0,49957,49966,42,33,0,0,0,0,0,0,99897,0,0,0,0,0,0,0,0,0,0,101,0,0,0,0,0,0
91,2757,92.1955153045843,99998,0,0,0,0,55,46,0.001010020200404008,0,0,49957,49966,42,33,0,0,0,0,0,0,99897,0,0,0,0,0,0,0,0,0,0,101,0,0,0,0,0,0
92,2757,93.2128585583206,99998,0,0,0,0,55,46,0.001010020200404008,0,0,49957,49966,42,33,0,0,0,0,0,0,99897,0,0,0,0,0,0,0,0,0,0,101,0,0,0,0,0,0
93,2757,94.2302018120569,99998,0,0,0,0,55,46,0.001010020200404008,0,0,49957,49966,42,33,0,0,0,0,0,0,99897,0,0,0,0,0,0,0,0,0,0,101,0,0,0,0,0,0
94,2757,95.2475450657932,99998,0,0,0,0,55,46,0.001010020200404008,0,0,49957,49966,42,33,0,0,0,0,0,0,99897,0,0,0,0,0,0,0,0,0,0,101,0,0,0,0,0,0
95,2757,96.26488151758015,99998,0,0,0,0,55,46,0.001010020200404008,0,0,49958,49966,41,33,0,0,0,0,0,0,99897,0,0,0,0,0,0,0,0,0,0,101,0,0,0,0,0,0
96,2757,97.28220436546839,99998,0,0,0,0,55,46,0.001010020200404008,0,0,49959,49966,40,33,0,0,0,0,0,0,99897,0,0,0,0,0,0,0,0,0,0,101,0,0,0,0,0,0
97,2757,98.29951361000253,99998,0,0,0,0,55,46,0.001010020200404008,0,0,49960,49966,39,33,0,0,0,0,0,0,99897,0,0,0,0,0,0,0,0,0,0,101,0,0,0,0,0,0
98,2757,99.3168024500501,99998,0,0,0,0,55,46,0.001010020200404008,0,0,49960,49966,39,33,0,0,0,0,0,0,99897,0,0,0,0,0,0,0,0,0,0,101,0,0,0,0,0,0
99,2757,100.33408448869291,99998,0,0,0,0,55,46,0.001010020200404008,0,0,49960,49966,39,33,0,0,0,0,0,0,99897,0,0,0,0,0,0,0,0,0,0,101,0,0,0,0,0,0
100,2757,101.01227251445478,99998,0,0,0,0,55,46,0.001010020200404008,0,0,49960,49967,39,32,0,0,0,0,0,0,99897,0,0,0,0,0,0,0,0,0,0,101,0,0,0,0,0,0
101,2757,102.029554511222,99998,0,0,0,0,55,46,0.001010020200404008,0,0,49960,49967,39,32,0,0,0,0,0,0,99897,0,0,0,0,0,0,0,0,0,0,101,0,0,0,0,0,0
102,2757,103.04683650798923,99998,0,0,0,0,55,46,0.001010020200404008,0,0,49960,49967,39,32,0,0,0,0,0,0,99897,0,0,0,0,0,0,0,0,0,0,101,0,0,0,0,0,0
103,2757,104.06411850475645,99998,0,0,0,0,55,46,0.001010020200404008,0,0,49960,49967,39,32,0,0,0,0,0,0,99897,0,0,0,0,0,0,0,0,0,0,101,0,0,0,0,0,0
104,2757,105.08140050152367,99998,0,0,0,0,55,46,0.001010020200404008,0,0,49960,49967,39,32,0,0,0,0,0,0,99897,0,0,0,0,0,0,0,0,0,0,101,0,0,0,0,0,0
105,2757,106.09867569715868,99998,0,0,0,0,55,46,0.001010020200404008,0,0,49961,49967,38,32,0,0,0,0,0,0,99897,0,0,0,0,0,0,0,0,0,0,101,0,0,0,0,0,0
106,2757,107.11593729052926,99998,0,0,0,0,55,46,0.001010020200404008,0,0,49961,49967,38,32,0,0,0,0,0,0,99897,0,0,0,0,0,0,0,0,0,0,101,0,0,0,0,0,0
107,2757,108.13319888389984,99998,0,0,0,0,55,46,0.001010020200404008,0,0,49961,49967,38,32,0,0,0,0,0,0,99897,0,0,0,0,0,0,0,0,0,0,101,0,0,0,0,0,0
108,2757,109.15046047727041,99998,0,0,0,0,55,46,0.001010020200404008,0,0,49961,49967,38,32,0,0,0,0,0,0,99897,0,0,0,0,0,0,0,0,0,0,101,0,0,0,0,0,0
109,2757,110.16772207064099,99998,0,0,0,0,55,46,0.001010020200404008,0,0,49961,49967,38,32,0,0,0,0,0,0,99897,0,0,0,0,0,0,0,0,0,0,101,0,0,0,0,0,0
110,2757,111.18498366401157,99998,0,0,0,0,55,46,0.001010020200404008,0,0,49961,49967,38,32,0,0,0,0,0,0,99897,0,0,0,0,0,0,0,0,0,0,101,0,0,0,0,0,0
111,2757,112.20224525738215,99998,0,0,0,0,55,46,0.001010020200404008,0,0,49961,49967,38,32,0,0,0,0,0,0,99897,0,0,0,0,0,0,0,0,0,0,101,0,0,0,0,0,0
112,2757,113.21950685075272,99998,0,0,0,0,55,46,0.001010020200404008,0,0,49961,49968,38,31,0,0,0,0,0,0,99897,0,0,0,0,0,0,0,0,0,0,101,0,0,0,0,0,0
113,2757,114.23676841620681,99998,0,0,0,0,55,46,0.001010020200404008,0,0,49961,49968,38,31,0,0,0,0,0,0,99897,0,0,0,0,0,0,0,0,0,0,101,0,0,0,0,0,0
114,2757,115.25402996770266,99998,0,0,0,0,55,46,0.001010020200404008,0,0,49961,49968,38,31,0,0,0,0,0,0,99897,0,0,0,0,0,0,0,0,0,0,101,0,0,0,0,0,0
115,2757,116.27129151919851,99998,0,0,0,0,55,46,0.001010020200404008,0,0,49961,49968,38,31,0,0,0,0,0,0,99897,0,0,0,0,0,0,0,0,0,0,101,0,0,0,0,0,0
116,2757,117.28854626983468,99998,0,0,0,0,55,46,0.001010020200404008,0,0,49962,49968,37,31,0,0,0,0,0,0,99897,0,0,0,0,0,0,0,0,0,0,101,0,0,0,0,0,0
117,2757,118.30578741875149,99998,0,0,0,0,55,46,0.001010020200404008,0,0,49962,49969,37,30,0,0,0,0,0,0,99897,0,0,0,0,0,0,0,0,0,0,101,0,0,0,0,0,0
118,2757,119.32302853975239,99998,0,0,0,0,55,46,0.001010020200404008,0,0,49962,49969,37,30,0,0,0,0,0,0,99897,0,0,0,0,0,0,0,0,0,0,101,0,0,0,0,0,0
119,2757,120.00118927778101,99998,0,0,0,0,55,46,0.001010020200404008,0,0,49962,49969,37,30,0,0,0,0,0,0,99897,0,0,0,0,0,0,0,0,0,0,101,0,0,0,0,0,0
120,2757,121.01843038482394,99998,0,0,0,0,55,46,0.001010020200404008,0,0,49962,49969,37,30,0,0,0,0,0,0,99897,0,0,0,0,0,0,0,0,0,0,101,0,0,0,0,0,0
121,2757,122.0356646912797,99998,0,0,0,0,55,46,0.001010020200404008,0,0,49963,49969,36,30,0,0,0,0,0,0,99897,0,0,0,0,0,0,0,0,0,0,101,0,0,0,0,0,0
122,2757,123.05288539656112,99998,0,0,0,0,55,46,0.001010020200404008,0,0,49964,49969,35,30,0,0,0,0,0,0,99897,0,0,0,0,0,0,0,0,0,0,101,0,0,0,0,0,0
123,2757,124.07008570089769,99998,0,0,0,0,55,46,0.001010020200404008,0,0,49964,49969,35,30,0,0,0,0,0,0,99897,0,0,0,0,0,0,0,0,0,0,101,0,0,0,0,0,0
124,2757,125.08728600523426,99998,0,0,0,0,55,46,0.001010020200404008,0,0,49964,49969,35,30,0,0,0,0,0,0,99897,0,0,0,0,0,0,0,0,0,0,101,0,0,0,0,0,0
125,2757,126.10448630957083,99998,0,0,0,0,55,46,0.001010020200404008,0,0,49964,49969,35,30,0,0,0,0,0,0,99897,0,0,0,0,0,0,0,0,0,0,101,0,0,0,0,0,0
126,2757,127.1216866139074,99998,0,0,0,0,55,46,0.001010020200404008,0,0,49964,49969,35,30,0,0,0,0,0,0,99897,0,0,0,0,0,0,0,0,0,0,101,0,0,0,0,0,0
127,2757,128.13888691824397,99998,0,0,0,0,55,46,0.001010020200404008,0,0,49964,49969,35,30,0,0,0,0,0,0,99897,0,0,0,0,0,0,0,0,0,0,101,0,0,0,0,0,0
128,2757,129.15608722258054,99998,0,0,0,0,55,46,0.001010020200404008,0,0,49964,49969,35,30,0,0,0,0,0,0,99897,0,0,0,0,0,0,0,0,0,0,101,0,0,0,0,0,0
129,2757,130.1732875269171,99998,0,0,0,0,55,46,0.001010020200404008,0,0,49964,49969,35,30,0,0,0,0,0,0,99897,0,0,0,0,0,0,0,0,0,0,101,0,0,0,0,0,0
130,2757,131.19048783125368,99998,0,0,0,0,55,46,0.001010020200404008,0,0,49964,49969,35,30,0,0,0,0,0,0,99897,0,0,0,0,0,0,0,0,0,0,101,0,0,0,0,0,0
131,2757,132.20768813559025,99998,0,0,0,0,55,46,0.001010020200404008,0,0,49964,49969,35,30,0,0,0,0,0,0,99897,0,0,0,0,0,0,0,0,0,0,101,0,0,0,0,0,0
132,2757,133.22488843992681,99998,0,0,0,0,55,46,0.001010020200404008,0,0,49964,49969,35,30,0,0,0,0,0,0,99897,0,0,0,0,0,0,0,0,0,0,101,0,0,0,0,0,0
133,2757,134.24208874426338,99998,0,0,0,0,55,46,0.001010020200404008,0,0,49964,49969,35,30,0,0,0,0,0,0,99897,0,0,0,0,0,0,0,0,0,0,101,0,0,0,0,0,0
134,2757,135.25928904859995,99998,0,0,0,0,55,46,0.001010020200404008,0,0,49964,49969,35,30,0,0,0,0,0,0,99897,0,0,0,0,0,0,0,0,0,0,101,0,0,0,0,0,0
135,2757,136.27648935293652,99998,0,0,0,0,55,46,0.001010020200404008,0,0,49964,49969,35,30,0,0,0,0,0,0,99897,0,0,0,0,0,0,0,0,0,0,101,0,0,0,0,0,0
136,2757,137.2936896572731,99998,0,0,0,0,55,46,0.001010020200404008,0,0,49964,49969,35,30,0,0,0,0,0,0,99897,0,0,0,0,0,0,0,0,0,0,101,0,0,0,0,0,0
137,2757,138.31088996160966,99998,0,0,0,0,55,46,0.001010020200404008,0,0,49964,49969,35,30,0,0,0,0,0,0,99897,0,0,0,0,0,0,0,0,0,0,101,0,0,0,0,0,0
138,2757,139.32809026594623,99998,0,0,0,0,55,46,0.001010020200404008,0,0,49964,49969,35,30,0,0,0,0,0,0,99897,0,0,0,0,0,0,0,0,0,0,101,0,0,0,0,0,0
139,2757,140.0062238021706,99998,0,0,0,0,55,46,0.001010020200404008,0,0,49964,49969,35,30,0,0,0,0,0,0,99897,0,0,0,0,0,0,0,0,0,0,101,0,0,0,0,0,0
140,2757,141.02342410650718,99998,0,0,0,0,55,46,0.001010020200404008,0,0,49964,49969,35,30,0,0,0,0,0,0,99897,0,0,0,0,0,0,0,0,0,0,101,0,0,0,0,0,0
141,2757,142.04062441084375,99998,0,0,0,0,55,46,0.001010020200404008,0,0,49964,49969,35,30,0,0,0,0,0,0,99897,0,0,0,0,0,0,0,0,0,0,101,0,0,0,0,0,0
142,2757,143.05782471518032,99998,0,0,0,0,55,46,0.001010020200404008,0,0,49964,49969,35,30,0,0,0,0,0,0,99897,0,0,0,0,0,0,0,0,0,0,101,0,0,0,0,0,0
143,2757,144.0750250195169,99998,0,0,0,0,55,46,0.001010020200404008,0,0,49964,49969,35,30,0,0,0,0,0,0,99897,0,0,0,0,0,0,0,0,0,0,101,0,0,0,0,0,0
144,2757,145.09222532385346,99998,0,0,0,0,55,46,0.001010020200404008,0,0,49964,49969,35,30,0,0,0,0,0,0,99897,0,0,0,0,0,0,0,0,0,0,101,0,0,0,0,0,0
145,2757,146.10942562819002,99998,0,0,0,0,55,46,0.001010020200404008,0,0,49965,49969,34,30,0,0,0,0,0,0,99897,0,0,0,0,0,0,0,0,0,0,101,0,0,0,0,0,0
146,2757,147.12660553239837,99998,0,0,0,0,55,46,0.001010020200404008,0,0,49965,49969,34,30,0,0,0,0,0,0,99897,0,0,0,0,0,0,0,0,0,0,101,0,0,0,0,0,0
147,2757,148.14377863683615,99998,0,0,0,0,55,46,0.001010020200404008,0,0,49966,49969,33,30,0,0,0,0,0,0,99897,0,0,0,0,0,0,0,0,0,0,101,0,0,0,0,0,0
148,2757,149.16093814173277,99998,0,0,0,0,55,46,0.001010020200404008,0,0,49966,49969,33,30,0,0,0,0,0,0,99897,0,0,0,0,0,0,0,0,0,0,101,0,0,0,0,0,0
149,2757,150.1780976466294,99998,0,0,0,0,55,46,0.001010020200404008,0,0,49966,49969,33,30,0,0,0,0,0,0,99897,0,0,0,0,0,0,0,0,0,0,101,0,0,0,0,0,0
150,2757,151.19525715152602,99998,0,0,0,0,55,46,0.001010020200404008,0,0,49966,49969,33,30,0,0,0,0,0,0,99897,0,0,0,0,0,0,0,0,0,0,101,0,0,0,0,0,0
151,2757,152.21241665642265,99998,0,0,0,0,55,46,0.001010020200404008,0,0,49966,49969,33,30,0,0,0,0,0,0,99897,0,0,0,0,0,0,0,0,0,0,101,0,0,0,0,0,0
152,2757,153.22957616131927,99998,0,0,0,0,55,46,0.001010020200404008,0,0,49966,49969,33,30,0,0,0,0,0,0,99897,0,0,0,0,0,0,0,0,0,0,101,0,0,0,0,0,0
153,2757,154.2467356662159,99998,0,0,0,0,55,46,0.001010020200404008,0,0,49966,49969,33,30,0,0,0,0,0,0,99897,0,0,0,0,0,0,0,0,0,0,101,0,0,0,0,0,0
154,2757,155.26389517111252,99998,0,0,0,0,55,46,0.001010020200404008,0,0,49966,49969,33,30,0,0,0,0,0,0,99897,0,0,0,0,0,0,0,0,0,0,101,0,0,0,0,0,0
155,2757,156.28105467600915,99998,0,0,0,0,55,46,0.001010020200404008,0,0,49966,49969,33,30,0,0,0,0,0,0,99897,0,0,0,0,0,0,0,0,0,0,101,0,0,0,0,0,0
156,2757,157.29821418090577,99998,0,0,0,0,55,46,0.001010020200404008,0,0,49966,49969,33,30,0,0,0,0,0,0,99897,0,0,0,0,0,0,0,0,0,0,101,0,0,0,0,0,0
157,2757,158.3153736858024,99998,0,0,0,0,55,46,0.001010020200404008,0,0,49966,49969,33,30,0,0,0,0,0,0,99897,0,0,0,0,0,0,0,0,0,0,101,0,0,0,0,0,0
158,2757,159.33253319069902,99998,0,0,0,0,55,46,0.001010020200404008,0,0,49966,49969,33,30,0,0,0,0,0,0,99897,0,0,0,0,0,0,0,0,0,0,101,0,0,0,0,0,0
159,2757,160.01063952729677,99998,0,0,0,0,55,46,0.001010020200404008,0,0,49966,49969,33,30,0,0,0,0,0,0,99897,0,0,0,0,0,0,0,0,0,0,101,0,0,0,0,0,0
160,2757,161.0277990321934,99998,0,0,0,0,55,46,0.001010020200404008,0,0,49966,49970,33,29,0,0,0,0,0,0,99897,0,0,0,0,0,0,0,0,0,0,101,0,0,0,0,0,0
161,2757,162.04495849521948,99998,0,0,0,0,55,46,0.001010020200404008,0,0,49966,49970,33,29,0,0,0,0,0,0,99897,0,0,0,0,0,0,0,0,0,0,101,0,0,0,0,0,0
162,2757,163.0621179442887,99998,0,0,0,0,55,46,0.001010020200404008,0,0,49966,49972,33,27,0,0,0,0,0,0,99897,0,0,0,0,0,0,0,0,0,0,101,0,0,0,0,0,0
163,2757,164.07927732357376,99998,0,0,0,0,55,46,0.001010020200404008,0,0,49966,49972,33,27,0,0,0,0,0,0,99897,0,0,0,0,0,0,0,0,0,0,101,0,0,0,0,0,0
164,2757,165.09643670285882,99998,0,0,0,0,55,46,0.001010020200404008,0,0,49966,49972,33,27,0,0,0,0,0,0,99897,0,0,0,0,0,0,0,0,0,0,101,0,0,0,0,0,0
165,2757,166.11359608214389,99998,0,0,0,0,55,46,0.001010020200404008,0,0,49966,49972,33,27,0,0,0,0,0,0,99897,0,0,0,0,0,0,0,0,0,0,101,0,0,0,0,0,0
166,2757,167.13075546142895,99998,0,0,0,0,55,46,0.001010020200404008,0,0,49966,49972,33,27,0,0,0,0,0,0,99897,0,0,0,0,0,0,0,0,0,0,101,0,0,0,0,0,0
167,2757,168.147914840714,99998,0,0,0,0,55,46,0.001010020200404008,0,0,49966,49972,33,27,0,0,0,0,0,0,99897,0,0,0,0,0,0,0,0,0,0,101,0,0,0,0,0,0
168,2757,169.16507421999907,99998,0,0,0,0,55,46,0.001010020200404008,0,0,49966,49972,33,27,0,0,0,0,0,0,99897,0,0,0,0,0,0,0,0,0,0,101,0,0,0,0,0,0
169,2757,170.18223359928413,99998,0,0,0,0,55,46,0.001010020200404008,0,0,49966,49972,33,27,0,0,0,0,0,0,99897,0,0,0,0,0,0,0,0,0,0,101,0,0,0,0,0,0
170,2757,171.1993929785692,99998,0,0,0,0,55,46,0.001010020200404008,0,0,49966,49972,33,27,0,0,0,0,0,0,99897,0,0,0,0,0,0,0,0,0,0,101,0,0,0,0,0,0
171,2757,172.21655235785425,99998,0,0,0,0,55,46,0.001010020200404008,0,0,49966,49972,33,27,0,0,0,0,0,0,99897,0,0,0,0,0,0,0,0,0,0,101,0,0,0,0,0,0
172,2757,173.23371173713932,99998,0,0,0,0,55,46,0.001010020200404008,0,0,49966,49972,33,27,0,0,0,0,0,0,99897,0,0,0,0,0,0,0,0,0,0,101,0,0,0,0,0,0
173,2757,174.25087111642438,99998,0,0,0,0,55,46,0.001010020200404008,0,0,49966,49972,33,27,0,0,0,0,0,0,99897,0,0,0,0,0,0,0,0,0,0,101,0,0,0,0,0,0
174,2757,175.26803049570944,99998,0,0,0,0,55,46,0.001010020200404008,0,0,49966,49972,33,27,0,0,0,0,0,0,99897,0,0,0,0,0,0,0,0,0,0,101,0,0,0,0,0,0
175,2757,176.2851898749945,99998,0,0,0,0,55,46,0.001010020200404008,0,0,49966,49972,33,27,0,0,0,0,0,0,99897,0,0,0,0,0,0,0,0,0,0,101,0,0,0,0,0,0
176,2757,177.30234925427956,99998,0,0,0,0,55,46,0.001010020200404008,0,0,49966,49972,33,27,0,0,0,0,0,0,99897,0,0,0,0,0,0,0,0,0,0,101,0,0,0,0,0,0
177,2757,178.31950863356462,99998,0,0,0,0,55,46,0.001010020200404008,0,0,49966,49972,33,27,0,0,0,0,0,0,99897,0,0,0,0,0,0,0,0,0,0,101,0,0,0,0,0,0
178,2757,179.33666801284969,99998,0,0,0,0,55,46,0.001010020200404008,0,0,49966,49973,33,26,0,0,0,0,0,0,99897,0,0,0,0,0,0,0,0,0,0,101,0,0,0,0,0,0
179,2757,180.01477425174954,99998,0,0,0,0,55,46,0.001010020200404008,0,0,49966,49973,33,26,0,0,0,0,0,0,99897,0,0,0,0,0,0,0,0,0,0,101,0,0,0,0,0,0
180,2757,181.03193358916405,99998,0,0,0,0,55,46,0.001010020200404008,0,0,49966,49973,33,26,0,0,0,0,0,0,99897,0,0,0,0,0,0,0,0,0,0,101,0,0,0,0,0,0
181,2757,182.04909292657857,99998,0,0,0,0,55,46,0.001010020200404008,0,0,49966,49973,33,26,0,0,0,0,0,0,99897,0,0,0,0,0,0,0,0,0,0,101,0,0,0,0,0,0
182,2757,183.06625226399308,99998,0,0,0,0,55,46,0.001010020200404008,0,0,49966,49974,33,25,0,0,0,0,0,0,99897,0,0,0,0,0,0,0,0,0,0,101,0,0,0,0,0,0
183,2757,184.0834115734939,99998,0,0,0,0,55,46,0.001010020200404008,0,0,49966,49974,33,25,0,0,0,0,0,0,99897,0,0,0,0,0,0,0,0,0,0,101,0,0,0,0,0,0
184,2757,185.10057086903785,99998,0,0,0,0,55,46,0.001010020200404008,0,0,49966,49974,33,25,0,0,0,0,0,0,99897,0,0,0,0,0,0,0,0,0,0,101,0,0,0,0,0,0
185,2757,186.11773016458181,99998,0,0,0,0,55,46,0.001010020200404008,0,0,49966,49974,33,25,0,0,0,0,0,0,99897,0,0,0,0,0,0,0,0,0,0,101,0,0,0,0,0,0
186,2757,187.13488946012578,99998,0,0,0,0,55,46,0.001010020200404008,0,0,49966,49974,33,25,0,0,0,0,0,0,99897,0,0,0,0,0,0,0,0,0,0,101,0,0,0,0,0,0
187,2757,188.15204875566974,99998,0,0,0,0,55,46,0.001010020200404008,0,0,49966,49974,33,25,0,0,0,0,0,0,99897,0,0,0,0,0,0,0,0,0,0,101,0,0,0,0,0,0
188,2757,189.16920125171671,99998,0,0,0,0,55,46,0.001010020200404008,0,0,49967,49974,32,25,0,0,0,0,0,0,99897,0,0,0,0,0,0,0,0,0,0,101,0,0,0,0,0,0
189,2757,190.18634014876972,99998,0,0,0,0,55,46,0.001010020200404008,0,0,49967,49974,32,25,0,0,0,0,0,0,99897,0,0,0,0,0,0,0,0,0,0,101,0,0,0,0,0,0
190,2757,191.20347904582272,99998,0,0,0,0,55,46,0.001010020200404008,0,0,49967,49974,32,25,0,0,0,0,0,0,99897,0,0,0,0,0,0,0,0,0,0,101,0,0,0,0,0,0
191,2757,192.22061794287572,99998,0,0,0,0,55,46,0.001010020200404008,0,0,49967,49974,32,25,0,0,0,0,0,0,99897,0,0,0,0,0,0,0,0,0,0,101,0,0,0,0,0,0
192,2757,193.23775683992872,99998,0,0,0,0,55,46,0.001010020200404008,0,0,49967,49974,32,25,0,0,0,0,0,0,99897,0,0,0,0,0,0,0,0,0,0,101,0,0,0,0,0,0
193,2757,194.25488893775687,99998,0,0,0,0,55,46,0.001010020200404008,0,0,49968,49974,31,25,0,0,0,0,0,0,99897,0,0,0,0,0,0,0,0,0,0,101,0,0,0,0,0,0
194,2757,195.27200743713533,99998,0,0,0,0,55,46,0.001010020200404008,0,0,49968,49974,31,25,0,0,0,0,0,0,99897,0,0,0,0,0,0,0,0,0,0,101,0,0,0,0,0,0
195,2757,196.28912593651378,99998,0,0,0,0,55,46,0.001010020200404008,0,0,49968,49974,31,25,0,0,0,0,0,0,99897,0,0,0,0,0,0,0,0,0,0,101,0,0,0,0,0,0
196,2757,197.30624443589224,99998,0,0,0,0,55,46,0.001010020200404008,0,0,49968,49974,31,25,0,0,0,0,0,0,99897,0,0,0,0,0,0,0,0,0,0,101,0,0,0,0,0,0
197,2757,198.3233629352707,99998,0,0,0,0,55,46,0.001010020200404008,0,0,49968,49974,31,25,0,0,0,0,0,0,99897,0,0,0,0,0,0,0,0,0,0,101,0,0,0,0,0,0
198,2757,199.00144193485633,99998,0,0,0,0,55,46,0.001010020200404008,0,0,49968,49974,31,25,0,0,0,0,0,0,99897,0,0,0,0,0,0,0,0,0,0,101,0,0,0,0,0,0
199,2757,200.0185604342348,99998,0,0,0,0,55,46,0.001010020200404008,0,0,49968,49974,31,25,0,0,0,0,0,0,99897,0,0,0,0,0,0,0,0,0,0,101,0,0,0,0,0,0
200,2757,201.03567893361324,99998,0,0,0,0,55,46,0.001010020200404008,0,0,49968,49974,31,25,0,0,0,0,0,0,99897,0,0,0,0,0,0,0,0,0,0,101,0,0,0,0,0,0
201,2757,202.0527974329917,99998,0,0,0,0,55,46,0.001010020200404008,0,0,49968,49974,31,25,0,0,0,0,0,0,99897,0,0,0,0,0,0,0,0,0,0,101,0,0,0,0,0,0
202,2757,203.06991593237015,99998,0,0,0,0,55,46,0.001010020200404008,0,0,49968,49974,31,25,0,0,0,0,0,0,99897,0,0,0,0,0,0,0,0,0,0,101,0,0,0,0,0,0
203,2757,204.0870344317486,99998,0,0,0,0,55,46,0.001010020200404008,0,0,49968,49975,31,24,0,0,0,0,0,0,99897,0,0,0,0,0,0,0,0,0,0,101,0,0,0,0,0,0
204,2757,205.10415288925822,99998,0,0,0,0,55,46,0.001010020200404008,0,0,49968,49975,31,24,0,0,0,0,0,0,99897,0,0,0,0,0,0,0,0,0,0,101,0,0,0,0,0,0
205,2757,206.12127134676783,99998,0,0,0,0,55,46,0.001010020200404008,0,0,49968,49975,31,24,0,0,0,0,0,0,99897,0,0,0,0,0,0,0,0,0,0,101,0,0,0,0,0,0
206,2757,207.13838980427744,99998,0,0,0,0,55,46,0.001010020200404008,0,0,49968,49975,31,24,0,0,0,0,0,0,99897,0,0,0,0,0,0,0,0,0,0,101,0,0,0,0,0,0
207,2757,208.15550826178705,99998,0,0,0,0,55,46,0.001010020200404008,0,0,49968,49975,31,24,0,0,0,0,0,0,99897,0,0,0,0,0,0,0,0,0,0,101,0,0,0,0,0,0
208,2757,209.17262671929666,99998,0,0,0,0,55,46,0.001010020200404008,0,0,49968,49975,31,24,0,0,0,0,0,0,99897,0,0,0,0,0,0,0,0,0,0,101,0,0,0,0,0,0
209,2757,210.18974517680627,99998,0,0,0,0,55,46,0.001010020200404008,0,0,49968,49975,31,24,0,0,0,0,0,0,99897,0,0,0,0,0,0,0,0,0,0,101,0,0,0,0,0,0
210,2757,211.20686363431588,99998,0,0,0,0,55,46,0.001010020200404008,0,0,49968,49975,31,24,0,0,0,0,0,0,99897,0,0,0,0,0,0,0,0,0,0,101,0,0,0,0,0,0
211,2757,212.2239820918255,99998,0,0,0,0,55,46,0.001010020200404008,0,0,49968,49975,31,24,0,0,0,0,0,0,99897,0,0,0,0,0,0,0,0,0,0,101,0,0,0,0,0,0
212,2757,213.2411005493351,99998,0,0,0,0,55,46,0.001010020200404008,0,0,49969,49975,30,24,0,0,0,0,0,0,99897,0,0,0,0,0,0,0,0,0,0,101,0,0,0,0,0,0
213,2757,214.25819860998743,99998,0,0,0,0,55,46,0.001010020200404008,0,0,49969,49975,30,24,0,0,0,0,0,0,99897,0,0,0,0,0,0,0,0,0,0,101,0,0,0,0,0,0
214,2757,215.27529667063976,99998,0,0,0,0,55,46,0.001010020200404008,0,0,49969,49975,30,24,0,0,0,0,0,0,99897,0,0,0,0,0,0,0,0,0,0,101,0,0,0,0,0,0
215,2757,216.29238793261177,99998,0,0,0,0,55,46,0.001010020200404008,0,0,49970,49975,29,24,0,0,0,0,0,0,99897,0,0,0,0,0,0,0,0,0,0,101,0,0,0,0,0,0
216,2757,217.30946559722315,99998,0,0,0,0,55,46,0.001010020200404008,0,0,49970,49975,29,24,0,0,0,0,0,0,99897,0,0,0,0,0,0,0,0,0,0,101,0,0,0,0,0,0
217,2757,218.32654326183453,99998,0,0,0,0,55,46,0.001010020200404008,0,0,49971,49975,28,24,0,0,0,0,0,0,99897,0,0,0,0,0,0,0,0,0,0,101,0,0,0,0,0,0
218,2757,219.00458823983394,99998,0,0,0,0,55,46,0.001010020200404008,0,0,49971,49975,28,24,0,0,0,0,0,0,99897,0,0,0,0,0,0,0,0,0,0,101,0,0,0,0,0,0
219,2757,220.02164550922078,99998,0,0,0,0,55,46,0.001010020200404008,0,0,49971,49975,28,24,0,0,0,0,0,0,99897,0,0,0,0,0,0,0,0,0,0,101,0,0,0,0,0,0
220,2757,221.03870277860761,99998,0,0,0,0,55,46,0.001010020200404008,0,0,49971,49975,28,24,0,0,0,0,0,0,99897,0,0,0,0,0,0,0,0,0,0,101,0,0,0,0,0,0
221,2757,222.05576004799445,99998,0,0,0,0,55,46,0.001010020200404008,0,0,49971,49975,28,24,0,0,0,0,0,0,99897,0,0,0,0,0,0,0,0,0,0,101,0,0,0,0,0,0
222,2757,223.0728173173813,99998,0,0,0,0,55,46,0.001010020200404008,0,0,49971,49975,28,24,0,0,0,0,0,0,99897,0,0,0,0,0,0,0,0,0,0,101,0,0,0,0,0,0
223,2757,224.08987458676813,99998,0,0,0,0,55,46,0.001010020200404008,0,0,49971,49975,28,24,0,0,0,0,0,0,99897,0,0,0,0,0,0,0,0,0,0,101,0,0,0,0,0,0
224,2757,225.10693185615497,99998,0,0,0,0,55,46,0.001010020200404008,0,0,49971,49975,28,24,0,0,0,0,0,0,99897,0,0,0,0,0,0,0,0,0,0,101,0,0,0,0,0,0
225,2757,226.1239891255418,99998,0,0,0,0,55,46,0.001010020200404008,0,0,49971,49975,28,24,0,0,0,0,0,0,99897,0,0,0,0,0,0,0,0,0,0,101,0,0,0,0,0,0
226,2757,227.14104639492865,99998,0,0,0,0,55,46,0.001010020200404008,0,0,49971,49975,28,24,0,0,0,0,0,0,99897,0,0,0,0,0,0,0,0,0,0,101,0,0,0,0,0,0
227,2757,228.1581036643155,99998,0,0,0,0,55,46,0.001010020200404008,0,0,49971,49975,28,24,0,0,0,0,0,0,99897,0,0,0,0,0,0,0,0,0,0,101,0,0,0,0,0,0
228,2757,229.17516093370233,99998,0,0,0,0,55,46,0.001010020200404008,0,0,49971,49975,28,24,0,0,0,0,0,0,99897,0,0,0,0,0,0,0,0,0,0,101,0,0,0,0,0,0
229,2757,230.19221820308917,99998,0,0,0,0,55,46,0.001010020200404008,0,0,49971,49975,28,24,0,0,0,0,0,0,99897,0,0,0,0,0,0,0,0,0,0,101,0,0,0,0,0,0
230,2757,231.209275472476,99998,0,0,0,0,55,46,0.001010020200404008,0,0,49971,49975,28,24,0,0,0,0,0,0,99897,0,0,0,0,0,0,0,0,0,0,101,0,0,0,0,0,0
231,2757,232.22633274186285,99998,0,0,0,0,55,46,0.001010020200404008,0,0,49971,49975,28,24,0,0,0,0,0,0,99897,0,0,0,0,0,0,0,0,0,0,101,0,0,0,0,0,0
232,2757,233.2433900112497,99998,0,0,0,0,55,46,0.001010020200404008,0,0,49971,49975,28,24,0,0,0,0,0,0,99897,0,0,0,0,0,0,0,0,0,0,101,0,0,0,0,0,0
233,2757,234.26044728063653,99998,0,0,0,0,55,46,0.001010020200404008,0,0,49971,49975,28,24,0,0,0,0,0,0,99897,0,0,0,0,0,0,0,0,0,0,101,0,0,0,0,0,0
234,2757,235.27750455002337,99998,0,0,0,0,55,46,0.001010020200404008,0,0,49971,49975,28,24,0,0,0,0,0,0,99897,0,0,0,0,0,0,0,0,0,0,101,0,0,0,0,0,0
235,2757,236.2945618194102,99998,0,0,0,0,55,46,0.001010020200404008,0,0,49971,49975,28,24,0,0,0,0,0,0,99897,0,0,0,0,0,0,0,0,0,0,101,0,0,0,0,0,0
236,2757,237.31161908879704,99998,0,0,0,0,55,46,0.001010020200404008,0,0,49971,49975,28,24,0,0,0,0,0,0,99897,0,0,0,0,0,0,0,0,0,0,101,0,0,0,0,0,0
237,2757,238.32867635818388,99998,0,0,0,0,55,46,0.001010020200404008,0,0,49972,49975,27,24,0,0,0,0,0,0,99897,0,0,0,0,0,0,0,0,0,0,101,0,0,0,0,0,0
238,2757,239.0067009415029,99998,0,0,0,0,55,46,0.001010020200404008,0,0,49972,49975,27,24,0,0,0,0,0,0,99897,0,0,0,0,0,0,0,0,0,0,101,0,0,0,0,0,0
239,2757,240.02373781648146,99998,0,0,0,0,55,46,0.001010020200404008,0,0,49972,49975,27,24,0,0,0,0,0,0,99897,0,0,0,0,0,0,0,0,0,0,101,0,0,0,0,0,0
240,2757,241.04077469146,99998,0,0,0,0,55,46,0.001010020200404008,0,0,49972,49975,27,24,0,0,0,0,0,0,99897,0,0,0,0,0,0,0,0,0,0,101,0,0,0,0,0,0
241,2757,242.05781156643855,99998,0,0,0,0,55,46,0.001010020200404008,0,0,49972,49976,27,23,0,0,0,0,0,0,99897,0,0,0,0,0,0,0,0,0,0,101,0,0,0,0,0,0
242,2757,243.07484839955157,99998,0,0,0,0,55,46,0.001010020200404008,0,0,49972,49977,27,22,0,0,0,0,0,0,99897,0,0,0,0,0,0,0,0,0,0,101,0,0,0,0,0,0
243,2757,244.0918851768439,99998,0,0,0,0,55,46,0.001010020200404008,0,0,49972,49978,27,21,0,0,0,0,0,0,99897,0,0,0,0,0,0,0,0,0,0,101,0,0,0,0,0,0
244,2757,245.1089151283627,99998,0,0,0,0,55,46,0.001010020200404008,0,0,49973,49978,26,21,0,0,0,0,0,0,99897,0,0,0,0,0,0,0,0,0,0,101,0,0,0,0,0,0
245,2757,246.1259314841551,99998,0,0,0,0,55,46,0.001010020200404008,0,0,49973,49978,26,21,0,0,0,0,0,0,99897,0,0,0,0,0,0,0,0,0,0,101,0,0,0,0,0,0
246,2757,247.1429478399475,99998,0,0,0,0,55,46,0.001010020200404008,0,0,49973,49978,26,21,0,0,0,0,0,0,99897,0,0,0,0,0,0,0,0,0,0,101,0,0,0,0,0,0
247,2757,248.15996419573992,99998,0,0,0,0,55,46,0.001010020200404008,0,0,49973,49978,26,21,0,0,0,0,0,0,99897,0,0,0,0,0,0,0,0,0,0,101,0,0,0,0,0,0
248,2757,249.17698055153232,99998,0,0,0,0,55,46,0.001010020200404008,0,0,49973,49978,26,21,0,0,0,0,0,0,99897,0,0,0,0,0,0,0,0,0,0,101,0,0,0,0,0,0
249,2757,250.19399690732473,99998,0,0,0,0,55,46,0.001010020200404008,0,0,49974,49978,25,21,0,0,0,0,0,0,99897,0,0,0,0,0,0,0,0,0,0,101,0,0,0,0,0,0
250,2757,251.21099966793486,99998,0,0,0,0,55,46,0.001010020200404008,0,0,49974,49978,25,21,0,0,0,0,0,0,99897,0,0,0,0,0,0,0,0,0,0,101,0,0,0,0,0,0
251,2757,252.22799563095384,99998,0,0,0,0,55,46,0.001010020200404008,0,0,49974,49978,25,21,0,0,0,0,0,0,99897,0,0,0,0,0,0,0,0,0,0,101,0,0,0,0,0,0
252,2757,253.24499159397283,99998,0,0,0,0,55,46,0.001010020200404008,0,0,49975,49978,24,21,0,0,0,0,0,0,99897,0,0,0,0,0,0,0,0,0,0,101,0,0,0,0,0,0
253,2757,254.26197396235358,99998,0,0,0,0,55,46,0.001010020200404008,0,0,49975,49978,24,21,0,0,0,0,0,0,99897,0,0,0,0,0,0,0,0,0,0,101,0,0,0,0,0,0
254,2757,255.27894953341522,99998,0,0,0,0,55,46,0.001010020200404008,0,0,49975,49978,24,21,0,0,0,0,0,0,99897,0,0,0,0,0,0,0,0,0,0,101,0,0,0,0,0,0
255,2757,256.29592510447685,99998,0,0,0,0,55,46,0.001010020200404008,0,0,49975,49978,24,21,0,0,0,0,0,0,99897,0,0,0,0,0,0,0,0,0,0,101,0,0,0,0,0,0
256,2757,257.3129006755386,99998,0,0,0,0,55,46,0.001010020200404008,0,0,49975,49978,24,21,0,0,0,0,0,0,99897,0,0,0,0,0,0,0,0,0,0,101,0,0,0,0,0,0
257,2757,258.3298762466003,99998,0,0,0,0,55,46,0.001010020200404008,0,0,49975,49978,24,21,0,0,0,0,0,0,99897,0,0,0,0,0,0,0,0,0,0,101,0,0,0,0,0,0
258,2757,259.00785996064144,99998,0,0,0,0,55,46,0.001010020200404008,0,0,49975,49978,24,21,0,0,0,0,0,0,99897,0,0,0,0,0,0,0,0,0,0,101,0,0,0,0,0,0
259,2757,260.02483553170316,99998,0,0,0,0,55,46,0.001010020200404008,0,0,49975,49978,24,21,0,0,0,0,0,0,99897,0,0,0,0,0,0,0,0,0,0,101,0,0,0,0,0,0
260,2757,261.0418111027649,99998,0,0,0,0,55,46,0.001010020200404008,0,0,49975,49978,24,21,0,0,0,0,0,0,99897,0,0,0,0,0,0,0,0,0,0,101,0,0,0,0,0,0
261,2757,262.0587866738266,99998,0,0,0,0,55,46,0.001010020200404008,0,0,49975,49978,24,21,0,0,0,0,0,0,99897,0,0,0,0,0,0,0,0,0,0,101,0,0,0,0,0,0
262,2757,263.0757622448883,99998,0,0,0,0,55,46,0.001010020200404008,0,0,49975,49978,24,21,0,0,0,0,0,0,99897,0,0,0,0,0,0,0,0,0,0,101,0,0,0,0,0,0
263,2757,264.09273781595004,99998,0,0,0,0,55,46,0.001010020200404008,0,0,49975,49978,24,21,0,0,0,0,0,0,99897,0,0,0,0,0,0,0,0,0,0,101,0,0,0,0,0,0
264,2757,265.0720030539563,99998,0,0,0,0,55,46,0.001010020200404008,0,0,49975,49980,24,19,0,0,0,0,0,0,99897,0,0,0,0,0,0,0,0,0,0,101,0,0,0,0,0,0
265,2757,266.00385609759104,99998,0,0,0,0,55,46,0.001010020200404008,0,0,49975,49980,24,19,0,0,0,0,0,0,99897,0,0,0,0,0,0,0,0,0,0,101,0,0,0,0,0,0
266,2757,267.0372828297171,99998,0,0,0,0,55,46,0.001010020200404008,0,0,49976,49980,23,19,0,0,0,0,0,0,99897,0,0,0,0,0,0,0,0,0,0,101,0,0,0,0,0,0
267,2757,268.1016088128416,99998,0,0,0,0,55,46,0.001010020200404008,0,0,49977,49980,22,19,0,0,0,0,0,0,99897,0,0,0,0,0,0,0,0,0,0,101,0,0,0,0,0,0
268,2757,269.028353725514,99998,0,0,0,0,55,46,0.001010020200404008,0,0,49977,49980,22,19,0,0,0,0,0,0,99897,0,0,0,0,0,0,0,0,0,0,101,0,0,0,0,0,0
269,2757,270.01107145496843,99998,0,0,0,0,55,46,0.001010020200404008,0,0,49977,49980,22,19,0,0,0,0,0,0,99897,0,0,0,0,0,0,0,0,0,0,101,0,0,0,0,0,0
270,2757,271.0428795980761,99998,0,0,0,0,55,46,0.001010020200404008,0,0,49977,49980,22,19,0,0,0,0,0,0,99897,0,0,0,0,0,0,0,0,0,0,101,0,0,0,0,0,0
271,2757,272.0056999042887,99998,0,0,0,0,55,46,0.001010020200404008,0,0,49977,49980,22,19,0,0,0,0,0,0,99897,0,0,0,0,0,0,0,0,0,0,101,0,0,0,0,0,0
272,2757,273.18717222269424,99998,0,0,0,0,55,46,0.001010020200404008,0,0,49977,49980,22,19,0,0,0,0,0,0,99897,0,0,0,0,0,0,0,0,0,0,101,0,0,0,0,0,0
273,2757,274.0042699920821,99998,0,0,0,0,55,46,0.001010020200404008,0,0,49977,49980,22,19,0,0,0,0,0,0,99897,0,0,0,0,0,0,0,0,0,0,101,0,0,0,0,0,0
274,2757,275.00393844434194,99998,0,0,0,0,55,46,0.001010020200404008,0,0,49977,49980,22,19,0,0,0,0,0,0,99897,0,0,0,0,0,0,0,0,0,0,101,0,0,0,0,0,0
275,2757,276.2143171002408,99998,0,0,0,0,55,46,0.001010020200404008,0,0,49977,49980,22,19,0,0,0,0,0,0,99897,0,0,0,0,0,0,0,0,0,0,101,0,0,0,0,0,0
276,2757,277.0859087969228,99998,0,0,0,0,55,46,0.001010020200404008,0,0,49977,49980,22,19,0,0,0,0,0,0,99897,0,0,0,0,0,0,0,0,0,0,101,0,0,0,0,0,0
277,2757,278.02378863142326,99998,0,0,0,0,55,46,0.001010020200404008,0,0,49977,49980,22,19,0,0,0,0,0,0,99897,0,0,0,0,0,0,0,0,0,0,101,0,0,0,0,0,0
278,2757,279.20096932492766,99998,0,0,0,0,55,46,0.001010020200404008,0,0,49977,49980,22,19,0,0,0,0,0,0,99897,0,0,0,0,0,0,0,0,0,0,101,0,0,0,0,0,0
279,2757,280.02067836647535,99998,0,0,0,0,55,46,0.001010020200404008,0,0,49977,49980,22,19,0,0,0,0,0,0,99897,0,0,0,0,0,0,0,0,0,0,101,0,0,0,0,0,0
280,2757,281.0337490283457,99998,0,0,0,0,55,46,0.001010020200404008,0,0,49977,49980,22,19,0,0,0,0,0,0,99897,0,0,0,0,0,0,0,0,0,0,101,0,0,0,0,0,0
281,2757,282.02562088823777,99998,0,0,0,0,55,46,0.001010020200404008,0,0,49977,49980,22,19,0,0,0,0,0,0,99897,0,0,0,0,0,0,0,0,0,0,101,0,0,0,0,0,0
282,2757,283.0291795291922,99998,0,0,0,0,55,46,0.001010020200404008,0,0,49977,49981,22,18,0,0,0,0,0,0,99897,0,0,0,0,0,0,0,0,0,0,101,0,0,0,0,0,0
283,2757,284.0661355206535,99998,0,0,0,0,55,46,0.001010020200404008,0,0,49977,49981,22,18,0,0,0,0,0,0,99897,0,0,0,0,0,0,0,0,0,0,101,0,0,0,0,0,0
284,2757,285.0712877361905,99998,0,0,0,0,55,46,0.001010020200404008,0,0,49977,49981,22,18,0,0,0,0,0,0,99897,0,0,0,0,0,0,0,0,0,0,101,0,0,0,0,0,0
285,2757,286.0914820341851,99998,0,0,0,0,55,46,0.001010020200404008,0,0,49977,49981,22,18,0,0,0,0,0,0,99897,0,0,0,0,0,0,0,0,0,0,101,0,0,0,0,0,0
286,2757,287.1832302906141,99998,0,0,0,0,55,46,0.001010020200404008,0,0,49977,49981,22,18,0,0,0,0,0,0,99897,0,0,0,0,0,0,0,0,0,0,101,0,0,0,0,0,0
287,2757,288.0024419900178,99998,0,0,0,0,55,46,0.001010020200404008,0,0,49978,49981,21,18,0,0,0,0,0,0,99897,0,0,0,0,0,0,0,0,0,0,101,0,0,0,0,0,0
288,2757,289.08375386286804,99998,0,0,0,0,55,46,0.001010020200404008,0,0,49978,49981,21,18,0,0,0,0,0,0,99897,0,0,0,0,0,0,0,0,0,0,101,0,0,0,0,0,0
289,2757,290.1681192413936,99998,0,0,0,0,55,46,0.001010020200404008,0,0,49978,49981,21,18,0,0,0,0,0,0,99897,0,0,0,0,0,0,0,0,0,0,101,0,0,0,0,0,0
290,2757,291.0024502862352,99998,0,0,0,0,55,46,0.001010020200404008,0,0,49979,49981,20,18,0,0,0,0,0,0,99897,0,0,0,0,0,0,0,0,0,0,101,0,0,0,0,0,0
291,2757,292.06625213718837,99998,0,0,0,0,55,46,0.001010020200404008,0,0,49979,49981,20,18,0,0,0,0,0,0,99897,0,0,0,0,0,0,0,0,0,0,101,0,0,0,0,0,0
292,2757,293.05245708097567,99998,0,0,0,0,55,46,0.001010020200404008,0,0,49979,49981,20,18,0,0,0,0,0,0,99897,0,0,0,0,0,0,0,0,0,0,101,0,0,0,0,0,0
293,2757,294.00743486288474,99998,0,0,0,0,55,46,0.001010020200404008,0,0,49979,49981,20,18,0,0,0,0,0,0,99897,0,0,0,0,0,0,0,0,0,0,101,0,0,0,0,0,0
294,2757,295.01444538033667,99998,0,0,0,0,55,46,0.001010020200404008,0,0,49979,49981,20,18,0,0,0,0,0,0,99897,0,0,0,0,0,0,0,0,0,0,101,0,0,0,0,0,0
295,2757,296.016185879982,99998,0,0,0,0,55,46,0.001010020200404008,0,0,49979,49981,20,18,0,0,0,0,0,0,99897,0,0,0,0,0,0,0,0,0,0,101,0,0,0,0,0,0
296,2757,297.04290548506907,99998,0,0,0,0,55,46,0.001010020200404008,0,0,49979,49981,20,18,0,0,0,0,0,0,99897,0,0,0,0,0,0,0,0,0,0,101,0,0,0,0,0,0
297,2757,298.12383025009416,99998,0,0,0,0,55,46,0.001010020200404008,0,0,49979,49981,20,18,0,0,0,0,0,0,99897,0,0,0,0,0,0,0,0,0,0,101,0,0,0,0,0,0
298,2757,299.04485453977986,99998,0,0,0,0,55,46,0.001010020200404008,0,0,49979,49981,20,18,0,0,0,0,0,0,99897,0,0,0,0,0,0,0,0,0,0,101,0,0,0,0,0,0
299,2757,300.0760819531647,99998,0,0,0,0,55,46,0.001010020200404008,0,0,49979,49981,20,18,0,0,0,0,0,0,99897,0,0,0,0,0,0,0,0,0,0,101,0,0,0,0,0,0
300,2757,301.00445446732414,99998,0,0,0,0,55,46,0.001010020200404008,0,0,49979,49981,20,18,0,0,0,0,0,0,99897,0,0,0,0,0,0,0,0,0,0,101,0,0,0,0,0,0
301,2757,302.00709281071966,99998,0,0,0,0,55,46,0.001010020200404008,0,0,49979,49981,20,18,0,0,0,0,0,0,99897,0,0,0,0,0,0,0,0,0,0,101,0,0,0,0,0,0
302,2757,303.0192905373388,99998,0,0,0,0,55,46,0.001010020200404008,0,0,49979,49982,20,17,0,0,0,0,0,0,99897,0,0,0,0,0,0,0,0,0,0,101,0,0,0,0,0,0
303,2757,304.0109673784628,99998,0,0,0,0,55,46,0.001010020200404008,0,0,49979,49982,20,17,0,0,0,0,0,0,99897,0,0,0,0,0,0,0,0,0,0,101,0,0,0,0,0,0
304,2757,305.0428760262122,99998,0,0,0,0,55,46,0.001010020200404008,0,0,49979,49982,20,17,0,0,0,0,0,0,99897,0,0,0,0,0,0,0,0,0,0,101,0,0,0,0,0,0
305,2757,306.02157584603714,99998,0,0,0,0,55,46,0.001010020200404008,0,0,49979,49982,20,17,0,0,0,0,0,0,99897,0,0,0,0,0,0,0,0,0,0,101,0,0,0,0,0,0
306,2757,307.0765714182404,99998,0,0,0,0,55,46,0.001010020200404008,0,0,49979,49982,20,17,0,0,0,0,0,0,99897,0,0,0,0,0,0,0,0,0,0,101,0,0,0,0,0,0
307,2757,308.01412988727117,99998,0,0,0,0,55,46,0.001010020200404008,0,0,49979,49982,20,17,0,0,0,0,0,0,99897,0,0,0,0,0,0,0,0,0,0,101,0,0,0,0,0,0
308,2757,309.0017409419707,99998,0,0,0,0,55,46,0.001010020200404008,0,0,49979,49982,20,17,0,0,0,0,0,0,99897,0,0,0,0,0,0,0,0,0,0,101,0,0,0,0,0,0
309,2757,310.03343757864906,99998,0,0,0,0,55,46,0.001010020200404008,0,0,49979,49982,20,17,0,0,0,0,0,0,99897,0,0,0,0,0,0,0,0,0,0,101,0,0,0,0,0,0
310,2757,311.04827397690536,99998,0,0,0,0,55,46,0.001010020200404008,0,0,49979,49982,20,17,0,0,0,0,0,0,99897,0,0,0,0,0,0,0,0,0,0,101,0,0,0,0,0,0
311,2757,312.00799952366197,99998,0,0,0,0,55,46,0.001010020200404008,0,0,49979,49982,20,17,0,0,0,0,0,0,99897,0,0,0,0,0,0,0,0,0,0,101,0,0,0,0,0,0
312,2757,313.0052752320915,99998,0,0,0,0,55,46,0.001010020200404008,0,0,49979,49982,20,17,0,0,0,0,0,0,99897,0,0,0,0,0,0,0,0,0,0,101,0,0,0,0,0,0
313,2757,314.06683179884953,99998,0,0,0,0,55,46,0.001010020200404008,0,0,49979,49982,20,17,0,0,0,0,0,0,99897,0,0,0,0,0,0,0,0,0,0,101,0,0,0,0,0,0
314,2757,315.0078443490582,99998,0,0,0,0,55,46,0.001010020200404008,0,0,49979,49982,20,17,0,0,0,0,0,0,99897,0,0,0,0,0,0,0,0,0,0,101,0,0,0,0,0,0
315,2757,316.0067316717136,99998,0,0,0,0,55,46,0.001010020200404008,0,0,49979,49982,20,17,0,0,0,0,0,0,99897,0,0,0,0,0,0,0,0,0,0,101,0,0,0,0,0,0
316,2757,317.01963502046914,99998,0,0,0,0,55,46,0.001010020200404008,0,0,49979,49982,20,17,0,0,0,0,0,0,99897,0,0,0,0,0,0,0,0,0,0,101,0,0,0,0,0,0
317,2757,318.0185907187305,99998,0,0,0,0,55,46,0.001010020200404008,0,0,49979,49982,20,17,0,0,0,0,0,0,99897,0,0,0,0,0,0,0,0,0,0,101,0,0,0,0,0,0
318,2757,319.05089235810254,99998,0,0,0,0,55,46,0.001010020200404008,0,0,49979,49982,20,17,0,0,0,0,0,0,99897,0,0,0,0,0,0,0,0,0,0,101,0,0,0,0,0,0
319,2757,320.01735836523267,99998,0,0,0,0,55,46,0.001010020200404008,0,0,49978,49981,20,17,1,1,1,1,0,0,99895,0,0,0,0,0,0,0,0,0,2,101,0,0,0,0,0,0
320,2757,321.00080514714716,99998,0,0,0,0,55,46,0.001010020200404008,0,0,49977,49980,20,17,2,2,2,2,0,0,99893,0,0,0,0,0,0,0,0,0,4,101,0,0,0,0,0,0
321,2757,322.0131550270655,99998,0,0,0,0,55,46,0.001010020200404008,0,0,49977,49979,19,17,3,3,3,3,0,0,99891,0,0,0,0,0,0,0,0,0,6,101,0,0,0,0,0,0
322,2757,323.02623570009877,99998,0,0,0,0,55,46,0.001010020200404008,0,0,49976,49978,19,17,4,4,4,4,0,0,99889,0,0,0,0,0,0,0,0,0,8,101,0,0,0,0,0,0
323,2757,324.00492440906277,99998,0,0,0,0,55,46,0.001010020200404008,0,0,49975,49977,19,17,5,5,5,5,0,0,99887,0,0,0,0,0,0,0,0,0,10,101,0,0,0,0,0,0
324,2757,325.0038951503974,99998,0,0,0,0,55,46,0.001010020200404008,0,0,49974,49976,19,17,6,6,6,6,0,0,99885,0,0,0,0,0,0,0,0,0,12,101,0,0,0,0,0,0
325,2757,326.0300384814311,99998,0,0,0,0,55,46,0.001010020200404008,0,0,49973,49974,19,17,7,8,8,7,0,0,99882,0,0,0,0,0,0,0,0,0,15,101,0,0,0,0,0,0
326,2757,327.0718107654616,99998,0,0,0,0,55,46,0.001010020200404008,0,0,49972,49972,19,17,8,10,10,8,0,0,99879,0,0,0,0,0,0,0,0,0,18,101,0,0,0,0,0,0
327,2757,328.0546152688861,99998,0,0,0,0,55,46,0.001010020200404008,0,0,49971,49970,19,17,9,12,12,9,0,0,99876,0,0,0,0,0,0,0,0,0,21,101,0,0,0,0,0,0
328,2757,329.0099769434791,99998,0,0,0,0,55,46,0.001010020200404008,0,0,49970,49967,19,17,10,15,15,10,0,0,99872,0,0,0,0,0,0,0,0,0,25,101,0,0,0,0,0,0
329,2757,330.0343028598055,99998,0,0,0,0,55,46,0.001010020200404008,0,0,49969,49964,19,17,11,18,18,11,0,0,99868,0,0,0,0,0,0,0,0,0,29,101,0,0,0,0,0,0
330,2757,331.0018725619837,99998,0,0,0,0,55,46,0.001010020200404008,0,0,49968,49960,19,17,12,22,22,12,0,0,99863,0,0,0,0,0,0,0,0,0,34,101,0,0,0,0,0,0
331,2757,332.01013223739193,99998,0,0,0,0,55,46,0.001010020200404008,0,0,49967,49956,19,17,13,26,27,13,0,0,99857,0,0,0,0,0,0,0,0,0,40,101,0,0,0,0,0,0
332,2757,333.0111478061378,99998,0,0,0,0,55,46,0.001010020200404008,0,0,49966,49953,19,15,14,31,32,14,0,0,99851,0,0,0,0,0,0,0,0,0,46,101,0,0,0,0,0,0
333,2757,334.0033609683009,99998,0,0,0,0,55,46,0.001010020200404008,0,0,49965,49948,19,15,15,36,38,15,0,0,99844,0,0,0,0,0,0,0,0,0,53,101,0,0,0,0,0,0
334,2757,335.02540274462166,99998,0,0,0,0,55,46,0.001010020200404008,0,0,49965,49941,18,15,16,43,45,16,0,0,99836,0,0,0,0,0,0,0,0,0,61,101,0,0,0,0,0,0
335,2757,336.0039277180164,99998,0,0,0,0,55,46,0.001010020200404008,0,0,49964,49933,18,15,17,51,53,17,0,0,99827,0,0,0,0,0,0,0,0,0,70,101,0,0,0,0,0,0
336,2757,337.02646113683073,99998,0,0,0,0,55,46,0.001010020200404008,0,0,49963,49924,18,15,18,60,62,18,0,0,99817,0,0,0,0,0,0,0,0,0,80,101,0,0,0,0,0,0
337,2757,338.0288409310472,99998,0,0,0,0,55,46,0.001010020200404008,0,0,49962,49914,18,15,19,70,72,19,0,0,99806,0,0,0,0,0,0,0,0,0,91,101,0,0,0,0,0,0
338,2757,339.05296287262433,99998,0,0,0,0,55,46,0.001010020200404008,0,0,49961,49903,18,15,20,81,83,20,0,0,99794,0,0,0,0,0,0,0,0,0,103,101,0,0,0,0,0,0
339,2757,340.032171513107,99998,0,0,0,0,55,46,0.001010020200404008,0,0,49961,49891,18,15,20,93,95,21,0,0,99781,0,0,0,0,0,0,0,0,0,116,101,0,0,0,0,0,0
340,2757,341.01130494198003,99998,0,0,0,0,55,46,0.001010020200404008,0,0,49960,49878,18,15,21,106,108,22,0,0,99767,0,0,0,0,0,0,0,0,0,130,101,0,0,0,0,0,0
341,2757,342.000171526518,99998,0,0,0,0,55,46,0.001010020200404008,0,0,49958,49866,18,15,23,118,122,24,0,0,99751,0,0,0,0,0,0,0,0,0,146,101,0,0,0,0,0,0
342,2757,343.0312091141709,99998,0,0,0,0,55,46,0.001010020200404008,0,0,49956,49851,18,15,25,133,137,26,0,0,99734,0,0,0,0,0,0,0,0,0,163,101,0,0,0,0,0,0
343,2757,344.0512619256177,99998,0,0,0,0,55,46,0.001010020200404008,0,0,49954,49834,18,15,27,150,154,28,0,0,99715,0,0,0,0,0,0,0,0,0,182,101,0,0,0,0,0,0
344,2757,345.0211568004514,99998,0,0,0,0,55,46,0.001010020200404008,0,0,49952,49816,18,15,29,168,172,30,0,0,99695,0,0,0,0,0,0,0,0,0,202,101,0,0,0,0,0,0
345,2757,346.0127206380245,99998,0,0,0,0,55,46,0.001010020200404008,0,0,49950,49797,18,15,31,187,192,32,0,0,99673,0,0,0,0,0,0,0,0,0,224,101,0,0,0,0,0,0
346,2757,347.06208831154925,99998,0,0,0,0,55,46,0.001010020200404008,0,0,49948,49776,18,15,33,208,213,34,0,0,99650,0,0,0,0,0,0,0,0,0,247,101,0,0,0,0,0,0
347,2757,348.0247890208896,99998,0,0,0,0,55,46,0.001010020200404008,0,0,49945,49754,18,15,36,230,236,37,0,0,99624,0,0,0,0,0,0,0,0,0,273,101,0,0,0,0,0,0
348,2757,349.1444522057555,99998,0,0,0,0,55,46,0.001010020200404008,0,0,49943,49732,18,15,38,252,260,40,0,0,99597,0,0,0,0,0,0,0,0,0,300,101,0,0,0,0,0,0
349,2757,350.0034777556571,99998,0,0,0,0,55,46,0.001010020200404008,0,0,49941,49707,18,15,40,277,286,43,0,0,99568,0,0,0,0,0,0,0,0,0,329,101,0,0,0,0,0,0
350,2757,351.0196322596428,99998,0,0,0,0,55,46,0.001010020200404008,0,0,49938,49680,18,15,43,304,314,46,0,0,99537,0,0,0,0,0,0,0,0,0,360,101,0,0,0,0,0,0
351,2757,352.0089374294659,99998,0,0,0,0,55,46,0.001010020200404008,0,0,49935,49651,18,15,46,333,343,50,0,0,99504,0,0,0,0,0,0,0,0,0,393,101,0,0,0,0,0,0
352,2757,353.0002042459261,99998,0,0,0,0,55,46,0.001010020200404008,0,0,49931,49622,18,15,50,362,374,54,0,0,99469,0,0,0,0,0,0,0,0,0,428,101,0,0,0,0,0,0
353,2757,354.0541113400187,99998,0,0,0,0,55,46,0.001010020200404008,0,0,49927,49591,18,15,54,393,407,58,0,0,99432,0,0,0,0,0,0,0,0,0,465,101,0,0,0,0,0,0
354,2757,355.10921097157666,99998,0,0,0,0,55,46,0.001010020200404008,0,0,49922,49559,18,15,59,425,442,63,0,0,99392,0,0,0,0,0,0,0,0,0,505,101,0,0,0,0,0,0
355,2757,356.0014758058193,99998,0,0,0,0,55,46,0.001010020200404008,0,0,49917,49523,18,15,64,461,479,68,0,0,99350,0,0,0,0,0,0,0,0,0,547,101,0,0,0,0,0,0
356,2757,357.0061335234203,99998,0,0,0,0,55,46,0.001010020200404008,0,0,49912,49486,18,15,69,498,518,73,0,0,99306,0,0,0,0,0,0,0,0,0,591,101,0,0,0,0,0,0
357,2757,358.0695914787642,99998,0,0,0,0,55,46,0.001010020200404008,0,0,49907,49446,17,15,75,538,559,79,0,0,99259,0,0,0,0,0,0,0,0,0,638,101,0,0,0,0,0,0
358,2757,359.0226559150707,99998,0,0,0,0,55,46,0.001010020200404008,0,0,49902,49405,17,15,80,579,602,85,0,0,99210,0,0,0,0,0,0,0,0,0,687,101,0,0,0,0,0,0
359,2757,360.02840572483836,99998,0,0,0,0,55,46,0.001010020200404008,0,0,49896,49360,17,15,86,624,647,91,0,0,99159,0,0,0,0,0,0,0,0,0,738,101,0,0,0,0,0,0
360,2757,361.04815661526527,99998,0,0,0,0,55,46,0.001010020200404008,0,0,49889,49314,17,15,93,670,695,98,0,0,99104,0,0,0,0,0,0,0,0,0,793,101,0,0,0,0,0,0
361,2757,362.0711126138553,99998,0,0,0,0,55,46,0.001010020200404008,0,0,49882,49264,17,15,100,720,745,105,0,0,99047,0,0,0,0,0,0,0,0,0,850,101,0,0,0,0,0,0
362,2757,363.03011850954414,99998,0,0,0,0,55,46,0.001010020200404008,0,0,49875,49217,17,15,107,767,797,113,0,0,98987,0,0,0,0,0,0,0,0,0,910,101,0,0,0,0,0,0
363,2757,364.09563874122665,99998,0,0,0,0,55,46,0.001010020200404008,0,0,49867,49166,17,15,115,818,852,121,0,0,98924,0,0,0,0,0,0,0,0,0,973,101,0,0,0,0,0,0
364,2757,365.04387834300155,99998,0,0,0,0,55,46,0.001010020200404008,0,0,49859,49113,16,15,124,871,909,130,0,0,98858,0,0,0,0,0,0,0,0,0,1039,101,0,0,0,0,0,0
365,2757,366.07530904500106,99998,0,0,0,0,55,46,0.001010020200404008,0,0,49850,49060,16,15,133,924,968,139,0,0,98791,0,0,0,0,0,0,0,0,0,1106,100,1,0,0,0,0,0
366,2757,367.02835959032774,99998,0,0,0,0,55,46,0.001010020200404008,0,0,49840,48999,16,15,143,985,1030,149,0,0,98719,0,0,0,0,0,0,0,0,0,1178,100,1,0,0,0,0,0
367,2757,368.0350891552004,99998,0,0,0,0,55,46,0.001010020200404008,0,0,49829,48940,16,14,154,1045,1094,160,0,0,98644,0,0,0,0,0,0,0,0,0,1253,100,1,0,0,0,0,0
368,2757,369.00986497815325,99998,0,0,0,0,55,46,0.001010020200404008,0,0,49818,48877,16,14,165,1108,1161,171,0,0,98566,0,0,0,0,0,0,0,0,0,1331,100,1,0,0,0,0,0
369,2757,370.02086023961124,99998,0,0,0,0,55,46,0.001010020200404008,0,0,49807,48810,15,14,177,1175,1231,183,0,0,98484,0,0,0,0,0,0,0,0,0,1413,100,1,0,0,0,0,0
370,2757,371.01374077666577,99998,0,0,0,0,55,46,0.001010020200404008,0,0,49796,48743,15,14,188,1242,1303,195,0,0,98401,0,0,0,0,0,0,0,0,0,1496,99,2,0,0,0,0,0
371,2757,372.00218970463357,99998,0,0,0,0,55,46,0.001010020200404008,0,0,49785,48671,15,14,199,1314,1378,208,0,0,98313,0,0,0,0,0,0,0,0,0,1584,99,2,0,0,0,0,0
372,2757,373.0927320552953,99998,0,0,0,0,55,46,0.001010020200404008,0,0,49771,48596,15,14,213,1389,1456,222,0,0,98221,0,0,0,0,0,0,0,0,0,1676,99,2,0,0,0,0,0
373,2757,374.0649084825233,99998,0,0,0,0,55,46,0.001010020200404008,0,0,49758,48520,15,14,226,1465,1536,236,0,0,98127,0,0,0,0,0,0,0,0,0,1770,99,2,0,0,0,0,0
374,2757,375.0054815535951,99998,0,0,0,0,55,46,0.001010020200404008,0,0,49744,48440,15,14,240,1545,1619,251,0,0,98030,0,0,0,0,0,0,0,0,0,1867,98,3,0,0,0,0,0
375,2757,376.0800851243595,99998,0,0,0,0,55,46,0.001010020200404008,0,0,49728,48356,15,14,256,1629,1705,267,0,0,97928,0,0,0,0,0,0,0,0,0,1969,98,3,0,0,0,0,0
376,2757,377.037978203181,99998,0,0,0,0,55,46,0.001010020200404008,0,0,49712,48278,15,14,272,1707,1794,284,0,0,97822,0,0,0,0,0,0,0,0,0,2075,98,3,0,0,0,0,0
377,2757,378.0332641884862,99998,0,0,0,0,55,46,0.001010020200404008,0,0,49694,48190,15,14,290,1795,1885,302,0,0,97713,0,0,0,0,0,0,0,0,0,2184,98,3,0,0,0,0,0
378,2757,379.01206937448063,99998,0,0,0,0,55,46,0.001010020200404008,0,0,49679,48098,15,14,305,1887,1979,320,0,0,97601,0,0,0,0,0,0,0,0,0,2296,98,3,0,0,0,0,0
379,2757,380.09314219483286,99998,0,0,0,0,55,46,0.001010020200404008,0,0,49661,48008,15,13,323,1978,2076,339,0,0,97486,0,0,0,0,0,0,0,0,0,2411,97,4,0,0,0,0,0
380,2757,381.00193048777055,99998,0,0,0,0,55,46,0.001010020200404008,0,0,49642,47915,15,13,342,2071,2176,359,0,0,97366,0,0,0,0,0,0,0,0,0,2531,97,4,0,0,0,0,0
381,2757,382.0071208221236,99998,0,0,0,0,55,46,0.001010020200404008,0,0,49622,47817,15,13,362,2169,2279,380,0,0,97242,0,0,0,0,0,0,0,0,0,2655,97,4,0,0,0,0,0
382,2757,383.05157436986855,99998,0,0,0,0,55,46,0.001010020200404008,0,0,49601,47714,15,13,383,2272,2385,402,0,0,97114,0,0,0,0,0,0,0,0,0,2783,97,4,0,0,0,0,0
383,2757,384.01450629013027,99998,0,0,0,0,55,46,0.001010020200404008,0,0,49578,47619,15,13,406,2367,2494,425,0,0,96983,0,0,0,0,0,0,0,0,0,2914,96,5,0,0,0,0,0
384,2757,385.03650865783845,99998,0,0,0,0,55,46,0.001010020200404008,0,0,49555,47518,15,13,429,2468,2606,449,0,0,96847,0,0,0,0,0,0,0,0,0,3050,96,5,0,0,0,0,0
385,2757,386.1152379602148,99998,0,0,0,0,55,46,0.001010020200404008,0,0,49533,47410,15,13,451,2576,2721,474,0,0,96707,0,0,0,0,0,0,0,0,0,3190,96,5,0,0,0,0,0
386,2757,387.030838390725,99998,0,0,0,0,55,46,0.001010020200404008,0,0,49507,47299,15,13,477,2687,2839,500,0,0,96564,0,0,0,0,0,0,0,0,0,3333,95,6,0,0,0,0,0
387,2757,388.04445216330015,99998,0,0,0,0,55,46,0.001010020200404008,0,0,49481,47190,15,13,503,2796,2960,527,0,0,96416,0,0,0,0,0,0,0,0,0,3481,95,6,0,0,0,0,0
388,2757,389.0085313351187,99998,0,0,0,0,55,46,0.001010020200404008,0,0,49454,47077,15,13,530,2909,3084,555,0,0,96265,0,0,0,0,0,0,0,0,0,3632,94,7,0,0,0,0,0
389,2757,390.00679872900395,99998,0,0,0,0,55,46,0.001010020200404008,0,0,49425,46958,15,12,559,3029,3211,584,0,0,96109,0,0,0,0,0,0,0,0,0,3788,94,7,0,0,0,0,0
390,2757,391.01825924405455,99998,0,0,0,0,55,46,0.001010020200404008,0,0,49398,46837,15,12,586,3150,3341,614,0,0,95950,0,0,0,0,0,0,0,0,0,3947,93,8,0,0,0,0,0
391,2757,392.0218067003642,99998,0,0,0,0,55,46,0.001010020200404008,0,0,49368,46712,15,11,616,3276,3474,645,0,0,95787,0,0,0,0,0,0,0,0,0,4110,92,9,0,0,0,0,0
392,2757,393.01340585384577,99998,0,0,0,0,55,46,0.001010020200404008,0,0,49336,46585,15,11,648,3403,3610,678,0,0,95618,0,0,0,0,0,0,0,0,0,4279,92,9,0,0,0,0,0
393,2757,394.0014427487468,99998,0,0,0,0,55,46,0.001010020200404008,0,0,49302,46457,15,11,682,3531,3749,712,0,0,95445,0,0,0,0,0,0,0,0,0,4452,92,9,0,0,0,0,0
394,2757,395.11369409440437,99998,0,0,0,0,55,46,0.001010020200404008,0,0,49270,46325,15,11,714,3663,3891,747,0,0,95268,0,0,0,0,0,0,0,0,0,4629,92,9,0,0,0,0,0
395,2757,396.0002162245672,99998,0,0,0,0,55,46,0.001010020200404008,0,0,49237,46192,15,11,747,3796,4036,783,0,0,95087,0,0,0,0,0,0,0,0,0,4810,92,9,0,0,0,0,0
396,2757,397.00149593446923,99998,0,0,0,0,55,46,0.001010020200404008,0,0,49203,46061,15,11,781,3927,4184,821,0,0,94901,0,0,0,0,0,0,0,0,0,4996,92,9,0,0,0,0,0
397,2757,398.02112400008053,99998,0,0,0,0,55,46,0.001010020200404008,0,0,49165,45931,15,11,819,4057,4335,860,0,0,94711,0,0,0,0,0,0,0,0,0,5186,92,9,0,0,0,0,0
398,2757,399.018763576855,99998,0,0,0,0,55,46,0.001010020200404008,0,0,49128,45791,15,11,856,4197,4489,900,0,0,94517,0,0,0,0,0,0,0,0,0,5380,92,9,0,0,0,0,0
399,2757,400.0512553920182,99998,0,0,0,0,55,46,0.001010020200404008,0,0,49087,45652,15,11,897,4336,4645,942,0,0,94319,0,0,0,0,0,0,0,0,0,5578,92,9,0,0,0,0,0
400,2757,401.0467143805595,99998,0,0,0,0,55,46,0.001010020200404008,0,0,49048,45509,15,11,936,4479,4804,985,0,0,94117,0,0,0,0,0,0,0,0,0,5780,92,9,0,0,0,0,0
401,2757,402.0025639330037,99998,0,0,0,0,55,46,0.001010020200404008,0,0,49007,45364,15,11,977,4624,4966,1030,0,0,93910,0,0,0,0,0,0,0,0,0,5987,92,9,0,0,0,0,0
402,2757,403.05107282755273,99998,0,0,0,0,55,46,0.001010020200404008,0,0,48964,45215,15,11,1020,4773,5131,1076,0,0,93699,0,0,0,0,0,0,0,0,0,6198,92,9,0,0,0,0,0
403,2757,404.0545844012816,99998,0,0,0,0,55,46,0.001010020200404008,0,0,48920,45057,15,11,1064,4931,5299,1123,0,0,93484,0,0,0,0,0,0,0,0,0,6413,92,9,0,0,0,0,0
404,2757,405.019590833588,99998,0,0,0,0,55,46,0.001010020200404008,0,0,48873,44908,15,11,1111,5080,5470,1172,0,0,93266,0,0,0,0,0,0,0,0,0,6631,90,11,0,0,0,0,0
405,2757,406.01632071493833,99998,0,0,0,0,55,46,0.001010020200404008,0,0,48823,44754,15,11,1161,5234,5644,1222,0,0,93043,0,0,0,0,0,0,0,0,0,6854,89,12,0,0,0,0,0
406,2757,407.10389352420236,99998,0,0,0,0,55,46,0.001010020200404008,0,0,48774,44597,15,11,1210,5391,5820,1274,0,0,92815,0,0,0,0,0,0,0,0,0,7082,89,12,0,0,0,0,0
407,2757,408.09217313784666,99998,0,0,0,0,55,46,0.001010020200404008,0,0,48723,44439,15,11,1261,5549,5999,1328,0,0,92582,0,0,0,0,0,0,0,0,0,7315,89,12,0,0,0,0,0
408,2757,409.03303653437473,99998,0,0,0,0,55,46,0.001010020200404008,0,0,48673,44271,15,11,1311,5717,6181,1383,0,0,92345,0,0,0,0,0,0,0,0,0,7552,89,12,0,0,0,0,0
409,2757,410.0049188102933,99998,0,0,0,0,55,46,0.001010020200404008,0,0,48623,44108,15,11,1361,5880,6365,1440,0,0,92105,0,0,0,0,0,0,0,0,0,7792,88,13,0,0,0,0,0
410,2757,411.0342526756181,99998,0,0,0,0,55,46,0.001010020200404008,0,0,48572,43943,15,11,1412,6045,6552,1498,0,0,91860,0,0,0,0,0,0,0,0,0,8037,88,13,0,0,0,0,0
411,2757,412.0200133786227,99998,0,0,0,0,55,46,0.001010020200404008,0,0,48515,43773,15,11,1469,6215,6741,1558,0,0,91612,0,0,0,0,0,0,0,0,0,8285,87,14,0,0,0,0,0
412,2757,413.0027417893117,99998,0,0,0,0,55,46,0.001010020200404008,0,0,48460,43604,15,11,1524,6384,6933,1620,0,0,91358,0,0,0,0,0,0,0,0,0,8539,87,14,0,0,0,0,0
413,2757,414.1087366304418,99998,0,0,0,0,55,46,0.001010020200404008,0,0,48407,43434,15,11,1577,6554,7127,1683,0,0,91101,0,0,0,0,0,0,0,0,0,8796,87,14,0,0,0,0,0
414,2757,415.0302931003209,99998,0,0,0,0,55,46,0.001010020200404008,0,0,48349,43252,15,11,1635,6736,7324,1748,0,0,90839,0,0,0,0,0,0,0,0,0,9058,87,14,0,0,0,0,0
415,2757,416.1065721150332,99998,0,0,0,0,55,46,0.001010020200404008,0,0,48291,43080,15,11,1693,6908,7523,1815,0,0,90573,0,0,0,0,0,0,0,0,0,9324,87,14,0,0,0,0,0
416,2757,417.050613357955,99998,0,0,0,0,55,46,0.001010020200404008,0,0,48229,42904,15,11,1755,7084,7725,1884,0,0,90302,0,0,0,0,0,0,0,0,0,9595,87,14,0,0,0,0,0
417,2757,418.01432546662005,99998,0,0,0,0,55,46,0.001010020200404008,0,0,48167,42731,14,10,1818,7258,7929,1954,0,0,90028,0,0,0,0,0,0,0,0,0,9869,87,14,0,0,0,0,0
418,2757,419.0003711655918,99998,0,0,0,0,55,46,0.001010020200404008,0,0,48101,42551,14,10,1884,7438,8135,2026,0,0,89750,0,0,0,0,0,0,0,0,0,10147,87,14,0,0,0,0,0
419,2757,420.10750515093014,99998,0,0,0,0,55,46,0.001010020200404008,25,25,48008,42344,14,10,1952,7620,8343,2100,0,0,89469,0,0,0,0,0,0,0,0,0,10428,86,15,0,0,0,0,0
420,2757,421.0529720885757,99998,5,6,0,0,60,52,0.001120022400448009,21,19,47940,42164,14,10,2019,7800,8554,2176,0,0,89182,0,0,0,0,0,0,0,0,0,10715,86,15,0,0,0,0,0
421,2757,422.0228464231379,99998,15,15,0,0,70,61,0.0013100262005240105,11,12,47867,41973,14,10,2092,7989,8767,2254,0,0,88891,0,0,0,0,0,0,0,0,0,11006,86,15,0,0,0,0,0
422,2757,423.0546785275746,99998,14,13,0,0,74,64,0.001380027600552011,11,10,47787,41772,19,15,2168,8189,8982,2333,0,0,88590,8,2,0,0,0,0,0,0,0,11297,85,16,0,0,0,0,0
423,2757,424.0412046039503,99998,18,15,0,0,79,68,0.0014700294005880118,8,10,47711,41582,20,17,2242,8375,9199,2414,0,0,88289,11,2,0,0,0,0,0,0,0,11595,85,16,0,0,0,0,0
424,2757,425.2230322353849,99998,18,14,0,0,83,72,0.0015500310006200124,10,8,47629,41397,22,22,2320,8558,9418,2497,0,0,87980,18,4,0,0,0,0,0,0,0,11895,85,16,0,0,0,0,0
425,2757,426.1454704126047,99998,18,13,0,0,87,75,0.001620032400648013,11,8,47555,41198,25,26,2390,8754,9639,2582,0,0,87669,23,7,0,0,0,0,0,0,0,12198,85,16,0,0,0,0,0
426,2757,427.17056553808413,99998,17,13,0,0,90,77,0.0016700334006680133,12,7,47473,41006,29,28,2468,8945,9861,2669,0,0,87354,29,7,0,0,0,0,0,0,0,12507,85,16,0,0,0,0,0
427,2757,428.00365242841275,99998,19,12,0,0,94,78,0.0017200344006880139,12,7,47387,40814,31,30,2550,9136,10085,2758,0,0,87038,33,7,0,0,0,0,0,0,0,12819,84,17,0,0,0,0,0
428,2757,429.2014083657448,99998,19,11,0,0,98,78,0.001760035200704014,14,7,47298,40633,35,31,2633,9317,10311,2849,0,0,86716,38,7,0,0,0,0,0,0,0,13136,84,17,0,0,0,0,0
429,2757,430.1372425907142,99998,19,11,0,0,100,80,0.0018000360007200144,14,7,47211,40438,37,33,2718,9510,10539,2942,0,0,86391,42,7,0,0,0,0,0,0,0,13457,84,17,0,0,0,0,0
430,2757,431.1406271659496,99998,21,13,0,0,108,82,0.0019000380007600153,13,7,47121,40254,43,33,2801,9692,10768,3037,0,0,86062,48,7,0,0,0,0,0,0,0,13780,83,18,0,0,0,0,0
431,2757,432.06101127824223,99998,22,13,0,0,110,82,0.0019200384007680153,12,10,47030,40061,44,33,2891,9882,10999,3133,0,0,85734,49,7,0,0,0,0,0,0,0,14107,83,18,0,0,0,0,0
432,2757,433.01827715200244,99998,21,13,0,0,113,83,0.0019600392007840155,9,11,46943,39845,48,34,2978,10096,11231,3231,0,0,85399,54,7,0,0,0,0,0,0,0,14437,83,18,0,0,0,0,0
433,2757,434.01956096997174,99998,22,16,0,0,115,88,0.0020300406008120163,13,10,46850,39640,49,36,3065,10297,11465,3331,0,0,85062,57,7,0,0,0,0,0,0,0,14771,83,18,0,0,0,0,0
434,2757,435.35716494751426,99998,23,18,0,0,120,91,0.0021100422008440167,13,12,46759,39442,53,37,3151,10490,11700,3433,0,0,84720,62,7,0,0,0,0,0,0,0,15108,83,18,0,0,0,0,0
435,2757,436.20900435995685,99998,22,18,0,0,123,94,0.0021700434008680176,17,12,46659,39221,56,39,3245,10709,11936,3537,0,0,84375,68,8,0,0,0,0,0,0,0,15446,82,19,0,0,0,0,0
436,2757,437.0382536353773,99998,24,20,0,0,125,98,0.002230044600892018,20,12,46552,39019,56,41,3347,10907,12173,3643,0,0,84030,70,8,0,0,0,0,0,0,0,15789,82,19,0,0,0,0,0
437,2757,438.04311358303727,99998,24,18,0,0,128,101,0.0022900458009160185,19,10,46453,38827,59,46,3444,11098,12411,3751,0,0,83678,78,8,0,0,0,0,0,0,0,16133,80,21,0,0,0,0,0
438,2757,439.07536185129413,99998,27,18,0,0,133,105,0.002380047600952019,24,12,46351,38643,60,49,3537,11277,12651,3861,0,0,83323,83,9,0,0,0,0,0,0,0,16482,80,21,0,0,0,0,0
439,2757,440.1154980600091,99998,32,15,0,0,140,108,0.00248004960099202,24,10,46246,38436,62,55,3635,11483,12892,3973,0,0,82963,90,10,0,0,0,0,0,0,0,16834,80,21,0,0,0,0,0
440,2757,441.158115928146,99998,30,14,0,0,142,111,0.0025300506010120204,28,11,46133,38217,66,59,3742,11698,13134,4087,0,0,82599,98,10,0,0,0,0,0,0,0,17190,80,21,0,0,0,0,0
441,2757,442.1016849505322,99998,33,12,0,0,152,111,0.002630052601052021,27,13,46021,38027,73,59,3845,11888,13376,4203,0,0,82232,107,10,0,0,0,0,0,0,0,17548,80,21,0,0,0,0,0
442,2757,443.0280286001553,99998,33,15,0,0,155,114,0.0026900538010760215,29,12,45907,37820,76,58,3954,12094,13619,4321,0,0,81870,108,12,0,0,0,0,0,0,0,17907,80,21,0,0,0,0,0
443,2757,444.0304642846145,99998,36,18,0,0,163,117,0.0028000560011200225,29,16,45799,37608,79,58,4056,12299,13863,4441,0,0,81501,113,12,0,0,0,0,0,0,0,18271,80,21,0,0,0,0,0
444,2757,445.08722957845475,99998,36,17,0,0,168,120,0.0028800576011520232,33,17,45682,37411,83,62,4165,12492,14108,4563,0,0,81128,120,14,0,0,0,0,0,0,0,18635,79,22,0,0,0,0,0
445,2757,446.2250781137257,99998,39,16,0,0,180,123,0.0030300606012120244,24,15,45569,37209,91,66,4276,12693,14353,4687,0,0,80748,131,16,0,0,0,0,0,0,0,19002,79,22,0,0,0,0,0
446,2757,447.08327501213694,99998,40,16,0,0,190,125,0.0031500630012600253,26,20,45449,37017,99,66,4385,12880,14599,4813,0,0,80368,139,19,0,0,0,0,0,0,0,19371,79,22,0,0,0,0,0
447,2757,448.08026890605123,99998,43,15,0,0,196,128,0.003240064801296026,26,20,45326,36797,102,70,4502,13097,14846,4941,0,0,79988,145,20,0,0,0,0,0,0,0,19744,78,23,0,0,0,0,0
448,2757,449.1748003489835,99998,46,16,0,0,205,133,0.0033800676013520273,24,21,45209,36596,107,74,4613,13292,15093,5070,0,0,79605,152,23,0,0,0,0,0,0,0,20117,78,23,0,0,0,0,0
449,2757,450.0167405454909,99998,47,17,0,0,209,135,0.0034400688013760277,23,22,45077,36373,110,75,4742,13512,15341,5201,0,0,79222,156,23,0,0,0,0,0,0,0,20496,78,23,0,0,0,0,0
450,2757,451.12105508961196,99997,44,18,1,0,214,139,0.003530105903177095,21,22,44956,36160,117,78,4860,13721,15589,5334,0,0,78830,166,23,0,0,0,0,0,0,0,20877,78,23,0,0,0,0,0
451,2757,452.0864826907085,99997,43,18,1,0,221,142,0.003630108903267098,24,21,44829,35979,122,79,4980,13902,15837,5469,0,0,78440,173,27,0,0,0,0,0,0,0,21256,78,23,0,0,0,0,0
452,2757,453.0751998778842,99997,43,23,1,0,228,147,0.003750112503375101,19,21,44716,35796,127,77,5093,14082,16085,5606,0,0,78052,176,31,0,0,0,0,0,0,0,21637,78,23,0,0,0,0,0
453,2757,454.08046037608733,99997,41,25,1,0,229,152,0.003810114303429103,23,19,44588,35583,130,80,5216,14292,16334,5745,0,0,77659,181,32,0,0,0,0,0,0,0,22024,78,23,0,0,0,0,0
454,2757,455.1595651991141,99997,44,31,1,0,237,161,0.003980119403582108,23,13,44459,35380,135,82,5337,14493,16583,5885,0,0,77265,187,34,0,0,0,0,0,0,0,22410,77,24,0,0,0,0,0
455,2757,456.34658828668427,99997,47,30,1,0,245,163,0.00408012240367211,24,14,44336,35181,139,85,5452,14689,16832,6027,0,0,76868,193,36,0,0,0,0,0,0,0,22799,77,24,0,0,0,0,0
456,2757,457.37073644517886,99996,44,27,2,0,251,167,0.0041801672066882675,29,17,44202,34978,146,91,5576,14886,17081,6171,0,0,76462,205,39,0,0,0,0,0,0,0,23189,77,24,0,0,0,0,0
457,2757,458.1268799727737,99996,47,30,2,0,254,171,0.004250170006800272,32,14,44056,34760,144,92,5718,15103,17330,6317,0,0,76068,204,41,0,0,0,0,0,0,0,23582,77,24,0,0,0,0,0
458,2757,459.2675283847971,99996,51,28,2,0,264,176,0.004400176007040282,37,17,43913,34560,150,98,5846,15296,17579,6465,0,0,75662,213,45,0,0,0,0,0,0,0,23975,77,24,0,0,0,0,0
459,2757,460.1614643353791,99996,58,23,2,0,280,179,0.004590183607344294,25,19,43789,34375,158,104,5967,15478,17828,6614,0,0,75254,223,52,0,0,0,0,0,0,0,24366,77,24,0,0,0,0,0
460,2757,461.00753765628133,99996,54,27,2,0,284,185,0.0046901876075043005,27,14,43648,34163,165,106,6103,15689,18076,6765,0,0,74847,231,54,0,0,0,0,0,0,0,24763,77,24,0,0,0,0,0
461,2757,462.4326463239661,99996,53,25,2,0,297,190,0.004870194807792312,32,15,43519,33995,179,112,6214,15852,18324,6918,0,0,74431,246,60,0,0,0,0,0,0,0,25158,77,24,0,0,0,0,0
462,2757,463.09828273078614,99995,52,25,3,0,304,191,0.004950247512375619,27,14,43381,33767,185,112,6351,16081,18572,7072,0,0,74024,251,63,0,0,0,0,0,0,0,25556,76,25,0,0,0,0,0
463,2757,464.43328805785757,99995,48,22,3,0,314,194,0.005080254012700635,36,15,43244,33588,195,118,6473,16256,18819,7228,0,0,73607,265,69,0,0,0,0,0,0,0,25953,76,25,0,0,0,0,0
464,2757,465.41538180357145,99995,52,24,3,0,325,198,0.005230261513075654,37,18,43094,33381,201,119,6612,16457,19066,7385,0,0,73195,273,70,0,0,0,0,0,0,0,26356,76,25,0,0,0,0,0
465,2757,466.0067377581121,99995,53,27,3,0,330,204,0.005340267013350668,38,15,42948,33172,204,121,6753,16664,19313,7544,0,0,72784,278,72,0,0,0,0,0,0,0,26760,76,25,0,0,0,0,0
466,2757,467.1861584181367,99995,58,26,3,0,343,205,0.005480274013700685,37,18,42801,32991,210,123,6890,16841,19559,7704,0,0,72370,286,72,0,1,0,0,0,0,0,27165,76,25,0,0,0,0,0
467,2757,468.3295157265322,99995,64,25,3,0,353,210,0.005630281514075704,38,19,42654,32804,213,127,7027,17024,19805,7866,0,0,71958,290,78,0,1,0,0,0,0,0,27567,76,25,0,0,0,0,0
468,2757,469.04257746094083,99995,66,23,3,0,359,211,0.005700285014250713,36,18,42502,32606,215,127,7177,17225,20050,8029,0,0,71549,292,83,0,1,0,0,0,0,0,27969,75,26,0,0,0,0,0
469,2757,470.04991849706744,99995,73,26,3,0,374,217,0.005910295514775739,39,14,42358,32440,221,129,7305,17390,20294,8194,0,0,71132,300,86,0,1,0,0,0,0,0,28375,75,26,0,0,0,0,0
470,2757,471.1226946004134,99995,73,27,3,0,379,220,0.005990299514975749,46,12,42194,32232,226,131,7457,17597,20538,8360,0,0,70718,304,89,0,1,0,0,0,0,0,28782,75,26,0,0,0,0,0
471,2757,472.238571336632,99995,78,27,3,0,398,226,0.00624031201560078,51,11,42034,32077,240,137,7593,17747,20781,8528,0,0,70291,320,93,0,1,0,0,0,0,0,29189,75,26,0,0,0,0,0
472,2757,473.1432848236022,99995,83,24,3,0,411,227,0.006380319015950798,50,15,41872,31891,246,137,7745,17932,21023,8697,0,0,69873,327,98,0,1,0,0,0,0,0,29595,75,26,0,0,0,0,0
473,2757,474.0843859581807,99995,82,25,3,0,417,232,0.006490324516225812,55,15,41709,31688,252,140,7898,18131,21264,8867,0,0,69454,336,100,0,1,0,0,0,0,0,30003,74,27,0,0,0,0,0
474,2757,475.37326237802887,99995,78,27,3,0,440,241,0.006810340517025852,61,27,41559,31525,278,146,8020,18274,21505,9038,0,0,69012,366,104,0,1,0,0,0,0,0,30411,74,27,0,0,0,0,0
475,2757,476.2882364890424,99995,90,29,3,0,461,245,0.007060353017650883,52,28,41397,31356,286,147,8171,18439,21745,9211,0,0,68590,375,106,0,1,0,0,0,0,0,30822,74,27,0,0,0,0,0
476,2757,477.2067029966181,99995,91,28,3,0,475,249,0.007240362018100905,55,36,41235,31155,297,152,8318,18628,21984,9385,0,0,68167,386,113,0,1,0,0,0,0,0,31227,73,28,0,0,0,0,0
477,2757,478.1287288870659,99995,90,33,3,0,482,259,0.0074103705185259265,58,37,41075,30960,303,155,8470,18814,22222,9560,0,0,67747,394,118,0,1,0,0,0,0,0,31634,72,29,0,0,0,0,0
478,2757,479.0542975343433,99995,94,36,3,0,503,265,0.0076803840192009604,48,39,40918,30776,314,158,8622,18990,22459,9736,0,0,67322,408,124,0,1,0,0,0,0,0,32039,70,31,0,0,0,0,0
479,2757,480.44893133290304,99995,100,40,3,0,526,278,0.008040402020101005,52,39,40758,30617,325,165,8761,19138,22695,9913,0,0,66895,423,135,0,1,0,0,0,0,0,32440,69,32,0,0,0,0,0
480,2757,481.38163389793766,99995,105,41,3,0,541,285,0.008260413020651032,48,37,40616,30421,333,171,8894,19329,22930,10091,0,0,66469,436,138,0,1,0,0,0,0,0,32850,69,32,0,0,0,0,0
481,2757,482.31765782933684,99995,100,48,3,0,553,298,0.008510425521276064,55,32,40438,30239,349,175,9054,19505,23164,10270,0,0,66037,454,141,1,1,0,0,0,0,0,33260,69,32,0,0,0,0,0
482,2757,483.2575716519901,99995,102,47,3,0,572,303,0.008750437521876094,58,33,40274,30067,364,178,9198,19674,23397,10450,0,0,65612,466,150,1,2,0,0,0,0,0,33663,69,32,0,0,0,0,0
483,2757,484.20133055668896,99995,100,49,3,0,581,313,0.008940447022351118,61,37,40103,29894,374,185,9358,19834,23629,10631,0,0,65186,479,156,1,2,0,0,0,0,0,34070,69,32,0,0,0,0,0
484,2757,485.14909458926394,99995,99,51,3,0,595,322,0.009170458522926146,61,35,39933,29716,388,192,9515,20005,23859,10813,0,0,64756,497,160,1,2,0,0,0,0,0,34478,69,32,0,0,0,0,0
485,2757,486.1009233330165,99995,103,50,3,0,614,328,0.009420471023551178,58,38,39775,29551,400,198,9660,20162,24088,10996,0,0,64333,509,170,1,2,0,0,0,0,0,34879,68,33,0,0,0,0,0
486,2757,487.0565285299008,99994,99,53,4,0,623,338,0.009610576634598076,67,34,39620,29378,406,203,9803,20331,24316,11179,0,0,63913,519,179,1,2,0,0,0,0,0,35279,66,35,0,0,0,0,0
487,2757,488.01591159011934,99994,101,53,4,0,636,343,0.009790587435246115,73,35,39457,29216,415,206,9949,20489,24543,11363,0,0,63490,531,183,1,2,0,0,0,0,0,35686,66,35,0,0,0,0,0
488,2757,489.4616535090998,99994,94,58,4,0,657,358,0.010150609036542193,72,31,39316,29086,437,215,10076,20609,24769,11548,0,0,63051,559,193,1,2,0,0,0,0,0,36087,66,35,0,0,0,0,0
489,2757,490.4283918457301,99994,110,62,4,0,681,367,0.010480628837730264,67,29,39154,28927,442,218,10222,20763,24993,11734,0,0,62640,562,203,1,2,0,0,0,0,0,36485,64,37,0,0,0,0,0
490,2757,491.39901435026775,99994,109,57,4,0,693,373,0.010660639638378303,71,36,39003,28757,454,227,10358,20922,25216,11920,0,0,62212,581,208,1,2,0,0,0,0,0,36889,64,37,0,0,0,0,0
491,2757,492.3733798929049,99994,109,57,4,0,710,382,0.01092065523931436,74,40,38839,28584,468,234,10505,21084,25438,12107,0,0,61787,598,217,1,2,0,0,0,0,0,37288,63,38,0,0,0,0,0
492,2757,493.3517283855135,99994,107,62,4,0,729,397,0.011260675640538433,66,34,38683,28432,486,241,10653,21230,25658,12294,0,0,61358,621,225,1,2,0,0,0,0,0,37686,62,39,0,0,0,0,0
493,2757,494.3341516889263,99994,103,65,4,0,741,406,0.011470688241294477,64,38,38540,28287,500,245,10788,21364,25877,12482,0,0,60940,633,235,1,2,0,0,0,0,0,38082,61,40,0,0,0,0,0
494,2757,495.3203488761228,99994,102,67,4,0,756,416,0.011720703242194533,62,34,38376,28138,515,251,10940,21509,26095,12670,0,0,60518,649,243,1,2,0,0,0,0,0,38480,61,40,0,0,0,0,0
495,2757,496.31072993296374,99994,104,68,4,0,773,426,0.01199071944316659,58,28,38211,28004,528,258,11094,21641,26311,12859,0,0,60100,662,254,1,2,0,0,0,0,0,38874,61,40,0,0,0,0,0
496,2757,497.3053032398547,99994,103,63,4,0,782,429,0.012110726643598616,66,34,38058,27867,535,262,11233,21773,26526,13048,0,0,59689,669,265,1,2,0,0,0,0,0,39267,61,40,0,0,0,0,0
497,2757,498.3039529376009,99994,98,61,4,0,796,437,0.012330739844390664,77,38,37903,27728,548,267,11369,21905,26739,13237,0,0,59274,682,281,1,2,0,0,0,0,0,39653,61,40,0,0,0,0,0
498,2757,499.30666308020216,99994,100,65,4,0,812,448,0.012600756045362722,74,32,37747,27597,557,271,11517,22034,26951,13427,0,0,58860,695,289,1,2,0,0,0,0,0,40046,60,41,0,0,0,0,0
499,2757,500.3134634438296,99994,106,58,4,0,835,454,0.012890773446406784,72,32,37592,27447,564,280,11661,22182,27162,13617,0,0,58445,710,304,1,2,0,0,0,0,0,40431,59,42,0,0,0,0,0
500,2757,501.32445727238553,99994,102,59,4,0,847,461,0.013080784847090826,74,35,37443,27294,575,283,11801,22328,27371,13807,0,0,58042,713,319,2,3,0,0,0,0,0,40814,59,42,0,0,0,0,0
501,2757,502.33947171480276,99993,105,64,5,0,863,474,0.013370935965517586,80,29,37282,27166,579,286,11948,22454,27579,13997,0,0,57638,718,334,2,3,0,0,0,0,0,41197,59,42,0,0,0,0,0
502,2757,503.35872885894946,99993,105,67,5,0,881,483,0.01364095486684068,79,29,37126,27044,594,287,12090,22572,27785,14188,0,0,57230,732,344,2,3,0,0,0,0,0,41581,56,45,0,0,0,0,0
503,2757,504.3823460036976,99992,102,63,5,1,899,490,0.013891111288903113,74,30,36968,26910,613,295,12237,22700,27990,14379,0,0,56814,751,354,2,4,0,0,0,0,0,41966,56,45,0,0,0,0,0
504,2757,505.4103848639849,99992,104,61,5,1,917,497,0.01414113129050324,75,38,36811,26773,624,300,12380,22826,28193,14570,0,0,56411,760,370,2,4,0,0,0,0,0,42344,56,45,0,0,0,0,0
505,2757,506.442817290323,99992,101,59,5,1,930,506,0.014361148891911353,73,35,36653,26643,638,306,12529,22955,28395,14761,0,0,56005,773,384,2,4,0,0,0,0,0,42723,56,45,0,0,0,0,0
506,2757,507.47972024613296,99992,105,60,5,1,949,511,0.014601168093447477,72,39,36509,26514,646,306,12662,23079,28595,14952,0,0,55605,783,393,2,4,0,0,0,0,0,43104,55,46,0,0,0,0,0
507,2757,508.5207714580801,99992,107,65,5,1,968,526,0.01494119529562365,68,36,36367,26392,656,315,12796,23190,28794,15143,0,0,55200,798,405,2,4,0,0,0,0,0,43482,55,46,0,0,0,0,0
508,2757,509.04203626690304,99991,117,64,5,2,983,530,0.01513136182256403,59,36,36200,26245,659,316,12959,23336,28991,15334,0,0,54809,802,410,1,5,0,0,0,0,0,43863,55,46,0,0,0,0,0
509,2757,510.0919305775202,99991,109,61,5,2,1001,538,0.01539138522467022,58,34,36041,26133,678,324,13108,23445,29187,15524,0,0,54404,822,427,1,5,0,0,0,0,0,44231,54,47,0,0,0,0,0
510,2757,511.1465071347573,99991,104,56,5,2,1018,543,0.01561140502645238,59,42,35887,26017,693,332,13251,23550,29381,15714,0,0,54006,836,445,1,5,0,0,0,0,0,44597,54,47,0,0,0,0,0
511,2757,512.2055551801767,99991,97,61,5,2,1030,554,0.01584142572831555,67,33,35752,25903,704,334,13374,23666,29574,15904,0,0,53614,845,461,1,5,0,0,0,0,0,44964,54,47,0,0,0,0,0
512,2757,513.2688153744657,99991,102,63,5,2,1048,564,0.01612145093058375,66,30,35606,25786,706,339,13514,23779,29765,16094,0,0,53228,851,476,0,6,0,0,0,0,0,45329,54,47,0,0,0,0,0
513,2757,514.3363505160522,99991,97,70,5,2,1067,577,0.016441479733175987,63,25,35460,25688,721,343,13653,23871,29955,16284,0,0,52838,861,494,0,7,0,0,0,0,0,45690,54,47,0,0,0,0,0
514,2757,515.4084742455545,99991,97,64,5,2,1084,582,0.016661499534958147,60,27,35320,25582,726,348,13791,23976,30143,16473,0,0,52455,867,516,0,7,0,0,0,0,0,46045,54,47,0,0,0,0,0
515,2757,516.4848903594093,99991,105,57,5,2,1105,590,0.016951525637307358,55,25,35169,25466,735,358,13930,24091,30330,16662,0,0,52066,880,531,0,7,0,0,0,0,0,46406,54,47,0,0,0,0,0
516,2757,517.0241289047132,99991,105,56,5,2,1115,595,0.017101539138522467,56,24,35007,25327,738,359,14088,24231,30515,16851,0,0,51691,881,546,0,7,0,0,0,0,0,46765,54,47,0,0,0,0,0
517,2757,518.1101545678862,99991,103,48,5,2,1130,597,0.01727155443989959,57,25,34856,25240,751,365,14227,24319,30698,17039,0,0,51309,892,562,0,7,0,0,0,0,0,47120,54,47,0,0,0,0,0
518,2757,519.2008063727246,99991,107,42,5,2,1146,600,0.01746157154143873,62,26,34706,25147,756,373,14363,24409,30880,17227,0,0,50935,896,579,0,7,0,0,0,0,0,47473,54,47,0,0,0,0,0
519,2757,520.2961562175809,99991,113,44,5,2,1165,608,0.017731595843625925,61,24,34568,25045,762,374,14490,24510,31060,17414,0,0,50564,900,594,0,7,0,0,0,0,0,47825,54,47,0,0,0,0,0
520,2757,521.3959132890246,99991,120,44,5,2,1184,613,0.0179716174455701,65,28,34420,24935,770,374,14619,24616,31239,17601,0,0,50191,907,604,0,7,0,0,0,0,0,48181,54,47,0,0,0,0,0
521,2757,522.5002965755925,99991,107,48,5,2,1199,623,0.018221639947595285,68,31,34282,24840,788,374,14749,24704,31416,17787,0,0,49815,920,625,0,7,0,0,0,0,0,48523,54,47,0,0,0,0,0
522,2757,523.0534204080282,99991,104,49,5,2,1205,627,0.018321648948405357,69,35,34114,24697,793,376,14914,24840,31592,17973,0,0,49447,926,631,0,7,0,0,0,0,0,48879,54,47,0,0,0,0,0
523,2757,524.1676592919583,99991,114,52,5,2,1225,638,0.018631676850916584,67,34,33972,24626,798,378,15043,24907,31766,18158,0,0,49088,926,647,0,8,0,0,0,0,0,49221,54,47,0,0,0,0,0
524,2757,525.2865458586604,99991,106,57,5,2,1241,650,0.018911702053184785,71,31,33819,24559,819,381,15179,24969,31939,18343,0,0,48715,941,663,0,8,0,0,0,0,0,49563,54,47,0,0,0,0,0
525,2757,526.4103068350079,99991,102,58,5,2,1253,658,0.019111720054804934,72,34,33698,24488,827,382,15295,25035,32110,18527,0,0,48353,948,679,0,8,0,0,0,0,0,49902,54,47,0,0,0,0,0
526,2757,527.5386747362178,99991,111,60,5,2,1275,669,0.01944174975747817,63,30,33572,24413,834,386,15414,25108,32280,18710,0,0,48000,949,700,0,8,0,0,0,0,0,50233,53,48,0,0,0,0,0
527,2757,528.1036867812342,99991,112,59,5,2,1283,675,0.019581762358612274,65,28,33418,24295,836,389,15563,25226,32448,18893,0,0,47646,953,710,0,8,0,0,0,0,0,50573,52,49,0,0,0,0,0
528,2757,529.2412942444554,99990,109,53,6,2,1293,680,0.019731973197319733,75,30,33284,24224,840,397,15685,25293,32615,19075,0,0,47284,965,721,0,8,0,0,0,0,0,50911,52,49,0,0,0,0,0
529,2757,530.3834122032428,99990,125,55,6,2,1325,688,0.02013201320132013,56,29,33174,24166,846,399,15792,25348,32780,19256,0,0,46932,971,737,0,8,0,0,0,0,0,51241,52,49,0,0,0,0,0
530,2757,531.5294594876977,99990,123,54,6,2,1346,695,0.02041204120412041,55,31,33046,24110,861,405,15908,25397,32944,19436,0,0,46576,984,755,0,8,0,0,0,0,0,51566,51,50,0,0,0,0,0
531,2757,532.1032925474129,99990,120,56,6,2,1357,698,0.02055205520552055,56,38,32902,23988,867,404,16048,25511,33106,19616,0,0,46233,986,768,0,8,0,0,0,0,0,51894,50,51,0,0,0,0,0
532,2757,533.258873401518,99990,121,59,6,2,1371,711,0.02082208220822082,55,32,32769,23910,876,413,16172,25583,33267,19795,0,0,45886,994,783,0,8,0,0,0,0,0,52218,49,52,0,0,0,0,0
533,2757,534.4189144597811,99990,121,52,6,2,1391,719,0.021102110211021104,54,34,32656,23843,887,422,16275,25646,33426,19973,0,0,45542,1001,811,0,8,0,0,0,0,0,52527,49,52,0,0,0,0,0
534,2757,535.5832451915757,99990,120,58,6,2,1413,728,0.02141214121412141,54,33,32526,23787,906,419,16387,25700,33584,20150,0,0,45200,1008,830,0,8,0,0,0,0,0,52843,49,52,0,0,0,0,0
535,2757,536.1663661951661,99990,116,58,6,2,1419,732,0.02151215121512151,57,37,32389,23690,911,419,16520,25793,33740,20326,0,0,44869,1007,843,0,9,0,0,0,0,0,53161,49,52,0,0,0,0,0
536,2757,537.3404038619108,99990,119,60,6,2,1436,744,0.021802180218021803,53,32,32277,23648,916,424,16628,25833,33895,20501,0,0,44534,1012,862,0,9,0,0,0,0,0,53472,49,52,0,0,0,0,0
537,2757,538.5184482300247,99990,111,56,6,2,1446,750,0.021962196219621963,68,30,32156,23598,925,433,16733,25880,34048,20675,0,0,44201,1019,881,1,9,0,0,0,0,0,53778,47,54,0,0,0,0,0
538,2757,539.1084654164262,99990,113,57,6,2,1456,755,0.022112211221122113,64,28,32024,23496,925,435,16867,25981,34200,20848,0,0,43880,1015,897,1,9,0,0,0,0,0,54087,47,54,0,0,0,0,0
539,2757,540.2959766722055,99990,111,59,6,2,1468,767,0.02235223522352235,70,25,31918,23435,929,445,16965,26033,34350,21020,0,0,43551,1023,913,1,9,0,0,0,0,0,54392,46,55,0,0,0,0,0
540,2757,541.4873128217089,99990,112,63,6,2,1487,781,0.02268226822682268,65,31,31813,23400,939,454,17064,26049,34499,21192,0,0,43217,1036,926,1,10,0,0,0,0,0,54699,46,55,0,0,0,0,0
541,2757,542.0837498953458,99990,113,57,6,2,1497,783,0.022802280228022803,64,32,31668,23317,944,458,17204,26133,34646,21363,0,0,42900,1035,944,1,10,0,0,0,0,0,54999,46,55,0,0,0,0,0
542,2757,543.2843444659883,99990,117,53,6,2,1512,792,0.02304230423042304,66,30,31569,23301,946,464,17295,26149,34792,21533,0,0,42582,1037,966,1,10,0,0,0,0,0,55293,46,55,0,0,0,0,0
543,2757,544.4889806550217,99990,120,55,6,2,1532,802,0.023342334233423342,59,28,31476,23274,957,469,17381,26171,34937,21702,0,0,42258,1046,980,2,10,0,0,0,0,0,55593,46,55,0,0,0,0,0
544,2757,545.0917793709295,99990,108,53,6,2,1537,808,0.023452345234523452,64,24,31336,23190,969,473,17516,26257,35080,21870,0,0,41945,1047,1002,3,10,0,0,0,0,0,55882,46,55,0,0,0,0,0
545,2757,546.3052657322671,99990,104,53,6,2,1547,814,0.023612361236123612,64,21,31222,23122,976,475,17627,26326,35222,22036,0,0,41640,1045,1024,3,10,0,0,0,0,0,56167,45,56,0,0,0,0,0
546,2757,547.1168420555615,99990,114,44,6,2,1568,817,0.023852385238523854,54,22,31125,23077,980,481,17720,26373,35362,22201,0,0,41330,1050,1040,3,11,0,0,0,0,0,56455,45,56,0,0,0,0,0
547,2757,548.3389475160035,99990,123,48,6,2,1595,828,0.024232423242324233,46,24,31032,23026,986,487,17806,26412,35501,22365,0,0,41020,1057,1058,3,11,0,0,0,0,0,56740,45,56,0,0,0,0,0
548,2757,549.5646033617099,99990,121,47,6,2,1608,835,0.024432443244324434,56,22,30931,22984,997,494,17888,26450,35639,22528,0,0,40715,1061,1077,3,11,0,0,0,0,0,57022,45,56,0,0,0,0,0
549,2757,550.1781915739084,99990,122,45,6,2,1618,837,0.024552455245524553,56,24,30804,22901,999,495,18012,26532,35775,22690,0,0,40416,1062,1089,3,11,0,0,0,0,0,57308,45,56,0,0,0,0,0
550,2757,551.4129243232718,99990,122,41,6,2,1636,839,0.024752475247524754,57,27,30723,22900,1011,495,18080,26534,35910,22851,0,0,40115,1067,1108,3,11,0,0,0,0,0,57585,45,56,0,0,0,0,0
551,2757,552.0308931824143,99990,120,40,6,2,1646,840,0.024862486248624863,55,27,30609,22816,1017,492,18192,26622,36044,23011,0,0,39823,1065,1124,3,11,0,0,0,0,0,57863,45,56,0,0,0,0,0
552,2757,553.273778717811,99990,113,41,6,2,1662,846,0.025082508250825083,63,27,30528,22801,1029,496,18260,26632,36176,23170,0,0,39521,1076,1141,3,11,0,0,0,0,0,58137,45,56,0,0,0,0,0
553,2757,554.5198900918857,99990,119,41,6,2,1679,853,0.02532253225322532,66,27,30435,22805,1031,499,18342,26625,36307,23328,0,0,39229,1080,1155,3,11,0,0,0,0,0,58411,44,57,0,0,0,0,0
554,2757,555.1434004912196,99989,127,41,7,2,1697,856,0.025532808608946984,55,25,30327,22741,1034,497,18449,26693,36437,23485,0,0,38941,1081,1164,4,11,0,0,0,0,0,58687,43,58,0,0,0,0,0
555,2757,556.3978803317268,99989,128,44,7,2,1720,865,0.02585284381281941,50,27,30258,22730,1045,500,18511,26696,36565,23641,0,0,38649,1089,1184,4,11,0,0,0,0,0,58951,43,58,0,0,0,0,0
556,2757,557.0254815230958,99989,129,45,7,2,1733,868,0.026012861414755624,42,24,30141,22664,1050,499,18630,26765,36692,23795,0,0,38369,1088,1199,4,11,0,0,0,0,0,59217,43,58,0,0,0,0,0
557,2757,558.2875828222569,99989,111,46,7,2,1740,874,0.026142875716328798,54,22,30064,22664,1067,501,18696,26764,36818,23948,0,0,38076,1102,1215,4,11,0,0,0,0,0,59480,43,58,0,0,0,0,0
558,2757,559.5532397010705,99989,112,44,7,2,1757,878,0.026352898818870076,55,28,29981,22620,1077,506,18767,26799,36943,24100,0,0,37794,1107,1232,4,11,0,0,0,0,0,59740,43,58,0,0,0,0,0
559,2757,560.1863102635953,99989,107,42,7,2,1764,881,0.02645290982008021,56,31,29870,22549,1085,508,18874,26867,37066,24251,0,0,37520,1108,1248,4,11,0,0,0,0,0,59997,42,59,0,0,0,0,0
560,2757,561.4601289811895,99989,116,45,7,2,1787,891,0.02678294612407365,52,26,29780,22526,1091,509,18953,26891,37188,24401,0,0,37252,1104,1273,4,11,0,0,0,0,0,60244,42,59,0,0,0,0,0
561,2757,562.0977287670354,99989,121,40,7,2,1798,892,0.02690295932552581,52,28,29660,22469,1093,512,19066,26948,37309,24550,0,0,36983,1104,1285,3,12,0,0,0,0,0,60501,42,59,0,0,0,0,0
562,2757,563.3803064051797,99989,121,40,7,2,1821,899,0.027202992329156208,47,25,29605,22477,1109,516,19110,26939,37429,24697,0,0,36705,1115,1302,4,12,0,0,0,0,0,60750,41,60,0,0,0,0,0
563,2757,564.021916441321,99989,115,36,7,2,1826,902,0.027283001130124315,50,24,29517,22422,1110,519,19200,26996,37547,24843,0,0,36444,1113,1322,4,12,0,0,0,0,0,60993,40,61,0,0,0,0,0
564,2757,565.3114950353373,99989,113,45,7,2,1843,915,0.02758303413375471,51,18,29445,22428,1122,522,19261,26984,37664,24988,0,0,36171,1124,1334,4,12,0,0,0,0,0,61243,40,61,0,0,0,0,0
565,2757,566.2532610156072,99989,116,45,7,2,1848,917,0.027653041834601808,53,17,29315,22340,1121,520,19387,27075,37780,25132,0,0,35914,1122,1340,4,12,0,0,0,0,0,61496,39,62,0,0,0,0,0
566,2757,567.0615487708834,99989,115,41,7,2,1867,922,0.027893068237506126,60,24,29261,22345,1130,524,19426,27063,37895,25275,0,0,35647,1131,1360,4,12,0,0,0,0,0,61734,39,62,0,0,0,0,0
567,2757,568.3618281685604,99989,108,39,7,2,1883,928,0.02811309244016842,66,23,29195,22353,1137,529,19486,27053,38009,25416,0,0,35393,1129,1391,5,12,0,0,0,0,0,61958,39,62,0,0,0,0,0
568,2757,569.0126050479608,99989,110,34,7,2,1891,930,0.02821310344137855,70,26,29088,22309,1135,534,19589,27094,38122,25556,0,0,35141,1127,1404,6,12,0,0,0,0,0,62198,39,62,0,0,0,0,0
569,2757,570.3206817269337,99989,114,35,7,2,1917,938,0.028553140845493003,67,23,29025,22322,1149,535,19637,27082,38233,25695,0,0,34878,1139,1419,7,12,0,0,0,0,0,62433,39,62,0,0,0,0,0
570,2757,571.6316217405138,99988,110,38,7,3,1938,949,0.028873464815777895,64,19,28986,22342,1162,537,19670,27060,38343,25833,0,0,34624,1146,1444,7,12,0,0,0,0,0,62654,38,63,0,0,0,0,0
571,2757,572.2873462923843,99988,107,38,7,3,1939,950,0.028893467216065928,67,18,28855,22250,1164,537,19799,27153,38452,25970,0,0,34380,1144,1451,7,12,0,0,0,0,0,62893,38,63,0,0,0,0,0
572,2757,573.4842940857734,99988,108,30,7,3,1962,954,0.029163499619954396,59,18,28789,22260,1176,549,19860,27139,38560,26106,0,0,34132,1149,1480,7,12,0,0,0,0,0,63107,37,64,0,0,0,0,0
573,2757,574.0964267435521,99988,112,32,7,3,1980,959,0.029393527223266793,48,19,28732,22268,1183,551,19917,27126,38667,26240,0,0,33887,1153,1493,7,12,0,0,0,0,0,63335,37,64,0,0,0,0,0
574,2757,575.0562323127219,99988,108,30,7,3,1985,965,0.029503540424850982,53,17,28656,22224,1176,552,19999,27173,38773,26373,0,0,33652,1149,1514,7,12,0,0,0,0,0,63553,37,64,0,0,0,0,0
575,2757,576.3214713146434,99988,100,30,7,3,2003,970,0.02973356802816338,52,20,28609,22269,1195,552,20036,27125,38878,26505,0,0,33408,1156,1538,7,12,0,0,0,0,0,63766,37,64,0,0,0,0,0
576,2757,577.0040251654934,99988,99,31,7,3,2003,972,0.029753570428451413,53,18,28489,22180,1191,553,20160,27214,38982,26636,0,0,33177,1152,1544,7,12,0,0,0,0,0,63995,37,64,0,0,0,0,0
577,2757,578.5214836405529,99988,98,24,7,3,2026,981,0.030073608833059966,51,23,28487,22276,1202,563,20154,27110,39085,26766,0,0,32942,1155,1581,7,12,0,0,0,0,0,64190,36,65,0,0,0,0,0
578,2757,579.1888519567789,99988,104,25,7,3,2039,984,0.030233628035364245,41,21,28399,22235,1203,562,20245,27153,39186,26894,0,0,32717,1151,1594,7,12,0,0,0,0,0,64406,36,65,0,0,0,0,0
579,2757,580.5295777897039,99988,84,30,7,3,2050,995,0.030453654438532624,43,17,28352,22251,1225,563,20288,27135,39286,27021,0,0,32476,1165,1617,7,12,0,0,0,0,0,64610,36,65,0,0,0,0,0
580,2757,581.2000414830825,99988,84,30,7,3,2053,996,0.030493659239108694,42,17,28239,22177,1224,559,20403,27213,39385,27147,0,0,32259,1157,1629,7,12,0,0,0,0,0,64823,36,65,0,0,0,0,0
581,2757,582.0540566295095,99988,92,32,7,3,2065,1003,0.03068368204184502,37,15,28181,22150,1214,562,20468,27237,39483,27272,0,0,32045,1148,1647,7,12,0,0,0,0,0,65028,36,65,0,0,0,0,0
582,2757,583.039447254388,99988,83,36,7,3,2072,1010,0.030823698843861262,39,12,28124,22155,1224,563,20522,27230,39580,27396,0,0,31822,1150,1664,7,12,0,0,0,0,0,65232,36,65,0,0,0,0,0
583,2757,584.3121799180878,99988,75,34,7,3,2078,1015,0.030933712045445455,42,9,28086,22168,1233,568,20556,27217,39676,27519,0,0,31597,1156,1677,7,13,0,0,0,0,0,65437,36,65,0,0,0,0,0
584,2757,585.0759435717955,99988,67,30,7,3,2085,1016,0.031013721646597592,47,13,28065,22192,1238,573,20575,27188,39771,27641,0,0,31373,1163,1690,7,13,0,0,0,0,0,65641,36,65,0,0,0,0,0
585,2757,586.1599772265974,99988,72,26,7,3,2099,1020,0.031193743249189904,42,17,28030,22190,1239,577,20609,27186,39865,27761,0,0,31156,1167,1703,7,13,0,0,0,0,0,65841,35,66,0,0,0,0,0
586,2757,587.005544609722,99988,73,31,7,3,2105,1025,0.031303756450774094,41,12,27935,22132,1238,574,20705,27247,39958,27880,0,0,30948,1163,1712,7,13,0,0,0,0,0,66044,35,66,0,0,0,0,0
587,2757,588.1782278123586,99988,86,26,7,3,2128,1028,0.03156378765451854,30,15,27902,22155,1233,579,20741,27221,40050,27998,0,0,30738,1163,1728,7,14,0,0,0,0,0,66237,35,66,0,0,0,0,0
588,2757,589.6069200968703,99988,82,23,7,3,2137,1030,0.03167380085610273,30,16,27895,22196,1237,578,20748,27183,40141,28115,0,0,30532,1162,1747,7,14,0,0,0,0,0,66425,34,67,0,0,0,0,0
589,2757,590.0111365377422,99988,79,27,7,3,2138,1034,0.03172380685682282,30,13,27818,22159,1232,574,20833,27223,40231,28231,0,0,30337,1151,1762,7,14,0,0,0,0,0,66616,34,67,0,0,0,0,0
590,2757,591.3619318306766,99988,71,26,7,3,2151,1036,0.03187382485898308,28,15,27813,22214,1244,575,20836,27166,40321,28346,0,0,30132,1151,1784,7,15,0,0,0,0,0,66798,34,67,0,0,0,0,0
591,2757,592.3163188900481,99988,71,23,7,3,2158,1037,0.031953834460135215,26,19,27787,22220,1240,575,20868,27159,40410,28460,0,0,29937,1143,1803,7,15,0,0,0,0,0,66982,34,67,0,0,0,0,0
592,2757,593.1566608768337,99988,68,26,7,3,2161,1040,0.03201384166099932,26,18,27702,22180,1241,572,20955,27200,40498,28572,0,0,29742,1138,1814,7,15,0,0,0,0,0,67171,34,67,0,0,0,0,0
593,2757,594.4322340934481,99988,66,23,7,3,2173,1047,0.032203864463735646,27,19,27716,22264,1238,576,20945,27114,40585,28683,0,0,29545,1137,1839,7,15,0,0,0,0,0,67344,34,67,0,0,0,0,0
594,2757,595.1805013293886,99988,64,22,7,3,2177,1049,0.03226387166459975,28,18,27678,22231,1235,577,20987,27148,40671,28793,0,0,29354,1132,1853,7,15,0,0,0,0,0,67526,34,67,0,0,0,0,0
595,2757,596.0713646683051,99988,60,24,7,3,2179,1051,0.032303876465175824,29,18,27600,22191,1238,577,21065,27186,40756,28902,0,0,29158,1134,1857,7,15,0,0,0,0,0,67716,34,67,0,0,0,0,0
596,2757,597.1593134598581,99988,56,26,7,3,2189,1057,0.0324638956674801,27,15,27607,22231,1245,574,21057,27150,40840,29010,0,0,28967,1134,1875,7,15,0,0,0,0,0,67889,33,68,0,0,0,0,0
597,2757,598.6679811714624,99988,53,24,7,3,2199,1060,0.03259391126935232,26,16,27612,22284,1249,578,21052,27094,40923,29117,0,0,28776,1136,1891,6,16,0,0,0,0,0,68062,33,68,0,0,0,0,0
598,2757,599.0585622197699,99988,55,25,7,3,2202,1061,0.03263391606992839,25,15,27531,22222,1246,576,21135,27158,41005,29223,0,0,28595,1129,1899,6,16,0,0,0,0,0,68242,33,68,0,0,0,0,0
599,2757,600.4755364805095,99988,56,25,7,3,2210,1064,0.03274392927151258,23,15,27520,22259,1240,576,21153,27121,41087,29328,0,0,28412,1125,1913,6,16,0,0,0,0,0,68415,33,68,0,0,0,0,0
600,2757,601.5214779788205,99988,51,26,7,3,2216,1068,0.03284394127295275,25,12,27528,22337,1241,572,21147,27049,41168,29432,0,0,28229,1123,1929,6,16,0,0,0,0,0,68584,33,68,0,0,0,0,0
601,2757,602.2133427577114,99988,52,24,7,3,2218,1069,0.032873944873384804,24,12,27441,22282,1239,572,21236,27106,41248,29535,0,0,28050,1119,1937,6,16,0,0,0,0,0,68759,33,68,0,0,0,0,0
602,2757,603.1747373993735,99988,57,24,7,3,2227,1072,0.03299395927511301,22,12,27404,22293,1230,574,21279,27093,41327,29637,0,0,27874,1114,1949,6,16,0,0,0,0,0,68928,33,68,0,0,0,0,0
603,2757,604.3679891624689,99988,55,25,7,3,2234,1075,0.03309397127655318,19,9,27390,22326,1235,573,21293,27063,41405,29738,0,0,27695,1114,1959,7,16,0,0,0,0,0,69097,32,68,0,0,0,0,0
604,2757,605.1200046584406,99988,51,24,7,3,2238,1076,0.03314397727727327,18,10,27344,22313,1236,574,21343,27075,41482,29838,0,0,27515,1117,1966,7,16,0,0,0,0,0,69267,32,68,0,0,0,0,0
605,2757,606.0716487752795,99988,52,27,7,3,2244,1080,0.03324398927871344,17,8,27318,22328,1237,572,21368,27061,41559,29937,0,0,27342,1114,1975,7,16,0,0,0,0,0,69434,32,68,0,0,0,0,0
606,2757,607.4337812871571,99988,39,22,7,3,2250,1083,0.0333340000800096,19,7,27342,22420,1246,575,21346,26972,41635,30035,0,0,27170,1112,2004,7,16,0,0,0,0,0,69579,32,68,0,0,0,0,0
607,2757,608.0087778510147,99988,40,22,7,3,2251,1083,0.03334400128015362,18,7,27259,22358,1244,574,21431,27035,41710,30132,0,0,27001,1109,2007,7,16,0,0,0,0,0,69748,32,68,0,0,0,0,0
608,2757,609.1381576916388,99988,39,17,7,3,2256,1083,0.0333940072808737,21,8,27251,22395,1242,573,21439,27003,41784,30228,0,0,26833,1107,2018,7,17,0,0,0,0,0,69906,32,68,0,0,0,0,0
609,2757,610.312010125704,99988,34,13,7,3,2259,1085,0.03344401328159379,22,6,27238,22432,1239,575,21459,26970,41857,30323,0,0,26668,1104,2035,7,17,0,0,0,0,0,70057,32,68,0,0,0,0,0
610,2757,611.0523753488126,99988,34,11,7,3,2261,1086,0.033474016882025844,24,9,27201,22452,1232,571,21501,26953,41930,30417,0,0,26509,1096,2048,7,17,0,0,0,0,0,70211,32,68,0,0,0,0,0
611,2757,612.0147093294738,99988,37,13,7,3,2268,1089,0.033574028883466014,20,8,27221,22497,1227,568,21487,26910,42002,30510,0,0,26345,1095,2054,7,17,0,0,0,0,0,70370,32,68,0,0,0,0,0
612,2757,613.0007612392815,99988,38,13,7,3,2270,1091,0.03361403368404209,18,6,27162,22449,1225,570,21549,26958,42073,30602,0,0,26186,1092,2060,7,17,0,0,0,0,0,70526,31,69,0,0,0,0,0
613,2757,614.1012958967159,99988,31,17,7,3,2276,1095,0.03371404568548226,17,5,27165,22496,1230,566,21549,26912,42143,30693,0,0,26025,1093,2072,6,18,0,0,0,0,0,70674,31,69,0,0,0,0,0
614,2757,615.0628499040675,99988,32,15,7,3,2280,1095,0.033754050486058326,21,5,27179,22542,1218,563,21542,26871,42213,30783,0,0,25873,1085,2085,6,18,0,0,0,0,0,70821,31,69,0,0,0,0,0
615,2757,616.3052633085621,99988,31,14,7,3,2284,1095,0.03379405528663439,18,7,27158,22583,1214,562,21571,26830,42282,30872,0,0,25720,1079,2093,7,19,0,0,0,0,0,70970,31,69,0,0,0,0,0
616,2757,617.236789046695,99988,30,14,7,3,2287,1097,0.03384406128735448,21,8,27129,22587,1210,560,21602,26827,42350,30960,0,0,25570,1073,2105,7,19,0,0,0,0,0,71114,31,69,0,0,0,0,0
617,2757,618.0001606316397,99988,32,13,7,3,2291,1099,0.033904068488218586,22,8,27095,22598,1204,560,21639,26817,42418,31047,0,0,25422,1066,2117,7,19,0,0,0,0,0,71257,31,69,0,0,0,0,0
618,2757,619.0503046832125,99988,34,15,7,3,2298,1101,0.03399407928951474,17,10,27109,22631,1199,555,21633,26785,42485,31133,0,0,25277,1058,2130,7,19,0,0,0,0,0,71397,31,69,0,0,0,0,0
619,2757,620.3945181652214,99988,29,13,7,3,2305,1102,0.03407408889066688,15,15,27121,22674,1205,553,21622,26741,42551,31218,0,0,25124,1061,2142,7,19,0,0,0,0,0,71535,30,70,0,0,0,0,0
620,2757,621.2931184592991,99988,30,17,7,3,2309,1107,0.03416409969196304,13,14,27084,22697,1204,547,21661,26721,42617,31302,0,0,24979,1056,2151,7,19,0,0,0,0,0,71676,30,70,0,0,0,0,0
621,2757,622.0029921735742,99988,31,18,7,3,2314,1110,0.03424410929311517,9,13,27055,22697,1197,546,21700,26722,42682,31385,0,0,24842,1046,2167,7,19,0,0,0,0,0,71807,29,71,0,0,0,0,0
622,2757,623.0190565210687,99988,34,18,7,3,2318,1113,0.03431411769412329,10,10,27071,22729,1192,545,21685,26694,42746,31467,0,0,24702,1041,2176,6,20,0,0,0,0,0,71943,29,71,0,0,0,0,0
623,2757,624.0976877460822,99988,35,20,7,3,2323,1117,0.03440412849541945,7,8,27072,22751,1190,546,21688,26671,42810,31549,0,0,24563,1035,2188,6,20,0,0,0,0,0,72076,28,72,0,0,0,0,0
624,2757,625.0936599178058,99988,33,17,7,3,2325,1117,0.034424130895707485,9,9,27074,22776,1190,544,21686,26650,42873,31630,0,0,24422,1032,2198,6,20,0,0,0,0,0,72210,28,72,0,0,0,0,0
625,2757,626.0950811048825,99988,36,18,7,3,2329,1121,0.034504140496859625,6,6,27062,22809,1186,546,21702,26617,42935,31710,0,0,24281,1031,2203,6,20,0,0,0,0,0,72347,28,72,0,0,0,0,0
626,2757,627.3113369576132,99987,31,16,8,3,2331,1123,0.034544490783801896,5,5,27065,22827,1184,548,21706,26600,42997,31789,0,0,24142,1029,2215,6,20,0,0,0,0,0,72475,28,72,0,0,0,0,0
627,2757,628.0918411780148,99987,28,15,8,3,2333,1124,0.03457449468430896,6,5,27052,22838,1184,550,21721,26588,43058,31867,0,0,24004,1028,2223,6,20,0,0,0,0,0,72606,28,72,0,0,0,0,0
628,2757,629.0438104770508,99987,27,14,8,3,2336,1127,0.03463450248532309,5,3,27049,22860,1183,551,21727,26568,43118,31944,0,0,23870,1025,2234,6,20,0,0,0,0,0,72732,28,72,0,0,0,0,0
629,2757,630.5395015300775,99987,23,19,8,3,2338,1133,0.03471451288667527,32,24,27101,22914,1177,551,21658,26488,43178,32020,0,0,23738,1021,2244,6,20,0,0,0,0,1,72857,28,72,0,0,0,0,0
630,2757,631.2423078176416,99987,28,21,8,3,2343,1136,0.03479452328802744,35,26,27079,22908,1169,549,21680,26492,43237,32096,0,0,23613,1013,2252,5,21,0,0,0,0,2,72981,27,73,0,0,0,0,0
631,2757,632.2972334190216,99987,33,28,8,3,2350,1144,0.03494454279056277,35,21,27094,22938,1162,548,21667,26461,43296,32171,0,0,23484,1006,2258,6,21,0,1,0,0,3,73108,27,73,0,0,0,0,0
632,2757,633.0001313117727,99987,35,32,8,3,2354,1151,0.035054557092422015,35,18,27054,22920,1157,546,21710,26480,43354,32245,0,0,23361,997,2267,6,21,0,1,0,0,8,73226,27,73,0,0,0,0,0
633,2757,634.286664807934,99987,40,35,8,3,2365,1157,0.03522457919529539,48,24,27104,22980,1151,544,21648,26413,43411,32318,0,0,23235,990,2273,7,21,0,3,0,0,14,73344,27,73,0,0,0,0,0
634,2757,635.3401960806876,99987,52,34,8,3,2382,1163,0.035454609099182896,51,23,27116,23005,1151,547,21621,26387,43468,32390,0,0,23105,987,2276,7,21,0,7,0,0,22,73462,27,73,0,0,0,0,0
635,2757,636.04225107126,99987,62,38,8,3,2396,1171,0.03567463770290138,50,19,27090,23015,1153,550,21636,26374,43524,32462,0,0,22978,985,2278,7,21,0,8,0,0,29,73581,27,73,0,0,0,0,0
636,2757,637.196258482974,99987,72,39,8,3,2413,1178,0.0359146689069579,67,22,27088,23045,1154,556,21610,26334,43580,32533,0,0,22851,981,2282,7,21,0,12,0,0,38,73695,27,73,0,0,0,0,0
637,2757,638.2496807756542,99987,84,40,8,3,2435,1184,0.03619470531169052,60,27,27108,23092,1156,560,21583,26277,43635,32603,0,0,22725,979,2284,7,21,0,15,0,0,50,73806,27,73,0,0,0,0,0
638,2757,639.3024996553372,99987,88,38,8,3,2452,1189,0.036414733915409,70,32,27106,23127,1158,565,21569,26234,43690,32672,0,0,22604,973,2290,7,21,0,18,0,0,67,73907,27,73,0,0,0,0,0
639,2757,640.0042354054971,99987,89,36,8,3,2463,1191,0.03654475081760629,75,38,27084,23132,1165,566,21578,26224,43744,32741,0,0,22478,970,2293,7,21,0,24,0,0,75,74019,27,73,0,0,0,0,0
640,2757,641.05759771329,99987,92,33,8,3,2480,1196,0.03676477942132477,78,44,27091,23185,1173,569,21557,26165,43797,32809,0,0,22357,966,2296,7,22,0,28,0,0,92,74119,27,73,0,0,0,0,0
641,2757,642.1104749502717,99987,90,42,8,3,2497,1211,0.037084821026733474,93,42,27091,23215,1180,573,21537,26124,43850,32876,0,0,22234,958,2303,8,22,0,38,0,0,106,74218,27,73,0,0,0,0,0
642,2757,643.1631560322089,99987,94,42,8,3,2518,1219,0.03737485873163511,96,43,27100,23270,1185,576,21516,26065,43902,32942,0,0,22121,947,2314,8,22,0,44,0,0,125,74306,27,73,0,0,0,0,0
643,2757,644.2155336232515,99987,109,43,8,3,2546,1229,0.03775490813805795,99,45,27085,23308,1194,584,21504,26016,43954,33008,0,0,21998,944,2316,9,22,0,51,0,0,139,74408,27,73,0,0,0,0,0
644,2757,645.2680843951453,99987,116,49,8,3,2568,1241,0.038094952343804694,104,57,27088,23327,1200,588,21483,25975,44005,33073,0,0,21873,943,2317,9,22,0,61,0,0,150,74512,27,73,0,0,0,0,0
645,2757,646.3204956086932,99987,129,63,8,3,2594,1261,0.03855501215157971,121,63,27091,23366,1208,591,21442,25913,44056,33137,0,0,21755,939,2320,10,22,0,67,0,0,162,74612,27,73,0,0,0,0,0
646,2757,647.0217386515145,99987,143,57,8,3,2621,1267,0.03888505505715743,117,66,27073,23372,1215,600,21443,25901,44106,33200,0,0,21641,933,2326,10,22,0,74,0,0,180,74701,27,73,0,0,0,0,0
647,2757,648.074186465632,99987,160,62,8,3,2661,1283,0.03944512786662266,117,72,27069,23396,1232,608,21413,25858,44156,33263,0,0,21522,929,2329,11,22,0,84,0,0,203,74787,26,74,0,0,0,0,0
648,2757,649.126227800344,99987,183,76,8,3,2700,1308,0.040085211077440064,116,68,27074,23435,1239,617,21379,25800,44205,33325,0,0,21409,925,2333,11,22,0,90,0,0,224,74873,26,74,0,0,0,0,0
649,2757,650.1780165738694,99987,202,83,8,3,2739,1328,0.04067528778741236,140,71,27058,23461,1255,627,21336,25754,44254,33386,0,0,21289,923,2335,11,22,0,102,0,0,245,74960,26,74,0,0,0,0,0
650,2757,651.2296493703843,99987,199,91,8,3,2772,1353,0.041255363197215636,171,69,27047,23498,1285,638,21289,25700,44302,33447,0,0,21170,919,2338,12,22,0,115,0,0,284,75027,26,74,0,0,0,0,0
651,2757,652.2815355884754,99986,227,93,9,3,2830,1369,0.041995879423119234,175,66,27028,23553,1303,648,21257,25636,44350,33507,0,0,21058,915,2340,12,24,0,122,0,0,318,75097,26,74,0,0,0,0,0
652,2757,653.3337496463135,99986,228,94,9,3,2872,1387,0.04259596343488088,188,72,27020,23606,1337,658,21217,25566,44397,33566,0,0,20938,910,2343,13,26,0,140,0,0,355,75162,26,73,0,0,0,0,0
653,2757,654.0352548253104,99986,240,98,9,3,2903,1398,0.04301602224311404,190,77,26989,23608,1352,661,21219,25552,44444,33625,0,0,20832,905,2347,12,28,0,146,0,0,374,75243,26,73,0,0,0,0,0
654,2757,655.0885738399323,99986,258,103,9,3,2952,1416,0.04368611605624787,217,88,26961,23642,1378,670,21176,25493,44490,33683,0,0,20726,900,2349,12,31,0,153,0,0,408,75308,26,73,0,0,0,0,0
655,2757,656.1422511369027,99986,272,111,9,3,3004,1437,0.044416218270557875,248,91,26936,23674,1404,681,21130,25439,44536,33741,0,0,20615,894,2353,13,32,0,165,0,0,445,75370,26,73,0,0,0,0,0
656,2757,657.1964531522075,99986,305,114,9,3,3076,1459,0.04535634988898446,261,96,26922,23704,1429,695,21073,25387,44582,33798,0,0,20498,892,2354,13,33,0,181,0,0,486,75430,26,73,0,0,0,0,0
657,2757,658.250567276878,99986,317,126,9,3,3137,1484,0.04621647030584282,289,111,26910,23744,1469,703,21005,25312,44627,33854,0,0,20390,884,2360,14,35,0,196,0,0,530,75479,25,73,0,0,0,0,0
658,2757,659.3045721001332,99986,352,130,9,3,3219,1507,0.0472666173264257,284,120,26881,23784,1510,720,20963,25242,44672,33910,0,0,20266,883,2358,14,38,0,220,0,0,569,75540,25,73,0,0,0,0,0
659,2757,660.0075534823333,99986,371,134,9,3,3266,1524,0.047906706938971456,301,125,26841,23797,1531,731,20946,25209,44716,33965,0,0,20159,879,2360,14,40,0,232,0,0,596,75608,25,73,0,0,0,0,0
660,2757,661.063328194146,99985,400,155,10,3,3347,1564,0.04911736760514077,326,126,26785,23814,1572,745,20906,25156,44760,34019,0,0,20048,875,2359,15,44,0,248,0,0,645,75653,25,73,0,0,0,0,0
661,2757,662.1203101731667,99985,436,158,10,3,3446,1588,0.050347552132819925,351,157,26737,23817,1625,765,20840,25099,44803,34073,0,0,19937,872,2357,16,48,0,264,0,0,708,75685,25,73,0,0,0,0,0
662,2757,663.1782762240629,99984,464,174,11,3,3549,1620,0.051698271723475756,384,177,26691,23827,1685,779,20764,25039,44846,34126,0,0,19817,865,2360,16,52,0,294,0,0,764,75718,25,73,0,0,0,0,0
663,2757,664.237208748354,99984,487,205,11,3,3647,1675,0.05322851656265003,417,176,26645,23838,1750,800,20689,24977,44889,34179,0,0,19692,864,2359,16,54,0,324,0,0,831,75746,25,73,0,0,0,0,0
664,2757,665.2971119206329,99983,519,216,12,3,3757,1721,0.05478931418341118,439,193,26599,23868,1817,832,20613,24887,44931,34231,0,0,19582,859,2359,18,56,0,344,0,0,919,75748,24,74,0,0,0,0,0
665,2757,666.004267297226,99983,542,226,12,3,3828,1760,0.05588950121520658,461,186,26539,23877,1852,857,20593,24850,44973,34283,0,0,19480,851,2366,18,58,0,360,0,0,977,75775,24,74,0,0,0,0,0
666,2757,667.0670622651609,99983,582,241,12,3,3961,1806,0.05767980556694638,493,216,26459,23882,1929,882,20524,24775,45014,34334,0,0,19360,846,2369,18,60,0,393,0,0,1065,75774,23,75,0,0,0,0,0
667,2757,668.1318451508359,99982,611,276,12,4,4080,1870,0.05951071192814707,533,221,26403,23903,2005,904,20435,24691,45055,34384,0,0,19246,841,2373,18,62,0,421,0,0,1152,75771,23,75,0,0,0,0,0
668,2757,669.1976200279089,99982,654,293,12,4,4211,1931,0.06143105759036627,560,227,26359,23925,2079,946,20335,24604,45096,34434,0,0,19120,837,2373,19,66,0,460,0,0,1240,75770,22,75,0,0,0,0,0
669,2757,670.2644242221636,99982,748,303,12,4,4388,1993,0.0638214878678162,605,256,26250,23918,2151,992,20233,24526,45136,34483,0,0,18998,836,2373,21,69,0,492,0,0,1335,75762,22,74,0,0,0,0,0
670,2757,671.3333811428786,99982,803,330,12,4,4547,2063,0.06611190014202556,640,274,26172,23921,2234,1031,20138,24439,45176,34532,0,0,18876,830,2373,24,73,0,528,0,0,1438,75744,22,74,0,0,0,0,0
671,2757,672.0470465130325,99982,837,352,12,4,4666,2119,0.06786221519873577,655,283,26080,23901,2311,1060,20104,24399,45215,34580,0,0,18756,825,2371,29,75,0,561,0,0,1517,75752,22,74,0,0,0,0,0
672,2757,673.1207438254766,99981,882,386,13,4,4851,2213,0.07065342415058862,680,279,25996,23899,2437,1113,19991,24318,45254,34628,0,0,18620,820,2372,31,80,0,613,0,0,1654,75695,22,74,0,0,0,0,0
673,2757,674.1968341891428,99980,934,394,14,4,5035,2286,0.0732246449289858,707,307,25906,23879,2552,1173,19886,24242,45293,34675,0,0,18502,814,2371,34,85,0,648,0,0,1806,75624,22,74,0,0,0,0,0
674,2757,675.2753663238963,99980,962,413,14,4,5203,2369,0.07573514702940588,773,351,25827,23879,2670,1220,19753,24132,45331,34722,0,0,18372,809,2366,38,91,0,694,0,0,1954,75560,22,74,0,0,0,0,0
675,2757,676.3559163286017,99979,1014,443,15,4,5415,2460,0.07876654097360446,831,376,25710,23875,2808,1278,19621,24023,45369,34768,0,0,18235,805,2367,41,93,0,748,0,0,2113,75481,22,74,0,0,0,0,0
676,2757,677.0778100994048,99978,1065,477,16,4,5566,2539,0.0810678349236832,874,383,25609,23848,2892,1319,19543,23968,45407,34814,0,0,18126,799,2365,45,99,0,776,0,0,2218,75455,21,74,0,0,0,0,0
677,2757,678.164209648376,99977,1117,521,17,4,5798,2654,0.0845394440721366,942,400,25468,23843,3043,1382,19412,23849,45444,34859,0,0,17992,799,2358,46,109,1,827,0,0,2399,75351,21,74,0,0,0,0,0
678,2757,679.2545749627386,99975,1177,559,17,6,6052,2770,0.08824206051512878,998,433,25329,23815,3219,1447,19259,23739,45481,34904,0,0,17846,797,2353,47,117,1,892,0,0,2593,75234,21,74,0,0,0,0,0
679,2757,680.3491711148891,99973,1270,579,18,7,6320,2888,0.0921048683144449,1052,475,25175,23801,3371,1530,19113,23607,45517,34948,0,0,17714,794,2349,51,126,1,945,0,0,2793,75106,19,75,0,0,0,0,0
680,2757,681.0811370240281,99973,1322,608,18,7,6526,2982,0.09510567853320397,1071,497,25077,23765,3504,1583,19007,23539,45553,34992,0,0,17595,788,2350,53,130,1,987,0,0,2962,75013,19,75,0,0,0,0,0
681,2757,682.1830138969522,99973,1417,651,18,7,6852,3106,0.09960689386134257,1080,559,24912,23730,3705,1653,18867,23399,45589,35035,0,0,17442,782,2342,60,142,1,1060,0,0,3177,74873,19,75,0,0,0,0,0
682,2757,683.290123047283,99971,1473,682,20,7,7158,3256,0.10417020936071461,1144,605,24746,23673,3920,1761,18696,23271,45624,35078,0,0,17298,776,2341,65,155,1,1126,0,0,3450,74666,18,75,0,0,0,0,0
683,2757,684.0312076461512,99970,1534,725,21,7,7379,3364,0.10746223867160148,1207,618,24604,23654,4048,1817,18585,23178,45659,35120,0,0,17166,771,2339,66,164,1,1186,0,0,3601,74583,17,76,0,0,0,0,0
684,2757,685.1479114965521,99969,1648,781,22,7,7731,3549,0.11283497884344147,1284,651,24410,23596,4243,1933,18392,23031,45694,35162,0,0,17009,761,2339,72,172,1,1270,0,0,3865,74387,17,76,0,0,0,0,0
685,2757,686.270127465677,99969,1777,847,22,7,8106,3727,0.11836669367503926,1365,688,24201,23542,4442,2025,18192,22890,45728,35203,0,0,16852,756,2339,75,187,1,1355,0,0,4107,74204,16,77,0,0,0,0,0
686,2757,687.0215605127287,99969,1823,883,22,7,8344,3856,0.12203783172783562,1435,720,24068,23492,4591,2107,18060,22790,45762,35244,0,0,16715,752,2332,79,201,1,1416,0,0,4305,74075,16,77,0,0,0,0,0
687,2757,688.1545821419858,99967,1943,954,24,7,8770,4066,0.1284023727830184,1496,763,23832,23406,4846,2231,17858,22638,45796,35285,0,0,16557,739,2318,88,229,1,1502,0,0,4615,73825,16,77,0,0,0,0,0
688,2757,689.2951567412838,99967,2123,1032,24,7,9223,4288,0.13515460101833604,1592,817,23580,23321,5057,2353,17623,22469,45829,35325,0,0,16393,735,2307,95,247,1,1590,0,0,4909,73597,16,77,0,0,0,0,0
689,2757,690.0598265180722,99966,2211,1089,24,8,9530,4449,0.13983754476522017,1632,855,23408,23269,5230,2441,17494,22337,45862,35365,0,0,16258,727,2305,104,260,1,1652,0,0,5136,73431,15,77,0,0,0,0,0
690,2757,691.2136081053332,99964,2342,1173,26,8,10011,4695,0.1471129606658397,1717,929,23171,23151,5497,2580,17246,22158,45895,35404,0,0,16073,724,2297,110,280,2,1760,0,0,5493,73133,15,77,0,0,0,0,0
691,2757,692.3751252428231,99962,2457,1237,28,8,10508,4948,0.15461875512694825,1820,952,22887,23062,5790,2746,17017,21994,45928,35443,0,0,15871,720,2288,122,303,2,1879,0,0,5884,72801,15,77,0,0,0,0,0
692,2757,693.1553828147694,99962,2562,1279,28,8,10861,5137,0.16004081550989377,1913,974,22668,23003,5984,2874,16844,21861,45960,35481,0,0,15721,716,2284,125,320,2,1960,0,0,6166,72576,15,77,0,0,0,0,0
693,2757,694.3355776999853,99960,2693,1331,29,9,11441,5421,0.168687474989996,1996,1047,22355,22891,6345,3080,16581,21641,45992,35519,0,0,15523,707,2270,139,357,3,2083,0,0,6640,72146,15,77,0,0,0,0,0
694,2757,695.1290577588429,99958,2804,1380,31,9,11870,5603,0.17480341743532282,2044,1122,22097,22790,6598,3185,16425,21513,46024,35557,0,0,15364,705,2259,147,382,5,2164,0,0,6950,71891,15,76,0,0,0,0,0
695,2757,696.3320843774019,99956,2957,1481,32,10,12493,5961,0.18462123334267078,2158,1133,21761,22671,6938,3406,16153,21298,46055,35594,0,0,15156,695,2253,158,421,5,2301,0,0,7452,71424,15,76,0,0,0,0,0
696,2757,697.1417292018642,99956,3069,1534,32,10,12925,6190,0.1912341430229301,2250,1145,21499,22585,7182,3558,15967,21167,46086,35631,0,0,14978,688,2247,168,448,6,2409,0,0,7777,71145,14,76,0,0,0,0,0
697,2757,698.3700993517234,99954,3239,1621,32,12,13621,6557,0.2018728615162975,2358,1195,21110,22441,7566,3804,15694,20926,46117,35667,0,0,14753,677,2232,183,491,8,2562,0,0,8332,70627,14,75,0,0,0,0,0
698,2757,699.1985571183457,99951,3371,1679,34,13,14145,6814,0.20969274944722915,2362,1214,20852,22340,7868,3970,15512,20783,46148,35703,0,0,14572,672,2219,199,523,10,2663,0,0,8734,70270,14,75,0,0,0,0,0
699,2757,700.0351542345893,99951,3490,1716,34,13,14668,7055,0.21733649488249243,2444,1260,20583,22225,8165,4146,15283,20639,46178,35739,0,0,14400,666,2204,209,571,10,2763,0,0,9145,69894,14,75,0,0,0,0,0
700,2757,701.3055772639708,99949,3650,1808,35,14,15465,7444,0.22920689551671353,2512,1356,20201,22061,8646,4394,14955,20366,46208,35774,0,0,14155,652,2191,238,612,12,2927,0,0,9794,69279,14,75,0,0,0,0,0
701,2757,702.1628300397659,99947,3717,1884,36,15,15978,7745,0.23735579857324382,2597,1386,19907,21945,8979,4575,14763,20194,46238,35809,0,0,13974,641,2180,260,665,12,3031,0,0,10231,68864,14,75,0,0,0,0,0
702,2757,703.0301363401899,99946,3850,1939,37,15,16562,8059,0.24634302523362617,2647,1374,19604,21834,9313,4792,14548,20045,46267,35844,0,0,13774,636,2164,277,723,12,3155,0,0,10688,68430,13,74,0,0,0,0,0
703,2757,704.3516931512677,99944,4044,2034,38,16,17488,8531,0.26033578804130314,2752,1417,19140,21652,9849,5104,14176,19776,46296,35878,0,0,13493,630,2141,296,813,13,3357,0,0,11399,67717,13,72,0,0,0,0,0
704,2757,705.246591307644,99940,4105,2113,38,20,18092,8860,0.26968180908545125,2855,1485,18794,21525,10265,5294,13942,19562,46325,35912,0,0,13296,618,2129,316,875,15,3482,0,0,11916,67208,13,72,0,0,0,0,0
705,2757,706.1552644086207,99933,4255,2140,43,22,18781,9206,0.28005763861787397,2932,1540,18440,21379,10639,5552,13690,19366,46354,35945,0,0,13081,609,2114,347,949,16,3609,0,0,12447,66676,13,72,0,0,0,0,0
706,2757,707.0777299049412,99929,4362,2205,46,23,19453,9563,0.29036615997358123,3057,1604,18135,21216,11007,5798,13392,19153,46382,35978,0,0,12859,592,2102,371,1019,18,3761,0,0,12982,66141,13,71,0,0,0,0,0
707,2757,708.0124860908429,99928,4525,2290,46,24,20193,9945,0.30159714994796255,3069,1641,17827,21065,11412,6048,13120,18931,46410,36011,0,0,12634,587,2084,392,1095,23,3907,0,0,13521,65602,12,71,0,0,0,0,0
708,2757,709.4405068466076,99923,4728,2452,49,26,21347,10573,0.31944597339951764,3103,1697,17358,20799,12061,6415,12700,18610,46438,36043,0,0,12303,571,2057,424,1214,29,4156,0,0,14403,64684,12,70,0,0,0,0,0
709,2757,710.4093857963289,99917,4851,2568,53,28,22117,11007,0.33151515758079203,3104,1757,17050,20605,12484,6654,12457,18387,46466,36075,0,0,12087,557,2036,457,1303,31,4290,0,0,15011,64063,12,70,0,0,0,0,0
710,2757,711.3928905507682,99916,4957,2624,54,28,22895,11448,0.34371872372793144,3171,1821,16675,20401,12931,6958,12211,18167,46493,36107,0,0,11869,550,2017,493,1399,37,4416,0,0,15681,63372,12,70,0,0,0,0,0
711,2757,712.3942288048928,99910,5017,2695,59,29,23668,11912,0.35612050845761184,3252,1861,16345,20208,13373,7270,11953,17936,46520,36138,0,0,11613,536,2001,532,1499,42,4587,0,0,16345,62673,12,70,0,0,0,0,0
712,2757,713.4132966182775,99907,5129,2753,62,29,24494,12367,0.368953126407559,3366,1879,15974,20056,13813,7587,11655,17695,46547,36169,0,0,11363,522,1979,570,1606,46,4753,0,0,17021,61966,12,69,0,0,0,0,0
713,2757,714.4521731277449,99904,5220,2833,65,29,25349,12854,0.38239710121716847,3436,1954,15593,19854,14294,7879,11391,17450,46574,36200,0,0,11115,509,1955,618,1741,54,4904,0,0,17681,61246,12,69,0,0,0,0,0
714,2757,715.5129349616376,99900,5353,2896,67,31,26319,13358,0.39716716716716716,3376,1976,15263,19682,14814,8200,11126,17214,46600,36230,0,0,10844,495,1922,657,1908,60,5089,0,0,18383,60462,12,68,0,0,0,0,0
715,2757,716.051543766588,99899,5356,2939,68,31,26738,13637,0.4041581997817796,3436,1971,15076,19577,15055,8374,11008,17107,46626,36260,0,0,10694,492,1906,679,1988,66,5162,0,0,18757,60075,12,68,0,0,0,0,0
716,2757,717.1453729119136,99895,5441,3019,70,33,27652,14157,0.41852945592872515,3491,2033,14710,19396,15563,8693,10724,16825,46652,36290,0,0,10437,479,1877,720,2161,75,5330,0,0,19435,59301,12,68,0,0,0,0,0
717,2757,718.2171787363469,99888,5539,3115,75,35,28577,14710,0.4333553580009611,3558,2037,14341,19195,16042,9043,10444,16574,46678,36319,0,0,10203,466,1853,762,2345,84,5473,0,0,20120,58502,12,68,0,0,0,0,0
718,2757,719.2525355373645,99882,5632,3139,81,35,29486,15213,0.4475180713241625,3531,2063,14030,18992,16537,9413,10188,16357,46703,36348,0,0,9942,456,1834,814,2509,95,5630,0,0,20811,57713,10,68,0,0,0,0,0
719,2757,720.2560376315072,99878,5724,3220,84,36,30336,15723,0.461152606179539,3598,2085,13698,18790,16938,9714,9957,16154,46728,36377,0,0,9717,447,1804,850,2691,109,5766,0,0,21413,57006,10,65,0,0,0,0,0
720,2757,721.2315015649415,99871,5804,3298,87,40,31211,16249,0.47521302480199457,3615,2044,13380,18627,17388,10052,9725,15938,46753,36406,0,0,9489,439,1787,898,2861,128,5889,0,0,22047,56258,10,65,0,0,0,0,0
721,2757,722.1805349592668,99870,5860,3346,88,40,32037,16748,0.4884850305397016,3619,2013,13108,18473,17840,10397,9484,15730,46778,36434,0,0,9264,425,1764,956,3027,146,6013,0,0,22674,55526,10,65,0,0,0,0,0
722,2757,723.1043421747221,99860,5913,3364,96,42,32850,17199,0.50119166833567,3638,2040,12843,18323,18235,10699,9274,15531,46803,36462,0,0,9049,420,1749,1003,3211,159,6126,0,0,23258,54810,10,65,0,0,0,0,0
723,2757,724.0062983257778,99860,5984,3418,96,42,33657,17667,0.513959543360705,3611,2033,12606,18149,18623,11012,9079,15345,46827,36490,0,0,8837,411,1734,1055,3365,175,6234,0,0,23856,54119,10,64,0,0,0,0,0
724,2757,725.3212802457847,99855,6081,3423,99,44,34875,18299,0.5325121426067798,3564,2100,12234,17916,19227,11463,8794,15053,46851,36517,0,0,8546,396,1698,1141,3642,199,6395,0,0,24684,53082,10,62,0,0,0,0,0
725,2757,726.1741265776996,99853,6165,3444,101,44,35626,18734,0.5444002683945399,3565,2122,12014,17762,19555,11768,8599,14859,46875,36544,0,0,8369,383,1673,1188,3843,216,6480,0,0,25164,52467,10,60,0,0,0,0,0
726,2757,727.0105643973856,99851,6151,3498,101,46,36324,19185,0.5559183182942584,3613,2120,11810,17631,19909,12044,8415,14660,46899,36571,0,0,8161,377,1661,1229,4035,230,6591,0,0,25658,51839,10,60,0,0,0,0,0
727,2757,728.2372579672116,99845,6226,3559,106,47,37422,19816,0.5732685662777305,3614,2151,11524,17388,20413,12423,8116,14431,46922,36598,0,0,7915,366,1636,1288,4324,252,6715,0,0,26372,50907,10,60,0,0,0,0,0
728,2757,729.03675172844,99841,6270,3632,110,47,38194,20261,0.5854809146543003,3499,2129,11347,17243,20819,12682,7954,14266,46945,36624,0,0,7718,359,1621,1342,4521,273,6808,0,0,26826,50304,10,59,0,0,0,0,0
729,2757,730.2086412840647,99837,6265,3653,113,48,39179,20857,0.6013401845007362,3533,2145,11066,17040,21281,13075,7741,14038,46968,36650,0,0,7498,351,1604,1405,4792,306,6906,0,0,27529,49381,10,55,0,0,0,0,0
730,2757,731.3526890519145,99835,6211,3679,113,50,40162,21456,0.6171983773225823,3573,2130,10783,16887,21816,13464,7503,13789,46991,36676,0,0,7269,332,1560,1485,5091,342,7010,0,0,28216,48466,10,54,0,0,0,0,0
731,2757,732.1003151366364,99831,6211,3661,115,52,40812,21866,0.6278410513768269,3572,2105,10593,16791,22142,13757,7366,13633,47014,36701,0,0,7106,321,1547,1536,5308,360,7075,0,0,28652,47863,10,53,0,0,0,0,0
732,2757,733.2010915993017,99826,6203,3637,118,54,41796,22394,0.6430188528038787,3454,2148,10380,16642,22647,14120,7197,13398,47036,36726,0,0,6867,305,1523,1618,5621,394,7187,0,0,29215,47036,9,51,0,0,0,0,0
733,2757,734.2792341923385,99823,6194,3698,120,55,42727,22978,0.6582150406219007,3367,2100,10185,16467,23133,14479,7000,13200,47058,36751,0,0,6672,290,1492,1683,5918,433,7264,0,0,29783,46228,9,51,0,0,0,0,0
734,2757,735.3356426580452,99820,6168,3704,121,57,43639,23553,0.6731316369465037,3352,2040,10024,16324,23542,14883,6792,12991,47080,36776,0,0,6464,281,1474,1779,6191,474,7322,0,0,30378,45398,9,50,0,0,0,0,0
735,2757,736.030395118566,99816,6107,3675,123,59,44209,23890,0.682245331409794,3353,2034,9908,16215,23820,15131,6688,12885,47102,36800,0,0,6311,273,1462,1837,6389,507,7374,0,0,30724,44882,9,48,0,0,0,0,0
736,2757,737.0582237510226,99812,6084,3599,127,59,45062,24376,0.6956878932392898,3321,2053,9734,16068,24224,15522,6509,12698,47124,36824,0,0,6138,270,1445,1903,6679,567,7415,0,0,31218,44121,8,48,0,0,0,0,0
737,2757,738.0700964974556,99808,6065,3565,129,61,45876,24881,0.7089311478037833,3301,2031,9560,15935,24593,15891,6351,12516,47146,36848,0,0,5982,260,1420,1984,6965,608,7437,0,0,31725,43371,8,48,0,0,0,0,0
738,2757,739.0676627620678,99804,6058,3536,132,62,46742,25376,0.7225962887259028,3255,2045,9365,15805,24974,16231,6215,12320,47167,36872,0,0,5796,252,1399,2059,7237,660,7490,0,0,32223,42633,8,47,0,0,0,0,0
739,2757,740.0504190513756,99804,5983,3595,132,62,47513,25923,0.7358021722576249,3226,1965,9223,15701,25363,16523,6072,12153,47188,36895,0,0,5650,246,1382,2121,7557,704,7514,0,0,32636,41939,8,47,0,0,0,0,0
740,2757,741.0200580280651,99801,5945,3571,134,63,48279,26390,0.7481788759631667,3185,1966,9103,15596,25684,16825,5948,11978,47209,36918,0,0,5495,241,1359,2171,7876,746,7551,0,0,33028,41280,8,46,0,0,0,0,0
741,2757,742.2953682599041,99795,5971,3527,137,66,49306,27008,0.764707650683902,3101,1930,8950,15457,26077,17241,5763,11778,47230,36941,0,0,5323,229,1338,2268,8206,822,7567,0,0,33589,40399,8,46,0,0,0,0,0
742,2757,743.2402887496464,99793,5905,3508,139,66,50012,27462,0.7763470383694248,3077,1938,8843,15337,26393,17528,5642,11622,47251,36964,0,0,5179,222,1311,2325,8514,866,7591,0,0,33953,39778,8,46,0,0,0,0,0
743,2757,744.1753731548457,99791,5910,3542,139,68,50797,27922,0.7888386728262068,2972,1874,8773,15242,26675,17793,5530,11480,47271,36987,0,0,5034,219,1298,2374,8849,907,7622,0,0,34226,39208,8,46,0,0,0,0,0
744,2757,745.1017506498961,99787,5809,3484,141,70,51468,28320,0.799583112028621,2957,1887,8691,15123,26988,18093,5413,11342,47291,37009,0,0,4908,214,1272,2439,9133,960,7624,0,0,34594,38590,7,46,0,0,0,0,0
745,2757,746.0190227402585,99781,5733,3466,144,73,52159,28755,0.8109159058337759,2847,1882,8607,15039,27345,18327,5323,11212,47311,37031,0,0,4757,207,1257,2503,9448,1014,7656,0,0,34859,38027,7,46,0,0,0,0,0
746,2757,747.2275841176261,99779,5585,3439,146,73,52983,29354,0.8251936780284429,2825,1842,8492,14910,27758,18690,5193,11045,47331,37053,0,0,4598,199,1238,2584,9842,1097,7665,0,0,35240,37266,7,43,0,0,0,0,0
747,2757,748.1242253386208,99776,5515,3430,149,73,53611,29769,0.8356719050673509,2784,1791,8431,14832,28005,18931,5115,10942,47351,37075,0,0,4493,194,1221,2653,10133,1154,7637,0,0,35485,36757,7,42,0,0,0,0,0
748,2757,749.0142264928242,99773,5469,3368,152,73,54228,30156,0.8457598749160594,2723,1772,8374,14791,28245,19170,5036,10825,47371,37096,0,0,4399,190,1207,2710,10399,1219,7616,0,0,35764,36220,7,42,0,0,0,0,0
749,2757,750.1923800499816,99769,5406,3283,156,73,55035,30652,0.8588539526305766,2671,1736,8270,14717,28557,19540,4939,10650,47390,37117,0,0,4292,186,1182,2793,10745,1305,7583,0,0,36132,35504,6,41,0,0,0,0,0
750,2757,751.069330042604,99762,5372,3235,161,75,55631,31031,0.8686874761933402,2633,1679,8211,14676,28761,19799,4861,10535,47409,37138,0,0,4200,179,1168,2836,11021,1365,7571,0,0,36365,35011,5,41,0,0,0,0,0
751,2757,752.2305488170779,99760,5238,3170,162,76,56401,31509,0.881214915797915,2593,1656,8107,14610,29150,20109,4749,10378,47428,37159,0,0,4082,171,1145,2902,11382,1471,7559,0,0,36642,34361,4,41,0,0,0,0,0
752,2757,753.0934171133384,99754,5099,3137,168,76,56920,31855,0.8899392505563687,2613,1638,8068,14547,29355,20314,4696,10287,47447,37180,0,0,3978,169,1135,2939,11644,1534,7553,0,0,36866,33892,4,40,0,0,0,0,0
753,2757,754.2365244882285,99749,5060,3091,172,77,57663,32288,0.901773451362921,2499,1631,8010,14466,29631,20559,4627,10175,47466,37200,0,0,3867,165,1123,2984,11996,1623,7543,0,0,37039,33365,4,40,0,0,0,0,0
754,2757,755.088564180907,99745,5005,3045,175,78,58207,32637,0.9107624442327936,2497,1581,7979,14427,29795,20796,4548,10072,47485,37220,0,0,3770,162,1113,3016,12246,1702,7539,0,0,37209,32944,4,40,0,0,0,0,0
755,2757,756.2190497725618,99744,4956,2983,176,78,58903,33076,0.9221507058068655,2433,1557,7921,14406,30053,21048,4460,9927,47503,37240,0,0,3674,154,1097,3085,12579,1786,7507,0,0,37420,32400,4,38,0,0,0,0,0
756,2757,757.0619775105368,99741,4836,2953,179,78,59390,33382,0.9301290341985743,2401,1551,7868,14365,30306,21196,4409,9856,47521,37260,0,0,3591,153,1082,3111,12835,1868,7499,0,0,37545,32018,4,35,0,0,0,0,0
757,2757,758.1787577579198,99737,4726,2886,181,80,60020,33781,0.9404834715301242,2393,1516,7863,14312,30518,21449,4318,9756,47539,37280,0,0,3503,150,1066,3158,13175,1952,7463,0,0,37725,31506,4,35,0,0,0,0,0
758,2757,759.0124853146557,99734,4646,2823,184,80,60534,34076,0.9486233380792909,2317,1495,7841,14294,30744,21631,4267,9676,47557,37299,0,0,3430,147,1055,3188,13473,2011,7438,0,0,37836,31117,4,35,0,0,0,0,0
759,2757,760.1184562580835,99733,4556,2809,185,80,61185,34498,0.9593915755066026,2260,1477,7821,14257,30976,21824,4201,9552,47575,37318,0,0,3340,146,1041,3250,13805,2106,7386,0,0,37959,30662,4,34,0,0,0,0,0
760,2757,761.2182044423085,99730,4420,2760,188,80,61792,34896,0.9694976436378221,2216,1399,7774,14243,31268,22067,4133,9450,47593,37337,0,0,3241,139,1026,3293,14114,2224,7372,0,0,38073,30210,4,34,0,0,0,0,0
761,2757,762.0385042642746,99728,4375,2730,188,82,62264,35193,0.9772280603240815,2173,1362,7756,14226,31421,22231,4086,9368,47611,37356,0,0,3176,138,1014,3291,14377,2304,7370,0,0,38125,29895,4,34,0,0,0,0,0
762,2757,763.1279552795319,99726,4234,2629,190,82,62830,35527,0.9862723863385677,2176,1374,7729,14184,31644,22450,4026,9280,47628,37375,0,0,3083,131,991,3315,14695,2408,7367,0,0,38253,29446,4,33,0,0,0,0,0
763,2757,764.2127337238862,99725,4174,2608,191,82,63415,35899,0.9958786663324142,2093,1332,7729,14152,31837,22633,3975,9192,47645,37393,0,0,3012,129,978,3336,14987,2508,7343,0,0,38355,29041,4,32,0,0,0,0,0
764,2757,765.0232938454571,99723,4083,2593,192,83,63825,36166,1.0026874442204907,2070,1294,7724,14141,31986,22757,3944,9131,47662,37411,0,0,2952,127,969,3359,15225,2577,7321,0,0,38402,28755,4,32,0,0,0,0,0
765,2757,766.1002036397864,99721,3997,2513,194,83,64358,36489,1.0112915032941907,1987,1295,7728,14126,32214,22951,3879,9031,47679,37429,0,0,2884,122,959,3381,15522,2669,7304,0,0,38499,28345,4,32,0,0,0,0,0
766,2757,767.172676031736,99719,3902,2484,194,85,64884,36860,1.0203070628465989,1928,1234,7741,14131,32404,23117,3830,8948,47696,37447,0,0,2816,121,948,3435,15809,2767,7252,0,0,38564,27971,4,32,0,0,0,0,0
767,2757,768.2416042341989,99714,3811,2435,195,89,65371,37181,1.0284613996028642,1927,1201,7753,14114,32529,23292,3784,8868,47713,37465,0,0,2761,119,939,3459,16114,2859,7217,0,0,38576,27634,4,32,0,0,0,0,0
768,2757,769.0416722519573,99712,3748,2382,196,90,65743,37402,1.0344291559691912,1899,1193,7781,14103,32636,23413,3739,8818,47730,37483,0,0,2706,117,928,3484,16297,2937,7187,0,0,38642,27378,4,32,0,0,0,0,0
769,2757,770.1062748411722,99711,3660,2307,196,91,66231,37695,1.0422721665613623,1835,1195,7794,14106,32825,23569,3689,8731,47746,37500,0,0,2652,114,914,3516,16565,3040,7143,0,0,38699,27033,4,31,0,0,0,0,0
770,2757,771.1672157123435,99708,3544,2273,197,93,66689,38013,1.050086251855418,1797,1168,7815,14100,33004,23721,3642,8644,47762,37517,0,0,2591,110,901,3557,16795,3157,7105,0,0,38751,26708,3,30,0,0,0,0,0
771,2757,772.2254293391995,99706,3462,2233,198,94,67135,38326,1.0577196959059636,1746,1130,7856,14087,33137,23886,3600,8569,47778,37534,0,0,2546,108,900,3562,17031,3276,7064,0,0,38779,26407,3,30,0,0,0,0,0
772,2757,773.0176457611325,99704,3430,2228,200,94,67476,38564,1.0635481023830538,1715,1085,7859,14071,33225,23985,3570,8536,47794,37551,0,0,2507,105,894,3565,17206,3355,7050,0,0,38793,26196,3,30,0,0,0,0,0
773,2757,774.0721173106225,99702,3455,2134,202,94,67972,38837,1.071282421616417,1614,1029,7898,14068,33306,24178,3524,8496,47810,37568,0,0,2467,104,885,3583,17444,3451,7001,0,0,38840,25894,3,30,0,0,0,0,0
774,2757,775.1256725429039,99700,3376,2046,204,94,68400,39082,1.0780541624874624,1567,1010,7924,14095,33445,24325,3483,8429,47826,37585,0,0,2424,103,875,3588,17716,3547,6970,0,0,38832,25612,3,30,0,0,0,0,0
775,2757,776.1773344972487,99699,3306,2007,205,94,68826,39351,1.0850359582342852,1526,994,7972,14087,33535,24454,3455,8363,47842,37601,0,0,2376,99,864,3597,17948,3648,6951,0,0,38844,25339,3,30,0,0,0,0,0
776,2757,777.2279006969518,99698,3220,1948,206,94,69248,39603,1.091807257918915,1484,968,7990,14098,33679,24579,3420,8312,47858,37617,0,0,2317,98,855,3617,18184,3747,6920,0,0,38845,25084,3,28,0,0,0,0,0
777,2757,778.0144864821262,99697,3143,1936,207,94,69525,39792,1.0964923718868171,1486,932,8029,14122,33731,24660,3403,8255,47873,37633,0,0,2284,98,850,3641,18338,3820,6879,0,0,38838,24918,3,28,0,0,0,0,0
778,2757,779.0626614859427,99695,3070,1881,208,95,69920,40031,1.1028737649831988,1474,891,8063,14164,33814,24774,3370,8194,47888,37649,0,0,2240,98,841,3663,18560,3910,6839,0,0,38849,24665,3,27,0,0,0,0,0
779,2757,780.1100414355885,99693,3004,1851,208,97,70313,40259,1.1091250137923425,1442,914,8115,14156,33888,24840,3342,8141,47903,37665,0,0,2199,97,840,3691,18740,4009,6798,0,0,38856,24433,3,27,0,0,0,0,0
780,2757,781.1564983264253,99692,2904,1837,208,98,70700,40512,1.1155559122096055,1402,861,8159,14178,34000,24939,3326,8086,47918,37681,0,0,2161,96,830,3714,18946,4113,6745,0,0,38858,24200,3,26,0,0,0,0,0
781,2757,782.2020117713071,99690,2842,1757,209,99,71064,40719,1.1213060487511286,1352,837,8222,14234,34078,25047,3296,8025,47933,37697,0,0,2121,96,826,3728,19203,4182,6708,0,0,38819,23978,3,26,0,0,0,0,0
782,2757,783.2466679345306,99686,2768,1685,212,100,71424,40929,1.1270689966494793,1317,829,8265,14278,34171,25143,3266,7964,47948,37712,0,0,2076,95,818,3757,19403,4275,6665,0,0,38798,23770,3,26,0,0,0,0,0
783,2757,784.0296877039747,99685,2767,1652,212,101,71681,41081,1.1311832271655715,1288,801,8296,14301,34173,25206,3263,7938,47963,37727,0,0,2050,95,812,3764,19528,4344,6637,0,0,38785,23641,3,26,0,0,0,0,0
784,2757,785.0739771453767,99685,2667,1611,212,101,72025,41289,1.1367206701108492,1258,790,8352,14362,34283,25251,3227,7884,47978,37742,0,0,2016,94,805,3750,19745,4442,6609,0,0,38755,23440,3,26,0,0,0,0,0
785,2757,786.117504331705,99684,2583,1571,213,101,72341,41480,1.1418181453392722,1217,792,8432,14413,34348,25289,3206,7833,47993,37757,0,0,1993,92,801,3765,19882,4564,6565,0,0,38733,23260,3,26,0,0,0,0,0
786,2757,787.1610436252778,99684,2540,1553,213,101,72648,41677,1.1468741222262349,1198,775,8487,14452,34371,25343,3190,7775,48007,37772,0,0,1961,91,798,3793,20008,4663,6523,0,0,38712,23106,3,26,0,0,0,0,0
787,2757,788.2046879078252,99682,2462,1518,215,101,72952,41881,1.1519933388174395,1160,726,8534,14512,34456,25415,3172,7727,48021,37787,0,0,1926,90,792,3816,20171,4751,6490,0,0,38707,22911,2,26,0,0,0,0,0
788,2757,789.247712162957,99682,2413,1467,215,101,73248,42067,1.1568287153147008,1118,686,8595,14569,34501,25492,3157,7684,48035,37802,0,0,1899,88,788,3825,20319,4845,6456,0,0,38699,22735,2,26,0,0,0,0,0
789,2757,790.030193685834,99682,2368,1422,215,101,73469,42181,1.1601894022993118,1107,682,8638,14594,34539,25541,3132,7659,48049,37816,0,0,1878,87,784,3832,20427,4910,6421,0,0,38709,22606,2,26,0,0,0,0,0
790,2757,791.0736627443421,99682,2299,1362,215,101,73743,42344,1.164573343231476,1085,660,8687,14648,34597,25603,3116,7625,48063,37830,0,0,1852,85,779,3834,20575,4998,6392,0,0,38710,22430,2,25,0,0,0,0,0
791,2757,792.117247114718,99681,2239,1325,215,102,74026,42516,1.1691495871831141,1063,609,8747,14715,34646,25665,3089,7583,48077,37844,0,0,1828,84,774,3842,20740,5083,6360,0,0,38661,22282,2,25,0,0,0,0,0
792,2757,793.1607354248341,99681,2182,1287,215,102,74288,42675,1.1733730600615966,1042,607,8817,14780,34676,25691,3067,7532,48091,37858,0,0,1810,83,770,3852,20891,5167,6317,0,0,38613,22151,2,25,0,0,0,0,0
793,2757,794.2047109061651,99681,2122,1268,215,102,74535,42845,1.1775564049317322,1049,580,8878,14825,34683,25737,3052,7487,48105,37872,0,0,1784,83,768,3877,21021,5242,6277,0,0,38593,22010,2,24,0,0,0,0,0
794,2757,795.2495075715054,99681,2065,1196,215,102,74799,42975,1.1815090137538748,1012,611,8947,14866,34716,25778,3044,7446,48119,37886,0,0,1753,80,765,3896,21154,5324,6238,0,0,38575,21870,2,24,0,0,0,0,0
795,2757,796.0333849511137,99680,2003,1168,216,102,74977,43084,1.1844000802568218,1004,604,9000,14902,34738,25798,3038,7425,48132,37900,0,0,1736,79,760,3896,21264,5379,6210,0,0,38566,21764,2,24,0,0,0,0,0
796,2757,797.078984982343,99675,1954,1196,219,104,75223,43254,1.1886330574366692,966,576,9071,14967,34767,25781,3022,7375,48145,37914,0,0,1717,78,761,3894,21352,5466,6180,0,0,38552,21649,2,24,0,0,0,0,0
797,2757,798.1246177324354,99673,1910,1166,220,105,75471,43408,1.1926900966159342,906,556,9141,15005,34811,25826,3011,7341,48158,37927,0,0,1693,77,753,3895,21482,5539,6153,0,0,38547,21508,2,24,0,0,0,0,0
798,2757,799.1706093630353,99672,1844,1133,221,105,75711,43560,1.1966349626775825,874,536,9208,15067,34854,25853,2998,7305,48171,37940,0,0,1674,76,749,3881,21603,5629,6134,0,0,38539,21362,2,23,0,0,0,0,0
799,2757,800.2166503151615,99672,1784,1130,221,105,75949,43699,1.2004173689702222,811,531,9280,15107,34910,25850,2993,7276,48184,37953,0,0,1653,76,749,3880,21714,5714,6107,0,0,38495,21260,2,22,0,0,0,0,0
800,2757,801.0013761036784,99672,1752,1108,221,105,76120,43806,1.2032065173769966,771,526,9355,15152,34921,25845,2979,7263,48197,37966,0,0,1639,76,747,3876,21788,5771,6079,0,0,38519,21153,2,22,0,0,0,0,0
801,2757,802.0485688228822,99671,1668,1084,221,106,76323,43946,1.2066599111075438,744,501,9456,15201,34941,25874,2969,7233,48210,37979,0,0,1623,75,746,3868,21911,5857,6050,0,0,38479,21038,2,22,0,0,0,0,0
802,2757,803.0970005365034,99671,1646,1049,221,106,76535,44077,1.2101012330567567,729,489,9539,15268,34906,25882,2958,7205,48223,37992,0,0,1605,72,743,3871,22009,5926,6021,0,0,38473,20927,2,22,0,0,0,0,0
803,2757,804.1468808478459,99671,1563,1002,221,106,76704,44198,1.2130108055502604,734,475,9612,15329,34923,25908,2946,7179,48236,38005,0,0,1594,72,740,3881,22135,5993,5983,0,0,38430,20819,2,22,0,0,0,0,0
804,2757,805.1976434647995,99671,1509,963,221,106,76902,44318,1.216201302284516,698,470,9707,15388,34927,25929,2937,7143,48249,38018,0,0,1574,71,736,3880,22235,6078,5960,0,0,38385,20728,2,22,0,0,0,0,0
805,2757,806.24966185356,99670,1477,935,222,106,77103,44451,1.2195645630580918,674,450,9797,15474,34907,25918,2922,7116,48261,38030,0,0,1561,69,732,3886,22350,6139,5927,0,0,38362,20620,2,22,0,0,0,0,0
806,2757,807.0398047611693,99669,1438,917,223,106,77228,44531,1.2216336072399643,647,443,9865,15524,34911,25907,2915,7102,48273,38042,0,0,1550,69,730,3895,22407,6194,5897,0,0,38344,20559,2,22,0,0,0,0,0
807,2757,808.0944472295373,99669,1362,893,223,106,77396,44648,1.224493072068547,627,416,9950,15594,34929,25923,2908,7067,48285,38054,0,0,1532,68,725,3899,22529,6254,5873,0,0,38300,20465,2,22,0,0,0,0,0
808,2757,809.1503102341771,99668,1329,876,224,106,77545,44770,1.2272243849580609,627,389,10055,15654,34864,25933,2900,7041,48297,38066,0,0,1518,68,722,3891,22608,6314,5854,0,0,38295,20374,2,22,0,0,0,0,0
809,2757,810.2083543357543,99667,1260,834,225,106,77704,44861,1.2297450510198962,623,397,10146,15715,34860,25948,2885,6999,48309,38078,0,0,1505,68,721,3888,22712,6380,5826,0,0,38251,20292,2,22,0,0,0,0,0
810,2757,811.0029312644219,99666,1209,819,225,107,77821,44937,1.2316938574839966,619,380,10207,15778,34855,25936,2884,6979,48321,38090,0,0,1489,68,720,3892,22781,6425,5803,0,0,38235,20229,2,22,0,0,0,0,0
811,2757,812.0634270480921,99665,1193,811,226,107,77989,45047,1.2344955601264236,588,353,10304,15864,34817,25915,2871,6949,48333,38102,0,0,1475,67,719,3888,22868,6483,5781,0,0,38196,20164,2,22,0,0,0,0,0
812,2757,813.125865218868,99664,1177,774,227,107,78156,45134,1.2370565098731738,564,357,10377,15928,34799,25908,2855,6925,48345,38114,0,0,1461,67,718,3873,22972,6534,5761,0,0,38154,20101,2,21,0,0,0,0,0
813,2757,814.1900471691616,99663,1168,760,227,108,78307,45247,1.239717849151641,579,336,10482,16018,34695,25883,2848,6894,48357,38126,0,0,1445,66,714,3875,23014,6600,5741,0,0,38157,20028,2,21,0,0,0,0,0
814,2757,815.257272772212,99661,1169,742,228,109,78470,45337,1.2422813337213152,567,328,10574,16106,34612,25848,2849,6866,48369,38138,0,0,1434,65,712,3879,23072,6651,5709,0,0,38158,19958,2,21,0,0,0,0,0
815,2757,816.0595400103259,99660,1149,721,229,109,78584,45403,1.244099939795304,540,320,10638,16183,34601,25821,2842,6845,48381,38149,0,0,1424,64,712,3869,23130,6694,5696,0,0,38147,19901,2,21,0,0,0,0,0
816,2757,817.1308198793223,99659,1123,675,230,109,78732,45490,1.2464704642832056,509,296,10757,16278,34551,25821,2829,6820,48392,38160,0,0,1409,63,709,3862,23232,6740,5678,0,0,38116,19827,2,21,0,0,0,0,0
817,2757,818.2046765586169,99659,1092,675,230,109,78868,45574,1.2486779919525581,485,291,10872,16347,34500,25775,2820,6802,48403,38171,0,0,1397,63,708,3863,23267,6807,5660,0,0,38096,19775,2,21,0,0,0,0,0
818,2757,819.0115065726827,99659,1050,661,230,109,78958,45635,1.2501931586710684,476,290,10945,16397,34483,25750,2815,6792,48414,38182,0,0,1395,63,707,3863,23328,6841,5629,0,0,38092,19718,2,21,0,0,0,0,0
819,2757,820.088953306325,99658,1038,646,231,109,79087,45720,1.2523530474221838,457,276,11040,16484,34424,25717,2809,6767,48425,38193,0,0,1388,63,707,3860,23377,6893,5604,0,0,38091,19652,2,21,0,0,0,0,0
820,2757,821.168723479756,99658,1001,635,231,109,79210,45789,1.2542796363563387,446,284,11140,16583,34377,25650,2804,6738,48436,38204,0,0,1378,63,704,3857,23424,6945,5583,0,0,38090,19591,2,21,0,0,0,0,0
821,2757,822.2506448536499,99658,979,609,231,109,79333,45856,1.2561861566557626,436,285,11218,16659,34341,25628,2794,6709,48447,38215,0,0,1373,62,704,3856,23483,6999,5560,0,0,38057,19541,2,21,0,0,0,0,0
822,2757,823.063404341546,99657,961,603,232,109,79406,45912,1.2574932016817684,427,280,11312,16730,34280,25590,2787,6687,48458,38226,0,0,1369,61,704,3854,23534,7025,5538,0,0,38044,19505,2,21,0,0,0,0,0
823,2757,824.1494400828552,99657,927,596,232,109,79513,45986,1.2593094313495288,426,275,11399,16815,34229,25557,2786,6647,48469,38237,0,0,1358,61,699,3847,23584,7074,5521,0,0,38032,19458,2,21,0,0,0,0,0
824,2757,825.2378247084754,99657,897,579,232,109,79637,46059,1.261286211706152,398,255,11519,16895,34172,25533,2781,6628,48480,38248,0,0,1353,61,696,3847,23642,7126,5492,0,0,38015,19402,2,21,0,0,0,0,0
825,2757,826.0558579649886,99657,871,550,232,109,79708,46097,1.26237996327403,407,264,11576,16964,34135,25499,2778,6613,48491,38258,0,0,1349,61,692,3841,23686,7160,5473,0,0,38014,19358,2,21,0,0,0,0,0
826,2757,827.1480739486548,99655,817,539,234,109,79804,46166,1.2640610104861774,396,250,11668,17051,34107,25459,2777,6591,48502,38268,0,0,1335,61,690,3846,23747,7206,5451,0,0,37983,19313,2,21,0,0,0,0,0
827,2757,828.2425574810262,99655,797,502,234,109,79910,46221,1.2656765842155435,379,243,11767,17144,34044,25425,2778,6576,48513,38278,0,0,1328,60,690,3847,23788,7255,5430,0,0,37981,19253,2,21,0,0,0,0,0
828,2757,829.0652338353142,99655,781,487,234,109,79990,46267,1.2669409462646128,369,234,11856,17206,33993,25402,2766,6561,48524,38288,0,0,1323,60,688,3844,23839,7288,5413,0,0,37950,19227,2,21,0,0,0,0,0
829,2757,830.1643831657713,99655,758,474,234,109,80086,46328,1.268516381516231,351,219,11953,17286,33947,25378,2756,6533,48534,38298,0,0,1316,60,687,3842,23891,7328,5396,0,0,37928,19184,2,21,0,0,0,0,0
830,2757,831.2656902457458,99654,721,467,235,109,80188,46399,1.2702651173058783,337,211,12036,17383,33919,25305,2751,6524,48544,38308,0,0,1305,60,683,3841,23928,7380,5377,0,0,37924,19133,2,21,0,0,0,0,0
831,2757,832.0929314918451,99653,688,452,236,109,80256,46435,1.2713214855548753,323,223,12127,17464,33878,25248,2747,6503,48554,38318,0,0,1299,60,682,3831,23963,7417,5369,0,0,37911,19098,2,21,0,0,0,0,0
832,2757,833.1980922139214,99653,661,448,236,109,80346,46511,1.2729872658123689,326,202,12210,17563,33824,25197,2742,6480,48564,38328,0,0,1290,60,677,3823,24028,7456,5353,0,0,37877,19066,2,21,0,0,0,0,0
833,2757,834.0285825802787,99653,676,458,236,109,80433,46557,1.2743218969825294,301,196,12302,17631,33747,25132,2737,6473,48574,38338,0,0,1281,60,676,3822,24049,7482,5341,0,0,37876,19043,2,21,0,0,0,0,0
834,2757,835.1387892493303,99653,667,454,236,109,80526,46611,1.2757970156442857,293,186,12416,17714,33658,25079,2729,6457,48584,38348,0,0,1273,60,675,3819,24079,7524,5326,0,0,37861,19013,2,21,0,0,0,0,0
835,2757,836.2524507186155,99653,645,423,236,109,80609,46652,1.2770413334269917,278,186,12533,17795,33584,25047,2723,6439,48594,38358,0,0,1268,60,675,3819,24129,7555,5299,0,0,37857,18968,2,21,0,0,0,0,0
836,2757,837.0896352751596,99653,639,427,236,109,80680,46704,1.2782756163888693,265,167,12608,17863,33529,25006,2722,6427,48604,38368,0,0,1266,60,674,3809,24156,7584,5284,0,0,37864,18933,2,21,0,0,0,0,0
837,2757,838.2083926005465,99653,596,391,236,109,80742,46737,1.2792289243675554,272,174,12718,17951,33456,24971,2721,6403,48614,38377,0,0,1262,59,674,3815,24199,7619,5262,0,0,37846,18894,2,21,0,0,0,0,0
838,2757,839.0494482267161,99653,600,386,236,109,80802,46782,1.2802825805545242,258,170,12809,18028,33377,24926,2719,6380,48624,38386,0,0,1259,59,673,3809,24225,7645,5251,0,0,37842,18867,2,21,0,0,0,0,0
839,2757,840.17406493928,99652,598,364,237,109,80877,46827,1.281499618672982,246,163,12914,18135,33292,24868,2712,6360,48634,38395,0,0,1251,58,672,3807,24243,7683,5242,0,0,37844,18829,2,21,0,0,0,0,0
840,2757,841.0197599955483,99652,576,357,237,109,80927,46864,1.2823726568458234,245,146,12993,18188,33233,24852,2715,6347,48644,38404,0,0,1244,57,672,3804,24268,7711,5232,0,0,37837,18804,2,21,0,0,0,0,0
841,2757,842.1502001106857,99652,561,347,237,109,80993,46908,1.283476498213784,253,135,13111,18270,33131,24806,2706,6332,48654,38413,0,0,1234,55,670,3802,24304,7737,5222,0,0,37826,18779,2,21,0,0,0,0,0
842,2757,843.0004926734522,99652,558,329,237,109,81056,46936,1.2843896760727331,239,139,13195,18345,33070,24758,2700,6319,48664,38422,0,0,1226,55,669,3803,24318,7767,5208,0,0,37829,18754,2,21,0,0,0,0,0
843,2757,844.1367847401052,99652,530,315,237,109,81132,46976,1.2855537269698551,221,136,13296,18422,33016,24709,2699,6308,48673,38431,0,0,1221,55,668,3800,24355,7802,5188,0,0,37816,18725,2,20,0,0,0,0,0
844,2757,845.2757795574946,99652,524,303,237,109,81196,47018,1.286617428651708,214,134,13392,18521,32930,24643,2702,6289,48682,38440,0,0,1219,55,668,3803,24391,7826,5167,0,0,37803,18698,2,20,0,0,0,0,0
845,2757,846.1322851941886,99652,537,296,237,109,81254,47049,1.2875105366676032,207,135,13463,18596,32854,24583,2701,6280,48691,38449,0,0,1216,55,666,3803,24408,7847,5154,0,0,37806,18675,2,20,0,0,0,0,0
846,2757,847.2771706253234,99652,511,284,237,109,81298,47088,1.288343435154337,226,134,13578,18704,32756,24512,2691,6256,48700,38458,0,0,1209,55,664,3801,24437,7876,5145,0,0,37791,18652,2,20,0,0,0,0,0
847,2757,848.138291619011,99652,504,282,237,109,81348,47126,1.2892265082487055,225,126,13659,18765,32683,24467,2691,6250,48709,38467,0,0,1202,55,664,3797,24457,7902,5136,0,0,37780,18637,2,20,0,0,0,0,0
848,2757,849.0014149574024,99652,492,274,237,109,81394,47154,1.289969092441697,233,128,13733,18834,32614,24416,2690,6238,48718,38476,0,0,1197,55,664,3787,24477,7927,5128,0,0,37779,18616,2,20,0,0,0,0,0
849,2757,850.1552153541804,99650,489,257,239,109,81466,47191,1.2910888108379328,216,121,13829,18936,32539,24358,2687,6218,48727,38485,0,0,1191,55,663,3787,24499,7961,5114,0,0,37766,18592,2,20,0,0,0,0,0
850,2757,851.022609908373,99649,479,239,240,109,81511,47206,1.2917038806209797,215,133,13916,19001,32464,24304,2685,6213,48736,38493,0,0,1188,54,663,3783,24522,7986,5105,0,0,37748,18578,2,20,0,0,0,0,0
851,2757,852.1824560881223,99649,474,249,240,109,81586,47250,1.2928980722335397,205,130,14059,19079,32347,24241,2674,6191,48745,38501,0,0,1186,54,663,3782,24553,8012,5086,0,0,37731,18560,2,20,0,0,0,0,0
852,2757,853.0551370330654,99648,464,247,241,109,81633,47276,1.293643625561978,203,122,14134,19143,32282,24199,2675,6179,48754,38509,0,0,1181,54,662,3775,24576,8033,5078,0,0,37718,18549,2,20,0,0,0,0,0
853,2757,854.2217851060888,99648,447,246,241,109,81697,47318,1.2947073699421965,199,111,14263,19231,32183,24144,2666,6158,48763,38517,0,0,1172,54,662,3773,24598,8069,5072,0,0,37697,18529,2,20,0,0,0,0,0
854,2757,855.0993722586727,99648,440,237,241,109,81734,47338,1.2952793834296725,210,112,14344,19317,32105,24071,2659,6153,48772,38525,0,0,1168,54,661,3765,24621,8086,5062,0,0,37693,18516,2,20,0,0,0,0,0
855,2757,856.2728792400862,99647,425,214,241,110,81791,47362,1.296105251537929,212,118,14445,19422,32027,24012,2649,6123,48781,38533,0,0,1161,54,661,3762,24648,8113,5054,0,0,37685,18487,2,20,0,0,0,0,0
856,2757,857.1551264738991,99647,431,214,241,110,81841,47384,1.2968278021415598,199,116,14528,19501,31948,23945,2652,6113,48790,38541,0,0,1159,54,661,3759,24669,8128,5042,0,0,37678,18475,2,20,0,0,0,0,0
857,2757,858.0394634535465,99647,412,200,241,110,81875,47401,1.2973396088191316,215,118,14602,19570,31882,23893,2647,6108,48799,38549,0,0,1153,54,660,3756,24676,8151,5033,0,0,37688,18454,2,20,0,0,0,0,0
858,2757,859.2218509768041,99647,412,205,241,110,81941,47439,1.298383293024376,196,116,14727,19660,31783,23828,2640,6080,48808,38557,0,0,1144,54,659,3747,24702,8176,5028,0,0,37675,18440,2,20,0,0,0,0,0
859,2757,860.1111380007784,99647,396,191,241,110,81979,47459,1.2989653476773009,194,107,14817,19714,31714,23805,2637,6072,48816,38565,0,0,1140,53,660,3753,24721,8192,5011,0,0,37677,18418,2,20,0,0,0,0,0
860,2757,861.0025513208558,99647,376,185,241,110,82014,47481,1.2995373669051753,191,104,14899,19777,31653,23763,2639,6060,48824,38573,0,0,1137,53,660,3751,24734,8216,5000,0,0,37671,18403,2,20,0,0,0,0,0
861,2757,862.194581616264,99647,376,196,241,110,82069,47516,1.3004405551597138,179,94,15029,19888,31539,23674,2635,6037,48832,38581,0,0,1133,53,660,3749,24747,8238,4989,0,0,37669,18387,2,20,0,0,0,0,0
862,2757,863.0914877524885,99647,368,184,241,110,82111,47534,1.3010426806627395,167,94,15112,19962,31477,23619,2634,6030,48840,38589,0,0,1129,53,659,3743,24772,8257,4980,0,0,37660,18372,2,20,0,0,0,0,0
863,2757,864.2904819002155,99647,352,183,241,110,82159,47562,1.301805372966572,172,92,15212,20071,31388,23540,2634,6003,48848,38597,0,0,1125,53,658,3743,24814,8269,4964,0,0,37640,18359,2,20,0,0,0,0,0
864,2757,865.1919909768276,99647,340,175,241,110,82190,47590,1.3023974630445472,176,86,15277,20136,31333,23492,2632,6000,48856,38605,0,0,1122,53,658,3746,24827,8285,4947,0,0,37653,18334,2,20,0,0,0,0,0
865,2757,866.0953309180024,99647,333,165,241,110,82232,47607,1.3029895531225224,174,88,15362,20212,31258,23430,2631,5994,48864,38613,0,0,1117,53,658,3743,24835,8308,4936,0,0,37656,18319,2,20,0,0,0,0,0
866,2757,867.001024332658,99647,322,157,241,110,82262,47625,1.303471253524943,172,93,15466,20282,31167,23372,2631,5985,48872,38620,0,0,1112,52,658,3738,24852,8325,4930,0,0,37651,18307,2,20,0,0,0,0,0
867,2757,868.2127646767698,99647,312,147,241,110,82307,47645,1.304123556153221,157,88,15591,20383,31071,23308,2627,5963,48880,38627,0,0,1104,52,658,3735,24860,8349,4918,0,0,37654,18295,2,20,0,0,0,0,0
868,2757,869.1242889140136,99647,299,131,241,110,82341,47662,1.3046353628307927,147,88,15690,20467,30998,23262,2624,5941,48888,38634,0,0,1098,52,658,3736,24876,8366,4908,0,0,37651,18280,2,20,0,0,0,0,0
869,2757,870.038376276137,99647,289,133,241,110,82371,47680,1.3051170632332132,133,82,15783,20546,30930,23196,2623,5932,48896,38641,0,0,1095,52,657,3731,24896,8378,4900,0,0,37647,18269,2,20,0,0,0,0,0
870,2757,871.2607431690573,99647,299,140,241,110,82417,47705,1.3058295784117937,121,71,15891,20653,30833,23109,2614,5916,48904,38648,0,0,1087,52,656,3725,24908,8391,4894,0,0,37648,18264,2,20,0,0,0,0,0
871,2757,872.1800638720761,99647,289,135,241,110,82452,47716,1.3062912079641134,120,69,15980,20731,30762,23048,2607,5906,48912,38655,0,0,1084,52,656,3726,24926,8405,4881,0,0,37638,18257,2,20,0,0,0,0,0
872,2757,873.1015763930593,99647,260,126,241,110,82473,47727,1.306612341565727,132,80,16085,20806,30677,22986,2604,5891,48920,38662,0,0,1080,52,655,3726,24943,8420,4870,0,0,37636,18243,2,20,0,0,0,0,0
873,2757,874.0256351818011,99647,260,121,241,110,82505,47742,1.307084006543097,133,80,16169,20880,30592,22930,2604,5878,48928,38669,0,0,1078,52,655,3723,24954,8434,4861,0,0,37637,18231,2,20,0,0,0,0,0
874,2757,875.2617654698997,99647,258,124,241,110,82551,47770,1.307826627996829,119,73,16295,20993,30489,22838,2597,5861,48936,38676,0,0,1073,52,655,3724,24983,8445,4848,0,0,37625,18220,2,20,0,0,0,0,0
875,2757,876.1917927838979,99647,252,128,241,110,82575,47793,1.3082982929741989,116,66,16388,21073,30409,22773,2593,5849,48944,38683,0,0,1070,51,656,3723,25000,8457,4838,0,0,37616,18214,2,20,0,0,0,0,0
876,2757,877.124356464152,99646,250,124,242,110,82605,47812,1.30880316319772,107,57,16491,21153,30320,22723,2589,5832,48952,38690,0,0,1065,50,656,3720,25015,8472,4831,0,0,37607,18208,2,20,0,0,0,0,0
877,2757,878.0598724416764,99646,244,114,242,110,82633,47820,1.309164442125123,110,59,16598,21230,30224,22667,2581,5819,48960,38697,0,0,1060,50,655,3719,25037,8477,4821,0,0,37607,18198,2,20,0,0,0,0,0
878,2757,879.3117019719258,99646,251,115,242,110,82677,47840,1.3098067157738393,93,61,16713,21342,30126,22579,2574,5792,48967,38704,0,0,1057,50,655,3713,25053,8490,4814,0,0,37605,18187,2,20,0,0,0,0,0
879,2757,880.253466781977,99645,249,117,243,110,82701,47854,1.3102012143108033,95,62,16804,21410,30034,22520,2574,5780,48974,38711,0,0,1051,50,655,3711,25059,8501,4808,0,0,37605,18183,2,20,0,0,0,0,0
880,2757,881.1980645726189,99645,239,108,243,110,82723,47865,1.3105323899844448,90,72,16892,21482,29963,22459,2572,5768,48981,38718,0,0,1044,50,653,3711,25061,8518,4802,0,0,37608,18176,2,20,0,0,0,0,0
881,2757,882.145150948181,99645,238,116,243,110,82744,47881,1.310903708163982,95,67,16988,21550,29869,22402,2566,5754,48988,38725,0,0,1039,50,653,3706,25066,8531,4800,0,0,37601,18177,2,20,0,0,0,0,0
882,2757,883.095088685399,99645,234,118,243,110,82771,47897,1.3113352401023635,91,64,17089,21606,29779,22362,2563,5739,48995,38732,0,0,1038,50,653,3704,25072,8548,4792,0,0,37597,18169,2,20,0,0,0,0,0
883,2757,884.0481164735921,99645,218,102,243,110,82784,47905,1.311545988258317,99,68,17188,21684,29690,22306,2561,5729,49002,38739,0,0,1038,50,653,3704,25081,8561,4778,0,0,37605,18153,2,20,0,0,0,0,0
884,2757,885.0039105907504,99645,208,104,243,110,82800,47922,1.3118771639319584,107,70,17283,21744,29606,22255,2552,5716,49009,38745,0,0,1030,50,652,3701,25090,8573,4775,0,0,37601,18151,2,20,0,0,0,0,0
885,2757,886.282514772158,99645,224,103,243,110,82844,47938,1.3124793015203975,85,67,17402,21859,29503,22160,2542,5700,49016,38751,0,0,1028,50,652,3695,25109,8581,4766,0,0,37600,18142,2,20,0,0,0,0,0
886,2757,887.2446994840533,99645,211,105,243,110,82864,47956,1.3128606553264088,78,60,17491,21934,29433,22099,2543,5691,49023,38757,0,0,1026,50,652,3690,25116,8599,4763,0,0,37594,18133,2,20,0,0,0,0,0
887,2757,888.2093312741257,99644,203,113,244,110,82884,47974,1.3132551884709567,78,61,17605,22003,29327,22035,2542,5677,49030,38763,0,0,1023,50,652,3691,25121,8609,4753,0,0,37594,18129,2,20,0,0,0,0,0
888,2757,889.177296199996,99644,192,111,244,110,82902,47989,1.3135863674681867,86,55,17689,22086,29249,21966,2539,5671,49037,38769,0,0,1021,49,651,3687,25134,8622,4747,0,0,37588,18123,2,20,0,0,0,0,0
889,2757,890.1481921620663,99644,185,106,244,110,82923,47998,1.3138874392838504,85,57,17775,22165,29177,21910,2533,5651,49044,38775,0,0,1018,49,651,3686,25146,8631,4735,0,0,37588,18118,2,20,0,0,0,0,0
890,2757,891.1216225758337,99643,180,109,244,111,82944,48016,1.3142920225203978,81,49,17879,22250,29088,21839,2527,5641,49051,38781,0,0,1016,49,650,3684,25148,8645,4726,0,0,37593,18110,2,20,0,0,0,0,0
891,2757,892.0979848154248,99643,174,101,244,111,82964,48019,1.3145228465622272,80,58,17977,22328,29005,21768,2519,5633,49058,38787,0,0,1014,49,650,3681,25147,8662,4717,0,0,37595,18106,2,20,0,0,0,0,0
892,2757,893.0773392301495,99643,180,92,244,111,82989,48030,1.3148841363668295,74,63,18084,22395,28900,21711,2517,5627,49065,38793,0,0,1011,49,647,3677,25163,8669,4711,0,0,37597,18097,2,20,0,0,0,0,0
893,2757,894.0601771038893,99643,177,92,244,111,83003,48042,1.3151450678923757,78,57,18187,22488,28797,21637,2516,5614,49072,38799,0,0,1007,49,647,3672,25172,8676,4707,0,0,37598,18093,2,20,0,0,0,0,0
894,2757,895.0463956704518,99642,164,99,245,111,83020,48057,1.3154794163103911,79,56,18276,22561,28724,21567,2511,5605,49079,38805,0,0,1006,49,647,3663,25184,8687,4703,0,0,37595,18086,2,20,0,0,0,0,0
895,2757,896.0353317277314,99642,155,102,245,111,83035,48075,1.3158106019549989,81,55,18380,22638,28631,21501,2507,5592,49086,38811,0,0,1005,49,647,3656,25199,8693,4693,0,0,37600,18078,2,20,0,0,0,0,0
896,2757,897.0274310788406,99642,145,107,245,111,83052,48093,1.3161618594568556,82,49,18473,22726,28548,21430,2506,5576,49093,38817,0,0,1004,48,648,3653,25204,8705,4683,0,0,37604,18071,2,20,0,0,0,0,0
897,2757,898.0225365068845,99642,138,108,245,111,83071,48105,1.3164729732442142,78,41,18573,22797,28460,21377,2505,5565,49100,38823,0,0,1001,48,647,3653,25209,8717,4673,0,0,37603,18069,2,20,0,0,0,0,0
898,2757,899.0210479549085,99642,131,101,245,111,83092,48113,1.316764015174324,73,44,18674,22863,28373,21324,2503,5556,49107,38829,0,0,998,48,647,3649,25223,8729,4665,0,0,37595,18066,2,20,0,0,0,0,0
899,2757,900.0228824442272,99642,124,100,245,111,83100,48120,1.3169145541036913,102,68,18721,22902,28312,21273,2495,5545,49107,38829,0,0,998,48,646,3648,25227,8734,4663,0,0,37596,18060,2,20,0,0,0,0,0
900,2757,900.0228824442272,99642,127,99,245,111,83108,48126,1.317055057104434,102,62,18741,22929,28290,21258,2494,5540,49107,38829,0,0,997,48,646,3648,25230,8736,4663,1,4,37591,18056,2,20,0,0,0,0,0
901,2757,901.0271707527762,99642,139,106,245,111,83134,48143,1.3174866020352862,89,56,18818,23025,28217,21187,2491,5514,49107,38829,0,0,997,48,644,3647,25235,8741,4663,1,11,37584,18049,2,20,0,0,0,0,0
902,2757,902.034186217492,99642,132,110,245,111,83147,48158,1.3177676080367717,103,52,18908,23117,28127,21117,2484,5492,49107,38829,0,0,997,48,644,3646,25237,8748,4661,1,21,37578,18039,2,20,0,0,0,0,0
903,2757,903.0442204777318,99642,149,117,245,111,83179,48173,1.318239296682122,93,50,18988,23207,28048,21044,2476,5470,49107,38829,0,0,997,48,643,3644,25242,8753,4661,1,25,37571,18035,2,20,0,0,0,0,0
904,2757,904.0570202478566,99641,151,118,246,111,83205,48189,1.3186740398028924,94,46,19086,23290,27961,20983,2461,5451,49107,38829,0,0,995,48,643,3641,25246,8763,4659,3,31,37561,18029,2,20,0,0,0,0,0
905,2757,905.0726732765127,99641,152,112,246,111,83227,48199,1.3189951927419437,102,50,19174,23349,27877,20943,2448,5434,49107,38829,0,0,992,48,643,3641,25252,8770,4659,6,43,37548,18017,2,20,0,0,0,0,0
906,2757,906.091542932304,99641,156,108,246,111,83247,48213,1.3193364177396856,98,50,19287,23412,27772,20896,2440,5422,49107,38829,0,0,992,48,643,3644,25258,8779,4656,6,50,37533,18010,2,20,0,0,0,0,0
907,2757,907.1139524610227,99641,171,110,246,111,83280,48230,1.3198382192069529,82,50,19362,23495,27706,20831,2432,5402,49107,38829,0,0,991,48,642,3646,25260,8789,4654,7,56,37522,18004,2,20,0,0,0,0,0
908,2757,908.1390266189496,99641,169,104,246,111,83304,48241,1.3201894802340401,81,52,19448,23568,27629,20780,2426,5384,49107,38829,0,0,990,48,642,3648,25272,8795,4650,8,67,37506,17993,2,20,0,0,0,0,0
909,2757,909.1671204051468,99641,160,105,246,111,83324,48258,1.3205608133198181,82,45,19536,23661,27555,20716,2420,5361,49107,38829,0,0,990,47,642,3651,25284,8803,4648,8,80,37486,17980,2,20,0,0,0,0,0
910,2757,910.1981827029724,99641,166,103,246,111,83352,48272,1.3209823265523228,84,46,19620,23760,27478,20646,2405,5333,49107,38829,0,0,989,47,642,3649,25296,8809,4647,9,88,37471,17972,2,20,0,0,0,0,0
911,2757,911.2321263141748,99641,155,94,246,111,83367,48283,1.321243263315302,85,47,19732,23858,27389,20581,2392,5308,49107,38829,0,0,989,47,642,3649,25309,8817,4644,9,98,37453,17962,2,20,0,0,0,0,0
912,2757,912.269437349572,99641,153,87,246,111,83390,48295,1.3215945243423892,80,43,19809,23937,27327,20530,2384,5291,49107,38829,0,0,986,47,642,3650,25320,8824,4642,12,110,37436,17950,2,20,0,0,0,0,0
913,2757,913.3093072945508,99641,153,82,246,111,83413,48306,1.3219357493401311,71,47,19906,24031,27248,20457,2375,5271,49107,38829,0,0,985,47,642,3651,25322,8838,4640,13,116,37421,17944,2,20,0,0,0,0,0
914,2757,914.0042176139183,99641,154,86,246,111,83424,48316,1.3221465059563835,69,44,19965,24096,27197,20411,2368,5251,49107,38829,0,0,984,47,642,3650,25325,8842,4640,14,120,37415,17940,2,20,0,0,0,0,0
915,2757,915.0490530647119,99641,149,75,246,111,83446,48323,1.3224375508073987,67,48,20057,24196,27116,20342,2364,5227,49107,38829,0,0,984,47,642,3651,25337,8850,4636,14,131,37399,17928,2,20,0,0,0,0,0
916,2757,916.0970086850888,99641,139,74,246,111,83456,48336,1.3226683794823415,69,49,20148,24292,27037,20275,2360,5198,49107,38829,0,0,983,47,641,3654,25341,8857,4632,15,140,37390,17919,2,20,0,0,0,0,0
917,2757,917.1482831341386,99641,138,81,246,111,83469,48351,1.3229493883040113,73,44,20235,24382,26953,20197,2354,5184,49107,38829,0,0,983,47,641,3652,25348,8862,4632,15,145,37380,17914,2,20,0,0,0,0,0
918,2757,918.2029143007095,99641,141,78,246,111,83491,48364,1.3233006493310986,67,44,20331,24457,26872,20144,2342,5165,49107,38829,0,0,983,47,641,3651,25355,8869,4631,15,155,37368,17904,2,20,0,0,0,0,0
919,2757,919.260663140455,99641,131,72,246,111,83504,48373,1.3235214419766963,60,49,20444,24536,26785,20091,2333,5140,49107,38829,0,0,983,47,641,3651,25362,8880,4628,15,161,37353,17898,2,20,0,0,0,0,0
920,2757,920.3220164276767,99641,131,70,246,111,83521,48383,1.3237924147690208,52,43,20550,24635,26693,20021,2327,5119,49107,38829,0,0,983,47,640,3653,25370,8885,4625,15,167,37342,17892,2,20,0,0,0,0,0
921,2757,921.0317080659187,99641,128,69,246,111,83529,48389,1.3239329191798557,54,40,20617,24684,26635,19990,2319,5105,49107,38829,0,0,983,47,640,3651,25374,8890,4625,15,171,37335,17888,2,20,0,0,0,0,0
922,2757,922.0991503642358,99641,107,66,246,111,83535,48397,1.3240734235906906,62,43,20713,24759,26560,19936,2311,5084,49107,38829,0,0,983,47,638,3647,25392,8895,4624,15,179,37319,17880,2,20,0,0,0,0,0
923,2757,923.1696679147592,99641,108,71,246,111,83554,48410,1.3243945765297418,56,42,20784,24827,26503,19875,2302,5073,49107,38829,0,0,982,47,638,3646,25394,8902,4622,16,185,37313,17874,2,20,0,0,0,0,0
924,2757,924.2426964016686,99641,102,67,246,111,83568,48419,1.3246254052046849,56,40,20884,24923,26417,19807,2294,5051,49107,38829,0,0,980,47,638,3644,25402,8908,4622,18,195,37301,17864,2,20,0,0,0,0,0
925,2757,925.3191421610701,99641,98,64,246,111,83581,48429,1.324856233879628,52,40,20983,25006,26337,19743,2283,5035,49107,38829,0,0,980,47,638,3646,25404,8917,4619,18,201,37291,17858,2,20,0,0,0,0,0
926,2757,926.038741136001,99641,96,62,246,111,83587,48434,1.3249666302024268,55,41,21032,25055,26294,19706,2276,5024,49107,38829,0,0,980,47,638,3643,25410,8920,4619,18,204,37285,17855,2,20,0,0,0,0,0
927,2757,927.1205729219541,99641,93,66,246,111,83595,48445,1.3251573147599884,64,36,21126,25131,26205,19648,2265,5007,49107,38829,0,0,980,47,638,3642,25412,8925,4619,18,210,37279,17849,2,20,0,0,0,0,0
928,2757,928.205856189702,99641,98,58,246,111,83614,48454,1.3254383235816583,61,38,21222,25204,26118,19603,2254,4985,49107,38829,0,0,980,47,638,3642,25422,8930,4618,18,218,37265,17841,2,20,0,0,0,0,0
929,2757,929.2947308335164,99641,108,59,246,111,83637,48463,1.3257594765207092,49,38,21320,25276,26027,19548,2249,4967,49107,38829,0,0,978,47,638,3646,25424,8935,4614,20,220,37258,17839,2,20,0,0,0,0,0
930,2757,930.0227778877902,99641,108,62,246,111,83649,48472,1.3259702331369616,46,35,21394,25327,25960,19509,2245,4955,49107,38829,0,0,978,47,637,3644,25428,8940,4614,20,224,37252,17835,2,20,0,0,0,0,0
931,2757,931.1183112574283,99641,112,70,246,111,83667,48488,1.3263114581347035,51,23,21491,25408,25861,19450,2238,4937,49107,38829,0,0,977,47,637,3644,25430,8947,4613,21,228,37244,17831,2,20,0,0,0,0,0
932,2757,932.217896599216,99641,110,66,246,111,83681,48497,1.3265422868096466,53,27,21577,25502,25784,19382,2229,4911,49107,38829,0,0,975,47,637,3644,25433,8956,4613,23,234,37232,17825,2,20,0,0,0,0,0
933,2757,933.3208312713313,99641,112,58,246,111,83696,48501,1.3267329713672082,49,31,21656,25584,25712,19319,2224,4896,49107,38829,0,0,975,47,636,3645,25442,8960,4612,23,241,37220,17818,2,20,0,0,0,0,0
934,2757,934.0579382260338,99641,112,53,246,111,83709,48506,1.3269136198954246,49,29,21720,25640,25654,19286,2218,4880,49107,38829,0,0,973,47,636,3645,25454,8962,4611,25,243,37207,17816,2,20,0,0,0,0,0
935,2757,935.1668006044622,99641,105,48,246,111,83722,48512,1.3271043044529862,50,34,21825,25738,25562,19208,2211,4860,49107,38829,0,0,970,47,636,3641,25467,8967,4611,28,248,37193,17811,2,20,0,0,0,0,0
936,2757,936.2795542145476,99641,106,52,246,111,83737,48525,1.327385313274656,46,31,21927,25818,25470,19155,2204,4832,49107,38829,0,0,970,47,636,3646,25474,8971,4606,28,251,37182,17808,2,20,0,0,0,0,0
937,2757,937.0237036413145,99641,105,54,246,111,83748,48530,1.3275458897441816,45,30,21986,25872,25418,19108,2199,4824,49107,38829,0,0,969,47,636,3646,25472,8976,4606,29,256,37179,17803,2,20,0,0,0,0,0
938,2757,938.1429083011969,99640,104,52,247,111,83767,48537,1.327820152549177,43,34,22090,25973,25327,19019,2188,4810,49107,38829,0,0,966,47,636,3647,25480,8980,4605,32,260,37166,17799,2,20,0,0,0,0,0
939,2757,939.2661013729924,99640,101,54,247,111,83785,48546,1.3280911280610197,38,29,22179,26061,25250,18948,2184,4796,49107,38829,0,0,966,47,636,3648,25483,8988,4601,32,263,37158,17796,2,20,0,0,0,0,0
940,2757,940.0168345003618,99640,91,59,247,111,83792,48553,1.328231633881975,40,27,22244,26128,25198,18899,2179,4775,49107,38829,0,0,966,47,636,3647,25490,8991,4599,32,266,37151,17793,2,20,0,0,0,0,0
941,2757,941.1458425553852,99640,88,63,247,111,83803,48564,1.3284524287434765,43,27,22336,26229,25115,18813,2170,4756,49107,38829,0,0,963,47,636,3651,25489,8996,4594,35,270,37148,17789,2,20,0,0,0,0,0
942,2757,942.278675063179,99640,82,57,247,111,83812,48573,1.328633079084705,50,26,22429,26320,25031,18747,2160,4738,49107,38829,0,0,963,47,636,3652,25493,9003,4592,35,280,37138,17779,2,20,0,0,0,0,0
943,2757,943.0360235659241,99640,82,54,247,111,83821,48575,1.3287434765154555,46,26,22510,26368,24962,18712,2152,4728,49107,38829,0,0,963,47,636,3652,25496,9006,4591,35,284,37133,17775,2,20,0,0,0,0,0
944,2757,944.1759732729844,99640,76,56,247,111,83830,48587,1.3289542352468888,56,24,22601,26437,24874,18659,2145,4712,49107,38829,0,0,963,47,636,3652,25501,9011,4589,35,289,37125,17770,2,20,0,0,0,0,0
945,2757,945.3198868868716,99640,78,54,247,111,83842,48596,1.3291649939783219,58,29,22692,26509,24787,18606,2137,4690,49107,38829,0,0,962,47,636,3651,25505,9016,4588,36,293,37118,17766,2,20,0,0,0,0,0
946,2757,946.0846722478025,99640,81,59,247,111,83856,48605,1.3293958249698916,50,27,22765,26560,24732,18564,2124,4678,49107,38829,0,0,961,47,636,3652,25507,9018,4586,37,299,37115,17760,2,20,0,0,0,0,0
947,2757,947.2348818794748,99640,80,58,247,111,83864,48613,1.3295564030509834,61,27,22843,26634,24649,18515,2119,4654,49107,38829,0,0,960,47,636,3652,25511,9022,4586,38,304,37107,17755,2,20,0,0,0,0,0
948,2757,948.0038688020289,99640,82,52,247,111,83872,48617,1.3296768366118026,57,28,22904,26697,24596,18469,2113,4642,49107,38829,0,0,959,47,636,3653,25518,9023,4585,39,309,37099,17750,2,20,0,0,0,0,0
949,2757,949.1604975907858,99640,81,52,247,111,83885,48622,1.3298574869530309,55,28,23009,26780,24510,18401,2097,4627,49107,38829,0,0,958,47,636,3651,25525,9026,4585,40,314,37091,17745,2,20,0,0,0,0,0
950,2757,950.321268124168,99640,89,55,247,111,83905,48631,1.33014853472501,45,25,23117,26856,24412,18341,2089,4611,49107,38829,0,0,957,47,636,3650,25521,9034,4585,41,318,37088,17741,2,20,0,0,0,0,0
951,2757,951.0976331029858,99640,86,49,247,111,83915,48634,1.3302790044158972,41,30,23184,26911,24356,18307,2085,4591,49107,38829,0,0,957,47,636,3652,25520,9041,4583,41,323,37082,17736,2,20,0,0,0,0,0
952,2757,952.2658820146538,99640,88,54,247,111,83929,48643,1.330509835407467,39,33,23284,26987,24266,18238,2075,4576,49107,38829,0,0,956,47,636,3650,25527,9042,4583,42,326,37076,17733,2,20,0,0,0,0,0
953,2757,953.0471724809619,99640,92,56,247,111,83939,48648,1.3306603773584906,38,32,23348,27035,24204,18200,2070,4565,49107,38829,0,0,956,47,636,3650,25525,9047,4583,42,327,37073,17732,2,20,0,0,0,0,0
954,2757,954.2223601559607,99640,90,58,247,111,83953,48657,1.3308912083500601,39,29,23440,27135,24124,18126,2059,4540,49107,38829,0,0,956,47,636,3650,25535,9050,4581,42,332,37062,17727,2,20,0,0,0,0,0
955,2757,955.0081929547891,99640,87,53,247,111,83961,48663,1.3310317141710157,46,30,23503,27179,24061,18096,2055,4530,49107,38829,0,0,955,47,636,3650,25541,9053,4580,43,337,37054,17722,2,20,0,0,0,0,0
956,2757,956.1907120774339,99640,79,56,247,111,83972,48676,1.3312725812926536,45,21,23594,27264,23989,18038,2045,4509,49107,38829,0,0,955,47,636,3651,25542,9062,4578,43,345,37046,17714,2,19,0,0,0,0,0
957,2757,957.376748401313,99640,80,49,247,111,83984,48683,1.3314632677639502,43,23,23694,27334,23897,17991,2038,4491,49107,38829,0,0,955,47,636,3654,25553,9065,4574,43,349,37033,17710,2,19,0,0,0,0,0
958,2757,958.1700594016318,99640,77,50,247,111,83993,48686,1.331583701324769,42,27,23770,27388,23835,17946,2028,4477,49107,38829,0,0,955,46,636,3656,25553,9070,4573,43,350,37028,17709,2,19,0,0,0,0,0
959,2757,959.36389904492,99640,74,53,247,111,84002,48697,1.331784423926134,40,24,23873,27474,23744,17873,2021,4464,49107,38829,0,0,955,46,636,3653,25557,9075,4572,43,354,37023,17705,2,19,0,0,0,0,0
960,2757,960.1590582381446,99640,75,49,247,111,84011,48703,1.3319349658771578,36,26,23958,27533,23671,17834,2012,4446,49107,38829,0,0,955,46,635,3652,25562,9080,4572,43,357,37015,17702,2,19,0,0,0,0,0
961,2757,961.3470424015985,99640,68,49,247,111,84016,48713,1.3320855078281815,40,23,24066,27636,23576,17751,2002,4429,49107,38829,0,0,955,46,635,3653,25567,9086,4571,43,358,37005,17700,2,19,0,0,0,0,0
962,2757,962.1360921166413,99640,65,50,247,111,84026,48718,1.3322360497792052,39,24,24120,27687,23530,17709,1998,4418,49107,38829,0,0,954,46,635,3652,25571,9089,4570,44,363,37000,17695,2,19,0,0,0,0,0
963,2757,963.3159060963093,99640,64,50,247,111,84034,48725,1.3323865917302289,42,21,24217,27777,23436,17633,1993,4407,49107,38829,0,0,954,46,635,3655,25569,9094,4567,44,367,36997,17691,2,19,0,0,0,0,0
964,2757,964.1000377676944,99640,61,50,247,111,84038,48728,1.3324568446407066,43,19,24278,27826,23382,17599,1988,4394,49107,38829,0,0,954,46,634,3654,25575,9095,4566,44,368,36993,17690,2,19,0,0,0,0,0
965,2757,965.1611645646211,99640,63,45,247,111,84048,48732,1.332597350461662,44,19,24361,27919,23303,17526,1981,4379,49107,38829,0,0,954,46,634,3655,25581,9098,4565,44,372,36984,17686,2,19,0,0,0,0,0
966,2757,966.1222153513668,99640,67,45,247,111,84056,48738,1.3327378562826173,42,17,24404,27964,23264,17491,1975,4371,49107,38829,0,0,954,46,634,3654,25585,9098,4565,44,376,36981,17682,2,19,0,0,0,0,0
967,2757,967.1626189153292,99640,67,39,247,111,84069,48741,1.3328984343637094,38,18,24508,28069,23170,17416,1969,4346,49107,38829,0,0,954,46,634,3657,25590,9102,4562,44,382,36972,17676,2,19,0,0,0,0,0
968,2757,968.0886858990344,99640,69,37,247,111,84077,48744,1.33300883179446,39,23,24579,28134,23102,17365,1963,4329,49107,38829,0,0,954,46,634,3657,25593,9104,4562,44,385,36967,17673,2,19,0,0,0,0,0
969,2757,969.2465108113606,99640,68,39,247,111,84089,48752,1.333209554395825,41,21,24678,28227,23013,17289,1952,4312,49107,38829,0,0,954,46,634,3655,25596,9108,4561,44,392,36963,17666,2,19,0,0,0,0,0
970,2757,970.0157125777325,99640,66,38,247,111,84094,48757,1.3333099156965074,45,23,24730,28279,22966,17248,1945,4300,49107,38829,0,0,954,46,633,3654,25603,9109,4561,44,395,36957,17663,2,19,0,0,0,0,0
971,2757,971.1664624799233,99640,68,41,247,111,84107,48763,1.3335006021678042,41,20,24815,28366,22889,17174,1939,4287,49107,38829,0,0,954,46,633,3654,25609,9111,4560,44,397,36950,17661,2,19,0,0,0,0,0
972,2757,972.2940130349103,99640,64,39,247,111,84117,48766,1.3336310718586912,39,22,24919,28435,22802,17116,1928,4276,49107,38829,0,0,953,46,633,3656,25614,9115,4558,45,399,36941,17659,2,19,0,0,0,0,0
973,2757,973.0559046239914,99640,61,37,247,111,84122,48769,1.3337113608992373,43,22,24972,28481,22750,17081,1926,4267,49107,38829,0,0,953,46,633,3656,25619,9116,4557,45,403,36936,17655,2,19,0,0,0,0,0
974,2757,974.0683650623188,99640,61,42,247,111,84130,48779,1.3338920112404657,42,13,25029,28540,22700,17041,1920,4252,49107,38829,0,0,953,46,632,3656,25624,9119,4557,45,405,36929,17653,2,19,0,0,0,0,0
975,2757,975.0218427369398,99640,63,35,247,111,84149,48780,1.3340927338418307,33,20,25131,28616,22611,16978,1914,4239,49107,38829,0,0,952,46,632,3655,25622,9126,4557,46,416,36925,17642,2,19,0,0,0,0,0
976,2757,976.1546004334974,99640,60,34,247,111,84159,48786,1.3342533119229225,29,19,25217,28693,22538,16922,1908,4220,49107,38829,0,0,952,46,632,3654,25624,9132,4557,46,422,36918,17636,2,19,0,0,0,0,0
977,2757,977.054305823909,99640,57,33,247,111,84163,48788,1.334313528703332,27,19,25245,28752,22519,16873,1904,4211,49107,38829,0,0,952,46,632,3654,25626,9135,4556,46,423,36914,17635,2,19,0,0,0,0,0
978,2757,978.1468414595977,99640,60,35,247,111,84174,48795,1.3344941790445604,21,16,25356,28834,22423,16810,1892,4193,49107,38829,0,0,952,46,631,3653,25633,9138,4556,46,423,36906,17635,2,19,0,0,0,0,0
979,2757,979.0530290982788,99640,50,35,247,111,84176,48801,1.3345744680851064,27,12,25424,28905,22366,16759,1885,4177,49107,38829,0,0,952,46,631,3654,25640,9141,4554,46,425,36897,17633,2,19,0,0,0,0,0
980,2757,980.0497001143724,99640,51,35,247,111,84183,48801,1.334644720995584,31,18,25516,28979,22276,16696,1878,4160,49107,38829,0,0,952,46,631,3653,25644,9141,4554,46,427,36894,17631,2,19,0,0,0,0,0
981,2757,981.2625737126755,99640,52,35,247,111,84191,48807,1.3347852268165394,29,20,25612,29038,22188,16645,1871,4150,49107,38829,0,0,952,46,631,3652,25645,9145,4553,46,429,36891,17629,2,19,0,0,0,0,0
982,2757,982.0475675444588,99640,54,36,247,111,84196,48810,1.3348655158570855,26,19,25645,29071,22160,16620,1867,4142,49107,38829,0,0,952,46,631,3652,25648,9145,4553,46,431,36888,17627,2,19,0,0,0,0,0
983,2757,983.084915592595,99640,55,41,247,111,84203,48818,1.3350160578081092,23,14,25712,29138,22098,16567,1864,4128,49107,38829,0,0,951,46,631,3651,25652,9146,4553,47,433,36884,17625,2,19,0,0,0,0,0
984,2757,984.3560304673487,99640,50,41,247,111,84208,48823,1.3351164191087916,30,14,25804,29199,22016,16522,1852,4112,49107,38829,0,0,951,46,631,3652,25655,9150,4552,47,435,36877,17623,2,19,0,0,0,0,0
985,2757,985.1435607184094,99640,48,40,247,111,84213,48829,1.3352268165395424,27,12,25874,29247,21954,16492,1849,4097,49107,38829,0,0,951,46,631,3652,25656,9154,4551,47,439,36873,17619,2,19,0,0,0,0,0
986,2757,986.1044472694572,99640,50,40,247,111,84222,48835,1.335377358490566,26,9,25956,29317,21878,16443,1842,4079,49107,38829,0,0,951,46,631,3651,25658,9158,4550,47,440,36870,17617,2,19,0,0,0,0,0
987,2757,987.0311475293945,99640,51,38,247,111,84229,48839,1.3354877559213167,22,8,26043,29371,21802,16401,1834,4070,49107,38829,0,0,951,46,631,3649,25661,9160,4550,47,444,36867,17613,2,19,0,0,0,0,0
988,2757,988.0192503038124,99640,53,27,247,111,84236,48840,1.3355680449618628,18,8,26131,29456,21722,16346,1828,4051,49107,38829,0,0,951,46,631,3649,25670,9161,4550,47,450,36857,17607,2,19,0,0,0,0,0
989,2757,989.3463943810635,99640,52,24,247,111,84238,48842,1.3356081894821357,23,10,26235,29539,21617,16280,1825,4035,49107,38829,0,0,951,46,631,3649,25672,9161,4549,47,455,36856,17602,2,19,0,0,0,0,0
990,2757,990.0522025819888,99640,54,26,247,111,84242,48844,1.3356684062625452,22,9,26269,29563,21587,16258,1820,4032,49107,38829,0,0,951,46,631,3649,25673,9161,4549,47,455,36855,17602,2,19,0,0,0,0,0
991,2757,991.0597170373063,99640,57,23,247,111,84249,48848,1.3357788036932958,19,6,26364,29625,21501,16214,1811,4020,49107,38829,0,0,951,46,631,3649,25675,9165,4549,47,456,36849,17601,2,19,0,0,0,0,0
992,2757,992.1850297212285,99640,50,21,247,111,84253,48850,1.3358390204737054,23,12,26455,29724,21422,16130,1802,4001,49107,38829,0,0,951,46,631,3648,25678,9169,4548,47,459,36844,17598,2,19,0,0,0,0,0
993,2757,993.0055750699731,99640,49,19,247,111,84258,48851,1.3358992372541147,20,14,26505,29747,21379,16113,1799,3995,49107,38829,0,0,951,46,631,3649,25680,9171,4547,47,461,36840,17596,2,19,0,0,0,0,0
994,2757,994.330392418025,99640,45,14,247,111,84267,48853,1.3360096346848656,19,14,26611,29843,21286,16039,1791,3978,49107,38829,0,0,951,46,630,3649,25684,9176,4546,47,465,36833,17592,2,19,0,0,0,0,0
995,2757,995.0313701679278,99640,46,16,247,111,84270,48856,1.336069851465275,17,19,26663,29890,21238,15999,1788,3964,49107,38829,0,0,951,46,630,3649,25684,9177,4546,47,465,36832,17592,2,19,0,0,0,0,0
996,2757,996.0826990970564,99640,41,18,247,111,84270,48859,1.3360999598554797,20,17,26728,29956,21182,15944,1781,3953,49107,38829,0,0,951,46,630,3648,25684,9180,4546,47,465,36830,17592,2,19,0,0,0,0,0
997,2757,997.2465869743405,99640,43,24,247,111,84280,48866,1.3362705740666398,15,13,26824,30041,21097,15875,1773,3935,49107,38829,0,0,951,46,630,3648,25683,9184,4546,47,464,36828,17592,2,19,0,0,0,0,0
998,2757,998.0330888974175,99640,44,24,247,111,84286,48869,1.3363608992372542,16,13,26878,30083,21043,15845,1771,3923,49107,38829,0,0,951,46,630,3647,25684,9187,4546,47,465,36825,17591,2,19,0,0,0,0,0
999,2757,999.1376029646395,99640,40,23,247,111,84286,48871,1.3363809714973907,23,15,27004,30154,20924,15790,1761,3906,49107,38829,0,0,951,46,630,3646,25687,9188,4545,47,466,36823,17590,2,19,0,0,0,0,0
1000,2757,1000.3435584830729,99640,35,24,247,111,84293,48875,1.3364913689281412,23,15,27082,30210,20864,15748,1748,3891,49107,38829,0,0,951,46,630,3646,25684,9195,4543,47,466,36822,17589,2,19,0,0,0,0,0
1001,2757,1001.1012898979717,99640,34,27,247,111,84299,48878,1.3365816940987556,18,15,27142,30263,20815,15708,1743,3875,49107,38829,0,0,951,46,630,3646,25688,9196,4542,47,466,36818,17589,2,19,0,0,0,0,0
1002,2757,1002.0348200299213,99640,32,29,247,111,84301,48881,1.3366318747490968,21,12,27196,30308,20769,15672,1734,3867,49107,38829,0,0,950,46,630,3647,25688,9197,4541,48,466,36817,17589,2,19,0,0,0,0,0
1003,2757,1003.2764741953349,99640,30,27,247,111,84307,48883,1.3367121637896426,22,15,27301,30397,20672,15598,1727,3851,49107,38829,0,0,950,46,630,3646,25690,9202,4541,48,466,36811,17589,2,19,0,0,0,0,0
1004,2757,1004.1796378254821,99640,28,27,247,111,84311,48886,1.3367824167001203,21,13,27361,30456,20619,15554,1723,3838,49107,38829,0,0,950,46,630,3646,25694,9203,4541,48,469,36806,17586,2,19,0,0,0,0,0
1005,2757,1005.0089160254975,99640,32,26,247,111,84319,48888,1.3368827780008028,15,14,27398,30493,20589,15523,1718,3832,49107,38829,0,0,949,46,630,3645,25695,9205,4541,49,470,36804,17585,2,19,0,0,0,0,0
1006,2757,1006.0805645796751,99640,33,25,247,111,84324,48894,1.3369931754315536,20,17,27491,30579,20499,15456,1709,3811,49107,38829,0,0,949,46,630,3646,25700,9206,4540,49,473,36798,17582,2,19,0,0,0,0,0
1007,2757,1007.0570074287201,99640,33,24,247,111,84328,48897,1.3370634283420313,22,18,27563,30634,20432,15415,1702,3797,49107,38829,0,0,949,46,630,3647,25700,9209,4539,49,474,36795,17581,2,19,0,0,0,0,0
1008,2757,1008.2929895700562,99640,32,23,247,111,84335,48902,1.3371838619028502,21,18,27641,30696,20361,15369,1697,3782,49107,38829,0,0,949,46,630,3646,25707,9210,4539,49,477,36788,17578,2,19,0,0,0,0,0
1009,2757,1009.152123797471,99640,30,24,247,111,84336,48904,1.337213970293055,25,18,27681,30735,20322,15336,1694,3775,49107,38829,0,0,949,46,630,3646,25709,9211,4539,49,477,36785,17578,2,19,0,0,0,0,0
1010,2757,1010.2706811572034,99640,37,26,247,111,84346,48908,1.3373544761140104,18,17,27741,30790,20267,15293,1689,3762,49107,38829,0,0,949,46,630,3646,25711,9212,4539,49,477,36783,17577,2,19,0,0,0,0,0
1011,2757,1011.1570845927698,99640,32,29,247,111,84348,48913,1.337424729024488,25,15,27805,30841,20211,15254,1679,3749,49107,38829,0,0,948,46,630,3645,25714,9213,4539,50,479,36780,17575,2,19,0,0,0,0,0
1012,2757,1012.0072130605081,99640,34,31,247,111,84358,48919,1.33758530710558,17,12,27886,30913,20140,15202,1675,3730,49107,38829,0,0,948,46,630,3645,25717,9216,4539,50,482,36774,17572,2,19,0,0,0,0,0
1013,2757,1013.0886410692017,99640,27,25,247,111,84363,48921,1.3376555600160578,19,13,27958,30977,20078,15153,1670,3720,49107,38829,0,0,948,46,630,3644,25712,9226,4539,50,486,36770,17568,2,19,0,0,0,0,0
1014,2757,1014.0278583488226,99640,28,27,247,111,84367,48924,1.3377258129265355,17,10,28013,31014,20029,15123,1665,3714,49107,38829,0,0,948,46,630,3644,25712,9227,4539,50,487,36769,17567,2,19,0,0,0,0,0
1015,2757,1015.3222608652807,99640,29,27,247,111,84373,48929,1.3378362103572863,19,6,28098,31092,19946,15066,1660,3697,49107,38829,0,0,948,46,630,3643,25714,9229,4539,50,491,36766,17563,2,19,0,0,0,0,0
1016,2757,1016.0906890078812,99640,23,26,247,111,84376,48930,1.3378763548775592,22,8,28160,31149,19892,15019,1655,3686,49107,38829,0,0,948,46,630,3644,25717,9231,4538,50,493,36761,17561,2,19,0,0,0,0,0
1017,2757,1017.0688595839996,99640,28,27,247,111,84381,48933,1.3379566439181052,20,8,28199,31187,19853,14982,1652,3684,49107,38829,0,0,948,46,630,3645,25716,9232,4537,50,493,36761,17561,2,19,0,0,0,0,0
1018,2757,1018.2261343937303,99640,25,23,247,111,84387,48935,1.3380369329586512,19,7,28302,31256,19763,14934,1643,3668,49107,38829,0,0,948,46,630,3646,25718,9236,4536,50,497,36755,17557,2,19,0,0,0,0,0
1019,2757,1019.0565999657534,99640,26,20,247,111,84392,48935,1.3380871136089925,16,7,28368,31318,19709,14887,1633,3656,49107,38829,0,0,948,46,630,3646,25716,9239,4536,50,499,36754,17555,2,19,0,0,0,0,0
1020,2757,1020.1101561617774,99640,27,18,247,111,84396,48937,1.3381473303894018,16,8,28437,31369,19646,14848,1626,3645,49107,38829,0,0,948,46,630,3647,25717,9241,4535,50,499,36751,17555,2,19,0,0,0,0,0
1021,2757,1021.0490488344616,99639,25,19,248,111,84399,48939,1.3382109414988108,15,9,28522,31429,19569,14797,1620,3634,49107,38829,0,0,948,46,630,3646,25714,9245,4534,50,499,36751,17555,2,19,0,0,0,0,0
1022,2757,1022.0507936951493,99639,25,20,248,111,84402,48942,1.3382711588835696,17,9,28591,31492,19500,14744,1618,3623,49107,38829,0,0,948,46,630,3646,25709,9250,4534,50,499,36751,17555,2,19,0,0,0,0,0
1023,2757,1023.050394130096,99639,24,20,248,111,84406,48945,1.3383414124991218,18,12,28659,31540,19436,14705,1614,3611,49107,38829,0,0,947,46,630,3647,25709,9252,4533,51,501,36749,17553,2,19,0,0,0,0,0
1024,2757,1024.1265369892212,99639,23,18,248,111,84409,48947,1.3383915936530877,18,12,28725,31597,19376,14662,1609,3599,49107,38829,0,0,947,46,630,3648,25712,9253,4532,51,502,36745,17552,2,19,0,0,0,0,0
1025,2757,1025.021660346743,99639,23,19,248,111,84413,48950,1.3384618472686398,20,14,28809,31682,19293,14594,1606,3579,49107,38829,0,0,947,46,630,3650,25714,9253,4530,51,504,36743,17550,2,19,0,0,0,0,0
1026,2757,1026.0653722515299,99639,22,22,248,111,84416,48954,1.338532100884192,21,11,28870,31746,19236,14544,1602,3565,49107,38829,0,0,947,46,630,3650,25717,9254,4530,51,504,36739,17550,2,19,0,0,0,0,0
1027,2757,1027.0693922944897,99639,28,23,248,111,84422,48957,1.3386224269613305,16,10,28930,31782,19180,14514,1597,3559,49107,38829,0,0,947,46,630,3650,25718,9254,4530,51,504,36739,17549,2,19,0,0,0,0,0
1028,2757,1028.2766801520131,99639,25,24,248,111,84425,48960,1.3386826443460893,20,8,29041,31896,19078,14424,1587,3536,49107,38829,0,0,947,46,630,3650,25721,9255,4530,51,506,36735,17547,2,19,0,0,0,0,0
1029,2757,1029.2407376221001,99639,27,22,248,111,84428,48960,1.3387127530384688,19,8,29090,31928,19032,14400,1583,3530,49107,38829,0,0,947,46,630,3650,25723,9255,4530,51,507,36733,17546,2,19,0,0,0,0,0
1030,2757,1030.251779496877,99639,26,18,248,111,84431,48962,1.3387629341924348,21,6,29152,31986,18972,14359,1580,3519,49107,38829,0,0,947,46,630,3650,25728,9256,4529,51,509,36728,17544,2,19,0,0,0,0,0
1031,2757,1031.1726703144875,99639,25,20,248,111,84436,48965,1.33884322403878,19,6,29230,32046,18904,14307,1573,3509,49107,38829,0,0,947,46,630,3649,25727,9260,4529,51,509,36726,17544,2,19,0,0,0,0,0
1032,2757,1032.0160825514579,99639,22,18,248,111,84437,48966,1.3388632965003664,18,5,29270,32084,18872,14284,1569,3497,49107,38829,0,0,947,46,630,3648,25728,9262,4529,51,511,36724,17542,2,19,0,0,0,0,0
1033,2757,1033.0250859928387,99639,21,20,248,111,84441,48970,1.3389435863467116,17,1,29336,32144,18814,14236,1563,3487,49107,38829,0,0,947,46,630,3649,25729,9263,4528,51,512,36722,17541,2,19,0,0,0,0,0
1034,2757,1034.1321612154657,99639,15,14,248,111,84443,48970,1.338963658808298,16,2,29390,32198,18771,14192,1559,3482,49107,38829,0,0,947,46,629,3648,25731,9269,4528,51,512,36716,17541,2,19,0,0,0,0,0
1035,2757,1035.205552325817,99639,21,13,248,111,84450,48971,1.3390439486546433,12,2,29458,32260,18705,14141,1555,3472,49107,38829,0,0,947,46,629,3648,25733,9269,4528,51,513,36714,17540,2,19,0,0,0,0,0
1036,2757,1036.0251387446533,99639,23,11,248,111,84452,48972,1.3390740573470228,14,3,29511,32314,18652,14099,1551,3461,49107,38829,0,0,947,46,629,3648,25733,9269,4528,51,516,36714,17537,2,19,0,0,0,0,0
1037,2757,1037.0651256565989,99639,20,10,248,111,84454,48973,1.3391041660394023,16,4,29583,32388,18585,14036,1547,3450,49107,38829,0,0,946,46,629,3648,25734,9270,4527,52,516,36713,17537,2,19,0,0,0,0,0
1038,2757,1038.2892765020445,99639,24,8,248,111,84458,48974,1.339154347193368,14,4,29647,32446,18523,13994,1543,3436,49107,38829,0,0,946,46,629,3648,25736,9270,4527,52,517,36711,17536,2,19,0,0,0,0,0
1039,2757,1039.0070196851677,99639,24,8,248,111,84461,48974,1.3391844558857475,11,5,29723,32507,18460,13948,1533,3420,49107,38829,0,0,946,46,629,3648,25737,9270,4526,52,517,36711,17536,2,19,0,0,0,0,0
1040,2757,1040.0562403169329,99639,25,9,248,111,84465,48976,1.3392446732705066,10,4,29799,32578,18390,13890,1527,3407,49107,38829,0,0,946,46,629,3648,25737,9271,4526,52,519,36710,17534,2,19,0,0,0,0,0
1041,2757,1041.2917743319804,99639,24,8,248,111,84469,48977,1.3392948544244723,8,4,29874,32637,18328,13845,1517,3394,49107,38829,0,0,946,46,629,3648,25738,9274,4526,52,518,36707,17534,2,19,0,0,0,0,0
1042,2757,1042.1153482367754,99639,24,8,248,111,84471,48978,1.3393249631168518,8,3,29922,32697,18282,13796,1515,3384,49107,38829,0,0,946,46,629,3647,25738,9275,4526,52,519,36707,17533,2,19,0,0,0,0,0
1043,2757,1043.0062945138259,99639,23,9,248,111,84472,48980,1.3393550718092313,8,4,29965,32748,18245,13755,1510,3372,49107,38829,0,0,946,46,629,3646,25741,9275,4526,52,519,36705,17533,2,19,0,0,0,0,0
1044,2757,1044.209680473921,99639,21,10,248,111,84474,48982,1.339395216732404,9,6,30052,32842,18167,13679,1502,3351,49107,38829,0,0,946,46,629,3647,25742,9276,4525,52,520,36703,17532,2,19,0,0,0,0,0
1045,2757,1045.0292885206911,99639,22,8,248,111,84476,48983,1.3394253254247834,11,6,30078,32892,18140,13640,1500,3342,49107,38829,0,0,946,46,629,3648,25743,9277,4524,52,520,36701,17532,2,19,0,0,0,0,0
1046,2757,1046.18420042362,99639,20,10,248,111,84480,48986,1.3394955790403356,11,7,30152,32944,18076,13600,1492,3327,49107,38829,0,0,946,46,629,3649,25741,9280,4523,52,522,36700,17530,2,19,0,0,0,0,0
1047,2757,1047.3034011892769,99639,19,12,248,111,84483,48988,1.3395457601943015,14,11,30221,33019,18012,13541,1485,3305,49107,38829,0,0,946,46,629,3649,25741,9281,4523,52,523,36699,17529,2,19,0,0,0,0,0
1048,2757,1048.0036442104376,99639,19,11,248,111,84485,48989,1.339575868886681,14,11,30277,33072,17960,13496,1481,3298,49107,38829,0,0,946,46,629,3648,25742,9282,4523,52,524,36698,17528,2,19,0,0,0,0,0
1049,2757,1049.0772373645893,99639,16,14,248,111,84488,48994,1.3396561587330262,12,6,30345,33134,17904,13445,1474,3289,49107,38829,0,0,946,46,629,3648,25741,9286,4523,52,525,36695,17527,2,19,0,0,0,0,0
1050,2757,1050.2649962020153,99639,12,11,248,111,84490,48996,1.3396963036561989,11,4,30407,33191,17848,13403,1473,3279,49107,38829,0,0,946,46,629,3649,25741,9288,4522,52,531,36693,17521,2,19,0,0,0,0,0
1051,2757,1051.0060652399977,99639,8,8,248,111,84491,48996,1.339706339886992,11,5,30454,33219,17809,13381,1469,3275,49107,38829,0,0,946,46,629,3650,25740,9291,4521,52,533,36691,17519,2,19,0,0,0,0,0
1052,2757,1052.0386703578367,99639,8,8,248,111,84494,48998,1.3397565210409579,8,4,30527,33284,17746,13333,1462,3259,49107,38829,0,0,945,46,629,3650,25738,9294,4521,53,533,36690,17519,2,19,0,0,0,0,0
1053,2757,1053.1481819219096,99639,8,7,248,111,84495,48999,1.339776593502544,12,3,30601,33352,17673,13280,1457,3246,49107,38829,0,0,945,46,629,3649,25739,9294,4521,53,535,36690,17517,2,19,0,0,0,0,0
1054,2757,1054.0457143946978,99639,10,6,248,111,84498,49000,1.339816738425717,9,3,30635,33389,17640,13255,1457,3235,49107,38829,0,0,945,46,629,3649,25740,9295,4521,53,535,36688,17517,2,19,0,0,0,0,0
1055,2757,1055.2537032582532,99639,13,7,248,111,84503,49002,1.339886992041269,6,3,30690,33455,17588,13198,1454,3225,49107,38829,0,0,945,46,629,3647,25743,9295,4521,53,535,36687,17517,2,19,0,0,0,0,0
1056,2757,1056.0671282043454,99639,11,6,248,111,84503,49003,1.3398970282720621,6,3,30741,33496,17540,13169,1453,3214,49107,38829,0,0,945,46,629,3648,25745,9295,4520,53,536,36685,17516,2,19,0,0,0,0,0
1057,2757,1057.0509823272514,99639,11,5,248,111,84504,49004,1.3399171007336486,6,2,30798,33544,17488,13133,1448,3204,49107,38829,0,0,944,46,629,3648,25743,9297,4520,54,536,36685,17516,2,19,0,0,0,0,0
1058,2757,1058.1667101959913,99639,10,6,248,111,84506,49005,1.3399472094260279,4,1,30866,33605,17429,13082,1442,3194,49107,38829,0,0,944,46,629,3648,25742,9298,4520,54,538,36685,17514,2,19,0,0,0,0,0
1059,2757,1059.1919818547944,99639,11,6,248,111,84509,49005,1.3399773181184074,1,1,30951,33655,17350,13042,1438,3184,49107,38829,0,0,944,46,629,3647,25743,9298,4520,54,539,36685,17513,2,19,0,0,0,0,0
1060,2757,1060.1451333327086,99639,9,4,248,111,84509,49005,1.3399773181184074,1,4,31032,33734,17277,12976,1432,3170,49107,38829,0,0,944,46,629,3647,25742,9300,4520,54,540,36684,17512,2,19,0,0,0,0,0
1061,2757,1061.1848393264158,99639,6,4,248,111,84509,49006,1.3399873543492007,2,3,31094,33794,17221,12931,1428,3156,49107,38829,0,0,944,46,629,3649,25743,9300,4518,54,541,36683,17511,2,19,0,0,0,0,0
1062,2757,1062.2557868173678,99639,4,4,248,111,84509,49007,1.3399973905799938,3,4,31156,33839,17166,12893,1422,3148,49107,38829,0,0,944,46,629,3649,25743,9301,4518,54,542,36682,17510,2,19,0,0,0,0,0
1063,2757,1063.239511885518,99639,3,4,248,111,84509,49008,1.3400074268107869,3,3,31216,33883,17112,12860,1417,3138,49107,38829,0,0,944,46,629,3649,25742,9302,4518,54,542,36682,17510,2,19,0,0,0,0,0
1064,2757,1064.1523286050642,99639,3,4,248,111,84509,49008,1.3400074268107869,3,4,31275,33933,17058,12822,1412,3125,49107,38829,0,0,944,46,629,3649,25742,9302,4518,54,542,36682,17510,2,19,0,0,0,0,0
1065,2757,1065.155477248951,99639,5,7,248,111,84511,49011,1.3400576079647528,1,1,31314,33973,17022,12793,1409,3114,49107,38829,0,0,944,46,629,3649,25742,9302,4518,54,542,36682,17510,2,19,0,0,0,0,0
1066,2757,1066.2827245729634,99639,5,5,248,111,84512,49012,1.340077680426339,1,0,31396,34046,16946,12740,1403,3097,49107,38829,0,0,944,46,629,3649,25744,9302,4518,54,544,36680,17508,2,19,0,0,0,0,0
1067,2757,1067.1902975071023,99639,4,4,248,111,84512,49012,1.340077680426339,2,1,31453,34096,16895,12702,1397,3085,49107,38829,0,0,944,46,629,3649,25745,9302,4518,54,545,36679,17507,2,19,0,0,0,0,0
1068,2757,1068.045417014924,99639,5,4,248,111,84513,49012,1.3400877166571323,1,2,31492,34132,16859,12675,1394,3075,49107,38829,0,0,944,46,629,3649,25745,9302,4518,54,545,36679,17507,2,19,0,0,0,0,0
1069,2757,1069.0234002595075,99639,5,4,248,111,84513,49012,1.3400877166571323,1,2,31562,34205,16795,12618,1388,3059,49107,38829,0,0,944,46,629,3649,25745,9302,4518,54,545,36679,17507,2,19,0,0,0,0,0
1070,2757,1070.070869994637,99639,5,3,248,111,84513,49012,1.3400877166571323,3,2,31617,34259,16740,12578,1386,3046,49107,38829,0,0,944,46,629,3649,25746,9302,4518,54,545,36678,17507,2,19,0,0,0,0,0
1071,2757,1071.272182602795,99639,4,3,248,111,84513,49012,1.3400877166571323,3,2,31675,34311,16688,12540,1381,3032,49107,38829,0,0,944,46,629,3649,25747,9302,4518,54,544,36678,17507,2,19,0,0,0,0,0
1072,2757,1072.240811742281,99639,0,1,248,111,84513,49013,1.3400977528879254,3,1,31740,34357,16628,12508,1380,3021,49107,38829,0,0,944,46,629,3648,25751,9302,4517,54,545,36676,17506,2,19,0,0,0,0,0
1073,2757,1073.0314220032467,99639,1,2,248,111,84514,49014,1.3401178253495116,3,0,31787,34404,16583,12471,1377,3011,49107,38829,0,0,944,46,629,3648,25751,9302,4517,54,545,36676,17506,2,19,0,0,0,0,0
1074,2757,1074.0112075805077,99639,1,1,248,111,84514,49014,1.3401178253495116,3,0,31858,34467,16514,12421,1375,2999,49107,38829,0,0,944,46,629,3648,25751,9302,4517,54,546,36676,17505,2,19,0,0,0,0,0
1075,2757,1075.1414630636314,99639,2,1,248,111,84515,49014,1.340127861580305,2,0,31933,34516,16446,12387,1368,2984,49107,38829,0,0,944,46,629,3648,25751,9302,4517,54,546,36676,17505,2,19,0,0,0,0,0
1076,2757,1076.0832978217584,99639,2,0,248,111,84516,49014,1.340137897811098,1,0,31993,34554,16391,12355,1364,2979,49107,38829,0,0,944,46,629,3648,25751,9303,4517,54,546,36675,17505,2,19,0,0,0,0,0
1077,2757,1077.270453927225,99639,3,0,248,111,84517,49014,1.3401479340418911,1,0,32055,34605,16331,12312,1361,2971,49107,38829,0,0,944,46,629,3648,25751,9303,4517,54,546,36675,17505,2,19,0,0,0,0,0
1078,2757,1078.1935392007983,99639,4,0,248,111,84518,49014,1.3401579702726845,1,0,32127,34657,16264,12269,1355,2962,49107,38829,0,0,944,46,629,3648,25751,9303,4517,54,546,36675,17505,2,19,0,0,0,0,0
1079,2757,1079.0805572888437,99639,4,0,248,111,84518,49014,1.3401579702726845,1,0,32173,34703,16220,12232,1353,2953,49107,38829,0,0,944,46,629,3648,25751,9303,4517,54,546,36675,17505,2,19,0,0,0,0,0
1080,2757,1080.1634266054875,99639,3,0,248,111,84518,49014,1.3401579702726845,1,1,32218,34753,16180,12189,1349,2945,49107,38829,0,0,944,46,629,3648,25752,9303,4517,54,546,36674,17505,2,19,0,0,0,0,0
1081,2757,1081.0477683678535,99639,3,0,248,111,84518,49014,1.3401579702726845,1,1,32276,34791,16125,12162,1346,2934,49107,38829,0,0,944,46,629,3648,25752,9303,4517,54,546,36674,17505,2,19,0,0,0,0,0
1082,2757,1082.00780355736,99639,2,0,248,111,84518,49014,1.3401579702726845,1,1,32326,34840,16078,12125,1344,2922,49107,38829,0,0,944,46,629,3648,25753,9303,4517,54,546,36673,17505,2,19,0,0,0,0,0
1083,2757,1083.1488086441075,99639,3,0,248,111,84519,49014,1.3401680065034776,1,1,32391,34899,16017,12078,1339,2910,49107,38829,0,0,944,46,629,3648,25753,9303,4517,54,546,36673,17505,2,19,0,0,0,0,0
1084,2757,1084.0285159392345,99639,3,0,248,111,84519,49014,1.3401680065034776,2,1,32434,34944,15976,12040,1336,2903,49107,38829,0,0,944,46,629,3648,25753,9303,4517,54,546,36673,17505,2,19,0,0,0,0,0
1085,2757,1085.1996218724823,99639,3,0,248,111,84519,49014,1.3401680065034776,2,2,32493,34991,15919,11998,1334,2897,49107,38829,0,0,944,46,629,3648,25753,9303,4517,54,546,36673,17505,2,19,0,0,0,0,0
1086,2757,1086.243784713555,99639,2,2,248,111,84520,49016,1.340198115195857,2,1,32547,35043,15869,11954,1331,2888,49107,38829,0,0,943,46,629,3648,25754,9303,4517,55,546,36672,17505,2,19,0,0,0,0,0
1087,2757,1087.1192264412189,99639,2,3,248,111,84520,49017,1.3402081514266502,3,0,32593,35075,15827,11925,1326,2885,49107,38829,0,0,943,46,629,3648,25754,9303,4517,55,546,36672,17505,2,19,0,0,0,0,0
1088,2757,1088.1046543533964,99639,3,3,248,111,84521,49017,1.3402181876574433,4,0,32654,35119,15768,11888,1322,2878,49107,38829,0,0,943,46,629,3648,25754,9303,4517,55,546,36672,17505,2,19,0,0,0,0,0
1089,2757,1089.282435800144,99639,3,3,248,111,84521,49017,1.3402181876574433,5,0,32730,35193,15695,11834,1318,2858,49107,38829,0,0,943,46,629,3648,25754,9303,4517,55,546,36672,17505,2,19,0,0,0,0,0
1090,2757,1090.145430310337,99639,4,4,248,111,84522,49018,1.3402382601190297,5,1,32770,35237,15657,11796,1315,2850,49107,38829,0,0,943,46,629,3648,25754,9303,4517,55,546,36672,17505,2,19,0,0,0,0,0
1091,2757,1091.0180692399497,99639,3,3,248,111,84522,49018,1.3402382601190297,5,1,32824,35281,15607,11760,1312,2843,49107,38829,0,0,943,46,629,3649,25753,9304,4516,55,546,36672,17505,2,19,0,0,0,0,0
1092,2757,1092.015254423136,99639,2,2,248,111,84522,49018,1.3402382601190297,6,1,32875,35332,15561,11719,1307,2834,49107,38829,0,0,943,46,629,3649,25755,9304,4516,55,546,36670,17505,2,19,0,0,0,0,0
1093,2757,1093.0098010827533,99639,2,3,248,111,84523,49019,1.340258332580616,6,1,32932,35377,15510,11680,1301,2827,49107,38829,0,0,943,46,629,3650,25755,9304,4515,55,546,36670,17505,2,19,0,0,0,0,0
1094,2757,1094.003171580821,99639,3,3,248,111,84525,49019,1.3402784050422023,4,1,32988,35420,15459,11642,1297,2822,49107,38829,0,0,943,46,629,3650,25754,9305,4515,55,546,36670,17505,2,19,0,0,0,0,0
