,indexID,time,N,Inf_L,Inf_H,Dead_L,Dead_H,cum_cases_L,cum_cases_H,cum_sum_per_N,Exposed_L,Exposed_H,Sus_L,Sus_H,Rec_nat_L,Rec_nat_H,Rec_vax_L,Rec_vax_H,vaccinatedH,vaccinatedL,boostedH,boostedL,count_Naive,count_Delta,count_Delta_vaccine,count_two,count_three,count_four,count_Omicron,count_Omicron_star,count_Omicron_star_vaccine,count_Omicron_vaccine,count_Vaccine,count_WT,count_WT_vaccine,count_WT_vaccine_boost,count_Omicron_vaccine_boost,count_Delta_vaccine_boost,count_Omicron_star_vaccine_boost,count_Vaccine_boost
0,3492,1.0055138400510244,99996,2,8,0,0,3,9,0.00012000480019200768,22,17,49973,49972,1,1,0,0,0,0,0,0,99994,0,0,0,0,0,0,0,0,0,0,2,0,0,0,0,0,0
1,3492,2.0433939568642843,99996,3,10,0,0,5,11,0.00016000640025601025,21,15,49972,49972,2,1,0,0,0,0,0,0,99993,0,0,0,0,0,0,0,0,0,0,3,0,0,0,0,0,0
2,3492,3.085877353097995,99996,6,10,0,0,8,11,0.00019000760030401216,21,16,49969,49971,2,1,0,0,0,0,0,0,99993,0,0,0,0,0,0,0,0,0,0,3,0,0,0,0,0,0
3,3492,4.054454558148447,99996,7,12,0,0,10,16,0.00026001040041601667,21,14,49967,49968,3,4,0,0,0,0,0,0,99989,0,0,0,0,0,0,0,0,0,0,7,0,0,0,0,0,0
4,3492,5.060120684433551,99996,11,17,0,0,14,21,0.0003500140005600224,18,9,49966,49968,3,4,0,0,0,0,0,0,99989,0,0,0,0,0,0,0,0,0,0,7,0,0,0,0,0,0
5,3492,6.005469299486322,99996,11,14,0,0,17,21,0.0003800152006080243,19,11,49962,49966,6,7,0,0,0,0,0,0,99983,0,0,0,0,0,0,0,0,0,0,13,0,0,0,0,0,0
6,3492,7.042081115790108,99996,11,16,0,0,20,25,0.0004500180007200288,21,8,49957,49965,9,9,0,0,0,0,0,0,99978,0,0,0,0,0,0,0,0,0,0,18,0,0,0,0,0,0
7,3492,8.033312100942378,99996,15,16,0,0,25,28,0.0005300212008480339,19,8,49954,49962,10,12,0,0,0,0,0,0,99974,0,0,0,0,0,0,0,0,0,0,22,0,0,0,0,0,0
8,3492,9.079766009662148,99996,17,14,0,0,30,29,0.0005900236009440378,16,7,49952,49962,13,15,0,0,0,0,0,0,99968,0,0,0,0,0,0,0,0,0,0,28,0,0,0,0,0,0
9,3492,10.007872195675102,99996,17,13,0,0,33,30,0.0006300252010080403,17,8,49948,49960,16,17,0,0,0,0,0,0,99963,0,0,0,0,0,0,0,0,0,0,33,0,0,0,0,0,0
10,3492,11.003365618621476,99996,19,12,0,0,35,32,0.0006700268010720429,17,8,49946,49958,16,20,0,0,0,0,0,0,99960,0,0,0,0,0,0,0,0,0,0,36,0,0,0,0,0,0
11,3492,12.013624843462221,99996,19,13,0,0,38,34,0.0007200288011520461,17,8,49943,49956,19,21,0,0,0,0,0,0,99956,0,0,0,0,0,0,0,0,0,0,40,0,0,0,0,0,0
12,3492,13.060776950502111,99996,21,12,0,0,41,36,0.0007700308012320492,20,6,49937,49956,20,24,0,0,0,0,0,0,99952,0,0,0,0,0,0,0,0,0,0,44,0,0,0,0,0,0
13,3492,14.043133595798896,99996,25,11,0,0,46,37,0.0008300332013280532,20,9,49932,49952,21,26,0,0,0,0,0,0,99949,0,0,0,0,0,0,0,0,0,0,47,0,0,0,0,0,0
14,3492,15.026319667645055,99996,27,11,0,0,52,38,0.0009000360014400576,17,10,49929,49950,25,27,0,0,0,0,0,0,99944,0,0,0,0,0,0,0,0,0,0,52,0,0,0,0,0,0
15,3492,16.08484047715828,99996,31,12,0,0,58,41,0.0009900396015840634,13,8,49927,49949,27,29,0,0,0,0,0,0,99940,0,0,0,0,0,0,0,0,0,0,56,0,0,0,0,0,0
16,3492,17.020933030589262,99996,30,11,0,0,63,44,0.0010700428017120685,16,7,49919,49947,33,33,0,0,0,0,0,0,99930,0,0,0,0,0,0,0,0,0,0,66,0,0,0,0,0,0
17,3492,18.0147701150152,99996,31,10,0,0,67,46,0.0011300452018080723,14,7,49917,49945,36,36,0,0,0,0,0,0,99924,0,0,0,0,0,0,0,0,0,0,72,0,0,0,0,0,0
18,3492,19.010491984397234,99996,32,9,0,0,72,47,0.0011900476019040761,15,9,49911,49942,40,38,0,0,0,0,0,0,99918,0,0,0,0,0,0,0,0,0,0,78,0,0,0,0,0,0
19,3492,20.02213333321647,99996,34,11,0,0,79,49,0.001280051202048082,19,9,49900,49940,45,38,0,0,0,0,0,0,99913,0,0,0,0,0,0,0,0,0,0,83,0,0,0,0,0,0
20,3492,21.084562781833263,99996,32,14,0,0,82,52,0.0013400536021440858,26,10,49890,49936,50,38,0,0,0,0,0,0,99908,0,0,0,0,0,0,0,0,0,0,88,0,0,0,0,0,0
21,3492,22.05215053955418,99996,33,12,0,0,85,52,0.0013700548021920876,24,10,49890,49936,51,40,0,0,0,0,0,0,99904,0,0,0,0,0,0,0,0,0,0,92,0,0,0,0,0,0
22,3492,23.251805445426598,99996,38,11,0,0,95,55,0.001500060002400096,25,14,49881,49929,54,44,0,0,0,0,0,0,99895,0,0,0,0,0,0,0,0,0,0,101,0,0,0,0,0,0
23,3492,24.07608714878762,99996,30,16,0,0,99,61,0.0016000640025601023,25,12,49877,49925,66,45,0,0,0,0,0,0,99882,0,0,0,0,0,0,0,0,0,0,114,0,0,0,0,0,0
24,3492,25.13792617306148,99996,35,19,0,0,107,65,0.0017200688027521102,22,10,49872,49924,69,45,0,0,0,0,0,0,99878,0,0,0,0,0,0,0,0,0,0,118,0,0,0,0,0,0
25,3492,26.116648515298348,99996,34,19,0,0,114,67,0.0018100724028961158,24,15,49863,49917,77,47,0,0,0,0,0,0,99868,0,0,0,0,0,0,0,0,0,0,128,0,0,0,0,0,0
26,3492,27.005254953332766,99996,34,18,0,0,118,70,0.0018800752030081202,24,15,49859,49914,81,51,0,0,0,0,0,0,99860,0,0,0,0,0,0,0,0,0,0,136,0,0,0,0,0,0
27,3492,28.014365231821408,99996,31,23,0,0,123,76,0.0019900796031841273,26,12,49852,49911,89,52,0,0,0,0,0,0,99851,0,0,0,0,0,0,0,0,0,0,145,0,0,0,0,0,0
28,3492,29.017825425628143,99996,38,24,0,0,134,80,0.002140085603424137,20,10,49849,49909,91,55,0,0,0,0,0,0,99844,0,0,0,0,0,0,0,0,0,0,152,0,0,0,0,0,0
29,3492,30.25231633449936,99996,36,21,0,0,137,82,0.00219008760350414,28,12,49838,49905,96,60,0,0,0,0,0,0,99834,0,0,0,0,0,0,0,0,0,0,162,0,0,0,0,0,0
30,3492,31.111344797585833,99996,36,22,0,0,142,85,0.0022700908036321454,27,14,49834,49900,101,62,0,0,0,0,0,0,99827,0,0,0,0,0,0,0,0,0,0,169,0,0,0,0,0,0
31,3492,32.0247870046862,99996,43,22,0,0,153,89,0.002420096803872155,25,13,49825,49897,105,66,0,0,0,0,0,0,99819,0,0,0,0,0,0,0,0,0,0,177,0,0,0,0,0,0
32,3492,33.24032924454909,99996,42,24,0,0,161,93,0.0025401016040641627,26,11,49816,49896,114,67,0,0,0,0,0,0,99808,0,0,0,0,0,0,0,0,0,0,188,0,0,0,0,0,0
33,3492,34.112518607468466,99996,39,27,0,0,162,98,0.0026001040041601664,31,8,49810,49895,118,68,0,0,0,0,0,0,99802,0,0,0,0,0,0,0,0,0,0,194,0,0,0,0,0,0
34,3492,35.15122392453483,99996,45,26,0,0,172,99,0.0027101084043361736,24,11,49809,49891,120,70,0,0,0,0,0,0,99796,0,0,0,0,0,0,0,0,0,0,200,0,0,0,0,0,0
35,3492,36.134835463107976,99996,48,25,0,0,177,100,0.0027701108044321772,26,13,49803,49888,121,72,0,0,0,0,0,0,99792,0,0,0,0,0,0,0,0,0,0,204,0,0,0,0,0,0
36,3492,37.03537640944658,99996,49,25,0,0,184,104,0.0028801152046081845,23,12,49800,49885,126,76,0,0,0,0,0,0,99782,0,0,0,0,0,0,0,0,0,0,214,0,0,0,0,0,0
37,3492,38.132156062071374,99996,49,24,0,0,190,106,0.0029601184047361893,26,15,49791,49881,132,78,0,0,0,0,0,0,99773,0,0,0,0,0,0,0,0,0,0,223,0,0,0,0,0,0
38,3492,39.08866788821401,99996,45,26,0,0,195,114,0.0030901236049441978,27,13,49786,49875,140,84,0,0,0,0,0,0,99758,0,0,0,0,0,0,0,0,0,0,238,0,0,0,0,0,0
39,3492,40.04434536428498,99996,36,29,0,0,201,120,0.0032101284051362054,34,8,49773,49874,155,87,0,0,0,0,0,0,99740,0,0,0,0,0,0,0,0,0,0,256,0,0,0,0,0,0
40,3492,41.31201645203193,99996,42,23,0,0,211,120,0.003310132405296212,31,12,49766,49871,159,92,0,0,0,0,0,0,99730,0,0,0,0,0,0,0,0,0,0,266,0,0,0,0,0,0
41,3492,42.292426567216566,99996,39,23,0,0,212,122,0.003340133605344214,34,12,49762,49870,163,93,0,0,0,0,0,0,99724,0,0,0,0,0,0,0,0,0,0,272,0,0,0,0,0,0
42,3492,43.03839812031669,99996,45,22,0,0,221,124,0.0034501380055202207,28,14,49759,49866,166,96,0,0,0,0,0,0,99718,0,0,0,0,0,0,0,0,0,0,278,0,0,0,0,0,0
43,3492,44.147503739559866,99996,42,25,0,0,226,129,0.003550142005680227,32,10,49750,49865,174,98,0,0,0,0,0,0,99708,0,0,0,0,0,0,0,0,0,0,288,0,0,0,0,0,0
44,3492,45.19441926347464,99996,46,24,0,0,235,130,0.0036501460058402336,35,15,49739,49860,178,99,0,0,0,0,0,0,99701,0,0,0,0,0,0,0,0,0,0,295,0,0,0,0,0,0
45,3492,46.0367819688933,99996,44,25,0,0,239,133,0.003720148805952238,39,14,49731,49859,184,100,0,0,0,0,0,0,99694,0,0,1,0,0,0,0,0,0,0,301,0,0,0,0,0,0
46,3492,47.10646611599789,99996,44,23,0,0,251,136,0.0038701548061922477,32,13,49727,49859,195,103,0,0,0,0,0,0,99677,0,0,1,0,0,0,0,0,0,0,318,0,0,0,0,0,0
47,3492,48.00135438277123,99996,44,19,0,0,257,138,0.003950158006320253,37,15,49716,49856,201,108,0,0,0,0,0,0,99665,0,0,1,0,0,0,0,0,0,0,330,0,0,0,0,0,0
48,3492,49.02010412336027,99996,49,23,0,0,269,147,0.004160166406656267,31,12,49710,49850,208,113,0,0,0,0,0,0,99653,0,0,1,0,0,0,0,0,0,0,342,0,0,0,0,0,0
49,3492,50.073366273391244,99996,51,22,0,0,280,151,0.0043101724068962755,32,14,49699,49844,216,118,0,0,0,0,0,0,99639,0,0,1,0,0,0,0,0,0,0,356,0,0,0,0,0,0
50,3492,51.30376155374498,99996,50,25,0,0,284,155,0.004390175607024281,37,16,49690,49839,221,118,0,0,0,0,0,0,99633,0,0,1,0,0,0,0,0,0,0,362,0,0,0,0,0,0
51,3492,52.273795764373496,99996,57,27,0,0,296,158,0.004540181607264291,31,15,49685,49837,225,119,0,0,0,0,0,0,99627,0,0,1,0,0,0,0,0,0,0,368,0,0,0,0,0,0
52,3492,53.32801515907146,99996,52,23,0,0,306,163,0.0046901876075043005,32,19,49675,49828,239,128,0,0,0,0,0,0,99603,0,0,1,0,0,0,0,0,0,0,392,0,0,0,0,0,0
53,3492,54.034596950776255,99996,55,24,0,0,313,166,0.004790191607664307,33,18,49668,49826,242,130,0,0,0,0,0,0,99597,0,0,1,0,0,0,0,0,0,0,398,0,0,0,0,0,0
54,3492,55.12867664095921,99996,60,25,0,0,320,171,0.004910196407856314,33,19,49666,49821,239,133,0,0,0,0,0,0,99591,0,0,1,0,0,0,0,0,0,0,404,0,0,0,0,0,0
55,3492,56.12978434986206,99996,58,26,0,0,330,176,0.005060202408096324,31,26,49658,49809,251,137,0,0,0,0,0,0,99575,0,0,1,0,0,0,0,0,0,0,420,0,0,0,0,0,0
56,3492,57.11609710119158,99996,54,26,0,0,337,181,0.005180207208288332,33,23,49650,49808,261,141,0,0,0,0,0,0,99559,0,0,1,0,0,0,0,0,0,0,436,0,0,0,0,0,0
57,3492,58.10260241298953,99996,54,29,0,0,345,190,0.005350214008560342,28,21,49647,49801,269,147,0,0,0,0,0,0,99545,0,0,1,0,0,0,0,0,0,0,450,0,0,0,0,0,0
58,3492,59.095450639523946,99996,55,30,0,0,353,196,0.005490219608784351,23,17,49646,49801,274,150,0,0,0,0,0,0,99533,0,0,1,0,0,0,0,0,0,0,462,0,0,0,0,0,0
59,3492,60.17175982633558,99996,53,27,0,0,359,201,0.0056002240089603585,33,19,49630,49794,282,158,0,0,0,0,0,0,99517,0,0,1,0,0,0,0,0,0,0,478,0,0,0,0,0,0
60,3492,61.24267379458843,99995,55,24,1,0,374,205,0.005790289514475724,29,22,49619,49788,294,164,0,0,0,0,0,0,99497,0,0,1,0,0,0,0,0,0,0,497,0,0,0,0,0,0
61,3492,62.22982426519431,99995,55,27,1,0,381,211,0.00592029601480074,31,23,49610,49781,301,167,0,0,0,0,0,0,99487,0,0,1,0,0,0,0,0,0,0,507,0,0,0,0,0,0
62,3492,63.21713956641622,99995,58,23,1,0,389,213,0.006020301015050753,35,22,49599,49781,305,172,0,0,0,0,0,0,99476,0,0,1,0,0,0,0,0,0,0,518,0,0,0,0,0,0
63,3492,64.20461696641091,99995,58,24,1,0,395,217,0.006120306015300765,42,22,49588,49780,309,172,0,0,0,0,0,0,99468,0,0,2,0,0,0,0,0,0,0,525,0,0,0,0,0,0
64,3492,65.19224531883971,99995,63,25,1,0,403,221,0.00624031201560078,45,21,49577,49777,312,175,0,0,0,0,0,0,99462,0,0,2,0,0,0,0,0,0,0,531,0,0,0,0,0,0
65,3492,66.17999624627551,99995,66,21,1,0,415,222,0.006370318515925797,45,23,49567,49774,319,180,0,0,0,0,0,0,99448,0,0,2,0,0,0,0,0,0,0,545,0,0,0,0,0,0
66,3492,67.16793913171625,99995,71,23,1,0,431,227,0.006580329016450823,39,24,49558,49768,329,183,0,0,0,0,0,0,99434,0,0,2,0,0,0,0,0,0,0,559,0,0,0,0,0,0
67,3492,68.1560544989326,99995,73,29,1,0,440,235,0.006750337516875844,37,20,49552,49765,335,184,0,0,0,0,0,0,99426,0,0,3,0,0,0,0,0,0,0,566,0,0,0,0,0,0
68,3492,69.11533251503681,99995,69,35,1,0,442,241,0.006830341517075854,42,18,49545,49761,341,184,0,0,0,0,0,0,99420,0,0,3,0,0,0,0,0,0,0,572,0,0,0,0,0,0
69,3492,70.0670426077751,99994,68,36,2,0,452,245,0.006970418225093505,44,16,49534,49759,350,187,0,0,0,0,0,0,99406,0,0,3,0,0,0,0,0,0,0,585,0,0,0,0,0,0
70,3492,71.16495908533987,99994,65,31,2,0,462,245,0.007070424225453527,50,19,49519,49757,362,191,0,0,0,0,0,0,99388,0,0,3,0,0,0,0,0,0,0,603,0,0,0,0,0,0
71,3492,72.29561205962474,99994,68,30,2,0,479,249,0.0072804368262095725,45,27,49508,49746,375,195,0,0,0,0,0,0,99369,0,0,3,0,0,0,0,0,0,0,622,0,0,0,0,0,0
72,3492,73.2846287535787,99993,71,32,3,0,491,257,0.007480523636654566,45,22,49500,49743,379,201,0,0,0,0,0,0,99354,0,0,3,0,0,0,0,0,0,0,636,0,0,0,0,0,0
73,3492,74.27380020104033,99993,75,32,3,0,504,262,0.007660536237536627,44,27,49490,49735,386,204,0,0,0,0,0,0,99340,0,0,3,0,0,0,0,0,0,0,650,0,0,0,0,0,0
74,3492,75.26309949087883,99993,82,33,3,0,516,268,0.00784054883841869,45,27,49478,49730,390,208,0,0,0,0,0,0,99330,0,0,3,0,0,0,0,0,0,0,660,0,0,0,0,0,0
75,3492,76.25253808405172,99993,84,30,3,0,524,271,0.007950556538957727,46,30,49469,49724,396,214,0,0,0,0,0,0,99318,0,0,3,0,0,0,0,0,0,0,672,0,0,0,0,0,0
76,3492,77.24214465217065,99993,86,29,3,0,535,279,0.008140569839888792,48,32,49458,49714,403,223,0,0,0,0,0,0,99300,0,0,3,0,0,0,0,0,0,0,690,0,0,0,0,0,0
77,3492,78.23193649629198,99993,81,34,3,0,544,288,0.008320582440770854,56,34,49443,49704,415,226,0,0,0,0,0,0,99282,0,0,3,0,0,0,0,0,0,0,708,0,0,0,0,0,0
78,3492,79.22195983517022,99993,83,36,3,0,559,294,0.008530597141799927,49,31,49435,49704,428,227,0,0,0,0,0,0,99265,0,0,3,0,0,0,0,0,0,0,725,0,0,0,0,0,0
79,3492,80.21218002780427,99993,83,41,3,0,569,303,0.008720610442730991,53,28,49421,49698,438,231,0,0,0,0,0,0,99251,0,0,3,0,0,0,0,0,0,0,739,0,0,0,0,0,0
80,3492,81.20262806841721,99993,84,37,3,0,581,308,0.00889062234356405,51,29,49413,49694,447,238,0,0,0,0,0,0,99231,0,0,3,0,0,0,0,0,0,0,759,0,0,0,0,0,0
81,3492,82.19326202268786,99993,84,35,3,0,592,312,0.009040632844299101,46,31,49411,49688,454,244,0,0,0,0,0,0,99214,0,0,3,0,0,0,0,0,0,0,776,0,0,0,0,0,0
82,3492,83.18397198950797,99993,90,43,3,0,606,324,0.00930065104557319,49,27,49396,49680,460,248,0,0,0,0,0,0,99202,0,0,3,0,0,0,0,0,0,0,788,0,0,0,0,0,0
83,3492,84.17490738749753,99993,93,44,3,0,618,330,0.009480663646455252,56,32,49377,49669,469,253,0,0,0,0,0,0,99188,0,0,3,0,0,0,0,0,0,0,802,0,0,0,0,0,0
84,3492,85.1660687984111,99993,89,42,3,0,632,337,0.009690678347484324,57,33,49363,49661,486,262,0,0,0,0,0,0,99161,0,0,3,0,0,0,0,0,0,0,829,0,0,0,0,0,0
85,3492,86.15752510938145,99993,101,48,3,0,650,347,0.00997069794885642,58,30,49345,49655,491,265,0,0,0,0,0,0,99151,0,0,3,0,0,0,0,0,0,0,839,0,0,0,0,0,0
86,3492,87.1491907452063,99993,102,52,3,0,663,356,0.010190713349934495,57,24,49336,49654,500,268,0,0,0,0,0,0,99134,0,0,3,0,0,0,0,0,0,0,856,0,0,0,0,0,0
87,3492,88.14102479984159,99993,96,52,3,0,673,361,0.010340723850669547,62,28,49322,49645,515,273,0,0,0,0,0,0,99113,0,0,3,0,0,0,0,0,0,0,877,0,0,0,0,0,0
88,3492,89.13314485509947,99993,100,51,3,0,689,370,0.010590741351894632,64,29,49305,49636,526,282,0,0,0,0,0,0,99091,0,0,3,0,0,0,0,0,0,0,899,0,0,0,0,0,0
89,3492,90.12559024831283,99993,98,51,3,0,704,378,0.01082075745302171,67,28,49290,49629,540,290,0,0,0,0,0,0,99066,0,0,3,0,0,0,0,0,0,0,924,0,0,0,0,0,0
90,3492,91.11832704988124,99993,88,56,3,0,712,389,0.011010770753952777,79,25,49271,49622,557,295,0,0,0,0,0,0,99042,0,0,3,0,0,0,0,0,0,0,948,0,0,0,0,0,0
91,3492,92.1113875363497,99993,93,57,3,0,723,397,0.011200784054883842,76,27,49265,49612,561,302,0,0,0,0,0,0,99029,0,0,3,0,0,0,0,0,0,0,961,0,0,0,0,0,0
92,3492,93.10459531033071,99993,101,50,3,0,741,404,0.011450801556108928,68,28,49257,49605,569,315,0,0,0,0,0,0,99005,0,0,3,0,0,0,0,0,0,0,985,0,0,0,0,0,0
93,3492,94.09797221312553,99993,101,50,3,0,756,412,0.011680817657236007,69,30,49242,49598,583,320,0,0,0,0,0,0,98982,0,0,3,0,0,0,0,0,0,0,1008,0,0,0,0,0,0
94,3492,95.09159615988955,99992,113,55,3,1,777,421,0.011980958476678134,63,28,49230,49592,589,322,0,0,0,0,0,0,98969,0,0,3,0,0,0,0,0,0,0,1020,0,0,0,0,0,0
95,3492,96.08540707892251,99991,106,53,4,1,786,429,0.012151093598423857,66,29,49218,49585,604,330,0,0,0,0,0,0,98943,0,0,3,0,0,0,0,0,0,0,1045,0,0,0,0,0,0
96,3492,97.07950207520406,99991,108,49,4,1,802,432,0.012341110699962996,70,35,49198,49578,618,335,0,0,0,0,0,0,98922,0,0,3,0,0,0,0,0,0,0,1066,0,0,0,0,0,0
97,3492,98.07389824599213,99991,110,54,4,1,815,443,0.012581132301907171,76,30,49182,49573,626,340,0,0,0,0,0,0,98905,0,0,3,0,0,0,0,0,0,0,1083,0,0,0,0,0,0
98,3492,99.06856411614834,99990,100,49,5,1,836,448,0.01284128412841284,68,33,49173,49568,652,347,0,0,0,0,0,0,98864,0,0,3,0,0,0,0,0,0,0,1123,0,0,0,0,0,0
99,3492,100.0635536140725,99990,103,47,5,1,855,457,0.013121312131213122,58,34,49166,49561,666,355,0,0,0,0,0,0,98837,0,0,3,0,0,0,0,0,0,0,1150,0,0,0,0,0,0
100,3492,101.05879215167549,99990,107,54,5,1,873,468,0.013411341134113412,57,30,49152,49556,677,357,0,0,0,0,0,0,98819,0,0,3,0,0,0,0,0,0,0,1168,0,0,0,0,0,0
101,3492,102.05428002693863,99990,110,54,5,1,888,477,0.013651365136513651,67,33,49129,49544,687,366,0,0,0,0,0,0,98798,0,0,3,0,0,0,0,0,0,0,1189,0,0,0,0,0,0
102,3492,103.05008868038801,99990,110,56,5,1,904,485,0.013891389138913891,67,34,49119,49537,697,370,0,0,0,0,0,0,98776,0,0,3,0,0,0,0,0,0,0,1211,0,0,0,0,0,0
103,3492,104.0460867978538,99990,106,57,5,1,917,492,0.014091409140914092,61,35,49116,49529,710,376,0,0,0,0,0,0,98753,0,0,3,0,0,0,0,0,0,0,1234,0,0,0,0,0,0
104,3492,105.04224073716037,99990,107,59,5,1,939,503,0.014421442144214421,61,30,49095,49523,730,385,0,0,0,0,0,0,98724,0,0,4,0,0,0,0,0,0,0,1262,0,0,0,0,0,0
105,3492,106.03882127983516,99990,105,50,5,1,957,509,0.014661466146614661,59,32,49080,49518,749,397,0,0,0,0,0,0,98689,0,0,4,0,0,0,0,0,0,0,1297,0,0,0,0,0,0
106,3492,107.03575273421714,99989,104,50,5,2,974,515,0.014891638080188821,59,30,49065,49515,765,401,0,0,0,0,0,0,98666,0,0,5,0,0,0,0,0,0,0,1318,0,0,0,0,0,0
107,3492,108.03300477479634,99989,107,51,5,2,993,522,0.015151666683335167,60,35,49052,49503,774,407,0,0,0,0,0,0,98644,0,0,5,0,0,0,0,0,0,0,1340,0,0,0,0,0,0
108,3492,109.03047440090134,99989,120,47,5,2,1015,529,0.015441698586844552,57,33,49036,49498,780,418,0,0,0,0,0,0,98624,0,0,5,0,0,0,0,0,0,0,1360,0,0,0,0,0,0
109,3492,110.02820541446711,99989,121,49,5,2,1031,541,0.015721729390232926,52,30,49027,49490,793,427,0,0,0,0,0,0,98599,0,0,5,0,0,0,0,0,0,0,1385,0,0,0,0,0,0
110,3492,111.02613922817385,99988,117,54,6,2,1047,550,0.0159719166299956,52,31,49013,49481,810,430,0,0,0,0,0,0,98576,0,0,6,0,0,0,0,0,0,0,1406,0,0,0,0,0,0
111,3492,112.02435477071133,99988,105,57,6,2,1060,560,0.016201944233307997,50,26,49005,49476,832,437,0,0,0,0,0,0,98544,0,0,6,0,0,0,0,0,0,0,1438,0,0,0,0,0,0
112,3492,113.02290387552438,99988,102,59,6,2,1074,571,0.016451974236908428,61,21,48983,49473,846,443,0,0,0,0,0,0,98520,0,0,8,0,0,0,0,0,0,0,1460,0,0,0,0,0,0
113,3492,114.02182119761231,99988,98,60,6,2,1087,578,0.016651998239788773,69,30,48967,49457,858,449,0,0,0,0,0,0,98498,0,0,9,0,0,0,0,0,0,0,1481,0,0,0,0,0,0
114,3492,115.02099160186224,99988,102,58,6,2,1106,582,0.01688202584310117,64,34,48955,49450,871,454,0,0,0,0,0,0,98477,0,0,9,0,0,0,0,0,0,0,1502,0,0,0,0,0,0
115,3492,116.02039226224711,99988,104,56,6,2,1124,588,0.017122054646557586,60,36,48944,49444,884,460,0,0,0,0,0,0,98453,0,0,9,0,0,0,0,0,0,0,1526,0,0,0,0,0,0
116,3492,117.02001486517129,99988,102,58,6,2,1138,597,0.017352082249869984,62,38,48934,49434,894,466,0,0,0,0,0,0,98430,0,0,9,0,0,0,0,0,0,0,1549,0,0,0,0,0,0
117,3492,118.01984515409823,99988,98,57,6,2,1153,608,0.017612113453614433,71,30,48914,49434,909,475,0,0,0,0,0,0,98399,0,0,9,0,0,0,0,0,0,0,1580,0,0,0,0,0,0
118,3492,119.0200915274482,99988,97,55,6,2,1169,615,0.01784214105692683,72,36,48902,49421,921,484,0,0,0,0,0,0,98373,0,0,9,0,0,0,0,0,0,0,1606,0,0,0,0,0,0
119,3492,120.02057484125793,99988,99,59,6,2,1190,624,0.01814217706124735,69,30,48885,49420,939,487,0,0,0,0,0,0,98349,0,0,9,0,0,0,0,0,0,0,1630,0,0,0,0,0,0
120,3492,121.0214144308787,99987,99,55,7,2,1210,629,0.01839239101083141,66,28,48872,49419,954,494,0,0,0,0,0,0,98320,0,0,9,0,0,0,0,0,0,0,1658,0,0,0,0,0,0
121,3492,122.0225691240941,99986,106,53,8,2,1230,637,0.018672614165983238,59,26,48860,49415,965,502,0,0,0,0,0,0,98297,0,0,9,0,0,0,0,0,0,0,1680,0,0,0,0,0,0
122,3492,123.02399247155431,99986,109,55,8,2,1248,643,0.018912647770687897,65,29,48838,49408,978,504,0,0,0,0,0,0,98278,0,0,9,0,0,0,0,0,0,0,1699,0,0,0,0,0,0
123,3492,124.02574867753532,99986,109,47,8,2,1267,645,0.019122677174804474,64,32,48822,49403,995,514,0,0,0,0,0,0,98249,0,0,9,0,0,0,0,0,0,0,1728,0,0,0,0,0,0
124,3492,125.0278622414415,99986,107,47,8,2,1281,651,0.01932270517872502,65,33,48808,49398,1010,518,0,0,0,0,0,0,98227,0,0,9,0,0,0,0,0,0,0,1750,0,0,0,0,0,0
125,3492,126.03028112489386,99986,109,48,8,2,1296,659,0.019552737383233654,67,34,48796,49391,1018,523,0,0,0,0,0,0,98207,0,0,9,0,0,0,0,0,0,0,1770,0,0,0,0,0,0
126,3492,127.03293678014478,99986,96,48,8,2,1308,664,0.01972276118656612,70,35,48784,49387,1040,526,0,0,0,0,0,0,98178,0,0,10,0,0,0,0,0,0,0,1798,0,0,0,0,0,0
127,3492,128.03585305762928,99985,107,50,9,2,1330,673,0.02003300495074261,57,41,48776,49373,1049,532,0,0,0,0,0,0,98161,0,0,11,0,0,0,0,0,0,0,1813,0,0,0,0,0,0
128,3492,129.03896683617754,99985,104,53,9,2,1338,686,0.020243036455468322,68,34,48762,49370,1055,539,0,0,0,0,0,0,98141,0,0,12,0,0,0,0,0,0,0,1832,0,0,0,0,0,0
129,3492,130.04228771409564,99984,100,53,10,2,1350,694,0.020443270923347735,77,33,48744,49367,1067,543,0,0,0,0,0,0,98117,0,0,12,0,0,0,0,0,0,0,1855,0,0,0,0,0,0
130,3492,131.04588084999025,99984,104,48,10,2,1364,702,0.020663306128980638,79,31,48731,49363,1074,554,0,0,0,0,0,0,98094,0,0,12,0,0,0,0,0,0,0,1878,0,0,0,0,0,0
131,3492,132.04977840563504,99984,102,49,10,2,1381,708,0.02089334293486958,80,30,48717,49359,1089,558,0,0,0,0,0,0,98071,0,0,13,0,0,0,0,0,0,0,1900,0,0,0,0,0,0
132,3492,133.0539404080042,99984,105,47,10,2,1400,715,0.021153384541526644,72,29,48706,49355,1105,565,0,0,0,0,0,0,98046,0,0,13,0,0,0,0,0,0,0,1925,0,0,0,0,0,0
133,3492,134.05837825379967,99984,111,45,10,2,1417,719,0.021363418146903505,73,33,48690,49351,1114,567,0,0,0,0,0,0,98030,0,0,14,0,0,0,0,0,0,0,1940,0,0,0,0,0,0
134,3492,135.06307185072063,99983,102,49,11,2,1428,734,0.021623676024924238,80,29,48676,49344,1129,574,0,0,0,0,0,0,97999,0,0,14,0,0,0,0,0,0,0,1970,0,0,0,0,0,0
135,3492,136.0680399492654,99983,113,53,11,2,1448,739,0.021873718532150466,71,28,48666,49347,1137,568,0,0,0,0,0,0,97989,0,0,14,0,0,0,0,0,0,0,1980,0,0,0,0,0,0
136,3492,137.07321466923807,99983,118,49,11,2,1468,745,0.022133762739665743,70,34,48649,49339,1150,574,0,0,0,0,0,0,97964,0,0,14,0,0,0,0,0,0,0,2005,0,0,0,0,0,0
137,3492,138.0786460885309,99983,121,50,11,2,1485,752,0.022373803546602924,64,40,48642,49328,1160,578,0,0,0,0,0,0,97944,0,0,14,0,0,0,0,0,0,0,2025,0,0,0,0,0,0
138,3492,139.0842546239407,99983,113,52,11,2,1498,760,0.022583839252672953,65,43,48632,49318,1177,583,0,0,0,0,0,0,97918,0,0,15,0,0,0,0,0,0,0,2050,0,0,0,0,0,0
139,3492,140.0901360710027,99982,109,57,11,3,1512,771,0.02283411013982517,67,41,48622,49311,1189,586,0,0,0,0,0,0,97894,0,0,15,0,0,0,0,0,0,0,2073,0,0,0,0,0,0
140,3492,141.09621820342878,99982,102,53,11,3,1525,786,0.023114160548898803,69,36,48612,49301,1204,605,0,0,0,0,0,0,97855,0,0,15,0,0,0,0,0,0,0,2112,0,0,0,0,0,0
141,3492,142.10257600771993,99982,104,53,11,3,1538,797,0.0233542037566762,65,34,48609,49293,1209,615,0,0,0,0,0,0,97833,0,0,15,0,0,0,0,0,0,0,2134,0,0,0,0,0,0
142,3492,143.10905379852397,99982,107,53,11,3,1553,804,0.023574243363805484,66,34,48598,49290,1216,618,0,0,0,0,0,0,97814,0,0,15,0,0,0,0,0,0,0,2153,0,0,0,0,0,0
143,3492,144.1157248292983,99982,105,50,11,3,1568,811,0.023794282970934767,66,37,48587,49281,1229,627,0,0,0,0,0,0,97789,0,0,17,0,0,0,0,0,0,0,2176,0,0,0,0,0,0
144,3492,145.12262087497837,99982,106,51,11,3,1585,821,0.024064331579684343,59,35,48580,49275,1242,634,0,0,0,0,0,0,97764,0,0,17,0,0,0,0,0,0,0,2201,0,0,0,0,0,0
145,3492,146.12973446871794,99982,114,52,11,3,1607,831,0.02438438919005421,52,34,48570,49269,1251,640,0,0,0,0,0,0,97742,0,0,18,0,0,0,0,0,0,0,2222,0,0,0,0,0,0
146,3492,147.1370228460322,99982,105,52,11,3,1613,841,0.024544417995239143,60,31,48566,49264,1256,648,0,0,0,0,0,0,97717,0,0,18,0,0,0,0,0,0,0,2247,0,0,0,0,0,0
147,3492,148.14444107116287,99981,105,52,12,3,1625,849,0.024744701493283724,64,33,48556,49256,1261,654,0,0,0,0,0,0,97697,0,0,18,0,0,0,0,0,0,0,2266,0,0,0,0,0,0
148,3492,149.1520211041873,99981,115,57,12,3,1647,863,0.025104769906282194,54,24,48549,49255,1268,659,0,0,0,0,0,0,97676,0,0,18,0,0,0,0,0,0,0,2287,0,0,0,0,0,0
149,3492,150.15974352609217,99981,114,56,12,3,1667,868,0.025354817415308907,57,26,48535,49249,1280,664,0,0,0,0,0,0,97649,0,0,18,0,0,0,0,0,0,0,2314,0,0,0,0,0,0
150,3492,151.16773604303924,99981,118,55,12,3,1686,874,0.025604864924335623,66,30,48509,49244,1293,666,0,0,0,0,0,0,97627,0,0,18,0,0,0,0,0,0,0,2336,0,0,0,0,0,0
151,3492,152.17607092246666,99981,121,56,12,3,1699,885,0.02584491053300127,74,26,48496,49242,1295,671,0,0,0,0,0,0,97607,0,0,18,0,0,0,0,0,0,0,2356,0,0,0,0,0,0
152,3492,153.18462293118642,99981,131,57,12,3,1721,892,0.02613496564347226,74,27,48476,49237,1305,674,0,0,0,0,0,0,97589,0,0,18,0,0,0,0,0,0,0,2374,0,0,0,0,0,0
153,3492,154.19344140558712,99981,131,58,12,3,1742,899,0.02641501885358218,64,35,48468,49225,1323,677,0,0,0,0,0,0,97563,0,0,19,0,0,0,0,0,0,0,2399,0,0,0,0,0,0
154,3492,155.20251547544163,99981,124,64,12,3,1760,915,0.026755083465858514,62,28,48459,49218,1341,685,0,0,0,0,0,0,97529,0,0,20,0,0,0,0,0,0,0,2432,0,0,0,0,0,0
155,3492,156.21185954074963,99981,123,68,12,3,1777,923,0.027005130974885227,63,30,48448,49211,1352,686,0,0,0,0,0,0,97508,0,0,21,0,0,0,0,0,0,0,2452,0,0,0,0,0,0
156,3492,157.22142947028374,99981,132,64,12,3,1804,929,0.027335193686800492,65,34,48424,49203,1365,694,0,0,0,0,0,0,97481,0,0,22,0,0,0,0,0,0,0,2478,0,0,0,0,0,0
157,3492,158.23133799148266,99980,121,61,12,4,1821,933,0.027545509101820364,65,39,48408,49194,1392,700,0,0,0,0,0,0,97446,0,0,22,0,0,0,0,0,0,0,2512,0,0,0,0,0,0
158,3492,159.24169774794245,99980,117,65,12,4,1832,941,0.027735547109421884,74,45,48394,49185,1401,699,0,0,0,0,0,0,97429,0,0,24,0,0,0,0,0,0,0,2527,0,0,0,0,0,0
159,3492,160.2523026671018,99980,118,70,12,4,1846,951,0.027975595119023804,88,44,48371,49179,1409,701,0,0,0,0,0,0,97412,0,0,25,0,0,0,0,0,0,0,2543,0,0,0,0,0,0
160,3492,161.26319751828765,99980,118,73,12,4,1863,967,0.028305661132226444,90,39,48355,49169,1423,713,0,0,0,0,0,0,97382,0,0,25,0,0,0,0,0,0,0,2573,0,0,0,0,0,0
161,3492,162.27439942540195,99980,121,72,12,4,1884,976,0.028605721144228845,92,38,48339,49169,1434,715,0,0,0,0,0,0,97354,0,0,25,0,0,0,0,0,0,0,2601,0,0,0,0,0,0
162,3492,163.2859111062156,99980,117,70,12,4,1897,983,0.028805761152230446,107,42,48319,49161,1443,721,0,0,0,0,0,0,97328,0,0,25,0,0,0,0,0,0,0,2627,0,0,0,0,0,0
163,3492,164.29771752043666,99980,132,74,12,4,1922,993,0.029155831166233246,106,44,48297,49151,1451,725,0,0,0,0,0,0,97312,0,0,25,0,0,0,0,0,0,0,2643,0,0,0,0,0,0
164,3492,165.3097932425098,99980,140,61,12,4,1949,997,0.029465893178635728,98,48,48283,49147,1465,738,0,0,0,0,0,0,97276,0,0,25,0,0,0,0,0,0,0,2679,0,0,0,0,0,0
165,3492,166.32220665674575,99980,142,71,12,4,1976,1010,0.029865973194638927,83,45,48282,49138,1479,740,0,0,0,0,0,0,97248,0,0,25,0,0,0,0,0,0,0,2707,0,0,0,0,0,0
166,3492,167.33472516860084,99980,146,74,12,4,1996,1022,0.03018603720744149,86,43,48266,49134,1488,743,0,0,0,0,0,0,97223,0,0,25,0,0,0,0,0,0,0,2732,0,0,0,0,0,0
167,3492,168.009864665352,99980,139,75,12,4,2005,1030,0.030356071214242848,92,45,48253,49124,1502,750,0,0,0,0,0,0,97200,0,0,25,0,0,0,0,0,0,0,2755,0,0,0,0,0,0
168,3492,169.0228801339036,99980,150,73,12,4,2032,1036,0.03068613722744549,87,50,48236,49116,1513,755,0,0,0,0,0,0,97176,0,0,25,0,0,0,0,0,0,0,2779,0,0,0,0,0,0
169,3492,170.0361985226545,99980,153,73,12,4,2054,1048,0.03102620524104821,88,52,48218,49104,1527,765,0,0,0,0,0,0,97147,0,0,27,0,0,0,0,0,0,0,2806,0,0,0,0,0,0
170,3492,171.04985271576976,99979,163,70,13,4,2083,1058,0.03141659748547195,89,56,48196,49091,1537,777,0,0,0,0,0,0,97115,0,0,27,0,0,0,0,0,0,0,2837,0,0,0,0,0,0
171,3492,172.0638861849545,99979,156,75,13,4,2102,1069,0.03171666049870473,89,55,48180,49083,1560,781,0,0,0,0,0,0,97083,0,0,27,0,0,0,0,0,0,0,2869,0,0,0,0,0,0
172,3492,173.07830730757365,99979,156,69,13,4,2127,1077,0.03204672981326079,92,53,48159,49078,1578,794,0,0,0,0,0,0,97045,0,0,28,0,0,0,0,0,0,0,2906,0,0,0,0,0,0
173,3492,174.09313597037524,99979,163,77,13,4,2152,1095,0.03247682013222777,92,44,48140,49073,1590,800,0,0,0,0,0,0,97018,0,0,29,0,0,0,0,0,0,0,2932,0,0,0,0,0,0
174,3492,175.1083119843979,99979,165,72,13,4,2174,1102,0.03276688104501945,104,49,48111,49065,1605,808,0,0,0,0,0,0,96986,0,0,29,0,0,0,0,0,0,0,2964,0,0,0,0,0,0
175,3492,176.12391360108984,99979,180,68,13,4,2203,1108,0.0331169545604577,105,58,48088,49055,1612,813,0,0,0,0,0,0,96962,0,0,29,0,0,0,0,0,0,0,2988,0,0,0,0,0,0
176,3492,177.1398456738617,99978,188,71,14,4,2238,1123,0.03361739582708196,99,55,48069,49048,1628,820,0,0,0,0,0,0,96923,0,0,29,0,0,0,0,0,0,0,3026,0,0,0,0,0,0
177,3492,178.15613286910343,99978,195,67,14,4,2265,1131,0.03396747284402569,100,55,48049,49042,1640,830,0,0,0,0,0,0,96892,0,0,30,0,0,0,0,0,0,0,3056,0,0,0,0,0,0
178,3492,179.17277676294898,99978,195,66,14,4,2291,1139,0.034307547660485306,103,57,48024,49038,1662,833,0,0,0,0,0,0,96857,0,0,30,0,0,0,0,0,0,0,3091,0,0,0,0,0,0
179,3492,180.18989279588052,99978,191,68,14,4,2321,1152,0.034737642281301884,100,50,48002,49034,1691,842,0,0,0,0,0,0,96814,0,0,32,0,0,0,0,0,0,0,3132,0,0,0,0,0,0
180,3492,181.20758688951778,99978,194,73,14,4,2344,1166,0.035107723699213826,104,44,47981,49030,1705,847,0,0,0,0,0,0,96786,0,0,33,0,0,0,0,0,0,0,3159,0,0,0,0,0,0
181,3492,182.22561708201096,99978,192,74,14,4,2369,1179,0.03548780731760987,102,40,47962,49023,1728,857,0,0,0,0,0,0,96747,0,0,33,0,0,0,0,0,0,0,3198,0,0,0,0,0,0
182,3492,183.2441388076411,99978,191,77,14,4,2394,1190,0.03584788653503771,112,44,47932,49012,1749,861,0,0,0,0,0,0,96713,0,0,33,0,0,0,0,0,0,0,3232,0,0,0,0,0,0
183,3492,184.2631859013202,99978,195,76,14,4,2420,1201,0.036217967952949646,117,54,47910,48998,1762,866,0,0,0,0,0,0,96681,0,0,35,0,0,0,0,0,0,0,3262,0,0,0,0,0,0
184,3492,185.28257609943265,99978,205,75,14,4,2452,1212,0.03664806257376623,107,56,47893,48987,1779,876,0,0,0,0,0,0,96649,0,0,37,0,0,0,0,0,0,0,3292,0,0,0,0,0,0
185,3492,186.30232039665316,99978,207,79,14,4,2482,1225,0.03707815719458281,111,63,47862,48969,1804,883,0,0,0,0,0,0,96613,0,0,38,0,0,0,0,0,0,0,3327,0,0,0,0,0,0
186,3492,187.32256150421202,99977,203,83,15,4,2512,1240,0.03752863158526461,111,59,47840,48964,1829,888,0,0,0,0,0,0,96569,0,0,39,0,0,0,0,0,0,0,3369,0,0,0,0,0,0
187,3492,188.00302989087658,99977,203,88,15,4,2530,1253,0.03783870290166738,133,55,47809,48957,1838,894,0,0,0,0,0,0,96543,0,0,39,0,0,0,0,0,0,0,3395,0,0,0,0,0,0
188,3492,189.02416852155773,99976,213,81,15,5,2571,1264,0.03835920620949028,121,62,47783,48942,1866,908,0,0,0,0,0,0,96495,0,0,40,0,0,0,0,0,0,0,3441,0,0,0,0,0,0
189,3492,190.04587810010472,99976,224,87,15,5,2608,1278,0.03886932863887333,116,62,47757,48932,1886,912,0,0,0,0,0,0,96461,0,0,40,0,0,0,0,0,0,0,3475,0,0,0,0,0,0
190,3492,191.06813703106266,99976,216,107,15,5,2642,1303,0.03945947027286549,120,53,47729,48917,1918,916,0,0,0,0,0,0,96417,0,0,43,0,0,0,0,0,0,0,3516,0,0,0,0,0,0
191,3492,192.09093024277686,99976,210,118,15,5,2676,1322,0.039989597503400816,108,49,47719,48903,1946,923,0,0,0,0,0,0,96370,0,0,44,0,0,0,0,0,0,0,3562,0,0,0,0,0,0
192,3492,193.11409793126185,99975,197,119,15,6,2696,1338,0.04035008752188047,116,49,47702,48887,1968,937,0,0,0,0,0,0,96324,0,0,46,0,0,0,0,0,0,0,3605,0,0,0,0,0,0
193,3492,194.13768691960485,99974,208,111,15,7,2727,1347,0.040750595154740235,119,56,47673,48874,1983,950,0,0,0,0,0,0,96289,0,0,48,0,0,0,0,0,0,0,3637,0,0,0,0,0,0
194,3492,195.16176584133856,99974,216,119,15,7,2759,1364,0.04124072258787285,136,61,47637,48857,1994,954,0,0,0,0,0,0,96258,0,0,50,0,0,0,0,0,0,0,3666,0,0,0,0,0,0
195,3492,196.1862729260418,99973,223,115,16,7,2795,1379,0.04175127284366779,130,66,47614,48841,2015,969,0,0,0,0,0,0,96211,0,0,51,0,0,0,0,0,0,0,3711,0,0,0,0,0,0
196,3492,197.21123002849794,99971,228,113,17,8,2834,1398,0.042332276360144444,124,72,47592,48823,2037,982,0,0,0,0,0,0,96158,0,0,53,0,0,0,0,0,0,0,3760,0,0,0,0,0,0
197,3492,198.23666815171555,99971,236,118,17,8,2869,1419,0.0428924388072541,138,71,47544,48810,2063,991,0,0,0,0,0,0,96115,0,0,53,0,0,0,0,0,0,0,3803,0,0,0,0,0,0
198,3492,199.26278786283936,99971,241,117,17,8,2898,1431,0.04330255774174511,141,83,47525,48790,2074,1000,0,0,0,0,0,0,96079,0,0,54,0,0,0,0,0,0,0,3838,0,0,0,0,0,0
199,3492,200.28927821625095,99971,232,121,17,8,2938,1449,0.043882725990537254,142,83,47491,48775,2116,1011,0,0,0,0,0,0,96018,0,0,56,0,0,0,0,0,0,0,3897,0,0,0,0,0,0
200,3492,201.3164802309631,99971,239,124,17,8,2970,1468,0.0443928739334407,162,82,47453,48765,2127,1019,0,0,0,0,0,0,95979,0,0,58,0,0,0,0,0,0,0,3934,0,0,0,0,0,0
201,3492,202.0016411734901,99971,242,124,17,8,3000,1482,0.04483300157045543,152,82,47439,48753,2148,1031,0,0,0,0,0,0,95940,0,0,60,0,0,0,0,0,0,0,3971,0,0,0,0,0,0
202,3492,203.02980073663403,99971,242,123,17,8,3039,1501,0.04541316981924758,156,80,47407,48742,2176,1045,0,0,0,0,0,0,95883,0,0,62,0,0,0,0,0,0,0,4026,0,0,0,0,0,0
203,3492,204.05863330939133,99971,242,132,17,8,3077,1523,0.046013343869722216,159,78,47375,48726,2205,1054,0,0,0,0,0,0,95835,0,0,65,0,0,0,0,0,0,0,4071,0,0,0,0,0,0
204,3492,205.08811859240578,99971,240,124,17,8,3109,1539,0.04649348311010193,164,82,47348,48709,2229,1075,0,0,0,0,0,0,95781,0,0,69,0,0,0,0,0,0,0,4121,0,0,0,0,0,0
205,3492,206.11814154774305,99971,242,124,17,8,3153,1557,0.04711366296225906,151,79,47328,48695,2260,1092,0,0,0,0,0,0,95724,0,0,72,0,0,0,0,0,0,0,4175,0,0,0,0,0,0
206,3492,207.14873274168534,99971,254,122,17,8,3197,1576,0.04774384571525742,138,87,47303,48673,2286,1108,0,0,0,0,0,0,95673,0,0,74,0,0,0,0,0,0,0,4224,0,0,0,0,0,0
207,3492,208.17989921975163,99971,257,130,17,8,3237,1596,0.04834401976573206,129,81,47279,48663,2316,1116,0,0,0,0,0,0,95625,0,0,75,0,0,0,0,0,0,0,4271,0,0,0,0,0,0
208,3492,209.2115829056654,99971,251,135,17,8,3267,1620,0.04888417641115923,153,78,47234,48647,2343,1130,0,0,0,0,0,0,95571,0,0,76,0,0,0,0,0,0,0,4324,0,0,0,0,0,0
209,3492,210.24399645386998,99971,256,130,17,8,3305,1640,0.049464344659951386,152,83,47205,48629,2368,1148,0,0,0,0,0,0,95516,0,0,79,0,0,0,0,0,0,0,4376,0,0,0,0,0,0
210,3492,211.2770523262765,99971,249,136,17,8,3343,1671,0.05015454481799722,158,73,47175,48616,2399,1165,0,0,0,0,0,0,95447,0,0,80,0,0,0,0,0,0,0,4444,0,0,0,0,0,0
211,3492,212.31081794850988,99971,270,136,17,8,3393,1692,0.05086475077772554,152,79,47147,48593,2412,1182,0,0,0,0,0,0,95400,0,0,83,0,0,0,0,0,0,0,4488,0,0,0,0,0,0
212,3492,213.00026300643873,99970,261,135,18,8,3420,1703,0.051245373612083624,145,82,47137,48579,2437,1194,0,0,0,0,0,0,95353,0,0,84,0,0,0,0,0,0,0,4533,0,0,0,0,0,0
213,3492,214.03482027926142,99969,251,134,19,8,3446,1723,0.05170602886894937,162,74,47101,48572,2465,1210,0,0,0,0,0,0,95297,0,0,85,0,0,0,0,0,0,0,4587,0,0,0,0,0,0
214,3492,215.07010398908764,99969,245,126,19,8,3484,1736,0.05221618701797557,164,86,47074,48552,2496,1226,0,0,0,0,0,0,95235,0,0,88,0,0,0,0,0,0,0,4646,0,0,0,0,0,0
215,3492,216.10601207366602,99969,249,131,19,8,3529,1757,0.05287639168142124,155,95,47055,48524,2520,1240,0,0,0,0,0,0,95179,0,0,89,0,0,0,0,0,0,0,4701,0,0,0,0,0,0
216,3492,217.14234368554526,99969,251,131,19,8,3568,1776,0.05345657153717653,155,91,47030,48511,2543,1257,0,0,0,0,0,0,95124,0,0,90,0,0,0,0,0,0,0,4755,0,0,0,0,0,0
217,3492,218.17923322632583,99969,248,135,19,8,3594,1795,0.05390671108043493,168,89,46999,48502,2564,1264,0,0,0,0,0,0,95082,0,0,92,0,0,0,0,0,0,0,4795,0,0,0,0,0,0
218,3492,219.2167437509058,99969,236,123,19,8,3631,1815,0.05447688783522892,170,99,46964,48476,2609,1292,0,0,0,0,0,0,95003,0,0,94,0,0,0,0,0,0,0,4872,0,0,0,0,0,0
219,3492,220.2550966796954,99969,248,133,19,8,3685,1838,0.05524712660924887,155,90,46933,48467,2643,1300,0,0,0,0,0,0,94951,0,0,97,0,0,0,0,0,0,0,4921,0,0,0,0,0,0
220,3492,221.29415652554778,99969,240,150,19,8,3717,1866,0.055847312666926746,155,80,46910,48454,2674,1306,0,0,0,0,0,0,94902,0,0,99,0,0,0,0,0,0,0,4968,0,0,0,0,0,0
221,3492,222.33378672770468,99969,236,153,19,8,3757,1889,0.05647750802748852,151,77,46882,48437,2710,1323,0,0,0,0,0,0,94844,0,0,105,0,0,0,0,0,0,0,5020,0,0,0,0,0,0
222,3492,223.02725256506724,99968,234,148,20,8,3780,1901,0.05682818501920615,145,79,46869,48425,2730,1338,0,0,0,0,0,0,94805,0,0,108,0,0,0,0,0,0,0,5055,0,0,0,0,0,0
223,3492,224.0679654418017,99968,235,137,20,8,3817,1910,0.05728833226632522,151,87,46839,48414,2753,1352,0,0,0,0,0,0,94750,0,0,109,0,0,0,0,0,0,0,5109,0,0,0,0,0,0
224,3492,225.1093350260409,99967,245,130,21,8,3866,1924,0.05791911330739144,158,92,46789,48397,2785,1371,0,0,0,0,0,0,94690,0,0,109,0,0,0,0,0,0,0,5168,0,0,0,0,0,0
225,3492,226.15151373813953,99966,258,132,21,9,3914,1954,0.058699957985715145,148,80,46762,48386,2809,1391,0,0,0,0,0,0,94629,0,0,111,0,0,0,0,0,0,0,5226,0,0,0,0,0,0
226,3492,227.19437315329827,99966,248,130,21,9,3950,1970,0.05922013484584759,157,86,46726,48367,2846,1406,0,0,0,0,0,0,94567,0,0,113,0,0,0,0,0,0,0,5286,0,0,0,0,0,0
227,3492,228.23802002836,99966,254,127,21,9,3990,1987,0.059790328711762,156,86,46698,48353,2869,1423,0,0,0,0,0,0,94515,0,0,115,0,0,0,0,0,0,0,5336,0,0,0,0,0,0
228,3492,229.2823308536021,99965,260,140,22,9,4032,2015,0.06049117191016856,166,78,46655,48338,2895,1433,0,0,0,0,0,0,94466,0,0,117,0,0,0,0,0,0,0,5382,0,0,0,0,0,0
229,3492,230.32732373310205,99965,260,139,22,9,4077,2035,0.06114139948982144,159,84,46630,48313,2927,1453,0,0,0,0,0,0,94403,0,0,120,0,0,0,0,0,0,0,5442,0,0,0,0,0,0
230,3492,231.02430836180346,99965,255,143,22,9,4100,2050,0.06152153253638774,163,82,46609,48304,2949,1460,0,0,0,0,0,0,94367,0,0,123,0,0,0,0,0,0,0,5475,0,0,0,0,0,0
231,3492,232.07033937200063,99965,244,150,22,9,4128,2075,0.06205171810133547,166,87,46594,48277,2972,1475,0,0,0,0,0,0,94315,0,0,128,0,0,0,0,0,0,0,5522,0,0,0,0,0,0
232,3492,233.1168145429055,99964,248,150,23,9,4171,2092,0.06265255491977112,161,85,46572,48268,2994,1486,0,0,0,0,0,0,94262,0,0,131,0,0,0,0,0,0,0,5571,0,0,0,0,0,0
233,3492,234.16377719105643,99964,241,160,23,9,4202,2121,0.06325277099755912,174,84,46540,48245,3020,1500,0,0,0,0,0,0,94206,0,0,132,0,0,0,0,0,0,0,5626,0,0,0,0,0,0
234,3492,235.21132472063874,99964,252,169,23,9,4251,2152,0.06405305910127645,173,77,46498,48225,3052,1518,0,0,0,0,0,0,94148,0,0,134,0,0,0,0,0,0,0,5682,0,0,0,0,0,0
235,3492,236.25970613087978,99964,258,155,23,9,4292,2164,0.0645832499699892,177,88,46465,48209,3075,1537,0,0,0,0,0,0,94088,0,0,135,0,0,0,0,0,0,0,5741,0,0,0,0,0,0
236,3492,237.30877490516076,99964,268,157,23,9,4339,2189,0.0653035092633348,181,92,46426,48186,3100,1554,0,0,0,0,0,0,94029,0,0,136,0,0,0,0,0,0,0,5799,0,0,0,0,0,0
237,3492,238.00854817313294,99964,266,159,23,9,4366,2209,0.06577367852426874,179,89,46408,48171,3122,1570,0,0,0,0,0,0,93982,0,0,136,0,0,0,0,0,0,0,5846,0,0,0,0,0,0
238,3492,239.05875405957244,99964,271,159,23,9,4407,2229,0.0663838982033532,166,89,46391,48156,3147,1585,0,0,0,0,0,0,93926,0,0,136,0,0,0,0,0,0,0,5902,0,0,0,0,0,0
239,3492,240.10940223076304,99964,277,158,23,9,4452,2252,0.06706414309151294,172,86,46356,48140,3170,1605,0,0,0,0,0,0,93864,0,0,137,0,0,0,0,0,0,0,5963,0,0,0,0,0,0
240,3492,241.16069768705296,99964,279,162,23,9,4494,2278,0.06774438797967268,160,88,46339,48114,3197,1625,0,0,0,0,0,0,93804,0,0,139,0,0,0,0,0,0,0,6021,0,0,0,0,0,0
241,3492,242.21247395602168,99964,287,159,23,9,4529,2303,0.06834460405746069,172,81,46311,48107,3205,1642,0,0,0,0,0,0,93750,0,0,140,0,0,0,0,0,0,0,6074,0,0,0,0,0,0
242,3492,243.26478248785938,99964,302,147,23,9,4579,2320,0.06901484534432396,175,80,46269,48095,3229,1667,0,0,0,0,0,0,93689,0,0,143,0,0,0,0,0,0,0,6132,0,0,0,0,0,0
243,3492,244.31788914026853,99964,313,142,23,9,4641,2336,0.06979512624544836,158,86,46235,48081,3269,1680,0,0,0,0,0,0,93618,0,0,144,0,0,0,0,0,0,0,6202,0,0,0,0,0,0
244,3492,245.02040767323464,99964,305,145,23,9,4672,2353,0.07027529910767877,156,92,46215,48061,3299,1691,0,0,0,0,0,0,93567,0,0,146,0,0,0,0,0,0,0,6251,0,0,0,0,0,0
245,3492,246.0748305047645,99964,320,152,23,9,4720,2377,0.07099555840102437,152,91,46182,48043,3321,1703,0,0,0,0,0,0,93518,0,0,147,0,0,0,0,0,0,0,6299,0,0,0,0,0,0
246,3492,247.1298479086027,99964,320,156,23,9,4764,2407,0.07173582489696291,157,97,46149,48012,3349,1724,0,0,0,0,0,0,93450,0,0,149,0,0,0,0,0,0,0,6365,0,0,0,0,0,0
247,3492,248.18551676532383,99964,301,168,23,9,4802,2444,0.0724860949941979,161,90,46117,47990,3396,1741,0,0,0,0,0,0,93372,0,0,153,0,0,0,0,0,0,0,6439,0,0,0,0,0,0
248,3492,249.2421009770888,99964,308,177,23,9,4846,2476,0.07324636869272938,174,86,46070,47965,3423,1761,0,0,0,0,0,0,93314,0,0,155,0,0,0,0,0,0,0,6495,0,0,0,0,0,0
249,3492,250.29957036664698,99964,306,158,23,9,4898,2491,0.07391660997959265,196,101,46007,47940,3466,1790,0,0,0,0,0,0,93229,0,0,158,0,0,0,0,0,0,0,6577,0,0,0,0,0,0
250,3492,251.00523644855483,99964,304,159,23,9,4931,2509,0.07442679364571246,191,100,45985,47930,3495,1800,0,0,0,0,0,0,93179,0,0,160,0,0,0,0,0,0,0,6625,0,0,0,0,0,0
251,3492,252.0644787214874,99962,307,166,25,9,4982,2542,0.07526860206878613,182,95,45954,47910,3530,1818,0,0,0,0,0,0,93107,0,0,162,0,0,0,0,0,0,0,6693,0,0,0,0,0,0
252,3492,253.12439307840603,99962,316,167,25,9,5028,2564,0.07594886056701547,186,95,45917,47895,3554,1832,0,0,0,0,0,0,93051,0,0,164,0,0,0,0,0,0,0,6747,0,0,0,0,0,0
253,3492,254.18503777844384,99962,320,182,25,9,5082,2602,0.07686921029991396,183,75,45886,47882,3584,1850,0,0,0,0,0,0,92983,0,0,169,0,0,0,0,0,0,0,6810,0,0,0,0,0,0
254,3492,255.24651066616917,99962,318,176,25,9,5133,2620,0.07755947259958784,193,89,45834,47860,3628,1864,0,0,0,0,0,0,92914,0,0,177,0,0,0,0,0,0,0,6871,0,0,0,0,0,0
255,3492,256.3089702952694,99960,312,170,27,9,5183,2644,0.07830132052821129,186,94,45803,47837,3670,1888,0,0,0,0,0,0,92834,0,0,183,0,0,0,0,0,0,0,6943,0,0,0,0,0,0
256,3492,257.01772740996745,99960,310,161,27,9,5214,2655,0.07872148859543818,194,101,45776,47827,3691,1900,0,0,0,0,0,0,92783,0,0,185,0,0,0,0,0,0,0,6992,0,0,0,0,0,0
257,3492,258.0816599826615,99960,312,161,27,9,5255,2680,0.07938175270108043,211,98,45731,47812,3717,1918,0,0,0,0,0,0,92721,0,0,187,0,0,0,0,0,0,0,7052,0,0,0,0,0,0
258,3492,259.1463969071205,99960,312,157,27,9,5303,2702,0.08008203281312525,204,103,45707,47789,3748,1940,0,0,0,0,0,0,92650,0,0,190,0,0,0,0,0,0,0,7120,0,0,0,0,0,0
259,3492,260.21180119338015,99959,315,153,28,9,5345,2728,0.08076311287627927,208,110,45675,47762,3772,1964,0,0,0,0,0,0,92586,0,0,195,0,0,0,0,0,0,0,7178,0,0,0,0,0,0
260,3492,261.27787474877493,99958,304,159,29,9,5387,2760,0.08150423177734649,217,107,45634,47740,3814,1983,0,0,0,0,0,0,92508,0,0,196,0,0,0,0,0,0,0,7254,0,0,0,0,0,0
261,3492,262.3448570157886,99957,332,171,30,9,5454,2792,0.08249547305341297,198,96,45602,47725,3836,1997,0,0,0,0,0,0,92453,0,0,200,0,0,0,0,0,0,0,7304,0,0,0,0,0,0
262,3492,263.0565818661428,99957,333,176,30,9,5486,2812,0.08301569674960232,198,91,45580,47713,3857,2009,0,0,0,0,0,0,92410,0,0,203,0,0,0,0,0,0,0,7344,0,0,0,0,0,0
263,3492,264.1247490576415,99956,331,166,31,9,5538,2827,0.08368682220176878,205,107,45537,47693,3894,2023,0,0,0,0,0,0,92335,0,0,207,0,0,0,0,0,0,0,7414,0,0,0,0,0,0
264,3492,265.1937712627318,99956,326,156,31,9,5591,2852,0.08446716555284325,203,108,45507,47673,3931,2052,0,0,0,0,0,0,92245,0,0,210,0,0,0,0,0,0,0,7501,0,0,0,0,0,0
265,3492,266.2636527879816,99956,316,162,31,9,5644,2885,0.08532754411941254,203,96,45466,47659,3982,2072,0,0,0,0,0,0,92157,0,0,212,0,0,0,0,0,0,0,7587,0,0,0,0,0,0
266,3492,267.334593895449,99955,340,159,32,9,5712,2906,0.08621879845930669,191,96,45427,47644,4008,2090,0,0,0,0,0,0,92091,0,0,214,0,0,0,0,0,0,0,7650,0,0,0,0,0,0
267,3492,268.04898438145625,99955,347,168,32,9,5751,2933,0.08687909559301686,191,86,45400,47635,4028,2100,0,0,0,0,0,0,92042,0,0,215,0,0,0,0,0,0,0,7698,0,0,0,0,0,0
268,3492,269.12127099658886,99955,352,168,32,9,5803,2961,0.08767945575508979,188,90,45362,47608,4064,2123,0,0,0,0,0,0,91969,0,0,217,0,0,0,0,0,0,0,7769,0,0,0,0,0,0
269,3492,270.1944612452056,99955,346,173,32,9,5854,2986,0.08843979790905908,192,91,45320,47586,4108,2139,0,0,0,0,0,0,91896,0,0,221,0,0,0,0,0,0,0,7838,0,0,0,0,0,0
270,3492,271.268633153134,99955,340,166,32,9,5903,3004,0.08911009954479515,182,100,45292,47563,4152,2160,0,0,0,0,0,0,91821,0,0,224,1,0,0,0,0,0,0,7909,0,0,0,0,0,0
271,3492,272.34364132750244,99955,333,176,32,9,5947,3038,0.08989045070281627,190,88,45255,47549,4188,2176,0,0,0,0,0,0,91749,0,0,225,2,0,0,0,0,0,0,7979,0,0,0,0,0,0
272,3492,273.06081567266324,99955,329,169,32,9,5976,3052,0.09032064428993047,196,93,45232,47530,4209,2197,0,0,0,0,0,0,91697,0,0,227,2,0,0,0,0,0,0,8029,0,0,0,0,0,0
273,3492,274.1371432895095,99955,344,182,32,9,6030,3084,0.09118103146415887,204,86,45193,47519,4225,2202,0,0,0,0,0,0,91639,0,0,227,2,0,0,0,0,0,0,8087,0,0,0,0,0,0
274,3492,275.214133438775,99955,344,174,32,9,6083,3102,0.0918913511079986,216,93,45155,47502,4251,2220,0,0,0,0,0,0,91562,0,0,229,2,0,0,0,0,0,0,8162,0,0,0,0,0,0
275,3492,276.2919769178241,99954,345,170,33,9,6141,3130,0.09275266622646418,199,92,45130,47482,4291,2245,0,0,0,0,0,0,91477,0,0,233,2,0,0,0,0,0,0,8242,0,0,0,0,0,0
276,3492,277.0109751812807,99953,361,177,34,9,6185,3153,0.09342390923734155,191,88,45109,47469,4303,2255,0,0,0,0,0,0,91434,0,0,233,2,0,0,0,0,0,0,8284,0,0,0,0,0,0
277,3492,278.08995029684456,99953,357,187,34,9,6232,3183,0.09419427130751454,194,79,45082,47451,4331,2272,0,0,0,0,0,0,91364,0,0,234,2,0,0,0,0,0,0,8353,0,0,0,0,0,0
278,3492,279.16958200658013,99952,354,184,35,9,6284,3206,0.09494557387546022,206,82,45039,47434,4364,2289,0,0,0,0,0,0,91289,0,0,240,2,0,0,0,0,0,0,8421,0,0,0,0,0,0
279,3492,280.25010935687806,99952,353,183,35,9,6338,3238,0.09580598687369937,201,82,45008,47413,4401,2311,0,0,0,0,0,0,91205,0,0,244,2,0,0,0,0,0,0,8501,0,0,0,0,0,0
280,3492,281.33149088563687,99950,353,184,37,9,6408,3262,0.09674837418709355,204,80,44957,47402,4447,2323,0,0,0,0,0,0,91115,0,0,247,2,0,0,0,0,0,0,8586,0,0,0,0,0,0
281,3492,282.0530563975619,99950,363,187,37,9,6454,3275,0.09733866933466734,194,96,44937,47381,4467,2325,0,0,0,0,0,0,91070,0,0,248,2,0,0,0,0,0,0,8630,0,0,0,0,0,0
282,3492,283.13600652768923,99950,367,187,37,9,6505,3296,0.09805902951475738,193,102,44908,47362,4493,2338,0,0,0,0,0,0,91007,0,0,253,2,0,0,0,0,0,0,8688,0,0,0,0,0,0
283,3492,284.219617429491,99950,358,189,37,9,6553,3326,0.09883941970985492,218,97,44858,47342,4527,2361,0,0,0,0,0,0,90925,0,0,254,3,0,0,0,0,0,0,8768,0,0,0,0,0,0
284,3492,285.3042613631547,99949,381,185,38,9,6625,3351,0.09981090356081601,211,98,44807,47324,4561,2382,0,0,0,0,0,0,90854,0,0,261,3,0,0,0,0,0,0,8831,0,0,0,0,0,0
285,3492,286.02793170553247,99948,374,190,39,9,6661,3375,0.10041221435146276,214,95,44781,47305,4590,2399,0,0,0,0,0,0,90797,0,0,266,3,0,0,0,0,0,0,8882,0,0,0,0,0,0
286,3492,287.1142697204681,99948,363,177,39,9,6707,3398,0.10110257333813583,225,94,44742,47293,4629,2425,0,0,0,0,0,0,90710,0,0,272,3,0,0,0,0,0,0,8963,0,0,0,0,0,0
287,3492,288.2016097559735,99948,379,164,39,9,6776,3419,0.10200304158162245,208,101,44712,47273,4660,2451,0,0,0,0,0,0,90625,0,0,274,3,0,0,0,0,0,0,9046,0,0,0,0,0,0
288,3492,289.2897654712409,99948,375,162,39,9,6839,3443,0.10287349421699284,215,105,44659,47252,4710,2470,0,0,0,0,0,0,90535,0,0,277,3,0,0,0,0,0,0,9133,0,0,0,0,0,0
289,3492,290.01595566504324,99948,365,165,39,9,6872,3463,0.1034037699603794,218,101,44638,47238,4738,2485,0,0,0,0,0,0,90480,0,0,282,3,0,0,0,0,0,0,9183,0,0,0,0,0,0
290,3492,291.1059764863981,99947,373,177,40,9,6933,3496,0.10434530301059562,222,94,44590,47221,4773,2497,0,0,0,0,0,0,90409,0,0,285,3,0,0,0,0,0,0,9250,0,0,0,0,0,0
291,3492,292.19691077694364,99947,370,183,40,9,6987,3525,0.10517574314386625,226,99,44556,47195,4806,2512,0,0,0,0,0,0,90331,0,0,287,3,0,0,0,0,0,0,9326,0,0,0,0,0,0
292,3492,293.28868037306404,99946,363,194,41,9,7036,3565,0.10606727632921778,236,94,44515,47166,4843,2535,0,0,0,0,0,0,90257,0,0,296,4,0,0,0,0,0,0,9389,0,0,0,0,0,0
293,3492,294.01705894909776,99946,356,197,41,9,7068,3584,0.10657755187801413,241,97,44487,47150,4873,2545,0,0,0,0,0,0,90208,0,0,302,4,0,0,0,0,0,0,9432,0,0,0,0,0,0
294,3492,295.1104193206088,99946,376,193,41,9,7141,3612,0.10758809757268925,218,90,44453,47138,4910,2568,0,0,0,0,0,0,90132,0,0,311,4,0,0,0,0,0,0,9499,0,0,0,0,0,0
295,3492,296.20466847279556,99946,384,189,41,9,7197,3639,0.10841854601484802,230,101,44405,47111,4938,2588,0,0,0,0,0,0,90060,0,0,316,5,0,0,0,0,0,0,9565,0,0,0,0,0,0
296,3492,297.2998317483516,99946,391,188,41,9,7259,3669,0.10933904308326496,235,100,44357,47096,4974,2605,0,0,0,0,0,0,89980,0,0,322,5,0,0,0,0,0,0,9639,0,0,0,0,0,0
297,3492,298.030558123207,99944,389,187,42,10,7301,3695,0.11002161210277756,220,92,44340,47082,5007,2627,0,0,0,0,0,0,89915,0,0,326,6,0,0,0,0,0,0,9697,0,0,0,0,0,0
298,3492,299.1274763392882,99944,410,195,42,10,7370,3724,0.11100216121027776,221,95,44297,47063,5028,2635,0,0,0,0,0,0,89848,0,0,328,6,0,0,0,0,0,0,9762,0,0,0,0,0,0
299,3492,300.22509235058914,99944,396,197,42,10,7425,3757,0.11188265428640039,217,87,44268,47045,5075,2659,0,0,0,0,0,0,89757,0,0,337,6,0,0,0,0,0,0,9844,0,0,0,0,0,0
300,3492,301.3236597875911,99944,410,194,42,10,7496,3781,0.11283318658448731,209,96,44231,47020,5106,2678,0,0,0,0,0,0,89683,0,0,347,6,0,0,0,0,0,0,9908,0,0,0,0,0,0
301,3492,302.05649449427165,99943,407,201,42,11,7538,3808,0.11352470908417799,211,87,44205,47009,5133,2690,0,0,0,0,0,0,89623,0,0,352,6,0,0,0,0,0,0,9962,0,0,0,0,0,0
302,3492,303.15658683124815,99943,388,199,42,11,7601,3836,0.1144352280800056,214,91,44158,46986,5196,2711,0,0,0,0,0,0,89517,0,0,358,6,0,0,0,0,0,0,10062,0,0,0,0,0,0
303,3492,304.2580101965861,99942,379,184,43,11,7656,3862,0.11524684316903804,215,103,44127,46953,5234,2747,0,0,0,0,0,0,89419,0,0,364,6,0,0,0,0,0,0,10153,0,0,0,0,0,0
304,3492,305.360348914416,99941,375,190,43,12,7713,3897,0.11616853943826858,216,91,44091,46936,5273,2769,0,0,0,0,0,0,89336,0,0,371,6,0,0,0,0,0,0,10228,0,0,0,0,0,0
305,3492,306.09575337087,99941,369,186,43,12,7747,3911,0.11664882280545522,225,101,44062,46926,5299,2773,0,0,0,0,0,0,89281,0,0,372,7,0,0,0,0,0,0,10281,0,0,0,0,0,0
306,3492,307.19967322459644,99941,375,182,43,12,7804,3936,0.11746930689106573,236,111,44019,46904,5325,2789,0,0,0,0,0,0,89206,0,0,377,7,0,0,0,0,0,0,10351,0,0,0,0,0,0
307,3492,308.30454292617475,99940,373,182,44,12,7872,3968,0.11847108264958975,228,112,43979,46888,5374,2804,0,0,0,0,0,0,89111,0,0,384,7,0,0,0,0,0,0,10438,0,0,0,0,0,0
308,3492,309.0416942897863,99940,377,184,44,12,7913,3989,0.11909145487292376,226,118,43956,46869,5395,2815,0,0,0,0,0,0,89059,0,0,388,7,0,0,0,0,0,0,10486,0,0,0,0,0,0
309,3492,310.14811716054567,99940,372,192,44,12,7960,4028,0.11995197118270963,229,119,43928,46842,5425,2833,0,0,0,0,0,0,88979,0,0,391,7,0,0,0,0,0,0,10563,0,0,0,0,0,0
310,3492,311.25527468259384,99938,386,188,46,12,8025,4056,0.12088494866817427,230,115,43893,46834,5443,2849,0,0,0,0,0,0,88899,0,0,394,7,0,0,0,0,0,0,10638,0,0,0,0,0,0
311,3492,312.3631341068147,99937,393,191,47,12,8089,4089,0.12185676976495192,227,121,43848,46805,5483,2869,0,0,0,0,0,0,88817,0,0,399,7,0,0,0,0,0,0,10714,0,0,0,0,0,0
312,3492,313.1022941808808,99937,400,191,47,12,8128,4112,0.12247716061118505,222,122,43840,46786,5489,2887,0,0,0,0,0,0,88765,0,0,402,7,0,0,0,0,0,0,10763,0,0,0,0,0,0
313,3492,314.21146168341414,99935,391,182,49,12,8186,4143,0.12337019062390554,222,117,43813,46772,5523,2915,0,0,0,0,0,0,88673,0,0,417,7,0,0,0,0,0,0,10838,0,0,0,0,0,0
314,3492,315.3213871011891,99935,388,194,49,12,8243,4183,0.1243408215339971,223,102,43777,46756,5561,2934,0,0,0,0,0,0,88592,0,0,424,7,0,0,0,0,0,0,10912,0,0,0,0,0,0
315,3492,316.06182900786575,99933,378,199,51,12,8280,4202,0.1249036854692644,223,108,43763,46740,5583,2939,0,0,0,0,0,0,88536,0,0,429,7,0,0,0,0,0,0,10961,0,0,0,0,0,0
316,3492,317.1730723707823,99932,377,192,51,13,8338,4225,0.12571548653084097,231,124,43717,46713,5622,2956,0,0,0,0,0,0,88453,0,0,435,7,0,0,0,0,0,0,11037,0,0,0,0,0,0
317,3492,318.28540356866114,99932,385,198,51,13,8403,4265,0.12676620101669134,226,112,43684,46702,5652,2973,0,0,0,0,0,0,88366,0,0,439,7,0,0,0,0,0,0,11120,0,0,0,0,0,0
318,3492,319.027407805777,99932,385,198,51,13,8444,4283,0.127356602489693,228,113,43656,46691,5678,2983,0,0,0,0,0,0,88311,0,0,443,7,0,0,0,0,0,0,11171,0,0,0,0,0,0
319,3492,320.14123629724577,99932,384,202,51,13,8506,4315,0.12829724212464474,233,114,43615,46671,5714,2997,1,1,1,1,0,0,88221,0,0,446,7,0,0,0,0,0,2,11256,0,0,0,0,0,0
320,3492,321.0693458533925,99932,385,200,51,13,8531,4326,0.12865748709122204,238,115,43599,46664,5723,3004,2,2,2,2,0,0,88184,0,0,448,7,0,0,0,0,0,4,11289,0,0,0,0,0,0
321,3492,322.11671957354065,99932,398,203,51,13,8625,4371,0.13004843293439539,233,113,43550,46633,5763,3033,3,3,3,3,0,0,88064,0,0,453,7,0,0,0,0,0,6,11402,0,0,0,0,0,0
322,3492,323.22637382780204,99932,401,203,51,13,8684,4399,0.13091902493695712,233,105,43519,46618,5790,3055,4,4,4,4,0,0,87985,0,0,460,7,0,0,0,0,0,8,11472,0,0,0,0,0,0
323,3492,324.0997973026322,99932,400,205,51,13,8735,4417,0.13160949445623024,231,112,43485,46597,5825,3065,6,6,6,6,0,0,87921,0,0,467,7,0,0,0,0,0,11,11525,1,0,0,0,0,0
324,3492,325.1171363119496,99932,388,203,51,13,8802,4446,0.1325701477004363,251,115,43425,46580,5875,3079,8,8,8,8,0,0,87822,0,0,480,8,0,0,0,0,0,15,11606,1,0,0,0,0,0
325,3492,326.08821939407756,99932,388,204,51,13,8832,4463,0.13304046751791218,257,112,43402,46572,5890,3086,10,11,11,10,0,0,87775,0,0,484,8,0,0,0,0,0,20,11644,1,0,0,0,0,0
326,3492,327.0156636535546,99932,399,197,51,13,8891,4486,0.1338610254973382,236,113,43385,46555,5914,3106,13,14,14,13,0,0,87697,0,0,489,8,0,0,0,0,0,25,11711,2,0,0,0,0,0
327,3492,328.0368965338372,99932,390,196,51,13,8941,4519,0.13469159028139135,261,107,43338,46537,5942,3127,16,18,18,16,0,0,87603,0,0,495,8,0,0,0,0,0,32,11792,2,0,0,0,0,0
328,3492,329.0064492674999,99932,402,210,51,13,8993,4551,0.13553216187007164,261,102,43308,46519,5956,3131,20,23,23,20,0,0,87544,0,0,503,8,0,0,0,0,0,41,11834,2,0,0,0,0,0
329,3492,330.0139261732127,99932,415,205,51,13,9066,4580,0.13655285594204059,241,107,43274,46492,5993,3152,24,29,29,24,0,0,87449,0,0,509,9,0,0,0,0,0,50,11912,3,0,0,0,0,0
330,3492,331.1615737126306,99930,414,198,53,13,9159,4614,0.13782647853497448,226,118,43229,46457,6048,3176,28,36,36,29,0,0,87324,0,0,529,9,0,0,0,0,0,61,12003,4,0,0,0,0,0
331,3492,332.2859366894506,99929,407,208,54,13,9215,4650,0.1387485114431246,246,114,43180,46434,6077,3185,34,44,44,35,0,0,87231,0,0,538,9,0,0,0,0,0,74,12072,5,0,0,0,0,0
332,3492,333.0361125824318,99929,417,213,54,13,9265,4667,0.1394189874811116,233,125,43156,46406,6098,3188,40,53,53,41,0,0,87172,0,0,544,9,0,0,0,0,0,87,12110,7,0,0,0,0,0
333,3492,334.1622159680657,99929,423,214,54,13,9340,4700,0.14049975482592642,221,123,43115,46382,6138,3205,47,61,63,48,0,0,87066,0,0,554,9,0,0,0,0,0,102,12189,9,0,0,0,0,0
334,3492,335.28932364154645,99928,421,213,55,13,9403,4729,0.1414218237130734,221,129,43073,46352,6173,3219,55,72,74,56,0,0,86968,0,0,568,9,0,0,0,0,0,119,12253,11,0,0,0,0,0
335,3492,336.04135408953044,99928,416,227,55,13,9439,4758,0.1420722920502762,222,116,43032,46330,6210,3229,63,83,86,64,0,0,86893,0,0,567,10,0,0,0,0,0,139,12308,11,0,0,0,0,0
336,3492,337.17052161201246,99928,414,230,55,13,9506,4795,0.14311304138980066,217,130,43000,46280,6241,3248,71,97,100,73,0,0,86774,0,0,574,10,0,0,0,0,0,162,12397,11,0,0,0,0,0
337,3492,338.300625396593,99928,415,228,55,13,9569,4835,0.14414378352413737,229,126,42944,46246,6274,3274,81,111,115,83,0,0,86667,0,0,590,11,0,0,0,0,0,183,12462,15,0,0,0,0,0
338,3492,339.05480063289747,99928,414,224,55,13,9611,4861,0.14482427347690338,227,129,42913,46209,6300,3295,89,128,132,94,0,0,86570,0,0,591,12,0,0,0,0,0,210,12529,16,0,0,0,0,0
339,3492,340.187218177308,99928,423,220,55,13,9683,4895,0.1458850372268033,213,129,42874,46172,6332,3318,101,146,150,106,0,0,86455,0,0,603,12,0,0,0,0,0,236,12602,20,0,0,0,0,0
340,3492,341.32067533313835,99928,396,228,55,13,9733,4935,0.14678568569369946,224,115,42827,46143,6383,3334,113,165,170,118,0,0,86327,0,0,613,12,0,0,0,0,0,265,12688,23,0,0,0,0,0
341,3492,342.077163001017,99928,392,229,55,13,9776,4954,0.14740613241533904,228,125,42791,46103,6407,3342,125,186,191,131,0,0,86242,0,0,618,14,0,0,0,0,0,293,12733,28,0,0,0,0,0
342,3492,343.2130743317,99928,403,222,55,13,9841,4992,0.14843687454967577,229,125,42748,46057,6424,3375,139,206,214,145,0,0,86123,0,0,627,15,0,0,0,0,0,323,12806,34,0,0,0,0,0
343,3492,344.34988289320603,99928,401,209,55,13,9912,5021,0.14943759506844928,222,126,42706,46014,6460,3406,154,230,239,160,0,0,85985,0,0,636,15,0,0,0,0,0,355,12895,42,0,0,0,0,0
344,3492,345.1084762432172,99928,402,216,55,13,9953,5046,0.1500980706108398,228,125,42660,45973,6483,3414,170,257,266,176,0,0,85892,0,0,639,16,0,0,0,0,0,395,12941,45,0,0,0,0,0
345,3492,346.2476681875104,99928,388,198,55,13,10011,5077,0.15098871187254823,223,121,42619,45935,6531,3446,182,285,295,193,0,0,85736,0,0,645,16,0,0,0,0,0,436,13045,50,0,0,0,0,0
346,3492,347.00798403241834,99928,382,202,55,13,10047,5107,0.15164918741493877,219,111,42588,45901,6554,3455,200,316,326,211,0,0,85627,0,0,647,17,0,0,0,0,0,480,13103,54,0,0,0,0,0
347,3492,348.14960595869127,99927,386,208,56,13,10114,5149,0.15274150129594605,213,100,42541,45856,6583,3473,219,348,359,230,0,0,85487,0,0,657,17,0,0,0,0,0,531,13180,55,0,0,0,0,0
348,3492,349.29264363851564,99927,389,202,56,13,10171,5176,0.15358211494390905,227,109,42483,45806,6604,3486,239,382,394,250,0,0,85361,0,0,662,19,0,0,0,0,0,578,13245,62,0,0,0,0,0
349,3492,350.0553613929887,99926,383,206,57,13,10205,5197,0.15413405920381082,239,111,42439,45763,6620,3488,260,417,431,271,0,0,85262,0,0,669,19,0,0,0,0,0,627,13278,71,0,0,0,0,0
350,3492,351.20076016849174,99926,372,203,57,13,10266,5235,0.15512479234633628,227,112,42392,45715,6669,3502,281,453,470,293,0,0,85102,0,0,675,20,0,0,0,0,0,682,13370,77,0,0,0,0,0
351,3492,352.34766752603815,99926,382,204,57,13,10333,5277,0.15621559954366232,223,107,42336,45660,6698,3525,302,489,511,316,0,0,84959,0,0,683,21,0,0,0,0,0,736,13441,86,0,0,0,0,0
352,3492,353.1131049470097,99926,385,206,57,13,10378,5301,0.15690611052178613,221,106,42290,45609,6723,3534,322,530,554,340,0,0,84845,0,0,689,22,0,0,0,0,0,793,13482,95,0,0,0,0,0
353,3492,354.2627871104525,99926,379,207,57,13,10450,5326,0.15787682885335147,219,113,42234,45556,6762,3536,347,573,599,365,0,0,84696,0,0,695,24,0,0,0,0,0,850,13553,108,0,0,0,0,0
354,3492,355.03012184454656,99926,368,212,57,13,10491,5348,0.15850729539859496,227,112,42184,45510,6790,3531,372,620,647,391,0,0,84574,0,0,700,26,0,0,0,0,0,910,13596,120,0,0,0,0,0
355,3492,356.18271379176514,99926,360,207,57,13,10558,5377,0.15946800632468025,222,116,42142,45448,6819,3545,398,669,697,418,0,0,84410,0,0,708,26,0,0,0,0,0,973,13675,134,0,0,0,0,0
356,3492,357.3366665417294,99926,354,199,57,13,10613,5405,0.16029862097952485,218,122,42103,45382,6842,3562,424,720,750,446,0,0,84257,0,0,717,26,0,0,0,0,0,1038,13738,150,0,0,0,0,0
357,3492,358.1066939008755,99926,350,211,57,13,10653,5430,0.16094910233572843,207,115,42062,45328,6871,3556,451,775,805,475,0,0,84134,0,0,723,26,0,0,0,0,0,1110,13771,162,0,0,0,0,0
358,3492,359.26308161587707,99926,349,204,57,13,10711,5462,0.1618497688289334,216,113,42009,45258,6889,3582,478,828,862,505,0,0,83968,0,0,729,27,0,0,0,0,0,1185,13844,173,0,0,0,0,0
359,3492,360.0348371938056,99926,363,198,57,13,10759,5481,0.16252026499609712,194,114,41979,45202,6898,3585,507,886,922,536,0,0,83843,0,0,737,28,0,0,0,0,0,1260,13870,188,0,0,0,0,0
360,3492,361.19367364604886,99926,342,188,57,13,10817,5510,0.16339090927286193,184,114,41926,45133,6951,3603,538,947,985,568,0,0,83653,0,0,748,28,0,0,0,0,0,1343,13954,200,0,0,0,0,0
361,3492,362.35427539388945,99926,374,193,57,13,10898,5544,0.16454176090306827,157,111,41875,45062,6965,3609,570,1010,1050,602,0,0,83492,0,0,748,30,0,0,0,0,0,1428,14016,212,0,0,0,0,0
362,3492,363.12877272493915,99926,359,184,57,13,10930,5562,0.16504213117707103,163,117,41832,44986,6983,3624,604,1074,1118,637,0,0,83341,0,0,757,30,0,0,0,0,0,1514,14055,229,0,0,0,0,0
363,3492,364.2919792218029,99926,365,198,57,13,10978,5603,0.16593279026479596,178,105,41779,44913,6980,3631,639,1138,1188,673,0,0,83190,0,0,765,32,0,0,0,0,0,1607,14091,241,0,0,0,0,0
364,3492,365.06816835259923,99926,372,199,57,13,11024,5624,0.16660328643195965,160,100,41755,44840,6982,3639,672,1207,1261,710,0,0,83046,0,0,771,33,0,0,0,0,0,1700,14118,258,0,0,0,0,0
365,3492,366.2336694383457,99926,355,189,57,13,11072,5650,0.16734383443748374,167,100,41693,44767,7017,3650,709,1279,1337,748,0,0,82852,0,0,780,33,0,0,0,0,0,1802,14189,270,0,0,0,0,0
366,3492,367.01156203169893,99926,352,184,57,13,11105,5666,0.16783419730600643,172,103,41644,44685,7027,3658,746,1355,1416,787,0,0,82705,0,0,784,34,0,0,0,0,0,1898,14213,292,0,0,0,0,0
367,3492,368.18024638394576,99926,350,172,57,13,11158,5692,0.1686247823389308,172,96,41587,44621,7048,3665,784,1431,1497,828,0,0,82513,0,0,790,35,0,0,0,0,0,2004,14277,307,0,0,0,0,0
368,3492,369.3505152011912,99925,320,178,58,13,11197,5722,0.1693169877408056,192,99,41529,44537,7080,3658,819,1513,1581,870,0,0,82330,0,0,803,37,0,0,0,0,0,2109,14320,326,0,0,0,0,0
369,3492,370.13164880418896,99925,322,166,58,13,11228,5732,0.1697272954716037,204,108,41470,44452,7082,3665,862,1594,1668,913,0,0,82172,0,0,805,38,0,0,0,0,0,2219,14346,345,0,0,0,0,0
370,3492,371.30517458235295,99925,321,167,58,13,11279,5759,0.170507880910683,203,102,41416,44365,7096,3672,904,1679,1758,957,0,0,81993,0,0,814,42,0,0,0,0,0,2334,14381,361,0,0,0,0,0
371,3492,372.08844671280104,99925,309,172,58,13,11312,5779,0.17103827870903177,212,103,41359,44273,7113,3672,947,1765,1850,1002,0,0,81825,0,0,822,42,0,0,0,0,0,2450,14404,382,0,0,0,0,0
372,3492,373.2650625865985,99924,329,158,59,13,11383,5793,0.17189063688403186,188,117,41302,44180,7129,3678,991,1852,1945,1049,0,0,81636,0,0,831,44,0,0,0,0,0,2572,14440,401,0,0,0,0,0
373,3492,374.0504082777139,99924,341,158,59,13,11429,5817,0.1725911692886594,177,105,41256,44092,7130,3682,1035,1948,2043,1097,0,0,81463,0,0,834,46,0,0,0,0,0,2692,14464,425,0,0,0,0,0
374,3492,375.2301409032212,99924,332,160,59,13,11478,5843,0.17334173972218886,172,109,41204,43985,7149,3684,1082,2047,2144,1146,0,0,81258,0,0,841,49,0,0,0,0,0,2825,14512,439,0,0,0,0,0
375,3492,376.01756015909604,99924,342,160,59,13,11514,5864,0.17391217325167127,173,100,41145,43889,7147,3689,1132,2147,2248,1196,0,0,81085,0,0,848,49,0,0,0,0,0,2958,14524,460,0,0,0,0,0
376,3492,377.20058699769857,99924,330,165,59,13,11560,5900,0.1747327969256635,174,91,41086,43788,7171,3696,1178,2245,2355,1248,0,0,80872,0,0,861,49,0,0,0,0,0,3095,14565,482,0,0,0,0,0
377,3492,378.3854110506075,99924,333,161,59,13,11611,5928,0.17552339778231457,165,82,41043,43689,7172,3706,1226,2347,2465,1301,0,0,80659,0,0,864,53,0,0,0,0,0,3235,14612,501,0,0,0,0,0
378,3492,379.1760640670313,99924,316,165,59,13,11639,5948,0.17600376285977343,171,77,40987,43585,7191,3701,1274,2457,2578,1355,0,0,80458,0,0,869,55,0,0,0,0,0,3384,14639,519,0,0,0,0,0
379,3492,380.3638587541089,99924,323,174,59,13,11691,5976,0.17680437132220486,169,74,40937,43480,7186,3696,1324,2561,2693,1410,0,0,80263,0,0,873,55,1,0,0,0,0,3521,14660,551,0,0,0,0,0
380,3492,381.15656953839544,99924,309,170,59,13,11726,5992,0.17731475921700493,167,78,40885,43370,7202,3699,1376,2668,2811,1466,0,0,80056,0,0,875,58,1,0,0,0,0,3664,14691,579,0,0,0,0,0
381,3492,382.3476138315581,99924,297,159,59,13,11766,6014,0.1779352307753893,172,80,40823,43259,7222,3707,1425,2780,2932,1524,0,0,79823,0,0,879,59,1,0,0,0,0,3817,14741,604,0,0,0,0,0
382,3492,383.1427134412471,99924,298,154,59,13,11793,6028,0.17834554261238542,180,81,40769,43143,7212,3710,1480,2897,3056,1583,0,0,79629,0,0,880,61,1,0,0,0,0,3969,14751,633,0,0,0,0,0
383,3492,384.3371677142046,99924,306,144,59,13,11838,6042,0.1789359913534286,179,92,40710,43030,7209,3703,1535,3016,3183,1643,0,0,79412,0,0,884,64,1,0,0,0,0,4133,14776,654,0,0,0,0,0
384,3492,385.1343883539577,99924,287,144,59,13,11864,6059,0.1793663184019855,189,93,40641,42911,7230,3697,1592,3140,3313,1704,0,0,79193,0,0,889,64,1,0,0,0,0,4295,14799,683,0,0,0,0,0
385,3492,386.33266694210994,99924,291,151,59,13,11914,6092,0.18019694968175815,185,85,40584,42797,7233,3698,1646,3254,3446,1767,0,0,78966,0,0,895,68,1,0,0,0,0,4460,14824,710,0,0,0,0,0
386,3492,387.1325144640131,99923,293,146,60,13,11952,6110,0.18075918457212053,181,85,40530,42677,7232,3701,1702,3376,3581,1831,0,0,78743,0,0,900,68,1,0,0,0,0,4629,14842,740,0,0,0,0,0
387,3492,388.33410197291386,99923,282,145,60,13,12003,6132,0.18148974710527105,170,93,40485,42551,7244,3693,1757,3503,3719,1896,0,0,78491,0,0,902,74,1,0,0,0,0,4804,14889,762,0,0,0,0,0
388,3492,389.1360491922417,99923,284,140,60,13,12035,6149,0.18198012469601593,159,91,40434,42440,7244,3684,1817,3630,3860,1962,0,0,78274,0,0,905,75,1,0,0,0,0,4973,14896,799,0,0,0,0,0
389,3492,390.3408570741149,99923,285,135,60,13,12079,6168,0.18261061016983077,169,98,40365,42317,7244,3682,1875,3753,4004,2030,0,0,78030,0,0,911,77,1,0,0,0,0,5158,14922,824,0,0,0,0,0
390,3492,391.14505759641537,99923,289,141,60,13,12122,6188,0.1832410956436456,150,93,40310,42192,7250,3673,1939,3886,4151,2099,0,0,77809,0,0,916,80,1,0,0,0,0,5334,14922,861,0,0,0,0,0
391,3492,392.3536826842988,99923,282,137,60,13,12168,6212,0.18394163505899544,145,87,40244,42067,7268,3678,1999,4016,4300,2169,0,0,77544,0,0,922,82,1,0,0,0,0,5526,14962,886,0,0,0,0,0
392,3492,393.1606485926036,99922,286,131,61,13,12203,6227,0.1844438662156482,135,87,40189,41933,7263,3676,2064,4158,4452,2240,0,0,77314,0,0,927,83,1,0,0,0,0,5711,14962,924,0,0,0,0,0
393,3492,394.3732181736298,99922,285,141,61,13,12246,6257,0.1851744360601269,137,75,40113,41792,7273,3672,2129,4305,4607,2312,0,0,77057,0,0,931,86,1,0,0,0,0,5911,14988,948,0,0,0,0,0
394,3492,395.18284398129157,99922,270,141,61,13,12270,6270,0.18554472488541063,136,75,40063,41659,7270,3665,2198,4445,4764,2386,0,0,76820,0,0,936,88,1,0,0,0,0,6104,14988,985,0,0,0,0,0
395,3492,396.39936424612466,99922,269,140,61,13,12314,6293,0.1862152478933568,134,70,40000,41531,7273,3658,2261,4586,4924,2461,0,0,76558,0,0,939,91,1,0,0,0,0,6306,15009,1018,0,0,0,0,0
396,3492,397.2115193258985,99922,273,149,61,13,12346,6311,0.18671563819779427,132,69,39941,41389,7263,3641,2328,4737,5086,2537,0,0,76319,0,0,943,93,1,0,0,0,0,6514,15006,1046,0,0,0,0,0
397,3492,398.0248499595302,99922,256,138,61,13,12365,6321,0.18700586457436802,151,69,39875,41254,7259,3637,2396,4887,5251,2614,0,0,76068,0,0,951,95,1,0,0,0,0,6719,15006,1082,0,0,0,0,0
398,3492,399.24722267318447,99922,255,136,61,13,12406,6344,0.18764636416404795,150,62,39810,41113,7255,3640,2467,5034,5419,2692,0,0,75808,0,0,957,98,1,0,0,0,0,6921,15014,1123,0,0,0,0,0
399,3492,400.0632753375714,99922,264,133,61,13,12442,6355,0.18811673105021917,153,58,39726,40977,7252,3631,2542,5186,5589,2772,0,0,75552,0,0,961,99,1,0,0,0,0,7141,15016,1152,0,0,0,0,0
400,3492,401.2900034448722,99922,262,135,61,13,12486,6380,0.18880726967034286,159,51,39655,40845,7250,3620,2611,5334,5761,2853,0,0,75287,0,0,968,101,1,0,0,0,0,7346,15021,1198,0,0,0,0,0
401,3492,402.1091011961952,99922,266,122,61,13,12530,6387,0.1893176677808691,137,52,39587,40708,7259,3612,2688,5491,5936,2935,0,0,75023,0,0,974,103,1,0,0,0,0,7558,15022,1241,0,0,0,0,0
402,3492,403.34050674483626,99922,259,112,61,13,12573,6411,0.18998819078881526,133,46,39527,40573,7270,3615,2748,5639,6113,3018,0,0,74749,0,0,980,107,1,0,0,0,0,7759,15029,1297,0,0,0,0,0
403,3492,404.16267404782576,99922,242,105,61,13,12593,6421,0.19028842497147774,138,47,39450,40432,7281,3599,2826,5802,6292,3102,0,0,74495,0,0,983,111,1,0,0,0,0,7967,15016,1349,0,0,0,0,0
404,3492,405.39871638603046,99922,251,106,61,13,12638,6437,0.19089890114289146,124,52,39397,40300,7260,3570,2905,5957,6474,3187,0,0,74238,0,0,989,114,1,0,0,0,0,8182,15000,1398,0,0,0,0,0
405,3492,406.2237575122013,99922,232,106,61,13,12659,6450,0.19123916654990894,133,49,39331,40151,7255,3552,2986,6127,6658,3273,0,0,73974,0,0,990,118,1,0,0,0,0,8398,14993,1448,0,0,0,0,0
406,3492,407.0503414323796,99922,232,98,61,13,12688,6464,0.19166950221172516,134,54,39250,39992,7251,3547,3070,6294,6844,3361,0,0,73691,0,0,992,123,1,0,0,0,0,8638,14999,1478,0,0,0,0,0
407,3492,408.2929293203549,99922,221,90,61,13,12723,6475,0.19212986129180762,136,59,39187,39843,7252,3535,3141,6458,7032,3450,0,0,73406,0,0,998,126,1,0,0,0,0,8867,15001,1523,0,0,0,0,0
408,3492,409.1225983563921,99922,220,99,61,13,12750,6494,0.19259022037189008,128,55,39128,39678,7243,3522,3218,6631,7222,3540,0,0,73141,0,0,1000,128,1,0,0,0,0,9098,14984,1570,0,0,0,0,0
409,3492,410.3695567997349,99922,234,97,61,13,12794,6510,0.19319068873721504,119,54,39057,39540,7231,3503,3296,6791,7414,3631,0,0,72870,0,0,1006,131,1,0,0,0,0,9330,14966,1618,0,0,0,0,0
410,3492,411.2019878818932,99922,225,101,61,13,12810,6523,0.19348091511378876,125,53,38988,39383,7217,3491,3382,6957,7608,3723,0,0,72581,0,0,1011,131,1,0,0,0,0,9590,14964,1644,0,0,0,0,0
411,3492,412.03585180266293,99922,212,101,61,13,12829,6535,0.19379115710253997,134,52,38908,39219,7216,3478,3467,7135,7804,3816,0,0,72291,0,0,1011,134,1,0,0,0,0,9839,14965,1681,0,0,0,0,0
412,3492,413.28980124680135,99922,217,96,61,13,12872,6549,0.19436160204959868,125,53,38846,39067,7201,3468,3548,7301,8002,3910,0,0,72008,0,0,1015,138,1,0,0,0,0,10073,14952,1735,0,0,0,0,0
413,3492,414.1269768968759,99921,215,95,61,14,12900,6557,0.19472383182714345,116,52,38788,38891,7187,3459,3631,7487,8202,4005,0,0,71733,0,0,1015,143,1,0,0,0,0,10314,14931,1784,0,0,0,0,0
414,3492,415.3850039134183,99921,228,86,61,14,12940,6570,0.19525425085817796,97,54,38728,38745,7171,3448,3713,7651,8404,4101,0,0,71439,0,0,1014,146,1,0,0,0,0,10561,14928,1832,0,0,0,0,0
415,3492,416.2247919661525,99921,217,90,61,14,12965,6581,0.1956145354830316,88,55,38663,38578,7172,3433,3797,7828,8607,4198,0,0,71145,0,0,1018,149,1,0,0,0,0,10819,14918,1871,0,0,0,0,0
416,3492,417.06608479682956,99921,207,93,61,14,12982,6595,0.19592478057665555,90,48,38592,38421,7166,3416,3882,8006,8812,4296,0,0,70863,0,0,1019,151,1,0,0,0,0,11066,14896,1925,0,0,0,0,0
417,3492,418.3307688178231,99921,198,86,61,14,13008,6609,0.19632509682649293,86,40,38539,38253,7154,3409,3960,8196,9019,4395,0,0,70547,0,0,1017,154,1,0,0,0,0,11327,14908,1967,0,0,0,0,0
418,3492,419.1751153705861,99921,190,82,61,14,13028,6616,0.19659531029513316,96,45,38469,38083,7137,3388,4045,8386,9227,4495,0,0,70274,0,0,1017,161,1,0,0,0,0,11569,14872,2027,0,0,0,0,0
419,3492,420.02099090326817,99921,191,86,61,14,13051,6630,0.1969656028262327,125,70,38371,37901,7120,3365,4130,8562,9437,4596,0,0,69994,9,2,1019,165,1,0,0,0,0,11823,14830,2078,0,0,0,0,0
420,3492,421.1769483071998,99921,191,102,61,14,13094,6654,0.19763613254471032,117,67,38299,37747,7120,3326,4210,8742,9648,4698,0,0,69686,53,3,1022,168,1,0,0,0,0,12086,14778,2124,0,0,0,0,0
421,3492,422.3351406027201,99921,200,103,61,14,13130,6680,0.19825662273195824,128,69,38203,37581,7107,3313,4299,8918,9861,4801,0,0,69384,93,6,1029,170,1,0,0,0,0,12345,14717,2176,0,0,0,0,0
422,3492,423.10870159883314,99921,204,119,61,14,13159,6701,0.19875701804425497,130,56,38112,37414,7104,3286,4387,9109,10075,4905,0,0,69093,117,8,1031,172,1,0,0,0,0,12610,14664,2225,0,0,0,0,0
423,3492,424.27204424500707,99921,216,118,61,14,13205,6716,0.19936750032525696,149,66,38014,37249,7089,3261,4469,9290,10290,5010,0,0,68786,160,8,1037,173,1,0,0,0,0,12874,14602,2280,0,0,0,0,0
424,3492,425.0490021537247,99921,221,121,61,14,13235,6734,0.1998478798250618,151,62,37934,37069,7071,3249,4560,9483,10506,5116,0,0,68479,189,12,1039,178,1,0,0,0,0,13148,14556,2319,0,0,0,0,0
425,3492,426.21740297771777,99921,227,119,61,14,13274,6753,0.200428338387326,162,78,37841,36911,7061,3227,4646,9649,10723,5223,0,0,68160,234,17,1041,180,1,0,0,0,0,13417,14504,2367,0,0,0,0,0
426,3492,427.38843475883044,99921,251,130,61,14,13332,6780,0.2012790104182304,169,85,37735,36714,7045,3214,4737,9841,10941,5330,0,0,67840,275,20,1041,185,1,0,0,0,0,13693,14457,2409,0,0,0,0,0
427,3492,428.1706543816753,99921,256,130,61,14,13361,6793,0.20169934248055965,177,92,37648,36541,7026,3187,4830,10034,11161,5438,0,0,67546,302,25,1043,188,1,0,0,0,0,13955,14394,2467,0,0,0,0,0
428,3492,429.34693367343425,99921,261,133,61,14,13418,6811,0.20244993544900472,172,110,37557,36369,7031,3176,4916,10196,11381,5547,0,0,67212,354,32,1049,190,1,0,0,0,0,14230,14341,2512,0,0,0,0,0
429,3492,430.1327098692302,99921,276,143,61,14,13456,6831,0.2030303940112689,188,110,37458,36198,7003,3158,5012,10375,11602,5657,0,0,66920,376,36,1048,197,1,0,0,0,0,14496,14280,2567,0,0,0,0,0
430,3492,431.31450555666964,99921,292,145,61,14,13518,6862,0.2039611292921408,203,115,37340,36030,7003,3158,5099,10536,11824,5768,0,0,66575,441,41,1050,199,2,0,0,0,0,14771,14226,2616,0,0,0,0,0
431,3492,432.10412027017907,99921,300,156,61,14,13557,6888,0.20461164319812652,206,113,37235,35838,6998,3150,5198,10727,12047,5880,0,0,66252,476,47,1054,200,2,0,0,0,0,15053,14175,2662,0,0,0,0,0
432,3492,433.29208210625393,99921,319,157,61,14,13626,6922,0.20564245754145774,215,108,37137,35665,6995,3155,5271,10899,12271,5992,0,0,65911,537,51,1063,208,2,0,0,0,0,15328,14110,2711,0,0,0,0,0
433,3492,434.0856330470456,99920,326,164,62,14,13662,6944,0.2062249799839872,221,107,37047,35477,6970,3147,5372,11089,12495,6105,0,0,65603,570,58,1065,209,2,0,0,0,0,15595,14045,2773,0,0,0,0,0
434,3492,435.27923611405697,99919,339,171,63,14,13734,6974,0.20724787077532802,241,110,36933,35306,6967,3137,5455,11260,12720,6219,0,0,65272,625,68,1074,215,2,0,0,0,0,15859,13972,2832,0,0,0,0,0
435,3492,436.0766965750855,99919,349,182,63,14,13785,7003,0.2080485193006335,246,114,36821,35124,6975,3117,5544,11447,12946,6334,0,0,64951,669,75,1077,219,2,0,0,0,0,16129,13904,2893,0,0,0,0,0
436,3492,437.27678512788896,99918,348,189,64,14,13855,7035,0.2090714385796353,249,122,36703,34932,6994,3101,5640,11640,13172,6449,0,0,64602,737,87,1087,221,3,0,0,0,0,16395,13834,2952,0,0,0,0,0
437,3492,438.07891152157515,99918,351,189,64,14,13902,7055,0.20974198843051303,277,125,36588,34744,6997,3096,5721,11830,13399,6565,0,0,64262,781,99,1088,228,3,0,0,0,0,16679,13786,2992,0,0,0,0,0
438,3492,439.2860955080949,99918,367,204,64,14,13979,7104,0.2110030224784323,292,123,36464,34552,7008,3097,5803,12008,13626,6682,0,0,63900,847,113,1095,235,3,0,0,0,0,16960,13731,3034,0,0,0,0,0
439,3492,440.0929583435147,99918,404,216,64,14,14054,7134,0.21205388418503174,284,119,36353,34366,6988,3083,5905,12200,13853,6799,0,0,63579,890,119,1098,239,3,0,0,0,0,17232,13662,3096,0,0,0,0,0
440,3492,441.307238786976,99918,426,224,64,14,14143,7170,0.2133049100262215,304,135,36199,34184,7007,3079,5998,12362,14080,6917,0,0,63225,954,132,1104,249,3,0,0,0,0,17509,13599,3143,0,0,0,0,0
441,3492,442.1190492467029,99917,437,217,65,14,14208,7191,0.21416775924016934,313,149,36057,33996,7027,3079,6099,12543,14308,7036,0,0,62878,1005,151,1108,255,3,0,0,0,0,17784,13543,3190,0,0,0,0,0
442,3492,443.34206386602114,99917,466,234,65,14,14309,7241,0.21567901358127245,325,148,35916,33810,7037,3078,6189,12714,14536,7155,0,0,62523,1076,167,1115,264,3,0,0,0,0,18052,13471,3246,0,0,0,0,0
443,3492,444.1598017656841,99917,467,241,65,14,14375,7271,0.21663981104316582,335,152,35794,33618,7053,3072,6284,12901,14764,7275,0,0,62182,1135,181,1120,272,3,0,0,0,0,18320,13398,3306,0,0,0,0,0
444,3492,445.390875295881,99917,482,244,65,14,14465,7312,0.21795089924637448,375,177,35667,33428,7042,3068,6367,13067,14992,7395,0,0,61818,1208,198,1138,276,4,0,0,0,0,18594,13324,3357,0,0,0,0,0
445,3492,446.2136041329964,99917,490,245,65,14,14524,7351,0.2189317133220573,382,169,35539,33251,7060,3064,6462,13255,15220,7516,0,0,61476,1264,216,1145,283,4,0,0,0,0,18861,13254,3414,0,0,0,0,0
446,3492,447.0390308052649,99917,497,241,65,14,14596,7378,0.21992253570463485,408,193,35399,33040,7075,3069,6554,13441,15448,7637,0,0,61130,1330,232,1149,292,4,0,0,0,0,19125,13180,3475,0,0,0,0,0
447,3492,448.282320229144,99917,556,266,65,14,14736,7446,0.22200426353873715,392,188,35257,32872,7089,3067,6639,13591,15676,7759,0,0,60771,1410,257,1157,301,5,0,0,0,0,19378,13102,3536,0,0,0,0,0
448,3492,449.113614187835,99917,569,279,65,14,14823,7487,0.22328532682126165,388,184,35135,32674,7116,3069,6725,13778,15904,7881,0,0,60413,1477,270,1173,306,5,0,0,0,0,19655,13027,3591,0,0,0,0,0
449,3492,450.36537650969296,99917,587,295,65,14,14945,7547,0.22510683867610115,378,187,34989,32486,7168,3083,6811,13933,16132,8004,0,0,60010,1578,290,1190,316,5,0,0,0,0,19937,12961,3630,0,0,0,0,0
450,3492,451.2025358645166,99917,615,287,65,14,15036,7579,0.22633786042415205,381,207,34853,32289,7184,3099,6900,14102,16359,8127,0,0,59636,1650,302,1199,323,5,0,0,0,0,20227,12901,3674,0,0,0,0,0
451,3492,452.0426651931479,99916,626,279,66,14,15110,7612,0.22741102526121942,410,217,34704,32107,7194,3099,6998,14282,16586,8251,0,0,59294,1706,330,1211,329,5,0,0,0,0,20484,12823,3734,0,0,0,0,0
452,3492,453.30849813473486,99916,660,299,66,14,15255,7682,0.22956283277953482,414,226,34546,31907,7244,3120,7068,14432,16813,8375,0,0,58905,1797,360,1231,343,5,0,0,0,0,20749,12747,3779,0,0,0,0,0
453,3492,454.1551450002147,99916,663,309,66,14,15334,7733,0.23086392569758596,405,228,34419,31707,7272,3138,7173,14602,17040,8500,0,0,58539,1869,382,1248,348,5,0,0,0,0,21020,12672,3833,0,0,0,0,0
454,3492,455.00518654912474,99916,664,335,66,14,15425,7791,0.23235517834981384,420,223,34281,31510,7300,3137,7267,14779,17266,8625,0,0,58164,1942,413,1252,359,5,0,0,0,0,21289,12618,3874,0,0,0,0,0
455,3492,456.2856037689561,99914,671,348,66,16,15556,7866,0.23442160257821726,444,250,34126,31314,7345,3155,7346,14915,17492,8751,0,0,57753,2057,459,1260,370,5,0,0,0,0,21536,12550,3924,0,0,0,0,0
456,3492,457.1421393646644,99912,703,359,68,16,15659,7918,0.23597766034110018,435,255,33996,31134,7348,3160,7448,15074,17717,8877,0,0,57396,2124,487,1269,373,7,0,0,0,0,21795,12481,3980,0,0,0,0,0
457,3492,458.0016199425071,99912,709,366,68,16,15754,7968,0.23742893746496918,444,275,33857,30927,7382,3176,7538,15238,17942,9003,0,0,57024,2207,510,1287,380,7,0,0,0,0,22060,12401,4036,0,0,0,0,0
458,3492,459.29654457637366,99911,739,385,68,17,15903,8067,0.2399135230355016,471,269,33676,30728,7433,3214,7611,15385,18166,9130,0,0,56605,2334,553,1298,395,7,0,0,0,0,22306,12330,4083,0,0,0,0,0
459,3492,460.16320135817415,99911,764,385,68,17,16004,8111,0.2413648146850697,499,292,33502,30539,7465,3218,7700,15547,18389,9257,0,0,56240,2408,572,1311,404,7,0,0,0,0,22575,12256,4138,0,0,0,0,0
460,3492,461.03363278972216,99911,807,410,68,17,16146,8173,0.24340663190239312,468,308,33349,30339,7518,3222,7788,15702,18612,9384,0,0,55858,2497,598,1324,411,7,0,0,0,0,22842,12185,4189,0,0,0,0,0
461,3492,462.34603521070613,99911,823,423,68,17,16294,8274,0.24589884997647907,514,316,33154,30132,7576,3277,7863,15833,18834,9512,0,0,55429,2636,641,1342,426,7,0,0,0,0,23086,12105,4239,0,0,0,0,0
462,3492,463.2247816363807,99911,848,459,68,17,16416,8355,0.24793065828587443,532,312,32965,29941,7623,3291,7962,15978,19055,9640,0,0,55034,2727,670,1351,436,7,0,0,0,0,23360,12049,4277,0,0,0,0,0
463,3492,464.10769129967855,99911,850,455,68,17,16537,8412,0.2497122438970684,541,320,32798,29744,7683,3318,8058,16144,19276,9768,0,0,54645,2823,716,1364,453,7,0,0,0,0,23602,11977,4324,0,0,0,0,0
464,3492,465.4399370841112,99910,864,486,69,17,16701,8519,0.2524271844660194,588,316,32605,29558,7747,3350,8125,16271,19496,9896,0,0,54192,2975,753,1390,458,9,0,0,0,0,23864,11903,4366,0,0,0,0,0
465,3492,466.3320316706161,99910,894,501,69,17,16838,8596,0.2545691122009809,588,320,32446,29369,7788,3384,8213,16407,19715,10025,0,0,53790,3087,784,1406,467,10,0,0,0,0,24123,11830,4413,0,0,0,0,0
466,3492,467.2280225187907,99910,888,505,69,17,16958,8668,0.2564908417575818,596,323,32301,29175,7850,3415,8294,16563,19933,10154,0,0,53385,3205,829,1419,481,10,0,0,0,0,24364,11754,4463,0,0,0,0,0
467,3492,468.12796046725197,99909,889,523,70,17,17090,8746,0.25859532174278593,602,318,32141,28989,7917,3443,8379,16708,20150,10283,0,0,52992,3307,880,1443,490,11,0,0,0,0,24601,11675,4510,0,0,0,0,0
468,3492,469.0324032145233,99909,896,517,70,17,17226,8825,0.2607472800248226,624,316,31962,28809,7990,3490,8456,16849,20367,10412,0,0,52582,3423,935,1472,502,11,0,0,0,0,24838,11594,4552,0,0,0,0,0
469,3492,470.39708874771,99909,947,513,70,17,17461,8935,0.2642004223843698,611,321,31749,28632,8084,3566,8537,16949,20583,10541,0,0,52101,3605,1000,1500,516,12,0,0,0,0,25067,11518,4590,0,0,0,0,0
470,3492,471.311635942626,99907,947,511,71,18,17581,9006,0.26611748926501644,649,328,31574,28452,8143,3607,8614,17082,20798,10671,0,0,51713,3700,1062,1519,527,12,0,0,0,0,25293,11445,4636,0,0,0,0,0
471,3492,472.23106842101777,99905,967,505,73,18,17741,9081,0.2684750512987338,644,343,31407,28271,8211,3640,8696,17221,21012,10801,0,0,51312,3809,1123,1545,541,13,0,0,0,0,25518,11364,4680,0,0,0,0,0
472,3492,473.1550547815214,99905,1004,504,73,18,17909,9155,0.27089735248486063,629,332,31245,28101,8278,3676,8769,17367,21225,10931,0,0,50908,3923,1179,1560,556,13,0,0,0,0,25748,11294,4724,0,0,0,0,0
473,3492,474.083780760946,99905,1031,512,73,18,18072,9230,0.2732796156348531,623,339,31107,27922,8330,3706,8834,17501,21437,11061,0,0,50520,4021,1238,1585,567,15,0,0,0,0,25973,11217,4769,0,0,0,0,0
474,3492,475.016498167983,99905,1045,524,73,18,18224,9299,0.27549171713127474,638,365,30962,27739,8381,3729,8899,17623,21648,11191,0,0,50129,4115,1291,1609,580,15,0,0,0,0,26208,11147,4811,0,0,0,0,0
475,3492,476.422690440891,99903,1081,536,74,19,18471,9417,0.27915077625296536,626,373,30770,27574,8493,3786,8954,17710,21857,11321,0,0,49666,4283,1364,1644,601,18,0,0,0,0,26417,11066,4844,0,0,0,0,0
476,3492,477.36465767547526,99903,1077,573,74,19,18604,9516,0.2814730288379728,636,359,30625,27396,8562,3811,9024,17840,22065,11451,0,0,49275,4382,1420,1665,616,18,0,0,0,0,26647,10997,4883,0,0,0,0,0
477,3492,478.3109646345535,99901,1086,574,76,19,18761,9593,0.2838209827729452,626,365,30467,27205,8638,3857,9105,17978,22272,11581,0,0,48873,4485,1494,1696,624,18,0,0,0,0,26865,10925,4921,0,0,0,0,0
478,3492,479.2618942851103,99901,1106,580,76,19,18936,9679,0.2864335692335412,610,359,30309,27050,8718,3900,9179,18090,22478,11711,0,0,48468,4609,1559,1718,639,20,0,0,0,0,27077,10847,4964,0,0,0,0,0
479,3492,480.2176409694865,99901,1099,595,76,19,19089,9768,0.28885596740773367,623,363,30153,26863,8798,3936,9249,18222,22683,11841,0,0,48065,4735,1625,1731,657,22,0,0,0,0,27281,10776,5009,0,0,0,0,0
480,3492,481.1784283882902,99900,1093,613,77,19,19239,9862,0.2913013013013013,656,358,29971,26683,8879,3967,9322,18358,22887,11971,0,0,47674,4846,1698,1753,673,22,0,0,0,0,27480,10697,5057,0,0,0,0,0
481,3492,482.1443815231493,99899,1104,621,78,19,19409,9963,0.29401695712669795,675,354,29791,26517,8961,4019,9389,18468,23090,12101,0,0,47284,4946,1770,1789,689,25,0,0,0,0,27680,10613,5103,0,0,0,0,0
482,3492,483.11608123558887,99898,1078,637,79,19,19565,10055,0.29650243248113073,689,348,29640,26349,9063,4054,9449,18591,23291,12231,0,0,46881,5057,1849,1824,706,25,0,0,0,0,27877,10538,5141,0,0,0,0,0
483,3492,484.092398698564,99895,1081,658,81,20,19730,10154,0.29915411181740825,701,351,29487,26177,9140,4093,9508,18699,23491,12361,0,0,46469,5184,1906,1839,733,25,0,0,0,0,28096,10470,5173,0,0,0,0,0
484,3492,485.0739422580915,99895,1092,639,81,20,19890,10236,0.3015766554882627,725,366,29313,26031,9213,4138,9574,18804,23690,12491,0,0,46081,5294,1994,1863,747,28,0,0,0,0,28280,10393,5215,0,0,0,0,0
485,3492,486.06078712278145,99893,1124,620,82,21,20064,10322,0.3041854784619543,731,368,29154,25892,9272,4198,9635,18899,23888,12621,0,0,45692,5411,2075,1875,769,28,0,0,0,0,28459,10321,5263,0,0,0,0,0
486,3492,487.05293006345335,99892,1187,628,83,21,20254,10408,0.3069515076282385,728,385,28983,25736,9313,4228,9704,19000,24084,12751,0,0,45320,5497,2144,1895,789,28,0,0,0,0,28666,10260,5293,0,0,0,0,0
487,3492,488.04991268811506,99890,1185,622,85,21,20425,10492,0.30951046150765843,742,393,28837,25595,9385,4270,9764,19097,24279,12881,0,0,44936,5599,2246,1918,809,29,0,0,0,0,28835,10190,5328,0,0,0,0,0
488,3492,489.05206430543,99889,1199,630,86,21,20633,10592,0.3125969826507423,726,384,28669,25463,9502,4317,9816,19183,24473,13011,0,0,44553,5712,2342,1951,834,31,0,0,0,0,28997,10099,5370,0,0,0,0,0
489,3492,490.0596715818661,99888,1234,654,86,22,20824,10695,0.3155434086176518,732,361,28521,25321,9561,4346,9864,19294,24666,13141,0,0,44193,5811,2421,1973,855,31,0,0,0,0,29167,10013,5424,0,0,0,0,0
490,3492,491.0723187883262,99887,1243,661,87,22,21005,10798,0.3183897804519107,732,357,28366,25161,9648,4395,9922,19402,24857,13271,0,0,43811,5919,2513,2000,875,33,0,0,0,0,29334,9936,5466,0,0,0,0,0
491,3492,492.09040979145095,99885,1241,668,88,23,21190,10894,0.32120939079941935,702,359,28240,25003,9747,4437,9980,19508,25047,13401,0,0,43430,6022,2612,2030,897,36,0,0,0,0,29498,9861,5499,0,0,0,0,0
492,3492,493.11317620770865,99884,1237,652,88,24,21392,10984,0.3241359977573986,705,354,28043,24878,9886,4497,10039,19593,25236,13530,0,0,43032,6136,2720,2067,930,37,0,0,0,0,29662,9784,5516,0,0,0,0,0
493,3492,494.1428173858487,99883,1258,651,89,24,21573,11077,0.3268824524693892,697,372,27897,24722,9949,4550,10108,19679,25423,13659,0,0,42662,6229,2816,2090,956,37,0,0,0,0,29831,9717,5545,0,0,0,0,0
494,3492,495.1780538559767,99883,1271,657,89,24,21748,11180,0.3296657088793889,690,372,27748,24594,10034,4599,10166,19752,25609,13788,0,0,42301,6322,2926,2115,974,38,0,0,0,0,29981,9642,5584,0,0,0,0,0
495,3492,496.2188218851453,99882,1271,678,90,24,21923,11285,0.33247231733445465,733,376,27569,24451,10108,4636,10227,19833,25794,13917,0,0,41932,6425,3020,2136,997,39,0,0,0,0,30140,9569,5624,0,0,0,0,0
496,3492,497.2655031548549,99882,1245,692,90,24,22105,11384,0.33528563705172104,745,395,27413,24313,10232,4668,10273,19906,25977,14046,0,0,41554,6541,3127,2164,1020,40,0,0,0,0,30281,9488,5667,0,0,0,0,0
497,3492,498.3180325279703,99882,1254,692,90,24,22299,11497,0.3383592639314391,755,377,27251,24189,10316,4728,10332,19988,26159,14175,0,0,41168,6668,3227,2186,1051,40,0,0,0,0,30426,9410,5706,0,0,0,0,0
498,3492,499.3768226802003,99882,1234,692,90,24,22492,11590,0.34122264271840774,768,397,27081,24052,10428,4775,10397,20058,26339,14303,0,0,40782,6792,3322,2217,1088,40,0,0,0,0,30576,9331,5734,0,0,0,0,0
499,3492,500.4420452479268,99880,1225,697,92,24,22683,11710,0.34434321185422506,812,377,26927,23922,10510,4849,10432,20129,26518,14431,0,0,40406,6896,3445,2239,1122,42,0,0,0,0,30707,9263,5760,0,0,0,0,0
500,3492,501.5132637817068,99877,1236,664,94,25,22891,11806,0.3473972986773732,788,384,26769,23784,10616,4935,10495,20206,26696,14559,0,0,40009,7032,3549,2272,1150,45,0,0,0,0,30845,9184,5791,0,0,0,0,0
501,3492,502.0509578818091,99876,1260,666,95,25,23008,11861,0.3491229124113901,770,392,26646,23636,10646,4954,10581,20325,26872,14687,0,0,39707,7069,3610,2280,1172,46,0,0,0,0,31036,9133,5823,0,0,0,0,0
502,3492,503.1336366818036,99876,1303,666,95,25,23237,11960,0.35240698466097964,736,384,26496,23549,10726,5003,10642,20371,27047,14814,0,0,39345,7181,3709,2307,1197,47,0,0,0,0,31171,9050,5869,0,0,0,0,0
503,3492,504.22213685213205,99876,1312,681,95,25,23442,12068,0.35554087067964274,747,375,26356,23462,10796,5028,10692,20427,27221,14941,0,0,38983,7289,3814,2338,1219,50,0,0,0,0,31304,8971,5908,0,0,0,0,0
504,3492,505.3165692480535,99874,1296,672,97,25,23649,12160,0.3585417626209023,752,390,26212,23354,10910,5081,10731,20476,27393,15068,0,0,38620,7386,3941,2376,1251,53,0,0,0,0,31422,8895,5930,0,0,0,0,0
505,3492,506.41691528801914,99870,1324,670,100,26,23851,12273,0.36171022329027736,747,377,26055,23261,10979,5139,10793,20525,27564,15195,0,0,38274,7484,4053,2397,1280,57,0,0,0,0,31543,8818,5964,0,0,0,0,0
506,3492,507.5237481451843,99869,1350,664,101,26,24085,12387,0.36519840991699126,730,358,25916,23156,11069,5217,10832,20577,27733,15321,0,0,37879,7623,4152,2433,1309,59,0,0,0,0,31684,8737,5993,0,0,0,0,0
507,3492,508.078725565026,99869,1348,658,101,26,24196,12438,0.3668205349007199,712,354,25809,23025,11118,5242,10910,20693,27901,15447,0,0,37577,7666,4236,2444,1328,60,0,0,0,0,31850,8689,6019,0,0,0,0,0
508,3492,509.19629897129516,99869,1333,656,101,26,24397,12531,0.369764391352672,722,363,25656,22924,11232,5293,10954,20736,28068,15573,0,0,37221,7760,4351,2489,1359,61,0,0,0,0,31975,8611,6042,0,0,0,0,0
509,3492,510.3203256318864,99867,1303,653,103,26,24593,12630,0.37272572521453534,726,374,25497,22809,11369,5339,11000,20797,28233,15698,0,0,36848,7874,4470,2519,1393,63,0,0,0,0,32094,8544,6062,0,0,0,0,0
510,3492,511.4514701206589,99865,1290,664,105,26,24794,12738,0.3758273669453763,749,364,25364,22703,11457,5386,11033,20855,28397,15823,0,0,36503,7965,4575,2566,1429,65,0,0,0,0,32217,8460,6085,0,0,0,0,0
511,3492,512.0191674568159,99864,1305,663,106,26,24905,12789,0.37745333653769125,761,369,25240,22569,11473,5407,11113,20964,28560,15948,0,0,36219,8005,4646,2562,1453,67,0,0,0,0,32381,8416,6115,0,0,0,0,0
512,3492,513.1616778245956,99864,1311,655,106,26,25112,12896,0.3805976127533445,745,373,25116,22463,11565,5464,11155,21017,28721,16072,0,0,35872,8103,4769,2595,1487,70,0,0,0,0,32488,8344,6136,0,0,0,0,0
513,3492,514.3102198518559,99863,1297,665,106,27,25309,13019,0.38380581396513225,750,357,24987,22397,11659,5510,11199,21042,28881,16196,0,0,35540,8185,4902,2631,1525,72,0,0,0,0,32580,8267,6161,0,0,0,0,0
514,3492,515.4647617064566,99862,1315,676,107,27,25516,13134,0.3870341070677535,755,328,24865,22340,11733,5553,11223,21074,29039,16320,0,0,35212,8274,5001,2660,1564,75,0,0,0,0,32692,8192,6192,0,0,0,0,0
515,3492,516.0437796576228,99862,1304,678,107,27,25616,13194,0.38863631811900423,746,325,24775,22239,11766,5570,11300,21159,29196,16443,0,0,34942,8305,5086,2668,1589,78,0,0,0,0,32835,8140,6219,0,0,0,0,0
516,3492,517.2084993007513,99862,1285,647,107,27,25824,13278,0.3915603532875368,724,357,24663,22153,11878,5620,11341,21194,29352,16566,0,0,34601,8401,5218,2709,1632,78,0,0,0,0,32923,8060,6240,0,0,0,0,0
517,3492,518.3786931764356,99861,1311,663,108,27,26054,13387,0.3949589930002704,699,356,24543,22103,11975,5645,11362,21204,29506,16689,0,0,34288,8475,5337,2747,1667,80,0,0,0,0,33018,7981,6268,0,0,0,0,0
518,3492,519.5546958319874,99861,1294,664,108,27,26257,13493,0.3980532940787695,686,360,24423,22016,12085,5690,11402,21241,29659,16811,0,0,33961,8549,5471,2788,1702,83,0,0,0,0,33109,7911,6287,0,0,0,0,0
519,3492,520.1441564040822,99861,1303,672,108,27,26371,13553,0.39979571604530295,654,349,24341,21922,12106,5704,11486,21324,29811,16933,0,0,33708,8562,5569,2800,1720,84,0,0,0,0,33237,7865,6316,0,0,0,0,0
520,3492,521.3308596849893,99859,1284,676,110,27,26567,13658,0.4028179733424128,677,345,24218,21842,12192,5760,11517,21348,29961,17054,0,0,33387,8653,5692,2821,1765,86,0,0,0,0,33317,7798,6340,0,0,0,0,0
521,3492,522.5237800700774,99859,1266,651,110,27,26773,13751,0.40581219519522527,667,354,24111,21775,12302,5822,11542,21369,30110,17175,0,0,33056,8754,5825,2850,1801,96,0,0,0,0,33393,7727,6357,0,0,0,0,0
522,3492,523.1215614308331,99857,1267,652,112,27,26890,13805,0.4075327718637652,655,354,24031,21680,12323,5836,11610,21449,30258,17296,0,0,32797,8785,5916,2858,1821,99,0,0,0,0,33517,7677,6387,0,0,0,0,0
523,3492,524.3242492732462,99855,1282,653,114,27,27115,13920,0.4109458715136949,618,339,23929,21615,12416,5900,11639,21464,30404,17416,0,0,32466,8859,6041,2894,1859,102,0,0,0,0,33609,7625,6400,0,0,0,0,0
524,3492,525.5318691848906,99854,1223,622,115,27,27278,14016,0.4135437739099085,652,373,23809,21568,12520,5945,11679,21463,30549,17536,0,0,32140,8960,6180,2913,1907,106,0,0,0,0,33673,7553,6422,0,0,0,0,0
525,3492,526.1377435367091,99854,1252,613,115,27,27389,14076,0.415256274160274,649,354,23728,21480,12513,5973,11741,21551,30693,17655,0,0,31919,8963,6278,2911,1938,109,0,0,0,0,33780,7508,6448,0,0,0,0,0
526,3492,527.3564258578751,99852,1256,624,116,28,27592,14187,0.41840924568361176,630,329,23638,21439,12575,6022,11783,21556,30835,17774,0,0,31613,9033,6396,2949,1971,112,0,0,0,0,33869,7438,6471,0,0,0,0,0
527,3492,528.579930346067,99852,1257,627,116,28,27798,14294,0.4215438849497256,619,314,23533,21387,12655,6065,11818,21577,30976,17893,0,0,31308,9107,6534,2969,2007,117,0,0,0,0,33943,7377,6490,0,0,0,0,0
528,3492,529.1929662526917,99852,1228,622,116,28,27896,14353,0.42311621199375077,619,303,23437,21314,12704,6082,11894,21649,31116,18011,0,0,31065,9124,6638,2981,2037,119,0,0,0,0,34045,7330,6513,0,0,0,0,0
529,3492,530.4269567545217,99851,1170,590,116,29,28060,14435,0.42558412033930554,635,325,23358,21277,12790,6123,11929,21654,31254,18129,0,0,30754,9211,6773,3015,2075,123,0,0,0,0,34104,7259,6537,0,0,0,0,0
530,3492,531.045466698875,99850,1166,592,117,29,28158,14490,0.4271206810215323,626,310,23283,21225,12800,6120,12006,21722,31391,18246,0,0,30542,9216,6859,3024,2103,125,0,0,0,0,34206,7198,6577,0,0,0,0,0
531,3492,532.2892647372233,99850,1196,587,117,29,28368,14591,0.4302353530295443,618,309,23204,21198,12836,6154,12027,21721,31527,18363,0,0,30271,9268,6986,3047,2136,131,0,0,0,0,34268,7133,6610,0,0,0,0,0
532,3492,533.536977159654,99850,1141,611,117,29,28539,14697,0.4330095142714071,614,294,23127,21169,12948,6163,12051,21732,31662,18479,0,0,29970,9347,7082,3074,2191,136,0,0,0,0,34360,7070,6620,0,0,0,0,0
533,3492,534.1620694135992,99849,1150,591,118,29,28651,14735,0.43451611934020373,605,309,23036,21106,12974,6176,12115,21787,31795,18595,0,0,29757,9348,7179,3082,2215,141,0,0,0,0,34455,7024,6648,0,0,0,0,0
534,3492,535.4193653816164,99849,1104,593,118,29,28832,14832,0.4373003234884676,597,299,22958,21064,13078,6217,12143,21796,31927,18710,0,0,29465,9421,7311,3107,2263,144,0,0,0,0,34509,6966,6663,0,0,0,0,0
535,3492,536.0495233890872,99848,1078,583,119,29,28914,14875,0.4385566060411826,604,301,22886,20998,13104,6229,12207,21858,32058,18825,0,0,29239,9441,7399,3108,2290,147,0,0,0,0,34613,6919,6692,0,0,0,0,0
536,3492,537.3165784081212,99848,1075,556,119,29,29112,14962,0.4414109446358465,571,301,22830,20958,13182,6288,12221,21866,32188,18939,0,0,28947,9517,7539,3126,2329,151,0,0,0,0,34660,6868,6711,0,0,0,0,0
537,3492,538.587733197637,99846,1070,549,121,29,29282,15052,0.4440237966468361,575,291,22771,20932,13220,6334,12241,21863,32316,19053,0,0,28677,9576,7656,3148,2364,155,0,0,0,0,34730,6808,6732,0,0,0,0,0
538,3492,539.2239827538059,99846,1051,555,121,29,29365,15109,0.4454259559721972,582,279,22684,20866,13252,6341,12308,21928,32443,19166,0,0,28455,9592,7735,3153,2393,158,0,0,0,0,34840,6768,6752,0,0,0,0,0
539,3492,540.5029543892693,99845,1015,542,122,29,29543,15204,0.44816465521558413,590,273,22609,20824,13317,6394,12345,21936,32569,19279,0,0,28176,9663,7871,3175,2442,161,0,0,0,0,34880,6708,6769,0,0,0,0,0
540,3492,541.1440459619131,99842,1011,521,123,31,29630,15241,0.449420083732297,590,269,22533,20774,13326,6402,12415,22001,32694,19392,0,0,27956,9678,7945,3178,2468,164,0,0,0,0,34991,6665,6797,0,0,0,0,0
541,3492,542.4326514157422,99840,1017,491,125,31,29831,15314,0.4521734775641026,555,259,22481,20773,13384,6448,12436,21996,32818,19504,0,0,27687,9733,8076,3190,2518,170,0,0,0,0,35043,6624,6799,0,0,0,0,0
542,3492,543.0781082290898,99839,1011,472,126,31,29918,15351,0.4534200062099981,543,258,22429,20716,13395,6465,12494,22056,32940,19616,0,0,27487,9733,8167,3191,2547,174,0,0,0,0,35135,6585,6820,0,0,0,0,0
543,3492,544.3743045947915,99839,990,461,126,31,30087,15431,0.4559140215747353,523,252,22371,20708,13474,6495,12514,22051,33061,19727,0,0,27219,9788,8268,3225,2581,182,0,0,0,0,35210,6528,6838,0,0,0,0,0
544,3492,545.0233217050993,99839,973,458,126,31,30160,15471,0.45704584380853175,516,253,22314,20644,13480,6497,12589,22115,33181,19838,0,0,27026,9788,8349,3228,2609,185,0,0,0,0,35308,6486,6860,0,0,0,0,0
545,3492,546.3271301356781,99838,948,482,127,31,30334,15568,0.459764819006791,487,223,22272,20638,13557,6526,12607,22098,33300,19948,0,0,26783,9824,8466,3236,2666,190,0,0,0,0,35363,6446,6864,0,0,0,0,0
546,3492,547.6342636629244,99837,948,459,128,31,30491,15661,0.4622735058144776,480,197,22243,20634,13582,6594,12617,22083,33418,20058,0,0,26525,9883,8578,3252,2709,196,0,0,0,0,35420,6399,6875,0,0,0,0,0
547,3492,548.2882310952533,99837,914,453,128,31,30559,15700,0.46334525276200206,484,202,22195,20582,13596,6595,12681,22135,33535,20167,0,0,26332,9875,8669,3268,2734,199,0,0,0,0,35514,6357,6889,0,0,0,0,0
548,3492,549.6008761738577,99836,898,435,129,31,30716,15773,0.46565367202211627,468,190,22176,20582,13627,6621,12700,22139,33650,20276,0,0,26107,9909,8805,3287,2772,202,0,0,0,0,35541,6301,6912,0,0,0,0,0
549,3492,550.2577974775223,99836,879,433,129,31,30781,15811,0.466685363996955,466,189,22130,20528,13631,6622,12763,22195,33764,20384,0,0,25938,9895,8889,3290,2801,205,0,0,0,0,35625,6258,6935,0,0,0,0,0
550,3492,551.5754153775666,99836,867,406,129,31,30930,15877,0.4688388957890941,443,204,22107,20511,13664,6659,12788,22187,33877,20492,0,0,25704,9930,9000,3318,2840,210,0,0,0,0,35681,6209,6944,0,0,0,0,0
551,3492,552.2343342799355,99836,840,398,129,31,30995,15911,0.4698305220561721,442,211,22045,20455,13693,6661,12849,22242,33989,20599,0,0,25503,9944,9071,3329,2859,212,0,0,0,0,35786,6162,6970,0,0,0,0,0
552,3492,553.5575534030381,99835,820,384,130,31,31137,15975,0.47189863274402766,424,201,22029,20447,13736,6682,12859,22253,34100,20706,0,0,25264,9979,9181,3342,2896,217,0,0,0,0,35850,6129,6977,0,0,0,0,0
553,3492,554.219451302259,99835,810,383,130,31,31206,16009,0.47293033505283716,407,208,21985,20391,13736,6682,12930,22303,34210,20812,0,0,25099,9963,9265,3348,2921,218,0,0,0,0,35936,6086,6999,0,0,0,0,0
554,3492,555.5479194273829,99835,798,379,130,31,31349,16085,0.4751239545249662,370,194,21983,20377,13758,6713,12959,22304,34319,20917,0,0,24883,9994,9377,3359,2958,222,0,0,0,0,35981,6038,7023,0,0,0,0,0
555,3492,556.2120531899463,99835,798,373,130,31,31423,16120,0.4762157559973957,359,191,21946,20336,13747,6710,13018,22357,34427,21022,0,0,24722,9967,9463,3366,2982,225,0,0,0,0,36068,6002,7040,0,0,0,0,0
556,3492,557.5441815671841,99834,766,368,130,32,31537,16182,0.4779834525312018,340,187,21962,20372,13770,6718,13030,22321,34534,21126,0,0,24514,9991,9553,3393,3013,229,0,0,0,0,36130,5947,7064,0,0,0,0,0
557,3492,558.2096904848001,99834,751,374,130,32,31592,16217,0.4788849490153655,347,185,21913,20349,13768,6700,13089,22358,34640,21230,0,0,24352,9968,9637,3388,3035,234,0,0,0,0,36221,5926,7073,0,0,0,0,0
558,3492,559.5444161411501,99832,738,343,131,33,31718,16273,0.48071760557737,348,195,21905,20376,13775,6716,13101,22335,34745,21333,0,0,24159,9975,9757,3394,3080,238,0,0,0,0,36254,5890,7085,0,0,0,0,0
559,3492,560.2117176701672,99831,737,348,132,33,31778,16308,0.48167402910919455,337,182,21888,20345,13761,6706,13143,22384,34849,21436,0,0,24004,9958,9831,3393,3099,240,0,0,0,0,36340,5856,7110,0,0,0,0,0
560,3492,561.5494242878915,99831,720,347,132,33,31909,16383,0.4837375164027206,320,159,21858,20377,13792,6725,13176,22357,34952,21538,0,0,23799,9986,9933,3409,3136,244,0,0,0,0,36385,5809,7130,0,0,0,0,0
561,3492,562.2180203149203,99831,699,340,132,33,31966,16412,0.4845989722631247,315,142,21818,20361,13801,6723,13233,22399,35054,21640,0,0,23648,9966,10007,3413,3167,245,0,0,0,0,36463,5768,7154,0,0,0,0,0
562,3492,563.5603284595849,99831,664,317,132,33,32064,16451,0.4859712914826056,330,158,21799,20395,13813,6718,13260,22377,35155,21741,0,0,23466,9964,10107,3429,3204,250,0,0,0,0,36518,5729,7164,0,0,0,0,0
563,3492,564.231728515077,99831,658,312,132,33,32128,16479,0.4868928489146658,309,152,21772,20365,13805,6721,13322,22415,35255,21842,0,0,23303,9966,10174,3424,3231,252,0,0,0,0,36604,5694,7183,0,0,0,0,0
564,3492,565.5781871185435,99831,624,317,132,33,32230,16545,0.48857569292103653,311,148,21767,20396,13823,6722,13341,22382,35354,21942,0,0,23126,9968,10274,3442,3268,255,0,0,0,0,36650,5647,7201,0,0,0,0,0
565,3492,566.250966470029,99831,615,305,132,33,32286,16574,0.48942713185283127,300,149,21727,20374,13821,6726,13403,22411,35452,22042,0,0,22965,9963,10334,3450,3289,259,0,0,0,0,36741,5608,7222,0,0,0,0,0
566,3492,567.6007080391229,99830,630,301,133,33,32411,16622,0.4911649804667935,284,147,21722,20401,13808,6723,13421,22393,35549,22141,0,0,22786,9959,10414,3456,3322,265,0,0,0,0,36815,5582,7231,0,0,0,0,0
567,3492,568.2754151941415,99830,626,294,133,33,32458,16644,0.4918561554642893,275,149,21708,20375,13775,6719,13481,22428,35645,22240,0,0,22649,9937,10476,3454,3346,269,0,0,0,0,36902,5548,7249,0,0,0,0,0
568,3492,569.6274655562324,99830,618,301,133,33,32561,16695,0.4933987779224682,249,148,21722,20407,13776,6715,13500,22394,35740,22338,0,0,22483,9936,10567,3464,3372,274,0,0,0,0,36958,5514,7262,0,0,0,0,0
569,3492,570.3026849873935,99830,595,298,133,33,32602,16728,0.49414003806471,255,130,21693,20401,13774,6715,13548,22421,35834,22436,0,0,22356,9894,10650,3473,3398,276,0,0,0,0,37026,5480,7277,0,0,0,0,0
570,3492,571.6559522997061,99829,562,303,134,33,32682,16783,0.495497300383656,262,111,21685,20439,13785,6712,13570,22400,35927,22533,0,0,22199,9894,10742,3483,3433,279,0,0,0,0,37073,5436,7290,0,0,0,0,0
571,3492,572.3324954930433,99829,533,283,134,33,32723,16801,0.4960883110118302,267,112,21675,20439,13770,6705,13619,22426,36019,22630,0,0,22068,9875,10828,3475,3455,287,0,0,0,0,37123,5408,7310,0,0,0,0,0
572,3492,573.0101693694788,99828,538,288,135,33,32774,16828,0.4968746243538887,260,100,21650,20419,13742,6692,13673,22466,36110,22726,0,0,21934,9850,10893,3469,3477,287,0,0,0,0,37208,5383,7327,0,0,0,0,0
573,3492,574.3674751676971,99828,519,268,135,33,32848,16869,0.4980266057619105,253,92,21686,20464,13734,6694,13671,22447,36200,22822,0,0,21768,9853,10978,3471,3509,290,0,0,0,0,37265,5354,7340,0,0,0,0,0
574,3492,575.0453438931879,99827,522,262,136,33,32892,16890,0.498682721107516,249,91,21668,20448,13694,6682,13729,22482,36289,22917,0,0,21653,9815,11045,3467,3536,290,0,0,0,0,37338,5323,7360,0,0,0,0,0
575,3492,576.4023783988425,99827,491,249,136,33,32975,16920,0.49981467939535396,238,103,21685,20486,13719,6673,13729,22454,36377,23012,0,0,21507,9809,11140,3467,3566,296,0,0,0,0,37375,5286,7381,0,0,0,0,0
576,3492,577.0799831435495,99827,489,242,136,33,33016,16938,0.5004057018642251,234,101,21662,20482,13701,6662,13776,22478,36464,23106,0,0,21381,9781,11201,3467,3584,299,0,0,0,0,37457,5259,7398,0,0,0,0,0
577,3492,578.437990752831,99827,453,232,136,33,33089,16972,0.5014775561721778,223,107,21685,20510,13706,6659,13795,22457,36550,23199,0,0,21237,9774,11287,3472,3617,304,0,0,0,0,37499,5223,7414,0,0,0,0,0
578,3492,579.1160447344623,99827,432,237,136,33,33124,16996,0.502068578641049,227,101,21679,20488,13680,6644,13844,22495,36636,23292,0,0,21113,9758,11347,3462,3642,307,0,0,0,0,37571,5194,7433,0,0,0,0,0
579,3492,580.4744745720772,99826,429,220,137,33,33205,17022,0.5031454731232344,212,95,21697,20546,13667,6634,13856,22470,36721,23384,0,0,20972,9746,11428,3467,3669,313,0,0,0,0,37628,5166,7437,0,0,0,0,0
580,3492,581.1528391944736,99826,432,211,137,33,33243,17034,0.5036463446396731,198,98,21687,20557,13629,6616,13915,22483,36805,23476,0,0,20864,9720,11492,3452,3690,317,0,0,0,0,37692,5141,7458,0,0,0,0,0
581,3492,582.5112794728366,99826,415,196,137,33,33313,17064,0.5046480876725502,194,99,21699,20577,13622,6619,13931,22474,36888,23567,0,0,20734,9696,11585,3462,3717,320,0,0,0,0,37733,5111,7468,0,0,0,0,0
582,3492,583.1897336628642,99826,420,201,137,33,33352,17082,0.5052190812012902,192,91,21681,20568,13591,6602,13977,22503,36970,23658,0,0,20636,9658,11640,3457,3735,325,0,0,0,0,37805,5081,7489,0,0,0,0,0
583,3492,584.5488071852319,99826,411,192,137,33,33424,17110,0.5062208242341675,178,101,21728,20617,13563,6593,13981,22462,37051,23748,0,0,20508,9640,11710,3452,3773,328,0,0,0,0,37858,5057,7500,0,0,0,0,0
584,3492,585.2272625777853,99826,405,189,137,33,33449,17131,0.506681626029291,187,93,21704,20602,13528,6590,14037,22491,37132,23838,0,0,20381,9622,11762,3449,3785,330,0,0,0,0,37944,5034,7519,0,0,0,0,0
585,3492,586.5850468164911,99825,386,185,138,33,33511,17162,0.507618332081142,184,99,21750,20648,13510,6574,14030,22459,37212,23927,0,0,20256,9608,11818,3453,3820,334,0,0,0,0,38001,5000,7535,0,0,0,0,0
586,3492,587.2629672895715,99824,368,176,139,33,33534,17176,0.5079940695624299,182,102,21754,20642,13473,6562,14082,22483,37291,24016,0,0,20158,9578,11886,3446,3839,338,0,0,0,0,38054,4970,7555,0,0,0,0,0
587,3492,588.6189991670797,99824,331,167,139,33,33582,17216,0.5088756210931239,191,85,21784,20699,13452,6565,14101,22449,37369,24104,0,0,20028,9568,11978,3444,3872,340,0,0,0,0,38088,4943,7563,0,0,0,0,0
588,3492,589.2959792457862,99824,331,161,139,33,33609,17224,0.5092262381791954,188,85,21768,20698,13425,6549,14147,22472,37446,24192,0,0,19926,9535,12033,3436,3885,344,0,0,0,0,38162,4922,7581,0,0,0,0,0
589,3492,590.6513463035112,99824,327,156,139,33,33661,17253,0.5100376662926751,172,90,21802,20758,13388,6532,14170,22429,37523,24279,0,0,19810,9515,12097,3431,3917,346,0,0,0,0,38219,4899,7590,0,0,0,0,0
590,3492,591.3279122995863,99824,323,152,139,33,33686,17268,0.5104383715338997,167,91,21804,20754,13354,6525,14211,22443,37599,24366,0,0,19700,9488,12148,3424,3933,349,0,0,0,0,38298,4878,7606,0,0,0,0,0
591,3492,592.0049517083652,99824,319,151,139,33,33712,17280,0.510819041513063,159,90,21802,20743,13319,6507,14260,22474,37674,24452,0,0,19588,9465,12194,3424,3942,351,0,0,0,0,38380,4852,7628,0,0,0,0,0
592,3492,593.3592161466933,99824,304,153,139,33,33763,17305,0.5115803814713896,152,82,21861,20786,13276,6494,14266,22450,37748,24538,0,0,19468,9448,12264,3424,3961,353,0,0,0,0,38435,4828,7643,0,0,0,0,0
593,3492,594.0349069849958,99824,305,150,139,33,33785,17316,0.5119109632953999,146,84,21849,20778,13239,6479,14320,22474,37822,24623,0,0,19374,9413,12312,3413,3981,355,0,0,0,0,38508,4808,7660,0,0,0,0,0
594,3492,595.3864351354481,99824,293,144,139,33,33833,17344,0.5126723032537266,127,77,21917,20842,13194,6461,14328,22441,37895,24708,0,0,19254,9405,12379,3415,3999,357,0,0,0,0,38558,4776,7681,0,0,0,0,0
595,3492,596.0607919281699,99824,290,142,139,33,33861,17360,0.5131130790190735,118,69,21917,20834,13167,6450,14367,22470,37967,24792,0,0,19152,9372,12437,3410,4015,360,0,0,0,0,38627,4761,7690,0,0,0,0,0
596,3492,597.4091787744896,99824,272,144,139,33,33890,17387,0.5136740663567879,119,62,21969,20900,13123,6425,14376,22434,38038,24876,0,0,19051,9355,12501,3394,4042,363,0,0,0,0,38674,4739,7705,0,0,0,0,0
597,3492,598.0815017975043,99823,272,142,139,34,33913,17398,0.5140198150726787,114,63,21959,20902,13085,6403,14429,22454,38109,24959,0,0,18964,9315,12554,3391,4058,365,0,0,0,0,38741,4716,7719,0,0,0,0,0
598,3492,599.427435990878,99823,263,135,139,34,33949,17419,0.514590825761598,114,64,21993,20973,13032,6380,14457,22412,38179,25042,0,0,18856,9300,12611,3392,4073,368,0,0,0,0,38796,4687,7740,0,0,0,0,0
599,3492,600.0989441670804,99823,252,136,139,34,33959,17429,0.5147911803892891,119,63,21994,20976,12982,6352,14512,22437,38248,25124,0,0,18760,9270,12647,3380,4097,369,0,0,0,0,38879,4671,7750,0,0,0,0,0
600,3492,601.4433349531168,99822,232,130,140,34,33993,17452,0.515367353889924,109,57,22072,21046,12915,6333,14530,22398,38317,25206,0,0,18649,9247,12711,3380,4118,372,0,0,0,0,38931,4656,7758,0,0,0,0,0
601,3492,602.1138891566377,99822,236,126,140,34,34018,17459,0.51568792450562,97,62,22067,21052,12880,6308,14578,22416,38385,25287,0,0,18550,9218,12758,3378,4128,373,0,0,0,0,39009,4636,7772,0,0,0,0,0
602,3492,603.454246558757,99822,226,122,140,34,34053,17477,0.5162188695878664,93,57,22127,21104,12827,6291,14585,22390,38452,25368,0,0,18468,9185,12824,3374,4149,377,0,0,0,0,39048,4608,7789,0,0,0,0,0
603,3492,604.1228009598207,99822,216,109,140,34,34066,17482,0.5163991905591954,103,62,22112,21101,12796,6284,14631,22408,38519,25448,0,0,18373,9157,12874,3366,4166,380,0,0,0,0,39116,4593,7797,0,0,0,0,0
604,3492,605.4604839072144,99822,203,114,140,34,34099,17505,0.5169601891366633,95,52,22166,21182,12750,6258,14644,22358,38585,25528,0,0,18278,9138,12926,3359,4188,383,0,0,0,0,39169,4567,7814,0,0,0,0,0
605,3492,606.1282704645421,99822,201,108,140,34,34118,17508,0.5171805814349543,92,62,22162,21183,12706,6239,14697,22372,38650,25607,0,0,18199,9103,12978,3353,4201,384,0,0,0,0,39226,4544,7834,0,0,0,0,0
606,3492,607.4636581053719,99822,201,106,140,34,34145,17529,0.5176614373584981,93,52,22225,21264,12636,6220,14703,22322,38715,25686,0,0,18103,9095,13014,3340,4224,387,0,0,0,0,39289,4517,7853,0,0,0,0,0
607,3492,608.1297317148776,99822,202,108,140,34,34156,17541,0.5178918474885296,87,48,22249,21284,12576,6197,14744,22327,38779,25764,0,0,18028,9060,13058,3326,4239,390,0,0,0,0,39352,4500,7869,0,0,0,0,0
608,3492,609.4608563171827,99822,199,104,140,34,34185,17559,0.5183626855803329,80,46,22312,21358,12518,6174,14749,22282,38842,25842,0,0,17938,9031,13110,3318,4263,390,0,0,0,0,39408,4482,7882,0,0,0,0,0
609,3492,610.1244248843849,99822,200,102,140,34,34197,17572,0.5186131313738455,85,42,22302,21360,12477,6167,14794,22293,38905,25919,0,0,17853,9006,13156,3308,4277,390,0,0,0,0,39471,4462,7899,0,0,0,0,0
610,3492,611.4515624680083,99822,203,97,140,34,34229,17586,0.5190739516339083,80,41,22364,21428,12412,6142,14799,22256,38967,25996,0,0,17771,8983,13212,3297,4293,394,0,0,0,0,39516,4441,7915,0,0,0,0,0
611,3492,612.1137248538355,99822,203,94,140,34,34242,17595,0.5192943439321993,81,40,22352,21451,12376,6119,14846,22260,39029,26072,0,0,17693,8951,13260,3287,4308,396,0,0,0,0,39576,4425,7926,0,0,0,0,0
612,3492,613.4378822731993,99822,190,96,140,34,34268,17608,0.5196850393700787,89,46,22407,21508,12320,6092,14852,22222,39090,26148,0,0,17605,8920,13315,3284,4324,398,0,0,0,0,39631,4410,7935,0,0,0,0,0
613,3492,614.0982167104218,99822,185,95,140,34,34282,17614,0.5198853960048887,86,48,22414,21507,12284,6077,14889,22237,39150,26223,0,0,17520,8892,13352,3277,4339,400,0,0,0,0,39700,4397,7945,0,0,0,0,0
614,3492,615.4193637929162,99822,173,89,140,34,34310,17622,0.5202460379475466,80,50,22479,21560,12235,6059,14891,22206,39210,26298,0,0,17431,8869,13397,3273,4357,403,0,0,0,0,39755,4378,7959,0,0,0,0,0
615,3492,616.0785070805022,99822,167,84,140,34,34323,17631,0.5204664302458376,78,45,22469,21587,12211,6047,14933,22201,39269,26373,0,0,17349,8839,13444,3268,4366,406,0,0,0,0,39815,4360,7975,0,0,0,0,0
616,3492,617.3963532840866,99822,163,91,140,34,34355,17646,0.520937268337641,66,42,22520,21653,12161,6018,14948,22160,39328,26447,0,0,17259,8818,13481,3266,4385,408,0,0,0,0,39883,4339,7983,0,0,0,0,0
617,3492,618.0539306067525,99822,156,88,140,34,34362,17654,0.5210875358137484,66,42,22526,21663,12121,6004,14989,22167,39386,26521,0,0,17187,8787,13528,3256,4396,411,0,0,0,0,39937,4320,8000,0,0,0,0,0
618,3492,619.3692418116973,99821,152,90,141,34,34389,17671,0.5215335450456317,57,36,22580,21737,12073,5982,14995,22119,39443,26594,0,0,17119,8750,13585,3259,4401,418,0,0,0,0,39977,4296,8016,0,0,0,0,0
619,3492,620.0253397919593,99821,147,83,141,34,34402,17675,0.5217038498913055,52,34,22583,21743,12040,5969,15035,22135,39500,26667,0,0,17046,8727,13628,3247,4416,419,0,0,0,0,40028,4272,8038,0,0,0,0,0
620,3492,621.3375849878544,99821,129,79,141,34,34420,17685,0.5219843519900622,55,37,22650,21815,11996,5944,15027,22089,39556,26739,0,0,16968,8693,13678,3250,4432,421,0,0,0,0,40079,4253,8047,0,0,0,0,0
621,3492,622.6462146425143,99821,118,82,141,34,34435,17700,0.5222848899530159,53,30,22700,21884,11934,5916,15052,22052,39612,26811,0,0,16887,8672,13717,3246,4448,421,0,0,0,0,40134,4231,8065,0,0,0,0,0
622,3492,623.2993869117803,99821,109,83,141,34,34441,17706,0.5224051051381974,57,27,22708,21889,11897,5894,15086,22071,39667,26882,0,0,16821,8642,13755,3236,4462,423,0,0,0,0,40187,4212,8083,0,0,0,0,0
623,3492,624.6051304663628,99821,125,76,141,34,34470,17713,0.5227657506937418,42,28,22781,21969,11831,5874,15078,22017,39722,26953,0,0,16743,8610,13803,3232,4472,424,0,0,0,0,40246,4200,8091,0,0,0,0,0
624,3492,625.2561457800575,99820,118,75,141,35,34476,17720,0.5229012221999599,39,22,22796,21981,11795,5857,15109,22028,39776,27023,0,0,16677,8580,13842,3219,4489,425,0,0,0,0,40299,4185,8104,0,0,0,0,0
625,3492,626.5571815224855,99820,106,64,141,35,34489,17725,0.5230815467842116,38,28,22855,22037,11743,5826,15115,22008,39830,27093,0,0,16600,8564,13871,3206,4514,429,0,0,0,0,40354,4168,8114,0,0,0,0,0
626,3492,627.2061034594329,99820,104,60,141,35,34496,17728,0.5231817271087958,35,27,22857,22044,11711,5815,15150,22017,39883,27163,0,0,16525,8540,13902,3197,4528,429,0,0,0,0,40418,4153,8128,0,0,0,0,0
627,3492,628.5036649086491,99820,100,58,141,35,34510,17739,0.5234321779202564,37,21,22916,22109,11649,5803,15155,21972,39936,27232,0,0,16446,8519,13927,3191,4548,432,0,0,0,0,40484,4139,8134,0,0,0,0,0
628,3492,629.1513683231256,99819,96,58,141,36,34518,17743,0.5235576393271822,32,22,22909,22107,11622,5789,15198,21986,39988,27301,0,0,16371,8493,13960,3187,4555,435,0,0,0,0,40550,4124,8144,0,0,0,0,0
629,3492,630.4459132287956,99819,91,53,141,36,34526,17753,0.5237379657179495,67,48,22966,22172,11544,5754,15189,21935,40040,27369,0,0,16304,8458,13998,3182,4573,435,1,0,0,5,40602,4110,8151,0,0,0,0,0
630,3492,631.5382184139372,99819,104,55,141,36,34550,17761,0.5240585459682024,66,47,23012,22233,11483,5729,15192,21898,40091,27437,0,0,16241,8419,14030,3173,4591,435,4,0,0,10,40657,4099,8160,0,0,0,0,0
631,3492,632.0831591654983,99819,105,63,141,36,34559,17771,0.5242488904917901,62,42,23019,22231,11440,5707,15231,21919,40142,27504,0,0,16174,8398,14049,3163,4600,441,8,0,0,10,40720,4080,8176,0,0,0,0,0
632,3492,633.1726810515722,99819,107,68,141,36,34582,17789,0.5246596339374268,58,34,23059,22281,11394,5682,15239,21897,40192,27571,0,0,16098,8372,14069,3151,4617,443,19,0,0,22,40773,4064,8191,0,0,0,0,0
633,3492,634.2599477590676,99819,109,71,141,36,34595,17799,0.524890050992296,62,37,23107,22340,11349,5654,15230,21860,40242,27637,0,0,16029,8341,14095,3147,4625,446,21,0,0,30,40832,4053,8200,0,0,0,0,0
634,3492,635.3451625828376,99819,111,64,141,36,34614,17809,0.5251805768440878,64,38,23142,22412,11300,5631,15240,21817,40291,27703,0,0,15965,8310,14122,3140,4639,449,27,0,0,44,40876,4033,8214,0,0,0,0,0
635,3492,636.4285622174613,99819,109,68,141,36,34625,17823,0.5254310301645979,67,35,23184,22474,11258,5605,15239,21780,40340,27769,0,0,15896,8281,14147,3132,4649,454,30,0,0,55,40931,4024,8220,0,0,0,0,0
636,3492,637.5100414457306,99819,113,68,141,36,34651,17836,0.5258217373445937,62,34,23216,22522,11215,5594,15251,21744,40388,27834,0,0,15825,8245,14177,3131,4657,457,41,0,0,67,40979,4009,8231,0,0,0,0,0
637,3492,638.0500142948484,99819,105,69,141,36,34657,17840,0.5259219186727978,62,33,23214,22532,11195,5579,15281,21749,40436,27899,0,0,15759,8214,14205,3130,4664,458,42,0,0,76,41035,3994,8242,0,0,0,0,0
638,3492,639.1301218051091,99819,109,70,141,36,34673,17848,0.5261623538604875,63,35,23266,22586,11134,5548,15285,21723,40483,27963,0,0,15700,8183,14234,3125,4671,461,47,0,0,85,41080,3976,8257,0,0,0,0,0
639,3492,640.2077764929904,99819,107,68,141,36,34689,17859,0.5264328434466384,63,35,23307,22655,11088,5523,15292,21681,40530,28027,0,0,15632,8148,14259,3125,4684,462,54,0,0,93,41133,3960,8269,0,0,0,0,0
640,3492,641.2836645443955,99819,115,66,141,36,34708,17866,0.526693314899969,73,41,23350,22714,11029,5508,15290,21633,40576,28091,0,0,15571,8120,14285,3120,4695,462,57,0,0,103,41181,3940,8285,0,0,0,0,0
641,3492,642.3572040119001,99819,119,72,141,36,34729,17879,0.5270339314158627,76,39,23410,22778,10963,5483,15289,21590,40622,28154,0,0,15508,8094,14306,3113,4708,464,60,0,0,115,41229,3926,8296,0,0,0,0,0
642,3492,643.4279831948763,99819,120,67,141,36,34752,17887,0.5273444935332953,70,42,23461,22827,10913,5469,15293,21557,40668,28217,0,0,15449,8060,14333,3104,4727,465,63,0,0,134,41266,3915,8303,0,0,0,0,0
643,3492,644.4966990541038,99819,114,67,141,36,34765,17898,0.527584928720985,76,36,23501,22882,10861,5454,15305,21523,40713,28279,0,0,15387,8035,14353,3096,4739,470,70,0,0,147,41308,3900,8314,0,0,0,0,0
644,3492,645.030075675263,99819,130,65,141,36,34784,17900,0.5277953095102135,70,41,23497,22899,10825,5428,15335,21529,40758,28341,0,0,15333,8001,14385,3089,4747,471,71,0,0,151,41357,3888,8326,0,0,0,0,0
645,3492,646.0968149761044,99819,122,72,141,36,34796,17912,0.5280357446979032,78,41,23524,22960,10791,5404,15342,21485,40802,28403,0,0,15274,7973,14409,3083,4762,474,77,0,0,157,41404,3871,8335,0,0,0,0,0
646,3492,647.1619761591911,99819,117,70,141,36,34808,17920,0.5282361073543113,92,46,23562,23007,10751,5388,15335,21451,40846,28464,0,0,15208,7943,14435,3076,4780,474,82,0,0,166,41456,3862,8337,0,0,0,0,0
647,3492,648.2254757388979,99819,125,73,141,36,34835,17929,0.5285967601358459,86,50,23597,23065,10712,5368,15337,21406,40889,28525,0,0,15146,7918,14450,3072,4793,476,87,0,0,174,41505,3845,8353,0,0,0,0,0
648,3492,649.2875106965857,99819,137,83,141,36,34864,17947,0.5290676123784049,82,42,23625,23120,10665,5348,15348,21369,40932,28585,0,0,15089,7887,14475,3067,4805,479,91,0,0,184,41548,3833,8361,0,0,0,0,0
649,3492,650.3480675460501,99819,135,76,141,36,34881,17954,0.5293080475660946,96,45,23666,23181,10611,5329,15349,21331,40975,28645,0,0,15031,7850,14505,3069,4812,483,97,0,0,197,41587,3820,8368,0,0,0,0,0
650,3492,651.4068463574721,99819,130,79,141,36,34903,17968,0.5296687003476293,106,40,23693,23218,10586,5318,15342,21307,41017,28705,0,0,14965,7824,14525,3072,4825,486,103,0,0,209,41635,3803,8372,0,0,0,0,0
651,3492,652.4641580749375,99819,143,80,141,36,34933,17979,0.5300794437932658,100,41,23732,23244,10543,5310,15339,21287,41059,28764,0,0,14912,7798,14546,3067,4834,492,107,0,0,219,41674,3785,8385,0,0,0,0,0
652,3492,653.5197524431517,99819,144,78,141,36,34959,17987,0.5304200603091596,100,47,23771,23305,10502,5289,15340,21243,41100,28823,0,0,14857,7768,14568,3062,4853,494,116,0,0,227,41712,3766,8396,0,0,0,0,0
653,3492,654.0466926403362,99819,145,77,141,36,34971,17992,0.5305903685671065,106,46,23759,23315,10475,5277,15372,21247,41141,28881,0,0,14798,7748,14585,3057,4862,496,118,0,0,233,41763,3748,8411,0,0,0,0,0
654,3492,655.1007496771895,99819,159,74,141,36,35004,18004,0.5310411845440247,97,50,23786,23371,10435,5262,15380,21205,41182,28939,0,0,14747,7719,14605,3052,4879,498,121,0,0,247,41797,3731,8423,0,0,0,0,0
655,3492,656.1537829191501,99819,164,78,141,36,35025,18014,0.5313517466614572,106,59,23827,23430,10385,5238,15375,21157,41222,28997,0,0,14690,7693,14624,3050,4892,499,125,0,0,253,41844,3715,8434,0,0,0,0,0
656,3492,657.2047644218849,99819,174,85,141,36,35053,18031,0.5318025626383754,108,64,23868,23456,10348,5226,15359,21131,41262,29054,0,0,14633,7668,14645,3045,4902,500,134,0,0,263,41882,3694,8453,0,0,0,0,0
657,3492,658.2537547280695,99818,184,86,141,37,35085,18049,0.5323088020196758,107,66,23907,23526,10310,5210,15349,21073,41302,29111,0,0,14567,7649,14657,3037,4917,503,142,0,0,280,41923,3682,8461,0,0,0,0,0
658,3492,659.3008204079383,99818,188,86,141,37,35110,18060,0.532669458414314,112,73,23943,23579,10266,5193,15348,21030,41341,29168,0,0,14507,7627,14670,3027,4940,504,148,0,0,291,41966,3672,8466,0,0,0,0,0
659,3492,660.3463715721555,99818,195,90,141,37,35145,18075,0.5331703700735339,124,65,23961,23628,10234,5183,15343,20995,41380,29224,0,0,14446,7602,14686,3024,4957,505,156,0,0,306,42004,3658,8474,0,0,0,0,0
660,3492,661.3904299145457,99818,202,99,141,37,35183,18096,0.5337614458314132,127,60,23992,23674,10204,5163,15332,20965,41418,29280,0,0,14397,7561,14709,3024,4973,508,162,0,0,320,42033,3647,8484,0,0,0,0,0
661,3492,662.4333422651274,99818,186,100,141,37,35206,18111,0.5341421386924202,143,66,24028,23744,10179,5145,15321,20906,41456,29335,0,0,14341,7529,14729,3021,4992,511,178,0,0,335,42058,3629,8495,0,0,0,0,0
662,3492,663.474591190726,99818,196,102,141,37,35245,18127,0.534693141517562,137,63,24069,23799,10141,5133,15314,20864,41494,29390,0,0,14279,7504,14744,3017,5013,512,185,0,0,351,42096,3620,8497,0,0,0,0,0
663,3492,664.5142641634237,99818,210,105,141,37,35286,18145,0.5352842172754413,126,56,24110,23848,10101,5121,15310,20831,41531,29445,0,0,14237,7473,14767,3009,5032,515,192,0,0,369,42113,3603,8508,0,0,0,0,0
664,3492,665.0332242913794,99818,210,106,141,37,35304,18152,0.5355346731050512,127,62,24091,23858,10087,5111,15342,20824,41568,29499,0,0,14180,7446,14788,3008,5040,516,198,0,0,379,42154,3592,8517,0,0,0,0,0
665,3492,666.0712927809225,99818,212,110,141,37,35335,18167,0.5359955118315334,131,60,24106,23910,10060,5101,15348,20780,41605,29553,0,0,14122,7417,14807,3010,5052,517,208,0,0,393,42188,3576,8528,0,0,0,0,0
666,3492,667.1088938221369,99818,222,110,141,37,35373,18180,0.5365064417239376,128,63,24140,23952,10034,5082,15333,20754,41641,29607,0,0,14068,7387,14826,3016,5065,519,214,0,0,405,42224,3558,8536,0,0,0,0,0
667,3492,668.1448328398915,99818,218,115,141,37,35397,18196,0.5369071710513134,143,57,24167,23992,9991,5072,15338,20725,41677,29660,0,0,14016,7357,14846,3015,5079,521,220,0,0,421,42254,3546,8543,0,0,0,0,0
668,3492,669.1799443185023,99818,223,116,141,37,35432,18211,0.5374080827105332,160,63,24181,24028,9966,5059,15327,20695,41713,29713,0,0,13964,7329,14861,3013,5093,526,227,0,0,435,42284,3532,8554,0,0,0,0,0
669,3492,670.2136971808013,99817,220,106,142,37,35465,18225,0.5378843283208271,173,71,24208,24074,9940,5065,15315,20645,41748,29766,0,0,13906,7301,14868,3009,5118,529,239,0,0,453,42311,3519,8564,0,0,0,0,0
670,3492,671.2460749992218,99817,226,105,142,37,35505,18241,0.5384453549996494,166,70,24244,24125,9925,5054,15295,20607,41783,29818,0,0,13855,7274,14882,3002,5139,533,244,0,0,473,42337,3508,8570,0,0,0,0,0
671,3492,672.2771676205433,99817,259,105,142,37,35565,18255,0.5391867116823787,144,72,24274,24178,9893,5044,15286,20562,41818,29870,0,0,13810,7250,14899,2990,5161,533,249,0,0,496,42354,3494,8581,0,0,0,0,0
672,3492,673.3070445682058,99817,263,102,142,37,35608,18270,0.5397677750283018,146,72,24311,24233,9859,5042,15277,20512,41852,29922,0,0,13755,7220,14910,2988,5190,533,257,0,0,517,42380,3486,8581,0,0,0,0,0
673,3492,674.3352306235463,99817,250,109,142,37,35637,18294,0.5402987467064728,156,64,24340,24278,9844,5033,15266,20477,41886,29973,0,0,13695,7194,14922,2985,5208,537,266,0,0,542,42406,3479,8583,0,0,0,0,0
674,3492,675.362087653388,99817,249,107,142,37,35675,18309,0.5408297183846439,149,69,24384,24323,9831,5025,15243,20437,41920,30024,0,0,13639,7170,14937,2980,5226,540,273,0,0,569,42428,3469,8586,0,0,0,0,0
675,3492,676.3872717402726,99817,268,109,142,37,35730,18329,0.5415810934009236,125,70,24413,24359,9812,5018,15238,20405,41954,30075,0,0,13582,7146,14949,2977,5245,544,283,0,0,589,42454,3459,8589,0,0,0,0,0
676,3492,677.4111461272506,99817,257,109,142,37,35758,18346,0.5420319184106915,137,71,24452,24407,9784,5013,15226,20361,41987,30125,0,0,13533,7110,14968,2979,5262,546,294,0,0,610,42471,3447,8597,0,0,0,0,0
677,3492,678.4336605351473,99817,255,112,142,37,35794,18366,0.5425929450895138,146,65,24488,24449,9764,5010,15203,20325,42020,30175,0,0,13476,7083,14981,2985,5275,549,306,0,0,630,42496,3432,8604,0,0,0,0,0
678,3492,679.4544263075469,99817,258,111,142,37,35832,18388,0.5431940451025377,143,63,24541,24506,9724,5009,15190,20272,42053,30225,0,0,13431,7051,15003,2981,5294,554,314,0,0,656,42507,3423,8603,0,0,0,0,0
679,3492,680.4731944554004,99816,252,115,143,37,35862,18402,0.5436402981485934,152,74,24573,24570,9706,4992,15172,20210,42085,30274,0,0,13380,7032,15009,2981,5312,558,315,0,0,676,42536,3413,8604,0,0,0,0,0
680,3492,681.4903089607309,99816,257,105,143,37,35899,18417,0.5441612567123507,153,81,24616,24611,9676,4988,15153,20176,42117,30323,0,0,13329,7001,15030,2985,5327,559,324,0,0,703,42551,3401,8606,0,0,0,0,0
681,3492,682.5058174123301,99816,271,123,143,37,35949,18445,0.5449426945579867,152,82,24636,24656,9666,4973,15130,20127,42149,30372,0,0,13277,6974,15048,2984,5344,560,334,0,0,720,42576,3389,8610,0,0,0,0,0
682,3492,683.0127428494619,99816,272,125,143,37,35968,18458,0.5452632844433758,152,81,24637,24657,9653,4966,15141,20132,42181,30420,0,0,13237,6951,15063,2980,5356,562,338,0,0,733,42599,3372,8625,0,0,0,0,0
683,3492,684.0269393658066,99816,253,113,143,37,35996,18471,0.5456740402340307,158,88,24676,24700,9640,4964,15128,20096,42212,30468,0,0,13179,6927,15072,2983,5378,564,353,0,0,757,42618,3353,8632,0,0,0,0,0
684,3492,685.0397249183957,99816,246,126,143,37,36030,18494,0.5462450909673799,158,86,24720,24762,9625,4947,15106,20040,42243,30516,0,0,13130,6898,15088,2986,5394,566,362,0,0,774,42641,3338,8639,0,0,0,0,0
685,3492,686.0507774992251,99816,242,137,143,37,36068,18521,0.5468962891720767,160,76,24761,24801,9603,4936,15089,20011,42274,30563,0,0,13094,6871,15103,2986,5410,569,368,0,0,804,42641,3317,8653,0,0,0,0,0
686,3492,687.0601787840599,99816,251,142,143,37,36107,18543,0.5475074136410997,159,67,24797,24853,9576,4928,15072,19971,42304,30610,0,0,13044,6843,15122,2992,5416,574,377,0,0,820,42665,3304,8659,0,0,0,0,0
687,3492,688.0679587240833,99815,259,140,144,37,36155,18556,0.5481240294544908,145,77,24832,24911,9566,4921,15052,19912,42334,30657,0,0,12996,6815,15141,2990,5433,576,388,0,0,843,42679,3293,8661,0,0,0,0,0
688,3492,689.0741772950149,99815,250,125,144,37,36191,18567,0.5485949005660472,159,90,24850,24957,9564,4930,15031,19859,42364,30704,0,0,12942,6791,15153,2995,5445,579,401,0,0,880,42683,3278,8668,0,0,0,0,0
689,3492,690.0794004240278,99815,255,130,144,37,36236,18589,0.5492661423633722,152,92,24874,24997,9560,4926,15013,19816,42394,30750,0,0,12894,6766,15153,2992,5476,581,410,0,0,893,42708,3267,8675,0,0,0,0,0
690,3492,691.0839490469851,99815,257,133,144,37,36279,18607,0.5498772729549667,146,89,24900,25051,9553,4916,14998,19772,42423,30796,0,0,12843,6745,15161,2987,5503,582,419,0,0,913,42730,3257,8675,0,0,0,0,0
691,3492,692.0873418610036,99815,258,139,144,37,36317,18635,0.5505384962180033,151,77,24935,25113,9530,4907,14980,19725,42452,30842,0,0,12797,6726,15170,2979,5524,588,427,0,0,939,42742,3247,8676,0,0,0,0,0
692,3492,693.0895410966356,99815,255,135,144,37,36351,18650,0.5510294043981365,157,87,24967,25154,9514,4903,14961,19682,42481,30887,0,0,12741,6714,15175,2976,5539,591,436,0,0,968,42760,3235,8680,0,0,0,0,0
693,3492,694.0904020362361,99815,271,135,144,37,36401,18672,0.5517507388669037,149,86,25003,25205,9475,4900,14956,19635,42510,30932,0,0,12703,6687,15187,2977,5559,594,438,0,0,995,42769,3224,8682,0,0,0,0,0
694,3492,695.0896715831794,99815,261,146,144,37,36431,18704,0.5523718879927867,162,73,25034,25254,9465,4900,14932,19588,42538,30977,0,0,12652,6663,15199,2981,5573,598,446,0,0,1019,42788,3211,8685,0,0,0,0,0
695,3492,696.0875595954627,99815,263,141,144,37,36475,18721,0.5529830185843811,168,70,25044,25303,9460,4904,14919,19543,42566,31021,0,0,12598,6644,15205,2980,5596,601,461,0,0,1039,42807,3197,8687,0,0,0,0,0
696,3492,697.0849781211738,99815,277,137,144,37,36523,18737,0.5536242047788409,154,78,25061,25332,9445,4902,14917,19512,42594,31065,0,0,12554,6619,15215,2973,5620,603,470,0,0,1061,42820,3190,8690,0,0,0,0,0
697,3492,698.0817493237822,99815,279,134,144,37,36559,18753,0.5541451685618394,162,84,25081,25375,9431,4897,14901,19471,42622,31109,0,0,12503,6602,15221,2972,5638,605,474,0,0,1086,42840,3182,8692,0,0,0,0,0
698,3492,699.077496395033,99815,298,139,144,37,36610,18778,0.5549065771677604,162,82,25099,25403,9415,4903,14880,19434,42649,31153,0,0,12449,6584,15233,2971,5646,609,486,0,0,1110,42857,3172,8698,0,0,0,0,0
699,3492,700.0724101751398,99815,300,120,144,37,36645,18788,0.5553574112107399,174,92,25116,25440,9396,4909,14868,19400,42676,31196,0,0,12404,6566,15237,2967,5673,611,492,0,0,1136,42870,3160,8699,0,0,0,0,0
700,3492,701.0665438803994,99815,283,133,144,37,36674,18812,0.5558883935280269,186,87,25156,25490,9371,4901,14858,19350,42703,31239,0,0,12364,6540,15243,2969,5697,613,500,0,0,1152,42885,3145,8707,0,0,0,0,0
701,3492,702.0594902214701,99815,292,129,144,37,36718,18837,0.5565796723939288,191,80,25194,25529,9347,4913,14830,19310,42730,31282,0,0,12319,6518,15249,2972,5716,617,509,0,0,1178,42895,3131,8711,0,0,0,0,0
702,3492,703.0506482649886,99815,296,134,144,37,36768,18854,0.5572509141912538,184,86,25214,25586,9346,4910,14814,19245,42756,31325,0,0,12271,6493,15261,2975,5730,621,522,0,0,1198,42910,3119,8715,0,0,0,0,0
703,3492,704.0409172307396,99815,294,138,144,37,36816,18871,0.557902118920002,179,101,25261,25620,9339,4900,14781,19202,42782,31367,0,0,12229,6468,15269,2975,5754,624,529,0,0,1223,42919,3111,8714,0,0,0,0,0
704,3492,705.0294214383532,99815,308,142,144,37,36864,18890,0.5585733607173271,171,105,25277,25685,9331,4874,14767,19155,42808,31409,0,0,12187,6443,15282,2978,5771,627,537,0,0,1238,42937,3100,8715,0,0,0,0,0
705,3492,706.0169648312568,99815,302,149,144,37,36903,18918,0.5592446025146521,167,106,25309,25731,9325,4870,14751,19105,42834,31451,0,0,12146,6416,15294,2980,5784,635,542,0,0,1265,42946,3091,8716,0,0,0,0,0
706,3492,707.0033615605082,99815,285,157,144,37,36938,18939,0.5598056404348044,184,107,25320,25769,9327,4858,14738,19070,42860,31492,0,0,12103,6396,15303,2983,5803,637,547,0,0,1290,42957,3073,8723,0,0,0,0,0
707,3492,708.4817478226562,99815,268,171,144,37,37002,18984,0.5608976606722437,185,95,25377,25852,9333,4864,14691,18979,42885,31533,0,0,12054,6378,15298,2986,5841,641,559,0,0,1336,42948,3054,8720,0,0,0,0,0
708,3492,709.465684607418,99815,260,179,144,37,37044,19016,0.5616390322095878,186,85,25400,25903,9328,4858,14680,18936,42910,31574,0,0,12011,6358,15304,2981,5870,643,571,0,0,1366,42949,3041,8721,0,0,0,0,0
709,3492,710.4488542655093,99815,273,174,144,37,37094,19036,0.5623403296097781,189,88,25430,25963,9316,4856,14646,18880,42935,31615,0,0,11972,6333,15319,2977,5891,644,582,0,0,1397,42946,3031,8723,0,0,0,0,0
710,3492,711.4306265409243,99815,275,176,144,37,37129,19056,0.562891348995642,188,90,25466,26006,9298,4851,14627,18838,42960,31655,0,0,11940,6309,15332,2971,5917,644,582,0,0,1426,42948,3027,8719,0,0,0,0,0
711,3492,712.4110027992124,99815,282,175,144,37,37175,19084,0.5636327205329861,179,83,25499,26059,9293,4862,14601,18782,42984,31695,0,0,11906,6284,15346,2964,5941,647,591,0,0,1457,42941,3016,8722,0,0,0,0,0
712,3492,713.3901329864368,99815,307,181,144,37,37233,19110,0.5644742774132144,160,74,25518,26109,9283,4856,14586,18741,43008,31735,0,0,11868,6267,15349,2967,5958,651,592,0,0,1481,42952,3005,8725,0,0,0,0,0
713,3492,714.368437255713,99815,303,180,144,37,37273,19130,0.5650753894705205,162,81,25564,26165,9270,4847,14555,18688,43032,31775,0,0,11832,6241,15361,2971,5974,654,601,0,0,1508,42951,2989,8733,0,0,0,0,0
714,3492,715.3451847828852,99815,312,165,144,37,37321,19146,0.5657165756649802,159,98,25591,26186,9259,4864,14533,18648,43056,31814,0,0,11779,6228,15364,2967,5991,659,611,0,0,1545,42957,2986,8728,0,0,0,0,0
715,3492,716.3206680104198,99815,322,166,144,37,37364,19172,0.5664078545308822,158,93,25620,26245,9243,4867,14511,18590,43080,31853,0,0,11740,6208,15373,2968,6006,663,617,0,0,1572,42962,2975,8731,0,0,0,0,0
716,3492,717.2949087007016,99815,308,169,144,37,37390,19195,0.5668987627110154,168,93,25640,26284,9240,4867,14498,18548,43103,31892,0,0,11695,6189,15376,2965,6028,667,628,0,0,1592,42975,2969,8731,0,0,0,0,0
717,3492,718.2682619122827,99815,322,162,144,37,37439,19209,0.5675299303711867,166,100,25669,26325,9229,4866,14468,18508,43126,31931,0,0,11651,6165,15388,2967,6047,667,639,0,0,1612,42987,2960,8732,0,0,0,0,0
718,3492,719.240628974325,99815,298,162,144,37,37469,19230,0.5680408756198968,181,101,25695,26367,9230,4868,14450,18463,43149,31969,0,0,11614,6142,15391,2968,6068,675,645,0,0,1641,42987,2952,8732,0,0,0,0,0
719,3492,720.211987464314,99815,297,158,144,37,37508,19250,0.5686319691429144,175,105,25724,26410,9234,4871,14424,18417,43172,32007,0,0,11566,6127,15396,2968,6085,677,653,0,0,1676,42992,2946,8729,0,0,0,0,0
720,3492,721.1825188967415,99815,302,157,144,37,37553,19270,0.5692831738716626,176,103,25740,26453,9233,4873,14403,18375,43195,32045,0,0,11529,6104,15399,2968,6107,681,658,0,0,1702,42998,2940,8729,0,0,0,0,0
721,3492,722.1520374935631,99815,300,161,144,37,37589,19294,0.5698842859289686,179,96,25777,26500,9222,4870,14376,18334,43218,32083,0,0,11488,6087,15403,2965,6127,683,665,0,0,1731,43003,2932,8731,0,0,0,0,0
722,3492,723.1205760314871,99815,302,157,144,37,37627,19316,0.5704853979862746,184,95,25797,26548,9218,4876,14353,18285,43240,32120,0,0,11450,6069,15406,2967,6144,685,666,0,0,1769,43002,2926,8731,0,0,0,0,0
723,3492,724.0880154067919,99815,312,158,144,37,37670,19339,0.5711466212493113,186,98,25814,26575,9203,4882,14339,18248,43262,32157,0,0,11420,6049,15412,2966,6162,689,669,0,0,1796,43002,2915,8735,0,0,0,0,0
724,3492,725.0545689975904,99815,319,150,144,37,37716,19360,0.5718178630466363,172,106,25840,26613,9190,4896,14333,18196,43284,32194,0,0,11379,6028,15418,2966,6182,694,681,0,0,1823,43004,2907,8733,0,0,0,0,0
725,3492,726.0203684109916,99815,318,149,144,37,37761,19381,0.5724790863096729,163,109,25867,26657,9190,4898,14316,18148,43306,32231,0,0,11345,6013,15413,2964,6212,699,686,0,0,1846,43008,2894,8735,0,0,0,0,0
726,3492,727.4671744396654,99815,314,152,144,37,37820,19419,0.5734508841356509,165,114,25911,26730,9189,4897,14275,18068,43328,32267,0,0,11310,5984,15422,2968,6241,703,698,0,0,1884,42990,2881,8734,0,0,0,0,0
727,3492,728.4302031002591,99815,297,160,144,37,37846,19449,0.5740119220558032,184,98,25922,26785,9190,4897,14261,18021,43349,32303,0,0,11274,5962,15427,2966,6274,704,705,0,0,1905,42995,2876,8727,0,0,0,0,0
728,3492,729.3929683031198,99815,288,153,144,37,37886,19466,0.574582978510244,186,100,25961,26822,9192,4909,14227,17977,43370,32339,0,0,11235,5944,15432,2960,6303,706,712,0,0,1936,42995,2868,8724,0,0,0,0,0
729,3492,730.3545579606031,99814,287,153,144,38,37928,19489,0.5752399463001182,185,97,25972,26863,9196,4912,14214,17935,43391,32375,0,0,11201,5916,15438,2969,6324,707,716,0,0,1961,42998,2856,8728,0,0,0,0,0
730,3492,731.3156192859994,99814,287,158,144,38,37972,19516,0.5759512693610115,191,89,25982,26912,9198,4918,14196,17883,43412,32411,0,0,11165,5901,15434,2968,6350,712,720,0,0,1986,43005,2846,8727,0,0,0,0,0
731,3492,732.2761648380534,99814,283,150,144,38,38005,19531,0.576432163824714,202,90,26004,26975,9191,4914,14174,17831,43433,32446,0,0,11130,5878,15442,2967,6373,713,728,0,0,2010,43006,2839,8728,0,0,0,0,0
732,3492,733.2361310041941,99814,288,146,144,38,38042,19546,0.5769531328270583,205,99,26034,27011,9183,4924,14144,17780,43454,32481,0,0,11092,5866,15446,2962,6389,717,733,0,0,2032,43014,2832,8731,0,0,0,0,0
733,3492,734.1946917342973,99814,299,140,144,38,38091,19562,0.5776043440799887,201,98,26064,27048,9170,4929,14120,17745,43474,32516,0,0,11060,5849,15446,2964,6413,720,737,0,0,2056,43018,2820,8731,0,0,0,0,0
734,3492,735.1523283824163,99814,318,139,144,38,38147,19585,0.5783958162181658,189,103,26076,27088,9162,4933,14109,17697,43494,32551,0,0,11022,5833,15450,2961,6433,721,744,0,0,2087,43017,2812,8734,0,0,0,0,0
735,3492,736.1093904235514,99814,318,142,144,38,38191,19609,0.5790770833750777,197,98,26106,27150,9149,4928,14084,17642,43514,32585,0,0,10987,5813,15458,2966,6449,725,750,0,0,2117,43015,2803,8731,0,0,0,0,0
736,3492,737.0651816556132,99814,326,139,144,38,38237,19631,0.5797583505319895,177,102,26140,27202,9139,4927,14072,17590,43534,32619,0,0,10947,5792,15462,2966,6471,726,761,0,0,2141,43018,2798,8732,0,0,0,0,0
737,3492,738.0198286923966,99814,344,142,144,38,38286,19657,0.5805097481315247,171,98,26167,27250,9127,4936,14045,17534,43554,32653,0,0,10914,5769,15472,2966,6491,729,769,0,0,2157,43024,2792,8731,0,0,0,0,0
738,3492,739.449958546541,99814,339,148,144,38,38343,19693,0.5814414811549482,189,100,26218,27326,9115,4928,13993,17458,43574,32687,0,0,10876,5743,15483,2961,6519,734,785,0,0,2190,43010,2784,8729,0,0,0,0,0
739,3492,740.4014988645196,99814,339,161,144,38,38384,19719,0.5821127296771996,200,100,26241,27364,9105,4921,13969,17414,43593,32721,0,0,10842,5735,15479,2956,6540,739,787,0,0,2214,43016,2776,8730,0,0,0,0,0
740,3492,741.3519903484081,99814,316,163,144,38,38423,19741,0.5827238663914882,210,112,26259,27395,9111,4924,13958,17366,43612,32754,0,0,10806,5711,15487,2960,6567,740,797,0,0,2249,43006,2768,8723,0,0,0,0,0
741,3492,742.30199139171,99814,326,165,144,38,38473,19769,0.5835053198950048,212,107,26299,27438,9096,4929,13921,17321,43631,32787,0,0,10780,5688,15496,2965,6581,745,800,0,0,2281,42997,2755,8726,0,0,0,0,0
742,3492,743.2506252904043,99813,333,174,145,38,38522,19795,0.5842625710077846,203,115,26337,27478,9086,4925,13894,17268,43650,32820,0,0,10753,5670,15501,2961,6604,747,805,0,0,2305,42993,2743,8731,0,0,0,0,0
743,3492,744.1977503604755,99813,315,170,145,38,38560,19819,0.5848837325799244,195,113,26378,27523,9090,4929,13875,17225,43669,32853,0,0,10713,5652,15497,2962,6630,749,816,0,0,2344,42982,2737,8731,0,0,0,0,0
744,3492,745.1434782371675,99813,319,178,145,38,38606,19845,0.5856050815024095,192,107,26408,27569,9087,4925,13847,17181,43688,32886,0,0,10680,5635,15501,2961,6650,751,825,0,0,2369,42978,2727,8736,0,0,0,0,0
745,3492,746.0881685829329,99813,301,171,145,38,38641,19863,0.5861360744592388,197,115,26434,27606,9094,4929,13827,17139,43707,32918,0,0,10651,5613,15505,2964,6675,756,833,0,0,2399,42968,2715,8734,0,0,0,0,0
746,3492,747.0321155779814,99813,314,181,145,38,38691,19892,0.5869275545269654,194,110,26476,27622,9075,4926,13794,17121,43725,32950,0,0,10618,5595,15512,2965,6690,760,840,0,0,2422,42970,2707,8734,0,0,0,0,0
747,3492,748.4450615195161,99813,315,171,145,38,38761,19926,0.587969502970555,181,104,26523,27690,9079,4941,13755,17054,43743,32982,0,0,10579,5581,15504,2967,6724,767,850,0,0,2469,42948,2696,8728,0,0,0,0,0
748,3492,749.3857158588631,99813,328,175,145,38,38814,19953,0.5887710017733161,173,93,26546,27734,9083,4946,13723,17012,43761,33014,0,0,10547,5563,15508,2967,6740,770,856,0,0,2501,42942,2689,8730,0,0,0,0,0
749,3492,750.325609250133,99813,323,164,145,38,38853,19974,0.589372125875387,168,102,26573,27789,9090,4952,13699,16953,43779,33046,0,0,10504,5550,15509,2968,6761,774,869,0,0,2532,42938,2682,8726,0,0,0,0,0
750,3492,751.2647071921974,99812,313,158,146,38,38889,19992,0.5899190478098826,170,107,26610,27848,9086,4945,13673,16902,43797,33077,0,0,10475,5534,15517,2967,6767,784,876,0,0,2565,42924,2671,8732,0,0,0,0,0
751,3492,752.2027207419679,99812,306,177,146,38,38931,20025,0.5906704604656755,159,94,26650,27891,9088,4943,13649,16855,43815,33108,0,0,10442,5516,15521,2967,6789,788,882,0,0,2587,42928,2665,8727,0,0,0,0,0
752,3492,753.1393862549822,99812,307,173,146,38,38970,20047,0.5912816094257204,161,92,26691,27920,9071,4948,13622,16827,43833,33139,0,0,10414,5502,15522,2966,6816,789,888,0,0,2615,42921,2652,8727,0,0,0,0,0
753,3492,754.0746013798911,99812,320,176,146,38,39015,20073,0.5919929467398709,145,86,26734,27959,9056,4951,13597,16788,43850,33170,0,0,10384,5490,15524,2962,6840,791,894,0,0,2636,42921,2643,8727,0,0,0,0,0
754,3492,755.0084677286211,99812,309,186,146,38,39045,20094,0.5925039073458102,155,85,26754,27994,9059,4945,13575,16750,43867,33201,0,0,10356,5477,15524,2957,6858,795,897,0,0,2661,42921,2635,8731,0,0,0,0,0
755,3492,756.4070626477757,99812,297,182,146,38,39095,20126,0.593325451849477,163,90,26815,28068,9055,4950,13522,16670,43884,33231,0,0,10315,5459,15523,2951,6890,798,915,0,0,2702,42902,2630,8727,0,0,0,0,0
756,3492,757.3379177230211,99812,284,176,146,38,39118,20144,0.5937362241013104,182,89,26839,28100,9045,4953,13502,16642,43901,33261,0,0,10290,5438,15531,2954,6897,807,918,0,0,2730,42895,2624,8728,0,0,0,0,0
757,3492,758.2679130576082,99812,282,174,146,38,39155,20160,0.5942672223780707,189,97,26881,28137,9038,4954,13462,16598,43918,33291,0,0,10263,5419,15529,2955,6922,808,920,0,0,2752,42897,2616,8731,0,0,0,0,0
758,3492,759.1965579621244,99812,280,177,146,38,39195,20181,0.5948783713381156,199,95,26900,28175,9039,4956,13434,16557,43935,33321,0,0,10228,5409,15530,2954,6933,813,924,0,0,2783,42895,2608,8735,0,0,0,0,0
759,3492,760.1244197724178,99812,284,180,146,38,39235,20203,0.5954995391335711,205,91,26925,28193,9032,4969,13406,16527,43952,33351,0,0,10201,5391,15534,2947,6954,816,928,0,0,2809,42892,2604,8736,0,0,0,0,0
760,3492,761.0512883670687,99812,278,178,146,38,39278,20225,0.5961507634352583,200,92,26940,28222,9045,4974,13389,16494,43968,33380,0,0,10172,5374,15536,2947,6976,820,936,0,0,2840,42881,2595,8735,0,0,0,0,0
761,3492,762.4401034226948,99812,287,178,146,38,39339,20255,0.5970624774576203,194,92,27002,28292,9033,4973,13336,16425,43984,33409,0,0,10138,5355,15535,2958,6992,828,945,0,0,2869,42876,2584,8732,0,0,0,0,0
762,3492,763.3641277511939,99812,272,170,146,38,39370,20276,0.5975834568989701,207,87,27021,28339,9036,4972,13316,16392,44000,33438,0,0,10112,5336,15539,2961,7016,831,947,0,0,2904,42862,2577,8727,0,0,0,0,0
763,3492,764.2877259011541,99812,262,167,146,38,39403,20292,0.5980743798340881,211,90,27047,28390,9036,4971,13296,16342,44016,33467,0,0,10081,5321,15541,2966,7033,836,952,0,0,2926,42862,2569,8725,0,0,0,0,0
764,3492,765.210519541706,99812,282,169,146,38,39454,20311,0.5987756983128281,193,88,27060,28440,9036,4968,13281,16295,44032,33496,0,0,10051,5306,15545,2962,7052,838,956,0,0,2950,42863,2569,8720,0,0,0,0,0
765,3492,766.1329553833042,99812,290,170,146,38,39495,20337,0.5994469602853364,199,78,27072,28482,9033,4976,13258,16254,44048,33525,0,0,10026,5287,15549,2962,7072,842,961,0,0,2972,42859,2563,8719,0,0,0,0,0
766,3492,767.0546743119673,99812,299,165,146,38,39538,20357,0.6000781469162024,193,81,27099,28517,9021,4980,13240,16217,44064,33553,0,0,9996,5276,15553,2957,7086,846,967,0,0,3006,42848,2558,8719,0,0,0,0,0
767,3492,768.4354603768442,99811,304,159,147,38,39598,20383,0.6009457875384476,189,86,27173,28576,8997,4990,13188,16149,44080,33581,0,0,9971,5258,15553,2959,7112,851,972,0,0,3046,42827,2550,8712,0,0,0,0,0
768,3492,769.3540674242003,99811,311,161,147,38,39644,20409,0.6016671509152298,182,83,27176,28624,9018,4992,13164,16100,44096,33609,0,0,9944,5245,15551,2955,7134,855,980,0,0,3071,42820,2540,8716,0,0,0,0,0
769,3492,770.2721959894345,99811,319,164,147,38,39687,20434,0.6023484385488573,171,83,27203,28655,9021,4994,13137,16064,44111,33637,0,0,9916,5226,15556,2958,7148,859,984,0,0,3097,42817,2536,8714,0,0,0,0,0
770,3492,771.1896211707483,99811,302,157,147,38,39726,20450,0.6028994800172326,174,88,27230,28707,9035,5002,13110,16006,44126,33665,0,0,9880,5205,15556,2962,7167,864,996,0,0,3128,42809,2532,8712,0,0,0,0,0
771,3492,772.1060192399482,99811,296,154,147,38,39762,20469,0.6034505214856078,189,88,27266,28754,9025,5000,13075,15964,44141,33693,0,0,9856,5193,15551,2959,7198,866,999,0,0,3155,42802,2524,8708,0,0,0,0,0
772,3492,773.0216184418111,99810,302,161,147,39,39802,20490,0.6040677286845005,179,85,27304,28781,9019,5000,13047,15932,44156,33720,0,0,9828,5178,15559,2959,7213,868,1005,0,0,3173,42802,2518,8707,0,0,0,0,0
773,3492,774.3923057294976,99810,307,148,147,39,39860,20515,0.6048993086865043,193,95,27352,28842,9008,5014,12991,15860,44171,33747,0,0,9804,5163,15560,2965,7230,872,1009,0,0,3226,42768,2505,8708,0,0,0,0,0
774,3492,775.3047875569237,99810,316,151,147,39,39905,20537,0.6055705841098087,190,92,27380,28888,9001,5013,12964,15815,44186,33774,0,0,9776,5152,15559,2963,7247,873,1013,0,0,3259,42757,2501,8710,0,0,0,0,0
775,3492,776.2161395446767,99810,323,152,147,39,39952,20563,0.6063019737501253,201,87,27393,28922,8995,5015,12939,15783,44201,33801,0,0,9749,5137,15561,2969,7267,875,1016,0,0,3286,42750,2491,8709,0,0,0,0,0
776,3492,777.1269379145184,99810,341,156,147,39,40003,20590,0.6070834585712854,187,86,27419,28955,8989,5019,12915,15743,44216,33828,0,0,9721,5128,15558,2969,7289,878,1022,0,0,3309,42749,2481,8706,0,0,0,0,0
777,3492,778.0367707113911,99810,335,158,147,39,40042,20609,0.6076645626690712,182,83,27434,29011,9006,5012,12894,15695,44230,33855,0,0,9694,5113,15559,2974,7307,881,1028,0,0,3335,42743,2471,8705,0,0,0,0,0
778,3492,779.4005000017113,99810,333,168,147,39,40100,20646,0.6086163711050997,194,73,27481,29061,9014,5013,12829,15644,44244,33881,0,0,9660,5100,15549,2970,7341,881,1043,0,0,3375,42722,2465,8704,0,0,0,0,0
779,3492,780.3083883529943,99810,329,160,147,39,40143,20664,0.6092275323113916,188,82,27503,29107,9025,5021,12806,15589,44258,33907,0,0,9633,5089,15550,2970,7359,885,1052,0,0,3410,42705,2453,8704,0,0,0,0,0
780,3492,781.2154059368593,99810,344,156,147,39,40195,20681,0.6099188458070334,191,86,27532,29142,9003,5026,12781,15549,44272,33933,0,0,9606,5074,15555,2972,7375,886,1056,0,0,3441,42696,2447,8702,0,0,0,0,0
781,3492,782.1214974618358,99810,327,159,147,39,40227,20706,0.6104899308686504,206,83,27547,29170,9012,5032,12759,15515,44286,33959,0,0,9580,5064,15550,2971,7401,890,1060,0,0,3471,42686,2438,8699,0,0,0,0,0
782,3492,783.026897482974,99810,339,155,147,39,40274,20731,0.6112113014727983,193,78,27565,29195,9016,5041,12738,15490,44300,33985,0,0,9551,5049,15549,2974,7416,896,1066,0,0,3495,42683,2431,8700,0,0,0,0,0
783,3492,784.3840104915653,99810,338,142,147,39,40340,20752,0.612082957619477,199,86,27599,29245,9022,5051,12693,15435,44314,34011,0,0,9522,5033,15538,2977,7446,903,1075,0,0,3537,42660,2422,8697,0,0,0,0,0
784,3492,785.2878024360901,99810,339,131,147,39,40386,20772,0.6127442140066126,192,90,27642,29289,9015,5058,12663,15391,44328,34036,0,0,9495,5019,15536,2976,7466,910,1080,0,0,3572,42646,2418,8692,0,0,0,0,0
785,3492,786.1904519792392,99810,320,132,147,39,40418,20790,0.6132451658150486,204,97,27656,29313,9023,5062,12648,15355,44342,34061,0,0,9473,5003,15535,2969,7489,917,1085,0,0,3601,42634,2416,8688,0,0,0,0,0
786,3492,787.0923983192871,99809,337,144,147,40,40464,20818,0.6139927261068641,194,86,27687,29353,9009,5050,12624,15325,44356,34086,0,0,9449,4993,15534,2969,7499,923,1089,0,0,3618,42636,2406,8693,0,0,0,0,0
787,3492,788.443653739124,99808,330,138,148,40,40529,20838,0.6148505129849311,193,91,27729,29415,9037,5055,12561,15259,44369,34111,0,0,9412,4979,15528,2973,7525,930,1103,0,0,3650,42625,2396,8687,0,0,0,0,0
788,3492,789.3434119268551,99808,325,142,148,40,40575,20864,0.615571898044245,189,94,27759,29442,9045,5057,12532,15223,44382,34136,0,0,9391,4965,15528,2974,7539,940,1103,0,0,3681,42611,2389,8687,0,0,0,0,0
789,3492,790.2422745397874,99807,313,147,149,40,40603,20889,0.6161090905447514,200,84,27783,29489,9047,5059,12506,15179,44395,34161,0,0,9368,4953,15524,2974,7556,944,1111,0,0,3708,42598,2379,8692,0,0,0,0,0
790,3492,791.1402483373853,99807,306,141,149,40,40641,20905,0.616650134760087,202,85,27794,29534,9053,5062,12494,15136,44408,34186,0,0,9343,4946,15519,2975,7581,947,1112,0,0,3736,42590,2369,8689,0,0,0,0,0
791,3492,792.0379537714922,99807,310,144,149,40,40683,20924,0.6172613143366698,198,91,27824,29562,9057,5060,12460,15101,44421,34210,0,0,9320,4932,15520,2972,7600,949,1121,0,0,3758,42580,2362,8693,0,0,0,0,0
792,3492,793.3828395038627,99807,325,152,149,40,40747,20954,0.6182031320448466,206,90,27854,29618,9041,5056,12423,15042,44434,34234,0,0,9292,4922,15517,2977,7613,955,1130,0,0,3791,42564,2353,8693,0,0,0,0,0
793,3492,794.278339320327,99807,338,165,149,40,40795,20981,0.6189545823439238,197,84,27876,29658,9035,5054,12403,14997,44447,34258,0,0,9267,4907,15521,2976,7629,958,1136,0,0,3811,42563,2349,8690,0,0,0,0,0
794,3492,795.1731109239756,99806,337,166,150,40,40833,20997,0.6195018335571008,203,91,27900,29689,9034,5058,12374,14954,44460,34282,0,0,9242,4898,15523,2973,7642,963,1143,0,0,3839,42552,2344,8687,0,0,0,0,0
795,3492,796.0669818188529,99806,327,158,150,40,40875,21015,0.6201029998196501,205,89,27904,29723,9059,5070,12353,14918,44473,34306,0,0,9217,4881,15526,2976,7669,969,1149,0,0,3863,42542,2339,8675,0,0,0,0,0
796,3492,797.4074123463939,99805,334,153,151,40,40949,21040,0.6211011472371124,198,97,27965,29782,9048,5067,12302,14859,44486,34330,0,0,9186,4866,15518,2979,7694,975,1158,0,0,3908,42517,2334,8670,0,0,0,0,0
797,3492,798.2995137364022,99805,331,153,151,40,40992,21062,0.6217524172135664,196,96,27970,29812,9064,5070,12286,14827,44499,34354,0,0,9158,4853,15512,2984,7718,978,1160,0,0,3933,42516,2327,8666,0,0,0,0,0
798,3492,799.1910377412174,99804,334,153,151,41,41038,21080,0.6223999038114705,200,99,27982,29836,9070,5071,12261,14798,44511,34377,0,0,9131,4837,15518,2986,7737,979,1169,0,0,3957,42508,2322,8660,0,0,0,0,0
799,3492,800.0822818955369,99804,336,150,151,41,41082,21104,0.6230812392288886,185,103,28024,29869,9070,5079,12232,14756,44523,34400,0,0,9101,4828,15515,2988,7754,983,1177,0,0,3985,42498,2314,8661,0,0,0,0,0
800,3492,801.4174018662604,99804,348,161,151,41,41137,21142,0.6240130656085928,201,89,28047,29928,9067,5081,12184,14698,44535,34423,0,0,9077,4813,15516,2991,7771,987,1181,0,0,4016,42482,2309,8661,0,0,0,0,0
801,3492,802.3065400914063,99804,352,164,151,41,41182,21167,0.6247144403029938,195,85,28062,29978,9070,5086,12168,14644,44547,34446,0,0,9052,4800,15508,2993,7791,990,1191,0,0,4039,42473,2299,8668,0,0,0,0,0
802,3492,803.1950837033758,99804,342,161,151,41,41223,21181,0.6252655204200233,191,95,28088,30013,9076,5081,12150,14607,44559,34469,0,0,9031,4791,15503,2988,7815,997,1197,0,0,4064,42458,2294,8666,0,0,0,0,0
803,3492,804.0828457372335,99804,346,159,151,41,41273,21199,0.6259468558374414,182,97,28111,30046,9078,5083,12130,14572,44571,34492,0,0,9005,4779,15498,2989,7835,999,1205,0,0,4095,42444,2287,8668,0,0,0,0,0
804,3492,805.4131823915337,99804,353,162,151,41,41340,21229,0.6269187607711114,177,104,28158,30101,9078,5082,12081,14508,44583,34515,0,0,8972,4766,15494,2991,7861,1002,1221,0,0,4128,42427,2279,8663,0,0,0,0,0
805,3492,806.2987971225398,99804,339,171,151,41,41374,21255,0.627519939080598,174,100,28180,30136,9094,5080,12060,14470,44595,34537,0,0,8951,4755,15492,2983,7889,1006,1228,0,0,4149,42416,2274,8661,0,0,0,0,0
806,3492,807.183912693821,99804,325,173,151,41,41409,21271,0.6280309406436616,178,100,28216,30166,9098,5079,12030,14439,44607,34559,0,0,8935,4737,15493,2985,7908,1013,1231,0,0,4173,42404,2269,8656,0,0,0,0,0
807,3492,808.0682583397559,99804,313,162,151,41,41438,21286,0.628471804737285,190,103,28237,30206,9102,5082,12005,14404,44619,34581,0,0,8911,4725,15487,2991,7928,1017,1232,0,0,4202,42394,2265,8652,0,0,0,0,0
808,3492,809.3931031862628,99804,314,164,151,41,41498,21325,0.629463748947938,169,90,28288,30267,9108,5092,11968,14344,44631,34603,0,0,8882,4712,15484,2990,7949,1028,1240,0,0,4238,42375,2260,8646,0,0,0,0,0
809,3492,810.2752048054572,99804,317,153,151,41,41540,21338,0.6300148290649673,170,93,28301,30304,9113,5099,11946,14308,44642,34625,0,0,8854,4702,15480,2990,7960,1036,1246,0,0,4266,42369,2257,8644,0,0,0,0,0
810,3492,811.1568232597939,99803,315,151,152,41,41580,21354,0.6305822470266425,166,103,28310,30331,9124,5098,11931,14274,44653,34647,0,0,8836,4690,15482,2990,7978,1039,1245,0,0,4298,42353,2254,8638,0,0,0,0,0
811,3492,812.0382377908395,99803,307,157,152,41,41608,21378,0.6311032734486939,182,98,28346,30382,9110,5096,11901,14224,44664,34669,0,0,8815,4677,15484,2993,7995,1042,1247,0,0,4319,42348,2248,8635,0,0,0,0,0
812,3492,813.3586120990736,99803,298,152,152,41,41668,21412,0.6320451289039407,177,94,28387,30430,9119,5119,11865,14162,44675,34691,0,0,8784,4668,15476,2996,8023,1050,1260,0,0,4358,42319,2238,8631,0,0,0,0,0
813,3492,814.2377462093652,99803,306,156,152,41,41703,21434,0.6326162540204202,173,99,28400,30455,9114,5114,11853,14133,44686,34712,0,0,8759,4657,15477,2998,8036,1051,1266,0,0,4380,42315,2236,8628,0,0,0,0,0
814,3492,815.1163238617959,99802,315,164,153,41,41752,21460,0.6333740806797459,153,94,28419,30483,9126,5110,11832,14106,44697,34733,0,0,8736,4648,15476,2998,8056,1055,1269,0,0,4400,42309,2232,8623,0,0,0,0,0
815,3492,816.4332143641029,99802,300,157,153,41,41791,21487,0.6340353900723432,161,104,28470,30534,9129,5117,11785,14045,44708,34754,0,0,8708,4636,15471,3005,8070,1065,1278,0,0,4435,42291,2223,8620,0,0,0,0,0
816,3492,817.3098533674732,99802,281,151,153,41,41829,21495,0.634496302679305,147,120,28484,30571,9152,5115,11781,14000,44719,34775,0,0,8684,4625,15468,3009,8089,1072,1282,0,0,4459,42284,2215,8615,0,0,0,0,0
817,3492,818.1862705523355,99802,273,150,153,41,41856,21521,0.6350273541612392,146,110,28522,30601,9146,5128,11758,13968,44730,34796,0,0,8663,4611,15464,3011,8110,1075,1289,0,0,4483,42273,2209,8614,0,0,0,0,0
818,3492,819.061845873006,99802,275,155,153,41,41889,21543,0.635578445321737,140,109,28553,30631,9130,5132,11747,13930,44741,34817,0,0,8643,4603,15462,3004,8136,1077,1291,0,0,4499,42271,2207,8609,0,0,0,0,0
819,3492,820.3732949177215,99802,276,160,153,41,41935,21575,0.6363599927857158,139,97,28604,30707,9126,5126,11700,13867,44752,34838,0,0,8612,4597,15453,3009,8151,1082,1298,0,0,4531,42260,2202,8607,0,0,0,0,0
820,3492,821.2463527275188,99802,271,165,153,41,41963,21599,0.6368810244283681,137,96,28627,30735,9124,5128,11686,13833,44763,34859,0,0,8598,4584,15450,3008,8170,1086,1298,0,0,4554,42248,2198,8608,0,0,0,0,0
821,3492,822.1187257963009,99802,277,167,153,41,42005,21626,0.6375723933388109,129,89,28659,30760,9130,5136,11650,13805,44774,34879,0,0,8577,4567,15451,3010,8182,1091,1303,0,0,4584,42234,2197,8606,0,0,0,0,0
822,3492,823.4256684480223,99802,271,172,153,41,42041,21657,0.63824372257069,139,91,28695,30812,9123,5132,11617,13750,44785,34899,0,0,8557,4553,15445,3015,8201,1096,1306,0,0,4613,42221,2191,8604,0,0,0,0,0
823,3492,824.2960053723242,99802,265,166,153,41,42069,21676,0.6387146550169335,156,84,28720,30850,9115,5132,11589,13725,44795,34919,0,0,8535,4543,15443,3013,8221,1101,1313,0,0,4635,42213,2187,8598,0,0,0,0,0
824,3492,825.1654488349401,99802,276,163,153,41,42106,21698,0.6393058255345584,152,75,28741,30890,9103,5138,11573,13691,44805,34939,0,0,8515,4533,15445,3012,8242,1103,1318,0,0,4654,42206,2183,8591,0,0,0,0,0
825,3492,826.0342476081182,99802,266,160,153,41,42133,21712,0.6397166389451113,147,83,28782,30917,9101,5135,11549,13662,44815,34959,0,0,8495,4525,15440,3011,8263,1105,1318,0,0,4678,42199,2179,8589,0,0,0,0,0
826,3492,827.3355391721569,99802,263,173,153,41,42181,21749,0.6405683252840625,150,70,28837,30978,9089,5130,11506,13606,44825,34979,0,0,8477,4513,15436,3015,8284,1110,1320,0,0,4711,42177,2173,8586,0,0,0,0,0
827,3492,828.2016351216544,99802,256,166,153,41,42207,21764,0.6409791386946153,150,65,28871,31019,9082,5139,11486,13568,44835,34999,0,0,8459,4501,15430,3017,8301,1115,1324,0,0,4732,42168,2168,8587,0,0,0,0,0
828,3492,829.066712784235,99802,262,154,153,41,42243,21775,0.641450071140859,140,68,28900,31051,9073,5150,11470,13534,44845,35019,0,0,8439,4493,15428,3012,8316,1121,1327,0,0,4757,42160,2165,8584,0,0,0,0,0
829,3492,830.3629065449143,99801,255,146,154,41,42283,21792,0.6420276349936374,140,72,28962,31113,9065,5140,11422,13486,44855,35039,0,0,8416,4485,15422,3013,8330,1131,1329,0,0,4785,42150,2161,8579,0,0,0,0,0
830,3492,831.2256423564631,99801,257,145,154,41,42318,21813,0.6425887516157153,140,62,28968,31158,9079,5139,11400,13453,44865,35058,0,0,8394,4480,15416,3014,8350,1134,1327,0,0,4810,42147,2158,8571,0,0,0,0,0
831,3492,832.0879338215196,99801,250,141,154,41,42344,21826,0.6429795292632339,148,71,28993,31189,9074,5139,11379,13417,44875,35077,0,0,8378,4472,15411,3015,8371,1136,1330,0,0,4831,42138,2150,8569,0,0,0,0,0
832,3492,833.3800578905207,99801,246,132,154,41,42389,21851,0.6436809250408313,140,77,29028,31257,9081,5143,11349,13348,44885,35096,0,0,8355,4456,15406,3020,8393,1141,1339,0,0,4863,42118,2144,8566,0,0,0,0,0
833,3492,834.2406756447041,99801,249,129,154,41,42424,21868,0.6442019619041893,138,78,29037,31294,9083,5144,11337,13312,44895,35115,0,0,8334,4447,15404,3019,8409,1143,1343,0,0,4890,42107,2141,8564,0,0,0,0,0
834,3492,835.1010449589495,99801,259,133,154,41,42460,21889,0.6447730984659472,135,76,29062,31319,9077,5143,11311,13286,44905,35134,0,0,8313,4438,15404,3017,8425,1145,1346,0,0,4911,42104,2140,8558,0,0,0,0,0
835,3492,836.3902676543652,99801,242,128,154,41,42488,21913,0.6452941353293054,146,71,29106,31378,9079,5146,11271,13234,44915,35153,0,0,8287,4420,15407,3024,8439,1147,1356,0,0,4948,42082,2137,8554,0,0,0,0,0
836,3492,837.2485809727995,99801,248,133,154,41,42523,21928,0.6457951323133034,129,66,29137,31417,9080,5144,11250,13197,44925,35172,0,0,8265,4412,15408,3026,8447,1150,1362,0,0,4964,42082,2129,8556,0,0,0,0,0
837,3492,838.1062798338814,99801,231,136,154,41,42541,21945,0.6461458302021021,147,69,29164,31428,9078,5142,11224,13182,44934,35191,0,0,8246,4403,15408,3027,8466,1152,1367,0,0,4983,42075,2125,8549,0,0,0,0,0
838,3492,839.3912096746725,99801,245,131,154,41,42593,21970,0.6469173655574594,140,60,29207,31502,9072,5141,11180,13123,44943,35210,0,0,8231,4391,15404,3024,8491,1154,1370,0,0,5014,42051,2121,8550,0,0,0,0,0
839,3492,840.2467347671864,99801,248,129,154,41,42628,21979,0.6473582429033777,126,68,29222,31533,9076,5130,11172,13097,44952,35228,1,1,8215,4379,15409,3025,8498,1159,1372,0,0,5035,42040,2120,8548,0,0,0,0,1
840,3492,841.1017530390609,99801,253,136,154,41,42662,21996,0.6478692598270558,136,66,29244,31564,9066,5127,11145,13064,44961,35246,2,2,8197,4376,15406,3023,8510,1163,1370,0,0,5053,42036,2117,8547,0,0,0,0,3
841,3492,842.3830159425163,99801,241,130,154,41,42701,22013,0.6484303764491338,144,78,29298,31607,9059,5130,11102,13012,44970,35264,3,3,8173,4369,15395,3028,8527,1168,1376,0,0,5086,42017,2110,8548,0,0,0,0,4
842,3492,843.2359450248263,99801,239,133,154,41,42730,22029,0.6488812737347321,143,74,29318,31653,9060,5120,11084,12977,44979,35282,4,4,8162,4356,15396,3029,8539,1171,1378,0,0,5109,42002,2105,8548,1,0,1,0,4
843,3492,844.0881387038788,99801,236,128,154,41,42757,22043,0.6492920912616106,140,78,29345,31690,9053,5116,11070,12945,44988,35300,6,5,8152,4342,15398,3034,8550,1174,1378,0,0,5135,41982,2100,8547,2,1,1,0,5
844,3492,845.3650990110568,99801,225,117,154,41,42787,22065,0.6498131281249687,158,81,29390,31731,9042,5130,11029,12898,44997,35318,8,6,8133,4333,15393,3038,8566,1183,1383,0,0,5163,41962,2093,8542,3,1,1,0,7
845,3492,846.2153310548769,99801,230,108,154,41,42828,22078,0.6503542048676867,145,82,29414,31761,9044,5136,11011,12870,45006,35336,11,8,8118,4319,15395,3036,8584,1186,1389,0,0,5190,41938,2089,8540,3,1,1,0,12
846,3492,847.0649662922021,99801,232,109,154,41,42858,22096,0.6508351619723249,139,78,29431,31786,9048,5133,10994,12851,45015,35354,15,10,8097,4312,15395,3035,8597,1190,1395,0,0,5203,41932,2085,8538,3,1,1,0,17
847,3492,848.3385722147841,99800,236,115,155,41,42900,22123,0.6515330661322646,140,66,29463,31847,9040,5129,10964,12800,45024,35372,20,12,8078,4307,15385,3034,8620,1191,1399,0,0,5226,41914,2079,8538,3,1,4,0,21
848,3492,849.1868750216904,99800,238,109,155,41,42925,22133,0.6518837675350702,141,74,29484,31886,9027,5124,10953,12764,45033,35390,26,15,8062,4297,15380,3036,8633,1194,1398,0,0,5242,41906,2076,8538,4,1,5,0,28
849,3492,850.0344336898422,99800,246,109,155,41,42958,22144,0.6523246492985972,140,73,29507,31920,9015,5113,10935,12742,45042,35407,33,18,8050,4288,15380,3035,8638,1201,1399,0,0,5254,41895,2072,8540,4,5,7,0,32
850,3492,851.3045046372438,99800,235,116,155,41,43002,22164,0.6529659318637274,143,77,29543,31961,9024,5109,10898,12694,45051,35424,41,21,8030,4279,15370,3034,8655,1210,1404,0,0,5277,41879,2069,8534,5,5,13,0,36
851,3492,852.1502684786359,99800,242,125,155,41,43028,22185,0.653436873747495,139,74,29578,31986,8998,5098,10886,12674,45060,35441,50,25,8011,4271,15371,3034,8660,1214,1405,0,0,5293,41872,2069,8530,6,6,15,0,43
852,3492,853.4173288191948,99800,238,123,155,41,43067,22203,0.6540080160320642,127,75,29629,32037,8996,5092,10853,12630,45069,35458,61,29,7995,4260,15363,3037,8678,1219,1409,0,0,5321,41845,2062,8528,6,6,17,0,54
853,3492,854.2608424988082,99800,243,128,155,41,43096,22222,0.6544889779559119,130,69,29648,32071,8978,5087,10844,12602,45078,35475,73,34,7981,4248,15364,3037,8690,1223,1412,0,0,5333,41831,2059,8524,8,9,19,0,62
854,3492,855.1036705721924,99800,243,126,155,41,43127,22233,0.6549098196392785,125,73,29670,32089,8978,5079,10827,12590,45087,35492,87,39,7962,4242,15357,3034,8707,1226,1417,0,0,5348,41816,2055,8520,9,10,24,0,73
855,3492,856.3667107030614,99800,244,132,155,41,43176,22254,0.6556112224448898,116,69,29712,32144,8967,5059,10804,12553,45095,35509,102,44,7947,4230,15355,3031,8727,1232,1421,0,0,5368,41787,2052,8517,9,11,27,0,86
856,3492,857.2078383889808,99800,240,133,155,41,43202,22272,0.6560521042084169,122,69,29722,32161,8965,5061,10794,12533,45103,35526,119,50,7930,4218,15354,3035,8736,1239,1423,0,0,5386,41766,2049,8514,9,12,28,0,101
857,3492,858.048656210485,99800,244,123,155,41,43232,22283,0.6564629258517034,125,69,29732,32188,8969,5064,10773,12513,45111,35543,138,56,7908,4212,15345,3036,8748,1243,1428,0,0,5402,41750,2043,8512,10,13,35,0,115
858,3492,859.3091731439922,99800,228,124,155,41,43271,22300,0.6570240480961924,134,73,29768,32223,8970,5058,10743,12479,45119,35560,158,63,7891,4196,15336,3041,8758,1255,1434,0,0,5426,41720,2037,8509,13,14,40,0,130
859,3492,860.1487564638863,99800,219,120,155,41,43299,22316,0.6574649298597195,137,64,29783,32242,8970,5060,10734,12471,45127,35577,180,70,7872,4186,15330,3045,8763,1264,1439,0,0,5455,41687,2034,8504,16,15,45,0,145
860,3492,861.4072635372203,99800,223,116,155,41,43331,22334,0.6579659318637274,135,63,29814,32280,8953,5061,10718,12437,45135,35593,204,78,7856,4180,15322,3040,8780,1270,1442,0,0,5473,41657,2030,8500,18,16,49,0,167
861,3492,862.2456485269937,99800,216,116,155,41,43357,22347,0.6583567134268538,139,63,29819,32300,8959,5047,10710,12431,45143,35609,230,86,7838,4171,15312,3041,8793,1273,1446,0,0,5490,41628,2028,8497,19,17,58,0,189
862,3492,863.0837393747092,99800,213,120,155,41,43380,22363,0.65874749498998,141,59,29842,32315,8950,5046,10697,12417,45151,35625,258,95,7827,4164,15306,3039,8803,1277,1448,0,0,5506,41597,2022,8492,24,20,67,0,208
863,3492,864.3397123589461,99800,212,122,155,41,43420,22387,0.6593887775551103,125,55,29898,32360,8934,5027,10674,12393,45159,35641,288,104,7806,4157,15298,3037,8818,1283,1455,0,0,5534,41552,2017,8489,26,22,70,0,236
864,3492,865.1758988171244,99800,208,118,155,41,43440,22400,0.6597194388777555,119,62,29923,32367,8938,5028,10655,12382,45167,35657,320,114,7786,4152,15288,3039,8820,1292,1458,0,0,5551,41522,2013,8487,28,24,77,0,263
865,3492,866.0114046813752,99800,206,116,155,41,43467,22413,0.660120240480962,117,66,29937,32372,8933,5023,10650,12380,45175,35673,354,125,7770,4147,15272,3040,8832,1299,1458,0,0,5563,41495,2009,8480,31,29,88,0,287
866,3492,867.2638653311284,99799,212,114,156,41,43505,22432,0.6606980029860019,122,69,29968,32398,8921,5015,10619,12361,45183,35689,390,136,7745,4142,15266,3039,8834,1309,1467,0,0,5586,41455,2006,8474,36,32,93,0,315
867,3492,868.0981473793806,99799,210,118,156,41,43524,22448,0.6610487079028848,116,66,29995,32409,8909,5008,10612,12356,45191,35705,429,148,7733,4134,15258,3034,8844,1315,1467,0,0,5598,41423,2005,8465,42,37,103,0,341
868,3492,869.3481316995726,99799,208,113,156,41,43557,22458,0.6614795739436267,127,70,30037,32435,8897,4992,10573,12347,45199,35721,470,160,7716,4128,15244,3030,8853,1325,1470,0,0,5616,41387,2003,8455,49,40,116,0,367
869,3492,870.1804222614827,99799,198,111,156,41,43578,22468,0.6617901982985801,126,74,30075,32439,8882,4983,10561,12350,45207,35737,513,173,7709,4118,15236,3026,8871,1331,1471,0,0,5623,41340,1997,8455,52,45,124,0,401
870,3492,871.0119298367945,99799,206,115,156,41,43608,22483,0.6622411046202867,125,64,30101,32439,8869,4979,10541,12360,45215,35753,558,187,7699,4111,15224,3024,8880,1336,1470,0,0,5635,41298,1992,8450,56,48,138,0,438
871,3492,872.2575429468678,99799,215,115,156,41,43645,22506,0.6628423130492289,119,52,30124,32462,8856,4977,10528,12351,45223,35768,606,201,7684,4103,15208,3019,8891,1346,1475,0,0,5650,41255,1988,8444,63,53,151,0,469
872,3492,873.0873821611452,99799,204,111,156,41,43664,22513,0.6631028367017705,125,61,30129,32460,8856,4972,10528,12353,45231,35783,656,216,7669,4094,15200,3020,8900,1355,1475,0,0,5657,41217,1986,8431,74,58,157,0,506
873,3492,874.331644268648,99799,196,115,156,41,43691,22536,0.663603843725889,129,61,30166,32477,8842,4952,10509,12352,45239,35798,708,231,7657,4089,15187,3015,8918,1360,1475,0,0,5681,41153,1984,8422,78,64,166,0,550
874,3492,875.1605031696349,99799,207,118,156,41,43719,22549,0.6640146694856662,124,65,30193,32465,8818,4946,10500,12363,45247,35813,762,247,7643,4086,15169,3013,8925,1368,1475,0,0,5686,41118,1980,8414,84,67,181,0,590
875,3492,876.4023571770706,99799,233,120,156,41,43779,22570,0.6648263008647382,93,67,30232,32479,8801,4938,10483,12353,45254,35828,819,264,7629,4079,15156,3012,8930,1379,1476,0,0,5703,41057,1976,8411,86,72,195,0,638
876,3492,877.2293039978325,99799,234,130,156,41,43812,22589,0.6653473481698213,88,60,30242,32465,8806,4934,10472,12368,45261,35843,878,281,7613,4070,15147,3015,8931,1388,1480,0,0,5718,41001,1972,8403,94,76,206,0,685
877,3492,878.0560272882432,99799,233,127,156,41,43835,22602,0.6657080732271866,92,55,30261,32460,8797,4928,10459,12387,45268,35858,939,299,7599,4067,15130,3015,8930,1402,1480,0,0,5733,40954,1969,8391,105,82,220,0,722
878,3492,879.2948753906438,99799,219,125,156,41,43858,22622,0.6661389392679286,102,49,30292,32468,8795,4920,10434,12395,45275,35873,1002,318,7583,4055,15120,3017,8935,1413,1485,0,0,5758,40881,1968,8381,110,89,231,0,773
879,3492,880.1201639653634,99799,210,113,156,41,43880,22628,0.6664195032014348,106,57,30301,32450,8792,4925,10433,12412,45282,35888,1068,337,7569,4048,15099,3017,8943,1421,1486,0,0,5774,40820,1964,8375,117,97,249,0,820
880,3492,881.3575284028185,99799,208,106,156,41,43911,22648,0.6669305303660358,90,57,30359,32452,8771,4923,10414,12419,45289,35903,1136,357,7554,4041,15084,3018,8945,1436,1489,0,0,5796,40753,1958,8363,130,104,260,0,868
881,3492,882.1814272405613,99799,204,108,156,41,43928,22661,0.6672311345805069,96,57,30381,32439,8760,4916,10401,12437,45296,35918,1206,377,7540,4035,15068,3018,8941,1451,1490,0,0,5803,40700,1955,8356,136,109,277,0,920
882,3492,883.0045719351822,99799,201,113,156,41,43952,22681,0.667672020761731,96,48,30394,32421,8755,4912,10396,12463,45303,35933,1278,398,7527,4027,15042,3019,8953,1460,1492,0,0,5811,40643,1951,8345,143,114,299,0,973
883,3492,884.2386869732078,99799,201,106,156,41,43979,22700,0.66813294722392,95,48,30435,32421,8735,4908,10376,12474,45310,35948,1352,420,7513,4022,15019,3018,8965,1468,1493,0,0,5830,40578,1947,8330,151,125,319,0,1021
884,3492,885.0605743737528,99799,189,104,156,41,43999,22711,0.6684435715788736,103,51,30449,32411,8733,4894,10368,12497,45317,35962,1428,442,7500,4014,14996,3016,8972,1479,1494,0,0,5844,40518,1944,8320,162,131,338,0,1071
885,3492,886.2926146460843,99799,190,104,156,41,44030,22724,0.6688844577600978,113,52,30476,32399,8715,4881,10348,12521,45324,35976,1506,465,7486,4010,14975,3014,8981,1489,1493,0,0,5860,40448,1942,8307,173,135,353,0,1133
886,3492,887.1132263029775,99799,199,103,156,41,44059,22734,0.6692752432389102,102,52,30496,32378,8698,4871,10347,12553,45331,35990,1586,489,7476,4003,14957,3013,8988,1498,1494,0,0,5864,40381,1937,8298,181,140,373,0,1196
887,3492,888.343074437547,99799,203,100,156,41,44095,22750,0.6697962905439935,87,56,30540,32366,8680,4858,10332,12577,45338,36004,1668,513,7462,3999,14935,3009,8997,1513,1497,0,0,5878,40313,1934,8280,193,147,391,0,1251
888,3492,889.1621911507114,99798,205,96,157,41,44115,22759,0.6700935890498808,89,54,30548,32359,8659,4848,10340,12600,45345,36018,1752,538,7450,3996,14902,3006,9005,1522,1499,0,0,5882,40253,1930,8267,205,152,419,0,1310
889,3492,890.3899668269944,99798,194,100,157,41,44136,22778,0.6704943986853444,100,48,30569,32366,8645,4830,10333,12613,45352,36032,1837,564,7431,3985,14879,3009,8999,1539,1510,0,0,5883,40195,1926,8258,214,167,445,0,1358
890,3492,891.2080250290269,99798,197,102,157,41,44156,22789,0.6708050261528287,102,51,30572,32337,8636,4823,10334,12644,45359,36046,1924,590,7423,3977,14865,3007,8998,1554,1511,0,0,5885,40123,1922,8248,223,172,462,0,1428
891,3492,892.0260894597544,99798,198,102,157,41,44178,22800,0.6711356941020862,99,54,30591,32319,8610,4812,10343,12670,45366,36060,2013,617,7405,3974,14852,3002,8995,1569,1514,0,0,5893,40050,1922,8230,237,177,476,0,1502
892,3492,893.2521665772913,99798,188,97,157,41,44206,22813,0.6715465239784364,96,55,30634,32300,8589,4799,10334,12706,45373,36074,2103,645,7388,3971,14822,2999,8991,1591,1520,0,0,5908,39977,1919,8217,249,186,501,0,1559
893,3492,894.0688151903244,99798,178,89,157,41,44218,22818,0.6717168680735085,99,61,30661,32277,8578,4790,10325,12740,45380,36088,2195,673,7369,3965,14801,3002,8986,1606,1524,0,0,5917,39905,1917,8206,260,191,518,0,1631
894,3492,895.292500873044,99798,179,98,157,41,44246,22840,0.672217880117838,98,51,30709,32298,8548,4774,10307,12736,45387,36102,2288,702,7361,3958,14774,2996,8986,1622,1523,0,0,5928,39825,1916,8196,268,198,549,0,1698
895,3492,896.1071472539254,99798,174,103,157,41,44265,22851,0.6725184873444358,100,52,30709,32269,8544,4761,10314,12772,45394,36116,2382,731,7347,3948,14756,2995,8989,1632,1527,0,0,5926,39760,1914,8178,284,208,570,0,1764
896,3492,897.3288334583426,99797,170,97,158,41,44297,22863,0.672966121226089,90,53,30737,32270,8536,4738,10307,12799,45401,36130,2477,761,7340,3943,14733,2995,8991,1648,1527,0,0,5941,39668,1905,8170,295,221,588,0,1832
897,3492,898.1429249298712,99797,158,99,158,41,44314,22874,0.673246690782288,91,50,30731,32237,8536,4724,10324,12847,45408,36144,2574,792,7329,3935,14708,2991,8994,1661,1530,0,0,5950,39588,1901,8159,307,231,613,0,1900
898,3492,899.3639649999029,99797,155,89,158,41,44346,22885,0.6736775654578795,94,52,30751,32247,8528,4705,10312,12864,45414,36157,2672,823,7323,3925,14683,2989,9006,1674,1531,0,0,5962,39502,1895,8139,324,242,637,0,1965
899,3492,900.1776459996273,99797,155,86,158,41,44356,22888,0.6738078298946862,111,74,30770,32253,8516,4699,10288,12845,45414,36157,2672,823,7321,3925,14682,2991,9009,1674,1532,0,0,5969,39494,1893,8139,324,242,637,0,1965
900,3492,900.1776459996273,99797,164,87,158,41,44373,22896,0.6740583384270068,104,72,30768,32205,8505,4689,10299,12904,45414,36157,2771,855,7320,3924,14664,2992,8999,1690,1532,1,5,5955,39412,1893,8128,334,255,651,0,2042
901,3492,901.3971541889831,99797,171,97,158,41,44410,22921,0.674679599587162,113,73,30806,32210,8491,4674,10259,12903,45414,36157,2870,887,7314,3923,14638,2995,8999,1705,1530,7,20,5949,39319,1892,8109,346,260,671,0,2120
902,3492,902.2091997660702,99797,173,100,158,41,44428,22935,0.6750002505085323,125,73,30806,32188,8476,4655,10260,12941,45414,36157,2970,920,7309,3921,14615,2998,8983,1726,1529,12,28,5936,39240,1891,8098,356,273,691,1,2190
903,3492,903.0209036883386,99797,176,100,158,41,44448,22952,0.6753710031363668,124,69,30818,32177,8460,4640,10262,12971,45414,36157,3071,953,7306,3918,14578,3001,8971,1748,1529,15,40,5922,39168,1891,8084,367,287,721,1,2250
904,3492,904.2379409650337,99797,180,102,158,41,44482,22964,0.6758319388358367,133,80,30857,32169,8435,4623,10235,12983,45414,36157,3173,987,7300,3914,14548,3005,8972,1760,1529,21,54,5905,39080,1891,8066,379,302,746,1,2324
905,3492,905.0483433763426,99797,178,113,158,41,44504,22984,0.6762527931701354,135,76,30871,32143,8429,4603,10227,13022,45414,36157,3275,1022,7297,3912,14518,3010,8959,1781,1528,24,67,5898,38993,1889,8051,391,309,771,2,2397
906,3492,906.2630782861886,99797,197,113,158,41,44544,23005,0.6768640339889976,136,72,30897,32125,8408,4601,10202,13046,45414,36157,3378,1057,7295,3908,14489,3013,8951,1801,1528,26,87,5888,38900,1888,8033,407,316,795,2,2470
907,3492,907.0721533116194,99797,198,111,158,41,44568,23016,0.6772147459342466,152,75,30890,32105,8395,4594,10205,13072,45414,36157,3481,1093,7292,3906,14461,3013,8950,1817,1528,29,100,5881,38805,1888,8012,422,323,816,3,2551
908,3492,908.285624140424,99797,193,117,158,41,44603,23039,0.6777959257292303,150,74,30915,32097,8394,4580,10188,13089,45414,36157,3584,1129,7287,3901,14431,3017,8948,1835,1528,34,121,5868,38710,1888,7987,441,331,842,4,2624
909,3492,909.094214639478,99797,199,124,158,41,44635,23055,0.6782769021112859,137,71,30925,32074,8402,4556,10177,13132,45414,36157,3688,1166,7281,3898,14403,3022,8946,1846,1528,40,133,5854,38619,1886,7971,456,344,863,5,2702
910,3492,910.3062879172368,99797,201,116,158,41,44678,23072,0.6788781225888554,140,77,30949,32051,8393,4556,10157,13157,45414,36157,3792,1203,7271,3892,14368,3029,8950,1863,1527,50,158,5836,38523,1885,7950,469,359,889,5,2773
911,3492,911.1137974802994,99797,213,118,158,41,44711,23088,0.6793691193122038,129,71,30952,32012,8385,4549,10161,13207,45414,36157,3896,1241,7268,3890,14343,3030,8946,1875,1527,53,176,5821,38437,1884,7924,493,372,912,6,2840
912,3492,912.3247993367675,99797,223,110,158,41,44751,23103,0.6799202380833091,127,82,30988,31998,8370,4535,10132,13232,45414,36157,4000,1279,7264,3889,14312,3029,8941,1898,1527,57,197,5808,38338,1882,7910,504,382,935,6,2918
913,3492,913.1314797765613,99797,220,108,158,41,44778,23118,0.6803410924176078,137,79,30999,31961,8359,4530,10125,13279,45414,36157,4104,1317,7260,3886,14275,3033,8947,1906,1527,61,217,5797,38239,1879,7890,521,392,964,7,2996
914,3492,914.3405534153125,99797,221,114,158,41,44821,23146,0.6810525366493982,138,72,31026,31934,8352,4530,10103,13307,45414,36157,4208,1356,7256,3881,14239,3039,8947,1924,1525,65,249,5791,38131,1877,7872,534,395,993,7,3072
915,3492,915.1460312236147,99797,233,115,158,41,44861,23164,0.6816337164443821,128,70,31025,31894,8348,4526,10106,13352,45414,36157,4312,1395,7251,3879,14207,3044,8939,1942,1525,70,269,5778,38031,1874,7860,542,405,1022,9,3150
916,3492,916.3537322801014,99797,233,115,158,41,44901,23183,0.6822249165806588,135,69,31027,31877,8350,4515,10095,13381,45414,36157,4415,1435,7247,3875,14178,3049,8929,1967,1523,74,298,5764,37931,1874,7842,558,415,1043,9,3221
917,3492,917.1588843049512,99797,229,120,158,41,44931,23199,0.6826858522801287,132,66,31047,31843,8345,4502,10087,13426,45414,36157,4518,1475,7240,3871,14150,3055,8926,1980,1521,81,315,5749,37838,1873,7821,574,429,1068,10,3296
918,3492,918.3660833344176,99797,229,124,158,41,44973,23221,0.6833271541228694,137,66,31053,31829,8349,4492,10072,13446,45414,36157,4621,1516,7232,3866,14114,3059,8917,2005,1521,89,333,5731,37749,1871,7804,588,444,1097,10,3367
919,3492,919.1705447292003,99797,227,125,158,41,45000,23232,0.6837079270919968,146,71,31058,31795,8343,4475,10066,13491,45414,36157,4723,1557,7229,3863,14080,3063,8918,2015,1520,92,349,5719,37653,1870,7785,604,455,1125,11,3446
920,3492,920.3769901496206,99797,239,129,158,41,45049,23252,0.6843993306412016,148,73,31072,31765,8329,4466,10052,13524,45414,36157,4825,1598,7223,3859,14054,3068,8912,2032,1518,98,376,5707,37548,1869,7766,620,464,1148,11,3524
921,3492,921.1808068956278,99797,240,132,158,41,45084,23266,0.68489032736455,146,82,31081,31717,8332,4457,10041,13569,45414,36157,4926,1640,7221,3855,14021,3069,8915,2053,1518,100,387,5695,37455,1869,7752,631,473,1167,11,3605
922,3492,922.3860853096138,99797,243,133,158,41,45122,23289,0.6855015681834123,151,86,31100,31688,8322,4449,10024,13601,45414,36157,5027,1682,7218,3852,13984,3072,8919,2070,1517,103,408,5680,37362,1868,7730,641,487,1198,14,3674
923,3492,923.1890500125617,99797,249,135,158,41,45162,23305,0.6860627072958105,143,89,31116,31645,8323,4442,10009,13646,45414,36157,5127,1724,7215,3848,13948,3073,8921,2085,1517,106,428,5665,37268,1867,7715,655,500,1224,14,3748
924,3492,924.3926422739032,99797,264,139,158,41,45204,23336,0.6867941922101867,166,84,31115,31634,8297,4439,9998,13661,45414,36157,5226,1767,7211,3846,13915,3079,8917,2100,1516,110,455,5650,37162,1864,7704,665,511,1251,17,3824
925,3492,925.1947602474181,99796,254,132,158,42,45229,23353,0.6872219327427953,186,87,31118,31608,8291,4435,9991,13694,45414,36157,5325,1810,7205,3844,13886,3082,8921,2118,1516,116,474,5633,37065,1861,7682,681,525,1269,18,3900
926,3492,926.397873411398,99796,276,134,158,42,45298,23371,0.6880937111707884,166,95,31131,31582,8289,4422,9978,13723,45414,36157,5423,1853,7201,3839,13851,3084,8925,2138,1516,120,494,5623,36958,1859,7670,689,531,1293,19,3986
927,3492,927.1996111490024,99796,271,135,158,42,45328,23393,0.6886147741392441,170,101,31139,31553,8285,4422,9975,13745,45414,36157,5520,1897,7196,3838,13808,3085,8931,2152,1514,125,514,5605,36867,1859,7654,700,547,1325,21,4055
928,3492,928.0011684085993,99796,269,137,158,42,45363,23413,0.689165898432803,179,96,31143,31513,8276,4426,9973,13784,45414,36157,5616,1941,7190,3833,13776,3094,8921,2177,1512,131,532,5590,36781,1856,7637,712,557,1353,22,4122
929,3492,929.2030159889334,99796,265,145,158,42,45416,23442,0.6899875746522907,170,92,31155,31511,8294,4416,9956,13792,45414,36157,5712,1985,7182,3833,13749,3092,8918,2209,1511,139,564,5578,36673,1854,7617,727,561,1369,23,4197
930,3492,930.004089214374,99796,270,153,158,42,45450,23463,0.6905386989458495,178,87,31141,31481,8295,4409,9956,13826,45414,36157,5807,2029,7174,3833,13711,3087,8922,2223,1511,147,576,5565,36592,1853,7602,739,570,1402,25,4264
931,3492,931.2058123517061,99796,277,155,158,42,45505,23490,0.6913603751653373,181,88,31151,31468,8287,4414,9944,13831,45414,36157,5901,2074,7165,3830,13687,3090,8923,2245,1510,156,601,5549,36482,1852,7584,748,584,1416,30,4344
932,3492,932.0068160056711,99796,295,153,158,42,45546,23513,0.6920016834342058,180,90,31138,31436,8278,4415,9949,13862,45414,36157,5994,2119,7161,3829,13662,3092,8916,2266,1510,160,623,5535,36390,1850,7565,762,596,1435,33,4411
933,3492,933.2083735581278,99795,292,149,159,42,45598,23543,0.6928303021193447,192,95,31137,31415,8284,4430,9934,13867,45414,36157,6086,2164,7152,3826,13628,3095,8933,2283,1507,168,652,5519,36284,1847,7540,776,602,1462,35,4486
934,3492,934.0093062517859,99795,290,153,159,42,45627,23562,0.6933112881406884,200,101,31124,31373,8281,4426,9944,13903,45414,36157,6177,2209,7144,3825,13596,3096,8931,2303,1507,176,661,5501,36208,1846,7523,790,615,1485,40,4548
935,3492,935.2111040470684,99795,301,150,159,42,45684,23594,0.6942031163885967,206,93,31125,31366,8277,4446,9930,13901,45414,36157,6267,2254,7140,3821,13556,3100,8941,2320,1507,180,702,5485,36092,1845,7511,798,624,1510,41,4622
936,3492,936.0122706903713,99795,303,163,159,42,45724,23625,0.694914574878501,209,84,31107,31336,8283,4444,9937,13929,45414,36157,6356,2300,7133,3817,13525,3105,8950,2331,1507,187,721,5479,35998,1843,7481,820,628,1533,43,4694
937,3492,937.2145196423758,99795,302,163,159,42,45774,23648,0.6956460744526279,212,92,31096,31327,8293,4437,9936,13937,45414,36157,6444,2346,7127,3812,13489,3107,8960,2351,1506,193,746,5466,35906,1841,7460,833,636,1558,44,4760
938,3492,938.0162308435762,99795,307,165,159,42,45813,23672,0.6962773686056416,206,92,31088,31297,8298,4434,9940,13968,45414,36157,6531,2392,7120,3811,13457,3108,8956,2370,1505,200,768,5456,35812,1841,7441,848,644,1582,49,4827
939,3492,939.2190886269032,99795,301,166,159,42,45875,23699,0.6971691968535497,217,98,31077,31288,8329,4434,9915,13970,45414,36157,6617,2438,7105,3809,13412,3115,8965,2387,1502,214,805,5448,35707,1838,7417,863,650,1614,50,4894
940,3492,940.0212654976568,99795,305,169,159,42,45921,23720,0.6978405731750088,222,99,31060,31259,8333,4429,9919,14000,45414,36157,6702,2484,7100,3808,13374,3115,8966,2411,1500,219,821,5432,35637,1838,7394,879,663,1640,55,4943
941,3492,941.2249616044037,99795,322,169,159,42,45994,23756,0.6989328122651436,211,112,31059,31253,8339,4421,9908,14001,45414,36157,6786,2530,7093,3805,13320,3121,8975,2432,1499,226,860,5424,35538,1835,7374,890,669,1676,56,5002
942,3492,942.0275152173641,99795,322,178,159,42,46027,23780,0.6995039831654892,233,112,31035,31216,8341,4422,9908,14028,45414,36157,6869,2576,7088,3804,13286,3122,8972,2449,1499,231,877,5416,35456,1833,7357,903,677,1703,58,5064
943,3492,943.2317242678716,99795,333,177,159,42,46101,23810,0.7005461195450674,236,119,31018,31208,8363,4422,9889,14030,45414,36157,6951,2623,7072,3801,13255,3122,8982,2471,1498,247,907,5394,35359,1833,7337,915,693,1721,62,5126
944,3492,944.0346856566116,99795,352,183,159,42,46155,23838,0.7013678039981963,221,123,31014,31177,8360,4422,9892,14051,45414,36157,7031,2670,7068,3797,13223,3127,8989,2491,1498,250,922,5377,35280,1831,7319,929,705,1737,64,5188
945,3492,945.2393136347223,99795,335,198,159,42,46219,23881,0.7024400020041084,218,109,31018,31176,8390,4420,9878,14053,45414,36157,7110,2717,7056,3793,13187,3133,9010,2507,1495,261,963,5362,35168,1831,7292,941,713,1761,68,5254
946,3492,946.042358333659,99795,327,205,159,42,46251,23906,0.7030111729044541,230,113,31016,31147,8396,4408,9870,14083,45414,36157,7188,2764,7048,3792,13151,3134,9017,2525,1494,269,980,5343,35087,1829,7279,948,725,1788,68,5318
947,3492,947.2470133789793,99795,355,200,159,42,46321,23934,0.7039931860313643,220,114,31019,31144,8397,4418,9848,14080,45414,36157,7265,2811,7039,3790,13118,3132,9026,2546,1494,278,1007,5332,34991,1829,7258,959,733,1809,69,5385
948,3492,948.0499010447013,99795,340,208,159,42,46353,23962,0.704594418558044,231,128,31001,31117,8411,4413,9856,14090,45414,36157,7341,2858,7035,3783,13092,3139,9032,2563,1492,282,1024,5319,34911,1827,7233,979,740,1828,73,5443
949,3492,949.2547683008308,99795,364,207,159,42,46430,23996,0.7057066987324014,222,122,30994,31116,8413,4427,9846,14084,45414,36157,7416,2905,7026,3779,13060,3144,9034,2584,1490,291,1058,5306,34813,1825,7221,984,750,1851,80,5499
950,3492,950.0581026877201,99795,367,208,159,42,46476,24018,0.7063880955959717,220,123,30986,31091,8422,4430,9844,14104,45414,36157,7490,2952,7019,3778,13026,3144,9038,2603,1489,298,1077,5296,34727,1824,7205,993,759,1874,84,5561
951,3492,951.2634580343388,99795,378,212,159,42,46542,24064,0.7075103963124405,223,113,30978,31074,8423,4442,9837,14115,45414,36157,7563,2999,7012,3769,13001,3154,9041,2624,1488,305,1118,5285,34621,1822,7181,1014,764,1887,91,5618
952,3492,952.0670521382517,99795,380,210,159,42,46581,24087,0.7081316699233429,222,117,30963,31051,8431,4452,9843,14126,45414,36157,7635,3046,7006,3764,12970,3159,9043,2642,1488,311,1140,5279,34531,1821,7165,1023,768,1910,94,5681
953,3492,953.2731914341203,99795,381,207,159,42,46641,24119,0.709053559797585,250,116,30938,31046,8438,4462,9832,14125,45414,36157,7706,3093,6998,3758,12938,3165,9050,2665,1488,319,1175,5265,34436,1818,7146,1032,779,1928,97,5738
954,3492,954.077635609382,99795,372,211,159,42,46686,24145,0.7097650182874894,249,113,30919,31028,8456,4466,9843,14138,45414,36157,7776,3140,6989,3751,12904,3175,9055,2685,1486,328,1193,5258,34350,1815,7132,1043,785,1943,102,5801
955,3492,955.2850929671532,99795,393,205,159,42,46767,24182,0.7109474422566261,269,122,30907,31012,8455,4484,9815,14133,45414,36157,7845,3187,6981,3741,12858,3187,9089,2695,1485,336,1228,5246,34251,1812,7106,1058,792,1963,104,5863
956,3492,956.090187809285,99795,400,209,159,42,46819,24209,0.711739065083421,276,119,30885,31010,8463,4487,9815,14131,45414,36157,7912,3234,6974,3735,12828,3192,9094,2718,1484,343,1242,5231,34179,1811,7088,1070,802,1979,106,5919
957,3492,957.2980909215769,99795,400,220,159,42,46900,24253,0.712991632847337,281,112,30885,31009,8491,4495,9782,14120,45414,36157,7978,3281,6962,3727,12800,3199,9112,2742,1481,355,1273,5213,34081,1810,7070,1077,810,1992,116,5975
958,3492,958.1033631757248,99795,416,215,159,42,46957,24275,0.7137832556741319,273,125,30861,30985,8501,4503,9788,14128,45414,36157,8043,3328,6956,3723,12775,3201,9112,2762,1480,361,1295,5204,33999,1807,7056,1088,816,2009,123,6028
959,3492,959.3122414089623,99795,444,229,159,42,47053,24319,0.7151861315697179,261,126,30828,30972,8531,4511,9775,14118,45414,36157,8107,3375,6949,3720,12745,3201,9133,2780,1479,368,1326,5189,33905,1805,7033,1102,824,2023,131,6082
960,3492,960.1186623944969,99795,458,222,159,42,47118,24341,0.7160579187334035,256,133,30803,30950,8537,4520,9785,14131,45414,36157,8170,3421,6936,3715,12722,3206,9150,2792,1479,381,1348,5166,33826,1802,7014,1111,840,2037,136,6134
961,3492,961.3291470657722,99795,469,226,159,42,47193,24387,0.7172704043288742,270,145,30788,30934,8543,4529,9769,14122,45414,36157,8232,3467,6927,3711,12685,3216,9173,2808,1479,390,1386,5152,33731,1795,6992,1123,846,2054,143,6184
962,3492,962.1364061509558,99795,457,236,159,42,47242,24419,0.7180820682398917,291,145,30748,30934,8568,4534,9775,14107,45414,36157,8293,3513,6920,3706,12659,3218,9192,2819,1477,397,1413,5141,33640,1795,6969,1134,853,2071,150,6241
963,3492,963.3485302842472,99795,462,240,159,42,47337,24467,0.7195150057618117,282,146,30747,30937,8595,4549,9753,14084,45414,36157,8353,3559,6913,3699,12617,3226,9222,2840,1474,403,1455,5130,33539,1792,6942,1141,860,2093,155,6294
964,3492,964.1566090880608,99795,455,241,159,42,47380,24490,0.7201763615411594,293,151,30736,30924,8603,4551,9752,14089,45414,36157,8412,3605,6907,3694,12589,3234,9229,2858,1471,408,1473,5117,33464,1789,6931,1147,870,2109,159,6346
965,3492,965.3693626427141,99795,453,245,159,42,47468,24525,0.7214088882208527,289,156,30727,30928,8633,4553,9737,14074,45414,36157,8470,3651,6894,3691,12560,3231,9247,2887,1468,420,1510,5105,33371,1786,6913,1156,874,2121,162,6399
966,3492,966.1781048034053,99794,457,241,160,42,47521,24555,0.7222478305308936,295,152,30699,30919,8650,4566,9737,14078,45414,36157,8527,3697,6881,3686,12528,3239,9252,2904,1467,433,1538,5096,33291,1784,6898,1163,879,2143,168,6444
967,3492,967.3921259209583,99794,472,246,160,42,47612,24606,0.7236707617692446,284,148,30696,30933,8669,4584,9717,14045,45414,36157,8583,3743,6870,3677,12499,3248,9268,2923,1464,444,1584,5084,33195,1781,6874,1175,885,2161,175,6487
968,3492,968.2015737680379,99794,485,252,160,42,47670,24634,0.7245325370262741,295,148,30683,30913,8667,4590,9708,14053,45414,36157,8638,3789,6866,3668,12461,3252,9272,2946,1464,448,1604,5072,33137,1781,6859,1183,892,2189,178,6522
969,3492,969.011037501023,99794,502,245,160,42,47741,24662,0.7255245806361104,303,155,30650,30901,8678,4601,9705,14054,45414,36157,8693,3834,6854,3662,12431,3258,9280,2965,1464,460,1637,5057,33055,1779,6841,1193,905,2204,180,6569
970,3492,970.2260444990991,99793,499,257,161,42,47824,24716,0.7269046927139178,310,162,30636,30890,8702,4611,9690,14036,45414,36157,8747,3879,6843,3653,12399,3259,9302,2990,1464,471,1679,5038,32968,1776,6822,1204,911,2221,188,6605
971,3492,971.0363190129946,99793,521,270,161,42,47889,24751,0.727906767007706,306,167,30619,30874,8705,4618,9686,14027,45414,36157,8800,3924,6840,3650,12381,3261,9303,3009,1463,474,1703,5024,32888,1776,6807,1214,919,2233,191,6657
972,3492,972.2520550173233,99792,505,285,161,43,47964,24804,0.7291967291967292,316,173,30602,30877,8741,4629,9673,13991,45414,36157,8852,3969,6830,3646,12346,3265,9320,3033,1462,484,1752,5011,32791,1774,6783,1226,923,2250,199,6697
973,3492,973.0628493892515,99792,529,287,161,43,48031,24837,0.7301988135321469,319,185,30572,30859,8743,4646,9674,13978,45414,36157,8903,4014,6820,3645,12321,3262,9329,3045,1461,494,1785,5004,32710,1774,6766,1238,926,2268,204,6740
974,3492,974.2799657583716,99792,536,288,161,43,48130,24891,0.7317320025653359,338,207,30536,30846,8771,4665,9656,13949,45414,36157,8953,4059,6803,3636,12289,3266,9356,3066,1461,511,1831,4989,32609,1771,6748,1248,931,2282,216,6779
975,3492,975.0919069945287,99792,554,294,161,43,48207,24927,0.7328643578643579,335,201,30511,30838,8775,4676,9662,13946,45414,36157,9002,4103,6791,3631,12263,3274,9364,3085,1458,521,1860,4976,32531,1770,6737,1255,943,2290,219,6824
976,3492,976.3108627138854,99792,568,284,161,43,48312,24978,0.7344276094276094,354,204,30468,30847,8813,4714,9634,13906,45414,36157,9050,4147,6776,3624,12224,3283,9391,3109,1456,536,1911,4956,32436,1765,6719,1265,951,2303,225,6862
977,3492,977.1241771112428,99792,560,298,161,43,48379,25026,0.7355800064133398,377,185,30435,30846,8847,4723,9618,13903,45414,36157,9098,4191,6768,3615,12192,3290,9408,3130,1454,544,1944,4942,32355,1764,6703,1274,958,2319,231,6901
978,3492,978.345522334941,99792,583,314,161,43,48495,25089,0.7373737373737373,386,186,30397,30845,8875,4736,9596,13874,45414,36157,9145,4235,6752,3606,12159,3297,9418,3159,1453,559,1992,4927,32267,1761,6687,1282,969,2333,241,6930
979,3492,979.1603300717181,99792,592,306,161,43,48568,25129,0.7385060926727594,410,179,30352,30836,8887,4764,9596,13870,45414,36157,9191,4279,6742,3598,12131,3308,9431,3177,1451,569,2034,4914,32182,1757,6669,1290,973,2352,249,6965
980,3492,980.3839446975434,99791,604,291,162,43,48694,25187,0.7403573468549268,403,181,30333,30846,8931,4795,9565,13842,45414,36157,9236,4322,6730,3590,12082,3318,9465,3203,1445,581,2098,4899,32078,1753,6646,1297,981,2373,262,6990
981,3492,981.2002192036141,99791,618,303,162,43,48768,25240,0.7416300067140323,414,174,30286,30828,8944,4817,9574,13833,45414,36157,9280,4365,6720,3588,12050,3320,9480,3224,1445,590,2137,4887,31997,1752,6627,1303,989,2389,268,7025
982,3492,982.0173839473256,99790,617,306,163,43,48851,25279,0.7428600060126265,406,173,30260,30825,8976,4834,9576,13817,45414,36157,9324,4408,6705,3580,12013,3326,9506,3243,1443,605,2166,4876,31919,1751,6609,1307,996,2406,276,7063
983,3492,983.2446557090211,99790,610,308,163,43,48970,25332,0.744583625613789,406,164,30215,30848,9044,4853,9560,13782,45414,36157,9367,4451,6689,3567,11975,3343,9524,3273,1439,620,2233,4867,31815,1747,6582,1317,1000,2424,281,7094
984,3492,984.063799783186,99790,636,310,163,43,49048,25371,0.7457560877843471,409,171,30190,30833,9059,4872,9541,13769,45414,36157,9409,4493,6680,3562,11947,3344,9535,3288,1438,629,2268,4859,31736,1747,6569,1323,1005,2441,289,7130
985,3492,985.2936484293134,99789,655,321,164,43,49191,25438,0.7478680014831294,406,175,30153,30821,9119,4903,9501,13735,45414,36157,9450,4535,6664,3552,11915,3354,9553,3326,1432,643,2316,4842,31652,1743,6545,1333,1012,2452,305,7150
986,3492,986.1141407114103,99789,650,329,164,43,49267,25479,0.7490404754031006,410,180,30118,30814,9157,4915,9499,13717,45414,36157,9491,4577,6652,3543,11875,3359,9574,3348,1431,655,2345,4833,31581,1742,6531,1338,1017,2471,311,7183
987,3492,987.3464563659286,99788,689,330,165,43,49428,25543,0.7513027618551329,363,179,30098,30831,9209,4947,9474,13668,45414,36157,9531,4619,6631,3533,11837,3372,9614,3373,1427,676,2396,4820,31485,1738,6502,1345,1020,2484,324,7211
988,3492,988.1684624913206,99788,695,334,165,43,49510,25583,0.7525253537499499,364,182,30076,30825,9228,4963,9470,13651,45414,36157,9570,4661,6618,3526,11813,3379,9617,3399,1426,689,2437,4803,31408,1735,6491,1350,1031,2497,329,7240
989,3492,989.4026863762879,99788,692,332,165,43,49611,25636,0.7540686254860304,395,203,30028,30816,9270,4980,9448,13624,45414,36157,9609,4702,6600,3520,11778,3384,9641,3422,1425,707,2489,4791,31311,1730,6476,1357,1035,2511,342,7269
990,3492,990.2261276974681,99788,706,350,165,43,49709,25690,0.7555918547320319,385,188,30009,30812,9305,4992,9428,13613,45414,36157,9647,4743,6591,3516,11752,3384,9661,3447,1422,716,2524,4775,31235,1727,6460,1359,1043,2525,350,7301
991,3492,991.050041988348,99788,691,348,165,43,49775,25741,0.7567643404016515,424,183,29971,30800,9330,5021,9417,13603,45414,36157,9684,4784,6578,3508,11726,3397,9681,3469,1419,729,2561,4767,31151,1723,6440,1366,1045,2535,364,7329
992,3492,992.287607811039,99787,707,328,166,43,49906,25789,0.7585657450369286,417,215,29923,30798,9380,5056,9405,13558,45414,36157,9721,4825,6561,3499,11690,3402,9713,3504,1417,745,2614,4751,31058,1720,6413,1376,1050,2545,373,7356
993,3492,993.1136150710662,99787,720,335,166,43,50003,25837,0.7600188401294757,428,210,29880,30799,9410,5076,9394,13535,45414,36157,9757,4865,6548,3489,11656,3412,9733,3524,1413,758,2656,4734,30981,1720,6397,1384,1058,2560,378,7386
994,3492,994.3542053220722,99787,710,345,166,43,50122,25915,0.7619930451862467,423,212,29847,30792,9477,5115,9375,13491,45414,36157,9792,4905,6531,3479,11621,3422,9766,3558,1411,774,2724,4719,30874,1715,6377,1387,1059,2569,389,7412
995,3492,995.1820189703367,99787,727,362,166,43,50227,25959,0.7634862256606572,413,217,29832,30784,9518,5117,9342,13475,45414,36157,9827,4945,6519,3477,11592,3420,9787,3580,1408,786,2752,4705,30807,1713,6366,1392,1065,2580,403,7435
996,3492,996.0103907555697,99787,718,369,166,43,50308,26003,0.7647388938438875,416,220,29801,30772,9552,5127,9345,13467,45414,36157,9861,4985,6502,3470,11573,3428,9795,3602,1408,803,2796,4693,30719,1710,6351,1398,1070,2591,414,7464
997,3492,997.254199208807,99787,754,378,166,43,50445,26080,0.7668834617735777,408,187,29762,30794,9592,5169,9316,13427,45414,36157,9895,5024,6488,3466,11531,3435,9829,3623,1404,815,2866,4683,30612,1707,6337,1400,1073,2605,421,7492
998,3492,998.0841426357424,99787,749,370,166,43,50516,26116,0.7679557457384228,427,192,29720,30802,9613,5189,9323,13402,45414,36157,9928,5063,6485,3458,11502,3448,9837,3649,1403,817,2911,4678,30530,1701,6323,1402,1075,2620,429,7519
999,3492,999.3309314635226,99787,738,349,166,43,50640,26165,0.7696894385040135,434,225,29700,30795,9675,5227,9285,13359,45414,36157,9960,5102,6469,3448,11468,3455,9875,3680,1399,833,2968,4659,30428,1694,6307,1406,1081,2630,441,7546
1000,3492,1000.1625537915415,99787,738,347,166,43,50744,26210,0.771182618978424,415,226,29662,30796,9739,5249,9278,13337,45414,36157,9992,5140,6462,3438,11432,3461,9896,3712,1399,840,3018,4645,30347,1691,6291,1407,1089,2643,453,7563
1001,3492,1001.4119530280584,99787,721,345,166,43,50862,26272,0.7729864611622757,447,233,29618,30807,9801,5281,9245,13289,45414,36157,10023,5178,6445,3424,11400,3478,9932,3742,1393,854,3073,4630,30251,1687,6268,1415,1094,2650,464,7587
1002,3492,1002.245879965391,99787,734,349,166,43,50956,26320,0.7744094922184253,446,241,29584,30791,9831,5305,9237,13269,45414,36157,10054,5216,6437,3418,11378,3481,9951,3764,1393,861,3113,4618,30172,1685,6252,1425,1098,2654,478,7609
1003,3492,1003.0804363768527,99787,751,343,166,43,51054,26361,0.7758024592381774,425,256,29573,30776,9863,5335,9220,13245,45414,36157,10084,5254,6430,3406,11348,3493,9975,3783,1392,868,3150,4607,30103,1681,6234,1430,1102,2669,488,7628
1004,3492,1004.3333039247804,99787,733,381,166,43,51172,26452,0.7778969204405384,448,246,29499,30769,9943,5354,9209,13205,45414,36157,10114,5291,6411,3397,11307,3500,10017,3812,1390,886,3195,4598,30015,1675,6217,1434,1105,2675,501,7652
1005,3492,1005.1698195459502,99787,706,383,166,43,51259,26499,0.7792397807329612,454,244,29468,30769,10007,5377,9197,13182,45414,36157,10143,5328,6397,3394,11282,3509,10051,3831,1385,899,3241,4584,29928,1668,6195,1445,1105,2683,508,7682
1006,3492,1006.007647521215,99787,714,397,166,43,51360,26554,0.7808031106256326,449,236,29437,30773,10042,5396,9190,13153,45414,36157,10172,5365,6390,3386,11244,3520,10088,3847,1383,904,3276,4572,29862,1661,6177,1449,1109,2700,521,7698
1007,3492,1007.2660844813018,99786,743,418,167,43,51505,26638,0.7831058465115347,463,239,29377,30755,10091,5435,9157,13108,45414,36157,10200,5402,6372,3373,11217,3537,10115,3866,1380,921,3341,4562,29758,1654,6159,1455,1113,2707,533,7723
1008,3492,1008.1058195853315,99786,764,434,167,43,51608,26687,0.7846291062874552,458,243,29346,30767,10114,5440,9149,13071,45414,36157,10228,5438,6357,3365,11193,3547,10137,3882,1380,936,3373,4552,29695,1648,6141,1466,1117,2715,538,7744
1009,3492,1009.3670298007409,99786,758,441,167,43,51741,26784,0.7869340388431243,499,228,29289,30782,10180,5487,9105,13017,45414,36157,10255,5474,6342,3352,11149,3564,10184,3913,1375,948,3446,4538,29588,1645,6123,1469,1120,2721,551,7758
1010,3492,1010.2088925289605,99786,776,437,167,43,51847,26826,0.788417212835468,506,247,29251,30763,10202,5509,9096,12999,45414,36157,10282,5510,6327,3345,11121,3565,10210,3942,1374,962,3477,4522,29522,1644,6111,1470,1124,2730,559,7781
1011,3492,1011.0516581185511,99786,775,426,167,43,51948,26871,0.7898803439360231,491,257,29230,30767,10249,5541,9086,12964,45414,36157,10308,5545,6318,3338,11090,3580,10238,3968,1371,970,3518,4510,29443,1636,6096,1473,1127,2739,571,7800
1012,3492,1012.3174629746408,99786,778,413,167,43,52110,26939,0.7921852764916922,472,262,29175,30779,10347,5590,9059,12911,45414,36157,10334,5580,6304,3326,11049,3596,10292,3997,1368,981,3601,4497,29324,1626,6070,1477,1128,2749,584,7817
1013,3492,1013.1626127665718,99786,803,445,167,43,52213,27009,0.7939189866313912,476,258,29165,30762,10361,5606,9026,12884,45414,36157,10360,5615,6293,3319,11034,3603,10300,4023,1366,991,3635,4485,29259,1625,6054,1483,1133,2753,594,7836
1014,3492,1014.0081404178877,99786,803,443,167,43,52315,27066,0.7955123965285712,483,265,29125,30738,10398,5642,9022,12867,45414,36157,10385,5650,6273,3314,11001,3610,10329,4044,1364,1010,3677,4475,29184,1620,6037,1486,1136,2768,609,7849
1015,3492,1015.2774817622925,99786,810,447,167,43,52453,27154,0.7977772433006635,519,278,29069,30739,10442,5684,8991,12807,45414,36157,10410,5684,6250,3308,10956,3611,10369,4074,1362,1032,3748,4462,29086,1620,6021,1492,1137,2778,629,7851
1016,3492,1016.1247770156069,99786,826,458,167,43,52552,27220,0.7994307818732087,524,265,29034,30742,10463,5712,8984,12778,45414,36157,10434,5718,6239,3304,10929,3616,10390,4102,1362,1043,3790,4454,29010,1614,6008,1495,1136,2785,638,7871
1017,3492,1017.3975687361258,99785,814,466,168,43,52715,27305,0.8019241368943228,506,263,28988,30747,10563,5755,8959,12724,45414,36157,10458,5752,6209,3295,10887,3624,10467,4129,1358,1072,3846,4430,28915,1609,5980,1493,1138,2795,655,7883
1018,3492,1018.2473300543217,99785,817,491,168,43,52826,27377,0.8037580798717242,505,247,28927,30749,10627,5780,8954,12688,45414,36157,10482,5786,6193,3282,10858,3634,10488,4157,1357,1088,3884,4418,28845,1607,5965,1498,1141,2802,668,7900
1019,3492,1019.0986571647013,99785,832,502,168,43,52934,27443,0.8055018289322042,497,249,28899,30728,10663,5812,8939,12664,45414,36157,10505,5819,6183,3278,10835,3637,10518,4175,1352,1098,3936,4404,28762,1604,5948,1505,1145,2807,679,7919
1020,3492,1020.3773785075806,99785,814,494,168,43,53074,27520,0.807676504484642,493,267,28873,30734,10736,5851,8914,12609,45414,36157,10528,5852,6157,3271,10800,3652,10559,4217,1349,1120,4008,4384,28662,1593,5926,1510,1145,2810,686,7936
1021,3492,1021.2306526014019,99785,840,485,168,43,53197,27580,0.8095104474620434,481,270,28836,30707,10773,5903,8900,12590,45414,36157,10550,5885,6147,3261,10762,3662,10597,4240,1347,1129,4065,4375,28575,1591,5911,1514,1141,2818,698,7952
1022,3492,1022.0847688177279,99785,832,480,168,43,53286,27637,0.8109735932254347,513,288,28798,30690,10810,5942,8877,12555,45414,36157,10572,5917,6136,3254,10737,3666,10632,4257,1345,1138,4110,4368,28496,1586,5890,1522,1142,2827,715,7964
1023,3492,1023.3678499446937,99785,843,472,168,43,53454,27721,0.8134990228992334,527,286,28738,30681,10880,5998,8842,12518,45414,36157,10594,5949,6111,3240,10702,3678,10676,4290,1345,1162,4179,4353,28392,1580,5869,1529,1144,2830,738,7967
1024,3492,1024.2243117674693,99785,880,473,168,43,53579,27780,0.8153429874229594,498,287,28712,30689,10909,6025,8831,12481,45414,36157,10615,5981,6098,3233,10677,3678,10715,4310,1342,1173,4216,4343,28331,1577,5846,1538,1145,2838,747,7978
1025,3492,1025.0817571881041,99784,864,484,168,44,53682,27845,0.8170347951575403,505,287,28669,30686,10982,6049,8810,12448,45414,36157,10636,6013,6081,3222,10654,3693,10745,4335,1336,1187,4263,4326,28251,1573,5837,1539,1151,2842,753,7996
1026,3492,1026.3701963043852,99783,838,505,169,44,53834,27947,0.8195885070603209,538,266,28609,30697,11063,6090,8781,12396,45414,36157,10657,6044,6056,3201,10612,3709,10806,4368,1332,1210,4317,4311,28164,1568,5815,1541,1154,2847,771,8001
1027,3492,1027.2306048172952,99783,861,495,169,44,53956,27999,0.8213322910716254,515,268,28578,30700,11110,6132,8765,12359,45414,36157,10677,6075,6045,3195,10588,3711,10818,4401,1331,1219,4371,4307,28089,1564,5798,1547,1154,2856,787,8002
1028,3492,1028.0918156727444,99783,872,515,169,44,54067,28070,0.8231562490604613,513,245,28529,30704,11160,6156,8755,12334,45414,36157,10697,6106,6033,3188,10557,3721,10844,4428,1330,1229,4406,4298,28021,1561,5782,1553,1154,2862,797,8019
1029,3492,1029.385993006049,99783,864,512,169,44,54239,28168,0.8258621208021406,528,245,28474,30717,11241,6210,8722,12270,45414,36157,10717,6137,6017,3167,10518,3747,10917,4458,1323,1244,4479,4280,27906,1555,5754,1554,1154,2861,823,8026
1030,3492,1030.2501980857282,99783,888,514,169,44,54370,28225,0.8277462092741249,497,269,28441,30681,11290,6247,8713,12243,45414,36157,10736,6167,6005,3160,10487,3755,10955,4480,1320,1255,4525,4273,27832,1550,5735,1557,1155,2867,832,8040
1031,3492,1031.1154070806415,99783,868,525,169,44,54459,28294,0.8293296453303669,514,268,28428,30679,11326,6266,8693,12216,45414,36157,10755,6197,5997,3148,10447,3766,10997,4499,1318,1260,4568,4263,27766,1545,5718,1561,1156,2882,845,8047
1032,3492,1032.4144396460692,99783,869,524,169,44,54623,28383,0.8318651473697924,537,282,28368,30660,11403,6327,8652,12161,45414,36157,10774,6227,5978,3134,10413,3781,11047,4533,1313,1277,4647,4251,27652,1540,5695,1562,1158,2885,855,8062
1033,3492,1033.2816165291224,99783,878,523,169,44,54730,28439,0.8334986921619916,536,280,28325,30661,11441,6363,8649,12127,45414,36157,10792,6257,5971,3129,10390,3790,11067,4565,1310,1280,4687,4242,27580,1535,5682,1562,1160,2890,869,8074
1034,3492,1034.1499201707763,99783,890,534,169,44,54854,28504,0.8353928023811671,538,292,28281,30649,11492,6393,8628,12086,45414,36157,10810,6286,5965,3121,10353,3804,11102,4598,1307,1284,4730,4225,27517,1530,5666,1563,1167,2893,880,8078
1035,3492,1035.0194827338053,99783,881,531,169,44,54976,28570,0.8372768908531514,532,294,28244,30645,11556,6427,8616,12057,45414,36157,10828,6315,5952,3108,10327,3818,11129,4632,1305,1294,4798,4206,27429,1524,5652,1565,1173,2895,890,8086
1036,3492,1036.32604599131,99782,878,513,170,44,55144,28655,0.8398208093644144,525,313,28206,30657,11630,6487,8589,11984,45414,36157,10846,6344,5926,3095,10301,3834,11147,4682,1300,1317,4887,4195,27315,1520,5629,1569,1172,2897,917,8079
1037,3492,1037.1980517313698,99782,868,520,170,44,55256,28715,0.8415445671564009,531,315,28169,30657,11685,6518,8575,11944,45414,36157,10863,6373,5903,3087,10276,3843,11172,4708,1294,1339,4926,4187,27240,1517,5620,1572,1171,2901,933,8093
1038,3492,1038.0713104214215,99782,894,514,170,44,55375,28780,0.8433885871199214,512,314,28133,30638,11737,6565,8552,11923,45414,36157,10880,6401,5895,3077,10246,3848,11209,4729,1292,1347,4981,4173,27166,1516,5606,1575,1172,2910,952,8088
1039,3492,1039.3830917190055,99781,876,508,171,44,55524,28876,0.8458524167927762,531,312,28097,30640,11799,6632,8524,11862,45414,36157,10897,6429,5867,3066,10206,3857,11281,4763,1289,1371,5044,4158,27073,1510,5576,1579,1172,2914,964,8091
1040,3492,1040.258577067453,99781,903,496,171,44,55644,28938,0.8476764113408364,544,312,28071,30626,11805,6681,8504,11839,45414,36157,10913,6457,5848,3060,10178,3864,11320,4784,1287,1388,5078,4148,27007,1505,5559,1582,1174,2922,978,8099
1041,3492,1041.1346062077064,99781,881,496,171,44,55742,29003,0.8493099888756377,565,322,28024,30621,11858,6714,8499,11801,45414,36157,10929,6485,5830,3050,10148,3881,11338,4824,1285,1405,5120,4143,26937,1500,5538,1585,1174,2928,988,8107
1042,3492,1042.0118431879637,99780,899,498,172,44,55870,29068,0.8512527560633394,533,314,28002,30638,11909,6753,8483,11751,45414,36157,10945,6512,5812,3045,10120,3897,11380,4852,1280,1416,5156,4135,26868,1496,5518,1585,1171,2931,994,8124
1043,3492,1043.3295850459485,99779,933,510,173,44,56052,29186,0.8542679321300073,523,289,27934,30636,11972,6815,8463,11704,45414,36157,10961,6539,5793,3033,10088,3902,11427,4895,1276,1435,5223,4114,26772,1492,5502,1584,1174,2938,1009,8122
1044,3492,1044.209601025908,99779,932,501,173,44,56165,29241,0.8559516531534692,524,280,27913,30647,12021,6856,8435,11670,45414,36157,10976,6566,5772,3023,10063,3913,11451,4927,1274,1453,5270,4108,26703,1488,5484,1589,1174,2941,1019,8127
1045,3492,1045.0905248566216,99779,943,496,173,44,56292,29299,0.8578057507090671,502,274,27896,30659,12073,6892,8411,11633,45414,36157,10991,6593,5756,3010,10027,3927,11488,4956,1270,1467,5309,4099,26643,1484,5465,1595,1175,2945,1029,8134
1046,3492,1046.4134970851553,99779,935,474,173,44,56460,29368,0.8601810000100222,534,291,27817,30680,12164,6942,8375,11567,45414,36157,11006,6619,5741,2999,9982,3937,11558,4994,1269,1477,5374,4082,26542,1479,5444,1597,1175,2948,1047,8134
1047,3492,1047.2971107677217,99779,942,476,173,44,56578,29433,0.8620150532677217,553,296,27792,30665,12196,6974,8342,11543,45414,36157,11021,6645,5730,2992,9953,3947,11609,5014,1267,1484,5411,4067,26473,1473,5429,1598,1176,2949,1065,8142
1048,3492,1048.181626289416,99779,938,493,173,44,56700,29506,0.8639693723128113,540,282,27762,30673,12261,7005,8324,11501,45414,36157,11036,6671,5713,2984,9924,3953,11641,5041,1265,1500,5455,4058,26402,1467,5417,1597,1178,2955,1083,8146
1049,3492,1049.0671204208631,99779,938,488,173,44,56816,29568,0.8657533148257649,558,286,27705,30676,12309,7040,8315,11464,45414,36157,11050,6697,5702,2970,9905,3963,11676,5066,1265,1508,5509,4049,26318,1463,5402,1597,1182,2956,1098,8150
1050,3492,1050.3981079263513,99779,951,484,173,44,57006,29669,0.8686697601699757,531,273,27660,30679,12400,7098,8283,11420,45414,36157,11064,6722,5680,2961,9863,3979,11724,5112,1261,1526,5580,4034,26221,1453,5385,1594,1181,2961,1118,8146
1051,3492,1051.2868794198507,99779,928,498,173,44,57119,29734,0.8704537026829293,538,275,27624,30674,12472,7120,8263,11387,45414,36157,11078,6747,5665,2951,9831,3982,11764,5147,1258,1540,5624,4020,26159,1450,5369,1596,1179,2970,1127,8147
1052,3492,1052.1768272184293,99779,905,500,173,44,57215,29794,0.872017157919001,567,274,27598,30674,12509,7147,8246,11359,45414,36157,11092,6772,5653,2940,9811,3991,11806,5175,1253,1552,5655,4013,26093,1446,5346,1596,1180,2972,1139,8158
1053,3492,1053.067745115947,99778,929,501,174,44,57336,29850,0.87379983563511,560,299,27560,30662,12548,7170,8227,11322,45414,36157,11105,6797,5641,2933,9790,3991,11835,5203,1252,1564,5690,4006,26033,1444,5332,1600,1180,2976,1150,8158
1054,3492,1054.4056872034569,99778,920,522,174,44,57526,29955,0.8767563992062378,578,284,27516,30656,12639,7220,8171,11272,45414,36157,11118,6822,5618,2918,9754,4004,11877,5259,1250,1582,5748,3984,25944,1439,5319,1599,1178,2975,1176,8154
1055,3492,1055.2987747378854,99778,929,505,174,44,57653,30008,0.8785604040970956,585,295,27490,30657,12684,7262,8136,11235,45414,36157,11131,6846,5604,2910,9737,4009,11900,5291,1247,1595,5807,3973,25863,1437,5303,1601,1180,2974,1194,8153
1056,3492,1056.1927756983055,99778,926,503,174,44,57780,30065,0.8804044979855279,585,318,27458,30652,12742,7286,8113,11195,45414,36157,11144,6870,5587,2899,9706,4020,11938,5321,1244,1611,5846,3963,25802,1431,5286,1603,1178,2983,1207,8153
1057,3492,1057.0874536471301,99778,937,506,174,44,57912,30138,0.8824590591112269,580,315,27429,30642,12786,7328,8092,11163,45414,36157,11157,6894,5570,2892,9674,4026,11977,5358,1242,1628,5884,3956,25738,1424,5267,1604,1181,2983,1219,8155
1058,3492,1058.4315438152012,99777,958,498,175,44,58115,30244,0.8855648095252413,543,328,27383,30628,12885,7396,8054,11104,45414,36157,11170,6918,5542,2882,9639,4039,12022,5411,1237,1653,5958,3940,25636,1418,5245,1605,1182,2985,1231,8152
1059,3492,1059.328892675727,99777,983,499,175,44,58254,30315,0.8876695029916715,529,324,27352,30632,12931,7433,8028,11066,45414,36157,11182,6941,5525,2870,9617,4054,12039,5443,1233,1663,6010,3932,25565,1416,5231,1609,1186,2986,1244,8154
1060,3492,1060.2270810961006,99777,968,515,175,44,58368,30396,0.8896238612104994,529,315,27323,30635,12998,7464,8005,11025,45414,36157,11194,6964,5507,2863,9584,4061,12071,5470,1232,1677,6073,3922,25487,1412,5215,1610,1189,2994,1258,8152
1061,3492,1061.1264069773292,99777,976,537,175,44,58492,30472,0.8916283311785281,520,309,27315,30641,13040,7476,7972,10991,45414,36157,11206,6987,5495,2857,9558,4068,12100,5496,1230,1685,6120,3913,25418,1409,5203,1613,1189,2999,1269,8155
1062,3492,1062.0260675611908,99777,947,515,175,44,58591,30538,0.8932820189021518,550,311,27283,30636,13091,7532,7952,10960,45414,36157,11218,7010,5472,2852,9520,4072,12147,5535,1227,1705,6157,3900,25357,1405,5191,1613,1189,2997,1289,8149
1063,3492,1063.3774353762462,99777,954,520,175,44,58776,30652,0.8962787015043547,551,307,27212,30642,13191,7593,7915,10892,45414,36157,11230,7033,5451,2838,9491,4079,12196,5580,1224,1725,6244,3887,25243,1401,5169,1610,1188,2997,1307,8147
1064,3492,1064.280172131499,99777,960,509,175,44,58909,30698,0.8980727021257404,549,325,27161,30651,13252,7616,7901,10853,45414,36157,11241,7055,5433,2827,9468,4092,12229,5610,1221,1738,6278,3873,25193,1396,5151,1614,1191,3000,1323,8140
1065,3492,1065.184488364299,99776,961,516,176,44,59047,30778,0.900266597177678,524,328,27142,30642,13310,7652,7885,10816,45414,36157,11252,7077,5417,2822,9434,4092,12263,5650,1221,1749,6334,3864,25112,1395,5139,1614,1192,3001,1336,8141
1066,3492,1066.0899827729634,99776,966,531,176,44,59172,30858,0.9023211994868505,522,332,27122,30635,13340,7686,7872,10770,45414,36157,11263,7099,5400,2809,9416,4105,12283,5685,1220,1763,6377,3856,25051,1389,5120,1620,1192,3004,1347,8139
1067,3492,1067.4490909163055,99776,947,518,176,44,59351,30977,0.9053078896728672,533,310,27068,30638,13433,7767,7841,10721,45414,36157,11274,7121,5374,2796,9375,4118,12350,5736,1211,1786,6454,3840,24935,1382,5104,1615,1189,3006,1370,8135
1068,3492,1068.356962535825,99776,949,514,176,44,59481,31041,0.9072522450288647,539,323,27026,30639,13484,7797,7824,10681,45414,36157,11285,7143,5358,2784,9341,4128,12393,5773,1207,1801,6487,3830,24878,1378,5088,1618,1190,3005,1382,8135
1069,3492,1069.2659893192786,99776,928,511,176,44,59595,31107,0.909056286080821,541,310,26983,30649,13554,7841,7816,10643,45414,36157,11296,7164,5339,2778,9313,4143,12428,5806,1201,1815,6544,3822,24803,1374,5067,1617,1192,3007,1391,8136
1070,3492,1070.176725982244,99776,929,514,176,44,59721,31176,0.9110106638871072,530,319,26961,30644,13601,7872,7801,10605,45414,36157,11307,7185,5327,2770,9289,4145,12466,5838,1200,1822,6587,3814,24735,1372,5054,1619,1190,3011,1407,8130
1071,3492,1071.0884917396454,99776,933,519,176,44,59842,31255,0.9130151539448365,532,301,26947,30645,13640,7921,7770,10568,45414,36157,11317,7206,5306,2757,9256,4158,12500,5867,1200,1842,6636,3804,24667,1368,5040,1621,1191,3015,1417,8131
1072,3492,1072.0009329002323,99775,910,522,177,44,59946,31321,0.9147281383112001,547,293,26921,30644,13692,7949,7751,10546,45414,36157,11327,7227,5293,2749,9229,4169,12535,5895,1196,1852,6680,3793,24604,1361,5023,1625,1192,3021,1433,8125
1073,3492,1073.370855080655,99775,947,510,177,44,60149,31407,0.9176246554748183,549,302,26878,30661,13745,7993,7702,10488,45414,36157,11337,7248,5267,2741,9187,4170,12592,5936,1194,1874,6730,3785,24522,1356,5003,1626,1191,3023,1448,8130
1074,3492,1074.2851137276866,99774,944,507,177,45,60281,31481,0.9196985186521539,531,288,26863,30665,13807,8031,7676,10462,45414,36157,11347,7268,5253,2729,9164,4189,12627,5971,1189,1883,6775,3771,24454,1349,4990,1628,1192,3022,1464,8124
1075,3492,1075.2003242019016,99774,941,503,177,45,60396,31544,0.9214825505642753,561,288,26834,30680,13837,8058,7648,10424,45414,36157,11357,7288,5235,2725,9142,4184,12663,6001,1187,1901,6821,3767,24385,1347,4969,1630,1193,3022,1480,8122
1076,3492,1076.1163550724684,99774,941,490,177,45,60534,31602,0.9234469901978472,539,294,26836,30683,13879,8091,7626,10395,45414,36157,11367,7308,5221,2717,9116,4191,12685,6044,1185,1911,6878,3763,24308,1341,4963,1627,1189,3022,1495,8118
1077,3492,1077.0325522765363,99774,940,486,177,45,60654,31662,0.925251067412352,540,298,26820,30669,13922,8136,7599,10364,45414,36157,11377,7328,5207,2710,9098,4198,12699,6085,1183,1923,6932,3753,24240,1336,4950,1631,1188,3021,1507,8113
1078,3492,1078.407800607839,99774,962,475,177,45,60845,31762,0.9281676589091347,552,311,26762,30669,13999,8193,7546,10305,45414,36157,11386,7348,5190,2695,9055,4209,12763,6123,1181,1938,7001,3742,24150,1330,4921,1633,1188,3023,1531,8101
1079,3492,1079.3259487820853,99773,960,481,178,45,60958,31830,0.9299910797510349,560,298,26745,30693,14031,8218,7524,10263,45414,36157,11395,7367,5179,2684,9025,4218,12802,6155,1179,1946,7043,3733,24094,1326,4902,1635,1187,3027,1534,8104
1080,3492,1080.244744744927,99773,934,482,178,45,61067,31897,0.9317550840407726,562,308,26729,30693,14093,8240,7502,10230,45414,36157,11404,7386,5160,2671,8998,4232,12841,6186,1173,1962,7078,3723,24038,1321,4891,1638,1188,3029,1547,8097
1081,3492,1081.1642163477254,99772,936,487,179,45,61184,31962,0.9335885819668845,550,304,26715,30699,14138,8259,7480,10204,45414,36157,11413,7405,5142,2661,8986,4238,12864,6221,1170,1977,7109,3716,23979,1318,4879,1636,1187,3029,1558,8102
1082,3492,1082.084396843182,99772,935,510,179,45,61311,32044,0.9356833580563685,527,275,26692,30706,14202,8281,7463,10181,45414,36157,11422,7424,5121,2651,8967,4239,12888,6259,1169,1995,7155,3707,23916,1316,4866,1640,1186,3028,1568,8101
1083,3492,1083.0053365821047,99772,919,530,179,45,61432,32120,0.937657859920619,521,248,26672,30724,14261,8303,7446,10148,45414,36157,11431,7443,5103,2636,8940,4254,12915,6295,1166,2011,7196,3702,23856,1313,4852,1642,1186,3028,1579,8098
1084,3492,1084.3888423814756,99770,936,524,181,45,61625,32225,0.9406635261100531,501,231,26642,30760,14331,8349,7407,10089,45414,36157,11440,7462,5082,2624,8912,4264,12956,6344,1166,2027,7257,3689,23764,1308,4832,1642,1184,3030,1604,8085
1085,3492,1085.3120195668018,99770,911,507,181,45,61744,32278,0.9423874912298286,501,257,26602,30766,14412,8375,7391,10048,45414,36157,11449,7480,5063,2615,8884,4279,12997,6373,1160,2040,7314,3675,23689,1305,4818,1642,1185,3035,1616,8080
1086,3492,1086.2365930632673,99769,910,503,182,45,61855,32338,0.9441108961701531,515,261,26572,30772,14448,8401,7371,10016,45414,36157,11457,7498,5047,2610,8862,4286,13028,6403,1156,2050,7344,3672,23635,1302,4805,1642,1185,3037,1629,8076
1087,3492,1087.1623625913714,99768,919,488,182,46,61991,32393,0.9460348007377115,501,269,26554,30785,14499,8428,7343,9982,45414,36157,11465,7516,5034,2605,8830,4297,13071,6431,1152,2061,7378,3663,23569,1297,4793,1641,1184,3042,1650,8070
1088,3492,1088.0889087705118,99768,926,496,182,46,62111,32458,0.9478891027183065,498,276,26536,30785,14534,8449,7322,9946,45414,36157,11473,7534,5025,2595,8809,4307,13098,6467,1148,2065,7409,3656,23518,1296,4781,1640,1183,3041,1663,8067
1089,3492,1089.0160025286393,99768,901,507,182,46,62213,32526,0.949593055889664,519,271,26508,30781,14582,8476,7306,9917,45414,36157,11481,7552,5016,2585,8778,4322,13135,6501,1142,2071,7445,3648,23463,1289,4768,1641,1185,3039,1671,8069
1090,3492,1090.408104144237,99767,908,491,183,46,62402,32623,0.9524692533603296,514,285,26510,30762,14639,8546,7244,9868,45414,36157,11489,7570,4993,2579,8740,4323,13189,6560,1135,2087,7510,3638,23369,1286,4755,1639,1179,3037,1683,8065
1091,3492,1091.3362980950649,99767,906,490,183,46,62537,32687,0.9544639008890715,506,300,26500,30762,14689,8574,7214,9826,45414,36157,11497,7587,4984,2567,8710,4328,13219,6609,1132,2094,7534,3628,23322,1283,4745,1641,1178,3038,1698,8057
1092,3492,1092.2646204559765,99767,922,502,183,46,62656,32763,0.9564184550001503,501,280,26475,30781,14716,8607,7201,9782,45414,36157,11505,7604,4973,2558,8694,4339,13233,6650,1129,2103,7560,3621,23274,1280,4733,1642,1176,3039,1714,8049
1093,3492,1093.1938150832498,99766,936,497,183,47,62787,32832,0.9584327325942706,475,293,26483,30770,14735,8644,7186,9747,45414,36157,11513,7621,4957,2546,8666,4355,13276,6683,1125,2116,7593,3613,23221,1275,4714,1643,1177,3037,1723,8046
1094,3492,1094.1227694468039,99766,941,507,183,47,62907,32905,0.9603672593869655,476,298,26472,30766,14764,8671,7162,9709,45414,36157,11521,7638,4935,2538,8647,4364,13317,6705,1122,2135,7630,3600,23162,1270,4701,1643,1178,3040,1729,8050
