,indexID,time,N,Inf_L,Inf_H,Dead_L,Dead_H,cum_cases_L,cum_cases_H,cum_sum_per_N,Exposed_L,Exposed_H,Sus_L,Sus_H,Rec_nat_L,Rec_nat_H,Rec_vax_L,Rec_vax_H,vaccinatedH,vaccinatedL,boostedH,boostedL,count_Naive,count_Delta,count_Delta_vaccine,count_two,count_three,count_four,count_Omicron,count_Omicron_star,count_Omicron_star_vaccine,count_Omicron_vaccine,count_Vaccine,count_WT,count_WT_vaccine,count_WT_vaccine_boost,count_Omicron_vaccine_boost,count_Delta_vaccine_boost,count_Omicron_star_vaccine_boost,count_Vaccine_boost
0,1383,1.0166371369795426,99998,4,10,0,0,4,10,0.00014000280005600112,21,16,49974,49973,0,0,0,0,0,0,0,0,99998,0,0,0,0,0,0,0,0,0,0,0,0,0,0,0,0,0
1,1383,2.243321936876412,99998,9,13,0,0,11,16,0.00027000540010800215,20,12,49968,49971,2,3,0,0,0,0,0,0,99993,0,0,0,0,0,0,0,0,0,0,5,0,0,0,0,0,0
2,1383,3.0326157267753384,99998,15,15,0,0,17,18,0.0003500070001400028,16,11,49966,49970,2,3,0,0,0,0,0,0,99993,0,0,0,0,0,0,0,0,0,0,5,0,0,0,0,0,0
3,1383,4.040865835954559,99998,19,17,0,0,22,21,0.00043000860017200347,13,9,49964,49969,3,4,0,0,0,0,0,0,99991,0,0,0,0,0,0,0,0,0,0,7,0,0,0,0,0,0
4,1383,5.018792104270626,99998,25,13,0,0,29,24,0.0005300106002120043,7,7,49963,49968,4,11,0,0,0,0,0,0,99983,0,0,0,0,0,0,0,0,0,0,15,0,0,0,0,0,0
5,1383,6.093377071732545,99998,29,13,0,0,37,28,0.0006500130002600052,8,5,49954,49966,8,15,0,0,0,0,0,0,99975,0,0,0,0,0,0,0,0,0,0,23,0,0,0,0,0,0
6,1383,7.001298428590855,99998,27,12,0,0,39,28,0.0006700134002680054,9,7,49951,49964,12,16,0,0,0,0,0,0,99970,0,0,0,0,0,0,0,0,0,0,28,0,0,0,0,0,0
7,1383,8.039351630928218,99998,26,15,0,0,41,31,0.0007200144002880058,8,4,49950,49964,15,16,0,0,0,0,0,0,99967,0,0,0,0,0,0,0,0,0,0,31,0,0,0,0,0,0
8,1383,9.032843507939008,99998,27,16,0,0,45,33,0.0007800156003120063,5,5,49949,49962,18,16,0,0,0,0,0,0,99963,0,0,0,0,0,0,0,0,0,0,35,0,0,0,0,0,0
9,1383,10.119305836406857,99998,27,16,0,0,48,35,0.0008300166003320066,9,7,49942,49958,21,18,0,0,0,0,0,0,99958,0,0,0,0,0,0,0,0,0,0,40,0,0,0,0,0,0
10,1383,11.14849901206544,99998,25,13,0,0,50,37,0.000870017400348007,10,11,49939,49952,25,23,0,0,0,0,0,0,99949,0,0,0,0,0,0,0,0,0,0,49,0,0,0,0,0,0
11,1383,12.054722734842544,99998,25,16,0,0,53,40,0.0009300186003720074,8,10,49938,49950,28,23,0,0,0,0,0,0,99946,0,0,0,0,0,0,0,0,0,0,52,0,0,0,0,0,0
12,1383,13.122043533478946,99998,19,14,0,0,54,44,0.0009800196003920078,13,11,49932,49945,35,29,0,0,0,0,0,0,99933,0,0,0,0,0,0,0,0,0,0,65,0,0,0,0,0,0
13,1383,14.010347976137867,99998,19,15,0,0,57,45,0.0010200204004080081,13,12,49929,49943,38,29,0,0,0,0,0,0,99930,0,0,0,0,0,0,0,0,0,0,68,0,0,0,0,0,0
14,1383,15.021766848514089,99998,16,18,0,0,58,51,0.0010900218004360088,16,6,49925,49943,42,32,0,0,0,0,0,0,99923,0,0,0,0,0,0,0,0,0,0,75,0,0,0,0,0,0
15,1383,16.268574491477636,99998,18,16,0,0,63,52,0.0011500230004600092,17,7,49919,49941,45,35,0,0,0,0,0,0,99917,0,0,0,0,0,0,0,0,0,0,81,0,0,0,0,0,0
16,1383,17.082749233116783,99998,18,17,0,0,65,54,0.0011900238004760096,16,6,49918,49940,47,36,0,0,0,0,0,0,99914,0,0,0,0,0,0,0,0,0,0,84,0,0,0,0,0,0
17,1383,18.14178909646436,99998,21,15,0,0,70,55,0.00125002500050001,15,8,49914,49937,49,39,0,0,0,0,0,0,99909,0,0,0,0,0,0,0,0,0,0,89,0,0,0,0,0,0
18,1383,19.001583823837166,99998,21,16,0,0,74,57,0.0013100262005240105,12,9,49913,49934,53,40,0,0,0,0,0,0,99904,0,0,0,0,0,0,0,0,0,0,94,0,0,0,0,0,0
19,1383,20.052702516553282,99998,21,19,0,0,77,60,0.001370027400548011,17,11,49905,49929,56,40,0,0,0,0,0,0,99901,0,0,0,0,0,0,0,0,0,0,97,0,0,0,0,0,0
20,1383,21.036359484832996,99998,20,23,0,0,78,64,0.0014200284005680113,21,10,49901,49926,57,40,0,0,0,0,0,0,99899,0,0,0,0,0,0,0,0,0,0,99,0,0,0,0,0,0
21,1383,22.040182504749218,99998,24,22,0,0,86,65,0.001510030200604012,19,11,49895,49924,61,42,0,0,0,0,0,0,99893,0,0,0,0,0,0,0,0,0,0,105,0,0,0,0,0,0
22,1383,23.253665584817657,99998,29,26,0,0,94,70,0.001640032800656013,13,8,49893,49922,64,43,0,0,0,0,0,0,99889,0,0,0,0,0,0,0,0,0,0,109,0,0,0,0,0,0
23,1383,24.016845646869672,99998,25,25,0,0,97,71,0.0016800336006720135,12,8,49891,49921,71,45,0,0,0,0,0,0,99880,0,0,0,0,0,0,0,0,0,0,118,0,0,0,0,0,0
24,1383,25.11686154942929,99998,24,25,0,0,102,75,0.0017700354007080142,17,10,49881,49915,77,49,0,0,0,0,0,0,99870,0,0,0,0,0,0,0,0,0,0,128,0,0,0,0,0,0
25,1383,26.022055984581257,99998,27,27,0,0,109,78,0.001870037400748015,14,8,49877,49914,81,50,0,0,0,0,0,0,99865,0,0,0,0,0,0,0,0,0,0,133,0,0,0,0,0,0
26,1383,27.036870139749528,99998,25,25,0,0,110,79,0.0018900378007560151,17,13,49875,49908,82,53,0,0,0,0,0,0,99859,0,0,0,0,0,0,0,0,0,0,139,0,0,0,0,0,0
27,1383,28.24368197269295,99998,22,24,0,0,114,82,0.0019600392007840155,18,11,49871,49907,88,57,0,0,0,0,0,0,99848,0,0,0,0,0,0,0,0,0,0,150,0,0,0,0,0,0
28,1383,29.295429361596625,99998,24,25,0,0,118,86,0.0020400408008160163,16,9,49871,49905,88,60,0,0,0,0,0,0,99843,0,0,0,0,0,0,0,0,0,0,155,0,0,0,0,0,0
29,1383,30.05704690819357,99998,25,29,0,0,121,91,0.002120042400848017,19,8,49865,49901,90,61,0,0,0,0,0,0,99840,0,0,0,0,0,0,0,0,0,0,158,0,0,0,0,0,0
30,1383,31.22755592302793,99998,28,25,0,0,128,92,0.002200044000880018,25,9,49852,49899,94,66,0,0,0,0,0,0,99831,0,0,0,0,0,0,0,0,0,0,167,0,0,0,0,0,0
31,1383,32.24631057819722,99998,32,23,0,0,134,93,0.002270045400908018,27,12,49844,49896,96,68,0,0,0,0,0,0,99826,0,0,0,0,0,0,0,0,0,0,172,0,0,0,0,0,0
32,1383,33.312313466407915,99998,31,22,0,0,137,96,0.0023300466009320187,28,11,49840,49895,100,71,0,0,0,0,0,0,99818,0,0,0,0,0,0,0,0,0,0,180,0,0,0,0,0,0
33,1383,34.2214400236775,99998,31,21,0,0,142,99,0.0024100482009640194,31,10,49832,49893,105,75,0,0,0,0,0,0,99809,0,0,0,0,0,0,0,0,0,0,189,0,0,0,0,0,0
34,1383,35.24007881147457,99998,44,20,0,0,157,102,0.002590051801036021,23,9,49825,49891,107,79,0,0,0,0,0,0,99803,0,0,0,0,0,0,0,0,0,0,195,0,0,0,0,0,0
35,1383,36.013354550370316,99998,46,21,0,0,165,105,0.0027000540010800214,20,8,49820,49889,113,81,0,0,0,0,0,0,99795,0,0,0,0,0,0,0,0,0,0,203,0,0,0,0,0,0
36,1383,37.21082641240315,99998,47,21,0,0,174,109,0.0028300566011320227,15,5,49816,49889,121,84,0,0,0,0,0,0,99783,0,0,0,0,0,0,0,0,0,0,215,0,0,0,0,0,0
37,1383,38.021049460814176,99998,50,17,0,0,177,109,0.002860057201144023,20,8,49808,49886,121,88,0,0,0,0,0,0,99779,0,0,0,0,0,0,0,0,0,0,219,0,0,0,0,0,0
38,1383,39.21349714817931,99997,41,17,1,0,180,111,0.0029100873026190787,24,7,49802,49885,131,90,0,0,0,0,0,0,99765,0,0,0,0,0,0,0,0,0,0,232,0,0,0,0,0,0
39,1383,40.036100678559414,99997,36,17,1,0,184,114,0.0029800894026820804,26,8,49796,49881,140,93,0,0,0,0,0,0,99753,0,0,0,0,0,0,0,0,0,0,244,0,0,0,0,0,0
40,1383,41.01299279923528,99997,41,14,1,0,194,114,0.003080092402772083,25,11,49788,49879,144,95,0,0,0,0,0,0,99746,0,0,1,0,0,0,0,0,0,0,250,0,0,0,0,0,0
41,1383,42.09498561811103,99997,40,15,1,0,197,116,0.0031300939028170846,31,12,49781,49877,146,95,0,0,0,0,0,0,99741,0,0,1,0,0,0,0,0,0,0,255,0,0,0,0,0,0
42,1383,43.19708671990763,99997,46,18,1,0,207,119,0.003260097802934088,29,11,49775,49876,148,94,0,0,0,0,0,0,99737,0,0,1,0,0,0,0,0,0,0,259,0,0,0,0,0,0
43,1383,44.13099535434835,99997,51,18,1,0,217,121,0.0033801014030420914,25,9,49770,49876,152,96,0,0,0,0,0,0,99730,0,0,1,0,0,0,0,0,0,0,266,0,0,0,0,0,0
44,1383,45.119003182396,99997,51,19,1,0,224,124,0.003480104403132094,29,8,49760,49874,158,98,0,0,0,0,0,0,99721,0,0,1,0,0,0,0,0,0,0,275,0,0,0,0,0,0
45,1383,46.12711099236648,99997,51,16,1,0,228,124,0.003520105603168095,34,9,49751,49874,162,100,0,0,0,0,0,0,99714,0,0,1,0,0,0,0,0,0,0,282,0,0,0,0,0,0
46,1383,47.13290317838017,99997,47,18,1,0,234,127,0.0036101083032490976,36,11,49743,49869,172,101,0,0,0,0,0,0,99703,0,0,1,0,0,0,0,0,0,0,293,0,0,0,0,0,0
47,1383,48.11154327625648,99997,51,15,1,0,244,131,0.003750112503375101,36,11,49733,49865,178,108,0,0,0,0,0,0,99690,0,0,1,0,0,0,0,0,0,0,306,0,0,0,0,0,0
48,1383,49.26321998582217,99997,50,15,1,0,256,135,0.003910117303519106,35,7,49724,49865,189,112,0,0,0,0,0,0,99673,0,0,1,0,0,0,0,0,0,0,323,0,0,0,0,0,0
49,1383,50.32811989033471,99997,56,13,1,0,265,136,0.004010120303609108,31,9,49719,49862,192,115,0,0,0,0,0,0,99667,0,0,1,0,0,0,0,0,0,0,329,0,0,0,0,0,0
50,1383,51.18926180367122,99997,60,12,1,0,272,139,0.004110123303699111,32,8,49711,49860,195,119,0,0,0,0,0,0,99660,0,0,1,0,0,0,0,0,0,0,336,0,0,0,0,0,0
51,1383,52.28477220406296,99997,59,15,1,0,278,142,0.004200126003780114,31,10,49707,49855,201,119,0,0,0,0,0,0,99653,0,0,1,0,0,0,0,0,0,0,343,0,0,0,0,0,0
52,1383,53.29798166336258,99997,56,14,1,0,287,143,0.004300129003870116,32,11,49698,49853,212,121,0,0,0,0,0,0,99639,0,0,1,0,0,0,0,0,0,0,357,0,0,0,0,0,0
53,1383,54.16918455413372,99997,55,16,1,0,294,146,0.004400132003960119,31,13,49693,49848,219,122,0,0,0,0,0,0,99630,0,0,1,0,0,0,0,0,0,0,366,0,0,0,0,0,0
54,1383,55.18442757334988,99997,57,17,1,0,300,149,0.004490134704041121,33,14,49685,49844,223,124,0,0,0,0,0,0,99624,0,0,1,0,0,0,0,0,0,0,372,0,0,0,0,0,0
55,1383,56.202526046938985,99997,54,18,1,0,303,151,0.004540136204086122,41,15,49675,49841,228,125,0,0,0,0,0,0,99617,0,0,1,0,0,0,0,0,0,0,379,0,0,0,0,0,0
56,1383,57.00679077173634,99997,55,18,1,0,310,155,0.004650139504185125,39,13,49671,49839,233,129,0,0,0,0,0,0,99607,0,0,1,0,0,0,0,0,0,0,389,0,0,0,0,0,0
57,1383,58.26299027125517,99997,56,22,1,0,321,160,0.00481014430432913,36,16,49665,49831,241,130,0,0,0,0,0,0,99596,0,0,1,0,0,0,0,0,0,0,400,0,0,0,0,0,0
58,1383,59.077566246983814,99997,54,24,1,0,327,163,0.0049001470044101325,36,16,49660,49828,248,131,0,0,0,0,0,0,99587,0,0,1,0,0,0,0,0,0,0,409,0,0,0,0,0,0
59,1383,60.26985847570281,99997,54,28,1,0,340,170,0.005100153004590138,30,12,49655,49826,259,133,0,0,0,0,0,0,99571,0,0,1,0,0,0,0,0,0,0,425,0,0,0,0,0,0
60,1383,61.14187744612194,99997,58,29,1,0,350,174,0.005240157204716141,29,15,49649,49819,262,136,0,0,0,0,0,0,99562,0,0,1,0,0,0,0,0,0,0,434,0,0,0,0,0,0
61,1383,62.08003056069659,99997,57,27,1,0,356,177,0.005330159904797144,28,15,49646,49816,267,141,0,0,0,0,0,0,99550,0,0,1,0,0,0,0,0,0,0,446,0,0,0,0,0,0
62,1383,63.1454508201671,99997,50,24,1,0,360,182,0.005420162604878147,36,13,49637,49813,275,149,0,0,0,0,0,0,99532,0,0,2,0,0,0,0,0,0,0,463,0,0,0,0,0,0
63,1383,64.09462267590877,99997,50,25,1,0,367,186,0.00553016590497715,34,10,49632,49812,282,152,0,0,0,0,0,0,99522,0,0,2,0,0,0,0,0,0,0,473,0,0,0,0,0,0
64,1383,65.11154627729252,99997,56,23,1,0,379,188,0.005670170105103153,30,11,49624,49809,288,156,0,0,0,0,0,0,99512,0,0,2,0,0,0,0,0,0,0,483,0,0,0,0,0,0
65,1383,66.26894549724598,99997,57,25,1,0,385,192,0.005770173105193155,34,9,49615,49807,292,158,0,0,0,0,0,0,99505,0,0,2,0,0,0,0,0,0,0,490,0,0,0,0,0,0
66,1383,67.00795588483749,99997,57,22,1,0,393,194,0.0058701761052831584,32,15,49609,49799,300,163,0,0,0,0,0,0,99492,0,0,2,0,0,0,0,0,0,0,503,0,0,0,0,0,0
67,1383,68.1434077141577,99997,54,25,1,0,401,200,0.006010180305409162,32,13,49602,49797,310,164,0,0,0,0,0,0,99478,0,0,2,0,0,0,0,0,0,0,517,0,0,0,0,0,0
68,1383,69.18834634665856,99997,49,27,1,0,405,204,0.006090182705481164,36,16,49597,49790,316,166,0,0,0,0,0,0,99467,0,0,2,0,0,0,0,0,0,0,528,0,0,0,0,0,0
69,1383,70.00458764202214,99996,46,26,1,1,410,207,0.006170246809872395,35,14,49595,49789,322,169,0,0,0,0,0,0,99455,0,0,2,0,0,0,0,0,0,0,539,0,0,0,0,0,0
70,1383,71.13329590407508,99996,48,25,1,1,422,211,0.006330253210128405,32,14,49588,49786,330,173,0,0,0,0,0,0,99440,0,0,2,0,0,0,0,0,0,0,554,0,0,0,0,0,0
71,1383,72.09191079499318,99996,53,27,1,1,432,216,0.006480259210368415,28,10,49583,49785,334,176,0,0,0,0,0,0,99432,0,0,2,0,0,0,0,0,0,0,562,0,0,0,0,0,0
72,1383,73.09911530577038,99996,49,28,1,1,437,218,0.006550262010480419,30,11,49579,49783,340,176,0,0,0,0,0,0,99423,0,0,3,0,0,0,0,0,0,0,570,0,0,0,0,0,0
73,1383,74.08931253754766,99996,51,27,1,1,442,221,0.006630265210608425,28,12,49576,49779,343,180,0,0,0,0,0,0,99416,0,0,3,0,0,0,0,0,0,0,577,0,0,0,0,0,0
74,1383,75.26323237564789,99996,50,25,1,1,449,223,0.00672026881075243,24,17,49573,49773,351,183,0,0,0,0,0,0,99404,0,0,3,0,0,0,0,0,0,0,589,0,0,0,0,0,0
75,1383,76.22565644420246,99996,48,24,1,1,457,227,0.006840273610944437,29,16,49561,49771,360,187,0,0,0,0,0,0,99389,0,0,3,0,0,0,0,0,0,0,604,0,0,0,0,0,0
76,1383,77.0533621266001,99996,44,22,1,1,461,229,0.0069002760110404415,27,17,49561,49768,366,191,0,0,0,0,0,0,99377,0,0,3,0,0,0,0,0,0,0,616,0,0,0,0,0,0
77,1383,78.12863171255104,99996,45,23,1,1,471,233,0.00704028161126445,23,19,49557,49762,373,194,0,0,0,0,0,0,99365,0,0,3,0,0,0,0,0,0,0,628,0,0,0,0,0,0
78,1383,79.32203641328603,99996,40,27,1,1,475,239,0.007140285611424457,31,19,49548,49756,379,196,0,0,0,0,0,0,99354,0,0,3,0,0,0,0,0,0,0,639,0,0,0,0,0,0
79,1383,80.00520531713927,99996,42,26,1,1,478,240,0.007180287211488459,31,19,49546,49756,379,197,0,0,0,0,0,0,99351,0,0,3,0,0,0,0,0,0,0,642,0,0,0,0,0,0
80,1383,81.01681196684004,99996,51,31,1,1,491,247,0.007380295211808472,25,17,49541,49752,381,198,0,0,0,0,0,0,99345,0,0,3,0,0,0,0,0,0,0,648,0,0,0,0,0,0
81,1383,82.05358067367311,99996,56,33,1,1,500,253,0.007530301212048482,23,18,49536,49746,383,201,0,0,0,0,0,0,99337,0,0,3,0,0,0,0,0,0,0,656,0,0,0,0,0,0
82,1383,83.20828907376065,99996,48,32,1,1,503,259,0.007620304812192487,30,20,49527,49738,393,208,0,0,0,0,0,0,99319,0,0,3,0,0,0,0,0,0,0,674,0,0,0,0,0,0
83,1383,84.33509741368886,99996,46,32,1,1,509,264,0.007730309212368495,30,24,49521,49729,401,213,0,0,0,0,0,0,99307,0,0,4,0,0,0,0,0,0,0,685,0,0,0,0,0,0
84,1383,85.01855164641657,99996,45,32,1,1,515,267,0.007820312812512501,31,26,49515,49725,407,215,0,0,0,0,0,0,99297,0,0,4,0,0,0,0,0,0,0,695,0,0,0,0,0,0
85,1383,86.04386517903242,99996,49,32,1,1,522,270,0.007920316812672508,33,29,49507,49720,409,217,0,0,0,0,0,0,99291,0,0,4,0,0,0,0,0,0,0,701,0,0,0,0,0,0
86,1383,87.06926022676974,99996,50,36,1,1,527,280,0.008070322812912516,35,27,49504,49713,409,222,0,0,0,0,0,0,99281,0,0,4,0,0,0,0,0,0,0,711,0,0,0,0,0,0
87,1383,88.09470540128478,99995,51,37,2,1,538,286,0.00824041202060103,34,23,49495,49711,417,227,0,0,0,0,0,0,99266,0,0,4,0,0,0,0,0,0,0,725,0,0,0,0,0,0
88,1383,89.12031679013673,99995,50,40,2,1,546,291,0.008370418520926046,37,21,49485,49708,425,229,0,0,0,0,0,0,99255,0,0,4,0,0,0,0,0,0,0,736,0,0,0,0,0,0
89,1383,90.14611111572694,99995,49,37,2,1,557,294,0.008510425521276064,33,24,49480,49703,435,234,0,0,0,0,0,0,99237,0,0,4,0,0,0,0,0,0,0,754,0,0,0,0,0,0
90,1383,91.17208846284484,99995,50,36,2,1,566,298,0.00864043202160108,41,24,49463,49700,443,238,0,0,0,0,0,0,99224,0,0,4,0,0,0,0,0,0,0,767,0,0,0,0,0,0
91,1383,92.19828593960914,99995,51,36,2,1,575,304,0.008790439521976098,48,23,49449,49696,449,243,0,0,0,0,0,0,99210,0,0,4,0,0,0,0,0,0,0,781,0,0,0,0,0,0
92,1383,93.22471467863579,99995,61,34,2,1,593,311,0.00904045202260113,43,23,49440,49691,453,250,0,0,0,0,0,0,99193,0,0,4,0,0,0,0,0,0,0,798,0,0,0,0,0,0
93,1383,94.0617884674581,99995,63,35,2,1,602,315,0.009170458522926146,45,24,49429,49686,460,253,0,0,0,0,0,0,99183,0,0,4,0,0,0,0,0,0,0,808,0,0,0,0,0,0
94,1383,95.08851751128108,99995,71,34,2,1,617,319,0.00936046802340117,38,30,49422,49676,466,258,0,0,0,0,0,0,99171,0,0,4,0,0,0,0,0,0,0,820,0,0,0,0,0,0
95,1383,96.11537379106157,99995,68,38,2,1,626,327,0.009530476523826192,38,26,49414,49672,477,262,0,0,0,0,0,0,99155,0,0,4,0,0,0,0,0,0,0,836,0,0,0,0,0,0
96,1383,97.14239559397465,99995,72,41,2,1,640,334,0.009740487024351218,32,28,49408,49663,485,266,0,0,0,0,0,0,99141,0,0,4,0,0,0,0,0,0,0,850,0,0,0,0,0,0
97,1383,98.16955667597999,99995,68,36,2,1,649,339,0.009880494024701234,32,30,49401,49656,496,276,0,0,0,0,0,0,99118,0,0,4,0,0,0,0,0,0,0,873,0,0,0,0,0,0
98,1383,99.19691135068551,99995,67,41,2,1,660,351,0.010110505525276264,29,19,49394,49655,507,283,0,0,0,0,0,0,99099,0,0,4,0,0,0,0,0,0,0,892,0,0,0,0,0,0
99,1383,100.02693538728462,99995,66,39,2,1,669,353,0.010220511025551278,33,22,49382,49650,516,287,0,0,0,0,0,0,99085,0,0,4,0,0,0,0,0,0,0,906,0,0,0,0,0,0
100,1383,101.05469376336966,99995,66,38,2,1,674,356,0.010300515025751288,36,26,49375,49644,520,290,0,0,0,0,0,0,99076,0,0,4,0,0,0,0,0,0,0,915,0,0,0,0,0,0
101,1383,102.08261267307306,99995,62,37,2,1,683,363,0.010460523026151308,39,29,49366,49636,530,296,0,0,0,0,0,0,99055,0,0,4,0,0,0,0,0,0,0,936,0,0,0,0,0,0
102,1383,103.11071592284023,99995,64,40,2,1,691,373,0.01064053202660133,43,26,49355,49630,535,302,0,0,0,0,0,0,99042,0,0,4,0,0,0,0,0,0,0,949,0,0,0,0,0,0
103,1383,104.13897834565583,99995,62,39,2,1,703,377,0.01080054002700135,43,26,49345,49626,547,307,0,0,0,0,0,0,99023,0,0,4,0,0,0,0,0,0,0,968,0,0,0,0,0,0
104,1383,105.1674608441097,99995,64,33,2,1,713,380,0.010930546527326366,46,29,49334,49620,553,316,0,0,0,0,0,0,99006,0,0,4,0,0,0,0,0,0,0,985,0,0,0,0,0,0
105,1383,106.19613571125097,99995,68,34,2,1,728,387,0.011150557527876394,39,25,49327,49617,563,322,0,0,0,0,0,0,98989,0,0,4,0,0,0,0,0,0,0,1002,0,0,0,0,0,0
106,1383,107.2250218807412,99995,65,37,2,1,740,394,0.011340567028351418,36,21,49322,49615,574,325,0,0,0,0,0,0,98970,0,0,4,0,0,0,0,0,0,0,1021,0,0,0,0,0,0
107,1383,108.2570409843481,99995,69,40,2,1,751,399,0.011500575028751438,33,18,49316,49613,579,327,0,0,0,0,0,0,98961,0,0,4,0,0,0,0,0,0,0,1030,0,0,0,0,0,0
108,1383,109.24456001929228,99995,69,38,2,1,760,402,0.011620581029051452,38,27,49307,49602,583,331,0,0,0,0,0,0,98947,0,0,4,0,0,0,0,0,0,0,1044,0,0,0,0,0,0
109,1383,110.27382240920065,99995,64,40,2,1,765,411,0.01176058802940147,41,25,49299,49598,593,335,0,0,0,0,0,0,98930,0,0,4,0,0,0,0,0,0,0,1061,0,0,0,0,0,0
110,1383,111.3032615509313,99995,70,43,2,1,778,420,0.011980599029951498,41,19,49287,49595,599,341,0,0,0,0,0,0,98917,0,0,4,0,0,0,0,0,0,0,1074,0,0,0,0,0,0
111,1383,112.01310894623724,99995,69,42,2,1,781,422,0.012030601530076504,43,19,49284,49593,601,344,0,0,0,0,0,0,98910,0,0,4,0,0,0,0,0,0,0,1081,0,0,0,0,0,0
112,1383,113.14979438818598,99995,65,43,2,1,796,428,0.01224061203060153,44,22,49271,49585,617,348,0,0,0,0,0,0,98886,0,0,4,0,0,0,0,0,0,0,1105,0,0,0,0,0,0
113,1383,114.17977849820836,99995,72,38,2,1,811,433,0.012440622031101555,40,26,49261,49578,624,356,0,0,0,0,0,0,98868,0,0,4,0,0,0,0,0,0,0,1123,0,0,0,0,0,0
114,1383,115.20993665391761,99995,72,39,2,1,820,438,0.012580629031451573,43,26,49250,49574,632,359,0,0,0,0,0,0,98855,0,0,4,0,0,0,0,0,0,0,1136,0,0,0,0,0,0
115,1383,116.24031132136949,99995,68,38,2,1,830,446,0.012760638031901595,43,24,49242,49571,644,365,0,0,0,0,0,0,98832,0,0,4,0,0,0,0,0,0,0,1159,0,0,0,0,0,0
116,1383,117.27092738789472,99995,71,37,2,1,842,449,0.012910645532276614,41,25,49237,49568,648,368,0,0,0,0,0,0,98819,0,0,4,0,0,0,0,0,0,0,1172,0,0,0,0,0,0
117,1383,118.30164358012196,99995,78,41,2,1,859,456,0.013150657532876643,42,23,49223,49564,654,370,0,0,0,0,0,0,98806,0,0,4,0,0,0,0,0,0,0,1185,0,0,0,0,0,0
118,1383,119.16326738599506,99995,70,40,2,1,861,461,0.013220661033051653,49,21,49217,49561,661,376,0,0,0,0,0,0,98790,0,0,4,0,0,0,0,0,0,0,1201,0,0,0,0,0,0
119,1383,120.0629968314364,99995,78,39,2,1,881,465,0.013460673033651683,44,21,49204,49559,671,379,0,0,0,0,0,0,98773,0,0,4,0,0,0,0,0,0,0,1218,0,0,0,0,0,0
120,1383,121.09428208289968,99995,77,37,2,1,893,470,0.013630681534076703,45,29,49192,49547,683,385,0,0,0,0,0,0,98753,0,0,4,0,0,0,0,0,0,0,1238,0,0,0,0,0,0
121,1383,122.12575465979594,99995,79,40,2,1,903,478,0.013810690534526727,46,29,49187,49543,685,386,0,0,0,0,0,0,98740,0,0,4,0,0,0,0,0,0,0,1251,0,0,0,0,0,0
122,1383,123.157317494057,99995,72,48,2,1,913,491,0.014040702035101755,45,22,49181,49541,699,387,0,0,0,0,0,0,98718,0,0,4,0,0,0,0,0,0,0,1273,0,0,0,0,0,0
123,1383,124.18908603463417,99995,76,50,2,1,930,500,0.014300715035751787,40,22,49171,49533,710,393,0,0,0,0,0,0,98698,0,0,4,0,0,0,0,0,0,0,1293,0,0,0,0,0,0
124,1383,125.22105814908417,99995,68,48,2,1,939,506,0.014450722536126807,42,23,49163,49527,724,400,0,0,0,0,0,0,98673,0,0,4,0,0,0,0,0,0,0,1318,0,0,0,0,0,0
125,1383,126.25327122310794,99995,71,49,2,1,950,516,0.014660733036651833,43,21,49151,49522,732,406,0,0,0,0,0,0,98656,0,0,4,0,0,0,0,0,0,0,1335,0,0,0,0,0,0
126,1383,127.28571249118538,99995,72,46,2,1,965,521,0.014860743037151857,40,20,49146,49518,739,414,0,0,0,0,0,0,98634,0,0,4,0,0,0,0,0,0,0,1357,0,0,0,0,0,0
127,1383,128.31826897379992,99995,76,46,2,1,976,527,0.015030751537576879,40,28,49137,49506,744,418,0,0,0,0,0,0,98621,0,0,4,0,0,0,0,0,0,0,1370,0,0,0,0,0,0
128,1383,129.0067232890145,99995,77,43,2,1,983,531,0.015140757037851893,42,28,49130,49502,748,425,0,0,0,0,0,0,98608,0,0,4,0,0,0,0,0,0,0,1383,0,0,0,0,0,0
129,1383,130.03954461787765,99995,74,48,2,1,989,541,0.015300765038251913,42,18,49125,49502,756,430,0,0,0,0,0,0,98594,0,0,4,0,0,0,0,0,0,0,1397,0,0,0,0,0,0
130,1383,131.31443881689705,99995,75,39,2,1,1009,543,0.01552077603880194,34,28,49118,49493,770,438,0,0,0,0,0,0,98565,0,0,5,0,0,0,0,0,0,0,1425,0,0,0,0,0,0
131,1383,132.00322734422636,99995,74,38,2,1,1014,545,0.015590779538976949,37,27,49111,49492,775,441,0,0,0,0,0,0,98556,0,0,5,0,0,0,0,0,0,0,1434,0,0,0,0,0,0
132,1383,133.03654646067187,99995,72,45,2,1,1023,556,0.015790789539476973,37,21,49104,49490,784,442,0,0,0,0,0,0,98541,0,0,5,0,0,0,0,0,0,0,1449,0,0,0,0,0,0
133,1383,134.2494682807592,99995,67,44,2,1,1034,563,0.015970798539926997,41,21,49090,49487,799,446,0,0,0,0,0,0,98517,0,0,5,0,0,0,0,0,0,0,1473,0,0,0,0,0,0
134,1383,135.28327105883704,99995,68,45,2,1,1042,567,0.016090804540227013,39,21,49085,49488,805,444,0,0,0,0,0,0,98507,0,0,5,0,0,0,0,0,0,0,1483,0,0,0,0,0,0
135,1383,136.11287282587404,99995,72,42,2,1,1056,572,0.016280814040702037,38,25,49075,49482,812,449,0,0,0,0,0,0,98489,0,0,5,0,0,0,0,0,0,0,1501,0,0,0,0,0,0
136,1383,137.14696052554675,99995,74,36,2,1,1066,576,0.016420821041052053,37,29,49071,49478,815,455,0,0,0,0,0,0,98471,0,0,5,0,0,0,0,0,0,0,1519,0,0,0,0,0,0
137,1383,138.18113323394851,99995,70,38,2,1,1072,583,0.01655082754137707,47,26,49057,49476,823,458,0,0,0,0,0,0,98456,0,0,5,0,0,0,0,0,0,0,1534,0,0,0,0,0,0
138,1383,139.21551278011242,99995,67,39,2,1,1078,589,0.016670833541677085,50,29,49057,49468,823,462,0,0,0,0,0,0,98442,0,0,5,0,0,0,0,0,0,0,1548,0,0,0,0,0,0
139,1383,140.24992319855244,99995,80,36,2,1,1097,592,0.016890844542227113,42,29,49051,49467,824,466,0,0,0,0,0,0,98430,0,0,5,0,0,0,0,0,0,0,1560,0,0,0,0,0,0
140,1383,141.28441405380937,99995,83,41,2,1,1108,602,0.017100855042752137,42,23,49044,49463,828,471,0,0,0,0,0,0,98417,0,0,5,0,0,0,0,0,0,0,1573,0,0,0,0,0,0
141,1383,142.3190181965309,99995,73,40,2,1,1116,608,0.017240862043102156,44,29,49035,49453,845,476,0,0,0,0,0,0,98392,0,0,5,0,0,0,0,0,0,0,1598,0,0,0,0,0,0
142,1383,143.00891989912606,99995,72,44,2,1,1122,615,0.017370868543427172,48,24,49028,49453,849,477,0,0,0,0,0,0,98382,0,0,5,0,0,0,0,0,0,0,1608,0,0,0,0,0,0
143,1383,144.04391035417424,99995,73,41,2,1,1133,619,0.01752087604380219,52,26,49019,49451,853,480,0,0,0,0,0,0,98365,0,0,5,0,0,0,0,0,0,0,1625,0,0,0,0,0,0
144,1383,145.07904523218588,99995,80,41,2,1,1149,626,0.01775088754437722,55,26,49003,49445,859,486,0,0,0,0,0,0,98350,0,0,6,0,0,0,0,0,0,0,1639,0,0,0,0,0,0
145,1383,146.11438896950398,99995,88,41,2,1,1171,633,0.018040902045102256,42,24,48998,49444,869,489,0,0,0,0,0,0,98329,0,0,6,0,0,0,0,0,0,0,1660,0,0,0,0,0,0
146,1383,147.14991962427422,99995,78,41,2,1,1180,640,0.018200910045502276,45,24,48988,49441,886,492,0,0,0,0,0,0,98303,0,0,6,0,0,0,0,0,0,0,1686,0,0,0,0,0,0
147,1383,148.1857026105101,99995,82,48,2,1,1193,650,0.018430921546077304,42,21,48981,49434,892,495,0,0,0,0,0,0,98292,0,0,7,0,0,0,0,0,0,0,1696,0,0,0,0,0,0
148,1383,149.22160440591082,99995,85,50,2,1,1204,656,0.018600930046502324,43,20,48973,49429,896,499,0,0,0,0,0,0,98280,0,0,7,0,0,0,0,0,0,0,1708,0,0,0,0,0,0
149,1383,150.30914749546898,99995,90,52,2,1,1220,664,0.018840942047102356,43,23,48966,49421,898,502,0,0,0,0,0,0,98263,0,0,7,0,0,0,0,0,0,0,1725,0,0,0,0,0,0
150,1383,151.3065428408514,99995,88,51,2,1,1232,672,0.01904095204760238,48,20,48951,49418,910,509,0,0,0,0,0,0,98240,0,0,7,0,0,0,0,0,0,0,1748,0,0,0,0,0,0
151,1383,152.13009464071996,99995,79,52,2,1,1245,676,0.0192109605480274,48,21,48941,49413,929,512,0,0,0,0,0,0,98215,0,0,7,0,0,0,0,0,0,0,1773,0,0,0,0,0,0
152,1383,153.17251217788888,99995,82,47,2,1,1259,684,0.01943097154857743,46,28,48931,49402,938,521,0,0,0,0,0,0,98191,0,0,7,0,0,0,0,0,0,0,1797,0,0,0,0,0,0
153,1383,154.20945115921174,99995,83,51,2,1,1274,693,0.01967098354917746,49,21,48920,49400,945,526,0,0,0,0,0,0,98174,0,0,9,0,0,0,0,0,0,0,1812,0,0,0,0,0,0
154,1383,155.2465992385047,99995,80,51,2,1,1284,701,0.01985099254962748,55,19,48908,49395,954,533,0,0,0,0,0,0,98153,0,0,9,0,0,0,0,0,0,0,1833,0,0,0,0,0,0
155,1383,156.12917396367033,99995,78,52,2,1,1290,708,0.019980999049952496,55,15,48904,49392,960,539,0,0,0,0,0,0,98139,0,0,9,0,0,0,0,0,0,0,1847,0,0,0,0,0,0
156,1383,157.16367537248794,99995,84,51,2,1,1313,712,0.020251012550627532,45,16,48897,49388,971,543,0,0,0,0,0,0,98117,0,0,9,0,0,0,0,0,0,0,1869,0,0,0,0,0,0
157,1383,158.17224606764447,99995,93,43,2,1,1332,716,0.02048102405120256,46,22,48881,49379,977,554,0,0,0,0,0,0,98095,0,0,9,0,0,0,0,0,0,0,1891,0,0,0,0,0,0
158,1383,159.21012739689783,99995,91,48,2,1,1348,725,0.020731036551827592,47,21,48866,49372,993,557,0,0,0,0,0,0,98073,0,0,9,0,0,0,0,0,0,0,1913,0,0,0,0,0,0
159,1383,160.24836571510434,99995,90,48,2,1,1360,730,0.020901045052252612,57,22,48851,49369,999,559,0,0,0,0,0,0,98055,0,0,9,0,0,0,0,0,0,0,1931,0,0,0,0,0,0
160,1383,161.28679743663764,99995,92,41,2,1,1373,734,0.021071053552677636,58,22,48842,49368,1005,567,0,0,0,0,0,0,98034,0,0,10,0,0,0,0,0,0,0,1951,0,0,0,0,0,0
161,1383,162.3254188663609,99995,89,41,2,1,1386,737,0.021231061553077656,55,22,48837,49369,1016,566,0,0,0,0,0,0,98015,0,0,10,0,0,0,0,0,0,0,1970,0,0,0,0,0,0
162,1383,163.01792912644353,99995,85,41,2,1,1392,742,0.021341067053352668,63,23,48824,49363,1025,571,0,0,0,0,0,0,98000,0,0,10,0,0,0,0,0,0,0,1985,0,0,0,0,0,0
163,1383,164.05696601579064,99995,94,40,2,1,1409,749,0.021581079053952696,58,23,48816,49356,1029,579,0,0,0,0,0,0,97984,0,0,10,0,0,0,0,0,0,0,2001,0,0,0,0,0,0
164,1383,165.09615377251336,99995,95,36,2,1,1424,753,0.02177108855442772,54,24,48808,49355,1040,583,0,0,0,0,0,0,97963,0,0,11,0,0,0,0,0,0,0,2021,0,0,0,0,0,0
165,1383,166.135525477536,99995,98,40,2,1,1440,762,0.022021101055052752,46,28,48802,49342,1051,588,0,0,0,0,0,0,97945,0,0,11,0,0,0,0,0,0,0,2039,0,0,0,0,0,0
166,1383,167.17509477844231,99994,95,42,3,1,1455,771,0.02226133568014081,49,30,48786,49335,1066,591,0,0,0,0,0,0,97921,0,0,12,0,0,0,0,0,0,0,2061,0,0,0,0,0,0
167,1383,168.21490306475854,99994,91,40,3,1,1464,775,0.022391343480608835,56,33,48774,49330,1075,595,0,0,0,0,0,0,97904,0,0,14,0,0,0,0,0,0,0,2076,0,0,0,0,0,0
168,1383,169.2549437288949,99994,99,41,3,1,1482,782,0.022641358481508892,52,34,48765,49325,1080,598,0,0,0,0,0,0,97888,0,0,14,0,0,0,0,0,0,0,2092,0,0,0,0,0,0
169,1383,170.2951631854878,99994,94,39,3,1,1493,788,0.022811368682120928,55,33,48758,49322,1089,604,0,0,0,0,0,0,97864,0,0,14,0,0,0,0,0,0,0,2116,0,0,0,0,0,0
170,1383,171.33551361414246,99994,84,40,3,1,1503,794,0.02297137828269696,56,31,48751,49320,1105,607,0,0,0,0,0,0,97839,0,0,14,0,0,0,0,0,0,0,2141,0,0,0,0,0,0
171,1383,172.0292551266028,99994,86,37,3,1,1515,797,0.023121387283236993,53,28,48744,49323,1113,610,0,0,0,0,0,0,97823,0,0,14,0,0,0,0,0,0,0,2157,0,0,0,0,0,0
172,1383,173.07009631672406,99994,98,37,3,1,1537,801,0.02338140288417305,52,30,48727,49317,1119,614,0,0,0,0,0,0,97809,0,0,14,0,0,0,0,0,0,0,2171,0,0,0,0,0,0
173,1383,174.11113439360028,99994,98,35,3,1,1551,806,0.02357141428485709,46,34,48721,49310,1131,619,0,0,0,0,0,0,97789,0,0,15,0,0,0,0,0,0,0,2190,0,0,0,0,0,0
174,1383,175.15238826200266,99994,99,35,3,1,1566,812,0.023781426885613136,45,33,48710,49307,1142,623,0,0,0,0,0,0,97769,0,0,15,0,0,0,0,0,0,0,2210,0,0,0,0,0,0
175,1383,176.19386914076225,99993,96,38,4,1,1578,820,0.023981678717510224,48,30,48698,49302,1153,628,0,0,0,0,0,0,97749,0,0,15,0,0,0,0,0,0,0,2229,0,0,0,0,0,0
176,1383,177.23560565098245,99993,88,39,4,1,1584,827,0.024111687818147272,59,29,48688,49296,1160,634,0,0,0,0,0,0,97729,0,0,15,0,0,0,0,0,0,0,2249,0,0,0,0,0,0
177,1383,178.27751355239897,99993,96,37,4,1,1602,832,0.02434170391927435,53,28,48681,49296,1165,637,0,0,0,0,0,0,97712,0,0,15,0,0,0,0,0,0,0,2266,0,0,0,0,0,0
178,1383,179.3195826759932,99993,93,38,4,1,1612,838,0.024501715120058404,52,27,48677,49292,1173,641,0,0,0,0,0,0,97695,0,0,16,0,0,0,0,0,0,0,2282,0,0,0,0,0,0
179,1383,180.0143693973796,99993,96,42,4,1,1623,845,0.024681727720940464,47,22,48672,49292,1180,642,0,0,0,0,0,0,97684,0,0,16,0,0,0,0,0,0,0,2293,0,0,0,0,0,0
180,1383,181.05666186506087,99993,91,34,4,1,1633,849,0.024821737521626513,52,24,48662,49286,1190,654,0,0,0,0,0,0,97657,0,0,16,0,0,0,0,0,0,0,2320,0,0,0,0,0,0
181,1383,182.09922441701957,99993,92,39,4,1,1649,857,0.025061754322802596,54,24,48647,49281,1202,654,0,0,0,0,0,0,97639,0,0,16,0,0,0,0,0,0,0,2338,0,0,0,0,0,0
182,1383,183.14200538717967,99992,97,38,5,1,1662,859,0.025212016961356908,51,31,48645,49274,1201,655,0,0,0,0,0,0,97629,0,0,17,0,0,0,0,0,0,0,2346,0,0,0,0,0,0
183,1383,184.1848435222711,99992,89,43,5,1,1669,865,0.025342027362188976,58,31,48635,49271,1212,653,0,0,0,0,0,0,97613,0,0,17,0,0,0,0,0,0,0,2362,0,0,0,0,0,0
184,1383,185.22788117420748,99992,87,46,5,1,1679,875,0.025542043363469078,60,26,48625,49268,1222,658,0,0,0,0,0,0,97594,0,0,17,0,0,0,0,0,0,0,2381,0,0,0,0,0,0
185,1383,186.27111302966495,99992,88,48,5,1,1696,883,0.025792063365069205,58,22,48615,49266,1233,662,0,0,0,0,0,0,97572,0,0,17,0,0,0,0,0,0,0,2403,0,0,0,0,0,0
186,1383,187.31456107185394,99992,98,48,5,1,1715,888,0.02603208256660533,57,26,48603,49259,1236,665,0,0,0,0,0,0,97558,0,0,17,0,0,0,0,0,0,0,2417,0,0,0,0,0,0
187,1383,188.010260023604,99992,91,47,5,1,1719,892,0.02611208896711737,65,28,48595,49254,1243,669,0,0,0,0,0,0,97542,0,0,17,0,0,0,0,0,0,0,2433,0,0,0,0,0,0
188,1383,189.05404933655953,99992,94,49,5,1,1732,900,0.026322105768461477,67,31,48586,49246,1247,672,0,0,0,0,0,0,97526,0,0,17,0,0,0,0,0,0,0,2449,0,0,0,0,0,0
189,1383,190.09793880318904,99992,91,54,5,1,1746,911,0.026572125770061603,60,30,48585,49239,1258,675,0,0,0,0,0,0,97503,0,0,17,0,0,0,0,0,0,0,2472,0,0,0,0,0,0
190,1383,191.14194510608647,99992,89,52,5,1,1761,918,0.026792143371469717,63,35,48571,49230,1271,681,0,0,0,0,0,0,97477,0,0,17,0,0,0,0,0,0,0,2498,0,0,0,0,0,0
191,1383,192.18619149661106,99992,96,47,5,1,1773,922,0.0269521561724938,62,38,48562,49226,1274,687,0,0,0,0,0,0,97463,0,0,17,0,0,0,0,0,0,0,2512,0,0,0,0,0,0
192,1383,193.23062008861103,99992,95,46,5,1,1787,929,0.027162172973837908,63,35,48550,49222,1286,695,0,0,0,0,0,0,97443,0,0,20,0,0,0,0,0,0,0,2529,0,0,0,0,0,0
193,1383,194.27531897096213,99992,101,48,5,1,1807,938,0.027452196175694055,53,35,48542,49216,1298,699,0,0,0,0,0,0,97422,0,0,20,0,0,0,0,0,0,0,2550,0,0,0,0,0,0
194,1383,195.32019309499856,99992,110,47,5,1,1827,944,0.02771221697735819,44,38,48537,49210,1303,703,0,0,0,0,0,0,97404,0,0,20,0,0,0,0,0,0,0,2568,0,0,0,0,0,0
195,1383,196.01682989811746,99992,110,52,5,1,1833,951,0.027842227378190254,52,39,48530,49202,1302,705,0,0,0,0,0,0,97396,0,0,20,0,0,0,0,0,0,0,2576,0,0,0,0,0,0
196,1383,197.06185927157517,99992,101,55,5,1,1847,961,0.02808224657972638,53,47,48520,49187,1320,709,0,0,0,0,0,0,97367,0,0,21,0,0,0,0,0,0,0,2604,0,0,0,0,0,0
197,1383,198.10714220736372,99992,106,56,5,1,1865,974,0.02839227138171054,49,40,48510,49182,1329,720,0,0,0,0,0,0,97342,0,0,21,0,0,0,0,0,0,0,2629,0,0,0,0,0,0
198,1383,199.15265629219888,99992,101,49,5,1,1879,980,0.02859228738299064,57,43,48493,49174,1343,732,0,0,0,0,0,0,97311,0,0,22,0,0,0,0,0,0,0,2659,0,0,0,0,0,0
199,1383,200.1985248297831,99992,91,54,5,1,1888,994,0.028822305784462758,68,38,48478,49169,1357,737,0,0,0,0,0,0,97284,0,0,23,0,0,0,0,0,0,0,2685,0,0,0,0,0,0
200,1383,201.24468190119137,99992,95,52,5,1,1902,999,0.029012320985678856,66,39,48471,49166,1362,741,0,0,0,0,0,0,97267,0,0,23,0,0,0,0,0,0,0,2702,0,0,0,0,0,0
201,1383,202.29099911645835,99992,105,57,5,1,1923,1009,0.029322345787663014,62,34,48460,49162,1367,745,0,0,0,0,0,0,97251,0,0,23,0,0,0,0,0,0,0,2718,0,0,0,0,0,0
202,1383,203.33748814887937,99992,110,60,5,1,1940,1019,0.029592367389391153,60,28,48451,49158,1373,752,0,0,0,0,0,0,97232,0,0,23,0,0,0,0,0,0,0,2737,0,0,0,0,0,0
203,1383,204.03521942898058,99992,112,62,5,1,1951,1029,0.02980238419073526,61,23,48442,49154,1379,759,0,0,0,0,0,0,97215,0,0,23,0,0,0,0,0,0,0,2754,0,0,0,0,0,0
204,1383,205.08201957448574,99992,114,59,5,1,1967,1037,0.03004240339227138,69,25,48421,49146,1390,768,0,0,0,0,0,0,97191,0,0,24,0,0,0,0,0,0,0,2777,0,0,0,0,0,0
205,1383,206.1291624054253,99992,113,53,5,1,1980,1041,0.03021241699335947,72,34,48408,49136,1401,775,0,0,0,0,0,0,97167,0,0,24,0,0,0,0,0,0,0,2801,0,0,0,0,0,0
206,1383,207.17657710068994,99992,104,49,5,1,1991,1047,0.030382430594447556,73,34,48400,49132,1417,783,0,0,0,0,0,0,97140,0,0,27,0,0,0,0,0,0,0,2825,0,0,0,0,0,0
207,1383,208.2242791707065,99992,109,50,5,1,2013,1055,0.03068245459636771,68,38,48389,49121,1428,789,0,0,0,0,0,0,97116,0,0,27,0,0,0,0,0,0,0,2849,0,0,0,0,0,0
208,1383,209.2722023179245,99992,116,50,5,1,2032,1064,0.030962476998159853,74,39,48375,49114,1429,795,0,0,0,0,0,0,97095,0,0,27,0,0,0,0,0,0,0,2870,0,0,0,0,0,0
209,1383,210.32031991236212,99992,110,56,5,1,2047,1077,0.031242499399951995,71,32,48368,49109,1445,801,0,0,0,0,0,0,97067,0,0,27,0,0,0,0,0,0,0,2898,0,0,0,0,0,0
210,1383,211.01919136801882,99992,106,58,5,1,2060,1085,0.031452516201296105,76,28,48354,49107,1458,805,0,0,0,0,0,0,97044,0,0,27,0,0,0,0,0,0,0,2921,0,0,0,0,0,0
211,1383,212.06787435428527,99992,102,53,5,1,2078,1091,0.03169253540283223,76,31,48339,49101,1477,813,0,0,0,0,0,0,97011,0,0,27,0,0,0,0,0,0,0,2954,0,0,0,0,0,0
212,1383,213.11687941902667,99992,106,55,5,1,2096,1098,0.03194255540443235,75,33,48326,49095,1487,815,0,0,0,0,0,0,96992,0,0,27,0,0,0,0,0,0,0,2973,0,0,0,0,0,0
213,1383,214.166125245711,99992,120,56,5,1,2127,1106,0.03233258660692855,59,35,48318,49090,1497,817,0,0,0,0,0,0,96968,0,0,27,0,0,0,0,0,0,0,2997,0,0,0,0,0,0
214,1383,215.21552788243676,99992,116,56,5,1,2143,1117,0.032602608208656694,63,32,48305,49082,1510,828,0,0,0,0,0,0,96937,0,0,27,0,0,0,0,0,0,0,3028,0,0,0,0,0,0
215,1383,216.26519665752176,99991,115,59,6,1,2158,1125,0.03283295496594694,68,29,48290,49081,1520,829,0,0,0,0,0,0,96916,0,0,27,0,0,0,0,0,0,0,3048,0,0,0,0,0,0
216,1383,217.31514140589115,99991,114,61,6,1,2173,1135,0.03308297746797212,67,32,48287,49071,1525,834,0,0,0,0,0,0,96892,0,0,27,0,0,0,0,0,0,0,3072,0,0,0,0,0,0
217,1383,218.01515544139676,99991,113,68,6,1,2184,1146,0.033302997269754275,68,27,48280,49065,1532,838,0,0,0,0,0,0,96876,0,0,27,0,0,0,0,0,0,0,3088,0,0,0,0,0,0
218,1383,219.0653518106186,99991,113,68,6,1,2202,1155,0.033573021571941475,71,27,48265,49059,1544,844,0,0,0,0,0,0,96849,0,0,27,0,0,0,0,0,0,0,3115,0,0,0,0,0,0
219,1383,220.1158552133946,99991,121,69,6,1,2229,1165,0.03394305487493875,62,28,48251,49051,1559,850,0,0,0,0,0,0,96822,0,0,28,0,0,0,0,0,0,0,3141,0,0,0,0,0,0
220,1383,221.166651965301,99991,116,74,6,1,2244,1174,0.03418307647688292,64,36,48236,49037,1577,851,0,0,0,0,0,0,96799,0,0,29,0,0,0,0,0,0,0,3163,0,0,0,0,0,0
221,1383,222.2176998538533,99991,117,78,6,1,2264,1185,0.034493104379394145,61,35,48228,49028,1587,857,0,0,0,0,0,0,96773,0,0,29,0,0,0,0,0,0,0,3189,0,0,0,0,0,0
222,1383,223.2689261457492,99991,119,75,6,1,2280,1195,0.03475312778150034,74,38,48206,49017,1594,868,0,0,0,0,0,0,96747,0,0,30,0,0,0,0,0,0,0,3214,0,0,0,0,0,0
223,1383,224.32052372951398,99991,118,71,6,1,2293,1206,0.03499314938344451,77,35,48195,49010,1603,882,0,0,0,0,0,0,96718,0,0,30,0,0,0,0,0,0,0,3243,0,0,0,0,0,0
224,1383,225.02172812116314,99991,110,72,6,1,2305,1213,0.035183166484983645,78,34,48186,49005,1619,887,0,0,0,0,0,0,96692,0,0,30,0,0,0,0,0,0,0,3269,0,0,0,0,0,0
225,1383,226.07384365380366,99991,117,74,6,1,2326,1221,0.03547319258733286,69,35,48179,49000,1628,889,0,0,0,0,0,0,96672,0,0,30,0,0,0,0,0,0,0,3289,0,0,0,0,0,0
226,1383,227.12612722478224,99990,107,79,7,1,2342,1237,0.03579357935793579,70,31,48167,48992,1648,896,0,0,0,0,0,0,96635,0,0,30,0,0,0,0,0,0,0,3325,0,0,0,0,0,0
227,1383,228.1787401004163,99989,110,72,8,1,2361,1242,0.03603396373601096,75,41,48152,48981,1654,904,0,0,0,0,0,0,96607,0,0,30,0,0,0,0,0,0,0,3352,0,0,0,0,0,0
228,1383,229.2315643614569,99989,119,69,8,1,2381,1250,0.03631399453939933,83,40,48127,48979,1662,910,0,0,0,0,0,0,96585,0,0,30,0,0,0,0,0,0,0,3374,0,0,0,0,0,0
229,1383,230.28476972938986,99989,124,71,8,1,2404,1261,0.036654031943513785,78,42,48124,48974,1665,911,0,0,0,0,0,0,96558,0,0,30,0,0,0,0,0,0,0,3401,0,0,0,0,0,0
230,1383,231.33811086887255,99989,120,72,8,1,2426,1274,0.037004070447749254,74,41,48112,48966,1685,919,0,0,0,0,0,0,96522,0,0,32,0,0,0,0,0,0,0,3435,0,0,0,0,0,0
231,1383,232.0404583310433,99989,125,68,8,1,2444,1276,0.03720409245016952,70,43,48101,48965,1695,922,0,0,0,0,0,0,96503,0,0,32,0,0,0,0,0,0,0,3454,0,0,0,0,0,0
232,1383,233.09429247033958,99989,127,70,8,1,2462,1287,0.0374941243536789,79,49,48078,48954,1707,925,0,0,0,0,0,0,96478,0,0,32,0,0,0,0,0,0,0,3479,0,0,0,0,0,0
233,1383,234.1484681613366,99989,130,75,8,1,2483,1298,0.03781415955755133,80,53,48059,48942,1722,928,0,0,0,0,0,0,96454,0,0,32,0,0,0,0,0,0,0,3503,0,0,0,0,0,0
234,1383,235.20298794295877,99989,129,74,8,1,2500,1309,0.0380941903609397,79,51,48050,48936,1733,937,0,0,0,0,0,0,96427,0,0,35,0,0,0,0,0,0,0,3527,0,0,0,0,0,0
235,1383,236.25778416606033,99988,133,76,9,1,2523,1323,0.038464615753890465,71,49,48039,48924,1747,949,0,0,0,0,0,0,96396,0,0,35,0,0,0,0,0,0,0,3557,0,0,0,0,0,0
236,1383,237.31279068401454,99988,143,74,9,1,2552,1335,0.03887466495979518,62,49,48027,48919,1758,956,0,0,0,0,0,0,96365,0,0,37,0,0,0,0,0,0,0,3586,0,0,0,0,0,0
237,1383,238.01628007333636,99988,137,76,9,1,2562,1342,0.03904468536224347,61,54,48019,48908,1773,960,0,0,0,0,0,0,96346,0,0,39,0,0,0,0,0,0,0,3603,0,0,0,0,0,0
238,1383,239.07181822357043,99988,127,74,9,1,2577,1358,0.039354722566708,67,47,48009,48902,1787,975,0,0,0,0,0,0,96303,0,0,39,0,0,0,0,0,0,0,3646,0,0,0,0,0,0
239,1383,240.12763790385762,99988,123,80,9,1,2591,1369,0.03960475257030844,72,45,47998,48895,1797,978,0,0,0,0,0,0,96280,0,0,39,0,0,0,0,0,0,0,3669,0,0,0,0,0,0
240,1383,241.18369093873753,99988,126,80,9,1,2611,1381,0.03992479097491699,73,44,47982,48886,1809,988,0,0,0,0,0,0,96251,0,0,39,0,0,0,0,0,0,0,3698,0,0,0,0,0,0
241,1383,242.2400202285394,99988,128,85,9,1,2634,1395,0.04029483538024563,65,33,47974,48886,1823,994,0,0,0,0,0,0,96222,0,0,40,0,0,0,0,0,0,0,3726,0,0,0,0,0,0
242,1383,243.29663053458728,99988,131,74,9,1,2659,1405,0.040644877385286236,69,38,47948,48876,1842,1010,0,0,0,0,0,0,96181,0,0,42,0,0,0,0,0,0,0,3765,0,0,0,0,0,0
243,1383,244.0013164030956,99988,137,77,9,1,2676,1411,0.04087490498859863,68,39,47935,48871,1850,1011,0,0,0,0,0,0,96168,0,0,43,0,0,0,0,0,0,0,3777,0,0,0,0,0,0
244,1383,245.0586540213793,99988,144,77,9,1,2694,1420,0.0411449373924871,78,42,47915,48864,1853,1015,0,0,0,0,0,0,96148,0,0,43,0,0,0,0,0,0,0,3797,0,0,0,0,0,0
245,1383,246.11621165156095,99988,145,79,9,1,2719,1433,0.04152498299795976,73,42,47906,48853,1866,1024,0,0,0,0,0,0,96113,0,0,43,0,0,0,0,0,0,0,3832,0,0,0,0,0,0
246,1383,247.17406497389112,99988,132,67,9,1,2742,1442,0.04184502140256831,74,41,47886,48851,1898,1039,0,0,0,0,0,0,96056,0,0,43,0,0,0,0,0,0,0,3889,0,0,0,0,0,0
247,1383,248.2324893813187,99988,136,69,9,1,2761,1453,0.04214505740688883,71,39,47880,48846,1903,1044,0,0,0,0,0,0,96032,0,0,43,0,0,0,0,0,0,0,3913,0,0,0,0,0,0
248,1383,249.2911100235422,99988,138,73,9,1,2779,1464,0.042435092211065326,81,39,47858,48840,1913,1046,0,0,0,0,0,0,96009,0,0,43,0,0,0,0,0,0,0,3936,0,0,0,0,0,0
249,1383,250.35005146702437,99988,134,74,9,1,2797,1477,0.04274512941552986,88,37,47841,48834,1927,1053,0,0,0,0,0,0,95976,0,0,44,0,0,0,0,0,0,0,3968,0,0,0,0,0,0
250,1383,251.05621183131382,99988,135,74,9,1,2811,1483,0.04294515341841021,90,38,47829,48829,1936,1057,0,0,0,0,0,0,95957,0,0,44,0,0,0,0,0,0,0,3987,0,0,0,0,0,0
251,1383,252.11571006781813,99987,142,77,10,1,2841,1496,0.0433756388330483,82,37,47816,48820,1949,1064,0,0,0,0,0,0,95924,0,0,44,0,0,0,0,0,0,0,4019,0,0,0,0,0,0
252,1383,253.1754916823539,99986,133,75,11,1,2861,1506,0.04367611465605185,80,33,47803,48819,1972,1071,0,0,0,0,0,0,95884,0,0,45,0,0,0,0,0,0,0,4057,0,0,0,0,0,0
253,1383,254.2356705113545,99985,141,76,12,1,2884,1516,0.044006600990148526,84,31,47787,48815,1975,1076,0,0,0,0,0,0,95860,0,0,45,0,0,0,0,0,0,0,4080,0,0,0,0,0,0
254,1383,255.29607590348022,99985,144,73,12,1,2907,1525,0.0443266489973496,87,34,47766,48809,1990,1082,0,0,0,0,0,0,95830,0,0,47,0,0,0,0,0,0,0,4108,0,0,0,0,0,0
255,1383,256.0032265268225,99984,144,73,13,1,2923,1532,0.0445571291406625,91,32,47749,48807,2002,1086,0,0,0,0,0,0,95808,0,0,48,0,0,0,0,0,0,0,4128,0,0,0,0,0,0
256,1383,257.0643416768875,99984,156,64,13,1,2952,1540,0.044927188350136024,88,41,47730,48793,2012,1100,0,0,0,0,0,0,95775,0,0,49,0,0,0,0,0,0,0,4160,0,0,0,0,0,0
257,1383,258.1258615205239,99984,154,68,13,1,2973,1555,0.045287245959353496,102,41,47700,48780,2030,1109,0,0,0,0,0,0,95741,0,0,49,0,0,0,0,0,0,0,4194,0,0,0,0,0,0
258,1383,259.18784755736107,99984,160,66,13,1,3009,1562,0.04571731477036326,91,47,47685,48772,2050,1113,0,0,0,0,0,0,95704,0,0,51,0,0,0,0,0,0,0,4229,0,0,0,0,0,0
259,1383,260.25021122548634,99984,149,65,13,1,3027,1575,0.04602736437830053,102,48,47666,48759,2069,1126,0,0,0,0,0,0,95661,0,0,51,0,0,0,0,0,0,0,4272,0,0,0,0,0,0
260,1383,261.3129771126742,99984,156,73,13,1,3053,1593,0.04646743478956633,101,40,47652,48751,2077,1134,0,0,0,0,0,0,95632,0,0,51,0,0,0,0,0,0,0,4301,0,0,0,0,0,0
261,1383,262.0216769184451,99984,152,77,13,1,3067,1603,0.046707473195711315,106,36,47640,48747,2088,1138,0,0,0,0,0,0,95608,0,0,51,0,0,0,0,0,0,0,4325,0,0,0,0,0,0
262,1383,263.0849790849487,99984,160,77,13,1,3102,1617,0.047197551608257324,102,34,47617,48737,2107,1150,0,0,0,0,0,0,95568,0,0,52,0,0,0,0,0,0,0,4364,0,0,0,0,0,0
263,1383,264.1487138608597,99984,159,70,13,1,3128,1623,0.047517602816450635,91,40,47613,48727,2123,1161,0,0,0,0,0,0,95529,0,0,53,0,0,0,0,0,0,0,4402,0,0,0,0,0,0
264,1383,265.21271226003074,99984,164,79,13,1,3155,1637,0.04792766842694831,96,41,47594,48717,2132,1161,0,0,0,0,0,0,95502,0,0,53,0,0,0,0,0,0,0,4429,0,0,0,0,0,0
265,1383,266.27697072048704,99984,174,75,13,1,3185,1646,0.04831773083693391,94,55,47575,48699,2143,1169,0,0,0,0,0,0,95469,0,0,53,0,0,0,0,0,0,0,4462,0,0,0,0,0,0
266,1383,267.34156589367905,99984,175,79,13,1,3208,1662,0.048707793246919505,97,50,47555,48691,2159,1178,0,0,0,0,0,0,95435,0,0,53,0,0,0,0,0,0,0,4496,0,0,0,0,0,0
267,1383,268.051492048022,99984,174,86,13,1,3221,1674,0.04895783325332053,92,46,47552,48683,2168,1183,0,0,0,0,0,0,95418,0,0,55,0,0,0,0,0,0,0,4511,0,0,0,0,0,0
268,1383,269.11656393099236,99984,174,73,13,1,3246,1683,0.049297887662025926,96,53,47533,48674,2183,1198,0,0,0,0,0,0,95372,0,0,56,0,0,0,0,0,0,0,4556,0,0,0,0,0,0
269,1383,270.1820526137615,99983,168,75,14,1,3269,1698,0.04967844533570707,100,54,47513,48664,2204,1205,0,0,0,0,0,0,95331,0,0,57,0,0,0,0,0,0,0,4595,0,0,0,0,0,0
270,1383,271.2479886207399,99983,173,84,14,1,3298,1717,0.05015852694958143,95,50,47499,48654,2218,1210,0,0,0,0,0,0,95301,0,0,61,0,0,0,0,0,0,0,4621,0,0,0,0,0,0
271,1383,272.314211175879,99983,162,85,14,1,3323,1729,0.050528589860276245,98,54,47476,48641,2249,1218,0,0,0,0,0,0,95254,0,0,61,0,0,0,0,0,0,0,4668,0,0,0,0,0,0
272,1383,273.0253107526257,99983,166,80,14,1,3342,1735,0.05077863236750248,95,54,47464,48639,2260,1225,0,0,0,0,0,0,95229,0,0,62,0,0,0,0,0,0,0,4692,0,0,0,0,0,0
273,1383,274.09239681661796,99982,167,88,15,1,3371,1755,0.051269228461123,84,43,47457,48635,2276,1232,0,0,0,0,0,0,95189,0,0,62,0,0,0,0,0,0,0,4731,0,0,0,0,0,0
274,1383,275.1597194212296,99982,164,85,15,1,3392,1766,0.051589286071492865,90,47,47443,48626,2287,1240,0,0,0,0,0,0,95153,0,0,64,0,0,0,0,0,0,0,4765,0,0,0,0,0,0
275,1383,276.22732962286716,99981,170,85,16,1,3418,1777,0.05195987237575139,101,52,47415,48615,2297,1246,0,0,0,0,0,0,95123,0,0,65,0,0,0,0,0,0,0,4793,0,0,0,0,0,0
276,1383,277.29537695381936,99980,172,81,16,2,3446,1788,0.0523504700940188,106,50,47386,48612,2319,1254,0,0,0,0,0,0,95084,0,0,67,0,0,0,0,0,0,0,4829,0,0,0,0,0,0
277,1383,278.0077468884894,99980,179,87,16,2,3470,1800,0.05271054210842169,104,51,47368,48603,2332,1256,0,0,0,0,0,0,95061,0,0,67,0,0,0,0,0,0,0,4852,0,0,0,0,0,0
278,1383,279.07668047106,99980,190,87,16,2,3505,1814,0.053200640128025604,106,52,47338,48595,2349,1263,0,0,0,0,0,0,95024,0,0,68,0,0,0,0,0,0,0,4888,0,0,0,0,0,0
279,1383,280.14615045262667,99980,187,83,16,2,3530,1826,0.05357071414282857,120,50,47314,48587,2362,1277,0,0,0,0,0,0,94981,0,0,69,0,0,0,0,0,0,0,4930,0,0,0,0,0,0
280,1383,281.21607301301935,99980,192,84,16,2,3567,1837,0.054050810162032406,112,51,47297,48578,2382,1284,0,0,0,0,0,0,94941,0,0,71,0,0,0,0,0,0,0,4968,0,0,0,0,0,0
281,1383,282.2864241469656,99980,201,91,16,2,3599,1856,0.054560912182436486,116,58,47267,48555,2399,1293,0,0,0,0,0,0,94906,0,0,71,0,0,0,0,0,0,0,5003,0,0,0,0,0,0
282,1383,283.00021608911095,99980,197,91,16,2,3614,1864,0.05479095819163833,120,62,47260,48548,2406,1296,0,0,0,0,0,0,94879,0,0,71,0,0,0,0,0,0,0,5030,0,0,0,0,0,0
283,1383,284.0712313695129,99980,202,94,16,2,3647,1884,0.055321064212842566,118,54,47237,48539,2426,1310,0,0,0,0,0,0,94834,0,0,71,0,0,0,0,0,0,0,5075,0,0,0,0,0,0
284,1383,285.14266286637724,99980,199,99,16,2,3680,1900,0.05581116223244649,114,57,47219,48522,2451,1319,0,0,0,0,0,0,94789,0,0,73,0,0,0,0,0,0,0,5118,0,0,0,0,0,0
285,1383,286.2145922622255,99980,198,94,16,2,3713,1916,0.05630126025205041,121,57,47186,48514,2478,1332,0,0,0,0,0,0,94736,0,0,75,0,0,0,0,0,0,0,5169,0,0,0,0,0,0
286,1383,287.28721432222994,99980,212,92,16,2,3750,1926,0.05677135427085417,120,67,47160,48500,2491,1338,0,0,0,0,0,0,94701,0,0,75,0,0,0,0,0,0,0,5204,0,0,0,0,0,0
287,1383,288.0024932760806,99980,207,95,16,2,3766,1938,0.05705141028205641,122,67,47147,48489,2507,1346,0,0,0,0,0,0,94675,0,0,79,0,0,0,0,0,0,0,5226,0,0,0,0,0,0
288,1383,289.0758463335933,99980,193,91,16,2,3789,1955,0.05745149029805961,126,68,47135,48475,2529,1363,0,0,0,0,0,0,94620,0,0,82,0,0,0,0,0,0,0,5278,0,0,0,0,0,0
289,1383,290.14963894305345,99980,186,103,16,2,3818,1982,0.058011602320464095,130,66,47112,48454,2555,1374,0,0,0,0,0,0,94571,0,0,84,0,0,0,0,0,0,0,5325,0,0,0,0,0,0
290,1383,291.2239046885309,99980,182,99,16,2,3843,1995,0.058391678335667135,126,66,47102,48446,2573,1386,0,0,0,0,0,0,94525,0,0,84,0,0,0,0,0,0,0,5371,0,0,0,0,0,0
291,1383,292.2984855821502,99980,195,93,16,2,3878,2008,0.058871774354870975,125,76,47073,48426,2590,1402,0,0,0,0,0,0,94487,0,0,87,0,0,0,0,0,0,0,5406,0,0,0,0,0,0
292,1383,293.0151749662301,99980,190,93,16,2,3899,2016,0.059161832366473294,120,81,47065,48416,2608,1407,0,0,0,0,0,0,94456,0,0,90,0,0,0,0,0,0,0,5434,0,0,0,0,0,0
293,1383,294.09056604271996,99980,188,102,16,2,3928,2041,0.059701940388077614,123,69,47038,48413,2634,1413,0,0,0,0,0,0,94412,0,0,93,0,0,0,0,0,0,0,5475,0,0,0,0,0,0
294,1383,295.166501723961,99980,208,107,16,2,3973,2060,0.06034206841368274,122,67,47011,48402,2642,1421,0,0,0,0,0,0,94373,0,0,93,0,0,0,0,0,0,0,5514,0,0,0,0,0,0
295,1383,296.2428863671229,99979,205,113,17,2,4004,2081,0.06086278118404865,113,65,46998,48385,2666,1434,0,0,0,0,0,0,94325,0,0,94,0,0,0,0,0,0,0,5560,0,0,0,0,0,0
296,1383,297.3196649328237,99979,199,118,17,2,4027,2097,0.06125286310125126,115,65,46986,48375,2682,1439,0,0,0,0,0,0,94288,0,0,97,0,0,0,0,0,0,0,5594,0,0,0,0,0,0
297,1383,298.0376514271472,99979,202,124,17,2,4051,2114,0.06166294921933606,118,60,46966,48368,2696,1445,0,0,0,0,0,0,94257,0,0,98,0,0,0,0,0,0,0,5624,0,0,0,0,0,0
298,1383,299.11508633498016,99979,202,122,17,2,4077,2133,0.06211304373918523,125,56,46942,48359,2713,1460,0,0,0,0,0,0,94211,0,0,99,0,0,0,0,0,0,0,5669,0,0,0,0,0,0
299,1383,300.1929396613375,99979,205,120,17,2,4105,2146,0.06252312985727003,128,70,46923,48342,2726,1465,0,0,0,0,0,0,94176,0,0,104,0,0,0,0,0,0,0,5699,0,0,0,0,0,0
300,1383,301.2712129169261,99979,192,120,17,2,4132,2170,0.06303323697976575,128,62,46909,48332,2753,1483,0,0,0,0,0,0,94115,0,0,107,0,0,0,0,0,0,0,5757,0,0,0,0,0,0
301,1383,302.3499928248824,99979,188,108,17,2,4160,2187,0.06348333149961492,126,58,46893,48325,2775,1506,0,0,0,0,0,0,94057,0,0,110,0,0,0,0,0,0,0,5812,0,0,0,0,0,0
302,1383,303.0694883173668,99979,188,101,17,2,4183,2197,0.06381340081417097,123,58,46883,48317,2788,1521,0,0,0,0,0,0,94020,0,0,113,0,0,0,0,0,0,0,5846,0,0,0,0,0,0
303,1383,304.14911029420193,99979,203,101,17,2,4219,2212,0.0643235079366667,126,61,46856,48307,2797,1528,0,0,0,0,0,0,93984,0,0,113,0,0,0,0,0,0,0,5882,0,0,0,0,0,0
304,1383,305.22912026346785,99979,198,108,17,2,4245,2232,0.06478360455695696,128,58,46842,48294,2814,1537,0,0,0,0,0,0,93942,0,0,115,0,0,0,0,0,0,0,5922,0,0,0,0,0,0
305,1383,306.30945061278317,99978,200,106,18,2,4278,2244,0.06523435155734261,127,56,46817,48289,2837,1546,0,0,0,0,0,0,93899,0,0,117,0,0,0,0,0,0,0,5962,0,0,0,0,0,0
306,1383,307.02996906792424,99978,204,105,18,2,4305,2253,0.06559443077477045,120,56,46804,48283,2853,1553,0,0,0,0,0,0,93868,0,0,119,0,0,0,0,0,0,0,5991,0,0,0,0,0,0
307,1383,308.1111875681149,99978,210,112,18,2,4338,2273,0.0661245474004281,114,57,46789,48265,2868,1563,0,0,0,0,0,0,93830,0,0,121,0,0,0,0,0,0,0,6027,0,0,0,0,0,0
308,1383,309.19274961940124,99978,209,112,18,2,4373,2292,0.06666466622656984,116,51,46768,48257,2888,1577,0,0,0,0,0,0,93775,0,0,121,0,0,0,0,0,0,0,6082,0,0,0,0,0,0
309,1383,310.2748119008702,99978,216,110,18,2,4414,2308,0.06723479165416392,106,50,46749,48251,2910,1586,0,0,0,0,0,0,93728,0,0,126,0,0,0,0,0,0,0,6124,0,0,0,0,0,0
310,1383,311.3573184307261,99978,218,120,18,2,4443,2330,0.06774490387885335,114,42,46723,48247,2926,1588,0,0,0,0,0,0,93690,0,0,127,0,0,0,0,0,0,0,6161,0,0,0,0,0,0
311,1383,312.0792598306592,99978,210,117,18,2,4460,2339,0.06800496109144012,118,46,46710,48238,2943,1596,0,0,0,0,0,0,93655,0,0,129,0,0,0,0,0,0,0,6194,0,0,0,0,0,0
312,1383,313.16261398497466,99977,209,118,19,2,4500,2357,0.06858577472818748,105,42,46693,48230,2973,1607,0,0,0,0,0,0,93602,0,0,133,0,0,0,0,0,0,0,6242,0,0,0,0,0,0
313,1383,314.2464882134854,99977,197,111,19,2,4529,2371,0.06901587365093971,119,50,46661,48216,3003,1620,0,0,0,0,0,0,93543,0,0,136,0,0,0,0,0,0,0,6298,0,0,0,0,0,0
314,1383,315.3310601437069,99977,198,111,19,2,4569,2387,0.06957600248057053,121,62,46636,48192,3025,1632,0,0,0,0,0,0,93492,0,0,140,0,0,0,0,0,0,0,6345,0,0,0,0,0,0
315,1383,316.0544262011758,99977,197,106,19,2,4588,2396,0.06985606689538594,122,69,46622,48181,3039,1641,0,0,0,0,0,0,93463,0,0,145,0,0,0,0,0,0,0,6369,0,0,0,0,0,0
316,1383,317.13988785766963,99976,192,110,19,3,4621,2412,0.07034688325198048,120,75,46601,48164,3067,1647,0,0,0,0,0,0,93415,0,0,147,0,0,0,0,0,0,0,6414,0,0,0,0,0,0
317,1383,318.2258626406382,99976,198,123,19,3,4649,2435,0.07085700568136352,114,69,46603,48153,3065,1651,0,0,0,0,0,0,93383,0,0,147,0,0,0,0,0,0,0,6446,0,0,0,0,0,0
318,1383,319.3117787948618,99976,207,121,19,3,4679,2458,0.07138713291189885,118,57,46580,48153,3075,1665,0,0,0,0,0,0,93339,0,0,147,1,0,0,0,0,0,0,6489,0,0,0,0,0,0
319,1383,320.03594536615645,99976,206,110,19,3,4698,2465,0.07164719532687845,109,59,46579,48151,3085,1675,1,1,1,1,0,0,93300,0,0,148,1,0,0,0,0,0,2,6525,0,0,0,0,0,0
320,1383,321.3197797006081,99976,198,108,19,3,4736,2481,0.07218732495798992,100,60,46567,48141,3114,1686,1,1,2,2,0,0,93237,0,0,151,1,0,0,0,0,0,4,6583,0,0,0,0,0,0
321,1383,322.04441244260727,99976,200,110,19,3,4753,2489,0.07243738497239337,99,60,46557,48138,3122,1686,2,2,3,3,0,0,93215,0,0,152,1,0,0,0,0,0,6,6602,0,0,0,0,0,0
322,1383,323.3147947137463,99976,188,115,19,3,4784,2511,0.0729675122029287,107,59,46530,48122,3152,1697,3,3,4,4,0,0,93155,0,0,154,1,0,0,0,0,0,8,6658,0,0,0,0,0,0
323,1383,324.03996496497246,99976,189,108,19,3,4799,2516,0.07316756021445146,106,64,46517,48115,3164,1705,4,4,5,5,0,0,93128,0,0,155,1,0,0,0,0,0,10,6682,0,0,0,0,0,0
324,1383,325.0905333287058,99976,179,109,19,3,4812,2532,0.07345762983115948,113,65,46504,48104,3179,1713,5,5,6,6,0,0,93088,0,0,155,1,0,0,0,0,0,12,6720,0,0,0,0,0,0
325,1383,326.02728760699216,99976,185,111,19,3,4847,2546,0.07394774745939026,112,67,46482,48090,3195,1721,6,7,8,7,0,0,93046,0,0,157,1,0,0,0,0,0,15,6757,0,0,0,0,0,0
326,1383,327.0154837050981,99976,193,123,19,3,4865,2565,0.07431783628070737,108,56,46479,48084,3193,1725,7,8,10,8,0,0,93026,0,0,157,1,0,0,0,0,0,18,6774,0,0,0,0,0,0
327,1383,328.1992919054583,99975,186,123,20,3,4896,2580,0.07477869467366842,104,56,46463,48070,3218,1738,8,9,12,9,0,0,92970,0,0,157,1,0,0,0,0,0,21,6826,0,0,0,0,0,0
328,1383,329.204776040821,99975,189,130,20,3,4921,2597,0.07519879969992498,106,63,46444,48047,3231,1744,9,12,15,10,0,0,92935,0,0,158,1,0,0,0,0,0,25,6856,0,0,0,0,0,0
329,1383,330.0038124955045,99974,191,128,21,3,4951,2610,0.07562966371256527,101,75,46427,48023,3249,1755,10,15,18,11,0,0,92890,0,0,160,1,0,0,0,0,0,29,6894,0,0,0,0,0,0
330,1383,331.0078279316069,99974,192,121,21,3,4977,2626,0.07604977294096466,101,73,46408,48012,3266,1771,11,19,22,12,0,0,92840,0,0,163,1,0,0,0,0,0,34,6936,0,0,0,0,0,0
331,1383,332.0080993208898,99974,190,123,21,3,5001,2646,0.07648988737071638,116,75,46379,47992,3281,1782,12,24,27,13,0,0,92793,0,0,165,1,0,0,0,0,0,39,6975,1,0,0,0,0,0
332,1383,333.26375896870894,99974,199,123,21,3,5038,2670,0.07710004601196312,116,71,46358,47978,3293,1795,12,29,32,14,0,0,92737,0,0,167,1,0,0,0,0,0,45,7023,1,0,0,0,0,0
333,1383,334.0531049344347,99974,198,122,21,3,5059,2684,0.07745013703562927,122,67,46342,47969,3303,1803,13,35,38,15,0,0,92694,0,0,168,1,0,0,0,0,0,52,7058,1,0,0,0,0,0
334,1383,335.00101849401835,99974,209,121,21,3,5090,2699,0.07791025666673335,123,69,46318,47950,3314,1814,14,42,45,16,0,0,92651,0,0,169,1,0,0,0,0,0,60,7092,1,0,0,0,0,0
335,1383,336.0917205484143,99974,211,123,21,3,5133,2721,0.07856042571068478,122,65,46290,47933,3340,1825,15,50,53,17,0,0,92584,0,0,171,1,0,0,0,0,0,68,7148,2,0,0,0,0,0
336,1383,337.0821900855266,99974,210,124,21,3,5157,2735,0.07894052453637945,130,70,46271,47911,3351,1832,16,59,62,18,0,0,92539,0,0,173,1,0,0,0,0,0,77,7181,3,0,0,0,0,0
337,1383,338.077618834049,99973,203,120,22,3,5184,2753,0.07939143568763567,137,72,46256,47887,3364,1848,17,69,72,19,0,0,92477,0,0,177,1,0,0,0,0,0,87,7227,4,0,0,0,0,0
338,1383,339.1509296934342,99973,206,126,22,3,5220,2775,0.07997159232992908,139,64,46231,47868,3383,1858,18,80,83,20,0,0,92418,0,0,179,1,0,0,0,0,0,99,7272,4,0,0,0,0,0
339,1383,340.0579993874006,99973,203,123,22,3,5243,2792,0.08037170035909695,149,59,46214,47851,3392,1872,19,91,95,21,0,0,92363,0,0,183,1,0,0,0,0,0,112,7310,4,0,0,0,0,0
340,1383,341.01026540149286,99973,223,123,22,3,5280,2809,0.0809118461984736,137,56,46213,47825,3384,1888,20,104,108,22,0,0,92315,0,0,183,1,0,0,0,0,0,126,7344,4,0,0,0,0,0
341,1383,342.0239739977377,99972,233,124,23,3,5319,2823,0.08144280398511583,138,57,46180,47802,3403,1895,22,118,122,24,0,0,92260,0,0,185,1,0,0,0,0,0,141,7380,5,0,0,0,0,0
342,1383,343.1354061329985,99972,230,118,23,3,5364,2842,0.08208298323530588,137,64,46151,47767,3434,1916,24,131,137,26,0,0,92171,0,0,186,1,0,0,0,0,0,158,7451,5,0,0,0,0,0
343,1383,344.23127685573206,99972,229,110,23,3,5403,2856,0.08261313167686953,139,68,46123,47740,3459,1930,26,148,154,28,0,0,92095,0,0,191,1,0,0,0,0,0,177,7503,5,0,0,0,0,0
344,1383,345.32779047199125,99972,230,117,23,3,5445,2877,0.08324330812627535,129,65,46108,47713,3481,1935,28,166,172,30,0,0,92024,0,0,192,1,0,0,0,0,0,194,7553,8,0,0,0,0,0
345,1383,346.0590505863674,99972,236,116,23,3,5468,2887,0.0835734005521546,127,68,46094,47681,3489,1945,30,186,192,32,0,0,91975,0,0,192,1,0,0,0,0,0,215,7580,9,0,0,0,0,0
346,1383,347.1563592822299,99972,237,120,23,3,5503,2908,0.0841335573960709,128,65,46067,47659,3512,1947,32,205,213,34,0,0,91906,0,0,194,1,0,0,0,0,0,235,7624,12,0,0,0,0,0
347,1383,348.25425818623074,99971,248,118,24,3,5543,2929,0.08474457592701884,129,69,46038,47624,3526,1959,34,226,236,37,0,0,91833,0,0,197,1,0,0,0,0,0,259,7667,14,0,0,0,0,0
348,1383,349.35272735252516,99971,250,114,24,3,5582,2947,0.08531474127496974,126,69,46013,47587,3550,1977,36,249,260,40,0,0,91749,0,0,198,1,0,0,0,0,0,285,7723,15,0,0,0,0,0
349,1383,350.08532391820233,99971,249,112,24,3,5604,2959,0.08565483990357203,126,73,46000,47556,3561,1981,39,274,286,43,0,0,91689,0,0,200,1,0,0,0,0,0,310,7752,19,0,0,0,0,0
350,1383,351.18475559139307,99971,243,108,24,3,5649,2976,0.08627501975572917,125,72,45966,47519,3599,1996,42,301,314,46,0,0,91595,0,0,207,1,0,0,0,0,0,339,7808,21,0,0,0,0,0
351,1383,352.28497530300706,99970,238,108,25,3,5684,2992,0.08678603581074322,131,70,45947,47484,3612,2005,46,329,343,50,0,0,91513,0,0,212,1,0,0,0,0,0,370,7851,23,0,0,0,0,0
352,1383,353.01875175212297,99970,238,104,25,3,5705,2999,0.08706611983595079,140,70,45924,47452,3624,2011,48,359,374,54,0,0,91448,0,0,213,1,0,0,0,0,0,404,7880,24,0,0,0,0,0
353,1383,354.1199163483401,99970,249,108,25,3,5754,3019,0.08775632689806942,130,73,45897,47410,3646,2016,52,389,407,58,0,0,91364,0,0,217,1,0,0,0,0,0,438,7923,27,0,0,0,0,0
354,1383,355.2216935450833,99969,253,106,26,3,5792,3038,0.08832738148826136,132,77,45874,47363,3657,2027,57,423,442,63,0,0,91274,0,0,220,1,0,0,0,0,0,476,7969,29,0,0,0,0,0
355,1383,356.3239794956955,99969,249,93,26,3,5830,3050,0.08882753653632626,133,86,45847,47312,3682,2045,62,460,479,68,0,0,91173,0,0,225,1,0,0,0,0,0,515,8023,32,0,0,0,0,0
356,1383,357.05919539606066,99969,248,97,26,3,5855,3065,0.08922766057477818,137,79,45826,47268,3695,2053,67,499,518,73,0,0,91098,0,0,229,1,0,0,0,0,0,557,8050,34,0,0,0,0,0
357,1383,358.16264644257006,99969,245,103,26,3,5885,3085,0.08972781562284309,143,74,45797,47226,3715,2058,73,535,559,79,0,0,91008,0,0,231,1,0,0,0,0,0,602,8091,36,0,0,0,0,0
358,1383,359.26672531837096,99969,255,107,26,3,5932,3103,0.09037801718532745,135,68,45773,47183,3732,2062,78,576,602,85,0,0,90915,0,0,234,1,0,0,0,0,0,647,8132,40,0,0,0,0,0
359,1383,360.00308841620756,99968,255,109,27,3,5955,3113,0.09070902688860435,141,65,45747,47136,3745,2066,84,620,647,91,0,0,90835,0,0,236,1,0,0,0,0,0,698,8158,40,0,0,0,0,0
360,1383,361.1083495470283,99968,265,108,27,3,5996,3128,0.0912692061459667,139,63,45714,47086,3763,2073,91,666,695,98,0,0,90743,0,0,241,1,0,0,0,0,0,748,8190,45,0,0,0,0,0
361,1383,362.21429719305894,99968,272,108,27,3,6040,3145,0.0918794014084507,145,64,45677,47033,3781,2076,97,715,745,105,0,0,90640,0,0,242,2,0,0,0,0,0,799,8235,50,0,0,0,0,0
362,1383,363.32100528590775,99968,277,112,27,3,6089,3168,0.0925996318822023,139,62,45644,46972,3808,2086,104,764,797,113,0,0,90528,0,0,248,2,0,0,0,0,0,854,8281,55,0,0,0,0,0
363,1383,364.0592395807201,99968,268,117,27,3,6116,3184,0.0930297695262484,146,59,45614,46917,3832,2086,112,817,852,121,0,0,90424,0,0,248,2,0,0,0,0,0,911,8322,61,0,0,0,0,0
364,1383,365.1674134455257,99968,267,112,27,3,6157,3198,0.09357994558258642,138,70,45592,46849,3854,2094,121,871,909,130,0,0,90304,0,0,250,2,0,0,0,0,0,972,8374,66,0,0,0,0,0
365,1383,366.2761793659589,99968,264,110,27,3,6192,3212,0.09407010243277848,134,80,45567,46773,3878,2105,129,928,968,139,0,0,90190,0,0,256,2,0,0,0,0,0,1038,8414,68,0,0,0,0,0
366,1383,367.0157366767187,99968,280,113,27,3,6228,3229,0.09460027208706787,129,75,45540,46709,3885,2110,138,989,1030,149,0,0,90093,0,0,258,2,0,0,0,0,0,1103,8437,75,0,0,0,0,0
367,1383,368.12570660015444,99968,289,118,27,3,6273,3250,0.09526048335467349,127,81,45501,46629,3906,2118,149,1050,1094,160,0,0,89978,0,0,264,2,0,0,0,0,0,1172,8471,81,0,0,0,0,0
368,1383,369.23656743673087,99968,278,119,27,3,6317,3270,0.09590068822023047,130,80,45457,46564,3949,2120,158,1113,1161,171,0,0,89837,0,0,267,3,0,0,0,0,0,1243,8531,87,0,0,0,0,0
369,1383,370.3484706923487,99968,279,126,27,3,6353,3295,0.09651088348271447,135,75,45432,46485,3958,2132,168,1178,1231,183,0,0,89709,0,0,269,3,0,0,0,0,0,1320,8575,92,0,0,0,0,0
370,1383,371.09008248613776,99968,272,123,27,3,6373,3313,0.09689100512163892,144,65,45400,46406,3977,2152,179,1250,1303,195,0,0,89583,0,0,272,3,0,0,0,0,0,1401,8614,95,0,0,0,0,0
371,1383,372.2033875506465,99968,251,124,27,3,6411,3338,0.09752120678617157,139,64,45372,46330,4019,2158,191,1320,1378,208,0,0,89425,0,0,276,4,0,0,0,0,0,1481,8680,102,0,0,0,0,0
372,1383,373.31774609733066,99968,256,131,27,3,6453,3355,0.09811139564660691,131,62,45338,46257,4042,2153,205,1393,1456,222,0,0,89295,0,0,278,4,0,0,0,0,0,1566,8716,109,0,0,0,0,0
373,1383,374.0611033231076,99968,265,125,27,3,6480,3367,0.0985015204865557,122,62,45318,46173,4049,2168,218,1468,1536,236,0,0,89171,0,0,279,4,0,0,0,0,0,1655,8745,114,0,0,0,0,0
374,1383,375.17676371172143,99968,260,133,27,3,6521,3387,0.0991117157490397,121,62,45283,46088,4077,2170,231,1543,1619,251,0,0,89029,0,0,286,4,0,0,0,0,0,1746,8782,121,0,0,0,0,0
375,1383,376.29328210182587,99968,242,132,27,3,6550,3409,0.0996218790012804,136,64,45244,45992,4105,2185,245,1623,1705,267,0,0,88864,0,0,290,4,0,0,0,0,0,1845,8841,124,0,0,0,0,0
376,1383,377.0382115723665,99968,233,133,27,3,6568,3420,0.09991197183098592,139,67,45222,45908,4116,2181,262,1707,1794,284,0,0,88732,0,0,292,4,0,0,0,0,0,1942,8865,133,0,0,0,0,0
377,1383,378.15640353142106,99968,246,136,27,3,6606,3445,0.10054217349551857,130,55,45191,45816,4126,2195,279,1794,1885,302,0,0,88580,0,0,293,4,0,0,0,0,0,2048,8907,136,0,0,0,0,0
378,1383,379.27538502403576,99968,238,120,27,3,6641,3452,0.10096230793854033,121,70,45164,45721,4152,2204,297,1881,1979,320,0,0,88421,0,0,299,5,0,0,0,0,0,2148,8948,147,0,0,0,0,0
379,1383,380.0218469683704,99968,232,117,27,3,6663,3463,0.10129241357234314,116,76,45140,45617,4169,2210,315,1976,2076,339,0,0,88270,0,0,302,5,0,0,0,0,0,2260,8980,151,0,0,0,0,0
380,1383,381.14235235575194,99966,234,123,29,3,6702,3480,0.1018546305743953,122,85,45098,45502,4183,2212,333,2074,2176,359,0,0,88107,0,0,303,5,0,0,0,0,0,2376,9020,155,0,0,0,0,0
381,1383,382.2637421820786,99966,230,122,29,3,6729,3504,0.10236480403337135,136,80,45062,45402,4189,2224,353,2168,2279,380,0,0,87937,0,0,304,5,0,0,0,0,0,2491,9065,164,0,0,0,0,0
382,1383,383.0117855798866,99966,224,125,29,3,6751,3517,0.10271492307384511,137,78,45032,45295,4202,2227,375,2271,2385,402,0,0,87783,0,0,310,5,0,0,0,0,0,2613,9085,170,0,0,0,0,0
383,1383,384.13485625809574,99966,221,116,29,3,6788,3531,0.10322509653282116,150,85,44973,45186,4229,2238,397,2371,2494,425,0,0,87602,0,0,314,6,0,0,0,0,0,2736,9130,178,0,0,0,0,0
384,1383,385.2592059440104,99966,221,121,29,3,6831,3553,0.10387531760798671,141,80,44930,45081,4257,2242,421,2472,2606,449,0,0,87418,0,0,317,6,0,0,0,0,0,2863,9175,187,0,0,0,0,0
385,1383,386.0094312722418,99966,221,124,29,3,6856,3567,0.10426545025308605,145,72,44887,44975,4271,2244,446,2581,2721,474,0,0,87255,0,0,320,6,0,0,0,0,0,2993,9195,197,0,0,0,0,0
386,1383,387.13601700312967,99966,218,121,29,3,6894,3585,0.10482564071784407,137,76,44849,44854,4297,2253,469,2692,2839,500,0,0,87059,0,0,324,6,0,0,0,0,0,3131,9243,203,0,0,0,0,0
387,1383,388.26372092459604,99966,233,121,29,3,6938,3608,0.10549586859532241,123,75,44817,44739,4304,2262,493,2799,2960,527,0,0,86882,0,0,328,6,0,0,0,0,0,3260,9268,222,0,0,0,0,0
388,1383,389.0159718913725,99966,230,121,29,3,6959,3620,0.10582598083348338,125,75,44791,44623,4307,2260,517,2917,3084,555,0,0,86708,0,0,329,6,0,0,0,0,0,3399,9289,235,0,0,0,0,0
389,1383,390.14513977206695,99966,225,124,29,3,6998,3643,0.10644619170517976,115,78,44757,44500,4331,2259,542,3035,3211,584,0,0,86502,0,0,332,6,0,0,0,0,0,3544,9336,246,0,0,0,0,0
390,1383,391.2752426645189,99965,236,128,29,4,7038,3666,0.10707747711699095,116,79,44710,44376,4339,2262,569,3150,3341,614,0,0,86306,0,0,333,6,0,0,0,0,0,3693,9370,257,0,0,0,0,0
391,1383,392.029231495154,99965,229,134,29,4,7066,3681,0.10750762766968439,124,82,44670,44242,4348,2260,599,3277,3474,645,0,0,86112,0,0,333,7,0,0,0,0,0,3844,9400,269,0,0,0,0,0
392,1383,393.1613326820649,99965,225,135,29,4,7095,3704,0.1080278097334067,123,82,44633,44117,4359,2269,630,3392,3610,678,0,0,85913,0,0,334,7,0,0,0,0,0,3989,9429,293,0,0,0,0,0
393,1383,394.2944682720895,99965,216,136,29,4,7122,3722,0.108477967288551,126,86,44591,43988,4377,2272,660,3513,3749,712,0,0,85714,0,0,339,8,0,0,0,0,0,4141,9450,313,0,0,0,0,0
394,1383,395.0504951996905,99965,208,142,29,4,7138,3736,0.10877807232531386,137,81,44547,43854,4385,2270,693,3648,3891,747,0,0,85520,0,0,341,8,0,0,0,0,0,4305,9465,326,0,0,0,0,0
395,1383,396.1858149572352,99964,197,137,30,4,7164,3757,0.10924932975871314,135,74,44512,43735,4397,2270,728,3779,4036,783,0,0,85305,0,0,341,9,0,0,0,0,0,4458,9498,353,0,0,0,0,0
396,1383,397.32219375774264,99964,199,141,30,4,7196,3780,0.10979952783001881,129,72,44468,43597,4411,2271,762,3914,4184,821,0,0,85086,0,0,345,9,0,0,0,0,0,4632,9527,365,0,0,0,0,0
397,1383,398.08042283510827,99964,202,133,30,4,7225,3794,0.11022968268576687,125,72,44417,43450,4424,2282,801,4058,4335,860,0,0,84866,0,0,347,9,0,0,0,0,0,4806,9555,381,0,0,0,0,0
398,1383,399.21919035483296,99964,210,128,30,4,7262,3810,0.11075987355447961,125,74,44366,43315,4430,2287,838,4191,4489,900,0,0,84647,0,0,350,10,0,0,0,0,0,4980,9576,401,0,0,0,0,0
399,1383,400.3592229448679,99964,234,125,30,4,7305,3824,0.11133007882837821,114,79,44320,43176,4426,2284,875,4331,4645,942,0,0,84425,0,0,352,10,0,0,0,0,0,5168,9598,411,0,0,0,0,0
400,1383,401.1198559294813,99964,230,122,30,4,7325,3835,0.11164019046856868,118,86,44265,43017,4440,2287,916,4483,4804,985,0,0,84208,0,0,354,11,0,0,0,0,0,5350,9611,430,0,0,0,0,0
401,1383,402.2623860290778,99964,225,123,30,4,7357,3856,0.11217038133728142,111,80,44222,42870,4452,2294,959,4628,4966,1030,0,0,83970,0,0,358,11,0,0,0,0,0,5535,9638,452,0,0,0,0,0
402,1383,403.0247601321544,99964,223,123,30,4,7379,3871,0.11254051458525069,124,77,44150,42720,4469,2291,1003,4784,5131,1076,0,0,83745,0,0,363,11,0,0,0,0,0,5726,9647,472,0,0,0,0,0
403,1383,404.1702297200108,99964,234,122,30,4,7418,3887,0.11309071265655636,122,82,44091,42577,4478,2287,1044,4927,5299,1123,0,0,83507,0,0,366,11,0,0,0,0,0,5922,9667,491,0,0,0,0,0
404,1383,405.31718114371307,99964,230,117,30,4,7455,3906,0.1136509143291585,132,78,44032,42420,4488,2299,1087,5081,5470,1172,0,0,83249,0,0,369,12,0,0,0,0,0,6119,9702,513,0,0,0,0,0
405,1383,406.08266480064583,99964,224,109,30,4,7479,3914,0.11397102957064544,134,86,43973,42255,4507,2299,1131,5246,5644,1222,0,0,83001,0,0,373,13,0,0,0,0,0,6326,9722,529,0,0,0,0,0
406,1383,407.2327163944117,99964,231,114,30,4,7526,3936,0.11466127806010164,125,83,43922,42103,4515,2295,1176,5400,5820,1274,0,0,82747,0,0,375,14,0,0,0,0,0,6526,9746,556,0,0,0,0,0
407,1383,408.00017739749586,99964,223,119,30,4,7542,3951,0.11497138970029211,127,80,43863,41933,4528,2289,1228,5574,5999,1328,0,0,82498,0,0,379,15,0,0,0,0,0,6746,9758,568,0,0,0,0,0
408,1383,409.1531144554947,99964,217,126,30,4,7571,3977,0.11552158777159778,130,71,43819,41773,4528,2294,1275,5731,6181,1383,0,0,82232,0,0,384,15,0,0,0,0,0,6963,9782,588,0,0,0,0,0
409,1383,410.3073702038156,99964,206,122,30,4,7604,3992,0.11600176063382818,120,67,43770,41619,4550,2292,1323,5895,6365,1440,0,0,81953,0,0,388,16,0,0,0,0,0,7184,9816,607,0,0,0,0,0
410,1383,411.0777531973993,99964,204,126,30,4,7626,4004,0.11634188307790805,124,61,43706,41472,4557,2277,1378,6059,6552,1498,0,0,81698,0,0,388,17,0,0,0,0,0,7408,9826,627,0,0,0,0,0
411,1383,412.2352063375661,99964,211,117,30,4,7663,4017,0.11684206314273138,120,60,43653,41333,4552,2276,1433,6209,6741,1558,0,0,81433,0,0,391,19,0,0,0,0,0,7626,9839,656,0,0,0,0,0
412,1383,413.0076174861902,99964,212,116,30,4,7688,4029,0.11721219639070066,115,65,43596,41146,4554,2281,1492,6387,6933,1620,0,0,81164,0,0,393,19,0,0,0,0,0,7860,9852,676,0,0,0,0,0
413,1383,414.1680937266624,99964,204,113,30,4,7715,4051,0.11770237285422752,125,63,43532,40985,4562,2289,1546,6545,7127,1683,0,0,80869,0,0,394,19,0,0,0,0,0,8096,9889,697,0,0,0,0,0
414,1383,415.3303311888683,99964,198,106,30,4,7745,4066,0.11815253491256852,117,70,43478,40823,4569,2284,1607,6712,7324,1748,0,0,80590,0,0,396,23,0,0,0,0,0,8323,9904,728,0,0,0,0,0
415,1383,416.1060940933569,99964,198,110,30,4,7760,4086,0.11850266095794486,123,56,43410,40659,4569,2279,1669,6891,7523,1815,0,0,80327,0,0,398,24,0,0,0,0,0,8558,9899,758,0,0,0,0,0
416,1383,417.271696616121,99964,204,109,30,4,7807,4101,0.1191228842383258,106,60,43350,40487,4579,2276,1730,7063,7725,1883,0,0,80033,0,0,405,24,0,0,0,0,0,8802,9916,784,0,0,0,0,0
417,1383,418.04976063417166,99964,200,113,30,4,7829,4112,0.1194530030811092,102,67,43289,40301,4585,2265,1793,7249,7929,1953,0,0,79767,0,0,410,25,0,0,0,0,0,9041,9903,818,0,0,0,0,0
418,1383,419.21878629388397,99962,182,104,31,5,7851,4124,0.11979552229847341,109,67,43212,40127,4604,2265,1861,7431,8135,2025,0,0,79468,0,0,412,26,0,0,0,0,0,9283,9919,854,0,0,0,0,0
419,1383,420.38992820353667,99962,194,110,31,5,7888,4154,0.12046577699525819,126,90,43131,39931,4598,2264,1919,7599,8343,2099,0,0,79175,15,1,417,26,1,0,0,0,0,9534,9911,882,0,0,0,0,0
420,1383,421.2696386235256,99962,195,117,31,5,7915,4174,0.120935955663152,137,85,43056,39743,4595,2264,1985,7785,8554,2175,0,0,78884,49,3,420,26,1,0,0,0,0,9789,9878,912,0,0,0,0,0
421,1383,422.15074766050395,99962,201,132,31,5,7949,4199,0.12152617994838039,143,78,42971,39550,4600,2256,2053,7978,8767,2252,0,0,78587,81,6,420,29,1,0,0,0,0,10051,9853,934,0,0,0,0,0
422,1383,423.03338217772625,99962,212,126,31,5,7981,4213,0.12198635481482964,153,77,42878,39364,4598,2258,2127,8169,8982,2331,0,0,78279,116,9,423,29,1,0,0,0,0,10321,9829,955,0,0,0,0,0
423,1383,424.36024392527463,99962,223,125,31,5,8033,4238,0.1227566475260599,151,77,42788,39176,4611,2264,2195,8352,9199,2412,0,0,77948,173,14,428,29,1,0,0,0,0,10590,9800,979,0,0,0,0,0
424,1383,425.2463651753799,99962,233,126,31,5,8069,4252,0.12325683759828734,160,80,42691,38982,4618,2258,2266,8548,9418,2495,0,0,77631,205,17,430,31,1,0,0,0,0,10872,9781,994,0,0,0,0,0
425,1383,426.13426387931673,99962,234,135,31,5,8102,4273,0.12379704287629299,167,80,42605,38794,4619,2249,2343,8736,9639,2580,0,0,77319,244,19,430,34,1,0,0,0,0,11143,9748,1024,0,0,0,0,0
426,1383,427.0239605886939,99961,234,139,32,5,8129,4291,0.1242484568981903,189,86,42498,38602,4622,2245,2424,8922,9861,2667,0,0,77010,277,23,431,36,1,0,0,0,0,11414,9713,1056,0,0,0,0,0
427,1383,428.3618933649632,99961,249,150,32,5,8187,4332,0.12523884314882805,204,86,42390,38407,4624,2250,2500,9101,10085,2756,0,0,76664,343,26,435,36,1,0,0,0,0,11691,9676,1089,0,0,0,0,0
428,1383,429.255484731359,99961,263,153,32,5,8229,4350,0.12583907724012364,199,93,42294,38220,4628,2250,2583,9278,10311,2847,0,0,76336,378,32,435,38,1,0,0,0,0,11978,9652,1111,0,0,0,0,0
429,1383,430.15090930595426,99961,265,147,32,5,8274,4361,0.12639929572533287,198,100,42189,38022,4649,2252,2666,9473,10538,2940,0,0,75997,428,38,437,40,1,0,0,0,0,12261,9619,1140,0,0,0,0,0
430,1383,431.0484877022106,99961,263,144,32,5,8311,4380,0.1269595142105421,205,106,42088,37826,4659,2251,2752,9667,10767,3034,0,0,75660,475,44,443,41,1,0,0,0,0,12545,9579,1173,0,0,0,0,0
431,1383,432.39874192108164,99961,298,158,32,5,8400,4419,0.12824001360530607,195,96,41956,37642,4681,2254,2837,9844,10998,3130,0,0,75302,540,49,452,41,1,0,0,0,0,12833,9536,1207,0,0,0,0,0
432,1383,433.3009991680232,99959,287,159,34,5,8440,4444,0.12889284606688742,224,98,41825,37443,4700,2258,2929,10036,11230,3228,0,0,74945,599,56,454,45,1,0,0,0,0,13122,9500,1237,0,0,0,0,0
433,1383,434.20582953003935,99958,293,157,34,6,8486,4463,0.1295444086516337,224,98,41712,37243,4718,2255,3018,10240,11463,3328,0,0,74590,647,61,459,47,1,0,0,0,0,13423,9468,1262,0,0,0,0,0
434,1383,435.1130803809958,99958,318,162,34,6,8549,4480,0.130344744792813,198,106,41601,37042,4738,2237,3110,10446,11698,3430,0,0,74251,683,69,462,50,1,0,0,0,0,13718,9431,1293,0,0,0,0,0
435,1383,436.02272400630494,99958,310,171,34,6,8581,4506,0.13092498849516798,225,95,41472,36845,4753,2237,3205,10645,11934,3534,0,0,73908,724,76,468,53,1,0,0,0,0,14013,9387,1328,0,0,0,0,0
436,1383,437.3917438634324,99957,334,161,35,6,8660,4532,0.1319767500025011,228,110,41333,36647,4773,2247,3296,10828,12171,3640,0,0,73530,797,86,471,57,1,0,0,0,0,14307,9345,1363,0,0,0,0,0
437,1383,438.30679901198664,99957,342,152,35,6,8707,4545,0.1325770081134888,228,130,41221,36456,4789,2246,3384,11009,12409,3748,0,0,73168,844,92,479,57,1,0,0,0,0,14616,9306,1394,0,0,0,0,0
438,1383,439.22427241437254,99957,346,159,35,6,8753,4578,0.13336734795962263,229,125,41111,36241,4801,2259,3477,11209,12649,3858,0,0,72804,891,106,484,59,1,0,0,0,0,14919,9268,1425,0,0,0,0,0
439,1383,440.144177520025,99957,359,170,35,6,8821,4614,0.13440779535200137,220,113,40986,36025,4824,2266,3575,11419,12890,3970,0,0,72424,950,118,493,59,1,0,0,0,0,15228,9227,1457,0,0,0,0,0
440,1383,441.0667219005826,99957,365,190,35,6,8876,4651,0.13532819112218253,224,109,40865,35812,4840,2260,3670,11622,13132,4084,0,0,72063,998,129,496,62,1,0,0,0,0,15529,9181,1498,0,0,0,0,0
441,1383,442.45509814069936,99957,360,173,35,6,8948,4682,0.13635863421271147,231,122,40750,35610,4861,2282,3762,11806,13374,4200,0,0,71641,1097,144,498,68,1,0,0,0,0,15837,9141,1530,0,0,0,0,0
442,1383,443.38285162758007,99957,363,168,35,6,9006,4706,0.13717898696439468,242,134,40623,35401,4873,2282,3863,12008,13617,4318,0,0,71262,1164,157,498,72,1,0,0,0,0,16136,9092,1575,0,0,0,0,0
443,1383,444.3134034471283,99957,358,180,35,6,9055,4740,0.13800934401792772,247,137,40497,35191,4896,2277,3966,12208,13861,4438,0,0,70898,1218,170,503,76,1,0,0,0,0,16433,9033,1625,0,0,0,0,0
444,1383,445.2468071289575,99957,376,190,35,6,9115,4775,0.13895975269365826,236,129,40368,34987,4908,2282,4076,12405,14106,4560,0,0,70517,1269,185,502,78,1,0,0,0,0,16748,8997,1660,0,0,0,0,0
445,1383,446.18298162382604,99956,382,208,35,7,9182,4812,0.1400016007043099,244,119,40221,34772,4938,2281,4179,12612,14351,4684,0,0,70125,1333,194,504,82,1,0,0,0,0,17066,8953,1698,0,0,0,0,0
446,1383,447.1223617373337,99956,383,217,35,7,9241,4849,0.1409620232902477,248,109,40074,34567,4972,2288,4287,12811,14597,4810,0,0,69726,1391,216,506,86,1,0,0,0,0,17385,8920,1725,0,0,0,0,0
447,1383,448.06500658591324,99956,382,226,35,7,9303,4878,0.14187242386650126,256,119,39922,34358,5005,2282,4399,13007,14844,4937,0,0,69333,1452,227,513,89,1,0,0,0,0,17705,8871,1765,0,0,0,0,0
448,1383,449.0110622531076,99956,394,234,35,7,9361,4910,0.14277282004081795,275,120,39767,34154,5016,2286,4512,13198,15091,5066,0,0,68947,1502,241,515,92,1,0,0,0,0,18026,8829,1803,0,0,0,0,0
449,1383,450.436297015163,99956,399,234,35,7,9441,4947,0.14394333506742968,294,136,39610,33946,5041,2294,4620,13382,15338,5197,0,0,68522,1588,261,516,96,1,0,0,0,0,18344,8789,1839,0,0,0,0,0
450,1383,451.3893394419993,99955,405,240,35,8,9499,4982,0.14487519383722675,314,129,39445,33750,5066,2296,4734,13576,15586,5330,0,0,68130,1645,273,521,101,1,0,0,0,0,18666,8736,1882,0,0,0,0,0
451,1383,452.3458722990397,99955,446,225,35,8,9587,5009,0.1460257115702066,300,146,39300,33541,5072,2314,4846,13765,15834,5465,0,0,67734,1706,295,524,103,1,0,0,0,0,18979,8684,1929,0,0,0,0,0
452,1383,453.3058942400047,99955,440,224,35,8,9653,5043,0.14702616177279776,309,156,39137,33324,5113,2324,4965,13963,16082,5602,0,0,67307,1782,314,532,104,2,0,0,0,0,19310,8642,1962,0,0,0,0,0
453,1383,454.26963216119987,99954,472,229,35,9,9730,5084,0.14820817576085,291,152,38996,33129,5122,2331,5083,14149,16331,5741,0,0,66901,1839,332,532,109,2,0,0,0,0,19640,8602,1997,0,0,0,0,0
454,1383,455.2369606868568,99954,467,216,35,9,9803,5116,0.14925865898313223,298,157,38842,32920,5160,2348,5197,14349,16580,5881,0,0,66458,1920,356,545,112,2,0,0,0,0,19977,8561,2023,0,0,0,0,0
455,1383,456.20792271309784,99952,471,233,37,9,9867,5159,0.15033215943652953,312,151,38688,32723,5173,2344,5318,14539,16829,6023,0,0,66065,1961,387,551,116,2,0,0,0,0,20294,8514,2062,0,0,0,0,0
456,1383,457.1826869597044,99952,494,245,37,9,9950,5198,0.1515527453177525,298,149,38523,32529,5205,2348,5442,14719,17078,6167,0,0,65650,2019,403,559,119,2,0,0,0,0,20633,8470,2097,0,0,0,0,0
457,1383,458.1612383325945,99952,493,250,37,9,10025,5236,0.15268328797822955,292,156,38370,32318,5237,2349,5570,14917,17327,6313,0,0,65231,2092,424,563,127,2,0,0,0,0,20957,8415,2141,0,0,0,0,0
458,1383,459.14374766698114,99952,504,242,37,9,10106,5274,0.15387385945253723,279,163,38218,32103,5269,2370,5692,15112,17576,6460,0,0,64811,2172,450,564,133,3,0,0,0,0,21270,8358,2191,0,0,0,0,0
459,1383,460.13020429895386,99951,506,240,37,10,10171,5308,0.1548658842832988,297,175,38048,31893,5296,2378,5815,15303,17824,6609,0,0,64393,2233,471,575,134,4,0,0,0,0,21602,8307,2232,0,0,0,0,0
460,1383,461.1207160206217,99950,485,237,38,10,10224,5348,0.15579789894947474,324,168,37875,31701,5337,2390,5940,15493,18072,6760,0,0,63961,2312,491,588,136,4,0,0,0,0,21932,8247,2279,0,0,0,0,0
461,1383,462.11564746009935,99950,488,237,38,10,10304,5389,0.15700850425212606,316,161,37725,31512,5365,2402,6067,15677,18320,6912,0,0,63535,2385,521,596,142,4,0,0,0,0,22254,8192,2321,0,0,0,0,0
462,1383,463.11477804997384,99950,492,238,38,10,10374,5426,0.15807903951975988,319,160,37573,31324,5381,2411,6196,15856,18568,7066,0,0,63115,2449,540,608,146,4,0,0,0,0,22588,8134,2366,0,0,0,0,0
463,1383,464.11810511656597,99950,490,249,38,10,10451,5466,0.1592496248124062,331,156,37395,31140,5417,2409,6328,16035,18815,7222,0,0,62676,2526,567,607,151,4,0,0,0,0,22923,8094,2402,0,0,0,0,0
464,1383,465.12571689469905,99949,477,248,39,10,10529,5504,0.16041181002311178,340,154,37230,30943,5460,2424,6453,16220,19062,7379,0,0,62236,2609,601,612,156,4,0,0,0,0,23244,8040,2447,0,0,0,0,0
465,1383,466.13797749087416,99949,509,266,39,10,10616,5546,0.161702468258812,330,156,37069,30737,5469,2431,6583,16399,19308,7538,0,0,61828,2650,630,617,158,4,0,0,0,0,23580,7997,2485,0,0,0,0,0
466,1383,467.1543537107579,99949,538,277,39,10,10698,5584,0.16290308057109126,326,151,36903,30553,5480,2437,6713,16571,19554,7698,0,0,61421,2698,655,620,162,4,0,0,0,0,23914,7947,2528,0,0,0,0,0
467,1383,468.1749493215706,99949,549,267,39,10,10784,5615,0.16407367757556354,332,162,36732,30347,5513,2450,6834,16763,19799,7860,0,0,60984,2767,690,629,163,5,0,0,0,0,24247,7899,2565,0,0,0,0,0
468,1383,469.2000600267795,99949,556,267,39,10,10859,5653,0.1652042541696265,341,167,36579,30147,5529,2456,6955,16952,20044,8023,0,0,60569,2823,723,636,170,5,0,0,0,0,24570,7843,2610,0,0,0,0,0
469,1383,470.2293664432977,99949,559,271,39,10,10951,5697,0.166564948123543,324,163,36407,29962,5578,2473,7092,17120,20288,8188,0,0,60118,2910,753,642,174,5,0,0,0,0,24903,7791,2653,0,0,0,0,0
470,1383,471.2634870305365,99949,562,265,39,10,11030,5731,0.167695524717606,343,174,36228,29769,5601,2482,7226,17299,20532,8354,0,0,59682,2984,784,646,178,6,0,0,0,0,25233,7739,2697,0,0,0,0,0
471,1383,472.30251424070127,99949,570,261,39,10,11131,5769,0.16908623397932945,337,185,36041,29560,5660,2499,7352,17484,20775,8521,0,0,59219,3070,820,653,182,6,0,0,0,0,25573,7698,2728,0,0,0,0,0
472,1383,473.3466977694254,99949,564,277,39,10,11221,5809,0.17038689731763199,341,186,35856,29364,5703,2500,7496,17662,21017,8690,0,0,58771,3142,852,659,188,6,0,0,0,0,25915,7655,2761,0,0,0,0,0
473,1383,474.3961891315196,99949,571,285,39,10,11305,5861,0.17174759127154848,337,181,35693,29177,5719,2518,7640,17828,21258,8860,0,0,58342,3216,882,664,196,6,0,0,0,0,26237,7593,2813,0,0,0,0,0
474,1383,475.45068382470777,99949,563,304,39,10,11398,5920,0.17326836686710223,326,172,35524,28984,5770,2532,7777,17997,21499,9031,0,0,57879,3300,921,677,199,6,0,0,0,0,26575,7547,2845,0,0,0,0,0
475,1383,476.51024162688844,99949,548,292,39,10,11482,5965,0.17455902510280244,332,169,35362,28787,5818,2562,7900,18179,21739,9203,0,0,57397,3407,952,685,206,6,0,0,0,0,26916,7502,2878,0,0,0,0,0
476,1383,477.0413324121979,99948,536,301,40,10,11521,5988,0.17518109416896788,331,174,35214,28577,5819,2547,8059,18390,21978,9377,0,0,57009,3430,979,686,212,7,0,0,0,0,27250,7450,2925,0,0,0,0,0
477,1383,478.11062894578816,99946,531,298,42,10,11611,6047,0.176675404718548,320,152,35056,28406,5865,2580,8185,18553,22216,9552,0,0,56548,3518,1028,691,220,8,0,0,0,0,27569,7404,2960,0,0,0,0,0
478,1383,479.1849126258204,99945,554,292,42,11,11718,6091,0.17818800340187102,307,159,34883,28215,5895,2613,8318,18709,22453,9728,0,0,56094,3590,1076,699,223,9,0,0,0,0,27901,7365,2988,0,0,0,0,0
479,1383,480.26447771943634,99944,578,295,42,12,11810,6140,0.17960057632274073,302,155,34718,28058,5911,2623,8448,18856,22689,9905,0,0,55666,3648,1122,703,228,9,0,0,0,0,28224,7317,3027,0,0,0,0,0
480,1383,481.3488782671412,99944,585,299,42,12,11893,6183,0.18086128231809814,317,156,34539,27894,5937,2638,8579,19000,22924,10083,0,0,55240,3694,1172,716,231,9,0,0,0,0,28551,7271,3060,0,0,0,0,0
481,1383,482.43859128544113,99944,610,293,42,12,11987,6223,0.1822020331385576,308,164,34395,27743,5943,2654,8701,19133,23158,10262,0,0,54823,3743,1220,722,239,9,0,0,0,0,28868,7219,3101,0,0,0,0,0
482,1383,483.53285905835713,99944,612,291,42,12,12078,6270,0.18358280637156807,310,155,34237,27583,5979,2671,8819,19287,23391,10442,0,0,54372,3828,1259,733,240,9,0,0,0,0,29193,7161,3149,0,0,0,0,0
483,1383,484.0812264576468,99944,605,288,42,12,12113,6298,0.1842131593692468,327,158,34061,27394,5988,2675,8976,19472,23623,10623,0,0,53974,3854,1295,738,244,9,0,0,0,0,29527,7115,3188,0,0,0,0,0
484,1383,485.185699189618,99943,593,288,43,12,12202,6339,0.18551574397406523,334,162,33889,27248,6029,2680,9111,19609,23853,10805,0,0,53545,3909,1352,747,253,10,0,0,0,0,29835,7066,3226,0,0,0,0,0
485,1383,486.29600563532097,99943,600,282,43,12,12301,6382,0.18693655383568633,326,166,33712,27099,6072,2695,9246,19745,24082,10988,0,0,53101,3977,1400,760,260,10,0,0,0,0,30159,7016,3260,0,0,0,0,0
486,1383,487.4120480983173,99943,594,281,43,12,12399,6427,0.18836736940055832,336,164,33532,26936,6119,2713,9375,19893,24310,11171,0,0,52655,4054,1453,763,274,10,0,0,0,0,30472,6971,3291,0,0,0,0,0
487,1383,488.53406355713076,99943,578,290,43,12,12488,6475,0.18973815074592518,331,165,33372,26795,6169,2721,9506,20016,24537,11355,0,0,52211,4126,1505,773,279,10,0,0,0,0,30790,6919,3330,0,0,0,0,0
488,1383,489.0966159166264,99943,578,292,43,12,12532,6501,0.1904385499734849,327,170,33217,26616,6168,2721,9666,20188,24763,11540,0,0,51837,4138,1547,776,287,10,0,0,0,0,31108,6866,3374,0,0,0,0,0
489,1383,490.22971310016953,99942,609,288,44,12,12642,6555,0.19208140721618538,325,156,33024,26470,6193,2766,9804,20307,24987,11725,0,0,51394,4212,1593,783,293,11,0,0,0,0,31428,6819,3409,0,0,0,0,0
490,1383,491.3689337265129,99942,590,274,44,12,12731,6595,0.19337215585039322,331,171,32859,26335,6242,2774,9933,20433,25210,11911,0,0,50946,4305,1637,787,306,11,0,0,0,0,31732,6760,3458,0,0,0,0,0
491,1383,492.51400232112917,99941,585,280,45,12,12828,6645,0.19484495852553008,329,159,32693,26204,6289,2781,10058,20563,25432,12098,0,0,50524,4356,1716,790,314,11,0,0,0,0,32020,6717,3493,0,0,0,0,0
492,1383,493.0882861250806,99941,583,282,45,12,12880,6667,0.19558539538327613,314,161,32537,26032,6298,2775,10222,20737,25652,12285,0,0,50160,4362,1762,799,324,11,0,0,0,0,32329,6659,3535,0,0,0,0,0
493,1383,494.24513140036885,99941,553,280,45,12,12957,6709,0.19677609789775968,332,165,32384,25894,6330,2788,10355,20860,25871,12473,0,0,49722,4438,1813,809,331,11,0,0,0,0,32633,6604,3580,0,0,0,0,0
494,1383,495.4077088281344,99941,550,272,45,12,13050,6752,0.19813690077145515,331,157,32221,25760,6363,2801,10489,20997,26089,12661,0,0,49303,4493,1877,820,340,12,0,0,0,0,32927,6551,3618,0,0,0,0,0
495,1383,496.5762226006475,99941,540,283,45,12,13138,6799,0.19948769774166758,348,157,32043,25626,6410,2803,10613,21118,26305,12850,0,0,48906,4528,1943,830,355,12,0,0,0,0,33217,6496,3654,0,0,0,0,0
496,1383,497.16211149233345,99939,546,286,47,12,13185,6819,0.200162098880317,342,150,31888,25462,6401,2796,10775,21293,26520,13039,0,0,48526,4546,1975,831,360,12,0,0,0,0,33545,6451,3693,0,0,0,0,0
497,1383,498.3427891431852,99939,547,274,47,12,13277,6863,0.20152292898668187,346,150,31743,25342,6424,2820,10892,21401,26733,13228,0,0,48107,4598,2041,844,368,12,0,0,0,0,33838,6403,3728,0,0,0,0,0
498,1383,499.5288882550116,99938,570,275,48,12,13382,6904,0.20298585122776122,341,154,31577,25225,6442,2832,11021,21501,26945,13418,0,0,47707,4634,2102,850,377,12,0,0,0,0,34131,6358,3767,0,0,0,0,0
499,1383,500.12352538340394,99938,567,265,48,12,13430,6923,0.20365626688546898,355,158,31393,25078,6455,2836,11181,21650,27156,13608,0,0,47330,4651,2149,857,383,12,0,0,0,0,34442,6309,3805,0,0,0,0,0
500,1383,501.32195791562066,99937,578,260,49,12,13544,6974,0.20530934488727898,333,148,31259,24954,6480,2868,11300,21757,27365,13798,0,0,46905,4714,2211,866,398,12,0,0,0,0,34734,6260,3837,0,0,0,0,0
501,1383,502.5263929503711,99937,559,261,49,12,13629,7018,0.20660015809960275,352,141,31097,24847,6511,2876,11431,21862,27573,13988,0,0,46505,4764,2287,870,407,13,0,0,0,0,35002,6208,3881,0,0,0,0,0
502,1383,503.12996456655736,99937,578,266,49,12,13691,7042,0.20746070024115193,342,132,30947,24699,6500,2871,11583,22019,27779,14178,0,0,46162,4764,2338,870,414,13,0,0,0,0,35290,6155,3931,0,0,0,0,0
503,1383,504.3464586154349,99936,571,284,49,13,13788,7100,0.2090137688120397,332,121,30799,24588,6540,2872,11708,22121,27984,14368,0,0,45746,4823,2397,876,425,13,0,0,0,0,35581,6109,3966,0,0,0,0,0
504,1383,505.5689782670373,99936,563,272,49,13,13895,7141,0.21049471661863592,320,137,30629,24466,6591,2896,11847,22215,28187,14559,0,0,45306,4904,2456,876,444,13,0,0,0,0,35876,6071,3990,0,0,0,0,0
505,1383,506.1819252613934,99936,574,277,49,13,13952,7164,0.21129522894652578,308,143,30490,24312,6586,2887,11992,22367,28389,14750,0,0,44946,4911,2503,873,452,15,0,0,0,0,36180,6035,4021,0,0,0,0,0
506,1383,507.41716208791587,99934,561,262,51,13,14047,7199,0.21260031620869774,323,153,30315,24203,6632,2905,12117,22463,28589,14941,0,0,44539,4968,2574,875,468,15,0,0,0,0,36448,5989,4058,0,0,0,0,0
507,1383,508.036376240203,99934,565,267,51,13,14104,7231,0.21349090399663778,301,139,30181,24062,6631,2914,12270,22604,28788,15132,0,0,44182,4979,2632,875,474,17,0,0,0,0,36733,5947,4095,0,0,0,0,0
508,1383,509.284471112426,99934,560,265,51,13,14192,7273,0.21479176256329177,287,155,30057,23946,6652,2926,12392,22694,28985,15322,0,0,43793,5026,2694,886,481,19,0,0,0,0,37005,5893,4137,0,0,0,0,0
509,1383,510.53783595404224,99934,552,252,51,13,14281,7307,0.21602257489943363,303,174,29908,23832,6675,2946,12510,22782,29181,15512,0,0,43393,5081,2755,890,495,20,0,0,0,0,37282,5847,4171,0,0,0,0,0
510,1383,511.1661536824554,99933,560,262,52,13,14328,7331,0.21673521259243694,296,178,29767,23687,6657,2935,12667,22924,29375,15702,0,0,43060,5067,2806,894,502,20,0,0,0,0,37573,5805,4206,0,0,0,0,0
511,1383,512.4316070093021,99932,556,271,52,14,14429,7382,0.21825841572269142,279,160,29636,23616,6697,2944,12779,22994,29568,15892,0,0,42678,5104,2883,906,513,20,0,0,0,0,37832,5754,4242,0,0,0,0,0
512,1383,513.0655636059219,99932,525,285,52,14,14459,7408,0.21881879678181163,290,153,29478,23494,6712,2927,12942,23126,29759,16082,0,0,42319,5119,2930,908,520,20,0,0,0,0,38127,5715,4274,0,0,0,0,0
513,1383,514.3433878498467,99931,517,269,52,15,14548,7446,0.22009186338573616,292,173,29357,23395,6725,2950,13056,23197,29949,16271,0,0,41926,5164,2999,920,536,20,0,0,0,0,38398,5671,4297,0,0,0,0,0
514,1383,515.626891107365,99931,518,291,52,15,14629,7507,0.22151284386226497,291,163,29218,23308,6735,2949,13185,23273,30137,16460,0,0,41569,5197,3068,917,550,20,0,0,0,0,38648,5620,4342,0,0,0,0,0
515,1383,516.270068333609,99931,520,288,52,15,14680,7536,0.22231339624340796,282,159,29079,23172,6733,2958,13333,23407,30323,16649,0,0,41238,5187,3134,922,562,21,0,0,0,0,38918,5580,4369,0,0,0,0,0
516,1383,517.5660089104997,99931,532,310,52,15,14770,7600,0.2238544595771082,282,135,28950,23074,6742,2969,13441,23496,30508,16837,0,0,40884,5213,3200,927,577,22,0,0,0,0,39174,5530,4404,0,0,0,0,0
517,1383,518.2151442472291,99931,547,311,52,15,14830,7626,0.22471505338683692,263,125,28800,22973,6748,2964,13589,23611,30691,17025,0,0,40558,5210,3263,930,583,23,0,0,0,0,39440,5486,4438,0,0,0,0,0
518,1383,519.5232804904477,99931,525,302,52,15,14915,7668,0.22598593029190142,267,125,28677,22903,6792,2977,13686,23677,30873,17213,0,0,40165,5267,3335,936,597,23,0,0,0,0,39697,5444,4467,0,0,0,0,0
519,1383,520.1789061203239,99931,514,302,52,15,14967,7700,0.22682651029210155,258,122,28550,22786,6793,2982,13832,23792,31053,17400,0,0,39831,5272,3404,942,607,23,0,0,0,0,39952,5400,4500,0,0,0,0,0
520,1383,521.4995275376183,99931,506,298,52,15,15053,7745,0.22813741481622318,241,121,28449,22728,6811,2994,13940,23843,31232,17587,0,0,39476,5300,3487,947,622,23,0,0,0,0,40184,5356,4536,0,0,0,0,0
521,1383,522.1607691976544,99931,516,275,52,15,15106,7765,0.22886791886401617,224,115,28334,22620,6789,3011,14084,23963,31409,17773,0,0,39158,5300,3553,949,636,23,0,0,0,0,40432,5309,4571,0,0,0,0,0
522,1383,523.4923772595577,99931,492,249,52,15,15186,7799,0.23000870600714493,234,117,28222,22567,6817,3029,14182,24022,31585,17959,0,0,38791,5347,3650,942,656,24,0,0,0,0,40652,5272,4597,0,0,0,0,0
523,1383,524.1594109828948,99931,470,241,52,15,15222,7818,0.23055908576918074,238,124,28103,22464,6818,3027,14318,24128,31759,18144,0,0,38472,5348,3713,945,670,24,0,0,0,0,40904,5227,4628,0,0,0,0,0
524,1383,525.5025523241353,99930,462,258,53,15,15304,7875,0.23195236665665966,226,95,28001,22416,6836,3030,14421,24185,31932,18328,0,0,38129,5372,3780,955,685,25,0,0,0,0,41145,5178,4661,0,0,0,0,0
525,1383,526.1751335060801,99930,457,249,53,15,15348,7888,0.2325227659361553,213,105,27877,22313,6837,3029,14562,24288,32103,18512,0,0,37808,5381,3833,958,688,26,0,0,0,0,41402,5133,4701,0,0,0,0,0
526,1383,527.5295977742427,99929,445,240,54,15,15422,7920,0.23358584595062495,210,112,27799,22261,6839,3039,14652,24332,32273,18695,0,0,37480,5400,3901,966,707,26,0,0,0,0,41631,5079,4739,0,0,0,0,0
527,1383,528.2075079239189,99929,449,224,54,15,15466,7933,0.2341562509381661,206,116,27674,22156,6827,3045,14789,24443,32441,18877,0,0,37165,5405,3951,966,717,27,0,0,0,0,41888,5040,4770,0,0,0,0,0
528,1383,529.5722821706996,99929,436,216,54,15,15549,7970,0.23535710354351588,210,101,27543,22127,6875,3059,14881,24481,32608,19059,0,0,36812,5436,4035,973,730,28,0,0,0,0,42122,5006,4787,0,0,0,0,0
529,1383,530.2557903587758,99929,429,202,54,15,15582,7980,0.2357874090604329,207,113,27425,22035,6867,3053,15017,24581,32773,19240,0,0,36510,5426,4092,976,739,28,0,0,0,0,42372,4969,4817,0,0,0,0,0
530,1383,531.633544885462,99929,412,200,54,15,15651,8018,0.23685816930020315,194,103,27337,22031,6885,3055,15117,24595,32937,19420,0,0,36183,5443,4171,985,750,29,0,0,0,0,42596,4925,4847,0,0,0,0,0
531,1383,532.3234107304526,99929,403,193,54,15,15684,8030,0.23730848902720933,188,109,27218,21939,6876,3049,15260,24694,33099,19599,0,0,35892,5429,4228,986,762,29,0,0,0,0,42841,4886,4876,0,0,0,0,0
532,1383,533.0162877919298,99929,403,196,54,15,15715,8050,0.23781885138448297,187,107,27102,21844,6859,3047,15394,24790,33260,19778,0,0,35596,5414,4274,986,773,30,0,0,0,0,43101,4858,4897,0,0,0,0,0
533,1383,534.411335044271,99929,394,187,54,15,15787,8083,0.23886959741416405,186,93,27024,21811,6860,3057,15481,24836,33419,19956,0,0,35274,5429,4349,996,784,30,0,0,0,0,43321,4818,4928,0,0,0,0,0
534,1383,535.1094580218524,99928,390,182,54,16,15823,8098,0.23938235529581298,178,94,26899,21722,6859,3054,15619,24931,33577,20133,0,0,34984,5415,4403,1002,789,31,0,0,0,0,43564,4781,4959,0,0,0,0,0
535,1383,536.5151878344021,99928,368,185,54,16,15874,8137,0.24028300376270914,179,79,26806,21682,6869,3057,15723,24980,33733,20309,0,0,34678,5416,4485,1005,804,31,0,0,0,0,43780,4750,4979,0,0,0,0,0
536,1383,537.2191321337984,99928,354,183,54,16,15906,8153,0.24076334961172044,184,78,26705,21594,6858,3051,15844,25077,33888,20484,0,0,34397,5406,4542,1005,816,31,0,0,0,0,44009,4711,5011,0,0,0,0,0
537,1383,538.636268489664,99928,350,184,54,16,15970,8189,0.24176407013049395,174,71,26631,21586,6860,3047,15930,25095,34041,20658,0,0,34096,5408,4623,1006,827,32,0,0,0,0,44221,4682,5033,0,0,0,0,0
538,1383,539.3451615134794,99928,333,179,54,16,15998,8198,0.24213433672244017,178,73,26516,21529,6851,3042,16067,25160,34193,20831,0,0,33802,5409,4662,1005,839,32,0,0,0,0,44468,4650,5061,0,0,0,0,0
539,1383,540.0572009749185,99928,336,168,54,16,16032,8204,0.24253462492994957,164,72,26399,21484,6846,3027,16200,25232,34343,21003,0,0,33526,5399,4708,1003,849,32,0,0,0,0,44704,4616,5091,0,0,0,0,0
540,1383,541.4909962333246,99927,342,158,55,16,16099,8229,0.24345772413862118,148,70,26351,21469,6818,3026,16285,25260,34492,21174,0,0,33245,5390,4791,996,869,32,0,0,0,0,44903,4591,5110,0,0,0,0,0
541,1383,542.2080659280789,99926,315,157,56,16,16120,8245,0.24383043452154596,160,65,26247,21412,6808,3015,16413,25334,34639,21344,0,0,32980,5377,4856,991,883,32,0,0,0,0,45112,4556,5139,0,0,0,0,0
542,1383,543.6509629186053,99926,311,128,56,16,16176,8260,0.24454096031062986,156,69,26176,21398,6808,3027,16492,25361,34785,21513,0,0,32687,5386,4926,994,898,32,0,0,0,0,45319,4522,5162,0,0,0,0,0
543,1383,544.3729820322457,99926,327,125,56,16,16214,8270,0.2450213157736725,141,67,26085,21333,6766,3017,16624,25441,34930,21681,0,0,32439,5353,4987,993,904,32,0,0,0,0,45537,4491,5190,0,0,0,0,0
544,1383,545.0980528459753,99926,310,126,56,16,16231,8281,0.24530152312711406,140,65,25992,21286,6753,3002,16748,25504,35073,21848,0,0,32178,5339,5032,995,912,32,0,0,0,0,45764,4454,5220,0,0,0,0,0
545,1383,546.5560013768159,99926,293,130,56,16,16278,8305,0.246012048916198,148,73,25949,21283,6746,2985,16807,25512,35215,22014,0,0,31907,5336,5097,1002,918,33,0,0,0,0,45965,4414,5254,0,0,0,0,0
546,1383,547.2848888240147,99926,280,131,56,16,16306,8321,0.24645237475732043,143,63,25859,21218,6724,2980,16937,25591,35355,22179,0,0,31655,5323,5156,999,928,33,0,0,0,0,46169,4376,5287,0,0,0,0,0
547,1383,548.0164922879969,99926,279,127,56,16,16331,8330,0.24679262654364229,144,61,25774,21148,6695,2969,17051,25678,35494,22343,0,0,31405,5305,5203,1008,928,33,0,0,0,0,46389,4332,5323,0,0,0,0,0
548,1383,549.4875760619907,99925,256,124,57,16,16385,8351,0.24754565924443334,135,52,25736,21167,6699,2960,17116,25680,35632,22506,0,0,31137,5311,5278,1011,939,34,0,0,0,0,46572,4289,5354,0,0,0,0,0
549,1383,550.2234351233872,99925,251,129,57,16,16408,8363,0.2478959219414561,129,51,25651,21098,6674,2945,17237,25760,35768,22668,0,0,30906,5278,5337,1009,949,34,0,0,0,0,46776,4257,5379,0,0,0,0,0
550,1383,551.7022088821979,99925,241,115,57,16,16448,8381,0.24847635726795098,114,48,25645,21115,6650,2947,17292,25758,35903,22829,0,0,30650,5271,5402,1008,966,35,0,0,0,0,46967,4226,5400,0,0,0,0,0
551,1383,552.4412312670553,99925,237,108,57,16,16469,8388,0.24875656742556918,111,58,25566,21068,6633,2932,17395,25817,36037,22989,0,0,30409,5250,5455,1005,976,35,0,0,0,0,47176,4197,5422,0,0,0,0,0
552,1383,553.1822969048809,99925,224,113,57,16,16480,8398,0.24896672504378284,122,56,25482,21009,6613,2921,17501,25884,36169,23148,0,0,30174,5223,5500,1006,981,35,0,0,0,0,47388,4167,5451,0,0,0,0,0
553,1383,554.6715907631877,99925,221,116,57,16,16522,8424,0.24964723542656994,123,48,25447,21019,6586,2915,17565,25885,36300,23306,0,0,29920,5220,5554,1004,995,35,0,0,0,0,47586,4137,5474,0,0,0,0,0
554,1383,555.4161827417988,99925,211,117,57,16,16540,8435,0.24993745308981735,124,47,25383,20991,6567,2898,17657,25930,36430,23462,0,0,29679,5202,5606,1002,999,35,0,0,0,0,47791,4112,5499,0,0,0,0,0
555,1383,556.1631196429155,99925,208,120,57,16,16559,8451,0.2502877157868401,122,37,25319,20931,6526,2889,17767,26006,36558,23617,0,0,29456,5184,5648,999,1011,35,0,0,0,0,47988,4073,5531,0,0,0,0,0
556,1383,557.6628648852321,99925,201,106,57,16,16599,8467,0.25084813610207657,103,45,25322,20963,6506,2900,17810,25969,36685,23771,0,0,29210,5179,5708,997,1027,36,0,0,0,0,48172,4046,5550,0,0,0,0,0
557,1383,558.4119657760658,99925,207,110,57,16,16622,8479,0.25119839879909933,98,43,25253,20905,6469,2891,17915,26034,36811,23924,0,0,28988,5151,5757,990,1036,36,0,0,0,0,48371,4024,5572,0,0,0,0,0
558,1383,559.1629474262476,99925,202,108,57,16,16644,8490,0.25152864648486367,92,42,25185,20864,6445,2881,18018,26088,36936,24076,0,0,28765,5123,5815,987,1044,37,0,0,0,0,48561,4001,5592,0,0,0,0,0
559,1383,560.671106383705,99925,178,98,57,16,16677,8499,0.25194896172129094,95,46,25168,20883,6438,2866,18063,26090,37059,24227,0,0,28537,5109,5889,987,1055,37,0,0,0,0,48724,3969,5618,0,0,0,0,0
560,1383,561.4247721230491,99925,176,92,57,16,16695,8505,0.2521891418563923,99,50,25099,20857,6408,2850,18160,26134,37181,24377,0,0,28326,5077,5947,985,1059,38,0,0,0,0,48907,3942,5644,0,0,0,0,0
561,1383,562.1806308089099,99925,175,81,57,16,16713,8511,0.2524293219914936,96,50,25052,20834,6367,2847,18252,26171,37302,24525,0,0,28117,5054,6001,978,1070,39,0,0,0,0,49085,3913,5668,0,0,0,0,0
562,1383,563.698010774685,99925,178,82,57,16,16754,8531,0.25303977983487613,82,44,25032,20844,6343,2841,18307,26172,37422,24672,0,0,27887,5045,6057,977,1077,40,0,0,0,0,49265,3887,5690,0,0,0,0,0
563,1383,564.4562819953783,99925,176,80,57,16,16772,8532,0.2532299224418314,79,50,24978,20811,6314,2822,18395,26220,37540,24818,0,0,27670,5025,6096,974,1082,41,0,0,0,0,49462,3864,5711,0,0,0,0,0
564,1383,565.2164163634058,99924,174,80,58,16,16787,8538,0.2534426163884552,78,51,24948,20778,6265,2805,18476,26269,37657,24963,0,0,27492,4984,6156,962,1095,42,0,0,0,0,49620,3833,5740,0,0,0,0,0
565,1383,566.7409636941474,99924,156,84,58,16,16811,8554,0.25384292061967095,76,48,24956,20819,6233,2794,18520,26238,37773,25107,0,0,27256,4985,6201,959,1103,42,0,0,0,0,49807,3811,5760,0,0,0,0,0
566,1383,567.5022091449416,99924,147,86,58,16,16824,8563,0.25406308794683957,74,47,24884,20803,6219,2775,18617,26272,37888,25250,0,0,27051,4964,6246,955,1111,42,0,0,0,0,49987,3783,5785,0,0,0,0,0
567,1383,568.2648562037299,99924,144,94,58,16,16837,8577,0.2543332933029102,67,33,24832,20770,6192,2760,18706,26326,38002,25391,0,0,26865,4934,6295,951,1118,42,0,0,0,0,50154,3748,5817,0,0,0,0,0
568,1383,569.0297964379843,99924,143,89,58,16,16854,8581,0.2545434530242985,54,31,24793,20738,6162,2747,18789,26378,38114,25531,0,0,26668,4909,6342,948,1124,42,0,0,0,0,50327,3721,5843,0,0,0,0,0
569,1383,570.56438949782,99923,150,76,58,17,16883,8590,0.25492629324579924,49,31,24784,20791,6124,2735,18834,26349,38225,25670,0,0,26462,4898,6390,945,1131,42,0,0,0,0,50493,3690,5872,0,0,0,0,0
570,1383,571.3308274322696,99923,138,72,58,17,16893,8594,0.25506640112886925,46,37,24736,20763,6100,2721,18921,26389,38335,25808,0,0,26262,4876,6437,941,1138,42,0,0,0,0,50666,3668,5893,0,0,0,0,0
571,1383,572.0990947082826,99923,130,73,58,17,16903,8602,0.25524653983567347,46,35,24687,20734,6083,2707,18995,26433,38444,25945,0,0,26067,4854,6478,939,1144,42,0,0,0,0,50841,3640,5918,0,0,0,0,0
572,1383,573.640455484493,99922,117,63,59,17,16920,8610,0.2554992894457677,44,38,24723,20807,6045,2696,19011,26378,38552,26080,0,0,25865,4842,6526,935,1155,43,0,0,0,0,51004,3615,5937,0,0,0,0,0
573,1383,574.4095430741261,99922,113,58,59,17,16931,8617,0.2556794299553652,41,38,24681,20792,6018,2677,19087,26417,38659,26214,0,0,25679,4817,6570,930,1165,43,0,0,0,0,51168,3590,5960,0,0,0,0,0
574,1383,575.180040708285,99922,107,62,59,17,16942,8624,0.25585957046496266,38,32,24623,20770,6005,2659,19167,26459,38765,26347,0,0,25487,4788,6614,923,1173,44,0,0,0,0,51343,3579,5971,0,0,0,0,0
575,1383,576.725707431987,99922,115,62,59,17,16962,8638,0.25619983587198014,40,30,24621,20815,5969,2649,19195,26426,38870,26479,0,0,25294,4770,6655,919,1180,44,0,0,0,0,51513,3557,5990,0,0,0,0,0
576,1383,577.4977746700197,99922,114,62,59,17,16974,8641,0.25634995296331137,41,30,24568,20806,5946,2625,19271,26459,38974,26610,0,0,25118,4739,6697,912,1190,44,0,0,0,0,51676,3536,6010,0,0,0,0,0
577,1383,578.2715411424387,99922,114,64,59,17,16985,8650,0.25655010908508635,37,26,24526,20779,5917,2614,19346,26499,39076,26740,0,0,24933,4713,6733,914,1194,44,0,0,0,0,51849,3513,6029,0,0,0,0,0
578,1383,579.0469802261443,99922,112,56,59,17,16994,8655,0.25669021837032885,37,27,24482,20764,5880,2607,19429,26528,39177,26868,0,0,24760,4689,6777,908,1201,45,0,0,0,0,52001,3487,6054,0,0,0,0,0
579,1383,580.6020295881005,99922,107,56,59,17,17009,8666,0.2569504213286363,35,29,24497,20828,5842,2596,19459,26473,39277,26995,0,0,24580,4668,6818,906,1208,46,0,0,0,0,52157,3463,6076,0,0,0,0,0
580,1383,581.3785380510394,99922,103,57,59,17,17013,8670,0.25703048377734633,42,29,24460,20814,5810,2580,19525,26502,39376,27121,0,0,24406,4636,6856,901,1216,46,0,0,0,0,52323,3449,6089,0,0,0,0,0
581,1383,582.1563564328591,99922,97,54,59,17,17018,8674,0.25712055403214507,39,27,24429,20793,5793,2574,19582,26534,39474,27246,0,0,24219,4620,6889,898,1220,46,0,0,0,0,52493,3432,6105,0,0,0,0,0
582,1383,583.7153886768928,99922,93,55,59,17,17033,8683,0.2573607413782751,39,22,24449,20857,5752,2559,19607,26489,39571,27370,0,0,24049,4603,6927,895,1227,46,0,0,0,0,52640,3401,6134,0,0,0,0,0
583,1383,584.4934552130682,99922,92,52,59,17,17038,8686,0.25744080382698503,43,22,24412,20824,5722,2559,19671,26525,39667,27493,0,0,23871,4581,6959,889,1234,46,0,0,0,0,52808,3387,6147,0,0,0,0,0
584,1383,585.2729152391346,99922,89,46,59,17,17044,8688,0.25752086627569504,45,23,24385,20798,5688,2553,19733,26562,39762,27614,0,0,23697,4562,6993,887,1237,47,0,0,0,0,52967,3367,6165,0,0,0,0,0
585,1383,586.0535510560034,99922,84,41,59,17,17050,8695,0.2576509677548488,47,22,24349,20790,5671,2547,19789,26582,39856,27734,0,0,23529,4534,7043,880,1245,47,0,0,0,0,53113,3356,6175,0,0,0,0,0
586,1383,587.617829411306,99922,92,36,59,17,17067,8701,0.25788114729489003,43,20,24386,20825,5625,2538,19794,26563,39949,27853,0,0,23370,4505,7086,876,1251,48,0,0,0,0,53255,3337,6194,0,0,0,0,0
587,1383,588.1215786900009,99922,95,37,59,17,17075,8702,0.25797121754968877,38,26,24355,20797,5586,2519,19866,26603,40041,27971,0,0,23214,4477,7117,869,1259,48,0,0,0,0,53407,3318,6213,0,0,0,0,0
588,1383,589.4984060634251,99922,88,39,59,17,17092,8714,0.2582614439262625,29,17,24366,20864,5571,2503,19886,26559,40132,28088,0,0,23033,4470,7145,866,1269,49,0,0,0,0,53563,3301,6226,0,0,0,0,0
589,1383,590.279354671769,99922,88,40,59,17,17092,8715,0.2582714517323512,29,16,24268,20784,5555,2496,20000,26646,40222,28204,0,0,22871,4449,7166,862,1272,50,0,0,0,0,53725,3283,6244,0,0,0,0,0
590,1383,591.4237472329519,99922,83,38,59,17,17101,8718,0.2583915454054162,24,15,24278,20798,5521,2487,20034,26644,40312,28319,0,0,22714,4425,7202,860,1279,50,0,0,0,0,53868,3261,6263,0,0,0,0,0
591,1383,592.094043168916,99922,80,37,59,17,17103,8722,0.25845159224194875,27,13,24246,20776,5491,2483,20096,26673,40401,28432,0,0,22557,4400,7236,855,1285,50,0,0,0,0,54016,3246,6277,0,0,0,0,0
592,1383,593.08401711345,99922,77,36,59,17,17110,8726,0.25856167810892494,31,14,24221,20791,5467,2480,20144,26661,40489,28544,0,0,22401,4382,7269,852,1288,50,0,0,0,0,54157,3223,6300,0,0,0,0,0
593,1383,594.3478209032095,99922,75,32,59,17,17116,8731,0.2586717639759012,29,10,24241,20861,5432,2465,20163,26614,40576,28655,0,0,22248,4362,7300,849,1295,50,0,0,0,0,54297,3201,6320,0,0,0,0,0
594,1383,595.4191429971133,99921,69,22,59,18,17125,8733,0.2587844397073688,29,9,24246,20910,5408,2457,20188,26583,40662,28765,0,0,22101,4338,7339,846,1305,50,0,0,0,0,54424,3178,6340,0,0,0,0,0
595,1383,596.1556517910617,99921,64,21,59,18,17127,8736,0.2588344792385985,32,8,24241,20925,5378,2445,20225,26582,40747,28874,0,0,21957,4316,7372,841,1310,50,0,0,0,0,54557,3155,6363,0,0,0,0,0
596,1383,597.4832754378685,99921,69,21,59,18,17139,8737,0.25896458201979566,25,9,24229,20957,5348,2431,20269,26563,40831,28982,0,0,21798,4302,7394,838,1313,50,0,0,0,0,54708,3139,6379,0,0,0,0,0
597,1383,598.3650067770275,99921,68,21,59,18,17141,8739,0.2590046136447794,27,10,24204,20959,5322,2413,20319,26578,40914,29089,0,0,21655,4277,7421,835,1318,50,0,0,0,0,54848,3120,6397,0,0,0,0,0
598,1383,599.2129899234847,99921,62,22,59,18,17149,8742,0.2591147006134846,28,13,24227,20983,5296,2398,20327,26565,40996,29195,0,0,21504,4262,7445,834,1323,50,0,0,0,0,54987,3099,6417,0,0,0,0,0
599,1383,600.7361058772389,99921,55,21,59,18,17159,8744,0.25923479548843587,29,14,24266,21094,5269,2375,20321,26477,41077,29300,0,0,21369,4233,7487,833,1328,50,0,0,0,0,55106,3078,6437,0,0,0,0,0
600,1383,601.4393986472314,99921,53,22,59,18,17159,8745,0.2592448033946818,29,13,24196,21047,5255,2369,20407,26530,41158,29404,0,0,21222,4211,7510,834,1328,50,0,0,0,0,55252,3061,6453,0,0,0,0,0
601,1383,602.5278944827384,99921,48,23,59,18,17162,8748,0.25930485083215743,30,11,24206,21076,5223,2353,20433,26518,41238,29507,0,0,21086,4191,7536,830,1334,50,0,0,0,0,55380,3038,6476,0,0,0,0,0
602,1383,603.6183946347512,99921,53,24,59,18,17175,8750,0.2594549694258464,22,12,24223,21135,5188,2336,20454,26474,41317,29609,0,0,20939,4177,7557,829,1337,50,0,0,0,0,55520,3019,6493,0,0,0,0,0
603,1383,604.666337335984,99921,52,22,59,18,17183,8752,0.25955504848830574,21,15,24218,21159,5161,2323,20488,26462,41395,29710,0,0,20806,4155,7592,828,1338,50,0,0,0,0,55640,2996,6516,0,0,0,0,0
604,1383,605.3711442319938,99921,52,23,59,18,17188,8753,0.25961509592578136,17,14,24190,21148,5133,2310,20548,26486,41472,29810,0,0,20679,4131,7620,821,1346,50,0,0,0,0,55763,2977,6534,0,0,0,0,0
605,1383,606.0982288103467,99921,49,22,59,18,17189,8754,0.25963511173827325,22,14,24171,21133,5105,2305,20593,26507,41549,29909,0,0,20547,4107,7646,816,1353,50,0,0,0,0,55891,2962,6549,0,0,0,0,0
606,1383,607.0288529700651,99921,44,22,59,18,17197,8757,0.2597451987069785,18,12,24183,21179,5084,2287,20611,26481,41625,30006,0,0,20411,4087,7677,815,1358,50,0,0,0,0,56015,2946,6562,0,0,0,0,0
607,1383,608.065030339288,99921,42,21,59,18,17204,8760,0.25984527776943783,14,10,24196,21227,5058,2275,20630,26448,41700,30102,0,0,20280,4065,7709,812,1363,50,0,0,0,0,56135,2931,6576,0,0,0,0,0
608,1383,609.0275703874904,99921,34,19,59,18,17207,8764,0.2599153331131594,11,7,24201,21236,5029,2269,20665,26450,41774,30197,0,0,20151,4045,7744,810,1367,50,0,0,0,0,56249,2913,6592,0,0,0,0,0
609,1383,610.1630144071501,99921,29,17,59,18,17208,8765,0.2599353489256513,10,10,24221,21277,4997,2248,20683,26429,41847,30291,0,0,20018,4023,7774,810,1368,50,0,0,0,0,56374,2901,6603,0,0,0,0,0
610,1383,611.1562206705971,99921,32,21,59,18,17214,8771,0.26005544380060247,5,6,24247,21310,4956,2237,20700,26407,41920,30385,0,0,19894,3998,7804,805,1373,50,0,0,0,0,56493,2888,6616,0,0,0,0,0
611,1383,612.2263561692005,99921,29,23,59,18,17215,8774,0.2600954754255862,11,4,24245,21349,4930,2215,20725,26390,41992,30478,0,0,19775,3969,7835,801,1379,50,0,0,0,0,56609,2875,6628,0,0,0,0,0
612,1383,613.0801945341036,99921,25,23,59,18,17219,8775,0.26014551495681587,9,3,24274,21394,4900,2199,20732,26362,42063,30570,0,0,19648,3947,7861,798,1384,51,0,0,0,0,56730,2865,6637,0,0,0,0,0
613,1383,614.1860694030419,99921,21,23,59,18,17221,8778,0.26019555448804554,10,0,24304,21455,4880,2184,20725,26319,42133,30661,0,0,19526,3931,7884,798,1385,51,0,0,0,0,56844,2842,6660,0,0,0,0,0
614,1383,615.4249901061592,99921,18,18,59,18,17222,8778,0.2602055623942915,9,1,24294,21468,4851,2178,20768,26316,42203,30751,0,0,19408,3910,7910,793,1389,53,0,0,0,0,56956,2826,6676,0,0,0,0,0
615,1383,616.2357157763838,99921,16,15,59,18,17223,8778,0.26021557030053744,8,1,24284,21493,4829,2165,20803,26307,42272,30840,0,0,19284,3893,7929,789,1395,54,0,0,0,0,57077,2814,6686,0,0,0,0,0
616,1383,617.0140245846786,99921,15,14,59,18,17226,8778,0.2602455940192752,9,2,24258,21508,4808,2151,20850,26306,42340,30928,0,0,19172,3877,7948,784,1401,54,0,0,0,0,57185,2791,6709,0,0,0,0,0
617,1383,618.0057862536604,99921,14,12,59,18,17228,8779,0.26027561773801305,7,2,24280,21558,4777,2143,20862,26266,42408,31015,0,0,19058,3859,7972,777,1408,54,0,0,0,0,57293,2775,6725,0,0,0,0,0
618,1383,619.003271753261,99921,13,13,59,18,17228,8781,0.2602956335505049,9,1,24288,21588,4748,2128,20882,26251,42475,31101,0,0,18948,3843,7990,772,1413,54,0,0,0,0,57401,2753,6747,0,0,0,0,0
619,1383,620.0835035634631,99921,10,11,59,18,17228,8783,0.2603156493629968,9,1,24316,21653,4721,2121,20884,26195,42541,31186,0,0,18827,3833,8007,768,1417,54,0,0,0,0,57515,2737,6763,0,0,0,0,0
620,1383,621.3057224255261,99921,10,8,59,18,17230,8783,0.2603356651754886,7,1,24355,21707,4686,2109,20882,26156,42607,31270,0,0,18713,3815,8029,767,1419,54,0,0,0,0,57625,2720,6779,0,0,0,0,0
621,1383,622.0251303716814,99921,9,7,59,18,17231,8783,0.26034567308173456,6,1,24349,21720,4655,2100,20921,26153,42672,31353,0,0,18615,3792,8055,760,1426,54,0,0,0,0,57720,2700,6799,0,0,0,0,0
622,1383,623.2958587140835,99921,9,6,59,18,17234,8783,0.2603756968004724,6,1,24380,21766,4622,2086,20923,26122,42736,31435,0,0,18504,3775,8072,753,1435,54,0,0,0,0,57829,2689,6810,0,0,0,0,0
623,1383,624.060384676872,99921,9,7,59,18,17236,8784,0.2604057205192102,4,0,24385,21788,4594,2075,20948,26111,42800,31516,0,0,18397,3757,8092,749,1439,54,0,0,0,0,57934,2673,6826,0,0,0,0,0
624,1383,625.019856457674,99921,9,7,59,18,17237,8784,0.26041572842545613,5,0,24433,21859,4565,2064,20928,26051,42863,31597,0,0,18291,3740,8110,744,1443,55,0,0,0,0,58039,2658,6841,0,0,0,0,0
625,1383,626.2684061691402,99921,9,6,59,18,17239,8784,0.26043574423794796,3,0,24438,21884,4539,2051,20951,26040,42925,31677,0,0,18186,3722,8131,741,1446,55,0,0,0,0,58141,2642,6857,0,0,0,0,0
626,1383,627.0927633808847,99921,8,6,59,18,17239,8784,0.26043574423794796,3,1,24451,21925,4517,2039,20961,26010,42987,31756,0,0,18080,3701,8153,737,1450,55,0,0,0,0,58246,2632,6867,0,0,0,0,0
627,1383,628.1995458166801,99921,4,4,59,18,17239,8784,0.26043574423794796,3,1,24476,21971,4486,2028,20971,25977,43048,31834,0,0,17976,3687,8172,732,1456,55,0,0,0,0,58345,2616,6882,0,0,0,0,0
628,1383,629.32933923156,99921,4,2,59,18,17240,8784,0.2604457521441939,2,1,24514,22037,4458,2017,20962,25924,43108,31911,0,0,17868,3672,8190,728,1460,55,0,0,0,0,58450,2606,6892,0,0,0,0,0
629,1383,630.452408802143,99921,4,4,59,18,17241,8786,0.2604757758629317,26,24,24518,22053,4432,2004,20960,25896,43168,31987,0,0,17760,3659,8203,726,1462,55,0,0,0,1,58557,2593,6905,0,0,0,0,0
630,1383,631.0127871801571,99921,6,9,59,18,17243,8791,0.26054583120665326,25,19,24506,22098,4405,1989,20998,25866,43227,32063,0,0,17661,3640,8222,723,1465,55,0,0,0,1,58656,2579,6919,0,0,0,0,0
631,1383,632.0566591677662,99921,9,12,59,18,17250,8795,0.26065591817535855,18,15,24501,22109,4383,1981,21029,25864,43286,32138,0,0,17556,3624,8237,719,1472,55,1,0,0,2,58759,2569,6927,0,0,0,0,0
632,1383,633.0624112397217,99921,11,12,59,18,17254,8797,0.26071596561283417,16,16,24520,22149,4355,1976,21038,25828,43344,32212,0,0,17453,3611,8249,715,1477,55,2,0,0,4,58859,2556,6940,0,0,0,0,0
633,1383,634.3275860855573,99921,15,18,59,18,17262,8804,0.26086608420652313,19,11,24558,22217,4327,1964,21021,25771,43401,32285,0,0,17349,3599,8261,714,1479,55,3,0,0,7,58959,2542,6953,0,0,0,0,0
634,1383,635.0126943985001,99921,18,19,59,18,17266,8806,0.26092613164399875,19,9,24553,22235,4297,1954,21053,25764,43458,32357,0,0,17254,3576,8283,710,1484,55,3,0,0,8,59053,2535,6960,0,0,0,0,0
635,1383,636.0658100657331,99921,18,18,59,18,17269,8808,0.2609761711752284,17,9,24559,22274,4274,1944,21072,25736,43514,32429,0,0,17156,3561,8295,706,1491,55,4,0,0,10,59148,2523,6972,0,0,0,0,0
636,1383,637.0742894200462,99921,21,16,59,18,17277,8812,0.26109626605017966,15,9,24577,22317,4254,1935,21073,25704,43570,32500,0,0,17065,3538,8317,703,1496,55,5,0,0,18,59230,2512,6982,0,0,0,0,0
637,1383,638.1282675512942,99921,25,17,59,18,17281,8815,0.26116632139390117,15,10,24613,22378,4233,1922,21054,25654,43625,32570,0,0,16966,3527,8328,700,1499,55,6,0,0,19,59327,2499,6995,0,0,0,0,0
638,1383,639.0184736653594,99921,24,16,59,18,17283,8817,0.2612063530188849,18,9,24626,22397,4211,1914,21061,25645,43680,32639,0,0,16872,3512,8343,698,1502,55,7,0,0,22,59417,2484,7009,0,0,0,0,0
639,1383,640.0107593092871,99921,28,15,59,18,17289,8820,0.26129642417509835,14,8,24674,22472,4180,1898,21044,25588,43734,32707,0,0,16787,3490,8365,694,1507,55,8,0,0,26,59497,2472,7020,0,0,0,0,0
640,1383,641.000214543053,99921,28,17,59,18,17294,8825,0.2613965032375577,18,6,24675,22491,4155,1891,21064,25576,43787,32775,0,0,16701,3467,8388,689,1512,55,9,0,0,33,59575,2464,7028,0,0,0,0,0
641,1383,642.0495617661019,99921,34,15,59,18,17304,8826,0.26150659020626293,25,13,24732,22563,4135,1879,21014,25511,43840,32842,0,0,16611,3454,8400,688,1514,55,11,0,0,37,59659,2446,7046,0,0,0,0,0
642,1383,643.0883998449268,99921,36,15,59,18,17312,8828,0.2616066692687223,25,13,24747,22582,4113,1872,21019,25499,43892,32908,0,0,16519,3440,8414,684,1519,55,13,0,0,42,59744,2436,7055,0,0,0,0,0
643,1383,644.0270965504079,99921,39,17,59,18,17317,8831,0.2616867325186898,29,14,24752,22619,4095,1860,21025,25471,43944,32974,0,0,16435,3423,8431,682,1521,55,13,0,0,45,59825,2421,7070,0,0,0,0,0
644,1383,645.095927319046,99921,42,13,59,18,17322,8834,0.26176679576865725,32,15,24794,22668,4059,1859,21013,25426,43995,33039,0,0,16342,3407,8445,682,1524,55,15,0,0,49,59912,2412,7078,0,0,0,0,0
645,1383,646.2988320333023,99921,55,10,59,18,17339,8836,0.26195694598733,23,19,24821,22717,4042,1854,20999,25381,44046,33103,0,0,16255,3393,8459,675,1531,55,18,0,0,55,59990,2402,7088,0,0,0,0,0
646,1383,647.2115933225316,99920,55,14,60,18,17347,8843,0.26210968775020016,29,19,24830,22760,4030,1849,20995,25339,44096,33166,0,0,16164,3379,8472,673,1535,56,21,0,0,58,60074,2393,7095,0,0,0,0,0
647,1383,648.0228198515662,99920,55,14,60,18,17356,8847,0.2622397918334668,33,18,24864,22818,4012,1839,20975,25292,44146,33229,0,0,16073,3369,8482,672,1539,56,21,0,0,68,60155,2382,7103,0,0,0,0,0
648,1383,649.2255694373225,99920,54,13,60,18,17362,8852,0.2623498799039231,37,24,24904,22873,3992,1829,20952,25242,44195,33291,0,0,15985,3357,8491,672,1543,56,22,0,0,76,60234,2370,7114,0,0,0,0,0
649,1383,650.1142644026578,99920,58,23,60,18,17374,8863,0.262580064051241,40,28,24930,22937,3980,1813,20931,25180,44244,33352,0,0,15897,3347,8501,667,1549,56,26,0,0,80,60314,2359,7124,0,0,0,0,0
650,1383,651.2198697298344,99920,61,24,60,18,17387,8867,0.2627502001601281,40,27,24964,22990,3970,1806,20904,25134,44292,33413,0,0,15814,3328,8519,666,1553,56,28,0,0,88,60387,2351,7130,0,0,0,0,0
651,1383,652.3627913349931,99920,57,23,60,18,17399,8871,0.26291032826261007,51,29,24995,23059,3963,1798,20873,25072,44340,33473,0,0,15726,3311,8533,665,1557,57,31,0,0,100,60460,2345,7135,0,0,0,0,0
652,1383,653.1240041094145,99920,61,30,60,18,17405,8879,0.2630504403522818,56,26,25003,23074,3943,1794,20876,25057,44387,33532,0,0,15648,3297,8547,665,1558,57,31,0,0,102,60536,2331,7148,0,0,0,0,0
653,1383,654.2651527200385,99920,71,33,60,18,17424,8888,0.2633306645316253,55,32,25033,23131,3924,1786,20856,24999,44434,33591,0,0,15563,3283,8558,665,1562,57,35,0,0,109,60610,2320,7158,0,0,0,0,0
654,1383,655.0250974396341,99919,72,35,61,18,17434,8893,0.2634834215714729,64,33,25031,23168,3911,1783,20860,24962,44480,33649,0,0,15483,3265,8573,664,1567,57,36,0,0,115,60682,2313,7164,0,0,0,0,0
655,1383,656.1643794987267,99919,65,34,61,18,17447,8903,0.2637136080224982,72,36,25043,23204,3910,1790,20848,24917,44526,33706,0,0,15402,3252,8585,665,1572,57,42,0,0,134,60738,2297,7175,0,0,0,0,0
656,1383,657.3030096124832,99919,76,35,61,18,17467,8911,0.26399383500635515,64,36,25086,23266,3900,1789,20812,24855,44572,33763,0,0,15318,3240,8594,663,1578,57,46,0,0,142,60810,2288,7183,0,0,0,0,0
657,1383,658.0610219024898,99919,88,38,61,18,17483,8916,0.26420400524424786,65,39,25087,23295,3889,1779,20809,24830,44617,33819,0,0,15239,3229,8605,659,1582,57,46,0,0,148,60883,2281,7190,0,0,0,0,0
658,1383,659.1977375648605,99919,87,44,61,18,17500,8933,0.2645442808675027,75,29,25108,23352,3878,1780,20790,24776,44662,33875,0,0,15162,3212,8616,657,1591,57,57,0,0,159,60938,2265,7205,0,0,0,0,0
659,1383,660.333165597179,99919,89,48,61,18,17516,8941,0.2647844754250943,87,28,25151,23407,3862,1775,20749,24723,44706,33930,0,0,15086,3195,8629,656,1595,58,60,0,0,169,61001,2257,7213,0,0,0,0,0
660,1383,661.0889850651827,99919,100,47,61,18,17538,8949,0.2650847186220839,96,24,25149,23432,3860,1775,20733,24703,44750,33984,0,0,15003,3184,8635,654,1604,58,63,0,0,179,61071,2252,7216,0,0,0,0,0
661,1383,662.2223175979831,99919,114,43,61,18,17565,8954,0.2654049780322061,89,26,25178,23469,3848,1773,20709,24670,44793,34038,0,0,14924,3171,8643,651,1615,58,67,0,0,189,61136,2246,7219,0,0,0,0,0
662,1383,663.3544411863397,99919,104,44,61,18,17579,8962,0.2656251563766651,102,31,25200,23504,3847,1764,20685,24638,44836,34091,0,0,14843,3155,8656,652,1618,58,77,0,0,206,61190,2236,7228,0,0,0,0,0
663,1383,664.1085087540737,99919,107,46,61,18,17593,8966,0.2658053022948588,104,35,25205,23528,3841,1758,20681,24614,44879,34144,0,0,14767,3141,8668,654,1621,58,78,0,0,213,61258,2227,7234,0,0,0,0,0
664,1383,665.2390922780156,99919,112,51,61,18,17619,8974,0.26614557791811366,99,39,25248,23576,3841,1754,20638,24561,44921,34196,0,0,14692,3126,8681,654,1625,58,85,0,0,226,61313,2216,7243,0,0,0,0,0
665,1383,666.3678765892082,99919,130,57,61,18,17652,8987,0.2666059508201643,92,45,25274,23609,3827,1752,20615,24518,44963,34247,0,0,14618,3110,8694,654,1629,59,89,0,0,238,61371,2209,7248,0,0,0,0,0
666,1383,667.1195240249504,99919,139,54,61,18,17670,8992,0.26683613727118966,92,52,25295,23626,3819,1755,20593,24494,45004,34298,0,0,14546,3094,8707,655,1633,59,91,0,0,248,61431,2202,7253,0,0,0,0,0
667,1383,668.2456180656809,99919,152,65,61,18,17699,9006,0.26726648585354135,99,52,25327,23672,3804,1747,20556,24445,45045,34348,0,0,14472,3079,8721,657,1632,60,95,0,0,261,61488,2195,7259,0,0,0,0,0
668,1383,669.3700003846889,99919,145,68,61,18,17717,9018,0.2675667290505309,114,62,25358,23715,3809,1746,20512,24390,45086,34398,0,0,14396,3062,8735,655,1638,60,104,0,0,282,61534,2190,7263,0,0,0,0,0
669,1383,670.1187042685668,99919,156,72,61,18,17739,9028,0.2678869884606531,119,58,25367,23732,3807,1741,20489,24378,45126,34447,0,0,14326,3053,8742,653,1643,60,108,0,0,292,61590,2178,7274,0,0,0,0,0
670,1383,671.2409810092385,99918,171,88,62,18,17782,9054,0.26858023579335055,105,50,25410,23776,3815,1741,20436,24326,45166,34496,0,0,14258,3039,8748,656,1650,62,116,0,0,308,61633,2161,7287,0,0,0,0,0
671,1383,672.3612335349619,99918,165,81,62,18,17809,9064,0.2689505394423427,127,60,25440,23827,3822,1751,20383,24262,45205,34544,0,0,14176,3029,8751,658,1659,63,127,0,0,334,61678,2153,7290,0,0,0,0,0
672,1383,673.1071368303942,99917,166,76,62,19,17826,9072,0.269203438854249,135,59,25444,23861,3819,1756,20373,24228,45244,34592,0,0,14110,3012,8765,658,1662,64,134,0,0,350,61720,2142,7300,0,0,0,0,0
673,1383,674.225639074853,99917,168,68,62,19,17856,9087,0.26965381266451155,144,64,25471,23927,3823,1765,20331,24156,45283,34639,0,0,14041,2999,8772,657,1671,66,142,0,0,382,61749,2132,7306,0,0,0,0,0
674,1383,675.3427308869051,99917,191,72,62,19,17905,9102,0.2702943443057738,138,66,25510,23979,3825,1761,20273,24102,45321,34686,0,0,13966,2989,8776,656,1681,67,151,0,0,399,61798,2124,7310,0,0,0,0,0
675,1383,676.0864987906468,99917,190,77,62,19,17928,9119,0.2706946765815627,138,62,25506,24010,3830,1767,20273,24064,45359,34732,0,0,13903,2972,8789,657,1687,67,156,0,0,423,61832,2114,7317,0,0,0,0,0
676,1383,677.2016207469193,99917,200,86,62,19,17964,9140,0.27126515007456187,151,63,25533,24044,3837,1768,20216,24019,45397,34778,0,0,13838,2960,8795,657,1694,68,158,0,0,451,61867,2106,7323,0,0,0,0,0
677,1383,678.3155137504807,99917,198,87,62,19,18001,9155,0.27178558203308745,159,68,25554,24080,3847,1777,20179,23968,45434,34823,0,0,13773,2943,8805,659,1705,68,164,0,0,484,61893,2097,7326,0,0,0,0,0
678,1383,679.0575708140499,99917,214,85,62,19,18035,9165,0.27222594753645524,144,75,25569,24104,3842,1785,20168,23931,45471,34868,0,0,13711,2928,8814,658,1714,68,167,0,0,503,61933,2090,7331,0,0,0,0,0
679,1383,680.1696034999009,99917,231,99,62,19,18080,9188,0.2729065124052964,150,77,25596,24141,3845,1785,20115,23878,45507,34912,0,0,13645,2921,8820,657,1721,68,172,0,0,528,61969,2079,7337,0,0,0,0,0
680,1383,681.2801019015249,99917,226,94,62,19,18114,9206,0.273426944363822,182,85,25601,24187,3860,1799,20068,23815,45543,34956,0,0,13567,2909,8825,662,1730,68,186,0,0,562,61999,2070,7339,0,0,0,0,0
681,1383,682.0201411902425,99917,228,96,62,19,18139,9217,0.273787243412032,193,95,25613,24217,3861,1801,20042,23771,45579,34999,0,0,13501,2900,8833,665,1738,68,192,0,0,577,62044,2057,7342,0,0,0,0,0
682,1383,683.1295357060384,99917,234,101,62,19,18187,9239,0.27448782489466256,201,93,25624,24270,3877,1808,20001,23708,45614,35042,0,0,13436,2888,8842,664,1745,68,200,0,0,621,62057,2048,7348,0,0,0,0,0
683,1383,684.2379643227827,99917,265,109,62,19,18247,9265,0.2753485392876087,201,90,25670,24326,3878,1815,19923,23640,45649,35084,0,0,13373,2874,8852,664,1752,68,209,0,0,652,62080,2039,7354,0,0,0,0,0
684,1383,685.3443327947967,99916,272,114,63,19,18302,9292,0.27617198446695224,214,91,25688,24379,3891,1824,19871,23572,45684,35126,0,0,13303,2861,8857,667,1760,68,225,0,0,693,62092,2026,7364,0,0,0,0,0
685,1383,686.0811734844898,99916,274,118,63,19,18336,9306,0.27665238800592495,228,98,25676,24401,3905,1824,19853,23539,45718,35167,0,0,13237,2851,8858,668,1769,69,231,0,0,717,62128,2020,7368,0,0,0,0,0
686,1383,687.1863754155147,99916,297,127,63,19,18397,9333,0.277533127827375,232,102,25705,24445,3913,1832,19789,23474,45752,35208,0,0,13166,2841,8865,668,1779,69,246,0,0,748,62153,2011,7370,0,0,0,0,0
687,1383,688.2900737978283,99916,306,132,63,19,18456,9360,0.27839385083470114,240,106,25721,24489,3935,1847,19734,23406,45786,35249,0,0,13108,2830,8867,668,1799,70,249,0,0,794,62161,2002,7368,0,0,0,0,0
688,1383,689.0252423650469,99916,316,141,63,19,18501,9384,0.27908443092197444,240,103,25711,24502,3953,1856,19716,23378,45819,35289,0,0,13042,2820,8871,672,1806,71,259,0,0,820,62190,1991,7374,0,0,0,0,0
689,1383,690.1282161125127,99916,345,153,63,19,18581,9416,0.28020537251291083,232,111,25707,24543,3984,1865,19668,23308,45852,35329,0,0,12980,2808,8876,674,1816,71,272,0,0,865,62193,1977,7384,0,0,0,0,0
690,1383,691.2310795730555,99916,342,164,63,19,18644,9449,0.2811661795908563,253,117,25706,24565,4029,1882,19606,23252,45885,35368,0,0,12902,2797,8878,680,1825,74,288,0,0,915,62205,1971,7381,0,0,0,0,0
691,1383,692.333432438643,99916,345,175,63,19,18700,9479,0.28202690259818247,293,130,25708,24594,4062,1885,19528,23196,45918,35407,0,0,12832,2784,8881,680,1839,75,304,0,0,954,62220,1965,7382,0,0,0,0,0
692,1383,693.0679349993205,99916,364,184,63,19,18754,9508,0.28285760038432284,294,124,25703,24616,4083,1896,19492,23160,45950,35445,0,0,12770,2778,8883,681,1847,79,314,0,0,983,62243,1953,7385,0,0,0,0,0
693,1383,694.1696929511894,99916,384,188,63,19,18843,9539,0.2840586092317547,293,132,25697,24662,4128,1911,19434,23087,45982,35483,0,0,12708,2762,8889,684,1863,80,329,0,0,1042,62231,1942,7386,0,0,0,0,0
694,1383,695.2711119654774,99916,407,201,63,19,18928,9583,0.2853496937427439,291,142,25697,24686,4167,1937,19374,23014,46014,35521,0,0,12645,2744,8896,690,1882,80,339,0,0,1095,62228,1935,7382,0,0,0,0,0
695,1383,696.0052641884181,99916,427,217,63,19,18984,9610,0.28618039152888425,314,150,25679,24695,4182,1939,19334,22979,46045,35558,0,0,12583,2738,8896,689,1892,80,346,0,0,1125,62253,1928,7386,0,0,0,0,0
696,1383,697.1065948653733,99916,451,207,63,19,19075,9639,0.2873814003763161,328,171,25668,24729,4222,1972,19267,22901,46076,35595,0,0,12515,2727,8892,694,1913,82,367,0,0,1179,62246,1912,7389,0,0,0,0,0
697,1383,698.2076567882384,99915,437,228,64,19,19146,9692,0.28862533153180203,349,167,25682,24774,4265,1991,19202,22820,46107,35631,0,0,12455,2712,8896,697,1936,82,383,0,0,1248,62218,1897,7391,0,0,0,0,0
698,1383,699.3080205734952,99915,466,236,64,19,19239,9739,0.29002652254416256,376,187,25652,24813,4302,2011,19139,22733,46138,35667,0,0,12380,2703,8895,697,1949,84,410,0,0,1306,62207,1887,7397,0,0,0,0,0
699,1383,700.041763654403,99915,496,236,64,19,19317,9771,0.29112745833958864,367,190,25641,24829,4330,2035,19101,22690,46168,35703,0,0,12309,2695,8894,702,1962,84,423,0,0,1355,62216,1882,7393,0,0,0,0,0
700,1383,701.1429655712319,99915,521,242,64,19,19422,9812,0.292588700395336,383,206,25615,24875,4385,2053,19031,22604,46198,35738,0,0,12251,2681,8896,707,1982,85,438,0,0,1426,62188,1867,7394,0,0,0,0,0
701,1383,702.2442853926433,99915,512,257,64,19,19513,9872,0.29409998498723916,422,213,25595,24895,4457,2083,18949,22532,46228,35773,0,0,12180,2672,8885,710,2011,88,460,0,0,1511,62152,1857,7389,0,0,0,0,0
702,1383,703.3458916332386,99913,562,266,65,20,19632,9930,0.29587741334961415,435,209,25567,24930,4495,2122,18875,22452,46257,35808,0,0,12115,2663,8883,712,2029,88,474,0,0,1590,62120,1851,7388,0,0,0,0,0
703,1383,704.0803980440672,99912,593,268,66,20,19719,9951,0.2969613259668508,423,238,25543,24924,4537,2138,18837,22411,46286,35842,0,0,12058,2654,8881,714,2047,89,484,0,0,1631,62124,1842,7388,0,0,0,0,0
704,1383,705.1828517023065,99912,608,285,66,20,19844,10007,0.2987729201697494,433,251,25536,24941,4611,2166,18745,22336,46315,35876,0,0,11987,2638,8883,722,2068,93,509,0,0,1715,62084,1832,7381,0,0,0,0,0
705,1383,706.2851495664295,99912,662,311,66,20,19975,10075,0.3007646729121627,444,255,25516,24969,4655,2193,18656,22251,46344,35909,0,0,11926,2617,8883,733,2095,94,525,0,0,1773,62067,1824,7375,0,0,0,0,0
706,1383,707.0199663494213,99911,663,318,67,20,20057,10128,0.30211888580836943,455,246,25483,24973,4721,2230,18610,22212,46372,35942,0,0,11857,2605,8878,739,2118,94,549,0,0,1846,62039,1813,7373,0,0,0,0,0
707,1383,708.1234363538125,99911,691,322,67,20,20181,10196,0.3040405961305562,480,263,25480,25009,4787,2275,18494,22110,46400,35975,0,0,11791,2595,8869,736,2152,96,571,0,0,1945,61982,1807,7367,0,0,0,0,0
708,1383,709.2261839052421,99911,727,343,67,20,20321,10266,0.30614246679544793,494,265,25454,25036,4855,2308,18402,22027,46428,36007,0,0,11721,2575,8874,745,2168,98,596,0,0,2043,61929,1802,7360,0,0,0,0,0
709,1383,710.3293824661617,99911,748,362,67,20,20464,10339,0.30830439090790807,525,261,25419,25055,4938,2347,18302,21954,46456,36039,0,0,11650,2565,8863,751,2200,100,616,0,0,2153,61867,1796,7350,0,0,0,0,0
710,1383,711.0653475054957,99911,748,392,67,20,20554,10401,0.30982574491297254,542,261,25395,25050,4993,2371,18254,21905,46483,36071,0,0,11591,2550,8860,758,2224,101,631,0,0,2226,61838,1788,7344,0,0,0,0,0
711,1383,712.1699636280389,99911,780,399,67,20,20709,10468,0.31204772247300094,566,286,25341,25070,5079,2417,18166,21807,46510,36102,0,0,11520,2539,8855,765,2252,102,659,0,0,2342,61763,1777,7337,0,0,0,0,0
712,1383,713.2758625717961,99911,810,395,67,20,20859,10540,0.3142697000330294,612,287,25278,25096,5157,2483,18075,21718,46537,36133,0,0,11452,2523,8848,777,2283,104,682,0,0,2469,61681,1769,7323,0,0,0,0,0
713,1383,714.0141594155518,99910,856,401,67,21,20981,10587,0.315964367931138,618,315,25242,25099,5208,2506,18008,21657,46564,36164,0,0,11392,2512,8840,783,2307,104,698,0,0,2537,61654,1760,7323,0,0,0,0,0
714,1383,715.1227288951043,99909,858,424,68,21,21149,10669,0.3184698075248476,644,322,25191,25116,5335,2551,17903,21565,46590,36194,0,0,11308,2499,8832,788,2340,108,738,0,0,2670,61561,1754,7311,0,0,0,0,0
715,1383,716.2328651356354,99908,902,457,69,21,21339,10767,0.3213556471954198,666,314,25118,25127,5436,2605,17808,21475,46616,36224,0,0,11237,2487,8823,800,2373,111,764,0,0,2798,61473,1742,7300,0,0,0,0,0
716,1383,717.3448508159204,99908,932,455,69,21,21515,10839,0.3238379308964247,696,349,25066,25124,5544,2669,17692,21381,46642,36254,0,0,11161,2466,8820,814,2401,113,797,0,0,2934,61376,1735,7291,0,0,0,0,0
717,1383,718.0869278537101,99908,956,464,69,21,21653,10893,0.32575969892300916,693,363,25034,25135,5630,2700,17617,21316,46668,36283,0,0,11093,2457,8809,815,2441,115,824,0,0,3017,61331,1728,7278,0,0,0,0,0
718,1383,719.2012792187836,99908,997,501,69,21,21839,11010,0.3287924890899628,705,351,24983,25167,5738,2767,17507,21192,46693,36312,0,0,11014,2442,8789,836,2483,119,857,0,0,3129,61257,1713,7269,0,0,0,0,0
719,1383,720.3169699235864,99908,1024,513,69,21,22026,11099,0.3315550306281779,741,381,24930,25167,5842,2829,17393,21088,46718,36341,0,0,10934,2430,8783,841,2514,121,897,0,0,3275,61146,1703,7264,0,0,0,0,0
720,1383,721.0616923780991,99908,1061,549,69,21,22154,11181,0.3336569644072547,771,373,24871,25170,5891,2861,17336,21025,46743,36370,0,0,10875,2418,8779,842,2539,123,919,0,0,3355,61102,1693,7263,0,0,0,0,0
721,1383,722.1803162346466,99908,1098,565,69,21,22375,11291,0.3369700124114185,783,391,24842,25159,6015,2934,17192,20929,46768,36398,0,0,10799,2399,8760,852,2591,126,954,0,0,3515,60973,1685,7254,0,0,0,0,0
722,1383,723.2996453758393,99908,1127,570,69,21,22586,11396,0.34013292228850545,803,399,24779,25174,6159,3016,17062,20819,46793,36426,0,0,10723,2384,8747,859,2638,131,990,0,0,3686,60837,1674,7239,0,0,0,0,0
723,1383,724.046890879261,99907,1169,592,69,22,22750,11470,0.3425185422442872,806,413,24719,25164,6246,3058,16990,20750,46817,36454,0,0,10662,2372,8743,866,2664,134,1009,0,0,3795,60764,1668,7230,0,0,0,0,0
724,1383,725.1699568677176,99907,1226,608,69,22,22999,11578,0.34609186543485443,814,438,24634,25178,6380,3134,16876,20619,46841,36481,0,0,10583,2349,8732,883,2715,143,1049,0,0,3939,60648,1659,7207,0,0,0,0,0
725,1383,726.2960448190427,99906,1288,629,70,22,23265,11702,0.3499989990591156,851,457,24518,25173,6527,3220,16745,20498,46865,36508,0,0,10503,2327,8721,902,2766,147,1089,0,0,4116,60502,1649,7184,0,0,0,0,0
726,1383,727.0487130647322,99906,1312,657,70,22,23438,11778,0.35249134186134967,874,486,24452,25147,6639,3254,16652,20433,46889,36535,0,0,10431,2319,8711,908,2801,151,1122,0,0,4227,60427,1638,7171,0,0,0,0,0
727,1383,728.1804277610623,99905,1375,679,71,22,23707,11909,0.35649867374005306,895,503,24363,25121,6790,3342,16505,20332,46913,36562,0,0,10360,2301,8695,918,2851,161,1159,0,0,4417,60264,1628,7151,0,0,0,0,0
728,1383,729.3148271245801,99905,1390,720,71,22,23956,12056,0.3604624393173515,954,517,24253,25096,6959,3427,16372,20217,46936,36588,0,0,10273,2286,8676,936,2903,168,1211,0,0,4615,60094,1612,7131,0,0,0,0,0
729,1383,730.0732241350543,99904,1432,745,72,22,24163,12159,0.3635690262652146,957,529,24184,25073,7088,3486,16266,20144,46959,36614,0,0,10208,2272,8660,947,2938,174,1234,0,0,4767,59976,1606,7122,0,0,0,0,0
730,1383,731.2140351543007,99904,1482,755,72,22,24471,12316,0.3682234945547726,973,530,24072,25055,7270,3615,16130,20022,46982,36640,0,0,10121,2254,8638,965,3001,184,1283,0,0,5012,59761,1593,7092,0,0,0,0,0
731,1383,732.3585013917567,99904,1518,806,72,22,24756,12488,0.3727978859705317,1030,531,23962,25019,7445,3715,15972,19906,47005,36666,0,0,10035,2235,8616,988,3069,188,1326,0,0,5220,59583,1576,7068,0,0,0,0,0
732,1383,733.1235676251522,99904,1531,852,72,22,24938,12614,0.3758808456117873,1094,518,23876,25005,7552,3775,15874,19827,47028,36691,0,0,9965,2224,8608,999,3108,192,1355,0,0,5366,59464,1567,7056,0,0,0,0,0
733,1383,734.2750872614827,99904,1572,880,72,22,25238,12769,0.3804352178090967,1149,519,23755,25000,7736,3877,15715,19701,47050,36716,0,0,9882,2204,8585,1022,3178,198,1399,0,0,5581,59269,1553,7033,0,0,0,0,0
734,1383,735.0450440527368,99904,1632,884,72,22,25455,12868,0.3835982543241512,1168,530,23664,24992,7841,3949,15622,19622,47072,36741,0,0,9818,2188,8572,1038,3216,201,1422,0,0,5742,59142,1546,7019,0,0,0,0,0
735,1383,736.2040833405259,99904,1706,900,72,22,25803,13019,0.3885930493273543,1182,567,23526,24945,8030,4070,15483,19495,47094,36765,0,0,9725,2166,8547,1058,3283,210,1480,0,0,5972,58935,1534,6994,0,0,0,0,0
736,1383,737.3682786835839,99903,1804,913,73,22,26170,13172,0.39380198792829046,1171,608,23393,24907,8216,4178,15342,19371,47116,36789,0,0,9641,2140,8522,1090,3349,216,1526,0,0,6196,58728,1516,6979,0,0,0,0,0
737,1383,738.1470945248718,99902,1822,942,74,22,26390,13296,0.39724930431823186,1214,627,23281,24878,8360,4255,15248,19275,47138,36813,0,0,9566,2124,8511,1105,3395,225,1563,0,0,6358,58587,1507,6961,0,0,0,0,0
738,1383,739.320474617718,99902,1866,974,74,22,26749,13482,0.4027046505575464,1277,638,23118,24847,8591,4380,15073,19138,47159,36837,0,0,9476,2101,8480,1127,3474,234,1619,0,0,6631,58330,1494,6936,0,0,0,0,0
739,1383,740.106250825626,99901,1904,990,75,22,27000,13591,0.4063122491266354,1302,652,23044,24826,8728,4456,14946,19053,47180,36861,0,0,9401,2093,8454,1137,3536,238,1660,0,0,6795,58180,1480,6927,0,0,0,0,0
740,1383,741.2891813605314,99901,1964,1024,75,22,27386,13806,0.41232820492287364,1319,656,22889,24799,8956,4600,14796,18898,47201,36884,0,0,9311,2069,8428,1155,3612,256,1710,0,0,7085,57903,1472,6900,0,0,0,0,0
741,1383,742.0812088142922,99900,2012,1051,76,22,27664,13942,0.41647647647647645,1305,668,22793,24759,9118,4688,14695,18811,47222,36907,0,0,9241,2057,8408,1164,3683,260,1746,0,0,7282,57728,1461,6870,0,0,0,0,0
742,1383,743.2746378064523,99900,2055,1060,76,22,28057,14129,0.42228228228228226,1359,685,22631,24752,9366,4824,14512,18656,47243,36930,0,0,9152,2036,8373,1186,3793,269,1796,0,0,7575,57442,1452,6826,0,0,0,0,0
743,1383,744.0739394138926,99899,2084,1055,77,22,28327,14260,0.42630056356920487,1382,708,22524,24723,9524,4936,14408,18555,47263,36953,0,0,9080,2021,8345,1210,3865,276,1831,0,0,7785,57251,1433,6802,0,0,0,0,0
744,1383,745.2790789320101,99897,2162,1077,78,23,28736,14469,0.43249547033444447,1404,725,22375,24674,9739,5085,14241,18415,47283,36975,0,0,8977,1996,8310,1239,3964,285,1893,0,0,8060,56990,1422,6761,0,0,0,0,0
745,1383,746.0859638170805,99897,2166,1103,78,23,29004,14617,0.43665975955233893,1412,737,22255,24636,9930,5174,14158,18326,47303,36997,0,0,8884,1984,8290,1251,4029,294,1948,0,0,8277,56794,1416,6730,0,0,0,0,0
746,1383,747.3033315565549,99896,2195,1164,79,23,29438,14845,0.4432910226635701,1445,744,22098,24577,10203,5299,13979,18192,47323,37019,0,0,8784,1965,8253,1284,4133,305,2007,0,0,8589,56488,1395,6693,0,0,0,0,0
747,1383,748.1190889006768,99896,2265,1191,79,23,29753,14999,0.4479859053415552,1453,776,21966,24541,10368,5388,13868,18080,47343,37041,0,0,8713,1949,8234,1300,4199,313,2043,0,0,8794,56293,1382,6676,0,0,0,0,0
748,1383,749.3493114399186,99896,2313,1230,79,23,30206,15243,0.4549631616881557,1506,797,21774,24491,10652,5522,13675,17936,47363,37062,0,0,8609,1925,8193,1337,4314,329,2103,0,0,9110,55975,1370,6631,0,0,0,0,0
749,1383,750.1742858317443,99896,2354,1249,79,23,30519,15410,0.45976815888524064,1527,787,21642,24455,10840,5636,13557,17849,47382,37083,0,0,8530,1907,8153,1354,4409,338,2147,0,0,9329,55770,1360,6599,0,0,0,0,0
750,1383,751.0037027585921,99896,2433,1270,79,23,30867,15562,0.46477336429887084,1525,799,21523,24420,11003,5734,13436,17753,47401,37104,0,0,8451,1891,8126,1371,4497,345,2186,0,0,9525,55576,1351,6577,0,0,0,0,0
751,1383,752.2549697074716,99896,2537,1297,79,23,31384,15807,0.4724012973492432,1536,818,21349,24364,11253,5909,13245,17588,47420,37125,0,0,8344,1871,8063,1410,4630,361,2244,0,0,9837,55262,1336,6538,0,0,0,0,0
752,1383,753.0938210868143,99895,2574,1317,80,23,31720,15968,0.47738125031282846,1576,844,21196,24301,11452,6021,13121,17493,47439,37146,0,0,8264,1853,8026,1428,4723,371,2294,0,0,10061,55039,1321,6515,0,0,0,0,0
753,1383,754.3605406764341,99893,2625,1348,82,23,32242,16241,0.4853493237764408,1627,850,20978,24232,11772,6208,12915,17338,47458,37166,0,0,8149,1826,7974,1459,4852,384,2370,0,0,10459,54639,1306,6475,0,0,0,0,0
754,1383,755.211401050429,99889,2678,1402,85,24,32602,16448,0.49104506001661846,1657,863,20841,24173,11963,6317,12775,17220,47477,37186,0,0,8069,1814,7929,1479,4944,398,2416,0,0,10696,54400,1292,6452,0,0,0,0,0
755,1383,756.0667724018031,99889,2651,1439,85,24,32955,16658,0.4966813162610498,1724,867,20679,24101,12224,6447,12636,17121,47496,37206,0,0,7972,1800,7889,1495,5048,416,2478,0,0,10996,54105,1281,6409,0,0,0,0,0
756,1383,757.3600959009202,99888,2766,1444,86,24,33528,16952,0.5053660099311229,1733,857,20487,24046,12487,6669,12440,16959,47514,37226,0,0,7857,1777,7835,1522,5182,448,2556,0,0,11376,53708,1267,6360,0,0,0,0,0
757,1383,758.2283481357262,99887,2837,1467,87,24,33935,17121,0.5111375854715828,1713,908,20348,23974,12696,6778,12318,16848,47532,37246,0,0,7780,1754,7789,1550,5295,466,2598,0,0,11592,53482,1258,6323,0,0,0,0,0
758,1383,759.1012881967594,99887,2865,1459,87,24,34315,17299,0.5167238980047454,1728,942,20218,23905,12925,6929,12176,16740,47550,37265,0,0,7704,1730,7742,1577,5406,488,2640,0,0,11845,53213,1241,6301,0,0,0,0,0
759,1383,760.4197551780118,99886,2837,1474,88,24,34874,17587,0.5252087379612759,1751,973,20042,23831,13319,7130,11962,16567,47568,37284,0,0,7568,1697,7677,1625,5574,515,2733,0,0,12261,52769,1221,6246,0,0,0,0,0
760,1383,761.3050430309027,99885,2842,1502,89,24,35245,17820,0.5312609500926065,1774,967,19919,23760,13547,7296,11828,16450,47586,37303,0,0,7466,1682,7624,1645,5698,533,2802,0,0,12522,52487,1206,6220,0,0,0,0,0
761,1383,762.1954853661878,99885,2888,1537,89,24,35653,18044,0.5375882264604295,1776,966,19739,23705,13784,7430,11723,16337,47604,37322,0,0,7379,1663,7580,1668,5803,554,2857,0,0,12804,52198,1193,6186,0,0,0,0,0
762,1383,763.0926847358096,99885,2914,1565,89,24,36045,18260,0.543675226510487,1843,966,19586,23652,13999,7565,11568,16227,47621,37341,0,0,7298,1642,7542,1695,5914,576,2901,0,0,13065,51917,1179,6156,0,0,0,0,0
763,1383,764.4501934366135,99882,2982,1554,91,25,36666,18572,0.5530325784425623,1836,1007,19376,23565,14343,7802,11371,16046,47638,37360,0,0,7176,1622,7463,1742,6103,601,2975,0,0,13488,51459,1155,6098,0,0,0,0,0
764,1383,765.3624875496548,99880,3016,1595,92,26,37091,18810,0.5596816179415298,1867,1013,19218,23498,14580,7941,11226,15926,47655,37378,0,0,7072,1601,7426,1777,6208,614,3038,0,0,13782,51152,1137,6073,0,0,0,0,0
765,1383,766.28142972206,99880,3027,1564,92,26,37502,19018,0.565879054865839,1917,1028,19051,23426,14799,8133,11113,15822,47672,37396,0,0,6992,1581,7380,1802,6328,642,3077,0,0,14107,50808,1125,6038,0,0,0,0,0
766,1383,767.2074895270609,99880,3088,1596,92,26,37950,19247,0.5726571886263516,1902,1035,18885,23367,15038,8273,10994,15702,47689,37414,0,0,6907,1562,7335,1826,6458,673,3123,0,0,14342,50534,1116,6004,0,0,0,0,0
767,1383,768.1413160477417,99880,3123,1624,92,26,38386,19466,0.5792150580696837,1894,1089,18751,23269,15276,8396,10863,15595,47706,37432,0,0,6828,1539,7299,1848,6583,700,3164,0,0,14608,50237,1107,5967,0,0,0,0,0
768,1383,769.0806944662178,99879,3155,1650,93,26,38817,19723,0.5861091921224681,1955,1099,18580,23165,15505,8576,10711,15483,47723,37450,0,0,6731,1516,7255,1872,6716,718,3218,0,0,14921,49912,1098,5922,0,0,0,0,0
769,1383,770.0276049886476,99878,3181,1686,94,26,39272,19981,0.5932537695989106,1951,1086,18439,23098,15763,8727,10571,15376,47740,37467,0,0,6642,1502,7211,1891,6859,747,3262,0,0,15210,49588,1089,5877,0,0,0,0,0
770,1383,771.4616853677353,99875,3275,1748,97,26,40012,20393,0.6048060075093867,1934,1072,18178,22985,16164,8982,10351,15186,47756,37484,0,0,6511,1469,7146,1943,7070,785,3348,0,0,15650,49084,1065,5804,0,0,0,0,0
771,1383,772.4280782029718,99874,3283,1767,98,26,40449,20635,0.6116106293930352,1956,1098,18008,22920,16431,9138,10223,15050,47772,37501,0,0,6420,1453,7104,1974,7201,806,3399,0,0,15961,48740,1047,5769,0,0,0,0,0
772,1383,773.4021177005783,99872,3352,1785,100,26,40963,20896,0.6193828099967958,1938,1122,17852,22859,16686,9293,10071,14914,47788,37518,0,0,6328,1437,7073,2004,7347,839,3448,0,0,16245,48401,1030,5720,0,0,0,0,0
773,1383,774.3842015554902,99871,3345,1844,100,27,41443,21183,0.627068918905388,1990,1108,17678,22805,16978,9432,9908,14783,47804,37535,0,0,6236,1414,7029,2045,7507,870,3498,0,0,16531,48054,1011,5676,0,0,0,0,0
774,1383,775.3745603234872,99871,3358,1879,100,27,41930,21465,0.6347688518188463,2000,1112,17542,22718,17246,9609,9753,14654,47820,37552,0,0,6152,1396,6982,2072,7672,903,3541,0,0,16843,47693,992,5625,0,0,0,0,0
775,1383,776.3725166385117,99870,3409,1937,101,27,42454,21754,0.642915790527686,1971,1097,17396,22643,17512,9766,9610,14529,47836,37569,0,0,6064,1384,6943,2087,7865,922,3586,0,0,17124,47347,980,5568,0,0,0,0,0
776,1383,777.3747617154356,99869,3383,1952,102,27,42942,22057,0.6508426038109923,1983,1077,17228,22569,17830,9975,9473,14399,47852,37585,0,0,5966,1363,6889,2108,8045,960,3652,0,0,17458,46936,966,5526,0,0,0,0,0
777,1383,778.3619078033478,99868,3378,1922,102,28,43403,22312,0.6580185845315817,2006,1098,17066,22468,18108,10176,9339,14307,47867,37601,0,0,5878,1341,6847,2140,8202,998,3699,0,0,17768,46555,952,5488,0,0,0,0,0
778,1383,779.3332955155154,99866,3388,1899,103,29,43889,22563,0.6654116516131616,2007,1141,16916,22386,18380,10362,9205,14182,47882,37617,0,0,5790,1314,6805,2177,8365,1043,3744,0,0,18055,46199,938,5436,0,0,0,0,0
779,1383,780.2907869979931,99865,3418,1896,104,29,44390,22823,0.6730386021128524,1994,1153,16769,22309,18635,10556,9079,14056,47897,37633,0,0,5707,1298,6748,2217,8549,1076,3778,0,0,18335,45849,921,5387,0,0,0,0,0
780,1383,781.2338958718868,99864,3492,1938,104,30,44895,23114,0.6810161820075302,1985,1119,16595,22230,18855,10720,8968,13962,47912,37649,0,0,5629,1281,6708,2245,8695,1114,3812,0,0,18601,45520,908,5351,0,0,0,0,0
781,1383,782.1650188272595,99863,3482,1937,104,31,45326,23361,0.6878123028549112,2030,1159,16443,22135,19094,10883,8846,13854,47927,37665,0,0,5558,1260,6663,2272,8849,1153,3848,0,0,18878,45176,893,5313,0,0,0,0,0
782,1383,783.0847322376476,99861,3496,1959,105,32,45830,23651,0.6957771302109933,1977,1143,16323,22057,19373,11067,8725,13741,47942,37680,0,0,5481,1239,6607,2304,9045,1189,3882,0,0,19150,44815,877,5272,0,0,0,0,0
783,1383,784.440094557431,99861,3520,1983,105,32,46519,24041,0.7065821491873704,1957,1128,16139,21959,19707,11315,8571,13582,47957,37695,0,0,5357,1215,6541,2343,9289,1239,3957,0,0,19542,44317,861,5200,0,0,0,0,0
784,1383,785.3304489116692,99860,3491,1984,106,32,46932,24310,0.7134187863008211,1989,1122,16016,21891,19951,11496,8446,13474,47972,37710,0,0,5290,1193,6497,2359,9462,1279,3994,0,0,19820,43961,852,5153,0,0,0,0,0
785,1383,786.2100852617106,99859,3456,1991,107,32,47359,24551,0.7201153626613525,2013,1160,15891,21816,20197,11641,8335,13359,47987,37725,0,0,5207,1176,6445,2390,9627,1314,4030,0,0,20084,43635,839,5112,0,0,0,0,0
786,1383,787.0790282007599,99858,3438,2007,108,32,47808,24803,0.7271425424102225,1977,1130,15787,21753,20444,11810,8245,13267,48001,37740,0,0,5139,1149,6408,2436,9808,1344,4049,0,0,20332,43304,825,5064,0,0,0,0,0
787,1383,788.3645854756875,99857,3373,1991,109,32,48415,25161,0.7368136435102196,2005,1152,15591,21669,20800,12069,8121,13086,48015,37755,0,0,5025,1125,6333,2484,10070,1397,4101,0,0,20691,42814,809,5008,0,0,0,0,0
788,1383,789.2094938537901,99855,3403,1992,110,33,48845,25407,0.7435982174152521,2006,1124,15458,21615,20989,12224,8033,13011,48029,37770,0,0,4953,1116,6292,2502,10212,1441,4132,0,0,20932,42507,798,4970,0,0,0,0,0
789,1383,790.0453180133153,99855,3448,1965,110,33,49291,25641,0.7504080917330128,1967,1130,15345,21550,21192,12410,7937,12911,48043,37784,0,0,4896,1104,6238,2529,10389,1482,4143,0,0,21149,42207,783,4935,0,0,0,0,0
790,1383,791.2851359668357,99853,3479,1936,111,34,49931,25991,0.7603376964137282,1903,1148,15218,21462,21497,12650,7791,12769,48057,37798,0,0,4792,1081,6173,2560,10625,1546,4195,0,0,21485,41752,769,4875,0,0,0,0,0
791,1383,792.1021295979833,99853,3470,1948,111,34,50333,26224,0.7666970446556438,1877,1148,15135,21409,21709,12781,7697,12679,48071,37812,0,0,4738,1063,6129,2586,10792,1580,4207,0,0,21695,41454,761,4848,0,0,0,0,0
792,1383,793.3131127824902,99852,3389,1936,112,34,50878,26570,0.7756279293354165,1900,1157,15015,21322,22018,13013,7565,12537,48085,37826,0,0,4649,1048,6060,2595,11043,1651,4247,0,0,22010,41006,750,4793,0,0,0,0,0
793,1383,794.1114834392387,99852,3362,1934,112,34,51232,26786,0.7813363778392021,1909,1139,14922,21300,22198,13128,7496,12464,48099,37840,0,0,4585,1037,6018,2607,11195,1688,4277,0,0,22226,40724,742,4753,0,0,0,0,0
794,1383,795.2970107935894,99850,3322,1937,114,34,51756,27111,0.7898547821732599,1949,1155,14792,21192,22457,13336,7365,12345,48113,37854,0,0,4501,1021,5970,2641,11404,1750,4308,0,0,22505,40314,728,4708,0,0,0,0,0
795,1383,796.0796616447283,99850,3330,1942,114,34,52152,27344,0.7961542313470206,1868,1129,14753,21118,22631,13493,7303,12283,48126,37868,0,0,4434,1014,5925,2670,11538,1796,4329,0,0,22725,40035,712,4672,0,0,0,0,0
796,1383,797.2433151753328,99850,3334,1970,114,34,52687,27706,0.8051377065598397,1839,1092,14653,21024,22859,13715,7200,12164,48139,37882,0,0,4367,998,5878,2701,11749,1855,4351,0,0,23001,39619,696,4635,0,0,0,0,0
797,1383,798.0127529143164,99850,3289,1965,114,34,53036,27904,0.8106159238858287,1850,1093,14555,20971,23055,13839,7136,12097,48152,37895,0,0,4305,984,5831,2719,11896,1907,4378,0,0,23167,39370,688,4605,0,0,0,0,0
798,1383,799.1560026276454,99849,3317,1903,115,34,53601,28182,0.8190667908541899,1826,1076,14433,20922,23311,14062,6997,12002,48165,37908,0,0,4236,967,5775,2759,12121,1969,4390,0,0,23418,38983,670,4561,0,0,0,0,0
799,1383,800.2876122103786,99848,3334,1879,115,35,54112,28487,0.8272474160724301,1790,1074,14351,20878,23520,14255,6889,11878,48178,37921,0,0,4166,948,5729,2796,12330,2035,4406,0,0,23631,38636,658,4513,0,0,0,0,0
800,1383,801.0368282847223,99847,3291,1882,115,36,54455,28698,0.8328041904113294,1753,1054,14277,20830,23726,14371,6837,11826,48191,37934,0,0,4116,936,5686,2804,12477,2096,4424,0,0,23778,38394,650,4486,0,0,0,0,0
801,1383,802.1505737355509,99846,3258,1903,116,36,54941,28996,0.8406646235202211,1778,1017,14162,20788,23939,14529,6746,11726,48204,37947,0,0,4045,919,5636,2826,12667,2162,4448,0,0,24013,38047,637,4446,0,0,0,0,0
802,1383,803.2545439452908,99844,3287,1888,117,37,55462,29280,0.8487440407034974,1744,1037,14071,20718,24124,14700,6656,11619,48217,37960,0,0,3982,903,5579,2857,12882,2225,4460,0,0,24213,37715,630,4398,0,0,0,0,0
803,1383,804.349793315633,99844,3227,1870,117,37,55914,29542,0.8558951965065502,1768,1047,13985,20666,24345,14854,6557,11525,48230,37973,0,0,3915,889,5531,2864,13093,2284,4485,0,0,24444,37363,623,4353,0,0,0,0,0
804,1383,805.0747684164188,99844,3224,1848,117,37,56239,29718,0.8609130243179359,1754,1046,13925,20626,24476,14966,6503,11476,48243,37986,0,0,3868,876,5501,2875,13221,2328,4499,0,0,24608,37131,615,4322,0,0,0,0,0
805,1383,806.1551120718541,99842,3193,1812,118,38,56694,29972,0.8680314897538111,1720,1057,13844,20601,24704,15108,6420,11383,48255,37999,0,0,3800,859,5451,2903,13422,2391,4515,0,0,24798,36811,605,4287,0,0,0,0,0
806,1383,807.2270953816386,99840,3220,1817,120,38,57191,30262,0.8759314903846154,1644,1027,13783,20544,24886,15274,6346,11299,48267,38011,0,0,3739,846,5406,2933,13619,2453,4523,0,0,24974,36493,600,4254,0,0,0,0,0
807,1383,808.2916415318255,99839,3216,1803,120,39,57634,30530,0.8830617293843087,1628,998,13711,20519,25058,15444,6266,11196,48279,38023,0,0,3677,831,5369,2947,13800,2518,4535,0,0,25157,36195,592,4218,0,0,0,0,0
808,1383,809.3491808364336,99839,3151,1740,120,39,58082,30767,0.8899227756688268,1622,1038,13658,20485,25277,15614,6171,11083,48291,38035,0,0,3616,819,5316,2962,14007,2591,4553,0,0,25374,35850,579,4172,0,0,0,0,0
809,1383,810.0497866506612,99837,3119,1749,121,40,58360,30944,0.8944980317918206,1645,1030,13618,20440,25386,15699,6110,11041,48303,38047,0,0,3572,812,5283,2978,14119,2641,4554,0,0,25491,35664,574,4149,0,0,0,0,0
810,1383,811.0946125235413,99837,3028,1747,121,40,58811,31202,0.9015996073599968,1616,1001,13549,20411,25637,15834,6048,10966,48315,38059,0,0,3492,799,5244,3013,14317,2714,4578,0,0,25658,35348,563,4111,0,0,0,0,0
811,1383,812.1315915635772,99836,3015,1751,122,40,59223,31466,0.9083797427781561,1606,972,13495,20367,25789,15976,5972,10893,48327,38071,0,0,3436,790,5200,3030,14488,2782,4582,0,0,25811,35080,554,4083,0,0,0,0,0
812,1383,813.1627894102494,99835,3017,1748,123,40,59650,31717,0.9151800470776782,1564,953,13449,20329,25937,16118,5909,10811,48339,38083,0,0,3386,780,5164,3044,14682,2837,4587,0,0,25972,34795,546,4042,0,0,0,0,0
813,1383,814.1888104266075,99833,3043,1721,125,40,60113,31979,0.9224605090501137,1470,911,13426,20305,26109,16283,5826,10739,48351,38095,0,0,3333,768,5116,3071,14847,2910,4589,0,0,26166,34486,540,4007,0,0,0,0,0
814,1383,815.2087664254148,99833,2984,1639,125,40,60485,32172,0.9281199603337573,1482,944,13370,20280,26277,16444,5761,10652,48363,38107,0,0,3285,749,5067,3089,15029,2970,4592,0,0,26360,34187,533,3972,0,0,0,0,0
815,1383,816.2231340865303,99832,2982,1649,126,40,60886,32407,0.9344999599326869,1448,932,13338,20247,26413,16541,5692,10590,48375,38118,0,0,3243,739,5037,3085,15190,3040,4600,0,0,26489,33938,523,3948,0,0,0,0,0
816,1383,817.2328623492127,99832,2912,1621,126,40,61265,32647,0.940700376632743,1444,916,13280,20232,26597,16684,5640,10506,48386,38129,0,0,3196,734,4999,3095,15385,3113,4597,0,0,26644,33649,521,3899,0,0,0,0,0
817,1383,818.2371266117968,99832,2854,1581,126,40,61612,32853,0.9462396826668804,1443,911,13255,20210,26738,16818,5583,10439,48397,38140,0,0,3146,722,4973,3118,15506,3199,4602,0,0,26787,33390,517,3872,0,0,0,0,0
818,1383,819.2371460499097,99831,2809,1581,127,40,61958,33087,0.9520589796756519,1442,882,13243,20197,26860,16947,5518,10352,48408,38151,0,0,3087,710,4939,3135,15667,3259,4618,0,0,26909,33149,512,3846,0,0,0,0,0
819,1383,820.2331718287663,99830,2759,1545,128,40,62321,33291,0.9577481718922167,1397,861,13238,20184,27016,17081,5461,10288,48419,38162,0,0,3045,696,4902,3158,15840,3332,4614,0,0,27015,32911,506,3811,0,0,0,0,0
820,1383,821.2248839164178,99830,2727,1544,128,40,62668,33508,0.9633977762195732,1379,838,13202,20167,27149,17186,5414,10224,48430,38173,0,0,3004,686,4877,3171,15984,3394,4610,0,0,27145,32669,501,3789,0,0,0,0,0
821,1383,822.2124141903273,99830,2676,1549,128,40,62997,33735,0.9689672443153361,1374,807,13131,20134,27324,17298,5366,10171,48441,38184,0,0,2968,678,4838,3182,16158,3458,4603,0,0,27242,32447,497,3759,0,0,0,0,0
822,1383,823.1948683860364,99829,2623,1546,129,40,63337,33946,0.9744963888248905,1370,785,13098,20138,27467,17387,5312,10103,48452,38195,0,0,2924,672,4808,3189,16312,3525,4600,0,0,27362,32217,488,3732,0,0,0,0,0
823,1383,824.1729531630288,99828,2546,1512,130,40,63643,34143,0.9795448170853869,1359,761,13086,20129,27613,17512,5265,10045,48463,38206,0,0,2891,661,4769,3207,16481,3589,4593,0,0,27475,31982,479,3701,0,0,0,0,0
824,1383,825.147154445267,99827,2488,1477,131,40,63945,34309,0.9842427399400964,1349,785,13081,20121,27729,17609,5221,9967,48474,38217,0,0,2855,650,4743,3214,16602,3661,4599,0,0,27596,31759,470,3678,0,0,0,0,0
825,1383,826.1179751909176,99825,2440,1450,133,40,64269,34480,0.989221136989732,1321,784,13069,20099,27853,17719,5183,9907,48485,38227,0,0,2825,639,4713,3232,16744,3733,4584,0,0,27678,31554,464,3659,0,0,0,0,0
826,1383,827.0856387778912,99825,2411,1456,133,40,64581,34689,0.9944402704733283,1276,771,13084,20091,27959,17791,5136,9850,48496,38237,0,0,2796,631,4680,3244,16907,3785,4576,0,0,27770,31344,460,3632,0,0,0,0,0
827,1383,828.0503414667367,99825,2391,1465,133,40,64890,34893,0.9995792637114951,1243,736,13065,20095,28073,17869,5094,9794,48507,38247,0,0,2764,624,4653,3252,17040,3858,4576,0,0,27829,31167,452,3610,0,0,0,0,0
828,1383,829.0120728863146,99824,2374,1433,134,40,65199,35062,1.0043777047603784,1203,754,13045,20081,28189,17957,5054,9734,48518,38257,0,0,2734,614,4623,3280,17135,3932,4560,0,0,27958,30965,445,3578,0,0,0,0,0
829,1383,830.2893662790678,99824,2313,1415,134,40,65570,35297,1.0104483891649303,1185,746,13059,20080,28315,18073,4993,9645,48528,38267,0,0,2693,605,4580,3307,17305,4013,4552,0,0,28062,30716,437,3554,0,0,0,0,0
830,1383,831.2444658251263,99824,2263,1398,134,40,65860,35474,1.015126622856227,1144,731,13066,20104,28439,18149,4953,9577,48538,38277,0,0,2654,596,4568,3321,17443,4078,4556,0,0,28140,30524,432,3512,0,0,0,0,0
831,1383,832.1969828463759,99824,2220,1371,134,40,66129,35651,1.0195944862958808,1119,716,13083,20125,28524,18238,4919,9509,48548,38287,0,0,2622,592,4535,3324,17594,4137,4551,0,0,28216,30341,430,3482,0,0,0,0,0
832,1383,833.1475041578869,99823,2201,1352,134,41,66398,35813,1.0239223425463069,1096,717,13078,20104,28607,18337,4883,9448,48558,38297,0,0,2598,586,4504,3318,17738,4186,4548,0,0,28293,30163,426,3463,0,0,0,0,0
833,1383,834.0957830684181,99823,2171,1338,134,41,66666,35981,1.0282900734299711,1101,690,13047,20126,28700,18424,4846,9380,48568,38307,0,0,2570,583,4472,3321,17869,4246,4539,0,0,28363,29998,420,3442,0,0,0,0,0
834,1383,835.0415942476366,99823,2145,1304,134,41,66923,36131,1.0323672901034833,1092,687,13076,20127,28747,18524,4805,9316,48578,38317,0,0,2541,580,4444,3312,17998,4306,4546,0,0,28431,29830,414,3421,0,0,0,0,0
835,1383,836.3008638218772,99821,2089,1264,135,42,67256,36334,1.0377575860790815,1071,663,13109,20172,28843,18622,4752,9236,48588,38327,0,0,2508,570,4414,3332,18148,4383,4535,0,0,28535,29594,409,3393,0,0,0,0,0
836,1383,837.2438581757195,99819,2070,1255,135,44,67521,36496,1.04205612158006,1075,636,13123,20178,28885,18684,4711,9202,48598,38337,0,0,2480,561,4391,3342,18260,4443,4532,0,0,28598,29434,404,3374,0,0,0,0,0
837,1383,838.1856941367412,99819,2037,1219,135,44,67761,36636,1.0458630120518138,1056,620,13127,20189,28958,18771,4686,9156,48608,38346,0,0,2452,552,4369,3357,18353,4506,4526,0,0,28683,29264,402,3355,0,0,0,0,0
838,1383,839.1261332822376,99819,1995,1185,135,44,67997,36776,1.049629829992286,1045,633,13142,20188,29013,18842,4669,9107,48618,38355,0,0,2422,547,4356,3351,18472,4561,4531,0,0,28751,29096,397,3335,0,0,0,0,0
839,1383,840.0654644927523,99819,1966,1192,135,44,68234,36927,1.0535168655266032,1029,632,13173,20195,29055,18874,4641,9062,48628,38364,1,1,2387,538,4341,3364,18557,4624,4533,0,0,28797,28965,394,3318,0,1,0,0,0
840,1383,841.0038688621763,99819,1923,1171,135,44,68468,37065,1.0572436109357939,1009,643,13202,20219,29119,18915,4611,9007,48638,38373,2,2,2364,533,4317,3382,18639,4703,4517,0,0,28840,28826,389,3306,0,1,1,0,1
841,1383,842.2533521440185,99819,1889,1188,135,44,68776,37260,1.0622827317444574,977,635,13228,20219,29194,18976,4576,8937,48648,38382,3,3,2343,529,4283,3394,18763,4786,4498,0,0,28888,28659,380,3291,0,2,2,0,1
842,1383,843.1889086876521,99818,1866,1158,136,44,69017,37388,1.0659901019856137,959,638,13263,20231,29245,19031,4530,8897,48658,38391,4,4,2318,526,4266,3405,18872,4848,4485,0,0,28912,28531,379,3270,0,3,2,0,1
843,1383,844.1235418027809,99817,1824,1156,137,44,69243,37525,1.069637436508811,940,617,13287,20272,29308,19049,4503,8861,48667,38400,6,5,2290,521,4253,3408,18988,4899,4483,0,0,28951,28396,375,3245,0,4,2,0,2
844,1383,845.0571287813534,99817,1815,1149,137,44,69460,37673,1.0732941282547062,938,604,13322,20260,29323,19125,4464,8817,48676,38409,9,6,2274,511,4234,3417,19093,4960,4470,0,0,28968,28284,372,3223,0,5,2,0,4
845,1383,846.3009962224869,99817,1768,1114,137,44,69737,37850,1.0778424516865865,915,568,13358,20298,29409,19206,4412,8769,48685,38418,13,7,2254,503,4215,3426,19223,5045,4456,0,0,29007,28102,369,3203,0,5,3,0,6
846,1383,847.2325780507136,99816,1758,1106,138,44,69965,37991,1.0815500520958563,890,536,13372,20314,29457,19266,4384,8733,48694,38427,18,8,2226,496,4197,3432,19317,5098,4453,0,0,29052,27973,365,3188,0,6,5,0,8
847,1383,848.1633311535774,99816,1738,1120,138,44,70184,38120,1.085036467099463,884,535,13393,20319,29494,19279,4352,8702,48703,38436,25,9,2201,493,4176,3426,19404,5153,4455,0,0,29088,27854,362,3177,0,8,5,0,14
848,1383,849.0931471077366,99816,1680,1102,138,44,70392,38250,1.0884226977638856,857,522,13435,20339,29553,19328,4336,8664,48712,38445,33,10,2170,489,4152,3439,19499,5214,4448,0,0,29130,27718,360,3165,0,10,5,0,17
849,1383,850.0220258783396,99816,1644,1085,138,44,70588,38383,1.0917187625230425,817,494,13464,20368,29621,19372,4315,8636,48721,38454,43,11,2145,481,4135,3444,19595,5268,4449,0,0,29165,27586,356,3151,0,13,6,0,22
850,1383,851.2594833728739,99816,1626,1061,138,44,70833,38539,1.0957361545243247,798,477,13505,20422,29652,19403,4280,8592,48730,38462,55,12,2116,475,4111,3459,19668,5345,4445,0,0,29223,27432,352,3138,0,21,6,0,25
851,1383,852.1871251642378,99815,1589,1029,139,44,71017,38656,1.0987627110153784,781,449,13552,20460,29690,19446,4248,8571,48739,38470,69,13,2097,469,4090,3467,19761,5402,4432,0,0,29245,27314,350,3124,1,26,6,0,31
852,1383,853.1145635520389,99815,1519,994,139,44,71172,38757,1.1013274557932176,762,462,13594,20471,29749,19494,4236,8534,48748,38478,85,14,2083,465,4075,3468,19859,5455,4415,0,0,29272,27186,348,3110,2,30,6,0,41
853,1383,854.0413471651156,99815,1501,983,139,44,71356,38876,1.104363071682613,727,452,13659,20486,29761,19526,4212,8508,48757,38486,104,15,2076,463,4065,3474,19906,5529,4400,0,0,29305,27064,343,3095,4,36,6,0,49
854,1383,855.2771038029343,99815,1433,950,139,44,71553,39005,1.1076291138606422,753,459,13702,20525,29794,19568,4178,8453,48766,38494,125,17,2058,457,4037,3466,19999,5604,4391,0,0,29358,26905,342,3082,5,42,7,0,62
855,1383,856.2037258073026,99815,1405,908,139,44,71714,39113,1.1103240995842307,743,449,13755,20551,29798,19607,4159,8440,48775,38502,149,19,2037,452,4021,3467,20074,5658,4384,0,0,29391,26779,342,3073,5,48,7,0,77
856,1383,857.1308443905737,99813,1366,900,140,45,71856,39223,1.1128710688988408,738,441,13817,20572,29797,19613,4141,8428,48784,38510,176,21,2021,450,4009,3469,20134,5713,4373,0,0,29404,26676,340,3064,5,61,9,0,85
857,1383,858.058571781952,99813,1375,889,140,45,72056,39324,1.1158867081442296,676,432,13876,20581,29817,19625,4115,8427,48793,38518,206,23,2006,449,4000,3473,20224,5757,4362,0,0,29395,26569,336,3055,7,74,10,0,96
858,1383,859.2952556952536,99813,1326,871,140,45,72268,39445,1.119222946910723,653,442,13931,20609,29871,19623,4078,8409,48802,38526,239,26,1982,446,3976,3478,20311,5816,4353,0,0,29446,26411,330,3048,7,83,11,0,115
859,1383,860.222429944999,99813,1301,865,140,45,72403,39553,1.12165749952411,676,435,13966,20629,29848,19629,4068,8396,48810,38534,276,29,1965,441,3960,3491,20375,5859,4343,0,0,29451,26314,326,3041,7,101,13,0,126
860,1383,861.1502162750814,99813,1291,859,140,45,72553,39653,1.1241621832827386,653,426,14027,20659,29834,19624,4054,8386,48818,38542,317,32,1950,435,3940,3499,20432,5911,4336,0,0,29453,26220,324,3033,9,118,16,0,137
861,1383,862.0788747959907,99813,1249,883,140,45,72698,39768,1.1267670543917125,656,414,14108,20681,29816,19599,4030,8377,48826,38550,361,36,1934,430,3923,3503,20491,5969,4328,0,0,29438,26130,321,3026,10,134,21,0,155
862,1383,863.0084338685912,99813,1205,858,140,45,72840,39852,1.1290312885095128,653,420,14148,20696,29844,19607,4009,8373,48834,38558,409,40,1915,427,3907,3505,20560,6018,4320,0,0,29448,26023,318,3008,13,157,22,0,172
863,1383,864.2476694160384,99813,1208,826,140,45,73054,39983,1.1324877520964203,626,403,14204,20728,29833,19627,3988,8370,48842,38566,462,45,1899,425,3888,3514,20651,6080,4308,0,0,29461,25876,312,2987,17,176,26,0,193
864,1383,865.1778413260059,99813,1189,827,140,45,73191,40087,1.1349022672397384,617,403,14259,20737,29818,19611,3976,8376,48850,38574,519,50,1886,421,3871,3513,20733,6122,4301,0,0,29442,25776,310,2974,19,198,29,0,218
865,1383,866.108795182311,99812,1177,826,140,46,73339,40194,1.1374684406684568,601,383,14311,20748,29804,19607,3966,8389,48858,38582,580,56,1873,418,3853,3517,20799,6176,4297,0,0,29417,25673,307,2963,21,222,32,0,244
866,1383,867.0405381994126,99812,1182,775,140,46,73489,40269,1.1397226786358354,589,394,14354,20743,29783,19636,3951,8405,48866,38589,646,62,1863,416,3839,3514,20854,6232,4287,0,0,29425,25551,306,2947,24,247,33,0,274
867,1383,868.2842866979967,99812,1168,763,140,46,73683,40400,1.1429788001442713,581,394,14399,20753,29777,19635,3934,8408,48874,38596,716,69,1850,415,3823,3518,20915,6313,4282,0,0,29408,25408,303,2936,28,275,35,0,303
868,1383,869.2176438699489,99812,1130,729,140,46,73810,40486,1.145112812086723,577,371,14450,20788,29781,19624,3921,8441,48882,38603,791,77,1844,413,3813,3522,20960,6371,4263,0,0,29436,25266,301,2918,33,303,36,0,333
869,1383,870.1515946360781,99812,1116,726,140,46,73956,40575,1.1474672384082074,552,349,14506,20793,29776,19611,3909,8474,48890,38610,871,86,1834,411,3799,3525,20985,6436,4250,0,0,29425,25155,299,2911,34,338,41,0,369
870,1383,871.0864190254819,99812,1099,705,140,46,74081,40662,1.1495912315152486,564,334,14549,20812,29748,19600,3899,8502,48898,38617,956,95,1826,408,3787,3524,21019,6499,4237,0,0,29411,25051,297,2892,38,381,47,0,395
871,1383,872.0223568897877,99812,1099,672,140,46,74211,40739,1.151665130445237,563,344,14580,20823,29720,19584,3897,8530,48906,38624,1046,105,1814,407,3774,3527,21080,6539,4223,0,0,29396,24932,295,2874,45,418,49,0,439
872,1383,873.2718782488595,99810,1058,652,142,46,74371,40838,1.1542831379621281,558,348,14645,20839,29707,19544,3889,8570,48914,38631,1142,116,1796,407,3756,3532,21136,6612,4214,0,0,29382,24786,294,2861,49,447,53,0,485
873,1383,874.209872613451,99810,1049,664,142,46,74507,40922,1.1564873259192465,543,328,14698,20843,29689,19483,3878,8635,48922,38638,1243,128,1787,404,3736,3535,21169,6669,4201,0,0,29351,24695,292,2847,54,488,58,0,524
874,1383,875.1488792470706,99810,1013,669,142,46,74621,41008,1.1584911331529908,552,319,14761,20843,29664,19430,3867,8692,48930,38645,1349,141,1773,403,3724,3527,21235,6723,4198,0,0,29302,24590,291,2828,57,528,62,0,569
875,1383,876.0889808754526,99810,1026,663,142,46,74742,41091,1.1605350165314097,562,302,14823,20831,29582,19402,3864,8755,48938,38652,1461,155,1761,402,3709,3528,21250,6783,4190,0,0,29295,24466,291,2822,58,560,68,0,627
876,1383,877.0311087757472,99808,1010,647,144,46,74885,41168,1.1627625040076948,533,307,14899,20822,29553,19355,3860,8822,48946,38659,1578,170,1741,401,3691,3531,21280,6853,4189,0,0,29255,24350,287,2817,62,604,72,0,675
877,1383,878.289441334491,99807,1008,639,144,47,75066,41264,1.165549510555372,497,302,14975,20838,29530,19297,3845,8876,48954,38666,1701,186,1732,397,3681,3541,21337,6914,4167,0,0,29224,24213,285,2793,70,660,75,0,718
878,1383,879.2344518022065,99807,971,631,144,47,75175,41330,1.167302894586552,495,298,15031,20838,29506,19225,3852,8960,48961,38673,1829,203,1722,394,3665,3544,21356,6982,4156,0,0,29183,24108,282,2779,76,715,82,0,763
879,1383,880.1807762081302,99807,958,603,144,47,75284,41402,1.1691163946416585,504,297,15082,20836,29455,19191,3856,9025,48968,38680,1963,221,1706,392,3650,3549,21364,7053,4148,0,0,29165,23987,281,2765,85,758,89,0,815
880,1383,881.1288633236604,99807,939,597,144,47,75377,41474,1.1707695852996283,513,284,15132,20827,29421,19134,3850,9110,48975,38687,2103,241,1693,391,3633,3545,21379,7116,4144,0,0,29125,23875,281,2753,91,811,97,0,873
881,1383,882.0783644635204,99807,930,571,144,47,75505,41541,1.172723356077229,495,288,15182,20788,29396,19113,3852,9192,48982,38694,2248,262,1678,388,3608,3539,21405,7182,4144,0,0,29095,23740,280,2741,95,861,112,0,939
882,1383,883.0293344473359,99807,916,552,144,47,75609,41599,1.1743464887232358,486,282,15246,20788,29347,19029,3860,9301,48989,38701,2399,284,1662,388,3595,3533,21414,7253,4147,0,0,29035,23638,279,2725,107,928,116,0,987
883,1383,884.299418948153,99807,897,568,144,47,75751,41707,1.1768513230534932,459,246,15326,20797,29316,18955,3857,9386,48996,38708,2556,308,1653,385,3577,3534,21436,7331,4132,0,0,29002,23498,277,2706,118,983,123,0,1052
884,1383,885.2537313369241,99807,890,578,144,47,75856,41786,1.1786948811205626,439,223,15386,20791,29280,18880,3860,9480,49003,38714,2718,333,1645,382,3559,3525,21450,7398,4124,0,0,28950,23392,277,2688,126,1044,135,0,1112
885,1383,886.2095363819872,99806,900,564,145,47,75975,41843,1.1804701120173136,405,221,15444,20796,29232,18795,3873,9576,49010,38720,2886,360,1634,381,3549,3520,21454,7468,4120,0,0,28886,23272,276,2676,133,1113,142,0,1182
886,1383,887.167182219782,99806,880,533,145,47,76079,41889,1.181973027673687,400,229,15499,20777,29188,18723,3887,9690,49017,38726,3059,388,1630,381,3533,3510,21470,7544,4110,0,0,28817,23144,275,2662,140,1180,153,0,1257
887,1383,888.1265965263304,99806,880,511,145,47,76190,41936,1.1835560988317335,385,242,15538,20751,29142,18631,3909,9817,49024,38732,3238,418,1620,378,3517,3508,21445,7632,4102,0,0,28769,23027,275,2650,146,1249,165,0,1323
888,1383,889.0878628028916,99806,862,497,145,47,76291,41997,1.185179247740617,377,231,15572,20725,29119,18552,3924,9947,49031,38738,3422,450,1612,374,3488,3510,21438,7710,4098,0,0,28729,22887,272,2638,153,1313,183,0,1401
889,1383,890.0504940736156,99806,834,483,145,47,76390,42056,1.1867623188986633,369,234,15639,20694,29076,18460,3936,10081,49038,38744,3612,484,1596,374,3469,3514,21431,7798,4096,0,0,28662,22761,271,2621,162,1383,193,0,1475
890,1383,891.0146622298229,99806,796,477,145,47,76461,42111,1.188024768050017,385,228,15687,20668,29026,18365,3960,10214,49045,38750,3807,519,1584,371,3447,3516,21429,7870,4092,0,0,28597,22635,270,2607,169,1464,203,0,1552
891,1383,892.3034399144989,99806,789,459,145,47,76585,42181,1.1899685389655932,386,232,15761,20643,28958,18274,3960,10344,49052,38756,4007,556,1578,371,3427,3519,21443,7948,4077,0,0,28530,22486,267,2590,176,1545,213,0,1636
892,1383,893.2720655440776,99806,770,452,145,47,76680,42228,1.1913912991202933,386,228,15803,20627,28911,18154,3984,10491,49059,38762,4212,595,1572,371,3407,3521,21422,8039,4066,0,0,28444,22367,266,2575,184,1633,223,0,1716
893,1383,894.2426558410644,99806,753,452,145,47,76770,42293,1.1929443119652126,371,216,15850,20611,28872,18049,4008,10624,49066,38768,4422,636,1565,369,3394,3517,21418,8116,4059,0,0,28355,22239,264,2556,199,1722,231,0,1802
894,1383,895.215199239414,99806,744,451,145,47,76856,42353,1.1944071498707494,381,200,15899,20601,28796,17941,4034,10759,49073,38774,4637,679,1552,368,3370,3522,21423,8177,4048,0,0,28278,22112,264,2539,208,1810,247,0,1888
895,1383,896.190285737489,99806,738,442,145,47,76946,42402,1.1957998517123218,379,187,15951,20565,28716,17839,4070,10919,49080,38780,4856,724,1542,366,3356,3518,21403,8268,4044,0,0,28183,21990,263,2527,214,1902,254,0,1976
896,1383,897.1681970458086,99806,751,414,145,47,77051,42435,1.1971825341161855,366,191,16012,20551,28633,17722,4092,11074,49087,38786,5080,772,1531,366,3331,3515,21395,8331,4035,0,0,28113,21846,263,2513,222,2007,273,0,2065
897,1383,898.1492538671991,99806,715,408,145,47,77115,42475,1.1982245556379376,387,192,16078,20538,28545,17589,4129,11225,49094,38792,5308,822,1525,363,3315,3513,21362,8424,4027,0,0,28008,21737,261,2504,228,2111,286,0,2142
898,1383,899.1332333575754,99806,709,389,145,47,77212,42514,1.1995871991663827,360,211,16147,20505,28471,17471,4167,11376,49101,38798,5541,874,1518,361,3303,3508,21343,8512,4023,0,0,27903,21604,257,2488,237,2221,294,0,2234
899,1383,900.1203026326967,99806,700,386,145,47,77263,42547,1.2004288319339518,374,240,16178,20544,28446,17454,4156,11328,49101,38798,5541,874,1515,361,3302,3508,21356,8531,4024,0,0,27912,21567,257,2487,237,2221,294,0,2234
900,1383,900.1203026326967,99806,699,396,145,47,77299,42574,1.2010600565096288,374,231,16180,20464,28401,17347,4200,11514,49101,38798,5778,928,1514,360,3282,3510,21309,8598,4021,1,12,27792,21472,257,2482,242,2327,310,1,2316
901,1383,901.1096487294951,99806,703,391,145,47,77387,42628,1.2024828166643289,384,233,16243,20417,28300,17252,4224,11659,49101,38798,6018,985,1511,360,3259,3508,21284,8686,4017,4,46,27650,21335,256,2467,253,2423,327,2,2418
902,1383,902.1021004357664,99806,702,388,145,47,77489,42685,1.2040759072600846,391,255,16299,20362,28209,17139,4253,11808,49101,38798,6262,1044,1509,360,3238,3508,21255,8787,4013,6,79,27504,21197,254,2447,265,2518,341,2,2523
903,1383,903.0977959019764,99806,703,385,145,47,77586,42746,1.205658978418131,390,256,16347,20304,28129,17031,4285,11976,49101,38798,6510,1105,1504,357,3215,3507,21232,8875,4009,11,119,27357,21044,253,2434,276,2621,354,4,2634
904,1383,904.096341802034,99806,691,388,145,47,77679,42805,1.207181932949923,399,258,16405,20241,28042,16923,4317,12142,49101,38798,6761,1169,1502,357,3183,3511,21211,8972,3999,13,156,27202,20903,253,2427,278,2723,374,5,2737
905,1383,905.0979186663096,99806,691,387,145,47,77777,42861,1.208724926357133,394,263,16470,20194,27944,16805,4355,12303,49101,38798,7015,1235,1500,357,3168,3510,21177,9073,3991,15,189,27035,20774,252,2407,292,2843,385,9,2829
906,1383,906.1030198518459,99806,708,399,145,47,77872,42930,1.2103681141414344,409,259,16500,20155,27835,16667,4402,12472,49101,38798,7272,1304,1496,355,3153,3514,21107,9188,3985,19,231,26893,20642,252,2394,301,2952,396,10,2918
907,1383,907.1116290714892,99806,724,393,145,47,77990,42983,1.2120814379897,405,265,16532,20110,27758,16551,4435,12633,49101,38798,7532,1376,1493,355,3136,3515,21061,9294,3978,22,278,26746,20489,251,2378,314,3056,406,13,3021
908,1383,908.1229037954106,99806,717,415,145,47,78090,43053,1.2137847424002566,412,252,16560,20070,27673,16415,4492,12800,49101,38798,7794,1450,1491,353,3120,3520,21018,9403,3965,24,315,26601,20342,249,2364,324,3159,414,16,3128
909,1383,909.1373909125901,99806,723,415,145,47,78203,43108,1.2154680079353946,406,258,16612,20014,27576,16300,4537,12965,49101,38798,8059,1527,1484,352,3107,3518,20985,9500,3962,31,346,26426,20198,249,2343,338,3285,425,23,3234
910,1383,910.1553303330115,99806,711,429,145,47,78302,43177,1.2171512734705328,429,252,16644,19946,27490,16193,4580,13132,49101,38798,8326,1607,1482,351,3084,3525,20959,9601,3952,33,387,26252,20050,246,2326,351,3405,438,25,3339
911,1383,911.1761178885661,99805,730,435,146,47,78416,43236,1.2188968488552678,425,254,16665,19895,27401,16062,4632,13306,49101,38798,8595,1689,1476,347,3061,3530,20913,9700,3947,39,426,26091,19908,245,2312,360,3525,458,30,3437
912,1383,912.2001679103865,99805,758,457,146,47,78540,43311,1.2208907369370272,424,252,16706,19819,27288,15931,4677,13493,49101,38798,8865,1774,1471,346,3045,3527,20874,9803,3939,44,467,25922,19761,243,2301,367,3654,469,32,3540
913,1383,913.2275274360163,99805,745,464,146,47,78648,43386,1.222724312409198,424,252,16737,19741,27216,15830,4731,13665,49101,38798,9137,1862,1466,346,3028,3532,20842,9921,3928,49,511,25741,19599,241,2284,378,3771,478,35,3655
914,1383,914.257938050835,99805,742,463,146,47,78752,43460,1.2245077901908723,423,240,16748,19675,27154,15733,4786,13841,49101,38798,9410,1953,1463,345,2998,3536,20830,10018,3917,52,551,25564,19439,240,2258,396,3889,499,42,3768
915,1383,915.29097230175,99805,746,444,146,47,78868,43509,1.2261610139772556,430,245,16780,19631,27045,15629,4852,14003,49101,38798,9684,2046,1459,345,2972,3532,20814,10122,3910,56,589,25377,19284,239,2243,405,4014,519,42,3883
916,1383,916.3277994954278,99805,753,429,146,47,78978,43560,1.227774159611242,419,264,16797,19577,26969,15510,4915,14172,49101,38798,9959,2142,1451,345,2949,3528,20770,10236,3904,64,630,25204,19126,239,2235,410,4137,535,52,3990
917,1383,917.0208055792217,99804,749,450,147,47,79041,43614,1.2289587591679692,441,250,16808,19492,26875,15398,4979,14362,49101,38798,10235,2241,1443,345,2915,3534,20722,10332,3896,72,642,25047,19016,238,2210,430,4262,560,56,4084
918,1383,918.0637718144756,99804,750,472,147,47,79159,43681,1.2308123922888863,462,251,16807,19432,26787,15258,5046,14539,49101,38798,10512,2343,1433,343,2892,3535,20672,10446,3890,82,679,24864,18868,237,2197,437,4398,580,60,4191
919,1383,919.1103619125541,99804,770,442,147,47,79262,43738,1.2324155344475172,497,270,16834,19359,26649,15177,5102,14704,49101,38798,10789,2448,1430,343,2872,3540,20615,10574,3882,85,721,24688,18716,235,2178,450,4521,593,68,4293
920,1383,920.161306608533,99804,762,437,147,47,79380,43804,1.2342591479299427,513,279,16865,19327,26545,15045,5167,14864,49101,38798,11066,2555,1427,342,2851,3533,20572,10702,3873,88,767,24491,18569,235,2162,464,4658,608,82,4380
921,1383,921.2159707190998,99804,778,439,147,47,79515,43878,1.2363532523746543,505,279,16869,19278,26466,14926,5234,15030,49101,38798,11343,2665,1420,341,2828,3536,20525,10831,3863,95,801,24320,18399,234,2144,470,4777,625,88,4507
922,1383,922.2740192736065,99803,812,439,148,47,79664,43956,1.2386401210384457,502,271,16877,19212,26358,14840,5302,15190,49101,38798,11620,2778,1414,338,2810,3544,20485,10948,3854,101,844,24122,18229,233,2127,483,4909,640,99,4623
923,1383,923.3359612202026,99803,799,448,148,47,79791,44018,1.240533851687825,495,283,16891,19183,26285,14698,5381,15340,49101,38798,11897,2894,1407,336,2789,3545,20415,11086,3846,108,893,23929,18076,233,2114,492,5055,653,108,4718
924,1383,924.0456116614121,99803,799,445,148,47,79862,44071,1.24177629930964,499,273,16883,19078,26198,14615,5472,15541,49101,38798,12173,3013,1402,333,2777,3550,20356,11198,3844,113,913,23752,17924,232,2099,502,5189,663,117,4839
925,1383,925.1140301525319,99802,785,450,149,47,79995,44161,1.2440231658684195,465,261,16916,19033,26131,14532,5553,15676,49101,38798,12449,3134,1399,332,2752,3544,20315,11344,3834,116,973,23582,17740,231,2081,512,5297,673,122,4955
926,1383,926.1862080067863,99802,816,440,149,47,80131,44227,1.2460471734033387,437,256,16928,18980,26026,14443,5643,15833,49101,38798,12724,3258,1393,332,2735,3546,20258,11481,3825,122,1009,23401,17583,231,2060,527,5418,684,127,5070
927,1383,927.2623310663803,99802,803,437,149,47,80252,44301,1.2480010420632852,432,262,16952,18921,25936,14345,5727,15987,49101,38798,12998,3385,1385,329,2713,3552,20194,11625,3812,130,1060,23224,17417,231,2038,542,5537,701,135,5177
928,1383,928.3423132727718,99801,801,439,150,47,80378,44379,1.25005761465316,417,242,16963,18872,25866,14260,5802,16139,49101,38798,13271,3515,1380,328,2684,3552,20179,11730,3801,135,1094,23026,17251,230,2016,556,5677,719,152,5291
929,1383,929.0642207855959,99801,787,430,150,47,80445,44416,1.251099688379876,436,259,16958,18790,25766,14153,5902,16320,49101,38798,13543,3647,1380,328,2662,3551,20105,11856,3794,135,1125,22854,17099,230,2009,559,5815,735,160,5404
930,1383,930.1516055179516,99801,792,427,150,47,80564,44487,1.253003476919069,436,250,16972,18730,25661,14063,5988,16482,49101,38798,13814,3782,1374,326,2646,3554,20042,11993,3781,141,1156,22684,16934,230,1992,568,5937,746,176,5521
931,1383,931.2435529160517,99801,806,428,150,47,80690,44553,1.2549273053376218,435,266,16997,18681,25539,13941,6072,16636,49101,38798,14083,3920,1367,326,2623,3558,19966,12140,3767,148,1191,22517,16783,230,1978,577,6060,761,188,5621
932,1383,932.3397959119811,99801,781,442,150,47,80800,44629,1.256791014118095,444,272,17003,18627,25453,13816,6168,16795,49101,38798,14350,4060,1365,325,2605,3561,19892,12291,3761,149,1220,22333,16636,227,1963,586,6188,774,205,5720
933,1383,933.0728098235577,99801,780,453,150,47,80877,44678,1.2580535265177704,473,278,16975,18531,25350,13718,6271,16972,49101,38798,14616,4203,1363,324,2589,3557,19834,12400,3757,151,1241,22163,16489,226,1950,596,6323,788,216,5834
934,1383,934.1772493506842,99801,784,458,150,47,81013,44761,1.2602478933076824,464,271,16981,18453,25243,13651,6377,17119,49101,38798,14880,4348,1358,322,2567,3554,19788,12543,3753,156,1271,21963,16340,225,1934,605,6456,801,227,5938
935,1383,935.2863356347916,99801,783,464,150,47,81132,44838,1.262211801484955,473,274,16981,18445,25136,13534,6476,17235,49101,38798,15142,4496,1355,319,2547,3564,19709,12692,3742,158,1310,21792,16181,225,1916,619,6577,814,238,6043
936,1383,936.028425785184,99801,803,463,150,47,81231,44881,1.2636346329195098,457,266,16961,18405,25032,13414,6596,17404,49101,38798,15402,4646,1352,319,2531,3562,19644,12806,3737,161,1325,21621,16049,225,1896,634,6716,828,253,6142
937,1383,937.1468201439669,99801,805,466,150,47,81358,44951,1.2656085610364625,458,252,16950,18374,24943,13301,6693,17559,49101,38798,15660,4798,1349,316,2510,3558,19592,12953,3731,164,1347,21425,15912,225,1877,644,6848,841,271,6238
938,1383,938.2694655428307,99801,800,431,150,47,81482,45009,1.267432190058216,468,265,16942,18291,24846,13249,6793,17716,49101,38798,15916,4952,1344,316,2496,3555,19545,13095,3723,169,1396,21214,15752,225,1855,659,6985,853,290,6329
939,1383,939.0201258640435,99801,781,446,150,47,81558,45057,1.2686746625785312,481,258,16907,18235,24786,13134,6894,17879,49101,38798,16169,5109,1340,314,2476,3555,19474,13227,3718,173,1405,21032,15628,225,1841,670,7120,870,302,6431
940,1383,940.150126419613,99800,789,455,150,48,81686,45130,1.2707014028056112,471,256,16890,18192,24684,13023,7015,18025,49101,38798,16420,5268,1338,313,2459,3566,19396,13372,3704,175,1435,20848,15486,225,1821,686,7258,877,321,6520
941,1383,941.2843784333503,99800,793,456,150,48,81807,45207,1.272685370741483,462,240,16901,18130,24575,12949,7118,18176,49101,38798,16669,5429,1333,312,2441,3563,19327,13517,3697,180,1471,20676,15317,225,1806,693,7376,893,336,6637
942,1383,942.043395243915,99800,799,477,150,48,81881,45266,1.2740180360721443,466,228,16900,18078,24452,12845,7232,18323,49101,38798,16915,5592,1331,310,2420,3564,19257,13629,3692,182,1485,20522,15176,225,1794,701,7504,909,350,6749
943,1383,943.1883154192479,99800,808,462,150,48,82025,45335,1.2761523046092185,458,214,16889,18064,24347,12787,7347,18424,49101,38798,17159,5757,1322,309,2394,3564,19198,13777,3683,191,1513,20343,15024,224,1778,709,7623,927,379,6842
944,1383,944.3384948891298,99800,805,456,150,48,82152,45399,1.278066132264529,454,219,16901,18025,24233,12708,7456,18543,49101,38798,17400,5924,1316,309,2373,3570,19137,13923,3668,197,1543,20179,14877,222,1759,724,7726,940,398,6939
945,1383,945.1082573037166,99800,779,466,150,48,82226,45452,1.2793386773547095,455,213,16880,17975,24156,12622,7579,18675,49101,38798,17638,6092,1312,309,2351,3572,19072,14045,3662,200,1566,20000,14753,221,1743,736,7865,956,412,7025
946,1383,946.2678879950934,99800,794,467,150,48,82354,45525,1.2813527054108216,447,211,16889,17932,24025,12537,7694,18804,49101,38798,17874,6262,1308,307,2332,3579,18974,14208,3653,204,1603,19827,14619,221,1728,747,7988,969,430,7103
947,1383,947.0442152714957,99800,796,457,150,48,82451,45566,1.2827354709418837,441,223,16864,17865,23933,12458,7815,18948,49101,38798,18107,6434,1305,303,2321,3579,18885,14354,3644,205,1609,19687,14494,221,1710,760,8094,977,454,7198
948,1383,948.2146342519429,99800,793,464,150,48,82588,45636,1.284809619238477,441,227,16856,17834,23827,12371,7932,19055,49101,38798,18337,6607,1302,301,2297,3578,18819,14501,3638,208,1646,19510,14347,219,1688,778,8215,993,467,7293
949,1383,949.3900372750466,99800,788,439,150,48,82698,45703,1.2865831663326652,456,230,16830,17842,23730,12295,8045,19145,49101,38798,18564,6782,1293,300,2277,3577,18760,14648,3631,217,1679,19342,14213,217,1668,789,8324,1009,490,7366
950,1383,950.1761082696751,99800,801,433,150,48,82797,45749,1.2880360721442885,445,227,16790,17791,23629,12226,8184,19274,49101,38798,18789,6958,1289,300,2259,3567,18688,14776,3628,221,1703,19184,14079,216,1658,796,8452,1021,505,7458
951,1383,951.3613361554769,99800,817,442,150,48,82936,45820,1.2901402805611222,442,222,16784,17761,23512,12147,8294,19379,49101,38798,19011,7135,1283,300,2242,3564,18607,14938,3623,227,1728,19006,13955,215,1645,802,8572,1033,524,7536
952,1383,952.154848210677,99800,806,405,150,48,83021,45853,1.2913226452905813,448,243,16765,17718,23400,12080,8430,19505,49101,38798,19230,7313,1280,300,2221,3563,18519,15096,3616,229,1750,18856,13840,213,1629,814,8674,1049,544,7607
953,1383,953.351295476335,99799,813,400,150,49,83158,45922,1.293399733464263,454,242,16767,17699,23279,11995,8536,19614,49101,38798,19446,7492,1277,299,2204,3562,18431,15257,3609,232,1779,18685,13713,213,1615,826,8798,1057,571,7671
954,1383,954.1523404452558,99799,810,390,150,49,83245,45961,1.2946622711650417,435,264,16742,17646,23183,11910,8679,19740,49101,38798,19659,7672,1274,298,2179,3562,18353,15394,3600,234,1797,18540,13596,213,1600,838,8908,1075,585,7753
955,1383,955.3606229372851,99799,814,399,150,49,83386,46031,1.2967765208068218,416,262,16755,17624,23069,11828,8795,19837,49101,38798,19869,7853,1271,295,2166,3570,18291,15528,3585,237,1831,18369,13448,213,1589,845,9032,1081,610,7838
956,1383,956.1692925316038,99799,818,409,150,49,83482,46083,1.2982595015982124,417,268,16726,17562,22955,11756,8933,19955,49101,38798,20076,8035,1265,295,2145,3579,18209,15649,3572,243,1843,18236,13310,212,1576,855,9142,1096,633,7939
957,1383,957.3889016391909,99799,805,413,150,49,83608,46159,1.300283569975651,432,271,16737,17546,22838,11682,9037,20038,49101,38798,20280,8218,1259,294,2121,3581,18160,15793,3561,249,1864,18050,13187,211,1563,861,9266,1109,657,8013
958,1383,958.2053056509338,99799,798,434,150,49,83684,46220,1.3016563292217358,438,257,16703,17510,22754,11602,9156,20147,49101,38798,20482,8402,1256,292,2105,3576,18083,15929,3557,252,1869,17908,13068,211,1546,875,9373,1118,679,8102
959,1383,959.0252741300031,99799,787,441,150,49,83787,46277,1.3032595516989147,412,252,16682,17477,22673,11545,9295,20235,49101,38798,20681,8586,1252,291,2093,3575,17990,16087,3549,255,1874,17765,12950,211,1539,880,9475,1125,707,8181
960,1383,960.2613422825054,99799,762,441,150,49,83896,46357,1.3051533582500827,426,259,16678,17511,22561,11469,9422,20270,49101,38798,20877,8771,1251,289,2076,3583,17918,16246,3535,256,1909,17603,12811,211,1522,891,9570,1139,726,8263
961,1383,961.0886912608097,99799,765,443,150,49,83985,46420,1.3066764196034029,439,243,16636,17463,22451,11421,9558,20380,49101,38798,21070,8956,1249,289,2055,3583,17827,16405,3530,258,1919,17447,12713,210,1505,904,9678,1151,749,8327
962,1383,962.336671525103,99799,792,450,150,49,84131,46499,1.308930951211936,422,235,16657,17477,22309,11350,9669,20438,49101,38798,21260,9141,1245,288,2042,3585,17772,16552,3521,261,1925,17290,12601,209,1488,913,9770,1160,780,8397
963,1383,963.1727714885112,99799,781,454,150,49,84208,46545,1.3101634284912675,439,245,16638,17438,22199,11286,9792,20527,49101,38798,21447,9327,1242,287,2025,3586,17671,16699,3518,264,1941,17163,12494,208,1478,920,9864,1174,796,8469
964,1383,964.0129836008904,99799,768,473,150,49,84294,46613,1.3117065301255524,455,225,16613,17417,22085,11209,9928,20626,49101,38798,21631,9513,1238,285,2015,3587,17579,16850,3512,268,1948,17028,12390,206,1470,925,9958,1182,824,8534
965,1383,965.2808908689686,99799,740,459,150,49,84428,46679,1.3137105582220263,470,235,16603,17402,22001,11164,10035,20690,49101,38798,21812,9699,1232,283,1994,3591,17509,17011,3495,274,1977,16868,12270,206,1453,935,10058,1196,854,8593
966,1383,966.1292618485837,99799,741,464,150,49,84530,46738,1.3153238008396877,462,217,16577,17385,21906,11102,10163,20782,49101,38798,21991,9885,1229,280,1974,3588,17443,17146,3490,277,2000,16728,12159,205,1434,946,10156,1210,868,8666
967,1383,967.4082524849315,99799,742,460,150,49,84675,46799,1.317387949779056,442,235,16584,17392,21800,11035,10281,20828,49101,38798,22167,10071,1228,278,1957,3592,17384,17297,3475,277,2024,16575,12039,203,1422,953,10252,1219,886,8738
968,1383,968.2640975896119,99799,759,455,150,49,84774,46846,1.3188508902894818,422,236,16559,17358,21693,10983,10416,20918,49101,38798,22340,10256,1221,277,1939,3593,17280,17447,3472,284,2049,16450,11937,201,1412,961,10346,1232,900,8798
969,1383,969.1244731487253,99799,744,448,150,49,84861,46893,1.3201935891141194,417,238,16549,17335,21589,10941,10550,20988,49101,38798,22510,10441,1215,275,1928,3595,17194,17594,3463,290,2063,16310,11834,201,1404,966,10444,1240,921,8862
970,1383,970.4226604232124,99799,745,433,150,49,84990,46973,1.3222877984749346,410,236,16567,17368,21475,10913,10652,21000,49101,38798,22678,10626,1208,275,1913,3598,17125,17758,3454,295,2086,16156,11730,199,1384,978,10528,1252,950,8910
971,1383,971.2919690421497,99799,740,430,150,49,85071,47029,1.3236605577210192,426,229,16554,17350,21348,10873,10781,21068,49101,38798,22843,10810,1202,274,1894,3597,17037,17905,3450,301,2096,16037,11628,199,1367,991,10604,1268,967,8982
972,1383,972.166490630711,99799,725,428,150,49,85156,47082,1.3250433371075863,423,229,16542,17329,21243,10831,10916,21133,49101,38798,23005,10994,1194,272,1875,3589,16964,18048,3443,309,2102,15907,11529,199,1356,994,10700,1279,983,9056
973,1383,973.0455408350889,99798,740,420,150,50,85248,47139,1.3265496302531112,416,216,16549,17322,21125,10789,11019,21202,49101,38798,23165,11177,1192,271,1855,3591,16880,18190,3437,311,2109,15765,11452,199,1341,1005,10803,1292,1009,9096
974,1383,974.372238138947,99798,740,410,150,50,85390,47212,1.3287039820437283,389,206,16549,17349,21054,10755,11117,21229,49101,38798,23322,11360,1185,270,1840,3589,16805,18357,3425,318,2135,15635,11335,199,1329,1014,10871,1300,1033,9158
975,1383,975.2597731345546,99798,739,417,150,50,85486,47269,1.3302370788993767,367,188,16538,17335,20970,10720,11235,21289,49101,38798,23476,11542,1182,269,1824,3592,16728,18493,3417,319,2145,15503,11248,198,1316,1023,10963,1314,1053,9211
976,1383,976.151078970063,99798,721,393,150,50,85552,47308,1.3312892041924689,374,196,16527,17344,20866,10665,11361,21351,49101,38798,23628,11723,1179,269,1810,3599,16638,18638,3404,322,2156,15380,11162,197,1308,1028,11052,1320,1082,9254
977,1383,977.0465341759439,99798,710,398,150,50,85621,47365,1.3325517545441792,378,184,16495,17348,20777,10614,11489,21405,49101,38798,23777,11903,1178,268,1794,3598,16579,18746,3396,323,2169,15248,11068,197,1292,1041,11154,1333,1099,9315
978,1383,978.3972561140115,99797,717,386,151,50,85763,47425,1.3345892161087007,346,192,16526,17371,20694,10561,11565,21439,49101,38798,23924,12082,1174,267,1780,3610,16491,18917,3378,326,2198,15122,10965,196,1282,1046,11219,1342,1115,9369
979,1383,979.3009898961609,99797,699,376,151,50,85837,47468,1.3357615960399611,359,196,16500,17402,20601,10514,11689,21461,49101,38798,24068,12260,1170,267,1756,3608,16423,19049,3372,330,2208,15000,10879,196,1275,1051,11295,1360,1134,9424
980,1383,980.2087857474377,99797,688,388,151,50,85910,47525,1.3370642404080284,365,195,16486,17421,20498,10454,11811,21491,49101,38798,24210,12437,1167,267,1739,3610,16362,19179,3365,332,2212,14881,10791,195,1262,1057,11371,1371,1149,9487
981,1383,981.1212322803243,99797,674,377,151,50,85993,47570,1.3383468440935098,345,195,16479,17403,20414,10424,11936,21550,49101,38798,24349,12613,1167,264,1722,3606,16288,19321,3359,332,2226,14776,10701,195,1250,1066,11432,1386,1170,9536
982,1383,982.0377576020916,99797,667,360,151,50,86065,47609,1.3394591019770132,360,201,16456,17412,20310,10364,12055,21612,49101,38798,24486,12788,1166,264,1705,3603,16249,19427,3357,331,2232,14656,10611,195,1236,1074,11506,1397,1193,9595
983,1383,983.4209771609635,99797,670,365,151,50,86202,47682,1.3415633736485064,339,187,16506,17457,20206,10314,12127,21626,49101,38798,24621,12962,1165,264,1696,3597,16199,19573,3349,331,2230,14527,10523,195,1223,1082,11571,1399,1227,9646
984,1383,984.3469688405221,99797,656,368,151,50,86278,47724,1.3427457739210598,324,200,16496,17450,20117,10261,12255,21670,49101,38798,24753,13135,1162,263,1682,3601,16114,19707,3339,333,2235,14424,10444,195,1213,1092,11640,1407,1246,9700
985,1383,985.2776734213289,99797,638,369,151,50,86350,47776,1.34398829624137,337,191,16498,17467,20005,10228,12370,21694,49101,38798,24883,13307,1159,263,1674,3606,16044,19826,3329,336,2244,14309,10352,194,1205,1099,11722,1411,1277,9747
986,1383,986.2130862794614,99797,647,366,151,50,86421,47820,1.3451406354900448,323,188,16491,17490,19888,10177,12499,21728,49101,38798,25011,13477,1158,263,1661,3607,15964,19954,3324,337,2237,14213,10292,192,1197,1106,11787,1417,1303,9785
987,1383,987.1541739408099,99797,639,360,151,50,86504,47874,1.3465134222471618,326,176,16477,17489,19803,10162,12603,21762,49101,38798,25137,13646,1154,263,1650,3607,15895,20077,3318,340,2251,14093,10209,191,1190,1111,11869,1426,1325,9828
988,1383,988.1001742686748,99797,641,352,151,50,86586,47912,1.3477158632023007,326,173,16483,17528,19697,10115,12701,21781,49101,38798,25261,13814,1151,262,1635,3606,15794,20227,3313,343,2264,14003,10135,191,1180,1121,11926,1436,1340,9870
989,1383,989.0507593711571,99797,637,331,151,50,86668,47950,1.3489183041574395,333,174,16488,17573,19596,10074,12794,21797,49101,38798,25382,13980,1149,261,1623,3606,15724,20353,3309,345,2275,13895,10064,191,1173,1127,11990,1445,1368,9899
990,1383,990.0066218043795,99797,630,320,151,50,86757,47984,1.350150806136457,307,180,16503,17592,19526,10036,12882,21821,49101,38798,25501,14145,1148,261,1617,3614,15656,20478,3296,346,2282,13787,9984,189,1161,1133,12057,1448,1390,9950
991,1383,991.4473528787614,99797,632,317,151,50,86876,48056,1.3520646913233865,275,171,16535,17648,19439,10011,12967,21802,49101,38798,25618,14308,1146,261,1607,3617,15609,20605,3284,347,2289,13664,9897,188,1152,1140,12123,1456,1428,9984
992,1383,992.411652635266,99797,605,309,151,50,86940,48091,1.353056705111376,281,179,16534,17678,19371,9972,13057,21811,49101,38798,25733,14470,1145,261,1593,3615,15537,20730,3280,348,2295,13554,9830,188,1143,1145,12196,1468,1452,10017
993,1383,993.3799157466185,99797,580,309,151,50,87008,48137,1.354199024018758,280,183,16568,17697,19255,9931,13165,21829,49101,38798,25846,14630,1142,260,1584,3607,15464,20862,3277,350,2301,13451,9762,188,1137,1147,12261,1476,1478,10050
994,1383,994.3536478124279,99796,569,307,151,51,87086,48190,1.35552527155397,255,163,16566,17728,19187,9900,13271,21850,49101,38798,25957,14789,1140,259,1577,3608,15402,20990,3267,352,2310,13335,9701,187,1128,1153,12332,1480,1496,10079
995,1383,995.3314998320795,99796,560,304,151,51,87154,48232,1.3566275201410878,260,165,16555,17721,19101,9889,13372,21869,49101,38798,26066,14946,1140,258,1563,3615,15338,21099,3256,352,2314,13250,9621,185,1122,1159,12388,1488,1521,10127
996,1383,996.3140044081891,99796,540,288,151,51,87215,48255,1.3574692372439776,262,172,16561,17739,19014,9861,13471,21888,49101,38798,26173,15102,1138,258,1549,3620,15260,21213,3249,353,2320,13163,9550,184,1112,1166,12455,1499,1539,10168
997,1383,997.301362379253,99796,523,299,151,51,87284,48307,1.3586817106898073,251,146,16560,17758,18955,9826,13559,21919,49101,38798,26279,15256,1134,257,1538,3628,15185,21332,3238,357,2317,13087,9481,183,1108,1168,12506,1505,1557,10215
998,1383,998.2923342684223,99796,514,281,151,51,87338,48337,1.359523427792697,267,148,16553,17788,18860,9808,13654,21923,49101,38798,26383,15408,1132,256,1521,3630,15141,21421,3234,358,2315,12987,9431,182,1095,1175,12577,1519,1584,10238
999,1383,999.2878027267369,99796,497,279,151,51,87401,48377,1.3605555332879073,268,140,16564,17819,18783,9774,13736,21936,49101,38798,26485,15559,1131,255,1511,3638,15082,21529,3225,355,2324,12889,9368,182,1086,1181,12637,1528,1597,10278
1000,1383,1000.2881428028421,99796,512,282,151,51,87477,48414,1.3616878432001283,253,151,16569,17858,18694,9729,13820,21928,49101,38798,26585,15708,1130,255,1501,3640,15026,21634,3218,356,2319,12800,9315,181,1080,1183,12694,1535,1615,10314
1001,1383,1001.2930580555446,99796,512,273,151,51,87537,48449,1.36263978516173,259,151,16566,17882,18579,9690,13932,21952,49101,38798,26683,15855,1129,255,1494,3638,14952,21743,3214,356,2327,12732,9241,181,1071,1188,12745,1538,1635,10357
1002,1383,1002.3037704220275,99796,500,279,151,51,87604,48493,1.3637520541905488,255,137,16567,17933,18507,9645,14019,21954,49101,38798,26780,16001,1127,255,1480,3640,14889,21857,3209,358,2331,12644,9183,180,1065,1191,12794,1548,1651,10394
1003,1383,1003.3193027970723,99796,502,291,151,51,87671,48539,1.3648843641027697,253,145,16582,17962,18412,9607,14099,21943,49101,38798,26875,16145,1125,254,1472,3639,14815,21973,3205,360,2333,12574,9128,179,1058,1195,12835,1554,1666,10431
1004,1383,1004.3396521878365,99796,500,304,151,51,87732,48582,1.365926490039681,258,151,16600,18002,18308,9563,14182,21928,49101,38798,26968,16287,1122,250,1456,3640,14770,22054,3201,363,2325,12487,9081,179,1051,1200,12904,1564,1687,10462
1005,1383,1005.3654843354772,99796,505,295,151,51,87802,48618,1.3669886568599945,269,160,16606,18055,18224,9532,14244,21906,49101,38798,27060,16428,1118,250,1442,3645,14727,22133,3195,366,2330,12394,9015,179,1042,1209,12970,1574,1710,10497
1006,1383,1006.3961063239012,99796,508,287,151,51,87867,48662,1.3680808850054111,266,155,16618,18093,18139,9515,14317,21898,49101,38798,27150,16567,1118,249,1433,3649,14673,22234,3187,365,2329,12303,8969,179,1038,1211,13031,1581,1730,10517
1007,1383,1007.4314732325362,99796,510,271,151,51,87940,48699,1.3691831335925289,254,150,16652,18150,18057,9484,14375,21893,49101,38798,27238,16704,1114,249,1427,3649,14628,22335,3181,368,2331,12211,8916,179,1029,1215,13085,1585,1752,10542
1008,1383,1008.4718798180816,99796,511,271,151,51,88015,48739,1.370335484388152,246,139,16682,18195,17969,9453,14440,21890,49101,38798,27325,16840,1111,249,1421,3643,14577,22423,3178,371,2344,12133,8842,179,1020,1220,13143,1588,1773,10581
1009,1383,1009.5175511180978,99796,522,274,151,51,88091,48782,1.3715279169505792,246,137,16687,18228,17886,9429,14507,21880,49101,38798,27410,16974,1110,247,1413,3646,14517,22517,3173,372,2344,12075,8791,178,1008,1227,13182,1594,1801,10601
1010,1383,1010.0417439903764,99796,531,288,151,51,88134,48812,1.3722594091947573,233,122,16670,18227,17809,9395,14605,21916,49101,38798,27494,17106,1109,246,1408,3647,14466,22589,3171,372,2332,12011,8748,178,1000,1233,13232,1598,1823,10633
1011,1383,1011.0966820325256,99796,508,281,151,51,88203,48840,1.3732313920397612,226,135,16679,18279,17762,9349,14673,21904,49101,38798,27576,17236,1104,245,1398,3646,14401,22697,3165,376,2334,11947,8695,178,995,1237,13273,1603,1849,10653
1012,1383,1012.1553203235294,99796,489,278,151,51,88265,48879,1.374243456651569,222,131,16718,18360,17693,9319,14726,21860,49101,38798,27657,17365,1097,245,1390,3647,14354,22790,3159,383,2343,11870,8644,178,987,1241,13321,1608,1862,10677
1013,1383,1013.2182040733857,99796,481,266,151,51,88333,48915,1.3752855825884804,212,128,16747,18424,17629,9291,14779,21839,49101,38798,27737,17492,1096,245,1380,3643,14310,22889,3154,382,2343,11793,8596,178,981,1243,13365,1615,1890,10693
1014,1383,1014.2851774474368,99796,481,254,151,51,88391,48945,1.3761673814581747,225,153,16779,18472,17537,9258,14826,21811,49101,38798,27815,17617,1095,244,1370,3648,14256,22987,3146,383,2351,11735,8536,177,979,1245,13392,1621,1905,10726
1015,1383,1015.3571630542857,99796,468,254,151,51,88456,48984,1.377209507395086,232,161,16814,18502,17457,9231,14877,21800,49101,38798,27892,17741,1093,242,1360,3654,14213,23078,3141,384,2350,11657,8488,176,969,1250,13439,1625,1930,10747
1016,1383,1016.4342393915435,99796,456,265,151,51,88509,49034,1.3782416128902961,249,149,16877,18557,17350,9206,14916,21771,49101,38798,27968,17863,1091,242,1353,3660,14162,23170,3133,385,2353,11604,8438,175,963,1250,13468,1627,1947,10775
1017,1383,1017.5176435440771,99795,448,250,152,51,88573,49070,1.3792574778295505,242,150,16910,18604,17283,9197,14964,21747,49101,38798,28042,17983,1089,241,1343,3663,14132,23253,3127,387,2353,11524,8389,175,958,1251,13512,1634,1970,10794
1018,1383,1018.0609469996473,99795,459,248,152,51,88614,49090,1.3798687308983415,231,149,16909,18584,17211,9188,15037,21779,49101,38798,28115,18102,1088,241,1336,3667,14080,23323,3122,387,2351,11464,8340,175,950,1258,13560,1638,1985,10830
1019,1383,1019.1536708571134,99795,464,240,152,51,88683,49130,1.3809609699884764,227,135,16945,18677,17137,9165,15074,21731,49101,38798,28187,18219,1087,241,1331,3661,14042,23415,3118,388,2347,11397,8293,175,946,1257,13597,1641,2004,10855
1020,1383,1020.2513908732049,99795,461,241,152,51,88752,49176,1.382113332331279,225,127,16984,18724,17057,9142,15120,21714,49101,38798,28257,18334,1084,239,1323,3668,13977,23515,3110,391,2359,11334,8248,174,941,1261,13635,1647,2019,10870
1021,1383,1021.3543327677861,99794,456,223,153,51,88810,49205,1.3829989778944627,217,139,17012,18776,16990,9124,15171,21686,49101,38798,28326,18448,1079,237,1316,3670,13920,23615,3103,396,2360,11276,8207,174,938,1262,13666,1652,2036,10887
1022,1383,1022.4610888030684,99793,438,223,154,51,88861,49250,1.38397482789374,228,130,17064,18843,16918,9107,15197,21645,49101,38798,28394,18560,1077,235,1309,3671,13892,23683,3096,398,2365,11211,8162,174,930,1267,13707,1657,2060,10899
1023,1383,1023.0140332894575,99793,425,213,154,51,88890,49261,1.3843756576112554,223,130,17053,18860,16871,9084,15273,21661,49101,38798,28461,18670,1075,234,1300,3671,13841,23757,3093,400,2363,11162,8113,174,928,1269,13746,1661,2073,10933
1024,1383,1024.1195521288753,99793,427,222,154,51,88963,49302,1.3855180223061738,207,112,17090,18932,16815,9054,15306,21628,49101,38798,28527,18779,1074,233,1296,3672,13787,23847,3087,401,2363,11097,8069,174,927,1269,13788,1663,2091,10955
1025,1383,1025.2230984691178,99793,428,216,154,51,89026,49331,1.3864399306564588,203,123,17151,18992,16727,9025,15336,21592,49101,38798,28592,18886,1070,231,1290,3673,13751,23923,3082,405,2364,11029,8037,174,916,1276,13832,1666,2107,10967
1026,1383,1026.3233723854355,99793,417,222,154,51,89085,49363,1.387351818263806,205,120,17188,19050,16667,8979,15368,21577,49101,38798,28656,18992,1069,228,1285,3679,13709,24005,3078,405,2367,10963,8001,174,912,1278,13868,1667,2121,10984
1027,1383,1027.4206550413119,99793,412,218,154,51,89137,49391,1.3881534776988367,210,121,17238,19131,16593,8935,15392,21543,49101,38798,28718,19096,1066,228,1281,3682,13661,24088,3073,408,2368,10916,7962,174,903,1283,13889,1671,2139,11001
1028,1383,1028.515086801899,99793,422,215,154,51,89200,49424,1.3891154690208731,201,113,17289,19194,16523,8917,15410,21509,49101,38798,28779,19198,1061,228,1278,3689,13627,24154,3065,412,2369,10856,7922,174,896,1289,13925,1672,2157,11019
1029,1383,1029.060559707995,99793,416,209,154,51,89229,49437,1.3895363402242642,200,119,17296,19205,16463,8893,15470,21522,49101,38798,28839,19299,1061,228,1275,3688,13573,24227,3061,410,2364,10809,7896,174,894,1291,13964,1673,2167,11038
1030,1383,1030.1516967556233,99793,398,201,154,51,89273,49464,1.3902478129728537,204,126,17340,19270,16405,8859,15498,21492,49101,38798,28898,19398,1059,227,1269,3694,13529,24310,3053,412,2365,10753,7862,174,887,1296,13991,1679,2184,11049
1031,1383,1031.2399497313422,99793,391,203,154,51,89334,49494,1.391159700580201,197,117,17389,19350,16348,8824,15520,21454,49101,38798,28956,19496,1059,227,1264,3695,13484,24398,3048,409,2367,10705,7826,174,883,1298,14011,1681,2196,11068
1032,1383,1032.3253758806936,99793,391,190,154,51,89382,49518,1.3918811940717284,202,119,17416,19411,16285,8807,15551,21421,49101,38798,29013,19592,1058,227,1259,3691,13454,24471,3047,410,2369,10641,7788,174,881,1300,14045,1683,2206,11089
1033,1383,1033.4085251374736,99793,364,193,154,51,89435,49549,1.3927229364785105,195,111,17468,19484,16247,8780,15571,21380,49101,38798,29069,19687,1058,226,1253,3694,13426,24551,3038,410,2368,10581,7749,174,879,1300,14070,1686,2220,11110
1034,1383,1034.489715969946,99793,353,191,154,51,89485,49577,1.3935045544276652,188,114,17501,19548,16204,8748,15599,21347,49101,38798,29124,19780,1055,224,1250,3699,13380,24636,3032,411,2367,10531,7720,173,872,1305,14091,1689,2236,11122
1035,1383,1035.0293574483271,99792,359,196,155,51,89514,49596,1.393999518999519,172,111,17507,19556,16147,8728,15659,21357,49101,38798,29178,19872,1054,224,1241,3700,13339,24691,3031,412,2361,10491,7691,173,872,1304,14121,1697,2250,11140
1036,1383,1036.1084897440774,99792,354,191,155,51,89557,49621,1.394680936347603,183,111,17564,19624,16073,8697,15670,21325,49101,38798,29232,19963,1051,223,1238,3701,13296,24772,3027,415,2360,10436,7662,173,868,1306,14150,1699,2257,11158
1037,1383,1037.1845673778832,99792,346,191,155,51,89605,49648,1.3954324995991663,188,105,17620,19673,16003,8671,15687,21308,49101,38798,29285,20052,1049,223,1237,3697,13260,24844,3022,417,2362,10386,7629,172,863,1310,14179,1699,2266,11177
1038,1383,1038.257218709768,99792,344,187,155,51,89654,49672,1.3961640211640212,187,109,17672,19737,15933,8653,15708,21262,49101,38798,29337,20140,1047,223,1234,3698,13223,24912,3019,419,2361,10341,7594,171,857,1313,14200,1702,2283,11195
1039,1383,1039.3263293507723,99792,342,184,155,51,89707,49703,1.397005772005772,196,103,17719,19794,15872,8638,15715,21229,49101,38798,29388,20226,1045,222,1229,3697,13202,24972,3014,421,2345,10295,7562,171,854,1315,14222,1703,2309,11214
1040,1383,1040.3929003457617,99792,342,172,155,51,89761,49732,1.3978375020041687,180,101,17778,19839,15808,8629,15736,21207,49101,38798,29438,20311,1042,222,1221,3696,13172,25041,3011,423,2346,10248,7532,171,852,1315,14244,1707,2328,11221
1041,1383,1041.4561942303696,99792,347,163,155,51,89828,49750,1.3986892736892738,159,111,17837,19893,15747,8606,15754,21175,49101,38798,29487,20395,1038,222,1212,3700,13150,25097,3005,426,2346,10198,7496,169,849,1316,14272,1715,2340,11241
1042,1383,1042.5162308496997,99792,314,166,155,51,89862,49778,1.3993105659772327,169,104,17897,19974,15702,8573,15762,21131,49101,38798,29535,20477,1034,222,1207,3705,13119,25161,2998,429,2343,10148,7463,169,849,1315,14298,1718,2354,11260
1043,1383,1043.0448580255725,99792,313,151,155,51,89882,49789,1.3996212121212122,173,104,17902,19987,15657,8566,15799,21140,49101,38798,29583,20558,1032,222,1204,3705,13083,25217,2995,431,2340,10105,7433,169,849,1315,14328,1720,2363,11281
1044,1383,1044.1010420175521,99792,310,155,155,51,89926,49814,1.4003126503126504,168,103,17942,20050,15598,8540,15826,21100,49101,38798,29630,20638,1031,221,1198,3705,13054,25272,2992,432,2332,10061,7411,169,846,1317,14354,1724,2387,11286
1045,1383,1045.1549104215521,99792,302,154,155,51,89964,49842,1.400974025974026,164,90,18007,20122,15543,8522,15828,21060,49101,38798,29676,20717,1031,221,1197,3706,13017,25341,2989,431,2334,10014,7378,169,845,1317,14377,1722,2401,11302
1046,1383,1046.205638020043,99792,305,158,155,51,90007,49869,1.4016754850088184,159,87,18053,20191,15482,8499,15845,21013,49101,38798,29721,20794,1031,221,1192,3709,12991,25399,2985,430,2341,9963,7348,169,841,1318,14405,1725,2405,11319
1047,1383,1047.2535308116042,99791,299,156,156,51,90050,49892,1.4023509134090248,161,84,18110,20244,15426,8483,15847,20981,49101,38798,29766,20870,1031,221,1187,3708,12961,25462,2981,430,2342,9923,7317,169,836,1321,14424,1729,2416,11333
1048,1383,1048.2978539686048,99791,293,158,156,51,90091,49915,1.4029922538104638,152,74,18168,20306,15374,8461,15856,20949,49101,38798,29810,20945,1028,221,1183,3703,12926,25526,2977,432,2340,9884,7301,169,833,1321,14451,1730,2427,11339
1049,1383,1049.339152486647,99791,295,144,156,51,90135,49928,1.4035634476054955,150,82,18223,20413,15322,8435,15853,20874,49101,38798,29853,21019,1027,221,1178,3701,12896,25583,2972,433,2338,9850,7276,169,829,1325,14470,1732,2444,11347
1050,1383,1050.3775756062946,99791,288,139,156,51,90170,49946,1.4040945576254371,155,73,18263,20485,15272,8413,15865,20838,49101,38798,29896,21092,1027,221,1171,3698,12855,25648,2970,433,2334,9815,7258,169,825,1328,14487,1739,2459,11354
1051,1383,1051.4136124363745,99791,287,131,156,51,90212,49965,1.4047058351955588,143,74,18324,20553,15221,8389,15868,20801,49101,38798,29938,21163,1025,221,1163,3700,12822,25709,2966,435,2331,9784,7230,169,819,1331,14499,1746,2476,11365
1052,1383,1052.4463970477627,99791,293,138,156,51,90252,49988,1.4053371546532252,149,63,18383,20615,15152,8366,15866,20766,49101,38798,29979,21233,1023,221,1157,3697,12802,25749,2965,436,2334,9753,7194,168,817,1332,14519,1752,2484,11388
1053,1383,1053.4758499060022,99791,287,141,156,51,90283,50005,1.4058181599543045,149,69,18448,20681,15096,8333,15863,20724,49101,38798,30019,21302,1022,220,1151,3697,12780,25793,2962,437,2329,9728,7171,168,811,1338,14532,1757,2494,11401
1054,1383,1054.5019133757153,99791,273,138,156,51,90307,50020,1.4062089767614314,157,75,18499,20741,15041,8308,15873,20686,49101,38798,30059,21370,1022,220,1143,3699,12754,25843,2956,437,2326,9695,7152,168,809,1340,14555,1760,2501,11411
1055,1383,1055.0137477730486,99791,273,131,156,51,90323,50030,1.406469521299516,156,73,18514,20756,14995,8305,15905,20683,49101,38798,30098,21437,1022,220,1137,3700,12719,25894,2954,437,2320,9668,7137,168,808,1341,14574,1764,2508,11420
1056,1383,1056.0362263560908,99791,267,122,156,51,90365,50043,1.4070206732070025,150,74,18555,20818,14957,8297,15914,20637,49101,38798,30137,21503,1021,220,1136,3696,12710,25940,2952,437,2316,9628,7107,168,806,1342,14592,1764,2518,11438
1057,1383,1057.0562922546994,99791,258,121,156,51,90395,50061,1.4075016785080818,157,69,18620,20858,14893,8285,15915,20615,49101,38798,30175,21568,1021,219,1134,3698,12677,25992,2949,437,2314,9589,7085,167,803,1343,14621,1765,2526,11451
1058,1383,1058.073175729737,99791,255,115,156,51,90429,50072,1.4079526209778437,154,75,18663,20918,14842,8258,15929,20582,49101,38798,30212,21632,1020,219,1128,3694,12651,26043,2947,438,2316,9558,7060,167,802,1342,14638,1769,2534,11465
1059,1383,1059.0876398537196,99790,241,126,156,52,90467,50095,1.408578013829041,154,77,18718,20986,14802,8223,15928,20535,49101,38798,30249,21695,1018,218,1123,3693,12634,26083,2942,440,2315,9525,7027,167,800,1343,14662,1771,2544,11485
1060,1383,1060.0990614603254,99790,249,127,156,52,90511,50112,1.4091892975248022,151,82,18758,21047,14757,8207,15928,20484,49101,38798,30285,21757,1015,218,1118,3694,12607,26134,2938,443,2309,9499,7005,167,796,1345,14674,1773,2554,11501
1061,1383,1061.1083943128856,99790,243,129,156,52,90544,50136,1.409760497043792,146,77,18800,21096,14725,8193,15929,20452,49101,38798,30321,21818,1012,218,1115,3693,12585,26182,2934,445,2308,9470,6980,167,793,1347,14686,1776,2566,11513
1062,1383,1062.1154259962095,99790,242,128,156,52,90575,50155,1.4102615492534323,144,74,18848,21143,14678,8180,15931,20422,49101,38798,30356,21878,1010,218,1113,3692,12556,26231,2933,446,2306,9441,6956,167,792,1348,14699,1777,2581,11524
1063,1383,1063.1202034585774,99790,244,137,156,52,90612,50175,1.4108327487724222,138,64,18903,21219,14624,8153,15934,20374,49101,38798,30391,21937,1010,218,1111,3691,12527,26276,2930,446,2301,9417,6932,167,791,1349,14716,1778,2596,11534
1064,1383,1064.1221861764861,99790,245,136,156,52,90650,50194,1.411403948291412,122,64,18962,21276,14580,8143,15934,20328,49101,38798,30425,21995,1009,218,1102,3692,12516,26320,2927,446,2300,9385,6913,167,786,1353,14729,1780,2602,11545
1065,1383,1065.1211379280905,99790,244,132,156,52,90690,50212,1.4119851688545946,100,70,19035,21332,14527,8130,15937,20283,49101,38798,30458,22052,1007,217,1100,3690,12499,26364,2927,448,2302,9352,6887,167,783,1353,14746,1781,2614,11553
1066,1383,1066.11655409582,99790,233,123,156,52,90715,50224,1.4123559474897285,99,74,19086,21433,14491,8096,15934,20221,49101,38798,30491,22108,1006,217,1097,3685,12478,26411,2926,449,2302,9326,6861,167,783,1353,14757,1780,2626,11566
1067,1383,1067.109496333986,99790,220,117,156,52,90739,50237,1.4127267261248622,96,79,19156,21495,14440,8076,15931,20180,49101,38798,30523,22163,1006,217,1092,3689,12468,26444,2918,448,2301,9295,6845,167,778,1357,14777,1785,2634,11569
1068,1383,1068.0991447689496,99790,216,120,156,52,90763,50258,1.4131776731135384,98,85,19208,21559,14395,8043,15926,20140,49101,38798,30555,22217,1005,217,1091,3686,12446,26485,2918,449,2299,9262,6831,167,776,1359,14795,1786,2644,11574
1069,1383,1069.0860960695566,99790,204,120,156,52,90784,50280,1.413608578013829,98,79,19282,21606,14326,8033,15933,20109,49101,38798,30586,22270,1004,217,1090,3682,12427,26529,2915,450,2302,9234,6812,167,772,1363,14811,1786,2647,11582
1070,1383,1070.0694721548098,99790,205,119,156,52,90818,50297,1.4141196512676621,94,72,19348,21656,14265,8028,15931,20072,49101,38798,30617,22322,1002,216,1085,3686,12404,26573,2910,452,2304,9210,6789,167,770,1365,14817,1790,2655,11595
1071,1383,1071.0495723208517,99790,201,112,156,52,90835,50312,1.4144403246818318,106,70,19406,21714,14213,8010,15917,20041,49101,38798,30648,22374,1001,216,1084,3687,12385,26610,2907,453,2300,9184,6774,167,766,1368,14833,1790,2662,11603
1072,1383,1072.026313954737,99790,204,108,156,52,90856,50327,1.4148010822727728,102,63,19473,21792,14157,7989,15907,19995,49101,38798,30678,22425,1001,216,1080,3687,12367,26642,2903,453,2301,9161,6755,167,763,1371,14848,1793,2668,11614
1073,1383,1073.0000247382989,99790,206,106,156,52,90887,50340,1.4152420082172563,94,60,19520,21852,14108,7969,15915,19960,49101,38798,30708,22475,1001,216,1078,3688,12345,26680,2902,453,2298,9135,6740,167,761,1373,14862,1794,2678,11619
1074,1383,1074.4555128918696,99790,199,110,156,52,90921,50363,1.4158132077362462,96,59,19626,21984,14051,7938,15871,19856,49101,38798,30737,22524,1001,216,1075,3691,12320,26727,2899,453,2299,9108,6720,167,759,1374,14870,1796,2691,11624
1075,1383,1075.4215304723493,99790,198,106,156,52,90947,50375,1.4161940074155728,91,61,19696,22058,14001,7911,15857,19811,49101,38798,30766,22572,1000,216,1073,3690,12292,26777,2898,453,2300,9086,6703,167,758,1374,14878,1796,2697,11632
1076,1383,1076.3847246548667,99790,195,102,156,52,90969,50390,1.4165647860507065,104,65,19745,22109,13949,7890,15850,19781,49101,38798,30794,22620,1000,215,1069,3687,12278,26815,2896,453,2301,9056,6684,167,756,1374,14896,1799,2699,11645
1077,1383,1077.3449599390826,99790,201,107,156,52,90987,50407,1.4169155225974546,113,59,19801,22165,13886,7867,15842,19749,49101,38798,30822,22667,1000,215,1065,3688,12258,26841,2895,453,2298,9034,6670,167,751,1379,14913,1802,2711,11650
1078,1383,1078.3021906047181,99790,200,97,156,52,91010,50418,1.41725623810001,113,64,19852,22217,13846,7866,15832,19703,49101,38798,30849,22713,999,214,1061,3691,12243,26876,2890,453,2295,9011,6652,167,750,1379,14927,1804,2717,11661
1079,1383,1079.2570796262983,99790,205,99,156,52,91047,50433,1.4177773323980358,101,64,19919,22272,13803,7848,15815,19664,49101,38798,30876,22758,997,214,1057,3692,12220,26913,2887,455,2293,8988,6637,167,750,1379,14942,1805,2728,11666
1080,1383,1080.2092101971032,99790,193,99,156,52,91072,50451,1.4182082372983265,103,55,19979,22329,13764,7829,15804,19635,49101,38798,30903,22803,995,212,1051,3693,12211,26945,2883,457,2291,8962,6625,167,749,1380,14956,1807,2739,11667
1081,1383,1081.1584488743345,99790,188,101,156,52,91090,50462,1.4184988475799178,106,62,20033,22393,13713,7803,15803,19588,49101,38798,30929,22847,993,211,1048,3693,12196,26971,2883,458,2287,8940,6612,167,745,1384,14969,1810,2748,11675
1082,1383,1082.1050328395675,99790,193,95,156,52,91113,50474,1.418849584126666,107,69,20098,22464,13663,7785,15782,19534,49101,38798,30955,22890,993,211,1045,3691,12179,27007,2882,458,2287,8916,6600,166,741,1387,14984,1810,2753,11680
1083,1383,1083.0488053500992,99790,185,100,156,52,91128,50488,1.4191401944082573,108,69,20164,22540,13625,7747,15761,19491,49101,38798,30980,22932,990,211,1041,3690,12159,27044,2882,461,2282,8894,6587,166,740,1388,14994,1812,2757,11692
1084,1383,1084.4585972723312,99790,188,90,156,52,91169,50508,1.4197514781040184,92,63,20272,22625,13579,7734,15712,19435,49101,38798,31005,22974,988,209,1039,3693,12141,27083,2876,463,2285,8874,6565,166,739,1389,15001,1812,2772,11695
1085,1383,1085.394245168171,99790,194,93,156,52,91195,50518,1.4201122356949594,90,59,20325,22708,13532,7711,15702,19376,49101,38798,31030,23015,987,209,1037,3690,12132,27102,2875,464,2280,8857,6551,166,738,1390,15016,1812,2780,11704
1086,1383,1086.327105688978,99790,192,100,156,52,91215,50539,1.4205230985068644,91,54,20388,22770,13487,7689,15685,19334,49101,38798,31054,23055,987,209,1036,3691,12113,27136,2873,463,2285,8839,6532,166,736,1388,15027,1812,2784,11713
1087,1383,1087.2574345074463,99790,182,100,156,52,91232,50552,1.4208237298326485,94,56,20459,22857,13440,7659,15668,19275,49101,38798,31078,23095,986,209,1035,3692,12091,27173,2870,464,2278,8826,6515,166,732,1389,15035,1813,2793,11723
1088,1383,1088.184770777985,99790,184,98,156,52,91252,50566,1.421164445335204,88,59,20518,22908,13394,7640,15659,19242,49101,38798,31102,23134,986,209,1033,3693,12080,27204,2869,463,2274,8809,6498,166,730,1390,15037,1815,2800,11734
1089,1383,1089.109284397837,99790,186,97,156,52,91275,50575,1.4214851187493738,82,59,20573,22978,13363,7617,15639,19196,49101,38798,31125,23173,986,208,1031,3694,12070,27228,2868,462,2272,8781,6486,166,730,1388,15056,1816,2809,11739
1090,1383,1090.0313128186067,99790,169,99,156,52,91285,50589,1.421725623810001,95,58,20623,23054,13330,7589,15626,19147,49101,38798,31148,23211,986,206,1027,3694,12059,27259,2867,462,2271,8766,6471,166,726,1392,15059,1817,2815,11747
1091,1383,1091.4102651010442,99790,178,94,156,52,91327,50610,1.4223569495941477,87,57,20731,23161,13275,7565,15572,19070,49101,38798,31171,23248,985,206,1026,3692,12045,27301,2863,463,2267,8749,6454,166,725,1392,15059,1818,2825,11754
1092,1383,1092.3252772670603,99790,169,90,156,52,91346,50619,1.4226375388315462,88,55,20770,23220,13248,7553,15568,19029,49101,38798,31193,23285,984,206,1025,3691,12032,27332,2860,464,2271,8732,6438,166,723,1393,15063,1819,2831,11760
1093,1383,1093.2384652216406,99790,172,98,156,52,91373,50636,1.4230784647760297,76,46,20843,23298,13216,7521,15536,18984,49101,38798,31215,23321,983,205,1023,3692,12019,27357,2858,464,2267,8717,6424,166,722,1394,15072,1820,2839,11768
1094,1383,1094.1489256301797,99790,167,95,156,52,91390,50647,1.4233590540134282,76,49,20909,23353,13170,7504,15521,18946,49101,38798,31237,23357,982,205,1017,3693,12006,27383,2855,465,2264,8699,6415,166,720,1394,15082,1825,2848,11771
