,indexID,time,N,Inf_L,Inf_H,Dead_L,Dead_H,cum_cases_L,cum_cases_H,cum_sum_per_N,Exposed_L,Exposed_H,Sus_L,Sus_H,Rec_nat_L,Rec_nat_H,Rec_vax_L,Rec_vax_H,vaccinatedH,vaccinatedL,boostedH,boostedL,count_Naive,count_Delta,count_Delta_vaccine,count_two,count_three,count_four,count_Omicron,count_Omicron_star,count_Omicron_star_vaccine,count_Omicron_vaccine,count_Vaccine,count_WT,count_WT_vaccine,count_WT_vaccine_boost,count_Omicron_vaccine_boost,count_Delta_vaccine_boost,count_Omicron_star_vaccine_boost,count_Vaccine_boost
0,3411,1.0355318964797544,99996,8,8,0,0,8,8,0.00016000640025601025,17,17,49973,49973,0,0,0,0,0,0,0,0,99996,0,0,0,0,0,0,0,0,0,0,0,0,0,0,0,0,0
1,3411,2.187567539078965,99996,10,10,0,0,15,14,0.0002900116004640186,14,12,49969,49972,5,4,0,0,0,0,0,0,99987,0,0,0,0,0,0,0,0,0,0,9,0,0,0,0,0,0
2,3411,3.0086534285912374,99995,13,12,0,1,19,18,0.00037001850092504624,12,8,49967,49972,6,5,0,0,0,0,0,0,99984,0,0,0,0,0,0,0,0,0,0,11,0,0,0,0,0,0
3,3411,4.067746268236855,99995,10,9,0,1,22,19,0.00041002050102505123,11,7,49965,49972,12,9,0,0,0,0,0,0,99974,0,0,0,0,0,0,0,0,0,0,21,0,0,0,0,0,0
4,3411,5.0440229370603955,99995,10,10,0,1,23,22,0.00045002250112505623,11,7,49964,49969,13,11,0,0,0,0,0,0,99971,0,0,0,0,0,0,0,0,0,0,24,0,0,0,0,0,0
5,3411,6.019525459881738,99995,10,12,0,1,26,24,0.0005000250012500625,11,5,49961,49969,16,11,0,0,0,0,0,0,99968,0,0,0,0,0,0,0,0,0,0,27,0,0,0,0,0,0
6,3411,7.053639193480228,99995,9,12,0,1,30,26,0.00056002800140007,8,5,49960,49967,21,13,0,0,0,0,0,0,99961,0,0,0,0,0,0,0,0,0,0,34,0,0,0,0,0,0
7,3411,8.147764733847383,99995,12,13,0,1,33,27,0.000600030001500075,6,6,49959,49965,21,13,0,0,0,0,0,0,99961,0,0,0,0,0,0,0,0,0,0,34,0,0,0,0,0,0
8,3411,9.005419018327618,99995,9,12,0,1,34,28,0.0006200310015500775,8,7,49956,49963,25,15,0,0,0,0,0,0,99955,0,0,0,0,0,0,0,0,0,0,40,0,0,0,0,0,0
9,3411,10.019784608785487,99995,9,11,0,1,35,31,0.0006600330016500825,10,5,49953,49962,26,19,0,0,0,0,0,0,99950,0,0,0,0,0,0,0,0,0,0,45,0,0,0,0,0,0
10,3411,11.153996371482759,99995,9,8,0,1,37,33,0.0007000350017500875,12,5,49949,49960,28,24,0,0,0,0,0,0,99943,0,0,0,0,0,0,0,0,0,0,52,0,0,0,0,0,0
11,3411,12.293558804827779,99995,10,8,0,1,39,34,0.0007300365018250912,11,5,49948,49959,29,25,0,0,0,0,0,0,99941,0,0,0,0,0,0,0,0,0,0,54,0,0,0,0,0,0
12,3411,13.054831698487991,99995,9,7,0,1,40,34,0.0007400370018500925,10,7,49948,49957,31,26,0,0,0,0,0,0,99938,0,0,0,0,0,0,0,0,0,0,57,0,0,0,0,0,0
13,3411,14.122840026101619,99995,6,6,0,1,41,36,0.0007700385019250962,10,6,49948,49956,34,29,0,0,0,0,0,0,99931,0,0,0,0,0,0,0,0,0,0,64,0,0,0,0,0,0
14,3411,15.086281769206591,99995,9,8,0,1,45,38,0.0008300415020751037,6,6,49948,49955,35,28,0,0,0,0,0,0,99930,0,0,0,0,0,0,0,0,0,0,65,0,0,0,0,0,0
15,3411,16.01962062259567,99995,6,6,0,1,46,38,0.000840042002100105,8,6,49945,49955,39,30,0,0,0,0,0,0,99924,0,0,0,0,0,0,0,0,0,0,71,0,0,0,0,0,0
16,3411,17.120699820082102,99995,7,5,0,1,48,38,0.0008600430021501075,8,7,49943,49954,40,31,0,0,0,0,0,0,99922,0,0,0,0,0,0,0,0,0,0,73,0,0,0,0,0,0
17,3411,18.113175600853577,99994,6,6,1,1,48,39,0.0008700522031321879,11,8,49940,49952,40,31,0,0,0,0,0,0,99921,0,0,0,0,0,0,0,0,0,0,73,0,0,0,0,0,0
18,3411,19.044768225718386,99994,7,5,1,1,50,39,0.0008900534032041923,11,9,49938,49951,41,32,0,0,0,0,0,0,99919,0,0,0,0,0,0,0,0,0,0,75,0,0,0,0,0,0
19,3411,20.227813092421528,99994,8,6,1,1,52,41,0.0009300558033482008,10,7,49937,49951,42,33,0,0,0,0,0,0,99917,0,0,0,0,0,0,0,0,0,0,77,0,0,0,0,0,0
20,3411,21.176850780211844,99994,11,7,1,1,56,43,0.000990059403564214,8,7,49935,49949,43,34,0,0,0,0,0,0,99915,0,0,0,0,0,0,0,0,0,0,79,0,0,0,0,0,0
21,3411,22.165141443306513,99994,11,6,1,1,57,44,0.0010100606036362182,7,6,49935,49949,44,36,0,0,0,0,0,0,99912,0,0,0,0,0,0,0,0,0,0,82,0,0,0,0,0,0
22,3411,23.17157125671315,99994,12,4,1,1,59,45,0.0010400624037442247,6,7,49934,49947,45,39,0,0,0,0,0,0,99908,0,0,0,0,0,0,0,0,0,0,86,0,0,0,0,0,0
23,3411,24.089485788478385,99994,11,7,1,1,60,49,0.0010900654039242355,8,4,49931,49946,47,40,0,0,0,0,0,0,99905,0,0,0,0,0,0,0,0,0,0,89,0,0,0,0,0,0
24,3411,25.214763728291494,99994,13,7,1,1,62,51,0.001130067804068244,10,2,49927,49946,47,42,0,0,0,0,0,0,99903,0,0,0,0,0,0,0,0,0,0,91,0,0,0,0,0,0
25,3411,26.194683725131284,99994,14,7,1,1,63,51,0.0011400684041042463,10,4,49926,49944,47,42,0,0,0,0,0,0,99903,0,0,0,0,0,0,0,0,0,0,91,0,0,0,0,0,0
26,3411,27.06545554723913,99994,14,7,1,1,65,52,0.0011700702042122526,11,3,49923,49944,49,43,0,0,0,0,0,0,99900,0,0,0,0,0,0,0,0,0,0,94,0,0,0,0,0,0
27,3411,28.26321602603506,99994,16,8,1,1,71,53,0.001240074404464268,8,3,49920,49944,53,42,0,0,0,0,0,0,99896,0,0,0,0,0,0,0,0,0,0,98,0,0,0,0,0,0
28,3411,29.09033172910604,99994,12,10,1,1,73,55,0.0012800768046082765,7,3,49919,49943,59,41,0,0,0,0,0,0,99890,0,0,0,0,0,0,0,0,0,0,104,0,0,0,0,0,0
29,3411,30.060703289856875,99994,13,10,1,1,75,57,0.001320079204752285,6,1,49918,49943,60,43,0,0,0,0,0,0,99887,0,0,0,0,0,0,0,0,0,0,107,0,0,0,0,0,0
30,3411,31.005585319060806,99994,16,9,1,1,78,57,0.0013500810048602916,7,3,49914,49941,60,44,0,0,0,0,0,0,99886,0,0,0,0,0,0,0,0,0,0,108,0,0,0,0,0,0
31,3411,32.17528098929271,99994,17,6,1,1,81,57,0.001380082804968298,7,3,49911,49941,62,47,0,0,0,0,0,0,99881,0,0,0,0,0,0,0,0,0,0,113,0,0,0,0,0,0
32,3411,33.160231799092045,99994,20,7,1,1,84,58,0.0014200852051123067,6,5,49910,49939,61,46,0,0,0,0,0,0,99881,0,0,0,0,0,0,0,0,0,0,113,0,0,0,0,0,0
33,3411,34.035671481926485,99993,18,10,2,1,88,61,0.0014901043073015112,9,3,49903,49938,66,46,0,0,0,0,0,0,99875,0,0,0,0,0,0,0,0,0,0,118,0,0,0,0,0,0
34,3411,35.033586357780536,99993,16,10,2,1,89,63,0.0015201064074485213,8,1,49903,49938,69,48,0,0,0,0,0,0,99870,0,0,0,0,0,0,0,0,0,0,123,0,0,0,0,0,0
35,3411,36.15209497623427,99993,18,11,2,1,93,64,0.0015701099076935385,9,1,49899,49937,70,48,0,0,0,0,0,0,99868,0,0,0,0,0,0,0,0,0,0,125,0,0,0,0,0,0
36,3411,37.04487595664492,99993,17,10,2,1,93,64,0.0015701099076935385,12,2,49896,49936,71,49,0,0,0,0,0,0,99866,0,0,0,0,0,0,0,0,0,0,127,0,0,0,0,0,0
37,3411,38.033597610199166,99993,17,9,2,1,94,65,0.0015901113077915455,15,2,49892,49935,72,51,0,0,0,0,0,0,99863,0,0,0,0,0,0,0,0,0,0,130,0,0,0,0,0,0
38,3411,39.03179414507111,99993,18,10,2,1,102,66,0.0016801176082325764,11,1,49888,49935,79,51,0,0,0,0,0,0,99856,0,0,0,0,0,0,0,0,0,0,137,0,0,0,0,0,0
39,3411,40.02530219908878,99993,22,9,2,1,107,66,0.0017301211084775935,11,5,49883,49931,80,52,0,0,0,0,0,0,99854,0,0,0,0,0,0,0,0,0,0,139,0,0,0,0,0,0
40,3411,41.25144579726082,99993,23,10,2,1,109,67,0.0017601232086246036,14,7,49879,49928,80,52,0,0,0,0,0,0,99853,0,0,0,0,0,0,0,0,0,0,140,0,0,0,0,0,0
41,3411,42.121935310423055,99993,24,11,2,1,111,68,0.001790125308771614,18,6,49873,49928,81,52,0,0,0,0,0,0,99852,0,0,0,0,0,0,0,0,0,0,141,0,0,0,0,0,0
42,3411,43.0414642483117,99993,24,10,2,1,115,69,0.0018401288090166312,18,7,49869,49926,85,54,0,0,0,0,0,0,99846,0,0,0,0,0,0,0,0,0,0,147,0,0,0,0,0,0
43,3411,44.00668708571023,99993,23,8,2,1,119,70,0.0018901323092616483,19,8,49865,49924,89,57,0,0,0,0,0,0,99838,0,0,0,0,0,0,0,0,0,0,155,0,0,0,0,0,0
44,3411,45.27806072151813,99993,27,8,2,1,127,70,0.0019701379096536756,14,8,49862,49927,93,54,0,0,0,0,0,0,99834,0,0,0,0,0,0,0,0,0,0,159,0,0,0,0,0,0
45,3411,46.10867433721016,99993,23,11,2,1,128,73,0.0020101407098496895,17,5,49859,49927,97,54,0,0,0,0,0,0,99829,0,0,0,0,0,0,0,0,0,0,164,0,0,0,0,0,0
46,3411,47.27741740597639,99992,23,9,3,1,132,74,0.0020601648131850546,15,4,49857,49927,100,57,0,0,0,0,0,0,99822,0,0,0,0,0,0,0,0,0,0,170,0,0,0,0,0,0
47,3411,48.00468731960396,99992,22,9,3,1,137,74,0.0021101688135050805,12,4,49855,49927,106,57,0,0,0,0,0,0,99816,0,0,0,0,0,0,0,0,0,0,176,0,0,0,0,0,0
48,3411,49.234681355366796,99992,21,12,3,1,139,78,0.002170173613889111,17,2,49848,49925,109,58,0,0,0,0,0,0,99812,0,0,0,0,0,0,0,0,0,0,180,0,0,0,0,0,0
49,3411,50.22319929149192,99992,19,10,3,1,142,79,0.0022101768141451314,16,2,49846,49924,114,61,0,0,0,0,0,0,99804,0,0,0,0,0,0,0,0,0,0,188,0,0,0,0,0,0
50,3411,51.20650540296004,99992,18,10,3,1,142,79,0.0022101768141451314,18,3,49844,49923,115,61,0,0,0,0,0,0,99803,0,0,0,0,0,0,0,0,0,0,189,0,0,0,0,0,0
51,3411,52.081067251990945,99992,19,9,3,1,144,79,0.002230178414273142,19,4,49841,49922,116,62,0,0,0,0,0,0,99801,0,0,0,0,0,0,0,0,0,0,191,0,0,0,0,0,0
52,3411,53.047116294899666,99992,19,7,3,1,149,80,0.0022901832146571726,18,3,49837,49923,121,64,0,0,0,0,0,0,99793,0,0,0,0,0,0,0,0,0,0,199,0,0,0,0,0,0
53,3411,54.17080998794279,99992,21,7,3,1,154,81,0.002350188015041203,16,3,49834,49922,124,65,0,0,0,0,0,0,99789,0,0,0,0,0,0,0,0,0,0,203,0,0,0,0,0,0
54,3411,55.06262434330307,99992,19,6,3,1,154,82,0.0023601888151052086,18,7,49834,49917,124,67,0,0,0,0,0,0,99785,0,0,0,0,0,0,0,0,0,0,207,0,0,0,0,0,0
55,3411,56.07962565935521,99992,22,8,3,1,158,85,0.0024301944155532443,19,5,49829,49916,125,68,0,0,0,0,0,0,99783,0,0,0,0,0,0,0,0,0,0,209,0,0,0,0,0,0
56,3411,57.087904663905974,99992,22,7,3,1,163,87,0.00250020001600128,15,3,49830,49916,128,71,0,0,0,0,0,0,99775,0,0,0,0,0,0,0,0,0,0,217,0,0,0,0,0,0
57,3411,58.042652345184,99992,22,7,3,1,168,87,0.0025502040163213058,17,6,49823,49915,133,69,0,0,0,0,0,0,99770,0,0,0,0,0,0,0,0,0,0,222,0,0,0,0,0,0
58,3411,59.01240814536399,99992,28,8,3,1,174,89,0.0026302104168333465,12,5,49822,49915,133,69,0,0,0,0,0,0,99769,0,0,0,0,0,0,0,0,0,0,223,0,0,0,0,0,0
59,3411,60.02863751166141,99992,25,8,3,1,176,91,0.0026702136170893673,13,5,49819,49913,138,71,0,0,0,0,0,0,99762,0,0,0,0,0,0,0,0,0,0,230,0,0,0,0,0,0
60,3411,61.19116077711126,99992,25,8,3,1,178,93,0.0027102168173453877,14,9,49816,49907,140,73,0,0,0,0,0,0,99758,0,0,0,0,0,0,0,0,0,0,234,0,0,0,0,0,0
61,3411,62.135404158558416,99992,26,9,3,1,182,94,0.002760220817665413,14,9,49813,49906,142,73,0,0,0,0,0,0,99755,0,0,0,0,0,0,0,0,0,0,237,0,0,0,0,0,0
62,3411,63.15837560577788,99992,27,12,3,1,187,97,0.0028402272181774543,11,7,49813,49906,144,72,0,0,0,0,0,0,99751,0,0,0,0,0,0,0,0,0,0,241,0,0,0,0,0,0
63,3411,64.01077314255275,99992,25,11,3,1,190,99,0.0028902312184974797,11,9,49810,49903,149,74,0,0,0,0,0,0,99743,0,0,0,0,0,0,0,0,0,0,249,0,0,0,0,0,0
64,3411,65.03736291060453,99992,27,10,3,1,193,99,0.002920233618689495,9,9,49811,49904,148,74,0,0,0,0,0,0,99741,0,0,0,0,0,0,0,0,0,0,251,0,0,0,0,0,0
65,3411,66.19462659632067,99992,24,13,3,1,196,102,0.002980238419073526,8,8,49812,49902,151,74,0,0,0,0,0,0,99735,0,0,0,0,0,0,0,0,0,0,257,0,0,0,0,0,0
66,3411,67.0668326072474,99992,22,16,3,1,199,107,0.0030602448195855667,12,6,49805,49900,156,75,0,0,0,0,0,0,99728,0,0,0,0,0,0,0,0,0,0,264,0,0,0,0,0,0
67,3411,68.07611307254349,99992,22,17,3,1,201,108,0.0030902472197775824,14,6,49802,49899,157,75,0,0,0,0,0,0,99726,0,0,0,0,0,0,0,0,0,0,266,0,0,0,0,0,0
68,3411,69.15253823681988,99992,22,19,3,1,205,110,0.003150252020161613,11,5,49801,49898,161,75,0,0,0,0,0,0,99722,0,0,0,0,0,0,0,0,0,0,270,0,0,0,0,0,0
69,3411,70.03206368241199,99992,21,15,3,1,207,111,0.003180254420353628,10,5,49802,49897,162,80,0,0,0,0,0,0,99714,0,0,0,0,0,0,0,0,0,0,278,0,0,0,0,0,0
70,3411,71.0408916664559,99992,18,14,3,1,208,112,0.0032002560204816384,15,5,49796,49896,166,82,0,0,0,0,0,0,99708,0,0,0,0,0,0,0,0,0,0,284,0,0,0,0,0,0
71,3411,72.1470477740219,99992,19,13,3,1,209,113,0.003220257620609649,17,4,49793,49896,166,84,0,0,0,0,0,0,99706,0,0,0,0,0,0,0,0,0,0,286,0,0,0,0,0,0
72,3411,73.01621241047873,99992,18,15,3,1,213,115,0.0032802624209936795,19,4,49788,49894,170,84,0,0,0,0,0,0,99701,0,0,0,0,0,0,0,0,0,0,291,0,0,0,0,0,0
73,3411,74.0690050458205,99992,16,13,3,1,217,115,0.0033202656212497,17,4,49786,49895,176,85,0,0,0,0,0,0,99693,0,0,0,0,0,0,0,0,0,0,299,0,0,0,0,0,0
74,3411,75.0537355075238,99992,17,13,3,1,220,117,0.0033702696215697258,18,3,49782,49894,178,87,0,0,0,0,0,0,99689,0,0,0,0,0,0,0,0,0,0,303,0,0,0,0,0,0
75,3411,76.1185509957837,99992,16,11,3,1,223,117,0.003400272021761741,17,6,49780,49894,182,86,0,0,0,0,0,0,99683,0,0,0,0,0,0,0,0,0,0,309,0,0,0,0,0,0
76,3411,77.03790946883892,99992,17,13,3,1,227,120,0.0034702776222097767,15,4,49778,49893,185,87,0,0,0,0,0,0,99679,0,0,0,0,0,0,0,0,0,0,313,0,0,0,0,0,0
77,3411,78.2707430022616,99992,22,14,3,1,233,122,0.003550284022721818,15,5,49772,49890,186,88,0,0,0,0,0,0,99677,0,0,0,0,0,0,0,0,0,0,315,0,0,0,0,0,0
78,3411,79.17946681448181,99992,21,14,3,1,237,124,0.0036102888231058484,12,4,49771,49889,191,90,0,0,0,0,0,0,99670,0,0,0,0,0,0,0,0,0,0,322,0,0,0,0,0,0
79,3411,80.02546132168933,99992,25,14,3,1,242,125,0.0036702936234898793,9,4,49769,49888,192,91,0,0,0,0,0,0,99668,0,0,0,0,0,0,0,0,0,0,324,0,0,0,0,0,0
80,3411,81.30232190383178,99992,25,11,3,1,245,125,0.0037002960236818946,8,5,49767,49887,195,94,0,0,0,0,0,0,99662,0,0,0,0,0,0,0,0,0,0,330,0,0,0,0,0,0
81,3411,82.30143698178989,99992,20,11,3,1,245,126,0.0037102968237458997,13,6,49763,49885,199,95,0,0,0,0,0,0,99656,0,0,0,0,0,0,0,0,0,0,336,0,0,0,0,0,0
82,3411,83.11748226165008,99992,21,9,3,1,249,126,0.00375030002400192,10,8,49762,49883,202,97,0,0,0,0,0,0,99651,0,0,0,0,0,0,0,0,0,0,341,0,0,0,0,0,0
83,3411,84.31049990406616,99992,18,8,3,1,251,128,0.003790303224257941,14,7,49757,49883,206,99,0,0,0,0,0,0,99643,0,0,0,0,0,0,0,0,0,0,349,0,0,0,0,0,0
84,3411,85.02996422744506,99992,12,9,3,1,252,129,0.003810304824385951,17,6,49755,49883,211,99,0,0,0,0,0,0,99636,0,0,0,0,0,0,0,0,0,0,356,0,0,0,0,0,0
85,3411,86.00606846160404,99992,11,8,3,1,254,129,0.003830306424513961,20,7,49752,49882,212,100,0,0,0,0,0,0,99632,0,0,0,0,0,0,0,0,0,0,360,0,0,0,0,0,0
86,3411,87.085949624861,99992,16,10,3,1,263,131,0.003940315225218018,17,5,49747,49882,215,100,0,0,0,0,0,0,99628,0,0,0,0,0,0,0,0,0,0,364,0,0,0,0,0,0
87,3411,88.10775908026635,99992,21,13,3,1,270,134,0.0040403232258580685,14,6,49747,49878,213,100,0,0,0,0,0,0,99626,0,0,0,0,0,0,0,0,0,0,366,0,0,0,0,0,0
88,3411,89.11860773182741,99992,19,14,3,1,272,136,0.004080326426114089,13,4,49747,49879,216,100,0,0,0,0,0,0,99621,0,0,0,0,0,0,0,0,0,0,371,0,0,0,0,0,0
89,3411,90.09769054916046,99992,21,14,3,1,277,138,0.004150332026562125,11,4,49744,49877,219,102,0,0,0,0,0,0,99616,0,0,0,0,0,0,0,0,0,0,376,0,0,0,0,0,0
90,3411,91.09467865272984,99992,21,11,3,1,282,140,0.004220337627010161,11,4,49739,49875,224,107,0,0,0,0,0,0,99606,0,0,0,0,0,0,0,0,0,0,386,0,0,0,0,0,0
91,3411,92.1909828477736,99992,21,8,3,1,285,140,0.004250340027202176,13,4,49734,49875,227,110,0,0,0,0,0,0,99600,0,0,0,0,0,0,0,0,0,0,392,0,0,0,0,0,0
92,3411,93.13413291992691,99992,18,8,3,1,287,140,0.0042703416273301865,11,4,49735,49877,231,108,0,0,0,0,0,0,99595,0,0,0,0,0,0,0,0,0,0,397,0,0,0,0,0,0
93,3411,94.00195275731417,99992,19,7,3,1,290,140,0.004300344027522202,9,4,49735,49877,232,109,0,0,0,0,0,0,99592,0,0,0,0,0,0,0,0,0,0,400,0,0,0,0,0,0
94,3411,95.0748144205396,99992,20,7,3,1,292,142,0.004340347227778222,11,2,49731,49878,233,110,0,0,0,0,0,0,99589,0,0,0,0,0,0,0,0,0,0,403,0,0,0,0,0,0
95,3411,96.0237119949631,99992,21,7,3,1,296,143,0.0043903512280982476,8,1,49730,49879,236,110,0,0,0,0,0,0,99585,0,0,0,0,0,0,0,0,0,0,407,0,0,0,0,0,0
96,3411,97.20706694381077,99992,19,8,3,1,297,144,0.004410352828226258,8,4,49729,49875,239,110,0,0,0,0,0,0,99582,0,0,0,0,0,0,0,0,0,0,410,0,0,0,0,0,0
97,3411,98.02602684748805,99992,19,10,3,1,300,146,0.004460356828546284,5,3,49730,49874,241,110,0,0,0,0,0,0,99579,0,0,0,0,0,0,0,0,0,0,413,0,0,0,0,0,0
98,3411,99.09805400953137,99992,17,10,3,1,301,147,0.004480358428674294,7,5,49728,49871,243,111,0,0,0,0,0,0,99575,0,0,0,0,0,0,0,0,0,0,417,0,0,0,0,0,0
99,3411,100.02684200095199,99992,20,11,3,1,304,148,0.004520361628930315,6,5,49726,49870,243,111,0,0,0,0,0,0,99575,0,0,0,0,0,0,0,0,0,0,417,0,0,0,0,0,0
100,3411,101.04859251264551,99992,21,11,3,1,307,149,0.004560364829186335,7,5,49723,49869,244,112,0,0,0,0,0,0,99572,0,0,0,0,0,0,0,0,0,0,420,0,0,0,0,0,0
101,3411,102.03439182873915,99992,20,11,3,1,307,149,0.004560364829186335,11,5,49719,49869,245,112,0,0,0,0,0,0,99571,0,0,0,0,0,0,0,0,0,0,421,0,0,0,0,0,0
102,3411,103.21656561058998,99992,18,13,3,1,310,151,0.00461036882950636,9,5,49720,49867,248,112,0,0,0,0,0,0,99566,0,0,0,0,0,0,0,0,0,0,426,0,0,0,0,0,0
103,3411,104.17722386711019,99992,13,12,3,1,312,152,0.004640371229698376,10,4,49717,49867,255,114,0,0,0,0,0,0,99557,0,0,0,0,0,0,0,0,0,0,435,0,0,0,0,0,0
104,3411,105.04501276813855,99992,14,11,3,1,314,152,0.004660372829826386,11,5,49716,49866,254,115,0,0,0,0,0,0,99555,0,0,0,0,0,0,0,0,0,0,437,0,0,0,0,0,0
105,3411,106.01554276334747,99992,16,12,3,1,318,154,0.004720377630210417,11,5,49715,49865,253,115,0,0,0,0,0,0,99552,0,0,0,0,0,0,0,0,0,0,440,0,0,0,0,0,0
106,3411,107.23195321240094,99992,14,13,3,1,318,156,0.0047403792303384274,13,3,49715,49867,253,114,0,0,0,0,0,0,99549,0,0,0,0,0,0,0,0,0,0,443,0,0,0,0,0,0
107,3411,108.05634167829619,99992,18,11,3,1,322,156,0.004780382430594448,12,5,49712,49865,253,116,0,0,0,0,0,0,99547,0,0,0,0,0,0,0,0,0,0,445,0,0,0,0,0,0
108,3411,109.12101854396094,99992,21,13,3,1,327,159,0.0048603888311064885,12,7,49707,49860,255,117,0,0,0,0,0,0,99544,0,0,0,0,0,0,0,0,0,0,448,0,0,0,0,0,0
109,3411,110.22258823509543,99991,22,14,3,2,331,162,0.004930443739936594,13,8,49703,49857,257,117,0,0,0,0,0,0,99539,0,0,0,0,0,0,0,0,0,0,452,0,0,0,0,0,0
110,3411,111.13071842268003,99991,21,12,3,2,334,162,0.004960446440179616,13,9,49702,49856,259,119,0,0,0,0,0,0,99533,0,0,0,0,0,0,0,0,0,0,458,0,0,0,0,0,0
111,3411,112.03592059233281,99991,20,12,3,2,339,163,0.00502045184066566,10,9,49701,49855,264,120,0,0,0,0,0,0,99526,0,0,0,0,0,0,0,0,0,0,465,0,0,0,0,0,0
112,3411,113.03701397604229,99991,20,14,3,2,343,167,0.005100459041313718,9,6,49698,49855,268,121,0,0,0,0,0,0,99520,0,0,0,0,0,0,0,0,0,0,471,0,0,0,0,0,0
113,3411,114.07013481830457,99991,18,13,3,2,344,168,0.005120460841475733,11,8,49695,49852,271,123,0,0,0,0,0,0,99515,0,0,0,0,0,0,0,0,0,0,476,0,0,0,0,0,0
114,3411,115.04582725288746,99991,19,13,3,2,347,170,0.005170465341880769,10,7,49693,49852,273,124,0,0,0,0,0,0,99511,0,0,0,0,0,0,0,0,0,0,480,0,0,0,0,0,0
115,3411,116.05876335388598,99991,19,9,3,2,349,170,0.005190467142042784,11,8,49692,49853,273,126,0,0,0,0,0,0,99505,0,0,0,0,0,0,0,0,0,0,486,0,0,0,0,0,0
116,3411,117.00166227091754,99991,19,9,3,2,352,171,0.005230470742366813,11,7,49690,49853,275,127,0,0,0,0,0,0,99501,0,0,0,0,0,0,0,0,0,0,490,0,0,0,0,0,0
117,3411,118.03409381823168,99991,23,10,3,2,358,174,0.005320478843095879,7,11,49688,49846,277,129,0,0,0,0,0,0,99497,0,0,0,0,0,0,0,0,0,0,494,0,0,0,0,0,0
118,3411,119.01407430971464,99991,20,9,3,2,360,175,0.005350481543338901,7,12,49687,49844,281,131,0,0,0,0,0,0,99490,0,0,0,0,0,0,0,0,0,0,501,0,0,0,0,0,0
119,3411,120.10773658152988,99991,18,9,3,2,361,177,0.0053804842435819225,8,12,49685,49842,284,133,0,0,0,0,0,0,99485,0,0,0,0,0,0,0,0,0,0,506,0,0,0,0,0,0
120,3411,121.04846856022623,99991,18,10,3,2,363,180,0.005430488743986959,7,10,49687,49841,283,135,0,0,0,0,0,0,99481,0,0,0,0,0,0,0,0,0,0,510,0,0,0,0,0,0
121,3411,122.22258046449953,99991,18,11,3,2,366,184,0.00550049504455401,7,8,49685,49839,285,138,0,0,0,0,0,0,99475,0,0,0,0,0,0,0,0,0,0,516,0,0,0,0,0,0
122,3411,123.05604403892266,99991,20,13,3,2,371,189,0.005600504045364082,6,7,49681,49835,288,141,0,0,0,0,0,0,99469,0,0,0,0,0,0,0,0,0,0,522,0,0,0,0,0,0
123,3411,124.15175436276577,99991,18,13,3,2,374,190,0.005640507645688112,8,9,49676,49832,293,142,0,0,0,0,0,0,99463,0,0,0,0,0,0,0,0,0,0,528,0,0,0,0,0,0
124,3411,125.02839464359639,99991,18,14,3,2,376,194,0.005700513046174156,7,7,49677,49830,293,145,0,0,0,0,0,0,99458,0,0,0,0,0,0,0,0,0,0,533,0,0,0,0,0,0
125,3411,126.06365054110833,99991,17,12,3,2,377,194,0.005710513946255163,9,8,49674,49830,295,146,0,0,0,0,0,0,99454,0,0,0,0,0,0,0,0,0,0,537,0,0,0,0,0,0
126,3411,127.02290561008196,99991,17,12,3,2,379,195,0.005740516646498185,11,8,49671,49830,296,146,0,0,0,0,0,0,99451,0,0,0,0,0,0,0,0,0,0,540,0,0,0,0,0,0
127,3411,128.20232931870018,99991,19,11,3,2,382,197,0.005790521146903221,11,9,49668,49827,297,149,0,0,0,0,0,0,99447,0,0,0,0,0,0,0,0,0,0,544,0,0,0,0,0,0
128,3411,129.0188798019331,99991,14,13,3,2,382,201,0.005830524747227251,13,5,49666,49827,302,151,0,0,0,0,0,0,99440,0,0,0,0,0,0,0,0,0,0,551,0,0,0,0,0,0
129,3411,130.06598787093859,99991,14,14,3,2,384,202,0.0058605274474702726,13,5,49667,49827,301,150,0,0,0,0,0,0,99438,0,0,0,0,0,0,0,0,0,0,553,0,0,0,0,0,0
130,3411,131.03174087023828,99991,16,10,3,2,387,203,0.005900531047794301,15,6,49663,49825,301,155,0,0,0,0,0,0,99432,0,0,0,0,0,0,0,0,0,0,559,0,0,0,0,0,0
131,3411,132.26684052853557,99991,17,10,3,2,390,205,0.005950535548199338,16,5,49664,49827,298,154,0,0,0,0,0,0,99428,0,0,0,0,0,0,0,0,0,0,563,0,0,0,0,0,0
132,3411,133.02860561257975,99991,18,11,3,2,394,208,0.006020541848766389,17,5,49660,49825,300,155,0,0,0,0,0,0,99423,0,0,0,0,0,0,0,0,0,0,568,0,0,0,0,0,0
133,3411,134.0989244119434,99991,17,11,3,2,397,208,0.0060505445490094106,15,7,49659,49823,304,155,0,0,0,0,0,0,99419,0,0,0,0,0,0,0,0,0,0,572,0,0,0,0,0,0
134,3411,135.17663911284976,99991,15,10,3,2,397,209,0.006060545449090418,19,10,49656,49819,305,157,0,0,0,0,0,0,99415,0,0,0,0,0,0,0,0,0,0,576,0,0,0,0,0,0
135,3411,136.09890675416787,99991,17,9,3,2,401,211,0.006120550849576462,21,8,49650,49821,307,158,0,0,0,0,0,0,99410,0,0,0,0,0,0,0,0,0,0,581,0,0,0,0,0,0
136,3411,137.1188227873584,99991,21,7,3,2,405,211,0.006160554449900491,21,9,49646,49820,307,160,0,0,0,0,0,0,99408,0,0,0,0,0,0,0,0,0,0,583,0,0,0,0,0,0
137,3411,138.03574583143063,99991,18,8,3,2,407,212,0.006190557150143513,23,8,49642,49820,312,160,0,0,0,0,0,0,99403,0,0,0,0,0,0,0,0,0,0,588,0,0,0,0,0,0
138,3411,139.0126728232715,99991,15,8,3,2,409,214,0.006230560750467542,25,8,49638,49818,317,162,0,0,0,0,0,0,99397,0,0,1,0,0,0,0,0,0,0,593,0,0,0,0,0,0
139,3411,140.17282329691085,99991,17,10,3,2,414,216,0.006300567051034593,23,7,49635,49817,320,162,0,0,0,0,0,0,99394,0,0,1,0,0,0,0,0,0,0,596,0,0,0,0,0,0
140,3411,141.00216702981507,99991,18,12,3,2,416,220,0.006360572451520637,23,3,49634,49817,320,164,0,0,0,0,0,0,99391,0,0,1,0,0,0,0,0,0,0,599,0,0,0,0,0,0
141,3411,142.13079055262318,99991,17,15,3,2,422,223,0.006450580552249703,20,3,49631,49815,327,163,0,0,0,0,0,0,99384,0,0,1,0,0,0,0,0,0,0,606,0,0,0,0,0,0
142,3411,143.13523720951935,99991,21,12,3,2,430,224,0.006540588652978768,13,4,49630,49813,331,167,0,0,0,0,0,0,99376,0,0,1,0,0,0,0,0,0,0,614,0,0,0,0,0,0
143,3411,144.1373376009134,99991,18,11,3,2,432,224,0.0065605904531407825,13,6,49630,49811,334,168,0,0,0,0,0,0,99370,0,0,1,0,0,0,0,0,0,0,620,0,0,0,0,0,0
144,3411,145.06403226238476,99991,18,13,3,2,437,227,0.006640597653788841,9,4,49630,49810,338,169,0,0,0,0,0,0,99364,0,0,1,0,0,0,0,0,0,0,626,0,0,0,0,0,0
145,3411,146.1232309724702,99990,17,11,4,2,440,228,0.006680668066806681,10,4,49626,49811,341,170,0,0,0,0,0,0,99357,0,0,1,0,0,0,0,0,0,0,632,0,0,0,0,0,0
146,3411,147.03965999993153,99990,17,10,4,2,442,229,0.0067106710671067105,8,4,49627,49812,342,170,0,0,0,0,0,0,99353,0,0,1,0,0,0,0,0,0,0,636,0,0,0,0,0,0
147,3411,148.09440327358843,99990,16,9,4,2,445,229,0.006740674067406741,10,5,49626,49811,342,171,0,0,0,0,0,0,99348,0,0,1,0,0,0,0,0,0,0,641,0,0,0,0,0,0
148,3411,149.19669772037187,99990,15,9,4,2,447,230,0.006770677067706771,10,6,49624,49809,345,172,0,0,0,0,0,0,99344,0,0,1,0,0,0,0,0,0,0,645,0,0,0,0,0,0
149,3411,150.06224681573627,99990,15,9,4,2,450,231,0.006810681068106811,11,8,49620,49806,348,173,0,0,0,0,0,0,99340,0,0,1,0,0,0,0,0,0,0,649,0,0,0,0,0,0
150,3411,151.15957843740554,99990,10,10,4,2,450,237,0.00687068706870687,15,3,49620,49805,349,178,0,0,0,0,0,0,99330,0,0,1,0,0,0,0,0,0,0,659,0,0,0,0,0,0
151,3411,152.0306985563957,99990,12,8,4,2,454,238,0.0069206920692069206,16,2,49615,49805,351,181,0,0,0,0,0,0,99325,0,0,1,0,0,0,0,0,0,0,664,0,0,0,0,0,0
152,3411,153.23215510834936,99990,13,7,4,2,458,238,0.0069606960696069605,15,4,49614,49806,352,179,0,0,0,0,0,0,99321,0,0,1,0,0,0,0,0,0,0,668,0,0,0,0,0,0
153,3411,154.11764181661894,99990,13,7,4,2,460,238,0.006980698069806981,15,6,49614,49805,352,178,0,0,0,0,0,0,99319,0,0,1,0,0,0,0,0,0,0,670,0,0,0,0,0,0
154,3411,155.1705749111093,99990,16,7,4,2,463,238,0.007010701070107011,12,9,49614,49802,352,178,0,0,0,0,0,0,99319,0,0,1,0,0,0,0,0,0,0,670,0,0,0,0,0,0
155,3411,156.03797474400915,99990,16,11,4,2,467,242,0.007090709070907091,9,8,49614,49799,355,178,0,0,0,0,0,0,99315,0,0,1,0,0,0,0,0,0,0,674,0,0,0,0,0,0
156,3411,157.259548824252,99990,20,12,4,2,473,245,0.007180718071807181,8,6,49610,49798,356,180,0,0,0,0,0,0,99311,0,0,1,0,0,0,0,0,0,0,678,0,0,0,0,0,0
157,3411,158.14967580274276,99990,22,10,4,2,476,245,0.007210721072107211,9,7,49607,49797,356,182,0,0,0,0,0,0,99309,0,0,2,0,0,0,0,0,0,0,679,0,0,0,0,0,0
158,3411,159.1326245288513,99990,23,10,4,2,481,245,0.007260726072607261,7,9,49604,49800,360,177,0,0,0,0,0,0,99305,0,0,2,0,0,0,0,0,0,0,683,0,0,0,0,0,0
159,3411,160.1236715422497,99990,24,10,4,2,484,247,0.007310731073107311,8,10,49600,49797,362,179,0,0,0,0,0,0,99301,0,0,2,0,0,0,0,0,0,0,687,0,0,0,0,0,0
160,3411,161.09853713100483,99990,22,11,4,2,485,249,0.007340734073407341,10,10,49597,49796,365,179,0,0,0,0,0,0,99297,0,0,2,0,0,0,0,0,0,0,691,0,0,0,0,0,0
161,3411,162.1799193644271,99990,21,14,4,2,489,254,0.007430743074307431,9,8,49594,49794,370,180,0,0,0,0,0,0,99290,0,0,2,0,0,0,0,0,0,0,698,0,0,0,0,0,0
162,3411,163.12707888364562,99990,22,17,4,2,494,259,0.0075307530753075305,7,8,49591,49790,374,181,0,0,0,0,0,0,99284,0,0,2,0,0,0,0,0,0,0,704,0,0,0,0,0,0
163,3411,164.13213976425976,99990,17,17,4,2,496,261,0.00757075707570757,8,7,49589,49791,380,181,0,0,0,0,0,0,99275,0,0,2,0,0,0,0,0,0,0,713,0,0,0,0,0,0
164,3411,165.14461919463798,99990,19,15,4,2,499,263,0.007620762076207621,10,8,49584,49789,381,184,0,0,0,0,0,0,99270,0,0,2,0,0,0,0,0,0,0,718,0,0,0,0,0,0
165,3411,166.1667198288837,99990,17,14,4,2,500,265,0.00765076507650765,11,8,49583,49787,383,187,0,0,0,0,0,0,99264,0,0,2,0,0,0,0,0,0,0,724,0,0,0,0,0,0
166,3411,167.03077429243174,99990,18,14,4,2,504,268,0.007720772077207721,9,7,49581,49785,386,190,0,0,0,0,0,0,99258,0,0,2,0,0,0,0,0,0,0,730,0,0,0,0,0,0
167,3411,168.05629086478743,99990,17,14,4,2,506,269,0.007750775077507751,10,11,49579,49780,388,191,0,0,0,0,0,0,99254,0,0,2,0,0,0,0,0,0,0,734,0,0,0,0,0,0
168,3411,169.20821046158835,99990,20,15,4,2,509,272,0.007810781078107811,13,11,49574,49777,387,193,0,0,0,0,0,0,99252,0,0,2,0,0,0,0,0,0,0,736,0,0,0,0,0,0
169,3411,170.006117747967,99990,20,14,4,2,511,272,0.007830783078307832,14,12,49571,49776,389,194,0,0,0,0,0,0,99249,0,0,2,0,0,0,0,0,0,0,739,0,0,0,0,0,0
170,3411,171.15630395917833,99990,20,17,4,2,514,275,0.007890789078907891,18,11,49564,49774,392,194,0,0,0,0,0,0,99246,0,0,2,0,0,0,0,0,0,0,742,0,0,0,0,0,0
171,3411,172.00515326021804,99990,21,15,4,2,516,277,0.00793079307930793,19,9,49561,49775,393,197,0,0,0,0,0,0,99241,0,0,2,0,0,0,0,0,0,0,747,0,0,0,0,0,0
172,3411,173.14474011679266,99990,19,14,4,2,520,279,0.007990799079907992,19,9,49558,49773,398,200,0,0,0,0,0,0,99232,0,0,2,0,0,0,0,0,0,0,756,0,0,0,0,0,0
173,3411,174.15956882720596,99990,23,14,4,2,525,281,0.00806080608060806,20,8,49552,49772,399,202,0,0,0,0,0,0,99229,0,0,2,0,0,0,0,0,0,0,759,0,0,0,0,0,0
174,3411,175.00297785868045,99990,27,14,4,2,533,284,0.00817081708170817,16,5,49549,49772,402,205,0,0,0,0,0,0,99222,0,0,2,0,0,0,0,0,0,0,766,0,0,0,0,0,0
175,3411,176.05314564237383,99990,32,15,4,2,540,287,0.00827082708270827,12,5,49547,49770,403,206,0,0,0,0,0,0,99218,0,0,2,0,0,0,0,0,0,0,770,0,0,0,0,0,0
176,3411,177.08453765128706,99990,30,15,4,2,543,289,0.00832083208320832,19,9,49539,49764,406,208,0,0,0,0,0,0,99212,0,0,3,0,0,0,0,0,0,0,775,0,0,0,0,0,0
177,3411,178.23495948490455,99990,31,15,4,2,548,290,0.00838083808380838,21,10,49534,49762,408,209,0,0,0,0,0,0,99207,0,0,3,0,0,0,0,0,0,0,780,0,0,0,0,0,0
178,3411,179.00384009927248,99990,28,17,4,2,551,292,0.00843084308430843,19,11,49534,49759,413,209,0,0,0,0,0,0,99201,0,0,3,0,0,0,0,0,0,0,786,0,0,0,0,0,0
179,3411,180.22029878807376,99990,20,15,4,2,554,295,0.008490849084908492,22,9,49529,49758,423,214,0,0,0,0,0,0,99185,0,0,3,0,0,0,0,0,0,0,802,0,0,0,0,0,0
180,3411,181.11581122122246,99990,18,14,4,2,558,296,0.00854085408540854,24,8,49523,49758,429,216,0,0,0,0,0,0,99177,0,0,3,0,0,0,0,0,0,0,810,0,0,0,0,0,0
181,3411,182.06197868347908,99990,24,14,4,2,565,300,0.008650865086508652,17,4,49523,49759,430,219,0,0,0,0,0,0,99172,0,0,3,0,0,0,0,0,0,0,815,0,0,0,0,0,0
182,3411,183.00034448993682,99990,24,14,4,2,568,301,0.00869086908690869,16,6,49521,49756,433,220,0,0,0,0,0,0,99168,0,0,3,0,0,0,0,0,0,0,819,0,0,0,0,0,0
183,3411,184.05823730079817,99990,24,14,4,2,570,302,0.00872087208720872,20,9,49516,49753,434,220,0,0,0,0,0,0,99165,0,0,3,0,0,0,0,0,0,0,822,0,0,0,0,0,0
184,3411,185.18743767974908,99990,27,11,4,2,576,302,0.008780878087808782,15,9,49515,49753,437,223,0,0,0,0,0,0,99159,0,0,3,0,0,0,0,0,0,0,828,0,0,0,0,0,0
185,3411,186.20231247255248,99990,21,12,4,2,578,304,0.00882088208820882,17,10,49511,49750,445,224,0,0,0,0,0,0,99150,0,0,3,0,0,0,0,0,0,0,837,0,0,0,0,0,0
186,3411,187.05128458812285,99990,25,13,4,2,586,306,0.008920892089208921,12,9,49509,49749,448,225,0,0,0,0,0,0,99145,0,0,3,0,0,0,0,0,0,0,842,0,0,0,0,0,0
187,3411,188.00743702983763,99990,28,13,4,2,593,308,0.00901090109010901,8,8,49507,49748,451,227,0,0,0,0,0,0,99139,0,0,3,0,0,0,0,0,0,0,848,0,0,0,0,0,0
188,3411,189.23795235981098,99990,31,14,4,2,598,311,0.00909090909090909,11,9,49503,49744,449,229,0,0,0,0,0,0,99135,0,0,3,0,0,0,0,0,0,0,852,0,0,0,0,0,0
189,3411,190.0361992287514,99990,32,13,4,2,600,311,0.009110911091109111,13,10,49502,49746,447,227,0,0,0,0,0,0,99133,0,0,3,0,0,0,0,0,0,0,854,0,0,0,0,0,0
190,3411,191.09896609840473,99990,22,11,4,2,604,314,0.009180918091809182,13,11,49500,49743,459,231,0,0,0,0,0,0,99114,0,0,3,0,0,0,0,0,0,0,873,0,0,0,0,0,0
191,3411,192.12635768401583,99990,26,14,4,2,611,317,0.00928092809280928,9,9,49497,49742,462,231,0,0,0,0,0,0,99111,0,0,3,0,0,0,0,0,0,0,876,0,0,0,0,0,0
192,3411,193.25617146917483,99990,28,17,4,2,618,325,0.00943094309430943,13,5,49486,49741,467,233,0,0,0,0,0,0,99101,0,0,3,0,0,0,0,0,0,0,886,0,0,0,0,0,0
193,3411,194.2535566217586,99990,31,15,4,2,622,326,0.009480948094809481,13,7,49484,49740,466,234,0,0,0,0,0,0,99097,0,0,3,0,0,0,0,0,0,0,890,0,0,0,0,0,0
194,3411,195.1532279191346,99990,26,15,4,2,626,328,0.00954095409540954,11,6,49484,49740,473,235,0,0,0,0,0,0,99086,0,0,3,0,0,0,0,0,0,0,901,0,0,0,0,0,0
195,3411,196.0222118070588,99990,27,16,4,2,630,330,0.009600960096009602,11,5,49481,49740,475,235,0,0,0,0,0,0,99082,0,0,3,0,0,0,0,0,0,0,905,0,0,0,0,0,0
196,3411,197.2400248668005,99990,24,15,4,2,632,332,0.00964096409640964,15,5,49477,49738,478,238,0,0,0,0,0,0,99074,0,0,3,0,0,0,0,0,0,0,913,0,0,0,0,0,0
197,3411,198.0311582830624,99990,24,12,4,2,636,332,0.009680968096809682,15,7,49473,49736,482,241,0,0,0,0,0,0,99067,0,0,3,0,0,0,0,0,0,0,920,0,0,0,0,0,0
198,3411,199.11236627591518,99990,22,11,4,2,641,334,0.00975097509750975,12,8,49471,49733,489,244,0,0,0,0,0,0,99057,0,0,3,0,0,0,0,0,0,0,930,0,0,0,0,0,0
199,3411,200.0037174235108,99990,19,10,4,2,642,335,0.009770977097709771,13,9,49470,49732,492,245,0,0,0,0,0,0,99051,0,0,3,0,0,0,0,0,0,0,936,0,0,0,0,0,0
200,3411,201.1436827341291,99990,21,11,4,2,646,337,0.00983098309830983,10,7,49471,49734,492,244,0,0,0,0,0,0,99048,0,0,3,0,0,0,0,0,0,0,939,0,0,0,0,0,0
201,3411,202.19806217165402,99989,21,10,5,2,648,340,0.009881086919561152,13,4,49469,49734,490,248,0,0,0,0,0,0,99042,0,0,3,0,0,0,0,0,0,0,944,0,0,0,0,0,0
202,3411,203.27622011937902,99989,21,12,5,2,652,342,0.009941093520287232,11,3,49471,49734,490,247,0,0,0,0,0,0,99038,0,0,3,0,0,0,0,0,0,0,948,0,0,0,0,0,0
203,3411,204.07567119751297,99989,25,10,5,2,656,342,0.009981097920771285,12,5,49467,49734,489,247,0,0,0,0,0,0,99036,0,0,3,0,0,0,0,0,0,0,950,0,0,0,0,0,0
204,3411,205.0569758093241,99989,25,9,5,2,658,342,0.010001100121013311,15,9,49464,49730,489,248,0,0,0,0,0,0,99033,0,0,3,0,0,0,0,0,0,0,953,0,0,0,0,0,0
205,3411,206.09928640571536,99989,27,6,5,2,662,343,0.010051105621618378,16,9,49461,49730,489,251,0,0,0,0,0,0,99027,0,0,3,0,0,0,0,0,0,0,959,0,0,0,0,0,0
206,3411,207.16103057947947,99989,31,7,5,2,669,344,0.010131114422586485,13,9,49458,49729,491,251,0,0,0,0,0,0,99024,0,0,3,0,0,0,0,0,0,0,962,0,0,0,0,0,0
207,3411,208.0344102736002,99989,31,9,5,2,672,346,0.010181119923191552,13,8,49457,49728,492,251,0,0,0,0,0,0,99021,0,0,3,0,0,0,0,0,0,0,965,0,0,0,0,0,0
208,3411,209.18804507373758,99989,33,8,5,2,680,347,0.01027112982428067,11,8,49452,49727,497,253,0,0,0,0,0,0,99013,0,0,3,0,0,0,0,0,0,0,973,0,0,0,0,0,0
209,3411,210.21614258709096,99989,30,9,5,2,682,349,0.010311134224764724,18,7,49444,49726,501,254,0,0,0,0,0,0,99008,0,0,4,0,0,0,0,0,0,0,977,0,0,0,0,0,0
210,3411,211.1451071952506,99989,29,8,5,2,683,349,0.010321135324885737,18,8,49446,49727,500,253,0,0,0,0,0,0,99005,0,0,4,0,0,0,0,0,0,0,980,0,0,0,0,0,0
211,3411,212.1062073879396,99989,29,7,5,2,688,350,0.010381141925611818,19,9,49442,49726,503,254,0,0,0,0,0,0,98999,0,0,5,0,0,0,0,0,0,0,985,0,0,0,0,0,0
212,3411,213.0475477320294,99989,26,5,5,2,692,352,0.010441148526337898,16,11,49443,49723,508,257,0,0,0,0,0,0,98988,0,0,5,0,0,0,0,0,0,0,996,0,0,0,0,0,0
213,3411,214.20629885469322,99989,24,8,5,2,694,356,0.010501155127063977,18,12,49441,49718,510,258,0,0,0,0,0,0,98983,0,0,5,0,0,0,0,0,0,0,1001,0,0,0,0,0,0
214,3411,215.11924098163203,99989,22,9,5,2,696,358,0.010541159527548031,20,12,49437,49718,514,257,0,0,0,0,0,0,98978,0,0,5,0,0,0,0,0,0,0,1006,0,0,0,0,0,0
215,3411,216.0927257194975,99989,23,12,5,2,698,361,0.010591165028153098,22,9,49434,49719,514,256,0,0,0,0,0,0,98977,0,0,5,0,0,0,0,0,0,0,1007,0,0,0,0,0,0
216,3411,217.13591482891155,99989,29,14,5,2,706,365,0.010711178229605257,24,6,49426,49720,514,256,0,0,0,0,0,0,98973,0,0,5,0,0,0,0,0,0,0,1011,0,0,0,0,0,0
217,3411,218.04713995984739,99989,29,15,5,2,710,368,0.01078118593045235,22,6,49425,49718,517,257,0,0,0,0,0,0,98967,0,0,5,0,0,0,0,0,0,0,1017,0,0,0,0,0,0
218,3411,219.17347827397347,99989,29,19,5,2,716,372,0.010881196931662483,23,5,49420,49716,521,256,0,0,0,0,0,0,98961,0,0,5,0,0,0,0,0,0,0,1023,0,0,0,0,0,0
219,3411,220.01511103714287,99989,26,17,5,2,719,374,0.010931202432267549,24,3,49418,49717,525,259,0,0,0,0,0,0,98951,0,0,5,0,0,0,0,0,0,0,1033,0,0,0,0,0,0
220,3411,221.29147587451814,99989,27,14,5,2,723,374,0.010971206832751603,23,5,49416,49715,527,262,0,0,0,0,0,0,98945,0,0,5,0,0,0,0,0,0,0,1039,0,0,0,0,0,0
221,3411,222.04794998423876,99989,32,15,5,2,728,377,0.011051215633719708,22,2,49414,49716,525,263,0,0,0,0,0,0,98943,0,0,5,0,0,0,0,0,0,0,1041,0,0,0,0,0,0
222,3411,223.25003397334925,99989,32,15,5,2,736,378,0.011141225534808829,19,8,49413,49710,529,263,0,0,0,0,0,0,98934,0,0,5,0,0,0,0,0,0,0,1050,0,0,0,0,0,0
223,3411,224.11543508437273,99989,33,16,5,2,739,382,0.011211233235655923,19,6,49411,49709,530,265,0,0,0,0,0,0,98929,0,0,5,0,0,0,0,0,0,0,1055,0,0,0,0,0,0
224,3411,225.0436705285625,99988,38,16,6,2,747,383,0.011301356162739529,15,7,49407,49708,532,265,0,0,0,0,0,0,98925,0,0,5,0,0,0,0,0,0,0,1058,0,0,0,0,0,0
225,3411,226.1455078820869,99988,38,17,6,2,751,385,0.011361363363603633,20,7,49399,49708,535,264,0,0,0,0,0,0,98920,0,0,5,0,0,0,0,0,0,0,1063,0,0,0,0,0,0
226,3411,227.0787551635051,99988,36,20,6,2,757,390,0.011471376565187822,24,7,49390,49705,542,264,0,0,0,0,0,0,98910,0,0,5,0,0,0,0,0,0,0,1073,0,0,0,0,0,0
227,3411,228.03986484987823,99988,34,16,6,2,760,390,0.011501380165619874,25,9,49388,49704,545,267,0,0,0,0,0,0,98901,0,0,5,0,0,0,0,0,0,0,1082,0,0,0,0,0,0
228,3411,229.0681145607518,99988,36,16,6,2,766,391,0.011571388566627995,25,12,49383,49702,548,266,0,0,0,0,0,0,98896,0,0,5,0,0,0,0,0,0,0,1087,0,0,0,0,0,0
229,3411,230.1624174946668,99988,37,18,6,2,776,395,0.011711405368644238,24,10,49379,49700,552,268,0,0,0,0,0,0,98885,0,0,5,0,0,0,0,0,0,0,1098,0,0,0,0,0,0
230,3411,231.02686812411724,99988,36,20,6,2,779,398,0.011771412569508342,29,10,49372,49697,555,269,0,0,0,0,0,0,98880,0,0,5,0,0,0,0,0,0,0,1103,0,0,0,0,0,0
231,3411,232.0040900904292,99988,33,18,6,2,788,398,0.011861423370804496,20,11,49373,49696,566,271,0,0,0,0,0,0,98866,0,0,5,0,0,0,0,0,0,0,1117,0,0,0,0,0,0
232,3411,233.03619909539344,99988,35,16,6,2,792,398,0.011901428171380566,19,13,49372,49694,566,273,0,0,0,0,0,0,98862,0,0,5,0,0,0,0,0,0,0,1121,0,0,0,0,0,0
233,3411,234.0169396150505,99988,35,16,6,2,795,401,0.011961435372244669,22,12,49366,49693,569,275,0,0,0,0,0,0,98856,0,0,5,0,0,0,0,0,0,0,1127,0,0,0,0,0,0
234,3411,235.2335587685437,99988,28,16,6,2,800,405,0.012051446173540824,21,15,49363,49686,580,279,0,0,0,0,0,0,98840,0,0,5,0,0,0,0,0,0,0,1143,0,0,0,0,0,0
235,3411,236.09319270332506,99988,29,19,6,2,802,410,0.012121454574548945,21,12,49361,49685,581,280,0,0,0,0,0,0,98837,0,0,5,0,0,0,0,0,0,0,1146,0,0,0,0,0,0
236,3411,237.05995848791522,99988,36,20,6,2,810,415,0.01225147017642117,15,13,49360,49681,581,282,0,0,0,0,0,0,98832,0,0,5,0,0,0,0,0,0,0,1151,0,0,0,0,0,0
237,3411,238.0074606262738,99988,40,22,6,2,819,418,0.012371484578149378,18,10,49351,49681,583,283,0,0,0,0,0,0,98826,0,0,5,0,0,0,0,0,0,0,1157,0,0,0,0,0,0
238,3411,239.3161838552072,99988,43,22,6,2,828,421,0.012491498979877586,16,13,49347,49676,586,285,0,0,0,0,0,0,98817,0,0,5,0,0,0,0,0,0,0,1166,0,0,0,0,0,0
239,3411,240.10266531073376,99988,38,22,6,2,831,425,0.012561507380885706,19,12,49342,49674,593,288,0,0,0,0,0,0,98805,0,0,5,0,0,0,0,0,0,0,1178,0,0,0,0,0,0
240,3411,241.32049366969508,99987,36,22,7,2,835,428,0.012631642113474752,24,12,49336,49671,595,291,0,0,0,0,0,0,98796,0,0,5,0,0,0,0,0,0,0,1186,0,0,0,0,0,0
241,3411,242.02182454750286,99987,40,22,7,2,844,432,0.012761659015672038,22,9,49331,49670,598,295,0,0,0,0,0,0,98787,0,0,5,0,0,0,0,0,0,0,1195,0,0,0,0,0,0
242,3411,243.2861815462279,99987,39,19,7,2,848,434,0.012821666816686169,25,11,49325,49667,602,299,0,0,0,0,0,0,98777,0,0,5,0,0,0,0,0,0,0,1205,0,0,0,0,0,0
243,3411,244.28388945658767,99987,39,16,7,2,853,436,0.012891675917869322,28,10,49318,49666,606,304,0,0,0,0,0,0,98767,0,0,5,0,0,0,0,0,0,0,1215,0,0,0,0,0,0
244,3411,245.30979303076916,99987,38,17,7,2,860,439,0.012991688919559543,27,10,49312,49663,614,306,0,0,0,0,0,0,98757,0,0,5,0,0,0,0,0,0,0,1225,0,0,0,0,0,0
245,3411,246.00510713880618,99987,42,16,7,2,867,442,0.013091701921249763,24,9,49309,49661,616,310,0,0,0,0,0,0,98750,0,0,5,0,0,0,0,0,0,0,1232,0,0,0,0,0,0
246,3411,247.07375163894264,99987,39,16,7,2,874,444,0.013181713622770961,22,8,49306,49660,624,312,0,0,0,0,0,0,98738,0,0,5,0,0,0,0,0,0,0,1244,0,0,0,0,0,0
247,3411,248.19343084595866,99987,44,16,7,2,883,447,0.013301729224799224,16,10,49304,49659,627,311,0,0,0,0,0,0,98731,0,0,5,0,0,0,0,0,0,0,1251,0,0,0,0,0,0
248,3411,249.0296845136613,99987,41,16,7,2,886,448,0.013341734425475312,17,12,49302,49658,631,310,0,0,0,0,0,0,98724,0,0,5,0,0,0,0,0,0,0,1258,0,0,0,0,0,0
249,3411,250.19233879966316,99987,41,17,7,2,892,450,0.013421744826827488,18,11,49298,49660,634,308,0,0,0,0,0,0,98717,0,0,5,0,0,0,0,0,0,0,1265,0,0,0,0,0,0
250,3411,251.15212375266367,99987,43,14,7,2,896,453,0.013491753928010641,20,9,49294,49661,634,312,0,0,0,0,0,0,98709,0,0,5,0,0,0,0,0,0,0,1273,0,0,0,0,0,0
251,3411,252.00722680505004,99987,43,14,7,2,903,456,0.013591766929700861,18,9,49293,49659,637,314,0,0,0,0,0,0,98699,0,0,5,0,0,0,0,0,0,0,1283,0,0,0,0,0,0
252,3411,253.17914683557834,99987,32,14,7,2,909,458,0.013671777331053037,21,8,49290,49658,648,316,0,0,0,0,0,0,98680,0,0,5,0,0,0,0,0,0,0,1302,0,0,0,0,0,0
253,3411,254.15671568065022,99987,35,15,7,2,913,460,0.01373178513206717,18,8,49291,49656,647,317,0,0,0,0,0,0,98678,0,0,5,0,0,0,0,0,0,0,1304,0,0,0,0,0,0
254,3411,255.07594587331425,99987,35,14,7,2,916,463,0.0137917929330813,21,7,49287,49655,648,320,0,0,0,0,0,0,98671,0,0,5,0,0,0,0,0,0,0,1311,0,0,0,0,0,0
255,3411,256.070097049159,99987,35,13,7,2,920,463,0.013831798133757388,22,12,49285,49651,649,320,0,0,0,0,0,0,98666,0,0,5,0,0,0,0,0,0,0,1316,0,0,0,0,0,0
256,3411,257.31653686610963,99987,37,15,7,2,927,468,0.013951813735785652,18,9,49283,49650,653,322,0,0,0,0,0,0,98658,0,0,5,0,0,0,0,0,0,0,1324,0,0,0,0,0,0
257,3411,258.1656954449448,99987,37,13,7,2,931,468,0.01399181893646174,21,10,49279,49650,654,323,0,0,0,0,0,0,98652,0,0,5,0,0,0,0,0,0,0,1330,0,0,0,0,0,0
258,3411,259.0859367853202,99987,40,12,7,2,938,469,0.014071829337813915,22,11,49274,49648,655,325,0,0,0,0,0,0,98646,0,0,5,0,0,0,0,0,0,0,1336,0,0,0,0,0,0
259,3411,260.1036923959153,99987,38,12,7,2,943,473,0.014161841039335113,22,12,49271,49644,660,328,0,0,0,0,0,0,98635,0,0,5,0,0,0,0,0,0,0,1347,0,0,0,0,0,0
260,3411,261.20502216995425,99987,38,14,7,2,948,477,0.014251852740856311,24,12,49266,49640,663,330,0,0,0,0,0,0,98628,0,0,5,0,0,0,0,0,0,0,1354,0,0,0,0,0,0
261,3411,262.287045168713,99987,40,14,7,2,956,480,0.014361867042715554,22,9,49262,49641,667,332,0,0,0,0,0,0,98619,0,0,5,0,0,0,0,0,0,0,1363,0,0,0,0,0,0
262,3411,263.0242531223891,99987,39,15,7,2,958,482,0.014401872243391642,22,11,49260,49639,670,331,0,0,0,0,0,0,98615,0,0,5,0,0,0,0,0,0,0,1367,0,0,0,0,0,0
263,3411,264.00634085435684,99987,39,15,7,2,961,485,0.014461880044405772,23,8,49261,49640,668,333,0,0,0,0,0,0,98609,0,0,5,0,0,0,0,0,0,0,1373,0,0,0,0,0,0
264,3411,265.167021923506,99987,40,16,7,2,972,488,0.01460189824677208,20,12,49256,49633,675,335,0,0,0,0,0,0,98599,0,0,7,0,0,0,0,0,0,0,1381,0,0,0,0,0,0
265,3411,266.2068366003207,99987,38,17,7,2,976,491,0.014671907347955234,20,13,49255,49633,678,333,0,0,0,0,0,0,98591,0,0,7,0,0,0,0,0,0,0,1389,0,0,0,0,0,0
266,3411,267.22633196485526,99987,39,14,7,2,980,491,0.014711912548631322,19,15,49254,49632,679,335,0,0,0,0,0,0,98585,0,0,7,0,0,0,0,0,0,0,1395,0,0,0,0,0,0
267,3411,268.1459002159879,99987,38,16,7,2,988,495,0.014831928150659585,21,15,49246,49630,686,335,0,0,0,0,0,0,98574,0,0,7,0,0,0,0,0,0,0,1406,0,0,0,0,0,0
268,3411,269.017593148917,99987,38,15,7,2,991,495,0.014861932051166652,22,20,49244,49625,687,336,0,0,0,0,0,0,98570,0,0,7,0,0,0,0,0,0,0,1410,0,0,0,0,0,0
269,3411,270.03923648044315,99987,37,19,7,2,995,500,0.01495194375268785,26,17,49238,49624,690,336,0,0,0,0,0,0,98564,0,0,7,0,0,0,0,0,0,0,1416,0,0,0,0,0,0
270,3411,271.02863212723275,99987,35,18,7,2,999,503,0.015021952853871003,33,16,49229,49622,694,340,0,0,0,0,0,0,98554,0,0,7,0,0,0,0,0,0,0,1426,0,0,0,0,0,0
271,3411,272.1518136100993,99987,37,18,7,2,1005,510,0.015151969756068289,32,11,49226,49624,696,343,0,0,0,0,0,0,98543,0,0,7,0,0,0,0,0,0,0,1437,0,0,0,0,0,0
272,3411,273.05913886846474,99987,39,20,7,2,1015,513,0.015281986658265575,29,13,49220,49620,703,343,0,0,0,0,0,0,98534,0,0,7,0,0,0,0,0,0,0,1446,0,0,0,0,0,0
273,3411,274.17537330732875,99986,36,21,8,2,1019,517,0.015362150701098153,34,12,49215,49618,705,345,0,0,0,0,0,0,98524,0,0,7,0,0,0,0,0,0,0,1455,0,0,0,0,0,0
274,3411,275.2174759120243,99986,40,25,8,2,1032,523,0.015552177304822674,31,8,49208,49617,711,346,0,0,0,0,0,0,98513,0,0,7,0,0,0,0,0,0,0,1466,0,0,0,0,0,0
275,3411,276.21450259043326,99986,43,23,8,2,1037,525,0.015622187106194868,33,10,49203,49614,711,349,0,0,0,0,0,0,98507,0,0,7,0,0,0,0,0,0,0,1472,0,0,0,0,0,0
276,3411,277.0207634803864,99986,43,22,8,2,1046,526,0.015722201108155143,27,11,49201,49615,719,348,0,0,0,0,0,0,98496,0,0,7,0,0,0,0,0,0,0,1483,0,0,0,0,0,0
277,3411,278.0164587156796,99986,35,22,8,2,1046,527,0.01573220250835117,33,14,49195,49611,727,349,0,0,0,0,0,0,98487,0,0,7,0,0,0,0,0,0,0,1492,0,0,0,0,0,0
278,3411,279.30460740906614,99986,36,24,8,2,1052,531,0.015832216510311442,36,14,49189,49608,729,350,0,0,0,0,0,0,98480,0,0,7,0,0,0,0,0,0,0,1499,0,0,0,0,0,0
279,3411,280.010402499878,99986,39,23,8,2,1058,535,0.015932230512271717,33,11,49187,49609,731,353,0,0,0,0,0,0,98472,0,0,7,0,0,0,0,0,0,0,1507,0,0,0,0,0,0
280,3411,281.10150981809267,99986,41,23,8,2,1069,538,0.0160722501150161,28,9,49182,49610,739,354,0,0,0,0,0,0,98460,0,0,7,0,0,0,0,0,0,0,1519,0,0,0,0,0,0
281,3411,282.10364121019467,99986,45,23,8,2,1076,542,0.016182265517172403,24,10,49181,49606,740,357,0,0,0,0,0,0,98453,0,0,7,0,0,0,0,0,0,0,1526,0,0,0,0,0,0
282,3411,283.23590071901714,99985,45,23,8,3,1087,544,0.016312446867030053,18,9,49178,49606,749,357,0,0,0,0,0,0,98440,0,0,7,0,0,0,0,0,0,0,1538,0,0,0,0,0,0
283,3411,284.0346803471417,99984,41,24,9,3,1092,545,0.01637261961913906,18,12,49176,49603,754,356,0,0,0,0,0,0,98431,0,0,7,0,0,0,0,0,0,0,1546,0,0,0,0,0,0
284,3411,285.17005104231555,99984,43,19,9,3,1100,545,0.01645263242118739,19,15,49170,49602,757,359,0,0,0,0,0,0,98420,0,0,7,0,0,0,0,0,0,0,1557,0,0,0,0,0,0
285,3411,286.17139055481505,99984,43,22,9,3,1105,550,0.0165526484237478,18,12,49166,49601,762,360,0,0,0,0,0,0,98413,0,0,7,0,0,0,0,0,0,0,1564,0,0,0,0,0,0
286,3411,287.08750415240024,99984,40,21,9,3,1108,551,0.016592654824771964,24,17,49159,49599,766,358,0,0,0,0,0,0,98405,0,0,7,0,0,0,0,0,0,0,1572,0,0,0,0,0,0
287,3411,288.0342060949289,99984,43,24,9,3,1114,557,0.016712674027844456,29,15,49150,49598,767,358,0,0,0,0,0,0,98399,0,0,7,0,0,0,0,0,0,0,1578,0,0,0,0,0,0
288,3411,289.03091889678905,99984,44,25,9,3,1123,564,0.016872699631941112,37,11,49136,49597,772,362,0,0,0,0,0,0,98385,0,0,7,0,0,0,0,0,0,0,1592,0,0,0,0,0,0
289,3411,290.1718907353858,99984,46,23,9,3,1132,568,0.017002720435269642,40,8,49125,49597,778,367,0,0,0,0,0,0,98372,0,0,7,0,0,0,0,0,0,0,1605,0,0,0,0,0,0
290,3411,291.2032416292859,99984,50,24,9,3,1144,573,0.01717274763962234,33,8,49122,49594,784,369,0,0,0,0,0,0,98360,0,0,7,0,0,0,0,0,0,0,1617,0,0,0,0,0,0
291,3411,292.06475028904555,99984,57,22,9,3,1153,576,0.01729276684269483,31,8,49115,49592,786,373,0,0,0,0,0,0,98353,0,0,7,0,0,0,0,0,0,0,1624,0,0,0,0,0,0
292,3411,293.0923730500709,99984,58,22,9,3,1166,579,0.017452792446791487,35,11,49101,49587,795,375,0,0,0,0,0,0,98338,0,0,7,0,0,0,0,0,0,0,1639,0,0,0,0,0,0
293,3411,294.2235585768856,99984,57,20,9,3,1174,581,0.017552808449351896,37,14,49091,49585,804,376,0,0,0,0,0,0,98325,0,0,7,0,0,0,0,0,0,0,1652,0,0,0,0,0,0
294,3411,295.14932612177194,99984,66,17,9,3,1187,582,0.01769283085293647,30,14,49088,49585,805,379,0,0,0,0,0,0,98317,0,0,7,0,0,0,0,0,0,0,1660,0,0,0,0,0,0
295,3411,296.14555739397406,99984,63,13,9,3,1192,582,0.017742838854216673,38,17,49076,49583,812,382,0,0,0,0,0,0,98305,0,0,7,0,0,0,0,0,0,0,1672,0,0,0,0,0,0
296,3411,297.28585347137425,99984,62,14,9,3,1195,585,0.01780284845575292,41,16,49071,49584,815,381,0,0,0,0,0,0,98299,0,0,7,0,0,0,0,0,0,0,1678,0,0,0,0,0,0
297,3411,298.0475412187002,99984,61,15,9,3,1206,589,0.017952872459593535,34,15,49070,49582,824,383,0,0,0,0,0,0,98284,0,0,7,0,0,0,0,0,0,0,1693,0,0,0,0,0,0
298,3411,299.0503572686296,99984,62,14,9,3,1213,592,0.018052888462153943,38,14,49061,49580,828,387,0,0,0,0,0,0,98276,0,0,9,0,0,0,0,0,0,0,1699,0,0,0,0,0,0
299,3411,300.1707590674032,99984,61,17,9,3,1225,596,0.0182129140662506,37,16,49055,49577,836,385,0,0,0,0,0,0,98262,0,0,9,0,0,0,0,0,0,0,1713,0,0,0,0,0,0
300,3411,301.2084150476209,99984,65,18,9,3,1236,600,0.018362938070091213,39,14,49042,49577,843,386,0,0,0,0,0,0,98252,0,0,9,0,0,0,0,0,0,0,1723,0,0,0,0,0,0
301,3411,302.0774871159553,99984,64,18,9,3,1244,602,0.018462954072651624,38,17,49037,49576,850,384,0,0,0,0,0,0,98242,0,0,10,0,0,0,0,0,0,0,1732,0,0,0,0,0,0
302,3411,303.1939295578727,99984,66,18,9,3,1253,604,0.018572971675468074,39,19,49031,49572,853,386,0,0,0,0,0,0,98233,0,0,10,0,0,0,0,0,0,0,1741,0,0,0,0,0,0
303,3411,304.1405775031857,99984,72,19,9,3,1265,607,0.01872299567930869,42,24,49017,49565,858,387,0,0,0,0,0,0,98225,0,0,10,0,0,0,0,0,0,0,1749,0,0,0,0,0,0
304,3411,305.22289321226856,99984,72,24,9,3,1277,614,0.018913026084173466,43,25,49005,49557,869,389,0,0,0,0,0,0,98211,0,0,10,0,0,0,0,0,0,0,1763,0,0,0,0,0,0
305,3411,306.22197319029516,99984,78,29,9,3,1294,622,0.019163066090574492,31,20,49003,49556,877,390,0,0,0,0,0,0,98197,0,0,10,0,0,0,0,0,0,0,1777,0,0,0,0,0,0
306,3411,307.22117829491725,99984,81,30,9,3,1301,627,0.019283085293646984,33,18,48997,49553,878,394,0,0,0,0,0,0,98189,0,0,10,0,0,0,0,0,0,0,1785,0,0,0,0,0,0
307,3411,308.0512528316573,99984,77,22,9,3,1308,630,0.019383101296207392,37,19,48988,49549,887,405,0,0,0,0,0,0,98167,0,0,10,0,0,0,0,0,0,0,1807,0,0,0,0,0,0
308,3411,309.14014032444106,99984,77,24,9,3,1317,637,0.019543126900304048,36,17,48982,49545,894,409,0,0,0,0,0,0,98153,0,0,10,0,0,0,0,0,0,0,1821,0,0,0,0,0,0
309,3411,310.1824639848408,99984,73,24,9,3,1323,639,0.019623139702352375,39,18,48976,49546,901,407,0,0,0,0,0,0,98142,0,0,11,0,0,0,0,0,0,0,1831,0,0,0,0,0,0
310,3411,311.0839619869629,99984,73,28,9,3,1332,644,0.01976316210593695,38,18,48975,49541,903,408,0,0,0,0,0,0,98132,0,0,11,0,0,0,0,0,0,0,1841,0,0,0,0,0,0
311,3411,312.1713126363995,99984,71,30,9,3,1341,647,0.019883181309009443,42,22,48970,49535,906,408,0,0,0,0,0,0,98120,0,0,11,0,0,0,0,0,0,0,1853,0,0,0,0,0,0
312,3411,313.1711439213344,99984,75,28,9,3,1357,650,0.02007321171387422,38,20,48960,49534,916,413,0,0,0,0,0,0,98103,0,0,11,0,0,0,0,0,0,0,1870,0,0,0,0,0,0
313,3411,314.1711679713725,99984,81,25,9,3,1372,650,0.020223235717714835,30,24,48955,49531,923,415,0,0,0,0,0,0,98091,0,0,11,0,0,0,0,0,0,0,1882,0,0,0,0,0,0
314,3411,315.1713505944055,99984,80,26,9,3,1382,655,0.02037325972155545,39,28,48940,49526,930,415,0,0,0,0,0,0,98077,0,0,12,0,0,0,0,0,0,0,1895,0,0,0,0,0,0
315,3411,316.17173886099204,99984,83,27,9,3,1392,664,0.020563290126420226,45,26,48924,49519,937,423,0,0,0,0,0,0,98062,0,0,12,0,0,0,0,0,0,0,1910,0,0,0,0,0,0
316,3411,317.1723202355564,99984,88,29,9,3,1405,669,0.020743318931028966,44,28,48919,49513,938,425,0,0,0,0,0,0,98051,0,0,12,0,0,0,0,0,0,0,1921,0,0,0,0,0,0
317,3411,318.1729837834387,99984,83,31,9,3,1417,676,0.020933349335893744,48,24,48906,49511,952,429,0,0,0,0,0,0,98029,0,0,12,0,0,0,0,0,0,0,1943,0,0,0,0,0,0
318,3411,319.1738997433208,99983,81,34,10,3,1428,682,0.02110358760989368,49,25,48897,49505,961,431,0,0,0,0,0,0,98013,0,0,12,0,0,0,0,0,0,0,1958,0,0,0,0,0,0
319,3411,320.1749647679371,99982,76,35,11,3,1434,689,0.021233822087975834,53,28,48889,49496,968,435,1,1,1,1,0,0,97994,0,0,12,0,0,0,0,0,0,2,1974,0,0,0,0,0,0
320,3411,321.22186122814094,99982,79,37,11,3,1448,696,0.02144385989478106,50,30,48881,49489,975,437,2,2,2,2,0,0,97976,0,0,12,0,0,0,0,0,0,4,1990,0,0,0,0,0,0
321,3411,322.1255473063644,99982,79,35,11,3,1457,698,0.021553879698345702,46,32,48879,49484,980,441,3,3,3,3,0,0,97961,0,0,12,0,0,0,0,0,0,6,2003,0,0,0,0,0,0
322,3411,323.04345210694675,99981,83,37,11,4,1472,709,0.021814144687490624,53,37,48863,49468,984,448,4,4,4,4,0,0,97939,0,0,12,0,0,0,0,0,0,8,2022,0,0,0,0,0,0
323,3411,324.03364033286726,99981,83,40,11,4,1480,718,0.021984176993628788,53,34,48855,49463,990,451,6,6,6,6,0,0,97921,0,0,12,0,0,0,0,0,0,12,2036,0,0,0,0,0,0
324,3411,325.0898444454633,99981,91,47,11,4,1501,736,0.022374251107710463,51,29,48838,49448,999,462,8,8,8,8,0,0,97894,0,0,13,0,0,0,0,0,0,16,2058,0,0,0,0,0,0
325,3411,326.0257060759083,99981,88,50,11,4,1509,742,0.022514277712765426,51,32,48831,49438,1007,463,10,11,11,10,0,0,97875,0,0,13,0,0,0,0,0,0,21,2072,0,0,0,0,0,0
326,3411,327.0197020189694,99981,96,50,11,4,1526,749,0.022754323321431073,56,32,48811,49428,1011,470,13,14,14,13,0,0,97853,0,0,13,0,0,0,0,0,0,27,2088,0,0,0,0,0,0
327,3411,328.02593825379284,99981,101,42,11,4,1543,755,0.02298436702973565,55,34,48794,49418,1021,482,16,18,18,16,0,0,97820,0,0,13,0,0,0,0,0,0,34,2114,0,0,0,0,0,0
328,3411,329.02795477029326,99981,99,48,11,4,1553,765,0.023184405036957022,63,32,48775,49405,1030,486,20,23,23,20,0,0,97795,0,0,13,0,0,0,0,0,0,43,2130,0,0,0,0,0,0
329,3411,330.0851280801854,99981,99,52,11,4,1571,775,0.023464458247066944,65,28,48754,49397,1046,488,23,29,29,24,0,0,97761,0,0,13,0,0,0,0,0,0,53,2154,0,0,0,0,0,0
330,3411,331.21025011983755,99981,105,49,11,4,1593,783,0.023764515257899,60,25,48735,49387,1059,497,28,36,36,29,0,0,97724,0,0,13,0,0,0,0,0,0,63,2179,2,0,0,0,0,0
331,3411,332.2141848001426,99981,106,50,11,4,1607,790,0.023974555165481443,57,26,48721,49374,1069,500,34,44,44,35,0,0,97691,0,0,13,0,0,0,0,0,0,77,2198,2,0,0,0,0,0
332,3411,333.21841345629264,99981,107,51,11,4,1622,795,0.024174593172702815,63,27,48699,49359,1078,504,40,53,53,41,0,0,97658,0,0,13,0,0,0,0,0,0,92,2216,2,0,0,0,0,0
333,3411,334.2229923296869,99981,109,54,11,4,1638,801,0.024394634980646323,55,26,48685,49344,1091,507,47,63,63,48,0,0,97625,0,0,14,0,0,0,0,0,0,109,2231,2,0,0,0,0,0
334,3411,335.2279060173002,99981,111,49,11,4,1659,807,0.024664686290395175,47,25,48666,49332,1108,514,55,74,74,56,0,0,97576,0,0,14,0,0,0,0,0,0,128,2261,2,0,0,0,0,0
335,3411,336.23328422334777,99981,107,49,11,4,1672,814,0.024864724297616547,52,27,48646,49312,1119,520,63,86,86,64,0,0,97534,0,0,15,0,0,0,0,0,0,147,2282,3,0,0,0,0,0
336,3411,337.23910875001417,99981,112,48,11,4,1690,821,0.025114771806643264,57,28,48616,49293,1131,526,71,99,100,73,0,0,97490,0,0,15,0,0,0,0,0,0,170,2303,3,0,0,0,0,0
337,3411,338.24540362467155,99981,113,41,11,4,1706,824,0.025304807913503567,53,34,48595,49270,1145,535,81,114,115,83,0,0,97441,0,0,16,0,0,0,0,0,0,195,2326,3,0,0,0,0,0
338,3411,339.25216843035525,99981,107,42,11,4,1717,836,0.025534851621808144,56,31,48575,49246,1158,544,91,131,132,94,0,0,97386,0,0,16,0,0,0,0,0,0,222,2353,4,0,0,0,0,0
339,3411,340.2594032905786,99981,99,45,11,4,1728,848,0.02576489533011272,62,27,48555,49222,1168,551,103,149,150,106,0,0,97329,0,0,16,0,0,0,0,0,0,251,2380,5,0,0,0,0,0
340,3411,341.2670426183034,99981,108,48,11,4,1744,854,0.02598493713805623,63,32,48533,49193,1168,553,115,168,170,118,0,0,97287,0,0,16,0,0,0,0,0,0,283,2390,5,0,0,0,0,0
341,3411,342.27504230275025,99980,104,46,12,4,1757,859,0.026165233046609324,69,33,48503,49169,1182,557,128,189,191,131,0,0,97231,0,0,16,0,0,0,0,0,0,315,2411,7,0,0,0,0,0
342,3411,343.2836018184413,99980,106,48,12,4,1772,867,0.026395279055811162,70,32,48476,49142,1192,562,142,210,214,145,0,0,97175,0,0,16,0,0,0,0,0,0,352,2430,7,0,0,0,0,0
343,3411,344.2926839235552,99980,111,46,12,4,1791,875,0.026665333066613322,67,39,48446,49103,1205,571,157,235,239,160,0,0,97111,0,0,16,0,0,0,0,0,0,392,2454,7,0,0,0,0,0
344,3411,345.3023528825876,99979,107,49,13,4,1809,887,0.02696566278918573,66,36,48417,49070,1222,577,173,262,266,176,0,0,97038,0,0,17,0,0,0,0,0,0,435,2482,7,0,0,0,0,0
345,3411,346.3126754843911,99979,114,46,13,4,1830,893,0.02723571950109523,68,43,48381,49030,1232,586,190,289,295,193,0,0,96970,0,0,17,0,0,0,0,0,0,480,2504,8,0,0,0,0,0
346,3411,347.32360052625836,99979,112,50,13,4,1845,901,0.02746576781124036,66,47,48356,48989,1245,589,206,319,326,211,0,0,96901,0,0,17,0,0,0,0,0,0,528,2524,9,0,0,0,0,0
347,3411,348.33503430750085,99979,111,48,13,4,1860,911,0.027715820322267676,66,43,48327,48955,1256,597,225,351,359,230,0,0,96822,0,0,17,0,0,0,0,0,0,579,2551,10,0,0,0,0,0
348,3411,349.00968987595047,99979,104,44,13,4,1867,914,0.0278158413266786,75,48,48296,48915,1265,602,245,385,394,250,0,0,96747,0,0,17,0,0,0,0,0,0,633,2571,11,0,0,0,0,0
349,3411,350.0224137982839,99979,105,49,13,4,1880,925,0.028055891737264825,84,40,48258,48881,1272,603,266,421,431,271,0,0,96674,0,0,18,0,0,0,0,0,0,689,2585,13,0,0,0,0,0
350,3411,351.0358806029654,99979,98,54,13,4,1895,936,0.028315946348733235,82,39,48224,48834,1293,607,288,460,470,293,0,0,96587,0,0,19,0,0,0,0,0,0,749,2610,14,0,0,0,0,0
351,3411,352.05005472052994,99979,102,53,13,4,1914,943,0.02857600096020164,80,43,48198,48786,1294,612,311,500,511,316,0,0,96505,0,0,20,0,0,0,0,0,0,809,2627,18,0,0,0,0,0
352,3411,353.064828557738,99978,104,56,14,4,1935,950,0.028856348396647264,68,44,48172,48739,1307,615,333,540,554,340,0,0,96416,0,0,20,0,0,0,0,0,0,875,2648,19,0,0,0,0,0
353,3411,354.08017219631733,99978,106,55,14,4,1953,959,0.029126407809718136,59,41,48147,48698,1315,618,357,582,599,365,0,0,96323,0,0,21,0,0,0,0,0,0,943,2670,21,0,0,0,0,0
354,3411,355.0961386061909,99978,112,57,14,4,1971,971,0.029426473824241333,58,35,48114,48649,1317,626,383,627,647,391,0,0,96228,0,0,21,0,0,0,0,0,0,1016,2691,22,0,0,0,0,0
355,3411,356.1127425603278,99978,111,55,14,4,1982,980,0.029626517833923463,63,37,48083,48594,1320,632,407,676,697,418,0,0,96130,0,0,22,0,0,0,0,0,0,1092,2711,23,0,0,0,0,0
356,3411,357.12994608866506,99978,121,57,14,4,2002,989,0.029916581647962553,62,37,48044,48540,1325,632,432,728,750,446,0,0,96036,0,0,23,0,0,0,0,0,0,1170,2723,26,0,0,0,0,0
357,3411,358.14788516433117,99978,113,64,14,4,2012,998,0.030106623457160576,69,38,48005,48480,1338,632,459,780,805,475,0,0,95936,0,0,23,0,0,0,0,0,0,1250,2739,30,0,0,0,0,0
358,3411,359.1666512484537,99978,115,62,14,4,2031,1010,0.030416691672167876,68,39,47964,48413,1350,645,487,835,863,505,0,0,95821,0,0,24,0,0,0,0,0,0,1335,2765,33,0,0,0,0,0
359,3411,360.18625007919195,99978,128,64,14,4,2055,1022,0.03077677088959571,59,37,47922,48348,1359,654,516,891,923,536,0,0,95710,0,0,24,0,0,0,0,0,0,1425,2785,34,0,0,0,0,0
360,3411,361.206675620677,99978,125,63,14,4,2072,1028,0.03100682150073016,58,45,47884,48279,1374,659,543,948,986,568,0,0,95590,0,0,24,0,0,0,0,0,0,1518,2810,36,0,0,0,0,0
361,3411,362.22795684804066,99978,121,63,14,4,2086,1037,0.03123687211186461,72,47,47831,48208,1386,667,574,1009,1051,602,0,0,95468,0,0,24,0,0,0,0,0,0,1613,2833,40,0,0,0,0,0
362,3411,363.25014589465087,99978,121,64,14,4,2099,1048,0.03147692492348317,83,41,47784,48144,1389,674,607,1071,1119,637,0,0,95347,0,0,24,0,0,0,0,0,0,1711,2851,45,0,0,0,0,0
363,3411,364.27336093913294,99977,120,61,15,4,2114,1055,0.03169729037678666,82,45,47738,48070,1401,683,642,1135,1189,673,0,0,95217,0,0,25,0,0,0,0,0,0,1816,2873,46,0,0,0,0,0
364,3411,365.2975603909758,99977,120,66,15,4,2137,1069,0.03206737549636417,82,35,47686,48001,1417,685,678,1207,1262,710,0,0,95081,0,0,25,0,0,0,0,0,0,1920,2899,52,0,0,0,0,0
365,3411,366.3228425571938,99977,117,65,15,4,2153,1079,0.032327435310121326,87,36,47634,47921,1430,692,715,1280,1338,748,0,0,94939,0,0,25,0,0,0,0,0,0,2032,2927,54,0,0,0,0,0
366,3411,367.0069868739276,99977,124,68,15,4,2167,1088,0.032557488222291125,82,29,47593,47845,1435,694,749,1358,1417,787,0,0,94812,0,0,25,0,0,0,0,0,0,2146,2936,58,0,0,0,0,0
367,3411,368.0342685922473,99977,140,61,15,4,2201,1094,0.03295758024345599,65,31,47544,47765,1447,703,787,1434,1498,828,0,0,94661,0,0,25,0,0,0,0,0,0,2266,2965,60,0,0,0,0,0
368,3411,369.06261597136483,99977,134,61,15,4,2213,1102,0.03315762625403843,73,34,47493,47673,1457,711,826,1515,1582,870,0,0,94513,0,0,25,0,0,0,0,0,0,2388,2987,64,0,0,0,0,0
369,3411,370.09202242152844,99977,134,63,15,4,2236,1113,0.033497704472028565,70,36,47444,47584,1470,715,865,1596,1669,913,0,0,94353,0,0,25,0,0,0,0,0,0,2516,3017,66,0,0,0,0,0
370,3411,371.1225234096685,99977,132,63,15,4,2253,1123,0.033767766586314855,75,33,47390,47499,1480,719,906,1680,1759,957,0,0,94193,0,0,25,0,0,0,0,0,0,2647,3043,69,0,0,0,0,0
371,3411,372.15416362559716,99976,119,66,15,5,2265,1137,0.034028166760022405,78,29,47340,47404,1501,727,945,1767,1852,1002,0,0,94023,0,0,27,0,0,0,0,0,0,2783,3072,71,0,0,0,0,0
372,3411,373.18699941038193,99976,124,62,15,5,2292,1147,0.03439825558133952,72,26,47280,47316,1516,731,991,1858,1947,1049,0,0,93849,0,0,28,0,0,0,0,0,0,2922,3103,74,0,0,0,0,0
373,3411,374.22111012259205,99976,134,59,15,5,2312,1154,0.034668320396895255,71,29,47229,47226,1514,736,1035,1943,2045,1097,0,0,93691,0,0,28,0,0,0,0,0,0,3060,3115,82,0,0,0,0,0
374,3411,375.2563156045961,99976,130,58,15,5,2330,1160,0.03490837801072257,73,31,47167,47128,1530,738,1083,2038,2146,1146,0,0,93516,0,0,28,0,0,0,0,0,0,3206,3140,86,0,0,0,0,0
375,3411,376.29286135290124,99976,123,59,15,5,2349,1169,0.035188445226854444,77,29,47111,47021,1543,745,1129,2139,2250,1196,0,0,93330,0,0,28,0,0,0,0,0,0,3358,3172,88,0,0,0,0,0
376,3411,377.3306977944402,99976,141,47,15,5,2377,1173,0.03550852204529087,68,33,47054,46920,1540,755,1180,2238,2357,1248,0,0,93149,0,0,28,0,0,0,0,0,0,3513,3194,92,0,0,0,0,0
377,3411,378.0232507922982,99976,139,51,15,5,2387,1179,0.035668560454509085,72,36,46998,46809,1543,755,1231,2342,2467,1301,0,0,92977,0,0,28,0,0,0,0,0,0,3671,3203,97,0,0,0,0,0
378,3411,379.0634811946902,99975,142,49,16,5,2410,1186,0.035968992248062014,70,42,46932,46692,1557,762,1281,2448,2580,1355,0,0,92788,0,0,29,0,0,0,0,0,0,3832,3223,103,0,0,0,0,0
379,3411,380.1050749621775,99975,136,58,16,5,2428,1199,0.03627906976744186,67,37,46876,46578,1575,764,1328,2556,2695,1410,0,0,92595,0,0,29,0,0,0,0,0,0,3997,3246,108,0,0,0,0,0
380,3411,381.1480152103407,99974,133,64,17,5,2451,1212,0.03663952627683198,65,37,46813,46457,1594,766,1376,2669,2813,1467,0,0,92392,0,0,29,0,0,0,0,0,0,4167,3273,113,0,0,0,0,0
381,3411,382.192314993264,99974,130,58,17,5,2465,1223,0.036889591293736375,71,41,46753,46336,1603,778,1424,2780,2934,1525,0,0,92181,0,0,30,0,0,0,0,0,0,4345,3304,114,0,0,0,0,0
382,3411,383.2379861379541,99974,135,61,17,5,2486,1238,0.0372496849180787,80,34,46684,46218,1609,785,1473,2895,3058,1584,0,0,91978,0,0,30,0,0,0,0,0,0,4520,3324,122,0,0,0,0,0
383,3411,384.28505734086286,99974,136,62,17,5,2506,1246,0.03752975773701162,82,39,46623,46092,1615,788,1525,3012,3185,1644,0,0,91772,0,0,31,0,0,0,0,0,0,4701,3342,128,0,0,0,0,0
384,3411,385.33345414431983,99974,131,63,17,5,2526,1257,0.037839838357973075,84,40,46556,45965,1633,795,1577,3130,3315,1705,0,0,91552,0,0,31,0,0,0,0,0,0,4886,3371,134,0,0,0,0,0
385,3411,386.03322475831743,99974,131,65,17,5,2542,1265,0.03807990077420129,79,37,46494,45836,1641,798,1636,3257,3448,1768,0,0,91343,0,0,31,0,0,0,0,0,0,5073,3384,143,0,0,0,0,0
386,3411,387.08459879929427,99974,129,70,17,5,2559,1278,0.03837997879448657,80,31,46426,45710,1652,802,1694,3380,3583,1832,0,0,91123,0,0,32,0,0,0,0,0,0,5267,3404,148,0,0,0,0,0
387,3411,388.1375518817438,99974,136,66,17,5,2587,1284,0.03872006721747654,77,31,46349,45583,1666,806,1753,3507,3721,1897,0,0,90898,0,0,32,0,0,0,0,0,0,5461,3426,157,0,0,0,0,0
388,3411,389.1922118822763,99974,144,66,17,5,2605,1294,0.03900014003640947,72,37,46283,45443,1667,809,1815,3638,3862,1963,0,0,90678,0,0,32,1,0,0,0,0,0,5662,3439,162,0,0,0,0,0
389,3411,390.24835812154305,99974,146,73,17,5,2624,1307,0.03932022325804709,73,38,46211,45306,1676,811,1875,3765,4006,2031,0,0,90453,0,0,33,1,0,0,0,0,0,5865,3451,171,0,0,0,0,0
390,3411,391.3060736302098,99974,143,77,17,5,2643,1320,0.039640306479684716,79,34,46127,45173,1693,812,1939,3897,4153,2100,0,0,90215,0,0,33,1,0,0,0,0,0,6072,3473,180,0,0,0,0,0
391,3411,392.01220613260926,99974,135,74,17,5,2650,1324,0.039750335087122654,83,35,46057,45032,1700,817,2006,4035,4302,2170,0,0,89982,0,0,35,1,0,0,0,0,0,6285,3485,186,0,0,0,0,0
392,3411,393.073426421233,99974,130,65,17,5,2668,1330,0.03999039750335087,91,35,45978,44894,1710,825,2072,4174,4454,2241,0,0,89728,0,0,35,2,0,0,0,0,0,6502,3516,191,0,0,0,0,0
393,3411,394.13649036503074,99974,135,67,17,5,2687,1339,0.04027047032228379,84,34,45905,44747,1715,829,2142,4316,4609,2314,0,0,89485,0,0,37,2,0,0,0,0,0,6726,3529,195,0,0,0,0,0
394,3411,395.20121805784925,99974,147,66,17,5,2716,1351,0.040680576950007,69,33,45828,44604,1728,835,2209,4455,4766,2388,0,0,89230,0,0,37,2,0,0,0,0,0,6951,3553,201,0,0,0,0,0
395,3411,396.2677754138099,99974,139,66,17,5,2734,1359,0.04094064456758757,68,35,45751,44466,1747,832,2276,4594,4926,2463,0,0,88972,0,0,38,2,0,0,0,0,0,7176,3575,211,0,0,0,0,0
396,3411,397.33623279286167,99974,133,57,17,5,2752,1367,0.041200712185168145,80,40,45668,44312,1763,845,2337,4739,5088,2539,0,0,88702,0,0,38,2,0,0,0,0,0,7405,3607,220,0,0,0,0,0
397,3411,398.04964410333815,99974,126,56,17,5,2768,1376,0.04145077720207254,80,32,45587,44162,1782,850,2406,4893,5253,2616,0,0,88436,0,0,38,2,0,0,0,0,0,7638,3631,229,0,0,0,0,0
398,3411,399.12198556831544,99974,134,61,17,5,2793,1389,0.04183087602776722,81,25,45501,44014,1791,851,2474,5042,5421,2694,0,0,88171,0,0,38,2,0,0,0,0,0,7878,3650,235,0,0,0,0,0
399,3411,400.19630063648617,99974,135,61,17,5,2808,1395,0.042040930641966914,87,32,45420,43859,1796,852,2543,5189,5591,2774,0,0,87905,0,0,38,2,0,0,0,0,0,8124,3666,239,0,0,0,0,0
400,3411,401.2724729710178,99974,143,57,17,5,2841,1402,0.042441034669013944,72,33,45333,43705,1814,854,2619,5344,5763,2855,0,0,87625,0,0,39,2,0,0,0,0,0,8369,3692,247,0,0,0,0,0
401,3411,402.3507515655959,99974,144,52,17,5,2861,1409,0.04271110488727069,75,36,45254,43544,1822,858,2686,5503,5938,2937,0,0,87345,0,0,39,2,0,0,0,0,0,8618,3715,255,0,0,0,0,0
402,3411,403.07066837945695,99974,147,49,17,5,2879,1412,0.04292115950147038,74,40,45165,43380,1831,858,2764,5666,6115,3020,0,0,87072,0,0,39,2,0,0,0,0,0,8870,3728,263,0,0,0,0,0
403,3411,404.15288473244254,99974,149,48,17,5,2902,1423,0.04326124792446036,66,42,45088,43215,1841,863,2837,5825,6295,3104,0,0,86793,0,0,39,2,0,0,0,0,0,9116,3743,281,0,0,0,0,0
404,3411,405.23711643085477,99974,138,54,17,5,2919,1433,0.04353131814271711,70,40,45004,43051,1858,859,2911,5989,6477,3189,0,0,86505,0,0,40,2,0,0,0,0,0,9373,3763,291,0,0,0,0,0
405,3411,406.3233714669506,99974,137,55,17,5,2939,1441,0.04381139096165003,71,39,44924,42883,1864,861,2985,6155,6661,3276,0,0,86222,0,0,40,2,0,0,0,0,0,9628,3775,307,0,0,0,0,0
406,3411,407.0486536066401,99974,130,58,17,5,2950,1446,0.04397143257246884,75,41,44836,42705,1873,860,3067,6329,6847,3364,0,0,85936,0,0,40,2,0,0,0,0,0,9894,3787,315,0,0,0,0,0
407,3411,408.1390781476885,99974,131,66,17,5,2974,1461,0.0443615339988397,80,41,44748,42532,1884,861,3138,6493,7035,3453,0,0,85649,0,0,40,2,0,0,0,0,0,10151,3797,335,0,0,0,0,0
408,3411,409.23150976040586,99974,127,58,17,5,2990,1470,0.044611599015744095,78,43,44664,42364,1893,870,3219,6658,7225,3543,0,0,85341,0,0,41,2,0,0,0,0,0,10423,3824,343,0,0,0,0,0
409,3411,410.326066175202,99974,112,60,17,5,3007,1483,0.04491167703602937,83,41,44568,42195,1915,873,3303,6824,7417,3634,0,0,85026,0,0,42,2,0,0,0,0,0,10696,3855,353,0,0,0,0,0
410,3411,411.0571359133304,99974,116,62,17,5,3019,1488,0.04508172124752435,82,42,44481,42020,1915,869,3387,7000,7611,3726,0,0,84743,0,0,42,2,0,0,0,0,0,10968,3852,367,0,0,0,0,0
411,3411,412.1562087386531,99974,120,58,17,5,3044,1496,0.045411807069838155,86,42,44389,41852,1923,873,3463,7168,7807,3819,0,0,84433,0,0,41,3,0,0,0,0,0,11245,3874,378,0,0,0,0,0
412,3411,413.2575167129145,99974,121,60,17,5,3065,1508,0.04574189289215196,83,40,44300,41671,1936,883,3541,7339,8005,3913,0,0,84118,0,0,41,3,0,0,0,0,0,11530,3897,385,0,0,0,0,0
413,3411,414.3610893767982,99973,128,59,17,6,3091,1515,0.046072439558680844,77,44,44210,41492,1947,883,3619,7514,8205,4008,0,0,83805,0,0,41,3,0,0,0,0,0,11816,3914,394,0,0,0,0,0
414,3411,415.0980194083603,99973,134,63,17,6,3106,1527,0.04634251247836916,73,38,44119,41313,1945,883,3710,7695,8407,4104,0,0,83501,0,0,41,3,0,0,0,0,0,12103,3920,405,0,0,0,0,0
415,3411,416.2059736906864,99973,130,68,17,6,3118,1539,0.046582577295869884,82,38,44028,41141,1947,881,3794,7864,8610,4201,0,0,83193,0,0,42,3,0,0,0,0,0,12389,3927,419,0,0,0,0,0
416,3411,417.3162298834949,99973,129,65,17,6,3140,1548,0.04689266101847499,80,48,43925,40958,1961,886,3886,8035,8815,4299,0,0,82872,0,0,42,3,0,0,0,0,0,12675,3945,436,0,0,0,0,0
417,3411,418.0578450585469,99973,130,64,17,6,3155,1556,0.047122723135246514,73,49,43844,40778,1962,886,3972,8215,9022,4398,0,0,82555,0,0,43,3,0,0,0,0,0,12970,3955,447,0,0,0,0,0
418,3411,419.1728567824523,99973,138,65,17,6,3180,1572,0.04753283386514359,63,40,43755,40608,1971,894,4054,8385,9230,4498,0,0,82229,0,0,45,3,0,0,0,0,0,13266,3971,459,0,0,0,0,0
419,3411,420.2901753448553,99973,130,67,17,6,3207,1578,0.047862922989207086,93,66,43633,40409,1997,893,4128,8557,9440,4599,0,0,81892,10,0,48,3,0,0,0,0,0,13567,3984,469,0,0,0,0,0
420,3411,421.30821744764035,99973,134,79,17,6,3226,1599,0.04826303101837496,113,68,43519,40212,2000,894,4215,8739,9651,4701,0,0,81566,30,4,47,4,0,0,0,0,0,13869,3978,475,0,0,0,0,0
421,3411,422.3286343118432,99973,141,79,17,6,3249,1612,0.04862312824462605,117,66,43419,40021,2008,899,4296,8927,9864,4804,0,0,81238,55,8,47,4,0,0,0,0,0,14168,3965,488,0,0,0,0,0
422,3411,423.01019095153424,99973,157,81,17,6,3276,1625,0.04902323627379392,107,69,43314,39819,2008,902,4395,9121,10078,4908,0,0,80917,75,10,47,4,0,0,0,0,0,14467,3948,505,0,0,0,0,0
423,3411,424.0353033049544,99973,151,88,17,6,3297,1650,0.04948336050733698,130,64,43195,39622,2023,916,4482,9302,10293,5013,0,0,80565,116,14,46,5,0,0,0,0,0,14774,3940,513,0,0,0,0,0
424,3411,425.06297678632427,99973,161,84,17,6,3328,1661,0.04990347393796325,145,71,43079,39421,2033,926,4563,9490,10509,5119,0,0,80228,147,17,47,6,0,0,0,0,0,15077,3923,528,0,0,0,0,0
425,3411,426.0931339592335,99973,193,91,17,6,3379,1678,0.05058365758754864,140,72,42957,39224,2043,930,4648,9675,10726,5226,0,0,79889,171,20,49,6,0,0,0,0,0,15389,3912,537,0,0,0,0,0
426,3411,427.12578701772856,99973,198,97,17,6,3418,1698,0.051173816930571256,142,75,42845,39034,2064,936,4732,9850,10945,5334,0,0,79527,213,23,52,6,0,0,0,0,0,15706,3902,544,0,0,0,0,0
427,3411,428.16112383063677,99972,203,93,18,6,3456,1715,0.051724482855199455,146,88,42731,38842,2082,941,4818,10028,11165,5442,0,0,79178,251,37,52,7,0,0,0,0,0,16002,3884,561,0,0,0,0,0
428,3411,429.199147204288,99972,208,107,18,6,3487,1736,0.05224462849597888,167,95,42603,38643,2087,935,4915,10212,11386,5551,0,0,78836,278,43,52,7,0,0,0,0,0,16311,3869,576,0,0,0,0,0
429,3411,430.2398472277093,99972,210,112,18,6,3530,1758,0.05289481054695315,167,96,42482,38440,2115,945,5006,10399,11607,5661,0,0,78465,331,45,55,7,0,0,0,0,0,16627,3853,589,0,0,0,0,0
430,3411,431.28335349478465,99972,227,117,18,6,3585,1780,0.053665026207338054,175,108,42349,38238,2142,955,5087,10574,11829,5772,0,0,78092,380,50,56,7,0,0,0,0,0,16946,3843,598,0,0,0,0,0
431,3411,432.32979411223454,99972,242,128,18,6,3637,1808,0.05446525027007562,174,108,42227,38038,2165,962,5172,10756,12052,5884,0,0,77727,426,57,57,7,0,0,0,0,0,17258,3826,614,0,0,0,0,0
432,3411,433.02897060974163,99972,257,133,18,6,3674,1833,0.05508542391869724,176,109,42106,37829,2177,975,5264,10946,12276,5996,0,0,77371,463,60,59,7,0,0,0,0,0,17574,3807,631,0,0,0,0,0
433,3411,434.0810568362071,99972,259,134,18,6,3720,1853,0.05574560877045573,201,114,41956,37642,2210,985,5354,11117,12500,6109,0,0,76988,518,68,59,7,0,0,0,0,0,17894,3798,640,0,0,0,0,0
434,3411,435.1364849374138,99972,267,155,18,6,3770,1891,0.05662585523946705,211,106,41823,37441,2237,992,5442,11298,12725,6223,0,0,76616,565,78,61,7,0,0,0,0,0,18209,3782,654,0,0,0,0,0
435,3411,436.19513392454706,99972,274,152,18,6,3826,1925,0.057526107310046815,226,115,41672,37244,2275,1015,5533,11466,12951,6338,0,0,76227,627,98,65,7,0,0,0,0,0,18516,3764,668,0,0,0,0,0
436,3411,437.25734500677646,99972,288,147,18,6,3886,1951,0.058386348177489694,235,125,41535,37038,2305,1040,5617,11642,13177,6453,0,0,75839,688,112,67,7,0,0,0,0,0,18829,3748,682,0,0,0,0,0
437,3411,438.3226563529782,99972,300,163,18,6,3947,1989,0.05937662545512744,249,131,41402,36821,2334,1054,5695,11823,13404,6569,0,0,75451,749,119,70,7,0,0,0,0,0,19149,3729,698,0,0,0,0,0
438,3411,439.03456476158584,99972,323,169,18,6,3996,2012,0.06009682711159125,245,133,41271,36605,2346,1063,5795,12022,13631,6686,0,0,75090,784,126,70,8,0,0,0,0,0,19468,3711,715,0,0,0,0,0
439,3411,440.1060402222607,99972,346,176,18,6,4066,2052,0.0611971351978554,246,144,41111,36381,2380,1089,5897,12202,13858,6803,0,0,74694,851,136,73,8,0,0,0,0,0,19787,3693,730,0,0,0,0,0
440,3411,441.1812190027848,99972,363,189,18,6,4135,2090,0.06226743488176689,258,158,40965,36180,2411,1102,5983,12363,14086,6921,0,0,74307,904,152,79,8,0,0,0,0,0,20103,3675,744,0,0,0,0,0
441,3411,442.25987539280857,99972,370,215,18,6,4209,2139,0.0634977793782259,285,158,40787,35962,2462,1116,6076,12541,14314,7040,0,0,73901,975,167,82,8,0,0,0,0,0,20422,3660,757,0,0,0,0,0
442,3411,443.34254638472584,99972,394,226,18,6,4289,2183,0.06473812667546913,301,167,40624,35739,2502,1137,6159,12723,14542,7159,0,0,73495,1040,184,87,10,0,0,0,0,0,20746,3649,761,0,0,0,0,0
443,3411,444.0664685066408,99971,396,234,19,6,4341,2211,0.06553900631183043,315,185,40466,35504,2538,1151,6264,12918,14770,7279,0,0,73106,1090,197,92,10,0,0,0,0,0,21070,3634,772,0,0,0,0,0
444,3411,445.1568023811633,99971,423,248,19,6,4427,2263,0.0669194066279221,324,179,40307,35291,2576,1181,6349,13093,14998,7399,0,0,72701,1165,214,94,13,0,0,0,0,0,21383,3614,787,0,0,0,0,0
445,3411,446.2510836220117,99971,458,275,19,6,4523,2328,0.06852987366336237,339,175,40125,35075,2616,1210,6441,13257,15226,7520,0,0,72288,1243,232,97,13,0,0,0,0,0,21700,3597,801,0,0,0,0,0
446,3411,447.3495471626083,99971,466,269,19,6,4612,2374,0.06988026527693031,362,191,39947,34874,2674,1244,6530,13414,15454,7642,0,0,71859,1339,265,101,13,0,0,0,0,0,22000,3576,818,0,0,0,0,0
447,3411,448.08433919190605,99971,489,281,19,6,4687,2409,0.07098058436946715,368,186,39781,34669,2711,1255,6630,13601,15682,7764,0,0,71469,1398,277,103,14,0,0,0,0,0,22318,3555,837,0,0,0,0,0
448,3411,449.19150245543364,99971,518,290,19,6,4785,2464,0.07251102819817747,387,197,39600,34450,2768,1291,6706,13764,15910,7887,0,0,71043,1489,297,107,14,0,0,0,0,0,22633,3535,853,0,0,0,0,0
449,3411,450.3031497342301,99971,550,314,19,6,4912,2525,0.07439157355633133,395,207,39402,34228,2840,1311,6792,13932,16138,8010,0,0,70607,1589,319,112,16,0,0,0,0,0,22944,3515,869,0,0,0,0,0
450,3411,451.04690219547723,99971,561,328,19,6,4992,2567,0.0756119274589631,407,219,39218,34005,2893,1325,6900,14115,16365,8134,0,0,70198,1661,336,115,19,0,0,0,0,0,23262,3498,882,0,0,0,0,0
451,3411,452.1681544669779,99970,609,326,20,6,5126,2617,0.07745323597079123,426,253,39010,33789,2953,1365,6980,14259,16592,8258,0,0,69767,1754,373,120,20,0,0,0,0,0,23561,3479,896,0,0,0,0,0
452,3411,453.29451717317403,99968,628,337,22,6,5239,2688,0.07929537451984635,475,251,38792,33587,3018,1404,7063,14413,16819,8382,0,0,69317,1866,405,126,21,0,0,0,0,0,23865,3459,909,0,0,0,0,0
453,3411,454.0483702663045,99968,651,336,22,6,5331,2721,0.08054577464788733,484,261,38613,33380,3063,1420,7165,14595,17046,8507,0,0,68911,1941,427,132,21,0,0,0,0,0,24174,3432,930,0,0,0,0,0
454,3411,455.1847603770201,99968,700,364,22,6,5478,2807,0.0828765204865557,504,239,38388,33174,3139,1466,7245,14749,17272,8632,0,0,68451,2062,458,134,22,0,0,0,0,0,24481,3418,942,0,0,0,0,0
455,3411,456.32706195613235,99966,740,382,24,6,5631,2884,0.08517896084668787,523,252,38169,32960,3210,1504,7332,14894,17498,8758,0,0,67990,2186,498,139,23,0,0,0,0,0,24776,3396,958,0,0,0,0,0
456,3411,457.0917927299281,99966,765,368,24,6,5738,2921,0.08661945061320848,538,271,37991,32741,3267,1539,7413,15073,17723,8884,0,0,67556,2284,530,140,24,0,0,0,0,0,25079,3380,973,0,0,0,0,0
457,3411,458.2444865796847,99966,803,376,24,6,5896,2990,0.08889022267570974,557,285,37757,32536,3369,1589,7488,15206,17948,9010,0,0,67076,2420,567,145,26,0,0,0,0,0,25385,3368,979,0,0,0,0,0
458,3411,459.01643867033084,99963,814,386,24,9,5991,3039,0.09033342336664565,589,301,37565,32303,3423,1613,7583,15386,18172,9137,0,0,66663,2491,608,150,28,0,0,0,0,0,25682,3351,990,0,0,0,0,0
459,3411,460.1805518087532,99963,851,394,24,9,6156,3113,0.09272430799395777,592,344,37349,32090,3525,1654,7657,15507,18396,9264,0,0,66192,2620,663,153,31,0,0,0,0,0,25965,3339,1000,0,0,0,0,0
460,3411,461.3506941484811,99963,860,429,24,9,6333,3205,0.09541530366235507,622,330,37107,31895,3665,1685,7720,15650,18619,9391,0,0,65688,2784,715,158,33,0,0,0,0,0,26252,3323,1010,0,0,0,0,0
461,3411,462.13465030117317,99963,891,442,24,9,6446,3262,0.09711593289517122,644,340,36908,31667,3722,1718,7809,15822,18841,9519,0,0,65261,2869,743,165,35,0,0,0,0,0,26562,3308,1020,0,0,0,0,0
462,3411,463.31731971512437,99963,928,450,24,9,6635,3361,0.09999699888958914,668,356,36667,31450,3835,1793,7876,15940,19062,9647,0,0,64758,3041,806,169,36,0,0,0,0,0,26827,3286,1040,0,0,0,0,0
463,3411,464.10956716859346,99963,962,477,24,9,6771,3437,0.10211778357992457,665,354,36463,31243,3918,1823,7966,16092,19283,9775,0,0,64317,3141,845,177,37,0,0,0,0,0,27126,3270,1050,0,0,0,0,0
464,3411,465.30513327818477,99963,983,509,24,9,6964,3540,0.10507887918529855,706,364,36202,31021,4054,1877,8029,16218,19503,9904,0,0,63818,3303,910,188,39,0,0,0,0,0,27395,3247,1063,0,0,0,0,0
465,3411,466.10632519772213,99963,1016,517,24,9,7109,3609,0.107219671278373,711,385,35996,30786,4135,1928,8116,16373,19722,10033,0,0,63370,3409,964,195,42,0,0,0,0,0,27680,3234,1069,0,0,0,0,0
466,3411,467.3155710508228,99963,1082,564,24,9,7337,3736,0.11077098526454789,754,401,35705,30557,4260,1990,8173,16477,19940,10162,0,0,62876,3572,1032,202,45,0,0,0,0,0,27942,3211,1083,0,0,0,0,0
467,3411,468.1261826384656,99963,1109,604,24,9,7496,3832,0.11332192911377209,772,374,35486,30361,4357,2031,8250,16619,20157,10291,0,0,62417,3692,1079,215,47,0,0,0,0,0,28228,3191,1094,0,0,0,0,0
468,3411,469.35012681621055,99963,1125,622,24,9,7721,3956,0.11681322089172994,808,404,35201,30132,4523,2116,8317,16715,20374,10420,0,0,61872,3901,1156,228,56,0,0,0,0,0,28480,3168,1102,0,0,0,0,0
469,3411,470.1710495965039,99962,1166,630,25,9,7903,4035,0.11942538164502511,806,412,34979,29928,4628,2157,8394,16862,20590,10550,0,0,61412,4028,1223,233,61,0,0,0,0,0,28739,3148,1118,0,0,0,0,0
470,3411,471.41106610521933,99962,1214,678,25,9,8156,4187,0.12347692123006743,853,390,34703,29726,4772,2239,8431,16956,20805,10680,0,0,60867,4241,1304,242,66,0,0,0,0,0,28989,3126,1127,0,0,0,0,0
471,3411,472.2423941699206,99962,1222,687,25,9,8314,4270,0.12588783737820372,883,411,34483,29503,4880,2295,8505,17093,21019,10810,0,0,60387,4392,1368,245,70,0,0,0,0,0,29253,3107,1140,0,0,0,0,0
472,3411,473.07854154096856,99960,1272,691,26,10,8514,4357,0.12876150460184074,887,444,34243,29277,4984,2353,8586,17223,21232,10940,0,0,59929,4518,1455,255,73,0,0,0,0,0,29492,3084,1154,0,0,0,0,0
473,3411,474.3423179289951,99957,1295,709,28,11,8785,4493,0.13283711996158348,942,450,33923,29061,5172,2451,8638,17316,21444,11070,0,0,59346,4761,1556,269,75,0,0,0,0,0,29725,3065,1160,0,0,0,0,0
474,3411,475.19065928614896,99957,1364,713,28,11,9003,4592,0.13600848364796864,944,461,33681,28858,5278,2517,8703,17438,21655,11200,0,0,58871,4908,1634,279,80,0,0,0,0,0,29971,3042,1172,0,0,0,0,0
475,3411,476.0443616921508,99956,1410,706,29,11,9207,4680,0.1389311296970667,958,468,33434,28649,5395,2587,8772,17577,21865,11330,0,0,58389,5059,1721,290,81,0,0,0,0,0,30212,3021,1183,0,0,0,0,0
476,3411,477.3350632758337,99954,1445,743,30,12,9520,4839,0.1436560817976269,956,504,33157,28423,5613,2672,8797,17644,22073,11460,0,0,57818,5294,1836,317,91,0,0,0,0,0,30420,2990,1188,0,0,0,0,0
477,3411,478.20101102793905,99953,1447,731,31,12,9723,4934,0.1466389202925375,984,536,32916,28218,5751,2755,8869,17746,22280,11590,0,0,57303,5483,1928,331,95,0,0,0,0,0,30645,2964,1204,0,0,0,0,0
478,3411,479.07308349616204,99952,1470,745,31,13,9937,5053,0.1499719865535457,1004,528,32676,28015,5886,2829,8931,17868,22486,11720,0,0,56813,5649,2036,343,98,1,0,0,0,0,30856,2940,1216,0,0,0,0,0
479,3411,480.39184558416537,99950,1518,774,32,14,10278,5207,0.15492746373186594,1025,555,32339,27806,6111,2919,8973,17930,22691,11850,0,0,56206,5921,2127,367,111,1,0,0,0,0,31082,2916,1219,0,0,0,0,0
480,3411,481.2777190345957,99950,1556,789,32,14,10513,5323,0.1584392196098049,1047,563,32085,27605,6258,2996,9020,18031,22895,11980,0,0,55701,6099,2209,387,120,1,0,0,0,0,31318,2889,1226,0,0,0,0,0
481,3411,482.1700280020174,99949,1542,798,33,14,10751,5441,0.1620026213368818,1122,580,31795,27409,6446,3074,9060,18123,23098,12110,0,0,55168,6300,2322,403,134,1,0,0,0,0,31520,2871,1230,0,0,0,0,0
482,3411,483.0693063334299,99948,1581,845,34,14,11013,5576,0.1659763076799936,1094,567,31578,27214,6592,3132,9119,18226,23299,12240,0,0,54666,6477,2426,417,139,1,0,0,0,0,31730,2850,1242,0,0,0,0,0
483,3411,484.4300417241744,99948,1616,877,34,14,11369,5777,0.1715492055869052,1110,570,31270,27029,6831,3238,9137,18270,23499,12370,0,0,54059,6747,2577,449,152,1,0,0,0,0,31893,2824,1246,0,0,0,0,0
484,3411,485.34387210898115,99947,1662,879,35,14,11617,5905,0.17531291584539807,1095,576,31021,26821,6989,3340,9196,18368,23698,12500,0,0,53538,6943,2669,471,159,1,0,0,0,0,32115,2797,1254,0,0,0,0,0
485,3411,486.26435615070966,99946,1717,893,35,15,11883,6038,0.17930682568587036,1110,609,30745,26585,7144,3424,9247,18472,23896,12630,0,0,53032,7128,2769,490,167,1,0,0,0,0,32318,2770,1271,0,0,0,0,0
486,3411,487.192313722998,99944,1773,925,37,15,12153,6187,0.18350276154646603,1126,595,30475,26390,7293,3518,9294,18555,24092,12760,0,0,52516,7319,2877,500,173,2,0,0,0,0,32521,2757,1279,0,0,0,0,0
487,3411,488.1273826224961,99942,1793,947,39,15,12428,6320,0.18758880150487284,1115,599,30231,26188,7475,3595,9345,18654,24287,12890,0,0,51992,7519,2999,525,179,2,0,0,0,0,32710,2730,1286,0,0,0,0,0
488,3411,489.0697689213278,99941,1834,966,39,16,12703,6466,0.19180316386668134,1151,626,29953,25968,7641,3690,9380,18732,24481,13020,0,0,51461,7733,3120,537,183,2,0,0,0,0,32897,2710,1298,0,0,0,0,0
489,3411,490.0199700716239,99939,1835,964,40,17,12969,6616,0.19596954142026637,1177,641,29680,25776,7834,3803,9432,18797,24674,13150,0,0,50926,7949,3271,557,196,2,0,0,0,0,33049,2683,1306,0,0,0,0,0
490,3411,491.46001848984866,99938,1888,1000,41,17,13404,6856,0.20272568992775522,1174,652,29360,25566,8103,3959,9432,18804,24865,13280,0,0,50269,8268,3452,598,207,2,0,0,0,0,33173,2658,1311,0,0,0,0,0
491,3411,492.4279422365014,99936,1921,1008,43,17,13722,7019,0.2075428274095421,1112,620,29145,25388,8299,4074,9478,18891,25055,13410,0,0,49719,8491,3602,626,219,2,0,0,0,0,33323,2636,1318,0,0,0,0,0
492,3411,493.4038900158484,99935,1908,1009,44,17,13996,7153,0.2116275579126432,1155,646,28877,25191,8497,4167,9517,18968,25244,13539,0,0,49173,8712,3732,657,229,2,0,0,0,0,33490,2611,1329,0,0,0,0,0
493,3411,494.3880664825983,99931,1885,1024,48,17,14263,7313,0.21590897719426405,1235,659,28597,25011,8673,4260,9560,19027,25431,13668,0,0,48664,8897,3915,683,242,2,0,0,0,0,33604,2589,1335,0,0,0,0,0
494,3411,495.38103241187275,99930,1890,1033,49,17,14533,7474,0.22022415690983688,1268,660,28355,24839,8829,4367,9607,19082,25617,13797,0,0,48143,9102,4067,714,251,2,0,0,0,0,33749,2557,1345,0,0,0,0,0
495,3411,496.38207440226296,99928,1906,1066,51,17,14838,7654,0.22508205908253942,1268,646,28093,24660,9034,4468,9646,19141,25802,13926,0,0,47627,9295,4213,747,269,4,0,0,0,0,33887,2528,1358,0,0,0,0,0
496,3411,497.3920106189583,99927,1910,1079,52,17,15132,7826,0.22974771583255776,1328,623,27792,24484,9220,4586,9696,19209,25985,14055,0,0,47109,9499,4374,779,288,4,0,0,0,0,34007,2497,1370,0,0,0,0,0
497,3411,498.41184009044673,99924,1979,1109,54,18,15472,8007,0.23496857611784958,1323,608,27495,24308,9401,4690,9746,19265,26167,14184,0,0,46616,9678,4541,805,305,4,0,0,0,0,34125,2468,1382,0,0,0,0,0
498,3411,499.4418218259984,99924,2037,1118,54,18,15836,8181,0.24035266802770106,1277,615,27243,24159,9598,4790,9789,19298,26347,14312,0,0,46098,9875,4723,839,323,4,0,0,0,0,34227,2444,1391,0,0,0,0,0
499,3411,500.4815578478067,99923,2059,1131,54,19,16196,8357,0.24571920378691592,1221,623,26999,23993,9832,4906,9833,19326,26526,14440,0,0,45557,10088,4904,883,339,4,0,0,0,0,34329,2418,1401,0,0,0,0,0
500,3411,501.0046207599288,99923,2099,1125,54,19,16371,8430,0.248201114858441,1185,640,26834,23839,9908,4943,9918,19432,26704,14568,0,0,45184,10153,5012,897,348,4,0,0,0,0,34512,2405,1408,0,0,0,0,0
501,3411,502.0603182148952,99921,2107,1068,55,20,16676,8569,0.2526495931786111,1252,688,26546,23663,10102,5083,9936,19476,26880,14696,0,0,44646,10370,5202,925,365,5,0,0,0,0,34607,2389,1412,0,0,0,0,0
502,3411,503.1261368623146,99921,2095,1095,55,20,16997,8756,0.25773360955154573,1273,683,26296,23504,10323,5193,9956,19503,27055,14823,0,0,44119,10583,5381,959,387,5,0,0,0,0,34701,2363,1423,0,0,0,0,0
503,3411,504.2022959566922,99918,2069,1117,57,21,17327,8945,0.26293560719790227,1305,683,26028,23334,10558,5303,9981,19540,27229,14950,0,0,43578,10808,5576,1000,406,5,0,0,0,0,34779,2334,1432,0,0,0,0,0
504,3411,505.2893036637671,99916,2114,1118,58,22,17691,9136,0.26849553625045036,1313,688,25742,23164,10766,5431,10005,19575,27401,15077,0,0,43051,11022,5763,1035,432,5,0,0,0,0,34859,2310,1439,0,0,0,0,0
505,3411,506.38726847829935,99915,2123,1157,59,22,18063,9348,0.274343191712956,1308,663,25458,23015,11008,5540,10042,19601,27572,15204,0,0,42496,11261,5948,1069,460,5,0,0,0,0,34942,2291,1443,0,0,0,0,0
506,3411,507.49733691244387,99911,2145,1153,61,24,18420,9529,0.2797389676812363,1301,660,25217,22864,11208,5663,10066,19634,27741,15330,0,0,41986,11454,6157,1110,483,7,0,0,0,0,35002,2268,1444,0,0,0,0,0
507,3411,508.05595449983997,99911,2178,1164,61,24,18611,9625,0.28261152425658836,1300,659,25049,22709,11276,5707,10134,19735,27909,15456,0,0,41628,11520,6272,1120,505,8,0,0,0,0,35155,2252,1451,0,0,0,0,0
508,3411,509.1839300666542,99909,2192,1152,62,25,18972,9818,0.2881622276271407,1321,667,24808,22568,11468,5857,10147,19729,28076,15582,0,0,41094,11747,6488,1151,531,9,0,0,0,0,35199,2230,1460,0,0,0,0,0
509,3411,510.32231308223305,99907,2188,1167,62,27,19348,10018,0.29393335802296133,1335,678,24518,22406,11724,5960,10171,19760,28241,15707,0,0,40543,11989,6693,1191,553,11,0,0,0,0,35256,2203,1468,0,0,0,0,0
510,3411,511.4731289447195,99904,2210,1157,64,28,19732,10228,0.2998878923766816,1323,670,24282,22258,11950,6119,10169,19766,28405,15832,0,0,40001,12221,6913,1232,582,11,0,0,0,0,35290,2177,1477,0,0,0,0,0
511,3411,512.052449571792,99900,2194,1161,66,30,19899,10329,0.3025825825825826,1335,671,24126,22120,12039,6174,10238,19842,28568,15957,0,0,39629,12304,7036,1246,605,11,0,0,0,0,35422,2159,1488,0,0,0,0,0
512,3411,513.2227038666625,99898,2236,1186,67,31,20310,10552,0.3089351138160924,1249,676,23902,21962,12283,6306,10261,19837,28729,16081,0,0,39101,12523,7242,1282,642,12,0,0,0,0,35463,2142,1491,0,0,0,0,0
513,3411,514.4041774208474,99895,2214,1193,70,31,20686,10743,0.3146203513689374,1273,687,23631,21816,12547,6433,10263,19838,28889,16205,0,0,38581,12735,7472,1332,673,12,0,0,0,0,35486,2109,1495,0,0,0,0,0
514,3411,515.5985285332534,99894,2243,1200,70,32,21093,10953,0.320800048050934,1220,682,23434,21664,12761,6583,10270,19837,29047,16329,0,0,38066,12948,7695,1374,708,13,0,0,0,0,35510,2075,1505,0,0,0,0,0
515,3411,516.1991925288385,99893,2258,1195,71,32,21287,11050,0.3237163765228795,1198,683,23288,21530,12851,6638,10332,19920,29204,16452,0,0,37717,13003,7835,1399,728,14,0,0,0,0,35627,2061,1509,0,0,0,0,0
516,3411,517.4121151096683,99891,2216,1174,72,33,21632,11237,0.32904866304271657,1201,707,23089,21411,13077,6777,10343,19896,29360,16575,0,0,37204,13207,8073,1450,757,16,0,0,0,0,35636,2031,1517,0,0,0,0,0
517,3411,518.0222760685364,99891,2213,1187,72,33,21814,11359,0.33209198025848174,1191,680,22938,21278,13171,6835,10413,19985,29514,16698,0,0,36861,13271,8223,1474,776,17,0,0,0,0,35731,2008,1530,0,0,0,0,0
518,3411,519.2542602841893,99891,2170,1203,72,33,22205,11588,0.3382987456327397,1183,661,22734,21158,13431,6982,10408,19961,29667,16820,0,0,36334,13478,8472,1531,815,20,0,0,0,0,35724,1985,1532,0,0,0,0,0
519,3411,520.4981576885009,99890,2134,1182,73,33,22570,11779,0.34386825508058866,1185,632,22539,21061,13662,7114,10405,19976,29819,16942,0,0,35818,13688,8703,1581,853,23,0,0,0,0,35727,1961,1536,0,0,0,0,0
520,3411,521.1241634479159,99890,2131,1179,73,33,22762,11879,0.34679147061767945,1155,625,22427,20965,13757,7163,10455,20033,29969,17064,0,0,35470,13760,8868,1595,870,24,0,0,0,0,35812,1949,1542,0,0,0,0,0
521,3411,522.3871925300764,99888,2175,1136,75,33,23154,12066,0.35259490629505047,1096,625,22266,20865,13922,7304,10464,20035,30118,17185,0,0,35005,13927,9112,1641,911,26,0,0,0,0,35794,1926,1546,0,0,0,0,0
522,3411,523.0215805556792,99886,2187,1142,77,33,23341,12158,0.3553951504715376,1091,628,22151,20776,13976,7330,10516,20089,30266,17306,0,0,34689,13963,9259,1670,921,28,0,0,0,0,35893,1905,1558,0,0,0,0,0
523,3411,524.3008256402594,99885,2116,1149,77,34,23702,12368,0.3611152825749612,1085,602,21960,20659,14242,7462,10518,20092,30412,17426,0,0,34190,14145,9493,1740,964,32,0,0,0,0,35883,1881,1557,0,0,0,0,0
524,3411,525.591753152573,99884,2036,1121,77,35,24014,12567,0.36623483240559046,1089,599,21813,20574,14463,7613,10520,20056,30557,17546,0,0,33707,14321,9754,1793,1003,36,0,0,0,0,35855,1862,1553,0,0,0,0,0
525,3411,526.2402584556842,99883,2029,1108,78,35,24187,12654,0.36884154460719043,1078,587,21683,20487,14544,7663,10586,20118,30701,17665,0,0,33389,14371,9889,1812,1031,38,0,0,0,0,35946,1845,1562,0,0,0,0,0
526,3411,527.5494025607297,99882,2069,1094,79,35,24562,12860,0.37466210127950983,1048,569,21542,20405,14699,7796,10561,20099,30843,17784,0,0,32953,14520,10138,1859,1065,42,0,0,0,0,35921,1818,1566,0,0,0,0,0
527,3411,528.2069499707725,99881,2091,1097,79,36,24759,12962,0.3776594147034972,1012,548,21435,20325,14766,7830,10615,20162,30984,17903,0,0,32662,14555,10303,1874,1092,42,0,0,0,0,35983,1796,1574,0,0,0,0,0
528,3411,529.532267488122,99877,2029,1059,81,38,25076,13147,0.38270072188792215,1035,560,21289,20251,14956,7967,10608,20123,31124,18021,0,0,32228,14672,10564,1945,1137,45,0,0,0,0,35943,1777,1566,0,0,0,0,0
529,3411,530.198402150809,99877,2014,1044,81,38,25252,13224,0.3852338376202729,1044,590,21148,20149,15043,8007,10668,20170,31262,18139,0,0,31913,14721,10706,1968,1158,48,0,0,0,0,36025,1764,1574,0,0,0,0,0
530,3411,531.5415848789709,99876,1965,1041,82,38,25622,13420,0.39090472185510033,988,562,20992,20097,15297,8119,10674,20141,31399,18256,0,0,31476,14846,10955,2037,1213,50,0,0,0,0,35984,1740,1575,0,0,0,0,0
531,3411,532.2172115855625,99875,1938,1019,83,38,25774,13514,0.3933717146433041,976,536,20895,20002,15370,8182,10736,20221,31535,18373,0,0,31185,14882,11121,2046,1247,52,0,0,0,0,36035,1726,1581,0,0,0,0,0
532,3411,533.5802991585693,99875,1910,1000,83,38,26098,13698,0.3984580725907384,976,507,20771,19949,15532,8296,10726,20208,31670,18489,0,0,30788,14991,11365,2105,1294,54,0,0,0,0,35991,1700,1587,0,0,0,0,0
533,3411,534.264770813903,99874,1923,987,83,39,26275,13803,0.4012856198810501,956,487,20664,19861,15589,8359,10783,20265,31803,18605,0,0,30503,15004,11512,2141,1316,58,0,0,0,0,36064,1682,1594,0,0,0,0,0
534,3411,535.6441725787591,99873,1919,963,83,40,26616,13960,0.4062759704825128,945,485,20514,19823,15754,8451,10783,20236,31935,18720,0,0,30094,15136,11710,2188,1369,61,0,0,0,0,36058,1660,1597,0,0,0,0,0
535,3411,536.3372337985998,99871,1912,952,84,41,26801,14040,0.4089375294129427,912,484,20444,19753,15819,8483,10827,20285,32066,18835,0,0,29796,15173,11859,2213,1394,62,0,0,0,0,36128,1646,1600,0,0,0,0,0
536,3411,537.0340711647209,99871,1865,964,84,41,26951,14131,0.4113506423286039,936,479,20328,19680,15896,8500,10889,20334,32196,18950,0,0,29524,15185,11998,2236,1433,63,0,0,0,0,36194,1632,1606,0,0,0,0,0
537,3411,538.4373635282763,99869,1836,947,86,41,27273,14296,0.41623526820134377,957,476,20184,19647,16060,8592,10875,20295,32324,19064,0,0,29124,15304,12212,2286,1483,65,0,0,0,0,36178,1608,1609,0,0,0,0,0
538,3411,539.1423594962167,99868,1840,941,87,41,27443,14394,0.41892297833139747,966,479,20079,19568,16106,8629,10920,20340,32451,19178,0,0,28861,15312,12356,2311,1518,67,0,0,0,0,36238,1594,1611,0,0,0,0,0
539,3411,540.5637875546348,99868,1767,887,87,41,27723,14555,0.4233388072255377,983,479,19945,19511,16273,8754,10943,20326,32577,19291,0,0,28474,15418,12597,2358,1577,71,0,0,0,0,36181,1579,1613,0,0,0,0,0
540,3411,541.2775560954653,99868,1781,878,87,41,27907,14637,0.4260023230664477,949,469,19841,19442,16327,8793,11013,20375,32702,19404,0,0,28220,15419,12753,2381,1605,73,0,0,0,0,36234,1566,1617,0,0,0,0,0
541,3411,542.7175953726025,99867,1768,898,88,41,28259,14818,0.43134368710384813,901,419,19728,19426,16505,8865,11008,20349,32826,19516,0,0,27846,15500,12948,2450,1662,75,0,0,0,0,36218,1548,1620,0,0,0,0,0
542,3411,543.4405123064321,99866,1751,880,89,41,28422,14880,0.43360102537400114,862,414,19655,19376,16571,8887,11070,20400,32948,19628,0,0,27586,15518,13079,2466,1706,75,0,0,0,0,36282,1536,1618,0,0,0,0,0
543,3411,544.1672113688959,99865,1730,850,90,41,28583,14949,0.4359084764431983,839,421,19589,19314,16649,8937,11101,20435,33069,19739,0,0,27312,15552,13220,2480,1736,81,0,0,0,0,36336,1524,1624,0,0,0,0,0
544,3411,545.6299817648498,99862,1699,820,93,41,28902,15109,0.4407181911037231,794,418,19527,19292,16797,9034,11088,20393,33189,19850,0,0,26957,15648,13422,2521,1811,86,0,0,0,0,36288,1500,1629,0,0,0,0,0
545,3411,546.3627676430358,99862,1679,807,93,41,29068,15179,0.44308145240431795,766,411,19455,19240,16876,9066,11129,20433,33308,19960,0,0,26692,15667,13556,2544,1843,89,0,0,0,0,36354,1486,1631,0,0,0,0,0
546,3411,547.0986608060853,99862,1639,813,93,41,29215,15265,0.4454146722477018,752,381,19404,19170,16951,9094,11159,20499,33426,20070,0,0,26423,15695,13687,2565,1875,91,0,0,0,0,36417,1474,1635,0,0,0,0,0
547,3411,548.5793137732873,99858,1566,826,97,41,29468,15421,0.4495283302289251,755,380,19361,19167,17066,9134,11153,20450,33543,20179,0,0,26100,15756,13891,2622,1923,94,0,0,0,0,36388,1445,1639,0,0,0,0,0
548,3411,549.3206795628965,99856,1532,797,98,42,29603,15487,0.45155023233456176,737,376,19310,19128,17112,9170,11209,20485,33658,20288,0,0,25867,15752,14053,2645,1953,96,0,0,0,0,36417,1430,1643,0,0,0,0,0
549,3411,550.0644047087421,99856,1503,774,98,42,29754,15550,0.453693318378465,718,378,19255,19102,17153,9191,11271,20511,33772,20396,0,0,25639,15737,14214,2677,1983,99,0,0,0,0,36450,1416,1641,0,0,0,0,0
550,3411,551.559536123387,99854,1496,751,100,42,30019,15685,0.4577082540509143,690,358,19181,19107,17268,9272,11263,20468,33885,20504,0,0,25348,15760,14427,2728,2019,106,0,0,0,0,36422,1403,1641,0,0,0,0,0
551,3411,552.3090571487269,99854,1469,751,100,42,30158,15760,0.459851383019208,658,358,19154,19067,17302,9278,11315,20502,33997,20611,0,0,25128,15750,14571,2746,2053,108,0,0,0,0,36460,1393,1645,0,0,0,0,0
552,3411,553.0612608245693,99854,1447,736,100,42,30300,15816,0.46183427804594707,635,354,19117,19038,17337,9289,11362,20539,34108,20718,0,0,24917,15750,14719,2745,2092,111,0,0,0,0,36486,1381,1653,0,0,0,0,0
553,3411,554.570675520305,99852,1376,722,101,43,30545,15947,0.46560910147017587,622,344,19094,19058,17445,9339,11360,20492,34218,20824,0,0,24619,15803,14921,2782,2152,119,0,0,0,0,36442,1367,1647,0,0,0,0,0
554,3411,555.3265067067001,99852,1344,709,101,43,30659,16006,0.4673416656651845,642,353,19030,19012,17477,9354,11404,20527,34327,20930,0,0,24428,15767,15062,2802,2183,125,0,0,0,0,36478,1359,1648,0,0,0,0,0
555,3411,556.0838857250106,99852,1297,683,101,43,30778,16063,0.4691042743260025,623,344,18993,18985,17532,9390,11452,20553,34435,21035,0,0,24207,15762,15201,2824,2220,126,0,0,0,0,36511,1350,1651,0,0,0,0,0
556,3411,557.6062370523568,99851,1255,674,102,43,31025,16209,0.4730448368068422,589,322,18993,19014,17636,9465,11423,20480,34542,21140,0,0,23904,15815,15378,2873,2271,135,0,0,0,0,36491,1335,1649,0,0,0,0,0
557,3411,558.3677101128266,99851,1211,654,102,43,31125,16273,0.47468728405323934,588,302,18969,18993,17658,9493,11470,20513,34648,21244,0,0,23700,15800,15508,2888,2309,139,0,0,0,0,36529,1328,1650,0,0,0,0,0
558,3411,559.1307278101829,99851,1192,640,102,43,31233,16325,0.47628967161069996,565,309,18960,18970,17664,9505,11515,20531,34753,21347,0,0,23503,15791,15615,2894,2347,143,0,0,0,0,36592,1313,1653,0,0,0,0,0
559,3411,560.6605602895519,99850,1128,614,102,44,31432,16443,0.47946920380570857,534,296,18925,19001,17756,9553,11553,20490,34857,21450,0,0,23234,15814,15822,2934,2387,148,0,0,0,0,36556,1300,1655,0,0,0,0,0
560,3411,561.4258009269834,99850,1129,607,102,44,31534,16492,0.48098147220831244,504,289,18890,18985,17764,9552,11609,20521,34960,21552,0,0,23072,15764,15935,2949,2417,150,0,0,0,0,36613,1289,1661,0,0,0,0,0
561,3411,562.1934749164429,99849,1106,573,102,45,31628,16545,0.482458512353654,502,284,18867,18968,17765,9581,11656,20547,35061,21654,0,0,22882,15748,16077,2953,2449,152,0,0,0,0,36642,1285,1661,0,0,0,0,0
562,3411,563.7335663633258,99849,1072,550,102,45,31842,16654,0.4856933970295146,493,272,18844,19011,17827,9628,11660,20492,35161,21755,0,0,22622,15768,16249,2997,2493,159,0,0,0,0,36625,1279,1657,0,0,0,0,0
563,3411,564.5036548795223,99848,1029,538,103,45,31922,16704,0.48700024036535533,496,271,18835,18997,17829,9632,11706,20515,35260,21856,0,0,22454,15735,16382,3004,2523,163,0,0,0,0,36655,1271,1661,0,0,0,0,0
564,3411,565.2758232132633,99848,994,530,103,45,32005,16759,0.488382341158561,482,263,18846,18981,17824,9633,11749,20546,35358,21956,0,0,22293,15697,16508,3019,2553,165,0,0,0,0,36686,1255,1672,0,0,0,0,0
565,3411,566.0487659860854,99848,978,502,103,45,32103,16801,0.489784472398045,456,260,18847,18962,17816,9648,11798,20581,35456,22056,0,0,22136,15651,16636,3039,2584,169,0,0,0,0,36719,1239,1675,0,0,0,0,0
566,3411,567.595166533571,99848,917,485,103,45,32276,16893,0.4924385065299255,444,243,18869,19006,17872,9670,11793,20549,35553,22155,0,0,21901,15660,16782,3068,2643,172,0,0,0,0,36718,1228,1676,0,0,0,0,0
567,3411,568.3674489268046,99847,901,468,104,45,32364,16932,0.4937153845383437,429,238,18861,19003,17859,9665,11844,20579,35649,22254,0,0,21724,15639,16878,3075,2677,173,0,0,0,0,36782,1220,1679,0,0,0,0,0
568,3411,569.140740749562,99847,867,456,104,45,32446,16969,0.49490720802828325,416,228,18860,19002,17858,9666,11893,20601,35744,22352,0,0,21558,15617,16983,3080,2712,176,0,0,0,0,36829,1210,1682,0,0,0,0,0
569,3411,570.6892072254874,99845,835,444,105,46,32603,17057,0.49737092493364715,392,215,18867,19036,17894,9674,11905,20583,35838,22450,0,0,21356,15611,17128,3098,2760,183,0,0,0,0,36828,1201,1680,0,0,0,0,0
570,3411,571.4629805512307,99844,815,433,105,47,32682,17091,0.4985076719682705,370,225,18852,19053,17888,9642,11968,20598,35931,22547,0,0,21205,15582,17232,3097,2793,186,0,0,0,0,36875,1190,1684,0,0,0,0,0
571,3411,572.2377514337066,99844,807,432,105,47,32760,17129,0.4996694843956572,354,216,18836,19033,17876,9634,12020,20636,36023,22644,0,0,21061,15532,17336,3112,2811,189,0,0,0,0,36936,1177,1690,0,0,0,0,0
572,3411,573.0134978494717,99843,768,425,106,47,32819,17169,0.500666045691736,363,202,18821,19029,17871,9637,12069,20658,36114,22740,0,0,20913,15487,17449,3121,2831,195,0,0,0,0,36983,1171,1693,0,0,0,0,0
573,3411,574.5677465343994,99842,745,403,107,47,32970,17239,0.5028845576010096,331,198,18831,19105,17899,9643,12085,20602,36204,22836,0,0,20726,15470,17578,3142,2881,201,0,0,0,0,36990,1164,1690,0,0,0,0,0
574,3411,575.3449188006027,99842,744,380,107,47,33044,17266,0.5038961559263636,310,193,18811,19103,17884,9645,12142,20630,36293,22931,0,0,20579,15431,17668,3145,2912,203,0,0,0,0,37051,1162,1691,0,0,0,0,0
575,3411,576.1226727452462,99842,702,381,107,47,33098,17304,0.5048176118266862,322,195,18812,19070,17875,9645,12180,20660,36381,23026,0,0,20428,15406,17748,3146,2941,210,0,0,0,0,37114,1153,1696,0,0,0,0,0
576,3411,577.6806572611443,99842,658,376,107,47,33221,17384,0.5068508243023978,309,164,18877,19137,17859,9653,12188,20621,36468,23120,0,0,20244,15401,17868,3157,2992,214,0,0,0,0,37122,1145,1699,0,0,0,0,0
577,3411,578.4578568713353,99842,641,386,107,47,33280,17421,0.5078123435027343,311,143,18868,19152,17832,9628,12239,20642,36554,23214,0,0,20109,15361,17963,3153,3013,218,0,0,0,0,37183,1140,1702,0,0,0,0,0
578,3411,579.2349012468579,99842,617,370,107,47,33338,17448,0.5086636886280322,307,146,18872,19145,17803,9618,12292,20672,36640,23307,0,0,19974,15320,18056,3156,3045,221,0,0,0,0,37234,1134,1702,0,0,0,0,0
579,3411,580.0124811507911,99842,608,342,107,47,33396,17476,0.5095250495783338,291,159,18893,19135,17760,9629,12339,20686,36725,23399,0,0,19844,15270,18162,3160,3063,228,0,0,0,0,37280,1130,1705,0,0,0,0,0
580,3411,581.5673432234253,99842,580,316,107,47,33508,17527,0.5111576290539052,253,155,18985,19222,17740,9629,12333,20629,36809,23491,0,0,19687,15236,18300,3179,3100,231,0,0,0,0,37287,1121,1701,0,0,0,0,0
581,3411,582.3420884787345,99842,566,314,107,47,33564,17563,0.5120790849542277,242,149,18999,19217,17710,9624,12374,20647,36892,23582,0,0,19544,15204,18390,3181,3121,232,0,0,0,0,37349,1118,1703,0,0,0,0,0
582,3411,583.1161355486578,99842,545,306,107,47,33604,17589,0.512740129404459,243,149,19002,19223,17675,9609,12426,20664,36974,23673,0,0,19404,15173,18468,3179,3145,233,0,0,0,0,37422,1114,1704,0,0,0,0,0
583,3411,584.6636582611565,99842,549,306,107,47,33721,17642,0.514442819655055,214,154,19054,19301,17633,9577,12441,20613,37055,23763,0,0,19271,15129,18590,3193,3170,238,0,0,0,0,37437,1107,1707,0,0,0,0,0
584,3411,585.4352407424095,99841,525,303,108,47,33756,17668,0.5150589437205156,221,148,19051,19320,17603,9551,12490,20629,37136,23853,0,0,19157,15077,18672,3197,3192,242,0,0,0,0,37495,1099,1710,0,0,0,0,0
585,3411,586.2071061332315,99841,516,290,108,47,33797,17691,0.5156999629410763,227,143,19063,19334,17561,9539,12523,20645,37216,23942,0,0,19042,15035,18748,3193,3216,248,0,0,0,0,37554,1093,1712,0,0,0,0,0
586,3411,587.7510605279427,99841,524,281,108,47,33892,17747,0.5172123676645867,210,148,19130,19427,17498,9512,12528,20583,37295,24031,0,0,18913,14992,18864,3200,3246,251,0,0,0,0,37575,1089,1711,0,0,0,0,0
587,3411,588.5206012124252,99841,527,276,108,47,33936,17782,0.5180036257649663,209,142,19123,19430,17451,9506,12580,20597,37373,24119,0,0,18795,14951,18936,3198,3270,253,0,0,0,0,37639,1084,1715,0,0,0,0,0
588,3411,589.2897669320419,99841,505,270,108,47,33976,17806,0.518644644985527,213,139,19138,19452,17410,9486,12624,20604,37450,24207,0,0,18674,14903,19012,3206,3293,254,0,0,0,0,37704,1077,1718,0,0,0,0,0
589,3411,590.0592398216936,99841,481,266,108,47,34007,17827,0.5191654731022326,215,151,19157,19466,17376,9458,12661,20610,37527,24294,0,0,18568,14851,19098,3207,3314,255,0,0,0,0,37757,1068,1723,0,0,0,0,0
590,3411,591.5967777482432,99841,463,250,108,47,34087,17878,0.5204775593193177,199,132,19235,19531,17324,9459,12669,20579,37603,24381,0,0,18440,14812,19210,3215,3346,259,0,0,0,0,37770,1063,1726,0,0,0,0,0
591,3411,592.362914941751,99841,466,253,108,47,34140,17908,0.5213088811209824,163,114,19249,19559,17288,9439,12724,20586,37678,24467,0,0,18341,14753,19285,3223,3367,261,0,0,0,0,37825,1053,1733,0,0,0,0,0
592,3411,593.1286849827998,99841,456,260,108,47,34172,17936,0.521909836640258,165,113,19258,19570,17240,9425,12771,20583,37752,24553,0,0,18229,14710,19358,3220,3384,263,0,0,0,0,37891,1052,1734,0,0,0,0,0
593,3411,594.6594021107508,99841,423,249,108,47,34231,17976,0.5229014132470629,173,102,19352,19674,17185,9418,12757,20508,37826,24638,0,0,18114,14658,19458,3226,3421,265,0,0,0,0,37918,1046,1735,0,0,0,0,0
594,3411,595.4221328762987,99841,419,225,108,47,34270,17990,0.5234322572890896,161,109,19343,19673,17155,9418,12812,20526,37899,24723,0,0,18007,14617,19535,3219,3451,265,0,0,0,0,37969,1041,1737,0,0,0,0,0
595,3411,596.1839216251464,99841,395,212,108,47,34300,18003,0.5238629420779038,156,114,19350,19693,17124,9397,12865,20535,37971,24807,0,0,17915,14563,19619,3215,3478,267,0,0,0,0,38011,1032,1741,0,0,0,0,0
596,3411,597.7086345361239,99841,370,216,108,47,34368,18045,0.5249646938632425,144,109,19444,19746,17074,9364,12858,20516,38042,24891,0,0,17778,14537,19683,3227,3506,271,0,0,0,0,38068,1025,1746,0,0,0,0,0
597,3411,598.4679794562628,99841,347,206,108,47,34393,18062,0.5253853627267355,141,105,19466,19769,17033,9352,12903,20519,38113,24974,0,0,17690,14478,19773,3228,3525,273,0,0,0,0,38105,1017,1752,0,0,0,0,0
598,3411,599.2269571127292,99840,340,201,109,47,34418,18081,0.5258313301282052,138,99,19486,19798,16978,9330,12947,20523,38183,25057,0,0,17580,14443,19830,3221,3547,274,0,0,0,0,38177,1014,1754,0,0,0,0,0
599,3411,600.7430867849508,99840,325,204,109,47,34479,18115,0.5267828525641025,130,87,19545,19882,16929,9298,12960,20480,38252,25139,0,0,17481,14398,19912,3225,3577,276,0,0,0,0,38208,1002,1761,0,0,0,0,0
600,3411,601.4992887632948,99840,308,191,109,47,34498,18127,0.5270933493589743,139,95,19556,19898,16886,9281,13000,20486,38321,25221,0,0,17388,14346,19991,3226,3591,278,0,0,0,0,38258,996,1766,0,0,0,0,0
601,3411,602.2549484423669,99840,297,196,109,47,34521,18147,0.5275240384615385,138,92,19559,19886,16848,9259,13047,20518,38389,25302,0,0,17297,14292,20059,3227,3606,279,0,0,0,0,38318,992,1770,0,0,0,0,0
602,3411,603.0102873963077,99840,291,201,109,47,34547,18172,0.5280348557692308,131,75,19563,19898,16806,9239,13098,20538,38456,25383,0,0,17211,14240,20134,3221,3621,282,0,0,0,0,38369,986,1776,0,0,0,0,0
603,3411,604.5209012792258,99840,265,171,109,47,34592,18197,0.5287359775641025,124,76,19660,19967,16740,9231,13100,20506,38523,25463,0,0,17107,14207,20237,3215,3652,286,0,0,0,0,38381,981,1774,0,0,0,0,0
604,3411,605.2736900932127,99840,264,172,109,47,34614,18211,0.5290965544871795,119,78,19686,19997,16684,9189,13136,20515,38589,25543,0,0,17028,14155,20302,3208,3669,288,0,0,0,0,38436,976,1778,0,0,0,0,0
605,3411,606.0256603559487,99840,256,164,109,47,34643,18226,0.5295372596153847,106,75,19729,20012,16615,9165,13183,20535,38654,25622,0,0,16945,14104,20373,3202,3691,291,0,0,0,0,38481,972,1781,0,0,0,0,0
606,3411,607.5262544967884,99839,233,165,110,47,34671,18257,0.5301335149590841,108,60,19814,20096,16535,9136,13198,20494,38719,25701,0,0,16845,14060,20444,3206,3710,295,0,0,0,0,38530,970,1779,0,0,0,0,0
607,3411,608.273374746435,99839,233,160,110,47,34692,18266,0.5304339987379681,106,68,19824,20125,16485,9103,13240,20495,38783,25779,0,0,16765,14005,20508,3203,3724,297,0,0,0,0,38590,966,1781,0,0,0,0,0
608,3411,609.0199542237827,99839,232,154,110,47,34713,18279,0.5307745470207034,103,59,19847,20141,16426,9087,13280,20510,38846,25857,0,0,16674,13964,20572,3195,3741,297,0,0,0,0,38650,964,1782,0,0,0,0,0
609,3411,610.5115980752174,99839,224,138,110,47,34752,18292,0.5312953855707689,84,57,19939,20223,16353,9059,13288,20474,38909,25934,0,0,16573,13934,20633,3190,3760,303,0,0,0,0,38701,960,1785,0,0,0,0,0
610,3411,611.2546830050926,99839,232,144,110,47,34773,18308,0.5316659822313925,76,51,19958,20236,16296,9035,13326,20485,38971,26011,0,0,16484,13894,20680,3186,3770,305,0,0,0,0,38775,956,1789,0,0,0,0,0
611,3411,612.7385106265882,99839,219,150,110,47,34810,18329,0.532246917537235,75,50,20059,20339,16212,8984,13323,20428,39033,26087,0,0,16399,13845,20757,3189,3781,308,0,0,0,0,38816,948,1796,0,0,0,0,0
612,3411,613.4777926582117,99839,204,150,110,47,34821,18337,0.5324372239305282,76,50,20100,20376,16157,8947,13351,20428,39094,26163,0,0,16318,13796,20815,3183,3796,310,0,0,0,0,38878,945,1798,0,0,0,0,0
613,3411,614.2157006447297,99839,202,142,110,47,34835,18346,0.5326675948276726,80,45,20122,20396,16094,8930,13390,20438,39154,26238,0,0,16232,13753,20871,3181,3804,313,0,0,0,0,38942,942,1801,0,0,0,0,0
614,3411,615.6879674906529,99838,190,131,111,47,34862,18361,0.5330936116508744,91,48,20203,20513,15998,8892,13405,20367,39214,26313,0,0,16144,13717,20933,3174,3827,315,0,0,0,0,38985,938,1805,0,0,0,0,0
615,3411,616.4212877321849,99838,193,131,111,47,34882,18368,0.5333640497606122,84,45,20235,20541,15941,8860,13434,20374,39273,26388,0,0,16072,13671,20993,3163,3841,316,0,0,0,0,39039,932,1811,0,0,0,0,0
616,3411,617.1541265247835,99838,186,128,111,47,34892,18377,0.5335543580600572,87,42,20270,20560,15872,8833,13472,20388,39332,26462,0,0,16005,13626,21046,3148,3864,319,0,0,0,0,39088,929,1813,0,0,0,0,0
617,3411,618.6163506716047,99838,176,107,111,47,34914,18391,0.5339149422063744,90,40,20338,20654,15793,8818,13490,20332,39390,26536,0,0,15911,13589,21124,3149,3874,320,0,0,0,0,39129,926,1816,0,0,0,0,0
618,3411,619.3450469369745,99838,176,103,111,47,34931,18399,0.534165347863539,83,44,20358,20680,15737,8795,13533,20329,39447,26609,0,0,15830,13552,21169,3140,3891,322,0,0,0,0,39192,924,1818,0,0,0,0,0
619,3411,620.0732639989016,99837,168,98,112,47,34943,18405,0.534350992117151,82,43,20371,20719,15688,8766,13577,20325,39504,26682,0,0,15754,13505,21226,3137,3905,322,0,0,0,0,39249,918,1821,0,0,0,0,0
620,3411,621.5279965929393,99837,160,92,112,47,34968,18423,0.5347816941614832,77,38,20453,20822,15616,8724,13580,20275,39560,26754,0,0,15686,13450,21304,3135,3919,325,0,0,0,0,39281,912,1825,0,0,0,0,0
621,3411,622.2529935388404,99837,158,81,112,47,34982,18425,0.5349419553872813,68,45,20477,20838,15557,8702,13626,20285,39616,26826,0,0,15616,13407,21360,3120,3939,327,0,0,0,0,39333,910,1825,0,0,0,0,0
622,3411,623.7010494168536,99837,165,78,112,47,35012,18436,0.5353526247783887,63,36,20569,20954,15463,8652,13626,20231,39671,26897,0,0,15550,13356,21424,3114,3957,327,0,0,0,0,39376,905,1828,0,0,0,0,0
623,3411,624.4220293132797,99837,152,81,112,47,35020,18444,0.5355128860041868,66,34,20590,20964,15406,8630,13672,20242,39726,26968,0,0,15483,13313,21468,3103,3979,328,0,0,0,0,39430,900,1833,0,0,0,0,0
624,3411,625.1424643486157,99837,142,79,112,47,35026,18449,0.535623065596923,68,34,20612,20991,15359,8594,13705,20253,39780,27038,0,0,15415,13260,21527,3103,3987,329,0,0,0,0,39485,897,1834,0,0,0,0,0
625,3411,626.58132364503,99836,140,79,112,48,35054,18465,0.536069153411595,54,31,20683,21101,15287,8550,13722,20189,39834,27108,0,0,15349,13217,21585,3097,4009,329,0,0,0,0,39522,887,1841,0,0,0,0,0
626,3411,627.2984576776163,99836,129,79,112,48,35060,18473,0.5362093833887576,62,29,20706,21131,15232,8516,13757,20195,39887,27178,0,0,15282,13164,21641,3097,4019,330,0,0,0,0,39576,884,1843,0,0,0,0,0
627,3411,628.0151886859268,99836,126,73,112,48,35071,18475,0.5363395969389799,58,31,20727,21151,15177,8487,13798,20208,39940,27247,0,0,15217,13113,21700,3091,4031,330,0,0,0,0,39627,882,1845,0,0,0,0,0
628,3411,629.4464751977213,99836,114,65,112,48,35083,18484,0.5365499419047237,55,24,20824,21240,15090,8453,13803,20168,39992,27316,0,0,15135,13074,21754,3091,4042,331,0,0,0,0,39682,881,1846,0,0,0,0,0
629,3411,630.1593487953098,99836,112,66,112,48,35092,18489,0.5366901718818863,80,46,20831,21230,15025,8428,13838,20180,40044,27384,0,0,15066,13027,21797,3083,4055,331,7,0,0,3,39741,878,1848,0,0,0,0,0
630,3411,631.3636628769764,99836,126,70,112,48,35115,18500,0.5370307303978524,80,49,20898,21299,14940,8392,13842,20140,40095,27452,0,0,15005,12985,21835,3065,4075,333,10,0,0,10,39792,877,1849,0,0,0,0,0
631,3411,632.5638895979984,99836,129,76,112,48,35138,18516,0.5374213710485196,95,50,20964,21386,14873,8347,13825,20091,40146,27519,0,0,14936,12934,21879,3064,4083,334,19,0,0,22,39840,871,1854,0,0,0,0,0
632,3411,633.1622603748355,99836,126,77,112,48,35151,18525,0.5376417324412036,97,51,20998,21410,14818,8315,13847,20097,40196,27586,0,0,14876,12878,21924,3059,4098,335,26,0,0,28,39887,869,1856,0,0,0,0,0
633,3411,634.3569971512915,99836,133,70,112,48,35176,18536,0.5380023238110502,98,48,21065,21477,14738,8292,13852,20063,40246,27653,0,0,14819,12822,21969,3054,4113,337,31,0,0,45,39922,865,1859,0,0,0,0,0
634,3411,635.5474479667928,99836,144,76,112,48,35205,18556,0.538493128731119,89,54,21132,21548,14664,8260,13857,20012,40295,27719,0,0,14752,12783,22000,3046,4125,341,38,0,0,59,39968,858,1866,0,0,0,0,0
635,3411,636.1409596009787,99836,142,75,112,48,35221,18564,0.5387335229776834,89,55,21148,21574,14625,8234,13882,20012,40344,27785,0,0,14686,12737,22041,3039,4133,345,45,0,0,72,40014,857,1867,0,0,0,0,0
636,3411,637.3265574454769,99836,139,82,112,48,35246,18581,0.5391542129091711,85,55,21207,21629,14555,8203,13900,19981,40392,27850,0,0,14625,12684,22081,3037,4144,350,52,0,0,86,40054,855,1868,0,0,0,0,0
637,3411,638.5089897976087,99836,141,82,112,48,35270,18594,0.5395248207059578,96,53,21228,21687,14502,8178,13919,19950,40440,27915,0,0,14559,12629,22125,3040,4152,350,64,0,0,98,40096,848,1875,0,0,0,0,0
638,3411,639.0993221172411,99836,149,76,112,48,35288,18597,0.5397351656717015,94,58,21246,21712,14446,8169,13951,19935,40487,27979,0,0,14499,12587,22161,3032,4167,350,67,0,0,107,40144,844,1878,0,0,0,0,0
639,3411,640.279364031906,99835,136,74,113,48,35304,18609,0.540021034707267,108,63,21296,21757,14392,8145,13953,19911,40534,28043,0,0,14433,12541,22191,3027,4187,352,74,0,0,123,40186,842,1879,0,0,0,0,0
640,3411,641.4563267861603,99835,140,83,113,48,35333,18627,0.5404918114889568,106,51,21359,21820,14324,8106,13956,19890,40580,28107,0,0,14375,12494,22223,3021,4206,354,78,0,0,138,40225,841,1880,0,0,0,0,0
641,3411,642.0433309088908,99835,138,79,113,48,35347,18629,0.5406520759252768,107,55,21369,21835,14284,8087,13987,19894,40626,28170,0,0,14314,12456,22254,3012,4217,360,83,0,0,144,40275,838,1882,0,0,0,0,0
642,3411,643.2162734303142,99835,149,83,113,48,35376,18644,0.5410928031251565,106,49,21443,21906,14207,8059,13980,19853,40672,28233,0,0,14257,12405,22298,3006,4227,363,89,0,0,157,40313,837,1883,0,0,0,0,0
643,3411,644.3851426819027,99834,163,99,114,48,35411,18666,0.5416691708235671,98,42,21486,21990,14143,8013,13994,19806,40717,28295,0,0,14205,12355,22336,2999,4243,366,94,0,0,164,40353,834,1885,0,0,0,0,0
644,3411,645.5510117604689,99834,149,100,114,48,35427,18679,0.5419596530240198,122,48,21543,22046,14079,7986,13991,19770,40762,28357,0,0,14147,12298,22375,2999,4260,368,102,0,0,177,40390,834,1884,0,0,0,0,0
645,3411,646.132722538784,99834,150,103,114,48,35442,18685,0.5421700022036581,134,53,21554,22055,14028,7956,14018,19783,40806,28419,0,0,14088,12252,22416,2996,4267,369,107,0,0,183,40438,831,1887,0,0,0,0,0
646,3411,647.2950611674302,99834,158,105,114,48,35477,18706,0.54273093334936,139,49,21618,22126,13961,7930,14008,19740,40850,28480,0,0,14027,12207,22438,2997,4288,371,112,0,0,199,40478,827,1890,0,0,0,0,0
647,3411,648.4539330061423,99834,172,101,114,48,35512,18720,0.5432217481018491,142,52,21674,22205,13896,7899,14000,19693,40893,28541,0,0,13970,12162,22468,2988,4312,372,118,0,0,213,40515,826,1890,0,0,0,0,0
648,3411,649.0318240906497,99834,179,105,114,48,35527,18729,0.5434621471642928,150,52,21668,22216,13858,7877,14029,19700,40936,28601,0,0,13918,12117,22507,2985,4317,376,121,0,0,216,40561,823,1893,0,0,0,0,0
649,3411,650.1869990377631,99834,206,96,114,48,35577,18743,0.5441032113308092,141,48,21728,22286,13790,7858,14019,19662,40979,28661,0,0,13860,12068,22539,2984,4335,378,128,0,0,233,40595,820,1894,0,0,0,0,0
650,3411,651.3394497935572,99834,212,97,114,48,35616,18760,0.544664142476511,145,51,21777,22350,13734,7834,14016,19618,41021,28721,0,0,13804,12020,22566,2982,4355,381,134,0,0,253,40625,819,1895,0,0,0,0,0
651,3411,652.4891140638487,99833,218,91,115,48,35654,18774,0.5451904680816965,143,53,21818,22413,13688,7801,14016,19592,41063,28780,0,0,13747,11977,22594,2975,4377,382,146,0,0,274,40649,811,1901,0,0,0,0,0
652,3411,653.0624681567712,99833,214,93,115,48,35664,18781,0.5453607524566025,153,57,21840,22429,13642,7777,14034,19594,41104,28839,0,0,13695,11937,22625,2966,4394,383,149,0,0,281,40691,810,1902,0,0,0,0,0
653,3411,654.208754858492,99833,215,87,115,48,35703,18791,0.5458515721254495,154,65,21896,22498,13587,7753,14031,19547,41145,28897,0,0,13640,11888,22649,2967,4416,385,157,0,0,300,40719,806,1906,0,0,0,0,0
654,3411,655.3517383013982,99833,209,90,115,48,35745,18806,0.5464225256177817,157,65,21935,22568,13549,7726,14033,19501,41186,28955,0,0,13584,11841,22665,2971,4441,388,162,0,0,322,40748,805,1906,0,0,0,0,0
655,3411,656.4924329043424,99833,205,97,115,48,35780,18822,0.5469333787424999,149,67,21986,22641,13507,7693,14036,19452,41226,29013,0,0,13526,11795,22694,2972,4456,389,167,0,0,345,40778,803,1908,0,0,0,0,0
656,3411,657.0614996206317,99833,195,94,115,48,35792,18831,0.5471437300291487,162,68,21991,22663,13483,7684,14052,19441,41266,29070,0,0,13463,11757,22722,2972,4466,392,172,0,0,357,40823,802,1907,0,0,0,0,0
657,3411,658.199481526789,99832,201,105,116,48,35838,18855,0.5478503886529369,150,58,22046,22749,13440,7645,14045,19393,41306,29127,0,0,13411,11714,22752,2967,4478,399,179,0,0,382,40842,799,1909,0,0,0,0,0
658,3411,659.3348532376982,99832,220,99,116,48,35881,18869,0.5484213478644122,138,68,22099,22816,13377,7618,14048,19349,41345,29184,0,0,13354,11673,22775,2965,4498,399,184,0,0,400,40876,796,1912,0,0,0,0,0
659,3411,660.4672632626915,99832,218,97,116,48,35919,18885,0.548962256591073,137,71,22139,22864,13343,7594,14045,19324,41384,29240,0,0,13300,11625,22799,2963,4521,402,192,0,0,422,40900,796,1912,0,0,0,0,0
660,3411,661.0325005773134,99832,206,95,116,48,35933,18894,0.5491926436413174,154,73,22147,22883,13318,7585,14057,19314,41422,29296,0,0,13244,11584,22830,2960,4532,405,199,0,0,438,40933,795,1912,0,0,0,0,0
661,3411,662.1624486723168,99832,216,97,116,48,35977,18915,0.5498437374789646,155,76,22194,22944,13265,7565,14052,19268,41460,29352,0,0,13192,11538,22857,2954,4556,407,209,0,0,457,40956,793,1913,0,0,0,0,0
662,3411,663.2899308022547,99832,231,102,116,48,36015,18934,0.55041469669044,149,74,22242,23001,13213,7540,14047,19233,41498,29407,0,0,13142,11501,22884,2945,4572,411,215,0,0,473,40984,790,1915,0,0,0,0,0
663,3411,664.4148753525609,99832,228,100,116,48,36060,18948,0.5510056895584582,153,76,22296,23078,13162,7511,14043,19185,41535,29462,0,0,13091,11462,22903,2938,4602,412,223,0,0,501,40999,784,1917,0,0,0,0,0
664,3411,665.5370710669922,99832,247,103,116,48,36107,18966,0.5516567833961055,152,76,22336,23145,13115,7478,14032,19148,41572,29516,0,0,13051,11411,22935,2941,4615,416,226,0,0,519,41018,780,1920,0,0,0,0,0
665,3411,666.0969857076417,99832,241,102,116,48,36124,18973,0.5518971872746213,151,78,22336,23158,13095,7464,14059,19148,41609,29570,0,0,13007,11369,22966,2938,4630,417,228,0,0,531,41047,774,1925,0,0,0,0,0
666,3411,667.2165986914132,99832,252,110,116,48,36172,18993,0.5525783315970831,137,86,22395,23212,13050,7440,14048,19102,41645,29624,0,0,12954,11328,22989,2934,4651,419,237,0,0,548,41073,772,1927,0,0,0,0,0
667,3411,668.3332909745859,99832,233,119,116,48,36197,19026,0.5531593076368299,154,80,22435,23284,13020,7416,14040,19051,41681,29677,0,0,12903,11287,23006,2936,4674,422,245,0,0,577,41087,766,1929,0,0,0,0,0
668,3411,669.4479100099902,99832,234,118,116,48,36241,19040,0.5537402836765767,154,82,22475,23338,12989,7390,14030,19022,41717,29730,0,0,12858,11238,23033,2930,4701,423,256,0,0,598,41100,764,1931,0,0,0,0,0
669,3411,670.0043250557684,99832,244,119,116,48,36263,19050,0.5540608221812645,160,86,22490,23360,12942,7375,14046,19010,41752,29783,0,0,12814,11196,23066,2927,4708,428,261,0,0,604,41133,764,1931,0,0,0,0,0
670,3411,671.1164839691493,99832,249,129,116,48,36305,19083,0.5548120843016268,172,75,22541,23419,12897,7363,14023,18964,41787,29835,0,0,12758,11160,23087,2923,4726,430,275,0,0,633,41146,760,1934,0,0,0,0,0
671,3411,672.2257982381655,99831,242,136,117,48,36347,19109,0.5554987929601026,174,73,22583,23480,12869,7337,14013,18924,41822,29887,0,0,12705,11121,23105,2925,4739,437,286,0,0,660,41160,754,1939,0,0,0,0,0
672,3411,673.3330134074005,99830,235,134,118,48,36386,19131,0.5561153961734949,183,69,22636,23523,12835,7330,13991,18894,41856,29939,0,0,12646,11090,23110,2914,4775,440,301,0,0,680,41183,750,1941,0,0,0,0,0
673,3411,674.4375207931893,99830,233,122,118,48,36429,19144,0.5566763497946509,186,79,22680,23570,12812,7318,13969,18861,41890,29990,0,0,12589,11058,23116,2909,4808,441,311,0,0,707,41202,747,1942,0,0,0,0,0
674,3411,675.5397442213248,99830,241,129,118,48,36477,19167,0.5573875588500451,179,82,22727,23618,12775,7303,13958,18818,41924,30041,0,0,12530,11022,23136,2906,4828,442,324,0,0,727,41227,744,1944,0,0,0,0,0
675,3411,676.089983345694,99830,250,133,118,48,36509,19175,0.5577882400080136,164,84,22726,23635,12753,7278,13987,18820,41958,30092,0,0,12488,10974,23173,2907,4838,443,328,0,0,736,41256,743,1944,0,0,0,0,0
676,3411,677.1898280504608,99830,260,140,118,48,36556,19197,0.5584794150055093,157,86,22784,23709,12713,7257,13966,18758,41991,30142,0,0,12435,10935,23197,2902,4854,447,342,0,0,753,41278,741,1946,0,0,0,0,0
677,3411,678.2870118169602,99830,265,140,118,48,36600,19219,0.5591405389161574,141,87,22834,23763,12687,7251,13953,18709,42024,30192,0,0,12392,10894,23219,2898,4876,448,352,0,0,784,41280,736,1951,0,0,0,0,0
678,3411,679.3817947619514,99830,257,141,118,48,36636,19241,0.5597215265952119,151,85,22867,23825,12661,7230,13944,18669,42057,30242,0,0,12346,10853,23227,2899,4907,451,356,0,0,807,41299,735,1950,0,0,0,0,0
679,3411,680.4748944336994,99830,254,136,118,48,36681,19258,0.5603425823900631,164,96,22908,23881,12632,7205,13922,18632,42089,30291,0,0,12297,10810,23243,2905,4927,455,367,0,0,833,41311,730,1952,0,0,0,0,0
680,3411,681.0205373428705,99830,256,133,118,48,36701,19272,0.5606831613743364,167,90,22904,23904,12606,7203,13947,18620,42121,30340,0,0,12256,10773,23266,2902,4944,455,369,0,0,852,41331,728,1954,0,0,0,0,0
681,3411,682.1116197989518,99830,259,140,118,48,36743,19297,0.5613543023139337,164,85,22948,23947,12574,7194,13935,18584,42153,30389,0,0,12198,10739,23280,2902,4960,460,378,0,0,871,41361,727,1954,0,0,0,0,0
682,3411,683.2006650104613,99830,267,141,118,48,36793,19317,0.5620554943403786,154,90,22995,24000,12548,7172,13916,18547,42185,30437,0,0,12148,10695,23299,2908,4980,461,386,0,0,895,41379,726,1953,0,0,0,0,0
683,3411,684.2879342091422,99830,249,130,118,48,36824,19332,0.5625162776720425,164,98,23053,24060,12514,7152,13900,18510,42216,30485,0,0,12099,10656,23319,2909,4999,466,400,0,0,923,41384,719,1956,0,0,0,0,0
684,3411,685.3723358221421,99830,248,132,118,48,36864,19362,0.5632174696984874,166,82,23077,24118,12481,7151,13908,18467,42247,30533,0,0,12057,10619,23333,2903,5030,468,406,0,0,953,41389,716,1956,0,0,0,0,0
685,3411,686.455462642461,99829,262,139,119,48,36905,19388,0.5638942591832032,166,74,23122,24165,12432,7147,13897,18425,42278,30580,0,0,12015,10582,23353,2898,5052,470,413,0,0,969,41407,714,1956,0,0,0,0,0
686,3411,687.5366442574109,99829,268,144,119,48,36948,19414,0.5645854411042883,167,69,23182,24217,12392,7136,13870,18384,42308,30627,0,0,11974,10543,23374,2895,5071,473,419,0,0,998,41413,713,1956,0,0,0,0,0
687,3411,688.0761309937315,99829,269,145,119,48,36963,19425,0.5648458864658567,171,69,23190,24245,12361,7115,13888,18376,42338,30674,0,0,11938,10508,23399,2892,5083,475,419,0,0,1008,41438,710,1959,0,0,0,0,0
688,3411,689.153861046211,99829,272,147,119,48,37008,19446,0.5655070169990684,167,71,23242,24297,12326,7101,13872,18334,42368,30721,0,0,11890,10469,23420,2893,5101,476,430,0,0,1034,41448,706,1962,0,0,0,0,0
689,3411,690.2291341332243,99829,270,138,119,48,37049,19468,0.5661380961444069,161,71,23306,24339,12293,7106,13849,18296,42398,30767,0,0,11836,10440,23425,2889,5128,477,444,0,0,1067,41455,703,1965,0,0,0,0,0
690,3411,691.3017957624877,99828,283,141,119,49,37100,19493,0.566905076731979,157,70,23351,24402,12258,7089,13830,18247,42427,30813,0,0,11788,10408,23438,2889,5144,480,450,0,0,1096,41467,699,1969,0,0,0,0,0
691,3411,692.3720899482738,99828,294,142,119,49,37146,19512,0.5675561966582522,156,76,23394,24447,12221,7077,13814,18207,42456,30859,0,0,11746,10380,23446,2882,5169,483,456,0,0,1117,41481,695,1973,0,0,0,0,0
692,3411,693.4402968801974,99828,297,143,119,49,37191,19536,0.5682473855030653,154,69,23421,24510,12206,7061,13801,18166,42485,30904,0,0,11704,10344,23471,2877,5185,484,465,0,0,1155,41476,690,1977,0,0,0,0,0
693,3411,694.5070363735263,99828,298,138,119,49,37230,19553,0.5688083503626237,151,73,23474,24550,12175,7052,13781,18136,42514,30949,0,0,11667,10302,23490,2875,5207,489,472,0,0,1178,41483,690,1975,0,0,0,0,0
694,3411,695.0394928217781,99828,304,134,119,49,37256,19559,0.5691289017109428,150,80,23486,24565,12150,7038,13789,18132,42542,30994,0,0,11630,10265,23516,2876,5215,491,474,0,0,1193,41503,688,1977,0,0,0,0,0
695,3411,696.1035233988785,99828,305,141,119,49,37294,19578,0.5696998838001363,150,81,23536,24625,12126,7013,13762,18089,42570,31039,0,0,11583,10233,23528,2878,5236,492,482,0,0,1209,41526,685,1976,0,0,0,0,0
696,3411,697.165170730605,99827,290,132,120,49,37328,19596,0.5702264918308674,152,82,23587,24669,12101,7005,13748,18061,42598,31083,0,0,11538,10195,23538,2878,5265,493,491,0,0,1241,41528,684,1976,0,0,0,0,0
697,3411,698.2246609820882,99827,266,125,120,49,37363,19612,0.5707373756598916,150,89,23644,24729,12080,6990,13738,18016,42626,31127,0,0,11502,10155,23549,2877,5296,495,493,0,0,1280,41523,680,1977,0,0,0,0,0
698,3411,699.2819355057712,99827,276,136,120,49,37404,19638,0.5714085367686097,146,90,23676,24791,12061,6974,13719,17958,42653,31171,0,0,11469,10116,23568,2881,5311,499,494,0,0,1299,41536,678,1976,0,0,0,0,0
699,3411,700.3374375465273,99827,279,143,120,49,37455,19664,0.5721798711771364,136,85,23721,24866,12048,6955,13694,17900,42680,31214,0,0,11435,10079,23582,2883,5332,502,502,0,0,1330,41530,671,1981,0,0,0,0,0
700,3411,701.3912034530418,99827,270,141,120,49,37489,19681,0.5726907550061606,147,78,23768,24919,12029,6946,13664,17865,42707,31257,0,0,11398,10046,23590,2883,5355,507,504,0,0,1353,41541,666,1984,0,0,0,0,0
701,3411,702.4428847602944,99827,259,138,120,49,37524,19703,0.57326174281507,154,73,23811,24967,12000,6938,13654,17833,42734,31300,0,0,11363,10004,23610,2888,5377,511,509,0,0,1377,41543,661,1984,0,0,0,0,0
702,3411,703.4928352491318,99827,275,137,120,49,37567,19725,0.5739128692638265,164,78,23845,25023,11956,6931,13638,17780,42760,31343,0,0,11321,9972,23629,2886,5391,513,514,0,0,1404,41553,661,1983,0,0,0,0,0
703,3411,704.0167810938672,99827,281,135,120,49,37596,19733,0.5742835104731185,157,76,23857,25047,11937,6931,13646,17760,42786,31385,0,0,11284,9941,23640,2885,5410,515,516,0,0,1412,41580,659,1985,0,0,0,0,0
704,3411,705.064384614573,99827,272,140,120,49,37626,19756,0.5748144289621044,160,69,23906,25100,11912,6917,13628,17723,42812,31427,0,0,11249,9903,23659,2887,5423,519,522,0,0,1441,41580,657,1987,0,0,0,0,0
705,3411,706.1099905188315,99827,279,138,120,49,37674,19770,0.5754355034209182,145,69,23937,25166,11886,6898,13631,17678,42838,31469,0,0,11206,9866,23681,2893,5432,522,530,0,0,1469,41587,655,1986,0,0,0,0,0
706,3411,707.1541140687514,99827,276,141,120,49,37710,19786,0.5759564045799233,172,69,23965,25231,11857,6878,13608,17630,42864,31510,0,0,11169,9836,23692,2891,5449,528,535,0,0,1489,41599,652,1987,0,0,0,0,0
707,3411,708.1967459171327,99827,267,142,120,49,37752,19802,0.5765374097188135,161,82,23993,25285,11853,6854,13604,17586,42889,31551,0,0,11134,9802,23708,2892,5463,535,545,0,0,1518,41594,647,1989,0,0,0,0,0
708,3411,709.2382332518097,99826,268,151,121,49,37794,19825,0.5771943181135175,154,87,24048,25339,11826,6831,13581,17541,42914,31592,0,0,11091,9772,23723,2892,5475,539,550,0,0,1544,41604,646,1990,0,0,0,0,0
709,3411,710.2773976912024,99826,281,156,121,49,37849,19854,0.5780357822611344,145,86,24087,25385,11800,6823,13564,17499,42939,31633,0,0,11055,9729,23745,2892,5495,542,563,0,0,1570,41601,645,1989,0,0,0,0,0
710,3411,711.314846558504,99826,268,157,121,49,37882,19879,0.5786167932202032,148,99,24127,25419,11788,6817,13546,17457,42964,31673,0,0,11015,9693,23752,2894,5523,545,575,0,0,1590,41607,642,1990,0,0,0,0,0
711,3411,712.3506418382632,99826,265,158,121,49,37917,19904,0.5792178390399295,142,101,24190,25479,11756,6813,13524,17398,42988,31713,0,0,10978,9666,23757,2887,5550,549,581,0,0,1616,41612,641,1989,0,0,0,0,0
712,3411,713.3840110893249,99826,258,166,121,49,37947,19933,0.579808867429327,140,92,24237,25507,11724,6815,13518,17369,43012,31753,0,0,10946,9642,23766,2877,5571,555,585,0,0,1643,41612,639,1990,0,0,0,0,0
713,3411,714.4155548880044,99826,264,172,121,49,37988,19956,0.5804499829703684,143,92,24281,25556,11693,6804,13496,17325,43036,31793,0,0,10907,9613,23778,2879,5583,559,591,0,0,1669,41619,637,1991,0,0,0,0,0
714,3411,715.4450914231599,99826,255,166,121,49,38023,19966,0.5809007673351632,164,103,24312,25608,11667,6788,13479,17284,43060,31832,0,0,10872,9585,23791,2874,5604,562,597,0,0,1695,41620,632,1994,0,0,0,0,0
715,3411,716.4728403816905,99826,269,169,121,49,38066,19988,0.5815519003065334,168,103,24348,25666,11631,6779,13461,17232,43084,31871,0,0,10838,9554,23807,2874,5619,564,603,0,0,1716,41625,628,1998,0,0,0,0,0
716,3411,717.4989044799865,99826,263,168,121,49,38110,20019,0.5823032075811913,169,97,24367,25720,11636,6774,13442,17190,43107,31910,0,0,10802,9518,23820,2874,5642,569,612,0,0,1752,41614,627,1996,0,0,0,0,0
717,3411,718.0113524390705,99826,277,170,121,49,38141,20031,0.5827339570853285,158,103,24380,25729,11616,6765,13446,17182,43130,31949,0,0,10770,9489,23846,2868,5651,570,618,0,0,1768,41623,627,1996,0,0,0,0,0
718,3411,719.0361859893927,99826,268,178,121,49,38180,20061,0.5834251597780138,152,92,24418,25772,11607,6760,13432,17147,43153,31987,0,0,10728,9463,23854,2866,5672,574,629,0,0,1798,41623,624,1995,0,0,0,0,0
719,3411,720.0592970299368,99826,268,176,121,49,38219,20085,0.5840562578887264,149,97,24469,25811,11576,6753,13415,17112,43176,32025,0,0,10696,9429,23863,2868,5695,576,634,0,0,1825,41621,620,1999,0,0,0,0,0
720,3411,721.0807265172696,99826,283,179,121,49,38265,20111,0.584777512872398,146,96,24527,25842,11539,6753,13382,17079,43199,32063,0,0,10658,9399,23876,2867,5712,578,642,0,0,1849,41626,619,2000,0,0,0,0,0
721,3411,722.0995885529295,99826,283,176,121,49,38301,20135,0.5853785586921243,160,102,24558,25890,11513,6751,13363,17030,43222,32101,0,0,10628,9367,23893,2868,5732,582,645,0,0,1878,41623,615,1995,0,0,0,0,0
722,3411,723.1165791303789,99825,285,177,121,50,38340,20158,0.5860055096418733,162,103,24604,25932,11485,6751,13341,16985,43244,32138,0,0,10592,9339,23900,2872,5749,585,647,0,0,1904,41628,613,1996,0,0,0,0,0
723,3411,724.1318595525435,99825,269,180,121,50,38374,20181,0.5865765088905585,176,92,24641,25997,11468,6742,13323,16937,43266,32175,0,0,10559,9306,23916,2867,5775,585,654,0,0,1936,41621,610,1996,0,0,0,0,0
724,3411,725.1456211626055,99825,270,181,121,50,38421,20203,0.5872677185073879,178,90,24678,26039,11451,6739,13300,16899,43288,32212,0,0,10516,9274,23925,2871,5792,588,665,0,0,1962,41627,608,1997,0,0,0,0,0
725,3411,726.1577697588777,99825,282,184,121,50,38468,20222,0.5879288755321813,164,91,24713,26083,11439,6722,13279,16868,43310,32249,0,0,10477,9254,23920,2870,5816,590,668,0,0,1984,41641,607,1998,0,0,0,0,0
726,3411,727.1684168842074,99825,268,176,121,50,38494,20239,0.5883596293513649,178,92,24769,26140,11416,6720,13246,16820,43332,32285,0,0,10439,9226,23920,2876,5843,590,676,0,0,2006,41648,600,2001,0,0,0,0,0
727,3411,728.177224030931,99825,281,170,121,50,38545,20257,0.5890508389681943,177,96,24788,26182,11397,6718,13234,16782,43353,32321,0,0,10405,9193,23935,2880,5860,594,684,0,0,2029,41649,598,1998,0,0,0,0,0
728,3411,729.1846595239884,99825,286,166,121,50,38582,20280,0.5896518908089156,173,95,24815,26240,11390,6714,13213,16733,43374,32357,0,0,10380,9160,23944,2881,5883,597,684,0,0,2055,41647,596,1998,0,0,0,0,0
729,3411,730.1908993702389,99825,282,161,121,50,38620,20300,0.5902329075882795,181,97,24841,26285,11374,6704,13199,16701,43395,32393,0,0,10352,9129,23950,2882,5906,601,687,0,0,2086,41640,595,1997,0,0,0,0,0
730,3411,731.1962815778205,99825,291,160,121,50,38668,20324,0.590954169797145,194,96,24863,26334,11360,6695,13169,16663,43416,32429,0,0,10310,9103,23963,2878,5917,608,699,0,0,2113,41643,594,1997,0,0,0,0,0
731,3411,732.2004906436791,99824,288,150,122,50,38712,20341,0.5915711652508415,189,102,24915,26386,11339,6685,13145,16625,43437,32464,0,0,10276,9072,23972,2882,5930,616,705,0,0,2146,41636,593,1996,0,0,0,0,0
732,3411,733.2029074861662,99824,303,151,122,50,38762,20370,0.59236255810226,179,94,24956,26439,11320,6683,13118,16581,43458,32499,0,0,10248,9035,23987,2886,5951,618,711,0,0,2170,41631,591,1996,0,0,0,0,0
733,3411,734.2033889997045,99824,295,148,122,50,38801,20388,0.592933563071005,182,91,24990,26503,11311,6668,13098,16538,43478,32534,0,0,10214,9000,24002,2889,5967,620,722,0,0,2201,41622,589,1998,0,0,0,0,0
734,3411,735.2026325316033,99824,282,149,122,50,38836,20413,0.5935346209328418,183,95,25019,26530,11313,6671,13079,16503,43498,32569,0,0,10179,8975,23997,2890,5995,624,726,0,0,2228,41624,587,1999,0,0,0,0,0
735,3411,736.2007589099251,99824,275,147,122,50,38875,20431,0.5941056259015868,183,101,25052,26601,11300,6655,13066,16444,43518,32603,0,0,10148,8938,24005,2903,6015,625,729,0,0,2251,41626,583,2001,0,0,0,0,0
736,3411,737.1976829512367,99824,296,149,122,50,38931,20457,0.5949270716460971,164,95,25083,26644,11275,6657,13058,16403,43538,32637,0,0,10102,8923,24001,2899,6034,630,742,0,0,2271,41639,581,2002,0,0,0,0,0
737,3411,738.1934308712978,99824,284,148,122,50,38965,20477,0.5954680237217502,163,92,25134,26707,11261,6654,13034,16347,43558,32671,0,0,10072,8888,24007,2910,6051,633,744,0,0,2299,41638,578,2004,0,0,0,0,0
738,3411,739.18741333151,99824,278,143,122,50,39009,20495,0.5960891168456484,154,96,25175,26755,11251,6640,13018,16314,43578,32705,0,0,10036,8867,24007,2911,6068,640,747,0,0,2335,41634,577,2002,0,0,0,0,0
739,3411,740.1800313584902,99823,279,149,123,50,39051,20519,0.5967562585776826,150,96,25216,26796,11230,6636,13000,16271,43597,32739,0,0,10010,8837,24023,2907,6086,642,753,0,0,2366,41622,575,2002,0,0,0,0,0
740,3411,741.1707304984096,99823,284,153,123,50,39091,20546,0.5974274465804474,147,95,25268,26839,11200,6624,12976,16237,43616,32772,0,0,9983,8808,24031,2903,6111,644,758,0,0,2388,41621,574,2002,0,0,0,0,0
741,3411,742.159777797045,99823,278,168,123,50,39123,20584,0.5981286877773659,147,71,25308,26894,11179,6624,12963,16191,43635,32805,0,0,9954,8784,24034,2898,6135,648,764,0,0,2413,41619,572,2002,0,0,0,0,0
742,3411,743.1470981611494,99823,281,172,123,50,39166,20606,0.5987798403173618,136,68,25356,26941,11158,6612,12944,16155,43654,32838,0,0,9923,8764,24033,2899,6154,651,765,0,0,2443,41618,569,2004,0,0,0,0,0
743,3411,744.132589342804,99823,286,168,123,50,39204,20623,0.599330815543512,145,71,25391,26975,11125,6607,12928,16127,43673,32871,0,0,9899,8735,24040,2902,6174,652,763,0,0,2472,41613,569,2004,0,0,0,0,0
744,3411,745.1164867927254,99822,284,169,124,50,39249,20652,0.6000781390875759,144,68,25421,27015,11100,6611,12925,16085,43692,32904,0,0,9873,8707,24030,2904,6209,657,764,0,0,2496,41611,568,2003,0,0,0,0,0
745,3411,746.0993071711947,99822,284,151,124,50,39283,20662,0.6005189236841578,155,79,25447,27049,11089,6617,12899,16052,43711,32936,0,0,9846,8685,24030,2901,6234,660,767,0,0,2526,41604,566,2003,0,0,0,0,0
746,3411,747.0810159124864,99822,292,149,124,50,39326,20683,0.6011600649155496,143,81,25491,27097,11065,6608,12883,16013,43729,32968,0,0,9811,8660,24041,2898,6252,662,776,0,0,2552,41604,566,2000,0,0,0,0,0
747,3411,748.0610659510511,99822,292,151,124,50,39367,20702,0.6017611348199796,154,80,25514,27147,11045,6601,12869,15969,43747,33000,0,0,9781,8637,24034,2901,6276,666,776,0,0,2575,41611,566,1999,0,0,0,0,0
748,3411,749.0398372735641,99822,294,158,124,50,39409,20731,0.6024724008735549,155,67,25556,27200,11030,6591,12839,15932,43765,33032,0,0,9750,8609,24047,2900,6292,669,786,0,0,2602,41604,563,2000,0,0,0,0,0
749,3411,750.0174987084412,99822,307,156,124,50,39461,20745,0.6031335777684278,146,73,25575,27234,11018,6585,12828,15900,43783,33064,0,0,9722,8587,24045,2893,6322,671,792,0,0,2621,41607,561,2001,0,0,0,0,0
750,3411,751.4814725763171,99822,310,163,124,50,39522,20780,0.6040952896155156,143,66,25650,27315,10985,6569,12786,15835,43801,33095,0,0,9691,8559,24041,2895,6354,676,800,0,0,2648,41599,558,2001,0,0,0,0,0
751,3411,752.4555348768532,99822,302,150,124,50,39552,20794,0.6045360742120975,164,78,25683,27360,10966,6565,12759,15795,43819,33126,0,0,9657,8535,24044,2896,6371,680,807,0,0,2678,41596,557,2001,0,0,0,0,0
752,3411,753.4278672804295,99822,299,156,124,50,39595,20819,0.6052172867704514,151,75,25725,27394,10964,6559,12735,15764,43837,33157,0,0,9627,8512,24051,2889,6394,684,816,0,0,2705,41588,556,2000,0,0,0,0,0
753,3411,754.399007136192,99822,289,157,124,50,39627,20841,0.6057582496844383,164,75,25769,27445,10950,6559,12702,15712,43854,33188,0,0,9603,8486,24057,2889,6413,686,821,0,0,2739,41573,553,2002,0,0,0,0,0
754,3411,755.3684059000656,99821,276,159,125,50,39669,20857,0.6063453581911622,159,80,25825,27495,10940,6548,12673,15666,43871,33219,0,0,9567,8454,24063,2900,6430,689,830,0,0,2758,41578,551,2001,0,0,0,0,0
755,3411,756.3358913172503,99821,270,157,125,50,39707,20873,0.6068863265244788,165,81,25870,27550,10927,6535,12641,15625,43888,33249,0,0,9539,8426,24071,2905,6441,696,835,0,0,2783,41574,550,2001,0,0,0,0,0
756,3411,757.3016103044293,99821,261,162,125,50,39740,20894,0.6074272948577955,181,78,25898,27596,10916,6522,12617,15590,43905,33279,0,0,9503,8407,24074,2902,6464,696,844,0,0,2806,41576,550,1999,0,0,0,0,0
757,3411,758.2660958002153,99821,257,158,125,50,39777,20910,0.6079582452590137,172,89,25952,27648,10900,6510,12592,15543,43922,33309,0,0,9473,8384,24074,2908,6479,702,849,0,0,2828,41577,546,2001,0,0,0,0,0
758,3411,759.2289638506298,99821,278,156,125,50,39823,20931,0.6086294467096102,159,88,25986,27696,10873,6509,12577,15499,43939,33339,0,0,9445,8370,24078,2901,6497,706,848,0,0,2851,41580,545,2000,0,0,0,0,0
759,3411,760.1902724371134,99821,269,146,125,50,39856,20947,0.6091203253824345,162,89,26019,27747,10862,6515,12561,15451,43956,33369,0,0,9416,8338,24086,2909,6514,710,855,0,0,2877,41574,544,1998,0,0,0,0,0
760,3411,761.1505468302353,99821,278,147,125,50,39892,20968,0.6096913475120466,167,85,26039,27788,10843,6510,12546,15418,43972,33398,0,0,9391,8319,24089,2905,6536,710,857,0,0,2901,41572,543,1998,0,0,0,0,0
761,3411,762.1097266916543,99821,280,138,125,50,39932,20979,0.6102022620490678,180,94,26078,27835,10817,6490,12518,15391,43988,33427,0,0,9368,8294,24096,2906,6552,713,860,0,0,2931,41561,542,1998,0,0,0,0,0
762,3411,763.0677199127324,99818,270,139,128,50,39964,21004,0.6107916407862309,196,85,26105,27873,10790,6489,12509,15362,44004,33456,0,0,9336,8268,24102,2910,6568,716,869,0,0,2955,41556,539,1999,0,0,0,0,0
763,3411,764.0243393604001,99818,281,139,128,50,40012,21024,0.6114728806427698,202,88,26130,27920,10776,6474,12481,15327,44020,33485,0,0,9308,8254,24096,2907,6591,720,871,0,0,2979,41556,537,1999,0,0,0,0,0
764,3411,765.4571405954056,99818,295,149,128,50,40080,21054,0.6124546674948406,190,93,26192,28003,10757,6459,12436,15244,44036,33514,0,0,9267,8228,24093,2917,6611,722,884,0,0,3006,41556,537,1997,0,0,0,0,0
765,3411,766.4104967205061,99817,291,146,129,50,40131,21073,0.6131620866185119,182,95,26215,28051,10759,6456,12422,15200,44052,33543,0,0,9237,8206,24086,2922,6632,728,886,0,0,3039,41550,536,1995,0,0,0,0,0
766,3411,767.3628492498259,99817,282,147,129,50,40175,21097,0.6138433332999389,180,85,26241,28103,10766,6452,12400,15161,44068,33571,0,0,9202,8181,24084,2926,6660,730,897,0,0,3063,41548,534,1992,0,0,0,0,0
767,3411,768.3143097297573,99817,279,137,129,50,40212,21111,0.6143542683110091,177,97,26275,28142,10746,6454,12392,15118,44084,33599,0,0,9170,8159,24086,2924,6677,736,909,0,0,3088,41543,534,1991,0,0,0,0,0
768,3411,769.2645786022114,99817,291,132,129,50,40255,21130,0.6149754049911338,178,97,26306,28188,10722,6447,12372,15084,44099,33627,0,0,9140,8144,24080,2923,6698,739,913,0,0,3113,41544,533,1990,0,0,0,0,0
769,3411,770.2137982097415,99816,301,145,130,50,40301,21158,0.6157229301915524,169,90,26329,28221,10714,6446,12355,15046,44114,33655,0,0,9110,8120,24086,2928,6711,742,918,0,0,3132,41548,532,1989,0,0,0,0,0
770,3411,771.1620466760353,99816,300,154,130,50,40336,21185,0.6163440730944939,168,90,26361,28259,10704,6436,12335,15009,44129,33683,0,0,9091,8096,24088,2930,6731,747,917,0,0,3151,41545,531,1989,0,0,0,0,0
771,3411,772.1092262607839,99816,298,135,130,50,40379,21199,0.6169151238278432,169,95,26385,28292,10708,6448,12308,14978,44144,33711,0,0,9062,8073,24086,2928,6759,751,926,0,0,3181,41533,530,1987,0,0,0,0,0
772,3411,773.0555222508799,99816,300,124,130,50,40422,21215,0.6175062114290294,160,94,26436,28343,10698,6449,12274,14938,44159,33738,0,0,9033,8049,24090,2932,6774,753,934,0,0,3218,41517,529,1987,0,0,0,0,0
773,3411,774.0002945141323,99816,285,123,130,50,40464,21235,0.6181273543319709,157,95,26460,28387,10699,6441,12267,14902,44174,33765,0,0,9008,8028,24088,2926,6800,758,942,0,0,3252,41499,527,1988,0,0,0,0,0
774,3411,775.4157549876064,99816,292,118,130,50,40520,21267,0.6190089765167909,160,86,26539,28449,10666,6445,12211,14850,44189,33792,0,0,8975,8010,24088,2923,6818,764,949,0,0,3297,41478,527,1987,0,0,0,0,0
775,3411,776.3571018462173,99816,296,120,130,50,40564,21286,0.6196401378536507,150,85,26567,28493,10655,6432,12200,14818,44204,33819,0,0,8953,7987,24089,2924,6838,768,953,0,0,3320,41473,525,1986,0,0,0,0,0
776,3411,777.2974066615384,99816,289,125,130,50,40603,21312,0.6202913360583474,143,81,26593,28539,10665,6418,12178,14785,44219,33846,0,0,8926,7965,24093,2922,6856,773,961,0,0,3349,41462,523,1986,0,0,0,0,0
777,3411,778.2368683576116,99816,289,130,130,50,40641,21330,0.6208523683577784,138,87,26620,28573,10660,6411,12161,14747,44233,33873,0,0,8899,7944,24097,2927,6869,776,965,0,0,3372,41461,522,1984,0,0,0,0,0
778,3411,779.175389656729,99816,283,136,130,50,40681,21353,0.6214835296946382,148,88,26625,28615,10657,6400,12155,14709,44247,33899,0,0,8877,7916,24101,2935,6892,778,969,0,0,3390,41455,520,1983,0,0,0,0,0
779,3411,780.1133937380382,99816,265,144,130,50,40707,21377,0.6219844513905586,159,77,26666,28662,10645,6396,12133,14669,44261,33925,0,0,8848,7898,24100,2936,6911,781,974,0,0,3414,41453,519,1982,0,0,0,0,0
780,3411,781.050235305411,99816,277,141,130,50,40752,21393,0.6225955758595816,147,80,26697,28702,10631,6393,12116,14632,44275,33951,0,0,8826,7882,24101,2936,6923,787,972,0,0,3443,41447,519,1980,0,0,0,0,0
781,3411,782.4533789735192,99816,305,139,130,50,40823,21427,0.6236475114210147,130,72,26752,28786,10606,6398,12075,14553,44289,33977,0,0,8804,7855,24101,2939,6949,790,980,0,0,3476,41425,517,1980,0,0,0,0,0
782,3411,783.3872507320959,99816,290,139,130,50,40850,21444,0.6240883225134247,139,74,26786,28826,10601,6389,12052,14520,44303,34003,0,0,8781,7838,24095,2932,6978,793,984,0,0,3499,41420,517,1979,0,0,0,0,0
783,3411,784.3199158989105,99816,289,141,130,50,40882,21461,0.6245792257754268,137,76,26819,28876,10584,6374,12039,14481,44317,34029,0,0,8765,7819,24092,2930,7005,795,985,0,0,3513,41417,513,1982,0,0,0,0,0
784,3411,785.2514656947823,99816,280,145,130,50,40914,21482,0.6251102027731025,133,79,26874,28911,10561,6367,12020,14446,44331,34054,0,0,8744,7798,24093,2931,7021,800,989,0,0,3539,41406,512,1983,0,0,0,0,0
785,3411,786.1815215550507,99816,286,149,130,50,40956,21504,0.6257513825438807,135,68,26899,28945,10559,6361,11989,14425,44345,34079,0,0,8717,7782,24096,2930,7035,804,993,0,0,3565,41401,512,1981,0,0,0,0,0
786,3411,787.1103452954967,99816,287,151,130,50,40989,21520,0.6262422858058828,128,71,26921,28980,10556,6353,11976,14393,44359,34104,0,0,8695,7762,24104,2928,7049,809,999,0,0,3579,41399,511,1981,0,0,0,0,0
787,3411,788.038370431167,99816,289,149,130,50,41023,21536,0.6267432075018033,130,65,26948,29031,10542,6344,11959,14359,44372,34129,0,0,8673,7744,24106,2927,7066,812,1001,0,0,3601,41394,511,1981,0,0,0,0,0
788,3411,789.4286778813066,99816,270,152,130,50,41063,21566,0.627444497876092,138,74,27015,29080,10534,6331,11911,14311,44385,34154,0,0,8648,7714,24107,2930,7090,818,1014,0,0,3632,41373,511,1979,0,0,0,0,0
789,3411,790.3538409409748,99815,266,144,131,50,41094,21580,0.6279016179932876,138,72,27053,29133,10521,6331,11889,14268,44398,34179,0,0,8626,7693,24107,2931,7110,822,1020,0,0,3650,41368,508,1980,0,0,0,0,0
790,3411,791.2776645222256,99815,263,150,131,50,41122,21605,0.6284326003105746,146,65,27070,29168,10506,6331,11882,14234,44411,34204,0,0,8605,7676,24110,2929,7127,827,1023,0,0,3667,41366,506,1979,0,0,0,0,0
791,3411,792.2006550712226,99815,261,146,131,50,41154,21617,0.6288734158192656,143,72,27116,29197,10482,6327,11865,14206,44424,34228,0,0,8583,7648,24119,2934,7140,831,1029,0,0,3682,41366,506,1977,0,0,0,0,0
792,3411,793.1223952474284,99815,261,147,131,50,41182,21634,0.6293242498622451,146,80,27148,29245,10463,6309,11849,14167,44437,34252,0,0,8569,7626,24124,2935,7159,832,1031,0,0,3701,41358,502,1978,0,0,0,0,0
793,3411,794.0429797151824,99815,280,150,131,50,41228,21656,0.6300055101938586,144,77,27167,29293,10442,6302,11834,14126,44450,34276,0,0,8546,7607,24129,2936,7173,833,1034,0,0,3725,41354,501,1977,0,0,0,0,0
794,3411,795.4218482896156,99815,282,148,131,50,41276,21686,0.6307869558683564,152,77,27209,29360,10427,6291,11797,14072,44463,34300,0,0,8516,7588,24126,2932,7202,835,1046,0,0,3753,41341,499,1977,0,0,0,0,0
795,3411,796.3398628529807,99814,275,140,132,50,41311,21703,0.6313142444947603,161,85,27235,29392,10425,6294,11770,14037,44476,34324,0,0,8488,7566,24132,2935,7217,837,1054,0,0,3784,41327,498,1976,0,0,0,0,0
796,3411,797.2571388651953,99814,281,137,132,50,41354,21716,0.6318752880357464,156,96,27263,29414,10418,6286,11748,14015,44489,34348,0,0,8466,7546,24133,2933,7239,838,1059,0,0,3806,41321,497,1976,0,0,0,0,0
797,3411,798.1734089711182,99814,287,139,132,50,41386,21738,0.6324162943074118,152,94,27312,29456,10398,6288,11717,13971,44502,34372,0,0,8443,7533,24135,2930,7253,842,1063,0,0,3828,41318,494,1975,0,0,0,0,0
798,3411,799.0880260946594,99814,287,139,132,50,41421,21756,0.6329472819444166,151,96,27338,29490,10392,6287,11698,13936,44514,34395,0,0,8421,7518,24129,2932,7271,846,1065,0,0,3850,41314,493,1975,0,0,0,0,0
799,3411,800.0016386557854,99812,287,151,133,51,41454,21783,0.6335610948583337,149,85,27370,29527,10380,6279,11679,13905,44526,34418,0,0,8396,7508,24125,2927,7287,850,1071,0,0,3869,41312,490,1977,0,0,0,0,0
800,3411,801.3702249339728,99812,286,150,133,51,41506,21810,0.6343525828557689,154,88,27402,29592,10374,6280,11649,13837,44538,34441,0,0,8372,7484,24124,2928,7308,853,1084,0,0,3907,41285,487,1980,0,0,0,0,0
801,3411,802.281523616834,99812,290,151,133,51,41542,21833,0.6349436941449926,146,86,27419,29625,10368,6283,11642,13802,44550,34464,0,0,8351,7468,24123,2929,7327,855,1087,0,0,3931,41276,485,1980,0,0,0,0,0
802,3411,803.1922236030541,99812,279,147,133,51,41575,21851,0.6354546547509318,151,83,27432,29679,10373,6277,11630,13761,44562,34487,0,0,8331,7448,24122,2931,7349,857,1091,0,0,3962,41259,483,1979,0,0,0,0,0
803,3411,804.1026772324597,99812,282,134,133,51,41609,21865,0.6359355588506392,146,96,27465,29702,10359,6288,11613,13727,44574,34510,0,0,8310,7428,24130,2932,7365,860,1097,0,0,3987,41246,481,1976,0,0,0,0,0
804,3411,805.0121694390825,99812,277,130,133,51,41644,21881,0.6364465194565784,148,99,27503,29757,10344,6277,11593,13684,44586,34533,0,0,8283,7412,24126,2933,7381,866,1104,0,0,4008,41242,481,1976,0,0,0,0,0
805,3411,806.3741355812971,99812,253,145,133,51,41688,21916,0.6372380074540136,150,94,27584,29820,10337,6264,11541,13624,44598,34555,0,0,8260,7388,24117,2936,7408,872,1114,0,0,4041,41221,479,1976,0,0,0,0,0
806,3411,807.2800646444497,99812,251,146,133,51,41729,21934,0.6378291187432373,147,93,27612,29891,10335,6249,11520,13568,44610,34577,0,0,8240,7371,24114,2938,7424,878,1116,0,0,4067,41212,477,1975,0,0,0,0,0
807,3411,808.185033090089,99812,248,139,133,51,41753,21946,0.6381897968180179,159,99,27650,29933,10315,6247,11493,13529,44622,34599,0,0,8222,7353,24117,2939,7436,882,1119,0,0,4090,41204,476,1974,0,0,0,0,0
808,3411,809.0886435025349,99812,242,158,133,51,41781,21973,0.6387408327655993,168,88,27675,29974,10313,6228,11467,13499,44634,34621,0,0,8202,7333,24123,2941,7446,886,1124,0,0,4105,41203,474,1975,0,0,0,0,0
809,3411,810.4422573053416,99812,244,140,133,51,41832,21992,0.6394421512443393,161,95,27743,30026,10298,6238,11419,13448,44645,34643,0,0,8178,7312,24115,2940,7478,887,1133,0,0,4142,41180,472,1975,0,0,0,0,0
810,3411,811.3430716784147,99812,247,135,133,51,41875,22012,0.6400733378752054,150,90,27766,30073,10299,6237,11403,13412,44656,34665,0,0,8154,7295,24108,2949,7497,892,1134,0,0,4163,41175,472,1973,0,0,0,0,0
811,3411,812.2428672333021,99812,241,148,133,51,41909,22038,0.6406744679998397,150,84,27795,30121,10299,6223,11380,13371,44667,34687,0,0,8131,7276,24107,2954,7512,896,1137,0,0,4182,41175,471,1971,0,0,0,0,0
812,3411,813.1419314503751,99812,236,147,133,51,41935,22057,0.6411253155933154,148,82,27832,30181,10283,6210,11366,13327,44678,34709,0,0,8115,7258,24107,2953,7526,903,1139,0,0,4201,41168,470,1972,0,0,0,0,0
813,3411,814.0397773468894,99812,240,156,133,51,41971,22077,0.6416863703763075,145,71,27858,30227,10266,6198,11356,13295,44689,34730,0,0,8098,7241,24113,2955,7534,907,1140,0,0,4222,41161,469,1972,0,0,0,0,0
814,3411,815.3849077351755,99812,227,155,133,51,42017,22102,0.642397707690458,148,74,27917,30288,10262,6194,11311,13236,44700,34751,0,0,8079,7215,24108,2962,7562,910,1146,0,0,4253,41139,467,1971,0,0,0,0,0
815,3411,816.2802362182615,99812,238,156,133,51,42058,22122,0.6430088566505029,136,67,27955,30341,10249,6183,11287,13200,44711,34772,0,0,8064,7201,24105,2957,7586,911,1148,0,0,4275,41128,465,1972,0,0,0,0,0
816,3411,817.1745590388414,99812,239,161,133,51,42086,22137,0.6434396665731575,140,72,27989,30372,10237,6167,11260,13175,44722,34793,0,0,8050,7180,24114,2960,7594,915,1148,0,0,4288,41126,464,1973,0,0,0,0,0
817,3411,818.0675375375184,99812,253,151,133,51,42126,22150,0.6439706648499178,140,73,28013,30419,10213,6165,11246,13139,44733,34814,0,0,8028,7170,24113,2956,7607,919,1154,0,0,4314,41114,464,1973,0,0,0,0,0
818,3411,819.4051651097154,99812,249,145,133,51,42166,22172,0.6445918326453733,132,90,28065,30474,10207,6164,11212,13074,44744,34835,0,0,8010,7150,24111,2964,7628,923,1155,0,0,4344,41095,463,1969,0,0,0,0,0
819,3411,820.2956502192657,99812,245,142,133,51,42189,22187,0.6449725483909751,141,93,28081,30514,10201,6160,11197,13038,44755,34856,0,0,7993,7135,24111,2959,7649,926,1157,0,0,4358,41092,463,1969,0,0,0,0,0
820,3411,821.1853072852296,99812,233,133,133,51,42214,22203,0.6453833206428085,139,94,28106,30557,10210,6160,11177,13003,44766,34877,0,0,7972,7116,24116,2962,7660,932,1162,0,0,4384,41079,463,1966,0,0,0,0,0
821,3411,822.0745570407673,99812,235,139,133,51,42249,22222,0.6459243377549794,126,82,28139,30588,10206,6159,11159,12979,44777,34897,0,0,7957,7106,24115,2956,7675,938,1164,0,0,4405,41070,461,1965,0,0,0,0,0
822,3411,823.406605282986,99812,239,142,133,51,42288,22250,0.6465955997274877,137,80,28200,30648,10171,6154,11118,12923,44788,34917,0,0,7934,7088,24110,2965,7689,941,1167,0,0,4431,41062,460,1965,0,0,0,0,0
823,3411,824.292915783829,99812,236,137,133,51,42317,22264,0.6470264096501422,150,81,28218,30694,10163,6154,11098,12881,44798,34937,0,0,7921,7067,24109,2967,7707,944,1171,0,0,4453,41049,459,1965,0,0,0,0,0
824,3411,825.1784955894833,99812,246,139,133,51,42357,22289,0.6476776339518294,129,69,28261,30738,10152,6156,11077,12845,44808,34957,0,0,7905,7053,24108,2965,7721,950,1174,0,0,4477,41036,458,1965,0,0,0,0,0
825,3411,826.0630251943614,99812,239,140,133,51,42385,22304,0.6481084438744841,139,68,28281,30769,10147,6149,11059,12821,44818,34977,0,0,7884,7038,24108,2968,7739,951,1176,0,0,4494,41033,457,1964,0,0,0,0,0
826,3411,827.3881757265303,99812,230,139,133,51,42421,22329,0.648719592834529,153,61,28328,30841,10124,6139,11030,12767,44828,34997,0,0,7871,7022,24100,2967,7762,958,1177,0,0,4524,41014,454,1963,0,0,0,0,0
827,3411,828.270284017301,99812,245,137,133,51,42450,22343,0.6491504027571835,162,64,28354,30866,10098,6140,11006,12740,44838,35017,0,0,7861,7004,24110,2963,7774,958,1178,0,0,4544,41003,454,1963,0,0,0,0,0
828,3411,829.1516682649059,99812,259,136,133,51,42489,22363,0.6497415140464072,151,67,28388,30894,10085,6140,10982,12710,44848,35037,0,0,7840,6992,24105,2962,7793,959,1182,0,0,4565,40999,453,1962,0,0,0,0,0
829,3411,830.0318462023471,99812,248,139,133,51,42512,22380,0.6501422674628301,165,58,28406,30942,10079,6125,10967,12683,44858,35057,0,0,7823,6976,24099,2962,7814,961,1188,0,0,4582,40993,450,1964,0,0,0,0,0
830,3411,831.3508065151061,99812,235,118,133,51,42562,22395,0.6507934917645173,152,66,28462,30986,10088,6133,10928,12644,44868,35076,0,0,7807,6953,24097,2965,7836,968,1195,0,0,4629,40950,450,1962,0,0,0,0,0
831,3411,832.228978781608,99812,247,120,133,51,42598,22410,0.6513044523704564,137,59,28492,31032,10077,6123,10912,12613,44878,35095,0,0,7785,6940,24095,2966,7851,970,1199,0,0,4639,40956,450,1961,0,0,0,0,0
832,3411,833.1063009817178,99812,250,117,133,51,42629,22425,0.6517653187993427,133,58,28520,31071,10073,6124,10889,12577,44888,35114,0,0,7763,6925,24093,2972,7859,974,1203,0,0,4660,40953,449,1961,0,0,0,0,0
833,3411,834.4204893010399,99812,248,119,133,51,42670,22448,0.6524065242656194,140,59,28561,31123,10055,6113,10861,12533,44898,35133,0,0,7738,6912,24079,2973,7886,976,1210,0,0,4681,40947,449,1961,0,0,0,0,0
834,3411,835.2955578035433,99812,243,119,133,51,42699,22461,0.6528273153528634,134,58,28580,31160,10059,6105,10849,12505,44908,35152,0,0,7723,6901,24074,2972,7898,984,1210,0,0,4702,40940,449,1959,0,0,0,0,0
835,3411,836.1701368770986,99812,257,116,133,51,42744,22471,0.6533783513004449,128,67,28602,31187,10048,6094,10830,12483,44918,35171,0,0,7705,6887,24075,2971,7912,987,1216,0,0,4719,40933,447,1960,0,0,0,0,0
836,3411,837.0440330575295,99812,247,117,133,51,42768,22486,0.6537690858814571,133,65,28640,31226,10035,6093,10810,12446,44928,35190,0,0,7689,6867,24078,2972,7927,992,1223,0,0,4733,40927,446,1958,0,0,0,0,0
837,3411,838.3530008032005,99812,251,123,133,51,42811,22516,0.6545004608664289,131,57,28686,31289,10021,6079,10776,12399,44937,35209,0,0,7670,6853,24075,2967,7950,994,1229,0,0,4761,40909,446,1958,0,0,0,0,0
838,3411,839.224414752404,99812,242,125,133,51,42833,22531,0.6548711577766201,139,56,28719,31331,10016,6068,10749,12367,44946,35228,0,0,7653,6834,24079,2972,7964,995,1233,0,0,4777,40902,446,1957,0,0,0,0,0
839,3411,840.0948436235502,99812,238,120,133,51,42861,22542,0.6552618923576323,138,59,28745,31355,10006,6065,10738,12348,44955,35246,1,1,7636,6822,24078,2973,7977,997,1234,0,0,4803,40887,446,1957,0,0,0,0,2
840,3411,841.3988802485575,99812,257,113,133,51,42919,22559,0.6560133050134253,125,62,28807,31411,9978,6064,10698,12297,44964,35264,2,2,7621,6805,24072,2976,7995,1002,1236,0,0,4830,40870,446,1955,0,0,2,0,2
841,3411,842.2667469971083,99812,254,114,133,51,42954,22570,0.6564741714423116,115,64,28829,31445,9989,6056,10678,12268,44973,35282,3,3,7604,6789,24067,2977,8014,1006,1237,0,0,4843,40870,446,1953,1,0,2,0,3
842,3411,843.133877227368,99812,245,111,133,51,42981,22581,0.6568548871879133,119,63,28839,31480,9988,6051,10674,12242,44982,35300,4,4,7587,6773,24072,2980,8022,1012,1242,0,0,4860,40860,444,1952,1,2,2,0,3
843,3411,844.0006413111978,99812,243,114,133,51,43005,22595,0.657235602933515,128,67,28873,31521,9974,6035,10647,12210,44991,35318,6,5,7569,6759,24075,2978,8037,1013,1248,0,0,4873,40855,443,1952,1,2,2,0,5
844,3411,845.2991835901759,99812,248,119,133,51,43046,22619,0.6578868272352022,131,58,28932,31590,9942,6017,10612,12163,45000,35336,8,6,7555,6745,24074,2978,8051,1018,1248,0,0,4897,40838,442,1953,1,3,2,0,7
845,3411,846.1633671880722,99812,240,115,133,51,43079,22633,0.658357712499499,126,61,28969,31636,9937,6007,10593,12128,45009,35354,11,8,7537,6732,24062,2980,8076,1020,1250,0,0,4920,40825,442,1950,1,3,4,0,10
846,3411,847.026452680602,99812,245,115,133,51,43111,22645,0.6587985412575642,121,63,28995,31680,9924,5992,10580,12097,45018,35372,15,10,7522,6718,24065,2983,8082,1024,1250,0,0,4941,40814,440,1950,1,3,5,0,14
847,3411,848.3193275171991,99812,229,118,133,51,43139,22666,0.6592894641926822,125,72,29046,31720,9913,5978,10552,12059,45027,35390,20,12,7502,6704,24060,2983,8096,1031,1255,0,0,4969,40797,440,1948,1,3,6,0,17
848,3411,849.1801599406656,99812,223,127,133,51,43159,22682,0.6596501422674629,123,69,29080,31759,9897,5959,10542,12033,45036,35408,26,15,7486,6689,24061,2983,8102,1037,1259,0,0,4977,40795,440,1947,1,3,12,0,20
849,3411,850.0400053926122,99812,223,123,133,51,43192,22694,0.6601009898609386,121,74,29105,31797,9886,5952,10530,12001,45045,35425,33,18,7472,6672,24066,2982,8114,1041,1264,0,0,4999,40774,438,1945,1,4,13,0,27
850,3411,851.3283043370894,99812,214,129,133,51,43234,22719,0.6607722518334469,117,68,29154,31841,9882,5954,10498,11955,45054,35442,41,21,7459,6653,24054,2981,8141,1047,1270,0,0,5020,40753,436,1943,1,5,18,0,31
851,3411,852.1860803935585,99812,217,127,133,51,43259,22734,0.6611730052498698,117,63,29177,31869,9872,5953,10482,11935,45063,35459,50,25,7446,6643,24047,2978,8158,1048,1269,0,0,5039,40738,435,1943,2,5,23,0,38
852,3411,853.043181357897,99812,221,124,133,51,43285,22748,0.6615737586662926,122,66,29208,31888,9850,5952,10464,11917,45072,35476,61,29,7435,6630,24046,2974,8170,1053,1270,0,0,5055,40720,435,1943,2,7,26,0,46
853,3411,854.327090096083,99812,218,117,133,51,43322,22769,0.6621548511201057,122,61,29258,31952,9839,5946,10428,11871,45081,35493,73,34,7419,6612,24034,2975,8196,1054,1276,0,0,5080,40693,433,1943,2,9,32,0,54
854,3411,855.1818280360018,99812,210,112,133,51,43342,22777,0.6624353785116018,136,71,29274,31966,9833,5941,10412,11857,45090,35510,87,39,7409,6596,24029,2978,8212,1060,1274,0,0,5090,40678,433,1941,2,11,34,0,65
855,3411,856.0360499678483,99812,212,107,133,51,43373,22788,0.6628561695988459,127,68,29305,31986,9818,5935,10403,11851,45098,35527,102,44,7390,6584,24021,2980,8223,1065,1278,0,0,5102,40668,432,1941,3,14,39,0,72
856,3411,857.3158604761785,99812,212,118,133,51,43412,22815,0.6635174127359436,132,56,29332,32036,9810,5927,10379,11810,45106,35544,119,50,7374,6572,24003,2980,8240,1071,1280,0,0,5121,40647,431,1942,3,14,49,0,85
857,3411,858.1682692035897,99812,211,117,133,51,43442,22829,0.6639582414940087,133,56,29352,32055,9803,5920,10366,11799,45114,35561,138,56,7358,6564,23985,2977,8253,1079,1283,0,0,5139,40629,430,1943,3,16,57,0,96
858,3411,859.0202898300652,99812,216,113,133,51,43474,22840,0.6643890514166634,125,53,29387,32082,9783,5908,10354,11791,45122,35578,158,63,7345,6551,23977,2977,8260,1086,1284,0,0,5156,40609,430,1940,3,18,69,0,107
859,3411,860.296584752973,99812,219,111,133,51,43507,22856,0.6648799743517814,128,54,29432,32141,9757,5886,10329,11755,45130,35595,180,70,7336,6537,23973,2976,8278,1088,1284,0,0,5176,40572,428,1938,4,19,76,0,127
860,3411,861.1462134457606,99812,226,120,133,51,43537,22873,0.6653508596160782,117,48,29460,32152,9747,5871,10315,11756,45138,35611,204,78,7318,6528,23964,2976,8279,1095,1287,0,0,5193,40554,428,1936,6,19,86,0,143
861,3411,862.419151645667,99812,231,115,133,51,43580,22890,0.6659519897407126,122,49,29517,32188,9719,5864,10276,11731,45146,35627,230,86,7304,6518,23933,2976,8302,1103,1287,0,0,5209,40532,427,1936,7,21,100,0,157
862,3411,863.2663611544067,99812,229,113,133,51,43604,22902,0.6663126678154931,129,51,29546,32210,9697,5848,10264,11725,45154,35643,258,95,7289,6505,23924,2980,8308,1110,1287,0,0,5226,40509,426,1934,7,23,111,0,173
863,3411,864.1126584253018,99812,225,108,133,51,43632,22916,0.6667334589027372,127,51,29572,32212,9693,5847,10248,11729,45162,35659,288,104,7276,6490,23916,2982,8311,1124,1290,0,0,5241,40478,425,1933,9,26,119,0,192
864,3411,865.3805577712263,99812,229,102,133,51,43669,22931,0.6672544383440869,117,54,29637,32246,9675,5833,10207,11712,45170,35675,320,114,7264,6480,23898,2976,8333,1128,1291,0,0,5262,40439,425,1931,11,31,130,0,213
865,3411,866.2244083626254,99812,222,103,133,51,43691,22946,0.667625135254278,115,49,29658,32256,9669,5824,10201,11715,45178,35691,354,125,7248,6475,23882,2971,8340,1137,1292,0,0,5283,40405,423,1931,13,33,141,0,238
866,3411,867.0675990827647,99812,233,105,133,51,43722,22957,0.668045926341522,96,51,29696,32261,9653,5810,10187,11720,45186,35707,390,136,7237,6463,23872,2969,8342,1146,1293,0,0,5293,40379,421,1932,13,37,156,0,259
867,3411,868.3308128387849,99812,225,98,133,51,43763,22967,0.6685568869474612,80,54,29740,32292,9648,5800,10172,11703,45194,35723,429,148,7226,6440,23855,2975,8364,1152,1293,0,0,5305,40342,420,1927,14,44,172,0,283
868,3411,869.1718605646254,99812,216,96,133,51,43776,22980,0.6688173766681361,99,53,29747,32300,9637,5793,10166,11705,45202,35739,470,160,7212,6428,23840,2975,8372,1157,1297,0,0,5316,40308,418,1926,16,47,190,0,310
869,3411,870.0127731053179,99812,208,98,133,51,43798,22987,0.6691079228950427,94,57,29773,32304,9632,5776,10158,11712,45210,35755,513,173,7199,6418,23824,2972,8385,1161,1298,0,0,5332,40269,418,1922,18,47,206,0,343
870,3411,871.2729148958953,99812,201,95,133,51,43823,23006,0.6695487516531078,107,53,29817,32313,9603,5770,10137,11716,45218,35771,558,187,7185,6404,23810,2970,8391,1175,1304,0,0,5350,40221,418,1919,18,52,220,0,375
871,3411,872.1120832996514,99812,200,94,133,51,43842,23018,0.6698593355508355,102,47,29845,32313,9590,5760,10128,11733,45226,35787,606,201,7172,6390,23796,2973,8398,1182,1304,0,0,5355,40183,418,1918,18,58,234,0,413
872,3411,873.3694257855468,99811,206,88,133,52,43876,23034,0.670366993617938,104,54,29871,32350,9566,5738,10118,11716,45234,35802,656,216,7165,6377,23775,2974,8411,1192,1303,0,0,5368,40133,414,1918,19,63,250,0,449
873,3411,874.2069986058096,99811,215,83,133,52,43902,23042,0.6707076374347517,97,56,29891,32352,9550,5734,10112,11721,45242,35817,708,231,7155,6366,23758,2972,8416,1199,1303,0,0,5380,40091,413,1916,21,65,272,0,484
874,3411,875.0439226790119,99811,212,86,133,52,43922,23057,0.6710583001873541,91,50,29916,32356,9540,5718,10106,11736,45249,35832,762,247,7145,6352,23735,2977,8416,1208,1303,0,0,5391,40050,411,1917,21,69,298,0,518
875,3411,876.2982005263657,99811,209,85,133,52,43954,23073,0.6715392091052088,89,49,29951,32375,9525,5706,10091,11731,45256,35847,819,264,7131,6340,23713,2976,8422,1221,1307,0,0,5410,39993,411,1915,22,72,317,0,561
876,3411,877.1335961203291,99811,198,89,133,52,43971,23083,0.6718097203715021,88,53,29984,32366,9521,5692,10074,11746,45263,35862,878,281,7118,6328,23692,2977,8432,1224,1308,0,0,5418,39947,410,1914,22,81,338,0,602
877,3411,878.3850671691556,99811,196,87,133,52,44000,23097,0.6722405346104137,94,56,30028,32401,9501,5670,10046,11732,45270,35877,939,299,7107,6318,23661,2977,8448,1230,1307,0,0,5436,39891,410,1911,23,84,361,0,647
878,3411,879.2183183459041,99811,194,91,133,52,44022,23107,0.6725611405556502,96,53,30047,32421,9480,5640,10048,11741,45277,35892,1002,318,7097,6307,23638,2977,8452,1238,1306,0,0,5444,39842,408,1911,23,90,386,0,692
879,3411,880.0510997939873,99811,196,94,133,52,44055,23120,0.6730220116019276,87,48,30048,32409,9483,5628,10051,11767,45284,35907,1068,337,7086,6293,23615,2976,8460,1248,1310,0,0,5455,39783,407,1909,24,93,410,0,742
880,3411,881.2998453636859,99811,182,89,133,52,44080,23129,0.6733626554187414,87,48,30099,32413,9466,5610,10031,11786,45291,35922,1136,357,7069,6278,23587,2982,8463,1263,1314,0,0,5457,39734,405,1909,24,103,434,0,789
881,3411,882.1314245743129,99811,180,91,133,52,44102,23141,0.6737032992355552,90,46,30111,32403,9457,5591,10027,11815,45298,35937,1206,377,7059,6266,23565,2983,8466,1275,1316,0,0,5457,39688,400,1905,28,111,459,0,833
882,3411,883.3779564470608,99811,175,84,133,52,44135,23152,0.6741441324102554,85,51,30132,32417,9455,5577,10018,11817,45305,35952,1278,398,7038,6255,23533,2984,8471,1287,1324,0,0,5473,39630,400,1900,31,116,488,0,881
883,3411,884.2085630658248,99811,170,87,133,52,44147,23165,0.6743946058049713,90,52,30150,32385,9434,5559,10021,11863,45312,35967,1352,420,7027,6242,23509,2984,8476,1297,1325,0,0,5475,39579,399,1897,33,120,514,0,934
884,3411,885.0387359232668,99811,157,82,133,52,44158,23171,0.6745649277133783,93,57,30169,32368,9418,5544,10028,11895,45319,35981,1428,442,7019,6232,23485,2981,8487,1304,1325,0,0,5483,39512,398,1893,37,127,534,0,994
885,3411,886.283073627309,99811,151,89,133,52,44184,23195,0.6750658745028103,90,41,30212,32378,9396,5524,10016,11914,45326,35995,1506,465,7005,6221,23452,2985,8488,1319,1326,0,0,5502,39450,396,1889,39,130,565,0,1044
886,3411,887.1117625510152,99811,152,83,133,52,44199,23204,0.6753063289617377,91,42,30243,32364,9372,5512,10007,11945,45333,36009,1586,489,6996,6207,23424,2986,8489,1326,1327,0,0,5510,39387,396,1887,41,138,600,0,1097
887,3411,888.3533108737316,99811,165,80,133,52,44230,23218,0.6757571810722265,93,41,30299,32369,9330,5504,9978,11952,45340,36023,1668,513,6986,6196,23391,2984,8496,1335,1328,0,0,5524,39315,396,1887,41,141,630,0,1161
888,3411,889.1795806858821,99811,162,78,133,52,44249,23225,0.6760176734027311,87,45,30316,32351,9317,5487,9983,11985,45347,36037,1752,538,6975,6184,23361,2985,8503,1345,1328,0,0,5526,39254,396,1883,44,147,657,0,1223
889,3411,890.0053163676448,99811,162,74,133,52,44265,23234,0.6762681467974472,86,43,30324,32324,9305,5472,9988,12033,45354,36051,1837,564,6963,6172,23327,2987,8501,1360,1328,0,0,5531,39195,396,1882,45,149,689,0,1286
890,3411,891.2435520385435,99811,163,72,133,52,44294,23247,0.6766889421005701,72,48,30353,32320,9293,5455,9984,12051,45361,36065,1924,590,6953,6156,23292,2988,8506,1371,1331,0,0,5539,39127,394,1882,47,158,724,0,1343
891,3411,892.0683711437026,99811,164,73,133,52,44313,23255,0.6769594533668634,71,48,30368,32302,9282,5438,9980,12085,45368,36079,2013,617,6939,6143,23274,2991,8509,1374,1332,0,0,5537,39052,394,1879,50,171,746,0,1420
892,3411,893.3048792693734,99811,155,69,133,52,44330,23266,0.6772399835689453,79,52,30410,32298,9271,5419,9950,12108,45375,36093,2103,645,6933,6134,23243,2989,8514,1389,1329,0,0,5548,38969,392,1877,53,179,770,0,1492
893,3411,894.1281820561196,99811,169,74,133,52,44357,23274,0.6775906463215478,73,54,30426,32268,9247,5401,9950,12149,45382,36107,2195,673,6923,6128,23212,2984,8515,1398,1331,0,0,5541,38908,391,1876,55,193,803,0,1553
894,3411,895.3623312336498,99811,158,73,133,52,44379,23286,0.6779312901383615,77,53,30455,32273,9243,5378,9932,12169,45389,36121,2288,702,6909,6116,23184,2983,8515,1414,1335,0,0,5551,38829,391,1871,60,200,830,0,1623
895,3411,896.1843511989633,99811,161,76,133,52,44393,23299,0.6782018014046548,81,50,30450,32238,9232,5367,9941,12215,45396,36135,2382,731,6899,6110,23141,2979,8517,1425,1335,0,0,5555,38767,389,1871,61,205,873,0,1684
896,3411,897.0063297409018,99811,159,73,133,52,44408,23305,0.6784121990562163,82,56,30473,32199,9202,5350,9949,12268,45403,36149,2477,761,6890,6102,23103,2979,8520,1436,1334,0,0,5560,38693,388,1869,64,213,905,0,1755
897,3411,898.2385499135937,99810,158,74,134,52,44433,23318,0.6787997194669873,88,59,30503,32199,9181,5316,9934,12298,45410,36163,2574,792,6876,6093,23064,2978,8520,1453,1336,0,0,5566,38624,387,1863,69,222,938,0,1821
898,3411,899.0591989153305,99810,152,86,134,52,44447,23334,0.6791002905520489,96,51,30516,32171,9162,5294,9938,12344,45416,36176,2672,823,6866,6086,23034,2973,8523,1464,1339,0,0,5567,38543,386,1860,72,230,968,0,1899
899,3411,900.289371022453,99810,151,81,134,52,44462,23340,0.6793106903115921,124,78,30543,32194,9144,5292,9902,12301,45416,36176,2672,823,6863,6086,23028,2970,8530,1467,1342,0,0,5577,38532,386,1860,72,230,968,0,1899
900,3411,900.289371022453,99810,149,88,134,52,44467,23349,0.6794509568179541,136,72,30536,32151,9131,5280,9912,12355,45416,36176,2771,855,6862,6085,22981,2972,8519,1481,1341,1,2,5571,38464,386,1859,73,236,1012,0,1965
901,3411,901.1087564010268,99810,168,86,134,52,44500,23359,0.6798817753732092,126,69,30552,32115,9116,5270,9902,12406,45416,36176,2870,887,6861,6083,22938,2974,8518,1491,1340,2,14,5558,38379,386,1858,74,246,1050,0,2038
902,3411,902.3370285136036,99810,184,92,134,52,44547,23379,0.6805530507965134,124,71,30568,32096,9104,5252,9884,12435,45416,36176,2970,920,6858,6078,22887,2980,8523,1503,1339,5,32,5550,38284,386,1856,75,253,1086,0,2115
903,3411,903.1552653116266,99810,179,93,134,52,44570,23391,0.6809037170624186,128,74,30579,32068,9106,5237,9872,12474,45416,36176,3071,953,6852,6074,22857,2984,8517,1519,1337,11,44,5536,38186,386,1856,75,264,1111,0,2201
904,3411,904.38189547929,99810,199,96,134,52,44623,23414,0.6816651638112413,111,71,30613,32048,9090,5219,9851,12512,45416,36176,3173,987,6847,6068,22815,2990,8516,1535,1337,16,66,5522,38091,386,1850,81,277,1139,1,2273
905,3411,905.1989234694136,99810,202,102,134,52,44647,23429,0.6820559062218214,110,73,30630,32005,9082,5208,9840,12558,45416,36176,3275,1022,6843,6067,22781,2991,8501,1556,1337,20,80,5517,37994,386,1847,83,282,1168,1,2356
906,3411,906.0154339876959,99810,197,100,134,52,44666,23442,0.6823765153792205,115,75,30652,31961,9073,5201,9827,12609,45416,36176,3378,1057,6837,6064,22744,2997,8496,1571,1335,26,93,5507,37900,385,1840,87,289,1201,1,2437
907,3411,907.2392190550452,99810,184,93,134,52,44696,23455,0.6828073339344755,143,88,30678,31943,9066,5192,9793,12630,45416,36176,3481,1093,6827,6054,22697,3004,8502,1586,1335,36,107,5495,37804,384,1836,90,297,1236,3,2517
908,3411,908.0542803283655,99810,194,90,134,52,44724,23471,0.6832481715258992,140,82,30701,31921,9047,5188,9782,12665,45416,36176,3584,1129,6823,6051,22654,3007,8496,1602,1334,40,122,5485,37710,384,1833,91,306,1273,3,2596
909,3411,909.2759590589028,99810,203,106,134,52,44769,23498,0.6839695421300471,127,85,30728,31893,9040,5160,9766,12702,45416,36176,3688,1166,6821,6047,22609,3008,8489,1626,1333,42,134,5468,37629,383,1830,93,319,1311,4,2664
910,3411,910.0895875004986,99810,210,115,134,52,44795,23519,0.6844404368299769,137,78,30724,31849,9026,5145,9767,12759,45416,36176,3792,1203,6817,6047,22562,3009,8478,1643,1332,46,151,5458,37541,383,1827,96,329,1352,4,2735
911,3411,911.3097523529473,99810,223,119,134,52,44841,23542,0.6851317503256187,137,84,30760,31844,9005,5134,9739,12765,45416,36176,3896,1241,6812,6043,22514,3014,8478,1660,1330,51,171,5444,37443,383,1824,99,339,1388,4,2813
912,3411,912.1224193269786,99810,228,118,134,52,44869,23555,0.6855425308085362,147,91,30765,31816,8995,5124,9729,12797,45416,36176,4000,1279,6809,6039,22464,3016,8479,1669,1330,54,190,5434,37345,383,1822,101,348,1431,4,2892
913,3411,913.3404549856106,99810,226,123,134,52,44916,23577,0.6862338443041779,140,98,30790,31805,8997,5107,9711,12813,45416,36176,4104,1318,6803,6036,22413,3019,8485,1686,1329,60,216,5421,37242,381,1816,105,358,1467,6,2967
914,3411,914.1519543070233,99810,230,119,134,52,44948,23588,0.686664662859433,150,101,30786,31758,8992,5103,9706,12865,45416,36176,4208,1357,6800,6034,22370,3019,8478,1704,1329,63,241,5412,37141,381,1811,108,364,1506,6,3043
915,3411,915.3690488124366,99809,245,128,135,52,44994,23623,0.6874830927070705,160,84,30797,31766,8970,5087,9691,12881,45416,36176,4312,1396,6794,6030,22308,3022,8483,1718,1329,67,261,5400,37051,381,1807,110,372,1557,8,3111
916,3411,916.1800727856358,99809,257,123,135,52,45030,23636,0.6879740303980603,161,90,30792,31735,8956,5082,9697,12916,45416,36176,4415,1436,6788,6028,22257,3024,8475,1741,1328,73,270,5390,36970,381,1803,113,380,1598,12,3178
917,3411,917.3964614566661,99809,282,134,135,52,45096,23669,0.6889659249165907,145,89,30816,31737,8941,5065,9679,12921,45416,36176,4518,1476,6783,6023,22200,3028,8479,1759,1327,78,293,5376,36871,381,1801,115,391,1638,15,3251
918,3411,918.2067358850788,99808,274,134,136,52,45127,23683,0.6894236934915037,157,105,30806,31685,8942,5058,9683,12964,45416,36176,4621,1517,6777,6018,22152,3032,8477,1780,1326,84,309,5359,36777,381,1799,117,405,1671,16,3328
919,3411,919.0170354441437,99808,281,143,136,52,45165,23707,0.6900448861814684,164,97,30790,31663,8940,5043,9687,13000,45416,36176,4723,1558,6773,6013,22105,3033,8472,1798,1326,88,330,5348,36680,381,1798,118,415,1710,17,3403
920,3411,920.232736535497,99808,273,151,136,52,45223,23734,0.6908965213209362,157,105,30822,31642,8957,5031,9653,13017,45416,36176,4825,1599,6765,6010,22041,3036,8476,1822,1325,96,361,5339,36576,379,1792,123,420,1754,18,3475
921,3411,921.0425736665043,99807,262,157,137,52,45254,23758,0.6914545071988939,161,101,30826,31621,8963,5020,9649,13047,45416,36176,4926,1641,6763,6008,21990,3036,8487,1835,1324,98,380,5323,36476,379,1784,128,430,1793,23,3550
922,3411,922.2569498139408,99807,271,159,137,52,45304,23790,0.6922760928592183,164,101,30857,31596,8955,5021,9614,13069,45416,36176,5027,1683,6758,5999,21934,3044,8493,1852,1323,103,405,5314,36369,378,1783,128,438,1831,26,3629
923,3411,923.0658793735522,99807,268,157,137,52,45327,23803,0.6926367890027754,187,111,30839,31569,8951,5012,9616,13097,45416,36176,5127,1725,6755,5996,21885,3045,8484,1870,1323,106,428,5305,36276,378,1779,132,446,1874,26,3699
924,3411,924.279275235384,99807,293,166,137,52,45393,23837,0.6936387227348784,181,107,30849,31556,8939,4999,9599,13118,45416,36176,5226,1768,6746,5990,21833,3050,8489,1884,1322,115,457,5290,36174,378,1775,134,459,1914,27,3770
925,3411,925.0879324084499,99807,284,166,137,52,45418,23861,0.6941296702636087,191,98,30837,31541,8944,4991,9605,13150,45416,36176,5325,1811,6737,5988,21782,3050,8484,1906,1321,124,475,5280,36081,378,1774,134,468,1953,31,3841
926,3411,926.30142678262,99807,305,161,137,52,45484,23896,0.6951416233330328,202,93,30840,31524,8933,4995,9581,13173,45416,36176,5423,1854,6729,5983,21731,3056,8484,1928,1319,132,516,5266,35968,377,1771,135,478,1990,34,3910
927,3411,927.1101932396334,99807,309,165,137,52,45529,23919,0.6958229382708627,196,105,30830,31483,8939,4985,9587,13208,45416,36176,5520,1898,6720,5980,21673,3058,8495,1940,1319,141,539,5250,35873,377,1765,139,492,2030,35,3981
928,3411,928.3235650778448,99807,309,176,137,52,45588,23956,0.6967847946536816,203,107,30833,31461,8954,4986,9562,13216,45416,36176,5616,1942,6706,5974,21613,3065,8506,1959,1316,155,566,5236,35774,377,1763,140,500,2069,36,4052
929,3411,929.1324802428283,99807,314,176,137,52,45636,23978,0.6974861482661536,211,101,30800,31436,8961,4987,9575,13246,45416,36176,5712,1986,6699,5966,21562,3071,8511,1971,1316,162,590,5225,35673,377,1759,143,509,2110,39,4124
930,3411,930.3463980805872,99807,316,181,137,52,45695,24011,0.6984079272996884,208,106,30812,31401,8967,4990,9558,13268,45416,36176,5807,2030,6692,5959,21511,3077,8521,1989,1313,169,626,5217,35557,377,1753,146,515,2142,40,4203
931,3411,931.155592231086,99807,319,180,137,52,45729,24031,0.698948971515024,216,103,30805,31372,8960,4979,9561,13312,45416,36176,5901,2075,6687,5956,21461,3080,8525,2004,1312,174,645,5204,35465,377,1746,152,524,2179,42,4274
932,3411,932.3693746319773,99807,323,173,137,52,45790,24058,0.6998306731992746,222,108,30807,31365,8965,4973,9544,13327,45416,36176,5994,2120,6678,5949,21403,3083,8541,2019,1311,183,677,5191,35355,377,1742,155,532,2217,48,4346
933,3411,933.1785392453816,99807,335,170,137,52,45835,24078,0.7004819301251415,216,105,30815,31344,8964,4976,9531,13351,45416,36176,6086,2165,6673,5945,21354,3084,8545,2034,1311,188,695,5181,35261,376,1739,156,542,2254,52,4417
934,3411,934.391712081549,99807,335,171,137,52,45889,24107,0.7013135351227869,227,110,30805,31344,8982,4970,9512,13351,45416,36176,6177,2210,6669,5932,21304,3092,8563,2049,1310,192,721,5164,35159,376,1734,159,551,2287,54,4491
935,3411,935.2005414733165,99807,349,168,137,52,45936,24123,0.7019447533740119,220,117,30801,31314,8976,4975,9515,13372,45416,36176,6267,2256,6666,5926,21249,3096,8563,2067,1310,195,744,5160,35065,376,1730,162,554,2328,55,4561
936,3411,936.009591530382,99807,326,167,137,52,45961,24145,0.7024156622281003,228,118,30799,31280,8993,4977,9515,13404,45416,36176,6356,2302,6658,5921,21201,3101,8581,2078,1309,203,767,5146,34959,376,1723,164,564,2357,57,4642
937,3411,937.223317974304,99807,335,166,137,52,46024,24175,0.703347460598956,228,122,30797,31275,9004,4979,9497,13404,45416,36176,6444,2348,6648,5911,21155,3112,8588,2098,1307,213,793,5135,34856,374,1716,166,574,2386,60,4715
938,3411,938.0323780461094,99807,334,168,137,52,46070,24205,0.7041089302353543,228,118,30790,31246,9017,4983,9492,13431,45416,36176,6531,2394,6643,5908,21097,3111,8600,2112,1306,218,823,5121,34760,374,1710,171,586,2426,65,4776
939,3411,939.2461569465845,99807,365,182,137,52,46150,24248,0.7053413087258409,211,108,30801,31254,9009,4974,9475,13428,45416,36176,6617,2440,6636,5898,21035,3122,8607,2128,1303,225,850,5110,34670,373,1707,174,595,2470,68,4836
940,3411,940.0550966570368,99807,350,196,137,52,46183,24276,0.7059524883024236,239,102,30787,31227,9009,4960,9476,13461,45416,36176,6702,2486,6630,5893,20992,3128,8608,2145,1302,231,869,5091,34583,371,1704,175,612,2501,74,4898
941,3411,941.2685725468094,99807,360,203,137,52,46254,24307,0.7069744607091687,229,110,30801,31234,9014,4953,9457,13446,45416,36176,6786,2532,6621,5885,20927,3132,8620,2165,1302,240,893,5080,34495,371,1701,177,617,2545,80,4956
942,3411,942.0773072905008,99807,356,193,137,52,46298,24328,0.7076257176350356,233,114,30788,31204,9023,4966,9461,13469,45416,36176,6869,2578,6620,5877,20878,3136,8630,2184,1301,241,922,5065,34397,371,1694,182,628,2576,84,5021
943,3411,943.2905637609091,99807,344,210,137,52,46365,24373,0.708747883414991,241,117,30801,31183,9038,4969,9437,13467,45416,36176,6951,2625,6614,5868,20819,3147,8661,2200,1297,247,952,5053,34286,370,1688,184,635,2602,86,5098
944,3411,944.0992296998512,99807,357,215,137,52,46418,24395,0.7094993337140681,244,118,30783,31162,9040,4964,9437,13487,45416,36176,7031,2672,6607,5863,20780,3153,8655,2218,1296,253,975,5048,34190,369,1687,184,639,2633,89,5168
945,3411,945.3126979850705,99807,369,222,137,52,46487,24432,0.7105613834700973,247,117,30769,31164,9044,4957,9432,13486,45416,36176,7110,2719,6600,5853,20719,3159,8668,2235,1296,260,1004,5035,34106,369,1679,191,650,2672,93,5218
946,3411,946.121728561764,99807,369,219,137,52,46537,24453,0.7112727564198904,250,123,30768,31136,9049,4957,9425,13511,45416,36176,7188,2766,6597,5846,20679,3165,8670,2255,1295,263,1037,5025,34007,368,1669,198,660,2696,95,5282
947,3411,947.3355519938888,99807,384,217,137,52,46621,24492,0.712505134910377,245,118,30774,31130,9057,4964,9401,13517,45416,36176,7265,2813,6589,5834,20629,3174,8678,2272,1295,270,1091,5017,33887,367,1665,200,666,2731,101,5341
948,3411,948.1444353988181,99807,399,216,137,52,46671,24513,0.7132165078601701,261,114,30748,31127,9056,4968,9397,13521,45416,36176,7341,2860,6582,5829,20586,3178,8685,2287,1293,277,1105,5006,33805,367,1661,203,673,2760,105,5405
949,3411,949.358347610374,99807,416,214,137,52,46739,24554,0.7143086156281624,277,120,30760,31106,9028,4985,9380,13521,45416,36176,7416,2907,6570,5818,20529,3189,8697,2310,1291,289,1129,4995,33720,367,1652,207,681,2793,108,5462
950,3411,950.1671850267961,99807,431,213,137,52,46802,24578,0.715180297975092,269,121,30745,31079,9035,4987,9381,13546,45416,36176,7490,2954,6559,5813,20485,3197,8701,2327,1287,300,1150,4980,33634,366,1649,209,694,2821,112,5523
951,3411,951.3807348911696,99807,453,206,137,52,46893,24613,0.7164427344775417,273,124,30714,31072,9050,5000,9371,13544,45416,36176,7563,3001,6553,5803,20426,3207,8717,2348,1286,305,1192,4964,33533,365,1645,211,705,2853,118,5576
952,3411,952.190129061028,99806,458,210,138,52,46951,24636,0.7172614872853336,265,131,30691,31049,9067,4989,9379,13567,45416,36176,7635,3048,6546,5796,20375,3213,8718,2368,1284,312,1219,4956,33448,365,1640,214,711,2889,121,5631
953,3411,953.000215245118,99806,453,205,138,52,47003,24656,0.7179828868003928,266,142,30688,31044,9074,4990,9379,13565,45416,36176,7706,3095,6539,5789,20313,3216,8730,2389,1284,319,1241,4945,33372,365,1636,217,720,2926,126,5679
954,3411,954.2157406984652,99806,446,208,138,52,47086,24699,0.7192453359517463,268,148,30680,31038,9104,4996,9362,13556,45416,36176,7776,3142,6531,5779,20247,3222,8762,2408,1281,327,1282,4924,33276,365,1633,217,729,2963,135,5725
955,3411,955.0262101484308,99805,458,214,138,53,47152,24740,0.7203246330344171,264,139,30656,31023,9119,5010,9363,13559,45416,36176,7845,3189,6520,5768,20197,3230,8769,2429,1281,338,1311,4916,33187,364,1632,217,733,2993,139,5781
956,3411,956.2428873009271,99805,469,219,138,53,47245,24782,0.7216772706778217,252,138,30628,31019,9158,5009,9353,13560,45416,36176,7912,3236,6514,5760,20135,3238,8790,2447,1280,344,1358,4904,33084,362,1625,221,741,3027,145,5830
957,3411,957.0545247093069,99805,487,218,138,53,47297,24801,0.7223886578828717,266,146,30602,31002,9145,5003,9360,13576,45416,36176,7978,3283,6509,5756,20086,3241,8799,2457,1280,349,1377,4896,33001,362,1624,221,748,3060,148,5891
958,3411,958.2727212496816,99805,485,220,138,53,47387,24845,0.723731275988177,264,148,30596,30989,9171,5020,9344,13568,45416,36176,8043,3330,6500,5747,20024,3243,8815,2488,1280,357,1425,4884,32904,361,1616,227,754,3093,153,5934
959,3411,959.0850682739871,99805,483,222,138,53,47447,24875,0.7246330344171134,267,150,30577,30968,9185,5027,9348,13578,45416,36176,8107,3377,6496,5740,19962,3247,8834,2512,1278,361,1446,4877,32828,361,1612,229,759,3122,156,5985
960,3411,960.3042101590338,99804,488,227,139,53,47531,24923,0.7259628872590277,254,149,30560,30963,9211,5044,9346,13562,45416,36176,8170,3423,6488,5729,19894,3259,8866,2534,1276,369,1479,4863,32738,360,1605,232,764,3151,160,6037
961,3411,961.1172977237466,99804,476,236,139,53,47575,24959,0.7267644583383431,277,135,30528,30958,9226,5051,9352,13565,45416,36176,8232,3469,6479,5720,19852,3267,8877,2549,1275,378,1505,4850,32650,360,1601,234,772,3177,165,6093
962,3411,962.338194199763,99804,485,246,139,53,47660,25005,0.7280770309807222,282,136,30519,30956,9235,5059,9338,13548,45416,36176,8293,3515,6473,5712,19800,3275,8893,2570,1273,383,1542,4833,32561,360,1599,236,779,3207,175,6133
963,3411,963.1522919018495,99804,485,224,139,53,47716,25017,0.7287583663981404,304,155,30486,30934,9248,5066,9336,13566,45416,36176,8353,3561,6466,5701,19752,3288,8902,2585,1271,390,1572,4822,32478,359,1595,240,787,3238,181,6177
964,3411,964.3745196329019,99804,506,237,139,53,47798,25076,0.7301711354254339,296,159,30469,30935,9258,5082,9330,13532,45416,36176,8412,3607,6458,5689,19706,3298,8916,2602,1270,398,1616,4807,32377,359,1591,242,796,3265,184,6230
965,3411,965.1895946448954,99804,509,257,139,53,47866,25115,0.7312432367440183,295,152,30467,30934,9261,5080,9327,13522,45416,36176,8470,3653,6452,5681,19654,3302,8923,2626,1269,404,1637,4799,32303,359,1589,243,800,3297,190,6276
966,3411,966.0047087817258,99804,513,250,139,53,47930,25139,0.7321249649312653,289,170,30436,30903,9284,5095,9337,13527,45416,36176,8527,3699,6446,5673,19613,3308,8930,2649,1268,410,1668,4793,32210,359,1585,243,803,3319,194,6333
967,3411,967.2282722816911,99804,523,254,139,53,48033,25189,0.733657969620456,301,167,30424,30905,9306,5107,9305,13512,45416,36176,8583,3745,6437,5662,19545,3315,8963,2670,1267,418,1705,4777,32126,358,1582,243,811,3356,204,6365
968,3411,968.0442521756663,99804,520,257,139,53,48092,25224,0.7345998156386517,300,181,30395,30868,9324,5117,9320,13522,45416,36176,8638,3791,6427,5651,19492,3323,8980,2688,1267,428,1723,4768,32058,358,1574,248,817,3385,216,6401
969,3411,969.2691241926124,99804,503,285,139,53,48178,25289,0.7361127810508596,304,160,30397,30873,9347,5127,9308,13500,45416,36176,8693,3836,6417,5640,19448,3328,9003,2709,1262,438,1779,4758,31946,358,1567,250,822,3406,224,6449
970,3411,970.0858808720984,99804,493,280,139,53,48230,25321,0.7369544306841409,328,165,30374,30862,9366,5143,9298,13495,45416,36176,8747,3881,6408,5633,19401,3331,9012,2729,1262,447,1816,4752,31854,358,1565,252,824,3434,230,6496
971,3411,971.3118026788916,99804,502,270,139,53,48340,25365,0.7384974550118232,336,168,30340,30881,9407,5161,9274,13465,45416,36176,8800,3926,6400,5619,19348,3342,9027,2762,1260,454,1870,4738,31750,358,1558,254,829,3459,238,6538
972,3411,972.129767571416,99804,501,282,139,53,48404,25410,0.7395895956073905,331,151,30325,30864,9429,5173,9273,13475,45416,36176,8852,3971,6393,5614,19298,3346,9036,2781,1258,461,1913,4721,31666,358,1555,255,839,3493,242,6575
973,3411,973.3577491224873,99804,515,276,139,53,48501,25455,0.7410123842731754,336,152,30284,30876,9458,5192,9266,13449,45416,36176,8903,4016,6383,5604,19238,3353,9055,2812,1257,471,1955,4714,31576,356,1550,257,840,3520,245,6618
974,3411,974.1770097384878,99804,515,278,139,53,48563,25482,0.7419041320989139,338,163,30259,30855,9486,5201,9261,13448,45416,36176,8953,4061,6375,5600,19190,3354,9073,2830,1254,479,1979,4703,31505,356,1543,261,844,3551,246,6661
975,3411,975.4069667325865,99804,544,299,139,53,48677,25549,0.7437176866658651,317,166,30254,30854,9501,5219,9243,13407,45416,36176,9002,4105,6366,5592,19120,3361,9106,2847,1252,487,2021,4691,31424,356,1538,263,848,3587,257,6688
976,3411,976.2268882030457,99804,536,290,139,53,48735,25571,0.7445192577451806,335,178,30221,30842,9519,5227,9248,13408,45416,36176,9050,4149,6359,5584,19067,3368,9123,2865,1251,494,2046,4682,31355,356,1532,268,854,3614,265,6721
977,3411,977.0475599908922,99802,539,292,141,53,48811,25608,0.7456664195106311,331,177,30196,30834,9549,5242,9242,13400,45416,36176,9098,4193,6353,5574,19014,3376,9141,2891,1250,499,2076,4675,31280,355,1526,270,856,3637,272,6757
978,3411,978.2797688652963,99801,571,290,142,53,48935,25660,0.7474374004268495,325,198,30174,30827,9574,5263,9212,13367,45416,36176,9145,4237,6338,5564,18966,3384,9169,2917,1249,514,2115,4656,31193,354,1521,271,862,3655,283,6790
979,3411,979.1014815019859,99801,564,293,142,53,48998,25697,0.7484393943948457,345,196,30133,30827,9596,5275,9218,13354,45416,36176,9191,4281,6331,5553,18916,3392,9187,2934,1248,521,2149,4639,31119,354,1518,274,873,3682,288,6823
980,3411,980.3356366804122,99801,596,296,142,53,49121,25758,0.750283063295959,340,199,30092,30833,9631,5299,9197,13318,45416,36176,9236,4324,6318,5537,18858,3403,9220,2955,1245,534,2196,4627,31028,354,1514,275,874,3709,296,6858
981,3411,981.1589961232108,99800,589,299,143,53,49194,25796,0.7514028056112224,331,201,30075,30832,9667,5309,9193,13304,45416,36176,9280,4367,6306,5526,18816,3413,9237,2975,1242,546,2229,4618,30945,354,1510,276,881,3728,301,6897
982,3411,982.3952204964368,99799,610,321,144,53,49324,25866,0.7534143628693675,313,205,30058,30831,9710,5320,9163,13268,45416,36176,9324,4410,6294,5511,18767,3426,9257,3003,1238,558,2286,4607,30845,351,1505,280,887,3745,306,6933
983,3411,983.2196407617225,99799,617,317,144,53,49394,25897,0.7544263970580868,325,208,30017,30833,9734,5337,9161,13250,45416,36176,9367,4453,6287,5504,18727,3431,9274,3019,1236,565,2317,4596,30769,351,1502,282,891,3769,314,6965
984,3411,984.0449880724113,99798,618,320,144,54,49465,25940,0.7555762640533878,324,214,30004,30809,9753,5351,9155,13250,45416,36176,9409,4495,6277,5497,18679,3437,9296,3036,1236,573,2347,4579,30699,350,1498,283,901,3792,324,6994
985,3411,985.2836567863183,99797,605,328,145,54,49557,26006,0.7571670491096927,343,211,29998,30802,9791,5375,9116,13228,45416,36176,9450,4537,6261,5486,18616,3444,9332,3056,1234,588,2395,4568,30614,350,1490,287,907,3817,338,7014
986,3411,986.1095639534564,99796,586,344,146,54,49622,26058,0.7583470279369915,349,199,29966,30816,9830,5380,9121,13205,45416,36176,9491,4579,6250,5475,18566,3455,9355,3073,1232,599,2430,4558,30529,349,1488,287,912,3839,346,7053
987,3411,987.349857451813,99795,603,359,147,54,49726,26121,0.7600280575179117,367,207,29928,30823,9847,5399,9106,13156,45416,36176,9531,4621,6241,5468,18522,3457,9379,3094,1231,608,2482,4545,30435,349,1479,294,919,3854,353,7085
988,3411,988.1772665973091,99795,612,360,147,54,49804,26166,0.7612605841976051,374,207,29895,30827,9873,5416,9097,13134,45416,36176,9570,4663,6228,5456,18477,3462,9408,3112,1230,621,2508,4534,30365,349,1474,295,922,3872,363,7119
989,3411,989.0052861786037,99795,614,362,147,54,49891,26212,0.7625933162984118,354,207,29878,30829,9899,5427,9106,13119,45416,36176,9609,4704,6213,5442,18436,3474,9420,3137,1230,636,2543,4522,30285,348,1472,297,928,3887,373,7152
990,3411,990.2485343807489,99795,615,379,147,54,50004,26291,0.7645172603837868,372,192,29851,30839,9939,5452,9074,13082,45416,36176,9647,4745,6195,5422,18381,3493,9438,3169,1228,654,2592,4511,30198,346,1470,299,932,3907,386,7174
991,3411,991.0777609243393,99795,611,385,147,54,50073,26334,0.7656395611002556,381,193,29812,30823,9971,5470,9076,13073,45416,36176,9684,4786,6183,5417,18332,3494,9446,3194,1228,666,2633,4506,30127,345,1468,301,934,3934,393,7194
992,3411,992.323212678178,99795,641,386,147,54,50200,26406,0.7676336489804099,399,171,29755,30855,10005,5500,9051,13032,45416,36176,9721,4827,6167,5398,18276,3508,9476,3220,1227,682,2677,4493,30047,344,1462,303,940,3957,404,7214
993,3411,993.1544891260098,99795,635,387,147,54,50281,26451,0.7688962372864372,395,164,29729,30860,10051,5514,9041,13019,45416,36176,9757,4867,6163,5388,18218,3514,9508,3234,1227,685,2725,4485,29962,344,1457,305,944,3982,418,7236
994,3411,994.4030354647508,99795,658,385,147,54,50398,26518,0.7707400170349216,409,171,29695,30850,10065,5553,9024,12985,45416,36176,9792,4907,6150,5381,18163,3520,9545,3258,1224,697,2778,4466,29872,343,1454,307,952,4000,424,7261
995,3411,995.2359370074848,99794,671,377,148,54,50485,26557,0.7720103413030843,404,175,29673,30843,10090,5572,9012,12977,45416,36176,9827,4947,6143,5373,18121,3523,9545,3284,1222,703,2827,4457,29791,343,1453,307,958,4028,431,7285
996,3411,996.0693642489101,99794,663,365,148,54,50569,26587,0.7731526945507746,414,188,29654,30833,10113,5592,9006,12966,45416,36176,9861,4987,6133,5363,18071,3531,9572,3310,1219,713,2857,4449,29720,341,1449,309,960,4041,443,7313
997,3411,997.3206928155766,99794,663,354,148,54,50700,26649,0.7750866785578291,427,191,29623,30829,10162,5631,8975,12939,45416,36176,9895,5026,6121,5357,18005,3539,9610,3346,1214,723,2932,4438,29611,340,1442,311,963,4054,453,7335
998,3411,998.1554849885713,99794,675,364,148,54,50784,26698,0.7764194240134678,437,187,29591,30813,10188,5645,8959,12935,45416,36176,9928,5065,6114,5345,17966,3552,9619,3368,1212,729,2971,4428,29542,339,1438,312,967,4076,462,7354
999,3411,999.4090096552648,99794,673,344,148,54,50914,26759,0.778333366735475,445,188,29555,30827,10236,5688,8941,12897,45416,36176,9960,5104,6093,5331,17918,3568,9652,3399,1207,748,3040,4411,29431,336,1434,313,972,4085,476,7380
1000,3411,1000.2456509653833,99794,693,348,148,54,51017,26802,0.7797963805439205,425,204,29536,30809,10268,5703,8928,12880,45416,36176,9992,5142,6083,5319,17885,3579,9666,3423,1205,758,3074,4402,29357,335,1429,316,977,4095,486,7405
1001,3411,1001.0825815430279,99794,689,350,148,54,51098,26842,0.7810088782892759,419,217,29521,30793,10298,5721,8923,12863,45416,36176,10023,5180,6064,5310,17845,3580,9692,3438,1204,777,3109,4394,29287,335,1424,317,980,4113,497,7428
1002,3411,1002.3389444784408,99793,684,367,149,54,51216,26908,0.7828605212790476,439,230,29464,30788,10367,5745,8895,12814,45416,36176,10054,5218,6050,5298,17786,3587,9733,3467,1202,791,3148,4386,29204,335,1418,318,980,4123,510,7457
1003,3411,1003.1775045218809,99793,716,373,149,54,51317,26959,0.7843836742056056,427,226,29433,30784,10388,5769,8885,12792,45416,36176,10084,5256,6043,5287,17753,3599,9753,3487,1200,797,3182,4371,29127,335,1416,317,985,4134,517,7490
1004,3411,1004.0169014946712,99793,725,391,149,54,51406,27017,0.7858567234174741,435,223,29409,30768,10407,5786,8873,12776,45416,36176,10114,5293,6034,5275,17705,3604,9772,3518,1199,806,3208,4365,29070,335,1413,317,988,4151,521,7512
1005,3411,1005.2769804994557,99793,711,403,149,54,51532,27094,0.7878909342338641,458,217,29366,30779,10480,5823,8834,12722,45416,36176,10143,5330,6021,5259,17640,3616,9821,3548,1196,818,3265,4349,28979,335,1406,320,991,4167,532,7530
1006,3411,1006.117915511375,99792,719,409,150,54,51622,27145,0.7893117684784351,460,202,29330,30783,10512,5847,8827,12703,45416,36176,10172,5367,6013,5249,17596,3621,9846,3571,1193,826,3293,4340,28919,335,1402,322,994,4182,544,7546
1007,3411,1007.3809923559365,99792,733,398,150,54,51764,27208,0.7913660413660414,457,230,29312,30761,10551,5898,8795,12657,45416,36176,10200,5404,5988,5235,17536,3629,9887,3600,1192,849,3353,4332,28826,333,1398,325,993,4196,554,7566
1008,3411,1008.2233761503381,99792,741,400,150,54,51848,27259,0.7927188552188552,476,219,29268,30755,10577,5925,8786,12645,45416,36176,10228,5440,5980,5230,17493,3631,9913,3620,1192,854,3389,4323,28753,333,1395,326,994,4212,566,7588
1009,3411,1009.0667724557484,99792,775,391,150,54,51957,27299,0.7942119608786276,481,232,29209,30741,10594,5961,8789,12619,45416,36176,10255,5476,5970,5224,17444,3638,9946,3638,1189,863,3421,4309,28687,333,1391,327,1002,4227,571,7612
1010,3411,1010.3339398856835,99792,793,392,150,54,52133,27378,0.7967672759339426,447,235,29169,30749,10671,6006,8768,12562,45416,36176,10282,5512,5944,5211,17370,3643,10010,3667,1185,889,3491,4292,28587,333,1382,329,1004,4244,581,7630
1011,3411,1011.1799465191764,99792,789,401,150,54,52227,27429,0.7982202982202983,453,236,29127,30745,10723,6022,8756,12540,45416,36176,10308,5548,5933,5199,17323,3651,10043,3691,1183,900,3520,4279,28527,332,1381,330,1006,4258,595,7641
1012,3411,1012.026991640089,99792,789,411,150,54,52328,27489,0.7998336540003207,446,233,29084,30730,10769,6049,8760,12521,45416,36176,10334,5583,5921,5187,17276,3657,10083,3712,1180,911,3549,4268,28469,332,1378,331,1009,4269,610,7650
1013,3411,1013.2994001651659,99792,807,421,150,54,52488,27579,0.8023388648388649,429,224,29085,30734,10819,6093,8708,12472,45416,36176,10360,5618,5900,5171,17220,3671,10118,3751,1177,930,3618,4257,28370,329,1373,333,1009,4277,620,7668
1014,3411,1014.147908984033,99792,814,430,150,54,52588,27630,0.8038520121853455,439,243,29038,30728,10859,6113,8698,12430,45416,36176,10385,5653,5891,5159,17180,3676,10140,3786,1175,939,3643,4247,28318,329,1366,335,1013,4285,628,7682
1015,3411,1015.4222733695029,99792,821,424,150,54,52728,27702,0.805976430976431,450,263,28997,30704,10910,6161,8670,12392,45416,36176,10410,5687,5870,5144,17128,3681,10178,3825,1173,958,3704,4236,28227,329,1363,337,1014,4291,638,7696
1016,3411,1016.272777490725,99792,824,433,150,54,52840,27762,0.8077000160333494,449,266,28951,30689,10960,6182,8664,12374,45416,36176,10434,5721,5858,5129,17077,3684,10220,3846,1170,970,3748,4225,28150,329,1363,337,1016,4305,647,7718
1017,3411,1017.1242709497267,99791,833,449,150,55,52950,27825,0.8094417332224348,442,259,28917,30680,11008,6202,8648,12353,45416,36176,10458,5755,5850,5116,17030,3696,10256,3874,1168,975,3776,4214,28091,327,1359,337,1021,4312,659,7730
1018,3411,1018.4033336330521,99791,811,456,150,55,53080,27915,0.8116463408523815,480,241,28857,30680,11068,6252,8632,12314,45416,36176,10482,5789,5829,5097,16978,3700,10305,3914,1166,993,3830,4203,28009,326,1346,338,1026,4321,674,7736
1019,3411,1019.2573901258238,99790,817,431,151,55,53187,27954,0.8131175468483816,475,260,28815,30670,11110,6291,8630,12291,45416,36176,10505,5822,5820,5086,16932,3708,10340,3933,1164,1002,3889,4192,27919,324,1341,341,1033,4328,688,7750
1020,3411,1020.1127581782501,99790,831,427,151,55,53292,28007,0.8147008718308447,504,262,28757,30664,11139,6322,8616,12268,45416,36176,10528,5855,5805,5077,16883,3714,10372,3960,1163,1017,3925,4178,27856,322,1338,341,1036,4341,698,7764
1021,3411,1021.3982683952291,99789,829,434,151,56,53445,28084,0.8170138993275812,499,272,28724,30666,11215,6360,8580,12210,45416,36176,10550,5888,5789,5062,16842,3727,10413,3998,1158,1032,3985,4159,27761,320,1329,343,1043,4339,712,7777
1022,3411,1022.2560598154014,99789,859,449,151,56,53562,28145,0.8187976630690758,491,255,28699,30666,11233,6387,8565,12185,45416,36176,10572,5921,5778,5050,16801,3733,10437,4020,1157,1042,4023,4152,27694,319,1327,343,1044,4353,721,7795
1023,3411,1023.1144603841368,99789,865,460,151,56,53667,28206,0.8204611730751886,502,247,28666,30661,11274,6411,8540,12163,45416,36176,10594,5953,5759,5033,16759,3751,10463,4040,1153,1061,4065,4142,27624,319,1325,343,1047,4366,729,7810
1024,3411,1024.4036525531933,99789,837,451,151,56,53820,28290,0.8228361843489763,527,245,28611,30667,11376,6477,8496,12102,45416,36176,10615,5985,5738,5013,16693,3763,10528,4075,1151,1081,4152,4125,27508,318,1317,344,1048,4375,744,7816
1025,3411,1025.2644155580535,99789,839,429,151,56,53936,28333,0.8244295463427833,521,261,28582,30654,11433,6516,8472,12082,45416,36176,10636,6017,5723,4999,16649,3771,10554,4104,1150,1096,4213,4117,27421,317,1313,344,1048,4389,753,7828
1026,3411,1026.1264016481543,99788,833,452,152,56,54049,28402,0.826261674750471,510,240,28558,30659,11491,6534,8454,12057,45416,36176,10657,6048,5708,4980,16611,3785,10588,4123,1150,1108,4256,4101,27347,316,1309,344,1053,4401,763,7845
1027,3411,1027.4206856737567,99788,841,433,152,56,54215,28495,0.8288571772156973,510,243,28526,30645,11553,6606,8416,12015,45416,36176,10677,6079,5680,4959,16550,3799,10629,4167,1150,1136,4335,4092,27237,313,1302,345,1055,4408,780,7851
1028,3411,1028.2843734616793,99788,839,436,152,56,54319,28552,0.8304705976670541,495,270,28505,30626,11599,6622,8408,11988,45416,36176,10697,6110,5660,4949,16512,3809,10646,4197,1145,1156,4378,4084,27170,312,1299,345,1058,4417,793,7858
1029,3411,1029.148795824045,99788,850,441,152,56,54431,28612,0.8321942518138453,485,258,28469,30628,11642,6653,8400,11962,45416,36176,10717,6141,5649,4929,16475,3822,10669,4226,1144,1167,4417,4070,27107,312,1298,346,1061,4423,808,7865
1030,3411,1030.01410774551,99787,844,445,152,57,54527,28669,0.8337358573762114,495,261,28429,30628,11683,6675,8395,11932,45416,36176,10736,6171,5639,4920,16434,3823,10704,4246,1142,1177,4470,4054,27032,312,1296,347,1065,4436,818,7872
1031,3411,1031.3142053917961,99786,834,436,153,57,54700,28736,0.8361493596296073,495,290,28380,30624,11769,6705,8367,11886,45416,36176,10755,6201,5616,4904,16386,3829,10740,4294,1137,1199,4544,4044,26928,311,1289,348,1067,4438,834,7878
1032,3411,1032.182228579671,99786,850,456,153,57,54817,28808,0.8380434129036137,455,274,28354,30621,11824,6730,8362,11860,45416,36176,10774,6231,5604,4887,16344,3848,10768,4316,1132,1208,4588,4035,26862,310,1286,349,1068,4451,842,7888
1033,3411,1033.0512376423392,99786,835,462,153,57,54900,28866,0.8394564367746978,487,275,28325,30626,11858,6750,8340,11828,45416,36176,10792,6261,5591,4876,16305,3857,10786,4347,1129,1220,4633,4027,26793,309,1282,351,1070,4458,846,7906
1034,3411,1034.356056314448,99786,858,469,153,57,55061,28955,0.8419617982482512,473,276,28300,30603,11900,6799,8314,11794,45416,36176,10810,6290,5569,4865,16252,3867,10821,4385,1125,1240,4686,4014,26717,309,1279,352,1070,4465,869,7901
1035,3411,1035.2265900717675,99785,876,461,154,57,55168,29006,0.8435536403267024,470,294,28282,30599,11921,6827,8295,11760,45416,36176,10828,6319,5556,4851,16219,3887,10844,4407,1123,1247,4723,4007,26648,309,1276,353,1070,4470,884,7911
1036,3411,1036.0974525161357,99785,858,471,154,57,55274,29069,0.8452472816555594,462,305,28259,30593,11990,6849,8275,11723,45416,36176,10846,6348,5544,4833,16165,3904,10888,4432,1120,1257,4760,3995,26587,307,1274,352,1071,4483,899,7914
1037,3411,1037.4052542947727,99783,864,487,155,58,55433,29163,0.847799725404127,468,290,28222,30620,12044,6886,8245,11657,45416,36176,10863,6377,5520,4823,16107,3905,10950,4472,1116,1278,4799,3980,26514,305,1266,352,1074,4487,909,7926
1038,3411,1038.278007788529,99783,840,479,155,58,55535,29221,0.8494032049547519,489,285,28181,30622,12110,6918,8223,11636,45416,36176,10880,6405,5505,4807,16050,3922,10979,4512,1112,1292,4840,3972,26447,304,1264,352,1073,4497,920,7935
1039,3411,1039.1519022735565,99783,857,469,155,58,55649,29274,0.8510768367357165,470,292,28153,30623,12156,6952,8207,11604,45416,36176,10897,6433,5497,4789,16009,3933,11008,4545,1109,1299,4877,3962,26387,304,1261,351,1076,4504,931,7941
1040,3411,1040.0268928108812,99783,849,466,155,58,55750,29332,0.85267029453915,466,294,28122,30631,12216,6992,8190,11557,45416,36176,10913,6461,5487,4775,15969,3945,11042,4574,1107,1307,4923,3948,26320,302,1257,352,1076,4513,939,7947
1041,3411,1041.341198189644,99783,847,476,155,58,55905,29432,0.8552258400729583,472,286,28089,30634,12283,7042,8152,11502,45416,36176,10929,6489,5473,4755,15915,3963,11091,4609,1105,1319,4991,3936,26219,300,1254,353,1076,4516,958,7950
1042,3411,1042.218187377503,99782,845,478,156,58,56004,29494,0.8568479284840953,494,285,28038,30638,12326,7067,8139,11472,45416,36176,10945,6516,5461,4748,15881,3963,11120,4643,1104,1330,5031,3925,26152,300,1250,354,1074,4520,970,7956
1043,3411,1043.096442424392,99782,847,491,156,58,56115,29569,0.8587119921428714,501,282,28020,30635,12365,7091,8109,11441,45416,36176,10961,6543,5449,4735,15838,3968,11150,4673,1101,1340,5075,3919,26088,300,1245,354,1077,4528,985,7957
1044,3411,1044.4150110732437,99781,852,475,156,59,56283,29652,0.8612361070744932,499,302,27985,30624,12433,7152,8073,11386,45416,36176,10976,6570,5423,4710,15786,3984,11206,4711,1098,1364,5139,3899,25992,300,1240,357,1078,4530,991,7973
1045,3411,1045.2947444830409,99780,822,495,157,59,56376,29727,0.8629284425736621,513,288,27967,30624,12487,7177,8052,11355,45416,36176,10991,6597,5409,4692,15747,4002,11240,4738,1094,1372,5169,3888,25936,299,1238,357,1079,4539,1009,7972
1046,3411,1046.1752849942745,99780,856,502,157,59,56513,29797,0.865003006614552,487,298,27936,30608,12518,7205,8044,11326,45416,36176,11006,6623,5395,4684,15708,4006,11257,4777,1091,1386,5218,3875,25867,299,1237,357,1082,4546,1014,7981
1047,3411,1047.056640002911,99780,844,462,157,59,56602,29847,0.8663960713569854,514,313,27889,30597,12566,7275,8028,11292,45416,36176,11021,6649,5382,4673,15659,4012,11287,4814,1090,1399,5276,3869,25787,299,1230,360,1078,4555,1025,7985
1048,3411,1048.3806531406658,99780,872,479,157,59,56785,29944,0.8692022449388656,487,311,27869,30608,12629,7308,7984,11233,45416,36176,11036,6675,5363,4660,15605,4019,11333,4851,1088,1418,5343,3860,25692,299,1229,360,1079,4557,1042,7982
1049,3411,1049.2640255948024,99780,868,490,157,59,56886,30003,0.8708057726999399,492,313,27847,30607,12666,7330,7968,11199,45416,36176,11050,6701,5353,4648,15556,4024,11368,4881,1086,1427,5376,3852,25640,299,1229,360,1079,4568,1048,7986
1050,3411,1050.1478939078172,99780,858,473,157,59,57003,30050,0.8724493886550411,474,325,27826,30607,12733,7369,7950,11165,45416,36176,11064,6726,5335,4629,15504,4039,11414,4907,1084,1443,5413,3845,25580,298,1222,361,1080,4578,1057,7991
1051,3411,1051.033076114105,99779,855,479,157,60,57100,30109,0.8740215877088365,472,319,27819,30611,12763,7396,7932,11133,45416,36176,11078,6751,5329,4618,15473,4046,11445,4935,1080,1449,5451,3834,25512,297,1220,361,1080,4579,1067,8003
1052,3411,1052.3613604273828,99779,853,481,157,60,57263,30202,0.876587257839826,498,307,27780,30639,12822,7432,7888,11079,45416,36176,11092,6776,5314,4604,15409,4060,11506,4973,1076,1459,5517,3814,25427,296,1210,363,1084,4587,1084,7996
1053,3411,1053.2474677332998,99779,843,475,157,60,57374,30264,0.8783210896080338,495,308,27752,30641,12886,7473,7865,11041,45416,36176,11105,6801,5295,4585,15368,4076,11541,5002,1073,1475,5559,3809,25359,296,1207,362,1085,4592,1097,7998
1054,3411,1054.1348228301267,99779,869,485,157,60,57491,30334,0.88019523146153,489,301,27717,30632,12913,7505,7853,11015,45416,36176,11118,6826,5287,4573,15335,4084,11561,5034,1072,1481,5591,3802,25302,294,1205,362,1087,4599,1107,8003
1055,3411,1055.0231161063487,99779,875,494,157,60,57600,30411,0.882059351166077,496,282,27687,30639,12950,7542,7833,10981,45416,36176,11131,6850,5277,4562,15296,4091,11593,5062,1071,1488,5623,3792,25247,294,1202,363,1088,4606,1127,7997
1056,3411,1056.3570291416695,99778,871,509,158,60,57757,30500,0.8845336647357133,524,285,27635,30630,12997,7578,7813,10936,45416,36176,11144,6874,5255,4552,15255,4100,11623,5111,1068,1506,5681,3778,25161,292,1197,364,1090,4606,1133,8006
1057,3411,1057.2476122055934,99777,885,522,159,60,57876,30570,0.8864367539613338,530,283,27585,30622,13035,7606,7804,10905,45416,36176,11157,6898,5242,4545,15220,4106,11656,5140,1067,1514,5715,3769,25096,291,1196,364,1091,4605,1147,8013
1058,3411,1058.1392385608679,99777,889,488,159,60,57999,30619,0.8881605981338384,506,296,27564,30619,13103,7662,7777,10873,45416,36176,11170,6922,5228,4530,15172,4122,11706,5173,1064,1526,5761,3759,25020,291,1189,366,1089,4609,1151,8021
1059,3411,1059.031905676891,99777,902,499,159,60,58122,30689,0.8900949116529862,491,289,27540,30620,13141,7689,7765,10841,45416,36176,11182,6945,5215,4520,15131,4126,11752,5200,1060,1538,5780,3749,24974,290,1185,367,1088,4615,1167,8020
1060,3411,1060.3725517203443,99777,896,512,159,60,58282,30794,0.8927508343606242,524,286,27485,30635,13199,7726,7735,10779,45416,36176,11194,6968,5195,4504,15066,4140,11812,5236,1056,1555,5839,3735,24893,289,1182,367,1090,4617,1195,8006
1061,3411,1061.2673984747537,99777,895,520,159,60,58396,30870,0.8946550808302515,536,265,27436,30641,13249,7760,7723,10752,45416,36176,11206,6991,5183,4490,15033,4146,11844,5267,1054,1566,5882,3725,24827,288,1178,367,1091,4621,1213,8002
1062,3411,1062.1636937941248,99776,892,507,160,60,58512,30936,0.8964881334188582,539,261,27397,30650,13307,7805,7703,10715,45416,36176,11218,7014,5167,4482,14998,4150,11866,5306,1050,1581,5942,3715,24747,288,1175,367,1092,4624,1228,7998
1063,3411,1063.0613664645268,99776,909,499,160,60,58634,30990,0.89825208466966,546,277,27353,30651,13349,7833,7681,10678,45416,36176,11230,7037,5150,4468,14962,4168,11891,5334,1046,1597,5983,3705,24685,287,1171,367,1093,4629,1242,7998
1064,3411,1064.4100658362509,99775,902,509,161,60,58818,31087,0.90107742420446,539,268,27323,30664,13439,7869,7634,10628,45416,36176,11241,7059,5127,4449,14901,4177,11946,5378,1044,1616,6054,3692,24593,286,1167,367,1093,4635,1257,7993
1065,3411,1065.3101504905342,99775,934,495,161,60,58940,31146,0.9028915058882485,540,274,27292,30666,13454,7915,7617,10588,45416,36176,11252,7081,5117,4439,14862,4182,11978,5408,1042,1625,6100,3685,24527,284,1166,367,1095,4637,1261,8000
1066,3411,1066.2110596183893,99774,937,486,161,61,59073,31210,0.9048750175396396,530,267,27261,30684,13511,7957,7598,10543,45416,36176,11263,7103,5101,4423,14822,4190,12008,5448,1041,1638,6147,3680,24452,283,1163,366,1095,4639,1272,8006
1067,3411,1067.1131014930688,99773,940,483,161,62,59195,31267,0.9066781594218877,523,277,27244,30671,13560,7991,7570,10514,45416,36176,11274,7125,5087,4409,14782,4197,12051,5474,1041,1652,6186,3670,24390,282,1157,367,1094,4642,1287,8005
1068,3411,1068.0158288527346,99773,915,485,161,62,59293,31328,0.9082717769336394,539,278,27220,30692,13611,8009,7552,10472,45416,36176,11285,7147,5073,4391,14747,4213,12086,5499,1034,1664,6227,3666,24328,281,1148,368,1094,4647,1302,8005
1069,3411,1069.3715635554229,99773,931,487,161,62,59482,31421,0.9110981928978782,516,294,27188,30675,13678,8055,7524,10425,45416,36176,11296,7168,5057,4372,14686,4228,12155,5535,1031,1675,6276,3651,24248,280,1142,370,1094,4651,1323,7999
1070,3411,1070.2763829132034,99773,940,501,161,62,59600,31494,0.9130125384623095,516,296,27150,30682,13725,8080,7506,10377,45416,36176,11307,7189,5045,4363,14647,4230,12191,5560,1030,1684,6315,3642,24193,278,1140,369,1094,4657,1341,7994
1071,3411,1071.181784410143,99773,915,488,161,62,59698,31555,0.9146061559740611,534,313,27130,30674,13770,8117,7488,10344,45416,36176,11317,7210,5038,4352,14614,4235,12228,5598,1025,1688,6364,3628,24118,278,1138,369,1095,4658,1350,7997
1072,3411,1072.088373412444,99772,905,491,162,62,59813,31613,0.9163492763500781,523,317,27131,30680,13811,8130,7466,10318,45416,36176,11327,7231,5022,4347,14571,4232,12273,5627,1023,1702,6403,3620,24054,277,1134,369,1096,4661,1360,8001
1073,3411,1073.448618808107,99772,902,503,162,62,60002,31728,0.9193962233893277,511,311,27090,30683,13893,8172,7440,10267,45416,36176,11337,7252,5011,4321,14500,4255,12343,5668,1018,1707,6484,3613,23950,277,1129,368,1091,4666,1374,7997
1074,3411,1074.3564131255737,99772,920,521,162,62,60127,31816,0.9215310908872228,489,293,27070,30669,13935,8218,7422,10235,45416,36176,11347,7272,5000,4309,14461,4264,12383,5695,1016,1714,6521,3608,23884,277,1126,368,1090,4667,1385,8004
1075,3411,1075.2650347144072,99772,899,522,162,62,60234,31879,0.9232349757446979,492,320,27056,30656,13987,8244,7402,10194,45416,36176,11357,7292,4983,4297,14429,4272,12406,5731,1013,1731,6563,3599,23821,276,1124,367,1091,4670,1402,7997
1076,3411,1076.1743061287414,99772,906,530,162,62,60367,31943,0.9252094776089484,480,324,27023,30646,14047,8277,7380,10159,45416,36176,11367,7312,4968,4289,14385,4265,12455,5766,1012,1745,6591,3589,23775,275,1120,369,1092,4672,1412,7992
1077,3411,1077.0845098218106,99772,882,528,162,62,60481,32017,0.9270937738042737,476,305,26998,30649,14116,8328,7364,10126,45416,36176,11377,7332,4952,4274,14352,4273,12483,5808,1011,1760,6640,3574,23706,273,1117,369,1092,4674,1429,7985
1078,3411,1078.452207447467,99772,897,518,162,62,60661,32132,0.9300505151745981,445,289,26978,30647,14169,8411,7347,10071,45416,36176,11386,7352,4934,4260,14291,4280,12552,5857,1010,1774,6712,3563,23604,272,1113,369,1090,4666,1448,7977
1079,3411,1079.364699496489,99772,869,526,162,62,60768,32209,0.9318947199615123,481,271,26929,30653,14225,8441,7332,10045,45416,36176,11395,7371,4925,4245,14242,4295,12595,5898,1008,1782,6740,3554,23549,271,1109,370,1088,4667,1466,7968
1080,3411,1080.2787050135191,99772,878,523,162,62,60893,32268,0.9337389247484265,471,281,26908,30659,14270,8461,7309,10012,45416,36176,11404,7390,4910,4226,14203,4309,12636,5921,1007,1797,6780,3546,23485,270,1104,369,1088,4673,1475,7973
1081,3411,1081.1934859727503,99772,856,522,162,62,60994,32318,0.9352523754159484,489,294,26873,30655,14313,8483,7305,9982,45416,36176,11413,7409,4891,4213,14170,4318,12669,5950,1005,1812,6810,3537,23430,269,1102,369,1090,4674,1486,7977
1082,3411,1082.1095081157036,99772,849,504,162,62,61119,32378,0.9371066030549653,487,295,26864,30663,14355,8525,7281,9949,45416,36176,11422,7428,4879,4198,14130,4328,12703,5987,1001,1820,6868,3530,23355,269,1098,370,1089,4674,1497,7976
1083,3411,1083.0262276539113,99772,836,501,162,62,61226,32450,0.9389006935813655,465,276,26862,30677,14409,8566,7264,9916,45416,36176,11431,7447,4868,4180,14094,4341,12736,6025,999,1829,6908,3520,23296,269,1095,369,1091,4671,1513,7968
1084,3411,1084.4020039458148,99772,831,492,162,62,61385,32545,0.9414464980154753,471,281,26850,30688,14465,8609,7219,9866,45416,36176,11440,7466,4850,4166,14044,4352,12778,6075,994,1843,6966,3504,23215,267,1093,370,1090,4678,1528,7959
1085,3411,1085.3195854421797,99772,833,484,162,62,61495,32609,0.9431904742813615,474,293,26833,30697,14499,8642,7197,9820,45416,36176,11449,7484,4839,4153,14009,4364,12813,6104,992,1851,7001,3495,23156,265,1088,370,1092,4681,1540,7959
1086,3411,1086.237573813024,99772,826,491,162,62,61597,32675,0.9448743134346309,488,290,26811,30704,14536,8668,7175,9783,45416,36176,11457,7502,4829,4136,13983,4385,12834,6128,990,1856,7058,3487,23078,264,1088,369,1092,4684,1545,7966
1087,3411,1087.1564161679037,99772,839,484,162,62,61715,32727,0.946578198292106,487,289,26805,30725,14557,8688,7148,9750,45416,36176,11465,7520,4818,4123,13951,4395,12863,6156,988,1864,7098,3482,23020,262,1085,370,1090,4687,1553,7967
1088,3411,1088.0753302330306,99772,855,480,162,62,61848,32796,0.9486028144168704,461,285,26793,30727,14593,8731,7134,9713,45416,36176,11473,7538,4801,4106,13915,4404,12914,6186,983,1881,7125,3465,22975,262,1079,371,1092,4688,1564,7961
1089,3411,1089.4544429118469,99771,853,487,163,62,62013,32885,0.9511581521684658,465,293,26786,30732,14644,8759,7087,9665,45416,36176,11481,7556,4776,4087,13861,4413,12969,6228,981,1902,7163,3457,22917,260,1075,372,1091,4686,1584,7949
1090,3411,1090.3743410349048,99770,835,495,163,63,62122,32962,0.95303197353914,453,284,26781,30730,14699,8791,7067,9635,45416,36176,11489,7574,4763,4060,13821,4444,13002,6258,978,1907,7204,3448,22861,260,1070,372,1094,4691,1590,7947
1091,3411,1091.2943084977724,99770,792,470,163,63,62220,33013,0.9545254084394107,466,298,26773,30738,14757,8829,7047,9600,45416,36176,11497,7591,4749,4047,13785,4452,13032,6304,976,1918,7261,3436,22786,260,1068,373,1092,4688,1603,7940
1092,3411,1092.2151108030346,99770,800,491,163,63,62329,33091,0.9563997193545154,462,282,26756,30740,14788,8856,7029,9566,45416,36176,11505,7608,4738,4033,13749,4459,13074,6325,975,1927,7289,3426,22737,260,1066,373,1091,4692,1617,7939
1093,3411,1093.1364473956382,99770,794,489,163,63,62446,33153,0.9581938458454445,462,278,26719,30758,14843,8876,7017,9534,45416,36176,11513,7625,4722,4024,13705,4458,13108,6370,972,1942,7326,3422,22685,259,1059,373,1091,4692,1619,7943
1094,3411,1094.0588666330095,99770,815,498,163,63,62574,33223,0.9601784103437907,446,276,26711,30749,14870,8903,6993,9509,45416,36176,11521,7642,4710,4013,13666,4464,13137,6404,971,1952,7357,3415,22634,259,1059,373,1093,4692,1628,7943
