,indexID,time,N,Inf_L,Inf_H,Dead_L,Dead_H,cum_cases_L,cum_cases_H,cum_sum_per_N,Exposed_L,Exposed_H,Sus_L,Sus_H,Rec_nat_L,Rec_nat_H,Rec_vax_L,Rec_vax_H,vaccinatedH,vaccinatedL,boostedH,boostedL,count_Naive,count_Delta,count_Delta_vaccine,count_two,count_three,count_four,count_Omicron,count_Omicron_star,count_Omicron_star_vaccine,count_Omicron_vaccine,count_Vaccine,count_WT,count_WT_vaccine,count_WT_vaccine_boost,count_Omicron_vaccine_boost,count_Delta_vaccine_boost,count_Omicron_star_vaccine_boost,count_Vaccine_boost
0,606,1.1726833604155524,99998,9,6,0,0,10,7,0.00017000340006800136,17,18,49972,49974,1,1,0,0,0,0,0,0,99996,0,0,0,0,0,0,0,0,0,0,2,0,0,0,0,0,0
1,606,2.038021995613432,99998,12,7,0,0,14,9,0.00023000460009200185,16,16,49969,49974,2,2,0,0,0,0,0,0,99994,0,0,0,0,0,0,0,0,0,0,4,0,0,0,0,0,0
2,606,3.011053022092942,99998,17,13,0,0,23,18,0.0004100082001640033,10,9,49966,49972,6,5,0,0,0,0,0,0,99987,0,0,0,0,0,0,0,0,0,0,11,0,0,0,0,0,0
3,606,4.050483299901034,99998,20,12,0,0,27,21,0.00048000960019200384,9,8,49963,49970,7,9,0,0,0,0,0,0,99982,0,0,0,0,0,0,0,0,0,0,16,0,0,0,0,0,0
4,606,5.091079581550415,99998,23,11,0,0,31,22,0.0005300106002120043,11,9,49957,49968,8,11,0,0,0,0,0,0,99979,0,0,0,0,0,0,0,0,0,0,19,0,0,0,0,0,0
5,606,6.011742813679461,99998,25,10,0,0,35,23,0.0005800116002320047,10,14,49954,49962,10,13,0,0,0,0,0,0,99975,0,0,0,0,0,0,0,0,0,0,23,0,0,0,0,0,0
6,606,7.057724251679411,99998,24,11,0,0,37,26,0.000630012600252005,9,13,49953,49960,13,15,0,0,0,0,0,0,99970,0,0,0,0,0,0,0,0,0,0,28,0,0,0,0,0,0
7,606,8.02843362218996,99998,27,18,0,0,41,33,0.0007400148002960059,8,9,49950,49957,14,15,0,0,0,0,0,0,99969,0,0,0,0,0,0,0,0,0,0,29,0,0,0,0,0,0
8,606,9.009290703622002,99998,28,14,0,0,46,37,0.0008300166003320066,5,6,49948,49956,18,23,0,0,0,0,0,0,99957,0,0,0,0,0,0,0,0,0,0,41,0,0,0,0,0,0
9,606,10.127929580960837,99998,22,12,0,0,49,39,0.000880017600352007,8,8,49942,49952,27,27,0,0,0,0,0,0,99944,0,0,0,0,0,0,0,0,0,0,54,0,0,0,0,0,0
10,606,11.287481526988579,99998,26,16,0,0,55,45,0.001000020000400008,6,3,49938,49952,29,28,0,0,0,0,0,0,99940,0,0,0,0,0,0,0,0,0,0,58,0,0,0,0,0,0
11,606,12.001558014055938,99998,25,11,0,0,56,46,0.0010200204004080081,9,3,49935,49951,30,34,0,0,0,0,0,0,99932,0,0,0,0,0,0,0,0,0,0,66,0,0,0,0,0,0
12,606,13.060964154031904,99998,26,10,0,0,60,47,0.0010700214004280085,9,3,49931,49950,33,36,0,0,0,0,0,0,99927,0,0,0,0,0,0,0,0,0,0,71,0,0,0,0,0,0
13,606,14.034484649031926,99998,24,12,0,0,64,51,0.0011500230004600092,12,3,49924,49946,39,38,0,0,0,0,0,0,99919,0,0,0,0,0,0,0,0,0,0,79,0,0,0,0,0,0
14,606,15.32979406870711,99998,23,11,0,0,66,52,0.0011800236004720095,10,5,49925,49943,41,40,0,0,0,0,0,0,99914,0,0,0,0,0,0,0,0,0,0,84,0,0,0,0,0,0
15,606,16.302220979406282,99998,26,12,0,0,70,53,0.0012300246004920098,12,8,49919,49939,42,40,0,0,0,0,0,0,99913,0,0,0,0,0,0,0,0,0,0,85,0,0,0,0,0,0
16,606,17.00521437178876,99998,31,12,0,0,76,56,0.0013200264005280105,8,7,49917,49937,43,43,0,0,0,0,0,0,99909,0,0,0,0,0,0,0,0,0,0,89,0,0,0,0,0,0
17,606,18.086151756743536,99998,27,11,0,0,78,58,0.0013600272005440108,10,7,49913,49935,49,46,0,0,0,0,0,0,99900,0,0,0,0,0,0,0,0,0,0,98,0,0,0,0,0,0
18,606,19.04950880000157,99998,27,11,0,0,84,59,0.0014300286005720115,7,9,49910,49932,55,47,0,0,0,0,0,0,99893,0,0,0,0,0,0,0,0,0,0,105,0,0,0,0,0,0
19,606,20.009522750769214,99998,26,15,0,0,85,64,0.001490029800596012,8,6,49908,49930,57,48,0,0,0,0,0,0,99890,0,0,0,0,0,0,0,0,0,0,108,0,0,0,0,0,0
20,606,21.206352241747897,99998,25,13,0,0,87,64,0.001510030200604012,11,8,49903,49929,60,49,0,0,0,0,0,0,99885,0,0,0,0,0,0,0,0,0,0,113,0,0,0,0,0,0
21,606,22.024098141434507,99998,26,13,0,0,90,65,0.0015500310006200124,13,9,49899,49927,61,50,0,0,0,0,0,0,99882,0,0,0,0,0,0,0,0,0,0,116,0,0,0,0,0,0
22,606,23.011968420710183,99998,21,14,0,0,93,68,0.0016100322006440129,14,7,49895,49926,69,52,0,0,0,0,0,0,99872,0,0,0,0,0,0,0,0,0,0,126,0,0,0,0,0,0
23,606,24.01621823425648,99997,23,14,1,0,98,70,0.0016800504015120454,15,7,49889,49925,71,53,0,0,0,0,0,0,99867,0,0,0,0,0,0,0,0,0,0,130,0,0,0,0,0,0
24,606,25.17044128953684,99997,23,15,1,0,102,72,0.001740052201566047,16,5,49884,49925,75,54,0,0,0,0,0,0,99862,0,0,0,0,0,0,0,0,0,0,135,0,0,0,0,0,0
25,606,26.20829213922807,99997,22,17,1,0,104,75,0.0017900537016110483,15,3,49883,49924,78,55,0,0,0,0,0,0,99858,0,0,0,0,0,0,0,0,0,0,139,0,0,0,0,0,0
26,606,27.2018560573396,99997,23,15,1,0,108,75,0.0018300549016470494,15,4,49880,49923,80,57,0,0,0,0,0,0,99853,0,0,0,0,0,0,0,0,0,0,144,0,0,0,0,0,0
27,606,28.14932718067918,99997,23,15,1,0,109,76,0.00185005550166505,15,5,49880,49921,80,58,0,0,0,0,0,0,99851,0,0,0,0,0,0,0,0,0,0,146,0,0,0,0,0,0
28,606,29.09081166770214,99997,23,14,1,0,114,78,0.001920057601728052,13,3,49878,49921,84,61,0,0,0,0,0,0,99843,0,0,0,0,0,0,0,0,0,0,154,0,0,0,0,0,0
29,606,30.169468274613354,99997,21,11,1,0,115,78,0.0019300579017370522,13,5,49877,49919,87,64,0,0,0,0,0,0,99837,0,0,0,0,0,0,0,0,0,0,160,0,0,0,0,0,0
30,606,31.02040735258483,99997,19,11,1,0,116,78,0.0019400582017460523,14,6,49876,49918,89,64,0,0,0,0,0,0,99834,0,0,0,0,0,0,0,0,0,0,163,0,0,0,0,0,0
31,606,32.10346249390186,99997,20,11,1,0,119,80,0.001990059701791054,17,5,49871,49917,90,66,0,0,0,0,0,0,99830,0,0,0,0,0,0,0,0,0,0,167,0,0,0,0,0,0
32,606,33.322446622191315,99997,21,11,1,0,123,81,0.002040061201836055,14,5,49870,49916,93,67,0,0,0,0,0,0,99826,0,0,0,0,0,0,0,0,0,0,171,0,0,0,0,0,0
33,606,34.05244981696558,99997,24,9,1,0,128,81,0.0020900627018810565,9,5,49870,49916,95,69,0,0,0,0,0,0,99822,0,0,0,0,0,0,0,0,0,0,175,0,0,0,0,0,0
34,606,35.09174440448926,99997,23,9,1,0,129,83,0.0021200636019080574,10,5,49869,49915,96,70,0,0,0,0,0,0,99818,0,0,0,0,0,0,0,0,0,0,179,0,0,0,0,0,0
35,606,36.03051660907549,99997,22,7,1,0,132,83,0.002150064501935058,10,5,49866,49915,100,72,0,0,0,0,0,0,99812,0,0,0,0,0,0,0,0,0,0,185,0,0,0,0,0,0
36,606,37.32004934328741,99997,22,7,1,0,134,85,0.002190065701971059,14,3,49860,49916,102,73,0,0,0,0,0,0,99808,0,0,0,0,0,0,0,0,0,0,189,0,0,0,0,0,0
37,606,38.03564918656845,99997,21,7,1,0,134,86,0.0022000660019800594,15,2,49859,49916,103,74,0,0,0,0,0,0,99806,0,0,0,0,0,0,0,0,0,0,191,0,0,0,0,0,0
38,606,39.04434385440124,99997,21,7,1,0,138,87,0.0022500675020250605,16,3,49856,49914,105,75,0,0,0,0,0,0,99801,0,0,0,0,0,0,0,0,0,0,196,0,0,0,0,0,0
39,606,40.19042620428628,99997,21,7,1,0,139,90,0.0022900687020610618,19,2,49852,49912,106,78,0,0,0,0,0,0,99797,0,0,0,0,0,0,0,0,0,0,200,0,0,0,0,0,0
40,606,41.08244673407359,99997,18,8,1,0,141,91,0.0023200696020880627,21,2,49848,49911,111,78,0,0,0,0,0,0,99792,0,0,0,0,0,0,0,0,0,0,205,0,0,0,0,0,0
41,606,42.19859390587245,99997,21,7,1,0,148,92,0.0024000720021600647,23,2,49839,49910,115,80,0,0,0,0,0,0,99786,0,0,0,0,0,0,0,0,0,0,211,0,0,0,0,0,0
42,606,43.2711727220184,99997,27,8,1,0,157,93,0.0025000750022500674,18,4,49835,49907,118,80,0,0,0,0,0,0,99783,0,0,0,0,0,0,0,0,0,0,214,0,0,0,0,0,0
43,606,44.07092559423577,99997,27,7,1,0,158,94,0.002520075602268068,19,5,49833,49906,119,81,0,0,0,0,0,0,99780,0,0,0,0,0,0,0,0,0,0,217,0,0,0,0,0,0
44,606,45.20465787768316,99997,24,6,1,0,159,95,0.0025400762022860686,26,8,49826,49902,122,83,0,0,0,0,0,0,99774,0,0,0,0,0,0,0,0,0,0,223,0,0,0,0,0,0
45,606,46.295900817150276,99997,27,8,1,0,165,98,0.002630078902367071,22,6,49827,49901,122,84,0,0,0,0,0,0,99770,0,0,0,0,0,0,0,0,0,0,227,0,0,0,0,0,0
46,606,47.230814130789994,99997,27,8,1,0,169,98,0.002670080102403072,18,7,49828,49901,125,83,0,0,0,0,0,0,99766,0,0,0,0,0,0,0,0,0,0,231,0,0,0,0,0,0
47,606,48.27126347318169,99997,24,9,1,0,172,99,0.0027100813024390734,18,10,49826,49897,130,83,0,0,0,0,0,0,99760,0,0,0,0,0,0,0,0,0,0,237,0,0,0,0,0,0
48,606,49.04737031554909,99997,23,10,1,0,175,101,0.0027600828024840745,16,10,49825,49896,134,83,0,0,0,0,0,0,99755,0,0,0,0,0,0,0,0,0,0,242,0,0,0,0,0,0
49,606,50.16050425462737,99997,22,11,1,0,180,102,0.0028200846025380763,14,10,49822,49895,140,83,0,0,0,0,0,0,99749,0,0,0,0,0,0,0,0,0,0,248,0,0,0,0,0,0
50,606,51.13514697220145,99997,23,9,1,0,182,103,0.002850085502565077,14,11,49820,49893,141,86,0,0,0,0,0,0,99745,0,0,0,0,0,0,0,0,0,0,252,0,0,0,0,0,0
51,606,52.038382207487416,99997,29,8,1,0,189,104,0.0029300879026370793,10,13,49817,49890,142,88,0,0,0,0,0,0,99742,0,0,0,0,0,0,0,0,0,0,255,0,0,0,0,0,0
52,606,53.09562056011912,99997,23,10,1,0,193,107,0.003000090002700081,13,10,49811,49890,151,89,0,0,0,0,0,0,99731,0,0,0,0,0,0,0,0,0,0,266,0,0,0,0,0,0
53,606,54.04689211858169,99997,21,9,1,0,195,108,0.003030090902727082,12,9,49811,49890,154,91,0,0,0,0,0,0,99725,0,0,0,0,0,0,0,0,0,0,272,0,0,0,0,0,0
54,606,55.04469302607974,99997,22,10,1,0,200,111,0.003110093302799084,8,8,49811,49888,157,93,0,0,0,0,0,0,99719,0,0,0,0,0,0,0,0,0,0,278,0,0,0,0,0,0
55,606,56.174986812324775,99997,23,11,1,0,202,116,0.0031800954028620857,10,3,49808,49889,157,96,0,0,0,0,0,0,99714,0,0,0,0,0,0,0,0,0,0,283,0,0,0,0,0,0
56,606,57.21330617807037,99997,24,9,1,0,206,117,0.003230096902907087,10,3,49805,49889,159,98,0,0,0,0,0,0,99708,0,0,0,0,0,0,0,0,0,0,289,0,0,0,0,0,0
57,606,58.06425944390048,99997,21,9,1,0,209,118,0.0032700981029430884,12,4,49801,49887,164,99,0,0,0,0,0,0,99701,0,0,0,0,0,0,0,0,0,0,296,0,0,0,0,0,0
58,606,59.22905950414337,99997,22,8,1,0,215,118,0.00333009990299709,9,6,49799,49887,168,98,0,0,0,0,0,0,99695,0,0,0,0,0,0,0,0,0,0,302,0,0,0,0,0,0
59,606,60.297212582143565,99997,17,8,1,0,215,120,0.0033501005030150905,12,6,49798,49886,171,99,0,0,0,0,0,0,99688,0,0,0,0,0,0,0,0,0,0,309,0,0,0,0,0,0
60,606,61.08390353652829,99997,16,6,1,0,218,120,0.0033801014030420914,11,7,49796,49885,175,101,0,0,0,0,0,0,99682,0,0,0,0,0,0,0,0,0,0,315,0,0,0,0,0,0
61,606,62.12967986093415,99997,21,8,1,0,224,122,0.0034601038031140934,7,7,49794,49883,176,101,0,0,0,0,0,0,99681,0,0,0,0,0,0,0,0,0,0,316,0,0,0,0,0,0
62,606,63.117139383862444,99997,19,10,1,0,226,124,0.0035001050031500947,6,6,49793,49882,180,101,0,0,0,0,0,0,99677,0,0,0,0,0,0,0,0,0,0,320,0,0,0,0,0,0
63,606,64.03656192609145,99997,19,12,1,0,228,127,0.0035501065031950958,8,7,49790,49879,181,101,0,0,0,0,0,0,99674,0,0,0,0,0,0,0,0,0,0,323,0,0,0,0,0,0
64,606,65.31848367315645,99997,19,12,1,0,230,129,0.003590107703231097,10,7,49786,49877,183,103,0,0,0,0,0,0,99670,0,0,0,0,0,0,0,0,0,0,327,0,0,0,0,0,0
65,606,66.00617409234626,99997,18,8,1,0,233,129,0.003620108603258098,8,7,49785,49877,187,107,0,0,0,0,0,0,99662,0,0,0,0,0,0,0,0,0,0,335,0,0,0,0,0,0
66,606,67.16199528807725,99997,20,9,1,0,235,131,0.0036601098032940987,10,5,49783,49877,185,108,0,0,0,0,0,0,99661,0,0,0,0,0,0,0,0,0,0,336,0,0,0,0,0,0
67,606,68.31533953446842,99997,20,8,1,0,238,132,0.0037001110033301,8,5,49786,49877,184,109,0,0,0,0,0,0,99656,0,0,0,0,0,0,0,0,0,0,341,0,0,0,0,0,0
68,606,69.00163453313105,99997,17,8,1,0,239,133,0.0037201116033481006,9,5,49784,49877,188,109,0,0,0,0,0,0,99651,0,0,0,0,0,0,0,0,0,0,346,0,0,0,0,0,0
69,606,70.10848526995339,99997,18,8,1,0,243,134,0.0037701131033931017,6,5,49786,49876,188,110,0,0,0,0,0,0,99647,0,0,0,0,0,0,0,0,0,0,350,0,0,0,0,0,0
70,606,71.3072635894999,99997,19,12,1,0,247,138,0.003850115503465104,4,3,49786,49874,189,110,0,0,0,0,0,0,99644,0,0,0,0,0,0,0,0,0,0,353,0,0,0,0,0,0
71,606,72.18997795287726,99997,15,12,1,0,247,139,0.0038601158034741044,7,4,49783,49872,193,111,0,0,0,0,0,0,99639,0,0,0,0,0,0,0,0,0,0,358,0,0,0,0,0,0
72,606,73.08189615839386,99997,14,12,1,0,249,139,0.0038801164034921046,7,6,49782,49870,195,111,0,0,0,0,0,0,99636,0,0,0,0,0,0,0,0,0,0,361,0,0,0,0,0,0
73,606,74.0645899139813,99997,10,9,1,0,249,139,0.0038801164034921046,9,6,49780,49870,199,114,0,0,0,0,0,0,99629,0,0,0,0,0,0,0,0,0,0,368,0,0,0,0,0,0
74,606,75.16801945540172,99997,5,10,1,0,250,142,0.003920117603528106,9,3,49779,49871,205,115,0,0,0,0,0,0,99621,0,0,0,0,0,0,0,0,0,0,376,0,0,0,0,0,0
75,606,76.11583157922932,99997,7,10,1,0,252,142,0.0039401182035461065,8,4,49779,49870,204,115,0,0,0,0,0,0,99621,0,0,0,0,0,0,0,0,0,0,376,0,0,0,0,0,0
76,606,77.08250965180464,99997,7,13,1,0,254,146,0.004000120003600108,7,0,49781,49870,203,116,0,0,0,0,0,0,99618,0,0,0,0,0,0,0,0,0,0,379,0,0,0,0,0,0
77,606,78.15509942417131,99997,8,12,1,0,255,146,0.004010120303609108,7,5,49781,49865,202,117,0,0,0,0,0,0,99617,0,0,0,0,0,0,0,0,0,0,380,0,0,0,0,0,0
78,606,79.24588601307684,99997,9,10,1,0,257,147,0.004040121203636109,6,5,49780,49864,203,120,0,0,0,0,0,0,99613,0,0,0,0,0,0,0,0,0,0,384,0,0,0,0,0,0
79,606,80.03191243731264,99997,9,9,1,0,258,148,0.004060121803654109,6,8,49779,49860,204,122,0,0,0,0,0,0,99610,0,0,0,0,0,0,0,0,0,0,387,0,0,0,0,0,0
80,606,81.10895353592112,99997,9,8,1,0,260,150,0.0041001230036901105,5,7,49778,49859,206,125,0,0,0,0,0,0,99605,0,0,0,0,0,0,0,0,0,0,392,0,0,0,0,0,0
81,606,82.1548895816654,99997,9,9,1,0,261,152,0.004130123903717112,4,7,49778,49858,207,125,0,0,0,0,0,0,99603,0,0,0,0,0,0,0,0,0,0,394,0,0,0,0,0,0
82,606,83.06900295675159,99997,8,11,1,0,261,154,0.0041501245037351125,4,6,49778,49857,208,125,0,0,0,0,0,0,99602,0,0,0,0,0,0,0,0,0,0,395,0,0,0,0,0,0
83,606,84.29867382591078,99997,8,10,1,0,262,155,0.004170125103753112,7,8,49775,49855,208,126,0,0,0,0,0,0,99599,0,0,0,0,0,0,0,0,0,0,398,0,0,0,0,0,0
84,606,85.02288994328404,99997,10,9,1,0,265,156,0.0042101263037891135,9,7,49771,49855,208,128,0,0,0,0,0,0,99596,0,0,0,0,0,0,0,0,0,0,401,0,0,0,0,0,0
85,606,86.11718502570746,99997,10,8,1,0,266,156,0.004220126603798114,9,8,49770,49854,209,129,0,0,0,0,0,0,99594,0,0,0,0,0,0,0,0,0,0,403,0,0,0,0,0,0
86,606,87.01429983344144,99997,12,10,1,0,270,159,0.004290128703861116,6,6,49769,49853,211,130,0,0,0,0,0,0,99591,0,0,0,0,0,0,0,0,0,0,406,0,0,0,0,0,0
87,606,88.23633952929292,99997,8,9,1,0,272,161,0.004330129903897117,6,4,49768,49855,216,131,0,0,0,0,0,0,99582,0,0,0,0,0,0,0,0,0,0,415,0,0,0,0,0,0
88,606,89.02697594285863,99997,7,11,1,0,273,163,0.004360130803924118,6,2,49768,49856,217,130,0,0,0,0,0,0,99580,0,0,0,0,0,0,0,0,0,0,417,0,0,0,0,0,0
89,606,90.32399997827709,99997,7,7,1,0,276,163,0.004390131703951118,4,4,49768,49855,219,133,0,0,0,0,0,0,99573,0,0,0,0,0,0,0,0,0,0,424,0,0,0,0,0,0
90,606,91.14050150288004,99997,6,7,1,0,277,165,0.0044201326039781195,3,3,49768,49854,221,135,0,0,0,0,0,0,99569,0,0,0,0,0,0,0,0,0,0,428,0,0,0,0,0,0
91,606,92.03365919705385,99997,5,6,1,0,278,167,0.00445013350400512,4,1,49766,49856,223,136,0,0,0,0,0,0,99564,0,0,0,0,0,0,0,0,0,0,433,0,0,0,0,0,0
92,606,93.32347336362284,99997,4,4,1,0,279,167,0.004460133804014121,4,1,49766,49856,224,138,0,0,0,0,0,0,99561,0,0,1,0,0,0,0,0,0,0,435,0,0,0,0,0,0
93,606,94.04024624868956,99997,2,2,1,0,279,167,0.004460133804014121,5,1,49765,49856,226,140,0,0,0,0,0,0,99557,0,0,1,0,0,0,0,0,0,0,439,0,0,0,0,0,0
94,606,95.25287046246801,99997,1,1,1,0,279,167,0.004460133804014121,5,1,49765,49857,227,140,0,0,0,0,0,0,99555,0,0,1,0,0,0,0,0,0,0,441,0,0,0,0,0,0
95,606,96.27406771651113,99997,1,1,1,0,279,167,0.004460133804014121,5,1,49766,49858,226,139,0,0,0,0,0,0,99555,0,0,1,0,0,0,0,0,0,0,441,0,0,0,0,0,0
96,606,97.29523752678091,99997,1,1,1,0,279,167,0.004460133804014121,5,1,49767,49858,225,139,0,0,0,0,0,0,99555,0,0,1,0,0,0,0,0,0,0,441,0,0,0,0,0,0
97,606,98.19226206155057,99997,1,0,1,0,280,167,0.004470134104023121,4,1,49769,49858,224,140,0,0,0,0,0,0,99553,0,0,1,0,0,0,0,0,0,0,443,0,0,0,0,0,0
98,606,99.20821892755738,99997,1,0,1,0,280,167,0.004470134104023121,4,1,49769,49858,224,140,0,0,0,0,0,0,99553,0,0,1,0,0,0,0,0,0,0,443,0,0,0,0,0,0
99,606,100.22934945031982,99997,1,0,1,0,280,167,0.004470134104023121,4,1,49770,49858,223,140,0,0,0,0,0,0,99553,0,0,1,0,0,0,0,0,0,0,443,0,0,0,0,0,0
100,606,101.24656416998617,99997,2,1,1,0,281,168,0.004490134704041121,3,0,49770,49858,223,140,0,0,0,0,0,0,99553,0,0,1,0,0,0,0,0,0,0,443,0,0,0,0,0,0
101,606,102.2911861718958,99997,2,0,1,0,281,168,0.004490134704041121,4,0,49770,49858,222,141,0,0,0,0,0,0,99552,0,0,1,0,0,0,0,0,0,0,444,0,0,0,0,0,0
102,606,103.15563299585723,99997,4,0,1,0,283,168,0.004510135304059122,2,0,49770,49858,222,141,0,0,0,0,0,0,99552,0,0,1,0,0,0,0,0,0,0,444,0,0,0,0,0,0
103,606,104.06431048550063,99997,5,0,1,0,284,168,0.004520135604068122,2,1,49769,49857,222,141,0,0,0,0,0,0,99552,0,0,1,0,0,0,0,0,0,0,444,0,0,0,0,0,0
104,606,105.08540713520242,99997,5,0,1,0,284,168,0.004520135604068122,3,1,49770,49858,220,140,0,0,0,0,0,0,99552,0,0,1,0,0,0,0,0,0,0,444,0,0,0,0,0,0
105,606,106.2366103250514,99997,5,1,1,0,284,169,0.004530135904077122,3,1,49772,49858,218,139,0,0,0,0,0,0,99552,0,0,1,0,0,0,0,0,0,0,444,0,0,0,0,0,0
106,606,107.25763303099615,99997,4,1,1,0,284,169,0.004530135904077122,3,1,49774,49858,217,139,0,0,0,0,0,0,99551,0,0,1,0,0,0,0,0,0,0,445,0,0,0,0,0,0
107,606,108.20685586585356,99997,4,1,1,0,284,169,0.004530135904077122,3,1,49774,49859,217,138,0,0,0,0,0,0,99551,0,0,1,0,0,0,0,0,0,0,445,0,0,0,0,0,0
108,606,109.02803240963014,99997,4,1,1,0,285,169,0.004540136204086122,2,2,49774,49858,218,138,0,0,0,0,0,0,99550,0,0,1,0,0,0,0,0,0,0,446,0,0,0,0,0,0
109,606,110.0461064009544,99997,4,0,1,0,285,169,0.004540136204086122,2,2,49775,49858,217,139,0,0,0,0,0,0,99549,0,0,1,0,0,0,0,0,0,0,447,0,0,0,0,0,0
110,606,111.02950182125218,99997,4,1,1,0,286,170,0.004560136804104123,2,1,49775,49860,217,137,0,0,0,0,0,0,99548,0,0,1,0,0,0,0,0,0,0,448,0,0,0,0,0,0
111,606,112.14232751699373,99997,5,1,1,0,287,170,0.004570137104113124,2,1,49774,49860,217,137,0,0,0,0,0,0,99548,0,0,1,0,0,0,0,0,0,0,448,0,0,0,0,0,0
112,606,113.28371996228954,99997,5,2,1,0,289,171,0.004600138004140124,0,0,49775,49860,218,137,0,0,0,0,0,0,99546,0,0,1,0,0,0,0,0,0,0,450,0,0,0,0,0,0
113,606,114.33593512898216,99997,4,2,1,0,289,171,0.004600138004140124,0,0,49775,49861,219,136,0,0,0,0,0,0,99545,0,0,1,0,0,0,0,0,0,0,451,0,0,0,0,0,0
114,606,115.01660570860219,99997,4,2,1,0,289,171,0.004600138004140124,0,0,49776,49861,218,136,0,0,0,0,0,0,99545,0,0,1,0,0,0,0,0,0,0,451,0,0,0,0,0,0
115,606,116.03759102399064,99997,3,2,1,0,289,171,0.004600138004140124,1,0,49775,49861,219,136,0,0,0,0,0,0,99544,0,0,1,0,0,0,0,0,0,0,452,0,0,0,0,0,0
116,606,117.22990981259713,99996,2,2,2,0,289,171,0.004600184007360294,1,3,49778,49860,216,134,0,0,0,0,0,0,99543,0,0,1,0,0,0,0,0,0,0,452,0,0,0,0,0,0
117,606,118.25084066769173,99996,2,2,2,0,289,171,0.004600184007360294,1,3,49778,49861,216,133,0,0,0,0,0,0,99543,0,0,1,0,0,0,0,0,0,0,452,0,0,0,0,0,0
118,606,119.2717700702868,99996,2,3,2,0,289,172,0.004610184407376295,1,3,49779,49860,215,133,0,0,0,0,0,0,99543,0,0,1,0,0,0,0,0,0,0,452,0,0,0,0,0,0
119,606,120.04261710440827,99996,3,3,2,0,290,172,0.004620184807392296,0,3,49779,49860,215,133,0,0,0,0,0,0,99543,0,0,1,0,0,0,0,0,0,0,452,0,0,0,0,0,0
120,606,121.093895280519,99996,1,1,2,0,290,172,0.004620184807392296,0,3,49780,49860,216,135,0,0,0,0,0,0,99539,0,0,1,0,0,0,0,0,0,0,456,0,0,0,0,0,0
121,606,122.11481181941171,99996,1,2,2,0,290,173,0.0046301852074082965,0,2,49780,49861,216,134,0,0,0,0,0,0,99539,0,0,1,0,0,0,0,0,0,0,456,0,0,0,0,0,0
122,606,123.0598016469219,99996,1,3,2,0,290,174,0.004640185607424297,1,1,49779,49861,216,134,0,0,0,0,0,0,99539,0,0,1,0,0,0,0,0,0,0,456,0,0,0,0,0,0
123,606,124.11214765399568,99996,1,3,2,0,290,174,0.004640185607424297,1,1,49781,49861,214,134,0,0,0,0,0,0,99539,0,0,1,0,0,0,0,0,0,0,456,0,0,0,0,0,0
124,606,125.13303786490756,99996,1,3,2,0,290,174,0.004640185607424297,1,1,49781,49861,214,134,0,0,0,0,0,0,99539,0,0,1,0,0,0,0,0,0,0,456,0,0,0,0,0,0
125,606,126.33044168201455,99996,2,4,2,0,291,175,0.004660186407456298,1,1,49781,49860,213,134,0,0,0,0,0,0,99539,0,0,1,0,0,0,0,0,0,0,456,0,0,0,0,0,0
126,606,127.0110193500169,99996,2,4,2,0,291,175,0.004660186407456298,1,1,49781,49860,213,134,0,0,0,0,0,0,99539,0,0,1,0,0,0,0,0,0,0,456,0,0,0,0,0,0
127,606,128.0318858520204,99996,2,4,2,0,291,175,0.004660186407456298,1,1,49781,49861,213,133,0,0,0,0,0,0,99539,0,0,1,0,0,0,0,0,0,0,456,0,0,0,0,0,0
128,606,129.00545868464488,99996,1,3,2,0,291,175,0.004660186407456298,1,1,49781,49861,214,134,0,0,0,0,0,0,99537,0,0,1,0,0,0,0,0,0,0,458,0,0,0,0,0,0
129,606,130.29742087123688,99996,1,3,2,0,291,175,0.004660186407456298,2,1,49780,49861,214,134,0,0,0,0,0,0,99537,0,0,1,0,0,0,0,0,0,0,458,0,0,0,0,0,0
130,606,131.3183116030794,99996,1,3,2,0,291,175,0.004660186407456298,3,2,49780,49860,213,134,0,0,0,0,0,0,99537,0,0,1,0,0,0,0,0,0,0,458,0,0,0,0,0,0
131,606,132.33919502741026,99996,1,3,2,0,291,175,0.004660186407456298,4,2,49779,49860,213,134,0,0,0,0,0,0,99537,0,0,1,0,0,0,0,0,0,0,458,0,0,0,0,0,0
132,606,133.01978871732263,99996,1,2,2,0,291,175,0.004660186407456298,4,2,49779,49861,213,134,0,0,0,0,0,0,99536,0,0,1,0,0,0,0,0,0,0,459,0,0,0,0,0,0
133,606,134.21395314846578,99996,1,4,2,0,292,177,0.0046901876075043005,3,0,49781,49863,212,132,0,0,0,0,0,0,99535,0,0,1,0,0,0,0,0,0,0,460,0,0,0,0,0,0
134,606,135.04163635354166,99996,2,3,2,0,293,177,0.0047001880075203005,2,0,49783,49863,210,133,0,0,0,0,0,0,99534,0,0,1,0,0,0,0,0,0,0,461,0,0,0,0,0,0
135,606,136.32370374172098,99996,3,3,2,0,294,177,0.004710188407536301,1,0,49784,49864,209,132,0,0,0,0,0,0,99534,0,0,1,0,0,0,0,0,0,0,461,0,0,0,0,0,0
136,606,137.0930716041076,99996,4,2,2,0,295,177,0.004720188807552302,0,0,49785,49864,208,133,0,0,0,0,0,0,99533,0,0,1,0,0,0,0,0,0,0,462,0,0,0,0,0,0
137,606,138.19552840308486,99996,4,2,2,0,295,177,0.004720188807552302,2,0,49784,49865,207,132,0,0,0,0,0,0,99533,0,0,1,0,0,0,0,0,0,0,462,0,0,0,0,0,0
138,606,139.28360989781112,99996,5,3,2,0,296,178,0.004740189607584304,2,1,49785,49863,205,132,0,0,0,0,0,0,99533,0,0,1,0,0,0,0,0,0,0,462,0,0,0,0,0,0
139,606,140.31192748687047,99996,4,3,2,0,296,178,0.004740189607584304,3,1,49785,49863,205,132,0,0,0,0,0,0,99532,0,0,1,0,0,0,0,0,0,0,463,0,0,0,0,0,0
140,606,141.08288600223307,99996,5,3,2,0,297,178,0.004750190007600304,2,1,49785,49864,205,131,0,0,0,0,0,0,99532,0,0,1,0,0,0,0,0,0,0,463,0,0,0,0,0,0
141,606,142.10363224035177,99996,5,2,2,0,297,178,0.004750190007600304,2,1,49785,49864,205,132,0,0,0,0,0,0,99531,0,0,1,0,0,0,0,0,0,0,464,0,0,0,0,0,0
142,606,143.16064592797667,99996,6,2,2,0,298,178,0.0047601904076163045,1,1,49785,49867,205,129,0,0,0,0,0,0,99531,0,0,1,0,0,0,0,0,0,0,464,0,0,0,0,0,0
143,606,144.0021215607457,99996,5,1,2,0,298,178,0.0047601904076163045,1,1,49785,49867,206,130,0,0,0,0,0,0,99529,0,0,1,0,0,0,0,0,0,0,466,0,0,0,0,0,0
144,606,145.02635141421348,99996,4,2,2,0,298,179,0.004770190807632305,2,3,49785,49864,206,130,0,0,0,0,0,0,99528,0,0,1,0,0,0,0,0,0,0,467,0,0,0,0,0,0
145,606,146.03247173763717,99996,3,1,2,0,298,179,0.004770190807632305,3,3,49786,49865,205,130,0,0,0,0,0,0,99526,0,0,1,0,0,0,0,0,0,0,469,0,0,0,0,0,0
146,606,147.32712450034043,99996,5,4,2,0,301,182,0.004830193207728309,1,0,49785,49865,206,130,0,0,0,0,0,0,99525,0,0,1,0,0,0,0,0,0,0,470,0,0,0,0,0,0
147,606,148.06832863385827,99996,5,2,2,0,301,182,0.004830193207728309,2,0,49785,49865,205,132,0,0,0,0,0,0,99523,0,0,1,0,0,0,0,0,0,0,472,0,0,0,0,0,0
148,606,149.29457469987096,99996,3,2,2,0,301,182,0.004830193207728309,2,0,49785,49865,207,132,0,0,0,0,0,0,99521,0,0,1,0,0,0,0,0,0,0,474,0,0,0,0,0,0
149,606,150.20121706898593,99996,1,1,2,0,301,182,0.004830193207728309,2,0,49786,49865,208,133,0,0,0,0,0,0,99518,0,0,1,0,0,0,0,0,0,0,477,0,0,0,0,0,0
150,606,151.222010135873,99996,2,1,2,0,302,182,0.00484019360774431,1,0,49786,49865,208,133,0,0,0,0,0,0,99518,0,0,1,0,0,0,0,0,0,0,477,0,0,0,0,0,0
151,606,152.05457799055807,99996,2,1,2,0,302,182,0.00484019360774431,2,0,49786,49867,207,131,0,0,0,0,0,0,99518,0,0,1,0,0,0,0,0,0,0,477,0,0,0,0,0,0
152,606,153.2500198018515,99996,2,1,2,0,303,182,0.00485019400776031,1,1,49787,49866,207,131,0,0,0,0,0,0,99517,0,0,1,0,0,0,0,0,0,0,478,0,0,0,0,0,0
153,606,154.27078119184674,99996,2,1,2,0,303,182,0.00485019400776031,1,1,49787,49866,207,131,0,0,0,0,0,0,99517,0,0,1,0,0,0,0,0,0,0,478,0,0,0,0,0,0
154,606,155.29154115761906,99996,2,1,2,0,303,182,0.00485019400776031,1,1,49787,49866,207,131,0,0,0,0,0,0,99517,0,0,1,0,0,0,0,0,0,0,478,0,0,0,0,0,0
155,606,156.3123011233914,99996,2,1,2,0,303,182,0.00485019400776031,1,1,49787,49866,207,131,0,0,0,0,0,0,99517,0,0,1,0,0,0,0,0,0,0,478,0,0,0,0,0,0
156,606,157.04307673825093,99996,3,2,2,0,304,183,0.004870194807792312,1,0,49787,49866,206,131,0,0,0,0,0,0,99517,0,0,1,0,0,0,0,0,0,0,478,0,0,0,0,0,0
157,606,158.02775670454184,99996,2,1,2,0,304,183,0.004870194807792312,1,0,49787,49866,207,132,0,0,0,0,0,0,99515,0,0,1,0,0,0,0,0,0,0,480,0,0,0,0,0,0
158,606,159.04851413692558,99996,2,1,2,0,304,183,0.004870194807792312,1,0,49788,49866,206,132,0,0,0,0,0,0,99515,0,0,1,0,0,0,0,0,0,0,480,0,0,0,0,0,0
159,606,160.06925787315254,99996,1,1,2,0,304,183,0.004870194807792312,1,0,49790,49866,205,132,0,0,0,0,0,0,99514,0,0,1,0,0,0,0,0,0,0,481,0,0,0,0,0,0
160,606,161.27220733494448,99996,1,1,2,0,304,183,0.004870194807792312,1,0,49791,49868,204,130,0,0,0,0,0,0,99514,0,0,1,0,0,0,0,0,0,0,481,0,0,0,0,0,0
161,606,162.29290062004517,99996,1,1,2,0,304,183,0.004870194807792312,2,0,49790,49869,204,129,0,0,0,0,0,0,99514,0,0,1,0,0,0,0,0,0,0,481,0,0,0,0,0,0
162,606,163.31360450882394,99996,1,1,2,0,304,183,0.004870194807792312,2,0,49791,49869,203,129,0,0,0,0,0,0,99514,0,0,1,0,0,0,0,0,0,0,481,0,0,0,0,0,0
163,606,164.25042283357547,99996,3,1,2,0,306,183,0.0048901956078243125,0,0,49791,49871,203,127,0,0,0,0,0,0,99514,0,0,1,0,0,0,0,0,0,0,481,0,0,0,0,0,0
164,606,165.2861692381531,99996,3,1,2,0,306,183,0.0048901956078243125,0,0,49793,49871,201,127,0,0,0,0,0,0,99514,0,0,1,0,0,0,0,0,0,0,481,0,0,0,0,0,0
165,606,166.30681225771818,99996,2,1,2,0,306,183,0.0048901956078243125,1,0,49792,49871,202,127,0,0,0,0,0,0,99513,0,0,1,0,0,0,0,0,0,0,482,0,0,0,0,0,0
166,606,167.03874250404576,99996,2,1,2,0,306,183,0.0048901956078243125,3,1,49791,49870,201,127,0,0,0,0,0,0,99513,0,0,1,0,0,0,0,0,0,0,482,0,0,0,0,0,0
167,606,168.23188745853997,99996,4,1,2,0,308,183,0.004910196407856314,1,1,49792,49872,200,125,0,0,0,0,0,0,99513,0,0,1,0,0,0,0,0,0,0,482,0,0,0,0,0,0
168,606,169.090908569651,99996,4,2,2,0,308,184,0.004920196807872315,2,1,49793,49871,198,125,0,0,0,0,0,0,99513,0,0,1,0,0,0,0,0,0,0,482,0,0,0,0,0,0
169,606,170.11151061451494,99996,4,2,2,0,308,184,0.004920196807872315,3,1,49793,49871,197,125,0,0,0,0,0,0,99513,0,0,1,0,0,0,0,0,0,0,482,0,0,0,0,0,0
170,606,171.02202913625175,99996,4,1,2,0,309,184,0.004930197207888316,2,1,49794,49872,197,125,0,0,0,0,0,0,99511,0,0,1,0,0,0,0,0,0,0,484,0,0,0,0,0,0
171,606,172.20915224801888,99996,4,1,2,0,309,184,0.004930197207888316,4,1,49794,49872,195,125,0,0,0,0,0,0,99511,0,0,1,0,0,0,0,0,0,0,484,0,0,0,0,0,0
172,606,173.2587957118413,99996,5,0,2,0,310,184,0.004940197607904316,5,1,49793,49872,194,126,0,0,0,0,0,0,99510,0,0,1,0,0,0,0,0,0,0,485,0,0,0,0,0,0
173,606,174.22451193176917,99996,6,1,2,0,311,185,0.004960198407936317,4,0,49794,49872,193,126,0,0,0,0,0,0,99510,0,0,1,0,0,0,0,0,0,0,485,0,0,0,0,0,0
174,606,175.21019683122609,99996,5,1,2,0,311,185,0.004960198407936317,4,1,49795,49871,193,126,0,0,0,0,0,0,99509,0,0,1,0,0,0,0,0,0,0,486,0,0,0,0,0,0
175,606,176.01058216309445,99996,5,2,2,0,311,186,0.004970198807952318,5,0,49794,49871,193,126,0,0,0,0,0,0,99509,0,0,1,0,0,0,0,0,0,0,486,0,0,0,0,0,0
176,606,177.1171308060465,99996,4,0,2,0,311,186,0.004970198807952318,5,0,49797,49872,191,127,0,0,0,0,0,0,99506,0,0,1,0,0,0,0,0,0,0,489,0,0,0,0,0,0
177,606,178.15772650634406,99996,5,0,2,0,313,186,0.004990199607984319,5,0,49796,49874,191,125,0,0,0,0,0,0,99505,0,0,1,0,0,0,0,0,0,0,490,0,0,0,0,0,0
178,606,179.07025649604577,99996,5,0,2,0,314,186,0.00500020000800032,4,0,49796,49874,192,125,0,0,0,0,0,0,99504,0,0,1,0,0,0,0,0,0,0,491,0,0,0,0,0,0
179,606,180.0891302019079,99996,5,0,2,0,315,186,0.005010200408016321,4,0,49796,49874,192,125,0,0,0,0,0,0,99503,0,0,1,0,0,0,0,0,0,0,492,0,0,0,0,0,0
180,606,181.1096516043498,99996,5,0,2,0,315,186,0.005010200408016321,4,0,49796,49875,192,124,0,0,0,0,0,0,99503,0,0,1,0,0,0,0,0,0,0,492,0,0,0,0,0,0
181,606,182.03013660273012,99996,6,0,2,0,317,186,0.005030201208048322,2,0,49796,49875,193,124,0,0,0,0,0,0,99502,0,0,1,0,0,0,0,0,0,0,493,0,0,0,0,0,0
182,606,183.16306272366293,99996,4,0,2,0,317,186,0.005030201208048322,2,0,49797,49876,194,123,0,0,0,0,0,0,99500,0,0,1,0,0,0,0,0,0,0,495,0,0,0,0,0,0
183,606,184.22278777586956,99996,5,0,2,0,318,186,0.005040201608064322,2,1,49796,49875,194,123,0,0,0,0,0,0,99500,0,0,1,0,0,0,0,0,0,0,495,0,0,0,0,0,0
184,606,185.24331773925118,99996,6,0,2,0,319,186,0.005050202008080323,1,1,49798,49875,192,123,0,0,0,0,0,0,99500,0,0,1,0,0,0,0,0,0,0,495,0,0,0,0,0,0
185,606,186.29719481001922,99996,5,0,2,0,319,186,0.005050202008080323,3,1,49797,49876,192,122,0,0,0,0,0,0,99499,0,0,1,0,0,0,0,0,0,0,496,0,0,0,0,0,0
186,606,187.08651388639927,99996,6,1,2,0,321,187,0.0050802032081283255,1,1,49798,49875,192,122,0,0,0,0,0,0,99498,0,0,1,0,0,0,0,0,0,0,497,0,0,0,0,0,0
187,606,188.12477827535722,99996,5,1,2,0,321,187,0.0050802032081283255,1,2,49798,49875,193,121,0,0,0,0,0,0,99497,0,0,1,0,0,0,0,0,0,0,498,0,0,0,0,0,0
188,606,189.15711462168684,99996,4,1,2,0,321,187,0.0050802032081283255,1,3,49799,49874,193,121,0,0,0,0,0,0,99496,0,0,1,0,0,0,0,0,0,0,499,0,0,0,0,0,0
189,606,190.02401989172094,99996,4,3,2,0,321,189,0.005100204008160326,1,1,49800,49874,192,121,0,0,0,0,0,0,99496,0,0,1,0,0,0,0,0,0,0,499,0,0,0,0,0,0
190,606,191.00048387548384,99996,3,3,2,0,322,190,0.005120204808192328,0,0,49801,49874,193,122,0,0,0,0,0,0,99493,0,0,1,0,0,0,0,0,0,0,502,0,0,0,0,0,0
191,606,192.2410383168348,99996,2,3,2,0,322,191,0.005130205208208329,0,0,49803,49873,192,123,0,0,0,0,0,0,99491,0,0,1,0,0,0,0,0,0,0,504,0,0,0,0,0,0
192,606,193.0264386396913,99996,1,1,2,0,322,191,0.005130205208208329,0,0,49803,49873,193,125,0,0,0,0,0,0,99488,0,0,1,0,0,0,0,0,0,0,507,0,0,0,0,0,0
193,606,194.01037367978918,99996,1,1,2,0,322,191,0.005130205208208329,0,0,49804,49874,192,124,0,0,0,0,0,0,99488,0,0,1,0,0,0,0,0,0,0,507,0,0,0,0,0,0
194,606,195.03080960762446,99996,1,1,2,0,322,191,0.005130205208208329,1,0,49803,49874,192,124,0,0,0,0,0,0,99488,0,0,1,0,0,0,0,0,0,0,507,0,0,0,0,0,0
195,606,196.0512526226258,99996,1,1,2,0,322,191,0.005130205208208329,1,0,49805,49874,190,124,0,0,0,0,0,0,99488,0,0,1,0,0,0,0,0,0,0,507,0,0,0,0,0,0
196,606,197.0716649700011,99996,1,1,2,0,322,191,0.005130205208208329,1,0,49806,49874,189,124,0,0,0,0,0,0,99488,0,0,1,0,0,0,0,0,0,0,507,0,0,0,0,0,0
197,606,198.30415334606687,99996,2,1,2,0,323,191,0.005140205608224329,0,0,49806,49874,189,124,0,0,0,0,0,0,99488,0,0,1,0,0,0,0,0,0,0,507,0,0,0,0,0,0
198,606,199.3245369701959,99996,2,1,2,0,323,191,0.005140205608224329,1,0,49805,49875,189,123,0,0,0,0,0,0,99488,0,0,1,0,0,0,0,0,0,0,507,0,0,0,0,0,0
199,606,200.00479980579652,99996,2,1,2,0,323,191,0.005140205608224329,2,0,49805,49875,188,123,0,0,0,0,0,0,99488,0,0,1,0,0,0,0,0,0,0,507,0,0,0,0,0,0
200,606,201.1451534592124,99996,3,1,2,0,324,191,0.0051502060082403295,1,0,49808,49875,185,123,0,0,0,0,0,0,99488,0,0,1,0,0,0,0,0,0,0,507,0,0,0,0,0,0
201,606,202.0392367201256,99996,4,0,2,0,325,191,0.00516020640825633,1,0,49807,49876,185,123,0,0,0,0,0,0,99487,0,0,1,0,0,0,0,0,0,0,508,0,0,0,0,0,0
202,606,203.2068407948515,99996,2,0,2,0,325,191,0.00516020640825633,2,1,49807,49876,186,122,0,0,0,0,0,0,99485,0,0,1,0,0,0,0,0,0,0,510,0,0,0,0,0,0
203,606,204.2271853988097,99996,3,0,2,0,326,191,0.005170206808272331,1,1,49808,49876,185,122,0,0,0,0,0,0,99485,0,0,1,0,0,0,0,0,0,0,510,0,0,0,0,0,0
204,606,205.22495951107132,99996,3,0,2,0,326,191,0.005170206808272331,2,1,49809,49877,183,121,0,0,0,0,0,0,99485,0,0,1,0,0,0,0,0,0,0,510,0,0,0,0,0,0
205,606,206.24524494796896,99996,3,0,2,0,326,191,0.005170206808272331,2,1,49810,49877,182,121,0,0,0,0,0,0,99485,0,0,1,0,0,0,0,0,0,0,510,0,0,0,0,0,0
206,606,207.15729093327815,99996,3,1,2,0,328,192,0.005200208008320333,0,0,49811,49877,183,121,0,0,0,0,0,0,99483,0,0,1,0,0,0,0,0,0,0,512,0,0,0,0,0,0
207,606,208.09991674526202,99996,2,1,2,0,328,192,0.005200208008320333,1,0,49810,49878,184,120,0,0,0,0,0,0,99482,0,0,1,0,0,0,0,0,0,0,513,0,0,0,0,0,0
208,606,209.1202082129945,99996,2,1,2,0,328,192,0.005200208008320333,1,0,49810,49880,184,118,0,0,0,0,0,0,99482,0,0,1,0,0,0,0,0,0,0,513,0,0,0,0,0,0
209,606,210.14049962472478,99996,2,1,2,0,328,192,0.005200208008320333,1,1,49811,49879,183,118,0,0,0,0,0,0,99482,0,0,1,0,0,0,0,0,0,0,513,0,0,0,0,0,0
210,606,211.165578341623,99996,4,2,2,0,330,193,0.005230209208368335,0,0,49813,49879,180,118,0,0,0,0,0,0,99482,0,0,1,0,0,0,0,0,0,0,513,0,0,0,0,0,0
211,606,212.0948691901777,99996,3,2,2,0,330,193,0.005230209208368335,1,0,49814,49879,179,118,0,0,0,0,0,0,99481,0,0,1,0,0,0,0,0,0,0,514,0,0,0,0,0,0
212,606,213.25914612148566,99996,4,1,2,0,331,193,0.005240209608384335,0,0,49814,49879,179,119,0,0,0,0,0,0,99480,0,0,1,0,0,0,0,0,0,0,515,0,0,0,0,0,0
213,606,214.27934287372602,99996,4,1,2,0,331,193,0.005240209608384335,0,0,49814,49879,179,119,0,0,0,0,0,0,99480,0,0,1,0,0,0,0,0,0,0,515,0,0,0,0,0,0
214,606,215.2995396259664,99996,3,1,2,0,331,193,0.005240209608384335,0,0,49814,49880,180,118,0,0,0,0,0,0,99479,0,0,1,0,0,0,0,0,0,0,516,0,0,0,0,0,0
215,606,216.2312220741661,99996,2,1,2,0,331,193,0.005240209608384335,0,2,49814,49878,181,118,0,0,0,0,0,0,99478,0,0,1,0,0,0,0,0,0,0,517,0,0,0,0,0,0
216,606,217.22698299752977,99996,1,1,2,0,331,193,0.005240209608384335,0,2,49814,49878,182,118,0,0,0,0,0,0,99477,0,0,1,0,0,0,0,0,0,0,518,0,0,0,0,0,0
217,606,218.31786189324728,99996,0,0,2,0,331,193,0.005240209608384335,0,2,49816,49878,181,119,0,0,0,0,0,0,99475,0,0,1,0,0,0,0,0,0,0,520,0,0,0,0,0,0
218,606,219.33805959066507,99996,0,0,2,0,331,193,0.005240209608384335,0,2,49817,49878,180,119,0,0,0,0,0,0,99475,0,0,1,0,0,0,0,0,0,0,520,0,0,0,0,0,0
219,606,220.0181777083419,99996,0,0,2,0,331,193,0.005240209608384335,0,2,49818,49878,179,119,0,0,0,0,0,0,99475,0,0,1,0,0,0,0,0,0,0,520,0,0,0,0,0,0
220,606,221.03833436477848,99996,0,0,2,0,331,193,0.005240209608384335,0,2,49818,49878,179,119,0,0,0,0,0,0,99475,0,0,1,0,0,0,0,0,0,0,520,0,0,0,0,0,0
221,606,222.05849102121505,99996,0,0,2,0,331,193,0.005240209608384335,0,2,49818,49878,179,119,0,0,0,0,0,0,99475,0,0,1,0,0,0,0,0,0,0,520,0,0,0,0,0,0
222,606,223.0786408379,99996,0,0,2,0,331,193,0.005240209608384335,0,2,49819,49878,178,119,0,0,0,0,0,0,99475,0,0,1,0,0,0,0,0,0,0,520,0,0,0,0,0,0
223,606,224.315145097521,99996,0,0,2,0,331,194,0.005250210008400336,0,1,49819,49878,178,120,0,0,0,0,0,0,99474,0,0,1,0,0,0,0,0,0,0,521,0,0,0,0,0,0
224,606,225.33528554662104,99996,0,0,2,0,331,194,0.005250210008400336,0,1,49819,49879,178,119,0,0,0,0,0,0,99474,0,0,1,0,0,0,0,0,0,0,521,0,0,0,0,0,0
225,606,226.0153791513584,99996,0,0,2,0,331,194,0.005250210008400336,0,1,49819,49879,178,119,0,0,0,0,0,0,99474,0,0,1,0,0,0,0,0,0,0,521,0,0,0,0,0,0
226,606,227.03551955846442,99996,0,0,2,0,331,194,0.005250210008400336,0,1,49820,49881,177,117,0,0,0,0,0,0,99474,0,0,1,0,0,0,0,0,0,0,521,0,0,0,0,0,0
227,606,228.0556393770648,99996,0,0,2,0,331,194,0.005250210008400336,0,1,49821,49881,176,117,0,0,0,0,0,0,99474,0,0,1,0,0,0,0,0,0,0,521,0,0,0,0,0,0
228,606,229.07574550320643,99996,0,0,2,0,331,194,0.005250210008400336,0,1,49822,49881,175,117,0,0,0,0,0,0,99474,0,0,1,0,0,0,0,0,0,0,521,0,0,0,0,0,0
229,606,230.09583111220564,99996,0,0,2,0,331,194,0.005250210008400336,0,1,49823,49881,174,117,0,0,0,0,0,0,99474,0,0,1,0,0,0,0,0,0,0,521,0,0,0,0,0,0
230,606,231.1158962048861,99996,0,1,2,0,331,195,0.005260210408416337,0,0,49823,49881,174,117,0,0,0,0,0,0,99474,0,0,1,0,0,0,0,0,0,0,521,0,0,0,0,0,0
231,606,232.25917098922682,99996,0,1,2,0,331,195,0.005260210408416337,0,0,49824,49882,173,116,0,0,0,0,0,0,99474,0,0,1,0,0,0,0,0,0,0,521,0,0,0,0,0,0
232,606,233.27920591317564,99996,0,1,2,0,331,195,0.005260210408416337,0,1,49824,49882,173,115,0,0,0,0,0,0,99474,0,0,1,0,0,0,0,0,0,0,521,0,0,0,0,0,0
233,606,234.29923796280067,99996,0,1,2,0,331,195,0.005260210408416337,0,1,49824,49882,173,115,0,0,0,0,0,0,99474,0,0,1,0,0,0,0,0,0,0,521,0,0,0,0,0,0
234,606,235.31926999842906,99996,0,1,2,0,331,195,0.005260210408416337,0,1,49825,49882,172,115,0,0,0,0,0,0,99474,0,0,1,0,0,0,0,0,0,0,521,0,0,0,0,0,0
235,606,236.33928834387262,99996,0,0,2,0,331,195,0.005260210408416337,0,1,49825,49883,172,115,0,0,0,0,0,0,99473,0,0,1,0,0,0,0,0,0,0,522,0,0,0,0,0,0
236,606,237.09145419212044,99996,0,0,2,0,331,195,0.005260210408416337,0,1,49827,49883,170,115,0,0,0,0,0,0,99473,0,0,1,0,0,0,0,0,0,0,522,0,0,0,0,0,0
237,606,238.1114371437855,99996,0,0,2,0,331,195,0.005260210408416337,0,1,49827,49884,170,114,0,0,0,0,0,0,99473,0,0,1,0,0,0,0,0,0,0,522,0,0,0,0,0,0
238,606,239.1314132158804,99996,0,0,2,0,331,195,0.005260210408416337,0,1,49827,49884,170,114,0,0,0,0,0,0,99473,0,0,1,0,0,0,0,0,0,0,522,0,0,0,0,0,0
239,606,240.1513824506671,99996,0,0,2,0,331,195,0.005260210408416337,0,1,49830,49885,167,113,0,0,0,0,0,0,99473,0,0,1,0,0,0,0,0,0,0,522,0,0,0,0,0,0
240,606,241.022834922436,99996,0,1,2,0,331,196,0.0052702108084323376,0,0,49830,49886,167,112,0,0,0,0,0,0,99473,0,0,1,0,0,0,0,0,0,0,522,0,0,0,0,0,0
241,606,242.0427480137507,99996,0,1,2,0,331,196,0.0052702108084323376,0,0,49831,49888,166,110,0,0,0,0,0,0,99473,0,0,1,0,0,0,0,0,0,0,522,0,0,0,0,0,0
242,606,243.0626337034606,99996,0,1,2,0,331,196,0.0052702108084323376,0,0,49833,49888,164,110,0,0,0,0,0,0,99473,0,0,1,0,0,0,0,0,0,0,522,0,0,0,0,0,0
243,606,244.08248519899692,99996,0,1,2,0,331,196,0.0052702108084323376,0,0,49833,49888,164,110,0,0,0,0,0,0,99473,0,0,1,0,0,0,0,0,0,0,522,0,0,0,0,0,0
244,606,245.10233669453325,99996,0,1,2,0,331,196,0.0052702108084323376,0,0,49833,49888,164,110,0,0,0,0,0,0,99473,0,0,1,0,0,0,0,0,0,0,522,0,0,0,0,0,0
245,606,246.12218819006958,99996,0,1,2,0,331,196,0.0052702108084323376,0,0,49834,49889,163,109,0,0,0,0,0,0,99473,0,0,1,0,0,0,0,0,0,0,522,0,0,0,0,0,0
246,606,247.1420259863149,99996,0,1,2,0,331,196,0.0052702108084323376,0,0,49835,49889,162,109,0,0,0,0,0,0,99473,0,0,1,0,0,0,0,0,0,0,522,0,0,0,0,0,0
247,606,248.16182959168077,99996,0,1,2,0,331,196,0.0052702108084323376,0,0,49836,49889,161,109,0,0,0,0,0,0,99473,0,0,1,0,0,0,0,0,0,0,522,0,0,0,0,0,0
248,606,249.28065416596496,99996,0,0,2,0,331,196,0.0052702108084323376,0,0,49836,49889,161,110,0,0,0,0,0,0,99472,0,0,1,0,0,0,0,0,0,0,523,0,0,0,0,0,0
249,606,250.3004497609221,99996,0,0,2,0,331,196,0.0052702108084323376,0,0,49837,49889,160,110,0,0,0,0,0,0,99472,0,0,1,0,0,0,0,0,0,0,523,0,0,0,0,0,0
250,606,251.32023168614666,99996,0,0,2,0,331,196,0.0052702108084323376,0,0,49837,49889,160,110,0,0,0,0,0,0,99472,0,0,1,0,0,0,0,0,0,0,523,0,0,0,0,0,0
251,606,252.0000817463855,99996,0,0,2,0,331,196,0.0052702108084323376,0,0,49837,49889,160,110,0,0,0,0,0,0,99472,0,0,1,0,0,0,0,0,0,0,523,0,0,0,0,0,0
252,606,253.01985683674374,99996,0,0,2,0,331,196,0.0052702108084323376,0,0,49838,49890,159,109,0,0,0,0,0,0,99472,0,0,1,0,0,0,0,0,0,0,523,0,0,0,0,0,0
253,606,254.03960456102297,99996,0,0,2,0,331,196,0.0052702108084323376,0,0,49839,49890,158,109,0,0,0,0,0,0,99472,0,0,1,0,0,0,0,0,0,0,523,0,0,0,0,0,0
254,606,255.05933858868215,99996,0,0,2,0,331,196,0.0052702108084323376,0,0,49840,49891,157,108,0,0,0,0,0,0,99472,0,0,1,0,0,0,0,0,0,0,523,0,0,0,0,0,0
255,606,256.0790520862276,99996,0,0,2,0,331,196,0.0052702108084323376,0,0,49840,49891,157,108,0,0,0,0,0,0,99472,0,0,1,0,0,0,0,0,0,0,523,0,0,0,0,0,0
256,606,257.09875873601254,99996,0,0,2,0,331,196,0.0052702108084323376,0,0,49841,49892,156,107,0,0,0,0,0,0,99472,0,0,1,0,0,0,0,0,0,0,523,0,0,0,0,0,0
257,606,258.11845169027634,99996,0,0,2,0,331,196,0.0052702108084323376,0,0,49841,49893,156,106,0,0,0,0,0,0,99472,0,0,1,0,0,0,0,0,0,0,523,0,0,0,0,0,0
258,606,259.1381377690707,99996,0,0,2,0,331,196,0.0052702108084323376,0,0,49842,49893,155,106,0,0,0,0,0,0,99472,0,0,1,0,0,0,0,0,0,0,523,0,0,0,0,0,0
259,606,260.1578101808771,99996,0,0,2,0,331,196,0.0052702108084323376,0,0,49842,49893,155,106,0,0,0,0,0,0,99472,0,0,1,0,0,0,0,0,0,0,523,0,0,0,0,0,0
260,606,261.1774757594638,99996,0,0,2,0,331,196,0.0052702108084323376,0,0,49843,49893,154,106,0,0,0,0,0,0,99472,0,0,1,0,0,0,0,0,0,0,523,0,0,0,0,0,0
261,606,262.197127671611,99996,0,0,2,0,331,196,0.0052702108084323376,0,0,49843,49893,154,106,0,0,0,0,0,0,99472,0,0,1,0,0,0,0,0,0,0,523,0,0,0,0,0,0
262,606,263.2167727368216,99996,0,0,2,0,331,196,0.0052702108084323376,0,0,49844,49894,153,105,0,0,0,0,0,0,99472,0,0,1,0,0,0,0,0,0,0,523,0,0,0,0,0,0
263,606,264.2364041081591,99996,0,0,2,0,331,196,0.0052702108084323376,0,0,49844,49894,153,105,0,0,0,0,0,0,99472,0,0,1,0,0,0,0,0,0,0,523,0,0,0,0,0,0
264,606,265.2560354794966,99996,0,0,2,0,331,196,0.0052702108084323376,0,0,49845,49894,152,105,0,0,0,0,0,0,99472,0,0,1,0,0,0,0,0,0,0,523,0,0,0,0,0,0
265,606,266.27565318549176,99996,0,0,2,0,331,196,0.0052702108084323376,0,0,49845,49894,152,105,0,0,0,0,0,0,99472,0,0,1,0,0,0,0,0,0,0,523,0,0,0,0,0,0
266,606,267.2952640588158,99996,0,0,2,0,331,196,0.0052702108084323376,0,0,49846,49894,151,105,0,0,0,0,0,0,99472,0,0,1,0,0,0,0,0,0,0,523,0,0,0,0,0,0
267,606,268.31485443494904,99996,0,0,2,0,331,196,0.0052702108084323376,0,0,49846,49894,151,105,0,0,0,0,0,0,99472,0,0,1,0,0,0,0,0,0,0,523,0,0,0,0,0,0
268,606,269.3344448110823,99996,0,0,2,0,331,196,0.0052702108084323376,0,0,49846,49894,151,105,0,0,0,0,0,0,99472,0,0,1,0,0,0,0,0,0,0,523,0,0,0,0,0,0
269,606,270.01417172850444,99996,0,0,2,0,331,196,0.0052702108084323376,0,0,49846,49894,151,105,0,0,0,0,0,0,99472,0,0,1,0,0,0,0,0,0,0,523,0,0,0,0,0,0
270,606,271.0337552585247,99996,0,0,2,0,331,196,0.0052702108084323376,0,0,49847,49895,150,104,0,0,0,0,0,0,99472,0,0,1,0,0,0,0,0,0,0,523,0,0,0,0,0,0
271,606,272.05332508232885,99996,0,0,2,0,331,196,0.0052702108084323376,0,0,49847,49896,150,103,0,0,0,0,0,0,99472,0,0,1,0,0,0,0,0,0,0,523,0,0,0,0,0,0
272,606,273.07288804630446,99996,0,0,2,0,331,196,0.0052702108084323376,0,0,49848,49897,149,102,0,0,0,0,0,0,99472,0,0,1,0,0,0,0,0,0,0,523,0,0,0,0,0,0
273,606,274.0924304730404,99996,0,0,2,0,331,196,0.0052702108084323376,0,0,49849,49897,148,102,0,0,0,0,0,0,99472,0,0,1,0,0,0,0,0,0,0,523,0,0,0,0,0,0
274,606,275.1119592086496,99996,0,0,2,0,331,196,0.0052702108084323376,0,0,49849,49899,148,100,0,0,0,0,0,0,99472,0,0,1,0,0,0,0,0,0,0,523,0,0,0,0,0,0
275,606,276.1314810570013,99996,0,0,2,0,331,196,0.0052702108084323376,0,0,49851,49899,146,100,0,0,0,0,0,0,99472,0,0,1,0,0,0,0,0,0,0,523,0,0,0,0,0,0
276,606,277.1509755807046,99996,0,0,2,0,331,196,0.0052702108084323376,0,0,49851,49899,146,100,0,0,0,0,0,0,99472,0,0,1,0,0,0,0,0,0,0,523,0,0,0,0,0,0
277,606,278.17045644263186,99996,0,0,2,0,331,196,0.0052702108084323376,0,0,49852,49899,145,100,0,0,0,0,0,0,99472,0,0,1,0,0,0,0,0,0,0,523,0,0,0,0,0,0
278,606,279.18992364305717,99996,0,0,2,0,331,196,0.0052702108084323376,0,0,49852,49901,145,98,0,0,0,0,0,0,99472,0,0,1,0,0,0,0,0,0,0,523,0,0,0,0,0,0
279,606,280.2093839430622,99996,0,0,2,0,331,196,0.0052702108084323376,0,0,49853,49901,144,98,0,0,0,0,0,0,99472,0,0,1,0,0,0,0,0,0,0,523,0,0,0,0,0,0
280,606,281.22883056812566,99996,0,0,2,0,331,196,0.0052702108084323376,0,0,49853,49901,144,98,0,0,0,0,0,0,99472,0,0,1,0,0,0,0,0,0,0,523,0,0,0,0,0,0
281,606,282.2482771931891,99996,0,0,2,0,331,196,0.0052702108084323376,0,0,49853,49901,144,98,0,0,0,0,0,0,99472,0,0,1,0,0,0,0,0,0,0,523,0,0,0,0,0,0
282,606,283.2677101581218,99996,0,0,2,0,331,196,0.0052702108084323376,0,0,49855,49902,142,97,0,0,0,0,0,0,99472,0,0,1,0,0,0,0,0,0,0,523,0,0,0,0,0,0
283,606,284.28711577481727,99996,0,0,2,0,331,196,0.0052702108084323376,0,0,49855,49902,142,97,0,0,0,0,0,0,99472,0,0,1,0,0,0,0,0,0,0,523,0,0,0,0,0,0
284,606,285.3065213775248,99996,0,0,2,0,331,196,0.0052702108084323376,0,0,49855,49903,142,96,0,0,0,0,0,0,99472,0,0,1,0,0,0,0,0,0,0,523,0,0,0,0,0,0
285,606,286.3259269382686,99996,0,0,2,0,331,196,0.0052702108084323376,0,0,49855,49903,142,96,0,0,0,0,0,0,99472,0,0,1,0,0,0,0,0,0,0,523,0,0,0,0,0,0
286,606,287.0055306454311,99996,0,0,2,0,331,196,0.0052702108084323376,0,0,49855,49903,142,96,0,0,0,0,0,0,99472,0,0,1,0,0,0,0,0,0,0,523,0,0,0,0,0,0
287,606,288.02492936253344,99996,0,0,2,0,331,196,0.0052702108084323376,0,0,49856,49904,141,95,0,0,0,0,0,0,99472,0,0,1,0,0,0,0,0,0,0,523,0,0,0,0,0,0
288,606,289.0443143783652,99996,0,0,2,0,331,196,0.0052702108084323376,0,0,49857,49905,140,94,0,0,0,0,0,0,99472,0,0,1,0,0,0,0,0,0,0,523,0,0,0,0,0,0
289,606,290.0636788783577,99996,0,0,2,0,331,196,0.0052702108084323376,0,0,49858,49905,139,94,0,0,0,0,0,0,99472,0,0,1,0,0,0,0,0,0,0,523,0,0,0,0,0,0
290,606,291.0830228907602,99996,0,0,2,0,331,196,0.0052702108084323376,0,0,49860,49905,137,94,0,0,0,0,0,0,99472,0,0,1,0,0,0,0,0,0,0,523,0,0,0,0,0,0
291,606,292.1023395883849,99996,0,0,2,0,331,196,0.0052702108084323376,0,0,49860,49905,137,94,0,0,0,0,0,0,99472,0,0,1,0,0,0,0,0,0,0,523,0,0,0,0,0,0
292,606,293.12164262862063,99996,0,0,2,0,331,196,0.0052702108084323376,0,0,49861,49905,136,94,0,0,0,0,0,0,99472,0,0,1,0,0,0,0,0,0,0,523,0,0,0,0,0,0
293,606,294.1409251842795,99996,0,0,2,0,331,196,0.0052702108084323376,0,0,49862,49906,135,93,0,0,0,0,0,0,99472,0,0,1,0,0,0,0,0,0,0,523,0,0,0,0,0,0
294,606,295.16018721367766,99996,0,0,2,0,331,196,0.0052702108084323376,0,0,49862,49907,135,92,0,0,0,0,0,0,99472,0,0,1,0,0,0,0,0,0,0,523,0,0,0,0,0,0
295,606,296.17944920111785,99996,0,0,2,0,331,196,0.0052702108084323376,0,0,49862,49908,135,91,0,0,0,0,0,0,99472,0,0,1,0,0,0,0,0,0,0,523,0,0,0,0,0,0
296,606,297.19871113261416,99996,0,0,2,0,331,196,0.0052702108084323376,0,0,49863,49909,134,90,0,0,0,0,0,0,99472,0,0,1,0,0,0,0,0,0,0,523,0,0,0,0,0,0
297,606,298.21795255293455,99996,0,0,2,0,331,196,0.0052702108084323376,0,0,49863,49909,134,90,0,0,0,0,0,0,99472,0,0,1,0,0,0,0,0,0,0,523,0,0,0,0,0,0
298,606,299.23718714579405,99996,0,0,2,0,331,196,0.0052702108084323376,0,0,49864,49909,133,90,0,0,0,0,0,0,99472,0,0,1,0,0,0,0,0,0,0,523,0,0,0,0,0,0
299,606,300.2564080837318,99996,0,0,2,0,331,196,0.0052702108084323376,0,0,49864,49909,133,90,0,0,0,0,0,0,99472,0,0,1,0,0,0,0,0,0,0,523,0,0,0,0,0,0
300,606,301.27562902166954,99996,0,0,2,0,331,196,0.0052702108084323376,0,0,49864,49909,133,90,0,0,0,0,0,0,99472,0,0,1,0,0,0,0,0,0,0,523,0,0,0,0,0,0
301,606,302.2948499596073,99996,0,0,2,0,331,196,0.0052702108084323376,0,0,49864,49909,133,90,0,0,0,0,0,0,99472,0,0,1,0,0,0,0,0,0,0,523,0,0,0,0,0,0
302,606,303.31407089754504,99996,0,0,2,0,331,196,0.0052702108084323376,0,0,49865,49909,132,90,0,0,0,0,0,0,99472,0,0,1,0,0,0,0,0,0,0,523,0,0,0,0,0,0
303,606,304.33327818110877,99996,0,0,2,0,331,196,0.0052702108084323376,0,0,49865,49909,132,90,0,0,0,0,0,0,99472,0,0,1,0,0,0,0,0,0,0,523,0,0,0,0,0,0
304,606,305.0127451520266,99996,0,0,2,0,331,196,0.0052702108084323376,0,0,49865,49909,132,90,0,0,0,0,0,0,99472,0,0,1,0,0,0,0,0,0,0,523,0,0,0,0,0,0
305,606,306.0319456084033,99996,0,0,2,0,331,196,0.0052702108084323376,0,0,49865,49909,132,90,0,0,0,0,0,0,99472,0,0,1,0,0,0,0,0,0,0,523,0,0,0,0,0,0
306,606,307.05114606478,99996,0,0,2,0,331,196,0.0052702108084323376,0,0,49865,49909,132,90,0,0,0,0,0,0,99472,0,0,1,0,0,0,0,0,0,0,523,0,0,0,0,0,0
307,606,308.07034652115675,99996,0,0,2,0,331,196,0.0052702108084323376,0,0,49865,49910,132,89,0,0,0,0,0,0,99472,0,0,1,0,0,0,0,0,0,0,523,0,0,0,0,0,0
308,606,309.0895469355781,99996,0,0,2,0,331,196,0.0052702108084323376,0,0,49867,49910,130,89,0,0,0,0,0,0,99472,0,0,1,0,0,0,0,0,0,0,523,0,0,0,0,0,0
309,606,310.1087063893434,99996,0,0,2,0,331,196,0.0052702108084323376,0,0,49867,49910,130,89,0,0,0,0,0,0,99472,0,0,1,0,0,0,0,0,0,0,523,0,0,0,0,0,0
310,606,311.12786584310874,99996,0,0,2,0,331,196,0.0052702108084323376,0,0,49867,49910,130,89,0,0,0,0,0,0,99472,0,0,1,0,0,0,0,0,0,0,523,0,0,0,0,0,0
311,606,312.14702529687406,99996,0,0,2,0,331,196,0.0052702108084323376,0,0,49868,49910,129,89,0,0,0,0,0,0,99472,0,0,1,0,0,0,0,0,0,0,523,0,0,0,0,0,0
312,606,313.1661710979087,99996,0,0,2,0,331,196,0.0052702108084323376,0,0,49868,49910,129,89,0,0,0,0,0,0,99472,0,0,1,0,0,0,0,0,0,0,523,0,0,0,0,0,0
313,606,314.18531007257803,99996,0,0,2,0,331,196,0.0052702108084323376,0,0,49868,49910,129,89,0,0,0,0,0,0,99472,0,0,1,0,0,0,0,0,0,0,523,0,0,0,0,0,0
314,606,315.20444904724735,99996,0,0,2,0,331,196,0.0052702108084323376,0,0,49868,49910,129,89,0,0,0,0,0,0,99472,0,0,1,0,0,0,0,0,0,0,523,0,0,0,0,0,0
315,606,316.22358802191667,99996,0,0,2,0,331,196,0.0052702108084323376,0,0,49868,49911,129,88,0,0,0,0,0,0,99472,0,0,1,0,0,0,0,0,0,0,523,0,0,0,0,0,0
316,606,317.24272696861755,99996,0,0,2,0,331,196,0.0052702108084323376,0,0,49868,49911,129,88,0,0,0,0,0,0,99472,0,0,1,0,0,0,0,0,0,0,523,0,0,0,0,0,0
317,606,318.2618659013342,99996,0,0,2,0,331,196,0.0052702108084323376,0,0,49868,49911,129,88,0,0,0,0,0,0,99472,0,0,1,0,0,0,0,0,0,0,523,0,0,0,0,0,0
318,606,319.28100483405086,99996,0,0,2,0,331,196,0.0052702108084323376,0,0,49868,49911,129,88,0,0,0,0,0,0,99472,0,0,1,0,0,0,0,0,0,0,523,0,0,0,0,0,0
319,606,320.3001437667675,99996,0,0,2,0,331,196,0.0052702108084323376,0,0,49867,49911,129,87,1,1,1,1,0,0,99470,0,0,1,0,0,0,0,0,0,2,523,0,0,0,0,0,0
320,606,321.3192826997579,99996,0,0,2,0,331,196,0.0052702108084323376,0,0,49868,49910,127,87,2,2,2,2,0,0,99468,0,0,1,0,0,0,0,0,0,4,523,0,0,0,0,0,0
321,606,322.0577657501409,99996,0,0,2,0,331,196,0.0052702108084323376,0,0,49867,49909,127,87,3,3,3,3,0,0,99466,0,0,1,0,0,0,0,0,0,6,523,0,0,0,0,0,0
322,606,323.33519019167255,99996,0,0,2,0,331,196,0.0052702108084323376,0,0,49868,49908,125,87,4,4,4,4,0,0,99464,0,0,1,0,0,0,0,0,0,8,523,0,0,0,0,0,0
323,606,324.0160485091506,99996,0,0,2,0,331,196,0.0052702108084323376,0,0,49867,49907,125,87,5,5,5,5,0,0,99462,0,0,1,0,0,0,0,0,0,10,523,0,0,0,0,0,0
324,606,325.1087843707597,99996,0,0,2,0,331,196,0.0052702108084323376,0,0,49866,49906,125,87,6,6,6,6,0,0,99460,0,0,1,0,0,0,0,0,0,12,523,0,0,0,0,0,0
325,606,326.16032390738167,99996,0,0,2,0,331,196,0.0052702108084323376,0,0,49866,49904,124,87,7,8,8,7,0,0,99457,0,0,1,0,0,0,0,0,0,15,523,0,0,0,0,0,0
326,606,327.28539552299446,99996,0,0,2,0,331,196,0.0052702108084323376,0,0,49866,49903,123,86,8,10,10,8,0,0,99454,0,0,1,0,0,0,0,0,0,18,523,0,0,0,0,0,0
327,606,328.08894185707595,99996,0,0,2,0,331,196,0.0052702108084323376,0,0,49865,49903,123,85,9,11,12,9,0,0,99451,0,0,1,0,0,0,0,0,0,21,523,0,0,0,0,0,0
328,606,329.0505509527906,99996,0,0,2,0,331,196,0.0052702108084323376,0,0,49865,49901,122,84,10,14,15,10,0,0,99447,0,0,1,0,0,0,0,0,0,25,523,0,0,0,0,0,0
329,606,330.04241359671005,99996,0,0,2,0,331,196,0.0052702108084323376,0,0,49865,49899,121,83,11,17,18,11,0,0,99443,0,0,1,0,0,0,0,0,0,29,523,0,0,0,0,0,0
330,606,331.1465058911882,99996,0,0,2,0,331,196,0.0052702108084323376,0,0,49864,49897,121,82,12,20,22,12,0,0,99438,0,0,1,0,0,0,0,0,0,34,523,0,0,0,0,0,0
331,606,332.0563151809114,99996,0,0,2,0,331,196,0.0052702108084323376,0,0,49863,49892,121,82,13,25,27,13,0,0,99432,0,0,1,0,0,0,0,0,0,40,523,0,0,0,0,0,0
332,606,333.15259032778727,99996,0,0,2,0,331,196,0.0052702108084323376,0,0,49862,49887,121,82,14,30,32,14,0,0,99426,0,0,1,0,0,0,0,0,0,46,523,0,0,0,0,0,0
333,606,334.0707740208566,99996,0,0,2,0,331,196,0.0052702108084323376,0,0,49861,49881,121,82,15,36,38,15,0,0,99419,0,0,1,0,0,0,0,0,0,53,523,0,0,0,0,0,0
334,606,335.1180951533936,99996,0,0,2,0,331,196,0.0052702108084323376,0,0,49861,49874,120,82,16,43,45,16,0,0,99411,0,0,1,0,0,0,0,0,0,61,523,0,0,0,0,0,0
335,606,336.11734190615283,99996,0,0,2,0,331,196,0.0052702108084323376,0,0,49860,49866,120,82,17,51,53,17,0,0,99402,0,0,1,0,0,0,0,0,0,70,523,0,0,0,0,0,0
336,606,337.04870181158645,99996,0,0,2,0,331,196,0.0052702108084323376,0,0,49859,49859,120,82,18,58,62,18,0,0,99392,0,0,1,0,0,0,0,0,0,80,523,0,0,0,0,0,0
337,606,338.01096533790087,99996,0,0,2,0,331,196,0.0052702108084323376,0,0,49858,49851,120,81,19,67,72,19,0,0,99381,0,0,1,0,0,0,0,0,0,91,523,0,0,0,0,0,0
338,606,339.0128091119888,99996,0,0,2,0,331,196,0.0052702108084323376,0,0,49857,49841,120,81,20,77,83,20,0,0,99369,0,0,1,0,0,0,0,0,0,103,523,0,0,0,0,0,0
339,606,340.18552501219915,99996,0,0,2,0,331,196,0.0052702108084323376,0,0,49856,49829,120,81,21,89,95,21,0,0,99356,0,0,1,0,0,0,0,0,0,116,523,0,0,0,0,0,0
340,606,341.20808838518144,99996,0,0,2,0,331,196,0.0052702108084323376,0,0,49855,49816,120,81,22,102,108,22,0,0,99342,0,0,1,0,0,0,0,0,0,130,523,0,0,0,0,0,0
341,606,342.22749058525477,99996,0,0,2,0,331,196,0.0052702108084323376,0,0,49853,49802,120,81,24,116,122,24,0,0,99326,0,0,1,0,0,0,0,0,0,146,523,0,0,0,0,0,0
342,606,343.24692750888005,99996,0,0,2,0,331,196,0.0052702108084323376,0,0,49851,49787,120,81,26,131,137,26,0,0,99309,0,0,1,0,0,0,0,0,0,163,523,0,0,0,0,0,0
343,606,344.2664060167695,99996,0,0,2,0,331,196,0.0052702108084323376,0,0,49849,49771,120,80,28,148,154,28,0,0,99290,0,0,1,0,0,0,0,0,0,182,523,0,0,0,0,0,0
344,606,345.2859261542288,99996,0,0,2,0,331,196,0.0052702108084323376,0,0,49849,49754,118,80,30,165,172,30,0,0,99270,0,0,1,0,0,0,0,0,0,202,523,0,0,0,0,0,0
345,606,346.3054606675443,99996,0,0,2,0,331,196,0.0052702108084323376,0,0,49847,49735,118,79,32,185,192,32,0,0,99248,0,0,1,0,0,0,0,0,0,224,523,0,0,0,0,0,0
346,606,347.3250232913027,99996,0,0,2,0,331,196,0.0052702108084323376,0,0,49845,49715,118,78,34,206,213,34,0,0,99225,0,0,1,0,0,0,0,0,0,247,523,0,0,0,0,0,0
347,606,348.00475493777526,99996,0,0,2,0,331,196,0.0052702108084323376,0,0,49843,49693,117,77,37,229,236,37,0,0,99199,0,0,1,0,0,0,0,0,0,273,523,0,0,0,0,0,0
348,606,349.0244012571791,99996,0,0,2,0,331,196,0.0052702108084323376,0,0,49840,49671,117,75,40,253,260,40,0,0,99172,0,0,1,0,0,0,0,0,0,300,523,0,0,0,0,0,0
349,606,350.044082666393,99996,0,0,2,0,331,196,0.0052702108084323376,0,0,49840,49647,115,74,42,278,286,43,0,0,99144,0,0,1,0,0,0,0,0,0,328,522,1,0,0,0,0,0
350,606,351.0637855557064,99996,0,0,2,0,331,196,0.0052702108084323376,0,0,49837,49619,115,74,45,306,314,46,0,0,99113,0,0,1,0,0,0,0,0,0,359,522,1,0,0,0,0,0
351,606,352.0835510714187,99996,0,0,2,0,331,196,0.0052702108084323376,0,0,49833,49592,115,73,49,334,343,50,0,0,99080,0,0,1,0,0,0,0,0,0,392,522,1,0,0,0,0,0
352,606,353.1033928926143,99996,0,0,2,0,331,196,0.0052702108084323376,0,0,49829,49563,115,72,53,364,374,54,0,0,99045,0,0,1,0,0,0,0,0,0,427,522,1,0,0,0,0,0
353,606,354.12331795044815,99996,0,0,2,0,331,196,0.0052702108084323376,0,0,49825,49533,115,71,57,395,407,58,0,0,99008,0,0,1,0,0,0,0,0,0,464,522,1,0,0,0,0,0
354,606,355.143326286276,99996,0,0,2,0,331,196,0.0052702108084323376,0,0,49821,49499,114,71,62,429,442,63,0,0,98968,0,0,1,0,0,0,0,0,0,504,522,1,0,0,0,0,0
355,606,356.16341124344945,99996,0,0,2,0,331,196,0.0052702108084323376,0,0,49817,49464,113,71,67,464,479,68,0,0,98926,0,0,1,0,0,0,0,0,0,546,522,1,0,0,0,0,0
356,606,357.183586567334,99996,0,0,2,0,331,196,0.0052702108084323376,0,0,49814,49426,112,71,71,502,518,73,0,0,98882,0,0,1,0,0,0,0,0,0,590,522,1,0,0,0,0,0
357,606,358.2038181675014,99996,0,0,2,0,331,196,0.0052702108084323376,0,0,49809,49388,112,71,76,540,559,79,0,0,98835,0,0,1,0,0,0,0,0,0,637,522,1,0,0,0,0,0
358,606,359.22414713074915,99996,0,0,2,0,331,196,0.0052702108084323376,0,0,49804,49349,111,69,82,581,602,85,0,0,98787,0,0,1,0,0,0,0,0,0,685,521,2,0,0,0,0,0
359,606,360.24458037254544,99996,0,0,2,0,331,196,0.0052702108084323376,0,0,49798,49305,111,68,88,626,647,91,0,0,98736,0,0,1,0,0,0,0,0,0,736,521,2,0,0,0,0,0
360,606,361.26513857459673,99996,0,0,2,0,331,196,0.0052702108084323376,0,0,49791,49260,111,68,95,671,695,98,0,0,98681,0,0,1,0,0,0,0,0,0,791,521,2,0,0,0,0,0
361,606,362.28582868444374,99996,0,0,2,0,331,196,0.0052702108084323376,0,0,49785,49212,110,68,102,719,745,105,0,0,98624,0,0,1,0,0,0,0,0,0,848,521,2,0,0,0,0,0
362,606,363.3066508896299,99996,0,0,2,0,331,196,0.0052702108084323376,0,0,49778,49166,110,67,109,766,797,113,0,0,98564,0,0,1,0,0,0,0,0,0,908,521,2,0,0,0,0,0
363,606,364.3276188819972,99996,0,0,2,0,331,196,0.0052702108084323376,0,0,49770,49112,110,67,117,820,852,121,0,0,98501,0,0,1,0,0,0,0,0,0,971,521,2,0,0,0,0,0
364,606,365.00835221460204,99996,0,0,2,0,331,196,0.0052702108084323376,0,0,49761,49056,110,67,126,876,909,130,0,0,98436,0,0,1,0,0,0,0,0,0,1036,520,3,0,0,0,0,0
365,606,366.0296605208335,99996,0,0,2,0,331,196,0.0052702108084323376,0,0,49752,48998,110,67,135,934,968,139,0,0,98368,0,0,1,0,0,0,0,0,0,1104,520,3,0,0,0,0,0
366,606,367.05115635698644,99996,0,0,2,0,331,196,0.0052702108084323376,0,0,49743,48939,110,66,144,994,1030,149,0,0,98297,0,0,1,0,0,0,0,0,0,1175,519,4,0,0,0,0,0
367,606,368.0728398189526,99996,0,0,2,0,331,196,0.0052702108084323376,0,0,49732,48877,110,66,155,1056,1094,160,0,0,98222,0,0,1,0,0,0,0,0,0,1250,519,4,0,0,0,0,0
368,606,369.0947385693664,99996,0,0,2,0,331,196,0.0052702108084323376,0,0,49721,48812,110,66,166,1121,1161,171,0,0,98145,0,0,1,0,0,0,0,0,0,1327,518,5,0,0,0,0,0
369,606,370.11686655192165,99996,0,0,2,0,331,196,0.0052702108084323376,0,0,49709,48744,110,66,178,1189,1231,183,0,0,98063,0,0,1,0,0,0,0,0,0,1409,518,5,0,0,0,0,0
370,606,371.1392377065718,99996,0,0,2,0,331,196,0.0052702108084323376,0,0,49698,48677,109,66,190,1256,1303,195,0,0,97979,0,0,1,0,0,0,0,0,0,1493,518,5,0,0,0,0,0
371,606,372.16183840067976,99996,0,0,2,0,331,196,0.0052702108084323376,0,0,49686,48603,109,66,202,1330,1378,208,0,0,97891,0,0,1,0,0,0,0,0,0,1581,518,5,0,0,0,0,0
372,606,373.18466898875505,99996,0,0,2,0,331,196,0.0052702108084323376,0,0,49674,48531,108,66,215,1402,1456,222,0,0,97799,0,0,1,0,0,0,0,0,0,1673,518,5,0,0,0,0,0
373,606,374.2077501550555,99996,0,0,2,0,331,196,0.0052702108084323376,0,0,49662,48456,106,66,229,1477,1536,236,0,0,97705,0,0,1,0,0,0,0,0,0,1767,518,5,0,0,0,0,0
374,606,375.23109590656856,99996,0,0,2,0,331,196,0.0052702108084323376,0,0,49648,48380,105,65,244,1554,1619,251,0,0,97607,0,0,1,0,0,0,0,0,0,1865,518,5,0,0,0,0,0
375,606,376.2547201844871,99996,0,0,2,0,331,196,0.0052702108084323376,0,0,49633,48302,105,65,259,1632,1705,267,0,0,97505,0,0,1,0,0,0,0,0,0,1967,518,5,0,0,0,0,0
376,606,377.27865769487215,99996,0,0,2,0,331,196,0.0052702108084323376,0,0,49616,48218,105,65,276,1716,1794,284,0,0,97399,0,0,1,0,0,0,0,0,0,2073,518,5,0,0,0,0,0
377,606,378.3029294834442,99996,0,0,2,0,331,196,0.0052702108084323376,0,0,49599,48133,105,65,293,1801,1885,302,0,0,97291,0,0,1,0,0,0,0,0,0,2181,517,6,0,0,0,0,0
378,606,379.32755660417604,99996,0,0,2,0,331,196,0.0052702108084323376,0,0,49581,48045,105,64,311,1890,1979,320,0,0,97181,0,0,1,0,0,0,0,0,0,2291,515,8,0,0,0,0,0
379,606,380.0108504298715,99996,0,0,2,0,331,196,0.0052702108084323376,0,0,49564,47953,105,63,328,1983,2076,339,0,0,97066,0,0,1,0,0,0,0,0,0,2406,514,9,0,0,0,0,0
380,606,381.0362100244506,99996,0,0,2,0,331,196,0.0052702108084323376,0,0,49545,47860,105,63,347,2076,2176,359,0,0,96948,0,0,1,0,0,0,0,0,0,2524,512,11,0,0,0,0,0
381,606,382.061953656129,99996,0,0,2,0,331,196,0.0052702108084323376,0,0,49524,47759,105,63,368,2177,2279,380,0,0,96824,0,0,1,0,0,0,0,0,0,2648,512,11,0,0,0,0,0
382,606,383.088130362929,99996,0,0,2,0,331,196,0.0052702108084323376,0,0,49503,47657,105,63,389,2279,2385,402,0,0,96696,0,0,1,0,0,0,0,0,0,2776,512,11,0,0,0,0,0
383,606,384.1147474425299,99996,0,0,2,0,331,196,0.0052702108084323376,0,0,49480,47555,105,63,412,2381,2494,425,0,0,96565,0,0,1,0,0,0,0,0,0,2907,511,12,0,0,0,0,0
384,606,385.1418330755114,99996,0,0,2,0,331,196,0.0052702108084323376,0,0,49459,47451,105,63,433,2485,2606,449,0,0,96431,0,0,1,0,0,0,0,0,0,3041,509,14,0,0,0,0,0
385,606,386.1693599657174,99996,0,0,2,0,331,196,0.0052702108084323376,0,0,49436,47344,105,62,456,2593,2721,474,0,0,96292,0,0,1,0,0,0,0,0,0,3180,508,15,0,0,0,0,0
386,606,387.19734949657425,99996,0,0,2,0,331,196,0.0052702108084323376,0,0,49412,47232,103,62,482,2705,2839,500,0,0,96149,0,0,1,0,0,0,0,0,0,3323,507,16,0,0,0,0,0
387,606,388.2258508868776,99996,0,0,2,0,331,196,0.0052702108084323376,0,0,49386,47120,103,62,508,2817,2960,527,0,0,96002,0,0,1,0,0,0,0,0,0,3470,506,17,0,0,0,0,0
388,606,389.2548855158128,99996,0,0,2,0,331,196,0.0052702108084323376,0,0,49359,47009,102,61,536,2929,3084,555,0,0,95852,0,0,1,0,0,0,0,0,0,3620,504,19,0,0,0,0,0
389,606,390.2844748634819,99996,0,0,2,0,331,196,0.0052702108084323376,0,0,49334,46892,101,60,562,3047,3211,584,0,0,95698,0,0,1,0,0,0,0,0,0,3774,502,21,0,0,0,0,0
390,606,391.3145918100257,99996,0,0,2,0,331,196,0.0052702108084323376,0,0,49308,46774,100,59,589,3166,3341,614,0,0,95541,0,0,1,0,0,0,0,0,0,3931,499,24,0,0,0,0,0
391,606,392.00163451953176,99996,0,0,2,0,331,196,0.0052702108084323376,0,0,49278,46648,100,59,619,3292,3474,645,0,0,95377,0,0,1,0,0,0,0,0,0,4095,499,24,0,0,0,0,0
392,606,393.0329275812396,99996,0,0,2,0,331,196,0.0052702108084323376,0,0,49248,46524,100,59,649,3416,3610,678,0,0,95209,0,0,1,0,0,0,0,0,0,4263,498,25,0,0,0,0,0
393,606,394.0648272981952,99996,0,0,2,0,331,196,0.0052702108084323376,0,0,49218,46397,99,59,680,3543,3749,712,0,0,95036,0,0,1,0,0,0,0,0,0,4436,498,25,0,0,0,0,0
394,606,395.0973484359966,99996,0,0,2,0,331,196,0.0052702108084323376,0,0,49187,46261,99,59,711,3679,3891,747,0,0,94860,0,0,1,0,0,0,0,0,0,4612,497,26,0,0,0,0,0
395,606,396.13054125294553,99996,0,0,2,0,331,196,0.0052702108084323376,0,0,49156,46123,98,58,743,3818,4036,783,0,0,94680,0,0,1,0,0,0,0,0,0,4792,496,27,0,0,0,0,0
396,606,397.16439966343637,99996,0,0,2,0,331,196,0.0052702108084323376,0,0,49122,45985,97,58,778,3956,4184,821,0,0,94494,0,0,1,0,0,0,0,0,0,4978,496,27,0,0,0,0,0
397,606,398.19895970551966,99996,0,0,2,0,331,196,0.0052702108084323376,0,0,49085,45844,97,57,815,4098,4335,860,0,0,94304,0,0,1,0,0,0,0,0,0,5168,496,27,0,0,0,0,0
398,606,399.23428578315895,99996,0,0,2,0,331,196,0.0052702108084323376,0,0,49048,45704,97,57,852,4238,4489,900,0,0,94111,0,0,1,0,0,0,0,0,0,5361,495,28,0,0,0,0,0
399,606,400.2704073137077,99996,0,0,2,0,331,196,0.0052702108084323376,0,0,49008,45555,97,57,892,4387,4645,942,0,0,93914,0,0,1,0,0,0,0,0,0,5558,494,29,0,0,0,0,0
400,606,401.3073540399605,99996,0,0,2,0,331,196,0.0052702108084323376,0,0,48966,45410,97,57,934,4532,4804,985,0,0,93713,0,0,1,0,0,0,0,0,0,5759,493,30,0,0,0,0,0
401,606,402.3451766094039,99996,0,0,2,0,331,196,0.0052702108084323376,0,0,48925,45261,97,57,975,4681,4966,1030,0,0,93506,0,0,1,0,0,0,0,0,0,5966,493,30,0,0,0,0,0
402,606,403.03754346187986,99996,0,0,2,0,331,196,0.0052702108084323376,0,0,48884,45107,96,57,1017,4835,5131,1076,0,0,93295,0,0,1,0,0,0,0,0,0,6177,493,30,0,0,0,0,0
403,606,404.07712998692637,99996,0,0,2,0,331,196,0.0052702108084323376,0,0,48842,44953,96,57,1059,4989,5299,1123,0,0,93080,0,0,1,0,0,0,0,0,0,6392,493,30,0,0,0,0,0
404,606,405.11759003814234,99996,0,0,2,0,331,196,0.0052702108084323376,0,0,48798,44795,95,56,1104,5148,5470,1172,0,0,92861,0,0,1,0,0,0,0,0,0,6611,492,31,0,0,0,0,0
405,606,406.15898234867933,99996,0,0,2,0,331,196,0.0052702108084323376,0,0,48754,44636,95,56,1148,5307,5644,1222,0,0,92639,0,0,1,0,0,0,0,0,0,6833,490,33,0,0,0,0,0
406,606,407.20132280631765,99996,0,0,2,0,331,196,0.0052702108084323376,0,0,48706,44486,95,56,1196,5457,5820,1274,0,0,92413,0,0,1,0,0,0,0,0,0,7059,488,35,0,0,0,0,0
407,606,408.2446701478105,99996,0,0,2,0,331,196,0.0052702108084323376,0,0,48654,44321,94,56,1249,5622,5999,1328,0,0,92180,0,0,1,0,0,0,0,0,0,7292,488,35,0,0,0,0,0
408,606,409.2891414208011,99996,0,0,2,0,331,196,0.0052702108084323376,0,0,48602,44167,94,56,1301,5776,6181,1383,0,0,91943,0,0,1,0,0,0,0,0,0,7529,488,35,0,0,0,0,0
409,606,410.3347387096658,99996,0,0,2,0,331,196,0.0052702108084323376,0,0,48549,44005,93,55,1355,5939,6365,1440,0,0,91703,0,0,1,0,0,0,0,0,0,7769,487,36,0,0,0,0,0
410,606,411.0324185236418,99996,0,0,2,0,331,196,0.0052702108084323376,0,0,48498,43834,91,52,1408,6113,6552,1498,0,0,91462,0,0,1,0,0,0,0,0,0,8010,483,40,0,0,0,0,0
411,606,412.08026141960465,99996,0,0,2,0,331,196,0.0052702108084323376,0,0,48443,43670,89,50,1465,6279,6741,1558,0,0,91214,0,0,1,0,0,0,0,0,0,8258,482,41,0,0,0,0,0
412,606,413.1292668291517,99996,0,0,2,0,331,196,0.0052702108084323376,0,0,48386,43502,88,48,1523,6449,6933,1620,0,0,90960,0,0,1,0,0,0,0,0,0,8512,482,41,0,0,0,0,0
413,606,414.1795027774011,99996,0,0,2,0,331,196,0.0052702108084323376,0,0,48327,43330,88,48,1582,6621,7127,1683,0,0,90706,0,0,1,0,0,0,0,0,0,8766,479,44,0,0,0,0,0
414,606,415.23103021946247,99996,0,0,2,0,331,196,0.0052702108084323376,0,0,48267,43159,88,48,1642,6792,7324,1748,0,0,90444,0,0,1,0,0,0,0,0,0,9028,479,44,0,0,0,0,0
415,606,416.2838524854436,99996,0,0,2,0,331,196,0.0052702108084323376,0,0,48208,42980,88,48,1701,6971,7523,1815,0,0,90179,0,0,1,0,0,0,0,0,0,9293,478,45,0,0,0,0,0
416,606,417.33797291699193,99996,0,0,2,0,331,196,0.0052702108084323376,0,0,48140,42803,88,47,1769,7149,7725,1884,0,0,89909,0,0,1,0,0,0,0,0,0,9563,477,46,0,0,0,0,0
417,606,418.04153542864253,99996,0,0,2,0,331,196,0.0052702108084323376,0,0,48074,42619,88,45,1835,7335,7929,1954,0,0,89638,0,0,1,0,0,0,0,0,0,9834,474,49,0,0,0,0,0
418,606,419.09857768316226,99996,0,0,2,0,331,196,0.0052702108084323376,0,0,48005,42431,88,44,1904,7524,8135,2026,0,0,89361,0,0,1,0,0,0,0,0,0,10111,473,50,0,0,0,0,0
419,606,420.15711273335,99996,3,2,2,0,334,198,0.005320212808512341,22,23,47916,42221,88,42,1968,7711,8343,2100,0,0,89080,0,0,1,0,0,0,0,0,0,10392,472,51,0,0,0,0,0
420,606,421.0173626137245,99996,4,8,2,0,335,204,0.005390215608624345,21,18,47843,42020,88,41,2041,7912,8554,2176,0,0,88794,0,0,1,0,0,0,0,0,0,10678,471,52,0,0,0,0,0
421,606,422.0529857376241,99996,8,13,2,0,339,210,0.005490219608784351,21,12,47772,41847,87,42,2109,8085,8767,2254,0,0,88502,1,0,1,0,0,0,0,0,0,10969,471,52,0,0,0,0,0
422,606,423.05567601104497,99996,9,16,2,0,342,213,0.005550222008880355,19,11,47697,41648,89,42,2183,8282,8982,2333,0,0,88207,3,0,1,0,0,0,0,0,0,11262,470,53,0,0,0,0,0
423,606,424.0333676963516,99996,12,15,2,0,347,214,0.005610224408976359,17,13,47621,41455,91,43,2256,8473,9199,2414,0,0,87906,7,0,1,0,0,0,0,0,0,11559,469,54,0,0,0,0,0
424,606,425.0887152595451,99996,10,13,2,0,348,215,0.00563022520900836,17,13,47548,41262,92,46,2330,8665,9418,2497,0,0,87599,13,0,1,0,0,0,0,0,0,11860,468,55,0,0,0,0,0
425,606,426.0554558805195,99996,10,13,2,0,350,216,0.0056602264090563625,16,12,47471,41075,93,46,2407,8853,9639,2582,0,0,87291,16,0,1,0,0,0,0,0,0,12165,467,56,0,0,0,0,0
426,606,427.0311625090185,99996,15,12,2,0,356,219,0.005750230009200368,13,9,47388,40884,93,50,2488,9044,9861,2669,0,0,86978,20,1,1,0,0,0,0,0,0,12473,467,56,0,0,0,0,0
427,606,428.17156171717653,99996,16,12,2,0,359,221,0.005800232009280371,13,7,47304,40698,95,51,2569,9231,10085,2758,0,0,86662,24,1,1,0,0,0,0,0,0,12785,466,57,0,0,0,0,0
428,606,429.18261345866085,99996,17,13,2,0,361,224,0.005850234009360375,13,5,47214,40494,96,53,2657,9434,10311,2849,0,0,86343,27,1,1,0,0,0,0,0,0,13101,465,58,0,0,0,0,0
429,606,430.07844698776523,99996,17,14,2,0,364,225,0.005890235609424377,12,5,47127,40296,98,53,2743,9631,10539,2942,0,0,86022,30,1,1,0,0,0,0,0,0,13419,462,61,0,0,0,0,0
430,606,431.02089874452207,99996,18,15,2,0,366,227,0.005930237209488379,17,6,47033,40100,99,54,2830,9824,10768,3037,0,0,85697,32,1,1,0,0,0,0,0,0,13742,461,62,0,0,0,0,0
431,606,432.18052488023983,99996,19,12,2,0,371,228,0.0059902396095843835,18,8,46944,39898,101,58,2915,10023,10999,3133,0,0,85365,38,3,1,0,0,0,0,0,0,14066,460,63,0,0,0,0,0
432,606,433.180275909137,99996,17,11,2,0,375,229,0.006040241609664387,18,10,46853,39696,107,60,3002,10222,11231,3231,0,0,85030,46,3,1,0,0,0,0,0,0,14393,457,66,0,0,0,0,0
433,606,434.0016015996924,99996,16,12,2,0,376,231,0.006070242809712388,18,8,46763,39492,108,60,3092,10427,11465,3331,0,0,84694,49,3,1,0,0,0,0,0,0,14726,456,67,0,0,0,0,0
434,606,435.2186896211791,99996,20,11,2,0,381,233,0.006140245609824393,19,7,46673,39295,109,62,3176,10624,11700,3433,0,0,84354,52,4,1,0,0,0,0,0,0,15062,456,67,0,0,0,0,0
435,606,436.1698920033895,99996,24,9,2,0,386,234,0.006200248009920397,18,8,46575,39087,110,64,3270,10831,11936,3537,0,0,84012,56,4,1,0,0,0,0,0,0,15400,454,69,0,0,0,0,0
436,606,437.13211344063296,99996,28,9,2,0,392,235,0.006270250810032401,16,7,46475,38880,111,64,3367,11039,12173,3643,0,0,83670,57,6,1,0,0,0,0,0,0,15739,452,71,0,0,0,0,0
437,606,438.02139031328386,99996,31,9,2,0,400,238,0.0063802552102084084,12,10,46373,38686,116,67,3465,11227,12411,3751,0,0,83317,65,6,1,0,0,0,0,0,0,16084,451,72,0,0,0,0,0
438,606,439.0318163295207,99996,29,9,2,0,400,239,0.006390255610224409,19,9,46272,38488,118,66,3559,11427,12651,3861,0,0,82967,66,8,1,0,0,0,0,0,0,16431,450,73,0,0,0,0,0
439,606,440.22018812214816,99996,30,12,2,0,408,242,0.006500260010400416,13,9,46172,38289,125,66,3657,11623,12892,3973,0,0,82610,72,9,1,0,0,0,0,0,0,16781,448,75,0,0,0,0,0
440,606,441.130224536275,99996,27,15,2,0,409,247,0.00656026241049642,15,5,46062,38066,129,66,3764,11847,13134,4087,0,0,82250,77,10,1,0,0,0,0,0,0,17135,447,76,0,0,0,0,0
441,606,442.0956389391983,99996,30,15,2,0,416,248,0.006640265610624425,14,9,45953,37861,133,67,3867,12047,13376,4203,0,0,81891,82,10,1,0,0,0,0,0,0,17489,443,80,0,0,0,0,0
442,606,443.10504892333245,99996,31,13,2,0,421,250,0.006710268410736429,19,7,45841,37663,136,71,3970,12245,13619,4321,0,0,81522,90,10,1,0,0,0,0,0,0,17850,443,80,0,0,0,0,0
443,606,444.1794138108662,99996,31,14,2,0,426,252,0.006780271210848434,22,8,45731,37477,141,72,4072,12428,13863,4441,0,0,81154,96,10,1,0,0,0,0,0,0,18212,441,82,0,0,0,0,0
444,606,445.02654962153355,99996,34,11,2,0,429,253,0.006820272810912437,21,8,45618,37260,139,74,4185,12646,14108,4563,0,0,80788,97,13,1,0,0,0,0,0,0,18574,439,84,0,0,0,0,0
445,606,446.06843887547706,99996,37,13,2,0,435,255,0.0069002760110404415,19,9,45502,37056,142,74,4297,12847,14353,4687,0,0,80419,100,13,1,0,0,0,0,0,0,18940,436,87,0,0,0,0,0
446,606,447.0176518807927,99996,38,14,2,0,443,257,0.007000280011200448,19,9,45382,36845,147,75,4411,13056,14599,4813,0,0,80044,107,14,1,0,0,0,0,0,0,19307,432,91,0,0,0,0,0
447,606,448.33044957426205,99996,41,19,2,0,452,263,0.007150286011440458,24,10,45263,36650,150,76,4519,13244,14846,4941,0,0,79667,112,16,1,0,0,0,0,0,0,19677,429,94,0,0,0,0,0
448,606,449.36916667183084,99996,38,22,2,0,458,267,0.007250290011600464,22,11,45147,36444,158,77,4632,13445,15093,5070,0,0,79285,121,17,1,0,0,0,0,0,0,20049,426,97,0,0,0,0,0
449,606,450.06882661234624,99996,41,24,2,0,462,270,0.007320292811712469,21,10,45023,36221,158,78,4754,13666,15341,5201,0,0,78906,121,19,1,0,0,0,0,0,0,20426,426,97,0,0,0,0,0
450,606,451.31435160593344,99996,42,27,2,0,468,277,0.007450298011920477,28,11,44902,36029,161,82,4864,13850,15589,5334,0,0,78519,128,21,1,0,0,0,0,0,0,20804,425,98,0,0,0,0,0
451,606,452.1249667170973,99996,48,26,2,0,478,280,0.007580303212128485,24,13,44772,35823,165,86,4988,14051,15837,5469,0,0,78132,134,23,1,0,0,0,0,0,0,21183,423,100,0,0,0,0,0
452,606,453.04046364372033,99996,49,26,2,0,485,282,0.007670306812272491,27,14,44645,35612,169,88,5107,14259,16085,5606,0,0,77742,141,24,1,0,0,0,0,0,0,21565,421,102,0,0,0,0,0
453,606,454.36025696502713,99996,52,25,2,0,492,286,0.007780311212448498,37,14,44518,35409,173,93,5217,14458,16334,5745,0,0,77347,148,26,1,0,0,0,0,0,0,21951,421,102,0,0,0,0,0
454,606,455.0876698449759,99996,53,28,2,0,497,291,0.007880315212608504,41,13,44393,35182,177,95,5333,14681,16583,5885,0,0,76955,152,28,1,0,0,0,0,0,0,22337,420,103,0,0,0,0,0
455,606,456.215552208749,99996,56,28,2,0,510,295,0.008050322012880515,41,14,44263,34996,187,99,5450,14862,16832,6027,0,0,76557,161,33,1,0,0,0,0,0,0,22721,418,105,0,0,0,0,0
456,606,457.03393561770287,99996,64,31,2,0,522,299,0.008210328413136526,36,13,44126,34773,191,99,5580,15083,17081,6171,0,0,76160,166,33,1,0,0,0,0,0,0,23113,417,106,0,0,0,0,0
457,606,458.2389402087879,99996,65,31,2,0,533,304,0.008370334813392536,37,17,43986,34578,201,102,5708,15271,17330,6317,0,0,75752,181,33,1,0,0,0,0,0,0,23506,415,108,0,0,0,0,0
458,606,459.0663945781768,99996,69,27,2,0,545,308,0.008530341213648545,36,19,43847,34369,208,109,5837,15475,17579,6465,0,0,75345,193,37,1,0,0,0,0,0,0,23897,413,110,0,0,0,0,0
459,606,460.03857355493864,99996,71,30,2,0,555,312,0.008670346813872555,44,23,43705,34187,215,109,5962,15650,17828,6614,0,0,74944,199,39,2,0,0,0,0,0,0,24290,409,113,0,0,0,0,0
460,606,461.3447366045784,99996,76,30,2,0,573,317,0.00890035601424057,41,27,43562,33989,226,114,6092,15839,18076,6765,0,0,74531,215,41,2,0,0,0,0,0,0,24685,407,115,0,0,0,0,0
461,606,462.2179080905319,99996,78,36,2,0,583,326,0.009090363614544582,51,30,43419,33777,232,117,6217,16039,18324,6918,0,0,74123,223,44,2,0,0,0,0,0,0,25082,406,116,0,0,0,0,0
462,606,463.09383838694225,99996,83,35,2,0,590,328,0.009180367214688588,62,34,43267,33567,233,119,6352,16244,18572,7072,0,0,73719,227,45,2,0,0,0,0,0,0,25481,404,118,0,0,0,0,0
463,606,464.4127415962729,99996,87,40,2,0,608,340,0.009480379215168607,63,29,43131,33386,244,125,6472,16419,18819,7228,0,0,73305,242,51,2,0,0,0,0,0,0,25874,400,122,0,0,0,0,0
464,606,465.2943160558925,99996,98,40,2,0,629,346,0.009750390015600624,52,30,42985,33185,252,130,6610,16614,19066,7385,0,0,72891,253,56,2,0,0,0,0,0,0,26272,399,123,0,0,0,0,0
465,606,466.17885601521783,99996,96,40,2,0,640,356,0.009960398415936638,55,25,42829,32992,264,139,6753,16803,19313,7544,0,0,72470,271,61,2,0,0,0,0,0,0,26670,396,126,0,0,0,0,0
466,606,467.0665090345479,99996,95,46,2,0,653,364,0.01017040681627265,62,23,42664,32793,276,141,6900,16996,19559,7704,0,0,72056,280,67,3,0,0,0,0,0,0,27069,394,127,0,0,0,0,0
467,606,468.4037504763972,99996,103,48,2,0,672,372,0.010440417616704669,77,22,42516,32611,284,147,7017,17171,19805,7866,0,0,71640,292,72,3,0,0,0,0,0,0,27468,390,131,0,0,0,0,0
468,606,469.2977166793161,99996,109,48,2,0,691,379,0.010700428017120685,77,20,42355,32428,296,150,7160,17353,20050,8029,0,0,71218,309,75,3,0,0,0,0,0,0,27870,387,134,0,0,0,0,0
469,606,470.09368219857,99996,117,40,2,0,710,381,0.010910436417456698,81,23,42195,32231,306,160,7298,17545,20294,8194,0,0,70792,326,79,3,0,0,0,0,0,0,28275,387,134,0,0,0,0,0
470,606,471.4452918747842,99996,129,45,2,0,744,392,0.011360454418176727,65,30,42048,32067,327,161,7428,17696,20538,8360,0,0,70362,347,85,4,0,0,0,0,0,0,28678,385,135,0,0,0,0,0
471,606,472.3489996495644,99996,133,45,2,0,763,397,0.011600464018560743,64,38,41892,31877,339,161,7569,17878,20781,8528,0,0,69941,359,93,4,0,0,0,0,0,0,29079,383,137,0,0,0,0,0
472,606,473.25600530159926,99996,127,42,2,0,777,405,0.011820472818912757,70,39,41727,31681,357,171,7716,18066,21023,8697,0,0,69506,384,99,4,0,0,0,0,0,0,29483,382,138,0,0,0,0,0
473,606,474.1665440287538,99996,123,44,2,0,791,412,0.01203048121924877,75,46,41571,31482,373,172,7855,18255,21264,8867,0,0,69082,400,106,4,0,0,0,0,0,0,29884,379,141,0,0,0,0,0
474,606,475.08057275190424,99996,125,48,2,0,811,421,0.012320492819712788,74,43,41410,31306,388,175,8000,18427,21505,9038,0,0,68655,417,112,4,0,0,0,0,0,0,30288,377,143,0,0,0,0,0
475,606,476.4577762579103,99996,127,47,2,0,841,431,0.012720508820352814,66,51,41245,31139,415,181,8144,18581,21745,9211,0,0,68217,445,123,4,0,0,0,0,0,0,30687,374,146,0,0,0,0,0
476,606,477.3789588314141,99996,126,52,2,0,858,441,0.012990519620784832,71,45,41083,30956,429,186,8288,18760,21984,9385,0,0,67788,464,127,3,1,0,0,0,0,0,31093,372,148,0,0,0,0,0
477,606,478.303796648611,99996,113,51,2,0,869,454,0.013230529221168847,78,38,40910,30783,449,197,8447,18930,22222,9560,0,0,67350,492,137,3,1,0,0,0,0,0,31493,369,151,0,0,0,0,0
478,606,479.2325795346205,99996,118,53,2,0,893,462,0.013550542021680868,73,36,40753,30607,462,200,8591,19103,22459,9736,0,0,66919,511,143,3,1,0,0,0,0,0,31899,368,152,0,0,0,0,0
479,606,480.16499261512655,99996,127,60,2,0,913,474,0.013870554822192887,67,29,40589,30426,470,203,8744,19281,22695,9913,0,0,66504,518,152,3,1,0,0,0,0,0,32298,363,157,0,0,0,0,0
480,606,481.101092067456,99996,119,61,2,0,925,484,0.014090563622544901,75,32,40423,30248,489,210,8891,19448,22930,10091,0,0,66073,539,160,3,1,0,0,0,0,0,32700,360,160,0,0,0,0,0
481,606,482.04105784652705,99996,122,61,2,0,942,492,0.014340573622944918,76,36,40257,30073,501,217,9041,19612,23164,10270,0,0,65647,552,167,4,1,0,0,0,0,0,33105,359,161,0,0,0,0,0
482,606,483.4575755349282,99996,128,65,2,0,971,511,0.014820592823712949,84,32,40091,29930,518,231,9176,19741,23397,10450,0,0,65213,573,184,4,1,0,0,0,0,0,33501,359,161,0,0,0,0,0
483,606,484.4050378330945,99996,141,63,2,0,999,516,0.015150606024240969,84,34,39918,29766,529,234,9325,19902,23629,10631,0,0,64788,585,194,4,1,0,0,0,0,0,33904,359,161,0,0,0,0,0
484,606,485.35657450722255,99996,149,62,2,0,1023,519,0.015420616824672988,76,40,39750,29589,543,238,9479,20070,23859,10813,0,0,64362,602,196,5,1,0,0,0,0,0,34311,355,164,0,0,0,0,0
485,606,486.31203876568827,99996,150,65,2,0,1040,528,0.015680627225089002,83,39,39580,29409,557,243,9627,20243,24088,10996,0,0,63936,618,202,5,1,0,0,0,0,0,34715,353,166,0,0,0,0,0
486,606,487.27156084648414,99996,144,67,2,0,1064,540,0.016040641625665028,83,36,39415,29236,582,252,9773,20408,24316,11179,0,0,63496,649,211,5,1,0,0,0,0,0,35115,351,168,0,0,0,0,0
487,606,488.23509559371047,99996,144,70,2,0,1083,549,0.016320652826113044,96,38,39232,29073,597,257,9928,20561,24543,11363,0,0,63068,666,219,5,1,0,0,0,0,0,35518,351,168,0,0,0,0,0
488,606,489.20286742521733,99996,129,72,2,0,1097,558,0.016550662026481058,101,43,39078,28918,616,260,10073,20706,24769,11548,0,0,62641,683,238,5,1,0,0,0,0,0,35909,350,169,0,0,0,0,0
489,606,490.1748143107966,99996,135,74,2,0,1115,567,0.016820672826913078,109,42,38902,28767,625,264,10226,20852,24993,11734,0,0,62222,693,247,5,1,0,0,0,0,0,36309,349,170,0,0,0,0,0
490,606,491.15093610969353,99996,167,68,2,0,1162,577,0.017390695627825112,86,38,38736,28606,634,279,10374,21008,25216,11920,0,0,61797,711,260,5,1,0,0,0,0,0,36703,347,172,0,0,0,0,0
491,606,492.13124311951714,99995,163,72,3,0,1180,587,0.01767088354417721,91,36,38563,28465,651,281,10528,21145,25438,12107,0,0,61372,729,269,5,1,0,0,0,0,0,37100,344,175,0,0,0,0,0
492,606,493.1157698332163,99995,161,80,3,0,1199,599,0.01798089904495225,103,34,38386,28322,669,283,10677,21280,25658,12294,0,0,60949,745,278,5,1,0,0,0,0,0,37498,344,175,0,0,0,0,0
493,606,494.1047359370503,99995,155,82,3,0,1225,606,0.01831091554577729,99,37,38227,28156,695,286,10820,21438,25877,12482,0,0,60516,773,287,5,1,0,0,0,0,0,37894,342,177,0,0,0,0,0
494,606,495.0979321028516,99994,157,78,4,0,1247,615,0.01862111726703602,106,33,38061,27995,711,298,10960,21595,26095,12670,0,0,60087,795,297,5,1,0,0,0,0,0,38290,342,177,0,0,0,0,0
495,606,496.0954059915428,99994,154,77,4,0,1270,626,0.018961137668260096,104,34,37901,27848,728,304,11108,21736,26311,12859,0,0,59664,817,313,5,1,0,0,0,0,0,38675,338,181,0,0,0,0,0
496,606,497.0971882905244,99994,156,70,4,0,1300,629,0.019291157469448168,100,40,37728,27701,751,312,11260,21876,26526,13048,0,0,59232,846,322,5,1,0,0,0,0,0,39069,337,182,0,0,0,0,0
497,606,498.10355318150283,99994,159,70,4,0,1324,636,0.019601176070564233,107,46,37566,27565,767,316,11396,22002,26739,13237,0,0,58822,861,333,5,2,0,0,0,0,0,39452,330,189,0,0,0,0,0
498,606,499.11419616659373,99994,165,78,4,0,1354,651,0.02005120307218433,101,44,37394,27417,785,319,11550,22141,26951,13427,0,0,58408,877,346,6,2,0,0,0,0,0,39836,325,194,0,0,0,0,0
499,606,500.12929425515455,99994,166,75,4,0,1376,663,0.020391223473408406,106,40,37248,27282,797,333,11678,22269,27162,13617,0,0,57982,902,357,6,2,0,0,0,0,0,40226,325,194,0,0,0,0,0
500,606,501.1486421968717,99994,166,79,4,0,1403,676,0.02079124747484849,107,41,37071,27139,821,341,11830,22399,27371,13807,0,0,57564,924,370,7,2,0,0,0,0,0,40609,321,197,0,0,0,0,0
501,606,502.17255583410395,99994,166,82,4,0,1427,690,0.021171270276216573,111,35,36907,27012,835,345,11976,22525,27579,13997,0,0,57147,945,384,6,3,0,0,0,0,0,40991,320,198,0,0,0,0,0
502,606,503.2011046576297,99994,179,82,4,0,1459,699,0.021581294877692662,102,39,36759,26867,843,352,12112,22659,27785,14188,0,0,56742,956,401,6,3,0,0,0,0,0,41368,317,201,0,0,0,0,0
503,606,504.23379076248625,99994,176,81,4,0,1480,711,0.021911314678880734,100,41,36597,26728,858,364,12264,22785,27990,14379,0,0,56325,977,416,7,3,0,0,0,0,0,41749,316,201,0,0,0,0,0
504,606,505.271072270284,99993,175,84,5,0,1507,725,0.022321562509375656,96,40,36431,26603,874,373,12418,22899,28193,14570,0,0,55914,994,437,7,3,0,0,0,0,0,42121,315,202,0,0,0,0,0
505,606,506.3129928355539,99993,169,73,5,0,1531,732,0.022631584210894763,95,43,36266,26482,893,385,12571,23016,28395,14761,0,0,55499,1022,457,7,3,0,0,0,0,0,42488,309,208,0,0,0,0,0
506,606,507.3598548165006,99993,169,82,5,0,1554,750,0.023041612912903905,93,33,36106,26356,909,390,12717,23138,28595,14952,0,0,55097,1036,475,7,3,0,0,0,0,0,42858,306,211,0,0,0,0,0
507,606,508.411287294401,99993,174,81,5,0,1581,762,0.023431640214815037,88,39,35940,26228,925,399,12867,23252,28794,15143,0,0,54693,1052,494,7,3,0,0,0,0,0,43227,304,213,0,0,0,0,0
508,606,509.4676259835106,99993,173,76,5,0,1604,770,0.023741661916334145,87,41,35780,26108,944,407,13010,23367,28991,15334,0,0,54290,1070,513,7,3,0,0,0,0,0,43593,301,216,0,0,0,0,0
509,606,510.52861658369665,99993,167,74,5,0,1622,780,0.02402168151770624,92,37,35623,26001,961,412,13151,23475,29187,15524,0,0,53894,1082,537,7,3,0,0,0,0,0,43953,299,218,0,0,0,0,0
510,606,511.06019339991343,99993,165,67,5,0,1630,782,0.024121688518196273,94,38,35451,25851,965,418,13319,23625,29381,15714,0,0,53508,1085,553,7,3,0,0,0,0,0,44320,298,219,0,0,0,0,0
511,606,512.1312513813889,99993,162,67,5,0,1653,792,0.024451711619813386,97,35,35310,25732,984,426,13441,23739,29574,15904,0,0,53108,1102,572,7,3,0,0,0,0,0,44684,298,219,0,0,0,0,0
512,606,513.2066711987775,99993,160,68,5,0,1677,805,0.024821737521626513,100,34,35159,25621,999,435,13576,23841,29765,16094,0,0,52707,1125,587,7,3,0,0,0,0,0,45047,295,222,0,0,0,0,0
513,606,514.2867961076721,99992,164,68,6,0,1701,819,0.025202016161292903,98,30,35000,25515,1009,445,13722,23941,29955,16284,0,0,52320,1137,608,6,4,0,0,0,0,0,45400,291,226,0,0,0,0,0
514,606,515.3716806118192,99992,169,65,6,0,1731,829,0.025602048163853107,93,28,34848,25408,1029,454,13854,24044,30143,16473,0,0,51925,1157,626,6,4,0,0,0,0,0,45757,289,228,0,0,0,0,0
515,606,516.4613587155345,99992,180,61,6,0,1762,836,0.025982078566285302,98,25,34696,25314,1040,461,13979,24138,30330,16662,0,0,51542,1164,650,6,4,0,0,0,0,0,46109,289,228,0,0,0,0,0
516,606,517.0073271873034,99992,182,57,6,0,1777,839,0.026162092967437395,88,27,34531,25173,1050,466,14142,24276,30515,16851,0,0,51160,1171,661,7,4,0,0,0,0,0,46472,289,228,0,0,0,0,0
517,606,518.1069671081889,99992,179,59,6,0,1802,846,0.02648211856948556,90,30,34397,25095,1065,467,14262,24348,30698,17039,0,0,50775,1187,678,7,4,0,0,0,0,0,46824,287,230,0,0,0,0,0
518,606,519.211015041755,99992,166,59,6,0,1822,856,0.026782142571405713,90,27,34260,25014,1088,471,14389,24428,30880,17227,0,0,50392,1199,703,11,4,0,0,0,0,0,47168,284,231,0,0,0,0,0
519,606,520.3196190812382,99992,158,59,6,0,1846,866,0.027122169773581888,88,30,34132,24928,1104,475,14511,24507,31060,17414,0,0,50019,1209,733,13,4,0,0,0,0,0,47501,278,235,0,0,0,0,0
520,606,521.4325705551234,99992,155,61,6,0,1870,874,0.02744219537563005,87,33,33982,24841,1120,475,14649,24589,31239,17601,0,0,49642,1222,751,13,5,0,0,0,0,0,47846,276,237,0,0,0,0,0
521,606,522.5502947368356,99992,155,63,6,0,1900,886,0.027862228978318266,77,32,33843,24752,1146,478,14772,24674,31416,17787,0,0,49266,1237,774,13,6,0,0,0,0,0,48183,274,239,0,0,0,0,0
522,606,523.1102090129042,99992,155,60,6,0,1908,891,0.02799223937915033,78,35,33691,24623,1147,482,14922,24799,31592,17973,0,0,48906,1237,790,13,6,0,0,0,0,0,48527,272,241,0,0,0,0,0
523,606,524.2379199257098,99992,147,56,6,0,1925,899,0.02824225938075046,77,43,33549,24540,1166,491,15054,24869,31766,18158,0,0,48528,1256,808,13,6,0,0,0,0,0,48868,272,241,0,0,0,0,0
524,606,525.3702283441007,99992,150,58,6,0,1949,911,0.028602288183054644,82,41,33404,24457,1177,498,15180,24945,31939,18343,0,0,48166,1263,830,14,6,0,0,0,0,0,49200,268,245,0,0,0,0,0
525,606,526.5075236564754,99992,142,56,6,0,1964,920,0.028842307384590767,83,42,33268,24376,1192,504,15308,25021,32110,18527,0,0,47804,1272,855,14,6,0,0,0,0,0,49528,266,247,0,0,0,0,0
526,606,527.0771847909153,99992,143,59,6,0,1972,929,0.029012320985678856,92,39,33104,24262,1192,507,15462,25132,32280,18710,0,0,47454,1271,869,14,6,0,0,0,0,0,49865,264,249,0,0,0,0,0
527,606,528.2247322011311,99992,136,61,6,0,1991,938,0.029292343387470998,100,39,32972,24209,1205,509,15580,25181,32448,18893,0,0,47095,1282,891,14,6,0,0,0,0,0,50191,261,252,0,0,0,0,0
528,606,529.3770725011588,99992,135,61,6,0,2014,947,0.02961236898951916,96,40,32837,24146,1220,513,15705,25239,32615,19075,0,0,46742,1290,916,13,7,0,0,0,0,0,50511,258,255,0,0,0,0,0
529,606,530.5341069474907,99991,139,62,7,0,2040,959,0.029992699342940864,95,40,32704,24093,1231,521,15823,25283,32780,19256,0,0,46387,1300,938,13,7,0,0,0,0,0,50833,257,256,0,0,0,0,0
530,606,531.1134428975381,99991,127,63,7,0,2047,964,0.030112710143912952,96,38,32563,23966,1237,525,15969,25407,32944,19436,0,0,46035,1308,950,14,8,0,0,0,0,0,51164,256,256,0,0,0,0,0
531,606,532.2804564451316,99991,145,62,7,0,2076,974,0.030502745247072235,87,39,32444,23886,1233,533,16083,25479,33106,19616,0,0,45694,1310,970,14,8,0,0,0,0,0,51483,253,259,0,0,0,0,0
532,606,533.4515024087423,99991,132,72,7,0,2092,990,0.03082277404966447,96,30,32340,23829,1246,535,16178,25533,33267,19795,0,0,45343,1323,992,14,8,0,0,0,0,0,51799,251,261,0,0,0,0,0
533,606,534.0379171495955,99991,133,68,7,0,2106,994,0.0310027902511226,87,33,32206,23711,1250,539,16316,25648,33426,19973,0,0,45008,1320,1012,16,8,0,0,0,0,0,52115,250,262,0,0,0,0,0
534,606,535.2180371808005,99990,138,69,8,0,2132,1007,0.031393139313931395,81,27,32095,23654,1260,546,16417,25703,33584,20150,0,0,44664,1332,1032,16,8,0,0,0,0,0,52426,247,265,0,0,0,0,0
535,606,536.4022085743371,99990,137,61,8,0,2152,1015,0.03167316731673167,86,27,31989,23614,1269,554,16510,25743,33740,20326,0,0,44329,1337,1061,17,9,0,0,0,0,0,52726,244,267,0,0,0,0,0
536,606,537.5903868894256,99990,134,53,8,0,2183,1021,0.03204320432043204,76,30,31867,23555,1293,560,16621,25801,33895,20501,0,0,43986,1352,1092,18,9,0,0,0,0,0,53022,241,270,0,0,0,0,0
537,606,538.1852093185482,99990,142,53,8,0,2196,1026,0.03222322232223222,73,25,31726,23453,1294,562,16756,25906,34048,20675,0,0,43660,1353,1101,18,9,0,0,0,0,0,53338,239,272,0,0,0,0,0
538,606,539.3832865823002,99990,135,55,8,0,2215,1036,0.03251325132513251,73,21,31632,23408,1307,564,16844,25951,34200,20848,0,0,43325,1364,1120,19,10,0,0,0,0,0,53641,237,274,0,0,0,0,0
539,606,540.5850904262385,99990,138,52,8,0,2243,1041,0.032843284328432844,68,28,31518,23368,1320,563,16947,25988,34350,21020,0,0,42999,1369,1145,19,12,0,0,0,0,0,53936,236,274,0,0,0,0,0
540,606,541.186922863618,99990,137,50,8,0,2255,1045,0.033003300330033,67,28,31386,23278,1318,565,17083,26078,34499,21192,0,0,42683,1367,1164,19,13,0,0,0,0,0,54234,233,277,0,0,0,0,0
541,606,542.3982479066206,99990,126,41,8,0,2272,1053,0.03325332533253325,77,25,31281,23249,1339,580,17168,26104,34647,21363,0,0,42351,1381,1193,20,13,0,0,0,0,0,54522,231,279,0,0,0,0,0
542,606,543.0045676032648,99990,127,44,8,0,2282,1057,0.033393339333933396,79,28,31152,23160,1339,576,17294,26191,34793,21533,0,0,42043,1374,1210,20,13,0,0,0,0,0,54820,230,280,0,0,0,0,0
543,606,544.225138813923,99990,125,42,8,0,2300,1066,0.033663366336633666,80,23,31063,23127,1351,583,17372,26224,34938,21702,0,0,41726,1382,1233,19,14,0,0,0,0,0,55106,226,284,0,0,0,0,0
544,606,545.4493141530851,99989,134,42,9,0,2326,1073,0.033993739311324246,78,26,30953,23103,1358,583,17467,26245,35081,21869,0,0,41412,1384,1252,20,14,0,0,0,0,0,55397,226,284,0,0,0,0,0
545,606,546.062097089841,99989,148,42,9,0,2346,1077,0.034233765714228565,66,28,30830,23031,1357,584,17589,26314,35223,22035,0,0,41118,1372,1274,19,15,0,0,0,0,0,55681,225,285,0,0,0,0,0
546,606,547.2953965965387,99989,150,44,9,0,2369,1085,0.034543799817979975,70,28,30738,22996,1370,586,17662,26345,35363,22200,0,0,40810,1376,1297,19,15,0,0,0,0,0,55962,224,286,0,0,0,0,0
547,606,548.532372384051,99989,137,45,9,0,2387,1094,0.034813829521247334,70,28,30648,22983,1388,591,17747,26352,35502,22364,0,0,40492,1394,1315,21,15,0,0,0,0,0,56243,219,290,0,0,0,0,0
548,606,549.1514410457385,99989,134,42,9,0,2399,1098,0.03497384712318355,72,27,30532,22907,1396,595,17856,26428,35640,22527,0,0,40186,1400,1331,21,15,0,0,0,0,0,56527,218,291,0,0,0,0,0
549,606,550.3969933942918,99989,125,43,9,0,2419,1107,0.03526387902669294,72,24,30438,22868,1416,600,17939,26464,35776,22689,0,0,39877,1413,1355,20,16,0,0,0,0,0,56799,217,292,0,0,0,0,0
550,606,551.020267866348,99989,123,43,9,0,2429,1108,0.03537389112802408,74,26,30321,22801,1415,592,18057,26537,35911,22850,0,0,39597,1400,1381,20,16,0,0,0,0,0,57066,214,295,0,0,0,0,0
551,606,552.2746171631236,99988,124,51,10,0,2452,1120,0.035724286914429734,66,27,30232,22786,1418,587,18149,26548,36045,23010,0,0,39305,1400,1406,20,16,0,0,0,0,0,57332,212,297,0,0,0,0,0
552,606,553.5326139487381,99988,121,48,10,0,2476,1126,0.03602432291875025,69,32,30147,22784,1426,591,18226,26544,36177,23169,0,0,39009,1409,1433,19,17,0,0,0,0,0,57592,209,300,0,0,0,0,0
553,606,554.1622438065463,99988,123,48,10,0,2489,1131,0.03620434452134256,66,31,30030,22713,1430,594,18340,26613,36308,23327,0,0,38718,1412,1444,19,18,0,0,0,0,0,57868,208,301,0,0,0,0,0
554,606,555.4287572294168,99988,123,54,10,0,2511,1140,0.036514381725807094,64,30,29964,22696,1434,595,18404,26624,36438,23484,0,0,38431,1413,1466,19,19,0,0,0,0,0,58131,207,302,0,0,0,0,0
555,606,556.0623137020542,99988,122,54,10,0,2525,1143,0.03668440212825539,60,32,29844,22622,1439,593,18524,26698,36566,23639,0,0,38150,1411,1486,19,19,0,0,0,0,0,58394,207,302,0,0,0,0,0
556,606,557.3366776943219,99988,129,48,10,0,2551,1150,0.03701444173300796,47,36,29771,22618,1445,603,18597,26694,36693,23793,0,0,37869,1416,1511,19,20,0,0,0,0,0,58644,202,307,0,0,0,0,0
557,606,558.614366072148,99988,110,55,10,0,2561,1168,0.037294475337040445,52,29,29710,22584,1462,608,18655,26723,36819,23946,0,0,37582,1423,1542,20,20,0,0,0,0,0,58892,202,307,0,0,0,0,0
558,606,559.2536910147911,99988,101,58,10,0,2570,1174,0.037444493339200705,55,28,29602,22511,1471,606,18760,26796,36944,24098,0,0,37308,1420,1562,22,20,0,0,0,0,0,59147,200,309,0,0,0,0,0
559,606,560.5390650243678,99988,91,57,10,0,2581,1186,0.0376745209425131,54,26,29529,22509,1483,615,18832,26792,37067,24249,0,0,37029,1429,1587,22,20,0,0,0,0,0,59392,196,313,0,0,0,0,0
560,606,561.1819365861185,99988,98,55,10,0,2596,1189,0.03785454254510541,50,28,29420,22451,1487,615,18934,26850,37189,24399,0,0,36756,1431,1598,21,21,0,0,0,0,0,59652,196,313,0,0,0,0,0
561,606,562.4754231258839,99988,92,52,10,0,2608,1199,0.038074568948273796,57,30,29345,22444,1490,621,19005,26852,37310,24548,0,0,36482,1435,1623,21,22,0,0,0,0,0,59896,196,313,0,0,0,0,0
562,606,563.1226532993883,99988,98,49,10,0,2618,1202,0.03820458455014602,51,31,29258,22398,1482,624,19100,26897,37430,24695,0,0,36226,1426,1642,21,22,0,0,0,0,0,60142,194,315,0,0,0,0,0
563,606,564.423778636384,99988,99,49,10,0,2633,1206,0.038394607352882346,46,31,29204,22426,1481,623,19159,26870,37548,24841,0,0,35965,1423,1663,21,22,0,0,0,0,0,60385,194,315,0,0,0,0,0
564,606,565.0744266883966,99988,104,44,10,0,2646,1206,0.03852462295475457,40,35,29111,22381,1481,623,19253,26916,37665,24986,0,0,35708,1420,1679,21,22,0,0,0,0,0,60629,192,317,0,0,0,0,0
565,606,566.3820455097674,99988,97,52,10,0,2662,1221,0.0388346601592191,32,28,29052,22400,1492,625,19316,26894,37781,25130,0,0,35443,1426,1703,21,22,0,0,0,0,0,60864,191,318,0,0,0,0,0
566,606,567.0359740965653,99988,95,53,10,0,2666,1228,0.038944673360803296,35,21,28975,22347,1483,628,19401,26950,37896,25273,0,0,35191,1420,1721,21,22,0,0,0,0,0,61104,191,318,0,0,0,0,0
567,606,568.350287395653,99987,89,51,11,0,2677,1233,0.039105083660875915,35,19,28904,22338,1483,630,19477,26961,38010,25414,0,0,34935,1421,1741,22,22,0,0,0,0,0,61337,190,319,0,0,0,0,0
568,606,569.0401853143948,99987,85,54,11,0,2686,1239,0.03925510316341124,33,20,28858,22322,1479,627,19533,26976,38123,25554,0,0,34682,1421,1757,22,22,0,0,0,0,0,61574,190,319,0,0,0,0,0
569,606,570.0877447099447,99987,82,54,11,0,2688,1242,0.039305109664256356,33,19,28750,22264,1478,626,19645,27036,38234,25693,0,0,34439,1416,1770,22,22,0,0,0,0,0,61809,188,321,0,0,0,0,0
570,606,571.1415994327049,99987,80,49,11,0,2701,1250,0.039515136967805814,30,21,28707,22306,1486,632,19685,26991,38344,25831,0,0,34190,1419,1794,22,23,0,0,0,0,0,62031,186,322,0,0,0,0,0
571,606,572.4132234326823,99987,80,52,11,0,2707,1259,0.03966515647034114,29,16,28618,22270,1482,632,19779,27029,38453,25968,0,0,33953,1410,1815,22,23,0,0,0,0,0,62256,186,322,0,0,0,0,0
572,606,573.1262623517362,99987,79,48,11,0,2717,1261,0.03978517207236941,26,17,28545,22249,1485,638,19853,27047,38561,26104,0,0,33713,1406,1836,22,23,0,0,0,0,0,62479,186,322,0,0,0,0,0
573,606,574.1715398456205,99987,71,40,11,0,2723,1264,0.039875183773890606,27,18,28479,22229,1487,643,19924,27069,38668,26238,0,0,33473,1405,1862,22,23,0,0,0,0,0,62694,186,322,0,0,0,0,0
574,606,575.1570493819927,99987,62,44,11,0,2732,1275,0.04007520977727105,34,12,28465,22262,1491,642,19936,27039,38774,26371,0,0,33236,1406,1885,23,23,0,0,0,0,0,62907,182,325,0,0,0,0,0
575,606,576.0648320613647,99987,65,36,11,0,2741,1276,0.04017522277896127,34,12,28407,22252,1484,644,19998,27055,38879,26503,0,0,33012,1394,1910,24,23,0,0,0,0,0,63117,180,327,0,0,0,0,0
576,606,577.2092183588871,99987,60,35,11,0,2749,1278,0.04027523578065149,30,11,28337,22223,1491,642,20070,27088,38983,26634,0,0,32778,1393,1927,24,23,0,0,0,0,0,63335,180,327,0,0,0,0,0
577,606,578.0062696603214,99987,53,38,11,0,2757,1282,0.04039525138267975,27,11,28282,22225,1496,642,20130,27083,39086,26764,0,0,32546,1393,1943,24,23,0,0,0,0,0,63551,179,328,0,0,0,0,0
578,606,579.0393779835084,99987,55,39,11,0,2761,1284,0.04045525918369388,30,13,28189,22170,1491,641,20223,27136,39187,26892,0,0,32321,1389,1950,24,23,0,0,0,0,0,63773,179,328,0,0,0,0,0
579,606,580.2043735855655,99987,50,32,11,0,2766,1287,0.04053526958504606,34,15,28140,22185,1490,645,20274,27122,39287,27019,0,0,32099,1387,1972,23,24,0,0,0,0,0,63975,177,330,0,0,0,0,0
580,606,581.6401323255025,99987,50,29,11,0,2779,1291,0.04070529168791943,35,17,28111,22230,1499,649,20293,27074,39386,27145,0,0,31870,1393,1984,23,25,0,0,0,0,0,64185,175,332,0,0,0,0,0
581,606,582.0763189092218,99987,52,32,11,0,2786,1294,0.04080530468960965,28,17,28028,22183,1493,646,20387,27121,39484,27270,0,0,31658,1384,1998,23,25,0,0,0,0,0,64392,173,334,0,0,0,0,0
582,606,583.0607855954693,99987,53,34,11,0,2796,1297,0.040935321591806934,20,15,27954,22175,1494,645,20467,27130,39581,27394,0,0,31442,1378,2012,24,25,0,0,0,0,0,64599,173,334,0,0,0,0,0
583,606,584.0855984254518,99987,45,32,11,0,2801,1301,0.04102533329332813,19,14,27924,22172,1492,646,20508,27135,39677,27517,0,0,31226,1374,2033,25,25,0,0,0,0,0,64797,173,334,0,0,0,0,0
584,606,585.0652408795079,99987,45,34,11,0,2806,1306,0.04112534629501835,24,11,27873,22173,1483,647,20563,27134,39772,27638,0,0,31013,1371,2044,25,25,0,0,0,0,0,65002,173,334,0,0,0,0,0
585,606,586.1991885931844,99987,45,30,11,0,2816,1311,0.041275365797553684,21,14,27861,22234,1478,652,20583,27069,39866,27758,0,0,30797,1373,2061,25,25,0,0,0,0,0,65199,173,334,0,0,0,0,0
586,606,587.2913681712631,99987,48,30,11,0,2823,1312,0.041355376198905856,22,17,27808,22226,1469,649,20641,27077,39959,27877,0,0,30595,1364,2075,25,25,0,0,0,0,0,65396,172,335,0,0,0,0,0
587,606,588.145583922972,99987,46,27,11,0,2828,1313,0.04141538399991999,21,17,27762,22228,1464,650,20695,27077,40051,27995,0,0,30391,1357,2089,27,25,0,0,0,0,0,65591,171,336,0,0,0,0,0
588,606,589.0210585025407,99987,43,26,11,0,2830,1317,0.04147539180093412,25,13,27717,22247,1457,649,20746,27064,40142,28112,0,0,30192,1352,2104,27,25,0,0,0,0,0,65780,167,340,0,0,0,0,0
589,606,590.3976545857126,99987,42,19,11,0,2834,1319,0.041535399601948256,26,17,27687,22264,1451,653,20782,27046,40232,28228,0,0,29986,1353,2117,27,25,0,0,0,0,0,65972,166,341,0,0,0,0,0
590,606,591.1807690955145,99987,44,20,11,0,2839,1322,0.04161541000330043,24,14,27631,22266,1449,647,20840,27052,40322,28343,0,0,29785,1351,2124,27,25,0,0,0,0,0,66168,164,343,0,0,0,0,0
591,606,592.2289122981601,99987,40,20,11,0,2843,1324,0.04167541780431456,23,14,27577,22259,1451,645,20897,27061,40411,28457,0,0,29590,1343,2142,27,25,0,0,0,0,0,66353,164,343,0,0,0,0,0
592,606,593.3966314446847,99987,40,15,11,0,2850,1326,0.04176542950583576,21,15,27538,22246,1448,649,20941,27074,40499,28569,0,0,29393,1340,2159,27,25,0,0,0,0,0,66536,164,343,0,0,0,0,0
593,606,594.2569272214021,99987,39,16,11,0,2857,1329,0.041865442507525975,20,13,27515,22254,1439,645,20975,27071,40586,28680,0,0,29208,1327,2180,27,26,0,0,0,0,0,66712,164,343,0,0,0,0,0
594,606,595.045407839952,99987,38,17,11,0,2860,1332,0.04192545030854011,22,12,27451,22228,1435,644,21042,27098,40672,28790,0,0,29017,1322,2191,27,26,0,0,0,0,0,66897,164,343,0,0,0,0,0
595,606,596.0849708906226,99987,40,20,11,0,2865,1335,0.042005460709892285,18,12,27411,22240,1429,640,21090,27087,40757,28899,0,0,28830,1316,2198,28,26,0,0,0,0,0,67082,162,345,0,0,0,0,0
596,606,597.142976759756,99987,41,19,11,0,2871,1336,0.04207546981107544,18,11,27374,22256,1426,640,21129,27073,40841,29007,0,0,28644,1312,2209,28,26,0,0,0,0,0,67261,160,347,0,0,0,0,0
597,606,598.3187490124755,99987,42,19,11,0,2877,1339,0.042165481512596636,19,9,27350,22270,1425,639,21152,27062,40924,29114,0,0,28459,1308,2221,28,26,0,0,0,0,0,67438,159,348,0,0,0,0,0
598,606,599.0843321765258,99987,44,20,11,0,2880,1341,0.04221548801344175,19,9,27306,22270,1415,639,21204,27061,41006,29220,0,0,28278,1304,2227,28,26,0,0,0,0,0,67617,156,351,0,0,0,0,0
599,606,600.1162872307664,99987,47,18,11,0,2888,1343,0.04231550101513197,20,9,27319,22292,1409,641,21193,27039,41088,29325,0,0,28094,1301,2239,28,26,0,0,0,0,0,67792,156,351,0,0,0,0,0
600,606,601.0090945095532,99987,45,16,11,0,2891,1345,0.04236550751597708,20,7,27282,22276,1406,644,21235,27056,41169,29429,0,0,27913,1297,2252,28,26,0,0,0,0,0,67964,156,351,0,0,0,0,0
601,606,602.4285687827287,99987,41,17,11,0,2896,1348,0.04244551791732925,19,5,27292,22319,1399,644,21237,27014,41249,29532,0,0,27735,1294,2266,28,26,0,0,0,0,0,68131,154,353,0,0,0,0,0
602,606,603.5598437120331,99987,37,17,11,0,2899,1350,0.04249552441817436,21,5,27267,22336,1397,645,21266,26996,41328,29634,0,0,27556,1292,2277,28,26,0,0,0,0,0,68301,154,353,0,0,0,0,0
603,606,604.141276129369,99987,44,14,11,0,2907,1350,0.042575534819526535,19,8,27248,22376,1390,642,21287,26959,41406,29735,0,0,27386,1285,2288,28,26,0,0,0,0,0,68467,152,355,0,0,0,0,0
604,606,605.6202074045591,99987,47,13,11,0,2911,1351,0.04262554132037165,19,8,27218,22375,1384,642,21320,26961,41483,29835,0,0,27214,1280,2296,28,26,0,0,0,0,0,68636,152,355,0,0,0,0,0
605,606,606.4702744689288,99987,40,16,11,0,2914,1355,0.042695550421554804,23,7,27201,22417,1386,638,21338,26921,41560,29934,0,0,27043,1275,2312,28,26,0,0,0,0,0,68796,152,355,0,0,0,0,0
606,606,607.0183335974481,99987,39,16,11,0,2914,1356,0.04270555172172382,24,7,27120,22360,1384,635,21421,26981,41636,30032,0,0,26872,1272,2317,28,26,0,0,0,0,0,68965,152,355,0,0,0,0,0
607,606,608.1196364053637,99987,36,16,11,0,2919,1357,0.04276555952273796,23,8,27110,22389,1376,633,21443,26953,41711,30129,0,0,26708,1264,2334,28,26,0,0,0,0,0,69120,152,355,0,0,0,0,0
608,606,609.0205707852638,99987,34,16,11,0,2926,1360,0.04286557252442818,18,8,27095,22398,1376,632,21465,26945,41785,30225,0,0,26541,1262,2346,28,27,0,0,0,0,0,69276,151,356,0,0,0,0,0
609,606,610.059010092554,99987,36,15,11,0,2933,1361,0.04294558292578035,15,10,27084,22421,1375,630,21478,26923,41858,30320,0,0,26378,1258,2357,28,27,0,0,0,0,0,69432,150,357,0,0,0,0,0
610,606,611.0818278758554,99987,37,17,11,0,2937,1365,0.04302559332713253,12,9,27066,22427,1369,631,21504,26915,41931,30414,0,0,26215,1256,2362,27,29,0,0,0,0,0,69591,149,358,0,0,0,0,0
611,606,612.0010038853658,99987,35,15,11,0,2942,1366,0.04308560112814666,12,10,27052,22457,1365,631,21524,26886,42003,30507,0,0,26050,1256,2372,27,29,0,0,0,0,0,69746,149,358,0,0,0,0,0
612,606,613.0971963710726,99987,34,17,11,0,2945,1370,0.043155610229329816,11,8,27044,22459,1358,630,21541,26885,42074,30599,0,0,25894,1250,2384,27,29,0,0,0,0,0,69896,148,359,0,0,0,0,0
613,606,614.227349993137,99987,30,15,11,0,2945,1373,0.04318561412983688,14,5,27025,22462,1353,634,21566,26883,42144,30690,0,0,25736,1246,2395,28,29,0,0,0,0,0,70046,148,359,0,0,0,0,0
614,606,615.1039954743262,99987,28,19,11,0,2948,1378,0.043265624531189054,15,0,27032,22504,1350,631,21563,26845,42214,30780,0,0,25580,1241,2404,29,29,0,0,0,0,0,70197,148,359,0,0,0,0,0
615,606,616.2661379991722,99986,26,18,11,1,2950,1378,0.04328606004840678,14,4,27009,22529,1349,627,21590,26820,42283,30869,0,0,25425,1238,2411,29,29,0,0,0,0,0,70347,148,359,0,0,0,0,0
616,606,617.0052758025198,99986,28,16,11,1,2953,1378,0.04331606424899486,12,5,26963,22527,1346,626,21639,26824,42351,30957,0,0,25274,1235,2417,29,29,0,0,0,0,0,70495,146,361,0,0,0,0,0
617,606,618.0973317358976,99986,29,16,11,1,2956,1379,0.043356069849778966,15,8,26968,22543,1342,622,21634,26809,42419,31044,0,0,25121,1234,2421,28,30,0,0,0,0,0,70645,146,361,0,0,0,0,0
618,606,619.2468904554796,99986,25,16,11,1,2958,1379,0.04337607265017102,17,8,26963,22571,1341,617,21642,26786,42486,31130,0,0,24973,1231,2430,28,30,0,0,0,0,0,70787,144,363,0,0,0,0,0
619,606,620.3854745792188,99986,20,14,11,1,2961,1380,0.043416078250955135,19,7,26984,22634,1339,613,21626,26730,42552,31215,0,0,24825,1227,2443,29,30,0,0,0,0,0,70925,144,363,0,0,0,0,0
620,606,621.0607166090722,99986,21,15,11,1,2965,1383,0.04348608805232733,17,4,26943,22621,1338,611,21669,26747,42618,31299,0,0,24675,1229,2446,28,31,0,0,0,0,0,71070,143,364,0,0,0,0,0
621,606,622.000570266215,99986,17,14,11,1,2966,1385,0.04351609225291541,17,5,26938,22642,1338,612,21678,26725,42683,31382,0,0,24535,1221,2462,28,31,0,0,0,0,0,71202,143,364,0,0,0,0,0
622,606,623.055420533163,99986,20,12,11,1,2971,1386,0.04357610065409157,13,6,26951,22672,1332,612,21672,26696,42747,31464,0,0,24394,1218,2470,28,31,0,0,0,0,0,71338,141,366,0,0,0,0,0
623,606,624.1858671923416,99986,18,12,11,1,2976,1388,0.043646110455463766,11,5,26962,22705,1331,610,21666,26666,42811,31546,0,0,24251,1214,2479,29,32,0,0,0,0,0,71474,141,366,0,0,0,0,0
624,606,625.02416130695,99986,20,12,11,1,2979,1390,0.0436961174564439,12,3,26962,22710,1319,611,21675,26662,42874,31627,0,0,24114,1207,2489,29,32,0,0,0,0,0,71608,141,366,0,0,0,0,0
625,606,626.0783360097186,99986,20,11,11,1,2981,1392,0.04373612305722801,13,1,26937,22753,1315,612,21703,26621,42936,31707,0,0,23976,1206,2493,29,33,0,0,0,0,0,71742,138,369,0,0,0,0,0
626,606,627.056937375561,99986,19,9,11,1,2985,1393,0.043786130058208146,13,0,26952,22784,1309,609,21695,26596,42998,31786,0,0,23844,1197,2508,29,34,0,0,0,0,0,71867,138,369,0,0,0,0,0
627,606,628.0031729195272,99986,17,9,11,1,2990,1393,0.04383613705918828,12,0,26950,22809,1304,607,21705,26573,43059,31864,0,0,23710,1192,2520,29,34,0,0,0,0,0,71994,138,369,0,0,0,0,0
628,606,629.0278641420581,99986,15,7,11,1,2992,1393,0.04385613985958034,11,0,26933,22842,1297,606,21732,26543,43119,31941,0,0,23584,1181,2537,29,34,0,0,0,0,0,72114,138,369,0,0,0,0,0
629,606,630.016526085375,99986,20,8,11,1,2999,1395,0.04394615246134459,31,23,26926,22875,1293,604,21718,26488,43179,32017,0,0,23453,1176,2544,29,34,0,0,0,0,1,72242,138,369,0,0,0,0,0
630,606,631.0351007405712,99986,26,7,11,1,3007,1398,0.04405616786350089,30,23,26921,22934,1290,602,21721,26432,43238,32093,0,0,23325,1169,2551,29,34,0,1,0,0,6,72364,137,370,0,0,0,0,0
631,606,632.0705792613563,99986,27,21,11,1,3012,1412,0.044246194467225414,39,17,26941,22982,1290,600,21691,26378,43297,32168,0,0,23192,1167,2553,29,34,0,2,0,0,9,72493,137,370,0,0,0,0,0
632,606,633.0215042742523,99986,24,21,11,1,3017,1415,0.04432620566879363,42,17,26943,23003,1288,603,21691,26354,43355,32242,0,0,23061,1163,2557,28,35,0,6,0,0,16,72613,137,370,0,0,0,0,0
633,606,634.1359965122746,99986,29,23,11,1,3023,1420,0.04443622107094993,46,16,26931,23035,1278,606,21704,26318,43412,32315,0,0,22939,1154,2566,28,35,0,7,0,0,19,72731,137,370,0,0,0,0,0
634,606,635.0171029329084,99986,36,20,11,1,3034,1422,0.04456623927349829,44,19,26940,23075,1278,609,21690,26275,43469,32387,0,0,22814,1148,2572,28,35,0,9,0,0,26,72847,137,370,0,0,0,0,0
635,606,636.1424993394538,99986,38,22,11,1,3040,1425,0.04465625187526254,54,20,26914,23108,1278,604,21704,26244,43525,32459,0,0,22686,1145,2575,28,35,0,13,0,0,27,72970,136,371,0,0,0,0,0
636,606,637.2831702920516,99986,52,28,11,1,3064,1435,0.04499629948192747,55,16,26939,23158,1274,601,21668,26195,43581,32530,0,0,22559,1138,2582,28,35,0,20,0,0,34,73083,136,371,0,0,0,0,0
637,606,638.1081178299967,99986,62,27,11,1,3081,1438,0.045196327485848016,48,20,26934,23176,1277,599,21667,26176,43636,32600,0,0,22437,1134,2585,28,36,0,22,0,0,42,73195,135,372,0,0,0,0,0
638,606,639.1348801148596,99986,61,26,11,1,3091,1443,0.04534634848878843,53,23,26927,23214,1280,603,21667,26132,43691,32669,0,0,22316,1126,2592,28,37,0,28,0,0,52,73300,134,373,0,0,0,0,0
639,606,640.1950088779581,99986,68,27,11,1,3108,1449,0.04557638069329706,54,25,26925,23249,1285,604,21656,26093,43745,32738,0,0,22198,1118,2599,28,38,0,32,0,0,62,73404,133,374,0,0,0,0,0
640,606,641.2552229183082,99986,64,24,11,1,3118,1452,0.04570639889584542,63,33,26936,23277,1292,604,21633,26060,43798,32806,0,0,22071,1117,2600,28,38,0,39,0,0,75,73511,133,374,0,0,0,0,0
641,606,642.3149454634438,99985,60,31,12,1,3134,1463,0.04597689653448017,66,28,26941,23320,1303,605,21617,26014,43851,32873,0,0,21948,1113,2603,29,38,0,45,0,0,91,73611,132,375,0,0,0,0,0
642,606,643.0211954430096,99985,66,33,12,1,3147,1468,0.04615692353853078,63,32,26930,23305,1305,607,21623,26021,43903,32939,0,0,21831,1110,2605,30,38,0,46,0,0,99,73719,132,375,0,0,0,0,0
643,606,644.0809554518312,99985,67,37,12,1,3161,1479,0.046406961044156626,69,30,26934,23329,1309,610,21608,25992,43955,33005,0,0,21719,1103,2611,30,39,0,49,0,0,115,73812,130,377,0,0,0,0,0
644,606,645.1405029840558,99985,75,44,12,1,3179,1489,0.046687003050457566,72,23,26935,23355,1313,611,21592,25965,44006,33070,0,0,21604,1101,2613,30,39,0,51,0,0,126,73914,129,378,0,0,0,0,0
645,606,646.1997988748329,99985,80,43,12,1,3198,1495,0.046937040556083415,68,29,26948,23398,1316,611,21575,25917,44057,33134,0,0,21493,1092,2621,30,40,0,57,0,0,140,74005,128,379,0,0,0,0,0
646,606,647.2587223131317,99985,84,47,12,1,3213,1504,0.047177076561484226,67,30,26952,23425,1318,615,21566,25881,44107,33197,0,0,21379,1091,2622,30,40,0,59,0,0,154,74103,128,379,0,0,0,0,0
647,606,648.3172971943495,99985,79,47,12,1,3227,1510,0.0473771065659849,73,32,26963,23472,1326,620,21546,25827,44157,33260,0,0,21268,1083,2630,30,40,0,65,0,0,173,74189,128,379,0,0,0,0,0
648,606,649.0227470199787,99985,78,44,12,1,3234,1512,0.0474671200680102,82,37,26941,23480,1331,624,21555,25813,44206,33322,0,0,21161,1077,2636,30,40,0,67,0,0,184,74283,128,379,0,0,0,0,0
649,606,650.0817851921673,99985,84,48,12,1,3251,1522,0.04773716057408611,86,45,26953,23524,1336,621,21528,25760,44255,33383,0,0,21058,1067,2645,31,41,0,71,0,0,195,74371,126,380,0,0,0,0,0
650,606,651.1401449065829,99985,91,50,12,1,3277,1532,0.048097214582187325,74,43,26972,23563,1350,627,21500,25715,44303,33444,0,0,20949,1061,2649,32,42,0,77,0,0,214,74455,125,381,0,0,0,0,0
651,606,652.1978003132275,99985,92,58,12,1,3294,1551,0.048457268590288545,77,37,26986,23606,1358,634,21474,25663,44351,33504,0,0,20846,1052,2656,33,43,0,82,0,0,234,74533,123,383,0,0,0,0,0
652,606,653.2547224488495,99985,95,66,12,1,3314,1563,0.04877731659748962,84,39,27002,23662,1371,634,21435,25597,44398,33563,0,0,20741,1049,2658,33,44,0,84,0,0,252,74618,123,383,0,0,0,0,0
653,606,654.3110383914144,99985,96,68,12,1,3331,1573,0.04904735710356554,99,43,27003,23690,1380,641,21409,25556,44445,33622,0,0,20633,1045,2660,34,45,0,89,0,0,269,74704,123,383,0,0,0,0,0
654,606,655.0150209026197,99985,97,66,12,1,3345,1580,0.04925738860829124,114,46,26987,23708,1383,649,21406,25529,44491,33680,0,0,20530,1040,2664,33,47,0,94,0,0,285,74786,123,383,0,0,0,0,0
655,606,656.0714981919652,99985,104,62,12,1,3376,1590,0.04966745011751763,111,52,26999,23741,1397,661,21376,25482,44537,33738,0,0,20425,1033,2671,33,47,0,104,0,0,313,74853,121,385,0,0,0,0,0
656,606,657.1275957819419,99984,123,62,13,1,3411,1603,0.05014802368378941,112,51,26996,23781,1402,670,21353,25434,44583,33795,0,0,20324,1024,2676,35,49,0,109,0,0,332,74930,120,385,0,0,0,0,0
657,606,658.1834725773114,99982,126,74,15,1,3438,1627,0.050659118641355444,126,48,26990,23822,1418,678,21324,25376,44628,33851,0,0,20220,1017,2681,35,51,0,118,0,0,355,75000,120,385,0,0,0,0,0
658,606,659.2391305017409,99982,138,79,15,1,3474,1644,0.05118921405853054,135,56,26993,23853,1434,685,21284,25325,44673,33907,0,0,20115,1011,2686,34,53,0,129,0,0,379,75070,120,385,0,0,0,0,0
659,606,660.2942594344254,99982,153,74,15,1,3505,1654,0.051599287871816925,142,71,27004,23877,1434,695,21251,25281,44717,33962,0,0,20014,1007,2689,34,54,0,135,0,0,403,75141,120,385,0,0,0,0,0
660,606,661.3487531382243,99982,162,72,15,1,3533,1668,0.05201936348542738,159,76,27001,23929,1449,706,21213,25215,44761,34016,0,0,19913,1002,2694,34,53,1,143,0,0,429,75208,120,385,0,0,0,0,0
661,606,662.0517468151762,99982,171,79,15,1,3561,1681,0.05242943729871377,168,80,26975,23945,1462,709,21208,25185,44804,34070,0,0,19814,997,2698,34,54,1,150,0,0,446,75283,120,385,0,0,0,0,0
662,606,663.1067930437384,99982,193,91,15,1,3615,1703,0.0531895741233422,160,74,26990,24004,1489,713,21152,25116,44847,34123,0,0,19710,991,2703,34,55,1,164,0,0,472,75347,119,386,0,0,0,0,0
663,606,664.1610339372372,99982,212,96,15,1,3661,1726,0.05387969834570223,160,88,27004,24034,1504,729,21104,25051,44890,34176,0,0,19604,987,2706,34,56,1,178,0,0,502,75409,119,386,0,0,0,0,0
664,606,665.2143984830984,99982,235,103,15,1,3710,1752,0.054629833370006604,167,91,27004,24067,1522,738,21056,24999,44932,34228,0,0,19502,979,2711,34,59,1,195,0,0,527,75469,118,387,0,0,0,0,0
665,606,666.2674983885224,99982,239,116,15,1,3760,1780,0.05540997379528315,179,87,26995,24092,1559,751,21012,24952,44974,34280,0,0,19395,978,2711,34,60,1,210,0,0,572,75516,117,388,0,0,0,0,0
666,606,667.3206564778055,99982,248,127,15,1,3806,1801,0.05608009441699506,187,90,26973,24131,1590,756,20986,24894,45015,34331,0,0,19299,974,2715,35,60,1,219,0,0,608,75566,115,390,0,0,0,0,0
667,606,668.0229753054414,99981,252,131,16,1,3842,1817,0.056600754143287225,208,103,26937,24143,1613,766,20973,24855,45056,34381,0,0,19203,969,2717,36,62,1,229,0,0,638,75621,114,391,0,0,0,0,0
668,606,669.0774697671111,99980,263,143,17,1,3902,1848,0.05751150230046009,221,124,26924,24176,1653,783,20921,24772,45097,34431,0,0,19102,963,2721,36,64,1,246,0,0,686,75656,113,392,0,0,0,0,0
669,606,670.1319812340189,99980,277,157,17,1,3960,1880,0.05841168233646729,246,131,26911,24198,1690,796,20858,24716,45137,34480,0,0,19004,958,2724,36,67,1,260,0,0,731,75695,113,391,0,0,0,0,0
670,606,671.1865767291579,99980,295,179,17,1,4028,1920,0.05949189837967594,257,142,26907,24208,1729,811,20794,24658,45177,34529,0,0,18901,953,2727,37,68,1,279,0,0,778,75732,112,392,0,0,0,0,0
671,606,672.2407434172482,99980,314,191,17,1,4091,1962,0.06054210842168434,294,143,26890,24246,1756,837,20728,24581,45216,34577,0,0,18797,950,2727,38,72,1,299,0,0,825,75767,111,393,0,0,0,0,0
672,606,673.2947611835365,99980,335,202,17,1,4156,2002,0.06159231846369274,338,137,26857,24267,1790,863,20662,24529,45255,34625,0,0,18702,943,2732,39,73,1,314,0,0,881,75791,110,394,0,0,0,0,0
673,606,674.3492720421751,99980,368,197,17,1,4237,2034,0.06272254450890179,352,153,26820,24289,1827,896,20615,24463,45294,34672,0,0,18603,940,2733,39,75,1,333,0,0,945,75807,107,397,0,0,0,0,0
674,606,675.0527097890777,99979,390,206,18,1,4298,2057,0.06356334830314365,364,153,26771,24300,1858,906,20598,24433,45332,34719,0,0,18510,936,2732,40,78,2,344,0,0,980,75853,106,398,0,0,0,0,0
675,606,676.1092917394561,99979,436,212,18,1,4398,2097,0.06496364236489663,377,173,26748,24330,1898,937,20522,24346,45370,34765,0,0,18410,933,2732,42,79,2,361,0,0,1048,75868,106,398,0,0,0,0,0
676,606,677.1662683416763,99979,481,215,18,1,4507,2129,0.06637393852709068,405,210,26703,24333,1950,962,20442,24278,45408,34811,0,0,18305,930,2732,43,81,2,384,0,0,1115,75883,106,398,0,0,0,0,0
677,606,678.2237624534438,99979,513,225,18,1,4608,2182,0.06791426199501896,443,211,26662,24355,2010,999,20353,24208,45445,34856,0,0,18198,925,2736,43,85,2,415,0,0,1190,75882,105,398,0,0,0,0,0
678,606,679.2821491787835,99979,543,249,18,1,4714,2236,0.06951459806559378,464,218,26616,24383,2076,1024,20282,24124,45482,34901,0,0,18087,922,2733,46,90,2,445,0,0,1257,75895,104,398,0,0,0,0,0
679,606,680.341071197297,99976,597,267,21,1,4848,2287,0.07136712811074658,481,233,26557,24405,2141,1054,20202,24039,45518,34945,0,0,17984,920,2731,46,95,2,469,0,0,1337,75890,104,398,0,0,0,0,0
680,606,681.0477302966068,99976,598,282,21,1,4927,2329,0.07257741858045931,503,241,26511,24401,2209,1074,20157,24000,45554,34989,0,0,17883,914,2732,48,102,2,495,0,0,1405,75895,103,397,0,0,0,0,0
681,606,682.10942963046,99976,665,290,21,1,5079,2385,0.07465791790029608,496,257,26464,24423,2278,1113,20075,23915,45590,35032,0,0,17780,909,2733,49,107,2,524,0,0,1501,75871,102,398,0,0,0,0,0
682,606,683.172221684616,99976,699,303,21,1,5232,2449,0.07682843882531808,524,285,26381,24434,2385,1157,19989,23819,45625,35075,0,0,17660,904,2736,53,108,2,567,0,0,1620,75826,102,398,0,0,0,0,0
683,606,684.2370964201591,99976,742,317,21,1,5387,2506,0.07894894774745939,554,327,26318,24445,2485,1193,19879,23716,45660,35117,0,0,17542,900,2735,54,113,2,611,0,0,1724,75795,102,398,0,0,0,0,0
684,606,685.3035587280192,99976,773,368,21,1,5532,2596,0.08129951188285188,589,315,26245,24467,2581,1222,19790,23626,45695,35159,0,0,17433,895,2733,55,120,2,647,0,0,1833,75759,102,397,0,0,0,0,0
685,606,686.0156346513608,99975,802,386,21,2,5629,2649,0.08280070017504376,631,312,26179,24470,2639,1252,19727,23577,45729,35200,0,0,17334,890,2732,56,127,2,676,0,0,1897,75763,101,397,0,0,0,0,0
686,606,687.0855405671412,99975,834,431,21,2,5787,2740,0.08529132283070767,696,332,26113,24470,2742,1293,19593,23471,45763,35241,0,0,17215,887,2731,57,131,3,722,0,0,2014,75717,101,397,0,0,0,0,0
687,606,688.1566993125241,99975,926,457,21,2,5984,2837,0.08823205801450362,723,332,26029,24467,2817,1354,19483,23387,45797,35282,0,0,17103,882,2733,60,135,3,761,0,0,2141,75660,101,396,0,0,0,0,0
688,606,689.2293558086886,99974,985,495,21,3,6175,2939,0.09116370256266629,778,356,25930,24457,2927,1409,19358,23279,45830,35322,0,0,16992,875,2733,64,140,3,803,0,0,2285,75584,100,395,0,0,0,0,0
689,606,690.3044798895329,99974,1040,496,21,3,6392,3033,0.09427451137295696,797,386,25838,24464,3065,1494,19238,23156,45863,35362,0,0,16876,869,2728,71,150,3,846,0,0,2475,75462,99,395,0,0,0,0,0
690,606,691.0227841607852,99974,1072,518,21,3,6533,3110,0.09645507832036329,861,391,25734,24438,3154,1546,19157,23103,45896,35401,0,0,16780,864,2728,75,158,3,873,0,0,2596,75406,97,394,0,0,0,0,0
691,606,692.103522941423,99973,1161,529,22,3,6782,3205,0.09989697218248927,913,410,25633,24446,3266,1615,19004,22996,45929,35440,0,0,16665,852,2731,81,166,3,922,0,0,2771,75291,97,394,0,0,0,0,0
692,606,693.1867549393019,99970,1238,558,25,3,7036,3319,0.10358107432229668,980,444,25503,24418,3402,1693,18851,22883,45961,35478,0,0,16553,846,2726,86,176,4,965,0,0,2966,75158,96,394,0,0,0,0,0
693,606,694.2730180783126,99969,1287,591,26,3,7302,3445,0.10750332603106963,1035,476,25381,24390,3579,1774,18691,22765,45993,35516,0,0,16422,840,2727,94,184,4,1024,0,0,3190,74995,96,393,0,0,0,0,0
694,606,695.3628397961147,99968,1383,634,27,3,7600,3584,0.11187580025608194,1086,501,25245,24379,3738,1850,18520,22632,46025,35554,0,0,16291,836,2722,94,195,4,1090,0,0,3408,74839,95,394,0,0,0,0,0
695,606,696.0912700868989,99968,1431,650,27,3,7793,3667,0.11463668373879642,1111,528,25165,24344,3854,1909,18411,22565,46056,35591,0,0,16187,826,2723,99,202,5,1132,0,0,3560,74745,94,395,0,0,0,0,0
696,606,697.1868095324264,99967,1514,712,28,3,8082,3814,0.11899926975902048,1190,575,25013,24306,4017,1973,18237,22430,46087,35628,0,0,16064,823,2718,104,217,6,1185,0,0,3762,74600,93,395,0,0,0,0,0
697,606,698.2861490328671,99965,1587,778,30,3,8395,3977,0.12376331716100636,1275,591,24830,24252,4216,2059,18061,22316,46118,35664,0,0,15931,817,2713,110,236,6,1251,0,0,3998,74421,92,390,0,0,0,0,0
698,606,699.0220803597548,99964,1672,809,31,3,8633,4095,0.12732583730142852,1327,623,24692,24182,4340,2133,17937,22249,46149,35700,0,0,15818,811,2709,115,246,6,1298,0,0,4170,74309,92,390,0,0,0,0,0
699,606,700.1307441665117,99964,1781,846,31,3,9018,4261,0.13283782161578167,1373,687,24517,24095,4564,2248,17733,22120,46179,35736,0,0,15683,802,2704,126,262,6,1366,0,0,4468,74066,91,390,0,0,0,0,0
700,606,701.2448188806278,99963,1874,912,32,3,9431,4482,0.13918149715394695,1421,697,24296,24032,4816,2388,17560,21967,46209,35771,0,0,15534,792,2696,135,283,7,1449,0,0,4814,73773,91,389,0,0,0,0,0
701,606,702.3660142380272,99963,1990,942,32,3,9835,4677,0.1451737142742815,1498,763,24099,23950,5042,2539,17338,21802,46239,35806,0,0,15377,781,2691,144,305,7,1543,0,0,5128,73509,90,388,0,0,0,0,0
702,606,703.1169845062453,99961,2013,975,33,4,10078,4819,0.14902812096717719,1581,787,23956,23897,5225,2628,17191,21708,46268,35841,0,0,15273,769,2693,154,319,7,1585,0,0,5376,73309,89,387,0,0,0,0,0
703,606,704.2494112841943,99957,2173,1093,36,5,10563,5074,0.15643726802525085,1654,776,23709,23833,5473,2746,16954,21546,46297,35875,0,0,15131,760,2692,163,338,8,1665,0,0,5708,73019,88,385,0,0,0,0,0
704,606,705.0083481433369,99956,2267,1099,37,5,10898,5209,0.16114090199687864,1703,839,23509,23755,5661,2862,16822,21439,46326,35909,0,0,15012,753,2686,171,366,9,1720,0,0,5965,72807,87,380,0,0,0,0,0
705,606,706.1552275123612,99953,2396,1170,40,5,11373,5441,0.16821906295959102,1845,897,23226,23672,5923,2999,16569,21256,46355,35942,0,0,14857,746,2678,180,399,9,1810,0,0,6313,72497,87,377,0,0,0,0,0
706,606,707.3114206177698,99951,2575,1227,42,5,11925,5706,0.17639643425278387,1892,969,22967,23549,6214,3178,16309,21071,46383,35975,0,0,14682,741,2667,189,426,10,1920,0,0,6723,72130,86,377,0,0,0,0,0
707,606,708.0871969350574,99950,2677,1292,43,5,12324,5895,0.18228114057028513,1886,971,22787,23487,6449,3284,16157,20960,46411,36008,0,0,14533,734,2662,196,444,10,2008,0,0,7018,71883,86,376,0,0,0,0,0
708,606,709.2598293953918,99949,2812,1382,43,6,12887,6195,0.19091736785760738,2033,1056,22477,23360,6799,3456,15835,20739,46439,36040,0,0,14337,732,2645,205,494,11,2137,0,0,7428,71503,85,372,0,0,0,0,0
709,606,710.0473169883741,99947,2920,1445,44,7,13297,6404,0.1971144706694548,2095,1077,22257,23283,7037,3583,15646,20604,46467,36072,0,0,14203,726,2638,216,528,12,2205,0,0,7728,71236,85,370,0,0,0,0,0
710,606,711.2392900325608,99944,3070,1522,47,7,13957,6717,0.20685583926999118,2141,1143,21933,23164,7429,3778,15379,20385,46494,36104,0,0,13995,712,2622,240,575,16,2343,0,0,8210,70779,84,368,0,0,0,0,0
711,606,712.041261102695,99943,3143,1584,48,7,14396,6946,0.21354171877970443,2208,1167,21708,23078,7704,3918,15188,20245,46521,36135,0,0,13831,706,2615,247,606,20,2448,0,0,8563,70459,81,367,0,0,0,0,0
712,606,713.2564859048474,99942,3299,1642,48,8,15098,7290,0.22400992575693904,2289,1214,21331,22949,8127,4161,14905,20025,46548,36166,0,0,13629,693,2596,265,663,22,2586,0,0,9132,69910,80,366,0,0,0,0,0
713,606,714.075789437716,99938,3378,1683,51,9,15565,7525,0.23104324681302407,2374,1241,21067,22838,8411,4327,14718,19901,46575,36197,0,0,13466,683,2579,279,710,25,2686,0,0,9506,69559,80,365,0,0,0,0,0
714,606,715.3199058812255,99935,3526,1772,53,10,16307,7927,0.24249762345524592,2457,1264,20707,22712,8851,4584,14405,19657,46601,36227,0,0,13262,673,2566,298,779,27,2822,0,0,10116,68951,80,361,0,0,0,0,0
715,606,716.1587890482264,99933,3614,1808,54,11,16827,8170,0.2501375921867651,2553,1347,20440,22596,9168,4755,14170,19482,46627,36257,0,0,13096,662,2557,314,815,30,2929,0,0,10557,68536,78,359,0,0,0,0,0
716,606,717.005800511708,99932,3646,1889,55,11,17310,8463,0.2579053756554457,2627,1382,20176,22458,9522,4940,13973,19319,46653,36287,0,0,12916,651,2546,334,864,31,3043,0,0,10988,68124,78,357,0,0,0,0,0
717,606,718.2933558000534,99930,3802,1987,57,11,18204,8921,0.2714400080056039,2683,1420,19763,22267,10060,5235,13634,19079,46679,36316,0,0,12654,636,2515,368,956,34,3231,0,0,11684,67421,77,354,0,0,0,0,0
718,606,719.1641148413523,99929,3905,2075,57,12,18766,9258,0.28043911176935626,2727,1434,19518,22132,10370,5436,13422,18910,46704,36345,0,0,12470,628,2495,388,1015,34,3350,0,0,12144,66976,76,353,0,0,0,0,0
719,606,720.0440196747645,99928,4011,2143,57,13,19355,9596,0.2897185973901209,2854,1408,19206,22036,10713,5655,13158,18744,46729,36374,0,0,12287,621,2476,406,1079,36,3467,0,0,12636,66495,74,351,0,0,0,0,0
720,606,721.383667730661,99927,4201,2202,57,14,20299,10084,0.3040519579292884,2894,1466,18779,21857,11248,6009,12820,18451,46754,36403,0,0,12035,609,2458,428,1177,42,3653,0,0,13404,65700,72,349,0,0,0,0,0
721,606,722.2907724168605,99925,4275,2296,57,16,20973,10458,0.31454590943207406,2902,1476,18496,21707,11676,6245,12593,18259,46779,36431,0,0,11826,604,2439,457,1258,47,3784,0,0,13940,65151,70,349,0,0,0,0,0
722,606,723.2101354907178,99922,4344,2365,60,16,21641,10820,0.3248633934468886,2915,1506,18184,21570,12113,6479,12383,18063,46804,36459,0,0,11625,595,2425,483,1344,55,3914,0,0,14480,64589,69,343,0,0,0,0,0
723,606,724.1434098140996,99914,4366,2418,68,16,22266,11182,0.3347679003943391,3012,1550,17875,21403,12525,6727,12153,17885,46828,36487,0,0,11430,583,2403,515,1436,56,4033,0,0,15046,64002,69,341,0,0,0,0,0
724,606,725.0907092442217,99911,4493,2458,71,16,23007,11571,0.3460880183363193,3060,1617,17512,21215,12953,7012,11910,17681,46852,36514,0,0,11238,573,2367,540,1537,61,4155,0,0,15664,63373,66,337,0,0,0,0,0
725,606,726.0541252175914,99908,4569,2541,73,17,23733,11989,0.3575489450294271,3125,1645,17182,21067,13392,7258,11658,17471,46876,36541,0,0,11023,563,2337,572,1639,63,4295,0,0,16272,62744,65,335,0,0,0,0,0
726,606,727.0341802545429,99904,4714,2581,75,19,24546,12399,0.3698050128122998,3149,1671,16850,20917,13819,7539,11392,17272,46900,36568,0,0,10805,557,2315,600,1744,72,4437,0,0,16900,62081,63,330,0,0,0,0,0
727,606,728.030157167219,99903,4839,2622,76,19,25335,12817,0.3818904337207091,3168,1674,16512,20762,14245,7841,11159,17081,46924,36595,0,0,10615,546,2292,637,1857,83,4544,0,0,17530,61409,63,327,0,0,0,0,0
728,606,729.0441261847475,99903,4915,2673,76,19,26128,13235,0.3940121918260713,3208,1714,16187,20584,14717,8119,10896,16890,46947,36621,0,0,10418,530,2271,677,1993,91,4664,0,0,18151,60720,61,327,0,0,0,0,0
729,606,730.0762130866241,99900,4954,2721,79,19,26944,13681,0.4066566566566567,3258,1766,15895,20384,15197,8427,10616,16682,46970,36647,0,0,10210,515,2248,720,2153,103,4788,0,0,18800,59985,60,318,0,0,0,0,0
730,606,731.1259442684342,99896,5048,2786,83,19,27780,14143,0.4196664531112357,3319,1839,15565,20201,15622,8718,10362,16436,46993,36673,0,0,9973,502,2227,758,2301,109,4947,0,0,19421,59286,58,314,0,0,0,0,0
731,606,732.1922482567377,99887,5202,2877,90,21,28683,14644,0.4337601489683342,3348,1826,15224,20033,16037,9027,10098,16215,47016,36698,0,0,9774,490,2207,801,2453,119,5059,0,0,20068,58549,58,309,0,0,0,0,0
732,606,733.2374784624928,99883,5321,2983,91,24,29593,15120,0.44765375489322506,3303,1874,14931,19846,16497,9286,9856,15986,47039,36723,0,0,9549,478,2176,837,2623,132,5201,0,0,20668,57855,58,306,0,0,0,0,0
733,606,734.2524488816135,99882,5369,3003,92,24,30415,15589,0.4605834885164494,3390,1917,14608,19661,16927,9633,9613,15761,47061,36748,0,0,9314,470,2156,878,2804,145,5347,0,0,21283,57125,58,302,0,0,0,0,0
734,606,735.2397807565679,99880,5494,3052,94,24,31249,16078,0.4738386063275931,3323,1949,14348,19463,17335,9954,9405,15557,47083,36773,0,0,9107,458,2133,922,2972,156,5474,0,0,21886,56421,56,295,0,0,0,0,0
735,606,736.200978148254,99878,5493,3065,95,25,32040,16515,0.48614309457538196,3369,1993,14035,19297,17825,10255,9182,15364,47105,36797,0,0,8911,450,2098,958,3164,168,5590,0,0,22532,55660,56,291,0,0,0,0,0
736,606,737.1353692990989,99877,5544,3151,96,25,32821,16988,0.4987034051883817,3382,1985,13759,19129,18237,10526,8981,15183,47127,36821,0,0,8700,432,2072,1007,3329,179,5713,0,0,23098,55002,56,289,0,0,0,0,0
737,606,738.0463808434705,99873,5558,3165,99,26,33537,17426,0.5102780531274719,3424,1997,13487,18960,18643,10847,8788,15004,47149,36845,0,0,8515,419,2049,1040,3521,193,5821,0,0,23654,54325,56,280,0,0,0,0,0
738,606,739.3742464834348,99869,5609,3251,103,26,34626,18107,0.5280217084380538,3416,1964,13139,18758,19188,11272,8544,14728,47170,36869,0,0,8251,400,2017,1091,3795,224,5988,0,0,24411,53363,55,274,0,0,0,0,0
739,606,740.2376831032421,99865,5678,3246,105,28,35362,18522,0.5395684173634406,3380,1969,12908,18620,19572,11575,8356,14561,47191,36893,0,0,8075,391,1985,1138,3956,246,6071,0,0,24961,52719,51,272,0,0,0,0,0
740,606,741.0834624523104,99864,5678,3224,106,28,36052,18889,0.5501582151726347,3388,2019,12684,18493,19949,11842,8194,14393,47212,36916,0,0,7911,385,1967,1173,4126,269,6150,0,0,25492,52068,50,273,0,0,0,0,0
741,606,742.3222581749485,99860,5662,3265,108,30,37059,19500,0.5663829361105548,3393,2026,12392,18292,20496,12254,7948,14132,47233,36939,0,0,7665,373,1934,1240,4412,311,6293,0,0,26153,51164,47,268,0,0,0,0,0
742,606,743.129072602257,99857,5723,3288,111,30,37766,19900,0.5774858047007221,3367,1991,12179,18193,20807,12521,7812,13976,47254,36962,0,0,7504,369,1915,1274,4588,331,6375,0,0,26628,50560,45,268,0,0,0,0,0
743,606,744.3154123959258,99855,5648,3334,112,31,38697,20492,0.5927494867557959,3364,1981,11891,18008,21355,12887,7629,13758,47274,36985,0,0,7247,352,1883,1357,4871,364,6512,0,0,27254,49707,45,263,0,0,0,0,0
744,606,745.0898523575656,99853,5632,3350,113,32,39347,20906,0.603417023023845,3298,1936,11737,17897,21729,13160,7490,13624,47294,37007,0,0,7093,348,1861,1392,5078,387,6581,0,0,27713,49096,45,259,0,0,0,0,0
745,606,746.2289514869028,99850,5702,3352,115,33,40302,21443,0.6183775663495242,3292,1914,11491,17726,22144,13535,7255,13439,47314,37029,0,0,6918,342,1817,1451,5338,430,6645,0,0,28341,48271,44,253,0,0,0,0,0
746,606,747.3449868437975,99847,5664,3388,117,34,41170,21995,0.6326179053952548,3211,1923,11296,17574,22626,13871,7085,13209,47334,37051,0,0,6757,335,1795,1516,5617,467,6694,0,0,28934,47445,40,247,0,0,0,0,0
747,606,748.0765166006607,99844,5639,3390,119,35,41715,22353,0.6416810223949361,3233,1894,11142,17478,22915,14111,6951,13091,47354,37073,0,0,6619,330,1772,1545,5805,489,6757,0,0,29314,46927,40,246,0,0,0,0,0
748,606,749.1569094604226,99842,5693,3433,120,36,42644,22874,0.6562168225796758,3161,1879,10930,17322,23316,14427,6779,12902,47374,37094,0,0,6451,320,1745,1607,6076,526,6810,0,0,29853,46173,39,242,0,0,0,0,0
749,606,750.2188220999146,99839,5696,3482,122,37,43513,23408,0.670289165556546,3149,1839,10748,17172,23680,14757,6604,12712,47393,37115,0,0,6285,314,1719,1659,6351,560,6872,0,0,30400,45401,38,240,0,0,0,0,0
750,606,751.2644038971818,99837,5633,3456,122,39,44282,23876,0.6826927892464717,3160,1847,10597,17062,24050,15059,6437,12536,47412,37136,0,0,6127,307,1699,1704,6617,598,6932,0,0,30939,44641,38,235,0,0,0,0,0
751,606,752.2940743678193,99835,5544,3401,124,39,45058,24347,0.6951970751740372,3122,1850,10434,16927,24487,15402,6288,12380,47431,37157,0,0,5938,299,1680,1773,6891,643,7006,0,0,31449,43888,38,230,0,0,0,0,0
752,606,753.3081771866704,99833,5499,3366,126,39,45836,24781,0.7073512766319754,3074,1896,10293,16794,24842,15693,6165,12211,47450,37178,0,0,5775,293,1648,1843,7165,693,7051,0,0,31884,43218,37,226,0,0,0,0,0
753,606,754.3087729288065,99830,5490,3337,128,40,46619,25220,0.7196133426825604,2991,1910,10159,16679,25199,15979,6032,12054,47469,37198,0,0,5626,285,1628,1906,7467,739,7085,0,0,32248,42589,36,221,0,0,0,0,0
754,606,755.2968873069394,99826,5445,3324,129,43,47348,25681,0.731562919479895,2982,1896,10026,16564,25516,16283,5901,11889,47488,37218,0,0,5480,280,1610,1952,7741,778,7126,0,0,32693,41913,35,218,0,0,0,0,0
755,606,756.273349631726,99823,5447,3349,131,44,48085,26171,0.7438766616911934,2880,1833,9882,16468,25870,16558,5789,11747,47507,37238,0,0,5327,274,1584,1996,8040,817,7181,0,0,33043,41315,31,215,0,0,0,0,0
756,606,757.2379481791734,99819,5431,3342,135,44,48801,26624,0.7556176679790421,2862,1774,9763,16362,26144,16862,5664,11615,47525,37258,0,0,5169,270,1563,2051,8309,878,7226,0,0,33358,40753,30,212,0,0,0,0,0
757,606,758.1925454613659,99817,5368,3365,137,44,49474,27080,0.7669435066171093,2823,1722,9663,16253,26444,17122,5564,11493,47543,37278,0,0,5059,265,1546,2108,8556,947,7221,0,0,33716,40165,28,206,0,0,0,0,0
758,606,759.137832613528,99815,5328,3342,139,44,50160,27514,0.7781796323197916,2760,1700,9582,16145,26730,17400,5460,11368,47561,37297,0,0,4948,262,1509,2168,8880,997,7219,0,0,34003,39602,26,201,0,0,0,0,0
759,606,760.0743037522047,99815,5295,3316,139,44,50842,27927,0.7891499273656264,2724,1666,9468,16043,27014,17666,5359,11264,47579,37316,0,0,4820,253,1485,2234,9153,1053,7238,0,0,34311,39046,26,196,0,0,0,0,0
760,606,761.0027125129748,99812,5196,3241,141,45,51442,28301,0.798931992145233,2713,1650,9393,15955,27290,17959,5266,11149,47597,37335,0,0,4688,252,1466,2281,9441,1115,7263,0,0,34565,38519,26,196,0,0,0,0,0
761,606,762.2281928086949,99806,5130,3133,145,47,52279,28793,0.8122958539566759,2684,1606,9294,15895,27630,18338,5116,10980,47615,37354,0,0,4535,247,1433,2367,9777,1220,7280,0,0,34911,37821,25,190,0,0,0,0,0
762,606,763.1390716740311,99804,5119,3094,147,47,52921,29161,0.8224319666546431,2607,1594,9221,15821,27882,18564,5023,10879,47632,37373,0,0,4413,240,1419,2424,10026,1277,7293,0,0,35166,37332,25,189,0,0,0,0,0
763,606,764.043205331083,99803,5036,2998,148,47,53489,29492,0.8314479524663587,2593,1602,9140,15770,28158,18826,4924,10756,47649,37392,0,0,4312,232,1398,2468,10308,1337,7297,0,0,35411,36830,23,187,0,0,0,0,0
764,606,765.238308821582,99799,4917,3010,149,50,54215,29975,0.8435956272106935,2608,1587,9075,15688,28457,19060,4793,10604,47666,37410,0,0,4165,225,1376,2518,10676,1411,7328,0,0,35628,36266,23,183,0,0,0,0,0
765,606,766.1274008671426,99796,4868,2951,151,51,54776,30308,0.8525792616938555,2555,1561,9026,15641,28671,19290,4728,10505,47683,37428,0,0,4074,219,1362,2554,10903,1479,7338,0,0,35892,35772,23,180,0,0,0,0,0
766,606,767.0112601111824,99793,4779,2924,153,52,55309,30640,0.8612728347679697,2571,1523,8949,15579,28882,19494,4665,10427,47700,37446,0,0,3979,216,1345,2606,11139,1544,7323,0,0,36106,35333,23,179,0,0,0,0,0
767,606,768.1818001329498,99790,4682,2871,154,54,56027,31079,0.8728930754584627,2503,1490,8883,15541,29209,19745,4568,10298,47717,37464,0,0,3863,210,1326,2647,11492,1622,7329,0,0,36366,34738,23,174,0,0,0,0,0
768,606,769.0531857768516,99788,4632,2830,155,55,56579,31389,0.8815488836333026,2436,1474,8846,15505,29415,19941,4515,10194,47734,37482,0,0,3782,203,1312,2669,11775,1680,7326,0,0,36522,34326,22,171,0,0,0,0,0
769,606,770.2076576437288,99785,4583,2849,157,56,57299,31822,0.8931302299944881,2351,1446,8802,15442,29688,20138,4418,10068,47751,37499,0,0,3678,199,1286,2721,12108,1754,7320,0,0,36713,33817,22,167,0,0,0,0,0
770,606,771.0682015984737,99783,4530,2805,157,58,57820,32101,0.9011655291983605,2266,1451,8789,15397,29903,20312,4354,9976,47767,37516,0,0,3598,194,1274,2763,12347,1817,7307,0,0,36864,33433,22,164,0,0,0,0,0
771,606,772.2087080184865,99780,4461,2740,159,59,58465,32520,0.9118560833834436,2220,1453,8736,15345,30140,20545,4283,9857,47783,37533,0,0,3493,187,1256,2811,12686,1904,7307,0,0,37020,32936,22,158,0,0,0,0,0
772,606,773.059591623088,99780,4386,2765,159,59,58903,32837,0.9194227300060133,2224,1396,8720,15302,30271,20696,4239,9781,47799,37550,0,0,3425,184,1245,2843,12936,1958,7291,0,0,37104,32619,21,154,0,0,0,0,0
773,606,774.1897538950619,99776,4297,2712,163,59,59505,33227,0.9294018601667736,2214,1349,8715,15265,30452,20944,4158,9670,47815,37567,0,0,3337,180,1225,2894,13255,2036,7267,0,0,37264,32144,21,153,0,0,0,0,0
774,606,775.0342928599495,99776,4268,2672,163,59,59992,33530,0.9373195958948044,2143,1321,8681,15251,30638,21124,4106,9572,47831,37584,0,0,3282,177,1215,2926,13500,2107,7237,0,0,37371,31789,20,152,0,0,0,0,0
775,606,776.1550873890247,99773,4189,2623,165,60,60585,33909,0.947089894059515,2110,1303,8662,15227,30835,21323,4038,9463,47847,37600,0,0,3185,172,1206,2967,13791,2207,7230,0,0,37483,31361,20,151,0,0,0,0,0
776,606,777.2706996469414,99772,4153,2590,166,60,61170,34278,0.9566611875075172,2061,1239,8634,15195,31006,21546,3979,9369,47863,37616,0,0,3114,165,1192,3019,14022,2308,7194,0,0,37650,30937,20,151,0,0,0,0,0
777,606,778.104546673146,99770,4075,2578,167,61,61590,34551,0.9636263405833417,2009,1211,8629,15176,31182,21680,3937,9293,47878,37632,0,0,3053,161,1183,3045,14225,2375,7173,0,0,37768,30618,20,149,0,0,0,0,0
778,606,779.211797772283,99766,3977,2499,170,62,62158,34864,0.9724956397971253,1997,1260,8596,15147,31382,21847,3877,9184,47893,37648,0,0,2980,156,1167,3086,14538,2474,7144,0,0,37826,30228,20,147,0,0,0,0,0
779,606,780.0386066473449,99766,3967,2441,170,62,62613,35122,0.9796423631297235,1933,1231,8574,15124,31530,22018,3825,9123,47908,37664,0,0,2934,153,1160,3110,14768,2534,7118,0,0,37930,29894,20,145,0,0,0,0,0
780,606,781.1370558915263,99764,3897,2390,171,63,63165,35457,0.9885529850447055,1883,1207,8569,15093,31716,22217,3763,9029,47923,37680,0,0,2860,148,1150,3159,15007,2641,7090,0,0,38050,29498,19,142,0,0,0,0,0
781,606,782.2312168687591,99761,3785,2324,174,63,63672,35763,0.9967321899339421,1819,1211,8569,15069,31920,22379,3732,8953,47938,37696,0,0,2798,143,1136,3199,15288,2741,7053,0,0,38113,29131,19,140,0,0,0,0,0
782,606,783.0488869134448,99759,3725,2318,174,65,64048,36007,1.0029671508335087,1748,1183,8554,15048,32093,22479,3705,8906,47953,37711,0,0,2757,142,1131,3202,15495,2814,7037,0,0,38147,28878,19,137,0,0,0,0,0
783,606,784.1347234734504,99757,3607,2297,176,65,64500,36305,1.010505528434095,1719,1166,8559,15046,32295,22610,3643,8815,47968,37726,0,0,2708,140,1123,3226,15738,2905,6992,0,0,38225,28544,19,137,0,0,0,0,0
784,606,785.2165155984122,99755,3520,2270,178,65,64980,36611,1.0184050924765675,1660,1113,8589,15037,32448,22762,3604,8752,47983,37741,0,0,2649,139,1118,3250,15991,3007,6962,0,0,38258,28227,19,135,0,0,0,0,0
785,606,786.0258829012785,99755,3449,2254,178,65,65311,36844,1.024058944413814,1632,1090,8599,15028,32560,22874,3581,8688,47998,37756,0,0,2620,137,1112,3270,16189,3071,6913,0,0,38301,27991,18,133,0,0,0,0,0
786,606,787.1028117871691,99753,3376,2227,179,66,65773,37133,1.031608071937686,1598,1044,8627,15044,32688,23018,3531,8600,48012,37771,0,0,2559,133,1097,3312,16411,3151,6881,0,0,38398,27663,17,131,0,0,0,0,0
787,606,788.1772413313175,99751,3304,2181,179,68,66172,37409,1.038395605056591,1602,1058,8628,15050,32783,23124,3503,8518,48026,37786,0,0,2511,129,1078,3323,16640,3241,6862,0,0,38438,27381,17,131,0,0,0,0,0
788,606,789.2498142416665,99749,3283,2138,181,68,66628,37682,1.0457247691706182,1538,1007,8628,15079,32911,23250,3458,8457,48040,37801,0,0,2474,129,1065,3340,16867,3335,6824,0,0,38474,27095,17,129,0,0,0,0,0
789,606,790.0525084105223,99748,3221,2098,182,68,66949,37896,1.051098768897622,1495,980,8639,15076,33033,23373,3429,8404,48054,37815,0,0,2440,127,1052,3353,17028,3414,6794,0,0,38534,26861,17,128,0,0,0,0,0
790,606,791.120532632322,99744,3124,2016,186,68,67342,38144,1.0575673724735322,1489,987,8647,15105,33149,23516,3404,8307,48068,37829,0,0,2394,124,1032,3379,17252,3514,6759,0,0,38569,26578,17,126,0,0,0,0,0
791,606,792.186875778727,99741,3019,1992,187,70,67722,38406,1.0640358528589047,1527,956,8688,15113,33220,23617,3358,8251,48082,37843,0,0,2351,121,1026,3389,17440,3622,6733,0,0,38607,26310,17,125,0,0,0,0,0
792,606,793.2522004063782,99739,2959,1965,188,71,68108,38666,1.0705340939853016,1496,931,8708,15124,33316,23714,3332,8194,48096,37857,0,0,2306,121,1015,3417,17648,3705,6696,0,0,38629,26060,17,125,0,0,0,0,0
793,606,794.0501031720811,99738,2903,1945,188,72,68384,38875,1.0754075678277086,1491,880,8736,15126,33377,23819,3304,8157,48110,37871,0,0,2283,121,1005,3437,17820,3778,6653,0,0,38611,25889,17,124,0,0,0,0,0
794,606,795.1132230321214,99737,2779,1898,188,73,68748,39114,1.0814642509800776,1467,853,8768,15147,33519,23938,3278,8090,48124,37885,0,0,2241,118,996,3453,18046,3878,6624,0,0,38597,25644,16,124,0,0,0,0,0
795,606,796.1744112382407,99736,2737,1858,188,74,69149,39353,1.087892034972327,1435,819,8793,15178,33602,24029,3244,8041,48137,37899,0,0,2210,112,991,3479,18217,3981,6583,0,0,38637,25389,16,121,0,0,0,0,0
796,606,797.2343707595222,99733,2737,1836,190,75,69543,39585,1.094201518053202,1338,799,8842,15179,33679,24126,3213,7984,48150,37913,0,0,2166,110,982,3491,18394,4063,6570,0,0,38654,25168,16,119,0,0,0,0,0
797,606,798.0287298752754,99733,2697,1779,190,75,69812,39744,1.0984929762465783,1312,762,8877,15216,33738,24214,3185,7953,48163,37926,0,0,2139,107,979,3503,18568,4123,6543,0,0,38630,25007,16,118,0,0,0,0,0
798,606,799.0871989619479,99732,2621,1705,191,75,70143,39941,1.1037981791200417,1294,772,8906,15262,33835,24295,3152,7890,48176,37939,0,0,2108,105,972,3525,18750,4211,6502,0,0,38649,24778,16,116,0,0,0,0,0
799,606,800.1446373240525,99732,2588,1683,191,75,70499,40176,1.109724060482092,1224,737,8972,15287,33893,24368,3131,7849,48189,37952,0,0,2075,104,966,3531,18954,4289,6473,0,0,38638,24570,16,116,0,0,0,0,0
800,606,801.2017003196772,99731,2521,1608,192,75,70827,40379,1.115059510082121,1163,728,9013,15329,34002,24473,3108,7786,48202,37965,0,0,2045,103,962,3550,19146,4376,6431,0,0,38632,24356,16,114,0,0,0,0,0
801,606,802.2577021320683,99730,2433,1560,193,75,71138,40562,1.1200240649754336,1150,728,9064,15366,34072,24529,3087,7741,48215,37978,0,0,2018,99,959,3564,19307,4475,6395,0,0,38612,24174,16,111,0,0,0,0,0
802,606,803.049393575155,99730,2407,1530,193,75,71362,40703,1.1236839466559712,1160,705,9099,15399,34066,24578,3074,7712,48228,37991,0,0,1993,96,955,3564,19418,4542,6378,0,0,38607,24051,16,110,0,0,0,0,0
803,606,804.105673460723,99730,2347,1517,193,75,71651,40897,1.1285270229619975,1129,690,9161,15439,34111,24617,3058,7661,48241,38004,0,0,1968,94,948,3584,19571,4624,6341,0,0,38587,23888,16,109,0,0,0,0,0
804,606,805.1619687129493,99729,2326,1466,193,76,71965,41081,1.1335318713714166,1074,675,9215,15496,34153,24683,3038,7603,48254,38017,0,0,1942,94,936,3593,19741,4699,6302,0,0,38587,23712,16,107,0,0,0,0,0
805,606,806.218305387361,99727,2246,1448,195,76,72243,41280,1.1383376618167598,1039,626,9268,15540,34233,24745,3018,7564,48266,38029,0,0,1907,94,924,3601,19893,4777,6277,0,0,38595,23536,16,107,0,0,0,0,0
806,606,807.0101997148732,99727,2204,1389,195,76,72449,41400,1.1416065859797246,1016,614,9327,15559,34250,24816,3007,7545,48278,38041,0,0,1882,92,920,3611,19984,4843,6253,0,0,38628,23393,14,107,0,0,0,0,0
807,606,808.0665852802227,99724,2170,1340,196,78,72722,41542,1.1458024146644739,995,630,9350,15605,34304,24843,2984,7503,48290,38053,0,0,1863,89,919,3629,20110,4917,6221,0,0,38624,23234,13,105,0,0,0,0,0
808,606,809.1224321899323,99722,2098,1293,197,79,72979,41710,1.1500872425342452,972,591,9384,15669,34380,24901,2968,7466,48302,38065,0,0,1839,89,913,3649,20275,4999,6183,0,0,38567,23092,13,103,0,0,0,0,0
809,606,810.1776976485604,99722,1997,1265,197,79,73207,41874,1.154018170514029,991,575,9421,15738,34433,24917,2960,7425,48314,38077,0,0,1815,89,906,3643,20411,5091,6161,0,0,38543,22949,13,101,0,0,0,0,0
810,606,811.2326362306586,99722,1926,1206,197,79,73462,42014,1.1579791821263112,972,583,9483,15779,34486,24967,2935,7385,48326,38089,0,0,1795,87,900,3657,20552,5169,6124,0,0,38537,22787,13,101,0,0,0,0,0
811,606,812.0238100857363,99722,1920,1170,197,79,73656,42123,1.161017629008644,930,572,9533,15811,34485,25013,2934,7354,48338,38101,0,0,1771,84,896,3680,20621,5234,6097,0,0,38525,22700,13,101,0,0,0,0,0
812,606,813.0795077697824,99720,1862,1148,197,81,73896,42271,1.164931809065383,926,553,9591,15874,34507,25024,2916,7319,48350,38113,0,0,1749,83,893,3693,20731,5314,6071,0,0,38508,22564,13,101,0,0,0,0,0
813,606,814.1357728375701,99719,1812,1102,197,82,74126,42403,1.16857369207473,934,546,9652,15947,34511,25048,2893,7274,48362,38125,0,0,1730,82,890,3697,20839,5392,6046,0,0,38507,22422,13,101,0,0,0,0,0
814,606,815.1927052462275,99719,1781,1079,197,82,74376,42547,1.1725247946730313,888,534,9731,16016,34522,25049,2880,7239,48374,38137,0,0,1714,82,889,3714,20963,5461,5998,0,0,38482,22304,13,99,0,0,0,0,0
815,606,816.2506037505698,99717,1761,1061,199,82,74628,42691,1.1765195503274266,829,516,9807,16088,34526,25048,2877,7204,48386,38148,0,0,1703,81,884,3721,21091,5529,5962,0,0,38453,22181,13,99,0,0,0,0,0
816,606,817.0447370805452,99717,1695,1024,199,82,74793,42787,1.1791369575899797,817,514,9865,16140,34557,25077,2866,7162,48397,38159,0,0,1681,80,878,3715,21192,5590,5950,0,0,38435,22084,13,99,0,0,0,0,0
817,606,818.104337488294,99717,1678,995,199,82,75019,42912,1.1826569190809992,804,497,9931,16208,34538,25094,2849,7123,48408,38170,0,0,1663,79,876,3718,21296,5656,5925,0,0,38422,21970,13,99,0,0,0,0,0
818,606,819.1646417346259,99716,1626,969,200,82,75213,43028,1.1857776084078784,776,495,9997,16274,34569,25092,2831,7087,48419,38181,0,0,1644,78,874,3712,21400,5721,5904,0,0,38410,21861,13,99,0,0,0,0,0
819,606,820.225591785179,99714,1622,947,202,82,75426,43166,1.189321459373809,747,493,10071,16303,34542,25128,2815,7046,48430,38192,0,0,1629,78,872,3712,21502,5782,5879,0,0,38395,21753,13,99,0,0,0,0,0
820,606,821.022058916357,99713,1581,954,203,82,75571,43278,1.1919107839499363,730,456,10125,16340,34549,25131,2811,7036,48441,38203,0,0,1610,76,869,3711,21593,5829,5864,0,0,38363,21686,13,99,0,0,0,0,0
821,606,822.0848167986144,99713,1506,944,203,82,75731,43394,1.1946787279492141,732,461,10211,16397,34541,25106,2806,7009,48452,38214,0,0,1595,76,867,3716,21694,5887,5831,0,0,38347,21589,13,98,0,0,0,0,0
822,606,823.1491170096201,99712,1483,948,203,83,75912,43539,1.1979601251604621,734,446,10290,16441,34484,25119,2805,6962,48463,38225,0,0,1579,75,864,3718,21767,5954,5813,0,0,38341,21491,13,97,0,0,0,0,0
823,606,824.2153172853738,99709,1450,942,205,84,76091,43661,1.2010149535147279,700,424,10377,16513,34469,25111,2798,6925,48474,38236,0,0,1561,75,859,3715,21852,6011,5790,0,0,38338,21398,13,97,0,0,0,0,0
824,606,825.015852766373,99709,1439,940,205,84,76238,43752,1.2034018995276254,676,407,10433,16566,34460,25094,2786,6908,48485,38247,0,0,1550,74,855,3722,21908,6065,5766,0,0,38316,21345,13,95,0,0,0,0,0
825,606,826.0843798525625,99707,1415,922,207,84,76419,43875,1.2064749716669843,657,410,10515,16607,34428,25108,2777,6868,48496,38257,0,0,1525,74,849,3737,21996,6121,5744,0,0,38289,21265,13,94,0,0,0,0,0
826,606,827.1546871436203,99704,1386,898,208,86,76600,43982,1.2093998234774934,645,402,10603,16689,34394,25089,2763,6835,48507,38267,0,0,1517,74,848,3737,22093,6185,5719,0,0,38246,21178,13,94,0,0,0,0,0
827,606,828.2266808110074,99703,1356,852,209,86,76772,44074,1.2120598176584456,621,389,10689,16777,34368,25092,2756,6803,48518,38277,0,0,1506,74,844,3745,22183,6244,5692,0,0,38228,21080,12,95,0,0,0,0,0
828,606,829.0320028360766,99702,1321,830,209,87,76900,44162,1.2142384305229583,618,360,10745,16854,34356,25086,2750,6782,48529,38287,0,0,1492,73,843,3737,22252,6295,5683,0,0,38213,21007,12,95,0,0,0,0,0
829,606,830.1070710209939,99702,1274,798,209,87,77057,44265,1.2168462016810093,597,349,10831,16935,34345,25080,2743,6750,48539,38297,0,0,1479,73,841,3726,22327,6362,5670,0,0,38207,20910,11,96,0,0,0,0,0
830,606,831.18366001112,99702,1239,746,209,87,77216,44347,1.2192634049467412,620,347,10908,16999,34297,25097,2726,6723,48549,38307,0,0,1465,72,836,3725,22382,6435,5647,0,0,38210,20823,11,96,0,0,0,0,0
831,606,832.2622144995082,99702,1237,721,209,87,77397,44435,1.2219614451064171,577,365,10963,17043,34292,25089,2721,6694,48559,38317,0,0,1452,71,835,3726,22474,6476,5623,0,0,38199,20740,11,95,0,0,0,0,0
832,606,833.0715803212604,99702,1215,707,209,87,77534,44497,1.223957393031233,553,369,11001,17090,34299,25062,2722,6684,48569,38327,0,0,1443,71,833,3727,22525,6529,5600,0,0,38182,20686,11,95,0,0,0,0,0
833,606,834.1513647514283,99701,1177,701,210,87,77667,44597,1.2263066569041434,549,352,11065,17153,34278,25042,2720,6664,48579,38337,0,0,1433,69,828,3721,22611,6573,5580,0,0,38167,20613,11,95,0,0,0,0,0
834,606,835.232518628613,99700,1134,685,211,87,77807,44697,1.2287261785356067,537,328,11155,17235,34245,25030,2717,6634,48589,38347,0,0,1422,69,826,3730,22695,6626,5552,0,0,38132,20542,11,95,0,0,0,0,0
835,606,836.0446998822429,99698,1099,666,213,87,77913,44749,1.2303356135529298,529,350,11232,17305,34218,24982,2708,6609,48599,38357,0,0,1411,69,822,3729,22747,6663,5531,0,0,38135,20485,11,95,0,0,0,0,0
836,606,837.1291777382073,99698,1066,650,213,87,78050,44829,1.2325121868041484,513,347,11328,17374,34174,24956,2705,6585,48609,38367,0,0,1393,68,821,3725,22818,6711,5516,0,0,38116,20425,11,94,0,0,0,0,0
837,606,838.2156561364139,99697,1050,622,214,87,78183,44907,1.234640962115209,511,348,11414,17458,34121,24933,2689,6551,48619,38376,0,0,1376,68,819,3726,22891,6755,5499,0,0,38089,20370,11,93,0,0,0,0,0
838,606,839.0319159947502,99696,1005,628,215,87,78277,44978,1.2363083774675012,493,329,11497,17514,34105,24905,2684,6536,48629,38385,0,0,1368,66,818,3719,22929,6806,5483,0,0,38077,20326,11,93,0,0,0,0,0
839,606,840.1219010322499,99696,960,619,215,87,78399,45071,1.2384649333975284,492,307,11618,17597,34044,24876,2670,6513,48639,38394,1,1,1355,65,817,3711,22991,6864,5467,0,0,38055,20266,11,93,0,1,0,0,0
840,606,841.2148247466653,99696,940,601,215,87,78527,45149,1.2405312148932754,466,297,11719,17689,33996,24837,2663,6488,48649,38403,2,2,1342,65,811,3713,23038,6915,5450,0,0,38054,20202,11,93,0,1,0,0,1
841,606,842.0360250710057,99696,940,607,215,87,78627,45217,1.242216337666506,446,281,11780,17739,33962,24809,2656,6476,48659,38412,3,3,1330,65,809,3706,23094,6943,5439,0,0,38030,20174,11,93,0,1,0,0,1
842,606,843.1325030455996,99696,899,594,215,87,78730,45300,1.2440820093082972,449,267,11856,17824,33939,24766,2641,6461,48669,38421,4,4,1318,65,809,3706,23166,6983,5418,0,0,38006,20118,11,92,0,3,0,0,1
843,606,844.2305836602866,99696,864,578,215,87,78839,45365,1.2458273150377146,435,273,11964,17905,33885,24723,2636,6433,48678,38430,6,5,1309,63,807,3703,23211,7029,5405,0,0,38004,20055,11,92,0,4,0,0,3
844,606,845.0557143541367,99694,841,581,217,87,78922,45421,1.2472465745180252,427,253,12024,17972,33852,24683,2638,6423,48687,38439,9,6,1308,63,805,3699,23258,7058,5384,0,0,37997,20009,11,92,0,5,0,0,5
845,606,846.1580294706396,99694,832,558,217,87,79039,45498,1.249192529139166,403,240,12111,18054,33801,24655,2635,6405,48696,38448,13,7,1297,62,804,3700,23311,7104,5367,0,0,37979,19953,11,92,0,7,0,0,7
846,606,847.2625053469027,99694,813,540,217,87,79141,45554,1.250777378779064,392,257,12212,18133,33737,24604,2628,6378,48705,38457,18,8,1289,61,803,3692,23365,7141,5352,0,0,37966,19905,11,92,0,10,0,0,7
847,606,848.0924556263998,99694,811,541,217,87,79232,45617,1.2523221056432683,384,236,12288,18195,33674,24574,2625,6366,48714,38466,25,9,1279,60,801,3699,23404,7171,5338,0,0,37947,19870,11,91,0,15,0,0,8
848,606,849.2014115164206,99693,806,504,217,88,79359,45674,1.2541803336242263,353,227,12379,18279,33626,24553,2618,6348,48723,38475,33,10,1270,60,800,3700,23457,7215,5315,0,0,37932,19813,11,90,0,20,0,0,10
849,606,850.0347538880764,99692,803,514,218,88,79438,45736,1.2556072703928098,344,223,12451,18355,33567,24486,2616,6333,48732,38484,43,11,1263,60,800,3700,23470,7252,5302,0,0,37927,19779,11,90,0,26,0,0,12
850,606,851.1484511245753,99692,783,510,218,88,79535,45816,1.2573827388356138,356,210,12545,18429,33489,24442,2608,6320,48741,38492,55,12,1254,58,797,3695,23520,7289,5288,0,0,37926,19718,11,90,0,29,0,0,17
851,606,852.2650677263432,99692,775,503,218,88,79645,45881,1.2591381454881034,335,196,12637,18509,33431,24389,2603,6314,48750,38500,69,13,1247,58,796,3693,23571,7325,5273,0,0,37898,19673,11,89,1,36,0,0,21
852,606,853.1041202946644,99692,767,473,218,88,79725,45922,1.2603518838021106,319,195,12719,18561,33369,24361,2607,6321,48759,38508,85,14,1238,58,796,3697,23607,7359,5260,0,0,37873,19630,11,89,1,43,0,0,30
853,606,854.2256802646142,99691,727,437,219,88,79798,45967,1.2615481838882145,345,203,12821,18663,33293,24288,2594,6320,48768,38516,104,15,1229,58,793,3696,23653,7403,5247,0,0,37841,19581,11,89,1,51,0,0,38
854,606,855.0688118346617,99691,717,419,219,88,79876,45999,1.2626515934236793,341,215,12902,18728,33235,24225,2585,6324,48777,38524,125,17,1223,58,791,3694,23670,7445,5230,0,0,37822,19551,11,88,1,59,1,0,47
855,606,856.1956753217704,99691,700,418,219,88,79962,46059,1.264116118807114,341,215,13011,18810,33147,24150,2581,6318,48786,38532,149,19,1216,58,791,3683,23707,7478,5217,0,0,37817,19495,11,88,1,69,1,0,59
856,606,857.0428153819579,99691,700,410,219,88,80041,46099,1.2653098073045712,331,208,13106,18864,33063,24108,2580,6321,48795,38540,176,21,1210,57,789,3680,23737,7503,5205,0,0,37804,19452,11,87,1,86,1,0,68
857,606,858.1758614594854,99691,674,402,219,88,80125,46155,1.2667141467133443,324,190,13223,18918,32992,24069,2567,6332,48804,38548,206,23,1204,57,787,3684,23759,7549,5186,0,0,37784,19400,11,87,1,103,1,0,78
858,606,859.0277858781238,99691,669,384,219,88,80196,46194,1.2678175562488088,302,196,13317,18966,32924,24022,2568,6343,48813,38556,239,26,1200,57,785,3683,23792,7580,5168,0,0,37767,19350,11,86,1,115,1,0,95
859,606,860.1665376462691,99691,657,384,219,88,80287,46257,1.2693623295984593,276,189,13425,19024,32861,23953,2561,6361,48821,38564,276,29,1195,57,783,3679,23828,7630,5155,0,0,37719,19310,11,86,1,133,1,0,103
860,606,861.0225147202726,99691,616,389,219,88,80342,46298,1.2703253051930465,274,180,13498,19074,32827,23885,2565,6383,48829,38572,317,32,1187,57,780,3672,23857,7668,5143,0,0,37690,19271,11,86,1,146,3,0,119
861,606,862.1659673468971,99691,579,357,219,88,80423,46354,1.2716995516144887,257,160,13606,19137,32785,23855,2553,6402,48837,38580,361,36,1184,56,781,3658,23899,7719,5129,0,0,37664,19196,11,86,1,167,3,0,137
862,606,863.0250829712194,99691,557,344,219,88,80467,46383,1.272431814306206,254,164,13677,19198,32741,23776,2551,6429,48845,38588,409,40,1180,56,777,3663,23907,7760,5111,0,0,37619,19170,11,86,1,192,6,0,152
863,606,864.17304972064,99690,560,341,219,89,80543,46432,1.273698465242251,268,156,13776,19262,32622,23698,2554,6453,48853,38596,462,45,1175,56,774,3655,23951,7788,5103,0,0,37576,19121,11,86,1,217,7,0,169
864,606,865.0365255730294,99690,546,323,219,89,80602,46461,1.2745812017253486,255,160,13868,19303,32552,23633,2559,6491,48861,38604,519,50,1171,55,772,3656,23973,7827,5087,0,0,37535,19083,11,86,1,245,7,0,181
865,606,866.1916268265194,99690,530,322,219,89,80670,46508,1.2757347778112147,251,162,13991,19387,32447,23526,2561,6513,48869,38612,580,56,1164,55,771,3660,23983,7866,5070,0,0,37511,19029,11,86,1,277,7,0,199
866,606,867.0603721749577,99690,517,310,219,89,80718,46536,1.2764971411375263,243,154,14060,19448,32392,23444,2568,6554,48877,38619,646,62,1160,54,767,3659,23973,7916,5061,0,0,37485,18987,11,86,1,304,9,0,217
867,606,868.221616567837,99690,530,301,219,89,80800,46570,1.2776607483197913,215,156,14180,19529,32287,23327,2568,6597,48885,38626,716,69,1153,54,765,3663,23969,7965,5048,0,0,37446,18946,11,86,1,335,10,0,238
868,606,869.0952539600637,99690,525,300,219,89,80859,46605,1.278603671381282,211,152,14263,19569,32207,23249,2574,6640,48893,38633,791,77,1148,54,764,3661,23967,8007,5038,0,0,37406,18898,11,86,1,375,11,0,263
869,606,870.2637325829978,99690,497,299,219,89,80919,46653,1.2796870297923564,211,151,14389,19605,32112,23148,2571,6707,48901,38640,871,86,1145,54,763,3659,23983,8053,5020,0,0,37364,18838,11,86,1,415,12,0,286
870,606,871.1424663913883,99690,484,293,219,89,80968,46679,1.280439362022269,215,143,14467,19650,32033,23057,2581,6767,48909,38647,956,95,1141,54,761,3660,23979,8096,5005,0,0,37314,18795,11,86,1,463,14,0,310
871,606,872.0235493724033,99690,488,278,219,89,81020,46708,1.2812518808305748,194,142,14546,19666,31963,22992,2589,6832,48917,38654,1046,105,1138,54,761,3657,23985,8130,4992,0,0,37279,18727,11,86,1,505,14,0,350
872,606,873.2019478739631,99689,476,270,220,89,81087,46738,1.282237759431833,173,142,14679,19731,31852,22875,2599,6892,48925,38661,1142,116,1133,54,760,3658,23990,8173,4978,0,0,37214,18670,11,86,1,561,15,0,385
873,606,874.0885684401854,99689,448,267,220,89,81129,46765,1.2829299120264022,173,142,14749,19774,31806,22769,2603,6958,48933,38668,1243,128,1126,54,757,3659,23986,8218,4966,0,0,37166,18612,11,86,1,606,16,0,425
874,606,875.2734590292591,99689,434,262,220,89,81184,46810,1.2839330317286761,168,137,14850,19835,31715,22656,2612,7020,48941,38675,1349,141,1122,54,756,3652,23999,8263,4956,0,0,37105,18550,11,86,1,660,16,0,458
875,606,876.1644805554185,99689,419,271,220,89,81216,46845,1.2846051219291998,181,117,14922,19859,31636,22549,2621,7114,48949,38682,1461,155,1119,54,754,3649,23998,8298,4943,0,0,37049,18492,11,86,1,717,18,0,500
876,606,877.0578615301541,99689,408,262,220,89,81261,46867,1.2852772121297233,174,114,14996,19889,31570,22442,2631,7203,48957,38689,1578,170,1113,54,752,3653,23993,8339,4927,0,0,36977,18440,11,86,1,785,20,0,538
877,606,878.2526144879098,99689,385,245,220,89,81311,46893,1.2860395831034517,182,111,15103,19934,31473,22333,2636,7287,48965,38696,1701,186,1110,53,750,3646,23994,8399,4917,0,0,36902,18376,11,85,2,841,23,0,580
878,606,879.151179544111,99689,377,236,220,89,81353,46916,1.2866916109099298,165,108,15165,19947,31420,22230,2652,7389,48972,38703,1830,203,1109,53,745,3645,23982,8443,4901,0,0,36847,18312,11,85,2,907,26,0,621
879,606,880.0519254811692,99689,357,230,220,89,81392,46950,1.28742388829259,172,89,15256,19966,31322,22133,2672,7492,48979,38710,1964,221,1106,53,740,3638,23994,8489,4892,0,0,36744,18261,11,84,3,988,29,0,657
880,606,881.2569582048587,99689,350,208,220,89,81451,46979,1.288306633630591,157,82,15370,20023,31219,22007,2683,7590,48986,38717,2104,241,1103,53,740,3632,23981,8553,4879,0,0,36670,18188,11,84,3,1064,29,0,699
881,606,882.1637586404449,99689,337,197,220,89,81488,46996,1.2888483182698192,138,80,15470,20051,31134,21881,2700,7701,48993,38724,2249,262,1099,53,739,3626,23956,8615,4872,0,0,36589,18129,11,83,4,1137,30,0,746
882,606,883.0733037915513,99689,329,199,220,89,81517,47015,1.2893298157269106,151,76,15539,20081,31043,21749,2717,7805,49000,38731,2400,284,1096,53,735,3623,23928,8671,4864,0,0,36509,18072,11,83,4,1214,31,0,795
883,606,884.2903472179552,99688,321,197,221,89,81559,47037,1.289984752427574,147,81,15644,20117,30929,21584,2737,7931,49007,38738,2557,308,1089,53,731,3623,23914,8717,4855,0,0,36421,18006,11,83,4,1301,35,0,845
884,606,885.2060327318127,99687,320,198,221,90,81593,47062,1.2905895452767162,154,77,15715,20106,30832,21470,2757,8058,49014,38744,2719,333,1082,53,730,3622,23893,8764,4850,0,0,36323,17944,11,83,4,1396,36,0,896
885,606,886.1245281799766,99687,323,201,221,90,81629,47087,1.2912014605715891,142,71,15796,20125,30744,21336,2773,8176,49021,38750,2887,360,1080,53,726,3623,23869,8814,4839,0,0,36241,17870,11,83,4,1477,39,0,958
886,606,887.0458903357948,99686,309,194,222,90,81669,47106,1.2918062716931165,134,73,15872,20135,30668,21197,2794,8310,49028,38756,3060,389,1075,51,726,3620,23833,8879,4831,0,0,36168,17789,11,83,4,1558,40,0,1018
887,606,888.2784611333218,99686,285,182,222,90,81702,47127,1.292347972634071,144,70,15969,20167,30568,21049,2811,8441,49035,38762,3239,419,1073,51,723,3624,23796,8952,4814,0,0,36070,17717,11,83,4,1652,42,0,1074
888,606,889.2056553261712,99686,285,171,222,90,81739,47142,1.2928696105772124,130,75,16063,20170,30467,20917,2832,8576,49042,38768,3423,451,1070,51,719,3620,23779,8998,4808,0,0,35979,17632,11,83,4,1745,45,0,1142
889,606,890.1357420924169,99686,258,170,222,90,81764,47161,1.2933109965291014,136,73,16137,20157,30386,20791,2860,8718,49049,38774,3613,485,1061,51,716,3623,23753,9057,4799,0,0,35868,17561,11,82,5,1843,48,0,1208
890,606,891.0687659984919,99686,243,165,222,90,81793,47178,1.2937724454788035,137,75,16207,20124,30301,20672,2889,8873,49056,38780,3808,520,1060,51,715,3624,23730,9117,4785,0,0,35752,17488,11,82,5,1944,49,0,1273
891,606,892.0044876252822,99686,227,165,222,90,81822,47205,1.2943342094175712,137,65,16273,20124,30223,20520,2917,9035,49063,38786,4008,557,1053,51,714,3622,23705,9176,4779,0,0,35627,17409,11,82,5,2060,50,0,1342
892,606,893.2564910923022,99686,222,157,222,90,81861,47225,1.2949260678530585,131,65,16376,20158,30102,20357,2946,9172,49070,38792,4213,596,1049,51,711,3624,23655,9250,4767,0,0,35530,17323,11,82,5,2165,52,0,1411
893,606,894.1988888737443,99686,214,157,222,90,81884,47248,1.2953875168027607,131,55,16462,20136,29998,20215,2972,9346,49077,38798,4423,637,1047,51,706,3621,23597,9331,4759,0,0,35420,17244,11,82,5,2276,54,0,1482
894,606,895.1445176599275,99686,217,146,222,90,81913,47257,1.2957687137612102,125,57,16553,20138,29874,20056,3008,9512,49084,38804,4638,680,1043,51,702,3620,23557,9397,4751,0,0,35292,17175,11,82,5,2396,57,0,1547
895,606,896.0941418845237,99685,226,143,223,90,81951,47269,1.2962832923709686,116,54,16616,20124,29773,19910,3045,9678,49091,38810,4857,725,1039,50,696,3620,23507,9462,4743,0,0,35166,17110,11,82,5,2525,64,0,1605
896,606,897.0471228236624,99685,227,143,223,90,81983,47284,1.2967547775492803,108,53,16674,20110,29677,19757,3090,9846,49098,38816,5081,773,1036,50,693,3616,23452,9534,4735,0,0,35047,17023,11,82,5,2655,67,0,1679
897,606,898.0033656401243,99685,221,141,223,90,82009,47302,1.2971961679289763,98,47,16748,20119,29571,19582,3138,10020,49105,38822,5309,823,1032,50,691,3613,23407,9607,4728,0,0,34916,16944,11,81,5,2783,69,0,1748
898,606,899.2835838383398,99685,228,132,223,90,82045,47316,1.2976977479059035,86,49,16856,20145,29427,19407,3179,10176,49112,38828,5542,875,1029,50,687,3614,23360,9677,4719,0,0,34786,16867,11,80,5,2914,73,0,1813
899,606,900.2480353158842,99685,219,125,223,90,82055,47327,1.2979084114962132,121,65,16912,20194,29356,19380,3168,10145,49112,38828,5542,875,1029,50,684,3615,23368,9686,4717,0,0,34783,16858,11,80,5,2913,73,0,1813
900,606,900.2480353158842,99685,221,127,223,90,82066,47335,1.2980990118874454,117,62,16924,20124,29299,19253,3215,10343,49112,38828,5779,929,1029,50,682,3614,23309,9751,4717,0,4,34639,16777,11,80,5,3052,75,0,1890
901,606,901.2165483334919,99685,221,131,223,90,82094,47354,1.2985704970657572,130,60,16987,20119,29181,19072,3257,10527,49112,38828,6019,986,1029,50,678,3617,23250,9830,4711,0,8,34495,16700,11,79,5,3180,79,1,1962
902,606,902.1888963592179,99685,213,131,223,90,82120,47370,1.298991824246376,131,56,17048,20102,29088,18920,3296,10700,49112,38828,6263,1045,1029,50,675,3615,23185,9913,4709,0,21,34351,16603,11,78,6,3310,82,1,2046
903,606,903.1645541940903,99685,231,115,223,90,82161,47378,1.299483372623765,112,71,17128,20075,28960,18767,3345,10881,49112,38828,6511,1107,1028,50,674,3617,23129,9992,4705,1,29,34190,16517,11,78,6,3450,83,1,2124
904,606,904.1442081076482,99685,223,119,223,90,82184,47393,1.2998645734062295,120,80,17197,20048,28846,18590,3390,11072,49112,38828,6762,1171,1027,50,673,3615,23065,10073,4704,2,41,34043,16419,11,78,6,3584,83,1,2210
905,606,905.1278138309012,99685,234,121,223,90,82213,47411,1.3003360585845414,121,76,17268,20011,28707,18459,3446,11242,49112,38828,7016,1238,1026,50,669,3614,23004,10153,4703,3,47,33891,16322,11,78,6,3719,87,1,2301
906,606,906.1158196012047,99685,241,122,223,90,82245,47428,1.30082760696193,121,82,17334,19987,28582,18286,3498,11432,49112,38828,7273,1307,1026,50,666,3617,22932,10240,4699,3,54,33735,16237,11,78,6,3861,90,4,2376
907,606,907.1079526607857,99685,233,131,223,90,82269,47450,1.3012890605407033,131,84,17383,19954,28478,18116,3551,11624,49112,38828,7533,1379,1025,50,662,3616,22877,10313,4699,4,62,33571,16132,11,78,6,4009,93,4,2473
908,606,908.1037096625043,99685,238,128,223,90,82308,47470,1.3018809249134775,125,83,17447,19905,28362,17967,3604,11826,49112,38828,7795,1453,1023,50,655,3617,22795,10414,4696,6,76,33391,16055,11,78,6,4174,98,4,2536
909,606,909.1034780373997,99685,247,135,223,90,82349,47490,1.3024928524853288,112,80,17476,19861,28274,17824,3667,12009,49112,38828,8060,1530,1023,50,653,3619,22729,10494,4693,6,88,33232,15950,11,78,6,4321,99,5,2628
910,606,910.1066153217681,99685,225,141,223,90,82374,47515,1.3029944324622562,122,73,17541,19846,28154,17645,3734,12204,49112,38828,8327,1610,1021,50,651,3615,22661,10597,4690,8,95,33050,15870,11,78,6,4476,100,7,2699
911,606,911.1139698696913,99685,227,136,223,90,82400,47532,1.3034257912424136,125,67,17602,19817,28023,17476,3799,12413,49112,38828,8596,1692,1019,50,648,3617,22597,10684,4686,10,103,32883,15771,11,78,6,4622,103,8,2789
912,606,912.1260377510824,99685,226,140,223,90,82435,47550,1.3039574660179565,118,70,17690,19779,27877,17306,3865,12614,49112,38828,8866,1777,1019,50,643,3613,22547,10757,4682,10,112,32694,15680,11,76,8,4796,108,9,2870
913,606,913.1434451979634,99685,223,142,223,90,82469,47569,1.3044891407934995,112,65,17737,19736,27776,17145,3928,12821,49112,38828,9138,1865,1017,50,640,3612,22493,10840,4679,12,121,32504,15573,11,75,9,4962,110,9,2968
914,606,914.1649936946642,99685,213,140,223,90,82497,47583,1.3049104679741186,113,77,17802,19672,27658,16998,3990,13022,49112,38828,9411,1956,1017,50,637,3608,22417,10944,4676,12,127,32328,15471,11,75,9,5117,113,10,3063
915,606,915.1909135720658,99685,208,137,223,90,82527,47599,1.3053719215528916,124,76,17856,19646,27517,16825,4071,13225,49112,38828,9686,2049,1013,50,633,3609,22346,11035,4673,16,141,32135,15384,11,75,9,5292,117,11,3135
916,606,916.2218201522056,99685,216,133,223,90,82561,47620,1.3059236595275117,113,69,17916,19611,27382,16672,4149,13424,49112,38828,9961,2145,1013,50,629,3607,22269,11133,4671,16,157,31959,15274,11,74,10,5452,120,14,3226
917,606,917.2579645583661,99685,234,123,223,90,82603,47633,1.3064753975021317,97,71,17999,19577,27219,16525,4227,13613,49112,38828,10237,2244,1013,50,624,3610,22200,11220,4668,16,173,31771,15171,11,73,11,5622,125,14,3313
918,606,918.2997903569146,99685,228,116,223,90,82627,47645,1.3068365350855193,103,75,18055,19562,27082,16360,4308,13796,49112,38828,10514,2346,1012,50,621,3610,22140,11308,4666,17,180,31580,15063,11,73,11,5787,128,16,3412
919,606,919.3470737384077,99685,219,123,223,90,82654,47666,1.3073180518633696,106,70,18106,19535,26952,16197,4393,13984,49112,38828,10791,2451,1012,50,616,3613,22050,11415,4660,17,192,31413,14950,11,72,12,5940,133,19,3510
920,606,920.0483003963277,99685,222,126,223,90,82672,47677,1.3076089682499874,113,68,18137,19460,26821,16068,4483,14187,49112,38828,11068,2559,1012,49,610,3613,21967,11510,4660,17,198,31231,14846,11,71,13,6111,139,19,3608
921,606,921.1056661800942,99685,219,127,223,90,82708,47693,1.3081306114259919,127,67,18177,19441,26678,15878,4575,14396,49112,38828,11345,2669,1012,49,606,3613,21878,11622,4654,17,203,31030,14767,11,70,14,6296,142,20,3681
922,606,922.1686458067608,99684,221,133,223,91,82744,47715,1.30872557281008,121,63,18214,19400,26557,15721,4663,14591,49112,38828,11622,2782,1010,49,599,3615,21791,11725,4650,19,211,30848,14653,11,69,15,6464,149,22,3784
923,606,923.2366421551087,99684,226,133,223,91,82776,47735,1.3092472212190522,118,59,18278,19355,26400,15560,4754,14801,49112,38828,11899,2898,1010,49,594,3617,21699,11836,4648,19,221,30640,14563,11,68,16,6653,154,23,3863
924,606,924.3107139613309,99684,217,130,223,91,82805,47750,1.309688616026644,128,59,18315,19298,26257,15421,4859,15000,49112,38828,12176,3017,1010,49,589,3618,21618,11942,4643,19,230,30445,14461,11,68,16,6828,159,24,3954
925,606,925.0300794746274,99684,224,126,223,91,82825,47762,1.3100096304321656,124,56,18329,19221,26138,15292,4961,15213,49112,38828,12452,3139,1009,49,585,3620,21530,12044,4641,20,236,30265,14356,11,68,16,6994,163,24,4053
926,606,926.1150570833584,99684,221,118,223,91,82858,47773,1.3104510252397576,120,61,18389,19191,25989,15128,5057,15410,49112,38828,12727,3263,1009,49,582,3620,21429,12163,4638,20,247,30086,14251,11,67,17,7158,166,26,4145
927,606,927.2062313142372,99684,211,122,223,91,82889,47793,1.3109626419485574,124,65,18420,19144,25868,14984,5153,15593,49112,38828,13001,3390,1007,49,577,3616,21365,12258,4635,22,251,29869,14151,11,67,17,7352,171,28,4238
928,606,928.3027227334214,99684,211,127,223,91,82919,47816,1.3114943220577024,128,62,18457,19097,25734,14857,5246,15765,49112,38828,13274,3520,1005,49,574,3614,21281,12362,4633,24,255,29685,14037,11,66,18,7520,174,32,4344
929,606,929.0367395654146,99684,206,134,223,91,82943,47834,1.3119156534649492,123,60,18472,19000,25620,14726,5355,15988,49112,38828,13546,3652,1005,49,571,3608,21192,12473,4633,24,263,29492,13942,11,66,18,7697,177,32,4431
930,606,930.1438526409605,99684,207,126,223,91,82972,47854,1.312407206773404,128,61,18507,18964,25462,14593,5472,16164,49112,38828,13817,3787,1005,49,568,3609,21096,12588,4629,24,278,29302,13830,11,66,18,7871,180,35,4525
931,606,931.2575852129183,99684,202,116,223,91,83009,47868,1.3129188234822038,116,62,18572,18957,25303,14441,5583,16332,49112,38828,14086,3925,1004,49,563,3611,21015,12701,4624,25,288,29092,13729,11,66,18,8052,185,38,4613
932,606,932.0040819144382,99684,203,117,223,91,83031,47880,1.3132599012880704,119,63,18577,18864,25179,14317,5698,16547,49112,38828,14353,4065,1003,49,557,3609,20922,12810,4623,26,294,28915,13621,11,65,19,8216,191,40,4713
933,606,933.1304505606188,99684,195,110,223,91,83059,47899,1.3137313911961799,113,59,18621,18829,25030,14189,5817,16721,49112,38828,14619,4208,1002,49,555,3607,20833,12932,4621,27,303,28726,13507,11,65,19,8377,192,44,4814
934,606,934.2638410476152,99684,198,109,223,91,83093,47915,1.3142329762048073,104,60,18662,18783,24882,14061,5930,16895,49112,38828,14883,4353,1001,49,551,3608,20750,13038,4617,28,308,28529,13399,11,64,20,8556,194,45,4916
935,606,935.0232907085664,99683,201,113,223,92,83120,47927,1.3146374005597745,103,55,18656,18732,24763,13915,6053,17092,49112,38828,15145,4501,1000,49,548,3609,20655,13147,4612,29,313,28338,13304,11,64,20,8736,197,46,5005
936,606,936.16904312797,99683,197,119,223,92,83151,47946,1.3151389906002027,114,56,18703,18712,24597,13764,6165,17256,49112,38828,15405,4651,999,49,546,3613,20567,13254,4606,30,317,28148,13206,11,63,21,8909,199,51,5094
937,606,937.3222771110279,99682,185,119,223,93,83181,47966,1.3156537790172749,109,46,18739,18722,24448,13599,6295,17420,49112,38828,15663,4803,997,48,541,3618,20479,13369,4601,32,322,27935,13120,11,63,21,9095,204,54,5172
938,606,938.0952212146367,99682,190,115,223,93,83201,47973,1.3159246403563332,104,52,18733,18669,24319,13468,6430,17602,49112,38828,15919,4958,997,48,535,3620,20371,13488,4599,32,329,27753,13024,11,63,21,9266,210,55,5260
939,606,939.2619155073418,99682,177,119,223,93,83225,47991,1.3163459802170903,121,45,18766,18657,24161,13317,6551,17768,49112,38828,16172,5115,996,48,531,3626,20283,13594,4591,33,335,27557,12926,11,63,21,9446,214,60,5347
940,606,940.0437581142927,99682,190,112,223,93,83251,47996,1.316656969161935,114,50,18747,18600,24043,13192,6682,17952,49112,38828,16423,5274,996,48,526,3628,20172,13712,4589,33,342,27406,12809,11,62,22,9590,219,61,5456
941,606,941.2237926826589,99682,186,103,223,93,83280,48006,1.3170482133183523,113,54,18808,18591,23873,13057,6796,18101,49112,38828,16672,5435,996,48,524,3630,20063,13842,4585,33,350,27221,12713,11,62,22,9756,221,65,5540
942,606,942.0150292649037,99682,188,104,223,93,83307,48022,1.317479585080556,111,52,18793,18553,23747,12930,6937,18267,49112,38828,16918,5598,995,48,522,3630,19963,13959,4583,34,355,27036,12618,11,60,23,9928,223,67,5627
943,606,943.2097371985137,99682,182,106,223,93,83338,48033,1.3179009249413134,113,53,18837,18561,23591,12758,7053,18428,49112,38828,17162,5763,993,48,518,3631,19864,14078,4577,36,358,26861,12528,11,60,23,10089,226,71,5710
944,606,944.0103668017432,99682,195,101,223,93,83374,48040,1.3183322967035171,101,52,18829,18520,23459,12633,7192,18600,49112,38828,17403,5930,990,48,515,3633,19764,14189,4575,39,362,26680,12437,10,60,23,10260,229,76,5792
945,606,945.219699894984,99682,191,106,223,93,83405,48062,1.318863987480187,95,49,18863,18511,23311,12504,7316,18736,49112,38828,17641,6098,988,48,514,3631,19644,14327,4572,41,367,26497,12347,10,59,24,10430,230,82,5871
946,606,946.0301615108988,99682,193,106,223,93,83420,48071,1.3191047531149054,109,54,18860,18477,23164,12386,7450,18883,49112,38828,17877,6268,988,48,513,3632,19537,14443,4571,41,369,26320,12250,10,59,24,10598,231,87,5961
947,606,947.2547688865272,99682,193,110,223,93,83450,48086,1.3195561886800025,114,59,18902,18455,22986,12257,7581,19025,49112,38828,18110,6440,988,48,511,3632,19440,14560,4568,41,378,26123,12170,10,58,25,10778,233,89,6030
948,606,948.0764026371996,99682,202,116,223,93,83474,48102,1.3199574647378665,110,60,18894,18385,22847,12166,7723,19179,49112,38828,18340,6613,987,48,506,3635,19337,14673,4565,42,381,25947,12070,10,58,25,10944,238,90,6126
949,606,949.3178334004392,99682,201,123,223,93,83506,48124,1.3204991874159828,112,65,18937,18393,22667,12041,7859,19284,49112,38828,18567,6788,986,48,503,3636,19224,14810,4563,42,385,25775,11986,10,58,25,11095,241,94,6201
950,606,950.1506592473761,99682,205,115,223,93,83528,48135,1.3208302401637206,118,64,18922,18364,22529,11932,8002,19431,49112,38828,18792,6964,986,48,500,3639,19133,14917,4559,42,392,25578,11898,10,57,26,11277,244,99,6277
951,606,951.409299718835,99682,213,109,223,93,83566,48153,1.3213920266447303,114,64,18942,18383,22372,11810,8135,19540,49112,38828,19014,7141,985,48,495,3641,19042,15034,4554,43,396,25374,11823,10,56,27,11459,248,102,6345
952,606,952.2533290070785,99682,209,100,223,93,83592,48163,1.321753175096808,112,67,18909,18349,22254,11718,8292,19672,49112,38828,19233,7319,984,48,490,3641,18934,15162,4551,44,401,25209,11728,10,56,27,11607,253,108,6429
953,606,953.1021206657097,99682,203,98,223,93,83614,48171,1.322054132140206,113,66,18904,18341,22123,11601,8433,19800,49112,38828,19449,7499,983,48,484,3644,18827,15285,4546,45,405,25036,11641,10,56,27,11768,257,113,6507
954,606,954.3841054616543,99681,199,94,224,93,83648,48185,1.3225489310901777,111,64,18926,18366,21975,11476,8564,19906,49112,38828,19662,7680,980,48,483,3644,18721,15412,4543,48,409,24850,11561,10,56,27,11937,258,119,6575
955,606,955.2434200324634,99681,199,100,224,93,83668,48202,1.322920115167384,117,53,18930,18355,21824,11364,8705,20034,49112,38828,19872,7862,980,48,479,3642,18625,15524,4543,48,407,24681,11480,10,56,27,12093,261,125,6652
956,606,956.108570285361,99681,215,93,224,93,83698,48212,1.3233213952508502,102,54,18952,18325,21667,11275,8839,20159,49112,38828,20079,8044,980,48,477,3641,18522,15642,4542,48,409,24517,11393,10,56,27,12244,263,130,6732
957,606,957.4169978422932,99681,218,92,224,93,83734,48231,1.3238731553656162,103,56,18989,18379,21501,11157,8964,20222,49112,38828,20283,8227,978,48,476,3641,18422,15767,4539,50,419,24356,11305,10,56,27,12383,264,133,6807
958,606,958.2949833336345,99681,218,85,224,93,83760,48237,1.3241941794323893,104,64,19004,18345,21351,11060,9098,20352,49112,38828,20485,8411,978,48,475,3640,18303,15902,4537,50,425,24181,11232,10,56,27,12545,265,137,6870
959,606,959.1789319484166,99681,217,92,224,93,83783,48251,1.3245653635095955,103,57,18991,18355,21226,10941,9238,20461,49112,38828,20684,8595,977,48,471,3642,18209,16014,4534,51,425,24001,11163,10,55,28,12710,268,140,6935
960,606,960.0684840207341,99681,220,95,224,93,83810,48264,1.3249666435930618,96,58,18985,18346,21088,10830,9386,20577,49112,38828,20880,8780,977,48,468,3643,18108,16129,4530,51,425,23844,11081,10,55,28,12856,271,148,7009
961,606,961.4133906170906,99681,198,97,224,93,83836,48284,1.3254281156890482,103,53,19018,18374,20937,10735,9519,20647,49112,38828,21073,8965,975,48,463,3647,17996,16261,4524,53,432,23687,10986,10,55,28,12995,276,156,7089
962,606,962.3153315744584,99681,196,94,224,93,83862,48294,1.3257892677641676,102,58,19007,18349,20808,10649,9662,20756,49112,38828,21263,9150,975,48,457,3645,17926,16357,4523,53,432,23513,10901,10,55,28,13148,280,162,7168
963,606,963.2227776930501,99681,198,93,224,93,83888,48306,1.3261704838434607,100,53,18994,18339,20686,10563,9797,20858,49112,38828,21450,9336,973,48,455,3645,17835,16462,4520,55,437,23347,10814,10,55,28,13303,282,167,7245
964,606,964.1357588217227,99681,195,97,224,93,83908,48317,1.326481475908147,103,47,18982,18334,20559,10480,9936,20948,49112,38828,21634,9522,972,48,451,3647,17740,16571,4518,56,443,23189,10726,10,54,29,13447,286,169,7325
965,606,965.0543932525154,99681,193,95,224,93,83931,48323,1.32677240396866,106,54,18992,18319,20409,10395,10075,21043,49112,38828,21815,9708,972,48,449,3646,17663,16669,4517,56,446,22996,10659,10,54,29,13621,288,171,7387
966,606,966.4438848534669,99680,186,88,225,93,83968,48335,1.327277287319422,101,59,19027,18375,20263,10282,10197,21102,49112,38828,21994,9894,970,48,446,3644,17581,16782,4513,58,454,22817,10595,10,53,30,13777,290,171,7441
967,606,967.375964705461,99680,183,87,225,93,83990,48344,1.3275882825040128,105,58,19007,18382,20142,10192,10337,21187,49112,38828,22170,10080,970,48,444,3643,17499,16878,4511,58,453,22650,10512,10,52,31,13934,292,179,7516
968,606,968.3138991934179,99680,177,87,225,93,84016,48355,1.327959470304976,96,57,19006,18378,20017,10119,10478,21265,49112,38828,22343,10265,970,48,444,3645,17401,16988,4508,58,459,22492,10432,10,52,31,14081,292,183,7586
969,606,969.2575959189845,99680,181,95,225,93,84044,48370,1.3283908507223114,96,53,19002,18375,19884,10044,10611,21339,49112,38828,22513,10450,970,48,440,3650,17303,17096,4502,58,463,22346,10350,10,52,31,14219,295,185,7662
970,606,970.2075783487617,99679,176,90,226,93,84066,48381,1.3287352401207877,91,53,19010,18401,19742,9946,10754,21416,49112,38828,22681,10635,970,48,435,3649,17225,17193,4499,58,473,22172,10291,10,52,31,14377,300,188,7708
971,606,971.1644657480499,99679,184,92,226,93,84097,48397,1.3292067536793106,82,46,19010,18408,19602,9875,10895,21485,49112,38828,22846,10819,969,48,431,3647,17149,17292,4497,59,477,22016,10203,10,52,31,14514,304,189,7791
972,606,972.1281080940955,99679,180,90,226,93,84122,48410,1.329587977407478,83,38,19015,18428,19458,9790,11037,21560,49112,38828,23008,11003,969,48,429,3650,17069,17393,4491,59,482,21862,10132,10,50,33,14651,305,193,7853
973,606,973.098661319871,99679,167,85,226,93,84134,48418,1.3297886214749346,89,45,19019,18445,19322,9718,11176,21613,49112,38828,23168,11186,967,48,428,3654,16982,17493,4486,60,482,21712,10064,10,49,33,14791,306,200,7914
974,606,974.0764070338508,99679,175,92,226,93,84161,48432,1.3301999418132204,79,39,19026,18460,19189,9632,11304,21683,49112,38828,23325,11369,966,48,422,3652,16897,17587,4485,61,485,21572,9987,10,49,33,14926,311,203,7985
975,606,975.0610204797856,99679,174,93,226,93,84180,48446,1.3305310045245238,78,31,19034,18475,19054,9564,11433,21743,49112,38828,23479,11551,964,48,420,3653,16817,17680,4481,63,490,21420,9918,10,49,33,15068,313,208,8044
976,606,976.0529030229089,99679,168,94,226,93,84201,48457,1.3308520350324542,88,36,19022,18490,18926,9484,11569,21802,49112,38828,23631,11732,964,48,417,3651,16731,17784,4478,63,491,21282,9844,10,49,33,15195,315,217,8107
977,606,977.0476850803833,99679,169,90,226,93,84227,48468,1.3312232265572488,90,33,19034,18518,18782,9413,11698,21852,49112,38828,23780,11912,963,48,414,3654,16648,17885,4474,64,494,21136,9782,10,48,34,15324,318,223,8160
978,606,978.0425880624886,99679,171,88,226,93,84247,48480,1.3315442570651792,94,33,19040,18534,18630,9337,11838,21914,49112,38828,23927,12092,962,48,414,3652,16560,17995,4474,65,498,20995,9719,10,47,35,15445,318,224,8218
979,606,979.0368325883118,99679,164,77,226,93,84272,48485,1.331845223166364,90,40,19044,18576,18506,9259,11969,21954,49112,38828,24071,12271,960,48,413,3652,16469,18109,4470,67,498,20850,9664,10,45,37,15571,319,229,8268
980,606,980.0306990452865,99679,159,75,226,93,84291,48493,1.3321160926574303,92,40,19049,18580,18366,9192,12107,22019,49112,38828,24213,12449,959,48,412,3648,16384,18210,4469,68,501,20712,9599,10,45,37,15699,319,232,8327
981,606,981.0244316559634,99679,172,74,226,93,84320,48504,1.3325173807923434,87,41,19033,18592,18249,9115,12232,22084,49112,38828,24352,12626,958,48,411,3648,16286,18317,4468,69,500,20569,9550,10,45,37,15834,320,238,8371
982,606,982.0186015712834,99679,166,75,226,93,84338,48513,1.3327882502834096,90,42,19018,18618,18145,9032,12354,22139,49112,38828,24489,12801,956,48,409,3644,16211,18409,4466,71,496,20433,9485,10,45,37,15959,322,246,8432
983,606,983.0134074134517,99679,175,80,226,93,84365,48525,1.33317950621495,76,41,19000,18646,18040,8966,12482,22173,49112,38828,24624,12975,956,48,407,3645,16115,18513,4464,71,497,20304,9430,10,44,38,16081,324,248,8484
984,606,984.0093476861609,99679,177,83,226,93,84380,48539,1.333470440112762,81,30,19027,18682,17898,8894,12590,22217,49112,38828,24756,13148,956,48,407,3644,16035,18609,4463,71,496,20170,9374,10,43,39,16201,324,253,8536
985,606,985.0047909690611,99679,167,79,226,93,84400,48546,1.3337413096038282,89,39,19052,18690,17766,8835,12699,22263,49112,38828,24886,13320,955,48,407,3642,15954,18704,4460,72,502,20030,9309,10,43,38,16334,324,255,8592
986,606,986.4949475601907,99679,170,90,226,93,84435,48563,1.3342629841792153,85,44,19097,18736,17617,8758,12804,22278,49112,38828,25014,13491,954,48,401,3642,15879,18792,4457,73,500,19897,9257,10,41,40,16457,330,263,8638
987,606,987.4862475399304,99679,166,80,226,93,84460,48573,1.3346141112972643,83,46,19105,18746,17489,8721,12930,22313,49112,38828,25140,13660,951,48,399,3643,15794,18899,4455,76,504,19776,9198,10,41,40,16558,332,268,8687
988,606,988.4771900585425,99679,165,74,226,93,84476,48581,1.334854884178212,82,51,19128,18768,17347,8656,13051,22357,49112,38828,25264,13828,951,48,399,3643,15707,18999,4453,76,509,19646,9157,10,41,40,16677,332,270,8721
989,606,989.4671622327144,99679,174,79,226,93,84502,48595,1.335256172313125,74,42,19160,18811,17206,8594,13159,22380,49112,38828,25385,13994,951,48,395,3643,15637,19081,4452,76,505,19517,9098,10,41,40,16795,336,278,8776
990,606,990.4557319737136,99679,169,69,226,93,84517,48600,1.3354568163805816,83,50,19158,18834,17088,8542,13275,22411,49112,38828,25504,14159,951,48,392,3643,15567,19167,4450,76,507,19387,9043,10,41,40,16911,339,285,8822
991,606,991.4437884948038,99679,162,68,226,93,84535,48609,1.335727685871648,82,50,19171,18849,16961,8485,13397,22454,49112,38828,25621,14323,951,48,391,3642,15502,19245,4448,76,507,19260,8985,10,40,41,17028,340,290,8875
992,606,992.4314654134563,99679,150,63,226,93,84548,48620,1.3359684587525957,92,46,19180,18887,16850,8424,13501,22486,49112,38828,25736,14485,949,48,387,3641,15440,19327,4446,78,509,19138,8930,10,40,41,17135,342,295,8923
993,606,993.4187731035389,99679,162,66,226,93,84578,48629,1.3363597146841362,78,50,19177,18927,16748,8361,13608,22502,49112,38828,25849,14646,949,48,385,3637,15370,19410,4446,78,508,19036,8867,10,40,41,17228,344,302,8980
994,606,994.4059650175885,99679,157,67,226,93,84595,48635,1.3365904553617112,73,55,19204,18960,16630,8299,13709,22525,49112,38828,25960,14805,949,48,384,3640,15296,19497,4441,78,507,18922,8817,10,39,42,17333,344,307,9025
995,606,995.3923221982786,99679,144,78,226,93,84607,48652,1.336881389259523,80,47,19223,18977,16516,8241,13810,22563,49112,38828,26069,14962,947,48,381,3642,15224,19583,4438,80,508,18812,8762,10,39,42,17430,347,311,9075
996,606,996.3777308303536,99679,145,84,226,93,84628,48665,1.337222484174199,80,39,19227,18999,16405,8194,13916,22590,49112,38828,26176,15118,947,48,377,3643,15153,19667,4435,80,508,18707,8711,10,39,42,17524,351,315,9122
997,606,997.3626476860434,99679,140,83,226,93,84642,48677,1.3374833214618926,79,32,19232,19030,16300,8157,14022,22604,49112,38828,26282,15272,947,48,374,3649,15091,19739,4430,79,513,18590,8659,10,39,42,17632,353,320,9164
998,606,998.3473618551703,99679,133,82,226,93,84653,48686,1.3376839655293493,84,31,19260,19076,16184,8104,14112,22613,49112,38828,26386,15425,946,48,373,3647,15019,19825,4429,80,514,18482,8612,10,39,42,17729,354,325,9205
999,606,999.3310540093713,99679,141,79,226,93,84672,48697,1.3379849316305341,81,29,19275,19091,16063,8046,14213,22661,49112,38828,26488,15576,946,48,372,3645,14943,19912,4428,80,512,18374,8578,10,39,42,17830,355,331,9234
1000,606,1000.313919805418,99679,146,77,226,93,84694,48704,1.338275865528346,82,28,19281,19146,15964,7983,14300,22672,49112,38828,26588,15725,946,48,371,3644,14871,19993,4427,80,512,18271,8530,10,38,43,17927,356,335,9277
1001,606,1001.2960513613377,99679,140,72,226,93,84717,48707,1.3385367028160395,72,33,19325,19193,15845,7920,14391,22688,49112,38828,26686,15873,943,48,370,3647,14782,20095,4420,83,509,18185,8486,10,38,43,18004,357,342,9317
1002,606,1002.2768059648437,99679,136,74,226,93,84729,48715,1.338737346883496,72,33,19337,19243,15747,7861,14481,22695,49112,38828,26783,16019,943,48,369,3647,14710,20178,4420,83,508,18084,8444,10,38,43,18095,357,347,9355
1003,606,1003.2564460565511,99679,142,69,226,93,84753,48723,1.3390583773914264,68,39,19354,19292,15637,7804,14572,22702,49112,38828,26878,16163,943,48,368,3646,14646,20254,4418,83,510,17986,8391,10,38,43,18185,358,351,9401
1004,606,1004.2353536134741,99679,145,63,226,93,84776,48729,1.3393493112892385,58,41,19381,19323,15536,7761,14653,22718,49112,38828,26971,16305,942,48,367,3647,14573,20341,4415,84,513,17886,8352,10,38,43,18273,359,355,9433
1005,606,1005.2133339955806,99679,139,65,226,93,84793,48740,1.3396302129836777,66,38,19394,19372,15433,7710,14741,22721,49112,38828,27063,16446,942,48,363,3652,14509,20422,4409,84,511,17790,8310,10,37,44,18354,362,360,9472
1006,606,1006.19011521255,99679,134,70,226,93,84809,48750,1.339891050271371,68,34,19422,19426,15334,7660,14815,22716,49112,38828,27153,16585,941,48,362,3654,14431,20507,4405,85,511,17695,8282,10,37,44,18444,363,363,9497
1007,606,1007.1659332283483,99679,127,70,226,93,84825,48756,1.3401117587455733,73,36,19458,19464,15228,7625,14887,22711,49112,38828,27241,16722,939,48,357,3655,14365,20586,4403,86,510,17602,8242,10,37,44,18526,368,368,9533
1008,606,1008.1401428313721,99679,126,76,226,93,84834,48770,1.3403424994231483,83,33,19474,19475,15129,7592,14961,22730,49112,38828,27328,16858,937,48,356,3655,14297,20659,4403,88,509,17516,8205,10,37,44,18608,369,373,9565
1009,606,1009.1132472406345,99679,117,71,226,93,84843,48774,1.340472918066995,86,36,19509,19502,15026,7559,15035,22738,49112,38828,27413,16992,936,48,356,3654,14236,20734,4402,89,512,17426,8162,10,37,44,18686,369,374,9604
1010,606,1010.084760801391,99679,115,69,226,93,84865,48781,1.340763851964807,83,38,19524,19536,14944,7517,15107,22746,49112,38828,27497,17124,934,48,355,3655,14170,20809,4399,91,514,17331,8123,9,37,44,18775,370,377,9638
1011,606,1011.0551671394462,99679,123,69,226,93,84885,48792,1.3410748502693646,81,41,19546,19564,14853,7483,15170,22749,49112,38828,27579,17254,933,48,354,3654,14104,20885,4399,92,515,17253,8087,9,34,47,18844,371,379,9671
1012,606,1012.0247017360332,99679,122,70,226,93,84904,48804,1.3413858485739223,77,34,19566,19600,14772,7449,15236,22753,49112,38828,27660,17383,933,48,354,3656,14035,20968,4396,92,514,17173,8049,9,34,47,18912,370,388,9701
1013,606,1013.4762522423694,99679,123,72,226,93,84929,48818,1.3417771045054625,84,34,19637,19684,14662,7396,15267,22720,49112,38828,27740,17510,933,48,353,3655,13989,21032,4393,92,516,17074,8013,9,34,47,18998,371,389,9733
1014,606,1014.4412697434715,99679,125,65,226,93,84952,48823,1.3420580061999017,79,36,19637,19719,14588,7347,15344,22739,49112,38828,27818,17635,933,48,351,3655,13930,21106,4391,92,521,16983,7976,9,34,47,19078,371,391,9763
1015,606,1015.4058516411798,99679,125,64,226,93,84973,48829,1.342328875690968,73,43,19665,19762,14501,7302,15409,22735,49112,38828,27895,17759,931,48,348,3656,13873,21177,4389,94,520,16899,7949,9,33,47,19150,374,393,9789
1016,606,1016.3697244083697,99679,126,64,226,93,84988,48842,1.342609777385407,72,38,19695,19808,14408,7263,15472,22733,49112,38828,27971,17881,931,48,348,3659,13808,21252,4386,94,519,16814,7913,9,33,47,19226,374,399,9819
1017,606,1017.3320145307882,99679,125,60,226,93,85002,48848,1.3428104214528638,66,36,19729,19837,14321,7234,15532,22739,49112,38828,28045,18001,930,48,346,3659,13754,21317,4384,95,520,16738,7879,9,33,47,19293,376,402,9849
1018,606,1018.2929010829778,99679,126,53,226,93,85016,48853,1.3430010333169473,65,38,19750,19893,14241,7191,15591,22731,49112,38828,28118,18120,930,48,345,3659,13711,21375,4382,95,520,16650,7844,9,33,47,19368,377,407,9879
1019,606,1019.2528208746673,99679,123,61,226,93,85028,48866,1.3432518384012682,69,32,19769,19937,14154,7147,15658,22729,49112,38828,28190,18237,929,48,343,3659,13659,21437,4381,96,522,16563,7812,9,33,47,19447,379,409,9906
1020,606,1020.2116159601135,99679,123,60,226,93,85041,48874,1.3434625146720975,70,30,19805,19993,14065,7100,15710,22723,49112,38828,28260,18352,928,48,342,3659,13599,21509,4381,97,521,16485,7788,9,33,47,19513,380,415,9925
1021,606,1021.1687661657907,99679,122,60,226,93,85059,48882,1.3437233519597909,64,28,19854,20059,13979,7059,15754,22700,49112,38828,28329,18466,927,48,341,3658,13550,21569,4380,98,520,16398,7763,9,33,47,19591,381,420,9946
1022,606,1022.1241260110919,99679,115,55,226,93,85069,48886,1.3438638028070105,66,26,19875,20111,13916,7015,15801,22699,49112,38828,28397,18578,927,48,341,3660,13499,21632,4376,98,518,16326,7725,9,33,47,19655,379,425,9981
1023,606,1023.0779244068866,99679,118,49,226,93,85084,48889,1.3440443824677213,58,29,19898,20159,13834,6980,15865,22689,49112,38828,28464,18688,927,48,341,3660,13450,21693,4375,98,519,16251,7696,9,33,47,19719,379,428,10006
1024,606,1024.0308093605365,99679,110,53,226,93,85092,48896,1.3441948655183138,64,34,19929,20215,13760,6935,15910,22669,49112,38828,28530,18797,927,48,340,3660,13404,21746,4373,98,518,16180,7669,9,33,47,19785,380,433,10029
1025,606,1025.4577802480355,99679,117,47,226,93,85117,48907,1.3445560248397355,66,32,19989,20306,13664,6907,15937,22614,49112,38828,28595,18904,926,48,340,3659,13359,21807,4371,99,515,16116,7635,9,33,47,19839,380,441,10055
1026,606,1026.4066515983875,99679,119,54,226,93,85135,48919,1.3448569909409203,64,27,20007,20348,13599,6877,15984,22600,49112,38828,28659,19010,926,48,338,3654,13320,21858,4371,99,514,16047,7603,9,33,47,19901,382,444,10085
1027,606,1027.3544325275066,99679,117,47,226,93,85146,48921,1.3449874095847671,64,32,20034,20384,13535,6851,16023,22592,49112,38828,28721,19114,926,48,336,3656,13272,21911,4369,99,516,15976,7577,9,33,47,19968,384,448,10104
1028,606,1028.3008727388399,99679,115,51,226,93,85164,48931,1.3452683112792063,59,31,20066,20421,13456,6824,16077,22579,49112,38828,28782,19217,926,48,335,3654,13231,21968,4365,99,519,15897,7556,9,33,47,20037,385,448,10122
1029,606,1029.2460158426388,99679,119,55,226,93,85184,48940,1.3455592451770182,49,27,20097,20490,13384,6781,16124,22553,49112,38828,28842,19318,926,48,334,3656,13178,22029,4363,99,523,15834,7526,9,33,47,20093,386,449,10146
1030,606,1030.1896837217848,99677,108,51,228,93,85195,48945,1.3457467620413937,54,29,20117,20545,13321,6744,16171,22537,49112,38828,28901,19417,925,48,334,3657,13117,22101,4359,100,526,15783,7496,9,33,47,20134,386,450,10172
1031,606,1031.132035711784,99677,104,59,228,93,85207,48958,1.3459975721580706,66,21,20151,20604,13246,6715,16204,22507,49112,38828,28959,19515,922,47,331,3657,13085,22140,4359,103,526,15711,7468,9,33,47,20200,389,452,10198
1032,606,1032.0732681567567,99677,103,50,228,93,85222,48960,1.3461681230374107,61,26,20199,20647,13171,6692,16237,22491,49112,38828,29016,19611,921,47,329,3658,13049,22187,4355,103,526,15644,7447,9,33,47,20261,391,455,10215
1033,606,1033.0125191537438,99677,103,46,228,93,85237,48964,1.3463587387260854,56,29,20216,20714,13117,6657,16279,22460,49112,38828,29072,19706,921,47,327,3658,13014,22236,4354,103,527,15575,7419,9,33,47,20319,392,457,10239
1034,606,1034.4187981387633,99677,104,56,228,93,85257,48981,1.346729937698767,55,27,20295,20801,13032,6609,16285,22413,49112,38828,29127,19800,921,47,327,3655,12968,22289,4354,103,529,15509,7399,9,32,48,20381,392,461,10253
1035,606,1035.3535361980437,99677,101,57,228,93,85268,48987,1.3469004885781073,56,26,20337,20856,12965,6577,16312,22390,49112,38828,29182,19892,921,47,324,3656,12925,22339,4352,103,528,15448,7378,9,32,48,20436,395,466,10270
1036,606,1036.2863702176453,99677,104,46,228,93,85284,48989,1.3470810718621147,53,29,20367,20905,12896,6551,16351,22375,49112,38828,29236,19983,921,47,323,3655,12889,22388,4351,103,529,15378,7355,9,32,48,20496,395,472,10286
1037,606,1037.2176175446045,99677,103,56,228,93,85295,49002,1.3473218495741244,58,26,20416,20950,12820,6513,16374,22361,49112,38828,29289,20072,920,47,320,3656,12845,22438,4349,104,529,15325,7334,9,31,49,20544,398,474,10305
1038,606,1038.1471175902127,99677,105,52,228,93,85310,49007,1.347522497667466,49,28,20462,21001,12750,6486,16405,22339,49112,38828,29341,20160,920,47,317,3657,12805,22490,4347,104,529,15264,7315,9,31,49,20596,400,476,10321
1039,606,1039.0743123254185,99677,99,54,228,93,85322,49012,1.3476930485468062,42,27,20498,21071,12693,6449,16439,22305,49112,38828,29392,20247,919,47,317,3659,12763,22539,4344,105,530,15201,7297,9,31,49,20653,400,479,10335
1040,606,1040.4618215778376,99677,92,49,228,93,85335,49021,1.3479137614494818,44,25,20571,21148,12619,6429,16445,22255,49112,38828,29442,20332,918,47,317,3660,12727,22586,4341,106,530,15140,7271,9,31,49,20705,400,486,10354
1041,606,1041.3839996795841,99677,94,53,228,93,85341,49028,1.3480441827101537,40,19,20562,21180,12573,6403,16502,22251,49112,38828,29491,20416,918,47,317,3658,12686,22631,4341,106,528,15090,7250,9,31,49,20753,400,488,10375
1042,606,1042.2724974708865,99677,92,47,228,93,85354,49032,1.348214733589494,41,20,20628,21259,12497,6374,16513,22206,49112,38828,29539,20499,917,47,317,3660,12657,22668,4339,107,528,15032,7225,9,31,49,20803,400,492,10396
1043,606,1043.2514900917784,99677,88,45,228,93,85364,49035,1.348345154850166,34,23,20678,21323,12440,6345,16531,22170,49112,38828,29587,20580,917,47,317,3659,12615,22718,4337,107,530,14988,7203,9,31,49,20842,400,493,10415
1044,606,1044.1693468159576,99677,91,42,228,93,85373,49039,1.348475576110838,30,24,20722,21392,12372,6318,16556,22130,49112,38828,29634,20660,917,47,316,3659,12585,22756,4337,107,528,14935,7179,9,31,49,20887,401,498,10436
1045,606,1045.0852787576837,99677,85,41,228,93,85379,49042,1.3485658677528416,33,27,20758,21454,12310,6297,16585,22087,49112,38828,29680,20739,916,47,315,3657,12548,22800,4336,108,530,14896,7152,9,31,49,20922,402,500,10459
1046,606,1046.456072047609,99677,78,39,228,93,85391,49053,1.3487966130601845,37,25,20843,21563,12224,6265,16589,22014,49112,38828,29725,20816,916,47,313,3654,12519,22843,4334,108,536,14845,7125,9,31,49,20964,404,503,10477
1047,606,1047.3665634686151,99677,79,37,228,93,85400,49058,1.3489370667255234,37,24,20878,21621,12156,6242,16621,21982,49112,38828,29770,20892,915,47,312,3654,12488,22879,4334,109,536,14787,7105,9,30,50,21017,405,505,10495
1048,606,1048.2756626310907,99677,72,42,228,93,85409,49067,1.3491176500095308,32,18,20912,21676,12103,6206,16652,21964,49112,38828,29814,20967,914,47,312,3657,12460,22913,4331,110,535,14735,7077,9,30,50,21063,405,509,10520
1049,606,1049.4193764082668,99677,73,43,228,93,85418,49072,1.3492581036748699,28,19,20952,21719,12042,6184,16676,21941,49112,38828,29857,21041,913,47,311,3658,12422,22955,4330,111,536,14692,7059,9,30,50,21102,406,509,10537
1050,606,1050.2175209131271,99677,76,38,228,93,85427,49076,1.3493885249355417,32,20,20994,21775,11971,6158,16698,21915,49112,38828,29900,21114,913,47,310,3659,12381,23004,4329,111,533,14652,7047,9,30,50,21136,405,516,10545
1051,606,1051.1470283341039,99677,75,39,228,93,85438,49082,1.349559075814882,29,19,21049,21854,11919,6130,16699,21864,49112,38828,29942,21185,911,47,310,3661,12348,23043,4327,113,535,14606,7025,9,30,50,21176,405,518,10563
1052,606,1052.4077445737173,99677,62,40,228,93,85451,49088,1.3497496915035565,28,19,21130,21950,11877,6098,16674,21799,49112,38828,29983,21255,911,47,308,3665,12325,23079,4323,113,536,14547,7012,9,29,51,21222,407,520,10573
1053,606,1053.0330751250756,99677,56,39,228,93,85451,49092,1.3497898211222248,34,18,21128,21955,11844,6086,16709,21808,49112,38828,30024,21324,910,47,307,3668,12289,23117,4320,114,536,14506,6997,9,29,51,21261,408,523,10585
1054,606,1054.2774153751739,99677,59,36,228,93,85464,49099,1.3499904692155662,28,16,21196,22039,11783,6068,16705,21747,49112,38828,30064,21392,910,47,306,3667,12267,23150,4320,114,536,14449,6981,9,29,51,21308,409,526,10598
1055,606,1055.2377211904302,99677,60,28,228,93,85474,49100,1.350100825666904,26,19,21280,22110,11713,6041,16692,21708,49112,38828,30103,21459,910,47,306,3666,12237,23189,4320,114,538,14399,6959,9,29,51,21350,409,530,10614
1056,606,1056.043835657405,99677,59,31,228,93,85476,49105,1.3501710524995736,28,15,21286,22134,11671,6014,16727,21712,49112,38828,30142,21525,910,47,304,3666,12199,23229,4320,114,537,14355,6949,9,29,51,21392,411,532,10623
1057,606,1057.0546774506938,99677,61,31,228,93,85491,49110,1.3503717005929152,17,15,21351,22225,11617,5985,16725,21650,49112,38828,30180,21590,910,47,304,3668,12168,23266,4318,114,538,14312,6928,9,29,51,21430,410,533,10642
1058,606,1058.4162921542668,99677,56,25,228,93,85493,49111,1.3504017978069163,24,20,21455,22315,11533,5959,16703,21587,49112,38828,30217,21654,910,47,303,3668,12141,23296,4318,114,539,14265,6911,9,28,52,21474,411,536,10655
1059,606,1059.3374988765404,99677,52,24,228,93,85497,49113,1.3504619922349188,27,18,21487,22353,11486,5941,16719,21570,49112,38828,30254,21717,908,47,303,3668,12121,23320,4317,116,540,14218,6895,9,28,52,21518,411,536,10670
1060,606,1060.3503421636094,99677,52,23,228,93,85505,49116,1.3505723486862566,26,18,21546,22405,11430,5917,16717,21543,49112,38828,30290,21779,907,47,302,3669,12089,23357,4315,117,541,14189,6873,9,28,52,21543,412,536,10691
1061,606,1061.1775527423367,99677,54,23,228,93,85508,49119,1.350632543114259,26,17,21568,22453,11377,5893,16746,21520,49112,38828,30326,21840,907,47,302,3669,12058,23390,4314,117,538,14151,6861,9,28,52,21580,412,540,10702
1062,606,1062.0643705234456,99677,49,25,228,93,85513,49125,1.3507428995655968,31,18,21617,22522,11324,5870,16750,21471,49112,38828,30361,21900,907,47,302,3668,12020,23434,4314,117,540,14116,6849,9,28,52,21610,412,541,10711
1063,606,1063.1927063174203,99677,52,27,228,93,85521,49129,1.3508632884216019,28,19,21675,22591,11257,5844,16759,21425,49112,38828,30396,21959,907,47,301,3667,11995,23464,4314,117,540,14080,6830,9,28,52,21642,413,542,10729
1064,606,1064.0279207835931,99677,49,29,228,93,85528,49133,1.3509736448729397,27,16,21730,22659,11205,5814,16760,21388,49112,38828,30430,22017,907,47,299,3670,11967,23498,4311,117,539,14045,6819,9,28,52,21671,415,543,10740
1065,606,1065.19384861592,99677,57,29,228,93,85539,49137,1.3511241309429458,27,17,21784,22755,11146,5789,16757,21316,49112,38828,30463,22074,907,47,298,3670,11945,23525,4311,117,539,14005,6798,9,28,52,21706,416,544,10760
1066,606,1066.009444502342,99677,55,31,228,93,85545,49142,1.3512344873942836,24,16,21831,22793,11097,5777,16764,21289,49112,38828,30496,22130,907,47,297,3668,11921,23556,4310,117,538,13971,6778,9,28,52,21736,417,546,10779
1067,606,1067.1411021659685,99677,56,30,228,93,85551,49144,1.3513147466316202,22,18,21889,22843,11039,5758,16765,21257,49112,38828,30528,22185,907,47,297,3668,11895,23586,4309,117,535,13935,6767,9,28,52,21769,417,550,10789
1068,606,1068.417392520774,99677,53,26,228,93,85558,49147,1.3514150706782908,25,21,22012,22974,10968,5724,16713,21161,49112,38828,30560,22239,906,47,297,3667,11869,23618,4309,118,537,13900,6748,9,28,52,21799,417,552,10804
1069,606,1069.2804114478615,99677,51,28,228,93,85562,49153,1.3515153947249616,27,21,22053,23028,10919,5698,16721,21131,49112,38828,30591,22292,906,47,296,3667,11846,23645,4308,118,535,13868,6734,9,28,52,21829,417,556,10816
1070,606,1070.1417262327618,99677,45,33,228,93,85563,49160,1.3515956539622982,28,18,22069,23046,10890,5674,16739,21135,49112,38828,30622,22344,906,47,293,3665,11830,23667,4308,118,533,13832,6720,9,27,52,21862,420,558,10830
1071,606,1071.1489168295445,99677,43,30,228,93,85567,49163,1.3516658807949677,31,18,22120,23127,10841,5647,16736,21084,49112,38828,30653,22396,905,47,292,3665,11802,23700,4308,119,535,13802,6701,9,27,52,21887,421,561,10844
1072,606,1072.3587384614134,99677,50,30,228,93,85582,49166,1.3518464640789751,26,17,22214,23223,10785,5616,16696,21020,49112,38828,30683,22447,905,47,292,3667,11777,23728,4306,119,534,13774,6686,9,27,52,21912,421,564,10857
1073,606,1073.0717438764138,99677,47,27,228,93,85584,49168,1.3518865936976434,28,16,22234,23255,10744,5603,16718,21005,49112,38828,30713,22497,905,47,291,3667,11764,23746,4306,119,533,13740,6671,9,27,52,21941,422,567,10870
1074,606,1074.285639511874,99677,53,30,228,93,85594,49175,1.3520571445769836,24,11,22292,23358,10697,5574,16705,20933,49112,38828,30742,22546,904,47,291,3669,11741,23772,4304,120,532,13708,6656,9,27,52,21970,422,570,10883
1075,606,1075.024713156617,99677,52,30,228,93,85597,49177,1.352107306600319,24,12,22325,23392,10658,5558,16712,20914,49112,38828,30771,22594,904,47,288,3668,11725,23793,4304,120,532,13677,6640,9,27,52,21998,424,570,10899
1076,606,1076.002511923687,99677,52,32,228,93,85604,49181,1.352217663051657,25,13,22398,23476,10599,5530,16697,20855,49112,38828,30799,22642,904,47,288,3668,11693,23830,4304,120,531,13656,6625,9,27,52,22015,424,571,10913
1077,606,1077.1290385489724,99677,47,33,228,93,85609,49183,1.3522878898843265,25,14,22458,23555,10551,5503,16690,20801,49112,38828,30827,22689,904,47,288,3669,11675,23852,4304,119,531,13616,6613,9,27,52,22051,424,573,10923
1078,606,1078.1020291190937,99677,48,27,228,93,85622,49185,1.3524383759543326,25,18,22538,23663,10505,5479,16655,20719,49112,38828,30854,22735,904,47,285,3667,11657,23879,4304,119,534,13582,6602,9,27,52,22078,427,576,10928
1079,606,1079.0701017181636,99677,46,31,228,93,85626,49190,1.3525286675963362,26,17,22552,23686,10477,5465,16670,20707,49112,38828,30881,22780,904,47,285,3666,11631,23908,4304,119,532,13559,6590,9,27,52,22099,427,580,10938
1080,606,1080.3532287952917,99677,47,26,228,93,85639,49195,1.3527092508803435,23,16,22681,23805,10404,5446,16616,20613,49112,38828,30908,22825,904,46,285,3672,11617,23932,4299,119,533,13521,6578,9,27,52,22127,427,584,10945
1081,606,1081.0369072525893,99677,49,26,228,93,85643,49197,1.3527694453083459,24,16,22695,23831,10373,5430,16630,20603,49112,38828,30934,22869,903,46,285,3672,11596,23955,4299,120,532,13499,6562,9,27,52,22147,427,585,10961
1082,606,1082.2422411021084,99677,47,26,228,93,85650,49200,1.3528697693550167,23,18,22768,23913,10321,5413,16612,20536,49112,38828,30960,22912,903,46,285,3671,11576,23981,4299,120,534,13483,6543,9,27,52,22158,427,586,10977
1083,606,1083.040572574028,99677,49,21,228,93,85658,49201,1.3529600609970205,18,18,22806,23970,10296,5395,16602,20502,49112,38828,30986,22954,903,46,283,3671,11564,24001,4299,120,534,13453,6527,9,27,52,22181,428,588,10991
1084,606,1084.3997671761008,99677,48,22,228,93,85664,49203,1.353040320234357,18,22,22917,24062,10239,5366,16549,20434,49112,38828,31011,22996,903,46,282,3671,11541,24028,4299,120,534,13427,6518,9,27,52,22203,429,588,11000
1085,606,1085.15798554187,99677,46,27,228,93,85667,49208,1.3531205794716936,19,18,22947,24111,10204,5348,16555,20402,49112,38828,31036,23037,902,46,281,3671,11522,24048,4299,121,535,13402,6505,9,27,52,22227,430,588,11012
1086,606,1086.072708138484,99677,50,32,228,93,85676,49217,1.353301162755701,12,10,23000,24169,10166,5327,16543,20368,49112,38828,31060,23077,902,46,280,3670,11507,24066,4299,121,537,13367,6497,9,27,52,22261,430,591,11015
1087,606,1087.0721754439803,99677,44,29,228,93,85677,49221,1.3533513247790363,13,9,23052,24234,10132,5302,16530,20332,49112,38828,31084,23117,902,46,280,3668,11487,24090,4299,121,538,13339,6488,9,27,52,22287,430,594,11020
1088,606,1088.201907488087,99677,34,28,228,93,85678,49226,1.3534115192070388,19,7,23126,24323,10082,5278,16510,20270,49112,38828,31108,23156,902,46,277,3670,11470,24115,4296,121,539,13311,6476,9,27,52,22309,432,597,11028
1089,606,1089.1252119425355,99676,35,25,229,93,85684,49228,1.3535053573578395,22,7,23197,24414,10025,5256,16491,20204,49112,38828,31131,23195,902,46,276,3669,11445,24143,4296,121,540,13288,6471,9,27,52,22329,433,600,11029
1090,606,1090.2368657249383,99676,41,23,229,93,85691,49230,1.3535956499056945,17,5,23233,24469,9986,5241,16493,20168,49112,38828,31154,23233,902,46,276,3669,11426,24165,4296,121,539,13261,6463,9,27,52,22353,433,601,11037
1091,606,1091.0271110023582,99676,44,17,229,93,85698,49230,1.353665877442915,17,7,23269,24514,9955,5227,16485,20141,49112,38828,31177,23270,902,46,276,3670,11412,24181,4295,121,540,13236,6451,9,27,52,22376,433,605,11044
1092,606,1092.0254295110828,99676,41,14,229,93,85703,49231,1.3537260724748184,21,8,23332,24609,9915,5203,16461,20072,49112,38828,31199,23307,902,46,276,3671,11393,24205,4294,121,541,13211,6440,9,27,52,22397,433,607,11051
1093,606,1093.0065577847877,99676,42,14,229,93,85707,49234,1.353796300012039,21,6,23394,24670,9861,5183,16452,20033,49112,38828,31221,23343,902,46,276,3671,11374,24227,4294,121,542,13188,6433,9,27,52,22418,433,607,11056
1094,606,1094.0269705887492,99676,47,14,229,93,85716,49235,1.3538966250652114,21,7,23463,24774,9804,5159,16435,19952,49112,38828,31243,23379,900,46,276,3669,11361,24243,4294,123,541,13162,6423,9,27,52,22443,433,608,11066
