,indexID,time,N,Inf_L,Inf_H,Dead_L,Dead_H,cum_cases_L,cum_cases_H,cum_sum_per_N,Exposed_L,Exposed_H,Sus_L,Sus_H,Rec_nat_L,Rec_nat_H,Rec_vax_L,Rec_vax_H,vaccinatedH,vaccinatedL,boostedH,boostedL,count_Naive,count_Delta,count_Delta_vaccine,count_two,count_three,count_four,count_Omicron,count_Omicron_star,count_Omicron_star_vaccine,count_Omicron_vaccine,count_Vaccine,count_WT,count_WT_vaccine,count_WT_vaccine_boost,count_Omicron_vaccine_boost,count_Delta_vaccine_boost,count_Omicron_star_vaccine_boost,count_Vaccine_boost
0,11952,1.0720525318439391,99996,7,7,0,0,7,7,0.00014000560022400896,19,18,49972,49973,0,0,0,0,0,0,0,0,99996,0,0,0,0,0,0,0,0,0,0,0,0,0,0,0,0,0
1,11952,2.0924222297382133,99996,8,9,0,0,11,12,0.00023000920036801473,19,14,49968,49972,3,3,0,0,0,0,0,0,99990,0,0,0,0,0,0,0,0,0,0,6,0,0,0,0,0,0
2,11952,3.131092557688512,99996,9,11,0,0,12,15,0.00027001080043201727,21,13,49965,49970,3,4,0,0,0,0,0,0,99989,0,0,0,0,0,0,0,0,0,0,7,0,0,0,0,0,0
3,11952,4.100783323016037,99996,14,13,0,0,17,18,0.0003500140005600224,16,11,49965,49969,3,5,0,0,0,0,0,0,99988,0,0,0,0,0,0,0,0,0,0,8,0,0,0,0,0,0
4,11952,5.144393763404036,99996,15,12,0,0,22,19,0.00041001640065602623,14,12,49962,49967,7,7,0,0,0,0,0,0,99982,0,0,0,0,0,0,0,0,0,0,14,0,0,0,0,0,0
5,11952,6.045580193191669,99996,19,14,0,0,28,23,0.0005100204008160326,11,9,49959,49966,9,9,0,0,0,0,0,0,99978,0,0,0,0,0,0,0,0,0,0,18,0,0,0,0,0,0
6,11952,7.06920710759062,99996,21,14,0,0,31,24,0.0005500220008800352,16,8,49951,49966,10,10,0,0,0,0,0,0,99976,0,0,0,0,0,0,0,0,0,0,20,0,0,0,0,0,0
7,11952,8.016702867064543,99996,23,16,0,0,34,27,0.0006100244009760391,16,5,49948,49966,11,11,0,0,0,0,0,0,99974,0,0,0,0,0,0,0,0,0,0,22,0,0,0,0,0,0
8,11952,9.02018998971318,99996,24,13,0,0,36,27,0.0006300252010080403,18,8,49945,49963,11,14,0,0,0,0,0,0,99970,0,0,0,0,0,0,0,0,0,0,26,0,0,0,0,0,0
9,11952,10.010884248715435,99996,26,13,0,0,39,28,0.0006700268010720429,16,8,49944,49962,12,15,0,0,0,0,0,0,99968,0,0,0,0,0,0,0,0,0,0,28,0,0,0,0,0,0
10,11952,11.00853573375671,99996,27,14,0,0,42,31,0.0007300292011680467,18,6,49939,49961,14,17,0,0,0,0,0,0,99964,0,0,0,0,0,0,0,0,0,0,32,0,0,0,0,0,0
11,11952,12.124570553437612,99996,28,15,0,0,48,33,0.0008100324012960519,14,8,49937,49957,19,18,0,0,0,0,0,0,99958,0,0,0,0,0,0,0,0,0,0,38,0,0,0,0,0,0
12,11952,13.021725765527613,99996,28,16,0,0,52,35,0.0008700348013920557,13,9,49935,49954,22,19,0,0,0,0,0,0,99953,0,0,0,0,0,0,0,0,0,0,43,0,0,0,0,0,0
13,11952,14.006211864285198,99996,29,17,0,0,56,38,0.0009400376015040601,11,13,49933,49947,25,21,0,0,0,0,0,0,99948,0,0,0,0,0,0,0,0,0,0,48,0,0,0,0,0,0
14,11952,15.069369536040034,99996,29,19,0,0,59,41,0.001000040001600064,11,13,49930,49944,28,22,0,0,0,0,0,0,99944,0,0,0,0,0,0,0,0,0,0,52,0,0,0,0,0,0
15,11952,16.093766970740734,99996,28,20,0,0,60,47,0.0010700428017120685,17,11,49923,49940,30,27,0,0,0,0,0,0,99937,0,0,0,0,0,0,0,0,0,0,59,0,0,0,0,0,0
16,11952,17.01910310825428,99996,29,19,0,0,65,48,0.0011300452018080723,16,13,49919,49937,34,29,0,0,0,0,0,0,99931,0,0,0,0,0,0,0,0,0,0,65,0,0,0,0,0,0
17,11952,18.115516102113048,99996,28,21,0,0,68,53,0.0012100484019360775,19,12,49913,49933,38,32,0,0,0,0,0,0,99924,0,0,0,0,0,0,0,0,0,0,72,0,0,0,0,0,0
18,11952,19.291017172640874,99996,28,19,0,0,73,54,0.0012700508020320814,17,17,49912,49927,41,35,0,0,0,0,0,0,99916,0,0,0,0,0,0,0,0,0,0,80,0,0,0,0,0,0
19,11952,20.01382705941535,99996,32,19,0,0,81,58,0.001390055602224089,11,18,49910,49922,45,39,0,0,0,0,0,0,99908,0,0,0,0,0,0,0,0,0,0,88,0,0,0,0,0,0
20,11952,21.317915008844686,99996,31,20,0,0,84,63,0.001470058802352094,12,18,49906,49917,49,43,0,0,0,0,0,0,99900,0,0,0,0,0,0,0,0,0,0,96,0,0,0,0,0,0
21,11952,22.042350203089953,99996,29,17,0,0,86,65,0.0015100604024160967,12,18,49904,49915,53,48,0,0,0,0,0,0,99891,0,0,0,0,0,0,0,0,0,0,105,0,0,0,0,0,0
22,11952,23.159618884819313,99996,31,19,0,0,90,69,0.0015900636025441017,14,15,49899,49914,54,50,0,0,0,0,0,0,99887,0,0,0,0,0,0,0,0,0,0,109,0,0,0,0,0,0
23,11952,24.035512850761222,99995,24,22,1,0,93,72,0.0016500825041252062,17,13,49893,49913,63,50,0,0,0,0,0,0,99877,0,0,0,0,0,0,0,0,0,0,118,0,0,0,0,0,0
24,11952,25.075545754659696,99995,27,23,1,0,98,76,0.0017400870043502174,17,11,49888,49911,65,53,0,0,0,0,0,0,99872,0,0,0,0,0,0,0,0,0,0,123,0,0,0,0,0,0
25,11952,26.00427098610418,99995,28,23,1,0,102,80,0.0018200910045502274,18,9,49883,49909,68,57,0,0,0,0,0,0,99865,0,0,0,0,0,0,0,0,0,0,130,0,0,0,0,0,0
26,11952,27.008968595786634,99995,26,18,1,0,108,81,0.0018900945047252364,22,12,49873,49905,76,63,0,0,0,0,0,0,99851,0,0,0,0,0,0,0,0,0,0,144,0,0,0,0,0,0
27,11952,28.013065719019338,99995,30,20,1,0,114,85,0.0019900995049752486,21,8,49868,49905,78,65,0,0,0,0,0,0,99847,0,0,0,0,0,0,0,0,0,0,148,0,0,0,0,0,0
28,11952,29.03849939785185,99995,32,23,1,0,118,89,0.0020701035051752586,20,7,49865,49902,80,66,0,0,0,0,0,0,99844,0,0,0,0,0,0,0,0,0,0,151,0,0,0,0,0,0
29,11952,30.108798081076724,99995,34,21,1,0,125,91,0.00216010800540027,22,7,49856,49902,85,68,0,0,0,0,0,0,99835,0,0,0,0,0,0,0,0,0,0,160,0,0,0,0,0,0
30,11952,31.153879189363156,99995,34,19,1,0,128,92,0.002200110005500275,23,11,49852,49897,88,71,0,0,0,0,0,0,99829,0,0,0,0,0,0,0,0,0,0,166,0,0,0,0,0,0
31,11952,32.21393023341084,99995,33,20,1,0,135,94,0.002290114505725286,23,10,49845,49896,96,72,0,0,0,0,0,0,99820,0,0,0,0,0,0,0,0,0,0,175,0,0,0,0,0,0
32,11952,33.0681683464557,99995,39,20,1,0,143,95,0.0023801190059502975,17,9,49843,49897,98,72,0,0,0,0,0,0,99817,0,0,0,0,0,0,0,0,0,0,178,0,0,0,0,0,0
33,11952,34.23910798339714,99995,36,20,1,0,147,99,0.0024601230061503075,19,5,49837,49897,105,76,0,0,0,0,0,0,99806,0,0,0,0,0,0,0,0,0,0,189,0,0,0,0,0,0
34,11952,35.012118944054656,99995,29,20,1,0,152,100,0.002520126006300315,17,7,49834,49895,117,76,0,0,0,0,0,0,99793,0,0,0,0,0,0,0,0,0,0,202,0,0,0,0,0,0
35,11952,36.163410604719886,99995,29,21,1,0,156,103,0.002590129506475324,19,8,49828,49891,121,78,0,0,0,0,0,0,99787,0,0,0,0,0,0,0,0,0,0,208,0,0,0,0,0,0
36,11952,37.131499490316976,99995,28,21,1,0,161,106,0.002670133506675334,20,6,49822,49890,127,81,0,0,0,0,0,0,99778,0,0,0,0,0,0,0,0,0,0,217,0,0,0,0,0,0
37,11952,38.03497584191004,99995,28,18,1,0,167,107,0.0027401370068503425,15,7,49822,49888,132,85,0,0,0,0,0,0,99768,0,0,0,0,0,0,0,0,0,0,227,0,0,0,0,0,0
38,11952,39.174409871515,99995,28,20,1,0,174,110,0.002840142007100355,17,5,49813,49888,139,85,0,0,0,0,0,0,99760,0,0,0,0,0,0,0,0,0,0,235,0,0,0,0,0,0
39,11952,40.05718397465947,99995,24,20,1,0,176,112,0.00288014400720036,17,9,49811,49882,145,87,0,0,0,0,0,0,99752,0,0,0,0,0,0,0,0,0,0,243,0,0,0,0,0,0
40,11952,41.12812164040781,99995,18,19,1,0,176,114,0.0029001450072503624,20,9,49810,49880,149,90,0,0,0,0,0,0,99743,0,0,0,0,0,0,0,0,0,0,252,0,0,0,0,0,0
41,11952,42.11469270992077,99995,18,19,1,0,180,118,0.0029801490074503724,22,6,49804,49880,153,93,0,0,0,0,0,0,99735,0,0,0,0,0,0,0,0,0,0,260,0,0,0,0,0,0
42,11952,43.05906518208697,99995,17,15,1,0,184,119,0.003030151507575379,23,6,49799,49879,158,98,0,0,0,0,0,0,99725,0,0,0,0,0,0,0,0,0,0,270,0,0,0,0,0,0
43,11952,44.10929379567897,99995,20,18,1,0,189,123,0.00312015600780039,19,3,49798,49878,160,99,0,0,0,0,0,0,99722,0,0,0,0,0,0,0,0,0,0,273,0,0,0,0,0,0
44,11952,45.15933441497809,99995,22,15,1,0,195,125,0.0032001600080004,17,3,49794,49876,164,104,0,0,0,0,0,0,99713,0,0,0,0,0,0,0,0,0,0,282,0,0,0,0,0,0
45,11952,46.01360101919549,99995,27,16,1,0,202,127,0.0032901645082254113,14,1,49790,49876,166,105,0,0,0,0,0,0,99710,0,0,0,0,0,0,0,0,0,0,285,0,0,0,0,0,0
46,11952,47.10464698759219,99995,31,13,1,0,209,128,0.0033701685084254213,12,2,49787,49874,167,109,0,0,0,0,0,0,99703,0,0,0,0,0,0,0,0,0,0,292,0,0,0,0,0,0
47,11952,48.08493311557779,99995,29,8,1,0,211,128,0.003390169508475424,24,7,49775,49869,169,114,0,0,0,0,0,0,99694,0,0,0,0,0,0,0,0,0,0,301,0,0,0,0,0,0
48,11952,49.28657615404509,99995,35,9,1,0,218,130,0.003480174008700435,23,9,49769,49866,170,114,0,0,0,0,0,0,99692,0,0,0,0,0,0,0,0,0,0,303,0,0,0,0,0,0
49,11952,50.00017971375572,99995,41,9,1,0,226,130,0.003560178008900445,16,10,49768,49865,172,114,0,0,0,0,0,0,99690,0,0,0,0,0,0,0,0,0,0,305,0,0,0,0,0,0
50,11952,51.30762751702263,99995,35,12,1,0,231,134,0.0036501825091254563,18,10,49761,49864,183,112,0,0,0,0,0,0,99678,0,0,0,0,0,0,0,0,0,0,317,0,0,0,0,0,0
51,11952,52.31945821956733,99995,37,15,1,0,235,139,0.0037401870093504677,19,7,49756,49862,185,114,0,0,0,0,0,0,99674,0,0,0,0,0,0,0,0,0,0,321,0,0,0,0,0,0
52,11952,53.01003489260692,99995,34,14,1,0,237,141,0.0037801890094504727,22,7,49753,49860,188,117,0,0,0,0,0,0,99666,0,0,0,0,0,0,0,0,0,0,329,0,0,0,0,0,0
53,11952,54.248806765964744,99995,33,12,1,0,242,141,0.0038301915095754788,21,9,49751,49858,192,119,0,0,0,0,0,0,99658,0,0,0,0,0,0,0,0,0,0,337,0,0,0,0,0,0
54,11952,55.02334612851371,99995,34,11,1,0,248,141,0.0038901945097254862,19,10,49747,49857,197,120,0,0,0,0,0,0,99652,0,0,0,0,0,0,0,0,0,0,343,0,0,0,0,0,0
55,11952,56.051984199510365,99995,33,14,1,0,253,146,0.003990199509975499,17,7,49744,49856,203,121,0,0,0,0,0,0,99644,0,0,0,0,0,0,0,0,0,0,351,0,0,0,0,0,0
56,11952,57.02867992965257,99995,34,13,1,0,259,147,0.004060203010150507,18,7,49738,49856,207,122,0,0,0,0,0,0,99637,0,0,0,0,0,0,0,0,0,0,358,0,0,0,0,0,0
57,11952,58.107668290695834,99995,39,12,1,0,269,148,0.004170208510425521,12,8,49735,49856,211,122,0,0,0,0,0,0,99630,0,0,0,0,0,0,0,0,0,0,365,0,0,0,0,0,0
58,11952,59.268155576363476,99995,36,12,1,0,271,151,0.004220211010550527,14,6,49732,49855,215,125,0,0,0,0,0,0,99622,0,0,0,0,0,0,0,0,0,0,373,0,0,0,0,0,0
59,11952,60.091729547638934,99995,33,13,1,0,272,152,0.00424021201060053,20,7,49725,49853,219,125,0,0,0,0,0,0,99618,0,0,0,0,0,0,0,0,0,0,377,0,0,0,0,0,0
60,11952,61.225553080104966,99995,34,14,1,0,275,154,0.004290214510725536,19,7,49724,49851,220,126,0,0,0,0,0,0,99615,0,0,0,0,0,0,0,0,0,0,380,0,0,0,0,0,0
61,11952,62.08791997004981,99995,32,14,1,0,280,155,0.004350217510875544,16,7,49722,49850,227,127,0,0,0,0,0,0,99607,0,0,0,0,0,0,0,0,0,0,388,0,0,0,0,0,0
62,11952,63.13426348721408,99995,31,14,1,0,283,155,0.004380219010950547,14,10,49722,49848,230,126,0,0,0,0,0,0,99603,0,0,0,0,0,0,0,0,0,0,392,0,0,0,0,0,0
63,11952,64.16992337954404,99995,27,14,1,0,286,156,0.004420221011050552,17,12,49718,49845,235,127,0,0,0,0,0,0,99595,0,0,0,0,0,0,0,0,0,0,400,0,0,0,0,0,0
64,11952,65.00720231063896,99995,28,12,1,0,288,157,0.004450222511125556,16,13,49718,49843,235,130,0,0,0,0,0,0,99591,0,0,0,0,0,0,0,0,0,0,404,0,0,0,0,0,0
65,11952,66.04045118382427,99995,23,12,1,0,291,159,0.004500225011250562,22,12,49710,49843,242,131,0,0,0,0,0,0,99581,0,0,0,0,0,0,0,0,0,0,414,0,0,0,0,0,0
66,11952,67.11298400821376,99995,27,12,1,0,298,161,0.004590229511475574,19,12,49707,49843,244,131,0,0,0,0,0,0,99576,0,0,0,0,0,0,0,0,0,0,419,0,0,0,0,0,0
67,11952,68.00771334857917,99995,28,18,1,0,299,168,0.004670233511675584,19,10,49706,49840,244,130,0,0,0,0,0,0,99575,0,0,0,0,0,0,0,0,0,0,420,0,0,0,0,0,0
68,11952,69.07259185651061,99995,31,18,1,0,306,170,0.004760238011900595,21,12,49697,49836,248,132,0,0,0,0,0,0,99569,0,0,0,0,0,0,0,0,0,0,426,0,0,0,0,0,0
69,11952,70.01225196542397,99995,29,19,1,0,308,173,0.004810240512025601,22,10,49695,49835,251,134,0,0,0,0,0,0,99563,0,0,0,0,0,0,0,0,0,0,432,0,0,0,0,0,0
70,11952,71.12594697022013,99995,31,13,1,0,314,174,0.00488024401220061,25,12,49687,49833,254,140,0,0,0,0,0,0,99552,0,0,0,0,0,0,0,0,0,0,443,0,0,0,0,0,0
71,11952,72.23519926492307,99995,33,12,1,0,318,176,0.004940247012350617,24,16,49684,49827,256,143,0,0,0,0,0,0,99547,0,0,0,0,0,0,0,0,0,0,448,0,0,0,0,0,0
72,11952,73.02360131469686,99995,30,14,1,0,323,180,0.005030251512575629,24,15,49679,49824,264,145,0,0,0,0,0,0,99537,0,0,0,0,0,0,0,0,0,0,458,0,0,0,0,0,0
73,11952,74.04632247139634,99995,28,16,1,0,328,184,0.00512025601280064,24,11,49674,49825,271,146,0,0,0,0,0,0,99528,0,0,0,0,0,0,0,0,0,0,467,0,0,0,0,0,0
74,11952,75.21247590278823,99995,39,15,1,0,341,185,0.005260263013150658,16,12,49670,49823,272,148,0,0,0,0,0,0,99524,0,0,0,0,0,0,0,0,0,0,471,0,0,0,0,0,0
75,11952,76.00660763538812,99995,41,15,1,0,344,189,0.005330266513325666,15,9,49669,49824,272,150,0,0,0,0,0,0,99519,0,0,0,0,0,0,0,0,0,0,476,0,0,0,0,0,0
76,11952,77.21118555474307,99995,43,14,1,0,348,192,0.005400270013500675,19,9,49663,49821,272,154,0,0,0,0,0,0,99513,0,0,0,0,0,0,0,0,0,0,482,0,0,0,0,0,0
77,11952,78.05805050402394,99995,41,15,1,0,353,194,0.005470273513675684,23,11,49655,49817,278,155,0,0,0,0,0,0,99505,0,0,0,0,0,0,0,0,0,0,490,0,0,0,0,0,0
78,11952,79.02997498916962,99995,39,19,1,0,355,198,0.005530276513825691,24,10,49652,49815,282,154,0,0,0,0,0,0,99501,0,0,0,0,0,0,0,0,0,0,494,0,0,0,0,0,0
79,11952,80.28830102249034,99995,37,21,1,0,358,202,0.0056002800140007,25,8,49648,49815,287,154,0,0,0,0,0,0,99494,0,0,0,0,0,0,0,0,0,0,501,0,0,0,0,0,0
80,11952,81.3161121021166,99994,37,21,2,0,366,203,0.005690341420485229,21,11,49645,49811,293,155,0,0,0,0,0,0,99485,0,0,0,0,0,0,0,0,0,0,509,0,0,0,0,0,0
81,11952,82.2041898222941,99994,37,21,2,0,373,207,0.005800348020881253,23,10,49638,49809,298,158,0,0,0,0,0,0,99475,0,0,1,0,0,0,0,0,0,0,518,0,0,0,0,0,0
82,11952,83.2027182674286,99994,41,22,2,0,382,208,0.005900354021241274,21,13,49632,49805,302,158,0,0,0,0,0,0,99470,0,0,1,0,0,0,0,0,0,0,523,0,0,0,0,0,0
83,11952,84.08775864247211,99994,41,22,2,0,384,209,0.005930355821349281,23,14,49629,49803,303,159,0,0,0,0,0,0,99467,0,0,1,0,0,0,0,0,0,0,526,0,0,0,0,0,0
84,11952,85.08177885488955,99994,39,22,2,0,390,212,0.0060203612216733005,24,15,49622,49799,311,162,0,0,0,0,0,0,99456,0,0,1,0,0,0,0,0,0,0,537,0,0,0,0,0,0
85,11952,86.27377232438936,99994,37,24,2,0,396,219,0.006150369022141329,25,11,49616,49796,318,167,0,0,0,0,0,0,99443,0,0,1,0,0,0,0,0,0,0,550,0,0,0,0,0,0
86,11952,87.09112356517352,99994,39,25,2,0,400,221,0.0062103726223573415,24,13,49614,49793,319,167,0,0,0,0,0,0,99440,0,0,1,0,0,0,0,0,0,0,553,0,0,0,0,0,0
87,11952,88.31788988166532,99994,37,23,2,0,405,224,0.006290377422645359,28,15,49608,49788,323,172,0,0,0,0,0,0,99428,0,0,1,0,0,0,0,0,0,0,565,0,0,0,0,0,0
88,11952,89.09887078067418,99994,44,22,2,0,412,225,0.006370382222933376,25,16,49604,49788,323,172,0,0,0,0,0,0,99426,0,0,1,0,0,0,0,0,0,0,567,0,0,0,0,0,0
89,11952,90.10280239977057,99994,38,24,2,0,412,228,0.0064003840230413825,27,15,49603,49786,328,173,0,0,0,0,0,0,99419,0,0,1,0,0,0,0,0,0,0,574,0,0,0,0,0,0
90,11952,91.03035979636607,99994,35,27,2,0,418,233,0.006510390623437406,26,13,49600,49785,335,173,0,0,0,0,0,0,99408,0,0,1,0,0,0,0,0,0,0,585,0,0,0,0,0,0
91,11952,92.06534089782181,99994,33,24,2,0,422,234,0.006560393623617417,25,16,49599,49781,339,177,0,0,0,0,0,0,99398,0,0,1,0,0,0,0,0,0,0,595,0,0,0,0,0,0
92,11952,93.06435451299673,99994,34,21,2,0,429,238,0.0066704002240134406,25,15,49594,49779,343,183,0,0,0,0,0,0,99385,0,0,1,0,0,0,0,0,0,0,608,0,0,0,0,0,0
93,11952,94.03365048105641,99994,33,24,2,0,433,243,0.00676040562433746,27,14,49588,49775,348,185,0,0,0,0,0,0,99378,0,0,1,0,0,0,0,0,0,0,615,0,0,0,0,0,0
94,11952,95.17386359468769,99994,35,23,2,0,440,246,0.0068604116246974815,29,12,49579,49775,353,188,0,0,0,0,0,0,99369,0,0,1,0,0,0,0,0,0,0,624,0,0,0,0,0,0
95,11952,96.14424734315173,99994,35,27,2,0,444,250,0.0069404164249854995,32,13,49573,49770,356,188,0,0,0,0,0,0,99365,0,0,1,0,0,0,0,0,0,0,628,0,0,0,0,0,0
96,11952,97.13192346859209,99994,39,27,2,0,453,254,0.007070424225453527,34,12,49565,49768,358,191,0,0,0,0,0,0,99356,0,0,1,0,0,0,0,0,0,0,637,0,0,0,0,0,0
97,11952,98.06990936020397,99994,43,27,2,0,460,257,0.007170430225813549,31,13,49562,49764,360,194,0,0,0,0,0,0,99350,0,0,1,0,0,0,0,0,0,0,643,0,0,0,0,0,0
98,11952,99.0756262647492,99994,46,24,2,0,468,261,0.007290437426245575,27,14,49560,49759,363,201,0,0,0,0,0,0,99338,0,0,1,0,0,0,0,0,0,0,655,0,0,0,0,0,0
99,11952,100.02492602747563,99994,44,27,2,0,473,267,0.007400444026641599,30,13,49554,49755,368,203,0,0,0,0,0,0,99328,0,0,1,0,0,0,0,0,0,0,665,0,0,0,0,0,0
100,11952,101.01354638927992,99994,46,25,2,0,481,268,0.007490449426965618,33,15,49543,49753,374,205,0,0,0,0,0,0,99319,0,0,1,0,0,0,0,0,0,0,674,0,0,0,0,0,0
101,11952,102.07950985608038,99994,48,28,2,0,489,275,0.00764045842750565,36,13,49534,49750,378,207,0,0,0,0,0,0,99309,0,0,1,0,0,0,0,0,0,0,684,0,0,0,0,0,0
102,11952,103.18642322457889,99994,53,27,2,0,496,279,0.007750465027901674,36,12,49528,49749,379,210,0,0,0,0,0,0,99302,0,0,1,0,0,0,0,0,0,0,691,0,0,0,0,0,0
103,11952,104.02897206722217,99994,56,20,2,0,510,281,0.007910474628477708,40,18,49510,49741,390,219,0,0,0,0,0,0,99282,0,0,1,0,0,0,0,0,0,0,711,0,0,0,0,0,0
104,11952,105.03349325894143,99994,59,24,2,0,518,285,0.008030481828909735,38,18,49505,49737,394,219,0,0,0,0,0,0,99277,0,0,1,0,0,0,0,0,0,0,716,0,0,0,0,0,0
105,11952,106.23534092048658,99994,68,27,2,0,533,290,0.008230493829629778,41,22,49488,49730,399,219,0,0,0,0,0,0,99269,0,0,1,0,0,0,0,0,0,0,724,0,0,0,0,0,0
106,11952,107.03068226880873,99994,72,26,2,0,541,294,0.008350501030061803,40,21,49483,49730,401,221,0,0,0,0,0,0,99260,0,0,1,0,0,0,0,0,0,0,733,0,0,0,0,0,0
107,11952,108.27084695541795,99994,80,28,2,0,556,303,0.008590515430925856,42,23,49469,49719,405,228,0,0,0,0,0,0,99246,0,0,1,0,0,0,0,0,0,0,747,0,0,0,0,0,0
108,11952,109.26058034112648,99994,76,30,2,0,570,306,0.008760525631537893,33,22,49465,49717,422,229,0,0,0,0,0,0,99228,0,0,2,0,0,0,0,0,0,0,764,0,0,0,0,0,0
109,11952,110.25048388791181,99994,77,32,2,0,579,314,0.008930535832149929,33,21,49457,49712,429,233,0,0,0,0,0,0,99214,0,0,2,0,0,0,0,0,0,0,778,0,0,0,0,0,0
110,11952,111.24059419674425,99994,73,31,2,0,586,318,0.009040542432545953,43,22,49441,49708,439,237,0,0,0,0,0,0,99198,0,0,2,0,0,0,0,0,0,0,794,0,0,0,0,0,0
111,11952,112.16385830045085,99994,72,34,2,0,593,324,0.009170550233013981,52,21,49428,49704,444,239,0,0,0,0,0,0,99187,0,0,2,0,0,0,0,0,0,0,805,0,0,0,0,0,0
112,11952,113.15439135850009,99994,79,33,2,0,611,327,0.009380562833770026,46,23,49417,49699,454,243,0,0,0,0,0,0,99172,0,0,2,0,0,0,0,0,0,0,820,0,0,0,0,0,0
113,11952,114.14507885908229,99993,83,29,3,0,621,331,0.009520666446651265,45,21,49413,49697,454,251,0,0,0,0,0,0,99158,0,0,2,0,0,0,0,0,0,0,833,0,0,0,0,0,0
114,11952,115.13586132514203,99993,83,33,3,0,636,336,0.009720680447631334,43,22,49401,49691,468,252,0,0,0,0,0,0,99142,0,0,2,0,0,0,0,0,0,0,849,0,0,0,0,0,0
115,11952,116.12687568560472,99993,80,37,3,0,647,344,0.0099106937485624,44,22,49389,49686,482,253,0,0,0,0,0,0,99124,0,0,2,0,0,0,0,0,0,0,867,0,0,0,0,0,0
116,11952,117.11811351083261,99993,77,42,3,0,658,351,0.01009070634944446,45,25,49378,49676,495,255,0,0,0,0,0,0,99108,0,0,2,0,0,0,0,0,0,0,883,0,0,0,0,0,0
117,11952,118.10958129121259,99993,83,48,3,0,675,360,0.010350724550718551,43,24,49364,49669,505,257,0,0,0,0,0,0,99094,0,0,2,0,0,0,0,0,0,0,897,0,0,0,0,0,0
118,11952,119.10126288269315,99993,83,50,3,0,682,366,0.010480733651355595,51,21,49353,49666,508,261,0,0,0,0,0,0,99083,0,0,2,0,0,0,0,0,0,0,908,0,0,0,0,0,0
119,11952,120.220288769622,99993,81,49,3,0,693,371,0.01064074485213965,55,25,49339,49659,520,265,0,0,0,0,0,0,99064,0,0,2,0,0,0,0,0,0,0,927,0,0,0,0,0,0
120,11952,121.21238966563087,99993,80,43,3,0,706,373,0.0107907553528747,50,24,49334,49659,531,272,0,0,0,0,0,0,99043,0,0,3,0,0,0,0,0,0,0,947,0,0,0,0,0,0
121,11952,122.20468423345473,99993,83,42,3,0,722,378,0.011000770053903774,52,28,49319,49650,541,278,0,0,0,0,0,0,99024,0,0,3,0,0,0,0,0,0,0,966,0,0,0,0,0,0
122,11952,123.19719604615463,99993,79,47,3,0,733,387,0.011200784054883842,51,23,49314,49646,551,282,0,0,0,0,0,0,99005,0,0,3,0,0,0,0,0,0,0,985,0,0,0,0,0,0
123,11952,124.18987227292126,99993,76,43,3,0,745,391,0.011360795255667896,53,29,49302,49636,564,290,0,0,0,0,0,0,98982,0,0,3,0,0,0,0,0,0,0,1008,0,0,0,0,0,0
124,11952,125.18278175871086,99991,77,41,5,0,761,399,0.011601044093968458,46,26,49296,49633,574,298,0,0,0,0,0,0,98957,0,0,3,0,0,0,0,0,0,0,1031,0,0,0,0,0,0
125,11952,126.17585333762894,99991,73,37,5,0,766,404,0.01170105309477853,50,29,49291,49626,579,306,0,0,0,0,0,0,98940,0,0,4,0,0,0,0,0,0,0,1047,0,0,0,0,0,0
126,11952,127.16907903550008,99991,82,42,5,0,787,413,0.012001080097208749,40,29,49280,49618,591,309,0,0,0,0,0,0,98924,0,0,4,0,0,0,0,0,0,0,1063,0,0,0,0,0,0
127,11952,128.16249284928733,99991,79,48,5,0,796,420,0.012161094498504865,47,30,49267,49611,600,309,0,0,0,0,0,0,98911,0,0,4,0,0,0,0,0,0,0,1076,0,0,0,0,0,0
128,11952,129.15610514555377,99991,76,44,5,0,803,423,0.012261103499314939,57,32,49250,49606,610,316,0,0,0,0,0,0,98894,0,0,4,0,0,0,0,0,0,0,1093,0,0,0,0,0,0
129,11952,130.14995139685098,99991,82,43,5,0,818,433,0.01251112600134012,52,28,49242,49601,617,326,0,0,0,0,0,0,98874,0,0,4,0,0,0,0,0,0,0,1113,0,0,0,0,0,0
130,11952,131.1439977787449,99991,91,50,5,0,833,442,0.012751147603284295,49,25,49233,49596,620,327,0,0,0,0,0,0,98866,0,0,4,0,0,0,0,0,0,0,1121,0,0,0,0,0,0
131,11952,132.1381152424553,99991,96,56,5,0,844,453,0.012971167405066457,49,18,49226,49593,622,331,0,0,0,0,0,0,98855,0,0,4,0,0,0,0,0,0,0,1132,0,0,0,0,0,0
132,11952,133.31454096401757,99991,93,54,5,0,859,458,0.013171185406686601,54,24,49210,49584,636,336,0,0,0,0,0,0,98830,0,0,4,0,0,0,0,0,0,0,1157,0,0,0,0,0,0
133,11952,134.30908704977742,99991,86,52,5,0,875,464,0.013391205208468763,55,24,49193,49578,659,344,0,0,0,0,0,0,98799,0,0,4,0,0,0,0,0,0,0,1188,0,0,0,0,0,0
134,11952,135.3039923048088,99991,90,50,5,0,892,469,0.013611225010250923,51,30,49180,49567,672,351,0,0,0,0,0,0,98779,0,0,4,0,0,0,0,0,0,0,1208,0,0,0,0,0,0
135,11952,136.29915952806974,99990,92,50,6,0,909,474,0.013831383138313832,52,27,49165,49566,683,355,0,0,0,0,0,0,98759,0,0,4,0,0,0,0,0,0,0,1227,0,0,0,0,0,0
136,11952,137.2946165491981,99990,85,46,6,0,920,477,0.013971397139713971,50,32,49157,49559,700,361,0,0,0,0,0,0,98734,0,0,4,0,0,0,0,0,0,0,1252,0,0,0,0,0,0
137,11952,138.29033277452,99990,94,49,6,0,934,485,0.01419141914191419,54,28,49143,49556,701,365,0,0,0,0,0,0,98724,0,0,4,0,0,0,0,0,0,0,1262,0,0,0,0,0,0
138,11952,139.28618748449392,99990,97,45,6,0,950,490,0.0144014401440144,51,26,49132,49553,712,374,0,0,0,0,0,0,98702,0,0,4,0,0,0,0,0,0,0,1284,0,0,0,0,0,0
139,11952,140.2822779125343,99990,102,45,6,0,965,497,0.014621462146214622,49,28,49120,49546,721,379,0,0,0,0,0,0,98685,0,0,4,0,0,0,0,0,0,0,1301,0,0,0,0,0,0
140,11952,141.27857150851585,99989,94,50,7,0,980,507,0.014871635879946794,54,26,49104,49538,739,384,0,0,0,0,0,0,98657,0,0,4,0,0,0,0,0,0,0,1328,0,0,0,0,0,0
141,11952,142.27516425009432,99989,90,43,7,0,991,512,0.015031653481883006,57,30,49096,49529,748,396,0,0,0,0,0,0,98630,0,0,4,0,0,0,0,0,0,0,1355,0,0,0,0,0,0
142,11952,143.27196719519114,99989,99,47,7,0,1009,523,0.015321685385392393,53,26,49084,49522,755,403,0,0,0,0,0,0,98614,0,0,4,0,0,0,0,0,0,0,1371,0,0,0,0,0,0
143,11952,144.2689951180688,99988,98,48,7,1,1023,530,0.015531863823658839,52,26,49071,49517,770,406,0,0,0,0,0,0,98594,0,0,5,0,0,0,0,0,0,0,1389,0,0,0,0,0,0
144,11952,145.26629895899038,99988,94,41,7,1,1032,537,0.015691883025963117,58,32,49058,49505,781,419,0,0,0,0,0,0,98567,0,0,5,0,0,0,0,0,0,0,1416,0,0,0,0,0,0
145,11952,146.26387484175982,99988,99,48,7,1,1050,547,0.0159719166299956,54,31,49044,49499,794,419,0,0,0,0,0,0,98551,0,0,5,0,0,0,0,0,0,0,1432,0,0,0,0,0,0
146,11952,147.26169363837528,99988,95,49,7,1,1062,558,0.016201944233307997,61,32,49026,49488,809,428,0,0,0,0,0,0,98525,0,0,5,0,0,0,0,0,0,0,1458,0,0,0,0,0,0
147,11952,148.25979661276858,99988,97,51,7,1,1082,565,0.016471976637196465,55,37,49013,49479,826,430,0,0,0,0,0,0,98502,0,0,5,0,0,0,0,0,0,0,1481,0,0,0,0,0,0
148,11952,149.25815939853825,99988,99,57,7,1,1099,577,0.016762011441372966,53,31,49001,49473,838,436,0,0,0,0,0,0,98481,0,0,5,0,0,0,0,0,0,0,1502,0,0,0,0,0,0
149,11952,150.25678073974387,99988,103,57,7,1,1118,586,0.01704204504540545,49,38,48990,49458,849,444,0,0,0,0,0,0,98457,0,0,5,0,0,0,0,0,0,0,1526,0,0,0,0,0,0
150,11952,151.2556347883233,99988,100,62,7,1,1132,596,0.017282073848861865,49,39,48979,49450,863,446,0,0,0,0,0,0,98435,0,0,5,0,0,0,0,0,0,0,1548,0,0,0,0,0,0
151,11952,152.25466766350777,99988,94,74,7,1,1144,612,0.017562107452894347,52,33,48969,49441,876,449,0,0,0,0,0,0,98413,0,0,5,0,0,0,0,0,0,0,1570,0,0,0,0,0,0
152,11952,153.25389257182468,99988,102,73,7,1,1164,623,0.017872144657358882,48,32,48954,49432,887,460,0,0,0,0,0,0,98389,0,0,5,0,0,0,0,0,0,0,1594,0,0,0,0,0,0
153,11952,154.2533829905481,99988,88,74,7,1,1169,631,0.01800216025923111,61,35,48941,49422,901,466,0,0,0,0,0,0,98363,0,0,5,0,0,0,0,0,0,0,1620,0,0,0,0,0,0
154,11952,155.2531526239338,99987,86,72,7,2,1182,635,0.018172362407112924,62,39,48930,49416,913,469,0,0,0,0,0,0,98342,0,0,5,0,0,0,0,0,0,0,1640,0,0,0,0,0,0
155,11952,156.25316081723514,99987,90,77,7,2,1197,647,0.018442397511676516,69,34,48913,49410,919,475,0,0,0,0,0,0,98324,0,0,5,0,0,0,0,0,0,0,1658,0,0,0,0,0,0
156,11952,157.25343434693667,99986,90,73,8,2,1217,654,0.018712619766767347,60,31,48905,49407,935,485,0,0,0,0,0,0,98294,0,0,6,0,0,0,0,0,0,0,1686,0,0,0,0,0,0
157,11952,158.25396516860513,99986,87,73,8,2,1228,663,0.018912647770687897,60,24,48895,49408,948,491,0,0,0,0,0,0,98272,0,0,7,0,0,0,0,0,0,0,1707,0,0,0,0,0,0
158,11952,159.25475690532264,99986,86,65,8,2,1244,669,0.0191326785750005,60,29,48886,49399,958,503,0,0,0,0,0,0,98241,0,0,7,0,0,0,0,0,0,0,1738,0,0,0,0,0,0
159,11952,160.25575404077372,99986,89,63,8,2,1258,678,0.019362710779509133,57,32,48878,49387,966,514,0,0,0,0,0,0,98220,0,0,8,0,0,0,0,0,0,0,1758,0,0,0,0,0,0
160,11952,161.25688824817144,99985,93,66,8,3,1274,689,0.01963294494174126,53,31,48870,49381,974,517,0,0,0,0,0,0,98201,0,0,9,0,0,0,0,0,0,0,1775,0,0,0,0,0,0
161,11952,162.2581877083134,99985,101,68,8,3,1288,696,0.01984297644646697,60,32,48855,49375,974,520,0,0,0,0,0,0,98191,0,0,10,0,0,0,0,0,0,0,1784,0,0,0,0,0,0
162,11952,163.25966862017148,99984,97,76,8,4,1305,713,0.02018322931669067,63,32,48837,49361,993,525,0,0,0,0,0,0,98161,0,0,10,0,0,0,0,0,0,0,1813,0,0,0,0,0,0
163,11952,164.26140514739265,99984,93,70,8,4,1313,722,0.02035325652104337,68,38,48829,49349,1000,537,0,0,0,0,0,0,98134,0,0,10,0,0,0,0,0,0,0,1840,0,0,0,0,0,0
164,11952,165.26337853281774,99983,99,71,9,4,1332,731,0.02063350769630837,71,31,48811,49349,1008,543,0,0,0,0,0,0,98113,0,0,10,0,0,0,0,0,0,0,1860,0,0,0,0,0,0
165,11952,166.26560057616103,99983,105,73,9,4,1348,742,0.0209035536041127,74,28,48796,49344,1014,549,0,0,0,0,0,0,98094,0,0,10,0,0,0,0,0,0,0,1879,0,0,0,0,0,0
166,11952,167.26805025185175,99983,111,75,9,4,1364,753,0.021173599511917027,82,28,48774,49335,1022,556,0,0,0,0,0,0,98075,0,0,10,0,0,0,0,0,0,0,1898,0,0,0,0,0,0
167,11952,168.27077992327335,99983,106,71,9,4,1380,760,0.021403638618565157,81,39,48765,49322,1037,562,0,0,0,0,0,0,98044,0,0,11,0,0,0,0,0,0,0,1928,0,0,0,0,0,0
168,11952,169.27373252508417,99983,110,75,9,4,1405,770,0.021753698128681876,74,41,48752,49310,1053,568,0,0,0,0,0,0,98018,0,0,12,0,0,0,0,0,0,0,1953,0,0,0,0,0,0
169,11952,170.27694031937318,99983,117,77,9,4,1422,787,0.022093755938509547,78,31,48736,49306,1058,580,0,0,0,0,0,0,97993,0,0,12,0,0,0,0,0,0,0,1978,0,0,0,0,0,0
170,11952,171.2804005546985,99983,116,72,9,4,1438,796,0.022343798445735776,75,34,48726,49295,1072,593,0,0,0,0,0,0,97962,0,0,12,0,0,0,0,0,0,0,2009,0,0,0,0,0,0
171,11952,172.2841590017805,99983,111,66,9,4,1454,803,0.022573837552383905,78,35,48707,49289,1093,604,0,0,0,0,0,0,97928,0,0,12,0,0,0,0,0,0,0,2043,0,0,0,0,0,0
172,11952,173.28829397075555,99983,117,63,9,4,1478,808,0.02286388686076633,80,42,48686,49279,1106,610,0,0,0,0,0,0,97902,0,0,12,0,0,0,0,0,0,0,2069,0,0,0,0,0,0
173,11952,174.29280177663557,99983,116,62,9,4,1495,816,0.02311392936799256,75,39,48676,49274,1122,619,0,0,0,0,0,0,97875,0,0,12,0,0,0,0,0,0,0,2096,0,0,0,0,0,0
174,11952,175.29762605543772,99982,113,69,10,4,1512,833,0.023454221759916787,73,33,48665,49265,1137,627,0,0,0,0,0,0,97846,0,0,13,0,0,0,0,0,0,0,2123,0,0,0,0,0,0
175,11952,176.30267993679726,99981,113,69,11,4,1528,839,0.023674498154649382,77,36,48649,49259,1148,630,0,0,0,0,0,0,97825,0,0,14,0,0,0,0,0,0,0,2142,0,0,0,0,0,0
176,11952,177.30801401121585,99981,117,65,11,4,1547,851,0.02398455706584251,75,32,48635,49253,1160,644,0,0,0,0,0,0,97795,0,0,15,0,0,0,0,0,0,0,2171,0,0,0,0,0,0
177,11952,178.3136909805281,99981,114,62,11,4,1564,854,0.02418459507306388,86,34,48612,49251,1175,647,0,0,0,0,0,0,97769,0,0,15,0,0,0,0,0,0,0,2197,0,0,0,0,0,0
178,11952,179.31972194225858,99981,120,61,11,4,1587,866,0.024534661585701282,79,35,48598,49240,1190,658,0,0,0,0,0,0,97739,0,0,15,0,0,0,0,0,0,0,2227,0,0,0,0,0,0
179,11952,180.3260702236159,99981,121,56,11,4,1605,871,0.024764705294005863,88,37,48575,49239,1203,662,0,0,0,0,0,0,97712,0,0,15,0,0,0,0,0,0,0,2254,0,0,0,0,0,0
180,11952,181.33277960417269,99981,125,53,11,4,1626,880,0.02506476230483792,86,35,48565,49235,1211,671,0,0,0,0,0,0,97684,0,0,16,0,0,0,0,0,0,0,2281,0,0,0,0,0,0
181,11952,182.0040626325625,99981,126,56,11,4,1639,886,0.025254798411698223,82,37,48563,49227,1216,674,0,0,0,0,0,0,97670,0,0,17,0,0,0,0,0,0,0,2294,0,0,0,0,0,0
182,11952,183.01107143554987,99980,131,53,11,5,1664,892,0.02556511302260452,78,41,48546,49219,1232,680,0,0,0,0,0,0,97643,0,0,19,0,0,0,0,0,0,0,2318,0,0,0,0,0,0
183,11952,184.01835827656384,99980,130,53,11,5,1681,898,0.02579515903180636,77,43,48530,49217,1250,680,0,0,0,0,0,0,97619,0,0,19,0,0,0,0,0,0,0,2342,0,0,0,0,0,0
184,11952,185.02599811411156,99980,128,60,11,5,1694,911,0.026055211042208443,85,41,48511,49206,1263,686,0,0,0,0,0,0,97599,0,0,20,0,0,0,0,0,0,0,2361,0,0,0,0,0,0
185,11952,186.0339548991831,99980,139,65,11,5,1720,924,0.02644528905781156,82,38,48492,49197,1274,693,0,0,0,0,0,0,97576,0,0,20,0,0,0,0,0,0,0,2384,0,0,0,0,0,0
186,11952,187.04222343866505,99980,140,61,11,5,1745,933,0.026785357071414283,84,34,48471,49195,1292,703,0,0,0,0,0,0,97540,0,0,21,0,0,0,0,0,0,0,2419,0,0,0,0,0,0
187,11952,188.05094605708516,99980,137,59,11,5,1767,938,0.027055411082216443,89,37,48450,49187,1311,710,0,0,0,0,0,0,97508,0,0,21,0,0,0,0,0,0,0,2451,0,0,0,0,0,0
188,11952,189.06005634822813,99980,134,55,11,5,1788,947,0.027355471094218844,90,37,48430,49178,1333,723,0,0,0,0,0,0,97472,0,0,22,0,0,0,0,0,0,0,2486,0,0,0,0,0,0
189,11952,190.06960647529849,99980,140,57,11,5,1815,957,0.027725545109021803,83,41,48416,49166,1348,729,0,0,0,0,0,0,97443,0,0,22,0,0,0,0,0,0,0,2515,0,0,0,0,0,0
190,11952,191.0794623268755,99980,142,56,11,5,1838,969,0.028075615123024606,82,39,48399,49160,1364,738,0,0,0,0,0,0,97409,0,0,22,0,0,0,0,0,0,0,2549,0,0,0,0,0,0
191,11952,192.08965377170824,99980,150,60,11,5,1861,982,0.028435687137427487,81,35,48385,49153,1371,745,0,0,0,0,0,0,97386,0,0,23,0,0,0,0,0,0,0,2571,0,0,0,0,0,0
192,11952,193.1000958258617,99980,145,56,11,5,1883,986,0.028695739147829566,81,40,48367,49145,1394,752,0,0,0,0,0,0,97352,0,0,24,0,0,0,0,0,0,0,2604,0,0,0,0,0,0
193,11952,194.11092906689686,99979,154,56,11,6,1919,993,0.02912611648446174,69,43,48348,49140,1416,753,0,0,0,0,0,0,97319,0,0,25,0,0,0,0,0,0,0,2635,0,0,0,0,0,0
194,11952,195.12216061306538,99979,148,64,11,6,1933,1005,0.029386171095930145,82,43,48328,49130,1429,755,0,0,0,0,0,0,97295,0,0,25,0,0,0,0,0,0,0,2659,0,0,0,0,0,0
195,11952,196.13370666203016,99979,148,66,11,6,1955,1014,0.029696236209604016,86,43,48307,49125,1446,758,0,0,0,0,0,0,97268,0,0,27,0,0,0,0,0,0,0,2684,0,0,0,0,0,0
196,11952,197.14563420389308,99979,147,67,11,6,1979,1022,0.03001630342371898,93,46,48282,49115,1465,764,0,0,0,0,0,0,97236,0,0,27,0,0,0,0,0,0,0,2716,0,0,0,0,0,0
197,11952,198.15799179171603,99979,138,66,11,6,1998,1030,0.030286360135628482,91,45,48272,49110,1486,771,0,0,0,0,0,0,97199,0,0,27,0,0,0,0,0,0,0,2753,0,0,0,0,0,0
198,11952,199.17070623501027,99979,139,72,11,6,2023,1040,0.030636433651066722,85,48,48256,49099,1507,773,0,0,0,0,0,0,97172,0,0,28,0,0,0,0,0,0,0,2779,0,0,0,0,0,0
199,11952,200.1837538094178,99979,138,80,11,6,2049,1057,0.03106652397003371,81,43,48238,49089,1530,780,0,0,0,0,0,0,97136,0,0,28,0,0,0,0,0,0,0,2815,0,0,0,0,0,0
200,11952,201.19723413775446,99979,141,82,11,6,2066,1076,0.03142659958591304,88,39,48220,49077,1538,794,0,0,0,0,0,0,97105,0,0,28,0,0,0,0,0,0,0,2846,0,0,0,0,0,0
201,11952,202.21100369780552,99979,142,76,11,6,2089,1082,0.03171666049870473,86,43,48208,49070,1551,803,0,0,0,0,0,0,97071,0,0,28,0,0,0,0,0,0,0,2880,0,0,0,0,0,0
202,11952,203.225060707511,99979,154,73,11,6,2115,1088,0.03203672771281969,78,47,48194,49063,1561,809,0,0,0,0,0,0,97048,0,0,28,0,0,0,0,0,0,0,2903,0,0,0,0,0,0
203,11952,204.23937290536793,99979,151,73,11,6,2133,1103,0.03236679702737575,87,51,48175,49050,1574,818,0,0,0,0,0,0,97012,0,0,28,0,0,0,0,0,0,0,2939,0,0,0,0,0,0
204,11952,205.25401465214722,99979,157,65,11,6,2163,1109,0.032726872643255085,82,62,48153,49033,1595,832,0,0,0,0,0,0,96975,0,0,29,0,0,0,0,0,0,0,2975,0,0,0,0,0,0
205,11952,206.26907616878083,99978,153,76,12,6,2181,1127,0.03308727920142431,90,58,48129,49019,1614,839,0,0,0,0,0,0,96946,0,0,29,0,0,0,0,0,0,0,3003,0,0,0,0,0,0
206,11952,207.2845649774828,99978,149,83,12,6,2195,1149,0.03344735841885215,105,47,48104,49012,1628,850,0,0,0,0,0,0,96913,0,0,29,0,0,0,0,0,0,0,3036,0,0,0,0,0,0
207,11952,208.30046253891643,99978,136,84,12,6,2211,1166,0.033777431034827665,111,42,48087,49001,1652,865,0,0,0,0,0,0,96868,0,0,29,0,0,0,0,0,0,0,3081,0,0,0,0,0,0
208,11952,209.3167936566843,99978,135,85,12,6,2231,1177,0.034087499249834965,112,43,48072,48991,1667,873,0,0,0,0,0,0,96838,0,0,30,0,0,0,0,0,0,0,3110,0,0,0,0,0,0
209,11952,210.33347629445998,99978,142,86,12,6,2258,1190,0.034487587269199226,108,44,48054,48985,1682,877,0,0,0,0,0,0,96806,0,0,30,0,0,0,0,0,0,0,3142,0,0,0,0,0,0
210,11952,211.01141504734366,99978,144,86,12,6,2276,1198,0.034747644481785994,107,41,48039,48981,1696,884,0,0,0,0,0,0,96783,0,0,31,0,0,0,0,0,0,0,3164,0,0,0,0,0,0
211,11952,212.02873489233284,99978,152,80,12,6,2307,1210,0.03517773910260257,96,44,48023,48971,1715,897,0,0,0,0,0,0,96743,0,0,32,0,0,0,0,0,0,0,3203,0,0,0,0,0,0
212,11952,213.04643446006386,99978,160,86,12,6,2338,1224,0.035627838124387363,96,39,47995,48965,1735,902,0,0,0,0,0,0,96714,0,0,34,0,0,0,0,0,0,0,3230,0,0,0,0,0,0
213,11952,214.06459413814733,99978,166,84,12,6,2359,1233,0.03592790413891056,94,41,47985,48957,1741,910,0,0,0,0,0,0,96688,0,0,34,0,0,0,0,0,0,0,3256,0,0,0,0,0,0
214,11952,215.082980364985,99978,167,92,12,6,2387,1251,0.03638800536117946,89,42,47972,48942,1758,916,0,0,0,0,0,0,96652,0,0,35,0,0,0,0,0,0,0,3291,0,0,0,0,0,0
215,11952,216.1016134087103,99978,160,95,12,6,2405,1262,0.03667806917521855,88,44,47960,48933,1778,920,0,0,0,0,0,0,96619,0,0,35,0,0,0,0,0,0,0,3324,0,0,0,0,0,0
216,11952,217.12058521719945,99978,145,84,12,6,2422,1267,0.03689811758586889,91,48,47942,48925,1808,935,0,0,0,0,0,0,96572,0,0,36,0,0,0,0,0,0,0,3370,0,0,0,0,0,0
217,11952,218.14011205494236,99978,156,70,12,6,2452,1269,0.0372181880013603,90,54,47918,48919,1822,949,0,0,0,0,0,0,96538,0,0,37,0,0,0,0,0,0,0,3403,0,0,0,0,0,0
218,11952,219.16008615603988,99978,162,70,12,6,2475,1281,0.03756826501830403,90,53,47906,48910,1828,959,0,0,0,0,0,0,96509,0,0,37,0,0,0,0,0,0,0,3432,0,0,0,0,0,0
219,11952,220.18032388405226,99978,150,74,12,6,2495,1295,0.037908339834763646,93,52,47888,48903,1855,963,0,0,0,0,0,0,96467,0,0,37,0,0,0,0,0,0,0,3474,0,0,0,0,0,0
220,11952,221.20095488793223,99978,168,76,12,6,2526,1306,0.03832843225509612,96,56,47859,48894,1863,966,0,0,0,0,0,0,96446,0,0,38,0,0,0,0,0,0,0,3494,0,0,0,0,0,0
221,11952,222.22192319279137,99978,171,82,12,6,2551,1321,0.03872852027446038,103,55,47838,48886,1874,969,0,0,0,0,0,0,96417,0,0,40,0,0,0,0,0,0,0,3521,0,0,0,0,0,0
222,11952,223.24323320762215,99978,183,86,12,6,2589,1336,0.03925863690011803,86,61,47820,48868,1897,977,0,0,0,0,0,0,96382,0,0,42,0,0,0,0,0,0,0,3554,0,0,0,0,0,0
223,11952,224.26493038256578,99978,187,84,12,6,2617,1347,0.03964872271899818,82,63,47799,48857,1918,988,0,0,0,0,0,0,96346,0,0,43,0,0,0,0,0,0,0,3589,0,0,0,0,0,0
224,11952,225.28709801560902,99978,176,102,12,6,2637,1369,0.04006881513933065,92,60,47775,48839,1943,991,0,0,0,0,0,0,96311,0,0,43,0,0,0,0,0,0,0,3624,0,0,0,0,0,0
225,11952,226.30965496300104,99978,163,106,12,6,2653,1389,0.040428894356758484,111,55,47748,48832,1964,999,0,0,0,0,0,0,96269,0,0,46,0,0,0,0,0,0,0,3663,0,0,0,0,0,0
226,11952,227.33273298927986,99978,168,98,12,6,2683,1400,0.040838984576606854,110,68,47729,48815,1979,1011,0,0,0,0,0,0,96226,0,0,47,0,0,0,0,0,0,0,3705,0,0,0,0,0,0
227,11952,228.01498652036395,99978,168,95,12,6,2702,1414,0.04116905719258237,109,64,47712,48806,1997,1027,0,0,0,0,0,0,96191,0,0,48,0,0,0,0,0,0,0,3739,0,0,0,0,0,0
228,11952,229.0387933586581,99977,161,96,13,6,2725,1428,0.041539554097442415,110,61,47698,48800,2016,1035,0,0,0,0,0,0,96148,0,0,48,0,0,0,0,0,0,0,3781,0,0,0,0,0,0
229,11952,230.0630168193802,99977,163,100,13,6,2755,1444,0.04199965992178201,112,52,47676,48797,2034,1043,0,0,0,0,0,0,96108,0,0,48,0,0,0,0,0,0,0,3821,0,0,0,0,0,0
230,11952,231.08770593295554,99977,172,98,13,6,2784,1458,0.042429758844534246,109,55,47657,48784,2047,1055,0,0,0,0,0,0,96072,0,0,48,0,0,0,0,0,0,0,3857,0,0,0,0,0,0
231,11952,232.112670090259,99977,176,101,13,6,2809,1478,0.04287986236834472,110,56,47645,48768,2054,1067,0,0,0,0,0,0,96036,0,0,50,0,0,0,0,0,0,0,3891,0,0,0,0,0,0
232,11952,233.13790414278716,99977,178,93,13,6,2832,1485,0.04317993138421837,110,64,47628,48758,2069,1077,0,0,0,0,0,0,96002,0,0,52,0,0,0,0,0,0,0,3923,0,0,0,0,0,0
233,11952,234.16345535851542,99977,183,96,13,6,2862,1505,0.04368004641067445,100,61,47615,48746,2087,1089,0,0,0,0,0,0,95961,0,0,53,0,0,0,0,0,0,0,3963,0,0,0,0,0,0
234,11952,235.18935574739035,99977,179,99,13,6,2883,1519,0.04403012692919372,109,62,47591,48735,2106,1096,0,0,0,0,0,0,95925,0,0,53,0,0,0,0,0,0,0,3999,0,0,0,0,0,0
235,11952,236.2156941363028,99977,179,99,13,6,2911,1533,0.044450223551416826,110,57,47571,48730,2125,1106,0,0,0,0,0,0,95884,0,0,54,0,0,0,0,0,0,0,4039,0,0,0,0,0,0
236,11952,237.2424486573155,99977,180,92,13,6,2937,1549,0.044870320173639934,108,58,47556,48715,2141,1127,0,0,0,0,0,0,95837,0,0,55,0,0,0,0,0,0,0,4085,0,0,0,0,0,0
237,11952,238.26959988892276,99977,184,94,13,6,2971,1567,0.045390439801154266,99,59,47538,48699,2164,1140,0,0,0,0,0,0,95791,0,0,55,0,0,0,0,0,0,0,4131,0,0,0,0,0,0
238,11952,239.2971245982353,99977,180,101,13,6,2988,1585,0.045740520319673524,107,50,47520,48692,2178,1149,0,0,0,0,0,0,95762,0,0,58,0,0,0,0,0,0,0,4157,0,0,0,0,0,0
239,11952,240.32506544693825,99977,184,88,13,6,3014,1595,0.046100603138721906,119,48,47491,48687,2191,1169,0,0,0,0,0,0,95717,0,0,58,0,0,0,0,0,0,0,4202,0,0,0,0,0,0
240,11952,241.01063227229395,99977,192,86,13,6,3044,1602,0.046470688258299406,114,49,47469,48681,2210,1176,0,0,0,0,0,0,95687,0,0,59,0,0,0,0,0,0,0,4231,0,0,0,0,0,0
241,11952,242.0394842036933,99977,195,96,13,6,3074,1620,0.046950798683697254,110,48,47453,48667,2227,1181,0,0,0,0,0,0,95652,0,0,59,0,0,0,0,0,0,0,4266,0,0,0,0,0,0
242,11952,243.06865676496062,99976,187,94,14,6,3105,1632,0.047381371529167,97,49,47438,48657,2262,1192,0,0,0,0,0,0,95600,0,0,60,0,0,0,0,0,0,0,4316,0,0,0,0,0,0
243,11952,244.09840880286046,99976,188,89,14,6,3131,1644,0.04776146275106025,101,56,47414,48640,2281,1207,0,0,0,0,0,0,95559,0,0,61,0,0,0,0,0,0,0,4356,0,0,0,0,0,0
244,11952,245.12860292528063,99976,188,87,14,6,3158,1656,0.04815155637352965,95,56,47405,48632,2296,1217,0,0,0,0,0,0,95520,0,0,63,0,0,0,0,0,0,0,4393,0,0,0,0,0,0
245,11952,246.1591144194836,99975,190,92,14,7,3186,1673,0.048602150537634406,109,59,47371,48614,2314,1226,0,0,0,0,0,0,95485,0,0,66,0,0,0,0,0,0,0,4424,0,0,0,0,0,0
246,11952,247.19012658816789,99975,183,90,14,7,3205,1685,0.048912228057014256,119,63,47349,48604,2333,1234,0,0,0,0,0,0,95445,0,0,66,0,0,0,0,0,0,0,4464,0,0,0,0,0,0
247,11952,248.22154733402513,99975,193,104,14,7,3238,1707,0.04946236559139785,106,55,47335,48595,2350,1237,0,0,0,0,0,0,95414,0,0,66,0,0,0,0,0,0,0,4495,0,0,0,0,0,0
248,11952,249.25326898158394,99975,187,102,14,7,3258,1719,0.049782445611402854,109,61,47323,48580,2365,1248,0,0,0,0,0,0,95375,0,0,67,0,0,0,0,0,0,0,4533,0,0,0,0,0,0
249,11952,250.28533614283555,99975,183,98,14,7,3279,1734,0.050142535633908476,115,60,47299,48570,2387,1263,0,0,0,0,0,0,95332,0,0,68,0,0,0,0,0,0,0,4575,0,0,0,0,0,0
250,11952,251.31789616252786,99975,191,100,14,7,3313,1749,0.050632658164541135,105,59,47285,48563,2403,1269,0,0,0,0,0,0,95294,0,0,69,0,0,0,0,0,0,0,4612,0,0,0,0,0,0
251,11952,252.00644174985368,99975,192,98,14,7,3332,1757,0.050902725681420354,110,63,47268,48551,2414,1279,0,0,0,0,0,0,95267,0,0,70,0,0,0,0,0,0,0,4638,0,0,0,0,0,0
252,11952,253.0396366680321,99975,200,99,14,7,3368,1777,0.05146286571642911,106,55,47242,48542,2436,1295,0,0,0,0,0,0,95220,0,0,70,0,0,0,0,0,0,0,4685,0,0,0,0,0,0
253,11952,254.07337713508582,99975,203,98,14,7,3402,1791,0.05194298574643661,102,57,47221,48532,2458,1304,0,0,0,0,0,0,95175,0,0,71,0,0,0,0,0,0,0,4729,0,0,0,0,0,0
254,11952,255.1075634630899,99975,199,92,14,7,3430,1802,0.052333083270817704,109,59,47201,48522,2475,1318,0,0,0,0,0,0,95126,0,0,71,0,0,0,0,0,0,0,4778,0,0,0,0,0,0
255,11952,256.14218209738004,99974,206,98,15,7,3455,1817,0.052733710764798845,111,59,47185,48511,2481,1323,0,0,0,0,0,0,95099,0,0,71,0,0,0,0,0,0,0,4804,0,0,0,0,0,0
256,11952,257.17708291672403,99974,198,101,15,7,3478,1835,0.05314381739252205,122,52,47159,48501,2504,1337,0,0,0,0,0,0,95053,0,0,71,0,0,0,0,0,0,0,4850,0,0,0,0,0,0
257,11952,258.212497480065,99974,210,100,15,7,3517,1847,0.05365395002700702,117,53,47136,48492,2520,1346,0,0,0,0,0,0,95013,0,0,71,0,0,0,0,0,0,0,4890,0,0,0,0,0,0
258,11952,259.2483548181833,99974,201,95,15,7,3551,1859,0.05411406965811111,116,54,47110,48484,2556,1358,0,0,0,0,0,0,94955,0,0,73,0,0,0,0,0,0,0,4946,0,0,0,0,0,0
259,11952,260.2848026446669,99974,196,100,15,7,3574,1876,0.05451417368515814,123,50,47093,48481,2571,1360,0,0,0,0,0,0,94916,0,0,74,0,0,0,0,0,0,0,4984,0,0,0,0,0,0
260,11952,261.32164439960894,99974,199,97,15,7,3604,1891,0.054964290715586055,122,50,47077,48468,2585,1376,0,0,0,0,0,0,94872,0,0,75,0,0,0,0,0,0,0,5027,0,0,0,0,0,0
261,11952,262.01307253548737,99974,200,101,15,7,3624,1900,0.05525436613519515,120,45,47066,48465,2597,1380,0,0,0,0,0,0,94851,0,0,78,0,0,0,0,0,0,0,5045,0,0,0,0,0,0
262,11952,263.050610831745,99974,200,96,15,7,3655,1913,0.055694480564946885,122,43,47038,48468,2623,1384,0,0,0,0,0,0,94806,0,0,82,0,0,0,0,0,0,0,5086,0,0,0,0,0,0
263,11952,264.0887093909244,99974,203,92,15,7,3695,1928,0.056244623602136556,108,43,47024,48456,2648,1400,0,0,0,0,0,0,94755,0,0,87,0,0,0,0,0,0,0,5132,0,0,0,0,0,0
264,11952,265.12729378182115,99974,202,101,15,7,3725,1945,0.05671474583391682,104,42,47011,48442,2666,1406,0,0,0,0,0,0,94717,0,0,88,0,0,0,0,0,0,0,5169,0,0,0,0,0,0
265,11952,266.16618993935975,99974,214,100,15,7,3763,1956,0.057204873267049434,99,48,46987,48429,2683,1414,0,0,0,0,0,0,94681,0,0,90,0,0,0,0,0,0,0,5203,0,0,0,0,0,0
266,11952,267.2054529493251,99974,207,102,15,7,3782,1969,0.05752495648868706,119,51,46957,48415,2700,1423,0,0,0,0,0,0,94645,0,0,91,0,0,0,0,0,0,0,5238,0,0,0,0,0,0
267,11952,268.2451989754273,99974,205,96,15,7,3816,1984,0.05801508392181967,120,49,46937,48407,2721,1439,0,0,0,0,0,0,94592,0,0,95,0,0,0,0,0,0,0,5287,0,0,0,0,0,0
268,11952,269.2854640760319,99973,209,96,16,7,3853,1995,0.05849579386434337,119,50,46909,48402,2745,1443,0,0,0,0,0,0,94549,0,0,96,0,0,0,0,0,0,0,5328,0,0,0,0,0,0
269,11952,270.3263412403751,99973,208,92,16,7,3879,2002,0.05882588298840687,124,52,46890,48399,2760,1448,0,0,0,0,0,0,94514,0,0,99,0,0,0,0,0,0,0,5360,0,0,0,0,0,0
270,11952,271.0205042574137,99973,220,95,16,7,3905,2014,0.05920598561611635,128,53,46868,48394,2766,1449,0,0,0,0,0,0,94492,0,0,100,0,0,0,0,0,0,0,5381,0,0,0,0,0,0
271,11952,272.0620627991458,99973,216,103,16,7,3938,2032,0.059716123353305395,125,48,46849,48385,2792,1455,0,0,0,0,0,0,94445,0,0,100,0,0,0,0,0,0,0,5428,0,0,0,0,0,0
272,11952,273.10404516618667,99972,222,107,17,7,3973,2047,0.06021686072100188,123,49,46824,48378,2812,1457,0,0,0,0,0,0,94407,0,0,102,0,0,0,0,0,0,0,5463,0,0,0,0,0,0
273,11952,274.14655679767714,99972,212,100,17,7,4004,2055,0.060606969951586445,126,55,46797,48372,2846,1464,0,0,0,0,0,0,94354,0,0,105,0,0,0,0,0,0,0,5513,0,0,0,0,0,0
274,11952,275.18975247935816,99972,227,100,17,7,4047,2070,0.06118713239707118,118,53,46781,48365,2855,1473,0,0,0,0,0,0,94313,0,0,105,1,0,0,0,0,0,0,5553,0,0,0,0,0,0
275,11952,276.23327002448906,99972,220,112,17,7,4075,2089,0.0616572640339295,127,48,46757,48355,2877,1476,0,0,0,0,0,0,94274,0,0,108,1,0,0,0,0,0,0,5589,0,0,0,0,0,0
276,11952,277.2772545616938,99972,223,104,17,7,4108,2105,0.06214740127235626,132,47,46732,48345,2894,1495,0,0,0,0,0,0,94222,0,0,110,1,0,0,0,0,0,0,5639,0,0,0,0,0,0
277,11952,278.32170837459375,99972,222,98,17,7,4144,2119,0.06264754131156725,134,59,46701,48324,2924,1510,0,0,0,0,0,0,94167,0,0,112,1,0,0,0,0,0,0,5692,0,0,0,0,0,0
278,11952,279.0183935305884,99972,221,99,17,7,4171,2126,0.06298763653823071,132,59,46687,48320,2941,1513,0,0,0,0,0,0,94133,0,0,112,1,0,0,0,0,0,0,5726,0,0,0,0,0,0
279,11952,280.06386255033607,99972,224,94,17,7,4209,2139,0.0634977793782259,132,63,46660,48304,2965,1530,0,0,0,0,0,0,94083,0,0,115,1,0,0,0,0,0,0,5773,0,0,0,0,0,0
280,11952,281.1099383074756,99972,224,93,17,7,4243,2151,0.0639579082143,141,66,46629,48293,2987,1539,0,0,0,0,0,0,94036,0,0,115,1,0,0,0,0,0,0,5820,0,0,0,0,0,0
281,11952,282.1566091957163,99972,232,104,17,7,4280,2176,0.06457808186292162,137,64,46604,48275,3008,1548,0,0,0,0,0,0,93995,0,0,117,1,0,0,0,0,0,0,5859,0,0,0,0,0,0
282,11952,283.20371259167314,99972,227,114,17,7,4309,2197,0.0650782219021326,142,57,46589,48266,3023,1554,0,0,0,0,0,0,93953,0,0,120,1,0,0,0,0,0,0,5898,0,0,0,0,0,0
283,11952,284.2512238223401,99972,228,109,17,7,4345,2205,0.06551834513663826,131,66,46571,48258,3051,1558,0,0,0,0,0,0,93906,0,0,121,1,0,0,0,0,0,0,5944,0,0,0,0,0,0
284,11952,285.29917806891467,99972,238,97,17,7,4380,2215,0.06596847117192814,125,72,46555,48249,3063,1573,0,0,0,0,0,0,93861,0,0,123,1,0,0,0,0,0,0,5987,0,0,0,0,0,0
285,11952,286.34745602792884,99972,242,100,17,7,4410,2230,0.06641859720721802,127,76,46536,48237,3076,1578,0,0,0,0,0,0,93824,0,0,124,1,0,0,0,0,0,0,6023,0,0,0,0,0,0
286,11952,287.0465041656488,99972,245,107,17,7,4435,2251,0.06687872604329212,125,67,46519,48229,3092,1588,0,0,0,0,0,0,93789,0,0,125,1,0,0,0,0,0,0,6057,0,0,0,0,0,0
287,11952,288.09554524900716,99971,228,103,17,8,4465,2268,0.06734953136409559,136,70,46489,48215,3128,1602,0,0,0,0,0,0,93724,0,0,128,1,0,0,0,0,0,0,6118,0,0,0,0,0,0
288,11952,289.1452997383217,99971,230,104,17,8,4499,2283,0.06783967350531654,138,76,46465,48200,3148,1610,0,0,0,0,0,0,93678,0,0,128,1,0,0,0,0,0,0,6164,0,0,0,0,0,0
289,11952,290.19555037458247,99970,235,111,18,8,4538,2304,0.06844053215964789,140,77,46435,48183,3170,1619,0,0,0,0,0,0,93631,0,0,129,1,0,0,0,0,0,0,6209,0,0,0,0,0,0
290,11952,291.2463152420638,99970,231,116,18,8,4574,2327,0.06903070921276383,135,77,46414,48166,3200,1631,0,0,0,0,0,0,93573,0,0,129,1,0,0,0,0,0,0,6267,0,0,0,0,0,0
291,11952,292.2975651342225,99969,220,120,19,8,4604,2348,0.06954155788294371,132,84,46395,48144,3232,1642,0,0,0,0,0,0,93517,0,0,131,1,0,0,0,0,0,0,6320,0,0,0,0,0,0
292,11952,293.34933150043145,99969,226,129,19,8,4639,2372,0.0701317408396603,139,75,46368,48135,3246,1651,0,0,0,0,0,0,93476,0,0,134,1,0,0,0,0,0,0,6358,0,0,0,0,0,0
293,11952,294.0507862201598,99968,224,130,19,9,4666,2383,0.07051256402048656,137,77,46359,48125,3259,1657,0,0,0,0,0,0,93437,0,0,134,1,0,0,0,0,0,0,6396,0,0,0,0,0,0
294,11952,295.1033041099736,99968,227,126,19,9,4706,2396,0.07104273367477593,144,91,46329,48099,3279,1673,0,0,0,0,0,0,93388,0,0,139,1,0,0,0,0,0,0,6440,0,0,0,0,0,0
295,11952,296.15630671712364,99968,245,126,19,9,4745,2421,0.0716829385403329,137,94,46315,48078,3282,1691,0,0,0,0,0,0,93342,0,0,139,1,0,0,0,0,0,0,6486,0,0,0,0,0,0
296,11952,297.2095617954067,99968,236,128,19,9,4774,2446,0.0722231113956466,135,95,46298,48055,3310,1711,0,0,0,0,0,0,93283,0,0,141,1,0,0,0,0,0,0,6543,0,0,0,0,0,0
297,11952,298.26324405793815,99968,242,135,19,9,4813,2471,0.07286331626120358,135,90,46270,48040,3332,1724,0,0,0,0,0,0,93236,0,0,145,1,0,0,0,0,0,0,6586,0,0,0,0,0,0
298,11952,299.3174850334232,99968,245,142,19,9,4856,2495,0.07353353072983354,123,92,46250,48021,3361,1734,0,0,0,0,0,0,93182,0,0,148,1,0,0,0,0,0,0,6637,0,0,0,0,0,0
299,11952,300.02060081021284,99968,244,149,19,9,4879,2514,0.07395366517285532,128,82,46232,48016,3375,1742,0,0,0,0,0,0,93146,0,0,148,1,0,0,0,0,0,0,6673,0,0,0,0,0,0
300,11952,301.07573648230505,99967,250,151,20,9,4915,2534,0.07451458981463883,128,82,46206,48002,3394,1754,0,0,0,0,0,0,93101,0,0,151,1,0,0,0,0,0,0,6714,0,0,0,0,0,0
301,11952,302.1314039914948,99967,255,156,20,9,4957,2562,0.075214820890894,132,76,46170,47985,3421,1772,0,0,0,0,0,0,93047,0,0,157,1,0,0,0,0,0,0,6762,0,0,0,0,0,0
302,11952,303.18773109480685,99965,254,165,22,9,4998,2593,0.07593657780223079,144,67,46133,47966,3445,1791,0,0,0,0,0,0,92985,0,0,159,1,0,0,0,0,0,0,6820,0,0,0,0,0,0
303,11952,304.24482785737973,99965,244,148,22,9,5028,2606,0.07636672835492422,151,71,46108,47957,3473,1813,0,0,0,0,0,0,92917,0,0,161,1,0,0,0,0,0,0,6886,0,0,0,0,0,0
304,11952,305.3025571070056,99965,240,147,22,9,5064,2624,0.07690691742109738,156,71,46079,47943,3501,1828,0,0,0,0,0,0,92862,0,0,165,1,0,0,0,0,0,0,6937,0,0,0,0,0,0
305,11952,306.00808371086094,99965,248,149,22,9,5091,2638,0.07731706097133997,153,71,46060,47938,3515,1831,0,0,0,0,0,0,92832,0,0,166,1,0,0,0,0,0,0,6966,0,0,0,0,0,0
306,11952,307.06679639472844,99965,261,149,22,9,5134,2663,0.07799729905466914,141,66,46050,47925,3524,1849,0,0,0,0,0,0,92778,0,0,167,1,0,0,0,0,0,0,7019,0,0,0,0,0,0
307,11952,308.12580344768963,99965,261,149,22,9,5183,2686,0.07871755114290002,142,69,46014,47900,3559,1871,0,0,0,0,0,0,92712,0,0,173,1,0,0,0,0,0,0,7079,0,0,0,0,0,0
308,11952,309.1856290345388,99965,261,145,22,9,5227,2707,0.07936777872255289,134,74,45992,47880,3589,1890,0,0,0,0,0,0,92644,0,0,174,1,0,0,0,0,0,0,7146,0,0,0,0,0,0
309,11952,310.2460729881741,99965,245,141,22,9,5271,2726,0.07999799929975492,134,82,45967,47862,3630,1904,0,0,0,0,0,0,92567,0,0,180,1,0,0,0,0,0,0,7217,0,0,0,0,0,0
310,11952,311.30722373778514,99965,237,125,22,9,5301,2742,0.08045816035612464,144,87,45943,47849,3652,1928,0,0,0,0,0,0,92499,0,0,182,1,0,0,0,0,0,0,7283,0,0,0,0,0,0
311,11952,312.0150479400685,99965,252,135,22,9,5337,2764,0.08103836342719951,133,79,45928,47842,3663,1933,0,0,0,0,0,0,92468,0,0,184,1,0,0,0,0,0,0,7312,0,0,0,0,0,0
312,11952,313.0770922065412,99965,251,133,22,9,5370,2781,0.08153853848847097,142,75,45900,47834,3683,1947,0,0,0,0,0,0,92417,0,0,186,1,0,0,0,0,0,0,7361,0,0,0,0,0,0
313,11952,314.13974878891736,99963,246,139,23,10,5409,2804,0.08216039934775866,152,78,45860,47818,3717,1953,0,0,0,0,0,0,92358,0,0,188,1,0,0,0,0,0,0,7416,0,0,0,0,0,0
314,11952,315.2031832714099,99963,250,134,23,10,5447,2823,0.08273061032582055,159,82,45825,47800,3741,1972,0,0,0,0,0,0,92306,0,0,194,1,0,0,0,0,0,0,7462,0,0,0,0,0,0
315,11952,316.26732947267067,99963,256,143,23,10,5487,2855,0.08345087682442504,160,75,45795,47784,3764,1986,0,0,0,0,0,0,92251,0,0,196,1,0,0,0,0,0,0,7515,0,0,0,0,0,0
316,11952,317.3320663114502,99963,258,149,23,10,5532,2880,0.08415113592029051,156,68,45772,47775,3789,1996,0,0,0,0,0,0,92193,0,0,200,1,0,0,0,0,0,0,7569,0,0,0,0,0,0
317,11952,318.0421934609302,99963,264,144,23,10,5568,2893,0.08464131728739634,145,72,45757,47761,3809,2011,0,0,0,0,0,0,92146,0,0,201,1,0,0,0,0,0,0,7615,0,0,0,0,0,0
318,11952,319.10789251120565,99962,267,154,24,10,5603,2919,0.08525239591044596,160,70,45722,47744,3825,2020,0,0,0,0,0,0,92099,0,0,202,1,0,0,0,0,0,0,7660,0,0,0,0,0,0
319,11952,320.17418262414066,99962,275,140,24,10,5646,2932,0.08581260879134071,168,87,45691,47718,3839,2042,1,1,1,1,0,0,92037,0,0,204,1,0,0,0,0,0,2,7718,0,0,0,0,0,0
320,11952,321.2410893711669,99962,284,145,24,10,5687,2950,0.0864028330765691,168,88,45661,47701,3859,2052,2,2,2,2,0,0,91990,0,0,204,1,0,0,0,0,0,4,7763,0,0,0,0,0,0
321,11952,322.0197036941998,99962,304,155,24,10,5738,2978,0.08719313339068846,175,84,45618,47682,3874,2064,3,3,3,3,0,0,91942,0,0,207,1,0,0,0,0,0,6,7806,0,0,0,0,0,0
322,11952,323.0137053335651,99962,300,156,24,10,5764,2993,0.08760328924991496,186,91,45590,47664,3894,2073,4,4,4,4,0,0,91899,0,0,209,1,0,0,0,0,0,7,7845,1,0,0,0,0,0
323,11952,324.0121703467574,99962,307,149,24,10,5803,3013,0.08819351353514336,188,95,45555,47642,3918,2096,6,6,6,6,0,0,91838,0,0,211,1,0,0,0,0,0,11,7900,1,0,0,0,0,0
324,11952,325.11646666426657,99961,308,148,25,10,5843,3034,0.0888046338071848,203,95,45508,47627,3946,2110,8,8,8,8,0,0,91774,0,0,212,1,0,0,0,0,0,15,7958,1,0,0,0,0,0
325,11952,326.04491916112727,99960,317,147,26,10,5882,3052,0.08937575030012004,198,93,45486,47614,3961,2123,10,11,11,10,0,0,91723,0,0,213,1,0,0,0,0,0,19,8002,2,0,0,0,0,0
326,11952,327.0904014175212,99960,318,161,26,10,5931,3084,0.0901860744297719,191,94,45462,47583,3988,2136,13,14,14,13,0,0,91654,0,0,216,1,0,0,0,0,0,25,8062,2,0,0,0,0,0
327,11952,328.0223857695131,99960,322,155,26,10,5982,3103,0.09088635454181673,189,96,45424,47561,4021,2158,16,18,18,16,0,0,91581,0,0,221,1,0,0,0,0,0,31,8123,3,0,0,0,0,0
328,11952,329.0087940929685,99960,330,152,26,10,6034,3128,0.09165666266506603,182,93,45387,47538,4053,2182,20,23,23,20,0,0,91504,0,0,223,2,0,0,0,0,0,40,8188,3,0,0,0,0,0
329,11952,330.05904160704927,99960,343,152,26,10,6084,3154,0.09241696678671468,188,93,45346,47516,4071,2198,24,29,29,24,0,0,91435,0,0,226,2,0,0,0,0,0,49,8244,4,0,0,0,0,0
330,11952,331.2102731370972,99960,357,149,26,10,6159,3180,0.09342737094837936,182,106,45292,47477,4112,2220,29,36,36,29,0,0,91341,0,0,233,2,0,0,0,0,0,60,8319,5,0,0,0,0,0
331,11952,332.2852260634926,99960,356,151,26,10,6211,3204,0.09418767507002801,186,102,45253,47456,4142,2236,35,43,44,35,0,0,91256,0,0,237,2,0,0,0,0,0,74,8386,5,0,0,0,0,0
332,11952,333.0023785313599,99960,377,148,26,10,6263,3216,0.09482793117246899,167,104,45228,47440,4159,2244,41,52,53,41,0,0,91203,0,0,243,2,0,0,0,0,0,87,8418,7,0,0,0,0,0
333,11952,334.07870669109036,99960,384,149,26,10,6310,3238,0.09551820728291316,170,99,45189,47422,4181,2256,48,62,63,48,0,0,91127,0,0,245,2,0,0,0,0,0,104,8475,7,0,0,0,0,0
334,11952,335.1559019712781,99960,364,161,26,10,6351,3273,0.09627851140456183,171,93,45159,47389,4222,2272,56,73,74,56,0,0,91031,0,0,250,2,0,0,0,0,0,121,8547,9,0,0,0,0,0
335,11952,336.23402308395737,99960,341,169,26,10,6391,3306,0.09700880352140856,190,96,45108,47356,4269,2283,64,84,86,64,0,0,90929,0,0,252,3,0,0,0,0,0,139,8626,11,0,0,0,0,0
336,11952,337.31326478490166,99960,338,172,26,10,6436,3337,0.09776910764305723,205,100,45059,47312,4297,2306,73,98,100,73,0,0,90833,0,0,254,3,0,0,0,0,0,161,8697,12,0,0,0,0,0
337,11952,338.0333633733457,99960,344,165,26,10,6474,3358,0.098359343737495,202,97,45026,47286,4317,2327,83,113,115,83,0,0,90755,0,0,259,3,0,0,0,0,0,184,8745,14,0,0,0,0,0
338,11952,339.11444453280865,99960,333,163,26,10,6516,3384,0.09903961584633854,203,96,44996,47253,4347,2346,93,130,132,94,0,0,90652,0,0,263,3,0,0,0,0,0,210,8816,16,0,0,0,0,0
339,11952,340.1964585896962,99960,320,162,26,10,6559,3407,0.09969987995198079,215,102,44950,47215,4382,2361,105,148,150,106,0,0,90549,0,0,269,3,0,0,0,0,0,239,8883,17,0,0,0,0,0
340,11952,341.27955594846156,99960,328,164,26,10,6617,3431,0.1005202080832333,210,113,44895,47173,4422,2372,117,166,170,118,0,0,90450,0,0,273,3,0,0,0,0,0,270,8946,18,0,0,0,0,0
341,11952,342.00227516166916,99960,348,157,26,10,6660,3446,0.10110044017607042,192,112,44866,47147,4437,2386,129,186,191,131,0,0,90374,0,0,274,3,0,0,0,0,0,302,8987,20,0,0,0,0,0
342,11952,343.08730420372063,99960,335,175,26,10,6696,3486,0.10186074429771909,214,102,44809,47103,4471,2399,143,209,214,145,0,0,90268,0,0,275,3,0,0,0,0,0,338,9055,21,0,0,0,0,0
343,11952,344.1735887719655,99960,331,180,26,10,6745,3516,0.10265106042416967,226,97,44747,47065,4510,2413,158,233,239,160,0,0,90160,0,0,277,5,0,0,0,0,0,374,9119,25,0,0,0,0,0
344,11952,345.2612317256049,99959,343,177,26,11,6813,3540,0.10357246471053132,216,98,44697,47026,4545,2426,171,260,266,176,0,0,90045,0,0,283,5,0,0,0,0,0,412,9184,30,0,0,0,0,0
345,11952,346.35018571274327,99959,343,189,26,11,6879,3576,0.10459288308206365,221,87,44625,46984,4597,2439,186,288,295,193,0,0,89921,0,0,287,6,0,0,0,0,0,451,9258,36,0,0,0,0,0
346,11952,347.0770481998424,99959,333,181,26,11,6912,3588,0.10504306765773967,224,99,44593,46943,4619,2445,203,319,326,211,0,0,89819,0,0,288,6,0,0,0,0,0,491,9310,45,0,0,0,0,0
347,11952,348.168558985099,99959,349,173,26,11,6979,3613,0.10596344501245511,207,95,44539,46900,4655,2469,222,350,359,230,0,0,89689,0,0,291,6,0,0,0,0,0,540,9385,48,0,0,0,0,0
348,11952,349.2613293876508,99959,347,164,26,11,7030,3636,0.10670374853690012,215,96,44482,46855,4688,2488,240,384,394,250,0,0,89557,0,0,296,6,0,0,0,0,0,592,9457,51,0,0,0,0,0
349,11952,350.3554696997241,99959,357,156,26,11,7090,3659,0.10753408897648035,209,98,44424,46802,4721,2512,261,419,431,271,0,0,89420,0,0,297,6,0,0,0,0,0,649,9535,52,0,0,0,0,0
350,11952,351.0856764858418,99958,363,159,27,11,7133,3676,0.10813541687508754,195,101,44382,46754,4749,2515,282,458,470,293,0,0,89317,0,0,300,6,0,0,0,0,0,704,9573,58,0,0,0,0,0
351,11952,352.1822437597178,99958,346,167,27,11,7188,3707,0.10899577822685529,192,102,44332,46694,4798,2525,303,499,511,316,0,0,89170,0,0,305,5,1,0,0,0,0,762,9651,64,0,0,0,0,0
352,11952,353.28012421683184,99958,350,168,27,11,7243,3738,0.10985613957862302,180,104,44298,46636,4817,2539,326,540,554,340,0,0,89031,0,0,308,5,1,0,0,0,0,823,9720,70,0,0,0,0,0
353,11952,354.01264937818456,99958,348,175,27,11,7278,3758,0.11040637067568379,179,102,44255,46588,4839,2538,350,584,599,365,0,0,88927,0,0,312,5,1,0,0,0,0,881,9750,82,0,0,0,0,0
354,11952,355.11268222162767,99958,353,180,27,11,7335,3786,0.11125672782568678,185,101,44186,46531,4871,2546,376,629,647,391,0,0,88789,0,0,313,6,1,0,0,0,0,946,9813,90,0,0,0,0,0
355,11952,356.21421101634417,99957,359,180,28,11,7392,3816,0.11212821513250698,182,106,44129,46465,4898,2558,402,678,697,418,0,0,88644,0,0,318,6,1,0,0,0,0,1015,9875,98,0,0,0,0,0
356,11952,357.3171223187149,99957,340,188,28,11,7433,3843,0.11280850765829306,199,102,44063,46404,4938,2566,430,727,750,446,0,0,88495,0,0,319,7,1,0,0,0,0,1087,9942,106,0,0,0,0,0
357,11952,358.0533626927356,99957,340,195,28,11,7458,3863,0.11325870124153387,208,105,44017,46337,4947,2571,458,779,805,475,0,0,88384,0,0,318,9,1,0,0,0,0,1161,9970,114,0,0,0,0,0
358,11952,359.15898055857656,99956,330,195,29,11,7511,3896,0.11412021289367322,207,97,43966,46268,4979,2591,487,836,863,505,0,0,88220,0,0,323,9,1,0,0,0,0,1234,10040,129,0,0,0,0,0
359,11952,360.26601538413763,99955,345,190,29,12,7565,3923,0.11493171927367316,212,104,43902,46190,4994,2607,516,895,923,536,0,0,88074,0,0,326,9,1,0,0,0,0,1312,10091,142,0,0,0,0,0
360,11952,361.00481804812705,99955,348,189,29,12,7601,3939,0.11545195337902056,208,104,43853,46125,5014,2612,546,956,986,568,0,0,87936,0,0,329,9,1,0,0,0,0,1403,10131,146,0,0,0,0,0
361,11952,362.1144209730955,99955,351,180,29,12,7660,3959,0.11624230903906758,216,107,43788,46052,5037,2628,577,1019,1051,602,0,0,87767,0,0,333,11,1,0,0,0,0,1493,10197,153,0,0,0,0,0
362,11952,363.2256480596552,99955,349,189,29,12,7725,3998,0.1172827772497624,219,103,43722,45967,5069,2645,610,1082,1119,637,0,0,87589,0,0,342,11,1,0,0,0,0,1583,10263,166,0,0,0,0,0
363,11952,364.3384685647891,99955,377,190,29,12,7792,4029,0.11826321844830173,205,95,43671,45894,5074,2661,642,1146,1189,673,0,0,87432,0,0,347,12,1,0,0,0,0,1677,10309,177,0,0,0,0,0
364,11952,365.0810047983879,99954,375,177,29,13,7823,4040,0.11868459491366028,217,96,43606,45821,5093,2677,678,1214,1262,710,0,0,87276,0,0,351,12,1,0,0,0,0,1780,10350,184,0,0,0,0,0
365,11952,366.19655416167006,99954,372,169,29,13,7889,4064,0.11958500910418793,194,101,43555,45735,5134,2697,714,1283,1338,748,0,0,87078,0,0,358,13,1,0,0,0,0,1886,10426,192,0,0,0,0,0
366,11952,367.3137819150149,99954,370,168,29,13,7940,4093,0.12038537727354583,195,98,43489,45650,5162,2711,753,1358,1417,787,0,0,86895,0,0,367,13,1,0,0,0,0,1995,10482,201,0,0,0,0,0
367,11952,368.0595535458653,99953,354,178,29,14,7979,4112,0.12096685442157815,188,100,43433,45567,5201,2705,793,1434,1498,828,0,0,86723,0,0,372,14,1,0,0,0,0,2109,10526,208,0,0,0,0,0
368,11952,369.18000431888197,99953,345,172,29,14,8031,4140,0.12176723059838124,178,103,43384,45474,5231,2722,831,1513,1582,870,0,0,86525,0,0,377,16,1,0,0,0,0,2220,10592,222,0,0,0,0,0
369,11952,370.30200721688146,99953,331,166,29,14,8068,4159,0.12232749392214341,187,117,43330,45375,5252,2733,869,1593,1669,913,0,0,86335,0,0,381,16,1,0,0,0,0,2338,10648,234,0,0,0,0,0
370,11952,371.05086251711543,99953,335,171,29,14,8109,4180,0.1229477854591658,178,108,43273,45289,5273,2737,910,1679,1759,957,0,0,86169,0,0,389,16,1,0,0,0,0,2459,10672,247,0,0,0,0,0
371,11952,372.1758334401979,99953,337,176,29,14,8160,4211,0.12376817104038898,177,108,43213,45197,5292,2742,950,1761,1851,1002,0,0,85981,0,0,390,19,1,0,0,0,0,2576,10722,264,0,0,0,0,0
372,11952,373.3024049792848,99953,330,182,29,14,8208,4244,0.12457855191940212,186,97,43137,45104,5321,2752,995,1849,1946,1049,0,0,85777,0,0,395,20,1,0,0,0,0,2705,10778,277,0,0,0,0,0
373,11952,374.0545205241728,99953,312,184,29,14,8229,4264,0.12498874471001371,194,98,43083,45003,5337,2753,1043,1946,2044,1097,0,0,85588,0,0,398,20,1,0,0,0,0,2840,10818,288,0,0,0,0,0
374,11952,375.1845440157515,99952,324,177,30,14,8287,4283,0.12576036497518808,189,102,43013,44897,5357,2767,1085,2041,2145,1146,0,0,85388,0,0,403,22,1,0,0,0,0,2975,10862,301,0,0,0,0,0
375,11952,376.31635625997546,99952,337,187,30,14,8345,4324,0.12675084040339363,182,92,42943,44791,5373,2775,1133,2139,2249,1196,0,0,85188,0,0,408,23,1,0,0,0,0,3105,10903,324,0,0,0,0,0
376,11952,377.0718525338538,99951,347,185,31,14,8389,4345,0.12740242718932276,168,97,42879,44681,5389,2788,1184,2233,2356,1248,0,0,84991,0,0,411,23,1,0,0,0,0,3248,10937,340,0,0,0,0,0
377,11952,378.20705454191364,99951,349,184,31,14,8435,4376,0.1281728046742904,168,94,42819,44562,5397,2808,1234,2336,2466,1301,0,0,84768,0,0,414,24,1,0,0,0,0,3399,10994,351,0,0,0,0,0
378,11952,379.34400839944,99951,348,166,31,14,8491,4398,0.1289531870616602,162,108,42754,44436,5418,2835,1285,2439,2579,1355,0,0,84531,0,0,420,25,1,0,0,0,0,3546,11058,370,0,0,0,0,0
379,11952,380.1030256409463,99951,342,168,31,14,8524,4418,0.1294834468889756,172,105,42687,44314,5432,2844,1334,2553,2694,1410,0,0,84325,0,0,424,26,1,0,0,0,0,3700,11090,385,0,0,0,0,0
380,11952,381.24347416005764,99951,347,189,31,14,8577,4462,0.13045392242198678,182,96,42606,44197,5446,2847,1386,2655,2812,1467,0,0,84113,0,0,427,28,1,0,0,0,0,3846,11124,412,0,0,0,0,0
381,11952,382.0048613002966,99951,348,185,31,14,8604,4477,0.1308741283228782,187,101,42537,44081,5453,2846,1442,2771,2933,1525,0,0,83906,0,0,429,28,1,0,0,0,0,4010,11150,427,0,0,0,0,0
382,11952,383.14895633833873,99950,355,178,32,14,8660,4510,0.13176588294147074,190,96,42458,43957,5468,2870,1495,2883,3057,1584,0,0,83663,0,0,432,30,1,0,0,0,0,4170,11205,449,0,0,0,0,0
383,11952,384.2952161536325,99950,344,169,32,14,8713,4535,0.13254627313656828,199,96,42372,43831,5499,2885,1552,3003,3184,1644,0,0,83402,0,0,438,32,1,0,0,0,0,4341,11273,463,0,0,0,0,0
384,11952,385.06075408663264,99950,342,170,32,14,8746,4550,0.13302651325662831,202,97,42301,43721,5509,2878,1612,3118,3314,1705,0,0,83189,0,0,441,32,1,0,0,0,0,4508,11292,487,0,0,0,0,0
385,11952,386.21133950631923,99950,363,165,32,14,8817,4574,0.13397698849424713,203,103,42207,43596,5525,2882,1668,3238,3447,1768,0,0,82948,0,0,444,33,1,0,0,0,0,4674,11334,516,0,0,0,0,0
386,11952,387.3641840150291,99950,366,164,32,14,8883,4598,0.13487743871935967,188,104,42142,43477,5545,2883,1725,3356,3582,1832,0,0,82694,0,0,452,34,1,0,0,0,0,4849,11381,539,0,0,0,0,0
387,11952,388.13388040304557,99950,356,163,32,14,8913,4616,0.1353576788394197,194,110,42076,43346,5555,2879,1785,3486,3720,1897,0,0,82459,0,0,454,35,1,0,0,0,0,5028,11411,562,0,0,0,0,0
388,11952,389.2905460672439,99949,351,162,33,14,8973,4643,0.13622947703328697,197,116,41974,43212,5595,2880,1848,3614,3861,1963,0,0,82195,0,0,457,38,1,0,0,0,0,5205,11464,589,0,0,0,0,0
389,11952,390.06312960017783,99949,338,164,33,14,9011,4662,0.13679976788161963,196,113,41904,43083,5619,2875,1908,3749,4005,2031,0,0,81948,0,0,464,38,1,0,0,0,0,5391,11492,615,0,0,0,0,0
390,11952,391.22461258759853,99949,319,168,33,14,9055,4700,0.13762018629501047,202,103,41828,42947,5645,2889,1971,3877,4152,2100,0,0,81666,0,0,474,38,1,0,0,0,0,5586,11548,636,0,0,0,0,0
391,11952,392.00026305651386,99949,332,176,33,14,9101,4724,0.13832054347717335,192,99,41756,42804,5651,2888,2034,4017,4301,2170,0,0,81429,0,0,475,39,1,0,0,0,0,5776,11565,664,0,0,0,0,0
392,11952,393.16599842809444,99948,339,189,33,15,9153,4758,0.13918237483491416,196,99,41673,42667,5659,2879,2098,4149,4453,2241,0,0,81173,0,0,482,40,1,0,0,0,0,5974,11590,688,0,0,0,0,0
393,11952,394.3337182368847,99947,334,186,33,16,9208,4786,0.1400142075299909,198,96,41585,42520,5691,2890,2157,4290,4608,2313,0,0,80884,0,0,487,41,1,0,0,0,0,6178,11646,710,0,0,0,0,0
394,11952,395.11361618975707,99946,335,190,34,16,9251,4811,0.14069597582694654,184,90,41521,42376,5699,2890,2225,4436,4765,2387,0,0,80629,0,0,493,42,1,0,0,0,0,6377,11663,741,0,0,0,0,0
395,11952,396.28591633812425,99945,331,187,35,16,9299,4836,0.14142778528190506,185,85,41448,42239,5711,2897,2288,4574,4925,2462,0,0,80352,0,0,496,43,1,0,0,0,0,6578,11701,774,0,0,0,0,0
396,11952,397.0685696485235,99945,333,176,35,16,9337,4851,0.14195807694231827,180,81,41372,42093,5723,2910,2355,4722,5087,2538,0,0,80084,0,0,498,45,1,0,0,0,0,6788,11729,800,0,0,0,0,0
397,11952,398.24529665577063,99945,324,170,35,16,9391,4874,0.14272850067537146,190,76,41281,41948,5749,2922,2419,4866,5252,2615,0,0,79783,0,0,501,50,1,0,0,0,0,7007,11783,820,0,0,0,0,0
398,11952,399.03128080230175,99945,315,167,35,16,9424,4885,0.1431687428085447,183,87,41211,41790,5764,2918,2490,5020,5419,2693,0,0,79515,0,0,501,53,1,0,0,0,0,7222,11806,847,0,0,0,0,0
399,11952,400.2128818914989,99945,339,170,35,16,9484,4916,0.14407924358397117,171,82,41122,41631,5770,2932,2561,5167,5589,2773,0,0,79234,0,0,504,55,1,0,0,0,0,7444,11834,873,0,0,0,0,0
400,11952,401.00186291520737,99945,323,168,35,16,9510,4927,0.1444494471959578,175,87,41039,41484,5792,2925,2634,5318,5761,2854,0,0,78969,0,0,504,59,1,0,0,0,0,7658,11846,908,0,0,0,0,0
401,11952,402.18816633150675,99944,316,164,36,16,9560,4955,0.14523132954454496,167,75,40963,41345,5816,2932,2700,5466,5936,2936,0,0,78659,0,0,509,60,1,0,0,0,0,7885,11893,937,0,0,0,0,0
402,11952,403.3769774720442,99943,318,167,37,16,9612,4986,0.14606325605595188,160,83,40886,41175,5825,2940,2772,5617,6113,3019,0,0,78362,0,0,512,63,1,0,0,0,0,8110,11926,969,0,0,0,0,0
403,11952,404.1708360499237,99943,308,172,37,16,9643,5000,0.14651351270224028,154,85,40815,41003,5839,2940,2845,5782,6292,3103,0,0,78081,0,0,515,64,1,0,0,0,0,8345,11941,996,0,0,0,0,0
404,11952,405.36418283920693,99943,300,170,37,16,9684,5028,0.14720390622654914,169,91,40720,40844,5855,2948,2917,5929,6474,3188,0,0,77773,0,0,524,64,1,0,0,0,0,8583,11973,1025,0,0,0,0,0
405,11952,406.1612256225795,99943,300,161,37,16,9721,5047,0.1477642256085969,165,89,40634,40677,5863,2959,2999,6096,6658,3275,0,0,77474,0,0,526,65,1,0,0,0,0,8820,11999,1058,0,0,0,0,0
406,11952,407.35995735173844,99943,303,158,37,16,9770,5071,0.14849464194590917,175,101,40531,40506,5883,2960,3069,6257,6844,3363,0,0,77172,0,0,526,70,1,0,0,0,0,9054,12027,1093,0,0,0,0,0
407,11952,408.1606897275404,99942,297,159,38,16,9797,5092,0.14897640631566308,183,98,40449,40345,5881,2955,3150,6425,7032,3452,0,0,76885,0,0,531,71,1,0,0,0,0,9294,12031,1129,0,0,0,0,0
408,11952,409.36470947034866,99942,298,160,38,16,9846,5124,0.1497868763883052,174,91,40377,40185,5892,2960,3219,6586,7222,3542,0,0,76571,0,0,534,73,1,0,0,0,0,9535,12061,1167,0,0,0,0,0
409,11952,410.16861066335605,99942,307,164,38,16,9891,5147,0.15046727101718996,157,81,40296,40026,5898,2956,3302,6755,7414,3633,0,0,76279,0,0,537,75,1,0,0,0,0,9777,12067,1206,0,0,0,0,0
410,11952,411.37751730736835,99941,304,153,38,17,9940,5171,0.15119920753244415,158,89,40188,39868,5920,2960,3390,6911,7608,3725,0,0,75956,0,0,546,76,1,0,0,0,0,10023,12094,1245,0,0,0,0,0
411,11952,412.1852144778678,99941,297,156,38,17,9963,5190,0.15161945547873246,157,88,40108,39707,5924,2954,3474,7076,7804,3818,0,0,75656,0,0,546,78,1,0,0,0,0,10279,12105,1276,0,0,0,0,0
412,11952,413.3999018029014,99940,289,153,38,18,10001,5219,0.15229137482489494,170,92,40010,39545,5931,2951,3560,7239,8002,3912,0,0,75341,0,0,551,80,1,0,0,0,0,10523,12122,1322,0,0,0,0,0
413,11952,414.2113284177983,99939,294,153,39,18,10042,5236,0.15287325268413732,163,96,39918,39369,5937,2943,3647,7419,8202,4007,0,0,75043,0,0,552,82,1,0,0,0,0,10771,12123,1367,0,0,0,0,0
414,11952,415.0245113101072,99939,300,145,39,18,10070,5251,0.15330351514423798,169,98,39832,39198,5932,2943,3726,7596,8404,4103,0,0,74744,0,0,555,85,1,0,0,0,0,11031,12121,1402,0,0,0,0,0
415,11952,416.247379714545,99939,296,157,39,18,10113,5283,0.15405397292348333,183,83,39736,39019,5932,2950,3812,7771,8607,4200,0,0,74422,0,0,565,85,1,0,0,0,0,11296,12133,1437,0,0,0,0,0
416,11952,417.06422659605175,99939,308,151,39,18,10153,5301,0.15463432693943305,177,77,39648,38851,5928,2955,3898,7946,8812,4298,0,0,74107,0,0,569,86,1,0,0,0,0,11564,12141,1471,0,0,0,0,0
417,11952,418.2926465490013,99939,301,139,39,18,10206,5326,0.1554148030298482,181,75,39560,38703,5937,2958,3980,8105,9019,4397,0,0,73766,0,0,579,87,1,0,0,0,0,11820,12165,1521,0,0,0,0,0
418,11952,419.1131294566769,99939,288,141,39,18,10237,5344,0.1559051021122885,188,70,39471,38519,5947,2954,4065,8296,9227,4497,0,0,73445,0,0,583,89,1,0,0,0,0,12087,12174,1560,0,0,0,0,0
419,11952,420.3474090027868,99939,300,127,39,18,10298,5363,0.1567055904101502,220,96,39358,38335,5948,2958,4133,8464,9437,4598,0,0,73099,23,1,589,91,1,0,0,0,0,12359,12180,1596,0,0,0,0,0
420,11952,421.0967141043468,99939,319,143,39,18,10351,5384,0.15744604208567226,212,97,39269,38145,5942,2937,4217,8658,9648,4700,0,0,72797,59,2,589,93,1,0,0,0,0,12624,12133,1641,0,0,0,0,0
421,11952,422.2234348014251,99938,338,153,40,18,10415,5420,0.15844823790750265,213,98,39161,37975,5947,2929,4299,8825,9861,4803,0,0,72463,121,6,590,96,1,0,0,0,0,12892,12087,1682,0,0,0,0,0
422,11952,423.3528540770908,99937,367,160,41,18,10489,5452,0.15951049160971412,217,102,39050,37791,5946,2929,4377,8998,10075,4907,0,0,72128,178,12,593,98,1,0,0,0,0,13163,12042,1722,0,0,0,0,0
423,11952,424.1073417055599,99937,378,162,41,18,10534,5468,0.16012087615197573,238,121,38930,37598,5946,2914,4465,9185,10290,5012,0,0,71818,216,17,595,101,1,0,0,0,0,13430,11992,1767,0,0,0,0,0
424,11952,425.2425391126409,99937,379,184,41,18,10600,5508,0.16118154437295495,289,128,38776,37406,5960,2903,4553,9359,10506,5118,0,0,71484,284,23,599,105,1,0,0,0,0,13690,11931,1820,0,0,0,0,0
425,11952,426.001455189632,99937,403,187,41,18,10650,5530,0.1619019982589031,309,135,38649,37199,5953,2897,4643,9562,10723,5225,0,0,71165,321,25,602,108,1,0,0,0,0,13970,11886,1859,0,0,0,0,0
426,11952,427.14337678283414,99937,417,190,41,18,10732,5573,0.16315278625534085,309,144,38521,36995,5983,2906,4727,9745,10941,5333,0,0,70788,413,33,607,111,1,0,0,0,0,14247,11840,1897,0,0,0,0,0
427,11952,428.28889792134225,99937,442,196,41,18,10818,5603,0.1643135175160351,330,164,38383,36805,5995,2897,4807,9918,11160,5441,0,0,70438,484,42,610,112,1,0,0,0,0,14517,11788,1945,0,0,0,0,0
428,11952,429.0545521053483,99936,456,200,42,18,10874,5632,0.1651657060518732,345,179,38264,36590,6000,2901,4891,10110,11380,5550,0,0,70100,536,49,613,115,1,0,0,0,0,14795,11740,1987,0,0,0,0,0
429,11952,430.2067829999598,99936,491,197,42,18,10986,5668,0.1666466538584694,384,202,38081,36396,6026,2905,4974,10280,11601,5660,0,0,69734,622,67,622,118,1,0,0,0,0,15057,11680,2035,0,0,0,0,0
430,11952,431.3632154202926,99935,540,214,43,18,11110,5718,0.16838945314454395,366,214,37955,36188,6043,2911,5051,10453,11823,5771,0,0,69362,707,79,629,120,1,0,0,0,0,15331,11625,2081,0,0,0,0,0
431,11952,432.1360490819683,99935,557,223,43,18,11173,5762,0.16946014909691298,376,206,37827,35988,6050,2923,5145,10640,12046,5883,0,0,69006,770,87,638,121,1,0,0,0,0,15616,11574,2122,0,0,0,0,0
432,11952,433.29944233637804,99933,584,247,45,18,11284,5821,0.171164680335825,403,214,37656,35786,6084,2925,5226,10808,12270,5995,0,0,68618,864,98,645,124,1,0,0,0,0,15898,11522,2163,0,0,0,0,0
433,11952,434.0774440979279,99933,608,257,45,18,11363,5861,0.17235547817037414,410,221,37512,35579,6108,2931,5315,10992,12494,6108,0,0,68259,931,106,649,129,2,0,0,0,0,16182,11474,2201,0,0,0,0,0
434,11952,435.2492161640096,99933,630,285,45,18,11494,5923,0.174286772137332,425,224,37330,35366,6170,2941,5398,11164,12719,6222,0,0,67848,1037,123,665,133,2,0,0,0,0,16470,11424,2231,0,0,0,0,0
435,11952,436.03316747175523,99933,658,299,45,18,11588,5967,0.17566769735722934,431,229,37196,35177,6177,2932,5491,11343,12945,6337,0,0,67492,1103,142,672,137,2,0,0,0,0,16741,11366,2278,0,0,0,0,0
436,11952,437.2138316044689,99933,670,324,45,18,11704,6036,0.17751893768825114,476,247,37003,34967,6233,2938,5571,11504,13171,6452,0,0,67087,1205,165,688,140,2,0,0,0,0,17019,11310,2317,0,0,0,0,0
437,11952,438.00370439196377,99932,676,338,46,18,11797,6085,0.178941680342633,514,245,36829,34756,6273,2952,5660,11689,13397,6568,0,0,66704,1279,190,708,142,2,0,0,0,0,17302,11256,2349,0,0,0,0,0
438,11952,439.19420056703564,99932,732,334,46,18,11965,6153,0.18130328623463957,495,256,36649,34545,6335,2985,5741,11860,13624,6685,0,0,66270,1409,217,728,145,2,0,0,0,0,17575,11196,2390,0,0,0,0,0
439,11952,440.390133348101,99931,766,361,47,18,12125,6236,0.1837367783770802,518,255,36449,34330,6394,3014,5824,12020,13851,6802,0,0,65840,1542,235,753,149,2,0,0,0,0,17853,11122,2435,0,0,0,0,0
440,11952,441.1905450620652,99931,799,376,47,18,12246,6293,0.18551800742512334,522,253,36290,34111,6429,3032,5911,12208,14078,6920,0,0,65446,1640,255,759,153,2,0,0,0,0,18128,11066,2482,0,0,0,0,0
441,11952,442.39685789153845,99931,812,389,47,18,12398,6371,0.18781959552090943,554,266,36078,33877,6521,3069,5986,12379,14306,7039,0,0,64995,1784,285,778,159,3,0,0,0,0,18403,11006,2518,0,0,0,0,0
442,11952,443.2045132625332,99931,814,404,47,18,12508,6420,0.1894106933784311,580,268,35900,33676,6582,3075,6075,12557,14534,7158,0,0,64597,1885,308,790,164,3,0,0,0,0,18677,10943,2564,0,0,0,0,0
443,11952,444.0158432486095,99931,841,414,47,18,12621,6478,0.19112187409312426,591,275,35723,33469,6626,3091,6170,12731,14762,7278,0,0,64211,1966,336,801,172,5,0,0,0,0,18954,10887,2599,0,0,0,0,0
444,11952,445.23927452133944,99931,858,450,47,18,12790,6576,0.193793717665189,595,286,35528,33242,6726,3112,6244,12890,14990,7398,0,0,63767,2111,371,826,178,5,0,0,0,0,19216,10812,2645,0,0,0,0,0
445,11952,446.058358758994,99931,865,448,47,18,12904,6629,0.19546487076082497,630,301,35339,33046,6787,3136,6330,13049,15218,7519,0,0,63353,2224,401,837,184,5,0,0,0,0,19486,10752,2689,0,0,0,0,0
446,11952,447.2940652076499,99929,895,466,48,19,13111,6727,0.19852094987441082,676,311,35080,32843,6899,3171,6400,13188,15446,7640,0,0,62867,2405,447,851,194,5,0,0,0,0,19742,10689,2729,0,0,0,0,0
447,11952,448.1221611886934,99929,912,499,48,19,13248,6809,0.20071250587917422,682,308,34893,32628,6978,3186,6485,13358,15674,7762,0,0,62450,2510,489,865,199,5,0,0,0,0,20010,10636,2765,0,0,0,0,0
448,11952,449.37172704856766,99929,942,505,48,19,13452,6903,0.20369462318245954,717,307,34649,32428,7078,3232,6564,13507,15902,7885,0,0,61977,2685,538,894,206,5,0,0,0,0,20257,10554,2813,0,0,0,0,0
449,11952,450.2090813850733,99929,949,516,48,19,13567,6966,0.20547588788039509,753,317,34463,32213,7139,3257,6646,13676,16130,8008,0,0,61560,2799,565,905,213,5,0,0,0,0,20532,10495,2855,0,0,0,0,0
450,11952,451.0506666657145,99927,1001,527,49,20,13734,7041,0.20790176829085233,744,320,34285,31996,7187,3291,6732,13844,16357,8132,0,0,61127,2924,597,919,217,5,0,0,0,0,20805,10435,2898,0,0,0,0,0
451,11952,452.3202968697105,99926,1051,540,50,20,13980,7159,0.21154654444288773,765,342,34013,31768,7317,3345,6802,13983,16584,8256,0,0,60614,3131,641,950,229,5,0,0,0,0,21062,10356,2938,0,0,0,0,0
452,11952,453.1714993581519,99926,1083,542,50,20,14124,7236,0.21375818105397995,812,351,33808,31544,7364,3392,6881,14149,16811,8380,0,0,60192,3246,687,965,236,5,0,0,0,0,21320,10296,2979,0,0,0,0,0
453,11952,454.0274092181092,99926,1117,558,50,20,14274,7314,0.21603986950343254,834,340,33641,31326,7402,3426,6954,14328,17037,8505,0,0,59787,3355,735,975,243,5,0,0,0,0,21565,10230,3031,0,0,0,0,0
454,11952,455.3181657485525,99925,1170,568,51,20,14560,7421,0.21997498123592696,795,402,33413,31078,7550,3478,7019,14452,17263,8630,0,0,59263,3571,787,1010,262,5,0,0,0,0,21814,10150,3063,0,0,0,0,0
455,11952,456.1829434757323,99925,1172,583,51,20,14711,7494,0.22221666249687266,800,428,33241,30865,7625,3488,7109,14614,17489,8756,0,0,58848,3687,847,1027,271,6,0,0,0,0,22051,10079,3109,0,0,0,0,0
456,11952,457.05214635152964,99924,1192,584,52,20,14874,7581,0.22472078779872703,817,424,33043,30668,7699,3529,7195,14773,17714,8882,0,0,58414,3827,895,1049,284,6,0,0,0,0,22293,9997,3159,0,0,0,0,0
457,11952,458.3643091202814,99923,1258,603,53,20,15163,7728,0.2290863965253245,825,420,32777,30454,7839,3613,7246,14888,17939,9008,0,0,57892,4033,971,1092,301,6,0,0,0,0,22527,9916,3185,0,0,0,0,0
458,11952,459.2444512820279,99922,1282,640,54,20,15350,7831,0.23199095294329578,818,424,32593,30235,7928,3643,7323,15036,18163,9135,0,0,57452,4176,1025,1109,311,6,0,0,0,0,22765,9844,3234,0,0,0,0,0
459,11952,460.12920466597234,99922,1323,665,54,20,15550,7928,0.2349632713516543,826,428,32361,30034,8027,3673,7407,15178,18386,9262,0,0,56995,4312,1086,1133,317,7,0,0,0,0,23024,9790,3258,0,0,0,0,0
460,11952,461.0192105955405,99921,1341,682,54,21,15743,8017,0.2377878524033987,828,439,32163,29846,8132,3693,7480,15317,18609,9389,0,0,56542,4444,1150,1162,328,7,0,0,0,0,23270,9731,3287,0,0,0,0,0
461,11952,462.36396567038895,99921,1384,669,54,21,16035,8144,0.24198116512044515,833,470,31921,29633,8263,3783,7543,15422,18831,9517,0,0,56002,4670,1242,1211,341,7,0,0,0,0,23485,9644,3319,0,0,0,0,0
462,11952,463.26567037033885,99919,1393,687,56,21,16222,8248,0.24489836767781903,851,477,31709,29442,8367,3817,7622,15554,19052,9645,0,0,55552,4810,1312,1240,356,7,0,0,0,0,23717,9573,3352,0,0,0,0,0
463,11952,464.17271710581036,99918,1413,705,56,22,16421,8365,0.24806341199783824,898,477,31465,29214,8474,3879,7692,15701,19273,9773,0,0,55085,4964,1385,1265,369,8,0,0,0,0,23949,9509,3384,0,0,0,0,0
464,11952,465.0861240861149,99918,1432,724,56,22,16626,8472,0.2511859724974479,920,484,31262,29001,8567,3920,7761,15847,19493,9901,0,0,54629,5123,1452,1294,379,9,0,0,0,0,24171,9430,3431,0,0,0,0,0
465,11952,466.0050813764432,99917,1442,731,56,23,16838,8573,0.25432108650179647,943,498,31034,28795,8686,3974,7837,15977,19712,10030,0,0,54163,5279,1533,1334,390,9,0,0,0,0,24392,9351,3466,0,0,0,0,0
466,11952,467.39462671018237,99916,1472,751,57,23,17179,8736,0.2593678690099684,929,505,30763,28579,8885,4069,7892,16071,19930,10159,0,0,53598,5532,1638,1379,418,10,0,0,0,0,24583,9265,3493,0,0,0,0,0
467,11952,468.32758410553583,99916,1477,768,57,23,17389,8853,0.2626406181192201,966,500,30515,28378,9013,4121,7970,16208,20147,10288,0,0,53118,5703,1712,1405,440,11,0,0,0,0,24810,9200,3517,0,0,0,0,0
468,11952,469.267591538064,99916,1515,768,57,23,17625,8957,0.26604347652027704,955,528,30306,28176,9130,4165,8035,16338,20363,10417,0,0,52649,5864,1791,1439,459,11,0,0,0,0,25031,9128,3544,0,0,0,0,0
469,11952,470.21365840826974,99913,1517,787,60,23,17841,9075,0.269394373104601,991,529,30074,27971,9254,4226,8102,16462,20579,10546,0,0,52173,6034,1871,1470,474,13,0,0,0,0,25243,9057,3578,0,0,0,0,0
470,11952,471.1662405528241,99912,1514,777,61,23,18067,9186,0.27277003763311714,1020,540,29843,27764,9397,4300,8163,16594,20794,10676,0,0,51671,6231,1954,1503,497,14,0,0,0,0,25458,8978,3606,0,0,0,0,0
471,11952,472.12601726612456,99912,1569,826,61,23,18320,9327,0.2767135078869405,1020,537,29601,27542,9517,4354,8230,16716,21008,10806,0,0,51210,6380,2027,1529,518,15,0,0,0,0,25684,8914,3635,0,0,0,0,0
472,11952,473.0926931643658,99911,1615,825,62,23,18577,9449,0.2805096535916966,1019,529,29393,27349,9617,4432,8292,16840,21221,10936,0,0,50747,6534,2134,1561,537,16,0,0,0,0,25868,8845,3669,0,0,0,0,0
473,11952,474.06618655836763,99911,1647,827,62,23,18861,9561,0.2844731811312068,1039,555,29142,27155,9760,4481,8348,16957,21433,11066,0,0,50241,6733,2232,1598,552,17,0,0,0,0,26069,8770,3699,0,0,0,0,0
474,11952,475.04701992734437,99911,1681,848,62,23,19115,9689,0.28829658395972413,1038,578,28915,26936,9888,4545,8414,17068,21644,11196,0,0,49767,6895,2320,1640,567,18,0,0,0,0,26277,8697,3730,0,0,0,0,0
475,11952,476.03494533091134,99909,1688,884,63,24,19356,9846,0.29228598024202024,1059,558,28695,26756,10041,4606,8452,17170,21853,11326,0,0,49277,7083,2422,1670,588,18,0,0,0,0,26466,8625,3760,0,0,0,0,0
476,11952,477.0302023905427,99908,1719,907,64,24,19615,9980,0.2962225247227449,1094,573,28452,26546,10158,4663,8511,17285,22061,11456,0,0,48803,7249,2526,1700,609,19,0,0,0,0,26655,8563,3784,0,0,0,0,0
477,11952,478.03287868613336,99908,1736,937,64,24,19876,10132,0.3003563278215959,1131,562,28215,26334,10276,4742,8576,17399,22268,11586,0,0,48319,7432,2641,1738,620,23,0,0,0,0,26832,8487,3816,0,0,0,0,0
478,11952,479.0431734518063,99908,1755,953,64,24,20150,10284,0.3046202506305801,1151,551,27976,26132,10415,4820,8637,17518,22474,11716,0,0,47820,7635,2756,1767,642,24,0,0,0,0,27001,8410,3853,0,0,0,0,0
479,11952,480.0617253738761,99906,1784,957,66,24,20444,10420,0.30893039457089666,1145,560,27756,25958,10557,4892,8690,17607,22679,11846,0,0,47311,7839,2853,1804,671,26,0,0,0,0,27187,8338,3877,0,0,0,0,0
480,11952,481.08784691551665,99903,1829,952,68,25,20744,10550,0.3132438465311352,1122,578,27534,25759,10706,4981,8739,17703,22883,11976,0,0,46829,8009,2975,1841,694,27,0,0,0,0,27352,8267,3909,0,0,0,0,0
481,11952,482.1221040720978,99902,1846,964,68,26,21038,10703,0.3177213669396008,1146,576,27297,25551,10856,5082,8785,17799,23086,12106,0,0,46340,8185,3104,1899,713,29,0,0,0,0,27508,8185,3939,0,0,0,0,0
482,11952,483.16473892136474,99901,1844,975,69,26,21324,10856,0.32211889770873164,1156,583,27057,25355,11027,5170,8845,17889,23287,12236,0,0,45833,8384,3237,1936,744,31,0,0,0,0,27663,8118,3955,0,0,0,0,0
483,11952,484.21611849365706,99901,1879,1015,69,26,21632,11034,0.32698371387673797,1153,554,26841,25185,11178,5239,8878,17979,23487,12366,0,0,45328,8593,3347,1969,779,32,0,0,0,0,27832,8046,3975,0,0,0,0,0
484,11952,485.2755791864168,99900,1896,1011,70,26,21928,11202,0.3316316316316316,1143,545,26643,25002,11318,5357,8928,18057,23686,12496,0,0,44796,8817,3481,2004,801,36,0,0,0,0,27986,7981,3998,0,0,0,0,0
485,11952,486.34331531941007,99900,1904,1022,70,26,22243,11344,0.3362062062062062,1172,570,26383,24820,11496,5416,8973,18144,23884,12626,0,0,44305,8997,3621,2056,833,36,0,0,0,0,28126,7909,4017,0,0,0,0,0
486,11952,487.4204131316691,99899,1920,1061,71,26,22542,11512,0.34088429313606744,1210,578,26133,24668,11646,5480,9018,18185,24080,12756,0,0,43841,9163,3753,2087,873,38,0,0,0,0,28262,7841,4041,0,0,0,0,0
487,11952,488.5067990033247,99899,1962,1066,71,26,22874,11674,0.3458292875804563,1187,594,25899,24490,11806,5564,9073,18258,24275,12886,0,0,43342,9355,3889,2138,900,42,0,0,0,0,28404,7768,4061,0,0,0,0,0
488,11952,489.05283031027847,99898,1977,1075,71,27,23050,11768,0.34853550621634066,1147,582,25755,24330,11887,5590,9161,18394,24469,13016,0,0,42976,9432,3981,2165,927,43,0,0,0,0,28582,7704,4088,0,0,0,0,0
489,11952,490.155214062858,99895,1986,1060,72,29,23368,11936,0.3534110816357175,1156,610,25510,24146,12075,5700,9199,18453,24662,13146,0,0,42469,9628,4132,2224,964,44,0,0,0,0,28702,7625,4107,0,0,0,0,0
490,11952,491.26744310688065,99895,1986,1040,72,29,23698,12089,0.3582461584663897,1116,622,25316,23980,12272,5799,9236,18528,24853,13276,0,0,41977,9823,4289,2285,998,51,0,0,0,0,28808,7532,4132,0,0,0,0,0
491,11952,492.3892309759309,99894,1997,1043,73,29,24034,12277,0.3634953050233247,1151,601,25068,23834,12450,5913,9259,18578,25043,13406,0,0,41468,10041,4442,2341,1034,56,0,0,0,0,28914,7441,4157,0,0,0,0,0
492,11952,493.52159201492117,99893,1973,1031,73,30,24362,12441,0.3684242139088825,1167,615,24857,23655,12638,6022,9290,18645,25232,13535,0,0,40929,10291,4604,2380,1071,58,0,0,0,0,29016,7361,4183,0,0,0,0,0
493,11952,494.09106064488293,99891,1974,1038,75,30,24536,12532,0.3710844820854732,1156,599,24708,23509,12723,6050,9362,18772,25419,13664,0,0,40573,10353,4713,2416,1093,59,0,0,0,0,29176,7300,4208,0,0,0,0,0
494,11952,495.24006838190775,99889,1960,1035,77,30,24849,12703,0.3759372903923355,1138,592,24524,23360,12922,6154,9377,18827,25605,13793,0,0,40079,10530,4876,2481,1133,60,0,0,0,0,29280,7231,4219,0,0,0,0,0
495,11952,496.3981046668419,99886,1955,1075,80,30,25193,12894,0.38130468734357165,1130,576,24320,23208,13106,6231,9407,18878,25790,13922,0,0,39585,10724,5047,2523,1172,65,0,0,0,0,29372,7165,4233,0,0,0,0,0
496,11952,497.5659072166225,99885,1940,1075,80,31,25529,13084,0.3865745607448566,1150,542,24092,23091,13309,6344,9427,18915,25973,14051,0,0,39091,10923,5217,2597,1217,67,0,0,0,0,29452,7070,4251,0,0,0,0,0
497,11952,498.1535575055389,99884,1920,1061,81,31,25692,13160,0.3889712065996556,1162,552,23932,22942,13398,6373,9505,19039,26155,14180,0,0,38749,10976,5344,2635,1238,70,0,0,0,0,29585,7011,4276,0,0,0,0,0
498,11952,499.3401603569439,99882,1957,1073,83,31,26052,13346,0.3944454456258385,1103,548,23764,22794,13567,6472,9524,19080,26335,14308,0,0,38267,11159,5521,2670,1280,76,0,0,0,0,29669,6955,4285,0,0,0,0,0
499,11952,500.53635317376944,99880,1939,1078,84,32,26364,13526,0.3993792551061274,1110,567,23548,22628,13750,6571,9567,19122,26514,14436,0,0,37780,11356,5699,2718,1320,76,0,0,0,0,29743,6884,4304,0,0,0,0,0
500,11952,501.1377732255691,99879,1951,1070,85,32,26523,13619,0.40190630663102356,1109,579,23426,22478,13782,6609,9645,19230,26692,14564,0,0,37462,11399,5828,2740,1344,78,0,0,0,0,29864,6829,4335,0,0,0,0,0
501,11952,502.35104914800473,99877,1935,1090,86,33,26859,13821,0.407300980205653,1103,561,23217,22340,13973,6719,9684,19255,26868,14692,0,0,36995,11571,6018,2805,1384,83,0,0,0,0,29922,6743,4356,0,0,0,0,0
502,11952,503.5747491915884,99874,1975,1097,89,33,27213,14002,0.4126699641548351,1076,545,23027,22225,14124,6807,9707,19291,27043,14819,0,0,36549,11713,6185,2862,1435,86,0,0,0,0,30001,6679,4364,0,0,0,0,0
503,11952,504.19010133589177,99873,1955,1101,90,33,27377,14106,0.41535750403011823,1081,515,22884,22094,14211,6857,9777,19398,27217,14946,0,0,36198,11793,6309,2883,1456,91,0,0,0,0,30129,6619,4395,0,0,0,0,0
504,11952,505.43160727538077,99869,1927,1065,94,33,27720,14260,0.42035065936376653,1097,548,22650,21944,14415,6968,9815,19440,27389,15073,0,0,35728,11961,6498,2958,1508,92,0,0,0,0,30180,6533,4411,0,0,0,0,0
505,11952,506.0566879393245,99869,1916,1046,94,33,27883,14337,0.42275380748780905,1096,543,22528,21818,14487,7011,9877,19547,27560,15200,0,0,35401,12015,6616,2983,1540,94,0,0,0,0,30305,6476,4439,0,0,0,0,0
506,11952,507.31892859761723,99868,1887,999,95,33,28212,14492,0.42760443785797253,1105,562,22335,21699,14676,7138,9900,19567,27729,15326,0,0,34909,12211,6807,3041,1583,100,0,0,0,0,30355,6413,4449,0,0,0,0,0
507,11952,508.5919898448401,99868,1875,1006,95,33,28550,14679,0.4328613770176633,1047,538,22187,21587,14863,7250,9931,19584,27897,15452,0,0,34442,12394,6988,3087,1628,106,0,0,0,0,30405,6347,4471,0,0,0,0,0
508,11952,509.23211583779175,99867,1878,1015,96,33,28712,14771,0.43540909409514655,1028,543,22077,21459,14908,7270,10011,19678,28064,15578,0,0,34156,12416,7109,3103,1666,108,0,0,0,0,30514,6296,4499,0,0,0,0,0
509,11952,510.52228581237216,99866,1847,998,97,33,29031,14929,0.44018985440490255,981,562,21921,21339,15102,7370,10050,19696,28229,15703,0,0,33709,12562,7290,3180,1713,111,0,0,0,0,30573,6222,4506,0,0,0,0,0
510,11952,511.17122567848537,99866,1833,994,97,33,29207,15014,0.4428033564977069,966,560,21825,21226,15174,7402,10103,19783,28393,15828,0,0,33397,12613,7422,3207,1743,116,0,0,0,0,30675,6165,4528,0,0,0,0,0
511,11952,512.4780858192499,99865,1843,986,98,33,29529,15195,0.44784459019676565,927,519,21690,21137,15314,7507,10126,19816,28556,15953,0,0,32976,12748,7613,3258,1802,117,0,0,0,0,30716,6102,4533,0,0,0,0,0
512,11952,513.1340264500694,99863,1830,972,100,33,29678,15286,0.4502568518870853,945,501,21562,21048,15360,7547,10201,19897,28717,16077,0,0,32665,12807,7745,3262,1838,121,0,0,0,0,30811,6060,4554,0,0,0,0,0
513,11952,514.4568335703849,99861,1758,944,101,34,29984,15446,0.45493235597480497,939,518,21392,20946,15569,7649,10239,19907,28877,16201,0,0,32217,12967,7932,3307,1911,125,0,0,0,0,30837,6000,4565,0,0,0,0,0
514,11952,515.1224278582785,99860,1750,913,102,34,30146,15530,0.4574003605047066,933,511,21275,20836,15626,7710,10312,19994,29035,16325,0,0,31905,13014,8061,3325,1956,126,0,0,0,0,30938,5955,4580,0,0,0,0,0
515,11952,516.4650063641452,99860,1723,922,102,34,30452,15705,0.46221710394552373,900,511,21159,20762,15787,7782,10327,19987,29192,16448,0,0,31480,13157,8220,3376,2014,132,0,0,0,0,30995,5896,4590,0,0,0,0,0
516,11952,517.1388331769174,99859,1711,899,103,34,30606,15791,0.4646251214212039,886,509,21064,20680,15840,7826,10394,20050,29348,16571,0,0,31181,13189,8367,3391,2053,134,0,0,0,0,31084,5861,4599,0,0,0,0,0
517,11952,518.4968963488961,99858,1664,909,104,34,30912,15965,0.4694365999719602,853,490,20956,20636,16014,7881,10407,20048,29502,16694,0,0,30788,13307,8570,3441,2109,143,0,0,0,0,31094,5799,4607,0,0,0,0,0
518,11952,519.1781771468225,99857,1655,923,105,34,31060,16067,0.47194488118008754,824,456,20892,20544,16056,7912,10466,20129,29655,16816,0,0,30517,13326,8693,3462,2143,145,0,0,0,0,31183,5750,4638,0,0,0,0,0
519,11952,520.5502773533759,99854,1601,889,107,35,31344,16219,0.4763254351352975,809,448,20796,20491,16200,7990,10485,20145,29807,16938,0,0,30130,13431,8924,3522,2190,149,0,0,0,0,31175,5685,4648,0,0,0,0,0
520,11952,521.2385407085937,99854,1594,886,107,35,31482,16299,0.4785086225889799,796,421,20695,20411,16240,8018,10566,20227,29957,17059,0,0,29860,13454,9038,3533,2222,156,0,0,0,0,31278,5646,4667,0,0,0,0,0
521,11952,522.6244160079837,99852,1531,851,109,35,31742,16433,0.4824640467892481,780,447,20629,20354,16370,8095,10579,20216,30106,17180,0,0,29481,13566,9212,3561,2300,162,0,0,0,0,31306,5590,4674,0,0,0,0,0
522,11952,523.3192583540209,99851,1518,840,110,35,31888,16507,0.4846721615206658,764,435,20558,20280,16399,8122,10649,20286,30254,17301,0,0,29220,13578,9348,3574,2342,164,0,0,0,0,31391,5547,4687,0,0,0,0,0
523,11952,524.016902335532,99851,1476,838,110,35,32013,16588,0.4867352355008963,760,428,20501,20193,16443,8140,10708,20364,30400,17421,0,0,28958,13590,9478,3590,2382,167,0,0,0,0,31473,5507,4706,0,0,0,0,0
524,11952,525.4199663761091,99850,1454,824,111,35,32278,16737,0.4908863294942414,743,406,20407,20162,16550,8213,10733,20358,30545,17541,0,0,28611,13685,9661,3629,2436,175,0,0,0,0,31488,5446,4719,0,0,0,0,0
525,11952,526.1228499808998,99850,1442,834,111,35,32419,16812,0.4930495743615423,716,399,20328,20077,16590,8212,10811,20441,30689,17660,0,0,28356,13702,9772,3637,2473,182,0,0,0,0,31585,5412,4731,0,0,0,0,0
526,11952,527.5386300249327,99849,1420,789,112,35,32663,16946,0.49684022874540557,717,400,20270,20045,16657,8313,10822,20416,30831,17779,0,0,28027,13769,9933,3701,2529,188,0,0,0,0,31615,5334,4753,0,0,0,0,0
527,11952,528.2487334911062,99848,1403,780,113,35,32805,17023,0.49903853857863956,702,388,20204,19990,16689,8329,10887,20476,30972,17898,0,0,27789,13751,10055,3735,2570,191,0,0,0,0,31690,5296,4771,0,0,0,0,0
528,11952,529.6749564744307,99846,1374,744,115,35,33074,17155,0.5030647196682891,689,379,20150,19941,16782,8417,10888,20482,31112,18016,0,0,27456,13817,10233,3776,2634,203,0,0,0,0,31701,5247,4779,0,0,0,0,0
529,11952,530.3889997150135,99846,1356,725,115,35,33203,17226,0.5050678044188049,673,359,20084,19875,16814,8448,10956,20556,31250,18134,0,0,27214,13827,10354,3788,2676,207,0,0,0,0,31776,5203,4801,0,0,0,0,0
530,11952,531.1058539833668,99845,1325,707,115,36,33311,17287,0.5067654865040814,681,366,20021,19823,16826,8466,11030,20600,31387,18251,0,0,26969,13840,10477,3790,2719,210,0,0,0,0,31860,5173,4807,0,0,0,0,0
531,11952,532.5476295643278,99845,1293,697,115,36,33535,17420,0.5103410285943212,674,350,19959,19812,16915,8507,11042,20596,31523,18368,0,0,26654,13886,10640,3839,2777,213,0,0,0,0,31898,5131,4807,0,0,0,0,0
532,11952,533.2696146432716,99845,1261,703,115,36,33653,17489,0.5122139315939707,659,344,19909,19766,16953,8497,11101,20652,31658,18484,0,0,26433,13889,10744,3850,2830,215,0,0,0,0,31976,5085,4823,0,0,0,0,0
533,11952,534.7214270225018,99845,1278,682,115,36,33899,17611,0.5158996444488958,607,317,19883,19804,16997,8529,11118,20630,31791,18600,0,0,26167,13914,10916,3866,2899,222,0,0,0,0,31984,5046,4831,0,0,0,0,0
534,11952,535.4478464873782,99844,1268,679,115,37,34006,17671,0.5175774207764112,597,310,19821,19755,17003,8528,11194,20689,31923,18715,0,0,25950,13901,11022,3878,2930,227,0,0,0,0,32078,5012,4846,0,0,0,0,0
535,11952,536.1762336589343,99844,1250,651,115,37,34114,17723,0.519179920676255,591,321,19778,19713,17005,8540,11259,20736,32054,18830,0,0,25738,13882,11156,3897,2955,235,0,0,0,0,32144,4978,4859,0,0,0,0,0
536,11952,537.639824488933,99844,1219,618,115,37,34333,17833,0.5224750610953087,564,306,19750,19701,17079,8602,11271,20734,32184,18944,0,0,25427,13953,11309,3935,3014,240,0,0,0,0,32173,4932,4861,0,0,0,0,0
537,11952,538.3721355974468,99843,1214,616,116,37,34435,17895,0.5241228729104694,577,297,19703,19675,17054,8601,11334,20772,32312,19058,0,0,25229,13935,11425,3951,3038,243,0,0,0,0,32248,4888,4886,0,0,0,0,0
538,11952,539.1065675243854,99843,1193,599,116,37,34550,17947,0.5257954989333253,554,286,19656,19622,17078,8615,11401,20839,32439,19172,0,0,25010,13936,11529,3954,3079,249,0,0,0,0,32325,4856,4905,0,0,0,0,0
539,11952,540.58111542111,99841,1125,583,118,37,34763,18057,0.5290411754689957,543,277,19618,19629,17180,8633,11414,20839,32565,19285,0,0,24733,13974,11668,4007,3147,257,0,0,0,0,32339,4796,4920,0,0,0,0,0
540,11952,541.3192348674316,99840,1091,585,118,38,34849,18111,0.530448717948718,551,267,19588,19605,17179,8628,11471,20875,32690,19398,0,0,24535,13952,11769,4003,3194,261,0,0,0,0,32426,4772,4928,0,0,0,0,0
541,11952,542.0597973797455,99840,1085,591,118,38,34958,18163,0.532061298076923,528,261,19539,19561,17188,8622,11540,20925,32814,19510,0,0,24337,13926,11885,4016,3213,266,0,0,0,0,32508,4746,4943,0,0,0,0,0
542,11952,543.5457765541892,99839,1008,564,119,38,35146,18263,0.534951271547191,507,261,19538,19542,17275,8667,11551,20926,32936,19622,0,0,24069,13949,12062,4051,3270,273,0,0,0,0,32501,4712,4952,0,0,0,0,0
543,11952,544.2894298587017,99839,1016,546,119,38,35239,18311,0.5363635453079458,487,260,19484,19507,17279,8668,11613,20979,33057,19733,0,0,23881,13929,12151,4060,3301,276,0,0,0,0,32586,4678,4977,0,0,0,0,0
544,11952,545.0344266455401,99839,994,527,119,38,35335,18355,0.5377658029427378,463,262,19456,19485,17284,8675,11682,21011,33177,19844,0,0,23699,13903,12267,4053,3348,281,0,0,0,0,32646,4653,4989,0,0,0,0,0
545,11952,546.5304158737082,99837,953,500,120,39,35516,18445,0.5404910003305388,446,261,19501,19512,17313,8704,11665,20982,33296,19954,0,0,23440,13940,12396,4076,3416,286,0,0,0,0,32677,4612,4994,0,0,0,0,0
546,11952,547.2769355844069,99837,937,494,120,39,35598,18493,0.5417931227901479,443,248,19467,19486,17300,8700,11731,21031,33414,20064,0,0,23280,13893,12491,4082,3464,289,0,0,0,0,32752,4578,5008,0,0,0,0,0
547,11952,548.0245508968002,99837,931,486,120,39,35680,18542,0.5431052615763695,428,245,19421,19459,17290,8679,11808,21090,33531,20173,0,0,23091,13887,12590,4077,3493,292,0,0,0,0,32830,4549,5028,0,0,0,0,0
548,11952,549.5248496117935,99834,873,455,123,39,35828,18620,0.545385339663842,417,242,19447,19477,17306,8710,11832,21075,33646,20282,0,0,22851,13913,12723,4105,3545,298,0,0,0,0,32853,4505,5041,0,0,0,0,0
549,11952,550.2747281751066,99833,855,449,124,39,35895,18654,0.5464024921619104,414,249,19415,19453,17297,8685,11893,21123,33760,20390,0,0,22678,13891,12805,4113,3565,303,0,0,0,0,32942,4466,5070,0,0,0,0,0
550,11952,551.0255660305456,99833,827,437,124,39,35960,18702,0.5475343824186392,416,237,19372,19421,17294,8693,11965,21171,33873,20498,0,0,22496,13873,12888,4115,3604,309,0,0,0,0,33025,4442,5081,0,0,0,0,0
551,11952,552.5320519218687,99833,825,423,124,39,36120,18785,0.5499684473070027,388,224,19391,19450,17299,8722,11971,21140,33985,20605,0,0,22294,13885,12994,4118,3670,316,0,0,0,0,33057,4404,5095,0,0,0,0,0
552,11952,553.2850771543418,99833,811,421,124,39,36191,18829,0.5511203710196028,390,222,19365,19438,17278,8708,12030,21170,34096,20712,0,0,22128,13843,13097,4128,3698,317,0,0,0,0,33138,4379,5105,0,0,0,0,0
553,11952,554.0389166976117,99832,779,418,124,40,36251,18873,0.5521676416379517,396,223,19343,19400,17260,8701,12096,21216,34206,20818,0,0,21959,13806,13196,4142,3722,323,0,0,0,0,33220,4352,5112,0,0,0,0,0
554,11952,555.5499579311329,99832,755,401,124,40,36379,18952,0.5542411250901514,365,218,19392,19457,17259,8704,12103,21178,34315,20923,0,0,21768,13798,13327,4143,3783,329,0,0,0,0,33242,4331,5111,0,0,0,0,0
555,11952,556.3037252995626,99832,731,378,124,40,36444,18977,0.5551426396345861,374,223,19369,19431,17244,8706,12156,21220,34423,21028,0,0,21607,13770,13405,4150,3816,336,0,0,0,0,33320,4300,5128,0,0,0,0,0
556,11952,557.0584172991686,99832,712,374,124,40,36515,19017,0.5562545075727222,352,219,19371,19416,17222,8685,12217,21264,34530,21132,0,0,21455,13731,13513,4152,3838,345,0,0,0,0,33383,4275,5140,0,0,0,0,0
557,11952,558.5703258728745,99831,687,378,125,40,36641,19105,0.558403702256814,325,193,19405,19448,17219,8692,12237,21247,34636,21236,0,0,21267,13718,13645,4169,3883,347,0,0,0,0,33411,4241,5150,0,0,0,0,0
558,11952,559.3248727494337,99831,681,388,125,40,36704,19164,0.5596257675471547,324,161,19377,19425,17189,8694,12302,21290,34741,21339,0,0,21118,13695,13737,4166,3915,348,0,0,0,0,33474,4208,5170,0,0,0,0,0
559,11952,560.0801309067917,99831,679,365,125,40,36764,19184,0.5604271218359027,311,170,19355,19390,17158,8698,12370,21335,34845,21442,0,0,20977,13661,13823,4158,3946,354,0,0,0,0,33546,4183,5183,0,0,0,0,0
560,11952,561.5941378206162,99831,651,343,125,40,36866,19239,0.5619997796275706,306,166,19388,19468,17142,8691,12386,21290,34948,21544,0,0,20782,13662,13923,4163,3990,358,0,0,0,0,33599,4159,5195,0,0,0,0,0
561,11952,562.3500608222489,99830,622,351,126,40,36916,19276,0.5628768907142142,295,162,19392,19457,17110,8671,12453,21317,35049,21646,0,0,20649,13609,14020,4164,4025,359,0,0,0,0,33667,4138,5199,0,0,0,0,0
562,11952,563.106686814262,99829,606,343,126,41,36969,19303,0.5636838994680904,289,159,19374,19452,17084,8646,12519,21357,35149,21747,0,0,20521,13565,14103,4158,4066,360,0,0,0,0,33729,4114,5213,0,0,0,0,0
563,11952,564.6211610693767,99829,555,328,126,41,37063,19363,0.5652265373789179,288,154,19404,19526,17080,8633,12545,21316,35248,21848,0,0,20331,13563,14207,4174,4106,367,0,0,0,0,33776,4083,5222,0,0,0,0,0
564,11952,565.3774398227573,99829,554,325,126,41,37122,19392,0.5661080447565336,286,152,19414,19518,17025,8610,12593,21352,35347,21948,0,0,20205,13517,14290,4173,4138,369,0,0,0,0,33844,4058,5235,0,0,0,0,0
565,11952,566.1344961808177,99828,542,311,126,42,37180,19421,0.5669852145690588,267,144,19418,19514,17002,8607,12643,21380,35445,22048,0,0,20061,13482,14369,4181,4162,375,0,0,0,0,33918,4032,5248,0,0,0,0,0
566,11952,567.6480950153734,99827,532,309,127,42,37283,19476,0.5685736323840244,245,151,19486,19574,16970,8585,12638,21337,35542,22147,0,0,19913,13447,14452,4188,4206,385,0,0,0,0,33975,4004,5257,0,0,0,0,0
567,11952,568.4027749598487,99827,535,294,127,42,37334,19498,0.5693048974726277,234,140,19498,19568,16915,8575,12689,21379,35638,22246,0,0,19787,13408,14523,4182,4235,389,0,0,0,0,34048,3979,5276,0,0,0,0,0
568,11952,569.1572470985659,99827,530,287,127,42,37380,19517,0.569956023921384,229,146,19496,19546,16866,8559,12750,21418,35733,22344,0,0,19655,13368,14606,4181,4252,392,0,0,0,0,34126,3959,5288,0,0,0,0,0
569,11952,570.665757346854,99826,507,270,128,42,37468,19563,0.5713040690801996,209,149,19567,19602,16821,8550,12766,21385,35827,22442,0,0,19521,13336,14708,4186,4293,401,0,0,0,0,34157,3921,5303,0,0,0,0,0
570,11952,571.4180726817258,99826,488,262,128,42,37506,19589,0.571945184621241,219,147,19575,19631,16776,8512,12812,21404,35920,22539,0,0,19399,13285,14808,4176,4315,407,0,0,0,0,34218,3908,5310,0,0,0,0,0
571,11952,572.1700744096969,99826,485,267,128,42,37544,19625,0.5726864744655701,220,133,19574,19619,16718,8499,12873,21438,36012,22636,0,0,19279,13248,14885,4172,4335,411,0,0,0,0,34286,3884,5326,0,0,0,0,0
572,11952,573.6737997140685,99825,461,241,129,42,37623,19660,0.5738342098672677,208,138,19625,19656,16683,8506,12892,21415,36103,22732,0,0,19137,13214,14976,4185,4374,416,0,0,0,0,34331,3855,5337,0,0,0,0,0
573,11952,574.4239531999499,99825,430,242,129,42,37651,19681,0.5743250688705234,215,128,19610,19642,16659,8489,12955,21455,36193,22828,0,0,19016,13178,15049,4183,4391,421,0,0,0,0,34399,3827,5361,0,0,0,0,0
574,11952,575.1742828459763,99825,419,239,129,42,37696,19702,0.5749862258953168,200,127,19624,19618,16621,8475,13005,21497,36282,22923,0,0,18908,13136,15131,4175,4422,423,0,0,0,0,34456,3799,5375,0,0,0,0,0
575,11952,576.6762614927461,99824,385,241,130,42,37765,19756,0.576224154511941,192,108,19695,19668,16580,8460,13016,21479,36370,23018,0,0,18767,13114,15231,4174,4465,425,0,0,0,0,34492,3776,5380,0,0,0,0,0
576,11952,577.4248163448422,99824,394,238,130,42,37801,19775,0.5767751242186248,183,109,19720,19678,16511,8427,13060,21504,36457,23112,0,0,18672,13060,15303,4164,4488,428,0,0,0,0,34558,3753,5398,0,0,0,0,0
577,11952,578.1733359988729,99824,384,229,130,42,37838,19792,0.577316076294278,172,111,19714,19668,16477,8411,13121,21537,36543,23205,0,0,18561,13007,15378,4166,4512,429,0,0,0,0,34626,3734,5411,0,0,0,0,0
578,11952,579.668906937897,99824,357,225,130,42,37903,19835,0.5783979804455842,161,103,19781,19728,16431,8386,13138,21514,36629,23298,0,0,18428,12972,15465,4174,4547,434,0,0,0,0,34674,3714,5416,0,0,0,0,0
579,11952,580.4150352801072,99824,351,228,130,42,37934,19858,0.5789389325212374,164,93,19787,19731,16386,8361,13180,21543,36714,23390,0,0,18323,12917,15532,4167,4572,438,0,0,0,0,34751,3701,5423,0,0,0,0,0
580,11952,581.1608533352213,99824,340,221,130,42,37970,19885,0.579570043276166,158,79,19769,19747,16353,8342,13248,21567,36798,23482,0,0,18228,12870,15616,4159,4601,441,0,0,0,0,34792,3676,5441,0,0,0,0,0
581,11952,582.6530313614796,99824,338,198,130,42,38037,19909,0.5804816476999519,128,79,19816,19820,16311,8327,13275,21532,36881,23573,0,0,18095,12853,15681,4151,4636,447,0,0,0,0,34851,3657,5453,0,0,0,0,0
582,11952,583.3980037567233,99823,325,195,130,43,38064,19926,0.5809282429900925,123,78,19838,19834,16261,8296,13321,21552,36963,23664,0,0,17996,12806,15759,4143,4656,450,0,0,0,0,34907,3639,5467,0,0,0,0,0
583,11952,584.1431091818514,99822,322,184,131,43,38089,19940,0.5813247580693635,115,82,19855,19837,16206,8273,13369,21579,37044,23754,0,0,17894,12766,15825,4132,4676,454,0,0,0,0,34974,3619,5482,0,0,0,0,0
584,11952,585.6314526337682,99822,298,169,131,43,38132,19960,0.5819558814690149,113,84,19936,19910,16140,8241,13380,21551,37125,23844,0,0,17795,12721,15904,4127,4711,460,0,0,0,0,35012,3598,5494,0,0,0,0,0
585,11952,586.3730771156793,99821,285,167,132,43,38151,19978,0.5823323749511626,118,82,19951,19906,16077,8218,13435,21582,37205,23933,0,0,17690,12671,15984,4127,4721,462,0,0,0,0,35077,3585,5504,0,0,0,0,0
586,11952,587.1142311794779,99821,288,165,132,43,38182,19994,0.58280321775979,106,74,19959,19910,16030,8194,13483,21612,37284,24022,0,0,17587,12631,16036,4121,4739,467,0,0,0,0,35156,3566,5518,0,0,0,0,0
587,11952,588.5953819924006,99821,246,160,132,43,38218,20027,0.5834944550745835,108,56,20042,20005,15973,8169,13497,21565,37362,24110,0,0,17471,12595,16126,4122,4760,474,0,0,0,0,35194,3549,5530,0,0,0,0,0
588,11952,589.333373457267,99821,240,160,132,43,38240,20039,0.583835064765931,103,56,20058,20018,15919,8135,13546,21586,37439,24198,0,0,17386,12544,16194,4113,4776,479,0,0,0,0,35253,3532,5544,0,0,0,0,0
589,11952,590.0711964714519,99821,239,158,132,43,38265,20051,0.5842057282535739,97,54,20062,20026,15859,8103,13609,21614,37516,24285,0,0,17285,12504,16240,4104,4800,481,0,0,0,0,35335,3516,5556,0,0,0,0,0
590,11952,591.5457590741476,99821,218,149,132,43,38300,20071,0.584756714518989,97,51,20138,20110,15790,8069,13623,21576,37592,24372,0,0,17182,12455,16321,4106,4825,482,0,0,0,0,35385,3500,5565,0,0,0,0,0
591,11952,592.2807713287898,99821,216,140,132,43,38318,20080,0.5850271986856473,98,50,20147,20121,15736,8048,13669,21596,37667,24458,0,0,17093,12414,16381,4092,4847,485,0,0,0,0,35448,3485,5576,0,0,0,0,0
592,11952,593.0154488099001,99820,214,133,133,43,38335,20093,0.5853336004808656,95,48,20167,20117,15677,8032,13712,21625,37741,24544,0,0,16995,12373,16442,4080,4864,488,0,0,0,0,35518,3476,5584,0,0,0,0,0
593,11952,594.4835849648532,99820,205,126,133,43,38373,20113,0.5859146463634543,86,48,20241,20210,15609,7995,13724,21576,37815,24629,0,0,16899,12331,16510,4069,4897,491,0,0,0,0,35572,3462,5589,0,0,0,0,0
594,11952,595.2149363574046,99819,194,114,134,43,38391,20116,0.5861308969234315,82,51,20260,20237,15559,7957,13769,21596,37888,24714,0,0,16815,12282,16579,4057,4919,493,0,0,0,0,35627,3448,5599,0,0,0,0,0
595,11952,596.6768403371397,99817,199,94,135,44,38423,20128,0.586583447709308,76,50,20338,20321,15473,7935,13777,21554,37960,24798,0,0,16720,12243,16637,4052,4942,495,0,0,0,0,35686,3430,5612,0,0,0,0,0
596,11952,597.4055412137163,99817,200,88,135,44,38439,20135,0.5868138693809671,73,49,20339,20326,15419,7916,13832,21575,38031,24882,0,0,16628,12192,16688,4051,4954,498,0,0,0,0,35766,3420,5620,0,0,0,0,0
597,11952,598.1334947449956,99817,200,88,135,44,38460,20141,0.5870843643868279,76,50,20352,20360,15364,7875,13871,21581,38102,24965,0,0,16558,12141,16742,4041,4978,499,0,0,0,0,35824,3399,5635,0,0,0,0,0
598,11952,599.5889232215528,99817,198,91,135,44,38491,20160,0.5875852810643477,62,50,20437,20436,15273,7839,13893,21538,38172,25048,0,0,16463,12109,16790,4033,5002,501,0,0,0,0,35891,3380,5648,0,0,0,0,0
599,11952,600.3137400861781,99817,193,93,135,44,38505,20170,0.5878257210695573,62,50,20452,20452,15224,7803,13932,21556,38241,25130,0,0,16395,12054,16854,4026,5016,504,0,0,0,0,35942,3362,5664,0,0,0,0,0
600,11952,601.0382847635442,99817,181,93,135,44,38511,20176,0.587945941072162,68,55,20461,20473,15170,7761,13983,21572,38310,25212,0,0,16322,12011,16905,4007,5041,506,0,0,0,0,36001,3346,5678,0,0,0,0,0
601,11952,602.4860924024397,99817,175,94,135,44,38533,20201,0.5884168027490307,67,44,20550,20570,15074,7731,13997,21515,38378,25293,0,0,16247,11957,16982,3993,5062,512,0,0,0,0,36043,3340,5681,0,0,0,0,0
602,11952,603.2076127337297,99817,174,100,135,44,38554,20212,0.5887373894226434,54,44,20568,20587,15021,7702,14046,21521,38445,25374,0,0,16159,11919,17040,3983,5075,514,0,0,0,0,36110,3329,5688,0,0,0,0,0
603,11952,604.6484821916572,99817,155,94,135,44,38566,20227,0.5890078844285042,61,42,20678,20652,14926,7665,14043,21501,38512,25454,0,0,16082,11883,17105,3970,5099,517,0,0,0,0,36151,3309,5701,0,0,0,0,0
604,11952,605.3655676298089,99817,145,86,135,44,38578,20231,0.5891681777653105,62,41,20696,20664,14874,7641,14086,21522,38578,25534,0,0,15996,11849,17158,3964,5110,521,0,0,0,0,36213,3292,5714,0,0,0,0,0
605,11952,606.0820238048086,99817,136,88,135,44,38584,20236,0.5892783794343649,73,42,20705,20679,14824,7609,14125,21536,38643,25613,0,0,15927,11801,17209,3953,5124,524,0,0,0,0,36273,3277,5729,0,0,0,0,0
606,11952,607.5135774355524,99817,142,85,135,44,38616,20250,0.5897392227776832,64,37,20788,20768,14729,7563,14140,21501,38708,25692,0,0,15836,11771,17261,3939,5149,524,0,0,0,0,36334,3266,5737,0,0,0,0,0
607,11952,608.2266351984943,99817,137,85,135,44,38625,20258,0.58990953444804,64,35,20804,20780,14677,7541,14181,21513,38772,25770,0,0,15763,11729,17323,3922,5165,526,0,0,0,0,36387,3257,5745,0,0,0,0,0
608,11952,609.6517236692792,99817,129,88,135,44,38649,20275,0.5903202861236062,62,30,20891,20845,14593,7507,14188,21484,38835,25848,0,0,15678,11693,17375,3912,5189,528,0,0,0,0,36445,3246,5751,0,0,0,0,0
609,11952,610.3618129595538,99816,126,90,136,44,38662,20281,0.5905165504528332,57,31,20914,20857,14534,7482,14231,21494,38898,25925,0,0,15612,11646,17430,3903,5199,533,0,0,0,0,36499,3231,5763,0,0,0,0,0
610,11952,611.0712180199064,99816,123,80,136,44,38669,20287,0.5906467900937725,56,30,20946,20867,14458,7478,14279,21499,38960,26002,0,0,15532,11612,17482,3894,5208,538,0,0,0,0,36559,3219,5772,0,0,0,0,0
611,11952,612.4875356497271,99815,117,70,137,44,38693,20292,0.590943245003256,49,31,21049,20977,14371,7435,14275,21441,39022,26078,0,0,15457,11564,17547,3893,5219,543,0,0,0,0,36606,3207,5779,0,0,0,0,0
612,11952,613.1927030730477,99815,120,65,137,44,38702,20296,0.5910734859490057,49,36,21090,21002,14297,7410,14305,21441,39083,26154,0,0,15388,11526,17596,3877,5234,546,0,0,0,0,36662,3197,5789,0,0,0,0,0
613,11952,614.5999363860225,99814,116,66,137,45,38720,20312,0.5914200412767748,47,25,21186,21086,14205,7382,14307,21394,39143,26229,0,0,15323,11483,17645,3868,5250,554,0,0,0,0,36708,3184,5799,0,0,0,0,0
614,11952,615.3007478466177,99814,116,60,137,45,38729,20316,0.5915502835273609,48,27,21215,21092,14141,7362,14341,21412,39203,26304,0,0,15253,11446,17693,3853,5266,557,0,0,0,0,36764,3173,5809,0,0,0,0,0
615,11952,616.0005514475081,99814,115,67,137,45,38737,20324,0.5917105816819284,47,21,21229,21128,14081,7327,14389,21410,39262,26379,0,0,15193,11394,17749,3844,5276,559,0,0,0,0,36817,3162,5820,0,0,0,0,0
616,11952,617.3978089655683,99814,104,64,137,45,38750,20330,0.5919009357404773,53,24,21283,21210,14009,7283,14412,21372,39321,26453,0,0,15123,11354,17808,3830,5293,563,0,0,0,0,36863,3155,5825,0,0,0,0,0
617,11952,618.0947844218001,99814,108,68,137,45,38762,20339,0.5921113270683471,52,19,21278,21224,13961,7257,14462,21385,39379,26527,0,0,15054,11318,17852,3820,5305,564,0,0,0,0,36923,3138,5840,0,0,0,0,0
618,11952,619.6922521504849,99814,111,60,137,45,38788,20349,0.592471997916124,42,24,21365,21320,13885,7210,14458,21339,39436,26600,0,0,14996,11275,17905,3810,5325,567,0,0,0,0,36959,3117,5860,0,0,0,0,0
619,11952,620.3867374973289,99814,104,60,137,45,38795,20353,0.5925822028973892,41,23,21388,21347,13836,7177,14492,21346,39493,26673,0,0,14925,11236,17954,3800,5336,570,0,0,0,0,37017,3109,5867,0,0,0,0,0
620,11952,621.080768858997,99814,96,60,137,45,38798,20359,0.5926723706093333,43,21,21409,21378,13786,7147,14527,21347,39549,26745,0,0,14865,11198,18000,3788,5350,574,0,0,0,0,37067,3094,5878,0,0,0,0,0
621,11952,622.46683916138,99814,94,59,137,45,38808,20365,0.5928326687639008,42,19,21454,21420,13730,7124,14541,21331,39605,26817,0,0,14786,11177,18031,3780,5360,577,0,0,0,0,37133,3076,5894,0,0,0,0,0
622,11952,623.423901931039,99814,76,51,137,45,38820,20371,0.5930130041877892,46,21,21523,21498,13658,7098,14558,21285,39660,26888,0,0,14711,11155,18075,3760,5389,579,0,0,0,0,37177,3067,5901,0,0,0,0,0
623,11952,624.1133319784471,99814,75,47,137,45,38825,20373,0.5930831346304126,45,20,21543,21521,13606,7073,14592,21292,39715,26959,0,0,14649,11113,18118,3751,5403,580,0,0,0,0,37233,3055,5912,0,0,0,0,0
624,11952,625.0799336620739,99814,77,46,137,45,38833,20375,0.5931833209770172,41,20,21569,21534,13547,7048,14627,21305,39769,27029,0,0,14589,11077,18163,3735,5419,580,0,0,0,0,37284,3043,5924,0,0,0,0,0
625,11952,626.1313896357357,99813,83,38,138,45,38850,20380,0.5934096760942963,37,23,21630,21625,13476,7017,14634,21250,39823,27099,0,0,14527,11045,18200,3721,5443,583,0,0,0,0,37336,3029,5929,0,0,0,0,0
626,11952,627.403559473133,99813,77,36,138,45,38863,20387,0.5936100507949866,30,22,21709,21699,13413,6989,14631,21207,39876,27169,0,0,14450,11015,18239,3715,5459,584,0,0,0,0,37397,3019,5935,0,0,0,0,0
627,11952,628.0874268733077,99813,77,37,138,45,38869,20391,0.5937102381453317,27,20,21729,21721,13366,6965,14661,21210,39929,27238,0,0,14387,10974,18286,3707,5465,587,0,0,0,0,37453,3011,5943,0,0,0,0,0
628,11952,629.2591249116045,99813,74,40,138,45,38873,20394,0.5937803692905733,27,17,21755,21730,13310,6934,14694,21232,39981,27307,0,0,14331,10937,18327,3693,5478,589,0,0,0,0,37504,2998,5956,0,0,0,0,0
629,11952,630.4276188769242,99812,71,39,138,46,38887,20405,0.5940367891636276,62,42,21862,21819,13193,6891,14672,21161,40033,27375,0,0,14275,10891,18375,3681,5496,591,3,0,0,3,37543,2987,5967,0,0,0,0,0
630,11952,631.0019666939411,99812,73,42,138,46,38894,20411,0.5941670340239651,71,38,21864,21837,13137,6872,14715,21163,40084,27443,0,0,14217,10851,18415,3670,5505,593,5,0,0,8,37594,2976,5978,0,0,0,0,0
631,11952,632.1494883984892,99812,81,49,138,46,38913,20424,0.5944876367571034,68,31,21934,21908,13061,6840,14716,21124,40135,27510,0,0,14164,10804,18456,3657,5522,595,5,0,0,14,37641,2969,5985,0,0,0,0,0
632,11952,633.293575494548,99812,82,51,138,46,38924,20431,0.5946679757944936,69,33,21979,21960,12992,6817,14738,21091,40185,27577,0,0,14103,10764,18491,3645,5537,597,9,0,0,19,37693,2962,5992,0,0,0,0,0
633,11952,634.4350811654452,99812,87,54,138,46,38940,20439,0.5949084278443474,64,32,22036,22017,12923,6780,14750,21069,40235,27643,0,0,14046,10725,18526,3629,5557,598,13,0,0,25,37740,2956,5997,0,0,0,0,0
634,11952,635.0045622134719,99812,93,57,138,46,38952,20446,0.5950987857171482,58,28,22021,22023,12892,6764,14796,21080,40284,27709,0,0,13984,10687,18562,3619,5570,599,14,0,0,28,37798,2950,6001,0,0,0,0,0
635,11952,636.1432352878211,99812,87,55,138,46,38966,20454,0.5953192000961808,61,29,22065,22090,12842,6730,14805,21048,40333,27775,0,0,13926,10639,18599,3614,5584,602,20,0,0,40,37838,2943,6007,0,0,0,0,0
636,11952,637.2799997601276,99812,91,53,138,46,38982,20463,0.5955696709814451,60,34,22122,22140,12790,6707,14797,21018,40381,27840,0,0,13858,10606,18627,3608,5596,603,24,0,0,51,37891,2933,6015,0,0,0,0,0
637,11952,638.4138672187547,99812,86,57,138,46,38988,20473,0.5957299723480143,66,34,22180,22205,12726,6672,14802,20984,40429,27905,0,0,13799,10565,18663,3596,5613,604,27,0,0,57,37941,2928,6019,0,0,0,0,0
638,11952,639.5450362934956,99812,83,59,138,46,39006,20485,0.5960305374103314,59,30,22246,22267,12671,6650,14801,20946,40476,27969,0,0,13736,10525,18697,3593,5624,606,35,0,0,69,37984,2916,6027,0,0,0,0,0
639,11952,640.1090207828396,99812,82,59,138,46,39015,20492,0.5961908387769006,56,25,22261,22281,12620,6629,14841,20958,40523,28033,0,0,13681,10493,18723,3578,5645,609,37,0,0,74,38032,2907,6033,0,0,0,0,0
640,11952,641.236293325702,99812,84,54,138,46,39030,20499,0.5964112531559331,53,23,22328,22337,12552,6608,14843,20930,40569,28097,0,0,13619,10457,18755,3572,5654,614,44,0,0,83,38078,2899,6037,0,0,0,0,0
641,11952,642.3602756704696,99812,93,53,138,46,39048,20502,0.5966216486995551,44,24,22370,22402,12499,6581,14854,20892,40615,28160,0,0,13562,10433,18775,3555,5675,615,46,0,0,89,38127,2887,6048,0,0,0,0,0
642,11952,643.4817799336582,99812,83,52,138,46,39057,20509,0.5967819500661243,50,27,22417,22464,12446,6549,14864,20860,40661,28223,0,0,13506,10389,18808,3555,5687,618,49,0,0,95,38174,2875,6056,0,0,0,0,0
643,11952,644.0416257757425,99812,87,54,138,46,39065,20515,0.5969222137618723,47,27,22434,22492,12401,6522,14891,20857,40706,28285,0,0,13457,10358,18834,3538,5708,619,50,0,0,96,38221,2864,6067,0,0,0,0,0
644,11952,645.1603561666415,99812,93,45,138,46,39079,20521,0.5971225904700838,38,26,22488,22557,12339,6502,14902,20822,40751,28347,0,0,13405,10320,18867,3526,5726,620,52,0,0,108,38259,2856,6073,0,0,0,0,0
645,11952,646.2761853996094,99812,84,45,138,46,39086,20530,0.597282891836653,48,20,22527,22615,12283,6483,14918,20789,40795,28409,0,0,13350,10282,18896,3519,5743,621,54,0,0,119,38301,2848,6079,0,0,0,0,0
646,11952,647.4079666251952,99812,87,40,138,46,39094,20535,0.5974131366969904,49,21,22527,22650,12247,6460,14950,20781,40839,28470,0,0,13306,10245,18929,3509,5755,624,56,0,0,125,38337,2833,6093,0,0,0,0,0
647,11952,648.0319769915042,99812,88,42,138,46,39105,20541,0.5975834568989701,40,19,22541,22688,12210,6434,14981,20769,40882,28531,0,0,13259,10210,18962,3499,5764,628,61,0,0,130,38374,2819,6106,0,0,0,0,0
648,11952,649.2165823355169,99811,93,38,139,46,39130,20544,0.597869974251335,33,26,22644,22781,12143,6394,14946,20713,40925,28591,0,0,13205,10171,18993,3492,5776,631,65,0,0,143,38411,2813,6111,0,0,0,0,0
649,11952,650.3251912399955,99811,88,43,139,46,39136,20553,0.5980202582881646,46,28,22704,22856,12081,6361,14940,20664,40968,28651,0,0,13158,10131,19025,3487,5791,631,62,0,0,150,38454,2804,6118,0,0,0,0,0
650,11952,651.4305415818317,99811,79,45,139,46,39143,20561,0.5981705423249942,52,31,22734,22910,12047,6334,14947,20632,41010,28711,0,0,13102,10099,19049,3482,5800,636,65,0,0,157,38500,2794,6127,0,0,0,0,0
651,11952,652.5339055066629,99811,76,47,139,46,39153,20568,0.5983408642334012,59,30,22804,22963,11985,6303,14935,20609,41052,28770,0,0,13050,10069,19076,3472,5814,637,69,0,0,165,38539,2782,6138,0,0,0,0,0
652,11952,653.0842491835592,99811,81,50,139,46,39161,20572,0.5984610914628649,57,31,22816,22978,11943,6282,14962,20611,41093,28829,0,0,13004,10031,19114,3463,5824,637,70,0,0,167,38582,2774,6145,0,0,0,0,0
653,11952,654.1840606692574,99811,77,45,139,46,39171,20579,0.5986314133712717,65,34,22858,23044,11899,6261,14960,20568,41134,28887,0,0,12948,9998,19143,3454,5838,639,76,0,0,177,38622,2766,6150,0,0,0,0,0
654,11952,655.281685682892,99811,87,53,139,46,39191,20593,0.5989720571880854,59,31,22914,23111,11844,6232,14955,20525,41175,28945,0,0,12902,9968,19172,3445,5849,641,78,0,0,184,38659,2750,6163,0,0,0,0,0
655,11952,656.3765205676584,99811,80,59,139,46,39201,20604,0.5991824548396469,64,27,22979,23148,11788,6211,14948,20507,41215,29003,0,0,12849,9938,19195,3434,5866,644,85,0,0,190,38699,2742,6169,0,0,0,0,0
656,11952,657.4683832472633,99811,87,54,139,46,39221,20610,0.5994429471701516,55,28,23019,23222,11745,6182,14953,20466,41255,29060,0,0,12794,9904,19222,3434,5874,645,89,0,0,200,38740,2731,6178,0,0,0,0,0
657,11952,658.013229968417,99811,82,55,139,46,39225,20615,0.5995331175922494,58,27,23028,23244,11709,6163,14982,20463,41295,29117,0,0,12741,9875,19247,3432,5877,650,92,0,0,203,38787,2720,6187,0,0,0,0,0
658,11952,659.1027460850449,99811,87,58,139,46,39243,20626,0.5998236667301199,54,26,23076,23308,11654,6140,14988,20420,41334,29174,0,0,12696,9850,19267,3423,5887,657,95,0,0,208,38823,2703,6202,0,0,0,0,0
659,11952,660.1899752077119,99810,81,49,139,47,39252,20631,0.5999699428914939,64,30,23118,23371,11606,6121,14990,20380,41373,29230,0,0,12649,9822,19288,3413,5904,660,100,0,0,218,38854,2689,6213,0,0,0,0,0
660,11952,661.274945953471,99810,90,54,139,47,39270,20640,0.6002404568680493,63,28,23166,23444,11555,6081,14985,20344,41411,29286,0,0,12610,9790,19316,3400,5920,662,100,0,0,226,38885,2681,6220,0,0,0,0,0
661,11952,662.357933179741,99810,94,56,139,47,39294,20647,0.6005510469892796,63,28,23205,23504,11507,6056,14990,20307,41449,29341,0,0,12559,9758,19342,3394,5934,662,106,0,0,237,38919,2671,6228,0,0,0,0,0
662,11952,663.4388799524925,99810,95,51,139,47,39316,20652,0.600821560965835,63,28,23258,23565,11462,6039,14981,20268,41487,29396,0,0,12511,9713,19375,3393,5948,665,113,0,0,244,38953,2667,6228,0,0,0,0,0
663,11952,664.5175888168592,99810,98,48,139,47,39330,20657,0.6010119226530408,65,32,23302,23631,11424,6011,14970,20229,41524,29451,0,0,12466,9687,19395,3386,5964,666,113,0,0,250,38992,2651,6240,0,0,0,0,0
664,11952,665.0556784612321,99810,99,47,139,47,39335,20660,0.6010920749423906,67,37,23316,23638,11390,5997,14987,20232,41561,29505,0,0,12418,9661,19418,3379,5973,668,115,0,0,251,39037,2640,6250,0,0,0,0,0
665,11952,666.1315464107499,99810,104,50,139,47,39357,20669,0.6014026650636208,70,41,23363,23685,11345,5981,14977,20194,41598,29559,0,0,12372,9630,19444,3371,5983,674,118,0,0,259,39072,2633,6254,0,0,0,0,0
666,11952,667.2049409207161,99810,105,53,139,47,39373,20677,0.6016431219316701,66,40,23425,23731,11288,5956,14975,20171,41634,29613,0,0,12325,9599,19470,3367,5992,676,123,0,0,266,39107,2621,6264,0,0,0,0,0
667,11952,668.2756358847893,99810,107,56,139,47,39389,20689,0.6019236549443944,62,35,23488,23795,11227,5945,14975,20120,41670,29666,0,0,12280,9566,19500,3357,6006,679,129,0,0,274,39138,2616,6265,0,0,0,0,0
668,11952,669.3435744384434,99810,105,52,139,47,39406,20696,0.6021641118124437,58,36,23528,23852,11201,5928,14967,20083,41706,29719,0,0,12225,9535,19523,3354,6015,682,137,0,0,283,39176,2607,6273,0,0,0,0,0
669,11952,670.4092519072927,99810,106,58,139,47,39425,20708,0.602474701933674,55,35,23571,23905,11149,5909,14978,20044,41741,29772,0,0,12186,9493,19557,3350,6026,684,142,0,0,293,39200,2601,6278,0,0,0,0,0
670,11952,671.4732017033658,99810,98,64,139,47,39438,20723,0.6027552349463982,57,26,23622,23970,11102,5893,14980,19998,41776,29824,0,0,12146,9458,19586,3343,6039,687,145,0,0,308,39222,2593,6283,0,0,0,0,0
671,11952,672.004354669382,99809,96,60,139,48,39442,20725,0.6028213888527086,63,28,23627,23992,11070,5879,15003,19991,41811,29876,0,0,12105,9431,19608,3332,6054,689,145,0,0,311,39260,2584,6290,0,0,0,0,0
672,11952,673.0658617573793,99809,94,54,139,48,39459,20730,0.6030418098568265,65,29,23685,24060,11010,5857,15005,19950,41845,29928,0,0,12070,9400,19629,3321,6074,694,148,0,0,321,39282,2574,6296,0,0,0,0,0
673,11952,674.1251930979947,99809,95,57,139,48,39469,20740,0.6032421925878427,70,26,23755,24111,10949,5839,14990,19917,41879,29979,0,0,12022,9372,19653,3319,6079,697,151,0,0,327,39321,2566,6302,0,0,0,0,0
674,11952,675.1811029962669,99809,96,51,139,48,39489,20747,0.6035127092747147,61,24,23806,24181,10904,5820,14992,19874,41913,30030,0,0,11978,9344,19674,3312,6097,698,153,0,0,343,39347,2557,6306,0,0,0,0,0
675,11952,676.2348049776625,99809,93,55,139,48,39498,20753,0.6036629963229769,63,20,23820,24197,10875,5807,15008,19871,41947,30081,0,0,11939,9314,19697,3302,6114,698,155,0,0,348,39379,2549,6314,0,0,0,0,0
676,11952,677.025403497671,99809,94,48,139,48,39516,20759,0.6039034556001964,58,20,23879,24262,10833,5787,14995,19833,41980,30131,0,0,11895,9284,19717,3295,6129,700,160,0,0,360,39406,2541,6322,0,0,0,0,0
677,11952,678.075991903887,99809,94,42,139,48,39528,20761,0.6040437235119077,61,28,23937,24305,10785,5780,14982,19795,42013,30181,0,0,11853,9257,19741,3288,6137,704,163,0,0,368,39437,2531,6330,0,0,0,0,0
678,11952,679.1240652399314,99809,94,46,139,48,39542,20771,0.6042841827891272,63,21,23988,24366,10738,5759,14976,19758,42046,30231,0,0,11811,9229,19764,3282,6149,704,163,0,0,380,39467,2523,6337,0,0,0,0,0
679,11952,680.1696646537579,99809,101,45,139,48,39561,20775,0.604514622929796,60,22,24038,24432,10692,5744,14968,19707,42078,30280,0,0,11768,9200,19787,3278,6160,704,165,0,0,388,39500,2517,6342,0,0,0,0,0
680,11952,681.213075428572,99809,101,45,139,48,39576,20782,0.6047350439339138,65,23,24100,24484,10637,5725,14956,19673,42110,30329,0,0,11732,9167,19813,3267,6176,706,169,0,0,397,39523,2512,6347,0,0,0,0,0
681,11952,682.2538371975834,99809,115,42,139,48,39601,20786,0.6050255988938873,58,32,24155,24529,10589,5702,14942,19645,42142,30378,0,0,11689,9137,19837,3260,6187,709,174,0,0,401,39557,2507,6351,0,0,0,0,0
682,11952,683.2921123806874,99809,116,45,139,48,39619,20791,0.605256039034556,53,33,24205,24592,10557,5667,14928,19613,42174,30426,0,0,11647,9115,19854,3253,6201,709,178,0,0,407,39589,2493,6363,0,0,0,0,0
683,11952,684.3281897086459,99809,117,51,139,48,39634,20805,0.6055465939945296,55,24,24261,24653,10506,5649,14920,19573,42205,30474,0,0,11605,9089,19874,3241,6219,710,183,0,0,416,39617,2489,6366,0,0,0,0,0
684,11952,685.3621306779177,99809,106,50,139,48,39645,20814,0.6057469767255458,60,26,24330,24699,10469,5635,14894,19540,42236,30522,0,0,11562,9063,19891,3236,6232,714,186,0,0,431,39642,2483,6369,0,0,0,0,0
685,11952,686.3932770308463,99808,118,48,140,48,39670,20820,0.6060636421930106,58,27,24366,24756,10423,5622,14893,19497,42267,30569,0,0,11529,9037,19914,3223,6243,720,187,0,0,440,39665,2475,6375,0,0,0,0,0
686,11952,687.4224359256019,99808,119,49,140,48,39686,20825,0.6062740461686438,62,32,24410,24815,10381,5592,14886,19462,42297,30616,0,0,11488,9007,19939,3219,6250,724,193,0,0,444,39696,2469,6379,0,0,0,0,0
687,11952,688.4495372927987,99808,119,44,140,48,39701,20829,0.6064644116704072,63,34,24454,24884,10345,5577,14877,19411,42327,30663,0,0,11453,8974,19967,3214,6263,725,193,0,0,456,39719,2463,6381,0,0,0,0,0
688,11952,689.4750437850715,99808,116,46,140,48,39718,20835,0.6066948541199102,62,35,24500,24946,10309,5549,14871,19374,42357,30710,0,0,11412,8950,19981,3207,6279,727,199,0,0,461,39749,2452,6391,0,0,0,0,0
689,11952,690.4983968952913,99808,122,45,140,48,39738,20844,0.6069854119910227,55,33,24548,25003,10267,5538,14866,19331,42387,30756,0,0,11375,8922,20003,3204,6287,731,202,0,0,471,39773,2443,6397,0,0,0,0,0
690,11952,691.0092886781142,99808,113,46,140,48,39741,20849,0.6070655658865021,58,32,24545,25017,10259,5529,14883,19326,42416,30802,0,0,11327,8898,20022,3200,6295,732,205,0,0,477,39812,2440,6400,0,0,0,0,0
691,11952,692.0307163937548,99808,114,46,140,48,39757,20855,0.6072859890990702,61,36,24606,25083,10215,5504,14862,19281,42445,30848,0,0,11295,8863,20047,3195,6310,732,207,0,0,484,39835,2433,6407,0,0,0,0,0
692,11952,693.0499907594891,99808,113,45,140,48,39772,20865,0.607536470022443,59,36,24647,25130,10186,5495,14853,19244,42474,30893,0,0,11255,8832,20070,3194,6320,735,211,0,0,492,39863,2427,6409,0,0,0,0,0
693,11952,694.0673592104722,99808,106,46,140,48,39784,20869,0.6076967778134017,63,40,24684,25190,10156,5473,14849,19201,42503,30938,0,0,11219,8806,20088,3190,6331,739,214,0,0,498,39890,2418,6415,0,0,0,0,0
694,11952,695.0830426612811,99808,104,47,140,48,39797,20880,0.6079372394998397,66,30,24731,25239,10123,5463,14834,19171,42531,30983,0,0,11182,8781,20107,3183,6345,741,217,0,0,508,39914,2410,6420,0,0,0,0,0
695,11952,696.09702093851,99808,111,51,140,48,39819,20889,0.608247835844822,53,23,24789,25292,10085,5446,14820,19138,42559,31027,0,0,11152,8752,20132,3180,6354,742,218,0,0,519,39932,2399,6428,0,0,0,0,0
696,11952,697.108931280054,99808,118,55,140,48,39828,20897,0.6084181628727157,51,16,24789,25300,10060,5438,14840,19141,42587,31071,0,0,11111,8732,20149,3170,6367,742,218,0,0,522,39970,2398,6429,0,0,0,0,0
697,11952,698.3268091571917,99808,113,40,140,48,39848,20901,0.6086586245591535,54,28,24883,25408,10003,5423,14805,19051,42615,31115,0,0,11073,8705,20162,3169,6380,747,221,0,0,542,39985,2390,6434,0,0,0,0,0
698,11952,699.3347467327017,99807,109,50,141,48,39865,20913,0.6089552836975363,48,30,24946,25456,9968,5398,14786,19016,42642,31159,0,0,11040,8676,20182,3167,6385,754,223,0,0,548,40010,2383,6439,0,0,0,0,0
699,11952,700.3402540230537,99807,99,46,141,48,39876,20919,0.6091256124319937,53,31,24996,25512,9937,5378,14772,18983,42669,31202,0,0,11008,8651,20199,3162,6400,755,225,0,0,562,40026,2371,6448,0,0,0,0,0
700,11952,701.3437337203868,99807,105,44,141,48,39891,20924,0.6093259991784143,45,31,25045,25571,9901,5357,14761,18947,42696,31245,0,0,10980,8625,20222,3156,6408,757,222,0,0,575,40043,2365,6454,0,0,0,0,0
701,11952,702.3454071905754,99807,103,47,141,48,39903,20934,0.6095464245994769,51,27,25080,25633,9867,5341,14756,18902,42723,31288,0,0,10949,8603,20236,3148,6423,761,223,0,0,582,40066,2357,6459,0,0,0,0,0
702,11952,703.3453698639506,99806,94,51,142,48,39913,20942,0.6097328817906739,52,23,25127,25682,9832,5325,14751,18869,42749,31331,0,0,10925,8577,20258,3143,6434,764,223,0,0,593,40079,2343,6467,0,0,0,0,0
703,11952,704.3436543652406,99806,95,48,142,48,39927,20948,0.609933270544857,57,26,25151,25748,9803,5314,14750,18814,42775,31373,0,0,10885,8555,20273,3141,6441,766,225,0,0,605,40105,2338,6472,0,0,0,0,0
704,11952,705.3408271211475,99806,97,48,142,48,39939,20955,0.610123639861331,58,26,25211,25791,9761,5303,14729,18782,42801,31415,0,0,10859,8520,20305,3137,6445,771,229,0,0,609,40123,2333,6475,0,0,0,0,0
705,11952,706.3357997817582,99806,101,46,142,48,39954,20962,0.6103440674909324,54,24,25250,25852,9729,5289,14722,18739,42827,31457,0,0,10827,8493,20327,3133,6456,771,229,0,0,621,40143,2327,6479,0,0,0,0,0
706,11952,707.329092523637,99806,102,47,142,48,39965,20966,0.6104943590565698,68,25,25295,25901,9686,5265,14705,18712,42853,31498,0,0,10797,8469,20348,3127,6465,772,232,0,0,627,40164,2318,6487,0,0,0,0,0
707,11952,708.3205343917471,99806,108,47,142,48,39983,20974,0.6107548644370078,61,22,25348,25952,9646,5258,14693,18671,42878,31539,0,0,10771,8447,20364,3121,6474,776,234,0,0,637,40178,2307,6497,0,0,0,0,0
708,11952,709.3099239261786,99806,104,47,142,48,39994,20983,0.6109552531911909,62,20,25399,26014,9614,5243,14677,18626,42903,31580,0,0,10737,8422,20382,3113,6488,777,241,0,0,646,40196,2301,6503,0,0,0,0,0
709,11952,710.1556189417429,99806,104,48,142,48,40005,20986,0.611095525319119,53,19,25407,26039,9593,5231,14699,18613,42928,31621,0,0,10708,8395,20405,3106,6500,778,242,0,0,650,40220,2296,6506,0,0,0,0,0
710,11952,711.218052367391,99805,96,53,143,48,40019,20994,0.6113220780522018,61,21,25497,26118,9543,5196,14658,18562,42953,31661,0,0,10674,8372,20424,3103,6509,780,249,0,0,658,40238,2286,6512,0,0,0,0,0
711,11952,712.1695402369722,99805,90,50,143,48,40030,20998,0.6114723711236912,63,20,25548,26178,9510,5174,14644,18528,42977,31701,0,0,10645,8346,20439,3100,6521,784,250,0,0,665,40259,2280,6516,0,0,0,0,0
712,11952,713.2470983180737,99805,92,51,143,48,40045,21005,0.6116928009618756,62,23,25600,26255,9481,5150,14620,18471,43001,31741,0,0,10615,8325,20458,3095,6531,786,254,0,0,671,40277,2270,6523,0,0,0,0,0
713,11952,714.2267250181748,99805,95,52,143,48,40060,21014,0.6119332698762587,65,17,25622,26306,9461,5135,14612,18440,43025,31781,0,0,10577,8303,20472,3096,6543,786,252,0,0,680,40308,2267,6521,0,0,0,0,0
714,11952,715.0490303239278,99805,97,54,143,48,40066,21016,0.612013426181053,65,19,25623,26313,9441,5124,14629,18440,43049,31820,0,0,10543,8281,20494,3094,6544,787,253,0,0,682,40339,2261,6527,0,0,0,0,0
715,11952,716.3405225299293,99805,84,48,143,48,40084,21025,0.612283953709734,57,24,25719,26416,9409,5096,14586,18366,43073,31859,0,0,10511,8258,20505,3089,6569,787,258,0,0,699,40349,2251,6529,0,0,0,0,0
716,11952,717.3158753414028,99805,83,45,143,48,40098,21028,0.612454285857422,55,27,25752,26474,9385,5088,14580,18316,43096,31898,0,0,10487,8224,20532,3093,6574,788,257,0,0,711,40362,2245,6532,0,0,0,0,0
717,11952,718.2898752329136,99805,77,48,143,48,40108,21038,0.6126546766194079,57,25,25803,26538,9356,5067,14562,18272,43119,31937,0,0,10453,8198,20552,3090,6582,790,262,0,0,720,40382,2241,6535,0,0,0,0,0
718,11952,719.262071320096,99805,70,42,143,48,40117,21039,0.6127548720004008,58,30,25850,26588,9331,5055,14546,18235,43142,31975,0,0,10424,8170,20576,3089,6590,792,266,0,0,728,40399,2234,6537,0,0,0,0,0
719,11952,720.2324354864899,99805,77,40,143,48,40133,21043,0.6129552627623867,52,30,25911,26649,9297,5043,14518,18188,43165,32013,0,0,10394,8149,20590,3082,6604,794,265,0,0,733,40425,2232,6537,0,0,0,0,0
720,11952,721.2006270113943,99805,78,47,143,48,40143,21050,0.6131255949100747,55,36,25958,26702,9266,5017,14498,18148,43188,32051,0,0,10361,8132,20603,3079,6609,796,266,0,0,736,40454,2225,6544,0,0,0,0,0
721,11952,722.1670561552476,99805,87,49,143,48,40158,21056,0.6133360052101599,52,37,25990,26738,9224,5003,14502,18123,43211,32089,0,0,10335,8109,20622,3075,6616,797,265,0,0,742,40475,2218,6551,0,0,0,0,0
722,11952,723.1320002754957,99805,92,52,143,48,40172,21065,0.6135664545864435,48,35,26035,26802,9190,4980,14490,18081,43233,32126,0,0,10307,8087,20638,3071,6628,797,266,0,0,748,40496,2212,6555,0,0,0,0,0
723,11952,724.095459229187,99805,96,55,143,48,40185,21073,0.6137768648865287,50,37,26090,26836,9143,4968,14476,18054,43255,32163,0,0,10278,8063,20658,3067,6636,798,269,0,0,753,40517,2207,6559,0,0,0,0,0
724,11952,725.0569318758239,99805,95,55,143,48,40192,21081,0.6139271579580181,55,35,26129,26886,9111,4958,14465,18016,43277,32200,0,0,10252,8036,20679,3065,6645,798,271,0,0,760,40534,2201,6564,0,0,0,0,0
725,11952,726.0166376208057,99805,97,63,143,48,40206,21095,0.6142077050247984,61,26,26165,26937,9076,4943,14456,17981,43299,32237,0,0,10215,8016,20692,3065,6649,801,275,0,0,766,40561,2197,6568,0,0,0,0,0
726,11952,727.4534219396619,99805,97,56,143,48,40220,21103,0.6144281348629829,69,27,26242,27035,9029,4928,14418,17904,43321,32273,0,0,10190,7993,20706,3060,6661,804,277,0,0,779,40571,2190,6574,0,0,0,0,0
727,11952,728.408958756052,99805,100,53,143,48,40233,21108,0.6146084865487701,73,29,26277,27093,9000,4916,14405,17859,43342,32309,0,0,10162,7975,20721,3052,6670,807,281,0,0,789,40585,2186,6577,0,0,0,0,0
728,11952,729.3631440252065,99805,104,53,143,48,40255,21113,0.614879014077451,64,28,26307,27131,8974,4905,14406,17833,43363,32345,0,0,10139,7952,20731,3050,6686,810,282,0,0,793,40603,2179,6580,0,0,0,0,0
729,11952,730.3162985825915,99804,105,56,144,48,40276,21122,0.6151857640976314,58,25,26341,27182,8946,4886,14404,17801,43384,32381,0,0,10110,7922,20756,3052,6692,811,287,0,0,803,40617,2174,6580,0,0,0,0,0
730,11952,731.2680924628188,99804,111,49,144,48,40291,21132,0.6154362550599174,54,21,26407,27247,8906,4879,14376,17754,43405,32417,0,0,10085,7902,20768,3047,6707,814,289,0,0,812,40631,2166,6583,0,0,0,0,0
731,11952,732.2178276794508,99804,103,47,144,48,40303,21137,0.615606588914272,51,20,26452,27300,8888,4861,14360,17722,43426,32452,0,0,10058,7881,20783,3039,6722,815,290,0,0,827,40642,2164,6583,0,0,0,0,0
732,11952,733.1134480697929,99804,101,46,144,48,40308,21141,0.615696765660695,53,21,26479,27334,8865,4842,14356,17707,43447,32487,0,0,10035,7860,20801,3033,6732,816,291,0,0,832,40659,2157,6588,0,0,0,0,0
733,11952,734.3052073196519,99804,99,45,144,48,40325,21151,0.6159672958999639,62,26,26551,27430,8829,4826,14313,17623,43467,32522,0,0,10008,7840,20814,3025,6749,817,294,0,0,847,40668,2154,6588,0,0,0,0,0
734,11952,735.2497307576065,99804,87,43,144,48,40332,21157,0.6160975512003527,67,24,26575,27493,8813,4815,14312,17575,43487,32557,0,0,9980,7817,20829,3022,6762,821,296,0,0,854,40687,2151,6585,0,0,0,0,0
735,11952,736.1932495967845,99804,87,46,144,48,40343,21163,0.6162678850547072,67,26,26619,27541,8782,4804,14299,17533,43507,32591,0,0,9948,7802,20839,3021,6765,824,299,0,0,859,40711,2144,6592,0,0,0,0,0
736,11952,737.1353955321291,99804,79,42,144,48,40351,21166,0.6163781010781131,74,28,26665,27595,8757,4783,14279,17502,43527,32625,0,0,9920,7784,20851,3018,6777,825,299,0,0,869,40728,2138,6595,0,0,0,0,0
737,11952,738.0760144638081,99804,82,47,144,48,40365,21174,0.6165985331249249,69,21,26704,27645,8731,4770,14268,17467,43547,32659,0,0,9895,7764,20867,3015,6785,825,300,0,0,876,40744,2131,6602,0,0,0,0,0
738,11952,739.0151914564105,99804,90,45,144,48,40382,21179,0.6168189651717366,66,19,26738,27700,8704,4757,14256,17429,43567,32693,0,0,9869,7747,20877,3008,6798,826,300,0,0,883,40763,2126,6607,0,0,0,0,0
739,11952,740.4216483520033,99804,92,44,144,48,40401,21185,0.6170694561340226,68,30,26796,27774,8671,4733,14227,17369,43586,32727,0,0,9839,7732,20887,3006,6808,827,302,0,0,894,40780,2118,6611,0,0,0,0,0
740,11952,741.3574418260565,99804,100,47,144,48,40419,21195,0.6173500060117831,67,26,26826,27830,8643,4719,14218,17328,43605,32760,0,0,9816,7710,20908,3003,6815,827,304,0,0,905,40790,2112,6614,0,0,0,0,0
741,11952,742.292108456253,99804,98,51,144,48,40435,21204,0.6176004969740692,71,22,26867,27883,8626,4707,14192,17287,43624,32793,0,0,9784,7695,20913,2999,6830,828,305,0,0,914,40812,2110,6614,0,0,0,0,0
742,11952,743.2253591795237,99804,103,50,144,48,40451,21209,0.6178109093823895,66,23,26904,27924,8600,4697,14181,17256,43643,32826,0,0,9748,7683,20920,2995,6837,830,307,0,0,922,40838,2108,6616,0,0,0,0,0
743,11952,744.1573434106192,99804,106,44,144,48,40470,21212,0.6180313414292012,59,23,26944,27974,8575,4688,14170,17221,43662,32859,0,0,9724,7663,20932,2993,6843,835,310,0,0,933,40848,2102,6621,0,0,0,0,0
744,11952,745.0880814822851,99804,112,43,144,48,40487,21217,0.618251773476013,65,19,26972,28040,8552,4679,14153,17169,43681,32892,0,0,9693,7644,20944,2995,6848,838,312,0,0,938,40872,2099,6621,0,0,0,0,0
745,11952,746.0174147820314,99804,112,47,144,48,40503,21226,0.618502264438299,60,17,27001,28091,8541,4671,14140,17124,43700,32924,0,0,9665,7631,20950,2991,6864,839,311,0,0,945,40894,2094,6620,0,0,0,0,0
746,11952,747.092524886701,99804,106,48,144,48,40511,21229,0.6186124804617049,60,17,27020,28128,8527,4653,14141,17104,43718,32956,0,0,9641,7608,20968,2989,6870,840,311,0,0,953,40910,2091,6623,0,0,0,0,0
747,11952,748.1804603921704,99804,110,43,144,48,40536,21234,0.6189130696164482,58,20,27091,28219,8491,4630,14104,17038,43736,32988,0,0,9606,7590,20976,2989,6881,841,316,0,0,965,40928,2088,6624,0,0,0,0,0
748,11952,749.0572447644399,99804,107,42,144,48,40546,21237,0.619043324916837,58,29,27138,28278,8461,4610,14090,16991,43754,33020,0,0,9596,7563,20997,2980,6897,841,317,0,0,973,40929,2082,6629,0,0,0,0,0
749,11952,750.4426429730856,99804,115,43,144,48,40572,21247,0.6194040319025289,62,34,27222,28350,8418,4591,14037,16932,43772,33052,0,0,9573,7542,21012,2976,6904,845,322,0,0,985,40935,2076,6634,0,0,0,0,0
750,11952,751.3638434074606,99804,116,44,144,48,40587,21254,0.6196244639493407,60,32,27259,28396,8400,4571,14019,16907,43790,33083,0,0,9556,7520,21028,2973,6911,848,320,0,0,1000,40939,2074,6635,0,0,0,0,0
751,11952,752.2834585098839,99804,115,46,144,48,40601,21262,0.6198448959961524,61,33,27305,28450,8373,4559,14000,16862,43808,33114,0,0,9534,7501,21040,2975,6922,849,323,0,0,1003,40955,2062,6640,0,0,0,0,0
752,11952,753.2017214370308,99804,110,50,144,48,40610,21271,0.6200252494889984,61,32,27342,28495,8351,4546,13990,16827,43826,33145,0,0,9510,7478,21055,2972,6932,851,326,0,0,1009,40970,2061,6640,0,0,0,0,0
753,11952,754.11867520393,99804,115,44,144,48,40626,21277,0.6202456815358102,63,35,27372,28560,8321,4530,13983,16781,43843,33176,0,0,9486,7459,21071,2972,6934,855,329,0,0,1022,40978,2057,6641,0,0,0,0,0
754,11952,755.03448284893,99804,120,45,144,48,40647,21284,0.6205262314135706,54,32,27420,28614,8296,4515,13964,16744,43860,33207,0,0,9460,7442,21083,2971,6943,857,330,0,0,1031,40994,2052,6641,0,0,0,0,0
755,11952,756.4053790154533,99804,120,47,144,48,40663,21298,0.6208268205683138,50,26,27493,28702,8261,4498,13930,16677,43877,33237,0,0,9438,7425,21096,2965,6953,861,333,0,0,1043,41001,2046,6643,0,0,0,0,0
756,11952,757.3174902378526,99804,118,48,144,48,40674,21303,0.620987134784177,50,32,27531,28747,8242,4489,13913,16634,43894,33267,0,0,9405,7417,21103,2963,6959,863,335,0,0,1048,41027,2038,6646,0,0,0,0,0
757,11952,758.2282379785289,99804,118,47,144,48,40687,21310,0.6211875275540059,52,33,27561,28793,8225,4486,13898,16591,43911,33297,0,0,9384,7399,21113,2958,6971,864,337,0,0,1058,41036,2033,6651,0,0,0,0,0
758,11952,759.1376433242622,99804,119,49,144,48,40701,21314,0.6213678810468518,49,34,27607,28851,8203,4475,13876,16541,43928,33327,0,0,9358,7385,21122,2954,6980,865,337,0,0,1065,41055,2030,6653,0,0,0,0,0
759,11952,760.045778114949,99804,117,51,144,48,40714,21321,0.6215682738166807,53,39,27633,28898,8188,4457,13863,16505,43945,33357,0,0,9338,7362,21136,2954,6991,866,339,0,0,1069,41069,2023,6657,0,0,0,0,0
760,11952,761.4061014357922,99804,126,58,144,48,40736,21333,0.6219089415253898,46,40,27686,28984,8158,4433,13838,16435,43961,33386,0,0,9320,7340,21146,2956,7001,867,340,0,0,1071,41084,2015,6664,0,0,0,0,0
761,11952,762.3113836080049,99804,124,62,144,48,40755,21344,0.6222095306801331,45,34,27708,29029,8149,4423,13828,16402,43977,33415,0,0,9300,7318,21156,2953,7017,868,342,0,0,1080,41093,2011,6666,0,0,0,0,0
762,11952,763.2160349721311,99804,113,60,144,48,40761,21353,0.6223598252575047,53,32,27766,29079,8125,4411,13797,16368,43993,33444,0,0,9278,7302,21168,2945,7026,871,345,0,0,1095,41097,2008,6669,0,0,0,0,0
763,11952,764.1190948566384,99804,112,60,144,48,40776,21360,0.6225802573043164,52,29,27798,29127,8097,4404,13795,16330,44009,33473,0,0,9255,7288,21174,2937,7041,872,345,0,0,1105,41110,2004,6673,0,0,0,0,0
764,11952,765.0209122818912,99804,110,57,144,48,40788,21365,0.622750591158671,59,27,27838,29169,8074,4399,13773,16298,44025,33502,0,0,9230,7275,21184,2930,7052,874,347,0,0,1114,41124,1999,6675,0,0,0,0,0
765,11952,766.3713110997985,99804,118,59,144,48,40813,21379,0.6231413570598373,62,21,27875,29234,8050,4389,13749,16247,44041,33531,0,0,9208,7259,21190,2927,7066,877,346,0,0,1126,41134,1996,6675,0,0,0,0,0
766,11952,767.2704988798937,99804,116,58,144,48,40822,21385,0.6232916516372089,62,30,27923,29274,8028,4382,13725,16206,44057,33559,0,0,9188,7241,21207,2924,7070,878,349,0,0,1138,41139,1991,6679,0,0,0,0,0
767,11952,768.1683398477305,99804,121,57,144,48,40836,21394,0.6235221033225121,61,28,27953,29304,8008,4382,13711,16179,44073,33587,0,0,9169,7225,21219,2918,7079,879,352,0,0,1149,41144,1985,6685,0,0,0,0,0
768,11952,769.0650365728122,99804,124,66,144,48,40850,21406,0.6237826139232896,62,27,27971,29346,7998,4370,13699,16141,44088,33615,0,0,9144,7214,21227,2915,7086,880,354,0,0,1155,41161,1979,6689,0,0,0,0,0
769,11952,770.4084020976047,99804,116,59,144,48,40865,21422,0.6240932227165243,66,26,28036,29403,7986,4370,13650,16092,44103,33643,0,0,9122,7195,21234,2914,7102,882,356,0,0,1179,41157,1976,6687,0,0,0,0,0
770,11952,771.3023623774832,99804,120,56,144,48,40879,21428,0.6242936154863532,64,27,28080,29446,7963,4364,13627,16057,44118,33671,0,0,9100,7178,21244,2911,7113,883,356,0,0,1187,41171,1974,6687,0,0,0,0,0
771,11952,772.1951056141216,99803,115,54,145,48,40891,21434,0.6244802260453093,64,32,28101,29482,7950,4359,13623,16023,44133,33699,0,0,9079,7158,21259,2911,7117,885,359,0,0,1200,41175,1969,6691,0,0,0,0,0
772,11952,773.086936395542,99803,109,54,145,48,40899,21439,0.6246104826508221,68,30,28130,29538,7928,4349,13618,15979,44148,33726,0,0,9061,7143,21266,2908,7125,888,359,0,0,1206,41187,1962,6698,0,0,0,0,0
773,11952,774.4229728407093,99803,114,56,145,48,40927,21452,0.6250212919451319,58,30,28181,29604,7912,4343,13588,15917,44163,33753,0,0,9044,7131,21274,2900,7140,891,359,0,0,1225,41184,1956,6699,0,0,0,0,0
774,11952,775.3124469265765,99803,111,55,145,48,40939,21458,0.6252016472450728,62,33,28210,29663,7899,4335,13571,15864,44178,33780,0,0,9026,7115,21283,2893,7155,891,360,0,0,1237,41189,1953,6701,0,0,0,0,0
775,11952,776.2010089185062,99803,111,51,145,48,40956,21461,0.6254020420227849,58,37,28243,29703,7886,4329,13555,15830,44193,33807,0,0,9008,7094,21300,2892,7159,895,362,0,0,1248,41193,1950,6702,0,0,0,0,0
776,11952,777.0886387684797,99803,105,52,145,48,40966,21470,0.6255924170616114,56,36,28276,29746,7870,4322,13546,15794,44208,33834,0,0,8982,7081,21307,2886,7169,898,367,0,0,1256,41206,1948,6703,0,0,0,0,0
777,11952,778.418052694555,99803,104,50,145,48,40989,21482,0.6259431079226075,61,40,28336,29814,7843,4314,13509,15732,44222,33861,0,0,8958,7065,21313,2880,7182,903,370,0,0,1272,41211,1948,6701,0,0,0,0,0
778,11952,779.3026793727365,99803,94,54,145,48,40997,21490,0.6261034237447772,69,36,28366,29849,7824,4306,13500,15705,44236,33887,0,0,8942,7051,21322,2876,7191,905,369,0,0,1284,41216,1941,6706,0,0,0,0,0
779,11952,780.1864426615427,99803,101,53,145,48,41017,21498,0.6263839764335741,61,30,28399,29893,7815,4296,13477,15678,44250,33913,0,0,8922,7036,21330,2871,7206,905,371,0,0,1294,41224,1939,6705,0,0,0,0,0
780,11952,781.0692407173748,99803,101,50,145,48,41028,21503,0.6265442922557438,57,32,28434,29932,7803,4290,13458,15646,44264,33939,0,0,8900,7028,21330,2868,7217,907,369,0,0,1303,41238,1935,6708,0,0,0,0,0
781,11952,782.3913174346288,99803,100,52,145,48,41044,21516,0.6268348646834263,63,27,28497,30012,7775,4281,13418,15578,44278,33965,0,0,8877,7014,21335,2866,7225,912,371,0,0,1315,41247,1934,6707,0,0,0,0,0
782,11952,783.2711458474245,99803,104,50,145,48,41058,21523,0.6270452792000241,60,25,28541,30063,7749,4272,13399,15540,44292,33991,0,0,8856,7002,21340,2859,7242,912,374,0,0,1321,41259,1932,6706,0,0,0,0,0
783,11952,784.1497835483418,99803,104,49,145,48,41072,21528,0.6272356542388505,57,25,28562,30109,7736,4264,13394,15503,44306,34017,0,0,8837,6989,21347,2853,7254,913,376,0,0,1331,41266,1928,6709,0,0,0,0,0
784,11952,785.0273834675345,99803,100,47,145,48,41085,21530,0.6273859503221346,51,28,28599,30150,7728,4247,13375,15478,44320,34042,0,0,8823,6972,21361,2847,7264,915,374,0,0,1342,41270,1925,6710,0,0,0,0,0
785,11952,786.3419346634709,99803,105,53,145,48,41112,21543,0.6277867398775588,48,25,28653,30220,7713,4230,13334,15422,44334,34067,0,0,8799,6960,21362,2847,7277,917,375,0,0,1353,41282,1921,6710,0,0,0,0,0
786,11952,787.2169627110792,99803,110,53,145,48,41126,21551,0.6280071741330421,53,20,28694,30272,7694,4220,13302,15385,44348,34092,0,0,8779,6943,21376,2843,7284,918,380,0,0,1360,41289,1919,6712,0,0,0,0,0
787,11952,788.3758350766881,99803,108,52,145,48,41142,21556,0.6282175886496398,54,24,28759,30339,7660,4203,13272,15332,44361,34117,0,0,8754,6934,21381,2843,7287,921,383,0,0,1370,41301,1912,6717,0,0,0,0,0
788,11952,789.247580200208,99803,104,49,145,48,41150,21561,0.6283478452551526,60,21,28783,30387,7648,4197,13258,15296,44374,34142,0,0,8735,6920,21389,2841,7297,923,384,0,0,1377,41311,1909,6717,0,0,0,0,0
789,11952,790.1185550119991,99803,99,48,145,48,41157,21565,0.6284580623828943,63,21,28824,30444,7628,4190,13239,15247,44387,34167,0,0,8719,6904,21401,2836,7307,925,385,0,0,1382,41321,1906,6717,0,0,0,0,0
790,11952,791.4231601126472,99803,107,51,145,48,41182,21574,0.6287987335050048,60,24,28845,30504,7617,4173,13224,15198,44400,34192,0,0,8701,6890,21413,2831,7314,928,391,0,0,1393,41322,1901,6719,0,0,0,0,0
791,11952,792.2920920664869,99803,112,51,145,48,41197,21582,0.6290291874993738,58,26,28881,30548,7591,4164,13211,15161,44413,34216,0,0,8683,6874,21423,2828,7326,928,393,0,0,1399,41331,1899,6719,0,0,0,0,0
792,11952,793.1601780671572,99803,102,50,145,48,41205,21588,0.6291694638437723,58,23,28908,30581,7585,4160,13200,15136,44426,34240,0,0,8668,6858,21428,2827,7337,931,394,0,0,1410,41334,1896,6720,0,0,0,0,0
793,11952,794.0273901479335,99803,103,46,145,48,41215,21594,0.629329779665942,53,21,28943,30620,7569,4158,13185,15105,44439,34264,0,0,8650,6844,21435,2827,7345,932,394,0,0,1419,41343,1891,6723,0,0,0,0,0
794,11952,795.3262538937814,99803,100,42,145,48,41228,21599,0.6295101349658828,57,23,29014,30688,7546,4145,13136,15052,44452,34288,0,0,8634,6832,21444,2825,7353,934,397,0,0,1429,41346,1881,6728,0,0,0,0,0
795,11952,796.1905223671653,99803,100,41,145,48,41240,21604,0.6296804705269381,55,27,29046,30728,7529,4142,13123,15012,44465,34312,0,0,8618,6821,21449,2818,7364,937,397,0,0,1436,41355,1877,6731,0,0,0,0,0
796,11952,797.0536638844094,99803,93,43,145,48,41247,21611,0.6298207468713365,58,25,29078,30768,7516,4128,13108,14986,44478,34336,0,0,8598,6807,21456,2816,7374,939,399,0,0,1441,41368,1874,6731,0,0,0,0,0
797,11952,798.3467634455035,99803,95,42,145,48,41262,21620,0.630061220604591,63,21,29137,30844,7486,4115,13072,14928,44491,34360,0,0,8579,6796,21462,2816,7384,940,399,0,0,1451,41376,1867,6733,0,0,0,0,0
798,11952,799.2073386541124,99803,94,42,145,48,41273,21624,0.6302115166878751,59,24,29165,30896,7476,4099,13059,14889,44503,34383,0,0,8562,6783,21470,2814,7389,942,402,0,0,1459,41382,1863,6737,0,0,0,0,0
799,11952,800.0670169240534,99803,103,40,145,48,41289,21627,0.6304018917267016,56,28,29209,30947,7452,4093,13033,14842,44515,34406,0,0,8546,6770,21480,2809,7396,944,402,0,0,1465,41392,1862,6737,0,0,0,0,0
800,11952,801.3541413182119,99803,99,42,145,48,41306,21635,0.6306523851988417,66,26,29267,31022,7426,4077,12995,14783,44527,34429,0,0,8527,6757,21490,2809,7406,946,403,0,0,1477,41397,1859,6732,0,0,0,0,0
801,11952,802.210695292641,99803,102,41,145,48,41321,21640,0.6308527799765538,56,31,29298,31059,7415,4074,12982,14745,44539,34452,0,0,8516,6740,21499,2810,7415,947,403,0,0,1483,41401,1852,6737,0,0,0,0,0
802,11952,803.0664177729842,99803,110,40,145,48,41338,21647,0.6310932537098083,55,31,29332,31108,7394,4063,12962,14708,44551,34475,0,0,8503,6726,21508,2807,7424,948,402,0,0,1493,41404,1849,6739,0,0,0,0,0
803,11952,804.3480081192346,99803,109,42,145,48,41356,21654,0.6313437471819484,51,30,29388,31172,7381,4051,12924,14655,44563,34498,0,0,8486,6716,21511,2806,7431,953,402,0,0,1503,41411,1844,6740,0,0,0,0,0
804,11952,805.2010908003875,99803,104,47,145,48,41363,21664,0.6315140827430037,54,26,29424,31220,7366,4041,12905,14616,44575,34521,0,0,8466,6706,21516,2802,7443,953,404,0,0,1509,41423,1840,6741,0,0,0,0,0
805,11952,806.0531278524368,99803,113,46,145,48,41382,21667,0.631734516998487,48,31,29457,31260,7354,4031,12881,14582,44587,34543,0,0,8448,6695,21522,2799,7451,953,406,0,0,1515,41433,1835,6746,0,0,0,0,0
806,11952,807.3293587444354,99803,120,51,145,48,41402,21678,0.6320451289039407,51,30,29510,31315,7323,4016,12849,14538,44599,34565,0,0,8436,6679,21530,2799,7458,955,407,0,0,1523,41436,1829,6751,0,0,0,0,0
807,11952,808.1787115746573,99803,116,53,145,48,41412,21683,0.6321954249872248,54,30,29548,31358,7315,4006,12820,14503,44611,34587,0,0,8424,6665,21538,2796,7468,955,408,0,0,1532,41438,1823,6756,0,0,0,0,0
808,11952,809.0271256976292,99803,113,55,145,48,41422,21689,0.6323557408093945,64,31,29580,31400,7303,3994,12793,14470,44623,34609,0,0,8408,6652,21544,2792,7479,956,409,0,0,1538,41446,1821,6758,0,0,0,0,0
809,11952,810.2976925197061,99803,105,59,145,48,41440,21700,0.6326463132370771,61,30,29646,31454,7285,3984,12756,14423,44634,34631,0,0,8391,6637,21548,2793,7491,958,413,0,0,1550,41447,1815,6760,0,0,0,0,0
810,11952,811.143183199303,99803,106,55,145,48,41451,21707,0.632826668537018,62,25,29694,31497,7263,3982,12728,14391,44645,34653,0,0,8375,6627,21549,2790,7503,959,414,0,0,1559,41453,1810,6764,0,0,0,0,0
811,11952,812.4089702236995,99803,117,54,145,48,41476,21712,0.633127260703586,56,33,29748,31556,7241,3970,12691,14337,44656,34675,0,0,8362,6613,21558,2786,7514,959,416,0,0,1568,41454,1805,6768,0,0,0,0,0
812,11952,813.2515503241242,99803,118,54,145,48,41493,21721,0.6333877739146118,53,33,29787,31590,7223,3967,12672,14306,44667,34697,0,0,8341,6601,21564,2784,7520,961,418,0,0,1583,41458,1805,6768,0,0,0,0,0
813,11952,814.093109038054,99803,124,53,145,48,41506,21727,0.6335781489534382,50,40,29829,31627,7202,3963,12648,14267,44678,34718,0,0,8322,6593,21568,2782,7528,961,420,0,0,1589,41469,1800,6771,0,0,0,0,0
814,11952,815.3531544666837,99803,124,56,145,48,41525,21739,0.633888760858892,51,43,29877,31696,7187,3951,12614,14204,44689,34739,0,0,8305,6575,21581,2782,7536,962,426,0,0,1599,41469,1796,6772,0,0,0,0,0
815,11952,816.1919366784713,99803,120,55,145,48,41534,21751,0.6340991753754898,58,36,29904,31726,7172,3956,12599,14177,44700,34760,0,0,8285,6565,21586,2780,7544,964,428,0,0,1614,41472,1795,6770,0,0,0,0,0
816,11952,817.0300484099756,99803,119,59,145,48,41543,21762,0.6342995701532018,69,30,29938,31773,7153,3952,12574,14136,44711,34781,0,0,8276,6556,21588,2776,7556,965,428,0,0,1622,41473,1787,6776,0,0,0,0,0
817,11952,818.2852465017968,99803,110,54,145,48,41559,21768,0.6345200044086851,76,37,30002,31821,7130,3938,12535,14100,44722,34802,0,0,8255,6541,21592,2780,7563,968,432,0,0,1638,41474,1784,6776,0,0,0,0,0
818,11952,819.1205969261529,99803,119,49,145,48,41580,21773,0.6347805176197109,69,38,30039,31872,7108,3931,12518,14060,44733,34823,0,0,8238,6533,21596,2774,7574,970,434,0,0,1649,41478,1781,6776,0,0,0,0,0
819,11952,820.3718438182531,99803,114,54,145,48,41600,21784,0.6350911295251646,69,35,30086,31910,7099,3923,12485,14028,44744,34844,0,0,8221,6523,21597,2775,7587,972,437,0,0,1659,41482,1772,6778,0,0,0,0,0
820,11952,821.204812244651,99803,108,54,145,48,41612,21791,0.635281504563991,67,39,30111,31935,7094,3922,12473,14000,44755,34865,0,0,8202,6515,21595,2773,7598,975,437,0,0,1670,41490,1770,6778,0,0,0,0,0
821,11952,822.0370758622737,99803,107,53,145,48,41620,21800,0.6354518401250463,71,36,30131,31964,7084,3925,12460,13972,44766,34885,0,0,8186,6505,21595,2771,7609,976,438,0,0,1677,41498,1766,6782,0,0,0,0,0
822,11952,823.2842332417332,99803,110,55,145,48,41637,21814,0.6357624520305001,73,28,30186,32025,7063,3917,12421,13925,44777,34905,0,0,8167,6495,21599,2768,7621,978,443,0,0,1685,41504,1762,6781,0,0,0,0,0
823,11952,824.1143723166729,99803,119,55,145,48,41659,21819,0.6360329849804114,66,29,30227,32064,7052,3910,12389,13892,44787,34925,0,0,8152,6483,21605,2766,7630,980,444,0,0,1691,41511,1761,6780,0,0,0,0,0
824,11952,825.357566865764,99802,104,58,146,48,41671,21832,0.6362898539107432,73,30,30295,32114,7041,3905,12339,13843,44797,34945,0,0,8131,6473,21599,2767,7644,984,445,0,0,1703,41518,1759,6779,0,0,0,0,0
825,11952,826.1848532862864,99802,100,48,146,48,41680,21832,0.6363800324642793,76,39,30326,32145,7028,3903,12322,13815,44807,34965,0,0,8114,6463,21603,2763,7655,985,448,0,0,1713,41522,1756,6780,0,0,0,0,0
826,11952,827.0112666379731,99802,99,51,146,48,41691,21838,0.6365503697320695,78,39,30367,32171,7004,3898,12304,13791,44817,34985,0,0,8099,6453,21607,2758,7667,986,448,0,0,1717,41532,1756,6779,0,0,0,0,0
827,11952,828.2488103160788,99802,100,51,146,48,41712,21850,0.6368810244283681,81,41,30438,32215,6981,3896,12252,13747,44827,35005,0,0,8083,6439,21610,2761,7675,990,448,0,0,1730,41535,1753,6778,0,0,0,0,0
828,11952,829.0722272567044,99802,106,53,146,48,41727,21858,0.6371114807318491,77,35,30482,32248,6958,3890,12229,13724,44837,35025,0,0,8068,6432,21611,2754,7690,990,448,0,0,1736,41544,1751,6778,0,0,0,0,0
829,11952,830.3051559316585,99802,114,55,146,48,41757,21868,0.6375122743031202,74,35,30538,32305,6945,3883,12181,13672,44847,35045,0,0,8048,6420,21617,2754,7698,993,453,0,0,1745,41549,1748,6777,0,0,0,0,0
830,11952,831.1257318894901,99802,107,53,146,48,41766,21870,0.6376224925352197,80,41,30572,32337,6931,3875,12162,13644,44857,35064,0,0,8035,6402,21627,2755,7705,993,458,0,0,1752,41550,1744,6781,0,0,0,0,0
831,11952,832.3548410574846,99802,103,56,146,48,41779,21882,0.6378729885172642,86,41,30634,32397,6900,3860,12129,13596,44867,35083,0,0,8018,6391,21630,2753,7718,994,461,0,0,1759,41555,1742,6781,0,0,0,0,0
832,11952,833.1728148591154,99802,108,60,146,48,41799,21891,0.6381635638564357,75,39,30674,32431,6893,3850,12102,13570,44877,35102,0,0,7999,6385,21631,2747,7729,995,464,0,0,1768,41562,1740,6782,0,0,0,0,0
833,11952,834.397996678446,99802,100,62,146,48,41818,21905,0.6384942185527344,80,34,30706,32492,6895,3849,12071,13513,44887,35121,0,0,7981,6377,21628,2748,7743,997,465,0,0,1787,41560,1735,6781,0,0,0,0,0
834,11952,835.2140042058014,99802,98,60,146,48,41829,21909,0.638644516141961,86,33,30727,32533,6874,3838,12067,13486,44897,35140,0,0,7970,6365,21632,2744,7753,1000,466,0,0,1795,41562,1734,6781,0,0,0,0,0
835,11952,836.0294021127219,99802,104,63,146,48,41849,21920,0.6389551311596962,73,29,30763,32564,6860,3836,12052,13458,44907,35159,0,0,7958,6353,21640,2744,7758,1001,466,0,0,1810,41559,1729,6784,0,0,0,0,0
836,11952,837.2509357059761,99802,116,65,146,48,41873,21928,0.6392757660167131,70,31,30815,32602,6840,3826,12011,13426,44917,35178,0,0,7945,6342,21647,2741,7764,1004,466,0,0,1819,41562,1728,6784,0,0,0,0,0
837,11952,838.0640644137051,99802,115,65,146,48,41884,21938,0.6394861826416304,71,27,30851,32633,6823,3822,11992,13403,44926,35197,0,0,7925,6332,21652,2741,7771,1005,471,0,0,1826,41569,1725,6785,0,0,0,0,0
838,11952,839.2822393653626,99802,119,64,146,48,41909,21945,0.6398068174986473,70,32,30894,32680,6808,3816,11961,13358,44935,35216,0,0,7912,6321,21654,2739,7786,1007,472,0,0,1837,41570,1723,6781,0,0,0,0,0
839,11952,840.0932060876859,99802,114,61,146,48,41921,21951,0.6399871746057193,68,29,30933,32722,6791,3810,11946,13328,44944,35234,0,0,7894,6311,21661,2734,7795,1009,479,0,0,1846,41572,1721,6780,0,0,0,0,0
840,11952,841.3081246953491,99802,104,59,146,48,41940,21959,0.6402577102663273,68,31,30968,32773,6789,3801,11923,13286,44953,35252,0,0,7884,6297,21660,2732,7813,1012,480,0,0,1859,41567,1719,6779,0,0,0,0,0
841,11952,842.1173457589891,99802,103,56,146,48,41955,21965,0.6404681268912447,67,31,30985,32807,6784,3796,11913,13260,44962,35270,0,0,7869,6282,21663,2732,7827,1012,482,0,0,1867,41572,1719,6777,0,0,0,0,0
842,11952,843.3303406982592,99802,101,56,146,48,41972,21975,0.6407386625518526,61,30,31041,32866,6770,3782,11879,13216,44971,35288,0,0,7854,6268,21666,2733,7838,1014,486,0,0,1875,41575,1715,6778,0,0,0,0,0
843,11952,844.1379529865562,99802,99,53,146,48,41982,21979,0.6408789403017976,68,34,31073,32901,6753,3777,11859,13185,44980,35306,0,0,7842,6253,21676,2736,7840,1015,487,0,0,1886,41574,1712,6781,0,0,0,0,0
844,11952,845.3476066746857,99802,106,58,146,48,42005,21995,0.6412697140337869,68,30,31100,32959,6752,3771,11826,13132,44989,35324,0,0,7833,6239,21686,2734,7848,1015,486,0,0,1905,41564,1710,6782,0,0,0,0,0
845,11952,846.1533318104847,99802,103,55,146,48,42020,22002,0.641490150497986,65,30,31130,32987,6747,3777,11807,13101,44998,35342,0,0,7815,6228,21689,2735,7855,1017,488,0,0,1919,41566,1709,6781,0,0,0,0,0
846,11952,847.3606929736422,99802,100,52,146,48,42036,22010,0.6417306266407486,64,32,31180,33057,6730,3766,11778,13043,45007,35360,0,0,7794,6223,21690,2730,7872,1018,494,0,0,1928,41571,1707,6775,0,0,0,0,0
847,11952,848.1644772492402,99802,97,53,146,48,42044,22017,0.6418809242299753,62,34,31226,33092,6710,3757,11757,13014,45016,35378,0,0,7780,6217,21690,2726,7879,1022,496,0,0,1933,41578,1703,6778,0,0,0,0,0
848,11952,849.3683357777758,99802,87,56,146,48,42053,22028,0.6420813210156109,62,36,31269,33137,6700,3748,11734,12973,45025,35396,0,0,7768,6206,21695,2721,7887,1026,498,0,0,1946,41575,1702,6778,0,0,0,0,0
849,11952,850.169988789906,99802,87,51,146,48,42063,22028,0.6421815194084287,60,42,31295,33167,6689,3747,11721,12943,45034,35413,0,0,7752,6198,21700,2719,7890,1028,499,0,0,1955,41581,1701,6779,0,0,0,0,0
850,11952,851.3713146884302,99802,92,48,146,48,42077,22039,0.6424320153904731,58,34,31344,33220,6670,3749,11688,12899,45043,35430,0,0,7741,6189,21702,2716,7899,1031,499,0,0,1968,41579,1700,6778,0,0,0,0,0
851,11952,852.1711796221991,99802,94,47,146,48,42085,22043,0.6425522534618545,59,37,31387,33255,6645,3742,11667,12869,45052,35447,0,0,7730,6179,21708,2715,7904,1033,500,0,0,1971,41586,1696,6780,0,0,0,0,0
852,11952,853.3688617743002,99802,97,50,146,48,42106,22052,0.6428528486403078,51,32,31436,33308,6636,3731,11632,12829,45061,35464,0,0,7713,6170,21713,2711,7910,1036,506,0,0,1980,41588,1693,6782,0,0,0,0,0
853,11952,854.1662396489396,99802,103,58,146,48,42118,22061,0.6430632652652252,51,29,31466,33337,6617,3724,11615,12802,45070,35481,0,0,7699,6161,21720,2708,7913,1038,506,0,0,1982,41600,1693,6782,0,0,0,0,0
854,11952,855.360961223913,99802,106,58,146,48,42139,22069,0.6433538406043967,49,31,31522,33384,6596,3719,11579,12758,45079,35498,0,0,7687,6149,21727,2706,7922,1039,511,0,0,1994,41595,1688,6784,0,0,0,0,0
855,11952,856.1562073741428,99801,102,61,146,49,42145,22075,0.643480526247232,60,29,31552,33422,6580,3716,11558,12721,45087,35515,0,0,7673,6145,21727,2702,7929,1040,511,0,0,1999,41603,1682,6790,0,0,0,0,0
856,11952,857.3473981527515,99801,110,62,146,49,42167,22085,0.6438011643169909,49,27,31611,33484,6563,3705,11519,12671,45095,35532,0,0,7661,6133,21736,2701,7938,1040,513,0,0,2012,41600,1680,6787,0,0,0,0,0
857,11952,858.1403420239532,99801,108,61,146,49,42179,22090,0.6439715032915502,52,27,31632,33514,6563,3700,11497,12647,45103,35549,0,0,7647,6122,21738,2701,7948,1040,516,0,0,2019,41604,1677,6789,0,0,0,0,0
858,11952,859.3283989679398,99801,101,60,146,49,42190,22098,0.6441618821454694,58,22,31672,33564,6557,3699,11464,12604,45111,35566,0,0,7639,6109,21745,2700,7959,1040,516,0,0,2034,41597,1672,6790,0,0,0,0,0
859,11952,860.1196240409035,99801,108,57,146,49,42208,22105,0.6444123806374685,49,22,31710,33603,6550,3698,11435,12569,45119,35583,0,0,7631,6101,21749,2697,7966,1044,514,0,0,2045,41595,1669,6790,0,0,0,0,0
860,11952,861.3050357764839,99801,106,49,146,49,42219,22109,0.644562679732668,57,24,31754,33660,6529,3687,11406,12529,45127,35599,0,0,7619,6092,21754,2696,7972,1047,516,0,0,2057,41592,1666,6790,0,0,0,0,0
861,11952,862.0943543016779,99801,111,44,146,49,42238,22111,0.6447730984659472,48,28,31780,33694,6524,3677,11389,12506,45135,35615,0,0,7608,6081,21759,2692,7985,1047,517,0,0,2063,41594,1664,6791,0,0,0,0,0
862,11952,863.2772351558519,99801,103,43,146,49,42253,22124,0.6450536567769862,47,25,31825,33738,6526,3673,11351,12470,45143,35631,0,0,7596,6067,21766,2695,7993,1050,519,0,0,2081,41586,1661,6787,0,0,0,0,0
863,11952,864.064872490894,99801,92,47,146,49,42260,22130,0.6451839159928258,49,25,31854,33779,6525,3662,11332,12436,45151,35647,0,0,7577,6061,21769,2692,8000,1051,527,0,0,2086,41591,1657,6790,0,0,0,0,0
864,11952,865.2451682107979,99801,94,45,146,49,42277,22137,0.6454243945451449,42,25,31906,33834,6512,3654,11298,12391,45159,35663,0,0,7565,6052,21771,2688,8014,1052,528,0,0,2094,41593,1655,6789,0,0,0,0,0
865,11952,866.0309765189248,99801,93,41,146,49,42288,22141,0.6455746936403443,36,29,31940,33858,6498,3654,11285,12367,45167,35679,0,0,7552,6044,21770,2689,8025,1054,529,0,0,2098,41601,1651,6788,0,0,0,0,0
866,11952,867.2082068153481,99801,91,38,146,49,42298,22144,0.6457049528561838,40,33,31992,33913,6480,3641,11249,12324,45175,35695,0,0,7542,6034,21772,2686,8035,1056,529,0,0,2103,41606,1648,6790,0,0,0,0,0
867,11952,868.3835616572001,99801,85,36,146,49,42308,22150,0.6458652718910632,44,34,32051,33957,6464,3635,11208,12287,45183,35711,0,0,7526,6022,21780,2687,8040,1056,533,0,0,2116,41605,1647,6789,0,0,0,0,0
868,11952,869.1659169411903,99801,82,37,146,49,42315,22153,0.6459654712878629,40,35,32077,33996,6460,3621,11193,12260,45191,35727,0,0,7515,6014,21786,2685,8047,1057,534,0,0,2119,41611,1643,6790,0,0,0,0,0
869,11952,870.3381339406084,99801,84,43,146,49,42333,22165,0.6462660694782617,40,29,32119,34050,6444,3614,11165,12213,45199,35743,0,0,7503,6002,21793,2685,8050,1061,535,0,0,2128,41613,1641,6790,0,0,0,0,0
870,11952,871.1187960260348,99801,83,45,146,49,42343,22169,0.6464063486337812,41,28,32147,34087,6433,3604,11148,12185,45207,35759,0,0,7491,5994,21796,2686,8056,1061,535,0,0,2134,41619,1636,6793,0,0,0,0,0
871,11952,872.2883652972287,99801,78,44,146,49,42351,22178,0.6465766876083406,43,24,32201,34134,6416,3602,11114,12145,45215,35775,0,0,7482,5982,21806,2687,8058,1062,535,0,0,2149,41613,1632,6795,0,0,0,0,0
872,11952,873.0670517474061,99801,76,40,146,49,42358,22182,0.6466869069448202,45,27,32226,34166,6398,3597,11107,12119,45223,35790,0,0,7468,5976,21810,2684,8065,1062,538,0,0,2159,41614,1629,6796,0,0,0,0,0
873,11952,874.2339839582568,99800,75,41,146,50,42364,22190,0.6468336673346693,50,28,32263,34200,6379,3594,11085,12085,45231,35805,0,0,7461,5962,21819,2686,8070,1062,537,0,0,2165,41615,1625,6798,0,0,0,0,0
874,11952,875.0111444557757,99800,72,43,146,50,42369,22196,0.6469438877755511,55,28,32283,34236,6365,3587,11077,12054,45238,35820,0,0,7445,5958,21821,2684,8073,1063,539,0,0,2172,41622,1623,6800,0,0,0,0,0
875,11952,876.1758345423527,99800,82,43,146,50,42388,22202,0.6471943887775551,51,26,32330,34280,6344,3580,11045,12019,45245,35835,0,0,7437,5947,21828,2681,8076,1067,540,0,0,2178,41623,1622,6801,0,0,0,0,0
876,11952,877.3388689845705,99800,79,44,146,50,42400,22206,0.6473547094188377,52,31,32377,34346,6331,3573,11013,11954,45252,35850,0,0,7425,5939,21828,2680,8084,1068,541,0,0,2185,41627,1619,6804,0,0,0,0,0
877,11952,878.113285537155,99800,76,43,146,50,42404,22211,0.6474448897795592,57,32,32403,34373,6318,3573,10998,11927,45259,35865,0,0,7415,5930,21832,2679,8091,1068,541,0,0,2192,41630,1617,6805,0,0,0,0,0
878,11952,879.2737860822476,99800,83,45,146,50,42428,22221,0.6477855711422845,45,29,32457,34414,6301,3565,10966,11895,45266,35880,0,0,7409,5921,21834,2675,8103,1070,540,0,0,2205,41624,1614,6805,0,0,0,0,0
879,11952,880.0464370538842,99800,86,48,146,50,42438,22230,0.6479759519038076,46,21,32475,34453,6290,3559,10955,11867,45273,35895,0,0,7398,5915,21836,2674,8110,1070,538,0,0,2212,41628,1612,6807,0,0,0,0,0
880,11952,881.2041022452778,99800,83,48,146,50,42451,22239,0.6481963927855712,50,21,32533,34499,6275,3557,10911,11823,45280,35910,0,0,7388,5905,21839,2672,8122,1071,542,0,0,2220,41626,1607,6808,0,0,0,0,0
881,11952,882.3598688744847,99800,81,49,146,50,42460,22244,0.6483366733466934,48,19,32570,34531,6264,3555,10889,11794,45287,35925,0,0,7372,5900,21838,2669,8133,1071,544,0,0,2224,41636,1606,6807,0,0,0,0,0
882,11952,883.2022350786052,99800,76,44,146,50,42465,22247,0.6484168336673347,46,18,32619,34561,6243,3549,10868,11776,45294,35940,0,0,7362,5894,21842,2670,8138,1072,542,0,0,2235,41636,1601,6808,0,0,0,0,0
883,11952,884.3718220302655,99800,78,40,146,50,42481,22252,0.648627254509018,45,21,32680,34623,6216,3544,10833,11720,45301,35955,0,0,7348,5888,21843,2669,8141,1075,543,0,0,2249,41635,1599,6810,0,0,0,0,0
884,11952,885.1391438944723,99800,78,41,146,50,42488,22255,0.6487274549098196,47,23,32704,34653,6210,3540,10813,11691,45308,35969,0,0,7332,5884,21844,2668,8147,1075,544,0,0,2252,41647,1598,6809,0,0,0,0,0
885,11952,886.2889702964418,99800,80,43,146,50,42502,22264,0.6489579158316633,38,16,32743,34697,6195,3534,10796,11658,45315,35983,0,0,7322,5876,21848,2664,8154,1077,545,0,0,2263,41645,1598,6808,0,0,0,0,0
886,11952,887.108282612255,99800,76,40,146,50,42508,22266,0.6490380761523046,44,21,32768,34724,6189,3529,10775,11634,45322,35997,0,0,7310,5871,21850,2662,8158,1078,544,0,0,2275,41646,1597,6809,0,0,0,0,0
887,11952,888.2559322732662,99800,77,38,146,50,42519,22269,0.6491783567134268,46,21,32810,34771,6172,3521,10747,11597,45329,36011,0,0,7302,5864,21854,2660,8163,1079,544,0,0,2284,41645,1593,6812,0,0,0,0,0
888,11952,889.0202889358856,99800,75,36,146,50,42526,22271,0.6492685370741483,43,23,32836,34805,6165,3513,10733,11571,45336,36025,0,0,7293,5858,21857,2659,8167,1081,542,0,0,2293,41647,1591,6812,0,0,0,0,0
889,11952,890.1656272387681,99800,75,30,146,50,42537,22276,0.6494288577154309,41,23,32884,34852,6146,3507,10706,11536,45343,36039,0,0,7283,5850,21859,2658,8176,1081,540,0,0,2306,41644,1590,6813,0,0,0,0,0
890,11952,891.3093315219605,99800,72,28,146,50,42547,22277,0.6495390781563126,41,26,32924,34904,6126,3499,10689,11491,45350,36053,0,0,7271,5841,21866,2655,8181,1082,543,0,0,2314,41645,1589,6813,0,0,0,0,0
891,11952,892.0710916920586,99800,74,29,146,50,42555,22278,0.649629258517034,36,34,32955,34927,6114,3491,10673,11467,45357,36067,0,0,7262,5832,21873,2654,8182,1085,543,0,0,2315,41653,1588,6813,0,0,0,0,0
892,11952,893.2124354819948,99800,69,36,146,50,42566,22288,0.6498396793587174,46,28,32993,34960,6102,3482,10642,11442,45364,36081,0,0,7253,5821,21879,2652,8186,1089,546,0,0,2321,41653,1586,6814,0,0,0,0,0
893,11952,894.3523860087078,99800,65,45,146,50,42574,22302,0.650060120240481,48,16,33041,34998,6089,3474,10609,11415,45371,36095,0,0,7242,5813,21883,2650,8193,1089,550,0,0,2329,41652,1582,6817,0,0,0,0,0
894,11952,895.1114269673207,99800,68,36,146,50,42583,22302,0.6501503006012024,46,20,33051,35034,6086,3472,10601,11386,45378,36109,0,0,7231,5807,21889,2648,8196,1090,551,0,0,2339,41652,1578,6819,0,0,0,0,0
895,11952,896.2671552310168,99800,65,33,146,50,42594,22306,0.6503006012024048,38,22,33096,35086,6081,3461,10572,11346,45385,36123,0,0,7221,5799,21892,2646,8208,1090,551,0,0,2349,41651,1577,6816,0,0,0,0,0
896,11952,897.0249857428114,99800,63,30,146,50,42599,22307,0.6503607214428858,36,24,33126,35110,6069,3458,10558,11326,45392,36137,0,0,7212,5792,21896,2645,8215,1091,552,0,0,2351,41656,1573,6817,0,0,0,0,0
897,11952,898.1604788928407,99800,57,30,146,50,42603,22313,0.6504609218436874,41,21,33181,35150,6053,3448,10520,11299,45399,36151,0,0,7201,5782,21901,2648,8221,1091,551,0,0,2358,41660,1571,6816,0,0,0,0,0
898,11952,899.2941975338045,99800,55,36,146,50,42610,22320,0.6506012024048096,40,20,33223,35196,6038,3437,10496,11259,45405,36164,0,0,7194,5778,21901,2642,8229,1094,550,0,0,2361,41665,1570,6816,0,0,0,0,0
899,11952,900.289074750957,99800,54,37,146,50,42612,22324,0.6506613226452905,69,43,33241,35206,6023,3428,10465,11234,45405,36164,0,0,7192,5778,21900,2641,8230,1095,552,0,0,2362,41664,1570,6816,0,0,0,0,0
900,11952,900.289074750957,99800,55,41,146,50,42615,22328,0.6507314629258517,71,41,33258,35215,6018,3425,10450,11226,45405,36164,0,0,7192,5778,21900,2641,8231,1095,552,0,1,2362,41663,1570,6815,0,0,0,0,0
901,11952,901.043071892932,99800,66,44,146,50,42632,22337,0.6509919839679359,62,36,33290,35252,6014,3422,10420,11194,45405,36164,0,0,7191,5776,21900,2642,8234,1095,552,1,7,2362,41657,1570,6813,0,0,0,0,0
902,11952,902.1725932668404,99800,69,49,146,50,42652,22346,0.6512825651302605,50,36,33349,35295,6005,3417,10379,11151,45405,36164,0,0,7190,5774,21895,2645,8239,1098,552,2,13,2362,41651,1569,6810,0,0,0,0,0
903,11952,903.3002723618595,99800,69,49,146,50,42665,22354,0.6514929859719439,41,32,33406,35337,6004,3411,10332,11119,45405,36164,0,0,7188,5774,21890,2645,8246,1099,552,4,21,2362,41643,1568,6808,0,0,0,0,0
904,11952,904.0510479946076,99800,68,52,146,50,42672,22360,0.651623246492986,39,32,33446,35364,5998,3411,10301,11089,45405,36164,0,0,7188,5772,21887,2646,8252,1099,552,4,24,2360,41640,1568,6808,0,0,0,0,0
905,11952,905.1754670909195,99800,69,52,146,50,42688,22369,0.6518737474949899,39,30,33496,35408,5984,3405,10264,11053,45405,36164,0,0,7187,5770,21880,2649,8260,1100,552,5,34,2359,41630,1567,6807,0,0,0,0,0
906,11952,906.2982500514918,99800,67,59,146,50,42697,22382,0.6520941883767535,46,32,33544,35433,5971,3404,10224,11020,45405,36164,0,0,7184,5768,21879,2652,8259,1103,552,8,40,2359,41624,1566,6806,0,0,0,0,0
907,11952,907.0457894750774,99800,70,59,146,50,42705,22387,0.6522244488977956,45,35,33584,35461,5955,3403,10198,10990,45405,36164,0,0,7184,5767,21877,2652,8264,1103,552,8,44,2359,41620,1566,6804,0,0,0,0,0
908,11952,908.1655239589297,99798,78,56,147,51,42718,22397,0.6524679853303673,52,35,33632,35499,5927,3404,10162,10953,45405,36164,0,0,7182,5767,21875,2651,8267,1104,552,9,54,2358,41610,1566,6803,0,0,0,0,0
909,11952,909.2835938406397,99798,73,51,147,51,42730,22405,0.6526683901480992,61,35,33661,35549,5929,3402,10127,10910,45405,36164,0,0,7182,5764,21864,2655,8280,1104,552,9,67,2358,41597,1565,6801,0,0,0,0,0
910,11952,910.0283719400414,99798,73,50,147,51,42742,22409,0.6528287140022846,60,39,33696,35572,5925,3398,10097,10888,45405,36164,0,0,7179,5762,21863,2657,8281,1105,552,12,76,2358,41588,1565,6800,0,0,0,0,0
911,11952,911.1441996397423,99798,72,56,147,51,42754,22422,0.6530792200244494,62,34,33743,35618,5913,3395,10061,10844,45405,36164,0,0,7178,5762,21855,2655,8295,1105,552,13,81,2356,41583,1565,6798,0,0,0,0,0
912,11952,912.2585308662143,99798,80,56,147,51,42774,22426,0.6533197058057276,58,40,33782,35678,5905,3378,10026,10795,45405,36164,0,0,7174,5760,21853,2658,8299,1105,552,17,86,2356,41578,1564,6796,0,0,0,0,0
913,11952,913.0006183565412,99798,84,58,147,51,42783,22432,0.6534700094190264,69,42,33812,35710,5899,3372,9987,10765,45405,36164,0,0,7174,5759,21852,2659,8302,1105,552,17,91,2355,41573,1564,6795,0,0,0,0,0
914,11952,914.1122104764308,99798,84,53,147,51,42799,22441,0.6537205154411913,71,42,33868,35776,5883,3367,9945,10709,45405,36164,0,0,7174,5757,21842,2660,8312,1108,552,17,103,2355,41561,1564,6793,0,0,0,0,0
915,11952,915.2221308468044,99798,92,56,147,51,42823,22455,0.6541012845948817,67,39,33904,35823,5884,3364,9904,10665,45405,36164,0,0,7173,5755,21835,2662,8320,1109,552,18,117,2354,41547,1564,6792,0,0,0,0,0
916,11952,916.330675327645,99798,104,64,147,51,42850,22471,0.6545321549530051,54,32,33948,35856,5878,3363,9867,10632,45405,36164,0,0,7169,5754,21828,2666,8328,1109,552,22,124,2354,41540,1561,6791,0,0,0,0,0
917,11952,917.0689272696953,99798,107,58,147,51,42862,22475,0.6546924788071905,56,32,33974,35881,5872,3368,9842,10608,45405,36164,0,0,7166,5754,21825,2667,8331,1109,552,25,136,2354,41528,1560,6791,0,0,0,0,0
918,11952,918.175162634393,99798,101,59,147,51,42877,22488,0.6549730455520151,62,31,34031,35939,5862,3364,9795,10554,45405,36164,0,0,7163,5751,21816,2670,8340,1111,552,28,149,2353,41515,1559,6791,0,0,0,0,0
919,11952,919.2796716817146,99798,104,58,147,51,42892,22496,0.6552035110924067,63,35,34078,35984,5851,3360,9755,10510,45405,36164,0,0,7162,5749,21811,2671,8348,1113,552,29,155,2353,41509,1559,6787,0,0,0,0,0
920,11952,920.0150066019926,99798,105,54,147,51,42899,22501,0.6553237539830458,69,33,34122,36011,5837,3358,9718,10491,45405,36164,0,0,7162,5747,21808,2673,8353,1114,552,29,161,2353,41503,1559,6784,0,0,0,0,0
921,11952,921.1163567961232,99798,105,52,147,51,42916,22505,0.6555341790416641,66,32,34173,36072,5826,3348,9681,10443,45405,36164,0,0,7160,5745,21802,2674,8364,1114,552,31,169,2352,41495,1559,6781,0,0,0,0,0
922,11952,922.2160897686432,99798,100,49,147,51,42928,22512,0.6557245636185094,66,35,34215,36120,5818,3343,9652,10400,45405,36164,0,0,7157,5744,21795,2675,8369,1116,552,34,183,2352,41481,1559,6781,0,0,0,0,0
923,11952,923.3145551187658,99798,97,49,147,51,42947,22521,0.656005130363334,61,36,34265,36176,5811,3334,9617,10352,45405,36164,0,0,7155,5741,21789,2678,8381,1117,552,36,194,2350,41469,1559,6777,0,0,0,0,0
924,11952,924.046074109983,99798,101,52,147,51,42962,22527,0.6562155554219523,61,36,34287,36205,5808,3326,9594,10328,45405,36164,0,0,7155,5740,21788,2679,8384,1119,552,36,200,2350,41463,1559,6773,0,0,0,0,0
925,11952,925.1421411936474,99798,112,58,147,51,42984,22540,0.656566263852983,52,36,34328,36251,5793,3318,9566,10284,45405,36164,0,0,7155,5740,21784,2679,8392,1119,551,36,208,2349,41455,1558,6772,0,0,0,0,0
926,11952,926.2370481042574,99797,104,69,148,51,42992,22555,0.6568033107207631,70,38,34364,36283,5787,3313,9525,10244,45405,36164,0,0,7152,5738,21779,2681,8399,1119,551,38,215,2348,41448,1558,6771,0,0,0,0,0
927,11952,927.330553966,99797,108,76,148,51,43010,22568,0.6571139413008407,85,43,34396,36321,5775,3306,9486,10201,45405,36164,0,0,7150,5736,21775,2683,8407,1119,551,40,223,2347,41440,1558,6768,0,0,0,0,0
928,11952,928.058763093318,99797,110,76,148,51,43023,22573,0.6572943074441115,97,44,34408,36344,5774,3304,9461,10179,45405,36164,0,0,7150,5733,21770,2684,8413,1120,551,40,228,2347,41435,1558,6768,0,0,0,0,0
929,11952,929.1502851925648,99797,118,78,148,51,43044,22582,0.6575949176828962,105,53,34448,36385,5758,3297,9421,10134,45405,36164,0,0,7146,5731,21765,2686,8420,1120,551,44,235,2346,41428,1558,6767,0,0,0,0,0
930,11952,930.2404044806511,99797,115,83,148,51,43067,22599,0.6579957313346092,108,54,34478,36425,5759,3296,9390,10089,45405,36164,0,0,7142,5731,21752,2686,8436,1121,551,48,249,2346,41414,1557,6764,0,0,0,0,0
931,11952,931.3294539261487,99797,131,93,148,51,43097,22616,0.658466687375372,103,49,34517,36464,5751,3288,9348,10053,45405,36164,0,0,7140,5727,21748,2691,8441,1121,551,50,258,2346,41405,1556,6763,0,0,0,0,0
932,11952,932.0546949654425,99797,131,94,148,51,43109,22628,0.6587071755663998,104,46,34543,36488,5752,3294,9320,10025,45405,36164,0,0,7136,5724,21745,2694,8447,1123,551,54,264,2345,41399,1556,6759,0,0,0,0,0
933,11952,933.1415368784634,99797,140,82,148,51,43136,22638,0.6590779281942343,101,48,34580,36513,5754,3304,9275,10000,45405,36164,0,0,7133,5722,21737,2695,8460,1124,551,57,283,2345,41380,1556,6754,0,0,0,0,0
934,11952,934.227161304625,99796,140,78,149,51,43161,22647,0.6594252274640267,100,55,34615,36555,5761,3305,9233,9954,45405,36164,0,0,7131,5720,21729,2698,8472,1125,551,59,300,2345,41363,1554,6749,0,0,0,0,0
935,11952,935.3116615923913,99796,135,79,149,51,43186,22663,0.6598360655737705,105,53,34649,36605,5771,3305,9189,9905,45405,36164,0,0,7128,5712,21722,2703,8487,1126,551,62,316,2345,41346,1554,6744,0,0,0,0,0
936,11952,936.0340336375814,99796,143,85,149,51,43208,22675,0.6601767605916069,101,54,34660,36625,5767,3300,9178,9883,45405,36164,0,0,7128,5711,21716,2703,8494,1127,551,62,326,2344,41336,1554,6744,0,0,0,0,0
937,11952,937.1170748804813,99796,144,85,149,51,43235,22688,0.6605775782596497,107,53,34700,36661,5761,3302,9137,9846,45405,36164,0,0,7124,5709,21710,2707,8501,1128,551,66,348,2344,41314,1552,6742,0,0,0,0,0
938,11952,938.1988891105043,99796,153,80,149,51,43270,22701,0.6610585594613011,97,58,34717,36686,5773,3300,9109,9823,45405,36164,0,0,7120,5699,21701,2717,8512,1130,551,70,363,2344,41299,1552,6738,0,0,0,0,0
939,11952,939.2799313510872,99796,162,80,149,51,43298,22716,0.6614894384544471,100,57,34753,36713,5763,3303,9071,9794,45405,36164,0,0,7119,5697,21689,2719,8526,1132,551,71,374,2344,41288,1550,6736,0,0,0,0,0
940,11952,940.3597604511423,99796,168,75,149,51,43327,22732,0.6619403583309952,104,52,34789,36753,5759,3312,9029,9755,45405,36164,0,0,7114,5693,21678,2725,8541,1133,550,76,389,2342,41272,1549,6734,0,0,0,0,0
941,11952,941.0789737806947,99795,164,75,150,51,43349,22738,0.6622275665113483,109,56,34800,36774,5773,3311,9002,9731,45405,36164,0,0,7108,5690,21671,2731,8545,1137,550,82,396,2342,41264,1546,6733,0,0,0,0,0
942,11952,942.1571242261795,99795,168,84,150,51,43375,22756,0.6626684703642467,109,57,34835,36811,5777,3305,8959,9690,45405,36164,0,0,7106,5689,21663,2731,8548,1143,550,84,409,2342,41251,1546,6733,0,0,0,0,0
943,11952,943.234136418535,99795,177,86,150,51,43408,22772,0.6631594769277018,109,54,34871,36845,5772,3308,8919,9654,45405,36164,0,0,7103,5686,21656,2738,8558,1143,550,87,427,2342,41233,1542,6730,0,0,0,0,0
944,11952,944.3100446066901,99795,182,96,150,51,43436,22788,0.6636003807806002,118,51,34901,36888,5764,3296,8883,9616,45405,36164,0,0,7102,5684,21647,2738,8567,1146,550,88,438,2342,41222,1542,6729,0,0,0,0,0
945,11952,945.0267374815921,99795,190,99,150,51,43458,22798,0.6639210381281627,127,56,34904,36903,5765,3297,8862,9592,45405,36164,0,0,7100,5682,21642,2740,8573,1146,550,90,449,2341,41211,1542,6729,0,0,0,0,0
946,11952,946.1009969600303,99795,197,100,150,51,43488,22817,0.6644120446916179,144,56,34921,36930,5763,3300,8823,9561,45405,36164,0,0,7097,5681,21635,2741,8585,1148,549,93,469,2341,41191,1542,6723,0,0,0,0,0
947,11952,947.1745880207745,99795,199,94,150,51,43528,22827,0.6649130717971842,149,64,34950,36961,5772,3297,8778,9531,45405,36164,0,0,7090,5681,21621,2740,8606,1150,549,100,488,2340,41172,1539,6719,0,0,0,0,0
948,11952,948.2472162699046,99795,219,100,150,51,43572,22845,0.6655343454080865,142,73,34981,36976,5774,3305,8732,9493,45405,36164,0,0,7086,5679,21612,2742,8616,1153,548,104,500,2340,41160,1538,6717,0,0,0,0,0
949,11952,949.3187019720417,99795,229,105,150,51,43607,22861,0.6660453930557643,146,82,35004,37011,5775,3296,8694,9453,45405,36164,0,0,7082,5677,21601,2743,8632,1154,548,108,511,2340,41148,1538,6713,0,0,0,0,0
950,11952,950.0324201930144,99795,241,108,150,51,43640,22874,0.6665063379928854,139,83,35016,37027,5786,3300,8666,9429,45405,36164,0,0,7082,5674,21596,2747,8640,1156,548,108,524,2339,41135,1536,6710,0,0,0,0,0
951,11952,951.1023905926506,99795,245,111,150,51,43682,22900,0.6671877348564558,139,81,35039,37053,5804,3310,8621,9392,45405,36164,0,0,7080,5669,21579,2752,8663,1159,548,110,547,2339,41112,1534,6703,0,0,0,0,0
952,11952,952.1716493718133,99795,247,110,150,51,43723,22916,0.6677589057568014,137,86,35061,37076,5815,3314,8588,9361,45405,36164,0,0,7076,5667,21564,2754,8682,1163,547,114,568,2338,41090,1534,6698,0,0,0,0,0
953,11952,953.2402707829111,99795,254,119,150,51,43764,22941,0.6684202615361491,140,79,35081,37099,5817,3320,8556,9330,45405,36164,0,0,7071,5661,21557,2761,8696,1165,547,119,586,2337,41071,1532,6692,0,0,0,0,0
954,11952,954.308157741975,99795,260,135,150,51,43807,22968,0.6691216994839421,156,76,35086,37128,5822,3317,8524,9291,45405,36164,0,0,7070,5658,21553,2763,8704,1171,547,120,607,2335,41048,1531,6688,0,0,0,0,0
955,11952,955.019746625602,99795,276,128,150,51,43843,22976,0.6695626033368405,153,90,35109,37139,5822,3320,8488,9270,45405,36164,0,0,7068,5655,21546,2767,8717,1171,547,122,622,2334,41033,1529,6684,0,0,0,0,0
956,11952,956.0861790044715,99795,258,139,150,51,43870,23006,0.6701337742371862,200,86,35105,37170,5837,3326,8448,9226,45405,36164,0,0,7061,5649,21535,2772,8729,1176,547,129,651,2333,41004,1529,6680,0,0,0,0,0
957,11952,957.1522859096757,99795,269,141,150,51,43922,23021,0.6708051505586452,188,97,35137,37194,5847,3323,8407,9192,45405,36164,0,0,7058,5647,21521,2774,8752,1179,547,132,669,2332,40986,1527,6671,0,0,0,0,0
958,11952,958.2175628172371,99794,286,144,151,51,43970,23040,0.671483255506343,196,109,35139,37208,5856,3327,8370,9159,45405,36164,0,0,7053,5644,21508,2777,8769,1181,547,137,685,2332,40969,1526,6666,0,0,0,0,0
959,11952,959.2823366721408,99793,292,146,152,51,44018,23068,0.6722515607307126,201,110,35147,37233,5869,3340,8337,9118,45405,36164,0,0,7043,5640,21495,2783,8785,1185,545,146,712,2331,40942,1525,6661,0,0,0,0,0
960,11952,960.3466901201422,99793,298,149,152,51,44065,23095,0.6729930957081158,203,106,35161,37260,5884,3351,8300,9081,45405,36164,0,0,7037,5639,21475,2783,8808,1189,545,152,737,2329,40917,1523,6659,0,0,0,0,0
961,11952,961.055944252683,99793,303,157,152,51,44100,23115,0.6735442365696993,213,102,35163,37282,5892,3352,8275,9054,45405,36164,0,0,7034,5635,21465,2790,8825,1189,543,155,752,2328,40902,1522,6653,0,0,0,0,0
962,11952,962.1194781647058,99793,311,159,152,51,44151,23140,0.6743058130329783,215,105,35166,37314,5914,3363,8240,9006,45405,36164,0,0,7025,5633,21452,2795,8842,1194,542,164,775,2326,40879,1519,6647,0,0,0,0,0
963,11952,963.1827014064684,99793,309,168,152,51,44205,23168,0.6751275139538846,228,106,35166,37335,5942,3369,8201,8969,45405,36164,0,0,7020,5623,21441,2806,8855,1205,542,169,797,2323,40857,1517,6638,0,0,0,0,0
964,11952,964.2458443536955,99793,331,171,152,51,44279,23200,0.6761897127052999,213,110,35166,37342,5966,3383,8170,8941,45405,36164,0,0,7012,5618,21421,2811,8881,1209,542,177,829,2322,40825,1515,6631,0,0,0,0,0
965,11952,965.3087349744404,99792,328,172,153,51,44328,23224,0.6769280102613436,216,116,35170,37362,5994,3396,8137,8901,45405,36164,0,0,7002,5611,21407,2817,8901,1211,542,186,862,2322,40792,1515,6624,0,0,0,0,0
966,11952,966.0172004235303,99792,332,179,153,51,44361,23247,0.6774891774891775,215,118,35170,37370,6010,3398,8118,8882,45405,36164,0,0,6999,5605,21392,2823,8919,1213,542,189,876,2319,40778,1515,6622,0,0,0,0,0
967,11952,967.0798768379437,99792,338,175,153,51,44419,23274,0.6783409491742826,223,119,35181,37394,6029,3413,8074,8846,45405,36164,0,0,6995,5601,21375,2826,8938,1221,541,193,915,2317,40739,1515,6616,0,0,0,0,0
968,11952,968.1420139626914,99792,343,179,153,51,44481,23306,0.6792829084495751,215,116,35199,37417,6063,3430,8025,8805,45405,36164,0,0,6988,5591,21362,2840,8959,1225,540,200,948,2315,40705,1511,6608,0,0,0,0,0
969,11952,969.2038057351645,99792,331,188,153,51,44535,23337,0.6801346801346801,226,117,35204,37454,6097,3430,7987,8758,45405,36164,0,0,6978,5585,21349,2848,8971,1236,540,210,983,2314,40670,1508,6600,0,0,0,0,0
970,11952,970.2652880925159,99791,338,193,153,52,44591,23371,0.6810433806655911,222,113,35216,37481,6125,3443,7944,8716,45405,36164,0,0,6974,5576,21330,2859,8991,1243,539,214,1008,2313,40643,1505,6596,0,0,0,0,0
971,11952,971.3263454119827,99791,331,190,153,52,44646,23403,0.6819152027737972,242,105,35227,37499,6154,3469,7891,8683,45405,36164,0,0,6969,5566,21306,2869,9021,1245,539,219,1054,2313,40597,1504,6589,0,0,0,0,0
972,11952,972.0334267495995,99790,347,192,154,52,44687,23425,0.6825533620603267,244,102,35224,37508,6166,3479,7863,8665,45405,36164,0,0,6966,5565,21296,2868,9037,1246,539,221,1076,2312,40574,1504,6586,0,0,0,0,0
973,11952,973.0938558675177,99790,362,201,154,52,44760,23457,0.6836055717005712,237,110,35234,37527,6194,3481,7817,8627,45405,36164,0,0,6960,5558,21276,2874,9059,1252,539,227,1108,2310,40542,1502,6583,0,0,0,0,0
974,11952,974.1539097830693,99790,376,195,154,52,44828,23489,0.6846076761198517,223,119,35230,37538,6229,3506,7786,8588,45405,36164,0,0,6952,5555,21260,2877,9084,1257,537,235,1147,2307,40502,1499,6578,0,0,0,0,0
975,11952,975.2141327328853,99789,360,200,154,53,44886,23524,0.6855465031215865,238,120,35218,37553,6278,3522,7750,8550,45405,36164,0,0,6939,5550,21234,2884,9116,1262,537,248,1185,2304,40462,1495,6573,0,0,0,0,0
976,11952,976.2746101637401,99789,359,208,154,53,44945,23560,0.6864985118600246,249,129,35201,37555,6315,3533,7720,8520,45405,36164,0,0,6930,5544,21215,2889,9140,1267,537,257,1222,2302,40424,1494,6568,0,0,0,0,0
977,11952,977.3352016215406,99789,352,220,154,53,45007,23604,0.6875607531892293,248,124,35205,37559,6361,3552,7678,8490,45405,36164,0,0,6920,5533,21192,2902,9172,1272,537,267,1257,2300,40389,1491,6557,0,0,0,0,0
978,11952,978.0422329791245,99788,361,218,155,53,45050,23629,0.6882490880667014,266,116,35192,37575,6375,3572,7649,8464,45405,36164,0,0,6917,5526,21183,2907,9188,1277,537,270,1280,2300,40366,1489,6548,0,0,0,0,0
979,11952,979.1030411061084,99788,371,213,155,53,45123,23660,0.6892912975508078,268,123,35191,37583,6407,3593,7606,8433,45405,36164,0,0,6908,5518,21165,2914,9213,1284,536,279,1318,2299,40328,1488,6538,0,0,0,0,0
980,11952,980.1637662746228,99788,405,224,155,53,45211,23700,0.6905740169158616,256,121,35193,37602,6423,3604,7566,8394,45405,36164,0,0,6898,5512,21149,2919,9233,1289,536,289,1353,2298,40293,1487,6532,0,0,0,0,0
981,11952,981.2240790759762,99788,407,219,155,53,45273,23734,0.6915360564396521,270,128,35190,37621,6445,3627,7531,8350,45405,36164,0,0,6889,5508,21126,2925,9254,1301,536,298,1389,2295,40256,1484,6527,0,0,0,0,0
982,11952,982.2841923268652,99788,421,221,155,53,45348,23764,0.6925882871687978,273,138,35171,37624,6482,3644,7496,8318,45405,36164,0,0,6878,5496,21111,2939,9275,1303,535,309,1427,2295,40218,1482,6520,0,0,0,0,0
983,11952,983.3446339120671,99787,426,230,156,53,45423,23802,0.6937276398729293,275,129,35164,37643,6525,3662,7452,8281,45405,36164,0,0,6870,5491,21088,2941,9306,1310,535,317,1464,2293,40180,1480,6512,0,0,0,0,0
984,11952,984.0516784227867,99786,435,231,157,53,45485,23823,0.6945663720361573,256,135,35168,37655,6549,3675,7433,8249,45405,36164,0,0,6862,5484,21076,2947,9315,1318,535,325,1496,2293,40147,1480,6508,0,0,0,0,0
985,11952,985.1121680343443,99785,448,227,157,54,45552,23859,0.6956055519366638,265,142,35162,37657,6574,3695,7392,8223,45405,36164,0,0,6855,5477,21063,2954,9347,1318,535,331,1538,2287,40103,1478,6499,0,0,0,0,0
986,11952,986.1726238859602,99784,458,230,158,54,45625,23899,0.696744969133328,268,142,35155,37677,6605,3712,7354,8183,45405,36164,0,0,6850,5468,21042,2962,9372,1324,535,336,1584,2285,40054,1478,6494,0,0,0,0,0
987,11952,987.2329681303634,99784,461,238,158,54,45692,23940,0.6978273069830835,265,139,35148,37699,6646,3728,7320,8140,45405,36164,0,0,6840,5459,21020,2974,9402,1327,535,346,1619,2285,40018,1473,6486,0,0,0,0,0
988,11952,988.2935080344498,99784,449,247,158,54,45757,23984,0.6989196664795959,279,139,35143,37718,6685,3739,7284,8101,45405,36164,0,0,6831,5451,20999,2983,9430,1333,531,355,1666,2284,39970,1473,6478,0,0,0,0,0
989,11952,989.0005658152817,99784,455,249,158,54,45807,24007,0.6996512466928566,287,146,35139,37729,6704,3744,7255,8076,45405,36164,0,0,6828,5447,20983,2985,9444,1341,531,358,1693,2284,39942,1473,6475,0,0,0,0,0
990,11952,990.0610420801679,99784,456,260,158,54,45884,24052,0.7008738875972099,283,138,35128,37736,6750,3765,7223,8045,45405,36164,0,0,6816,5439,20956,2997,9471,1350,527,369,1730,2282,39903,1472,6472,0,0,0,0,0
991,11952,991.1220063499828,99783,458,271,159,54,45956,24087,0.7019532385276049,304,147,35103,37745,6785,3773,7189,8008,45405,36164,0,0,6806,5425,20941,3009,9496,1354,527,379,1765,2281,39867,1471,6462,0,0,0,0,0
992,11952,992.1833375673648,99783,468,256,159,54,46032,24124,0.7030856959602337,310,162,35088,37735,6822,3814,7151,7977,45405,36164,0,0,6801,5414,20910,3018,9536,1356,527,384,1818,2278,39812,1469,6460,0,0,0,0,0
993,11952,993.2448337336267,99783,479,268,159,54,46111,24169,0.704328392611968,319,163,35073,37746,6858,3832,7110,7935,45405,36164,0,0,6795,5408,20884,3023,9566,1365,527,390,1858,2277,39772,1468,6450,0,0,0,0,0
994,11952,994.3064891899012,99782,506,283,160,54,46208,24217,0.7057886191898338,308,167,35053,37753,6892,3845,7079,7896,45405,36164,0,0,6788,5401,20859,3026,9594,1375,527,397,1896,2276,39733,1467,6443,0,0,0,0,0
995,11952,995.0144335231068,99781,521,276,161,54,46266,24250,0.7067076898407513,318,160,35031,37763,6917,3870,7050,7875,45405,36164,0,0,6782,5391,20845,3036,9614,1379,527,402,1932,2275,39695,1466,6437,0,0,0,0,0
996,11952,996.0768268093806,99781,540,262,161,54,46357,24286,0.7079804772451669,319,189,35009,37750,6956,3903,7013,7840,45405,36164,0,0,6772,5378,20817,3047,9656,1384,526,412,1975,2274,39650,1465,6425,0,0,0,0,0
997,11952,997.13962102475,99781,535,286,161,54,46435,24336,0.7092632865976488,354,192,34968,37742,7009,3915,6971,7809,45405,36164,0,0,6766,5365,20803,3062,9682,1388,526,418,2021,2273,39600,1459,6418,0,0,0,0,0
998,11952,998.2031303700999,99781,565,289,161,54,46545,24384,0.7108467543921188,334,192,34945,37744,7060,3940,6933,7779,45405,36164,0,0,6754,5359,20772,3066,9718,1400,526,430,2062,2272,39556,1457,6409,0,0,0,0,0
999,11952,999.2670778976919,99781,584,302,161,54,46646,24440,0.7124202002385224,344,192,34913,37742,7102,3969,6894,7739,45405,36164,0,0,6741,5347,20752,3077,9750,1404,526,443,2116,2270,39502,1451,6402,0,0,0,0,0
1000,11952,1000.3316308341871,99781,589,306,161,54,46741,24486,0.7138332949158658,356,208,34886,37734,7164,3995,6842,7701,45405,36164,0,0,6737,5338,20726,3087,9785,1414,526,447,2175,2266,39443,1446,6391,0,0,0,0,0
1001,11952,1001.0416688563616,99779,571,314,163,54,46798,24525,0.7148097295021999,355,204,34871,37739,7219,4019,6819,7668,45405,36164,0,0,6729,5330,20704,3094,9811,1423,526,454,2212,2265,39404,1442,6385,0,0,0,0,0
1002,11952,1002.1073716482422,99778,587,340,164,54,46900,24593,0.7165206759004991,351,190,34843,37726,7266,4049,6787,7639,45405,36164,0,0,6718,5316,20678,3106,9856,1428,526,464,2255,2264,39360,1439,6368,0,0,0,0,0
1003,11952,1003.173649774592,99778,615,339,164,54,47003,24645,0.7180741245565154,360,198,34808,37719,7305,4082,6746,7606,45405,36164,0,0,6708,5302,20659,3124,9875,1438,524,473,2314,2261,39299,1438,6363,0,0,0,0,0
1004,11952,1004.2406631477129,99778,629,334,164,54,47104,24705,0.7196877067088937,365,205,34769,37707,7358,4129,6713,7569,45405,36164,0,0,6694,5287,20636,3138,9896,1453,524,487,2381,2259,39231,1436,6356,0,0,0,0,0
1005,11952,1005.3083747341711,99778,625,346,164,54,47190,24766,0.7211609773697608,366,209,34761,37696,7408,4159,6674,7534,45405,36164,0,0,6690,5278,20601,3146,9943,1463,524,491,2434,2256,39176,1432,6344,0,0,0,0,0
1006,11952,1006.020281558946,99778,625,357,164,54,47262,24810,0.7223235582994247,361,205,34736,37704,7461,4172,6651,7506,45405,36164,0,0,6682,5271,20581,3153,9970,1466,524,498,2486,2255,39123,1430,6339,0,0,0,0,0
1007,11952,1007.0890455146206,99778,652,358,164,54,47386,24863,0.7240974964421014,354,228,34700,37698,7521,4193,6607,7467,45405,36164,0,0,6674,5261,20544,3163,10014,1479,524,505,2537,2253,39067,1426,6331,0,0,0,0,0
1008,11952,1008.1584803999227,99777,651,362,165,54,47492,24929,0.7258285977730339,369,225,34648,37702,7585,4228,6580,7427,45405,36164,0,0,6660,5246,20508,3177,10070,1483,523,518,2606,2249,38997,1423,6317,0,0,0,0,0
1009,11952,1009.2294269740861,99777,657,374,165,54,47595,24991,0.7274822854966575,394,248,34592,37692,7649,4257,6541,7373,45405,36164,0,0,6647,5233,20476,3187,10113,1492,522,531,2658,2245,38942,1421,6310,0,0,0,0,0
1010,11952,1010.3015868619148,99776,682,386,165,55,47714,25061,0.729383819756254,399,255,34543,37668,7695,4292,6514,7342,45405,36164,0,0,6635,5225,20446,3192,10156,1503,521,543,2716,2243,38883,1417,6296,0,0,0,0,0
1011,11952,1011.01694303893,99776,670,394,165,55,47782,25109,0.730546423989737,429,245,34500,37671,7751,4327,6483,7306,45405,36164,0,0,6619,5216,20423,3202,10185,1514,519,559,2750,2241,38847,1412,6289,0,0,0,0,0
1012,11952,1012.0911252748554,99776,658,393,165,55,47865,25176,0.732049791533034,453,270,34470,37647,7806,4367,6446,7266,45405,36164,0,0,6599,5202,20389,3216,10230,1524,518,578,2808,2237,38787,1410,6278,0,0,0,0,0
1013,11952,1013.1660342366736,99776,669,397,165,55,47981,25251,0.7339640795381654,459,269,34429,37642,7872,4408,6404,7227,45405,36164,0,0,6579,5189,20356,3219,10293,1526,518,598,2881,2232,38712,1410,6263,0,0,0,0,0
1014,11952,1014.2421606778465,99775,690,409,166,55,48100,25324,0.7358957654723127,470,262,34371,37634,7926,4450,6375,7188,45405,36164,0,0,6569,5181,20325,3227,10337,1541,515,606,2936,2231,38653,1407,6247,0,0,0,0,0
1015,11952,1015.3196732451192,99774,710,414,167,55,48229,25399,0.7379477619419889,489,260,34313,37622,7986,4505,6333,7142,45405,36164,0,0,6554,5168,20294,3240,10375,1554,512,621,3013,2229,38573,1403,6238,0,0,0,0,0
1016,11952,1016.0386866705753,99774,715,424,167,55,48318,25444,0.7392907972016758,487,263,34281,37610,8035,4524,6313,7122,45405,36164,0,0,6536,5158,20274,3252,10402,1558,512,639,3064,2228,38521,1399,6231,0,0,0,0,0
1017,11952,1017.1182898143932,99773,751,412,168,55,48469,25505,0.7414230302787327,468,290,34232,37587,8105,4577,6274,7077,45405,36164,0,0,6520,5143,20231,3267,10468,1568,510,654,3125,2222,38456,1397,6212,0,0,0,0,0
1018,11952,1018.1992297678015,99773,751,455,168,55,48595,25597,0.7436079901376124,493,273,34161,37571,8190,4605,6235,7039,45405,36164,0,0,6505,5128,20195,3283,10518,1584,509,666,3175,2219,38401,1394,6196,0,0,0,0,0
1019,11952,1019.2818138362446,99772,791,468,169,55,48750,25679,0.7459908591588823,477,266,34095,37546,8265,4655,6201,7008,45405,36164,0,0,6486,5114,20154,3297,10567,1598,508,685,3242,2216,38333,1390,6182,0,0,0,0,0
1020,11952,1020.0044476747119,99772,812,454,169,55,48845,25725,0.7474040813053763,469,274,34061,37534,8311,4707,6176,6974,45405,36164,0,0,6476,5107,20131,3305,10601,1607,508,693,3300,2212,38273,1388,6171,0,0,0,0,0
1021,11952,1021.0896997463099,99772,789,448,169,55,48949,25799,0.7491881489796737,513,285,34008,37522,8387,4756,6132,6932,45405,36164,0,0,6460,5096,20091,3309,10659,1626,507,708,3371,2210,38196,1384,6155,0,0,0,0,0
1022,11952,1022.1765633103697,99772,794,475,169,55,49087,25892,0.7515034278154191,548,285,33936,37486,8464,4806,6087,6891,45405,36164,0,0,6449,5082,20048,3323,10716,1640,507,717,3450,2204,38114,1380,6142,0,0,0,0,0
1023,11952,1023.2649385599743,99772,822,466,169,55,49250,25959,0.7538086837990619,531,302,33875,37471,8551,4855,6050,6849,45405,36164,0,0,6432,5070,20006,3338,10777,1653,505,733,3526,2200,38032,1373,6127,0,0,0,0,0
1024,11952,1024.3551979572,99772,820,472,169,55,49392,26035,0.755993665557471,536,311,33808,37444,8656,4903,6009,6813,45405,36164,0,0,6412,5044,19966,3367,10844,1664,504,752,3584,2198,37964,1367,6106,0,0,0,0,0
1025,11952,1025.0831106105927,99770,860,491,171,55,49509,26106,0.757893154254786,521,295,33755,37433,8702,4935,5989,6789,45405,36164,0,0,6402,5036,19944,3375,10871,1673,503,762,3640,2198,37905,1365,6096,0,0,0,0,0
1026,11952,1026.1765844191355,99770,887,496,171,55,49655,26186,0.7601583642377469,515,329,33728,37375,8769,4993,5928,6750,45405,36164,0,0,6383,5025,19910,3385,10915,1687,502,779,3723,2193,37822,1361,6085,0,0,0,0,0
1027,11952,1027.2707544784912,99768,881,519,172,56,49790,26279,0.7624589046588084,565,329,33645,37331,8846,5046,5889,6717,45405,36164,0,0,6360,5013,19872,3395,10964,1707,502,799,3790,2189,37745,1355,6077,0,0,0,0,0
1028,11952,1028.0011326732754,99767,896,526,173,56,49900,26332,0.7641003538244109,589,341,33590,37310,8895,5078,5855,6687,45405,36164,0,0,6341,5002,19849,3401,11006,1711,502,816,3842,2187,37688,1354,6068,0,0,0,0,0
1029,11952,1029.098488733736,99764,911,530,175,57,50071,26420,0.7667194579206928,609,355,33482,37254,8999,5142,5822,6660,45405,36164,0,0,6329,4992,19794,3402,11073,1730,502,827,3945,2184,37580,1351,6055,0,0,0,0,0
1030,11952,1030.1985014160205,99764,928,540,175,57,50219,26526,0.7692654665009422,629,346,33415,37224,9073,5214,5778,6617,45405,36164,0,0,6310,4973,19744,3410,11145,1747,502,846,4019,2180,37500,1349,6039,0,0,0,0,0
1031,11952,1031.3003895409443,99763,961,554,176,57,50399,26610,0.7719194490943536,614,357,33354,37189,9157,5261,5736,6580,45405,36164,0,0,6296,4953,19698,3426,11209,1764,502,859,4088,2175,37423,1345,6025,0,0,0,0,0
1032,11952,1032.0357556157326,99763,1005,569,176,57,50537,26678,0.7739843428926556,614,359,33287,37161,9204,5297,5712,6555,45405,36164,0,0,6282,4942,19664,3441,11248,1776,502,872,4137,2174,37370,1340,6015,0,0,0,0,0
1033,11952,1033.1405724148576,99763,1011,576,176,57,50702,26788,0.7767408758758257,618,356,33231,37112,9297,5369,5665,6528,45405,36164,0,0,6263,4923,19610,3454,11325,1799,502,890,4222,2169,37277,1336,5993,0,0,0,0,0
1034,11952,1034.2472582942542,99762,1006,582,177,57,50860,26887,0.7793247930073575,640,377,33162,37052,9393,5439,5620,6491,45405,36164,0,0,6241,4905,19555,3478,11399,1811,498,910,4318,2164,37173,1329,5981,0,0,0,0,0
1035,11952,1035.3558436230535,99762,1023,583,177,57,51022,26993,0.7820111866241655,649,369,33101,37016,9472,5522,5576,6451,45405,36164,0,0,6220,4885,19492,3494,11481,1827,498,930,4400,2160,37083,1327,5965,0,0,0,0,0
1036,11952,1036.0958809915212,99761,1043,586,178,57,51153,27050,0.7839035294353505,633,379,33050,36992,9540,5557,5554,6427,45405,36164,0,0,6207,4873,19466,3506,11516,1842,495,942,4465,2157,37015,1324,5953,0,0,0,0,0
1037,11952,1037.2078787265336,99759,1057,595,180,57,51313,27149,0.7865155023606892,648,377,32956,36969,9642,5622,5515,6378,45405,36164,0,0,6195,4859,19410,3512,11595,1854,494,952,4557,2154,36918,1322,5937,0,0,0,0,0
1038,11952,1038.3223544124075,99758,1085,615,180,58,51488,27247,0.789260009222318,661,384,32874,36934,9722,5670,5476,6337,45405,36164,0,0,6176,4845,19374,3526,11650,1870,494,969,4645,2151,36823,1316,5919,0,0,0,0,0
1039,11952,1039.066685605903,99758,1100,617,180,58,51621,27327,0.7913951763267106,638,384,32824,36900,9806,5718,5450,6321,45405,36164,0,0,6164,4827,19341,3536,11699,1885,494,980,4724,2148,36741,1314,5905,0,0,0,0,0
1040,11952,1040.1852478174449,99757,1125,614,181,58,51824,27420,0.7943703198773019,654,395,32706,36865,9913,5782,5419,6284,45405,36164,0,0,6145,4812,19283,3544,11781,1908,494,996,4811,2141,36637,1312,5893,0,0,0,0,0
1041,11952,1041.3072317275983,99755,1142,649,182,59,52027,27553,0.7977544985213774,654,385,32620,36802,10025,5853,5375,6250,45405,36164,0,0,6132,4796,19222,3552,11850,1935,494,1005,4923,2136,36517,1308,5885,0,0,0,0,0
1042,11952,1042.0565982971632,99754,1133,649,183,59,52142,27620,0.7995869839805922,663,379,32570,36783,10100,5895,5349,6233,45405,36164,0,0,6114,4784,19192,3562,11896,1950,493,1023,4990,2131,36443,1303,5873,0,0,0,0,0
1043,11952,1043.1826848021624,99753,1154,653,184,59,52343,27724,0.8026525518029533,659,403,32494,36724,10202,5965,5305,6194,45405,36164,0,0,6097,4765,19124,3563,11992,1977,492,1039,5073,2128,36357,1299,5847,0,0,0,0,0
1044,11952,1044.3112224326424,99753,1148,667,184,59,52532,27848,0.8057903020460537,665,391,32399,36687,10331,6040,5271,6154,45405,36164,0,0,6069,4740,19066,3586,12082,1996,490,1065,5176,2118,36242,1295,5828,0,0,0,0,0
1045,11952,1045.0653248167225,99752,1148,684,185,59,52660,27932,0.8079236506536209,675,386,32329,36651,10418,6092,5243,6126,45405,36164,0,0,6053,4726,19037,3603,12125,2014,490,1079,5237,2116,36172,1283,5817,0,0,0,0,0
1046,11952,1046.1994403461529,99751,1154,675,186,59,52868,28037,0.8110695632123989,695,404,32241,36584,10536,6181,5186,6095,45405,36164,0,0,6030,4700,18973,3626,12207,2042,488,1098,5341,2115,36055,1277,5799,0,0,0,0,0
1047,11952,1047.3362040704535,99751,1183,690,186,59,53076,28142,0.8142073763671542,693,400,32136,36540,10653,6241,5147,6068,45405,36164,0,0,6012,4672,18914,3657,12273,2067,488,1111,5433,2112,35958,1272,5782,0,0,0,0,0
1048,11952,1048.0958467202643,99750,1183,699,187,59,53205,28229,0.8163809523809524,717,408,32054,36494,10733,6295,5124,6043,45405,36164,0,0,5996,4660,18869,3664,12336,2082,486,1126,5504,2111,35880,1268,5768,0,0,0,0,0
1049,11952,1049.2381382856734,99750,1191,712,187,59,53433,28350,0.8198796992481203,668,406,31976,36441,10882,6378,5094,6002,45405,36164,0,0,5977,4636,18797,3682,12428,2110,485,1142,5615,2108,35760,1260,5750,0,0,0,0,0
1050,11952,1050.001630810864,99748,1195,697,188,60,53561,28417,0.8218510646830012,702,426,31906,36405,10939,6434,5068,5976,45405,36164,0,0,5961,4620,18760,3699,12470,2133,483,1155,5683,2107,35686,1255,5736,0,0,0,0,0
1051,11952,1051.1492814267501,99745,1155,718,189,62,53751,28525,0.8248634016742694,742,429,31800,36371,11090,6478,5022,5940,45405,36164,0,0,5937,4595,18702,3714,12546,2169,483,1178,5786,2101,35575,1248,5711,0,0,0,0,0
1052,11952,1052.300665505768,99745,1165,720,189,62,53945,28639,0.8279512757531706,738,427,31723,36341,11196,6557,4987,5891,45405,36164,0,0,5914,4574,18636,3726,12636,2191,482,1201,5888,2092,35465,1244,5696,0,0,0,0,0
1053,11952,1053.0697767174127,99744,1167,741,189,63,54081,28743,0.8303657362848893,749,412,31654,36303,11280,6613,4959,5866,45405,36164,0,0,5905,4566,18597,3725,12692,2213,481,1210,5972,2091,35371,1241,5680,0,0,0,0,0
1054,11952,1054.226149905991,99744,1197,746,189,63,54286,28862,0.833614051973051,757,426,31551,36244,11386,6695,4918,5824,45405,36164,0,0,5879,4539,18524,3758,12793,2225,481,1229,6052,2086,35276,1234,5668,0,0,0,0,0
1055,11952,1055.3855514934728,99742,1212,737,191,63,54504,28968,0.8368791482023621,730,442,31486,36187,11498,6782,4881,5787,45405,36164,0,0,5860,4527,18461,3764,12881,2252,479,1244,6170,2080,35149,1228,5647,0,0,0,0,0
1056,11952,1056.1599863110628,99742,1258,756,191,63,54672,29067,0.839556054620922,725,440,31411,36148,11556,6836,4857,5755,45405,36164,0,0,5843,4514,18427,3779,12924,2272,477,1258,6242,2079,35070,1224,5633,0,0,0,0,0
1057,11952,1057.3241783226374,99741,1256,758,192,63,54883,29195,0.8429632748819442,734,466,31310,36069,11683,6924,4823,5718,45405,36164,0,0,5813,4485,18357,3810,13013,2304,474,1283,6343,2072,34957,1221,5609,0,0,0,0,0
1058,11952,1058.1021785980445,99741,1258,751,192,63,55017,29273,0.8450887799400447,768,485,31236,36027,11756,6977,4788,5695,45405,36164,0,0,5792,4470,18313,3830,13073,2320,471,1299,6410,2065,34883,1219,5596,0,0,0,0,0
1059,11952,1059.2721278133365,99740,1267,764,193,63,55236,29403,0.8485963505113294,783,515,31125,35959,11878,7048,4752,5649,45405,36164,0,0,5768,4451,18258,3845,13159,2351,471,1320,6517,2055,34760,1214,5571,0,0,0,0,0
1060,11952,1060.054076760403,99740,1263,766,193,63,55389,29502,0.8511229195909364,778,510,31047,35909,11983,7123,4734,5627,45405,36164,0,0,5746,4423,18221,3868,13223,2373,471,1341,6593,2050,34674,1209,5548,0,0,0,0,0
1061,11952,1061.2305119282723,99738,1253,797,195,63,55582,29645,0.8545088130902966,803,498,30934,35860,12109,7188,4704,5592,45405,36164,0,0,5717,4406,18153,3890,13318,2397,469,1366,6683,2043,34565,1202,5529,0,0,0,0,0
1062,11952,1062.017042950255,99737,1266,803,196,63,55744,29738,0.8570741048958761,804,505,30860,35816,12200,7252,4672,5559,45405,36164,0,0,5691,4385,18113,3908,13365,2420,469,1390,6769,2041,34473,1200,5513,0,0,0,0,0
1063,11952,1063.1998004845632,99737,1282,808,196,63,55979,29879,0.8608440197720003,830,512,30741,35750,12328,7340,4621,5525,45405,36164,0,0,5663,4370,18038,3924,13468,2449,468,1414,6887,2038,34340,1190,5488,0,0,0,0,0
1064,11952,1064.386645828698,99735,1298,829,197,64,56207,30033,0.8646914322955833,847,509,30608,35691,12452,7438,4596,5467,45405,36164,0,0,5635,4356,17980,3933,13566,2476,465,1440,7001,2029,34211,1182,5461,0,0,0,0,0
1065,11952,1065.1803542081532,99734,1322,844,198,64,56378,30138,0.8674674634527844,826,500,30545,35641,12539,7503,4568,5446,45405,36164,0,0,5613,4339,17946,3944,13625,2494,465,1461,7086,2023,34114,1177,5447,0,0,0,0,0
1066,11952,1066.3742875663052,99734,1339,856,198,64,56631,30294,0.871568371869172,818,491,30450,35568,12664,7604,4529,5415,45405,36164,0,0,5589,4310,17881,3976,13705,2528,464,1482,7232,2019,33958,1165,5425,0,0,0,0,0
1067,11952,1067.1721758442827,99734,1343,864,198,64,56787,30405,0.8742454930114103,817,504,30409,35497,12737,7673,4494,5396,45405,36164,0,0,5572,4287,17825,3998,13763,2555,463,1496,7318,2015,33866,1159,5417,0,0,0,0,0
1068,11952,1068.3711602949718,99732,1362,882,200,64,57049,30567,0.8785144186419604,798,481,30293,35431,12887,7776,4458,5364,45405,36164,0,0,5541,4259,17749,4027,13852,2588,460,1524,7465,2011,33709,1151,5396,0,0,0,0,0
1069,11952,1069.172792264649,99731,1361,850,200,65,57208,30646,0.8809096469502963,834,503,30201,35390,12975,7846,4427,5344,45405,36164,0,0,5508,4239,17711,4037,13912,2613,460,1553,7558,2003,33606,1151,5380,0,0,0,0,0
1070,11952,1070.3793796212037,99728,1381,853,202,66,57472,30788,0.8850072196374138,839,522,30100,35322,13093,7929,4383,5306,45405,36164,0,0,5482,4217,17642,4053,14016,2645,459,1572,7679,1998,33460,1141,5364,0,0,0,0,0
1071,11952,1071.1856895341966,99728,1373,852,202,66,57640,30887,0.8876845018450185,850,518,30015,35289,13200,8001,4358,5272,45405,36164,0,0,5462,4198,17588,4069,14099,2667,457,1588,7759,1995,33362,1135,5349,0,0,0,0,0
1072,11952,1072.3993367245162,99727,1415,846,202,67,57903,31029,0.8917544897570368,841,536,29911,35227,13316,8084,4313,5238,45405,36164,0,0,5437,4173,17517,4088,14176,2713,457,1607,7882,1990,33226,1131,5330,0,0,0,0,0
1073,11952,1073.210394110387,99725,1419,844,203,68,58066,31138,0.8944998746553021,854,526,29840,35178,13400,8164,4282,5218,45405,36164,0,0,5419,4159,17462,4106,14233,2740,455,1621,7985,1982,33118,1125,5320,0,0,0,0,0
1074,11952,1074.0232185417383,99725,1443,855,203,68,58254,31249,0.8974981198295312,840,530,29770,35123,13487,8233,4255,5189,45405,36164,0,0,5398,4141,17418,4119,14294,2765,454,1640,8073,1981,33013,1121,5308,0,0,0,0,0
1075,11952,1075.245682629158,99725,1428,884,203,68,58485,31433,0.9016595638004512,872,518,29667,35044,13619,8338,4209,5146,45405,36164,0,0,5367,4128,17340,4131,14411,2799,449,1664,8200,1972,32866,1116,5282,0,0,0,0,0
1076,11952,1076.0629453554227,99725,1469,875,203,68,58667,31527,0.9044271747305089,883,522,29579,35009,13681,8408,4183,5116,45405,36164,0,0,5349,4112,17294,4141,14493,2818,449,1678,8262,1966,32784,1113,5266,0,0,0,0,0
1077,11952,1077.2923031169557,99724,1460,853,203,69,58924,31683,0.9085776743812923,901,533,29453,34936,13835,8541,4146,5066,45405,36164,0,0,5307,4080,17233,4166,14590,2859,449,1708,8410,1963,32610,1111,5238,0,0,0,0,0
1078,11952,1078.1146379377547,99722,1467,863,205,69,59094,31795,0.9114237580473717,892,521,29397,34905,13925,8602,4112,5038,45405,36164,0,0,5291,4062,17180,4184,14648,2895,448,1719,8483,1957,32519,1110,5226,0,0,0,0,0
1079,11952,1079.351945165439,99720,1468,869,207,69,59370,31944,0.9157039711191336,904,531,29285,34836,14067,8697,4067,4996,45405,36164,0,0,5266,4032,17103,4204,14752,2948,446,1734,8593,1949,32384,1105,5204,0,0,0,0,0
1080,11952,1080.179250262583,99720,1446,851,207,69,59547,32046,0.9185018050541516,893,535,29223,34794,14183,8777,4046,4972,45405,36164,0,0,5240,4009,17050,4227,14810,2990,444,1757,8687,1944,32274,1096,5192,0,0,0,0,0
1081,11952,1081.0084761879973,99720,1444,850,207,69,59737,32142,0.9213698355395107,891,532,29145,34767,14297,8829,4014,4951,45405,36164,0,0,5220,3989,16994,4245,14890,3016,443,1772,8775,1938,32173,1091,5174,0,0,0,0,0
1082,11952,1082.2563428489284,99718,1468,894,209,69,60006,32325,0.9259210974949357,906,520,29006,34684,14437,8919,3972,4912,45405,36164,0,0,5189,3976,16928,4259,14969,3060,443,1797,8912,1936,32014,1085,5150,0,0,0,0,0
1083,11952,1083.0913494340452,99717,1493,896,210,69,60197,32425,0.9288486416558862,882,539,28952,34630,14510,8977,3951,4887,45405,36164,0,0,5173,3960,16871,4270,15041,3092,443,1808,8985,1933,31933,1081,5127,0,0,0,0,0
1084,11952,1084.3471393226714,99717,1532,873,210,69,60488,32599,0.9335118385029634,896,532,28824,34554,14628,9109,3908,4861,45405,36164,0,0,5132,3935,16796,4287,15148,3136,441,1846,9138,1925,31763,1071,5099,0,0,0,0,0
1085,11952,1085.1870584927865,99715,1542,879,211,70,60675,32706,0.9364789650503936,895,529,28748,34506,14722,9170,3880,4844,45405,36164,0,0,5110,3918,16745,4295,15227,3165,440,1863,9212,1918,31673,1067,5082,0,0,0,0,0
1086,11952,1086.0289629934396,99715,1554,914,211,70,60869,32824,0.9396078824650254,874,502,28675,34473,14832,9220,3852,4819,45405,36164,0,0,5091,3901,16699,4316,15292,3191,439,1875,9283,1917,31587,1057,5067,0,0,0,0,0
1087,11952,1087.29592483895,99715,1536,889,211,70,61148,32981,0.943980343980344,894,508,28538,34416,15009,9338,3810,4777,45405,36164,0,0,5059,3873,16613,4333,15431,3242,436,1904,9413,1908,31425,1050,5028,0,0,0,0,0
1088,11952,1088.1437372309913,99715,1534,894,211,70,61326,33087,0.9468284611141754,899,518,28458,34362,15103,9396,3793,4758,45405,36164,0,0,5045,3857,16575,4339,15487,3276,436,1915,9519,1903,31310,1045,5008,0,0,0,0,0
1089,11952,1089.4200850320756,99714,1551,909,212,70,61612,33271,0.951551437110135,914,506,28329,34290,15242,9507,3750,4716,45405,36164,0,0,5015,3833,16488,4368,15579,3332,434,1934,9653,1895,31156,1037,4990,0,0,0,0,0
1090,11952,1090.2742648829847,99714,1584,915,212,70,61818,33391,0.9548207874521131,910,508,28242,34223,15320,9583,3730,4699,45405,36164,0,0,4996,3824,16440,4380,15648,3364,433,1951,9740,1891,31048,1028,4971,0,0,0,0,0
1091,11952,1091.1303323536106,99713,1579,907,213,70,62014,33497,0.9578590554892542,912,512,28156,34180,15439,9656,3699,4673,45405,36164,0,0,4982,3809,16387,4391,15714,3409,432,1957,9832,1885,30940,1024,4951,0,0,0,0,0
1092,11952,1092.4195562857192,99712,1600,907,214,70,62328,33670,0.9627527278562259,901,518,28031,34118,15595,9749,3657,4636,45405,36164,0,0,4952,3784,16295,4415,15864,3451,430,1977,9940,1876,30793,1014,4921,0,0,0,0,0
1093,11952,1093.2819566811056,99712,1599,898,214,70,62511,33769,0.9655808729139923,909,526,27955,34068,15690,9824,3631,4612,45405,36164,0,0,4938,3765,16243,4428,15946,3476,430,1987,10034,1870,30685,1005,4905,0,0,0,0,0
1094,11952,1094.1467694467897,99712,1612,895,214,70,62723,33886,0.9688803754813864,879,528,27875,34020,15814,9894,3604,4591,45405,36164,0,0,4907,3746,16180,4446,16025,3514,429,2011,10110,1864,30588,999,4893,0,0,0,0,0
