,indexID,time,N,Inf_L,Inf_H,Dead_L,Dead_H,cum_cases_L,cum_cases_H,cum_sum_per_N,Exposed_L,Exposed_H,Sus_L,Sus_H,Rec_nat_L,Rec_nat_H,Rec_vax_L,Rec_vax_H,vaccinatedH,vaccinatedL,boostedH,boostedL,count_Naive,count_Delta,count_Delta_vaccine,count_two,count_three,count_four,count_Omicron,count_Omicron_star,count_Omicron_star_vaccine,count_Omicron_vaccine,count_Vaccine,count_WT,count_WT_vaccine,count_WT_vaccine_boost,count_Omicron_vaccine_boost,count_Delta_vaccine_boost,count_Omicron_star_vaccine_boost,count_Vaccine_boost
0,11692,1.0184109943970923,99996,6,5,0,0,7,5,0.00012000480019200768,19,20,49972,49973,1,0,0,0,0,0,0,0,99995,0,0,0,0,0,0,0,0,0,0,1,0,0,0,0,0,0
1,11692,2.15858253733624,99996,7,7,0,0,10,8,0.00018000720028801153,17,18,49971,49972,3,1,0,0,0,0,0,0,99992,0,0,0,0,0,0,0,0,0,0,4,0,0,0,0,0,0
2,11692,3.000069658995649,99996,4,4,0,0,12,9,0.00021000840033601344,16,17,49970,49972,8,5,0,0,0,0,0,0,99983,0,0,0,0,0,0,0,0,0,0,13,0,0,0,0,0,0
3,11692,4.067004135773458,99996,7,5,0,0,16,12,0.0002800112004480179,13,15,49969,49971,9,7,0,0,0,0,0,0,99980,0,0,0,0,0,0,0,0,0,0,16,0,0,0,0,0,0
4,11692,5.105658270102217,99996,12,8,0,0,21,15,0.00036001440057602306,10,12,49967,49971,9,7,0,0,0,0,0,0,99980,0,0,0,0,0,0,0,0,0,0,16,0,0,0,0,0,0
5,11692,6.058083436587876,99996,13,8,0,0,22,17,0.000390015600624025,13,10,49963,49971,9,9,0,0,0,0,0,0,99978,0,0,0,0,0,0,0,0,0,0,18,0,0,0,0,0,0
6,11692,7.023749251050376,99996,13,8,0,0,25,20,0.0004500180007200288,13,7,49960,49971,12,12,0,0,0,0,0,0,99972,0,0,0,0,0,0,0,0,0,0,24,0,0,0,0,0,0
7,11692,8.006744268257885,99996,13,8,0,0,26,21,0.00047001880075203006,13,7,49959,49970,13,13,0,0,0,0,0,0,99970,0,0,0,0,0,0,0,0,0,0,26,0,0,0,0,0,0
8,11692,9.07656433001447,99996,20,11,0,0,34,25,0.0005900236009440378,11,5,49953,49968,14,14,0,0,0,0,0,0,99968,0,0,0,0,0,0,0,0,0,0,28,0,0,0,0,0,0
9,11692,10.073680977371092,99996,21,11,0,0,38,26,0.000640025601024041,10,7,49950,49965,17,15,0,0,0,0,0,0,99964,0,0,0,0,0,0,0,0,0,0,32,0,0,0,0,0,0
10,11692,11.039014106245423,99996,21,11,0,0,41,27,0.0006800272010880435,14,7,49943,49964,20,16,0,0,0,0,0,0,99960,0,0,0,0,0,0,0,0,0,0,36,0,0,0,0,0,0
11,11692,12.008995807536822,99996,20,11,0,0,43,28,0.0007100284011360454,14,8,49941,49962,23,17,0,0,0,0,0,0,99956,0,0,0,0,0,0,0,0,0,0,40,0,0,0,0,0,0
12,11692,13.020220119737528,99996,22,11,0,0,46,29,0.000750030001200048,19,8,49933,49962,24,17,0,0,0,0,0,0,99954,0,0,0,0,0,0,0,0,0,0,42,0,0,0,0,0,0
13,11692,14.003001347181542,99996,24,11,0,0,50,31,0.0008100324012960519,19,7,49931,49961,24,19,0,0,0,0,0,0,99950,0,0,0,0,0,0,0,0,0,0,46,0,0,0,0,0,0
14,11692,15.021926585033963,99996,28,12,0,0,57,33,0.0009000360014400576,14,8,49929,49958,27,20,0,0,0,0,0,0,99946,0,0,0,0,0,0,0,0,0,0,50,0,0,0,0,0,0
15,11692,16.091280250578418,99996,30,12,0,0,62,36,0.0009800392015680626,16,9,49922,49954,30,23,0,0,0,0,0,0,99940,0,0,0,0,0,0,0,0,0,0,56,0,0,0,0,0,0
16,11692,17.029180814347626,99996,29,14,0,0,65,39,0.0010400416016640667,17,8,49919,49952,33,24,0,0,0,0,0,0,99935,0,0,0,0,0,0,0,0,0,0,61,0,0,0,0,0,0
17,11692,18.021843109680855,99996,33,18,0,0,71,45,0.0011600464018560743,12,5,49918,49949,35,26,0,0,0,0,0,0,99931,0,0,0,0,0,0,0,0,0,0,65,0,0,0,0,0,0
18,11692,19.08529059898684,99996,33,15,0,0,77,47,0.0012400496019840794,12,4,49913,49948,40,31,0,0,0,0,0,0,99920,0,0,0,0,0,0,0,0,0,0,76,0,0,0,0,0,0
19,11692,20.015350190623117,99996,31,14,0,0,80,48,0.001280051202048082,14,4,49908,49947,45,33,0,0,0,0,0,0,99913,0,0,0,0,0,0,0,0,0,0,83,0,0,0,0,0,0
20,11692,21.223627372656537,99996,32,14,0,0,85,51,0.001360054402176087,12,5,49905,49943,49,36,0,0,0,0,0,0,99906,0,0,0,0,0,0,0,0,0,0,90,0,0,0,0,0,0
21,11692,22.072009484425053,99996,30,13,0,0,87,51,0.0013800552022080884,13,7,49903,49941,52,37,0,0,0,0,0,0,99901,0,0,0,0,0,0,0,0,0,0,95,0,0,0,0,0,0
22,11692,23.02584133118688,99996,32,11,0,0,90,52,0.0014200568022720908,14,6,49899,49941,53,40,0,0,0,0,0,0,99897,0,0,0,0,0,0,0,0,0,0,99,0,0,0,0,0,0
23,11692,24.065633860707386,99996,31,11,0,0,96,53,0.0014900596023840955,13,5,49895,49941,59,41,0,0,0,0,0,0,99889,0,0,0,0,0,0,0,0,0,0,107,0,0,0,0,0,0
24,11692,25.140384191592453,99996,32,10,0,0,99,53,0.0015200608024320973,17,6,49888,49941,61,41,0,0,0,0,0,0,99886,0,0,0,0,0,0,0,0,0,0,110,0,0,0,0,0,0
25,11692,26.010308813299066,99996,33,8,0,0,102,53,0.0015500620024800993,16,10,49886,49937,63,43,0,0,0,0,0,0,99882,0,0,0,0,0,0,0,0,0,0,114,0,0,0,0,0,0
26,11692,27.040280661702152,99996,34,12,0,0,106,58,0.001640065602624105,16,6,49882,49936,66,44,0,0,0,0,0,0,99878,0,0,0,0,0,0,0,0,0,0,118,0,0,0,0,0,0
27,11692,28.24831665334929,99996,32,12,0,0,111,60,0.0017100684027361094,17,7,49877,49933,72,46,0,0,0,0,0,0,99869,0,0,0,0,0,0,0,0,0,0,127,0,0,0,0,0,0
28,11692,29.059838623759408,99996,31,11,0,0,115,61,0.0017600704028161126,16,9,49874,49930,77,48,0,0,0,0,0,0,99862,0,0,0,0,0,0,0,0,0,0,134,0,0,0,0,0,0
29,11692,30.194754861152305,99996,31,14,0,0,119,65,0.0018400736029441178,15,6,49871,49929,81,49,0,0,0,0,0,0,99857,0,0,0,0,0,0,0,0,0,0,139,0,0,0,0,0,0
30,11692,31.08087449077421,99996,24,13,0,0,122,67,0.001890075603024121,20,8,49863,49925,91,52,0,0,0,0,0,0,99844,0,0,0,0,0,0,0,0,0,0,152,0,0,0,0,0,0
31,11692,32.134498919937755,99996,27,11,0,0,128,68,0.0019600784031361253,19,8,49858,49924,94,55,0,0,0,0,0,0,99838,0,0,0,0,0,0,0,0,0,0,158,0,0,0,0,0,0
32,11692,33.15046586574182,99996,28,9,0,0,131,70,0.0020100804032161285,20,7,49854,49923,96,59,0,0,0,0,0,0,99832,0,0,0,0,0,0,0,0,0,0,164,0,0,0,0,0,0
33,11692,34.08696698145901,99996,27,12,0,0,137,74,0.002110084403376135,17,5,49851,49921,103,60,0,0,0,0,0,0,99824,0,0,0,0,0,0,0,0,0,0,172,0,0,0,0,0,0
34,11692,35.062153490724924,99996,24,11,0,0,138,74,0.0021200848033921357,17,6,49851,49920,106,61,0,0,0,0,0,0,99819,0,0,0,0,0,0,0,0,0,0,177,0,0,0,0,0,0
35,11692,36.08009386931856,99996,28,11,0,0,144,76,0.002200088003520141,16,4,49846,49920,108,63,0,0,0,0,0,0,99815,0,0,0,0,0,0,0,0,0,0,181,0,0,0,0,0,0
36,11692,37.058842741453674,99996,27,11,0,0,147,77,0.0022400896035841434,21,5,49838,49918,112,64,0,0,0,0,0,0,99810,0,0,0,0,0,0,0,0,0,0,186,0,0,0,0,0,0
37,11692,38.03172057503815,99996,32,10,0,0,154,77,0.002310092403696148,16,5,49836,49919,114,64,0,0,0,0,0,0,99807,0,0,0,0,0,0,0,0,0,0,189,0,0,0,0,0,0
38,11692,39.22935503324773,99996,31,8,0,0,159,78,0.002370094803792152,13,7,49834,49916,120,67,0,0,0,0,0,0,99798,0,0,0,0,0,0,0,0,0,0,198,0,0,0,0,0,0
39,11692,40.03448817884833,99996,31,8,0,0,162,79,0.0024100964038561543,15,7,49831,49915,121,68,0,0,0,0,0,0,99794,0,0,0,0,0,0,0,0,0,0,202,0,0,0,0,0,0
40,11692,41.17152765255679,99996,27,9,0,0,164,81,0.0024500980039201567,21,7,49824,49913,126,69,0,0,0,0,0,0,99787,0,0,0,0,0,0,0,0,0,0,209,0,0,0,0,0,0
41,11692,42.001104117900105,99996,25,8,0,0,166,82,0.0024800992039681587,23,7,49821,49912,129,71,0,0,0,0,0,0,99781,0,0,0,0,0,0,0,0,0,0,215,0,0,0,0,0,0
42,11692,43.27691841559453,99996,26,9,0,0,172,85,0.0025701028041121643,21,4,49817,49912,134,73,0,0,0,0,0,0,99774,0,0,0,0,0,0,0,0,0,0,222,0,0,0,0,0,0
43,11692,44.04935150518475,99996,27,9,0,0,176,86,0.0026201048041921676,20,3,49814,49912,137,74,0,0,0,0,0,0,99770,0,0,0,0,0,0,0,0,0,0,226,0,0,0,0,0,0
44,11692,45.258791109439656,99996,24,8,0,0,181,87,0.0026801072042881716,20,7,49809,49907,145,76,0,0,0,0,0,0,99760,0,0,0,0,0,0,0,0,0,0,236,0,0,0,0,0,0
45,11692,46.034907429482416,99996,23,10,0,0,183,90,0.002730109204368175,20,4,49807,49908,148,76,0,0,0,0,0,0,99756,0,0,0,0,0,0,0,0,0,0,240,0,0,0,0,0,0
46,11692,47.112173383423226,99996,23,7,0,0,188,91,0.0027901116044641784,17,6,49805,49906,153,79,0,0,0,0,0,0,99747,0,0,0,0,0,0,0,0,0,0,249,0,0,0,0,0,0
47,11692,48.23127066281046,99996,24,9,0,0,192,94,0.002860114404576183,16,4,49804,49907,154,78,0,0,0,0,0,0,99743,0,0,0,0,0,0,0,0,0,0,253,0,0,0,0,0,0
48,11692,49.03692949035991,99996,24,8,0,0,196,95,0.002910116404656186,17,5,49799,49905,158,80,0,0,0,0,0,0,99737,0,0,0,0,0,0,0,0,0,0,259,0,0,0,0,0,0
49,11692,50.03723950693018,99996,27,9,0,0,202,96,0.002980119204768191,13,5,49797,49905,161,79,0,0,0,0,0,0,99734,0,0,0,0,0,0,0,0,0,0,262,0,0,0,0,0,0
50,11692,51.297267341412486,99996,23,9,0,0,206,98,0.0030401216048641946,12,7,49795,49901,168,81,0,0,0,0,0,0,99724,0,0,0,0,0,0,0,0,0,0,272,0,0,0,0,0,0
51,11692,52.01018155050778,99996,20,9,0,0,209,99,0.003080123204928197,10,6,49795,49901,173,82,0,0,0,0,0,0,99717,0,0,0,0,0,0,0,0,0,0,279,0,0,0,0,0,0
52,11692,53.208871997395356,99996,20,10,0,0,211,100,0.003110124404976199,10,5,49793,49901,175,82,0,0,0,0,0,0,99715,0,0,0,0,0,0,0,0,0,0,281,0,0,0,0,0,0
53,11692,54.131347476361434,99996,21,9,0,0,214,100,0.003140125605024201,11,6,49789,49900,177,83,0,0,0,0,0,0,99712,0,0,0,0,0,0,0,0,0,0,284,0,0,0,0,0,0
54,11692,55.216953514956224,99996,20,6,0,0,218,100,0.0031801272050882034,10,8,49786,49898,182,86,0,0,0,0,0,0,99704,0,0,0,0,0,0,0,0,0,0,292,0,0,0,0,0,0
55,11692,56.07163095351448,99996,19,7,0,0,219,102,0.0032101284051362054,11,7,49784,49897,184,87,0,0,0,0,0,0,99701,0,0,0,0,0,0,0,0,0,0,295,0,0,0,0,0,0
56,11692,57.11334063867479,99996,18,7,0,0,220,104,0.0032401296051842074,10,8,49785,49895,185,88,0,0,0,0,0,0,99697,0,0,0,0,0,0,0,0,0,0,299,0,0,0,0,0,0
57,11692,58.073756791158026,99996,20,9,0,0,225,106,0.003310132405296212,9,8,49781,49893,188,88,0,0,0,0,0,0,99694,0,0,0,0,0,0,0,0,0,0,302,0,0,0,0,0,0
58,11692,59.26536935230355,99996,15,10,0,0,225,108,0.003330133205328213,12,7,49779,49892,192,89,0,0,0,0,0,0,99688,0,0,0,0,0,0,0,0,0,0,308,0,0,0,0,0,0
59,11692,60.123767165229246,99996,16,14,0,0,229,113,0.0034201368054722187,11,7,49776,49887,195,90,0,0,0,0,0,0,99684,0,0,0,0,0,0,0,0,0,0,312,0,0,0,0,0,0
60,11692,61.020770584783136,99996,19,16,0,0,232,115,0.003470138805552222,13,7,49771,49885,195,90,0,0,0,0,0,0,99684,0,0,0,0,0,0,0,0,0,0,312,0,0,0,0,0,0
61,11692,62.07611158613366,99996,17,16,0,0,235,116,0.0035101404056162248,16,8,49766,49883,199,91,0,0,0,0,0,0,99679,0,0,1,0,0,0,0,0,0,0,316,0,0,0,0,0,0
62,11692,63.000953154230025,99996,16,15,0,0,238,117,0.003550142005680227,16,9,49763,49882,203,92,0,0,0,0,0,0,99673,0,0,1,0,0,0,0,0,0,0,322,0,0,0,0,0,0
63,11692,64.02572789820543,99996,18,15,0,0,241,120,0.0036101444057762312,16,6,49761,49882,203,95,0,0,0,0,0,0,99669,0,0,1,0,0,0,0,0,0,0,326,0,0,0,0,0,0
64,11692,65.04036164292913,99996,20,12,0,0,245,121,0.0036601464058562344,12,6,49762,49882,204,98,0,0,0,0,0,0,99663,0,0,1,0,0,0,0,0,0,0,332,0,0,0,0,0,0
65,11692,66.0640001610504,99996,26,12,0,0,251,124,0.00375015000600024,11,3,49757,49882,204,101,0,0,0,0,0,0,99660,0,0,1,0,0,0,0,0,0,0,335,0,0,0,0,0,0
66,11692,67.20988972788157,99996,22,12,0,0,251,126,0.0037701508060322413,13,2,49755,49882,208,102,0,0,0,0,0,0,99654,0,0,1,0,0,0,0,0,0,0,341,0,0,0,0,0,0
67,11692,68.05045674906494,99996,24,11,0,0,254,126,0.0038001520060802433,11,4,49756,49880,207,103,0,0,0,0,0,0,99652,0,0,1,0,0,0,0,0,0,0,343,0,0,0,0,0,0
68,11692,69.17377492666392,99996,21,10,0,0,255,126,0.0038101524060962437,13,5,49754,49879,210,104,0,0,0,0,0,0,99647,0,0,1,0,0,0,0,0,0,0,348,0,0,0,0,0,0
69,11692,70.16021482860116,99996,21,13,0,0,259,129,0.0038801552062082485,12,6,49752,49875,213,104,0,0,0,0,0,0,99643,0,0,1,0,0,0,0,0,0,0,352,0,0,0,0,0,0
70,11692,71.05933556141785,99996,25,13,0,0,264,129,0.003930157206288251,12,9,49748,49872,213,104,0,0,0,0,0,0,99642,0,0,1,0,0,0,0,0,0,0,353,0,0,0,0,0,0
71,11692,72.094059715366,99996,24,14,0,0,267,131,0.0039801592063682546,13,11,49744,49870,217,103,0,0,0,0,0,0,99637,0,0,1,0,0,0,0,0,0,0,358,0,0,0,0,0,0
72,11692,73.12157378300492,99996,25,15,0,0,272,134,0.00406016240649626,9,13,49743,49865,221,105,0,0,0,0,0,0,99631,0,0,1,0,0,0,0,0,0,0,364,0,0,0,0,0,0
73,11692,74.1100790130639,99996,26,15,0,0,276,139,0.004150166006640266,6,9,49742,49864,224,110,0,0,0,0,0,0,99623,0,0,1,0,0,0,0,0,0,0,372,0,0,0,0,0,0
74,11692,75.22715569381681,99996,23,15,0,0,277,142,0.004190167606704268,9,8,49738,49862,228,113,0,0,0,0,0,0,99616,0,0,1,0,0,0,0,0,0,0,379,0,0,0,0,0,0
75,11692,76.18538217613823,99996,20,15,0,0,279,144,0.004230169206768271,11,9,49734,49859,233,115,0,0,0,0,0,0,99609,0,0,1,0,0,0,0,0,0,0,386,0,0,0,0,0,0
76,11692,77.06905548504565,99996,19,17,0,0,281,147,0.004280171206848274,10,7,49733,49858,236,116,0,0,0,0,0,0,99605,0,0,1,0,0,0,0,0,0,0,390,0,0,0,0,0,0
77,11692,78.06517139739927,99996,19,18,0,0,287,150,0.0043701748069922795,8,6,49729,49856,242,118,0,0,0,0,0,0,99597,0,0,1,0,0,0,0,0,0,0,398,0,0,0,0,0,0
78,11692,79.23257109493592,99996,21,16,0,0,294,151,0.004450178007120285,4,8,49727,49854,246,120,0,0,0,0,0,0,99589,0,0,1,0,0,0,0,0,0,0,406,0,0,0,0,0,0
79,11692,80.15032439648479,99996,19,18,0,0,294,153,0.004470178807152286,8,6,49723,49854,248,120,0,0,0,0,0,0,99587,0,0,1,0,0,0,0,0,0,0,408,0,0,0,0,0,0
80,11692,81.04462779042603,99996,16,18,0,0,295,155,0.0045001800072002884,11,6,49719,49854,252,120,0,0,0,0,0,0,99581,0,0,1,0,0,0,0,0,0,0,414,0,0,0,0,0,0
81,11692,82.22733551766814,99996,17,16,0,0,299,157,0.004560182407296292,13,7,49713,49853,255,122,0,0,0,0,0,0,99574,0,0,1,0,0,0,0,0,0,0,421,0,0,0,0,0,0
82,11692,83.09352227522939,99996,18,16,0,0,301,159,0.004600184007360294,13,8,49711,49850,256,124,0,0,0,0,0,0,99571,0,0,1,0,0,0,0,0,0,0,424,0,0,0,0,0,0
83,11692,84.02216665972088,99996,20,18,0,0,304,162,0.004660186407456298,12,6,49709,49849,257,125,0,0,0,0,0,0,99569,0,0,1,0,0,0,0,0,0,0,426,0,0,0,0,0,0
84,11692,85.09631304839218,99996,18,17,0,0,305,164,0.0046901876075043005,14,4,49706,49850,260,127,0,0,0,0,0,0,99563,0,0,1,0,0,0,0,0,0,0,432,0,0,0,0,0,0
85,11692,86.04991980577137,99996,20,18,0,0,310,166,0.0047601904076163045,11,5,49707,49847,260,128,0,0,0,0,0,0,99559,0,0,1,0,0,0,0,0,0,0,436,0,0,0,0,0,0
86,11692,87.2723565378342,99996,21,18,0,0,314,170,0.00484019360774431,12,5,49703,49843,262,132,0,0,0,0,0,0,99552,0,0,1,0,0,0,0,0,0,0,443,0,0,0,0,0,0
87,11692,88.22933485870765,99996,18,18,0,0,315,172,0.004870194807792312,17,5,49698,49842,265,133,0,0,0,0,0,0,99546,0,0,1,0,0,0,0,0,0,0,449,0,0,0,0,0,0
88,11692,89.1459461507749,99996,21,17,0,0,320,173,0.004930197207888316,15,7,49696,49839,266,135,0,0,0,0,0,0,99542,0,0,1,0,0,0,0,0,0,0,453,0,0,0,0,0,0
89,11692,90.14775282910219,99996,24,14,0,0,323,175,0.004980199207968319,21,8,49690,49836,263,140,0,0,0,0,0,0,99537,0,0,1,0,0,0,0,0,0,0,458,0,0,0,0,0,0
90,11692,91.08410222089911,99996,28,12,0,0,328,177,0.005050202008080323,23,7,49683,49836,264,143,0,0,0,0,0,0,99532,0,0,1,0,0,0,0,0,0,0,463,0,0,0,0,0,0
91,11692,92.03432538845448,99996,32,12,0,0,335,178,0.005130205208208329,19,8,49683,49835,264,143,0,0,0,0,0,0,99528,0,0,1,0,0,0,0,0,0,0,467,0,0,0,0,0,0
92,11692,93.0321797739382,99996,35,11,0,0,340,179,0.005190207608304332,18,11,49680,49831,265,145,0,0,0,0,0,0,99524,0,0,1,0,0,0,0,0,0,0,471,0,0,0,0,0,0
93,11692,94.00951437614802,99996,33,14,0,0,342,183,0.005250210008400336,18,10,49679,49828,268,146,0,0,0,0,0,0,99520,0,0,2,0,0,0,0,0,0,0,474,0,0,0,0,0,0
94,11692,95.06516857174981,99996,28,15,0,0,345,186,0.00531021240849634,17,11,49679,49825,274,147,0,0,0,0,0,0,99510,0,0,2,0,0,0,0,0,0,0,484,0,0,0,0,0,0
95,11692,96.21297841294961,99996,30,13,0,0,351,189,0.005400216008640346,15,8,49677,49826,276,151,0,0,0,0,0,0,99502,0,0,3,0,0,0,0,0,0,0,491,0,0,0,0,0,0
96,11692,97.01277540644915,99996,31,12,0,0,354,191,0.005450218008720349,14,10,49677,49823,276,153,0,0,0,0,0,0,99497,0,0,3,0,0,0,0,0,0,0,496,0,0,0,0,0,0
97,11692,98.06345643484501,99996,31,15,0,0,358,195,0.005530221208848354,14,8,49675,49822,278,153,0,0,0,0,0,0,99492,0,0,3,0,0,0,0,0,0,0,501,0,0,0,0,0,0
98,11692,99.0586854862746,99996,29,15,0,0,363,197,0.0056002240089603585,10,6,49676,49822,283,155,0,0,0,0,0,0,99483,0,0,3,0,0,0,0,0,0,0,510,0,0,0,0,0,0
99,11692,100.00995338168347,99996,26,17,0,0,364,202,0.0056602264090563625,12,8,49673,49815,287,158,0,0,0,0,0,0,99476,0,0,3,0,0,0,0,0,0,0,517,0,0,0,0,0,0
100,11692,101.10389426124505,99996,29,16,0,0,371,202,0.0057302292091683665,10,9,49668,49814,291,159,0,0,0,0,0,0,99471,0,0,3,0,0,0,0,0,0,0,522,0,0,0,0,0,0
101,11692,102.0979200899729,99996,26,17,0,0,376,204,0.005800232009280371,10,10,49663,49812,299,159,0,0,0,0,0,0,99462,0,0,3,0,0,0,0,0,0,0,531,0,0,0,0,0,0
102,11692,103.02380839302437,99996,28,18,0,0,381,208,0.005890235609424377,12,8,49656,49814,302,158,0,0,0,0,0,0,99456,0,0,3,0,0,0,0,0,0,0,537,0,0,0,0,0,0
103,11692,104.10918882707028,99996,31,17,0,0,386,210,0.005960238409536382,9,11,49654,49810,304,160,0,0,0,0,0,0,99451,0,0,3,0,0,0,0,0,0,0,542,0,0,0,0,0,0
104,11692,105.0196534070548,99996,32,18,0,0,390,214,0.006040241609664387,9,8,49650,49809,307,163,0,0,0,0,0,0,99445,0,0,3,0,0,0,0,0,0,0,548,0,0,0,0,0,0
105,11692,106.00959582924122,99996,31,20,0,0,392,218,0.006100244009760391,13,10,49645,49804,309,164,0,0,0,0,0,0,99440,0,0,3,0,0,0,0,0,0,0,553,0,0,0,0,0,0
106,11692,107.11447169027926,99996,34,22,0,0,398,225,0.006230249209968399,14,6,49640,49801,310,169,0,0,0,0,0,0,99432,0,0,3,0,0,0,0,0,0,0,561,0,0,0,0,0,0
107,11692,108.23271536622144,99996,35,20,0,0,402,226,0.006280251210048402,19,11,49632,49795,312,172,0,0,0,0,0,0,99426,0,0,3,0,0,0,0,0,0,0,567,0,0,0,0,0,0
108,11692,109.0176087736761,99996,38,21,0,0,407,228,0.006350254010160406,17,9,49629,49796,314,172,0,0,0,0,0,0,99423,0,0,3,0,0,0,0,0,0,0,570,0,0,0,0,0,0
109,11692,110.30359492598342,99996,34,19,0,0,414,229,0.006430257210288412,18,13,49621,49792,325,174,0,0,0,0,0,0,99409,0,0,3,0,0,0,0,0,0,0,584,0,0,0,0,0,0
110,11692,111.10373441789899,99996,32,15,0,0,415,230,0.0064502580103204124,18,15,49621,49790,327,178,0,0,0,0,0,0,99401,0,0,3,0,0,0,0,0,0,0,592,0,0,0,0,0,0
111,11692,112.05829686817921,99996,32,17,0,0,418,233,0.0065102604104164165,18,13,49618,49790,330,178,0,0,0,0,0,0,99397,0,0,3,0,0,0,0,0,0,0,596,0,0,0,0,0,0
112,11692,113.05484838039821,99996,33,20,0,0,423,238,0.006610264410576423,15,9,49616,49789,334,180,0,0,0,0,0,0,99391,0,0,3,0,0,0,0,0,0,0,602,0,0,0,0,0,0
113,11692,114.01483184146618,99996,30,21,0,0,426,242,0.006680267210688428,16,8,49613,49786,339,183,0,0,0,0,0,0,99382,0,0,3,0,0,0,0,0,0,0,611,0,0,0,0,0,0
114,11692,115.15381354832913,99996,27,19,0,0,429,245,0.006740269610784431,26,6,49600,49786,345,187,0,0,0,0,0,0,99371,0,0,3,0,0,0,0,0,0,0,622,0,0,0,0,0,0
115,11692,116.20975986388765,99996,30,13,0,0,436,247,0.0068302732109284375,23,7,49597,49783,348,195,0,0,0,0,0,0,99359,0,0,3,0,0,0,0,0,0,0,634,0,0,0,0,0,0
116,11692,117.03487805963215,99996,28,10,0,0,440,247,0.00687027481099244,26,9,49591,49781,353,198,0,0,0,0,0,0,99350,0,0,3,0,0,0,0,0,0,0,643,0,0,0,0,0,0
117,11692,118.09291478415105,99996,31,12,0,0,446,251,0.006970278811152446,24,9,49589,49777,354,200,0,0,0,0,0,0,99345,0,0,3,0,0,0,0,0,0,0,648,0,0,0,0,0,0
118,11692,119.00332234240948,99996,31,11,0,0,451,252,0.00703028121124845,25,9,49585,49776,357,202,0,0,0,0,0,0,99338,0,0,3,0,0,0,0,0,0,0,655,0,0,0,0,0,0
119,11692,120.31857827574082,99996,31,11,0,0,459,253,0.007120284811392456,21,11,49583,49775,363,201,0,0,0,0,0,0,99329,0,0,3,0,0,0,0,0,0,0,664,0,0,0,0,0,0
120,11692,121.09511873688308,99996,36,15,0,0,465,257,0.0072202888115524624,20,9,49581,49774,361,200,0,0,0,0,0,0,99328,0,0,3,0,0,0,0,0,0,0,665,0,0,0,0,0,0
121,11692,122.18146752676958,99996,40,17,0,0,473,259,0.007320292811712469,16,10,49578,49772,364,199,0,0,0,0,0,0,99324,0,0,3,0,0,0,0,0,0,0,669,0,0,0,0,0,0
122,11692,123.02975039117594,99996,36,16,0,0,476,260,0.007360294411776471,16,11,49579,49770,367,201,0,0,0,0,0,0,99315,0,0,3,0,0,0,0,0,0,0,678,0,0,0,0,0,0
123,11692,124.07487937271362,99996,37,14,0,0,482,260,0.0074202968118724745,17,14,49573,49767,371,203,0,0,0,0,0,0,99308,0,0,3,0,0,0,0,0,0,0,685,0,0,0,0,0,0
124,11692,125.04972123060169,99996,40,16,0,0,488,264,0.007520300812032481,17,11,49568,49766,373,205,0,0,0,0,0,0,99303,0,0,3,0,0,0,0,0,0,0,690,0,0,0,0,0,0
125,11692,126.00136456626058,99996,34,16,0,0,489,266,0.007550302012080483,22,10,49566,49766,376,206,0,0,0,0,0,0,99294,0,0,3,0,0,0,0,0,0,0,699,0,0,0,0,0,0
126,11692,127.04267488434809,99996,34,14,0,0,493,268,0.007610304412176487,22,11,49564,49764,378,209,0,0,0,0,0,0,99286,0,0,3,0,0,0,0,0,0,0,707,0,0,0,0,0,0
127,11692,128.1824503565358,99996,36,16,0,0,500,272,0.007720308812352494,22,9,49558,49763,382,210,0,0,0,0,0,0,99279,0,0,3,0,0,0,0,0,0,0,714,0,0,0,0,0,0
128,11692,129.07560316870538,99996,36,16,0,0,502,274,0.007760310412416497,22,8,49556,49763,384,211,0,0,0,0,0,0,99275,0,0,3,0,0,0,0,0,0,0,718,0,0,0,0,0,0
129,11692,130.00614055511372,99996,32,18,0,0,508,277,0.007850314012560502,19,7,49554,49763,393,210,0,0,0,0,0,0,99264,0,0,3,0,0,0,0,0,0,0,729,0,0,0,0,0,0
130,11692,131.00149210758252,99996,32,18,0,0,514,279,0.007930317212688508,16,8,49552,49760,398,212,0,0,0,0,0,0,99256,0,0,3,0,0,0,0,0,0,0,737,0,0,0,0,0,0
131,11692,132.0674025262767,99996,33,18,0,0,519,281,0.008000320012800512,13,9,49551,49758,401,213,0,0,0,0,0,0,99250,0,0,3,0,0,0,0,0,0,0,743,0,0,0,0,0,0
132,11692,133.27842731388816,99996,34,19,0,0,525,283,0.008080323212928517,21,13,49538,49753,405,213,0,0,0,0,0,0,99244,0,0,3,0,0,0,0,0,0,0,749,0,0,0,0,0,0
133,11692,134.10138108173808,99996,38,20,0,0,531,287,0.008180327213088524,16,10,49537,49755,407,213,0,0,0,0,0,0,99239,0,0,3,0,0,0,0,0,0,0,754,0,0,0,0,0,0
134,11692,135.092518904148,99996,37,20,0,0,534,288,0.008220328813152527,19,14,49533,49751,409,213,0,0,0,0,0,0,99234,0,0,3,0,0,0,0,0,0,0,759,0,0,0,0,0,0
135,11692,136.24974460619742,99996,36,19,0,0,539,293,0.008320332813312533,16,12,49533,49748,413,219,0,0,0,0,0,0,99222,0,0,3,0,0,0,0,0,0,0,771,0,0,0,0,0,0
136,11692,137.24115091538567,99996,34,21,0,0,543,296,0.008390335613424537,20,15,49527,49742,417,220,0,0,0,0,0,0,99215,0,0,3,0,0,0,0,0,0,0,778,0,0,0,0,0,0
137,11692,138.17107289262594,99996,31,23,0,0,545,302,0.008470338813552542,27,11,49518,49740,422,224,0,0,0,0,0,0,99206,0,0,3,0,0,0,0,0,0,0,787,0,0,0,0,0,0
138,11692,139.18739299048366,99996,35,23,0,0,553,305,0.00858034321372855,27,8,49513,49740,423,227,0,0,0,0,0,0,99199,0,0,3,0,0,0,0,0,0,0,794,0,0,0,0,0,0
139,11692,140.07436963761805,99996,40,23,0,0,566,306,0.008720348813952557,18,9,49510,49740,430,226,0,0,0,0,0,0,99190,0,0,3,0,0,0,0,0,0,0,803,0,0,0,0,0,0
140,11692,141.0027847855295,99996,42,21,0,0,571,308,0.008790351614064563,19,11,49506,49736,431,230,0,0,0,0,0,0,99183,0,0,3,0,0,0,0,0,0,0,810,0,0,0,0,0,0
141,11692,142.19617943484045,99996,44,22,0,0,576,310,0.008860354414176567,25,10,49495,49735,434,231,0,0,0,0,0,0,99179,0,0,3,0,0,0,0,0,0,0,814,0,0,0,0,0,0
142,11692,143.10798306385624,99996,42,25,0,0,581,314,0.008950358014320573,27,10,49489,49732,440,231,0,0,0,0,0,0,99171,0,0,3,0,0,0,0,0,0,0,822,0,0,0,0,0,0
143,11692,144.17414908809448,99996,47,26,0,0,589,317,0.00906036241449658,22,10,49487,49729,442,233,0,0,0,0,0,0,99166,0,0,3,0,0,0,0,0,0,0,827,0,0,0,0,0,0
144,11692,145.18722767120454,99996,48,22,0,0,594,317,0.009110364414576582,19,11,49488,49729,443,236,0,0,0,0,0,0,99158,0,0,3,0,0,0,0,0,0,0,835,0,0,0,0,0,0
145,11692,146.01611225121025,99996,43,24,0,0,597,320,0.009170366814672587,20,13,49487,49724,448,237,0,0,0,0,0,0,99149,0,0,3,0,0,0,0,0,0,0,844,0,0,0,0,0,0
146,11692,147.00829301038388,99996,42,22,0,0,601,322,0.00923036921476859,20,15,49485,49720,451,241,0,0,0,0,0,0,99140,0,0,3,0,0,0,0,0,0,0,853,0,0,0,0,0,0
147,11692,148.16430958233806,99996,44,26,0,0,609,329,0.009380375215008601,28,11,49471,49718,455,243,0,0,0,0,0,0,99131,0,0,3,0,0,0,0,0,0,0,862,0,0,0,0,0,0
148,11692,149.3188949388118,99996,42,25,0,0,618,331,0.009490379615184607,32,13,49460,49715,464,245,0,0,0,0,0,0,99117,0,0,3,0,0,0,0,0,0,0,876,0,0,0,0,0,0
149,11692,150.18493013594278,99996,44,21,0,0,625,334,0.009590383615344613,32,12,49454,49713,468,252,0,0,0,0,0,0,99106,0,0,4,0,0,0,0,0,0,0,886,0,0,0,0,0,0
150,11692,151.03829805358453,99996,45,25,0,0,634,339,0.009730389215568623,29,10,49448,49710,476,253,0,0,0,0,0,0,99097,0,0,4,0,0,0,0,0,0,0,895,0,0,0,0,0,0
151,11692,152.22780973348367,99996,47,21,0,0,640,340,0.009800392015680627,32,12,49441,49708,478,257,0,0,0,0,0,0,99088,0,0,4,0,0,0,0,0,0,0,904,0,0,0,0,0,0
152,11692,153.11169335498346,99996,53,19,0,0,648,342,0.009900396015840633,27,12,49439,49707,479,260,0,0,0,0,0,0,99082,0,0,4,0,0,0,0,0,0,0,910,0,0,0,0,0,0
153,11692,154.07870925619972,99996,49,17,0,0,651,344,0.009950398015920637,30,14,49438,49703,481,264,0,0,0,0,0,0,99071,0,0,4,0,0,0,0,0,0,0,921,0,0,0,0,0,0
154,11692,155.33211711679164,99996,45,23,0,0,656,350,0.010060402416096645,32,9,49431,49702,490,264,0,0,0,0,0,0,99062,0,0,4,0,0,0,0,0,0,0,930,0,0,0,0,0,0
155,11692,156.05161421163643,99996,50,23,0,0,666,352,0.010180407216288651,29,9,49425,49701,494,265,0,0,0,0,0,0,99055,0,0,4,0,0,0,0,0,0,0,937,0,0,0,0,0,0
156,11692,157.05025857945677,99996,46,22,0,0,671,353,0.010240409616384656,29,9,49422,49701,501,266,0,0,0,0,0,0,99044,0,0,4,0,0,0,0,0,0,0,948,0,0,0,0,0,0
157,11692,158.04335186827126,99996,43,20,0,0,675,355,0.010300412016480659,29,8,49419,49701,507,269,0,0,0,0,0,0,99033,0,0,4,0,0,0,0,0,0,0,959,0,0,0,0,0,0
158,11692,159.28503115506624,99996,44,22,0,0,681,359,0.010400416016640665,33,12,49410,49695,511,269,0,0,0,0,0,0,99026,0,0,4,0,0,0,0,0,0,0,966,0,0,0,0,0,0
159,11692,160.09164427988415,99996,47,19,0,0,692,360,0.010520420816832673,29,14,49407,49693,515,272,0,0,0,0,0,0,99014,0,0,4,0,0,0,0,0,0,0,978,0,0,0,0,0,0
160,11692,161.082431411914,99995,40,19,0,1,694,362,0.01056052802640132,30,14,49405,49691,523,273,0,0,0,0,0,0,99003,0,0,4,0,0,0,0,0,0,0,988,0,0,0,0,0,0
161,11692,162.1029547785101,99995,41,21,0,1,704,366,0.010700535026751338,24,16,49403,49685,530,275,0,0,0,0,0,0,98992,0,0,4,0,0,0,0,0,0,0,999,0,0,0,0,0,0
162,11692,163.04544430927848,99995,41,22,0,1,708,370,0.010780539026951348,27,16,49398,49683,532,276,0,0,0,0,0,0,98985,0,0,4,0,0,0,0,0,0,0,1006,0,0,0,0,0,0
163,11692,164.2068367428127,99995,43,20,0,1,717,374,0.010910545527276364,24,13,49394,49682,537,282,0,0,0,0,0,0,98972,0,0,4,0,0,0,0,0,0,0,1019,0,0,0,0,0,0
164,11692,165.07232547476653,99994,41,22,1,1,722,377,0.010990659439566374,28,12,49388,49681,540,282,0,0,0,0,0,0,98964,0,0,4,0,0,0,0,0,0,0,1026,0,0,0,0,0,0
165,11692,166.08551004381403,99994,40,22,1,1,731,381,0.011120667240034403,29,9,49381,49683,547,283,0,0,0,0,0,0,98950,0,0,4,0,0,0,0,0,0,0,1040,0,0,0,0,0,0
166,11692,167.14847867291985,99994,43,20,1,1,736,384,0.011200672040322419,31,8,49375,49682,548,287,0,0,0,0,0,0,98943,0,0,4,0,0,0,0,0,0,0,1047,0,0,0,0,0,0
167,11692,168.15731487599393,99994,41,19,1,1,741,387,0.011280676840610437,31,7,49372,49680,553,291,0,0,0,0,0,0,98932,0,0,4,0,0,0,0,0,0,0,1058,0,0,0,0,0,0
168,11692,169.2100665044598,99994,44,18,1,1,752,390,0.011420685241114467,27,5,49366,49680,560,294,0,0,0,0,0,0,98920,0,0,4,0,0,0,0,0,0,0,1070,0,0,0,0,0,0
169,11692,170.02107714155406,99994,48,21,1,1,761,395,0.011560693641618497,26,5,49363,49678,560,293,0,0,0,0,0,0,98913,0,0,4,0,0,0,0,0,0,0,1077,0,0,0,0,0,0
170,11692,171.0307350958222,99994,49,22,1,1,767,398,0.011650699041942516,29,5,49356,49675,563,295,0,0,0,0,0,0,98906,0,0,4,0,0,0,0,0,0,0,1084,0,0,0,0,0,0
171,11692,172.11843215965922,99994,47,19,1,1,776,398,0.011740704442266535,22,8,49357,49672,571,298,0,0,0,0,0,0,98892,0,0,4,0,0,0,0,0,0,0,1098,0,0,0,0,0,0
172,11692,173.26586484512057,99993,46,21,1,2,783,402,0.011850829558069065,20,7,49354,49671,577,297,0,0,0,0,0,0,98882,0,0,4,0,0,0,0,0,0,0,1107,0,0,0,0,0,0
173,11692,174.00641962884572,99993,44,15,1,2,786,403,0.011890832358265078,23,7,49350,49671,580,303,0,0,0,0,0,0,98870,0,0,4,0,0,0,0,0,0,0,1119,0,0,0,0,0,0
174,11692,175.17942240505687,99993,38,14,1,2,790,403,0.011930835158461092,25,11,49344,49667,590,304,0,0,0,0,0,0,98859,0,0,4,0,0,0,0,0,0,0,1130,0,0,0,0,0,0
175,11692,176.23814286088432,99993,41,15,1,2,795,404,0.011990839358755112,25,14,49343,49665,588,302,0,0,0,0,0,0,98857,0,0,4,0,0,0,0,0,0,0,1132,0,0,0,0,0,0
176,11692,177.15174862341308,99993,36,14,1,2,797,405,0.012020841458902124,31,15,49335,49663,595,304,0,0,0,0,0,0,98848,0,0,4,0,0,0,0,0,0,0,1141,0,0,0,0,0,0
177,11692,178.09128506865812,99993,34,13,1,2,798,407,0.012050843559049134,37,14,49329,49663,597,306,0,0,0,0,0,0,98842,0,0,4,0,0,0,0,0,0,0,1147,0,0,0,0,0,0
178,11692,179.0567470172342,99993,32,14,1,2,804,412,0.01216085125958817,38,16,49323,49657,604,309,0,0,0,0,0,0,98830,0,0,4,0,0,0,0,0,0,0,1159,0,0,0,0,0,0
179,11692,180.09354852402822,99993,37,18,1,2,810,419,0.012290860360225215,36,10,49321,49658,603,310,0,0,0,0,0,0,98826,0,0,4,0,0,0,0,0,0,0,1163,0,0,0,0,0,0
180,11692,181.20424654478413,99993,32,17,1,2,817,421,0.012380866660666246,35,10,49317,49656,613,313,0,0,0,0,0,0,98811,0,0,4,0,0,0,0,0,0,0,1178,0,0,0,0,0,0
181,11692,182.08547357595228,99993,32,16,1,2,823,423,0.012460872261058274,33,11,49314,49656,618,313,0,0,0,0,0,0,98802,0,0,4,0,0,0,0,0,0,0,1187,0,0,0,0,0,0
182,11692,183.1028377230105,99993,32,18,1,2,828,426,0.012540877861450302,31,11,49312,49654,622,313,0,0,0,0,0,0,98797,0,0,5,0,0,0,0,0,0,0,1191,0,0,0,0,0,0
183,11692,184.13989838434222,99993,29,16,1,2,834,427,0.012610882761793325,32,15,49313,49650,623,315,0,0,0,0,0,0,98785,0,0,5,0,0,0,0,0,0,0,1203,0,0,0,0,0,0
184,11692,185.0055815386146,99993,30,17,1,2,837,429,0.012660886262038342,31,15,49312,49649,624,315,0,0,0,0,0,0,98782,0,0,5,0,0,0,0,0,0,0,1206,0,0,0,0,0,0
185,11692,186.02302633336552,99992,32,19,1,3,845,434,0.01279102328186255,29,13,49308,49646,628,317,0,0,0,0,0,0,98773,0,0,5,0,0,0,0,0,0,0,1214,0,0,0,0,0,0
186,11692,187.0222826996319,99992,36,21,1,3,854,436,0.012901032082566606,26,13,49303,49644,632,317,0,0,0,0,0,0,98768,0,0,5,0,0,0,0,0,0,0,1219,0,0,0,0,0,0
187,11692,188.1297826911538,99992,32,20,1,3,860,441,0.013011040883270661,26,10,49301,49646,638,319,0,0,0,0,0,0,98752,0,0,5,0,0,0,0,0,0,0,1235,0,0,0,0,0,0
188,11692,189.05444246638976,99992,33,21,1,3,866,443,0.013091047283782702,24,8,49300,49646,640,320,0,0,0,0,0,0,98746,0,0,5,0,0,0,0,0,0,0,1241,0,0,0,0,0,0
189,11692,190.123835784722,99992,34,18,1,3,874,444,0.013181054484358749,26,9,49296,49646,641,322,0,0,0,0,0,0,98735,0,0,5,0,0,0,0,0,0,0,1252,0,0,0,0,0,0
190,11692,191.0171338057921,99992,31,17,1,3,882,447,0.013291063285062805,24,9,49293,49643,649,326,0,0,0,0,0,0,98720,0,0,5,0,0,0,0,0,0,0,1267,0,0,0,0,0,0
191,11692,192.14860283169924,99992,34,15,1,3,890,447,0.013371069685574846,23,9,49287,49643,653,328,0,0,0,0,0,0,98713,0,0,5,0,0,0,0,0,0,0,1274,0,0,0,0,0,0
192,11692,193.02039665372578,99992,35,14,1,3,895,447,0.01342107368589487,20,10,49286,49642,656,329,0,0,0,0,0,0,98708,0,0,5,0,0,0,0,0,0,0,1279,0,0,0,0,0,0
193,11692,194.2692022110193,99992,31,19,1,3,900,452,0.013521081686534923,25,8,49279,49641,662,327,0,0,0,0,0,0,98700,0,0,6,0,0,0,0,0,0,0,1286,0,0,0,0,0,0
194,11692,195.02745153369347,99992,28,18,1,3,900,453,0.013531082486598928,25,8,49279,49642,665,327,0,0,0,0,0,0,98695,0,0,6,0,0,0,0,0,0,0,1291,0,0,0,0,0,0
195,11692,196.3255031500146,99992,33,21,1,3,912,459,0.01371109688775102,21,8,49274,49636,669,330,0,0,0,0,0,0,98685,0,0,6,0,0,0,0,0,0,0,1301,0,0,0,0,0,0
196,11692,197.31902133204645,99992,38,20,1,3,923,460,0.013831106488519082,15,9,49271,49634,673,332,0,0,0,0,0,0,98677,0,0,6,0,0,0,0,0,0,0,1309,0,0,0,0,0,0
197,11692,198.1514366575444,99992,34,23,1,3,926,464,0.013901112088967117,15,6,49268,49633,680,333,0,0,0,0,0,0,98669,0,0,6,0,0,0,0,0,0,0,1317,0,0,0,0,0,0
198,11692,199.12480754565829,99992,36,22,1,3,930,465,0.013951116089287143,19,10,49261,49631,681,332,0,0,0,0,0,0,98665,0,0,6,0,0,0,0,0,0,0,1321,0,0,0,0,0,0
199,11692,200.2266247523504,99992,34,20,1,3,934,466,0.014001120089607168,26,15,49253,49628,684,332,0,0,0,0,0,0,98656,0,0,6,0,0,0,0,0,0,0,1330,0,0,0,0,0,0
200,11692,201.0399601589079,99992,39,18,1,3,941,467,0.01408112649011921,24,19,49250,49624,684,334,0,0,0,0,0,0,98651,0,0,6,0,0,0,0,0,0,0,1335,0,0,0,0,0,0
201,11692,202.12603342838634,99992,30,16,1,3,945,469,0.01414113129050324,21,21,49251,49621,695,337,0,0,0,0,0,0,98634,0,0,6,0,0,0,0,0,0,0,1352,0,0,0,0,0,0
202,11692,203.12365662374785,99992,32,20,1,3,950,474,0.014241139291143292,19,19,49249,49619,697,337,0,0,0,0,0,0,98630,0,0,6,0,0,0,0,0,0,0,1356,0,0,0,0,0,0
203,11692,204.28960178968333,99992,39,29,1,3,962,488,0.014501160092807424,11,8,49251,49617,696,341,0,0,0,0,0,0,98620,0,0,6,0,0,0,0,0,0,0,1366,0,0,0,0,0,0
204,11692,205.12226570098878,99992,39,24,1,3,966,490,0.014561164893191455,15,10,49245,49615,698,346,0,0,0,0,0,0,98609,0,0,6,0,0,0,0,0,0,0,1377,0,0,0,0,0,0
205,11692,206.05087494052017,99992,39,21,1,3,969,491,0.014601168093447477,16,10,49244,49615,698,349,0,0,0,0,0,0,98602,0,0,6,0,0,0,0,0,0,0,1384,0,0,0,0,0,0
206,11692,207.17165657830418,99992,36,22,1,3,972,497,0.014691175294023522,19,11,49242,49610,700,352,0,0,0,0,0,0,98591,0,0,6,0,0,0,0,0,0,0,1395,0,0,0,0,0,0
207,11692,208.00726249676032,99992,32,21,1,3,976,502,0.014781182494599568,22,8,49240,49612,703,354,0,0,0,0,0,0,98577,0,0,6,0,0,0,0,0,0,0,1409,0,0,0,0,0,0
208,11692,209.26845731678983,99992,27,19,1,3,980,504,0.014841187294983599,24,10,49237,49611,709,355,0,0,0,0,0,0,98564,0,0,6,0,0,0,0,0,0,0,1422,0,0,0,0,0,0
209,11692,210.0372062965762,99992,28,19,1,3,987,507,0.01494119529562365,21,8,49233,49610,715,358,0,0,0,0,0,0,98555,0,0,6,0,0,0,0,0,0,0,1431,0,0,0,0,0,0
210,11692,211.01412360880002,99992,31,18,1,3,993,507,0.01500120009600768,17,9,49235,49609,714,359,0,0,0,0,0,0,98551,0,0,6,0,0,0,0,0,0,0,1435,0,0,0,0,0,0
211,11692,212.1578158038448,99992,30,17,1,3,995,508,0.015031202496199696,19,9,49233,49609,715,360,0,0,0,0,0,0,98546,0,0,6,0,0,0,0,0,0,0,1440,0,0,0,0,0,0
212,11692,213.0411378759265,99992,28,18,1,3,998,511,0.015091207296583727,19,6,49232,49610,718,361,0,0,0,0,0,0,98539,0,0,6,0,0,0,0,0,0,0,1447,0,0,0,0,0,0
213,11692,214.0068104859916,99992,25,19,1,3,1004,514,0.015181214497159774,21,6,49225,49607,726,363,0,0,0,0,0,0,98528,0,0,6,0,0,0,0,0,0,0,1458,0,0,0,0,0,0
214,11692,215.00986501835706,99992,21,19,1,3,1006,514,0.015201216097287784,21,7,49224,49609,731,360,0,0,0,0,0,0,98522,0,0,6,0,0,0,0,0,0,0,1464,0,0,0,0,0,0
215,11692,216.09186497044166,99992,23,18,1,3,1010,517,0.015271221697735819,18,5,49223,49609,733,363,0,0,0,0,0,0,98516,0,0,6,0,0,0,0,0,0,0,1470,0,0,0,0,0,0
216,11692,217.01671103087227,99992,25,18,1,3,1014,518,0.015321225698055845,18,6,49220,49610,734,361,0,0,0,0,0,0,98513,0,0,6,0,0,0,0,0,0,0,1473,0,0,0,0,0,0
217,11692,218.1017399596542,99992,30,18,1,3,1021,521,0.015421233698695896,16,8,49216,49605,735,364,0,0,0,0,0,0,98508,0,0,6,0,0,0,0,0,0,0,1478,0,0,0,0,0,0
218,11692,219.23490354260218,99992,29,21,1,3,1023,525,0.015481238499079926,19,4,49213,49606,736,364,0,0,0,0,0,0,98504,0,0,6,0,0,0,0,0,0,0,1482,0,0,0,0,0,0
219,11692,220.19761950230745,99992,27,18,1,3,1026,525,0.015511240899271942,19,9,49212,49602,739,366,0,0,0,0,0,0,98496,0,0,6,0,0,0,0,0,0,0,1490,0,0,0,0,0,0
220,11692,221.03391440511183,99992,24,19,1,3,1026,528,0.015541243299463957,22,8,49213,49603,738,365,0,0,0,0,0,0,98491,0,0,6,0,0,0,0,0,0,0,1495,0,0,0,0,0,0
221,11692,222.0776929455418,99992,31,20,1,3,1034,530,0.01564125130010401,22,7,49207,49604,737,364,0,0,0,0,0,0,98489,0,0,6,0,0,0,0,0,0,0,1497,0,0,0,0,0,0
222,11692,223.13872894258165,99992,29,22,1,3,1036,533,0.015691255300424034,27,5,49202,49603,739,365,0,0,0,0,0,0,98484,0,0,6,0,0,0,0,0,0,0,1502,0,0,0,0,0,0
223,11692,224.32638364569158,99992,35,20,1,3,1045,533,0.01578126250100008,26,8,49198,49605,738,362,0,0,0,0,0,0,98479,0,0,6,0,0,0,0,0,0,0,1507,0,0,0,0,0,0
224,11692,225.10021629355384,99992,33,20,1,3,1047,534,0.015811264901192095,27,7,49195,49605,742,363,0,0,0,0,0,0,98474,0,0,6,0,0,0,0,0,0,0,1512,0,0,0,0,0,0
225,11692,226.1258394093941,99992,35,15,1,3,1055,534,0.015891271301704136,28,11,49190,49603,744,366,0,0,0,0,0,0,98464,0,0,7,0,0,0,0,0,0,0,1521,0,0,0,0,0,0
226,11692,227.05070671917795,99991,36,16,2,3,1058,537,0.015951435629206628,30,10,49187,49601,743,368,0,0,0,0,0,0,98460,0,0,7,0,0,0,0,0,0,0,1524,0,0,0,0,0,0
227,11692,228.1291846554852,99991,37,16,2,3,1064,538,0.01602144192977368,32,12,49183,49601,744,366,0,0,0,0,0,0,98454,0,0,7,0,0,0,0,0,0,0,1530,0,0,0,0,0,0
228,11692,229.07334264521484,99991,34,17,2,3,1070,541,0.016111450030502746,34,12,49178,49599,750,367,0,0,0,0,0,0,98443,0,0,7,0,0,0,0,0,0,0,1541,0,0,0,0,0,0
229,11692,230.1522276451942,99991,37,17,2,3,1077,543,0.016201458131231812,31,13,49177,49598,751,367,0,0,0,0,0,0,98437,0,0,7,0,0,0,0,0,0,0,1547,0,0,0,0,0,0
230,11692,231.09949011863003,99991,38,17,2,3,1083,548,0.01631146803212289,31,11,49171,49597,756,370,0,0,0,0,0,0,98427,0,0,7,0,0,0,0,0,0,0,1557,0,0,0,0,0,0
231,11692,232.28850484433235,99991,42,16,2,3,1091,551,0.016421477933013972,31,10,49165,49596,758,373,0,0,0,0,0,0,98419,0,0,7,0,0,0,0,0,0,0,1565,0,0,0,0,0,0
232,11692,233.26325684362087,99991,43,18,2,3,1097,555,0.016521486933824044,28,7,49165,49597,760,373,0,0,0,0,0,0,98412,0,0,7,0,0,0,0,0,0,0,1572,0,0,0,0,0,0
233,11692,234.19669168999107,99991,46,19,2,3,1104,558,0.016621495934634117,29,6,49162,49596,759,374,0,0,0,0,0,0,98406,0,0,7,0,0,0,0,0,0,0,1578,0,0,0,0,0,0
234,11692,235.00577453781435,99991,46,19,2,3,1108,560,0.016681501335120162,30,5,49157,49595,763,376,0,0,0,0,0,0,98400,0,0,7,0,0,0,0,0,0,0,1584,0,0,0,0,0,0
235,11692,236.17627750879743,99991,48,22,2,3,1118,563,0.016811513036173256,30,9,49150,49588,768,376,0,0,0,0,0,0,98392,0,0,7,0,0,0,0,0,0,0,1592,0,0,0,0,0,0
236,11692,237.18546367108127,99991,52,19,2,3,1129,565,0.01694152473722635,28,11,49144,49585,772,380,0,0,0,0,0,0,98380,0,0,7,0,0,0,0,0,0,0,1604,0,0,0,0,0,0
237,11692,238.25762267558164,99991,49,19,2,3,1134,568,0.01702153193787441,31,17,49139,49576,777,383,0,0,0,0,0,0,98369,0,0,7,0,0,0,0,0,0,0,1615,0,0,0,0,0,0
238,11692,239.05361997106166,99991,48,20,2,3,1137,570,0.017071536438279446,31,19,49137,49575,780,381,0,0,0,0,0,0,98364,0,0,7,0,0,0,0,0,0,0,1620,0,0,0,0,0,0
239,11692,240.06616773004916,99991,51,18,2,3,1144,573,0.017171545439089518,30,18,49135,49574,780,385,0,0,0,0,0,0,98355,0,0,7,0,0,0,0,0,0,0,1629,0,0,0,0,0,0
240,11692,241.04959243901624,99991,45,23,2,3,1150,578,0.0172815553399806,32,18,49132,49569,787,385,0,0,0,0,0,0,98343,0,0,7,0,0,0,0,0,0,0,1641,0,0,0,0,0,0
241,11692,242.088072573321,99991,45,23,2,3,1154,581,0.017351561640547648,33,18,49128,49566,790,388,0,0,0,0,0,0,98336,0,0,7,0,0,0,0,0,0,0,1648,0,0,0,0,0,0
242,11692,243.21382505498914,99991,46,28,2,3,1163,589,0.017521576941924775,33,16,49119,49561,798,390,0,0,0,0,0,0,98325,0,0,7,0,0,0,0,0,0,0,1659,0,0,0,0,0,0
243,11692,244.0832307045831,99991,46,23,2,3,1173,593,0.017661589543058874,30,18,49114,49555,806,399,0,0,0,0,0,0,98307,0,0,8,0,0,0,0,0,0,0,1676,0,0,0,0,0,0
244,11692,245.0901790929099,99991,45,20,2,3,1179,595,0.017741596743706935,29,20,49110,49554,812,401,0,0,0,0,0,0,98295,0,0,8,0,0,0,0,0,0,0,1688,0,0,0,0,0,0
245,11692,246.25624399634395,99991,43,21,2,3,1187,598,0.017851606644598013,25,19,49108,49555,820,400,0,0,0,0,0,0,98284,0,0,9,0,0,0,0,0,0,0,1698,0,0,0,0,0,0
246,11692,247.0834048255907,99991,47,24,2,3,1191,603,0.01794161474532708,26,19,49104,49551,819,401,0,0,0,0,0,0,98282,0,0,9,0,0,0,0,0,0,0,1700,0,0,0,0,0,0
247,11692,248.0478567215422,99991,46,27,2,3,1194,608,0.018021621945975137,28,15,49100,49551,822,402,0,0,0,0,0,0,98276,0,0,9,0,0,0,0,0,0,0,1706,0,0,0,0,0,0
248,11692,249.03853726843843,99991,45,29,2,3,1199,616,0.018151633647028233,30,12,49096,49551,825,403,0,0,0,0,0,0,98264,0,0,9,0,0,0,0,0,0,0,1718,0,0,0,0,0,0
249,11692,250.25832460588694,99991,46,28,2,3,1207,618,0.018251642647838306,35,14,49088,49547,827,406,0,0,0,0,0,0,98254,0,0,9,0,0,0,0,0,0,0,1728,0,0,0,0,0,0
250,11692,251.23440965365938,99991,48,27,2,3,1212,620,0.018321648948405357,36,17,49085,49543,827,408,0,0,0,0,0,0,98248,0,0,9,0,0,0,0,0,0,0,1734,0,0,0,0,0,0
251,11692,252.08817837538135,99991,49,27,2,3,1222,625,0.018471662449620466,34,17,49080,49541,833,410,0,0,0,0,0,0,98234,0,0,9,0,0,0,0,0,0,0,1748,0,0,0,0,0,0
252,11692,253.1482775108021,99991,50,22,2,3,1231,626,0.018571671450430538,33,17,49077,49541,836,415,0,0,0,0,0,0,98220,0,0,9,0,0,0,0,0,0,0,1762,0,0,0,0,0,0
253,11692,254.10910199477877,99991,50,23,2,3,1239,629,0.01868168135132162,38,19,49070,49537,838,416,0,0,0,0,0,0,98210,0,0,9,0,0,0,0,0,0,0,1772,0,0,0,0,0,0
254,11692,255.20235818047004,99991,50,27,2,3,1248,635,0.018831694852536728,35,20,49070,49531,841,417,0,0,0,0,0,0,98199,0,0,9,0,0,0,0,0,0,0,1783,0,0,0,0,0,0
255,11692,256.14970012891786,99991,50,28,2,3,1251,637,0.018881699352941764,35,19,49067,49530,844,418,0,0,0,0,0,0,98195,0,0,9,0,0,0,0,0,0,0,1787,0,0,0,0,0,0
256,11692,257.16955053479245,99990,51,27,3,3,1264,642,0.019061906190619062,34,19,49059,49525,851,424,0,0,0,0,0,0,98177,0,0,9,0,0,0,0,0,0,0,1804,0,0,0,0,0,0
257,11692,258.08567552803004,99990,52,26,3,3,1274,646,0.019201920192019203,30,16,49053,49525,860,428,0,0,0,0,0,0,98163,0,0,9,0,0,0,0,0,0,0,1818,0,0,0,0,0,0
258,11692,259.17442375768513,99990,52,26,3,3,1280,647,0.019271927192719272,35,21,49044,49520,864,428,0,0,0,0,0,0,98156,0,0,9,0,0,0,0,0,0,0,1825,0,0,0,0,0,0
259,11692,260.180654998378,99990,51,26,3,3,1290,651,0.019411941194119414,35,19,49036,49519,873,431,0,0,0,0,0,0,98141,0,0,9,0,0,0,0,0,0,0,1840,0,0,0,0,0,0
260,11692,261.0484468537696,99990,50,25,3,3,1297,654,0.01951195119511951,33,24,49035,49515,877,431,0,0,0,0,0,0,98129,0,0,9,0,0,0,0,0,0,0,1852,0,0,0,0,0,0
261,11692,262.3234728096802,99990,52,22,3,3,1308,657,0.01965196519651965,35,29,49025,49509,883,435,0,0,0,0,0,0,98114,0,0,9,0,0,0,0,0,0,0,1867,0,0,0,0,0,0
262,11692,263.33006082547985,99990,52,27,3,3,1315,665,0.019801980198019802,32,27,49024,49505,887,436,0,0,0,0,0,0,98104,0,0,9,0,0,0,0,0,0,0,1877,0,0,0,0,0,0
263,11692,264.0011428601631,99990,46,30,3,3,1318,669,0.01987198719871987,32,25,49023,49503,894,437,0,0,0,0,0,0,98094,0,0,9,0,0,0,0,0,0,0,1887,0,0,0,0,0,0
264,11692,265.0078369334512,99990,45,30,3,3,1324,673,0.01997199719971997,32,24,49022,49503,896,438,0,0,0,0,0,0,98083,0,0,9,0,0,0,0,0,0,0,1898,0,0,0,0,0,0
265,11692,266.0145720616759,99990,46,28,3,3,1331,677,0.02008200820082008,34,25,49015,49500,900,442,0,0,0,0,0,0,98071,0,0,9,0,0,0,0,0,0,0,1910,0,0,0,0,0,0
266,11692,267.0214407456388,99988,45,28,4,4,1342,681,0.020232427891346962,36,24,49006,49501,907,441,0,0,0,0,0,0,98056,0,0,10,0,0,0,0,0,0,0,1922,0,0,0,0,0,0
267,11692,268.1705840812613,99988,47,28,4,4,1352,688,0.020402448293795256,36,21,48999,49499,912,446,0,0,0,0,0,0,98041,0,0,10,0,0,0,0,0,0,0,1937,0,0,0,0,0,0
268,11692,269.06193546499566,99988,48,29,4,4,1361,692,0.02053246389566748,31,18,48997,49498,918,449,0,0,0,0,0,0,98030,0,0,10,0,0,0,0,0,0,0,1948,0,0,0,0,0,0
269,11692,270.0814984469326,99988,42,31,4,4,1366,698,0.02064247709725167,35,15,48989,49497,928,451,0,0,0,0,0,0,98017,0,0,12,0,0,0,0,0,0,0,1959,0,0,0,0,0,0
270,11692,271.2111754630763,99988,47,31,4,4,1376,703,0.020792495099411928,33,14,48987,49499,927,450,0,0,0,0,0,0,98007,0,0,12,0,0,0,0,0,0,0,1969,0,0,0,0,0,0
271,11692,272.0728810653931,99988,52,30,4,4,1383,706,0.020892507100852102,32,16,48981,49495,929,453,0,0,0,0,0,0,98001,0,0,12,0,0,0,0,0,0,0,1975,0,0,0,0,0,0
272,11692,273.02257893302084,99988,44,34,4,4,1385,714,0.020992519102292276,38,13,48975,49492,937,455,0,0,0,0,0,0,97987,0,0,12,0,0,0,0,0,0,0,1989,0,0,0,0,0,0
273,11692,274.0580636569231,99988,46,38,4,4,1397,719,0.02116253950474057,32,10,48972,49493,944,453,0,0,0,0,0,0,97976,0,0,12,0,0,0,0,0,0,0,2000,0,0,0,0,0,0
274,11692,275.19313285913796,99988,46,39,4,4,1406,723,0.021292555106612793,41,18,48959,49486,948,451,0,0,0,0,0,0,97965,0,0,13,0,0,0,0,0,0,0,2010,0,0,0,0,0,0
275,11692,276.13496538180624,99988,49,35,4,4,1416,725,0.021412569508341,37,19,48957,49487,951,453,0,0,0,0,0,0,97952,0,0,13,0,0,0,0,0,0,0,2023,0,0,0,0,0,0
276,11692,277.0511295061404,99988,46,41,4,4,1419,732,0.021512581509781175,38,18,48953,49482,957,453,0,0,0,0,0,0,97945,0,0,13,0,0,0,0,0,0,0,2030,0,0,0,0,0,0
277,11692,278.21371896876593,99988,52,42,4,4,1432,739,0.02171260551266152,37,19,48946,49477,959,456,0,0,0,0,0,0,97932,0,0,13,0,0,0,0,0,0,0,2043,0,0,0,0,0,0
278,11692,279.01511914259976,99988,53,43,4,4,1439,742,0.02181261751410169,34,17,48943,49476,964,458,0,0,0,0,0,0,97925,0,0,14,0,0,0,0,0,0,0,2049,0,0,0,0,0,0
279,11692,280.29013901827443,99988,56,34,4,4,1457,747,0.02204264511741409,29,22,48932,49466,977,472,0,0,0,0,0,0,97896,0,0,14,0,0,0,0,0,0,0,2078,0,0,0,0,0,0
280,11692,281.298612087493,99988,51,32,4,4,1461,749,0.022102652318278192,39,26,48920,49461,984,475,0,0,0,0,0,0,97883,0,0,14,0,0,0,0,0,0,0,2091,0,0,0,0,0,0
281,11692,282.30727113295757,99988,57,36,4,4,1476,759,0.022352682321878627,29,22,48916,49459,992,477,0,0,0,0,0,0,97868,0,0,14,0,0,0,0,0,0,0,2106,0,0,0,0,0,0
282,11692,283.3160485068882,99988,60,30,4,4,1487,761,0.02248269792375085,31,28,48905,49455,998,481,0,0,0,0,0,0,97852,0,0,14,0,0,0,0,0,0,0,2122,0,0,0,0,0,0
283,11692,284.3250054223932,99988,58,31,4,4,1496,765,0.022612713525623076,31,30,48898,49451,1007,482,0,0,0,0,0,0,97838,0,0,14,0,0,0,0,0,0,0,2136,0,0,0,0,0,0
284,11692,285.3341179081146,99988,61,33,4,4,1506,772,0.02278273392807137,28,29,48896,49450,1009,482,0,0,0,0,0,0,97826,0,0,14,0,0,0,0,0,0,0,2148,0,0,0,0,0,0
285,11692,286.0068945170833,99988,64,36,4,4,1515,778,0.02293275193023163,25,32,48892,49441,1013,485,0,0,0,0,0,0,97817,0,0,14,0,0,0,0,0,0,0,2157,0,0,0,0,0,0
286,11692,287.01610119962993,99988,64,41,4,4,1523,784,0.02307276873224787,25,35,48885,49434,1020,484,0,0,0,0,0,0,97808,0,0,14,0,0,0,0,0,0,0,2166,0,0,0,0,0,0
287,11692,288.0254099365506,99988,63,43,4,4,1530,788,0.02318278193383206,28,36,48877,49431,1026,484,0,0,0,0,0,0,97798,0,0,14,0,0,0,0,0,0,0,2176,0,0,0,0,0,0
288,11692,289.0348833412466,99988,58,46,4,4,1541,800,0.023412809537144457,35,34,48860,49422,1041,492,0,0,0,0,0,0,97774,0,0,15,0,0,0,0,0,0,0,2199,0,0,0,0,0,0
289,11692,290.04461749016565,99988,62,50,4,4,1550,814,0.023642837140456854,40,28,48849,49416,1043,500,0,0,0,0,0,0,97759,0,0,15,0,0,0,0,0,0,0,2214,0,0,0,0,0,0
290,11692,291.05450890955683,99988,63,53,4,4,1562,823,0.023852862343481218,38,23,48845,49415,1048,503,0,0,0,0,0,0,97742,0,0,15,0,0,0,0,0,0,0,2231,0,0,0,0,0,0
291,11692,292.06449909567766,99988,58,47,4,4,1570,829,0.02399287914549746,40,21,48838,49414,1058,512,0,0,0,0,0,0,97717,0,0,15,0,0,0,0,0,0,0,2256,0,0,0,0,0,0
292,11692,293.0746905796026,99988,62,46,4,4,1579,833,0.024122894747369686,40,21,48830,49413,1062,514,0,0,0,0,0,0,97707,0,0,15,0,0,0,0,0,0,0,2266,0,0,0,0,0,0
293,11692,294.08506015888105,99988,56,44,4,4,1584,839,0.024232907948953875,45,19,48823,49410,1070,521,0,0,0,0,0,0,97688,0,0,15,0,0,0,0,0,0,0,2285,0,0,0,0,0,0
294,11692,295.0875640448037,99988,59,43,4,4,1593,845,0.024382925951114135,47,17,48816,49406,1072,528,0,0,0,0,0,0,97675,0,0,15,0,0,0,0,0,0,0,2298,0,0,0,0,0,0
295,11692,296.09845613807454,99988,65,38,4,4,1605,850,0.02455294635356243,45,18,48812,49401,1072,537,0,0,0,0,0,0,97659,0,0,15,0,0,0,0,0,0,0,2314,0,0,0,0,0,0
296,11692,297.02993805908494,99988,68,43,4,4,1609,856,0.0246529583550026,51,18,48805,49397,1070,536,0,0,0,0,0,0,97657,0,0,15,0,0,0,0,0,0,0,2316,0,0,0,0,0,0
297,11692,298.1766645148491,99988,69,42,4,4,1620,862,0.024822978757450893,49,24,48798,49390,1078,538,0,0,0,0,0,0,97640,0,0,15,0,0,0,0,0,0,0,2333,0,0,0,0,0,0
298,11692,299.18754732730997,99988,68,45,4,4,1631,868,0.02499299915989919,53,29,48786,49381,1087,539,0,0,0,0,0,0,97625,0,0,15,0,0,0,0,0,0,0,2348,0,0,0,0,0,0
299,11692,300.19859429779086,99988,70,49,4,4,1641,875,0.025163019562347483,62,29,48769,49375,1093,541,0,0,0,0,0,0,97614,0,0,15,0,0,0,0,0,0,0,2359,0,0,0,0,0,0
300,11692,301.2098491240669,99988,71,47,4,4,1656,879,0.02535304236508381,60,32,48760,49369,1103,546,0,0,0,0,0,0,97594,0,0,15,0,0,0,0,0,0,0,2379,0,0,0,0,0,0
301,11692,302.2213150854333,99987,81,51,4,5,1673,889,0.025623331033034293,60,27,48748,49367,1105,548,0,0,0,0,0,0,97581,0,0,15,0,0,0,0,0,0,0,2391,0,0,0,0,0,0
302,11692,303.2329053085615,99987,85,52,4,5,1685,898,0.025833358336583755,60,26,48739,49361,1110,554,0,0,0,0,0,0,97565,0,0,15,0,0,0,0,0,0,0,2407,0,0,0,0,0,0
303,11692,304.2445765497991,99987,84,52,4,5,1698,906,0.026043385640133216,58,25,48735,49356,1117,560,0,0,0,0,0,0,97544,0,0,16,0,0,0,0,0,0,0,2427,0,0,0,0,0,0
304,11692,305.2564003371967,99987,84,57,4,5,1709,916,0.026253412943682677,59,19,48727,49354,1124,563,0,0,0,0,0,0,97528,0,0,16,0,0,0,0,0,0,0,2443,0,0,0,0,0,0
305,11692,306.00182985286995,99987,88,53,4,5,1723,919,0.026423435046556053,58,18,48720,49352,1128,570,0,0,0,0,0,0,97511,0,0,16,0,0,0,0,0,0,0,2460,0,0,0,0,0,0
306,11692,307.1393628054822,99987,79,46,4,5,1736,922,0.026583455849260404,56,21,48712,49347,1147,579,0,0,0,0,0,0,97479,0,0,16,0,0,0,0,0,0,0,2492,0,0,0,0,0,0
307,11692,308.1517704762718,99987,77,51,4,5,1744,928,0.02672347405162671,53,19,48712,49343,1152,580,0,0,0,0,0,0,97468,0,0,16,0,0,0,0,0,0,0,2503,0,0,0,0,0,0
308,11692,309.1526222303155,99987,82,47,4,5,1759,933,0.02692350005500715,50,27,48706,49334,1156,585,0,0,0,0,0,0,97449,0,0,16,0,0,0,0,0,0,0,2522,0,0,0,0,0,0
309,11692,310.1651804165179,99987,82,49,4,5,1771,941,0.027123526058387592,50,29,48696,49325,1166,590,0,0,0,0,0,0,97431,0,0,16,0,0,0,0,0,0,0,2540,0,0,0,0,0,0
310,11692,311.177960129957,99987,79,49,4,5,1782,948,0.027303549461429984,52,38,48687,49311,1176,595,0,0,0,0,0,0,97410,0,0,16,0,0,0,0,0,0,0,2561,0,0,0,0,0,0
311,11692,312.1908742906783,99986,77,52,4,6,1790,955,0.027453843538095334,59,38,48674,49305,1184,597,0,0,0,0,0,0,97396,0,0,16,0,0,0,0,0,0,0,2574,0,0,0,0,0,0
312,11692,313.20395854201985,99986,84,50,4,6,1808,962,0.02770387854299602,56,37,48665,49303,1189,602,0,0,0,0,0,0,97376,0,0,16,0,0,0,0,0,0,0,2594,0,0,0,0,0,0
313,11692,314.21722360095157,99986,87,53,4,6,1823,975,0.02798391774848479,67,31,48646,49300,1194,608,0,0,0,0,0,0,97355,0,0,17,0,0,0,0,0,0,0,2614,0,0,0,0,0,0
314,11692,315.23073293497504,99985,91,55,5,6,1845,988,0.02833425013752063,62,22,48633,49299,1207,616,0,0,0,0,0,0,97326,0,0,17,0,0,0,0,0,0,0,2642,0,0,0,0,0,0
315,11692,316.2445568592513,99985,103,55,5,6,1863,998,0.028614292143821572,63,19,48617,49292,1210,626,0,0,0,0,0,0,97310,0,0,17,0,0,0,0,0,0,0,2658,0,0,0,0,0,0
316,11692,317.25857706800673,99984,99,49,6,6,1878,1000,0.0287846055368859,69,30,48603,49281,1221,632,0,0,0,0,0,0,97283,0,0,17,0,0,0,0,0,0,0,2684,0,0,0,0,0,0
317,11692,318.27288742316887,99984,100,47,6,6,1896,1007,0.029034645543286927,71,30,48584,49276,1237,639,0,0,0,0,0,0,97258,0,0,18,0,0,0,0,0,0,0,2708,0,0,0,0,0,0
318,11692,319.28751450451085,99984,115,48,6,6,1922,1017,0.0293947031525044,68,28,48563,49270,1246,646,0,0,0,0,0,0,97238,0,0,18,0,0,0,0,0,0,0,2728,0,0,0,0,0,0
319,11692,320.30246620677195,99984,123,45,6,6,1952,1021,0.029734757561209794,46,33,48558,49260,1264,653,1,1,1,1,0,0,97208,0,0,19,0,0,0,0,0,0,2,2755,0,0,0,0,0,0
320,11692,321.3365595621861,99984,122,45,6,6,1968,1028,0.029964794367098736,47,36,48543,49251,1278,658,2,2,2,2,0,0,97182,0,0,19,0,0,0,0,0,0,4,2779,0,0,0,0,0,0
321,11692,322.01351147538486,99984,122,50,6,6,1974,1033,0.030074811969915186,54,36,48531,49246,1282,657,3,3,3,3,0,0,97174,0,0,19,0,0,0,0,0,0,6,2785,0,0,0,0,0,0
322,11692,323.03348891794303,99984,122,57,6,6,1985,1045,0.030304848775804128,57,34,48523,49240,1286,657,4,4,4,4,0,0,97158,0,0,21,0,0,0,0,0,0,8,2797,0,0,0,0,0,0
323,11692,324.1420211824314,99984,114,49,6,6,2004,1054,0.030584893582973276,55,37,48511,49229,1307,672,5,5,5,5,0,0,97113,0,0,22,0,0,0,0,0,0,10,2839,0,0,0,0,0,0
324,11692,325.0155108389304,99984,119,52,6,6,2025,1065,0.030904944791166587,59,36,48490,49223,1319,676,5,5,6,6,0,0,97087,0,0,22,0,0,0,0,0,0,12,2863,0,0,0,0,0,0
325,11692,326.0585645802987,99984,115,50,6,6,2033,1071,0.03104496719475116,63,41,48482,49215,1326,680,6,6,7,7,0,0,97065,0,0,22,0,0,0,0,0,0,14,2883,0,0,0,0,0,0
326,11692,327.07849429380497,99984,119,51,6,6,2052,1082,0.03134501520243239,57,37,48472,49209,1337,688,7,7,8,8,0,0,97038,0,0,22,0,0,0,0,0,0,16,2908,0,0,0,0,0,0
327,11692,328.09550616864357,99984,118,52,6,6,2070,1092,0.03162506000960154,53,33,48464,49203,1349,696,8,8,9,9,0,0,97008,0,0,22,0,0,0,0,0,0,18,2936,0,0,0,0,0,0
328,11692,329.05328408769856,99984,117,51,6,6,2085,1099,0.03184509521523444,58,36,48446,49195,1362,701,9,9,10,10,0,0,96982,0,0,22,0,0,0,0,0,0,20,2960,0,0,0,0,0,0
329,11692,330.05084135326683,99984,113,54,6,6,2102,1108,0.032105136821891506,57,34,48433,49187,1379,707,10,10,11,11,0,0,96953,0,0,22,0,0,0,0,0,0,22,2987,0,0,0,0,0,0
330,11692,331.02660049755485,99984,112,59,6,6,2120,1116,0.032365178428548566,52,35,48424,49181,1393,706,11,11,12,12,0,0,96931,0,0,24,0,0,0,0,0,0,24,3005,0,0,0,0,0,0
331,11692,332.0238458658612,99984,123,62,6,6,2137,1124,0.03261521843494959,48,34,48413,49177,1396,707,12,12,13,13,0,0,96918,0,0,24,0,0,0,0,0,0,26,3016,0,0,0,0,0,0
332,11692,333.01331474247104,99984,118,62,6,6,2151,1133,0.03284525524083853,47,39,48402,49165,1412,713,13,13,14,14,0,0,96888,0,0,24,0,0,0,0,0,0,28,3044,0,0,0,0,0,0
333,11692,334.04112204550455,99984,114,63,6,6,2161,1142,0.033035285645703315,64,35,48378,49159,1422,721,14,14,15,15,0,0,96864,0,0,24,0,0,0,0,0,0,30,3066,0,0,0,0,0,0
334,11692,335.0053969127281,99984,112,62,6,6,2173,1148,0.03321531445031205,71,39,48364,49152,1430,724,15,15,16,16,0,0,96841,0,0,24,0,0,0,0,0,0,32,3087,0,0,0,0,0,0
335,11692,336.02169102324586,99984,114,56,6,6,2187,1153,0.03340534485517683,73,44,48352,49145,1437,731,16,16,17,17,0,0,96816,0,0,24,0,0,0,0,0,0,34,3110,0,0,0,0,0,0
336,11692,337.0255373642474,99984,112,53,6,6,2204,1162,0.033665386461833896,75,46,48335,49136,1453,740,17,17,18,18,0,0,96783,0,0,24,0,0,0,0,0,0,36,3141,0,0,0,0,0,0
337,11692,338.04065414787453,99984,124,57,6,6,2232,1176,0.03408545367258761,66,38,48320,49133,1464,746,18,18,19,19,0,0,96757,0,0,26,0,0,0,0,0,0,38,3163,0,0,0,0,0,0
338,11692,339.03032980277595,99983,115,54,6,7,2248,1185,0.03433583709230569,66,32,48307,49132,1485,754,19,19,20,20,0,0,96719,0,0,26,0,0,0,0,0,0,39,3198,1,0,0,0,0,0
339,11692,340.05875474886324,99983,115,59,6,7,2267,1195,0.034625886400688116,60,26,48303,49128,1495,759,19,19,21,21,0,0,96694,0,0,27,0,0,0,0,0,0,41,3220,1,0,0,0,0,0
340,11692,341.1271482404391,99983,111,58,6,7,2285,1200,0.034855925507336245,59,29,48289,49123,1513,761,20,20,22,22,0,0,96664,0,0,27,0,0,0,0,0,0,43,3248,1,0,0,0,0,0
341,11692,342.1052275651878,99983,115,60,6,7,2307,1209,0.03516597821629677,65,32,48265,49111,1526,767,21,21,23,23,0,0,96637,0,0,27,0,0,0,0,0,0,45,3273,1,0,0,0,0,0
342,11692,343.168817078841,99983,113,58,6,7,2328,1224,0.03552603942670254,70,33,48247,49100,1540,779,22,21,24,24,0,0,96595,0,0,27,0,0,0,0,0,0,47,3313,1,0,0,0,0,0
343,11692,344.190326863545,99983,113,59,6,7,2347,1234,0.03581608873508496,73,37,48230,49085,1553,788,23,22,25,25,0,0,96565,0,0,27,0,0,0,0,0,0,49,3341,1,0,0,0,0,0
344,11692,345.212130104053,99983,111,58,6,7,2366,1239,0.03605612954202214,74,37,48221,49081,1561,792,25,23,26,27,0,0,96537,0,0,28,0,0,0,0,0,0,51,3365,2,0,0,0,0,0
345,11692,346.2341827266115,99983,119,61,6,7,2388,1251,0.03639618735184982,63,33,48211,49072,1572,800,27,25,28,29,0,0,96512,0,0,30,0,0,0,0,0,0,55,3384,2,0,0,0,0,0
346,11692,347.25644498820895,99983,122,64,6,7,2402,1263,0.03665623155936509,63,30,48198,49063,1580,807,29,27,30,31,0,0,96489,0,0,31,0,0,0,0,0,0,59,3402,2,0,0,0,0,0
347,11692,348.2789496043058,99983,127,58,6,7,2424,1269,0.036936279167458466,63,36,48182,49054,1590,814,30,29,32,33,0,0,96456,0,0,31,0,0,0,0,0,0,63,3431,2,0,0,0,0,0
348,11692,349.3017188729099,99983,135,66,6,7,2447,1279,0.03726633527699709,64,39,48169,49042,1593,813,31,31,34,35,0,0,96435,0,0,31,0,0,0,0,0,0,67,3448,2,0,0,0,0,0
349,11692,350.32470656466694,99983,136,63,6,7,2467,1285,0.037526379484512366,66,50,48150,49025,1606,819,34,34,37,38,0,0,96401,0,0,31,0,0,0,0,0,0,73,3476,2,0,0,0,0,0
350,11692,351.0068397672731,99983,132,59,6,7,2476,1289,0.03765640158827001,74,53,48136,49020,1613,822,37,37,40,41,0,0,96375,0,0,31,0,0,0,0,0,0,78,3496,3,0,0,0,0,0
351,11692,352.03040262701023,99983,136,59,6,7,2497,1297,0.03794645089665243,71,60,48120,49005,1625,827,40,40,43,44,0,0,96344,0,0,31,0,0,0,0,0,0,84,3521,3,0,0,0,0,0
352,11692,353.05429000195016,99982,124,73,7,7,2517,1318,0.038356904242763695,74,45,48096,48997,1653,832,44,44,47,48,0,0,96299,0,0,33,0,0,0,0,0,0,92,3555,3,0,0,0,0,0
353,11692,354.0786726583511,99981,130,72,8,7,2538,1329,0.038677348696252285,74,48,48076,48982,1662,841,48,48,51,52,0,0,96264,0,0,33,0,0,0,0,0,0,100,3581,3,0,0,0,0,0
354,11692,355.1034255166251,99981,151,83,8,7,2574,1346,0.03920744941538892,57,43,48060,48965,1669,847,53,53,56,57,0,0,96235,0,0,34,0,0,0,0,0,0,109,3599,4,0,0,0,0,0
355,11692,356.12842709032924,99981,142,78,8,7,2584,1355,0.039397485522249226,70,47,48035,48951,1685,857,58,58,61,62,0,0,96193,0,0,34,0,0,0,0,0,0,118,3631,5,0,0,0,0,0
356,11692,357.1539172128771,99981,138,74,8,7,2604,1365,0.03969754253308128,66,52,48023,48931,1701,871,62,63,67,67,0,0,96144,0,0,34,0,0,0,0,0,0,129,3669,5,0,0,0,0,0
357,11692,358.1797605838389,99981,138,77,8,7,2619,1378,0.03997759574319121,72,49,48002,48916,1710,880,68,69,73,73,0,0,96108,0,0,35,0,0,0,0,0,0,141,3692,5,0,0,0,0,0
358,11692,359.2059845135863,99980,137,76,8,8,2637,1389,0.040268053610722145,82,50,47976,48900,1724,888,71,76,80,80,0,0,96063,0,0,35,0,0,0,0,0,0,155,3722,5,0,0,0,0,0
359,11692,360.23267685192076,99979,145,74,8,9,2662,1397,0.04059852569039498,86,52,47948,48886,1733,893,78,84,88,87,0,0,96022,0,0,36,0,0,0,0,0,0,170,3746,5,0,0,0,0,0
360,11692,361.25979435973363,99979,151,74,8,9,2689,1411,0.041008611808479783,86,55,47923,48863,1744,904,86,93,97,95,0,0,95971,0,0,36,0,0,0,0,0,0,186,3780,6,0,0,0,0,0
361,11692,362.2874003544513,99979,148,76,8,9,2715,1427,0.041428700027005674,73,47,47905,48851,1769,913,95,102,107,104,0,0,95909,0,0,36,0,0,0,0,0,0,205,3823,6,0,0,0,0,0
362,11692,363.31554141264064,99979,152,83,8,9,2741,1441,0.041828784044649375,74,44,47877,48832,1783,917,104,113,118,113,0,0,95860,0,0,36,0,0,0,0,0,0,225,3852,6,0,0,0,0,0
363,11692,364.0012488853549,99979,149,82,8,9,2752,1447,0.04199881975214795,70,43,47869,48818,1788,921,114,125,130,123,0,0,95818,0,0,37,0,0,0,0,0,0,247,3871,6,0,0,0,0,0
364,11692,365.03021056818244,99979,139,78,8,9,2764,1456,0.04220886386141089,84,42,47837,48802,1807,930,123,137,143,134,0,0,95760,0,0,37,0,0,0,0,0,0,270,3905,7,0,0,0,0,0
365,11692,366.05980381962047,99979,138,81,8,9,2785,1466,0.04251892897508477,85,43,47816,48780,1817,934,134,151,157,146,0,0,95709,0,0,39,0,0,0,0,0,0,294,3928,9,0,0,0,0,0
366,11692,367.0898857582706,99979,141,85,8,9,2814,1482,0.042969023494933936,82,43,47790,48752,1830,943,147,166,172,159,0,0,95643,0,0,39,0,0,0,0,0,0,322,3966,9,0,0,0,0,0
367,11692,368.12047626278144,99979,159,79,8,9,2846,1495,0.043419118014783105,79,42,47754,48729,1837,957,161,182,189,173,0,0,95579,0,0,39,0,0,0,0,0,0,353,3999,9,0,0,0,0,0
368,11692,369.15167238541375,99979,151,75,8,9,2862,1501,0.043639164224487145,79,41,47737,48711,1847,962,176,200,207,188,0,0,95517,0,0,40,0,0,0,0,0,0,382,4027,13,0,0,0,0,0
369,11692,370.1833273943879,99979,155,80,8,9,2888,1514,0.04402924614168976,70,41,47713,48681,1860,969,192,218,227,205,0,0,95452,0,0,42,0,0,0,0,0,0,419,4053,13,0,0,0,0,0
370,11692,371.2155700195039,99978,135,69,9,9,2906,1519,0.044259737142171275,85,44,47670,48657,1889,980,210,239,249,223,0,0,95363,0,0,45,0,0,0,0,0,0,457,4098,15,0,0,0,0,0
371,11692,372.24877727975047,99978,144,76,9,9,2931,1535,0.044669827362019646,82,42,47637,48622,1898,986,228,263,273,242,0,0,95298,0,0,45,0,0,0,0,0,0,497,4120,18,0,0,0,0,0
372,11692,373.28262580929635,99977,134,72,10,9,2947,1547,0.04495033857787291,91,44,47602,48591,1912,993,249,289,299,263,0,0,95213,0,0,45,0,0,0,0,0,0,540,4157,22,0,0,0,0,0
373,11692,374.31726931357423,99976,133,70,11,9,2965,1556,0.04522085300472113,92,48,47577,48553,1917,1002,268,316,327,285,0,0,95136,0,0,45,0,0,0,0,0,0,587,4183,25,0,0,0,0,0
374,11692,375.0073519187676,99976,142,75,11,9,2983,1567,0.04551092262142914,95,51,47541,48511,1919,1006,290,346,357,309,0,0,95070,0,0,46,0,0,0,0,0,0,639,4194,27,0,0,0,0,0
375,11692,376.04311848734443,99975,145,76,12,9,3009,1581,0.045911477869467365,86,56,47505,48463,1936,1016,314,378,390,334,0,0,94978,0,0,47,0,0,0,0,0,0,696,4226,28,0,0,0,0,0
376,11692,377.07969859068515,99975,148,75,12,9,3034,1594,0.046291572893223304,86,53,47465,48424,1947,1025,340,412,425,361,0,0,94886,0,0,49,0,0,0,0,0,0,754,4254,32,0,0,0,0,0
377,11692,378.1170629946551,99974,157,88,12,10,3064,1617,0.04682217376517895,72,45,47425,48383,1964,1024,368,448,463,390,0,0,94792,0,0,50,0,0,0,0,0,0,818,4279,35,0,0,0,0,0
378,11692,379.15530962857383,99974,152,94,12,10,3092,1629,0.04722227779222598,64,58,47383,48325,1990,1024,397,487,504,421,0,0,94685,0,0,51,0,0,0,0,0,0,887,4313,38,0,0,0,0,0
379,11692,380.19453424625914,99974,152,93,12,10,3110,1643,0.0475423610138636,74,59,47330,48276,2001,1031,429,529,548,454,0,0,94580,0,0,52,0,0,0,0,0,0,960,4340,42,0,0,0,0,0
380,11692,381.2348052676157,99974,149,93,12,10,3124,1655,0.047802428631444176,86,59,47283,48226,2005,1037,463,573,595,489,0,0,94469,0,0,52,0,0,0,0,0,0,1042,4369,42,0,0,0,0,0
381,11692,382.27595938409166,99974,162,103,12,10,3152,1675,0.04828255346390061,83,53,47234,48171,2010,1041,497,620,646,526,0,0,94360,0,0,52,0,0,0,0,0,0,1126,4390,46,0,0,0,0,0
382,11692,383.3180419112047,99974,154,107,12,10,3166,1693,0.04860263668553824,98,50,47183,48112,2018,1046,533,673,700,566,0,0,94240,0,0,54,0,0,0,0,0,0,1212,4414,54,0,0,0,0,0
383,11692,384.01334761191634,99973,156,112,13,10,3181,1707,0.048893201164314365,99,46,47132,48052,2025,1051,573,727,758,608,0,0,94122,0,0,54,0,0,0,0,0,0,1308,4431,58,0,0,0,0,0
384,11692,385.05755877201955,99973,157,102,13,10,3204,1719,0.04924329568983626,98,46,47078,47986,2038,1067,614,787,820,653,0,0,93974,0,0,54,0,0,0,0,0,0,1412,4472,61,0,0,0,0,0
385,11692,386.1029907099578,99973,164,104,13,10,3235,1732,0.04968341452192092,96,44,47019,47921,2049,1068,657,851,886,700,0,0,93838,0,0,56,0,0,0,0,0,0,1515,4493,71,0,0,0,0,0
386,11692,387.14969130122114,99973,166,97,13,10,3262,1744,0.0500735198503596,95,52,46954,47841,2064,1079,706,919,957,750,0,0,93685,0,0,59,0,0,0,0,0,0,1627,4522,80,0,0,0,0,0
387,11692,388.19778870446936,99972,170,102,14,10,3293,1760,0.05054415236266155,92,48,46882,47763,2082,1086,758,989,1032,803,0,0,93522,0,0,59,0,0,0,0,0,0,1752,4556,83,0,0,0,0,0
388,11692,389.24746503806205,99972,176,106,14,10,3320,1772,0.050934261593246107,88,53,46812,47674,2096,1088,812,1067,1112,859,0,0,93360,0,0,60,0,0,0,0,0,0,1886,4581,85,0,0,0,0,0
389,11692,390.29864582625976,99972,180,97,14,10,3346,1787,0.05134437642539911,94,57,46738,47578,2107,1106,865,1150,1197,918,0,0,93180,0,0,60,0,0,0,0,0,0,2020,4617,95,0,0,0,0,0
390,11692,391.00029872710286,99972,176,97,14,10,3364,1797,0.05162445484735726,96,52,46668,47494,2118,1112,926,1233,1287,980,0,0,93004,0,0,61,0,0,0,0,0,0,2165,4640,102,0,0,0,0,0
391,11692,392.0546374992928,99972,176,99,14,10,3396,1813,0.0521045892849998,92,53,46588,47396,2137,1119,991,1321,1382,1045,0,0,92803,0,0,61,0,0,0,0,0,0,2320,4681,107,0,0,0,0,0
392,11692,393.11074720171126,99972,173,97,14,10,3422,1825,0.05248469571480015,97,57,46503,47283,2154,1130,1057,1421,1483,1114,0,0,92598,0,0,62,0,0,0,0,0,0,2483,4715,114,0,0,0,0,0
393,11692,394.16875107678976,99971,169,95,15,10,3447,1837,0.05285532804513309,96,66,46424,47163,2172,1142,1122,1522,1590,1186,0,0,92383,0,0,64,0,0,0,0,0,0,2657,4748,119,0,0,0,0,0
394,11692,395.22860005282075,99971,173,97,15,10,3466,1856,0.05323543827710036,106,60,46326,47051,2182,1153,1196,1627,1703,1262,0,0,92170,0,0,65,0,0,0,0,0,0,2839,4771,126,0,0,0,0,0
395,11692,396.29050237491066,99971,177,97,15,10,3496,1869,0.05366556301327385,110,59,46228,46934,2197,1160,1271,1738,1822,1341,0,0,91940,0,0,66,0,0,0,0,0,0,3031,4802,132,0,0,0,0,0
396,11692,397.354602131787,99971,172,97,15,10,3521,1879,0.05401566454271739,113,60,46128,46806,2220,1165,1350,1860,1948,1424,0,0,91704,0,0,66,1,0,0,0,0,0,3228,4829,143,0,0,0,0,0
397,11692,398.06528049159874,99971,170,95,15,10,3540,1888,0.05429574576627222,109,57,46036,46676,2235,1173,1433,1987,2080,1511,0,0,91464,0,0,67,1,0,0,0,0,0,3437,4849,153,0,0,0,0,0
398,11692,399.1338361754513,99971,170,99,15,10,3569,1905,0.054755879204969445,107,53,45936,46540,2251,1180,1519,2116,2219,1602,0,0,91202,0,0,66,2,0,0,0,0,0,3657,4882,162,0,0,0,0,0
399,11692,400.204782206052,99971,168,92,15,10,3592,1909,0.05502595752768303,103,60,45842,46400,2267,1180,1603,2256,2365,1697,0,0,90941,0,0,68,2,0,0,0,0,0,3884,4900,176,0,0,0,0,0
400,11692,401.27796594834285,99971,179,91,15,10,3618,1925,0.05544607936301527,98,70,45739,46237,2272,1191,1695,2399,2519,1796,0,0,90669,0,0,69,2,0,0,0,0,0,4125,4918,188,0,0,0,0,0
401,11692,402.3534329262526,99971,176,91,15,10,3644,1945,0.0559062128017125,95,63,45632,46088,2286,1197,1794,2549,2680,1900,0,0,90372,0,0,70,2,0,0,0,0,0,4374,4949,204,0,0,0,0,0
402,11692,403.0718637394647,99971,171,103,15,10,3659,1965,0.056256314331156035,96,59,45525,45919,2295,1191,1896,2716,2849,2008,0,0,90088,0,0,71,2,0,0,0,0,0,4631,4955,224,0,0,0,0,0
403,11692,404.1523770930863,99971,174,100,15,10,3692,1982,0.056756459373218236,84,57,45423,45751,2304,1202,1998,2878,3026,2120,0,0,89763,0,0,71,2,0,0,0,0,0,4906,4991,238,0,0,0,0,0
404,11692,405.2354623616783,99971,171,97,15,10,3716,1994,0.057116563803503016,94,53,45295,45583,2315,1204,2108,3051,3211,2237,0,0,89433,0,0,73,2,0,0,0,0,0,5196,5017,250,0,0,0,0,0
405,11692,406.32151150693915,99971,160,89,15,10,3738,2006,0.05745666243210531,102,52,45173,45395,2331,1218,2217,3234,3404,2359,0,0,89088,0,0,75,2,0,0,0,0,0,5490,5045,271,0,0,0,0,0
406,11692,407.04725612775474,99971,164,91,15,10,3762,2016,0.05779676106070761,105,47,45036,45201,2337,1219,2341,3430,3606,2485,0,0,88746,0,0,76,2,0,0,0,0,0,5805,5058,284,0,0,0,0,0
407,11692,408.1394807370346,99971,165,94,15,10,3788,2029,0.05818687419351612,108,50,44903,44993,2342,1217,2465,3634,3817,2616,0,0,88399,0,0,78,3,0,0,0,0,0,6120,5061,310,0,0,0,0,0
408,11692,409.23490858087007,99971,169,96,15,10,3824,2040,0.05865701053305459,98,58,44765,44775,2361,1218,2590,3841,4036,2752,0,0,88025,0,0,80,3,0,0,0,0,0,6455,5078,330,0,0,0,0,0
409,11692,410.33371658497623,99971,152,97,15,10,3849,2056,0.05906712946754559,103,54,44616,44562,2388,1221,2724,4054,4264,2893,0,0,87618,0,0,81,4,0,0,0,0,0,6807,5115,346,0,0,0,0,0
410,11692,411.06837294320184,99970,161,93,15,11,3866,2063,0.05930779233770131,103,57,44473,44338,2382,1222,2864,4277,4501,3039,0,0,87233,0,0,80,5,0,0,0,0,0,7173,5117,362,0,0,0,0,0
411,11692,412.1744594392282,99970,165,105,15,11,3898,2082,0.05981794538361508,109,50,44310,44099,2394,1223,3005,4510,4747,3190,0,0,86823,0,0,81,5,0,0,0,0,0,7549,5129,383,0,0,0,0,0
412,11692,413.2844028792465,99970,158,109,15,11,3928,2094,0.060238071421426426,117,51,44143,43866,2413,1219,3152,4742,5003,3346,0,0,86393,0,0,83,5,0,0,0,0,0,7936,5145,408,0,0,0,0,0
413,11692,414.02664534690996,99969,160,108,16,11,3954,2102,0.0605787794216207,107,59,43997,43614,2418,1216,3300,4990,5268,3507,0,0,85958,0,0,85,5,0,0,0,0,0,8340,5151,430,0,0,0,0,0
414,11692,415.1444434517401,99969,157,122,16,11,3978,2125,0.06104892516680171,108,54,43833,43363,2428,1209,3456,5239,5542,3674,0,0,85508,0,0,86,6,0,0,0,0,0,8756,5159,454,0,0,0,0,0
415,11692,416.2663199178811,99967,152,112,18,11,3996,2140,0.06138025548430982,118,52,43665,43100,2431,1224,3614,5499,5826,3846,0,0,85024,0,0,87,6,0,0,0,0,0,9193,5184,473,0,0,0,0,0
416,11692,417.01658147733866,99967,157,110,18,11,4017,2148,0.061670351215901247,116,53,43496,42818,2429,1225,3782,5781,6119,4023,0,0,84559,0,0,87,6,0,0,0,0,0,9632,5179,504,0,0,0,0,0
417,11692,418.14707641197305,99967,169,102,18,11,4051,2155,0.06208048656056499,109,61,43322,42541,2426,1220,3954,6063,6422,4205,0,0,84072,0,0,87,7,0,0,0,0,0,10083,5181,537,0,0,0,0,0
418,11692,419.28209234216365,99966,160,102,18,12,4082,2179,0.06263129464017766,111,46,43138,42249,2444,1232,4127,6357,6734,4392,0,0,83541,0,0,90,7,0,0,0,0,0,10553,5209,566,0,0,0,0,0
419,11692,420.04143693956746,99966,165,99,18,12,4097,2191,0.06290138647140027,138,66,42945,41915,2426,1236,4306,6670,7056,4585,0,0,83034,12,0,90,8,0,0,0,0,0,11036,5189,597,0,0,0,0,0
420,11692,421.2901741158449,99966,167,108,18,12,4126,2216,0.0634415701338455,175,77,42727,41601,2428,1232,4483,6968,7387,4783,0,0,82494,52,3,90,8,0,0,0,0,0,11533,5160,626,0,0,0,0,0
421,11692,422.2306124943903,99966,187,118,18,12,4173,2237,0.06412180141248024,178,77,42500,41284,2445,1227,4670,7280,7727,4986,0,0,81943,84,8,90,9,0,0,0,0,0,12047,5136,649,0,0,0,0,0
422,11692,423.175689983926,99965,199,125,19,12,4217,2259,0.06478267393587755,186,76,42287,40956,2452,1228,4855,7601,8077,5194,0,0,81370,125,12,90,10,0,0,0,0,0,12574,5109,675,0,0,0,0,0
423,11692,424.1253431009927,99965,207,130,19,12,4255,2278,0.06535287350572701,215,89,42039,40615,2465,1221,5053,7931,8436,5408,0,0,80793,160,19,92,10,0,0,0,0,0,13109,5076,706,0,0,0,0,0
424,11692,425.0799277553815,99965,229,140,19,12,4306,2306,0.0661431501025359,227,93,41816,40264,2465,1220,5242,8269,8804,5627,0,0,80202,202,23,93,10,0,0,0,0,0,13654,5037,744,0,0,0,0,0
425,11692,426.03934046745263,99965,254,139,19,12,4371,2325,0.06698344420547192,211,116,41578,39898,2489,1228,5447,8605,9180,5851,0,0,79580,252,30,96,10,0,0,0,0,0,14219,5006,772,0,0,0,0,0
426,11692,427.0038428541712,99964,270,152,20,12,4427,2362,0.06791444920171262,236,119,41316,39533,2500,1237,5656,8945,9565,6080,0,0,78945,308,35,97,11,0,0,0,0,0,14792,4969,807,0,0,0,0,0
427,11692,428.2979562813531,99964,306,170,20,12,4510,2402,0.06914489216117803,243,133,41054,39151,2523,1236,5852,9296,9958,6314,0,0,78299,364,45,100,11,0,0,0,0,0,15372,4929,844,0,0,0,0,0
428,11692,429.2736389463353,99963,314,183,21,12,4562,2438,0.07002590958654702,263,125,40783,38770,2549,1242,6068,9666,10360,6552,0,0,77631,417,54,102,13,0,0,0,0,0,15978,4901,867,0,0,0,0,0
429,11692,430.2554130529521,99963,335,181,21,12,4629,2468,0.07099626861938918,290,139,40502,38358,2566,1262,6284,10046,10770,6795,0,0,76954,478,69,103,14,0,0,0,0,0,16579,4863,903,0,0,0,0,0
430,11692,431.24348603217766,99963,361,196,21,12,4705,2508,0.07215669797825196,309,129,40209,37964,2593,1268,6505,10429,11187,7043,0,0,76255,546,73,105,15,0,0,0,0,0,17206,4827,936,0,0,0,0,0
431,11692,432.2380821943085,99961,376,197,23,12,4782,2546,0.0733085903502366,339,144,39920,37559,2621,1284,6719,10802,11612,7295,0,0,75538,620,91,110,15,0,0,0,0,0,17829,4786,972,0,0,0,0,0
432,11692,433.2393421721818,99961,414,203,23,12,4868,2576,0.07446904292674143,355,169,39629,37145,2649,1287,6928,11182,12044,7552,0,0,74825,677,103,110,18,0,0,0,0,0,18473,4753,1002,0,0,0,0,0
433,11692,434.2471385517974,99961,451,210,23,12,4962,2614,0.07578955792759176,367,185,39325,36732,2676,1291,7156,11568,12482,7813,0,0,74105,749,114,111,22,0,0,0,0,0,19110,4701,1049,0,0,0,0,0
434,11692,435.26205031613836,99961,466,215,23,12,5055,2650,0.07708006122387731,407,199,39003,36301,2724,1304,7375,11967,12927,8078,0,0,73341,836,129,115,24,0,0,0,0,0,19771,4664,1081,0,0,0,0,0
435,11692,436.2845758916837,99961,494,220,23,12,5149,2698,0.07850061523994357,443,205,38687,35865,2760,1330,7591,12366,13378,8347,0,0,72579,914,153,121,25,0,0,0,0,0,20431,4622,1116,0,0,0,0,0
436,11692,437.31475559416543,99961,525,222,23,12,5257,2735,0.07995118096057463,462,218,38354,35423,2805,1348,7829,12775,13835,8620,0,0,71809,997,176,122,28,0,0,0,0,0,21094,4577,1158,0,0,0,0,0
437,11692,438.0060937226659,99961,547,248,23,12,5337,2783,0.08123168035533858,471,235,38059,34967,2830,1352,8068,13184,14297,8897,0,0,71062,1047,200,128,28,0,0,0,0,0,21767,4529,1200,0,0,0,0,0
438,11692,439.05190662819666,99960,574,280,24,12,5451,2849,0.08303321328531413,496,242,37726,34515,2882,1357,8296,13592,14764,9177,0,0,70278,1133,229,133,28,0,0,0,0,0,22436,4474,1249,0,0,0,0,0
439,11692,440.10604736360233,99960,624,297,24,12,5595,2913,0.0851140456182473,520,241,37363,34069,2944,1384,8523,13995,15235,9461,0,0,69455,1239,259,134,31,0,0,0,0,0,23122,4435,1285,0,0,0,0,0
440,11692,441.16931672285557,99960,650,296,24,12,5723,2958,0.08684473789515806,543,282,37030,33607,2997,1409,8754,14392,15710,9748,0,0,68627,1349,291,138,33,0,0,0,0,0,23808,4387,1327,0,0,0,0,0
441,11692,442.2415603362818,99960,681,317,24,12,5859,3032,0.08894557823129251,561,287,36684,33147,3070,1429,8978,14806,16189,10038,0,0,67776,1464,326,143,34,0,0,0,0,0,24507,4349,1361,0,0,0,0,0
442,11692,443.32308034791606,99958,720,333,26,12,6002,3101,0.09106824866443906,607,309,36312,32672,3122,1455,9211,15217,16671,10331,0,0,66946,1562,370,150,38,0,0,0,0,0,25191,4297,1404,0,0,0,0,0
443,11692,444.0496437157039,99958,754,347,26,12,6105,3147,0.0925588747273855,625,312,35970,32224,3154,1455,9469,15648,17156,10627,0,0,66150,1620,410,153,38,0,0,0,0,0,25889,4251,1447,0,0,0,0,0
444,11692,445.1505891558414,99957,815,377,27,12,6285,3227,0.09516091919525396,623,323,35605,31758,3235,1470,9693,16058,17643,10925,0,0,65301,1724,458,162,41,0,0,0,0,0,26582,4201,1488,0,0,0,0,0
445,11692,446.2617856863664,99957,847,396,27,12,6440,3322,0.09766199465770281,669,338,35218,31287,3318,1515,9919,16450,18132,11225,0,0,64412,1866,505,166,45,0,0,0,0,0,27280,4155,1528,0,0,0,0,0
446,11692,447.00859371487866,99957,890,414,27,12,6577,3385,0.0996628550276619,686,340,34867,30804,3362,1539,10166,16889,18623,11527,0,0,63572,1953,550,167,50,0,0,0,0,0,27988,4113,1564,0,0,0,0,0
447,11692,448.141031839354,99956,898,446,28,12,6752,3485,0.10241506262755612,724,344,34478,30344,3481,1583,10389,17269,19115,11831,0,0,62648,2113,604,181,53,0,0,0,0,0,28694,4067,1596,0,0,0,0,0
448,11692,449.2854380007714,99955,938,457,28,13,6954,3579,0.10537741983892751,767,381,34067,29859,3587,1632,10611,17656,19607,12137,0,0,61749,2248,696,193,57,0,0,0,0,0,29364,4020,1628,0,0,0,0,0
449,11692,450.05522453562725,99955,971,470,28,13,7088,3641,0.1073383022360062,818,392,33676,29403,3646,1652,10859,18068,20100,12444,0,0,60898,2335,749,195,61,1,0,0,0,0,30073,3982,1661,0,0,0,0,0
450,11692,451.22411247769077,99955,1061,495,28,13,7325,3759,0.11088990045520485,837,410,33239,28917,3748,1711,11085,18452,20592,12753,0,0,59983,2490,811,209,65,1,0,0,0,0,30766,3927,1703,0,0,0,0,0
451,11692,452.0108665211661,99955,1108,515,28,13,7495,3824,0.11324095843129409,807,433,32887,28454,3828,1730,11340,18853,21084,13063,0,0,59111,2593,865,216,68,1,0,0,0,0,31480,3887,1734,0,0,0,0,0
452,11692,453.2058128119615,99955,1183,546,28,13,7749,3952,0.11706267820519234,828,434,32471,27979,3939,1789,11549,19237,21575,13374,0,0,58201,2747,968,226,75,1,0,0,0,0,32131,3831,1775,0,0,0,0,0
453,11692,454.01009450716725,99955,1238,565,28,13,7928,4032,0.11965384422990345,866,443,32080,27517,4019,1818,11767,19642,22064,13685,0,0,57352,2845,1038,239,77,1,0,0,0,0,32810,3769,1824,0,0,0,0,0
454,11692,455.23195899405533,99954,1271,625,29,13,8203,4185,0.12393701102507153,904,457,31653,27040,4193,1875,11948,19988,22551,13997,0,0,56386,3052,1145,251,82,1,0,0,0,0,33458,3716,1863,0,0,0,0,0
455,11692,456.0548081688217,99954,1270,643,29,13,8366,4275,0.1264681753606659,938,470,31286,26586,4310,1908,12165,20378,23036,14309,0,0,55498,3183,1233,261,85,1,0,0,0,0,34123,3666,1904,0,0,0,0,0
456,11692,457.30538429695207,99953,1336,680,30,13,8657,4437,0.13100157073824698,944,484,30875,26106,4462,1989,12351,20726,23519,14621,0,0,54552,3368,1369,276,92,1,0,0,0,0,34742,3615,1938,0,0,0,0,0
457,11692,458.14762584430633,99953,1399,711,30,13,8877,4550,0.13433313657418988,959,485,30486,25659,4552,2033,12572,21097,23999,14933,0,0,53690,3472,1484,279,103,1,0,0,0,0,35379,3578,1967,0,0,0,0,0
458,11692,459.428497380606,99951,1428,719,32,13,9214,4700,0.13920821202389172,989,511,30023,25203,4781,2125,12745,21427,24475,15244,0,0,52684,3726,1645,295,113,1,0,0,0,0,35961,3525,2001,0,0,0,0,0
459,11692,460.2925641563571,99950,1467,720,32,14,9431,4800,0.14238119059529764,1004,508,29643,24789,4884,2167,12968,21800,24948,15555,0,0,51817,3856,1766,304,123,1,0,0,0,0,36570,3469,2044,0,0,0,0,0
460,11692,461.1673791482696,99950,1512,752,32,14,9665,4914,0.14586293146573287,1025,507,29257,24350,5004,2225,13168,22150,25417,15865,0,0,50947,3988,1873,317,133,1,0,0,0,0,37193,3414,2084,0,0,0,0,0
461,11692,462.0527724918974,99949,1527,784,33,14,9867,5029,0.14903600836426578,1078,517,28881,23937,5118,2257,13361,22489,25882,16174,0,0,50099,4107,1997,326,144,1,0,0,0,0,37792,3359,2124,0,0,0,0,0
462,11692,463.4002052288084,99948,1544,821,33,15,10207,5218,0.15433025173090006,1121,521,28432,23528,5359,2349,13509,22764,26342,16482,0,0,49115,4352,2179,350,157,1,0,0,0,0,38339,3304,2151,0,0,0,0,0
463,11692,464.30956168661396,99948,1600,840,33,15,10459,5334,0.15801216632648976,1139,535,28056,23113,5466,2399,13704,23096,26798,16789,0,0,48270,4478,2316,362,166,1,0,0,0,0,38912,3248,2195,0,0,0,0,0
464,11692,465.2302915859211,99948,1629,861,33,15,10721,5458,0.1618741745707768,1198,553,27618,22708,5632,2466,13888,23395,27249,17095,0,0,47386,4640,2464,367,181,1,0,0,0,0,39482,3206,2221,0,0,0,0,0
465,11692,466.1635935212061,99946,1679,873,35,15,10992,5580,0.16580953715006103,1210,561,27226,22318,5773,2530,14075,23701,27694,17399,0,0,46522,4791,2618,377,190,1,0,0,0,0,40035,3158,2254,0,0,0,0,0
466,11692,467.10989717416993,99945,1735,862,36,15,11280,5689,0.1697833808594727,1195,601,26846,21932,5925,2595,14261,23993,28134,17701,0,0,45662,4935,2789,388,200,2,0,0,0,0,40566,3120,2283,0,0,0,0,0
467,11692,468.06927217627805,99945,1785,878,36,15,11569,5838,0.17416579118515182,1180,584,26485,21547,6087,2678,14425,24296,28568,18001,0,0,44803,5084,2965,408,214,2,0,0,0,0,41087,3076,2306,0,0,0,0,0
468,11692,469.04148884638147,99945,1783,910,36,15,11819,5994,0.1782280254139777,1229,574,26135,21172,6240,2743,14575,24584,28997,18299,0,0,43968,5230,3161,419,226,2,0,0,0,0,41569,3027,2343,0,0,0,0,0
469,11692,470.0260731481418,99945,1811,922,36,15,12099,6129,0.18238030917004353,1269,598,25773,20800,6385,2808,14724,24855,29420,18595,0,0,43124,5389,3341,436,236,2,0,0,0,0,42065,2976,2376,0,0,0,0,0
470,11692,471.0234017743382,99942,1838,932,38,16,12407,6263,0.18680834884232855,1269,630,25412,20439,6554,2891,14887,25090,29837,18889,0,0,42280,5561,3513,454,259,4,0,0,0,0,42548,2917,2406,0,0,0,0,0
471,11692,472.0343017208426,99940,1953,967,40,16,12771,6424,0.19206523914348608,1197,616,25044,20082,6702,2959,15062,25358,30247,19181,0,0,41492,5674,3716,475,277,4,0,0,0,0,43001,2866,2435,0,0,0,0,0
472,11692,473.0592424379602,99938,1978,976,41,17,13084,6588,0.19684204206608097,1239,625,24640,19750,6901,3057,15199,25573,30651,19470,0,0,40645,5859,3918,487,299,4,0,0,0,0,43441,2819,2466,0,0,0,0,0
473,11692,474.0996847357985,99935,1996,997,43,18,13414,6743,0.20170110571871716,1285,646,24256,19409,7087,3136,15331,25792,31049,19756,0,0,39822,6026,4128,511,320,4,0,0,0,0,43864,2765,2495,0,0,0,0,0
474,11692,475.1556972567768,99934,2025,1060,44,18,13751,6955,0.20719674985490424,1268,594,23912,19077,7272,3221,15477,26028,31440,20040,0,0,39041,6162,4377,529,345,4,0,0,0,0,44234,2713,2529,0,0,0,0,0
475,11692,476.22677757744043,99934,2080,1088,44,18,14143,7119,0.21276042187843977,1213,596,23572,18769,7489,3294,15600,26233,31825,20321,0,0,38245,6322,4622,547,370,4,0,0,0,0,44600,2665,2559,0,0,0,0,0
476,11692,477.31343488467496,99933,2077,1084,45,18,14493,7292,0.21799605735843014,1209,618,23223,18479,7734,3394,15710,26405,32203,20599,0,0,37416,6522,4884,565,395,5,0,0,0,0,44944,2619,2583,0,0,0,0,0
477,11692,478.41593527785324,99929,2087,1096,49,18,14832,7485,0.22332856327992875,1217,628,22871,18171,7951,3506,15823,26579,32574,20874,0,0,36586,6713,5114,599,416,5,0,0,0,0,45322,2573,2601,0,0,0,0,0
478,11692,479.5343773466939,99929,2097,1112,49,18,15173,7661,0.22850223658797747,1238,654,22537,17888,8175,3599,15902,26727,32939,21146,0,0,35816,6861,5378,633,436,5,0,0,0,0,45656,2523,2621,0,0,0,0,0
479,11692,480.09847222151893,99926,2098,1122,51,19,15346,7768,0.23131117026599685,1250,627,22279,17589,8241,3637,16079,27004,33297,21415,0,0,35210,6874,5576,646,460,5,0,0,0,0,46030,2475,2650,0,0,0,0,0
480,11692,481.2468432021677,99925,2155,1103,52,19,15708,7931,0.23656742556917687,1278,624,21957,17330,8403,3752,16153,27170,33648,21680,0,0,34478,7012,5863,667,478,5,0,0,0,0,46316,2430,2676,0,0,0,0,0
481,11692,482.41120421133644,99922,2133,1098,55,19,16059,8111,0.24188867316506876,1305,646,21620,17055,8661,3871,16224,27309,33992,21942,0,0,33717,7186,6156,688,506,7,0,0,0,0,46574,2385,2703,0,0,0,0,0
482,11692,483.59279578786374,99921,2162,1086,56,19,16458,8290,0.24767566377438177,1248,662,21352,16789,8889,4001,16291,27441,34330,22201,0,0,32977,7350,6442,714,548,9,0,0,0,0,46827,2335,2719,0,0,0,0,0
483,11692,484.18859010676493,99921,2136,1100,56,19,16639,8403,0.2506179882106864,1269,660,21090,16527,8991,4041,16456,27651,34661,22456,0,0,32379,7387,6646,730,570,11,0,0,0,0,47160,2295,2743,0,0,0,0,0
484,11692,485.4003152893795,99919,2146,1113,57,20,17024,8601,0.25645773076191714,1257,658,20860,16313,9200,4153,16478,27741,34985,22708,0,0,31664,7537,6937,759,611,12,0,0,0,0,47389,2252,2758,0,0,0,0,0
485,11692,486.0105838641318,99918,2168,1099,58,20,17228,8688,0.2593726856021938,1254,648,20625,16064,9279,4202,16614,27965,35302,22956,0,0,31093,7559,7136,775,631,12,0,0,0,0,47714,2218,2780,0,0,0,0,0
486,11692,487.2501327615711,99918,2154,1144,58,20,17619,8915,0.26555775736103604,1227,634,20340,15825,9542,4296,16677,28079,35613,23201,0,0,30372,7729,7429,811,669,12,0,0,0,0,47927,2173,2796,0,0,0,0,0
487,11692,488.5070488242819,99917,2167,1148,59,20,17994,9124,0.271405266371088,1276,622,20069,15618,9737,4422,16690,28168,35917,23442,0,0,29694,7883,7760,835,699,13,0,0,0,0,48095,2126,2812,0,0,0,0,0
488,11692,489.14078673959006,99916,2187,1149,60,20,18209,9221,0.2745306057087954,1248,627,19858,15384,9824,4467,16821,28351,36215,23680,0,0,29151,7910,7948,848,726,15,0,0,0,0,48391,2092,2835,0,0,0,0,0
489,11692,490.42818069232237,99911,2134,1157,63,22,18603,9424,0.2805196624996247,1284,617,19586,15216,10092,4578,16839,28408,36506,23914,0,0,28474,8058,8307,885,764,16,0,0,0,0,48507,2052,2848,0,0,0,0,0
490,11692,491.07759508872215,99907,2146,1147,67,22,18807,9512,0.2834536118590289,1287,619,19390,15008,10153,4614,16955,28588,36791,24145,0,0,27958,8076,8508,889,793,18,0,0,0,0,48776,2023,2866,0,0,0,0,0
491,11692,492.39657997346086,99904,2167,1128,70,22,19246,9717,0.28990831197950034,1248,594,19151,14872,10387,4756,16975,28626,37070,24372,0,0,27318,8219,8889,917,829,21,0,0,0,0,48848,1981,2882,0,0,0,0,0
492,11692,493.060984659633,99903,2167,1127,71,22,19458,9816,0.2930242335065013,1245,592,18970,14686,10465,4789,17080,28782,37342,24596,0,0,26841,8212,9125,928,862,22,0,0,0,0,49064,1954,2895,0,0,0,0,0
493,11692,494.4099960522356,99903,2223,1095,71,22,19879,10008,0.2991601853798184,1226,588,18725,14563,10655,4914,17098,28816,37608,24816,0,0,26283,8293,9494,959,910,23,0,0,0,0,49117,1911,2913,0,0,0,0,0
494,11692,495.0898234633475,99902,2156,1069,71,23,20060,10094,0.30183579908310143,1251,592,18544,14387,10782,4974,17194,28953,37868,25032,0,0,25782,8339,9722,966,951,25,0,0,0,0,49310,1883,2924,0,0,0,0,0
495,11692,496.4698570631171,99902,2190,1041,71,23,20492,10283,0.30805189085303597,1201,611,18352,14268,10991,5124,17193,28931,38122,25245,0,0,25197,8450,10072,1002,999,27,0,0,0,0,49374,1848,2933,0,0,0,0,0
496,11692,497.16429934645305,99899,2173,1042,74,23,20679,10385,0.31095406360424027,1200,602,18218,14112,11046,5158,17287,29061,38370,25454,0,0,24768,8434,10304,1016,1032,29,0,0,0,0,49550,1820,2946,0,0,0,0,0
497,11692,498.57163737849106,99897,2181,1057,75,24,21117,10601,0.31750703224321053,1129,567,18062,14047,11296,5272,17255,29031,38612,25660,0,0,24206,8537,10671,1057,1072,35,0,0,0,0,49578,1787,2954,0,0,0,0,0
498,11692,499.2789534110047,99896,2141,1068,75,25,21311,10711,0.3205533755105309,1128,535,17909,13921,11415,5300,17330,29149,38849,25862,0,0,23787,8524,10912,1063,1118,37,0,0,0,0,49724,1769,2962,0,0,0,0,0
499,11692,500.71137350418815,99894,2095,1042,77,25,21693,10889,0.3261657356798206,1139,540,17726,13839,11653,5435,17308,29117,39080,26060,0,0,23230,8646,11242,1120,1164,40,0,0,0,0,49759,1716,2977,0,0,0,0,0
500,11692,501.431835346243,99893,2064,1016,77,26,21906,10975,0.32916220355780684,1092,555,17584,13708,11780,5483,17401,29210,39306,26255,0,0,22791,8667,11473,1143,1194,43,0,0,0,0,49903,1687,2992,0,0,0,0,0
501,11692,502.159124279561,99893,2023,1000,77,26,22098,11068,0.332015256324267,1092,547,17432,13607,11895,5530,17479,29288,39526,26446,0,0,22369,8688,11708,1157,1224,46,0,0,0,0,50034,1662,3005,0,0,0,0,0
502,11692,503.6317332262875,99893,1959,970,77,26,22483,11269,0.3378815332405674,1033,523,17294,13538,12174,5691,17461,29250,39741,26634,0,0,21841,8805,12065,1201,1292,50,0,0,0,0,50004,1624,3011,0,0,0,0,0
503,11692,504.3729117802453,99893,1950,951,77,26,22672,11367,0.34075460742995006,994,507,17185,13434,12266,5742,17526,29338,39951,26819,0,0,21474,8789,12313,1203,1338,50,0,0,0,0,50106,1608,3012,0,0,0,0,0
504,11692,505.11367786280397,99892,1930,916,78,26,22875,11440,0.34352100268289754,947,514,17060,13333,12375,5783,17608,29426,40155,27000,0,0,21098,8780,12551,1220,1375,51,0,0,0,0,50210,1587,3020,0,0,0,0,0
505,11692,506.5880259959182,99891,1921,904,79,26,23234,11623,0.34895035588791784,915,479,16942,13308,12565,5888,17576,29393,40354,27178,0,0,20666,8814,12891,1263,1437,53,0,0,0,0,50195,1558,3014,0,0,0,0,0
506,11692,507.32878947343045,99889,1848,868,81,26,23381,11694,0.3511397651393046,913,481,16840,13218,12672,5935,17644,29470,40548,27353,0,0,20310,8813,13111,1273,1480,56,0,0,0,0,50283,1534,3029,0,0,0,0,0
507,11692,508.0664290853096,99889,1828,871,81,26,23546,11783,0.35368258767231625,912,462,16738,13137,12735,5943,17704,29559,40738,27524,0,0,19984,8788,13333,1277,1510,59,0,0,0,0,50381,1517,3040,0,0,0,0,0
508,11692,509.535349714861,99888,1770,838,82,26,23885,11934,0.3585916226173314,879,481,16638,13098,12940,6054,17689,29501,40923,27692,0,0,19552,8857,13679,1309,1564,63,0,0,0,0,50330,1491,3043,0,0,0,0,0
509,11692,510.27313677453844,99886,1783,831,83,27,24056,12023,0.36120177001782033,852,481,16563,13030,12973,6074,17744,29555,41103,27857,0,0,19255,8826,13872,1316,1606,64,0,0,0,0,50424,1466,3057,0,0,0,0,0
510,11692,511.00792617728916,99886,1724,828,83,27,24222,12113,0.3637646917485934,822,454,16489,12968,13074,6099,17806,29622,41279,28019,0,0,18941,8813,14095,1328,1648,69,0,0,0,0,50485,1442,3065,0,0,0,0,0
511,11692,512.4714934111868,99881,1680,847,87,28,24541,12294,0.36878885874190287,783,415,16426,12946,13252,6191,17770,29571,41450,28177,0,0,18554,8866,14414,1350,1704,72,0,0,0,0,50437,1417,3067,0,0,0,0,0
512,11692,513.2062467025175,99881,1661,825,87,28,24687,12360,0.37091138454761163,755,414,16341,12874,13311,6222,17843,29635,41617,28332,0,0,18248,8840,14595,1369,1731,77,0,0,0,0,50545,1409,3067,0,0,0,0,0
513,11692,514.6699683327521,99881,1583,803,87,28,24975,12504,0.37523653147245223,733,421,16267,12893,13514,6290,17814,29563,41780,28484,0,0,17864,8899,14894,1395,1802,78,0,0,0,0,50499,1390,3060,0,0,0,0,0
514,11692,515.4049812421076,99880,1581,792,88,28,25111,12597,0.3775330396475771,713,410,16213,12813,13539,6345,17864,29610,41939,28633,0,0,17592,8874,15056,1405,1841,82,0,0,0,0,50589,1366,3075,0,0,0,0,0
515,11692,516.137690426414,99880,1523,784,88,28,25237,12664,0.37946535843011614,706,403,16160,12780,13605,6356,17916,29647,42094,28779,0,0,17305,8874,15232,1413,1872,86,0,0,0,0,50665,1343,3090,0,0,0,0,0
516,11692,517.5980095742663,99879,1459,736,88,29,25504,12792,0.3834239429709949,682,397,16100,12840,13791,6451,17878,29545,42245,28922,0,0,16955,8912,15531,1439,1936,88,0,0,0,0,50611,1326,3081,0,0,0,0,0
517,11692,518.3315597535778,99879,1434,720,88,29,25635,12850,0.3853162326414962,659,392,16048,12809,13838,6466,17931,29582,42392,29062,0,0,16694,8897,15686,1442,1976,93,0,0,0,0,50696,1311,3084,0,0,0,0,0
518,11692,519.0634795802371,99879,1421,726,88,29,25762,12928,0.3873687161465373,623,377,16004,12765,13864,6486,17998,29615,42535,29200,0,0,16458,8859,15863,1451,2004,95,0,0,0,0,50762,1294,3093,0,0,0,0,0
519,11692,520.5216578175683,99877,1344,723,89,30,25993,13072,0.39113109124222795,625,366,15986,12783,14004,6563,17950,29533,42675,29335,0,0,16151,8878,16130,1477,2065,97,0,0,0,0,50708,1277,3094,0,0,0,0,0
520,11692,521.2537379491325,99877,1337,713,89,30,26108,13136,0.39292329565365397,609,346,15927,12741,14026,6594,18010,29574,42811,29467,0,0,15941,8834,16286,1475,2106,101,0,0,0,0,50771,1263,3100,0,0,0,0,0
521,11692,522.7127360219647,99876,1302,671,90,30,26347,13246,0.3964215627377949,579,354,15897,12796,14147,6670,17983,29477,42944,29596,0,0,15660,8851,16521,1494,2172,108,0,0,0,0,50727,1244,3099,0,0,0,0,0
522,11692,523.4446387424675,99875,1268,667,91,30,26456,13319,0.39824780976220275,558,335,15856,12790,14184,6693,18041,29483,43073,29723,0,0,15438,8819,16671,1505,2215,110,0,0,0,0,50788,1229,3100,0,0,0,0,0
523,11692,524.1748415369387,99875,1252,672,91,30,26563,13379,0.39991989987484355,523,327,15824,12780,14212,6691,18096,29498,43199,29847,0,0,15238,8778,16834,1507,2240,112,0,0,0,0,50843,1216,3107,0,0,0,0,0
524,11692,525.6298062796136,99872,1176,639,92,32,26744,13486,0.4028156039730855,516,325,15838,12823,14307,6767,18069,29412,43322,29969,0,0,14988,8775,17081,1531,2295,116,0,0,0,0,50784,1198,3104,0,0,0,0,0
525,11692,526.3597717737945,99872,1145,608,92,32,26834,13543,0.40428748798462033,496,306,15804,12813,14340,6803,18121,29436,43442,30088,0,0,14800,8736,17241,1539,2333,117,0,0,0,0,50815,1175,3116,0,0,0,0,0
526,11692,527.0882669964709,99872,1120,591,92,32,26924,13589,0.4056492310157001,500,297,15769,12792,14360,6818,18157,29468,43559,30205,0,0,14605,8711,17359,1535,2378,120,0,0,0,0,50880,1164,3120,0,0,0,0,0
527,11692,528.541164716519,99871,1098,570,93,32,27117,13693,0.40862712899640535,467,274,15804,12868,14427,6874,18109,29380,43673,30319,0,0,14379,8707,17535,1552,2446,123,0,0,0,0,50859,1146,3124,0,0,0,0,0
528,11692,529.2705761256902,99871,1074,574,93,32,27209,13754,0.41015910524576704,451,260,15785,12852,14443,6881,18152,29399,43784,30431,0,0,14204,8667,17681,1548,2483,124,0,0,0,0,50901,1137,3126,0,0,0,0,0
529,11692,530.7260056352699,99871,980,531,93,32,27358,13838,0.4124921148281283,435,273,15822,12907,14545,6937,18123,29318,43892,30540,0,0,13979,8662,17904,1568,2540,127,0,0,0,0,50844,1125,3122,0,0,0,0,0
530,11692,531.4565434698552,99871,951,514,93,32,27435,13887,0.4137537423276026,424,260,15830,12907,14546,6952,18154,29333,43997,30647,0,0,13822,8607,18065,1577,2561,131,0,0,0,0,50868,1115,3125,0,0,0,0,0
531,11692,532.1857940013773,99871,946,501,93,32,27527,13936,0.41516556357701434,404,264,15835,12910,14528,6962,18192,29329,44099,30752,0,0,13666,8562,18207,1580,2587,134,0,0,0,0,50900,1106,3129,0,0,0,0,0
532,11692,533.641419223901,99869,884,490,95,32,27671,14033,0.41758703902111766,395,231,15839,12995,14614,6996,18171,29254,44199,30855,0,0,13462,8558,18391,1598,2630,140,0,0,0,0,50866,1092,3132,0,0,0,0,0
533,11692,534.3716413062157,99869,862,504,95,32,27741,14083,0.4187886130831389,392,216,15827,13000,14612,6981,18210,29265,44296,30956,0,0,13320,8514,18507,1606,2649,143,0,0,0,0,50912,1073,3145,0,0,0,0,0
534,11692,535.1003886491851,99868,843,495,96,32,27810,14127,0.41992430007610043,385,202,15822,13015,14614,6977,18238,29277,44391,31054,0,0,13166,8487,18626,1595,2682,146,0,0,0,0,50954,1070,3142,0,0,0,0,0
535,11692,536.5543388123222,99868,810,474,96,32,27965,14202,0.4222273400889174,340,205,15868,13104,14671,7010,18213,29173,44483,31150,0,0,12984,8481,18782,1607,2732,151,0,0,0,0,50926,1056,3149,0,0,0,0,0
536,11692,537.2837008824532,99867,792,456,97,32,28039,14242,0.4233730862046522,346,200,15851,13115,14678,7023,18234,29172,44573,31244,0,0,12848,8433,18909,1614,2755,156,0,0,0,0,50952,1050,3150,0,0,0,0,0
537,11692,538.0119591620455,99867,774,468,97,32,28092,14300,0.4244845644707461,348,168,15841,13143,14683,7012,18255,29175,44661,31336,0,0,12711,8391,19017,1618,2778,156,0,0,0,0,51001,1043,3152,0,0,0,0,0
538,11692,539.4665438136337,99867,763,444,97,32,28224,14366,0.4264672013778325,324,172,15907,13242,14700,7040,18207,29068,44747,31426,0,0,12560,8363,19187,1624,2818,157,0,0,0,0,50971,1036,3151,0,0,0,0,0
539,11692,540.1968420164308,99867,744,427,97,32,28280,14401,0.42737841328967524,328,165,15898,13242,14696,7057,18235,29075,44830,31515,0,0,12437,8324,19308,1620,2845,159,0,0,0,0,50994,1030,3150,0,0,0,0,0
540,11692,541.6544528885914,99866,725,392,98,32,28409,14459,0.42925520197064065,331,164,15949,13345,14703,7085,18192,28980,44911,31602,0,0,12278,8325,19457,1617,2882,167,0,0,0,0,50966,1019,3155,0,0,0,0,0
541,11692,542.3853584225907,99865,732,382,99,32,28494,14494,0.4304611225153958,291,154,15962,13371,14705,7090,18209,28969,44990,31687,0,0,12147,8295,19566,1618,2901,169,0,0,0,0,50999,1013,3157,0,0,0,0,0
542,11692,543.1157201551264,99864,727,366,100,32,28555,14523,0.43136665865577184,277,147,15951,13393,14705,7097,18238,28963,45067,31770,0,0,12031,8257,19668,1619,2923,170,0,0,0,0,51030,1005,3161,0,0,0,0,0
543,11692,544.5747835665765,99863,644,347,100,33,28636,14572,0.4326727616835064,302,151,16028,13512,14735,7110,18189,28845,45142,31851,0,0,11898,8236,19807,1626,2966,176,0,0,0,0,50993,996,3165,0,0,0,0,0
544,11692,545.3064098388982,99863,633,352,100,33,28692,14609,0.433604037531418,284,142,16056,13533,14718,7100,18207,28838,45215,31931,0,0,11785,8210,19891,1621,2988,180,0,0,0,0,51031,988,3169,0,0,0,0,0
545,11692,546.0380080931964,99863,628,333,100,33,28733,14634,0.43426494297187146,286,139,16078,13569,14682,7103,18224,28821,45287,32009,0,0,11683,8171,19985,1619,3007,181,0,0,0,0,51061,982,3174,0,0,0,0,0
546,11692,547.4996730636393,99861,609,316,101,34,28834,14689,0.43583581177837194,279,118,16139,13685,14685,7127,18185,28718,45357,32085,0,0,11548,8155,20116,1631,3027,187,0,0,0,0,51049,974,3174,0,0,0,0,0
547,11692,548.2328920227021,99860,594,299,102,34,28886,14709,0.4365611856599239,266,128,16147,13733,14679,7113,18210,28691,45425,32160,0,0,11443,8118,20207,1637,3042,190,0,0,0,0,51077,967,3179,0,0,0,0,0
548,11692,549.6970626781276,99860,530,297,102,34,28986,14766,0.43813338674143804,232,117,16241,13850,14727,7121,18166,28579,45491,32233,0,0,11333,8097,20310,1643,3101,198,0,0,0,0,51046,952,3180,0,0,0,0,0
549,11692,550.4317056148271,99860,523,287,102,34,29032,14789,0.438824354095734,212,112,16283,13870,14706,7121,18172,28574,45556,32304,0,0,11238,8068,20390,1635,3127,198,0,0,0,0,51074,947,3183,0,0,0,0,0
550,11692,551.1660290285083,99859,487,272,103,34,29058,14809,0.4392893980512523,218,112,16322,13922,14683,7116,18185,28542,45619,32374,0,0,11155,8017,20479,1641,3146,201,0,0,0,0,51093,939,3188,0,0,0,0,0
551,11692,552.6345210711085,99859,490,262,103,34,29150,14854,0.4406613324787951,190,104,16434,14021,14652,7126,18129,28451,45680,32443,0,0,11045,7997,20567,1648,3178,203,0,0,0,0,51102,932,3187,0,0,0,0,0
552,11692,553.3715318228233,99859,449,255,103,34,29172,14873,0.441071911395067,197,103,16464,14074,14642,7116,18143,28416,45740,32510,0,0,10958,7958,20651,1651,3196,205,0,0,0,0,51126,927,3187,0,0,0,0,0
553,11692,554.1081953389815,99859,437,245,103,34,29218,14888,0.44168277270952044,185,102,16506,14119,14619,7109,18148,28389,45798,32576,0,0,10875,7920,20728,1650,3216,207,0,0,0,0,51149,925,3189,0,0,0,0,0
554,11692,555.5810699487633,99859,423,235,103,34,29284,14917,0.44263411410088227,168,110,16620,14250,14569,7086,18115,28283,45855,32640,0,0,10786,7898,20819,1647,3241,211,0,0,0,0,51149,918,3190,0,0,0,0,0
555,11692,556.3196752893107,99859,404,233,103,34,29311,14935,0.4430847494967905,162,100,16658,14277,14546,7077,18125,28277,45911,32703,0,0,10712,7861,20894,1645,3258,211,0,0,0,0,51173,911,3194,0,0,0,0,0
556,11692,557.0577295516149,99858,386,231,104,34,29337,14957,0.44356986921428426,163,92,16679,14317,14529,7068,18137,28256,45965,32765,0,0,10641,7819,20958,1646,3278,212,0,0,0,0,51200,906,3198,0,0,0,0,0
557,11692,558.5332055788996,99857,368,221,105,34,29399,14996,0.4445857576334158,155,86,16796,14462,14480,7067,18094,28128,46018,32825,0,0,10558,7787,21054,1651,3306,213,0,0,0,0,51190,901,3197,0,0,0,0,0
558,11692,559.273232672725,99857,353,215,105,34,29422,15006,0.4449162302091992,155,91,16831,14498,14456,7050,18098,28110,46070,32884,0,0,10482,7756,21115,1648,3321,213,0,0,0,0,51226,898,3198,0,0,0,0,0
559,11692,560.0128282103692,99856,336,199,106,34,29447,15018,0.44529121935587246,152,94,16847,14544,14442,7049,18115,28078,46120,32942,0,0,10410,7724,21186,1651,3333,213,0,0,0,0,51244,890,3205,0,0,0,0,0
560,11692,561.4914801783274,99854,305,187,107,35,29497,15051,0.4461313517735894,140,80,16961,14660,14418,7049,18067,27987,46169,32999,0,0,10328,7706,21277,1651,3358,214,0,0,0,0,51228,882,3210,0,0,0,0,0
561,11692,562.2327816928754,99854,296,182,107,35,29524,15070,0.4465920243555591,136,74,17002,14710,14390,7044,18067,27953,46217,33054,0,0,10261,7677,21331,1650,3378,214,0,0,0,0,51255,876,3212,0,0,0,0,0
562,11692,563.715905663122,99854,289,175,107,35,29576,15098,0.44739319406333244,129,63,17124,14839,14349,7040,18000,27846,46264,33108,0,0,10198,7643,21415,1653,3391,220,0,0,0,0,51250,871,3213,0,0,0,0,0
563,11692,564.4599413928247,99854,290,171,107,35,29603,15109,0.4477737496745248,137,58,17159,14887,14299,7030,18006,27817,46310,33161,0,0,10133,7616,21470,1652,3399,221,0,0,0,0,51282,866,3215,0,0,0,0,0
564,11692,565.2045163707331,99853,292,170,108,35,29625,15122,0.44812874926141427,135,54,17211,14935,14245,7018,18007,27786,46355,33213,0,0,10081,7581,21516,1644,3416,223,0,0,0,0,51313,864,3215,0,0,0,0,0
565,11692,566.6930613186543,99853,292,148,108,35,29683,15140,0.448889868106116,114,56,17344,15071,14196,7001,17944,27687,46399,33264,0,0,10016,7555,21597,1643,3438,223,0,0,0,0,51303,859,3219,0,0,0,0,0
566,11692,567.4396274356274,99853,287,145,108,35,29700,15155,0.44921033919862197,125,51,17388,15126,14162,6993,17928,27648,46441,33314,0,0,9948,7543,21632,1637,3451,225,0,0,0,0,51341,854,3222,0,0,0,0,0
567,11692,568.1867410545592,99853,279,138,108,35,29724,15165,0.44955083973440957,120,49,17434,15170,14140,6989,17917,27617,46482,33363,0,0,9896,7507,21687,1637,3465,226,0,0,0,0,51360,852,3223,0,0,0,0,0
568,11692,569.6828773115557,99853,264,130,108,35,29769,15188,0.4502318408059848,108,37,17574,15300,14095,6970,17849,27526,46522,33411,0,0,9840,7486,21747,1633,3492,230,0,0,0,0,51354,847,3224,0,0,0,0,0
569,11692,570.4339506403841,99853,249,114,108,35,29785,15195,0.45046217940372346,102,44,17628,15368,14063,6957,17848,27480,46562,33458,0,0,9779,7467,21802,1629,3504,232,0,0,0,0,51373,844,3223,0,0,0,0,0
570,11692,571.1854658832876,99853,237,115,108,35,29806,15207,0.45079266521787026,93,41,17683,15435,14045,6935,17832,27437,46601,33504,0,0,9730,7437,21853,1625,3518,233,0,0,0,0,51390,842,3225,0,0,0,0,0
571,11692,572.6898675850033,99853,225,99,108,35,29842,15221,0.45129340129991086,96,45,17783,15561,14007,6923,17779,27335,46639,33549,0,0,9667,7422,21910,1629,3530,236,0,0,0,0,51396,835,3228,0,0,0,0,0
572,11692,573.444462984048,99853,235,103,108,35,29866,15234,0.45166394600062093,90,39,17802,15601,13980,6913,17783,27307,46676,33593,0,0,9614,7405,21946,1620,3537,238,0,0,0,0,51430,831,3232,0,0,0,0,0
573,11692,574.1992943056813,99853,224,99,108,35,29881,15239,0.45186424043343715,92,37,17851,15656,13956,6900,17767,27271,46712,33636,0,0,9557,7387,21977,1622,3543,241,0,0,0,0,51465,826,3235,0,0,0,0,0
574,11692,575.7053044081973,99852,223,94,108,36,29920,15260,0.4524696550895325,84,35,17979,15823,13899,6872,17705,27138,46747,33678,0,0,9508,7362,22041,1621,3556,242,0,0,0,0,51463,823,3236,0,0,0,0,0
575,11692,576.4545268893852,99852,216,87,108,36,29940,15264,0.4527100108160077,80,36,18038,15870,13871,6853,17685,27116,46781,33719,0,0,9459,7341,22087,1620,3563,243,0,0,0,0,51482,819,3238,0,0,0,0,0
576,11692,577.201280789029,99852,218,88,108,36,29963,15271,0.4530104554741017,67,33,18085,15934,13840,6839,17680,27068,46814,33760,0,0,9402,7332,22110,1615,3574,243,0,0,0,0,51519,815,3242,0,0,0,0,0
577,11692,578.6882851463364,99852,201,83,108,36,29987,15284,0.4533810038857509,61,30,18193,16054,13803,6820,17632,26975,46847,33800,0,0,9345,7316,22158,1617,3584,244,0,0,0,0,51531,813,3244,0,0,0,0,0
578,11692,579.4283438177936,99852,191,76,108,36,29995,15288,0.4535011817489885,63,35,18257,16105,13762,6805,17617,26941,46879,33839,0,0,9312,7279,22203,1619,3593,244,0,0,0,0,51546,810,3246,0,0,0,0,0
579,11692,580.1667296779552,99852,176,76,108,36,30002,15294,0.45363137443416257,73,32,18302,16158,13736,6787,17603,26909,46910,33877,0,0,9270,7257,22234,1619,3599,247,0,0,0,0,51570,807,3249,0,0,0,0,0
580,11692,581.6367299957682,99852,169,77,108,36,30033,15307,0.4540720265993671,56,31,18417,16284,13691,6757,17557,26813,46940,33914,0,0,9227,7242,22273,1614,3616,248,0,0,0,0,51577,803,3252,0,0,0,0,0
581,11692,582.3681224883413,99852,163,66,108,36,30050,15311,0.45428233786003286,53,31,18454,16338,13674,6749,17546,26778,46970,33951,0,0,9186,7219,22309,1613,3626,251,0,0,0,0,51595,801,3252,0,0,0,0,0
582,11692,583.0978426812668,99852,151,63,108,36,30060,15315,0.4544225453671434,51,27,18495,16393,13658,6739,17535,26740,46999,33987,0,0,9142,7206,22332,1609,3638,253,0,0,0,0,51621,798,3253,0,0,0,0,0
583,11692,584.5531164101224,99852,147,72,108,36,30072,15327,0.45466290109361857,49,20,18542,16455,13630,6717,17522,26698,47027,34022,0,0,9098,7188,22355,1610,3644,253,0,0,0,0,51653,796,3255,0,0,0,0,0
584,11692,585.3981651156248,99852,137,64,108,36,30091,15330,0.4548832271762208,49,23,18679,16597,13580,6690,17445,26588,47055,34056,0,0,9063,7169,22395,1607,3653,256,0,0,0,0,51659,792,3258,0,0,0,0,0
585,11692,586.1201863699642,99852,137,64,108,36,30101,15333,0.4550134198613949,47,22,18723,16661,13544,6663,17439,26552,47082,34090,0,0,9026,7146,22420,1606,3658,257,0,0,0,0,51689,792,3258,0,0,0,0,0
586,11692,587.5582479700346,99852,133,58,108,36,30117,15337,0.4552137163001242,48,22,18788,16760,13503,6639,17418,26483,47109,34123,0,0,8986,7130,22449,1604,3669,257,0,0,0,0,51709,789,3259,0,0,0,0,0
587,11692,588.5561345361895,99852,116,59,108,36,30138,15346,0.4555141609582182,37,21,18913,16896,13463,6610,17361,26376,47135,34155,0,0,8949,7116,22491,1598,3684,257,0,0,0,0,51711,786,3260,0,0,0,0,0
588,11692,589.2695957959997,99852,115,53,108,36,30148,15347,0.4556243239995193,31,27,18982,16933,13417,6599,17345,26350,47160,34187,0,0,8915,7098,22519,1594,3692,257,0,0,0,0,51732,784,3261,0,0,0,0,0
589,11692,590.6895359321666,99852,114,54,108,36,30162,15357,0.4558646797259945,28,20,19113,17091,13352,6566,17283,26231,47185,34218,0,0,8883,7079,22544,1592,3702,258,0,0,0,0,51750,781,3263,0,0,0,0,0
590,11692,591.3954246388417,99852,113,54,108,36,30162,15358,0.45587469454793095,31,19,19105,17085,13333,6560,17308,26244,47209,34249,0,0,8849,7060,22565,1590,3704,258,0,0,0,0,51782,781,3263,0,0,0,0,0
591,11692,592.1884695565865,99852,111,55,108,36,30171,15361,0.45599487241116854,30,18,19174,17178,13294,6533,17281,26178,47233,34279,0,0,8815,7046,22588,1586,3708,260,0,0,0,0,51806,780,3263,0,0,0,0,0
592,11692,593.2633235881755,99852,90,51,108,36,30179,15369,0.456155109562152,35,20,19326,17306,13221,6509,17218,26076,47256,34308,0,0,8780,7036,22617,1580,3722,261,0,0,0,0,51813,776,3267,0,0,0,0,0
593,11692,594.0083018194539,99852,90,53,108,36,30182,15372,0.4562151984937708,33,19,19333,17310,13207,6501,17227,26079,47279,34337,0,0,8748,7016,22635,1581,3724,261,0,0,0,0,51844,775,3268,0,0,0,0,0
594,11692,595.1649046205905,99852,91,47,108,36,30191,15376,0.45634539117894485,30,16,19422,17405,13159,6489,17188,26005,47301,34365,0,0,8712,7007,22653,1577,3731,262,0,0,0,0,51867,774,3269,0,0,0,0,0
595,11692,596.0784465794,99852,85,45,108,36,30195,15381,0.45643552457637304,32,16,19487,17476,13117,6471,17169,25954,47323,34393,0,0,8681,6989,22679,1577,3734,263,0,0,0,0,51886,773,3270,0,0,0,0,0
596,11692,597.3053268247321,99852,90,40,108,36,30209,15386,0.4566258061931659,25,15,19622,17605,13046,6437,17107,25865,47344,34420,0,0,8649,6975,22701,1578,3736,265,0,0,0,0,51905,771,3272,0,0,0,0,0
597,11692,598.5126333297975,99852,76,37,108,36,30216,15390,0.456735969234467,23,16,19722,17703,13008,6422,17061,25784,47365,34447,0,0,8611,6962,22721,1580,3744,266,0,0,0,0,51928,771,3269,0,0,0,0,0
598,11692,599.186160030579,99852,72,36,108,36,30217,15392,0.4567660137002764,23,14,19743,17731,12991,6407,17061,25774,47385,34473,0,0,8587,6946,22741,1576,3749,267,0,0,0,0,51946,770,3270,0,0,0,0,0
599,11692,600.1597388577139,99852,72,35,108,36,30225,15397,0.4568962063854505,20,13,19818,17861,12947,6378,17033,25675,47405,34499,0,0,8560,6938,22758,1570,3757,268,0,0,0,0,51962,766,3273,0,0,0,0,0
600,11692,601.2904844748949,99852,64,36,108,36,30230,15401,0.45698633978287867,19,14,19884,17948,12920,6356,17003,25608,47424,34524,0,0,8529,6928,22774,1568,3763,269,0,0,0,0,51983,765,3273,0,0,0,0,0
601,11692,602.2180845748024,99852,57,37,108,36,30231,15404,0.45702639907062453,23,12,19951,18045,12881,6328,16978,25540,47443,34549,0,0,8504,6916,22791,1562,3771,269,0,0,0,0,52001,763,3275,0,0,0,0,0
602,11692,603.300962675151,99852,52,30,108,36,30239,15408,0.4571465769338621,24,11,20096,18197,12813,6303,16905,25421,47462,34573,0,0,8481,6902,22808,1562,3781,270,0,0,0,0,52012,757,3279,0,0,0,0,0
603,11692,604.1980844142156,99852,51,30,108,36,30242,15411,0.4572066658654809,22,8,20157,18259,12772,6286,16888,25379,47480,34597,0,0,8464,6882,22831,1560,3785,270,0,0,0,0,52024,754,3282,0,0,0,0,0
604,11692,605.3276064521442,99852,54,27,108,36,30248,15412,0.4572767696190362,20,10,20231,18350,12724,6266,16861,25309,47498,34620,0,0,8437,6869,22847,1560,3786,271,0,0,0,0,52046,754,3282,0,0,0,0,0
605,11692,606.1700512769224,99852,51,26,108,36,30255,15414,0.4573669030164644,23,16,20307,18460,12690,6239,16819,25221,47515,34643,0,0,8416,6852,22868,1560,3790,271,0,0,0,0,52059,751,3285,0,0,0,0,0
606,11692,607.0043481191985,99852,52,28,108,36,30258,15416,0.4574169771261467,25,16,20360,18523,12648,6223,16805,25172,47532,34665,0,0,8392,6839,22883,1558,3792,271,0,0,0,0,52081,751,3285,0,0,0,0,0
607,11692,608.3015954530749,99852,50,29,108,36,30264,15421,0.45752714016744783,22,13,20444,18604,12596,6196,16778,25120,47549,34687,0,0,8373,6822,22906,1558,3794,272,0,0,0,0,52091,749,3287,0,0,0,0,0
608,11692,609.5506547184016,99852,55,26,108,36,30273,15425,0.4576573328526219,18,12,20547,18732,12541,6168,16729,25024,47565,34709,0,0,8354,6808,22931,1556,3795,273,0,0,0,0,52099,747,3289,0,0,0,0,0
609,11692,610.1298076922212,99852,55,26,108,36,30275,15426,0.4576873773184313,18,13,20562,18752,12521,6159,16734,25012,47581,34730,0,0,8333,6797,22945,1551,3800,273,0,0,0,0,52117,747,3289,0,0,0,0,0
610,11692,611.0541112253939,99852,54,32,108,36,30284,15434,0.4578576292913512,12,10,20646,18861,12485,6134,16693,24925,47597,34751,0,0,8311,6784,22959,1549,3804,275,0,0,0,0,52134,746,3290,0,0,0,0,0
611,11692,612.1034645687668,99852,50,28,108,36,30287,15436,0.45790770340103354,14,11,20716,18941,12449,6122,16661,24860,47612,34771,0,0,8296,6767,22981,1547,3810,275,0,0,0,0,52140,745,3291,0,0,0,0,0
612,11692,613.2613186451412,99852,48,23,108,36,30291,15439,0.4579778071545888,13,10,20824,19051,12403,6104,16602,24774,47627,34791,0,0,8274,6758,22998,1546,3813,276,0,0,0,0,52152,742,3293,0,0,0,0,0
613,11692,614.091881781008,99852,47,23,108,36,30296,15441,0.45804791090814406,9,12,20896,19133,12359,6086,16579,24708,47642,34811,0,0,8255,6741,23017,1547,3815,276,0,0,0,0,52166,742,3293,0,0,0,0,0
614,11692,615.1565825720397,99852,43,23,108,36,30299,15445,0.4581180146616993,14,10,20985,19251,12316,6062,16532,24616,47656,34830,0,0,8236,6729,23031,1544,3822,276,0,0,0,0,52179,742,3293,0,0,0,0,0
615,11692,616.1376178190828,99852,44,23,108,36,30303,15447,0.4581781035933181,10,10,21048,19344,12272,6049,16516,24536,47670,34849,0,0,8218,6719,23044,1540,3827,276,0,0,0,0,52193,741,3294,0,0,0,0,0
616,11692,617.2731737405562,99852,40,22,108,36,30305,15449,0.458218162881064,11,11,21135,19444,12223,6018,16481,24467,47684,34868,0,0,8200,6709,23061,1537,3831,276,0,0,0,0,52203,739,3296,0,0,0,0,0
617,11692,618.0783160031078,99852,34,22,108,36,30308,15452,0.4582782518126828,8,8,21206,19515,12180,5998,16462,24419,47698,34886,0,0,8184,6701,23075,1531,3840,276,0,0,0,0,52210,737,3298,0,0,0,0,0
618,11692,619.143760081404,99852,35,19,108,36,30311,15454,0.4583283259223651,7,7,21288,19603,12131,5981,16429,24352,47711,34904,0,0,8167,6691,23091,1530,3840,277,0,0,0,0,52221,734,3301,0,0,0,0,0
619,11692,620.0087703507882,99852,30,19,108,36,30314,15456,0.45837840003204744,6,5,21379,19699,12082,5961,16393,24278,47724,34922,0,0,8148,6678,23104,1531,3844,277,0,0,0,0,52235,734,3301,0,0,0,0,0
620,11692,621.0396768688684,99852,29,13,108,36,30315,15457,0.45839842967592037,8,5,21442,19766,12041,5939,16370,24239,47737,34939,0,0,8134,6667,23119,1530,3849,277,0,0,0,0,52244,730,3302,0,0,0,0,0
621,11692,622.0655368815416,99852,34,14,108,36,30321,15458,0.45846853342947563,4,4,21532,19867,11985,5912,16335,24165,47750,34956,0,0,8122,6653,23134,1529,3850,277,0,0,0,0,52255,727,3305,0,0,0,0,0
622,11692,623.2667577645581,99852,32,16,108,36,30325,15463,0.4585586668269038,4,2,21655,20002,11933,5889,16266,24053,47762,34973,0,0,8104,6644,23149,1528,3853,277,0,0,0,0,52266,726,3305,0,0,0,0,0
623,11692,624.1078986535193,99852,30,15,108,36,30326,15463,0.4585686816488403,4,3,21713,20059,11906,5879,16237,24006,47774,34989,0,0,8087,6635,23160,1526,3856,277,0,0,0,0,52280,726,3305,0,0,0,0,0
624,11692,625.4864177652731,99852,24,13,108,36,30327,15463,0.45857869647077676,7,6,21846,20209,11845,5845,16168,23889,47786,35005,0,0,8076,6617,23181,1526,3858,277,0,0,0,0,52286,725,3306,0,0,0,0,0
625,11692,626.0314059348811,99852,24,13,108,36,30328,15464,0.4585987261146497,7,5,21872,20228,11821,5837,16166,23879,47798,35021,0,0,8064,6607,23189,1521,3865,277,0,0,0,0,52298,724,3307,0,0,0,0,0
626,11692,627.2397280278676,99852,24,13,108,36,30331,15466,0.458648800224332,7,7,21966,20327,11772,5824,16121,23791,47809,35036,0,0,8043,6602,23197,1521,3866,277,0,0,0,0,52315,724,3307,0,0,0,0,0
627,11692,628.3033485140094,99852,26,16,108,36,30335,15472,0.4587489484436967,7,2,22061,20454,11728,5799,16068,23691,47820,35051,0,0,8027,6595,23205,1519,3870,277,0,0,0,0,52328,723,3308,0,0,0,0,0
628,11692,629.0297091816957,99852,22,17,108,36,30335,15473,0.45875896326563315,8,1,22095,20505,11707,5787,16058,23652,47831,35066,0,0,8010,6587,23217,1518,3871,277,0,0,0,0,52341,723,3308,0,0,0,0,0
629,11692,630.1912582403088,99852,22,16,108,36,30340,15474,0.45881905219725194,31,26,22190,20612,11653,5755,15994,23553,47842,35081,0,0,7995,6578,23227,1516,3873,278,1,0,0,1,52352,723,3308,0,0,0,0,0
630,11692,631.2276922468722,99852,23,18,108,36,30347,15478,0.45892921523855307,30,26,22284,20699,11604,5739,15949,23480,47852,35095,0,0,7982,6570,23234,1511,3879,278,4,0,0,4,52359,721,3310,0,0,0,0,0
631,11692,632.1796109151444,99852,28,19,108,36,30355,15482,0.45904939310179066,25,23,22344,20766,11572,5727,15921,23427,47862,35109,0,0,7965,6563,23240,1512,3879,278,4,0,0,9,52371,720,3311,0,0,0,0,0
632,11692,633.24068144383,99852,24,19,108,36,30360,15486,0.45913952649921885,23,21,22461,20855,11522,5712,15860,23355,47872,35123,0,0,7953,6552,23247,1511,3882,280,5,0,0,16,52375,720,3311,0,0,0,0,0
633,11692,634.0457784529162,99852,28,21,108,36,30368,15490,0.45925970436245644,20,21,22537,20943,11480,5695,15825,23282,47882,35137,0,0,7943,6540,23259,1510,3882,281,6,0,0,21,52379,719,3312,0,0,0,0,0
634,11692,635.0557359474795,99852,28,21,108,36,30371,15493,0.45931979329407524,22,19,22607,21017,11441,5676,15792,23229,47892,35150,0,0,7930,6530,23268,1510,3883,281,6,0,0,26,52387,719,3312,0,0,0,0,0
635,11692,636.2941527396024,99852,29,30,108,36,30377,15503,0.4594800304450587,27,13,22711,21145,11395,5650,15728,23124,47902,35163,0,0,7915,6522,23273,1510,3886,281,6,0,0,29,52399,719,3312,0,0,0,0,0
636,11692,637.1628122497752,99852,34,32,108,36,30385,15507,0.4596002083082963,29,17,22766,21211,11363,5631,15698,23071,47911,35176,0,0,7906,6514,23280,1508,3889,281,6,0,0,33,52404,716,3315,0,0,0,0,0
637,11692,638.0782401337851,99852,33,32,108,36,30388,15511,0.45967031206185155,37,15,22823,21286,11323,5617,15674,23012,47920,35189,0,0,7891,6506,23287,1508,3889,282,7,0,0,38,52413,716,3315,0,0,0,0,0
638,11692,639.026406873,99852,36,30,108,36,30396,15513,0.4597704602812162,37,18,22891,21374,11292,5604,15634,22936,47929,35201,0,0,7876,6500,23290,1508,3892,282,9,0,0,42,52422,714,3317,0,0,0,0,0
639,11692,640.1149518734853,99852,44,30,108,36,30408,15517,0.45993069743219966,37,18,22966,21455,11253,5592,15590,22867,47938,35213,0,0,7862,6495,23290,1508,3897,282,9,0,0,45,52433,712,3319,0,0,0,0,0
640,11692,641.2597676200714,99852,36,28,108,36,30410,15519,0.45997075671994553,44,19,23061,21546,11205,5568,15544,22801,47947,35225,0,0,7848,6486,23296,1509,3900,282,13,0,0,51,52437,709,3321,0,0,0,0,0
641,11692,642.1131770254789,99852,42,26,108,36,30423,15523,0.46014100869286545,41,19,23150,21638,11171,5554,15486,22725,47955,35237,0,0,7839,6479,23302,1504,3906,282,15,0,0,61,52434,708,3322,0,0,0,0,0
642,11692,643.0215244355493,99852,48,27,108,36,30430,15527,0.4602511717341666,41,18,23196,21705,11142,5545,15463,22667,47963,35249,0,0,7830,6470,23309,1503,3909,282,15,0,0,63,52441,707,3323,0,0,0,0,0
643,11692,644.2245708728349,99852,45,21,108,36,30443,15534,0.4604514681728959,50,16,23299,21845,11102,5519,15394,22561,47971,35260,0,0,7818,6459,23315,1503,3912,284,19,0,0,81,52431,707,3323,0,0,0,0,0
644,11692,645.0366225850488,99852,48,21,108,36,30451,15536,0.46055161639226055,46,16,23367,21912,11070,5507,15359,22506,47979,35271,0,0,7808,6451,23323,1502,3913,284,19,0,0,88,52434,707,3323,0,0,0,0,0
645,11692,646.007653312993,99852,59,23,108,36,30466,15540,0.4607418980090534,52,18,23429,21988,11032,5492,15318,22441,47987,35282,0,0,7800,6440,23333,1502,3914,284,19,0,0,93,52437,707,3323,0,0,0,0,0
646,11692,647.06876362396,99852,67,24,108,36,30484,15544,0.46096222409165566,55,25,23501,22077,10999,5472,15268,22364,47995,35293,0,0,7793,6427,23342,1502,3918,285,19,0,0,99,52438,707,3322,0,0,0,0,0
647,11692,648.0124547599908,99852,66,24,108,36,30494,15547,0.4610924167768297,60,32,23569,22161,10968,5455,15227,22290,48003,35304,0,0,7782,6422,23343,1498,3927,285,22,0,0,105,52440,705,3323,0,0,0,0,0
648,11692,649.2661227710792,99852,74,31,108,36,30514,15561,0.46143292072266956,66,27,23662,22282,10913,5444,15175,22178,48010,35315,0,0,7771,6418,23344,1495,3933,285,24,0,0,118,52436,702,3326,0,0,0,0,0
649,11692,650.2030780401938,99852,80,25,108,36,30528,15564,0.4616031726955895,71,34,23717,22364,10883,5433,15139,22106,48017,35325,0,0,7760,6411,23347,1493,3940,286,26,0,0,125,52438,702,3324,0,0,0,0,0
650,11692,651.1377813779401,99852,92,33,108,36,30547,15576,0.4619136321756199,73,35,23776,22446,10848,5414,15101,22034,48024,35335,0,0,7747,6404,23352,1494,3942,286,29,0,0,130,52443,701,3324,0,0,0,0,0
651,11692,652.0697847245683,99852,97,40,108,36,30560,15587,0.4621539879020951,76,32,23835,22519,10816,5396,15066,21975,48031,35345,0,0,7737,6393,23360,1497,3943,286,32,0,0,135,52445,699,3325,0,0,0,0,0
652,11692,653.3088882878385,99852,103,43,108,36,30585,15599,0.46252453631374435,77,33,23914,22619,10787,5380,15009,21887,48038,35355,0,0,7727,6386,23360,1492,3955,286,34,0,0,151,52437,699,3325,0,0,0,0,0
653,11692,654.2355131831213,99852,112,45,108,36,30602,15606,0.46276489204021953,73,40,23971,22692,10755,5372,14979,21813,48045,35365,0,0,7715,6379,23365,1493,3956,287,36,0,0,158,52440,698,3325,0,0,0,0,0
654,11692,655.1596082800144,99852,118,45,108,36,30625,15614,0.46307535152025,78,52,24036,22779,10726,5352,14932,21734,48052,35375,0,0,7705,6367,23367,1496,3963,287,38,0,0,170,52436,697,3326,0,0,0,0,0
655,11692,656.0812034314567,99852,124,50,108,36,30647,15626,0.4634158554660898,79,57,24091,22858,10720,5338,14876,21659,48059,35384,0,0,7692,6358,23369,1499,3967,288,41,0,0,181,52435,697,3325,0,0,0,0,0
656,11692,657.0006733266295,99852,129,55,108,36,30671,15640,0.46379641869967553,77,54,24147,22926,10707,5330,14830,21597,48065,35393,0,0,7682,6350,23368,1500,3974,290,43,0,0,194,52430,696,3325,0,0,0,0,0
657,11692,658.2231164852568,99852,140,63,108,36,30698,15659,0.46425710050875296,95,51,24215,23034,10668,5319,14772,21495,48071,35402,0,0,7675,6342,23367,1501,3981,292,43,0,0,210,52421,696,3324,0,0,0,0,0
658,11692,659.137347183563,99852,148,72,108,36,30721,15675,0.46464767856427514,106,49,24269,23094,10641,5312,14726,21435,48077,35411,0,0,7665,6335,23368,1502,3986,293,45,0,0,222,52417,695,3324,0,0,0,0,0
659,11692,660.0494113621723,99852,163,77,108,36,30753,15688,0.4650983455514161,121,56,24301,23168,10621,5303,14684,21358,48083,35420,0,0,7653,6328,23369,1501,3993,293,50,0,0,236,52410,695,3324,0,0,0,0,0
660,11692,661.2625081247354,99852,166,89,108,36,30789,15705,0.4656291311140488,127,62,24375,23241,10601,5286,14621,21284,48089,35429,0,0,7639,6318,23367,1502,4005,293,58,0,0,252,52400,694,3324,0,0,0,0,0
661,11692,662.1698803926827,99852,174,93,108,36,30817,15720,0.46605976845731684,135,67,24411,23317,10588,5272,14582,21213,48095,35438,0,0,7627,6316,23366,1500,4010,294,58,0,0,277,52387,694,3323,0,0,0,0,0
662,11692,663.0756293914862,99852,180,103,108,36,30845,15742,0.46656050955414013,144,64,24470,23377,10562,5268,14534,21150,48101,35446,0,0,7617,6307,23363,1503,4020,295,62,0,0,292,52378,692,3323,0,0,0,0,0
663,11692,664.2801010054155,99852,189,111,108,36,30885,15766,0.46720145815807396,159,65,24524,23466,10535,5260,14483,21060,48107,35454,0,0,7604,6299,23358,1503,4033,296,69,0,0,317,52359,692,3322,0,0,0,0,0
664,11692,665.1810579679526,99852,206,116,108,36,30924,15784,0.4677723030084525,156,67,24585,23522,10504,5256,14439,21001,48113,35462,0,0,7595,6287,23358,1508,4038,299,72,0,0,333,52349,691,3322,0,0,0,0,0
665,11692,666.0798036833227,99852,222,117,108,36,30965,15802,0.468363177502704,165,78,24641,23587,10480,5249,14382,20931,48119,35470,0,0,7584,6279,23354,1509,4046,303,77,0,0,352,52336,690,3322,0,0,0,0,0
666,11692,667.2745785284893,99852,240,120,108,36,31025,15826,0.46920442254536715,172,93,24701,23662,10466,5247,14311,20840,48124,35478,0,0,7574,6266,23346,1514,4063,303,83,0,0,387,52305,689,3322,0,0,0,0,0
667,11692,668.1683536436469,99852,240,121,108,36,31066,15841,0.46976525257380924,169,98,24746,23724,10462,5235,14273,20784,48129,35486,0,0,7561,6261,23336,1513,4078,305,89,0,0,415,52283,687,3324,0,0,0,0,0
668,11692,669.0605060290475,99852,258,123,108,36,31110,15860,0.4703961863558066,178,97,24781,23780,10447,5239,14226,20723,48134,35494,0,0,7548,6254,23330,1517,4088,306,93,0,0,438,52269,686,3323,0,0,0,0,0
669,11692,670.2477411724601,99852,268,125,108,36,31159,15890,0.4711873572887874,212,97,24828,23862,10435,5239,14147,20639,48139,35502,0,0,7536,6242,23321,1526,4103,308,96,0,0,471,52244,684,3321,0,0,0,0,0
670,11692,671.136185421381,99852,280,119,108,36,31201,15910,0.4718082762488483,232,102,24852,23930,10420,5242,14106,20569,48144,35509,0,0,7525,6232,23312,1530,4120,308,101,0,0,500,52221,683,3320,0,0,0,0,0
671,11692,672.0234253268964,99852,298,121,108,36,31258,15927,0.4725493730721468,231,119,24883,23978,10414,5247,14064,20497,48149,35516,0,0,7515,6223,23309,1529,4135,309,107,0,0,530,52195,683,3317,0,0,0,0,0
672,11692,673.2040364432638,99852,344,119,108,36,31342,15951,0.4736309738412851,244,140,24923,24045,10389,5247,13990,20411,48154,35523,0,0,7503,6215,23302,1534,4150,310,112,0,0,566,52166,680,3314,0,0,0,0,0
673,11692,674.0877237842756,99852,355,141,108,36,31397,15987,0.4745423226375035,255,130,24962,24097,10387,5249,13931,20345,48159,35530,0,0,7492,6202,23293,1541,4167,312,118,0,0,589,52147,679,3312,0,0,0,0,0
674,11692,675.2636332827151,99851,366,166,109,36,31465,16037,0.47572883596558874,287,123,24991,24184,10383,5244,13862,20245,48164,35537,0,0,7471,6196,23279,1544,4189,314,130,0,0,626,52118,677,3307,0,0,0,0,0
675,11692,676.1441882186905,99851,371,175,109,36,31527,16064,0.4766201640444262,302,127,25009,24256,10403,5235,13804,20169,48169,35544,0,0,7455,6182,23271,1554,4206,315,141,0,0,660,52089,673,3305,0,0,0,0,0
676,11692,677.0237693966692,99851,383,171,109,36,31589,16085,0.4774514025898589,316,149,25034,24290,10396,5240,13760,20112,48174,35551,0,0,7444,6173,23259,1556,4228,316,144,0,0,702,52055,672,3302,0,0,0,0,0
677,11692,678.1944833757772,99851,441,189,109,36,31706,16133,0.47910386475849015,308,168,25084,24346,10380,5241,13676,20018,48179,35558,0,0,7424,6161,23245,1564,4247,322,158,0,0,736,52026,669,3299,0,0,0,0,0
678,11692,679.0705066820132,99851,455,202,109,36,31769,16175,0.48015543159307367,328,160,25104,24401,10384,5257,13618,19942,48183,35565,0,0,7417,6151,23236,1567,4262,326,161,0,0,783,51982,668,3298,0,0,0,0,0
679,11692,680.236704373323,99850,486,215,109,37,31883,16214,0.48169253880821233,350,186,25144,24457,10390,5261,13519,19842,48187,35571,0,0,7394,6134,23220,1577,4280,333,178,0,0,829,51941,668,3296,0,0,0,0,0
680,11692,681.1095339949671,99849,467,243,110,37,31941,16265,0.4827890114072249,387,173,25165,24508,10402,5263,13467,19774,48191,35577,0,0,7378,6123,23205,1587,4295,339,188,0,0,879,51896,664,3295,0,0,0,0,0
681,11692,682.2715795941174,99849,501,257,110,37,32053,16317,0.4844314915522439,412,189,25170,24566,10416,5277,13389,19672,48195,35583,0,0,7361,6109,23184,1595,4326,341,202,0,0,936,51842,661,3292,0,0,0,0,0
682,11692,683.1423146370407,99849,524,263,110,37,32135,16355,0.4856333062925017,434,207,25176,24598,10429,5292,13325,19601,48199,35589,0,0,7346,6103,23169,1596,4353,344,211,0,0,979,51805,658,3285,0,0,0,0,0
683,11692,684.0121883029775,99849,555,262,110,37,32233,16391,0.4869753327524562,437,224,25208,24632,10428,5301,13260,19542,48203,35595,0,0,7336,6091,23148,1603,4379,349,217,0,0,1032,51755,656,3283,0,0,0,0,0
684,11692,685.1702250521828,99849,592,290,110,37,32356,16462,0.4889182665825396,480,227,25188,24683,10447,5320,13181,19441,48207,35601,0,0,7310,6073,23119,1616,4415,352,238,0,0,1083,51709,654,3280,0,0,0,0,0
685,11692,686.0380441678051,99849,617,284,110,37,32458,16507,0.49039048963935544,488,237,25199,24720,10464,5351,13120,19369,48211,35607,0,0,7295,6059,23098,1626,4448,354,246,0,0,1149,51648,650,3276,0,0,0,0,0
686,11692,687.1941432006877,99849,682,302,110,37,32611,16589,0.4927440435056936,510,242,25202,24794,10467,5377,13027,19246,48215,35613,0,0,7275,6049,23075,1632,4482,357,261,0,0,1238,51564,648,3268,0,0,0,0,0
687,11692,688.0603294061335,99848,731,305,111,37,32735,16635,0.494451566380899,531,270,25181,24806,10485,5404,12959,19176,48219,35619,0,0,7257,6033,23048,1644,4516,359,273,0,0,1290,51515,648,3265,0,0,0,0,0
688,11692,689.2146133186036,99848,789,337,111,37,32913,16719,0.4970755548433619,564,295,25140,24844,10529,5420,12865,19065,48223,35625,0,0,7238,6016,23005,1658,4564,365,286,0,0,1373,51438,646,3259,0,0,0,0,0
689,11692,690.0806750742921,99847,814,349,112,37,33040,16788,0.49904353661101486,587,314,25115,24870,10576,5448,12794,18980,48227,35631,0,0,7215,5999,22977,1673,4597,369,302,0,0,1459,51358,645,3253,0,0,0,0,0
690,11692,691.2358431312754,99847,849,385,112,37,33221,16891,0.5018878884693582,616,327,25081,24891,10644,5486,12696,18872,48231,35636,0,0,7179,5976,22944,1693,4641,375,333,0,0,1560,51259,642,3245,0,0,0,0,0
691,11692,692.1023291150751,99847,873,405,112,37,33361,16964,0.5040211523631156,638,341,25065,24922,10685,5514,12625,18779,48235,35641,0,0,7152,5956,22918,1708,4677,380,354,0,0,1641,51181,641,3239,0,0,0,0,0
692,11692,693.2578835719974,99847,920,410,112,37,33542,17055,0.5067453203401204,681,379,25013,24933,10739,5567,12533,18672,48239,35646,0,0,7123,5926,22879,1733,4716,391,376,0,0,1749,51080,640,3234,0,0,0,0,0
693,11692,694.125067227681,99846,977,446,113,37,33711,17145,0.5093443903611562,702,376,24954,24940,10783,5598,12469,18601,48243,35651,0,0,7096,5909,22850,1744,4755,397,398,0,0,1824,51008,638,3227,0,0,0,0,0
694,11692,695.2824169053333,99846,1001,468,113,37,33909,17255,0.5124291408769505,748,380,24911,24985,10869,5653,12356,18475,48247,35656,0,0,7070,5887,22797,1765,4809,410,418,0,0,1960,50875,635,3220,0,0,0,0,0
695,11692,696.1512672252495,99846,1041,466,113,37,34073,17328,0.5148027963063118,770,403,24863,25013,10919,5700,12292,18379,48250,35661,0,0,7043,5869,22763,1775,4854,415,443,0,0,2062,50774,631,3217,0,0,0,0,0
696,11692,697.0206433637445,99846,1074,498,113,37,34246,17415,0.5174068064819822,788,413,24831,25017,10989,5738,12203,18295,48253,35666,0,0,7012,5853,22709,1786,4919,419,468,0,0,2142,50698,630,3210,0,0,0,0,0
697,11692,698.1810220694649,99845,1107,525,114,37,34469,17523,0.5207271270469227,849,446,24763,25006,11080,5784,12085,18200,48256,35671,0,0,6971,5832,22650,1803,4991,425,505,0,0,2265,50574,626,3203,0,0,0,0,0
698,11692,699.0519146219974,99843,1146,549,116,37,34651,17627,0.5236020552267059,888,466,24709,25018,11132,5830,12007,18098,48259,35676,0,0,6938,5807,22612,1826,5032,436,531,0,0,2368,50472,624,3197,0,0,0,0,0
699,11692,700.2146323454363,99841,1218,614,117,38,34916,17780,0.5277992007291593,954,450,24588,25016,11223,5879,11898,18001,48262,35681,0,0,6898,5774,22560,1851,5103,439,567,0,0,2502,50339,622,3186,0,0,0,0,0
700,11692,701.0888501753727,99840,1271,609,118,38,35133,17855,0.5307291666666667,986,490,24508,25023,11301,5936,11814,17902,48265,35686,0,0,6863,5755,22518,1872,5158,444,596,0,0,2627,50219,616,3172,0,0,0,0,0
701,11692,702.2571392031025,99839,1326,636,119,38,35425,17989,0.535001352177005,1033,511,24411,25014,11428,6017,11681,17782,48268,35691,0,0,6822,5720,22435,1905,5250,457,631,0,0,2773,50070,613,3163,0,0,0,0,0
702,11692,703.1353327340465,99838,1407,659,120,38,35674,18097,0.5385825036559226,1062,530,24315,25025,11512,6068,11582,17678,48271,35696,0,0,6796,5693,22384,1926,5312,466,654,0,0,2894,49947,613,3153,0,0,0,0,0
703,11692,704.0154484749698,99837,1500,687,121,38,35948,18214,0.5425042819796267,1074,554,24208,25007,11608,6128,11487,17584,48274,35701,0,0,6758,5669,22336,1948,5364,479,686,0,0,3022,49820,609,3146,0,0,0,0,0
704,11692,705.1926248401217,99836,1589,764,121,39,36290,18398,0.5477783565046677,1116,584,24087,24989,11729,6180,11356,17442,48277,35706,0,0,6718,5629,22270,1977,5458,486,722,0,0,3188,49650,603,3135,0,0,0,0,0
705,11692,706.0777326169566,99832,1604,796,124,40,36520,18530,0.551426396345861,1217,608,23978,24955,11818,6251,11257,17348,48280,35710,0,0,6675,5598,22210,2004,5529,495,756,0,0,3332,49502,601,3130,0,0,0,0,0
706,11692,707.2611724541675,99828,1655,839,125,43,36862,18703,0.5566073646672276,1320,668,23823,24888,11959,6338,11116,17222,48283,35714,0,0,6628,5558,22131,2031,5630,507,797,0,0,3528,49298,597,3123,0,0,0,0,0
707,11692,708.1521451558631,99828,1724,887,125,43,37146,18849,0.5609147734102656,1350,689,23694,24864,12072,6399,11033,17116,48286,35718,0,0,6577,5522,22077,2061,5703,511,841,0,0,3675,49153,597,3111,0,0,0,0,0
708,11692,709.0463227738086,99827,1853,939,126,43,37490,19008,0.5659591092590182,1352,698,23570,24853,12171,6470,10926,16995,48289,35722,0,0,6540,5497,22005,2081,5781,521,872,0,0,3836,48992,596,3106,0,0,0,0,0
709,11692,710.2431837482729,99826,1925,989,126,44,37890,19233,0.5722256726704466,1448,737,23421,24791,12326,6586,10752,16851,48292,35726,0,0,6483,5449,21902,2120,5899,535,924,0,0,4086,48740,594,3094,0,0,0,0,0
710,11692,711.1439489331129,99823,2000,1045,128,45,38237,19408,0.5774721256624225,1476,761,23279,24747,12490,6660,10625,16740,48295,35730,0,0,6440,5418,21812,2139,6010,550,961,0,0,4254,48570,593,3076,0,0,0,0,0
711,11692,712.0480752265055,99822,2098,1099,129,45,38576,19597,0.5827673258399952,1547,755,23134,24725,12597,6751,10493,16623,48298,35734,0,0,6401,5389,21737,2164,6104,559,991,0,0,4445,48379,589,3064,0,0,0,0,0
712,11692,713.2591381373124,99821,2184,1155,130,45,39033,19844,0.5898257881608079,1636,787,22936,24678,12781,6892,10331,16441,48301,35738,0,0,6337,5342,21617,2207,6254,578,1048,0,0,4695,48120,585,3038,0,0,0,0,0
713,11692,714.1724165764964,99821,2283,1179,130,45,39432,20038,0.5957664218951924,1697,808,22736,24624,12946,7025,10206,16317,48304,35742,0,0,6284,5317,21528,2226,6367,595,1096,0,0,4931,47875,583,3019,0,0,0,0,0
714,11692,715.0912034739314,99820,2360,1224,131,45,39842,20228,0.6017832097775997,1736,828,22542,24583,13152,7129,10077,16189,48307,35746,0,0,6233,5281,21425,2251,6489,616,1138,0,0,5144,47653,580,3010,0,0,0,0,0
715,11692,716.0162364668398,99820,2454,1259,131,45,40244,20422,0.6077539571228211,1795,874,22334,24512,13315,7236,9969,16072,48310,35750,0,0,6187,5236,21363,2293,6567,637,1177,0,0,5385,47404,573,2998,0,0,0,0,0
716,11692,717.2590918311366,99819,2568,1299,132,45,40817,20702,0.6163055129784911,1852,937,22098,24408,13569,7404,9779,15905,48313,35754,0,0,6115,5189,21228,2339,6745,663,1239,0,0,5702,47067,562,2970,0,0,0,0,0
717,11692,718.1978496414586,99817,2651,1344,132,47,41266,20924,0.6230401634992035,1895,984,21913,24320,13760,7514,9647,15789,48316,35758,0,0,6050,5136,21135,2389,6859,686,1298,0,0,5948,46811,552,2953,0,0,0,0,0
718,11692,719.1425021060327,99815,2718,1397,134,47,41702,21174,0.6299253619195512,1976,1005,21720,24245,13950,7654,9500,15650,48319,35762,0,0,5992,5099,21022,2414,7018,706,1349,0,0,6191,46546,545,2933,0,0,0,0,0
719,11692,720.0935339079186,99814,2789,1433,134,48,42178,21405,0.6370148476165668,2027,1038,21498,24174,14195,7794,9355,15511,48321,35766,0,0,5926,5052,20906,2460,7174,728,1405,0,0,6440,46274,535,2914,0,0,0,0,0
720,11692,721.0522096539695,99814,2917,1479,134,48,42678,21672,0.6446991404011462,2068,1088,21268,24069,14393,7956,9218,15358,48323,35770,0,0,5878,5010,20782,2493,7331,758,1447,0,0,6700,45992,532,2891,0,0,0,0,0
721,11692,722.0185230545976,99812,3016,1548,136,48,43191,21933,0.6524666372780829,2089,1118,21049,23966,14636,8098,9072,15220,48325,35774,0,0,5819,4958,20639,2538,7486,788,1499,0,0,6964,45718,529,2874,0,0,0,0,0
722,11692,723.3191319911618,99812,3112,1643,136,48,43844,22292,0.6626056987135815,2205,1184,20744,23828,14915,8289,8886,15006,48327,35778,0,0,5739,4898,20467,2583,7687,832,1571,0,0,7318,45337,522,2858,0,0,0,0,0
723,11692,724.3035646976729,99810,3213,1699,137,49,44388,22587,0.6710249474000601,2259,1227,20544,23699,15125,8461,8720,14863,48329,35782,0,0,5682,4848,20349,2623,7839,870,1618,0,0,7627,44998,518,2838,0,0,0,0,0
724,11692,725.295309322033,99810,3340,1747,137,49,44972,22886,0.6798717563370403,2293,1273,20316,23578,15343,8648,8569,14703,48331,35785,0,0,5609,4790,20206,2673,8005,905,1685,0,0,7940,44665,513,2819,0,0,0,0,0
725,11692,726.2955456221442,99809,3491,1822,138,49,45559,23235,0.6892564798765642,2349,1277,20075,23467,15535,8846,8410,14537,48333,35788,0,0,5544,4742,20072,2701,8188,936,1744,0,0,8253,44322,505,2802,0,0,0,0,0
726,11692,727.3044531594378,99806,3568,1855,140,50,46148,23536,0.6981944973248101,2390,1348,19799,23355,15823,9019,8278,14371,48335,35791,0,0,5488,4690,19927,2742,8384,980,1790,0,0,8578,43953,497,2777,0,0,0,0,0
727,11692,728.3250744251936,99805,3729,1911,140,51,46809,23861,0.7080807574770803,2428,1374,19509,23252,16081,9199,8111,14211,48337,35794,0,0,5430,4625,19768,2795,8600,1008,1838,0,0,8905,43593,490,2753,0,0,0,0,0
728,11692,729.0120057531374,99802,3776,1942,143,51,47244,24080,0.7146550169335284,2453,1404,19326,23149,16301,9333,7999,14119,48339,35797,0,0,5376,4571,19665,2834,8749,1036,1882,0,0,9127,43340,487,2735,0,0,0,0,0
729,11692,730.0530279219976,99801,3866,2046,144,51,47873,24457,0.7247422370517329,2526,1427,19015,23001,16594,9517,7853,13956,48341,35800,0,0,5300,4517,19502,2884,8945,1081,1944,0,0,9466,42963,482,2717,0,0,0,0,0
730,11692,731.1072482922347,99800,4012,2156,144,52,48575,24848,0.7357014028056112,2593,1463,18711,22857,16848,9699,7690,13771,48343,35803,0,0,5236,4453,19310,2930,9187,1128,1996,0,0,9788,42601,480,2691,0,0,0,0,0
731,11692,732.1750229497959,99800,4084,2295,144,52,49252,25281,0.7468236472945892,2708,1501,18405,22688,17136,9882,7521,13580,48345,35806,0,0,5165,4392,19124,2983,9418,1180,2048,0,0,10155,42197,471,2667,0,0,0,0,0
732,11692,733.2565777623176,99798,4219,2321,145,53,50022,25690,0.7586524780055712,2729,1544,18093,22527,17458,10169,7354,13384,48347,35809,0,0,5080,4312,18955,3058,9662,1228,2112,0,0,10586,41715,460,2630,0,0,0,0,0
733,11692,734.3541009232496,99797,4329,2357,146,53,50798,26101,0.7705542250769061,2761,1578,17757,22376,17801,10423,7204,13211,48349,35812,0,0,4986,4241,18762,3117,9943,1282,2194,0,0,10977,41250,447,2598,0,0,0,0,0
734,11692,735.0942563623644,99796,4393,2418,147,53,51308,26418,0.778848851657381,2808,1569,17539,22270,18015,10612,7096,13076,48351,35815,0,0,4921,4192,18634,3161,10113,1326,2245,0,0,11249,40938,442,2575,0,0,0,0,0
735,11692,736.191607151309,99793,4510,2461,148,55,52074,26828,0.7906566592847194,2881,1644,17226,22072,18327,10862,6906,12904,48353,35818,0,0,4834,4124,18443,3209,10385,1387,2320,0,0,11629,40490,434,2538,0,0,0,0,0
736,11692,737.2665386056232,99790,4563,2542,151,55,52840,27274,0.8028259344623709,2951,1680,16911,21895,18679,11098,6743,12728,48355,35821,0,0,4753,4056,18241,3251,10678,1451,2383,0,0,12035,40011,425,2506,0,0,0,0,0
737,11692,738.318385410324,99787,4612,2578,153,56,53573,27707,0.8145349594636576,3061,1737,16561,21703,19045,11372,6566,12552,48357,35824,0,0,4665,3975,18033,3327,10957,1517,2447,0,0,12439,39537,418,2472,0,0,0,0,0
738,11692,739.0069828387374,99787,4743,2617,153,56,54123,27998,0.822962911000431,3090,1720,16360,21584,19190,11559,6462,12462,48359,35827,0,0,4605,3926,17922,3371,11101,1571,2493,0,0,12689,39244,412,2453,0,0,0,0,0
739,11692,740.0254037830119,99785,4786,2687,154,57,54854,28450,0.8348348950243023,3121,1740,16106,21443,19503,11810,6328,12261,48361,35830,0,0,4523,3848,17718,3439,11362,1646,2555,0,0,13088,38775,405,2426,0,0,0,0,0
740,11692,741.0262223494121,99781,4846,2702,156,59,55602,28860,0.8464737775728847,3180,1833,15823,21217,19830,12095,6163,12092,48363,35833,0,0,4441,3765,17517,3516,11641,1719,2615,0,0,13453,38315,397,2402,0,0,0,0,0
741,11692,742.0083108571554,99779,4944,2806,158,59,56388,29301,0.8587879213060865,3153,1863,15570,21031,20162,12300,6011,11939,48365,35836,0,0,4347,3677,17328,3607,11883,1790,2681,0,0,13805,37892,391,2378,0,0,0,0,0
742,11692,743.2897777218216,99772,5017,2837,164,60,57337,29859,0.873952611955258,3249,1911,15194,20809,20557,12660,5817,11721,48367,35839,0,0,4247,3592,17085,3680,12228,1906,2754,0,0,14282,37294,381,2323,0,0,0,0,0
743,11692,744.2323803603244,99770,5099,2866,166,60,58063,30298,0.8856469880725669,3317,1913,14875,20657,20854,12936,5687,11566,48369,35842,0,0,4185,3536,16886,3718,12506,2000,2797,0,0,14627,36857,373,2285,0,0,0,0,0
744,11692,745.1595363604335,99769,5188,2969,167,60,58825,30769,0.8980144132947108,3310,1887,14620,20516,21145,13154,5568,11412,48371,35845,0,0,4101,3476,16692,3766,12809,2065,2850,0,0,14958,36434,363,2255,0,0,0,0,0
745,11692,746.0722219223691,99768,5255,2988,168,60,59575,31169,0.9095501563627616,3339,1923,14341,20368,21456,13395,5439,11264,48373,35848,0,0,4020,3418,16511,3793,13087,2148,2907,0,0,15319,35982,356,2227,0,0,0,0,0
746,11692,747.2659076901532,99765,5288,3041,169,62,60513,31753,0.9248333583922217,3328,1921,14026,20149,21916,13738,5271,11087,48375,35851,0,0,3919,3324,16257,3868,13465,2261,2969,0,0,15764,35398,350,2190,0,0,0,0,0
747,11692,748.1446529175544,99761,5359,3083,172,63,61244,32167,0.9363478714126763,3318,1938,13784,20011,22199,13972,5166,10931,48377,35854,0,0,3841,3268,16068,3910,13730,2350,3017,0,0,16087,34984,346,2160,0,0,0,0,0
748,11692,749.0107852958935,99759,5401,3138,173,64,61971,32599,0.9479846429896049,3327,1930,13546,19879,22503,14207,5048,10780,48379,35857,0,0,3766,3203,15858,3961,14013,2442,3070,0,0,16426,34561,336,2123,0,0,0,0,0
749,11692,750.1463051619362,99758,5453,3152,174,64,62915,33144,0.9629202670462519,3278,1910,13272,19674,22916,14567,4905,10631,48381,35860,0,0,3656,3125,15620,4023,14381,2571,3145,0,0,16836,33998,330,2073,0,0,0,0,0
750,11692,751.2610386241381,99757,5409,3166,174,65,63797,33647,0.9768136571869643,3262,1938,13036,19508,23350,14880,4767,10441,48383,35863,0,0,3565,3035,15375,4074,14772,2702,3202,0,0,17204,33470,322,2036,0,0,0,0,0
751,11692,752.0836364644891,99754,5436,3198,177,65,64495,34041,0.987789963309742,3255,1979,12845,19352,23622,15114,4663,10290,48385,35866,0,0,3495,2987,15189,4100,15076,2782,3243,0,0,17492,33061,315,2014,0,0,0,0,0
752,11692,753.1652282577138,99747,5454,3244,182,67,65367,34554,1.0017444133658155,3241,2020,12600,19181,23998,15371,4523,10115,48387,35869,0,0,3393,2915,14928,4148,15480,2871,3304,0,0,17863,32556,308,1981,0,0,0,0,0
753,11692,754.2294746035775,99745,5506,3260,184,67,66195,35061,1.0151486290039602,3257,2076,12375,18988,24285,15676,4391,9931,48389,35871,0,0,3330,2846,14708,4196,15807,3002,3331,0,0,18208,32068,297,1952,0,0,0,0,0
754,11692,755.0182442696673,99741,5533,3274,187,68,66850,35439,1.0255461645662265,3279,2065,12187,18887,24515,15882,4297,9822,48391,35873,0,0,3273,2793,14547,4234,16082,3088,3356,0,0,18476,31673,291,1928,0,0,0,0,0
755,11692,756.057970759054,99738,5623,3327,190,68,67737,35982,1.0399145761896167,3227,2055,11959,18701,24844,16175,4155,9672,48393,35875,0,0,3174,2738,14335,4275,16392,3233,3423,0,0,18807,31188,284,1889,0,0,0,0,0
756,11692,757.0830748281998,99731,5592,3367,196,69,68576,36526,1.0538548695992218,3216,2009,11757,18551,25183,16476,4054,9526,48395,35877,0,0,3089,2665,14104,4337,16742,3373,3462,0,0,19155,30670,277,1857,0,0,0,0,0
757,11692,758.0947898956341,99724,5604,3358,199,73,69369,37026,1.066894629176527,3179,2021,11559,18371,25493,16797,3964,9378,48397,35879,0,0,3015,2594,13896,4372,17091,3504,3501,0,0,19458,30190,273,1830,0,0,0,0,0
758,11692,759.0940263467381,99721,5563,3376,200,75,70182,37506,1.0798929011943321,3146,2042,11362,18241,25868,17045,3859,9219,48399,35881,0,0,2932,2521,13680,4438,17405,3656,3540,0,0,19770,29709,266,1804,0,0,0,0,0
759,11692,760.0803814305059,99719,5464,3421,201,76,70908,38023,1.092379586638454,3200,2023,11189,18099,26181,17300,3763,9079,48401,35883,0,0,2847,2462,13450,4455,17763,3817,3594,0,0,20021,29276,263,1771,0,0,0,0,0
760,11692,761.0548204383769,99718,5475,3417,202,76,71684,38513,1.105086343488638,3160,1973,11009,17978,26476,17618,3676,8936,48403,35885,0,0,2770,2402,13248,4501,18059,3969,3621,0,0,20323,28820,257,1748,0,0,0,0,0
761,11692,762.0190924520691,99715,5489,3446,204,77,72426,38999,1.1174346888632603,3117,1991,10844,17821,26746,17884,3598,8779,48405,35887,0,0,2706,2353,13038,4537,18395,4108,3640,0,0,20543,28418,253,1724,0,0,0,0,0
762,11692,763.2106311035035,99714,5424,3451,204,78,73308,39577,1.1320877710251318,3135,1941,10626,17692,27120,18211,3489,8625,48407,35889,0,0,2613,2275,12804,4596,18786,4283,3680,0,0,20843,27887,244,1703,0,0,0,0,0
763,11692,764.1535862438452,99713,5470,3419,204,79,74063,40014,1.1440534333537251,3087,1961,10488,17563,27342,18477,3407,8499,48409,35891,0,0,2558,2218,12626,4628,19109,4415,3697,0,0,21072,27472,238,1680,0,0,0,0,0
764,11692,765.0883415476063,99712,5447,3430,205,79,74770,40453,1.1555580070603337,3047,1934,10360,17444,27619,18723,3320,8388,48410,35893,0,0,2498,2162,12446,4669,19421,4556,3723,0,0,21276,27084,230,1647,0,0,0,0,0
765,11692,766.0150874089259,99708,5427,3411,208,80,75473,40889,1.1670277209451598,2986,1921,10239,17330,27894,18994,3244,8262,48411,35895,0,0,2454,2097,12270,4727,19716,4706,3717,0,0,21493,26687,222,1619,0,0,0,0,0
766,11692,767.1623931850312,99707,5407,3436,209,80,76329,41475,1.1815018002748052,2988,1851,10049,17180,28181,19325,3164,8126,48412,35897,0,0,2402,2033,12039,4762,20149,4880,3711,0,0,21711,26219,216,1585,0,0,0,0,0
767,11692,768.0723390810643,99706,5397,3459,210,80,77016,41928,1.1929472649589794,3014,1812,9930,17071,28360,19557,3087,8019,48413,35899,0,0,2353,1993,11881,4797,20434,5024,3713,0,0,21906,25836,208,1561,0,0,0,0,0
768,11692,769.20126678517,99702,5365,3438,212,82,77844,42471,1.2067461033880966,2993,1810,9780,16925,28652,19865,2996,7878,48414,35901,0,0,2288,1942,11688,4825,20776,5216,3725,0,0,22178,25335,201,1528,0,0,0,0,0
769,11692,770.0968993348666,99701,5319,3334,213,82,78508,42843,1.2171492763362455,2940,1820,9700,16807,28892,20164,2934,7791,48415,35903,0,0,2238,1897,11513,4853,21072,5373,3723,0,0,22398,24931,194,1509,0,0,0,0,0
770,11692,771.2089764259186,99698,5300,3324,216,82,79304,43377,1.230526189091055,2924,1793,9567,16690,29126,20460,2865,7649,48416,35905,0,0,2180,1847,11321,4857,21444,5546,3737,0,0,22629,24469,189,1479,0,0,0,0,0
771,11692,772.0925029279141,99698,5299,3300,216,82,79963,43765,1.241027904270898,2884,1772,9438,16586,29355,20688,2806,7570,48417,35907,0,0,2135,1810,11173,4877,21669,5726,3741,0,0,22797,24132,182,1456,0,0,0,0,0
772,11692,773.1890385274527,99693,5274,3271,219,84,80729,44258,1.2537189170754215,2880,1761,9318,16469,29565,20962,2742,7451,48418,35909,0,0,2081,1766,10995,4904,21968,5924,3735,0,0,23005,23702,174,1439,0,0,0,0,0
773,11692,774.0612367482627,99689,5250,3277,220,87,81360,44641,1.263940856062354,2803,1730,9278,16408,29745,21136,2702,7360,48419,35911,0,0,2043,1720,10859,4940,22170,6104,3726,0,0,23158,23387,165,1417,0,0,0,0,0
774,11692,775.1449607056466,99684,5274,3193,225,87,82160,45086,1.276493720155692,2718,1784,9177,16295,29976,21394,2628,7245,48420,35913,0,0,1983,1662,10699,4945,22478,6294,3754,0,0,23356,22956,164,1393,0,0,0,0,0
775,11692,776.0064074593794,99682,5180,3188,227,87,82713,45451,1.2857286170020665,2726,1797,9099,16224,30206,21549,2560,7153,48421,35915,0,0,1941,1622,10571,4955,22717,6462,3758,0,0,23461,22656,162,1377,0,0,0,0,0
776,11692,777.0765728677982,99677,5030,3173,230,89,83394,45934,1.2974708307834304,2730,1762,9007,16145,30506,21791,2495,7038,48422,35917,0,0,1866,1574,10389,4990,23034,6678,3775,0,0,23572,22298,155,1346,0,0,0,0,0
777,11692,778.1383304914189,99670,4957,3163,235,91,84071,46404,1.309069930771546,2687,1727,8924,16039,30756,22035,2439,6943,48423,35919,0,0,1829,1529,10236,5009,23306,6897,3751,0,0,23675,21959,153,1326,0,0,0,0,0
778,11692,779.1935869462727,99669,4947,3160,236,91,84793,46862,1.3209222526562923,2619,1728,8846,15940,30971,22235,2379,6844,48424,35921,0,0,1771,1493,10056,5005,23597,7099,3766,0,0,23800,21632,149,1301,0,0,0,0,0
779,11692,780.0331859735161,99669,4901,3146,236,91,85343,47227,1.3301026397375313,2533,1694,8808,15870,31179,22428,2341,6769,48425,35923,0,0,1727,1467,9940,5015,23827,7270,3772,0,0,23852,21364,147,1288,0,0,0,0,0
780,11692,781.0773054673876,99668,4850,3149,237,91,86015,47664,1.3412429265160333,2478,1682,8748,15816,31390,22615,2295,6645,48426,35925,0,0,1674,1430,9798,5030,24089,7469,3770,0,0,23948,21055,138,1267,0,0,0,0,0
781,11692,782.1160050200808,99659,4779,3171,241,96,86633,48138,1.3523214160286576,2491,1611,8684,15769,31551,22806,2252,6545,48427,35927,0,0,1633,1391,9643,5043,24356,7668,3763,0,0,24049,20731,137,1245,0,0,0,0,0
782,11692,783.1499620623977,99656,4673,3166,244,96,87243,48577,1.3628883358754114,2435,1614,8635,15689,31810,22984,2201,6449,48428,35929,0,0,1599,1358,9509,5053,24649,7863,3739,0,0,24118,20406,135,1227,0,0,0,0,0
783,11692,784.1787547129242,99653,4621,3082,246,97,87870,48988,1.3733455089159383,2420,1585,8579,15634,31983,23244,2149,6356,48429,35931,0,0,1562,1327,9351,5059,24896,8083,3730,0,0,24232,20072,129,1212,0,0,0,0,0
784,11692,785.2032831646754,99648,4550,3041,250,98,88463,49388,1.3833794958253052,2404,1582,8546,15563,32145,23455,2103,6259,48430,35933,0,0,1533,1295,9223,5056,25155,8290,3719,0,0,24272,19778,129,1198,0,0,0,0,0
785,11692,786.0201048598436,99646,4488,3004,252,98,88941,49690,1.3912349718001726,2359,1561,8509,15509,32318,23623,2072,6203,48431,35935,0,0,1511,1261,9127,5067,25330,8464,3706,0,0,24325,19543,127,1185,0,0,0,0,0
786,11692,787.0371913727752,99640,4422,2960,256,100,89523,50080,1.4010738659173023,2315,1524,8467,15463,32514,23828,2024,6123,48432,35937,0,0,1475,1237,9007,5060,25561,8655,3703,0,0,24421,19228,124,1169,0,0,0,0,0
787,11692,788.0508991078258,99637,4400,2951,258,101,90091,50484,1.4108714634121862,2283,1459,8424,15441,32642,23999,1991,6047,48433,35939,0,0,1440,1208,8891,5065,25814,8827,3694,0,0,24451,18966,121,1160,0,0,0,0,0
788,11692,789.06099798936,99635,4333,2928,260,101,90660,50869,1.4204747327746274,2255,1455,8371,15378,32827,24176,1952,5960,48434,35941,0,0,1404,1177,8770,5080,26022,9034,3677,0,0,24508,18699,120,1144,0,0,0,0,0
789,11692,790.0671417589544,99631,4226,2875,263,102,91191,51220,1.4293844285413175,2251,1419,8365,15340,32983,24366,1910,5896,48435,35943,0,0,1357,1146,8656,5073,26248,9223,3681,0,0,24577,18427,117,1126,0,0,0,0,0
790,11692,791.070964025053,99631,4226,2829,263,102,91771,51605,1.4390701689233272,2190,1378,8335,15284,33109,24581,1875,5824,48436,35945,0,0,1326,1123,8559,5061,26433,9441,3672,0,0,24617,18171,115,1113,0,0,0,0,0
791,11692,792.072337094708,99629,4136,2745,265,102,92298,51943,1.4477812685061577,2161,1391,8290,15238,33298,24763,1848,5759,48437,35947,0,0,1282,1094,8444,5059,26627,9643,3681,0,0,24697,17889,111,1102,0,0,0,0,0
792,11692,793.0694272690877,99627,4021,2722,265,104,92802,52283,1.4562819316048863,2132,1378,8258,15205,33513,24909,1809,5680,48438,35949,0,0,1260,1074,8353,5026,26788,9868,3661,0,0,24748,17648,110,1091,0,0,0,0,0
793,11692,794.0627339339268,99623,3954,2693,269,104,93322,52624,1.4649829858566796,2056,1360,8258,15176,33673,25048,1788,5617,48439,35951,0,0,1228,1057,8228,5001,27007,10058,3652,0,0,24789,17418,109,1076,0,0,0,0,0
794,11692,795.0536181190411,99622,3861,2673,270,104,93790,52970,1.4731685772218988,2049,1338,8238,15128,33820,25205,1760,5550,48440,35953,0,0,1208,1039,8123,5021,27183,10257,3618,0,0,24815,17191,107,1060,0,0,0,0,0
795,11692,796.0415714026276,99617,3835,2621,275,104,94284,53295,1.4814640071473744,2004,1320,8247,15125,33896,25357,1741,5471,48441,35955,0,0,1184,1023,8021,5012,27397,10428,3600,0,0,24825,16973,104,1050,0,0,0,0,0
796,11692,797.028752008023,99615,3744,2580,277,104,94734,53600,1.4890729307835164,2002,1340,8242,15086,34017,25478,1716,5410,48442,35957,0,0,1153,1001,7920,5001,27588,10615,3593,0,0,24830,16771,103,1040,0,0,0,0,0
797,11692,798.0140264911009,99613,3696,2546,277,106,95216,53928,1.4972342967283387,1930,1299,8256,15066,34152,25620,1687,5361,48443,35959,0,0,1131,984,7821,5004,27760,10818,3571,0,0,24829,16572,102,1021,0,0,0,0,0
798,11692,799.1935859234288,99611,3655,2521,279,106,95789,54333,1.507082551123872,1877,1281,8249,15029,34278,25776,1660,5285,48444,35961,0,0,1105,967,7712,4997,27978,11037,3548,0,0,24827,16335,100,1005,0,0,0,0,0
799,11692,800.174914420166,99611,3665,2480,279,106,96267,54664,1.5152041441206292,1854,1267,8230,14987,34337,25938,1633,5220,48445,35963,0,0,1088,951,7626,4991,28103,11247,3539,0,0,24838,16136,100,992,0,0,0,0,0
800,11692,801.1551937116438,99610,3615,2445,280,106,96695,54963,1.5225178194960345,1825,1253,8257,14977,34410,26041,1611,5176,48446,35965,0,0,1068,934,7561,4984,28256,11426,3521,0,0,24836,15942,100,982,0,0,0,0,0
801,11692,802.1344216329315,99607,3577,2452,283,106,97111,55290,1.5300229903520837,1802,1205,8269,14968,34476,26142,1591,5125,48447,35967,0,0,1051,915,7484,4976,28417,11589,3514,0,0,24822,15769,96,974,0,0,0,0,0
802,11692,803.1128141926347,99606,3550,2403,284,106,97575,55590,1.5377085717727847,1750,1159,8276,14967,34573,26286,1565,5077,48448,35969,0,0,1028,897,7402,4975,28576,11775,3494,0,0,24827,15583,94,955,0,0,0,0,0
803,11692,804.0895189229956,99606,3444,2395,284,106,98017,55871,1.5449671706523704,1690,1171,8284,14947,34760,26354,1536,5025,48449,35971,0,0,1010,888,7305,4953,28739,11983,3477,0,0,24784,15430,94,943,0,0,0,0,0
804,11692,805.0635603627154,99604,3373,2333,284,108,98443,56149,1.5520661820810409,1652,1154,8300,14952,34879,26486,1510,4965,48450,35973,0,0,992,870,7227,4953,28896,12171,3452,0,0,24775,15249,91,928,0,0,0,0,0
805,11692,806.0363850826063,99604,3307,2256,284,108,98827,56419,1.5586321834464478,1632,1157,8345,14934,34941,26631,1489,4912,48451,35975,0,0,976,858,7151,4929,29030,12367,3442,0,0,24766,15076,88,921,0,0,0,0,0
806,11692,807.0089845082297,99603,3287,2195,285,108,99256,56710,1.565876529823399,1615,1108,8358,14927,34993,26795,1460,4865,48452,35976,0,0,952,845,7069,4923,29135,12566,3427,0,0,24785,14901,88,912,0,0,0,0,0
807,11692,808.1756114671542,99603,3246,2165,285,108,99740,57033,1.5739786954208206,1555,1079,8396,14954,35071,26897,1445,4795,48453,35977,0,0,934,834,6986,4887,29281,12788,3410,0,0,24768,14725,86,904,0,0,0,0,0
808,11692,809.1473974248396,99603,3163,2082,285,108,100093,57275,1.5799524110719556,1551,1063,8410,14957,35159,27040,1430,4748,48454,35978,0,0,921,814,6928,4884,29404,12975,3391,0,0,24744,14564,86,892,0,0,0,0,0
809,11692,810.118403582515,99599,3110,2061,288,109,100476,57527,1.5863914296328276,1510,1061,8472,14953,35211,27124,1407,4690,48455,35979,0,0,907,793,6867,4898,29511,13153,3369,0,0,24708,14433,83,877,0,0,0,0,0
810,11692,811.0890992981667,99598,3056,2033,288,110,100849,57777,1.5926625032631176,1490,1037,8497,14952,35285,27223,1382,4643,48456,35980,0,0,897,784,6795,4897,29576,13357,3344,0,0,24700,14295,82,871,0,0,0,0,0
811,11692,812.0591521305353,99595,2957,2009,291,110,101195,58018,1.5986043476078116,1465,1007,8522,14979,35404,27276,1359,4617,48457,35981,0,0,883,775,6742,4877,29668,13545,3324,0,0,24680,14156,80,865,0,0,0,0,0
812,11692,813.0280252040468,99592,2927,1948,292,112,101552,58252,1.6045867137922725,1419,1009,8546,14993,35479,27367,1335,4569,48458,35982,0,0,868,765,6693,4874,29785,13709,3308,0,0,24636,14017,79,858,0,0,0,0,0
813,11692,814.189565052385,99592,2840,1930,292,112,101961,58548,1.611665595630171,1424,968,8596,14982,35537,27472,1309,4534,48459,35983,0,0,854,757,6623,4854,29902,13917,3283,0,0,24621,13860,75,846,0,0,0,0,0
814,11692,815.1574379744834,99591,2860,1885,293,112,102339,58765,1.617656213914912,1355,987,8616,14994,35581,27536,1293,4484,48460,35984,0,0,848,750,6566,4848,29978,14088,3262,0,0,24597,13743,73,838,0,0,0,0,0
815,11692,816.1248479993704,99589,2805,1874,293,114,102677,58992,1.6233620178935424,1353,982,8641,15005,35628,27584,1278,4439,48461,35985,0,0,837,738,6503,4833,30093,14244,3252,0,0,24553,13628,73,835,0,0,0,0,0
816,11692,817.0916930000412,99588,2728,1803,293,115,103003,59211,1.6288508655661325,1345,974,8690,15034,35684,27670,1258,4402,48462,35986,0,0,829,724,6448,4826,30196,14414,3233,0,0,24544,13476,70,828,0,0,0,0,0
817,11692,818.0588609639836,99588,2663,1776,293,115,103339,59432,1.6344439089046874,1285,953,8758,15036,35757,27760,1242,4358,48463,35987,0,0,819,714,6390,4814,30277,14594,3214,0,0,24512,13363,68,823,0,0,0,0,0
818,11692,819.0260028956544,99588,2618,1751,293,115,103648,59679,1.6400269108727958,1257,899,8806,15047,35793,27857,1231,4329,48464,35988,0,0,812,703,6335,4799,30395,14750,3194,0,0,24461,13254,68,817,0,0,0,0,0
819,11692,820.1868790624086,99587,2593,1704,294,115,104049,59926,1.6465502525430027,1209,872,8862,15093,35822,27934,1218,4280,48465,35989,0,0,793,695,6261,4799,30491,14941,3172,0,0,24432,13124,68,811,0,0,0,0,0
820,11692,821.1546525674509,99586,2507,1663,294,116,104337,60133,1.651537364689816,1225,849,8889,15131,35873,27984,1210,4255,48466,35990,0,0,787,685,6210,4780,30587,15089,3148,0,0,24442,12990,67,801,0,0,0,0,0
821,11692,822.1225960222591,99585,2469,1647,294,117,104608,60334,1.6562936185168449,1220,814,8929,15146,35893,28055,1193,4219,48467,35991,0,0,779,680,6176,4755,30663,15232,3133,0,0,24411,12896,66,794,0,0,0,0,0
822,11692,823.0906400181805,99585,2421,1603,294,117,104899,60524,1.6611236632022894,1172,794,8988,15176,35944,28120,1179,4188,48468,35992,0,0,766,673,6129,4734,30743,15383,3125,0,0,24390,12788,66,788,0,0,0,0,0
823,11692,824.0592496667199,99584,2389,1608,294,118,105182,60729,1.6660407294344473,1144,762,9051,15212,35953,28140,1167,4158,48469,35993,0,0,759,659,6102,4728,30820,15522,3109,0,0,24332,12708,66,779,0,0,0,0,0
824,11692,825.0281492977828,99583,2312,1553,295,118,105444,60910,1.6705060100619584,1129,772,9100,15243,36004,28188,1158,4124,48470,35994,0,0,751,647,6057,4721,30896,15666,3092,0,0,24328,12587,64,774,0,0,0,0,0
825,11692,826.1909441961475,99583,2271,1518,295,118,105764,61134,1.67596878985369,1107,776,9160,15270,36023,28222,1142,4094,48471,35995,0,0,744,633,6016,4713,30963,15838,3071,0,0,24305,12471,64,765,0,0,0,0,0
826,11692,827.1602843964205,99581,2265,1490,295,120,106056,61315,1.6807523523563732,1068,765,9194,15321,36049,28243,1127,4059,48472,35996,0,0,736,626,5977,4697,31001,15988,3061,0,0,24293,12378,63,761,0,0,0,0,0
827,11692,828.1300301350195,99580,2238,1466,296,120,106345,61500,1.685529222735489,992,739,9288,15357,36068,28281,1116,4035,48473,35997,0,0,723,619,5938,4693,31043,16141,3054,0,0,24271,12279,63,756,0,0,0,0,0
828,11692,829.1005155085718,99580,2196,1472,296,120,106596,61686,1.6899176541474192,978,716,9319,15369,36098,28315,1111,4006,48474,35998,0,0,716,612,5888,4686,31108,16280,3045,0,0,24223,12213,63,746,0,0,0,0,0
829,11692,830.071152112302,99580,2135,1453,296,120,106839,61846,1.693964651536453,961,711,9387,15410,36115,28334,1104,3970,48475,35999,0,0,709,607,5857,4663,31163,16410,3033,0,0,24211,12126,63,738,0,0,0,0,0
830,11692,831.0420643747301,99580,2068,1396,296,120,107082,62006,1.698011648925487,923,721,9414,15453,36206,28367,1091,3941,48476,36000,0,0,700,598,5829,4658,31225,16551,3022,0,0,24160,12041,62,734,0,0,0,0,0
831,11692,832.0125116685908,99579,2003,1354,297,120,107295,62159,1.7017041745749606,931,720,9473,15504,36215,28383,1079,3917,48477,36001,0,0,692,590,5797,4660,31269,16692,3005,0,0,24114,11972,61,727,0,0,0,0,0
832,11692,833.1774811086952,99579,1927,1328,297,120,107575,62360,1.7065345102883138,897,701,9546,15564,36264,28406,1067,3879,48478,36002,0,0,682,574,5750,4651,31365,16837,2994,0,0,24077,11867,60,722,0,0,0,0,0
833,11692,834.1489180093794,99579,1870,1331,297,120,107789,62559,1.7106819710983239,898,642,9624,15604,36255,28448,1054,3853,48479,36003,0,0,677,571,5702,4625,31457,16951,2983,0,0,24045,11788,60,720,0,0,0,0,0
834,11692,835.1215865781213,99579,1833,1300,297,120,108016,62715,1.7145281635686238,896,651,9682,15641,36245,28469,1045,3817,48480,36004,0,0,673,563,5667,4613,31503,17076,2970,0,0,24034,11703,60,717,0,0,0,0,0
835,11692,836.0949053871999,99579,1783,1312,297,120,108242,62903,1.7186856666566244,878,609,9739,15676,36260,28497,1041,3784,48481,36005,0,0,666,561,5636,4607,31548,17214,2961,0,0,23987,11628,60,711,0,0,0,0,0
836,11692,837.0692062028668,99579,1780,1271,297,120,108472,63044,1.7224113517910402,877,602,9776,15707,36235,28536,1033,3762,48482,36006,0,0,661,559,5604,4592,31595,17333,2951,0,0,23962,11559,58,705,0,0,0,0,0
837,11692,838.0446151057603,99578,1737,1248,298,120,108680,63212,1.726204583341702,901,579,9815,15752,36223,28559,1024,3740,48483,36007,0,0,655,554,5578,4590,31653,17450,2936,0,0,23920,11484,57,701,0,0,0,0,0
838,11692,839.0207159511995,99578,1714,1185,298,120,108917,63336,1.7298298821024725,873,574,9871,15820,36226,28584,1016,3715,48484,36008,0,0,650,547,5542,4583,31717,17571,2923,0,0,23881,11414,56,694,0,0,0,0,0
839,11692,840.1935883189436,99577,1678,1138,298,121,109183,63497,1.7341353927111682,843,581,9947,15895,36230,28581,1002,3682,48485,36009,1,1,637,541,5505,4562,31768,17719,2915,0,0,23849,11335,56,689,0,1,0,0,0
840,11692,841.1716865398424,99577,1642,1133,298,121,109378,63636,1.7374895809273225,827,550,10014,15945,36222,28587,995,3662,48486,36010,2,2,625,536,5475,4545,31809,17835,2914,0,0,23810,11286,55,686,0,1,0,0,0
841,11692,842.1506371508932,99576,1614,1130,299,121,109574,63778,1.7409014220294046,792,541,10073,15981,36236,28585,984,3640,48487,36011,3,3,620,527,5447,4554,31847,17928,2898,0,0,23801,11213,55,684,0,1,0,0,1
842,11692,843.1303540209902,99576,1581,1101,299,121,109787,63912,1.7443861974773038,751,536,10157,16027,36231,28594,979,3619,48488,36012,4,4,610,523,5428,4544,31853,18071,2886,0,0,23764,11160,55,679,0,2,0,0,1
843,11692,844.1109861835548,99576,1527,1088,299,121,109964,64044,1.747489354864626,752,537,10226,16066,36224,28596,970,3590,48489,36013,5,5,603,518,5403,4546,31863,18193,2870,0,0,23741,11106,55,674,0,3,0,0,1
844,11692,845.0928400423754,99576,1526,1074,299,121,110149,64184,1.7507531935406122,718,525,10314,16114,36181,28599,960,3565,48490,36014,6,6,601,512,5379,4533,31918,18286,2865,0,0,23709,11048,55,664,0,3,1,0,2
845,11692,846.0762357692372,99574,1472,1074,300,122,110321,64326,1.7539417920340652,719,505,10389,16165,36163,28585,955,3547,48491,36015,7,7,598,507,5344,4525,31972,18385,2852,0,0,23680,10991,55,659,0,3,1,0,2
846,11692,847.0609992916297,99573,1415,1036,301,122,110475,64441,1.7566609422232935,733,488,10476,16247,36129,28575,944,3530,48492,36016,8,8,592,503,5326,4513,32008,18489,2844,0,0,23656,10926,55,654,0,3,1,0,3
847,11692,848.0475944195312,99573,1398,1008,301,122,110668,64556,1.7597541502214455,679,486,10568,16315,36113,28564,939,3503,48493,36017,9,9,591,499,5303,4507,32052,18592,2826,0,0,23614,10877,55,650,0,3,1,0,3
848,11692,849.0355414601929,99572,1348,992,302,122,110840,64678,1.7627244606917607,664,468,10637,16366,36111,28561,936,3489,48494,36018,10,10,586,495,5284,4495,32084,18698,2817,0,0,23584,10822,54,645,0,4,1,0,3
849,11692,850.0244178614047,99572,1318,987,302,122,111010,64803,1.765687140963323,665,447,10696,16411,36084,28568,933,3463,48495,36019,11,11,579,492,5261,4494,32103,18801,2808,0,0,23552,10776,54,644,0,4,1,0,3
850,11692,851.0143848163983,99571,1299,942,302,123,111164,64905,1.7682759036265578,650,464,10755,16475,36059,28553,933,3441,48496,36020,12,12,574,487,5239,4484,32140,18888,2805,0,0,23539,10710,54,642,0,5,1,0,3
851,11692,852.0059069847013,99570,1282,903,302,124,111343,65006,1.7711057547454052,641,476,10836,16531,36013,28542,924,3422,48497,36021,14,14,572,482,5221,4471,32147,18998,2801,0,0,23527,10644,54,642,0,7,1,0,3
852,11692,853.1980927222463,99570,1263,888,302,124,111532,65157,1.7745204378828965,621,452,10928,16613,35969,28532,915,3389,48498,36022,16,16,563,479,5198,4460,32174,19115,2797,0,0,23492,10585,54,640,0,9,1,0,3
853,11692,854.1932855729765,99569,1219,891,302,125,111682,65273,1.7772097741264852,629,435,10999,16680,35942,28488,907,3379,48499,36023,19,18,555,474,5178,4453,32207,19201,2793,0,0,23461,10542,54,637,0,10,1,0,3
854,11692,855.1900115980585,99568,1199,871,302,126,111824,65375,1.7796782098666237,610,424,11089,16742,35896,28472,902,3363,48500,36024,23,21,553,472,5163,4440,32220,19293,2788,0,0,23441,10494,54,634,0,11,1,0,4
855,11692,856.1885212182505,99568,1169,861,302,126,111964,65482,1.782158926562751,607,418,11174,16817,35844,28438,902,3338,48501,36025,28,25,548,469,5142,4429,32270,19373,2781,0,0,23401,10452,54,630,0,12,2,0,5
856,11692,857.1889143459397,99568,1161,829,302,126,112124,65584,1.7847902940703841,551,404,11272,16903,35811,28415,901,3321,48502,36026,34,30,546,465,5116,4425,32305,19458,2772,0,0,23365,10408,54,628,0,17,2,0,7
857,11692,858.191256722051,99566,1136,814,304,126,112277,65697,1.7874977401924352,515,384,11363,16961,35780,28401,900,3312,48503,36027,42,36,545,462,5096,4410,32323,19559,2767,0,0,23334,10358,54,625,1,21,4,0,7
858,11692,859.1953982948564,99566,1097,781,304,126,112399,65782,1.78957676315208,521,367,11463,17046,35714,28377,899,3301,48504,36028,51,43,541,461,5074,4397,32342,19646,2761,0,0,23317,10311,54,622,2,25,4,0,9
859,11692,860.0008468888416,99566,1075,783,304,126,112494,65866,1.7913745656147682,542,352,11536,17116,35640,28321,901,3300,48505,36029,63,51,541,456,5057,4393,32349,19720,2754,0,0,23291,10279,54,622,2,29,5,0,14
860,11692,861.010293678347,99566,1084,764,304,126,112652,65962,1.7939256372657333,508,341,11629,17190,35565,28274,908,3303,48506,36030,77,61,537,453,5032,4392,32378,19795,2745,0,0,23262,10235,54,620,3,40,6,0,14
861,11692,862.0220665797465,99565,1050,737,305,126,112772,66052,1.796052829809672,522,340,11693,17234,35510,28259,918,3302,48507,36031,94,73,530,449,5006,4385,32413,19874,2738,0,0,23226,10195,53,616,3,48,8,0,21
862,11692,863.0359208072734,99565,1053,715,305,126,112912,66138,1.7983227037613618,507,332,11771,17279,35437,28241,925,3305,48508,36032,115,87,529,448,4984,4377,32427,19949,2727,0,0,23216,10143,53,612,3,57,10,0,30
863,11692,864.0518377058266,99565,989,718,305,126,113023,66238,1.8004419223622758,516,325,11838,17339,35418,28178,932,3312,48509,36033,140,103,526,446,4959,4367,32429,20049,2718,0,0,23184,10106,53,611,3,71,11,0,32
864,11692,865.06913680071,99565,1003,707,305,126,113166,66318,1.8026816652438107,500,315,11909,17411,35334,28110,947,3329,48510,36034,170,122,522,444,4943,4364,32418,20131,2708,0,0,23165,10065,53,609,4,88,16,0,35
865,11692,866.0892076447293,99565,973,690,305,126,113275,66394,1.8045397479033798,516,315,11993,17459,35250,28069,961,3339,48511,36035,206,143,518,443,4920,4350,32444,20212,2704,0,0,23130,10024,53,606,4,97,17,0,43
866,11692,867.1115989449705,99565,935,670,305,126,113397,66471,1.806538442223673,508,316,12065,17514,35205,28012,980,3360,48512,36036,248,168,514,441,4903,4351,32421,20320,2690,0,0,23107,9976,53,602,4,110,18,0,55
867,11692,868.1362732865115,99565,909,642,305,126,113504,66547,1.8083764375031386,498,303,12169,17574,35115,27959,1002,3394,48513,36037,297,196,512,439,4880,4348,32405,20419,2680,0,0,23081,9922,53,601,4,131,24,0,66
868,11692,869.1642534634198,99565,897,627,305,126,113624,66616,1.8102746949229147,483,302,12247,17629,35036,27882,1030,3432,48514,36038,354,228,510,437,4864,4344,32375,20528,2673,0,0,23035,9887,53,598,5,155,31,0,70
869,11692,870.1948472530842,99565,882,611,305,126,113744,66691,1.8122332144830011,469,287,12303,17685,34977,27814,1062,3475,48515,36039,420,265,510,435,4845,4335,32351,20638,2667,0,0,22983,9846,53,593,5,189,35,0,80
870,11692,871.0211131903575,99565,902,603,305,126,113852,66744,1.8138502485813288,441,291,12356,17715,34891,27729,1103,3534,48516,36040,496,307,508,432,4826,4329,32320,20727,2668,0,0,22922,9818,53,589,7,233,44,0,89
871,11692,872.0567949031845,99565,921,586,305,126,113978,66816,1.8158388992115704,423,304,12433,17764,34771,27617,1145,3601,48517,36041,583,354,507,431,4806,4326,32267,20855,2662,0,0,22874,9777,52,586,7,264,48,0,103
872,11692,873.0958727867787,99565,882,573,305,126,114067,66886,1.8174358459297946,420,302,12523,17792,34681,27526,1187,3679,48518,36042,682,407,506,429,4784,4321,32243,20969,2657,0,0,22799,9723,51,582,7,308,58,0,128
873,11692,874.1383178755735,99565,859,568,305,126,114176,66969,1.8193642344197258,427,300,12608,17830,34562,27407,1237,3767,48519,36043,794,466,505,429,4756,4321,32187,21108,2649,0,0,22729,9670,51,578,7,358,66,0,151
874,11692,875.1846104804723,99565,853,559,305,126,114278,67035,1.8210515743484157,413,301,12688,17852,34442,27285,1297,3875,48520,36044,921,532,502,427,4744,4322,32140,21227,2644,0,0,22636,9619,50,574,9,425,72,0,174
875,11692,876.0245118876834,99565,831,554,305,126,114363,67096,1.8225179530959674,413,286,12735,17879,34351,27166,1363,3987,48521,36045,1063,605,499,425,4726,4314,32079,21361,2643,0,0,22547,9577,50,573,9,482,78,0,202
876,11692,877.0780751586559,99564,816,522,306,126,114468,67158,1.8242135711703025,393,281,12810,17899,34238,27045,1435,4125,48522,36046,1222,686,498,424,4703,4306,32014,21507,2637,0,0,22463,9518,50,570,12,552,87,0,223
877,11692,878.1357126324311,99562,780,529,308,126,114570,67237,1.826068178622366,395,263,12884,17883,34115,26923,1516,4274,48523,36047,1399,775,498,422,4665,4294,31942,21659,2628,0,0,22369,9456,49,566,13,634,110,0,257
878,11692,879.1977106026312,99562,748,507,308,126,114673,67310,1.8278359213354494,374,256,12971,17895,33993,26775,1604,4439,48524,36048,1596,873,492,420,4636,4283,31870,21820,2625,0,0,22277,9377,49,564,15,712,127,0,295
879,11692,880.0506829649587,99562,749,504,308,126,114762,67367,1.8293023442678933,363,241,13007,17874,33874,26619,1697,4634,48525,36049,1814,980,490,418,4609,4279,31756,21986,2623,0,0,22171,9318,49,560,16,807,148,0,332
880,11692,881.1211772325436,99562,726,503,308,126,114865,67435,1.8310198670175368,359,234,13077,17871,33731,26442,1797,4822,48526,36050,2053,1097,489,417,4576,4276,31645,22169,2615,0,0,22054,9240,49,558,17,901,171,0,385
881,11692,882.1966066988374,99561,721,475,308,127,114967,67495,1.8326654011108767,349,252,13141,17838,33562,26259,1917,5047,48527,36051,2315,1224,487,414,4546,4270,31544,22350,2609,0,0,21924,9166,49,553,20,1002,189,0,438
882,11692,883.0610676207323,99561,711,461,308,127,115044,67544,1.8339309569007944,354,248,13153,17798,33423,26074,2049,5290,48528,36052,2601,1362,485,412,4514,4261,31427,22527,2606,0,0,21789,9094,49,550,23,1120,213,0,491
883,11692,884.1466505812813,99560,698,451,309,127,115154,67610,1.8357171554841303,333,224,13193,17812,33279,25827,2186,5557,48529,36053,2912,1511,483,410,4472,4248,31276,22753,2602,0,0,21626,9026,48,549,23,1267,244,0,533
884,11692,885.0191747643265,99559,678,448,310,127,115225,67657,1.8369208208198153,339,222,13219,17752,33117,25591,2335,5858,48530,36054,3249,1672,481,407,4437,4242,31132,22948,2596,0,0,21462,8945,48,547,25,1415,273,0,601
885,11692,886.1157035909248,99558,655,439,311,127,115315,67705,1.8383253982603105,334,231,13259,17682,32949,25343,2490,6176,48531,36055,3612,1845,477,405,4399,4237,30954,23187,2595,0,0,21276,8861,48,544,27,1582,295,0,671
886,11692,887.2183087843729,99558,650,450,311,127,115397,67777,1.8398722352799373,333,220,13327,17621,32725,25067,2652,6513,48532,36056,4002,2030,476,405,4357,4225,30809,23396,2596,0,0,21065,8769,48,536,35,1769,331,0,741
887,11692,888.1057299362543,99557,643,445,311,128,115478,67830,1.8412366784856917,308,213,13339,17525,32559,24812,2838,6875,48533,36057,4419,2228,475,405,4302,4221,30603,23650,2588,0,0,20893,8672,48,531,40,1934,376,0,819
888,11692,889.2220413281171,99556,630,438,311,129,115565,67889,1.8427216842781953,301,202,13409,17459,32312,24506,3035,7264,48534,36058,4863,2439,470,402,4250,4216,30387,23924,2589,0,0,20675,8587,48,527,43,2131,424,0,883
889,11692,890.1214093539836,99555,617,426,312,129,115634,67934,1.843885289538446,290,188,13411,17347,32126,24210,3242,7698,48535,36059,5334,2663,469,402,4203,4215,30177,24189,2581,0,0,20469,8481,47,516,53,2331,457,0,965
890,11692,891.0265612259481,99555,600,409,312,129,115696,67973,1.8448998041283713,297,194,13406,17259,31919,23866,3464,8141,48536,36060,5832,2900,466,399,4151,4216,29973,24446,2578,0,0,20209,8376,47,513,56,2568,504,0,1053
891,11692,892.1661077281888,99555,595,396,312,129,115779,68021,1.846215659685601,286,190,13453,17158,31651,23506,3701,8619,48537,36061,6356,3151,464,399,4089,4210,29716,24752,2572,0,0,19979,8275,47,509,60,2792,557,0,1134
892,11692,893.0850045442515,99555,567,385,312,129,115842,68060,1.8472402189744361,286,185,13468,17021,31428,23172,3937,9106,48538,36062,6905,3415,464,397,4033,4208,29446,25072,2564,0,0,19753,8147,47,502,64,3012,603,0,1243
893,11692,894.0108399520234,99555,565,387,312,129,115908,68103,1.8483350911556427,285,178,13473,16883,31166,22808,4197,9613,48539,36063,7478,3693,464,397,3976,4206,29196,25362,2560,0,0,19477,8031,46,494,72,3274,656,0,1344
894,11692,895.178317224098,99555,576,379,312,129,116000,68157,1.8498016171965246,260,172,13475,16740,30907,22444,4468,10134,48540,36064,8073,3984,462,394,3910,4204,28924,25683,2559,0,0,19210,7903,46,491,75,3528,711,0,1455
895,11692,896.1200799912714,99555,554,375,312,129,116070,68198,1.8509165787755513,250,165,13451,16582,30682,22067,4749,10680,48541,36065,8689,4288,462,392,3845,4202,28636,26025,2551,0,0,18917,7785,46,482,84,3806,765,0,1557
896,11692,897.0691946889174,99555,554,366,312,129,116143,68239,1.8520616744513083,229,162,13424,16406,30433,21688,5046,11247,48542,36066,9324,4604,459,392,3773,4203,28331,26375,2545,0,0,18639,7655,46,479,87,4073,827,0,1671
897,11692,898.0261081887805,99555,532,350,312,129,116201,68281,1.8530661443423233,225,160,13412,16222,30170,21320,5347,11817,48543,36067,9976,4933,458,391,3698,4200,28021,26733,2542,0,0,18355,7514,46,474,91,4349,891,0,1792
898,11692,899.2338124813499,99555,480,335,312,129,116263,68321,1.8540907036311587,241,153,13419,16067,29892,20912,5654,12402,48544,36068,10642,5274,455,385,3634,4200,27693,27125,2536,0,0,18086,7372,46,468,97,4608,939,0,1911
899,11692,900.2090912314129,99555,478,317,312,129,116305,68345,1.8547536537592286,257,174,13500,16122,29823,20898,5628,12358,48544,36068,10642,5274,452,384,3627,4196,27695,27152,2538,0,0,18084,7360,46,467,97,4608,939,0,1910
900,11692,900.2090912314129,99555,483,316,312,129,116321,68356,1.8550248606298025,265,167,13408,15890,29563,20514,5967,12982,48544,36068,11321,5626,451,384,3567,4197,27349,27509,2537,1,1,17788,7238,46,460,104,4895,997,1,2030
901,11692,901.1944776782002,99555,483,317,312,129,116384,68397,1.8560695093164583,262,174,13389,15696,29256,20100,6296,13582,48544,36068,12009,5988,450,382,3498,4201,27021,27871,2529,2,18,17481,7081,46,452,112,5181,1059,1,2170
902,11692,902.1901549305987,99555,492,303,312,129,116461,68421,1.8570840239063835,259,186,13345,15516,28958,19680,6632,14184,48544,36068,12705,6360,450,380,3431,4198,26666,28262,2525,2,29,17163,6933,46,441,121,5481,1119,3,2305
903,11692,903.1960106473531,99555,475,296,312,129,116517,68462,1.858058359700668,279,181,13303,15333,28651,19263,6978,14796,48544,36068,13406,6742,449,380,3363,4194,26291,28670,2521,3,42,16858,6800,46,429,132,5768,1181,8,2420
904,11692,904.2129671840737,99555,472,305,312,129,116588,68510,1.859253678870976,265,178,13262,15133,28344,18844,7343,15409,48544,36068,14109,7132,449,380,3303,4193,25925,29075,2513,3,60,16524,6659,44,422,139,6080,1235,11,2540
905,11692,905.2406814449763,99555,459,306,312,129,116651,68556,1.8603485510521822,262,168,13224,14942,28030,18440,7711,16013,48544,36068,14812,7529,448,379,3232,4197,25568,29468,2504,4,75,16182,6522,44,409,150,6402,1298,12,2661
906,11692,906.0194631634494,99555,476,301,312,129,116715,68591,1.861342976244287,265,154,13167,14722,27695,18074,8083,16618,48544,36068,15512,7933,447,379,3161,4199,25208,29857,2499,5,86,15824,6390,44,404,154,6742,1362,12,2782
907,11692,907.0712522170297,99555,485,307,312,129,116786,68641,1.8625583848124152,263,149,13132,14543,27359,17665,8447,17205,48544,36068,16208,8343,442,378,3089,4198,24841,30259,2495,10,96,15521,6255,44,399,159,7020,1430,14,2905
908,11692,908.1360416503462,99555,502,297,312,129,116866,68680,1.8637537039827232,252,147,13082,14366,27048,17263,8802,17796,48544,36068,16897,8757,439,378,3024,4189,24488,30650,2491,13,115,15196,6115,44,387,171,7322,1493,18,3022
909,11692,909.2132637494713,99555,482,294,312,129,116928,68724,1.864818442067199,253,145,13068,14197,26710,16881,9173,18352,48544,36068,17577,9175,438,377,2950,4179,24153,31038,2490,14,122,14866,5969,44,384,173,7620,1559,21,3158
910,11692,910.0302972826792,99555,486,291,312,129,116988,68760,1.8657827331625734,239,141,13031,14006,26382,16511,9548,18920,48544,36068,18246,9596,438,377,2894,4177,23817,31414,2484,14,125,14546,5822,44,377,179,7916,1608,23,3300
911,11692,911.1343348015301,99555,475,279,312,129,117052,68800,1.8668273818492291,244,137,13014,13864,26038,16114,9915,19475,48544,36068,18903,10018,438,376,2850,4174,23428,31840,2482,14,132,14222,5705,44,367,188,8214,1648,30,3403
912,11692,912.2528063996123,99555,450,252,312,129,117120,68820,1.8677113153533222,240,150,12975,13741,25731,15743,10290,19983,48544,36068,19546,10441,436,375,2794,4167,23079,32242,2476,16,139,13903,5573,44,362,191,8503,1697,35,3523
913,11692,913.1014391020317,99555,445,244,312,129,117169,68847,1.8684747124704937,232,139,12895,13591,25444,15388,10670,20507,48544,36068,20173,10864,436,375,2728,4168,22741,32609,2472,16,146,13596,5455,43,353,198,8793,1757,40,3629
914,11692,914.247711973343,99555,446,245,312,129,117234,68893,1.8695896740495204,245,133,12864,13464,25098,15045,11033,20982,48544,36068,20784,11286,436,375,2667,4163,22389,33000,2468,16,153,13313,5333,43,346,203,9052,1814,44,3740
915,11692,915.1178564600873,99555,444,248,312,129,117278,68927,1.870373160564512,242,126,12806,13286,24789,14713,11405,21496,48544,36068,21378,11706,436,374,2610,4157,22082,33337,2464,16,158,13015,5208,43,335,214,9335,1867,50,3854
916,11692,916.2943009249914,99555,446,253,312,129,117339,68969,1.8714077645522575,235,122,12823,13178,24424,14385,11758,21931,48544,36068,21954,12123,434,373,2554,4160,21735,33714,2459,18,160,12736,5100,43,329,220,9593,1917,58,3952
917,11692,917.1883360756854,99555,447,254,312,129,117391,68993,1.872171161669429,220,124,12779,13020,24119,14075,12121,22396,48544,36068,22511,12536,434,373,2499,4160,21419,34051,2454,18,166,12460,4988,43,323,225,9857,1969,62,4054
918,11692,918.0940045887758,99555,423,257,312,129,117436,69027,1.8729646928833308,226,112,12749,12884,23823,13784,12465,22832,48544,36068,23049,12945,431,372,2439,4159,21118,34391,2449,21,168,12182,4870,43,317,231,10112,2020,66,4166
919,11692,919.0111428092966,99554,411,257,313,129,117483,69057,1.8737569560238665,224,113,12690,12798,23537,13473,12823,23228,48544,36068,23568,13349,431,372,2388,4156,20807,34738,2446,21,173,11902,4781,42,310,238,10368,2065,69,4247
920,11692,920.2505780487991,99554,409,249,313,129,117563,69091,1.8749020632018805,208,119,12671,12729,23253,13191,13144,23581,48544,36068,24068,13747,430,372,2349,4151,20472,35114,2440,22,178,11660,4688,42,303,244,10583,2102,80,4324
921,11692,921.1905126981961,99554,401,244,313,129,117620,69117,1.875735781585873,196,119,12645,12615,22971,12933,13472,23958,48544,36068,24548,14138,430,372,2303,4144,20181,35439,2438,22,180,11411,4588,42,294,253,10810,2145,86,4416
922,11692,922.1424671263151,99554,399,231,313,129,117665,69145,1.8764690519717941,205,110,12601,12529,22688,12689,13792,24310,48544,36068,25009,14522,429,369,2264,4145,19921,35735,2432,23,185,11165,4485,42,289,258,11033,2179,95,4505
923,11692,923.1064854523077,99554,390,221,313,129,117712,69167,1.8771621431584868,207,112,12563,12439,22407,12461,14118,24636,48544,36068,25451,14899,428,368,2222,4145,19633,36049,2428,24,188,10956,4389,42,282,265,11225,2217,100,4593
924,11692,924.0827755591536,99554,384,221,313,129,117751,69198,1.8778652791449866,216,100,12540,12349,22123,12253,14422,24946,48544,36068,25874,15268,428,367,2170,4145,19351,36364,2425,24,186,10742,4305,42,277,269,11414,2266,109,4670
925,11692,925.0716121011692,99554,372,223,313,129,117799,69226,1.8786286839303292,227,102,12548,12273,21825,12022,14713,25249,48544,36068,26279,15629,426,367,2134,4140,19098,36647,2419,26,190,10545,4225,42,274,272,11596,2298,112,4743
926,11692,926.0734748825809,99554,369,218,313,129,117863,69253,1.879542760712779,203,109,12551,12204,21570,11815,14992,25523,48544,36068,26666,15982,426,366,2099,4140,18852,36925,2413,26,195,10336,4142,41,269,277,11783,2331,118,4815
927,11692,927.0880149185143,99553,367,216,313,130,117920,69283,1.880435546894619,193,116,12560,12145,21300,11615,15265,25776,48544,36068,27035,16326,425,364,2067,4134,18625,37187,2411,27,199,10130,4072,41,262,282,11969,2359,125,4874
928,11692,928.1152659449573,99553,372,222,313,130,117965,69321,1.88126927365323,197,102,12530,12135,21061,11400,15525,26009,48544,36068,27387,16661,424,364,2038,4132,18382,37455,2409,28,195,9952,3997,41,259,285,12131,2383,136,4942
929,11692,929.1546042123489,99553,372,209,313,130,118026,69341,1.8820829106104286,199,106,12511,12107,20817,11203,15786,26243,48544,36068,27723,16987,421,364,2003,4126,18160,37707,2408,31,195,9770,3931,40,254,290,12293,2416,146,4998
930,11692,930.206175206737,99553,366,210,313,130,118079,69366,1.8828664128655088,199,109,12523,12103,20565,11016,16032,26430,48544,36068,28043,17304,421,364,1970,4127,17916,37968,2403,31,196,9612,3852,40,251,293,12438,2449,156,5066
931,11692,931.2705735904326,99553,354,207,313,130,118128,69392,1.8836197804184707,203,104,12517,12092,20346,10852,16265,26613,48544,36068,28348,17612,419,364,1938,4124,17713,38201,2397,33,202,9445,3787,40,246,298,12588,2478,163,5117
932,11692,932.3468163291545,99553,349,207,313,130,118186,69418,1.8844635520777877,187,102,12538,12077,20121,10683,16490,26799,48544,36068,28638,17911,418,363,1906,4124,17487,38453,2392,34,209,9311,3723,40,242,301,12707,2506,170,5167
933,11692,933.0708349139564,99553,348,212,313,130,118217,69442,1.8850160216166263,186,92,12505,12046,19927,10532,16719,26986,48544,36068,28914,18200,417,363,1873,4122,17287,38671,2391,35,206,9187,3657,40,240,302,12820,2536,178,5228
934,11692,934.1701840669429,99553,345,212,313,130,118271,69470,1.8858397034745311,173,90,12526,12048,19720,10386,16921,27132,48544,36068,29176,18480,417,362,1846,4121,17101,38884,2386,35,213,9041,3601,40,237,305,12951,2559,182,5272
935,11692,935.2814262851042,99553,343,183,313,130,118309,69492,1.8864423975169005,182,90,12556,12037,19491,10282,17113,27276,48544,36068,29425,18751,415,362,1818,4121,16951,39070,2381,37,218,8887,3536,40,235,307,13079,2582,190,5324
936,11692,936.0295566534741,99553,335,181,313,130,118339,69512,1.8869446425522083,175,86,12540,12030,19310,10152,17325,27419,48544,36068,29662,19013,415,362,1795,4115,16781,39265,2379,37,222,8772,3486,40,232,309,13182,2601,194,5366
937,11692,937.1648293367319,99553,322,180,313,130,118384,69536,1.8876377407009333,176,84,12563,12089,19110,10012,17514,27503,48544,36068,29887,19266,414,362,1769,4109,16606,39470,2377,38,224,8653,3437,40,230,310,13285,2622,199,5408
938,11692,938.3122792245994,99553,333,181,313,130,118442,69559,1.8884513776581318,161,86,12613,12128,18889,9897,17689,27576,48544,36068,30101,19511,414,359,1742,4102,16470,39627,2376,38,226,8533,3391,40,222,318,13398,2646,204,5447
939,11692,939.0846216297191,99552,334,173,314,130,118470,69571,1.8888721472195436,156,84,12600,12126,18725,9792,17869,27693,48544,36068,30304,19747,414,359,1715,4100,16313,39803,2375,38,225,8433,3343,40,221,319,13487,2669,210,5488
940,11692,940.2559170326357,99552,342,169,314,130,118522,69597,1.8896556573449053,146,90,12661,12197,18537,9670,17998,27742,48544,36068,30497,19975,414,359,1690,4102,16181,39963,2368,38,227,8330,3301,40,221,319,13572,2689,215,5523
941,11692,941.0430544267053,99552,319,167,314,130,118543,69613,1.8900273224043715,156,89,12664,12193,18397,9584,18148,27835,48544,36068,30680,20195,414,359,1666,4106,16033,40123,2361,38,232,8236,3250,40,217,323,13659,2711,218,5566
942,11692,942.2358456161633,99552,312,173,314,130,118603,69645,1.8909514625522341,137,81,12730,12266,18233,9470,18272,27878,48544,36068,30854,20407,414,358,1652,4104,15905,40283,2356,38,234,8120,3220,40,212,326,13757,2721,223,5589
943,11692,943.0360344265667,99552,302,161,314,130,118630,69655,1.8913231276117004,142,81,12731,12282,18087,9385,18422,27959,48544,36068,31019,20611,414,358,1636,4098,15779,40431,2355,38,239,8033,3180,40,210,327,13835,2732,230,5617
944,11692,944.2348561490106,99552,308,166,314,130,118679,69677,1.8920363227258117,123,86,12790,12351,17927,9292,18536,27973,48544,36068,31175,20807,414,357,1613,4098,15678,40552,2351,38,240,7945,3140,39,209,327,13912,2753,237,5649
945,11692,945.0298961343422,99552,294,156,314,130,118698,69691,1.8923678077788493,124,85,12814,12381,17789,9210,18663,28036,48544,36068,31324,20996,414,357,1589,4095,15563,40689,2350,38,240,7866,3115,39,207,329,13977,2773,246,5665
946,11692,946.2129738017699,99552,292,167,314,130,118736,69720,1.8930408228865316,126,86,12858,12467,17637,9116,18771,28032,48544,36068,31465,21178,414,357,1571,4093,15460,40816,2349,38,241,7780,3083,39,206,330,14046,2788,247,5694
947,11692,947.3890917880613,99552,275,166,314,130,118771,69741,1.8936033429765349,140,96,12906,12560,17494,9020,18869,28026,48544,36068,31599,21353,413,357,1557,4085,15360,40954,2347,39,241,7690,3059,39,204,332,14110,2800,252,5713
948,11692,948.1697116676709,99552,258,163,314,130,118793,69759,1.894005143040823,137,91,12901,12574,17402,8969,18986,28071,48544,36068,31726,21521,413,357,1539,4083,15261,41069,2346,39,238,7625,3026,39,201,334,14166,2816,258,5742
949,11692,949.3325390866261,99552,262,171,314,130,118839,69785,1.8947283831565414,131,81,12990,12660,17245,8884,19056,28072,48544,36068,31847,21683,413,356,1527,4084,15173,41174,2341,39,241,7551,2995,39,200,335,14229,2827,262,5766
950,11692,950.1052508102633,99552,260,174,314,130,118865,69799,1.8951301832208294,135,83,12991,12688,17137,8822,19161,28101,48544,36068,31962,21838,413,356,1507,4083,15076,41280,2340,39,243,7491,2960,39,199,336,14283,2846,265,5796
951,11692,951.2573815417453,99552,260,168,314,130,118907,69827,1.8958333333333333,133,71,13061,12780,17015,8768,19215,28081,48544,36068,32071,21987,413,356,1488,4081,14997,41393,2338,39,245,7415,2936,39,199,335,14333,2862,270,5813
952,11692,952.0234901207862,99552,269,168,314,130,118940,69847,1.896365718418515,121,72,13095,12803,16909,8720,19290,28105,48544,36068,32174,22130,412,356,1474,4081,14923,41481,2336,40,245,7358,2912,39,197,337,14379,2875,275,5832
953,11692,953.1673801732466,99552,260,157,314,130,118980,69858,1.8968780135004821,112,82,13160,12901,16804,8654,19348,28074,48544,36068,32272,22268,412,356,1459,4078,14856,41574,2332,40,243,7287,2892,39,197,337,14435,2886,285,5844
954,11692,954.3082928941141,99552,240,160,314,130,119007,69882,1.8973903085824493,123,87,13244,12981,16692,8587,19385,28053,48544,36068,32365,22400,410,355,1446,4076,14768,41682,2327,42,243,7240,2879,39,195,339,14473,2896,291,5851
955,11692,955.0675236721335,99552,241,163,314,130,119034,69900,1.8978423336547734,120,92,13271,13023,16597,8534,19455,28056,48544,36068,32454,22527,410,355,1436,4073,14703,41760,2324,42,243,7189,2860,39,193,341,14518,2905,298,5863
956,11692,956.2022023951074,99552,228,157,314,130,119064,69921,1.8983546287367405,115,89,13349,13134,16508,8468,19484,28020,48544,36068,32538,22649,410,354,1428,4070,14640,41847,2320,42,245,7135,2835,39,192,342,14562,2907,305,5879
957,11692,957.3351509236575,99552,228,151,314,130,119099,69939,1.8988870138219223,125,86,13420,13244,16402,8416,19509,27971,48544,36068,32618,22766,410,354,1424,4068,14571,41932,2317,42,245,7078,2819,39,190,344,14610,2909,310,5890
958,11692,958.0895146813448,99552,223,141,314,130,119122,69948,1.8992084538733527,122,87,13440,13298,16329,8376,19570,27966,48544,36068,32694,22879,410,354,1417,4062,14523,42002,2316,41,247,7031,2798,39,189,345,14643,2916,313,5906
959,11692,959.2173859845051,99552,218,146,314,130,119150,69972,1.899730793956927,121,84,13523,13374,16233,8334,19589,27930,48544,36068,32767,22987,410,352,1409,4061,14470,42076,2314,41,252,6987,2779,39,187,347,14673,2922,316,5917
960,11692,960.3441558725235,99552,216,153,314,130,119187,69997,1.9003535840565735,117,78,13598,13456,16148,8302,19605,27879,48544,36068,32836,23091,410,352,1401,4062,14406,42156,2309,41,256,6934,2766,39,186,348,14715,2929,320,5922
961,11692,961.09478850396,99552,218,148,314,130,119211,70009,1.9007152041144326,116,79,13625,13506,16074,8262,19651,27873,48544,36068,32902,23191,410,352,1394,4061,14335,42241,2308,41,254,6908,2751,39,186,348,14731,2934,325,5934
962,11692,962.2180401965613,99552,210,137,314,130,119243,70029,1.9012375441980072,110,74,13736,13584,15980,8233,19648,27840,48544,36068,32965,23287,409,352,1383,4062,14289,42310,2303,42,255,6867,2737,39,185,348,14756,2943,333,5939
963,11692,963.3412562959477,99552,221,136,314,130,119282,70049,1.901830199292832,105,71,13820,13673,15867,8191,19671,27797,48544,36068,33025,23379,409,351,1376,4060,14234,42382,2302,42,255,6821,2727,39,185,346,14794,2947,336,5946
964,11692,964.0893666733172,99552,213,130,314,130,119299,70062,1.902131549341048,104,70,13872,13730,15791,8166,19704,27772,48544,36068,33082,23467,408,351,1367,4058,14183,42449,2301,43,253,6776,2719,39,184,346,14829,2955,339,5952
965,11692,965.2096923969764,99552,201,116,314,130,119329,70078,1.902593619414979,105,70,13968,13819,15702,8153,19708,27710,48544,36068,33136,23552,408,350,1358,4059,14140,42517,2293,43,256,6744,2705,39,183,347,14849,2959,345,5957
966,11692,966.3298304994995,99552,198,115,314,130,119370,70095,1.9031762295081966,90,70,14039,13941,15644,8104,19713,27638,48544,36068,33188,23634,407,349,1351,4061,14102,42578,2288,44,257,6700,2694,39,183,347,14879,2961,350,5962
967,11692,967.0766234420065,99552,195,110,314,130,119389,70104,1.9034574895531984,83,66,14093,13996,15581,8075,19732,27621,48544,36068,33237,23712,407,349,1348,4061,14048,42644,2286,44,258,6666,2683,39,181,349,14903,2964,356,5966
968,11692,968.1956156179928,99552,178,106,314,130,119406,70118,1.9037688846030216,85,61,14180,14108,15495,8036,19746,27557,48544,36068,33284,23787,405,349,1340,4058,14019,42695,2283,46,259,6636,2668,39,178,351,14923,2967,359,5977
969,11692,969.3141921607288,99552,172,98,314,130,119432,70130,1.904150594664095,81,59,14263,14236,15426,7999,19742,27476,48544,36068,33329,23859,405,348,1333,4058,13969,42757,2279,46,261,6609,2662,39,178,351,14943,2974,364,5976
970,11692,970.0600524959101,99552,173,97,314,130,119446,70138,1.9043715846994536,78,63,14301,14298,15366,7973,19766,27437,48544,36068,33372,23929,405,348,1326,4056,13934,42798,2279,46,262,6578,2649,39,176,353,14970,2981,365,5987
971,11692,971.177489804697,99552,165,98,314,130,119467,70153,1.9047332047573127,84,63,14403,14397,15294,7932,19738,27378,48544,36068,33413,23996,405,348,1320,4055,13900,42845,2276,46,262,6554,2641,39,176,353,14987,2985,371,5989
972,11692,972.2961264656863,99552,159,103,314,130,119495,70170,1.9051852298296368,76,61,14465,14506,15240,7896,19744,27302,48544,36068,33452,24060,405,347,1315,4055,13869,42889,2272,46,261,6523,2636,39,175,354,15013,2987,374,5992
973,11692,973.0419794121437,99552,163,98,314,130,119517,70183,1.9055368048858887,66,53,14531,14559,15174,7880,19750,27278,48544,36068,33489,24122,405,347,1309,4060,13834,42931,2267,46,267,6496,2625,39,175,354,15034,2992,380,5991
974,11692,974.1604239419905,99552,155,99,314,130,119534,70201,1.9058883799421409,68,49,14629,14662,15103,7856,19729,27202,48544,36068,33525,24181,405,347,1303,4059,13800,42981,2264,46,268,6470,2616,39,175,354,15051,2997,381,5996
975,11692,975.2801996332719,99551,139,108,315,130,119548,70220,1.9062390131691294,77,51,14739,14757,15032,7815,19696,27137,48544,36068,33559,24238,404,347,1297,4058,13767,43022,2262,47,265,6452,2614,39,175,354,15064,3002,384,5998
976,11692,976.0279181858319,99551,138,103,315,130,119560,70230,1.9064600054243555,77,45,14794,14819,14979,7799,19695,27102,48544,36068,33591,24293,404,347,1292,4057,13746,43053,2261,47,265,6430,2605,38,175,354,15082,3004,389,6002
977,11692,977.149808026065,99551,141,82,315,130,119586,70234,1.9067613584996634,74,57,14905,14941,14902,7773,19661,27015,48544,36068,33622,24346,404,346,1284,4057,13724,43091,2261,47,267,6399,2596,38,175,354,15101,3009,394,6004
978,11692,978.2733957324996,99551,142,79,315,130,119607,70244,1.9070727566774819,74,61,15000,15031,14830,7747,19637,26950,48544,36068,33652,24397,404,345,1281,4055,13693,43131,2259,47,268,6378,2589,38,175,354,15119,3011,399,6005
979,11692,979.02320452736,99551,141,81,315,130,119620,70255,1.9073138391377285,72,57,15061,15095,14777,7713,19632,26922,48544,36068,33680,24446,404,345,1280,4053,13662,43170,2258,47,269,6359,2582,38,175,354,15133,3012,401,6009
980,11692,980.1487767236076,99550,149,83,315,131,119647,70264,1.9076946258161729,64,56,15211,15195,14678,7679,19581,26854,48544,36068,33707,24493,404,345,1276,4054,13623,43211,2255,47,271,6346,2575,38,175,354,15145,3016,402,6013
981,11692,981.2771172661564,99550,143,85,315,131,119664,70283,1.908056253139126,63,49,15302,15318,14631,7649,19544,26766,48544,36068,33733,24538,404,345,1272,4052,13602,43246,2253,47,271,6324,2571,38,174,354,15158,3020,406,6013
982,11692,982.0304558898475,99550,139,86,315,131,119676,70292,1.908267202410849,60,44,15366,15379,14569,7631,19549,26727,48544,36068,33758,24582,404,345,1265,4052,13573,43278,2253,47,274,6312,2566,38,174,354,15168,3026,408,6013
983,11692,983.1606471413853,99550,131,84,315,131,119692,70302,1.9085283776996484,57,43,15474,15496,14499,7602,19522,26642,48544,36068,33782,24624,404,345,1263,4053,13549,43312,2251,47,272,6296,2564,38,174,354,15176,3027,414,6011
984,11692,984.2923915392611,99549,125,82,316,131,119706,70315,1.9088187726647179,53,41,15550,15621,14454,7570,19500,26553,48544,36068,33805,24664,404,345,1256,4052,13526,43351,2249,47,272,6285,2559,38,174,354,15175,3032,417,6013
985,11692,985.0476447782235,99549,120,80,316,131,119716,70321,1.9089794975338779,47,44,15628,15698,14407,7546,19480,26499,48544,36068,33827,24703,404,344,1253,4051,13505,43384,2248,47,273,6268,2554,38,174,354,15185,3033,418,6016
986,11692,986.1823000854699,99549,123,88,316,131,119734,70338,1.909331083185165,62,38,15740,15810,14330,7517,19427,26414,48544,36068,33848,24741,404,344,1248,4051,13484,43411,2247,47,275,6253,2548,38,173,354,15197,3037,422,6016
987,11692,987.3198007712098,99549,123,85,316,131,119752,70352,1.909652532923485,65,31,15855,15911,14254,7498,19385,26342,48544,36068,33868,24777,404,344,1247,4052,13464,43445,2244,47,277,6243,2541,38,173,354,15196,3037,423,6020
988,11692,988.0794793073563,99549,113,82,316,131,119757,70356,1.9097429406623874,77,31,15899,16000,14225,7468,19368,26286,48544,36068,33887,24812,403,344,1244,4049,13446,43473,2243,48,278,6226,2538,38,173,353,15208,3040,424,6021
989,11692,989.2205518896108,99549,114,73,316,131,119779,70361,1.9100141638790946,72,33,16036,16122,14155,7436,19305,26203,48544,36068,33906,24846,402,344,1243,4048,13425,43504,2242,49,278,6213,2536,38,173,353,15214,3040,425,6022
990,11692,990.3650702655591,99549,113,75,316,131,119798,70372,1.9103155230087696,65,42,16127,16223,14110,7402,19267,26125,48544,36068,33924,24878,402,344,1242,4043,13405,43532,2242,49,281,6200,2529,38,172,353,15226,3040,428,6023
991,11692,991.1294716876849,99549,114,76,316,131,119807,70378,1.910466202573607,68,44,16203,16298,14064,7377,19233,26072,48544,36068,33941,24909,401,344,1241,4043,13393,43550,2241,50,282,6190,2521,38,172,353,15231,3041,429,6029
992,11692,992.2782744351404,99549,112,72,316,131,119819,70386,1.9106671086600568,70,38,16317,16424,14007,7354,19176,25979,48544,36068,33957,24939,401,344,1237,4042,13382,43571,2241,50,282,6171,2518,38,172,353,15243,3043,431,6030
993,11692,993.0461106634923,99549,108,76,316,131,119827,70398,1.9108680147465067,75,35,16386,16501,13966,7331,19147,25924,48544,36068,33973,24968,401,344,1235,4043,13361,43598,2240,50,280,6159,2513,38,172,353,15250,3044,433,6035
994,11692,994.2000934397166,99549,121,72,316,131,119855,70407,1.911239691006439,66,34,16486,16624,13916,7303,19093,25834,48544,36068,33988,24996,399,344,1234,4045,13339,43626,2238,52,282,6152,2508,38,172,353,15252,3045,436,6034
995,11692,995.357252436349,99549,119,71,316,131,119877,70415,1.9115410501361139,58,32,16569,16745,13871,7273,19065,25746,48544,36068,34003,25023,399,343,1230,4043,13328,43649,2235,52,282,6141,2503,38,172,353,15258,3048,438,6037
996,11692,996.129851525707,99549,123,69,316,131,119889,70421,1.9117218656139188,52,33,16636,16835,13825,7258,19046,25672,48544,36068,34017,25049,399,343,1226,4042,13316,43668,2235,52,282,6130,2502,38,172,353,15266,3049,441,6035
997,11692,997.290431222827,99549,112,73,316,131,119905,70435,1.9120232247435935,59,31,16739,16936,13779,7242,18993,25585,48544,36068,34030,25074,399,343,1224,4043,13303,43693,2232,52,285,6121,2492,38,172,353,15267,3049,442,6041
998,11692,998.0658975925701,99549,113,67,316,131,119914,70440,1.9121638590041086,65,28,16807,16997,13729,7237,18968,25538,48544,36068,34043,25098,399,343,1220,4042,13292,43710,2232,52,287,6115,2488,38,172,353,15268,3053,446,6039
999,11692,999.2311879101926,99548,112,60,316,132,119929,70446,1.912394020974806,66,33,16934,17100,13666,7221,18904,25452,48544,36068,34055,25121,399,343,1218,4045,13279,43733,2228,52,289,6105,2481,38,172,353,15271,3053,447,6042
1000,11692,1000.0101582719749,99548,113,59,316,132,119942,70452,1.9125848836742074,63,32,16990,17183,13628,7207,18888,25385,48544,36068,34067,25144,398,343,1218,4042,13263,43754,2228,53,289,6100,2478,38,172,353,15274,3053,452,6040
1001,11692,1001.1802635375119,99548,124,58,316,132,119969,70462,1.9129565636677783,55,34,17111,17297,13567,7181,18825,25296,48544,36068,34079,25166,398,343,1216,4044,13253,43772,2224,53,291,6093,2473,38,172,353,15275,3055,454,6041
1002,11692,1002.3539485004942,99548,114,59,316,132,119981,70473,1.9131876079881063,60,32,17219,17421,13511,7148,18778,25206,48544,36068,34090,25187,398,343,1213,4044,13243,43791,2221,53,291,6088,2471,38,172,352,15276,3058,458,6038
1003,11692,1003.1381177779693,99548,120,61,316,132,119997,70478,1.9133985614979707,53,37,17289,17494,13480,7127,18740,25147,48544,36068,34101,25207,398,343,1212,4045,13235,43803,2220,53,291,6080,2467,38,172,352,15281,3058,459,6041
1004,11692,1004.3170293439367,99548,111,66,316,132,120009,70493,1.9136697874392252,56,33,17419,17602,13413,7108,18683,25057,48544,36068,34111,25227,398,343,1211,4045,13227,43823,2217,53,290,6072,2464,38,172,352,15282,3057,464,6040
1005,11692,1005.1051093332403,99548,111,68,316,132,120020,70498,1.9138305139229317,50,32,17487,17673,13386,7088,18648,25005,48544,36068,34121,25246,398,343,1208,4044,13210,43844,2217,53,292,6068,2462,38,171,353,15285,3058,465,6039
1006,11692,1006.2901882820164,99548,118,70,316,132,120040,70505,1.9141017398641862,47,32,17598,17789,13333,7063,18586,24912,48544,36068,34131,25264,398,343,1207,4041,13198,43860,2217,53,293,6065,2460,38,171,353,15287,3059,467,6038
1007,11692,1007.082420125744,99548,122,67,316,132,120052,70511,1.9142825571583557,46,33,17658,17867,13303,7049,18553,24850,48544,36068,34140,25282,398,343,1207,4038,13195,43870,2217,53,294,6056,2458,38,171,353,15292,3059,470,6036
1008,11692,1008.2734373962435,99548,108,68,316,132,120066,70521,1.9145236468839153,48,36,17785,17990,13254,7018,18487,24754,48544,36068,34149,25299,397,343,1206,4038,13190,43888,2214,54,296,6045,2451,38,171,352,15296,3058,474,6037
1009,11692,1009.069954170455,99548,107,65,316,132,120081,70528,1.9147446457990116,46,33,17864,18075,13220,7000,18445,24693,48544,36068,34158,25316,397,343,1206,4038,13183,43901,2213,54,299,6034,2447,38,171,352,15302,3058,476,6036
1010,11692,1010.2680056563073,99548,101,57,316,132,120093,70537,1.914955599308876,53,35,17977,18186,13162,6988,18389,24600,48544,36068,34166,25332,396,343,1206,4037,13168,43923,2213,55,302,6028,2442,38,170,353,15302,3058,479,6035
1011,11692,1011.0688952031538,99548,95,58,316,132,120101,70542,1.9150861895768876,56,35,18045,18262,13130,6968,18356,24543,48544,36068,34174,25348,395,343,1205,4036,13154,43944,2213,56,302,6024,2439,38,170,353,15301,3058,479,6038
1012,11692,1012.2729737435385,99548,95,52,316,132,120118,70547,1.9153071884919837,57,36,18148,18385,13077,6945,18305,24448,48544,36068,34182,25363,395,343,1202,4033,13142,43963,2213,56,304,6017,2436,38,170,353,15305,3060,481,6037
1013,11692,1013.0775063380916,99548,90,53,316,132,120125,70557,1.9154779603809218,57,31,18218,18460,13045,6935,18272,24387,48544,36068,34189,25378,395,343,1201,4033,13137,43978,2213,56,303,6011,2431,38,170,353,15302,3060,483,6041
1014,11692,1014.2872107616622,99548,94,48,316,132,120145,70564,1.9157491863221763,45,35,18314,18565,13007,6913,18222,24305,48544,36068,34196,25392,394,343,1201,4029,13133,43993,2213,57,306,6003,2426,38,169,354,15303,3060,486,6040
1015,11692,1015.0924135178865,99548,95,49,316,132,120157,70571,1.9159400490215774,42,35,18388,18649,12975,6890,18182,24243,48544,36068,34203,25406,393,343,1201,4028,13127,44005,2213,58,308,5993,2423,38,169,354,15308,3060,486,6041
1016,11692,1016.2941944508674,99548,93,50,316,132,120169,70585,1.9162012295576003,41,32,18493,18778,12929,6862,18126,24144,48544,36068,34210,25419,393,343,1200,4024,13132,44015,2212,58,307,5985,2423,38,169,354,15309,3059,486,6041
1017,11692,1017.091630426618,99548,93,46,316,132,120178,70588,1.9163217744203802,46,33,18559,18863,12889,6845,18095,24079,48544,36068,34217,25432,393,343,1200,4023,13130,44025,2211,58,307,5973,2422,38,167,355,15317,3058,486,6042
1018,11692,1018.2823041121801,99548,98,51,316,132,120195,70597,1.9165829549564029,44,31,18666,18986,12833,6817,18041,23981,48544,36068,34223,25445,393,343,1200,4022,13118,44041,2211,58,307,5968,2421,38,167,355,15319,3058,486,6043
1019,11692,1019.0723166319618,99548,98,53,316,132,120204,70604,1.9167436814401093,48,28,18740,19058,12792,6802,18004,23925,48544,36068,34229,25457,393,342,1199,4022,13111,44054,2211,58,308,5961,2420,38,167,355,15321,3059,488,6041
1020,11692,1020.251231073705,99548,96,51,316,132,120220,70609,1.916954634949974,44,30,18852,19175,12760,6784,17930,23826,48544,36068,34235,25469,393,342,1199,4023,13110,44063,2208,58,309,5956,2414,38,167,355,15320,3059,492,6042
1021,11692,1021.0333321281216,99548,102,52,316,132,120234,70615,1.9171555430546068,40,26,18912,19273,12732,6761,17896,23754,48544,36068,34241,25480,393,342,1198,4021,13109,44070,2208,58,309,5948,2413,38,166,355,15325,3060,495,6040
1022,11692,1022.2015328019108,99548,97,52,316,132,120245,70626,1.917376541969703,41,25,19025,19381,12676,6739,17843,23669,48544,36068,34247,25491,393,342,1194,4020,13107,44084,2207,58,309,5940,2412,38,166,355,15325,3062,498,6038
1023,11692,1023.3628064369613,99548,99,54,316,132,120257,70635,1.9175874954795677,41,19,19107,19466,12641,6716,17794,23611,48544,36068,34252,25502,393,342,1192,4020,13102,44093,2206,58,310,5936,2411,38,166,355,15327,3063,499,6037
1024,11692,1024.109112141101,99548,90,49,316,132,120263,70639,1.9176879495318842,43,18,19155,19518,12628,6714,17766,23567,48544,36068,34257,25512,392,342,1191,4019,13096,44104,2206,59,311,5930,2409,37,166,355,15330,3064,500,6037
1025,11692,1025.373326835264,99548,85,45,316,132,120279,70649,1.917949130067907,45,21,19311,19671,12562,6696,17679,23433,48544,36068,34262,25522,391,342,1186,4016,13094,44123,2205,60,311,5927,2406,37,166,354,15324,3066,501,6039
1026,11692,1026.1369444246288,99548,88,51,316,132,120285,70656,1.9180797203359183,41,16,19355,19709,12536,6680,17662,23410,48544,36068,34267,25532,391,342,1184,4016,13087,44130,2205,60,311,5925,2406,37,166,354,15326,3068,501,6039
1027,11692,1027.023312621186,99547,87,44,317,132,120302,70659,1.9182998985403878,36,21,19472,19838,12487,6659,17599,23304,48544,36068,34272,25542,391,341,1183,4013,13079,44146,2204,60,312,5924,2404,37,166,354,15324,3068,504,6037
1028,11692,1028.2519875693972,99547,86,39,317,132,120314,70665,1.9184807176509588,33,19,19558,19942,12457,6653,17547,23213,48544,36068,34277,25551,391,341,1182,4011,13078,44159,2204,60,315,5915,2401,37,166,354,15325,3067,506,6035
1029,11692,1029.0543408450192,99547,80,39,317,132,120318,70669,1.9185610817001015,39,17,19633,20039,12421,6635,17508,23136,48544,36068,34281,25560,391,341,1181,4009,13078,44166,2203,60,315,5908,2399,37,166,354,15329,3067,506,6037
1030,11692,1030.3610967293241,99547,76,40,317,132,120332,70675,1.918761991822958,35,19,19758,20170,12372,6602,17440,23035,48544,36068,34285,25569,391,341,1181,4010,13073,44178,2201,60,316,5899,2398,37,166,354,15333,3066,506,6037
1031,11692,1031.3516216589267,99547,74,40,317,132,120342,70678,1.9188925834028148,35,21,19867,20292,12331,6570,17374,22943,48544,36068,34289,25577,391,341,1181,4010,13067,44189,2199,60,316,5895,2398,37,166,353,15335,3066,507,6036
1032,11692,1032.0941646706594,99547,70,43,317,132,120346,70684,1.918993038464243,33,17,19906,20335,12313,6560,17359,22911,48544,36068,34293,25585,391,341,1179,4009,13066,44194,2199,60,315,5893,2397,37,166,353,15335,3067,509,6036
1033,11692,1033.127628362315,99547,74,45,317,132,120358,70689,1.9191638120686711,32,14,19975,20432,12287,6540,17313,22835,48544,36068,34297,25593,391,341,1179,4008,13063,44201,2199,60,316,5889,2396,37,166,353,15337,3067,508,6036
1034,11692,1034.0139191212893,99547,67,42,317,132,120363,70692,1.9192441761178136,33,18,20080,20529,12255,6513,17246,22764,48544,36068,34301,25601,391,341,1178,4004,13064,44209,2199,60,317,5885,2395,37,166,352,15338,3067,509,6035
1035,11692,1035.0080279072954,99547,65,43,317,132,120370,70697,1.9193647221915275,31,17,20160,20610,12224,6491,17201,22705,48544,36068,34305,25609,391,341,1177,4004,13061,44216,2198,60,316,5884,2394,37,166,352,15337,3067,512,6034
1036,11692,1036.0999173684224,99547,64,44,317,132,120379,70703,1.91951540478367,27,11,20261,20718,12185,6466,17144,22627,48544,36068,34309,25616,391,340,1177,4005,13056,44224,2198,60,316,5882,2392,37,166,352,15336,3067,513,6035
1037,11692,1037.1230624946388,99547,63,41,317,132,120386,70708,1.919635950857384,28,12,20361,20812,12139,6450,17090,22551,48544,36068,34313,25623,391,340,1174,4005,13059,44227,2197,60,316,5877,2391,37,166,352,15337,3069,515,6034
1038,11692,1038.1244766191073,99547,56,40,317,132,120393,70710,1.9197263604126693,36,15,20486,20924,12089,6425,17014,22462,48544,36068,34316,25630,391,339,1174,4006,13055,44236,2195,60,317,5875,2390,37,165,352,15337,3069,515,6034
1039,11692,1039.0055050797428,99547,56,39,317,132,120400,70715,1.9198469064863832,36,14,20563,21011,12055,6406,16971,22396,48544,36068,34319,25637,390,339,1173,4006,13055,44242,2195,61,318,5869,2389,37,165,352,15338,3069,516,6033
1040,11692,1040.279365458134,99547,53,38,317,132,120411,70720,1.9200076345846686,31,13,20642,21118,12031,6389,16924,22308,48544,36068,34322,25644,390,339,1172,4006,13051,44252,2194,61,319,5866,2388,37,165,352,15336,3070,516,6033
1041,11692,1041.0364194717422,99547,56,34,317,132,120419,70722,1.920108089646097,27,18,20731,21215,11989,6374,16878,22225,48544,36068,34325,25650,390,339,1172,4005,13049,44259,2193,61,318,5862,2388,37,165,351,15339,3069,517,6033
1042,11692,1042.2218558591624,99547,56,34,317,132,120426,70726,1.920218590213668,28,17,20807,21295,11955,6359,16835,22161,48544,36068,34328,25656,389,339,1171,4005,13046,44267,2192,62,318,5859,2386,37,165,351,15338,3070,517,6035
1043,11692,1043.1510628766944,99547,54,36,317,132,120435,70731,1.9203592272996675,30,17,20901,21370,11909,6345,16787,22098,48544,36068,34331,25662,389,339,1170,4003,13050,44269,2192,62,317,5854,2385,37,165,351,15341,3070,517,6036
1044,11692,1044.0239239288378,99547,51,34,317,132,120443,70736,1.9204898188795243,30,21,20988,21463,11877,6328,16735,22020,48544,36068,34334,25668,389,339,1170,4002,13051,44275,2191,62,318,5849,2383,37,165,351,15342,3069,518,6036
1045,11692,1045.0984210249064,99547,52,37,317,132,120451,70742,1.9206304559655238,27,21,21094,21564,11835,6307,16673,21937,48544,36068,34337,25674,389,339,1168,4000,13050,44281,2191,62,318,5847,2383,37,165,351,15341,3071,518,6036
1046,11692,1046.1072683331738,99547,49,39,317,132,120454,70749,1.9207309110269521,27,15,21159,21627,11816,6294,16630,21891,48544,36068,34340,25680,389,339,1168,3999,13048,44288,2191,62,319,5845,2381,37,165,351,15339,3071,519,6036
1047,11692,1047.3209771005588,99547,46,42,317,132,120460,70756,1.9208615026068088,32,13,21288,21747,11765,6263,16550,21801,48544,36068,34343,25685,389,339,1167,3997,13044,44298,2191,62,319,5843,2381,37,165,351,15338,3071,519,6036
1048,11692,1048.0794022525054,99547,47,43,317,132,120464,70760,1.9209418666559515,34,10,21345,21832,11735,6246,16520,21735,48544,36068,34346,25690,389,339,1166,3997,13036,44307,2191,62,319,5842,2381,37,165,351,15339,3071,521,6034
1049,11692,1049.1201631129302,99547,47,41,317,132,120474,70761,1.9210523672235225,31,12,21450,21943,11700,6222,16453,21648,48544,36068,34349,25695,389,339,1165,3997,13035,44312,2190,62,319,5839,2380,37,165,351,15340,3071,522,6034
1050,11692,1050.1512976149475,99547,48,36,317,132,120482,70761,1.9211327312726652,29,18,21558,22037,11651,6208,16395,21567,48544,36068,34351,25700,389,339,1165,3996,13034,44318,2190,61,321,5838,2377,37,165,351,15339,3070,522,6035
1051,11692,1051.2634726562349,99547,44,36,317,132,120488,70765,1.9212331863340935,30,17,21639,22119,11628,6184,16340,21510,48544,36068,34353,25705,389,337,1165,3998,13031,44326,2190,61,320,5837,2377,37,165,351,15337,3068,524,6034
1052,11692,1052.1146499703805,99547,46,39,317,132,120497,70772,1.9213939144323786,28,12,21705,22203,11599,6168,16303,21444,48544,36068,34355,25710,389,337,1165,3998,13023,44336,2190,61,321,5836,2376,37,165,351,15336,3068,524,6034
1053,11692,1053.2413875484938,99547,49,29,317,132,120505,70773,1.9214843239876642,24,16,21836,22319,11531,6155,16241,21347,48544,36068,34357,25715,389,337,1163,3997,13023,44342,2190,61,322,5831,2375,37,165,350,15338,3069,526,6032
1054,11692,1054.1746154707757,99547,47,30,317,132,120507,70776,1.9215345515183782,29,17,21891,22366,11506,6140,16208,21313,48544,36068,34359,25720,389,337,1163,3996,13022,44348,2190,61,322,5829,2373,37,165,350,15336,3069,526,6034
1055,11692,1055.018619624788,99547,48,33,317,132,120512,70783,1.921655097592092,27,12,21980,22454,11470,6130,16156,21237,48544,36068,34361,25724,389,337,1163,3997,13018,44354,2189,61,322,5828,2370,37,165,350,15335,3069,526,6037
1056,11692,1056.1495537334492,99547,46,28,317,132,120517,70786,1.9217354616412348,27,12,22077,22579,11427,6111,16104,21136,48544,36068,34363,25728,389,336,1162,3998,13019,44357,2189,61,322,5824,2367,37,165,350,15335,3070,527,6039
1057,11692,1057.0221632146909,99547,45,28,317,132,120523,70789,1.9218258711965202,25,10,22130,22649,11412,6096,16069,21083,48544,36068,34365,25732,389,336,1162,3997,13016,44364,2189,61,322,5823,2366,37,165,350,15334,3069,529,6038
1058,11692,1058.28877076324,99547,50,27,317,132,120533,70791,1.921946417270234,18,12,22209,22719,11385,6081,16019,21027,48544,36068,34367,25736,389,336,1162,3996,13014,44369,2189,61,322,5822,2366,37,165,350,15333,3069,529,6038
1059,11692,1059.0245754527998,99547,43,24,317,132,120538,70793,1.9220167358132338,22,13,22287,22835,11360,6067,15969,20927,48544,36068,34369,25740,389,335,1162,3996,13016,44374,2188,61,322,5817,2366,37,165,350,15334,3068,530,6037
1060,11692,1060.0119202375731,99547,47,22,317,132,120544,70795,1.9220970998623765,23,14,22367,22939,11316,6049,15928,20842,48544,36068,34371,25744,389,335,1162,3996,13013,44379,2188,61,322,5816,2365,37,165,350,15333,3068,530,6038
1061,11692,1061.2201609591436,99547,47,18,317,132,120549,70796,1.9221573728992336,22,13,22454,23052,11282,6035,15876,20748,48544,36068,34373,25748,389,335,1160,3995,13013,44383,2188,61,322,5814,2365,37,165,350,15332,3070,531,6037
1062,11692,1062.0493804587013,99547,48,20,317,132,120555,70799,1.922247782454519,17,13,22508,23118,11266,6025,15842,20690,48544,36068,34375,25752,389,335,1160,3994,13013,44386,2188,61,322,5811,2365,37,165,350,15334,3069,531,6037
1063,11692,1063.1607776320818,99547,37,21,317,132,120559,70803,1.9223281465036617,21,11,22611,23227,11233,5998,15779,20609,48544,36068,34377,25756,389,334,1160,3995,13011,44393,2186,61,322,5809,2365,37,165,350,15333,3069,532,6036
1064,11692,1064.0074251915516,99547,37,22,317,132,120563,70805,1.9223884195405185,22,11,22662,23296,11207,5983,15753,20554,48544,36068,34379,25760,389,334,1159,3994,13010,44396,2186,61,322,5808,2365,37,165,350,15334,3069,532,6036
1065,11692,1065.161188395564,99547,36,21,317,132,120567,70808,1.9224587380835183,25,9,22768,23393,11167,5965,15685,20478,48544,36068,34381,25764,389,334,1158,3993,13009,44400,2186,61,322,5806,2365,37,165,350,15334,3070,533,6035
1066,11692,1066.162218149155,99547,43,20,317,132,120578,70812,1.9226094206756608,21,8,22844,23470,11127,5953,15646,20415,48544,36068,34383,25767,389,334,1157,3993,13004,44407,2186,61,323,5806,2364,37,165,350,15333,3070,535,6033
1067,11692,1067.0687070799509,99547,42,20,317,132,120582,70814,1.9226696937125176,22,7,22912,23555,11101,5934,15604,20350,48544,36068,34385,25770,389,334,1157,3989,13004,44412,2186,61,323,5806,2364,37,165,350,15332,3070,535,6033
1068,11692,1068.0255124095165,99547,40,20,317,132,120586,70815,1.9227199212432318,18,6,22963,23601,11088,5924,15572,20315,48544,36068,34387,25773,389,334,1157,3988,13002,44417,2185,61,323,5806,2364,37,165,350,15332,3069,536,6032
1069,11692,1069.02051712298,99547,37,16,317,132,120588,70815,1.9227400122555174,19,9,23053,23688,11045,5906,15527,20247,48544,36068,34389,25776,388,334,1157,3987,13001,44420,2185,62,324,5805,2361,37,165,350,15332,3069,537,6033
1070,11692,1070.0277450047279,99547,31,17,317,132,120591,70819,1.9228103307985174,18,9,23125,23765,11022,5897,15485,20178,48544,36068,34391,25779,388,334,1157,3987,12996,44427,2185,62,324,5803,2361,37,165,350,15333,3068,538,6032
1071,11692,1071.0555342952414,99547,29,19,317,132,120597,70824,1.9229208313660884,15,9,23229,23863,10991,5873,15417,20102,48544,36068,34393,25782,388,334,1155,3987,12994,44432,2183,62,324,5802,2361,37,165,350,15334,3069,538,6032
1072,11692,1072.117384172456,99547,33,14,317,132,120603,70825,1.9229911499090881,13,10,23322,23926,10946,5862,15367,20054,48544,36068,34395,25785,388,334,1155,3987,12992,44437,2183,62,325,5801,2360,37,164,351,15332,3069,539,6031
1073,11692,1073.0400405891778,99547,32,16,317,132,120605,70828,1.9230413774398023,13,10,23408,24026,10909,5840,15319,19974,48544,36068,34397,25788,388,334,1154,3986,12992,44441,2183,62,325,5800,2360,37,164,351,15331,3069,539,6031
1074,11692,1074.237330490048,99547,32,12,317,132,120608,70828,1.9230715139582308,14,14,23488,24104,10875,5820,15272,19916,48544,36068,34398,25791,388,334,1154,3986,12990,44445,2183,62,325,5799,2360,37,164,351,15330,3069,541,6029
1075,11692,1075.0411512001845,99547,35,13,317,132,120611,70832,1.9231418325012306,12,12,23566,24199,10838,5795,15230,19847,48544,36068,34399,25794,388,334,1154,3987,12988,44448,2183,62,324,5799,2360,36,164,351,15329,3069,542,6029
1076,11692,1076.0287228883872,99547,37,14,317,132,120617,70837,1.9232523330688016,8,9,23666,24275,10801,5775,15169,19793,48544,36068,34400,25797,388,334,1153,3988,12989,44450,2181,62,325,5799,2357,36,164,351,15329,3068,544,6029
1077,11692,1077.2721683756279,99547,30,12,317,132,120620,70839,1.9233025605995158,10,8,23782,24394,10753,5749,15106,19703,48544,36068,34401,25800,388,334,1152,3987,12987,44457,2180,62,325,5797,2357,36,164,351,15328,3069,544,6029
1078,11692,1078.1040628758153,99547,29,13,317,132,120620,70841,1.9233226516118014,14,9,23823,24436,10733,5741,15082,19667,48544,36068,34402,25803,388,334,1152,3986,12988,44458,2180,62,325,5796,2355,36,164,351,15328,3069,544,6031
1079,11692,1079.0182339864164,99547,27,12,317,132,120623,70844,1.9233829246486585,12,7,23893,24518,10701,5726,15048,19603,48544,36068,34403,25806,388,334,1151,3986,12983,44464,2180,62,326,5795,2354,36,164,351,15329,3069,544,6031
1080,11692,1080.0442490765142,99547,31,14,317,132,120627,70846,1.9234431976855153,10,7,23989,24618,10659,5704,14992,19523,48544,36068,34404,25809,388,334,1151,3986,12981,44466,2180,62,325,5794,2354,36,164,351,15330,3069,545,6031
1081,11692,1081.0896455430536,99547,28,14,317,132,120632,70848,1.923513516228515,7,8,24079,24713,10630,5679,14937,19452,48544,36068,34405,25812,388,333,1150,3986,12979,44471,2180,62,325,5793,2354,36,164,351,15330,3069,546,6030
1082,11692,1082.0624274176075,99547,25,16,317,132,120633,70852,1.9235637437592292,12,5,24146,24785,10602,5673,14896,19387,48544,36068,34406,25814,388,333,1150,3987,12976,44475,2179,62,325,5791,2354,36,164,351,15331,3069,546,6030
1083,11692,1083.0072179638596,99547,24,17,317,132,120635,70853,1.9235938802776578,11,7,24253,24878,10558,5658,14835,19306,48544,36068,34407,25816,388,333,1150,3987,12974,44477,2179,62,325,5790,2354,36,164,351,15332,3069,546,6030
1084,11692,1084.0192331207247,99547,22,17,317,132,120636,70855,1.9236240167960863,14,6,24330,24948,10521,5647,14794,19248,48544,36068,34408,25818,388,333,1150,3986,12975,44478,2179,62,325,5789,2354,36,164,351,15332,3069,547,6029
1085,11692,1085.2338346330566,99547,24,17,317,132,120640,70856,1.9236742443268005,12,6,24410,25031,10496,5636,14739,19176,48544,36068,34409,25820,388,333,1150,3986,12974,44480,2179,62,325,5789,2353,36,164,351,15332,3068,547,6030
1086,11692,1086.001737372553,99547,23,17,317,132,120641,70858,1.923704380845229,13,6,24477,25095,10468,5626,14700,19122,48544,36068,34410,25822,388,333,1150,3987,12974,44481,2178,62,325,5788,2353,36,164,351,15332,3068,548,6029
1087,11692,1087.0018784190045,99547,23,14,317,132,120646,70859,1.9237646538820858,9,5,24552,25169,10444,5615,14653,19063,48544,36068,34411,25824,388,333,1150,3987,12971,44485,2178,62,327,5788,2350,36,164,351,15332,3067,549,6029
1088,11692,1088.0357024858686,99547,23,13,317,132,120651,70860,1.923824926918943,9,5,24649,25252,10394,5597,14606,18999,48544,36068,34412,25826,388,333,1150,3988,12968,44489,2177,62,327,5788,2349,36,164,350,15332,3067,550,6029
1089,11692,1089.1688751544568,99547,27,14,317,132,120655,70863,1.9238952454619427,6,6,24756,25323,10345,5582,14547,18941,48544,36068,34413,25828,388,333,1149,3988,12967,44490,2177,62,327,5787,2349,36,164,350,15333,3068,552,6027
1090,11692,1090.1102485625172,99547,26,15,317,132,120657,70865,1.923935427486514,7,5,24832,25415,10316,5570,14500,18861,48544,36068,34414,25830,388,333,1149,3988,12965,44493,2177,62,327,5787,2348,36,164,350,15332,3068,552,6028
1091,11692,1091.0807753601682,99547,23,14,317,132,120658,70865,1.9239454729926568,10,8,24936,25506,10280,5547,14432,18791,48544,36068,34415,25832,388,333,1149,3988,12964,44496,2177,62,327,5785,2348,36,164,350,15332,3068,552,6028
1092,11692,1092.1188513660975,99547,19,16,317,132,120660,70867,1.923985655017228,10,8,24992,25582,10263,5529,14397,18731,48544,36068,34416,25834,388,333,1149,3987,12963,44498,2177,62,327,5784,2348,36,164,350,15333,3068,552,6028
1093,11692,1093.0530950849359,99547,19,13,317,132,120663,70867,1.9240157915356566,10,9,25079,25660,10231,5522,14342,18662,48544,36068,34417,25836,388,333,1149,3986,12961,44501,2177,62,327,5783,2347,36,164,350,15334,3068,553,6028
1094,11692,1094.1665888180983,99547,17,15,317,132,120666,70870,1.9240760645725135,8,8,25156,25733,10205,5505,14295,18605,48544,36068,34418,25838,388,333,1149,3986,12956,44507,2177,62,327,5783,2346,36,164,350,15333,3068,553,6029
