,indexID,time,N,Inf_L,Inf_H,Dead_L,Dead_H,cum_cases_L,cum_cases_H,cum_sum_per_N,Exposed_L,Exposed_H,Sus_L,Sus_H,Rec_nat_L,Rec_nat_H,Rec_vax_L,Rec_vax_H,vaccinatedH,vaccinatedL,boostedH,boostedL,count_Naive,count_Delta,count_Delta_vaccine,count_two,count_three,count_four,count_Omicron,count_Omicron_star,count_Omicron_star_vaccine,count_Omicron_vaccine,count_Vaccine,count_WT,count_WT_vaccine,count_WT_vaccine_boost,count_Omicron_vaccine_boost,count_Delta_vaccine_boost,count_Omicron_star_vaccine_boost,count_Vaccine_boost
0,11020,1.007156106148504,99996,6,5,0,0,6,6,0.00012000480019200768,19,19,49973,49973,0,1,0,0,0,0,0,0,99995,0,0,0,0,0,0,0,0,0,0,1,0,0,0,0,0,0
1,11020,2.027561824303644,99996,16,16,0,0,17,18,0.0003500140005600224,10,9,49971,49971,1,2,0,0,0,0,0,0,99993,0,0,0,0,0,0,0,0,0,0,3,0,0,0,0,0,0
2,11020,3.0655379382743764,99996,21,16,0,0,23,21,0.00044001760070402814,8,8,49967,49969,2,5,0,0,0,0,0,0,99989,0,0,0,0,0,0,0,0,0,0,7,0,0,0,0,0,0
3,11020,4.055909062902094,99996,22,18,0,0,27,26,0.0005300212008480339,6,7,49965,49965,5,8,0,0,0,0,0,0,99983,0,0,0,0,0,0,0,0,0,0,13,0,0,0,0,0,0
4,11020,5.103791121732989,99996,24,18,0,0,30,29,0.0005900236009440378,6,7,49962,49962,6,11,0,0,0,0,0,0,99979,0,0,0,0,0,0,0,0,0,0,17,0,0,0,0,0,0
5,11020,6.001508308760953,99996,22,18,0,0,30,33,0.0006300252010080403,9,5,49959,49960,8,15,0,0,0,0,0,0,99973,0,0,0,0,0,0,0,0,0,0,23,0,0,0,0,0,0
6,11020,7.005886374474689,99996,16,16,0,0,30,34,0.000640025601024041,13,6,49955,49958,14,18,0,0,0,0,0,0,99964,0,0,0,0,0,0,0,0,0,0,32,0,0,0,0,0,0
7,11020,8.0240529022515,99996,15,18,0,0,32,36,0.0006800272010880435,15,6,49951,49956,17,18,0,0,0,0,0,0,99961,0,0,0,0,0,0,0,0,0,0,35,0,0,0,0,0,0
8,11020,9.001848429725992,99996,13,17,0,0,33,39,0.0007200288011520461,19,3,49946,49956,20,22,0,0,0,0,0,0,99954,0,0,0,0,0,0,0,0,0,0,42,0,0,0,0,0,0
9,11020,10.061951500127394,99996,19,16,0,0,41,39,0.0008000320012800512,16,8,49941,49951,22,23,0,0,0,0,0,0,99951,0,0,0,0,0,0,0,0,0,0,45,0,0,0,0,0,0
10,11020,11.01289105613038,99996,19,16,0,0,44,40,0.0008400336013440538,14,9,49940,49949,25,24,0,0,0,0,0,0,99947,0,0,0,0,0,0,0,0,0,0,49,0,0,0,0,0,0
11,11020,12.110052577092478,99996,23,19,0,0,51,44,0.0009500380015200608,11,8,49936,49946,28,25,0,0,0,0,0,0,99943,0,0,0,0,0,0,0,0,0,0,53,0,0,0,0,0,0
12,11020,13.052805998140798,99996,22,21,0,0,52,47,0.0009900396015840634,17,8,49929,49943,30,26,0,0,0,0,0,0,99940,0,0,0,0,0,0,0,0,0,0,56,0,0,0,0,0,0
13,11020,14.130132504626332,99996,19,19,0,0,57,49,0.0010600424016960679,17,6,49925,49943,37,30,0,0,0,0,0,0,99928,0,0,0,0,0,0,0,0,0,0,68,0,0,0,0,0,0
14,11020,15.174056529265325,99996,18,16,0,0,61,50,0.001110044401776071,18,7,49921,49941,41,34,0,0,0,0,0,0,99919,0,0,0,0,0,0,0,0,0,0,77,0,0,0,0,0,0
15,11020,16.1629196253303,99996,19,13,0,0,66,51,0.001170046801872075,16,7,49918,49940,45,38,0,0,0,0,0,0,99911,0,0,0,0,0,0,0,0,0,0,85,0,0,0,0,0,0
16,11020,17.040054548168982,99996,17,11,0,0,69,52,0.0012100484019360775,15,6,49916,49940,50,41,0,0,0,0,0,0,99903,0,0,0,0,0,0,0,0,0,0,93,0,0,0,0,0,0
17,11020,18.039802191748354,99996,18,10,0,0,71,53,0.0012400496019840794,14,5,49915,49940,51,43,0,0,0,0,0,0,99900,0,0,0,0,0,0,0,0,0,0,96,0,0,0,0,0,0
18,11020,19.24716029705452,99996,17,10,0,0,75,55,0.0013000520020800832,12,4,49914,49939,55,45,0,0,0,0,0,0,99893,0,0,0,0,0,0,0,0,0,0,103,0,0,0,0,0,0
19,11020,20.18336842648525,99996,18,10,0,0,77,56,0.0013300532021280852,12,3,49912,49939,56,46,0,0,0,0,0,0,99891,0,0,0,0,0,0,0,0,0,0,105,0,0,0,0,0,0
20,11020,21.276681921423073,99996,18,11,0,0,77,58,0.0013500540021600864,12,1,49913,49939,55,47,0,0,0,0,0,0,99890,0,0,0,0,0,0,0,0,0,0,106,0,0,0,0,0,0
21,11020,22.09567707770673,99996,19,11,0,0,79,58,0.0013700548021920876,14,3,49909,49938,56,46,0,0,0,0,0,0,99889,0,0,0,0,0,0,0,0,0,0,107,0,0,0,0,0,0
22,11020,23.145482161371515,99996,19,11,0,0,83,58,0.0014100564022560902,12,4,49907,49937,60,46,0,0,0,0,0,0,99885,0,0,0,0,0,0,0,0,0,0,111,0,0,0,0,0,0
23,11020,24.090805311283574,99996,18,11,0,0,84,59,0.0014300572022880914,13,5,49905,49935,62,47,0,0,0,0,0,0,99882,0,0,0,0,0,0,0,0,0,0,114,0,0,0,0,0,0
24,11020,25.14818800092077,99996,17,11,0,0,86,62,0.0014800592023680947,16,3,49901,49934,64,50,0,0,0,0,0,0,99876,0,0,0,0,0,0,0,0,0,0,120,0,0,0,0,0,0
25,11020,26.006975822525543,99996,17,10,0,0,89,62,0.0015100604024160967,15,5,49899,49932,67,51,0,0,0,0,0,0,99872,0,0,0,0,0,0,0,0,0,0,124,0,0,0,0,0,0
26,11020,27.05780545998122,99996,15,13,0,0,92,66,0.001580063202528101,16,3,49896,49930,71,52,0,0,0,0,0,0,99866,0,0,0,0,0,0,0,0,0,0,130,0,0,0,0,0,0
27,11020,28.047156877173453,99996,15,13,0,0,96,66,0.0016200648025921037,13,4,49895,49929,75,52,0,0,0,0,0,0,99862,0,0,0,0,0,0,0,0,0,0,134,0,0,0,0,0,0
28,11020,29.055330184197974,99996,13,13,0,0,96,67,0.0016300652026081043,15,4,49893,49928,77,53,0,0,0,0,0,0,99859,0,0,0,0,0,0,0,0,0,0,137,0,0,0,0,0,0
29,11020,30.207442785215136,99996,14,13,0,0,98,70,0.0016800672026881075,19,2,49887,49927,78,56,0,0,0,0,0,0,99855,0,0,0,0,0,0,0,0,0,0,141,0,0,0,0,0,0
30,11020,31.040760853897822,99996,22,11,0,0,107,70,0.0017700708028321132,13,5,49884,49924,79,58,0,0,0,0,0,0,99852,0,0,0,0,0,0,0,0,0,0,144,0,0,0,0,0,0
31,11020,32.00622386834466,99996,21,11,0,0,108,73,0.0018100724028961158,14,2,49882,49925,81,60,0,0,0,0,0,0,99847,0,0,0,0,0,0,0,0,0,0,149,0,0,0,0,0,0
32,11020,33.13039201809551,99996,20,9,0,0,112,73,0.0018500740029601184,13,2,49879,49925,86,62,0,0,0,0,0,0,99840,0,0,0,0,0,0,0,0,0,0,156,0,0,0,0,0,0
33,11020,34.05115453240015,99996,22,7,0,0,117,74,0.0019100764030561222,12,3,49876,49924,88,64,0,0,0,0,0,0,99834,0,0,0,0,0,0,0,0,0,0,162,0,0,0,0,0,0
34,11020,35.07068954446935,99996,23,7,0,0,120,75,0.0019500780031201249,10,3,49875,49923,90,65,0,0,0,0,0,0,99831,0,0,0,0,0,0,0,0,0,0,165,0,0,0,0,0,0
35,11020,36.02541769277198,99996,21,7,0,0,122,75,0.001970078803152126,13,3,49870,49923,94,65,0,0,0,0,0,0,99827,0,0,0,0,0,0,0,0,0,0,169,0,0,0,0,0,0
36,11020,37.15112095877996,99996,23,9,0,0,124,77,0.0020100804032161285,16,1,49866,49924,93,64,0,0,0,0,0,0,99827,0,0,0,0,0,0,0,0,0,0,169,0,0,0,0,0,0
37,11020,38.249933036461634,99996,20,9,0,0,129,78,0.0020700828033121325,15,7,49863,49918,100,64,0,0,0,0,0,0,99818,0,0,0,0,0,0,0,0,0,0,178,0,0,0,0,0,0
38,11020,39.154969920473974,99996,20,11,0,0,130,81,0.002110084403376135,15,4,49862,49919,101,64,0,0,0,0,0,0,99816,0,0,0,0,0,0,0,0,0,0,180,0,0,0,0,0,0
39,11020,40.27596397333148,99996,18,12,0,0,133,83,0.002160086403456138,16,5,49858,49918,106,63,0,0,0,0,0,0,99810,0,0,0,0,0,0,0,0,0,0,186,0,0,0,0,0,0
40,11020,41.03834264657262,99996,20,12,0,0,136,84,0.002200088003520141,15,5,49856,49917,107,64,0,0,0,0,0,0,99808,0,0,0,0,0,0,0,0,0,0,188,0,0,0,0,0,0
41,11020,42.12165444195947,99996,19,11,0,0,139,84,0.0022300892035681426,15,6,49853,49916,111,65,0,0,0,0,0,0,99803,0,0,0,0,0,0,0,0,0,0,193,0,0,0,0,0,0
42,11020,43.03641455303518,99996,20,13,0,0,143,86,0.0022900916036641466,11,6,49854,49914,113,65,0,0,0,0,0,0,99800,0,0,0,0,0,0,0,0,0,0,196,0,0,0,0,0,0
43,11020,44.033848551623954,99996,21,13,0,0,146,89,0.0023500940037601502,10,4,49853,49913,114,68,0,0,0,0,0,0,99795,0,0,0,0,0,0,0,0,0,0,201,0,0,0,0,0,0
44,11020,45.130467225195254,99996,17,11,0,0,146,90,0.002360094403776151,16,6,49848,49910,117,71,0,0,0,0,0,0,99788,0,0,0,0,0,0,0,0,0,0,208,0,0,0,0,0,0
45,11020,46.09595695851333,99996,20,11,0,0,150,91,0.0024100964038561543,12,6,49848,49909,118,72,0,0,0,0,0,0,99786,0,0,0,0,0,0,0,0,0,0,210,0,0,0,0,0,0
46,11020,47.092432664542,99996,22,10,0,0,153,91,0.0024400976039041563,11,8,49847,49907,118,73,0,0,0,0,0,0,99784,0,0,0,0,0,0,0,0,0,0,212,0,0,0,0,0,0
47,11020,48.03590356696702,99996,18,14,0,0,154,95,0.0024900996039841595,13,7,49844,49904,123,73,0,0,0,0,0,0,99779,0,0,0,0,0,0,0,0,0,0,217,0,0,0,0,0,0
48,11020,49.08491728169881,99996,13,13,0,0,156,97,0.002530101204048162,15,7,49841,49902,129,76,0,0,0,0,0,0,99769,0,0,0,0,0,0,0,0,0,0,227,0,0,0,0,0,0
49,11020,50.00944565237974,99996,16,12,0,0,160,98,0.002580103204128165,14,6,49838,49902,130,78,0,0,0,0,0,0,99766,0,0,0,0,0,0,0,0,0,0,230,0,0,0,0,0,0
50,11020,51.069632113737654,99996,14,13,0,0,163,101,0.0026401056042241688,14,5,49835,49900,135,80,0,0,0,0,0,0,99759,0,0,0,0,0,0,0,0,0,0,237,0,0,0,0,0,0
51,11020,52.17073517774437,99996,18,13,0,0,167,102,0.002690107604304172,11,4,49834,49900,135,81,0,0,0,0,0,0,99758,0,0,0,0,0,0,0,0,0,0,238,0,0,0,0,0,0
52,11020,53.00439022299708,99996,18,10,0,0,170,103,0.002730109204368175,13,7,49829,49896,138,85,0,0,0,0,0,0,99751,0,0,0,0,0,0,0,0,0,0,245,0,0,0,0,0,0
53,11020,54.07153387896623,99996,19,11,0,0,174,104,0.002780111204448178,12,6,49826,49896,141,85,0,0,0,0,0,0,99748,0,0,0,0,0,0,0,0,0,0,248,0,0,0,0,0,0
54,11020,55.161750788868524,99996,22,13,0,0,179,108,0.0028701148045921837,9,6,49824,49892,143,87,0,0,0,0,0,0,99744,0,0,0,0,0,0,0,0,0,0,252,0,0,0,0,0,0
55,11020,56.00011872640105,99996,24,14,0,0,181,110,0.002910116404656186,15,4,49818,49892,141,88,0,0,0,0,0,0,99743,0,0,0,0,0,0,0,0,0,0,253,0,0,0,0,0,0
56,11020,57.28266851070069,99996,20,13,0,0,184,111,0.002950118004720189,19,5,49812,49891,147,89,0,0,0,0,0,0,99734,0,0,0,0,0,0,0,0,0,0,262,0,0,0,0,0,0
57,11020,58.060483460477656,99996,18,14,0,0,185,112,0.00297011880475219,19,4,49811,49891,150,89,0,0,0,0,0,0,99731,0,0,0,0,0,0,0,0,0,0,265,0,0,0,0,0,0
58,11020,59.00423257448827,99996,17,15,0,0,190,113,0.0030301212048481937,17,5,49808,49889,156,89,0,0,0,0,0,0,99725,0,0,0,0,0,0,0,0,0,0,271,0,0,0,0,0,0
59,11020,60.06011789221902,99996,21,13,0,0,196,115,0.003110124404976199,15,4,49806,49889,156,92,0,0,0,0,0,0,99719,0,0,0,0,0,0,0,0,0,0,277,0,0,0,0,0,0
60,11020,61.030185775221405,99996,23,15,0,0,200,117,0.003170126805072203,17,4,49800,49889,158,90,0,0,0,0,0,0,99717,0,0,0,0,0,0,0,0,0,0,279,0,0,0,0,0,0
61,11020,62.085226303729904,99996,24,13,0,0,204,117,0.0032101284051362054,15,5,49798,49888,161,92,0,0,0,0,0,0,99712,0,0,0,0,0,0,0,0,0,0,284,0,0,0,0,0,0
62,11020,63.01254443506153,99996,23,14,0,0,208,119,0.0032701308052322095,14,4,49795,49887,166,93,0,0,0,0,0,0,99706,0,0,0,0,0,0,0,0,0,0,290,0,0,0,0,0,0
63,11020,64.14155120641843,99996,21,14,0,0,210,121,0.003310132405296212,17,4,49791,49886,169,94,0,0,0,0,0,0,99700,0,0,0,0,0,0,0,0,0,0,296,0,0,0,0,0,0
64,11020,65.11406589852167,99996,22,12,0,0,214,121,0.0033501340053602143,15,5,49789,49885,172,96,0,0,0,0,0,0,99695,0,0,0,0,0,0,0,0,0,0,301,0,0,0,0,0,0
65,11020,66.17431330853661,99996,24,11,0,0,219,123,0.0034201368054722187,12,3,49787,49885,175,99,0,0,0,0,0,0,99689,0,0,0,0,0,0,0,0,0,0,307,0,0,0,0,0,0
66,11020,67.11846437185345,99996,24,11,0,0,224,123,0.003470138805552222,14,5,49782,49883,178,99,0,0,0,0,0,0,99684,0,0,0,0,0,0,0,0,0,0,312,0,0,0,0,0,0
67,11020,68.05519091546866,99996,22,15,0,0,227,127,0.0035401416056642264,13,5,49780,49879,183,99,0,0,0,0,0,0,99679,0,0,0,0,0,0,0,0,0,0,317,0,0,0,0,0,0
68,11020,69.14434738244915,99996,21,15,0,0,230,128,0.003580143205728229,13,5,49778,49878,186,100,0,0,0,0,0,0,99674,0,0,0,0,0,0,0,0,0,0,322,0,0,0,0,0,0
69,11020,70.19821453985672,99996,22,15,0,0,233,128,0.0036101444057762312,12,9,49776,49874,188,100,0,0,0,0,0,0,99672,0,0,0,0,0,0,0,0,0,0,324,0,0,0,0,0,0
70,11020,71.01538197093915,99996,18,16,0,0,233,130,0.0036301452058082324,15,7,49773,49874,192,101,0,0,0,0,0,0,99667,0,0,0,0,0,0,0,0,0,0,329,0,0,0,0,0,0
71,11020,72.07094279082877,99996,18,18,0,0,236,134,0.003700148005920237,15,4,49770,49873,195,103,0,0,0,0,0,0,99662,0,0,0,0,0,0,0,0,0,0,334,0,0,0,0,0,0
72,11020,73.1034769929809,99996,15,15,0,0,237,136,0.003730149205968239,16,4,49768,49871,199,108,0,0,0,0,0,0,99653,0,0,0,0,0,0,0,0,0,0,343,0,0,0,0,0,0
73,11020,74.22166341582154,99996,15,11,0,0,241,136,0.0037701508060322413,13,7,49767,49869,203,111,0,0,0,0,0,0,99645,0,0,0,0,0,0,0,0,0,0,351,0,0,0,0,0,0
74,11020,75.16160185382435,99996,17,12,0,0,244,137,0.0038101524060962437,12,6,49766,49869,203,111,0,0,0,0,0,0,99644,0,0,0,0,0,0,0,0,0,0,352,0,0,0,0,0,0
75,11020,76.0619219378826,99996,18,13,0,0,247,140,0.0038701548061922477,11,3,49764,49869,205,113,0,0,0,0,0,0,99640,0,0,0,0,0,0,0,0,0,0,356,0,0,0,0,0,0
76,11020,77.07486673377083,99996,19,10,0,0,250,140,0.0039001560062402497,12,5,49762,49870,205,113,0,0,0,0,0,0,99635,0,0,0,0,0,0,0,0,0,0,361,0,0,0,0,0,0
77,11020,78.03228265795163,99996,18,7,0,0,253,140,0.003930157206288251,11,6,49760,49869,209,116,0,0,0,0,0,0,99628,0,0,0,0,0,0,0,0,0,0,368,0,0,0,0,0,0
78,11020,79.01343754368831,99996,19,6,0,0,258,141,0.003990159606384255,9,6,49758,49868,212,118,0,0,0,0,0,0,99622,0,0,0,0,0,0,0,0,0,0,374,0,0,0,0,0,0
79,11020,80.2033763500605,99996,19,7,0,0,259,143,0.004020160806432257,11,6,49756,49866,212,119,0,0,0,0,0,0,99620,0,0,0,0,0,0,0,0,0,0,376,0,0,0,0,0,0
80,11020,81.01659886131335,99996,16,9,0,0,262,145,0.00407016280651226,10,5,49755,49866,217,118,0,0,0,0,0,0,99614,0,0,0,0,0,0,0,0,0,0,382,0,0,0,0,0,0
81,11020,82.13279181385182,99996,16,9,0,0,264,145,0.004090163606544262,12,5,49751,49867,219,117,0,0,0,0,0,0,99612,0,0,0,0,0,0,0,0,0,0,384,0,0,0,0,0,0
82,11020,83.10764252820245,99996,18,9,0,0,269,146,0.004150166006640266,9,5,49750,49866,221,118,0,0,0,0,0,0,99608,0,0,0,0,0,0,0,0,0,0,388,0,0,0,0,0,0
83,11020,84.0476818969494,99996,21,9,0,0,275,146,0.004210168406736269,9,8,49746,49863,222,118,0,0,0,0,0,0,99605,0,0,0,0,0,0,0,0,0,0,391,0,0,0,0,0,0
84,11020,85.21616970689104,99996,22,10,0,0,280,150,0.0043001720068802755,10,9,49740,49858,226,121,0,0,0,0,0,0,99598,0,0,0,0,0,0,0,0,0,0,398,0,0,0,0,0,0
85,11020,86.0914422437649,99996,21,11,0,0,282,152,0.004340173606944278,10,10,49738,49856,229,121,0,0,0,0,0,0,99594,0,0,0,0,0,0,0,0,0,0,402,0,0,0,0,0,0
86,11020,87.14575701899209,99996,21,13,0,0,284,154,0.00438017520700828,8,10,49739,49854,230,121,0,0,0,0,0,0,99592,0,0,0,0,0,0,0,0,0,0,404,0,0,0,0,0,0
87,11020,88.08980858794556,99996,21,11,0,0,287,154,0.004410176407056282,8,11,49736,49856,233,120,0,0,0,0,0,0,99587,0,0,0,0,0,0,0,0,0,0,409,0,0,0,0,0,0
88,11020,89.1568309372965,99996,20,11,0,0,289,156,0.004450178007120285,10,9,49732,49856,236,122,0,0,0,0,0,0,99582,0,0,0,0,0,0,0,0,0,0,414,0,0,0,0,0,0
89,11020,90.19499755987312,99996,20,13,0,0,290,159,0.004490179607184288,14,6,49728,49856,236,123,0,0,0,0,0,0,99580,0,0,0,0,0,0,0,0,0,0,416,0,0,0,0,0,0
90,11020,91.08020498675083,99996,25,13,0,0,295,160,0.004550182007280291,10,5,49727,49856,236,124,0,0,0,0,0,0,99579,0,0,0,0,0,0,0,0,0,0,417,0,0,0,0,0,0
91,11020,92.02892003226945,99996,24,13,0,0,297,162,0.004590183607344294,12,3,49723,49856,239,126,0,0,0,0,0,0,99574,0,0,0,0,0,0,0,0,0,0,422,0,0,0,0,0,0
92,11020,93.12127969704878,99996,24,10,0,0,300,164,0.004640185607424297,12,3,49723,49855,239,130,0,0,0,0,0,0,99566,0,0,0,0,0,0,0,0,0,0,430,0,0,0,0,0,0
93,11020,94.01306964335036,99996,26,11,0,0,303,165,0.0046801872074883,11,2,49722,49855,239,130,0,0,0,0,0,0,99565,0,0,0,0,0,0,0,0,0,0,431,0,0,0,0,0,0
94,11020,95.00627535421191,99996,24,11,0,0,304,165,0.0046901876075043005,13,3,49719,49854,242,130,0,0,0,0,0,0,99562,0,0,0,0,0,0,0,0,0,0,434,0,0,0,0,0,0
95,11020,96.03311988858334,99996,24,9,0,0,307,165,0.004720188807552302,14,3,49716,49854,244,132,0,0,0,0,0,0,99557,0,0,0,0,0,0,0,0,0,0,439,0,0,0,0,0,0
96,11020,97.00861290308978,99996,25,9,0,0,310,166,0.0047601904076163045,13,4,49714,49852,246,133,0,0,0,0,0,0,99554,0,0,0,0,0,0,0,0,0,0,442,0,0,0,0,0,0
97,11020,98.13150713319342,99996,25,7,0,0,315,166,0.004810192407696308,8,6,49715,49851,250,134,0,0,0,0,0,0,99547,0,0,0,0,0,0,0,0,0,0,449,0,0,0,0,0,0
98,11020,99.04856598015047,99996,23,7,0,0,315,168,0.004830193207728309,9,4,49716,49851,250,136,0,0,0,0,0,0,99543,0,0,0,0,0,0,0,0,0,0,453,0,0,0,0,0,0
99,11020,100.02762561751061,99996,26,8,0,0,319,171,0.004900196007840313,6,7,49716,49845,250,138,0,0,0,0,0,0,99540,0,0,0,0,0,0,0,0,0,0,456,0,0,0,0,0,0
100,11020,101.06333380020794,99996,21,8,0,0,319,173,0.004920196807872315,12,7,49712,49844,253,139,0,0,0,0,0,0,99533,0,0,0,0,0,0,0,0,0,0,463,0,0,0,0,0,0
101,11020,102.1681826861402,99996,22,7,0,0,323,174,0.004970198807952318,9,7,49713,49845,254,139,0,0,0,0,0,0,99528,0,0,0,0,0,0,0,0,0,0,468,0,0,0,0,0,0
102,11020,103.19193014532878,99996,21,9,0,0,325,176,0.005010200408016321,11,6,49710,49846,256,137,0,0,0,0,0,0,99525,0,0,0,0,0,0,0,0,0,0,471,0,0,0,0,0,0
103,11020,104.07485924873889,99996,20,10,0,0,328,178,0.005060202408096324,12,6,49706,49845,260,137,0,0,0,0,0,0,99520,0,0,0,0,0,0,0,0,0,0,476,0,0,0,0,0,0
104,11020,105.1754040347465,99996,18,9,0,0,329,179,0.0050802032081283255,16,8,49701,49843,263,138,0,0,0,0,0,0,99515,0,0,0,0,0,0,0,0,0,0,481,0,0,0,0,0,0
105,11020,106.18723035857,99996,18,8,0,0,334,180,0.005140205608224329,12,10,49702,49841,266,139,0,0,0,0,0,0,99508,0,0,0,0,0,0,0,0,0,0,488,0,0,0,0,0,0
106,11020,107.15250788711181,99996,21,12,0,0,341,186,0.0052702108084323376,9,9,49699,49836,269,141,0,0,0,0,0,0,99502,0,0,0,0,0,0,0,0,0,0,494,0,0,0,0,0,0
107,11020,108.01206227388106,99996,17,15,0,0,344,191,0.005350214008560342,11,6,49694,49834,276,143,0,0,0,0,0,0,99493,0,0,0,0,0,0,0,0,0,0,503,0,0,0,0,0,0
108,11020,109.00558923607598,99996,21,19,0,0,348,195,0.005430217208688347,11,5,49691,49834,275,140,0,0,0,0,0,0,99493,0,0,0,0,0,0,0,0,0,0,503,0,0,0,0,0,0
109,11020,110.02113764634058,99996,22,17,0,0,351,195,0.00546021840873635,13,9,49687,49831,276,141,0,0,0,0,0,0,99489,0,0,0,0,0,0,0,0,0,0,507,0,0,0,0,0,0
110,11020,111.02056287429866,99996,18,21,0,0,353,200,0.005530221208848354,14,9,49685,49827,281,141,0,0,0,0,0,0,99482,0,0,0,0,0,0,0,0,0,0,514,0,0,0,0,0,0
111,11020,112.25281981627244,99996,17,21,0,0,357,203,0.0056002240089603585,16,7,49679,49827,286,143,0,0,0,0,0,0,99474,0,0,0,0,0,0,0,0,0,0,522,0,0,0,0,0,0
112,11020,113.06460287647096,99996,18,21,0,0,361,206,0.0056702268090723625,16,5,49677,49826,287,146,0,0,0,0,0,0,99468,0,0,0,0,0,0,0,0,0,0,528,0,0,0,0,0,0
113,11020,114.06525207495392,99996,18,18,0,0,364,207,0.005710228409136366,17,4,49675,49826,288,150,0,0,0,0,0,0,99461,0,0,0,0,0,0,0,0,0,0,535,0,0,0,0,0,0
114,11020,115.05901147833312,99996,20,17,0,0,366,208,0.005740229609184367,18,7,49675,49822,285,152,0,0,0,0,0,0,99459,0,0,0,0,0,0,0,0,0,0,537,0,0,0,0,0,0
115,11020,116.02709427078793,99996,19,16,0,0,369,210,0.005790231609264371,18,6,49672,49821,289,155,0,0,0,0,0,0,99452,0,0,0,0,0,0,0,0,0,0,544,0,0,0,0,0,0
116,11020,117.0552776816696,99996,27,17,0,0,379,213,0.005920236809472379,10,5,49671,49819,290,157,0,0,0,0,0,0,99448,0,0,0,0,0,0,0,0,0,0,548,0,0,0,0,0,0
117,11020,118.07936074667884,99996,26,16,0,0,382,215,0.005970238809552382,11,6,49669,49816,292,160,0,0,0,0,0,0,99441,0,0,0,0,0,0,0,0,0,0,555,0,0,0,0,0,0
118,11020,119.13348162087549,99996,26,12,0,0,384,215,0.0059902396095843835,15,8,49665,49815,292,163,0,0,0,0,0,0,99435,0,0,0,0,0,0,0,0,0,0,561,0,0,0,0,0,0
119,11020,120.10026251388744,99996,23,10,0,0,388,216,0.006040241609664387,14,7,49663,49816,298,165,0,0,0,0,0,0,99425,0,0,0,0,0,0,0,0,0,0,571,0,0,0,0,0,0
120,11020,121.07867465022152,99996,19,10,0,0,390,218,0.006080243209728389,18,5,49658,49816,303,167,0,0,0,0,0,0,99417,0,0,0,0,0,0,0,0,0,0,579,0,0,0,0,0,0
121,11020,122.14638140187196,99996,23,11,0,0,397,220,0.006170246809872395,16,6,49653,49813,306,168,0,0,0,0,0,0,99413,0,0,0,0,0,0,0,0,0,0,583,0,0,0,0,0,0
122,11020,123.09793705338869,99996,25,9,0,0,400,221,0.006210248409936397,16,7,49650,49811,307,171,0,0,0,0,0,0,99409,0,0,0,0,0,0,0,0,0,0,587,0,0,0,0,0,0
123,11020,124.02027476937688,99996,25,11,0,0,403,223,0.0062602504100164,14,6,49649,49811,310,170,0,0,0,0,0,0,99406,0,0,0,0,0,0,0,0,0,0,590,0,0,0,0,0,0
124,11020,125.07496809181447,99996,24,13,0,0,405,225,0.006300252010080404,21,6,49641,49809,312,170,0,0,0,0,0,0,99403,0,0,0,0,0,0,0,0,0,0,593,0,0,0,0,0,0
125,11020,126.04050856745245,99996,27,12,0,0,412,225,0.006370254810192408,18,7,49642,49808,311,171,0,0,0,0,0,0,99398,0,0,0,0,0,0,0,0,0,0,598,0,0,0,0,0,0
126,11020,127.25477673652047,99996,27,15,0,0,419,229,0.006480259210368415,17,4,49637,49808,317,171,0,0,0,0,0,0,99390,0,0,0,0,0,0,0,0,0,0,606,0,0,0,0,0,0
127,11020,128.19381908377784,99996,30,15,0,0,424,230,0.006540261610464419,16,4,49633,49807,319,172,0,0,0,0,0,0,99387,0,0,0,0,0,0,0,0,0,0,609,0,0,0,0,0,0
128,11020,129.07696378271353,99995,28,16,1,0,428,231,0.006590329516475824,15,5,49630,49805,324,172,0,0,0,0,0,0,99381,0,0,0,0,0,0,0,0,0,0,614,0,0,0,0,0,0
129,11020,130.23944959481452,99995,26,16,1,0,429,233,0.006620331016550828,19,7,49625,49801,327,174,0,0,0,0,0,0,99376,0,0,0,0,0,0,0,0,0,0,619,0,0,0,0,0,0
130,11020,131.13432183790573,99995,23,16,1,0,431,234,0.006650332516625832,25,9,49618,49798,331,175,0,0,0,0,0,0,99370,0,0,0,0,0,0,0,0,0,0,625,0,0,0,0,0,0
131,11020,132.1464448440609,99995,29,17,1,0,438,236,0.006740337016850843,19,11,49619,49798,330,172,0,0,0,0,0,0,99368,0,0,0,0,0,0,0,0,0,0,627,0,0,0,0,0,0
132,11020,133.12211255230574,99995,28,17,1,0,442,238,0.00680034001700085,19,10,49617,49797,333,174,0,0,0,0,0,0,99361,0,0,0,0,0,0,0,0,0,0,634,0,0,0,0,0,0
133,11020,134.02021070486654,99995,30,19,1,0,447,240,0.006870343517175859,19,10,49612,49796,336,173,0,0,0,0,0,0,99358,0,0,0,0,0,0,0,0,0,0,637,0,0,0,0,0,0
134,11020,135.045479145938,99995,32,19,1,0,455,244,0.006990349517475874,24,12,49599,49790,342,177,0,0,0,0,0,0,99348,0,0,0,0,0,0,0,0,0,0,647,0,0,0,0,0,0
135,11020,136.2482835160218,99995,30,20,1,0,458,248,0.007060353017650883,28,13,49593,49785,346,180,0,0,0,0,0,0,99340,0,0,0,0,0,0,0,0,0,0,655,0,0,0,0,0,0
136,11020,137.03284729614353,99995,39,20,1,0,469,250,0.007190359517975899,24,12,49586,49785,348,181,0,0,0,0,0,0,99336,0,0,0,0,0,0,0,0,0,0,659,0,0,0,0,0,0
137,11020,138.07102552723921,99995,38,22,1,0,474,253,0.007270363518175909,28,13,49580,49781,351,182,0,0,0,0,0,0,99329,0,0,0,0,0,0,0,0,0,0,666,0,0,0,0,0,0
138,11020,139.02176656129637,99995,41,22,1,0,480,255,0.007350367518375919,25,12,49578,49780,353,184,0,0,0,0,0,0,99325,0,0,1,0,0,0,0,0,0,0,669,0,0,0,0,0,0
139,11020,140.23541537657854,99995,45,18,1,0,488,257,0.0074503725186259315,28,12,49571,49779,353,189,0,0,0,0,0,0,99315,0,0,1,0,0,0,0,0,0,0,679,0,0,0,0,0,0
140,11020,141.02226471136385,99995,45,19,1,0,493,260,0.0075303765188259415,25,12,49570,49776,357,191,0,0,0,0,0,0,99308,0,0,1,0,0,0,0,0,0,0,686,0,0,0,0,0,0
141,11020,142.05014590289545,99995,43,19,1,0,500,263,0.0076303815190759535,26,16,49563,49770,365,193,0,0,0,0,0,0,99296,0,0,1,0,0,0,0,0,0,0,698,0,0,0,0,0,0
142,11020,143.01298710224896,99995,42,20,1,0,503,266,0.0076903845192259615,30,19,49556,49764,369,195,0,0,0,0,0,0,99290,0,0,1,0,0,0,0,0,0,0,704,0,0,0,0,0,0
143,11020,144.03043321591008,99995,44,22,1,0,514,270,0.00784039201960098,23,19,49553,49760,377,197,0,0,0,0,0,0,99279,0,0,1,0,0,0,0,0,0,0,715,0,0,0,0,0,0
144,11020,145.13639297317906,99995,48,26,1,0,522,276,0.007980399019950998,21,16,49548,49758,380,198,0,0,0,0,0,0,99273,0,0,1,0,0,0,0,0,0,0,721,0,0,0,0,0,0
145,11020,146.01440368706866,99995,46,27,1,0,525,280,0.008050402520126006,22,18,49545,49752,384,201,0,0,0,0,0,0,99265,0,0,1,0,0,0,0,0,0,0,729,0,0,0,0,0,0
146,11020,147.25558782350905,99995,48,26,1,0,537,285,0.008220411020551028,24,18,49534,49747,391,207,0,0,0,0,0,0,99249,0,0,1,0,0,0,0,0,0,0,745,0,0,0,0,0,0
147,11020,148.10577199201367,99995,49,29,1,0,543,291,0.008340417020851042,26,12,49527,49747,395,210,0,0,0,0,0,0,99241,0,0,1,0,0,0,0,0,0,0,753,0,0,0,0,0,0
148,11020,149.0366753092207,99995,48,25,1,0,551,292,0.008430421521076054,28,16,49517,49743,404,214,0,0,0,0,0,0,99227,0,0,1,0,0,0,0,0,0,0,767,0,0,0,0,0,0
149,11020,150.16075016453615,99995,53,24,1,0,559,296,0.008550427521376068,27,14,49512,49742,405,218,0,0,0,0,0,0,99219,0,0,1,0,0,0,0,0,0,0,775,0,0,0,0,0,0
150,11020,151.05648282467783,99995,53,23,1,0,565,299,0.00864043202160108,30,14,49503,49740,411,221,0,0,0,0,0,0,99209,0,0,1,0,0,0,0,0,0,0,785,0,0,0,0,0,0
151,11020,152.08612360366553,99995,55,22,1,0,571,301,0.00872043602180109,34,16,49495,49736,413,224,0,0,0,0,0,0,99202,0,0,1,0,0,0,0,0,0,0,792,0,0,0,0,0,0
152,11020,153.23310602803454,99995,56,23,1,0,580,304,0.008840442022101104,39,17,49482,49733,420,225,0,0,0,0,0,0,99192,0,0,1,0,0,0,0,0,0,0,802,0,0,0,0,0,0
153,11020,154.1812056413194,99995,63,22,1,0,594,305,0.008990449522476124,34,19,49473,49730,427,227,0,0,0,0,0,0,99183,0,0,1,0,0,0,0,0,0,0,811,0,0,0,0,0,0
154,11020,155.1323761114875,99995,61,23,1,0,599,308,0.009070453522676134,33,22,49471,49724,432,229,0,0,0,0,0,0,99174,0,0,1,0,0,0,0,0,0,0,820,0,0,0,0,0,0
155,11020,156.12986384575404,99995,54,24,1,0,605,312,0.009170458522926146,37,21,49462,49724,444,229,0,0,0,0,0,0,99158,0,0,1,0,0,0,0,0,0,0,836,0,0,0,0,0,0
156,11020,157.1275527571348,99995,53,24,1,0,612,315,0.009270463523176158,38,24,49455,49719,451,231,0,0,0,0,0,0,99147,0,0,1,0,0,0,0,0,0,0,847,0,0,0,0,0,0
157,11020,158.12539390222184,99995,54,25,1,0,620,321,0.009410470523526176,42,27,49443,49712,458,234,0,0,0,0,0,0,99135,0,0,1,0,0,0,0,0,0,0,859,0,0,0,0,0,0
158,11020,159.1234213248857,99995,54,28,1,0,631,328,0.009590479523976198,45,24,49430,49709,468,237,0,0,0,0,0,0,99120,0,0,1,0,0,0,0,0,0,0,874,0,0,0,0,0,0
159,11020,160.1216446471266,99995,63,32,1,0,645,334,0.009790489524476224,41,25,49421,49704,472,237,0,0,0,0,0,0,99113,0,0,1,0,0,0,0,0,0,0,881,0,0,0,0,0,0
160,11020,161.12001111072158,99995,60,26,1,0,655,338,0.009930496524826242,45,22,49408,49703,484,247,0,0,0,0,0,0,99090,0,0,1,0,0,0,0,0,0,0,904,0,0,0,0,0,0
161,11020,162.14236603326611,99995,64,28,1,0,664,343,0.010070503525176258,41,18,49403,49702,489,250,0,0,0,0,0,0,99083,0,0,2,0,0,0,0,0,0,0,910,0,0,0,0,0,0
162,11020,163.15068423264145,99995,62,24,1,0,674,348,0.010220511025551278,46,21,49388,49695,501,258,0,0,0,0,0,0,99062,0,0,2,0,0,0,0,0,0,0,931,0,0,0,0,0,0
163,11020,164.00605664343374,99995,69,22,1,0,684,350,0.010340517025851292,44,19,49380,49695,504,262,0,0,0,0,0,0,99055,0,0,2,0,0,0,0,0,0,0,938,0,0,0,0,0,0
164,11020,165.27485202400766,99995,69,22,1,0,701,353,0.010540527026351318,42,19,49368,49692,518,265,0,0,0,0,0,0,99036,0,0,3,0,0,0,0,0,0,0,956,0,0,0,0,0,0
165,11020,166.08162457280625,99995,65,22,1,0,707,356,0.010630531526576328,43,22,49361,49686,528,268,0,0,0,0,0,0,99023,0,0,3,0,0,0,0,0,0,0,969,0,0,0,0,0,0
166,11020,167.0061484427944,99995,67,21,1,0,718,358,0.010760538026901346,43,24,49352,49685,535,268,0,0,0,0,0,0,99011,0,0,3,0,0,0,0,0,0,0,981,0,0,0,0,0,0
167,11020,168.00587245009962,99995,70,24,1,0,733,363,0.01096054802740137,37,23,49345,49684,545,267,0,0,0,0,0,0,98997,0,0,3,0,0,0,0,0,0,0,995,0,0,0,0,0,0
168,11020,169.00574939275862,99995,71,24,1,0,747,370,0.011170558527926396,32,23,49336,49678,558,273,0,0,0,0,0,0,98979,0,0,5,0,0,0,0,0,0,0,1011,0,0,0,0,0,0
169,11020,170.00584684552166,99995,70,29,1,0,755,378,0.011330566528326416,38,21,49325,49674,564,274,0,0,0,0,0,0,98968,0,0,6,0,0,0,0,0,0,0,1021,0,0,0,0,0,0
170,11020,171.00611854348054,99995,70,28,1,0,764,380,0.01144057202860143,41,22,49313,49672,573,276,0,0,0,0,0,0,98956,0,0,6,0,0,0,0,0,0,0,1033,0,0,0,0,0,0
171,11020,172.00659661043898,99995,76,28,1,0,776,384,0.01160058002900145,38,23,49306,49669,577,278,0,0,0,0,0,0,98946,0,0,6,0,0,0,0,0,0,0,1043,0,0,0,0,0,0
172,11020,173.0071704373978,99995,74,23,1,0,786,386,0.011720586029301466,45,31,49291,49659,587,285,0,0,0,0,0,0,98927,0,0,6,0,0,0,0,0,0,0,1062,0,0,0,0,0,0
173,11020,174.00797962391687,99995,81,29,1,0,801,395,0.011960598029901496,45,32,49278,49650,593,287,0,0,0,0,0,0,98916,0,0,6,0,0,0,0,0,0,0,1073,0,0,0,0,0,0
174,11020,175.00896055208653,99995,87,34,1,0,817,404,0.012210610530526526,36,32,49272,49641,602,291,0,0,0,0,0,0,98902,0,0,6,0,0,0,0,0,0,0,1087,0,0,0,0,0,0
175,11020,176.01008512977327,99995,79,32,1,0,823,408,0.01231061553077654,42,32,49261,49638,615,296,0,0,0,0,0,0,98883,0,0,7,0,0,0,0,0,0,0,1105,0,0,0,0,0,0
176,11020,177.0114204473998,99995,76,36,1,0,831,414,0.012450622531126556,41,29,49260,49637,620,296,0,0,0,0,0,0,98870,0,0,7,0,0,0,0,0,0,0,1118,0,0,0,0,0,0
177,11020,178.0128434481525,99995,80,41,1,0,842,424,0.012660633031651583,48,25,49246,49631,623,301,0,0,0,0,0,0,98858,0,0,7,0,0,0,0,0,0,0,1130,0,0,0,0,0,0
178,11020,179.0144170387658,99995,86,40,1,0,856,427,0.012830641532076604,48,31,49234,49622,629,305,0,0,0,0,0,0,98846,0,0,7,0,0,0,0,0,0,0,1142,0,0,0,0,0,0
179,11020,180.01619204452365,99995,83,43,1,0,868,435,0.01303065153257663,52,27,49220,49619,642,309,0,0,0,0,0,0,98826,0,0,7,0,0,0,0,0,0,0,1162,0,0,0,0,0,0
180,11020,181.01819533241647,99995,93,45,1,0,888,442,0.013300665033251663,46,34,49207,49605,651,314,0,0,0,0,0,0,98811,0,0,7,0,0,0,0,0,0,0,1177,0,0,0,0,0,0
181,11020,182.0204241367121,99995,84,44,1,0,898,449,0.013470673533676683,49,32,49198,49601,666,321,0,0,0,0,0,0,98784,0,0,7,0,0,0,0,0,0,0,1204,0,0,0,0,0,0
182,11020,183.02290259562008,99995,82,44,1,0,907,454,0.013610680534026701,56,34,49187,49594,672,326,0,0,0,0,0,0,98768,0,0,7,0,0,0,0,0,0,0,1220,0,0,0,0,0,0
183,11020,184.02552760341055,99995,86,47,1,0,924,464,0.013880694034701735,53,26,49174,49593,684,332,0,0,0,0,0,0,98749,0,0,8,0,0,0,0,0,0,0,1238,0,0,0,0,0,0
184,11020,185.02842696579788,99995,91,41,1,0,940,470,0.014100705035251763,49,24,49167,49589,690,344,0,0,0,0,0,0,98726,0,0,8,0,0,0,0,0,0,0,1261,0,0,0,0,0,0
185,11020,186.03152127470142,99995,86,41,1,0,951,473,0.01424071203560178,52,27,49160,49584,699,346,0,0,0,0,0,0,98707,0,0,8,0,0,0,0,0,0,0,1280,0,0,0,0,0,0
186,11020,187.03476453741135,99995,89,42,1,0,967,479,0.014460723036151807,51,28,49148,49578,709,350,0,0,0,0,0,0,98689,0,0,8,0,0,0,0,0,0,0,1298,0,0,0,0,0,0
187,11020,188.03821240557406,99995,89,42,1,0,982,483,0.014650732536626831,47,30,49139,49574,722,352,0,0,0,0,0,0,98670,0,0,8,0,0,0,0,0,0,0,1317,0,0,0,0,0,0
188,11020,189.0418499325386,99995,92,44,1,0,995,488,0.014830741537076853,45,35,49131,49566,729,353,0,0,0,0,0,0,98657,0,0,8,0,0,0,0,0,0,0,1330,0,0,0,0,0,0
189,11020,190.0456384664131,99995,91,45,1,0,1008,493,0.015010750537526877,46,36,49118,49560,742,357,0,0,0,0,0,0,98639,0,0,8,0,0,0,0,0,0,0,1348,0,0,0,0,0,0
190,11020,191.04965913633188,99995,88,48,1,0,1020,505,0.015250762538126907,44,28,49111,49557,754,365,0,0,0,0,0,0,98615,0,0,8,0,0,0,0,0,0,0,1372,0,0,0,0,0,0
191,11020,192.0538748286041,99995,78,49,1,0,1026,513,0.015390769538476923,49,28,49105,49549,765,372,0,0,0,0,0,0,98592,0,0,8,0,0,0,0,0,0,0,1395,0,0,0,0,0,0
192,11020,193.0582705605159,99995,81,53,1,0,1037,525,0.015620781039051953,50,34,49098,49531,768,380,0,0,0,0,0,0,98576,0,0,8,0,0,0,0,0,0,0,1411,0,0,0,0,0,0
193,11020,194.06278013736355,99995,91,54,1,0,1054,534,0.015880794039701985,47,36,49086,49520,773,388,0,0,0,0,0,0,98561,0,0,8,0,0,0,0,0,0,0,1426,0,0,0,0,0,0
194,11020,195.06742293515094,99995,94,48,1,0,1068,545,0.016130806540327017,46,33,49076,49515,781,402,0,0,0,0,0,0,98533,0,0,8,0,0,0,0,0,0,0,1454,0,0,0,0,0,0
195,11020,196.0722669622217,99995,90,53,1,0,1080,553,0.01633081654082704,47,33,49066,49509,794,403,0,0,0,0,0,0,98514,0,0,8,0,0,0,0,0,0,0,1473,0,0,0,0,0,0
196,11020,197.0773634151531,99995,91,64,1,0,1097,567,0.01664083204160208,48,23,49049,49506,809,405,0,0,0,0,0,0,98495,0,0,8,0,0,0,0,0,0,0,1492,0,0,0,0,0,0
197,11020,198.0827587052241,99995,95,60,1,0,1110,570,0.0168008400420021,53,28,49033,49500,816,410,0,0,0,0,0,0,98479,0,0,8,0,0,0,0,0,0,0,1508,0,0,0,0,0,0
198,11020,199.08838043155876,99995,90,59,1,0,1123,576,0.016990849542477125,57,30,49018,49496,832,413,0,0,0,0,0,0,98454,0,0,8,0,0,0,0,0,0,0,1533,0,0,0,0,0,0
199,11020,200.0942861390364,99995,90,52,1,0,1134,584,0.01718085904295215,58,37,49009,49482,840,427,0,0,0,0,0,0,98429,0,0,9,0,0,0,0,0,0,0,1557,0,0,0,0,0,0
200,11020,201.1004048333145,99995,93,49,1,0,1150,591,0.017410870543527177,63,37,48994,49477,847,435,0,0,0,0,0,0,98406,0,0,9,0,0,0,0,0,0,0,1580,0,0,0,0,0,0
201,11020,202.10680395065788,99995,84,51,1,0,1159,600,0.0175908795439772,72,32,48979,49474,862,441,0,0,0,0,0,0,98381,0,0,9,0,0,0,0,0,0,0,1605,0,0,0,0,0,0
202,11020,203.11349669763246,99995,91,51,1,0,1174,606,0.017800890044502225,78,29,48963,49473,865,445,0,0,0,0,0,0,98367,0,0,9,0,0,0,0,0,0,0,1619,0,0,0,0,0,0
203,11020,204.12037262122598,99995,90,57,1,0,1191,614,0.018050902545127256,75,28,48952,49467,880,446,0,0,0,0,0,0,98347,0,0,9,0,0,0,0,0,0,0,1639,0,0,0,0,0,0
204,11020,205.12750436950455,99994,90,55,2,0,1211,622,0.01833109986599196,67,28,48942,49462,897,453,0,0,0,0,0,0,98317,0,0,9,0,0,0,0,0,0,0,1668,0,0,0,0,0,0
205,11020,206.13491612857297,99994,98,55,2,0,1227,630,0.018571114266856013,60,30,48935,49454,903,459,0,0,0,0,0,0,98301,0,0,9,0,0,0,0,0,0,0,1684,0,0,0,0,0,0
206,11020,207.14248650426939,99994,99,53,2,0,1237,635,0.018721123267396042,63,37,48925,49446,909,462,0,0,0,0,0,0,98286,0,0,10,0,0,0,0,0,0,0,1698,0,0,0,0,0,0
207,11020,208.15018977111353,99994,100,59,2,0,1252,647,0.018991139468368102,62,33,48914,49440,920,466,0,0,0,0,0,0,98266,0,0,10,0,0,0,0,0,0,0,1718,0,0,0,0,0,0
208,11020,209.15808996537243,99994,97,66,2,0,1272,659,0.01931115866952017,59,29,48904,49434,936,469,0,0,0,0,0,0,98239,0,0,11,0,0,0,0,0,0,0,1744,0,0,0,0,0,0
209,11020,210.16623424504732,99994,105,65,2,0,1295,667,0.01962117727063624,53,28,48891,49428,947,477,0,0,0,0,0,0,98215,0,0,11,0,0,0,0,0,0,0,1768,0,0,0,0,0,0
210,11020,211.174617672526,99994,98,65,2,0,1304,678,0.01982118927135628,60,25,48879,49422,959,486,0,0,0,0,0,0,98188,0,0,11,0,0,0,0,0,0,0,1795,0,0,0,0,0,0
211,11020,212.1832676619951,99994,95,60,2,0,1312,686,0.019981198871932317,64,29,48870,49411,967,498,0,0,0,0,0,0,98164,0,0,11,0,0,0,0,0,0,0,1819,0,0,0,0,0,0
212,11020,213.19210645338927,99993,104,59,3,0,1337,694,0.020311421799525966,52,26,48861,49407,978,506,0,0,0,0,0,0,98139,0,0,11,0,0,0,0,0,0,0,1843,0,0,0,0,0,0
213,11020,214.20119771513225,99993,99,55,3,0,1347,700,0.02047143300031002,48,25,48861,49405,987,513,0,0,0,0,0,0,98116,0,0,13,0,0,0,0,0,0,0,1864,0,0,0,0,0,0
214,11020,215.21038389299613,99992,102,53,4,0,1363,706,0.020691655332426593,46,32,48851,49394,995,519,0,0,0,0,0,0,98095,0,0,13,0,0,0,0,0,0,0,1884,0,0,0,0,0,0
215,11020,216.2197418650458,99992,99,51,4,0,1379,714,0.02093167453396272,46,31,48838,49392,1011,524,0,0,0,0,0,0,98066,0,0,13,0,0,0,0,0,0,0,1913,0,0,0,0,0,0
216,11020,217.22941159964586,99992,100,53,4,0,1392,723,0.02115169213537083,45,32,48831,49383,1018,530,0,0,0,0,0,0,98047,0,0,13,0,0,0,0,0,0,0,1932,0,0,0,0,0,0
217,11020,218.23924411865167,99992,101,50,4,0,1404,730,0.021341707336586926,51,32,48816,49377,1026,539,0,0,0,0,0,0,98026,0,0,13,0,0,0,0,0,0,0,1953,0,0,0,0,0,0
218,11020,219.24928452609726,99992,97,42,4,0,1414,736,0.021501720137611008,56,37,48804,49370,1037,549,0,0,0,0,0,0,97998,0,0,13,0,0,0,0,0,0,0,1981,0,0,0,0,0,0
219,11020,220.25963423120209,99992,96,42,4,0,1428,743,0.021711736938955117,58,40,48791,49364,1049,552,0,0,0,0,0,0,97977,0,0,14,0,0,0,0,0,0,0,2001,0,0,0,0,0,0
220,11020,221.27018017844117,99992,97,45,4,0,1447,752,0.02199175934074726,49,39,48784,49356,1064,558,0,0,0,0,0,0,97954,0,0,15,0,0,0,0,0,0,0,2023,0,0,0,0,0,0
221,11020,222.28090713954737,99992,105,46,4,0,1464,759,0.022231778542283382,50,46,48771,49343,1068,563,0,0,0,0,0,0,97939,0,0,15,0,0,0,0,0,0,0,2038,0,0,0,0,0,0
222,11020,223.29179898500726,99992,102,46,4,0,1476,770,0.0224617969437555,53,48,48759,49331,1080,573,0,0,0,0,0,0,97913,0,0,15,0,0,0,0,0,0,0,2064,0,0,0,0,0,0
223,11020,224.30296315374196,99992,105,51,4,0,1490,783,0.02273181854548364,56,42,48744,49328,1089,577,0,0,0,0,0,0,97895,0,0,16,0,0,0,0,0,0,0,2081,0,0,0,0,0,0
224,11020,225.3143879872349,99992,101,56,4,0,1501,793,0.022941835346827748,67,40,48728,49321,1098,581,0,0,0,0,0,0,97875,0,0,16,0,0,0,0,0,0,0,2101,0,0,0,0,0,0
225,11020,226.32605335291908,99992,101,49,4,0,1519,796,0.023151852148171854,67,45,48711,49315,1115,589,0,0,0,0,0,0,97847,0,0,16,0,0,0,0,0,0,0,2129,0,0,0,0,0,0
226,11020,227.0006957442973,99992,106,56,4,0,1532,804,0.02336186894951596,63,39,48705,49314,1120,589,0,0,0,0,0,0,97838,0,0,16,0,0,0,0,0,0,0,2138,0,0,0,0,0,0
227,11020,228.0128355249911,99992,98,58,4,0,1543,815,0.023581886550924074,68,35,48690,49308,1138,597,0,0,0,0,0,0,97810,0,0,16,0,0,0,0,0,0,0,2166,0,0,0,0,0,0
228,11020,229.02526799528812,99992,91,56,4,0,1554,819,0.02373189855188415,73,38,48678,49304,1152,600,0,0,0,0,0,0,97786,0,0,16,0,0,0,0,0,0,0,2190,0,0,0,0,0,0
229,11020,230.03801272065596,99992,94,53,4,0,1571,823,0.023941915353228257,68,39,48669,49301,1163,605,0,0,0,0,0,0,97765,0,0,16,0,0,0,0,0,0,0,2211,0,0,0,0,0,0
230,11020,231.0509508639527,99992,99,53,4,0,1586,834,0.02420193615489239,65,34,48662,49296,1168,615,0,0,0,0,0,0,97745,0,0,17,0,0,0,0,0,0,0,2230,0,0,0,0,0,0
231,11020,232.06404197571277,99991,102,59,5,0,1605,841,0.024462201598143832,55,39,48657,49287,1179,613,0,0,0,0,0,0,97728,0,0,17,0,0,0,0,0,0,0,2246,0,0,0,0,0,0
232,11020,233.0772648736416,99991,95,58,5,0,1616,853,0.024692222300007,57,33,48646,49283,1195,624,0,0,0,0,0,0,97697,0,0,17,0,0,0,0,0,0,0,2277,0,0,0,0,0,0
233,11020,234.09078994354596,99991,91,56,5,0,1627,858,0.024852236701303116,64,36,48633,49279,1205,627,0,0,0,0,0,0,97675,0,0,17,0,0,0,0,0,0,0,2299,0,0,0,0,0,0
234,11020,235.104576491259,99991,95,56,5,0,1639,869,0.025082257403166285,65,37,48625,49272,1208,633,0,0,0,0,0,0,97657,0,0,18,0,0,0,0,0,0,0,2316,0,0,0,0,0,0
235,11020,236.11848536210638,99990,98,59,6,0,1655,878,0.025332533253325334,60,30,48617,49273,1217,636,0,0,0,0,0,0,97638,0,0,18,0,0,0,0,0,0,0,2334,0,0,0,0,0,0
236,11020,237.13255636610972,99990,102,59,6,0,1669,883,0.02552255225522552,64,32,48604,49272,1222,635,0,0,0,0,0,0,97623,0,0,18,0,0,0,0,0,0,0,2349,0,0,0,0,0,0
237,11020,238.1468391192687,99990,103,63,6,0,1690,895,0.02585258525852585,63,25,48586,49269,1240,641,0,0,0,0,0,0,97595,0,0,18,0,0,0,0,0,0,0,2377,0,0,0,0,0,0
238,11020,239.16144958051507,99990,103,59,6,0,1708,899,0.026072607260726074,58,33,48577,49262,1254,644,0,0,0,0,0,0,97569,0,0,18,0,0,0,0,0,0,0,2403,0,0,0,0,0,0
239,11020,240.17632679627317,99990,104,58,6,0,1724,906,0.026302630263026303,51,32,48573,49259,1264,649,0,0,0,0,0,0,97546,0,0,18,0,0,0,0,0,0,0,2426,0,0,0,0,0,0
240,11020,241.1913327532701,99990,107,62,6,0,1743,914,0.026572657265726572,49,35,48561,49249,1275,652,0,0,0,0,0,0,97526,0,0,18,0,0,0,0,0,0,0,2446,0,0,0,0,0,0
241,11020,242.20653034193526,99990,103,62,6,0,1753,924,0.026772677267726773,50,32,48553,49247,1286,657,0,0,0,0,0,0,97502,0,0,18,0,0,0,0,0,0,0,2470,0,0,0,0,0,0
242,11020,243.2219594686625,99990,101,56,6,0,1766,931,0.026972697269726974,52,33,48548,49245,1291,664,0,0,0,0,0,0,97475,0,0,19,0,0,0,0,0,0,0,2496,0,0,0,0,0,0
243,11020,244.23754106584042,99990,88,54,6,0,1773,936,0.027092709270927093,56,32,48540,49242,1308,670,0,0,0,0,0,0,97448,0,0,19,0,0,0,0,0,0,0,2523,0,0,0,0,0,0
244,11020,245.25338040235084,99990,84,49,6,0,1779,938,0.02717271727172717,58,33,48540,49242,1310,674,0,0,0,0,0,0,97431,0,0,19,0,0,0,0,0,0,0,2540,0,0,0,0,0,0
245,11020,246.26930872368328,99990,77,46,6,0,1786,943,0.027292729272927294,62,32,48535,49244,1318,676,0,0,0,0,0,0,97409,0,0,19,0,0,0,0,0,0,0,2562,0,0,0,0,0,0
246,11020,247.28539753785566,99990,71,47,6,0,1797,949,0.027462746274627463,66,30,48523,49241,1332,680,0,0,0,0,0,0,97387,0,0,19,0,0,0,0,0,0,0,2584,0,0,0,0,0,0
247,11020,248.30172129628363,99990,77,50,6,0,1816,960,0.027762776277627764,58,22,48517,49240,1340,686,0,0,0,0,0,0,97366,0,0,19,0,0,0,0,0,0,0,2605,0,0,0,0,0,0
248,11020,249.31823671064305,99990,84,45,6,0,1831,963,0.027942794279427943,50,24,48514,49237,1344,692,0,0,0,0,0,0,97350,0,0,19,0,0,0,0,0,0,0,2621,0,0,0,0,0,0
249,11020,250.33487687145183,99990,82,48,6,0,1840,971,0.028112811281128112,48,26,48509,49231,1353,693,0,0,0,0,0,0,97334,0,0,19,0,0,0,0,0,0,0,2637,0,0,0,0,0,0
250,11020,251.01268613617216,99990,84,46,6,0,1850,974,0.028242824282428244,51,25,48498,49230,1359,697,0,0,0,0,0,0,97321,0,0,19,0,0,0,0,0,0,0,2650,0,0,0,0,0,0
251,11020,252.02958385378923,99990,86,46,6,0,1861,982,0.02843284328432843,50,20,48491,49228,1365,704,0,0,0,0,0,0,97306,0,0,21,0,0,0,0,0,0,0,2663,0,0,0,0,0,0
252,11020,253.0730657715051,99990,91,45,6,0,1883,985,0.028682868286828683,41,24,48488,49222,1372,707,0,0,0,0,0,0,97285,0,0,21,0,0,0,0,0,0,0,2684,0,0,0,0,0,0
253,11020,254.0902785256932,99990,84,47,6,0,1889,993,0.028822882288228824,50,24,48487,49220,1371,707,0,0,0,0,0,0,97266,0,0,21,0,0,0,0,0,0,0,2703,0,0,0,0,0,0
254,11020,255.10746114531017,99990,92,49,6,0,1905,1002,0.02907290729072907,51,24,48475,49213,1374,712,0,0,0,0,0,0,97251,0,0,21,0,0,0,0,0,0,0,2718,0,0,0,0,0,0
255,11020,256.124734810672,99990,83,43,6,0,1916,1007,0.02923292329232923,53,25,48468,49212,1388,718,0,0,0,0,0,0,97220,0,0,21,0,0,0,0,0,0,0,2749,0,0,0,0,0,0
256,11020,257.14225664511144,99990,86,42,6,0,1932,1013,0.029452945294529454,49,24,48459,49208,1398,724,0,0,0,0,0,0,97200,0,0,21,0,0,0,0,0,0,0,2769,0,0,0,0,0,0
257,11020,258.1599991352249,99990,91,45,6,0,1947,1021,0.029682968296829683,43,23,48454,49204,1404,726,0,0,0,0,0,0,97185,0,0,21,0,0,0,0,0,0,0,2784,0,0,0,0,0,0
258,11020,259.1778567375325,99990,85,42,6,0,1953,1026,0.029792979297929793,46,24,48452,49201,1409,731,0,0,0,0,0,0,97165,0,0,21,0,0,0,0,0,0,0,2804,0,0,0,0,0,0
259,11020,260.1958224456321,99989,90,40,7,0,1968,1033,0.030013301463160946,52,23,48435,49199,1414,736,0,0,0,0,0,0,97146,0,0,21,0,0,0,0,0,0,0,2822,0,0,0,0,0,0
260,11020,261.2140003361381,99989,93,38,7,0,1983,1037,0.0302033223654602,49,30,48426,49194,1423,736,0,0,0,0,0,0,97128,0,0,21,0,0,0,0,0,0,0,2840,0,0,0,0,0,0
261,11020,262.23235310385047,99989,93,38,7,0,1995,1043,0.03038334216763844,50,31,48417,49190,1431,739,0,0,0,0,0,0,97110,0,0,21,0,0,0,0,0,0,0,2858,0,0,0,0,0,0
262,11020,263.2508618701448,99989,94,46,7,0,2007,1055,0.03062336857054276,52,27,48406,49186,1439,739,0,0,0,0,0,0,97095,0,0,21,0,0,0,0,0,0,0,2873,0,0,0,0,0,0
263,11020,264.26954439740445,99989,99,40,7,0,2021,1059,0.030803388372721,57,32,48393,49180,1442,746,0,0,0,0,0,0,97076,0,0,21,0,0,0,0,0,0,0,2892,0,0,0,0,0,0
264,11020,265.28841156785046,99989,104,47,7,0,2038,1070,0.03108341917610937,52,28,48383,49174,1452,749,0,0,0,0,0,0,97061,0,0,22,0,0,0,0,0,0,0,2906,0,0,0,0,0,0
265,11020,266.30747145037145,99989,102,48,7,0,2052,1077,0.03129344227865065,47,28,48376,49171,1466,751,0,0,0,0,0,0,97039,0,0,22,0,0,0,0,0,0,0,2928,0,0,0,0,0,0
266,11020,267.3267536140476,99989,94,49,7,0,2060,1087,0.03147346208082889,58,28,48364,49162,1475,759,0,0,0,0,0,0,97015,0,0,23,0,0,0,0,0,0,0,2951,0,0,0,0,0,0
267,11020,268.00640663505015,99989,101,52,7,0,2073,1096,0.03169348628349118,55,22,48358,49161,1477,763,0,0,0,0,0,0,97003,0,0,23,0,0,0,0,0,0,0,2963,0,0,0,0,0,0
268,11020,269.3076486819578,99989,102,52,7,0,2093,1106,0.03199351928712158,51,22,48345,49157,1493,767,0,0,0,0,0,0,96974,0,0,23,0,0,0,0,0,0,0,2992,0,0,0,0,0,0
269,11020,270.3275419181699,99989,105,48,7,0,2106,1109,0.032153536889057796,54,23,48332,49153,1500,774,0,0,0,0,0,0,96957,0,0,23,0,0,0,0,0,0,0,3009,0,0,0,0,0,0
270,11020,271.0075942537982,99988,106,45,7,1,2114,1114,0.03228387406488779,54,23,48327,49151,1504,778,0,0,0,0,0,0,96944,0,0,25,0,0,0,0,0,0,0,3019,0,0,0,0,0,0
271,11020,272.02785090629067,99988,93,41,7,1,2126,1118,0.03244389326719206,52,29,48323,49144,1523,783,0,0,0,0,0,0,96911,0,0,25,0,0,0,0,0,0,0,3052,0,0,0,0,0,0
272,11020,273.0483313440988,99988,97,39,7,1,2141,1121,0.03262391486978437,47,32,48318,49142,1529,784,0,0,0,0,0,0,96896,0,0,26,0,0,0,0,0,0,0,3066,0,0,0,0,0,0
273,11020,274.06890820611295,99988,100,44,7,1,2152,1129,0.0328139376725207,59,31,48302,49138,1530,784,0,0,0,0,0,0,96886,0,0,27,0,0,0,0,0,0,0,3075,0,0,0,0,0,0
274,11020,275.08964716442176,99988,97,47,7,1,2163,1136,0.03299395927511301,65,28,48291,49134,1538,788,0,0,0,0,0,0,96869,0,0,28,0,0,0,0,0,0,0,3091,0,0,0,0,0,0
275,11020,276.1105681701141,99988,103,45,7,1,2180,1144,0.03324398927871344,63,27,48284,49131,1541,794,0,0,0,0,0,0,96848,0,0,28,0,0,0,0,0,0,0,3112,0,0,0,0,0,0
276,11020,277.13163533868396,99988,110,46,7,1,2202,1151,0.03353402408288995,56,22,48273,49136,1552,793,0,0,0,0,0,0,96828,0,0,29,0,0,0,0,0,0,0,3131,0,0,0,0,0,0
277,11020,278.1529432917522,99988,109,46,7,1,2217,1158,0.033754050486058326,67,23,48252,49128,1563,800,0,0,0,0,0,0,96805,0,0,29,0,0,0,0,0,0,0,3154,0,0,0,0,0,0
278,11020,279.03560657700837,99988,111,50,7,1,2228,1165,0.03393407208865064,63,19,48250,49126,1567,802,0,0,0,0,0,0,96793,0,0,29,0,0,0,0,0,0,0,3166,0,0,0,0,0,0
279,11020,280.17185777000736,99988,115,45,7,1,2256,1172,0.03428411409369124,55,23,48234,49118,1587,811,0,0,0,0,0,0,96759,0,0,31,0,0,0,0,0,0,0,3198,0,0,0,0,0,0
280,11020,281.1939564335368,99988,114,50,7,1,2270,1181,0.03451414169700364,63,23,48215,49113,1599,811,0,0,0,0,0,0,96740,0,0,31,0,0,0,0,0,0,0,3217,0,0,0,0,0,0
281,11020,282.2079627074921,99988,110,48,7,1,2282,1184,0.0346641596991639,66,31,48207,49105,1608,813,0,0,0,0,0,0,96720,0,0,32,0,0,0,0,0,0,0,3236,0,0,0,0,0,0
282,11020,283.2305383774436,99988,113,56,7,1,2303,1196,0.03499419930391647,56,31,48203,49096,1619,814,0,0,0,0,0,0,96698,0,0,32,0,0,0,0,0,0,0,3258,0,0,0,0,0,0
283,11020,284.25320610292073,99988,111,55,7,1,2320,1204,0.0352442293075169,58,31,48194,49091,1628,820,0,0,0,0,0,0,96671,0,0,33,0,0,0,0,0,0,0,3284,0,0,0,0,0,0
284,11020,285.27608175095855,99988,108,53,7,1,2336,1211,0.0354742569108293,58,30,48181,49091,1644,823,0,0,0,0,0,0,96644,0,0,34,0,0,0,0,0,0,0,3310,0,0,0,0,0,0
285,11020,286.29928004236274,99988,102,50,7,1,2347,1219,0.03566427971356563,64,23,48167,49090,1658,834,0,0,0,0,0,0,96616,0,0,34,0,0,0,0,0,0,0,3338,0,0,0,0,0,0
286,11020,287.3228233002586,99988,112,51,7,1,2368,1228,0.03596431571788614,64,23,48151,49087,1664,836,0,0,0,0,0,0,96597,0,0,34,0,0,0,0,0,0,0,3357,0,0,0,0,0,0
287,11020,288.0053113742938,99988,108,49,7,1,2379,1232,0.0361143337200464,69,25,48139,49082,1675,841,0,0,0,0,0,0,96578,0,0,36,0,0,0,0,0,0,0,3374,0,0,0,0,0,0
288,11020,289.02928044761995,99988,101,43,7,1,2391,1238,0.036294355322638715,73,27,48130,49077,1687,850,0,0,0,0,0,0,96547,0,0,36,0,0,0,0,0,0,0,3405,0,0,0,0,0,0
289,11020,290.053522578154,99987,107,48,7,2,2411,1249,0.03660475861862042,65,25,48126,49071,1693,852,0,0,0,0,0,0,96528,0,0,37,0,0,0,0,0,0,0,3422,0,0,0,0,0,0
290,11020,291.07793439311496,99986,113,40,8,2,2430,1253,0.03683515692196908,62,27,48116,49068,1699,861,0,0,0,0,0,0,96504,0,0,38,0,0,0,0,0,0,0,3444,0,0,0,0,0,0
291,11020,292.10248746471376,99986,122,44,8,2,2456,1257,0.0371351989278499,53,29,48107,49065,1708,858,0,0,0,0,0,0,96488,0,0,39,0,0,0,0,0,0,0,3459,0,0,0,0,0,0
292,11020,293.12719475887025,99986,125,46,8,2,2473,1265,0.03738523393275058,54,24,48099,49064,1712,862,0,0,0,0,0,0,96469,0,0,40,0,0,0,0,0,0,0,3477,0,0,0,0,0,0
293,11020,294.15208147780334,99986,118,42,8,2,2486,1269,0.03755525773608305,61,34,48089,49054,1722,866,0,0,0,0,0,0,96442,0,0,41,0,0,0,0,0,0,0,3503,0,0,0,0,0,0
294,11020,295.1771269924129,99986,120,46,8,2,2503,1281,0.03784529834176785,58,26,48078,49056,1734,868,0,0,0,0,0,0,96421,0,0,43,0,0,0,0,0,0,0,3522,0,0,0,0,0,0
295,11020,296.20239951613974,99986,117,52,8,2,2521,1290,0.038115336147060586,57,31,48066,49047,1750,866,0,0,0,0,0,0,96398,0,0,44,0,0,0,0,0,0,0,3544,0,0,0,0,0,0
296,11020,297.2279506957141,99986,111,55,8,2,2538,1297,0.03835536975176525,57,34,48060,49041,1762,866,0,0,0,0,0,0,96373,0,0,46,0,0,0,0,0,0,0,3567,0,0,0,0,0,0
297,11020,298.2536668991275,99986,110,52,8,2,2554,1302,0.03856539915588182,59,35,48048,49037,1773,872,0,0,0,0,0,0,96348,0,0,46,0,0,0,0,0,0,0,3592,0,0,0,0,0,0
298,11020,299.2796506798848,99986,106,54,8,2,2569,1310,0.03879543136039045,58,35,48038,49030,1788,877,0,0,0,0,0,0,96323,0,0,46,0,0,0,0,0,0,0,3617,0,0,0,0,0,0
299,11020,300.30587761688224,99985,112,53,9,2,2591,1321,0.03912586888033205,57,34,48025,49024,1795,885,0,0,0,0,0,0,96297,0,0,48,0,0,0,0,0,0,0,3640,0,0,0,0,0,0
300,11020,301.3322902889684,99985,114,55,9,2,2606,1330,0.03936590488573286,60,32,48015,49019,1800,890,0,0,0,0,0,0,96277,0,0,48,0,0,0,0,0,0,0,3660,0,0,0,0,0,0
301,11020,302.01665460747546,99985,106,59,9,2,2615,1339,0.03954593188978347,56,28,48014,49017,1813,892,0,0,0,0,0,0,96257,0,0,50,0,0,0,0,0,0,0,3678,0,0,0,0,0,0
302,11020,303.0433824437512,99985,111,57,9,2,2628,1349,0.03977596639495924,60,27,48002,49011,1816,901,0,0,0,0,0,0,96237,0,0,50,0,0,0,0,0,0,0,3698,0,0,0,0,0,0
303,11020,304.07032917920935,99985,116,58,9,2,2650,1356,0.04006600990148522,65,27,47978,49005,1830,906,0,0,0,0,0,0,96215,0,0,51,0,0,0,0,0,0,0,3719,0,0,0,0,0,0
304,11020,305.09765572812904,99985,114,54,9,2,2668,1362,0.04030604590688603,61,29,47971,48997,1843,916,0,0,0,0,0,0,96185,0,0,51,0,0,0,0,0,0,0,3749,0,0,0,0,0,0
305,11020,306.12519050470894,99985,112,63,9,2,2686,1372,0.04058608791318698,60,33,47962,48983,1855,917,0,0,0,0,0,0,96165,0,0,52,0,0,0,0,0,0,0,3768,0,0,0,0,0,0
306,11020,307.15285904839806,99985,106,66,9,2,2694,1383,0.04077611641746262,68,29,47953,48978,1862,923,0,0,0,0,0,0,96144,0,0,53,0,0,0,0,0,0,0,3788,0,0,0,0,0,0
307,11020,308.1807298236558,99984,107,66,9,3,2714,1388,0.04102656425028005,62,33,47951,48970,1869,926,0,0,0,0,0,0,96120,0,0,53,0,0,0,0,0,0,0,3811,0,0,0,0,0,0
308,11020,309.208693035991,99984,107,69,9,3,2731,1398,0.04129660745719315,59,31,47944,48965,1879,930,0,0,0,0,0,0,96096,0,0,53,0,0,0,0,0,0,0,3835,0,0,0,0,0,0
309,11020,310.2368394138491,99984,103,66,9,3,2743,1409,0.04152664426308209,69,30,47932,48957,1885,942,0,0,0,0,0,0,96069,0,0,56,0,0,0,0,0,0,0,3859,0,0,0,0,0,0
310,11020,311.2652192370968,99984,106,60,9,3,2762,1414,0.041766682669227076,68,35,47919,48952,1896,948,0,0,0,0,0,0,96043,0,0,57,0,0,0,0,0,0,0,3884,0,0,0,0,0,0
311,11020,312.2938055639458,99984,107,57,9,3,2779,1418,0.041976716274603934,58,41,47919,48947,1905,950,0,0,0,0,0,0,96020,0,0,57,0,0,0,0,0,0,0,3907,0,0,0,0,0,0
312,11020,313.3224910616873,99984,107,59,9,3,2795,1426,0.04221675468074892,56,38,47913,48947,1913,951,0,0,0,0,0,0,95998,0,0,57,0,0,0,0,0,0,0,3929,0,0,0,0,0,0
313,11020,314.0083604334826,99984,109,59,9,3,2803,1434,0.042376780284845574,56,39,47913,48939,1911,958,0,0,0,0,0,0,95985,0,0,58,0,0,0,0,0,0,0,3941,0,0,0,0,0,0
314,11020,315.03722426243013,99984,101,61,9,3,2813,1445,0.04258681389022244,66,37,47900,48935,1922,962,0,0,0,0,0,0,95958,0,0,58,0,0,0,0,0,0,0,3968,0,0,0,0,0,0
315,11020,316.0662936238358,99984,107,60,9,3,2829,1459,0.042886861897903666,63,33,47892,48932,1927,970,0,0,0,0,0,0,95933,0,0,58,0,0,0,0,0,0,0,3993,0,0,0,0,0,0
316,11020,317.09552210457605,99984,111,61,9,3,2848,1467,0.04315690510481677,63,36,47883,48924,1932,974,0,0,0,0,0,0,95911,0,0,58,0,0,0,0,0,0,0,4015,0,0,0,0,0,0
317,11020,318.1249318481368,99983,113,60,9,4,2870,1477,0.043477391156496605,60,38,47870,48913,1946,983,0,0,0,0,0,0,95880,0,0,58,0,0,0,0,0,0,0,4045,0,0,0,0,0,0
318,11020,319.1545979644475,99983,113,62,9,4,2882,1490,0.04372743366372283,64,32,47856,48908,1956,992,0,0,0,0,0,0,95857,0,0,58,0,0,0,0,0,0,0,4068,0,0,0,0,0,0
319,11020,320.1844980100618,99983,110,64,9,4,2898,1499,0.04397747617094906,69,29,47845,48908,1964,992,1,1,1,1,0,0,95830,0,0,58,0,0,0,0,0,0,1,4093,1,0,0,0,0,0
320,11020,321.0377438326351,99983,115,57,9,4,2917,1504,0.04421751697788624,64,34,47839,48899,1969,1002,2,2,2,2,0,0,95802,0,0,58,0,0,0,0,0,0,3,4119,1,0,0,0,0,0
321,11020,322.1325426096613,99983,114,58,9,4,2933,1513,0.04446755948511247,65,33,47830,48890,1977,1010,3,3,3,3,0,0,95775,0,0,58,0,0,0,0,0,0,5,4144,1,0,0,0,0,0
322,11020,323.12575590317556,99983,111,61,9,4,2944,1522,0.04466759349089345,67,30,47820,48885,1987,1014,4,4,4,4,0,0,95753,0,0,58,0,0,0,0,0,0,7,4164,1,0,0,0,0,0
323,11020,324.0830372607885,99983,110,65,9,4,2956,1530,0.04486762749667444,63,30,47819,48881,1992,1013,5,5,5,5,0,0,95735,0,0,59,0,0,0,0,0,0,9,4179,1,0,0,0,0,0
324,11020,325.263972356631,99983,112,60,9,4,2971,1536,0.045077663202744464,67,33,47808,48879,1997,1017,5,5,6,6,0,0,95710,0,0,60,0,0,0,0,0,0,11,4201,1,0,0,0,0,0
325,11020,326.0958052319699,99983,118,59,9,4,2983,1539,0.0452276887070802,65,40,47798,48868,2002,1021,6,6,7,7,0,0,95698,0,0,60,0,0,0,0,0,0,13,4211,1,0,0,0,0,0
326,11020,327.06336289566934,99983,108,57,9,4,3000,1548,0.04548773291459548,62,38,47792,48868,2020,1024,7,7,8,8,0,0,95659,0,0,61,0,0,0,0,0,0,15,4247,1,0,0,0,0,0
327,11020,328.0268871393611,99983,107,58,9,4,3010,1556,0.045667763519798364,64,35,47786,48865,2024,1028,8,8,9,9,0,0,95640,0,0,62,0,0,0,0,0,0,17,4263,1,0,0,0,0,0
328,11020,329.04601216408497,99983,106,57,9,4,3031,1565,0.04596781452846984,69,31,47765,48861,2040,1036,9,9,10,10,0,0,95607,0,0,63,0,0,0,0,0,0,19,4293,1,0,0,0,0,0
329,11020,330.00646850303673,99983,100,48,9,4,3041,1572,0.046137843433383674,77,35,47759,48856,2043,1045,10,10,11,11,0,0,95573,0,0,63,0,0,0,0,0,0,21,4325,1,0,0,0,0,0
330,11020,331.0209140228234,99982,108,49,9,5,3061,1580,0.04641835530395471,76,31,47750,48857,2044,1045,11,11,12,12,0,0,95553,0,0,63,0,0,0,0,0,0,22,4342,2,0,0,0,0,0
331,11020,332.00061946004047,99982,116,48,9,5,3082,1586,0.046688403912704284,73,33,47741,48852,2047,1048,12,12,13,13,0,0,95532,0,0,63,0,0,0,0,0,0,23,4361,3,0,0,0,0,0
332,11020,333.0158126744448,99982,118,48,9,5,3098,1590,0.046888439919185454,72,35,47735,48849,2051,1048,13,13,14,14,0,0,95513,0,0,64,0,0,0,0,0,0,25,4377,3,0,0,0,0,0
333,11020,334.0652097139727,99982,116,50,9,5,3117,1599,0.04716849032825909,68,31,47727,48846,2064,1052,14,14,15,15,0,0,95484,0,0,65,0,0,0,0,0,0,27,4403,3,0,0,0,0,0
334,11020,335.00809318949314,99982,120,52,9,5,3129,1607,0.04736852633474025,70,30,47721,48840,2063,1056,15,15,16,16,0,0,95468,0,0,65,0,0,0,0,0,0,29,4417,3,0,0,0,0,0
335,11020,336.06784985782184,99982,116,56,9,5,3145,1619,0.047648576743813884,67,29,47723,48831,2067,1061,16,16,17,17,0,0,95438,0,0,65,0,0,0,0,0,0,31,4445,3,0,0,0,0,0
336,11020,337.0211949838688,99982,109,63,9,5,3158,1632,0.047908623552239404,71,26,47708,48822,2084,1065,17,17,18,18,0,0,95412,0,0,67,0,0,0,0,0,0,33,4467,3,0,0,0,0,0
337,11020,338.04581745431534,99982,112,61,9,5,3179,1639,0.04818867396131304,60,26,47700,48818,2099,1070,18,18,19,19,0,0,95387,0,0,71,0,0,0,0,0,0,35,4486,3,0,0,0,0,0
338,11020,339.0103786948149,99982,116,62,9,5,3197,1645,0.04842871716909044,58,29,47694,48813,2102,1070,19,19,20,20,0,0,95366,0,0,71,0,0,0,0,0,0,37,4505,3,0,0,0,0,0
339,11020,340.00191449706995,99981,110,58,10,5,3210,1649,0.04859923385443234,58,33,47685,48808,2115,1074,20,20,21,21,0,0,95338,0,0,72,0,0,0,0,0,0,39,4529,3,0,0,0,0,0
340,11020,341.0212474901166,99981,106,56,10,5,3224,1658,0.04882927756273692,55,32,47681,48804,2125,1080,21,21,22,22,0,0,95307,0,0,72,0,0,0,0,0,0,41,4558,3,0,0,0,0,0
341,11020,342.10510547971074,99981,99,52,10,5,3245,1668,0.04913933647393005,59,34,47667,48793,2141,1092,22,22,23,23,0,0,95265,0,0,74,0,0,0,0,0,0,43,4596,3,0,0,0,0,0
342,11020,343.13937502944117,99981,104,51,10,5,3265,1675,0.0494093877836789,48,31,47666,48789,2147,1099,23,23,24,24,0,0,95241,0,0,75,0,0,0,0,0,0,45,4617,3,0,0,0,0,0
343,11020,344.17375674714793,99981,103,55,10,5,3280,1684,0.049649433392344546,46,34,47661,48777,2154,1103,24,24,25,25,0,0,95219,0,0,75,0,0,0,0,0,0,46,4637,4,0,0,0,0,0
344,11020,345.2082527360416,99981,100,60,10,5,3299,1696,0.049959492303537675,43,31,47657,48770,2162,1107,26,25,26,27,0,0,95188,0,0,76,0,0,0,0,0,0,49,4664,4,0,0,0,0,0
345,11020,346.24289153059505,99981,94,59,10,5,3309,1708,0.05017953411148118,50,25,47644,48767,2172,1115,28,27,28,29,0,0,95156,0,0,77,0,0,0,0,0,0,53,4691,4,0,0,0,0,0
346,11020,347.2778175818141,99981,92,60,10,5,3318,1717,0.05035956831798041,55,26,47634,48759,2177,1119,30,29,30,31,0,0,95135,0,0,79,0,0,0,0,0,0,57,4706,4,0,0,0,0,0
347,11020,348.3129252000962,99981,94,68,10,5,3329,1728,0.05057961012592393,56,20,47623,48755,2183,1119,32,31,32,33,0,0,95120,0,0,80,0,0,0,0,0,0,61,4716,4,0,0,0,0,0
348,11020,349.1454749719024,99981,102,63,10,5,3351,1734,0.050859663336033846,54,22,47611,48748,2187,1127,34,33,34,35,0,0,95092,0,0,81,0,0,0,0,0,0,65,4739,4,0,0,0,0,0
349,11020,350.16170625169156,99980,101,57,10,6,3364,1740,0.0510502100420084,56,31,47603,48733,2191,1135,37,36,37,38,0,0,95062,0,0,82,0,0,0,0,0,0,70,4761,5,0,0,0,0,0
350,11020,351.19734814556966,99980,100,55,10,6,3380,1746,0.05127025405081016,57,31,47588,48725,2203,1142,40,39,40,41,0,0,95033,0,0,84,0,0,0,0,0,0,76,4782,5,0,0,0,0,0
351,11020,352.2333289171821,99980,94,59,10,6,3390,1757,0.051480296059211846,64,26,47579,48719,2208,1146,43,42,43,44,0,0,95005,0,0,84,0,0,0,0,0,0,81,4804,6,0,0,0,0,0
352,11020,353.26949164486314,99980,100,63,10,6,3409,1767,0.051770354070814165,57,27,47571,48708,2214,1148,46,46,47,48,0,0,94979,0,0,85,0,0,0,0,0,0,89,4821,6,0,0,0,0,0
353,11020,354.3057975030599,99980,102,55,10,6,3426,1770,0.05197039407881576,60,32,47555,48702,2221,1153,50,50,51,52,0,0,94946,0,0,85,0,0,0,0,0,0,96,4846,7,0,0,0,0,0
354,11020,355.3424043940599,99980,90,58,10,6,3437,1778,0.05216043208641728,70,33,47539,48691,2235,1155,54,55,56,57,0,0,94910,0,0,87,0,0,0,0,0,0,106,4870,7,0,0,0,0,0
355,11020,356.0336758057591,99980,94,61,10,6,3448,1785,0.052340468093618725,69,31,47530,48681,2236,1159,59,60,61,62,0,0,94890,0,0,87,0,0,0,0,0,0,115,4880,8,0,0,0,0,0
356,11020,357.07082386229916,99980,104,53,10,6,3467,1789,0.05257051410282056,66,36,47520,48672,2236,1165,62,66,67,67,0,0,94859,0,0,87,0,0,0,0,0,0,125,4900,9,0,0,0,0,0
357,11020,358.1081169325074,99980,99,51,10,6,3481,1796,0.052780556111222246,68,34,47511,48669,2243,1166,67,72,73,73,0,0,94821,0,0,87,0,0,0,0,0,0,135,4926,11,0,0,0,0,0
358,11020,359.1456856961738,99980,97,50,10,6,3494,1805,0.053000600120024007,69,37,47495,48655,2253,1171,74,79,80,80,0,0,94784,0,0,88,0,0,0,0,0,0,148,4948,12,0,0,0,0,0
359,11020,360.18360267660444,99980,104,45,10,6,3512,1812,0.05325065013002601,65,36,47485,48645,2253,1179,81,87,88,87,0,0,94749,0,0,91,0,0,0,0,0,0,163,4965,12,0,0,0,0,0
360,11020,361.2216989309333,99980,110,46,10,6,3529,1820,0.05350070014002801,63,33,47472,48633,2254,1184,89,96,97,95,0,0,94718,0,0,91,1,0,0,0,0,0,177,4979,14,0,0,0,0,0
361,11020,362.2600659462112,99978,112,56,12,6,3547,1835,0.0538318430054612,71,27,47444,48621,2262,1183,97,105,107,104,0,0,94678,0,0,91,1,0,0,0,0,0,196,4998,14,0,0,0,0,0
362,11020,363.29885547099474,99977,112,57,13,6,3564,1841,0.05406243435990278,74,28,47424,48609,2269,1183,106,115,118,113,0,0,94639,0,0,92,1,0,0,0,0,0,214,5015,16,0,0,0,0,0
363,11020,364.3380195161377,99977,120,61,13,6,3584,1850,0.054352501075247306,63,28,47412,48594,2274,1182,116,127,130,123,0,0,94602,0,0,92,1,0,0,0,0,0,234,5030,18,0,0,0,0,0
364,11020,365.0309476468225,99977,125,62,13,6,3597,1856,0.05454254478530062,65,26,47394,48582,2274,1182,127,140,143,134,0,0,94567,0,0,92,1,0,0,0,0,0,256,5041,20,0,0,0,0,0
365,11020,366.07071133578074,99977,128,54,13,6,3617,1859,0.05477259769747042,68,34,47373,48559,2279,1191,137,154,157,146,0,0,94514,0,0,92,1,0,0,0,0,0,281,5068,21,0,0,0,0,0
366,11020,367.11086367156815,99976,131,56,13,7,3636,1868,0.055053212771065056,60,31,47363,48544,2282,1192,149,168,172,159,0,0,94465,0,0,92,1,0,0,0,0,0,307,5088,23,0,0,0,0,0
367,11020,368.1512387359895,99976,121,59,13,7,3650,1878,0.05529327038489237,62,31,47348,48523,2293,1195,161,183,189,173,0,0,94406,0,0,93,1,0,0,0,0,0,336,5115,25,0,0,0,0,0
368,11020,369.19198786630204,99976,116,63,13,7,3661,1890,0.055523325598143554,69,31,47328,48498,2298,1198,174,201,207,188,0,0,94350,0,0,94,1,0,0,0,0,0,369,5137,25,0,0,0,0,0
369,11020,370.23319595399494,99976,107,66,13,7,3676,1905,0.055823397615427706,72,26,47304,48473,2313,1206,189,220,227,205,0,0,94279,0,0,95,1,0,0,0,0,0,405,5170,26,0,0,0,0,0
370,11020,371.2749773821653,99976,113,62,13,7,3698,1915,0.056143474433864124,64,26,47278,48445,2323,1216,207,242,249,223,0,0,94212,0,0,97,1,0,0,0,0,0,444,5195,27,0,0,0,0,0
371,11020,372.31733499839135,99976,114,62,13,7,3710,1923,0.056343522445386894,67,29,47251,48418,2329,1217,224,265,273,242,0,0,94153,0,0,97,1,0,0,0,0,0,484,5211,30,0,0,0,0,0
372,11020,373.0125614125376,99976,118,62,13,7,3725,1929,0.056553572857485794,74,26,47215,48392,2333,1220,245,291,299,263,0,0,94093,0,0,97,1,0,0,0,0,0,527,5224,34,0,0,0,0,0
373,11020,374.0561511022945,99976,128,64,13,7,3745,1938,0.05684364247419381,76,28,47183,48359,2333,1222,265,318,327,285,0,0,94028,0,0,97,1,0,0,0,0,0,575,5239,36,0,0,0,0,0
374,11020,375.1002852699827,99976,127,65,13,7,3766,1944,0.05711370728974954,77,37,47147,48318,2346,1224,288,347,357,309,0,0,93949,0,0,97,1,0,0,0,0,0,627,5264,38,0,0,0,0,0
375,11020,376.1451887407284,99976,123,65,13,7,3781,1954,0.057363767304153,81,33,47109,48283,2360,1230,312,380,390,334,0,0,93863,0,0,97,1,0,0,0,0,0,684,5292,39,0,0,0,0,0
376,11020,377.1909662587617,99976,128,66,13,7,3804,1966,0.05771385132431783,82,34,47067,48244,2369,1233,339,414,425,361,0,0,93774,0,0,97,1,0,0,0,0,0,744,5319,41,0,0,0,0,0
377,11020,378.2375540532897,99976,135,69,13,7,3829,1976,0.058063935344482676,81,33,47027,48204,2376,1234,366,451,463,390,0,0,93690,0,0,99,2,0,0,0,0,0,806,5334,45,0,0,0,0,0
378,11020,379.2849696976628,99976,134,59,13,7,3849,1984,0.05834400256061455,77,36,46995,48161,2382,1246,397,489,504,421,0,0,93592,0,0,101,2,0,0,0,0,0,867,5358,56,0,0,0,0,0
379,11020,380.3332042090839,99976,136,54,13,7,3876,1991,0.058684084180203246,71,38,46950,48118,2401,1252,427,529,548,454,0,0,93484,0,0,102,2,0,0,0,0,0,939,5388,61,0,0,0,0,0
380,11020,381.03259596764764,99976,121,55,13,7,3882,1997,0.05880411298711691,78,39,46908,48070,2416,1254,462,573,595,489,0,0,93381,0,0,103,2,0,0,0,0,0,1017,5408,65,0,0,0,0,0
381,11020,382.08282371049233,99976,129,63,13,7,3901,2010,0.05912418980555333,77,32,46870,48019,2412,1254,497,623,646,526,0,0,93286,0,0,104,2,0,0,0,0,0,1097,5414,73,0,0,0,0,0
382,11020,383.13387315134565,99976,123,62,13,7,3915,2014,0.05930423301592382,82,37,46823,47962,2420,1254,537,676,700,566,0,0,93174,0,0,105,2,0,0,0,0,0,1185,5431,79,0,0,0,0,0
383,11020,384.1859020859681,99976,122,69,13,7,3929,2026,0.05956429543090341,92,35,46773,47901,2420,1257,578,729,758,608,0,0,93058,0,0,105,2,0,0,0,0,0,1281,5447,83,0,0,0,0,0
384,11020,385.2389543427243,99976,122,72,13,7,3949,2037,0.0598743698487637,93,32,46725,47839,2425,1261,620,787,820,653,0,0,92930,0,0,106,2,0,0,0,0,0,1382,5467,89,0,0,0,0,0
385,11020,386.29308748651556,99976,120,67,13,7,3964,2044,0.060094422661438746,100,29,46673,47783,2427,1264,665,848,886,700,0,0,92790,0,0,106,2,0,0,0,0,0,1493,5494,91,0,0,0,0,0
386,11020,387.34834175773676,99976,121,69,13,7,3985,2055,0.06041449947987517,94,34,46621,47702,2436,1268,713,918,957,750,0,0,92647,0,0,108,2,0,0,0,0,0,1609,5514,96,0,0,0,0,0
387,11020,388.05250235495885,99976,125,70,13,7,3998,2061,0.0606045450908218,98,41,46560,47624,2437,1266,765,990,1032,803,0,0,92516,0,0,108,2,0,0,0,0,0,1726,5517,107,0,0,0,0,0
388,11020,389.1101592330085,99976,135,64,13,7,4033,2069,0.06103464831559574,84,42,46494,47548,2453,1272,819,1065,1112,859,0,0,92346,0,0,109,2,0,0,0,0,0,1858,5550,111,0,0,0,0,0
389,11020,390.16933002052934,99976,140,70,13,7,4056,2081,0.06138473233576058,82,40,46423,47465,2462,1270,878,1146,1197,918,0,0,92189,0,0,110,2,0,0,0,0,0,1992,5562,121,0,0,0,0,0
390,11020,391.2300327928934,99976,142,73,13,7,4078,2093,0.06172481395534928,87,43,46347,47369,2473,1274,936,1232,1287,980,0,0,92018,0,0,112,2,0,0,0,0,0,2136,5579,129,0,0,0,0,0
391,11020,392.2923839810174,99975,146,70,14,7,4101,2103,0.062055513878469616,80,46,46281,47272,2481,1279,996,1324,1382,1045,0,0,91835,0,0,115,2,0,0,0,0,0,2290,5598,135,0,0,0,0,0
392,11020,393.0014682739914,99975,145,74,14,7,4112,2114,0.062275568892223056,76,43,46216,47177,2486,1278,1061,1419,1483,1114,0,0,91660,0,0,116,2,0,0,0,0,0,2447,5602,148,0,0,0,0,0
393,11020,394.0669135048915,99975,144,82,14,7,4133,2127,0.06261565391347837,75,39,46137,47071,2498,1275,1130,1524,1590,1186,0,0,91464,0,0,117,2,0,0,0,0,0,2617,5618,157,0,0,0,0,0
394,11020,395.13414753466986,99975,156,75,14,7,4162,2133,0.06296574143535884,75,45,46050,46956,2502,1278,1201,1637,1703,1262,0,0,91264,0,0,118,2,0,0,0,0,0,2788,5628,175,0,0,0,0,0
395,11020,396.20322214890615,99975,163,67,14,7,4189,2142,0.06332583145786447,68,43,45965,46846,2515,1286,1273,1749,1822,1341,0,0,91047,0,0,121,2,0,0,0,0,0,2971,5644,190,0,0,0,0,0
396,11020,397.2742861088857,99975,151,72,14,7,4208,2156,0.06365591397849463,65,40,45880,46722,2538,1289,1350,1868,1948,1424,0,0,90808,0,0,122,2,0,0,0,0,0,3171,5673,199,0,0,0,0,0
397,11020,398.3474961168861,99975,142,72,14,7,4224,2168,0.063935983995999,72,38,45796,46596,2548,1289,1426,1996,2080,1511,0,0,90567,0,0,123,2,0,0,0,0,0,3376,5694,213,0,0,0,0,0
398,11020,399.0640989043342,99975,139,70,14,7,4239,2172,0.06412603150787696,72,41,45707,46463,2551,1287,1515,2130,2219,1602,0,0,90330,0,0,123,2,0,0,0,0,0,3589,5701,230,0,0,0,0,0
399,11020,400.14143587258906,99975,142,71,14,7,4256,2184,0.0644161040260065,79,41,45603,46324,2555,1288,1605,2267,2365,1697,0,0,90074,0,0,124,2,0,0,0,0,0,3821,5715,239,0,0,0,0,0
400,11020,401.2210337916571,99975,153,67,14,7,4284,2193,0.06478619654913728,71,39,45511,46178,2555,1293,1694,2414,2519,1796,0,0,89807,0,0,125,2,0,0,0,0,0,4059,5728,254,0,0,0,0,0
401,11020,402.3028480229517,99975,141,75,14,7,4303,2211,0.06515628907226807,76,34,45408,46022,2564,1291,1795,2569,2680,1900,0,0,89516,0,0,127,2,0,0,0,0,0,4311,5752,267,0,0,0,0,0
402,11020,403.02543217083905,99975,148,71,14,7,4321,2216,0.06538634658664666,71,41,45303,45853,2564,1292,1898,2734,2849,2008,0,0,89237,0,0,127,3,0,0,0,0,0,4571,5754,283,0,0,0,0,0
403,11020,404.11219782188067,99975,140,69,14,7,4343,2227,0.06571642910727682,76,41,45189,45683,2578,1296,2001,2902,3026,2120,0,0,88921,0,0,127,3,0,0,0,0,0,4844,5781,299,0,0,0,0,0
404,11020,405.20167497766016,99974,134,64,14,8,4359,2236,0.06596715145937944,88,46,45067,45502,2583,1304,2112,3074,3211,2237,0,0,88599,0,0,129,4,0,0,0,0,0,5133,5798,311,0,0,0,0,0
405,11020,406.2939976320985,99974,135,60,14,8,4382,2249,0.06632724508372177,78,45,44961,45322,2588,1313,2222,3250,3404,2359,0,0,88270,0,0,130,5,0,0,0,0,0,5425,5811,333,0,0,0,0,0
406,11020,407.0237498744332,99974,145,61,14,8,4401,2254,0.06656730749994999,70,48,44838,45126,2588,1312,2343,3443,3606,2485,0,0,87947,0,0,128,8,0,0,0,0,0,5736,5808,347,0,0,0,0,0
407,11020,408.1217075887138,99974,146,64,14,8,4421,2270,0.06692740112429231,72,42,44708,44933,2594,1311,2464,3640,3817,2616,0,0,87599,0,0,128,8,0,0,0,0,0,6052,5814,373,0,0,0,0,0
408,11020,409.2227879224123,99974,158,66,14,8,4446,2281,0.06728749474863464,69,38,44576,44732,2594,1310,2587,3844,4036,2752,0,0,87254,0,0,130,8,0,0,0,0,0,6377,5802,403,0,0,0,0,0
409,11020,410.3270434103026,99974,158,67,14,8,4470,2290,0.06761758057094845,80,36,44422,44523,2604,1311,2720,4053,4264,2893,0,0,86869,0,0,132,8,0,0,0,0,0,6732,5816,417,0,0,0,0,0
410,11020,411.06522452589576,99974,156,71,14,8,4484,2298,0.06783763778582431,76,35,44290,44300,2599,1300,2863,4284,4501,3039,0,0,86502,0,0,133,8,0,0,0,0,0,7080,5799,452,0,0,0,0,0
411,11020,412.1764855651765,99973,146,77,15,8,4494,2314,0.06809838656437238,83,33,44155,44079,2597,1291,3002,4510,4747,3190,0,0,86107,0,0,133,8,0,0,0,0,0,7445,5796,484,0,0,0,0,0
412,11020,413.29108639632676,99973,146,75,15,8,4517,2322,0.06840847028697748,79,39,44013,43836,2603,1291,3142,4749,5003,3346,0,0,85685,0,0,135,8,0,0,0,0,0,7836,5804,505,0,0,0,0,0
413,11020,414.0361338040355,99973,146,77,15,8,4530,2327,0.06858851890010302,91,41,43847,43590,2605,1282,3294,5000,5268,3507,0,0,85268,0,0,135,8,0,0,0,0,0,8237,5795,530,0,0,0,0,0
414,11020,415.1583733012186,99973,154,73,15,8,4563,2336,0.06900863233072929,90,45,43676,43326,2614,1288,3449,5258,5542,3674,0,0,84812,0,0,137,9,0,0,0,0,0,8658,5808,549,0,0,0,0,0
415,11020,416.28489924110994,99973,146,79,15,8,4590,2351,0.06942874576135556,86,45,43509,43069,2634,1286,3608,5511,5826,3846,0,0,84344,0,0,139,10,0,0,0,0,0,9086,5817,577,0,0,0,0,0
416,11020,417.03838243084925,99973,153,80,15,8,4613,2360,0.06974883218468987,79,49,43340,42793,2636,1277,3775,5791,6119,4023,0,0,83889,0,0,139,10,0,0,0,0,0,9517,5802,616,0,0,0,0,0
417,11020,418.17374443399166,99973,154,80,15,8,4638,2372,0.07011893211167015,88,50,43164,42506,2637,1280,3940,6074,6422,4205,0,0,83403,0,0,139,12,0,0,0,0,0,9969,5803,647,0,0,0,0,0
418,11020,419.31362323360275,99973,154,87,15,8,4663,2392,0.07056905364448401,86,40,42992,42218,2642,1278,4109,6367,6734,4392,0,0,82903,0,0,137,14,0,0,0,0,0,10431,5806,682,0,0,0,0,0
419,11020,420.07600990621324,99973,153,82,15,8,4675,2397,0.07073909955688036,129,68,42781,41893,2637,1275,4283,6672,7056,4585,0,0,82400,11,0,137,14,0,0,0,0,0,10911,5783,717,0,0,0,0,0
420,11020,421.0160780494931,99972,174,78,16,8,4711,2409,0.07121994158364342,136,82,42586,41568,2628,1283,4458,6979,7387,4783,0,0,81866,39,1,137,15,0,0,0,0,0,11415,5760,739,0,0,0,0,0
421,11020,422.27531661395267,99972,182,87,16,8,4750,2433,0.07185011803304925,161,86,42367,41249,2630,1283,4642,7285,7727,4986,0,0,81324,77,7,138,16,0,0,0,0,0,11913,5720,777,0,0,0,0,0
422,11020,423.2238172079201,99972,209,90,16,8,4799,2449,0.07250030008402353,169,95,42141,40916,2630,1282,4833,7607,8077,5194,0,0,80767,107,10,139,17,0,0,0,0,0,12437,5688,807,0,0,0,0,0
423,11020,424.17692410215886,99971,218,91,17,8,4837,2465,0.0730411819427634,181,102,41917,40586,2635,1279,5030,7932,8436,5408,0,0,80197,145,14,139,18,0,0,0,0,0,12964,5646,848,0,0,0,0,0
424,11020,425.1349158458227,99970,223,95,18,8,4882,2488,0.0737221166349905,201,110,41681,40238,2648,1281,5227,8266,8804,5627,0,0,79596,194,22,139,19,0,0,0,0,0,13507,5610,883,0,0,0,0,0
425,11020,426.0980032854003,99970,246,105,18,8,4940,2512,0.07454236270881265,212,105,41432,39887,2660,1275,5430,8618,9180,5851,0,0,78995,236,28,140,19,0,0,0,0,0,14060,5568,924,0,0,0,0,0
426,11020,427.06635044208525,99969,262,117,19,8,4987,2545,0.07534335644049656,222,109,41194,39520,2667,1279,5634,8965,9565,6080,0,0,78369,282,32,141,19,0,0,0,0,0,14635,5532,959,0,0,0,0,0
427,11020,428.0399113618581,99968,291,125,20,8,5051,2567,0.07620438540332906,227,117,40945,39140,2674,1276,5841,9332,9958,6314,0,0,77739,326,36,140,20,0,0,0,0,0,15216,5491,1000,0,0,0,0,0
428,11020,429.01893187611404,99968,291,136,20,8,5098,2597,0.0769746318822023,246,135,40707,38757,2689,1271,6045,9691,10360,6552,0,0,77097,379,45,144,20,0,0,0,0,0,15796,5436,1051,0,0,0,0,0
429,11020,430.00330604419963,99968,304,150,20,8,5159,2637,0.07798495518565941,253,133,40451,38367,2710,1279,6260,10061,10770,6795,0,0,76424,440,55,144,23,0,0,0,0,0,16398,5395,1089,0,0,0,0,0
430,11020,431.32429635723327,99967,346,166,21,8,5260,2682,0.07944621725169305,255,136,40168,37990,2742,1278,6466,10420,11187,7043,0,0,75734,517,62,147,23,0,0,0,0,0,17003,5339,1142,0,0,0,0,0
431,11020,432.3208580376099,99967,356,169,21,8,5315,2710,0.0802764912421099,283,157,39901,37588,2759,1276,6678,10800,11612,7295,0,0,75047,572,74,147,26,0,0,0,0,0,17623,5294,1184,0,0,0,0,0
432,11020,433.32354310129,99967,373,194,21,8,5381,2759,0.08142687086738623,303,155,39620,37180,2778,1280,6903,11181,12044,7552,0,0,74347,628,90,146,28,0,0,0,0,0,18251,5250,1227,0,0,0,0,0
433,11020,434.3328105196112,99966,397,217,22,8,5450,2803,0.08255806974371287,320,162,39332,36748,2792,1286,7135,11577,12482,7813,0,0,73648,675,103,148,31,0,0,0,0,0,18889,5200,1272,0,0,0,0,0
434,11020,435.00940978013784,99966,414,234,22,8,5501,2836,0.08339835544084989,331,159,39059,36325,2798,1278,7374,11994,12927,8078,0,0,72950,709,118,148,32,0,0,0,0,0,19538,5154,1317,0,0,0,0,0
435,11020,436.03203118263633,99965,441,255,23,8,5581,2882,0.08465963087080478,351,162,38760,35889,2819,1282,7604,12402,13378,8347,0,0,72209,762,137,153,32,0,0,0,0,0,20206,5116,1350,0,0,0,0,0
436,11020,437.06188753781015,99964,464,256,24,8,5665,2925,0.08593093513664919,400,171,38431,35445,2844,1304,7835,12814,13835,8620,0,0,71450,833,163,157,33,0,0,0,0,0,20867,5069,1392,0,0,0,0,0
437,11020,438.09951407186844,99964,507,257,24,8,5784,2973,0.08760153655315914,390,180,38111,34991,2892,1327,8074,13235,14297,8897,0,0,70663,922,191,159,37,0,0,0,0,0,21537,5026,1429,0,0,0,0,0
438,11020,439.1454676121399,99964,556,272,24,8,5903,3027,0.08933215957744788,423,192,37769,34534,2924,1339,8302,13653,14764,9177,0,0,69897,996,218,163,40,0,0,0,0,0,22201,4967,1482,0,0,0,0,0
439,11020,440.1998239618518,99964,569,283,24,8,6016,3080,0.09099275739266136,460,214,37417,34060,2987,1361,8541,14072,15235,9461,0,0,69081,1099,249,171,40,0,0,0,0,0,22883,4917,1524,0,0,0,0,0
440,11020,441.2631599195287,99964,609,298,24,8,6157,3142,0.0930234884558441,466,228,37080,33609,3047,1381,8772,14474,15710,9748,0,0,68260,1208,279,175,45,0,0,0,0,0,23565,4863,1569,0,0,0,0,0
441,11020,442.3355663997272,99962,623,315,26,8,6268,3206,0.09477601488565655,519,238,36711,33146,3103,1401,9016,14890,16189,10038,0,0,67435,1304,314,179,51,0,0,0,0,0,24256,4817,1606,0,0,0,0,0
442,11020,443.0558718154183,99962,652,331,26,8,6351,3251,0.09605650147055882,533,250,36384,32682,3127,1402,9276,15325,16671,10331,0,0,66658,1353,342,180,55,0,0,0,0,0,24955,4769,1650,0,0,0,0,0
443,11020,444.1470446656886,99961,703,350,26,9,6503,3330,0.0983683636618281,560,239,36015,32246,3196,1423,9498,15731,17156,10627,0,0,65823,1462,383,184,59,0,0,0,0,0,25637,4709,1704,0,0,0,0,0
444,11020,445.2482819413493,99960,757,353,26,10,6665,3404,0.10073029211684674,580,258,35644,31791,3256,1458,9735,16128,17643,10925,0,0,64969,1582,432,187,64,0,0,0,0,0,26320,4654,1752,0,0,0,0,0
445,11020,446.36002758993317,99959,833,345,27,10,6843,3468,0.10315229243990036,594,282,35261,31335,3317,1497,9966,16529,18132,11225,0,0,64119,1693,481,197,66,0,0,0,0,0,27008,4593,1802,0,0,0,0,0
446,11020,447.10705170357784,99959,853,370,27,10,6955,3527,0.10486299382746926,600,270,34927,30875,3367,1508,10224,16965,18623,11527,0,0,63305,1782,511,202,68,0,0,0,0,0,27703,4520,1868,0,0,0,0,0
447,11020,448.23994722891695,99958,885,384,28,10,7116,3612,0.1073250765321435,633,297,34555,30406,3453,1547,10444,17354,19115,11831,0,0,62422,1916,565,207,74,0,0,0,0,0,28397,4467,1910,0,0,0,0,0
448,11020,449.0013111395208,99955,917,401,31,10,7246,3663,0.1091391126006703,639,309,34211,29947,3496,1552,10704,17779,19608,12137,0,0,61597,1995,602,213,78,0,0,0,0,0,29100,4405,1965,0,0,0,0,0
449,11020,450.1560143914301,99955,955,416,31,10,7443,3739,0.11187034165374418,678,364,33809,29448,3609,1583,10916,18177,20101,12444,0,0,60699,2139,663,224,81,0,0,0,0,0,29792,4348,2009,0,0,0,0,0
450,11020,451.3229535771451,99953,1006,465,33,10,7646,3853,0.11504407071323522,749,374,33396,28970,3700,1616,11114,18563,20593,12753,0,0,59805,2279,728,227,86,0,0,0,0,0,30478,4296,2054,0,0,0,0,0
451,11020,452.10776523395265,99951,1024,476,34,11,7775,3923,0.11703734830066732,790,379,33024,28511,3758,1641,11368,18980,21085,13063,0,0,58963,2372,786,235,88,2,0,0,0,0,31164,4233,2108,0,0,0,0,0
452,11020,453.2996433029725,99950,1078,496,34,12,8008,4035,0.12049024512256128,832,402,32585,28056,3888,1688,11581,19344,21576,13373,0,0,58041,2542,872,246,90,2,0,0,0,0,31828,4173,2156,0,0,0,0,0
453,11020,454.10225222554783,99950,1088,518,34,12,8162,4115,0.12283141570785393,865,405,32229,27592,3976,1723,11806,19748,22065,13684,0,0,57180,2659,947,250,95,2,0,0,0,0,32497,4112,2208,0,0,0,0,0
454,11020,455.3211742644703,99949,1164,558,35,12,8431,4241,0.1267846601766901,874,442,31804,27106,4104,1782,12017,20098,22552,13996,0,0,56245,2827,1036,258,106,2,0,0,0,0,33172,4072,2231,0,0,0,0,0
455,11020,456.14169746057274,99949,1211,576,35,12,8616,4333,0.12955607359753474,894,448,31418,26646,4179,1825,12261,20491,23037,14308,0,0,55368,2945,1120,264,109,2,0,0,0,0,33846,4028,2267,0,0,0,0,0
456,11020,457.38903627941517,99949,1302,599,35,12,8912,4462,0.1338082422035238,905,478,30992,26193,4306,1891,12458,20825,23520,14620,0,0,54450,3115,1235,279,116,2,0,0,0,0,34476,3965,2311,0,0,0,0,0
457,11020,458.2291687136846,99948,1289,609,35,13,9074,4548,0.1362908712530516,942,510,30624,25731,4419,1924,12689,21211,24000,14932,0,0,53569,3247,1341,284,121,2,0,0,0,0,35116,3916,2352,0,0,0,0,0
458,11020,459.07894802158603,99946,1326,637,36,14,9271,4648,0.13926520320973326,970,508,30237,25277,4513,1961,12916,21601,24476,15243,0,0,52706,3367,1427,293,133,2,0,0,0,0,35768,3861,2389,0,0,0,0,0
459,11020,460.3712290295501,99943,1386,667,38,15,9565,4811,0.14384198993426253,989,533,29847,24839,4653,2049,13085,21895,24949,15554,0,0,51763,3571,1562,310,137,2,0,0,0,0,36365,3798,2435,0,0,0,0,0
460,11020,461.2415153670238,99941,1400,699,40,15,9782,4948,0.1473869583054002,1017,522,29454,24398,4789,2115,13298,22249,25418,15864,0,0,50863,3726,1679,320,154,2,0,0,0,0,36985,3751,2461,0,0,0,0,0
461,11020,462.12229641343674,99940,1434,731,41,15,9995,5068,0.1507204322593556,1055,505,29079,23970,4897,2174,13492,22603,25883,16173,0,0,50014,3839,1805,332,164,2,0,0,0,0,37589,3700,2495,0,0,0,0,0
462,11020,463.0137658380492,99939,1483,746,42,15,10219,5174,0.15402395461231352,1067,527,28697,23541,5005,2232,13704,22937,26343,16481,0,0,49160,3978,1902,343,174,2,0,0,0,0,38200,3633,2547,0,0,0,0,0
463,11020,464.37039562092724,99937,1601,793,44,15,10609,5363,0.15982068703283067,1074,539,28236,23135,5189,2324,13854,23192,26799,16788,0,0,48237,4180,2073,361,189,2,0,0,0,0,38743,3571,2581,0,0,0,0,0
464,11020,465.2856949043806,99937,1629,833,44,15,10855,5494,0.16359306363008697,1066,535,27867,22737,5342,2365,14050,23513,27250,17094,0,0,47368,4333,2202,373,198,2,0,0,0,0,39325,3517,2619,0,0,0,0,0
465,11020,466.212823306918,99936,1665,849,45,15,11109,5623,0.16742715337816202,1106,561,27458,22326,5488,2436,14236,23811,27695,17398,0,0,46506,4477,2355,385,209,2,0,0,0,0,39879,3474,2649,0,0,0,0,0
466,11020,467.15224301732604,99934,1727,861,47,15,11380,5752,0.17143314587627834,1134,563,27099,21917,5594,2503,14397,24139,28135,17700,0,0,45688,4599,2512,403,221,3,0,0,0,0,40405,3406,2697,0,0,0,0,0
467,11020,468.1037528555356,99934,1796,863,47,15,11667,5877,0.17555586687213562,1137,571,26720,21544,5725,2577,14573,24428,28569,18000,0,0,44848,4740,2673,421,230,3,0,0,0,0,40931,3353,2735,0,0,0,0,0
468,11020,469.06752748440675,99934,1841,879,47,15,11954,6008,0.17973862749414612,1156,603,26321,21159,5881,2649,14752,24693,28998,18298,0,0,44017,4878,2843,441,246,3,0,0,0,0,41441,3299,2766,0,0,0,0,0
469,11020,470.04465750594056,99933,1898,900,47,16,12268,6161,0.18441355708324578,1165,601,25922,20768,6044,2719,14922,24994,29421,18594,0,0,43199,5012,3049,456,262,4,0,0,0,0,41905,3246,2800,0,0,0,0,0
470,11020,471.0358506512444,99932,1903,889,47,17,12558,6295,0.1886582876355922,1199,619,25542,20403,6230,2805,15077,25265,29838,18888,0,0,42355,5169,3266,481,273,4,0,0,0,0,42356,3195,2833,0,0,0,0,0
471,11020,472.0416623192088,99930,1889,927,49,17,12838,6440,0.19291504052836986,1218,632,25191,20046,6425,2858,15226,25518,30248,19180,0,0,41530,5322,3450,508,286,4,0,0,0,0,42820,3136,2874,0,0,0,0,0
472,11020,473.0615905095574,99929,1900,937,50,17,13122,6590,0.19726005463879354,1278,623,24834,19744,6579,2926,15357,25751,30652,19469,0,0,40728,5474,3662,524,306,4,0,0,0,0,43245,3076,2910,0,0,0,0,0
473,11020,474.0951942072931,99923,1926,973,55,18,13445,6756,0.2021656675640243,1296,615,24471,19408,6764,3008,15486,25976,31050,19755,0,0,39900,5646,3869,535,325,4,0,0,0,0,43678,3031,2935,0,0,0,0,0
474,11020,475.1427500352594,99921,1993,969,57,18,13811,6916,0.20743387275948,1286,616,24104,19083,6946,3115,15612,26197,31441,20039,0,0,39109,5796,4117,560,344,4,0,0,0,0,44050,2972,2969,0,0,0,0,0
475,11020,476.205581696793,99921,2031,975,57,18,14151,7088,0.21255792075739835,1272,618,23774,18768,7116,3218,15748,26401,31826,20320,0,0,38306,5964,4367,577,359,4,0,0,0,0,44419,2922,3003,0,0,0,0,0
476,11020,477.2834657275961,99918,2086,981,58,20,14512,7257,0.2178686522948818,1246,616,23405,18474,7315,3307,15888,26600,32204,20598,0,0,37529,6111,4605,599,385,6,0,0,0,0,44781,2871,3031,0,0,0,0,0
477,11020,478.377031054748,99918,2108,997,58,20,14849,7415,0.22282271462599332,1294,627,23033,18187,7517,3389,15988,26778,32575,20873,0,0,36744,6286,4835,612,405,7,0,0,0,0,45144,2822,3063,0,0,0,0,0
478,11020,479.4877387971758,99917,2127,1054,58,21,15219,7615,0.2285296796340963,1304,626,22705,17880,7734,3462,16070,26955,32940,21145,0,0,35971,6443,5099,638,426,7,0,0,0,0,45470,2774,3089,0,0,0,0,0
479,11020,480.04782945048674,99917,2113,1051,58,21,15401,7711,0.2313119889508292,1301,609,22435,17586,7834,3519,16257,27212,33298,21414,0,0,35293,6529,5262,653,443,7,0,0,0,0,45885,2724,3121,0,0,0,0,0
480,11020,481.1873752058488,99917,2149,1026,58,21,15777,7871,0.23667644144640052,1275,638,22130,17306,8042,3642,16344,27365,33649,21679,0,0,34517,6703,5515,673,479,9,0,0,0,0,46200,2686,3135,0,0,0,0,0
481,11020,482.3429700443451,99915,2117,1050,60,21,16090,8060,0.24170544963218735,1337,653,21801,17055,8258,3736,16425,27483,33993,21941,0,0,33780,6846,5789,700,508,10,0,0,0,0,46487,2644,3151,0,0,0,0,0
482,11020,483.51504147101434,99912,2063,1038,63,21,16461,8247,0.24729762190727841,1335,652,21511,16820,8546,3874,16480,27593,34331,22200,0,0,32978,7060,6092,727,542,15,0,0,0,0,46735,2607,3156,0,0,0,0,0
483,11020,484.1065011509269,99912,2062,1063,63,21,16632,8358,0.25012010569300985,1321,651,21277,16542,8629,3900,16646,27821,34662,22455,0,0,32399,7089,6271,734,567,15,0,0,0,0,47088,2564,3185,0,0,0,0,0
484,11020,485.308988400174,99911,2125,1062,64,21,17052,8533,0.256077909339312,1279,637,20959,16330,8855,4002,16716,27946,34986,22707,0,0,31691,7253,6541,746,613,17,0,0,0,0,47329,2515,3206,0,0,0,0,0
485,11020,486.52922809163874,99908,2114,1074,66,22,17425,8727,0.261760819954358,1290,631,20687,16104,9065,4125,16776,28042,35303,22955,0,0,30988,7412,6858,764,654,17,0,0,0,0,47529,2472,3214,0,0,0,0,0
486,11020,487.14442266671796,99908,2103,1088,66,22,17620,8823,0.2646734996196501,1282,620,20468,15861,9178,4159,16901,28248,35614,23200,0,0,30429,7441,7057,781,673,17,0,0,0,0,47838,2427,3245,0,0,0,0,0
487,11020,488.39443955179524,99908,2122,1100,66,22,18015,9034,0.2707390799535573,1285,599,20169,15650,9412,4295,16944,28332,35918,23441,0,0,29734,7607,7350,808,723,18,0,0,0,0,48040,2381,3247,0,0,0,0,0
488,11020,489.02435850146395,99907,2146,1101,66,23,18228,9139,0.2739247500175163,1251,587,19950,15456,9493,4332,17092,28499,36216,23679,0,0,29200,7643,7555,808,750,20,0,0,0,0,48314,2341,3276,0,0,0,0,0
489,11020,490.30661052232904,99907,2135,1104,66,23,18627,9329,0.27982023281651935,1212,575,19729,15269,9751,4444,17105,28583,36507,23913,0,0,28527,7797,7882,844,793,20,0,0,0,0,48472,2296,3276,0,0,0,0,0
490,11020,491.6053532260398,99905,2147,1097,68,23,19042,9528,0.28597167308943494,1184,550,19506,15127,9980,4569,17113,28632,36792,24144,0,0,27890,7930,8225,882,837,21,0,0,0,0,48587,2242,3291,0,0,0,0,0
491,11020,492.2590983613707,99905,2164,1097,68,23,19253,9644,0.28924478254341623,1152,543,19292,14922,10072,4621,17250,28792,37071,24371,0,0,27381,7955,8438,895,866,22,0,0,0,0,48832,2205,3311,0,0,0,0,0
492,11020,493.58645762469575,99903,2130,1081,69,24,19658,9821,0.2950762239372191,1121,545,19048,14782,10365,4741,17265,28825,37343,24595,0,0,26723,8101,8758,944,908,24,0,0,0,0,48959,2165,3321,0,0,0,0,0
493,11020,494.2554768678176,99901,2101,1053,71,24,19835,9902,0.29766468804116075,1132,554,18889,14620,10441,4791,17364,28956,37609,24815,0,0,26256,8105,8998,962,930,26,0,0,0,0,49157,2123,3344,0,0,0,0,0
494,11020,495.61441637488645,99900,2054,1032,72,24,20200,10085,0.30315315315315317,1117,569,18705,14490,10683,4905,17367,28978,37869,25031,0,0,25660,8228,9340,1004,980,26,0,0,0,0,49233,2073,3356,0,0,0,0,0
495,11020,496.297875664078,99899,2069,1002,73,24,20387,10161,0.30578884673520257,1128,568,18527,14346,10741,4950,17460,29108,38123,25244,0,0,25209,8236,9543,1013,1008,29,0,0,0,0,49446,2043,3372,0,0,0,0,0
496,11020,497.68377839548543,99898,2073,1003,74,24,20814,10339,0.31184808504674766,1082,550,18335,14273,10997,5030,17437,29118,38371,25453,0,0,24642,8342,9858,1062,1061,32,0,0,0,0,49522,1997,3382,0,0,0,0,0
497,11020,498.38108757925477,99897,2069,976,75,24,21002,10425,0.3145940318528084,1067,554,18170,14147,11087,5063,17530,29234,38613,25659,0,0,24217,8334,10101,1077,1082,33,0,0,0,0,49683,1963,3407,0,0,0,0,0
498,11020,499.0849767120296,99896,2042,977,76,24,21186,10517,0.3173600544566349,1046,545,18014,14020,11173,5078,17647,29354,38850,25861,0,0,23791,8333,10340,1085,1112,34,0,0,0,0,49849,1942,3410,0,0,0,0,0
499,11020,500.5126083119149,99894,1988,937,77,25,21528,10700,0.3226219792980559,1054,529,17871,13956,11380,5230,17628,29321,39081,26059,0,0,23279,8422,10704,1118,1170,38,0,0,0,0,49842,1902,3419,0,0,0,0,0
500,11020,501.23058860276655,99892,1975,909,78,26,21713,10787,0.32535137948984905,1045,529,17711,13817,11463,5293,17726,29424,39307,26254,0,0,22876,8414,10923,1139,1199,44,0,0,0,0,49996,1868,3433,0,0,0,0,0
501,11020,502.6837384614256,99889,1919,915,81,26,22077,10996,0.33109751824525224,992,489,17577,13726,11705,5426,17724,29416,39527,26445,0,0,22361,8502,11259,1179,1268,46,0,0,0,0,50010,1835,3429,0,0,0,0,0
502,11020,503.41487787157973,99887,1869,907,83,26,22236,11083,0.33356693063161375,1000,475,17455,13601,11798,5468,17793,29521,39742,26633,0,0,21970,8497,11470,1195,1300,51,0,0,0,0,50157,1809,3438,0,0,0,0,0
503,11020,504.1456401991246,99887,1888,896,83,26,22442,11171,0.33651025658994665,967,465,17294,13494,11881,5509,17885,29608,39952,26818,0,0,21597,8498,11679,1203,1336,52,0,0,0,0,50290,1778,3454,0,0,0,0,0
504,11020,505.5988193046934,99886,1851,862,84,26,22808,11335,0.34181967442884886,893,462,17164,13440,12122,5641,17884,29567,40156,26999,0,0,21125,8579,12030,1235,1391,57,0,0,0,0,50264,1747,3458,0,0,0,0,0
505,11020,506.3281278912438,99886,1833,846,84,26,22973,11418,0.3443025048555353,900,463,17043,13330,12173,5685,17965,29648,40355,27177,0,0,20775,8565,12249,1244,1423,58,0,0,0,0,50378,1722,3472,0,0,0,0,0
506,11020,507.0540256935497,99886,1800,863,84,26,23131,11504,0.3467452896301784,875,457,16967,13234,12236,5707,18036,29711,40549,27351,0,0,20440,8540,12458,1255,1452,61,0,0,0,0,50501,1701,3478,0,0,0,0,0
507,11020,508.49719778691923,99885,1797,844,85,26,23474,11647,0.35161435650998646,818,461,16862,13206,12404,5800,18032,29661,40739,27522,0,0,20006,8616,12738,1270,1507,69,0,0,0,0,50521,1674,3484,0,0,0,0,0
508,11020,509.22074143517494,99884,1750,837,86,26,23628,11731,0.3540006407432622,787,445,16755,13120,12507,5835,18113,29735,40924,27690,0,0,19656,8623,12926,1287,1545,70,0,0,0,0,50637,1646,3494,0,0,0,0,0
509,11020,510.6603599014593,99883,1633,823,87,26,23889,11898,0.3582891983620836,802,421,16698,13130,12695,5946,18083,29652,41104,27855,0,0,19233,8712,13228,1310,1614,76,0,0,0,0,50607,1610,3493,0,0,0,0,0
510,11020,511.3834919177874,99883,1589,807,87,26,24021,11977,0.360401669953846,787,401,16611,13067,12774,5982,18150,29715,41280,28017,0,0,18911,8710,13430,1315,1643,80,0,0,0,0,50701,1590,3503,0,0,0,0,0
511,11020,512.1042550965022,99883,1574,785,87,26,24163,12041,0.3624640829770832,771,397,16514,12990,12833,6019,18219,29781,41451,28175,0,0,18604,8695,13614,1330,1665,84,0,0,0,0,50810,1568,3513,0,0,0,0,0
512,11020,513.5393636448109,99881,1517,782,89,26,24441,12183,0.3666763448503719,722,371,16480,12999,12999,6090,18191,29730,41618,28330,0,0,18216,8755,13903,1352,1712,87,0,0,0,0,50796,1549,3511,0,0,0,0,0
513,11020,514.2600569309318,99880,1483,751,90,26,24575,12239,0.36858229875851023,694,379,16404,12935,13074,6123,18253,29784,41781,28482,0,0,17909,8757,14066,1364,1745,90,0,0,0,0,50900,1527,3522,0,0,0,0,0
514,11020,515.695053006444,99880,1442,735,90,26,24831,12387,0.3726271525830997,674,343,16356,12973,13215,6201,18221,29720,41940,28631,0,0,17569,8774,14362,1397,1790,91,0,0,0,0,50863,1506,3528,0,0,0,0,0
515,11020,516.4150000268309,99879,1407,710,91,26,24958,12441,0.37444307612210775,656,346,16320,12928,13255,6229,18269,29759,42095,28777,0,0,17313,8743,14553,1401,1828,93,0,0,0,0,50928,1484,3536,0,0,0,0,0
516,11020,517.1335315779587,99878,1376,720,92,26,25081,12505,0.3763191093133623,646,338,16252,12868,13305,6232,18327,29814,42246,28920,0,0,17064,8706,14722,1413,1855,95,0,0,0,0,51013,1464,3546,0,0,0,0,0
517,11020,518.5659040273455,99877,1319,653,93,26,25301,12604,0.3795168056709753,635,344,16237,12884,13431,6329,18283,29762,42393,29060,0,0,16775,8699,15010,1437,1916,98,0,0,0,0,50955,1444,3543,0,0,0,0,0
518,11020,519.2856046601203,99876,1321,654,93,27,25423,12671,0.3814129520605551,632,316,16173,12858,13446,6353,18333,29790,42536,29198,0,0,16532,8674,15156,1436,1951,98,0,0,0,0,51048,1430,3551,0,0,0,0,0
519,11020,520.0033552398745,99876,1288,628,93,27,25546,12733,0.3832652489086467,614,301,16144,12819,13486,6390,18373,29833,42676,29333,0,0,16303,8638,15364,1447,1976,102,0,0,0,0,51077,1409,3560,0,0,0,0,0
520,11020,521.4341577786205,99876,1229,589,93,27,25763,12825,0.3863590852657295,618,296,16122,12858,13607,6446,18329,29782,42812,29465,0,0,16018,8660,15621,1459,2032,103,0,0,0,0,51030,1387,3566,0,0,0,0,0
521,11020,522.1531446593375,99875,1213,588,94,27,25883,12878,0.3880951188986233,580,297,16091,12832,13643,6446,18377,29808,42945,29594,0,0,15808,8620,15784,1462,2062,106,0,0,0,0,51089,1372,3572,0,0,0,0,0
522,11020,523.5862369765244,99873,1160,570,96,27,26086,12979,0.39114675638060337,545,283,16087,12869,13756,6514,18354,29735,43074,29721,0,0,15535,8632,16002,1486,2112,113,0,0,0,0,51077,1350,3566,0,0,0,0,0
523,11020,524.3055735853357,99872,1145,577,97,27,26192,13041,0.39283282601730213,523,262,16062,12861,13769,6509,18402,29762,43200,29845,0,0,15336,8596,16163,1485,2138,114,0,0,0,0,51130,1333,3577,0,0,0,0,0
524,11020,525.023101581895,99872,1125,546,97,27,26290,13083,0.3942346203140019,511,250,16018,12826,13796,6539,18451,29810,43323,29967,0,0,15147,8557,16326,1480,2176,116,0,0,0,0,51166,1320,3584,0,0,0,0,0
525,11020,526.4536001630654,99872,1066,546,97,27,26472,13177,0.3969981576417815,470,237,16038,12896,13882,6561,18445,29731,43443,30086,0,0,14896,8571,16550,1491,2220,118,0,0,0,0,51144,1304,3578,0,0,0,0,0
526,11020,527.1711730269109,99871,1057,539,97,28,26554,13216,0.39821369566741094,452,225,16002,12875,13895,6562,18495,29769,43560,30203,0,0,14722,8530,16680,1484,2251,120,0,0,0,0,51210,1292,3582,0,0,0,0,0
527,11020,528.6006969402303,99870,1007,522,98,28,26711,13315,0.4007810153199159,429,196,16050,12930,13951,6623,18463,29699,43674,30317,0,0,14500,8528,16897,1496,2295,124,0,0,0,0,51175,1274,3581,0,0,0,0,0
528,11020,529.3180113271249,99870,962,513,98,28,26776,13351,0.40179233002903775,447,200,16025,12912,13961,6629,18505,29716,43785,30429,0,0,14335,8475,17029,1503,2324,127,0,0,0,0,51227,1262,3588,0,0,0,0,0
529,11020,530.0339339756284,99870,952,490,98,28,26862,13386,0.40300390507659956,421,210,16017,12901,13971,6637,18539,29732,43893,30538,0,0,14168,8436,17156,1495,2360,132,0,0,0,0,51279,1258,3586,0,0,0,0,0
530,11020,531.4620854567822,99867,895,468,100,29,26992,13452,0.4049786215666837,409,204,16098,12991,14012,6659,18484,29647,43998,30645,0,0,13977,8420,17327,1500,2409,138,0,0,0,0,51265,1243,3588,0,0,0,0,0
531,11020,532.1793261145691,99866,881,453,101,29,27055,13486,0.40595397833096347,411,203,16087,12980,13991,6668,18527,29665,44100,30750,0,0,13827,8370,17443,1499,2440,139,0,0,0,0,51322,1236,3590,0,0,0,0,0
532,11020,533.6105519262978,99864,859,407,101,31,27193,13552,0.40800488664583834,384,204,16127,13044,14036,6725,18491,29587,44200,30853,0,0,13636,8372,17613,1500,2484,145,0,0,0,0,51302,1220,3592,0,0,0,0,0
533,11020,534.3285932018159,99863,841,416,102,31,27251,13595,0.4090203578903097,374,194,16128,13061,14020,6708,18533,29588,44297,30954,0,0,13506,8319,17724,1502,2506,148,0,0,0,0,51354,1201,3603,0,0,0,0,0
534,11020,535.0454124651212,99863,835,391,102,31,27321,13617,0.40994162001942663,370,203,16128,13069,13995,6710,18568,29594,44392,31052,0,0,13373,8266,17859,1508,2517,152,0,0,0,0,51388,1189,3611,0,0,0,0,0
535,11020,536.4750290787597,99862,823,385,103,31,27455,13686,0.41197853037191323,368,193,16141,13158,14019,6722,18544,29509,44484,31148,0,0,13201,8247,18029,1519,2538,155,0,0,0,0,51377,1180,3616,0,0,0,0,0
536,11020,537.1915332172755,99862,808,387,103,31,27521,13717,0.412949870821734,356,189,16140,13151,14017,6711,18574,29529,44574,31242,0,0,13056,8213,18123,1522,2559,158,0,0,0,0,51441,1173,3617,0,0,0,0,0
537,11020,538.6211948194011,99862,769,389,103,31,27647,13787,0.41491257935951614,351,169,16184,13238,14064,6731,18527,29440,44662,31334,0,0,12886,8207,18263,1533,2600,160,0,0,0,0,51434,1158,3621,0,0,0,0,0
538,11020,539.3385498170621,99861,777,385,103,32,27722,13817,0.4159681957921511,329,167,16197,13275,14039,6708,18553,29431,44748,31424,0,0,12761,8172,18366,1528,2622,161,0,0,0,0,51477,1147,3627,0,0,0,0,0
539,11020,540.0551431294489,99860,759,384,104,32,27789,13854,0.4170138193470859,321,146,16198,13298,14034,6715,18582,29423,44831,31513,0,0,12632,8134,18451,1529,2651,168,0,0,0,0,51525,1143,3627,0,0,0,0,0
540,11020,541.4857133840977,99860,731,359,104,32,27909,13905,0.4187262167033847,301,152,16244,13409,14062,6723,18556,29323,44912,31600,0,0,12490,8108,18604,1538,2690,171,0,0,0,0,51501,1130,3628,0,0,0,0,0
541,11020,542.2027855832463,99860,725,351,104,32,27960,13933,0.41951732425395555,297,148,16261,13440,14047,6728,18564,29299,44991,31685,0,0,12373,8075,18701,1534,2708,173,0,0,0,0,51542,1121,3633,0,0,0,0,0
542,11020,543.6352621123183,99858,689,321,104,34,28064,13982,0.421057902221154,281,149,16338,13536,14071,6761,18515,29197,45068,31768,0,0,12230,8052,18863,1541,2737,175,0,0,0,0,51510,1115,3635,0,0,0,0,0
543,11020,544.3542863202524,99858,683,326,104,34,28119,14015,0.4219391535981093,274,144,16347,13574,14060,6751,18530,29169,45143,31849,0,0,12119,8017,18940,1538,2764,177,0,0,0,0,51560,1108,3635,0,0,0,0,0
544,11020,545.0728569432587,99857,679,327,105,34,28184,14049,0.4229347967593659,245,134,16355,13598,14054,6742,18560,29163,45216,31929,0,0,12012,7982,19034,1533,2789,179,0,0,0,0,51589,1102,3637,0,0,0,0,0
545,11020,546.5081390841748,99857,631,308,105,34,28277,14091,0.42428673002393424,229,125,16451,13699,14076,6756,18506,29076,45288,32007,0,0,11883,7965,19170,1537,2825,182,0,0,0,0,51569,1087,3639,0,0,0,0,0
546,11020,547.2280474147427,99857,583,301,105,34,28309,14113,0.42482750332976155,246,124,16462,13721,14083,6757,18519,29061,45358,32083,0,0,11770,7940,19255,1532,2854,183,0,0,0,0,51601,1082,3640,0,0,0,0,0
547,11020,548.667673274511,99857,531,291,105,34,28393,14155,0.42608930771002534,229,122,16528,13815,14114,6752,18491,28984,45426,32158,0,0,11642,7933,19375,1533,2889,185,0,0,0,0,51586,1069,3645,0,0,0,0,0
548,11020,549.3895529639553,99857,526,274,105,34,28435,14172,0.4266801526182441,226,126,16538,13835,14102,6749,18501,28980,45492,32231,0,0,11535,7906,19450,1533,2907,185,0,0,0,0,51630,1064,3647,0,0,0,0,0
549,11020,550.1109583014535,99857,517,265,105,34,28477,14192,0.4273010404878977,217,124,16564,13854,14084,6749,18511,28972,45557,32302,0,0,11433,7880,19513,1531,2927,189,0,0,0,0,51677,1059,3648,0,0,0,0,0
550,11020,551.5530303357217,99857,508,270,105,34,28563,14240,0.42864295943198777,195,113,16665,13984,14062,6724,18463,28873,45620,32372,0,0,11337,7846,19626,1543,2945,191,0,0,0,0,51669,1044,3656,0,0,0,0,0
551,11020,552.2761756900373,99857,503,260,105,34,28607,14255,0.42923380434020647,183,110,16663,14017,14053,6721,18491,28856,45681,32441,0,0,11241,7826,19687,1537,2965,193,0,0,0,0,51709,1036,3663,0,0,0,0,0
552,11020,553.7213866079144,99857,458,247,105,34,28665,14294,0.4302051934266,187,98,16760,14119,14034,6731,18454,28769,45741,32508,0,0,11137,7805,19798,1541,2993,196,0,0,0,0,51694,1032,3661,0,0,0,0,0
553,11020,554.4460964009128,99857,434,234,105,34,28702,14312,0.43075598105290563,173,95,16801,14170,14027,6726,18458,28739,45799,32574,0,0,11063,7760,19878,1543,3021,197,0,0,0,0,51708,1025,3662,0,0,0,0,0
554,11020,555.1701313329896,99857,410,219,105,34,28730,14326,0.43117658251299357,171,99,16799,14210,14031,6720,18482,28716,45856,32638,0,0,10976,7734,19938,1544,3043,198,0,0,0,0,51739,1016,3669,0,0,0,0,0
555,11020,556.6179476228682,99857,380,196,105,34,28784,14357,0.4320277997536477,172,95,16897,14317,14011,6728,18433,28628,45912,32701,0,0,10877,7721,20027,1542,3072,202,0,0,0,0,51736,1010,3670,0,0,0,0,0
556,11020,557.3436515275752,99857,380,191,105,34,28822,14372,0.4325585587389968,164,89,16933,14358,13981,6727,18435,28599,45966,32763,0,0,10791,7702,20075,1535,3091,204,0,0,0,0,51780,1006,3673,0,0,0,0,0
557,11020,558.0694945459779,99856,373,186,106,34,28852,14386,0.4330035250761096,153,87,16976,14387,13943,6722,18447,28582,46019,32823,0,0,10730,7659,20147,1536,3100,206,0,0,0,0,51800,996,3682,0,0,0,0,0
558,11020,559.5209118819276,99856,359,171,106,34,28907,14414,0.43383472199967954,145,86,17054,14500,13913,6721,18421,28486,46071,32882,0,0,10650,7632,20241,1534,3122,209,0,0,0,0,51795,993,3680,0,0,0,0,0
559,11020,560.2483670433977,99856,351,170,106,34,28934,14428,0.43424531325108157,133,85,17101,14545,13890,6702,18417,28462,46121,32940,0,0,10583,7608,20287,1522,3144,211,0,0,0,0,51828,986,3687,0,0,0,0,0
560,11020,561.7023199488754,99856,331,164,106,34,28977,14458,0.43497636596699246,133,85,17212,14666,13854,6698,18362,28351,46170,32997,0,0,10503,7587,20367,1519,3165,213,0,0,0,0,51834,981,3687,0,0,0,0,0
561,11020,562.4320732568385,99856,313,172,106,34,28998,14478,0.4353869572183945,138,78,17236,14721,13856,6672,18349,28321,46218,33052,0,0,10426,7572,20410,1512,3181,215,0,0,0,0,51873,977,3690,0,0,0,0,0
562,11020,563.1615750451632,99856,297,163,106,34,29022,14487,0.4357174331036693,142,83,17273,14757,13835,6658,18345,28303,46265,33106,0,0,10359,7542,20471,1508,3197,216,0,0,0,0,51898,975,3690,0,0,0,0,0
563,11020,564.6220954310329,99856,274,159,106,34,29074,14519,0.43655864444800513,136,74,17392,14914,13818,6631,18272,28186,46311,33159,0,0,10287,7519,20556,1513,3216,218,0,0,0,0,51887,966,3694,0,0,0,0,0
564,11020,565.3549171563653,99856,274,157,106,34,29103,14532,0.436979250120173,125,71,17420,14964,13795,6604,18278,28168,46356,33211,0,0,10224,7487,20605,1513,3231,218,0,0,0,0,51922,963,3693,0,0,0,0,0
565,11020,566.0885175193748,99856,276,150,106,34,29134,14543,0.437399855792341,103,71,17477,15010,13759,6601,18277,28132,46400,33262,0,0,10168,7454,20664,1514,3240,220,0,0,0,0,51943,958,3695,0,0,0,0,0
566,11020,567.5556573299303,99856,266,148,106,34,29179,14571,0.43813090850825187,85,65,17611,15116,13717,6597,18213,28038,46442,33312,0,0,10100,7439,20730,1512,3260,220,0,0,0,0,51945,950,3700,0,0,0,0,0
567,11020,568.2918313887025,99856,258,139,106,34,29194,14580,0.43837125460663356,92,66,17650,15158,13683,6594,18209,28007,46483,33361,0,0,10041,7420,20765,1505,3277,222,0,0,0,0,51978,944,3704,0,0,0,0,0
568,11020,569.028334370859,99856,237,127,106,34,29204,14589,0.4385615286011857,100,64,17702,15205,13650,6589,18203,27979,46523,33409,0,0,9991,7386,20828,1504,3288,224,0,0,0,0,51990,941,3704,0,0,0,0,0
569,11020,570.5021747075692,99856,221,131,106,34,29235,14617,0.439152379426374,96,58,17817,15354,13610,6569,18148,27852,46563,33456,0,0,9923,7373,20887,1504,3297,228,0,0,0,0,52003,936,3705,0,0,0,0,0
570,11020,571.2414522314242,99856,221,124,106,34,29251,14624,0.43938271110398974,102,56,17849,15406,13577,6561,18143,27817,46602,33502,0,0,9862,7351,20924,1503,3304,230,0,0,0,0,52043,936,3703,0,0,0,0,0
571,11020,572.7206961665361,99856,221,113,106,34,29293,14637,0.4399335042461144,103,59,17960,15538,13532,6541,18076,27713,46640,33547,0,0,9804,7333,20974,1503,3324,230,0,0,0,0,52055,929,3704,0,0,0,0,0
572,11020,573.4626140038013,99856,207,108,106,34,29311,14646,0.4402038936067938,111,56,17996,15587,13511,6532,18067,27681,46677,33591,0,0,9748,7309,21023,1500,3335,231,0,0,0,0,52077,929,3704,0,0,0,0,0
573,11020,574.2050985994057,99856,196,107,106,34,29325,14662,0.44050432622977087,111,43,18041,15644,13489,6526,18055,27644,46713,33634,0,0,9699,7284,21070,1498,3349,231,0,0,0,0,52096,926,3703,0,0,0,0,0
574,11020,575.691619284834,99856,197,95,106,34,29357,14674,0.4409449607434706,114,39,18147,15794,13433,6505,18001,27531,46748,33676,0,0,9651,7258,21130,1498,3360,231,0,0,0,0,52100,923,3705,0,0,0,0,0
575,11020,576.4332849524541,99856,189,88,106,34,29374,14677,0.44114524915878867,102,41,18201,15856,13407,6496,17993,27483,46782,33717,0,0,9601,7237,21173,1497,3366,233,0,0,0,0,52123,921,3705,0,0,0,0,0
576,11020,577.1731229503895,99856,184,87,106,34,29393,14684,0.44140562409870215,96,47,18250,15909,13377,6484,17985,27437,46815,33758,0,0,9549,7218,21205,1496,3375,235,0,0,0,0,52154,920,3704,0,0,0,0,0
577,11020,578.6468547276596,99856,170,98,106,34,29428,14710,0.44201650376542223,90,30,18390,16060,13336,6467,17906,27309,46848,33798,0,0,9494,7204,21248,1496,3390,238,0,0,0,0,52167,915,3704,0,0,0,0,0
578,11020,579.3798904487694,99856,169,95,106,34,29443,14719,0.44225684986380387,87,29,18436,16111,13300,6447,17900,27282,46880,33837,0,0,9454,7174,21285,1498,3396,240,0,0,0,0,52191,913,3705,0,0,0,0,0
579,11020,580.1103651343184,99856,172,94,106,34,29462,14722,0.4424771671206537,78,31,18487,16152,13266,6429,17889,27258,46911,33875,0,0,9410,7153,21317,1497,3396,244,0,0,0,0,52222,910,3707,0,0,0,0,0
580,11020,581.5657869324456,99856,171,86,106,34,29497,14730,0.4429077872135876,61,31,18604,16285,13223,6399,17833,27163,46941,33912,0,0,9362,7134,21359,1501,3407,244,0,0,0,0,52233,906,3710,0,0,0,0,0
581,11020,582.2899928984203,99856,173,90,106,34,29512,14739,0.44314813331196923,65,26,18644,16341,13187,6381,17823,27126,46971,33949,0,0,9316,7118,21383,1501,3413,244,0,0,0,0,52267,901,3713,0,0,0,0,0
582,11020,583.0123105986348,99856,165,87,106,34,29524,14744,0.44331837846498956,63,31,18696,16409,13163,6369,17805,27068,47000,33985,0,0,9271,7102,21412,1498,3423,244,0,0,0,0,52293,898,3715,0,0,0,0,0
583,11020,584.4518187767303,99856,161,78,106,34,29552,14755,0.4437089408748598,59,37,18801,16540,13117,6356,17754,26953,47028,34020,0,0,9222,7094,21450,1494,3438,245,0,0,0,0,52302,897,3714,0,0,0,0,0
584,11020,585.1681159024129,99856,152,79,106,34,29561,14763,0.4438791860278801,62,33,18861,16581,13080,6340,17737,26931,47056,34054,0,0,9191,7071,21488,1491,3446,245,0,0,0,0,52313,892,3719,0,0,0,0,0
585,11020,586.5955954331324,99855,143,74,107,34,29587,14769,0.4442040959391117,56,38,18987,16712,13026,6316,17679,26824,47083,34088,0,0,9146,7056,21518,1489,3462,246,0,0,0,0,52330,890,3718,0,0,0,0,0
586,11020,587.3055541738058,99855,140,74,107,34,29594,14775,0.4443342847128336,57,37,19044,16761,12992,6304,17658,26788,47110,34121,0,0,9115,7032,21548,1486,3470,246,0,0,0,0,52350,888,3720,0,0,0,0,0
587,11020,588.0135620365814,99855,137,80,107,34,29603,14781,0.44448450252866656,56,37,19090,16812,12954,6285,17654,26750,47136,34153,0,0,9081,7014,21572,1481,3478,246,0,0,0,0,52375,887,3721,0,0,0,0,0
588,11020,589.4236782180408,99855,118,87,107,34,29617,14804,0.4448550398077212,61,22,19221,16944,12913,6256,17578,26655,47161,34185,0,0,9044,6996,21616,1482,3489,246,0,0,0,0,52376,883,3723,0,0,0,0,0
589,11020,590.1253333199306,99855,111,87,107,34,29630,14811,0.4450553302288318,63,19,19266,16999,12883,6240,17568,26619,47186,34216,0,0,9005,6982,21649,1483,3489,248,0,0,0,0,52394,879,3726,0,0,0,0,0
590,11020,591.1470241489695,99855,112,82,107,34,29636,14813,0.44513544639727604,62,20,19293,17035,12853,6228,17571,26599,47210,34247,0,0,8977,6963,21677,1479,3495,248,0,0,0,0,52412,875,3729,0,0,0,0,0
591,11020,592.0582243955143,99855,107,72,107,34,29655,14818,0.44537579490260876,60,22,19409,17182,12793,6203,17522,26485,47234,34277,0,0,8942,6949,21718,1471,3507,248,0,0,0,0,52416,874,3730,0,0,0,0,0
592,11020,593.4455856553348,99855,102,68,107,34,29675,14830,0.44569625957638576,50,18,19535,17330,12738,6181,17466,26367,47257,34306,0,0,8906,6937,21754,1470,3515,249,0,0,0,0,52421,870,3733,0,0,0,0,0
593,11020,594.1357535670296,99855,102,69,107,34,29675,14831,0.4457062740974413,50,17,19522,17315,12724,6176,17493,26387,47280,34335,0,0,8884,6916,21775,1467,3518,249,0,0,0,0,52443,865,3738,0,0,0,0,0
594,11020,595.1450396094033,99855,106,59,107,34,29700,14841,0.44605678233438484,41,22,19666,17455,12659,6152,17419,26276,47302,34363,0,0,8855,6897,21811,1469,3527,250,0,0,0,0,52443,862,3741,0,0,0,0,0
595,11020,596.5149251288832,99855,101,61,107,34,29705,14849,0.44618697110810673,45,22,19819,17580,12576,6130,17350,26171,47324,34391,0,0,8823,6889,21830,1464,3532,253,0,0,0,0,52462,860,3742,0,0,0,0,0
596,11020,597.1961793012844,99855,93,61,107,34,29710,14852,0.446267087276551,46,23,19858,17654,12559,6110,17335,26116,47345,34418,0,0,8790,6876,21847,1464,3538,254,0,0,0,0,52486,859,3741,0,0,0,0,0
597,11020,598.5524035311797,99855,96,65,107,34,29719,14860,0.44643733413449505,42,19,19929,17706,12514,6095,17310,26079,47366,34445,0,0,8757,6865,21861,1461,3543,255,0,0,0,0,52513,858,3742,0,0,0,0,0
598,11020,599.076544705345,99855,97,60,107,34,29730,14863,0.4465775374292724,43,21,19995,17787,12464,6078,17292,26018,47386,34471,0,0,8727,6853,21885,1458,3549,255,0,0,0,0,52528,857,3743,0,0,0,0,0
599,11020,600.147067625046,99855,99,61,107,34,29743,14869,0.4467678133293275,39,19,20031,17841,12450,6067,17272,25976,47406,34497,0,0,8700,6840,21908,1454,3557,255,0,0,0,0,52543,855,3743,0,0,0,0,0
600,11020,601.3886270722521,99855,87,56,107,34,29759,14875,0.4469881327925492,37,24,20176,18015,12393,6032,17198,25837,47425,34522,0,0,8669,6826,21940,1453,3567,255,0,0,0,0,52547,855,3743,0,0,0,0,0
601,11020,602.0566905096633,99855,79,56,107,34,29765,14877,0.44706824896099345,35,25,20238,18069,12356,6022,17183,25792,47444,34547,0,0,8646,6806,21966,1453,3572,255,0,0,0,0,52559,854,3744,0,0,0,0,0
602,11020,603.3885184608838,99855,71,50,107,34,29772,14883,0.44719843773471535,32,20,20373,18178,12298,6006,17117,25710,47463,34571,0,0,8616,6794,21988,1453,3579,256,0,0,0,0,52571,853,3745,0,0,0,0,0
603,11020,604.0509755620773,99855,71,51,107,34,29772,14884,0.4472084522557709,32,19,20356,18165,12291,6001,17141,25728,47481,34595,0,0,8594,6778,22004,1452,3578,258,0,0,0,0,52593,852,3746,0,0,0,0,0
604,11020,605.3347320195097,99855,71,45,107,34,29789,14889,0.44742877171899254,23,22,20526,18366,12219,5964,17052,25567,47499,34618,0,0,8568,6762,22034,1453,3584,258,0,0,0,0,52599,851,3746,0,0,0,0,0
605,11020,606.6479526690654,99855,70,49,107,34,29794,14895,0.44753893145060336,20,18,20570,18419,12196,5944,17035,25534,47516,34641,0,0,8540,6751,22051,1454,3583,259,0,0,0,0,52620,850,3747,0,0,0,0,0
606,11020,607.2863415800767,99855,66,48,107,34,29797,14899,0.4476090330979921,22,16,20620,18468,12165,5931,17018,25501,47533,34663,0,0,8511,6744,22068,1452,3586,259,0,0,0,0,52638,849,3748,0,0,0,0,0
607,11020,608.1829366497763,99855,65,45,107,34,29807,14903,0.44774923639276953,17,18,20701,18543,12128,5920,16980,25438,47550,34685,0,0,8486,6735,22087,1451,3590,260,0,0,0,0,52650,845,3751,0,0,0,0,0
608,11020,609.1084146113548,99855,67,47,107,34,29816,14911,0.4479194832507135,16,16,20763,18626,12091,5902,16954,25373,47566,34707,0,0,8463,6723,22112,1450,3591,260,0,0,0,0,52660,843,3753,0,0,0,0,0
609,11020,610.0216657119123,99855,68,47,107,34,29826,14920,0.4481097591507686,16,12,20864,18725,12047,5882,16896,25298,47582,34728,0,0,8443,6709,22131,1451,3594,262,0,0,0,0,52669,840,3756,0,0,0,0,0
610,11020,611.0746086039638,99855,68,44,107,34,29832,14925,0.44821991888237944,17,14,20925,18780,12011,5877,16870,25249,47598,34749,0,0,8420,6698,22151,1449,3597,263,0,0,0,0,52681,839,3757,0,0,0,0,0
611,11020,612.2304478275794,99855,60,38,107,34,29838,14930,0.44833007861399027,16,12,21039,18923,11954,5863,16822,25128,47613,34769,0,0,8402,6684,22174,1448,3605,264,0,0,0,0,52683,837,3758,0,0,0,0,0
612,11020,613.2332591898129,99855,56,38,107,34,29842,14934,0.44841019478243455,17,11,21113,19002,11925,5849,16780,25064,47628,34789,0,0,8377,6676,22190,1448,3607,264,0,0,0,0,52698,835,3760,0,0,0,0,0
613,11020,614.2977659495466,99854,50,27,107,35,29846,14935,0.4484647585474793,16,13,21205,19105,11873,5832,16747,24986,47643,34809,0,0,8354,6666,22207,1445,3616,265,0,0,0,0,52708,835,3758,0,0,0,0,0
614,11020,615.0570310079794,99854,49,27,107,35,29849,14937,0.44851483165421513,14,16,21260,19174,11838,5819,16730,24927,47657,34828,0,0,8331,6657,22220,1444,3618,265,0,0,0,0,52726,835,3758,0,0,0,0,0
615,11020,616.1691795865477,99854,48,27,107,35,29854,14942,0.44861497786768684,14,14,21335,19252,11797,5804,16697,24866,47671,34847,0,0,8311,6649,22234,1440,3625,265,0,0,0,0,52738,834,3758,0,0,0,0,0
616,11020,617.0978507373536,99854,49,24,107,35,29863,14945,0.44873515332385283,11,17,21431,19375,11747,5773,16653,24774,47685,34866,0,0,8292,6638,22252,1440,3629,265,0,0,0,0,52747,831,3760,0,0,0,0,0
617,11020,618.1239779978902,99854,52,28,107,35,29871,14955,0.44891541650810185,7,9,21501,19460,11705,5757,16626,24709,47699,34884,0,0,8274,6627,22265,1437,3636,265,0,0,0,0,52759,830,3761,0,0,0,0,0
618,11020,619.2683451983637,99854,40,24,107,35,29872,14958,0.4489554749934905,9,8,21605,19558,11660,5741,16577,24632,47712,34902,0,0,8255,6620,22281,1434,3645,265,0,0,0,0,52764,828,3762,0,0,0,0,0
619,11020,620.4788381152576,99853,33,22,108,35,29875,14960,0.44901004476580575,13,11,21716,19685,11615,5715,16513,24530,47725,34920,0,0,8240,6608,22295,1433,3651,265,0,0,0,0,52771,824,3766,0,0,0,0,0
620,11020,621.3000615490121,99853,31,22,108,35,29878,14962,0.4490601183740098,11,10,21776,19759,11584,5700,16488,24472,47738,34937,0,0,8224,6596,22310,1431,3655,265,0,0,0,0,52782,824,3766,0,0,0,0,0
621,11020,622.282744223871,99853,31,23,108,35,29879,14964,0.44909016253893225,10,10,21838,19831,11540,5688,16471,24411,47751,34954,0,0,8207,6586,22320,1429,3658,265,0,0,0,0,52798,823,3767,0,0,0,0,0
622,11020,623.3362963028734,99853,31,21,108,35,29883,14967,0.44916026559041794,11,10,21936,19948,11490,5660,16422,24324,47763,34971,0,0,8196,6572,22333,1428,3663,266,0,0,0,0,52805,821,3769,0,0,0,0,0
623,11020,624.05542287701,99853,31,23,108,35,29886,14969,0.44921033919862197,8,8,21969,19982,11468,5649,16414,24301,47775,34987,0,0,8178,6565,22343,1426,3665,266,0,0,0,0,52820,820,3770,0,0,0,0,0
624,11020,625.0040392595424,99853,30,21,108,35,29890,14971,0.44927042752846685,7,9,22068,20126,11428,5618,16357,24189,47787,35003,0,0,8161,6557,22358,1425,3667,266,0,0,0,0,52829,818,3772,0,0,0,0,0
625,11020,626.075675718739,99853,30,18,108,35,29892,14971,0.44929045697174846,5,10,22103,20166,11402,5610,16350,24159,47799,35019,0,0,8147,6546,22372,1424,3669,266,0,0,0,0,52839,816,3774,0,0,0,0,0
626,11020,627.0523099869777,99853,30,19,108,35,29895,14973,0.44934053057995255,3,10,22197,20266,11360,5586,16300,24082,47810,35034,0,0,8132,6538,22381,1422,3672,266,0,0,0,0,52852,814,3776,0,0,0,0,0
627,11020,628.3710033724827,99853,26,21,108,35,29897,14979,0.44942064835307904,9,5,22302,20392,11321,5564,16232,23981,47821,35049,0,0,8112,6533,22392,1421,3675,266,0,0,0,0,52864,814,3776,0,0,0,0,0
628,11020,629.2806208477301,99853,24,21,108,35,29900,14981,0.44947072196128307,9,4,22381,20459,11275,5546,16201,23933,47832,35064,0,0,8094,6527,22395,1421,3680,266,0,0,0,0,52880,812,3778,0,0,0,0,0
629,11020,630.0893113218881,99853,21,15,108,35,29900,14981,0.44947072196128307,37,31,22448,20532,11224,5529,16160,23856,47843,35079,0,0,8081,6518,22406,1420,3684,266,0,0,0,2,52887,810,3779,0,0,0,0,0
630,11020,631.0779705077855,99852,21,23,109,35,29904,14991,0.4496154308376397,40,23,22528,20618,11184,5509,16116,23790,47853,35093,0,0,8066,6511,22413,1418,3686,266,0,0,0,7,52896,810,3779,0,0,0,0,0
631,11020,632.0631752819598,99852,29,27,109,35,29912,14996,0.4497456235228138,37,19,22607,20701,11139,5487,16077,23729,47863,35107,0,0,8051,6507,22417,1415,3689,266,0,0,0,8,52910,808,3781,0,0,0,0,0
632,11020,633.0287169788552,99852,34,30,109,35,29923,15001,0.44990586067379723,34,22,22686,20786,11103,5469,16032,23656,47873,35121,0,0,8037,6498,22425,1413,3692,266,2,0,0,13,52917,807,3782,0,0,0,0,0
633,11020,634.0069230611088,99852,38,34,109,35,29931,15008,0.4500560830028442,29,16,22734,20840,11071,5453,16017,23620,47883,35135,0,0,8023,6491,22432,1412,3693,267,2,0,0,18,52926,805,3783,0,0,0,0,0
634,11020,635.1015127558727,99852,39,29,109,35,29941,15013,0.4502063053318912,39,16,22831,20965,11018,5435,15962,23518,47893,35148,0,0,8007,6483,22435,1412,3698,267,3,0,0,31,52928,805,3783,0,0,0,0,0
635,11020,636.2405388311962,99852,34,32,109,35,29946,15019,0.45031646837319234,52,21,22912,21075,10987,5418,15904,23417,47903,35161,0,0,7988,6476,22437,1413,3702,267,6,0,0,36,52939,804,3784,0,0,0,0,0
636,11020,637.2087872466486,99852,43,36,109,35,29959,15024,0.4504967351680487,56,25,22991,21156,10945,5401,15854,23345,47912,35174,0,0,7974,6468,22443,1413,3705,267,7,0,0,37,52951,803,3784,0,0,0,0,0
637,11020,638.1735623914456,99852,64,40,109,35,29982,15030,0.45078716500420624,50,24,23078,21244,10893,5381,15804,23274,47921,35187,0,0,7962,6458,22453,1413,3704,268,8,0,0,40,52959,803,3784,0,0,0,0,0
638,11020,639.2990201180107,99852,71,43,109,35,29999,15039,0.45104755037455435,49,20,23168,21340,10852,5359,15749,23201,47930,35199,0,0,7944,6454,22451,1412,3710,269,10,0,0,46,52969,802,3785,0,0,0,0,0
639,11020,640.1720612223633,99852,76,39,109,35,30011,15044,0.4512178023474743,48,24,23233,21412,10818,5350,15714,23138,47939,35211,0,0,7934,6444,22459,1410,3714,269,11,0,0,58,52966,801,3786,0,0,0,0,0
640,11020,641.1264571777848,99852,78,44,109,35,30024,15052,0.45142811360814006,54,25,23310,21489,10780,5335,15667,23070,47948,35223,0,0,7919,6440,22462,1407,3716,271,14,0,0,67,52969,800,3787,0,0,0,0,0
641,11020,642.0775799686135,99852,78,50,109,35,30036,15061,0.45163842486880584,68,25,23369,21584,10748,5310,15626,22994,47956,35235,0,0,7904,6435,22459,1406,3725,271,15,0,0,72,52978,799,3788,0,0,0,0,0
642,11020,643.0260753168033,99851,84,52,110,35,30052,15069,0.4518833061261279,70,31,23436,21668,10703,5297,15595,22915,47964,35247,0,0,7894,6425,22460,1405,3735,271,16,0,0,76,52982,798,3789,0,0,0,0,0
643,11020,644.286346570695,99851,90,51,110,35,30074,15081,0.4522238134820883,75,36,23529,21780,10654,5277,15540,22819,47972,35258,0,0,7882,6417,22464,1406,3737,273,17,0,0,97,52972,797,3789,0,0,0,0,0
644,11020,645.2281730308366,99851,94,48,110,35,30088,15087,0.4524241119267709,90,47,23593,21839,10620,5266,15491,22763,47980,35269,0,0,7868,6409,22464,1409,3744,273,18,0,0,105,52977,796,3788,0,0,0,0,0
645,11020,646.1671775755464,99851,99,57,110,35,30112,15103,0.45282470881613607,83,37,23670,21923,10587,5258,15449,22688,47988,35280,0,0,7854,6397,22469,1412,3749,273,23,0,0,118,52973,795,3788,0,0,0,0,0
646,11020,647.1033851031859,99851,98,59,110,35,30131,15112,0.4531051266386916,88,48,23735,22003,10567,5245,15400,22608,47996,35291,0,0,7842,6388,22471,1411,3756,274,24,0,0,133,52969,794,3789,0,0,0,0,0
647,11020,648.0367127393796,99851,103,60,110,35,30151,15122,0.45340557430571554,88,50,23793,22086,10541,5234,15363,22533,48004,35302,0,0,7827,6380,22470,1412,3763,275,26,0,0,144,52971,794,3789,0,0,0,0,0
648,11020,649.2772643171465,99851,116,59,110,35,30177,15131,0.45375609658391003,90,58,23895,22186,10485,5219,15302,22441,48011,35313,0,0,7813,6372,22471,1416,3769,275,28,0,0,155,52972,792,3788,0,0,0,0,0
649,11020,650.2041583577013,99851,123,66,110,35,30195,15145,0.45407657409540214,103,61,23949,22263,10458,5206,15255,22367,48018,35323,0,0,7800,6364,22473,1419,3770,278,29,0,0,162,52977,792,3787,0,0,0,0,0
650,11020,651.1285455320535,99851,133,76,110,35,30225,15159,0.4545172306737038,103,66,24004,22332,10433,5194,15215,22295,48025,35333,0,0,7788,6358,22472,1419,3775,282,32,0,0,171,52977,791,3786,0,0,0,0,0
651,11020,652.0505446399234,99851,148,72,110,35,30259,15168,0.45494787232977135,111,72,24048,22403,10414,5188,15167,22228,48032,35343,0,0,7772,6354,22473,1416,3782,283,37,0,0,191,52968,791,3784,0,0,0,0,0
652,11020,653.2768682448736,99851,172,78,110,35,30303,15188,0.45558882735275563,129,73,24101,22493,10385,5184,15101,22135,48039,35353,0,0,7756,6348,22474,1418,3788,283,42,0,0,212,52958,789,3783,0,0,0,0,0
653,11020,654.19444208637,99851,182,91,110,35,30335,15208,0.4561096033089303,155,70,24130,22560,10367,5170,15054,22072,48046,35363,0,0,7739,6344,22469,1416,3800,283,48,0,0,224,52957,788,3783,0,0,0,0,0
654,11020,655.1104549308927,99851,199,99,110,35,30369,15225,0.4566203643428709,163,72,24171,22638,10342,5159,15013,21995,48053,35373,0,0,7731,6335,22466,1419,3810,283,48,0,0,237,52952,785,3785,0,0,0,0,0
655,11020,656.0246128577429,99851,209,97,110,35,30410,15243,0.4572112447546845,162,77,24227,22713,10324,5159,14966,21917,48060,35382,0,0,7714,6329,22458,1423,3824,284,54,0,0,262,52938,782,3783,0,0,0,0,0
656,11020,657.2403622076705,99851,226,88,110,35,30464,15257,0.4578922594666052,180,90,24278,22816,10314,5155,14890,21814,48066,35391,0,0,7699,6319,22451,1427,3840,285,60,0,0,294,52915,782,3779,0,0,0,0,0
657,11020,658.1500107139307,99851,232,103,110,35,30498,15282,0.4584831398784188,195,91,24320,22871,10302,5150,14839,21748,48072,35400,0,0,7685,6312,22446,1428,3850,288,65,0,0,309,52909,781,3778,0,0,0,0,0
658,11020,659.0579737865493,99851,246,112,110,35,30543,15305,0.4591641545903396,208,97,24340,22943,10289,5143,14805,21668,48078,35409,0,0,7669,6304,22443,1430,3861,290,73,0,0,328,52898,779,3776,0,0,0,0,0
659,11020,660.2663077357803,99851,286,123,110,35,30620,15342,0.4603058557250303,213,102,24397,23026,10265,5142,14727,21570,48084,35418,0,0,7651,6294,22438,1434,3876,291,82,0,0,360,52875,778,3772,0,0,0,0,0
660,11020,661.1703270519247,99851,284,118,110,35,30665,15360,0.4609367958257804,222,115,24420,23088,10274,5149,14688,21493,48090,35427,0,0,7636,6282,22431,1438,3893,293,91,0,0,396,52845,777,3769,0,0,0,0,0
661,11020,662.073211853536,99851,291,125,110,35,30706,15385,0.46159778069323293,241,129,24452,23132,10270,5154,14634,21423,48096,35436,0,0,7620,6269,22430,1443,3905,293,100,0,0,422,52826,777,3766,0,0,0,0,0
662,11020,663.274484240207,99851,335,134,110,35,30792,15423,0.4628396310502649,236,121,24518,23197,10248,5169,14551,21342,48102,35444,0,0,7604,6259,22421,1450,3921,294,105,0,0,461,52798,775,3763,0,0,0,0,0
663,11020,664.1731046798717,99851,359,141,110,35,30849,15451,0.46369089944016584,240,126,24548,23247,10243,5169,14498,21280,48108,35452,0,0,7595,6249,22414,1452,3935,295,108,0,0,493,52772,775,3763,0,0,0,0,0
664,11020,665.0701437377564,99851,376,156,110,35,30903,15486,0.4645822275190033,262,128,24584,23308,10234,5169,14432,21202,48114,35460,0,0,7583,6240,22406,1454,3950,297,112,0,0,524,52749,775,3761,0,0,0,0,0
665,11020,666.2635902200719,99851,400,167,110,35,30992,15522,0.46583409279826943,254,135,24631,23375,10239,5173,14364,21113,48120,35468,0,0,7560,6223,22394,1466,3970,299,125,0,0,562,52721,773,3758,0,0,0,0,0
666,11020,667.1569081398734,99851,397,176,110,35,31057,15548,0.46674545072157514,273,137,24653,23424,10268,5170,14297,21056,48125,35476,0,0,7545,6214,22376,1470,3995,300,134,0,0,607,52682,771,3757,0,0,0,0,0
667,11020,668.0490575954068,99851,391,184,110,35,31098,15584,0.46751659973360304,300,134,24679,23474,10271,5177,14247,20994,48130,35484,0,0,7531,6203,22369,1472,4014,301,143,0,0,648,52646,770,3754,0,0,0,0,0
668,11020,669.2369791318151,99850,418,189,110,36,31193,15628,0.4689133700550826,318,150,24713,23540,10268,5192,14171,20891,48135,35492,0,0,7510,6189,22348,1481,4044,301,156,0,0,700,52601,769,3751,0,0,0,0,0
669,11020,670.1261719148667,99850,445,199,110,36,31270,15666,0.4700650976464697,322,156,24729,23601,10262,5198,14130,20808,48140,35500,0,0,7500,6181,22336,1485,4062,304,159,0,0,748,52560,768,3747,0,0,0,0,0
670,11020,671.0142968459177,99850,452,211,110,36,31324,15709,0.4710365548322484,365,164,24752,23655,10251,5205,14068,20727,48145,35507,0,0,7484,6171,22321,1491,4081,307,168,0,0,787,52528,768,3744,0,0,0,0,0
671,11020,672.1967036423991,99850,492,232,110,36,31440,15765,0.4727591387080621,391,173,24757,23725,10264,5217,13984,20615,48150,35514,0,0,7466,6161,22307,1496,4104,312,178,0,0,847,52476,766,3737,0,0,0,0,0
672,11020,673.0823651664139,99850,518,250,110,36,31524,15804,0.4739909864797196,402,190,24778,23771,10262,5211,13928,20540,48155,35521,0,0,7450,6147,22295,1509,4117,317,185,0,0,882,52450,763,3735,0,0,0,0,0
673,11020,674.261150585985,99850,546,260,110,36,31627,15854,0.4755232849273911,451,213,24784,23821,10265,5230,13842,20438,48160,35528,0,0,7432,6138,22276,1508,4150,319,198,0,0,943,52394,761,3731,0,0,0,0,0
674,11020,675.1444083366368,99849,584,288,110,37,31723,15906,0.47701028553115205,470,210,24781,23881,10265,5229,13788,20353,48165,35535,0,0,7419,6122,22268,1518,4168,321,206,0,0,983,52357,760,3727,0,0,0,0,0
675,11020,676.0270421534474,99849,621,295,110,37,31824,15950,0.4784624783422969,482,226,24788,23937,10283,5242,13714,20261,48170,35542,0,0,7400,6111,22255,1523,4192,324,218,0,0,1034,52313,759,3720,0,0,0,0,0
676,11020,677.2025937687549,99849,654,310,110,37,31971,16022,0.4806557902432673,503,234,24777,23999,10321,5263,13633,20155,48175,35549,0,0,7376,6095,22219,1529,4245,326,232,0,0,1118,52237,759,3713,0,0,0,0,0
677,11020,678.0838495998906,99847,684,317,112,37,32085,16068,0.4822678698408565,515,239,24773,24047,10346,5284,13568,20074,48180,35556,0,0,7349,6083,22199,1541,4267,331,249,0,0,1177,52186,755,3710,0,0,0,0,0
678,11020,679.2585305854876,99847,702,348,112,37,32229,16147,0.48450128696906264,551,269,24780,24071,10403,5301,13450,19972,48184,35563,0,0,7317,6058,22172,1561,4303,334,277,0,0,1261,52106,753,3705,0,0,0,0,0
679,11020,680.1384133243284,99847,754,347,112,37,32376,16203,0.4865343976283714,548,271,24781,24113,10441,5341,13362,19889,48188,35569,0,0,7294,6044,22144,1574,4341,336,293,0,0,1339,52034,749,3699,0,0,0,0,0
680,11020,681.017827393318,99845,757,345,113,38,32496,16259,0.48830687565726877,582,283,24759,24148,10497,5373,13290,19811,48192,35575,0,0,7265,6026,22110,1592,4382,340,311,0,0,1422,51958,746,3693,0,0,0,0,0
681,11020,682.1905993141153,99845,799,379,113,38,32677,16340,0.49093094296159046,596,317,24742,24198,10555,5384,13193,19682,48196,35581,0,0,7238,6003,22077,1606,4429,345,332,0,0,1508,51876,745,3686,0,0,0,0,0
682,11020,683.0698503606325,99845,838,410,113,38,32795,16409,0.49280384596123994,656,330,24705,24225,10564,5398,13122,19597,48200,35587,0,0,7224,5988,22057,1616,4459,348,342,0,0,1566,51822,741,3682,0,0,0,0,0
683,11020,684.2422711224382,99845,858,444,113,38,32972,16523,0.49571836346336823,715,329,24665,24239,10640,5449,13007,19499,48204,35593,0,0,7190,5969,22014,1633,4514,354,368,0,0,1687,51708,737,3671,0,0,0,0,0
684,11020,685.1217394021094,99844,921,461,113,39,33144,16589,0.49810704699330954,735,353,24641,24251,10673,5474,12915,19420,48208,35599,0,0,7160,5956,21982,1642,4556,356,392,0,0,1761,51639,734,3666,0,0,0,0,0
685,11020,686.0010992909585,99844,993,478,113,39,33303,16657,0.5003805937262129,784,380,24594,24264,10692,5504,12822,19333,48212,35605,0,0,7142,5938,21960,1655,4585,361,404,0,0,1831,51574,732,3662,0,0,0,0,0
686,11020,687.1738768441703,99844,1069,530,113,39,33550,16783,0.5041164216177236,824,376,24539,24285,10764,5547,12689,19221,48216,35611,0,0,7107,5911,21923,1675,4634,369,431,0,0,1953,51457,730,3654,0,0,0,0,0
687,11020,688.0538645501904,99843,1128,552,114,39,33743,16859,0.5068157006500206,866,411,24474,24308,10812,5575,12604,19113,48220,35617,0,0,7080,5887,21893,1692,4675,375,455,0,0,2042,51368,728,3648,0,0,0,0,0
688,11020,689.228826258453,99842,1189,595,115,39,34022,16989,0.510917249253821,881,424,24395,24329,10936,5627,12482,18984,48224,35623,0,0,7035,5858,21843,1719,4745,381,494,0,0,2188,51222,722,3635,0,0,0,0,0
689,11020,690.1114038003132,99841,1237,612,116,39,34224,17075,0.5138069530553581,930,454,24324,24321,10994,5677,12397,18895,48228,35629,0,0,7004,5829,21814,1736,4793,387,520,0,0,2294,51116,720,3628,0,0,0,0,0
690,11020,691.2900863165236,99841,1311,658,116,39,34511,17222,0.5181538646447852,972,495,24220,24282,11109,5742,12270,18782,48232,35634,0,0,6965,5806,21751,1755,4874,395,552,0,0,2449,50960,719,3615,0,0,0,0,0
691,11020,692.1759579138583,99841,1378,672,116,39,34738,17319,0.5213990244488738,1000,539,24135,24296,11196,5788,12173,18664,48236,35639,0,0,6933,5793,21699,1765,4943,402,580,0,0,2565,50843,716,3602,0,0,0,0,0
692,11020,693.0636408440281,99840,1398,692,117,39,34946,17424,0.5245392628205128,1075,571,24059,24296,11288,5844,12061,18556,48240,35644,0,0,6902,5767,21651,1790,5003,406,606,0,0,2709,50699,710,3597,0,0,0,0,0
693,11020,694.2496512637065,99839,1448,749,118,39,35254,17599,0.5293823055118742,1152,612,23956,24281,11409,5919,11915,18398,48244,35649,0,0,6868,5728,21583,1817,5083,426,635,0,0,2893,50514,708,3584,0,0,0,0,0
694,11020,695.1407194116689,99838,1546,792,118,40,35533,17738,0.5335743905126304,1162,607,23873,24275,11496,5981,11803,18303,48248,35654,0,0,6841,5699,21532,1839,5146,440,657,0,0,3024,50383,706,3571,0,0,0,0,0
695,11020,696.0332662071737,99838,1632,817,118,40,35809,17860,0.537560848574691,1194,657,23801,24263,11573,6045,11680,18176,48251,35659,0,0,6806,5676,21482,1854,5206,453,687,0,0,3168,50240,703,3563,0,0,0,0,0
696,11020,697.2253550636741,99837,1744,852,119,40,36195,18053,0.5433656860682913,1283,658,23630,24256,11713,6146,11509,18046,48254,35664,0,0,6758,5643,21389,1889,5315,469,730,0,0,3365,50036,695,3548,0,0,0,0,0
697,11020,698.1228242324534,99835,1801,881,120,41,36486,18198,0.5477437772324335,1336,672,23523,24238,11822,6221,11396,17945,48257,35669,0,0,6723,5623,21309,1905,5412,481,755,0,0,3532,49869,691,3535,0,0,0,0,0
698,11020,699.0234174073329,99833,1874,899,120,43,36807,18335,0.5523424118277523,1377,713,23382,24206,11966,6306,11279,17831,48260,35674,0,0,6688,5590,21235,1931,5500,496,785,0,0,3712,49688,689,3519,0,0,0,0,0
699,11020,700.2297063664024,99833,1989,954,120,43,37255,18560,0.5590836697284465,1422,762,23199,24182,12151,6414,11117,17643,48263,35679,0,0,6630,5552,21148,1958,5621,515,839,0,0,3948,49442,684,3496,0,0,0,0,0
700,11020,701.1383734138511,99833,2035,1021,120,43,37573,18743,0.5641020504242085,1489,788,23056,24129,12294,6490,11004,17527,48266,35684,0,0,6587,5516,21066,1984,5730,526,875,0,0,4121,49267,680,3481,0,0,0,0,0
701,11020,702.0508532850719,99831,2129,1064,122,43,37927,18919,0.5694223237270988,1476,806,22935,24080,12448,6584,10888,17421,48269,35689,0,0,6537,5483,20985,2017,5829,536,916,0,0,4307,49081,676,3464,0,0,0,0,0
702,11020,703.2733233356697,99829,2187,1140,122,45,38391,19160,0.5764958078313916,1564,868,22706,24028,12694,6684,10725,17233,48272,35694,0,0,6472,5441,20888,2057,5953,562,973,0,0,4569,48806,665,3443,0,0,0,0,0
703,11020,704.1961296053587,99828,2279,1207,123,45,38785,19364,0.5824918860439957,1591,877,22532,23995,12881,6775,10592,17099,48275,35699,0,0,6430,5399,20801,2091,6072,575,1007,0,0,4768,48599,661,3425,0,0,0,0,0
704,11020,705.124150229986,99826,2348,1208,125,45,39171,19557,0.5883036483481258,1656,919,22349,23914,13049,6926,10471,16986,48278,35704,0,0,6375,5347,20710,2136,6192,586,1056,0,0,5014,48345,654,3411,0,0,0,0,0
705,11020,706.0579086114446,99825,2424,1297,126,45,39530,19799,0.5943300776358628,1751,905,22166,23852,13187,7033,10344,16866,48281,35708,0,0,6343,5318,20628,2162,6292,606,1079,0,0,5234,48120,648,3395,0,0,0,0,0
706,11020,707.3115724602163,99824,2500,1370,127,45,40104,20115,0.6032517230325373,1780,940,21928,23741,13486,7215,10177,16687,48284,35712,0,0,6270,5265,20482,2218,6479,627,1142,0,0,5581,47753,635,3372,0,0,0,0,0
707,11020,708.2585654561728,99821,2581,1387,129,46,40526,20325,0.6096011861231605,1820,980,21767,23681,13667,7353,10034,16551,48287,35716,0,0,6225,5206,20378,2270,6600,653,1182,0,0,5818,47504,624,3361,0,0,0,0,0
708,11020,709.2112194557268,99819,2664,1448,130,47,40997,20590,0.6169867460102786,1853,1021,21542,23607,13913,7497,9896,16378,48290,35720,0,0,6160,5168,20253,2298,6771,671,1238,0,0,6076,47230,618,3336,0,0,0,0,0
709,11020,710.1713416019506,99818,2759,1496,131,47,41454,20815,0.6238253621591296,1965,1085,21305,23516,14096,7627,9742,16227,48293,35724,0,0,6111,5127,20146,2335,6889,696,1278,0,0,6345,46955,615,3321,0,0,0,0,0
710,11020,711.1387182715683,99817,2873,1561,131,48,41928,21082,0.6312551970105292,2031,1127,21093,23409,14284,7774,9586,16079,48296,35728,0,0,6054,5090,20026,2365,7043,712,1326,0,0,6606,46680,611,3304,0,0,0,0,0
711,11020,712.1137488871935,99816,2969,1604,132,48,42425,21346,0.6388855494109161,2054,1160,20869,23308,14522,7935,9452,15943,48299,35732,0,0,5982,5033,19932,2419,7167,740,1387,0,0,6882,46379,606,3289,0,0,0,0,0
712,11020,713.0969762123866,99816,3037,1662,132,48,42936,21646,0.6470104993187465,2162,1189,20609,23222,14758,8102,9300,15775,48302,35736,0,0,5909,4973,19810,2462,7330,769,1454,0,0,7191,46055,600,3263,0,0,0,0,0
713,11020,714.0894870793168,99814,3103,1710,134,48,43464,21943,0.6552888372372613,2201,1201,20380,23141,15021,8287,9159,15611,48305,35740,0,0,5841,4921,19676,2506,7503,794,1513,0,0,7521,45700,593,3246,0,0,0,0,0
714,11020,715.0910770710673,99811,3167,1763,135,50,44017,22234,0.6637645149332237,2293,1249,20111,23043,15316,8441,8976,15452,48308,35744,0,0,5781,4854,19544,2559,7676,824,1566,0,0,7859,45341,585,3222,0,0,0,0,0
715,11020,716.1033161478198,99809,3284,1824,137,50,44602,22567,0.6729753829814946,2367,1279,19849,22918,15540,8632,8821,15295,48311,35748,0,0,5700,4785,19410,2623,7850,850,1638,0,0,8187,44989,578,3199,0,0,0,0,0
716,11020,717.126079061542,99806,3459,1899,140,50,45221,22908,0.6826142716870729,2438,1300,19579,22790,15734,8827,8648,15132,48314,35752,0,0,5628,4738,19281,2647,8034,878,1704,0,0,8498,44647,570,3181,0,0,0,0,0
717,11020,718.1587978478159,99804,3575,1957,142,50,45832,23249,0.6921666466273897,2495,1391,19315,22635,15985,9025,8486,14940,48317,35756,0,0,5545,4673,19149,2706,8212,909,1773,0,0,8837,44272,563,3165,0,0,0,0,0
718,11020,719.2029197863204,99802,3680,2010,144,50,46507,23590,0.7023606741347869,2512,1440,19045,22486,16303,9239,8314,14773,48320,35760,0,0,5467,4599,18994,2777,8439,945,1834,0,0,9179,43887,556,3125,0,0,0,0,0
719,11020,720.2590932324806,99799,3764,2130,145,52,47153,24009,0.7130532370063828,2619,1424,18739,22357,16601,9446,8130,14589,48322,35764,0,0,5386,4529,18857,2837,8619,1001,1901,0,0,9543,43490,549,3087,0,0,0,0,0
720,11020,721.3287361294816,99795,3918,2189,149,52,47867,24396,0.7241144345909114,2676,1434,18447,22219,16869,9690,7939,14414,48324,35768,0,0,5308,4468,18679,2897,8847,1047,1964,0,0,9906,43087,539,3053,0,0,0,0,0
721,11020,722.0492615615634,99793,3981,2232,151,52,48372,24663,0.7318649604681691,2708,1460,18204,22130,17123,9832,7831,14292,48326,35772,0,0,5240,4413,18551,2949,9014,1082,2019,0,0,10162,42800,532,3031,0,0,0,0,0
722,11020,723.1449897484516,99791,4129,2273,152,53,49135,25056,0.743463839424397,2710,1500,17874,21995,17456,10072,7677,14105,48328,35776,0,0,5154,4352,18366,3007,9237,1147,2085,0,0,10563,42363,520,2997,0,0,0,0,0
723,11020,724.2580559837079,99788,4214,2280,154,54,49895,25445,0.7550006012747024,2769,1590,17570,21824,17794,10346,7497,13904,48330,35780,0,0,5067,4286,18177,3067,9515,1200,2160,0,0,10983,41871,508,2954,0,0,0,0,0
724,11020,725.0040946961952,99786,4318,2318,154,56,50435,25725,0.7632333193033091,2793,1622,17364,21725,18007,10496,7362,13781,48332,35783,0,0,5021,4234,18040,3117,9709,1233,2188,0,0,11242,41577,501,2924,0,0,0,0,0
725,11020,726.1037346616946,99783,4435,2473,156,57,51172,26216,0.7755629716484772,2894,1653,17049,21542,18288,10696,7176,13577,48334,35786,0,0,4930,4179,17853,3162,9954,1287,2259,0,0,11631,41144,498,2886,0,0,0,0,0
726,11020,727.1817461216857,99780,4528,2550,158,58,51950,26669,0.7879234315494087,2947,1717,16755,21361,18615,10953,6995,13359,48336,35789,0,0,4840,4097,17657,3223,10236,1347,2333,0,0,12027,40684,488,2848,0,0,0,0,0
727,11020,728.2378530768149,99780,4703,2595,158,58,52783,27105,0.8006414111044298,2931,1763,16467,21191,18915,11211,6824,13180,48338,35792,0,0,4740,4028,17473,3292,10481,1417,2407,0,0,12418,40226,477,2821,0,0,0,0,0
728,11020,729.2739864887433,99776,4789,2655,160,60,53527,27544,0.812530067350866,2991,1808,16184,20998,19215,11476,6659,13001,48340,35795,0,0,4651,3951,17277,3359,10775,1474,2477,0,0,12775,39788,470,2779,0,0,0,0,0
729,11020,730.2915285329827,99773,4836,2723,163,60,54253,27994,0.8243412546480511,3122,1846,15897,20849,19490,11725,6490,12795,48342,35798,0,0,4573,3880,17066,3420,11069,1542,2527,0,0,13142,39343,462,2749,0,0,0,0,0
730,11020,731.291377549798,99767,4933,2780,167,62,55033,28441,0.8366894865035532,3139,1910,15612,20684,19801,11961,6346,12601,48344,35801,0,0,4483,3810,16875,3480,11348,1605,2592,0,0,13535,38869,455,2715,0,0,0,0,0
731,11020,732.2732557539837,99765,5065,2836,169,62,55812,28896,0.8490753270184934,3197,1893,15321,20534,20076,12235,6170,12438,48346,35804,0,0,4396,3742,16679,3541,11638,1665,2661,0,0,13901,38417,446,2679,0,0,0,0,0
732,11020,733.2382684319944,99764,5191,2885,170,62,56605,29350,0.8615833366745519,3227,1958,15050,20352,20357,12485,6003,12256,48348,35807,0,0,4308,3686,16488,3572,11933,1728,2730,0,0,14290,37940,439,2650,0,0,0,0,0
733,11020,734.1873929821915,99763,5269,3018,171,62,57403,29829,0.8743923097741648,3211,1969,14750,20166,20704,12699,5893,12084,48350,35810,0,0,4226,3606,16288,3639,12246,1801,2788,0,0,14599,37530,430,2610,0,0,0,0,0
734,11020,735.1193402646861,99760,5295,3066,172,64,58131,30311,0.8865477145148356,3251,1951,14520,20013,20999,13007,5761,11897,48352,35813,0,0,4152,3530,16098,3690,12532,1887,2845,0,0,14996,37028,422,2580,0,0,0,0,0
735,11020,736.0362539712365,99760,5382,3135,172,64,58907,30779,0.8990176423416198,3221,1936,14249,19862,21335,13279,5639,11722,48354,35816,0,0,4063,3453,15916,3748,12838,1953,2911,0,0,15341,36577,417,2543,0,0,0,0,0
736,11020,737.2355888692608,99757,5370,3163,174,65,59868,31363,0.9145323135218582,3272,1951,13935,19628,21784,13655,5463,11536,48356,35819,0,0,3940,3349,15654,3835,13252,2055,3001,0,0,15831,35945,404,2491,0,0,0,0,0
737,11020,738.1181709818743,99754,5442,3184,176,66,60586,31801,0.9261483248792028,3287,1946,13692,19504,22052,13936,5349,11362,48358,35822,0,0,3861,3286,15468,3886,13536,2133,3057,0,0,16171,35498,395,2463,0,0,0,0,0
738,11020,739.2758715528969,99751,5459,3238,179,66,61499,32367,0.9410030977133061,3299,1932,13388,19317,22466,14276,5207,11169,48360,35825,0,0,3737,3206,15236,3938,13941,2230,3144,0,0,16575,34943,383,2418,0,0,0,0,0
739,11020,740.1295080286152,99750,5486,3247,179,67,62202,32773,0.9521303258145364,3278,2012,13175,19135,22772,14530,5108,11007,48362,35828,0,0,3669,3149,15080,3971,14187,2345,3193,0,0,16908,34499,375,2374,0,0,0,0,0
740,11020,741.2497673546419,99746,5564,3308,183,67,63159,33360,0.9676478254767108,3320,1991,12875,18938,23123,14881,4933,10813,48364,35831,0,0,3576,3057,14829,4050,14585,2460,3253,0,0,17293,33956,362,2325,0,0,0,0,0
741,11020,742.0771054711693,99741,5633,3347,185,70,63855,33794,0.9790256765021406,3316,1945,12652,18812,23393,15135,4819,10689,48366,35834,0,0,3508,2997,14652,4104,14843,2551,3293,0,0,17595,33546,357,2295,0,0,0,0,0
742,11020,743.1644819298946,99739,5663,3362,187,70,64778,34324,0.9936133307933707,3360,1948,12385,18640,23715,15474,4688,10504,48368,35837,0,0,3418,2917,14438,4188,15204,2673,3331,0,0,17987,32986,344,2253,0,0,0,0,0
743,11020,744.2354775388311,99733,5726,3405,192,71,65671,34865,1.0080514974983206,3368,2006,12110,18435,24060,15747,4542,10334,48370,35840,0,0,3342,2843,14222,4226,15539,2812,3370,0,0,18350,32470,340,2219,0,0,0,0,0
744,11020,745.0277410384555,99732,5765,3346,193,71,66369,35238,1.0188003850318854,3309,2082,11924,18270,24346,16027,4461,10202,48372,35843,0,0,3288,2785,14042,4267,15834,2912,3393,0,0,18658,32031,330,2192,0,0,0,0,0
745,11020,746.069550470563,99729,5748,3399,196,71,67221,35798,1.0329894012774619,3359,2061,11679,18105,24673,16328,4343,10034,48374,35846,0,0,3181,2718,13815,4327,16155,3063,3453,0,0,19014,31524,319,2160,0,0,0,0,0
746,11020,747.0968108226313,99726,5776,3420,199,71,68068,36305,1.0465976776367247,3365,2091,11437,17943,24993,16628,4228,9845,48376,35849,0,0,3106,2649,13618,4356,16516,3190,3496,0,0,19336,31027,312,2120,0,0,0,0,0
747,11020,748.1106011233724,99722,5822,3420,202,72,68925,36817,1.0603678225466797,3368,2140,11226,17747,25281,16941,4099,9678,48378,35852,0,0,3021,2586,13424,4393,16850,3336,3537,0,0,19648,30539,302,2086,0,0,0,0,0
748,11020,749.111256021259,99719,5815,3461,204,73,69735,37326,1.0736268915652984,3371,2128,11013,17609,25597,17200,3998,9527,48380,35855,0,0,2938,2525,13232,4432,17130,3499,3577,0,0,19957,30066,299,2064,0,0,0,0,0
749,11020,750.0999887111603,99716,5765,3527,207,73,70561,37856,1.0872578121866099,3411,2117,10795,17470,25924,17437,3896,9374,48382,35858,0,0,2854,2461,13008,4473,17488,3662,3625,0,0,20224,29609,294,2018,0,0,0,0,0
750,11020,751.0761969245821,99713,5837,3528,209,74,71428,38369,1.1011302437997053,3295,2073,10626,17324,26225,17773,3806,9226,48384,35861,0,0,2781,2412,12810,4507,17863,3793,3650,0,0,20495,29138,283,1981,0,0,0,0,0
751,11020,752.0416940147128,99710,5817,3542,210,76,72221,38868,1.1141209507571959,3295,2042,10470,17180,26518,18072,3688,9086,48386,35864,0,0,2702,2352,12623,4549,18207,3936,3684,0,0,20762,28676,278,1941,0,0,0,0,0
752,11020,753.2338913444719,99708,5810,3549,211,77,73187,39510,1.1302703895374493,3291,2072,10264,16995,26855,18432,3567,8873,48388,35867,0,0,2624,2276,12387,4613,18627,4117,3701,0,0,21102,28097,267,1897,0,0,0,0,0
753,11020,754.1768803212694,99707,5775,3546,212,77,73948,40012,1.1429488401014973,3250,2057,10112,16859,27182,18717,3467,8742,48390,35869,0,0,2562,2226,12182,4637,18967,4266,3714,0,0,21414,27607,262,1870,0,0,0,0,0
754,11020,755.1098019580613,99702,5755,3569,215,79,74683,40511,1.1553830414635615,3226,2051,9960,16723,27456,18991,3386,8585,48392,35871,0,0,2486,2151,11992,4712,19270,4402,3740,0,0,21668,27179,256,1846,0,0,0,0,0
755,11020,756.0334379803363,99700,5704,3572,216,80,75410,40964,1.1672417251755265,3246,2074,9760,16584,27768,19207,3304,8481,48394,35873,0,0,2409,2090,11824,4750,19563,4563,3768,0,0,21906,26768,248,1811,0,0,0,0,0
756,11020,757.175166477668,99696,5729,3544,219,81,76320,41539,1.1821838388701653,3196,2083,9599,16398,28045,19558,3210,8334,48396,35875,0,0,2352,2025,11617,4782,19939,4751,3774,0,0,22195,26242,239,1780,0,0,0,0,0
757,11020,758.0803820749164,99691,5729,3511,224,81,77058,41999,1.1942602642164288,3086,2058,9484,16267,28327,19856,3148,8225,48398,35877,0,0,2284,1967,11452,4822,20220,4924,3804,0,0,22409,25828,231,1750,0,0,0,0,0
758,11020,759.2013348027871,99689,5690,3547,225,82,77942,42596,1.2091404267271213,3051,2008,9314,16111,28650,20160,3068,8090,48400,35879,0,0,2211,1903,11253,4851,20566,5141,3817,0,0,22644,25355,224,1724,0,0,0,0,0
759,11020,760.0904661322772,99687,5669,3542,227,82,78606,43050,1.2203797887387522,3013,1980,9201,16017,28880,20407,3008,7970,48402,35881,0,0,2151,1857,11100,4903,20823,5301,3816,0,0,22840,24975,217,1704,0,0,0,0,0
760,11020,761.1928838627616,99684,5604,3525,230,82,79432,43592,1.234139882027206,2959,1971,9077,15878,29192,20704,2936,7838,48404,35883,0,0,2088,1808,10901,4929,21187,5501,3827,0,0,23076,24489,211,1667,0,0,0,0,0
761,11020,762.0677620193115,99680,5596,3520,233,83,80074,44001,1.2447331460674158,2946,1986,8948,15766,29392,20907,2883,7736,48406,35885,0,0,2049,1774,10752,4955,21446,5647,3820,0,0,23268,24120,205,1644,0,0,0,0,0
762,11020,763.1537877400032,99676,5581,3540,236,84,80882,44554,1.2584373369717885,2905,1959,8827,15661,29625,21147,2824,7607,48408,35887,0,0,1989,1728,10559,4971,21783,5861,3824,0,0,23425,23720,201,1615,0,0,0,0,0
763,11020,764.0165583184207,99672,5409,3570,240,84,81457,45018,1.2689120314631992,2898,1931,8755,15556,29926,21366,2770,7491,48410,35889,0,0,1933,1690,10421,4981,22035,6053,3832,0,0,23591,23342,195,1599,0,0,0,0,0
764,11020,765.0863599908478,99670,5406,3517,241,85,82227,45524,1.2817397411457812,2850,1942,8644,15416,30172,21658,2685,7380,48411,35891,0,0,1879,1640,10249,5014,22360,6255,3835,0,0,23755,22917,190,1576,0,0,0,0,0
765,11020,766.1484135082688,99664,5373,3503,245,87,83026,46031,1.2949209343393804,2810,1932,8517,15308,30432,21926,2621,7242,48412,35893,0,0,1826,1598,10084,5021,22687,6470,3823,0,0,23920,22509,183,1543,0,0,0,0,0
766,11020,767.2028605003854,99662,5368,3468,247,87,83794,46525,1.307609720856495,2771,1924,8439,15177,30635,22226,2538,7116,48413,35895,0,0,1783,1554,9917,5047,23025,6670,3810,0,0,24043,22124,175,1514,0,0,0,0,0
767,11020,768.0417090649323,99659,5335,3464,248,89,84400,46934,1.3178338133033645,2739,1914,8371,15099,30830,22422,2475,7010,48414,35897,0,0,1740,1518,9778,5058,23238,6864,3812,0,0,24159,21818,171,1503,0,0,0,0,0
768,11020,769.0839275682594,99657,5282,3424,250,89,85131,47418,1.3300520786296999,2670,1886,8294,15006,31088,22696,2414,6897,48415,35899,0,0,1682,1470,9596,5061,23555,7081,3819,0,0,24301,21442,169,1481,0,0,0,0,0
769,11020,770.1197488201736,99656,5197,3379,251,89,85844,47878,1.3418359155494903,2618,1867,8247,14912,31332,22967,2353,6784,48416,35901,0,0,1630,1422,9439,5081,23866,7290,3818,0,0,24433,21060,163,1454,0,0,0,0,0
770,11020,771.1504826713144,99652,5089,3382,254,90,86491,48404,1.353660739373018,2558,1758,8224,14846,31577,23239,2296,6683,48417,35903,0,0,1589,1392,9285,5102,24124,7532,3795,0,0,24543,20703,159,1428,0,0,0,0,0
771,11020,772.175972468755,99647,4982,3351,256,93,87160,48867,1.365088763334571,2551,1682,8164,14782,31804,23491,2241,6599,48418,35905,0,0,1542,1349,9151,5101,24434,7739,3783,0,0,24643,20344,156,1405,0,0,0,0,0
772,11020,773.1976901038158,99644,4999,3283,258,94,87830,49283,1.3760286620368511,2511,1657,8113,14749,31929,23728,2188,6487,48419,35907,0,0,1514,1315,9014,5110,24707,7942,3757,0,0,24726,20027,152,1380,0,0,0,0,0
773,11020,774.0123957196427,99642,4916,3254,260,94,88326,49614,1.3843559944601673,2506,1637,8064,14696,32101,23915,2151,6402,48420,35909,0,0,1484,1282,8922,5130,24878,8115,3750,0,0,24838,19740,144,1359,0,0,0,0,0
774,11020,775.0262678956034,99641,4851,3219,260,95,88955,50033,1.3948876466514788,2511,1631,8015,14626,32264,24104,2097,6323,48421,35911,0,0,1443,1247,8788,5145,25082,8342,3741,0,0,24954,19415,142,1342,0,0,0,0,0
775,11020,776.0362463530854,99637,4789,3149,263,96,89565,50455,1.4053012435139556,2485,1617,7999,14566,32417,24329,2045,6241,48422,35913,0,0,1414,1218,8649,5130,25392,8552,3727,0,0,24990,19108,142,1315,0,0,0,0,0
776,11020,777.0429231062926,99631,4719,3131,268,97,90178,50881,1.4158143549698388,2433,1553,7971,14508,32602,24538,2005,6171,48423,35915,0,0,1386,1191,8522,5133,25612,8767,3703,0,0,25095,18786,138,1298,0,0,0,0,0
777,11020,778.0462665580827,99628,4591,3104,270,98,90720,51291,1.4254125346288191,2455,1494,7930,14482,32793,24732,1959,6088,48424,35917,0,0,1351,1165,8405,5138,25799,9014,3695,0,0,25152,18497,132,1280,0,0,0,0,0
778,11020,779.0458890626237,99625,4600,3022,272,99,91363,51650,1.435513174404015,2363,1499,7894,14443,32941,24914,1928,6021,48425,35919,0,0,1329,1138,8280,5130,26023,9244,3674,0,0,25180,18239,131,1257,0,0,0,0,0
779,11020,780.0425302918039,99624,4537,2939,273,99,91967,52026,1.445364570786156,2308,1475,7873,14411,33114,25145,1893,5929,48426,35921,0,0,1296,1099,8157,5133,26255,9478,3658,0,0,25213,17972,130,1233,0,0,0,0,0
780,11020,781.0363864740893,99622,4432,2874,274,100,92509,52391,1.4544980024492582,2327,1456,7845,14365,33261,25351,1859,5852,48427,35923,0,0,1262,1072,8048,5128,26495,9684,3650,0,0,25248,17698,129,1208,0,0,0,0,0
781,11020,782.0273020526672,99621,4346,2790,275,100,93080,52716,1.4635066903564509,2261,1455,7859,14350,33433,25517,1824,5786,48428,35925,0,0,1229,1043,7935,5125,26711,9915,3634,0,0,25254,17454,127,1194,0,0,0,0,0
782,11020,783.0159272472232,99621,4272,2712,275,100,93623,53066,1.4724706638158622,2223,1429,7840,14312,33592,25738,1796,5707,48429,35927,0,0,1199,1015,7852,5127,26914,10118,3616,0,0,25308,17177,123,1172,0,0,0,0,0
783,11020,784.002044208401,99621,4272,2680,275,100,94188,53424,1.4817357786008973,2120,1434,7804,14259,33764,25889,1763,5636,48430,35929,0,0,1182,991,7743,5123,27114,10319,3596,0,0,25322,16947,123,1161,0,0,0,0,0
784,11020,785.1807561226386,99620,4217,2649,276,100,94840,53860,1.4926721541859065,2016,1372,7794,14206,33971,26115,1724,5556,48431,35931,0,0,1150,971,7629,5098,27369,10565,3580,0,0,25318,16675,122,1143,0,0,0,0,0
785,11020,786.1600083764952,99617,4148,2631,278,101,95321,54205,1.5010088639489243,2011,1354,7799,14176,34077,26250,1685,5486,48432,35933,0,0,1133,949,7526,5089,27578,10752,3558,0,0,25320,16465,122,1125,0,0,0,0,0
786,11020,787.1371100355749,99616,4061,2671,279,101,95794,54572,1.5094563122389977,1968,1304,7807,14166,34229,26323,1654,5433,48433,35935,0,0,1108,933,7446,5055,27781,10940,3546,0,0,25308,16269,119,1111,0,0,0,0,0
787,11020,788.1116389179546,99614,3976,2574,280,102,96268,54861,1.5171461842712872,1960,1320,7780,14160,34379,26472,1623,5370,48434,35937,0,0,1081,913,7349,5049,27917,11174,3531,0,0,25322,16064,119,1095,0,0,0,0,0
788,11020,789.084049965919,99613,3974,2547,280,103,96744,55188,1.5252226115065304,1928,1269,7785,14144,34442,26622,1589,5313,48435,35939,0,0,1058,898,7256,5032,28059,11374,3528,0,0,25333,15871,118,1086,0,0,0,0,0
789,11020,790.0557742548808,99613,3866,2499,280,103,97192,55477,1.5326212442151126,1891,1263,7833,14127,34563,26758,1565,5248,48436,35941,0,0,1041,878,7180,5031,28250,11570,3499,0,0,25300,15682,116,1066,0,0,0,0,0
790,11020,791.0261664891577,99612,3835,2445,280,104,97675,55762,1.540346544593021,1841,1248,7837,14131,34668,26866,1537,5204,48437,35943,0,0,1021,864,7098,5023,28393,11763,3484,0,0,25323,15473,114,1056,0,0,0,0,0
791,11020,792.1884704996406,99611,3736,2379,281,104,98216,56100,1.5491863348425374,1777,1279,7859,14109,34834,27009,1511,5118,48438,35945,0,0,997,837,6992,5016,28601,11987,3461,0,0,25324,15237,111,1048,0,0,0,0,0
792,11020,793.1550313766195,99610,3661,2390,282,104,98645,56424,1.5567613693404276,1761,1234,7887,14122,34918,27092,1489,5056,48439,35947,0,0,984,816,6909,4995,28783,12172,3452,0,0,25284,15070,110,1035,0,0,0,0,0
793,11020,794.1205811639306,99609,3594,2373,283,104,99058,56703,1.563724161471353,1755,1244,7904,14125,34990,27141,1472,5011,48440,35949,0,0,971,803,6848,4973,28906,12377,3436,0,0,25234,14925,107,1029,0,0,0,0,0
794,11020,795.0851874494482,99606,3516,2299,286,104,99492,56978,1.5708893038571974,1740,1226,7925,14119,35083,27286,1448,4964,48441,35951,0,0,952,782,6768,4977,29073,12569,3412,0,0,25197,14751,106,1019,0,0,0,0,0
795,11020,796.048991330271,99604,3425,2244,287,105,99902,57275,1.5780189550620456,1754,1166,7922,14126,35190,27445,1420,4912,48442,35953,0,0,938,763,6688,4965,29247,12763,3384,0,0,25168,14577,105,1006,0,0,0,0,0
796,11020,797.0117681671776,99603,3349,2208,288,105,100297,57556,1.5848217423169986,1764,1125,7924,14145,35267,27550,1406,4865,48443,35955,0,0,914,751,6612,4958,29380,12947,3377,0,0,25158,14412,105,989,0,0,0,0,0
797,11020,798.165821323486,99602,3330,2197,288,106,100797,57886,1.593170819863055,1674,1109,7971,14129,35363,27645,1372,4812,48444,35957,0,0,888,740,6536,4943,29518,13162,3361,0,0,25136,14241,104,973,0,0,0,0,0
798,11020,799.1269848215562,99599,3321,2181,288,109,101187,58146,1.5997449773592105,1656,1066,8032,14147,35349,27733,1352,4762,48445,35959,0,0,877,732,6481,4922,29625,13336,3347,0,0,25102,14106,103,968,0,0,0,0,0
799,11020,800.0888918207769,99598,3279,2147,289,109,101611,58429,1.6068595754934838,1626,1064,8079,14135,35398,27834,1327,4709,48446,35961,0,0,862,710,6415,4929,29745,13523,3330,0,0,25088,13938,101,957,0,0,0,0,0
800,11020,801.0505498223351,99595,3202,2134,292,109,101997,58676,1.6132637180581355,1613,1048,8092,14140,35493,27891,1306,4676,48447,35963,0,0,844,697,6367,4904,29849,13720,3323,0,0,25035,13816,96,944,0,0,0,0,0
801,11020,802.0113633004032,99595,3139,2066,292,109,102335,58917,1.619077262914805,1636,1045,8111,14165,35529,27986,1291,4627,48448,35965,0,0,834,686,6299,4892,29968,13896,3303,0,0,25015,13675,93,934,0,0,0,0,0
802,11020,803.1637344476021,99593,3120,2025,294,109,102819,59207,1.6268814073278242,1549,1048,8143,14154,35623,28089,1269,4573,48449,35967,0,0,819,666,6235,4859,30133,14084,3296,0,0,24996,13492,91,922,0,0,0,0,0
803,11020,804.1233970027209,99592,3070,2012,295,109,103160,59450,1.6327616676038237,1555,1040,8188,14163,35640,28145,1250,4529,48450,35969,0,0,808,658,6181,4867,30233,14247,3268,0,0,24960,13369,89,912,0,0,0,0,0
804,11020,805.0829156474828,99590,3043,2021,297,109,103545,59713,1.6393011346520736,1522,1013,8216,14168,35688,28207,1232,4480,48451,35971,0,0,797,652,6140,4868,30311,14432,3249,0,0,24908,13242,88,903,0,0,0,0,0
805,11020,806.0423457023164,99590,3004,1993,297,109,103919,59976,1.6456973591726076,1495,981,8249,14184,35738,28296,1215,4435,48452,35973,0,0,789,641,6076,4861,30417,14610,3225,0,0,24879,13108,87,897,0,0,0,0,0
806,11020,807.0012854311111,99589,2912,1964,298,109,104251,60221,1.6515076966331623,1520,967,8282,14195,35795,28360,1191,4403,48453,35974,0,0,779,628,6020,4859,30495,14806,3206,0,0,24839,12986,85,886,0,0,0,0,0
807,11020,808.1517420553618,99586,2896,1907,301,109,104688,60504,1.658787379752174,1436,941,8307,14215,35884,28463,1174,4363,48454,35975,0,0,768,615,5953,4849,30608,15008,3183,0,0,24818,12829,81,874,0,0,0,0,0
808,11020,809.1094243008325,99586,2810,1877,301,109,105031,60721,1.6644106601329505,1384,937,8345,14255,35997,28508,1161,4312,48455,35976,0,0,758,610,5901,4831,30688,15197,3159,0,0,24787,12713,79,863,0,0,0,0,0
809,11020,810.0661624320462,99585,2806,1892,302,109,105395,60966,1.6705427524225536,1312,926,8374,14252,36057,28548,1147,4271,48456,35977,0,0,749,599,5861,4808,30766,15370,3150,0,0,24723,12627,78,854,0,0,0,0,0
810,11020,811.0224761211434,99582,2746,1861,304,110,105692,61201,1.675935410013858,1333,907,8410,14256,36071,28627,1134,4237,48457,35978,0,0,733,591,5811,4787,30841,15535,3148,0,0,24709,12504,78,845,0,0,0,0,0
811,11020,812.170862871817,99581,2630,1803,305,110,106053,61460,1.68217832719093,1302,861,8495,14303,36155,28722,1111,4199,48458,35979,0,0,715,579,5756,4779,30919,15755,3129,0,0,24672,12363,78,836,0,0,0,0,0
812,11020,813.1276527347288,99580,2595,1800,305,111,106382,61682,1.6877284595300261,1231,832,8549,14344,36220,28746,1098,4165,48459,35980,0,0,701,573,5701,4771,30978,15927,3116,0,0,24637,12265,78,833,0,0,0,0,0
813,11020,814.0842165292499,99580,2558,1742,305,111,106692,61863,1.6926591685077326,1207,849,8600,14357,36245,28804,1083,4135,48460,35981,0,0,696,567,5654,4752,31069,16077,3099,0,0,24616,12152,76,822,0,0,0,0,0
814,11020,815.0412454332402,99579,2520,1720,306,111,106998,62073,1.6978579821046607,1165,833,8662,14360,36274,28868,1071,4106,48461,35982,0,0,684,559,5605,4735,31178,16214,3088,0,0,24581,12049,74,812,0,0,0,0,0
815,11020,816.1894886778778,99577,2427,1695,307,112,107337,62330,1.7038774014079556,1122,800,8718,14398,36360,28926,1064,4067,48462,35983,0,0,676,549,5552,4706,31319,16390,3068,0,0,24508,11929,73,807,0,0,0,0,0
816,11020,817.1464941514748,99576,2372,1646,308,112,107607,62518,1.7084940146219973,1130,789,8748,14431,36389,28982,1051,4038,48463,35984,0,0,670,536,5514,4696,31399,16543,3056,0,0,24450,11834,73,805,0,0,0,0,0
817,11020,818.1039617468062,99576,2310,1635,308,112,107873,62709,1.713083473929461,1142,772,8821,14463,36378,29016,1039,4000,48464,35985,0,0,664,532,5469,4694,31437,16707,3037,0,0,24424,11738,72,802,0,0,0,0,0
818,11020,819.0620704910842,99576,2271,1628,308,112,108158,62914,1.7180043383947938,1115,753,8868,14485,36406,29057,1030,3963,48465,35986,0,0,659,524,5424,4686,31459,16885,3025,0,0,24399,11646,71,798,0,0,0,0,0
819,11020,820.0205103046958,99576,2223,1605,308,112,108423,63107,1.722603840282799,1121,719,8909,14512,36418,29107,1019,3943,48466,35987,0,0,652,515,5401,4668,31496,17043,3016,0,0,24365,11558,70,792,0,0,0,0,0
820,11020,821.1715405518231,99575,2177,1528,309,112,108748,63305,1.7278734622144112,1073,715,8976,14584,36461,29147,1002,3912,48467,35988,0,0,643,512,5353,4645,31590,17221,3001,0,0,24311,11449,68,782,0,0,0,0,0
821,11020,822.1311764638682,99574,2159,1485,310,112,109013,63482,1.7323297246269107,1048,693,9037,14623,36456,29207,988,3878,48468,35989,0,0,634,507,5316,4625,31667,17356,2993,0,0,24272,11364,68,772,0,0,0,0,0
822,11020,823.0919970381242,99572,2092,1451,312,112,109256,63649,1.7364821435744988,1025,675,9101,14667,36490,29239,978,3854,48469,35990,0,0,622,503,5284,4615,31732,17499,2987,0,0,24214,11284,67,765,0,0,0,0,0
823,11020,824.0532406236972,99572,2073,1432,312,112,109523,63809,1.7407704977302856,1002,664,9169,14713,36475,29250,967,3827,48470,35991,0,0,614,490,5252,4614,31785,17623,2970,0,0,24190,11211,67,756,0,0,0,0,0
824,11020,825.0150999047603,99572,2030,1377,312,112,109757,63951,1.744546659703531,970,671,9206,14772,36523,29266,957,3800,48471,35992,0,0,608,485,5216,4599,31846,17763,2957,0,0,24138,11142,67,751,0,0,0,0,0
825,11020,826.1700526612174,99572,2020,1312,312,112,110060,64134,1.7494275499136303,903,662,9287,14839,36526,29313,950,3760,48472,35993,0,0,599,478,5181,4580,31892,17930,2944,0,0,24110,11048,67,743,0,0,0,0,0
826,11020,827.1338701901072,99571,1947,1289,313,112,110276,64306,1.7533418364784927,911,629,9365,14873,36525,29363,937,3732,48473,35994,0,0,595,473,5150,4568,31954,18064,2927,0,0,24067,10974,65,734,0,0,0,0,0
827,11020,828.0985895585151,99571,1939,1267,313,112,110527,64459,1.7573992427514036,882,629,9414,14924,36522,29365,928,3701,48474,35995,0,0,591,470,5109,4550,32009,18196,2914,0,0,24020,10920,63,729,0,0,0,0,0
828,11020,829.0639390726084,99571,1877,1255,313,112,110737,64613,1.761054925630957,875,609,9484,14980,36526,29366,923,3676,48475,35996,0,0,577,465,5078,4545,32049,18323,2910,0,0,23984,10851,63,726,0,0,0,0,0
829,11020,830.0301791911381,99571,1809,1225,313,112,110949,64759,1.7646503500015065,867,610,9551,15018,36543,29389,915,3644,48476,35997,0,0,575,460,5052,4529,32079,18470,2896,0,0,23944,10784,62,720,0,0,0,0,0
830,11020,831.1908004818799,99571,1713,1210,313,112,111179,64940,1.7687780578682548,869,585,9649,15094,36552,29384,902,3613,48477,35998,0,0,566,452,5022,4522,32109,18637,2883,0,0,23893,10712,61,714,0,0,0,0,0
831,11020,832.158818893465,99571,1680,1197,313,112,111394,65096,1.7725040423416456,817,562,9728,15143,36564,29398,896,3586,48478,35999,0,0,559,449,4996,4506,32139,18767,2875,0,0,23863,10650,61,706,0,0,0,0,0
832,11020,833.1280537528321,99571,1658,1187,313,112,111581,65238,1.775808217252011,799,553,9823,15193,36518,29388,887,3565,48479,36000,0,0,554,442,4979,4491,32159,18884,2870,0,0,23832,10597,61,702,0,0,0,0,0
833,11020,834.0991017921232,99570,1664,1139,314,112,111789,65361,1.7791503464899066,766,545,9916,15240,36459,29419,879,3543,48480,36001,0,0,551,438,4957,4482,32190,18993,2859,0,0,23817,10527,60,696,0,0,0,0,0
834,11020,835.0724085847454,99570,1642,1120,314,112,111979,65501,1.7824645977704128,736,514,10015,15287,36417,29442,874,3523,48481,36002,0,0,545,433,4932,4483,32217,19103,2850,0,0,23793,10463,60,691,0,0,0,0,0
835,11020,836.0475898859883,99570,1610,1084,314,112,112146,65630,1.7854373807371697,736,530,10075,15329,36392,29448,871,3495,48482,36003,0,0,541,431,4908,4468,32260,19208,2843,0,0,23761,10404,58,688,0,0,0,0,0
836,11020,837.0241305594138,99569,1589,1049,315,112,112344,65770,1.788849943255431,720,513,10140,15386,36371,29472,863,3466,48483,36004,0,0,535,429,4876,4465,32302,19327,2836,0,0,23712,10346,58,683,0,0,0,0,0
837,11020,838.0017281103798,99567,1568,1029,316,113,112533,65887,1.791959183263531,715,513,10211,15442,36334,29465,854,3436,48484,36005,0,0,528,425,4849,4450,32312,19445,2831,0,0,23693,10297,58,679,0,0,0,0,0
838,11020,839.1768822145789,99566,1504,978,317,113,112721,66021,1.7952112166803929,692,501,10315,15507,36324,29480,846,3419,48485,36006,0,0,522,415,4831,4450,32355,19573,2818,0,0,23627,10242,56,677,0,0,0,0,0
839,11020,840.1576569714995,99565,1471,960,318,113,112893,66140,1.7981519610304826,673,494,10393,15550,36310,29482,833,3399,48486,36007,1,1,519,411,4811,4434,32401,19669,2809,0,0,23591,10188,56,675,0,0,0,0,1
840,11020,841.1394792389726,99564,1423,936,318,114,113053,66249,1.8008718010525893,673,485,10463,15611,36293,29471,828,3381,48487,36008,2,2,512,407,4780,4424,32445,19765,2804,0,0,23547,10150,55,672,0,1,1,0,1
841,11020,842.1225418579884,99564,1365,904,318,114,113229,66359,1.8037443252581253,658,479,10541,15671,36293,29471,823,3359,48488,36009,3,3,506,404,4748,4405,32487,19867,2797,0,0,23534,10093,55,664,0,1,2,0,1
842,11020,843.1068196034252,99563,1331,888,319,114,113394,66465,1.8064843365507266,638,472,10600,15733,36288,29457,822,3334,48489,36010,4,4,500,399,4732,4400,32523,19959,2788,0,0,23498,10044,54,662,0,1,2,0,1
843,11020,844.0922071602279,99563,1303,876,319,114,113538,66587,1.8091560117714411,653,445,10658,15786,36248,29457,817,3320,48490,36011,5,5,499,397,4708,4401,32547,20054,2773,0,0,23463,10003,53,660,0,1,2,0,2
844,11020,845.0790220839979,99562,1254,836,319,115,113680,66680,1.8115345212028686,619,433,10760,15880,36229,29427,817,3307,48491,36012,6,6,497,394,4690,4393,32553,20162,2761,0,0,23441,9955,53,658,0,1,2,0,2
845,11020,846.0676436604161,99561,1228,829,320,115,113840,66790,1.8142646216892158,590,417,10841,15952,36206,29399,813,3286,48492,36013,7,7,495,389,4673,4392,32550,20269,2755,0,0,23415,9911,51,656,0,1,2,0,2
846,11020,847.0579013443851,99559,1210,805,320,117,113990,66899,1.816902540202292,570,386,10944,16046,36145,29385,809,3259,48493,36014,8,8,489,384,4651,4391,32584,20353,2750,0,0,23386,9862,50,654,0,1,2,0,2
847,11020,848.0503451634753,99559,1153,764,320,117,114101,66980,1.8188310449080445,596,387,11025,16121,36104,29371,800,3238,48494,36015,9,9,487,382,4627,4378,32617,20439,2736,0,0,23358,9825,50,653,0,2,3,0,2
848,11020,849.0444775877176,99558,1143,771,321,117,114261,67077,1.8214307237991925,561,352,11098,16211,36080,29326,795,3221,48495,36016,10,10,482,381,4615,4370,32641,20513,2730,0,0,23333,9788,50,647,0,2,3,0,3
849,11020,850.0404084604373,99558,1118,746,321,117,114394,67162,1.823620402177625,569,341,11195,16288,36002,29298,793,3208,48496,36017,11,11,482,379,4599,4356,32656,20600,2721,0,0,23316,9748,50,641,0,4,3,0,3
850,11020,851.0387061605751,99558,1094,739,321,117,114530,67251,1.8258803913296773,536,338,11295,16361,35962,29251,790,3192,48497,36018,12,12,479,377,4588,4357,32671,20676,2713,0,0,23290,9706,49,641,0,5,3,0,3
851,11020,852.0387807024322,99558,1070,706,321,117,114662,67323,1.827929448160871,520,340,11369,16446,35932,29219,786,3170,48498,36019,14,14,478,371,4576,4347,32688,20753,2703,0,0,23277,9664,49,639,0,6,4,0,3
852,11020,853.040430990032,99558,1049,679,321,117,114782,67404,1.8299483718033709,527,337,11440,16498,35878,29217,783,3150,48499,36020,16,16,474,369,4561,4334,32723,20820,2700,0,0,23253,9628,48,634,0,6,5,0,3
853,11020,854.0439508298896,99558,1033,657,321,117,114917,67474,1.832007473030796,509,323,11532,16577,35823,29188,780,3136,48500,36021,19,18,471,364,4549,4329,32734,20895,2696,0,0,23240,9587,48,630,0,7,5,0,3
854,11020,855.0498234592596,99558,1037,648,321,117,115059,67558,1.8342775065790795,483,295,11648,16655,35728,29161,781,3122,48501,36022,23,21,469,361,4535,4318,32733,20978,2692,0,0,23226,9551,48,629,0,8,5,0,5
855,11020,856.0585122939156,99558,1030,649,321,117,115190,67635,1.8363667409951987,455,292,11727,16711,35684,29115,781,3114,48502,36023,28,25,466,360,4522,4309,32755,21042,2687,0,0,23197,9525,47,625,0,12,6,0,5
856,11020,857.0691801879168,99558,1010,616,321,117,115295,67704,1.8381144659394524,453,303,11820,16763,35610,29095,784,3104,48503,36024,34,30,463,356,4512,4304,32751,21131,2685,0,0,23167,9492,47,624,0,13,6,0,7
857,11020,858.0822839564235,99557,980,605,322,117,115416,67783,1.8401418282993662,438,307,11902,16842,35571,29033,785,3094,48504,36025,42,36,461,352,4491,4286,32779,21199,2682,0,0,23143,9462,46,621,0,19,7,0,9
858,11020,859.097206176653,99557,942,605,322,117,115535,67859,1.8421005052382053,452,305,11980,16939,35515,28942,787,3090,48505,36026,51,43,456,351,4475,4279,32781,21280,2674,0,0,23125,9432,46,617,0,24,8,0,9
859,11020,860.1138297110924,99557,938,588,322,117,115648,67933,1.8439788262000663,427,299,12063,17011,35455,28898,793,3085,48506,36027,63,51,455,348,4470,4274,32796,21344,2669,0,0,23098,9391,46,617,0,29,8,0,12
860,11020,861.1326511612073,99556,911,573,323,117,115750,68006,1.845755152878782,435,293,12136,17079,35391,28850,802,3086,48507,36028,77,61,454,347,4459,4271,32795,21422,2657,0,0,23060,9364,46,616,0,41,8,0,16
861,11020,862.1537210832764,99556,898,571,323,117,115871,68084,1.847754027883804,417,278,12233,17135,35322,28809,805,3088,48508,36029,94,73,450,346,4444,4260,32807,21494,2653,0,0,23024,9336,46,615,0,52,9,0,20
862,11020,863.1773599445958,99556,879,549,323,117,115973,68150,1.8494415203503556,416,275,12313,17195,35252,28770,815,3092,48509,36030,115,87,448,345,4433,4253,32821,21568,2647,0,0,22989,9302,45,609,2,59,9,0,26
863,11020,864.2035860670115,99556,866,518,323,117,116076,68212,1.8510988790228615,416,289,12420,17258,35147,28707,826,3109,48510,36031,140,103,445,344,4410,4243,32826,21642,2641,0,0,22972,9265,45,608,3,72,12,0,28
864,11020,865.0268697381135,99556,855,525,323,117,116163,68273,1.8525854795291092,403,280,12484,17323,35090,28624,843,3129,48511,36032,170,122,442,343,4398,4244,32803,21713,2635,0,0,22945,9242,45,607,3,88,14,0,34
865,11020,866.0581294138789,99555,833,520,324,117,116261,68339,1.8542514188137211,392,271,12552,17383,35035,28560,862,3147,48512,36033,206,143,439,341,4380,4232,32805,21789,2633,0,0,22919,9202,45,607,3,101,16,0,43
866,11020,867.0917565799517,99554,817,500,325,117,116364,68395,1.8558671675673504,378,279,12641,17461,34954,28474,883,3167,48513,36034,248,168,437,340,4365,4223,32819,21854,2628,0,0,22881,9164,45,604,3,121,20,0,50
867,11020,868.1280870117146,99554,805,498,325,117,116459,68464,1.8575145147357213,371,273,12727,17514,34866,28391,904,3205,48514,36035,297,196,433,338,4358,4212,32794,21938,2627,0,0,22845,9131,45,601,3,146,24,0,59
868,11020,869.1671976292013,99554,774,499,325,117,116545,68539,1.8591317275046708,368,255,12804,17575,34795,28310,932,3242,48515,36036,354,228,432,338,4332,4207,32775,22030,2619,0,0,22809,9092,45,601,3,167,33,0,71
869,11020,870.0004203374936,99554,771,493,325,117,116624,68594,1.8604777306788276,363,244,12850,17603,34724,28246,965,3295,48516,36037,420,265,430,338,4315,4199,32751,22114,2616,0,0,22758,9064,45,598,3,197,39,0,87
870,11020,871.0445391729154,99554,728,483,325,117,116721,68652,1.8620346746489342,351,241,12929,17649,34663,28159,1002,3349,48517,36038,496,307,427,336,4300,4193,32720,22222,2610,0,0,22698,9030,45,597,4,225,46,0,101
871,11020,872.0912790511516,99554,713,480,325,117,116803,68725,1.8635916186190409,339,228,13000,17706,34578,28054,1043,3413,48518,36039,583,354,426,336,4282,4189,32668,22331,2605,0,0,22650,8990,45,596,4,265,55,0,112
872,11020,873.1412524103417,99554,709,469,325,117,116895,68787,1.8651385177893405,324,222,13093,17740,34460,27960,1087,3490,48519,36040,682,407,424,333,4265,4182,32631,22439,2601,0,0,22581,8957,44,594,6,303,64,0,130
873,11020,874.1948939884587,99554,692,456,325,117,116979,68845,1.8665648793619543,313,227,13178,17790,34354,27839,1136,3569,48520,36041,794,466,424,330,4238,4177,32605,22541,2596,0,0,22515,8913,44,589,11,339,78,0,154
874,11020,875.0404474552884,99554,686,450,325,117,117060,68889,1.8678204793378468,293,218,13239,17809,34257,27735,1198,3669,48521,36042,921,532,421,328,4217,4175,32555,22642,2589,0,0,22457,8872,44,586,14,387,89,0,178
875,11020,876.10091165965,99554,660,442,325,117,117144,68948,1.8692568857102678,292,215,13310,17858,34152,27586,1259,3780,48522,36043,1063,605,420,326,4197,4164,32501,22763,2587,0,0,22381,8817,44,584,15,449,100,0,206
876,11020,877.1653364767915,99554,635,437,325,117,117222,69009,1.8706531128834603,313,213,13377,17877,34012,27450,1336,3904,48523,36044,1222,686,420,325,4177,4159,32432,22886,2579,0,0,22295,8760,44,580,17,534,112,0,234
877,11020,878.0202265803416,99554,624,438,325,117,117278,69057,1.8716977720634027,304,203,13432,17872,33894,27315,1419,4053,48524,36045,1399,775,419,325,4158,4155,32352,23007,2575,0,0,22205,8712,44,576,19,616,127,0,264
878,11020,879.092875247008,99553,601,433,325,118,117367,69108,1.873122859180537,282,180,13478,17873,33799,27162,1513,4232,48525,36046,1596,873,416,323,4131,4151,32237,23183,2573,0,0,22113,8657,44,570,22,692,141,0,300
879,11020,880.1696556922872,99553,581,435,325,118,117436,69179,1.8745291452793988,276,154,13544,17911,33664,26958,1608,4422,48526,36047,1814,980,412,320,4105,4145,32121,23360,2574,0,0,22002,8601,44,566,25,787,158,0,333
880,11020,881.0344823389031,99553,566,415,325,118,117497,69212,1.8754733659457776,286,167,13586,17890,33516,26770,1719,4638,48527,36048,2053,1097,411,319,4081,4146,32007,23525,2568,0,0,21893,8540,44,558,29,881,174,0,377
881,11020,882.12067014793,99553,524,400,325,118,117560,69262,1.8766084397255733,285,175,13669,17898,33358,26550,1837,4857,48528,36049,2315,1224,407,319,4051,4135,31853,23735,2567,0,0,21772,8476,44,554,32,989,200,0,419
882,11020,883.2126239106005,99553,516,385,325,118,117633,69318,1.8779042319166674,266,173,13748,17880,33185,26335,1958,5107,48529,36050,2601,1362,406,319,4014,4134,31720,23930,2560,0,0,21624,8405,44,551,34,1111,227,0,474
883,11020,884.090818150207,99553,510,380,325,118,117692,69366,1.8789790362922263,258,170,13790,17843,33021,26103,2094,5384,48530,36051,2912,1511,406,318,3978,4125,31594,24109,2557,0,0,21483,8328,44,545,37,1242,254,0,533
884,11020,885.1945858815003,99553,511,364,325,118,117759,69414,1.8801341998734342,245,158,13848,17815,32822,25868,2247,5675,48531,36052,3249,1672,404,318,3943,4119,31416,24329,2558,0,0,21337,8254,44,541,41,1376,286,0,587
885,11020,886.0827322335466,99552,497,357,325,119,117819,69452,1.8811374959819993,239,159,13882,17747,32651,25617,2404,5999,48532,36053,3612,1845,404,317,3914,4112,31238,24551,2555,0,0,21168,8170,44,537,43,1528,315,0,656
886,11020,887.1996586680682,99552,500,335,325,119,117897,69493,1.8823328511732562,218,160,13925,17712,32456,25322,2574,6350,48533,36054,4002,2030,403,317,3873,4109,31039,24803,2548,0,0,20993,8090,44,534,45,1688,345,0,721
887,11020,888.0984922088932,99552,477,333,325,119,117943,69530,1.8831665863066538,224,155,13950,17625,32257,25039,2765,6727,48534,36055,4419,2228,402,314,3841,4108,30837,25045,2542,0,0,20821,8000,44,532,47,1854,371,0,794
888,11020,889.0028003799097,99552,454,318,325,119,117991,69570,1.8840505464480874,211,141,13985,17516,32061,24778,2962,7126,48535,36056,4863,2439,399,314,3802,4108,30632,25297,2535,0,0,20628,7902,44,529,50,2035,403,0,874
889,11020,890.1411046585986,99552,447,298,325,119,118048,69614,1.8850650916104146,205,126,14032,17427,31826,24483,3163,7545,48536,36057,5334,2663,397,314,3760,4104,30395,25578,2531,0,0,20412,7802,44,525,53,2240,442,0,955
890,11020,891.0583688121674,99552,443,281,325,119,118103,69634,1.8858184667309548,203,131,14052,17303,31594,24154,3381,8010,48537,36058,5832,2900,396,313,3709,4104,30171,25840,2527,0,0,20186,7715,44,518,58,2453,490,0,1028
891,11020,892.2144983581063,99551,438,267,325,120,118169,69669,1.886851965324306,188,133,14101,17199,31335,23809,3611,8470,48538,36059,6356,3151,396,312,3679,4105,29915,26133,2520,0,0,19960,7600,43,512,64,2669,519,0,1124
892,11020,893.1466187471121,99551,423,262,325,120,118206,69704,1.8875752127050456,206,127,14092,17049,31094,23481,3858,8959,48539,36060,6905,3415,394,312,3617,4102,29653,26430,2516,0,0,19734,7501,43,504,72,2886,575,0,1212
893,11020,894.0860825784555,99551,418,257,325,120,118250,69738,1.8883587307008467,199,117,14120,16911,30816,23118,4120,9475,48540,36061,7478,3693,392,312,3566,4101,29386,26730,2514,0,0,19475,7386,43,494,81,3129,624,0,1318
894,11020,895.0339554970491,99551,414,252,325,120,118297,69770,1.8891522937991583,194,106,14116,16766,30553,22746,4396,10008,48541,36062,8073,3984,392,312,3512,4099,29094,27053,2509,0,0,19228,7282,43,483,91,3371,671,0,1411
895,11020,896.2298989799826,99551,393,231,325,120,118345,69800,1.8899358117949594,197,113,14161,16618,30263,22369,4659,10547,48542,36063,8689,4288,391,312,3443,4097,28792,27391,2508,0,0,18969,7146,43,473,100,3618,736,0,1532
896,11020,897.1956230899584,99551,393,229,325,120,118389,69824,1.8906188787656577,195,108,14171,16481,29968,21955,4946,11105,48543,36064,9324,4604,389,311,3384,4095,28481,27725,2506,0,0,18716,7031,43,461,109,3870,791,0,1639
897,11020,898.1708250925293,99551,398,224,325,120,118443,69851,1.8914325320689898,181,96,14158,16338,29680,21531,5256,11689,48544,36065,9976,4933,389,308,3333,4092,28153,28080,2503,0,0,18434,6910,43,454,115,4153,835,0,1749
898,11020,899.1554999875639,99551,396,217,325,120,118500,69875,1.8922461853723218,156,91,14148,16172,29408,21130,5565,12268,48545,36066,10642,5274,388,308,3273,4090,27831,28438,2500,0,0,18148,6783,43,447,122,4417,893,0,1870
899,11020,900.1495207277467,99551,379,205,325,120,118527,69889,1.8926580345752428,174,121,14232,16243,29339,21087,5549,12222,48545,36066,10642,5274,388,307,3269,4089,27835,28461,2495,0,0,18140,6775,43,447,122,4417,893,0,1870
900,11020,900.1495207277467,99551,378,212,325,120,118540,69900,1.8928991170354894,180,114,14136,16006,29091,20703,5888,12843,48545,36066,11321,5626,388,306,3213,4089,27506,28797,2493,0,1,17832,6659,43,443,126,4721,949,0,1985
901,11020,901.154077545597,99551,357,217,325,120,118590,69929,1.8936926801338008,172,114,14117,15815,28798,20284,6229,13448,48545,36066,12009,5988,386,305,3147,4084,27160,29174,2489,2,9,17494,6552,43,435,134,5044,1009,0,2084
902,11020,902.1693295561264,99551,339,205,325,120,118633,69952,1.8943556568994786,175,115,14109,15632,28475,19884,6575,14042,48545,36066,12705,6360,384,305,3086,4078,26788,29580,2484,4,20,17173,6426,43,426,141,5348,1066,0,2199
903,11020,903.1960783146573,99551,352,208,325,120,118682,69985,1.895179355305321,184,107,14068,15450,28139,19472,6930,14641,48545,36066,13406,6742,383,305,3014,4078,26443,29952,2479,5,26,16858,6296,43,420,147,5647,1132,1,2322
904,11020,904.2347501764882,99551,335,201,325,120,118734,70010,1.8959528281986118,181,100,14033,15250,27839,19071,7285,15256,48545,36066,14109,7132,381,305,2952,4071,26140,30298,2476,7,34,16493,6162,43,414,153,5988,1185,1,2448
905,11020,905.0218417882473,99551,333,194,325,120,118773,70023,1.8964751735291459,178,105,13957,15017,27546,18681,7659,15881,48545,36066,14812,7529,380,304,2891,4072,25743,30714,2473,8,37,16188,6051,43,407,160,6278,1245,1,2556
906,11020,906.0834757147134,99551,324,202,325,120,118823,70056,1.8973089170374984,173,113,13917,14820,27229,18266,8030,16477,48545,36066,15512,7933,380,304,2834,4064,25372,31118,2471,8,42,15885,5913,43,396,170,6565,1296,1,2689
907,11020,907.1574211673774,99551,319,217,325,120,118870,70100,1.898223021365933,185,90,13877,14642,26904,17851,8388,17078,48545,36066,16208,8343,380,303,2790,4067,24990,31519,2464,8,50,15551,5786,43,384,180,6888,1339,3,2806
908,11020,908.2442945344807,99550,312,208,326,120,118914,70116,1.8988448016072326,189,106,13837,14468,26570,17433,8764,17663,48545,36066,16897,8757,379,302,2722,4067,24611,31915,2461,8,55,15236,5672,43,381,183,7192,1405,6,2912
909,11020,909.0685766874707,99549,319,204,327,120,118959,70137,1.8995268661664104,191,104,13777,14270,26234,17028,9150,18272,48545,36066,17577,9175,379,302,2678,4065,24242,32311,2459,8,60,14919,5562,43,376,188,7492,1443,7,3015
910,11020,910.1829138486842,99549,325,216,327,120,119019,70177,1.9005313965986599,194,103,13737,14107,25899,16623,9516,18829,48545,36066,18246,9596,378,301,2634,4061,23886,32696,2454,9,64,14622,5433,43,366,197,7773,1485,12,3135
911,11020,911.0284903444309,99549,341,206,327,120,119062,70197,1.9011642507709772,189,94,13703,13908,25543,16274,9895,19396,48545,36066,18903,10018,378,300,2587,4063,23528,33066,2452,9,72,14351,5286,43,359,204,8036,1529,19,3267
912,11020,912.1724109822378,99549,339,209,327,120,119107,70228,1.9019276938994867,195,91,13681,13762,25198,15873,10258,19943,48545,36066,19546,10441,378,300,2542,4060,23137,33479,2449,9,79,14063,5175,43,352,211,8309,1573,23,3367
913,11020,913.0411152250915,99549,341,211,327,120,119142,70256,1.9025605480718037,194,83,13635,13613,24870,15502,10631,20469,48545,36066,20173,10864,378,300,2492,4056,22789,33850,2447,9,80,13768,5058,43,349,214,8592,1618,28,3478
914,11020,914.2160068371302,99549,348,207,327,120,119206,70284,1.9034847160694732,186,84,13602,13470,24550,15162,10985,20955,48545,36066,20784,11286,377,300,2454,4056,22458,34213,2440,10,83,13465,4939,43,341,221,8876,1651,31,3591
915,11020,915.1078123513909,99549,347,196,327,120,119250,70298,1.904067343720178,167,96,13526,13296,24272,14841,11359,21449,48545,36066,21378,11706,377,300,2399,4051,22146,34553,2438,10,88,13167,4816,43,335,226,9160,1700,32,3708
916,11020,916.009963486764,99549,339,192,327,120,119294,70321,1.9047403791097852,172,82,13488,13159,23953,14536,11719,21909,48545,36066,21954,12123,376,300,2348,4047,21804,34922,2436,11,94,12893,4703,43,326,234,9420,1745,35,3812
917,11020,917.2305466457575,99549,326,199,327,120,119337,70349,1.9054535957166823,173,76,13489,13084,23622,14189,12061,22330,48545,36066,22511,12536,375,299,2305,4041,21476,35275,2433,12,96,12631,4594,43,316,244,9670,1785,40,3914
918,11020,918.1576856335179,99549,327,187,327,120,119372,70363,1.9059458156284845,167,84,13440,12911,23314,13924,12423,22772,48545,36066,23049,12945,375,299,2257,4044,21155,35618,2427,12,97,12386,4502,43,308,251,9901,1829,43,4002
919,11020,919.0971229305073,99549,320,184,327,120,119405,70382,1.906468171453254,168,83,13398,12801,23006,13616,12779,23194,48545,36066,23568,13349,375,299,2222,4044,20827,35965,2421,12,98,12132,4414,42,302,257,10144,1863,48,4084
920,11020,920.0493248842433,99549,323,183,327,120,119452,70407,1.9071914333644737,165,79,13347,12681,22704,13339,13132,23596,48545,36066,24068,13747,374,298,2171,4042,20551,36270,2418,13,103,11907,4307,42,295,263,10353,1908,51,4183
921,11020,921.0139921513126,99549,323,185,327,120,119499,70426,1.9078544234497583,159,78,13317,12599,22404,13052,13468,23964,48545,36066,24548,14138,374,298,2135,4036,20238,36611,2416,13,107,11669,4224,42,290,267,10575,1941,55,4258
922,11020,922.3190694572303,99549,321,185,327,120,119549,70456,1.908658047795558,168,82,13312,12558,22090,12768,13780,24285,48545,36066,25009,14522,374,298,2092,4034,19953,36927,2414,13,107,11417,4159,42,286,270,10805,1980,59,4319
923,11020,923.3106127089482,99549,334,183,327,120,119600,70478,1.9093913550111001,168,84,13274,12487,21800,12497,14095,24627,48545,36066,25451,14899,373,298,2045,4033,19688,37211,2412,14,107,11184,4085,42,280,276,11026,2023,68,4384
924,11020,924.3154659266775,99549,332,181,327,120,119645,70501,1.9100744357050297,164,87,13241,12443,21546,12229,14388,24938,48545,36066,25874,15268,373,297,2000,4030,19442,37485,2409,14,116,10949,4013,42,274,281,11249,2060,69,4446
925,11020,925.3326688522698,99549,326,175,327,120,119685,70519,1.9106570633557343,158,93,13242,12364,21265,12018,14680,25228,48545,36066,26279,15629,372,297,1960,4025,19194,37763,2407,15,117,10737,3941,42,268,285,11446,2094,75,4511
926,11020,926.0180716090099,99549,328,167,327,120,119721,70532,1.9111492832675365,152,91,13179,12262,21033,11823,14979,25535,48545,36066,26666,15982,372,297,1919,4028,18918,38053,2403,15,118,10546,3865,42,263,289,11628,2133,78,4582
927,11020,927.0601364444788,99549,320,168,327,120,119756,70551,1.9116917297009512,168,101,13149,12219,20772,11604,15262,25786,48545,36066,27036,16326,371,297,1882,4023,18674,38318,2402,16,123,10361,3791,42,258,294,11799,2169,80,4649
928,11020,928.1149307571592,99549,314,173,327,120,119802,70574,1.9123848556992034,164,88,13116,12168,20542,11398,15535,26051,48545,36066,27388,16661,371,296,1848,4016,18458,38569,2401,16,125,10166,3726,42,254,298,11970,2201,82,4710
929,11020,929.1817879876156,99549,288,176,327,120,119836,70603,1.9130177098715206,174,80,13087,12126,20321,11222,15801,26274,48545,36066,27724,16987,370,296,1822,4009,18241,38820,2398,17,130,9978,3663,42,251,300,12138,2224,86,4764
930,11020,930.2607973722378,99549,297,176,327,120,119886,70630,1.9137911983043527,157,73,13085,12098,20077,11042,16055,26489,48545,36066,28044,17304,370,295,1784,4004,18018,39070,2395,17,130,9833,3598,42,247,303,12272,2256,93,4822
931,11020,931.3526829332726,99549,297,181,327,120,119929,70656,1.9144843243026048,159,65,13081,12077,19850,10864,16284,26691,48545,36066,28349,17612,370,294,1768,4003,17805,39301,2392,17,130,9659,3541,42,244,305,12435,2271,97,4875
932,11020,932.0878399091655,99549,288,172,327,120,119952,70668,1.914835909953892,158,74,13062,12038,19636,10715,16527,26879,48545,36066,28639,17911,370,293,1731,4003,17606,39516,2390,17,131,9499,3489,42,243,306,12586,2304,104,4919
933,11020,933.2047071214156,99548,286,165,328,120,119999,70691,1.915558323622775,155,80,13059,12024,19424,10563,16746,27046,48545,36066,28915,18200,369,293,1698,4008,17422,39727,2380,18,134,9338,3449,42,239,308,12730,2333,110,4950
934,11020,934.3341981539426,99548,278,140,328,120,120041,70707,1.9161409571262105,152,96,13065,12025,19232,10429,16943,27188,48545,36066,29177,18480,368,291,1662,4004,17257,39932,2377,19,138,9201,3392,42,235,310,12843,2364,114,4999
935,11020,935.0937659264895,99548,275,133,328,120,120072,70722,1.9166030457668661,139,101,13075,12000,19025,10301,17156,27343,48545,36066,29426,18751,367,291,1641,4004,17073,40132,2374,20,137,9058,3352,42,232,313,12975,2383,119,5035
936,11020,936.2470657301365,99548,264,147,328,120,120110,70753,1.91729617872785,139,88,13086,12024,18836,10165,17345,27454,48545,36066,29663,19013,365,291,1607,3997,16908,40320,2372,22,136,8934,3316,42,227,318,13089,2413,125,5066
937,11020,937.0228419994442,99548,257,147,328,120,120135,70769,1.9177080403423474,146,85,13081,12027,18645,10039,17541,27580,48545,36066,29888,19266,364,290,1582,3997,16751,40490,2368,23,138,8816,3265,42,225,320,13202,2435,129,5111
938,11020,938.2004896520307,99547,264,152,329,120,120181,70795,1.9184505811325303,140,76,13121,12057,18444,9933,17700,27660,48545,36066,30102,19511,364,290,1561,3994,16607,40656,2360,23,139,8709,3216,42,224,321,13300,2454,132,5155
939,11020,939.3909439599596,99547,262,157,329,120,120221,70820,1.919103539031814,145,72,13156,12131,18249,9797,17857,27721,48545,36066,30305,19747,363,288,1549,3997,16453,40833,2356,24,142,8582,3175,42,222,323,13408,2465,132,5193
940,11020,940.1917568680543,99547,266,147,329,120,120245,70830,1.9194450862406702,139,74,13180,12124,18058,9699,18026,27834,48545,36066,30498,19975,363,288,1531,3996,16308,40995,2355,24,141,8469,3143,42,220,325,13508,2481,137,5221
941,11020,941.000674670226,99547,273,147,329,120,120284,70847,1.9200076345846686,117,70,13186,12132,17902,9600,18191,27929,48545,36066,30681,20195,362,288,1514,3996,16180,41144,2348,25,139,8382,3106,42,218,326,13587,2493,141,5256
942,11020,942.2150359117419,99547,264,139,329,120,120320,70868,1.9205802284348097,127,66,13239,12226,17722,9487,18317,27960,48545,36066,30855,20407,362,288,1500,3997,16031,41315,2343,25,142,8287,3074,41,215,329,13668,2505,147,5278
943,11020,943.0204070520576,99547,263,143,329,120,120346,70885,1.9210121851989512,124,63,13255,12203,17572,9413,18455,28056,48545,36066,31020,20611,362,288,1483,3998,15901,41454,2342,25,140,8191,3047,40,213,331,13758,2520,153,5301
944,11020,944.2179408567215,99547,246,132,329,120,120375,70904,1.921494369493807,134,68,13313,12282,17410,9324,18566,28072,48545,36066,31176,20807,362,288,1474,3995,15778,41606,2337,25,146,8091,3012,40,209,334,13841,2526,155,5328
945,11020,945.0123945053788,99546,253,122,330,120,120409,70913,1.9219456331746128,124,72,13307,12286,17280,9249,18704,28149,48545,36066,31325,20996,362,288,1461,3989,15657,41745,2337,25,147,8011,2979,40,207,335,13910,2538,157,5358
946,11020,946.1938001707817,99546,236,134,330,120,120439,70943,1.9225483695979748,134,64,13363,12352,17139,9166,18796,28162,48545,36066,31466,21178,362,287,1452,3989,15549,41878,2333,25,147,7926,2947,39,205,337,13979,2544,162,5385
947,11020,947.3692657748372,99546,237,135,330,120,120470,70961,1.9230406043437205,141,61,13412,12418,16990,9070,18888,28194,48545,36066,31600,21353,361,284,1433,3989,15457,41982,2332,26,149,7839,2918,39,203,339,14061,2560,165,5409
948,11020,948.1494405216822,99546,248,124,330,120,120503,70968,1.923442428625962,129,58,13423,12464,16853,9002,19015,28230,48545,36066,31727,21521,361,284,1421,3984,15366,42086,2332,26,153,7760,2891,39,198,344,14133,2571,169,5428
949,11020,949.3111425365444,99545,247,123,331,120,120545,70983,1.9240343563212619,125,66,13490,12530,16718,8922,19087,28237,48545,36066,31848,21682,360,284,1410,3978,15256,42213,2332,27,153,7695,2863,38,197,345,14187,2582,171,5454
950,11020,950.0829406678845,99545,246,126,331,120,120570,70996,1.92441609322417,128,65,13509,12547,16613,8862,19171,28278,48545,36066,31963,21837,359,284,1396,3969,15168,42316,2332,28,153,7631,2839,38,194,348,14246,2595,176,5473
951,11020,951.2350581483637,99545,242,123,331,120,120603,71018,1.9249686071625898,129,60,13593,12613,16476,8801,19227,28281,48545,36066,32072,21986,358,283,1386,3969,15075,42427,2328,29,157,7566,2814,38,193,349,14300,2603,182,5488
952,11020,952.0011192116916,99545,233,129,331,120,120620,71035,1.925310161233613,139,55,13626,12649,16369,8743,19300,28302,48545,36066,32175,22129,358,282,1373,3970,14998,42517,2325,29,157,7512,2792,38,192,350,14345,2615,185,5507
953,11020,953.1448832296938,99545,238,118,331,120,120662,71050,1.9258827665879752,129,54,13696,12747,16248,8691,19356,28268,48545,36066,32273,22267,356,282,1365,3966,14912,42624,2321,31,160,7456,2777,38,189,352,14389,2623,187,5517
954,11020,954.2856418911194,99545,249,118,331,120,120713,71062,1.9265156461901654,125,60,13793,12854,16114,8606,19386,28240,48545,36066,32366,22399,356,282,1355,3959,14845,42710,2318,31,165,7404,2751,38,187,352,14435,2632,191,5534
955,11020,955.0450428717011,99545,243,128,331,120,120735,71081,1.9269275202169873,117,60,13809,12910,16036,8546,19462,28234,48545,36066,32455,22526,356,282,1346,3957,14778,42789,2314,31,168,7345,2730,38,187,352,14490,2639,192,5551
956,11020,956.1794298504547,99545,231,120,331,120,120763,71095,1.9273494399517805,124,64,13875,12981,15945,8498,19492,28215,48545,36066,32539,22648,356,281,1337,3955,14699,42884,2311,31,169,7304,2712,38,185,354,14523,2646,199,5561
957,11020,957.3119334112533,99545,226,115,331,120,120797,71116,1.9279019538902005,120,63,13939,13077,15850,8456,19532,28167,48545,36066,32619,22765,356,279,1330,3958,14619,42985,2309,31,170,7258,2694,38,184,354,14555,2648,205,5572
958,11020,958.0658186903798,99545,224,110,331,120,120822,71127,1.9282635993771662,112,61,13963,13120,15769,8414,19599,28173,48545,36066,32695,22878,356,278,1324,3960,14563,43056,2307,31,171,7200,2680,38,183,355,14600,2653,207,5583
959,11020,959.1925604403116,99545,216,106,331,120,120855,71139,1.9287156562358732,109,67,14032,13221,15679,8359,19631,28125,48545,36066,32768,22986,356,277,1314,3959,14487,43149,2303,31,176,7164,2660,38,183,354,14628,2661,211,5594
960,11020,960.3174480447526,99545,213,110,331,120,120884,71160,1.9292179416344366,101,63,14100,13315,15601,8322,19652,28068,48545,36066,32837,23090,356,276,1305,3954,14426,43227,2302,31,178,7125,2647,38,183,354,14659,2668,215,5601
961,11020,961.0667466710206,99545,217,112,331,120,120907,71173,1.9295795871214023,95,59,14133,13365,15534,8279,19688,28063,48545,36066,32903,23190,356,276,1298,3959,14365,43294,2297,31,178,7086,2635,38,183,354,14693,2674,215,5613
962,11020,962.1882181577375,99545,203,102,331,120,120931,71183,1.9299211411924255,89,76,14237,13456,15432,8240,19706,28004,48545,36066,32966,23286,355,276,1290,3953,14329,43354,2295,32,181,7038,2618,38,183,352,14731,2678,217,5625
963,11020,963.3089973164266,99545,192,111,331,120,120959,71207,1.9304435180069315,85,71,14333,13541,15351,8208,19706,27947,48545,36066,33026,23378,355,276,1278,3946,14289,43417,2293,32,182,6998,2602,38,182,353,14758,2689,218,5639
964,11020,964.056021882868,99545,192,110,331,120,120974,71216,1.930684614998242,91,83,14372,13595,15274,8163,19738,27927,48545,36066,33083,23466,355,276,1268,3943,14243,43473,2291,32,183,6967,2591,38,180,355,14785,2698,219,5648
965,11020,965.1747657744805,99545,182,111,331,120,120993,71234,1.931056306193179,102,87,14462,13718,15193,8098,19728,27864,48545,36066,33137,23551,353,275,1264,3946,14201,43528,2287,34,187,6928,2575,38,179,356,14815,2700,220,5659
966,11020,966.2936820947482,99545,174,118,331,120,121021,71258,1.9315786830076849,96,77,14539,13809,15128,8065,19730,27809,48545,36066,33189,23633,353,275,1260,3946,14144,43600,2285,34,188,6894,2564,38,179,355,14839,2703,222,5666
967,11020,967.0396726530116,99545,176,123,331,120,121041,71273,1.9319302827866793,90,74,14588,13862,15052,8033,19761,27786,48545,36066,33238,23711,353,275,1258,3945,14096,43656,2285,34,190,6873,2549,38,179,353,14856,2704,222,5679
968,11020,968.1569831887691,99545,168,116,331,120,121066,71288,1.9323321111055303,90,71,14660,13982,14976,8007,19773,27702,48545,36066,33285,23786,353,275,1250,3941,14056,43716,2282,34,194,6849,2535,38,178,354,14869,2710,224,5687
969,11020,969.2740050651131,99545,170,114,331,120,121096,71305,1.9328042593801797,91,72,14736,14092,14901,7974,19769,27626,48545,36066,33330,23858,353,275,1243,3940,14025,43765,2282,34,197,6817,2520,38,175,357,14887,2714,226,5697
970,11020,970.0186839752672,99545,168,116,331,120,121112,71319,1.933105630619318,90,74,14789,14142,14840,7943,19780,27603,48545,36066,33373,23928,353,275,1237,3941,13980,43821,2281,34,197,6783,2514,38,174,358,14914,2717,230,5698
971,11020,971.1348050361064,99545,161,112,331,120,121134,71334,1.933477321814255,88,67,14871,14256,14775,7909,19772,27534,48545,36066,33414,23995,353,274,1230,3941,13943,43872,2279,34,202,6756,2495,38,173,359,14932,2722,231,5711
972,11020,972.2515902334114,99545,151,111,331,120,121159,71356,1.9339494700889046,85,58,14952,14378,14711,7881,19768,27450,48545,36066,33453,24059,352,273,1223,3940,13917,43921,2277,35,204,6730,2478,37,173,358,14943,2727,235,5722
973,11020,973.368962673485,99545,162,105,331,120,121191,71370,1.9344115726555828,72,60,15045,14480,14624,7857,19764,27376,48545,36066,33490,24121,352,273,1218,3939,13877,43975,2276,35,207,6710,2470,37,171,360,14956,2727,238,5724
974,11020,974.1140139715214,99545,156,111,331,120,121202,71381,1.9346325782309508,79,56,15090,14530,14573,7824,19769,27357,48545,36066,33526,24180,352,273,1215,3938,13845,44014,2274,35,207,6688,2461,37,171,360,14975,2730,239,5731
975,11020,975.231160892709,99545,142,104,331,120,121213,71390,1.9348334923903763,87,54,15189,14607,14497,7803,19752,27310,48545,36066,33560,24237,351,273,1213,3937,13813,44057,2272,36,208,6662,2452,37,171,360,14994,2731,244,5734
976,11020,976.3493200492667,99545,138,107,331,120,121233,71409,1.9352252750012557,91,41,15275,14727,14431,7768,19732,27235,48545,36066,33592,24292,351,273,1210,3935,13778,44102,2272,36,210,6644,2445,37,171,360,15007,2731,248,5735
977,11020,977.0954278181185,99545,140,102,331,120,121247,71414,1.9354161434527097,91,44,15331,14792,14383,7740,19722,27200,48545,36066,33623,24345,351,272,1207,3934,13754,44133,2271,36,210,6625,2437,37,171,360,15022,2734,251,5740
978,11020,978.2153093142731,99545,144,104,331,120,121269,71430,1.9357978803556182,92,39,15423,14884,14318,7716,19690,27135,48545,36066,33653,24396,350,272,1204,3933,13725,44174,2269,37,211,6612,2426,37,170,361,15031,2733,252,5748
979,11020,979.3368794836476,99545,144,98,331,120,121293,71443,1.9361695715505551,92,45,15525,14999,14245,7682,19661,27054,48545,36066,33681,24445,350,272,1197,3928,13697,44218,2269,37,210,6595,2422,37,170,360,15041,2737,256,5749
980,11020,980.0855796479153,99545,142,100,331,120,121307,71454,1.9364207142498369,84,40,15576,15073,14205,7667,19660,26998,48545,36066,33708,24492,349,272,1193,3926,13678,44245,2268,38,212,6575,2415,37,170,360,15057,2740,257,5753
981,11020,981.2089943719677,99545,144,93,331,120,121332,71465,1.9367823597368024,78,43,15664,15176,14143,7643,19638,26923,48545,36066,33734,24537,349,272,1187,3921,13651,44289,2267,38,213,6559,2411,37,170,360,15065,2743,262,5751
982,11020,982.3336061654782,99545,144,99,331,120,121360,71480,1.937214325179567,69,37,15767,15285,14077,7606,19610,26851,48545,36066,33759,24581,348,272,1182,3923,13617,44331,2264,39,213,6542,2407,37,170,360,15076,2747,265,5752
983,11020,983.0841710142056,99545,139,96,331,120,121371,71484,1.937365010799136,67,43,15814,15360,14048,7586,19599,26793,48545,36066,33783,24623,348,271,1181,3922,13595,44358,2264,39,216,6527,2398,37,170,360,15088,2748,267,5756
984,11020,984.2111629833071,99545,142,85,331,120,121389,71496,1.9376663820382742,66,41,15918,15485,13985,7567,19556,26700,48545,36066,33806,24663,348,271,1177,3922,13573,44392,2262,39,218,6505,2391,37,169,361,15103,2749,272,5756
985,11020,985.3405309072284,99545,137,79,331,120,121404,71513,1.9379878446933547,71,36,16009,15599,13933,7539,19517,26625,48545,36066,33828,24702,348,270,1174,3924,13550,44427,2261,39,218,6493,2386,36,167,362,15106,2751,274,5759
986,11020,986.094718704166,99545,135,74,331,120,121415,71518,1.938148576020895,75,39,16074,15677,13900,7511,19483,26577,48545,36066,33849,24740,348,270,1171,3924,13531,44449,2260,39,223,6476,2376,36,167,362,15121,2754,276,5762
987,11020,987.2282154878478,99545,127,76,331,120,121434,71527,1.9384298558440907,76,45,16162,15783,13850,7486,19452,26488,48545,36066,33869,24776,348,270,1169,3922,13515,44480,2258,39,224,6459,2371,36,167,362,15127,2756,278,5764
988,11020,988.3639894249945,99545,116,77,331,120,121449,71544,1.9387513184991712,80,34,16279,15905,13798,7468,19394,26394,48545,36066,33888,24811,348,270,1166,3919,13494,44517,2258,39,227,6446,2363,36,166,361,15132,2756,281,5766
989,11020,989.1229266198119,99545,117,73,331,120,121465,71553,1.9390024611984529,71,29,16344,15975,13758,7447,19377,26354,48545,36066,33907,24845,348,269,1164,3917,13480,44544,2258,39,227,6432,2355,36,166,361,15138,2756,284,5771
990,11020,990.2631890734649,99545,111,66,331,120,121479,71562,1.939233512481792,71,29,16422,16059,13718,7428,19345,26296,48545,36066,33925,24877,348,269,1158,3916,13461,44575,2257,39,230,6418,2350,36,166,361,15144,2760,286,5771
991,11020,991.0244675512367,99545,116,67,331,120,121490,71570,1.9394243809332463,77,24,16488,16130,13664,7410,19322,26247,48545,36066,33942,24908,347,269,1157,3916,13451,44588,2256,40,231,6401,2346,36,166,361,15159,2761,288,5772
992,11020,992.2310581806123,99545,125,68,331,120,121514,71579,1.939755889296298,66,22,16592,16236,13606,7390,19278,26162,48545,36066,33958,24938,346,269,1154,3914,13434,44614,2255,41,230,6392,2341,36,166,361,15164,2762,291,5775
993,11020,993.3774422500659,99545,112,64,331,120,121534,71583,1.9399969862876085,63,24,16713,16341,13562,7371,19217,26078,48545,36066,33974,24967,346,269,1151,3911,13412,44647,2254,41,230,6383,2340,36,165,362,15166,2765,294,5773
994,11020,994.1437029720382,99545,106,63,331,120,121544,71588,1.9401476719071777,54,24,16781,16400,13536,7358,19190,26033,48545,36066,33989,24995,346,269,1148,3913,13401,44663,2252,41,228,6370,2334,36,165,362,15176,2767,296,5778
995,11020,995.2955135565516,99545,111,64,331,120,121559,71595,1.9403686774825455,51,19,16867,16471,13488,7341,19150,25983,48545,36066,34004,25022,346,269,1146,3911,13394,44679,2252,41,227,6355,2331,36,165,362,15185,2768,297,5781
996,11020,996.2485593796258,99545,107,61,331,120,121574,71604,1.940609774473856,53,23,16984,16594,13424,7313,19099,25887,48545,36066,34018,25048,346,269,1143,3909,13383,44702,2250,41,229,6341,2326,36,165,361,15193,2770,297,5784
997,11020,997.019768761169,99545,108,60,331,120,121586,71609,1.9407805515093677,50,24,17038,16690,13392,7292,19079,25812,48545,36066,34031,25073,345,269,1141,3910,13369,44721,2247,42,228,6331,2324,36,165,361,15200,2772,299,5785
998,11020,998.1782163274843,99545,97,55,331,120,121599,71614,1.9409613742528504,50,22,17155,16806,13348,7267,19017,25728,48545,36066,34044,25097,344,269,1140,3909,13355,44744,2245,43,228,6322,2320,36,165,361,15204,2772,301,5787
999,11020,999.3402506841932,99545,104,55,331,120,121617,71622,1.9412225626601034,48,24,17248,16918,13306,7242,18961,25639,48545,36066,34056,25120,343,269,1138,3909,13347,44762,2244,44,228,6306,2319,36,165,361,15213,2772,301,5788
1000,11020,1000.1170415966596,99545,98,55,331,120,121625,71630,1.9413832939876439,49,21,17297,17008,13281,7219,18942,25575,48545,36066,34068,25143,343,269,1138,3905,13337,44782,2243,44,228,6292,2318,36,165,361,15222,2772,301,5789
1001,11020,1001.2313207150859,99545,97,55,331,120,121636,71636,1.9415540710231554,46,19,17396,17105,13234,7193,18894,25506,48545,36066,34080,25165,343,269,1137,3904,13329,44801,2242,44,227,6279,2315,36,165,361,15227,2773,302,5791
1002,11020,1002.2432013554293,99545,93,56,331,120,121646,71641,1.9417047566427243,44,19,17482,17190,13197,7169,18851,25444,48545,36066,34091,25186,343,269,1134,3902,13319,44821,2241,44,228,6269,2311,36,165,361,15231,2775,302,5794
1003,11020,1003.0876473765293,99545,94,54,331,120,121658,71646,1.941875533678236,40,20,17582,17287,13137,7145,18814,25372,48545,36066,34102,25206,343,269,1134,3899,13310,44839,2241,44,228,6263,2307,36,165,361,15233,2773,302,5798
1004,11020,1004.2867613266892,99545,83,51,331,120,121666,71656,1.9420563564217188,46,20,17708,17414,13089,7128,18741,25265,48545,36066,34112,25226,343,268,1132,3899,13308,44853,2237,44,229,6254,2304,36,165,361,15236,2774,302,5800
1005,11020,1005.092587618113,99545,79,50,331,120,121673,71661,1.942176904917374,45,21,17770,17489,13058,7110,18715,25208,48545,36066,34122,25245,343,268,1131,3898,13300,44870,2237,44,229,6243,2303,36,165,361,15241,2773,302,5801
1006,11020,1006.0286974813785,99545,85,51,331,120,121683,71667,1.9423376362449143,42,20,17856,17557,13005,7097,18679,25153,48545,36066,34132,25263,343,268,1131,3898,13287,44886,2237,44,229,6235,2302,36,165,361,15246,2773,303,5801
1007,11020,1007.1984813090686,99545,85,48,331,120,121699,71673,1.9425586418202823,46,20,17984,17662,12949,7076,18603,25072,48545,36066,34141,25281,343,268,1130,3895,13274,44908,2236,44,230,6226,2301,36,165,361,15250,2774,305,5799
1008,11020,1008.3869069727887,99545,87,41,331,120,121711,71677,1.9427193731478225,41,19,18065,17737,12915,7065,18559,25016,48545,36066,34150,25298,343,267,1130,3893,13263,44924,2236,44,231,6217,2299,36,165,361,15257,2774,311,5794
1009,11020,1009.3109623672634,99545,85,43,331,120,121723,71680,1.9428700587673917,43,18,18113,17796,12894,7045,18532,24976,48545,36066,34159,25315,343,267,1126,3890,13262,44931,2236,44,231,6212,2295,36,165,361,15260,2777,311,5798
1010,11020,1010.1594483955578,99545,91,43,331,120,121736,71687,1.943070972926817,37,15,18231,17922,12842,7016,18466,24882,48545,36066,34167,25331,343,267,1123,3888,13255,44943,2236,44,232,6209,2292,36,165,361,15262,2778,311,5800
1011,11020,1011.1643994556961,99545,90,41,331,120,121742,71690,1.9431613842985584,36,17,18297,17997,12810,6999,18434,24824,48545,36066,34175,25347,343,267,1123,3887,13249,44955,2236,44,234,6203,2288,36,164,362,15265,2776,311,5802
1012,11020,1012.0123890296205,99545,85,43,331,120,121749,71696,1.943291978502185,42,19,18375,18069,12780,6985,18385,24762,48545,36066,34183,25362,343,267,1123,3887,13239,44968,2236,44,234,6196,2288,36,164,362,15269,2776,312,5801
1013,11020,1013.0153939106767,99545,87,41,331,120,121758,71700,1.9434225727058114,44,18,18476,18165,12727,6966,18333,24688,48545,36066,34190,25377,343,267,1122,3887,13227,44982,2236,44,234,6190,2287,36,164,362,15274,2776,313,5801
1014,11020,1014.3375223458761,99545,84,43,331,120,121769,71708,1.9436134411572656,41,12,18588,18297,12670,6936,18284,24590,48545,36066,34197,25391,343,267,1120,3886,13224,44994,2236,44,233,6182,2286,36,164,362,15275,2778,314,5801
1015,11020,1015.02372789886,99545,83,43,331,120,121775,71712,1.9437138982369782,40,10,18654,18357,12639,6924,18251,24544,48545,36066,34204,25405,343,267,1118,3886,13216,45003,2235,44,233,6181,2286,36,163,363,15276,2780,314,5801
1016,11020,1016.2813103247291,99545,88,44,331,120,121795,71718,1.9439750866442314,29,11,18751,18470,12610,6897,18189,24456,48545,36066,34211,25418,343,267,1117,3887,13208,45018,2233,44,233,6174,2286,36,163,363,15278,2780,315,5800
1017,11020,1017.2280389710013,99545,95,36,331,120,121808,71720,1.9441257722638003,33,14,18882,18580,12541,6883,18116,24365,48545,36066,34218,25431,343,267,1114,3888,13202,45031,2231,44,234,6170,2282,36,163,363,15277,2782,317,5801
1018,11020,1018.0115966987321,99545,87,33,331,120,121812,71723,1.944196092219599,34,14,18926,18645,12521,6873,18099,24313,48545,36066,34224,25444,343,267,1113,3887,13199,45041,2231,44,235,6164,2281,36,163,363,15278,2782,319,5799
1019,11020,1019.3812735633393,99545,77,31,331,120,121820,71726,1.944306595007283,46,21,19068,18800,12454,6832,18022,24194,48545,36066,34230,25456,343,266,1112,3887,13198,45053,2230,44,234,6155,2280,36,163,363,15280,2782,319,5800
1020,11020,1020.1549708232077,99545,75,31,331,120,121828,71728,1.9444070520869958,43,24,19144,18875,12421,6818,17984,24130,48545,36066,34236,25468,343,266,1111,3885,13192,45065,2230,44,234,6151,2280,36,163,363,15282,2781,320,5799
1021,11020,1021.3098515339352,99545,75,33,331,120,121845,71732,1.9446180119543925,42,26,19232,18994,12381,6789,17937,24036,48545,36066,34242,25479,343,266,1111,3884,13183,45077,2230,44,234,6147,2279,36,162,364,15284,2781,320,5800
1022,11020,1022.0765697778122,99545,78,28,331,120,121855,71733,1.9447285147420765,37,29,19289,19050,12361,6781,17902,23990,48545,36066,34248,25490,343,266,1111,3884,13174,45087,2230,44,234,6141,2278,36,162,364,15290,2780,322,5799
1023,11020,1023.2225892470389,99545,71,31,331,120,121861,71743,1.9448892460696168,42,22,19381,19158,12316,6763,17857,23904,48545,36066,34253,25501,343,266,1110,3884,13172,45095,2230,44,236,6135,2274,36,162,364,15292,2779,326,5797
1024,11020,1024.3630918933175,99545,72,33,331,120,121869,71748,1.9450198402732433,42,19,19449,19259,12283,6739,17821,23828,48545,36066,34258,25511,343,266,1110,3883,13166,45105,2230,44,235,6134,2274,36,161,365,15290,2779,327,5797
1025,11020,1025.3051918538781,99545,72,35,331,120,121877,71753,1.9451504344768697,41,18,19516,19356,12254,6714,17784,23755,48545,36066,34263,25521,343,265,1110,3885,13157,45115,2229,44,235,6130,2274,36,161,365,15293,2779,328,5796
1026,11020,1026.2601715339338,99545,72,30,331,120,121887,71757,1.9452910743884675,43,28,19647,19468,12191,6689,17714,23663,48545,36066,34268,25531,343,265,1110,3882,13153,45128,2229,44,236,6123,2272,36,161,365,15295,2778,331,5794
1027,11020,1027.0107347354926,99545,70,29,331,120,121894,71760,1.9453915314681802,44,28,19710,19539,12167,6678,17676,23604,48545,36066,34273,25541,343,265,1108,3880,13148,45136,2229,44,235,6120,2272,36,161,365,15298,2779,332,5794
1028,11020,1028.1320940541825,99545,72,33,331,120,121904,71768,1.945572354211663,45,22,19817,19657,12120,6653,17613,23513,48545,36066,34278,25550,343,265,1108,3878,13147,45142,2229,44,235,6116,2271,36,161,365,15299,2779,333,5794
1029,11020,1029.2474089381378,99545,76,34,331,120,121918,71773,1.9457632226631172,42,22,19929,19771,12081,6627,17539,23424,48545,36066,34282,25559,343,265,1108,3878,13142,45150,2229,44,234,6115,2270,36,161,365,15298,2778,334,5795
1030,11020,1030.0990489068877,99545,76,37,331,120,121924,71780,1.9458938168667437,41,15,19970,19819,12060,6616,17520,23391,48545,36066,34286,25568,343,265,1107,3877,13136,45159,2229,44,234,6113,2270,36,161,365,15298,2779,334,5795
1031,11020,1031.1052795507505,99545,77,37,331,120,121935,71783,1.9460344567783414,42,15,20067,19916,12021,6595,17460,23315,48545,36066,34290,25576,343,265,1106,3877,13134,45163,2227,44,234,6110,2269,36,161,365,15301,2780,336,5794
1032,11020,1032.2114375495446,99545,73,29,331,120,121953,71786,1.9462454166457381,34,19,20200,20048,11982,6577,17378,23205,48545,36066,34294,25584,342,264,1105,3876,13131,45179,2226,45,235,6105,2267,36,161,365,15298,2779,338,5793
1033,11020,1033.192265053273,99545,72,28,331,120,121964,71789,1.9463860565573359,30,20,20295,20143,11940,6559,17330,23128,48545,36066,34298,25592,342,262,1103,3877,13128,45188,2226,45,234,6104,2267,36,161,365,15296,2780,338,5793
1034,11020,1034.1553382956129,99545,70,27,331,120,121973,71791,1.9464965593450199,26,20,20358,20215,11920,6548,17293,23068,48545,36066,34302,25600,342,262,1102,3875,13125,45194,2226,45,235,6102,2264,36,161,365,15297,2781,338,5795
1035,11020,1035.0708630409172,99545,70,32,331,120,121983,71799,1.9466773820885026,34,17,20433,20292,11885,6525,17245,23012,48545,36066,34306,25608,341,262,1100,3876,13124,45201,2224,46,235,6099,2264,36,160,365,15297,2782,338,5795
1036,11020,1036.323300053724,99545,63,32,331,120,121992,71803,1.946807976292129,37,18,20540,20406,11850,6505,17177,22917,48545,36066,34310,25615,341,262,1100,3876,13123,45207,2223,46,235,6095,2263,36,160,365,15297,2782,341,5793
1037,11020,1037.0603252480018,99545,63,33,331,120,122001,71809,1.9469586619116983,34,18,20596,20473,11821,6491,17153,22863,48545,36066,34314,25622,340,262,1100,3875,13118,45216,2223,47,236,6093,2261,36,160,365,15296,2782,341,5794
1038,11020,1038.1894521448655,99545,56,32,331,120,122011,71813,1.947099301823296,33,17,20732,20610,11768,6474,17078,22745,48545,36066,34317,25629,340,262,1100,3875,13112,45227,2222,47,236,6089,2261,36,160,365,15296,2782,341,5794
1039,11020,1039.1036581630992,99545,55,28,331,120,122017,71816,1.9471897131950375,33,18,20805,20698,11735,6455,17039,22679,48545,36066,34320,25636,339,262,1100,3874,13109,45234,2222,48,236,6085,2260,36,160,365,15297,2782,344,5792
1040,11020,1040.0965475207258,99545,58,25,331,120,122027,71822,1.9473504445225778,30,18,20896,20780,11703,6439,16980,22616,48545,36066,34323,25643,339,262,1100,3873,13108,45240,2221,48,237,6084,2258,36,160,365,15296,2781,346,5791
1041,11020,1041.0455930507226,99545,56,25,331,120,122038,71826,1.9475011301421468,29,19,21009,20890,11661,6421,16912,22523,48545,36066,34326,25649,339,262,1099,3869,13113,45242,2221,48,239,6078,2256,36,160,365,15299,2782,346,5791
1042,11020,1042.0585088063283,99545,53,25,331,120,122046,71829,1.9476116329298307,28,20,21061,20979,11640,6399,16885,22455,48545,36066,34329,25655,338,262,1099,3868,13111,45249,2221,49,239,6073,2256,36,160,365,15300,2782,347,5790
1043,11020,1043.1296075361154,99545,54,27,331,120,122052,71834,1.9477221357175147,27,19,21151,21071,11599,6386,16836,22375,48545,36066,34332,25661,338,262,1099,3870,13109,45253,2219,49,239,6071,2255,36,160,365,15300,2782,348,5790
1044,11020,1044.0956938562128,99545,52,26,331,120,122061,71837,1.94784268421317,27,18,21244,21169,11570,6364,16774,22301,48545,36066,34335,25667,338,260,1098,3870,13110,45258,2219,49,239,6067,2255,36,160,365,15301,2782,348,5790
1045,11020,1045.2539516542179,99545,50,23,331,120,122070,71838,1.9479431412928827,26,21,21347,21295,11533,6335,16711,22204,48545,36066,34338,25673,337,260,1098,3871,13104,45270,2218,50,240,6065,2254,36,160,365,15297,2782,349,5789
1046,11020,1046.0201393486846,99545,51,23,331,120,122074,71842,1.9480235069566527,24,17,21394,21356,11513,6326,16685,22156,48545,36066,34341,25679,337,260,1098,3871,13104,45272,2218,49,240,6062,2254,36,160,365,15299,2782,349,5789
1047,11020,1047.2126938555405,99545,48,18,331,120,122078,71842,1.948063689788538,26,18,21495,21463,11470,6301,16628,22078,48545,36066,34344,25684,337,260,1098,3872,13101,45278,2217,49,242,6060,2251,36,160,365,15298,2782,349,5790
1048,11020,1048.1854701717837,99545,50,20,331,120,122087,71847,1.9482043297001357,19,17,21581,21552,11443,6279,16574,22010,48545,36066,34347,25689,337,260,1096,3872,13099,45284,2217,49,242,6057,2251,36,160,365,15299,2782,349,5790
1049,11020,1049.0061031286255,99545,46,22,331,120,122091,71851,1.9482846953639057,15,21,21662,21623,11407,6265,16537,21947,48545,36066,34350,25694,337,260,1096,3872,13096,45291,2216,49,242,6055,2250,36,160,365,15298,2782,349,5791
1050,11020,1050.04434523417,99545,45,25,331,120,122096,71855,1.9483751067356472,17,26,21742,21701,11375,6244,16488,21882,48545,36066,34352,25699,337,260,1096,3873,13091,45297,2215,49,243,6053,2248,36,160,365,15299,2782,350,5791
1051,11020,1051.3362440283827,99545,43,29,331,120,122099,71863,1.9484856095233312,21,22,21864,21846,11325,6218,16414,21763,48545,36066,34354,25704,337,260,1096,3873,13085,45305,2215,49,243,6052,2247,36,160,364,15299,2782,350,5792
1052,11020,1052.01100436318,99545,40,29,331,120,122100,71865,1.948515746647245,23,23,21909,21900,11310,6209,16385,21717,48545,36066,34356,25709,337,259,1096,3875,13080,45311,2214,49,243,6049,2247,36,160,364,15301,2782,351,5791
1053,11020,1053.0203878445623,99545,37,31,331,120,122105,71870,1.9486162037269577,24,26,22009,21993,11266,6192,16331,21636,48545,36066,34358,25714,337,259,1096,3874,13075,45318,2214,49,243,6046,2246,36,160,364,15303,2782,353,5790
1054,11020,1054.0254437891306,99545,32,34,331,120,122108,71880,1.9487467979305841,26,19,22091,22071,11229,6185,16289,21569,48545,36066,34360,25719,337,259,1096,3871,13076,45324,2213,49,244,6044,2245,36,160,364,15302,2782,354,5789
1055,11020,1055.0297766436342,99545,32,31,331,120,122114,71882,1.9488271635943544,23,19,22174,22153,11195,6163,16243,21512,48545,36066,34362,25723,337,259,1095,3870,13075,45329,2213,49,245,6041,2243,36,160,364,15303,2782,355,5789
1056,11020,1056.0273034864117,99545,35,28,331,120,122122,71884,1.948927620674067,23,19,22266,22243,11160,6141,16183,21447,48545,36066,34364,25727,337,259,1095,3870,13073,45333,2213,49,246,6036,2242,36,160,364,15307,2781,356,5788
1057,11020,1057.0422033685727,99545,36,31,331,120,122126,71891,1.9490381234617509,23,16,22318,22306,11138,6128,16152,21397,48545,36066,34366,25731,337,259,1095,3871,13072,45336,2212,49,246,6033,2242,36,160,364,15308,2781,357,5787
1058,11020,1058.1237700733425,99545,36,26,331,120,122132,71894,1.9491285348334924,19,15,22405,22401,11097,6118,16110,21318,48545,36066,34368,25735,337,259,1094,3869,13076,45342,2212,49,246,6028,2242,36,160,364,15305,2782,358,5786
1059,11020,1059.0753244359769,99545,32,24,331,120,122135,71896,1.9491787633733488,21,16,22480,22482,11063,6102,16071,21254,48545,36066,34370,25739,336,259,1094,3869,13074,45348,2211,50,247,6026,2240,36,160,364,15305,2781,359,5786
1060,11020,1060.194497804648,99545,34,27,331,120,122141,71902,1.949299311869004,19,12,22581,22567,11024,6087,16009,21185,48545,36066,34372,25743,336,259,1094,3869,13072,45353,2211,50,248,6024,2239,36,160,364,15304,2781,359,5786
1061,11020,1061.134043187944,99545,40,27,331,120,122153,71906,1.9494600431965443,11,10,22669,22661,10988,6068,15959,21112,48545,36066,34374,25747,336,259,1093,3870,13070,45357,2210,50,248,6023,2238,36,160,364,15303,2782,360,5786
1062,11020,1062.1500990661204,99545,39,25,331,120,122157,71910,1.9495404088603143,14,8,22741,22751,10959,6048,15914,21046,48545,36066,34376,25751,336,259,1091,3868,13071,45362,2210,50,249,6021,2237,36,160,364,15303,2782,360,5786
1063,11020,1063.0863085416745,99545,42,23,331,120,122164,71912,1.9496308202320558,13,7,22835,22832,10915,6035,15862,20981,48545,36066,34378,25755,336,259,1090,3868,13071,45365,2209,50,250,6019,2236,36,160,364,15304,2782,360,5786
1064,11020,1064.1458823415148,99545,37,20,331,120,122168,71915,1.9497011401878548,17,6,22926,22932,10893,6020,15794,20900,48545,36066,34380,25759,336,259,1090,3869,13069,45372,2207,50,250,6016,2236,36,160,364,15303,2782,361,5785
1065,11020,1065.0290913279891,99545,29,19,331,120,122170,71916,1.9497312773117685,22,7,23014,23034,10863,5999,15739,20819,48545,36066,34382,25763,336,259,1090,3869,13065,45379,2207,50,250,6012,2236,36,160,364,15304,2782,361,5785
1066,11020,1066.0823637047492,99545,29,20,331,120,122174,71918,1.9497915515595963,24,11,23088,23121,10833,5981,15693,20745,48545,36066,34384,25766,336,259,1090,3870,13063,45381,2206,50,250,6011,2236,36,160,364,15305,2782,361,5785
1067,11020,1067.0817951664333,99545,26,17,331,120,122178,71920,1.9498518258074238,26,11,23155,23218,10806,5957,15654,20675,48545,36066,34386,25769,336,258,1090,3871,13064,45387,2206,50,251,6005,2235,36,160,364,15305,2781,361,5785
1068,11020,1068.0900847602086,99545,26,18,331,120,122185,71921,1.949932191471194,21,12,23254,23320,10771,5932,15595,20596,48545,36066,34388,25772,336,258,1090,3871,13062,45390,2205,50,251,6003,2235,36,160,364,15307,2781,362,5784
1069,11020,1069.2108912872075,99545,31,17,331,120,122193,71922,1.9500226028429353,19,12,23325,23391,10736,5916,15556,20542,48545,36066,34390,25775,336,258,1090,3870,13062,45392,2205,50,251,6001,2235,36,160,364,15308,2781,362,5784
1070,11020,1070.0042192979847,99545,32,17,331,120,122197,71926,1.9501029685067055,16,10,23381,23455,10720,5901,15518,20495,48545,36066,34392,25778,336,258,1090,3870,13063,45394,2205,50,252,5998,2233,36,160,364,15308,2781,363,5784
1071,11020,1071.1498967938994,99545,32,15,331,120,122201,71926,1.9501431513385905,18,11,23473,23566,10680,5873,15464,20413,48545,36066,34394,25781,336,258,1089,3869,13062,45399,2204,50,252,5998,2233,36,160,364,15307,2781,363,5784
1072,11020,1072.095441075561,99545,29,16,331,120,122204,71928,1.950193379878447,22,13,23560,23654,10641,5850,15415,20345,48545,36066,34396,25784,336,258,1089,3869,13059,45403,2204,50,252,5996,2233,36,160,364,15308,2781,364,5783
1073,11020,1073.0272781183696,99545,35,17,331,120,122212,71930,1.9502938369581597,19,14,23628,23737,10608,5831,15377,20279,48545,36066,34398,25787,336,258,1089,3868,13060,45405,2204,50,252,5993,2232,36,160,364,15309,2781,364,5784
1074,11020,1074.0147375494955,99545,35,15,331,120,122216,71933,1.9503641569139585,20,13,23708,23840,10575,5806,15329,20204,48545,36066,34399,25790,336,257,1089,3869,13059,45410,2203,50,252,5991,2232,36,160,364,15308,2781,364,5784
1075,11020,1075.0363930843487,99545,36,18,331,120,122220,71937,1.9504445225777287,21,10,23781,23918,10540,5780,15289,20152,48545,36066,34400,25793,336,257,1088,3870,13057,45413,2202,50,252,5991,2232,36,159,364,15308,2782,364,5784
1076,11020,1076.174517392477,99545,37,20,331,120,122225,71941,1.9505349339494702,17,8,23875,24007,10499,5762,15239,20081,48545,36066,34401,25796,336,257,1086,3871,13057,45415,2201,50,252,5990,2232,36,159,364,15307,2784,365,5783
1077,11020,1077.1180191125138,99545,34,21,331,120,122226,71943,1.950565071073384,18,8,23973,24096,10459,5745,15183,20008,48545,36066,34402,25799,336,257,1086,3870,13059,45418,2201,50,251,5988,2231,36,159,364,15307,2783,365,5784
1078,11020,1078.04922007453,99545,31,20,331,120,122229,71944,1.950605253905269,18,9,24052,24193,10426,5728,15140,19928,48545,36066,34403,25802,336,257,1086,3870,13057,45423,2200,50,251,5986,2231,36,159,364,15308,2782,366,5783
1079,11020,1079.0104168961143,99545,32,19,331,120,122234,71945,1.9506655281530967,18,11,24119,24258,10401,5716,15097,19874,48545,36066,34404,25805,336,257,1085,3871,13054,45428,2199,50,251,5985,2231,36,159,364,15308,2782,366,5783
1080,11020,1080.1031939937154,99545,36,20,331,120,122242,71949,1.950786076648752,16,9,24221,24352,10367,5694,15027,19803,48545,36066,34405,25808,336,257,1084,3871,13053,45431,2199,50,251,5984,2231,36,159,364,15307,2783,368,5781
1081,11020,1081.1624025475112,99545,37,20,331,120,122248,71951,1.950866442312522,12,7,24289,24419,10349,5684,14980,19748,48545,36066,34406,25811,336,257,1084,3870,13050,45435,2199,50,252,5984,2230,36,159,364,15307,2783,369,5780
1082,11020,1082.0202945061276,99545,29,17,331,120,122248,71952,1.9508764880204932,17,13,24379,24516,10317,5673,14925,19659,48545,36066,34407,25813,336,257,1084,3871,13047,45442,2198,50,252,5983,2230,36,159,364,15305,2782,369,5780
1083,11020,1083.1471314149976,99545,24,15,331,120,122251,71955,1.950936762268321,20,12,24455,24590,10284,5660,14884,19601,48545,36066,34408,25815,336,257,1084,3871,13047,45445,2198,50,251,5981,2229,36,159,364,15305,2782,369,5781
1084,11020,1084.022731286003,99545,24,16,331,120,122254,71960,1.951017127932091,21,14,24548,24662,10257,5648,14817,19538,48545,36066,34409,25817,336,257,1084,3871,13042,45452,2198,50,251,5981,2229,36,159,364,15305,2780,370,5780
1085,11020,1085.0079134419395,99545,26,18,331,120,122257,71964,1.95108744788789,20,13,24607,24724,10229,5638,14785,19485,48545,36066,34410,25819,336,257,1084,3870,13041,45455,2198,50,251,5980,2229,36,159,364,15306,2779,370,5780
1086,11020,1086.0977267543026,99545,32,17,331,120,122264,71970,1.9512180420915164,18,7,24688,24808,10196,5629,14733,19417,48545,36066,34411,25821,336,257,1084,3870,13043,45456,2198,50,253,5978,2226,36,159,364,15305,2779,371,5780
1087,11020,1087.0016345300367,99545,34,18,331,120,122270,71975,1.9513285448792004,15,5,24765,24882,10164,5612,14689,19361,48545,36066,34412,25823,336,257,1084,3869,13043,45459,2198,50,252,5977,2226,36,159,363,15305,2779,373,5779
1088,11020,1088.2211126945306,99545,33,18,331,120,122275,71976,1.9513888191270279,15,7,24853,24970,10128,5588,14638,19295,48545,36066,34413,25825,336,257,1084,3869,13041,45462,2197,50,252,5976,2226,36,159,363,15306,2779,374,5778
1089,11020,1089.057506201164,99545,33,16,331,120,122278,71976,1.9514189562509419,12,11,24925,25040,10095,5579,14602,19232,48545,36066,34414,25827,336,257,1084,3868,13040,45466,2197,50,252,5974,2226,36,159,363,15306,2779,374,5778
1090,11020,1090.005633925237,99545,37,18,331,120,122285,71982,1.9515495504545683,14,6,25006,25135,10055,5565,14555,19154,48545,36066,34415,25829,336,257,1083,3868,13043,45466,2196,50,252,5971,2226,36,159,363,15308,2779,375,5777
1091,11020,1091.0585432539942,99545,38,18,331,120,122290,71985,1.9516299161183384,10,6,25048,25197,10032,5551,14539,19106,48545,36066,34416,25831,336,257,1083,3867,13044,45467,2196,50,252,5970,2226,36,159,363,15308,2779,376,5776
1092,11020,1092.196149943526,99545,32,17,331,120,122291,71986,1.951650007534281,15,8,25141,25282,9996,5536,14483,19035,48545,36066,34417,25833,336,257,1083,3867,13042,45470,2196,50,252,5968,2226,36,159,363,15309,2779,376,5776
1093,11020,1093.0329943985555,99545,34,15,331,120,122294,71989,1.9517102817821086,16,6,25201,25357,9970,5526,14446,18974,48545,36066,34418,25835,336,257,1083,3866,13041,45474,2196,50,253,5968,2225,36,159,363,15307,2779,376,5776
1094,11020,1094.011328986392,99545,37,13,331,120,122301,71992,1.9518107388618213,15,8,25293,25455,9930,5510,14392,18892,48545,36066,34419,25837,336,257,1081,3866,13043,45477,2196,50,253,5967,2225,36,159,363,15306,2778,378,5774
