,indexID,time,N,Inf_L,Inf_H,Dead_L,Dead_H,cum_cases_L,cum_cases_H,cum_sum_per_N,Exposed_L,Exposed_H,Sus_L,Sus_H,Rec_nat_L,Rec_nat_H,Rec_vax_L,Rec_vax_H,vaccinatedH,vaccinatedL,boostedH,boostedL,count_Naive,count_Delta,count_Delta_vaccine,count_two,count_three,count_four,count_Omicron,count_Omicron_star,count_Omicron_star_vaccine,count_Omicron_vaccine,count_Vaccine,count_WT,count_WT_vaccine,count_WT_vaccine_boost,count_Omicron_vaccine_boost,count_Delta_vaccine_boost,count_Omicron_star_vaccine_boost,count_Vaccine_boost
0,2381,1.1148436641312318,99998,5,7,0,0,5,7,0.00012000240004800096,20,18,49974,49974,0,0,0,0,0,0,0,0,99998,0,0,0,0,0,0,0,0,0,0,0,0,0,0,0,0,0
1,2381,2.0129359538719074,99998,12,12,0,0,13,13,0.00026000520010400205,15,13,49971,49973,1,1,0,0,0,0,0,0,99996,0,0,0,0,0,0,0,0,0,0,2,0,0,0,0,0,0
2,2381,3.0789820316264747,99998,12,17,0,0,17,19,0.0003600072001440029,14,7,49968,49973,5,2,0,0,0,0,0,0,99991,0,0,0,0,0,0,0,0,0,0,7,0,0,0,0,0,0
3,2381,4.045519723997762,99998,12,16,0,0,20,19,0.00039000780015600314,13,9,49966,49971,8,3,0,0,0,0,0,0,99987,0,0,0,0,0,0,0,0,0,0,11,0,0,0,0,0,0
4,2381,5.043585341342053,99998,12,16,0,0,22,24,0.0004600092001840037,12,5,49965,49970,10,8,0,0,0,0,0,0,99980,0,0,0,0,0,0,0,0,0,0,18,0,0,0,0,0,0
5,2381,6.022528393233642,99998,11,11,0,0,25,24,0.0004900098001960039,10,7,49964,49968,14,13,0,0,0,0,0,0,99971,0,0,0,0,0,0,0,0,0,0,27,0,0,0,0,0,0
6,2381,7.091837670302786,99998,15,11,0,0,30,27,0.0005700114002280045,8,6,49961,49966,15,16,0,0,0,0,0,0,99967,0,0,0,0,0,0,0,0,0,0,31,0,0,0,0,0,0
7,2381,8.019041592168923,99998,14,8,0,0,32,29,0.0006100122002440049,9,7,49958,49963,18,21,0,0,0,0,0,0,99959,0,0,0,0,0,0,0,0,0,0,39,0,0,0,0,0,0
8,2381,9.009948065385116,99998,14,9,0,0,33,31,0.0006400128002560051,10,8,49956,49961,19,21,0,0,0,0,0,0,99957,0,0,0,0,0,0,0,0,0,0,41,0,0,0,0,0,0
9,2381,10.037997275525138,99998,17,8,0,0,38,34,0.0007200144002880058,8,7,49953,49959,21,25,0,0,0,0,0,0,99951,0,0,0,0,0,0,0,0,0,0,47,0,0,0,0,0,0
10,2381,11.094914364835661,99998,20,10,0,0,43,36,0.0007900158003160063,6,6,49950,49959,23,24,0,0,0,0,0,0,99949,0,0,0,0,0,0,0,0,0,0,49,0,0,0,0,0,0
11,2381,12.143473201236999,99998,18,8,0,0,44,36,0.0008000160003200064,6,8,49950,49957,25,26,0,0,0,0,0,0,99944,0,0,0,0,0,0,0,0,0,0,54,0,0,0,0,0,0
12,2381,13.017581958277178,99998,18,10,0,0,48,41,0.0008900178003560072,4,4,49948,49956,29,29,0,0,0,0,0,0,99937,0,0,0,0,0,0,0,0,0,0,61,0,0,0,0,0,0
13,2381,14.186576950342642,99998,20,9,0,0,51,41,0.0009200184003680074,6,5,49943,49955,30,30,0,0,0,0,0,0,99935,0,0,0,0,0,0,0,0,0,0,63,0,0,0,0,0,0
14,2381,15.216367433541533,99998,19,10,0,0,53,43,0.0009600192003840077,8,6,49939,49952,33,31,0,0,0,0,0,0,99931,0,0,0,0,0,0,0,0,0,0,67,0,0,0,0,0,0
15,2381,16.16802162401221,99998,20,13,0,0,55,46,0.001010020200404008,8,4,49937,49951,34,31,0,0,0,0,0,0,99930,0,0,0,0,0,0,0,0,0,0,68,0,0,0,0,0,0
16,2381,17.02304776378822,99998,20,11,0,0,56,46,0.0010200204004080081,12,7,49932,49948,35,33,0,0,0,0,0,0,99927,0,0,0,0,0,0,0,0,0,0,71,0,0,0,0,0,0
17,2381,18.249990672810977,99998,18,12,0,0,59,47,0.0010600212004240085,13,7,49928,49947,40,33,0,0,0,0,0,0,99922,0,0,0,0,0,0,0,0,0,0,76,0,0,0,0,0,0
18,2381,19.017825176031014,99998,19,13,0,0,61,49,0.001100022000440009,12,6,49927,49946,41,34,0,0,0,0,0,0,99920,0,0,0,0,0,0,0,0,0,0,78,0,0,0,0,0,0
19,2381,20.038454590491263,99998,24,10,0,0,67,51,0.0011800236004720095,11,4,49922,49946,42,39,0,0,0,0,0,0,99914,0,0,0,0,0,0,0,0,0,0,84,0,0,0,0,0,0
20,2381,21.006661663251638,99998,21,8,0,0,70,53,0.0012300246004920098,13,5,49917,49944,48,42,0,0,0,0,0,0,99904,0,0,0,0,0,0,0,0,0,0,94,0,0,0,0,0,0
21,2381,22.14064435456903,99998,19,10,0,0,74,55,0.0012900258005160102,13,4,49913,49944,54,41,0,0,0,0,0,0,99898,0,0,0,0,0,0,0,0,0,0,100,0,0,0,0,0,0
22,2381,23.175213324035067,99998,18,9,0,0,76,56,0.0013200264005280105,15,3,49909,49944,57,43,0,0,0,0,0,0,99893,0,0,0,0,0,0,0,0,0,0,105,0,0,0,0,0,0
23,2381,24.10806874416052,99998,18,8,0,0,78,57,0.0013500270005400107,16,3,49906,49943,59,45,0,0,0,0,0,0,99889,0,0,0,0,0,0,0,0,0,0,109,0,0,0,0,0,0
24,2381,25.1183625300014,99998,18,8,0,0,82,58,0.0014000280005600112,15,4,49903,49941,63,46,0,0,0,0,0,0,99884,0,0,0,0,0,0,0,0,0,0,114,0,0,0,0,0,0
25,2381,26.08626943429683,99998,16,7,0,0,84,59,0.0014300286005720115,15,4,49901,49941,67,47,0,0,0,0,0,0,99878,0,0,0,0,0,0,0,0,0,0,120,0,0,0,0,0,0
26,2381,27.108568276947803,99998,17,8,0,0,86,61,0.0014700294005880118,17,4,49897,49939,68,48,0,0,0,0,0,0,99876,0,0,0,0,0,0,0,0,0,0,122,0,0,0,0,0,0
27,2381,28.138038449427707,99998,16,8,0,0,89,63,0.0015200304006080122,16,3,49896,49938,71,50,0,0,0,0,0,0,99870,0,0,0,0,0,0,0,0,0,0,128,0,0,0,0,0,0
28,2381,29.026459123752474,99998,15,6,0,0,92,64,0.0015600312006240125,17,5,49892,49935,75,53,0,0,0,0,0,0,99863,0,0,0,0,0,0,0,0,0,0,135,0,0,0,0,0,0
29,2381,30.13479230797558,99998,16,5,0,0,95,64,0.0015900318006360128,15,6,49891,49934,77,54,0,0,0,0,0,0,99860,0,0,0,0,0,0,0,0,0,0,138,0,0,0,0,0,0
30,2381,31.15466693743958,99998,17,6,0,0,98,66,0.001640032800656013,14,5,49889,49933,79,55,0,0,0,0,0,0,99857,0,0,0,0,0,0,0,0,0,0,141,0,0,0,0,0,0
31,2381,32.10411624843027,99998,15,6,0,0,100,67,0.0016700334006680133,14,5,49887,49932,83,56,0,0,0,0,0,0,99852,0,0,0,0,0,0,0,0,0,0,146,0,0,0,0,0,0
32,2381,33.19602222614387,99998,14,6,0,0,103,67,0.0017000340006800136,11,6,49887,49931,87,56,0,0,0,0,0,0,99848,0,0,0,0,0,0,0,0,0,0,150,0,0,0,0,0,0
33,2381,34.02193547843841,99998,12,7,0,0,103,70,0.0017300346006920138,12,3,49886,49931,89,58,0,0,0,0,0,0,99844,0,0,0,0,0,0,0,0,0,0,154,0,0,0,0,0,0
34,2381,35.339347279364226,99998,11,6,0,0,104,71,0.001750035000700014,14,3,49883,49930,91,60,0,0,0,0,0,0,99840,0,0,0,0,0,0,0,0,0,0,158,0,0,0,0,0,0
35,2381,36.1690956315593,99998,12,6,0,0,108,71,0.0017900358007160143,13,3,49880,49930,94,60,0,0,0,0,0,0,99837,0,0,0,0,0,0,0,0,0,0,161,0,0,0,0,0,0
36,2381,37.07732055934306,99998,13,3,0,0,110,71,0.0018100362007240146,12,5,49880,49928,94,63,0,0,0,0,0,0,99833,0,0,0,0,0,0,0,0,0,0,165,0,0,0,0,0,0
37,2381,38.09544329416716,99998,14,5,0,0,115,73,0.001880037600752015,10,4,49877,49927,98,63,0,0,0,0,0,0,99829,0,0,0,0,0,0,0,0,0,0,169,0,0,0,0,0,0
38,2381,39.16358388986694,99998,15,6,0,0,116,75,0.0019100382007640152,12,3,49875,49926,97,64,0,0,0,0,0,0,99828,0,0,0,0,0,0,0,0,0,0,170,0,0,0,0,0,0
39,2381,40.1297538119336,99998,15,6,0,0,118,75,0.0019300386007720155,12,4,49873,49925,99,64,0,0,0,0,0,0,99826,0,0,0,0,0,0,0,0,0,0,172,0,0,0,0,0,0
40,2381,41.12292994680808,99998,14,5,0,0,120,75,0.0019500390007800156,12,4,49871,49925,102,65,0,0,0,0,0,0,99822,0,0,0,0,0,0,0,0,0,0,176,0,0,0,0,0,0
41,2381,42.19014101646929,99998,11,6,0,0,120,76,0.0019600392007840155,13,3,49870,49925,105,65,0,0,0,0,0,0,99819,0,0,0,0,0,0,0,0,0,0,179,0,0,0,0,0,0
42,2381,43.02273320118397,99998,10,5,0,0,122,76,0.001980039600792016,15,6,49866,49922,108,66,0,0,0,0,0,0,99815,0,0,0,0,0,0,0,0,0,0,183,0,0,0,0,0,0
43,2381,44.16936361570788,99998,13,7,0,0,126,79,0.002050041000820016,12,3,49866,49922,108,67,0,0,0,0,0,0,99813,0,0,0,0,0,0,0,0,0,0,185,0,0,0,0,0,0
44,2381,45.1835871530788,99998,14,9,0,0,128,81,0.002090041800836017,13,1,49863,49922,109,67,0,0,0,0,0,0,99812,0,0,0,0,0,0,0,0,0,0,186,0,0,0,0,0,0
45,2381,46.15795223934836,99997,18,9,0,1,133,82,0.002150064501935058,10,3,49861,49919,110,67,0,0,0,0,0,0,99810,0,0,0,0,0,0,0,0,0,0,187,0,0,0,0,0,0
46,2381,47.25695757210499,99997,14,9,0,1,133,82,0.002150064501935058,12,5,49860,49918,113,66,0,0,0,0,0,0,99807,0,0,1,0,0,0,0,0,0,0,189,0,0,0,0,0,0
47,2381,48.064232266735196,99997,13,8,0,1,134,84,0.002180065401962059,12,3,49859,49918,115,69,0,0,0,0,0,0,99802,0,0,1,0,0,0,0,0,0,0,194,0,0,0,0,0,0
48,2381,49.105095782924494,99997,15,9,0,1,137,85,0.00222006660199806,9,3,49859,49917,116,69,0,0,0,0,0,0,99801,0,0,1,0,0,0,0,0,0,0,195,0,0,0,0,0,0
49,2381,50.0663725963157,99997,16,6,0,1,142,86,0.0022800684020520615,7,3,49856,49916,120,73,0,0,0,0,0,0,99793,0,0,1,0,0,0,0,0,0,0,203,0,0,0,0,0,0
50,2381,51.0363788886629,99997,14,6,0,1,144,87,0.0023100693020790624,6,4,49856,49914,123,74,0,0,0,0,0,0,99788,0,0,1,0,0,0,0,0,0,0,208,0,0,0,0,0,0
51,2381,52.11998813626289,99997,12,4,0,1,147,88,0.0023500705021150636,4,4,49855,49913,128,77,0,0,0,0,0,0,99780,0,0,1,0,0,0,0,0,0,0,216,0,0,0,0,0,0
52,2381,53.09183882668442,99997,13,5,0,1,149,90,0.0023900717021510644,5,3,49852,49912,129,78,0,0,0,0,0,0,99778,0,0,1,0,0,0,0,0,0,0,218,0,0,0,0,0,0
53,2381,54.06973920573533,99997,12,5,0,1,150,92,0.0024200726021780653,6,1,49850,49913,131,79,0,0,0,0,0,0,99774,0,0,1,0,0,0,0,0,0,0,222,0,0,0,0,0,0
54,2381,55.02063177802218,99997,11,4,0,1,151,92,0.0024300729021870656,8,2,49847,49912,133,80,0,0,0,0,0,0,99771,0,0,1,0,0,0,0,0,0,0,225,0,0,0,0,0,0
55,2381,56.30443865522492,99997,13,3,0,1,154,92,0.0024600738022140666,7,3,49845,49912,134,80,0,0,0,0,0,0,99769,0,0,1,0,0,0,0,0,0,0,227,0,0,0,0,0,0
56,2381,57.069651276503095,99997,14,4,0,1,155,93,0.002480074402232067,9,4,49842,49910,134,80,0,0,0,0,0,0,99769,0,0,1,0,0,0,0,0,0,0,227,0,0,0,0,0,0
57,2381,58.10240264476281,99997,14,4,0,1,159,93,0.002520075602268068,8,6,49840,49908,137,80,0,0,0,0,0,0,99765,0,0,1,0,0,0,0,0,0,0,231,0,0,0,0,0,0
58,2381,59.07051099089623,99997,14,5,0,1,162,94,0.002560076802304069,6,5,49839,49908,140,80,0,0,0,0,0,0,99762,0,0,1,0,0,0,0,0,0,0,234,0,0,0,0,0,0
59,2381,60.002216927031526,99997,15,6,0,1,165,96,0.0026100783023490703,4,6,49839,49906,141,80,0,0,0,0,0,0,99759,0,0,1,0,0,0,0,0,0,0,237,0,0,0,0,0,0
60,2381,61.19075751046325,99997,14,5,0,1,166,97,0.002630078902367071,5,5,49837,49906,143,82,0,0,0,0,0,0,99755,0,0,1,0,0,0,0,0,0,0,241,0,0,0,0,0,0
61,2381,62.321692666578805,99997,13,6,0,1,167,98,0.0026500795023850715,7,4,49834,49906,145,82,0,0,0,0,0,0,99753,0,0,1,0,0,0,0,0,0,0,243,0,0,0,0,0,0
62,2381,63.08282175924496,99997,10,7,0,1,167,99,0.002660079802394072,7,4,49835,49905,147,82,0,0,0,0,0,0,99750,0,0,1,0,0,0,0,0,0,0,246,0,0,0,0,0,0
63,2381,64.0842493716393,99997,8,7,0,1,167,100,0.002670080102403072,7,3,49835,49905,149,83,0,0,0,0,0,0,99747,0,0,1,0,0,0,0,0,0,0,249,0,0,0,0,0,0
64,2381,65.29858932017386,99997,10,8,0,1,170,101,0.0027100813024390734,7,2,49834,49905,148,83,0,0,0,0,0,0,99746,0,0,1,0,0,0,0,0,0,0,250,0,0,0,0,0,0
65,2381,66.05347414674884,99997,11,9,0,1,172,102,0.002740082202466074,7,4,49832,49902,149,83,0,0,0,0,0,0,99745,0,0,1,0,0,0,0,0,0,0,251,0,0,0,0,0,0
66,2381,67.28766810496893,99997,11,9,0,1,174,104,0.002780083402502075,5,4,49832,49901,151,84,0,0,0,0,0,0,99741,0,0,1,0,0,0,0,0,0,0,255,0,0,0,0,0,0
67,2381,68.00114503522983,99997,10,10,0,1,175,106,0.002810084302529076,5,4,49831,49899,153,85,0,0,0,0,0,0,99738,0,0,1,0,0,0,0,0,0,0,258,0,0,0,0,0,0
68,2381,69.0058476746584,99997,11,11,0,1,178,109,0.0028700861025830774,7,2,49826,49899,155,86,0,0,0,0,0,0,99734,0,0,1,0,0,0,0,0,0,0,262,0,0,0,0,0,0
69,2381,70.12059175349954,99997,9,10,0,1,179,110,0.002890086702601078,7,2,49827,49899,156,87,0,0,0,0,0,0,99729,0,0,1,0,0,0,0,0,0,0,267,0,0,0,0,0,0
70,2381,71.0212301468528,99997,6,8,0,1,180,111,0.0029100873026190787,7,1,49826,49899,160,90,0,0,0,0,0,0,99723,0,0,2,0,0,0,0,0,0,0,272,0,0,0,0,0,0
71,2381,72.22788635026217,99997,7,8,0,1,181,112,0.0029300879026370793,7,4,49826,49896,159,90,0,0,0,0,0,0,99722,0,0,2,0,0,0,0,0,0,0,273,0,0,0,0,0,0
72,2381,73.05032367198807,99997,8,7,0,1,183,113,0.0029600888026640798,5,3,49827,49896,159,92,0,0,0,0,0,0,99719,0,0,2,0,0,0,0,0,0,0,276,0,0,0,0,0,0
73,2381,74.16394643861214,99997,9,7,0,1,185,115,0.003000090002700081,5,4,49825,49893,160,94,0,0,0,0,0,0,99716,0,0,2,0,0,0,0,0,0,0,279,0,0,0,0,0,0
74,2381,75.0609561469998,99997,7,8,0,1,185,117,0.0030200906027180816,7,4,49823,49891,162,95,0,0,0,0,0,0,99713,0,0,2,0,0,0,0,0,0,0,282,0,0,0,0,0,0
75,2381,76.08557992617447,99997,7,7,0,1,187,118,0.0030500915027450825,7,3,49821,49893,164,95,0,0,0,0,0,0,99709,0,0,2,0,0,0,0,0,0,0,286,0,0,0,0,0,0
76,2381,77.28369140453137,99997,10,6,0,1,190,119,0.0030900927027810833,5,2,49822,49894,162,96,0,0,0,0,0,0,99707,0,0,2,0,0,0,0,0,0,0,288,0,0,0,0,0,0
77,2381,78.17007050766719,99997,9,7,0,1,191,120,0.003110093302799084,8,2,49818,49893,164,96,0,0,0,0,0,0,99705,0,0,2,0,0,0,0,0,0,0,290,0,0,0,0,0,0
78,2381,79.16943343870003,99997,11,8,0,1,193,121,0.003140094202826085,8,1,49816,49893,164,96,0,0,0,0,0,0,99705,0,0,2,0,0,0,0,0,0,0,290,0,0,0,0,0,0
79,2381,80.00520824876742,99997,10,7,0,1,194,122,0.0031600948028440855,8,1,49815,49892,166,98,0,0,0,0,0,0,99701,0,0,2,0,0,0,0,0,0,0,294,0,0,0,0,0,0
80,2381,81.0127344954406,99997,11,6,0,1,197,122,0.003190095702871086,7,2,49815,49891,166,99,0,0,0,0,0,0,99698,0,0,2,0,0,0,0,0,0,0,297,0,0,0,0,0,0
81,2381,82.02622976404017,99997,11,8,0,1,199,125,0.0032400972029160875,9,2,49811,49888,168,100,0,0,0,0,0,0,99695,0,0,2,0,0,0,0,0,0,0,300,0,0,0,0,0,0
82,2381,83.17735350322188,99997,15,7,0,1,203,125,0.0032800984029520888,8,2,49808,49888,168,101,0,0,0,0,0,0,99694,0,0,2,0,0,0,0,0,0,0,301,0,0,0,0,0,0
83,2381,84.06283792979534,99997,13,7,0,1,206,126,0.0033200996029880895,7,5,49808,49884,171,102,0,0,0,0,0,0,99688,0,0,2,0,0,0,0,0,0,0,307,0,0,0,0,0,0
84,2381,85.09822516674386,99997,12,6,0,1,207,127,0.00334010020300609,12,5,49803,49883,172,104,0,0,0,0,0,0,99684,0,0,2,0,0,0,0,0,0,0,311,0,0,0,0,0,0
85,2381,86.33805248846063,99997,12,6,0,1,208,129,0.003370101103033091,12,4,49804,49882,171,106,0,0,0,0,0,0,99681,0,0,2,0,0,0,0,0,0,0,314,0,0,0,0,0,0
86,2381,87.00856880756591,99997,13,7,0,1,209,130,0.0033901017030510917,14,3,49802,49882,170,106,0,0,0,0,0,0,99681,0,0,2,0,0,0,0,0,0,0,314,0,0,0,0,0,0
87,2381,88.12005906429995,99997,13,7,0,1,213,130,0.0034301029030870925,12,5,49800,49880,174,106,0,0,0,0,0,0,99677,0,0,2,0,0,0,0,0,0,0,318,0,0,0,0,0,0
88,2381,89.1178579729555,99997,12,8,0,1,215,131,0.0034601038031140934,11,4,49799,49880,177,106,0,0,0,0,0,0,99674,0,0,2,0,0,0,0,0,0,0,321,0,0,0,0,0,0
89,2381,90.00680182557002,99997,14,9,0,1,219,132,0.003510105303159095,11,3,49797,49880,177,106,0,0,0,0,0,0,99672,0,0,2,0,0,0,0,0,0,0,323,0,0,0,0,0,0
90,2381,91.19198727223855,99997,14,9,0,1,222,134,0.003560106803204096,9,2,49796,49881,180,106,0,0,0,0,0,0,99667,0,0,2,0,0,0,0,0,0,0,328,0,0,0,0,0,0
91,2381,92.03119313755842,99997,15,8,0,1,225,134,0.003590107703231097,8,3,49794,49880,182,107,0,0,0,0,0,0,99664,0,0,2,0,0,0,0,0,0,0,331,0,0,0,0,0,0
92,2381,93.18676566599915,99997,12,7,0,1,231,134,0.0036501095032850984,6,3,49791,49881,190,107,0,0,0,0,0,0,99654,0,0,2,0,0,0,0,0,0,0,341,0,0,0,0,0,0
93,2381,94.28822205140214,99997,14,8,0,1,233,135,0.0036801104033120993,7,3,49789,49880,189,107,0,0,0,0,0,0,99654,0,0,2,0,0,0,0,0,0,0,341,0,0,0,0,0,0
94,2381,95.01511654304308,99997,14,8,0,1,235,137,0.0037201116033481006,6,1,49788,49880,191,109,0,0,0,0,0,0,99650,0,0,2,0,0,0,0,0,0,0,345,0,0,0,0,0,0
95,2381,96.1448636412596,99997,14,6,0,1,238,137,0.003750112503375101,7,1,49784,49880,194,111,0,0,0,0,0,0,99645,0,0,2,0,0,0,0,0,0,0,350,0,0,0,0,0,0
96,2381,97.0196342381521,99997,14,7,0,1,242,138,0.0038001140034201026,5,2,49783,49878,197,111,0,0,0,0,0,0,99641,0,0,2,0,0,0,0,0,0,0,354,0,0,0,0,0,0
97,2381,98.25232781202344,99997,15,5,0,1,243,139,0.003820114603438103,6,5,49782,49877,196,111,0,0,0,0,0,0,99638,0,0,2,0,0,0,0,0,0,0,357,0,0,0,0,0,0
98,2381,99.108083701285,99997,16,7,0,1,245,142,0.0038701161034831043,8,4,49778,49875,197,112,0,0,0,0,0,0,99636,0,0,2,0,0,0,0,0,0,0,359,0,0,0,0,0,0
99,2381,100.09450746779287,99997,15,7,0,1,246,143,0.003890116703501105,9,4,49777,49874,198,113,0,0,0,0,0,0,99633,0,0,2,0,0,0,0,0,0,0,362,0,0,0,0,0,0
100,2381,101.09736159681098,99997,13,6,0,1,246,145,0.003910117303519106,10,3,49777,49873,199,116,0,0,0,0,0,0,99628,0,0,2,0,0,0,0,0,0,0,367,0,0,0,0,0,0
101,2381,102.01148921351921,99997,12,5,0,1,246,146,0.003920117603528106,11,5,49778,49870,198,118,0,0,0,0,0,0,99625,0,0,2,0,0,0,0,0,0,0,370,0,0,0,0,0,0
102,2381,103.21694274521937,99997,10,8,0,1,246,149,0.003950118503555106,12,2,49779,49871,198,117,0,0,0,0,0,0,99623,0,0,2,0,0,0,0,0,0,0,372,0,0,0,0,0,0
103,2381,104.14811622551474,99997,11,9,0,1,248,150,0.003980119403582108,13,4,49777,49869,198,116,0,0,0,0,0,0,99622,0,0,2,0,0,0,0,0,0,0,373,0,0,0,0,0,0
104,2381,105.05953166237347,99997,11,8,0,1,248,150,0.003980119403582108,16,4,49774,49869,198,117,0,0,0,0,0,0,99621,0,0,2,0,0,0,0,0,0,0,374,0,0,0,0,0,0
105,2381,106.0012495445748,99997,12,7,0,1,250,150,0.004000120003600108,16,4,49772,49869,199,118,0,0,0,0,0,0,99619,0,0,2,0,0,0,0,0,0,0,376,0,0,0,0,0,0
106,2381,107.04747658238269,99997,11,9,0,1,255,154,0.004090122703681111,15,1,49768,49868,205,120,0,0,0,0,0,0,99611,0,0,2,0,0,0,0,0,0,0,384,0,0,0,0,0,0
107,2381,108.23099860740149,99997,12,11,0,1,258,156,0.004140124203726112,13,1,49768,49867,206,119,0,0,0,0,0,0,99609,0,0,2,0,0,0,0,0,0,0,386,0,0,0,0,0,0
108,2381,109.032290368691,99997,15,10,0,1,261,156,0.004170125103753112,13,4,49765,49864,206,120,0,0,0,0,0,0,99608,0,0,2,0,0,0,0,0,0,0,387,0,0,0,0,0,0
109,2381,110.06445827199002,99997,16,8,0,1,266,156,0.004220126603798114,10,6,49765,49863,208,121,0,0,0,0,0,0,99602,0,0,2,0,0,0,0,0,0,0,393,0,0,0,0,0,0
110,2381,111.08274361657767,99997,17,5,0,1,267,157,0.004240127203816115,13,7,49763,49861,206,125,0,0,0,0,0,0,99598,0,0,2,0,0,0,0,0,0,0,397,0,0,0,0,0,0
111,2381,112.04519768858025,99997,18,9,0,1,270,161,0.0043101293038791165,11,6,49762,49858,208,125,0,0,0,0,0,0,99596,0,0,2,0,0,0,0,0,0,0,399,0,0,0,0,0,0
112,2381,113.03610197761034,99997,16,10,0,1,273,163,0.004360130803924118,9,7,49762,49855,212,126,0,0,0,0,0,0,99590,0,0,2,0,0,0,0,0,0,0,405,0,0,0,0,0,0
113,2381,114.03538472314577,99997,13,9,0,1,275,165,0.004400132003960119,9,6,49762,49855,215,128,0,0,0,0,0,0,99582,0,0,2,0,0,0,0,0,0,0,413,0,0,0,0,0,0
114,2381,115.0314817439893,99997,15,8,0,1,279,166,0.00445013350400512,10,5,49758,49855,216,130,0,0,0,0,0,0,99578,0,0,2,0,0,0,0,0,0,0,417,0,0,0,0,0,0
115,2381,116.25787945227535,99997,15,9,0,1,281,167,0.004480134404032121,10,5,49756,49854,218,130,0,0,0,0,0,0,99576,0,0,2,0,0,0,0,0,0,0,419,0,0,0,0,0,0
116,2381,117.02835026955228,99997,13,8,0,1,281,168,0.004490134704041121,15,5,49752,49853,219,132,0,0,0,0,0,0,99572,0,0,2,0,0,0,0,0,0,0,423,0,0,0,0,0,0
117,2381,118.20336068419527,99997,12,9,0,1,285,169,0.004540136204086122,13,4,49750,49854,224,131,0,0,0,0,0,0,99567,0,0,2,0,0,0,0,0,0,0,428,0,0,0,0,0,0
118,2381,119.05095375618161,99997,13,9,0,1,286,170,0.004560136804104123,12,3,49752,49855,222,131,0,0,0,0,0,0,99566,0,0,2,0,0,0,0,0,0,0,429,0,0,0,0,0,0
119,2381,120.12392835764382,99997,17,8,0,1,291,170,0.004610138304149125,9,4,49750,49854,223,132,0,0,0,0,0,0,99564,0,0,2,0,0,0,0,0,0,0,431,0,0,0,0,0,0
120,2381,121.20324689562113,99997,19,9,0,1,294,171,0.004650139504185125,6,4,49752,49853,222,132,0,0,0,0,0,0,99563,0,0,2,0,0,0,0,0,0,0,432,0,0,0,0,0,0
121,2381,122.20048998170851,99997,18,8,0,1,295,171,0.004660139804194126,7,7,49750,49852,224,131,0,0,0,0,0,0,99560,0,0,2,0,0,0,0,0,0,0,435,0,0,0,0,0,0
122,2381,123.00351985225525,99997,16,8,0,1,296,173,0.0046901407042211265,7,5,49750,49853,226,132,0,0,0,0,0,0,99555,0,0,2,0,0,0,0,0,0,0,440,0,0,0,0,0,0
123,2381,124.32283674371986,99997,14,8,0,1,298,174,0.004720141604248128,8,6,49749,49851,228,133,0,0,0,0,0,0,99550,0,0,2,0,0,0,0,0,0,0,445,0,0,0,0,0,0
124,2381,125.32574240028225,99997,13,8,0,1,300,175,0.004750142504275128,7,6,49749,49851,230,133,0,0,0,0,0,0,99546,0,0,2,0,0,0,0,0,0,0,449,0,0,0,0,0,0
125,2381,126.33491731105492,99997,14,7,0,1,302,175,0.004770143104293129,7,6,49747,49852,231,133,0,0,0,0,0,0,99544,0,0,2,0,0,0,0,0,0,0,451,0,0,0,0,0,0
126,2381,127.06857515614585,99997,13,7,0,1,303,176,0.0047901437043111296,8,5,49745,49852,233,134,0,0,0,0,0,0,99541,0,0,2,0,0,0,0,0,0,0,454,0,0,0,0,0,0
127,2381,128.16516309781085,99997,11,7,0,1,303,178,0.00481014430432913,11,4,49743,49851,234,136,0,0,0,0,0,0,99537,0,0,2,0,0,0,0,0,0,0,458,0,0,0,0,0,0
128,2381,129.0653808935281,99997,9,7,0,1,303,178,0.00481014430432913,11,7,49743,49849,236,135,0,0,0,0,0,0,99535,0,0,2,0,0,0,0,0,0,0,460,0,0,0,0,0,0
129,2381,130.03617596519788,99997,13,11,0,1,308,183,0.004910147304419132,7,7,49742,49844,237,136,0,0,0,0,0,0,99533,0,0,2,0,0,0,0,0,0,0,462,0,0,0,0,0,0
130,2381,131.00260043154512,99997,17,12,0,1,314,187,0.0050101503045091355,4,3,49740,49844,238,139,0,0,0,0,0,0,99528,0,0,2,0,0,0,0,0,0,0,467,0,0,0,0,0,0
131,2381,132.0731405652746,99997,16,11,0,1,315,187,0.005020150604518135,5,5,49739,49842,239,140,0,0,0,0,0,0,99525,0,0,2,0,0,0,0,0,0,0,470,0,0,0,0,0,0
132,2381,133.12587991918676,99997,16,10,0,1,316,188,0.005040151204536136,7,5,49737,49841,239,142,0,0,0,0,0,0,99522,0,0,2,0,0,0,0,0,0,0,473,0,0,0,0,0,0
133,2381,134.25353795411232,99997,16,8,0,1,317,189,0.0050601518045541366,10,5,49733,49840,240,145,0,0,0,0,0,0,99518,0,0,2,0,0,0,0,0,0,0,477,0,0,0,0,0,0
134,2381,135.1550152728372,99997,18,7,0,1,319,191,0.005100153004590138,9,3,49733,49840,239,148,0,0,0,0,0,0,99515,0,0,2,0,0,0,0,0,0,0,480,0,0,0,0,0,0
135,2381,136.05620192027575,99997,17,7,0,1,319,192,0.005110153304599138,13,4,49729,49839,240,148,0,0,0,0,0,0,99513,0,0,2,0,0,0,0,0,0,0,482,0,0,0,0,0,0
136,2381,137.17837263920325,99997,19,7,0,1,322,193,0.005150154504635139,14,3,49725,49839,241,149,0,0,0,0,0,0,99511,0,0,2,0,0,0,0,0,0,0,484,0,0,0,0,0,0
137,2381,138.01432580109514,99997,20,6,0,1,325,193,0.00518015540466214,11,5,49726,49837,242,150,0,0,0,0,0,0,99508,0,0,2,0,0,0,0,0,0,0,487,0,0,0,0,0,0
138,2381,139.17338572813583,99997,20,7,0,1,328,197,0.005250157504725142,11,3,49725,49836,243,152,0,0,0,0,0,0,99503,0,0,3,0,0,0,0,0,0,0,491,0,0,0,0,0,0
139,2381,140.17927146551432,99997,19,7,0,1,331,199,0.005300159004770143,9,1,49725,49836,246,154,0,0,0,0,0,0,99497,0,0,3,0,0,0,0,0,0,0,497,0,0,0,0,0,0
140,2381,141.25322365014372,99997,25,5,0,1,337,199,0.005360160804824145,7,2,49721,49835,246,156,0,0,0,0,0,0,99495,0,0,3,0,0,0,0,0,0,0,499,0,0,0,0,0,0
141,2381,142.07765842689034,99997,23,3,0,1,339,199,0.0053801614048421455,6,3,49720,49835,250,157,0,0,0,0,0,0,99489,0,0,3,0,0,0,0,0,0,0,505,0,0,0,0,0,0
142,2381,143.23062210996008,99997,21,4,0,1,342,200,0.005420162604878147,6,3,49717,49834,255,157,0,0,0,0,0,0,99484,0,0,3,0,0,0,0,0,0,0,510,0,0,0,0,0,0
143,2381,144.18504732342416,99997,21,5,0,1,345,201,0.005460163804914147,6,2,49715,49834,257,157,0,0,0,0,0,0,99481,0,0,3,0,0,0,0,0,0,0,513,0,0,0,0,0,0
144,2381,145.21300646357838,99997,20,6,0,1,346,202,0.005480164404932148,8,4,49712,49831,259,157,0,0,0,0,0,0,99479,0,0,3,0,0,0,0,0,0,0,515,0,0,0,0,0,0
145,2381,146.12583860686112,99997,19,6,0,1,348,202,0.005500165004950148,8,6,49710,49829,262,157,0,0,0,0,0,0,99476,0,0,3,0,0,0,0,0,0,0,518,0,0,0,0,0,0
146,2381,147.0246028864561,99997,18,6,0,1,349,203,0.005520165604968149,10,5,49708,49830,263,157,0,0,0,0,0,0,99473,0,0,3,0,0,0,0,0,0,0,521,0,0,0,0,0,0
147,2381,148.247260561647,99997,19,5,0,1,352,203,0.0055501665049951495,10,6,49705,49830,265,157,0,0,0,0,0,0,99470,0,0,3,0,0,0,0,0,0,0,524,0,0,0,0,0,0
148,2381,149.08474431095712,99997,22,5,0,1,355,204,0.005590167705031151,7,5,49706,49830,264,158,0,0,0,0,0,0,99469,0,0,3,0,0,0,0,0,0,0,525,0,0,0,0,0,0
149,2381,150.1120272727755,99997,27,7,0,1,361,208,0.005690170705121154,5,3,49702,49829,265,159,0,0,0,0,0,0,99466,0,0,3,0,0,0,0,0,0,0,528,0,0,0,0,0,0
150,2381,151.0764576054192,99997,27,6,0,1,363,209,0.005720171605148154,8,4,49697,49828,267,160,0,0,0,0,0,0,99462,0,0,3,0,0,0,0,0,0,0,532,0,0,0,0,0,0
151,2381,152.00555097736543,99997,29,7,0,1,367,212,0.005790173705211156,8,3,49693,49826,269,162,0,0,0,0,0,0,99458,0,0,3,0,0,0,0,0,0,0,536,0,0,0,0,0,0
152,2381,153.32007832591694,99997,26,5,0,1,368,213,0.005810174305229157,13,4,49687,49825,273,164,0,0,0,0,0,0,99451,0,0,3,0,0,0,0,0,0,0,543,0,0,0,0,0,0
153,2381,154.2242497032202,99997,27,5,0,1,371,213,0.005840175205256158,12,4,49685,49825,275,164,0,0,0,0,0,0,99449,0,0,3,0,0,0,0,0,0,0,545,0,0,0,0,0,0
154,2381,155.07732701174913,99997,27,5,0,1,374,213,0.0058701761052831584,13,5,49682,49824,277,164,0,0,0,0,0,0,99446,0,0,3,0,0,0,0,0,0,0,548,0,0,0,0,0,0
155,2381,156.01709735813046,99997,28,5,0,1,376,214,0.005900177005310159,12,6,49682,49823,277,164,0,0,0,0,0,0,99444,0,0,3,0,0,0,0,0,0,0,550,0,0,0,0,0,0
156,2381,157.19808322611442,99997,26,6,0,1,380,215,0.005950178505355161,12,6,49678,49822,283,164,0,0,0,0,0,0,99438,0,0,3,0,0,0,0,0,0,0,556,0,0,0,0,0,0
157,2381,158.0049066496784,99997,22,7,0,1,383,217,0.006000180005400162,10,4,49678,49822,289,165,0,0,0,0,0,0,99430,0,0,3,0,0,0,0,0,0,0,564,0,0,0,0,0,0
158,2381,159.0480924229368,99997,21,7,0,1,386,217,0.0060301809054271625,10,6,49677,49821,291,164,0,0,0,0,0,0,99426,0,0,3,0,0,0,0,0,0,0,568,0,0,0,0,0,0
159,2381,160.1182793944694,99997,20,10,0,1,390,220,0.006100183005490165,8,3,49675,49822,296,163,0,0,0,0,0,0,99421,0,0,3,0,0,0,0,0,0,0,573,0,0,0,0,0,0
160,2381,161.14400796584025,99997,22,10,0,1,393,220,0.006130183905517166,7,5,49675,49820,295,163,0,0,0,0,0,0,99420,0,0,3,0,0,0,0,0,0,0,574,0,0,0,0,0,0
161,2381,162.31897210901846,99997,21,11,0,1,396,221,0.006170185105553167,7,6,49674,49818,297,163,0,0,0,0,0,0,99416,0,0,3,0,0,0,0,0,0,0,578,0,0,0,0,0,0
162,2381,163.00719260308344,99997,19,11,0,1,397,221,0.006180185405562167,8,9,49672,49817,300,161,0,0,0,0,0,0,99413,0,0,3,0,0,0,0,0,0,0,581,0,0,0,0,0,0
163,2381,164.09298259174145,99997,17,10,0,1,400,222,0.006220186605598168,8,9,49669,49816,305,163,0,0,0,0,0,0,99406,0,0,3,0,0,0,0,0,0,0,588,0,0,0,0,0,0
164,2381,165.08773639681235,99997,17,11,0,1,402,225,0.006270188105643169,6,10,49669,49812,307,165,0,0,0,0,0,0,99402,0,0,3,0,0,0,0,0,0,0,592,0,0,0,0,0,0
165,2381,166.0466921908042,99997,17,16,0,1,404,231,0.0063501905057151715,7,5,49667,49812,308,165,0,0,0,0,0,0,99399,0,0,3,0,0,0,0,0,0,0,595,0,0,0,0,0,0
166,2381,167.1431241049365,99997,19,12,0,1,409,232,0.006410192305769173,8,6,49662,49810,310,170,0,0,0,0,0,0,99391,0,0,3,0,0,0,0,0,0,0,603,0,0,0,0,0,0
167,2381,168.0574362028229,99997,18,12,0,1,411,233,0.006440193205796174,11,6,49659,49809,311,171,0,0,0,0,0,0,99387,0,0,3,0,0,0,0,0,0,0,607,0,0,0,0,0,0
168,2381,169.04730572889372,99997,21,14,0,1,417,236,0.006530195905877176,6,4,49658,49809,314,171,0,0,0,0,0,0,99383,0,0,3,0,0,0,0,0,0,0,611,0,0,0,0,0,0
169,2381,170.27508474687355,99997,19,13,0,1,420,238,0.006580197405922177,11,2,49650,49809,319,174,0,0,0,0,0,0,99375,0,0,3,0,0,0,0,0,0,0,619,0,0,0,0,0,0
170,2381,171.27702002948917,99997,19,10,0,1,421,238,0.006590197705931178,12,3,49649,49808,319,177,0,0,0,0,0,0,99371,0,0,3,0,0,0,0,0,0,0,623,0,0,0,0,0,0
171,2381,172.09620049264367,99997,20,10,0,1,423,238,0.006610198305949179,12,4,49648,49807,319,177,0,0,0,0,0,0,99370,0,0,3,0,0,0,0,0,0,0,624,0,0,0,0,0,0
172,2381,173.03990087132217,99997,17,9,0,1,423,238,0.006610198305949179,13,6,49647,49806,322,177,0,0,0,0,0,0,99366,0,0,3,0,0,0,0,0,0,0,628,0,0,0,0,0,0
173,2381,174.0007612123451,99997,22,8,0,1,428,239,0.0066702001060031805,12,7,49643,49805,322,178,0,0,0,0,0,0,99364,0,0,3,0,0,0,0,0,0,0,630,0,0,0,0,0,0
174,2381,175.23394219411813,99997,21,10,0,1,432,241,0.006730201906057181,14,8,49638,49802,326,178,0,0,0,0,0,0,99359,0,0,3,0,0,0,0,0,0,0,635,0,0,0,0,0,0
175,2381,176.03435129334574,99997,21,13,0,1,435,245,0.006800204006120184,15,6,49635,49801,328,178,0,0,0,0,0,0,99355,0,0,3,0,0,0,0,0,0,0,639,0,0,0,0,0,0
176,2381,177.02280406003837,99997,13,11,0,1,437,245,0.006820204606138184,15,7,49635,49801,336,179,0,0,0,0,0,0,99343,0,0,3,0,0,0,0,0,0,0,651,0,0,0,0,0,0
177,2381,178.1214956209275,99997,13,11,0,1,441,248,0.006890206706201186,13,5,49635,49800,338,182,0,0,0,0,0,0,99336,0,0,3,0,0,0,0,0,0,0,658,0,0,0,0,0,0
178,2381,179.0286233185977,99997,15,11,0,1,446,250,0.006960208806264188,10,5,49633,49798,341,184,0,0,0,0,0,0,99331,0,0,3,0,0,0,0,0,0,0,663,0,0,0,0,0,0
179,2381,180.10999562430163,99997,14,13,0,1,451,253,0.00704021120633619,8,4,49633,49796,344,185,0,0,0,0,0,0,99324,0,0,3,0,0,0,0,0,0,0,670,0,0,0,0,0,0
180,2381,181.08213934343826,99997,15,11,0,1,455,253,0.007080212406372191,6,6,49631,49795,347,186,0,0,0,0,0,0,99319,0,0,3,0,0,0,0,0,0,0,675,0,0,0,0,0,0
181,2381,182.00644870708214,99997,16,9,0,1,458,254,0.007120213606408192,6,6,49632,49794,345,189,0,0,0,0,0,0,99314,0,0,3,0,0,0,0,0,0,0,680,0,0,0,0,0,0
182,2381,183.2211610291662,99997,17,10,0,1,461,256,0.007170215106453193,5,6,49631,49792,346,190,0,0,0,0,0,0,99311,0,0,3,0,0,0,0,0,0,0,683,0,0,0,0,0,0
183,2381,184.02838569951012,99997,16,9,0,1,462,258,0.007200216006480195,6,6,49629,49793,348,190,0,0,0,0,0,0,99306,0,0,3,0,0,0,0,0,0,0,688,0,0,0,0,0,0
184,2381,185.18571788414303,99997,16,8,0,1,464,261,0.007250217506525196,8,4,49626,49792,349,194,0,0,0,0,0,0,99300,0,0,3,0,0,0,0,0,0,0,694,0,0,0,0,0,0
185,2381,186.1616825832452,99997,15,7,0,1,466,262,0.007280218406552196,10,3,49623,49793,351,195,0,0,0,0,0,0,99295,0,0,3,0,0,0,0,0,0,0,699,0,0,0,0,0,0
186,2381,187.05104069931699,99997,16,5,0,1,467,262,0.007290218706561197,14,3,49619,49794,350,196,0,0,0,0,0,0,99293,0,0,3,0,0,0,0,0,0,0,701,0,0,0,0,0,0
187,2381,188.04413369549104,99997,20,5,0,1,472,262,0.007340220206606198,11,4,49617,49793,351,196,0,0,0,0,0,0,99292,0,0,3,0,0,0,0,0,0,0,702,0,0,0,0,0,0
188,2381,189.2281841685562,99997,20,6,0,1,478,264,0.0074202226066782005,8,4,49614,49793,357,195,0,0,0,0,0,0,99285,0,0,3,0,0,0,0,0,0,0,709,0,0,0,0,0,0
189,2381,190.21058207219986,99997,16,4,0,1,479,264,0.0074302229066872,9,4,49613,49794,361,196,0,0,0,0,0,0,99278,0,0,3,0,0,0,0,0,0,0,716,0,0,0,0,0,0
190,2381,191.00238276766697,99997,18,4,0,1,482,264,0.007460223806714202,9,5,49610,49794,362,195,0,0,0,0,0,0,99277,0,0,3,0,0,0,0,0,0,0,717,0,0,0,0,0,0
191,2381,192.05661190150514,99997,18,4,0,1,485,264,0.007490224706741202,11,5,49607,49794,363,195,0,0,0,0,0,0,99274,0,0,3,0,0,0,0,0,0,0,720,0,0,0,0,0,0
192,2381,193.058386356091,99997,18,4,0,1,488,267,0.007550226506795204,9,3,49608,49793,364,198,0,0,0,0,0,0,99268,0,0,3,0,0,0,0,0,0,0,726,0,0,0,0,0,0
193,2381,194.07834104391154,99997,20,5,0,1,490,269,0.007590227706831205,11,1,49605,49793,363,199,0,0,0,0,0,0,99267,0,0,3,0,0,0,0,0,0,0,727,0,0,0,0,0,0
194,2381,195.16143347492186,99997,18,5,0,1,493,269,0.007620228606858206,13,3,49601,49791,367,199,0,0,0,0,0,0,99262,0,0,3,0,0,0,0,0,0,0,732,0,0,0,0,0,0
195,2381,196.0607984900933,99997,18,4,0,1,495,269,0.007640229206876206,12,3,49600,49791,369,200,0,0,0,0,0,0,99259,0,0,3,0,0,0,0,0,0,0,735,0,0,0,0,0,0
196,2381,197.00080948141436,99997,17,5,0,1,497,270,0.007670230106903207,11,4,49601,49789,370,200,0,0,0,0,0,0,99256,0,0,3,0,0,0,0,0,0,0,738,0,0,0,0,0,0
197,2381,198.08968709675779,99997,16,5,0,1,500,271,0.007710231306939208,8,3,49601,49790,374,200,0,0,0,0,0,0,99251,0,0,3,0,0,0,0,0,0,0,743,0,0,0,0,0,0
198,2381,199.02827700271737,99997,16,4,0,1,501,272,0.007730231906957209,12,4,49598,49788,373,202,0,0,0,0,0,0,99248,0,0,3,0,0,0,0,0,0,0,746,0,0,0,0,0,0
199,2381,200.09364400396473,99997,16,6,0,1,502,274,0.007760232806984209,11,3,49600,49787,372,202,0,0,0,0,0,0,99247,0,0,3,0,0,0,0,0,0,0,747,0,0,0,0,0,0
200,2381,201.00775066757322,99997,17,7,0,1,505,275,0.0078002340070202104,10,3,49599,49786,373,202,0,0,0,0,0,0,99245,0,0,3,0,0,0,0,0,0,0,749,0,0,0,0,0,0
201,2381,202.089009085749,99997,19,7,0,1,509,276,0.007850235507065212,9,2,49598,49787,373,202,0,0,0,0,0,0,99242,0,0,3,0,0,0,0,0,0,0,752,0,0,0,0,0,0
202,2381,203.06776523787286,99997,18,5,0,1,511,278,0.007890236707101213,8,3,49597,49784,376,206,0,0,0,0,0,0,99235,0,0,3,0,0,0,0,0,0,0,759,0,0,0,0,0,0
203,2381,204.1315643504496,99997,21,5,0,1,514,279,0.007930237907137214,11,5,49593,49782,374,206,0,0,0,0,0,0,99234,0,0,3,0,0,0,0,0,0,0,760,0,0,0,0,0,0
204,2381,205.2834184592874,99997,21,4,0,1,515,279,0.007940238207146214,14,5,49589,49783,375,206,0,0,0,0,0,0,99232,0,0,3,0,0,0,0,0,0,0,762,0,0,0,0,0,0
205,2381,206.1474238673981,99997,23,4,0,1,517,281,0.007980239407182215,13,4,49589,49782,374,208,0,0,0,0,0,0,99230,0,0,3,0,0,0,0,0,0,0,764,0,0,0,0,0,0
206,2381,207.01996668930022,99997,24,4,0,1,520,281,0.008010240307209216,12,7,49587,49779,376,208,0,0,0,0,0,0,99228,0,0,3,0,0,0,0,0,0,0,766,0,0,0,0,0,0
207,2381,208.02299416554283,99997,23,5,0,1,523,282,0.008050241507245218,11,10,49586,49778,379,205,0,0,0,0,0,0,99224,0,0,3,0,0,0,0,0,0,0,770,0,0,0,0,0,0
208,2381,209.1849597347966,99997,26,8,0,1,526,285,0.008110243307299219,12,10,49583,49776,378,204,0,0,0,0,0,0,99224,0,0,3,0,0,0,0,0,0,0,770,0,0,0,0,0,0
209,2381,210.10065750160916,99997,22,9,0,1,529,286,0.00815024450733522,12,12,49580,49773,385,204,0,0,0,0,0,0,99217,0,0,3,0,0,0,0,0,0,0,777,0,0,0,0,0,0
210,2381,211.07421981340383,99997,19,8,0,1,532,288,0.008200246007380221,11,12,49580,49772,389,206,0,0,0,0,0,0,99208,0,0,3,0,0,0,0,0,0,0,786,0,0,0,0,0,0
211,2381,212.00796613253644,99997,16,6,0,1,534,289,0.008230246907407222,14,12,49575,49772,394,208,0,0,0,0,0,0,99200,0,0,3,0,0,0,0,0,0,0,794,0,0,0,0,0,0
212,2381,213.08747109174928,99997,18,7,0,1,537,292,0.008290248707461223,16,9,49570,49773,395,209,0,0,0,0,0,0,99197,0,0,3,0,0,0,0,0,0,0,797,0,0,0,0,0,0
213,2381,214.03176737852024,99997,18,10,0,1,538,297,0.008350250507515226,17,5,49568,49772,396,211,0,0,0,0,0,0,99194,0,0,3,0,0,0,0,0,0,0,800,0,0,0,0,0,0
214,2381,215.0423661979167,99997,20,11,0,1,543,298,0.008410252307569227,18,6,49563,49770,398,211,0,0,0,0,0,0,99191,0,0,3,0,0,0,0,0,0,0,803,0,0,0,0,0,0
215,2381,216.12023526470782,99997,21,13,0,1,547,300,0.008470254107623228,16,6,49563,49770,399,209,0,0,0,0,0,0,99188,0,0,3,0,0,0,0,0,0,0,806,0,0,0,0,0,0
216,2381,217.31248897995806,99997,26,12,0,1,554,302,0.00856025680770423,13,9,49561,49767,399,210,0,0,0,0,0,0,99183,0,0,3,0,0,0,0,0,0,0,811,0,0,0,0,0,0
217,2381,218.14262822356926,99997,26,14,0,1,557,305,0.008620258607758233,14,7,49558,49768,401,209,0,0,0,0,0,0,99179,0,0,3,0,0,0,0,0,0,0,815,0,0,0,0,0,0
218,2381,219.13356691430968,99997,26,14,0,1,559,305,0.008640259207776233,16,8,49555,49768,402,208,0,0,0,0,0,0,99177,0,0,3,0,0,0,0,0,0,0,817,0,0,0,0,0,0
219,2381,220.19120734296092,99997,28,17,0,1,562,310,0.008720261607848235,19,5,49549,49767,403,209,0,0,0,0,0,0,99174,0,0,3,0,0,0,0,0,0,0,820,0,0,0,0,0,0
220,2381,221.1427019258178,99997,26,19,0,1,564,314,0.008780263407902236,22,3,49544,49765,407,211,0,0,0,0,0,0,99168,0,0,3,0,0,0,0,0,0,0,826,0,0,0,0,0,0
221,2381,222.04340254710644,99997,29,15,0,1,571,314,0.008850265507965239,20,4,49541,49765,409,214,0,0,0,0,0,0,99160,0,0,3,0,0,0,0,0,0,0,834,0,0,0,0,0,0
222,2381,223.02462900577984,99997,31,13,0,1,575,314,0.00889026670800124,19,5,49538,49765,411,215,0,0,0,0,0,0,99156,0,0,3,0,0,0,0,0,0,0,838,0,0,0,0,0,0
223,2381,224.20632859554297,99997,28,10,0,1,582,315,0.008970269108073243,16,7,49535,49762,420,219,0,0,0,0,0,0,99142,0,0,3,0,0,0,0,0,0,0,852,0,0,0,0,0,0
224,2381,225.0408453404005,99997,31,10,0,1,587,316,0.009030270908127244,14,6,49532,49763,422,219,0,0,0,0,0,0,99139,0,0,3,0,0,0,0,0,0,0,855,0,0,0,0,0,0
225,2381,226.17450875705083,99997,31,7,0,1,590,318,0.009080272408172245,14,7,49532,49760,422,224,0,0,0,0,0,0,99131,0,0,3,0,0,0,0,0,0,0,863,0,0,0,0,0,0
226,2381,227.04640553174437,99997,31,9,0,1,593,322,0.009150274508235247,12,3,49532,49761,424,225,0,0,0,0,0,0,99126,0,0,3,0,0,0,0,0,0,0,868,0,0,0,0,0,0
227,2381,228.05937886272534,99997,30,12,0,1,596,326,0.00922027660829825,16,3,49525,49757,428,226,0,0,0,0,0,0,99121,0,0,3,0,0,0,0,0,0,0,873,0,0,0,0,0,0
228,2381,229.0942034678827,99997,31,10,0,1,601,327,0.00928027840835225,15,5,49522,49755,431,228,0,0,0,0,0,0,99114,0,0,3,0,0,0,0,0,0,0,880,0,0,0,0,0,0
229,2381,230.00942293694587,99997,25,7,0,1,602,329,0.009310279308379252,20,3,49516,49755,438,233,0,0,0,0,0,0,99102,0,0,3,0,0,0,0,0,0,0,892,0,0,0,0,0,0
230,2381,231.0674849698556,99997,26,7,0,1,605,331,0.009360280808424253,21,3,49515,49753,437,235,0,0,0,0,0,0,99098,0,0,3,0,0,0,0,0,0,0,896,0,0,0,0,0,0
231,2381,232.0663125691926,99997,25,6,0,1,610,331,0.009410282308469254,18,6,49517,49752,439,234,0,0,0,0,0,0,99091,0,0,3,0,0,0,0,0,0,0,903,0,0,0,0,0,0
232,2381,233.15043726629992,99997,29,7,0,1,616,332,0.009480284408532255,16,6,49514,49752,440,233,0,0,0,0,0,0,99089,0,0,3,0,0,0,0,0,0,0,905,0,0,0,0,0,0
233,2381,234.0491254208893,99997,27,9,0,1,619,334,0.009530285908577258,18,7,49515,49749,439,233,0,0,0,0,0,0,99084,0,0,3,0,0,0,0,0,0,0,910,0,0,0,0,0,0
234,2381,235.03965507877473,99997,29,9,0,1,624,335,0.009590287708631259,17,7,49511,49749,442,233,0,0,0,0,0,0,99080,0,0,3,0,0,0,0,0,0,0,914,0,0,0,0,0,0
235,2381,236.08573226547847,99997,32,11,0,1,632,337,0.009690290708721261,15,8,49506,49748,446,231,0,0,0,0,0,0,99075,0,0,3,0,0,0,0,0,0,0,919,0,0,0,0,0,0
236,2381,237.08191440239577,99997,33,11,0,1,637,337,0.009740292208766262,12,9,49505,49747,449,231,0,0,0,0,0,0,99071,0,0,3,0,0,0,0,0,0,0,923,0,0,0,0,0,0
237,2381,238.0068548101914,99997,30,13,0,1,639,340,0.009790293708811265,16,8,49499,49746,454,231,0,0,0,0,0,0,99065,0,0,3,0,0,0,0,0,0,0,929,0,0,0,0,0,0
238,2381,239.18423609554483,99997,34,13,0,1,644,341,0.009850295508865266,12,10,49499,49744,454,231,0,0,0,0,0,0,99063,0,0,3,0,0,0,0,0,0,0,931,0,0,0,0,0,0
239,2381,240.07869102954473,99997,36,16,0,1,649,345,0.009940298208946268,8,8,49498,49744,457,230,0,0,0,0,0,0,99059,0,0,3,0,0,0,0,0,0,0,935,0,0,0,0,0,0
240,2381,241.0116240048378,99997,37,18,0,1,654,347,0.010010300309009271,10,8,49493,49744,459,228,0,0,0,0,0,0,99055,0,0,3,0,0,0,0,0,0,0,939,0,0,0,0,0,0
241,2381,242.08468878896363,99997,33,16,0,1,658,350,0.010080302409072272,12,7,49492,49743,462,232,0,0,0,0,0,0,99042,0,0,3,0,0,0,0,0,0,0,952,0,0,0,0,0,0
242,2381,243.08242684631284,99997,32,18,0,1,663,353,0.010160304809144274,10,7,49492,49740,465,233,0,0,0,0,0,0,99035,0,0,3,0,0,0,0,0,0,0,959,0,0,0,0,0,0
243,2381,244.02016996311758,99997,25,21,0,1,666,356,0.010220306609198275,12,9,49491,49735,471,233,0,0,0,0,0,0,99025,0,0,3,0,0,0,0,0,0,0,969,0,0,0,0,0,0
244,2381,245.2894004530003,99997,23,18,0,1,668,358,0.010260307809234277,22,10,49479,49734,475,236,0,0,0,0,0,0,99016,0,0,3,0,0,0,0,0,0,0,978,0,0,0,0,0,0
245,2381,246.19093429879624,99997,26,17,0,1,674,360,0.010340310209306279,19,12,49480,49730,474,239,0,0,0,0,0,0,99010,0,0,3,0,0,0,0,0,0,0,984,0,0,0,0,0,0
246,2381,247.01262848350822,99997,30,15,0,1,679,360,0.01039031170935128,17,15,49478,49727,474,241,0,0,0,0,0,0,99007,0,0,3,0,0,0,0,0,0,0,987,0,0,0,0,0,0
247,2381,248.01729689557138,99997,30,17,0,1,682,362,0.010440313209396281,17,13,49475,49729,477,239,0,0,0,0,0,0,99004,0,0,3,0,0,0,0,0,0,0,990,0,0,0,0,0,0
248,2381,249.1098054081895,99997,30,18,0,1,686,366,0.010520315609468284,20,10,49470,49728,479,242,0,0,0,0,0,0,98997,0,0,3,0,0,0,0,0,0,0,997,0,0,0,0,0,0
249,2381,250.03223601881265,99997,34,19,0,1,692,371,0.010630318909567288,22,7,49463,49726,480,246,0,0,0,0,0,0,98991,0,0,3,0,0,0,0,0,0,0,1003,0,0,0,0,0,0
250,2381,251.00560423762113,99997,39,17,0,1,703,373,0.010760322809684291,14,11,49463,49721,483,249,0,0,0,0,0,0,98981,0,0,3,0,0,0,0,0,0,0,1013,0,0,0,0,0,0
251,2381,252.0874967346819,99996,34,16,1,1,707,375,0.010820432817312693,17,15,49461,49716,486,251,0,0,0,0,0,0,98969,0,0,3,0,0,0,0,0,0,0,1024,0,0,0,0,0,0
252,2381,253.32984128292648,99996,34,18,1,1,711,378,0.010890435617424697,20,14,49455,49716,489,250,0,0,0,0,0,0,98964,0,0,3,0,0,0,0,0,0,0,1029,0,0,0,0,0,0
253,2381,254.17803483391518,99996,34,16,1,1,714,378,0.0109204368174727,19,17,49454,49714,491,251,0,0,0,0,0,0,98960,0,0,4,0,0,0,0,0,0,0,1032,0,0,0,0,0,0
254,2381,255.13250804943283,99996,36,23,1,1,723,387,0.01110044401776071,12,9,49453,49714,497,252,0,0,0,0,0,0,98951,0,0,4,0,0,0,0,0,0,0,1041,0,0,0,0,0,0
255,2381,256.0806557474464,99996,31,23,1,1,728,389,0.011170446817872715,11,11,49450,49715,506,249,0,0,0,0,0,0,98939,0,0,4,0,0,0,0,0,0,0,1053,0,0,0,0,0,0
256,2381,257.12943282719607,99996,28,25,1,1,729,393,0.011220448817952719,14,7,49448,49716,508,250,0,0,0,0,0,0,98933,0,0,4,0,0,0,0,0,0,0,1059,0,0,0,0,0,0
257,2381,258.1005113537659,99996,22,21,1,1,732,396,0.011280451218048722,17,7,49442,49713,517,257,0,0,0,0,0,0,98917,0,0,4,0,0,0,0,0,0,0,1075,0,0,0,0,0,0
258,2381,259.20448595875746,99996,24,16,1,1,735,396,0.011310452418096724,18,9,49439,49711,517,262,0,0,0,0,0,0,98912,0,0,5,0,0,0,0,0,0,0,1079,0,0,0,0,0,0
259,2381,260.06381213145806,99996,18,18,1,1,736,399,0.011350454018160726,19,9,49437,49708,524,263,0,0,0,0,0,0,98904,0,0,5,0,0,0,0,0,0,0,1087,0,0,0,0,0,0
260,2381,261.08655653716744,99996,16,18,1,1,737,404,0.01141045641825673,18,9,49437,49705,527,266,0,0,0,0,0,0,98896,0,0,5,0,0,0,0,0,0,0,1095,0,0,0,0,0,0
261,2381,262.09578183531005,99996,16,15,1,1,741,405,0.011460458418336733,19,11,49434,49704,529,268,0,0,0,0,0,0,98888,0,0,5,0,0,0,0,0,0,0,1103,0,0,0,0,0,0
262,2381,263.04097592633826,99996,19,14,1,1,746,406,0.011520460818432738,15,11,49435,49703,529,270,0,0,0,0,0,0,98884,0,0,5,0,0,0,0,0,0,0,1107,0,0,0,0,0,0
263,2381,264.027943617299,99996,21,17,1,1,750,412,0.011620464818592744,12,9,49436,49701,529,271,0,0,0,0,0,0,98879,0,0,5,0,0,0,0,0,0,0,1112,0,0,0,0,0,0
264,2381,265.1329695360015,99996,18,14,1,1,753,414,0.011670466818672747,20,8,49427,49700,533,276,0,0,0,0,0,0,98868,0,0,5,0,0,0,0,0,0,0,1123,0,0,0,0,0,0
265,2381,266.1333328896044,99996,21,16,1,1,758,418,0.011760470418816752,22,4,49421,49704,534,274,0,0,0,0,0,0,98864,0,0,5,0,0,0,0,0,0,0,1127,0,0,0,0,0,0
266,2381,267.07182234688474,99996,22,15,1,1,761,421,0.011820472818912757,24,3,49416,49705,536,275,0,0,0,0,0,0,98858,0,0,5,0,0,0,0,0,0,0,1133,0,0,0,0,0,0
267,2381,268.09690188618106,99996,24,12,1,1,767,421,0.01188047521900876,20,6,49419,49704,535,276,0,0,0,0,0,0,98851,0,0,5,0,0,0,0,0,0,0,1140,0,0,0,0,0,0
268,2381,269.08477226300425,99996,31,12,1,1,775,421,0.011960478419136765,17,6,49415,49705,535,275,0,0,0,0,0,0,98850,0,0,5,0,0,0,0,0,0,0,1141,0,0,0,0,0,0
269,2381,270.00183436262756,99996,32,13,1,1,780,423,0.01203048121924877,18,5,49410,49704,538,276,0,0,0,0,0,0,98845,0,0,5,0,0,0,0,0,0,0,1146,0,0,0,0,0,0
270,2381,271.051488003472,99996,32,12,1,1,787,425,0.012120484819392775,17,7,49407,49702,542,277,0,0,0,0,0,0,98835,0,0,5,0,0,0,0,0,0,0,1156,0,0,0,0,0,0
271,2381,272.11932887333535,99996,30,12,1,1,793,425,0.01218048721948878,18,10,49402,49701,548,275,0,0,0,0,0,0,98827,0,0,5,0,0,0,0,0,0,0,1164,0,0,0,0,0,0
272,2381,273.18576915710406,99996,35,10,1,1,800,427,0.012270490819632785,13,9,49403,49702,547,277,0,0,0,0,0,0,98821,0,0,5,0,0,0,0,0,0,0,1170,0,0,0,0,0,0
273,2381,274.3007579630101,99996,32,12,1,1,801,430,0.012310492419696787,18,12,49401,49697,547,277,0,0,0,0,0,0,98816,0,0,5,0,0,0,0,0,0,0,1175,0,0,0,0,0,0
274,2381,275.0004603540264,99996,34,14,1,1,806,434,0.012400496019840794,17,12,49398,49694,549,278,0,0,0,0,0,0,98811,0,0,5,0,0,0,0,0,0,0,1180,0,0,0,0,0,0
275,2381,276.0742345373666,99996,31,15,1,1,808,437,0.012450498019920797,19,13,49396,49691,552,279,0,0,0,0,0,0,98804,0,0,5,0,0,0,0,0,0,0,1187,0,0,0,0,0,0
276,2381,277.0042166023836,99996,31,18,1,1,812,440,0.0125205008200328,15,12,49400,49690,552,278,0,0,0,0,0,0,98800,0,0,5,0,0,0,0,0,0,0,1191,0,0,0,0,0,0
277,2381,278.2123778426526,99996,27,15,1,1,814,442,0.012560502420096804,17,12,49396,49688,558,283,0,0,0,0,0,0,98789,0,0,5,0,0,0,0,0,0,0,1202,0,0,0,0,0,0
278,2381,279.0005604725888,99996,28,17,1,1,819,445,0.012640505620224809,13,10,49397,49688,560,283,0,0,0,0,0,0,98784,0,0,5,0,0,0,0,0,0,0,1207,0,0,0,0,0,0
279,2381,280.0029752456951,99996,29,17,1,1,824,446,0.012700508020320812,9,11,49400,49686,560,284,0,0,0,0,0,0,98779,0,0,5,0,0,0,0,0,0,0,1212,0,0,0,0,0,0
280,2381,281.12111354705354,99996,27,15,1,1,826,447,0.012730509220368814,11,11,49399,49686,561,286,0,0,0,0,0,0,98772,0,0,5,0,0,0,0,0,0,0,1219,0,0,0,0,0,0
281,2381,282.0278049046323,99996,28,14,1,1,830,450,0.012800512020480818,11,11,49397,49683,562,290,0,0,0,0,0,0,98765,0,0,5,0,0,0,0,0,0,0,1226,0,0,0,0,0,0
282,2381,283.04009097201424,99996,28,17,1,1,833,455,0.012880515220608825,11,12,49397,49678,562,291,0,0,0,0,0,0,98760,0,0,5,0,0,0,0,0,0,0,1231,0,0,0,0,0,0
283,2381,284.030390093586,99996,26,20,1,1,838,459,0.01297051882075283,10,10,49393,49679,569,289,0,0,0,0,0,0,98752,0,0,5,0,0,0,0,0,0,0,1239,0,0,0,0,0,0
284,2381,285.112002105868,99996,25,19,1,1,843,463,0.013060522420896836,9,11,49392,49676,572,292,0,0,0,0,0,0,98741,0,0,5,0,0,0,0,0,0,0,1250,0,0,0,0,0,0
285,2381,286.01870077452037,99996,25,18,1,1,846,467,0.01313052522100884,10,10,49389,49673,574,297,0,0,0,0,0,0,98733,0,0,5,0,0,0,0,0,0,0,1258,0,0,0,0,0,0
286,2381,287.32583338835616,99996,25,15,1,1,849,470,0.013190527621104843,11,8,49385,49672,577,303,0,0,0,0,0,0,98724,0,0,5,0,0,0,0,0,0,0,1267,0,0,0,0,0,0
287,2381,288.0538168082492,99996,23,14,1,1,851,470,0.013210528421136845,13,12,49382,49668,580,304,0,0,0,0,0,0,98719,0,0,5,0,0,0,0,0,0,0,1272,0,0,0,0,0,0
288,2381,289.03994385857686,99996,22,13,1,1,852,472,0.013240529621184847,17,14,49379,49667,580,304,0,0,0,0,0,0,98714,0,0,5,0,0,0,0,0,0,0,1277,0,0,0,0,0,0
289,2381,290.22190019393196,99996,24,13,1,1,857,475,0.013320532821312852,18,12,49375,49666,581,307,0,0,0,0,0,0,98708,0,0,5,0,0,0,0,0,0,0,1283,0,0,0,0,0,0
290,2381,291.1682421181518,99996,26,15,1,1,862,478,0.013400536021440857,16,13,49374,49662,582,308,0,0,0,0,0,0,98704,0,0,5,0,0,0,0,0,0,0,1287,0,0,0,0,0,0
291,2381,292.03871010747275,99996,21,13,1,1,864,481,0.013450538021520861,17,11,49372,49661,588,313,0,0,0,0,0,0,98692,0,0,5,0,0,0,0,0,0,0,1299,0,0,0,0,0,0
292,2381,293.04834708510384,99996,23,13,1,1,868,482,0.013500540021600864,14,11,49376,49662,585,312,0,0,0,0,0,0,98689,0,0,5,0,0,0,0,0,0,0,1302,0,0,0,0,0,0
293,2381,294.0307754335611,99996,24,13,1,1,872,483,0.013550542021680868,15,11,49372,49662,587,312,0,0,0,0,0,0,98686,0,0,6,0,0,0,0,0,0,0,1304,0,0,0,0,0,0
294,2381,295.0049766757165,99996,27,13,1,1,879,486,0.013650546021840874,10,10,49374,49662,587,313,0,0,0,0,0,0,98679,0,0,6,0,0,0,0,0,0,0,1311,0,0,0,0,0,0
295,2381,296.30025907398647,99996,25,13,1,1,883,491,0.01374054962198488,10,8,49371,49660,592,317,0,0,0,0,0,0,98668,0,0,6,0,0,0,0,0,0,0,1322,0,0,0,0,0,0
296,2381,297.08755386180326,99996,28,16,1,1,887,494,0.013810552422096884,14,7,49365,49660,591,315,0,0,0,0,0,0,98667,0,0,6,0,0,0,0,0,0,0,1323,0,0,0,0,0,0
297,2381,298.00847876968015,99996,32,12,1,1,893,497,0.01390055602224089,11,4,49366,49662,589,320,0,0,0,0,0,0,98658,0,0,6,0,0,0,0,0,0,0,1332,0,0,0,0,0,0
298,2381,299.03720619625796,99995,25,8,2,1,894,498,0.01392069603480174,12,3,49365,49663,595,324,0,0,0,0,0,0,98645,0,0,6,0,0,0,0,0,0,0,1344,0,0,0,0,0,0
299,2381,300.008432941338,99995,26,8,2,1,897,499,0.013960698034901745,11,3,49366,49662,594,325,0,0,0,0,0,0,98642,0,0,6,0,0,0,0,0,0,0,1347,0,0,0,0,0,0
300,2381,301.1054133278582,99995,33,8,2,1,905,502,0.01407070353517676,9,1,49362,49663,593,326,0,0,0,0,0,0,98638,0,0,6,0,0,0,0,0,0,0,1351,0,0,0,0,0,0
301,2381,302.0757981901432,99995,32,7,2,1,906,502,0.01408070403520176,16,1,49355,49665,594,325,0,0,0,0,0,0,98635,0,0,6,0,0,0,0,0,0,0,1354,0,0,0,0,0,0
302,2381,303.07958785421164,99995,31,7,2,1,910,502,0.014120706035301765,17,2,49355,49666,594,323,0,0,0,0,0,0,98630,0,0,6,0,0,0,0,0,0,0,1359,0,0,0,0,0,0
303,2381,304.03533773561105,99995,28,4,2,1,916,502,0.014180709035451773,15,4,49354,49665,600,325,0,0,0,0,0,0,98618,0,0,6,0,0,0,0,0,0,0,1371,0,0,0,0,0,0
304,2381,305.06862377593234,99995,28,5,2,1,921,504,0.014250712535626781,14,2,49351,49669,604,322,0,0,0,0,0,0,98612,0,0,6,0,0,0,0,0,0,0,1377,0,0,0,0,0,0
305,2381,306.1515685712894,99995,29,4,2,1,926,504,0.014300715035751787,14,4,49350,49669,604,321,0,0,0,0,0,0,98607,0,0,6,0,0,0,0,0,0,0,1382,0,0,0,0,0,0
306,2381,307.00243741403636,99995,29,3,2,1,927,504,0.01431071553577679,15,4,49349,49669,604,322,0,0,0,0,0,0,98605,0,0,6,0,0,0,0,0,0,0,1384,0,0,0,0,0,0
307,2381,308.09486404631156,99995,28,6,2,1,931,507,0.014380719035951797,15,4,49347,49667,607,321,0,0,0,0,0,0,98600,0,0,6,0,0,0,0,0,0,0,1389,0,0,0,0,0,0
308,2381,309.21940873792727,99995,27,5,2,1,935,507,0.014420721036051803,18,7,49344,49666,608,320,0,0,0,0,0,0,98595,0,0,7,0,0,0,0,0,0,0,1393,0,0,0,0,0,0
309,2381,310.0175615814035,99995,25,6,2,1,939,508,0.014470723536176809,14,7,49348,49666,610,319,0,0,0,0,0,0,98589,0,0,7,0,0,0,0,0,0,0,1399,0,0,0,0,0,0
310,2381,311.1982506844664,99995,24,6,2,1,943,509,0.014520726036301815,13,7,49346,49665,614,320,0,0,0,0,0,0,98583,0,0,7,0,0,0,0,0,0,0,1405,0,0,0,0,0,0
311,2381,312.212497071472,99995,21,9,2,1,945,512,0.014570728536426821,13,5,49346,49665,617,319,0,0,0,0,0,0,98578,0,0,7,0,0,0,0,0,0,0,1410,0,0,0,0,0,0
312,2381,313.0096567607818,99995,24,9,2,1,950,513,0.014630731536576829,13,4,49345,49665,615,320,0,0,0,0,0,0,98575,0,0,7,0,0,0,0,0,0,0,1413,0,0,0,0,0,0
313,2381,314.1669174955528,99995,25,7,2,1,953,515,0.014680734036701835,13,3,49342,49666,617,322,0,0,0,0,0,0,98569,0,0,7,0,0,0,0,0,0,0,1419,0,0,0,0,0,0
314,2381,315.19929896995205,99995,28,5,2,1,958,515,0.014730736536826841,12,3,49339,49667,618,323,0,0,0,0,0,0,98565,0,0,7,0,0,0,0,0,0,0,1423,0,0,0,0,0,0
315,2381,316.0963136962092,99995,24,5,2,1,960,516,0.014760738036901845,11,6,49346,49665,616,322,0,0,0,0,0,0,98558,0,0,7,0,0,0,0,0,0,0,1430,0,0,0,0,0,0
316,2381,317.070386288426,99995,23,6,2,1,961,517,0.014780739036951847,11,5,49348,49666,615,321,0,0,0,0,0,0,98556,0,0,7,0,0,0,0,0,0,0,1432,0,0,0,0,0,0
317,2381,318.19176557612485,99995,23,7,2,1,964,519,0.014830741537076853,11,4,49346,49667,617,320,0,0,0,0,0,0,98552,0,0,7,0,0,0,0,0,0,0,1436,0,0,0,0,0,0
318,2381,319.0336171593951,99995,18,7,2,1,967,519,0.014860743037151857,11,4,49346,49668,622,319,0,0,0,0,0,0,98544,0,0,7,0,0,0,0,0,0,0,1444,0,0,0,0,0,0
319,2381,320.0094525820401,99995,17,6,2,1,970,521,0.014910745537276863,14,4,49340,49665,625,322,1,1,1,1,0,0,98535,0,0,7,0,0,0,0,0,0,2,1451,0,0,0,0,0,0
320,2381,321.032548058151,99995,19,7,2,1,973,523,0.014960748037401871,12,3,49340,49664,624,322,2,2,2,2,0,0,98531,0,0,7,0,0,0,0,0,0,4,1453,0,0,0,0,0,0
321,2381,322.05507115833484,99995,17,6,2,1,976,523,0.014990749537476873,9,5,49345,49662,623,322,3,3,3,3,0,0,98523,0,0,7,0,0,0,0,0,0,6,1459,0,0,0,0,0,0
322,2381,323.10758119968364,99995,21,5,2,1,981,523,0.015040752037601881,8,5,49343,49661,621,323,4,4,4,4,0,0,98519,0,0,7,0,0,0,0,0,0,8,1461,0,0,0,0,0,0
323,2381,324.0031877039425,99995,21,6,2,1,983,524,0.015070753537676883,12,5,49339,49660,620,322,5,5,5,5,0,0,98515,0,0,7,0,0,0,0,0,0,10,1463,0,0,0,0,0,0
324,2381,325.1424992103212,99995,21,5,2,1,985,525,0.015100755037751887,12,6,49339,49658,619,323,6,6,6,6,0,0,98509,0,0,7,0,0,0,0,0,0,12,1467,0,0,0,0,0,0
325,2381,326.0324247948829,99995,20,5,2,1,986,526,0.015120756037801891,14,5,49338,49657,619,324,6,7,8,7,0,0,98503,0,0,7,0,0,0,0,0,0,15,1470,0,0,0,0,0,0
326,2381,327.0307829436618,99995,18,5,2,1,989,527,0.015160758037901895,13,4,49335,49656,624,324,7,9,10,8,0,0,98494,0,0,7,0,0,0,0,0,0,18,1476,0,0,0,0,0,0
327,2381,328.0721868892711,99995,14,4,2,1,992,527,0.015190759537976899,12,5,49335,49655,628,323,8,11,12,9,0,0,98484,0,0,8,0,0,0,0,0,0,21,1482,0,0,0,0,0,0
328,2381,329.02541383080126,99995,17,4,2,1,995,527,0.015220761038051903,10,5,49334,49654,627,321,9,14,15,10,0,0,98480,0,0,8,0,0,0,0,0,0,25,1482,0,0,0,0,0,0
329,2381,330.001706684044,99995,20,4,2,1,999,527,0.015260763038151907,7,6,49333,49650,627,321,10,17,18,11,0,0,98475,0,0,8,0,0,0,0,0,0,29,1483,0,0,0,0,0,0
330,2381,331.01135715590783,99995,19,4,2,1,1001,527,0.015280764038201911,8,6,49330,49648,629,319,11,21,22,12,0,0,98467,0,0,8,0,0,0,0,0,0,34,1486,0,0,0,0,0,0
331,2381,332.0014018663717,99995,18,4,2,1,1003,528,0.015310765538276913,7,7,49330,49642,630,319,12,26,27,13,0,0,98457,0,0,8,0,0,0,0,0,0,40,1490,0,0,0,0,0,0
332,2381,333.1289125743904,99995,18,9,2,1,1006,533,0.015390769538476923,6,6,49330,49638,630,315,13,30,32,14,0,0,98448,0,0,8,0,0,0,0,0,0,46,1493,0,0,0,0,0,0
333,2381,334.1094921785759,99995,19,10,2,1,1010,535,0.015450772538626931,4,8,49330,49629,630,315,14,36,38,15,0,0,98437,0,0,8,0,0,0,0,0,0,53,1497,0,0,0,0,0,0
334,2381,335.0197544410921,99995,19,11,2,1,1014,538,0.01552077603880194,5,5,49329,49623,629,317,15,42,45,16,0,0,98423,0,0,8,0,0,0,0,0,0,61,1503,0,0,0,0,0,0
335,2381,336.00637048151106,99995,17,12,2,1,1016,539,0.015550777538876943,4,4,49328,49617,632,315,16,50,53,17,0,0,98410,0,0,8,0,0,0,0,0,0,70,1507,0,0,0,0,0,0
336,2381,337.06026242638126,99995,18,10,2,1,1017,539,0.015560778038901945,5,5,49326,49608,631,316,17,59,62,18,0,0,98398,0,0,8,0,0,0,0,0,0,80,1509,0,0,0,0,0,0
337,2381,338.01750088231057,99995,14,10,2,1,1017,539,0.015560778038901945,9,8,49323,49595,633,316,18,69,72,19,0,0,98383,0,0,8,0,0,0,0,0,0,91,1513,0,0,0,0,0,0
338,2381,339.06324807663884,99995,14,12,2,1,1019,542,0.015610780539026951,11,5,49322,49585,631,316,19,80,83,20,0,0,98368,0,0,8,0,0,0,0,0,0,103,1516,0,0,0,0,0,0
339,2381,340.0133894312528,99995,8,8,2,1,1020,543,0.015630781539076953,11,5,49324,49577,634,317,20,91,95,21,0,0,98343,0,0,8,0,0,0,0,0,0,116,1528,0,0,0,0,0,0
340,2381,341.0083476636869,99995,9,9,2,1,1023,547,0.01570078503925196,8,1,49324,49566,635,319,21,103,108,22,0,0,98325,0,0,9,0,0,0,0,0,0,130,1531,0,0,0,0,0,0
341,2381,342.0273604501951,99995,12,9,2,1,1027,548,0.01575078753937697,6,2,49321,49550,635,320,23,117,122,24,0,0,98307,0,0,9,0,0,0,0,0,0,146,1533,0,0,0,0,0,0
342,2381,343.06851468827364,99995,13,8,2,1,1028,548,0.01576078803940197,6,3,49321,49535,632,321,25,131,137,26,0,0,98290,0,0,9,0,0,0,0,0,0,162,1533,1,0,0,0,0,0
343,2381,344.3174510683099,99995,13,9,2,1,1032,549,0.015810790539526977,5,5,49318,49517,634,321,27,146,154,28,0,0,98267,0,0,9,0,0,0,0,0,0,181,1537,1,0,0,0,0,0
344,2381,345.06159220043173,99995,13,9,2,1,1035,552,0.015870793539676985,3,3,49315,49498,637,324,29,164,172,30,0,0,98241,0,0,9,0,0,0,0,0,0,201,1543,1,0,0,0,0,0
345,2381,346.0197128818774,99995,13,7,2,1,1036,553,0.015890794539726985,4,3,49311,49478,638,326,31,184,192,32,0,0,98215,0,0,9,0,0,0,0,0,0,223,1547,1,0,0,0,0,0
346,2381,347.2238299242533,99995,10,6,2,1,1038,553,0.01591079553977699,3,4,49310,49456,641,327,33,205,213,34,0,0,98186,0,0,9,0,0,0,0,0,0,246,1553,1,0,0,0,0,0
347,2381,348.08237221060006,99995,10,7,2,1,1039,554,0.015930796539826993,3,3,49306,49434,642,326,36,228,236,37,0,0,98159,0,0,9,0,0,0,0,0,0,272,1554,1,0,0,0,0,0
348,2381,349.2166110299417,99995,10,7,2,1,1040,555,0.015950797539876993,4,4,49302,49411,642,325,39,251,260,40,0,0,98130,0,0,9,0,0,0,0,0,0,299,1556,1,0,0,0,0,0
349,2381,350.08811393772186,99995,10,6,2,1,1041,557,0.015980799039951997,7,2,49297,49388,641,326,42,276,286,43,0,0,98097,0,0,9,0,0,0,0,0,0,328,1560,1,0,0,0,0,0
350,2381,351.2260682191674,99995,12,7,2,1,1045,558,0.016030801540077005,5,2,49296,49360,639,325,45,304,314,46,0,0,98064,0,0,9,0,0,0,0,0,0,359,1562,1,0,0,0,0,0
351,2381,352.144082044708,99995,11,8,2,1,1045,560,0.016050802540127005,5,1,49294,49333,638,324,49,332,343,50,0,0,98029,0,0,9,0,0,0,0,0,0,392,1564,1,0,0,0,0,0
352,2381,353.23088885401734,99995,14,8,2,1,1048,560,0.01608080404020201,6,2,49290,49303,634,323,53,362,374,54,0,0,97995,0,0,9,0,0,0,0,0,0,426,1563,2,0,0,0,0,0
353,2381,354.00152316407934,99995,11,5,2,1,1049,560,0.016090804540227013,9,3,49287,49274,633,323,57,393,407,58,0,0,97951,0,0,9,0,0,0,0,0,0,463,1570,2,0,0,0,0,0
354,2381,355.0676615616336,99995,11,4,2,1,1050,560,0.016100805040252013,8,4,49286,49242,631,324,61,424,442,63,0,0,97909,0,0,9,0,0,0,0,0,0,503,1572,2,0,0,0,0,0
355,2381,356.0870923639425,99995,12,5,2,1,1053,562,0.01615080754037702,9,3,49278,49205,632,325,66,460,479,68,0,0,97864,0,0,9,0,0,0,0,0,0,545,1575,2,0,0,0,0,0
356,2381,357.09955577609554,99995,12,6,2,1,1055,563,0.01618080904045202,9,2,49272,49166,634,325,70,499,518,73,0,0,97818,0,0,9,0,0,0,0,0,0,589,1577,2,0,0,0,0,0
357,2381,358.1693250253219,99995,11,4,2,1,1056,563,0.016190809540477025,11,2,49263,49127,636,326,76,539,559,79,0,0,97769,0,0,9,0,0,0,0,0,0,634,1579,4,0,0,0,0,0
358,2381,359.3028421664853,99995,14,4,2,1,1059,563,0.01622081104055203,11,2,49254,49087,636,325,82,580,602,85,0,0,97721,0,0,9,0,0,0,0,0,0,682,1578,5,0,0,0,0,0
359,2381,360.03179257095184,99995,15,3,2,1,1063,563,0.016260813040652033,10,2,49246,49045,638,325,88,623,647,91,0,0,97666,0,0,9,0,0,0,0,0,0,733,1582,5,0,0,0,0,0
360,2381,361.06454679660277,99995,15,3,2,1,1065,563,0.016280814040702037,13,2,49237,49007,637,321,95,665,695,98,0,0,97609,0,0,9,0,0,0,0,0,0,788,1584,5,0,0,0,0,0
361,2381,362.02823334897664,99995,16,3,2,1,1069,564,0.01633081654082704,12,1,49229,48959,638,321,102,714,745,105,0,0,97549,0,0,9,0,0,0,0,0,0,844,1587,6,0,0,0,0,0
362,2381,363.3425553230843,99995,20,2,2,1,1074,564,0.01638081904095205,11,2,49219,48912,637,321,110,761,797,113,0,0,97488,0,0,9,0,0,0,0,0,0,903,1588,7,0,0,0,0,0
363,2381,364.25539654124134,99995,21,3,2,1,1077,565,0.016420821041052053,10,2,49212,48859,636,320,118,814,852,121,0,0,97423,0,0,9,0,0,0,0,0,0,966,1590,7,0,0,0,0,0
364,2381,365.00532822938914,99995,20,4,2,1,1078,566,0.016440822041102057,11,1,49204,48808,637,318,125,867,909,130,0,0,97355,0,0,9,0,0,0,0,0,0,1032,1592,7,0,0,0,0,0
365,2381,366.0262184936828,99995,19,4,2,1,1080,566,0.016460823041152057,10,2,49195,48751,639,317,134,924,968,139,0,0,97287,0,0,10,0,0,0,0,0,0,1098,1591,9,0,0,0,0,0
366,2381,367.2148156932998,99995,18,5,2,1,1082,567,0.01649082454122706,12,2,49184,48698,640,314,143,979,1030,149,0,0,97214,0,0,11,0,0,0,0,0,0,1169,1591,10,0,0,0,0,0
367,2381,368.2722957848582,99995,17,5,2,1,1088,567,0.01655082754137707,9,4,49173,48635,644,313,154,1041,1094,160,0,0,97133,0,0,11,0,0,0,0,0,0,1243,1597,11,0,0,0,0,0
368,2381,369.08977327930165,99995,13,5,2,1,1088,567,0.01655082754137707,9,5,49163,48571,647,312,165,1105,1161,171,0,0,97053,0,0,11,0,0,0,0,0,0,1319,1599,13,0,0,0,0,0
369,2381,370.01789291520987,99995,12,7,2,1,1090,569,0.016590829541477073,9,3,49152,48507,649,309,175,1172,1231,183,0,0,96969,0,0,11,0,0,0,0,0,0,1400,1601,14,0,0,0,0,0
370,2381,371.0948996267389,99995,10,5,2,1,1091,570,0.016610830541527077,12,3,49140,48434,649,312,186,1244,1303,195,0,0,96881,0,0,11,0,0,0,0,0,0,1482,1605,16,0,0,0,0,0
371,2381,372.0355503837369,99995,11,7,2,1,1094,572,0.01666083304165208,10,2,49129,48366,648,309,199,1314,1378,208,0,0,96791,0,0,11,0,0,0,0,0,0,1570,1607,16,0,0,0,0,0
372,2381,373.1425647206214,99995,10,7,2,1,1096,574,0.01670083504175209,11,3,49115,48294,649,310,212,1384,1456,222,0,0,96694,0,0,11,0,0,0,0,0,0,1662,1612,16,0,0,0,0,0
373,2381,374.00504001882837,99995,10,7,2,1,1097,575,0.01672083604180209,11,2,49101,48220,649,309,226,1460,1536,236,0,0,96601,0,0,11,0,0,0,0,0,0,1753,1611,19,0,0,0,0,0
374,2381,375.31400786753596,99995,12,7,2,1,1099,576,0.016750837541877093,9,2,49088,48149,647,308,241,1532,1619,251,0,0,96505,0,0,11,0,0,0,0,0,0,1848,1609,22,0,0,0,0,0
375,2381,376.1399478887475,99995,12,7,2,1,1100,577,0.016770838541927097,10,3,49072,48067,647,307,256,1614,1705,267,0,0,96402,0,0,11,0,0,0,0,0,0,1949,1610,23,0,0,0,0,0
376,2381,377.01359961845577,99995,12,7,2,1,1101,579,0.0168008400420021,9,2,49057,47985,648,308,271,1696,1794,284,0,0,96294,0,0,11,0,0,0,0,0,0,2054,1612,24,0,0,0,0,0
377,2381,378.088704876232,99995,16,8,2,1,1105,580,0.016850842542127105,9,1,49036,47907,647,303,289,1779,1885,302,0,0,96189,0,0,11,0,0,0,0,0,0,2159,1608,28,0,0,0,0,0
378,2381,379.1785540796673,99995,15,7,2,1,1107,580,0.01687084354217711,8,3,49024,47820,644,303,306,1865,1979,320,0,0,96073,0,0,11,0,0,0,0,0,0,2271,1612,28,0,0,0,0,0
379,2381,380.0920619129252,99995,17,6,2,1,1110,580,0.016900845042252113,8,5,49006,47725,641,301,325,1961,2076,339,0,0,95958,0,0,11,0,0,0,0,0,0,2384,1611,31,0,0,0,0,0
380,2381,381.26722278043854,99995,17,7,2,1,1112,582,0.016940847042352117,11,3,48985,47635,641,299,343,2054,2176,359,0,0,95835,0,0,11,0,0,0,0,0,0,2504,1614,31,0,0,0,0,0
381,2381,382.2049042947633,99995,19,6,2,1,1116,583,0.016990849542477125,8,4,48966,47543,641,301,363,2144,2279,380,0,0,95709,0,0,11,0,0,0,0,0,0,2626,1616,33,0,0,0,0,0
382,2381,383.0185427084024,99995,19,7,2,1,1118,585,0.01703085154257713,8,4,48946,47442,639,302,385,2243,2385,402,0,0,95578,0,0,11,0,0,0,0,0,0,2754,1619,33,0,0,0,0,0
383,2381,384.1771175173037,99995,17,7,2,1,1118,588,0.017060853042652133,16,3,48920,47337,637,304,407,2347,2494,425,0,0,95443,0,0,11,0,0,0,0,0,0,2884,1622,35,0,0,0,0,0
384,2381,385.3079433502701,99995,19,7,2,1,1122,589,0.01711085554277714,15,3,48899,47234,635,302,429,2452,2606,449,0,0,95307,0,0,11,0,0,0,0,0,0,3017,1622,38,0,0,0,0,0
385,2381,386.00956937599625,99995,15,8,2,1,1123,590,0.01713085654282714,17,2,48873,47124,640,302,452,2562,2721,474,0,0,95162,0,0,11,0,0,0,0,0,0,3157,1627,38,0,0,0,0,0
386,2381,387.1192310178072,99995,15,8,2,1,1125,591,0.017160858042902145,17,6,48853,47023,637,297,475,2664,2839,500,0,0,95018,0,0,11,0,0,0,0,0,0,3298,1627,41,0,0,0,0,0
387,2381,388.1452474043387,99995,17,7,2,1,1128,592,0.01720086004300215,19,5,48824,46913,636,297,501,2776,2960,527,0,0,94871,0,0,11,0,0,0,0,0,0,3442,1626,45,0,0,0,0,0
388,2381,389.2037096200103,99995,16,7,2,1,1132,592,0.017240862043102156,17,5,48798,46801,637,296,529,2889,3084,555,0,0,94715,0,0,11,0,0,0,0,0,0,3593,1630,46,0,0,0,0,0
389,2381,390.0116008568907,99995,18,7,2,1,1138,593,0.017310865543277165,11,5,48771,46683,640,295,557,3008,3211,584,0,0,94556,0,0,11,0,0,0,0,0,0,3747,1633,48,0,0,0,0,0
390,2381,391.06246170556244,99995,20,7,2,1,1143,593,0.01736086804340217,8,6,48744,46568,640,295,585,3122,3341,614,0,0,94395,0,0,11,0,0,0,0,0,0,3905,1634,50,0,0,0,0,0
391,2381,392.0789478976923,99995,17,6,2,1,1144,593,0.017370868543427172,10,6,48711,46448,643,295,616,3243,3474,645,0,0,94228,0,0,11,0,0,0,0,0,0,4067,1637,52,0,0,0,0,0
392,2381,393.1088164160073,99995,15,7,2,1,1146,594,0.017400870043502176,10,7,48681,46325,643,291,648,3368,3610,678,0,0,94056,0,0,11,0,0,0,0,0,0,4235,1640,53,0,0,0,0,0
393,2381,394.2686541579803,99995,16,9,2,1,1149,596,0.01745087254362718,9,6,48648,46204,642,284,682,3495,3749,712,0,0,93884,0,0,11,0,0,0,0,0,0,4405,1639,56,0,0,0,0,0
394,2381,395.2852739801553,99995,16,9,2,1,1151,597,0.017480874043702185,8,8,48614,46068,642,284,717,3629,3891,747,0,0,93704,0,0,11,0,0,0,0,0,0,4582,1642,56,0,0,0,0,0
395,2381,396.0902155469303,99995,16,10,2,1,1153,599,0.01752087604380219,9,6,48580,45942,641,282,751,3758,4036,783,0,0,93522,0,0,11,0,0,0,0,0,0,4761,1643,58,0,0,0,0,0
396,2381,397.05913812311314,99995,14,13,2,1,1155,603,0.017580879043952197,13,5,48543,45807,642,278,785,3895,4184,821,0,0,93335,0,0,11,0,0,0,0,0,0,4943,1644,62,0,0,0,0,0
397,2381,398.09005125321255,99995,12,12,2,1,1158,604,0.017620881044052204,14,4,48505,45668,644,279,822,4035,4335,860,0,0,93140,0,0,11,0,0,0,0,0,0,5131,1649,64,0,0,0,0,0
398,2381,399.0930812968443,99995,14,12,2,1,1161,606,0.01767088354417721,14,2,48467,45529,641,278,861,4177,4489,900,0,0,92946,0,0,11,0,0,0,0,0,0,5322,1649,67,0,0,0,0,0
399,2381,400.1788171593861,99995,17,10,2,1,1165,608,0.017730886544327217,16,0,48428,45388,637,278,899,4322,4645,942,0,0,92746,0,0,11,0,0,0,0,0,0,5517,1651,70,0,0,0,0,0
400,2381,401.0449670051224,99995,17,7,2,1,1168,608,0.01776088804440222,17,0,48384,45240,639,278,940,4473,4804,985,0,0,92541,0,0,11,0,0,0,0,0,0,5716,1654,73,0,0,0,0,0
401,2381,402.30710657469365,99995,12,4,2,1,1171,608,0.017790889544477224,16,1,48340,45094,645,280,984,4619,4966,1030,0,0,92324,0,0,11,0,0,0,0,0,0,5922,1664,74,0,0,0,0,0
402,2381,403.06308455431173,99995,14,5,2,1,1173,610,0.01783089154457723,14,1,48299,44948,644,279,1026,4765,5131,1076,0,0,92114,0,0,11,0,0,0,0,0,0,6131,1663,76,0,0,0,0,0
403,2381,404.0088267606537,99995,17,4,2,1,1177,611,0.017880894044702236,13,0,48254,44796,643,279,1070,4919,5299,1123,0,0,91897,0,0,11,0,0,0,0,0,0,6345,1665,77,0,0,0,0,0
404,2381,405.15625279734235,99995,16,4,2,1,1180,611,0.01791089554477724,12,1,48209,44638,645,278,1115,5077,5470,1172,0,0,91674,0,0,11,0,0,0,0,0,0,6564,1668,78,0,0,0,0,0
405,2381,406.17442590532255,99995,21,3,2,1,1185,611,0.017960898044902245,9,2,48161,44489,644,277,1162,5227,5644,1222,0,0,91451,0,0,11,0,0,0,0,0,0,6786,1667,80,0,0,0,0,0
406,2381,407.0889579350612,99995,22,4,2,1,1188,612,0.01800090004500225,9,5,48109,44325,643,275,1214,5389,5820,1274,0,0,91224,0,0,11,0,0,0,0,0,0,7011,1666,83,0,0,0,0,0
407,2381,408.0075598883209,99995,21,5,2,1,1189,615,0.018040902045102256,9,4,48062,44159,642,277,1263,5553,5999,1328,0,0,90988,0,0,11,0,0,0,0,0,0,7243,1669,84,0,0,0,0,0
408,2381,409.30254132834267,99995,18,4,2,1,1189,615,0.018040902045102256,11,6,48018,43992,639,276,1311,5720,6181,1383,0,0,90752,0,0,11,0,0,0,0,0,0,7475,1668,89,0,0,0,0,0
409,2381,410.31252800870334,99995,18,7,2,1,1192,619,0.018110905545277264,9,3,47968,43821,639,277,1363,5890,6365,1440,0,0,90509,0,0,11,0,0,0,0,0,0,7714,1670,91,0,0,0,0,0
410,2381,411.02848981738833,99995,20,6,2,1,1195,620,0.01815090754537727,8,2,47913,43658,638,277,1418,6055,6552,1498,0,0,90264,0,0,11,0,0,0,0,0,0,7956,1670,94,0,0,0,0,0
411,2381,412.02409979636286,99995,21,7,2,1,1197,621,0.018180909045452272,10,2,47854,43486,635,275,1477,6228,6741,1558,0,0,90019,0,0,11,0,0,0,0,0,0,8200,1666,99,0,0,0,0,0
412,2381,413.0186453781045,99995,22,6,2,1,1199,621,0.018200910045502276,15,2,47795,43318,632,273,1533,6399,6933,1620,0,0,89767,0,0,11,0,0,0,0,0,0,8450,1664,103,0,0,0,0,0
413,2381,414.0080270956775,99995,17,6,2,1,1201,621,0.018220911045552277,14,2,47735,43143,637,272,1594,6575,7127,1683,0,0,89506,0,0,11,0,0,0,0,0,0,8704,1668,106,0,0,0,0,0
414,2381,415.0333954690963,99995,15,3,2,1,1202,621,0.01823091154557728,15,4,47676,42969,637,274,1654,6748,7324,1748,0,0,89241,0,0,11,0,0,0,0,0,0,8963,1671,109,0,0,0,0,0
415,2381,416.06540000123704,99995,16,2,2,1,1205,621,0.018260913045652284,17,5,47616,42789,637,273,1711,6929,7523,1815,0,0,88973,0,0,12,0,0,0,0,0,0,9229,1672,109,0,0,0,0,0
416,2381,417.0030485689063,99995,16,3,2,1,1207,622,0.018290914545727285,16,4,47551,42604,637,271,1777,7116,7725,1884,0,0,88703,0,0,12,0,0,0,0,0,0,9497,1671,112,0,0,0,0,0
417,2381,418.2179406548617,99995,13,4,2,1,1209,623,0.01832091604580229,16,4,47495,42434,635,268,1838,7288,7929,1954,0,0,88433,0,0,12,0,0,0,0,0,0,9762,1667,121,0,0,0,0,0
418,2381,419.15078972423447,99995,14,4,2,1,1211,623,0.018340917045852292,14,4,47432,42249,634,265,1903,7476,8135,2026,0,0,88163,0,0,12,0,0,0,0,0,0,10031,1659,130,0,0,0,0,0
419,2381,420.02243404810764,99995,16,5,2,1,1215,624,0.0183909195459773,38,30,47348,42054,630,263,1965,7646,8343,2100,0,0,87884,0,0,12,0,0,0,0,0,0,10308,1656,135,0,0,0,0,0
420,2381,421.0158263829581,99995,15,8,2,1,1218,627,0.018450922546127305,38,29,47277,41858,629,262,2038,7841,8554,2176,0,0,87596,4,0,12,0,0,0,0,0,0,10592,1653,138,0,0,0,0,0
421,2381,422.393655128448,99995,23,18,2,1,1235,638,0.01873093654682734,29,25,47212,41694,633,254,2100,8007,8767,2254,0,0,87303,14,0,12,0,0,0,0,0,0,10875,1645,146,0,0,0,0,0
422,2381,423.2334650053666,99995,21,19,2,1,1236,641,0.018770938546927348,32,26,47134,41492,635,252,2175,8209,8982,2333,0,0,87012,19,0,12,0,0,0,0,0,0,11161,1637,154,0,0,0,0,0
423,2381,424.1734849448807,99995,31,23,2,1,1249,648,0.018970948547427372,24,23,47053,41317,636,251,2253,8384,9199,2414,0,0,86715,24,1,12,0,0,0,0,0,0,11452,1631,160,0,0,0,0,0
424,2381,425.38762368513636,99995,30,26,2,1,1253,654,0.019070953547677384,27,18,46968,41126,639,251,2333,8577,9418,2497,0,0,86409,32,1,12,0,0,0,0,0,0,11750,1627,164,0,0,0,0,0
425,2381,426.2201953350241,99995,39,24,2,1,1265,657,0.019220961048052404,24,22,46893,40935,638,253,2403,8764,9639,2582,0,0,86103,39,2,12,0,0,0,0,0,0,12048,1620,171,0,0,0,0,0
426,2381,427.03209372299193,99995,43,24,2,1,1271,657,0.01928096404820241,19,24,46810,40736,639,252,2486,8962,9861,2669,0,0,85794,41,2,12,0,0,0,0,0,0,12355,1618,173,0,0,0,0,0
427,2381,428.3496519373668,99995,48,38,2,1,1287,674,0.019610980549027452,25,22,46722,40536,645,251,2557,9151,10085,2758,0,0,85471,53,4,12,0,0,0,0,0,0,12664,1616,175,0,0,0,0,0
428,2381,429.16434090918074,99995,51,40,2,1,1294,678,0.019720986049302464,27,20,46632,40331,643,249,2644,9358,10311,2849,0,0,85158,56,7,12,0,0,0,0,0,0,12971,1609,182,0,0,0,0,0
429,2381,430.1413192138094,99995,47,41,2,1,1297,682,0.019790989549477472,26,17,46543,40125,647,251,2734,9564,10539,2942,0,0,84832,65,7,13,0,0,0,0,0,0,13288,1604,186,0,0,0,0,0
430,2381,431.2311434529475,99995,51,40,2,1,1308,689,0.019970998549927496,28,19,46456,39938,650,255,2812,9746,10768,3037,0,0,84500,77,10,13,0,0,0,0,0,0,13605,1600,190,0,0,0,0,0
431,2381,432.3488058519124,99995,54,42,2,1,1318,695,0.020131006550327516,28,19,46367,39724,654,258,2894,9955,10999,3133,0,0,84165,87,11,13,0,0,0,0,0,0,13929,1598,192,0,0,0,0,0
432,2381,433.2007510872937,99995,44,43,2,1,1322,702,0.020241012050602532,32,18,46273,39521,666,262,2982,10154,11231,3231,0,0,83826,104,13,14,0,0,0,0,0,0,14249,1589,200,0,0,0,0,0
433,2381,434.06158824978684,99995,45,45,2,1,1327,708,0.020351017550877544,34,16,46176,39324,667,265,3075,10348,11464,3331,0,0,83492,112,13,14,0,0,0,0,0,0,14575,1582,207,0,0,0,0,0
434,2381,435.0204073633975,99995,43,46,2,1,1335,714,0.02049102455122756,33,14,46078,39117,673,268,3170,10553,11699,3433,0,0,83144,127,13,14,0,0,0,0,0,0,14908,1578,211,0,0,0,0,0
435,2381,436.2565794750525,99995,44,40,2,1,1346,715,0.020611030551527576,30,17,45980,38908,677,275,3266,10758,11935,3537,0,0,82792,142,14,15,0,0,0,0,0,0,15244,1574,214,0,0,0,0,0
436,2381,437.1054503666539,99995,50,34,2,1,1360,719,0.0207910395519776,31,17,45880,38704,679,279,3357,10964,12172,3643,0,0,82441,158,15,16,0,0,0,0,0,0,15578,1565,222,0,0,0,0,0
437,2381,438.1082882308534,99995,53,39,2,1,1364,726,0.020901045052252612,37,14,45770,38496,678,277,3459,11172,12410,3751,0,0,82101,160,16,15,1,0,0,0,0,0,15915,1558,229,0,0,0,0,0
438,2381,439.36670432553456,99995,61,36,2,1,1382,729,0.02111105555277764,39,22,45666,38335,684,278,3547,11327,12650,3861,0,0,81746,173,19,15,1,0,0,0,0,0,16254,1550,237,0,0,0,0,0
439,2381,440.1999609431966,99995,59,34,2,1,1391,729,0.02120106005300265,34,30,45565,38124,690,278,3649,11532,12891,3973,0,0,81385,185,20,15,1,0,0,0,0,0,16602,1546,241,0,0,0,0,0
440,2381,441.03507369207324,99995,59,34,2,1,1397,733,0.021301065053252664,37,29,45455,37905,694,279,3752,11751,13133,4087,0,0,81026,195,20,15,1,0,0,0,0,0,16951,1539,248,0,0,0,0,0
441,2381,442.29121229068744,99995,52,41,2,1,1405,743,0.021481074053702684,45,24,45341,37704,703,279,3856,11950,13375,4203,0,0,80661,208,25,15,1,0,0,0,0,0,17298,1533,254,0,0,0,0,0
442,2381,443.1303709706089,99995,52,38,2,1,1426,745,0.021711085554277715,32,29,45230,37483,722,282,3961,12166,13618,4321,0,0,80279,231,27,16,1,0,0,0,0,0,17655,1530,256,0,0,0,0,0
443,2381,444.3928188339416,99995,53,41,2,1,1434,752,0.021861093054652732,38,33,45115,37285,726,283,4065,12356,13862,4441,0,0,79911,238,30,17,1,0,0,0,0,0,18013,1526,259,0,0,0,0,0
444,2381,445.23619803298214,99995,48,40,2,1,1436,756,0.02192109605480274,44,32,45004,37087,730,286,4171,12553,14107,4563,0,0,79538,249,31,17,1,0,0,0,0,0,18374,1521,264,0,0,0,0,0
445,2381,446.0816888434126,99995,47,38,2,1,1442,765,0.02207110355517776,46,25,44891,36882,730,295,4283,12758,14352,4687,0,0,79160,262,36,17,1,0,0,0,0,0,18734,1517,268,0,0,0,0,0
446,2381,447.35368698277375,99995,48,39,2,1,1454,771,0.02225111255562778,46,24,44775,36701,737,295,4391,12939,14598,4813,0,0,78786,271,40,20,1,0,0,0,0,0,19095,1507,275,0,0,0,0,0
447,2381,448.2034998755871,99995,56,37,2,1,1467,775,0.022421121056052803,42,25,44654,36512,738,298,4507,13126,14845,4941,0,0,78408,278,44,20,1,0,0,0,0,0,19462,1503,279,0,0,0,0,0
448,2381,449.0555977545898,99995,57,40,2,1,1476,780,0.02256112805640282,43,26,44525,36294,744,298,4628,13340,15092,5070,0,0,78028,286,46,20,1,0,0,0,0,0,19832,1499,283,0,0,0,0,0
449,2381,450.33786404019054,99995,59,39,2,1,1491,783,0.022741137056852843,45,29,44403,36103,755,296,4735,13531,15340,5201,0,0,77644,296,53,20,1,0,0,0,0,0,20199,1494,288,0,0,0,0,0
450,2381,451.194595985838,99995,68,40,2,1,1505,790,0.022951147557377868,45,28,44272,35889,755,301,4857,13740,15588,5334,0,0,77264,302,58,20,1,0,0,0,0,0,20568,1487,295,0,0,0,0,0
451,2381,452.0538286006324,99995,68,46,2,1,1514,801,0.023151157557877895,44,23,44147,35697,759,299,4979,13933,15836,5469,0,0,76879,314,60,20,1,0,0,0,0,0,20939,1477,305,0,0,0,0,0
452,2381,453.3469097286574,99995,72,50,2,1,1531,813,0.02344117205860293,45,19,44013,35494,770,305,5097,14130,16084,5606,0,0,76479,331,63,21,1,0,0,0,0,0,21319,1474,307,0,0,0,0,0
453,2381,454.3202730467756,99995,74,49,2,1,1542,816,0.023581179058952947,43,18,43887,35293,774,306,5219,14332,16333,5745,0,0,76086,340,67,21,1,0,0,0,0,0,21699,1470,311,0,0,0,0,0
454,2381,455.2406300968194,99995,72,48,2,1,1545,823,0.02368118405920296,47,17,43756,35078,772,312,5350,14543,16582,5885,0,0,75697,351,69,21,1,0,0,0,0,0,22075,1459,322,0,0,0,0,0
455,2381,456.1247668290619,99995,77,45,2,1,1561,830,0.023911195559777988,40,20,43635,34891,780,315,5465,14727,16831,6027,0,0,75301,366,73,22,1,0,0,0,0,0,22451,1448,333,0,0,0,0,0
456,2381,457.4319389387296,99995,72,47,2,1,1569,837,0.024061203060153007,41,19,43509,34688,785,317,5590,14927,17080,6171,0,0,74904,378,79,22,1,0,0,0,0,0,22830,1440,341,0,0,0,0,0
457,2381,458.0112687468141,99995,67,50,2,1,1571,843,0.02414120706035302,53,19,43369,34472,789,313,5719,15144,17329,6317,0,0,74512,383,84,22,1,0,0,0,0,0,23212,1432,349,0,0,0,0,0
458,2381,459.08192348199225,99995,78,43,2,1,1600,847,0.02447122356117806,53,30,43228,34282,802,320,5836,15323,17578,6465,0,0,74096,407,88,23,1,0,0,0,0,0,23600,1426,354,0,0,0,0,0
459,2381,460.4022248168508,99995,83,47,2,1,1624,859,0.024831241562078103,55,32,43093,34077,816,328,5950,15514,17826,6614,0,0,73679,430,91,23,2,0,0,0,0,0,23991,1423,356,0,0,0,0,0
460,2381,461.28469763791446,99995,77,48,2,1,1632,868,0.025001250062503127,61,31,42955,33886,822,329,6082,15704,18074,6765,0,0,73270,447,96,23,2,0,0,0,0,0,24378,1416,363,0,0,0,0,0
461,2381,462.1698943716118,99995,84,50,2,1,1647,878,0.025251262563128155,59,26,42815,33692,828,333,6211,15897,18322,6918,0,0,72867,457,101,24,2,0,0,0,0,0,24766,1407,371,0,0,0,0,0
462,2381,463.057959358862,99995,81,49,2,1,1656,885,0.025411270563528175,63,25,42676,33500,836,338,6341,16086,18570,7072,0,0,72459,469,109,24,2,0,0,0,0,0,25154,1401,377,0,0,0,0,0
463,2381,464.39504759194347,99995,92,52,2,1,1680,897,0.025771288564428223,66,25,42540,33314,841,341,6458,16266,18817,7228,0,0,72050,485,115,24,2,0,0,0,0,0,25541,1391,387,0,0,0,0,0
464,2381,465.2887331078357,99995,102,47,2,1,1699,903,0.02602130106505325,67,27,42397,33102,843,352,6588,16470,19064,7385,0,0,71640,498,120,26,2,0,0,0,0,0,25933,1382,394,0,0,0,0,0
465,2381,466.1854197450643,99995,105,41,2,1,1718,905,0.02623131156557828,69,35,42238,32892,851,357,6734,16673,19311,7544,0,0,71219,518,124,26,2,0,0,0,0,0,26330,1377,399,0,0,0,0,0
466,2381,467.0852307595685,99994,104,43,3,1,1729,911,0.026401584095045703,71,37,42088,32694,857,357,6876,16867,19557,7704,0,0,70808,527,130,26,2,0,0,0,0,0,26725,1372,404,0,0,0,0,0
467,2381,468.44060238336704,99994,111,51,3,1,1757,928,0.0268516110966658,61,33,41948,32528,875,359,7001,17027,19803,7866,0,0,70388,545,141,27,2,0,0,0,0,0,27116,1365,410,0,0,0,0,0
468,2381,469.34664159459874,99994,112,50,3,1,1771,936,0.02707162429745785,58,35,41807,32327,882,363,7137,17223,20048,8029,0,0,69974,561,147,26,3,0,0,0,0,0,27508,1356,419,0,0,0,0,0
469,2381,470.2558965233318,99994,111,54,3,1,1782,944,0.027261635698141887,66,38,41652,32137,883,361,7284,17408,20292,8194,0,0,69563,569,155,26,3,0,0,0,0,0,27903,1350,425,0,0,0,0,0
470,2381,471.16830159501956,99994,118,57,3,1,1803,953,0.027561653699221953,72,35,41490,31937,890,364,7426,17605,20536,8360,0,0,69147,581,163,26,3,0,0,0,0,0,28299,1344,431,0,0,0,0,0
471,2381,472.0841739551732,99994,117,55,3,1,1816,961,0.027771666299977998,76,34,41339,31734,896,371,7568,17804,20779,8528,0,0,68728,593,175,26,3,0,0,0,0,0,28694,1340,435,0,0,0,0,0
472,2381,473.00337129316125,99994,119,56,3,1,1837,971,0.028081684901094067,73,37,41186,31543,909,374,7709,17988,21021,8697,0,0,68304,614,181,27,3,0,0,0,0,0,29091,1331,443,0,0,0,0,0
473,2381,474.3880293020272,99994,122,50,3,1,1867,978,0.028451707102426147,69,43,41039,31383,933,383,7833,18139,21262,8867,0,0,67865,645,190,27,3,0,0,0,0,0,29490,1328,446,0,0,0,0,0
474,2381,475.31390395636043,99994,126,51,3,1,1881,985,0.02866171970318219,77,48,40880,31200,938,382,7975,18317,21503,9038,0,0,67450,656,195,27,3,0,0,0,0,0,29889,1320,454,0,0,0,0,0
475,2381,476.2432861034688,99994,118,53,3,1,1899,995,0.02894173650419025,81,48,40711,31009,961,388,8125,18500,21743,9211,0,0,67015,683,202,27,3,0,0,0,0,0,30290,1315,459,0,0,0,0,0
476,2381,477.1764781600814,99994,130,57,3,1,1922,1005,0.029271756305378323,78,47,40557,30833,967,392,8264,18669,21982,9385,0,0,66602,695,207,27,3,0,0,0,0,0,30686,1303,471,0,0,0,0,0
477,2381,478.11318292165936,99994,138,62,3,1,1946,1016,0.029621777306638397,75,44,40397,30660,976,394,8410,18838,22220,9560,0,0,66184,704,219,28,3,0,0,0,0,0,31083,1298,475,0,0,0,0,0
478,2381,479.05356312108125,99994,131,60,3,1,1959,1027,0.02986179170750245,78,42,40235,30485,993,403,8559,19008,22457,9736,0,0,65748,731,225,28,3,0,0,0,0,0,31486,1294,479,0,0,0,0,0
479,2381,480.47052877804,99994,131,63,3,1,1991,1040,0.030311818709122546,79,49,40093,30326,1013,408,8680,19152,22693,9913,0,0,65309,762,235,29,3,0,0,0,0,0,31884,1288,484,0,0,0,0,0
480,2381,481.41797583427456,99994,143,59,3,1,2019,1050,0.03069184151049063,66,54,39937,30141,1018,416,8832,19328,22928,10091,0,0,64886,780,247,29,3,0,0,0,0,0,32277,1280,492,0,0,0,0,0
481,2381,482.36921013346324,99994,144,53,3,1,2041,1055,0.030961857711462686,57,57,39783,29957,1034,425,8978,19506,23162,10270,0,0,64463,796,263,29,3,0,0,0,0,0,32668,1274,498,0,0,0,0,0
482,2381,483.3241722994209,99994,143,68,3,1,2058,1074,0.03132187931275877,68,51,39612,29778,1047,425,9126,19676,23395,10450,0,0,64040,815,266,29,3,0,0,0,0,0,33069,1265,507,0,0,0,0,0
483,2381,484.2830820310478,99994,141,69,3,1,2076,1086,0.03162189731383883,68,50,39459,29604,1061,434,9267,19841,23627,10631,0,0,63618,832,277,29,5,0,0,0,0,0,33462,1257,514,0,0,0,0,0
484,2381,485.2457965638563,99994,121,67,3,1,2082,1096,0.03178190691441486,91,45,39294,29429,1076,443,9414,20014,23857,10813,0,0,63183,858,286,31,5,0,0,0,0,0,33861,1252,518,0,0,0,0,0
485,2381,486.21246130922356,99994,122,61,3,1,2105,1105,0.032101926115566934,91,52,39139,29249,1086,452,9558,20184,24086,10996,0,0,62758,883,298,31,5,0,0,0,0,0,34249,1240,530,0,0,0,0,0
486,2381,487.1830347656585,99994,141,66,3,1,2133,1114,0.032471948316899014,85,53,38975,29086,1086,452,9709,20341,24314,11179,0,0,62347,887,306,32,5,0,0,0,0,0,34648,1235,534,0,0,0,0,0
487,2381,488.1574977441719,99994,137,73,3,1,2149,1125,0.03274196451787107,83,51,38820,28929,1097,454,9859,20491,24541,11363,0,0,61929,903,314,32,5,0,0,0,0,0,35042,1226,543,0,0,0,0,0
488,2381,489.1359522258518,99994,135,70,3,1,2169,1135,0.033041982518951137,93,53,38646,28752,1108,462,10014,20661,24767,11548,0,0,61503,927,324,33,5,0,0,0,0,0,35434,1216,552,0,0,0,0,0
489,2381,490.1186219283439,99994,137,71,3,1,2194,1148,0.03342200532031922,87,56,38483,28613,1121,466,10168,20792,24991,11734,0,0,61089,943,343,33,5,0,0,0,0,0,35813,1204,564,0,0,0,0,0
490,2381,491.1055363094895,99994,134,78,3,1,2214,1167,0.0338120287217233,87,46,38323,28456,1131,475,10321,20943,25214,11920,0,0,60662,965,356,33,5,0,0,0,0,0,36205,1200,568,0,0,0,0,0
491,2381,492.0966474344628,99994,132,79,3,1,2233,1181,0.034142048522911375,96,42,38148,28313,1145,481,10475,21083,25436,12107,0,0,60245,982,373,33,5,0,0,0,0,0,36588,1191,577,0,0,0,0,0
492,2381,493.0920925859632,99994,139,75,3,1,2262,1190,0.03452207132427946,86,41,37990,28170,1154,487,10627,21225,25656,12294,0,0,59824,1003,387,33,5,0,0,0,0,0,36974,1184,584,0,0,0,0,0
493,2381,494.0918584105128,99994,146,70,3,1,2281,1197,0.03478208692521551,91,47,37825,28023,1155,492,10779,21366,25875,12482,0,0,59416,1011,403,33,5,0,0,0,0,0,37358,1177,591,0,0,0,0,0
494,2381,495.09583485411565,99994,161,68,3,1,2316,1207,0.03523211392683561,81,51,37674,27869,1162,500,10918,21510,26093,12670,0,0,59004,1028,416,32,7,0,0,0,0,0,37739,1167,601,0,0,0,0,0
495,2381,496.10392741082995,99994,170,71,3,1,2340,1219,0.03559213552813169,77,56,37517,27702,1161,506,11071,21663,26309,12859,0,0,58594,1037,431,31,8,0,0,0,0,0,38125,1164,604,0,0,0,0,0
496,2381,497.1161123627233,99994,163,73,3,1,2363,1235,0.035982158929535775,80,55,37355,27561,1183,519,11215,21790,26524,13048,0,0,58165,1065,447,31,8,0,0,0,0,0,38510,1161,607,0,0,0,0,0
497,2381,498.1325823936706,99994,166,76,3,1,2387,1251,0.03638218293097586,86,53,37198,27428,1189,527,11357,21914,26737,13237,0,0,57746,1086,458,32,8,0,0,0,0,0,38896,1156,612,0,0,0,0,0
498,2381,499.1532798187247,99994,167,77,3,1,2407,1265,0.03672220333219993,86,49,37055,27289,1198,537,11490,22046,26949,13427,0,0,57334,1100,473,35,8,0,0,0,0,0,39279,1149,616,0,0,0,0,0
499,2381,500.1781175752131,99994,167,85,3,1,2425,1279,0.037042222533352,87,49,36899,27143,1203,540,11640,22181,27160,13617,0,0,56927,1112,484,35,9,0,0,0,0,0,39663,1143,621,0,0,0,0,0
500,2381,501.20712297243347,99994,165,84,3,1,2449,1290,0.037392243534612075,88,48,36740,27005,1219,546,11784,22315,27369,13807,0,0,56517,1131,501,35,10,0,0,0,0,0,40036,1135,629,0,0,0,0,0
501,2381,502.24062952815314,99994,172,86,3,1,2476,1300,0.037762265735944156,90,51,36576,26870,1226,552,11932,22439,27577,13997,0,0,56120,1142,517,35,11,0,0,0,0,0,40406,1123,640,0,0,0,0,0
502,2381,503.27857206254527,99994,166,87,3,1,2497,1315,0.038122287337240233,96,46,36427,26731,1234,559,12073,22575,27783,14188,0,0,55714,1161,539,34,12,0,0,0,0,0,40771,1114,649,0,0,0,0,0
503,2381,504.3208994380383,99993,163,77,3,2,2522,1320,0.03842268958827118,90,56,36277,26607,1257,569,12209,22688,27988,14379,0,0,55298,1184,555,35,13,0,0,0,0,0,41146,1110,652,0,0,0,0,0
504,2381,505.3675635587541,99992,157,77,4,2,2550,1335,0.038853108248659896,103,49,36106,26486,1283,580,12346,22805,28191,14570,0,0,54874,1216,568,37,13,0,0,0,0,0,41523,1105,656,0,0,0,0,0
505,2381,506.4190112117521,99992,157,80,4,2,2577,1351,0.03928314265141211,102,45,35953,26364,1301,587,12482,22921,28393,14761,0,0,54470,1235,583,40,14,0,0,0,0,0,41891,1094,665,0,0,0,0,0
506,2381,507.47508022653705,99992,159,77,4,2,2606,1360,0.03966317305384431,102,43,35802,26238,1313,595,12619,23044,28593,14952,0,0,54065,1257,599,41,14,0,0,0,0,0,42258,1085,673,0,0,0,0,0
507,2381,508.0040337421272,99992,154,74,4,2,2613,1365,0.03978318265461237,110,45,35633,26081,1313,599,12785,23198,28792,15143,0,0,53678,1263,612,42,14,0,0,0,0,0,42626,1075,682,0,0,0,0,0
508,2381,509.0695815025899,99992,159,73,4,2,2635,1382,0.04017321385710857,108,44,35484,25976,1322,610,12922,23294,28989,15334,0,0,53278,1286,624,42,14,0,0,0,0,0,42991,1064,693,0,0,0,0,0
509,2381,510.13958195053215,99991,151,73,5,2,2660,1391,0.04051364622816053,109,51,35331,25871,1341,613,13062,23389,29185,15524,0,0,52880,1303,646,44,14,0,0,0,0,0,43349,1056,699,0,0,0,0,0
510,2381,511.21421908285976,99991,151,75,5,2,2685,1405,0.040903681331319816,118,48,35180,25755,1346,619,13199,23500,29379,15714,0,0,52496,1314,668,47,14,0,0,0,0,0,43699,1042,711,0,0,0,0,0
511,2381,512.293641394231,99991,155,77,5,2,2718,1418,0.041363722735046154,101,47,35049,25637,1364,619,13325,23617,29572,15904,0,0,52099,1331,690,47,15,0,0,0,0,0,44057,1039,713,0,0,0,0,0
512,2381,513.3770960880611,99990,150,75,6,2,2745,1427,0.041724172417241724,102,49,34897,25525,1384,625,13460,23723,29763,16094,0,0,51704,1349,712,47,16,0,0,0,0,0,44410,1034,718,0,0,0,0,0
513,2381,514.4652050301092,99990,148,78,6,2,2766,1444,0.04210421042104211,102,46,34741,25412,1398,634,13604,23827,29953,16284,0,0,51314,1365,731,47,17,0,0,0,0,0,44764,1028,724,0,0,0,0,0
514,2381,515.0103840168078,99990,152,79,6,2,2783,1450,0.04233423342334233,96,45,34576,25277,1401,632,13768,23964,30141,16473,0,0,50945,1366,748,47,17,0,0,0,0,0,45115,1019,733,0,0,0,0,0
515,2381,516.1086821213457,99990,162,85,6,2,2812,1467,0.0427942794279428,99,37,34421,25171,1408,638,13903,24066,30328,16662,0,0,50564,1379,765,47,17,0,0,0,0,0,45466,1011,741,0,0,0,0,0
516,2381,517.2119053453307,99990,168,89,6,2,2837,1484,0.04321432143214322,104,36,34277,25066,1418,647,14026,24159,30513,16851,0,0,50175,1398,777,48,17,0,0,0,0,0,45824,1006,745,0,0,0,0,0
517,2381,518.3194831780502,99990,164,83,6,2,2864,1495,0.04359435943594359,107,38,34138,24987,1433,658,14151,24231,30696,17039,0,0,49792,1412,809,50,17,0,0,0,0,0,46161,1002,747,0,0,0,0,0
518,2381,519.4317079392399,99990,166,83,6,2,2895,1506,0.04401440144014401,107,37,33996,24907,1449,660,14275,24310,30878,17227,0,0,49415,1429,832,50,17,0,0,0,0,0,46498,992,757,0,0,0,0,0
519,2381,520.54852396501,99990,182,82,6,2,2937,1516,0.044534453445344534,93,36,33855,24813,1460,666,14403,24400,31058,17414,0,0,49042,1445,851,52,17,0,0,0,0,0,46836,980,767,0,0,0,0,0
520,2381,521.1078917921398,99990,176,77,6,2,2947,1520,0.04467446744674467,97,40,33690,24676,1469,666,14561,24538,31237,17601,0,0,48672,1451,868,52,18,0,0,0,0,0,47182,978,769,0,0,0,0,0
521,2381,522.2347964792222,99990,151,75,6,2,2965,1538,0.045034503450345036,102,32,33563,24602,1497,683,14680,24605,31414,17787,0,0,48283,1482,899,52,19,0,0,0,0,0,47509,973,773,0,0,0,0,0
522,2381,523.3665938697428,99990,165,74,6,2,2998,1550,0.04548454845484549,92,29,33416,24519,1505,695,14815,24680,31590,17973,0,0,47923,1488,924,52,20,0,0,0,0,0,47838,965,780,0,0,0,0,0
523,2381,524.5030528087311,99990,166,68,6,2,3017,1554,0.04571457145714571,101,35,33273,24432,1509,699,14944,24763,31764,18158,0,0,47559,1498,940,52,21,0,0,0,0,0,48175,960,785,0,0,0,0,0
524,2381,525.072342831105,99990,159,64,6,2,3029,1557,0.04586458645864586,109,41,33107,24304,1518,700,15100,24888,31937,18343,0,0,47198,1508,956,50,23,0,0,0,0,0,48510,955,790,0,0,0,0,0
525,2381,526.2192568436876,99990,165,58,6,2,3056,1565,0.046214621462146215,104,46,32982,24225,1520,707,15222,24961,32108,18527,0,0,46845,1512,982,51,25,0,0,0,0,0,48831,948,796,0,0,0,0,0
526,2381,527.3708584024284,99990,172,63,6,2,3087,1578,0.04665466546654665,95,50,32850,24167,1524,706,15352,25011,32278,18710,0,0,46487,1522,1004,50,26,0,0,0,0,0,49157,944,800,0,0,0,0,0
527,2381,528.5269501046143,99989,166,75,7,2,3113,1599,0.047125183770214726,96,40,32719,24100,1543,710,15468,25072,32446,18893,0,0,46125,1538,1028,50,26,0,0,0,0,0,49478,938,806,0,0,0,0,0
528,2381,529.1058402369366,99989,175,72,7,2,3129,1602,0.047315204672513975,92,42,32577,23981,1534,710,15614,25192,32613,19075,0,0,45796,1528,1051,50,26,0,0,0,0,0,49794,928,816,0,0,0,0,0
529,2381,530.271783282569,99989,172,60,7,2,3159,1608,0.047675244276870456,81,51,32461,23918,1553,721,15725,25247,32778,19256,0,0,45441,1544,1084,51,27,0,0,0,0,0,50100,920,822,0,0,0,0,0
530,2381,531.4419819258236,99989,177,66,7,2,3180,1623,0.04803528388122694,95,47,32339,23851,1554,725,15827,25308,32942,19436,0,0,45099,1549,1102,52,27,0,0,0,0,0,50418,912,830,0,0,0,0,0
531,2381,532.027852570208,99989,160,67,7,2,3184,1629,0.04813529488243707,107,46,32186,23743,1566,723,15973,25418,33104,19616,0,0,44757,1557,1120,50,29,0,0,0,0,0,50734,906,836,0,0,0,0,0
532,2381,533.2077306392304,99989,170,75,7,2,3219,1647,0.04866535318885078,84,41,32068,23677,1582,727,16088,25477,33265,19795,0,0,44409,1573,1137,51,29,0,0,0,0,0,51048,897,845,0,0,0,0,0
533,2381,534.3922684848854,99989,172,78,7,2,3249,1664,0.0491354048945384,90,36,31939,23636,1598,736,16193,25511,33424,19973,0,0,44059,1589,1158,55,29,0,0,0,0,0,51360,890,849,0,0,0,0,0
534,2381,535.5814466403114,99989,164,74,7,2,3274,1672,0.049465441198531836,87,41,31816,23582,1618,741,16307,25559,33582,20150,0,0,43710,1611,1179,56,29,0,0,0,0,0,51665,881,858,0,0,0,0,0
535,2381,536.1769693150146,99989,173,74,7,2,3296,1678,0.04974547200192021,77,42,31675,23485,1620,741,16447,25655,33738,20326,0,0,43382,1612,1195,58,29,0,0,0,0,0,51976,874,863,0,0,0,0,0
536,2381,537.3762923011416,99989,163,78,7,2,3313,1692,0.050055506105671624,88,44,31564,23426,1630,747,16547,25702,33893,20501,0,0,43050,1619,1225,58,29,0,0,0,0,0,52271,869,868,0,0,0,0,0
537,2381,538.5797743754382,99989,160,76,7,2,3333,1709,0.050425546810149116,90,36,31440,23380,1641,759,16661,25746,34046,20675,0,0,42722,1631,1253,59,29,0,0,0,0,0,52558,857,880,0,0,0,0,0
538,2381,539.182680890261,99989,159,85,7,2,3344,1721,0.05065557211293242,88,28,31313,23287,1642,757,16790,25840,34198,20848,0,0,42408,1627,1270,59,30,0,0,0,0,0,52858,850,887,0,0,0,0,0
539,2381,540.3961805425456,99989,163,78,7,2,3367,1725,0.05092560181619978,85,34,31201,23244,1644,762,16899,25879,34348,21020,0,0,42079,1636,1290,59,31,0,0,0,0,0,53158,848,888,0,0,0,0,0
540,2381,541.0036256843401,99989,163,76,7,2,3384,1731,0.05115562711898309,82,34,31063,23155,1648,763,17036,25969,34497,21192,0,0,41766,1633,1318,59,31,0,0,0,0,0,53446,843,893,0,0,0,0,0
541,2381,542.2267080821149,99989,156,73,7,2,3409,1744,0.05153566892358159,77,36,30957,23111,1663,773,17139,26004,34644,21363,0,0,41442,1645,1354,58,32,0,0,0,0,0,53722,838,898,0,0,0,0,0
542,2381,543.4541599203169,99989,145,79,7,2,3433,1761,0.05194571402854314,76,35,30847,23072,1684,777,17240,26034,34790,21533,0,0,41113,1666,1375,61,32,0,0,0,0,0,54008,827,907,0,0,0,0,0
543,2381,544.0685849253666,99989,137,77,7,2,3447,1763,0.05210573163047935,74,39,30731,22982,1689,775,17361,26124,34935,21702,0,0,40803,1668,1397,62,32,0,0,0,0,0,54293,820,914,0,0,0,0,0
544,2381,545.3056916518151,99989,141,78,7,2,3469,1774,0.05243576793447279,69,42,30648,22927,1688,780,17446,26170,35078,21869,0,0,40495,1675,1418,62,32,0,0,0,0,0,54573,811,923,0,0,0,0,0
545,2381,546.5461913806419,99989,132,76,7,2,3486,1788,0.0527458020382242,70,49,30556,22890,1694,792,17540,26190,35220,22035,0,0,40177,1690,1441,63,33,0,0,0,0,0,54851,805,929,0,0,0,0,0
546,2381,547.1670615553546,99989,136,78,7,2,3498,1800,0.05298582844112852,74,46,30428,22806,1691,798,17663,26269,35360,22200,0,0,39877,1693,1456,61,35,0,0,0,0,0,55133,799,935,0,0,0,0,0
547,2381,548.416331906558,99989,136,74,7,2,3520,1813,0.05333586694536399,79,48,30343,22753,1693,803,17741,26319,35499,22364,0,0,39575,1702,1486,59,37,0,0,0,0,0,55396,791,943,0,0,0,0,0
548,2381,549.041379799897,99989,130,79,7,2,3531,1823,0.05354589004790527,79,43,30235,22673,1696,806,17852,26396,35637,22527,0,0,39283,1697,1509,61,38,0,0,0,0,0,55669,785,947,0,0,0,0,0
549,2381,550.2989858941902,99989,129,88,7,2,3555,1844,0.05399593955335087,76,41,30169,22658,1700,807,17918,26403,35773,22689,0,0,38986,1704,1538,62,38,0,0,0,0,0,55930,776,955,0,0,0,0,0
550,2381,551.5590876117011,99989,123,77,7,2,3579,1853,0.054325975857344305,80,39,30073,22621,1715,824,18001,26436,35908,22850,0,0,38676,1724,1568,62,38,0,0,0,0,0,56190,770,961,0,0,0,0,0
551,2381,552.1899628192615,99989,127,81,7,2,3593,1863,0.05456600226024863,76,32,29954,22556,1709,821,18126,26507,36042,23010,0,0,38396,1714,1592,62,39,0,0,0,0,0,56455,766,965,0,0,0,0,0
552,2381,553.4592904876056,99989,137,79,7,2,3620,1873,0.05493604296472612,70,28,29888,22541,1704,830,18193,26519,36174,23169,0,0,38120,1709,1626,61,40,0,0,0,0,0,56702,757,974,0,0,0,0,0
553,2381,554.0944513187859,99989,134,78,7,2,3626,1881,0.05507605836642031,77,25,29778,22489,1701,834,18302,26571,36305,23327,0,0,37835,1709,1642,60,42,0,0,0,0,0,56970,754,977,0,0,0,0,0
554,2381,555.3714295540275,99988,125,72,8,2,3645,1892,0.05537664519742369,75,29,29710,22483,1713,843,18368,26570,36435,23484,0,0,37543,1718,1675,61,42,0,0,0,0,0,57218,749,982,0,0,0,0,0
555,2381,556.0102343417041,99988,126,72,8,2,3657,1899,0.05556666800016002,77,25,29588,22428,1711,843,18489,26629,36563,23639,0,0,37275,1711,1699,61,43,0,0,0,0,0,57469,741,989,0,0,0,0,0
556,2381,557.295287500892,99988,115,65,8,2,3677,1906,0.055836700404048485,76,29,29524,22418,1734,854,18542,26631,36690,23793,0,0,36991,1721,1734,61,43,0,0,0,0,0,57708,734,996,0,0,0,0,0
557,2381,558.5837590581325,99988,127,63,8,2,3706,1919,0.05625675081009721,73,27,29467,22409,1730,865,18594,26633,36816,23946,0,0,36714,1724,1763,61,43,0,0,0,0,0,57953,729,1001,0,0,0,0,0
558,2381,559.2281001441564,99988,130,62,8,2,3718,1921,0.05639676761211345,75,31,29352,22338,1729,863,18705,26703,36941,24098,0,0,36444,1718,1779,62,43,0,0,0,0,0,58212,727,1003,0,0,0,0,0
559,2381,560.5236748751629,99988,136,70,8,2,3747,1934,0.05681681801816218,67,27,29292,22345,1732,862,18764,26693,37064,24249,0,0,36177,1719,1804,64,43,0,0,0,0,0,58453,717,1011,0,0,0,0,0
560,2381,561.1717428259615,99988,132,78,8,2,3755,1947,0.05702684322118654,68,17,29182,22291,1733,862,18876,26749,37186,24399,0,0,35914,1716,1824,64,43,0,0,0,0,0,58699,711,1017,0,0,0,0,0
561,2381,562.2324236207534,99987,128,72,9,2,3768,1950,0.05718743436646764,69,20,29078,22247,1737,862,18978,26796,37307,24548,0,0,35649,1713,1851,65,43,0,0,0,0,0,58939,707,1020,0,0,0,0,0
562,2381,563.5118521983057,99987,124,73,9,2,3786,1960,0.057467470771200256,73,23,29011,22280,1746,867,19036,26754,37427,24695,0,0,35380,1719,1870,66,45,0,0,0,0,0,59180,702,1025,0,0,0,0,0
563,2381,564.166065186449,99987,126,67,9,2,3798,1963,0.05761749027373558,72,23,28907,22226,1742,873,19143,26808,37545,24841,0,0,35121,1717,1889,66,46,0,0,0,0,0,59421,699,1028,0,0,0,0,0
564,2381,565.4818575789093,99987,123,62,9,2,3823,1973,0.05796753577965136,60,25,28847,22218,1753,884,19207,26808,37662,24986,0,0,34846,1732,1913,66,48,0,0,0,0,0,59655,697,1030,0,0,0,0,0
565,2381,566.1402488985182,99987,122,65,9,2,3834,1979,0.058137557882524726,64,23,28750,22157,1753,883,19301,26869,37778,25130,0,0,34593,1729,1931,66,48,0,0,0,0,0,59893,693,1034,0,0,0,0,0
566,2381,567.4635935133551,99987,116,60,9,2,3850,1988,0.05838759038675028,76,23,28708,22166,1754,887,19336,26861,37893,25273,0,0,34338,1731,1965,65,49,0,0,0,0,0,60112,689,1038,0,0,0,0,0
567,2381,568.1252625295972,99987,107,59,9,2,3861,1991,0.058527608589116584,68,25,28614,22117,1764,887,19437,26909,38007,25414,0,0,34080,1738,1981,64,51,0,0,0,0,0,60347,686,1040,0,0,0,0,0
568,2381,569.4550296894823,99987,106,62,9,2,3886,2000,0.058867652794863334,58,19,28567,22117,1770,884,19489,26915,38120,25554,0,0,33823,1744,2007,64,51,0,0,0,0,0,60572,684,1042,0,0,0,0,0
569,2381,570.1200643876219,99987,105,60,9,2,3886,2001,0.05887765409503235,60,20,28440,22028,1767,882,19618,27007,38231,25693,0,0,33590,1730,2025,64,51,0,0,0,0,0,60801,681,1045,0,0,0,0,0
570,2381,571.0430193700636,99986,98,58,10,2,3906,2008,0.0591482807593063,65,19,28378,22046,1772,884,19676,26990,38341,25831,0,0,33352,1721,2059,68,52,0,0,0,0,0,61008,676,1050,0,0,0,0,0
571,2381,572.2689026472158,99986,94,55,10,2,3922,2016,0.059388314364010965,69,18,28327,22059,1786,887,19713,26978,38450,25968,0,0,33108,1723,2088,68,52,0,0,0,0,0,61221,672,1054,0,0,0,0,0
572,2381,573.2207840127825,99985,98,47,10,3,3939,2018,0.05957893684052608,68,21,28229,22029,1787,889,19807,27010,38558,26104,0,0,32872,1718,2114,68,53,0,0,0,0,0,61435,669,1056,0,0,0,0,0
573,2381,574.3731992472223,99985,101,47,10,3,3950,2024,0.059748962344351654,68,15,28150,21993,1783,888,19887,27053,38665,26238,0,0,32638,1715,2129,69,53,0,0,0,0,0,61656,664,1061,0,0,0,0,0
574,2381,575.143185677345,99985,101,48,10,3,3963,2028,0.05991898784817723,67,12,28068,21980,1783,881,19970,27075,38771,26371,0,0,32409,1710,2148,69,54,0,0,0,0,0,61870,659,1066,0,0,0,0,0
575,2381,576.5359098486889,99985,106,44,10,3,3988,2035,0.060239035855378306,57,17,28025,22006,1783,886,20018,27043,38876,26503,0,0,32172,1713,2174,70,54,0,0,0,0,0,62077,655,1070,0,0,0,0,0
576,2381,577.1013568895289,99985,103,43,10,3,3996,2038,0.06034905235785368,61,16,27964,21984,1778,882,20083,27071,38980,26634,0,0,31957,1701,2198,70,56,0,0,0,0,0,62279,647,1077,0,0,0,0,0
577,2381,578.5786596636448,99985,109,49,10,3,4017,2048,0.06065909886482972,52,15,27926,21991,1778,882,20124,27059,39083,26764,0,0,31733,1695,2223,70,56,0,0,0,0,0,62484,644,1080,0,0,0,0,0
578,2381,579.225864303631,99985,110,49,10,3,4029,2052,0.06081912286843026,49,18,27864,21960,1777,882,20189,27087,39184,26892,0,0,31514,1686,2247,70,56,0,0,0,0,0,62688,643,1081,0,0,0,0,0
579,2381,580.0190174724364,99984,110,51,11,3,4038,2057,0.06095975356056969,48,17,27799,21942,1771,878,20260,27108,39284,27019,0,0,31302,1676,2268,69,57,0,0,0,0,0,62888,638,1086,0,0,0,0,0
580,2381,581.0904820139217,99984,100,56,11,3,4046,2063,0.061099775964154265,51,17,27751,21920,1778,875,20308,27128,39383,27145,0,0,31081,1677,2285,69,58,0,0,0,0,0,63091,633,1090,0,0,0,0,0
581,2381,582.1297428213771,99983,97,54,12,3,4063,2067,0.061310422771871216,44,16,27693,21927,1784,875,20369,27124,39481,27270,0,0,30859,1678,2309,69,58,0,0,0,0,0,63287,631,1092,0,0,0,0,0
582,2381,583.2665997583097,99983,93,52,12,3,4074,2073,0.06148045167678505,51,18,27661,21934,1786,877,20396,27115,39578,27394,0,0,30638,1680,2324,69,62,0,0,0,0,0,63489,629,1092,0,0,0,0,0
583,2381,584.2466002321163,99983,96,46,12,3,4099,2076,0.06176049928487843,40,23,27659,21959,1791,882,20401,27086,39674,27517,0,0,30418,1683,2349,69,64,0,0,0,0,0,63680,627,1093,0,0,0,0,0
584,2381,585.6235182579752,99983,93,51,12,3,4105,2083,0.061890521388636065,46,18,27590,21929,1794,878,20464,27120,39769,27638,0,0,30214,1674,2367,68,66,0,0,0,0,0,63874,625,1095,0,0,0,0,0
585,2381,586.057321451971,99983,92,47,12,3,4111,2085,0.06197053499094846,48,18,27515,21898,1795,876,20537,27157,39863,27758,0,0,30011,1669,2384,67,68,0,0,0,0,0,64065,620,1099,0,0,0,0,0
586,2381,587.5250684865617,99983,81,45,12,3,4130,2095,0.06226058429933089,48,24,27539,21992,1811,879,20508,27056,39956,27877,0,0,29788,1685,2408,65,71,0,0,0,0,0,64247,617,1102,0,0,0,0,0
587,2381,588.2159107908681,99983,86,47,12,3,4142,2103,0.06246061830511187,42,18,27488,21972,1801,882,20570,27077,40048,27995,0,0,29591,1676,2428,63,74,0,0,0,0,0,64432,615,1104,0,0,0,0,0
588,2381,589.4487426306102,99983,82,40,12,3,4147,2106,0.06254063190742426,44,21,27428,21936,1799,888,20634,27111,40139,28112,0,0,29393,1667,2454,63,75,0,0,0,0,0,64612,614,1105,0,0,0,0,0
589,2381,590.4115620025342,99983,82,38,12,3,4160,2112,0.06273066421291619,44,23,27419,21984,1795,889,20647,27062,40229,28228,0,0,29194,1666,2475,63,76,0,0,0,0,0,64791,608,1110,0,0,0,0,0
590,2381,591.1056179461523,99983,80,43,12,3,4167,2119,0.06287068801696288,48,16,27359,21951,1791,883,20709,27103,40319,28343,0,0,29003,1660,2489,61,80,0,0,0,0,0,64973,602,1115,0,0,0,0,0
591,2381,592.0533632692425,99983,77,43,12,3,4171,2121,0.06293069821869718,51,16,27296,21910,1788,882,20775,27145,40408,28457,0,0,28809,1655,2503,61,80,0,0,0,0,0,65158,598,1119,0,0,0,0,0
592,2381,593.1574620223552,99983,81,42,12,3,4185,2126,0.06312073052418911,50,17,27272,21934,1787,886,20797,27117,40496,28569,0,0,28613,1652,2522,61,80,0,0,0,0,0,65338,597,1120,0,0,0,0,0
593,2381,594.0237639315268,99983,83,49,12,3,4192,2134,0.06327075602852485,48,12,27220,21905,1784,877,20852,27153,40583,28680,0,0,28426,1646,2534,61,80,0,0,0,0,0,65519,592,1125,0,0,0,0,0
594,2381,595.4075248853162,99983,78,39,12,3,4215,2137,0.06353080023604013,42,21,27258,21974,1789,883,20820,27079,40669,28790,0,0,28234,1653,2568,59,82,0,0,0,0,0,65670,583,1134,0,0,0,0,0
595,2381,596.6950417417958,99983,83,42,12,3,4230,2144,0.06375083764239921,34,20,27255,22012,1784,878,20831,27044,40754,28899,0,0,28047,1650,2582,60,82,1,0,0,0,0,65846,578,1137,0,0,0,0,0
596,2381,597.393212483021,99983,83,37,12,3,4233,2145,0.0637908444435554,32,21,27186,21973,1778,879,20908,27086,40838,29007,0,0,27875,1637,2604,60,82,1,0,0,0,0,66009,571,1144,0,0,0,0,0
597,2381,598.5300566701202,99983,75,36,12,3,4239,2149,0.0638908614464459,38,18,27135,21958,1784,879,20955,27105,40921,29114,0,0,27698,1629,2629,60,83,1,0,0,0,0,66168,566,1149,0,0,0,0,0
598,2381,599.215796594247,99983,80,35,12,3,4249,2152,0.06402088355020354,33,18,27098,21932,1777,876,20999,27135,41003,29220,0,0,27520,1621,2646,60,83,1,0,0,0,0,66337,564,1151,0,0,0,0,0
599,2381,600.1177025256796,99983,75,38,12,3,4257,2157,0.06415090565396117,37,21,27071,21952,1779,871,21025,27114,41085,29325,0,0,27341,1616,2664,60,84,1,0,0,0,0,66502,561,1154,0,0,0,0,0
600,2381,601.525023801867,99983,73,38,12,3,4263,2162,0.06426092435714072,34,18,27063,21963,1771,872,21046,27105,41166,29429,0,0,27167,1607,2686,60,84,1,0,0,0,0,66663,559,1156,0,0,0,0,0
601,2381,602.2676915938008,99983,75,40,12,3,4268,2165,0.0643409379594531,31,17,26993,21935,1766,868,21122,27136,41246,29532,0,0,26998,1597,2699,60,85,1,0,0,0,0,66829,555,1159,0,0,0,0,0
602,2381,603.0917941184908,99983,75,38,12,3,4281,2172,0.06454097196523409,28,14,26975,21971,1775,873,21134,27100,41325,29634,0,0,26815,1600,2718,60,85,1,0,0,0,0,66990,554,1160,0,0,0,0,0
603,2381,604.6734680968059,99983,73,33,12,3,4287,2174,0.06462098556754649,29,15,26961,21994,1772,877,21152,27077,41403,29735,0,0,26639,1600,2733,60,85,1,0,0,0,0,67151,551,1163,0,0,0,0,0
604,2381,605.047342352149,99983,73,36,12,3,4291,2177,0.06469099746956983,29,16,26915,21972,1763,872,21207,27100,41480,29835,0,0,26477,1590,2747,60,85,1,0,0,0,0,67309,546,1168,0,0,0,0,0
605,2381,606.6395328869966,99983,71,39,12,3,4306,2186,0.06493103827650701,22,11,26932,22022,1766,874,21196,27050,41557,29934,0,0,26303,1593,2767,59,86,1,0,0,0,0,67460,542,1172,0,0,0,0,0
606,2381,607.4435654703947,99983,70,40,12,3,4310,2187,0.06498104677795226,24,13,26888,22023,1760,871,21245,27049,41633,30032,0,0,26134,1591,2774,58,87,1,0,0,0,0,67624,540,1174,0,0,0,0,0
607,2381,608.0907264200968,99983,67,40,12,3,4313,2191,0.0650510586799756,25,13,26842,22023,1758,872,21295,27048,41708,30129,0,0,25968,1589,2782,58,89,1,0,0,0,0,67782,536,1178,0,0,0,0,0
608,2381,609.046621882615,99983,64,33,12,3,4322,2192,0.06515107568286609,24,13,26847,22069,1753,871,21299,27010,41782,30225,0,0,25808,1581,2810,58,89,1,0,0,0,0,67922,534,1180,0,0,0,0,0
609,2381,610.3166389784576,99983,60,31,12,3,4325,2195,0.06521108588460038,24,11,26821,22070,1752,876,21330,27008,41855,30320,0,0,25641,1580,2823,58,89,1,0,0,0,0,68077,534,1180,0,0,0,0,0
610,2381,611.3875423709442,99983,58,29,12,3,4333,2198,0.06532110458777993,29,13,26815,22102,1756,873,21329,26979,41928,30414,0,0,25473,1583,2835,58,89,1,0,0,0,0,68230,532,1182,0,0,0,0,0
611,2381,612.3982216624871,99983,60,25,12,3,4345,2200,0.0654611283918266,25,16,26836,22164,1750,873,21316,26918,42000,30507,0,0,25315,1580,2854,58,89,1,0,0,0,0,68372,528,1186,0,0,0,0,0
612,2381,613.0138570175526,99983,59,25,12,3,4345,2201,0.06547113009211566,26,15,26754,22107,1746,870,21402,26979,42071,30599,0,0,25161,1573,2863,58,89,1,0,0,0,0,68524,526,1188,0,0,0,0,0
613,2381,614.6944207140059,99983,55,25,12,3,4356,2208,0.06565116069731855,21,12,26789,22211,1747,869,21375,26879,42141,30690,0,0,25007,1568,2890,58,89,1,0,0,0,0,68656,524,1190,0,0,0,0,0
614,2381,615.6268140525133,99983,54,22,12,3,4363,2211,0.06575117770020904,22,11,26789,22239,1745,872,21377,26852,42211,30780,0,0,24853,1565,2907,57,90,1,0,0,0,0,68796,522,1192,0,0,0,0,0
615,2381,616.1236988041134,99983,52,22,12,3,4364,2213,0.06578118280107619,23,9,26734,22215,1744,868,21434,26882,42280,30869,0,0,24704,1558,2919,57,90,1,0,0,0,0,68940,520,1194,0,0,0,0,0
616,2381,617.0172794906088,99983,51,20,12,3,4369,2215,0.06585119470309952,24,12,26765,22261,1738,868,21409,26835,42348,30957,0,0,24556,1550,2935,57,91,1,0,0,0,0,69079,520,1194,0,0,0,0,0
617,2381,618.1835574159443,99983,55,21,12,3,4378,2219,0.06598121680685716,21,10,26741,22302,1738,865,21432,26798,42416,31044,0,0,24406,1546,2944,59,91,1,0,0,0,0,69223,517,1196,0,0,0,0,0
618,2381,619.4072544083813,99983,51,19,12,3,4382,2221,0.06604122700859145,23,9,26742,22321,1738,864,21433,26783,42483,31130,0,0,24257,1546,2956,59,91,1,0,0,0,0,69360,513,1200,0,0,0,0,0
619,2381,620.3985707163826,99983,51,21,12,3,4391,2226,0.06618125081263815,19,6,26733,22334,1736,863,21448,26772,42549,31215,0,0,24111,1544,2970,58,92,1,0,0,0,0,69494,511,1202,0,0,0,0,0
620,2381,621.1943098161058,99983,47,20,12,3,4394,2228,0.0662312593140834,19,5,26761,22394,1726,859,21434,26718,42615,31299,0,0,23968,1540,2982,58,93,1,0,0,0,0,69628,508,1205,0,0,0,0,0
621,2381,622.1627644890903,99983,46,18,12,3,4397,2228,0.06626126441495055,19,5,26715,22394,1724,854,21483,26725,42680,31382,0,0,23831,1532,2994,58,94,1,0,0,0,0,69760,505,1208,0,0,0,0,0
622,2381,623.209935907404,99983,40,19,12,3,4400,2231,0.06632127461668484,19,5,26717,22424,1724,849,21487,26699,42744,31464,0,0,23695,1526,3011,58,94,1,0,0,0,0,69885,501,1212,0,0,0,0,0
623,2381,624.0155532476007,99983,40,19,12,3,4405,2234,0.06640128821899723,17,3,26722,22486,1722,846,21486,26642,42808,31546,0,0,23556,1526,3019,57,95,1,0,0,0,0,70016,495,1218,0,0,0,0,0
624,2381,625.1193807325257,99983,35,18,12,3,4407,2235,0.06643129331986437,19,2,26677,22466,1724,842,21532,26668,42871,31627,0,0,23421,1521,3033,57,95,1,0,0,0,0,70142,491,1222,0,0,0,0,0
625,2381,626.4132162936031,99983,37,17,12,3,4416,2236,0.06653131032275487,21,5,26706,22517,1717,837,21506,26620,42933,31707,0,0,23290,1515,3048,57,95,1,0,0,0,0,70264,486,1227,0,0,0,0,0
626,2381,627.0224684398221,99983,36,16,12,3,4419,2237,0.06657131712391107,19,7,26665,22515,1715,836,21552,26622,42995,31786,0,0,23155,1511,3057,57,96,1,0,0,0,0,70394,484,1228,0,0,0,0,0
627,2381,628.1334875155288,99983,32,14,12,3,4420,2240,0.06661132392506726,19,4,26654,22543,1716,838,21566,26597,43056,31864,0,0,23017,1513,3063,57,97,1,0,0,0,0,70523,481,1231,0,0,0,0,0
628,2381,629.3032464850783,99983,25,14,12,3,4422,2241,0.0666413290259344,18,3,26664,22583,1710,835,21570,26561,43116,31941,0,0,22888,1505,3080,57,98,1,0,0,0,0,70643,481,1230,0,0,0,0,0
629,2381,630.1707061720637,99983,27,13,12,3,4426,2242,0.06669133752737966,45,28,26655,22577,1699,830,21561,26548,43176,32017,0,0,22761,1497,3089,57,99,1,0,0,0,1,70767,480,1231,0,0,0,0,0
630,2381,631.167275809795,99983,29,19,12,3,4433,2251,0.06685136473200444,43,22,26642,22590,1693,827,21580,26538,43235,32093,0,0,22636,1489,3096,58,99,1,2,0,0,6,70885,475,1236,0,0,0,0,0
631,2381,632.2353767921718,99983,39,27,12,3,4446,2262,0.06709140553894162,36,14,26634,22629,1685,824,21593,26502,43294,32168,0,0,22513,1479,3105,58,100,1,3,0,0,10,71003,473,1238,0,0,0,0,0
632,2381,633.0561718108584,99983,37,26,12,3,4449,2264,0.06714141404038687,48,18,26607,22644,1686,824,21609,26484,43352,32242,0,0,22386,1473,3110,59,100,1,3,0,0,17,71123,473,1238,0,0,0,0,0
633,2381,634.3046479346938,99983,46,24,12,3,4469,2266,0.06736145144674595,49,23,26642,22709,1690,826,21560,26414,43409,32315,0,0,22257,1469,3113,59,101,1,6,0,0,28,71238,473,1238,0,0,0,0,0
634,2381,635.0190802037129,99983,55,29,12,3,4480,2271,0.06752147865137073,45,20,26625,22722,1682,823,21580,26402,43466,32387,0,0,22137,1461,3121,59,101,1,8,0,0,28,71356,470,1241,0,0,0,0,0
635,2381,636.0380482403576,99983,54,31,12,3,4488,2274,0.06763149735455028,43,18,26612,22721,1682,822,21596,26404,43522,32459,0,0,22017,1454,3128,59,101,1,10,0,0,36,71466,467,1244,0,0,0,0,0
636,2381,637.1396542846304,99983,63,31,12,3,4507,2280,0.0678815398617765,45,23,26621,22800,1680,822,21578,26320,43578,32530,0,0,21892,1451,3130,60,103,1,15,0,0,44,71578,462,1247,0,0,0,0,0
637,2381,638.2118489986501,99983,74,35,12,3,4525,2287,0.06813158236900273,50,17,26613,22816,1681,818,21569,26310,43633,32600,0,0,21771,1446,3135,60,103,1,17,0,0,52,71689,461,1248,0,0,0,0,0
638,2381,639.2361424475176,99983,85,34,12,3,4544,2291,0.06836162147565086,42,19,26588,22831,1678,819,21594,26293,43688,32669,0,0,21650,1441,3140,60,103,1,22,0,0,60,71797,458,1251,0,0,0,0,0
639,2381,640.2868634867539,99983,82,29,12,3,4558,2296,0.0685516537811428,59,23,26633,22914,1680,823,21533,26207,43742,32738,0,0,21528,1436,3145,57,106,1,32,0,0,77,71892,455,1254,0,0,0,0,0
640,2381,641.0013215831267,99983,94,30,12,3,4574,2300,0.06875168778692378,60,26,26615,22918,1675,822,21543,26200,43795,32806,0,0,21416,1427,3154,57,106,1,34,0,0,82,71997,453,1256,0,0,0,0,0
641,2381,642.0734796148223,99983,98,33,12,3,4588,2305,0.06894172009241571,78,29,26627,22971,1672,818,21512,26145,43848,32873,0,0,21305,1422,3159,56,107,1,35,0,0,93,72096,449,1260,0,0,0,0,0
642,2381,643.1448165197992,99983,103,36,12,3,4610,2313,0.06924177110108719,86,31,26627,23001,1681,821,21490,26107,43900,32939,0,0,21187,1415,3166,56,107,1,42,0,0,108,72192,449,1260,0,0,0,0,0
643,2381,644.215898010194,99983,113,41,12,3,4635,2321,0.06957182721062581,89,35,26633,23039,1683,818,21469,26063,43952,33005,0,0,21074,1406,3175,54,109,1,49,0,0,119,72287,448,1261,0,0,0,0,0
644,2381,645.2865085297299,99983,124,41,12,3,4661,2329,0.06991188502045348,93,38,26657,23075,1687,821,21426,26021,44003,33070,0,0,20960,1401,3180,54,109,1,55,0,0,136,72378,445,1264,0,0,0,0,0
645,2381,646.3562943771312,99983,135,44,12,3,4689,2339,0.07029194963143734,99,39,26648,23123,1695,825,21410,25965,44054,33134,0,0,20848,1393,3184,58,111,1,58,0,0,151,72472,443,1264,0,0,0,0,0
646,2381,647.0694225347282,99983,138,45,12,3,4708,2344,0.07053199043837452,108,44,26628,23135,1705,826,21408,25946,44104,33197,0,0,20734,1387,3190,58,111,1,67,0,0,162,72566,441,1266,0,0,0,0,0
647,2381,648.1395386493309,99983,152,46,12,3,4739,2355,0.07095206185051459,119,56,26623,23159,1707,831,21386,25904,44154,33260,0,0,20622,1380,3196,59,112,1,75,0,0,179,72653,438,1268,0,0,0,0,0
648,2381,649.2095589301256,99982,155,49,13,3,4769,2367,0.07137284711248025,126,61,26614,23195,1718,835,21373,25856,44203,33322,0,0,20504,1376,3198,59,114,1,87,0,0,200,72737,437,1269,0,0,0,0,0
649,2381,650.2798142073958,99982,169,55,13,3,4803,2381,0.07185293352803504,135,61,26605,23244,1729,840,21348,25796,44252,33383,0,0,20388,1372,3200,59,116,1,97,0,0,216,72827,437,1269,0,0,0,0,0
650,2381,651.350304049985,99981,171,66,14,3,4834,2400,0.07235374721197027,148,59,26596,23284,1748,846,21322,25741,44300,33444,0,0,20281,1361,3209,61,116,1,108,0,0,239,72899,433,1273,0,0,0,0,0
651,2381,652.0639200211115,99980,179,77,15,3,4863,2416,0.07280456091218243,145,61,26580,23293,1760,848,21320,25717,44348,33504,0,0,20175,1357,3209,61,120,1,111,0,0,257,72983,432,1274,0,0,0,0,0
652,2381,653.1348827587291,99979,188,82,16,3,4898,2436,0.07335540463497335,154,71,26586,23340,1772,857,21283,25646,44395,33563,0,0,20061,1352,3212,61,123,1,124,0,0,281,73059,432,1273,0,0,0,0,0
653,2381,654.2053610060628,99979,193,87,16,3,4933,2455,0.07389551805879235,164,81,26589,23379,1793,867,21244,25582,44442,33622,0,0,19953,1343,3220,63,123,1,137,0,0,310,73125,428,1276,0,0,0,0,0
654,2381,655.2755061361411,99979,211,92,16,3,4988,2472,0.07461566929055101,166,100,26583,23407,1821,875,21202,25522,44488,33680,0,0,19840,1338,3225,63,123,1,151,0,0,345,73189,428,1276,0,0,0,0,0
655,2381,656.3452635822383,99979,215,105,16,3,5027,2498,0.07526580581922204,171,101,26597,23450,1845,879,21155,25461,44534,33738,0,0,19731,1330,3228,67,125,1,164,0,0,374,73256,424,1279,0,0,0,0,0
656,2381,657.0581005320004,99979,226,112,16,3,5065,2515,0.07581592134348213,176,104,26585,23472,1862,885,21134,25423,44580,33795,0,0,19623,1327,3231,67,126,1,175,0,0,399,73328,421,1281,0,0,0,0,0
657,2381,658.1274046443364,99979,231,134,16,3,5108,2551,0.07660608727832845,212,92,26579,23487,1889,896,21072,25387,44625,33851,0,0,19516,1323,3234,67,128,1,186,0,0,438,73385,420,1281,0,0,0,0,0
658,2381,659.1964853694591,99979,238,148,16,3,5161,2588,0.07750627631802678,218,92,26586,23515,1922,916,21019,25325,44670,33907,0,0,19417,1318,3233,69,134,1,192,0,0,493,73423,415,1284,0,0,0,0,0
659,2381,660.264922620287,99978,264,141,16,4,5215,2608,0.07824721438716517,222,105,26601,23553,1928,939,20968,25257,44714,33962,0,0,19315,1313,3237,69,136,1,204,0,0,533,73472,411,1287,0,0,0,0,0
660,2381,661.332511703709,99978,268,143,16,4,5269,2636,0.07906739482686191,244,124,26581,23587,1964,959,20926,25182,44758,34016,0,0,19204,1306,3241,69,139,1,225,0,0,585,73510,410,1288,0,0,0,0,0
661,2381,662.0442901721864,99978,284,167,16,4,5309,2668,0.07978755326171758,242,125,26567,23585,1977,958,20913,25160,44801,34070,0,0,19113,1298,3247,68,142,1,229,0,0,611,73571,409,1289,0,0,0,0,0
662,2381,663.1123781128194,99978,302,187,16,4,5380,2705,0.08086779091400108,264,129,26545,23613,2010,970,20862,25096,44844,34123,0,0,18998,1292,3251,70,143,1,253,0,0,654,73619,408,1289,0,0,0,0,0
663,2381,664.1806910704652,99975,300,194,18,5,5439,2738,0.08179044761190297,286,121,26529,23639,2055,989,20811,25051,44887,34176,0,0,18894,1284,3255,73,146,1,271,0,0,713,73642,403,1293,0,0,0,0,0
664,2381,665.2492691682752,99975,343,186,18,5,5524,2762,0.08288072018004501,315,145,26514,23685,2080,1015,20729,24963,44929,34228,0,0,18787,1277,3260,72,150,1,293,0,0,761,73678,402,1294,0,0,0,0,0
665,2381,666.3178921895368,99975,388,200,18,5,5619,2801,0.08422105526381596,314,158,26486,23704,2111,1029,20682,24903,44971,34280,0,0,18692,1272,3263,71,155,1,303,0,0,821,73702,399,1296,0,0,0,0,0
666,2381,667.030449287457,99975,403,192,18,5,5671,2821,0.0849412353088272,323,166,26454,23706,2140,1052,20661,24878,45012,34331,0,0,18603,1263,3271,72,156,1,311,0,0,876,73728,396,1298,0,0,0,0,0
667,2381,668.1000786865109,99975,425,201,18,5,5754,2863,0.08619154788697174,358,166,26423,23748,2189,1082,20586,24797,45053,34381,0,0,18498,1256,3274,75,159,1,330,0,0,944,73745,395,1298,0,0,0,0,0
668,2381,669.1704092210213,99974,466,206,18,6,5859,2909,0.08770280272870946,373,169,26378,23765,2240,1117,20524,24736,45094,34431,0,0,18383,1253,3271,78,163,1,355,0,0,1015,73762,394,1299,0,0,0,0,0
669,2381,670.2417839973393,99974,500,226,18,6,5968,2956,0.08926320843419289,385,173,26323,23792,2300,1138,20473,24664,45134,34480,0,0,18276,1246,3272,79,171,1,381,0,0,1081,73776,392,1299,0,0,0,0,0
670,2381,671.3147021214593,99974,556,260,18,6,6093,3012,0.09107367915658071,395,168,26269,23810,2357,1150,20404,24605,45174,34529,0,0,18175,1237,3275,80,180,2,404,0,0,1136,73798,389,1298,0,0,0,0,0
671,2381,672.0305822201899,99974,591,259,18,6,6166,3054,0.09222397823434093,427,173,26215,23814,2383,1189,20365,24558,45213,34577,0,0,18085,1234,3273,80,185,2,412,0,0,1204,73812,387,1300,0,0,0,0,0
672,2381,673.1059311603619,99973,619,264,18,7,6284,3099,0.09385534094205436,448,193,26180,23817,2460,1225,20274,24493,45252,34625,0,0,17971,1224,3277,83,190,2,447,0,0,1290,73804,385,1300,0,0,0,0,0
673,2381,674.1821171523724,99973,665,276,18,7,6413,3150,0.09565582707330979,487,206,26123,23843,2526,1259,20180,24408,45291,34672,0,0,17869,1213,3280,88,196,2,471,0,0,1377,73795,383,1299,0,0,0,0,0
674,2381,675.2592511535565,99973,696,300,18,7,6545,3215,0.09762635911696158,534,210,26062,23885,2605,1288,20084,24309,45329,34719,0,0,17763,1203,3285,93,202,2,499,0,0,1476,73770,381,1299,0,0,0,0,0
675,2381,676.3376332634533,99973,773,309,18,7,6713,3267,0.09982695327738489,563,238,26000,23892,2678,1323,19967,24230,45367,34765,0,0,17661,1195,3290,95,206,2,524,0,0,1576,73744,380,1300,0,0,0,0,0
676,2381,677.0572750020075,99971,830,326,20,7,6831,3317,0.10150943773694371,559,238,25948,23892,2723,1348,19919,24188,45405,34811,0,0,17564,1191,3289,99,212,2,538,0,0,1642,73757,377,1300,0,0,0,0,0
677,2381,678.1384106116909,99969,858,337,21,8,6999,3379,0.10381218177635067,630,273,25842,23899,2837,1394,19811,24088,45442,34856,0,0,17443,1187,3289,102,218,2,580,0,0,1780,73696,374,1298,0,0,0,0,0
678,2381,679.2220957048831,99969,902,367,21,8,7161,3458,0.10622292910802349,704,290,25744,23908,2936,1431,19692,23995,45479,34901,0,0,17335,1182,3287,104,225,2,612,0,0,1905,73646,371,1300,0,0,0,0,0
679,2381,680.3080545594505,99969,926,389,21,8,7346,3539,0.10888375396372875,756,315,25668,23918,3076,1478,19552,23891,45515,34945,0,0,17216,1176,3278,106,242,2,658,0,0,2058,73564,368,1301,0,0,0,0,0
680,2381,681.0331081729029,99969,972,403,21,8,7492,3597,0.11092438655983355,783,316,25585,23916,3146,1515,19492,23841,45551,34989,0,0,17115,1165,3284,108,247,3,688,0,0,2161,73530,368,1300,0,0,0,0,0
681,2381,682.1238148387769,99968,1082,417,22,8,7745,3679,0.11427656850192061,802,339,25469,23933,3260,1575,19364,23727,45587,35032,0,0,16986,1154,3283,117,256,4,740,0,0,2296,73468,367,1297,0,0,0,0,0
682,2381,683.2173776644621,99968,1139,435,22,8,7972,3768,0.1174375800256082,871,378,25366,23917,3397,1630,19204,23631,45622,35075,0,0,16870,1144,3285,120,265,4,788,0,0,2474,73356,363,1299,0,0,0,0,0
683,2381,684.3133771875858,99968,1168,481,22,8,8201,3876,0.12080865877080665,915,410,25277,23916,3564,1680,19053,23504,45657,35117,0,0,16733,1131,3284,125,279,4,856,0,0,2646,73250,363,1297,0,0,0,0,0
684,2381,685.0453424572082,99968,1224,501,22,8,8382,3954,0.12339948783610756,934,423,25167,23915,3668,1729,18984,23423,45692,35159,0,0,16620,1127,3284,125,293,4,897,0,0,2772,73194,362,1290,0,0,0,0,0
685,2381,686.1475195464352,99967,1301,531,23,8,8651,4060,0.12715196014684846,989,476,25028,23899,3828,1796,18830,23289,45726,35200,0,0,16492,1122,3280,133,301,5,954,0,0,2962,73072,354,1292,0,0,0,0,0
686,2381,687.2533923135468,99967,1373,570,23,8,8911,4189,0.1310432442706093,1064,487,24903,23869,3977,1873,18659,23192,45760,35241,0,0,16365,1113,3277,137,314,5,1013,0,0,3162,72938,352,1291,0,0,0,0,0
687,2381,688.362754496391,99966,1429,619,24,8,9211,4338,0.13553608226797112,1104,500,24762,23835,4168,1960,18512,23077,45794,35282,0,0,16227,1103,3273,144,332,5,1081,0,0,3405,72757,350,1289,0,0,0,0,0
688,2381,689.1047119151837,99966,1491,646,24,8,9407,4429,0.13840705839985595,1139,542,24659,23797,4271,2012,18415,22994,45827,35322,0,0,16116,1098,3269,147,345,5,1121,0,0,3543,72686,350,1286,0,0,0,0,0
689,2381,690.221392493136,99964,1601,705,26,8,9739,4587,0.14331159217318235,1196,572,24496,23776,4439,2098,18241,22840,45860,35362,0,0,15995,1089,3267,159,360,5,1169,0,0,3777,72513,346,1284,0,0,0,0,0
690,2381,691.342986520367,99962,1689,750,28,8,10093,4747,0.1484564134371061,1251,631,24317,23721,4649,2194,18065,22695,45893,35401,0,0,15848,1079,3264,169,382,6,1249,0,0,4031,72314,340,1280,0,0,0,0,0
691,2381,692.0936465866937,99960,1772,791,30,8,10354,4874,0.15234093637454982,1290,639,24167,23675,4782,2265,17958,22621,45926,35440,0,0,15727,1072,3259,175,391,7,1302,0,0,4222,72188,337,1280,0,0,0,0,0
692,2381,693.2255518321064,99959,1885,849,31,8,10730,5055,0.15791474504546865,1388,670,23959,23634,4995,2370,17741,22468,45958,35478,0,0,15585,1062,3256,182,410,8,1379,0,0,4495,71972,334,1276,0,0,0,0,0
693,2381,694.3640645648742,99959,2022,891,31,8,11159,5245,0.16410728398643443,1432,721,23737,23584,5237,2500,17540,22295,45990,35516,0,0,15430,1050,3250,192,431,9,1469,0,0,4808,71720,331,1269,0,0,0,0,0
694,2381,695.1271029427525,99959,2088,942,31,8,11450,5392,0.16848908052301442,1473,732,23564,23534,5425,2584,17418,22199,46022,35554,0,0,15308,1042,3246,199,448,9,1526,0,0,5039,71546,326,1270,0,0,0,0,0
695,2381,696.2792809103396,99956,2224,996,34,8,11913,5613,0.17533714834527192,1541,764,23314,23482,5668,2730,17218,22019,46053,35591,0,0,15158,1036,3236,207,477,10,1609,0,0,5391,71242,322,1268,0,0,0,0,0
696,2381,697.0522059907413,99953,2311,1034,36,9,12229,5767,0.18004462097185678,1618,780,23136,23426,5825,2824,17073,21926,46084,35628,0,0,15038,1026,3230,215,494,12,1664,0,0,5639,71049,318,1268,0,0,0,0,0
697,2381,698.219292760295,99951,2415,1072,38,9,12725,5986,0.1872017288471351,1719,842,22854,23346,6131,2978,16842,21752,46115,35664,0,0,14869,1015,3209,229,542,14,1765,0,0,6021,70713,314,1260,0,0,0,0,0
698,2381,699.0033726419217,99950,2476,1123,39,9,13034,6157,0.19200600300150075,1807,865,22695,23276,6306,3086,16676,21640,46146,35700,0,0,14733,1007,3202,235,565,17,1837,0,0,6270,70516,313,1255,0,0,0,0,0
699,2381,700.1871744945211,99948,2606,1199,41,9,13597,6420,0.20027414255412815,1885,929,22399,23168,6654,3242,16414,21452,46176,35736,0,0,14548,996,3186,244,606,18,1959,0,0,6694,70135,311,1251,0,0,0,0,0
700,2381,701.3816488530468,99945,2691,1254,43,10,14156,6679,0.20846465556055832,1971,1020,22114,23078,7015,3409,16165,21228,46206,35771,0,0,14360,981,3163,266,654,21,2082,0,0,7146,69722,303,1247,0,0,0,0,0
701,2381,702.1845494917656,99944,2800,1319,44,10,14558,6871,0.21441006963899784,2040,1038,21890,23010,7231,3511,15994,21111,46236,35806,0,0,14215,974,3159,273,680,21,2161,0,0,7435,69482,301,1243,0,0,0,0,0
702,2381,703.4002599883962,99942,2897,1400,45,11,15182,7164,0.22358968201556903,2120,1116,21568,22868,7645,3688,15724,20916,46265,35841,0,0,14015,966,3132,298,741,26,2285,0,0,7910,69040,295,1234,0,0,0,0,0
703,2381,704.218659610176,99941,2988,1474,46,11,15610,7397,0.23020582143464643,2175,1133,21332,22797,7903,3811,15555,20773,46294,35875,0,0,13857,954,3121,313,784,27,2376,0,0,8226,68763,295,1225,0,0,0,0,0
704,2381,705.0437689183193,99936,3073,1515,50,12,16081,7627,0.2372318283701569,2216,1182,21116,22688,8189,3971,15355,20631,46323,35909,0,0,13685,939,3112,335,823,32,2479,0,0,8591,68431,291,1218,0,0,0,0,0
705,2381,706.2945962017448,99933,3229,1627,53,12,16772,8004,0.247926110494031,2358,1195,20739,22565,8581,4193,15039,20407,46352,35942,0,0,13462,929,3090,359,896,34,2625,0,0,9079,67959,287,1213,0,0,0,0,0
706,2381,707.1378250829575,99932,3313,1684,53,13,17274,8252,0.25543369491254053,2388,1215,20499,22492,8896,4354,14850,20241,46380,35975,0,0,13297,915,3076,379,945,36,2722,0,0,9481,67591,285,1205,0,0,0,0,0
707,2381,708.4171584731494,99929,3489,1779,55,14,18066,8662,0.2674699036315784,2477,1252,20106,22310,9368,4623,14504,20021,46408,36008,0,0,13071,901,3049,416,1025,42,2869,0,0,10067,67017,279,1193,0,0,0,0,0
708,2381,709.2805045910084,99928,3638,1819,56,14,18609,8932,0.2756084380754143,2528,1253,19854,22190,9633,4818,14290,19905,46436,36040,0,0,12899,890,3029,434,1084,44,2975,0,0,10465,66649,277,1182,0,0,0,0,0
709,2381,710.1532270224512,99924,3748,1866,59,15,19205,9208,0.2843461030383091,2560,1293,19577,22089,9982,5014,14073,19722,46464,36072,0,0,12720,876,3007,456,1144,48,3089,0,0,10931,66204,274,1175,0,0,0,0,0
710,2381,711.0355905139705,99921,3835,1923,60,17,19756,9490,0.2926912260685942,2645,1309,19292,22013,10313,5189,13854,19548,46491,36104,0,0,12540,871,2990,476,1206,50,3195,0,0,11370,65782,272,1169,0,0,0,0,0
711,2381,712.3790746866528,99919,4040,2017,62,17,20719,9938,0.30681852300363294,2717,1337,18853,21845,10859,5488,13468,19295,46518,36135,0,0,12290,852,2974,506,1315,55,3376,0,0,12056,65074,267,1154,0,0,0,0,0
712,2381,713.28835205394,99915,4149,2076,65,18,21353,10258,0.3163789220837712,2753,1427,18562,21670,11230,5694,13240,19114,46545,36166,0,0,12117,843,2948,531,1406,58,3476,0,0,12544,64588,260,1144,0,0,0,0,0
713,2381,714.2095279627598,99914,4224,2146,66,18,21981,10605,0.3261404808134996,2876,1446,18242,21535,11598,5913,12993,18941,46572,36197,0,0,11914,825,2927,565,1485,65,3607,0,0,13046,64089,256,1135,0,0,0,0,0
714,2381,715.1435995583631,99914,4333,2212,66,18,22634,10960,0.33622915707508455,2945,1469,17949,21411,11954,6153,12752,18736,46598,36227,0,0,11728,812,2913,592,1571,72,3720,0,0,13551,63575,253,1127,0,0,0,0,0
715,2381,716.0905537133821,99911,4491,2238,68,19,23394,11318,0.3474292119986788,2934,1551,17610,21229,12379,6419,12517,18543,46624,36257,0,0,11492,798,2889,615,1677,78,3887,0,0,14085,63024,250,1116,0,0,0,0,0
716,2381,717.0518594619464,99909,4553,2324,69,20,24122,11716,0.35870642284478876,2986,1578,17262,21089,12853,6664,12276,18324,46650,36287,0,0,11269,781,2866,653,1779,82,4033,0,0,14669,62422,245,1110,0,0,0,0,0
717,2381,718.0306837124724,99906,4680,2418,72,20,24867,12121,0.37022801433347347,3056,1582,16964,20945,13228,6918,11999,18116,46676,36316,0,0,11073,771,2836,678,1892,88,4161,0,0,15220,61844,240,1103,0,0,0,0,0
718,2381,719.0238180655114,99904,4827,2433,74,20,25660,12508,0.3820467648942985,3103,1648,16614,20777,13644,7211,11737,17910,46701,36345,0,0,10874,754,2819,706,1999,94,4292,0,0,15856,61178,236,1096,0,0,0,0,0
719,2381,720.0341654173837,99899,4968,2561,79,20,26452,12963,0.3945484939789187,3157,1655,16301,20614,14031,7464,11463,17685,46726,36374,0,0,10666,745,2789,731,2130,108,4421,0,0,16389,60602,233,1085,0,0,0,0,0
720,2381,721.0609717694516,99896,5066,2634,82,20,27293,13404,0.4073936894370145,3243,1732,15969,20404,14489,7746,11150,17463,46751,36403,0,0,10420,725,2756,774,2282,110,4588,0,0,17000,59942,227,1072,0,0,0,0,0
721,2381,722.1051520680566,99892,5179,2694,85,21,28164,13832,0.4204140471709446,3289,1817,15636,20213,14954,8027,10856,17227,46776,36431,0,0,10179,707,2745,815,2405,118,4743,0,0,17647,59248,225,1060,0,0,0,0,0
722,2381,723.1685371014413,99889,5206,2820,87,22,28973,14329,0.43350118631681167,3341,1814,15327,20013,15426,8314,10612,17016,46801,36459,0,0,9945,690,2724,850,2580,130,4904,0,0,18232,58568,222,1044,0,0,0,0,0
723,2381,724.2470197175926,99886,5274,2885,89,23,29864,14812,0.44726988767194603,3348,1881,15025,19810,15926,8624,10337,16776,46825,36487,0,0,9723,675,2689,893,2750,142,5043,0,0,18932,57791,219,1029,0,0,0,0,0
724,2381,725.2986358319117,99883,5361,2917,92,23,30746,15285,0.46084919355646103,3300,1941,14707,19626,16425,8960,10114,16532,46849,36514,0,0,9525,662,2648,941,2921,159,5150,0,0,19631,57018,213,1015,0,0,0,0,0
725,2381,726.3178917188358,99878,5418,3012,94,26,31557,15765,0.4737980336009932,3359,1967,14411,19458,16867,9229,9850,16307,46873,36541,0,0,9317,645,2612,998,3081,164,5264,0,0,20258,56322,209,1008,0,0,0,0,0
726,2381,727.3072372680821,99877,5478,3059,95,26,32397,16228,0.4868488240535859,3328,1996,14130,19271,17332,9541,9636,16106,46897,36568,0,0,9107,624,2571,1064,3251,181,5379,0,0,20891,55610,204,995,0,0,0,0,0
727,2381,728.2690539424735,99871,5529,3152,100,27,33183,16720,0.49967458020846894,3401,1947,13839,19131,17739,9837,9391,15905,46921,36595,0,0,8902,609,2548,1117,3382,200,5491,0,0,21526,54908,204,984,0,0,0,0,0
728,2381,729.2062202134005,99870,5590,3209,101,27,33981,17138,0.5118554120356463,3371,2022,13606,18946,18152,10102,9179,15693,46944,36621,0,0,8691,593,2529,1167,3554,218,5615,0,0,22049,54285,201,968,0,0,0,0,0
729,2381,730.1202487953527,99869,5621,3284,101,28,34772,17613,0.5245371436581923,3304,1983,13364,18777,18609,10410,9000,15517,46967,36647,0,0,8498,584,2492,1203,3753,233,5728,0,0,22643,53592,197,946,0,0,0,0,0
730,2381,731.0121521721079,99868,5716,3260,102,28,35512,18018,0.5360075299395202,3261,2009,13153,18621,18921,10728,8846,15353,46990,36673,0,0,8323,574,2463,1239,3955,254,5826,0,0,23131,52983,188,932,0,0,0,0,0
731,2381,732.3190103487996,99861,5800,3299,107,30,36582,18638,0.552968626390683,3280,2020,12794,18418,19435,11137,8583,15095,47013,36698,0,0,8082,555,2433,1316,4195,285,5949,0,0,23895,52053,185,913,0,0,0,0,0
732,2381,733.1697668775348,99855,5780,3335,111,32,37295,19074,0.5645085373791998,3237,1983,12601,18278,19860,11448,8410,14923,47036,36723,0,0,7891,551,2406,1363,4401,305,6037,0,0,24397,51419,183,902,0,0,0,0,0
733,2381,734.0031614239666,99851,5792,3332,115,32,37964,19453,0.5750267899169763,3231,2012,12399,18141,20205,11719,8257,14763,47058,36748,0,0,7717,540,2373,1406,4593,324,6124,0,0,24867,50840,178,889,0,0,0,0,0
734,2381,735.2246759439537,99846,5712,3409,119,33,38896,20098,0.5908499088596438,3294,1975,12111,17926,20738,12140,8025,14516,47080,36773,0,0,7477,522,2330,1476,4901,367,6258,0,0,25491,49981,170,873,0,0,0,0,0
735,2381,736.0216281773291,99842,5603,3400,122,34,39494,20489,0.6007792311852728,3326,1994,11923,17811,21148,12418,7877,14342,47102,36797,0,0,7286,516,2308,1504,5098,390,6371,0,0,25985,49351,166,867,0,0,0,0,0
736,2381,737.1912066229409,99840,5635,3420,122,36,40431,21090,0.6161959134615385,3365,1982,11641,17623,21573,12820,7663,14118,47124,36821,0,0,7078,505,2282,1564,5357,423,6473,0,0,26671,48474,161,852,0,0,0,0,0
737,2381,738.3359046577499,99833,5700,3366,129,36,41422,21617,0.6314445123356005,3251,1986,11416,17460,22052,13232,7451,13919,47146,36845,0,0,6875,493,2233,1619,5651,459,6567,0,0,27324,47617,158,837,0,0,0,0,0
738,2381,739.0852993557096,99833,5668,3400,129,36,42033,21980,0.6412008053449261,3230,1987,11268,17368,22389,13438,7315,13770,47167,36869,0,0,6725,477,2207,1675,5850,484,6617,0,0,27692,47122,154,830,0,0,0,0,0
739,2381,740.1904511366508,99827,5718,3389,133,38,42920,22493,0.6552636060384465,3230,2015,11065,17222,22746,13783,7107,13552,47188,36892,0,0,6542,469,2177,1741,6117,527,6680,0,0,28225,46383,151,815,0,0,0,0,0
740,2381,741.2763665786912,99819,5679,3398,137,42,43771,23026,0.6691812180045883,3188,1973,10897,17088,23160,14130,6938,13368,47209,36915,0,0,6369,450,2140,1826,6420,561,6730,0,0,28757,45617,148,801,0,0,0,0,0
741,2381,742.344096587669,99817,5698,3416,139,42,44609,23557,0.6829097247963773,3231,1933,10698,16924,23466,14486,6767,13198,47230,36938,0,0,6206,437,2107,1893,6714,603,6779,0,0,29233,44915,144,786,0,0,0,0,0
742,2381,743.0475545107155,99815,5650,3428,140,43,45154,23899,0.6918098482192055,3223,1932,10583,16834,23736,14685,6667,13077,47251,36961,0,0,6064,433,2081,1923,6910,636,6839,0,0,29568,44442,141,778,0,0,0,0,0
743,2381,744.0898863352072,99810,5672,3416,143,45,45985,24405,0.7052399559162409,3182,1948,10409,16683,24078,15024,6515,12883,47271,36984,0,0,5901,419,2056,1993,7178,687,6890,0,0,30049,43737,136,764,0,0,0,0,0
744,2381,745.1169609109602,99806,5605,3384,145,47,46791,24912,0.7184237420595956,3133,1896,10231,16556,24522,15395,6363,12721,47291,37006,0,0,5727,407,2021,2058,7501,740,6952,0,0,30500,43016,134,750,0,0,0,0,0
745,2381,746.1280063846058,99804,5589,3416,146,48,47559,25389,0.7309125886738006,3093,1862,10086,16457,24852,15676,6233,12540,47311,37028,0,0,5574,395,1998,2122,7794,776,6988,0,0,30898,42395,131,733,0,0,0,0,0
746,2381,747.1258776237363,99803,5544,3422,147,48,48311,25864,0.7432141318397243,3035,1851,9967,16336,25224,15957,6082,12385,47331,37050,0,0,5431,387,1954,2183,8081,834,7026,0,0,31308,41752,127,720,0,0,0,0,0
747,2381,748.110603322639,99800,5489,3428,148,50,49041,26341,0.7553306613226453,2990,1792,9836,16250,25578,16232,5958,12247,47351,37072,0,0,5301,381,1916,2228,8362,909,7052,0,0,31689,41128,125,709,0,0,0,0,0
748,2381,749.083444316248,99797,5443,3416,151,50,49757,26793,0.7670571259657104,2951,1758,9719,16159,25893,16513,5842,12103,47371,37093,0,0,5167,372,1895,2289,8662,960,7077,0,0,32044,40516,122,693,0,0,0,0,0
749,2381,750.0455824459082,99794,5400,3412,154,50,50468,27249,0.7787742750065134,2876,1701,9594,16061,26242,16823,5733,11952,47390,37114,0,0,5040,360,1875,2367,8925,1020,7081,0,0,32414,39912,119,681,0,0,0,0,0
750,2381,751.311692147746,99793,5350,3328,155,50,51398,27784,0.7934624673073262,2801,1714,9422,15927,26681,17207,5590,11773,47409,37135,0,0,4878,346,1854,2453,9289,1114,7097,0,0,32826,39154,116,666,0,0,0,0,0
751,2381,752.2493562892815,99790,5303,3320,158,50,52077,28183,0.8042890069145205,2734,1707,9317,15821,27001,17449,5486,11652,47428,37156,0,0,4758,336,1827,2509,9578,1181,7107,0,0,33075,38651,111,657,0,0,0,0,0
752,2381,753.1775688888924,99787,5252,3270,159,52,52701,28555,0.8142944471724773,2753,1704,9198,15757,27246,17701,5391,11515,47447,37177,0,0,4638,323,1809,2566,9828,1247,7129,0,0,33359,38131,108,649,0,0,0,0,0
753,2381,754.0981037582817,99784,5158,3203,162,52,53335,28907,0.8242002725887918,2711,1696,9158,15691,27542,17961,5268,11396,47466,37197,0,0,4516,315,1782,2638,10119,1304,7132,0,0,33625,37607,104,642,0,0,0,0,0
754,2381,755.0105959103356,99783,5111,3179,163,52,53939,29302,0.8342202579597727,2681,1641,9066,15610,27795,18212,5183,11305,47485,37217,0,0,4415,310,1756,2664,10405,1357,7146,0,0,33914,37088,101,627,0,0,0,0,0
755,2381,756.2162118284591,99781,5062,3150,163,54,54751,29781,0.8471753139375232,2626,1585,8940,15538,28138,18507,5070,11165,47504,37237,0,0,4299,303,1723,2717,10727,1458,7145,0,0,34242,36453,96,618,0,0,0,0,0
756,2381,757.1119070562572,99778,4967,3106,165,55,55335,30179,0.8570426346489206,2574,1530,8840,15448,28437,18796,5016,11064,47522,37257,0,0,4192,296,1703,2771,11043,1516,7140,0,0,34452,35963,94,608,0,0,0,0,0
757,2381,758.0006797213495,99774,4908,3052,168,56,55885,30500,0.8658067231944194,2561,1541,8764,15391,28654,18990,4944,10969,47540,37277,0,0,4109,292,1686,2813,11314,1577,7132,0,0,34641,35518,90,602,0,0,0,0,0
758,2381,759.1770509077994,99774,4840,2950,168,56,56650,30908,0.8775632930422755,2491,1557,8716,15328,28947,19270,4837,10838,47558,37296,0,0,4013,282,1653,2878,11660,1680,7106,0,0,34897,34927,86,592,0,0,0,0,0
759,2381,760.0535817659501,99772,4784,2941,170,56,57183,31260,0.8864511085274426,2452,1519,8657,15267,29162,19474,4774,10742,47576,37315,0,0,3927,277,1637,2926,11881,1742,7098,0,0,35138,34480,84,582,0,0,0,0,0
760,2381,761.2142093311364,99768,4755,2898,171,59,57930,31706,0.8984443909870901,2377,1476,8602,15195,29416,19769,4678,10602,47594,37334,0,0,3818,271,1619,2961,12208,1837,7100,0,0,35375,33924,80,575,0,0,0,0,0
761,2381,762.0795357510347,99766,4671,2814,173,59,58426,32020,0.9065814004771164,2322,1492,8592,15138,29617,20000,4624,10496,47612,37353,0,0,3734,266,1601,3017,12461,1908,7076,0,0,35545,33508,78,572,0,0,0,0,0
762,2381,763.226795604221,99760,4559,2737,176,62,59095,32436,0.9175120288692863,2232,1466,8539,15094,29939,20262,4554,10378,47629,37372,0,0,3639,259,1571,3066,12808,2002,7052,0,0,35766,32960,76,561,0,0,0,0,0
763,2381,764.0818366381819,99758,4497,2746,177,63,59591,32756,0.925710218729325,2189,1430,8498,15022,30141,20436,4497,10302,47646,37391,0,0,3559,255,1561,3097,13053,2072,7039,0,0,35868,32628,72,554,0,0,0,0,0
764,2381,765.2150420306162,99756,4380,2683,179,63,60214,33124,0.9356630177633426,2159,1442,8500,14985,30368,20643,4413,10183,47663,37409,0,0,3480,250,1536,3145,13398,2148,7001,0,0,36051,32130,71,546,0,0,0,0,0
765,2381,766.0607681564219,99754,4291,2708,180,64,60679,33440,0.9435110371513924,2118,1393,8490,14968,30558,20770,4362,10096,47680,37427,0,0,3413,244,1520,3179,13626,2224,6976,0,0,36163,31801,70,538,0,0,0,0,0
766,2381,767.1833413130813,99752,4223,2684,181,65,61286,33851,0.9537352634533643,2065,1328,8478,14916,30757,21021,4295,9985,47697,37445,0,0,3321,236,1506,3223,13899,2312,6962,0,0,36372,31322,69,530,0,0,0,0,0
767,2381,768.0219054740463,99751,4171,2619,181,66,61716,34105,0.9606018987278323,2023,1353,8499,14894,30878,21147,4247,9920,47714,37463,0,0,3260,230,1490,3242,14101,2391,6944,0,0,36505,30997,69,522,0,0,0,0,0
768,2381,769.1363000932442,99747,4030,2568,184,67,62240,34461,0.9694627407340571,2016,1322,8486,14861,31088,21356,4195,9825,47731,37481,0,0,3185,220,1476,3301,14410,2483,6912,0,0,36595,30585,67,513,0,0,0,0,0
769,2381,770.2463165658928,99745,4003,2536,184,69,62836,34814,0.9789964409243571,1889,1274,8495,14864,31279,21551,4149,9705,47748,37498,0,0,3116,216,1462,3335,14718,2569,6890,0,0,36668,30199,67,505,0,0,0,0,0
770,2381,771.0759900723458,99743,3905,2535,184,71,63205,35091,0.9854927162808418,1866,1228,8472,14833,31451,21699,4121,9633,47764,37515,0,0,3053,212,1452,3362,14938,2630,6871,0,0,36739,29919,67,500,0,0,0,0,0
771,2381,772.1777676300017,99741,3846,2514,184,73,63730,35446,0.9943353285008171,1822,1185,8460,14839,31622,21860,4065,9528,47780,37532,0,0,2995,209,1433,3381,15210,2719,6848,0,0,36859,29526,66,495,0,0,0,0,0
772,2381,773.0014426347487,99741,3765,2486,184,73,64111,35688,1.000581506100801,1803,1173,8467,14837,31744,21967,4036,9463,47796,37549,0,0,2939,207,1422,3403,15396,2801,6826,0,0,36937,29251,66,493,0,0,0,0,0
773,2381,774.0965074179185,99739,3690,2401,184,75,64621,36004,1.0088831851131452,1744,1149,8467,14826,31936,22179,3978,9369,47812,37566,0,0,2878,206,1401,3427,15690,2893,6798,0,0,37030,28871,64,481,0,0,0,0,0
774,2381,775.1876545190825,99736,3588,2358,185,77,65085,36331,1.016844469399214,1760,1071,8461,14827,32084,22365,3921,9301,47828,37583,0,0,2813,203,1386,3460,15919,3007,6764,0,0,37108,28538,64,474,0,0,0,0,0
775,2381,776.004137333196,99736,3522,2302,185,77,65441,36556,1.0226698483997754,1745,1072,8454,14815,32198,22506,3895,9227,47844,37599,0,0,2767,201,1370,3476,16121,3077,6736,0,0,37178,28280,63,467,0,0,0,0,0
776,2381,777.0898622044781,99734,3415,2265,186,78,65910,36865,1.030491106342872,1687,1049,8481,14808,32379,22661,3851,9138,47860,37615,0,0,2702,199,1357,3509,16366,3188,6712,0,0,37210,27966,62,463,0,0,0,0,0
777,2381,778.1721850155591,99729,3342,2202,190,79,66357,37142,1.0378024446249337,1691,1026,8492,14829,32477,22799,3807,9064,47875,37631,0,0,2645,194,1337,3522,16587,3284,6692,0,0,37301,27644,61,462,0,0,0,0,0
778,2381,779.253028840642,99728,3292,2132,191,79,66806,37416,1.0450625701909193,1639,991,8505,14837,32608,22962,3764,8998,47890,37647,0,0,2585,192,1326,3545,16855,3366,6666,0,0,37309,27365,60,459,0,0,0,0,0
779,2381,780.0620404357875,99727,3224,2055,191,80,67147,37589,1.050227120037703,1626,1013,8493,14851,32724,23051,3741,8949,47905,37663,0,0,2539,192,1317,3551,17053,3440,6640,0,0,37334,27148,59,454,0,0,0,0,0
780,2381,781.138167520108,99723,3152,2007,193,82,67551,37865,1.0570881341315443,1609,984,8532,14847,32819,23193,3694,8886,47920,37679,0,0,2489,191,1306,3581,17262,3541,6605,0,0,37358,26884,56,450,0,0,0,0,0
781,2381,782.2129443780108,99722,3089,1969,194,82,67999,38120,1.0641483323639718,1550,983,8546,14889,32958,23288,3662,8788,47935,37695,0,0,2437,187,1294,3584,17481,3645,6582,0,0,37387,26622,55,448,0,0,0,0,0
782,2381,783.0174860085677,99719,3042,1912,196,83,68300,38310,1.0691041827535375,1514,967,8587,14898,33025,23402,3635,8737,47950,37710,0,0,2399,183,1284,3592,17658,3717,6560,0,0,37399,26429,52,446,0,0,0,0,0
783,2381,784.0892772337681,99719,2985,1870,196,83,68700,38567,1.0756926964771008,1493,918,8608,14940,33117,23519,3600,8669,47965,37725,0,0,2355,178,1275,3622,17860,3814,6519,0,0,37417,26186,50,443,0,0,0,0,0
784,2381,785.1594718048962,99716,2950,1811,197,85,69103,38801,1.0821132014922379,1435,916,8636,14956,33218,23626,3563,8605,47980,37740,0,0,2321,174,1259,3649,18041,3909,6474,0,0,37478,25926,50,435,0,0,0,0,0
785,2381,786.2280083791547,99711,2868,1797,201,86,69480,39052,1.0884656657740872,1404,897,8658,14946,33338,23729,3530,8544,47995,37755,0,0,2276,167,1250,3666,18237,4009,6453,0,0,37478,25698,49,428,0,0,0,0,0
786,2381,787.0281779147105,99710,2819,1783,201,87,69751,39226,1.092939524621402,1363,868,8719,14962,33386,23801,3511,8498,48009,37770,0,0,2250,164,1241,3681,18373,4079,6418,0,0,37494,25536,49,425,0,0,0,0,0
787,2381,788.094377272553,99706,2736,1779,203,89,70121,39471,1.0991515054259522,1268,814,8748,14993,33549,23878,3495,8446,48023,37785,0,0,2203,159,1234,3702,18564,4175,6396,0,0,37478,25324,48,423,0,0,0,0,0
788,2381,789.1584102515666,99705,2647,1741,203,90,70464,39707,1.1049696604984705,1211,777,8798,15036,33666,23965,3474,8390,48037,37800,0,0,2175,158,1223,3726,18785,4266,6354,0,0,37445,25108,46,419,0,0,0,0,0
789,2381,790.2210641993931,99700,2577,1690,206,92,70788,39903,1.1102407221664996,1218,781,8853,15052,33695,24050,3450,8334,48051,37814,0,0,2144,156,1211,3739,18981,4344,6306,0,0,37443,24916,46,414,0,0,0,0,0
790,2381,791.018330900251,99698,2544,1667,207,93,71024,40080,1.1144055046239645,1193,736,8902,15096,33721,24115,3432,8292,48065,37828,0,0,2121,153,1209,3742,19110,4411,6280,0,0,37449,24767,45,411,0,0,0,0,0
791,2381,792.0817785361938,99698,2520,1604,207,93,71363,40277,1.1197817408573894,1154,707,8938,15106,33770,24227,3410,8262,48079,37842,0,0,2090,152,1203,3761,19309,4490,6243,0,0,37411,24588,44,407,0,0,0,0,0
792,2381,793.1448011703206,99698,2446,1520,207,93,71653,40444,1.1243655840638729,1155,700,8969,15145,33848,24313,3374,8228,48093,37856,0,0,2054,150,1193,3769,19499,4562,6215,0,0,37420,24388,44,404,0,0,0,0,0
793,2381,794.2070950728852,99695,2360,1439,210,93,71935,40617,1.1289633381814534,1158,690,9024,15191,33892,24403,3355,8183,48107,37870,0,0,2026,147,1190,3785,19683,4640,6175,0,0,37413,24193,43,400,0,0,0,0,0
794,2381,795.0041983547612,99695,2304,1427,210,93,72144,40764,1.132534229399669,1188,662,9053,15236,33899,24427,3345,8154,48121,37884,0,0,2004,144,1186,3782,19806,4702,6151,0,0,37413,24066,43,398,0,0,0,0,0
795,2381,796.0671090380764,99693,2244,1375,211,94,72451,40930,1.1373015156530548,1117,688,9114,15279,33981,24479,3332,8084,48134,37898,0,0,1985,142,1180,3790,19958,4799,6109,0,0,37401,23891,43,395,0,0,0,0,0
796,2381,797.129265813361,99691,2214,1326,213,94,72741,41106,1.1419987762185153,1082,675,9153,15326,34024,24545,3313,8033,48147,37912,0,0,1957,140,1166,3808,20117,4871,6068,0,0,37392,23734,43,395,0,0,0,0,0
797,2381,798.1917837396281,99691,2188,1322,213,94,73039,41303,1.146964119128106,1021,645,9198,15365,34090,24590,3289,7983,48160,37925,0,0,1927,138,1162,3817,20236,4959,6042,0,0,37391,23583,43,393,0,0,0,0,0
798,2381,799.2537357348461,99690,2118,1306,214,94,73318,41473,1.1514795867188283,977,616,9266,15420,34144,24618,3280,7945,48173,37938,0,0,1904,134,1153,3821,20356,5054,6015,0,0,37400,23421,43,389,0,0,0,0,0
799,2381,800.0498947400084,99689,2046,1279,215,94,73489,41605,1.1545305901353209,1005,588,9307,15449,34161,24674,3265,7915,48186,37951,0,0,1887,132,1147,3819,20495,5107,5990,0,0,37375,23307,42,388,0,0,0,0,0
800,2381,801.1114811509246,99688,2026,1288,216,94,73761,41783,1.1590562555172137,959,571,9375,15483,34189,24689,3234,7874,48199,37964,0,0,1862,132,1140,3813,20622,5184,5976,0,0,37353,23177,42,387,0,0,0,0,0
801,2381,802.1739259913799,99688,1992,1251,216,94,74026,41934,1.1632292753390578,947,575,9455,15523,34173,24731,3216,7825,48212,37977,0,0,1840,129,1136,3820,20734,5265,5952,0,0,37366,23021,40,385,0,0,0,0,0
802,2381,803.2372422660798,99687,1920,1213,217,94,74266,42100,1.1673136918555078,937,557,9526,15585,34204,24771,3195,7779,48225,37990,0,0,1817,125,1131,3828,20860,5349,5913,0,0,37371,22869,40,384,0,0,0,0,0
803,2381,804.035038705936,99687,1889,1193,217,94,74448,42218,1.1703231113384895,906,546,9589,15611,34217,24800,3181,7755,48238,38003,0,0,1802,124,1128,3823,20961,5407,5895,0,0,37362,22765,39,381,0,0,0,0,0
804,2381,805.0994682563831,99687,1852,1173,217,94,74689,42368,1.1742453880646424,894,531,9638,15659,34243,24826,3155,7716,48251,38016,0,0,1774,121,1122,3839,21091,5479,5872,0,0,37312,22657,39,381,0,0,0,0,0
805,2381,806.1638520877548,99686,1766,1124,217,95,74909,42506,1.1778484441145196,870,536,9706,15730,34304,24841,3136,7673,48263,38028,0,0,1756,120,1118,3832,21247,5557,5848,0,0,37269,22523,39,377,0,0,0,0,0
806,2381,807.2279394643172,99685,1720,1105,218,95,75133,42662,1.1816722676430758,877,513,9769,15788,34305,24865,3110,7633,48275,38040,0,0,1735,119,1115,3844,21355,5627,5817,0,0,37264,22394,39,376,0,0,0,0,0
807,2381,808.0268030821126,99684,1702,1080,219,95,75298,42777,1.1844929978732797,868,489,9813,15844,34304,24896,3093,7595,48287,38052,0,0,1714,117,1112,3840,21459,5672,5806,0,0,37241,22308,39,376,0,0,0,0,0
808,2381,809.0925021365738,99683,1727,1044,219,96,75560,42893,1.1882969011767301,794,501,9885,15896,34308,24907,3066,7555,48299,38064,0,0,1693,116,1109,3829,21554,5750,5793,0,0,37216,22210,39,374,0,0,0,0,0
809,2381,810.1588984292347,99682,1680,1006,220,96,75756,43026,1.1916093176300635,800,504,9962,15946,34292,24934,3045,7513,48311,38076,0,0,1676,116,1106,3835,21657,5823,5769,0,0,37204,22084,39,373,0,0,0,0,0
810,2381,811.226298043768,99682,1669,974,220,96,75983,43160,1.1952308340522864,757,494,10023,15996,34295,24954,3035,7485,48323,38088,0,0,1651,116,1097,3827,21800,5882,5754,0,0,37154,21990,39,372,0,0,0,0,0
811,2381,812.0275492596678,99682,1613,966,220,96,76134,43269,1.1978391284284022,752,473,10066,16026,34318,24973,3030,7465,48335,38100,0,0,1635,116,1092,3833,21879,5938,5719,0,0,37151,21909,39,371,0,0,0,0,0
812,2381,813.0964364622375,99680,1579,958,221,97,76342,43398,1.2012439807383628,732,460,10152,16079,34296,24960,3019,7445,48347,38112,0,0,1609,115,1089,3837,21975,6005,5701,0,0,37124,21816,39,370,0,0,0,0,0
813,2381,814.1664577825422,99680,1510,933,221,97,76527,43512,1.2042435794542536,726,460,10227,16134,34310,24966,3005,7409,48359,38124,0,0,1596,114,1084,3839,22067,6086,5672,0,0,37096,21719,39,368,0,0,0,0,0
814,2381,815.2373533946451,99678,1470,916,222,98,76717,43633,1.207387788679548,707,436,10309,16189,34311,24974,2980,7386,48371,38136,0,0,1575,113,1077,3847,22153,6148,5647,0,0,37095,21618,39,366,0,0,0,0,0
815,2381,816.0413545232071,99678,1451,905,222,98,76869,43721,1.209795541644094,683,417,10364,16246,34309,24968,2970,7365,48383,38147,0,0,1561,113,1075,3855,22225,6191,5619,0,0,37093,21543,39,364,0,0,0,0,0
816,2381,817.114308119689,99677,1372,906,223,98,77036,43836,1.2126368169186472,678,406,10452,16306,34319,24954,2955,7329,48394,38158,0,0,1552,112,1072,3853,22314,6264,5593,0,0,37060,21454,39,364,0,0,0,0,0
817,2381,818.1880688589356,99677,1345,861,223,98,77219,43949,1.2156064087001013,654,419,10550,16372,34290,24944,2937,7305,48405,38169,0,0,1531,111,1066,3855,22430,6320,5579,0,0,37022,21363,38,362,0,0,0,0,0
818,2381,819.2635154531181,99677,1318,860,223,98,77404,44074,1.2187164541468944,614,385,10616,16445,34297,24934,2931,7277,48416,38180,0,0,1516,110,1057,3851,22543,6374,5565,0,0,36987,21276,37,361,0,0,0,0,0
819,2381,820.0706463192445,99675,1276,850,225,98,77522,44162,1.2208076247805368,615,378,10677,16493,34269,24926,2937,7254,48427,38191,0,0,1508,109,1051,3840,22618,6416,5545,0,0,36988,21202,37,361,0,0,0,0,0
820,2381,821.1482650122841,99674,1229,834,225,99,77691,44264,1.2235387362802737,583,386,10739,16543,34296,24918,2927,7219,48438,38202,0,0,1494,109,1049,3838,22707,6480,5517,0,0,36952,21131,37,360,0,0,0,0,0
821,2381,822.2267607233647,99674,1210,815,225,99,77855,44376,1.2263077633083854,549,358,10849,16625,34243,24916,2923,7186,48449,38213,0,0,1483,108,1040,3840,22796,6532,5496,0,0,36945,21038,37,359,0,0,0,0,0
822,2381,823.0370031672641,99674,1207,797,225,99,77978,44450,1.2282842065132331,536,356,10928,16683,34187,24900,2916,7164,48460,38224,0,0,1476,107,1038,3841,22852,6570,5470,0,0,36946,20979,37,358,0,0,0,0,0
823,2381,824.119520400862,99674,1166,793,225,99,78099,44563,1.2306318598631538,552,323,11003,16756,34146,24887,2907,7141,48471,38235,0,0,1467,107,1033,3843,22921,6622,5440,0,0,36944,20905,36,356,0,0,0,0,0
824,2381,825.2042998908651,99674,1179,779,225,99,78268,44657,1.2332704617051589,532,326,11090,16819,34083,24870,2890,7106,48482,38246,0,0,1452,107,1028,3840,22968,6684,5426,0,0,36937,20842,36,354,0,0,0,0,0
825,2381,826.0191694012045,99674,1177,731,225,99,78385,44708,1.2349559564179224,524,336,11161,16859,34028,24883,2884,7091,48493,38256,0,0,1442,107,1027,3838,23037,6713,5406,0,0,36937,20779,35,353,0,0,0,0,0
826,2381,827.1081871524818,99674,1159,709,225,99,78546,44797,1.2374641330738207,485,323,11270,16949,33985,24866,2875,7053,48504,38266,0,0,1431,107,1024,3843,23101,6767,5382,0,0,36934,20697,35,353,0,0,0,0,0
827,2381,828.1992850711886,99673,1097,681,226,99,78663,44883,1.2395132081907838,496,311,11358,17023,33957,24855,2865,7030,48515,38276,0,0,1418,107,1017,3841,23178,6821,5362,0,0,36917,20624,35,353,0,0,0,0,0
828,2381,829.0188252604197,99673,1074,677,226,99,78759,44947,1.2411184573555527,489,308,11427,17078,33916,24833,2867,7004,48526,38286,0,0,1404,107,1017,3852,23220,6853,5339,0,0,36917,20576,35,353,0,0,0,0,0
829,2381,830.1137850011506,99673,1017,671,226,99,78891,45045,1.2434260030299078,472,283,11516,17155,33906,24810,2862,6981,48536,38296,0,0,1398,107,1012,3854,23290,6913,5315,0,0,36899,20498,34,353,0,0,0,0,0
830,2381,831.2101380084878,99673,971,642,226,99,79006,45121,1.2453422692203506,474,288,11614,17234,33863,24778,2851,6958,48546,38306,0,0,1392,106,1012,3862,23373,6957,5285,0,0,36869,20433,34,350,0,0,0,0,0
831,2381,832.0338233351134,99673,949,632,226,99,79099,45181,1.2468772887341608,453,290,11680,17307,33846,24743,2845,6928,48556,38316,0,0,1388,106,1012,3861,23435,6991,5256,0,0,36843,20397,34,350,0,0,0,0,0
832,2381,833.133768671461,99673,960,619,226,99,79242,45265,1.2491547359866764,435,277,11761,17381,33784,24726,2833,6897,48566,38326,0,0,1371,104,1010,3859,23482,7040,5241,0,0,36834,20349,34,349,0,0,0,0,0
833,2381,834.2360926707644,99672,923,608,227,99,79348,45339,1.2509731920699896,451,278,11860,17466,33711,24683,2827,6865,48576,38336,0,0,1362,104,1007,3864,23526,7086,5215,0,0,36835,20290,34,349,0,0,0,0,0
834,2381,835.064265604103,99672,913,610,227,99,79444,45413,1.2526787864194557,424,257,11932,17527,33683,24657,2820,6849,48586,38346,0,0,1354,104,1005,3857,23571,7124,5201,0,0,36823,20250,34,349,0,0,0,0,0
835,2381,836.1702340845053,99672,890,593,227,99,79575,45485,1.2547154667308773,405,270,12042,17607,33628,24611,2807,6819,48596,38356,0,0,1341,103,1002,3850,23631,7173,5188,0,0,36806,20195,34,349,0,0,0,0,0
836,2381,837.0012744665645,99672,870,568,227,99,79664,45538,1.2561401396580785,400,265,12114,17663,33582,24600,2806,6804,48606,38366,0,0,1338,103,998,3840,23683,7214,5176,0,0,36790,20147,34,349,0,0,0,0,0
837,2381,838.1119519449053,99671,833,542,228,99,79778,45596,1.257878420001806,394,264,12215,17729,33534,24580,2795,6785,48616,38375,0,0,1327,102,997,3835,23739,7262,5161,0,0,36774,20094,33,347,0,0,0,0,0
838,2381,839.2251323497513,99671,805,526,228,99,79872,45657,1.2594335363345406,410,264,12305,17808,33466,24539,2785,6763,48626,38384,0,0,1315,102,995,3835,23782,7305,5147,0,0,36760,20051,33,346,0,0,0,0,0
839,2381,840.0615389411853,99671,801,522,228,99,79971,45708,1.260938487624284,371,253,12377,17892,33446,24485,2776,6748,48636,38393,1,1,1304,102,993,3827,23809,7346,5137,0,0,36753,20020,33,346,0,1,0,0,0
840,2381,841.1783326057033,99671,782,505,228,99,80082,45773,1.2627042971375826,345,259,12484,17980,33395,24438,2765,6718,48646,38402,2,2,1295,99,994,3829,23841,7395,5123,0,0,36756,19960,32,345,0,2,0,0,0
841,2381,842.0174206626702,99671,740,512,228,99,80141,45841,1.2639784892295653,344,236,12566,18070,33359,24385,2762,6697,48656,38411,3,3,1289,97,995,3824,23871,7432,5114,0,0,36757,19913,32,344,0,2,0,0,1
842,2381,843.138578991271,99671,732,501,228,99,80250,45903,1.2656941336998726,322,236,12687,18163,33274,24337,2756,6663,48666,38420,4,4,1283,97,992,3820,23912,7473,5097,0,0,36758,19859,32,344,0,2,0,0,2
843,2381,844.2629267537276,99671,690,515,228,99,80328,45981,1.2672592830412055,343,206,12793,18265,33199,24276,2746,6638,48675,38429,5,5,1277,95,991,3822,23954,7512,5078,0,0,36747,19816,31,344,0,2,0,0,2
844,2381,845.1081445988137,99671,669,488,228,99,80401,46018,1.2683629139870174,330,210,12879,18316,33153,24259,2740,6627,48684,38438,6,6,1271,94,991,3816,23980,7547,5069,0,0,36762,19762,31,343,0,3,0,0,2
845,2381,846.2378279749631,99671,663,487,228,99,80497,46075,1.2698979643025554,305,207,12993,18420,33081,24185,2729,6601,48693,38447,7,7,1261,94,988,3808,24020,7581,5060,0,0,36753,19726,31,342,0,4,0,0,3
846,2381,847.0869147405654,99670,637,472,229,99,80561,46121,1.2710143473462425,304,209,13072,18490,33034,24148,2723,6581,48702,38456,8,8,1255,94,987,3794,24067,7607,5048,0,0,36747,19690,30,342,0,6,0,0,3
847,2381,848.221298433903,99670,616,461,229,99,80645,46184,1.2724892144075448,294,207,13174,18559,32973,24120,2713,6553,48711,38465,10,9,1244,93,984,3793,24099,7647,5038,0,0,36746,19643,29,342,0,8,0,0,4
848,2381,849.0738158154498,99670,582,454,229,99,80692,46229,1.2734122604595164,302,198,13252,18638,32927,24082,2707,6528,48720,38474,12,10,1237,92,985,3793,24135,7672,5021,0,0,36732,19618,29,341,0,10,0,0,5
849,2381,850.2132366172837,99670,583,441,229,99,80773,46284,1.2747767633189526,279,203,13368,18705,32847,24046,2693,6505,48729,38483,14,11,1231,91,985,3790,24164,7704,5010,0,0,36730,19577,29,341,0,13,0,0,5
850,2381,851.0697381430743,99670,566,436,229,99,80835,46328,1.2758402729005718,276,207,13453,18767,32783,24000,2692,6490,48738,38491,17,12,1224,91,983,3787,24203,7728,4995,0,0,36718,19550,29,341,0,14,0,0,7
851,2381,852.2144170894472,99670,568,449,229,99,80922,46399,1.2774255041637403,260,188,13556,18865,32696,23931,2690,6467,48747,38499,20,13,1217,90,983,3783,24225,7767,4984,0,0,36710,19520,29,339,0,15,0,0,8
852,2381,853.0752350267882,99669,565,427,229,100,80978,46446,1.2784717414642466,255,173,13639,18943,32621,23903,2690,6453,48756,38507,24,14,1212,90,981,3774,24263,7789,4976,0,0,36712,19478,29,338,0,18,0,0,9
853,2381,854.2263235580438,99666,530,397,231,101,81040,46500,1.2796741115325185,269,168,13732,19027,32551,23870,2686,6436,48765,38515,28,15,1208,90,979,3766,24311,7828,4960,0,0,36695,19430,29,338,0,18,1,0,13
854,2381,855.0915502859095,99666,523,389,231,101,81094,46542,1.280637328677784,261,163,13822,19102,32480,23819,2682,6425,48774,38523,33,16,1202,90,976,3756,24337,7853,4953,0,0,36699,19397,29,338,0,20,1,0,15
855,2381,856.248362460632,99666,510,370,231,101,81168,46588,1.2818413501093653,253,159,13920,19210,32409,23755,2676,6404,48783,38531,38,17,1195,89,977,3749,24372,7885,4946,0,0,36692,19354,29,337,0,23,1,0,17
856,2381,857.1180594119498,99665,497,365,232,101,81220,46627,1.2827672703556916,246,140,14010,19285,32335,23713,2679,6395,48792,38539,44,18,1189,88,975,3752,24393,7906,4931,0,0,36698,19322,29,334,1,27,1,0,19
857,2381,858.2808971651152,99664,491,348,233,101,81309,46673,1.2841346925670252,215,143,14130,19370,32257,23657,2673,6380,48801,38547,51,19,1180,88,973,3757,24414,7944,4912,0,0,36700,19280,29,334,1,28,1,0,23
858,2381,859.1554812091439,99664,481,335,233,101,81352,46711,1.2849474233424305,228,128,14217,19435,32174,23627,2666,6373,48810,38555,58,20,1175,88,973,3749,24448,7966,4906,0,0,36683,19253,29,334,1,34,1,0,24
859,2381,860.032315413917,99663,467,315,234,101,81405,46736,1.2857429537541516,209,123,14304,19507,32114,23588,2671,6365,48818,38563,66,21,1173,88,970,3731,24476,7994,4900,0,0,36683,19219,29,333,1,39,1,0,26
860,2381,861.2046940828176,99662,441,299,234,102,81470,46773,1.2867793140815957,210,135,14422,19599,32029,23516,2663,6348,48826,38571,75,22,1169,88,968,3727,24501,8032,4890,0,0,36668,19183,27,335,1,44,1,0,28
861,2381,862.0862079937509,99661,428,298,234,103,81511,46802,1.2874946067167699,214,133,14505,19671,31956,23455,2662,6339,48834,38579,84,23,1164,88,968,3727,24511,8057,4878,0,0,36660,19165,27,335,1,48,1,0,31
862,2381,863.2648973763891,99661,417,294,234,103,81572,46841,1.2884980082479607,210,134,14619,19757,31866,23383,2653,6328,48842,38587,94,24,1162,88,967,3718,24534,8090,4868,0,0,36648,19138,27,335,1,52,1,0,32
863,2381,864.1511611975753,99661,408,288,234,103,81620,46876,1.289330831518849,193,126,14707,19830,31803,23335,2654,6317,48850,38595,105,25,1160,88,966,3717,24561,8109,4853,0,0,36639,19111,27,335,1,59,1,0,34
864,2381,865.0394758242609,99661,395,274,234,103,81657,46900,1.2899429064528753,184,132,14788,19890,31742,23293,2656,6307,48858,38603,117,27,1154,88,965,3715,24579,8135,4845,0,0,36624,19090,27,335,1,63,1,0,39
865,2381,866.2269800909231,99659,374,275,236,103,81709,46950,1.290992283687374,177,117,14882,19989,31675,23216,2655,6299,48866,38611,130,29,1145,88,965,3713,24601,8163,4838,0,0,36613,19053,27,335,1,68,1,0,48
866,2381,867.1196858377506,99658,358,257,236,104,81751,46971,1.2916373999076842,165,125,14984,20059,31602,23160,2654,6294,48874,38618,144,31,1140,88,965,3710,24628,8184,4830,0,0,36601,19020,27,335,1,74,1,0,54
867,2381,868.0146673579569,99658,345,261,236,104,81791,47001,1.2923398021232615,150,121,15068,20133,31550,23088,2650,6292,48882,38625,159,33,1135,87,965,3704,24641,8211,4827,0,0,36581,19005,27,334,1,85,1,0,54
868,2381,869.2109573483259,99658,334,238,236,104,81838,47030,1.293102410243031,156,123,15189,20209,31441,23039,2643,6286,48890,38632,175,35,1129,87,965,3702,24667,8237,4817,0,0,36564,18976,27,334,1,91,1,0,60
869,2381,870.1109941252118,99658,319,234,236,104,81877,47060,1.293794778141243,160,120,15266,20282,31373,22976,2645,6283,48898,38639,192,37,1129,87,964,3699,24682,8262,4802,0,0,36559,18943,27,333,1,98,1,0,71
870,2381,871.0132133676124,99658,324,229,236,104,81913,47085,1.294406871500532,158,112,15347,20348,31286,22920,2648,6286,48906,38646,210,39,1125,87,964,3698,24693,8279,4795,0,0,36548,18922,27,333,1,108,1,0,77
871,2381,872.2200967282868,99658,301,211,236,104,81958,47116,1.2951694796203015,156,109,15475,20442,31189,22846,2642,6287,48914,38653,230,42,1116,87,962,3694,24716,8302,4785,0,0,36553,18879,27,333,1,116,1,0,86
872,2381,873.1281101382237,99658,288,204,236,104,81984,47139,1.2956611611712054,164,104,15571,20494,31096,22796,2644,6297,48922,38660,251,45,1106,87,961,3688,24734,8316,4784,0,0,36534,18861,27,333,1,133,1,0,92
873,2381,874.0387921637346,99658,295,198,236,104,82026,47159,1.2962832888478597,148,108,15656,20533,31017,22749,2647,6307,48930,38667,273,48,1102,87,960,3683,24750,8335,4776,0,0,36511,18846,27,333,1,147,1,0,99
874,2381,875.2568564341501,99658,289,194,236,104,82068,47193,1.2970458969676293,136,94,15760,20642,30930,22658,2648,6307,48938,38674,296,51,1097,87,958,3681,24771,8358,4768,0,0,36492,18820,27,332,1,158,1,0,107
875,2381,876.1729149740063,99658,283,194,236,104,82098,47221,1.297627887374822,141,84,15856,20723,30836,22587,2647,6307,48946,38681,321,54,1089,87,956,3675,24778,8386,4767,0,0,36475,18802,27,332,1,164,1,0,118
876,2381,877.0916077895557,99658,282,186,236,104,82127,47245,1.2981597061951875,144,77,15914,20790,30771,22528,2652,6314,48954,38688,347,58,1088,87,953,3673,24788,8404,4754,0,0,36467,18777,27,331,2,179,1,0,127
877,2381,878.0124017198808,99658,275,191,236,104,82158,47266,1.2986814906981878,142,72,15996,20852,30690,22459,2660,6321,48962,38695,374,62,1086,87,952,3672,24801,8423,4741,0,0,36446,18762,27,331,2,190,2,0,136
878,2381,879.2441562682151,99658,269,179,236,104,82201,47289,1.2993437556443035,136,75,16120,20933,30582,22376,2656,6332,48969,38702,403,66,1081,87,952,3671,24814,8446,4733,0,0,36431,18731,27,331,2,205,2,0,145
879,2381,880.1709746989877,99658,259,179,236,104,82229,47306,1.299795299925746,137,77,16196,20984,30512,22308,2659,6347,48976,38709,433,70,1080,87,949,3673,24808,8473,4723,0,0,36416,18713,27,331,2,221,3,0,152
880,2381,881.1000871948527,99658,253,174,236,104,82260,47320,1.3002468442071886,128,77,16301,21066,30420,22220,2661,6358,48983,38716,465,75,1080,87,949,3669,24815,8494,4710,0,0,36399,18692,27,330,2,239,3,0,162
881,2381,882.0320093541302,99658,261,175,236,104,82298,47341,1.3008388689317465,124,73,16391,21131,30318,22145,2669,6371,48990,38723,498,80,1075,87,949,3663,24825,8505,4700,0,0,36391,18670,27,330,2,263,3,0,168
882,2381,883.279366109733,99658,253,165,236,104,82337,47361,1.3014308936563046,118,83,16520,21210,30205,22059,2667,6378,48997,38730,533,85,1070,86,947,3661,24816,8542,4692,0,0,36376,18642,27,330,2,281,3,0,183
883,2381,884.2180241392524,99658,250,171,236,104,82367,47388,1.3020028497461318,109,81,16598,21276,30133,21978,2673,6389,49004,38737,569,91,1065,86,947,3656,24818,8565,4684,0,0,36363,18620,27,329,3,299,3,0,193
884,2381,885.1590984767432,99658,246,179,236,104,82397,47409,1.3025145999317667,97,74,16699,21334,30048,21890,2673,6418,49011,38743,607,97,1064,86,947,3656,24808,8593,4672,0,0,36345,18602,27,328,3,321,3,0,203
885,2381,886.1030138842583,99658,244,159,236,104,82424,47424,1.302936041261113,96,72,16790,21395,29954,21831,2679,6438,49018,38749,646,103,1059,86,946,3653,24821,8608,4666,0,0,36329,18567,27,328,3,343,3,0,219
886,2381,887.0501009136883,99658,238,155,236,104,82450,47435,1.3033073110036324,91,72,16884,21449,29872,21765,2678,6454,49025,38755,687,110,1053,86,946,3652,24819,8628,4660,0,0,36304,18549,27,328,3,369,3,0,231
887,2381,888.000003292228,99658,236,155,236,104,82466,47450,1.3036183748419594,100,79,16974,21488,29772,21692,2681,6481,49032,38761,730,117,1049,86,946,3653,24809,8651,4650,0,0,36289,18532,27,327,3,391,3,0,242
888,2381,889.2709071678233,99658,217,148,236,104,82494,47473,1.3041301250275943,99,77,17099,21567,29666,21610,2682,6493,49039,38767,774,124,1045,86,945,3648,24815,8680,4644,0,0,36268,18494,26,327,3,413,3,0,261
889,2381,890.2274847434757,99658,213,145,236,104,82517,47494,1.3045716349916716,102,73,17201,21640,29564,21523,2683,6514,49046,38773,820,132,1040,85,945,3642,24814,8704,4638,0,0,36243,18472,26,327,3,441,3,0,275
890,2381,891.1873852809114,99658,210,140,236,104,82540,47512,1.3049830420036526,98,72,17286,21698,29485,21445,2684,6540,49053,38779,868,140,1035,85,944,3639,24814,8725,4632,0,0,36221,18445,26,327,3,467,4,0,291
891,2381,892.1500413897859,99658,198,140,236,104,82561,47532,1.3053944490156335,102,67,17370,21741,29409,21378,2684,6569,49060,38785,918,149,1030,85,941,3634,24816,8747,4627,0,0,36197,18416,26,325,4,494,6,0,310
892,2381,893.1151652743432,99658,201,143,236,104,82586,47553,1.3058560276144413,103,59,17447,21799,29322,21295,2690,6599,49067,38791,969,158,1025,85,941,3632,24812,8767,4621,0,0,36176,18389,26,324,5,520,6,0,329
893,2381,894.0830466621338,99658,196,140,236,104,82615,47569,1.3063075718958839,90,66,17554,21837,29231,21224,2692,6628,49074,38797,1022,168,1021,85,940,3632,24801,8794,4614,0,0,36159,18357,26,324,5,550,7,0,343
894,2381,895.054121317525,99658,192,136,236,104,82634,47584,1.3066487386863073,93,59,17622,21903,29156,21139,2700,6658,49081,38803,1077,178,1018,85,939,3628,24794,8822,4610,0,0,36127,18333,25,324,5,579,8,0,361
895,2381,896.0278818339034,99658,179,132,236,104,82652,47601,1.306999939794096,94,60,17717,21963,29067,21058,2706,6682,49088,38809,1134,189,1013,85,939,3629,24792,8846,4602,0,0,36094,18301,25,323,6,612,8,0,383
896,2381,897.004771476213,99657,163,121,237,104,82675,47612,1.3073542249917216,90,58,17813,22016,28979,20983,2717,6717,49095,38815,1193,200,1009,85,939,3624,24793,8875,4592,0,0,36065,18271,25,323,6,640,8,0,402
897,2381,898.3124017617026,99657,166,117,237,104,82703,47633,1.3078459114763639,85,50,17952,22109,28836,20883,2723,6736,49102,38821,1254,212,1008,85,939,3621,24792,8904,4582,0,0,36033,18244,25,322,7,669,8,0,418
898,2381,899.2972061845437,99657,166,100,237,104,82724,47639,1.30811684076382,88,61,18023,22141,28755,20815,2730,6778,49109,38827,1316,224,1004,83,939,3619,24796,8925,4575,0,0,35996,18215,25,321,8,702,10,0,439
899,2381,900.2851254620642,99657,168,101,237,104,82736,47651,1.3083576667971142,115,82,18084,22189,28671,20769,2724,6754,49109,38827,1316,224,1004,83,939,3621,24799,8928,4571,0,0,36001,18207,25,320,8,702,10,0,439
900,2381,900.2851254620642,99657,175,99,237,104,82748,47659,1.3085583551581925,112,78,18112,22199,28630,20716,2733,6803,49109,38827,1380,237,1004,83,939,3620,24781,8953,4570,0,4,35962,18189,25,320,8,736,10,0,453
901,2381,901.2767634821583,99657,191,98,237,104,82785,47675,1.3090901793150507,103,78,18210,22239,28531,20640,2727,6840,49109,38827,1446,250,1002,83,937,3620,24768,8978,4569,2,16,35915,18159,25,319,8,773,12,0,471
902,2381,902.2717797909556,99657,190,106,237,104,82816,47697,1.3096220034719086,99,69,18294,22287,28453,20560,2726,6873,49109,38827,1514,264,1000,83,937,3618,24758,9008,4568,4,22,35866,18125,25,318,9,805,12,0,499
903,2381,903.26977033968,99657,194,104,237,104,82842,47713,1.3100434490301736,108,69,18399,22332,28335,20480,2726,6910,49109,38827,1584,279,998,83,937,3618,24744,9035,4567,6,31,35822,18083,25,318,9,837,12,0,532
904,2381,904.2714935706589,99657,186,114,237,104,82863,47736,1.3104849634245461,115,61,18497,22381,28232,20386,2732,6953,49109,38827,1656,294,997,83,936,3620,24736,9062,4562,7,36,35766,18056,25,316,9,879,13,0,554
905,2381,905.2770610673504,99657,184,111,237,104,82887,47750,1.3108662713105954,120,56,18592,22432,28133,20308,2733,6988,49109,38827,1730,310,997,82,931,3622,24732,9083,4559,7,49,35710,18015,25,316,9,921,17,0,582
906,2381,906.2862122932424,99657,195,113,237,104,82919,47766,1.3113479233771836,108,53,18677,22476,28044,20218,2738,7035,49109,38827,1806,326,995,82,929,3623,24719,9109,4556,9,57,35662,17980,25,315,10,958,19,0,609
907,2381,907.2984034534506,99657,201,104,237,104,82949,47778,1.3117693689354486,106,65,18753,22511,27956,20140,2746,7075,49109,38827,1884,343,995,82,929,3620,24718,9134,4555,9,69,35597,17943,25,314,10,1004,19,0,634
908,2381,908.3137365556789,99657,201,102,237,104,82978,47799,1.3122710898381449,102,56,18823,22550,27881,20066,2755,7121,49109,38827,1964,361,995,81,929,3624,24711,9162,4550,9,82,35533,17899,25,313,11,1049,19,0,665
909,2381,909.3320782336713,99657,206,106,237,104,83007,47815,1.3127226386505715,107,62,18925,22590,27761,19971,2763,7166,49109,38827,2046,380,995,81,929,3626,24697,9196,4547,9,85,35478,17862,25,312,11,1086,19,0,699
910,2381,910.0131859213031,99657,212,104,237,104,83032,47825,1.313073843282459,105,62,18975,22616,27697,19891,2773,7222,49109,38827,2130,399,994,81,927,3623,24687,9224,4547,10,90,35417,17832,25,312,11,1134,19,0,724
911,2381,911.0380741135357,99657,207,109,237,104,83060,47847,1.313575564185155,101,59,19076,22632,27602,19819,2776,7276,49109,38827,2216,419,993,81,926,3624,24685,9250,4541,11,95,35351,17793,25,312,11,1182,20,0,757
912,2381,912.0663170395944,99657,196,110,237,104,83090,47866,1.3140672506697975,102,54,19164,22674,27519,19727,2781,7330,49109,38827,2304,440,992,81,924,3626,24669,9286,4538,12,112,35281,17745,25,310,13,1233,22,0,788
913,2381,913.0977621030737,99657,201,110,237,104,83118,47880,1.3144886962280622,98,55,19250,22715,27422,19633,2791,7382,49109,38827,2394,462,990,81,922,3626,24655,9319,4538,14,116,35217,17708,25,310,13,1278,24,0,821
914,2381,914.1329839195811,99657,197,108,237,104,83147,47898,1.3149603138765966,95,54,19335,22754,27331,19542,2804,7437,49109,38827,2486,484,990,81,920,3628,24637,9358,4536,14,132,35138,17671,25,309,14,1336,26,1,841
915,2381,915.1718401133234,99657,191,106,237,104,83170,47912,1.3153315873445919,100,58,19438,22804,27223,19437,2810,7490,49109,38827,2580,507,990,81,916,3630,24613,9399,4533,14,139,35061,17645,25,309,14,1397,30,1,860
916,2381,916.2147195584947,99657,186,105,237,104,83205,47926,1.3158232738292344,96,62,19519,22855,27139,19323,2822,7550,49109,38827,2676,531,987,80,913,3631,24602,9437,4529,17,145,34994,17602,25,308,15,1442,32,3,895
917,2381,917.2609840277491,99657,202,108,237,104,83238,47943,1.3163249947319304,89,58,19596,22892,27039,19229,2836,7608,49109,38827,2774,556,986,80,911,3629,24582,9471,4528,18,152,34934,17559,25,306,16,1492,34,4,930
918,2381,918.3111156750041,99657,192,106,237,104,83260,47956,1.3166761993638179,98,62,19682,22933,26939,19131,2851,7663,49109,38827,2874,582,986,80,910,3629,24561,9513,4526,18,163,34860,17513,25,303,18,1548,35,4,965
919,2381,919.0132761524291,99657,183,111,237,104,83277,47966,1.316947128651274,97,62,19727,22954,26890,19038,2865,7730,49109,38827,2976,609,986,80,909,3632,24527,9557,4523,18,168,34799,17471,25,301,19,1601,35,5,1001
920,2381,920.069160867526,99657,181,110,237,104,83295,47978,1.3172481611928917,104,69,19807,23005,26794,18927,2876,7784,49109,38827,3079,637,985,80,908,3634,24505,9590,4520,19,179,34738,17415,25,301,19,1652,36,5,1046
921,2381,921.1287942914588,99657,183,109,237,104,83326,47992,1.3176997100053183,100,70,19889,23037,26699,18831,2891,7848,49109,38827,3184,665,983,80,906,3635,24479,9635,4518,21,187,34665,17371,25,301,19,1707,38,5,1082
922,2381,922.1919166319269,99657,176,111,237,104,83347,48009,1.3180810178913673,105,75,19959,23071,26611,18724,2911,7914,49109,38827,3291,694,983,79,903,3635,24458,9674,4516,21,195,34598,17322,25,299,20,1761,40,6,1122
923,2381,923.2585802145006,99657,173,116,237,104,83370,48031,1.318532566703794,112,74,20027,23112,26519,18625,2931,7968,49109,38827,3400,724,982,79,903,3632,24449,9705,4514,22,203,34527,17264,25,298,21,1815,40,8,1170
924,2381,924.3289793731245,99657,175,112,237,104,83396,48051,1.3189941499342746,114,79,20105,23157,26416,18511,2952,8036,49109,38827,3511,755,982,79,901,3633,24428,9746,4513,22,216,34446,17212,25,298,21,1876,42,10,1207
925,2381,925.0448304713893,99657,178,114,237,104,83420,48062,1.319345354566162,111,75,20134,23158,26361,18431,2978,8117,49109,38827,3624,787,979,79,899,3635,24399,9786,4512,25,221,34365,17179,24,298,21,1946,44,11,1234
926,2381,926.1214244478616,99657,174,119,237,104,83450,48079,1.3198169722146964,110,79,20215,23191,26265,18316,2998,8190,49109,38827,3739,820,978,79,897,3639,24381,9826,4507,26,228,34268,17143,24,297,21,2024,45,12,1262
927,2381,927.2019819469698,99657,173,120,237,104,83480,48098,1.3203086586993387,112,76,20291,23224,26166,18219,3020,8256,49109,38827,3856,854,977,79,895,3638,24359,9871,4505,27,238,34196,17085,24,297,21,2077,46,13,1309
928,2381,928.286617056932,99657,166,112,237,104,83510,48116,1.3207903107659271,107,73,20346,23255,26104,18120,3039,8335,49109,38827,3974,889,975,79,892,3637,24346,9918,4503,29,250,34089,17046,24,296,22,2154,48,13,1336
929,2381,929.0114704232811,99657,174,117,237,104,83535,48131,1.321191687488084,109,64,20378,23246,26034,18047,3067,8421,49109,38827,4094,925,975,79,892,3636,24313,9960,4502,29,256,34013,17000,24,295,23,2223,48,15,1374
930,2381,930.1019296727728,99657,170,116,237,104,83558,48151,1.321623167464403,118,64,20462,23276,25925,17948,3087,8491,49109,38827,4216,962,975,79,889,3635,24285,10013,4499,29,264,33923,16956,24,295,23,2292,51,15,1410
931,2381,931.1969327205843,99657,182,104,237,104,83589,48162,1.3220446130226677,109,75,20559,23326,25807,17837,3105,8553,49109,38827,4340,1000,973,79,889,3636,24256,10061,4496,31,275,33838,16901,24,295,23,2360,51,15,1454
932,2381,932.2964676682251,99657,185,106,237,104,83614,48181,1.3224861274170405,119,77,20613,23345,25719,17739,3126,8628,49109,38827,4465,1039,972,78,889,3636,24230,10108,4496,32,279,33747,16856,24,293,25,2431,51,18,1492
933,2381,933.0316330902403,99657,197,109,237,104,83640,48197,1.3229075729753053,115,75,20662,23334,25634,17666,3154,8711,49109,38827,4592,1080,970,78,887,3633,24208,10146,4496,34,283,33664,16805,24,293,25,2501,53,20,1537
934,2381,934.1385238314776,99657,204,114,237,104,83676,48219,1.3234895692224329,103,70,20750,23364,25521,17561,3184,8786,49109,38827,4721,1122,969,78,886,3633,24178,10194,4495,35,295,33577,16753,24,291,26,2573,53,22,1575
935,2381,935.2501414219967,99657,193,118,237,104,83698,48238,1.3239009803626438,117,73,20813,23391,25434,17446,3205,8867,49109,38827,4851,1165,969,78,884,3627,24142,10251,4494,35,303,33487,16708,24,291,26,2649,55,22,1612
936,2381,936.3657850912979,99657,187,123,237,104,83726,48259,1.3243926668472863,120,78,20878,23385,25346,17358,3231,8951,49109,38827,4983,1209,968,77,880,3629,24125,10289,4490,36,313,33397,16640,24,291,26,2722,58,23,1669
937,2381,937.1116738754855,99657,184,119,237,104,83745,48270,1.324693699388904,118,78,20914,23372,25285,17264,3261,9062,49109,38827,5116,1254,968,77,879,3626,24090,10340,4489,36,322,33305,16593,24,289,27,2803,59,24,1706
938,2381,938.2340225440877,99657,195,124,237,104,83781,48296,1.3253158333082473,105,75,20994,23381,25179,17173,3289,9142,49109,38827,5251,1300,968,77,876,3630,24048,10398,4484,36,336,33215,16536,24,289,27,2878,62,24,1749
939,2381,939.3609666664598,99656,190,124,238,104,83810,48319,1.325850927189532,115,75,21060,23410,25074,17057,3322,9229,49109,38827,5387,1347,967,77,874,3627,24025,10452,4481,37,343,33107,16482,24,289,27,2960,64,27,1793
940,2381,940.1147254020475,99655,195,133,239,104,83834,48338,1.32629572023481,113,73,21077,23403,25010,16963,3365,9323,49109,38827,5525,1396,965,77,871,3628,23984,10505,4480,39,345,33019,16433,24,288,28,3035,67,27,1840
941,2381,941.2491085842541,99655,196,134,239,104,83864,48355,1.3267673473483519,115,74,21139,23424,24912,16853,3398,9410,49109,38827,5664,1446,964,77,867,3630,23947,10557,4476,40,356,32917,16378,24,287,29,3125,70,28,1883
942,2381,942.0078140026142,99655,205,135,239,104,83893,48370,1.3272088706035823,112,77,21181,23379,24829,16788,3433,9516,49109,38827,5805,1497,963,77,866,3632,23905,10611,4473,41,363,32823,16321,24,286,30,3208,71,28,1933
943,2381,943.1502388133864,99655,200,131,239,104,83921,48390,1.327690532336561,127,79,21234,23398,24732,16688,3467,9599,49109,38827,5947,1549,961,77,863,3628,23871,10672,4472,43,377,32715,16264,24,284,30,3297,73,28,1976
944,2381,944.2971961328969,99655,210,133,239,104,83963,48413,1.3283427825999699,124,77,21300,23423,24625,16574,3501,9688,49109,38827,6090,1602,960,77,861,3628,23847,10724,4469,44,383,32612,16209,24,282,32,3376,74,31,2022
945,2381,945.0642886940894,99655,215,129,239,104,83981,48427,1.3286638904219557,132,78,21338,23431,24532,16477,3543,9780,49109,38827,6235,1657,960,76,859,3629,23811,10773,4469,44,393,32513,16148,24,280,34,3462,76,32,2072
946,2381,946.2201599347578,99654,234,129,239,105,84029,48447,1.3293595841611978,123,87,21390,23439,24432,16369,3581,9870,49109,38827,6381,1713,959,76,855,3625,23770,10840,4469,45,401,32410,16091,24,278,36,3545,77,33,2120
947,2381,947.3805194684543,99653,245,141,240,105,84068,48477,1.330065326683592,124,72,21455,23445,24318,16270,3617,9966,49109,38827,6528,1770,959,76,853,3628,23736,10890,4463,45,411,32316,16019,24,277,36,3626,79,35,2180
948,2381,948.1570239398144,99653,225,138,240,105,84086,48488,1.330356336487612,131,78,21515,23418,24226,16187,3662,10073,49109,38827,6676,1828,958,76,851,3629,23692,10955,4458,46,420,32206,15966,24,276,37,3720,80,38,2221
949,2381,949.3271652141793,99653,217,140,240,105,84118,48507,1.330868112349854,133,78,21589,23441,24115,16071,3705,10164,49109,38827,6825,1888,957,76,847,3627,23651,11014,4455,47,429,32107,15900,24,274,38,3807,84,42,2274
950,2381,950.1103284843955,99653,218,134,240,105,84141,48521,1.3312394007205002,130,76,21616,23416,24040,16000,3755,10268,49109,38827,6975,1949,956,76,842,3628,23610,11076,4452,48,436,32014,15832,24,274,38,3881,89,42,2335
951,2381,951.2898144023528,99653,227,135,240,105,84177,48539,1.331781281045227,128,73,21684,23440,23921,15891,3799,10355,49109,38827,7126,2011,955,76,839,3633,23572,11130,4445,49,444,31898,15779,24,274,38,3983,92,43,2379
952,2381,952.079316555935,99653,229,139,240,105,84208,48558,1.3322830220866406,126,77,21708,23401,23853,15819,3843,10458,49109,38827,7278,2074,953,76,836,3630,23528,11195,4444,50,449,31808,15711,24,274,38,4057,95,44,2441
953,2381,953.2679371605304,99653,227,148,240,105,84243,48584,1.3328951461571654,126,73,21779,23411,23736,15704,3891,10558,49109,38827,7431,2139,952,76,831,3629,23490,11258,4439,51,459,31698,15648,24,274,38,4148,100,44,2494
954,2381,954.0634623202213,99653,231,146,240,105,84271,48597,1.3333065738111245,116,73,21814,23389,23657,15607,3941,10679,49109,38827,7585,2205,951,76,828,3629,23442,11322,4438,52,468,31597,15584,24,271,40,4235,103,49,2544
955,2381,955.2616591914416,99653,231,139,240,105,84305,48616,1.3338384193150232,111,72,21893,23400,23542,15514,3982,10769,49109,38827,7740,2272,951,76,826,3632,23403,11387,4433,52,478,31482,15514,24,269,41,4328,104,53,2600
956,2381,956.0637470082302,99653,222,139,240,105,84323,48634,1.334199672864841,120,68,21920,23357,23472,15447,4025,10883,49109,38827,7896,2340,951,76,824,3632,23357,11453,4430,52,485,31369,15452,24,265,44,4426,106,54,2653
957,2381,957.2717327584587,99653,226,133,240,105,84357,48656,1.3347616228312245,122,65,21965,23382,23371,15355,4075,10959,49109,38827,8053,2410,950,76,822,3633,23309,11528,4427,53,495,31256,15389,24,264,45,4515,107,58,2702
958,2381,958.0799934434536,99653,219,128,240,105,84377,48670,1.3351028067393858,129,68,21996,23337,23287,15283,4128,11078,49109,38827,8211,2481,950,76,820,3633,23260,11594,4423,53,502,31153,15321,24,263,45,4606,109,59,2762
959,2381,959.2976926467616,99653,233,125,240,105,84419,48695,1.33577513973488,123,66,22066,23359,23156,15185,4181,11159,49109,38827,8369,2553,950,76,815,3632,23222,11658,4420,53,514,31040,15257,24,262,46,4697,114,61,2812
960,2381,960.1132558076498,99653,245,116,240,105,84456,48705,1.3362467763138088,121,69,22108,23342,23043,15097,4242,11270,49109,38827,8528,2627,949,76,810,3632,23178,11721,4420,54,521,30921,15204,24,260,47,4799,118,65,2854
961,2381,961.3430671363734,99652,246,111,241,105,84500,48726,1.3369124553445992,128,78,22171,23351,22919,14986,4294,11368,49109,38827,8688,2702,948,76,808,3637,23130,11792,4414,54,534,30812,15130,24,257,50,4886,120,70,2910
962,2381,962.1665734302836,99652,240,111,241,105,84525,48739,1.3372937823626219,127,83,22193,23326,22844,14900,4354,11474,49109,38827,8848,2778,948,76,807,3639,23094,11852,4410,54,536,30689,15070,24,255,52,4987,121,72,2966
963,2381,963.4073180921213,99652,231,123,241,105,84571,48766,1.3380263316340866,121,69,22249,23351,22755,14790,4402,11561,49109,38827,9009,2855,946,76,806,3644,23048,11929,4402,56,546,30562,15005,24,254,53,5086,122,72,3021
964,2381,964.2372050175734,99652,224,120,241,105,84594,48784,1.3384377634166902,132,65,22268,23313,22664,14715,4470,11681,49109,38827,9170,2934,945,76,801,3644,22984,12010,4400,57,558,30444,14941,24,254,53,5191,125,73,3072
965,2381,965.0702030187455,99652,221,120,241,105,84615,48795,1.3387588809055513,136,62,22301,23286,22574,14621,4526,11805,49109,38827,9332,3014,945,76,799,3646,22934,12077,4397,57,564,30332,14879,24,253,54,5287,127,76,3125
966,2381,966.3261145626378,99652,241,132,241,105,84669,48825,1.339601814313812,112,55,22369,23309,22458,14509,4578,11889,49109,38827,9494,3095,943,76,795,3644,22887,12147,4395,59,571,30210,14804,24,252,55,5391,130,77,3192
967,2381,967.1669433211622,99652,240,133,241,105,84699,48838,1.3400333159394693,111,55,22375,23305,22391,14411,4641,11990,49109,38827,9657,3178,943,76,793,3644,22845,12214,4393,59,575,30080,14744,24,250,57,5499,132,77,3247
968,2381,968.010468246339,99652,240,132,241,105,84723,48851,1.340404608035965,120,63,22398,23292,22292,14303,4708,12104,49109,38827,9820,3262,943,76,792,3643,22789,12285,4391,59,583,29965,14675,24,249,58,5602,133,78,3307
969,2381,969.2760545032686,99652,232,131,241,105,84758,48872,1.3409665636414723,118,59,22460,23325,22189,14188,4759,12191,49109,38827,9983,3347,943,76,788,3646,22730,12370,4385,59,593,29844,14611,24,247,59,5701,137,81,3358
970,2381,970.1180579795612,99652,225,135,241,105,84780,48886,1.3413278208164412,127,55,22479,23299,22102,14096,4825,12309,49109,38827,10147,3433,942,76,785,3646,22679,12441,4384,60,598,29724,14546,24,246,59,5804,140,85,3413
971,2381,971.3792695932407,99652,220,131,241,105,84819,48904,1.3418998113434752,122,68,22521,23293,22010,13992,4885,12410,49109,38827,10311,3520,940,76,782,3645,22634,12514,4380,62,612,29592,14476,24,245,60,5914,142,87,3467
972,2381,972.2187308639071,99652,225,132,241,105,84847,48919,1.3423313129691326,115,63,22548,23271,21923,13907,4947,12521,49109,38827,10475,3609,940,76,777,3644,22590,12579,4378,61,614,29474,14415,24,245,60,6017,146,89,3523
973,2381,973.0573364334349,99652,217,133,241,105,84871,48932,1.3427026050656283,115,63,22566,23249,21839,13838,5021,12611,49109,38827,10639,3699,939,76,776,3646,22537,12650,4374,62,616,29350,14351,24,243,61,6126,147,93,3581
974,2381,974.3137274566253,99651,209,132,242,105,84905,48954,1.3432780403608593,104,65,22621,23236,21741,13756,5082,12705,49109,38827,10803,3790,939,76,773,3651,22501,12717,4366,62,624,29230,14273,24,242,61,6219,150,97,3646
975,2381,975.1497179332307,99651,201,122,242,105,84921,48963,1.3435289159165487,107,65,22631,23220,21659,13658,5159,12829,49109,38827,10967,3882,939,76,771,3649,22446,12791,4364,62,635,29112,14200,24,241,62,6322,152,99,3706
976,2381,976.4027762834771,99651,190,114,242,105,84947,48979,1.3439503868501068,123,79,22672,23231,21552,13562,5220,12908,49109,38827,11131,3975,939,76,767,3648,22392,12869,4362,62,643,28985,14127,24,240,62,6429,156,107,3763
977,2381,977.2368745889883,99651,195,119,242,105,84974,48995,1.3443818928058926,114,75,22685,23190,21463,13477,5300,13033,49109,38827,11295,4070,938,76,761,3648,22341,12936,4360,63,641,28854,14078,24,238,63,6548,161,114,3807
978,2381,978.0704834514213,99651,199,120,242,105,84998,49009,1.3447632236505405,114,70,22690,23143,21375,13410,5379,13151,49109,38827,11459,4166,938,76,755,3649,22269,13023,4357,63,645,28753,14018,24,236,65,6637,166,119,3858
979,2381,979.3201933629424,99651,196,128,242,105,85039,49034,1.3454255351175604,107,70,22746,23138,21262,13322,5446,13236,49109,38827,11623,4263,937,75,749,3655,22217,13096,4349,64,655,28631,13947,24,234,65,6745,170,126,3912
980,2381,980.1518626623008,99651,189,129,242,105,85058,49052,1.3457968309399806,113,70,22784,23097,21153,13246,5518,13352,49109,38827,11787,4361,937,75,747,3655,22151,13176,4349,64,662,28512,13873,24,234,65,6851,171,129,3976
981,2381,981.3969182466566,99651,182,132,242,105,85093,49082,1.3464491073847729,107,73,22822,23093,21064,13163,5582,13433,49109,38827,11951,4460,935,75,742,3657,22098,13257,4345,66,670,28370,13817,24,232,66,6971,175,135,4016
982,2381,982.2257177784711,99651,172,140,242,105,85116,49102,1.3468806133405586,107,67,22840,23038,20982,13103,5656,13546,49109,38827,12115,4560,934,75,741,3657,22032,13341,4343,67,675,28261,13745,24,232,66,7064,176,143,4075
983,2381,983.0541196651824,99651,174,141,242,105,85136,49120,1.3472619441852063,107,69,22865,23013,20881,13024,5730,13647,49109,38827,12279,4661,934,75,735,3657,21963,13424,4342,67,682,28128,13694,24,232,66,7185,181,148,4114
984,2381,984.2945631881382,99651,165,129,242,105,85164,49135,1.347693450140992,105,67,22915,23037,20767,12935,5805,13726,49109,38827,12442,4763,933,75,732,3658,21908,13509,4339,68,686,28002,13626,24,230,68,7284,184,154,4171
985,2381,985.1202651898907,99651,171,129,242,105,85190,49151,1.3481149210745502,97,64,22937,23004,20666,12862,5886,13835,49109,38827,12605,4866,932,75,730,3659,21839,13589,4336,69,695,27877,13565,24,230,68,7400,186,156,4221
986,2381,986.3569604478793,99651,172,133,242,105,85214,49173,1.3485765320970187,100,60,22988,23013,20545,12766,5952,13922,49109,38827,12768,4970,931,75,730,3658,21775,13670,4335,70,698,27755,13503,24,229,69,7507,186,165,4271
987,2381,987.1798176253052,99651,174,128,242,105,85233,49187,1.3489076878305286,93,62,22999,22979,20449,12699,6042,14026,49109,38827,12931,5075,929,75,727,3659,21716,13746,4331,72,699,27647,13434,24,227,71,7603,187,172,4332
988,2381,988.0024708906224,99651,180,122,242,105,85263,49199,1.3493291587640868,86,66,23013,22957,20360,12613,6118,14136,49109,38827,13093,5181,929,75,719,3657,21651,13831,4329,72,704,27529,13369,24,227,71,7705,195,177,4387
989,2381,989.2352740006448,99651,176,113,242,105,85296,49218,1.3498509799199205,89,58,23043,22987,20264,12524,6185,14212,49109,38827,13255,5288,929,75,715,3662,21597,13914,4323,72,711,27394,13302,24,226,71,7814,198,185,4439
990,2381,990.056206309896,99651,182,111,242,105,85315,49229,1.3501520305867478,97,57,23047,22953,20163,12451,6268,14322,49109,38827,13416,5396,929,75,711,3661,21537,13986,4323,72,714,27277,13230,24,226,71,7921,201,190,4503
991,2381,991.2873459460028,99651,179,110,242,105,85340,49254,1.3506537816981266,96,53,23093,22951,20050,12366,6339,14414,49109,38827,13577,5505,929,75,707,3664,21473,14075,4319,72,714,27148,13165,24,226,71,8028,204,197,4560
992,2381,992.106778671113,99651,178,115,242,105,85357,49264,1.350924727298271,111,55,23089,22926,19950,12276,6429,14522,49109,38827,13738,5615,929,75,705,3664,21411,14144,4319,72,716,27035,13091,23,225,72,8135,206,203,4626
993,2381,993.3355811660958,99651,178,106,242,105,85386,49281,1.3513863383207394,116,60,23095,22932,19851,12193,6517,14603,49109,38827,13898,5726,929,75,700,3665,21337,14241,4316,72,722,26920,13021,23,224,73,8232,208,209,4684
994,2381,994.1543382156801,99651,169,108,242,105,85401,49295,1.351677353965339,116,64,23118,22876,19750,12126,6604,14720,49109,38827,14057,5838,928,75,699,3662,21274,14319,4315,73,728,26797,12958,23,224,73,8345,209,211,4738
995,2381,995.3815785684271,99651,185,114,242,105,85445,49316,1.3523296304101313,102,52,23139,22895,19652,12037,6679,14796,49109,38827,14216,5950,928,75,697,3662,21214,14396,4311,73,738,26677,12890,23,220,77,8453,210,213,4794
996,2381,996.1989699740055,99651,179,118,242,105,85464,49330,1.3526607861436413,102,51,23145,22877,19571,11954,6760,14894,49109,38827,14374,6063,927,75,690,3664,21138,14484,4309,73,742,26562,12834,23,220,77,8557,217,218,4841
997,2381,997.0164990099182,99651,181,120,242,105,85488,49341,1.3530120119216065,110,46,23165,22881,19469,11861,6832,14986,49109,38827,14532,6177,925,75,687,3662,21083,14552,4308,75,747,26440,12765,23,220,77,8669,220,223,4900
998,2381,998.2411040535676,99651,174,109,242,105,85512,49350,1.3533431676551164,122,54,23213,22877,19334,11786,6914,15068,49109,38827,14689,6292,924,75,685,3662,21017,14642,4304,76,750,26307,12710,23,219,78,8783,222,227,4947
999,2381,999.0559711368127,99651,188,98,242,105,85538,49358,1.3536843584108538,118,56,23233,22844,19223,11726,6995,15170,49109,38827,14846,6408,924,75,682,3662,20960,14714,4303,76,752,26189,12639,23,219,78,8887,225,234,5009
1000,2381,1000.2770223879063,99651,198,98,242,105,85580,49371,1.3542362846333704,107,62,23244,22858,19128,11638,7080,15238,49109,38827,15002,6524,923,75,680,3663,20883,14809,4299,77,754,26074,12578,23,217,79,8989,226,239,5063
1001,2381,1001.0903537919265,99651,193,92,242,105,85600,49385,1.354577475389108,103,58,23260,22830,19029,11572,7172,15342,49109,38827,15157,6641,920,75,678,3658,20808,14898,4299,80,761,25961,12512,23,217,79,9093,228,245,5116
1002,2381,1002.3100063224681,99651,189,97,242,105,85630,49409,1.355119366589397,107,54,23281,22847,18925,11472,7255,15424,49109,38827,15311,6759,920,75,674,3659,20734,14990,4295,80,762,25839,12453,23,215,81,9200,232,254,5165
1003,2381,1003.1223886340758,99651,194,103,242,105,85651,49427,1.3555107324562723,108,46,23280,22816,18831,11401,7344,15528,49109,38827,15465,6877,920,75,668,3658,20667,15069,4295,80,766,25709,12403,23,214,82,9319,238,258,5207
1004,2381,1004.3408399690898,99651,186,103,242,105,85685,49444,1.3560225185898787,114,53,23298,22821,18735,11323,7424,15594,49109,38827,15618,6996,918,75,664,3662,20596,15162,4287,82,766,25594,12343,23,213,83,9418,241,268,5256
1005,2381,1005.1526215845347,99651,186,103,242,105,85705,49453,1.3563135342344783,117,55,23272,22807,18665,11248,7517,15681,49109,38827,15770,7115,916,75,661,3661,20510,15259,4284,84,770,25501,12288,23,213,83,9505,243,270,5305
1006,2381,1006.370861138146,99651,187,103,242,105,85735,49470,1.3567851802791744,123,53,23298,22803,18547,11175,7602,15760,49109,38827,15921,7235,915,75,660,3661,20453,15335,4281,85,774,25386,12213,23,213,83,9604,244,278,5368
1007,2381,1007.18231360605,99651,192,104,242,105,85755,49482,1.3571063009904567,123,54,23287,22792,18453,11101,7702,15843,49109,38827,16072,7355,915,75,656,3659,20385,15416,4281,85,773,25255,12163,23,213,83,9725,247,281,5416
1008,2381,1008.3998817987887,99650,187,102,243,105,85782,49502,1.3575915704967385,116,57,23329,22808,18335,11017,7789,15910,49109,38827,16222,7476,912,75,654,3660,20330,15493,4276,88,779,25133,12090,23,212,84,9829,249,288,5475
1009,2381,1009.2105373819618,99650,185,103,243,105,85806,49515,1.357962870045158,106,59,23340,22776,18247,10951,7878,16005,49109,38827,16371,7597,912,75,647,3663,20250,15590,4268,88,781,25020,12041,23,210,86,9931,256,290,5519
1010,2381,1010.0210018377411,99650,185,107,243,105,85825,49529,1.3582940291018566,109,51,23360,22750,18143,10888,7959,16098,49109,38827,16519,7719,912,75,647,3664,20188,15666,4265,87,779,24900,11976,23,210,86,10040,256,297,5579
1011,2381,1011.2353393642654,99650,192,106,243,105,85860,49542,1.3587757150025088,99,54,23385,22767,18043,10813,8037,16154,49109,38827,16666,7841,911,75,644,3666,20124,15748,4263,88,788,24772,11908,23,210,86,10151,258,299,5636
1012,2381,1012.0440597761459,99650,193,101,243,105,85878,49552,1.359056698444556,103,54,23385,22758,17951,10729,8124,16252,49109,38827,16813,7964,910,75,641,3666,20041,15838,4262,89,791,24660,11857,23,209,87,10257,261,307,5676
1013,2381,1013.2571027812385,99650,191,103,243,105,85913,49572,1.35960863020572,95,59,23405,22762,17854,10640,8211,16330,49109,38827,16959,8087,909,75,639,3669,19972,15925,4259,90,803,24538,11785,23,207,88,10363,262,312,5731
1014,2381,1014.0651363241939,99650,181,102,243,105,85928,49587,1.3599096838936278,100,58,23400,22750,17775,10571,8300,16413,49109,38827,17104,8210,908,75,636,3671,19908,16007,4256,91,803,24413,11726,23,205,90,10472,265,317,5784
1015,2381,1015.277522731689,99650,171,99,243,105,85954,49604,1.3603411941796286,102,61,23414,22736,17678,10505,8391,16493,49109,38827,17248,8334,908,75,634,3667,19844,16100,4256,90,810,24286,11668,23,205,90,10577,266,324,5827
1016,2381,1016.0854056087655,99650,173,107,243,105,85975,49620,1.3607124937280481,98,51,23404,22728,17605,10440,8476,16568,49109,38827,17391,8458,908,75,631,3669,19776,16182,4252,90,806,24178,11612,23,204,91,10675,268,329,5881
1017,2381,1017.2976703659017,99650,171,113,243,105,86003,49643,1.3612242849974912,102,39,23431,22723,17495,10380,8557,16639,49109,38827,17533,8582,906,75,628,3670,19705,16273,4249,92,808,24061,11557,23,204,91,10775,270,337,5926
1018,2381,1018.1051063534558,99650,176,108,243,105,86021,49655,1.361525338685399,99,38,23401,22697,17428,10335,8652,16716,49109,38827,17674,8706,906,75,625,3669,19629,16359,4249,92,814,23957,11495,23,203,92,10871,272,342,5977
1019,2381,1019.3171707448095,99650,165,104,243,105,86050,49670,1.3619668840943302,102,45,23425,22713,17318,10264,8746,16768,49109,38827,17814,8831,905,75,622,3667,19563,16454,4245,93,814,23846,11434,23,203,92,10959,275,350,6030
1020,2381,1020.1247168839168,99650,164,109,243,105,86071,49690,1.3623783241344707,98,40,23421,22684,17244,10203,8829,16858,49109,38827,17953,8956,903,75,619,3667,19484,16547,4243,95,818,23740,11375,23,203,92,11053,278,355,6080
1021,2381,1021.3361381476261,99650,174,101,243,105,86105,49701,1.3628299046663321,89,42,23428,22723,17152,10122,8913,16906,49109,38827,18091,9081,903,74,617,3668,19414,16636,4241,95,820,23624,11317,23,203,92,11153,279,362,6129
1022,2381,1022.1437379801346,99650,181,102,243,105,86128,49713,1.363181133968891,78,45,23440,22676,17054,10082,9003,16989,49109,38827,18228,9206,902,74,614,3668,19348,16712,4239,96,816,23515,11254,23,202,92,11255,282,372,6186
1023,2381,1023.3541190905333,99650,169,103,243,105,86148,49727,1.3635223281485198,79,47,23462,22684,16965,10018,9081,17042,49109,38827,18364,9331,902,74,612,3671,19290,16790,4235,96,818,23403,11193,23,202,92,11348,284,381,6236
1024,2381,1024.1604100468498,99650,164,99,243,105,86162,49734,1.3637330657300553,80,51,23453,22677,16889,9955,9170,17112,49109,38827,18499,9456,902,74,611,3672,19237,16859,4231,96,818,23283,11137,23,201,93,11455,285,388,6285
1025,2381,1025.3703761886286,99650,159,104,243,105,86187,49755,1.364194681384847,76,53,23498,22686,16775,9889,9248,17162,49109,38827,18633,9581,901,74,608,3668,19176,16943,4230,97,822,23169,11079,23,200,94,11551,288,392,6335
1026,2381,1026.1758388623082,99649,150,97,244,105,86198,49759,1.3643588997380807,84,57,23497,22656,16682,9841,9342,17243,49109,38827,18766,9706,901,74,604,3668,19101,17027,4229,97,823,23064,11024,23,200,94,11647,292,397,6384
1027,2381,1027.3839414739268,99649,154,100,244,105,86218,49776,1.364730203012574,95,53,23516,22672,16571,9784,9419,17285,49109,38827,18898,9831,901,74,601,3667,19027,17112,4229,97,825,22955,10976,23,198,96,11746,295,404,6423
1028,2381,1028.1886383292888,99649,152,100,244,105,86235,49787,1.365011189274353,89,54,23514,22647,16482,9732,9518,17361,49109,38827,19029,9956,901,73,597,3668,18965,17189,4227,97,827,22835,10929,23,196,98,11853,299,407,6465
1029,2381,1029.3955706844479,99649,155,105,244,105,86263,49807,1.365492880008831,89,51,23532,22669,16387,9659,9592,17410,49109,38827,19159,10081,901,73,596,3667,18892,17279,4225,97,829,22730,10871,23,196,98,11944,300,411,6517
1030,2381,1030.199525360292,99649,146,97,244,105,86275,49815,1.36569358448153,92,56,23518,22646,16312,9608,9687,17487,49109,38827,19288,10206,900,73,592,3667,18836,17355,4221,98,832,22613,10826,23,196,98,12048,301,414,6556
1031,2381,1031.0041004878274,99649,144,94,244,105,86290,49826,1.3659545002960392,86,55,23510,22629,16240,9555,9775,17561,49109,38827,19416,10331,898,73,587,3666,18771,17432,4221,99,834,22506,10781,23,194,99,12148,306,417,6594
1032,2381,1032.2113308005353,99648,136,92,245,105,86312,49844,1.366369621066153,77,45,23559,22653,16128,9496,9854,17608,49109,38827,19543,10456,898,73,586,3665,18698,17521,4218,99,836,22386,10738,23,194,99,12257,307,427,6623
1033,2381,1033.0150611298084,99648,141,89,245,105,86330,49851,1.3666205041746948,78,42,23537,22635,16042,9443,9956,17685,49109,38827,19669,10581,898,73,585,3667,18628,17603,4215,99,837,22276,10690,23,194,99,12356,308,431,6666
1034,2381,1034.2211687789074,99648,143,91,245,105,86357,49865,1.367031952472704,75,37,23548,22656,15956,9384,10032,17726,49109,38827,19794,10705,898,73,584,3666,18558,17688,4213,99,835,22168,10642,23,192,101,12453,309,439,6707
1035,2381,1035.025040849831,99648,140,88,245,105,86372,49873,1.3672627649325626,79,37,23537,22639,15881,9336,10117,17794,49109,38827,19918,10829,897,73,578,3669,18499,17759,4209,100,837,22066,10590,23,190,103,12545,315,444,6751
1036,2381,1036.2311971397214,99648,136,78,245,105,86399,49884,1.3676441072575465,70,37,23567,22661,15787,9279,10194,17839,49109,38827,20041,10953,896,73,575,3666,18441,17840,4209,101,846,21949,10535,23,187,105,12644,317,451,6790
1037,2381,1037.0347238723784,99648,127,77,245,105,86408,49893,1.367824743095697,74,34,23559,22667,15702,9224,10292,17892,49109,38827,20163,11077,896,73,572,3664,18364,17931,4209,101,842,21851,10491,23,187,105,12730,320,460,6829
1038,2381,1038.2401938971539,99648,128,75,245,105,86428,49902,1.3681157675016056,78,39,23579,22685,15599,9163,10370,17932,49109,38827,20284,11201,896,73,569,3661,18307,18001,4208,101,841,21755,10435,23,186,106,12819,323,464,6880
1039,2381,1039.0431417214636,99648,134,73,245,105,86451,49910,1.3684268625561977,66,38,23568,22681,15538,9106,10448,17996,49109,38827,20404,11324,895,73,567,3665,18253,18064,4204,102,836,21655,10383,22,184,108,12911,325,475,6926
1040,2381,1040.247906565375,99648,137,74,245,105,86475,49923,1.36879816955684,63,40,23579,22723,15446,9035,10529,18022,49109,38827,20523,11447,895,73,566,3663,18196,18137,4203,102,835,21547,10328,22,184,108,13006,326,482,6975
1041,2381,1041.050602876095,99648,128,77,245,105,86486,49929,1.3689687700706488,62,42,23581,22735,15374,8963,10609,18077,49109,38827,20641,11570,895,73,563,3663,18128,18212,4200,102,834,21447,10288,22,181,111,13102,329,487,7011
1042,2381,1042.2550807604093,99647,126,77,246,105,86509,49942,1.3693437835559525,58,43,23586,22755,15301,8911,10682,18108,49109,38827,20758,11692,893,73,558,3666,18060,18291,4196,103,835,21347,10238,22,181,111,13193,334,494,7052
1043,2381,1043.0577500668012,99647,125,78,246,105,86519,49951,1.3695344566319105,59,42,23564,22754,15229,8857,10776,18163,49109,38827,20874,11814,893,73,556,3664,17995,18366,4194,103,832,21257,10190,22,180,112,13277,336,499,7098
1044,2381,1044.2629961449873,99647,121,73,246,105,86536,49963,1.369825483958373,63,44,23594,22792,15119,8801,10856,18184,49109,38827,20989,11936,892,73,554,3664,17926,18449,4192,104,836,21153,10151,22,179,112,13371,338,507,7124
1045,2381,1045.0657468243394,99647,128,75,246,105,86553,49973,1.3700964404347347,63,48,23595,22791,15035,8744,10932,18236,49109,38827,21103,12057,891,73,553,3665,17863,18519,4190,105,832,21053,10105,22,179,112,13465,339,516,7165
1046,2381,1046.269296277614,99647,128,74,246,105,86577,49987,1.3704777865866509,52,43,23635,22806,14938,8702,11000,18269,49109,38827,21216,12178,889,73,548,3664,17803,18599,4187,107,829,20957,10064,22,179,112,13548,343,525,7198
1047,2381,1047.0706963668617,99647,125,74,246,105,86587,49999,1.3706985659377604,52,38,23631,22813,14862,8651,11083,18318,49109,38827,21328,12298,889,73,545,3664,17735,18674,4186,107,832,20871,10008,22,177,114,13628,346,528,7248
1048,2381,1048.2727991237482,99647,127,71,246,105,86605,50011,1.3709996286892732,60,35,23661,22828,14747,8599,11158,18361,49109,38827,21439,12418,889,73,542,3663,17679,18747,4184,107,832,20775,9959,22,177,114,13711,348,533,7292
1049,2381,1049.0732432634848,99647,122,70,246,105,86613,50015,1.3711200537898782,72,39,23641,22841,14679,8536,11239,18408,49109,38827,21549,12537,889,73,539,3663,17620,18815,4182,107,833,20676,9923,22,177,114,13803,351,537,7323
1050,2381,1050.2744685748896,99647,127,71,246,105,86638,50026,1.3714813290916936,58,42,23661,22862,14596,8483,11311,18436,49109,38827,21658,12656,888,73,537,3661,17553,18894,4181,108,835,20580,9876,22,176,115,13891,352,542,7363
1051,2381,1051.0748076722377,99647,134,71,246,105,86655,50032,1.3717121438678535,53,45,23666,22855,14514,8435,11386,18488,49109,38827,21766,12774,888,73,536,3661,17503,18952,4179,108,836,20483,9831,22,175,116,13982,353,545,7404
1052,2381,1052.275222560359,99647,117,66,246,105,86663,50045,1.3719228877939125,60,48,23695,22859,14425,8401,11456,18520,49109,38827,21873,12892,888,73,534,3660,17444,19033,4177,108,839,20379,9784,22,175,116,14067,355,548,7445
1053,2381,1053.074710330604,99647,111,68,246,105,86669,50056,1.3720934900197699,65,41,23691,22868,14347,8359,11539,18558,49109,38827,21979,13009,888,73,532,3658,17391,19097,4177,108,837,20286,9738,22,175,116,14151,357,555,7486
1054,2381,1054.2739118605693,99647,110,76,246,105,86690,50071,1.3724547653215853,58,39,23719,22913,14256,8295,11610,18571,49109,38827,22084,13126,887,73,529,3658,17331,19170,4176,109,838,20188,9707,22,175,116,14238,359,563,7508
1055,2381,1055.0724910413082,99647,104,79,246,105,86698,50079,1.372615332122392,63,35,23708,22917,14189,8243,11689,18620,49109,38827,22188,13242,887,73,525,3657,17271,19239,4175,109,837,20099,9675,22,175,116,14320,363,566,7538
1056,2381,1056.2707039478776,99647,99,72,246,105,86712,50086,1.372826076048451,67,37,23757,22960,14089,8189,11741,18636,49109,38827,22291,13358,887,73,520,3658,17196,19327,4173,109,838,20022,9640,22,175,116,14385,368,572,7566
1057,2381,1057.0682283219867,99647,102,75,246,105,86722,50100,1.3730669262496613,65,28,23752,22963,14017,8146,11817,18682,49109,38827,22393,13473,887,73,516,3657,17136,19394,4172,109,838,19938,9595,22,174,117,14464,372,578,7605
1058,2381,1058.2642594849533,99647,103,70,246,105,86737,50108,1.3732977410258211,71,29,23792,22997,13915,8095,11872,18703,49109,38827,22494,13587,887,73,510,3657,17063,19479,4172,109,837,19857,9560,22,174,117,14534,377,584,7635
1059,2381,1059.0608696051054,99647,110,67,246,105,86755,50115,1.3735486266520818,61,33,23785,23003,13843,8054,11954,18737,49109,38827,22594,13701,887,73,508,3655,17019,19532,4171,109,838,19755,9523,22,173,118,14630,379,588,7667
1060,2381,1060.2553643047431,99647,115,62,246,105,86780,50125,1.3738998665288469,64,33,23803,23059,13763,8001,12008,18739,49109,38827,22693,13814,887,73,506,3653,16956,19612,4171,109,839,19666,9481,22,172,119,14705,380,595,7701
1061,2381,1061.051211475399,99647,112,59,246,105,86787,50130,1.374020291629452,65,33,23798,23078,13692,7952,12086,18772,49109,38827,22791,13927,885,73,502,3651,16898,19677,4170,111,839,19584,9445,22,172,119,14783,384,600,7732
1062,2381,1062.2450437697394,99647,115,56,246,105,86807,50140,1.3743213543809647,59,35,23818,23114,13609,7905,12152,18784,49109,38827,22889,14039,884,73,500,3649,16836,19752,4169,112,841,19502,9406,22,172,118,14856,386,605,7764
1063,2381,1063.040452424204,99647,111,57,246,105,86821,50144,1.3745019920318724,61,38,23806,23116,13551,7863,12224,18820,49109,38827,22986,14150,884,73,497,3646,16777,19816,4169,112,840,19419,9368,22,170,120,14937,389,611,7797
1064,2381,1064.233909199032,99647,111,59,246,105,86836,50153,1.3747428422330827,65,42,23822,23129,13473,7820,12282,18844,49109,38827,23082,14261,882,72,493,3649,16730,19873,4165,114,835,19342,9320,22,169,121,15006,393,618,7843
1065,2381,1065.0289386938732,99647,108,64,246,105,86849,50161,1.3749535861591418,66,42,23831,23137,13393,7770,12355,18881,49109,38827,23177,14371,882,72,491,3648,16652,19959,4165,114,832,19256,9292,22,169,121,15085,395,623,7869
1066,2381,1066.2208439755818,99647,106,65,246,105,86873,50172,1.3753048260359066,51,41,23871,23189,13322,7722,12403,18877,49109,38827,23271,14480,881,72,488,3646,16599,20027,4165,115,831,19172,9252,22,168,122,15156,398,631,7902
1067,2381,1067.014414594678,99647,109,58,246,105,86887,50179,1.3755155699619657,44,39,23853,23190,13269,7689,12478,18918,49109,38827,23364,14589,878,72,487,3645,16544,20095,4165,118,827,19088,9212,22,167,123,15229,399,636,7940
1068,2381,1068.2055716460432,99647,97,55,246,105,86895,50187,1.3756761367627726,52,39,23884,23243,13187,7641,12533,18916,49109,38827,23456,14697,878,72,487,3648,16490,20161,4160,118,826,18998,9178,22,167,123,15310,399,643,7967
1069,2381,1069.3953745098029,99647,101,53,246,105,86913,50199,1.3759771995142853,49,42,23935,23280,13096,7593,12572,18926,49109,38827,23547,14804,878,72,487,3647,16422,20241,4159,118,826,18927,9136,22,167,122,15372,399,651,8001
1070,2381,1070.187424564098,99647,97,53,246,105,86919,50206,1.376107660039941,55,39,23940,23302,13036,7550,12625,18950,49109,38827,23637,14910,878,72,486,3646,16367,20303,4158,118,824,18837,9109,22,167,121,15458,400,654,8027
1071,2381,1071.3746082998503,99647,90,56,246,105,86934,50217,1.376368581091252,58,40,23971,23332,12968,7508,12666,18958,49109,38827,23726,15016,877,72,480,3647,16320,20359,4156,119,825,18750,9073,22,167,121,15537,406,660,8056
1072,2381,1072.1651531666948,99647,90,54,246,105,86944,50223,1.376529147892059,61,40,23975,23364,12910,7463,12717,18973,49109,38827,23814,15121,877,72,479,3648,16267,20417,4155,119,823,18678,9035,22,165,123,15604,407,666,8090
1073,2381,1073.3507328888602,99647,96,54,246,105,86964,50233,1.376830210643572,57,41,23999,23410,12838,7420,12763,18969,49109,38827,23902,15225,877,72,478,3651,16217,20477,4151,119,825,18592,9000,22,165,123,15682,407,671,8118
1074,2381,1074.1403351687127,99647,89,57,246,105,86971,50240,1.3769707065942778,60,47,23987,23406,12777,7389,12840,18995,49109,38827,23989,15329,877,72,477,3651,16160,20537,4150,119,827,18514,8964,22,165,123,15758,408,675,8148
1075,2381,1075.3247791337162,99647,95,61,246,105,86994,50249,1.3772918401958916,56,44,24016,23452,12693,7343,12893,18994,49109,38827,24075,15432,877,72,476,3649,16114,20594,4148,119,826,18445,8927,22,162,126,15821,409,679,8181
1076,2381,1076.113784408439,99647,93,63,246,105,87004,50256,1.3774624424217488,53,49,24037,23455,12618,7305,12952,19022,49109,38827,24160,15534,877,72,474,3648,16070,20645,4146,119,826,18373,8885,22,162,126,15889,411,682,8220
1077,2381,1077.296212736007,99647,95,71,246,105,87018,50277,1.3778136822985139,59,34,24070,23503,12531,7258,12998,19028,49109,38827,24244,15635,877,72,471,3645,16024,20700,4146,119,828,18295,8849,22,161,127,15961,414,687,8249
1078,2381,1078.0834255165753,99647,85,74,246,105,87028,50288,1.3780244262245727,61,28,24078,23510,12471,7222,13058,19060,49109,38827,24327,15736,876,72,470,3645,15969,20768,4143,120,828,18224,8813,22,161,127,16022,415,691,8281
1079,2381,1079.2640282194434,99647,97,68,246,105,87051,50295,1.3783254889760856,46,32,24113,23557,12392,7183,13105,19054,49109,38827,24409,15836,876,72,466,3645,15921,20825,4142,120,832,18144,8781,22,159,129,16095,418,694,8306
1080,2381,1080.0499886530326,99647,90,72,246,105,87053,50302,1.3784158078015394,57,33,24118,23554,12326,7150,13162,19085,49109,38827,24491,15935,874,72,464,3646,15865,20885,4141,122,826,18075,8753,22,158,130,16161,420,700,8333
1081,2381,1081.2282798266126,99647,101,66,246,105,87076,50308,1.3787068351280019,48,35,24147,23593,12255,7119,13202,19081,49109,38827,24572,16033,874,72,463,3644,15816,20948,4140,122,824,18002,8723,22,158,130,16223,421,703,8362
1082,2381,1082.0130763597767,99647,102,61,246,105,87085,50313,1.378847331078708,42,34,24152,23610,12189,7078,13268,19111,49109,38827,24652,16131,873,72,460,3644,15767,21006,4140,123,825,17937,8690,22,158,130,16280,424,707,8389
1083,2381,1083.190083124745,99647,99,60,246,105,87098,50322,1.3790681104298173,48,32,24164,23673,12127,7041,13315,19088,49109,38827,24731,16228,873,72,458,3643,15724,21061,4137,123,826,17856,8660,22,158,130,16353,426,713,8412
1084,2381,1084.3661035707319,99647,85,64,246,105,87109,50333,1.3792888897809266,52,31,24207,23736,12056,6995,13353,19068,49109,38827,24809,16324,871,72,457,3644,15679,21121,4134,125,825,17776,8630,21,158,130,16422,426,717,8439
1085,2381,1085.149023230655,99647,90,66,246,105,87121,50338,1.379459492006784,51,34,24223,23749,11997,6953,13392,19092,49109,38827,24887,16419,870,72,455,3644,15622,21181,4134,126,822,17706,8601,21,158,130,16489,428,721,8467
1086,2381,1086.3225643330748,99647,83,66,246,105,87133,50345,1.3796501650827422,48,30,24256,23797,11940,6916,13426,19085,49109,38827,24964,16513,870,72,455,3642,15581,21237,4133,126,821,17643,8556,21,157,131,16540,428,726,8508
1087,2381,1087.1041096889996,99647,86,58,246,105,87143,50350,1.3798006964584986,46,29,24259,23816,11878,6883,13484,19108,49109,38827,25040,16607,870,72,454,3645,15529,21293,4130,126,826,17579,8512,21,155,133,16600,429,730,8543
1088,2381,1088.2759716519463,99647,79,60,246,105,87151,50358,1.3799612632593052,56,33,24287,23855,11806,6842,13525,19104,49109,38827,25115,16700,869,72,452,3645,15475,21357,4129,127,824,17524,8478,21,154,134,16648,431,731,8576
1089,2381,1089.0565215785628,99647,80,52,246,105,87157,50360,1.3800415466597087,59,37,24307,23865,11726,6817,13581,19123,49109,38827,25189,16792,868,72,449,3644,15432,21408,4129,128,824,17451,8455,21,153,135,16715,433,737,8593
1090,2381,1090.2261722580226,99646,91,52,246,106,87176,50375,1.3803966039780824,57,30,24328,23905,11656,6788,13621,19118,49109,38827,25263,16883,868,72,446,3644,15384,21464,4129,128,828,17376,8428,21,153,135,16782,436,741,8611
1091,2381,1091.0050791393132,99646,91,49,246,106,87187,50378,1.380537101338739,51,34,24349,23921,11597,6756,13665,19133,49109,38827,25336,16974,867,72,445,3644,15327,21527,4128,129,829,17314,8407,21,153,135,16839,437,741,8631
1092,2381,1092.1725147023853,99646,95,50,246,106,87203,50389,1.3808080605342914,47,28,24410,23968,11522,6721,13679,19126,49109,38827,25408,17064,867,72,444,3644,15285,21576,4127,129,831,17257,8364,21,152,136,16890,438,746,8667
1093,2381,1093.3372013954995,99646,104,52,246,106,87220,50397,1.3810589486783214,47,29,24445,24013,11460,6667,13697,19132,49109,38827,25479,17153,867,72,441,3644,15236,21629,4126,129,831,17193,8340,21,152,136,16952,440,750,8687
1094,2381,1094.1125363478195,99646,103,55,246,106,87231,50403,1.3812295526162615,48,28,24455,24020,11413,6629,13734,19161,49109,38827,25550,17241,866,72,439,3643,15192,21681,4125,130,829,17128,8316,21,152,136,17011,442,753,8710
