,indexID,time,N,Inf_L,Inf_H,Dead_L,Dead_H,cum_cases_L,cum_cases_H,cum_sum_per_N,Exposed_L,Exposed_H,Sus_L,Sus_H,Rec_nat_L,Rec_nat_H,Rec_vax_L,Rec_vax_H,vaccinatedH,vaccinatedL,boostedH,boostedL,count_Naive,count_Delta,count_Delta_vaccine,count_two,count_three,count_four,count_Omicron,count_Omicron_star,count_Omicron_star_vaccine,count_Omicron_vaccine,count_Vaccine,count_WT,count_WT_vaccine,count_WT_vaccine_boost,count_Omicron_vaccine_boost,count_Delta_vaccine_boost,count_Omicron_star_vaccine_boost,count_Vaccine_boost
0,3520,1.1918975748914864,99998,7,8,0,0,8,9,0.00017000340006800136,19,16,49972,49974,1,1,0,0,0,0,0,0,99996,0,0,0,0,0,0,0,0,0,0,2,0,0,0,0,0,0
1,3520,2.003377467261028,99998,9,10,0,0,11,12,0.00023000460009200185,18,13,49970,49974,2,2,0,0,0,0,0,0,99994,0,0,0,0,0,0,0,0,0,0,4,0,0,0,0,0,0
2,3520,3.1512403600013457,99998,10,13,0,0,14,15,0.00029000580011600234,18,11,49967,49973,4,2,0,0,0,0,0,0,99992,0,0,0,0,0,0,0,0,0,0,6,0,0,0,0,0,0
3,3520,4.007169736531806,99998,12,10,0,0,19,15,0.0003400068001360027,15,12,49965,49972,7,5,0,0,0,0,0,0,99986,0,0,0,0,0,0,0,0,0,0,12,0,0,0,0,0,0
4,3520,5.02703056887463,99998,15,12,0,0,24,18,0.00042000840016800337,12,12,49963,49969,9,6,0,0,0,0,0,0,99983,0,0,0,0,0,0,0,0,0,0,15,0,0,0,0,0,0
5,3520,6.034877104577647,99998,13,10,0,0,25,20,0.0004500090001800036,11,13,49963,49966,12,10,0,0,0,0,0,0,99976,0,0,0,0,0,0,0,0,0,0,22,0,0,0,0,0,0
6,3520,7.018164145693113,99998,15,11,0,0,28,24,0.0005200104002080041,13,11,49958,49964,13,13,0,0,0,0,0,0,99972,0,0,0,0,0,0,0,0,0,0,26,0,0,0,0,0,0
7,3520,8.024021485421137,99998,13,14,0,0,29,29,0.0005800116002320047,14,9,49956,49961,16,15,0,0,0,0,0,0,99967,0,0,0,0,0,0,0,0,0,0,31,0,0,0,0,0,0
8,3520,9.004512953124697,99998,11,13,0,0,30,31,0.0006100122002440049,15,10,49954,49958,19,18,0,0,0,0,0,0,99961,0,0,0,0,0,0,0,0,0,0,37,0,0,0,0,0,0
9,3520,10.018503728258596,99998,13,14,0,0,33,34,0.0006700134002680054,13,8,49953,49957,20,20,0,0,0,0,0,0,99958,0,0,0,0,0,0,0,0,0,0,40,0,0,0,0,0,0
10,3520,11.000243638443589,99998,13,12,0,0,38,35,0.0007300146002920058,13,9,49948,49955,25,23,0,0,0,0,0,0,99950,0,0,0,0,0,0,0,0,0,0,48,0,0,0,0,0,0
11,3520,12.042894893226496,99998,15,11,0,0,43,37,0.0008000160003200064,11,9,49945,49953,28,26,0,0,0,0,0,0,99944,0,0,0,0,0,0,0,0,0,0,54,0,0,0,0,0,0
12,3520,13.034070095470948,99998,18,10,0,0,47,39,0.0008600172003440069,7,7,49945,49953,29,29,0,0,0,0,0,0,99940,0,0,0,0,0,0,0,0,0,0,58,0,0,0,0,0,0
13,3520,14.04701456102109,99998,20,13,0,0,51,44,0.0009500190003800076,5,6,49943,49949,31,31,0,0,0,0,0,0,99936,0,0,0,0,0,0,0,0,0,0,62,0,0,0,0,0,0
14,3520,15.060115002277563,99998,21,13,0,0,53,46,0.000990019800396008,7,5,49939,49948,32,33,0,0,0,0,0,0,99933,0,0,0,0,0,0,0,0,0,0,65,0,0,0,0,0,0
15,3520,16.077227599295686,99998,19,14,0,0,53,48,0.001010020200404008,8,4,49939,49947,33,34,0,0,0,0,0,0,99930,0,0,0,0,0,0,0,0,0,0,68,0,0,0,0,0,0
16,3520,17.001055334928598,99998,17,14,0,0,53,48,0.001010020200404008,12,8,49935,49943,35,34,0,0,0,0,0,0,99928,0,0,0,0,0,0,0,0,0,0,70,0,0,0,0,0,0
17,3520,18.02784736277809,99998,20,17,0,0,61,54,0.0011500230004600092,8,6,49931,49940,40,36,0,0,0,0,0,0,99920,0,0,0,0,0,0,0,0,0,0,78,0,0,0,0,0,0
18,3520,19.003119850316164,99998,20,15,0,0,64,54,0.0011800236004720095,8,6,49928,49940,43,38,0,0,0,0,0,0,99915,0,0,0,0,0,0,0,0,0,0,83,0,0,0,0,0,0
19,3520,20.012959934044694,99998,23,15,0,0,69,55,0.00124002480049601,13,8,49918,49937,45,39,0,0,0,0,0,0,99912,0,0,0,0,0,0,0,0,0,0,86,0,0,0,0,0,0
20,3520,21.148591562417256,99998,22,16,0,0,73,57,0.0013000260005200104,12,7,49916,49936,49,40,0,0,0,0,0,0,99906,0,0,0,0,0,0,0,0,0,0,92,0,0,0,0,0,0
21,3520,22.01406440588774,99998,23,16,0,0,78,58,0.0013600272005440108,11,6,49912,49936,53,41,0,0,0,0,0,0,99901,0,0,0,0,0,0,0,0,0,0,97,0,0,0,0,0,0
22,3520,23.073847925552364,99998,26,15,0,0,82,61,0.0014300286005720115,8,5,49911,49934,54,45,0,0,0,0,0,0,99896,0,0,0,0,0,0,0,0,0,0,102,0,0,0,0,0,0
23,3520,24.201510491609096,99998,22,13,0,0,83,62,0.0014500290005800115,10,4,49908,49934,59,48,0,0,0,0,0,0,99888,0,0,0,0,0,0,0,0,0,0,110,0,0,0,0,0,0
24,3520,25.20870425014798,99998,18,13,0,0,86,63,0.001490029800596012,9,4,49906,49933,66,49,0,0,0,0,0,0,99880,0,0,0,0,0,0,0,0,0,0,118,0,0,0,0,0,0
25,3520,26.087322629851805,99998,14,9,0,0,87,63,0.001500030000600012,9,4,49905,49933,71,53,0,0,0,0,0,0,99871,0,0,0,0,0,0,0,0,0,0,127,0,0,0,0,0,0
26,3520,27.311365618217117,99998,14,9,0,0,89,64,0.0015300306006120123,9,3,49903,49933,73,54,0,0,0,0,0,0,99868,0,0,0,0,0,0,0,0,0,0,130,0,0,0,0,0,0
27,3520,28.07860494716765,99998,14,5,0,0,90,64,0.0015400308006160122,12,4,49900,49932,73,58,0,0,0,0,0,0,99863,0,0,0,0,0,0,0,0,0,0,135,0,0,0,0,0,0
28,3520,29.119643579646244,99998,14,5,0,0,90,65,0.0015500310006200124,14,4,49898,49932,73,58,0,0,0,0,0,0,99862,0,0,0,0,0,0,0,0,0,0,136,0,0,0,0,0,0
29,3520,30.047614087306467,99998,16,6,0,0,94,66,0.0016000320006400127,10,4,49898,49931,75,58,0,0,0,0,0,0,99860,0,0,0,0,0,0,0,0,0,0,138,0,0,0,0,0,0
30,3520,31.067038759124557,99998,16,7,0,0,96,67,0.001630032600652013,9,5,49897,49930,77,57,0,0,0,0,0,0,99858,0,0,0,0,0,0,0,0,0,0,140,0,0,0,0,0,0
31,3520,32.05702803483228,99998,14,6,0,0,98,68,0.0016600332006640132,7,7,49898,49927,80,59,0,0,0,0,0,0,99852,0,0,0,0,0,0,0,0,0,0,146,0,0,0,0,0,0
32,3520,33.07619898066576,99998,13,6,0,0,100,71,0.0017100342006840137,5,7,49898,49925,83,61,0,0,0,0,0,0,99846,0,0,0,0,0,0,0,0,0,0,152,0,0,0,0,0,0
33,3520,34.32213844752096,99998,7,7,0,0,101,73,0.001740034800696014,4,7,49898,49923,90,62,0,0,0,0,0,0,99838,0,0,0,0,0,0,0,0,0,0,160,0,0,0,0,0,0
34,3520,35.16338923295909,99998,7,8,0,0,101,74,0.001750035000700014,5,7,49898,49922,89,62,0,0,0,0,0,0,99838,0,0,0,0,0,0,0,0,0,0,160,0,0,0,0,0,0
35,3520,36.049157501935156,99998,7,7,0,0,102,74,0.001760035200704014,5,7,49897,49923,90,62,0,0,0,0,0,0,99836,0,0,0,0,0,0,0,0,0,0,162,0,0,0,0,0,0
36,3520,37.05880490521581,99998,9,9,0,0,105,77,0.0018200364007280145,6,6,49893,49921,91,63,0,0,0,0,0,0,99834,0,0,0,0,0,0,0,0,0,0,164,0,0,0,0,0,0
37,3520,38.16600931860533,99998,8,8,0,0,107,78,0.0018500370007400147,5,6,49893,49920,93,65,0,0,0,0,0,0,99829,0,0,0,0,0,0,0,0,0,0,169,0,0,0,0,0,0
38,3520,39.0134926524847,99998,8,7,0,0,108,78,0.0018600372007440149,5,6,49892,49920,94,66,0,0,0,0,0,0,99827,0,0,0,0,0,0,0,0,0,0,171,0,0,0,0,0,0
39,3520,40.069762277899166,99998,9,7,0,0,109,78,0.001870037400748015,5,7,49891,49919,94,66,0,0,0,0,0,0,99827,0,0,0,0,0,0,0,0,0,0,171,0,0,0,0,0,0
40,3520,41.09195136254079,99998,10,6,0,0,112,78,0.0019000380007600153,4,8,49889,49918,96,67,0,0,0,0,0,0,99824,0,0,0,0,0,0,0,0,0,0,174,0,0,0,0,0,0
41,3520,42.07323326530461,99998,12,7,0,0,114,80,0.0019400388007760154,6,6,49885,49918,96,68,0,0,0,0,0,0,99823,0,0,0,0,0,0,0,0,0,0,175,0,0,0,0,0,0
42,3520,43.01502035840378,99998,14,10,0,0,116,83,0.0019900398007960157,6,4,49883,49917,96,68,0,0,0,0,0,0,99823,0,0,0,0,0,0,0,0,0,0,175,0,0,0,0,0,0
43,3520,44.08781773849638,99998,16,10,0,0,118,84,0.002020040400808016,6,4,49881,49916,96,69,0,0,0,0,0,0,99822,0,0,0,0,0,0,0,0,0,0,176,0,0,0,0,0,0
44,3520,45.327134241169254,99998,16,10,0,0,121,84,0.002050041000820016,6,5,49878,49916,99,68,0,0,0,0,0,0,99819,0,0,0,0,0,0,0,0,0,0,179,0,0,0,0,0,0
45,3520,46.058159648939,99998,16,12,0,0,123,86,0.002090041800836017,5,5,49877,49914,101,68,0,0,0,0,0,0,99817,0,0,0,0,0,0,0,0,0,0,181,0,0,0,0,0,0
46,3520,47.09549055457295,99998,14,12,0,0,125,88,0.002130042600852017,6,3,49875,49915,104,69,0,0,0,0,0,0,99811,0,0,0,0,0,0,0,0,0,0,187,0,0,0,0,0,0
47,3520,48.03426650456395,99998,14,10,0,0,126,89,0.0021500430008600173,9,3,49871,49914,105,72,0,0,0,0,0,0,99807,0,0,0,0,0,0,0,0,0,0,191,0,0,0,0,0,0
48,3520,49.135293152973894,99998,12,11,0,0,128,90,0.0021800436008720175,8,2,49871,49914,108,72,0,0,0,0,0,0,99803,0,0,0,0,0,0,0,0,0,0,195,0,0,0,0,0,0
49,3520,50.06990304285111,99998,13,13,0,0,130,92,0.0022200444008880177,6,2,49871,49912,109,72,0,0,0,0,0,0,99802,0,0,0,0,0,0,0,0,0,0,196,0,0,0,0,0,0
50,3520,51.00950149145233,99998,12,12,0,0,131,93,0.002240044800896018,6,2,49870,49911,111,74,0,0,0,0,0,0,99798,0,0,0,0,0,0,0,0,0,0,200,0,0,0,0,0,0
51,3520,52.113009982425055,99998,9,9,0,0,133,95,0.002280045600912018,6,2,49868,49909,116,79,0,0,0,0,0,0,99788,0,0,0,0,0,0,0,0,0,0,210,0,0,0,0,0,0
52,3520,53.090650456790435,99998,8,7,0,0,134,95,0.0022900458009160185,5,4,49868,49908,118,80,0,0,0,0,0,0,99784,0,0,0,0,0,0,0,0,0,0,214,0,0,0,0,0,0
53,3520,54.02295021735839,99998,7,6,0,0,137,96,0.0023300466009320187,3,3,49867,49908,122,82,0,0,0,0,0,0,99778,0,0,0,0,0,0,0,0,0,0,220,0,0,0,0,0,0
54,3520,55.11367469360274,99998,8,7,0,0,138,97,0.002350047000940019,4,4,49865,49906,122,82,0,0,0,0,0,0,99778,0,0,0,0,0,0,0,0,0,0,220,0,0,0,0,0,0
55,3520,56.132721660055836,99998,9,7,0,0,139,97,0.002360047200944019,6,4,49862,49906,122,82,0,0,0,0,0,0,99778,0,0,0,0,0,0,0,0,0,0,220,0,0,0,0,0,0
56,3520,57.249553146888346,99998,6,7,0,0,140,98,0.002380047600952019,5,3,49863,49906,125,83,0,0,0,0,0,0,99773,0,0,0,0,0,0,0,0,0,0,225,0,0,0,0,0,0
57,3520,58.21864621301981,99998,7,6,0,0,142,98,0.002400048000960019,8,3,49858,49906,126,84,0,0,0,0,0,0,99771,0,0,0,0,0,0,0,0,0,0,227,0,0,0,0,0,0
58,3520,59.03584293871662,99998,6,6,0,0,143,99,0.0024200484009680194,8,3,49858,49906,127,84,0,0,0,0,0,0,99768,0,0,0,0,0,0,0,0,0,0,230,0,0,0,0,0,0
59,3520,60.207567433456866,99998,4,5,0,0,145,101,0.0024600492009840195,8,2,49857,49905,130,87,0,0,0,0,0,0,99761,0,0,0,0,0,0,0,0,0,0,237,0,0,0,0,0,0
60,3520,61.02899020072525,99998,6,6,0,0,147,102,0.0024900498009960198,7,2,49856,49904,130,87,0,0,0,0,0,0,99761,0,0,0,0,0,0,0,0,0,0,237,0,0,0,0,0,0
61,3520,62.00712808942291,99998,4,4,0,0,148,103,0.00251005020100402,7,1,49856,49905,132,89,0,0,0,0,0,0,99755,0,0,0,0,0,0,0,0,0,0,243,0,0,0,0,0,0
62,3520,63.25046783352257,99998,6,4,0,0,151,104,0.0025500510010200202,4,1,49857,49904,132,90,0,0,0,0,0,0,99753,0,0,0,0,0,0,0,0,0,0,245,0,0,0,0,0,0
63,3520,64.33603988390686,99998,6,4,0,0,152,104,0.0025600512010240206,4,1,49859,49905,130,89,0,0,0,0,0,0,99752,0,0,0,0,0,0,0,0,0,0,246,0,0,0,0,0,0
64,3520,65.2302864002241,99998,9,4,0,0,155,104,0.002590051801036021,3,1,49857,49905,130,89,0,0,0,0,0,0,99752,0,0,0,0,0,0,0,0,0,0,246,0,0,0,0,0,0
65,3520,66.09767058600112,99998,9,5,0,0,156,105,0.0026100522010440207,3,0,49857,49905,130,89,0,0,0,0,0,0,99751,0,0,0,0,0,0,0,0,0,0,247,0,0,0,0,0,0
66,3520,67.0367998045202,99998,7,4,0,0,156,105,0.0026100522010440207,4,0,49856,49908,132,87,0,0,0,0,0,0,99748,0,0,0,0,0,0,0,0,0,0,250,0,0,0,0,0,0
67,3520,68.17066456046533,99998,7,4,0,0,159,105,0.002640052801056021,3,0,49854,49908,135,87,0,0,0,0,0,0,99745,0,0,0,0,0,0,0,0,0,0,253,0,0,0,0,0,0
68,3520,69.25238539519846,99998,7,4,0,0,160,105,0.0026500530010600213,4,0,49853,49909,135,86,0,0,0,0,0,0,99744,0,0,0,0,0,0,0,0,0,0,254,0,0,0,0,0,0
69,3520,70.22154864584428,99997,8,4,1,0,162,105,0.002670080102403072,2,1,49853,49909,135,85,0,0,0,0,0,0,99743,0,0,0,0,0,0,0,0,0,0,254,0,0,0,0,0,0
70,3520,71.06373498474785,99997,7,5,1,0,162,106,0.0026800804024120725,4,0,49852,49909,135,85,0,0,0,0,0,0,99742,0,0,0,0,0,0,0,0,0,0,255,0,0,0,0,0,0
71,3520,72.27392999368776,99997,7,5,1,0,164,106,0.002700081002430073,3,1,49853,49908,135,85,0,0,0,0,0,0,99740,0,0,0,0,0,0,0,0,0,0,257,0,0,0,0,0,0
72,3520,73.11882089555212,99997,6,5,1,0,165,106,0.0027100813024390734,4,3,49851,49907,137,84,0,0,0,0,0,0,99738,0,0,0,0,0,0,0,0,0,0,259,0,0,0,0,0,0
73,3520,74.16935572179833,99997,9,7,1,0,168,108,0.0027600828024840745,1,1,49853,49908,135,83,0,0,0,0,0,0,99738,0,0,0,0,0,0,0,0,0,0,259,0,0,0,0,0,0
74,3520,75.1594422070511,99997,8,7,1,0,168,108,0.0027600828024840745,1,2,49855,49907,134,83,0,0,0,0,0,0,99737,0,0,0,0,0,0,0,0,0,0,260,0,0,0,0,0,0
75,3520,76.00678596944785,99997,5,5,1,0,169,108,0.002770083102493075,1,3,49854,49906,138,85,0,0,0,0,0,0,99731,0,0,0,0,0,0,0,0,0,0,266,0,0,0,0,0,0
76,3520,77.07970706252108,99997,3,3,1,0,169,108,0.002770083102493075,1,4,49854,49905,140,87,0,0,0,0,0,0,99727,0,0,0,0,0,0,0,0,0,0,270,0,0,0,0,0,0
77,3520,78.07340190694772,99997,4,4,1,0,170,109,0.0027900837025110754,3,4,49851,49907,140,84,0,0,0,0,0,0,99727,0,0,0,0,0,0,0,0,0,0,270,0,0,0,0,0,0
78,3520,79.0281235445034,99997,3,3,1,0,171,109,0.0028000840025200757,3,4,49851,49907,141,85,0,0,0,0,0,0,99724,0,0,0,0,0,0,0,0,0,0,273,0,0,0,0,0,0
79,3520,80.02706163587115,99997,4,5,1,0,172,111,0.002830084902547076,3,2,49851,49909,140,83,0,0,0,0,0,0,99724,0,0,0,0,0,0,0,0,0,0,273,0,0,0,0,0,0
80,3520,81.10899864303758,99997,4,5,1,0,173,112,0.002850085502565077,3,1,49850,49909,141,84,0,0,0,0,0,0,99722,0,0,0,0,0,0,0,0,0,0,275,0,0,0,0,0,0
81,3520,82.12892981870762,99997,4,4,1,0,175,113,0.0028800864025920777,2,1,49850,49908,142,86,0,0,0,0,0,0,99718,0,0,0,0,0,0,0,0,0,0,279,0,0,0,0,0,0
82,3520,83.26264063083813,99997,3,3,1,0,175,113,0.0028800864025920777,3,2,49849,49907,143,87,0,0,0,0,0,0,99716,0,0,0,0,0,0,0,0,0,0,281,0,0,0,0,0,0
83,3520,84.1803263936979,99997,3,3,1,0,175,113,0.0028800864025920777,3,2,49850,49907,142,87,0,0,0,0,0,0,99716,0,0,0,0,0,0,0,0,0,0,281,0,0,0,0,0,0
84,3520,85.22961083775753,99997,4,3,1,0,176,113,0.002890086702601078,3,2,49849,49907,142,87,0,0,0,0,0,0,99716,0,0,0,0,0,0,0,0,0,0,281,0,0,0,0,0,0
85,3520,86.24905565693761,99997,4,3,1,0,176,113,0.002890086702601078,5,2,49847,49908,142,86,0,0,0,0,0,0,99716,0,0,0,0,0,0,0,0,0,0,281,0,0,0,0,0,0
86,3520,87.14785593908726,99997,5,4,1,0,177,114,0.0029100873026190787,8,1,49844,49909,141,85,0,0,0,0,0,0,99716,0,0,0,0,0,0,0,0,0,0,281,0,0,0,0,0,0
87,3520,88.131708353637,99997,6,3,1,0,180,114,0.0029400882026460796,6,1,49843,49909,143,86,0,0,0,0,0,0,99713,0,0,0,0,0,0,0,0,0,0,284,0,0,0,0,0,0
88,3520,89.15227455800886,99997,9,3,1,0,183,114,0.00297008910267308,3,1,49845,49909,141,86,0,0,0,0,0,0,99713,0,0,0,0,0,0,0,0,0,0,284,0,0,0,0,0,0
89,3520,90.07289059352868,99997,7,3,1,0,184,114,0.0029800894026820804,3,2,49844,49908,144,86,0,0,0,0,0,0,99710,0,0,0,0,0,0,0,0,0,0,287,0,0,0,0,0,0
90,3520,91.16009878563253,99997,6,3,1,0,185,114,0.0029900897026910807,5,3,49842,49907,145,86,0,0,0,0,0,0,99708,0,0,0,0,0,0,0,0,0,0,289,0,0,0,0,0,0
91,3520,92.07009136255488,99997,8,4,1,0,188,115,0.003030090902727082,2,2,49842,49907,146,86,0,0,0,0,0,0,99707,0,0,0,0,0,0,0,0,0,0,290,0,0,0,0,0,0
92,3520,93.00871777020545,99997,8,5,1,0,189,116,0.0030500915027450825,2,1,49841,49907,147,86,0,0,0,0,0,0,99706,0,0,0,0,0,0,0,0,0,0,291,0,0,0,0,0,0
93,3520,94.02828099374831,99997,8,5,1,0,189,116,0.0030500915027450825,4,1,49839,49907,147,86,0,0,0,0,0,0,99706,0,0,0,0,0,0,0,0,0,0,291,0,0,0,0,0,0
94,3520,95.01072697134295,99997,9,6,1,0,191,117,0.003080092402772083,4,1,49838,49906,147,86,0,0,0,0,0,0,99705,0,0,0,0,0,0,0,0,0,0,292,0,0,0,0,0,0
95,3520,96.09780315458308,99997,10,6,1,0,193,117,0.0031000930027900836,3,1,49838,49907,147,85,0,0,0,0,0,0,99704,0,0,0,0,0,0,0,0,0,0,293,0,0,0,0,0,0
96,3520,97.29193990425479,99997,8,5,1,0,194,117,0.003110093302799084,2,3,49839,49905,149,86,0,0,0,0,0,0,99700,0,0,0,0,0,0,0,0,0,0,297,0,0,0,0,0,0
97,3520,98.30108163548215,99997,7,6,1,0,194,119,0.0031300939028170846,3,1,49839,49905,149,87,0,0,0,0,0,0,99698,0,0,0,0,0,0,0,0,0,0,299,0,0,0,0,0,0
98,3520,99.04336083435788,99997,5,7,1,0,194,120,0.003140094202826085,5,1,49839,49904,149,87,0,0,0,0,0,0,99696,0,0,0,0,0,0,0,0,0,0,301,0,0,0,0,0,0
99,3520,100.12994059114523,99997,7,6,1,0,197,120,0.003170095102853086,3,1,49838,49904,150,88,0,0,0,0,0,0,99694,0,0,0,0,0,0,0,0,0,0,303,0,0,0,0,0,0
100,3520,101.16268524412997,99997,7,5,1,0,197,120,0.003170095102853086,5,1,49836,49904,150,89,0,0,0,0,0,0,99693,0,0,0,0,0,0,0,0,0,0,304,0,0,0,0,0,0
101,3520,102.30895428887845,99997,9,5,1,0,199,120,0.003190095702871086,6,2,49833,49904,150,88,0,0,0,0,0,0,99693,0,0,0,0,0,0,0,0,0,0,304,0,0,0,0,0,0
102,3520,103.04143279395122,99997,7,5,1,0,199,120,0.003190095702871086,8,3,49832,49903,151,88,0,0,0,0,0,0,99691,0,0,0,0,0,0,0,0,0,0,306,0,0,0,0,0,0
103,3520,104.1779553614872,99997,8,5,1,0,200,121,0.0032100963028890866,7,3,49832,49903,151,88,0,0,0,0,0,0,99690,0,0,0,0,0,0,0,0,0,0,307,0,0,0,0,0,0
104,3520,105.16360559398242,99997,9,5,1,0,202,122,0.0032400972029160875,8,2,49832,49903,149,89,0,0,0,0,0,0,99688,0,0,0,0,0,0,0,0,0,0,309,0,0,0,0,0,0
105,3520,106.13234986385473,99997,6,4,1,0,202,122,0.0032400972029160875,9,4,49831,49901,152,90,0,0,0,0,0,0,99684,0,0,0,0,0,0,0,0,0,0,313,0,0,0,0,0,0
106,3520,107.0020812464489,99997,8,3,1,0,204,122,0.003260097802934088,7,5,49831,49900,152,91,0,0,0,0,0,0,99683,0,0,0,0,0,0,0,0,0,0,314,0,0,0,0,0,0
107,3520,108.04508828822101,99997,9,5,1,0,206,124,0.003300099002970089,6,5,49831,49898,152,91,0,0,0,0,0,0,99682,0,0,0,0,0,0,0,0,0,0,315,0,0,0,0,0,0
108,3520,109.25942973823422,99997,13,7,1,0,210,127,0.003370101103033091,4,2,49830,49899,151,91,0,0,0,0,0,0,99681,0,0,0,0,0,0,0,0,0,0,316,0,0,0,0,0,0
109,3520,110.04713321224966,99997,11,7,1,0,210,127,0.003370101103033091,4,2,49830,49899,153,91,0,0,0,0,0,0,99679,0,0,0,0,0,0,0,0,0,0,318,0,0,0,0,0,0
110,3520,111.06532305843326,99997,11,6,1,0,210,128,0.0033801014030420914,5,2,49830,49899,152,92,0,0,0,0,0,0,99677,0,0,0,0,0,0,0,0,0,0,320,0,0,0,0,0,0
111,3520,112.01663486579704,99997,10,6,1,0,210,128,0.0033801014030420914,6,2,49830,49900,152,91,0,0,0,0,0,0,99676,0,0,0,0,0,0,0,0,0,0,321,0,0,0,0,0,0
112,3520,113.10308757874229,99997,9,3,1,0,210,128,0.0033801014030420914,6,2,49830,49901,153,93,0,0,0,0,0,0,99672,0,0,0,0,0,0,0,0,0,0,325,0,0,0,0,0,0
113,3520,114.11347594344143,99997,10,3,1,0,213,129,0.003420102603078092,3,1,49831,49901,154,94,0,0,0,0,0,0,99669,0,0,0,0,0,0,0,0,0,0,328,0,0,0,0,0,0
114,3520,115.09190834158889,99997,11,4,1,0,214,130,0.003440103203096093,3,0,49831,49901,153,94,0,0,0,0,0,0,99669,0,0,0,0,0,0,0,0,0,0,328,0,0,0,0,0,0
115,3520,116.23457600937408,99997,12,4,1,0,216,130,0.0034601038031140934,2,0,49830,49901,154,94,0,0,0,0,0,0,99668,0,0,0,0,0,0,0,0,0,0,329,0,0,0,0,0,0
116,3520,117.13556795791506,99997,13,4,1,0,217,130,0.0034701041031230937,3,1,49828,49900,154,94,0,0,0,0,0,0,99668,0,0,0,0,0,0,0,0,0,0,329,0,0,0,0,0,0
117,3520,118.15069382479827,99997,13,4,1,0,218,130,0.003480104403132094,5,1,49825,49901,155,93,0,0,0,0,0,0,99667,0,0,0,0,0,0,0,0,0,0,330,0,0,0,0,0,0
118,3520,119.17353615421268,99997,12,5,1,0,218,131,0.0034901047031410943,7,0,49824,49901,155,93,0,0,0,0,0,0,99667,0,0,1,0,0,0,0,0,0,0,329,0,0,0,0,0,0
119,3520,120.33123002522173,99997,11,4,1,0,220,131,0.003510105303159095,8,0,49822,49901,157,94,0,0,0,0,0,0,99663,0,0,1,0,0,0,0,0,0,0,333,0,0,0,0,0,0
120,3520,121.22508218304031,99997,9,4,1,0,220,131,0.003510105303159095,12,0,49819,49902,158,93,0,0,0,0,0,0,99661,0,0,1,0,0,0,0,0,0,0,335,0,0,0,0,0,0
121,3520,122.03685234008444,99997,9,4,1,0,221,131,0.003520105603168095,12,1,49818,49903,159,91,0,0,0,0,0,0,99660,0,0,1,0,0,0,0,0,0,0,336,0,0,0,0,0,0
122,3520,123.18208988436604,99997,14,5,1,0,226,132,0.0035801074032220967,8,0,49817,49906,159,88,0,0,0,0,0,0,99660,0,0,1,0,0,0,0,0,0,0,336,0,0,0,0,0,0
123,3520,124.07580352478571,99997,13,5,1,0,228,133,0.0036101083032490976,8,0,49817,49906,160,88,0,0,0,0,0,0,99656,0,0,1,0,0,0,0,0,0,0,340,0,0,0,0,0,0
124,3520,125.19884482615154,99997,14,5,1,0,229,133,0.003620108603258098,8,1,49816,49905,160,88,0,0,0,0,0,0,99656,0,0,1,0,0,0,0,0,0,0,340,0,0,0,0,0,0
125,3520,126.17952114173073,99997,14,5,1,0,231,133,0.003640109203276098,8,2,49816,49904,160,88,0,0,0,0,0,0,99654,0,0,1,0,0,0,0,0,0,0,342,0,0,0,0,0,0
126,3520,127.09868881014229,99997,15,4,1,0,233,134,0.003670110103303099,11,3,49811,49902,161,90,0,0,0,0,0,0,99651,0,0,1,0,0,0,0,0,0,0,345,0,0,0,0,0,0
127,3520,128.00982277739396,99997,15,5,1,0,234,136,0.0037001110033301,10,1,49811,49902,162,91,0,0,0,0,0,0,99649,0,0,1,0,0,0,0,0,0,0,347,0,0,0,0,0,0
128,3520,129.0329122372475,99997,13,5,1,0,239,136,0.003750112503375101,7,4,49809,49900,169,90,0,0,0,0,0,0,99642,0,0,1,0,0,0,0,0,0,0,354,0,0,0,0,0,0
129,3520,130.06671971537716,99997,14,5,1,0,243,137,0.0038001140034201026,3,5,49809,49898,172,91,0,0,0,0,0,0,99638,0,0,1,0,0,0,0,0,0,0,358,0,0,0,0,0,0
130,3520,131.25448191901808,99997,14,6,1,0,245,138,0.0038301149034471035,4,5,49808,49897,172,91,0,0,0,0,0,0,99636,0,0,1,0,0,0,0,0,0,0,360,0,0,0,0,0,0
131,3520,132.22951227091866,99997,15,7,1,0,246,139,0.003850115503465104,8,6,49805,49896,170,90,0,0,0,0,0,0,99636,0,0,1,0,0,0,0,0,0,0,360,0,0,0,0,0,0
132,3520,133.01333443452344,99997,15,7,1,0,247,139,0.0038601158034741044,7,8,49806,49894,170,90,0,0,0,0,0,0,99635,0,0,1,0,0,0,0,0,0,0,361,0,0,0,0,0,0
133,3520,134.11990190867738,99997,14,11,1,0,248,143,0.003910117303519106,9,8,49804,49891,171,89,0,0,0,0,0,0,99633,0,0,1,0,0,0,0,0,0,0,363,0,0,0,0,0,0
134,3520,135.2377602331145,99997,14,9,1,0,249,144,0.003930117903537106,11,8,49802,49890,171,92,0,0,0,0,0,0,99629,0,0,1,0,0,0,0,0,0,0,367,0,0,0,0,0,0
135,3520,136.07707268270795,99997,13,11,1,0,251,147,0.003980119403582108,11,7,49800,49888,174,93,0,0,0,0,0,0,99625,0,0,1,0,0,0,0,0,0,0,371,0,0,0,0,0,0
136,3520,137.01806073029587,99997,13,12,1,0,254,149,0.004030120903627109,12,7,49797,49886,176,94,0,0,0,0,0,0,99621,0,0,1,0,0,0,0,0,0,0,375,0,0,0,0,0,0
137,3520,138.25020367220017,99997,14,15,1,0,257,153,0.0041001230036901105,13,5,49793,49884,178,95,0,0,0,0,0,0,99618,0,0,1,0,0,0,0,0,0,0,378,0,0,0,0,0,0
138,3520,139.0846218620655,99997,13,18,1,0,257,156,0.004130123903717112,16,2,49790,49884,179,95,0,0,0,0,0,0,99617,0,0,1,0,0,0,0,0,0,0,379,0,0,0,0,0,0
139,3520,140.01646572318026,99997,19,18,1,0,264,157,0.0042101263037891135,12,4,49788,49881,179,96,0,0,0,0,0,0,99615,0,0,1,0,0,0,0,0,0,0,381,0,0,0,0,0,0
140,3520,141.00924164558114,99997,19,17,1,0,269,159,0.004280128403852115,13,4,49782,49880,184,98,0,0,0,0,0,0,99607,0,0,1,0,0,0,0,0,0,0,389,0,0,0,0,0,0
141,3520,142.09613141188754,99997,18,15,1,0,272,160,0.004320129603888116,12,7,49780,49877,188,100,0,0,0,0,0,0,99600,0,0,1,0,0,0,0,0,0,0,396,0,0,0,0,0,0
142,3520,143.12233414256625,99997,17,16,1,0,273,161,0.004340130203906117,16,8,49776,49875,189,100,0,0,0,0,0,0,99598,0,0,1,0,0,0,0,0,0,0,398,0,0,0,0,0,0
143,3520,144.04955543512884,99997,17,15,1,0,275,163,0.004380131403942118,15,8,49775,49873,191,103,0,0,0,0,0,0,99593,0,0,1,0,0,0,0,0,0,0,403,0,0,0,0,0,0
144,3520,145.07790507949787,99997,20,17,1,0,278,166,0.00444013320399612,13,6,49775,49875,190,101,0,0,0,0,0,0,99592,0,0,1,0,0,0,0,0,0,0,404,0,0,0,0,0,0
145,3520,146.11474994828365,99997,18,17,1,0,281,166,0.004470134104023121,15,9,49770,49872,195,101,0,0,0,0,0,0,99587,0,0,1,0,0,0,0,0,0,0,409,0,0,0,0,0,0
146,3520,147.09385401898447,99997,17,16,1,0,286,169,0.004550136504095123,12,7,49769,49872,200,104,0,0,0,0,0,0,99577,0,0,1,0,0,0,0,0,0,0,419,0,0,0,0,0,0
147,3520,148.00775661266363,99997,20,16,1,0,289,170,0.004590137704131124,13,8,49767,49870,198,105,0,0,0,0,0,0,99576,0,0,1,0,0,0,0,0,0,0,420,0,0,0,0,0,0
148,3520,149.06984732835176,99997,20,16,1,0,293,172,0.004650139504185125,14,7,49763,49869,201,107,0,0,0,0,0,0,99570,0,0,1,0,0,0,0,0,0,0,426,0,0,0,0,0,0
149,3520,150.0267928549169,99997,20,14,1,0,298,173,0.004710141304239127,11,7,49762,49868,205,110,0,0,0,0,0,0,99562,0,0,1,0,0,0,0,0,0,0,434,0,0,0,0,0,0
150,3520,151.00883684821358,99997,25,13,1,0,304,174,0.004780143404302129,10,7,49757,49868,206,111,0,0,0,0,0,0,99559,0,0,1,0,0,0,0,0,0,0,437,0,0,0,0,0,0
151,3520,152.1705515165805,99997,24,14,1,0,309,177,0.004860145804374131,9,8,49753,49865,212,112,0,0,0,0,0,0,99551,0,0,1,0,0,0,0,0,0,0,445,0,0,0,0,0,0
152,3520,153.02072707128673,99997,19,16,1,0,313,180,0.004930147904437133,8,7,49750,49863,221,113,0,0,0,0,0,0,99541,0,0,1,0,0,0,0,0,0,0,455,0,0,0,0,0,0
153,3520,154.29576262807075,99997,20,15,1,0,316,182,0.004980149404482134,10,7,49746,49862,222,115,0,0,0,0,0,0,99536,0,0,1,0,0,0,0,0,0,0,460,0,0,0,0,0,0
154,3520,155.14332792493494,99997,23,15,1,0,319,184,0.005030150904527136,11,5,49743,49862,221,117,0,0,0,0,0,0,99534,0,0,1,0,0,0,0,0,0,0,462,0,0,0,0,0,0
155,3520,156.00379144661568,99997,21,15,1,0,321,187,0.005080152404572137,13,3,49740,49862,224,119,0,0,0,0,0,0,99527,0,0,1,0,0,0,0,0,0,0,469,0,0,0,0,0,0
156,3520,157.06887985004505,99996,20,9,1,1,324,187,0.005110204408176327,11,4,49741,49861,226,124,0,0,0,0,0,0,99517,0,0,1,0,0,0,0,0,0,0,478,0,0,0,0,0,0
157,3520,158.0072895046207,99996,21,9,1,1,326,188,0.005140205608224329,12,5,49740,49860,225,124,0,0,0,0,0,0,99515,0,0,1,0,0,0,0,0,0,0,480,0,0,0,0,0,0
158,3520,159.15199939994974,99996,25,10,1,1,330,191,0.0052102084083363335,12,2,49739,49860,222,126,0,0,0,0,0,0,99513,0,0,1,0,0,0,0,0,0,0,482,0,0,0,0,0,0
159,3520,160.05472682738142,99996,25,11,1,1,332,192,0.005240209608384335,11,2,49739,49859,223,126,0,0,0,0,0,0,99511,0,0,1,0,0,0,0,0,0,0,484,0,0,0,0,0,0
160,3520,161.05347118433625,99996,24,8,1,1,335,192,0.0052702108084323376,12,4,49736,49857,226,129,0,0,0,0,0,0,99504,0,0,1,0,0,0,0,0,0,0,491,0,0,0,0,0,0
161,3520,162.17678682093936,99996,27,7,1,1,340,192,0.005320212808512341,11,5,49733,49856,227,130,0,0,0,0,0,0,99501,0,0,1,0,0,0,0,0,0,0,494,0,0,0,0,0,0
162,3520,163.13769973866854,99996,29,7,1,1,346,194,0.005400216008640346,8,4,49731,49855,230,132,0,0,0,0,0,0,99495,0,0,1,0,0,0,0,0,0,0,500,0,0,0,0,0,0
163,3520,164.14028158674478,99996,27,7,1,1,347,195,0.005420216808672347,14,4,49725,49854,232,133,0,0,0,0,0,0,99491,0,0,1,0,0,0,0,0,0,0,504,0,0,0,0,0,0
164,3520,165.23819569442054,99996,28,7,1,1,349,196,0.005450218008720349,16,3,49721,49855,233,133,0,0,0,0,0,0,99489,0,0,1,0,0,0,0,0,0,0,506,0,0,0,0,0,0
165,3520,166.06412479058915,99996,26,7,1,1,351,197,0.00548021920876835,19,4,49718,49853,235,134,0,0,0,0,0,0,99484,0,0,1,0,0,0,0,0,0,0,511,0,0,0,0,0,0
166,3520,167.06145760672467,99996,26,7,1,1,356,198,0.0055402216088643545,15,5,49719,49851,238,135,0,0,0,0,0,0,99478,0,0,1,0,0,0,0,0,0,0,517,0,0,0,0,0,0
167,3520,168.05751025102316,99996,28,8,1,1,360,201,0.005610224408976359,14,2,49717,49851,239,137,0,0,0,0,0,0,99474,0,0,1,0,0,0,0,0,0,0,521,0,0,0,0,0,0
168,3520,169.18983290245626,99996,30,7,1,1,363,201,0.005640225609024361,14,3,49716,49850,238,138,0,0,0,0,0,0,99472,0,0,1,0,0,0,0,0,0,0,523,0,0,0,0,0,0
169,3520,170.09284496788104,99996,33,8,1,1,369,202,0.005710228409136366,9,2,49715,49850,241,138,0,0,0,0,0,0,99469,0,0,1,0,0,0,0,0,0,0,526,0,0,0,0,0,0
170,3520,171.0328277338297,99996,35,7,1,1,373,203,0.005760230409216369,17,5,49705,49847,241,139,0,0,0,0,0,0,99465,0,0,1,0,0,0,0,0,0,0,530,0,0,0,0,0,0
171,3520,172.00312166495507,99996,37,10,1,1,380,206,0.0058602344093763754,14,3,49703,49846,244,139,0,0,0,0,0,0,99460,0,0,1,0,0,0,0,0,0,0,535,0,0,0,0,0,0
172,3520,173.2038976170015,99996,41,11,1,1,385,207,0.005920236809472379,12,3,49700,49846,245,138,0,0,0,0,0,0,99459,0,0,1,0,0,0,0,0,0,0,536,0,0,0,0,0,0
173,3520,174.1798537651967,99996,38,10,1,1,387,209,0.005960238409536382,17,4,49695,49843,248,141,0,0,0,0,0,0,99451,0,0,1,0,0,0,0,0,0,0,544,0,0,0,0,0,0
174,3520,175.03627520702628,99996,32,10,1,1,390,211,0.006010240409616384,19,2,49691,49843,256,143,0,0,0,0,0,0,99440,0,0,1,0,0,0,0,0,0,0,555,0,0,0,0,0,0
175,3520,176.09406962214376,99996,34,9,1,1,394,212,0.0060602424096963875,23,4,49685,49841,256,144,0,0,0,0,0,0,99436,0,0,1,0,0,0,0,0,0,0,559,0,0,0,0,0,0
176,3520,177.2889157003073,99996,36,8,1,1,399,214,0.006130245209808392,24,2,49680,49841,258,147,0,0,0,0,0,0,99430,0,0,1,0,0,0,0,0,0,0,565,0,0,0,0,0,0
177,3520,178.15919023581787,99996,35,8,1,1,404,217,0.006210248409936397,24,1,49675,49840,264,149,0,0,0,0,0,0,99421,0,0,1,0,0,0,0,0,0,0,574,0,0,0,0,0,0
178,3520,179.00632143275328,99996,42,7,1,1,413,217,0.006300252010080404,17,1,49674,49840,265,150,0,0,0,0,0,0,99418,0,0,1,0,0,0,0,0,0,0,577,0,0,0,0,0,0
179,3520,180.01317633336018,99996,41,7,1,1,416,218,0.006340253610144406,18,3,49673,49837,266,151,0,0,0,0,0,0,99413,0,0,1,0,0,0,0,0,0,0,582,0,0,0,0,0,0
180,3520,181.17234714671423,99996,33,9,1,1,421,220,0.00641025641025641,22,4,49665,49835,278,150,0,0,0,0,0,0,99400,0,0,1,0,0,0,0,0,0,0,595,0,0,0,0,0,0
181,3520,182.04924273866828,99996,33,12,1,1,424,223,0.006470258810352414,23,4,49664,49833,278,149,0,0,0,0,0,0,99397,0,0,1,0,0,0,0,0,0,0,598,0,0,0,0,0,0
182,3520,183.33822171971713,99996,39,9,1,1,433,224,0.0065702628105124205,22,7,49658,49829,279,153,0,0,0,0,0,0,99390,0,0,1,0,0,0,0,0,0,0,605,0,0,0,0,0,0
183,3520,184.2327798163526,99996,38,9,1,1,436,226,0.006620264810592424,20,7,49659,49827,281,155,0,0,0,0,0,0,99384,0,0,1,0,0,0,0,0,0,0,611,0,0,0,0,0,0
184,3520,185.156197444934,99996,37,10,1,1,439,228,0.006670266810672427,25,8,49651,49825,285,155,0,0,0,0,0,0,99379,0,0,1,0,0,0,0,0,0,0,616,0,0,0,0,0,0
185,3520,186.2976609971202,99996,43,9,1,1,446,230,0.006760270410816433,22,8,49649,49823,284,158,0,0,0,0,0,0,99375,0,0,1,0,0,0,0,0,0,0,620,0,0,0,0,0,0
186,3520,187.15034746174263,99996,39,10,1,1,451,232,0.0068302732109284375,23,9,49644,49821,292,158,0,0,0,0,0,0,99365,0,0,1,0,0,0,0,0,0,0,630,0,0,0,0,0,0
187,3520,188.26257706615198,99996,44,10,1,1,460,233,0.006930277211088444,21,8,49639,49822,294,158,0,0,0,0,0,0,99360,0,0,1,0,0,0,0,0,0,0,635,0,0,0,0,0,0
188,3520,189.18969896688864,99996,42,11,1,1,461,236,0.006970278811152446,24,7,49636,49820,296,160,0,0,0,0,0,0,99355,0,0,1,0,0,0,0,0,0,0,640,0,0,0,0,0,0
189,3520,190.13849023061937,99996,43,10,1,1,471,236,0.007070282811312453,20,11,49630,49817,305,160,0,0,0,0,0,0,99345,0,0,1,0,0,0,0,0,0,0,650,0,0,0,0,0,0
190,3520,191.03297129334658,99996,39,11,1,1,471,238,0.0070902836113444535,22,9,49628,49817,309,161,0,0,0,0,0,0,99340,0,0,1,0,0,0,0,0,0,0,655,0,0,0,0,0,0
191,3520,192.15516845860185,99996,39,11,1,1,483,241,0.007240289611584463,18,10,49620,49814,321,163,0,0,0,0,0,0,99325,0,0,1,0,0,0,0,0,0,0,670,0,0,0,0,0,0
192,3520,193.08006596608232,99996,36,14,1,1,486,245,0.007310292411696468,21,9,49617,49812,324,163,0,0,0,0,0,0,99318,0,0,1,0,0,0,0,0,0,0,677,0,0,0,0,0,0
193,3520,194.30125636604856,99996,35,14,1,1,490,247,0.007370294811792472,23,12,49612,49807,328,165,0,0,0,0,0,0,99311,0,0,1,0,0,0,0,0,0,0,684,0,0,0,0,0,0
194,3520,195.06442807611086,99996,39,14,1,1,496,248,0.007440297611904476,21,13,49608,49805,330,166,0,0,0,0,0,0,99308,0,0,1,0,0,0,0,0,0,0,687,0,0,0,0,0,0
195,3520,196.0145039180637,99996,41,17,1,1,500,253,0.007530301212048482,22,12,49604,49801,331,168,0,0,0,0,0,0,99304,0,0,1,0,0,0,0,0,0,0,691,0,0,0,0,0,0
196,3520,197.0379729471294,99996,38,19,1,1,504,256,0.007600304012160487,24,11,49599,49799,337,169,0,0,0,0,0,0,99296,0,0,1,0,0,0,0,0,0,0,699,0,0,0,0,0,0
197,3520,198.0696754845684,99996,38,21,1,1,508,263,0.007710308412336494,29,14,49590,49790,341,173,0,0,0,0,0,0,99287,0,0,1,0,0,0,0,0,0,0,708,0,0,0,0,0,0
198,3520,199.32053055220663,99996,38,20,1,1,519,267,0.007860314412576503,29,14,49583,49788,348,176,0,0,0,0,0,0,99271,0,0,1,0,0,0,0,0,0,0,724,0,0,0,0,0,0
199,3520,200.16721588574634,99996,38,22,1,1,524,270,0.007940317612704507,30,15,49578,49785,352,176,0,0,0,0,0,0,99266,0,0,2,0,0,0,0,0,0,0,728,0,0,0,0,0,0
200,3520,201.0856440074183,99996,39,24,1,1,528,273,0.008010320412816513,29,15,49575,49784,355,175,0,0,0,0,0,0,99262,0,0,2,0,0,0,0,0,0,0,732,0,0,0,0,0,0
201,3520,202.06523265904636,99996,40,24,1,1,538,276,0.00814032561302452,26,14,49569,49785,363,175,0,0,0,0,0,0,99250,0,0,2,0,0,0,0,0,0,0,744,0,0,0,0,0,0
202,3520,203.07173725404252,99995,36,27,2,1,546,282,0.008280414020701034,29,11,49559,49783,373,177,0,0,0,0,0,0,99235,0,0,2,0,0,0,0,0,0,0,758,0,0,0,0,0,0
203,3520,204.00038342269994,99995,31,26,2,1,548,284,0.00832041602080104,33,11,49553,49782,380,179,0,0,0,0,0,0,99225,0,0,2,0,0,0,0,0,0,0,768,0,0,0,0,0,0
204,3520,205.2052460064275,99995,34,25,2,1,560,288,0.00848042402120106,27,13,49548,49777,388,183,0,0,0,0,0,0,99211,0,0,2,0,0,0,0,0,0,0,782,0,0,0,0,0,0
205,3520,206.3032986373335,99995,35,22,2,1,568,291,0.008590429521476074,23,18,49547,49769,392,189,0,0,0,0,0,0,99198,0,0,2,0,0,0,0,0,0,0,795,0,0,0,0,0,0
206,3520,207.0156272973333,99995,35,26,2,1,572,295,0.008670433521676084,23,15,49544,49769,395,188,0,0,0,0,0,0,99194,0,0,2,0,0,0,0,0,0,0,799,0,0,0,0,0,0
207,3520,208.05415658092838,99995,34,25,2,1,577,298,0.008750437521876094,23,15,49539,49767,401,191,0,0,0,0,0,0,99184,0,0,2,0,0,0,0,0,0,0,809,0,0,0,0,0,0
208,3520,209.10446134348805,99994,34,25,3,1,581,300,0.008810528631717903,27,15,49531,49766,404,192,0,0,0,0,0,0,99178,0,0,2,0,0,0,0,0,0,0,814,0,0,0,0,0,0
209,3520,210.06328162702073,99994,38,23,3,1,589,305,0.008940536432185932,26,12,49525,49765,407,198,0,0,0,0,0,0,99167,0,0,2,0,0,0,0,0,0,0,825,0,0,0,0,0,0
210,3520,211.08716484194514,99994,39,25,3,1,594,310,0.009040542432545953,22,10,49527,49762,408,201,0,0,0,0,0,0,99160,0,0,2,0,0,0,0,0,0,0,832,0,0,0,0,0,0
211,3520,212.07329458451827,99994,35,24,3,1,599,314,0.009130547832869972,24,8,49522,49761,415,205,0,0,0,0,0,0,99146,0,0,2,0,0,0,0,0,0,0,846,0,0,0,0,0,0
212,3520,213.03986128024704,99993,36,23,4,1,604,317,0.00921064474513216,21,11,49522,49755,416,209,0,0,0,0,0,0,99138,0,0,2,0,0,0,0,0,0,0,853,0,0,0,0,0,0
213,3520,214.11386713534935,99993,40,23,4,1,611,320,0.009310651745622194,21,11,49516,49754,418,210,0,0,0,0,0,0,99132,0,0,2,0,0,0,0,0,0,0,859,0,0,0,0,0,0
214,3520,215.01357692731162,99993,41,23,4,1,616,323,0.009390657346014221,20,10,49514,49752,420,213,0,0,0,0,0,0,99125,0,0,2,0,0,0,0,0,0,0,866,0,0,0,0,0,0
215,3520,216.2659437716514,99993,41,22,4,1,623,324,0.009470662946406248,20,14,49508,49747,426,215,0,0,0,0,0,0,99116,0,0,2,0,0,0,0,0,0,0,875,0,0,0,0,0,0
216,3520,217.1000758714771,99993,37,23,4,1,627,327,0.009540667846749272,20,12,49505,49746,433,217,0,0,0,0,0,0,99106,0,0,2,0,0,0,0,0,0,0,885,0,0,0,0,0,0
217,3520,218.16330056214102,99993,34,24,4,1,631,329,0.009600672047043292,23,12,49499,49744,439,218,0,0,0,0,0,0,99098,0,0,2,0,0,0,0,0,0,0,893,0,0,0,0,0,0
218,3520,219.06235282855732,99993,33,26,4,1,634,334,0.009680677647435321,24,12,49495,49739,443,221,0,0,0,0,0,0,99092,0,0,3,0,0,0,0,0,0,0,898,0,0,0,0,0,0
219,3520,220.02812807639665,99993,32,24,4,1,643,337,0.009800686048023362,22,14,49493,49735,448,225,0,0,0,0,0,0,99077,0,0,3,0,0,0,0,0,0,0,913,0,0,0,0,0,0
220,3520,221.27939693487116,99993,36,22,4,1,651,339,0.009900693048513397,19,15,49488,49733,452,228,0,0,0,0,0,0,99069,0,0,3,0,0,0,0,0,0,0,921,0,0,0,0,0,0
221,3520,222.10238757357564,99993,36,21,4,1,655,342,0.00997069794885642,17,13,49487,49732,455,232,0,0,0,0,0,0,99061,0,0,3,0,0,0,0,0,0,0,929,0,0,0,0,0,0
222,3520,223.08050297431964,99993,33,18,4,1,659,344,0.010030702149150441,18,14,49485,49730,459,236,0,0,0,0,0,0,99049,0,0,3,0,0,0,0,0,0,0,941,0,0,0,0,0,0
223,3520,224.18132308469444,99993,33,18,4,1,666,346,0.01012070844959147,14,14,49483,49729,465,237,0,0,0,0,0,0,99040,0,0,3,0,0,0,0,0,0,0,950,0,0,0,0,0,0
224,3520,225.05855951833743,99993,30,15,4,1,670,348,0.010180712649885492,16,17,49479,49724,470,242,0,0,0,0,0,0,99028,0,0,3,0,0,0,0,0,0,0,962,0,0,0,0,0,0
225,3520,226.12147063607054,99993,27,17,4,1,671,352,0.01023071615013051,16,17,49478,49720,474,244,0,0,0,0,0,0,99023,0,0,4,0,0,0,0,0,0,0,966,0,0,0,0,0,0
226,3520,227.14788422143056,99993,28,18,4,1,677,357,0.010340723850669547,14,15,49477,49718,476,247,0,0,0,0,0,0,99014,0,0,4,0,0,0,0,0,0,0,975,0,0,0,0,0,0
227,3520,228.13573209779918,99992,33,18,4,2,683,360,0.010430834466757341,11,17,49475,49713,476,249,0,0,0,0,0,0,99010,0,0,4,0,0,0,0,0,0,0,978,0,0,0,0,0,0
228,3520,229.01561493473514,99992,28,16,4,2,686,363,0.010490839267141372,15,15,49468,49714,484,252,0,0,0,0,0,0,98997,0,0,4,0,0,0,0,0,0,0,991,0,0,0,0,0,0
229,3520,230.09793549468446,99992,28,18,4,2,691,369,0.010600848067845428,14,12,49465,49712,488,255,0,0,0,0,0,0,98988,0,0,4,0,0,0,0,0,0,0,1000,0,0,0,0,0,0
230,3520,231.0960698559844,99992,26,17,4,2,696,370,0.010660852868229459,11,19,49463,49704,495,257,0,0,0,0,0,0,98979,0,0,4,0,0,0,0,0,0,0,1009,0,0,0,0,0,0
231,3520,232.08916786421102,99992,25,18,4,2,697,374,0.010710856868549484,12,17,49462,49704,496,258,0,0,0,0,0,0,98974,0,0,4,0,0,0,0,0,0,0,1014,0,0,0,0,0,0
232,3520,233.0309512735893,99992,23,21,4,2,698,379,0.010770861668933514,15,15,49460,49703,497,258,0,0,0,0,0,0,98969,0,0,4,0,0,0,0,0,0,0,1019,0,0,0,0,0,0
233,3520,234.14347553346815,99992,26,22,4,2,706,384,0.010900872069765581,13,15,49457,49699,499,261,0,0,0,0,0,0,98960,0,0,4,0,0,0,0,0,0,0,1028,0,0,0,0,0,0
234,3520,235.05667917091844,99992,26,21,4,2,709,388,0.010970877670213618,15,17,49455,49693,499,266,0,0,0,0,0,0,98952,0,0,4,0,0,0,0,0,0,0,1036,0,0,0,0,0,0
235,3520,236.20130363420822,99992,28,22,4,2,716,393,0.011090887270981679,10,16,49454,49689,503,270,0,0,0,0,0,0,98943,0,0,4,0,0,0,0,0,0,0,1045,0,0,0,0,0,0
236,3520,237.16801467090949,99992,25,21,4,2,718,394,0.011120889671173693,16,15,49446,49690,508,271,0,0,0,0,0,0,98936,0,0,4,0,0,0,0,0,0,0,1052,0,0,0,0,0,0
237,3520,238.00471518900235,99992,29,22,4,2,727,400,0.01127090167213377,13,12,49443,49688,510,275,0,0,0,0,0,0,98926,0,0,4,0,0,0,0,0,0,0,1062,0,0,0,0,0,0
238,3520,239.03487228745664,99992,29,23,4,2,733,404,0.011370909672773821,11,10,49442,49689,513,275,0,0,0,0,0,0,98917,0,0,4,0,0,0,0,0,0,0,1071,0,0,0,0,0,0
239,3520,240.03734436681668,99992,30,21,4,2,736,405,0.011410912873029842,13,12,49440,49687,512,277,0,0,0,0,0,0,98912,0,0,4,0,0,0,0,0,0,0,1076,0,0,0,0,0,0
240,3520,241.25793486574318,99992,30,20,4,2,742,410,0.011520921673733898,12,12,49439,49683,514,282,0,0,0,0,0,0,98900,0,0,4,0,0,0,0,0,0,0,1088,0,0,0,0,0,0
241,3520,242.04063147825008,99992,31,21,4,2,746,413,0.011590927274181935,14,12,49433,49681,517,283,0,0,0,0,0,0,98895,0,0,4,0,0,0,0,0,0,0,1093,0,0,0,0,0,0
242,3520,243.0029772155037,99992,33,19,4,2,752,416,0.01168093447475798,12,11,49431,49680,519,287,0,0,0,0,0,0,98886,0,0,4,0,0,0,0,0,0,0,1102,0,0,0,0,0,0
243,3520,244.15857715346291,99992,26,21,4,2,753,419,0.011720937675014,18,11,49427,49678,524,287,0,0,0,0,0,0,98877,0,0,4,0,0,0,0,0,0,0,1111,0,0,0,0,0,0
244,3520,245.03224741002228,99992,27,22,4,2,758,423,0.011810944875590047,21,8,49421,49678,526,289,0,0,0,0,0,0,98870,0,0,4,0,0,0,0,0,0,0,1118,0,0,0,0,0,0
245,3520,246.14828884872247,99992,31,22,4,2,767,426,0.011930954476358108,19,6,49417,49678,528,291,0,0,0,0,0,0,98862,0,0,4,0,0,0,0,0,0,0,1126,0,0,0,0,0,0
246,3520,247.3397091227726,99992,33,22,4,2,773,429,0.012020961676934155,19,4,49414,49680,529,291,0,0,0,0,0,0,98855,0,0,4,0,0,0,0,0,0,0,1133,0,0,0,0,0,0
247,3520,248.3106239273415,99992,29,21,4,2,779,429,0.012080966477318185,23,11,49406,49674,537,291,0,0,0,0,0,0,98844,0,0,4,0,0,0,0,0,0,0,1144,0,0,0,0,0,0
248,3520,249.13535297453507,99992,30,19,4,2,783,431,0.012140971277702216,21,10,49405,49674,539,294,0,0,0,0,0,0,98837,0,0,4,0,0,0,0,0,0,0,1151,0,0,0,0,0,0
249,3520,250.03392196905378,99992,29,16,4,2,786,432,0.012180974477958236,24,11,49401,49673,541,297,0,0,0,0,0,0,98829,0,0,4,0,0,0,0,0,0,0,1159,0,0,0,0,0,0
250,3520,251.02982293845426,99992,29,18,4,2,793,435,0.012280982478598287,22,20,49400,49663,544,296,0,0,0,0,0,0,98821,0,0,4,0,0,0,0,0,0,0,1167,0,0,0,0,0,0
251,3520,252.053644090402,99992,32,18,4,2,797,438,0.012350988079046324,22,17,49397,49665,544,297,0,0,0,0,0,0,98817,0,0,4,0,0,0,0,0,0,0,1171,0,0,0,0,0,0
252,3520,253.00078102600358,99992,36,17,4,2,805,439,0.01244099527962237,19,18,49392,49665,548,297,0,0,0,0,0,0,98811,0,0,4,0,0,0,0,0,0,0,1177,0,0,0,0,0,0
253,3520,254.00540688832066,99992,33,18,4,2,808,443,0.012511000880070405,23,16,49385,49664,554,299,0,0,0,0,0,0,98802,0,0,4,0,0,0,0,0,0,0,1186,0,0,0,0,0,0
254,3520,255.00972209017914,99992,35,18,4,2,813,446,0.012591007280582447,20,18,49385,49660,555,301,0,0,0,0,0,0,98796,0,0,4,0,0,0,0,0,0,0,1192,0,0,0,0,0,0
255,3520,256.0896485195694,99992,34,21,4,2,818,451,0.012691015281222498,19,15,49384,49660,558,301,0,0,0,0,0,0,98788,0,0,4,0,0,0,0,0,0,0,1200,0,0,0,0,0,0
256,3520,257.01175768356666,99992,34,18,4,2,826,457,0.01283102648211857,17,15,49380,49657,564,307,0,0,0,0,0,0,98771,0,0,4,0,0,0,0,0,0,0,1217,0,0,0,0,0,0
257,3520,258.1364208479757,99992,35,17,4,2,830,457,0.01287102968237459,18,17,49378,49655,564,308,0,0,0,0,0,0,98767,0,0,4,0,0,0,0,0,0,0,1221,0,0,0,0,0,0
258,3520,259.044327209933,99992,31,19,4,2,833,461,0.012941035282822626,23,16,49373,49653,568,309,0,0,0,0,0,0,98758,0,0,4,0,0,0,0,0,0,0,1230,0,0,0,0,0,0
259,3520,260.12485440666893,99992,27,23,4,2,835,467,0.013021041683334667,27,11,49367,49653,574,310,0,0,0,0,0,0,98750,0,0,4,0,0,0,0,0,0,0,1238,0,0,0,0,0,0
260,3520,261.3428230033499,99992,33,25,4,2,845,472,0.013171053684294744,29,12,49355,49652,578,308,0,0,0,0,0,0,98743,0,0,4,0,0,0,0,0,0,0,1245,0,0,0,0,0,0
261,3520,262.05286295839664,99992,32,24,4,2,846,474,0.013201056084486759,33,12,49350,49650,580,311,0,0,0,0,0,0,98738,0,0,4,0,0,0,0,0,0,0,1250,0,0,0,0,0,0
262,3520,263.16916045093905,99992,34,19,4,2,854,477,0.013311064885190816,26,14,49352,49646,583,318,0,0,0,0,0,0,98724,0,0,4,0,0,0,0,0,0,0,1264,0,0,0,0,0,0
263,3520,264.0338638582602,99992,37,13,4,2,859,477,0.01336106888551084,23,16,49350,49645,585,323,0,0,0,0,0,0,98716,0,0,4,0,0,0,0,0,0,0,1272,0,0,0,0,0,0
264,3520,265.00199785895353,99992,37,16,4,2,865,481,0.013461076886150893,19,12,49352,49646,587,323,0,0,0,0,0,0,98709,0,0,4,0,0,0,0,0,0,0,1279,0,0,0,0,0,0
265,3520,266.0486489924566,99992,40,20,4,2,873,488,0.013611088887110968,23,11,49343,49641,589,325,0,0,0,0,0,0,98701,0,0,4,0,0,0,0,0,0,0,1287,0,0,0,0,0,0
266,3520,267.17596617674815,99992,46,19,4,2,884,491,0.013751100088007041,21,12,49334,49641,594,325,0,0,0,0,0,0,98692,0,0,4,0,0,0,0,0,0,0,1296,0,0,0,0,0,0
267,3520,268.24402246356505,99992,40,19,4,2,887,493,0.013801104088327066,29,13,49326,49639,600,326,0,0,0,0,0,0,98681,0,0,4,0,0,0,0,0,0,0,1307,0,0,0,0,0,0
268,3520,269.0570743841908,99992,41,21,4,2,891,496,0.013871109688775102,26,11,49327,49638,601,327,0,0,0,0,0,0,98677,0,0,4,0,0,0,0,0,0,0,1311,0,0,0,0,0,0
269,3520,270.29952270842716,99992,43,24,4,2,901,503,0.01404112328986319,25,8,49320,49634,607,331,0,0,0,0,0,0,98665,0,0,4,0,0,0,0,0,0,0,1323,0,0,0,0,0,0
270,3520,271.03091462548315,99992,41,21,4,2,904,504,0.01408112649011921,25,10,49318,49633,611,333,0,0,0,0,0,0,98656,0,0,4,0,0,0,0,0,0,0,1332,0,0,0,0,0,0
271,3520,272.2292090084013,99992,38,21,4,2,910,505,0.014151132090567245,28,9,49313,49635,616,332,0,0,0,0,0,0,98646,0,0,4,0,0,0,0,0,0,0,1342,0,0,0,0,0,0
272,3520,273.33241279789695,99992,39,23,4,2,914,508,0.014221137691015281,31,12,49307,49631,618,331,0,0,0,0,0,0,98642,0,0,4,0,0,0,0,0,0,0,1346,0,0,0,0,0,0
273,3520,274.32679688403823,99992,37,24,4,2,920,511,0.014311144891591328,34,14,49298,49629,626,330,0,0,0,0,0,0,98632,0,0,4,0,0,0,0,0,0,0,1356,0,0,0,0,0,0
274,3520,275.34118860224976,99992,43,22,4,2,931,514,0.0144511560924874,25,12,49299,49629,628,334,0,0,0,0,0,0,98623,0,0,5,0,0,0,0,0,0,0,1364,0,0,0,0,0,0
275,3520,276.29561921629477,99992,44,25,4,2,939,517,0.014561164893191455,21,12,49299,49626,631,334,0,0,0,0,0,0,98616,0,0,5,0,0,0,0,0,0,0,1371,0,0,0,0,0,0
276,3520,277.00555286969814,99992,43,27,4,2,943,520,0.014631170493639491,19,11,49298,49624,635,335,0,0,0,0,0,0,98610,0,0,5,0,0,0,0,0,0,0,1377,0,0,0,0,0,0
277,3520,278.06449797882095,99991,40,26,5,2,947,522,0.01469132221899971,24,13,49295,49620,635,338,0,0,0,0,0,0,98600,0,0,5,0,0,0,0,0,0,0,1386,0,0,0,0,0,0
278,3520,279.07319521924796,99991,37,25,5,2,953,525,0.014781330319728775,25,14,49291,49617,641,341,0,0,0,0,0,0,98587,0,0,5,0,0,0,0,0,0,0,1399,0,0,0,0,0,0
279,3520,280.02839413204777,99991,37,23,5,2,958,527,0.014851336620295827,27,15,49288,49616,642,343,0,0,0,0,0,0,98578,0,0,5,0,0,0,0,0,0,0,1408,0,0,0,0,0,0
280,3520,281.04254374234307,99991,38,25,5,2,961,534,0.014951345621105899,30,11,49285,49615,641,346,0,0,0,0,0,0,98571,0,0,5,0,0,0,0,0,0,0,1415,0,0,0,0,0,0
281,3520,282.04137409388204,99991,43,25,5,2,973,535,0.015081357322158994,29,11,49276,49617,646,344,0,0,0,0,0,0,98563,0,0,5,0,0,0,0,0,0,0,1423,0,0,0,0,0,0
282,3520,283.0769774546377,99991,43,27,5,2,976,539,0.015151363622726045,31,9,49275,49617,645,344,0,0,0,0,0,0,98558,0,0,5,0,0,0,0,0,0,0,1428,0,0,0,0,0,0
283,3520,284.28461935098795,99991,41,27,5,2,982,543,0.015251372623536118,30,7,49271,49615,652,348,0,0,0,0,0,0,98546,0,0,5,0,0,0,0,0,0,0,1440,0,0,0,0,0,0
284,3520,285.03995771629565,99991,42,25,5,2,988,544,0.015321378924103169,29,11,49267,49611,656,350,0,0,0,0,0,0,98538,0,0,5,0,0,0,0,0,0,0,1448,0,0,0,0,0,0
285,3520,286.06462065169467,99991,43,27,5,2,999,548,0.01547139242531828,31,10,49257,49611,663,349,0,0,0,0,0,0,98526,0,0,5,0,0,0,0,0,0,0,1460,0,0,0,0,0,0
286,3520,287.23250005470254,99991,43,21,5,2,1006,549,0.015551399625966337,31,14,49252,49607,668,355,0,0,0,0,0,0,98512,0,0,5,0,0,0,0,0,0,0,1474,0,0,0,0,0,0
287,3520,288.1911052023476,99991,53,21,5,2,1020,552,0.015721414927343462,22,13,49249,49607,670,356,0,0,0,0,0,0,98506,0,0,6,0,0,0,0,0,0,0,1479,0,0,0,0,0,0
288,3520,289.2977356531263,99991,54,22,5,2,1028,554,0.015821423928153534,24,15,49240,49603,676,357,0,0,0,0,0,0,98498,0,0,6,0,0,0,0,0,0,0,1487,0,0,0,0,0,0
289,3520,290.0990187356801,99991,46,22,5,2,1033,558,0.0159114320288826,27,15,49235,49601,686,359,0,0,0,0,0,0,98481,0,0,6,0,0,0,0,0,0,0,1504,0,0,0,0,0,0
290,3520,291.1372389064287,99991,46,24,5,2,1039,560,0.015991439229530658,28,15,49230,49599,690,359,0,0,0,0,0,0,98475,0,0,6,0,0,0,0,0,0,0,1510,0,0,0,0,0,0
291,3520,292.192018417219,99991,51,25,5,2,1047,563,0.016101449130421736,28,18,49224,49593,691,361,0,0,0,0,0,0,98470,0,0,6,0,0,0,0,0,0,0,1515,0,0,0,0,0,0
292,3520,293.0619425242765,99991,53,27,5,2,1052,566,0.016181456331069797,24,18,49225,49591,692,361,0,0,0,0,0,0,98466,0,0,6,0,0,0,0,0,0,0,1519,0,0,0,0,0,0
293,3520,294.01882212235614,99991,53,30,5,2,1057,574,0.01631146803212289,27,17,49221,49586,693,364,0,0,0,0,0,0,98456,0,0,6,0,0,0,0,0,0,0,1529,0,0,0,0,0,0
294,3520,295.1099076041258,99991,58,31,5,2,1069,578,0.016471482433419008,22,16,49214,49585,700,365,0,0,0,0,0,0,98446,0,0,6,0,0,0,0,0,0,0,1539,0,0,0,0,0,0
295,3520,296.0111962902124,99991,58,32,5,2,1075,582,0.01657149143422908,26,15,49207,49584,703,366,0,0,0,0,0,0,98437,0,0,6,0,0,0,0,0,0,0,1548,0,0,0,0,0,0
296,3520,297.21502981078726,99991,67,29,5,2,1089,584,0.0167315058355252,32,16,49189,49582,706,370,0,0,0,0,0,0,98427,0,0,6,0,0,0,0,0,0,0,1558,0,0,0,0,0,0
297,3520,298.11240568520304,99991,65,29,5,2,1095,590,0.016851516636497286,33,16,49182,49578,714,374,0,0,0,0,0,0,98413,0,0,6,0,0,0,0,0,0,0,1572,0,0,0,0,0,0
298,3520,299.2299737157695,99991,62,27,5,2,1106,592,0.01698152833755038,33,18,49175,49576,724,376,0,0,0,0,0,0,98395,0,0,6,0,0,0,0,0,0,0,1590,0,0,0,0,0,0
299,3520,300.2027144466093,99991,67,25,5,2,1116,596,0.017121540938684482,33,16,49171,49575,723,381,0,0,0,0,0,0,98384,0,0,6,0,0,0,0,0,0,0,1601,0,0,0,0,0,0
300,3520,301.19327693815586,99991,66,22,5,2,1122,598,0.01720154813933254,34,22,49169,49570,725,383,0,0,0,0,0,0,98372,0,0,6,0,0,0,0,0,0,0,1613,0,0,0,0,0,0
301,3520,302.0622648827339,99991,58,25,5,2,1124,605,0.017291556240061606,36,18,49170,49567,730,387,0,0,0,0,0,0,98358,0,0,6,0,0,0,0,0,0,0,1627,0,0,0,0,0,0
302,3520,303.0237544076336,99991,56,29,5,2,1129,610,0.017391565240871678,46,17,49157,49564,735,387,0,0,0,0,0,0,98350,0,0,6,0,0,0,0,0,0,0,1635,0,0,0,0,0,0
303,3520,304.01498345827594,99991,58,30,5,2,1135,614,0.01749157424168175,52,20,49146,49559,738,388,0,0,0,0,0,0,98343,0,0,6,0,0,0,0,0,0,0,1642,0,0,0,0,0,0
304,3520,305.0900277157947,99991,63,26,5,2,1149,616,0.017651588642977868,53,24,49135,49554,743,393,0,0,0,0,0,0,98328,0,0,6,0,0,0,0,0,0,0,1657,0,0,0,0,0,0
305,3520,306.1680489722373,99991,62,32,5,2,1158,624,0.017821603944354992,48,19,49133,49555,751,391,0,0,0,0,0,0,98316,0,0,6,0,0,0,0,0,0,0,1669,0,0,0,0,0,0
306,3520,307.1945290158814,99991,62,31,5,2,1174,629,0.018031622846056146,40,19,49130,49553,762,394,0,0,0,0,0,0,98294,0,0,6,0,0,0,0,0,0,0,1691,0,0,0,0,0,0
307,3520,308.08917722809593,99991,58,30,5,2,1180,631,0.018111630046704203,37,19,49129,49552,770,396,0,0,0,0,0,0,98281,0,0,6,0,0,0,0,0,0,0,1704,0,0,0,0,0,0
308,3520,309.01054173201953,99991,63,31,5,2,1194,636,0.018301647148243342,33,19,49120,49550,778,397,0,0,0,0,0,0,98269,0,0,7,0,0,0,0,0,0,0,1715,0,0,0,0,0,0
309,3520,310.1825710937697,99991,60,29,5,2,1202,642,0.018441659749377445,39,18,49112,49547,783,403,0,0,0,0,0,0,98250,0,0,7,0,0,0,0,0,0,0,1734,0,0,0,0,0,0
310,3520,311.06055666161245,99991,60,33,5,2,1210,648,0.018581672350511547,39,15,49107,49544,788,405,0,0,0,0,0,0,98240,0,0,7,0,0,0,0,0,0,0,1744,0,0,0,0,0,0
311,3520,312.0775321484874,99991,61,30,5,2,1222,650,0.018721684951645647,32,17,49104,49540,797,410,0,0,0,0,0,0,98225,0,0,8,0,0,0,0,0,0,0,1758,0,0,0,0,0,0
312,3520,313.09271291194347,99990,56,34,5,3,1229,658,0.01887188718871887,38,13,49094,49538,806,411,0,0,0,0,0,0,98210,0,0,9,0,0,0,0,0,0,0,1771,0,0,0,0,0,0
313,3520,314.2260062873263,99990,56,32,5,3,1236,662,0.01898189818981898,34,11,49095,49536,809,417,0,0,0,0,0,0,98197,0,0,9,0,0,0,0,0,0,0,1784,0,0,0,0,0,0
314,3520,315.0180589667678,99990,59,31,5,3,1240,664,0.019041904190419044,33,12,49095,49535,807,418,0,0,0,0,0,0,98193,0,0,9,0,0,0,0,0,0,0,1788,0,0,0,0,0,0
315,3520,316.21844268923445,99990,67,26,5,3,1258,666,0.01924192419241924,27,15,49087,49533,813,422,0,0,0,0,0,0,98176,0,0,9,0,0,0,0,0,0,0,1805,0,0,0,0,0,0
316,3520,317.3209241524668,99990,65,23,5,3,1270,668,0.019381938193819382,30,16,49075,49532,824,425,0,0,0,0,0,0,98157,0,0,9,0,0,0,0,0,0,0,1824,0,0,0,0,0,0
317,3520,318.0870312754924,99990,65,21,5,3,1278,671,0.019491949194919492,35,17,49064,49529,830,429,0,0,0,0,0,0,98144,0,0,9,0,0,0,0,0,0,0,1837,0,0,0,0,0,0
318,3520,319.0810652358789,99990,66,23,5,3,1290,675,0.01965196519651965,28,19,49059,49524,841,430,0,0,0,0,0,0,98131,0,0,9,0,0,0,0,0,0,0,1850,0,0,0,0,0,0
319,3520,320.2754146467261,99989,64,23,6,3,1300,679,0.019792177139485344,30,23,49049,49517,849,432,1,1,1,1,0,0,98114,0,0,9,0,0,0,0,0,0,1,1864,1,0,0,0,0,0
320,3520,321.20849151403763,99989,60,26,6,3,1303,683,0.019862184840332437,32,20,49045,49515,854,433,2,2,2,2,0,0,98104,0,0,9,0,0,0,0,0,0,3,1872,1,0,0,0,0,0
321,3520,322.0116435686719,99989,52,29,6,3,1309,690,0.01999219914190561,42,17,49034,49512,862,435,3,3,3,3,0,0,98084,0,0,9,0,0,0,0,0,0,5,1890,1,0,0,0,0,0
322,3520,323.1811875547561,99989,58,25,6,3,1319,692,0.02011221234335777,37,19,49030,49507,864,441,4,4,4,4,0,0,98072,0,0,9,0,0,0,0,0,0,7,1900,1,0,0,0,0,0
323,3520,324.0366370231884,99989,60,29,6,3,1329,700,0.02029223214553601,30,16,49028,49504,870,442,5,5,5,5,0,0,98058,0,0,9,0,0,0,0,0,0,9,1912,1,0,0,0,0,0
324,3520,325.01644103547244,99989,57,32,6,3,1336,703,0.02039224314674614,35,23,49017,49496,878,439,6,6,6,6,0,0,98047,0,0,9,0,0,0,0,0,0,10,1921,2,0,0,0,0,0
325,3520,326.02411471120513,99989,57,34,6,3,1346,707,0.02053225854844033,30,24,49013,49489,886,441,7,8,8,7,0,0,98032,0,0,9,0,0,0,0,0,0,13,1933,2,0,0,0,0,0
326,3520,327.0713593691918,99989,53,37,6,3,1351,715,0.020662272850013503,38,19,49000,49485,894,445,8,10,10,8,0,0,98015,0,0,9,0,0,0,0,0,0,16,1947,2,0,0,0,0,0
327,3520,328.132563333253,99989,50,40,6,3,1355,721,0.020762283851223636,41,24,48994,49476,899,444,9,12,12,9,0,0,98002,0,0,9,0,0,0,0,0,0,19,1957,2,0,0,0,0,0
328,3520,329.1098814783803,99989,56,41,6,3,1368,726,0.020942303653401873,37,24,48987,49468,903,448,10,15,15,10,0,0,97988,0,0,10,0,0,0,0,0,0,23,1966,2,0,0,0,0,0
329,3520,330.13113853370356,99989,58,43,6,3,1376,733,0.021092320155217073,40,21,48976,49463,908,451,11,18,18,11,0,0,97973,0,0,10,0,0,0,0,0,0,27,1977,2,0,0,0,0,0
330,3520,331.04138301572823,99989,63,45,6,3,1386,742,0.021282341057516328,38,18,48971,49457,909,454,12,22,22,12,0,0,97956,0,0,10,0,0,0,0,0,0,32,1989,2,0,0,0,0,0
331,3520,332.0033155972326,99989,63,43,6,3,1396,746,0.021422356459210513,43,19,48960,49450,914,457,13,27,27,13,0,0,97934,0,0,10,0,0,0,0,0,0,38,2005,2,0,0,0,0,0
332,3520,333.13345481170984,99989,65,43,6,3,1403,752,0.021552370760783687,47,18,48952,49440,915,463,14,32,32,14,0,0,97917,0,0,10,0,0,0,0,0,0,44,2016,2,0,0,0,0,0
333,3520,334.00348470693905,99989,66,41,6,3,1411,755,0.021662382862114832,49,19,48944,49433,919,465,15,38,38,15,0,0,97898,0,0,10,0,0,0,0,0,0,51,2028,2,0,0,0,0,0
334,3520,335.03961682342435,99989,66,39,6,3,1418,758,0.021762393863324965,52,21,48935,49421,924,470,16,45,45,16,0,0,97878,0,0,10,0,0,0,0,0,0,59,2040,2,0,0,0,0,0
335,3520,336.03057419779543,99989,69,41,6,3,1431,763,0.021942413665503206,56,19,48921,49411,930,472,17,53,53,17,0,0,97856,0,0,10,0,0,0,0,0,0,68,2053,2,0,0,0,0,0
336,3520,337.00462901920446,99989,76,37,6,3,1443,768,0.02211243236756043,59,17,48909,49403,932,478,17,61,62,18,0,0,97833,0,0,10,0,0,0,0,0,0,77,2066,3,0,0,0,0,0
337,3520,338.00231228867847,99989,82,36,6,3,1454,771,0.022252447769254616,54,19,48905,49389,934,482,18,70,72,19,0,0,97813,0,0,10,0,0,0,0,0,0,88,2075,3,0,0,0,0,0
338,3520,339.00212889494105,99989,83,29,6,3,1465,773,0.02238246207082779,53,23,48896,49374,942,489,19,81,83,20,0,0,97782,0,0,10,0,0,0,0,0,0,100,2094,3,0,0,0,0,0
339,3520,340.00761794048043,99989,86,31,6,3,1477,782,0.02259248517336907,52,19,48887,49357,948,496,20,93,95,21,0,0,97754,0,0,11,0,0,0,0,0,0,113,2108,3,0,0,0,0,0
340,3520,341.02116690397855,99988,81,30,6,4,1487,788,0.022752730327639317,53,17,48879,49344,959,500,21,104,108,22,0,0,97718,0,0,11,0,0,0,0,0,0,127,2129,3,0,0,0,0,0
341,3520,342.2878213257012,99988,79,30,6,4,1503,795,0.022982757930951715,52,18,48862,49324,977,505,23,118,122,24,0,0,97679,0,0,13,0,0,0,0,0,0,143,2150,3,0,0,0,0,0
342,3520,343.103877000227,99988,76,28,6,4,1514,799,0.023132775933111974,49,21,48856,49303,987,510,25,133,137,26,0,0,97643,0,0,14,0,0,0,0,0,0,160,2168,3,0,0,0,0,0
343,3520,344.28611004121433,99988,87,29,6,4,1531,804,0.023352802336280353,44,19,48843,49285,992,514,27,148,154,28,0,0,97616,0,0,15,0,0,0,0,0,0,178,2175,4,0,0,0,0,0
344,3520,345.155912528969,99988,89,32,6,4,1541,811,0.023522822738728646,45,19,48834,49263,996,515,29,166,172,30,0,0,97584,0,0,15,0,0,0,0,0,0,198,2187,4,0,0,0,0,0
345,3520,346.33126861499306,99988,83,35,6,4,1552,819,0.023712845541464977,59,21,48815,49238,1005,517,31,184,192,32,0,0,97540,0,0,15,0,0,0,0,0,0,220,2209,4,0,0,0,0,0
346,3520,347.02407872738223,99988,82,39,6,4,1562,823,0.023852862343481218,55,19,48809,49218,1014,514,33,205,213,34,0,0,97507,0,0,15,0,0,0,0,0,0,242,2219,5,0,0,0,0,0
347,3520,348.34048417636683,99988,83,41,6,4,1580,835,0.024152898347801738,46,20,48807,49188,1021,520,36,226,236,37,0,0,97455,0,0,16,0,0,0,0,0,0,268,2244,5,0,0,0,0,0
348,3520,349.01254647372303,99988,84,42,6,4,1585,839,0.02424290914909789,46,18,48801,49164,1023,521,39,250,260,40,0,0,97422,0,0,16,0,0,0,0,0,0,294,2250,6,0,0,0,0,0
349,3520,350.05627798071424,99988,87,46,6,4,1605,847,0.024522942753130376,37,18,48788,49135,1039,520,42,276,286,43,0,0,97373,0,0,16,0,0,0,0,0,0,322,2270,7,0,0,0,0,0
350,3520,351.26420193645066,99988,77,40,6,4,1612,852,0.024642957154858584,40,18,48777,49107,1054,527,45,303,314,46,0,0,97316,0,0,17,0,0,0,0,0,0,352,2295,8,0,0,0,0,0
351,3520,352.03026924286047,99988,78,35,6,4,1625,853,0.024782973956874826,38,21,48763,49077,1065,531,49,331,343,50,0,0,97265,0,0,17,0,0,0,0,0,0,385,2313,8,0,0,0,0,0
352,3520,353.07086372965927,99988,79,39,6,4,1631,858,0.024892987158459015,41,25,48751,49040,1069,529,53,362,374,54,0,0,97225,0,0,17,0,0,0,0,0,0,419,2318,9,0,0,0,0,0
353,3520,354.1116908120266,99987,73,40,7,4,1640,868,0.02508326082390711,47,18,48735,49006,1080,537,57,394,407,58,0,0,97164,0,0,17,0,0,0,0,0,0,456,2341,9,0,0,0,0,0
354,3520,355.0148853992112,99987,72,41,7,4,1647,872,0.02519327512576635,46,17,48729,48969,1083,539,62,429,442,63,0,0,97114,0,0,18,0,0,0,0,0,0,496,2350,9,0,0,0,0,0
355,3520,356.0413946564689,99987,77,44,7,4,1662,878,0.02540330242931581,39,18,48719,48929,1090,539,67,465,479,68,0,0,97059,0,0,18,0,0,0,0,0,0,538,2363,9,0,0,0,0,0
356,3520,357.0302233932141,99987,79,38,7,4,1669,881,0.02550331543100603,39,17,48711,48890,1091,548,72,502,518,73,0,0,97001,0,0,18,0,0,0,0,0,0,582,2377,9,0,0,0,0,0
357,3520,358.1223744895292,99987,84,34,7,4,1688,885,0.025733345334893538,40,21,48691,48844,1099,554,78,542,559,79,0,0,96933,0,0,19,0,0,0,0,0,0,629,2397,9,0,0,0,0,0
358,3520,359.16446655977137,99987,83,35,7,4,1697,890,0.025873363537259844,40,19,48681,48800,1104,557,84,584,602,85,0,0,96871,0,0,19,0,0,0,0,0,0,677,2410,10,0,0,0,0,0
359,3520,360.1016269426275,99987,79,35,7,4,1702,895,0.025973376538950065,45,17,48668,48753,1111,561,89,629,647,91,0,0,96807,0,0,20,0,0,0,0,0,0,728,2422,10,0,0,0,0,0
360,3520,361.077801951459,99987,80,36,7,4,1721,901,0.026223409043175612,38,20,48651,48701,1127,563,96,675,695,98,0,0,96731,0,0,22,0,0,0,0,0,0,783,2441,10,0,0,0,0,0
361,3520,362.0969422699624,99987,75,33,7,4,1727,907,0.026343424645203877,47,20,48630,48653,1137,571,103,718,745,105,0,0,96655,0,0,22,0,0,0,0,0,0,839,2460,11,0,0,0,0,0
362,3520,363.2330826317754,99987,77,39,7,4,1741,914,0.02655345194875334,43,20,48616,48599,1145,570,111,767,797,113,0,0,96583,0,0,22,0,0,0,0,0,0,898,2472,12,0,0,0,0,0
363,3520,364.3324458342928,99986,80,40,8,4,1754,922,0.02676374692456944,47,24,48593,48538,1152,573,119,820,852,121,0,0,96504,0,0,22,0,0,0,0,0,0,960,2487,13,0,0,0,0,0
364,3520,365.02847267845476,99986,78,43,8,4,1762,926,0.026883763726921767,48,23,48581,48482,1158,572,126,875,909,130,0,0,96429,0,0,22,0,0,0,0,0,0,1024,2496,15,0,0,0,0,0
365,3520,366.0728243299392,99986,74,40,8,4,1769,931,0.0270037805292741,56,22,48561,48424,1165,575,135,934,968,139,0,0,96342,0,0,22,0,0,0,0,0,0,1092,2515,15,0,0,0,0,0
366,3520,367.11757819596323,99986,80,37,8,4,1787,935,0.0272238113335867,47,26,48545,48355,1174,582,145,995,1030,149,0,0,96252,0,0,22,0,0,0,0,0,0,1163,2533,16,0,0,0,0,0
367,3520,368.1626862598396,99986,72,39,8,4,1795,944,0.02739383513691917,58,28,48521,48288,1184,584,156,1056,1094,160,0,0,96156,0,0,22,0,0,0,0,0,0,1236,2554,18,0,0,0,0,0
368,3520,369.2082903125248,99986,75,32,8,4,1814,953,0.027673874342407936,54,29,48499,48221,1196,595,167,1118,1161,171,0,0,96048,0,0,22,0,0,0,0,0,0,1312,2584,20,0,0,0,0,0
369,3520,370.25437519862675,99986,81,34,8,4,1828,961,0.027893905146720542,52,24,48479,48158,1201,599,178,1180,1231,183,0,0,95954,0,0,22,0,0,0,0,0,0,1392,2596,22,0,0,0,0,0
370,3520,371.30089670543435,99986,73,36,8,4,1838,966,0.028043926149660954,63,27,48448,48084,1217,602,190,1246,1303,195,0,0,95851,0,0,23,0,0,0,0,0,0,1475,2614,23,0,0,0,0,0
371,3520,372.3480035151589,99986,81,43,8,4,1854,978,0.02832396535514972,62,21,48427,48013,1218,604,203,1314,1378,208,0,0,95751,0,0,23,0,0,0,0,0,0,1562,2626,24,0,0,0,0,0
372,3520,373.0462985392481,99986,84,43,8,4,1862,981,0.028433980757306025,63,24,48406,47932,1222,605,216,1391,1456,222,0,0,95653,0,0,23,0,0,0,0,0,0,1652,2632,26,0,0,0,0,0
373,3520,374.0941694422478,99986,86,44,8,4,1882,986,0.028684015762206708,52,25,48390,47855,1234,606,229,1465,1536,236,0,0,95537,0,0,23,0,0,0,0,0,0,1746,2654,26,0,0,0,0,0
374,3520,375.1424970302751,99986,82,50,8,4,1896,996,0.028924049366911366,49,22,48368,47777,1248,607,244,1539,1619,251,0,0,95419,0,0,24,0,0,0,0,0,0,1843,2673,27,0,0,0,0,0
375,3520,376.0851852079408,99986,77,54,8,4,1904,1003,0.029074070369851778,49,19,48348,47697,1258,606,259,1619,1705,267,0,0,95305,0,0,24,0,0,0,0,0,0,1941,2685,31,0,0,0,0,0
376,3520,377.2143416626266,99986,88,50,8,4,1926,1013,0.02939411517612466,41,22,48322,47605,1266,618,274,1700,1794,284,0,0,95177,0,0,25,0,0,0,0,0,0,2045,2706,33,0,0,0,0,0
377,3520,378.2376035679641,99985,81,46,8,5,1934,1019,0.02953443016452468,45,19,48295,47517,1278,626,292,1786,1885,302,0,0,95044,0,0,25,0,0,0,0,0,0,2153,2729,34,0,0,0,0,0
378,3520,379.2900382483318,99985,84,46,8,5,1944,1024,0.029684452667900187,44,16,48275,47431,1278,626,310,1875,1979,320,0,0,94924,0,0,26,0,0,0,0,0,0,2262,2736,37,0,0,0,0,0
379,3520,380.213842772777,99985,79,39,8,5,1952,1026,0.029784467670150524,48,18,48250,47340,1285,633,329,1964,2076,339,0,0,94788,0,0,27,0,0,0,0,0,0,2377,2755,38,0,0,0,0,0
380,3520,381.19081135343436,99985,77,36,8,5,1961,1029,0.02990448567285093,49,20,48224,47250,1294,632,347,2056,2176,359,0,0,94657,0,0,27,0,0,0,0,0,0,2491,2766,44,0,0,0,0,0
381,3520,382.10498814877616,99985,79,38,8,5,1975,1033,0.030084512676901536,49,18,48192,47152,1304,633,367,2153,2279,380,0,0,94522,0,0,28,0,0,0,0,0,0,2613,2776,46,0,0,0,0,0
382,3520,383.0382267035827,99985,80,37,8,5,1985,1038,0.030234535180277043,51,19,48162,47048,1309,634,389,2256,2385,402,0,0,94383,0,0,29,0,0,0,0,0,0,2738,2786,49,0,0,0,0,0
383,3520,384.0266134382833,99985,72,40,8,5,1994,1047,0.03041456218432765,56,16,48128,46945,1324,638,411,2355,2494,425,0,0,94232,0,0,30,0,0,0,0,0,0,2867,2804,52,0,0,0,0,0
384,3520,385.0300222256258,99985,76,40,8,5,2006,1051,0.030574586187928188,54,15,48102,46844,1327,638,432,2457,2606,449,0,0,94086,0,0,30,0,0,0,0,0,0,3001,2814,54,0,0,0,0,0
385,3520,386.1951166605553,99985,73,36,8,5,2021,1053,0.030744611691753763,60,18,48062,46741,1342,641,454,2558,2721,474,0,0,93926,0,0,30,0,0,0,0,0,0,3137,2834,58,0,0,0,0,0
386,3520,387.1978249902722,99985,79,35,8,5,2032,1056,0.030884632694904237,58,19,48034,46627,1342,642,478,2671,2839,500,0,0,93777,0,0,30,0,0,0,0,0,0,3277,2839,62,0,0,0,0,0
387,3520,388.22193904544093,99985,81,35,8,5,2050,1060,0.03110466569985498,51,20,48004,46509,1352,645,503,2785,2960,527,0,0,93610,0,0,31,0,0,0,0,0,0,3425,2857,62,0,0,0,0,0
388,3520,389.1398119279109,99985,88,33,8,5,2064,1065,0.03129469420413062,49,25,47968,46391,1356,648,530,2897,3084,555,0,0,93446,0,0,31,0,0,0,0,0,0,3575,2869,64,0,0,0,0,0
389,3520,390.19742940884487,99985,89,36,8,5,2082,1071,0.03153473020953143,47,32,47929,46264,1369,651,557,3011,3211,584,0,0,93273,0,0,31,0,0,0,0,0,0,3728,2886,67,0,0,0,0,0
390,3520,391.25584075116694,99985,95,38,8,5,2097,1078,0.03175476321448217,45,26,47894,46145,1372,654,585,3131,3341,614,0,0,93103,0,0,31,0,0,0,0,0,0,3884,2896,71,0,0,0,0,0
391,3520,392.31501812890326,99985,98,34,8,5,2112,1082,0.03194479171875781,43,31,47854,46013,1381,661,615,3255,3474,645,0,0,92924,0,0,31,0,0,0,0,0,0,4043,2911,76,0,0,0,0,0
392,3520,393.0215941893948,99985,99,36,8,5,2118,1089,0.03207481122168325,44,28,47819,45886,1384,662,645,3382,3610,678,0,0,92749,0,0,31,0,0,0,0,0,0,4208,2917,80,0,0,0,0,0
393,3520,394.0823648668932,99985,99,37,8,5,2130,1094,0.032244836725508826,49,28,47783,45764,1382,661,678,3504,3749,712,0,0,92567,0,0,32,0,0,0,0,0,0,4375,2925,86,0,0,0,0,0
394,3520,395.14391771657364,99985,89,38,8,5,2138,1102,0.032404860729109364,53,26,47746,45626,1393,667,710,3637,3891,747,0,0,92367,0,0,33,0,0,0,0,0,0,4551,2947,87,0,0,0,0,0
395,3520,396.206277641909,99985,89,40,8,5,2153,1110,0.032634895234285144,51,25,47707,45490,1403,671,741,3768,4036,783,0,0,92172,0,0,33,0,0,0,0,0,0,4725,2961,94,0,0,0,0,0
396,3520,397.26958357536734,99985,89,39,8,5,2171,1116,0.032874931239685955,39,25,47670,45355,1416,674,777,3901,4184,821,0,0,91963,0,0,33,0,0,0,0,0,0,4909,2984,96,0,0,0,0,0
397,3520,398.33387583798014,99985,99,37,8,5,2186,1121,0.03307496124418663,42,22,47619,45215,1418,679,813,4041,4335,860,0,0,91766,0,0,34,0,0,0,0,0,0,5095,2990,100,0,0,0,0,0
398,3520,399.0439099877659,99985,96,38,8,5,2190,1124,0.033144971745761864,44,19,47576,45064,1423,681,852,4192,4489,900,0,0,91566,0,0,34,0,0,0,0,0,0,5286,2996,103,0,0,0,0,0
399,3520,400.2762018860536,99985,96,38,8,5,2206,1131,0.03337500625093764,48,21,47538,44935,1424,680,885,4320,4645,942,0,0,91355,0,0,36,0,0,0,0,0,0,5476,3007,111,0,0,0,0,0
400,3520,401.3432857808808,99985,94,35,8,5,2219,1136,0.03355503325498825,43,25,47496,44785,1433,684,925,4465,4804,985,0,0,91132,0,0,36,0,0,0,0,0,0,5676,3028,113,0,0,0,0,0
401,3520,402.05521358077095,99985,95,36,8,5,2227,1140,0.03367505125768865,46,24,47447,44639,1436,683,967,4612,4966,1030,0,0,90920,0,0,35,1,0,0,0,0,0,5878,3034,117,0,0,0,0,0
402,3520,403.1243229055099,99985,95,36,8,5,2238,1146,0.03384507676151423,50,21,47393,44493,1443,686,1010,4758,5131,1076,0,0,90700,0,0,37,1,0,0,0,0,0,6083,3041,123,0,0,0,0,0
403,3520,404.19461473394927,99985,92,34,8,5,2251,1151,0.034025103765564835,54,25,47340,44340,1451,686,1054,4909,5299,1123,0,0,90469,0,0,37,1,0,0,0,0,0,6291,3057,130,0,0,0,0,0
404,3520,405.26607959826146,99985,89,36,8,5,2266,1158,0.03424513677051558,53,26,47287,44180,1462,688,1100,5064,5470,1172,0,0,90233,0,0,38,1,0,0,0,0,0,6505,3072,136,0,0,0,0,0
405,3520,406.3388006537223,99985,91,38,8,5,2281,1166,0.03447517127569135,45,21,47243,44019,1472,690,1140,5226,5644,1222,0,0,89996,0,0,38,1,0,0,0,0,0,6723,3085,142,0,0,0,0,0
406,3520,407.0545732501594,99985,99,40,8,5,2293,1170,0.034635195279291896,39,19,47190,43860,1474,689,1189,5386,5820,1274,0,0,89766,0,0,38,1,0,0,0,0,0,6947,3087,146,0,0,0,0,0
407,3520,408.0602346356286,99985,92,37,8,5,2303,1174,0.034775216282442366,42,18,47132,43694,1485,693,1240,5552,5999,1328,0,0,89513,0,0,38,1,0,0,0,0,0,7176,3107,150,0,0,0,0,0
408,3520,409.3358684238231,99985,89,32,8,5,2318,1178,0.03496524478671801,47,20,47075,43544,1497,695,1283,5703,6181,1383,0,0,89260,0,0,38,1,0,0,0,0,0,7402,3123,161,0,0,0,0,0
409,3520,410.1091353641948,99985,87,34,8,5,2330,1181,0.03511526729009352,47,22,47009,43375,1509,691,1339,5872,6365,1440,0,0,89010,0,0,38,1,0,0,0,0,0,7637,3132,167,0,0,0,0,0
410,3520,411.3244962246836,99985,86,34,8,5,2344,1188,0.03532529879481922,45,20,46953,43216,1515,690,1392,6034,6552,1498,0,0,88751,0,0,38,1,0,0,0,0,0,7874,3146,175,0,0,0,0,0
411,3520,412.17984441610673,99985,88,40,8,5,2356,1196,0.0355253287993199,39,21,46895,43048,1520,684,1449,6201,6741,1558,0,0,88497,0,0,39,1,0,0,0,0,0,8117,3150,181,0,0,0,0,0
412,3520,413.2616749093694,99985,88,37,8,5,2366,1200,0.035665349802470374,48,22,46827,42877,1522,684,1506,6374,6933,1620,0,0,88233,0,0,39,1,0,0,0,0,0,8364,3160,188,0,0,0,0,0
413,3520,414.2242628883628,99985,94,41,8,5,2374,1208,0.03582537380607091,45,19,46767,42696,1520,684,1565,6554,7127,1683,0,0,87980,0,0,38,2,0,0,0,0,0,8611,3157,197,0,0,0,0,0
414,3520,415.1592934469638,99985,89,38,8,5,2385,1212,0.03597539630944642,48,18,46700,42525,1533,686,1621,6727,7324,1748,0,0,87700,0,0,37,3,0,0,0,0,0,8868,3176,201,0,0,0,0,0
415,3520,416.2472748823042,99985,87,34,8,5,2400,1216,0.03616542481372206,45,18,46635,42363,1543,685,1681,6894,7523,1815,0,0,87416,0,0,38,3,0,0,0,0,0,9128,3193,207,0,0,0,0,0
416,3520,417.2380944956832,99985,89,33,8,5,2412,1219,0.036315447317097564,43,19,46568,42183,1549,681,1742,7078,7725,1884,0,0,87143,0,0,38,3,0,0,0,0,0,9387,3195,219,0,0,0,0,0
417,3520,418.0986445925735,99985,79,29,8,5,2420,1221,0.036415462319347905,49,21,46496,42006,1563,680,1804,7258,7929,1954,0,0,86852,0,0,38,3,0,0,0,0,0,9654,3212,226,0,0,0,0,0
418,3520,419.18976807757446,99985,85,31,8,5,2437,1227,0.03664549682452368,49,20,46425,41829,1566,678,1866,7436,8135,2026,0,0,86562,0,0,38,3,0,0,0,0,0,9929,3224,229,0,0,0,0,0
419,3520,420.0662003762523,99985,85,36,8,5,2451,1237,0.03688553282992449,68,39,46329,41636,1574,676,1935,7607,8343,2100,0,0,86268,5,0,38,3,0,0,0,0,0,10204,3231,236,0,0,0,0,0
420,3520,421.29787763471154,99985,93,41,8,5,2472,1247,0.037195579336900535,72,42,46243,41448,1579,672,2004,7791,8554,2176,0,0,85971,22,1,38,3,0,0,0,0,0,10483,3224,243,0,0,0,0,0
421,3520,422.1201536760156,99985,99,47,8,5,2487,1257,0.037445616842526376,75,40,46157,41253,1583,667,2077,7987,8767,2254,0,0,85678,34,2,38,3,0,0,0,0,0,10763,3214,253,0,0,0,0,0
422,3520,423.3560358766853,99985,110,50,8,5,2512,1269,0.037815672350852626,76,41,46069,41071,1586,664,2150,8168,8982,2333,0,0,85373,55,3,37,4,0,0,0,0,0,11046,3204,263,0,0,0,0,0
423,3520,424.18118987845526,99985,109,49,8,5,2526,1276,0.03802570385557834,74,40,45997,40877,1589,667,2222,8361,9199,2414,0,0,85062,78,3,37,4,0,0,0,0,0,11334,3194,273,0,0,0,0,0
424,3520,425.0076676563988,99985,113,55,8,5,2541,1285,0.03826573986097915,75,37,45921,40681,1591,667,2291,8554,9418,2497,0,0,84758,89,6,37,4,0,0,0,0,0,11624,3185,282,0,0,0,0,0
425,3520,426.24969514840603,99984,116,58,9,5,2561,1297,0.03858617378780605,81,32,45833,40496,1594,666,2366,8742,9639,2582,0,0,84437,112,8,37,4,0,0,0,0,0,11919,3176,291,0,0,0,0,0
426,3520,427.0789666496276,99984,118,61,9,5,2579,1303,0.038826212193951035,85,31,45738,40301,1605,665,2444,8936,9861,2669,0,0,84120,127,12,37,4,0,0,0,0,0,12217,3169,298,0,0,0,0,0
427,3520,428.32570113786375,99984,128,65,9,5,2609,1316,0.03925628100496079,81,33,45648,40113,1614,669,2519,9114,10085,2758,0,0,83786,154,14,37,4,0,0,0,0,0,12522,3163,304,0,0,0,0,0
428,3520,429.1581680431019,99984,128,57,9,5,2621,1320,0.03941630660905745,86,36,45562,39915,1613,673,2601,9313,10311,2849,0,0,83465,170,20,39,4,0,0,0,0,0,12821,3149,316,0,0,0,0,0
429,3520,430.4096494529629,99984,136,55,9,5,2651,1329,0.039806369019043046,92,42,45457,39713,1621,681,2684,9503,10538,2942,0,0,83123,199,24,39,4,0,0,0,0,0,13130,3142,323,0,0,0,0,0
430,3520,431.2454400031065,99984,140,58,9,5,2671,1336,0.040076412225956155,98,46,45354,39501,1625,681,2773,9708,10767,3037,0,0,82793,216,26,40,4,0,0,0,0,0,13441,3130,334,0,0,0,0,0
431,3520,432.08302047054053,99984,138,57,9,5,2691,1345,0.04036645863338134,99,47,45252,39291,1639,687,2862,9912,10998,3133,0,0,82445,243,30,41,4,0,0,0,0,0,13758,3123,340,0,0,0,0,0
432,3520,433.3427640169231,99984,148,64,9,5,2728,1358,0.04086653864618339,95,53,45141,39087,1657,686,2949,10104,11230,3231,0,0,82093,271,35,41,4,0,0,0,0,0,14077,3117,346,0,0,0,0,0
433,3520,434.18418707236384,99984,143,65,9,5,2744,1364,0.04108657385181629,105,58,45033,38881,1668,685,3041,10305,11463,3331,0,0,81752,290,39,43,5,0,0,0,0,0,14395,3104,356,0,0,0,0,0
434,3520,435.02749743896464,99984,143,70,9,5,2764,1375,0.04139662345975356,108,62,44926,38675,1680,687,3133,10500,11698,3433,0,0,81404,315,40,43,5,0,0,0,0,0,14717,3090,370,0,0,0,0,0
435,3520,436.2960700006102,99984,139,81,9,5,2797,1395,0.04192670827332373,116,63,44799,38465,1709,693,3227,10692,11934,3537,0,0,81024,357,44,43,5,0,0,0,0,0,15051,3088,372,0,0,0,0,0
436,3520,437.1437116125059,99984,152,81,9,5,2828,1407,0.0423567770843335,119,62,44687,38262,1714,695,3318,10894,12171,3643,0,0,80681,380,51,43,5,0,0,0,0,0,15364,3065,395,0,0,0,0,0
437,3520,438.41876071391346,99983,159,81,9,6,2863,1420,0.04283728233799746,119,69,44557,38070,1739,701,3416,11072,12409,3751,0,0,80305,416,54,44,5,0,0,0,0,0,15700,3057,402,0,0,0,0,0
438,3520,439.2707134540478,99983,159,91,9,6,2888,1438,0.04326735545042657,121,55,44438,37859,1758,703,3514,11285,12649,3861,0,0,79937,446,56,44,6,0,0,0,0,0,16036,3045,413,0,0,0,0,0
439,3520,440.1249357666514,99983,160,86,9,6,2911,1447,0.04358740985967614,129,55,44312,37647,1771,710,3618,11495,12890,3973,0,0,79564,476,62,44,6,0,0,0,0,0,16373,3035,423,0,0,0,0,0
440,3520,441.41044440089547,99983,177,84,9,6,2955,1464,0.04419751357730814,121,58,44192,37450,1783,722,3717,11679,13132,4087,0,0,79184,513,69,46,6,0,0,0,0,0,16709,3020,436,0,0,0,0,0
441,3520,442.2693098627304,99983,179,90,9,6,2979,1478,0.04457757818829201,125,59,44069,37233,1793,728,3824,11883,13374,4203,0,0,78811,538,72,48,6,0,0,0,0,0,17054,3008,446,0,0,0,0,0
442,3520,443.1304712169887,99982,192,88,10,6,3010,1488,0.04498809785761437,123,70,43943,37005,1799,730,3932,12100,13617,4321,0,0,78433,561,78,48,6,0,0,0,0,0,17402,3001,453,0,0,0,0,0
443,3520,444.42620039541475,99982,195,102,10,6,3046,1516,0.0456282130783541,129,62,43814,36801,1822,740,4029,12288,13861,4441,0,0,78041,599,86,48,7,0,0,0,0,0,17748,2991,462,0,0,0,0,0
444,3520,445.2919974681607,99982,204,102,10,6,3077,1532,0.046098297693584846,130,65,43689,36598,1833,748,4133,12480,14106,4563,0,0,77659,630,92,49,7,0,0,0,0,0,18093,2974,478,0,0,0,0,0
445,3520,446.1603394767399,99982,205,100,10,6,3104,1548,0.04652837510751935,139,68,43550,36384,1855,755,4240,12686,14351,4687,0,0,77260,664,100,50,7,0,0,0,0,0,18449,2969,483,0,0,0,0,0
446,3520,447.03119213422355,99982,207,113,10,6,3128,1567,0.046958452521453864,153,62,43417,36178,1861,751,4351,12889,14597,4813,0,0,76889,683,107,52,7,0,0,0,0,0,18794,2947,503,0,0,0,0,0
447,3520,448.34205747652493,99982,239,105,10,6,3191,1587,0.047788601948350704,165,64,43261,35976,1876,773,4448,13075,14844,4941,0,0,76475,734,111,54,9,0,0,0,0,0,19153,2933,513,0,0,0,0,0
448,3520,449.21821804320217,99982,236,110,10,6,3220,1604,0.04824868476325739,175,65,43123,35753,1897,781,4558,13284,15091,5070,0,0,76078,770,116,57,9,0,0,0,0,0,19509,2915,528,0,0,0,0,0
449,3520,450.0971277819457,99981,247,105,11,6,3263,1613,0.04876926616057051,169,78,42982,35526,1920,786,4670,13498,15338,5201,0,0,75684,799,127,60,10,0,0,0,0,0,19861,2898,542,0,0,0,0,0
450,3520,451.4203619270643,99981,247,110,11,6,3313,1641,0.04954941438873386,182,78,42821,35332,1956,792,4782,13681,15586,5334,0,0,75254,861,135,62,11,0,0,0,0,0,20221,2883,554,0,0,0,0,0
451,3520,452.30517146193216,99981,247,115,11,6,3342,1659,0.050019503705704085,192,78,42676,35126,1973,799,4900,13875,15834,5469,0,0,74848,893,144,63,11,0,0,0,0,0,20586,2873,563,0,0,0,0,0
452,3520,453.1929394423663,99981,268,115,11,6,3392,1671,0.05063962152809034,190,89,42521,34896,1984,802,5025,14091,16082,5606,0,0,74451,922,155,64,11,0,0,0,0,0,20943,2855,580,0,0,0,0,0
453,3520,454.08364479202646,99981,287,131,11,6,3429,1699,0.051289745051559796,199,80,42374,34686,1989,803,5139,14293,16331,5745,0,0,74055,947,157,67,11,0,0,0,0,0,21312,2835,597,0,0,0,0,0
454,3520,455.42483676098175,99980,291,131,12,6,3502,1726,0.05229045809161832,194,75,42206,34507,2044,819,5252,14461,16580,5885,0,0,73602,1022,174,70,11,0,0,0,0,0,21672,2820,609,0,0,0,0,0
455,3520,456.3218090585737,99980,296,134,12,6,3547,1745,0.05293058611722345,195,79,42047,34290,2068,828,5381,14662,16829,6027,0,0,73185,1067,180,74,11,0,0,0,0,0,22037,2797,629,0,0,0,0,0
456,3520,457.22217832762,99980,309,129,12,6,3590,1761,0.053520704140828164,196,79,41886,34077,2086,845,5510,14863,17078,6171,0,0,72774,1097,197,77,12,0,0,0,0,0,22401,2782,640,0,0,0,0,0
457,3520,458.12585735987454,99980,305,127,12,6,3626,1778,0.054050810162032406,200,81,41739,33880,2109,855,5634,15050,17327,6317,0,0,72347,1144,206,79,13,0,0,0,0,0,22772,2765,654,0,0,0,0,0
458,3520,459.0327437831312,99980,309,131,12,6,3671,1797,0.054690938187637525,202,84,41576,33673,2138,863,5762,15242,17576,6464,0,0,71920,1185,220,80,13,0,0,0,0,0,23144,2754,664,0,0,0,0,0
459,3520,460.39907410399564,99980,325,126,12,6,3741,1820,0.05562112422484497,203,86,41404,33490,2177,883,5878,15408,17824,6613,0,0,71475,1244,237,84,14,0,0,0,0,0,23512,2739,675,0,0,0,0,0
460,3520,461.3130581239437,99979,337,132,13,6,3797,1838,0.05636183598555697,200,95,41238,33274,2205,891,6006,15601,18072,6764,0,0,71037,1291,244,85,14,0,0,0,0,0,23895,2729,684,0,0,0,0,0
461,3520,462.2305810453403,99979,352,142,13,6,3851,1861,0.0571319977195211,197,102,41064,33056,2233,898,6140,15795,18320,6917,0,0,70609,1332,251,89,14,0,0,0,0,0,24275,2711,698,0,0,0,0,0
462,3520,463.15168766703385,99979,345,144,13,6,3895,1884,0.05780213844907431,207,107,40894,32849,2265,915,6275,15978,18568,7071,0,0,70160,1394,260,90,14,0,0,0,0,0,24653,2695,713,0,0,0,0,0
463,3520,464.07658869834654,99978,337,157,14,6,3942,1917,0.05860289263638,215,107,40733,32651,2301,921,6399,16157,18815,7227,0,0,69723,1449,274,93,15,0,0,0,0,0,25019,2670,735,0,0,0,0,0
464,3520,465.0052176002014,99978,347,148,14,6,3992,1936,0.059293044469783354,214,116,40575,32436,2324,940,6525,16353,19062,7384,0,0,69292,1498,291,95,15,0,0,0,0,0,25384,2646,757,0,0,0,0,0
465,3520,466.40425282351714,99977,328,157,15,6,4062,1978,0.06041389519589506,235,114,40393,32248,2391,965,6637,16509,19309,7543,0,0,68804,1589,319,97,15,0,0,0,0,0,25752,2634,767,0,0,0,0,0
466,3520,467.3404203282184,99977,341,170,15,6,4120,2006,0.061274093041399524,232,105,40223,32054,2417,971,6771,16693,19555,7703,0,0,68372,1628,338,97,17,0,0,0,0,0,26126,2621,778,0,0,0,0,0
467,3520,468.2804349790267,99977,362,178,15,6,4182,2031,0.06214429318743311,228,105,40044,31859,2446,978,6904,16873,19800,7865,0,0,67930,1670,354,97,17,0,0,0,0,0,26510,2614,785,0,0,0,0,0
468,3520,469.22436422068165,99977,375,183,15,6,4240,2060,0.0630144933334667,214,96,39878,31657,2481,994,7036,17063,20045,8028,0,0,67482,1716,376,98,17,0,0,0,0,0,26890,2607,791,0,0,0,0,0
469,3520,470.1721949225038,99977,382,197,15,6,4286,2089,0.06376466587315083,230,94,39706,31449,2498,1002,7168,17251,20289,8193,0,0,67051,1756,390,98,17,0,0,0,0,0,27267,2589,809,0,0,0,0,0
470,3520,471.12400888198084,99977,403,194,15,6,4358,2113,0.06472488672394651,236,92,39513,31258,2532,1011,7300,17438,20533,8359,0,0,66598,1807,411,102,17,0,0,0,0,0,27646,2577,819,0,0,0,0,0
471,3520,472.0800976138185,99977,417,180,15,6,4423,2133,0.06557508226892185,240,99,39333,31072,2563,1032,7431,17610,20776,8526,0,0,66136,1869,431,103,18,0,0,0,0,0,28026,2565,829,0,0,0,0,0
472,3520,473.04035038665745,99977,408,184,15,6,4473,2152,0.06626524100543126,256,113,39156,30889,2594,1027,7570,17780,21018,8695,0,0,65697,1910,457,106,20,0,0,0,0,0,28396,2549,842,0,0,0,0,0
473,3520,474.0048811684087,99976,403,180,16,6,4527,2171,0.06699607905897416,258,125,38983,30701,2643,1039,7696,17948,21259,8865,0,0,65242,1964,478,109,22,0,0,0,0,0,28774,2536,851,0,0,0,0,0
474,3520,475.4592956317109,99976,413,196,16,6,4624,2228,0.06853644874769944,251,123,38791,30523,2704,1066,7824,18085,21500,9036,0,0,64756,2048,518,111,24,0,0,0,0,0,29136,2524,859,0,0,0,0,0
475,3520,476.4328390978707,99976,403,189,16,6,4679,2250,0.0693066335920621,260,132,38619,30312,2735,1088,7966,18272,21740,9209,0,0,64292,2108,547,115,24,0,0,0,0,0,29510,2511,869,0,0,0,0,0
476,3520,477.41067927583043,99976,408,202,16,6,4748,2284,0.07033688085140434,262,127,38422,30129,2778,1091,8113,18444,21979,9383,0,0,63845,2158,579,115,26,0,0,0,0,0,29874,2495,884,0,0,0,0,0
477,3520,478.3933529556102,99975,418,210,17,6,4810,2314,0.0712578144536134,253,126,38252,29945,2809,1094,8250,18618,22217,9558,0,0,63404,2201,605,117,28,0,0,0,0,0,30245,2477,898,0,0,0,0,0
478,3520,479.38040277812485,99975,435,210,17,6,4884,2352,0.0723780945236309,260,126,38055,29738,2842,1121,8390,18798,22454,9734,0,0,62942,2261,635,120,29,0,0,0,0,0,30616,2463,909,0,0,0,0,0
479,3520,480.3721703384095,99975,459,209,17,6,4960,2377,0.0733883470867717,256,131,37867,29562,2875,1133,8525,18958,22690,9911,0,0,62502,2302,660,127,28,1,0,0,0,0,30986,2442,927,0,0,0,0,0
480,3520,481.3687578164881,99974,438,210,17,7,5013,2411,0.07425930741992919,279,129,37672,29370,2925,1151,8668,19132,22925,10089,0,0,62034,2366,698,131,28,1,0,0,0,0,31351,2428,937,0,0,0,0,0
481,3520,482.37036459542753,99974,442,203,17,7,5085,2431,0.07517954668213736,279,144,37494,29177,2968,1165,8799,19303,23159,10268,0,0,61581,2420,734,132,31,1,0,0,0,0,31713,2413,949,0,0,0,0,0
482,3520,483.37678380178755,99973,453,204,18,7,5152,2467,0.07621057685575106,289,144,37306,29003,2998,1191,8935,19450,23392,10448,0,0,61126,2483,759,132,33,1,0,0,0,0,32079,2391,969,0,0,0,0,0
483,3520,484.38807007928983,99971,465,209,19,8,5231,2502,0.07735243220533955,286,135,37112,28819,3036,1209,9081,19619,23624,10629,0,0,60667,2543,786,135,35,1,0,0,0,0,32446,2372,986,0,0,0,0,0
484,3520,485.40443806561103,99970,465,229,20,8,5308,2545,0.07855356606982095,293,138,36912,28635,3091,1222,9218,19767,23854,10811,0,0,60205,2602,819,139,36,1,0,0,0,0,32813,2358,997,0,0,0,0,0
485,3520,486.426093612446,99970,487,227,20,8,5390,2573,0.07965389616885066,298,146,36727,28471,3115,1239,9352,19908,24083,10994,0,0,59754,2650,858,141,37,1,0,0,0,0,33177,2347,1005,0,0,0,0,0
486,3520,487.45264243778644,99969,500,229,21,8,5471,2610,0.08083505886824915,285,142,36546,28311,3157,1253,9490,20056,24311,11177,0,0,59296,2708,899,143,37,1,0,0,0,0,33534,2333,1018,0,0,0,0,0
487,3520,488.4842759376977,99969,496,239,21,8,5539,2649,0.08190539067110804,301,140,36361,28139,3194,1270,9626,20203,24538,11361,0,0,58841,2768,934,144,40,1,0,0,0,0,33892,2316,1033,0,0,0,0,0
488,3520,489.0013732161989,99969,520,242,21,8,5585,2669,0.08256559533455371,299,137,36186,27945,3191,1270,9782,20397,24764,11546,0,0,58439,2777,962,143,43,1,0,0,0,0,34257,2299,1048,0,0,0,0,0
489,3520,490.0430071036247,99969,521,249,21,8,5649,2705,0.08356590543068351,318,136,35979,27783,3229,1287,9931,20536,24988,11732,0,0,57989,2828,998,147,43,1,0,0,0,0,34619,2284,1060,0,0,0,0,0
490,3520,491.09003542485016,99969,537,243,21,8,5732,2739,0.08473626824315537,327,136,35774,27625,3269,1311,10071,20676,25211,11918,0,0,57535,2889,1038,148,46,1,0,0,0,0,34970,2267,1075,0,0,0,0,0
491,3520,492.1428606680234,99969,565,250,21,8,5840,2780,0.08622673028638878,312,143,35587,27466,3317,1329,10197,20803,25433,12105,0,0,57085,2947,1087,151,48,1,0,0,0,0,35311,2247,1092,0,0,0,0,0
492,3520,493.2011633077342,99969,585,245,21,8,5932,2819,0.08753713651231881,327,144,35372,27309,3357,1356,10337,20937,25653,12292,0,0,56633,3011,1129,155,51,1,0,0,0,0,35654,2224,1111,0,0,0,0,0
493,3520,494.265287716846,99968,588,252,22,8,6028,2863,0.08893846030729834,324,142,35177,27152,3418,1382,10470,21063,25872,12480,0,0,56154,3091,1169,161,52,1,0,0,0,0,36010,2209,1121,0,0,0,0,0
494,3520,495.33529105423935,99968,594,244,22,8,6118,2897,0.09017885723431499,326,152,34991,27005,3467,1410,10599,21180,26090,12668,0,0,55682,3171,1208,165,55,1,0,0,0,0,36363,2191,1132,0,0,0,0,0
495,3520,496.4112828547377,99968,596,251,22,8,6211,2933,0.09146927016645326,323,161,34797,26854,3529,1426,10732,21299,26306,12857,0,0,55214,3240,1251,170,56,1,0,0,0,0,36717,2180,1139,0,0,0,0,0
496,3520,497.4929596788864,99967,595,250,23,8,6286,2976,0.09265057468964759,341,172,34600,26701,3577,1459,10863,21409,26521,13046,0,0,54761,3298,1299,180,56,1,0,0,0,0,37060,2160,1152,0,0,0,0,0
497,3520,498.03525051059046,99967,588,254,23,8,6332,2995,0.09330078926045594,338,176,34413,26522,3607,1460,11030,21579,26734,13235,0,0,54343,3327,1336,180,57,1,0,0,0,0,37412,2146,1165,0,0,0,0,0
498,3520,499.12874198574275,99967,587,254,23,8,6418,3042,0.09463122830534076,349,182,34202,26378,3664,1496,11174,21681,26946,13425,0,0,53889,3386,1395,190,58,1,0,0,0,0,37743,2129,1176,0,0,0,0,0
499,3520,500.22888148001783,99965,597,264,25,8,6516,3096,0.09615365377882258,340,170,34023,26248,3702,1521,11312,21788,27157,13615,0,0,53443,3441,1451,197,62,2,0,0,0,0,38070,2110,1189,0,0,0,0,0
500,3520,501.3349028155621,99965,609,256,25,8,6616,3135,0.0975441404491572,331,183,33827,26092,3757,1556,11450,21904,27366,13805,0,0,52999,3495,1514,204,68,2,0,0,0,0,38392,2094,1197,0,0,0,0,0
501,3520,502.4471949097175,99965,606,270,25,8,6699,3191,0.09893462711949182,350,164,33633,25957,3807,1574,11578,22026,27574,13995,0,0,52566,3544,1579,208,73,2,0,0,0,0,38707,2075,1211,0,0,0,0,0
502,3520,503.0048721202926,99965,609,273,25,8,6748,3214,0.0996548792077227,344,159,33454,25796,3826,1587,11741,22176,27780,14185,0,0,52157,3570,1611,213,74,2,0,0,0,0,39056,2057,1225,0,0,0,0,0
503,3520,504.1294776307767,99965,599,284,25,8,6844,3259,0.10106537288050818,352,161,33246,25668,3902,1606,11875,22272,27985,14376,0,0,51697,3647,1663,215,79,2,0,0,0,0,39384,2041,1237,0,0,0,0,0
504,3520,505.2608219647135,99965,620,284,25,8,6959,3297,0.1025959085679988,341,173,33043,25539,3962,1627,12008,22368,28188,14567,0,0,51249,3709,1712,223,82,2,0,0,0,0,39711,2025,1252,0,0,0,0,0
505,3520,506.3988481427977,99965,611,285,25,8,7050,3342,0.10395638473465713,352,173,32854,25409,4017,1650,12140,22474,28390,14758,0,0,50799,3782,1772,226,86,2,0,0,0,0,40024,2006,1268,0,0,0,0,0
506,3520,507.54365171391106,99964,613,279,26,8,7147,3384,0.10534792525309111,352,169,32670,25286,4072,1678,12266,22579,28590,14949,0,0,50360,3846,1841,230,89,2,0,0,0,0,40327,1986,1283,0,0,0,0,0
507,3520,508.1178774133008,99964,596,281,26,8,7183,3408,0.10594814133087911,343,178,32503,25130,4097,1683,12434,22719,28789,15140,0,0,49960,3868,1887,230,93,2,0,0,0,0,40656,1974,1294,0,0,0,0,0
508,3520,509.2755084843705,99964,600,267,26,8,7284,3462,0.10749869953183146,329,174,32335,25011,4163,1737,12546,22802,28986,15331,0,0,49513,3940,1961,238,99,2,0,0,0,0,40952,1953,1306,0,0,0,0,0
509,3520,510.4395205483235,99963,582,264,26,9,7370,3499,0.10873023018516852,347,185,32144,24884,4227,1759,12673,22898,29182,15521,0,0,49077,4000,2032,241,103,2,0,0,0,0,41251,1940,1317,0,0,0,0,0
510,3520,511.02336419607235,99963,587,265,26,9,7419,3528,0.10951051889199004,343,190,31970,24741,4243,1770,12830,23024,29376,15711,0,0,48678,4018,2079,245,104,2,0,0,0,0,41583,1933,1321,0,0,0,0,0
511,3520,512.2004776736044,99963,597,273,26,9,7517,3579,0.11100107039604654,346,180,31794,24623,4292,1799,12944,23115,29569,15901,0,0,48253,4075,2147,248,106,2,0,0,0,0,41882,1915,1335,0,0,0,0,0
512,3520,513.3840649777264,99962,581,246,27,9,7605,3624,0.11233268642083992,353,184,31632,24535,4350,1852,13056,23173,29760,16091,0,0,47805,4154,2237,249,109,2,0,0,0,0,42158,1901,1347,0,0,0,0,0
513,3520,514.5740419092608,99961,595,262,27,10,7712,3673,0.1138944188233411,345,180,31449,24429,4408,1862,13175,23256,29950,16281,0,0,47384,4206,2297,254,112,2,0,0,0,0,42461,1885,1360,0,0,0,0,0
514,3520,515.1704981852494,99960,607,259,28,10,7765,3695,0.11464585834333733,336,188,31291,24304,4411,1870,13326,23368,30138,16470,0,0,47016,4210,2351,257,113,2,0,0,0,0,42767,1868,1376,0,0,0,0,0
515,3520,516.3732974617641,99960,601,260,28,10,7866,3753,0.11623649459783914,346,186,31113,24203,4467,1895,13444,23445,30325,16659,0,0,46591,4266,2442,264,117,2,0,0,0,0,43039,1854,1385,0,0,0,0,0
516,3520,517.5826148697676,99959,602,294,29,10,7965,3820,0.11789833831871067,358,165,30933,24116,4516,1914,13561,23500,30510,16848,0,0,46175,4319,2510,266,121,2,0,0,0,0,43330,1840,1396,0,0,0,0,0
517,3520,518.1891637766126,99958,591,286,30,10,8017,3839,0.11860981612277156,339,170,30790,23970,4542,1928,13707,23635,30693,17036,0,0,45781,4349,2566,267,122,2,0,0,0,0,43636,1831,1404,0,0,0,0,0
518,3520,519.4116488570147,99957,563,280,31,10,8117,3886,0.12008163510309433,325,157,30640,23907,4618,1953,13822,23692,30875,17224,0,0,45349,4417,2656,275,129,2,0,0,0,0,43902,1816,1411,0,0,0,0,0
519,3520,520.0244389492311,99957,569,265,31,10,8173,3905,0.12083195774182899,312,167,30479,23783,4634,1971,13974,23803,31055,17411,0,0,44976,4426,2721,276,133,2,0,0,0,0,44196,1812,1415,0,0,0,0,0
520,3520,521.2599130204889,99957,546,270,31,10,8255,3953,0.12213251698230239,321,169,30326,23682,4692,1999,14083,23869,31234,17598,0,0,44567,4481,2800,284,136,2,0,0,0,0,44468,1792,1427,0,0,0,0,0
521,3520,522.5019662963506,99957,541,273,31,10,8351,4008,0.1236431665616215,329,157,30173,23593,4745,2024,14180,23942,31411,17784,0,0,44155,4543,2884,286,138,2,0,0,0,0,44732,1776,1441,0,0,0,0,0
522,3520,523.1245226101096,99957,553,267,31,10,8402,4033,0.12440349350220595,328,148,30032,23469,4744,2042,14311,24063,31587,17970,0,0,43807,4540,2948,289,141,2,0,0,0,0,45016,1762,1452,0,0,0,0,0
523,3520,524.3790010847986,99956,558,247,31,11,8509,4078,0.12592540717915884,304,137,29883,23371,4804,2091,14419,24142,31761,18155,0,0,43394,4602,3040,294,145,2,0,0,0,0,45271,1749,1459,0,0,0,0,0
524,3520,525.0076595336506,99956,547,248,31,11,8552,4104,0.12661571091280163,296,131,29727,23253,4831,2106,14567,24250,31934,18339,0,0,43020,4629,3084,296,148,2,0,0,0,0,45571,1737,1469,0,0,0,0,0
525,3520,526.2751906371751,99956,549,244,31,11,8650,4147,0.1280263315858978,295,129,29584,23189,4883,2126,14657,24300,32105,18523,0,0,42631,4676,3169,299,151,2,0,0,0,0,45823,1721,1484,0,0,0,0,0
526,3520,527.5492339314393,99956,547,232,31,11,8743,4191,0.12939693465124655,294,113,29467,23103,4917,2160,14743,24380,32275,18706,0,0,42246,4720,3257,310,154,2,0,0,0,0,46071,1698,1498,0,0,0,0,0
527,3520,528.1873507942665,99956,555,227,31,11,8788,4211,0.13004722077714195,295,120,29308,22976,4924,2172,14886,24493,32443,18888,0,0,41903,4732,3294,311,161,2,0,0,0,0,46360,1678,1515,0,0,0,0,0
528,3520,529.4732300685221,99956,550,223,31,11,8883,4247,0.1313577974308696,287,126,29162,22915,4981,2193,14988,24531,32610,19070,0,0,41514,4781,3367,312,171,2,0,0,0,0,46620,1668,1521,0,0,0,0,0
529,3520,530.1174979395694,99956,547,223,31,11,8936,4279,0.13220817159550202,275,112,29016,22832,5004,2208,15126,24613,32775,19251,0,0,41161,4799,3427,315,174,2,0,0,0,0,46891,1654,1533,0,0,0,0,0
530,3520,531.416832468401,99955,521,224,32,11,9018,4319,0.13343004351958382,275,113,28897,22771,5058,2228,15216,24652,32939,19431,0,0,40778,4841,3503,325,180,2,0,0,0,0,47143,1640,1543,0,0,0,0,0
531,3520,532.067483333955,99955,529,224,32,11,9072,4332,0.1341003451553199,265,125,28764,22668,5063,2217,15346,24754,33101,19610,0,0,40462,4829,3565,325,185,2,0,0,0,0,47405,1627,1555,0,0,0,0,0
532,3520,533.378938080112,99955,523,216,32,11,9170,4367,0.13543094392476615,254,132,28633,22618,5124,2241,15433,24781,33262,19789,0,0,40080,4884,3638,331,190,2,0,0,0,0,47651,1608,1571,0,0,0,0,0
533,3520,534.0356571849394,99955,521,217,32,11,9208,4393,0.13607123205442448,269,132,28490,22508,5126,2254,15561,24877,33421,19967,0,0,39753,4885,3700,330,193,2,0,0,0,0,47915,1598,1579,0,0,0,0,0
534,3520,535.3596263497994,99954,524,202,33,11,9313,4431,0.137503251495688,251,137,28368,22481,5175,2278,15648,24890,33579,20144,0,0,39380,4926,3786,336,202,2,0,0,0,0,48148,1588,1586,0,0,0,0,0
535,3520,536.0231502634201,99954,515,202,33,11,9357,4453,0.1381635552354083,257,134,28238,22394,5193,2281,15763,24977,33735,20320,0,0,39064,4920,3853,340,205,3,0,0,0,0,48398,1574,1597,0,0,0,0,0
536,3520,537.3594336644085,99953,510,220,34,11,9444,4506,0.1395655958300401,251,110,28140,22364,5221,2292,15843,25002,33890,20495,0,0,38714,4955,3932,337,215,3,0,0,0,0,48628,1561,1608,0,0,0,0,0
537,3520,538.028661367487,99953,510,217,34,11,9491,4526,0.1402359108781127,249,110,28016,22274,5224,2297,15966,25090,34043,20669,0,0,38398,4956,3995,339,218,3,0,0,0,0,48879,1547,1618,0,0,0,0,0
538,3520,539.3758599138162,99953,485,204,34,11,9585,4557,0.14148649865436755,249,112,27916,22234,5282,2318,16033,25120,34195,20842,0,0,38023,5018,4075,345,224,3,0,0,0,0,49103,1529,1633,0,0,0,0,0
539,3520,540.0508170875503,99953,488,209,34,11,9637,4573,0.14216681840465017,237,115,27802,22155,5284,2312,16154,25197,34345,21014,0,0,37725,5005,4136,345,231,3,0,0,0,0,49348,1518,1642,0,0,0,0,0
540,3520,541.4091319662949,99953,473,189,34,11,9720,4604,0.1433073544565946,244,119,27687,22103,5325,2334,16236,25243,34494,21185,0,0,37378,5041,4234,348,237,3,0,0,0,0,49555,1506,1651,0,0,0,0,0
541,3520,542.0893276849304,99953,476,195,34,11,9760,4626,0.143927645993617,248,110,27551,22012,5326,2337,16364,25334,34641,21355,0,0,37077,5034,4286,350,240,3,0,0,0,0,49808,1495,1660,0,0,0,0,0
542,3520,543.4597139915243,99952,465,192,35,11,9847,4660,0.14513966704017928,224,99,27482,21999,5365,2353,16428,25345,34787,21524,0,0,36725,5079,4361,352,245,3,0,0,0,0,50032,1484,1671,0,0,0,0,0
543,3520,544.1455252446268,99952,467,193,35,11,9889,4679,0.14574995998079077,217,96,27382,21914,5361,2357,16537,25428,34932,21692,0,0,36425,5072,4415,353,250,3,0,0,0,0,50280,1477,1677,0,0,0,0,0
544,3520,545.5257945722856,99951,453,199,36,11,9968,4722,0.14697201628798112,203,87,27304,21913,5403,2370,16600,25419,35075,21859,0,0,36098,5100,4499,357,256,3,0,0,0,0,50487,1462,1689,0,0,0,0,0
545,3520,546.2163565617483,99951,445,200,36,11,10003,4739,0.14749227121289432,200,90,27192,21845,5409,2360,16717,25493,35217,22025,0,0,35821,5080,4570,357,261,3,0,0,0,0,50710,1451,1698,0,0,0,0,0
546,3520,547.6064469292501,99951,445,195,36,11,10078,4775,0.14860281537953599,201,81,27091,21833,5428,2378,16798,25501,35357,22190,0,0,35505,5098,4652,356,271,3,0,0,0,0,50920,1444,1702,0,0,0,0,0
547,3520,548.3025846285021,99950,432,192,37,11,10112,4791,0.14910455227613806,201,75,26966,21757,5447,2393,16916,25571,35496,22354,0,0,35204,5107,4699,357,276,3,0,0,0,0,51161,1431,1712,0,0,0,0,0
548,3520,549.0017321925687,99950,424,193,37,11,10148,4806,0.14961480740370184,188,72,26862,21697,5452,2393,17036,25633,35634,22517,0,0,34926,5100,4762,353,282,3,0,0,0,0,51383,1419,1722,0,0,0,0,0
549,3520,550.4096343641012,99949,413,191,38,11,10225,4834,0.1506668400884451,171,78,26796,21686,5477,2406,17104,25627,35770,22679,0,0,34616,5121,4847,355,287,3,0,0,0,0,51582,1408,1730,0,0,0,0,0
550,3520,551.1144012725597,99949,410,192,38,11,10255,4854,0.15116709521856148,172,79,26697,21621,5472,2409,17210,25687,35905,22840,0,0,34340,5112,4902,357,290,3,0,0,0,0,51811,1395,1739,0,0,0,0,0
551,3520,552.5316561824759,99949,385,174,38,11,10316,4883,0.15206755445277093,183,84,26606,21614,5502,2428,17285,25688,36039,23000,0,0,34035,5137,4987,365,297,3,0,0,0,0,51998,1373,1754,0,0,0,0,0
552,3520,553.2411467176717,99949,397,168,38,11,10357,4898,0.15262784019850123,172,84,26491,21535,5490,2435,17411,25766,36171,23159,0,0,33757,5133,5034,366,300,3,0,0,0,0,52230,1363,1763,0,0,0,0,0
553,3520,554.6693558814653,99948,382,161,39,11,10421,4921,0.1534998199063513,173,85,26423,21537,5519,2442,17463,25763,36302,23317,0,0,33464,5145,5114,366,310,3,0,0,0,0,52424,1354,1768,0,0,0,0,0
554,3520,555.383996180347,99948,381,159,39,11,10454,4934,0.15396005923080003,173,82,26353,21476,5500,2441,17553,25830,36432,23474,0,0,33204,5126,5171,367,316,3,0,0,0,0,52642,1345,1774,0,0,0,0,0
555,3520,556.1016212938285,99948,373,149,39,11,10481,4943,0.15432024652819465,180,89,26249,21415,5498,2448,17660,25887,36560,23629,0,0,32945,5111,5233,368,319,3,0,0,0,0,52851,1335,1783,0,0,0,0,0
556,3520,557.5436314637896,99948,354,164,39,11,10533,4976,0.15517068875815423,193,92,26194,21401,5512,2446,17707,25885,36687,23783,0,0,32661,5120,5289,371,329,3,0,0,0,0,53059,1326,1790,0,0,0,0,0
557,3520,558.2649282397896,99948,341,170,39,11,10561,4992,0.15561091767719215,193,85,26098,21343,5515,2444,17813,25946,36813,23936,0,0,32415,5096,5353,375,330,4,0,0,0,0,53261,1313,1801,0,0,0,0,0
558,3520,559.7156241258997,99948,334,157,39,11,10616,5023,0.15647136510985712,199,83,26038,21342,5525,2467,17864,25939,36938,24088,0,0,32125,5117,5424,380,333,4,0,0,0,0,53453,1300,1812,0,0,0,0,0
559,3520,560.441150795688,99948,338,161,39,11,10658,5039,0.15705166686677072,184,80,25944,21281,5530,2472,17964,25994,37061,24239,0,0,31857,5121,5466,378,336,5,0,0,0,0,53674,1292,1819,0,0,0,0,0
560,3520,561.169629747884,99948,325,151,39,11,10685,5050,0.15743186456957617,181,82,25872,21233,5527,2475,18055,26047,37183,24389,0,0,31606,5106,5530,376,344,5,0,0,0,0,53870,1288,1823,0,0,0,0,0
561,3520,562.6342006400316,99948,327,155,39,11,10747,5086,0.15841237443470604,178,69,25843,21234,5526,2482,18086,26048,37304,24537,0,0,31345,5102,5609,384,347,5,0,0,0,0,54050,1276,1830,0,0,0,0,0
562,3520,563.3663249504492,99948,327,140,39,11,10777,5093,0.1587825669348061,178,84,25753,21188,5520,2485,18182,26091,37424,24684,0,0,31096,5090,5663,382,355,5,0,0,0,0,54253,1272,1832,0,0,0,0,0
563,3520,564.1005583484684,99948,322,137,39,11,10809,5108,0.15925281146196021,176,82,25691,21146,5513,2488,18258,26135,37542,24830,0,0,30839,5096,5710,381,357,5,0,0,0,0,54456,1260,1844,0,0,0,0,0
564,3520,565.5760525578763,99948,327,135,39,11,10874,5138,0.16020330571897387,153,82,25665,21169,5520,2496,18295,26106,37659,24975,0,0,30581,5103,5784,380,364,6,0,0,0,0,54629,1251,1850,0,0,0,0,0
565,3520,566.3133506198743,99948,322,134,39,11,10902,5156,0.1606635450434226,149,78,25575,21127,5524,2498,18390,26151,37775,25119,0,0,30329,5106,5828,377,370,6,0,0,0,0,54832,1243,1857,0,0,0,0,0
566,3520,567.0528994255883,99948,323,132,39,11,10931,5168,0.16107375835434426,143,80,25517,21082,5505,2501,18472,26193,37890,25262,0,0,30099,5087,5885,374,375,6,0,0,0,0,55023,1236,1863,0,0,0,0,0
567,3520,568.539104424333,99948,331,133,39,11,11003,5200,0.16211429943570657,136,69,25491,21119,5508,2499,18494,26168,38004,25403,0,0,29836,5101,5949,375,383,6,0,0,0,0,55201,1228,1869,0,0,0,0,0
568,3520,569.2817904477361,99948,322,127,39,11,11039,5213,0.1626045543682715,121,68,25434,21081,5508,2503,18575,26209,38117,25543,0,0,29595,5095,6005,374,390,6,0,0,0,0,55386,1221,1876,0,0,0,0,0
569,3520,570.0265264288263,99948,308,127,39,11,11061,5226,0.16295473646296074,127,66,25380,21045,5492,2500,18653,26250,38228,25682,0,0,29374,5072,6068,374,396,6,0,0,0,0,55564,1215,1879,0,0,0,0,0
570,3520,571.5214203337091,99948,281,116,39,11,11101,5244,0.16353503821987433,135,69,25347,21069,5520,2501,18677,26233,38338,25820,0,0,29144,5062,6154,377,405,6,0,0,0,0,55710,1204,1886,0,0,0,0,0
571,3520,572.2685731431853,99948,284,112,39,11,11129,5256,0.16393524632809062,148,69,25268,21043,5503,2492,18757,26272,38447,25957,0,0,28930,5041,6210,375,410,6,0,0,0,0,55886,1195,1895,0,0,0,0,0
572,3520,573.018027638402,99948,279,104,39,11,11158,5267,0.16433545443630687,145,70,25189,21022,5503,2490,18844,26302,38555,26092,0,0,28709,5026,6270,373,416,6,0,0,0,0,56058,1190,1900,0,0,0,0,0
573,3520,574.5238836147704,99948,255,119,39,11,11201,5296,0.16505582903109617,141,57,25183,21053,5522,2476,18859,26283,38662,26226,0,0,28478,5025,6336,376,422,6,0,0,0,0,56217,1178,1910,0,0,0,0,0
574,3520,575.2764713712253,99948,256,114,39,11,11223,5304,0.16535598511225838,140,59,25108,21026,5509,2473,18947,26316,38768,26359,0,0,28274,5001,6389,376,425,6,0,0,0,0,56390,1167,1920,0,0,0,0,0
575,3520,576.0310057514808,99948,251,110,39,11,11245,5309,0.16562612558530435,141,63,25048,21018,5502,2457,19018,26340,38873,26491,0,0,28067,4982,6437,376,429,6,0,0,0,0,56565,1156,1930,0,0,0,0,0
576,3520,577.5464697191634,99948,241,117,39,11,11292,5334,0.16634650018009364,136,55,25036,21069,5508,2455,19039,26292,38977,26622,0,0,27843,4971,6509,380,432,6,0,0,0,0,56721,1152,1934,0,0,0,0,0
577,3520,578.3037787317768,99948,229,113,39,11,11313,5344,0.16665666146396127,134,55,24990,21038,5500,2454,19107,26328,39080,26752,0,0,27634,4951,6563,381,438,6,0,0,0,0,56890,1147,1938,0,0,0,0,0
578,3520,579.0629123761287,99948,230,106,39,11,11342,5351,0.16701684876135592,121,56,24936,21014,5493,2457,19180,26355,39181,26880,0,0,27431,4935,6616,381,441,6,0,0,0,0,57054,1137,1947,0,0,0,0,0
579,3520,580.5859980086512,99948,222,103,39,11,11380,5371,0.1675971505182695,113,50,24928,21073,5495,2457,19202,26305,39281,27007,0,0,27225,4921,6690,382,446,6,0,0,0,0,57197,1129,1952,0,0,0,0,0
580,3520,581.3467378321951,99948,214,96,39,11,11397,5379,0.16784728058590467,111,46,24876,21050,5487,2456,19272,26340,39380,27133,0,0,27023,4908,6737,381,451,6,0,0,0,0,57363,1120,1959,0,0,0,0,0
581,3520,582.1095561649522,99948,217,92,39,11,11424,5383,0.16815744186977227,101,56,24839,21031,5466,2444,19337,26365,39478,27258,0,0,26836,4883,6791,380,453,6,0,0,0,0,57520,1109,1970,0,0,0,0,0
582,3520,583.6398030734148,99948,210,83,39,11,11453,5395,0.16856765518069397,98,59,24852,21081,5446,2442,19354,26323,39575,27382,0,0,26637,4872,6846,377,462,6,0,0,0,0,57669,1100,1979,0,0,0,0,0
583,3520,584.4038920661658,99947,217,88,40,11,11474,5405,0.16887950613825328,90,58,24808,21059,5422,2424,19422,26359,39671,27505,0,0,26461,4837,6892,377,466,6,0,0,0,0,57830,1091,1987,0,0,0,0,0
584,3520,585.1693071426463,99947,210,82,40,11,11492,5411,0.16911963340570502,84,57,24790,21041,5404,2420,19471,26388,39766,27626,0,0,26278,4811,6951,377,468,6,0,0,0,0,57978,1084,1994,0,0,0,0,0
585,3520,586.7034872310535,99947,200,74,40,11,11526,5423,0.16957987733498756,77,63,24794,21067,5406,2431,19482,26353,39860,27746,0,0,26073,4805,6999,378,480,6,0,0,0,0,58132,1080,1994,0,0,0,0,0
586,3520,587.4692642273666,99947,197,78,40,11,11539,5435,0.1698300099052498,76,60,24738,21047,5385,2419,19563,26384,39953,27865,0,0,25890,4782,7041,381,481,6,0,0,0,0,58295,1071,2000,0,0,0,0,0
587,3520,588.2367207117555,99947,195,76,40,11,11557,5443,0.17009014777832251,72,61,24697,21019,5364,2419,19631,26413,40045,27983,0,0,25707,4758,7095,381,481,6,0,0,0,0,58448,1068,2003,0,0,0,0,0
588,3520,589.0059417689936,99947,187,77,40,11,11571,5453,0.17033027504577425,69,56,24662,21014,5346,2412,19695,26429,40136,28100,0,0,25529,4738,7142,379,485,6,0,0,0,0,58597,1060,2011,0,0,0,0,0
589,3520,590.5482380588559,99946,184,82,41,11,11602,5474,0.17085226022051908,56,48,24688,21088,5325,2404,19705,26366,40226,28216,0,0,25341,4730,7195,377,489,6,0,0,0,0,58737,1051,2020,0,0,0,0,0
590,3520,591.3180842188832,99946,167,74,41,11,11612,5481,0.17102235207011787,59,45,24650,21073,5320,2408,19762,26388,40316,28331,0,0,25169,4709,7252,377,491,7,0,0,0,0,58871,1039,2031,0,0,0,0,0
591,3520,592.0891246522833,99946,160,76,41,11,11627,5493,0.1712924979488924,58,43,24610,21056,5316,2406,19814,26407,40405,28444,0,0,24988,4694,7295,378,492,7,0,0,0,0,59022,1032,2038,0,0,0,0,0
592,3520,593.6352317123236,99946,142,78,41,11,11636,5509,0.1715426330218318,66,32,24622,21125,5298,2408,19830,26345,40493,28556,0,0,24798,4689,7333,377,496,8,0,0,0,0,59176,1028,2041,0,0,0,0,0
593,3520,594.4074977728058,99946,135,74,41,11,11642,5515,0.17166269785684268,69,30,24596,21109,5282,2407,19876,26368,40580,28667,0,0,24622,4675,7368,378,496,8,0,0,0,0,59330,1019,2050,0,0,0,0,0
594,3520,595.1809489558835,99946,131,73,41,11,11658,5524,0.17191283292978207,63,22,24575,21111,5269,2404,19920,26378,40666,28777,0,0,24443,4662,7404,379,499,8,0,0,0,0,59483,1014,2054,0,0,0,0,0
595,3520,596.730375443439,99946,140,68,41,11,11677,5528,0.17214295719688633,55,19,24529,21112,5249,2399,19985,26390,40751,28886,0,0,24271,4646,7438,378,501,8,0,0,0,0,59637,1009,2058,0,0,0,0,0
596,3520,597.0291327904104,99946,136,69,41,11,11680,5531,0.17220298961439176,55,19,24461,21067,5232,2394,20074,26439,40835,28994,0,0,24107,4622,7471,377,502,8,0,0,0,0,59792,1006,2061,0,0,0,0,0
597,3520,598.0081435288382,99946,136,68,41,11,11703,5542,0.17254317331358934,49,16,24475,21118,5209,2391,20089,26395,40918,29101,0,0,23945,4605,7515,376,507,8,0,0,0,0,59923,996,2071,0,0,0,0,0
598,3520,599.5382376999283,99946,124,63,41,11,11718,5546,0.17273327596902327,59,19,24481,21173,5202,2379,20092,26354,41000,29207,0,0,23775,4591,7560,376,510,8,0,0,0,0,60060,992,2074,0,0,0,0,0
599,3520,600.1132121248233,99946,123,65,41,11,11725,5553,0.17287335160986933,59,15,24443,21145,5177,2378,20156,26385,41082,29312,0,0,23617,4569,7595,374,512,8,0,0,0,0,60205,987,2079,0,0,0,0,0
600,3520,601.0223084212187,99945,120,58,42,11,11744,5556,0.17309520236129872,50,17,24441,21171,5159,2370,20187,26372,41163,29416,0,0,23461,4545,7643,374,516,8,0,0,0,0,60333,981,2084,0,0,0,0,0
601,3520,602.333460730175,99945,101,58,42,11,11762,5562,0.17333533443393867,46,16,24504,21259,5159,2360,20147,26295,41243,29519,0,0,23297,4531,7690,380,516,8,0,0,0,0,60460,970,2093,0,0,0,0,0
602,3520,603.0754838630495,99945,98,60,42,11,11764,5565,0.173385361949072,45,15,24442,21208,5147,2357,20225,26348,41322,29621,0,0,23134,4516,7710,380,517,8,0,0,0,0,60618,967,2095,0,0,0,0,0
603,3520,604.5353925659705,99945,104,51,42,11,11794,5576,0.17379558757316524,28,15,24524,21355,5122,2351,20179,26216,41400,29722,0,0,22966,4506,7756,382,519,8,0,0,0,0,60746,964,2098,0,0,0,0,0
604,3520,605.2377903172032,99945,102,52,42,11,11794,5577,0.1738055930761919,29,14,24453,21294,5105,2344,20268,26284,41477,29822,0,0,22824,4483,7781,380,521,8,0,0,0,0,60886,954,2108,0,0,0,0,0
605,3520,606.0046707947959,99945,93,52,42,11,11797,5581,0.17387563159737857,31,13,24416,21297,5088,2330,20329,26296,41554,29921,0,0,22679,4461,7817,375,527,8,0,0,0,0,61016,950,2112,0,0,0,0,0
606,3520,607.0658231781551,99944,97,50,43,11,11814,5586,0.1740974945969743,21,10,24423,21321,5066,2320,20349,26287,41630,30019,0,0,22526,4446,7844,373,533,8,0,0,0,0,61153,945,2116,0,0,0,0,0
607,3520,608.4282212162929,99944,89,46,43,11,11823,5590,0.17422756743776516,26,12,24455,21383,5044,2308,20342,26239,41705,30116,0,0,22375,4438,7872,371,538,8,0,0,0,0,61282,934,2126,0,0,0,0,0
608,3520,609.0059786962187,99944,88,42,43,11,11828,5592,0.17429760665972946,26,10,24416,21377,5025,2304,20401,26255,41779,30212,0,0,22230,4418,7900,370,541,8,0,0,0,0,61417,930,2130,0,0,0,0,0
609,3520,610.4502673996811,99944,78,32,43,11,11837,5594,0.17440766829424478,31,12,24473,21473,5001,2297,20373,26174,41852,30307,0,0,22072,4410,7932,368,546,8,0,0,0,0,61548,929,2131,0,0,0,0,0
610,3520,611.1152861879394,99944,78,33,43,11,11837,5595,0.17441767389738252,31,11,24393,21410,4988,2289,20466,26245,41925,30401,0,0,21935,4385,7957,367,547,8,0,0,0,0,61685,925,2135,0,0,0,0,0
611,3520,612.680355987606,99944,72,23,43,11,11850,5599,0.1745877691507244,28,15,24516,21547,4957,2278,20383,26125,41997,30494,0,0,21792,4364,8001,372,548,8,0,0,0,0,61801,919,2139,0,0,0,0,0
612,3520,613.4579752994466,99944,76,21,43,11,11855,5600,0.17464780276955094,24,14,24465,21515,4941,2270,20450,26168,42068,30586,0,0,21660,4340,8029,369,551,8,0,0,0,0,61929,915,2143,0,0,0,0,0
613,3520,614.0759427210238,99944,77,23,43,11,11858,5603,0.1747078363883775,22,13,24424,21494,4927,2261,20506,26197,42138,30677,0,0,21527,4321,8051,367,553,8,0,0,0,0,62059,908,2150,0,0,0,0,0
614,3520,615.074191772091,99944,74,22,43,11,11865,5605,0.17479788681661731,17,13,24442,21539,4909,2253,20514,26161,42208,30767,0,0,21394,4302,8079,366,555,9,0,0,0,0,62181,902,2156,0,0,0,0,0
615,3520,616.233416074347,99944,71,23,43,11,11869,5610,0.17488793724485713,15,11,24455,21598,4884,2244,20531,26112,42277,30856,0,0,21251,4293,8099,366,555,9,0,0,0,0,62313,896,2162,0,0,0,0,0
616,3520,617.5425258388315,99944,60,24,43,11,11870,5612,0.17491795405427038,22,12,24472,21660,4870,2230,20532,26062,42345,30944,0,0,21120,4271,8134,365,556,9,0,0,0,0,62431,894,2164,0,0,0,0,0
617,3520,618.1204550321596,99944,58,24,43,11,11871,5614,0.17494797086368366,24,9,24441,21641,4850,2225,20583,26089,42413,31031,0,0,20994,4248,8162,362,559,9,0,0,0,0,62552,891,2167,0,0,0,0,0
618,3520,619.3866808135509,99944,63,24,43,11,11889,5618,0.1751680941327143,19,11,24538,21772,4812,2206,20524,25975,42480,31117,0,0,20863,4230,8195,361,561,9,0,0,0,0,62667,888,2170,0,0,0,0,0
619,3520,620.1639911356168,99944,60,24,43,11,11890,5618,0.17517809973585208,23,11,24486,21735,4800,2196,20587,26022,42546,31202,0,0,20741,4210,8217,360,563,9,0,0,0,0,62786,880,2178,0,0,0,0,0
620,3520,621.2017539663079,99944,52,23,43,11,11894,5620,0.1752381333546786,19,13,24495,21782,4792,2184,20598,25986,42612,31286,0,0,20610,4197,8243,357,567,9,0,0,0,0,62903,877,2181,0,0,0,0,0
621,3520,622.0239649592223,99944,50,23,43,11,11898,5621,0.1752881613703674,20,12,24492,21792,4777,2173,20617,25988,42677,31369,0,0,20485,4182,8265,355,569,9,0,0,0,0,63021,871,2187,0,0,0,0,0
622,3520,623.0403569498824,99944,49,23,43,11,11903,5625,0.17537821179860721,18,9,24497,21815,4761,2173,20631,25968,42741,31451,0,0,20364,4161,8294,353,572,9,0,0,0,0,63133,869,2189,0,0,0,0,0
623,3520,624.1138978828203,99944,42,22,43,11,11908,5627,0.17544825102057152,14,10,24521,21854,4740,2166,20639,25936,42805,31532,0,0,20248,4138,8326,354,573,10,0,0,0,0,63237,863,2195,0,0,0,0,0
624,3520,625.0385683527672,99944,37,23,43,11,11909,5631,0.1754982790362603,14,7,24512,21884,4722,2154,20671,25920,42868,31613,0,0,20135,4119,8352,348,580,10,0,0,0,0,63342,857,2201,0,0,0,0,0
625,3520,626.130447213619,99944,33,21,43,11,11913,5634,0.1755683182582246,15,6,24531,21955,4700,2141,20677,25865,42930,31693,0,0,20018,4101,8383,348,580,10,0,0,0,0,63446,850,2208,0,0,0,0,0
626,3520,627.2878815311063,99944,29,24,43,11,11915,5637,0.1756183462739134,14,5,24545,21984,4689,2128,20679,25847,42992,31772,0,0,19901,4084,8402,347,583,10,0,0,0,0,63559,844,2214,0,0,0,0,0
627,3520,628.0239597490047,99944,28,23,43,11,11919,5638,0.17566837428960216,12,5,24544,21994,4675,2118,20697,25848,43053,31850,0,0,19780,4069,8420,347,585,10,0,0,0,0,63675,841,2217,0,0,0,0,0
628,3520,629.014847929559,99944,29,19,43,11,11922,5640,0.17571840230529095,10,4,24575,22064,4647,2106,20695,25795,43113,31927,0,0,19665,4054,8439,346,588,10,0,0,0,0,63784,835,2223,0,0,0,0,0
629,3520,630.1355832445091,99944,32,22,43,11,11929,5646,0.17584847514608182,35,23,24618,22131,4619,2097,20652,25715,43173,32003,0,0,19557,4037,8459,344,592,10,0,0,0,0,63887,826,2232,0,0,0,0,0
630,3520,631.2953351019395,99944,38,24,43,11,11943,5650,0.17602857600256144,28,23,24648,22170,4599,2088,20643,25683,43232,32079,0,0,19444,4020,8475,343,594,10,2,0,0,7,63991,820,2238,0,0,0,0,0
631,3520,632.0675122675551,99944,39,26,43,11,11953,5652,0.1761486432402145,26,25,24652,22169,4580,2082,20659,25686,43291,32154,0,0,19334,3999,8495,343,595,10,4,0,0,13,64093,815,2243,0,0,0,0,0
632,3520,633.225856023071,99944,36,32,43,11,11963,5660,0.17632874409669416,33,25,24687,22207,4556,2069,20644,25655,43349,32228,0,0,19231,3975,8518,341,599,11,7,0,0,22,64184,810,2246,0,0,0,0,0
633,3520,634.3826385429676,99943,35,42,44,11,11974,5671,0.17655063386130093,38,19,24711,22255,4535,2053,20636,25619,43406,32301,0,0,19124,3954,8537,338,603,11,12,0,0,28,64280,806,2250,0,0,0,0,0
634,3520,635.0673968181035,99942,32,44,44,12,11976,5676,0.17662244101578917,40,17,24677,22243,4523,2047,20683,25636,43463,32373,0,0,19014,3937,8553,336,606,11,15,0,0,31,64383,803,2253,0,0,0,0,0
635,3520,636.0391472316791,99942,36,50,44,12,11990,5684,0.1768425686898401,34,19,24687,22268,4507,2042,20691,25608,43519,32445,0,0,18905,3918,8569,337,608,11,19,0,0,36,64483,798,2258,0,0,0,0,0
636,3520,637.0290353622033,99942,37,45,44,12,11996,5687,0.17693262092013368,41,25,24710,22330,4480,2039,20687,25548,43575,32516,0,0,18795,3901,8585,337,609,11,22,0,0,45,64581,795,2261,0,0,0,0,0
637,3520,638.1843454499119,99942,46,43,44,12,12005,5692,0.177072702167257,47,26,24736,22383,4448,2039,20678,25496,43630,32586,0,0,18692,3885,8601,335,611,11,22,0,0,52,64677,791,2265,0,0,0,0,0
638,3520,639.3380870214266,99942,58,46,44,12,12024,5702,0.17736287046486962,48,25,24767,22448,4430,2032,20652,25436,43685,32655,0,0,18581,3872,8614,332,616,11,27,0,0,59,64776,789,2265,0,0,0,0,0
639,3520,640.1063568758098,99942,61,47,44,12,12032,5708,0.17750295171199296,60,25,24765,22462,4406,2031,20663,25422,43739,32723,0,0,18477,3855,8630,331,617,12,30,0,0,65,64871,787,2267,0,0,0,0,0
640,3520,641.2584864834106,99942,70,42,44,12,12049,5713,0.1777230793860439,62,29,24782,22491,4391,2031,20650,25394,43792,32791,0,0,18377,3835,8648,329,622,12,36,0,0,74,64956,782,2271,0,0,0,0,0
641,3520,642.0259794915513,99942,78,44,44,12,12066,5717,0.1779332012567289,59,29,24783,22513,4377,2028,20658,25373,43845,32858,0,0,18283,3813,8670,328,623,12,39,0,0,82,65039,776,2277,0,0,0,0,0
642,3520,643.1770700298495,99942,82,50,44,12,12085,5725,0.1782033579476096,67,33,24805,22589,4366,2022,20635,25293,43897,32924,0,0,18179,3793,8687,329,626,12,46,0,0,88,65130,774,2278,0,0,0,0,0
643,3520,644.3269018026692,99942,91,56,44,12,12111,5737,0.1785835784755158,64,33,24818,22630,4364,2020,20618,25248,43949,32990,0,0,18070,3777,8701,331,626,12,54,0,0,101,65218,771,2281,0,0,0,0,0
644,3520,645.0930533364622,99942,84,58,44,12,12118,5745,0.1787336655260051,74,34,24827,22657,4350,2021,20620,25217,44000,33055,0,0,17971,3757,8719,332,627,12,57,0,0,116,65299,770,2282,0,0,0,0,0
645,3520,646.2418049231416,99942,86,65,44,12,12132,5759,0.17901382802025176,86,34,24840,22686,4334,2017,20609,25185,44051,33119,0,0,17875,3737,8737,331,630,12,59,0,0,130,65379,769,2283,0,0,0,0,0
646,3520,647.0071445134124,99942,92,61,44,12,12146,5761,0.179173920874107,93,44,24836,22704,4322,2013,20612,25165,44101,33182,0,0,17787,3718,8756,326,635,12,62,0,0,140,65454,764,2288,0,0,0,0,0
647,3520,648.155084230351,99942,108,68,44,12,12173,5773,0.1795641472053791,102,47,24848,22748,4304,2009,20593,25115,44151,33245,0,0,17694,3698,8774,327,636,12,65,0,0,151,65533,760,2292,0,0,0,0,0
648,3520,649.3017973394485,99942,108,73,44,12,12200,5787,0.17997438514338315,104,46,24884,22784,4299,2009,20560,25075,44200,33307,0,0,17606,3671,8795,328,641,12,70,0,0,176,65591,758,2294,0,0,0,0,0
649,3520,650.065301027116,99942,109,68,44,12,12220,5791,0.18021452442416602,106,53,24871,22804,4301,2007,20568,25055,44249,33368,0,0,17511,3652,8809,332,644,12,76,0,0,191,65665,752,2298,0,0,0,0,0
650,3520,651.2107748229155,99942,115,71,44,12,12252,5806,0.18068479718236577,109,49,24904,22847,4293,2008,20534,25012,44297,33429,0,0,17419,3629,8829,332,647,12,85,0,0,217,65722,749,2301,0,0,0,0,0
651,3520,652.3549176488875,99942,123,70,44,12,12275,5815,0.18100498289007624,124,62,24915,22897,4278,2001,20515,24957,44345,33489,0,0,17321,3613,8844,332,649,12,96,0,0,229,65797,744,2305,0,0,0,0,0
652,3520,653.1172311076564,99942,138,71,44,12,12300,5822,0.18132516859778672,121,66,24911,22917,4271,1997,20514,24936,44392,33548,0,0,17233,3597,8859,332,652,12,98,0,0,240,65872,740,2307,0,0,0,0,0
653,3520,654.2602362905869,99942,145,73,44,12,12333,5840,0.1818354645694503,134,68,24930,22970,4269,1996,20477,24880,44439,33607,0,0,17146,3575,8876,331,660,12,108,0,0,265,65924,734,2311,0,0,0,0,0
654,3520,655.0217555661674,99942,162,76,44,12,12370,5851,0.18231574313101598,119,66,24925,22988,4272,1998,20477,24859,44485,33665,0,0,17051,3564,8885,332,663,12,112,0,0,284,65995,731,2313,0,0,0,0,0
655,3520,656.163947908283,99942,155,84,44,12,12397,5869,0.18276600428248385,128,62,24930,23048,4290,1997,20452,24796,44531,33722,0,0,16954,3551,8892,334,668,12,121,0,0,312,66055,727,2316,0,0,0,0,0
656,3520,657.305740454329,99942,166,90,44,12,12438,5887,0.18335634668107503,133,78,24947,23100,4294,1988,20415,24731,44577,33779,0,0,16866,3534,8905,336,674,12,126,0,0,341,66109,722,2317,0,0,0,0,0
657,3520,658.0663542286828,99942,179,89,44,12,12471,5893,0.18374657301234718,133,87,24944,23108,4293,1983,20406,24720,44622,33835,0,0,16785,3513,8921,335,680,13,130,0,0,358,66169,721,2317,0,0,0,0,0
658,3520,659.2069690712353,99942,203,91,44,12,12510,5916,0.1843669328210362,149,92,24968,23163,4278,1993,20357,24648,44667,33891,0,0,16695,3499,8935,331,686,13,137,0,0,385,66225,721,2315,0,0,0,0,0
659,3520,660.3461565053357,99942,204,103,44,12,12549,5945,0.18504732744992095,162,95,24984,23216,4289,1993,20316,24580,44711,33946,0,0,16609,3479,8948,330,693,14,148,0,0,421,66264,718,2318,0,0,0,0,0
660,3520,661.1048929952943,99942,210,112,44,12,12579,5964,0.18553761181485262,171,95,24977,23226,4293,1992,20304,24562,44755,34000,0,0,16523,3463,8958,332,698,14,151,0,0,445,66323,717,2318,0,0,0,0,0
661,3520,662.2428809139132,99942,233,122,44,12,12627,5992,0.18629805287066498,191,91,24981,23285,4293,1995,20257,24494,44798,34054,0,0,16436,3446,8972,334,700,15,157,0,0,476,66373,716,2317,0,0,0,0,0
662,3520,663.0012511645273,99942,235,133,44,12,12662,6014,0.18686838366252426,205,90,24957,23296,4309,1997,20249,24471,44841,34107,0,0,16339,3434,8979,336,706,15,169,0,0,500,66434,715,2315,0,0,0,0,0
663,3520,664.1392587216824,99942,269,140,44,12,12734,6046,0.1879089872125833,201,91,24968,23340,4311,2014,20206,24402,44884,34160,0,0,16253,3417,8987,338,716,15,180,0,0,539,66470,708,2319,0,0,0,0,0
664,3520,665.2765995541004,99942,285,149,44,12,12784,6077,0.18871945728522543,222,97,24973,23384,4315,2029,20160,24328,44926,34212,0,0,16168,3401,8996,339,722,15,189,0,0,579,66506,705,2322,0,0,0,0,0
665,3520,666.0343777300137,99942,298,146,44,12,12825,6098,0.18933981709391448,233,99,24974,23390,4315,2047,20135,24305,44968,34264,0,0,16090,3381,9013,339,729,15,195,0,0,616,66540,702,2322,0,0,0,0,0
666,3520,667.170501896631,99942,316,160,44,12,12890,6134,0.19035040323387564,249,102,24986,23412,4342,2057,20062,24256,45009,34315,0,0,15998,3365,9020,342,738,16,210,0,0,655,66577,700,2321,0,0,0,0,0
667,3520,668.3054729288368,99942,345,167,44,12,12975,6167,0.191531088031058,254,117,24995,23429,4360,2076,20001,24198,45050,34365,0,0,15901,3349,9031,346,740,16,234,0,0,707,66598,694,2326,0,0,0,0,0
668,3520,669.0614750338456,99942,356,162,44,12,13024,6186,0.19221148265994276,278,125,24988,23430,4375,2094,19958,24176,45091,34415,0,0,15811,3331,9037,349,749,16,249,0,0,742,66638,693,2327,0,0,0,0,0
669,3520,670.1952833505627,99942,390,172,44,12,13114,6225,0.19350223129415062,275,129,24978,23450,4399,2118,19913,24118,45131,34464,0,0,15718,3314,9042,354,759,16,266,0,0,794,66661,692,2326,0,0,0,0,0
670,3520,671.3289479243738,99942,398,176,44,12,13184,6255,0.19450281163074584,307,153,24981,23476,4428,2132,19841,24050,45171,34513,0,0,15623,3295,9049,362,765,16,287,0,0,847,66682,688,2328,0,0,0,0,0
671,3520,672.0843472111966,99942,408,172,44,12,13238,6280,0.19529327009665606,314,152,24957,23491,4453,2149,19823,24023,45210,34561,0,0,15536,3280,9056,365,772,17,302,0,0,893,66708,685,2328,0,0,0,0,0
672,3520,673.2179094593221,99940,431,201,46,12,13334,6336,0.1968180908545127,324,150,24962,23525,4498,2164,19738,23947,45249,34609,0,0,15442,3270,9056,366,786,18,319,0,0,956,66719,683,2325,0,0,0,0,0
673,3520,674.3512347977064,99940,455,204,46,12,13426,6378,0.19815889533720232,349,159,24941,23558,4528,2189,19680,23877,45288,34656,0,0,15356,3254,9064,369,794,19,339,0,0,1029,66712,675,2329,0,0,0,0,0
674,3520,675.1066175485299,99940,483,204,46,12,13499,6398,0.19908945367220332,345,171,24932,23566,4550,2201,19643,23845,45326,34703,0,0,15274,3241,9074,371,798,19,352,0,0,1074,66736,669,2332,0,0,0,0,0
675,3520,676.2401139623453,99940,491,210,46,12,13591,6437,0.20040024014408644,373,191,24918,23600,4595,2221,19576,23765,45364,34749,0,0,15175,3229,9072,377,811,19,378,0,0,1144,66737,664,2334,0,0,0,0,0
676,3520,677.3736629296169,99940,495,226,46,12,13685,6495,0.20192115269161498,388,198,24900,23640,4661,2247,19509,23676,45402,34795,0,0,15084,3206,9078,383,826,19,403,0,0,1228,66718,662,2333,0,0,0,0,0
677,3520,678.1293722018966,99939,498,237,47,12,13754,6532,0.20298382013027946,419,198,24868,23640,4703,2263,19464,23649,45439,34840,0,0,14985,3198,9074,385,837,19,429,0,0,1280,66738,659,2335,0,0,0,0,0
678,3520,679.263794169545,99939,532,264,47,12,13873,6586,0.2047148760744054,455,221,24851,23667,4746,2276,19368,23559,45476,34885,0,0,14905,3180,9076,389,853,20,443,0,0,1355,66728,657,2333,0,0,0,0,0
679,3520,680.0200168678566,99938,556,272,48,12,13964,6629,0.20605775580860133,454,228,24821,23676,4790,2301,19330,23510,45512,34929,0,0,14819,3166,9074,394,867,21,462,0,0,1415,66733,653,2334,0,0,0,0,0
680,3520,681.1548712685017,99938,567,287,48,12,14074,6692,0.2077888290740259,458,236,24828,23689,4844,2332,19254,23443,45548,34973,0,0,14730,3147,9069,401,888,21,484,0,0,1512,66703,652,2331,0,0,0,0,0
681,3520,682.2891957453368,99936,589,290,49,13,14197,6761,0.20971421709894333,468,242,24812,23706,4911,2379,19170,23369,45584,35016,0,0,14642,3130,9066,404,909,22,508,0,0,1626,66650,650,2329,0,0,0,0,0
682,3520,683.04543844242,99936,601,298,49,13,14280,6805,0.21098503041946845,480,240,24778,23705,4952,2407,19139,23336,45619,35059,0,0,14561,3111,9078,409,915,22,529,0,0,1700,66635,646,2330,0,0,0,0,0
683,3520,684.1811344880392,99936,632,306,49,13,14403,6863,0.21279618956131924,508,246,24758,23751,4998,2446,19054,23237,45654,35101,0,0,14473,3098,9077,413,932,23,555,0,0,1791,66604,640,2330,0,0,0,0,0
684,3520,685.3169809519604,99936,682,340,49,13,14544,6939,0.21496757925072046,529,245,24722,23781,5048,2474,18969,23146,45689,35143,0,0,14379,3086,9072,422,949,23,579,0,0,1873,66592,635,2326,0,0,0,0,0
685,3520,686.0743724644868,99936,703,359,49,13,14635,6993,0.2164185078450208,552,254,24689,23781,5090,2496,18916,23096,45723,35184,0,0,14305,3064,9081,428,963,23,596,0,0,1939,66581,633,2323,0,0,0,0,0
686,3520,687.211377088412,99936,738,370,49,13,14782,7063,0.21858989753442204,583,266,24641,23816,5167,2543,18821,22991,45757,35225,0,0,14209,3048,9078,437,984,23,628,0,0,2045,66536,629,2319,0,0,0,0,0
687,3520,688.349534627389,99935,790,370,50,13,14974,7137,0.22125381497973684,608,301,24580,23843,5259,2593,18712,22879,45791,35266,0,0,14112,3025,9082,445,1005,23,666,0,0,2184,66450,627,2316,0,0,0,0,0
688,3520,689.1092086236201,99935,827,391,50,13,15094,7204,0.2231250312703257,632,296,24528,23830,5314,2630,18648,22839,45824,35306,0,0,14036,3003,9083,457,1015,25,681,0,0,2271,66423,625,2316,0,0,0,0,0
689,3520,690.2505609882382,99934,864,411,50,14,15272,7288,0.22574899433626194,652,316,24465,23839,5418,2678,18550,22741,45857,35346,0,0,13940,2984,9070,466,1045,27,719,0,0,2386,66360,617,2320,0,0,0,0,0
690,3520,691.0124281155165,99934,926,435,50,14,15419,7362,0.22796045389957373,664,332,24401,23817,5463,2711,18495,22690,45890,35385,0,0,13859,2967,9069,469,1068,27,744,0,0,2465,66333,614,2319,0,0,0,0,0
691,3520,692.1571316457774,99934,958,448,50,14,15612,7459,0.230862369163648,691,355,24345,23820,5580,2779,18375,22583,45923,35424,0,0,13763,2943,9061,481,1109,27,785,0,0,2612,66237,609,2307,0,0,0,0,0
692,3520,693.3034947927382,99932,1020,464,51,15,15808,7548,0.2337189288716327,756,379,24258,23825,5655,2840,18259,22476,45955,35462,0,0,13659,2927,9057,491,1125,30,828,0,0,2737,66167,605,2306,0,0,0,0,0
693,3520,694.0691412119704,99932,1046,491,51,15,15947,7627,0.23590041228035064,789,388,24199,23812,5725,2880,18189,22413,45987,35500,0,0,13582,2905,9060,498,1145,30,852,0,0,2847,66106,603,2304,0,0,0,0,0
694,3520,695.2195010351714,99932,1088,511,51,15,16159,7741,0.23916263058880038,849,391,24116,23811,5849,2952,18046,22319,46019,35538,0,0,13478,2889,9045,507,1184,30,897,0,0,3013,65995,598,2296,0,0,0,0,0
695,3520,696.3721888541771,99932,1142,534,51,15,16394,7855,0.2426550054036745,875,422,24057,23797,5976,3021,17898,22210,46050,35575,0,0,13366,2877,9036,512,1210,33,949,0,0,3193,65874,595,2287,0,0,0,0,0
696,3520,697.1415001321848,99932,1198,576,51,15,16558,7946,0.24520674058359684,879,407,24003,23781,6047,3055,17821,22165,46081,35612,0,0,13292,2861,9037,514,1230,33,973,0,0,3301,65813,591,2287,0,0,0,0,0
697,3520,698.2973872525939,99932,1247,584,51,15,16804,8063,0.24883921066325101,937,418,23884,23785,6202,3136,17678,22061,46112,35648,0,0,13195,2840,9022,528,1265,35,1014,0,0,3504,65659,585,2285,0,0,0,0,0
698,3520,699.0703332213377,99931,1282,593,52,15,16991,8129,0.25137344767889847,930,441,23812,23777,6319,3176,17604,21997,46143,35684,0,0,13106,2827,9014,536,1286,38,1043,0,0,3643,65576,581,2281,0,0,0,0,0
699,3520,700.2331450612738,99931,1322,635,52,15,17249,8265,0.25531616815602765,988,458,23716,23775,6480,3237,17441,21879,46173,35720,0,0,13006,2794,9000,554,1330,39,1094,0,0,3830,65430,577,2277,0,0,0,0,0
700,3520,701.0099289002994,99930,1344,639,53,15,17422,8340,0.25780046032222553,1038,491,23628,23749,6589,3296,17347,21809,46203,35755,0,0,12920,2781,8998,558,1351,40,1126,0,0,3988,65322,573,2273,0,0,0,0,0
701,3520,702.1782922966386,99929,1433,677,54,15,17727,8486,0.26231624453361885,1057,505,23553,23723,6726,3383,17176,21696,46233,35790,0,0,12816,2762,8980,569,1402,40,1175,0,0,4187,65169,566,2263,0,0,0,0,0
702,3520,703.3492863456403,99928,1522,696,55,15,18051,8622,0.26692218397246015,1102,565,23404,23717,6883,3473,17033,21533,46262,35825,0,0,12710,2737,8960,581,1453,42,1233,0,0,4401,64992,561,2258,0,0,0,0,0
703,3520,704.1324895142088,99928,1542,726,55,15,18262,8717,0.26998438875990716,1152,611,23315,23686,7011,3515,16924,21446,46291,35859,0,0,12609,2718,8944,593,1481,47,1279,0,0,4556,64888,559,2254,0,0,0,0,0
704,3520,705.3112401368631,99928,1605,801,55,15,18593,8900,0.275128092226403,1193,633,23183,23649,7209,3596,16754,21305,46320,35893,0,0,12483,2700,8919,610,1524,50,1347,0,0,4789,64705,554,2247,0,0,0,0,0
705,3520,706.0995191919811,99927,1671,852,56,15,18832,9035,0.27887357771172955,1227,630,23077,23617,7322,3656,16646,21229,46349,35926,0,0,12398,2679,8913,619,1554,51,1383,0,0,4961,64575,552,2242,0,0,0,0,0
706,3520,707.2863052095913,99926,1752,887,57,15,19206,9229,0.2845605748253708,1248,643,22933,23580,7529,3789,16480,21085,46377,35959,0,0,12286,2651,8872,645,1623,57,1439,0,0,5226,64347,545,2235,0,0,0,0,0
707,3520,708.0806199328387,99926,1775,928,57,15,19453,9360,0.28834337409683164,1297,662,22810,23567,7678,3847,16382,20980,46405,35992,0,0,12179,2624,8868,659,1655,61,1502,0,0,5413,64196,539,2230,0,0,0,0,0
708,3520,709.2779570355567,99926,1838,974,57,15,19840,9574,0.29435782479034484,1319,666,22651,23520,7902,3978,16232,20846,46433,36024,0,0,12064,2594,8840,679,1728,63,1570,0,0,5714,63921,531,2222,0,0,0,0,0
709,3520,710.0798579673581,99924,1892,1007,58,16,20106,9716,0.298446819582883,1351,671,22524,23500,8048,4068,16126,20737,46461,36056,0,0,11964,2576,8818,696,1766,67,1616,0,0,5914,63764,525,2218,0,0,0,0,0
710,3520,711.289304436918,99923,1934,1049,59,16,20505,9927,0.3045545069703672,1416,688,22351,23451,8307,4215,15932,20580,46488,36088,0,0,11816,2543,8792,727,1825,76,1710,0,0,6212,63497,519,2206,0,0,0,0,0
711,3520,712.0996755151281,99923,2010,1065,59,16,20799,10070,0.30892787446333675,1456,702,22209,23417,8456,4313,15809,20486,46515,36119,0,0,11720,2524,8777,742,1865,79,1757,0,0,6435,63310,513,2201,0,0,0,0,0
712,3520,713.3219484562069,99922,2114,1120,60,16,21278,10290,0.3159264226096355,1498,739,21992,23351,8718,4444,15617,20329,46542,36150,0,0,11581,2493,8741,763,1941,87,1844,0,0,6743,63031,508,2190,0,0,0,0,0
713,3520,714.1418585859195,99917,2157,1146,64,17,21567,10452,0.32045597846212354,1557,771,21851,23304,8876,4547,15494,20214,46569,36181,0,0,11478,2484,8701,776,2006,89,1890,0,0,6972,62834,501,2186,0,0,0,0,0
714,3520,715.3796691634154,99914,2220,1210,64,20,22035,10725,0.3278819785015113,1585,792,21630,23226,9174,4709,15326,20042,46595,36211,0,0,11330,2447,8661,815,2077,97,1982,0,0,7335,62494,499,2177,0,0,0,0,0
715,3520,716.2105518812425,99914,2283,1224,64,20,22386,10878,0.33292631663230376,1601,821,21490,23181,9361,4817,15200,19936,46621,36241,0,0,11229,2423,8625,837,2141,101,2031,0,0,7595,62264,495,2173,0,0,0,0,0
716,3520,717.0461168396654,99914,2339,1277,64,20,22719,11079,0.33827091298516726,1627,835,21339,23118,9557,4923,15073,19826,46647,36271,0,0,11120,2398,8589,857,2209,102,2090,0,0,7848,62041,491,2169,0,0,0,0,0
717,3520,718.3085805245819,99912,2438,1330,65,21,23249,11367,0.34646488910241013,1712,830,21076,23044,9856,5116,14852,19658,46673,36300,0,0,10965,2371,8536,885,2310,109,2191,0,0,8235,61675,487,2148,0,0,0,0,0
718,3520,719.1571295011237,99911,2490,1343,66,21,23579,11543,0.3515328642491818,1775,860,20914,22997,10048,5245,14706,19533,46698,36329,0,0,10857,2353,8498,901,2377,115,2250,0,0,8500,61439,482,2139,0,0,0,0,0
719,3520,720.010366343633,99911,2566,1384,66,21,23954,11751,0.3573680575712384,1830,873,20744,22936,10247,5378,14546,19407,46723,36358,0,0,10740,2326,8467,917,2443,119,2321,0,0,8781,61185,480,2132,0,0,0,0,0
720,3520,721.3006941594257,99909,2690,1396,68,21,24559,12032,0.3662432813860613,1892,941,20469,22830,10560,5591,14320,19220,46748,36387,0,0,10578,2301,8411,936,2549,133,2435,0,0,9212,60759,472,2123,0,0,0,0,0
721,3520,722.1683680839509,99908,2785,1406,69,21,25009,12230,0.37273291428113864,1881,985,20292,22754,10802,5742,14170,19091,46773,36415,0,0,10444,2283,8380,961,2617,142,2510,0,0,9528,60465,467,2111,0,0,0,0,0
722,3520,723.0420578488477,99908,2922,1480,69,21,25473,12458,0.37965928654362013,1881,991,20092,22664,11027,5856,14008,18987,46798,36443,0,0,10327,2258,8339,984,2699,153,2576,0,0,9776,60233,462,2101,0,0,0,0,0
723,3520,724.3654358100767,99908,2951,1529,69,21,26096,12785,0.3891680345918245,1953,1052,19850,22560,11440,6060,13736,18777,46822,36471,0,0,10145,2230,8270,1022,2829,164,2698,0,0,10270,59741,452,2087,0,0,0,0,0
724,3520,725.2552315552549,99906,3019,1574,69,23,26551,13038,0.3962624867375333,1958,1054,19678,22496,11707,6226,13568,18626,46846,36498,0,0,10013,2203,8233,1046,2930,167,2783,0,0,10603,59415,445,2068,0,0,0,0,0
725,3520,726.1513710501936,99904,3084,1607,70,24,26990,13281,0.4030969730941704,1985,1089,19513,22418,11932,6385,13415,18476,46870,36525,0,0,9884,2178,8186,1071,3030,172,2863,0,0,10928,59098,440,2054,0,0,0,0,0
726,3520,727.0542265784235,99903,3114,1644,71,24,27435,13535,0.41009779486101516,2009,1136,19331,22331,12203,6550,13271,18314,46894,36552,0,0,9752,2161,8148,1092,3105,185,2946,0,0,11317,58724,432,2041,0,0,0,0,0
727,3520,728.4221966357023,99899,3235,1728,75,24,28121,13937,0.4210052152674201,2073,1163,19045,22182,12546,6804,13025,18098,46918,36579,0,0,9586,2125,8089,1142,3256,196,3050,0,0,11777,58237,422,2019,0,0,0,0,0
728,3520,729.3430921336485,99898,3260,1754,76,24,28574,14200,0.42817674027508057,2130,1176,18837,22092,12839,6984,12857,17969,46941,36605,0,0,9441,2109,8039,1161,3374,205,3142,0,0,12123,57880,415,2009,0,0,0,0,0
729,3520,730.2719005367899,99894,3346,1760,79,25,29091,14447,0.4358419925120628,2182,1187,18628,22033,13101,7165,12663,17829,46964,36631,0,0,9310,2084,7995,1187,3476,217,3225,0,0,12501,57494,410,1995,0,0,0,0,0
730,3520,731.209976850141,99888,3430,1793,83,27,29633,14717,0.4439972769501842,2184,1222,18454,21919,13367,7337,12481,17701,46987,36657,0,0,9161,2061,7948,1210,3592,227,3321,0,0,12872,57115,406,1975,0,0,0,0,0
731,3520,732.1562089054978,99884,3512,1841,85,29,30148,15039,0.4523947779424132,2241,1170,18237,21844,13626,7549,12298,17566,47010,36683,0,0,9032,2044,7895,1222,3714,239,3400,0,0,13275,56709,399,1955,0,0,0,0,0
732,3520,733.110806771305,99880,3562,1914,87,31,30692,15361,0.46108329995995195,2268,1144,18031,21751,13950,7740,12101,17419,47033,36708,0,0,8893,2023,7835,1247,3847,252,3475,0,0,13670,56302,396,1940,0,0,0,0,0
733,3520,734.0747156875932,99879,3618,1906,88,31,31258,15639,0.46953814115079245,2304,1175,17797,21656,14271,7955,11921,17276,47055,36733,0,0,8752,2000,7789,1280,3964,272,3553,0,0,14104,55851,388,1926,0,0,0,0,0
734,3520,735.0503049892973,99876,3677,1921,89,33,31833,15915,0.47807281028475307,2326,1237,17599,21533,14581,8155,11727,17120,47077,36758,0,0,8626,1978,7743,1315,4081,290,3617,0,0,14533,55394,385,1914,0,0,0,0,0
735,3520,736.03553012033,99874,3753,1955,90,34,32415,16223,0.48699361195105834,2331,1254,17400,21439,14884,8356,11541,16961,47099,36782,0,0,8512,1958,7691,1337,4215,311,3677,0,0,14954,54938,380,1901,0,0,0,0,0
736,3520,737.0305926011221,99872,3800,2001,92,34,33002,16555,0.4962051425825056,2344,1288,17200,21320,15201,8567,11362,16789,47121,36806,0,0,8380,1928,7641,1375,4350,329,3748,0,0,15395,54468,373,1885,0,0,0,0,0
737,3520,738.0354020328623,99870,3797,2011,94,34,33593,16873,0.5053169119855813,2349,1324,17003,21203,15574,8796,11182,16631,47143,36830,0,0,8231,1903,7584,1411,4502,346,3842,0,0,15875,53943,365,1868,0,0,0,0,0
738,3520,739.0517395493567,99867,3872,2084,96,35,34233,17246,0.5154755825247579,2359,1298,16774,21100,15886,9006,11012,16476,47164,36854,0,0,8091,1871,7532,1448,4657,372,3918,0,0,16285,53478,363,1852,0,0,0,0,0
739,3520,740.079831724903,99862,3950,2113,98,38,34839,17581,0.5249243956660191,2389,1316,16568,20989,16182,9235,10812,16308,47185,36878,0,0,7978,1848,7480,1480,4811,394,3974,0,0,16705,53000,355,1837,0,0,0,0,0
740,3520,741.1196915039656,99859,3931,2116,100,39,35457,17905,0.5343734665878889,2430,1336,16339,20861,16590,9482,10609,16165,47206,36901,0,0,7837,1804,7415,1535,4994,416,4052,0,0,17157,52484,348,1817,0,0,0,0,0
741,3520,742.1650070224397,99858,3982,2189,100,40,36052,18270,0.5439924693064151,2457,1331,16139,20766,16880,9681,10441,15992,47227,36924,0,0,7693,1774,7356,1583,5151,435,4130,0,0,17541,52048,341,1806,0,0,0,0,0
742,3520,743.1916321754483,99855,4030,2230,101,42,36680,18600,0.5536027239497271,2497,1346,15916,20661,17183,9882,10272,15838,47248,36947,0,0,7553,1738,7302,1624,5317,458,4213,0,0,17936,51589,334,1791,0,0,0,0,0
743,3520,744.1987293887679,99850,4081,2297,106,42,37318,18948,0.5635052578868303,2453,1353,15742,20572,17526,10064,10091,15671,47268,36970,0,0,7406,1709,7241,1664,5465,490,4302,0,0,18339,51134,325,1775,0,0,0,0,0
744,3520,745.1858184498506,99845,4104,2294,109,44,37929,19245,0.5726275727377435,2492,1402,15541,20454,17846,10261,9907,15544,47288,36992,0,0,7269,1680,7164,1701,5656,516,4386,0,0,18718,50676,319,1760,0,0,0,0,0
745,3520,746.1529863092048,99842,4150,2364,112,44,38534,19615,0.5824102081288436,2453,1407,15392,20323,18142,10477,9750,15384,47308,37014,0,0,7146,1656,7096,1750,5824,546,4442,0,0,19097,50225,314,1746,0,0,0,0,0
746,3520,747.1033548308167,99839,4172,2369,115,44,39101,19901,0.590971464057132,2485,1465,15226,20223,18411,10676,9590,15222,47328,37036,0,0,7029,1629,7027,1788,5999,568,4495,0,0,19468,49792,307,1737,0,0,0,0,0
747,3520,748.0386413630118,99835,4188,2389,119,44,39691,20226,0.60016026443632,2482,1488,15055,20113,18723,10878,9432,15087,47348,37058,0,0,6905,1602,6970,1821,6168,601,4565,0,0,19871,49317,302,1713,0,0,0,0,0
748,3520,749.4119674038516,99832,4226,2444,121,45,40542,20758,0.6140315730427117,2456,1409,14780,20005,19195,11213,9221,14883,47368,37079,0,0,6732,1569,6867,1883,6434,654,4649,0,0,20398,48659,298,1689,0,0,0,0,0
749,3520,750.3082124543495,99831,4201,2459,122,45,41056,21070,0.6223117067844658,2496,1438,14597,19879,19492,11418,9091,14760,47387,37100,0,0,6625,1538,6800,1916,6614,684,4704,0,0,20763,48217,294,1676,0,0,0,0,0
750,3520,751.1907839365723,99830,4158,2465,122,46,41595,21363,0.6306521085845939,2526,1477,14429,19777,19787,11600,8977,14634,47406,37121,0,0,6506,1522,6735,1948,6796,722,4759,0,0,21117,47774,289,1662,0,0,0,0,0
751,3520,752.059425235965,99829,4199,2476,123,46,42185,21681,0.6397539793046109,2486,1460,14249,19693,20106,11815,8836,14509,47425,37142,0,0,6388,1493,6698,1990,6967,760,4820,0,0,21443,47342,279,1649,0,0,0,0,0
752,3520,753.3381520758322,99827,4232,2490,125,46,42968,22135,0.6521582337443778,2479,1496,14015,19531,20499,12120,8649,14316,47444,37163,0,0,6247,1461,6596,2021,7235,803,4896,0,0,21966,46706,276,1620,0,0,0,0,0
753,3520,754.1764578497285,99822,4226,2505,127,49,43487,22457,0.6606158962954058,2497,1490,13892,19438,20751,12331,8506,14186,47463,37183,0,0,6125,1429,6547,2068,7397,839,4955,0,0,22295,46291,271,1605,0,0,0,0,0
754,3520,755.0039558668259,99820,4249,2452,129,49,44015,22735,0.6687036665998798,2475,1514,13764,19359,20987,12559,8395,14066,47482,37203,0,0,6011,1409,6492,2095,7569,878,5010,0,0,22633,45865,269,1589,0,0,0,0,0
755,3520,756.2278888668537,99815,4280,2436,134,49,44753,23166,0.6804488303361218,2419,1516,13584,19258,21366,12868,8216,13872,47501,37223,0,0,5884,1371,6423,2157,7791,922,5056,0,0,23137,45236,264,1574,0,0,0,0,0
756,3520,757.0314925906229,99813,4302,2476,136,49,45256,23467,0.6885175277769429,2378,1467,13465,19208,21600,13033,8118,13766,47519,37243,0,0,5795,1354,6372,2173,7965,952,5093,0,0,23432,44853,260,1564,0,0,0,0,0
757,3520,758.2213528822742,99812,4334,2473,137,49,46003,23906,0.7004067647176693,2345,1449,13265,19094,21946,13351,7972,13583,47537,37263,0,0,5675,1325,6300,2218,8220,1003,5139,0,0,23890,44248,255,1539,0,0,0,0,0
758,3520,759.0042082423054,99812,4317,2533,137,49,46486,24236,0.7085520779064641,2323,1419,13160,19000,22185,13514,7877,13484,47555,37282,0,0,5584,1312,6262,2260,8373,1051,5158,0,0,24166,43878,246,1522,0,0,0,0,0
759,3520,760.162757425923,99812,4265,2472,137,49,47137,24607,0.7187913276960686,2351,1465,13016,18891,22513,13786,7717,13336,47573,37301,0,0,5457,1286,6182,2309,8646,1101,5209,0,0,24565,43320,237,1500,0,0,0,0,0
760,3520,761.304328150977,99806,4237,2402,141,51,47814,24978,0.7293349097248663,2299,1478,12876,18808,22885,14082,7561,13178,47591,37320,0,0,5330,1256,6129,2357,8873,1149,5262,0,0,25044,42701,232,1473,0,0,0,0,0
761,3520,762.0561071091502,99805,4214,2437,142,51,48232,25273,0.7364861479885777,2327,1440,12763,18743,23083,14240,7470,13088,47609,37339,0,0,5239,1240,6090,2393,9046,1176,5291,0,0,25277,42365,227,1461,0,0,0,0,0
762,3520,763.171812700815,99803,4210,2484,144,51,48878,25678,0.7470316523551396,2312,1407,12625,18699,23364,14427,7344,12931,47626,37358,0,0,5147,1217,6020,2424,9285,1235,5320,0,0,25624,41862,223,1446,0,0,0,0,0
763,3520,764.273886746651,99797,4179,2498,148,53,49515,26070,0.7573874966181348,2297,1377,12504,18613,23685,14666,7186,12792,47643,37377,0,0,5025,1188,5933,2469,9565,1277,5371,0,0,25945,41381,217,1426,0,0,0,0,0
764,3520,765.0007107225022,99797,4159,2469,148,53,49920,26330,0.764051023577863,2301,1380,12407,18543,23857,14865,7127,12689,47660,37395,0,0,4951,1173,5883,2502,9734,1317,5379,0,0,26188,41041,215,1414,0,0,0,0,0
765,3520,766.0813907394319,99795,4162,2475,150,53,50548,26702,0.7740868781001052,2261,1360,12291,18452,24126,15098,7009,12561,47677,37413,0,0,4833,1147,5828,2535,9954,1381,5433,0,0,26498,40579,214,1393,0,0,0,0,0
766,3520,767.1499579364338,99791,4095,2495,154,53,51115,27077,0.7835576354581074,2243,1367,12194,18331,24428,15309,6885,12444,47694,37431,0,0,4734,1115,5775,2569,10193,1441,5467,0,0,26786,40118,212,1381,0,0,0,0,0
767,3520,768.2068389914842,99790,4135,2482,155,53,51761,27423,0.7935063633630625,2151,1384,12116,18267,24663,15517,6779,12296,47711,37449,0,0,4646,1085,5702,2632,10410,1502,5484,0,0,27104,39663,203,1359,0,0,0,0,0
768,3520,769.2539717853854,99789,4127,2427,156,53,52330,27771,0.8027037048171642,2124,1373,12007,18212,24911,15776,6674,12158,47728,37467,0,0,4547,1068,5644,2653,10682,1551,5519,0,0,27374,39203,201,1347,0,0,0,0,0
769,3520,770.2919981974369,99786,4079,2412,159,53,52860,28130,0.8116369029723609,2135,1322,11926,18169,25135,16019,6565,12024,47745,37484,0,0,4455,1045,5580,2689,10909,1608,5549,0,0,27675,38745,196,1335,0,0,0,0,0
770,3520,771.3211716272668,99786,3968,2371,159,53,53353,28447,0.8197542741466739,2200,1296,11831,18117,25375,16236,6466,11926,47761,37501,0,0,4365,1028,5523,2720,11153,1675,5573,0,0,27931,38308,192,1318,0,0,0,0,0
771,3520,772.0023003676697,99785,3939,2330,160,53,53718,28655,0.8255048353961016,2185,1297,11777,18088,25536,16377,6402,11854,47777,37518,0,0,4307,1012,5488,2730,11294,1730,5577,0,0,28133,38013,191,1310,0,0,0,0,0
772,3520,773.0175049467197,99783,3902,2317,161,54,54245,28981,0.8340699317519016,2145,1253,11683,18042,25778,16586,6330,11747,47793,37535,0,0,4217,993,5421,2756,11548,1783,5607,0,0,28362,37612,188,1296,0,0,0,0,0
773,3520,774.0245559036654,99778,3933,2268,166,54,54802,29272,0.842610595522059,2088,1238,11603,18018,25973,16762,6236,11659,47809,37552,0,0,4147,975,5366,2793,11792,1837,5605,0,0,28559,37236,185,1283,0,0,0,0,0
774,3520,775.0244622694153,99777,3876,2245,167,54,55336,29581,0.8510678813754673,2065,1252,11549,17941,26202,16968,6140,11539,47825,37569,0,0,4058,958,5323,2819,11979,1924,5625,0,0,28821,36821,185,1264,0,0,0,0,0
775,3520,776.0168836903325,99775,3777,2244,168,55,55809,29919,0.8592132297669757,2109,1219,11481,17884,26409,17160,6055,11437,47841,37585,0,0,3975,945,5262,2847,12207,2000,5640,0,0,29030,36438,180,1251,0,0,0,0,0
776,3520,777.0024335952534,99772,3769,2208,171,55,56319,30224,0.8674076895321333,2096,1177,11396,17854,26586,17363,5981,11342,47857,37601,0,0,3903,936,5207,2876,12442,2069,5640,0,0,29203,36084,175,1237,0,0,0,0,0
777,3520,778.3065614812322,99771,3729,2197,171,56,56999,30626,0.8782612181896543,2042,1167,11333,17780,26865,17604,5859,11195,47872,37617,0,0,3810,917,5146,2921,12723,2174,5640,0,0,29421,35632,168,1219,0,0,0,0,0
778,3520,779.2773907573741,99770,3764,2111,171,57,57529,30892,0.8862483712538839,1938,1199,11277,17712,27059,17823,5790,11097,47887,37633,0,0,3740,903,5103,2964,12948,2237,5631,0,0,29598,35277,165,1204,0,0,0,0,0
779,3520,780.2422842562634,99769,3686,2113,172,57,58010,31158,0.8937445499102927,1892,1201,11224,17690,27307,17928,5718,11010,47902,37649,0,0,3662,886,5050,2982,13156,2311,5652,0,0,29772,34941,163,1194,0,0,0,0,0
780,3520,781.2004101235874,99768,3639,2103,172,58,58439,31451,0.9009902974901772,1905,1175,11173,17647,27472,18098,5638,10918,47917,37665,0,0,3596,877,5010,2996,13357,2375,5653,0,0,29956,34604,161,1183,0,0,0,0,0
781,3520,782.1531420905474,99766,3603,2093,173,59,58907,31736,0.9085560210893491,1839,1148,11145,17634,27670,18247,5569,10818,47932,37681,0,0,3523,863,4966,3006,13582,2444,5668,0,0,30092,34292,156,1174,0,0,0,0,0
782,3520,783.1004644072866,99764,3532,2050,174,60,59320,31997,0.9153301792229662,1840,1130,11100,17621,27846,18415,5507,10723,47947,37696,0,0,3473,843,4933,3057,13765,2515,5641,0,0,30271,33952,156,1158,0,0,0,0,0
783,3520,784.0428994098187,99764,3470,2052,174,60,59741,32262,0.9222064071208051,1813,1125,11090,17584,27994,18536,5458,10642,47962,37711,0,0,3418,824,4891,3085,13946,2596,5635,0,0,30412,33661,154,1142,0,0,0,0,0
784,3520,785.292920472228,99759,3430,2095,177,62,60315,32626,0.9316552892470855,1801,1093,11034,17539,28202,18694,5355,10516,47977,37726,0,0,3343,812,4831,3132,14185,2690,5615,0,0,30562,33316,150,1123,0,0,0,0,0
785,3520,786.2249661928042,99757,3396,2075,179,62,60767,32890,0.9388514089236846,1715,1090,10986,17500,28414,18842,5309,10430,47992,37741,0,0,3280,797,4798,3161,14363,2772,5610,0,0,30703,33016,147,1110,0,0,0,0,0
786,3520,787.1515561013222,99755,3311,2044,180,63,61150,33153,0.9453460979399528,1712,1066,10951,17486,28584,18992,5261,10348,48006,37756,0,0,3222,782,4761,3173,14601,2828,5613,0,0,30821,32712,146,1096,0,0,0,0,0
787,3520,788.073843197235,99752,3256,2021,181,65,61535,33401,0.9517202662603256,1680,1046,10920,17472,28755,19107,5207,10288,48020,37771,0,0,3162,772,4721,3201,14767,2903,5615,0,0,30945,32434,141,1091,0,0,0,0,0
788,3520,789.2971979748152,99748,3177,2006,185,65,62036,33755,0.9603300316798332,1680,992,10884,17450,28938,19304,5135,10182,48034,37786,0,0,3089,756,4668,3238,14994,2992,5608,0,0,31140,32043,138,1082,0,0,0,0,0
789,3520,790.2108345017663,99747,3187,1977,185,66,62430,34008,0.9668260699569912,1643,958,10857,17429,29039,19466,5088,10103,48048,37800,0,0,3044,750,4632,3252,15153,3069,5597,0,0,31258,31782,138,1072,0,0,0,0,0
790,3520,791.1218119601609,99747,3108,1936,185,66,62785,34237,0.9726808826330616,1625,942,10837,17417,29211,19602,5033,10036,48062,37814,0,0,2997,733,4595,3288,15368,3133,5582,0,0,31323,31532,135,1061,0,0,0,0,0
791,3520,792.0290804882087,99742,3044,1891,188,68,63161,34446,0.978594774518257,1605,932,10837,17413,29356,19717,4969,9978,48076,37828,0,0,2949,720,4555,3306,15531,3221,5570,0,0,31426,31277,134,1053,0,0,0,0,0
792,3520,793.2331048497936,99737,3000,1830,191,70,63656,34698,0.9861335311870219,1540,937,10817,17422,29536,19849,4915,9891,48090,37842,0,0,2903,705,4506,3323,15744,3311,5548,0,0,31581,30941,129,1046,0,0,0,0,0
793,3520,794.1330192857115,99734,2955,1786,192,72,64006,34914,0.9918382898510036,1518,905,10819,17431,29639,19976,4876,9829,48104,37856,0,0,2864,701,4475,3331,15903,3391,5532,0,0,31686,30684,129,1038,0,0,0,0,0
794,3520,795.0308867838761,99733,2880,1764,193,72,64315,35107,0.9968816740697662,1513,860,10821,17432,29766,20084,4826,9787,48118,37870,0,0,2814,693,4443,3347,16055,3461,5523,0,0,31758,30477,128,1034,0,0,0,0,0
795,3520,796.2245319204867,99733,2851,1712,193,72,64761,35342,1.003709905447545,1455,877,10855,17445,29870,20188,4775,9705,48131,37884,0,0,2762,679,4408,3377,16251,3553,5515,0,0,31835,30206,124,1023,0,0,0,0,0
796,3520,797.1176291694795,99731,2800,1695,195,72,65081,35513,1.00865327731598,1416,868,10871,17453,29978,20256,4739,9655,48144,37898,0,0,2725,666,4376,3391,16407,3624,5492,0,0,31886,30030,123,1011,0,0,0,0,0
797,3520,798.0086598092146,99730,2752,1682,196,72,65396,35717,1.0138674420936529,1386,839,10871,17450,30089,20361,4705,9595,48157,37911,0,0,2688,660,4337,3408,16565,3688,5477,0,0,31963,29817,122,1005,0,0,0,0,0
798,3520,799.1933840650029,99728,2677,1694,197,73,65783,35985,1.020455639339002,1384,798,10876,17453,30228,20463,4637,9518,48170,37924,0,0,2657,646,4300,3430,16758,3777,5445,0,0,32029,29565,121,1000,0,0,0,0,0
799,3520,800.079309207369,99727,2635,1640,198,73,66088,36175,1.0254294223229417,1326,797,10911,17453,30335,20586,4594,9450,48183,37937,0,0,2612,641,4270,3434,16907,3844,5443,0,0,32123,29337,120,996,0,0,0,0,0
800,3520,801.2576154188542,99726,2559,1616,199,73,66466,36416,1.031646711990855,1281,793,10947,17468,30462,20700,4551,9349,48196,37950,0,0,2574,637,4244,3428,17073,3943,5434,0,0,32225,29059,117,992,0,0,0,0,0
801,3520,802.1394582145118,99725,2501,1612,199,74,66726,36616,1.0362697417899223,1270,766,10970,17469,30538,20775,4521,9303,48209,37963,0,0,2547,628,4221,3440,17209,4012,5417,0,0,32274,28873,117,987,0,0,0,0,0
802,3520,803.0203274746897,99724,2463,1591,200,74,67000,36801,1.0408828366290963,1290,759,10971,17480,30586,20858,4489,9237,48222,37976,0,0,2524,623,4204,3440,17345,4086,5402,0,0,32319,28689,115,977,0,0,0,0,0
803,3520,804.193057302538,99721,2447,1558,202,75,67394,37022,1.047081356985991,1231,737,11000,17499,30673,20962,4446,9168,48235,37989,0,0,2478,615,4165,3449,17554,4154,5408,0,0,32365,28452,112,969,0,0,0,0,0
804,3520,805.0711733541951,99720,2438,1538,203,75,67662,37190,1.0514640994785398,1213,729,11014,17526,30713,21024,4418,9107,48248,38002,0,0,2451,611,4139,3459,17681,4207,5383,0,0,32434,28281,112,962,0,0,0,0,0
805,3520,806.2408692315945,99719,2427,1489,203,76,68031,37393,1.0572107622418998,1151,722,11075,17558,30775,21110,4368,9044,48260,38014,0,0,2414,598,4107,3474,17851,4292,5366,0,0,32471,28080,112,954,0,0,0,0,0
806,3520,807.1179079386851,99717,2347,1434,205,76,68267,37548,1.0611530631687676,1150,722,11123,17571,30839,21202,4335,8994,48272,38026,0,0,2377,594,4086,3488,17982,4355,5351,0,0,32533,27894,111,946,0,0,0,0,0
807,3520,808.2857230091322,99715,2286,1382,207,76,68604,37748,1.0665596951311238,1132,717,11138,17596,30934,21293,4302,8935,48284,38038,0,0,2340,587,4056,3506,18135,4444,5331,0,0,32607,27661,109,939,0,0,0,0,0
808,3520,809.160373194101,99714,2233,1363,208,76,68830,37903,1.0703913191728343,1141,714,11163,17597,30981,21353,4273,8896,48296,38050,0,0,2312,583,4034,3516,18242,4513,5312,0,0,32643,27513,108,938,0,0,0,0,0
809,3520,810.0341941254942,99714,2190,1339,208,76,69060,38047,1.0741420462522815,1134,701,11206,17633,31024,21402,4237,8848,48308,38062,0,0,2292,577,4010,3532,18374,4565,5286,0,0,32670,27367,108,933,0,0,0,0,0
810,3520,811.1982341173291,99712,2172,1311,209,77,69388,38237,1.079358552631579,1078,689,11249,17649,31094,21472,4197,8801,48320,38074,0,0,2260,572,3988,3536,18512,4645,5272,0,0,32719,27175,107,926,0,0,0,0,0
811,3520,812.0706181645777,99712,2140,1313,209,77,69628,38386,1.0832597881899872,1040,687,11282,17656,31153,21503,4175,8763,48332,38086,0,0,2231,565,3973,3534,18618,4716,5268,0,0,32724,27060,105,918,0,0,0,0,0
812,3520,813.2325561013944,99711,2132,1305,210,77,69952,38583,1.0884957527253762,992,678,11332,17671,31192,21568,4141,8700,48344,38098,0,0,2196,562,3949,3532,18765,4784,5260,0,0,32769,26876,103,915,0,0,0,0,0
813,3520,814.1035059388332,99710,2128,1284,211,77,70197,38736,1.0924982449102396,943,643,11374,17698,31227,21642,4116,8655,48356,38110,0,0,2173,559,3934,3539,18884,4835,5239,0,0,32811,26722,103,911,0,0,0,0,0
814,3520,815.2641930378536,99710,2084,1262,211,77,70487,38924,1.0972921472269581,935,620,11411,17727,31283,21712,4075,8601,48368,38122,0,0,2157,554,3900,3550,19017,4914,5212,0,0,32875,26521,102,908,0,0,0,0,0
815,3520,816.1342554392118,99710,2051,1245,211,77,70709,39049,1.100772239494534,912,623,11448,17764,31334,21728,4043,8562,48380,38133,0,0,2135,545,3884,3562,19095,4987,5197,0,0,32886,26410,101,908,0,0,0,0,0
816,3520,817.0038684011972,99709,2005,1215,211,78,70907,39174,1.1040227060746772,925,632,11489,17789,31345,21773,4024,8512,48391,38144,0,0,2119,538,3869,3571,19214,5042,5173,0,0,32893,26291,99,900,0,0,0,0,0
817,3520,818.1633267432735,99708,1968,1170,211,79,71169,39342,1.1083463714045012,918,631,11550,17824,31374,21833,3978,8462,48402,38155,0,0,2097,535,3849,3586,19324,5128,5145,0,0,32928,26129,98,889,0,0,0,0,0
818,3520,819.0327313879575,99707,1926,1180,211,80,71378,39481,1.1118477138014382,879,636,11596,17838,31421,21834,3966,8431,48413,38166,0,0,2075,523,3836,3594,19418,5180,5128,0,0,32970,26006,98,879,0,0,0,0,0
819,3520,820.1913361236982,99706,1862,1183,212,80,71630,39681,1.1163921930475598,886,580,11649,17877,31439,21901,3951,8378,48424,38177,0,0,2041,520,3817,3589,19545,5260,5126,0,0,32994,25844,97,873,0,0,0,0,0
820,3520,821.0605136747894,99706,1812,1163,212,80,71817,39806,1.1195213928951115,884,558,11695,17895,31466,21957,3930,8346,48435,38188,0,0,2023,516,3799,3591,19643,5327,5111,0,0,32990,25740,96,870,0,0,0,0,0
821,3520,822.2196857629032,99705,1744,1139,213,80,72069,39963,1.123634722431172,859,542,11753,17949,31516,21991,3914,8298,48446,38199,0,0,1996,510,3781,3604,19759,5400,5091,0,0,33033,25575,94,862,0,0,0,0,0
822,3520,823.0887537006225,99705,1668,1092,213,80,72234,40075,1.12641291810842,870,529,11791,17992,31560,22041,3897,8265,48457,38210,0,0,1970,506,3766,3609,19848,5461,5075,0,0,33073,25442,94,861,0,0,0,0,0
823,3520,824.2472916552161,99703,1664,1075,215,80,72490,40217,1.1304273692867817,827,540,11871,18031,31553,22051,3869,8222,48468,38221,0,0,1939,502,3750,3611,19947,5527,5072,0,0,33096,25311,93,855,0,0,0,0,0
824,3520,825.11678587942,99703,1651,1065,215,80,72691,40351,1.1337873484248218,776,499,11936,18071,31566,22084,3855,8200,48479,38232,0,0,1921,498,3731,3617,20030,5586,5057,0,0,33125,25192,92,854,0,0,0,0,0
825,3520,826.276861282075,99702,1603,1040,216,80,72920,40474,1.137329241138593,752,499,11990,18136,31604,22103,3834,8141,48490,38242,0,0,1897,493,3715,3625,20141,5655,5035,0,0,33119,25080,92,850,0,0,0,0,0
826,3520,827.1469188481083,99701,1551,1001,216,81,73056,40571,1.1396776361320349,775,510,12021,18171,31618,22126,3818,8110,48501,38252,0,0,1882,488,3705,3635,20217,5708,5013,0,0,33134,24978,92,849,0,0,0,0,0
827,3520,828.0170094639675,99701,1536,973,216,81,73225,40684,1.142506093218724,769,503,12073,18207,31604,22150,3801,8085,48512,38262,0,0,1869,482,3687,3631,20296,5765,5000,0,0,33148,24886,90,847,0,0,0,0,0
828,3520,829.1782014265532,99700,1491,974,216,82,73446,40848,1.1463791374122367,749,451,12162,18239,31604,22206,3777,8047,48523,38272,0,0,1841,476,3660,3645,20402,5837,4986,0,0,33153,24773,89,838,0,0,0,0,0
829,3520,830.0499742665787,99700,1492,943,216,82,73622,40960,1.1492678034102306,720,416,12210,18303,31599,22232,3762,8023,48533,38282,0,0,1830,472,3653,3637,20457,5895,4974,0,0,33204,24656,89,833,0,0,0,0,0
830,3520,831.2136490025467,99698,1455,896,218,82,73836,41086,1.1527011574956367,689,403,12300,18355,31601,22282,3736,7981,48543,38292,0,0,1808,469,3632,3641,20560,5959,4956,0,0,33241,24514,89,829,0,0,0,0,0
831,3520,832.0871810980274,99697,1401,864,218,83,73961,41177,1.1548792842312205,697,390,12343,18407,31615,22310,3725,7945,48553,38302,0,0,1794,469,3614,3645,20634,6012,4937,0,0,33249,24429,87,827,0,0,0,0,0
832,3520,833.2521301707837,99697,1385,845,218,83,74165,41292,1.1580789793073012,677,397,12414,18450,31603,22310,3702,7914,48563,38312,0,0,1777,462,3597,3655,20733,6068,4919,0,0,33242,24333,87,824,0,0,0,0,0
833,3520,834.1268710242501,99695,1350,811,219,84,74312,41372,1.1603791564271027,669,389,12475,18499,31599,22324,3687,7892,48573,38322,0,0,1765,461,3588,3654,20793,6122,4902,0,0,33266,24236,85,823,0,0,0,0,0
834,3520,835.0021869004205,99695,1296,809,219,84,74447,41459,1.1626059481418325,657,388,12533,18548,31622,22309,3672,7861,48583,38332,0,0,1755,456,3571,3644,20874,6170,4887,0,0,33270,24162,85,821,0,0,0,0,0
835,3520,836.1697467506207,99695,1292,792,219,84,74648,41590,1.1659361051206178,618,373,12608,18595,31614,22322,3648,7833,48593,38342,0,0,1738,450,3560,3639,20992,6222,4875,0,0,33249,24070,85,815,0,0,0,0,0
836,3520,837.0459980283171,99693,1271,778,220,85,74786,41669,1.1681361780666646,605,361,12677,18648,31599,22321,3627,7806,48603,38352,0,0,1724,448,3551,3639,21041,6276,4863,0,0,33245,24010,85,811,0,0,0,0,0
837,3520,838.2158108807369,99692,1197,758,220,86,74942,41769,1.1707158046784094,615,366,12746,18711,31609,22310,3612,7768,48613,38361,0,0,1715,443,3543,3641,21109,6346,4837,0,0,33257,23911,82,808,0,0,0,0,0
838,3520,839.093509214147,99691,1179,746,221,86,75080,41842,1.1728440882326387,608,377,12803,18744,31592,22309,3596,7737,48623,38370,0,0,1707,443,3539,3626,21181,6383,4824,0,0,33266,23833,81,808,0,0,0,0,0
839,3520,840.2651324270705,99691,1164,719,221,86,75273,41955,1.1759135729403858,557,366,12886,18816,31582,22317,3589,7695,48633,38379,1,1,1691,439,3529,3630,21273,6440,4806,0,0,33259,23740,80,803,0,1,0,0,0
840,3520,841.1445705144791,99691,1144,729,221,86,75397,42040,1.1780100510577685,541,355,12924,18865,31593,22291,3576,7673,48643,38388,2,2,1680,433,3521,3624,21311,6492,4795,0,0,33264,23687,80,802,0,2,0,0,0
841,3520,842.0242333442687,99691,1108,723,221,86,75512,42119,1.179956064238497,531,352,12993,18918,31579,22278,3567,7642,48653,38397,3,3,1670,429,3513,3617,21356,6539,4787,0,0,33285,23613,79,800,0,3,0,0,0
842,3520,843.1983093572469,99690,1044,683,222,86,75654,42210,1.1823051459524525,543,359,13059,18989,31582,22284,3549,7598,48663,38406,4,4,1651,427,3501,3607,21429,6600,4777,0,0,33301,23515,78,799,0,4,0,0,1
843,3520,844.0795362781911,99690,1043,679,222,86,75775,42289,1.18431136523222,522,353,13126,19028,31548,22278,3538,7575,48672,38415,5,5,1641,424,3490,3610,21473,6641,4761,0,0,33308,23460,78,798,0,4,0,0,2
844,3520,845.2562075283535,99689,1024,664,223,86,75933,42394,1.1869614501098416,503,335,13198,19091,31531,22283,3520,7540,48681,38424,6,6,1628,422,3480,3607,21554,6694,4747,0,0,33294,23384,75,797,0,4,0,0,3
845,3520,846.1397194552276,99689,1005,668,223,86,76053,42470,1.1889275647262987,480,335,13253,19145,31532,22247,3506,7518,48690,38433,7,7,1615,419,3472,3612,21608,6727,4733,0,0,33296,23327,75,797,0,4,0,0,4
846,3520,847.0235907580735,99689,987,681,223,86,76160,42557,1.1908736169487104,469,318,13303,19200,31522,22226,3495,7488,48699,38442,8,8,1600,417,3463,3615,21640,6764,4719,0,0,33322,23269,75,796,0,5,0,0,4
847,3520,848.2032363852496,99689,943,668,223,86,76289,42658,1.1931807922639408,475,288,13415,19282,31463,22212,3480,7463,48708,38451,10,9,1588,411,3450,3617,21719,6814,4707,0,0,33310,23196,74,792,0,6,0,0,5
848,3520,849.0897267384775,99689,927,653,223,86,76394,42727,1.1949262205458977,474,282,13480,19335,31437,22208,3458,7435,48717,38460,12,10,1579,410,3434,3623,21779,6847,4688,0,0,33308,23145,73,790,0,8,0,0,5
849,3520,850.2736854975429,99689,912,637,223,86,76521,42825,1.1971832398760145,476,260,13570,19397,31373,22217,3445,7402,48726,38469,14,11,1567,409,3427,3617,21836,6894,4675,0,0,33322,23065,73,788,0,9,0,0,7
850,3520,851.1635553927302,99688,903,604,224,86,76623,42879,1.1987601316106251,463,266,13641,19439,31332,22215,3436,7389,48735,38477,17,12,1559,408,3425,3613,21897,6925,4660,0,0,33309,23012,73,787,0,13,0,0,7
851,3520,852.0551837097075,99688,919,580,224,86,76733,42928,1.2003551079367627,454,272,13744,19501,31245,22189,3413,7371,48744,38485,20,13,1550,405,3417,3604,21958,6947,4655,0,0,33312,22962,73,783,0,14,1,0,7
852,3520,853.2472173787223,99688,884,552,224,86,76865,43008,1.2024817430382795,415,271,13848,19578,31225,22175,3403,7337,48753,38493,24,14,1534,405,3403,3601,22041,6994,4650,0,0,33291,22891,73,780,0,17,1,0,7
853,3520,854.1426482963054,99688,866,559,224,86,76957,43084,1.204167001043255,409,266,13901,19604,31207,22168,3392,7316,48762,38501,28,15,1522,404,3393,3597,22077,7028,4645,0,0,33309,22832,73,779,0,18,1,0,10
854,3520,855.0390141509989,99688,850,540,224,86,77040,43137,1.2055312575234733,411,269,13983,19645,31145,22162,3386,7297,48771,38509,33,16,1517,402,3389,3598,22114,7063,4629,0,0,33307,22785,73,777,0,21,1,0,12
855,3520,856.2369879407967,99688,834,521,224,86,77160,43210,1.2074672979696655,403,270,14081,19720,31082,22135,3375,7267,48780,38517,38,17,1509,400,3380,3605,22146,7117,4605,0,0,33315,22723,73,776,0,23,1,0,15
856,3520,857.1372614559065,99688,789,523,224,86,77240,43276,1.2089318674263703,386,249,14156,19767,31078,22123,3366,7251,48789,38525,44,18,1496,398,3373,3599,22197,7156,4599,0,0,33299,22679,73,775,0,25,2,0,17
857,3520,858.0386762645137,99687,773,518,225,86,77329,43326,1.2103383590638699,360,248,14232,19833,31044,22079,3365,7235,48798,38533,51,19,1486,396,3366,3604,22231,7187,4589,0,0,33294,22635,73,775,0,31,2,0,18
858,3520,859.2427834655128,99686,742,492,225,87,77429,43401,1.2121060128804446,369,220,14327,19915,30987,22063,3349,7222,48807,38541,58,20,1474,395,3356,3604,22299,7222,4574,0,0,33294,22566,73,772,0,34,2,0,21
859,3520,860.1477368035538,99684,746,473,226,88,77515,43445,1.2134344528710725,362,222,14386,19986,30934,22026,3345,7204,48815,38549,66,21,1466,394,3348,3605,22332,7253,4563,0,0,33292,22525,73,769,0,35,2,0,27
860,3520,861.0542381538972,99684,730,464,226,88,77604,43484,1.2147185104931584,345,234,14452,20027,30913,21987,3333,7199,48823,38557,75,22,1458,392,3343,3605,22364,7283,4549,0,0,33302,22477,73,767,0,38,3,0,30
861,3520,862.2645321664212,99682,709,448,227,89,77708,43547,1.2164182099075058,328,244,14560,20119,30859,21933,3316,7166,48831,38565,84,23,1449,390,3338,3604,22416,7319,4539,0,0,33299,22411,73,765,0,42,3,0,34
862,3520,863.1741586930294,99681,683,449,227,90,77776,43599,1.2176342532679247,334,241,14638,20184,30804,21882,3313,7153,48839,38573,94,24,1445,389,3331,3599,22442,7357,4529,0,0,33289,22374,73,765,0,47,3,0,38
863,3520,864.0853993779654,99681,673,448,227,90,77859,43657,1.2190487655621431,314,218,14722,20252,30763,21849,3300,7142,48847,38581,105,25,1437,388,3326,3600,22468,7388,4517,0,0,33300,22325,73,762,0,51,6,0,40
864,3520,865.3030813237357,99680,634,424,228,90,77949,43729,1.2206861958266453,331,208,14825,20344,30693,21818,3288,7115,48855,38589,117,27,1429,388,3319,3591,22533,7425,4503,0,0,33305,22249,73,756,0,56,6,0,47
865,3520,866.2185551998332,99680,623,411,228,90,78027,43776,1.2219402086677367,322,198,14899,20386,30643,21802,3284,7112,48863,38597,130,29,1426,385,3312,3597,22562,7452,4488,0,0,33321,22190,73,753,0,60,7,0,54
866,3520,867.1358556058415,99680,612,396,228,90,78099,43812,1.2230236757624398,320,190,14968,20454,30594,21765,3277,7104,48871,38604,144,31,1419,384,3305,3595,22605,7478,4480,0,0,33303,22156,73,750,0,67,7,0,58
867,3520,868.0549747722666,99680,596,387,228,90,78161,43855,1.2240770465489568,313,189,15050,20517,30540,21716,3272,7100,48879,38611,159,33,1414,384,3300,3587,22622,7514,4473,0,0,33305,22115,72,750,0,74,8,0,62
868,3520,869.2832113422751,99679,558,381,228,91,78238,43915,1.2254637386009088,323,186,15133,20580,30499,21672,3258,7089,48887,38618,175,35,1404,384,3294,3586,22652,7557,4461,0,0,33303,22063,72,745,1,80,8,0,69
869,3520,870.2060011524464,99679,564,380,228,91,78312,43961,1.226667603005648,317,178,15217,20656,30419,21621,3254,7073,48895,38625,192,37,1395,384,3289,3579,22694,7575,4454,0,0,33291,22029,72,743,2,87,8,0,77
870,3520,871.1309018624271,99679,563,387,228,91,78385,44009,1.2278814996137601,299,172,15289,20694,30367,21585,3253,7070,48903,38632,210,39,1390,381,3283,3571,22719,7604,4448,0,0,33291,21990,72,742,2,93,8,0,85
871,3520,872.0577057336164,99679,562,388,228,91,78451,44047,1.2289248487645341,304,174,15346,20752,30310,21532,3249,7062,48911,38639,230,42,1381,380,3280,3572,22738,7626,4440,0,0,33291,21953,72,742,2,101,9,0,92
872,3520,873.2966077636462,99679,560,370,228,91,78543,44095,1.23032935723673,291,184,15463,20828,30220,21473,3237,7053,48919,38646,251,45,1377,380,3274,3568,22764,7666,4426,0,0,33284,21906,72,740,2,113,10,0,97
873,3520,874.2281873124435,99679,553,360,228,91,78618,44136,1.2314930928279777,282,174,15540,20879,30171,21439,3225,7056,48927,38653,273,48,1372,378,3265,3568,22787,7699,4418,0,0,33281,21857,71,740,2,122,10,0,109
874,3520,875.1617026977328,99679,551,360,228,91,78689,44176,1.2326066674023617,251,172,15654,20940,30095,21392,3220,7044,48935,38660,296,51,1365,377,3259,3566,22796,7732,4410,0,0,33284,21815,71,738,3,130,12,0,121
875,3520,876.097661204489,99678,525,356,229,91,78744,44215,1.2335620698649652,248,169,15736,20998,30042,21338,3219,7047,48943,38667,321,54,1358,376,3255,3568,22823,7762,4399,0,0,33264,21781,69,734,5,138,12,0,134
876,3520,877.0355239980332,99678,511,335,229,91,78802,44247,1.2344649772266698,240,165,15801,21050,30003,21304,3215,7054,48951,38674,347,58,1352,373,3250,3567,22867,7784,4389,0,0,33234,21745,69,732,5,152,14,0,145
877,3520,878.2889039159932,99677,488,331,229,92,78873,44292,1.2356411208202494,225,162,15920,21113,29931,21248,3206,7053,48959,38681,374,62,1350,373,3243,3565,22895,7813,4370,0,0,33241,21683,69,732,5,163,15,0,160
878,3520,879.2312255194165,99677,479,318,229,92,78927,44329,1.2365540696449533,226,160,16014,21150,29854,21209,3197,7070,48966,38688,403,66,1342,373,3236,3565,22921,7837,4362,0,0,33229,21643,69,731,5,179,17,0,168
879,3520,880.176068648714,99677,473,314,229,92,78981,44369,1.2374971156836583,233,158,16068,21216,29797,21149,3199,7070,48973,38695,433,70,1336,371,3231,3564,22917,7874,4358,0,0,33228,21605,68,730,5,193,21,0,176
880,3520,881.1229443842732,99677,481,299,229,92,79049,44413,1.2386207450063706,228,142,16164,21270,29698,21116,3199,7080,48980,38702,465,75,1331,368,3225,3561,22937,7905,4354,0,0,33214,21560,68,729,5,209,24,0,187
881,3520,882.0728608302978,99675,466,286,230,93,79111,44442,1.2395585653373464,216,146,16236,21330,29656,21058,3195,7086,48987,38709,498,80,1328,368,3219,3552,22966,7934,4345,0,0,33203,21510,68,729,5,221,26,0,201
882,3520,883.0246766145602,99675,460,281,230,93,79167,44478,1.2404815650865313,206,140,16318,21387,29594,20996,3191,7102,48994,38716,533,85,1324,366,3218,3550,22978,7969,4339,0,0,33181,21474,68,729,5,236,27,0,211
883,3520,884.2971578957936,99675,432,277,230,93,79233,44516,1.241524956107349,195,133,16438,21476,29526,20919,3178,7101,49001,38723,569,91,1320,366,3209,3551,23006,8005,4326,0,0,33154,21429,68,728,5,250,31,0,227
884,3520,885.2536944639743,99675,427,274,230,93,79289,44547,1.2423977928266867,183,129,16523,21537,29467,20852,3169,7114,49008,38729,607,97,1316,366,3206,3549,23022,8033,4315,0,0,33134,21392,68,726,5,268,32,0,243
885,3520,886.2126247344229,99675,409,272,230,93,79329,44576,1.2430900426385754,184,121,16607,21596,29404,20793,3165,7124,49015,38735,646,103,1313,364,3203,3546,23044,8062,4310,0,0,33100,21360,68,726,5,281,34,0,259
886,3520,887.1737632092282,99675,390,266,230,93,79366,44616,1.2438625532982193,190,117,16675,21656,29348,20736,3166,7131,49022,38741,687,110,1307,364,3203,3541,23060,8085,4305,0,0,33100,21299,68,724,5,299,34,0,281
887,3520,888.1369173355879,99675,383,262,230,93,79413,44637,1.2445447705041384,184,120,16759,21711,29277,20664,3166,7149,49029,38747,730,117,1302,364,3194,3535,23072,8111,4301,0,0,33087,21262,68,722,5,315,37,0,300
888,3520,889.1025265250399,99675,370,257,230,93,79448,44662,1.2451467268623024,176,115,16853,21771,29205,20600,3165,7163,49036,38753,774,124,1298,364,3192,3538,23073,8141,4289,0,0,33069,21226,68,720,5,335,37,0,320
889,3520,890.0709215037144,99675,344,242,230,93,79476,44684,1.2456483571607726,174,112,16950,21830,29131,20536,3170,7186,49043,38759,820,132,1296,363,3189,3530,23093,8167,4284,0,0,33056,21181,68,717,5,357,38,0,331
890,3520,891.0422045566202,99675,337,236,230,93,79512,44709,1.246260346124906,185,114,17045,21881,29034,20472,3168,7203,49050,38765,868,140,1292,362,3186,3537,23089,8197,4270,0,0,33035,21150,67,717,5,385,39,0,344
891,3520,892.0164721734468,99675,318,212,230,93,79544,44728,1.2467720090293453,192,121,17127,21925,28966,20419,3166,7229,49057,38771,918,149,1288,361,3183,3538,23108,8227,4261,0,0,32994,21116,67,716,5,412,39,0,360
892,3520,893.3199297241836,99675,327,212,230,93,79605,44767,1.2477752696262854,182,99,17250,22011,28840,20332,3170,7252,49064,38777,969,158,1282,361,3178,3534,23118,8252,4250,0,0,32987,21071,66,716,6,440,40,0,374
893,3520,894.3012214175995,99674,329,214,230,94,79649,44798,1.2485402411862672,184,97,17330,22081,28760,20248,3166,7265,49071,38783,1022,168,1279,360,3174,3536,23122,8279,4237,0,0,32966,21032,66,715,6,464,42,0,396
894,3520,895.2851799256499,99674,324,210,230,94,79688,44824,1.2491923671168008,179,91,17423,22133,28678,20190,3165,7281,49078,38789,1077,178,1278,360,3171,3524,23130,8311,4229,0,0,32945,20992,66,714,7,485,42,0,420
895,3520,896.2719081622463,99674,314,205,230,94,79729,44844,1.24980436222084,169,94,17529,22187,28586,20113,3171,7306,49085,38795,1134,189,1274,360,3165,3525,23126,8342,4219,0,0,32930,20951,65,713,7,513,42,0,442
896,3520,897.2621066598731,99674,320,197,230,94,79774,44869,1.2505066516844914,157,89,17598,22230,28517,20042,3177,7347,49092,38801,1193,200,1267,360,3158,3521,23116,8377,4213,0,0,32914,20917,65,711,9,541,46,0,459
897,3520,898.2550715774904,99674,299,195,230,94,79805,44893,1.251058450548789,154,97,17688,22270,28444,19959,3184,7384,49099,38807,1254,212,1266,358,3156,3517,23118,8410,4201,0,0,32885,20879,65,710,10,572,47,0,480
898,3520,899.2506455890513,99674,293,185,230,94,79838,44917,1.251630314826334,166,85,17774,22323,28350,19892,3186,7420,49106,38813,1316,224,1262,358,3153,3516,23127,8436,4195,0,0,32849,20840,65,708,12,606,48,0,499
899,3520,900.2496040298545,99674,286,186,230,94,79865,44937,1.2521018520376428,185,98,17841,22371,28286,19847,3171,7403,49106,38813,1316,224,1261,358,3151,3519,23131,8449,4193,0,0,32851,20824,65,707,12,606,48,0,499
900,3520,900.2496040298545,99674,279,186,230,94,79878,44944,1.2523025061701145,183,95,17878,22379,28252,19799,3177,7446,49106,38813,1380,237,1260,358,3147,3520,23125,8466,4192,1,7,32808,20796,65,706,13,639,51,0,520
901,3520,901.252008177371,99673,278,180,231,94,79926,44969,1.2530474652112407,180,105,17952,22419,28182,19722,3176,7479,49106,38813,1446,250,1258,358,3137,3517,23133,8494,4190,3,31,32743,20758,65,706,13,677,56,0,534
902,3520,902.2569941525851,99673,285,183,231,94,79968,44998,1.253759794528107,175,101,18042,22470,28088,19652,3178,7499,49106,38813,1514,264,1257,358,3134,3516,23131,8522,4187,4,52,32689,20718,65,702,14,712,59,0,553
903,3520,903.265248747927,99673,279,182,231,94,80005,45025,1.2544018941940145,180,101,18137,22527,27989,19567,3183,7528,49106,38813,1584,279,1252,358,3131,3521,23125,8555,4181,9,71,32625,20680,65,701,15,751,61,0,572
904,3520,904.2771369619926,99673,282,192,231,94,80052,45057,1.255194485969119,180,102,18218,22561,27903,19481,3185,7569,49106,38813,1656,294,1249,358,3124,3519,23117,8587,4178,12,85,32574,20645,65,695,20,785,67,1,592
905,3520,905.2921859218411,99672,283,178,231,95,80092,45076,1.2557990207881853,194,113,18305,22591,27803,19410,3183,7612,49106,38813,1730,310,1246,357,3118,3521,23106,8626,4177,15,103,32515,20603,65,691,23,818,72,1,615
906,3520,906.3105181771134,99672,291,175,231,95,80134,45097,1.2564310939882815,202,124,18391,22624,27704,19323,3180,7658,49106,38813,1806,326,1246,357,3112,3522,23103,8653,4175,15,123,32462,20552,65,690,24,852,74,1,646
907,3520,907.3320388343027,99672,302,172,231,95,80191,45126,1.2572939240709526,185,120,18454,22673,27642,19242,3185,7697,49106,38813,1884,343,1244,357,3108,3524,23101,8691,4169,17,141,32395,20511,65,688,25,890,76,1,669
908,3520,908.0145970089028,99671,297,176,232,95,80224,45143,1.257808188941618,196,121,18485,22673,27597,19183,3192,7751,49106,38813,1964,361,1242,357,3107,3527,23095,8715,4164,19,156,32338,20459,65,688,25,931,77,2,704
909,3520,909.0403899345829,99671,293,177,232,95,80266,45170,1.2585004665348998,209,113,18544,22711,27528,19107,3193,7796,49106,38813,2046,380,1241,357,3099,3529,23097,8746,4157,20,169,32268,20422,65,687,26,975,83,3,727
910,3520,910.0687899687703,99671,305,177,232,95,80321,45199,1.259343239257156,200,106,18624,22754,27438,19029,3200,7838,49106,38813,2130,399,1239,357,3094,3527,23094,8782,4152,22,185,32192,20384,65,687,26,1028,85,3,749
911,3520,911.1003335395772,99671,319,177,232,95,80383,45222,1.2601960449880105,198,117,18671,22795,27372,18936,3207,7879,49106,38813,2216,419,1237,356,3090,3529,23086,8819,4147,24,199,32124,20338,65,684,28,1073,88,4,780
912,3520,912.1343457744834,99671,323,180,232,95,80432,45257,1.2610388177102667,190,115,18749,22837,27289,18851,3216,7921,49106,38813,2304,440,1234,354,3084,3532,23081,8855,4142,27,218,32060,20284,65,682,29,1115,90,4,815
913,3520,913.1715586029359,99671,338,190,232,95,80483,45291,1.2618916234411213,188,107,18827,22882,27190,18759,3224,7966,49106,38813,2394,462,1234,354,3079,3534,23079,8886,4138,27,236,31993,20233,65,681,29,1157,94,5,847
914,3520,914.2119816053415,99671,335,192,232,95,80534,45316,1.2626541320945912,179,115,18908,22923,27116,18661,3229,8013,49106,38813,2486,484,1233,353,3072,3536,23077,8924,4133,28,250,31917,20184,65,681,29,1204,98,5,882
915,3520,915.2553691188351,99671,328,198,232,95,80588,45352,1.2635571028684371,174,109,18985,22955,27044,18590,3236,8052,49106,38813,2580,507,1230,352,3063,3535,23074,8970,4130,31,267,31847,20125,65,677,31,1244,101,6,923
916,3520,916.3018062946046,99671,317,197,232,95,80626,45381,1.2642293144445225,195,117,19056,22971,26954,18508,3245,8111,49106,38813,2676,531,1228,352,3054,3537,23060,9013,4125,33,288,31771,20079,65,675,32,1297,108,6,948
917,3520,917.001345827979,99671,312,206,232,95,80655,45406,1.2647710969088302,198,122,19107,22985,26887,18419,3263,8172,49106,38813,2774,556,1228,351,3042,3539,23042,9053,4122,33,296,31710,20038,65,675,32,1343,115,7,980
918,3520,918.0536816881063,99671,305,201,232,95,80704,45430,1.265503506536505,207,127,19170,23000,26812,18334,3273,8242,49106,38813,2874,582,1226,350,3038,3539,23032,9094,4116,35,315,31638,19982,64,675,32,1393,118,7,1017
919,3520,919.1091058582489,99670,319,204,232,96,80763,45463,1.2664392495234273,201,119,19252,23036,26710,18249,3285,8295,49106,38813,2976,609,1225,350,3029,3540,23031,9128,4111,36,330,31558,19921,64,675,32,1451,120,8,1061
920,3520,920.1682054382851,99670,337,210,232,96,80831,45500,1.267492725995786,200,115,19307,23051,26621,18159,3302,8368,49106,38813,3079,637,1223,348,3024,3540,23022,9173,4107,38,350,31481,19857,64,674,32,1501,123,9,1104
921,3520,921.2306092990536,99669,328,211,233,96,80877,45537,1.2683381994401468,217,109,19394,23080,26519,18086,3308,8417,49106,38813,3184,665,1222,348,3013,3533,23034,9208,4106,39,368,31402,19788,64,673,32,1544,132,9,1154
922,3520,922.2969505427075,99669,333,209,233,96,80937,45567,1.2692411883333834,212,102,19462,23112,26438,18005,3321,8475,49106,38813,3291,694,1220,348,3005,3535,23018,9260,4101,41,385,31328,19728,64,669,36,1588,137,13,1193
923,3520,923.0098465543014,99669,339,207,233,96,80977,45586,1.2698331477189497,207,101,19514,23109,26371,17938,3335,8548,49106,38813,3400,724,1219,347,3000,3537,23000,9299,4096,42,396,31252,19675,64,666,39,1647,142,14,1234
924,3520,924.0824345514749,99669,334,197,233,96,81022,45610,1.2705254392037644,214,94,19597,23154,26273,17849,3348,8609,49106,38813,3511,755,1217,347,2988,3535,22995,9347,4092,44,413,31170,19616,64,665,40,1696,150,17,1273
925,3520,925.1588907193004,99669,356,187,233,96,81089,45632,1.2714183948870763,200,98,19672,23173,26178,17769,3360,8676,49106,38813,3624,787,1212,346,2978,3536,22984,9392,4088,48,429,31094,19558,64,664,41,1748,156,19,1312
926,3520,926.2393304081539,99669,345,185,233,96,81140,45654,1.2721508192115905,202,96,19740,23212,26101,17672,3378,8738,49106,38813,3739,820,1212,346,2970,3534,22986,9437,4086,48,442,31002,19497,64,661,43,1802,160,20,1359
927,3520,927.3231949966828,99669,342,181,233,96,81184,45678,1.2728330774864802,210,99,19803,23225,26017,17595,3394,8803,49106,38813,3856,854,1211,346,2960,3533,22960,9493,4083,49,462,30926,19437,64,659,45,1856,166,21,1398
928,3520,928.0476808706763,99668,352,180,234,96,81234,45694,1.273508046715094,197,104,19853,23213,25945,17518,3418,8888,49106,38813,3974,889,1209,346,2955,3531,22942,9539,4079,51,473,30847,19382,64,657,46,1915,169,21,1442
929,3520,929.1378738742306,99668,341,194,234,96,81295,45727,1.2744511779106633,201,99,19907,23256,25878,17409,3438,8945,49106,38813,4094,925,1208,344,2945,3532,22922,9596,4075,52,494,30755,19322,64,656,46,1979,176,22,1480
930,3520,930.2310199496477,99668,344,187,234,96,81347,45755,1.2752538427579565,208,95,19972,23276,25789,17323,3452,9022,49106,38813,4216,962,1206,344,2938,3528,22892,9660,4073,54,515,30677,19255,64,653,48,2031,182,26,1522
931,3520,931.3277528176302,99668,356,189,234,96,81400,45789,1.2761267407793875,196,97,20054,23292,25692,17228,3467,9097,49106,38813,4340,1000,1205,343,2926,3531,22860,9720,4069,55,533,30603,19194,64,650,49,2084,191,27,1564
932,3520,932.0611617438851,99668,353,183,234,96,81439,45802,1.276648472930128,191,108,20101,23280,25630,17149,3490,9183,49106,38813,4465,1039,1204,343,2916,3533,22838,9767,4064,56,548,30530,19126,64,648,51,2138,198,29,1615
933,3520,933.1647269447901,99668,357,189,234,96,81495,45840,1.2775916041256974,184,103,20181,23302,25536,17050,3507,9259,49106,38813,4592,1080,1201,343,2905,3531,22826,9812,4059,59,570,30438,19062,64,646,52,2209,205,31,1655
934,3520,934.2720834194665,99668,358,184,234,96,81552,45873,1.2784946020789019,198,102,20237,23306,25445,16971,3527,9340,49106,38813,4721,1122,1199,342,2890,3533,22811,9868,4053,61,590,30353,18987,64,646,52,2266,212,33,1708
935,3520,935.0125536210569,99668,356,183,234,96,81587,45895,1.2790665007825983,196,104,20278,23272,25381,16913,3554,9431,49106,38813,4851,1165,1198,342,2881,3532,22794,9917,4051,62,601,30264,18925,64,641,56,2329,219,35,1757
936,3520,936.1268269565961,99668,346,192,234,96,81634,45939,1.279979532046394,193,96,20338,23302,25300,16812,3588,9501,49106,38813,4983,1209,1196,341,2872,3536,22770,9976,4046,64,619,30158,18862,64,638,59,2406,224,38,1799
937,3520,937.2445012035208,99668,339,188,234,96,81688,45965,1.280782196893687,188,104,20400,23304,25229,16711,3609,9596,49106,38813,5116,1254,1195,341,2864,3539,22738,10040,4039,65,640,30059,18790,64,637,59,2481,229,39,1849
938,3520,938.3656936067687,99668,329,198,234,96,81738,45999,1.2816249949833447,194,95,20478,23340,25135,16601,3629,9669,49106,38813,5251,1300,1193,340,2858,3540,22728,10092,4033,67,649,29945,18734,64,634,60,2564,232,41,1894
939,3520,939.1155152427978,99668,334,199,234,96,81771,46019,1.2821567604446764,196,96,20518,23313,25057,16529,3660,9766,49106,38813,5387,1347,1193,339,2851,3539,22690,10150,4032,67,660,29866,18671,64,632,61,2628,238,43,1944
940,3520,940.2444588721302,99667,326,203,235,96,81813,46058,1.282982331162772,206,101,20578,23322,24962,16439,3692,9838,49106,38813,5525,1396,1191,338,2841,3540,22669,10211,4029,69,668,29761,18607,64,631,61,2700,245,48,1994
941,3520,941.377505755667,99666,342,205,236,96,81877,46089,1.283948387614633,191,108,20638,23341,24867,16338,3725,9911,49106,38813,5664,1446,1189,338,2832,3537,22637,10278,4024,71,680,29671,18541,64,629,63,2764,252,51,2045
942,3520,942.1351591027225,99665,338,202,236,97,81912,46107,1.2844930517232729,190,115,20669,23323,24810,16251,3756,10011,49106,38813,5805,1497,1188,338,2820,3535,22607,10331,4022,72,695,29573,18474,64,625,67,2846,261,52,2095
943,3520,943.2751565235485,99665,321,188,236,97,81959,46135,1.2852455726684393,194,115,20731,23326,24726,16182,3791,10091,49106,38813,5947,1549,1186,337,2801,3536,22578,10405,4019,74,720,29471,18396,64,623,69,2915,272,53,2146
944,3520,944.0374315915972,99665,312,197,236,97,81988,46163,1.2858174885867657,205,114,20756,23318,24661,16097,3829,10176,49106,38813,6090,1602,1184,337,2797,3541,22547,10455,4014,76,737,29366,18333,63,623,69,3003,275,54,2191
945,3520,945.184346965787,99664,321,188,237,97,82055,46193,1.2868036602986033,194,124,20822,23310,24565,16023,3860,10257,49106,38813,6235,1657,1181,337,2784,3537,22543,10500,4013,79,764,29254,18237,63,620,71,3084,284,58,2255
946,3520,946.3356504440594,99664,330,199,237,97,82119,46231,1.2878270990528176,195,123,20870,23316,24476,15921,3891,10343,49106,38813,6381,1713,1180,337,2777,3543,22505,10563,4002,80,790,29156,18155,63,619,72,3163,290,59,2310
947,3520,947.1054467529489,99663,341,202,238,97,82166,46259,1.2885925569168097,189,120,20899,23302,24400,15838,3932,10440,49106,38813,6528,1770,1178,336,2770,3544,22472,10621,3998,82,801,29053,18092,63,618,73,3245,296,63,2358
948,3520,948.2641551050691,99662,349,201,238,98,82235,46292,1.2896289458369288,193,126,20946,23317,24298,15730,3975,10527,49106,38813,6676,1828,1173,336,2758,3544,22453,10679,3989,87,819,28949,18014,63,614,75,3322,306,68,2413
949,3520,949.0392769243887,99661,336,210,239,98,82273,46319,1.290294096988792,198,121,20981,23299,24233,15660,4012,10611,49106,38813,6825,1888,1166,335,2744,3541,22416,10738,3987,94,835,28863,17937,63,612,77,3394,318,68,2473
950,3520,950.2061875902834,99661,350,215,239,98,82336,46350,1.2912372944281112,194,118,21038,23318,24128,15558,4050,10692,49106,38813,6975,1949,1164,334,2728,3546,22390,10799,3981,96,845,28767,17854,63,609,77,3469,326,70,2543
951,3520,951.3777662780458,99661,336,224,239,98,82393,46391,1.2922206279286783,199,120,21094,23338,24053,15459,4078,10760,49106,38813,7126,2011,1164,334,2720,3547,22371,10868,3973,96,864,28654,17778,62,605,80,3543,333,71,2598
952,3520,952.1609717338052,99661,353,217,239,98,82438,46414,1.292902940969888,193,118,21120,23317,23973,15385,4121,10864,49106,38813,7278,2074,1163,334,2710,3548,22324,10935,3970,97,877,28566,17698,62,603,82,3617,339,75,2661
953,3520,953.3402291943021,99661,336,213,239,98,82492,46445,1.2937558322714,203,120,21162,23303,23895,15308,4164,10957,49106,38813,7431,2139,1159,333,2697,3547,22281,11018,3966,101,891,28465,17621,62,602,83,3688,348,82,2717
954,3520,954.128575832301,99661,352,210,239,98,82539,46460,1.2943779412207383,191,139,21172,23268,23832,15225,4213,11059,49106,38813,7585,2205,1156,332,2684,3548,22257,11062,3962,104,896,28357,17555,62,597,88,3781,360,87,2773
955,3520,955.3147283684107,99661,358,215,239,98,82605,46505,1.29549171692036,187,129,21217,23273,23737,15142,4261,11142,49106,38813,7740,2272,1156,331,2670,3551,22212,11138,3953,104,918,28259,17472,62,597,88,3857,372,95,2826
956,3520,956.1081791437218,99661,351,216,239,98,82639,46525,1.296033553747203,197,125,21234,23253,23669,15064,4309,11243,49106,38813,7896,2340,1155,330,2661,3552,22172,11205,3950,105,927,28169,17390,62,593,92,3925,379,97,2897
957,3520,957.3025048128973,99661,357,212,239,98,82699,46563,1.2970168872477699,194,125,21288,23252,23577,14971,4344,11341,49106,38813,8053,2410,1152,329,2650,3552,22140,11273,3945,108,944,28052,17306,62,593,92,4015,388,100,2960
958,3520,958.1012224197926,99661,354,226,239,98,82730,46592,1.2976189281664843,211,129,21314,23237,23484,14864,4397,11445,49106,38813,8211,2481,1151,329,2640,3554,22102,11330,3939,109,950,27946,17240,62,592,93,4110,396,104,3014
959,3520,959.3042635866568,99661,352,222,239,98,82794,46626,1.2986022616670514,207,134,21375,23218,23393,14787,4433,11540,49106,38813,8369,2553,1150,328,2632,3557,22061,11412,3933,110,969,27829,17156,62,591,94,4193,402,107,3075
960,3520,960.1089975607675,99661,355,212,239,98,82830,46652,1.2992243706163895,202,134,21412,23183,23308,14720,4483,11652,49106,38813,8528,2627,1148,328,2629,3555,22024,11482,3931,112,986,27711,17079,62,586,98,4284,405,107,3134
961,3520,961.3212524378026,99661,347,206,239,98,82895,46683,1.3001876360863327,201,151,21456,23163,23223,14631,4533,11750,49106,38813,8688,2702,1145,328,2622,3549,21997,11565,3924,115,1002,27589,16995,62,586,97,4369,408,113,3195
962,3520,962.1321598230135,99661,340,206,239,98,82930,46715,1.3008599151122304,201,144,21495,23122,23140,14570,4584,11859,49106,38813,8848,2778,1143,328,2615,3553,21961,11631,3917,117,1012,27480,16915,62,581,102,4455,412,120,3257
963,3520,963.3536651961552,99661,324,217,239,98,82981,46763,1.3018532826281093,218,124,21540,23128,23046,14479,4632,11953,49106,38813,9009,2855,1141,328,2598,3550,21938,11701,3911,119,1030,27364,16829,62,574,107,4538,427,130,3314
964,3520,964.1709156277371,99661,324,216,239,98,83026,46786,1.302535595669319,203,124,21550,23100,22985,14394,4698,12067,49106,38813,9170,2934,1140,328,2587,3549,21891,11775,3908,120,1040,27250,16769,62,572,108,4634,436,136,3356
965,3520,965.4011767322841,99661,329,207,239,98,83080,46821,1.3034286230320788,216,125,21598,23102,22882,14317,4735,12150,49106,38813,9332,3014,1137,328,2574,3552,21850,11856,3903,123,1056,27136,16674,62,569,110,4717,445,140,3429
966,3520,966.2240646104063,99661,338,199,239,98,83127,46838,1.304070800012041,209,128,21610,23063,22804,14248,4799,12263,49106,38813,9494,3095,1137,328,2562,3554,21813,11919,3899,122,1063,27029,16597,62,569,110,4805,454,149,3489
967,3520,967.0498338722363,99661,354,210,239,98,83172,46869,1.3048333851757459,206,115,21603,23019,22736,14183,4861,12374,49106,38813,9657,3177,1136,328,2554,3554,21765,11986,3896,123,1075,26932,16509,62,568,111,4887,461,153,3561
968,3520,968.2929056717737,99661,376,199,239,98,83255,46905,1.3060274329978627,201,111,21639,23021,22640,14092,4904,12478,49106,38813,9820,3261,1133,327,2543,3552,21725,12074,3890,126,1089,26809,16428,62,566,112,4976,470,157,3622
969,3520,969.1244186440128,99661,374,198,239,98,83293,46930,1.3066595759625128,206,112,21658,22979,22557,14023,4965,12589,49106,38813,9983,3346,1131,327,2534,3554,21683,12145,3886,128,1096,26696,16346,61,565,113,5068,477,159,3692
970,3520,970.3773121873597,99660,385,202,240,98,83361,46970,1.3077563716636564,200,106,21711,22954,22439,13945,5024,12694,49106,38813,10147,3432,1130,327,2521,3559,21641,12227,3880,128,1113,26572,16261,61,562,115,5160,485,162,3756
971,3520,971.215945875242,99660,384,201,240,98,83397,46998,1.3083985550872967,210,97,21713,22926,22369,13875,5083,12802,49106,38813,10311,3519,1130,327,2510,3555,21596,12299,3879,128,1124,26456,16182,61,562,115,5254,496,171,3815
972,3520,972.0573659010972,99660,404,198,240,98,83445,47021,1.309110977322898,208,96,21723,22898,22272,13794,5152,12915,49106,38813,10475,3608,1129,327,2502,3556,21540,12378,3878,129,1130,26345,16107,61,560,117,5345,502,178,3876
973,3520,973.3254162327038,99660,398,200,240,98,83504,47061,1.3101043548063416,210,91,21749,22909,22188,13693,5214,13008,49106,38813,10639,3698,1128,327,2490,3556,21516,12451,3870,130,1149,26203,16027,61,558,119,5451,510,185,3929
974,3520,974.173519504444,99659,381,185,241,98,83545,47070,1.3106192115112534,233,103,21736,22879,22123,13625,5285,13109,49106,38813,10803,3789,1128,325,2481,3555,21464,12534,3866,130,1167,26091,15948,61,554,122,5544,515,191,3983
975,3520,975.0241463773378,99659,382,176,241,98,83594,47088,1.311291504028738,233,102,21752,22835,22039,13567,5352,13221,49106,38813,10967,3881,1126,325,2470,3555,21406,12623,3862,132,1176,25987,15870,61,552,122,5628,523,199,4042
976,3520,976.3054816330161,99658,388,182,241,99,83668,47125,1.3124184711714062,224,113,21797,22834,21934,13476,5415,13295,49106,38813,11131,3974,1126,325,2460,3556,21360,12710,3856,132,1188,25869,15786,60,550,124,5715,529,204,4108
977,3520,977.1632705284992,99657,402,182,241,100,83723,47151,1.3132444283893756,207,112,21845,22783,21821,13412,5483,13410,49106,38813,11295,4069,1123,325,2454,3557,21310,12788,3852,135,1194,25754,15707,60,549,124,5808,533,215,4169
978,3520,978.0247035718296,99657,399,178,241,100,83770,47172,1.3139267688170424,206,113,21840,22748,21754,13340,5559,13520,49106,38813,11459,4165,1122,324,2443,3558,21269,12858,3847,136,1204,25629,15633,60,548,125,5910,543,224,4224
979,3520,979.3179426950096,99657,397,188,241,100,83844,47207,1.3150205203849203,217,118,21857,22747,21665,13244,5622,13602,49106,38813,11623,4262,1121,323,2434,3554,21223,12951,3841,137,1206,25504,15551,60,547,126,6006,548,230,4295
980,3520,980.1792699944453,99657,380,202,241,100,83885,47237,1.315732964066749,221,116,21868,22716,21594,13153,5695,13712,49106,38813,11787,4360,1119,323,2425,3560,21159,13045,3831,139,1215,25384,15487,60,544,128,6102,556,235,4345
981,3520,981.0404701207584,99657,385,197,241,100,83934,47262,1.3164755110027393,204,121,21892,22694,21506,13076,5771,13811,49106,38813,11951,4459,1119,323,2409,3564,21116,13118,3825,139,1233,25262,15401,60,543,129,6200,569,240,4407
982,3520,982.3311157847307,99657,363,211,241,100,83994,47307,1.3175291248984016,222,117,21889,22707,21441,12988,5843,13876,49106,38813,12115,4559,1118,321,2388,3575,21063,13210,3812,139,1245,25150,15321,60,542,129,6288,584,247,4465
983,3520,983.1914241278799,99657,374,219,241,100,84046,47333,1.3183118095066078,216,117,21918,22686,21342,12898,5908,13979,49106,38813,12279,4660,1116,320,2381,3577,20999,13295,3809,141,1257,25040,15241,60,539,132,6382,589,251,4528
984,3520,984.0510004099825,99657,363,213,241,100,84086,47361,1.3189941499342746,216,117,21922,22662,21281,12817,5976,14090,49106,38813,12442,4762,1112,320,2370,3569,20970,13364,3808,145,1277,24905,15161,60,535,135,6493,596,257,4580
985,3520,985.3393223258585,99657,361,202,241,100,84158,47393,1.3200377294118828,211,126,21955,22666,21180,12744,6051,14161,49106,38813,12605,4865,1110,319,2350,3565,20946,13448,3805,147,1288,24760,15083,60,534,135,6591,612,270,4634
986,3520,986.1971514087647,99657,356,198,241,100,84190,47413,1.320559519150687,228,131,21949,22632,21099,12673,6126,14265,49106,38813,12768,4969,1108,318,2342,3563,20893,13523,3803,149,1293,24645,15011,60,531,138,6690,620,282,4688
987,3520,987.0550816816508,99657,371,208,241,100,84243,47442,1.3213823414311088,220,126,21953,22612,21017,12598,6197,14355,49106,38813,12931,5074,1106,318,2335,3562,20838,13603,3800,151,1298,24541,14930,60,530,139,6775,626,288,4757
988,3520,988.3417151612957,99657,363,229,241,100,84309,47493,1.3225563683434178,223,116,21966,22615,20937,12508,6269,14431,49106,38813,13093,5180,1105,318,2325,3571,20782,13696,3785,152,1317,24434,14829,60,528,140,6855,633,294,4833
989,3520,989.1989318869813,99657,370,238,241,100,84349,47522,1.3232487431891387,220,114,21965,22587,20850,12432,6353,14528,49106,38813,13255,5287,1104,318,2316,3569,20731,13774,3783,152,1319,24312,14764,60,526,142,6956,641,302,4888
990,3520,990.0561446387743,99657,369,238,241,100,84392,47541,1.3238708771084822,231,115,21967,22556,20770,12354,6421,14636,49106,38813,13416,5395,1103,317,2302,3568,20674,13858,3781,153,1330,24207,14687,60,524,144,7041,652,305,4951
991,3520,991.3416452049349,99657,382,236,241,100,84476,47571,1.3250148007666296,224,111,21988,22577,20683,12263,6481,14712,49106,38813,13577,5504,1100,317,2288,3570,20620,13948,3772,156,1343,24093,14607,60,522,144,7131,665,317,5004
992,3520,992.1980119262248,99657,367,235,241,100,84514,47600,1.3256871067762426,228,120,21977,22520,20624,12209,6562,14815,49106,38813,13738,5614,1098,316,2271,3573,20563,14035,3766,158,1348,23987,14530,60,518,147,7216,680,326,5065
993,3520,993.0544646625423,99657,379,234,241,100,84572,47631,1.3265801699830417,210,119,21980,22469,20545,12152,6644,14925,49106,38813,13898,5725,1095,315,2254,3572,20522,14116,3764,161,1352,23864,14458,60,513,150,7308,696,337,5120
994,3520,994.3390707099354,99657,393,225,241,100,84640,47670,1.3276538527148118,227,106,22012,22479,20409,12082,6717,15007,49106,38813,14057,5837,1093,313,2237,3570,20454,14217,3762,163,1371,23733,14388,60,510,152,7419,710,346,5159
995,3520,995.1941684654553,99657,380,232,241,100,84686,47700,1.3284164684869102,235,108,22018,22425,20324,12020,6801,15114,49106,38813,14216,5949,1091,309,2223,3573,20415,14289,3757,164,1383,23595,14314,60,508,152,7535,723,349,5217
996,3520,996.049258620994,99657,398,237,241,100,84749,47730,1.329349669365925,216,111,22016,22388,20236,11951,6892,15212,49106,38813,14374,6062,1089,308,2211,3573,20365,14372,3754,166,1395,23476,14240,60,507,153,7628,732,355,5273
997,3520,997.331358732645,99657,398,237,241,100,84818,47764,1.3303832144254795,232,112,22033,22397,20140,11871,6955,15282,49106,38813,14532,6176,1086,307,2195,3574,20330,14455,3749,168,1400,23341,14170,60,503,156,7728,744,369,5322
998,3520,998.1855018436286,99657,406,222,241,100,84869,47786,1.331115726943416,220,116,22025,22362,20064,11815,7043,15384,49106,38813,14689,6291,1084,307,2181,3574,20267,14546,3745,170,1411,23228,14089,59,501,157,7821,757,381,5379
999,3520,999.0399895085129,99657,413,217,241,100,84916,47807,1.3317980673710827,225,122,22027,22329,19964,11755,7129,15476,49106,38813,14846,6407,1084,305,2171,3579,20197,14638,3741,170,1422,23122,14019,59,496,162,7910,764,388,5430
1000,3520,1000.3213885443377,99657,428,213,241,100,84999,47842,1.332982128701446,200,132,22040,22330,19894,11673,7196,15551,49106,38813,15002,6523,1081,305,2159,3575,20153,14724,3738,173,1443,22994,13930,59,494,163,8010,771,395,5490
1001,3520,1001.1752530331695,99657,425,204,241,100,85041,47864,1.3336243314568972,216,140,22016,22307,19819,11618,7282,15630,49106,38813,15157,6640,1078,305,2152,3577,20097,14807,3733,176,1457,22877,13854,59,491,166,8105,776,404,5543
1002,3520,1002.0296650433401,99657,430,219,241,100,85100,47899,1.334567566753966,203,128,22009,22293,19757,11544,7359,15715,49106,38813,15311,6758,1076,304,2141,3584,20033,14891,3726,178,1466,22768,13774,59,490,166,8197,786,415,5603
1003,3520,1003.3123172394606,99657,428,207,241,100,85171,47932,1.3356111462315743,223,133,22008,22294,19663,11474,7436,15791,49106,38813,15465,6876,1074,303,2128,3580,19979,14993,3723,180,1486,22643,13680,59,489,167,8289,794,426,5664
1004,3520,1004.1671771318339,99657,420,205,241,100,85223,47960,1.3364138996758883,221,127,21982,22269,19616,11420,7519,15878,49106,38813,15618,6995,1069,303,2116,3582,19932,15079,3718,185,1488,22522,13603,59,487,168,8382,802,442,5720
1005,3520,1005.0228725357501,99657,393,218,241,100,85255,47991,1.3370460680132856,239,123,21979,22252,19542,11355,7605,15951,49106,38813,15770,7114,1067,302,2103,3583,19883,15161,3711,187,1485,22418,13527,59,480,174,8467,811,454,5785
1006,3520,1006.3072066690161,99656,392,211,242,100,85335,48035,1.3383037649514329,234,113,22015,22280,19448,11294,7668,16001,49106,38813,15921,7234,1065,302,2092,3587,19825,15264,3701,189,1514,22296,13426,59,477,177,8559,815,462,5846
1007,3520,1007.1622526851997,99656,388,203,242,100,85379,48057,1.3389660431885686,240,116,22011,22265,19368,11232,7750,16083,49106,38813,16072,7354,1060,302,2084,3589,19765,15358,3696,194,1518,22183,13351,59,475,177,8647,822,472,5904
1008,3520,1008.0173996932109,99656,385,206,242,100,85427,48083,1.3397085975756602,230,109,22000,22242,19302,11180,7840,16162,49106,38813,16222,7475,1059,301,2072,3595,19698,15447,3691,194,1526,22070,13280,58,473,179,8742,832,478,5961
1009,3520,1009.3007928620543,99656,368,202,242,100,85495,48113,1.3406919804126194,211,106,22045,22265,19222,11109,7911,16217,49106,38813,16371,7596,1055,298,2062,3593,19654,15544,3688,198,1542,21934,13199,58,472,180,8837,839,487,6016
1010,3520,1010.1554625386767,99656,367,202,242,100,85537,48136,1.3413442241310107,206,106,22027,22232,19153,11053,8004,16306,49106,38813,16519,7718,1053,298,2050,3597,19599,15628,3684,200,1544,21830,13122,57,470,181,8919,848,499,6077
1011,3520,1011.0103117356418,99656,364,194,242,100,85596,48152,1.3420968130368467,196,111,22028,22202,19080,11000,8089,16392,49106,38813,16666,7840,1052,297,2040,3597,19541,15718,3679,201,1550,21714,13050,57,466,184,9015,854,513,6128
1012,3520,1012.2928809925211,99655,351,200,243,100,85652,48186,1.3430133962169484,203,110,22044,22205,18985,10929,8173,16455,49106,38813,16813,7963,1051,295,2024,3603,19486,15809,3672,202,1555,21589,12982,56,464,185,9116,866,524,6176
1013,3520,1013.147515661596,99655,355,197,243,100,85702,48213,1.343786061913602,187,112,22048,22170,18899,10878,8267,16542,49106,38813,16959,8086,1048,295,2009,3601,19410,15919,3668,205,1559,21481,12919,56,463,185,9202,876,532,6227
1014,3520,1014.0022849722884,99655,363,202,243,100,85745,48242,1.3445085545130702,181,105,22045,22165,18808,10812,8359,16615,49106,38813,17104,8209,1048,294,2001,3600,19339,16017,3667,205,1558,21378,12860,56,462,185,9286,882,544,6273
1015,3520,1015.2842361895413,99655,359,192,243,100,85803,48279,1.3454618433595906,183,107,22079,22186,18698,10756,8437,16658,49106,38813,17248,8333,1047,293,1992,3600,19308,16104,3661,206,1567,21245,12790,56,455,191,9374,889,557,6320
1016,3520,1016.1378355966018,99655,351,186,243,100,85848,48293,1.346053885906377,176,106,22091,22185,18615,10694,8523,16728,49106,38813,17391,8457,1047,293,1978,3597,19253,16196,3657,206,1577,21128,12718,56,455,191,9466,900,561,6376
1017,3520,1017.4174974325862,99655,317,184,243,100,85890,48328,1.3468265516030304,189,105,22112,22196,18540,10635,8598,16779,49106,38813,17533,8581,1041,292,1969,3596,19199,16296,3651,212,1588,21016,12631,56,452,194,9543,906,578,6435
1018,3520,1018.2702298432284,99655,311,181,243,100,85932,48345,1.347418594149817,173,107,22127,22172,18456,10582,8689,16857,49106,38813,17674,8705,1040,291,1961,3597,19137,16387,3646,213,1591,20918,12570,55,450,195,9622,911,589,6482
1019,3520,1019.1225553319691,99655,310,181,243,100,85969,48373,1.3480708444132257,176,101,22111,22146,18383,10544,8776,16927,49106,38813,17814,8830,1038,291,1952,3600,19072,16478,3643,214,1594,20817,12497,54,445,199,9706,916,599,6540
1020,3520,1020.4014653049079,99655,310,183,243,100,86027,48403,1.3489538909236867,185,104,22137,22136,18272,10495,8852,16981,49106,38813,17953,8955,1035,291,1944,3606,19021,16566,3632,217,1592,20720,12415,54,438,203,9780,921,612,6608
1021,3520,1021.2532269521803,99655,295,176,243,100,86068,48420,1.349535898851036,178,110,22126,22119,18210,10435,8947,17059,49106,38813,18091,9080,1033,291,1938,3605,18981,16643,3629,219,1594,20596,12348,54,437,204,9872,927,619,6665
1022,3520,1022.1054370309586,99655,309,174,243,100,86106,48440,1.3501179067783855,181,111,22102,22101,18135,10383,9029,17130,49106,38813,18228,9205,1033,291,1933,3605,18911,16730,3626,219,1598,20502,12272,54,436,205,9955,932,630,6723
1023,3520,1023.3844393959313,99655,306,185,243,100,86167,48482,1.3511514725804024,178,91,22140,22097,18037,10331,9095,17195,49106,38813,18364,9330,1032,291,1921,3603,18860,16822,3623,220,1603,20381,12203,54,431,207,10047,942,652,6763
1024,3520,1024.236182504613,99655,296,184,243,100,86200,48503,1.3516933420300035,177,88,22139,22084,17968,10285,9176,17258,49106,38813,18499,9455,1030,291,1911,3608,18803,16902,3617,222,1606,20265,12142,54,429,209,10147,949,659,6811
1025,3520,1025.088107231902,99655,302,185,243,100,86242,48523,1.3523154884351012,167,93,22139,22074,17886,10223,9262,17324,49106,38813,18633,9580,1029,290,1903,3611,18715,17006,3613,223,1604,20173,12091,54,428,210,10226,956,674,6849
1026,3520,1026.3656320445402,99655,306,188,243,100,86286,48556,1.3530881541317545,169,88,22140,22099,17800,10157,9341,17367,49106,38813,18766,9705,1027,289,1888,3611,18658,17091,3612,225,1608,20066,12028,54,423,214,10313,967,681,6900
1027,3520,1027.2172525828682,99655,307,188,243,100,86322,48585,1.3537404043951633,157,81,22146,22083,17714,10103,9432,17444,49106,38813,18898,9830,1027,289,1879,3612,18590,17183,3610,225,1617,19955,11967,54,419,217,10403,975,685,6948
1028,3520,1028.0691450709098,99654,312,173,244,100,86358,48595,1.3542155859273084,159,88,22124,22068,17635,10057,9525,17513,49106,38813,19029,9955,1026,289,1864,3613,18533,17259,3607,226,1624,19860,11902,54,418,218,10483,989,695,6994
1029,3520,1029.3476253191382,99653,306,168,245,100,86412,48622,1.3550419957251663,164,86,22144,22077,17546,10010,9594,17558,49106,38813,19159,10080,1025,289,1853,3615,18481,17352,3599,227,1624,19748,11836,54,415,221,10566,994,710,7044
1030,3520,1030.1995053096339,99653,318,166,245,100,86454,48636,1.3556039456915496,159,93,22134,22077,17463,9946,9680,17617,49106,38813,19288,10205,1024,289,1845,3616,18416,17434,3596,228,1624,19658,11771,54,414,222,10644,1000,721,7097
1031,3520,1031.0516513280256,99653,316,171,245,100,86493,48649,1.3561257563746199,151,104,22131,22078,17390,9862,9766,17684,49106,38813,19416,10330,1024,289,1835,3619,18354,17517,3590,228,1623,19557,11716,54,412,224,10729,1009,727,7146
1032,3520,1032.3299964289604,99653,294,161,245,100,86534,48678,1.3568281938325992,160,99,22155,22084,17309,9822,9836,17733,49106,38813,19543,10455,1023,289,1822,3617,18299,17614,3586,229,1633,19437,11656,54,411,225,10822,1014,740,7182
1033,3520,1033.181625207645,99653,297,164,245,100,86573,48706,1.3575005268280935,160,86,22144,22081,17221,9782,9932,17786,49106,38813,19669,10580,1021,289,1812,3616,18237,17700,3582,231,1635,19332,11601,54,410,225,10911,1022,753,7222
1034,3520,1034.033633739553,99653,293,159,245,100,86605,48721,1.3579721634070223,162,84,22137,22077,17142,9726,10020,17853,49106,38813,19794,10704,1019,289,1802,3618,18179,17775,3576,233,1641,19240,11534,54,405,230,10994,1028,759,7277
1035,3520,1035.3117764470921,99653,283,160,245,100,86645,48751,1.3586746008650015,166,83,22156,22138,17049,9656,10100,17862,49106,38813,19918,10828,1018,289,1787,3621,18118,17871,3569,234,1646,19135,11478,54,401,232,11073,1040,767,7320
1036,3520,1036.163244300015,99653,288,166,245,100,86685,48771,1.359276690114698,162,86,22157,22120,16973,9616,10174,17911,49106,38813,20041,10952,1014,289,1778,3623,18067,17947,3565,238,1642,19029,11430,54,398,235,11159,1047,775,7363
1037,3520,1037.0147030369392,99653,298,164,245,100,86722,48785,1.35978846597694,152,90,22144,22099,16901,9573,10259,17973,49106,38813,20163,11076,1014,289,1770,3623,18007,18022,3563,238,1644,18927,11369,54,396,236,11252,1053,784,7412
1038,3520,1038.2925484848502,99653,284,142,245,100,86774,48807,1.3605310427182322,145,91,22178,22150,16827,9533,10320,17983,49106,38813,20284,11199,1013,286,1757,3626,17957,18113,3560,239,1656,18804,11310,54,394,237,11342,1063,794,7448
1039,3520,1039.1434758201844,99653,266,142,245,100,86790,48827,1.36089229626805,150,88,22188,22146,16745,9489,10405,18034,49106,38813,20404,11322,1011,286,1746,3625,17896,18195,3556,241,1656,18714,11250,54,393,238,11420,1070,808,7494
1040,3520,1040.4195817548598,99653,263,149,245,100,86835,48855,1.361624838188514,142,84,22208,22155,16665,9428,10476,18083,49106,38813,20523,11445,1007,285,1735,3623,17836,18280,3553,245,1655,18621,11193,54,393,238,11495,1081,821,7538
1041,3520,1041.2696261381018,99653,275,150,245,100,86879,48873,1.3622469970798672,109,86,22225,22161,16578,9381,10567,18121,49106,38813,20641,11568,1007,285,1734,3619,17771,18366,3552,245,1658,18525,11129,54,390,240,11578,1082,827,7591
1042,3520,1042.1194732138829,99653,268,156,245,100,86903,48890,1.3626584247338265,117,80,22215,22151,16497,9329,10657,18183,49106,38813,20758,11690,1007,285,1726,3617,17711,18444,3550,245,1652,18438,11074,54,389,241,11653,1088,842,7637
1043,3520,1043.393986751065,99653,246,151,245,100,86929,48915,1.3631702005960684,141,79,22274,22160,16377,9288,10716,18221,49106,38813,20874,11812,1006,284,1713,3621,17666,18519,3542,246,1658,18347,11011,53,389,241,11725,1098,851,7683
1044,3520,1044.2420692769945,99653,250,134,245,100,86961,48929,1.363631802354169,137,76,22278,22170,16291,9257,10798,18262,49106,38813,20989,11933,1006,284,1703,3620,17613,18605,3540,246,1663,18254,10959,53,387,242,11793,1105,864,7716
1045,3520,1045.0899419354375,99653,252,126,245,100,86992,48938,1.3640331951873,133,75,22282,22171,16205,9208,10882,18319,49106,38813,21103,12054,1005,284,1695,3617,17546,18696,3539,247,1654,18173,10916,53,384,244,11858,1111,876,7755
1046,3520,1046.3611725572014,99653,258,143,245,100,87035,48972,1.364805876391077,123,55,22333,22206,16101,9152,10939,18343,49106,38813,21216,12175,1004,284,1688,3616,17489,18782,3538,248,1646,18085,10870,53,380,248,11923,1115,891,7793
1047,3520,1047.20728166132,99653,261,133,245,100,87063,48983,1.3651972344033798,128,55,22324,22204,16020,9106,11021,18401,49106,38813,21328,12295,1004,284,1683,3616,17433,18860,3536,248,1643,17993,10823,53,379,249,11996,1120,902,7831
1048,3520,1048.0534300478769,99653,238,128,245,100,87081,48998,1.3655283834907128,144,56,22318,22226,15960,9052,11094,18437,49106,38813,21439,12415,1003,283,1676,3617,17369,18952,3536,249,1646,17898,10774,51,379,249,12068,1126,911,7866
1049,3520,1049.3230406615107,99652,246,125,245,101,87118,49022,1.3661542166740257,139,56,22323,22260,15877,9007,11169,18450,49106,38813,21549,12534,1001,283,1669,3617,17307,19031,3533,251,1657,17805,10716,51,376,252,12149,1132,917,7905
1050,3520,1050.1691887620912,99652,255,126,245,101,87149,49037,1.3666158230642635,141,52,22316,22263,15791,8959,11251,18498,49106,38813,21658,12653,1000,283,1659,3620,17237,19116,3530,252,1656,17721,10682,51,372,256,12221,1141,926,7929
1051,3520,1051.0153109135006,99652,249,122,245,101,87172,49051,1.3669871151607595,140,55,22315,22259,15712,8912,11338,18550,49106,38813,21766,12771,999,283,1654,3623,17171,19200,3527,252,1663,17642,10625,51,368,259,12286,1145,934,7970
1052,3520,1052.2848923019092,99652,232,118,245,101,87213,49071,1.3675992453739012,150,54,22348,22314,15628,8854,11396,18558,49106,38813,21873,12889,996,282,1642,3624,17118,19287,3521,255,1661,17562,10568,51,365,261,12344,1153,948,8014
1053,3520,1053.1303337248703,99652,223,108,245,101,87237,49080,1.3679303977842894,145,55,22353,22333,15560,8808,11473,18594,49106,38813,21979,13006,996,282,1632,3628,17059,19366,3517,254,1661,17468,10523,51,364,262,12423,1161,957,8048
1054,3520,1054.3980742821482,99652,228,103,245,101,87285,49097,1.3685826676835386,133,63,22384,22360,15474,8757,11535,18615,49106,38813,22084,13123,993,281,1621,3628,17002,19450,3514,257,1668,17385,10474,51,362,262,12486,1171,961,8086
1055,3520,1055.242382764104,99652,242,100,245,101,87320,49109,1.3690543089953036,121,62,22399,22357,15383,8716,11609,18663,49106,38813,22188,13239,992,281,1612,3629,16946,19520,3512,257,1661,17299,10433,51,361,263,12564,1177,976,8118
1056,3520,1056.0861694608952,99652,236,102,245,101,87350,49123,1.369495845542488,109,60,22376,22372,15348,8664,11685,18700,49106,38813,22291,13355,991,280,1606,3630,16881,19601,3510,258,1658,17229,10381,51,358,266,12625,1180,988,8159
1057,3520,1057.352623342615,99652,225,105,245,101,87380,49139,1.3699574519327258,110,58,22412,22409,15260,8597,11747,18729,49106,38813,22393,13470,991,280,1597,3633,16831,19670,3501,258,1660,17146,10331,51,357,267,12697,1188,997,8197
1058,3520,1058.1962122273985,99652,222,108,245,101,87400,49147,1.3702384297354795,114,59,22422,22425,15175,8543,11821,18763,49106,38813,22494,13584,991,280,1591,3636,16763,19746,3498,258,1658,17065,10290,51,356,268,12771,1193,1005,8232
1059,3520,1059.0394159322375,99652,230,104,245,101,87428,49161,1.37065989643961,112,59,22420,22417,15100,8508,11892,18810,49106,38813,22594,13698,990,280,1583,3636,16719,19808,3497,259,1658,16976,10246,51,349,274,12845,1200,1016,8265
1060,3520,1060.3037404837594,99652,227,101,245,101,87467,49174,1.3711817123590093,96,61,22468,22454,15020,8458,11943,18824,49106,38813,22693,13811,989,280,1569,3632,16658,19894,3494,260,1659,16898,10204,51,348,274,12911,1210,1025,8296
1061,3520,1061.1453167722746,99652,223,107,245,101,87484,49190,1.3715128647693975,94,61,22470,22451,14949,8415,12018,18864,49106,38813,22791,13924,988,279,1564,3637,16596,19965,3490,261,1653,16828,10153,51,347,275,12973,1214,1036,8342
1062,3520,1062.4073229355556,99650,218,99,246,102,87518,49208,1.3720622177621675,97,64,22521,22490,14855,8366,12062,18878,49106,38813,22889,14036,988,277,1559,3639,16538,20057,3484,261,1659,16746,10109,51,346,275,13027,1219,1039,8376
1063,3520,1063.2470456769286,99650,201,101,246,102,87537,49218,1.372353236327145,98,59,22517,22515,14800,8321,12137,18901,49106,38813,22986,14147,985,276,1551,3642,16480,20128,3479,264,1656,16671,10062,51,346,274,13093,1227,1050,8415
1064,3520,1064.0868744025054,99650,195,98,246,102,87557,49226,1.372634219769192,97,62,22535,22520,14723,8284,12203,18933,49106,38813,23082,14258,983,276,1543,3641,16426,20193,3478,266,1657,16597,10018,51,345,275,13159,1234,1060,8448
1065,3520,1065.3456962471712,99650,192,90,246,102,87589,49242,1.3731159056698445,92,59,22572,22559,14634,8244,12263,18945,49106,38813,23177,14368,982,276,1539,3637,16385,20265,3476,267,1654,16508,9972,51,344,276,13226,1238,1069,8485
1066,3520,1066.1837331644956,99650,185,86,246,102,87607,49253,1.373406924234822,88,53,22566,22584,14576,8200,12338,18974,49106,38813,23271,14477,980,276,1531,3637,16332,20336,3475,269,1645,16423,9939,51,344,276,13297,1246,1080,8513
1067,3520,1067.0220049275408,99650,186,85,246,102,87630,49263,1.3737380832915203,83,50,22563,22588,14512,8164,12409,19010,49106,38813,23364,14586,980,275,1523,3637,16270,20407,3473,269,1643,16358,9899,51,342,278,13357,1253,1088,8547
1068,3520,1068.2796066677724,99650,195,86,246,102,87660,49279,1.374199698946312,76,49,22581,22620,14441,8128,12460,19014,49106,38813,23456,14694,980,275,1513,3639,16215,20478,3471,268,1642,16297,9855,51,341,279,13405,1262,1095,8584
1069,3520,1069.1173629720793,99650,189,86,246,102,87681,49293,1.374550928248871,71,48,22575,22622,14384,8095,12534,19046,49106,38813,23547,14801,980,275,1506,3638,16164,20551,3470,267,1636,16222,9813,51,340,280,13464,1267,1105,8621
1070,3520,1070.374325178762,99650,184,82,246,102,87702,49310,1.3749322629202207,73,48,22606,22681,14312,8062,12578,19024,49106,38813,23637,14907,979,275,1501,3634,16118,20616,3469,267,1637,16163,9757,51,340,280,13517,1268,1118,8660
1071,3520,1071.2114613774334,99650,181,82,246,102,87723,49323,1.3752734570998495,62,45,22600,22705,14264,8013,12646,19052,49106,38813,23726,15013,978,274,1494,3630,16073,20675,3469,267,1638,16092,9719,51,339,281,13581,1275,1127,8687
1072,3520,1072.048768743194,99650,169,81,246,102,87734,49331,1.3754641244355243,64,54,22603,22717,14208,7974,12709,19071,49106,38813,23814,15118,978,274,1488,3627,16020,20737,3469,267,1639,16013,9678,51,336,284,13654,1281,1134,8720
1073,3520,1073.3042580948013,99650,157,88,246,102,87758,49349,1.375885599598595,69,52,22642,22755,14122,7934,12763,19068,49106,38813,23902,15222,976,272,1481,3627,15974,20799,3467,269,1645,15944,9626,51,334,285,13713,1287,1142,8758
1074,3520,1074.140115543512,99650,149,89,246,102,87774,49360,1.376156547917712,73,50,22640,22774,14057,7891,12834,19093,49106,38813,23989,15326,975,272,1470,3632,15922,20864,3462,269,1643,15868,9595,51,334,285,13781,1296,1150,8781
1075,3520,1075.3939992756902,99650,143,96,246,102,87792,49377,1.376507777220271,75,38,22684,22821,13968,7847,12883,19095,49106,38813,24075,15429,974,272,1464,3631,15872,20924,3461,270,1646,15792,9549,51,334,285,13851,1301,1154,8819
1076,3520,1076.228758407791,99650,138,93,246,102,87805,49385,1.3767185148018064,75,40,22694,22837,13904,7801,12942,19126,49106,38813,24160,15531,974,272,1458,3631,15814,20991,3459,270,1646,15732,9513,51,332,287,13905,1307,1161,8847
1077,3520,1077.0630575851637,99650,140,95,246,102,87823,49393,1.376979427997993,73,41,22707,22859,13832,7753,13001,19149,49106,38813,24244,15632,973,272,1453,3630,15756,21058,3459,271,1642,15664,9479,51,331,287,13966,1312,1168,8878
1078,3520,1078.3135666268233,99650,131,97,246,102,87841,49407,1.3773005519317612,77,43,22747,22902,13752,7706,13046,19149,49106,38813,24327,15733,972,272,1446,3634,15703,21124,3454,272,1645,15602,9438,51,330,288,14017,1318,1177,8907
1079,3520,1079.1460443285316,99650,122,95,246,102,87855,49414,1.3775112895132966,77,39,22763,22915,13687,7676,13104,19172,49106,38813,24409,15833,972,272,1438,3633,15647,21195,3451,272,1643,15544,9404,51,326,289,14068,1326,1183,8936
1080,3520,1080.3936091401883,99650,122,93,246,102,87882,49430,1.3779427997992975,69,39,22810,22972,13607,7632,13145,19161,49106,38813,24491,15932,971,271,1429,3634,15597,21261,3447,273,1645,15478,9363,51,325,289,14123,1335,1192,8966
1081,3520,1081.224111587901,99650,134,89,246,102,87904,49433,1.3781936778725539,63,40,22813,22995,13548,7601,13195,19172,49106,38813,24572,16030,971,270,1420,3636,15550,21311,3445,273,1647,15422,9323,51,325,289,14177,1344,1197,8999
1082,3520,1082.054302014102,99650,130,91,246,102,87913,49448,1.37843452082288,67,32,22828,23004,13472,7568,13256,19202,49106,38813,24652,16128,971,270,1415,3638,15500,21368,3443,273,1634,15366,9287,51,325,289,14228,1348,1213,9031
1083,3520,1083.2988514708802,99650,127,87,246,102,87932,49461,1.3787556447566482,62,31,22890,23068,13391,7532,13283,19179,49106,38813,24731,16225,971,270,1411,3640,15446,21439,3440,272,1630,15312,9249,50,322,292,14269,1351,1224,9062
1084,3520,1084.1265213584825,99650,132,86,246,102,87949,49468,1.3789964877069745,62,31,22895,23075,13327,7506,13337,19199,49106,38813,24809,16321,970,270,1406,3637,15398,21498,3440,273,1624,15257,9216,50,321,293,14316,1356,1235,9090
1085,3520,1085.3671864928042,99650,115,82,246,102,87965,49473,1.3792072252885097,70,38,22968,23147,13246,7466,13354,19164,49106,38813,24887,16416,969,270,1401,3636,15360,21554,3438,274,1621,15186,9176,50,320,294,14373,1360,1247,9121
1086,3520,1086.1922107556247,99650,120,86,246,102,87975,49483,1.379407927747115,78,42,22969,23148,13171,7432,13415,19189,49106,38813,24964,16510,969,270,1397,3635,15310,21608,3438,274,1615,15134,9144,50,319,295,14423,1364,1255,9150
1087,3520,1087.0168576560136,99650,118,84,246,102,87990,49493,1.3796588058203714,77,34,22967,23177,13123,7404,13468,19198,49106,38813,25040,16604,969,269,1395,3638,15272,21654,3435,274,1614,15073,9103,50,315,299,14477,1366,1264,9183
1088,3520,1088.253269475951,99650,114,76,246,102,88013,49501,1.3799698946312093,68,35,23019,23243,13039,7356,13513,19187,49106,38813,25115,16697,967,269,1387,3635,15228,21712,3434,276,1611,15010,9075,50,315,299,14532,1372,1277,9201
1089,3520,1089.076582930782,99650,115,75,246,102,88023,49507,1.3801304565980934,72,36,23023,23262,12972,7326,13571,19198,49106,38813,25189,16789,967,269,1382,3636,15176,21769,3433,276,1608,14962,9030,50,312,302,14575,1377,1283,9243
1090,3520,1090.3106440316276,99650,121,74,246,102,88046,49517,1.3804616156547918,70,37,23047,23317,12905,7289,13610,19180,49106,38813,25263,16880,967,269,1375,3636,15133,21825,3430,276,1607,14908,8991,50,310,303,14621,1383,1292,9274
1091,3520,1091.1326216358623,99650,125,79,246,102,88060,49529,1.3807225288509783,67,37,23050,23336,12851,7249,13660,19196,49106,38813,25336,16971,967,269,1371,3636,15085,21883,3429,276,1608,14844,8964,50,308,305,14678,1386,1294,9297
1092,3520,1092.3647835177226,99650,124,77,246,102,88077,49542,1.3810235825388861,67,34,23106,23388,12769,7220,13687,19178,49106,38813,25408,17061,966,269,1368,3636,15045,21938,3427,277,1607,14784,8934,50,304,309,14726,1389,1303,9318
1093,3520,1093.184787737942,99650,111,76,246,102,88086,49551,1.3812042147516308,64,31,23129,23395,12717,7187,13732,19208,49106,38813,25479,17150,965,269,1364,3639,14995,21995,3424,278,1602,14730,8907,50,301,312,14774,1393,1314,9338
1094,3520,1094.0040319503169,99650,111,75,246,102,88102,49560,1.3814550928248872,60,29,23129,23432,12671,7149,13782,19212,49106,38813,25550,17238,965,269,1357,3636,14947,22050,3424,278,1600,14676,8874,50,297,315,14825,1400,1323,9364
