,indexID,time,N,Inf_L,Inf_H,Dead_L,Dead_H,cum_cases_L,cum_cases_H,cum_sum_per_N,Exposed_L,Exposed_H,Sus_L,Sus_H,Rec_nat_L,Rec_nat_H,Rec_vax_L,Rec_vax_H,vaccinatedH,vaccinatedL,boostedH,boostedL,count_Naive,count_Delta,count_Delta_vaccine,count_two,count_three,count_four,count_Omicron,count_Omicron_star,count_Omicron_star_vaccine,count_Omicron_vaccine,count_Vaccine,count_WT,count_WT_vaccine,count_WT_vaccine_boost,count_Omicron_vaccine_boost,count_Delta_vaccine_boost,count_Omicron_star_vaccine_boost,count_Vaccine_boost
0,2914,1.0704681895777528,99996,9,3,0,0,10,3,0.00013000520020800833,15,22,49973,49973,1,0,0,0,0,0,0,0,99995,0,0,0,0,0,0,0,0,0,0,1,0,0,0,0,0,0
1,2914,2.0733004830786017,99996,9,6,0,0,13,7,0.0002000080003200128,14,19,49971,49972,4,1,0,0,0,0,0,0,99991,0,0,0,0,0,0,0,0,0,0,5,0,0,0,0,0,0
2,2914,3.08089130212157,99996,13,11,0,0,17,12,0.0002900116004640186,14,14,49967,49972,4,1,0,0,0,0,0,0,99991,0,0,0,0,0,0,0,0,0,0,5,0,0,0,0,0,0
3,2914,4.009849446097899,99996,15,14,0,0,22,16,0.0003800152006080243,16,11,49960,49971,7,2,0,0,0,0,0,0,99987,0,0,0,0,0,0,0,0,0,0,9,0,0,0,0,0,0
4,2914,5.0226295848310665,99996,16,14,0,0,25,19,0.00044001760070402814,14,8,49959,49971,9,5,0,0,0,0,0,0,99982,0,0,0,0,0,0,0,0,0,0,14,0,0,0,0,0,0
5,2914,6.003537710900414,99996,19,12,0,0,31,21,0.0005200208008320333,11,9,49956,49968,12,9,0,0,0,0,0,0,99975,0,0,0,0,0,0,0,0,0,0,21,0,0,0,0,0,0
6,2914,7.113084408214302,99996,12,11,0,0,33,23,0.0005600224008960358,11,9,49954,49966,21,12,0,0,0,0,0,0,99963,0,0,0,0,0,0,0,0,0,0,33,0,0,0,0,0,0
7,2914,8.025697801702128,99996,9,11,0,0,34,26,0.0006000240009600384,10,7,49954,49965,25,15,0,0,0,0,0,0,99956,0,0,0,0,0,0,0,0,0,0,40,0,0,0,0,0,0
8,2914,9.006913231712803,99996,12,12,0,0,39,29,0.0006800272010880435,8,4,49951,49965,27,17,0,0,0,0,0,0,99952,0,0,0,0,0,0,0,0,0,0,44,0,0,0,0,0,0
9,2914,10.326303003770425,99996,8,9,0,0,40,30,0.0007000280011200448,11,4,49947,49964,32,21,0,0,0,0,0,0,99943,0,0,0,0,0,0,0,0,0,0,53,0,0,0,0,0,0
10,2914,11.063652958143697,99996,10,9,0,0,43,31,0.0007400296011840473,8,4,49947,49963,33,22,0,0,0,0,0,0,99941,0,0,0,0,0,0,0,0,0,0,55,0,0,0,0,0,0
11,2914,12.068708513656043,99996,9,8,0,0,46,32,0.00078003120124805,7,5,49945,49961,37,24,0,0,0,0,0,0,99935,0,0,0,0,0,0,0,0,0,0,61,0,0,0,0,0,0
12,2914,13.047312225800052,99996,7,6,0,0,48,33,0.0008100324012960519,5,5,49945,49960,41,27,0,0,0,0,0,0,99928,0,0,0,0,0,0,0,0,0,0,68,0,0,0,0,0,0
13,2914,14.326069848372228,99996,9,5,0,0,51,34,0.0008500340013600544,5,5,49943,49959,41,29,0,0,0,0,0,0,99925,0,0,0,0,0,0,0,0,0,0,71,0,0,0,0,0,0
14,2914,15.260725316806887,99996,9,5,0,0,51,35,0.0008600344013760551,7,4,49941,49959,41,30,0,0,0,0,0,0,99924,0,0,0,0,0,0,0,0,0,0,72,0,0,0,0,0,0
15,2914,16.211139302160642,99996,10,4,0,0,52,36,0.0008800352014080563,7,4,49941,49958,40,32,0,0,0,0,0,0,99922,0,0,0,0,0,0,0,0,0,0,74,0,0,0,0,0,0
16,2914,17.10653236163385,99996,11,4,0,0,53,37,0.0009000360014400576,7,3,49940,49958,40,33,0,0,0,0,0,0,99921,0,0,0,0,0,0,0,0,0,0,75,0,0,0,0,0,0
17,2914,18.034267394674664,99996,15,5,0,0,57,38,0.0009500380015200608,5,2,49938,49958,40,33,0,0,0,0,0,0,99921,0,0,0,0,0,0,0,0,0,0,75,0,0,0,0,0,0
18,2914,19.27066597064015,99996,14,4,0,0,59,38,0.0009700388015520621,6,6,49936,49954,42,34,0,0,0,0,0,0,99917,0,0,0,0,0,0,0,0,0,0,79,0,0,0,0,0,0
19,2914,20.324832850535728,99996,16,6,0,0,63,41,0.0010400416016640667,5,4,49933,49953,44,35,0,0,0,0,0,0,99914,0,0,0,0,0,0,0,0,0,0,82,0,0,0,0,0,0
20,2914,21.218924008297805,99996,14,7,0,0,63,43,0.0010600424016960679,6,2,49932,49954,46,35,0,0,0,0,0,0,99911,0,0,0,0,0,0,0,0,0,0,85,0,0,0,0,0,0
21,2914,22.243213558628195,99996,11,7,0,0,63,43,0.0010600424016960679,9,2,49930,49954,48,35,0,0,0,0,0,0,99908,0,0,0,0,0,0,0,0,0,0,88,0,0,0,0,0,0
22,2914,23.08751856208708,99996,11,7,0,0,63,43,0.0010600424016960679,10,2,49929,49954,48,35,0,0,0,0,0,0,99908,0,0,0,0,0,0,0,0,0,0,88,0,0,0,0,0,0
23,2914,24.027339003686443,99996,16,7,0,0,68,44,0.0011200448017920717,9,1,49925,49954,48,36,0,0,0,0,0,0,99907,0,0,0,0,0,0,0,0,0,0,89,0,0,0,0,0,0
24,2914,25.224385730798595,99996,14,6,0,0,69,44,0.0011300452018080723,10,3,49924,49952,50,37,0,0,0,0,0,0,99903,0,0,0,0,0,0,0,0,0,0,93,0,0,0,0,0,0
25,2914,26.029490738598394,99996,17,5,0,0,72,45,0.001170046801872075,8,3,49923,49951,50,39,0,0,0,0,0,0,99901,0,0,0,0,0,0,0,0,0,0,95,0,0,0,0,0,0
26,2914,27.183871440333355,99996,18,6,0,0,73,47,0.0012000480019200767,8,1,49923,49951,49,40,0,0,0,0,0,0,99900,0,0,0,0,0,0,0,0,0,0,96,0,0,0,0,0,0
27,2914,28.02311596136044,99996,20,5,0,0,77,47,0.0012400496019840794,6,2,49921,49950,51,41,0,0,0,0,0,0,99897,0,0,0,0,0,0,0,0,0,0,99,0,0,0,0,0,0
28,2914,29.195329917467316,99996,21,4,0,0,81,47,0.001280051202048082,6,2,49918,49950,53,42,0,0,0,0,0,0,99893,0,0,0,0,0,0,0,0,0,0,103,0,0,0,0,0,0
29,2914,30.213161991869242,99996,19,3,0,0,82,47,0.0012900516020640826,8,4,49915,49948,56,43,0,0,0,0,0,0,99889,0,0,0,0,0,0,0,0,0,0,107,0,0,0,0,0,0
30,2914,31.121585414417144,99996,20,5,0,0,84,49,0.0013300532021280852,9,4,49912,49946,57,43,0,0,0,0,0,0,99888,0,0,0,0,0,0,0,0,0,0,108,0,0,0,0,0,0
31,2914,32.082415054450905,99996,22,7,0,0,86,51,0.0013700548021920876,11,4,49908,49945,57,42,0,0,0,0,0,0,99888,0,0,0,0,0,0,0,0,0,0,108,0,0,0,0,0,0
32,2914,33.10013106259405,99996,23,7,0,0,88,53,0.0014100564022560902,11,4,49906,49943,58,44,0,0,0,0,0,0,99885,0,0,0,0,0,0,0,0,0,0,111,0,0,0,0,0,0
33,2914,34.14825774454081,99996,20,7,0,0,90,53,0.0014300572022880914,12,6,49903,49942,63,43,0,0,0,0,0,0,99880,0,0,0,0,0,0,0,0,0,0,116,0,0,0,0,0,0
34,2914,35.06166761298879,99996,20,6,0,0,93,54,0.001470058802352094,14,6,49898,49941,66,45,0,0,0,0,0,0,99875,0,0,0,0,0,0,0,0,0,0,121,0,0,0,0,0,0
35,2914,36.154347495027636,99996,20,8,0,0,98,58,0.0015600624024961,11,6,49896,49937,71,47,0,0,0,0,0,0,99868,0,0,0,0,0,0,0,0,0,0,128,0,0,0,0,0,0
36,2914,37.1978620764014,99996,19,8,0,0,99,59,0.001580063202528101,13,5,49893,49937,73,48,0,0,0,0,0,0,99865,0,0,0,0,0,0,0,0,0,0,131,0,0,0,0,0,0
37,2914,38.10866849937006,99996,22,8,0,0,103,59,0.0016200648025921037,12,7,49890,49936,74,47,0,0,0,0,0,0,99864,0,0,0,0,0,0,0,0,0,0,132,0,0,0,0,0,0
38,2914,39.235665594492616,99996,21,6,0,0,108,59,0.001670066802672107,9,8,49888,49935,80,49,0,0,0,0,0,0,99856,0,0,0,0,0,0,0,0,0,0,140,0,0,0,0,0,0
39,2914,40.02209144802049,99996,24,8,0,0,113,62,0.001750070002800112,6,5,49886,49935,82,50,0,0,0,0,0,0,99853,0,0,0,0,0,0,0,0,0,0,143,0,0,0,0,0,0
40,2914,41.17130344438614,99996,19,7,0,0,113,63,0.0017600704028161126,7,4,49885,49935,87,52,0,0,0,0,0,0,99846,0,0,0,0,0,0,0,0,0,0,150,0,0,0,0,0,0
41,2914,42.10847742794672,99996,24,8,0,0,119,66,0.0018500740029601184,3,4,49884,49932,87,54,0,0,0,0,0,0,99843,0,0,0,0,0,0,0,0,0,0,153,0,0,0,0,0,0
42,2914,43.0105430311582,99996,22,9,0,0,120,69,0.001890075603024121,5,1,49881,49932,90,56,0,0,0,0,0,0,99838,0,0,0,0,0,0,0,0,0,0,158,0,0,0,0,0,0
43,2914,44.02005459157608,99996,20,6,0,0,121,69,0.0019000760030401216,10,1,49877,49932,91,59,0,0,0,0,0,0,99832,0,0,0,0,0,0,0,0,0,0,164,0,0,0,0,0,0
44,2914,45.259174842883596,99996,22,7,0,0,124,70,0.0019400776031041243,10,1,49875,49932,91,58,0,0,0,0,0,0,99831,0,0,0,0,0,0,0,0,0,0,165,0,0,0,0,0,0
45,2914,46.3110287197285,99996,22,6,0,0,126,70,0.0019600784031361253,11,1,49872,49932,93,59,0,0,0,0,0,0,99828,0,0,0,0,0,0,0,0,0,0,168,0,0,0,0,0,0
46,2914,47.0271466298742,99996,21,4,0,0,127,70,0.001970078803152126,11,1,49871,49932,95,61,0,0,0,0,0,0,99824,0,0,0,0,0,0,0,0,0,0,172,0,0,0,0,0,0
47,2914,48.08393845742752,99996,19,4,0,0,129,70,0.0019900796031841273,12,4,49868,49930,99,60,0,0,0,0,0,0,99820,0,0,0,0,0,0,0,0,0,0,176,0,0,0,0,0,0
48,2914,49.232717960977844,99996,21,2,0,0,131,70,0.0020100804032161285,13,4,49865,49930,99,62,0,0,0,0,0,0,99818,0,0,0,0,0,0,0,0,0,0,178,0,0,0,0,0,0
49,2914,50.12733520408198,99996,21,2,0,0,133,70,0.00203008120324813,13,5,49863,49929,101,62,0,0,0,0,0,0,99816,0,0,0,0,0,0,0,0,0,0,180,0,0,0,0,0,0
50,2914,51.06633936974944,99996,22,4,0,0,137,72,0.0020900836033441337,10,5,49862,49927,104,62,0,0,0,0,0,0,99813,0,0,0,0,0,0,0,0,0,0,183,0,0,0,0,0,0
51,2914,52.17158757556486,99996,23,5,0,0,141,73,0.002140085603424137,9,6,49859,49925,107,62,0,0,0,0,0,0,99810,0,0,0,0,0,0,0,0,0,0,186,0,0,0,0,0,0
52,2914,53.146983092431825,99996,24,6,0,0,144,75,0.00219008760350414,11,4,49854,49925,109,63,0,0,0,0,0,0,99807,0,0,0,0,0,0,0,0,0,0,189,0,0,0,0,0,0
53,2914,54.14675871727851,99996,23,6,0,0,144,76,0.002200088003520141,17,6,49848,49922,110,64,0,0,0,0,0,0,99805,0,0,0,0,0,0,0,0,0,0,191,0,0,0,0,0,0
54,2914,55.07343145060984,99996,23,6,0,0,148,77,0.0022500900036001442,16,8,49845,49919,114,65,0,0,0,0,0,0,99800,0,0,0,0,0,0,0,0,0,0,196,0,0,0,0,0,0
55,2914,56.03129032262871,99996,30,7,0,0,155,79,0.00234009360374415,15,6,49839,49919,114,66,0,0,0,0,0,0,99799,0,0,0,0,0,0,0,0,0,0,197,0,0,0,0,0,0
56,2914,57.070109382716645,99996,26,8,0,0,158,80,0.0023800952038081523,20,6,49831,49918,121,66,0,0,0,0,0,0,99792,0,0,0,0,0,0,0,0,0,0,204,0,0,0,0,0,0
57,2914,58.2024402163901,99996,29,6,0,0,163,83,0.0024600984039361575,21,7,49825,49914,123,71,0,0,0,0,0,0,99785,0,0,0,0,0,0,0,0,0,0,211,0,0,0,0,0,0
58,2914,59.00448086310734,99996,29,8,0,0,171,86,0.0025701028041121643,16,7,49822,49911,131,72,0,0,0,0,0,0,99776,0,0,0,0,0,0,0,0,0,0,220,0,0,0,0,0,0
59,2914,60.21982650986098,99996,26,6,0,0,174,86,0.0026001040041601664,14,7,49821,49912,137,73,0,0,0,0,0,0,99768,0,0,0,0,0,0,0,0,0,0,228,0,0,0,0,0,0
60,2914,61.13278329360894,99996,23,7,0,0,176,87,0.0026301052042081684,12,10,49821,49908,142,73,0,0,0,0,0,0,99763,0,0,0,0,0,0,0,0,0,0,233,0,0,0,0,0,0
61,2914,62.0292530359045,99996,20,5,0,0,178,88,0.0026601064042561704,15,9,49816,49908,147,76,0,0,0,0,0,0,99755,0,0,0,0,0,0,0,0,0,0,241,0,0,0,0,0,0
62,2914,63.16730583184097,99996,24,5,0,0,185,89,0.002740109604384175,17,10,49809,49906,148,77,0,0,0,0,0,0,99751,0,0,0,0,0,0,0,0,0,0,245,0,0,0,0,0,0
63,2914,64.00833842123745,99996,28,6,0,0,190,91,0.0028101124044961796,12,11,49810,49903,148,78,0,0,0,0,0,0,99749,0,0,0,0,0,0,0,0,0,0,247,0,0,0,0,0,0
64,2914,65.0024437615283,99996,25,6,0,0,190,93,0.0028301132045281813,16,10,49806,49902,151,80,0,0,0,0,0,0,99744,0,0,0,0,0,0,0,0,0,0,252,0,0,0,0,0,0
65,2914,66.08797114862018,99996,27,7,0,0,195,95,0.0029001160046401857,19,13,49798,49898,154,80,0,0,0,0,0,0,99740,0,0,0,0,0,0,0,0,0,0,256,0,0,0,0,0,0
66,2914,67.08388122588246,99996,28,9,0,0,200,97,0.00297011880475219,15,12,49797,49897,158,80,0,0,0,0,0,0,99736,0,0,0,0,0,0,0,0,0,0,260,0,0,0,0,0,0
67,2914,68.11372530664144,99996,30,15,0,0,203,103,0.0030601224048961958,14,9,49796,49894,158,80,0,0,0,0,0,0,99735,0,0,0,0,0,0,0,0,0,0,261,0,0,0,0,0,0
68,2914,69.0988456879006,99996,34,14,0,0,209,104,0.0031301252050082,13,10,49792,49892,159,82,0,0,0,0,0,0,99731,0,0,0,0,0,0,0,0,0,0,265,0,0,0,0,0,0
69,2914,70.01747075393433,99996,32,15,0,0,211,107,0.0031801272050882034,19,12,49785,49888,162,83,0,0,0,0,0,0,99725,0,0,0,0,0,0,0,0,0,0,271,0,0,0,0,0,0
70,2914,71.0078960226685,99996,33,12,0,0,217,108,0.003250130005200208,21,15,49778,49884,166,87,0,0,0,0,0,0,99716,0,0,0,0,0,0,0,0,0,0,280,0,0,0,0,0,0
71,2914,72.02909952977868,99996,34,17,0,0,224,115,0.003390135605424217,21,11,49771,49881,172,89,0,0,0,0,0,0,99708,0,0,0,0,0,0,0,0,0,0,288,0,0,0,0,0,0
72,2914,73.18416280254316,99996,33,17,0,0,228,118,0.0034601384055362215,19,11,49771,49879,175,91,0,0,0,0,0,0,99700,0,0,0,0,0,0,0,0,0,0,296,0,0,0,0,0,0
73,2914,74.01119877359139,99996,34,16,0,0,232,120,0.003520140805632225,18,11,49769,49877,177,94,0,0,0,0,0,0,99694,0,0,0,0,0,0,0,0,0,0,302,0,0,0,0,0,0
74,2914,75.03836722145131,99996,35,21,0,0,238,128,0.0036601464058562344,17,6,49765,49874,181,97,0,0,0,0,0,0,99686,0,0,0,0,0,0,0,0,0,0,310,0,0,0,0,0,0
75,2914,76.19677275072237,99996,36,20,0,0,247,131,0.003780151206048242,14,7,49760,49871,188,100,0,0,0,0,0,0,99674,0,0,0,0,0,0,0,0,0,0,322,0,0,0,0,0,0
76,2914,77.31421345640268,99996,39,19,0,0,254,133,0.0038701548061922477,13,7,49754,49869,192,103,0,0,0,0,0,0,99667,0,0,0,0,0,0,0,0,0,0,329,0,0,0,0,0,0
77,2914,78.00532769456684,99996,38,15,0,0,254,133,0.0038701548061922477,21,7,49747,49869,192,107,0,0,0,0,0,0,99663,0,0,1,0,0,0,0,0,0,0,332,0,0,0,0,0,0
78,2914,79.28926565744719,99995,33,13,1,0,260,135,0.003950197509875494,20,12,49745,49862,199,111,0,0,0,0,0,0,99648,0,0,1,0,0,0,0,0,0,0,346,0,0,0,0,0,0
79,2914,80.06815844814064,99995,32,12,1,0,263,136,0.003990199509975499,21,12,49741,49861,203,113,0,0,0,0,0,0,99642,0,0,1,0,0,0,0,0,0,0,352,0,0,0,0,0,0
80,2914,81.04780598719371,99995,34,15,1,0,270,141,0.004110205510275514,18,9,49737,49859,208,115,0,0,0,0,0,0,99635,0,0,1,0,0,0,0,0,0,0,359,0,0,0,0,0,0
81,2914,82.01063293911592,99995,32,13,1,0,276,143,0.004190209510475524,15,9,49735,49857,215,119,0,0,0,0,0,0,99623,0,0,1,0,0,0,0,0,0,0,371,0,0,0,0,0,0
82,2914,83.03567973475435,99995,29,13,1,0,276,144,0.004200210010500525,19,9,49732,49856,217,120,0,0,0,0,0,0,99619,0,0,1,0,0,0,0,0,0,0,375,0,0,0,0,0,0
83,2914,84.12354193439674,99995,29,13,1,0,284,146,0.004300215010750537,17,11,49727,49853,224,121,0,0,0,0,0,0,99609,0,0,1,0,0,0,0,0,0,0,385,0,0,0,0,0,0
84,2914,85.02282744726863,99995,25,16,1,0,286,151,0.004370218510925546,18,7,49724,49852,230,123,0,0,0,0,0,0,99601,0,0,1,0,0,0,0,0,0,0,393,0,0,0,0,0,0
85,2914,86.05560353657089,99995,26,16,1,0,293,153,0.004460223011150557,16,8,49721,49850,234,124,0,0,0,0,0,0,99593,0,0,1,0,0,0,0,0,0,0,401,0,0,0,0,0,0
86,2914,87.10017387358063,99995,24,14,1,0,295,155,0.004500225011250562,23,9,49712,49848,238,127,0,0,0,0,0,0,99585,0,0,1,0,0,0,0,0,0,0,409,0,0,0,0,0,0
87,2914,88.00617842031805,99995,22,14,1,0,300,158,0.004580229011450572,20,8,49711,49846,244,130,0,0,0,0,0,0,99575,0,0,1,0,0,0,0,0,0,0,419,0,0,0,0,0,0
88,2914,89.04616702775685,99995,23,13,1,0,303,159,0.004620231011550577,20,10,49709,49843,245,132,0,0,0,0,0,0,99571,0,0,1,0,0,0,0,0,0,0,423,0,0,0,0,0,0
89,2914,90.0090932531576,99995,30,12,1,0,311,159,0.004700235011750587,20,12,49703,49841,244,133,0,0,0,0,0,0,99569,0,0,1,0,0,0,0,0,0,0,425,0,0,0,0,0,0
90,2914,91.10847558322962,99995,31,12,1,0,314,160,0.004740237011850592,26,13,49694,49841,246,132,0,0,0,0,0,0,99566,0,0,1,0,0,0,0,0,0,0,428,0,0,0,0,0,0
91,2914,92.06059086094967,99995,33,16,1,0,319,164,0.004830241512075604,25,11,49690,49839,249,132,0,0,0,0,0,0,99563,0,0,1,0,0,0,0,0,0,0,431,0,0,0,0,0,0
92,2914,93.00793871929156,99995,36,16,1,0,326,166,0.004920246012300615,23,13,49686,49835,252,134,0,0,0,0,0,0,99557,0,0,1,0,0,0,0,0,0,0,437,0,0,0,0,0,0
93,2914,94.24828557559619,99995,37,18,1,0,331,169,0.005000250012500625,26,12,49680,49834,254,134,0,0,0,0,0,0,99552,0,0,1,0,0,0,0,0,0,0,442,0,0,0,0,0,0
94,2914,95.09795464693117,99995,40,18,1,0,335,170,0.005050252512625631,27,14,49676,49831,254,135,0,0,0,0,0,0,99550,0,0,1,0,0,0,0,0,0,0,444,0,0,0,0,0,0
95,2914,96.21357994366618,99995,43,17,1,0,343,172,0.005150257512875644,25,14,49673,49830,256,137,0,0,0,0,0,0,99542,0,0,1,0,0,0,0,0,0,0,452,0,0,0,0,0,0
96,2914,97.02856632432457,99995,46,16,1,0,347,174,0.005210260513025651,22,12,49672,49831,257,139,0,0,0,0,0,0,99538,0,0,1,0,0,0,0,0,0,0,456,0,0,0,0,0,0
97,2914,98.03691768671597,99995,44,15,1,0,354,177,0.005310265513275664,21,14,49667,49826,265,143,0,0,0,0,0,0,99525,0,0,1,0,0,0,0,0,0,0,469,0,0,0,0,0,0
98,2914,99.00078608234938,99995,44,14,1,0,360,179,0.005390269513475674,20,13,49662,49825,271,146,0,0,0,0,0,0,99516,0,0,1,0,0,0,0,0,0,0,478,0,0,0,0,0,0
99,2914,100.14262646228525,99995,47,12,1,0,367,181,0.005480274013700685,22,14,49655,49822,273,150,0,0,0,0,0,0,99508,0,0,1,0,0,0,0,0,0,0,486,0,0,0,0,0,0
100,2914,101.08822709501659,99995,41,18,1,0,373,187,0.0056002800140007,24,8,49648,49823,284,149,0,0,0,0,0,0,99496,0,0,1,0,0,0,0,0,0,0,498,0,0,0,0,0,0
101,2914,102.32760514379635,99995,42,19,1,0,378,189,0.005670283514175709,24,8,49643,49821,288,150,0,0,0,0,0,0,99491,0,0,1,0,0,0,0,0,0,0,503,0,0,0,0,0,0
102,2914,103.02550584949255,99995,44,19,1,0,385,189,0.005740287014350718,19,10,49642,49819,292,150,0,0,0,0,0,0,99486,0,0,1,0,0,0,0,0,0,0,508,0,0,0,0,0,0
103,2914,104.04454734622898,99995,42,21,1,0,387,193,0.005800290014500725,25,8,49635,49817,295,152,0,0,0,0,0,0,99480,0,0,1,0,0,0,0,0,0,0,514,0,0,0,0,0,0
104,2914,105.22264940687079,99995,44,20,1,0,395,194,0.005890294514725736,30,13,49624,49812,299,153,0,0,0,0,0,0,99472,0,0,1,0,0,0,0,0,0,0,522,0,0,0,0,0,0
105,2914,106.1253016965713,99995,44,21,1,0,400,197,0.005970298514925746,34,11,49617,49811,302,155,0,0,0,0,0,0,99465,0,0,1,0,0,0,0,0,0,0,529,0,0,0,0,0,0
106,2914,107.09057023087468,99995,52,18,1,0,408,199,0.006070303515175759,36,12,49608,49808,301,160,0,0,0,0,0,0,99460,0,0,1,0,0,0,0,0,0,0,534,0,0,0,0,0,0
107,2914,108.01303777436728,99995,50,17,1,0,412,202,0.006140307015350768,38,11,49602,49807,307,163,0,0,0,0,0,0,99450,0,0,1,0,0,0,0,0,0,0,544,0,0,0,0,0,0
108,2914,109.2060355645646,99995,55,19,1,0,426,207,0.006330316515825792,36,17,49590,49797,316,165,0,0,0,0,0,0,99438,0,0,1,0,0,0,0,0,0,0,556,0,0,0,0,0,0
109,2914,110.04482087272402,99995,55,23,1,0,432,211,0.006430321516075804,38,17,49583,49794,321,164,0,0,0,0,0,0,99432,0,0,1,0,0,0,0,0,0,0,562,0,0,0,0,0,0
110,2914,111.16084362231575,99995,59,21,1,0,443,218,0.006610330516525827,45,12,49566,49793,327,172,0,0,0,0,0,0,99416,0,0,1,0,0,0,0,0,0,0,578,0,0,0,0,0,0
111,2914,112.20123175988893,99995,64,19,1,0,453,220,0.006730336516825842,40,15,49562,49790,331,174,0,0,0,0,0,0,99408,0,0,2,0,0,0,0,0,0,0,585,0,0,0,0,0,0
112,2914,113.23502831230732,99995,65,20,1,0,469,224,0.006930346517325867,36,19,49553,49783,343,176,0,0,0,0,0,0,99390,0,0,2,0,0,0,0,0,0,0,603,0,0,0,0,0,0
113,2914,114.16483585433157,99995,63,19,1,0,481,227,0.007080354017700885,31,20,49547,49781,356,178,0,0,0,0,0,0,99372,0,0,2,0,0,0,0,0,0,0,621,0,0,0,0,0,0
114,2914,115.11402208640646,99995,59,22,1,0,483,232,0.007150357517875894,33,19,49543,49777,362,180,0,0,0,0,0,0,99364,0,0,2,0,0,0,0,0,0,0,629,0,0,0,0,0,0
115,2914,116.22148973864391,99995,57,22,1,0,493,234,0.007270363518175909,32,24,49538,49770,370,182,0,0,0,0,0,0,99350,0,0,2,0,0,0,0,0,0,0,643,0,0,0,0,0,0
116,2914,117.21024821719807,99995,56,25,1,0,498,240,0.0073803690184509226,40,18,49527,49770,374,185,0,0,0,0,0,0,99341,0,0,2,0,0,0,0,0,0,0,652,0,0,0,0,0,0
117,2914,118.21467702641891,99995,54,27,1,0,501,243,0.0074403720186009305,44,18,49521,49767,378,186,0,0,0,0,0,0,99335,0,0,2,0,0,0,0,0,0,0,658,0,0,0,0,0,0
118,2914,119.12832989438148,99995,53,24,1,0,510,244,0.0075403770188509425,43,18,49514,49766,387,190,0,0,0,0,0,0,99321,0,0,2,0,0,0,0,0,0,0,672,0,0,0,0,0,0
119,2914,120.21764931515096,99995,47,27,1,0,515,248,0.0076303815190759535,41,16,49514,49767,395,188,0,0,0,0,0,0,99309,0,0,2,0,0,0,0,0,0,0,684,0,0,0,0,0,0
120,2914,121.04679467913431,99995,49,28,1,0,525,251,0.00776038801940097,35,16,49511,49764,402,190,0,0,0,0,0,0,99299,0,0,2,0,0,0,0,0,0,0,694,0,0,0,0,0,0
121,2914,122.1363305050824,99995,48,25,1,0,533,256,0.007890394519725986,41,18,49498,49757,410,198,0,0,0,0,0,0,99282,0,0,2,0,0,0,0,0,0,0,711,0,0,0,0,0,0
122,2914,123.06795375255041,99995,51,25,1,0,541,262,0.008030401520076004,38,19,49495,49751,413,203,0,0,0,0,0,0,99271,0,0,2,0,0,0,0,0,0,0,722,0,0,0,0,0,0
123,2914,124.00988925793857,99995,50,23,1,0,546,265,0.008110405520276014,39,20,49489,49747,419,208,0,0,0,0,0,0,99260,0,0,2,0,0,0,0,0,0,0,733,0,0,0,0,0,0
124,2914,125.00795276879948,99995,51,23,1,0,555,270,0.00825041252062603,40,20,49480,49742,426,213,0,0,0,0,0,0,99247,0,0,2,0,0,0,0,0,0,0,746,0,0,0,0,0,0
125,2914,126.22224161329513,99995,53,25,1,0,566,276,0.008420421021051052,41,19,49470,49737,433,217,0,0,0,0,0,0,99234,0,0,2,0,0,0,0,0,0,0,759,0,0,0,0,0,0
126,2914,127.03266255364954,99995,58,25,1,0,575,278,0.008530426521326066,33,21,49470,49733,436,219,0,0,0,0,0,0,99228,0,0,2,0,0,0,0,0,0,0,765,0,0,0,0,0,0
127,2914,128.1253285383247,99995,55,27,1,0,581,284,0.00865043252162608,36,20,49464,49728,442,223,0,0,0,0,0,0,99215,0,0,2,0,0,0,0,0,0,0,778,0,0,0,0,0,0
128,2914,129.11551878181226,99995,52,19,1,0,589,284,0.008730436521826092,33,24,49459,49724,453,231,0,0,0,0,0,0,99196,0,0,2,0,0,0,0,0,0,0,797,0,0,0,0,0,0
129,2914,130.199707657441,99995,55,19,1,0,599,287,0.008860443022151108,36,25,49446,49720,460,234,0,0,0,0,0,0,99186,0,0,2,0,0,0,0,0,0,0,807,0,0,0,0,0,0
130,2914,131.27835966491222,99995,54,27,1,0,608,297,0.009050452522626132,32,19,49444,49718,467,234,0,0,0,0,0,0,99174,0,0,2,0,0,0,0,0,0,0,819,0,0,0,0,0,0
131,2914,132.1307716656699,99995,57,27,1,0,617,300,0.009170458522926146,27,19,49442,49716,471,236,0,0,0,0,0,0,99165,0,0,2,0,0,0,0,0,0,0,828,0,0,0,0,0,0
132,2914,133.116835195394,99995,59,27,1,0,625,304,0.009290464523226162,27,21,49435,49711,476,239,0,0,0,0,0,0,99155,0,0,2,0,0,0,0,0,0,0,838,0,0,0,0,0,0
133,2914,134.1076635576444,99995,56,28,1,0,635,308,0.009430471523576178,30,19,49424,49709,487,242,0,0,0,0,0,0,99139,0,0,2,0,0,0,0,0,0,0,854,0,0,0,0,0,0
134,2914,135.16838127936433,99995,53,33,1,0,641,313,0.009540477023851192,33,18,49415,49706,496,241,0,0,0,0,0,0,99130,0,0,2,0,0,0,0,0,0,0,863,0,0,0,0,0,0
135,2914,136.01697488501895,99995,54,31,1,0,647,316,0.009630481524076204,38,17,49405,49704,500,246,0,0,0,0,0,0,99120,0,0,2,0,0,0,0,0,0,0,873,0,0,0,0,0,0
136,2914,137.10271839873292,99994,60,29,2,0,665,319,0.009840590435426125,36,22,49392,49696,508,251,0,0,0,0,0,0,99103,0,0,2,0,0,0,0,0,0,0,889,0,0,0,0,0,0
137,2914,138.09426799980662,99994,57,26,2,0,673,327,0.01000060003600216,37,18,49385,49692,517,262,0,0,0,0,0,0,99081,0,0,2,0,0,0,0,0,0,0,911,0,0,0,0,0,0
138,2914,139.07313941231297,99994,56,29,2,0,677,330,0.010070604236254175,37,19,49382,49692,521,258,0,0,0,0,0,0,99076,0,0,2,0,0,0,0,0,0,0,916,0,0,0,0,0,0
139,2914,140.16977724110336,99994,63,32,2,0,691,337,0.010280616837010221,33,19,49373,49685,527,262,0,0,0,0,0,0,99065,0,0,2,0,0,0,0,0,0,0,927,0,0,0,0,0,0
140,2914,141.07881758028412,99993,66,32,3,0,704,343,0.01047073295130659,36,18,49358,49681,535,267,0,0,0,0,0,0,99049,0,0,2,0,0,0,0,0,0,0,942,0,0,0,0,0,0
141,2914,142.0345698479431,99992,73,35,4,0,717,348,0.010650852068165453,29,17,49354,49678,538,268,0,0,0,0,0,0,99041,0,0,2,0,0,0,0,0,0,0,949,0,0,0,0,0,0
142,2914,143.23387032569445,99992,76,29,4,0,730,350,0.01080086406912553,38,29,49333,49665,547,275,0,0,0,0,0,0,99023,0,0,2,0,0,0,0,0,0,0,967,0,0,0,0,0,0
143,2914,144.22634778797124,99992,76,30,4,0,740,356,0.010960876870149612,35,32,49330,49656,553,280,0,0,0,0,0,0,99008,0,0,2,0,0,0,0,0,0,0,982,0,0,0,0,0,0
144,2914,145.21891817547765,99992,71,36,4,0,748,364,0.011120889671173693,38,30,49321,49651,564,281,0,0,0,0,0,0,98993,0,0,2,0,0,0,0,0,0,0,997,0,0,0,0,0,0
145,2914,146.2116631763394,99992,70,44,4,0,760,377,0.011370909672773821,41,30,49307,49638,576,286,0,0,0,0,0,0,98975,0,0,2,0,0,0,0,0,0,0,1015,0,0,0,0,0,0
146,2914,147.20461986832763,99992,68,42,4,0,769,382,0.011510920873669894,42,33,49300,49630,584,293,0,0,0,0,0,0,98957,0,0,2,0,0,0,0,0,0,0,1033,0,0,0,0,0,0
147,2914,148.1977337389689,99992,75,45,4,0,783,390,0.011730938475078006,42,30,49288,49625,589,298,0,0,0,0,0,0,98945,0,0,2,0,0,0,0,0,0,0,1045,0,0,0,0,0,0
148,2914,149.19101564055538,99992,73,43,4,0,791,396,0.011870949675974077,49,32,49274,49618,598,305,0,0,0,0,0,0,98927,0,0,2,0,0,0,0,0,0,0,1063,0,0,0,0,0,0
149,2914,150.18452463443893,99992,79,50,4,0,802,410,0.012120969677574206,47,26,49265,49612,603,310,0,0,0,0,0,0,98915,0,0,2,0,0,0,0,0,0,0,1075,0,0,0,0,0,0
150,2914,151.1781709390599,99992,79,52,4,0,813,418,0.012310984878790303,57,25,49244,49605,614,316,0,0,0,0,0,0,98898,0,0,2,0,0,0,0,0,0,0,1092,0,0,0,0,0,0
151,2914,152.17213749674485,99992,79,48,4,0,829,423,0.012521001680134411,59,33,49228,49593,628,324,0,0,0,0,0,0,98873,0,0,2,0,0,0,0,0,0,0,1117,0,0,0,0,0,0
152,2914,153.16641611395784,99992,78,48,4,0,839,429,0.012681014481158492,68,35,49211,49586,637,329,0,0,0,0,0,0,98856,0,0,2,0,0,0,0,0,0,0,1134,0,0,0,0,0,0
153,2914,154.1609326578341,99992,83,49,4,0,855,435,0.012901032082566606,64,37,49202,49579,645,333,0,0,0,0,0,0,98840,0,0,2,0,0,0,0,0,0,0,1150,0,0,0,0,0,0
154,2914,155.15559418259255,99992,90,48,4,0,876,440,0.013161052884230738,56,36,49192,49579,656,335,0,0,0,0,0,0,98820,0,0,2,0,0,0,0,0,0,0,1170,0,0,0,0,0,0
155,2914,156.1504456713234,99992,85,53,4,0,887,450,0.013371069685574846,63,38,49180,49568,666,339,0,0,0,0,0,0,98799,0,0,2,0,0,0,0,0,0,0,1191,0,0,0,0,0,0
156,2914,157.14552619709653,99992,93,48,4,0,900,455,0.013551084086726938,66,42,49167,49564,668,344,0,0,0,0,0,0,98784,0,0,2,0,0,0,0,0,0,0,1206,0,0,0,0,0,0
157,2914,158.1407677467599,99992,95,54,4,0,917,469,0.013861108888711096,58,41,49158,49553,683,350,0,0,0,0,0,0,98761,0,0,2,0,0,0,0,0,0,0,1229,0,0,0,0,0,0
158,2914,159.13621081210178,99992,98,53,4,0,930,478,0.01408112649011921,55,37,49148,49551,693,357,0,0,0,0,0,0,98741,0,0,2,0,0,0,0,0,0,0,1249,0,0,0,0,0,0
159,2914,160.1319105820673,99992,99,53,4,0,951,489,0.014401152092167373,53,32,49130,49545,712,368,0,0,0,0,0,0,98710,0,0,2,0,0,0,0,0,0,0,1280,0,0,0,0,0,0
160,2914,161.12797211781128,99992,95,53,4,0,965,495,0.014601168093447477,54,28,49117,49544,728,373,0,0,0,0,0,0,98686,0,0,2,0,0,0,0,0,0,0,1304,0,0,0,0,0,0
161,2914,162.12436374249538,99992,96,56,4,0,984,504,0.01488119049523962,54,31,49100,49532,744,379,0,0,0,0,0,0,98662,0,0,2,0,0,0,0,0,0,0,1328,0,0,0,0,0,0
162,2914,163.1210431922258,99992,105,58,4,0,1005,511,0.015161212897031763,55,32,49080,49524,754,384,0,0,0,0,0,0,98645,0,0,2,0,0,0,0,0,0,0,1345,0,0,0,0,0,0
163,2914,164.1179980621888,99992,101,61,4,0,1022,518,0.015401232098567886,63,30,49058,49521,772,386,0,0,0,0,0,0,98621,0,0,3,0,0,0,0,0,0,0,1368,0,0,0,0,0,0
164,2914,165.1153273371732,99992,101,58,4,0,1042,524,0.015661252900232018,58,35,49045,49511,790,394,0,0,0,0,0,0,98593,0,0,4,0,0,0,0,0,0,0,1395,0,0,0,0,0,0
165,2914,166.11298909265201,99992,109,58,4,0,1061,534,0.015951276102088168,54,38,49031,49498,800,404,0,0,0,0,0,0,98572,0,0,4,0,0,0,0,0,0,0,1416,0,0,0,0,0,0
166,2914,167.11090298564062,99991,97,59,5,0,1068,542,0.016101449130421736,65,39,49014,49489,817,411,0,0,0,0,0,0,98546,0,0,4,0,0,0,0,0,0,0,1441,0,0,0,0,0,0
167,2914,168.10913336964458,99991,98,58,5,0,1081,550,0.01631146803212289,56,36,49011,49484,828,420,0,0,0,0,0,0,98525,0,0,4,0,0,0,0,0,0,0,1462,0,0,0,0,0,0
168,2914,169.10753980519814,99991,97,55,5,0,1095,558,0.01653148783390505,55,34,49001,49479,840,430,0,0,0,0,0,0,98499,0,0,4,0,0,0,0,0,0,0,1488,0,0,0,0,0,0
169,2914,170.106147740311,99991,98,54,5,0,1108,569,0.016771509435849225,58,27,48992,49477,845,440,0,0,0,0,0,0,98475,0,0,4,0,0,0,0,0,0,0,1512,0,0,0,0,0,0
170,2914,171.10498920153253,99991,102,52,5,0,1126,577,0.017031532837955415,57,31,48979,49470,855,445,0,0,0,0,0,0,98452,0,0,5,0,0,0,0,0,0,0,1534,0,0,0,0,0,0
171,2914,172.1040275438943,99991,107,51,5,0,1145,582,0.01727155443989959,60,42,48965,49455,861,450,0,0,0,0,0,0,98433,0,0,6,0,0,0,0,0,0,0,1552,0,0,0,0,0,0
172,2914,173.10329184226552,99990,104,53,6,0,1160,592,0.017521752175217523,67,39,48944,49448,877,458,0,0,0,0,0,0,98407,0,0,6,0,0,0,0,0,0,0,1577,0,0,0,0,0,0
173,2914,174.10287335000518,99990,105,56,6,0,1173,600,0.017731773177317733,71,35,48931,49446,885,461,0,0,0,0,0,0,98390,0,0,6,0,0,0,0,0,0,0,1594,0,0,0,0,0,0
174,2914,175.10266576296112,99990,112,61,6,0,1192,611,0.01803180318031803,65,33,48923,49439,892,465,0,0,0,0,0,0,98372,0,0,6,0,0,0,0,0,0,0,1612,0,0,0,0,0,0
175,2914,176.10261670716,99990,112,59,6,0,1207,617,0.01824182418241824,69,38,48907,49429,904,472,0,0,0,0,0,0,98350,0,0,7,0,0,0,0,0,0,0,1633,0,0,0,0,0,0
176,2914,177.10284717719915,99990,109,56,6,0,1221,628,0.01849184918491849,70,36,48895,49422,918,484,0,0,0,0,0,0,98320,0,0,8,0,0,0,0,0,0,0,1662,0,0,0,0,0,0
177,2914,178.10337167944758,99990,114,61,6,0,1237,641,0.018781878187818783,72,37,48880,49410,926,490,0,0,0,0,0,0,98301,0,0,8,0,0,0,0,0,0,0,1681,0,0,0,0,0,0
178,2914,179.10411796243844,99990,109,64,6,0,1251,651,0.01902190219021902,73,33,48867,49406,943,495,0,0,0,0,0,0,98275,0,0,8,0,0,0,0,0,0,0,1707,0,0,0,0,0,0
179,2914,180.10515523262336,99990,106,58,6,0,1266,661,0.019271927192719272,84,32,48845,49397,957,511,0,0,0,0,0,0,98241,0,0,8,0,0,0,0,0,0,0,1741,0,0,0,0,0,0
180,2914,181.1065618331083,99989,106,56,7,0,1279,669,0.01948214303573393,90,36,48828,49388,967,518,0,0,0,0,0,0,98219,0,0,9,0,0,0,0,0,0,0,1761,0,0,0,0,0,0
181,2914,182.1082468978487,99989,118,57,7,0,1309,680,0.019892188140695478,71,31,48819,49383,983,527,0,0,0,0,0,0,98191,0,0,9,0,0,0,0,0,0,0,1789,0,0,0,0,0,0
182,2914,183.11023277337964,99989,111,58,7,0,1323,686,0.020092210143115744,75,28,48803,49382,1002,530,0,0,0,0,0,0,98165,0,0,9,0,0,0,0,0,0,0,1815,0,0,0,0,0,0
183,2914,184.11256917344014,99989,116,55,7,0,1335,692,0.02027222994529398,83,29,48785,49377,1007,537,0,0,0,0,0,0,98149,0,0,9,0,0,0,0,0,0,0,1831,0,0,0,0,0,0
184,2914,185.11518936907208,99989,103,46,7,0,1343,698,0.02041224534698817,88,32,48776,49373,1024,547,0,0,0,0,0,0,98114,0,0,10,0,0,0,0,0,0,0,1865,0,0,0,0,0,0
185,2914,186.11810096858338,99988,108,46,8,0,1366,703,0.020692483097971757,86,30,48757,49373,1039,549,0,0,0,0,0,0,98091,0,0,10,0,0,0,0,0,0,0,1887,0,0,0,0,0,0
186,2914,187.1213198236262,99988,114,44,8,0,1381,709,0.02090250830099612,84,29,48746,49368,1046,557,0,0,0,0,0,0,98074,0,0,10,0,0,0,0,0,0,0,1904,0,0,0,0,0,0
187,2914,188.12479630668307,99988,112,47,8,0,1397,718,0.02115253830459655,89,28,48727,49361,1062,562,0,0,0,0,0,0,98050,0,0,10,0,0,0,0,0,0,0,1928,0,0,0,0,0,0
188,2914,189.12858661511424,99988,114,44,8,0,1412,721,0.021332559907188863,91,35,48714,49351,1071,568,0,0,0,0,0,0,98031,0,0,10,0,0,0,0,0,0,0,1947,0,0,0,0,0,0
189,2914,190.132612101687,99988,127,43,8,0,1436,728,0.021642597111653398,83,36,48699,49345,1081,574,0,0,0,0,0,0,98013,0,0,11,0,0,0,0,0,0,0,1964,0,0,0,0,0,0
190,2914,191.13691974060083,99988,117,43,8,0,1447,734,0.02181261751410169,86,36,48690,49342,1097,577,0,0,0,0,0,0,97987,0,0,12,0,0,0,0,0,0,0,1989,0,0,0,0,0,0
191,2914,192.14146657313844,99988,119,47,8,0,1468,741,0.022092651118134177,82,41,48675,49333,1114,577,0,0,0,0,0,0,97965,0,0,12,0,0,0,0,0,0,0,2011,0,0,0,0,0,0
192,2914,193.14628381209428,99988,124,52,8,0,1488,751,0.022392687122454694,83,40,48659,49324,1124,582,0,0,0,0,0,0,97945,0,0,12,0,0,0,0,0,0,0,2031,0,0,0,0,0,0
193,2914,194.15136501029866,99988,130,53,8,0,1512,759,0.022712725527063247,83,40,48640,49320,1137,585,0,0,0,0,0,0,97921,0,0,13,0,0,0,0,0,0,0,2054,0,0,0,0,0,0
194,2914,195.15675638825226,99988,131,56,8,0,1536,769,0.023052766331959833,76,39,48629,49313,1154,590,0,0,0,0,0,0,97892,0,0,14,0,0,0,0,0,0,0,2082,0,0,0,0,0,0
195,2914,196.16242686532058,99988,129,60,8,0,1549,781,0.023302796335560268,86,39,48606,49304,1169,595,0,0,0,0,0,0,97869,0,0,14,0,0,0,0,0,0,0,2105,0,0,0,0,0,0
196,2914,197.16847543320296,99988,127,60,8,0,1565,792,0.023572828739448735,89,37,48590,49296,1184,605,0,0,0,0,0,0,97840,0,0,14,0,0,0,0,0,0,0,2134,0,0,0,0,0,0
197,2914,198.17481850271523,99988,125,61,8,0,1585,800,0.023852862343481218,85,37,48582,49290,1198,610,0,0,0,0,0,0,97812,0,0,15,0,0,0,0,0,0,0,2161,0,0,0,0,0,0
198,2914,199.18143350211065,99988,125,58,8,0,1601,807,0.024082889946793615,90,45,48568,49277,1207,618,0,0,0,0,0,0,97787,0,0,16,0,0,0,0,0,0,0,2185,0,0,0,0,0,0
199,2914,200.1882796319633,99988,128,70,8,0,1625,824,0.024492939152698325,88,42,48550,49264,1224,622,0,0,0,0,0,0,97761,0,0,16,0,0,0,0,0,0,0,2211,0,0,0,0,0,0
200,2914,201.1954296754854,99987,127,75,9,0,1649,836,0.024853230920019603,86,38,48530,49257,1246,628,0,0,0,0,0,0,97729,0,0,16,0,0,0,0,0,0,0,2242,0,0,0,0,0,0
201,2914,202.2029827527867,99986,139,69,10,0,1677,838,0.02515352149300902,83,44,48508,49253,1258,632,0,0,0,0,0,0,97705,0,0,16,0,0,0,0,0,0,0,2265,0,0,0,0,0,0
202,2914,203.21086918262372,99985,146,64,11,0,1698,847,0.025453818072710906,86,48,48492,49244,1263,642,0,0,0,0,0,0,97677,0,0,16,0,0,0,0,0,0,0,2292,0,0,0,0,0,0
203,2914,204.21898209470004,99985,145,67,11,0,1713,859,0.02572385857878682,89,50,48477,49232,1276,649,0,0,0,0,0,0,97653,0,0,17,0,0,0,0,0,0,0,2315,0,0,0,0,0,0
204,2914,205.22738770904414,99985,147,71,11,0,1741,875,0.026163924588688305,92,48,48453,49220,1295,659,0,0,0,0,0,0,97616,0,0,18,0,0,0,0,0,0,0,2351,0,0,0,0,0,0
205,2914,206.23618230696133,99985,155,70,11,0,1765,884,0.02649397409611442,84,48,48442,49212,1306,668,0,0,0,0,0,0,97590,0,0,18,0,0,0,0,0,0,0,2377,0,0,0,0,0,0
206,2914,207.24524325632987,99985,145,79,11,0,1779,898,0.026774016102415362,93,47,48421,49200,1328,672,0,0,0,0,0,0,97561,0,0,18,0,0,0,0,0,0,0,2406,0,0,0,0,0,0
207,2914,208.25471381494287,99985,152,77,11,0,1807,910,0.02717407611141671,97,49,48395,49188,1343,684,0,0,0,0,0,0,97527,0,0,19,0,0,0,0,0,0,0,2439,0,0,0,0,0,0
208,2914,209.26463529980396,99985,154,73,11,0,1835,921,0.02756413462019303,93,47,48377,49183,1363,695,0,0,0,0,0,0,97486,0,0,19,0,0,0,0,0,0,0,2480,0,0,0,0,0,0
209,2914,210.27494832082309,99985,158,72,11,0,1854,934,0.02788418262739411,99,45,48358,49174,1372,707,0,0,0,0,0,0,97459,0,0,21,0,0,0,0,0,0,0,2505,0,0,0,0,0,0
210,2914,211.2855713907691,99985,162,81,11,0,1879,947,0.02826423963594539,103,42,48336,49166,1386,709,0,0,0,0,0,0,97434,0,0,21,0,0,0,0,0,0,0,2530,0,0,0,0,0,0
211,2914,212.29655166850443,99985,164,85,11,0,1902,960,0.028624293644046606,103,46,48320,49153,1400,714,0,0,0,0,0,0,97405,0,0,22,0,0,0,0,0,0,0,2558,0,0,0,0,0,0
212,2914,213.30781161448357,99985,171,89,11,0,1924,975,0.028994349152372857,110,42,48296,49147,1410,720,0,0,0,0,0,0,97379,0,0,22,0,0,0,0,0,0,0,2584,0,0,0,0,0,0
213,2914,214.3194143238943,99985,156,85,11,0,1944,985,0.029294394159123868,123,50,48266,49132,1442,731,0,0,0,0,0,0,97331,0,0,23,0,0,0,0,0,0,0,2631,0,0,0,0,0,0
214,2914,215.33161712195178,99985,161,86,11,0,1967,1000,0.029674451167675153,119,52,48255,49118,1452,742,0,0,0,0,0,0,97299,0,0,23,0,0,0,0,0,0,0,2663,0,0,0,0,0,0
215,2914,216.0065748127067,99985,163,91,11,0,1986,1011,0.029974496174426164,113,52,48245,49107,1466,748,0,0,0,0,0,0,97276,0,0,23,0,0,0,0,0,0,0,2686,0,0,0,0,0,0
216,2914,217.01926317465742,99985,174,97,11,0,2017,1027,0.03044456668500275,112,53,48221,49092,1480,756,0,0,0,0,0,0,97247,0,0,24,0,0,0,0,0,0,0,2714,0,0,0,0,0,0
217,2914,218.03230422191214,99985,181,95,11,0,2050,1041,0.030914637195579336,113,55,48189,49078,1504,770,0,0,0,0,0,0,97206,0,0,25,0,0,0,0,0,0,0,2754,0,0,0,0,0,0
218,2914,219.04592317428606,99985,189,97,11,0,2078,1056,0.03134470170525579,114,62,48166,49059,1518,780,0,0,0,0,0,0,97174,0,0,26,0,0,0,0,0,0,0,2785,0,0,0,0,0,0
219,2914,220.05994799752023,99985,184,101,11,0,2102,1073,0.03175476321448217,122,54,48139,49052,1542,791,0,0,0,0,0,0,97132,0,0,26,0,0,0,0,0,0,0,2827,0,0,0,0,0,0
220,2914,221.07445765352307,99985,197,104,11,0,2137,1088,0.03225483822573386,119,59,48113,49035,1558,800,0,0,0,0,0,0,97099,0,0,27,0,0,0,0,0,0,0,2859,0,0,0,0,0,0
221,2914,222.08937711795403,99985,198,102,11,0,2166,1102,0.03268490273541031,109,62,48099,49023,1581,811,0,0,0,0,0,0,97056,0,0,28,0,0,0,0,0,0,0,2901,0,0,0,0,0,0
222,2914,223.10472182812327,99985,197,109,11,0,2199,1120,0.03319497924688703,113,52,48072,49018,1605,819,0,0,0,0,0,0,97011,0,0,28,0,0,0,0,0,0,0,2946,0,0,0,0,0,0
223,2914,224.1205688327792,99985,201,104,11,0,2231,1135,0.03366504975746362,116,52,48044,49005,1626,837,0,0,0,0,0,0,96965,0,0,30,0,0,0,0,0,0,0,2990,0,0,0,0,0,0
224,2914,225.1369855787422,99985,204,99,11,0,2264,1147,0.03411511726759014,128,54,48004,48991,1651,854,0,0,0,0,0,0,96918,0,0,30,0,0,0,0,0,0,0,3037,0,0,0,0,0,0
225,2914,226.15409568470844,99985,197,99,11,0,2297,1161,0.03458518777816672,129,59,47978,48975,1683,865,0,0,0,0,0,0,96865,0,0,31,0,0,0,0,0,0,0,3089,0,0,0,0,0,0
226,2914,227.17174049007855,99985,219,98,11,0,2343,1171,0.035145271790768616,115,66,47951,48959,1702,875,0,0,0,0,0,0,96831,0,0,32,0,0,0,0,0,0,0,3122,0,0,0,0,0,0
227,2914,228.18987756686406,99985,217,102,11,0,2374,1184,0.0355853378006701,120,69,47921,48946,1729,881,0,0,0,0,0,0,96789,0,0,32,0,0,0,0,0,0,0,3164,0,0,0,0,0,0
228,2914,229.20852142733335,99985,227,111,11,0,2413,1208,0.03621543231484723,123,67,47890,48929,1747,891,0,0,0,0,0,0,96746,0,0,33,0,0,0,0,0,0,0,3206,0,0,0,0,0,0
229,2914,230.22771447034881,99985,223,116,11,0,2444,1227,0.03671550732609891,128,68,47859,48909,1777,905,0,0,0,0,0,0,96698,0,0,34,0,0,0,0,0,0,0,3253,0,0,0,0,0,0
230,2914,231.24755831146706,99985,228,115,11,0,2478,1244,0.03722558383757563,139,68,47820,48896,1800,919,0,0,0,0,0,0,96653,0,0,36,0,0,0,0,0,0,0,3296,0,0,0,0,0,0
231,2914,232.26805546240877,99985,221,116,11,0,2513,1259,0.03772565884882732,140,82,47795,48869,1831,931,0,0,0,0,0,0,96598,0,0,37,0,0,0,0,0,0,0,3350,0,0,0,0,0,0
232,2914,233.28912587122124,99985,228,114,11,0,2551,1284,0.03835575336300445,134,73,47771,48856,1854,955,0,0,0,0,0,0,96540,0,0,37,0,0,0,0,0,0,0,3408,0,0,0,0,0,0
233,2914,234.31072563708992,99985,242,113,11,0,2585,1298,0.038835825373806074,149,86,47725,48835,1871,964,0,0,0,0,0,0,96505,0,0,37,0,0,0,0,0,0,0,3443,0,0,0,0,0,0
234,2914,235.33293176213067,99985,250,114,11,0,2623,1321,0.03944591688753313,151,86,47692,48816,1894,982,0,0,0,0,0,0,96454,0,0,38,0,0,0,0,0,0,0,3493,0,0,0,0,0,0
235,2914,236.0146940003793,99985,253,120,11,0,2652,1337,0.03989598439765965,151,87,47665,48799,1918,992,0,0,0,0,0,0,96419,0,0,39,0,0,0,0,0,0,0,3527,0,0,0,0,0,0
236,2914,237.03802424146065,99985,253,120,11,0,2690,1362,0.04052607891183677,157,85,47632,48782,1945,1011,0,0,0,0,0,0,96356,0,0,39,0,0,0,0,0,0,0,3590,0,0,0,0,0,0
237,2914,238.06203226306786,99984,265,135,12,0,2733,1390,0.041236597855656906,159,76,47591,48765,1971,1022,0,0,0,0,0,0,96313,0,0,40,0,0,0,0,0,0,0,3631,0,0,0,0,0,0
238,2914,239.08666557519945,99984,276,133,12,0,2778,1409,0.04187670027204353,158,78,47554,48749,1998,1038,0,0,0,0,0,0,96261,0,0,43,0,0,0,0,0,0,0,3680,0,0,0,0,0,0
239,2914,240.1119918759751,99983,259,135,13,0,2809,1428,0.0423772041247012,165,82,47521,48727,2040,1054,0,0,0,0,0,0,96199,0,0,46,0,0,0,0,0,0,0,3738,0,0,0,0,0,0
240,2914,241.13804988748947,99982,269,130,14,0,2851,1447,0.042987737792802704,160,81,47494,48711,2061,1076,0,0,0,0,0,0,96144,0,0,47,0,0,0,0,0,0,0,3791,0,0,0,0,0,0
241,2914,242.16474624676252,99982,272,135,14,0,2890,1469,0.04359784761257026,150,82,47472,48692,2090,1089,0,0,0,0,0,0,96092,0,0,48,0,0,0,0,0,0,0,3842,0,0,0,0,0,0
242,2914,243.191925842345,99982,251,139,14,0,2914,1492,0.044067932227801004,169,84,47441,48668,2123,1107,0,0,0,0,0,0,96028,0,0,48,0,0,0,0,0,0,0,3906,0,0,0,0,0,0
243,2914,244.21975556319128,99982,255,135,14,0,2948,1514,0.04462803304594827,188,75,47394,48662,2147,1126,0,0,0,0,0,0,95973,0,0,49,0,0,0,0,0,0,0,3960,0,0,0,0,0,0
244,2914,245.24840929130542,99982,266,142,14,0,2996,1537,0.04533816086895641,182,76,47357,48641,2179,1139,0,0,0,0,0,0,95921,0,0,50,0,0,0,0,0,0,0,4011,0,0,0,0,0,0
245,2914,246.27781910503677,99982,275,148,14,0,3044,1564,0.046088295893260786,178,72,47317,48621,2214,1157,0,0,0,0,0,0,95862,0,0,51,0,0,0,0,0,0,0,4069,0,0,0,0,0,0
246,2914,247.30797547057495,99982,296,151,14,0,3098,1582,0.046808425516592984,178,79,47276,48600,2234,1168,0,0,0,0,0,0,95814,0,0,51,0,0,0,0,0,0,0,4117,0,0,0,0,0,0
247,2914,248.3387928917956,99982,292,149,14,0,3144,1610,0.0475485587405733,183,75,47232,48578,2277,1196,0,0,0,0,0,0,95737,0,0,54,0,0,0,0,0,0,0,4191,0,0,0,0,0,0
248,2914,249.0265546356805,99981,297,146,15,0,3176,1624,0.048009121733129295,178,74,47213,48566,2295,1212,0,0,0,0,0,0,95695,0,0,56,0,0,0,0,0,0,0,4230,0,0,0,0,0,0
249,2914,250.0587404235329,99981,286,144,15,0,3218,1650,0.04868925095768196,174,69,47184,48551,2339,1234,0,0,0,0,0,0,95617,0,0,59,0,0,0,0,0,0,0,4305,0,0,0,0,0,0
250,2914,251.09172097696978,99981,292,145,15,0,3266,1669,0.049359378281873555,172,70,47152,48538,2367,1245,0,0,0,0,0,0,95557,0,0,59,0,0,0,0,0,0,0,4365,0,0,0,0,0,0
251,2914,252.12538598194791,99981,284,146,15,0,3307,1688,0.049959492303537675,179,85,47114,48511,2406,1256,0,0,0,0,0,0,95492,0,0,61,0,0,0,0,0,0,0,4428,0,0,0,0,0,0
252,2914,253.1598288903752,99981,277,149,15,0,3340,1710,0.050509596823396445,192,89,47080,48490,2434,1270,0,0,0,0,0,0,95435,0,0,63,0,0,0,0,0,0,0,4483,0,0,0,0,0,0
253,2914,254.19490928335134,99981,281,151,15,0,3387,1730,0.05117972414758804,186,95,47045,48466,2471,1286,0,0,0,0,0,0,95376,0,0,65,0,0,0,0,0,0,0,4540,0,0,0,0,0,0
254,2914,255.230773663807,99981,297,150,15,0,3444,1751,0.05195987237575139,170,103,47017,48439,2499,1306,0,0,0,0,0,0,95315,0,0,65,1,0,0,0,0,0,0,4600,0,0,0,0,0,0
255,2914,256.26718666465314,99981,296,162,15,0,3484,1777,0.05261999779958192,172,110,46984,48411,2531,1315,0,0,0,0,0,0,95260,0,0,65,1,0,0,0,0,0,0,4655,0,0,0,0,0,0
256,2914,257.3042567249533,99980,285,156,15,1,3515,1803,0.05319063812762553,191,111,46946,48391,2561,1339,0,0,0,0,0,0,95187,0,0,66,1,0,0,0,0,0,0,4726,0,0,0,0,0,0
257,2914,258.342105994369,99979,287,166,16,1,3565,1836,0.05402134448234129,186,97,46910,48376,2599,1358,0,0,0,0,0,0,95121,0,0,71,1,0,0,0,0,0,0,4786,0,0,0,0,0,0
258,2914,259.0344586440501,99979,307,171,16,1,3609,1851,0.054611468408365754,176,101,46879,48362,2620,1363,0,0,0,0,0,0,95088,0,0,72,1,0,0,0,0,0,0,4818,0,0,0,0,0,0
259,2914,260.07368898462244,99979,291,172,16,1,3653,1880,0.05534162174056552,180,100,46846,48340,2665,1385,0,0,0,0,0,0,95004,0,0,76,1,0,0,0,0,0,0,4898,0,0,0,0,0,0
260,2914,261.11376659115757,99979,291,188,16,1,3701,1913,0.05615179187629402,172,86,46822,48328,2697,1395,0,0,0,0,0,0,94940,0,0,77,1,0,0,0,0,0,0,4961,0,0,0,0,0,0
261,2914,262.1544836098671,99979,307,180,16,1,3749,1934,0.056841936806729415,178,94,46779,48306,2718,1417,0,0,0,0,0,0,94882,0,0,80,1,0,0,0,0,0,0,5016,0,0,0,0,0,0
262,2914,263.19589536222486,99978,312,173,16,2,3800,1959,0.057602672587969354,171,94,46744,48287,2755,1442,0,0,0,0,0,0,94808,0,0,84,1,0,0,0,0,0,0,5085,0,0,0,0,0,0
263,2914,264.2381592253015,99978,300,165,16,2,3845,1977,0.058232811218468065,183,99,46693,48268,2806,1464,0,0,0,0,0,0,94727,0,0,86,1,0,0,0,0,0,0,5164,0,0,0,0,0,0
264,2914,265.2814880433595,99978,304,164,16,2,3888,2005,0.058942967452839626,179,105,46665,48238,2834,1489,0,0,0,0,0,0,94659,0,0,86,1,0,0,0,0,0,0,5232,0,0,0,0,0,0
265,2914,266.32551786653494,99978,306,164,16,2,3942,2029,0.05972313909059993,163,103,46637,48219,2876,1510,0,0,0,0,0,0,94586,0,0,89,1,0,0,0,0,0,0,5302,0,0,0,0,0,0
266,2914,267.02196266623446,99978,296,172,16,2,3967,2055,0.060233251315289366,167,101,46614,48198,2905,1525,0,0,0,0,0,0,94534,0,0,90,1,0,0,0,0,0,0,5353,0,0,0,0,0,0
267,2914,268.0672593445838,99978,301,172,16,2,4016,2077,0.060943407549660926,161,98,46586,48184,2934,1542,0,0,0,0,0,0,94470,0,0,92,1,0,0,0,0,0,0,5415,0,0,0,0,0,0
268,2914,269.1132265115393,99977,312,166,17,2,4063,2101,0.06165418046150615,163,111,46549,48151,2957,1568,0,0,0,0,0,0,94406,0,0,94,1,0,0,0,0,0,0,5476,0,0,0,0,0,0
269,2914,270.1598307864218,99977,324,166,17,2,4114,2129,0.062444362203306764,177,108,46492,48128,2988,1594,0,0,0,0,0,0,94340,0,0,95,1,0,0,0,0,0,0,5541,0,0,0,0,0,0
270,2914,271.20743603114977,99976,322,169,18,2,4161,2156,0.06318516443946547,184,104,46447,48115,3027,1608,0,0,0,0,0,0,94268,0,0,96,1,0,0,0,0,0,0,5611,0,0,0,0,0,0
271,2914,272.2560314282053,99975,313,169,18,3,4201,2185,0.06387596899224807,195,93,46406,48100,3066,1633,0,0,0,0,0,0,94191,0,0,97,1,0,0,0,0,0,0,5686,0,0,0,0,0,0
272,2914,273.3055406070706,99975,306,169,18,3,4244,2212,0.064576144036009,199,96,46372,48076,3103,1654,0,0,0,0,0,0,94118,0,0,101,1,0,0,0,0,0,0,5755,0,0,0,0,0,0
273,2914,274.00568392970246,99975,310,170,18,3,4281,2224,0.06506626656664166,203,96,46348,48068,3119,1661,0,0,0,0,0,0,94076,0,0,103,1,0,0,0,0,0,0,5795,0,0,0,0,0,0
274,2914,275.0564591542167,99974,319,171,19,3,4329,2246,0.06576709944585592,209,97,46311,48054,3140,1673,0,0,0,0,0,0,94018,0,0,105,1,0,0,0,0,0,0,5850,0,0,0,0,0,0
275,2914,276.1079026195797,99974,331,169,19,3,4385,2265,0.06651729449656911,208,93,46270,48044,3170,1689,0,0,0,0,0,0,93956,0,0,108,1,0,0,0,0,0,0,5909,0,0,0,0,0,0
276,2914,277.16015504496204,99974,338,160,19,3,4435,2283,0.06719747134254907,219,96,46224,48028,3198,1711,0,0,0,0,0,0,93887,0,0,109,1,0,0,0,0,0,0,5977,0,0,0,0,0,0
277,2914,278.21330545584,99974,368,168,19,3,4506,2313,0.06820773401084282,201,109,46187,47993,3223,1725,0,0,0,0,0,0,93826,0,0,111,1,0,0,0,0,0,0,6036,0,0,0,0,0,0
278,2914,279.26709421924676,99974,377,165,19,3,4552,2339,0.06892792125952747,218,110,46135,47974,3249,1746,0,0,0,0,0,0,93761,0,0,112,1,0,0,0,0,0,0,6100,0,0,0,0,0,0
279,2914,280.3217854679141,99973,370,164,20,3,4607,2359,0.06967881327958549,214,115,46095,47953,3299,1763,0,0,0,0,0,0,93683,0,0,117,1,0,0,0,0,0,0,6172,0,0,0,0,0,0
280,2914,281.02547156243094,99973,368,165,20,3,4644,2380,0.07025896992187891,214,107,46065,47944,3331,1779,0,0,0,0,0,0,93626,0,0,119,1,0,0,0,0,0,0,6227,0,0,0,0,0,0
281,2914,282.08182409646884,99973,386,170,20,3,4712,2414,0.07127924539625699,201,90,46023,47932,3368,1803,0,0,0,0,0,0,93549,0,0,121,1,0,0,0,0,0,0,6302,0,0,0,0,0,0
282,2914,283.13913537184555,99973,373,173,20,3,4758,2434,0.07193942364438398,209,102,45983,47907,3413,1813,0,0,0,0,0,0,93475,0,0,123,1,0,0,0,0,0,0,6374,0,0,0,0,0,0
283,2914,284.197419842383,99972,367,172,21,3,4818,2456,0.07276037290441324,205,110,45936,47884,3469,1829,0,0,0,0,0,0,93388,0,0,125,1,0,0,0,0,0,0,6458,0,0,0,0,0,0
284,2914,285.2568365725983,99972,356,182,21,3,4877,2485,0.07364061937342456,209,109,45891,47859,3521,1845,0,0,0,0,0,0,93301,0,0,127,1,0,0,0,0,0,0,6543,0,0,0,0,0,0
285,2914,286.3173297718056,99972,349,198,21,3,4924,2529,0.07455087424478854,225,98,45849,47835,3554,1864,0,0,0,0,0,0,93225,0,0,133,1,0,0,0,0,0,0,6613,0,0,0,0,0,0
286,2914,287.0248503872815,99971,360,201,22,3,4967,2543,0.07512178531774215,218,112,45822,47813,3576,1869,0,0,0,0,0,0,93183,0,0,134,1,0,0,0,0,0,0,6653,0,0,0,0,0,0
287,2914,288.0867322582053,99971,369,212,22,3,5025,2580,0.07607206089766032,211,109,45788,47790,3608,1884,0,0,0,0,0,0,93109,0,0,135,1,0,0,0,0,0,0,6726,0,0,0,0,0,0
288,2914,289.1493283895055,99971,362,220,22,3,5081,2614,0.07697232197337228,208,97,45753,47776,3653,1902,0,0,0,0,0,0,93022,0,0,137,1,0,0,0,0,0,0,6811,0,0,0,0,0,0
289,2914,290.2128448240752,99971,371,207,22,3,5135,2637,0.07774254533814806,220,100,45706,47756,3679,1932,0,0,0,0,0,0,92943,0,0,139,1,0,0,0,0,0,0,6888,0,0,0,0,0,0
290,2914,291.2772742571617,99971,379,207,22,3,5196,2667,0.07865280931470127,213,93,45668,47746,3716,1949,0,0,0,0,0,0,92862,0,0,141,1,0,0,0,0,0,0,6967,0,0,0,0,0,0
291,2914,292.34262035085914,99971,395,206,22,3,5262,2695,0.0795930819937782,210,91,45621,47726,3750,1972,0,0,0,0,0,0,92788,0,0,146,1,0,0,0,0,0,0,7036,0,0,0,0,0,0
292,2914,293.05337322025605,99971,389,206,22,3,5293,2713,0.08008322413499915,221,93,45586,47712,3780,1984,0,0,0,0,0,0,92738,0,0,151,1,0,0,0,0,0,0,7081,0,0,0,0,0,0
293,2914,294.1203906494321,99971,381,193,22,3,5346,2735,0.08083344169809245,223,103,45542,47686,3830,2013,0,0,0,0,0,0,92644,0,0,153,1,0,0,0,0,0,0,7173,0,0,0,0,0,0
294,2914,295.18860507364417,99970,382,200,23,3,5402,2772,0.08176452935880764,224,91,45495,47673,3874,2031,0,0,0,0,0,0,92564,0,0,158,1,0,0,0,0,0,0,7247,0,0,0,0,0,0
295,2914,296.25783641633035,99970,383,205,23,3,5463,2798,0.08263479043713114,227,85,45443,47666,3922,2039,0,0,0,0,0,0,92489,0,0,164,1,0,0,0,0,0,0,7316,0,0,0,0,0,0
296,2914,297.3282768946222,99970,385,194,23,3,5531,2822,0.08355506651995599,228,94,45392,47645,3970,2062,0,0,0,0,0,0,92390,0,0,166,1,0,0,0,0,0,0,7413,0,0,0,0,0,0
297,2914,298.0425570214528,99970,396,189,23,3,5579,2835,0.08416524957487247,220,100,45360,47635,3999,2071,0,0,0,0,0,0,92340,0,0,171,1,0,0,0,0,0,0,7458,0,0,0,0,0,0
298,2914,299.11484383271403,99970,394,189,23,3,5631,2862,0.0849554866459938,235,97,45303,47619,4043,2090,0,0,0,0,0,0,92262,0,0,174,1,0,0,0,0,0,0,7533,0,0,0,0,0,0
299,2914,300.1883932171718,99969,387,177,24,3,5692,2891,0.08585661555082076,236,94,45258,47603,4093,2121,0,0,0,0,0,0,92155,0,0,176,1,0,0,0,0,0,0,7637,0,0,0,0,0,0
300,2914,301.26311264498463,99969,391,179,24,3,5755,2914,0.08671688223349239,221,111,45231,47570,4131,2135,0,0,0,0,0,0,92077,0,0,178,1,0,0,0,0,0,0,7713,0,0,0,0,0,0
301,2914,302.3386313413235,99969,376,175,24,3,5806,2942,0.08750712720943493,236,106,45175,47559,4187,2155,0,0,0,0,0,0,91986,0,0,185,1,0,0,0,0,0,0,7797,0,0,0,0,0,0
302,2914,303.0563836486487,99969,373,181,24,3,5841,2967,0.08810731326711281,229,101,45159,47554,4213,2159,0,0,0,0,0,0,91931,0,0,187,1,0,0,0,0,0,0,7850,0,0,0,0,0,0
303,2914,304.13370907435353,99969,377,177,24,3,5902,2991,0.08895757684882313,229,105,45118,47532,4250,2181,0,0,0,0,0,0,91854,0,0,195,1,0,0,0,0,0,0,7919,0,0,0,0,0,0
304,2914,305.2120465403937,99969,379,170,24,3,5960,3018,0.08980784043053347,247,114,45057,47501,4291,2210,0,0,0,0,0,0,91768,0,0,199,1,0,0,0,0,0,0,8001,0,0,0,0,0,0
305,2914,306.2914592313842,99969,373,172,24,3,6016,3044,0.0906280947093599,244,122,45022,47477,4335,2224,0,0,0,0,0,0,91686,0,0,203,1,0,0,0,0,0,0,8079,0,0,0,0,0,0
306,2914,307.0116012059974,99969,370,174,24,3,6062,3065,0.09129830247376687,231,118,45006,47467,4367,2236,0,0,0,0,0,0,91626,0,0,211,1,0,0,0,0,0,0,8131,0,0,0,0,0,0
307,2914,308.0925280947633,99969,371,182,24,3,6113,3103,0.09218857845932239,228,109,44975,47443,4400,2261,0,0,0,0,0,0,91552,0,0,217,1,0,0,0,0,0,0,8199,0,0,0,0,0,0
308,2914,309.17425971818653,99969,384,192,24,3,6183,3142,0.09327891646410387,209,97,44938,47431,4443,2275,0,0,0,0,0,0,91471,0,0,222,1,0,0,0,0,0,0,8275,0,0,0,0,0,0
309,2914,310.25688986581486,99969,382,186,24,3,6226,3169,0.09397913353139473,218,86,44911,47423,4463,2300,0,0,0,0,0,0,91399,0,0,228,1,0,0,0,0,0,0,8341,0,0,0,0,0,0
310,2914,311.34023451269246,99969,394,181,24,3,6279,3195,0.09476937850733727,216,92,44875,47403,4489,2319,0,0,0,0,0,0,91330,0,0,229,2,0,0,0,0,0,0,8408,0,0,0,0,0,0
311,2914,312.0628726950022,99969,393,168,24,3,6319,3210,0.09531954906020866,220,97,44842,47395,4519,2335,0,0,0,0,0,0,91264,0,0,232,2,0,0,0,0,0,0,8471,0,0,0,0,0,0
312,2914,313.147831934727,99969,371,165,24,3,6364,3237,0.09603977232942212,233,100,44796,47373,4574,2357,0,0,0,0,0,0,91174,0,0,239,2,0,0,0,0,0,0,8554,0,0,0,0,0,0
313,2914,314.233938120306,99969,394,168,24,3,6430,3268,0.09701007312266803,219,101,44763,47348,4598,2378,0,0,0,0,0,0,91110,0,0,246,2,0,0,0,0,0,0,8611,0,0,0,0,0,0
314,2914,315.32075279081937,99969,398,170,24,3,6494,3298,0.09795036461303004,219,101,44718,47330,4639,2394,0,0,0,0,0,0,91024,0,0,246,3,0,0,0,0,0,0,8696,0,0,0,0,0,0
315,2914,316.0458699851101,99969,413,171,24,3,6539,3320,0.098620572377437,212,101,44688,47316,4661,2407,0,0,0,0,0,0,90975,0,0,246,4,0,0,0,0,0,0,8744,0,0,0,0,0,0
316,2914,317.1344119531297,99967,386,182,25,4,6586,3352,0.0994128062260546,222,107,44644,47292,4721,2413,0,0,0,0,0,0,90884,0,0,250,4,0,0,0,0,0,0,8829,0,0,0,0,0,0
317,2914,318.22401613626283,99967,393,178,25,4,6648,3378,0.10029309672191823,207,106,44618,47276,4755,2434,0,0,0,0,0,0,90803,0,0,254,4,0,0,0,0,0,0,8906,0,0,0,0,0,0
318,2914,319.3144153607229,99966,406,173,25,5,6710,3402,0.10115439249344778,201,117,44578,47251,4788,2452,0,0,0,0,0,0,90728,0,0,257,4,0,0,0,0,0,0,8977,0,0,0,0,0,0
319,2914,320.0418091252245,99966,393,178,25,5,6738,3423,0.10164455915011104,209,119,44558,47231,4812,2464,1,1,1,1,0,0,90672,0,0,260,4,0,0,0,0,0,2,9028,0,0,0,0,0,0
320,2914,321.00844925469653,99966,366,175,25,5,6770,3452,0.10225476662065103,221,125,44538,47199,4846,2492,2,2,2,2,0,0,90585,0,0,266,4,0,0,0,0,0,4,9107,0,0,0,0,0,0
321,2914,322.11695382758853,99966,366,179,25,5,6815,3474,0.10292499449812936,223,121,44509,47187,4872,2503,3,3,3,3,0,0,90527,0,0,272,4,0,0,0,0,0,5,9157,1,0,0,0,0,0
322,2914,323.07424075270086,99966,353,181,25,5,6868,3510,0.10381529720104836,239,123,44464,47163,4913,2522,4,4,4,4,0,0,90432,0,0,279,4,0,0,0,0,0,7,9243,1,0,0,0,0,0
323,2914,324.2740385604584,99966,359,181,25,5,6946,3542,0.10491567132825161,224,122,44428,47140,4956,2544,6,6,6,6,0,0,90330,0,0,283,5,0,0,0,0,0,11,9336,1,0,0,0,0,0
324,2914,325.0735568818868,99965,364,179,26,5,6985,3556,0.10544690641724604,223,126,44403,47128,4974,2552,8,8,8,8,0,0,90280,0,0,285,6,0,0,0,0,0,15,9378,1,0,0,0,0,0
325,2914,326.16347659728297,99965,365,184,26,5,7052,3586,0.10641724603611263,228,121,44348,47113,5021,2564,10,11,11,10,0,0,90194,0,0,295,6,0,0,0,0,0,20,9449,1,0,0,0,0,0
326,2914,327.0200823896441,99964,368,188,27,5,7095,3616,0.10714857348645512,231,110,44327,47098,5032,2583,13,14,14,13,0,0,90125,0,0,298,6,0,0,0,0,0,26,9508,1,0,0,0,0,0
327,2914,328.10558629531613,99964,380,191,27,5,7154,3643,0.10800888319795127,230,112,44290,47073,5055,2599,16,18,18,16,0,0,90054,0,0,304,6,0,0,0,0,0,32,9566,2,0,0,0,0,0
328,2914,329.0254366155117,99964,378,181,27,5,7209,3663,0.10875915329518626,219,120,44261,47046,5093,2623,20,23,23,20,0,0,89965,0,0,311,6,0,0,0,0,0,41,9639,2,0,0,0,0,0
329,2914,330.01442644686153,99962,368,191,29,5,7268,3700,0.10972169424381265,218,110,44221,47030,5138,2634,24,28,29,24,0,0,89866,0,0,316,6,0,0,0,0,0,49,9721,4,0,0,0,0,0
330,2914,331.1839669669937,99962,383,183,29,5,7354,3736,0.11094215802004762,217,125,44164,46987,5177,2663,28,35,36,29,0,0,89749,0,0,322,7,0,0,0,0,0,58,9820,6,0,0,0,0,0
331,2914,332.28541465314385,99961,390,185,29,6,7417,3768,0.11189363851902241,220,116,44111,46964,5214,2684,34,43,44,35,0,0,89656,0,0,326,7,0,0,0,0,0,69,9894,9,0,0,0,0,0
332,2914,333.02042950133483,99961,388,179,29,6,7456,3787,0.11247386480727484,221,113,44079,46943,5241,2705,40,52,53,41,0,0,89581,0,0,329,8,0,0,0,0,0,83,9950,10,0,0,0,0,0
333,2914,334.12387057398195,99961,390,174,29,6,7524,3803,0.11331419253508869,219,122,44035,46918,5278,2716,47,62,63,48,0,0,89486,0,0,337,8,0,0,0,0,0,99,10020,11,0,0,0,0,0
334,2914,335.22841841347713,99961,418,170,29,6,7602,3828,0.11434459439181281,208,125,43989,46891,5299,2733,55,73,74,56,0,0,89402,0,0,346,8,0,0,0,0,0,113,10076,16,0,0,0,0,0
335,2914,336.334008909585,99961,400,189,29,6,7655,3879,0.11538500015005852,208,114,43951,46848,5347,2756,63,85,86,64,0,0,89285,0,0,351,8,0,0,0,0,0,132,10168,17,0,0,0,0,0
336,2914,337.0715793174034,99961,396,190,29,6,7696,3899,0.11599523814287573,220,119,43902,46818,5379,2766,72,99,100,73,0,0,89207,0,0,355,9,0,0,0,0,0,151,10219,20,0,0,0,0,0
337,2914,338.17935110134954,99960,374,189,30,6,7747,3933,0.1168467386954782,225,116,43852,46781,5438,2792,79,114,115,83,0,0,89085,0,0,363,9,0,0,0,0,0,173,10307,23,0,0,0,0,0
338,2914,339.2885569430798,99960,377,203,30,6,7806,3972,0.11782713085234094,232,108,43795,46751,5474,2799,90,131,132,94,0,0,88985,0,0,370,9,0,0,0,0,0,199,10372,25,0,0,0,0,0
339,2914,340.0288127414637,99960,371,207,30,6,7844,3996,0.11844737895158063,235,106,43764,46718,5496,2812,102,149,150,106,0,0,88896,0,0,372,9,0,0,0,0,0,226,10429,28,0,0,0,0,0
340,2914,341.1401476721325,99959,371,205,31,6,7905,4031,0.11940895767264578,235,109,43712,46669,5536,2840,113,169,170,118,0,0,88772,0,0,376,9,0,0,0,0,0,256,10516,30,0,0,0,0,0
341,2914,342.2527942265692,99959,383,192,31,6,7977,4053,0.1203493432307246,216,103,43668,46641,5574,2867,126,189,191,131,0,0,88650,0,0,383,9,0,0,0,0,0,290,10597,30,0,0,0,0,0
342,2914,343.3667171953045,99958,392,194,31,7,8043,4082,0.12130094639748694,209,121,43622,46583,5606,2883,138,210,214,145,0,0,88538,0,0,388,9,0,0,0,0,0,323,10666,34,0,0,0,0,0
343,2914,344.1099727438177,99957,402,196,32,7,8084,4102,0.12191242234160689,214,126,43578,46544,5619,2892,153,233,239,160,0,0,88456,0,0,390,9,0,0,0,0,0,358,10705,39,0,0,0,0,0
344,2914,345.2259069452813,99957,390,196,32,7,8145,4126,0.1227627879988395,217,123,43522,46511,5668,2902,169,259,266,176,0,0,88324,0,0,395,9,0,0,0,0,0,398,10789,42,0,0,0,0,0
345,2914,346.34329143989277,99957,396,191,32,7,8207,4159,0.12371319667457006,217,117,43471,46462,5697,2934,185,287,295,193,0,0,88191,0,0,398,10,0,0,0,0,0,442,10872,44,0,0,0,0,0
346,2914,347.0889678829966,99957,395,195,32,7,8246,4188,0.12439348920035616,211,109,43443,46421,5715,2950,202,316,326,211,0,0,88084,0,0,398,10,0,0,0,0,0,484,10930,51,0,0,0,0,0
347,2914,348.2085433881606,99957,388,201,32,7,8302,4222,0.12529387636683775,223,102,43387,46377,5747,2963,221,348,359,230,0,0,87951,0,0,407,10,0,0,0,0,0,535,11002,52,0,0,0,0,0
348,2914,349.3295401367552,99956,373,208,33,7,8361,4256,0.1262255392372644,221,93,43331,46338,5801,2971,239,381,394,250,0,0,87808,0,0,413,10,0,0,0,0,0,583,11083,59,0,0,0,0,0
349,2914,350.0777329442253,99956,384,214,33,7,8408,4279,0.12692584737284404,220,91,43283,46299,5819,2972,259,415,431,271,0,0,87704,0,0,416,10,0,0,0,0,0,637,11126,63,0,0,0,0,0
350,2914,351.2013648630396,99956,380,203,33,7,8468,4309,0.12782624354716074,208,86,43243,46255,5854,2995,280,452,470,293,0,0,87548,0,0,423,10,0,0,0,0,0,695,11214,66,0,0,0,0,0
351,2914,352.32635160531294,99955,373,199,34,7,8522,4332,0.12859786904106849,217,102,43189,46192,5882,3005,303,493,511,316,0,0,87404,0,0,426,10,0,0,0,0,0,754,11290,71,0,0,0,0,0
352,2914,353.0770917534624,99954,381,199,35,7,8567,4347,0.12919943173859977,217,105,43138,46140,5900,3012,327,535,554,340,0,0,87300,0,0,431,10,0,0,0,0,0,811,11321,81,0,0,0,0,0
353,2914,354.2045154431281,99954,378,196,35,7,8624,4374,0.13003981831642555,207,112,43096,46080,5933,3028,349,575,599,365,0,0,87157,0,0,441,10,0,0,0,0,0,874,11384,88,0,0,0,0,0
354,2914,355.33327250759004,99953,375,191,36,7,8684,4404,0.13094154252498674,206,113,43039,46020,5968,3050,374,617,647,391,0,0,86995,0,0,448,10,0,0,0,0,0,945,11464,91,0,0,0,0,0
355,2914,356.08659004004414,99953,364,200,36,7,8724,4426,0.13156183406200914,216,115,42988,45964,5994,3046,400,666,697,418,0,0,86873,0,0,455,10,0,0,0,0,0,1010,11502,103,0,0,0,0,0
356,2914,357.2180588848025,99953,372,207,36,7,8792,4463,0.1326123277940632,211,109,42941,45894,6012,3063,426,718,750,446,0,0,86710,0,0,457,11,0,0,0,0,0,1087,11581,107,0,0,0,0,0
357,2914,358.35084469476044,99953,376,214,36,7,8853,4508,0.13367282622832732,221,105,42870,45819,6043,3082,452,771,805,475,0,0,86546,0,0,460,12,0,0,0,0,0,1160,11658,117,0,0,0,0,0
358,2914,359.1069899035548,99953,357,215,36,7,8877,4529,0.13412303782777907,247,111,42810,45741,6066,3096,482,828,863,505,0,0,86403,0,0,461,12,0,0,0,0,0,1241,11712,124,0,0,0,0,0
359,2914,360.24282921761477,99953,382,218,36,7,8954,4565,0.13525356917751344,225,114,42753,45665,6091,3110,511,884,923,536,0,0,86246,0,0,460,15,0,0,0,0,0,1315,11779,138,0,0,0,0,0
360,2914,361.00092391449607,99952,373,216,36,8,8993,4591,0.13590523451256603,221,103,42706,45598,6120,3129,542,944,986,568,0,0,86090,0,0,466,15,0,0,0,0,0,1401,11833,147,0,0,0,0,0
361,2914,362.13964696669234,99952,369,216,36,8,9046,4627,0.1367956619177205,219,114,42652,45510,6147,3143,575,1007,1051,602,0,0,85923,0,0,476,15,0,0,0,0,0,1485,11891,162,0,0,0,0,0
362,2914,363.2800576923991,99952,365,212,36,8,9101,4667,0.13774611813670562,223,107,42590,45442,6176,3160,608,1069,1119,637,0,0,85740,0,0,481,15,0,0,0,0,0,1570,11966,180,0,0,0,0,0
363,2914,364.04123913216176,99952,363,204,36,8,9142,4686,0.13834640627501202,224,109,42536,45368,6196,3173,643,1136,1189,673,0,0,85581,0,0,483,16,0,0,0,0,0,1662,12017,193,0,0,0,0,0
364,2914,365.184642170054,99952,364,204,36,8,9198,4716,0.13920681927325115,219,111,42474,45294,6227,3179,678,1202,1262,710,0,0,85407,0,0,489,16,0,0,0,0,0,1757,12075,208,0,0,0,0,0
365,2914,366.3298182062579,99950,353,199,38,8,9260,4740,0.14007003501750875,209,114,42416,45218,6271,3190,711,1269,1338,748,0,0,85214,0,0,496,17,0,0,0,0,0,1856,12145,222,0,0,0,0,0
366,2914,367.094293151521,99949,350,195,39,8,9293,4756,0.14056168646009465,213,110,42368,45142,6278,3197,750,1346,1417,787,0,0,85060,0,0,502,17,0,0,0,0,0,1960,12174,236,0,0,0,0,0
367,2914,368.2425202691701,99949,341,203,39,8,9347,4790,0.14144213548909945,205,103,42320,45051,6304,3212,789,1421,1498,828,0,0,84873,0,0,511,16,1,0,0,0,0,2068,12230,250,0,0,0,0,0
368,2914,369.00886832378905,99949,334,197,39,8,9380,4804,0.14191237531140882,212,112,42262,44963,6322,3216,829,1502,1582,870,0,0,84703,0,0,513,17,1,0,0,0,0,2181,12272,262,0,0,0,0,0
369,2914,370.1602284502845,99948,342,195,39,9,9443,4836,0.14286428943050386,198,103,42203,44875,6344,3231,872,1585,1669,913,0,0,84508,0,0,522,17,1,0,0,0,0,2296,12327,277,0,0,0,0,0
370,2914,371.31328596918706,99948,342,197,39,9,9505,4866,0.1437847680794013,190,101,42135,44781,6378,3241,914,1669,1759,957,0,0,84310,0,0,531,17,1,0,0,0,0,2413,12382,294,0,0,0,0,0
371,2914,372.08306957255945,99948,344,200,39,9,9545,4884,0.1443650698363149,186,101,42079,44689,6397,3245,953,1754,1852,1002,0,0,84138,0,0,536,17,1,0,0,0,0,2537,12411,308,0,0,0,0,0
372,2914,373.2396372620541,99948,339,192,39,9,9596,4904,0.14507543922839877,183,115,42032,44582,6412,3259,993,1841,1947,1049,0,0,83935,0,0,540,19,1,0,0,0,0,2662,12468,323,0,0,0,0,0
373,2914,374.01145296981184,99948,343,195,39,9,9632,4924,0.14563573057990156,173,115,41986,44488,6416,3263,1041,1928,2045,1097,0,0,83759,0,0,543,19,1,0,0,0,0,2792,12495,339,0,0,0,0,0
374,2914,375.1707614794847,99947,334,192,39,10,9691,4956,0.14654767026524057,168,110,41928,44390,6447,3274,1082,2022,2146,1146,0,0,83527,0,0,551,19,1,0,0,0,0,2929,12568,352,0,0,0,0,0
375,2914,376.3317527344026,99947,352,188,39,10,9750,4988,0.14745815282099511,182,103,41852,44294,6446,3289,1127,2114,2250,1196,0,0,83333,0,0,559,20,1,0,0,0,0,3055,12600,379,0,0,0,0,0
376,2914,377.1067456261477,99947,350,176,39,10,9794,5001,0.14802845508119303,170,112,41790,44190,6473,3294,1176,2216,2357,1248,0,0,83135,0,0,564,22,1,0,0,0,0,3189,12634,402,0,0,0,0,0
377,2914,378.27140092449355,99947,330,174,39,10,9840,5022,0.14869881036949584,170,127,41734,44071,6502,3297,1223,2319,2467,1301,0,0,82921,0,0,577,23,1,0,0,0,0,3328,12672,425,0,0,0,0,0
378,2914,379.0488486627589,99947,344,178,39,10,9880,5046,0.14933914974936716,171,122,41669,43963,6503,3301,1272,2424,2580,1355,0,0,82731,0,0,578,24,1,0,0,0,0,3474,12694,445,0,0,0,0,0
379,2914,380.2170132439656,99947,352,183,39,10,9941,5081,0.15029965881917418,155,117,41619,43859,6516,3300,1317,2529,2695,1410,0,0,82511,0,0,582,26,1,0,0,0,0,3617,12740,470,0,0,0,0,0
380,2914,381.38671647326777,99947,338,175,39,10,9985,5111,0.1510400512271504,166,127,41553,43737,6535,3309,1367,2640,2813,1467,0,0,82276,0,0,592,26,1,0,0,0,0,3766,12790,496,0,0,0,0,0
381,2914,382.16748206343397,99947,333,177,39,10,10016,5138,0.15162035879015878,178,119,41479,43619,6546,3318,1423,2755,2934,1525,0,0,82067,0,0,596,28,1,0,0,0,0,3920,12816,519,0,0,0,0,0
382,2914,383.3410159700907,99947,329,187,39,10,10067,5177,0.15252083604310285,172,97,41415,43516,6571,3326,1472,2862,3058,1584,0,0,81831,0,0,604,28,1,0,0,0,0,4080,12861,542,0,0,0,0,0
383,2914,384.12448416975036,99947,330,189,39,10,10102,5201,0.15311114890892172,172,98,41359,43390,6575,3331,1523,2980,3185,1644,0,0,81615,0,0,608,29,1,0,0,0,0,4245,12886,563,0,0,0,0,0
384,2914,385.30169161704856,99947,319,194,39,10,10155,5235,0.15398161025343432,184,104,41268,43249,6608,3345,1580,3096,3315,1705,0,0,81358,0,0,614,31,1,0,0,0,0,4418,12945,580,0,0,0,0,0
385,2914,386.087907167448,99947,296,189,39,10,10184,5257,0.15449188069676928,184,107,41209,43116,6634,3354,1636,3222,3448,1768,0,0,81115,0,0,621,32,1,0,0,0,0,4590,12985,603,0,0,0,0,0
386,2914,387.2695127827359,99947,297,171,39,10,10237,5283,0.15528229961879797,184,104,41140,42991,6648,3379,1690,3343,3583,1832,0,0,80858,0,0,625,34,1,0,0,0,0,4758,13038,633,0,0,0,0,0
387,2914,388.05841021612804,99947,303,180,39,10,10273,5305,0.15586260718180636,178,102,41078,42861,6653,3373,1747,3472,3721,1897,0,0,80641,0,0,627,35,1,0,0,0,0,4935,13050,658,0,0,0,0,0
388,2914,389.24392934195424,99947,306,177,39,10,10330,5331,0.156693047315077,174,96,41007,42738,6671,3378,1801,3599,3862,1963,0,0,80387,0,0,632,36,1,0,0,0,0,5112,13092,687,0,0,0,0,0
389,2914,390.0354100019955,99947,308,173,39,10,10364,5345,0.1571733018499805,175,109,40940,42594,6673,3379,1863,3733,4006,2031,0,0,80161,0,0,636,38,1,0,0,0,0,5294,13102,715,0,0,0,0,0
390,2914,391.2247398860988,99947,300,175,39,10,10415,5383,0.15806377380011405,175,105,40865,42453,6699,3385,1920,3870,4153,2100,0,0,79901,0,0,643,41,1,0,0,0,0,5469,13139,753,0,0,0,0,0
391,2914,392.0189045480835,99947,307,171,39,10,10459,5403,0.1587041131799854,176,107,40783,42323,6708,3382,1985,4005,4302,2170,0,0,79655,0,0,641,46,1,0,0,0,0,5657,13168,779,0,0,0,0,0
392,2914,393.2129291858596,99947,298,170,39,10,10504,5433,0.15945451089077212,169,94,40721,42194,6720,3384,2051,4146,4454,2241,0,0,79390,0,0,646,46,1,0,0,0,0,5842,13205,817,0,0,0,0,0
393,2914,394.0102152578764,99947,302,168,39,10,10536,5455,0.15999479724253854,163,87,40652,42051,6723,3391,2119,4291,4609,2313,0,0,79142,0,0,647,46,1,0,0,0,0,6039,13225,847,0,0,0,0,0
394,2914,395.20843525181414,99947,300,180,39,10,10583,5486,0.16077521086175672,170,88,40576,41918,6733,3376,2180,4426,4766,2387,0,0,78890,0,0,651,49,1,0,0,0,0,6231,13241,884,0,0,0,0,0
395,2914,396.0084279801113,99947,293,172,39,10,10619,5503,0.16130549191071267,174,87,40504,41778,6740,3374,2248,4577,4926,2462,0,0,78620,0,0,651,50,1,0,0,0,0,6434,13276,915,0,0,0,0,0
396,2914,397.210965456217,99947,299,174,39,10,10675,5533,0.1621659479524148,153,83,40438,41631,6751,3374,2318,4726,5088,2538,0,0,78340,0,0,656,51,1,0,0,0,0,6642,13313,944,0,0,0,0,0
397,2914,398.013858593787,99947,290,174,39,10,10707,5553,0.16268622369856023,165,81,40347,41486,6764,3369,2393,4878,5253,2615,0,0,78076,0,0,658,54,1,0,0,0,0,6851,13332,975,0,0,0,0,0
398,2914,399.2211152826306,99946,298,174,40,10,10757,5580,0.1634582674644308,160,78,40273,41342,6763,3368,2464,5026,5421,2693,0,0,77801,0,0,661,56,1,0,0,0,0,7063,13356,1008,0,0,0,0,0
399,2914,400.027252116381,99946,301,165,40,10,10792,5592,0.16392852140155684,157,77,40203,41203,6759,3362,2538,5181,5591,2773,0,0,77543,0,0,665,57,1,0,0,0,0,7273,13360,1047,0,0,0,0,0
400,2914,401.23905990489294,99946,301,164,40,10,10844,5616,0.16468893202329257,155,86,40127,41057,6765,3356,2610,5325,5763,2854,0,0,77254,0,0,675,57,1,0,0,0,0,7495,13386,1078,0,0,0,0,0
401,2914,402.048171904851,99946,301,164,40,10,10874,5632,0.16514918055750105,163,84,40041,40917,6767,3343,2686,5480,5938,2936,0,0,76993,0,0,680,57,1,0,0,0,0,7715,13385,1115,0,0,0,0,0
402,2914,403.26471585917614,99946,300,160,40,10,10923,5658,0.16589958577631922,158,87,39969,40763,6772,3344,2759,5634,6115,3019,0,0,76699,0,0,689,58,1,0,0,0,0,7939,13410,1150,0,0,0,0,0
403,2914,404.0770510453484,99946,306,154,40,10,10958,5670,0.16636983971344527,154,91,39894,40598,6770,3343,2834,5802,6294,3103,0,0,76434,0,0,695,59,1,0,0,0,0,8164,13406,1187,0,0,0,0,0
404,2914,405.29824873603053,99946,292,153,40,10,11009,5693,0.16711023952934584,152,94,39817,40442,6786,3339,2911,5960,6476,3188,0,0,76131,0,0,701,61,1,0,0,0,0,8386,13436,1230,0,0,0,0,0
405,2914,406.11379733471716,99945,289,165,41,10,11040,5719,0.16768222522387313,152,86,39746,40278,6781,3332,2989,6127,6660,3275,0,0,75850,0,0,702,65,1,0,0,0,0,8625,13443,1259,0,0,0,0,0
406,2914,407.3397544503684,99944,281,169,42,10,11083,5749,0.16841431201472826,168,75,39659,40123,6785,3333,3063,6288,6846,3363,0,0,75539,0,0,706,66,1,0,0,0,0,8864,13475,1293,0,0,0,0,0
407,2914,408.15846213897737,99944,286,164,42,10,11115,5763,0.16887456975906506,169,77,39573,39969,6784,3317,3144,6461,7034,3452,0,0,75266,0,0,706,69,1,0,0,0,0,9094,13471,1337,0,0,0,0,0
408,2914,409.3894890411694,99944,277,153,42,10,11159,5779,0.1694749059473305,156,75,39507,39816,6795,3325,3221,6619,7224,3542,0,0,74949,0,0,710,72,1,0,0,0,0,9339,13503,1370,0,0,0,0,0
409,2914,410.21161847367983,99944,269,154,42,10,11187,5796,0.16992515808852957,160,74,39430,39651,6796,3314,3301,6795,7416,3633,0,0,74670,0,0,722,72,1,0,0,0,0,9578,13487,1414,0,0,0,0,0
410,2914,411.0353941151615,99944,267,148,42,10,11216,5810,0.17035539902345315,154,74,39364,39487,6794,3309,3377,6970,7610,3725,0,0,74382,0,0,726,75,1,0,0,0,0,9822,13485,1453,0,0,0,0,0
411,2914,412.27358559796386,99944,262,138,42,10,11256,5834,0.17099575762426958,160,76,39293,39326,6788,3313,3453,7135,7806,3818,0,0,74082,0,0,731,77,1,0,0,0,0,10050,13491,1512,0,0,0,0,0
412,2914,413.10034344890096,99944,257,138,42,10,11281,5849,0.17139598174977988,163,71,39215,39158,6790,3308,3531,7313,8004,3912,0,0,73795,0,0,734,78,1,0,0,0,0,10296,13483,1557,0,0,0,0,0
413,2914,414.34334307981163,99943,265,140,43,10,11332,5873,0.17214812443092561,146,79,39148,38994,6784,3294,3612,7481,8204,4007,0,0,73497,0,0,739,81,1,0,0,0,0,10537,13480,1608,0,0,0,0,0
414,2914,415.17324700091984,99943,274,134,43,10,11369,5890,0.1726884324064717,129,75,39063,38824,6787,3295,3702,7660,8406,4103,0,0,73202,0,0,743,83,1,0,0,0,0,10787,13473,1654,0,0,0,0,0
415,2914,416.0049229414518,99943,268,128,43,10,11393,5901,0.17303863202025155,132,89,38982,38625,6784,3295,3789,7851,8609,4200,0,0,72897,0,0,747,86,1,0,0,0,0,11052,13474,1686,0,0,0,0,0
416,2914,417.2557149824549,99943,268,138,43,10,11431,5927,0.17367899702830614,149,81,38871,38448,6791,3294,3876,8027,8814,4298,0,0,72582,0,0,748,88,1,0,0,0,0,11316,13485,1723,0,0,0,0,0
417,2914,418.09133208822936,99943,271,139,43,10,11457,5943,0.17409923656484197,157,81,38792,38270,6770,3284,3965,8214,9021,4397,0,0,72290,0,0,749,89,1,0,0,0,0,11572,13470,1772,0,0,0,0,0
418,2914,419.3477792598195,99943,260,141,43,10,11501,5966,0.17476961868264912,156,80,38717,38096,6778,3283,4044,8388,9229,4497,0,0,71959,0,0,755,90,1,0,0,0,0,11834,13487,1817,0,0,0,0,0
419,2914,420.18684008127894,99943,264,146,43,10,11528,5988,0.1752598981419409,189,103,38627,37899,6752,3270,4123,8570,9439,4598,0,0,71654,16,0,759,92,1,0,0,0,0,12105,13461,1855,0,0,0,0,0
420,2914,421.3332944727285,99943,284,148,43,10,11590,6012,0.17612038862151427,214,116,38500,37716,6749,3257,4208,8751,9650,4700,0,0,71347,68,5,762,96,1,0,0,0,0,12355,13400,1909,0,0,0,0,0
421,2914,422.0992935249484,99943,286,157,43,10,11627,6036,0.1767307365198163,222,113,38404,37532,6752,3246,4291,8940,9863,4803,0,0,71044,108,10,764,99,1,0,0,0,0,12613,13345,1959,0,0,0,0,0
422,2914,423.2515006179081,99943,302,172,43,10,11685,6073,0.17768127832864733,248,116,38297,37349,6739,3228,4369,9123,10077,4907,0,0,70722,162,13,765,103,1,0,0,0,0,12878,13292,2007,0,0,0,0,0
423,2914,424.02104356837947,99943,326,168,43,10,11744,6088,0.17842170036921046,235,133,38204,37161,6732,3217,4458,9309,10292,5012,0,0,70407,206,17,766,108,1,0,0,0,0,13145,13242,2051,0,0,0,0,0
424,2914,425.1783921355538,99942,342,164,44,10,11815,6116,0.17941406015488984,246,156,38096,36963,6730,3217,4540,9488,10508,5118,0,0,70060,278,22,771,112,1,0,0,0,0,13414,13189,2095,0,0,0,0,0
425,2914,426.33858658386066,99942,368,197,44,10,11894,6165,0.18069480298573173,253,157,37982,36779,6728,3199,4623,9656,10725,5225,0,0,69726,330,30,776,116,1,0,0,0,0,13688,13142,2133,0,0,0,0,0
426,2914,427.11356456709143,99942,385,201,44,10,11950,6195,0.18155530207520362,259,162,37882,36594,6715,3193,4713,9838,10944,5332,0,0,69395,379,39,780,119,1,0,0,0,0,13961,13094,2174,0,0,0,0,0
427,2914,428.2794783445175,99940,388,212,45,11,12033,6239,0.1828296978186912,272,162,37758,36411,6739,3183,4796,10019,11164,5440,0,0,69041,460,51,795,121,1,0,0,0,0,14220,13021,2230,0,0,0,0,0
428,2914,429.0586278570491,99940,394,220,45,11,12084,6272,0.18367020212127277,288,162,37635,36215,6748,3179,4888,10211,11384,5549,0,0,68705,511,63,797,126,1,0,0,0,0,14493,12975,2269,0,0,0,0,0
429,2914,430.23149640962384,99939,400,223,46,11,12176,6313,0.18500285173956113,294,176,37492,36029,6786,3178,4980,10381,11605,5659,0,0,68336,603,72,816,129,1,0,0,0,0,14760,12901,2321,0,0,0,0,0
430,2914,431.0157039743169,99939,422,233,46,11,12242,6348,0.18601346821561152,290,170,37384,35841,6783,3177,5073,10566,11827,5770,0,0,68003,646,85,822,135,1,0,0,0,0,15036,12852,2359,0,0,0,0,0
431,2914,432.19589222370115,99939,436,245,46,11,12323,6401,0.18735428611452987,320,161,37243,35650,6792,3190,5161,10741,12050,5882,0,0,67654,710,109,836,141,1,0,0,0,0,15297,12788,2403,0,0,0,0,0
432,2914,433.3799890821156,99938,450,247,46,12,12429,6456,0.18896715963897617,339,163,37090,35461,6823,3212,5250,10903,12274,5994,0,0,67267,812,130,850,146,2,0,0,0,0,15560,12722,2449,0,0,0,0,0
433,2914,434.17185927483825,99938,458,260,46,12,12497,6492,0.19000780483900018,361,182,36948,35251,6844,3204,5341,11089,12498,6107,0,0,66932,866,140,864,151,2,0,0,0,0,15831,12652,2500,0,0,0,0,0
434,2914,435.36436120271327,99938,493,278,46,12,12609,6548,0.19168884708519282,359,196,36805,35052,6876,3203,5419,11257,12723,6221,0,0,66550,956,149,877,154,2,0,0,0,0,16114,12592,2544,0,0,0,0,0
435,2914,436.1616403760076,99937,506,281,47,12,12680,6576,0.1926813892752434,359,218,36693,34840,6885,3199,5508,11448,12949,6336,0,0,66193,1020,157,880,160,2,0,0,0,0,16398,12539,2588,0,0,0,0,0
436,2914,437.3615096431146,99937,539,289,47,12,12789,6641,0.19442248616628477,375,211,36550,34651,6904,3228,5583,11607,13175,6451,0,0,65811,1111,176,896,166,2,0,0,0,0,16670,12472,2633,0,0,0,0,0
437,2914,438.16373021462584,99936,551,304,48,12,12868,6685,0.19565521934037783,369,219,36427,34430,6921,3233,5682,11800,13402,6567,0,0,65446,1181,188,908,167,2,0,0,0,0,16952,12411,2681,0,0,0,0,0
438,2914,439.37143387056574,99936,560,305,48,12,12974,6743,0.19729626961255203,413,222,36254,34236,6967,3253,5756,11970,13629,6684,0,0,65033,1301,207,916,173,2,0,0,0,0,17225,12352,2727,0,0,0,0,0
439,2914,440.1793674846189,99936,559,308,48,12,13049,6787,0.1984870317002882,425,224,36109,34039,7000,3268,5857,12147,13856,6801,0,0,64655,1379,226,926,179,3,0,0,0,0,17505,12297,2766,0,0,0,0,0
440,2914,441.3966720088234,99936,597,340,48,12,13180,6866,0.20058837656099904,430,204,35965,33841,7027,3283,5931,12318,14084,6919,0,0,64280,1468,249,942,186,4,0,0,0,0,17766,12220,2821,0,0,0,0,0
441,2914,442.2106461629655,99936,609,344,48,12,13264,6907,0.20183917707332694,439,203,35827,33646,7044,3292,6031,12501,14312,7038,0,0,63916,1533,275,954,190,4,0,0,0,0,18037,12160,2867,0,0,0,0,0
442,2914,443.02746596269213,99935,644,339,48,13,13356,6940,0.20309200980637415,442,224,35694,33445,7051,3295,6119,12682,14540,7157,0,0,63559,1599,284,966,196,4,0,0,0,0,18318,12090,2919,0,0,0,0,0
443,2914,444.25769717551856,99933,694,345,50,13,13511,7013,0.20537760299400598,429,226,35523,33248,7098,3326,6204,12840,14768,7277,0,0,63147,1713,314,986,199,5,0,0,0,0,18584,12017,2968,0,0,0,0,0
444,2914,445.0806461964421,99933,706,352,50,13,13609,7063,0.2068585952588234,439,227,35361,33051,7140,3331,6302,13024,14996,7397,0,0,62760,1800,341,994,204,5,0,0,0,0,18856,11960,3013,0,0,0,0,0
445,2914,446.3212238017716,99932,757,364,51,13,13763,7140,0.20917223712124244,447,234,35176,32861,7186,3358,6381,13168,15224,7518,0,0,62361,1904,376,1018,207,5,0,0,0,0,19114,11881,3066,0,0,0,0,0
446,2914,447.15151388588737,99931,756,367,52,13,13857,7186,0.21057529695489888,476,244,35012,32671,7230,3366,6472,13337,15452,7639,0,0,61970,1993,404,1028,214,5,0,0,0,0,19385,11822,3110,0,0,0,0,0
447,2914,448.4030001812291,99930,770,390,53,13,14012,7261,0.2128790153107175,522,266,34815,32460,7294,3365,6544,13504,15680,7761,0,0,61538,2121,443,1044,219,6,0,0,0,0,19649,11758,3152,0,0,0,0,0
448,2914,449.24063477309977,99930,800,387,53,13,14137,7312,0.2146402481737216,525,282,34663,32251,7326,3392,6631,13673,15908,7884,0,0,61157,2215,472,1065,222,6,0,0,0,0,19906,11672,3215,0,0,0,0,0
449,2914,450.0816715771174,99929,810,404,54,13,14239,7373,0.21627355422349867,553,283,34491,32064,7368,3398,6722,13836,16136,8007,0,0,60766,2297,501,1081,228,6,0,0,0,0,20183,11614,3253,0,0,0,0,0
450,2914,451.3497924727539,99929,841,411,54,13,14432,7461,0.21908555074102612,546,293,34308,31874,7466,3438,6783,13969,16363,8130,0,0,60305,2455,551,1105,239,6,0,0,0,0,20436,11543,3289,0,0,0,0,0
451,2914,452.19875585499426,99928,856,419,54,14,14542,7527,0.22084901128812745,575,294,34148,31679,7494,3459,6871,14133,16590,8254,0,0,59908,2543,590,1124,241,7,0,0,0,0,20703,11481,3331,0,0,0,0,0
452,2914,453.0512885696577,99928,889,438,54,14,14674,7595,0.2228504523256745,587,293,33975,31470,7533,3468,6960,14315,16817,8378,0,0,59523,2636,620,1140,247,7,0,0,0,0,20962,11406,3387,0,0,0,0,0
453,2914,454.33663554313335,99928,920,450,54,14,14863,7683,0.22562244816267712,597,316,33779,31270,7616,3494,7032,14454,17044,8503,0,0,59072,2786,668,1163,254,8,0,0,0,0,21211,11332,3434,0,0,0,0,0
454,2914,455.1973223361904,99928,958,452,54,14,15002,7746,0.22764390361059963,596,332,33616,31053,7659,3521,7115,14626,17270,8628,0,0,58666,2898,692,1180,262,8,0,0,0,0,21481,11257,3484,0,0,0,0,0
455,2914,456.061887564392,99928,988,464,54,14,15141,7817,0.22974541670002402,629,330,33420,30849,7704,3557,7203,14784,17496,8754,0,0,58253,2999,734,1190,271,9,0,0,0,0,21747,11207,3518,0,0,0,0,0
456,2914,457.3664416215374,99927,1019,478,55,14,15363,7914,0.23294004623375064,638,348,33207,30663,7823,3591,7256,14904,17721,8880,0,0,57783,3168,797,1214,282,9,0,0,0,0,21980,11130,3564,0,0,0,0,0
457,2914,458.2402734512539,99927,1021,489,55,14,15496,7986,0.2349915438269937,696,367,33009,30464,7882,3602,7335,15062,17946,9006,0,0,57356,3299,837,1221,295,9,0,0,0,0,22235,11068,3607,0,0,0,0,0
458,2914,459.1186210946827,99925,1044,486,56,15,15651,8052,0.23720790592944707,705,383,32823,30250,7950,3631,7420,15233,18170,9133,0,0,56937,3423,880,1233,307,9,0,0,0,0,22482,10995,3659,0,0,0,0,0
459,2914,460.0014893060631,99925,1076,514,56,15,15809,8143,0.23969977483112334,702,384,32657,30042,8010,3658,7497,15385,18393,9260,0,0,56514,3541,924,1246,318,9,0,0,0,0,22741,10936,3696,0,0,0,0,0
460,2914,461.33336041468414,99923,1113,527,57,16,16061,8264,0.24343744683406224,731,412,32408,29833,8128,3706,7561,15504,18616,9387,0,0,56004,3747,989,1283,325,9,0,0,0,0,22972,10851,3743,0,0,0,0,0
461,2914,462.22620873653176,99922,1144,529,57,17,16233,8356,0.24608194391625468,764,397,32192,29626,8203,3762,7638,15667,18838,9515,0,0,55562,3876,1054,1307,335,9,0,0,0,0,23218,10788,3773,0,0,0,0,0
462,2914,463.12445716826034,99922,1175,560,57,17,16411,8454,0.24884409839674945,771,380,32001,29433,8274,3791,7720,15817,19059,9643,0,0,55164,3988,1115,1332,348,9,0,0,0,0,23441,10699,3826,0,0,0,0,0
463,2914,464.0277966474653,99921,1177,590,58,17,16570,8541,0.2513085337416559,794,403,31782,29216,8373,3810,7814,15962,19280,9771,0,0,54736,4101,1172,1347,367,9,0,0,0,0,23693,10645,3851,0,0,0,0,0
464,2914,465.3927458162587,99921,1239,597,58,17,16846,8686,0.2555218622711942,818,392,31530,29026,8476,3888,7877,16078,19500,9899,0,0,54219,4324,1237,1382,388,9,0,0,0,0,23914,10556,3892,0,0,0,0,0
465,2914,466.30794723184204,99921,1276,629,58,17,17023,8783,0.25826402858258024,825,395,31348,28829,8546,3911,7945,16217,19719,10028,0,0,53813,4437,1298,1394,400,9,0,0,0,0,24142,10486,3942,0,0,0,0,0
466,2914,467.22788030463715,99920,1309,662,59,17,17207,8887,0.26114891913530824,839,386,31152,28627,8618,3953,8021,16353,19937,10157,0,0,53398,4552,1359,1422,410,9,0,0,0,0,24376,10408,3986,0,0,0,0,0
467,2914,468.15314377881424,99919,1325,645,60,17,17392,8966,0.26379367287502875,879,404,30941,28445,8698,3998,8095,16489,20154,10286,0,0,52962,4696,1431,1453,423,9,0,0,0,0,24591,10323,4031,0,0,0,0,0
468,2914,469.0838001519535,99919,1393,659,60,17,17613,9056,0.2669061940171539,878,427,30731,28260,8768,4021,8168,16614,20371,10415,0,0,52559,4808,1502,1476,439,10,0,0,0,0,24807,10244,4074,0,0,0,0,0
469,2914,470.0200566552638,99919,1420,659,60,17,17827,9158,0.2700687556921106,862,414,30543,28071,8877,4082,8236,16755,20587,10544,0,0,52106,4957,1571,1515,454,11,0,0,0,0,25029,10162,4114,0,0,0,0,0
470,2914,471.43471119207555,99918,1442,686,61,17,18155,9310,0.2748753978262175,898,457,30261,27862,9069,4151,8267,16825,20802,10674,0,0,51566,5201,1660,1570,472,14,0,0,0,0,25219,10055,4161,0,0,0,0,0
471,2914,472.3843700323744,99916,1489,700,63,17,18386,9418,0.27827374994995796,888,468,30060,27664,9154,4208,8344,16941,21016,10804,0,0,51122,5340,1741,1596,490,14,0,0,0,0,25431,9987,4195,0,0,0,0,0
472,2914,473.3398881353193,99915,1502,694,64,17,18602,9526,0.28151929139768805,909,486,29856,27452,9263,4280,8404,17069,21229,10934,0,0,50653,5515,1819,1628,513,14,0,0,0,0,25639,9904,4230,0,0,0,0,0
473,2914,474.3014755116893,99915,1509,722,64,17,18834,9644,0.2850222689285893,921,501,29629,27230,9405,4331,8470,17197,21441,11064,0,0,50187,5683,1895,1663,538,15,0,0,0,0,25853,9824,4257,0,0,0,0,0
474,2914,475.2697723655223,99915,1548,762,64,17,19085,9782,0.28891557824150527,907,476,29406,27035,9523,4395,8550,17313,21652,11194,0,0,49713,5855,1972,1689,554,17,0,0,0,0,26066,9756,4293,0,0,0,0,0
475,2914,476.24497678357534,99915,1568,800,64,17,19306,9900,0.29230846219286394,935,487,29179,26827,9631,4431,8621,17436,21861,11324,0,0,49264,6010,2043,1711,576,18,0,0,0,0,26282,9687,4324,0,0,0,0,0
476,2914,477.22710670308084,99914,1593,827,65,17,19548,10020,0.29593450367315893,957,501,28970,26619,9748,4466,8665,17568,22069,11454,0,0,48821,6165,2126,1743,601,18,0,0,0,0,26477,9600,4363,0,0,0,0,0
477,2914,478.2157772443248,99914,1645,837,65,17,19799,10151,0.29975779170086275,946,501,28778,26432,9845,4546,8719,17665,22276,11584,0,0,48382,6312,2216,1783,624,18,0,0,0,0,26663,9511,4405,0,0,0,0,0
478,2914,479.2105269754665,99913,1632,846,66,17,20038,10266,0.3033038743707025,957,520,28557,26239,9991,4599,8795,17777,22482,11714,0,0,47914,6493,2317,1825,640,20,0,0,0,0,26838,9416,4450,0,0,0,0,0
479,2914,480.21269450117205,99913,1638,873,66,17,20285,10405,0.30716723549488056,1019,533,28320,26048,10105,4655,8850,17872,22687,11844,0,0,47441,6668,2426,1860,658,22,0,0,0,0,27016,9343,4479,0,0,0,0,0
480,2914,481.2223053174166,99910,1671,878,69,17,20557,10548,0.3113301971774597,1006,540,28100,25853,10251,4750,8901,17960,22891,11974,0,0,46955,6850,2533,1892,687,23,0,0,0,0,27193,9273,4504,0,0,0,0,0
481,2914,482.2393384491261,99908,1720,891,71,17,20847,10692,0.31568042599191254,1021,542,27848,25698,10375,4822,8963,18028,23094,12104,0,0,46493,7018,2642,1935,714,24,0,0,0,0,27358,9188,4536,0,0,0,0,0
482,2914,483.2647701957414,99908,1725,904,71,17,21113,10837,0.3197942106738199,1054,532,27625,25524,10526,4897,8997,18124,23295,12234,0,0,46017,7204,2758,1967,747,24,0,0,0,0,27510,9111,4570,0,0,0,0,0
483,2914,484.2978296049962,99906,1722,913,72,18,21382,10977,0.32389446079314554,1033,536,27421,25360,10696,4978,9054,18193,23495,12364,0,0,45526,7390,2884,2005,773,24,0,0,0,0,27666,9043,4595,0,0,0,0,0
484,2914,485.3390222128005,99905,1721,902,73,18,21657,11106,0.3279415444672439,1076,533,27204,25207,10839,5067,9085,18271,23694,12494,0,0,45043,7585,3007,2048,801,24,0,0,0,0,27811,8951,4635,0,0,0,0,0
485,2914,486.3878581389254,99903,1732,904,75,18,21937,11242,0.33211214878432077,1072,534,26992,25059,10987,5141,9140,18342,23892,12624,0,0,44568,7768,3133,2086,833,24,0,0,0,0,27960,8869,4662,0,0,0,0,0
486,2914,487.44513825169577,99901,1747,922,77,18,22197,11393,0.3362328705418364,1106,530,26762,24890,11120,5218,9186,18420,24088,12754,0,0,44116,7927,3258,2120,864,25,0,0,0,0,28106,8795,4690,0,0,0,0,0
487,2914,488.5105290387279,99899,1742,912,79,18,22462,11525,0.34021361575190945,1114,553,26531,24714,11288,5310,9244,18491,24283,12884,0,0,43623,8130,3379,2161,887,28,0,0,0,0,28260,8714,4717,0,0,0,0,0
488,2914,489.0460728134878,99899,1749,914,79,18,22614,11609,0.3425760017617794,1105,551,26380,24540,11352,5343,9333,18632,24477,13014,0,0,43261,8209,3469,2175,915,28,0,0,0,0,28439,8657,4746,0,0,0,0,0
489,2914,490.12686571478224,99896,1816,924,82,18,22934,11766,0.3473612557059342,1081,545,26173,24372,11471,5435,9375,18704,24670,13144,0,0,42809,8366,3610,2224,937,29,0,0,0,0,28572,8571,4778,0,0,0,0,0
490,2914,491.215858751729,99896,1833,927,82,18,23225,11911,0.3517257948266197,1074,525,25949,24214,11623,5520,9437,18794,24861,13274,0,0,42354,8550,3737,2256,980,29,0,0,0,0,28693,8482,4815,0,0,0,0,0
491,2914,492.3135660874652,99895,1845,927,83,18,23502,12050,0.35589368837279145,1105,530,25754,24060,11750,5598,9461,18865,25051,13404,0,0,41905,8692,3875,2304,1010,31,0,0,0,0,28829,8411,4838,0,0,0,0,0
492,2914,493.4196485671094,99892,1844,911,86,18,23812,12187,0.36037920954631003,1103,550,25546,23905,11921,5676,9498,18938,25240,13533,0,0,41410,8886,4009,2354,1052,32,0,0,0,0,28959,8337,4853,0,0,0,0,0
493,2914,494.5344873544674,99890,1857,896,87,19,24111,12326,0.3647712483732105,1124,551,25332,23758,12063,5773,9535,19001,25427,13662,0,0,40930,9078,4162,2390,1079,35,0,0,0,0,29075,8264,4877,0,0,0,0,0
494,2914,495.09490915695727,99887,1833,902,89,20,24254,12397,0.3669246248260534,1132,548,25163,23617,12157,5790,9624,19121,25613,13791,0,0,40578,9155,4258,2411,1099,35,0,0,0,0,29236,8201,4914,0,0,0,0,0
495,2914,496.2259366761856,99886,1808,902,90,20,24579,12539,0.3716036281360751,1102,566,24981,23469,12358,5868,9659,19173,25798,13920,0,0,40117,9322,4424,2474,1145,38,0,0,0,0,29328,8109,4929,0,0,0,0,0
496,2914,497.36638554492725,99885,1786,910,90,21,24868,12704,0.37615257546178105,1088,549,24802,23345,12550,5949,9682,19224,25981,14049,0,0,39635,9513,4554,2523,1196,41,0,0,0,0,29456,8030,4937,0,0,0,0,0
497,2914,498.5154846615396,99882,1797,928,93,21,25196,12865,0.3810596503874572,1035,554,24615,23191,12747,6023,9711,19281,26163,14177,0,0,39180,9688,4701,2576,1227,49,0,0,0,0,29553,7943,4965,0,0,0,0,0
498,2914,499.0931354987294,99882,1795,937,93,21,25348,12946,0.383392403035582,1023,547,24501,23047,12796,6053,9790,19393,26343,14305,0,0,38843,9754,4786,2591,1261,50,0,0,0,0,29719,7887,4991,0,0,0,0,0
499,2914,500.25750651025385,99881,1812,954,93,22,25639,13125,0.3881018411910173,1043,514,24316,22926,12922,6133,9812,19449,26522,14433,0,0,38379,9945,4915,2627,1300,51,0,0,0,0,29832,7808,5024,0,0,0,0,0
500,2914,501.4299649793449,99880,1808,954,93,23,25939,13281,0.39267120544653583,1025,519,24166,22808,13088,6213,9818,19481,26700,14561,0,0,37947,10118,5067,2666,1349,54,0,0,0,0,29907,7713,5059,0,0,0,0,0
501,2914,502.01844463743396,99879,1805,954,94,23,26097,13359,0.3950379959751299,1017,515,24028,22691,13152,6232,9902,19583,26876,14689,0,0,37626,10170,5173,2681,1389,54,0,0,0,0,30049,7657,5080,0,0,0,0,0
502,2914,503.2050969881177,99877,1813,940,95,24,26411,13503,0.3996315468025672,993,534,23847,22564,13309,6315,9941,19621,27051,14816,0,0,37194,10313,5339,2726,1443,54,0,0,0,0,30127,7587,5094,0,0,0,0,0
503,2914,504.4011410550061,99875,1772,931,96,25,26703,13666,0.40419524405506885,1001,532,23664,22434,13492,6415,9973,19661,27225,14943,0,0,36767,10463,5513,2788,1496,60,0,0,0,0,30181,7495,5112,0,0,0,0,0
504,2914,505.00248460704194,99875,1765,945,96,25,26876,13756,0.406828535669587,956,505,23566,22289,13557,6444,10058,19790,27397,15070,0,0,36427,10519,5621,2821,1524,60,0,0,0,0,30329,7444,5130,0,0,0,0,0
505,2914,506.21451579957875,99875,1783,938,96,25,27191,13905,0.4114743429286608,919,487,23420,22185,13704,6528,10076,19835,27568,15197,0,0,35996,10667,5777,2876,1565,63,0,0,0,0,30414,7369,5148,0,0,0,0,0
506,2914,507.4343335353111,99873,1756,910,97,26,27472,14046,0.4157079490953511,899,481,23273,22078,13868,6617,10105,19886,27737,15323,0,0,35540,10838,5930,2921,1606,68,0,0,0,0,30502,7300,5168,0,0,0,0,0
507,2914,508.0469548785327,99873,1761,891,97,26,27640,14118,0.4181110009712335,871,488,23160,21958,13927,6665,10182,19970,27905,15449,0,0,35242,10874,6058,2952,1633,69,0,0,0,0,30610,7233,5202,0,0,0,0,0
508,2914,509.2816242905615,99869,1670,922,100,27,27882,14305,0.4224233746207532,939,446,22985,21886,14096,6763,10208,19954,28072,15575,0,0,34790,11044,6196,3013,1682,75,0,0,0,0,30702,7150,5217,0,0,0,0,0
509,2914,510.525783136737,99868,1671,919,101,27,28176,14457,0.4268934994192334,920,455,22859,21791,14220,6840,10227,19966,28237,15700,0,0,34397,11174,6362,3048,1733,81,0,0,0,0,30754,7078,5241,0,0,0,0,0
510,2914,511.15055659747935,99868,1650,922,101,27,28302,14544,0.4290263147354508,919,437,22745,21669,14271,6881,10312,20062,28401,15825,0,0,34088,11210,6485,3074,1752,82,0,0,0,0,30882,7033,5262,0,0,0,0,0
511,2914,512.4086887334557,99868,1621,877,101,27,28600,14688,0.4334521568470381,885,439,22599,21563,14440,7003,10352,20089,28564,15950,0,0,33648,11354,6658,3141,1802,88,0,0,0,0,30944,6965,5268,0,0,0,0,0
512,2914,513.0404661127064,99868,1579,856,101,27,28722,14747,0.43526454920495056,870,448,22509,21455,14501,7031,10438,20181,28725,16074,0,0,33339,11400,6761,3159,1841,90,0,0,0,0,31076,6919,5283,0,0,0,0,0
513,2914,514.314328127362,99868,1554,825,101,27,28981,14881,0.43919974366163334,870,475,22381,21358,14640,7119,10452,20194,28885,16198,0,0,32948,11525,6928,3190,1900,94,0,0,0,0,31132,6854,5297,0,0,0,0,0
514,2914,515.5961365119697,99866,1525,815,103,27,29244,15034,0.44337412132257226,836,459,22277,21260,14769,7205,10488,20232,29043,16322,0,0,32585,11624,7109,3226,1960,101,0,0,0,0,31158,6791,5312,0,0,0,0,0
515,2914,516.2390065769578,99866,1525,825,103,27,29390,15129,0.4457873550557747,817,438,22170,21157,14823,7228,10560,20323,29200,16445,0,0,32287,11666,7223,3242,1988,105,0,0,0,0,31277,6751,5327,0,0,0,0,0
516,2914,517.5339494520118,99865,1550,819,104,27,29656,15269,0.44985730736494267,793,437,22043,21082,14907,7284,10601,20349,29356,16568,0,0,31935,11753,7373,3289,2034,109,0,0,0,0,31347,6686,5339,0,0,0,0,0
517,2914,518.1841016459496,99865,1508,825,104,27,29774,15351,0.45186001101487006,812,421,21956,20985,14950,7296,10668,20444,29510,16691,0,0,31673,11784,7499,3305,2067,110,0,0,0,0,31427,6621,5379,0,0,0,0,0
518,2914,519.4926005503737,99865,1521,828,104,27,30053,15509,0.4562359184899614,793,400,21832,20923,15061,7376,10687,20444,29663,16813,0,0,31283,11918,7657,3348,2099,117,0,0,0,0,31492,6552,5399,0,0,0,0,0
519,2914,520.1491409773973,99864,1524,804,105,27,30189,15571,0.45822318352960023,780,400,21742,20819,15087,7412,10760,20536,29815,16935,0,0,31006,11933,7779,3362,2129,120,0,0,0,0,31603,6523,5409,0,0,0,0,0
520,2914,521.4709605646973,99863,1477,785,106,27,30448,15698,0.4620930675024784,767,386,21626,20755,15244,7495,10778,20550,29965,17056,0,0,30643,12027,7940,3428,2174,131,0,0,0,0,31652,6449,5419,0,0,0,0,0
521,2914,522.1341622444536,99863,1455,771,106,27,30575,15755,0.4639355917607122,776,392,21531,20667,15283,7515,10847,20626,30114,17177,0,0,30379,12064,8045,3432,2211,134,0,0,0,0,31752,6393,5453,0,0,0,0,0
522,2914,523.4701983106687,99861,1432,760,107,28,30845,15886,0.46796046504641453,737,391,21443,20603,15413,7580,10866,20636,30262,17298,0,0,30018,12170,8186,3486,2267,139,0,0,0,0,31807,6314,5474,0,0,0,0,0
523,2914,524.1405839810894,99861,1425,755,107,28,30977,15954,0.4699632489159932,731,374,21342,20527,15446,7598,10947,20716,30408,17418,0,0,29758,12190,8296,3505,2295,143,0,0,0,0,31912,6267,5495,0,0,0,0,0
524,2914,525.4895400739881,99861,1398,723,107,28,31223,16075,0.47363835731667014,717,361,21255,20492,15554,7675,10967,20719,30553,17538,0,0,29435,12273,8481,3538,2349,151,0,0,0,0,31921,6201,5512,0,0,0,0,0
525,2914,526.1663178215064,99861,1390,708,107,28,31350,16124,0.4754008071218994,702,369,21175,20406,15586,7687,11038,20800,30697,17657,0,0,29174,12300,8584,3553,2380,152,0,0,0,0,32034,6154,5530,0,0,0,0,0
526,2914,527.5279113339176,99861,1341,677,107,28,31581,16235,0.47882556753887906,700,371,21081,20373,15716,7750,11053,20799,30839,17776,0,0,28835,12383,8740,3603,2441,155,0,0,0,0,32078,6089,5537,0,0,0,0,0
527,2914,528.210546142995,99860,1339,687,108,28,31713,16307,0.4808732225115161,688,362,21013,20292,15746,7758,11104,20871,30980,17895,0,0,28598,12403,8856,3605,2473,157,0,0,0,0,32160,6041,5567,0,0,0,0,0
528,2914,529.58435016416,99858,1314,696,110,28,31958,16437,0.4846381862244387,634,331,20949,20259,15853,7801,11138,20883,31120,18013,0,0,28293,12453,9040,3658,2512,162,0,0,0,0,32186,5976,5578,0,0,0,0,0
529,2914,530.2725564461867,99858,1307,688,110,28,32079,16492,0.48640068897834926,609,329,20879,20194,15891,7807,11202,20952,31258,18131,0,0,28061,12453,9141,3672,2547,164,0,0,0,0,32286,5932,5602,0,0,0,0,0
530,2914,531.6567274701358,99856,1266,665,112,28,32286,16614,0.4897051754526518,605,329,20830,20172,15967,7865,11218,20939,31395,18248,0,0,27746,12519,9311,3704,2599,168,0,0,0,0,32312,5881,5616,0,0,0,0,0
531,2914,532.350092828334,99855,1235,665,113,28,32385,16684,0.491402533673827,609,302,20777,20117,15983,7883,11281,21003,31531,18365,0,0,27506,12523,9420,3709,2636,172,0,0,0,0,32412,5849,5628,0,0,0,0,0
532,2914,533.0455411433059,99855,1237,641,113,28,32495,16733,0.49299484252165643,599,302,20727,20062,15974,7903,11348,21062,31666,18481,0,0,27296,12530,9526,3702,2679,177,0,0,0,0,32490,5805,5650,0,0,0,0,0
533,2914,534.4424311590454,99854,1220,617,114,28,32697,16855,0.4962445169948124,575,291,20689,20051,16044,7960,11356,21051,31799,18597,0,0,27004,12593,9667,3717,2751,181,0,0,0,0,32523,5758,5660,0,0,0,0,0
534,2914,535.1417440555872,99854,1209,583,114,28,32803,16896,0.49771666633284595,563,296,20640,19996,16044,7984,11428,21111,31931,18712,0,0,26774,12592,9759,3728,2796,185,0,0,0,0,32629,5727,5664,0,0,0,0,0
535,2914,536.5458870743254,99853,1170,581,114,29,33004,17001,0.5007861556488037,540,295,20620,19980,16111,8012,11443,21101,32062,18827,0,0,26486,12639,9894,3761,2856,188,0,0,0,0,32678,5680,5671,0,0,0,0,0
536,2914,537.2481492965334,99851,1161,575,116,29,33099,17049,0.5022283201970936,533,296,20548,19927,16130,8000,11510,21171,32192,18941,0,0,26276,12627,9986,3776,2884,190,0,0,0,0,32779,5641,5692,0,0,0,0,0
537,2914,538.6591998112254,99851,1134,554,116,29,33301,17145,0.5052127670228641,521,291,20519,19913,16189,8043,11519,21168,32320,19055,0,0,26014,12642,10140,3819,2926,201,0,0,0,0,32811,5594,5704,0,0,0,0,0
538,2914,539.366157418286,99851,1100,544,116,29,33391,17199,0.5066549158245787,505,280,20466,19868,16216,8049,11595,21228,32447,19169,0,0,25796,12635,10227,3840,2966,202,0,0,0,0,32909,5552,5724,0,0,0,0,0
539,2914,540.0743927500398,99850,1071,537,116,30,33477,17241,0.5079419128693039,501,291,20412,19806,16229,8049,11669,21285,32573,19282,0,0,25592,12619,10316,3853,2996,209,0,0,0,0,33010,5516,5739,0,0,0,0,0
540,2914,541.4976173786554,99849,1027,523,117,30,33659,17339,0.5107512343638895,482,285,20378,19826,16303,8070,11691,21264,32698,19395,0,0,25322,12670,10465,3879,3039,218,0,0,0,0,33034,5465,5757,0,0,0,0,0
541,2914,542.2105465520931,99849,1005,532,117,30,33734,17400,0.512113291069515,481,260,20345,19785,16292,8069,11758,21322,32822,19507,0,0,25146,12644,10572,3880,3072,223,0,0,0,0,33105,5431,5776,0,0,0,0,0
542,2914,543.6408183314284,99849,959,522,117,30,33884,17497,0.514587026409879,492,248,20331,19809,16330,8091,11769,21298,32944,19619,0,0,24904,12667,10715,3892,3134,228,0,0,0,0,33135,5397,5777,0,0,0,0,0
543,2914,544.3560989689912,99849,926,510,117,30,33957,17535,0.5156987050446173,471,250,20302,19771,16343,8085,11839,21352,33065,19730,0,0,24702,12665,10805,3894,3166,233,0,0,0,0,33230,5362,5792,0,0,0,0,0
544,2914,545.072803492401,99849,933,511,117,30,34050,17587,0.5171508978557622,459,230,20245,19742,16339,8086,11905,21399,33185,19841,0,0,24514,12661,10900,3890,3195,235,0,0,0,0,33314,5323,5817,0,0,0,0,0
545,2914,546.5113209382448,99848,907,491,118,30,34231,17662,0.5197199743610288,404,234,20231,19755,16406,8109,11932,21379,33304,19951,0,0,24274,12681,11026,3929,3248,238,0,0,0,0,33359,5265,5828,0,0,0,0,0
546,2914,547.2307979717089,99848,873,484,118,30,34301,17697,0.5207715727906418,402,237,20199,19716,16407,8098,11999,21433,33422,20061,0,0,24090,12659,11119,3934,3286,238,0,0,0,0,33444,5234,5844,0,0,0,0,0
547,2914,548.6752551504693,99847,847,468,119,30,34455,17783,0.5231804661131532,385,232,20189,19760,16428,8107,12030,21401,33539,20170,0,0,23869,12683,11259,3952,3332,244,0,0,0,0,33464,5182,5862,0,0,0,0,0
548,2914,549.3976211336881,99847,827,447,119,30,34528,17822,0.5243021823389786,376,223,20159,19730,16413,8112,12104,21456,33654,20279,0,0,23693,12656,11346,3961,3372,247,0,0,0,0,33545,5149,5878,0,0,0,0,0
549,2914,550.121352657853,99846,804,439,119,31,34583,17862,0.5252588987040042,399,210,20123,19710,16384,8107,12169,21501,33768,20387,0,0,23520,12626,11439,3964,3398,251,0,0,0,0,33632,5124,5892,0,0,0,0,0
550,2914,551.5730678554065,99846,801,447,119,31,34742,17935,0.5275824770146025,366,189,20127,19757,16387,8088,12198,21486,33881,20495,0,0,23331,12630,11557,3971,3443,257,0,0,0,0,33666,5073,5918,0,0,0,0,0
551,2914,552.2988218920544,99845,784,445,120,31,34807,17975,0.528639391056137,352,182,20111,19724,16369,8082,12262,21534,33993,20602,0,0,23170,12601,11644,3967,3477,261,0,0,0,0,33745,5045,5935,0,0,0,0,0
552,2914,553.0255365446526,99845,773,438,120,31,34876,18010,0.5296810055586159,341,179,20081,19699,16363,8086,12320,21565,34104,20709,0,0,23002,12585,11735,3962,3504,265,0,0,0,0,33821,5016,5955,0,0,0,0,0
553,2914,554.4819619918069,99844,744,420,120,32,34996,18069,0.5314791074075558,341,183,20104,19726,16363,8085,12326,21552,34214,20815,0,0,22812,12578,11854,3979,3544,272,0,0,0,0,33860,4975,5970,0,0,0,0,0
554,2914,555.2095928904702,99842,740,416,122,32,35075,18102,0.532611526211414,308,181,20081,19705,16348,8073,12399,21591,34323,20921,0,0,22661,12536,11955,3986,3566,274,0,0,0,0,33930,4941,5993,0,0,0,0,0
555,2914,556.6673648270362,99841,682,381,123,32,35179,18158,0.5342194088600876,289,179,20124,19742,16362,8089,12418,21575,34431,21026,0,0,22460,12543,12083,3998,3609,283,0,0,0,0,33955,4905,6005,0,0,0,0,0
556,2914,557.3956073730023,99841,666,375,123,32,35232,18206,0.5352310173175349,288,169,20112,19733,16326,8086,12483,21603,34538,21130,0,0,22312,12514,12169,4003,3639,287,0,0,0,0,34023,4866,6028,0,0,0,0,0
557,2914,558.1242598394261,99841,647,381,123,32,35281,18237,0.5360322913432357,290,162,20107,19742,16290,8047,12541,21634,34644,21234,0,0,22184,12470,12261,4000,3662,292,0,0,0,0,34089,4831,6052,0,0,0,0,0
558,2914,559.5831566591432,99841,628,375,123,32,35397,18300,0.5378251419757414,265,149,20131,19784,16288,8039,12563,21619,34749,21337,0,0,21984,12490,12362,3996,3700,299,0,0,0,0,34140,4801,6069,0,0,0,0,0
559,2914,560.3114507670166,99841,627,367,123,32,35452,18325,0.5386264160014423,261,153,20116,19763,16259,8026,12612,21657,34853,21440,0,0,21811,12479,12429,3995,3718,301,0,0,0,0,34245,4779,6084,0,0,0,0,0
560,2914,561.0406011922008,99841,610,343,123,32,35499,18352,0.5393675944752155,254,150,20120,19749,16223,8027,12668,21697,34956,21542,0,0,21663,12457,12506,3987,3755,304,0,0,0,0,34314,4751,6104,0,0,0,0,0
561,2914,562.5002686059019,99841,566,320,123,32,35581,18409,0.5407598080948709,271,130,20139,19798,16210,8040,12689,21678,35058,21644,0,0,21468,12469,12620,4000,3789,308,0,0,0,0,34362,4713,6112,0,0,0,0,0
562,2914,563.2288786962486,99841,575,310,123,32,35642,18428,0.5415610821205717,251,130,20124,19774,16167,8033,12758,21719,35159,21745,0,0,21327,12439,12695,3993,3814,311,0,0,0,0,34447,4688,6127,0,0,0,0,0
563,2914,564.6887943162202,99841,533,300,123,32,35721,18473,0.5428030568604081,249,124,20155,19823,16152,8028,12786,21691,35259,21846,0,0,21164,12413,12794,3990,3868,314,0,0,0,0,34501,4669,6128,0,0,0,0,0
564,2914,565.417447654881,99841,523,288,123,32,35766,18488,0.5434040123796837,240,130,20162,19803,16103,8011,12847,21734,35358,21946,0,0,21039,12388,12868,3980,3896,316,0,0,0,0,34568,4628,6158,0,0,0,0,0
565,2914,566.1470357701022,99841,501,291,123,32,35806,18510,0.5440249997496018,244,127,20155,19785,16080,7988,12895,21775,35456,22046,0,0,20916,12351,12936,3968,3936,318,0,0,0,0,34644,4600,6172,0,0,0,0,0
566,2914,567.6064697796428,99840,486,272,123,33,35883,18545,0.5451522435897436,252,139,20221,19840,16016,7970,12900,21744,35553,22145,0,0,20780,12314,13040,3962,3978,324,0,0,0,0,34688,4577,6177,0,0,0,0,0
567,2914,568.3345045348728,99840,493,271,123,33,35939,18573,0.5459935897435897,229,126,20214,19845,15984,7947,12955,21776,35649,22244,0,0,20659,12276,13113,3959,4004,327,0,0,0,0,34762,4542,6198,0,0,0,0,0
568,2914,569.0621368140972,99840,489,259,123,33,35991,18602,0.5468048878205128,208,127,20206,19841,15951,7940,13021,21798,35744,22342,0,0,20513,12250,13194,3945,4040,329,0,0,0,0,34842,4530,6197,0,0,0,0,0
569,2914,570.5187507656645,99840,457,248,123,33,36070,18650,0.5480769230769231,208,124,20247,19913,15921,7929,13042,21751,35838,22440,0,0,20332,12257,13270,3953,4079,333,0,0,0,0,34915,4497,6204,0,0,0,0,0
570,2914,571.2456046478011,99839,453,238,124,33,36109,18671,0.5486833802421899,197,111,20244,19909,15884,7915,13096,21792,35931,22537,0,0,20207,12224,13340,3948,4103,335,0,0,0,0,34991,4468,6223,0,0,0,0,0
571,2914,572.700725307217,99839,446,228,124,33,36187,18705,0.5498051863500235,184,112,20294,19969,15829,7887,13121,21769,36023,22634,0,0,20065,12202,13406,3948,4141,343,0,0,0,0,35059,4442,6233,0,0,0,0,0
572,2914,573.4269701758275,99839,427,216,124,33,36221,18724,0.5503360410260519,169,110,20300,19943,15793,7878,13185,21818,36114,22730,0,0,19943,12159,13481,3947,4166,346,0,0,0,0,35132,4416,6249,0,0,0,0,0
573,2914,574.1530761746787,99838,412,224,125,33,36254,18748,0.5509124782147078,168,106,20303,19944,15742,7850,13248,21841,36204,22826,0,0,19827,12124,13548,3932,4192,349,0,0,0,0,35205,4392,6269,0,0,0,0,0
574,2914,575.6055009976051,99838,405,225,125,33,36315,18790,0.551944149522226,151,91,20366,19997,15684,7831,13267,21821,36293,22921,0,0,19714,12088,13639,3924,4225,354,0,0,0,0,35246,4363,6285,0,0,0,0,0
575,2914,576.329518690266,99837,400,222,126,33,36354,18808,0.5525206085920049,131,82,20364,19984,15645,7809,13332,21868,36381,23016,0,0,19602,12036,13711,3927,4243,356,0,0,0,0,35321,4337,6304,0,0,0,0,0
576,2914,577.0537065036107,99837,402,216,126,33,36379,18824,0.5529312779831125,135,86,20361,19977,15588,7789,13386,21897,36468,23110,0,0,19492,11995,13769,3920,4261,360,0,0,0,0,35403,4316,6321,0,0,0,0,0
577,2914,578.5027406351167,99836,363,191,127,33,36416,18848,0.5535478184222125,147,84,20443,20038,15519,7782,13399,21870,36554,23203,0,0,19367,11972,13851,3908,4305,365,0,0,0,0,35449,4293,6326,0,0,0,0,0
578,2914,579.2249442494767,99836,352,186,127,33,36443,18865,0.5539885412075805,145,81,20457,20029,15461,7762,13456,21907,36640,23296,0,0,19267,11912,13932,3905,4326,368,0,0,0,0,35511,4279,6336,0,0,0,0,0
579,2914,580.6685370545896,99835,326,190,128,33,36482,18902,0.5547553463214303,154,72,20488,20082,15409,7730,13493,21891,36725,23388,0,0,19127,11894,13995,3909,4350,371,0,0,0,0,35588,4254,6347,0,0,0,0,0
580,2914,581.3888350632698,99835,319,174,128,33,36517,18909,0.5551760404667702,143,80,20484,20098,15378,7698,13546,21915,36809,23480,0,0,19023,11857,14059,3903,4370,376,0,0,0,0,35650,4227,6370,0,0,0,0,0
581,2914,582.1095078137031,99835,315,174,128,33,36549,18921,0.55561676766665,132,77,20457,20111,15360,7671,13606,21932,36892,23571,0,0,18915,11819,14120,3899,4386,378,0,0,0,0,35726,4203,6389,0,0,0,0,0
582,2914,583.5525638115125,99834,316,175,128,34,36609,18951,0.5565238295570647,114,64,20528,20208,15304,7635,13608,21882,36974,23662,0,0,18807,11779,14201,3891,4418,381,0,0,0,0,35776,4186,6395,0,0,0,0,0
583,2914,584.2721139525589,99834,311,176,128,34,36636,18962,0.5569044614059339,117,62,20528,20216,15258,7599,13656,21911,37055,23752,0,0,18709,11730,14267,3887,4436,382,0,0,0,0,35848,4166,6409,0,0,0,0,0
584,2914,585.71157581111,99834,293,160,128,34,36678,18980,0.557505459062043,114,70,20607,20311,15186,7570,13670,21853,37136,23842,0,0,18612,11682,14354,3883,4469,383,0,0,0,0,35883,4143,6425,0,0,0,0,0
585,2914,586.4293231904124,99834,290,149,128,34,36697,18988,0.5577759080072922,118,69,20619,20317,15116,7552,13727,21877,37216,23931,0,0,18527,11629,14421,3877,4489,386,0,0,0,0,35946,4119,6440,0,0,0,0,0
586,2914,587.1465081459748,99834,284,148,128,34,36722,19002,0.558166556483763,109,61,20622,20321,15082,7526,13773,21908,37295,24020,0,0,18421,11596,14479,3870,4501,392,0,0,0,0,36019,4101,6455,0,0,0,0,0
587,2914,588.5801707620144,99832,254,144,130,34,36755,19027,0.5587587146405962,105,58,20675,20406,15037,7490,13797,21866,37373,24108,0,0,18295,11575,14538,3865,4530,395,0,0,0,0,36087,4084,6463,0,0,0,0,0
588,2914,589.295257304359,99832,253,149,130,34,36777,19042,0.5591293372866416,102,52,20684,20427,14985,7455,13844,21881,37450,24196,0,0,18202,11536,14587,3857,4548,398,0,0,0,0,36160,4062,6482,0,0,0,0,0
589,2914,590.0105462476947,99832,244,147,130,34,36789,19053,0.559359724336886,107,54,20703,20440,14933,7427,13881,21896,37527,24283,0,0,18111,11499,14635,3844,4571,399,0,0,0,0,36230,4038,6505,0,0,0,0,0
590,2914,591.4399388544125,99832,235,133,130,34,36828,19074,0.5599607340331757,105,52,20782,20504,14852,7414,13894,21861,37603,24370,0,0,18007,11472,14705,3838,4593,405,0,0,0,0,36280,4012,6520,0,0,0,0,0
591,2914,592.1523031297082,99832,230,127,130,34,36841,19087,0.5602211715682346,107,44,20778,20525,14802,7395,13951,21873,37678,24456,0,0,17915,11428,14767,3824,4613,407,0,0,0,0,36346,4000,6532,0,0,0,0,0
592,2914,593.5761530717579,99832,221,117,130,34,36882,19107,0.5608321980927959,92,39,20870,20586,14715,7372,13970,21850,37752,24542,0,0,17836,11381,14845,3815,4642,413,0,0,0,0,36375,3977,6548,0,0,0,0,0
593,2914,594.2856751610947,99832,219,111,130,34,36898,19110,0.5610225178299543,92,47,20883,20587,14658,7348,14016,21871,37826,24627,0,0,17739,11341,14903,3809,4650,417,0,0,0,0,36452,3964,6557,0,0,0,0,0
594,2914,595.7034989072935,99832,220,107,130,34,36931,19127,0.5615233592435291,88,46,20947,20669,14596,7314,14017,21828,37899,24712,0,0,17636,11307,14972,3801,4668,417,0,0,0,0,36514,3949,6568,0,0,0,0,0
595,2914,596.4100788067708,99832,214,102,130,34,36952,19130,0.561763763122045,87,54,20948,20680,14557,7280,14062,21848,37971,24796,0,0,17549,11263,15030,3798,4680,419,0,0,0,0,36579,3927,6587,0,0,0,0,0
596,2914,597.1166481074365,99832,215,99,130,34,36973,19141,0.562084301626733,85,51,20963,20671,14501,7267,14104,21876,38042,24880,0,0,17466,11218,15093,3793,4691,423,0,0,0,0,36641,3907,6600,0,0,0,0,0
597,2914,598.5293396232985,99831,200,93,130,35,37008,19159,0.5626208292013503,78,41,21032,20752,14449,7230,14109,21847,38113,24963,0,0,17366,11187,15162,3781,4715,426,0,0,0,0,36689,3892,6613,0,0,0,0,0
598,2914,599.2335129377543,99831,179,85,130,35,37020,19164,0.5627911169877092,76,44,21042,20762,14411,7214,14160,21858,38183,25046,0,0,17274,11149,15212,3774,4741,427,0,0,0,0,36757,3875,6622,0,0,0,0,0
599,2914,600.6413953260092,99831,182,78,130,35,37054,19177,0.5632619126323487,65,44,21126,20883,14336,7168,14159,21790,38252,25128,0,0,17183,11104,15277,3767,4764,429,0,0,0,0,36817,3867,6623,0,0,0,0,0
600,2914,601.3431003736855,99831,178,72,130,35,37070,19182,0.563472268133145,63,49,21133,20916,14297,7136,14197,21790,38321,25210,0,0,17101,11058,15345,3759,4774,432,0,0,0,0,36874,3854,6634,0,0,0,0,0
601,2914,602.0442542871542,99831,167,72,130,35,37080,19190,0.5636525728481133,65,46,21143,20942,14245,7101,14248,21802,38389,25291,0,0,17030,11014,15397,3747,4792,437,0,0,0,0,36929,3836,6649,0,0,0,0,0
602,2914,603.4459530562734,99831,165,78,130,35,37103,19211,0.5640933177069247,63,37,21204,21005,14180,7071,14256,21772,38456,25372,0,0,16947,10980,15455,3737,4810,438,0,0,0,0,36982,3815,6667,0,0,0,0,0
603,2914,604.1450559126584,99831,154,74,130,35,37114,19218,0.564273622421893,55,37,21220,21010,14141,7049,14298,21793,38523,25452,0,0,16867,10943,15501,3727,4828,443,0,0,0,0,37045,3797,6680,0,0,0,0,0
604,2914,605.5421672261733,99831,141,74,130,35,37134,19234,0.5646342318518296,51,31,21296,21101,14066,7008,14314,21749,38589,25532,0,0,16772,10915,15549,3720,4849,445,0,0,0,0,37110,3780,6691,0,0,0,0,0
605,2914,606.2388600513185,99831,138,74,130,35,37144,19242,0.5648145365667979,47,25,21312,21128,14012,6979,14359,21757,38654,25611,0,0,16701,10876,15594,3705,4871,446,0,0,0,0,37170,3761,6707,0,0,0,0,0
606,2914,607.6304550946071,99831,141,66,130,35,37160,19248,0.5650349089962036,45,32,21379,21197,13932,6948,14371,21720,38719,25690,0,0,16625,10835,15649,3695,4887,448,0,0,0,0,37228,3745,6719,0,0,0,0,0
607,2914,608.3242612771787,99831,137,66,130,35,37168,19255,0.5651851629253438,45,29,21409,21211,13869,6929,14408,21728,38783,25768,0,0,16556,10794,15700,3682,4903,451,0,0,0,0,37285,3728,6732,0,0,0,0,0
608,2914,609.0176493320592,99831,133,59,130,35,37177,19258,0.565305366068656,49,29,21414,21230,13826,6905,14446,21740,38846,25846,0,0,16473,10760,15748,3671,4919,451,0,0,0,0,37351,3714,6744,0,0,0,0,0
609,2914,610.4024303409681,99831,127,53,130,35,37198,19263,0.5655658062124991,43,28,21492,21294,13756,6872,14450,21716,38909,25923,0,0,16404,10715,15806,3657,4944,452,0,0,0,0,37397,3700,6756,0,0,0,0,0
610,2914,611.0929460464396,99831,126,49,130,35,37210,19264,0.5656960262844206,43,28,21494,21316,13718,6847,14487,21723,38971,26000,0,0,16322,10682,15840,3648,4961,454,0,0,0,0,37472,3686,6766,0,0,0,0,0
611,2914,612.4727531872552,99831,115,55,130,35,37218,19277,0.565906381785217,43,20,21557,21409,13635,6802,14518,21677,39033,26076,0,0,16253,10649,15884,3631,4986,454,0,0,0,0,37524,3666,6784,0,0,0,0,0
612,2914,613.1611787342595,99831,109,55,130,35,37219,19278,0.5659264156424357,44,20,21537,21376,13596,6788,14582,21724,39094,26152,0,0,16189,10608,15927,3612,5008,455,0,0,0,0,37584,3654,6794,0,0,0,0,0
613,2914,614.2389261838957,99831,110,47,130,35,37237,19284,0.5661668219290601,43,24,21629,21471,13505,6759,14581,21662,39154,26227,0,0,16121,10565,15981,3608,5021,458,0,0,0,0,37635,3635,6807,0,0,0,0,0
614,2914,615.6106869299934,99831,108,44,130,35,37250,19288,0.5663371097154191,43,25,21713,21539,13422,6731,14582,21624,39214,26302,0,0,16050,10530,16026,3601,5031,461,0,0,0,0,37691,3615,6826,0,0,0,0,0
615,2914,616.2945731915696,99831,105,42,130,35,37257,19291,0.5664372790015125,43,25,21747,21548,13368,6707,14605,21641,39273,26377,0,0,15974,10494,16070,3593,5041,463,0,0,0,0,37758,3601,6837,0,0,0,0,0
616,2914,617.6596974052958,99831,86,39,130,35,37261,19301,0.5665775160020434,50,23,21801,21620,13310,6678,14621,21603,39332,26451,0,0,15898,10465,16113,3586,5056,466,0,0,0,0,37812,3580,6855,0,0,0,0,0
617,2914,618.3402348567714,99831,82,34,130,35,37268,19302,0.5666576514309183,50,25,21810,21645,13259,6653,14667,21606,39390,26525,0,0,15824,10433,16150,3569,5073,471,0,0,0,0,37878,3573,6860,0,0,0,0,0
618,2914,619.0207007350658,99831,82,35,130,35,37276,19305,0.5667678376456211,51,25,21823,21645,13210,6632,14702,21626,39447,26598,0,0,15760,10393,16190,3561,5082,475,0,0,0,0,37938,3559,6873,0,0,0,0,0
619,2914,620.3807407728582,99831,77,42,130,35,37282,19314,0.5669180915747614,48,19,21849,21681,13155,6603,14739,21618,39504,26671,0,0,15690,10356,16230,3549,5096,477,0,0,0,0,38001,3548,6884,0,0,0,0,0
620,2914,621.281644387511,99831,77,44,130,35,37293,19320,0.5670883793611203,46,17,21889,21726,13090,6568,14766,21608,39560,26743,0,0,15624,10322,16266,3541,5104,482,0,0,0,0,38060,3530,6902,0,0,0,0,0
621,2914,622.163896758958,99831,75,36,130,35,37306,19322,0.5672386332902606,46,16,21942,21819,13024,6529,14781,21563,39616,26815,0,0,15549,10292,16306,3537,5114,484,0,0,0,0,38119,3512,6918,0,0,0,0,0
622,2914,623.5079606339557,99831,73,34,130,35,37313,19326,0.5673488195049634,45,12,21996,21868,12955,6502,14799,21547,39671,26886,0,0,15493,10253,16347,3524,5132,486,0,0,0,0,38169,3495,6932,0,0,0,0,0
623,2914,624.3211698963808,99831,76,28,130,35,37331,19327,0.567539141148541,40,14,22031,21919,12906,6463,14815,21539,39726,26957,0,0,15430,10217,16392,3512,5147,489,0,0,0,0,38220,3479,6945,0,0,0,0,0
624,2914,625.0053124688397,99831,78,28,130,35,37339,19329,0.5676393104346346,34,13,22049,21933,12852,6435,14855,21554,39780,27027,0,0,15366,10177,16436,3507,5153,490,0,0,0,0,38278,3465,6959,0,0,0,0,0
625,2914,626.6335024505589,99831,78,22,130,35,37357,19330,0.5678296320782121,33,17,22173,22044,12756,6401,14828,21479,39834,27097,0,0,15291,10150,16478,3501,5161,493,0,0,0,0,38334,3451,6972,0,0,0,0,0
626,2914,627.1445561781982,99831,76,23,130,35,37357,19331,0.5678396490068215,34,16,22145,22012,12723,6390,14890,21522,39887,27167,0,0,15228,10122,16506,3486,5177,493,0,0,0,0,38396,3435,6988,0,0,0,0,0
627,2914,628.0869474289102,99831,73,23,130,35,37365,19336,0.567969869078743,35,15,22210,22082,12658,6358,14892,21485,39940,27236,0,0,15150,10091,16542,3483,5187,493,0,0,0,0,38465,3425,6995,0,0,0,0,0
628,2914,629.216992990073,99831,66,24,130,35,37368,19338,0.5680199537217898,35,15,22235,22093,12612,6334,14920,21497,39992,27305,0,0,15081,10060,16576,3473,5200,494,0,0,0,0,38528,3414,7005,0,0,0,0,0
629,2914,630.33295160813,99831,64,28,130,35,37383,19347,0.5682603600084142,59,36,22339,22174,12511,6295,14895,21430,40044,27373,0,0,15019,10024,16618,3461,5214,498,2,0,0,2,38576,3405,7012,0,0,0,0,0
630,2914,631.456944260844,99831,73,33,130,35,37402,19355,0.5685308170808666,48,34,22391,22220,12455,6266,14901,21410,40095,27441,0,0,14953,9993,16647,3450,5231,498,5,0,0,6,38635,3391,7022,0,0,0,0,0
631,2914,632.0172962272106,99831,70,40,130,35,37404,19365,0.5686510202241789,53,27,22396,22231,12415,6249,14934,21416,40146,27508,0,0,14889,9957,16681,3443,5237,501,5,0,0,12,38693,3383,7030,0,0,0,0,0
632,2914,633.138081137451,99831,68,39,130,35,37416,19376,0.5688814095821939,51,23,22449,22288,12358,6232,14942,21381,40196,27575,0,0,14827,9927,16707,3436,5246,504,12,0,0,24,38736,3359,7053,0,0,0,0,0
633,2914,634.2563419364357,99831,68,44,130,35,37428,19383,0.5690717312257716,52,27,22507,22353,12286,6192,14955,21347,40246,27642,0,0,14771,9892,16737,3421,5264,507,13,0,0,28,38787,3347,7064,0,0,0,0,0
634,2914,635.371906199357,99831,70,48,130,35,37444,19393,0.5693321713696147,52,23,22542,22402,12233,6177,14971,21313,40295,27708,0,0,14707,9865,16757,3410,5282,510,15,0,0,35,38842,3334,7074,0,0,0,0,0
635,2914,636.4848043837887,99830,65,44,130,36,37455,19397,0.5694881298206952,51,23,22595,22460,12177,6151,14980,21284,40344,27774,0,0,14641,9823,16794,3407,5288,514,23,0,0,42,38892,3325,7081,0,0,0,0,0
636,2914,637.0402763672031,99830,64,45,130,36,37465,19401,0.5696283682259842,45,19,22597,22486,12147,6126,15015,21286,40392,27839,0,0,14591,9783,16833,3403,5295,516,25,0,0,48,38934,3305,7097,0,0,0,0,0
637,2914,638.151111559299,99830,60,43,130,36,37476,19407,0.5697986577181208,44,20,22636,22546,12097,6101,15031,21252,40440,27904,0,0,14530,9745,16869,3389,5313,518,32,0,0,54,38982,3296,7102,0,0,0,0,0
638,2914,639.3230443306933,99830,58,42,130,36,37481,19411,0.5698888109786637,48,18,22646,22566,12055,6082,15061,21254,40487,27968,0,0,14475,9713,16900,3376,5328,520,33,0,0,59,39031,3285,7110,0,0,0,0,0
639,2914,640.3350177438982,99830,55,36,130,36,37489,19414,0.5699989982971051,48,19,22686,22603,12001,6066,15078,21238,40534,28032,0,0,14413,9685,16925,3371,5340,521,36,0,0,68,39081,3267,7123,0,0,0,0,0
640,2914,641.4831236008976,99830,56,36,130,36,37499,19420,0.5701592707602925,42,19,22745,22690,11936,6037,15089,21180,40580,28096,0,0,14358,9651,16957,3361,5352,524,38,0,0,73,39129,3254,7133,0,0,0,0,0
641,2914,642.3935446118604,99830,65,34,130,36,37516,19428,0.5704096964840228,37,20,22829,22793,11848,5997,15089,21118,40626,28159,0,0,14299,9619,16987,3350,5369,524,43,0,0,80,39176,3242,7141,0,0,0,0,0
642,2914,643.4934385328318,99830,63,31,130,36,37521,19432,0.5704998497445658,45,21,22882,22836,11788,5968,15090,21106,40672,28222,0,0,14252,9576,17028,3341,5381,525,45,0,0,87,39214,3230,7151,0,0,0,0,0
643,2914,644.042185397516,99830,66,31,130,36,37527,19436,0.5706000200340579,42,22,22884,22847,11748,5948,15128,21114,40717,28284,0,0,14206,9537,17065,3330,5394,526,45,0,0,91,39256,3220,7160,0,0,0,0,0
644,2914,645.1392043539341,99830,73,30,130,36,37539,19439,0.5707502754682962,38,22,22940,22895,11690,5923,15127,21092,40762,28346,0,0,14156,9503,17098,3321,5405,526,45,0,0,98,39299,3206,7173,0,0,0,0,0
645,2914,646.2336531764051,99830,77,31,130,36,37554,19445,0.5709606330762296,37,25,22990,22953,11636,5894,15128,21059,40806,28408,0,0,14101,9470,17129,3311,5418,527,48,0,0,106,39343,3195,7182,0,0,0,0,0
646,2914,647.3256303679366,99830,73,37,130,36,37565,19453,0.5711509566262647,42,25,23057,23019,11567,5863,15129,21018,40850,28469,0,0,14057,9422,17176,3303,5428,527,54,0,0,115,39372,3184,7192,0,0,0,0,0
647,2914,648.4145444100292,99829,80,36,130,37,37581,19458,0.5713670376343547,40,28,23109,23083,11500,5831,15139,20983,40893,28530,0,0,14007,9385,17207,3296,5438,530,57,0,0,118,39415,3171,7205,0,0,0,0,0
648,2914,649.5007887236083,99829,75,37,130,37,37588,19467,0.5715273117030122,46,24,23173,23131,11443,5809,15131,20960,40936,28590,0,0,13950,9352,17235,3288,5451,532,60,0,0,126,39461,3163,7211,0,0,0,0,0
649,2914,650.0425265300079,99829,75,36,130,37,37592,19471,0.5716074487373408,50,23,23171,23147,11410,5799,15162,20956,40979,28650,0,0,13895,9323,17262,3282,5460,533,60,0,0,131,39511,3151,7221,0,0,0,0,0
650,2914,651.1256079158102,99828,72,34,131,37,37606,19472,0.5717634331049405,49,28,23229,23214,11360,5772,15157,20913,41021,28710,0,0,13845,9291,17289,3273,5470,538,67,0,0,134,39551,3135,7235,0,0,0,0,0
651,2914,652.2063308302982,99828,69,36,131,37,37620,19480,0.5719838121569099,46,24,23284,23261,11310,5756,15158,20884,41063,28769,0,0,13789,9259,17314,3264,5484,541,69,0,0,144,39595,3129,7240,0,0,0,0,0
652,2914,653.2844197848369,99828,68,40,131,37,37627,19487,0.5721240533717995,44,19,23293,23281,11276,5739,15186,20882,41104,28828,0,0,13750,9227,17340,3256,5499,542,69,0,0,147,39631,3109,7258,0,0,0,0,0
653,2914,654.0579249474251,99828,65,37,131,37,37636,19491,0.5722542773570541,51,21,23330,23320,11222,5720,15199,20863,41145,28886,0,0,13699,9200,17362,3248,5512,544,71,0,0,157,39670,3096,7269,0,0,0,0,0
654,2914,655.3880223563716,99827,70,29,132,37,37656,19496,0.572510443066505,54,23,23409,23427,11163,5701,15170,20781,41186,28944,0,0,13636,9175,17380,3243,5519,548,77,0,0,171,39713,3086,7279,0,0,0,0,0
655,2914,656.4600325340699,99827,77,25,132,37,37672,19501,0.5727208069961033,44,22,23474,23493,11108,5674,15163,20747,41226,29002,0,0,13578,9147,17404,3236,5529,549,80,0,0,182,39757,3079,7286,0,0,0,0,0
656,2914,657.5298010584477,99827,74,26,132,37,37681,19505,0.5728510322858545,40,25,23540,23543,11060,5646,15152,20721,41266,29059,0,0,13537,9109,17438,3226,5542,551,81,0,0,189,39790,3070,7294,0,0,0,0,0
657,2914,658.063245944759,99827,78,27,132,37,37689,19510,0.5729812575756058,39,22,23529,23557,11032,5630,15188,20725,41306,29116,0,0,13484,9080,17465,3220,5552,551,81,0,0,192,39840,3060,7302,0,0,0,0,0
658,2914,659.1297391318872,99827,75,21,132,37,37699,19513,0.5731114828653571,38,23,23557,23618,10996,5617,15200,20682,41345,29173,0,0,13441,9048,17492,3211,5563,556,85,0,0,202,39869,3048,7312,0,0,0,0,0
659,2914,660.1952449805835,99827,73,24,132,37,37708,19516,0.5732316908251275,41,25,23611,23670,10941,5597,15200,20645,41384,29229,0,0,13394,9011,17523,3205,5574,557,88,0,0,203,39912,3040,7320,0,0,0,0,0
660,2914,661.258380093409,99827,78,25,132,37,37719,19519,0.5733719334448596,40,28,23671,23747,10887,5571,15190,20590,41422,29285,0,0,13342,8984,17546,3198,5584,559,85,0,0,208,39962,3036,7323,0,0,0,0,0
661,2914,662.3190691048105,99827,75,31,132,37,37728,19528,0.5735522453845152,40,26,23722,23806,10837,5552,15192,20546,41460,29340,0,0,13295,8964,17562,3187,5597,563,86,0,0,214,40002,3022,7335,0,0,0,0,0
662,2914,663.377198559536,99827,81,30,132,37,37740,19536,0.5737525919841325,40,28,23769,23839,10782,5541,15194,20523,41498,29395,0,0,13251,8934,17586,3184,5605,566,87,0,0,220,40039,3008,7347,0,0,0,0,0
663,2914,664.4330348341797,99827,68,35,132,37,37745,19545,0.5738928346038646,46,22,23817,23896,10741,5519,15194,20489,41535,29450,0,0,13203,8904,17610,3179,5619,567,88,0,0,229,40077,2997,7354,0,0,0,0,0
664,2914,665.4869979040346,99827,65,31,132,37,37756,19548,0.5740330772235969,53,23,23846,23959,10703,5501,15199,20447,41572,29504,0,0,13156,8881,17626,3169,5633,571,90,0,0,238,40113,2986,7364,0,0,0,0,0
665,2914,666.0130980613975,99827,68,33,132,37,37762,19552,0.5741332505234055,54,21,23850,23970,10674,5486,15220,20451,41609,29558,0,0,13104,8859,17645,3161,5640,575,91,0,0,239,40163,2981,7369,0,0,0,0,0
666,2914,667.0654812248972,99827,71,34,132,37,37771,19557,0.5742734931431376,62,22,23898,24029,10616,5468,15219,20408,41645,29612,0,0,13058,8837,17666,3149,5654,576,92,0,0,243,40203,2971,7378,0,0,0,0,0
667,2914,668.1156998936939,99827,80,35,132,37,37792,19564,0.5745539783826019,56,28,23949,24084,10569,5446,15212,20368,41681,29665,0,0,13011,8806,17690,3147,5662,578,91,0,0,253,40241,2964,7384,0,0,0,0,0
668,2914,669.1638911736651,99827,79,41,132,37,37804,19573,0.5747643423122001,59,28,24005,24151,10534,5418,15189,20323,41717,29718,0,0,12969,8771,17719,3141,5671,581,95,0,0,256,40276,2954,7394,0,0,0,0,0
669,2914,670.2093833800633,99827,78,41,132,37,37817,19581,0.5749747062417984,60,32,24052,24209,10496,5396,15180,20283,41752,29771,0,0,12907,8752,17734,3136,5682,581,104,0,0,263,40322,2943,7403,0,0,0,0,0
670,2914,671.252564078434,99827,85,45,132,37,37831,19590,0.5752051048313582,63,27,24077,24251,10453,5386,15188,20252,41787,29823,0,0,12861,8727,17757,3122,5700,581,105,0,0,270,40360,2940,7404,0,0,0,0,0
671,2914,672.2944428277737,99827,83,44,132,37,37844,19595,0.5753854167710138,63,24,24120,24305,10411,5369,15189,20219,41822,29875,0,0,12813,8697,17779,3113,5718,582,109,0,0,275,40399,2935,7407,0,0,0,0,0
672,2914,673.3345919196844,99827,87,45,132,37,37860,19600,0.575595780700612,61,27,24181,24370,10356,5344,15181,20175,41856,29927,0,0,12783,8663,17808,3099,5736,584,112,0,0,282,40419,2926,7415,0,0,0,0,0
673,2914,674.3724973483642,99827,82,43,132,37,37876,19608,0.5758361966201528,58,26,24227,24421,10323,5335,15176,20136,41890,29978,0,0,12733,8637,17830,3094,5749,588,117,0,0,291,40455,2916,7417,0,0,0,0,0
674,2914,675.4081892994585,99827,87,43,132,37,37889,19615,0.5760365432197702,55,27,24283,24472,10265,5318,15176,20101,41924,30029,0,0,12689,8610,17852,3087,5762,589,119,0,0,296,40492,2907,7424,0,0,0,0,0
675,2914,676.4416049969534,99827,85,43,132,37,37904,19619,0.5762268724894066,57,28,24336,24528,10221,5298,15167,20064,41958,30080,0,0,12643,8582,17874,3080,5775,591,124,0,0,302,40527,2898,7431,0,0,0,0,0
676,2914,677.472654927436,99827,91,47,132,37,37925,19627,0.5765173750588518,51,27,24401,24582,10175,5281,15148,20024,41991,30130,0,0,12599,8556,17894,3077,5782,595,125,0,0,311,40561,2890,7437,0,0,0,0,0
677,2914,678.5012290440274,99827,89,49,132,37,37934,19632,0.5766576176785839,55,31,24457,24637,10123,5259,15142,19985,42024,30180,0,0,12557,8530,17918,3066,5795,597,128,0,0,317,40594,2884,7441,0,0,0,0,0
678,2914,679.014258694359,99827,91,50,132,37,37940,19638,0.5767778256383543,58,29,24464,24653,10088,5250,15165,19979,42057,30230,0,0,12520,8500,17947,3059,5804,598,128,0,0,323,40625,2876,7447,0,0,0,0,0
679,2914,680.0397912460011,99827,84,51,132,37,37947,19647,0.5769381029180483,60,23,24517,24712,10053,5238,15152,19937,42089,30279,0,0,12472,8480,17961,3057,5816,599,130,0,0,331,40663,2863,7455,0,0,0,0,0
680,2914,681.06295406503,99827,90,47,132,37,37969,19649,0.5771785188375891,53,31,24565,24780,10016,5209,15142,19894,42121,30328,0,0,12427,8457,17978,3055,5826,600,133,0,0,341,40695,2850,7465,0,0,0,0,0
681,2914,682.0843727331246,99827,93,44,132,37,37984,19655,0.5773888827671873,47,30,24595,24840,9985,5198,15146,19849,42153,30377,0,0,12392,8432,17995,3049,5840,603,133,0,0,351,40720,2838,7474,0,0,0,0,0
682,2914,683.1042730027885,99827,100,43,132,37,38000,19663,0.5776292986867281,39,29,24645,24885,9940,5185,15142,19819,42185,30425,0,0,12348,8405,18022,3046,5844,605,138,0,0,360,40750,2828,7481,0,0,0,0,0
683,2914,684.1224660526314,99827,97,44,132,37,38012,19673,0.5778496799463071,44,25,24688,24930,9914,5166,15123,19796,42216,30473,0,0,12303,8374,18044,3048,5850,607,142,0,0,370,40781,2821,7487,0,0,0,0,0
684,2914,685.1386704224539,99827,93,52,132,37,38020,19684,0.5780400092159436,46,19,24724,24985,9882,5140,15121,19765,42247,30521,0,0,12259,8351,18065,3042,5860,608,145,0,0,376,40816,2812,7493,0,0,0,0,0
685,2914,686.3075399317006,99827,96,54,132,37,38033,19691,0.5782403558155609,49,20,24786,25064,9831,5113,15104,19710,42278,30568,0,0,12225,8322,18093,3034,5869,609,148,0,0,384,40839,2801,7503,0,0,0,0,0
686,2914,687.151639798361,99827,96,50,132,37,38045,19694,0.578390615765274,46,26,24809,25108,9798,5097,15117,19680,42308,30615,0,0,12184,8294,18116,3028,5882,610,151,0,0,390,40871,2795,7506,0,0,0,0,0
687,2914,688.1627342187488,99827,93,50,132,37,38058,19700,0.5785809450349104,47,28,24856,25160,9764,5081,15106,19642,42338,30662,0,0,12147,8268,18139,3018,5893,615,155,0,0,397,40897,2787,7511,0,0,0,0,0
688,2914,689.1720837357864,99827,97,49,132,37,38074,19706,0.5788013262944894,44,32,24912,25213,9708,5069,15105,19598,42368,30709,0,0,12107,8239,18164,3013,5901,618,159,0,0,403,40927,2781,7515,0,0,0,0,0
689,2914,690.1794494320396,99827,102,52,132,37,38090,19714,0.5790417422140303,39,32,24967,25256,9667,5054,15091,19567,42398,30755,0,0,12066,8214,18188,3009,5908,619,163,0,0,410,40957,2771,7522,0,0,0,0,0
690,2914,691.1844083461234,99827,100,49,132,37,38100,19719,0.5791920021637432,47,30,25008,25313,9625,5038,15086,19531,42427,30801,0,0,12032,8183,18210,3007,5918,622,163,0,0,417,40984,2764,7527,0,0,0,0,0
691,2914,692.1875201307125,99827,105,50,132,37,38116,19728,0.5794424354132649,56,28,25043,25357,9587,5028,15075,19498,42456,30847,0,0,11998,8156,18231,3001,5927,626,163,0,0,426,41009,2757,7533,0,0,0,0,0
692,2914,693.1890009284192,99826,108,53,132,38,38132,19742,0.5797487628473544,63,22,25079,25423,9548,5013,15068,19449,42485,30892,0,0,11955,8134,18247,3001,5934,627,165,0,0,438,41037,2746,7542,0,0,0,0,0
693,2914,694.1889247547188,99826,119,44,132,38,38156,19746,0.58002925089656,65,19,25113,25472,9513,5008,15056,19417,42514,30937,0,0,11917,8119,18260,2986,5952,629,165,0,0,453,41059,2737,7549,0,0,0,0,0
694,2914,695.1944564213304,99826,122,37,132,38,38176,19748,0.580249634363793,59,25,25158,25524,9482,4994,15045,19380,42542,30982,0,0,11881,8093,18279,2983,5966,630,165,0,0,465,41083,2728,7553,0,0,0,0,0
695,2914,696.1912741181116,99826,127,38,132,38,38191,19753,0.5804499829703684,62,24,25192,25611,9442,4967,15043,19320,42570,31026,0,0,11848,8065,18304,2982,5972,631,165,0,0,473,41108,2719,7559,0,0,0,0,0
696,2914,697.1865438021524,99826,130,37,132,38,38205,19760,0.5806603490072727,61,28,25262,25655,9402,4953,15011,19287,42598,31070,0,0,11809,8039,18328,2975,5982,633,168,0,0,482,41135,2716,7559,0,0,0,0,0
697,2914,698.1795020306425,99826,132,39,132,38,38224,19766,0.580910784765492,50,32,25302,25708,9378,4942,15004,19239,42626,31114,0,0,11772,8014,18343,2972,5994,635,171,0,0,489,41162,2708,7566,0,0,0,0,0
698,2914,699.170639496355,99826,126,39,132,38,38241,19774,0.5811612205237112,46,34,25362,25770,9343,4924,14989,19193,42653,31158,0,0,11729,7987,18359,2971,6012,635,177,0,0,496,41191,2702,7567,0,0,0,0,0
699,2914,700.1596486876681,99826,118,45,132,38,38249,19784,0.5813415342696292,60,34,25387,25813,9317,4906,14984,19162,42680,31201,0,0,11692,7962,18379,2967,6019,638,180,0,0,504,41217,2695,7573,0,0,0,0,0
700,2914,701.1473264977061,99826,132,42,132,38,38277,19788,0.5816620920401498,48,39,25439,25867,9289,4893,14958,19119,42707,31244,0,0,11653,7942,18397,2959,6034,639,185,0,0,508,41246,2685,7578,0,0,0,0,0
701,2914,702.1331296687569,99826,126,45,132,38,38288,19798,0.5818724580770541,52,40,25495,25901,9262,4875,14931,19099,42734,31287,0,0,11612,7918,18414,2958,6042,640,190,0,0,517,41273,2675,7587,0,0,0,0,0
702,2914,703.1167810162231,99826,128,46,132,38,38311,19806,0.582182998417246,42,36,25554,25948,9223,4863,14919,19067,42760,31330,0,0,11581,7886,18437,2958,6054,643,189,0,0,528,41294,2670,7586,0,0,0,0,0
703,2914,704.0984166997036,99826,121,45,132,38,38328,19813,0.5824234167451365,42,43,25602,25992,9194,4849,14907,19031,42786,31372,0,0,11555,7858,18455,2955,6070,645,193,0,0,541,41303,2658,7593,0,0,0,0,0
704,2914,705.078128084134,99825,113,45,132,39,38336,19819,0.5825694966190834,52,46,25654,26042,9159,4827,14888,18999,42812,31414,0,0,11525,7836,18470,2949,6087,646,196,0,0,546,41324,2646,7600,0,0,0,0,0
705,2914,706.0559388295139,99825,109,50,132,39,38350,19829,0.5828099173553719,59,39,25694,26098,9127,4805,14877,18967,42838,31456,0,0,11493,7813,18488,2939,6105,646,198,0,0,557,41343,2639,7604,0,0,0,0,0
706,2914,707.0320220502725,99825,107,53,132,39,38362,19839,0.583030303030303,69,34,25725,26147,9096,4791,14869,18934,42864,31497,0,0,11452,7795,18501,2939,6113,648,202,0,0,564,41373,2629,7609,0,0,0,0,0
707,2914,708.0067073606727,99825,104,55,132,39,38372,19847,0.5832106185825194,73,32,25774,26205,9066,4776,14849,18891,42889,31538,0,0,11417,7771,18517,2938,6122,649,205,0,0,570,41399,2621,7616,0,0,0,0,0
708,2914,709.4653826726837,99825,108,59,132,39,38397,19861,0.5836013022789882,75,34,25860,26281,9020,4764,14803,18821,42914,31579,0,0,11386,7743,18533,2935,6136,652,210,0,0,579,41415,2613,7623,0,0,0,0,0
709,2914,710.4349154239129,99825,110,61,132,39,38421,19868,0.5839118457300275,63,35,25899,26327,8991,4750,14803,18786,42939,31620,0,0,11352,7716,18554,2936,6144,654,215,0,0,588,41435,2602,7629,0,0,0,0,0
710,2914,711.4030504251032,99825,112,64,132,39,38436,19879,0.5841723015276734,62,32,25950,26379,8951,4740,14791,18744,42964,31660,0,0,11318,7695,18571,2930,6157,654,219,0,0,596,41457,2592,7636,0,0,0,0,0
711,2914,712.3693000901654,99825,107,58,132,39,38449,19883,0.5843425995492111,63,38,25989,26427,8923,4722,14784,18714,42988,31700,0,0,11287,7671,18589,2928,6168,658,221,0,0,608,41474,2586,7635,0,0,0,0,0
712,2914,713.3340011956245,99825,104,61,132,39,38462,19892,0.5845629852241423,63,36,26023,26468,8894,4710,14782,18684,43012,31740,0,0,11256,7649,18605,2920,6183,660,223,0,0,617,41494,2581,7637,0,0,0,0,0
713,2914,714.2975871297936,99825,102,62,132,39,38473,19900,0.5847533183070374,65,33,26077,26524,8856,4703,14766,18637,43036,31780,0,0,11224,7623,18624,2918,6191,661,224,0,0,627,41515,2575,7643,0,0,0,0,0
714,2914,715.2593758951524,99825,99,67,132,39,38484,19911,0.5849737039819685,62,31,26132,26574,8832,4680,14741,18607,43060,31819,0,0,11190,7605,18638,2909,6204,663,227,0,0,637,41536,2571,7645,0,0,0,0,0
715,2914,716.2191025922031,99824,102,62,133,39,38501,19916,0.5851999519153711,60,37,26180,26642,8797,4665,14726,18553,43084,31858,0,0,11157,7584,18652,2902,6220,663,230,0,0,648,41555,2565,7648,0,0,0,0,0
716,2914,717.177092689857,99824,101,67,133,39,38515,19929,0.5854704279531976,67,31,26221,26698,8773,4656,14703,18507,43107,31897,0,0,11121,7562,18669,2898,6228,666,233,0,0,658,41578,2562,7649,0,0,0,0,0
717,2914,718.1333733426366,99824,104,71,133,39,38533,19945,0.5858110274082385,68,25,26251,26736,8746,4650,14696,18477,43130,31936,0,0,11084,7541,18684,2893,6239,666,240,0,0,671,41595,2555,7656,0,0,0,0,0
718,2914,719.0884268748441,99824,107,71,133,39,38548,19951,0.5860213976598814,61,31,26292,26780,8721,4636,14684,18441,43153,31974,0,0,11053,7516,18702,2891,6250,666,241,0,0,679,41617,2551,7658,0,0,0,0,0
719,2914,720.0421718615819,99824,110,65,133,39,38565,19959,0.5862718384356468,57,33,26339,26841,8692,4627,14667,18393,43176,32012,0,0,11029,7484,18723,2891,6260,669,243,0,0,690,41628,2545,7662,0,0,0,0,0
720,2914,721.4696086494115,99824,118,72,133,39,38591,19977,0.5867126142009937,57,27,26427,26930,8641,4612,14622,18318,43199,32050,0,0,10996,7461,18737,2882,6281,670,250,0,0,699,41645,2543,7660,0,0,0,0,0
721,2914,722.4186299147746,99824,121,74,133,39,38607,19988,0.5869830902388203,55,31,26479,26976,8614,4601,14596,18277,43222,32088,0,0,10962,7440,18751,2877,6295,672,253,0,0,705,41670,2539,7660,0,0,0,0,0
722,2914,723.3656670862072,99824,119,73,133,39,38620,19996,0.5871934604904632,52,34,26523,27026,8591,4591,14580,18235,43244,32125,0,0,10932,7417,18772,2872,6303,672,257,0,0,721,41680,2533,7665,0,0,0,0,0
723,2914,724.3109232996957,99824,122,73,133,39,38633,20004,0.5874038307421061,62,38,26553,27055,8553,4586,14575,18207,43266,32162,0,0,10901,7400,18785,2868,6310,676,259,0,0,726,41704,2524,7671,0,0,0,0,0
724,2914,725.2549604668259,99824,119,78,133,39,38648,20012,0.5876342362558102,66,35,26595,27105,8531,4562,14554,18179,43288,32199,0,0,10872,7384,18790,2861,6328,678,258,0,0,732,41727,2518,7676,0,0,0,0,0
725,2914,726.197623647951,99824,120,81,133,39,38670,20024,0.5879748357108511,52,29,26628,27158,8512,4556,14553,18135,43310,32236,0,0,10844,7365,18803,2855,6341,682,262,0,0,744,41739,2510,7679,0,0,0,0,0
726,2914,727.1390784203454,99824,115,81,133,39,38679,20033,0.5881551530694021,59,27,26664,27222,8492,4544,14535,18085,43332,32272,0,0,10810,7350,18812,2850,6351,685,269,0,0,749,41761,2499,7688,0,0,0,0,0
727,2914,728.0793365734608,99824,106,84,133,39,38692,20042,0.5883755409520757,71,28,26684,27260,8483,4537,14521,18050,43353,32308,0,0,10777,7330,18823,2847,6364,686,273,0,0,759,41780,2492,7693,0,0,0,0,0
728,2914,729.0187220571,99824,105,80,133,39,38714,20049,0.5886660522519634,70,26,26714,27316,8470,4531,14506,18006,43374,32344,0,0,10750,7311,18834,2841,6377,690,275,0,0,776,41788,2485,7697,0,0,0,0,0
729,2914,730.4259128867106,99824,108,77,133,39,38737,20062,0.5890266869690656,74,25,26761,27408,8439,4519,14483,17930,43395,32380,0,0,10711,7293,18847,2840,6382,693,283,0,0,795,41800,2479,7701,0,0,0,0,0
730,2914,731.3625116294431,99824,103,76,133,39,38754,20067,0.5892470748517391,70,30,26808,27462,8426,4506,14458,17885,43416,32416,0,0,10688,7271,18859,2844,6394,697,283,0,0,802,41816,2466,7704,0,0,0,0,0
731,2914,732.2977236212789,99824,111,68,133,39,38772,20074,0.5894975156275044,75,37,26845,27505,8388,4496,14446,17853,43437,32451,0,0,10662,7249,18874,2843,6399,701,285,0,0,815,41827,2459,7710,0,0,0,0,0
732,2914,733.2315731331764,99822,115,64,134,40,38792,20081,0.5897798080583438,68,41,26882,27558,8367,4485,14432,17810,43458,32486,0,0,10637,7226,18890,2842,6405,704,285,0,0,832,41834,2454,7713,0,0,0,0,0
733,2914,734.164143280115,99821,116,66,135,40,38810,20090,0.5900562005990724,62,45,26916,27600,8356,4472,14413,17775,43478,32521,0,0,10607,7210,18903,2839,6411,707,287,0,0,844,41849,2446,7718,0,0,0,0,0
734,2914,735.0954424966116,99821,118,70,135,40,38826,20103,0.5903467206299275,60,38,26956,27657,8336,4458,14393,17735,43498,32556,0,0,10577,7195,18909,2834,6426,709,289,0,0,851,41870,2439,7722,0,0,0,0,0
735,2914,736.025392774829,99821,119,80,135,40,38847,20118,0.590707366185472,58,30,26973,27705,8325,4445,14388,17698,43518,32590,0,0,10553,7179,18917,2822,6447,712,293,0,0,856,41885,2432,7725,0,0,0,0,0
736,2914,737.4185958230295,99821,126,77,135,40,38875,20127,0.5910780296731148,63,38,27046,27758,8292,4435,14336,17650,43538,32624,0,0,10524,7163,18927,2819,6457,712,298,0,0,876,41889,2420,7736,0,0,0,0,0
737,2914,738.3452238551121,99821,126,79,135,40,38889,20138,0.5913284779755763,67,39,27092,27808,8271,4426,14307,17606,43558,32658,0,0,10496,7145,18943,2815,6466,714,300,0,0,885,41904,2413,7740,0,0,0,0,0
738,2914,739.2705130860804,99821,136,80,135,40,38908,20147,0.591608980074333,72,34,27126,27854,8247,4414,14282,17576,43578,32692,0,0,10468,7130,18956,2804,6481,714,304,0,0,893,41920,2408,7743,0,0,0,0,0
739,2914,740.1943152864673,99821,129,75,135,40,38918,20154,0.5917792849200069,78,40,27165,27891,8226,4412,14265,17540,43597,32726,0,0,10437,7113,18968,2798,6492,717,312,0,0,903,41933,2401,7747,0,0,0,0,0
740,2914,741.1167842157221,99821,126,77,135,40,38935,20168,0.592089840815059,70,34,27212,27940,8208,4406,14247,17501,43616,32759,0,0,10400,7095,18977,2800,6498,720,318,0,0,915,41951,2397,7750,0,0,0,0,0
741,2914,742.0379424590265,99821,127,77,135,40,38947,20180,0.5923302711854219,76,33,27256,27982,8175,4402,14229,17464,43635,32792,0,0,10370,7076,18991,2800,6504,720,318,0,0,932,41964,2394,7752,0,0,0,0,0
742,2914,743.4166523014136,99821,123,79,135,40,38970,20194,0.5927009346730648,73,30,27328,28076,8146,4388,14193,17385,43654,32825,0,0,10343,7059,18997,2797,6520,721,322,0,0,952,41967,2386,7757,0,0,0,0,0
743,2914,744.33388117875,99821,123,72,135,40,38990,20201,0.5929714188397232,77,37,27353,28115,8123,4388,14187,17346,43673,32858,0,0,10309,7043,19007,2791,6535,721,328,0,0,968,41979,2381,7759,0,0,0,0,0
744,2914,745.249984748385,99821,128,71,135,40,39006,20213,0.5932519209384799,77,39,27387,28170,8099,4379,14172,17299,43692,32891,0,0,10282,7023,19023,2789,6544,722,331,0,0,981,41990,2376,7760,0,0,0,0,0
745,2914,746.165131388008,99821,119,69,135,40,39019,20219,0.5934422616483506,82,40,27428,28201,8075,4372,14159,17276,43711,32923,0,0,10257,7006,19028,2789,6558,724,332,0,0,991,42004,2365,7767,0,0,0,0,0
746,2914,747.0789143610556,99821,114,69,135,40,39033,20225,0.5936426202903197,86,39,27471,28244,8058,4365,14134,17241,43729,32955,0,0,10234,6989,19034,2787,6569,728,330,0,0,1000,42020,2359,7771,0,0,0,0,0
747,2914,748.4468040376058,99821,126,69,135,40,39061,20238,0.5940533555063564,82,36,27537,28317,8032,4347,14086,17189,43747,32987,0,0,10206,6973,19044,2782,6580,730,333,0,0,1016,42029,2355,7773,0,0,0,0,0
748,2914,749.3569403943724,99821,128,66,135,40,39082,20243,0.5943138217409163,79,42,27566,28361,8022,4338,14068,17151,43765,33019,0,0,10184,6951,19058,2781,6590,731,334,0,0,1031,42035,2349,7777,0,0,0,0,0
749,2914,750.2660006908179,99821,129,67,135,40,39102,20252,0.5946043417717715,78,48,27597,28393,8000,4330,14059,17120,43783,33051,0,0,10156,6930,19070,2780,6600,732,338,0,0,1043,42047,2345,7780,0,0,0,0,0
750,2914,751.1739731249388,99821,136,67,135,40,39121,20261,0.5948848438705282,83,47,27633,28433,7972,4322,14039,17089,43801,33082,0,0,10134,6913,19085,2778,6606,735,341,0,0,1050,42058,2334,7787,0,0,0,0,0
751,2914,752.0807841825415,99821,134,74,135,40,39139,20274,0.5951953997655803,84,41,27666,28496,7964,4309,14015,17038,43819,33113,0,0,10106,6894,19095,2781,6616,737,342,0,0,1059,42076,2329,7786,0,0,0,0,0
752,2914,753.4385402510173,99821,145,75,135,40,39174,20293,0.5957363680988971,77,35,27741,28575,7937,4301,13963,16972,43837,33144,0,0,10082,6868,19112,2776,6632,740,347,0,0,1077,42077,2328,7782,0,0,0,0,0
753,2914,754.3416234835909,99821,130,73,135,40,39188,20303,0.59597679846926,81,34,27793,28618,7922,4298,13937,16935,43854,33175,0,0,10059,6850,19119,2775,6647,744,347,0,0,1094,42082,2321,7783,0,0,0,0,0
754,2914,755.243548051276,99821,126,74,135,40,39205,20309,0.5962072109075245,83,33,27838,28655,7900,4288,13916,16908,43871,33206,0,0,10037,6832,19130,2774,6659,745,347,0,0,1108,42090,2316,7783,0,0,0,0,0
755,2914,756.1437888378363,99821,138,69,135,40,39224,20315,0.5964576592099858,85,41,27896,28678,7864,4288,13880,16882,43888,33236,0,0,10011,6817,19142,2771,6665,746,348,0,0,1120,42103,2312,7786,0,0,0,0,0
756,2914,757.0420630700372,99821,131,71,135,40,39238,20327,0.5967181254445457,85,40,27943,28722,7847,4282,13857,16843,43905,33266,0,0,9986,6799,19158,2772,6674,747,351,0,0,1136,42109,2305,7784,0,0,0,0,0
757,2914,758.3867207559604,99821,130,69,135,40,39263,20339,0.5970887889321886,82,42,28016,28799,7815,4272,13820,16776,43922,33296,0,0,9961,6782,19161,2765,6699,749,358,0,0,1147,42116,2300,7783,0,0,0,0,0
758,2914,759.281258007062,99821,129,80,135,40,39277,20352,0.597359273098847,80,41,28048,28837,7802,4260,13804,16740,43939,33326,0,0,9930,6772,19164,2760,6710,752,359,0,0,1151,42142,2298,7783,0,0,0,0,0
759,2914,760.1746487961992,99821,127,82,135,40,39292,20362,0.5976097214013083,91,40,28088,28868,7782,4257,13775,16711,43956,33356,0,0,9906,6752,19175,2756,6724,753,362,0,0,1161,42153,2296,7783,0,0,0,0,0
760,2914,761.0667841544164,99821,130,70,135,40,39308,20368,0.5978301159074744,87,45,28137,28905,7764,4258,13745,16680,43972,33385,0,0,9884,6735,19185,2751,6738,754,366,0,0,1176,42155,2292,7785,0,0,0,0,0
761,2914,762.4021408634055,99821,136,79,135,40,39333,20385,0.5982508690556095,86,40,28191,28972,7744,4250,13706,16617,43988,33414,0,0,9853,6726,19186,2751,6749,755,368,0,0,1186,42173,2284,7790,0,0,0,0,0
762,2914,763.2907877678908,99821,139,76,135,40,39358,20394,0.5985914787469571,80,38,28225,29013,7730,4246,13689,16585,44004,33443,0,0,9826,6708,19194,2750,6764,756,372,0,0,1198,42184,2280,7789,0,0,0,0,0
763,2914,764.1784653186071,99821,137,77,135,40,39372,20402,0.5988118732531231,85,40,28253,29054,7713,4235,13675,16552,44020,33472,0,0,9803,6694,19202,2745,6776,758,373,0,0,1208,42196,2276,7790,0,0,0,0,0
764,2914,765.0652269309679,99821,135,77,135,40,39389,20414,0.5991023932839783,82,35,28283,29101,7708,4226,13655,16519,44036,33501,0,0,9780,6676,19215,2741,6787,759,377,0,0,1226,42197,2272,7791,0,0,0,0,0
765,2914,766.3937123648058,99821,134,73,135,40,39411,20424,0.599422967111129,92,42,28330,29173,7686,4218,13621,16452,44052,33530,0,0,9753,6659,19219,2737,6804,761,384,0,0,1238,42205,2267,7794,0,0,0,0,0
766,2914,767.2779441590333,99821,148,76,135,40,39440,20434,0.5998136664629687,97,42,28338,29210,7668,4217,13612,16413,44068,33558,0,0,9729,6645,19229,2735,6812,763,385,0,0,1250,42216,2263,7794,0,0,0,0,0
767,2914,768.1616544304325,99821,154,75,135,40,39465,20442,0.6001442582222177,94,48,28353,29248,7662,4215,13600,16372,44084,33586,0,0,9699,6631,19235,2735,6820,766,388,0,0,1262,42231,2261,7793,0,0,0,0,0
768,2914,769.045002422992,99821,165,75,135,40,39492,20451,0.6005049037777622,79,49,28383,29289,7653,4207,13583,16338,44100,33614,0,0,9680,6621,19238,2732,6830,768,389,0,0,1276,42235,2249,7803,0,0,0,0,0
769,2914,770.368141866928,99821,166,79,135,40,39517,20469,0.6009356748579958,89,50,28432,29347,7634,4187,13542,16295,44115,33642,0,0,9659,6601,19248,2730,6845,770,391,0,0,1293,42236,2246,7802,0,0,0,0,0
770,2914,771.2488876362232,99821,167,82,135,40,39534,20484,0.6012562486851464,87,47,28471,29397,7616,4184,13522,16248,44130,33670,0,0,9629,6587,19257,2729,6850,773,400,0,0,1301,42249,2238,7808,0,0,0,0,0
771,2914,772.1284532460069,99821,168,83,135,40,39553,20494,0.6015467687160017,88,52,28510,29445,7591,4179,13506,16199,44145,33698,0,0,9610,6576,19260,2724,6867,774,404,0,0,1310,42254,2227,7815,0,0,0,0,0
772,2914,773.0068241774982,99820,159,82,135,41,39567,20498,0.6017331196153075,94,61,28538,29501,7581,4168,13491,16145,44160,33725,0,0,9590,6557,19272,2720,6879,775,409,0,0,1321,42257,2222,7818,0,0,0,0,0
773,2914,774.3226557490494,99820,161,80,135,41,39606,20518,0.6023241835303547,80,54,28589,29585,7573,4164,13460,16074,44175,33752,0,0,9568,6539,19273,2720,6897,781,412,0,0,1345,42251,2216,7818,0,0,0,0,0
774,2914,775.198690578893,99820,164,73,135,41,39627,20528,0.6026347425365658,83,50,28610,29620,7565,4168,13441,16046,44190,33779,0,0,9547,6522,19278,2720,6911,783,412,0,0,1361,42255,2212,7819,0,0,0,0,0
775,2914,776.0740240715246,99820,161,75,135,41,39643,20537,0.6028851933480265,91,54,28630,29652,7551,4162,13430,16014,44205,33806,0,0,9524,6509,19286,2721,6920,784,414,0,0,1372,42265,2202,7823,0,0,0,0,0
776,2914,777.3855978650221,99820,158,79,135,41,39666,20559,0.6033360048086556,93,45,28697,29724,7527,4163,13388,15946,44220,33833,0,0,9499,6502,19287,2709,6938,788,420,0,0,1393,42263,2196,7825,0,0,0,0,0
777,2914,778.2585208877779,99820,154,78,135,41,39688,20568,0.6036465638148668,88,44,28734,29771,7527,4154,13360,15910,44234,33860,0,0,9474,6479,19297,2713,6945,792,424,0,0,1406,42271,2195,7824,0,0,0,0,0
778,2914,779.1301724027545,99820,156,75,135,41,39709,20575,0.6039270687237027,88,45,28777,29804,7500,4150,13342,15883,44248,33886,0,0,9454,6463,19306,2709,6958,793,425,0,0,1419,42275,2192,7826,0,0,0,0,0
779,2914,780.0006839437996,99820,147,75,135,41,39724,20584,0.6041675015027048,88,48,28789,29844,7504,4143,13335,15847,44262,33912,0,0,9430,6449,19312,2711,6968,794,428,0,0,1436,42279,2186,7827,0,0,0,0,0
780,2914,781.3052135082195,99820,152,74,135,41,39753,20603,0.6046483670607092,87,45,28844,29917,7495,4142,13285,15779,44276,33938,0,0,9403,6435,19320,2712,6974,799,435,0,0,1455,42279,2179,7829,0,0,0,0,0
781,2914,782.1736511885364,99819,146,70,135,42,39771,20611,0.6049148959616907,82,47,28884,29956,7483,4138,13268,15745,44290,33964,0,0,9383,6419,19326,2711,6989,801,436,0,0,1471,42281,2175,7827,0,0,0,0,0
782,2914,783.0409606078152,99819,141,62,135,42,39788,20615,0.6051252767509192,88,45,28914,30002,7472,4137,13248,15710,44304,33990,0,0,9357,6409,19326,2705,7006,802,442,0,0,1484,42288,2169,7831,0,0,0,0,0
783,2914,784.3401369446167,99819,143,61,135,42,39822,20624,0.6055560564621966,82,45,28964,30066,7466,4128,13208,15656,44318,34016,0,0,9331,6395,19334,2701,7018,804,448,0,0,1505,42287,2164,7832,0,0,0,0,0
784,2914,785.2050800219621,99819,138,61,135,42,39837,20633,0.6057964916498862,76,39,28999,30112,7457,4116,13193,15628,44332,34041,0,0,9308,6381,19341,2699,7029,805,455,0,0,1515,42293,2156,7837,0,0,0,0,0
785,2914,786.0691193411893,99818,133,60,135,43,39852,20639,0.6060129435572742,77,37,29026,30163,7446,4103,13181,15592,44346,34066,0,0,9282,6369,19344,2698,7043,805,459,0,0,1523,42306,2151,7838,0,0,0,0,0
786,2914,787.3635528556451,99818,135,68,135,43,39877,20655,0.6064236911178345,77,32,29076,30215,7430,4099,13145,15541,44360,34091,0,0,9257,6356,19348,2696,7054,807,463,0,0,1535,42313,2148,7841,0,0,0,0,0
787,2914,788.2252710027875,99818,136,69,135,43,39890,20660,0.6066040193151536,82,37,29108,30260,7407,4088,13130,15501,44373,34116,0,0,9240,6342,19359,2696,7057,810,463,0,0,1544,42321,2143,7843,0,0,0,0,0
788,2914,789.0860365367399,99818,136,68,135,43,39909,20667,0.6068644933779479,80,44,29139,30300,7393,4088,13115,15455,44386,34141,0,0,9218,6333,19358,2690,7074,812,466,0,0,1552,42331,2140,7844,0,0,0,0,0
789,2914,790.3751755449954,99818,136,70,135,43,39932,20684,0.6072652227053237,79,41,29190,30352,7379,4085,13079,15407,44399,34166,0,0,9193,6320,19358,2687,7087,816,470,0,0,1568,42336,2139,7844,0,0,0,0,0
790,2914,791.2334537219574,99818,137,71,135,43,39949,20695,0.6075457332344868,81,39,29218,30393,7365,4077,13062,15375,44412,34191,0,0,9175,6308,19367,2682,7099,818,471,0,0,1581,42340,2134,7843,0,0,0,0,0
791,2914,792.0908294253289,99818,139,60,135,43,39964,20698,0.6077260614318059,79,42,29240,30450,7354,4073,13051,15330,44425,34215,0,0,9159,6294,19373,2676,7116,818,472,0,0,1594,42342,2130,7844,0,0,0,0,0
792,2914,793.375742811557,99818,140,60,135,43,39990,20709,0.6080967360596286,83,44,29285,30533,7336,4057,13019,15261,44438,34239,0,0,9141,6276,19380,2674,7132,819,475,0,0,1607,42344,2126,7844,0,0,0,0,0
793,2914,794.2311970566946,99818,134,69,135,43,40010,20721,0.6084173195215292,76,40,29322,30566,7339,4047,12992,15233,44451,34263,0,0,9114,6263,19380,2676,7139,824,481,0,0,1610,42362,2120,7849,0,0,0,0,0
794,2914,795.0856700510697,99818,140,70,135,43,40031,20729,0.6087078482838767,71,39,29362,30603,7323,4044,12967,15199,44464,34287,0,0,9096,6250,19387,2672,7150,826,482,0,0,1618,42371,2115,7851,0,0,0,0,0
795,2914,796.3653323138643,99818,144,76,135,43,40060,20744,0.60914865054399,71,34,29400,30670,7313,4032,12935,15143,44477,34311,0,0,9072,6236,19390,2671,7165,827,486,0,0,1630,42378,2112,7851,0,0,0,0,0
796,2914,797.2174150752892,99818,145,69,135,43,40076,20750,0.6093690516740468,67,42,29426,30705,7308,4026,12917,15113,44490,34335,0,0,9055,6222,19396,2668,7180,829,488,0,0,1640,42383,2107,7850,0,0,0,0,0
797,2914,798.0686866085368,99818,140,67,135,43,40090,20760,0.6096094892704722,66,45,29461,30754,7295,4022,12901,15067,44503,34359,0,0,9035,6210,19404,2667,7189,832,490,0,0,1653,42388,2099,7851,0,0,0,0,0
798,2914,799.3440646996953,99818,127,67,135,43,40106,20778,0.6099501091987417,84,45,29503,30812,7288,4014,12861,15017,44515,34382,0,0,9012,6197,19404,2667,7200,838,495,0,0,1672,42385,2097,7851,0,0,0,0,0
799,2914,800.1932655292088,99818,128,66,135,43,40125,20786,0.6102206014947203,83,43,29538,30841,7275,4018,12839,14987,44527,34405,0,0,8995,6187,19409,2665,7211,839,498,0,0,1685,42385,2089,7855,0,0,0,0,0
800,2914,801.0415146702171,99818,132,66,135,43,40146,20794,0.6105111302570678,84,47,29569,30883,7261,4016,12817,14943,44539,34428,0,0,8980,6169,19423,2665,7215,842,499,0,0,1699,42385,2086,7855,0,0,0,0,0
801,2914,802.3121011256236,99818,135,70,135,43,40172,20809,0.6109218778176281,81,50,29635,30951,7244,4003,12768,14881,44551,34451,0,0,8960,6155,19426,2661,7231,843,505,0,0,1710,42387,2081,7859,0,0,0,0,0
802,2914,803.1576174594902,99818,137,65,135,43,40186,20817,0.6111422789476848,80,51,29666,30986,7229,4001,12751,14852,44563,34474,0,0,8943,6145,19431,2659,7241,845,506,0,0,1722,42389,2076,7861,0,0,0,0,0
803,2914,804.0021097125438,99817,138,63,136,43,40204,20826,0.6114188965807428,82,50,29697,31030,7213,3999,12732,14813,44575,34497,0,0,8927,6127,19443,2656,7252,848,508,0,0,1732,42392,2075,7857,0,0,0,0,0
804,2914,805.2671344061617,99817,144,67,136,43,40231,20840,0.611829648256309,73,51,29743,31085,7203,3983,12699,14769,44587,34520,0,0,8907,6116,19448,2652,7262,851,509,0,0,1750,42393,2074,7855,0,0,0,0,0
805,2914,806.1093052993463,99817,145,73,136,43,40246,20853,0.6121101615957202,76,46,29768,31115,7191,3982,12682,14739,44599,34542,0,0,8886,6108,19454,2645,7271,852,513,0,0,1763,42397,2072,7856,0,0,0,0,0
806,2914,807.3713897352862,99817,135,79,136,43,40264,20868,0.6124407666028833,87,45,29800,31172,7184,3977,12656,14682,44611,34564,0,0,8865,6094,19462,2642,7284,852,518,0,0,1783,42393,2069,7855,0,0,0,0,0
807,2914,808.2118702956692,99817,133,74,136,43,40280,20871,0.6126311149403408,90,50,29832,31193,7169,3975,12638,14663,44623,34586,0,0,8847,6084,19464,2643,7292,853,518,0,0,1798,42396,2062,7860,0,0,0,0,0
808,2914,809.0515623058325,99817,142,63,136,43,40299,20877,0.6128815732791008,85,52,29858,31221,7152,3982,12625,14637,44635,34608,0,0,8824,6071,19470,2644,7300,854,521,0,0,1810,42403,2060,7860,0,0,0,0,0
809,2914,810.3095024959702,99817,143,65,136,43,40329,20892,0.6133323982888687,76,48,29915,31279,7134,3978,12594,14585,44646,34630,0,0,8803,6055,19477,2647,7302,863,525,0,0,1825,42405,2057,7858,0,0,0,0,0
810,2914,811.146797387771,99817,134,64,136,43,40343,20897,0.6135227466263262,89,53,29928,31308,7128,3968,12583,14562,44657,34652,0,0,8784,6039,19485,2648,7311,866,528,0,0,1836,42410,2056,7854,0,0,0,0,0
811,2914,812.4016967663532,99817,131,72,136,43,40363,20916,0.6139134616347917,90,46,29993,31370,7102,3959,12546,14508,44668,34674,0,0,8764,6024,19491,2647,7319,871,534,0,0,1846,42413,2053,7855,0,0,0,0,0
812,2914,813.236948556492,99817,141,72,136,43,40392,20926,0.6143041766432572,76,46,30036,31397,7086,3958,12523,14482,44679,34696,0,0,8743,6013,19497,2646,7326,873,537,0,0,1862,42415,2050,7855,0,0,0,0,0
813,2914,814.0711037960467,99817,152,78,136,43,40415,20940,0.6146748549846218,76,41,30062,31418,7075,3959,12497,14459,44690,34717,0,0,8724,6001,19503,2646,7331,875,539,0,0,1871,42423,2047,7857,0,0,0,0,0
814,2914,815.3204665121002,99817,155,81,136,43,40445,20954,0.6151156616608393,80,44,30126,31477,7063,3950,12438,14403,44701,34738,0,0,8703,5983,19507,2652,7342,876,546,0,0,1882,42426,2040,7860,0,0,0,0,0
815,2914,816.1518642076885,99817,157,82,136,43,40467,20970,0.6154963583357544,77,38,30149,31528,7052,3953,12427,14354,44712,34759,0,0,8684,5971,19510,2655,7350,880,547,0,0,1895,42429,2035,7861,0,0,0,0,0
816,2914,817.3976705061825,99816,157,78,137,43,40488,20978,0.6157930592289813,77,42,30189,31598,7042,3942,12396,14295,44723,34780,0,0,8669,5955,19517,2657,7354,885,549,0,0,1912,42424,2033,7861,0,0,0,0,0
817,2914,818.2272891368723,99816,161,75,137,43,40501,20988,0.6160234832091047,85,42,30205,31622,7029,3943,12381,14273,44734,34801,0,0,8653,5942,19523,2658,7362,886,550,0,0,1923,42428,2029,7862,0,0,0,0,0
818,2914,819.0562969390764,99815,159,68,138,43,40520,20994,0.6162801182187047,88,50,30231,31651,7022,3946,12360,14240,44745,34822,0,0,8626,5933,19525,2656,7372,888,557,0,0,1936,42435,2028,7859,0,0,0,0,0
819,2914,820.2986610545299,99815,145,68,138,43,40541,21008,0.6166307669187998,94,47,30258,31713,7025,3942,12338,14185,44756,34843,0,0,8601,5920,19529,2656,7380,895,566,0,0,1954,42432,2026,7856,0,0,0,0,0
820,2914,821.1262394752415,99815,147,69,138,43,40557,21016,0.6168712117417222,95,47,30283,31754,7011,3938,12324,14147,44767,34864,0,0,8584,5914,19529,2646,7396,896,567,0,0,1964,42438,2024,7857,0,0,0,0,0
821,2914,822.3662882998937,99815,138,69,138,43,40580,21027,0.617211841907529,99,49,30334,31807,7007,3929,12282,14101,44778,34884,0,0,8565,5899,19534,2651,7407,898,570,0,0,1982,42434,2019,7856,0,0,0,0,0
822,2914,823.1918420443307,99815,138,69,138,43,40599,21036,0.6174923608676051,97,47,30353,31846,7005,3925,12267,14068,44789,34904,0,0,8548,5884,19543,2652,7413,900,573,0,0,1995,42435,2015,7857,0,0,0,0,0
823,2914,824.0170142379011,99815,142,67,138,43,40616,21046,0.6177628612933928,92,41,30396,31878,6986,3927,12244,14042,44799,34924,0,0,8537,5873,19548,2647,7422,904,574,0,0,2008,42432,2012,7858,0,0,0,0,0
824,2914,825.2530075465322,99815,143,69,138,43,40641,21060,0.6181535841306417,97,40,30419,31930,6983,3925,12218,13991,44809,34944,0,0,8517,5856,19556,2651,7427,907,580,0,0,2022,42432,2008,7859,0,0,0,0,0
825,2914,826.0762934836284,99815,143,73,138,43,40662,21072,0.61848419576216,89,39,30440,31953,6983,3919,12205,13971,44819,34964,0,0,8507,5845,19561,2650,7436,909,580,0,0,2037,42425,2000,7865,0,0,0,0,0
826,2914,827.3101389351556,99815,144,72,138,43,40693,21079,0.6188649000651205,74,44,30495,32002,6975,3910,12172,13927,44829,34984,0,0,8487,5836,19558,2649,7456,910,585,0,0,2048,42429,1994,7863,0,0,0,0,0
827,2914,828.1315823577312,99815,139,77,138,43,40702,21094,0.6191053448880429,82,39,30529,32027,6960,3909,12150,13903,44839,35004,0,0,8469,5829,19559,2647,7467,910,588,0,0,2060,42432,1988,7866,0,0,0,0,0
828,2914,829.3620200910538,99815,136,64,138,43,40724,21098,0.6193658267795421,86,51,30564,32079,6952,3906,12122,13855,44849,35024,0,0,8452,5815,19564,2654,7472,914,591,0,0,2079,42427,1979,7868,0,0,0,0,0
829,2914,830.1815084735749,99815,145,69,138,43,40749,21106,0.6196964384110605,76,55,30583,32114,6948,3891,12108,13826,44859,35044,0,0,8435,5807,19570,2652,7474,919,594,0,0,2085,42434,1974,7871,0,0,0,0,0
830,2914,831.0004708848218,99815,140,67,138,43,40764,21115,0.6199368832339829,83,59,30600,32142,6945,3882,12092,13805,44869,35063,0,0,8419,5793,19577,2648,7488,921,599,0,0,2096,42434,1973,7867,0,0,0,0,0
831,2914,832.2278996702347,99815,147,73,138,43,40790,21130,0.6203476431398086,79,58,30651,32200,6918,3870,12065,13754,44879,35082,0,0,8405,5779,19589,2641,7497,924,604,0,0,2107,42430,1972,7867,0,0,0,0,0
832,2914,833.0450714131557,99815,153,81,138,43,40805,21145,0.6206481991684617,80,49,30674,32250,6904,3863,12049,13712,44889,35101,0,0,8395,5766,19595,2642,7502,926,605,0,0,2113,42433,1965,7873,0,0,0,0,0
833,2914,834.2692066343772,99815,154,81,138,43,40836,21163,0.6211391073485949,84,42,30736,32309,6895,3864,11991,13659,44899,35120,0,0,8381,5755,19594,2639,7520,928,610,0,0,2135,42419,1958,7876,0,0,0,0,0
834,2914,835.0839896173034,99815,142,85,138,43,40850,21171,0.6213595151029404,92,47,30774,32344,6884,3850,11968,13629,44909,35139,0,0,8366,5745,19598,2635,7526,933,612,0,0,2149,42417,1955,7879,0,0,0,0,0
835,2914,836.3043301201217,99815,149,82,138,43,40882,21182,0.621790312077343,90,51,30821,32405,6878,3840,11922,13577,44919,35158,0,0,8348,5732,19599,2632,7542,936,617,0,0,2158,42418,1952,7881,0,0,0,0,0
836,2914,837.1166822807935,99815,158,80,138,43,40900,21188,0.6220307569002654,94,55,30834,32437,6856,3835,11918,13548,44929,35177,0,0,8339,5719,19607,2632,7549,936,615,0,0,2169,42418,1946,7885,0,0,0,0,0
837,2914,838.3341842103154,99814,158,91,138,44,40932,21207,0.6225479391668504,89,50,30895,32507,6848,3818,11870,13488,44938,35196,0,0,8322,5707,19610,2627,7569,938,621,0,0,2180,42416,1944,7880,0,0,0,0,0
838,2914,839.1446210383338,99814,154,92,138,44,40950,21214,0.622798405033362,85,54,30910,32532,6848,3810,11863,13466,44947,35215,0,0,8304,5698,19612,2624,7581,940,627,0,0,2188,42420,1939,7881,0,0,0,0,0
839,2914,840.3593133536333,99814,149,85,138,44,40974,21224,0.623139038611818,82,51,30969,32587,6838,3813,11822,13418,44956,35233,1,1,8292,5683,19611,2625,7605,940,627,0,0,2203,42413,1935,7879,0,0,0,0,1
840,2914,841.1680467810936,99814,150,80,138,44,40989,21233,0.6233794858436692,88,53,30998,32607,6819,3821,11805,13393,44965,35251,2,2,8280,5671,19614,2627,7613,943,625,0,0,2215,42413,1932,7878,1,0,1,0,1
841,2914,842.3794416181609,99814,156,85,138,44,41022,21251,0.6238904362113531,78,45,31031,32660,6818,3809,11777,13355,44974,35269,3,3,8261,5660,19615,2628,7623,945,631,0,0,2234,42406,1928,7878,2,0,1,0,2
842,2914,843.186245713614,99814,151,88,138,44,41033,21261,0.6241008275392229,82,49,31052,32691,6814,3802,11761,13324,44983,35287,4,4,8244,5655,19612,2623,7638,945,632,0,0,2246,42409,1927,7876,3,0,1,0,3
843,2914,844.3954036008666,99814,150,73,138,44,41056,21274,0.6244614983869998,79,46,31104,32735,6805,3817,11722,13283,44992,35305,6,5,8228,5644,19604,2626,7653,948,632,0,0,2272,42398,1924,7875,3,0,4,0,3
844,2914,845.2005132592587,99814,150,83,138,44,41074,21285,0.6247520387921534,77,42,31118,32763,6795,3809,11720,13257,45001,35323,8,6,8215,5634,19607,2622,7663,951,634,0,0,2275,42403,1922,7875,3,0,5,0,5
845,2914,846.0051719763369,99814,142,85,138,44,41089,21298,0.6250325605626466,82,40,31131,32791,6791,3807,11714,13231,45010,35341,11,8,8203,5620,19614,2623,7667,958,636,0,0,2290,42394,1920,7873,4,0,5,0,7
846,2914,847.2115246469236,99814,139,91,138,44,41107,21315,0.6253832127757629,86,37,31182,32840,6778,3799,11675,13187,45019,35359,15,10,8185,5612,19607,2624,7681,960,637,0,0,2301,42396,1918,7872,5,0,6,0,10
847,2914,848.0147298096153,99814,138,87,138,44,41128,21322,0.625663734546256,80,37,31212,32873,6774,3801,11656,13156,45028,35377,20,12,8169,5603,19606,2625,7693,962,638,0,0,2316,42390,1916,7868,6,0,7,0,15
848,2914,849.2182707405565,99814,139,85,138,44,41159,21331,0.6260644799326748,70,41,31246,32928,6779,3794,11626,13106,45037,35395,26,15,8155,5587,19608,2628,7704,964,640,0,0,2335,42379,1912,7867,6,0,11,0,18
849,2914,850.0198101304552,99814,137,82,138,44,41171,21340,0.6262748712605446,81,42,31264,32956,6774,3788,11604,13086,45046,35412,33,18,8144,5576,19610,2626,7717,966,641,0,0,2345,42372,1909,7864,6,0,14,0,24
850,2914,851.221140581646,99814,134,78,138,44,41195,21351,0.626625523473661,85,41,31297,32998,6767,3784,11577,13053,45055,35429,41,21,8129,5565,19611,2625,7723,974,646,0,0,2362,42359,1906,7860,8,0,17,0,29
851,2914,852.0212923323611,99814,144,81,138,44,41219,21362,0.6269761756867774,75,36,31319,33027,6762,3777,11560,13033,45064,35446,50,25,8113,5560,19608,2624,7730,975,646,0,0,2375,42354,1901,7861,9,0,21,0,37
852,2914,853.2205007665199,99813,140,81,138,45,41241,21379,0.6273731878613006,81,29,31345,33063,6756,3779,11538,13001,45073,35463,61,29,8101,5548,19603,2621,7740,981,649,0,0,2392,42339,1897,7861,10,0,28,0,43
853,2914,854.0193981434824,99813,140,79,138,45,41256,21388,0.627613637502129,76,35,31372,33076,6749,3775,11523,12988,45082,35480,73,34,8088,5538,19607,2617,7747,983,654,0,0,2406,42322,1893,7861,12,0,31,0,54
854,2914,855.2165498967321,99813,134,86,138,45,41276,21407,0.628004368168475,75,33,31410,33115,6742,3766,11499,12953,45091,35497,87,39,8068,5532,19599,2620,7762,984,658,0,0,2417,42315,1885,7858,17,0,35,0,63
855,2914,856.0138953462313,99813,134,86,138,45,41293,21413,0.6282347990742689,78,36,31433,33139,6735,3756,11480,12936,45099,35514,102,44,8049,5523,19598,2620,7764,990,663,0,0,2424,42312,1884,7854,20,1,39,0,72
856,2914,857.2088583049765,99813,134,78,138,45,41317,21421,0.6285553985953733,63,32,31483,33193,6725,3752,11455,12898,45107,35531,119,50,8033,5514,19586,2620,7776,993,667,0,0,2441,42292,1880,7856,22,2,45,0,86
857,2914,858.0045657201283,99813,122,76,138,45,41328,21427,0.6287257170909601,64,29,31496,33213,6726,3749,11452,12886,45115,35548,138,56,8024,5505,19578,2617,7792,997,666,0,0,2454,42277,1876,7850,27,2,50,0,98
858,2914,859.1975396256963,99813,125,74,138,45,41355,21439,0.6291164477573061,53,28,31544,33255,6721,3743,11417,12853,45123,35565,158,63,8010,5491,19573,2622,7797,1004,667,0,0,2465,42259,1874,7850,27,4,57,0,113
859,2914,860.3889309238099,99813,117,73,138,45,41378,21446,0.6294170098083416,52,35,31574,33270,6723,3739,11394,12836,45131,35582,180,70,7989,5482,19569,2623,7799,1012,673,0,0,2481,42243,1872,7845,31,5,63,0,126
860,2914,861.1825566881403,99813,118,73,138,45,41393,21452,0.6296274032440664,48,34,31608,33289,6708,3728,11378,12829,45139,35598,204,78,7981,5472,19570,2618,7812,1014,675,0,0,2485,42222,1868,7841,35,6,67,0,147
861,2914,862.3715310124599,99813,109,71,138,45,41408,21466,0.6299179465600673,52,34,31641,33324,6699,3725,11359,12799,45147,35614,230,86,7971,5458,19566,2618,7823,1018,677,0,0,2503,42190,1866,7836,38,6,76,0,167
862,2914,863.163582952123,99813,102,75,138,45,41416,21475,0.6300882650556541,56,30,31662,33354,6683,3710,11357,12784,45155,35630,258,95,7962,5453,19560,2611,7835,1021,677,0,0,2513,42165,1863,7832,41,8,83,0,189
863,2914,864.3507686420461,99813,97,70,138,45,41431,21484,0.6303287146964824,61,32,31714,33370,6670,3712,11318,12769,45163,35646,288,104,7951,5442,19556,2610,7849,1027,679,0,0,2523,42137,1861,7821,46,9,87,0,215
864,2914,865.1411356088267,99813,102,71,138,45,41444,21491,0.6305290893971727,57,30,31747,33396,6649,3702,11305,12754,45171,35662,320,114,7942,5431,19557,2608,7855,1029,680,0,0,2527,42112,1858,7816,49,11,96,0,242
865,2914,866.3249244764552,99813,114,66,138,45,41464,21500,0.6308196327131737,61,27,31799,33428,6611,3697,11275,12735,45179,35678,354,125,7931,5423,19553,2607,7862,1032,681,0,0,2536,42083,1853,7811,56,13,102,0,270
866,2914,867.1129610343773,99813,119,65,138,45,41477,21506,0.6310099886788294,62,27,31826,33438,6593,3690,11260,12733,45187,35694,390,136,7918,5414,19548,2604,7858,1042,684,0,0,2542,42065,1852,7805,62,14,114,0,291
867,2914,868.293691530097,99813,134,61,138,45,41504,21515,0.631370663140072,53,32,31864,33457,6574,3689,11235,12714,45195,35710,429,148,7905,5406,19544,2600,7857,1049,687,0,0,2556,42031,1851,7798,69,17,125,0,318
868,2914,869.0799779421487,99813,127,61,138,45,41515,21523,0.6315610191057277,63,35,31883,33447,6567,3684,11220,12726,45203,35726,470,160,7893,5396,19528,2601,7866,1053,687,0,0,2565,42006,1847,7795,72,18,141,0,345
869,2914,870.2584153900663,99813,126,51,138,45,41537,21530,0.6318515624217287,58,41,31917,33465,6565,3677,11194,12719,45211,35742,513,173,7870,5388,19512,2600,7877,1058,696,0,0,2574,41977,1844,7787,78,19,156,0,377
870,2914,871.0433423135295,99813,125,51,138,45,41549,21537,0.6320419183873844,68,42,31927,33464,6548,3667,11192,12729,45219,35758,558,187,7862,5379,19497,2597,7885,1063,694,0,0,2579,41949,1842,7780,84,22,175,0,405
871,2914,872.220324855694,99813,118,59,138,45,41564,21554,0.6323625179084889,70,39,31956,33477,6540,3657,11176,12721,45227,35774,606,201,7847,5373,19480,2593,7890,1072,697,0,0,2586,41916,1837,7778,90,25,189,0,440
872,2914,873.0043998077609,99813,123,61,138,45,41576,21561,0.6325528738741446,73,35,31976,33478,6521,3653,11167,12726,45235,35789,656,216,7840,5364,19483,2589,7887,1084,697,0,0,2588,41879,1833,7771,98,26,195,0,479
873,2914,874.1794331932923,99813,131,67,138,45,41602,21576,0.6329636420105598,70,33,32017,33501,6504,3644,11138,12708,45243,35804,708,231,7829,5354,19475,2586,7893,1089,699,0,0,2602,41832,1832,7762,106,27,207,0,520
874,2914,875.3529400650885,99813,127,63,138,45,41620,21584,0.6332241291214571,76,32,32034,33525,6500,3634,11123,12699,45251,35819,762,247,7817,5343,19463,2585,7891,1099,702,0,0,2618,41787,1829,7756,114,30,224,0,555
875,2914,876.1348622578845,99813,136,62,138,45,41637,21586,0.633414485087113,68,36,32039,33511,6492,3624,11125,12720,45258,35834,819,264,7805,5334,19453,2585,7894,1102,704,0,0,2618,41749,1826,7752,120,32,239,0,600
876,2914,877.3072864509413,99813,137,57,138,45,41662,21593,0.6337350846082174,66,40,32060,33539,6491,3614,11106,12703,45265,35849,878,281,7793,5323,19433,2586,7907,1107,705,0,0,2630,41705,1825,7739,128,33,259,0,640
877,2914,878.0884532214991,99813,136,61,138,45,41673,21602,0.6339354593089077,64,38,32076,33521,6478,3603,11106,12730,45272,35864,939,299,7777,5316,19415,2587,7912,1111,707,0,0,2632,41670,1824,7725,138,35,279,0,685
878,2914,879.2596030617656,99813,135,70,138,45,41692,21620,0.6343061525051847,64,32,32112,33530,6468,3591,11081,12730,45279,35879,1002,318,7767,5305,19390,2589,7916,1120,709,0,0,2641,41623,1820,7721,145,36,301,0,730
879,2914,880.0396199177123,99813,131,73,138,45,41706,21628,0.634526564675944,64,36,32131,33510,6457,3582,11077,12752,45286,35894,1068,337,7756,5299,19373,2589,7918,1128,710,0,0,2645,41571,1815,7718,150,41,318,0,782
880,2914,881.2087986145663,99813,134,72,138,45,41726,21636,0.6348070892569104,69,35,32171,33505,6431,3575,11055,12766,45293,35909,1136,357,7745,5284,19366,2589,7918,1136,714,0,0,2652,41509,1814,7714,155,45,333,0,839
881,2914,882.3765373800345,99812,126,69,139,45,41745,21647,0.6351140143469723,69,36,32197,33502,6430,3575,11037,12771,45300,35924,1206,377,7732,5276,19344,2592,7928,1145,715,0,0,2659,41459,1809,7698,167,49,351,0,888
882,2914,883.1544998979406,99812,127,64,139,45,41757,21649,0.6352542780427203,71,44,32208,33485,6422,3561,11031,12799,45307,35939,1278,398,7722,5267,19322,2591,7929,1152,715,0,0,2666,41409,1807,7691,174,51,377,0,939
883,2914,884.3207451937911,99812,108,61,139,45,41772,21656,0.6354746924217529,69,46,32256,33486,6418,3555,11008,12805,45314,35954,1352,420,7707,5260,19299,2591,7942,1161,719,0,0,2674,41349,1802,7681,181,55,396,0,995
884,2914,885.0975279181495,99812,116,63,139,45,41790,21664,0.6357351821424277,62,44,32266,33469,6409,3535,11006,12842,45321,35968,1428,442,7694,5255,19290,2589,7941,1167,720,0,0,2679,41281,1799,7677,187,60,408,0,1065
885,2914,886.2619500681175,99812,113,59,139,45,41802,21670,0.6359155211798181,65,48,32298,33470,6390,3519,10993,12857,45328,35982,1506,465,7684,5247,19269,2588,7945,1173,720,0,0,2690,41221,1798,7662,202,65,429,0,1119
886,2914,887.0376401127579,99812,116,56,139,45,41813,21676,0.6360858413817978,65,49,32308,33442,6378,3514,10992,12892,45335,35996,1586,489,7675,5240,19247,2585,7942,1181,720,0,0,2700,41161,1797,7651,213,68,458,0,1174
887,2914,888.2007003151184,99811,111,63,139,46,41830,21692,0.6364228391660238,60,43,32324,33430,6375,3498,10989,12918,45342,36010,1668,513,7659,5232,19218,2585,7947,1189,722,0,0,2703,41111,1795,7637,225,73,488,0,1227
888,2914,889.3631399873786,99811,112,66,139,46,41854,21704,0.6367835208544148,56,37,32352,33406,6366,3486,10973,12957,45349,36024,1752,538,7643,5225,19196,2586,7944,1199,726,0,0,2716,41041,1793,7628,234,75,514,0,1291
889,2914,890.1376188637432,99811,105,66,139,46,41864,21710,0.6369438238270331,56,37,32368,33386,6357,3473,10973,12990,45356,36038,1837,564,7627,5218,19172,2588,7943,1208,728,0,0,2723,40977,1791,7620,242,77,538,0,1359
890,2914,891.2986738017294,99811,94,61,139,46,41872,21717,0.6370941078638627,59,43,32402,33373,6343,3467,10961,13008,45363,36052,1924,590,7616,5211,19149,2583,7956,1213,730,0,0,2731,40905,1790,7602,257,83,559,0,1426
891,2914,892.0721159097701,99811,93,59,139,46,41881,21723,0.6372443919006923,60,41,32404,33347,6342,3459,10960,13046,45370,36066,2013,617,7609,5204,19126,2578,7957,1224,730,0,0,2739,40840,1787,7588,271,85,585,0,1488
892,2914,893.2319378158807,99811,99,58,139,46,41899,21735,0.6375449599743516,55,31,32428,33351,6326,3451,10951,13061,45377,36080,2103,645,7592,5197,19096,2577,7958,1233,734,0,0,2745,40779,1786,7577,279,89,618,0,1551
893,2914,894.0047107724513,99811,111,51,139,46,41917,21740,0.6377753954974903,55,33,32426,33325,6307,3449,10960,13094,45384,36094,2195,673,7580,5189,19085,2578,7948,1248,733,0,0,2752,40711,1785,7561,293,93,635,0,1620
894,2914,895.1637568389415,99811,110,53,139,46,41930,21748,0.6379857931490517,50,37,32446,33311,6294,3431,10959,13120,45391,36108,2288,702,7571,5180,19065,2578,7946,1259,736,0,0,2754,40633,1781,7555,299,98,659,0,1697
895,2914,896.3221332990413,99811,106,58,139,46,41945,21762,0.6382763422869223,54,30,32465,33311,6286,3420,10948,13133,45398,36122,2382,731,7562,5172,19041,2574,7949,1272,737,0,0,2762,40557,1779,7541,313,99,682,0,1771
896,2914,897.0939698655258,99811,103,58,139,46,41953,21766,0.638396569516386,54,32,32482,33277,6271,3408,10949,13177,45405,36136,2477,761,7551,5165,19009,2575,7942,1287,736,0,0,2764,40504,1776,7526,326,103,717,0,1830
897,2914,898.2510510547411,99811,90,48,139,46,41964,21772,0.6385668914247928,61,33,32512,33257,6252,3404,10944,13210,45412,36150,2574,792,7538,5158,18981,2575,7951,1296,737,0,0,2781,40413,1774,7513,335,105,741,0,1913
898,2914,899.0219427036611,99811,85,47,139,46,41971,21779,0.6387071565258339,63,32,32521,33226,6244,3398,10946,13249,45418,36163,2672,823,7530,5144,18954,2577,7954,1300,738,0,0,2786,40337,1774,7500,347,110,774,0,1986
899,2914,900.1778335709457,99811,78,45,139,46,41980,21784,0.6388474216268748,92,57,32539,33243,6240,3397,10910,13210,45418,36163,2672,823,7528,5143,18953,2576,7954,1304,740,0,0,2798,40325,1774,7499,347,110,774,0,1986
900,2914,900.1778335709457,99811,82,48,139,46,41987,21790,0.6389776677921272,94,58,32524,33192,6236,3387,10923,13267,45418,36163,2771,855,7526,5143,18923,2576,7944,1316,740,2,2,2793,40247,1774,7490,355,115,803,0,2062
901,2914,901.3330656493032,99811,88,56,139,46,42008,21804,0.6393283305447295,84,53,32553,33173,6229,3372,10905,13298,45418,36163,2870,887,7525,5142,18891,2578,7939,1326,740,3,13,2784,40162,1773,7480,362,124,833,1,2135
902,2914,902.1027134562125,99811,92,70,139,46,42024,21823,0.6396789932973319,83,41,32577,33139,6218,3360,10889,13342,45418,36163,2970,920,7524,5142,18861,2577,7936,1337,740,4,19,2778,40089,1773,7455,385,129,859,1,2202
903,2914,903.2561536057063,99811,104,73,139,46,42051,21837,0.6400897696646662,77,44,32605,33127,6207,3354,10866,13354,45418,36163,3071,953,7520,5139,18828,2580,7927,1349,740,8,33,2774,39999,1773,7442,397,133,890,1,2278
904,2914,904.0244415316803,99811,102,77,139,46,42063,21848,0.640320205187805,80,40,32615,33087,6194,3350,10868,13398,45418,36163,3173,987,7520,5138,18798,2582,7929,1359,740,8,39,2767,39915,1772,7419,416,139,913,1,2356
905,2914,905.1764389203702,99811,105,74,139,46,42083,21857,0.6406107543256755,90,46,32646,33068,6189,3341,10829,13423,45418,36163,3275,1022,7519,5135,18762,2585,7924,1369,740,9,56,2764,39818,1772,7407,426,142,946,2,2435
906,2914,906.3271897103172,99811,114,75,139,46,42115,21870,0.6410616064361644,79,43,32672,33052,6173,3338,10821,13444,45418,36163,3378,1057,7513,5134,18721,2588,7923,1379,739,15,73,2759,39726,1771,7392,439,146,981,2,2510
907,2914,907.0938157881052,99811,129,73,139,46,42136,21875,0.641322098766669,84,47,32670,33020,6164,3321,10812,13491,45418,36163,3481,1093,7511,5134,18683,2588,7913,1391,739,17,81,2753,39650,1771,7376,455,151,1018,2,2578
908,2914,908.2433166090648,99811,128,83,139,46,42158,21890,0.6416927993908487,91,48,32685,32990,6167,3305,10788,13526,45418,36163,3584,1129,7510,5127,18643,2593,7915,1400,739,18,86,2745,39571,1770,7359,469,158,1054,3,2651
909,2914,909.0092795756618,99810,133,77,139,47,42176,21897,0.641949704438433,93,48,32692,32958,6152,3307,10789,13561,45418,36163,3688,1166,7508,5125,18611,2593,7911,1413,739,19,97,2740,39477,1770,7342,486,160,1082,3,2734
910,2914,910.1578431449921,99810,141,83,139,47,42207,21915,0.6424406372107003,93,50,32723,32944,6131,3301,10771,13573,45418,36163,3792,1203,7504,5123,18578,2596,7906,1424,739,23,115,2736,39378,1768,7324,502,162,1114,3,2815
911,2914,911.3052898591794,99810,139,87,139,47,42230,21929,0.642811341548943,97,55,32751,32919,6132,3293,10740,13597,45418,36163,3896,1241,7501,5121,18544,2599,7901,1441,739,26,128,2730,39280,1766,7312,511,167,1141,4,2899
912,2914,912.0696282758347,99810,147,81,139,47,42246,21935,0.6430317603446548,101,58,32764,32907,6118,3285,10729,13620,45418,36163,4000,1279,7498,5121,18508,2599,7894,1458,739,29,133,2723,39197,1766,7296,522,172,1174,4,2977
913,2914,913.2153402114233,99809,159,82,140,47,42282,21950,0.6435491789317597,93,55,32796,32895,6108,3275,10702,13644,45418,36163,4104,1317,7492,5118,18463,2603,7892,1470,739,35,148,2718,39115,1765,7271,540,176,1217,5,3042
914,2914,914.3600113794365,99809,154,82,140,47,42307,21965,0.6439499443937922,101,68,32804,32869,6119,3267,10680,13665,45418,36163,4208,1356,7488,5114,18420,2602,7891,1485,739,39,165,2711,39022,1765,7257,551,183,1254,7,3116
915,2914,915.1229300351243,99809,155,80,140,47,42320,21980,0.6442304802172149,97,61,32815,32837,6110,3269,10681,13704,45418,36163,4312,1395,7484,5112,18388,2603,7887,1495,739,43,182,2703,38924,1765,7244,562,191,1283,7,3197
916,2914,916.2667731156539,99809,174,85,140,47,42356,22000,0.6447915518640603,101,59,32819,32814,6093,3265,10671,13728,45418,36163,4415,1435,7482,5111,18351,2605,7888,1508,738,45,193,2692,38830,1765,7231,573,199,1311,8,3279
917,2914,917.0290943945131,99809,173,86,140,47,42378,22011,0.6451221833702372,96,59,32815,32774,6098,3261,10676,13771,45418,36163,4518,1475,7477,5107,18320,2608,7880,1522,738,50,206,2683,38731,1765,7218,583,207,1341,8,3365
918,2914,918.1725866593363,99809,179,89,140,47,42402,22026,0.6455129296957188,118,64,32827,32746,6091,3244,10643,13808,45418,36163,4621,1516,7472,5107,18281,2609,7864,1547,738,55,218,2678,38648,1764,7204,594,212,1374,9,3435
919,2914,919.3153970176318,99809,186,93,140,47,42433,22043,0.6459938482501578,120,74,32836,32720,6080,3233,10636,13831,45418,36163,4723,1557,7467,5105,18244,2611,7858,1566,738,60,232,2674,38557,1764,7183,609,216,1404,10,3511
920,2914,920.0769848420538,99809,199,97,140,47,42456,22057,0.6463645563025379,119,77,32825,32667,6077,3232,10638,13878,45418,36163,4825,1598,7465,5104,18217,2612,7849,1579,738,62,240,2667,38465,1764,7164,625,223,1430,11,3594
921,2914,921.2194835008822,99809,192,101,140,47,42490,22081,0.646945666222485,128,70,32830,32650,6088,3230,10620,13900,45418,36163,4926,1640,7459,5099,18175,2618,7851,1592,736,68,269,2664,38354,1763,7148,638,225,1463,11,3676
922,2914,922.36181427061,99809,204,111,140,47,42527,22107,0.6475768718251861,136,62,32837,32649,6082,3216,10599,13913,45418,36163,5027,1682,7454,5096,18136,2623,7844,1608,734,73,283,2658,38257,1763,7138,647,231,1494,16,3754
923,2914,923.1230818008783,99809,220,117,140,47,42563,22121,0.6480778286527267,131,61,32820,32614,6083,3209,10604,13950,45418,36163,5127,1724,7452,5094,18098,2628,7842,1618,733,75,293,2655,38162,1761,7125,655,234,1529,18,3837
924,2914,924.2650827383699,99809,226,116,140,47,42605,22136,0.648648919436123,121,66,32827,32605,6086,3203,10598,13961,45418,36163,5226,1767,7446,5090,18057,2634,7848,1626,732,81,316,2649,38054,1760,7110,665,239,1562,20,3920
925,2914,925.0263699176901,99809,230,110,140,47,42630,22148,0.6490196274885031,134,62,32817,32578,6079,3207,10598,13994,45418,36163,5325,1810,7442,5087,18026,2636,7841,1645,732,85,330,2640,37958,1760,7095,675,248,1587,21,4001
926,2914,926.1685456639173,99809,242,113,140,47,42677,22164,0.6496508330912042,142,62,32812,32553,6077,3205,10585,14018,45418,36163,5423,1853,7439,5085,17984,2639,7846,1658,731,88,349,2630,37866,1759,7074,692,255,1619,22,4073
927,2914,927.310439422913,99808,238,118,141,47,42720,22188,0.6503286309714652,153,69,32820,32524,6091,3202,10555,14038,45418,36163,5520,1897,7438,5081,17952,2644,7845,1677,731,89,382,2623,37745,1756,7059,703,260,1640,23,4160
928,2914,928.0714374909243,99808,234,124,141,47,42743,22204,0.6507193812119269,153,78,32824,32478,6090,3199,10556,14072,45418,36163,5616,1941,7433,5078,17915,2648,7841,1691,731,94,399,2617,37656,1755,7042,715,266,1672,24,4231
929,2914,929.2127596908251,99808,249,143,141,47,42795,22236,0.6515609971144598,144,82,32844,32442,6090,3189,10530,14095,45418,36163,5712,1985,7427,5074,17864,2649,7845,1709,731,100,410,2610,37578,1755,7021,734,272,1707,25,4297
930,2914,930.3533347929318,99808,244,147,141,47,42828,22259,0.652122074382815,151,83,32843,32434,6095,3189,10524,14098,45418,36163,5807,2029,7422,5069,17807,2656,7849,1725,729,104,426,2607,37490,1754,7007,745,274,1750,26,4368
931,2914,931.1136249505851,99808,243,152,141,47,42850,22274,0.6524927861494069,156,84,32831,32391,6093,3188,10534,14136,45418,36163,5901,2074,7421,5065,17767,2660,7843,1739,729,105,442,2602,37404,1754,6988,762,279,1784,28,4436
932,2914,932.2544775607595,99808,248,159,141,47,42895,22302,0.6532241904456556,167,82,32834,32379,6098,3194,10510,14137,45418,36163,5994,2119,7415,5063,17731,2664,7850,1751,727,111,465,2593,37297,1752,6971,775,284,1811,31,4517
933,2914,933.0148881623335,99808,242,148,141,47,42922,22312,0.6535949022122475,178,86,32810,32347,6112,3192,10515,14178,45418,36163,6086,2164,7411,5058,17685,2670,7854,1764,727,115,486,2586,37210,1750,6953,787,290,1848,34,4580
934,2914,934.1560816384467,99808,240,156,141,47,42961,22338,0.654246152613017,193,87,32795,32344,6125,3183,10504,14181,45418,36163,6177,2209,7405,5053,17640,2677,7849,1783,727,121,510,2579,37122,1747,6934,802,295,1886,35,4643
935,2914,935.2974919590579,99808,273,163,141,47,43024,22371,0.6552079993587688,176,83,32787,32337,6126,3192,10495,14176,45418,36163,6267,2254,7399,5049,17601,2679,7845,1802,727,127,530,2575,37030,1746,6919,814,299,1917,40,4709
936,2914,936.0584595217559,99808,282,145,141,47,43064,22382,0.6557189804424495,173,89,32765,32311,6132,3214,10505,14192,45418,36163,6356,2300,7391,5045,17563,2683,7846,1821,727,135,551,2572,36929,1746,6900,829,302,1939,41,4788
937,2914,937.2007811892549,99808,285,152,141,47,43108,22403,0.656370230843219,185,97,32748,32311,6147,3201,10492,14190,45418,36163,6444,2346,7387,5039,17513,2689,7857,1830,725,139,566,2566,36841,1745,6885,840,306,1978,44,4858
938,2914,938.3433783344761,99808,281,159,141,47,43166,22426,0.6571817890349471,187,95,32743,32300,6180,3203,10466,14194,45418,36163,6531,2392,7378,5034,17473,2693,7865,1850,725,148,596,2565,36729,1744,6868,850,306,2000,46,4938
939,2914,939.1053836792181,99808,284,162,141,47,43203,22452,0.6578130009618467,184,88,32717,32268,6196,3213,10476,14220,45418,36163,6617,2438,7378,5029,17435,2698,7866,1866,724,148,623,2560,36634,1743,6848,866,310,2028,49,5003
940,2914,940.249139990303,99808,285,156,141,47,43249,22474,0.658494309073421,196,100,32712,32253,6205,3219,10459,14223,45418,36163,6702,2484,7373,5028,17392,2699,7878,1880,724,153,652,2554,36526,1740,6831,880,312,2055,52,5079
941,2914,941.0116561096527,99807,288,154,141,48,43286,22487,0.659001873616079,213,104,32700,32220,6201,3221,10455,14251,45418,36163,6786,2530,7365,5026,17357,2700,7882,1891,724,161,671,2547,36432,1739,6816,892,318,2081,53,5152
942,2914,942.1556188061522,99807,291,165,141,48,43345,22518,0.6599036139749717,221,101,32679,32207,6221,3221,10445,14256,45418,36163,6869,2576,7361,5017,17317,2712,7889,1905,722,165,701,2538,36330,1736,6805,900,324,2108,57,5220
943,2914,943.3000845294963,99807,286,175,141,48,43403,22553,0.6608354123458274,221,96,32673,32178,6243,3225,10434,14276,45418,36163,6951,2623,7353,5013,17277,2716,7891,1933,722,173,733,2528,36233,1734,6785,915,331,2128,61,5281
944,2914,944.0632416924824,99807,300,166,141,48,43451,22569,0.6614766499343734,206,105,32650,32160,6262,3232,10439,14287,45418,36163,7031,2670,7347,5008,17240,2723,7894,1950,722,179,750,2524,36139,1732,6772,922,334,2152,65,5354
945,2914,945.2088244853364,99806,309,173,142,48,43517,22603,0.662485221329379,212,115,32609,32133,6287,3238,10439,14291,45418,36163,7110,2717,7339,5004,17203,2726,7903,1967,722,187,785,2515,36031,1731,6753,933,341,2175,67,5424
946,2914,946.3554502796294,99806,313,170,142,48,43578,22629,0.6633569124100755,200,126,32595,32129,6315,3246,10433,14279,45418,36163,7188,2764,7333,5001,17161,2729,7913,1982,720,193,827,2513,35916,1731,6734,944,343,2203,70,5493
947,2914,947.1202088447706,99804,319,164,143,49,43618,22644,0.6639212857200112,196,144,32567,32101,6326,3252,10447,14288,45418,36163,7265,2811,7330,4999,17117,2728,7919,1999,720,196,847,2507,35831,1731,6717,955,347,2233,72,5556
948,2914,948.2681190207816,99804,327,169,143,49,43670,22680,0.6648030139072583,196,148,32560,32095,6335,3268,10437,14269,45418,36163,7341,2858,7323,4998,17065,2728,7927,2017,719,203,877,2503,35739,1731,6699,966,349,2270,75,5615
949,2914,949.0336289810268,99804,326,168,143,49,43708,22709,0.6654743296861849,200,145,32546,32074,6350,3280,10433,14282,45418,36163,7416,2905,7316,4992,17022,2736,7935,2032,718,210,900,2497,35656,1728,6680,978,355,2299,78,5672
950,2914,950.1822480134014,99804,331,180,143,49,43768,22754,0.6665263917277865,227,127,32525,32060,6377,3294,10395,14288,45418,36163,7490,2952,7302,4989,16964,2740,7947,2050,717,224,932,2490,35567,1728,6665,990,360,2332,81,5726
951,2914,951.3312785622652,99804,353,187,143,49,43847,22794,0.6677187287082682,212,119,32512,32070,6388,3313,10390,14260,45418,36163,7563,2999,7299,4981,16934,2750,7950,2070,715,227,970,2484,35465,1725,6644,1003,365,2352,85,5785
952,2914,952.0974171607521,99804,354,188,143,49,43888,22818,0.6683700052102121,219,121,32482,32039,6407,3324,10393,14277,45418,36163,7635,3046,7293,4976,16888,2756,7960,2083,714,232,990,2481,35383,1725,6624,1018,367,2383,87,5844
953,2914,953.2475665416639,99804,343,192,143,49,43943,22854,0.6692817923129334,240,122,32461,32033,6440,3334,10371,14268,45418,36163,7706,3093,7285,4968,16839,2766,7978,2100,714,240,1023,2477,35287,1721,6602,1033,369,2409,91,5902
954,2914,954.0147164145122,99804,363,207,143,49,43994,22882,0.6700733437537574,240,118,32442,31999,6443,3334,10367,14291,45418,36163,7776,3140,7278,4967,16802,2768,7977,2111,714,247,1041,2472,35204,1720,6591,1040,374,2440,96,5962
955,2914,955.1658838178299,99804,371,204,143,49,44059,22910,0.6710051701334616,259,121,32420,32005,6458,3346,10347,14273,45418,36163,7845,3187,7269,4963,16760,2771,7982,2135,714,256,1069,2471,35115,1715,6577,1047,375,2468,101,6016
956,2914,956.3173198030083,99804,394,219,143,49,44133,22950,0.6721474089214862,271,128,32415,31988,6462,3354,10313,14260,45418,36163,7912,3234,7257,4959,16717,2775,7999,2147,714,268,1093,2467,35027,1713,6559,1058,378,2492,104,6077
957,2914,957.0848001907203,99804,379,212,143,49,44171,22971,0.6727385675924813,284,139,32392,31949,6492,3371,10308,14278,45418,36163,7978,3281,7252,4952,16674,2783,8007,2168,714,273,1120,2460,34940,1711,6545,1065,383,2518,108,6131
958,2914,958.236774910193,99803,402,213,143,50,44251,23013,0.6739677164013106,284,130,32375,31943,6500,3393,10294,14269,45418,36163,8043,3328,7243,4943,16640,2792,8018,2188,711,282,1151,2456,34851,1711,6518,1078,385,2539,117,6180
959,2914,959.004944896597,99803,401,219,143,50,44305,23043,0.6748093744677014,301,123,32335,31927,6527,3402,10291,14277,45418,36163,8107,3375,7234,4938,16597,2792,8032,2205,711,291,1175,2452,34764,1709,6507,1086,388,2562,121,6239
960,2914,960.1583692234154,99802,404,221,144,50,44385,23084,0.6760285365022745,305,121,32312,31916,6565,3422,10268,14268,45418,36163,8170,3421,7222,4931,16553,2800,8044,2226,710,303,1213,2448,34658,1707,6492,1093,391,2583,130,6298
961,2914,961.3126141909129,99802,414,222,144,50,44472,23133,0.6773912346445963,289,108,32293,31902,6600,3455,10258,14261,45418,36163,8232,3467,7209,4924,16507,2805,8066,2247,709,316,1251,2443,34569,1705,6462,1111,392,2609,139,6338
962,2914,962.0826527084228,99802,426,216,144,50,44530,23149,0.6781327027514479,287,117,32260,31869,6622,3461,10259,14285,45418,36163,8293,3513,7204,4915,16466,2812,8075,2263,709,321,1268,2437,34500,1703,6447,1123,395,2636,145,6383
963,2914,963.2387126216792,99802,413,212,144,50,44592,23181,0.679074567643935,302,140,32235,31857,6658,3477,10246,14262,45418,36163,8353,3559,7189,4907,16426,2818,8095,2281,708,336,1303,2431,34413,1701,6421,1133,398,2662,151,6429
964,2914,964.0098227856896,99801,405,211,144,51,44640,23199,0.6797426879490186,317,151,32198,31822,6691,3486,10243,14277,45418,36163,8412,3605,7181,4905,16395,2819,8097,2302,707,344,1329,2426,34326,1700,6409,1139,399,2683,156,6484
965,2914,965.1679750026698,99801,421,230,144,51,44730,23249,0.6811454795042133,326,150,32171,31819,6718,3490,10218,14258,45418,36163,8470,3651,7163,4898,16346,2827,8104,2328,706,362,1355,2418,34254,1698,6394,1145,405,2713,161,6524
966,2914,966.3267727999332,99801,443,234,144,51,44830,23289,0.6825482710594082,327,148,32121,31822,6759,3509,10204,14234,45418,36163,8527,3697,7147,4892,16308,2838,8120,2347,704,378,1391,2410,34158,1692,6378,1154,408,2733,163,6580
967,2914,967.100074144399,99801,456,251,144,51,44882,23325,0.683430025751245,334,143,32101,31800,6762,3515,10201,14238,45418,36163,8583,3743,7142,4885,16279,2845,8127,2360,704,383,1400,2409,34086,1692,6364,1162,408,2751,175,6629
968,2914,968.2607344569399,99801,482,271,144,51,44981,23375,0.6849229967635595,325,153,32087,31780,6781,3529,10179,14214,45418,36163,8638,3789,7128,4877,16245,2852,8139,2382,702,397,1431,2400,34001,1691,6348,1169,413,2769,181,6676
969,2914,969.0345005879317,99801,507,275,144,51,45041,23407,0.6858448312141161,336,162,32043,31754,6792,3534,10176,14222,45418,36163,8693,3834,7121,4875,16216,2854,8152,2392,702,403,1452,2394,33928,1688,6325,1185,417,2789,183,6725
970,2914,970.1961035807797,99800,509,271,145,51,45134,23451,0.6872244488977955,351,166,32016,31754,6840,3561,10137,14195,45418,36163,8747,3879,7111,4864,16171,2863,8168,2417,701,413,1503,2391,33833,1686,6299,1197,418,2813,194,6758
971,2914,971.3587675661845,99797,521,285,148,51,45245,23504,0.688888443540387,361,164,31966,31758,6890,3577,10112,14163,45418,36163,8800,3924,7096,4855,16115,2867,8201,2437,701,427,1544,2383,33735,1684,6287,1201,421,2836,200,6807
972,2914,972.1344727583713,99797,514,289,148,51,45313,23536,0.6898904776696694,366,171,31934,31733,6927,3587,10109,14167,45418,36163,8852,3969,7085,4850,16073,2870,8209,2461,699,438,1583,2377,33655,1683,6268,1211,426,2861,203,6845
973,2914,973.2994464225012,99797,532,299,148,51,45415,23587,0.6914235898874715,374,177,31892,31723,6967,3605,10085,14143,45418,36163,8903,4014,7066,4835,16029,2884,8231,2478,698,457,1614,2373,33568,1681,6250,1221,428,2882,210,6892
974,2914,974.0767191236878,99797,532,308,148,51,45486,23628,0.6925458681122679,372,172,31874,31704,7003,3623,10069,14140,45418,36163,8953,4059,7055,4828,15988,2892,8252,2492,696,468,1646,2372,33475,1680,6236,1228,428,2900,216,6945
975,2914,975.2435854909281,99797,549,305,148,51,45598,23678,0.6941691634017054,381,172,31808,31698,7054,3656,10058,14116,45418,36163,9002,4103,7037,4816,15939,2905,8286,2511,695,485,1693,2367,33381,1677,6210,1235,431,2921,224,6984
976,2914,976.0223715192407,99797,579,311,148,51,45685,23710,0.6953615840155516,351,169,31796,31701,7067,3667,10057,14099,45418,36163,9050,4147,7031,4811,15898,2912,8291,2539,695,490,1715,2358,33327,1674,6192,1244,439,2943,230,7008
977,2914,977.1917225581427,99797,584,319,148,51,45785,23764,0.6969047165746466,381,169,31738,31700,7113,3699,10034,14060,45418,36163,9098,4191,7019,4798,15851,2924,8315,2559,694,502,1770,2351,33228,1673,6175,1252,439,2967,236,7044
978,2914,978.3624981631582,99797,596,314,148,51,45893,23816,0.6985079711814984,398,184,31693,31697,7170,3728,9993,14024,45418,36163,9145,4235,7003,4790,15806,2930,8339,2580,693,518,1828,2346,33118,1671,6156,1262,441,2985,244,7087
979,2914,979.143671487549,99797,609,317,148,51,45972,23848,0.699620229065002,387,189,31657,31675,7202,3741,9995,14025,45418,36163,9191,4279,6988,4786,15767,2938,8345,2601,692,533,1857,2338,33048,1667,6145,1268,445,3007,254,7118
980,2914,980.3171896679403,99796,632,312,149,51,46095,23911,0.7014910417251192,380,192,31609,31670,7259,3784,9969,13989,45418,36163,9236,4322,6971,4776,15716,2949,8367,2626,690,550,1920,2334,32938,1666,6126,1273,448,3028,267,7151
981,2914,981.1003427146605,99796,638,315,149,51,46174,23952,0.7026934947292477,381,207,31577,31653,7291,3807,9962,13965,45418,36163,9280,4365,6963,4768,15676,2956,8386,2648,689,558,1948,2329,32859,1663,6118,1279,449,3040,277,7190
982,2914,982.2762370151124,99796,625,329,149,51,46286,24020,0.7044971742354403,414,216,31512,31640,7362,3835,9936,13927,45418,36163,9324,4408,6941,4755,15623,2969,8419,2670,687,579,2005,2325,32757,1660,6097,1286,451,3064,286,7222
983,2914,983.0612142875456,99796,641,337,149,51,46372,24060,0.7057597498897752,401,221,31486,31622,7396,3850,9925,13917,45418,36163,9367,4451,6933,4750,15586,2973,8444,2684,687,587,2037,2319,32675,1655,6080,1295,453,3082,290,7266
984,2914,984.2402232794151,99796,648,344,149,51,46491,24135,0.7077037155797827,398,215,31446,31618,7457,3888,9900,13882,45418,36163,9409,4493,6917,4737,15539,2989,8462,2718,686,603,2089,2313,32580,1651,6056,1304,457,3098,307,7290
985,2914,985.0269003514863,99796,661,357,149,51,46570,24186,0.7090063730009218,394,216,31415,31603,7492,3907,9887,13864,45418,36163,9450,4535,6909,4731,15493,2994,8466,2741,685,610,2128,2311,32507,1650,6046,1309,459,3126,315,7316
986,2914,986.2081935426929,99796,703,354,149,51,46711,24247,0.711030502224538,412,230,31327,31593,7551,3947,9856,13823,45418,36163,9491,4577,6894,4724,15442,3002,8506,2766,682,623,2176,2306,32406,1650,6029,1310,457,3142,326,7355
987,2914,987.3916325332655,99796,700,362,149,51,46840,24316,0.7130145496813499,428,230,31267,31595,7635,3976,9819,13784,45418,36163,9531,4619,6878,4708,15395,3018,8538,2797,680,637,2235,2299,32303,1646,6007,1314,461,3158,337,7385
988,2914,988.1818604328379,99796,692,365,149,51,46929,24355,0.7142971662190869,416,238,31228,31576,7700,3997,9813,13771,45418,36163,9570,4661,6860,4701,15355,3025,8553,2821,679,655,2271,2292,32231,1643,5989,1324,464,3177,352,7404
989,2914,989.3692284184067,99796,708,379,149,51,47050,24427,0.7162311114673935,430,247,31172,31549,7749,4036,9790,13736,45418,36163,9609,4702,6845,4687,15314,3038,8580,2840,679,668,2332,2289,32132,1638,5969,1332,464,3195,364,7430
990,2914,990.1616292013084,99796,698,380,149,51,47121,24484,0.7175137280051305,458,258,31115,31515,7789,4074,9789,13720,45418,36163,9647,4743,6836,4683,15265,3043,8604,2863,678,677,2379,2285,32044,1634,5956,1333,467,3217,373,7459
991,2914,991.3521575998341,99796,707,397,149,51,47246,24569,0.7196180207623553,465,235,31065,31513,7848,4119,9764,13683,45418,36163,9684,4784,6812,4673,15210,3045,8658,2881,676,701,2432,2280,31954,1632,5929,1345,469,3234,384,7481
992,2914,992.1468335502428,99796,726,391,149,51,47329,24609,0.7208505350915868,477,242,31020,31511,7869,4146,9757,13657,45418,36163,9721,4825,6805,4666,15180,3052,8663,2911,676,706,2467,2276,31874,1632,5916,1346,471,3249,391,7515
993,2914,993.3406912430793,99795,750,397,150,51,47473,24685,0.7230622776692219,497,246,30963,31514,7923,4192,9715,13598,45418,36163,9757,4865,6791,4653,15137,3065,8689,2946,676,720,2533,2267,31776,1624,5895,1351,473,3261,402,7536
994,2914,994.1375313523172,99795,741,392,150,51,47567,24726,0.7244150508542512,501,250,30928,31516,7985,4212,9693,13577,45418,36163,9792,4905,6784,4642,15091,3072,8731,2967,675,726,2576,2260,31692,1622,5874,1357,474,3277,410,7565
995,2914,995.33437527787,99794,762,402,150,52,47720,24797,0.7266669338838007,504,252,30858,31510,8054,4242,9670,13540,45418,36163,9827,4945,6763,4626,15044,3087,8760,2997,674,746,2635,2255,31591,1617,5861,1359,477,3290,423,7589
996,2914,996.1333970550008,99793,781,407,151,52,47819,24849,0.7281873478099666,508,259,30805,31481,8093,4272,9660,13527,45418,36163,9861,4985,6749,4620,15012,3094,8782,3017,672,760,2673,2251,31508,1612,5844,1363,479,3303,427,7627
997,2914,997.334259820221,99792,820,417,152,52,47990,24934,0.7307599807599807,501,252,30745,31470,8163,4321,9617,13486,45418,36163,9895,5024,6735,4612,14964,3105,8831,3042,670,773,2733,2244,31397,1602,5827,1364,481,3316,441,7655
998,2914,998.1356967692753,99792,848,413,152,52,48111,24985,0.7324835658168991,509,249,30664,31461,8217,4360,9608,13463,45418,36163,9928,5063,6721,4605,14921,3110,8858,3064,670,785,2778,2241,31312,1598,5811,1368,482,3335,453,7680
999,2914,999.3408406279243,99792,873,422,152,52,48271,25061,0.7348484848484849,493,259,30612,31446,8288,4397,9580,13422,45418,36163,9960,5102,6707,4587,14866,3134,8895,3091,668,798,2848,2237,31201,1591,5796,1371,485,3345,463,7709
1000,2914,1000.1453393845388,99792,861,439,152,52,48358,25116,0.7362714446047779,508,272,30551,31415,8347,4410,9579,13410,45418,36163,9992,5140,6691,4581,14827,3141,8918,3117,667,814,2890,2232,31121,1587,5783,1371,485,3359,469,7739
1001,2914,1001.354584013667,99790,869,432,153,53,48518,25178,0.7385108728329491,535,300,30473,31411,8433,4449,9535,13353,45418,36163,10023,5178,6666,4567,14772,3155,8964,3145,666,838,2959,2228,31011,1582,5760,1373,487,3374,480,7763
1002,2914,1002.1621688129168,99790,874,457,153,53,48621,25254,0.7403046397434613,562,285,30414,31391,8485,4481,9510,13331,45418,36163,10054,5216,6650,4559,14731,3162,9002,3165,665,854,3002,2219,30926,1579,5744,1376,487,3389,486,7794
1003,2914,1003.3759057776207,99790,859,463,153,53,48777,25349,0.7428199218358553,600,294,30329,31358,8588,4546,9469,13284,45418,36163,10084,5254,6627,4545,14666,3176,9047,3209,663,876,3082,2211,30809,1573,5727,1381,489,3400,497,7812
1004,2914,1004.1866908066595,99790,863,454,153,53,48889,25397,0.7444232889067041,596,314,30274,31331,8657,4582,9455,13264,45418,36163,10114,5291,6619,4533,14633,3188,9074,3230,662,883,3135,2205,30713,1569,5708,1389,490,3410,514,7835
1005,2914,1005.4055631526119,99790,870,471,153,53,49059,25487,0.7470287603968333,594,334,30196,31307,8763,4621,9422,13212,45418,36163,10143,5328,6594,4518,14561,3206,9134,3259,661,907,3191,2197,30620,1563,5689,1389,493,3424,534,7850
1006,2914,1006.2195852439319,99790,893,479,153,53,49181,25545,0.7488325483515382,592,334,30118,31289,8820,4653,9422,13190,45418,36163,10172,5365,6588,4512,14530,3215,9155,3283,661,910,3243,2190,30523,1559,5675,1396,496,3432,545,7877
1007,2914,1007.0353099792615,99789,936,487,154,53,49323,25603,0.7508442814338254,577,340,30051,31273,8868,4685,9412,13160,45418,36163,10200,5402,6574,4496,14501,3230,9177,3308,659,924,3278,2184,30451,1555,5658,1401,498,3441,557,7897
1008,2914,1008.2620247892257,99789,937,512,154,53,49487,25711,0.7535700327691429,611,322,29950,31268,8978,4729,9368,13114,45418,36163,10228,5438,6561,4478,14450,3250,9234,3338,657,932,3358,2179,30339,1550,5620,1414,497,3449,571,7912
1009,2914,1009.081854537133,99787,952,501,156,53,49621,25776,0.7555793840881077,581,323,29909,31251,9048,4781,9352,13089,45418,36163,10255,5474,6538,4467,14406,3257,9271,3356,654,955,3434,2174,30229,1548,5602,1419,500,3467,577,7933
1010,2914,1010.3140554091505,99787,1010,510,156,53,49830,25879,0.7587060438734504,583,304,29812,31250,9122,4843,9315,13038,45418,36163,10282,5510,6509,4458,14349,3257,9317,3393,654,984,3516,2171,30115,1545,5578,1423,500,3481,588,7949
1011,2914,1011.1372091410226,99787,1018,527,156,53,49941,25952,0.7605499714391655,592,301,29742,31221,9177,4887,9313,13009,45418,36163,10308,5545,6494,4444,14309,3271,9334,3426,654,999,3561,2168,30042,1540,5562,1428,502,3493,596,7964
1012,2914,1012.374979029469,99786,1004,522,156,54,50120,26035,0.763183212073838,629,319,29652,31211,9294,4941,9263,12951,45418,36163,10334,5580,6469,4424,14244,3296,9393,3455,651,1020,3652,2162,29913,1533,5540,1432,504,3505,610,7983
1013,2914,1013.2022121361213,99786,1022,522,156,54,50243,26097,0.7650371795642675,619,337,29592,31182,9352,4982,9257,12921,45418,36163,10360,5615,6447,4415,14208,3308,9418,3480,650,1042,3703,2152,29830,1529,5524,1435,507,3517,624,7997
1014,2914,1014.0309080134875,99785,1021,544,157,54,50386,26179,0.7672996943428371,602,332,29529,31152,9448,5016,9241,12900,45418,36163,10385,5650,6420,4401,14176,3319,9450,3511,650,1067,3758,2146,29738,1524,5503,1440,508,3521,639,8014
1015,2914,1015.2771016640389,99785,1018,531,157,54,50575,26265,0.7700556195821016,641,363,29435,31132,9556,5075,9191,12843,45418,36163,10410,5684,6394,4380,14120,3349,9495,3550,645,1092,3852,2141,29615,1515,5473,1444,509,3532,659,8020
1016,2914,1016.109788503101,99783,1029,543,158,55,50688,26345,0.7720052513955283,653,352,29383,31103,9612,5125,9163,12820,45418,36163,10434,5718,6380,4370,14079,3353,9523,3580,645,1103,3901,2136,29531,1513,5463,1447,510,3542,669,8038
1017,2914,1017.3615267476491,99783,1036,568,158,55,50879,26475,0.7752222322439695,663,335,29282,31077,9724,5199,9135,12764,45418,36163,10458,5752,6351,4350,14015,3376,9594,3615,640,1129,3980,2126,29411,1510,5442,1450,509,3546,686,8053
1018,2914,1018.1980609670321,99781,1065,559,159,56,51020,26534,0.7772421603311251,646,354,29225,31064,9784,5241,9119,12724,45418,36163,10482,5786,6336,4339,13968,3380,9645,3640,640,1143,4024,2119,29335,1509,5420,1454,510,3557,700,8062
1019,2914,1019.036335259356,99780,1089,568,160,56,51163,26611,0.7794548005612347,646,362,29157,31046,9850,5273,9096,12693,45418,36163,10505,5819,6323,4323,13930,3396,9690,3660,639,1153,4080,2112,29248,1504,5397,1456,512,3566,715,8076
1020,2914,1020.2964639589148,99780,1081,593,160,56,51357,26732,0.7826117458408499,661,357,29092,31030,9976,5333,9028,12629,45418,36163,10528,5852,6291,4299,13867,3418,9757,3695,638,1181,4152,2100,29146,1499,5369,1465,514,3574,740,8075
1021,2914,1021.1379787568675,99780,1095,577,160,56,51489,26803,0.7846462216877129,682,357,29015,30999,10027,5406,9019,12603,45418,36163,10550,5885,6273,4285,13832,3434,9796,3717,636,1199,4218,2094,29039,1492,5348,1467,513,3584,752,8101
1022,2914,1022.4038587871195,99779,1116,569,161,56,51714,26910,0.7879814389801462,662,353,28916,30989,10162,5497,8981,12534,45418,36163,10572,5918,6244,4256,13768,3467,9857,3756,635,1225,4302,2084,28920,1481,5325,1474,518,3588,775,8104
1023,2914,1023.2500132580005,99779,1096,576,161,56,51831,26974,0.7897954479399473,681,366,28859,30963,10241,5530,8960,12507,45418,36163,10594,5950,6223,4244,13725,3479,9897,3787,630,1243,4343,2075,28848,1478,5311,1471,520,3599,787,8119
1024,2914,1024.097971237094,99779,1094,606,161,56,51968,27069,0.7921205864961565,685,341,28798,30960,10317,5569,8943,12466,45418,36163,10615,5982,6205,4224,13692,3494,9930,3824,630,1260,4394,2068,28761,1475,5290,1476,521,3602,797,8136
1025,2914,1025.3730585878268,99779,1133,603,161,56,52187,27201,0.7956383607773179,688,332,28704,30920,10424,5674,8888,12413,45418,36163,10636,6014,6189,4208,13633,3508,10001,3861,628,1273,4510,2060,28611,1468,5264,1479,523,3605,814,8144
1026,2914,1026.22536265366,99779,1126,608,161,56,52323,27280,0.797793122801391,692,347,28645,30877,10514,5728,8860,12382,45418,36163,10657,6045,6168,4196,13585,3519,10047,3892,626,1293,4570,2053,28518,1463,5249,1482,524,3612,826,8156
1027,2914,1027.0791595973478,99779,1154,607,161,56,52487,27349,0.8001282835065495,663,341,28576,30892,10598,5763,8846,12339,45418,36163,10677,6076,6150,4183,13549,3529,10082,3928,624,1308,4627,2047,28433,1460,5233,1483,524,3616,838,8165
1028,2914,1028.3634877067966,99778,1175,598,162,56,52702,27458,0.8033835113952975,654,353,28499,30878,10703,5836,8805,12277,45418,36163,10697,6107,6125,4168,13480,3553,10153,3967,618,1331,4710,2038,28312,1449,5216,1479,525,3620,864,8170
1029,2914,1029.221519048612,99777,1154,614,163,56,52837,27542,0.805586457800896,649,366,28430,30828,10813,5882,8789,12252,45418,36163,10717,6138,6109,4153,13443,3573,10190,4001,614,1341,4762,2030,28230,1446,5189,1485,528,3625,885,8173
1030,2914,1030.0817075959005,99777,1170,625,163,56,53010,27626,0.8081622017098129,626,377,28364,30799,10910,5927,8765,12214,45418,36163,10736,6168,6089,4139,13399,3583,10251,4024,614,1357,4817,2024,28136,1441,5172,1481,529,3635,909,8177
1031,2914,1031.3754501939902,99777,1168,643,163,56,53196,27767,0.8114395101075398,648,369,28285,30761,11009,6009,8725,12160,45418,36163,10755,6198,6070,4121,13342,3605,10305,4072,611,1371,4907,2016,28016,1431,5152,1480,530,3637,932,8179
1032,2914,1032.2397709001682,99777,1160,658,163,56,53342,27857,0.8138047846698137,663,354,28225,30738,11101,6062,8686,12130,45418,36163,10774,6228,6047,4106,13299,3614,10343,4104,611,1392,4977,2012,27916,1428,5139,1482,530,3643,950,8184
1033,2914,1033.1058867018276,99776,1148,666,163,57,53477,27944,0.8160379249518922,692,341,28182,30742,11165,6112,8648,12080,45418,36163,10792,6258,6022,4089,13253,3637,10376,4134,610,1412,5040,2006,27830,1421,5121,1485,534,3652,971,8183
1034,2914,1034.407580056698,99775,1162,683,164,57,53695,28065,0.8194437484339765,682,352,28101,30727,11285,6168,8604,12011,45418,36163,10810,6287,6001,4070,13194,3659,10443,4177,605,1430,5117,2002,27709,1411,5102,1484,534,3657,987,8193
1035,2914,1035.2771249394716,99774,1197,664,165,57,53849,28131,0.8216569446950107,696,371,28026,30709,11337,6224,8577,11973,45418,36163,10828,6316,5985,4053,13160,3677,10481,4199,604,1442,5180,1996,27620,1406,5083,1490,535,3664,1003,8196
1036,2914,1036.1486354907704,99774,1203,644,165,57,54011,28198,0.8239521318179085,694,382,27960,30698,11432,6278,8544,11939,45418,36163,10846,6345,5960,4035,13116,3691,10516,4240,602,1466,5248,1992,27517,1404,5066,1492,537,3670,1012,8210
1037,2914,1037.022189012018,99774,1193,635,165,57,54175,28267,0.826287409545573,710,381,27879,30671,11533,6338,8518,11916,45418,36163,10863,6374,5941,4018,13065,3711,10570,4278,601,1483,5309,1988,27424,1396,5041,1495,538,3672,1028,8216
1038,2914,1038.3367130194445,99773,1214,650,166,57,54414,28397,0.8299940865765287,687,386,27799,30640,11658,6413,8474,11852,45418,36163,10880,6402,5914,3995,13006,3730,10644,4321,599,1510,5397,1979,27306,1387,5010,1499,537,3675,1049,8215
1039,2914,1039.215255444313,99770,1186,660,169,57,54566,28495,0.8325248070562293,676,372,27754,30633,11769,6473,8444,11803,45418,36163,10897,6430,5887,3977,12962,3752,10684,4363,598,1533,5466,1973,27198,1382,4994,1499,539,3676,1065,8222
1040,2914,1040.0955117395008,99770,1158,662,169,57,54705,28579,0.8347599478801243,672,360,27697,30624,11880,6519,8422,11776,45418,36163,10913,6458,5863,3953,12917,3770,10739,4390,597,1555,5530,1970,27102,1375,4978,1501,539,3683,1080,8228
1041,2914,1041.4199743785293,99770,1144,649,169,57,54918,28693,0.8380374862183021,687,379,27603,30604,12022,6608,8373,11701,45418,36163,10929,6486,5837,3929,12849,3795,10818,4434,594,1579,5633,1961,26968,1369,4949,1503,540,3687,1104,8221
1042,2914,1042.3055378921865,99769,1173,658,170,57,55088,28783,0.840651905902635,668,370,27552,30598,12088,6663,8347,11652,45418,36163,10945,6513,5819,3917,12799,3798,10858,4474,594,1593,5699,1958,26887,1366,4935,1504,539,3693,1120,8216
1043,2914,1043.1927047793954,99769,1179,652,170,57,55228,28863,0.8428569996692359,690,387,27481,30560,12156,6716,8322,11626,45418,36163,10961,6540,5800,3905,12757,3813,10897,4512,593,1610,5749,1954,26809,1358,4915,1507,540,3696,1139,8215
1044,2914,1044.0815142074935,99769,1167,653,170,57,55376,28942,0.8451322555102286,699,388,27425,30542,12240,6772,8297,11586,45418,36163,10976,6567,5783,3893,12724,3824,10940,4542,593,1623,5817,1946,26711,1348,4902,1507,543,3699,1163,8211
1045,2914,1045.4184797722053,99768,1198,672,171,57,55643,29077,0.8491700745730094,661,397,27359,30520,12375,6845,8234,11507,45418,36163,10991,6594,5753,3872,12656,3851,11017,4590,591,1648,5906,1938,26588,1340,4873,1505,543,3705,1179,8213
1046,2914,1046.3113811138526,99768,1205,690,171,57,55805,29183,0.8518563066313848,666,389,27316,30501,12453,6896,8187,11465,45418,36163,11006,6620,5725,3862,12612,3866,11077,4617,587,1675,5965,1935,26493,1333,4851,1503,543,3708,1194,8222
1047,2914,1047.2056797046139,99768,1227,674,171,57,55943,29261,0.8540213294844038,684,394,27259,30478,12500,6960,8157,11435,45418,36163,11021,6646,5710,3848,12577,3881,11118,4645,585,1688,6027,1927,26400,1328,4838,1499,545,3712,1210,8230
1048,2914,1048.1013268060979,99767,1231,681,172,57,56098,29340,0.8563753545761624,678,406,27201,30460,12579,6999,8137,11395,45418,36163,11036,6672,5694,3835,12546,3895,11140,4692,584,1702,6077,1923,26323,1323,4817,1500,548,3708,1236,8224
1049,2914,1049.4483037520977,99766,1229,707,172,58,56335,29482,0.860182827817092,690,400,27103,30427,12720,7058,8084,11348,45418,36163,11050,6698,5671,3820,12481,3901,11239,4732,582,1723,6174,1911,26187,1313,4793,1498,550,3710,1255,8226
1050,2914,1050.3485297835455,99766,1184,730,172,58,56468,29594,0.8626385742637772,700,384,27038,30391,12832,7117,8072,11318,45418,36163,11064,6723,5640,3807,12437,3915,11285,4773,582,1747,6231,1900,26110,1308,4773,1499,552,3720,1276,8211
1051,2914,1051.2514582531435,99766,1200,728,172,58,56627,29684,0.8651344145300002,694,395,27004,30360,12882,7181,8046,11276,45418,36163,11078,6748,5624,3795,12394,3920,11347,4802,582,1763,6286,1893,26016,1302,4759,1499,555,3722,1293,8214
1052,2914,1052.1557515232184,99765,1168,709,172,59,56769,29771,0.8674384804290082,711,409,26958,30338,12969,7245,8020,11238,45418,36163,11092,6773,5605,3775,12344,3941,11396,4846,580,1781,6365,1886,25912,1296,4738,1495,555,3729,1314,8207
1053,2914,1053.061468186515,99765,1166,703,172,59,56917,29860,0.8698140630481632,727,394,26896,30324,13046,7314,7991,11204,45418,36163,11105,6798,5592,3761,12295,3954,11464,4872,578,1794,6427,1880,25816,1290,4715,1495,558,3736,1330,8208
1054,2914,1054.4237366106097,99762,1167,679,174,60,57185,30011,0.8740402157133979,725,383,26786,30313,13200,7427,7946,11136,45418,36163,11118,6823,5558,3743,12217,3964,11565,4943,573,1827,6536,1869,25664,1287,4684,1490,556,3735,1350,8201
1055,2914,1055.335042438972,99762,1166,658,174,60,57349,30085,0.8764258936268319,706,392,26724,30294,13298,7499,7930,11095,45418,36163,11131,6847,5539,3723,12178,3981,11621,4982,572,1842,6596,1864,25570,1281,4665,1492,556,3731,1364,8205
1056,2914,1056.2489234458353,99762,1186,665,174,60,57521,30177,0.8790721918165233,700,382,26656,30288,13373,7552,7909,11051,45418,36163,11144,6871,5527,3707,12137,3987,11674,5020,571,1850,6654,1860,25482,1279,4647,1492,554,3734,1377,8210
1057,2914,1057.1651118269863,99760,1179,658,176,60,57684,30265,0.8816058540497194,707,375,26598,30283,13463,7608,7875,11014,45418,36163,11157,6895,5511,3687,12091,4009,11741,5056,571,1860,6703,1853,25399,1270,4629,1490,554,3730,1405,8201
1058,2914,1058.0834024241497,99759,1178,633,177,60,57833,30332,0.8837799095820928,713,398,26555,30262,13520,7668,7855,10977,45418,36163,11170,6919,5492,3673,12036,4016,11799,5086,571,1878,6763,1851,25313,1265,4612,1493,554,3737,1424,8196
1059,2914,1059.003269886544,99759,1201,655,177,60,58006,30428,0.8864764081436262,693,397,26501,30231,13594,7721,7832,10934,45418,36163,11182,6942,5479,3653,11995,4032,11855,5113,571,1888,6819,1845,25229,1264,4592,1493,555,3739,1444,8193
1060,2914,1060.3860325671724,99758,1198,654,178,60,58238,30559,0.8901241003227811,685,393,26431,30209,13722,7797,7784,10885,45418,36163,11194,6965,5446,3631,11935,4050,11920,5168,569,1916,6904,1838,25110,1257,4571,1495,553,3745,1471,8179
1061,2914,1061.310125263004,99758,1185,660,178,60,58382,30639,0.8923695342729405,690,394,26413,30196,13774,7837,7758,10851,45418,36163,11206,6988,5419,3625,11902,4063,11955,5206,565,1939,6961,1832,25018,1249,4564,1496,552,3742,1486,8184
1062,2914,1062.235294052118,99758,1185,648,178,60,58543,30733,0.894925720242988,662,388,26391,30182,13839,7906,7743,10814,45418,36163,11218,7011,5399,3610,11868,4072,12001,5247,564,1956,7032,1826,24916,1242,4550,1496,554,3741,1503,8181
1063,2914,1063.1613378854877,99758,1181,646,178,60,58682,30818,0.8971711541931474,667,405,26337,30171,13908,7951,7727,10765,45418,36163,11230,7034,5381,3593,11833,4086,12040,5281,563,1971,7085,1820,24836,1236,4541,1496,554,3743,1527,8172
1064,2914,1064.089043752597,99757,1169,648,179,60,58822,30904,0.899445652936636,692,396,26290,30156,13982,8003,7686,10735,45418,36163,11241,7056,5367,3580,11801,4108,12073,5317,558,1980,7153,1814,24742,1229,4527,1496,556,3746,1540,8170
1065,2914,1065.0185472789667,99757,1190,668,179,60,58980,31011,0.9021021081227383,687,362,26248,30161,14023,8053,7671,10694,45418,36163,11252,7078,5346,3570,11767,4112,12118,5352,558,2000,7219,1811,24656,1220,4509,1497,554,3744,1553,8171
1066,2914,1066.4153290059319,99757,1187,652,179,60,59196,31130,0.9054602684523392,681,374,26207,30145,14130,8138,7614,10629,45418,36163,11263,7100,5327,3551,11708,4130,12182,5404,554,2014,7318,1804,24529,1211,4489,1496,553,3748,1578,8161
1067,2914,1067.3478349971197,99756,1179,645,179,61,59352,31223,0.9079654356630178,671,373,26167,30132,14204,8200,7598,10587,45418,36163,11274,7122,5307,3533,11663,4139,12239,5440,552,2029,7394,1799,24428,1207,4475,1495,554,3749,1594,8159
1068,2914,1068.2817875704427,99756,1183,639,179,61,59519,31301,0.9104214282850155,654,378,26149,30119,14257,8253,7576,10548,45418,36163,11285,7144,5294,3512,11622,4155,12289,5482,550,2037,7443,1794,24354,1203,4458,1493,555,3749,1611,8155
1069,2914,1069.2167328845615,99756,1168,648,179,61,59673,31390,0.9128573719876498,647,379,26103,30112,14347,8292,7554,10506,45418,36163,11296,7165,5275,3494,11571,4178,12337,5522,548,2052,7492,1786,24282,1197,4443,1491,555,3753,1632,8148
1070,2914,1070.1533420013068,99754,1143,633,179,63,59823,31461,0.915091124165447,628,380,26087,30119,14426,8326,7535,10477,45418,36163,11307,7186,5249,3483,11525,4186,12402,5558,544,2072,7536,1777,24203,1192,4430,1489,556,3750,1653,8149
1071,2914,1071.0911142344437,99754,1121,638,179,63,59963,31550,0.9173867714577861,628,358,26052,30117,14510,8383,7508,10439,45418,36163,11317,7207,5234,3469,11491,4205,12460,5589,539,2077,7593,1773,24114,1188,4410,1485,557,3750,1670,8150
1072,2914,1072.0303333361924,99754,1096,655,179,63,60089,31654,0.9196924434107906,626,341,26034,30102,14582,8437,7481,10400,45418,36163,11327,7228,5226,3458,11457,4209,12505,5632,539,2084,7640,1768,24032,1183,4396,1481,558,3751,1693,8142
1073,2914,1073.441182705789,99754,1081,642,179,63,60280,31769,0.9227599895743529,658,351,25988,30095,14653,8514,7439,10333,45418,36163,11337,7249,5207,3437,11418,4229,12561,5689,537,2099,7723,1761,23920,1176,4376,1476,556,3743,1723,8123
1074,2914,1074.3829866662861,99752,1115,639,180,64,60446,31861,0.9253649049643115,632,347,25950,30081,14716,8569,7405,10298,45418,36163,11347,7269,5193,3430,11384,4237,12602,5723,536,2110,7788,1758,23824,1170,4364,1480,557,3746,1727,8123
1075,2914,1075.3260116461918,99751,1112,637,180,65,60590,31945,0.9276598730839791,655,339,25883,30075,14777,8617,7391,10265,45418,36163,11357,7289,5177,3417,11345,4243,12657,5757,536,2122,7836,1753,23746,1167,4347,1476,559,3749,1749,8115
1076,2914,1076.2709856399797,99750,1127,628,181,65,60739,32029,0.9300050125313283,657,317,25849,30090,14804,8667,7380,10231,45418,36163,11367,7309,5165,3404,11305,4247,12701,5800,535,2130,7878,1748,23678,1165,4334,1471,559,3750,1773,8107
1077,2914,1077.2175551519915,99750,1153,600,181,65,60905,32099,0.9323709273182957,627,330,25839,30081,14849,8729,7349,10193,45418,36163,11377,7329,5148,3392,11275,4264,12746,5830,533,2137,7926,1745,23599,1159,4322,1471,560,3750,1795,8098
1078,2914,1078.1649835939302,99749,1114,568,181,66,61045,32164,0.9344354329366711,619,349,25799,30085,14942,8785,7343,10145,45418,36163,11386,7349,5134,3382,11235,4283,12794,5878,532,2141,7980,1742,23517,1151,4296,1471,560,3753,1817,8083
1079,2914,1079.1137799741164,99749,1135,570,181,66,61206,32249,0.9369016230739156,603,344,25759,30077,14999,8827,7321,10114,45418,36163,11395,7368,5119,3373,11194,4295,12848,5908,531,2148,8039,1736,23433,1146,4285,1471,562,3750,1827,8084
1080,2914,1080.064095611588,99748,1108,575,182,66,61333,32329,0.9389862453382524,626,351,25726,30063,15057,8856,7299,10087,45418,36163,11404,7387,5100,3355,11160,4303,12897,5948,530,2165,8076,1729,23360,1143,4276,1471,562,3748,1840,8085
1081,2914,1081.0158599194197,99747,1104,567,182,67,61482,32401,0.9412112644991829,616,369,25709,30039,15107,8903,7280,10053,45418,36163,11413,7406,5078,3343,11123,4321,12935,5991,528,2178,8121,1727,23289,1140,4262,1472,562,3743,1856,8078
1082,2914,1082.4449817096427,99746,1100,591,183,67,61697,32540,0.9447697150762938,618,358,25653,30010,15207,8967,7237,10005,45418,36163,11422,7425,5055,3319,11069,4335,12998,6047,525,2199,8207,1721,23179,1137,4235,1474,562,3739,1874,8071
1083,2914,1083.3994765556315,99746,1088,608,183,67,61845,32637,0.9472259539229644,610,335,25625,30015,15285,9010,7207,9963,45418,36163,11431,7444,5038,3303,11036,4351,13036,6090,524,2209,8261,1715,23104,1132,4217,1472,562,3745,1887,8064
1084,2914,1084.3553903851928,99745,1090,614,184,67,61991,32725,0.9495814326532658,605,343,25607,29986,15329,9063,7183,9925,45418,36163,11440,7463,5016,3291,11005,4355,13079,6129,522,2225,8305,1710,23035,1128,4203,1470,563,3746,1900,8063
1085,2914,1085.3118323924646,99745,1079,602,184,67,62132,32804,0.9517870569953382,596,351,25588,29977,15382,9114,7169,9887,45418,36163,11449,7481,5001,3274,10978,4363,13130,6162,522,2238,8355,1706,22957,1122,4183,1468,563,3749,1927,8047
1086,2914,1086.2694107649988,99744,1090,619,185,67,62277,32898,0.9541927333974976,577,342,25585,29983,15427,9142,7134,9845,45418,36163,11457,7499,4983,3261,10947,4375,13172,6199,521,2253,8391,1701,22895,1117,4170,1463,564,3749,1944,8039
1087,2914,1087.2272087678934,99744,1085,620,185,67,62414,32984,0.9564284568495348,574,349,25591,29982,15458,9187,7105,9793,45418,36163,11465,7517,4966,3251,10905,4384,13227,6236,519,2267,8425,1697,22833,1113,4156,1462,564,3748,1964,8027
1088,2914,1088.1848929553726,99744,1099,621,185,67,62558,33063,0.9586641803015721,586,352,25560,29977,15496,9227,7072,9754,45418,36163,11473,7535,4949,3245,10875,4397,13256,6275,517,2278,8456,1694,22779,1108,4143,1463,562,3750,1987,8010
1089,2914,1089.1431976411873,99742,1088,611,186,68,62710,33141,0.9609893525295262,613,350,25503,29998,15560,9266,7048,9705,45418,36163,11481,7553,4928,3230,10840,4410,13304,6319,516,2289,8495,1689,22713,1104,4127,1460,562,3750,2002,8004
1090,2914,1090.103334773787,99742,1092,619,186,68,62849,33230,0.9632752501453751,625,342,25463,29986,15600,9308,7032,9675,45418,36163,11489,7571,4913,3216,10810,4425,13354,6352,514,2301,8534,1685,22639,1100,4114,1459,561,3749,2015,8001
1091,2914,1091.0648038164145,99742,1086,612,186,68,62993,33312,0.9655410960277516,622,351,25431,29997,15662,9352,7011,9618,45418,36163,11497,7588,4900,3200,10771,4433,13409,6391,513,2308,8576,1679,22566,1098,4104,1456,561,3749,2029,7999
1092,2914,1092.0274614725467,99742,1106,620,186,68,63149,33386,0.9678470453770729,595,357,25406,29999,15718,9370,6987,9584,45418,36163,11505,7605,4894,3187,10739,4445,13444,6427,512,2308,8616,1678,22501,1092,4094,1455,560,3749,2048,7993
1093,2914,1093.474017828734,99741,1101,641,187,68,63380,33530,0.9716164867005544,579,339,25352,29999,15846,9429,6933,9522,45418,36163,11513,7622,4863,3163,10683,4476,13508,6480,510,2324,8686,1674,22396,1087,4080,1455,560,3747,2070,7979
1094,2914,1094.4398547910826,99740,1105,617,187,69,63542,33616,0.9741126930018047,559,349,25339,29984,15899,9488,6909,9491,45418,36163,11521,7639,4840,3150,10643,4491,13557,6520,508,2339,8751,1670,22305,1084,4064,1450,559,3750,2091,7968
