,indexID,time,N,Inf_L,Inf_H,Dead_L,Dead_H,cum_cases_L,cum_cases_H,cum_sum_per_N,Exposed_L,Exposed_H,Sus_L,Sus_H,Rec_nat_L,Rec_nat_H,Rec_vax_L,Rec_vax_H,vaccinatedH,vaccinatedL,boostedH,boostedL,count_Naive,count_Delta,count_Delta_vaccine,count_two,count_three,count_four,count_Omicron,count_Omicron_star,count_Omicron_star_vaccine,count_Omicron_vaccine,count_Vaccine,count_WT,count_WT_vaccine,count_WT_vaccine_boost,count_Omicron_vaccine_boost,count_Delta_vaccine_boost,count_Omicron_star_vaccine_boost,count_Vaccine_boost
0,2069,1.0172966781803456,99996,5,6,0,0,5,7,0.00012000480019200768,21,18,49972,49973,0,1,0,0,0,0,0,0,99995,0,0,0,0,0,0,0,0,0,0,1,0,0,0,0,0,0
1,2069,2.02417089170893,99996,8,10,0,0,11,14,0.000250010000400016,16,11,49971,49973,3,4,0,0,0,0,0,0,99989,0,0,0,0,0,0,0,0,0,0,7,0,0,0,0,0,0
2,2069,3.0136133288709512,99996,11,13,0,0,15,17,0.0003200128005120205,15,8,49968,49974,4,3,0,0,0,0,0,0,99988,0,0,0,0,0,0,0,0,0,0,8,0,0,0,0,0,0
3,2069,4.006357231860077,99996,11,13,0,0,17,21,0.0003800152006080243,14,7,49967,49971,6,7,0,0,0,0,0,0,99982,0,0,0,0,0,0,0,0,0,0,14,0,0,0,0,0,0
4,2069,5.0128427185070095,99996,10,14,0,0,18,23,0.00041001640065602623,14,7,49966,49969,8,8,0,0,0,0,0,0,99979,0,0,0,0,0,0,0,0,0,0,17,0,0,0,0,0,0
5,2069,6.030683153511213,99996,12,14,0,0,22,25,0.00047001880075203006,12,5,49964,49969,10,10,0,0,0,0,0,0,99975,0,0,0,0,0,0,0,0,0,0,21,0,0,0,0,0,0
6,2069,7.0880503484566,99996,13,12,0,0,25,28,0.0005300212008480339,14,2,49959,49969,12,15,0,0,0,0,0,0,99968,0,0,0,0,0,0,0,0,0,0,28,0,0,0,0,0,0
7,2069,8.029956193075781,99996,14,9,0,0,27,28,0.0005500220008800352,13,3,49958,49968,13,18,0,0,0,0,0,0,99964,0,0,0,0,0,0,0,0,0,0,32,0,0,0,0,0,0
8,2069,9.018889207706552,99996,12,9,0,0,28,28,0.0005600224008960358,14,3,49956,49968,16,18,0,0,0,0,0,0,99961,0,0,0,0,0,0,0,0,0,0,35,0,0,0,0,0,0
9,2069,10.025060339800929,99996,15,9,0,0,32,29,0.0006100244009760391,11,3,49955,49967,17,19,0,0,0,0,0,0,99959,0,0,0,0,0,0,0,0,0,0,37,0,0,0,0,0,0
10,2069,11.068918322839263,99996,14,8,0,0,33,30,0.0006300252010080403,10,2,49955,49967,19,21,0,0,0,0,0,0,99955,0,0,0,0,0,0,0,0,0,0,41,0,0,0,0,0,0
11,2069,12.210244937557876,99996,13,7,0,0,39,31,0.0007000280011200448,7,2,49952,49966,26,23,0,0,0,0,0,0,99946,0,0,0,0,0,0,0,0,0,0,50,0,0,0,0,0,0
12,2069,13.085225285327192,99996,14,7,0,0,42,31,0.0007300292011680467,5,3,49952,49965,27,23,0,0,0,0,0,0,99944,0,0,0,0,0,0,0,0,0,0,52,0,0,0,0,0,0
13,2069,14.014599793354055,99996,13,8,0,0,44,32,0.0007600304012160486,5,2,49950,49966,30,22,0,0,0,0,0,0,99941,0,0,0,0,0,0,0,0,0,0,55,0,0,0,0,0,0
14,2069,15.284782076618935,99996,10,7,0,0,45,32,0.0007700308012320492,6,3,49948,49965,34,23,0,0,0,0,0,0,99936,0,0,0,0,0,0,0,0,0,0,60,0,0,0,0,0,0
15,2069,16.014579632124754,99996,11,6,0,0,47,32,0.0007900316012640506,4,3,49948,49965,35,24,0,0,0,0,0,0,99934,0,0,0,0,0,0,0,0,0,0,62,0,0,0,0,0,0
16,2069,17.009625729664748,99996,8,7,0,0,47,33,0.0008000320012800512,4,5,49949,49962,37,24,0,0,0,0,0,0,99931,0,0,0,0,0,0,0,0,0,0,65,0,0,0,0,0,0
17,2069,18.089076941317714,99996,8,5,0,0,48,33,0.0008100324012960519,5,5,49947,49962,38,26,0,0,0,0,0,0,99928,0,0,0,0,0,0,0,0,0,0,68,0,0,0,0,0,0
18,2069,19.1227332612608,99996,7,7,0,0,51,36,0.0008700348013920557,2,2,49947,49962,42,27,0,0,0,0,0,0,99923,0,0,0,0,0,0,0,0,0,0,73,0,0,0,0,0,0
19,2069,20.209423465058233,99996,3,3,0,0,51,36,0.0008700348013920557,3,3,49946,49961,46,31,0,0,0,0,0,0,99915,0,0,0,0,0,0,0,0,0,0,81,0,0,0,0,0,0
20,2069,21.05911384945726,99996,5,5,0,0,53,38,0.0009100364014560582,1,1,49946,49961,46,31,0,0,0,0,0,0,99915,0,0,0,0,0,0,0,0,0,0,81,0,0,0,0,0,0
21,2069,22.040819209929598,99996,5,5,0,0,53,38,0.0009100364014560582,2,2,49945,49960,46,31,0,0,0,0,0,0,99915,0,0,0,0,0,0,0,0,0,0,81,0,0,0,0,0,0
22,2069,23.23429032073445,99996,4,4,0,0,53,38,0.0009100364014560582,4,3,49943,49959,47,32,0,0,0,0,0,0,99913,0,0,0,0,0,0,0,0,0,0,83,0,0,0,0,0,0
23,2069,24.21603387577576,99996,5,4,0,0,54,38,0.0009200368014720589,5,3,49941,49959,47,32,0,0,0,0,0,0,99913,0,0,0,0,0,0,0,0,0,0,83,0,0,0,0,0,0
24,2069,25.003895097349442,99996,5,5,0,0,54,39,0.0009300372014880595,8,3,49938,49959,47,31,0,0,0,0,0,0,99913,0,0,0,0,0,0,0,0,0,0,83,0,0,0,0,0,0
25,2069,26.10358724425665,99996,5,4,0,0,55,39,0.0009400376015040601,9,3,49936,49959,48,32,0,0,0,0,0,0,99911,0,0,0,0,0,0,0,0,0,0,85,0,0,0,0,0,0
26,2069,27.181555384586296,99996,5,4,0,0,58,40,0.0009800392015680626,8,2,49934,49959,51,33,0,0,0,0,0,0,99907,0,0,0,0,0,0,0,0,0,0,89,0,0,0,0,0,0
27,2069,28.22304597727693,99996,7,5,0,0,60,41,0.0010100404016160646,7,1,49933,49959,51,33,0,0,0,0,0,0,99907,0,0,0,0,0,0,0,0,0,0,89,0,0,0,0,0,0
28,2069,29.27657837680517,99996,8,4,0,0,62,41,0.0010300412016480659,7,3,49932,49957,51,34,0,0,0,0,0,0,99905,0,0,0,0,0,0,0,0,0,0,91,0,0,0,0,0,0
29,2069,30.197873094032936,99996,9,5,0,0,63,42,0.0010500420016800673,8,3,49930,49956,51,34,0,0,0,0,0,0,99905,0,0,0,0,0,0,0,0,0,0,91,0,0,0,0,0,0
30,2069,31.192286765376654,99996,8,4,0,0,63,42,0.0010500420016800673,11,4,49927,49955,52,35,0,0,0,0,0,0,99903,0,0,0,0,0,0,0,0,0,0,93,0,0,0,0,0,0
31,2069,32.04999997161192,99996,7,5,0,0,65,44,0.0010900436017440697,11,3,49925,49954,55,36,0,0,0,0,0,0,99899,0,0,0,0,0,0,0,0,0,0,97,0,0,0,0,0,0
32,2069,33.106189848687826,99996,8,5,0,0,66,44,0.0011000440017600705,12,4,49924,49953,54,36,0,0,0,0,0,0,99899,0,0,0,0,0,0,0,0,0,0,97,0,0,0,0,0,0
33,2069,34.12389763901829,99996,8,6,0,0,67,46,0.0011300452018080723,13,2,49922,49954,55,36,0,0,0,0,0,0,99897,0,0,0,0,0,0,0,0,0,0,99,0,0,0,0,0,0
34,2069,35.037746017712834,99996,9,5,0,0,68,46,0.001140045601824073,12,3,49922,49953,55,37,0,0,0,0,0,0,99896,0,0,0,0,0,0,0,0,0,0,100,0,0,0,0,0,0
35,2069,36.12037261223899,99996,11,4,0,0,72,46,0.0011800472018880755,8,5,49923,49951,56,38,0,0,0,0,0,0,99893,0,0,0,0,0,0,0,0,0,0,103,0,0,0,0,0,0
36,2069,37.000543127864596,99996,11,4,0,0,72,47,0.0011900476019040761,9,4,49922,49951,56,39,0,0,0,0,0,0,99892,0,0,0,0,0,0,0,0,0,0,104,0,0,0,0,0,0
37,2069,38.043697211337445,99996,12,5,0,0,74,48,0.0012200488019520781,9,3,49920,49951,57,39,0,0,0,0,0,0,99891,0,0,0,0,0,0,0,0,0,0,105,0,0,0,0,0,0
38,2069,39.1747623706198,99996,13,7,0,0,78,50,0.001280051202048082,6,3,49920,49949,59,39,0,0,0,0,0,0,99888,0,0,0,0,0,0,0,0,0,0,108,0,0,0,0,0,0
39,2069,40.14122932523631,99996,11,7,0,0,80,51,0.0013100524020960838,6,3,49918,49948,63,40,0,0,0,0,0,0,99883,0,0,0,0,0,0,0,0,0,0,113,0,0,0,0,0,0
40,2069,41.10252441948234,99996,13,7,0,0,82,52,0.0013400536021440858,6,4,49916,49946,63,41,0,0,0,0,0,0,99882,0,0,0,0,0,0,0,0,0,0,114,0,0,0,0,0,0
41,2069,42.109374490605774,99996,15,10,0,0,86,55,0.0014100564022560902,3,3,49915,49944,65,41,0,0,0,0,0,0,99880,0,0,0,0,0,0,0,0,0,0,116,0,0,0,0,0,0
42,2069,43.263420312646424,99996,11,8,0,0,87,56,0.0014300572022880914,3,2,49914,49944,70,44,0,0,0,0,0,0,99872,0,0,0,0,0,0,0,0,0,0,124,0,0,0,0,0,0
43,2069,44.29538524403754,99996,11,9,0,0,90,57,0.001470058802352094,2,1,49913,49944,72,44,0,0,0,0,0,0,99869,0,0,0,0,0,0,0,0,0,0,127,0,0,0,0,0,0
44,2069,45.08625566074316,99996,8,7,0,0,90,57,0.001470058802352094,3,3,49912,49942,75,46,0,0,0,0,0,0,99864,0,0,0,0,0,0,0,0,0,0,132,0,0,0,0,0,0
45,2069,46.2807181899018,99996,10,7,0,0,92,59,0.0015100604024160967,4,2,49909,49941,75,48,0,0,0,0,0,0,99862,0,0,0,0,0,0,0,0,0,0,134,0,0,0,0,0,0
46,2069,47.26305843435808,99996,10,6,0,0,92,59,0.0015100604024160967,7,3,49907,49940,74,49,0,0,0,0,0,0,99861,0,0,0,0,0,0,0,0,0,0,135,0,0,0,0,0,0
47,2069,48.08956773497759,99996,11,4,0,0,94,59,0.0015300612024480979,6,5,49906,49939,75,50,0,0,0,0,0,0,99858,0,0,0,0,0,0,0,0,0,0,138,0,0,0,0,0,0
48,2069,49.05917688055735,99996,11,8,0,0,95,63,0.001580063202528101,6,1,49906,49940,75,49,0,0,0,0,0,0,99857,0,0,0,0,0,0,0,0,0,0,139,0,0,0,0,0,0
49,2069,50.16679952994336,99996,9,8,0,0,95,63,0.001580063202528101,6,1,49907,49940,76,49,0,0,0,0,0,0,99855,0,0,0,0,0,0,0,0,0,0,141,0,0,0,0,0,0
50,2069,51.28626710448125,99996,7,6,0,0,95,64,0.0015900636025441017,7,1,49907,49939,77,52,0,0,0,0,0,0,99850,0,0,0,0,0,0,0,0,0,0,146,0,0,0,0,0,0
51,2069,52.08812256566212,99996,7,5,0,0,98,64,0.0016200648025921037,4,2,49907,49938,80,53,0,0,0,0,0,0,99846,0,0,0,0,0,0,0,0,0,0,150,0,0,0,0,0,0
52,2069,53.178601439934035,99996,6,6,0,0,100,66,0.0016600664026561063,6,1,49904,49937,82,54,0,0,0,0,0,0,99842,0,0,0,0,0,0,0,0,0,0,154,0,0,0,0,0,0
53,2069,54.16343851348794,99996,7,5,0,0,102,66,0.0016800672026881075,5,1,49904,49937,82,55,0,0,0,0,0,0,99840,0,0,0,0,0,0,0,0,0,0,156,0,0,0,0,0,0
54,2069,55.19826860900485,99996,9,4,0,0,104,66,0.0017000680027201088,6,1,49902,49937,81,56,0,0,0,0,0,0,99839,0,0,0,0,0,0,0,0,0,0,157,0,0,0,0,0,0
55,2069,56.05502096257104,99996,8,3,0,0,105,66,0.0017100684027361094,8,2,49899,49936,83,57,0,0,0,0,0,0,99836,0,0,0,0,0,0,0,0,0,0,160,0,0,0,0,0,0
56,2069,57.1211552265422,99996,7,4,0,0,108,67,0.001750070002800112,7,1,49898,49936,86,57,0,0,0,0,0,0,99832,0,0,0,0,0,0,0,0,0,0,164,0,0,0,0,0,0
57,2069,58.031024413438175,99996,9,3,0,0,110,67,0.0017700708028321132,7,1,49896,49936,86,58,0,0,0,0,0,0,99831,0,0,0,0,0,0,0,0,0,0,165,0,0,0,0,0,0
58,2069,59.137004573275604,99996,15,3,0,0,116,67,0.0018300732029281172,4,2,49893,49935,86,58,0,0,0,0,0,0,99831,0,0,0,0,0,0,0,0,0,0,165,0,0,0,0,0,0
59,2069,60.02637789485571,99996,13,3,0,0,117,68,0.0018500740029601184,4,1,49893,49935,88,59,0,0,0,0,0,0,99827,0,0,0,0,0,0,0,0,0,0,169,0,0,0,0,0,0
60,2069,61.327411735864786,99996,11,2,0,0,118,68,0.001860074402976119,4,1,49892,49935,91,60,0,0,0,0,0,0,99823,0,0,0,0,0,0,0,0,0,0,173,0,0,0,0,0,0
61,2069,62.02726639747105,99996,10,2,0,0,118,68,0.001860074402976119,7,2,49889,49935,92,59,0,0,0,0,0,0,99822,0,0,0,0,0,0,0,0,0,0,174,0,0,0,0,0,0
62,2069,63.024353443867106,99996,10,2,0,0,120,68,0.0018800752030081202,6,2,49888,49935,94,59,0,0,0,0,0,0,99820,0,0,0,0,0,0,0,0,0,0,176,0,0,0,0,0,0
63,2069,64.01682980157862,99996,11,2,0,0,121,69,0.0019000760030401216,9,2,49884,49934,94,60,0,0,0,0,0,0,99819,0,0,0,0,0,0,0,0,0,0,177,0,0,0,0,0,0
64,2069,65.0432662362833,99996,11,3,0,0,124,70,0.0019400776031041243,7,1,49883,49934,97,60,0,0,0,0,0,0,99816,0,0,0,0,0,0,0,0,0,0,180,0,0,0,0,0,0
65,2069,66.09958470225037,99996,9,2,0,0,126,70,0.0019600784031361253,6,2,49882,49933,101,61,0,0,0,0,0,0,99811,0,0,0,0,0,0,0,0,0,0,185,0,0,0,0,0,0
66,2069,67.32678700584034,99996,8,2,0,0,127,71,0.001980079203168127,6,2,49881,49932,103,62,0,0,0,0,0,0,99808,0,0,0,0,0,0,0,0,0,0,188,0,0,0,0,0,0
67,2069,68.07912116620925,99996,8,2,0,0,128,71,0.0019900796031841273,7,2,49880,49932,103,62,0,0,0,0,0,0,99807,0,0,0,0,0,0,0,0,0,0,189,0,0,0,0,0,0
68,2069,69.08692533962768,99996,11,4,0,0,132,73,0.0020500820032801313,5,1,49878,49932,104,61,0,0,0,0,0,0,99806,0,0,0,0,0,0,0,0,0,0,190,0,0,0,0,0,0
69,2069,70.19800244712819,99996,9,5,0,0,134,75,0.0020900836033441337,3,0,49879,49931,107,62,0,0,0,0,0,0,99801,0,0,0,0,0,0,0,0,0,0,195,0,0,0,0,0,0
70,2069,71.16002117549468,99996,11,4,0,0,136,75,0.002110084403376135,4,0,49876,49932,107,62,0,0,0,0,0,0,99800,0,0,0,0,0,0,0,0,0,0,196,0,0,0,0,0,0
71,2069,72.15905186549382,99996,11,4,0,0,137,75,0.0021200848033921357,5,1,49874,49931,108,62,0,0,0,0,0,0,99799,0,0,0,0,0,0,0,0,0,0,197,0,0,0,0,0,0
72,2069,73.11620279424433,99996,12,4,0,0,139,75,0.002140085603424137,3,2,49874,49930,109,62,0,0,0,0,0,0,99798,0,0,0,0,0,0,0,0,0,0,198,0,0,0,0,0,0
73,2069,74.17894793081452,99996,12,5,0,0,140,76,0.002160086403456138,5,2,49871,49929,110,62,0,0,0,0,0,0,99797,0,0,0,0,0,0,0,0,0,0,199,0,0,0,0,0,0
74,2069,75.04213271870402,99996,9,5,0,0,141,76,0.002170086803472139,5,2,49870,49929,114,62,0,0,0,0,0,0,99793,0,0,0,0,0,0,0,0,0,0,203,0,0,0,0,0,0
75,2069,76.20897921943369,99996,10,5,0,0,142,76,0.0021800872034881394,7,3,49867,49928,114,62,0,0,0,0,0,0,99793,0,0,0,0,0,0,0,0,0,0,203,0,0,0,0,0,0
76,2069,77.04537039827972,99996,13,4,0,0,145,76,0.0022100884035361414,7,5,49866,49926,112,63,0,0,0,0,0,0,99792,0,0,0,0,0,0,0,0,0,0,204,0,0,0,0,0,0
77,2069,78.13265954062895,99996,12,4,0,0,145,78,0.0022300892035681426,7,4,49866,49925,113,65,0,0,0,0,0,0,99789,0,0,0,0,0,0,0,0,0,0,207,0,0,0,0,0,0
78,2069,79.09617911853319,99996,13,5,0,0,146,79,0.0022500900036001442,7,5,49866,49923,112,65,0,0,0,0,0,0,99789,0,0,0,0,0,0,0,0,0,0,207,0,0,0,0,0,0
79,2069,80.06315478647016,99996,13,3,0,0,147,79,0.0022600904036161446,6,6,49868,49923,111,66,0,0,0,0,0,0,99786,0,0,0,0,0,0,0,0,0,0,210,0,0,0,0,0,0
80,2069,81.02693941571145,99996,16,6,0,0,150,82,0.0023200928037121486,6,4,49865,49922,111,66,0,0,0,0,0,0,99786,0,0,0,0,0,0,0,0,0,0,210,0,0,0,0,0,0
81,2069,82.05541507969195,99996,19,7,0,0,154,84,0.0023800952038081523,2,5,49865,49920,112,66,0,0,0,0,0,0,99784,0,0,0,0,0,0,0,0,0,0,212,0,0,0,0,0,0
82,2069,83.06428932230571,99996,19,7,0,0,155,84,0.002390095603824153,1,5,49867,49920,111,66,0,0,0,0,0,0,99783,0,0,0,0,0,0,0,0,0,0,213,0,0,0,0,0,0
83,2069,84.28499283846239,99996,19,8,0,0,155,86,0.0024100964038561543,5,5,49863,49918,111,67,0,0,0,0,0,0,99782,0,0,0,0,0,0,0,0,0,0,214,0,0,0,0,0,0
84,2069,85.01296382241716,99996,19,11,0,0,158,89,0.002470098803952158,6,2,49859,49918,114,67,0,0,0,0,0,0,99779,0,0,0,0,0,0,0,0,0,0,217,0,0,0,0,0,0
85,2069,86.10216915197569,99996,15,11,0,0,160,89,0.0024900996039841595,10,3,49854,49917,119,67,0,0,0,0,0,0,99773,0,0,0,0,0,0,0,0,0,0,223,0,0,0,0,0,0
86,2069,87.01804875228311,99996,16,12,0,0,162,91,0.002530101204048162,12,2,49850,49916,120,68,0,0,0,0,0,0,99771,0,0,0,0,0,0,0,0,0,0,225,0,0,0,0,0,0
87,2069,88.12154912391786,99996,18,8,0,0,167,91,0.002580103204128165,12,4,49845,49914,123,72,0,0,0,0,0,0,99764,0,0,0,0,0,0,0,0,0,0,232,0,0,0,0,0,0
88,2069,89.11751098962975,99996,18,6,0,0,169,92,0.002610104404176167,14,3,49841,49914,125,75,0,0,0,0,0,0,99759,0,0,0,0,0,0,0,0,0,0,237,0,0,0,0,0,0
89,2069,90.05324382000781,99996,20,6,0,0,171,93,0.0026401056042241688,13,4,49841,49912,124,76,0,0,0,0,0,0,99758,0,0,0,0,0,0,0,0,0,0,238,0,0,0,0,0,0
90,2069,91.00611402610465,99996,24,6,0,0,177,95,0.002720108804352174,12,4,49836,49910,126,78,0,0,0,0,0,0,99754,0,0,0,0,0,0,0,0,0,0,242,0,0,0,0,0,0
91,2069,92.10787378659957,99996,25,5,0,0,181,96,0.0027701108044321772,11,8,49834,49905,128,80,0,0,0,0,0,0,99749,0,0,0,0,0,0,0,0,0,0,247,0,0,0,0,0,0
92,2069,93.09151075963035,99996,24,5,0,0,185,96,0.0028101124044961796,9,9,49832,49906,133,78,0,0,0,0,0,0,99744,0,0,0,0,0,0,0,0,0,0,252,0,0,0,0,0,0
93,2069,94.0582814678013,99996,23,6,0,0,186,97,0.0028301132045281813,11,8,49831,49907,133,77,0,0,0,0,0,0,99742,0,0,0,0,0,0,0,0,0,0,254,0,0,0,0,0,0
94,2069,95.21615352317104,99996,19,7,0,0,186,98,0.0028401136045441817,15,9,49827,49906,137,76,0,0,0,0,0,0,99738,0,0,0,0,0,0,0,0,0,0,258,0,0,0,0,0,0
95,2069,96.02699114093636,99996,21,11,0,0,192,103,0.002950118004720189,10,4,49826,49906,141,77,0,0,0,0,0,0,99733,0,0,0,0,0,0,0,0,0,0,263,0,0,0,0,0,0
96,2069,97.02213649961502,99996,24,10,0,0,197,103,0.003000120004800192,9,4,49822,49906,143,78,0,0,0,0,0,0,99730,0,0,0,0,0,0,0,0,0,0,266,0,0,0,0,0,0
97,2069,98.02579493242749,99996,24,11,0,0,198,105,0.0030301212048481937,12,4,49818,49904,144,79,0,0,0,0,0,0,99728,0,0,0,0,0,0,0,0,0,0,268,0,0,0,0,0,0
98,2069,99.15099026360595,99996,17,10,0,0,198,106,0.0030401216048641946,15,6,49816,49901,150,81,0,0,0,0,0,0,99719,0,0,0,0,0,0,0,0,0,0,277,0,0,0,0,0,0
99,2069,100.23116200249466,99996,19,9,0,0,202,106,0.003080123204928197,14,7,49814,49900,151,82,0,0,0,0,0,0,99716,0,0,0,0,0,0,0,0,0,0,280,0,0,0,0,0,0
100,2069,101.03673479191738,99996,21,11,0,0,206,109,0.003150126005040202,17,4,49807,49900,153,83,0,0,0,0,0,0,99713,0,0,0,0,0,0,0,0,0,0,283,0,0,0,0,0,0
101,2069,102.18954088040242,99996,23,10,0,0,212,110,0.0032201288051522062,13,7,49805,49896,157,85,0,0,0,0,0,0,99707,0,0,0,0,0,0,0,0,0,0,289,0,0,0,0,0,0
102,2069,103.03661651161859,99996,23,10,0,0,215,112,0.0032701308052322095,13,7,49803,49894,159,87,0,0,0,0,0,0,99702,0,0,0,0,0,0,0,0,0,0,294,0,0,0,0,0,0
103,2069,104.14733557284563,99996,22,9,0,0,217,114,0.003310132405296212,14,9,49800,49892,162,88,0,0,0,0,0,0,99696,0,0,0,0,0,0,0,0,0,0,300,0,0,0,0,0,0
104,2069,105.02322273536933,99996,20,10,0,0,219,115,0.003340133605344214,12,9,49800,49891,166,88,0,0,0,0,0,0,99692,0,0,0,0,0,0,0,0,0,0,304,0,0,0,0,0,0
105,2069,106.09090793263745,99996,24,12,0,0,224,119,0.0034301372054882195,12,7,49795,49890,167,89,0,0,0,0,0,0,99689,0,0,0,0,0,0,0,0,0,0,307,0,0,0,0,0,0
106,2069,107.03386413608574,99996,25,11,0,0,228,120,0.0034801392055682227,13,6,49791,49890,169,91,0,0,0,0,0,0,99684,0,0,0,0,0,0,0,0,0,0,312,0,0,0,0,0,0
107,2069,108.21016476237459,99996,28,13,0,0,232,122,0.0035401416056642264,16,7,49784,49887,170,91,0,0,0,0,0,0,99683,0,0,0,0,0,0,0,0,0,0,313,0,0,0,0,0,0
108,2069,109.15945646538803,99996,26,15,0,0,233,124,0.0035701428057122284,18,6,49783,49886,171,91,0,0,0,0,0,0,99680,0,0,0,0,0,0,0,0,0,0,316,0,0,0,0,0,0
109,2069,110.02732396809351,99996,27,16,0,0,238,125,0.0036301452058082324,20,5,49776,49886,175,91,0,0,0,0,0,0,99676,0,0,0,0,0,0,0,0,0,0,320,0,0,0,0,0,0
110,2069,111.15906364808814,99996,29,14,0,0,243,127,0.003700148005920237,24,6,49767,49883,178,95,0,0,0,0,0,0,99669,0,0,0,0,0,0,0,0,0,0,327,0,0,0,0,0,0
111,2069,112.14659545520425,99996,28,12,0,0,247,128,0.00375015000600024,23,7,49765,49881,182,98,0,0,0,0,0,0,99661,0,0,0,0,0,0,0,0,0,0,335,0,0,0,0,0,0
112,2069,113.07646245127255,99996,34,10,0,0,257,128,0.0038501540061602465,26,9,49752,49879,186,100,0,0,0,0,0,0,99655,0,0,0,0,0,0,0,0,0,0,341,0,0,0,0,0,0
113,2069,114.03725547935544,99996,37,10,0,0,261,130,0.0039101564062562506,24,10,49751,49876,186,102,0,0,0,0,0,0,99652,0,0,0,0,0,0,0,0,0,0,344,0,0,0,0,0,0
114,2069,115.11863373378701,99996,33,10,0,0,261,133,0.003940157606304252,28,9,49747,49874,190,105,0,0,0,0,0,0,99645,0,0,0,0,0,0,0,0,0,0,351,0,0,0,0,0,0
115,2069,116.01171565295694,99996,41,9,0,0,271,134,0.004050162006480259,23,9,49742,49874,192,106,0,0,0,0,0,0,99641,0,0,0,0,0,0,0,0,0,0,355,0,0,0,0,0,0
116,2069,117.2190390898294,99995,45,8,1,0,280,135,0.004150207510375519,21,9,49736,49873,195,108,0,0,0,0,0,0,99634,0,0,0,0,0,0,0,0,0,0,361,0,0,0,0,0,0
117,2069,118.06993952481115,99995,40,11,1,0,283,139,0.004220211010550527,20,6,49735,49873,202,108,0,0,0,0,0,0,99625,0,0,0,0,0,0,0,0,0,0,370,0,0,0,0,0,0
118,2069,119.01489626139328,99995,35,14,1,0,285,142,0.004270213510675534,22,6,49731,49870,209,108,0,0,0,0,0,0,99618,0,0,0,0,0,0,0,0,0,0,377,0,0,0,0,0,0
119,2069,120.31778331313389,99995,37,12,1,0,291,143,0.004340217010850542,21,8,49727,49867,212,111,0,0,0,0,0,0,99611,0,0,0,0,0,0,0,0,0,0,384,0,0,0,0,0,0
120,2069,121.23533635442894,99995,36,13,1,0,296,145,0.004410220511025551,23,10,49720,49863,218,112,0,0,0,0,0,0,99604,0,0,0,0,0,0,0,0,0,0,391,0,0,0,0,0,0
121,2069,122.24987121170402,99995,36,12,1,0,301,147,0.00448022401120056,21,11,49717,49860,223,115,0,0,0,0,0,0,99596,0,0,0,0,0,0,0,0,0,0,399,0,0,0,0,0,0
122,2069,123.07893401419358,99995,30,15,1,0,304,150,0.004540227011350567,21,10,49715,49859,231,114,0,0,0,0,0,0,99587,0,0,0,0,0,0,0,0,0,0,408,0,0,0,0,0,0
123,2069,124.05164243771343,99995,37,17,1,0,312,153,0.004650232511625581,23,8,49705,49859,232,114,0,0,0,0,0,0,99585,0,0,0,0,0,0,0,0,0,0,410,0,0,0,0,0,0
124,2069,125.23769268691017,99995,35,15,1,0,316,154,0.004700235011750587,28,10,49697,49856,237,117,0,0,0,0,0,0,99576,0,0,0,0,0,0,0,0,0,0,419,0,0,0,0,0,0
125,2069,126.2567730640295,99995,35,15,1,0,321,157,0.004780239011950597,26,10,49694,49854,242,119,0,0,0,0,0,0,99568,0,0,0,0,0,0,0,0,0,0,427,0,0,0,0,0,0
126,2069,127.11846342024482,99995,36,16,1,0,329,160,0.004890244512225611,23,11,49690,49850,248,121,0,0,0,0,0,0,99559,0,0,0,0,0,0,0,0,0,0,436,0,0,0,0,0,0
127,2069,128.01477551540344,99995,37,15,1,0,334,164,0.004980249012450623,24,10,49684,49847,252,126,0,0,0,0,0,0,99550,0,0,0,0,0,0,0,0,0,0,445,0,0,0,0,0,0
128,2069,129.26749798379998,99995,37,14,1,0,339,166,0.005050252512625631,25,12,49679,49844,256,128,0,0,0,0,0,0,99542,0,0,0,0,0,0,0,0,0,0,453,0,0,0,0,0,0
129,2069,130.11915907190206,99995,34,14,1,0,345,167,0.00512025601280064,22,14,49677,49841,264,129,0,0,0,0,0,0,99532,0,0,0,0,0,0,0,0,0,0,463,0,0,0,0,0,0
130,2069,131.27401101654385,99995,33,14,1,0,348,169,0.005170258512925646,24,18,49674,49835,266,131,0,0,0,0,0,0,99526,0,0,0,0,0,0,0,0,0,0,469,0,0,0,0,0,0
131,2069,132.0260786215126,99995,30,13,1,0,348,172,0.00520026001300065,28,16,49670,49834,269,135,0,0,0,0,0,0,99519,0,0,0,0,0,0,0,0,0,0,476,0,0,0,0,0,0
132,2069,133.00338140760843,99995,38,17,1,0,359,177,0.00536026801340067,22,15,49667,49830,270,136,0,0,0,0,0,0,99515,0,0,0,0,0,0,0,0,0,0,480,0,0,0,0,0,0
133,2069,134.23857821409356,99995,34,18,1,0,364,182,0.005460273013650683,28,14,49657,49826,278,140,0,0,0,0,0,0,99502,0,0,0,0,0,0,0,0,0,0,493,0,0,0,0,0,0
134,2069,135.07396436082442,99995,38,19,1,0,372,185,0.005570278513925696,24,14,49653,49823,282,142,0,0,0,0,0,0,99496,0,0,0,0,0,0,0,0,0,0,499,0,0,0,0,0,0
135,2069,136.2199226986091,99995,40,19,1,0,382,188,0.005700285014250713,23,11,49645,49824,289,144,0,0,0,0,0,0,99485,0,0,0,0,0,0,0,0,0,0,510,0,0,0,0,0,0
136,2069,137.0335383633204,99995,39,20,1,0,385,191,0.00576028801440072,21,10,49646,49822,291,146,0,0,0,0,0,0,99479,0,0,0,0,0,0,0,0,0,0,516,0,0,0,0,0,0
137,2069,138.2584824378266,99995,39,18,1,0,392,193,0.005850292514625731,20,10,49640,49822,298,148,0,0,0,0,0,0,99468,0,0,0,0,0,0,0,0,0,0,527,0,0,0,0,0,0
138,2069,139.0056065815971,99995,38,18,1,0,395,196,0.005910295514775739,26,10,49631,49819,302,151,0,0,0,0,0,0,99461,0,0,0,0,0,0,0,0,0,0,534,0,0,0,0,0,0
139,2069,140.04824275073162,99995,38,16,1,0,399,197,0.005960298014900745,26,9,49627,49819,306,154,0,0,0,0,0,0,99454,0,0,0,0,0,0,0,0,0,0,541,0,0,0,0,0,0
140,2069,141.07207374103396,99995,39,16,1,0,406,199,0.006050302515125756,23,10,49626,49816,309,156,0,0,0,0,0,0,99446,0,0,0,0,0,0,0,0,0,0,549,0,0,0,0,0,0
141,2069,142.30768140603928,99995,42,18,1,0,412,202,0.006140307015350768,22,9,49622,49816,311,155,0,0,0,0,0,0,99442,0,0,0,0,0,0,0,0,0,0,553,0,0,0,0,0,0
142,2069,143.05773106397615,99995,42,20,1,0,417,205,0.006220311015550778,23,8,49616,49814,316,156,0,0,0,0,0,0,99436,0,0,0,0,0,0,0,0,0,0,559,0,0,0,0,0,0
143,2069,144.14064792668825,99995,51,15,1,0,426,205,0.006310315515775789,24,13,49606,49810,316,160,0,0,0,0,0,0,99431,0,0,0,0,0,0,0,0,0,0,564,0,0,0,0,0,0
144,2069,145.11940236710677,99995,49,19,1,0,433,210,0.006430321516075804,24,11,49599,49807,325,161,0,0,0,0,0,0,99421,0,0,0,0,0,0,0,0,0,0,574,0,0,0,0,0,0
145,2069,146.01351145035449,99995,50,18,1,0,444,212,0.00656032801640082,26,14,49587,49803,334,163,0,0,0,0,0,0,99408,0,0,0,0,0,0,0,0,0,0,587,0,0,0,0,0,0
146,2069,147.0556689757251,99995,47,17,1,0,448,214,0.006620331016550828,28,17,49581,49798,341,166,0,0,0,0,0,0,99398,0,0,0,0,0,0,0,0,0,0,597,0,0,0,0,0,0
147,2069,148.13641091241186,99995,52,17,1,0,458,218,0.006760338016900845,30,16,49571,49796,344,169,0,0,0,0,0,0,99389,0,0,0,0,0,0,0,0,0,0,606,0,0,0,0,0,0
148,2069,149.0665924575089,99995,50,19,1,0,465,224,0.006890344517225862,32,14,49563,49792,352,173,0,0,0,0,0,0,99376,0,0,0,0,0,0,0,0,0,0,619,0,0,0,0,0,0
149,2069,150.00534991378902,99995,51,20,1,0,476,229,0.007050352517625882,30,10,49554,49792,362,176,0,0,0,0,0,0,99362,0,0,0,0,0,0,0,0,0,0,633,0,0,0,0,0,0
150,2069,151.01716487957867,99995,51,19,1,0,482,230,0.00712035601780089,32,12,49546,49789,368,178,0,0,0,0,0,0,99354,0,0,0,0,0,0,0,0,0,0,641,0,0,0,0,0,0
151,2069,152.0531409542814,99995,57,18,1,0,496,234,0.0073003650182509126,22,14,49542,49784,376,182,0,0,0,0,0,0,99341,0,0,0,0,0,0,0,0,0,0,654,0,0,0,0,0,0
152,2069,153.20646521632483,99995,56,16,1,0,500,238,0.0073803690184509226,25,14,49536,49781,380,187,0,0,0,0,0,0,99330,0,0,0,0,0,0,0,0,0,0,665,0,0,0,0,0,0
153,2069,154.01820139354828,99995,55,17,1,0,507,239,0.0074603730186509325,20,16,49537,49778,385,187,0,0,0,0,0,0,99322,0,0,0,0,0,0,0,0,0,0,673,0,0,0,0,0,0
154,2069,155.0633102903346,99995,51,18,1,0,514,245,0.0075903795189759486,27,11,49524,49777,395,192,0,0,0,0,0,0,99306,0,0,0,0,0,0,0,0,0,0,689,0,0,0,0,0,0
155,2069,156.266966461691,99995,52,20,1,0,520,248,0.0076803840192009604,25,13,49520,49772,400,193,0,0,0,0,0,0,99300,0,0,0,0,0,0,0,0,0,0,695,0,0,0,0,0,0
156,2069,157.21347656524355,99995,57,21,1,0,528,251,0.0077903895194759735,28,15,49510,49767,402,195,0,0,0,0,0,0,99295,0,0,0,0,0,0,0,0,0,0,700,0,0,0,0,0,0
157,2069,158.01967531249727,99995,53,23,1,0,535,255,0.007900395019750988,25,13,49506,49765,413,197,0,0,0,0,0,0,99282,0,0,0,0,0,0,0,0,0,0,713,0,0,0,0,0,0
158,2069,159.07153942907536,99995,56,22,1,0,545,258,0.008030401520076004,27,20,49498,49755,416,201,0,0,0,0,0,0,99271,0,0,0,0,0,0,0,0,0,0,724,0,0,0,0,0,0
159,2069,160.21116994185564,99995,57,23,1,0,551,265,0.00816040802040102,33,21,49488,49747,419,207,0,0,0,0,0,0,99260,0,0,0,0,0,0,0,0,0,0,735,0,0,0,0,0,0
160,2069,161.2089107584606,99995,57,22,1,0,557,268,0.00825041252062603,39,19,49477,49747,424,210,0,0,0,0,0,0,99250,0,0,0,0,0,0,0,0,0,0,745,0,0,0,0,0,0
161,2069,162.25149726609777,99995,62,23,1,0,569,272,0.00841042052102605,47,19,49457,49745,431,211,0,0,0,0,0,0,99240,0,0,0,0,0,0,0,0,0,0,755,0,0,0,0,0,0
162,2069,163.16897287343488,99995,68,23,1,0,584,274,0.008580429021451072,42,19,49449,49743,438,213,0,0,0,0,0,0,99229,0,0,0,0,0,0,0,0,0,0,766,0,0,0,0,0,0
163,2069,164.31408240451984,99995,72,25,1,0,594,279,0.008730436521826092,38,19,49445,49740,442,214,0,0,0,0,0,0,99220,0,0,0,0,0,0,0,0,0,0,775,0,0,0,0,0,0
164,2069,165.27098280913268,99995,71,25,1,0,605,284,0.008890444522226112,41,25,49432,49730,453,218,0,0,0,0,0,0,99203,0,0,0,0,0,0,0,0,0,0,792,0,0,0,0,0,0
165,2069,166.26157065000422,99995,75,28,1,0,616,290,0.009060453022651132,36,23,49427,49726,459,221,0,0,0,0,0,0,99193,0,0,0,0,0,0,0,0,0,0,802,0,0,0,0,0,0
166,2069,167.31196868437928,99995,70,26,1,0,625,295,0.00920046002300115,35,20,49419,49724,473,228,0,0,0,0,0,0,99172,0,0,0,0,0,0,0,0,0,0,823,0,0,0,0,0,0
167,2069,168.1667152566184,99995,63,27,1,0,632,300,0.009320466023301164,34,18,49416,49721,484,232,0,0,0,0,0,0,99154,0,0,0,0,0,0,0,0,0,0,841,0,0,0,0,0,0
168,2069,169.00476872128854,99995,58,32,1,0,637,307,0.00944047202360118,34,17,49412,49715,493,234,0,0,0,0,0,0,99142,0,0,0,0,0,0,0,0,0,0,853,0,0,0,0,0,0
169,2069,170.32319128420076,99995,48,30,1,0,643,313,0.009560478023901194,32,13,49412,49713,505,242,0,0,0,0,0,0,99118,0,0,0,0,0,0,0,0,0,0,877,0,0,0,0,0,0
170,2069,171.06976719726208,99995,49,23,1,0,650,313,0.009630481524076204,34,17,49403,49709,511,249,0,0,0,0,0,0,99105,0,0,0,0,0,0,0,0,0,0,890,0,0,0,0,0,0
171,2069,172.08186878166083,99995,49,20,1,0,656,315,0.009710485524276214,35,17,49398,49707,515,254,0,0,0,0,0,0,99094,0,0,0,0,0,0,0,0,0,0,901,0,0,0,0,0,0
172,2069,173.05131091280288,99995,52,19,1,0,663,319,0.009820491024551228,38,21,49389,49700,518,258,0,0,0,0,0,0,99085,0,0,0,0,0,0,0,0,0,0,910,0,0,0,0,0,0
173,2069,174.117274487929,99995,56,18,1,0,669,321,0.009900495024751238,39,22,49384,49699,518,259,0,0,0,0,0,0,99080,0,0,0,0,0,0,0,0,0,0,915,0,0,0,0,0,0
174,2069,175.2442143332314,99994,56,21,1,1,682,331,0.010130607836470188,36,14,49374,49697,531,265,0,0,0,0,0,0,99060,0,0,0,0,0,0,0,0,0,0,934,0,0,0,0,0,0
175,2069,176.32155223030583,99994,55,17,1,1,690,331,0.010210612636758206,37,18,49368,49694,537,268,0,0,0,0,0,0,99047,0,0,0,0,0,0,0,0,0,0,947,0,0,0,0,0,0
176,2069,177.15311446867804,99994,54,17,1,1,694,333,0.010270616236974218,42,21,49359,49689,542,270,0,0,0,0,0,0,99040,0,0,0,0,0,0,0,0,0,0,954,0,0,0,0,0,0
177,2069,178.0868859924713,99994,51,24,1,1,697,342,0.010390623437406245,41,17,49358,49684,547,272,0,0,0,0,0,0,99032,0,0,0,0,0,0,0,0,0,0,962,0,0,0,0,0,0
178,2069,179.11745739501615,99994,45,26,1,1,706,348,0.010540632437946278,47,16,49343,49679,562,276,0,0,0,0,0,0,99013,0,0,0,0,0,0,0,0,0,0,981,0,0,0,0,0,0
179,2069,180.118556597315,99994,46,24,1,1,711,351,0.010620637238234294,52,15,49333,49677,566,281,0,0,0,0,0,0,99004,0,0,0,0,0,0,0,0,0,0,990,0,0,0,0,0,0
180,2069,181.1243917815285,99994,52,23,1,1,725,352,0.010770646238774327,50,18,49323,49673,572,283,0,0,0,0,0,0,98994,0,0,0,0,0,0,0,0,0,0,1000,0,0,0,0,0,0
181,2069,182.2638696939011,99994,60,24,1,1,739,356,0.010950657039422365,39,20,49326,49668,572,285,0,0,0,0,0,0,98985,0,0,0,0,0,0,0,0,0,0,1009,0,0,0,0,0,0
182,2069,183.08392937316788,99994,59,29,1,1,743,362,0.011050663039782386,39,19,49324,49664,575,285,0,0,0,0,0,0,98979,0,0,0,0,0,0,0,0,0,0,1015,0,0,0,0,0,0
183,2069,184.1530520012928,99994,68,28,1,1,759,366,0.01125067504050243,42,24,49308,49656,579,289,0,0,0,0,0,0,98967,0,0,0,0,0,0,0,0,0,0,1027,0,0,0,0,0,0
184,2069,185.14617536720942,99994,69,29,1,1,770,372,0.011420685241114467,55,20,49288,49654,585,294,0,0,0,0,0,0,98952,0,0,0,0,0,0,0,0,0,0,1042,0,0,0,0,0,0
185,2069,186.12359857687616,99994,71,32,1,1,780,378,0.011580694841690501,55,16,49278,49655,593,294,0,0,0,0,0,0,98941,0,0,0,0,0,0,0,0,0,0,1053,0,0,0,0,0,0
186,2069,187.20507418339375,99994,83,27,1,1,800,379,0.011790707442446547,52,22,49262,49651,600,297,0,0,0,0,0,0,98927,0,0,0,0,0,0,0,0,0,0,1067,0,0,0,0,0,0
187,2069,188.19885103175343,99994,85,31,1,1,814,385,0.01199071944316659,53,30,49248,49637,611,299,0,0,0,0,0,0,98913,0,0,0,0,0,0,0,0,0,0,1081,0,0,0,0,0,0
188,2069,189.19280881766474,99994,84,37,1,1,830,392,0.01222073324399464,52,30,49235,49631,626,299,0,0,0,0,0,0,98895,0,0,0,0,0,0,0,0,0,0,1099,0,0,0,0,0,0
189,2069,190.18702123227146,99994,86,37,1,1,841,397,0.012380742844570674,53,34,49226,49623,632,303,0,0,0,0,0,0,98881,0,0,0,0,0,0,0,0,0,0,1113,0,0,0,0,0,0
190,2069,191.18138086221333,99994,86,41,1,1,853,408,0.012610756645398725,57,27,49210,49621,644,308,0,0,0,0,0,0,98862,0,0,0,0,0,0,0,0,0,0,1132,0,0,0,0,0,0
191,2069,192.17601641421766,99993,83,45,2,1,865,416,0.012810896762773393,61,23,49197,49618,655,311,0,0,0,0,0,0,98843,0,0,0,0,0,0,0,0,0,0,1150,0,0,0,0,0,0
192,2069,193.17089566510066,99993,89,46,2,1,882,423,0.013050913563949476,50,30,49195,49604,662,317,0,0,0,0,0,0,98826,0,0,0,0,0,0,0,0,0,0,1167,0,0,0,0,0,0
193,2069,194.16586812105052,99993,91,53,2,1,895,433,0.013280929665076555,50,24,49184,49600,671,320,0,0,0,0,0,0,98812,0,0,0,0,0,0,0,0,0,0,1181,0,0,0,0,0,0
194,2069,195.16100650756084,99993,97,50,2,1,910,440,0.01350094506615463,48,25,49173,49592,678,330,0,0,0,0,0,0,98793,0,0,0,0,0,0,0,0,0,0,1200,0,0,0,0,0,0
195,2069,196.15633289556192,99993,95,44,2,1,921,447,0.013680957667036692,59,30,49153,49581,689,342,0,0,0,0,0,0,98768,0,0,1,0,0,0,0,0,0,0,1224,0,0,0,0,0,0
196,2069,197.1519542844082,99993,94,46,2,1,933,452,0.01385096956786975,55,30,49151,49577,696,344,0,0,0,0,0,0,98752,0,0,1,0,0,0,0,0,0,0,1240,0,0,0,0,0,0
197,2069,198.14771069490342,99993,98,49,2,1,945,461,0.014060984268898824,55,33,49142,49566,701,349,0,0,0,0,0,0,98738,0,0,1,0,0,0,0,0,0,0,1254,0,0,0,0,0,0
198,2069,199.14358128977017,99993,105,50,2,1,966,468,0.01434100387027092,46,33,49134,49560,711,354,0,0,0,0,0,0,98718,0,0,1,0,0,0,0,0,0,0,1274,0,0,0,0,0,0
199,2069,200.1395746615464,99993,93,52,2,1,970,476,0.01446101227085896,55,33,49128,49553,720,359,0,0,0,0,0,0,98696,0,0,1,0,0,0,0,0,0,0,1296,0,0,0,0,0,0
200,2069,201.13575107884776,99993,86,50,2,1,980,481,0.014611022771594012,61,32,49113,49551,736,364,0,0,0,0,0,0,98672,0,0,1,0,0,0,0,0,0,0,1320,0,0,0,0,0,0
201,2069,202.1322665231759,99993,83,49,2,1,996,488,0.01484103887272109,60,29,49099,49548,754,371,0,0,0,0,0,0,98645,0,0,1,0,0,0,0,0,0,0,1347,0,0,0,0,0,0
202,2069,203.12909377318257,99993,88,48,2,1,1013,492,0.015051053573750162,58,30,49085,49543,765,376,0,0,0,0,0,0,98628,0,0,1,0,0,0,0,0,0,0,1364,0,0,0,0,0,0
203,2069,204.12619872,99993,91,47,2,1,1027,497,0.015241066874681228,58,31,49075,49537,772,382,0,0,0,0,0,0,98611,0,0,1,0,0,0,0,0,0,0,1381,0,0,0,0,0,0
204,2069,205.12347611802474,99993,89,52,2,1,1041,505,0.015461082275759304,58,28,49064,49533,785,384,0,0,0,0,0,0,98592,0,0,1,0,0,0,0,0,0,0,1400,0,0,0,0,0,0
205,2069,206.12092813681858,99993,94,55,2,1,1056,513,0.015691098376886384,57,29,49052,49526,793,387,0,0,0,0,0,0,98577,0,0,1,0,0,0,0,0,0,0,1415,0,0,0,0,0,0
206,2069,207.11861124893088,99993,90,53,2,1,1063,516,0.015791105377376418,60,33,49044,49520,802,391,0,0,0,0,0,0,98561,0,0,1,0,0,0,0,0,0,0,1431,0,0,0,0,0,0
207,2069,208.11646592436506,99993,105,55,2,1,1083,527,0.016101127078895522,57,30,49033,49512,801,400,0,0,0,0,0,0,98547,0,0,1,0,0,0,0,0,0,0,1445,0,0,0,0,0,0
208,2069,209.11444951614635,99993,102,54,2,1,1098,534,0.0163211424799736,67,35,49009,49500,818,408,0,0,0,0,0,0,98522,0,0,2,0,0,0,0,0,0,0,1469,0,0,0,0,0,0
209,2069,210.11277398071735,99993,103,52,2,1,1114,541,0.016551158581100678,69,37,48995,49491,829,417,0,0,0,0,0,0,98498,0,0,2,0,0,0,0,0,0,0,1493,0,0,0,0,0,0
210,2069,211.11136129655935,99993,111,56,2,1,1139,553,0.016921184482913805,60,34,48984,49485,841,422,0,0,0,0,0,0,98473,0,0,2,0,0,0,0,0,0,0,1518,0,0,0,0,0,0
211,2069,212.1102282684219,99993,107,59,2,1,1152,562,0.01714119988399188,62,40,48970,49471,857,427,0,0,0,0,0,0,98451,0,0,3,0,0,0,0,0,0,0,1539,0,0,0,0,0,0
212,2069,213.10930851636786,99993,105,54,2,1,1167,566,0.017331213184922943,65,52,48958,49455,868,436,0,0,0,0,0,0,98425,0,0,3,0,0,0,0,0,0,0,1565,0,0,0,0,0,0
213,2069,214.10862329311337,99992,107,61,3,1,1185,578,0.017631410512841027,70,50,48940,49448,878,438,0,0,0,0,0,0,98404,0,0,3,0,0,0,0,0,0,0,1585,0,0,0,0,0,0
214,2069,215.10817736803497,99992,106,67,3,1,1199,595,0.017941435314825185,76,44,48924,49440,889,446,0,0,0,0,0,0,98378,0,0,3,0,0,0,0,0,0,0,1611,0,0,0,0,0,0
215,2069,216.10800238050354,99992,114,73,3,1,1216,610,0.01826146091687335,77,40,48910,49432,894,452,0,0,0,0,0,0,98360,0,0,3,0,0,0,0,0,0,0,1629,0,0,0,0,0,0
216,2069,217.10802871068884,99992,118,73,3,1,1238,617,0.0185514841187295,77,42,48890,49426,910,456,0,0,0,0,0,0,98335,0,0,3,0,0,0,0,0,0,0,1654,0,0,0,0,0,0
217,2069,218.10839525734255,99992,113,75,3,1,1252,632,0.018841507320585645,79,36,48876,49417,927,469,0,0,0,0,0,0,98303,0,0,3,0,0,0,0,0,0,0,1686,0,0,0,0,0,0
218,2069,219.10910649215808,99992,112,73,3,1,1273,641,0.0191415313225058,80,31,48856,49413,947,480,0,0,0,0,0,0,98270,0,0,3,0,0,0,0,0,0,0,1719,0,0,0,0,0,0
219,2069,220.11029621283015,99992,119,59,3,1,1296,648,0.019441555324425954,71,32,48844,49406,961,500,0,0,0,0,0,0,98233,0,0,3,0,0,0,0,0,0,0,1756,0,0,0,0,0,0
220,2069,221.11175431496912,99992,118,57,3,1,1315,656,0.019711576926154092,67,36,48835,49394,975,510,0,0,0,0,0,0,98203,0,0,3,0,0,0,0,0,0,0,1786,0,0,0,0,0,0
221,2069,222.11346793536,99992,127,59,3,1,1334,666,0.02000160012801024,64,32,48820,49390,984,516,0,0,0,0,0,0,98185,0,0,3,0,0,0,0,0,0,0,1804,0,0,0,0,0,0
222,2069,223.11544168987368,99992,122,67,3,1,1352,677,0.02029162332986639,75,31,48795,49380,1003,519,0,0,0,0,0,0,98160,0,0,4,0,0,0,0,0,0,0,1828,0,0,0,0,0,0
223,2069,224.11781478234133,99992,125,67,3,1,1370,685,0.020551644131530523,77,34,48778,49369,1015,527,0,0,0,0,0,0,98137,0,0,4,0,0,0,0,0,0,0,1851,0,0,0,0,0,0
224,2069,225.1204884928728,99992,123,62,3,1,1389,691,0.02080166413313065,74,35,48768,49363,1030,537,0,0,0,0,0,0,98105,0,0,4,0,0,0,0,0,0,0,1883,0,0,0,0,0,0
225,2069,226.12344383078508,99992,129,66,3,1,1407,701,0.021081686534922792,78,37,48751,49353,1037,541,0,0,0,0,0,0,98087,0,0,4,0,0,0,0,0,0,0,1901,0,0,0,0,0,0
226,2069,227.12660480043343,99992,135,65,3,1,1435,710,0.021451716137290983,70,36,48733,49349,1057,547,0,0,0,0,0,0,98055,0,0,4,0,0,0,0,0,0,0,1933,0,0,0,0,0,0
227,2069,228.13012001770218,99991,136,68,4,1,1453,721,0.02174195677610985,71,39,48720,49336,1067,554,0,0,0,0,0,0,98030,0,0,4,0,0,0,0,0,0,0,1957,0,0,0,0,0,0
228,2069,229.13383232845982,99991,138,69,4,1,1469,729,0.021981978378054025,68,42,48713,49325,1075,561,0,0,0,0,0,0,98010,0,0,5,0,0,0,0,0,0,0,1976,0,0,0,0,0,0
229,2069,230.13776834088313,99991,134,63,4,1,1490,736,0.02226200358032223,71,44,48694,49316,1095,574,0,0,0,0,0,0,97973,0,0,6,0,0,0,0,0,0,0,2012,0,0,0,0,0,0
230,2069,231.14212412280048,99991,136,58,4,1,1511,743,0.022542028782590432,68,50,48682,49304,1108,585,0,0,0,0,0,0,97942,0,0,6,0,0,0,0,0,0,0,2043,0,0,0,0,0,0
231,2069,232.14670037901874,99991,138,62,4,1,1533,754,0.022872058485263674,63,52,48667,49292,1126,591,0,0,0,0,0,0,97915,0,0,6,0,0,0,0,0,0,0,2070,0,0,0,0,0,0
232,2069,233.15159104033197,99991,137,75,4,1,1548,774,0.02322208998809893,75,39,48643,49287,1139,596,0,0,0,0,0,0,97892,0,0,6,0,0,0,0,0,0,0,2093,0,0,0,0,0,0
233,2069,234.15684507380485,99991,137,74,4,1,1566,784,0.023502115190367132,86,39,48617,49280,1154,604,0,0,0,0,0,0,97864,0,0,7,0,0,0,0,0,0,0,2120,0,0,0,0,0,0
234,2069,235.16255425521248,99991,142,81,4,1,1594,797,0.02391215209368843,78,39,48602,49268,1172,609,0,0,0,0,0,0,97835,0,0,7,0,0,0,0,0,0,0,2149,0,0,0,0,0,0
235,2069,236.16858436167735,99991,137,75,4,1,1615,803,0.024182176395875627,78,48,48586,49254,1193,620,0,0,0,0,0,0,97797,0,0,7,0,0,0,0,0,0,0,2187,0,0,0,0,0,0
236,2069,237.17494461904045,99989,146,70,4,3,1637,809,0.02446269089599856,76,52,48572,49246,1200,627,0,0,0,0,0,0,97773,0,0,7,0,0,0,0,0,0,0,2209,0,0,0,0,0,0
237,2069,238.1815492376988,99988,149,72,4,4,1655,827,0.024822978757450893,85,45,48547,49236,1213,641,0,0,0,0,0,0,97742,0,0,7,0,0,0,0,0,0,0,2239,0,0,0,0,0,0
238,2069,239.18853619246707,99988,150,72,4,4,1686,837,0.025233027963355602,78,50,48528,49227,1238,645,0,0,0,0,0,0,97703,0,0,8,0,0,0,0,0,0,0,2277,0,0,0,0,0,0
239,2069,240.1959562090244,99988,154,73,4,4,1712,847,0.025593071168540225,76,58,48508,49211,1256,652,0,0,0,0,0,0,97672,0,0,8,0,0,0,0,0,0,0,2308,0,0,0,0,0,0
240,2069,241.20369015512284,99987,149,76,4,5,1724,862,0.025863362237090824,93,55,48483,49199,1269,663,0,0,0,0,0,0,97643,0,0,8,0,0,0,0,0,0,0,2336,0,0,0,0,0,0
241,2069,242.21185776830583,99987,156,77,4,5,1749,879,0.026283416844189746,96,48,48464,49190,1278,678,0,0,0,0,0,0,97609,0,0,8,0,0,0,0,0,0,0,2370,0,0,0,0,0,0
242,2069,243.22033632846515,99987,159,78,4,5,1769,891,0.02660345844959845,99,54,48450,49174,1286,687,0,0,0,0,0,0,97581,0,0,8,0,0,0,0,0,0,0,2398,0,0,0,0,0,0
243,2069,244.22901756804956,99987,167,85,4,5,1798,911,0.027093522157880523,93,47,48431,49164,1303,697,0,0,0,0,0,0,97548,0,0,9,0,0,0,0,0,0,0,2430,0,0,0,0,0,0
244,2069,245.23806315577252,99987,168,85,4,5,1824,918,0.02742356506345825,97,51,48408,49158,1321,699,0,0,0,0,0,0,97516,0,0,9,0,0,0,0,0,0,0,2462,0,0,0,0,0,0
245,2069,246.24750594359926,99987,178,80,4,5,1851,928,0.027793613169712062,92,54,48390,49149,1334,710,0,0,0,0,0,0,97484,0,0,9,0,0,0,0,0,0,0,2494,0,0,0,0,0,0
246,2069,247.25727948560427,99987,165,81,4,5,1869,939,0.0280836508746137,112,59,48355,49138,1362,715,0,0,0,0,0,0,97445,0,0,11,0,0,0,0,0,0,0,2531,0,0,0,0,0,0
247,2069,248.26769325114546,99987,160,83,4,5,1893,954,0.028473701581205556,112,56,48336,49127,1386,727,0,0,0,0,0,0,97403,0,0,11,0,0,0,0,0,0,0,2573,0,0,0,0,0,0
248,2069,249.27855955194514,99987,168,82,4,5,1923,965,0.02888375488813546,109,61,48318,49114,1399,736,0,0,0,0,0,0,97370,0,0,12,0,0,0,0,0,0,0,2605,0,0,0,0,0,0
249,2069,250.2897811833504,99987,160,91,4,5,1942,982,0.029243801694220247,112,51,48306,49108,1416,743,0,0,0,0,0,0,97336,0,0,13,0,0,0,0,0,0,0,2638,0,0,0,0,0,0
250,2069,251.30129485726314,99987,174,94,4,5,1978,996,0.02974386670267135,104,46,48284,49100,1432,753,0,0,0,0,0,0,97303,0,0,13,0,0,0,0,0,0,0,2671,0,0,0,0,0,0
251,2069,252.31320315865472,99987,180,95,4,5,2004,1010,0.030143918709432227,104,45,48264,49087,1446,766,0,0,0,0,0,0,97270,0,0,13,0,0,0,0,0,0,0,2704,0,0,0,0,0,0
252,2069,253.32550473903387,99986,174,93,5,5,2025,1024,0.030494269197687676,125,44,48226,49077,1468,779,0,0,0,0,0,0,97229,0,0,15,0,0,0,0,0,0,0,2742,0,0,0,0,0,0
253,2069,254.00067596508975,99986,174,103,5,5,2041,1037,0.030784309803372472,129,40,48208,49069,1482,781,0,0,0,0,0,0,97210,0,0,15,0,0,0,0,0,0,0,2761,0,0,0,0,0,0
254,2069,255.01388591847638,99986,175,97,5,5,2076,1046,0.03122437141199768,120,42,48187,49063,1511,791,0,0,0,0,0,0,97163,0,0,17,0,0,0,0,0,0,0,2806,0,0,0,0,0,0
255,2069,256.02760748147483,99986,188,94,5,5,2102,1049,0.03151441201768247,122,56,48164,49050,1519,793,0,0,0,0,0,0,97145,0,0,18,0,0,0,0,0,0,0,2823,0,0,0,0,0,0
256,2069,257.0416555223916,99986,182,89,5,5,2126,1062,0.03188446382493549,122,64,48144,49034,1545,806,0,0,0,0,0,0,97098,0,0,19,0,0,0,0,0,0,0,2869,0,0,0,0,0,0
257,2069,258.05611503792954,99986,195,101,5,5,2168,1083,0.03251455203728522,100,56,48128,49024,1570,812,0,0,0,0,0,0,97060,0,0,19,0,0,0,0,0,0,0,2907,0,0,0,0,0,0
258,2069,259.0710238393478,99986,200,94,5,5,2191,1095,0.03286460104414618,121,63,48090,49010,1582,826,0,0,0,0,0,0,97023,0,0,19,0,0,0,0,0,0,0,2944,0,0,0,0,0,0
259,2069,260.08642923635017,99986,210,101,5,5,2227,1113,0.03340467665473166,118,61,48065,49003,1600,828,0,0,0,0,0,0,96987,0,0,20,0,0,0,0,0,0,0,2979,0,0,0,0,0,0
260,2069,261.10231730284494,99986,211,96,5,5,2263,1127,0.03390474666453303,115,61,48034,48994,1633,842,0,0,0,0,0,0,96933,0,0,20,0,0,0,0,0,0,0,3033,0,0,0,0,0,0
261,2069,262.1188355709467,99986,204,102,5,5,2290,1144,0.034344808273158244,123,56,48004,48985,1662,850,0,0,0,0,0,0,96889,0,0,21,0,0,0,0,0,0,0,3076,0,0,0,0,0,0
262,2069,263.13594586649094,99986,199,107,5,5,2319,1160,0.03479487128197948,125,56,47977,48971,1692,859,0,0,0,0,0,0,96845,0,0,22,0,0,0,0,0,0,0,3119,0,0,0,0,0,0
263,2069,264.15365762931344,99986,207,103,5,5,2358,1173,0.0353149440921729,122,59,47944,48959,1720,872,0,0,0,0,0,0,96797,0,0,22,0,0,0,0,0,0,0,3167,0,0,0,0,0,0
264,2069,265.17204555225237,99986,209,99,5,5,2389,1184,0.03573500290040606,134,59,47907,48950,1743,885,0,0,0,0,0,0,96756,0,0,25,0,0,0,0,0,0,0,3205,0,0,0,0,0,0
265,2069,266.19110814442865,99986,222,106,5,5,2427,1200,0.036275078510991536,133,62,47875,48932,1763,893,0,0,0,0,0,0,96722,0,0,25,0,0,0,0,0,0,0,3239,0,0,0,0,0,0
266,2069,267.2106624026475,99986,233,108,5,5,2461,1215,0.036765147120596885,136,60,47848,48922,1776,903,0,0,0,0,0,0,96688,0,0,27,0,0,0,0,0,0,0,3271,0,0,0,0,0,0
267,2069,268.2306354615039,99986,253,106,5,5,2507,1232,0.037395235332946614,119,67,47827,48900,1794,920,0,0,0,0,0,0,96644,0,0,28,0,0,0,0,0,0,0,3314,0,0,0,0,0,0
268,2069,269.2509696955774,99986,247,107,5,5,2537,1246,0.03783529694157182,123,76,47805,48880,1818,930,0,0,0,0,0,0,96595,0,0,28,0,0,0,0,0,0,0,3363,0,0,0,0,0,0
269,2069,270.2717940067984,99985,244,105,6,5,2569,1267,0.03836575486322948,129,77,47773,48861,1846,950,0,0,0,0,0,0,96539,0,0,30,0,0,0,0,0,0,0,3416,0,0,0,0,0,0
270,2069,271.2932350932874,99985,249,104,6,5,2603,1286,0.03889583437515627,134,77,47740,48844,1869,968,0,0,0,0,0,0,96491,0,0,31,0,0,0,0,0,0,0,3463,0,0,0,0,0,0
271,2069,272.31531167883975,99985,235,118,6,5,2631,1308,0.03939590938640796,139,73,47713,48829,1905,973,0,0,0,0,0,0,96444,0,0,34,0,0,0,0,0,0,0,3507,0,0,0,0,0,0
272,2069,273.33798357059754,99985,235,123,6,5,2667,1330,0.039975996399459916,134,70,47690,48812,1933,988,0,0,0,0,0,0,96392,0,0,35,0,0,0,0,0,0,0,3558,0,0,0,0,0,0
273,2069,274.0200348625957,99985,234,125,6,5,2692,1339,0.04031604740711107,133,73,47670,48802,1955,993,0,0,0,0,0,0,96360,0,0,36,0,0,0,0,0,0,0,3589,0,0,0,0,0,0
274,2069,275.0437403434243,99985,236,117,6,5,2723,1355,0.04078611791768765,136,79,47639,48784,1981,1013,0,0,0,0,0,0,96307,0,0,36,0,0,0,0,0,0,0,3642,0,0,0,0,0,0
275,2069,276.0680209941641,99983,233,120,8,5,2762,1378,0.041407039196663435,122,75,47621,48768,2014,1030,0,0,0,0,0,0,96245,0,0,36,0,0,0,0,0,0,0,3702,0,0,0,0,0,0
276,2069,277.0928241220279,99983,231,115,8,5,2794,1396,0.04190712421111589,128,79,47589,48749,2042,1050,0,0,0,0,0,0,96190,0,0,38,0,0,0,0,0,0,0,3755,0,0,0,0,0,0
277,2069,278.1182953837125,99982,220,125,9,5,2827,1421,0.04248764777659979,128,77,47565,48731,2076,1060,0,0,0,0,0,0,96132,0,0,39,0,0,0,0,0,0,0,3811,0,0,0,0,0,0
278,2069,279.14441697541076,99982,219,131,9,5,2862,1445,0.04307775399571923,137,74,47529,48713,2104,1075,0,0,0,0,0,0,96079,0,0,40,0,0,0,0,0,0,0,3863,0,0,0,0,0,0
279,2069,280.17123772915414,99982,220,125,9,5,2897,1459,0.04356784221159809,135,74,47500,48706,2134,1088,0,0,0,0,0,0,96026,0,0,41,0,0,0,0,0,0,0,3915,0,0,0,0,0,0
280,2069,281.19872781772824,99982,213,129,9,5,2930,1479,0.044097937628773176,134,72,47472,48697,2170,1095,0,0,0,0,0,0,95971,0,0,42,0,0,0,0,0,0,0,3969,0,0,0,0,0,0
281,2069,282.2267829992209,99982,196,133,9,5,2953,1498,0.04451801324238363,145,70,47448,48687,2200,1103,0,0,0,0,0,0,95916,0,0,42,0,0,0,0,0,0,0,4024,0,0,0,0,0,0
282,2069,283.25547305130243,99982,193,130,9,5,2989,1513,0.045028105058910604,138,72,47429,48678,2229,1113,0,0,0,0,0,0,95860,0,0,43,0,0,0,0,0,0,0,4079,0,0,0,0,0,0
283,2069,284.2847204373039,99982,191,138,9,5,3021,1536,0.04557820407673381,141,70,47401,48658,2256,1127,0,0,0,0,0,0,95811,0,0,43,0,0,0,0,0,0,0,4128,0,0,0,0,0,0
284,2069,285.31452299179057,99982,191,130,9,5,3054,1558,0.04612830309455702,140,65,47379,48644,2279,1154,0,0,0,0,0,0,95751,0,0,46,0,0,0,0,0,0,0,4185,0,0,0,0,0,0
285,2069,286.001359143253,99982,207,130,9,5,3080,1568,0.04648836790622312,129,65,47368,48635,2285,1163,0,0,0,0,0,0,95733,0,0,48,0,0,0,0,0,0,0,4201,0,0,0,0,0,0
286,2069,287.03190084118,99982,217,124,9,5,3118,1583,0.047018463323398214,118,71,47350,48620,2304,1178,0,0,0,0,0,0,95684,0,0,48,0,0,0,0,0,0,0,4250,0,0,0,0,0,0
287,2069,288.062804531765,99982,209,123,9,5,3149,1604,0.04753855694024924,119,63,47328,48616,2333,1191,0,0,0,0,0,0,95623,0,0,48,0,0,0,0,0,0,0,4311,0,0,0,0,0,0
288,2069,289.0942716361105,99981,218,121,10,5,3183,1618,0.04801912363349036,109,65,47311,48602,2350,1205,0,0,0,0,0,0,95583,0,0,49,0,0,0,0,0,0,0,4349,0,0,0,0,0,0
289,2069,290.1261849417064,99981,212,118,10,5,3210,1634,0.04844920534901631,115,72,47289,48584,2372,1219,0,0,0,0,0,0,95532,0,0,50,0,0,0,0,0,0,0,4399,0,0,0,0,0,0
290,2069,291.15857929448276,99981,211,118,10,5,3243,1650,0.04893929846670868,113,66,47264,48580,2400,1229,0,0,0,0,0,0,95483,0,0,51,0,0,0,0,0,0,0,4447,0,0,0,0,0,0
291,2069,292.1915160866512,99980,213,117,10,6,3275,1667,0.04942988597719544,108,69,47243,48565,2424,1241,0,0,0,0,0,0,95435,0,0,51,0,0,0,0,0,0,0,4494,0,0,0,0,0,0
292,2069,293.2249944484011,99980,215,120,10,6,3304,1688,0.04992998599719944,120,60,47213,48557,2440,1255,0,0,0,0,0,0,95390,0,0,51,0,0,0,0,0,0,0,4539,0,0,0,0,0,0
293,2069,294.2589753852919,99980,218,121,10,6,3345,1701,0.050470094018803764,113,64,47186,48544,2471,1263,0,0,0,0,0,0,95343,0,0,54,0,0,0,0,0,0,0,4583,0,0,0,0,0,0
294,2069,295.2935241671943,99980,203,121,10,6,3367,1715,0.05083016603320664,121,65,47162,48531,2502,1275,0,0,0,0,0,0,95294,0,0,56,0,0,0,0,0,0,0,4630,0,0,0,0,0,0
295,2069,296.3286657069984,99980,223,130,10,6,3403,1743,0.05147029405881176,115,52,47141,48518,2509,1292,0,0,0,0,0,0,95261,0,0,58,0,0,0,0,0,0,0,4661,0,0,0,0,0,0
296,2069,297.01896960366986,99980,233,124,10,6,3432,1752,0.0518503700740148,111,50,47120,48514,2524,1304,0,0,0,0,0,0,95227,0,0,58,0,0,0,0,0,0,0,4695,0,0,0,0,0,0
297,2069,298.05485398611785,99979,220,117,10,7,3460,1761,0.052220966402944616,114,65,47099,48495,2555,1314,0,0,0,0,0,0,95171,0,0,59,0,0,0,0,0,0,0,4749,0,0,0,0,0,0
298,2069,299.0913033118024,99979,224,116,10,7,3492,1776,0.052691065123675974,121,68,47065,48479,2578,1328,0,0,0,0,0,0,95130,0,0,62,0,0,0,0,0,0,0,4787,0,0,0,0,0,0
299,2069,300.12838541044744,99978,222,108,11,7,3525,1796,0.05322170877593071,126,70,47036,48460,2603,1353,0,0,0,0,0,0,95068,0,0,63,0,0,0,0,0,0,0,4847,0,0,0,0,0,0
300,2069,301.16611617219564,99978,216,108,11,7,3551,1811,0.05363179899577907,138,75,47008,48444,2625,1364,0,0,0,0,0,0,95023,0,0,65,0,0,0,0,0,0,0,4890,0,0,0,0,0,0
301,2069,302.20433805057684,99978,226,116,11,7,3588,1835,0.05424193322530957,133,73,46985,48424,2643,1378,0,0,0,0,0,0,94981,0,0,66,0,0,0,0,0,0,0,4931,0,0,0,0,0,0
302,2069,303.24303749228676,99978,228,116,11,7,3624,1850,0.054752045449999,141,79,46949,48407,2669,1389,0,0,0,0,0,0,94933,0,0,67,0,0,0,0,0,0,0,4978,0,0,0,0,0,0
303,2069,304.2823751939507,99978,229,110,11,7,3660,1865,0.05526215767468843,137,78,46928,48402,2693,1401,0,0,0,0,0,0,94879,0,0,69,0,0,0,0,0,0,0,5030,0,0,0,0,0,0
304,2069,305.32228416855907,99978,216,113,11,7,3691,1885,0.05577226989937786,141,81,46906,48386,2724,1411,0,0,0,0,0,0,94822,0,0,73,0,0,0,0,0,0,0,5083,0,0,0,0,0,0
305,2069,306.0159271407077,99978,218,119,11,7,3713,1901,0.05615235351777391,137,80,46896,48378,2736,1414,0,0,0,0,0,0,94792,0,0,73,0,0,0,0,0,0,0,5113,0,0,0,0,0,0
306,2069,307.05659210240583,99978,233,117,11,7,3757,1916,0.05674248334633619,128,83,46870,48365,2756,1426,0,0,0,0,0,0,94747,0,0,74,0,0,0,0,0,0,0,5157,0,0,0,0,0,0
307,2069,308.0977875636882,99978,214,118,11,7,3784,1933,0.05718258016763688,154,77,46826,48359,2793,1437,0,0,0,0,0,0,94685,0,0,74,0,0,0,0,0,0,0,5219,0,0,0,0,0,0
308,2069,309.13985947102407,99978,217,123,11,7,3818,1959,0.05778271219668327,150,73,46815,48345,2805,1450,0,0,0,0,0,0,94635,0,0,76,0,0,0,0,0,0,0,5267,0,0,0,0,0,0
309,2069,310.1822261178692,99978,223,120,11,7,3861,1978,0.058402848626697874,149,75,46780,48327,2835,1469,0,0,0,0,0,0,94579,0,0,79,0,0,0,0,0,0,0,5320,0,0,0,0,0,0
310,2069,311.22522755329976,99978,245,125,11,7,3903,1998,0.059022985056712475,148,76,46755,48309,2839,1481,0,0,0,0,0,0,94545,0,0,80,0,0,0,0,0,0,0,5353,0,0,0,0,0,0
311,2069,312.2686609363781,99978,257,129,11,7,3947,2020,0.059683130288663504,141,75,46727,48293,2862,1494,0,0,0,0,0,0,94498,0,0,83,0,0,0,0,0,0,0,5397,0,0,0,0,0,0
312,2069,313.3125699302725,99977,248,136,11,8,3975,2044,0.0602038468847835,149,62,46700,48287,2890,1505,0,0,0,0,0,0,94444,0,0,83,0,0,0,0,0,0,0,5450,0,0,0,0,0,0
313,2069,314.00885738753436,99977,252,127,11,8,3996,2053,0.06050391590065715,155,68,46686,48273,2894,1522,0,0,0,0,0,0,94410,0,0,84,0,0,0,0,0,0,0,5483,0,0,0,0,0,0
314,2069,315.0536719148612,99974,240,118,13,9,4031,2069,0.061015864124672414,161,66,46650,48263,2934,1542,0,0,0,0,0,0,94339,0,0,85,0,0,0,0,0,0,0,5550,0,0,0,0,0,0
315,2069,316.09928523550275,99974,259,112,13,9,4084,2088,0.061736051373357075,145,71,46621,48244,2960,1562,0,0,0,0,0,0,94282,0,0,87,0,0,0,0,0,0,0,5605,0,0,0,0,0,0
316,2069,317.14554724764633,99974,252,112,13,9,4115,2108,0.062246184007842036,148,74,46599,48231,2986,1572,0,0,0,0,0,0,94225,0,0,88,0,0,0,0,0,0,0,5661,0,0,0,0,0,0
317,2069,318.19235204891874,99974,250,116,13,9,4151,2131,0.06283633744773641,151,66,46569,48219,3015,1588,0,0,0,0,0,0,94171,0,0,91,0,0,0,0,0,0,0,5712,0,0,0,0,0,0
318,2069,319.23985595039653,99973,258,112,13,10,4191,2145,0.06337711182019146,160,71,46534,48204,3033,1601,0,0,0,0,0,0,94122,0,0,92,0,0,0,0,0,0,0,5759,0,0,0,0,0,0
319,2069,320.2879267951611,99973,265,116,13,10,4231,2164,0.06396727116321407,157,72,46510,48192,3052,1607,1,1,1,1,0,0,94073,0,0,93,0,0,0,0,0,0,2,5805,0,0,0,0,0,0
320,2069,321.3365089679521,99972,269,111,14,10,4267,2176,0.06444804545272677,163,78,46483,48178,3067,1619,2,2,2,2,0,0,94022,0,0,93,0,0,0,0,0,0,4,5853,0,0,0,0,0,0
321,2069,322.1587943715241,99972,273,115,14,10,4304,2195,0.06500820229664306,153,76,46466,48166,3089,1628,3,3,3,3,0,0,93974,0,0,95,0,0,0,0,0,0,6,5897,0,0,0,0,0,0
322,2069,323.0851192631157,99972,265,118,14,10,4322,2207,0.06530828632016965,164,79,46445,48154,3106,1633,4,4,4,4,0,0,93938,0,0,96,0,0,0,0,0,0,8,5930,0,0,0,0,0,0
323,2069,324.14088385802086,99972,269,129,14,10,4372,2236,0.06609850758212299,167,76,46408,48136,3134,1641,6,6,6,6,0,0,93875,0,0,100,0,0,0,0,0,0,11,5985,1,0,0,0,0,0
324,2069,325.1380925041139,99971,272,124,14,11,4414,2257,0.06672935151193846,168,81,46371,48111,3165,1663,8,8,8,8,0,0,93808,0,0,102,0,0,0,0,0,0,15,6045,1,0,0,0,0,0
325,2069,326.0122276347788,99971,275,131,14,11,4450,2276,0.06727951105820688,182,75,46335,48104,3182,1666,10,11,11,10,0,0,93761,0,0,105,0,0,0,0,0,0,20,6084,1,0,0,0,0,0
326,2069,327.00717173320425,99971,268,139,14,11,4492,2294,0.06787968510868152,188,79,46295,48090,3220,1665,13,14,14,13,0,0,93699,0,0,108,0,0,0,0,0,0,26,6137,1,0,0,0,0,0
327,2069,328.0658513631553,99971,275,135,14,11,4540,2318,0.06859989396925108,184,76,46259,48069,3250,1689,16,18,18,16,0,0,93627,0,0,110,0,0,0,0,0,0,31,6200,3,0,0,0,0,0
328,2069,329.0123130340078,99971,291,138,14,11,4586,2339,0.06927008832561443,173,74,46231,48052,3269,1700,20,23,23,20,0,0,93573,0,0,113,0,0,0,0,0,0,40,6242,3,0,0,0,0,0
329,2069,330.1309958147615,99971,309,130,14,11,4637,2359,0.06998029428534275,173,75,46188,48032,3291,1722,23,28,29,24,0,0,93503,0,0,114,0,0,0,0,0,0,50,6301,3,0,0,0,0,0
330,2069,331.2171088040262,99971,313,130,14,11,4705,2383,0.0709005611627372,159,72,46148,48013,3336,1737,28,35,36,29,0,0,93407,0,0,118,0,0,0,0,0,0,62,6381,3,0,0,0,0,0
331,2069,332.27319497455227,99971,301,134,14,11,4736,2402,0.0714007062047994,185,76,46099,47991,3365,1744,34,42,44,35,0,0,93340,0,0,121,0,0,0,0,0,0,74,6431,5,0,0,0,0,0
332,2069,333.3301736644366,99971,309,145,14,11,4784,2427,0.0721309179662102,180,78,46059,47958,3396,1755,40,51,53,41,0,0,93274,0,0,123,0,0,0,0,0,0,88,6480,6,0,0,0,0,0
333,2069,334.035280092584,99970,301,142,15,11,4809,2439,0.07250175052515755,187,76,46035,47945,3413,1763,47,61,63,48,0,0,93214,0,0,126,0,0,0,0,0,0,103,6519,8,0,0,0,0,0
334,2069,335.09373177091237,99969,293,141,16,11,4857,2455,0.073142674229011,180,86,46003,47917,3451,1773,55,70,74,56,0,0,93128,0,0,130,0,0,0,0,0,0,120,6581,10,0,0,0,0,0
335,2069,336.15300013098306,99969,282,142,16,11,4898,2477,0.07377286958957277,184,86,45969,47891,3484,1786,63,82,86,64,0,0,93043,0,0,134,0,0,0,0,0,0,136,6642,14,0,0,0,0,0
336,2069,337.21316423611137,99968,279,149,17,11,4937,2498,0.07437379961587708,193,86,45927,47865,3510,1791,72,96,100,73,0,0,92967,0,0,136,0,0,0,0,0,0,158,6692,15,0,0,0,0,0
337,2069,338.27414051540393,99967,286,155,17,12,4986,2525,0.07513479448217912,190,80,45885,47838,3538,1803,82,110,115,83,0,0,92884,0,0,139,0,0,0,0,0,0,181,6746,17,0,0,0,0,0
338,2069,339.33598300331795,99967,289,143,17,12,5027,2542,0.07571498594536197,189,83,45859,47803,3552,1830,92,127,132,94,0,0,92795,0,0,140,1,0,0,0,0,0,206,6805,20,0,0,0,0,0
339,2069,340.0442673828633,99967,290,145,17,12,5056,2560,0.07618514109656187,188,77,45829,47781,3570,1838,104,145,150,106,0,0,92724,0,0,142,1,0,0,0,0,0,235,6844,21,0,0,0,0,0
340,2069,341.1074564842212,99967,302,142,17,12,5109,2583,0.07694539197935318,172,77,45796,47741,3595,1861,116,165,170,118,0,0,92630,0,0,144,1,0,0,0,0,0,264,6904,24,0,0,0,0,0
341,2069,342.171567710907,99967,289,135,17,12,5165,2603,0.07770564286214451,165,87,45746,47695,3652,1884,129,185,191,131,0,0,92511,0,0,152,1,0,0,0,0,0,295,6981,27,0,0,0,0,0
342,2069,343.23699724024084,99967,281,126,17,12,5205,2624,0.07831584422859543,179,90,45694,47655,3684,1908,143,207,214,145,0,0,92405,0,0,159,1,0,0,0,0,0,330,7043,29,0,0,0,0,0
343,2069,344.3036176321435,99967,299,132,17,12,5262,2645,0.07909610171356547,171,94,45647,47615,3706,1915,158,230,239,160,0,0,92318,0,0,162,1,0,0,0,0,0,366,7087,33,0,0,0,0,0
344,2069,345.0152256253021,99967,305,129,17,12,5296,2656,0.07954625026258666,171,111,45608,47567,3723,1923,174,256,266,176,0,0,92236,0,0,162,1,0,0,0,0,0,406,7126,36,0,0,0,0,0
345,2069,346.08357552887634,99967,321,135,17,12,5353,2685,0.08040653415627157,158,100,45564,47527,3747,1940,191,284,295,193,0,0,92133,0,0,164,1,0,0,0,0,0,447,7181,41,0,0,0,0,0
346,2069,347.1528735589446,99967,310,138,17,12,5397,2713,0.08112677183470546,157,102,45514,47473,3791,1958,209,315,326,211,0,0,92006,0,0,165,1,0,0,0,0,0,495,7258,42,0,0,0,0,0
347,2069,348.2234215988038,99967,307,135,17,12,5447,2732,0.08181699960987125,154,107,45462,47421,3831,1977,227,346,359,230,0,0,91884,0,0,168,1,0,0,0,0,0,545,7325,44,0,0,0,0,0
348,2069,349.29525597087394,99967,310,138,17,12,5485,2761,0.08248722078285835,154,105,45422,47366,3849,1998,246,379,394,250,0,0,91776,0,0,172,1,0,0,0,0,0,596,7374,48,0,0,0,0,0
349,2069,350.0103154571679,99967,318,143,17,12,5520,2783,0.08305740894495184,153,105,45382,47315,3861,2008,267,415,431,271,0,0,91679,0,0,173,1,0,0,0,0,0,650,7412,52,0,0,0,0,0
350,2069,351.0839990095647,99967,303,135,17,12,5563,2816,0.08381765982774315,158,96,45333,47265,3898,2038,289,452,470,293,0,0,91526,0,0,176,1,0,0,0,0,0,707,7501,56,0,0,0,0,0
351,2069,352.15903889723415,99967,292,142,17,12,5612,2840,0.0845479008072664,168,94,45265,47221,3945,2041,311,488,511,316,0,0,91392,0,0,180,1,0,0,0,0,0,768,7567,59,0,0,0,0,0
352,2069,353.2355223529518,99967,285,140,17,12,5653,2862,0.08517810877589604,172,94,45221,47169,3969,2056,334,527,554,340,0,0,91261,0,0,184,2,0,0,0,0,0,832,7627,61,0,0,0,0,0
353,2069,354.3131832359073,99967,296,144,17,12,5702,2886,0.08590834975541929,171,91,45165,47120,3990,2061,359,570,599,365,0,0,91145,0,0,187,2,0,0,0,0,0,893,7670,70,0,0,0,0,0
354,2069,355.03225676816544,99967,293,141,17,12,5729,2897,0.08628847519681494,169,96,45121,47066,4013,2065,385,618,647,391,0,0,91036,0,0,189,2,0,0,0,0,0,960,7703,77,0,0,0,0,0
355,2069,356.1122235624468,99966,298,147,18,12,5777,2929,0.08708961046755898,157,92,45071,46997,4043,2083,411,667,697,418,0,0,90898,0,0,194,2,0,0,0,0,0,1034,7758,80,0,0,0,0,0
356,2069,357.19344916706444,99966,293,151,18,12,5821,2957,0.08780985535081928,170,92,45010,46929,4069,2094,438,720,750,446,0,0,90751,0,0,197,3,0,0,0,0,0,1112,7821,82,0,0,0,0,0
357,2069,358.2759713115501,99965,295,164,19,12,5866,2988,0.08857099984994748,179,84,44948,46869,4092,2097,465,772,805,475,0,0,90616,0,0,201,3,0,0,0,0,0,1190,7867,88,0,0,0,0,0
358,2069,359.35983620917284,99965,309,155,19,12,5919,3011,0.08933126594308008,177,88,44891,46796,4107,2122,495,825,863,505,0,0,90465,0,0,204,3,0,0,0,0,0,1273,7927,93,0,0,0,0,0
359,2069,360.08313891730944,99965,307,152,19,12,5952,3028,0.08983144100435152,178,86,44837,46734,4131,2131,526,883,923,536,0,0,90331,0,0,206,3,0,0,0,0,0,1354,7968,103,0,0,0,0,0
360,2069,361.1696190174425,99965,297,150,19,12,5994,3056,0.09053168609013154,192,81,44770,46662,4164,2149,556,944,986,568,0,0,90166,0,0,211,4,0,0,0,0,0,1443,8033,108,0,0,0,0,0
361,2069,362.2576571906524,99964,300,139,20,12,6038,3072,0.09113280781081189,188,83,44715,46596,4188,2164,587,1004,1051,602,0,0,90012,0,0,214,4,0,0,0,0,0,1532,8084,118,0,0,0,0,0
362,2069,363.34715191357475,99963,329,135,20,13,6108,3094,0.09205406000220082,169,85,44651,46519,4212,2181,617,1065,1119,637,0,0,89852,0,0,216,4,0,0,0,0,0,1627,8138,126,0,0,0,0,0
363,2069,364.07426184716445,99963,322,121,20,13,6137,3101,0.09241419325150306,175,92,44602,46437,4232,2200,647,1135,1189,673,0,0,89696,0,0,218,4,0,0,0,0,0,1728,8186,131,0,0,0,0,0
364,2069,365.16651865517946,99963,316,140,20,13,6181,3136,0.09320448565969408,167,84,44547,46355,4268,2203,680,1203,1262,710,0,0,89533,0,0,224,5,0,0,0,0,0,1832,8233,136,0,0,0,0,0
365,2069,366.26010703581755,99963,313,138,20,13,6230,3155,0.09388473735282055,162,92,44493,46272,4298,2208,712,1275,1338,748,0,0,89356,0,0,226,5,0,0,0,0,0,1938,8294,144,0,0,0,0,0
366,2069,367.35508174218523,99963,307,148,20,13,6267,3183,0.09453497794183847,166,94,44431,46182,4325,2213,749,1348,1417,787,0,0,89188,0,0,228,5,0,0,0,0,0,2047,8342,153,0,0,0,0,0
367,2069,368.0858740847269,99963,316,146,20,13,6301,3202,0.09506517411442234,159,88,44388,46101,4330,2224,785,1426,1498,828,0,0,89035,0,0,229,6,0,0,0,0,0,2156,8372,165,0,0,0,0,0
368,2069,369.1834550897732,99963,311,153,20,13,6341,3235,0.09579544431439632,179,80,44317,46007,4345,2242,826,1503,1582,870,0,0,88848,0,0,231,6,0,0,0,0,0,2274,8431,173,0,0,0,0,0
369,2069,370.2825864853947,99963,307,153,20,13,6396,3254,0.09653571821573982,168,81,44256,45915,4379,2251,868,1585,1669,913,0,0,88654,0,0,236,6,0,0,0,0,0,2395,8490,182,0,0,0,0,0
370,2069,371.01620999003154,99963,303,160,20,13,6428,3272,0.09703590328421516,164,80,44210,45820,4394,2252,907,1673,1759,957,0,0,88487,0,0,238,6,0,0,0,0,0,2517,8521,194,0,0,0,0,0
371,2069,372.1182902911851,99963,296,146,20,13,6469,3287,0.09759611056090754,165,89,44144,45723,4424,2266,949,1761,1851,1002,0,0,88285,0,0,239,6,0,0,0,0,0,2643,8585,205,0,0,0,0,0
372,2069,373.2221011270515,99963,302,141,20,13,6522,3305,0.09830637335814252,153,88,44080,45635,4450,2274,993,1847,1946,1049,0,0,88092,0,0,241,7,0,0,0,0,0,2769,8634,220,0,0,0,0,0
373,2069,374.3275322481708,99963,296,141,20,13,6571,3324,0.09898662505126897,144,88,44026,45532,4476,2283,1036,1941,2044,1097,0,0,87890,0,0,247,7,0,0,0,0,0,2903,8684,232,0,0,0,0,0
374,2069,375.0653846840243,99963,306,142,20,13,6601,3338,0.09942678791152726,144,90,43969,45420,4476,2293,1083,2040,2145,1146,0,0,87716,0,0,247,7,0,0,0,0,0,3044,8708,241,0,0,0,0,0
375,2069,376.1737839536984,99963,298,136,20,13,6639,3361,0.10003701369506718,168,89,43878,45322,4506,2302,1128,2136,2249,1196,0,0,87507,0,0,252,8,0,0,0,0,0,3185,8757,254,0,0,0,0,0
376,2069,377.28417173570955,99963,301,144,20,13,6680,3390,0.10073727279093264,181,86,43803,45212,4518,2312,1175,2231,2356,1248,0,0,87305,0,0,253,9,0,0,0,0,0,3330,8799,267,0,0,0,0,0
377,2069,378.02534088721893,99962,300,141,21,13,6721,3406,0.101308497228947,173,100,43738,45088,4545,2320,1221,2336,2466,1301,0,0,87094,0,0,258,9,0,0,0,0,0,3485,8841,275,0,0,0,0,0
378,2069,379.13907310869894,99961,302,154,22,13,6762,3442,0.10207981112633928,176,91,43663,44974,4569,2325,1266,2441,2579,1355,0,0,86884,0,0,260,10,0,0,0,0,0,3637,8881,289,0,0,0,0,0
379,2069,380.2547242629567,99961,298,162,22,13,6817,3473,0.10294014665719631,166,81,43579,44862,4614,2334,1319,2546,2694,1410,0,0,86649,0,0,262,11,0,0,0,0,0,3793,8944,302,0,0,0,0,0
380,2069,381.37266305692486,99961,296,164,22,13,6862,3492,0.10358039635457829,180,81,43496,44756,4634,2333,1370,2651,2812,1467,0,0,86425,0,0,263,11,0,0,0,0,0,3954,8992,316,0,0,0,0,0
381,2069,382.1190931319462,99961,295,164,22,13,6901,3509,0.10414061483978752,192,84,43414,44637,4652,2336,1423,2764,2933,1525,0,0,86211,0,0,264,13,0,0,0,0,0,4115,9025,333,0,0,0,0,0
382,2069,383.2409747240977,99961,311,154,22,13,6959,3531,0.104940926961515,181,84,43337,44510,4673,2358,1474,2879,3057,1584,0,0,85980,0,0,270,13,0,0,0,0,0,4278,9067,353,0,0,0,0,0
383,2069,384.3648692887516,99960,316,151,22,14,7011,3557,0.10572228891556623,186,81,43247,44393,4699,2365,1528,2994,3184,1644,0,0,85738,0,0,272,13,0,0,0,0,0,4446,9119,372,0,0,0,0,0
384,2069,385.11535272785363,99960,316,148,22,14,7042,3572,0.10618247298919568,187,85,43177,44261,4710,2376,1586,3114,3314,1705,0,0,85508,0,0,273,14,0,0,0,0,0,4629,9157,379,0,0,0,0,0
385,2069,386.2433295909588,99960,318,155,22,14,7094,3599,0.10697278911564626,184,87,43101,44120,4735,2384,1638,3238,3447,1768,0,0,85266,0,0,277,14,0,0,0,0,0,4805,9199,399,0,0,0,0,0
386,2069,387.3732354969187,99959,321,139,23,14,7143,3613,0.10760411768825218,182,93,43027,43994,4749,2396,1696,3362,3582,1832,0,0,85018,0,0,279,15,0,0,0,0,0,4980,9245,422,0,0,0,0,0
387,2069,388.12762370087034,99959,306,141,23,14,7173,3632,0.10809431867065497,180,87,42961,43864,4772,2403,1756,3489,3720,1897,0,0,84776,0,0,281,16,0,0,0,0,0,5163,9282,441,0,0,0,0,0
388,2069,389.2615062146567,99959,295,137,23,14,7221,3650,0.10875458938164648,180,93,42883,43733,4803,2403,1814,3618,3861,1963,0,0,84513,0,0,284,16,0,0,0,0,0,5348,9335,463,0,0,0,0,0
389,2069,390.01863490198474,99958,300,139,24,14,7257,3669,0.10930590848156226,185,94,42799,43590,4811,2408,1879,3753,4005,2031,0,0,84281,0,0,287,17,0,0,0,0,0,5536,9351,486,0,0,0,0,0
390,2069,391.15676866256473,99958,321,126,24,14,7320,3687,0.1101162488245063,171,98,42722,43451,4822,2417,1938,3892,4152,2100,0,0,84026,0,0,291,18,0,0,0,0,0,5723,9386,514,0,0,0,0,0
391,2069,392.2969614561838,99958,321,130,24,14,7372,3714,0.11090658076392085,164,95,42640,43312,4843,2421,2006,4026,4301,2170,0,0,83762,0,0,297,19,0,0,0,0,0,5919,9425,536,0,0,0,0,0
392,2069,393.05829785751985,99958,315,132,24,14,7401,3729,0.11134676564156946,177,88,42555,43177,4855,2422,2072,4165,4453,2241,0,0,83513,0,0,299,20,0,0,0,0,0,6123,9449,554,0,0,0,0,0
393,2069,394.2028242481962,99958,312,151,24,14,7456,3770,0.11230716901098461,167,72,42472,43038,4890,2426,2133,4297,4608,2314,0,0,83232,0,0,304,22,0,0,0,0,0,6331,9497,572,0,0,0,0,0
394,2069,395.34971405130364,99958,306,143,24,14,7504,3783,0.11291742531863383,161,78,42390,42892,4920,2428,2197,4443,4765,2388,0,0,82959,0,0,305,23,0,0,0,0,0,6531,9538,602,0,0,0,0,0
395,2069,396.1156355922453,99958,306,145,24,14,7534,3804,0.11342763960863562,160,70,42319,42745,4923,2433,2266,4591,4925,2463,0,0,82702,0,0,306,24,0,0,0,0,0,6741,9559,626,0,0,0,0,0
396,2069,397.2670225426486,99958,282,136,24,14,7572,3825,0.11401788751275535,175,70,42230,42605,4952,2444,2335,4729,5087,2539,0,0,82409,0,0,311,28,0,0,0,0,0,6951,9609,650,0,0,0,0,0
397,2069,398.0360107043873,99958,282,135,24,14,7611,3839,0.11454811020628664,174,72,42142,42451,4974,2439,2402,4887,5252,2616,0,0,82139,0,0,313,29,0,0,0,0,0,7170,9635,672,0,0,0,0,0
398,2069,399.19232831397846,99958,269,135,24,14,7654,3863,0.1152183917245243,177,74,42062,42305,5002,2434,2464,5036,5420,2694,0,0,81851,0,0,319,30,0,0,0,0,0,7385,9671,702,0,0,0,0,0
399,2069,400.3510772370619,99957,254,134,25,14,7692,3881,0.1157797853076823,187,78,41977,42164,5018,2431,2537,5177,5590,2774,0,0,81560,0,0,323,31,0,0,0,0,0,7609,9707,727,0,0,0,0,0
400,2069,401.1248958895493,99957,266,129,25,14,7731,3895,0.11631001330572147,166,79,41913,42004,5022,2434,2606,5338,5762,2855,0,0,81294,0,0,323,31,0,0,0,0,0,7829,9720,760,0,0,0,0,0
401,2069,402.2878880600715,99957,274,123,25,14,7781,3909,0.11695028862410836,150,82,41841,41842,5031,2434,2677,5503,5937,2937,0,0,81009,0,0,325,32,0,0,0,0,0,8055,9746,790,0,0,0,0,0
402,2069,403.0643936878539,99957,266,119,25,14,7806,3924,0.11735046069810018,143,84,41765,41685,5044,2438,2755,5658,6114,3020,0,0,80723,0,0,328,34,0,0,0,0,0,8295,9768,809,0,0,0,0,0
403,2069,404.23179571883225,99956,254,125,26,14,7841,3951,0.11797190763936131,154,69,41675,41544,5061,2439,2828,5807,6293,3104,0,0,80424,0,0,331,35,0,0,0,0,0,8530,9800,836,0,0,0,0,0
404,2069,405.0115317648389,99956,260,121,26,14,7881,3962,0.11848213213814078,132,63,41606,41391,5072,2441,2902,5968,6475,3189,0,0,80136,0,0,330,39,0,0,0,0,0,8772,9822,857,0,0,0,0,0
405,2069,406.18358336555656,99956,249,127,26,14,7922,3985,0.11912241386209932,133,65,41529,41227,5087,2433,2974,6132,6659,3276,0,0,79829,0,0,332,39,0,0,0,0,0,9012,9856,888,0,0,0,0,0
406,2069,407.3579097509088,99956,247,129,26,14,7963,4011,0.11979270879186842,139,64,41439,41061,5098,2437,3049,6293,6845,3364,0,0,79532,0,0,342,39,0,0,0,0,0,9252,9869,922,0,0,0,0,0
407,2069,408.1422365757815,99956,243,130,26,14,7983,4027,0.1201528672615951,150,65,41359,40881,5093,2445,3127,6463,7033,3453,0,0,79238,0,0,344,39,0,0,0,0,0,9509,9884,942,0,0,0,0,0
408,2069,409.3211883914324,99956,234,125,26,14,8028,4046,0.12079314898555364,137,67,41284,40714,5119,2450,3198,6628,7223,3543,0,0,78913,0,0,349,41,0,0,0,0,0,9763,9924,966,0,0,0,0,0
409,2069,410.1085843631191,99956,233,129,26,14,8052,4062,0.12119332506302773,139,65,41205,40547,5117,2446,3278,6797,7415,3634,0,0,78619,0,0,350,42,0,0,0,0,0,10022,9934,989,0,0,0,0,0
410,2069,411.29245215740974,99954,215,133,28,14,8087,4081,0.1217359985593373,149,71,41125,40375,5131,2438,3350,6967,7609,3726,0,0,78309,0,0,355,43,0,0,0,0,0,10270,9951,1026,0,0,0,0,0
411,2069,412.08292582905244,99954,216,128,28,14,8104,4090,0.12199611821437861,152,78,41061,40209,5113,2434,3428,7135,7805,3819,0,0,78025,0,0,355,43,0,0,0,0,0,10524,9946,1061,0,0,0,0,0
412,2069,413.2709758174293,99954,223,133,28,14,8147,4113,0.12265642195409888,160,78,40961,40049,5114,2432,3512,7292,8003,3913,0,0,77709,0,0,359,43,0,0,0,0,0,10790,9966,1087,0,0,0,0,0
413,2069,414.06438916389146,99954,227,134,28,14,8174,4132,0.12311663365147968,158,76,40874,39870,5111,2434,3600,7470,8203,4008,0,0,77409,0,0,361,44,0,0,0,0,0,11052,9969,1119,0,0,0,0,0
414,2069,415.2574561804223,99954,229,137,28,14,8217,4154,0.12376693278908298,149,74,40787,39703,5125,2432,3680,7638,8405,4104,0,0,77084,0,0,365,45,0,0,0,0,0,11322,9992,1146,0,0,0,0,0
415,2069,416.0542442260281,99954,234,132,28,14,8254,4168,0.12427716749704865,133,83,40698,39523,5140,2423,3765,7823,8608,4201,0,0,76770,0,0,368,45,0,0,0,0,0,11588,10003,1180,0,0,0,0,0
416,2069,417.25256132754976,99954,241,142,28,14,8304,4195,0.12504752186005563,124,73,40602,39362,5155,2415,3848,7992,8813,4299,0,0,76441,0,0,367,47,0,0,0,0,0,11858,10030,1211,0,0,0,0,0
417,2069,418.0530219238462,99954,230,143,28,14,8325,4212,0.12542769674050064,129,68,40520,39194,5153,2410,3938,8169,9020,4398,0,0,76145,0,0,369,49,0,0,0,0,0,12110,10018,1263,0,0,0,0,0
418,2069,419.2568406318093,99954,227,134,28,14,8358,4225,0.12588790843788142,128,76,40439,39022,5155,2405,4021,8347,9228,4498,0,0,75827,0,0,374,50,0,0,0,0,0,12376,10023,1304,0,0,0,0,0
419,2069,420.06075114871004,99954,225,133,28,14,8382,4241,0.12628809252256037,159,105,40327,38819,5149,2402,4110,8525,9438,4599,0,0,75519,7,2,376,53,0,0,0,0,0,12647,10010,1340,0,0,0,0,0
420,2069,421.1597658504395,99953,227,139,29,14,8420,4266,0.1269196522365512,187,113,40218,38630,5146,2401,4191,8701,9649,4701,0,0,75188,53,6,380,53,0,0,0,0,0,12927,9977,1369,0,0,0,0,0
421,2069,422.2613180950926,99952,241,147,30,14,8473,4294,0.12773131102929405,178,124,40128,38422,5140,2405,4281,8886,9862,4804,0,0,74859,94,14,387,55,0,0,0,0,0,13206,9941,1396,0,0,0,0,0
422,2069,423.36519917267026,99951,276,165,30,15,8536,4331,0.12873307920881233,178,125,40004,38229,5135,2392,4375,9072,10076,4908,0,0,74541,135,15,388,58,0,0,0,0,0,13481,9898,1435,0,0,0,0,0
423,2069,424.10270723141133,99950,281,167,31,15,8566,4351,0.12923461730865432,204,135,39879,38030,5137,2395,4466,9256,10291,5013,0,0,74215,169,19,391,59,0,0,0,0,0,13768,9866,1463,0,0,0,0,0
424,2069,425.2123770972019,99949,291,182,32,15,8613,4394,0.13013636954846972,231,132,39750,37829,5146,2409,4548,9431,10507,5119,0,0,73870,221,23,398,60,0,0,0,0,0,14056,9829,1492,0,0,0,0,0
425,2069,426.3250609310799,99948,293,203,32,16,8664,4442,0.13112818665706166,261,132,39637,37628,5141,2410,4634,9609,10724,5226,0,0,73520,289,26,399,63,0,0,0,0,0,14334,9786,1531,0,0,0,0,0
426,2069,427.0683871137621,99947,321,199,32,17,8713,4466,0.1318598857394419,274,138,39526,37437,5120,2416,4725,9791,10942,5334,0,0,73195,330,31,401,63,0,0,0,0,0,14612,9741,1574,0,0,0,0,0
427,2069,428.18663795163377,99946,338,215,33,17,8793,4510,0.13310187501250675,283,131,39391,37234,5148,2430,4805,9971,11161,5442,0,0,72818,407,39,406,63,0,0,0,0,0,14903,9708,1602,0,0,0,0,0
428,2069,429.3082454971328,99944,361,219,34,18,8879,4551,0.13437525014007845,298,136,39245,37030,5171,2440,4889,10155,11381,5551,0,0,72443,486,48,415,64,0,0,0,0,0,15188,9664,1636,0,0,0,0,0
429,2069,430.05798674985954,99944,373,213,34,18,8935,4572,0.13514568158168574,300,149,39124,36818,5186,2448,4981,10352,11602,5661,0,0,72093,542,53,421,67,0,0,0,0,0,15477,9620,1671,0,0,0,0,0
430,2069,431.1863256002524,99944,398,211,34,18,9025,4606,0.13638637637076764,306,156,38990,36615,5208,2459,5062,10539,11824,5772,0,0,71720,618,66,432,68,0,0,0,0,0,15761,9573,1706,0,0,0,0,0
431,2069,432.31832146331385,99944,398,231,34,18,9103,4658,0.13768710477867604,321,158,38851,36414,5242,2470,5152,10707,12047,5884,0,0,71336,707,75,442,70,0,0,0,0,0,16047,9523,1744,0,0,0,0,0
432,2069,433.0749739953012,99944,421,238,34,18,9165,4691,0.138637637076763,330,167,38722,36209,5258,2469,5233,10897,12271,5996,0,0,70992,747,91,446,75,0,0,0,0,0,16335,9487,1771,0,0,0,0,0
433,2069,434.21393655360936,99944,430,262,34,18,9233,4743,0.13983830945329384,367,180,38572,36014,5273,2468,5322,11056,12495,6109,0,0,70637,806,106,459,75,0,0,0,0,0,16616,9433,1812,0,0,0,0,0
434,2069,435.3567289124942,99944,448,254,34,18,9333,4796,0.1413691667333707,392,169,38418,35828,5312,2505,5394,11224,12720,6223,0,0,70225,914,126,470,79,0,0,0,0,0,16900,9387,1843,0,0,0,0,0
435,2069,436.1208529401969,99944,485,261,34,18,9406,4828,0.1424197550628352,398,180,38286,35621,5308,2508,5487,11410,12946,6338,0,0,69880,960,135,473,82,0,0,0,0,0,17190,9342,1882,0,0,0,0,0
436,2069,437.2711353272836,99944,522,286,34,18,9533,4894,0.1443508364684223,389,175,38137,35414,5343,2518,5573,11587,13172,6453,0,0,69501,1050,160,481,89,0,0,0,0,0,17454,9281,1928,0,0,0,0,0
437,2069,438.04018725344173,99944,535,276,34,18,9602,4919,0.1452913631633715,400,196,38016,35211,5356,2524,5657,11773,13398,6569,0,0,69135,1113,180,483,95,0,0,0,0,0,17737,9240,1961,0,0,0,0,0
438,2069,439.1978021612249,99943,546,301,35,18,9703,4986,0.14697377505177953,410,206,37868,34996,5394,2529,5745,11948,13625,6686,0,0,68732,1211,195,494,100,0,0,0,0,0,18026,9188,1997,0,0,0,0,0
439,2069,440.35927407783464,99943,564,308,35,18,9824,5048,0.1488048187466856,416,200,37699,34799,5455,2548,5829,12125,13852,6803,0,0,68307,1326,224,504,103,0,0,0,0,0,18306,9144,2029,0,0,0,0,0
440,2069,441.1362468002108,99943,565,318,35,18,9894,5087,0.1498954404010286,439,198,37544,34599,5487,2549,5928,12316,14079,6921,0,0,67936,1395,240,512,106,0,0,0,0,0,18591,9092,2071,0,0,0,0,0
441,2069,442.3069922041022,99942,604,316,35,19,10034,5143,0.15185807768505732,449,206,37374,34397,5533,2573,6003,12487,14307,7040,0,0,67505,1515,261,523,110,0,0,0,0,0,18880,9042,2106,0,0,0,0,0
442,2069,443.0900794325885,99942,636,310,35,19,10131,5172,0.15311880890916732,438,232,37232,34181,5556,2579,6101,12677,14535,7159,0,0,67124,1585,276,534,114,0,0,0,0,0,19176,8995,2138,0,0,0,0,0
443,2069,444.26972466204626,99942,654,317,35,19,10261,5244,0.15513998118908967,455,230,37058,33970,5615,2614,6181,12848,14763,7279,0,0,66691,1705,308,549,120,1,0,0,0,0,19456,8944,2168,0,0,0,0,0
444,2069,445.058839506811,99941,672,325,35,20,10354,5293,0.1565623717993616,467,237,36896,33738,5655,2631,6273,13047,14991,7399,0,0,66298,1792,329,553,122,1,0,0,0,0,19740,8896,2210,0,0,0,0,0
445,2069,446.2480460765137,99940,705,352,36,20,10505,5371,0.15885531318791274,485,245,36685,33517,5734,2654,6353,13210,15219,7520,0,0,65867,1909,353,572,128,2,0,0,0,0,20029,8841,2239,0,0,0,0,0
446,2069,447.0441182064769,99940,717,364,36,20,10598,5421,0.1602861717030218,494,248,36541,33298,5767,2667,6443,13401,15447,7642,0,0,65476,1995,372,578,136,2,0,0,0,0,20315,8790,2276,0,0,0,0,0
447,2069,448.24371673057055,99938,741,376,38,20,10749,5488,0.16247073185374933,524,271,36342,33079,5840,2702,6513,13550,15675,7764,0,0,65030,2123,407,592,137,3,0,0,0,0,20596,8743,2307,0,0,0,0,0
448,2069,449.0465092688024,99938,780,387,38,20,10869,5549,0.16428185474994497,550,260,36163,32868,5873,2735,6594,13728,15903,7887,0,0,64610,2220,434,593,143,3,0,0,0,0,20892,8714,2329,0,0,0,0,0
449,2069,450.2567567423953,99937,800,419,39,20,11027,5641,0.1667850745969961,583,268,35952,32654,5952,2758,6672,13879,16131,8010,0,0,64156,2363,462,612,146,3,0,0,0,0,21171,8654,2370,0,0,0,0,0
450,2069,451.06699268602455,99937,815,425,39,20,11138,5701,0.16849615257612297,605,296,35780,32426,6005,2781,6754,14050,16358,8134,0,0,63740,2459,497,623,152,3,0,0,0,0,21454,8612,2397,0,0,0,0,0
451,2069,452.28862796338564,99936,881,427,39,21,11338,5795,0.1714397214217099,628,303,35539,32221,6086,2826,6825,14200,16585,8258,0,0,63269,2614,534,648,157,3,0,0,0,0,21729,8551,2431,0,0,0,0,0
452,2069,453.1068951972857,99935,908,438,40,21,11463,5853,0.173272627207685,639,319,35364,32001,6130,2849,6917,14370,16812,8382,0,0,62859,2706,572,657,161,3,0,0,0,0,22007,8508,2462,0,0,0,0,0
453,2069,454.3409875690596,99935,950,467,40,21,11670,5951,0.17632461099714813,657,320,35141,31772,6216,2891,6994,14527,17038,8507,0,0,62380,2872,607,678,170,3,0,0,0,0,22282,8449,2494,0,0,0,0,0
454,2069,455.16748050702535,99934,958,465,41,21,11799,6011,0.17821762363159685,690,331,34935,31571,6292,2918,7082,14692,17264,8632,0,0,61950,2994,639,696,175,3,0,0,0,0,22553,8386,2538,0,0,0,0,0
455,2069,456.4147105127206,99931,980,499,42,23,12001,6137,0.1815052386146441,727,330,34715,31362,6391,2976,7143,14808,17490,8758,0,0,61449,3170,696,720,179,3,0,0,0,0,22811,8331,2572,0,0,0,0,0
456,2069,457.2501570576546,99931,1011,533,42,23,12167,6224,0.1840369855200088,718,324,34523,31159,6473,2991,7231,14968,17715,8884,0,0,61020,3288,736,736,187,3,0,0,0,0,23078,8273,2610,0,0,0,0,0
457,2069,458.0898376891478,99931,1034,528,42,23,12312,6288,0.18612842861574486,743,352,34311,30940,6547,3031,7321,15124,17940,9010,0,0,60604,3390,795,750,196,4,0,0,0,0,23328,8222,2642,0,0,0,0,0
458,2069,459.35758291856365,99931,1091,565,42,23,12549,6415,0.18977094194994545,753,333,34048,30720,6665,3093,7399,15264,18164,9137,0,0,60084,3589,840,769,199,5,0,0,0,0,23603,8172,2670,0,0,0,0,0
459,2069,460.20744390576453,99931,1121,566,42,23,12710,6484,0.19207253004573155,780,369,33834,30503,6734,3129,7487,15408,18387,9264,0,0,59633,3719,885,786,204,5,0,0,0,0,23877,8126,2696,0,0,0,0,0
460,2069,461.06228042061815,99931,1143,568,42,23,12873,6563,0.19449420099868908,787,381,33632,30281,6817,3181,7577,15564,18610,9391,0,0,59172,3851,933,804,215,5,0,0,0,0,24152,8084,2715,0,0,0,0,0
461,2069,462.35313931077917,99931,1200,571,42,23,13149,6675,0.19837688004723258,782,389,33405,30080,6932,3231,7637,15704,18832,9519,0,0,58649,4067,1006,825,225,5,0,0,0,0,24380,8018,2756,0,0,0,0,0
462,2069,463.2183393664257,99929,1232,583,44,23,13326,6754,0.2009426692951996,791,417,33202,29860,7017,3260,7712,15855,19053,9647,0,0,58242,4178,1075,843,235,5,0,0,0,0,24604,7945,2802,0,0,0,0,0
463,2069,464.0878124332715,99929,1249,614,44,23,13493,6850,0.20357453792192456,823,421,32993,29647,7104,3295,7785,15998,19274,9775,0,0,57807,4298,1137,858,247,5,0,0,0,0,24853,7894,2830,0,0,0,0,0
464,2069,465.4010397659106,99927,1247,635,46,23,13746,6992,0.2075314979935353,834,459,32754,29435,7276,3366,7841,16080,19494,9903,0,0,57272,4518,1225,901,258,6,0,0,0,0,25067,7817,2863,0,0,0,0,0
465,2069,466.2816252890775,99927,1254,655,46,23,13924,7101,0.21040359462407557,859,440,32551,29246,7386,3423,7902,16211,19713,10032,0,0,56796,4682,1288,923,264,6,0,0,0,0,25312,7758,2898,0,0,0,0,0
466,2069,467.1671752347142,99926,1285,662,47,23,14126,7200,0.21341792926765807,853,445,32348,29052,7490,3483,7975,16333,19931,10161,0,0,56337,4823,1366,949,274,6,0,0,0,0,25546,7701,2924,0,0,0,0,0
467,2069,468.0579533740059,99926,1309,677,47,23,14328,7298,0.21642015091167463,868,456,32124,28850,7605,3531,8045,16461,20148,10290,0,0,55859,4983,1432,968,281,7,0,0,0,0,25793,7652,2951,0,0,0,0,0
468,2069,469.4043344911204,99925,1374,681,47,24,14636,7441,0.22093570177633226,891,488,31864,28642,7729,3624,8093,16539,20364,10419,0,0,55332,5197,1529,1006,298,8,0,0,0,0,25998,7578,2979,0,0,0,0,0
469,2069,470.3073181804423,99924,1380,722,47,25,14831,7566,0.22414034666346425,922,471,31637,28428,7839,3680,8173,16672,20580,10548,0,0,54879,5345,1620,1020,311,9,0,0,0,0,26208,7522,3010,0,0,0,0,0
470,2069,471.21610745326063,99924,1396,736,47,25,15023,7686,0.2272627196669469,934,458,31422,28245,7952,3741,8247,16793,20795,10678,0,0,54400,5502,1702,1041,321,10,0,0,0,0,26439,7477,3032,0,0,0,0,0
471,2069,472.1306586135131,99923,1454,719,48,25,15246,7770,0.2303373597670206,941,503,31184,28046,8031,3802,8340,16903,21009,10808,0,0,53939,5652,1770,1058,340,10,0,0,0,0,26674,7423,3057,0,0,0,0,0
472,2069,473.0513004551647,99922,1483,730,49,25,15466,7883,0.23367226436620564,931,498,30981,27847,8145,3872,8409,17026,21222,10938,0,0,53468,5810,1856,1083,353,10,0,0,0,0,26890,7367,3085,0,0,0,0,0
473,2069,474.4429780158251,99920,1461,773,51,25,15764,8048,0.23831064851881506,975,506,30715,27657,8356,3935,8440,17102,21434,11068,0,0,52909,6046,1977,1134,364,11,0,0,0,0,27073,7293,3113,0,0,0,0,0
474,2069,475.3769983048598,99919,1520,781,52,25,16009,8159,0.2418759194947908,952,520,30490,27479,8469,3981,8515,17212,21645,11198,0,0,52454,6203,2062,1152,379,14,0,0,0,0,27277,7232,3146,0,0,0,0,0
475,2069,476.31719814345684,99918,1541,790,52,26,16224,8286,0.2453011469404912,978,511,30242,27294,8594,4048,8591,17329,21854,11328,0,0,51986,6356,2158,1183,394,14,0,0,0,0,27481,7175,3171,0,0,0,0,0
476,2069,477.2646208718647,99917,1559,824,53,26,16453,8411,0.24884654263038322,965,500,30048,27093,8718,4108,8655,17447,22062,11458,0,0,51523,6514,2260,1197,407,14,0,0,0,0,27673,7124,3205,0,0,0,0,0
477,2069,478.2181993944395,99916,1595,848,54,26,16692,8537,0.252502101765483,981,500,29834,26905,8807,4162,8727,17557,22269,11588,0,0,51071,6656,2362,1224,425,14,0,0,0,0,27868,7066,3230,0,0,0,0,0
478,2069,479.17798046173334,99914,1618,860,56,26,16933,8668,0.25623035810797284,984,518,29600,26693,8928,4243,8812,17658,22475,11718,0,0,50595,6815,2468,1254,442,16,0,0,0,0,28058,7015,3251,0,0,0,0,0
479,2069,480.1445254368831,99913,1631,879,57,26,17194,8798,0.2601463273047551,1006,528,29335,26497,9090,4314,8879,17754,22680,11848,0,0,50101,6997,2585,1291,452,16,0,0,0,0,28240,6954,3277,0,0,0,0,0
480,2069,481.1189772675972,99913,1671,886,57,26,17468,8940,0.2643099496562009,976,524,29111,26323,9235,4394,8948,17845,22884,11978,0,0,49613,7170,2695,1328,471,18,0,0,0,0,28421,6896,3301,0,0,0,0,0
481,2069,482.1010555900619,99913,1627,892,57,26,17688,9068,0.2677929798925065,1011,535,28888,26130,9412,4465,9003,17950,23087,12108,0,0,49105,7363,2803,1370,486,18,0,0,0,0,28604,6832,3332,0,0,0,0,0
482,2069,483.0908284918911,99911,1649,912,59,26,17943,9207,0.2717418502467196,1001,536,28659,25968,9564,4520,9066,18036,23288,12238,0,0,48631,7522,2909,1406,508,18,0,0,0,0,28785,6777,3355,0,0,0,0,0
483,2069,484.0880012608861,99910,1653,894,60,26,18162,9325,0.27511760584526074,1055,542,28434,25791,9685,4606,9111,18139,23488,12368,0,0,48160,7683,3032,1429,527,20,0,0,0,0,28956,6728,3375,0,0,0,0,0
484,2069,485.0925022295687,99909,1679,891,61,26,18414,9454,0.27893382978510445,1089,541,28193,25626,9809,4691,9167,18223,23687,12498,0,0,47702,7824,3157,1470,549,21,0,0,0,0,29124,6671,3391,0,0,0,0,0
485,2069,486.10499605037813,99908,1726,893,62,26,18703,9582,0.2831104616246947,1060,596,27962,25418,9960,4773,9228,18292,23885,12628,0,0,47225,7993,3293,1504,558,23,0,0,0,0,29279,6617,3416,0,0,0,0,0
486,2069,487.12539554019224,99905,1762,930,64,27,18986,9730,0.2874330614083379,1066,580,27719,25240,10106,4834,9281,18387,24081,12758,0,0,46756,8149,3410,1548,572,24,0,0,0,0,29453,6554,3439,0,0,0,0,0
487,2069,488.15421463120595,99904,1801,944,65,27,19304,9884,0.2921604740550929,1022,576,27497,25055,10285,4930,9328,18466,24276,12888,0,0,46239,8358,3534,1584,591,26,0,0,0,0,29612,6499,3461,0,0,0,0,0
488,2069,489.19110031204616,99899,1822,949,70,27,19585,10038,0.2965294947897376,1012,576,27268,24873,10434,5034,9392,18539,24470,13018,0,0,45756,8522,3670,1633,612,26,0,0,0,0,29760,6438,3482,0,0,0,0,0
489,2069,490.2366739092942,99896,1851,963,72,28,19866,10193,0.30090293905661886,989,574,27039,24708,10591,5112,9456,18613,24663,13148,0,0,45269,8709,3792,1672,632,26,0,0,0,0,29915,6373,3508,0,0,0,0,0
490,2069,491.29054525793975,99894,1798,985,74,28,20112,10355,0.3049932928904639,1043,557,26797,24556,10775,5197,9511,18675,24854,13278,0,0,44782,8885,3943,1719,655,29,0,0,0,0,30042,6311,3528,0,0,0,0,0
491,2069,492.35362311965747,99894,1819,963,74,28,20409,10486,0.30927783450457486,1029,594,26603,24402,10935,5288,9538,18723,25044,13408,0,0,44296,9061,4098,1752,686,30,0,0,0,0,30170,6263,3538,0,0,0,0,0
492,2069,493.4250274789094,99892,1787,969,76,28,20696,10666,0.313959075801866,996,571,26441,24249,11118,5395,9580,18786,25233,13537,0,0,43793,9256,4268,1807,721,30,0,0,0,0,30273,6193,3551,0,0,0,0,0
493,2069,494.5043645495099,99891,1804,970,76,29,20958,10817,0.3180967254307195,1023,580,26233,24076,11245,5482,9617,18861,25420,13666,0,0,43350,9392,4426,1850,747,30,0,0,0,0,30395,6136,3565,0,0,0,0,0
494,2069,495.04604858447993,99891,1794,973,76,29,21097,10885,0.3201689841927701,1036,577,26070,23910,11314,5510,9708,18999,25606,13795,0,0,42980,9467,4524,1861,764,30,0,0,0,0,30581,6104,3580,0,0,0,0,0
495,2069,496.1391082043524,99890,1777,989,77,29,21382,11067,0.3248473320652718,1055,560,25872,23760,11482,5616,9735,19044,25791,13924,0,0,42500,9645,4690,1910,796,33,0,0,0,0,30686,6036,3594,0,0,0,0,0
496,2069,497.2405581226671,99889,1806,986,77,30,21692,11225,0.32953578472104034,1073,563,25634,23612,11629,5722,9779,19085,25974,14053,0,0,42010,9830,4827,1942,830,39,0,0,0,0,30818,5990,3603,0,0,0,0,0
497,2069,498.35143486543654,99888,1818,998,78,30,22007,11382,0.3342643761012334,1067,580,25420,23448,11802,5805,9813,19137,26156,14182,0,0,41529,10010,4986,1985,860,41,0,0,0,0,30929,5936,3612,0,0,0,0,0
498,2069,499.4716491260083,99886,1833,1004,80,30,22351,11549,0.33938690106721664,1040,562,25208,23287,12010,5913,9827,19202,26336,14310,0,0,41022,10212,5142,2034,894,44,0,0,0,0,31042,5875,3621,0,0,0,0,0
499,2069,500.03469420370044,99885,1815,1001,81,30,22502,11626,0.3416729238624418,1072,570,25046,23132,12084,5942,9900,19323,26515,14438,0,0,40663,10290,5242,2059,913,46,0,0,0,0,31201,5822,3649,0,0,0,0,0
500,2069,501.1715320859936,99882,1815,1017,84,30,22830,11800,0.34670911675777416,1067,562,24824,22967,12285,6039,9923,19383,26693,14566,0,0,40185,10479,5393,2110,955,48,0,0,0,0,31297,5744,3671,0,0,0,0,0
501,2069,502.31860099441,99881,1842,1042,85,30,23147,11980,0.3516885093260981,1054,545,24629,22829,12439,6129,9949,19423,26869,14694,0,0,39721,10641,5553,2143,998,49,0,0,0,0,31401,5703,3672,0,0,0,0,0
502,2069,503.4744824844272,99880,1888,1050,86,30,23467,12148,0.3565778934721666,1062,535,24395,22669,12585,6226,9982,19488,27044,14821,0,0,39261,10816,5689,2176,1041,49,0,0,0,0,31509,5646,3693,0,0,0,0,0
503,2069,504.0559167285431,99880,1898,1034,86,30,23642,12233,0.3591810172206648,1038,532,24254,22513,12655,6286,10067,19603,27218,14948,0,0,38911,10892,5819,2194,1062,49,0,0,0,0,31635,5598,3720,0,0,0,0,0
504,2069,505.22926857616073,99880,1914,990,86,30,23956,12376,0.36375650780937124,1067,554,24047,22397,12807,6405,10077,19622,27390,15075,0,0,38427,11091,5980,2233,1100,52,0,0,0,0,31727,5535,3735,0,0,0,0,0
505,2069,506.41259061377076,99878,1952,988,87,31,24291,12541,0.36876989927711806,1028,577,23886,22255,12945,6502,10100,19645,27561,15202,0,0,37963,11252,6137,2274,1139,54,0,0,0,0,31818,5491,3750,0,0,0,0,0
506,2069,507.00710753688065,99876,1956,975,89,31,24469,12617,0.37132043734230447,1009,589,23745,22123,13025,6541,10174,19739,27730,15328,0,0,37623,11321,6256,2300,1161,55,0,0,0,0,31949,5436,3775,0,0,0,0,0
507,2069,508.20522959292606,99873,1906,980,90,33,24779,12793,0.37619777116938513,1043,564,23548,22004,13218,6643,10193,19774,27898,15454,0,0,37131,11498,6437,2369,1192,59,0,0,0,0,32023,5381,3783,0,0,0,0,0
508,2069,509.4135792431258,99871,1901,1016,92,33,25088,12975,0.38112164692453265,1033,563,23362,21893,13411,6717,10199,19776,28065,15580,0,0,36676,11662,6602,2400,1239,62,0,0,0,0,32111,5339,3780,0,0,0,0,0
509,2069,510.02071697141196,99871,1906,1003,92,33,25269,13057,0.38375504400676874,1005,562,23236,21781,13495,6744,10264,19875,28230,15705,0,0,36337,11729,6734,2421,1262,64,0,0,0,0,32229,5298,3797,0,0,0,0,0
510,2069,511.2459847424602,99871,1874,1015,92,33,25554,13242,0.3884611148381412,1003,524,23094,21671,13657,6850,10278,19905,28394,15830,0,0,35875,11916,6905,2449,1308,70,0,0,0,0,32290,5253,3805,0,0,0,0,0
511,2069,512.4799909210275,99869,1846,992,93,34,25890,13395,0.393365308554206,999,530,22919,21556,13830,6946,10311,19940,28557,15955,0,0,35422,12082,7110,2506,1353,74,0,0,0,0,32322,5185,3815,0,0,0,0,0
512,2069,513.1001936632766,99869,1833,969,93,34,26038,13458,0.3954780762799267,997,553,22806,21451,13886,6974,10383,20017,28718,16079,0,0,35121,12123,7240,2523,1383,75,0,0,0,0,32426,5142,3836,0,0,0,0,0
513,2069,514.3504135095861,99869,1808,976,93,34,26330,13633,0.40015420200462604,998,540,22646,21369,14058,7054,10395,20025,28878,16203,0,0,34698,12281,7428,2560,1429,78,0,0,0,0,32460,5079,3856,0,0,0,0,0
514,2069,515.6099569033265,99869,1787,984,93,34,26627,13811,0.4049104326667935,991,511,22518,21271,14210,7140,10399,20058,29036,16327,0,0,34279,12420,7607,2602,1484,82,0,0,0,0,32507,5025,3863,0,0,0,0,0
515,2069,516.242426331152,99869,1759,997,93,34,26794,13905,0.4075238562516897,954,503,22434,21153,14284,7166,10474,20145,29193,16450,0,0,33979,12454,7757,2621,1515,86,0,0,0,0,32592,4989,3876,0,0,0,0,0
516,2069,517.5156336731889,99869,1711,988,93,34,27083,14074,0.4121098639217375,964,494,22275,21064,14459,7272,10496,20146,29349,16573,0,0,33534,12624,7942,2663,1567,89,0,0,0,0,32624,4941,3885,0,0,0,0,0
517,2069,518.1554913895487,99868,1686,974,94,34,27241,14159,0.4145472023070453,949,497,22169,20946,14530,7310,10570,20237,29503,16696,0,0,33212,12682,8067,2673,1608,91,0,0,0,0,32727,4909,3899,0,0,0,0,0
518,2069,519.4447448546339,99865,1695,941,96,35,27545,14310,0.41911580633855705,942,493,22005,20871,14667,7421,10593,20237,29656,16818,0,0,32797,12830,8252,2703,1664,95,0,0,0,0,32761,4867,3896,0,0,0,0,0
519,2069,520.0921542155743,99865,1717,925,96,35,27735,14398,0.42189956441195614,895,477,21916,20753,14727,7476,10647,20332,29808,16940,0,0,32488,12883,8383,2712,1707,97,0,0,0,0,32857,4837,3901,0,0,0,0,0
520,2069,521.3975695332704,99863,1679,904,96,37,28026,14560,0.42644422859317266,876,462,21790,20662,14883,7567,10674,20366,29958,17061,0,0,32073,13034,8553,2753,1772,101,0,0,0,0,32886,4776,3915,0,0,0,0,0
521,2069,522.0527206588142,99861,1654,900,97,38,28165,14647,0.4287159151220196,881,454,21682,20559,14937,7596,10747,20451,30107,17182,0,0,31796,13069,8688,2773,1802,104,0,0,0,0,32964,4727,3938,0,0,0,0,0
522,2069,523.3731787194957,99860,1631,887,98,38,28453,14795,0.43308632084918885,865,470,21563,20472,15068,7675,10773,20456,30255,17303,0,0,31421,13169,8877,2823,1851,112,0,0,0,0,32989,4676,3942,0,0,0,0,0
523,2069,524.0359990736239,99858,1616,871,99,39,28590,14866,0.43517795269282383,858,473,21460,20378,15125,7692,10840,20545,30401,17423,0,0,31158,13179,8996,2848,1891,112,0,0,0,0,33079,4637,3958,0,0,0,0,0
524,2069,525.3712121054465,99858,1594,841,99,39,28857,15021,0.4394039536141321,834,478,21380,20299,15222,7803,10869,20538,30546,17543,0,0,30788,13280,9198,2895,1940,116,0,0,0,0,33082,4591,3968,0,0,0,0,0
525,2069,526.0408687925516,99858,1602,851,99,39,28998,15108,0.44168719581806165,826,465,21275,20213,15261,7814,10935,20616,30690,17662,0,0,30525,13302,9300,2910,1970,121,0,0,0,0,33191,4553,3986,0,0,0,0,0
526,2069,527.3887098012495,99857,1583,876,100,39,29301,15292,0.44656859308811603,789,419,21157,20151,15415,7898,10954,20615,30832,17781,0,0,30159,13388,9506,2966,2020,126,0,0,0,0,33198,4510,3984,0,0,0,0,0
527,2069,528.0654814440578,99857,1531,854,100,39,29407,15367,0.4483811850946854,809,399,21064,20085,15475,7940,11019,20681,30973,17900,0,0,29878,13427,9625,2983,2056,128,0,0,0,0,33286,4470,4004,0,0,0,0,0
528,2069,529.4285135968232,99856,1476,854,100,40,29704,15517,0.4528621214548951,762,374,20968,20063,15674,8015,11018,20652,31113,18018,0,0,29490,13539,9792,3028,2127,133,0,0,0,0,33314,4427,4006,0,0,0,0,0
529,2069,530.1127061188283,99856,1456,823,100,40,29847,15575,0.45487502002884156,729,374,20898,20001,15732,8052,11083,20708,31251,18136,0,0,29230,13558,9928,3050,2156,138,0,0,0,0,33385,4388,4023,0,0,0,0,0
530,2069,531.4899545590157,99855,1396,781,101,40,30091,15700,0.45857493365379803,719,381,20841,19968,15858,8142,11083,20686,31388,18253,0,0,28854,13668,10088,3095,2216,146,0,0,0,0,33422,4345,4021,0,0,0,0,0
531,2069,532.1797529860357,99854,1382,766,101,41,30206,15765,0.4603821579506079,709,379,20786,19895,15872,8160,11148,20757,31524,18370,0,0,28633,13645,10214,3118,2251,147,0,0,0,0,33501,4305,4040,0,0,0,0,0
532,2069,533.5670755865063,99850,1325,735,103,43,30449,15889,0.4640761141712569,678,357,20728,19860,15980,8236,11184,20767,31659,18486,0,0,28311,13710,10405,3159,2309,156,0,0,0,0,33501,4252,4047,0,0,0,0,0
533,2069,534.2623086974022,99850,1326,742,103,43,30583,15953,0.4660590886329494,644,350,20660,19805,16012,8231,11253,20827,31792,18602,0,0,28064,13713,10497,3180,2341,158,0,0,0,0,33619,4222,4056,0,0,0,0,0
534,2069,535.659845353563,99849,1286,707,103,44,30821,16071,0.4696291400014021,632,361,20575,19776,16126,8307,11276,20803,31924,18717,0,0,27728,13795,10660,3219,2407,162,0,0,0,0,33644,4183,4051,0,0,0,0,0
535,2069,536.3600055327149,99849,1267,712,103,44,30938,16139,0.4714819377259662,629,346,20505,19712,16149,8315,11345,20869,32055,18832,0,0,27498,13797,10782,3229,2436,164,0,0,0,0,33725,4148,4070,0,0,0,0,0
536,2069,537.0634492902537,99849,1250,699,103,44,31047,16205,0.47323458422217546,611,347,20442,19640,16177,8341,11415,20927,32185,18946,0,0,27264,13805,10894,3233,2474,169,0,0,0,0,33811,4121,4078,0,0,0,0,0
537,2069,538.4780583385743,99847,1234,678,104,45,31264,16330,0.4766693040351738,590,321,20408,19659,16235,8393,11427,20902,32313,19060,0,0,26973,13844,11066,3276,2518,176,0,0,0,0,33829,4082,4083,0,0,0,0,0
538,2069,539.1861170535076,99847,1236,658,104,45,31376,16382,0.4783118170801326,581,328,20344,19595,16234,8405,11499,20967,32440,19174,0,0,26767,13822,11199,3284,2543,180,0,0,0,0,33899,4056,4097,0,0,0,0,0
539,2069,540.6088265518115,99847,1202,644,104,45,31593,16506,0.4817270423748335,564,304,20295,19573,16319,8480,11514,20952,32566,19287,0,0,26448,13899,11365,3316,2582,189,0,0,0,0,33926,4019,4103,0,0,0,0,0
540,2069,541.3214399806157,99847,1195,616,104,45,31699,16551,0.48323935621500896,558,317,20231,19517,16330,8505,11580,20998,32691,19400,0,0,26246,13876,11492,3329,2611,193,0,0,0,0,33994,3991,4115,0,0,0,0,0
541,2069,542.036235171961,99846,1178,609,104,46,31803,16615,0.48492678725236865,554,301,20189,19459,16343,8519,11630,21064,32815,19512,0,0,26035,13878,11615,3323,2649,197,0,0,0,0,34055,3968,4126,0,0,0,0,0
542,2069,543.472450658332,99846,1183,592,104,46,32024,16711,0.4881016765819362,531,304,20155,19514,16384,8532,11641,21010,32937,19624,0,0,25781,13895,11778,3363,2684,206,0,0,0,0,34076,3928,4135,0,0,0,0,0
543,2069,544.1911376498196,99845,1156,596,105,46,32104,16783,0.4896289248334919,562,288,20104,19466,16381,8546,11690,21056,33058,19735,0,0,25562,13895,11880,3371,2711,209,0,0,0,0,34162,3905,4150,0,0,0,0,0
544,2069,545.6337548466968,99844,1134,607,106,46,32318,16908,0.49302912543567967,534,254,20076,19481,16445,8577,11703,21033,33178,19846,0,0,25295,13931,12053,3390,2766,213,0,0,0,0,34169,3877,4150,0,0,0,0,0
545,2069,546.3555515970343,99844,1086,581,106,46,32406,16958,0.4944112815992949,534,253,20035,19450,16469,8600,11768,21068,33297,19956,0,0,25096,13907,12177,3395,2807,221,0,0,0,0,34223,3861,4157,0,0,0,0,0
546,2069,547.0792440675359,99842,1050,557,107,47,32485,17000,0.4956331002984716,540,252,19987,19410,16484,8620,11830,21112,33415,20066,0,0,24881,13892,12276,3409,2839,223,0,0,0,0,34313,3843,4166,0,0,0,0,0
547,2069,548.5327142850446,99842,1041,540,107,47,32700,17091,0.49869794274954427,499,221,19987,19439,16542,8655,11822,21096,33532,20175,0,0,24643,13885,12434,3455,2891,227,0,0,0,0,34330,3811,4166,0,0,0,0,0
548,2069,549.2599847320201,99841,991,514,108,47,32789,17131,0.4999949920373394,492,223,19934,19408,16584,8665,11889,21141,33647,20284,0,0,24422,13883,12539,3464,2934,229,0,0,0,0,34409,3795,4166,0,0,0,0,0
549,2069,550.719170642212,99836,959,509,112,48,32962,17225,0.5026944188469089,476,212,19913,19425,16629,8683,11909,21121,33761,20392,0,0,24174,13902,12670,3495,2984,231,0,0,0,0,34447,3762,4171,0,0,0,0,0
550,2069,551.4490715203334,99836,955,501,112,48,33044,17263,0.5038963900797307,470,211,19852,19393,16632,8674,11977,21171,33874,20500,0,0,24012,13863,12765,3498,3013,240,0,0,0,0,34525,3741,4179,0,0,0,0,0
551,2069,552.1810912276526,99836,922,490,112,48,33119,17302,0.5050382627509115,464,204,19831,19374,16631,8663,12038,21219,33986,20607,0,0,23857,13814,12862,3519,3050,244,0,0,0,0,34588,3705,4197,0,0,0,0,0
552,2069,553.6510406062864,99836,907,462,112,48,33287,17385,0.5075523859128972,420,188,19838,19416,16654,8684,12067,21200,34097,20714,0,0,23644,13828,13005,3533,3103,251,0,0,0,0,34596,3664,4212,0,0,0,0,0
553,2069,554.3859358881161,99836,910,462,112,48,33367,17416,0.5086642093032574,407,184,19814,19406,16623,8666,12132,21232,34207,20820,0,0,23480,13795,13086,3532,3137,253,0,0,0,0,34689,3646,4218,0,0,0,0,0
554,2069,555.1218696048312,99836,891,436,112,48,33443,17452,0.5097860491205577,388,170,19794,19398,16612,8663,12201,21283,34316,20926,0,0,23310,13764,13202,3538,3170,256,0,0,0,0,34750,3623,4223,0,0,0,0,0
555,2069,556.5969044850091,99836,856,419,112,48,33574,17510,0.511679153812252,389,182,19808,19458,16611,8647,12222,21244,34424,21031,0,0,23110,13749,13330,3560,3209,263,0,0,0,0,34789,3598,4228,0,0,0,0,0
556,2069,557.3336047183933,99836,827,400,112,48,33638,17534,0.5125605993829881,384,188,19773,19444,16618,8640,12284,21278,34531,21135,0,0,22937,13730,13409,3566,3238,268,0,0,0,0,34873,3571,4244,0,0,0,0,0
557,2069,558.0715222659752,99836,806,387,112,48,33696,17567,0.5134720942345447,393,189,19754,19422,16592,8634,12341,21318,34637,21239,0,0,22766,13710,13510,3561,3264,271,0,0,0,0,34950,3553,4251,0,0,0,0,0
558,2069,559.5515343366083,99836,761,371,112,48,33823,17630,0.5153752153531792,368,199,19804,19461,16597,8631,12356,21288,34742,21342,0,0,22565,13717,13655,3576,3301,275,0,0,0,0,34964,3522,4261,0,0,0,0,0
559,2069,560.2906950579556,99836,735,372,112,48,33893,17666,0.5164369566088385,347,201,19781,19456,16608,8603,12415,21318,34846,21445,0,0,22408,13668,13752,3589,3327,279,0,0,0,0,35041,3504,4268,0,0,0,0,0
560,2069,561.029868475178,99836,718,359,112,48,33956,17700,0.5174085500220361,344,208,19755,19435,16600,8598,12469,21350,34948,21547,0,0,22241,13650,13838,3591,3351,284,0,0,0,0,35117,3483,4281,0,0,0,0,0
561,2069,562.5118426477432,99836,673,366,112,48,34071,17781,0.5193717697023118,339,181,19801,19475,16595,8603,12478,21325,35049,21649,0,0,22058,13633,13949,3617,3401,288,0,0,0,0,35153,3451,4286,0,0,0,0,0
562,2069,563.2516869234638,99836,656,345,112,48,34127,17797,0.5200929524420049,341,188,19800,19456,16570,8596,12519,21365,35149,21750,0,0,21914,13598,14044,3614,3426,292,0,0,0,0,35217,3432,4299,0,0,0,0,0
563,2069,564.7325763979253,99836,639,354,112,48,34248,17876,0.5220962378300412,321,159,19824,19514,16561,8589,12541,21334,35248,21851,0,0,21738,13580,14161,3633,3465,295,0,0,0,0,35253,3403,4308,0,0,0,0,0
564,2069,565.4718853561641,99836,609,351,112,48,34295,17905,0.5228574862774951,327,152,19816,19508,16544,8580,12590,21359,35346,21951,0,0,21592,13553,14243,3627,3499,297,0,0,0,0,35323,3383,4319,0,0,0,0,0
565,2069,566.2119024257926,99836,616,345,112,48,34353,17940,0.523789013982932,320,144,19817,19503,16494,8566,12639,21392,35444,22051,0,0,21471,13501,14340,3616,3538,298,0,0,0,0,35381,3370,4321,0,0,0,0,0
566,2069,567.6930333994228,99836,595,332,112,48,34467,18001,0.5255418886974639,301,136,19856,19550,16486,8569,12648,21363,35541,22150,0,0,21284,13506,14434,3630,3584,302,0,0,0,0,35430,3340,4326,0,0,0,0,0
567,2069,568.4322969932102,99836,601,313,112,48,34542,18025,0.5265335149645418,266,142,19858,19556,16461,8554,12700,21385,35637,22249,0,0,21135,13474,14534,3628,3604,307,0,0,0,0,35496,3327,4331,0,0,0,0,0
568,2069,569.1718135130106,99835,577,311,113,48,34595,18056,0.5273801772925327,259,133,19873,19561,16436,8526,12740,21419,35732,22347,0,0,21013,13425,14628,3620,3636,312,0,0,0,0,35546,3309,4346,0,0,0,0,0
569,2069,570.6509707684025,99834,565,282,114,48,34701,18097,0.5288579041208405,246,137,19903,19613,16408,8517,12762,21401,35826,22445,0,0,20844,13402,14733,3638,3672,316,0,0,0,0,35589,3290,4350,0,0,0,0,0
570,2069,571.3888797657453,99834,552,279,114,48,34749,18126,0.5296291844461807,229,135,19893,19588,16386,8510,12824,21438,35919,22542,0,0,20723,13356,14818,3633,3700,322,0,0,0,0,35651,3273,4358,0,0,0,0,0
571,2069,572.1275037238174,99834,538,272,114,48,34794,18150,0.5303203317507061,227,132,19905,19578,16346,8502,12868,21466,36011,22639,0,0,20588,13317,14902,3635,3718,326,0,0,0,0,35723,3257,4368,0,0,0,0,0
572,2069,573.6057358549847,99834,497,267,114,48,34885,18208,0.5318128092633772,216,116,19971,19646,16323,8484,12877,21437,36102,22735,0,0,20443,13300,15009,3638,3766,330,0,0,0,0,35740,3221,4387,0,0,0,0,0
573,2069,574.3429432667673,99833,469,251,114,49,34920,18228,0.5323690563240612,217,114,19970,19654,16296,8472,12932,21458,36192,22831,0,0,20304,13275,15093,3627,3790,334,0,0,0,0,35806,3206,4398,0,0,0,0,0
574,2069,575.079977711058,99833,462,256,114,49,34968,18257,0.5331403443751064,197,108,19967,19657,16276,8447,12982,21481,36281,22926,0,0,20180,13244,15164,3616,3822,335,0,0,0,0,35875,3187,4410,0,0,0,0,0
575,2069,576.5550304601907,99832,450,236,115,49,35046,18296,0.5343176536581457,185,102,20031,19722,16220,8445,12997,21444,36369,23021,0,0,20034,13224,15265,3617,3854,338,0,0,0,0,35915,3165,4420,0,0,0,0,0
576,2069,577.2912107801396,99832,432,232,115,49,35082,18318,0.5348986296978925,183,94,20013,19719,16192,8422,13063,21482,36456,23115,0,0,19908,13186,15342,3615,3870,344,0,0,0,0,35990,3147,4430,0,0,0,0,0
577,2069,578.0268216165576,99832,426,219,115,49,35115,18330,0.5353493869701098,176,103,20020,19733,16146,8392,13115,21502,36542,23208,0,0,19794,13138,15420,3611,3890,346,0,0,0,0,36059,3135,4439,0,0,0,0,0
578,2069,579.4996552023334,99831,400,208,116,49,35173,18362,0.5362562731015416,159,97,20107,19788,16088,8374,13128,21482,36628,23301,0,0,19654,13113,15495,3622,3917,349,0,0,0,0,36118,3109,4454,0,0,0,0,0
579,2069,580.2336017027677,99831,375,203,116,49,35203,18387,0.5368072041750559,161,87,20098,19791,16066,8359,13182,21509,36713,23393,0,0,19546,13055,15579,3624,3943,352,0,0,0,0,36179,3092,4461,0,0,0,0,0
580,2069,581.7013002790363,99830,374,181,117,49,35263,18411,0.5376540118200942,147,88,20157,19848,16003,8339,13200,21493,36797,23485,0,0,19425,13002,15684,3632,3954,359,0,0,0,0,36227,3082,4465,0,0,0,0,0
581,2069,582.4334930632373,99830,358,188,117,49,35286,18431,0.5380847440649104,147,85,20161,19837,15963,8316,13252,21523,36880,23576,0,0,19309,12960,15748,3629,3968,363,0,0,0,0,36309,3070,4474,0,0,0,0,0
582,2069,583.1656713331492,99830,342,168,117,49,35309,18438,0.5383852549333867,145,95,20171,19840,15922,8299,13301,21547,36962,23667,0,0,19203,12911,15834,3621,3988,366,0,0,0,0,36368,3059,4480,0,0,0,0,0
583,2069,584.6297978555541,99830,328,164,117,49,35367,18475,0.539336872683562,138,89,20230,19919,15856,8267,13329,21510,37043,23757,0,0,19070,12883,15919,3626,4007,371,0,0,0,0,36423,3043,4488,0,0,0,0,0
584,2069,585.3598257714428,99830,315,154,117,49,35395,18488,0.5397475708704799,131,91,20238,19924,15816,8251,13381,21529,37124,23847,0,0,18961,12832,15979,3629,4032,372,0,0,0,0,36499,3028,4498,0,0,0,0,0
585,2069,586.0898721854124,99830,306,159,117,49,35415,18511,0.540178303115296,137,78,20255,19928,15757,8232,13426,21552,37204,23936,0,0,18855,12785,16039,3624,4052,374,0,0,0,0,36576,3018,4507,0,0,0,0,0
586,2069,587.5492150810495,99830,284,171,117,49,35455,18542,0.5408895121706901,134,70,20331,20018,15700,8186,13432,21504,37283,24025,0,0,18749,12741,16119,3625,4071,378,0,0,0,0,36631,2997,4519,0,0,0,0,0
587,2069,588.2764357215592,99830,282,159,117,49,35478,18549,0.5411900230391666,124,76,20360,20019,15637,8166,13478,21529,37361,24113,0,0,18651,12702,16189,3610,4091,382,0,0,0,0,36695,2986,4524,0,0,0,0,0
588,2069,589.0032746676632,99830,281,149,117,49,35503,18558,0.5415306020234398,118,82,20358,20019,15592,8141,13532,21558,37438,24201,0,0,18551,12662,16258,3599,4106,385,0,0,0,0,36759,2974,4536,0,0,0,0,0
589,2069,590.4552660700168,99830,248,152,117,49,35538,18594,0.5422418110788341,122,63,20427,20108,15538,8110,13546,21516,37515,24288,0,0,18440,12628,16345,3598,4128,389,0,0,0,0,36799,2955,4548,0,0,0,0,0
590,2069,591.1794243063647,99830,247,144,117,49,35563,18603,0.5425823900631073,114,61,20438,20130,15487,8080,13595,21534,37591,24375,0,0,18351,12582,16414,3586,4146,392,0,0,0,0,36860,2936,4563,0,0,0,0,0
591,2069,592.6269461650761,99830,238,127,117,49,35605,18620,0.5431733947711109,101,54,20516,20195,15430,8064,13596,21509,37666,24461,0,0,18225,12565,16474,3586,4163,398,0,0,0,0,36928,2920,4571,0,0,0,0,0
592,2069,593.3486596806475,99829,245,124,117,50,35629,18631,0.5435294353344219,95,55,20529,20211,15368,8033,13644,21525,37740,24547,0,0,18137,12514,16540,3579,4178,399,0,0,0,0,36996,2906,4580,0,0,0,0,0
593,2069,594.0697859884951,99829,231,116,117,50,35649,18638,0.5437998978252813,92,59,20540,20213,15321,8012,13697,21548,37814,24632,0,0,18029,12476,16602,3577,4191,400,0,0,0,0,37069,2894,4591,0,0,0,0,0
594,2069,595.5108744202536,99829,208,117,117,50,35683,18664,0.5444009255827464,83,45,20611,20285,15268,7985,13711,21516,37887,24717,0,0,17924,12435,16677,3580,4205,406,0,0,0,0,37122,2878,4602,0,0,0,0,0
595,2069,596.2293313361226,99829,202,114,117,50,35692,18671,0.5445611996514039,93,45,20614,20298,15211,7953,13761,21538,37959,24801,0,0,17827,12391,16733,3576,4213,409,0,0,0,0,37202,2869,4609,0,0,0,0,0
596,2069,597.6656886785538,99829,198,108,117,50,35721,18683,0.5449719019523385,94,49,20676,20383,15140,7921,13773,21487,38030,24885,0,0,17731,12352,16787,3576,4234,409,0,0,0,0,37269,2848,4623,0,0,0,0,0
597,2069,598.3818028149627,99829,194,107,117,50,35736,18693,0.5452223301846157,88,45,20678,20420,15097,7882,13824,21494,38101,24968,0,0,17655,12298,16841,3568,4254,412,0,0,0,0,37331,2834,4636,0,0,0,0,0
598,2069,599.097802689144,99828,192,104,118,50,35755,18703,0.5455182914613135,83,42,20684,20431,15050,7861,13871,21510,38171,25051,0,0,17567,12254,16890,3557,4279,412,0,0,0,0,37402,2822,4645,0,0,0,0,0
599,2069,600.5297050961359,99828,181,104,118,50,35782,18719,0.5459490323356173,79,38,20756,20502,14988,7828,13876,21476,38240,25133,0,0,17489,12206,16964,3543,4304,415,0,0,0,0,37445,2809,4653,0,0,0,0,0
600,2069,601.2436845905531,99828,184,96,118,50,35804,18724,0.5462194975357615,66,38,20769,20515,14929,7801,13932,21498,38309,25215,0,0,17402,12159,17019,3537,4323,415,0,0,0,0,37514,2797,4662,0,0,0,0,0
601,2069,602.6703860140685,99828,166,89,118,50,35823,18734,0.5465099971951757,66,47,20839,20578,14871,7754,13938,21480,38377,25296,0,0,17309,12118,17065,3534,4349,417,0,0,0,0,37579,2786,4671,0,0,0,0,0
602,2069,603.3818003146026,99828,167,91,118,50,35834,18746,0.54674039347678,61,38,20858,20596,14809,7724,13985,21499,38444,25377,0,0,17218,12088,17101,3524,4364,420,0,0,0,0,37660,2770,4683,0,0,0,0,0
603,2069,604.0927227434257,99828,158,86,118,50,35844,18754,0.5469207036102096,58,37,20876,20599,14758,7709,14030,21517,38511,25457,0,0,17136,12051,17161,3510,4377,425,0,0,0,0,37715,2760,4693,0,0,0,0,0
604,2069,605.5128728535284,99827,154,83,118,51,35865,18765,0.5472467368547588,60,38,20957,20674,14682,7673,14027,21479,38577,25537,0,0,17048,12010,17215,3509,4390,426,0,0,0,0,37778,2744,4707,0,0,0,0,0
605,2069,606.2203531085041,99827,144,78,118,51,35874,18772,0.5474070141344526,59,39,20983,20681,14617,7653,14077,21496,38642,25616,0,0,16968,11970,17274,3497,4405,429,0,0,0,0,37834,2734,4716,0,0,0,0,0
606,2069,607.6337817012597,99827,135,73,118,51,35890,18784,0.5476874993739169,55,44,21060,20743,14547,7609,14083,21478,38707,25695,0,0,16889,11927,17344,3491,4420,429,0,0,0,0,37881,2717,4729,0,0,0,0,0
607,2069,608.3383607989014,99827,132,74,118,51,35903,18789,0.5478678113135724,51,46,21063,20752,14505,7581,14129,21494,38771,25773,0,0,16809,11884,17391,3481,4436,431,0,0,0,0,37951,2709,4735,0,0,0,0,0
608,2069,609.0422061094744,99827,119,69,118,51,35908,18794,0.5479679846133811,58,47,21071,20764,14455,7556,14177,21511,38834,25851,0,0,16726,11843,17438,3474,4454,433,0,0,0,0,38019,2701,4739,0,0,0,0,0
609,2069,610.4495812864131,99826,115,71,119,51,35931,18807,0.5483341013363252,46,47,21152,20865,14389,7509,14177,21455,38897,25928,0,0,16649,11794,17493,3476,4465,436,0,0,0,0,38075,2686,4752,0,0,0,0,0
610,2069,611.1512460062395,99826,107,71,119,51,35941,18811,0.548474345360928,44,46,21162,20897,14345,7476,14221,21457,38959,26005,0,0,16576,11745,17551,3469,4478,437,0,0,0,0,38134,2676,4760,0,0,0,0,0
611,2069,612.5529723188814,99826,93,79,119,51,35959,18830,0.5488449902830925,39,29,21252,20986,14276,7444,14219,21409,39021,26081,0,0,16504,11706,17612,3463,4491,440,0,0,0,0,38177,2655,4778,0,0,0,0,0
612,2069,613.2517483207733,99825,88,70,120,51,35963,18834,0.54893062860005,39,31,21260,21010,14230,7426,14261,21410,39082,26157,0,0,16428,11664,17659,3456,4503,443,0,0,0,0,38239,2647,4786,0,0,0,0,0
613,2069,614.6474100267158,99825,81,63,120,51,35974,18842,0.5491209616829451,43,28,21349,21104,14134,7384,14271,21368,39142,26232,0,0,16354,11619,17722,3444,4522,444,0,0,0,0,38289,2643,4788,0,0,0,0,0
614,2069,615.343244938437,99825,82,64,120,51,35982,18846,0.5492411720510894,42,27,21383,21118,14059,7360,14312,21378,39202,26307,0,0,16287,11572,17775,3430,4537,445,0,0,0,0,38349,2636,4794,0,0,0,0,0
615,2069,616.0381251482054,99825,85,65,120,51,35991,18851,0.549381417480591,38,24,21403,21151,14003,7321,14349,21386,39261,26382,0,0,16223,11527,17824,3422,4547,446,0,0,0,0,38407,2619,4810,0,0,0,0,0
616,2069,617.4250306704719,99825,77,66,120,51,35998,18861,0.5495517155021288,36,18,21440,21171,13947,7308,14378,21384,39320,26456,0,0,16144,11492,17878,3417,4554,447,0,0,0,0,38465,2606,4822,0,0,0,0,0
617,2069,618.0551645662683,99825,77,66,120,51,36001,18864,0.5496118206862008,37,18,21435,21155,13898,7294,14431,21414,39378,26530,0,0,16072,11452,17924,3408,4562,448,0,0,0,0,38531,2596,4832,0,0,0,0,0
618,2069,619.0620844188934,99825,74,66,120,51,36009,18871,0.5497620836463811,34,16,21497,21212,13816,7259,14457,21394,39435,26603,0,0,15997,11414,17969,3401,4572,450,0,0,0,0,38594,2587,4841,0,0,0,0,0
619,2069,620.3966909604534,99825,69,61,120,51,36024,18878,0.5499824693213123,27,12,21581,21298,13729,7223,14472,21353,39492,26676,0,0,15927,11370,18015,3395,4592,451,0,0,0,0,38650,2576,4849,0,0,0,0,0
620,2069,621.2620226531053,99825,64,53,120,51,36031,18880,0.5500726270974204,30,16,21668,21376,13648,7188,14468,21314,39548,26748,0,0,15856,11331,18064,3389,4603,453,0,0,0,0,38706,2566,4857,0,0,0,0,0
621,2069,622.2735032896767,99825,63,45,120,51,36040,18882,0.550182819934886,25,15,21700,21429,13589,7157,14501,21301,39604,26820,0,0,15791,11290,18113,3377,4615,457,0,0,0,0,38760,2556,4866,0,0,0,0,0
622,2069,623.077993621987,99825,57,43,120,51,36041,18885,0.5502228900576008,28,15,21724,21450,13539,7129,14530,21310,39659,26891,0,0,15721,11262,18148,3366,4625,461,0,0,0,0,38821,2543,4878,0,0,0,0,0
623,2069,624.0700500051792,99825,52,39,120,51,36051,18889,0.5503631354871025,27,18,21788,21526,13465,7098,14546,21266,39714,26962,0,0,15649,11222,18200,3360,4635,463,0,0,0,0,38877,2536,4883,0,0,0,0,0
624,2069,625.066298517431,99825,51,41,120,51,36053,18892,0.5504132231404959,26,16,21777,21530,13422,7074,14602,21286,39768,27032,0,0,15584,11186,18238,3347,4649,463,0,0,0,0,38939,2526,4893,0,0,0,0,0
625,2069,626.4103915064296,99825,50,33,120,51,36067,18897,0.550603556223391,18,13,21851,21645,13341,7038,14618,21218,39822,27102,0,0,15523,11144,18283,3336,4668,466,0,0,0,0,38987,2515,4903,0,0,0,0,0
626,2069,627.2072673619498,99825,48,31,120,51,36071,18897,0.5506436263461056,16,16,21868,21668,13293,7009,14653,21223,39875,27172,0,0,15458,11108,18324,3329,4676,467,0,0,0,0,39046,2501,4916,0,0,0,0,0
627,2069,628.1302205765759,99825,49,33,120,51,36075,18902,0.5507337841222139,15,17,21938,21706,13217,6981,14659,21210,39928,27241,0,0,15394,11069,18369,3317,4688,467,0,0,0,0,39104,2494,4923,0,0,0,0,0
628,2069,629.0524498999118,99825,45,30,120,51,36076,18904,0.5507638367142499,17,18,21988,21752,13150,6950,14678,21197,39980,27310,0,0,15337,11031,18416,3304,4702,467,0,0,0,0,39152,2481,4935,0,0,0,0,0
629,2069,630.035422215504,99825,46,36,120,51,36086,18916,0.5509842223891811,37,36,22057,21817,13063,6915,14675,21143,40032,27378,0,0,15265,10997,18450,3295,4713,468,5,0,0,4,39213,2471,4944,0,0,0,0,0
630,2069,631.1739204959807,99825,50,46,120,51,36101,18932,0.5512947658402204,36,25,22113,21889,12989,6882,14690,21105,40083,27446,0,0,15215,10953,18490,3282,4731,469,7,0,0,13,39252,2458,4955,0,0,0,0,0
631,2069,632.3094798872261,99825,50,48,120,51,36106,18941,0.551435011269722,44,21,22177,21937,12917,6861,14690,21080,40134,27513,0,0,15153,10912,18529,3272,4745,469,10,0,0,18,39306,2450,4961,0,0,0,0,0
632,2069,633.4418167892464,99825,54,51,120,51,36119,18949,0.5516453794139744,41,15,22204,21982,12863,6832,14716,21067,40184,27580,0,0,15099,10866,18568,3265,4759,469,11,0,0,24,39353,2440,4971,0,0,0,0,0
633,2069,634.2954378713222,99825,61,48,120,51,36135,18953,0.5518457300275482,45,16,22273,22035,12792,6800,14707,21048,40234,27647,0,0,15029,10824,18608,3261,4765,470,16,0,0,30,39412,2433,4977,0,0,0,0,0
634,2069,635.0552242341108,99825,63,48,120,51,36145,18955,0.5519659403956925,43,21,22317,22055,12733,6783,14722,21040,40283,27713,0,0,14968,10790,18638,3249,4778,473,19,0,0,32,39468,2424,4986,0,0,0,0,0
635,2069,636.1623650141171,99825,65,48,120,51,36155,18960,0.5521162033558727,49,25,22382,22106,12660,6755,14722,21013,40332,27779,0,0,14900,10759,18668,3241,4782,478,22,0,0,38,39527,2415,4995,0,0,0,0,0
636,2069,637.2842454719382,99825,70,40,120,51,36170,18963,0.5522965189080892,46,26,22422,22181,12595,6728,14745,20972,40380,27844,0,0,14845,10724,18700,3231,4798,480,24,0,0,47,39571,2400,5005,0,0,0,0,0
637,2069,638.4037924962206,99825,70,47,120,51,36185,18974,0.5525569747057351,49,21,22472,22223,12536,6698,14751,20958,40428,27909,0,0,14779,10689,18731,3222,4812,482,28,0,0,54,39626,2394,5008,0,0,0,0,0
638,2069,639.5208038740747,99825,74,47,120,51,36201,18980,0.5527773603806662,49,21,22530,22285,12464,6680,14761,20914,40475,27973,0,0,14716,10650,18769,3216,4820,482,34,0,0,64,39673,2385,5016,0,0,0,0,0
639,2069,640.0779360535199,99825,74,41,120,51,36209,18982,0.552877535687453,46,24,22526,22293,12429,6668,14803,20921,40522,28037,0,0,14653,10621,18794,3204,4833,486,38,0,0,70,39726,2377,5023,0,0,0,0,0
640,2069,641.192032381009,99825,77,39,120,51,36225,18986,0.5530778863010268,41,23,22578,22355,12359,6643,14823,20887,40568,28101,0,0,14595,10579,18832,3195,4847,487,40,0,0,78,39774,2372,5026,0,0,0,0,0
641,2069,642.303930027681,99825,72,32,120,51,36236,18990,0.5532281492612071,50,24,22622,22414,12305,6626,14829,20851,40614,28164,0,0,14530,10542,18858,3188,4865,489,47,0,0,84,39826,2366,5030,0,0,0,0,0
642,2069,643.4136219087691,99825,66,30,120,51,36249,18997,0.5534284998747808,44,22,22662,22494,12264,6595,14842,20806,40660,28227,0,0,14462,10508,18887,3181,4878,490,53,0,0,97,39875,2360,5034,0,0,0,0,0
643,2069,644.5212642551894,99825,71,30,120,51,36269,19001,0.5536689206110694,43,21,22719,22566,12207,6559,14838,20771,40705,28289,0,0,14405,10471,18923,3170,4886,494,61,0,0,104,39917,2351,5043,0,0,0,0,0
644,2069,645.0738544105237,99825,67,29,120,51,36276,19003,0.5537590783871775,39,21,22738,22577,12163,6538,14871,20782,40750,28351,0,0,14361,10430,18961,3159,4898,496,62,0,0,112,39952,2339,5055,0,0,0,0,0
645,2069,646.1783496364973,99825,74,31,120,51,36292,19013,0.5540195341848234,37,22,22800,22641,12090,6507,14877,20746,40794,28413,0,0,14315,10391,18996,3145,4918,496,64,0,0,120,39988,2329,5063,0,0,0,0,0
646,2069,647.2796328109491,99825,68,35,120,51,36298,19023,0.5541798146756824,46,20,22842,22706,12034,6481,14888,20705,40838,28474,0,0,14264,10350,19030,3138,4933,496,65,0,0,126,40032,2319,5072,0,0,0,0,0
647,2069,648.0700138240303,99825,71,38,120,51,36310,19027,0.5543400951665415,46,23,22864,22736,11988,6459,14909,20691,40881,28535,0,0,14207,10312,19066,3132,4941,496,70,0,0,128,40082,2311,5080,0,0,0,0,0
648,2069,649.1677733698303,99825,75,39,120,51,36321,19035,0.5545304282494365,55,24,22886,22819,11933,6430,14929,20635,40924,28595,0,0,14152,10280,19095,3121,4953,499,72,0,0,134,40129,2305,5085,0,0,0,0,0
649,2069,650.2643354812311,99825,73,35,120,51,36335,19040,0.5547207613323316,51,23,22949,22865,11869,6411,14936,20613,40967,28655,0,0,14108,10241,19127,3109,4974,500,74,0,0,147,40158,2296,5091,0,0,0,0,0
650,2069,651.3584874567816,99825,70,40,120,51,36336,19046,0.5547908840470824,57,19,22962,22885,11825,6385,14964,20618,41009,28715,0,0,14064,10203,19163,3096,4987,502,75,0,0,147,40201,2289,5098,0,0,0,0,0
651,2069,652.035431823515,99825,79,44,120,51,36352,19054,0.5550313047833709,52,20,22977,22933,11784,6357,14986,20593,41051,28774,0,0,14018,10164,19200,3086,4999,502,78,0,0,152,40239,2279,5108,0,0,0,0,0
652,2069,653.2514312581258,99825,87,45,120,51,36373,19063,0.5553318307037315,45,19,23023,22986,11730,6333,14993,20564,41092,28833,0,0,13961,10131,19222,3084,5012,503,81,0,0,157,40288,2268,5118,0,0,0,0,0
653,2069,654.0962224031692,99825,88,44,120,51,36384,19069,0.5555021287252693,48,24,23088,23041,11673,6310,14981,20528,41133,28891,0,0,13902,10099,19248,3078,5025,504,86,0,0,161,40338,2262,5122,0,0,0,0,0
654,2069,655.183410588527,99825,86,47,120,51,36398,19078,0.555732531930879,53,24,23127,23108,11619,6276,14993,20492,41174,28949,0,0,13855,10055,19289,3070,5036,506,95,0,0,168,40369,2254,5128,0,0,0,0,0
655,2069,656.268414371875,99825,91,45,120,51,36415,19085,0.5559729526671675,52,21,23176,23170,11568,6255,14991,20456,41214,29007,0,0,13797,10026,19311,3063,5050,508,97,0,0,177,40416,2249,5131,0,0,0,0,0
656,2069,657.3512045974073,99825,96,42,120,51,36433,19090,0.5562033558727774,53,23,23220,23241,11522,6232,14987,20409,41254,29064,0,0,13744,9990,19343,3059,5058,509,100,0,0,189,40454,2242,5137,0,0,0,0,0
657,2069,658.431836584324,99825,99,32,120,51,36448,19093,0.5563836714249938,51,26,23255,23296,11482,6215,14991,20378,41294,29121,0,0,13690,9957,19367,3056,5070,510,105,0,0,198,40494,2230,5148,0,0,0,0,0
658,2069,659.5106814386039,99824,100,36,121,51,36467,19100,0.5566497034781215,46,23,23308,23367,11425,6191,14998,20330,41333,29178,0,0,13631,9923,19393,3053,5079,512,108,0,0,205,40542,2226,5152,0,0,0,0,0
659,2069,660.0489783498831,99824,99,37,121,51,36475,19104,0.5567699150504889,43,21,23315,23385,11385,6179,15035,20325,41372,29234,0,0,13585,9886,19426,3047,5088,514,110,0,0,209,40582,2219,5158,0,0,0,0,0
660,2069,661.125324610107,99824,106,38,121,51,36488,19108,0.5569402147780093,41,19,23356,23432,11337,6157,15037,20301,41410,29290,0,0,13537,9854,19454,3040,5099,515,110,0,0,213,40626,2213,5163,0,0,0,0,0
661,2069,662.2260556594167,99824,117,37,121,51,36510,19114,0.5572207084468664,36,18,23403,23477,11288,6133,15033,20282,41448,29346,0,0,13488,9815,19488,3042,5102,517,110,0,0,223,40665,2206,5168,0,0,0,0,0
662,2069,663.115949391902,99824,119,35,121,51,36525,19119,0.5574210610674788,47,19,23428,23517,11236,6104,15047,20272,41486,29401,0,0,13436,9783,19512,3040,5114,517,111,0,0,231,40708,2198,5174,0,0,0,0,0
663,2069,664.4230476878394,99824,114,39,121,51,36548,19128,0.5577416252604585,51,20,23554,23636,11160,6059,14998,20193,41523,29456,0,0,13393,9744,19542,3035,5126,521,114,0,0,244,40735,2188,5182,0,0,0,0,0
664,2069,665.0221553219254,99823,115,42,122,51,36557,19131,0.5578674253428568,49,25,23556,23647,11127,6039,15029,20194,41560,29510,0,0,13345,9712,19572,3027,5136,522,115,0,0,246,40779,2183,5186,0,0,0,0,0
665,2069,666.0134617895447,99823,119,43,122,51,36573,19138,0.5580978331647015,54,25,23612,23704,11076,6015,15015,20160,41597,29564,0,0,13298,9676,19606,3022,5143,524,117,0,0,258,40812,2180,5187,0,0,0,0,0
666,2069,667.0760541808319,99823,111,46,122,51,36582,19147,0.5582781523296234,63,27,23642,23778,11036,5991,15024,20105,41633,29618,0,0,13255,9637,19637,3021,5151,527,119,0,0,267,40844,2172,5193,0,0,0,0,0
667,2069,668.1368468052304,99823,114,51,122,51,36601,19158,0.55857868427116,58,28,23684,23828,10991,5966,15029,20074,41669,29671,0,0,13212,9607,19663,3010,5165,529,124,0,0,276,40873,2161,5203,0,0,0,0,0
668,2069,669.195809480723,99823,118,55,122,51,36621,19168,0.5588792162126964,55,30,23735,23878,10940,5943,15028,20041,41705,29724,0,0,13166,9577,19687,3004,5178,530,128,0,0,285,40906,2150,5212,0,0,0,0,0
669,2069,670.252487953669,99823,116,54,122,51,36632,19172,0.5590294821834647,65,32,23793,23942,10875,5917,15027,20002,41740,29777,0,0,13119,9546,19713,2998,5189,531,131,0,0,292,40942,2144,5218,0,0,0,0,0
670,2069,671.3066505153296,99822,115,53,122,52,36651,19179,0.5592955460720082,58,30,23842,24005,10836,5889,15025,19969,41775,29829,0,0,13071,9512,19736,2996,5201,534,136,0,0,300,40977,2138,5221,0,0,0,0,0
671,2069,672.3584834347735,99821,116,55,123,52,36672,19189,0.5596117049518639,54,29,23878,24073,10799,5863,15028,19926,41810,29881,0,0,13025,9476,19765,2992,5213,535,141,0,0,310,41008,2129,5227,0,0,0,0,0
672,2069,673.4087464141197,99821,123,63,123,52,36693,19203,0.5599623325753098,56,22,23925,24137,10748,5846,15023,19878,41844,29933,0,0,12981,9442,19791,2985,5228,536,145,0,0,317,41041,2125,5230,0,0,0,0,0
673,2069,674.4572386355147,99821,120,57,123,52,36707,19208,0.5601526732851805,63,25,23991,24197,10696,5830,15005,19837,41878,29984,0,0,12936,9406,19819,2981,5239,540,150,0,0,328,41070,2123,5229,0,0,0,0,0
674,2069,675.5025633414404,99821,119,52,123,52,36726,19215,0.5604131395197404,62,29,24026,24261,10657,5811,15011,19793,41912,30035,0,0,12889,9381,19838,2968,5262,540,155,0,0,344,41096,2117,5231,0,0,0,0,0
675,2069,676.0243928956415,99821,115,50,123,52,36731,19219,0.5605033009086264,63,31,24023,24272,10633,5795,15041,19798,41946,30086,0,0,12847,9345,19868,2966,5270,541,157,0,0,348,41131,2110,5238,0,0,0,0,0
676,2069,677.0681697898834,99821,112,47,123,52,36744,19225,0.5606936416184971,64,30,24074,24318,10602,5781,15023,19770,41979,30136,0,0,12803,9320,19889,2960,5281,544,161,0,0,360,41159,2101,5243,0,0,0,0,0
677,2069,678.1101734777749,99821,119,49,123,52,36767,19231,0.5609841616493524,51,26,24127,24371,10560,5755,15018,19745,42012,30186,0,0,12763,9289,19913,2951,5296,547,162,0,0,367,41191,2097,5245,0,0,0,0,0
678,2069,679.1498647098534,99821,113,45,123,52,36783,19239,0.5612245920197153,49,33,24180,24422,10530,5746,15003,19700,42045,30236,0,0,12712,9260,19933,2951,5306,547,165,0,0,388,41218,2091,5250,0,0,0,0,0
679,2069,680.1871129562576,99821,115,43,123,52,36798,19248,0.5614650223900782,51,33,24220,24478,10482,5728,15007,19664,42077,30285,0,0,12679,9222,19962,2946,5322,548,167,0,0,398,41239,2085,5253,0,0,0,0,0
680,2069,681.2226314312632,99821,111,42,123,52,36809,19255,0.5616453451678505,52,35,24250,24535,10449,5703,15013,19631,42109,30334,0,0,12636,9193,19983,2939,5340,549,170,0,0,405,41272,2080,5254,0,0,0,0,0
681,2069,682.256856047144,99821,117,43,123,52,36826,19265,0.5619158293345088,50,36,24308,24585,10400,5684,15000,19598,42141,30383,0,0,12590,9170,19999,2934,5355,550,172,0,0,412,41309,2072,5258,0,0,0,0,0
682,2069,683.2887318847883,99821,110,52,123,52,36844,19276,0.562206349365364,53,38,24352,24635,10375,5657,14985,19564,42173,30431,0,0,12548,9138,20022,2935,5360,555,176,0,0,420,41339,2062,5266,0,0,0,0,0
683,2069,684.3190208914929,99821,105,54,123,52,36860,19285,0.5624567976678254,58,37,24403,24688,10341,5635,14968,19532,42204,30479,0,0,12499,9114,20036,2932,5374,555,178,0,0,432,41374,2054,5273,0,0,0,0,0
684,2069,685.3468613092966,99821,100,56,123,52,36877,19293,0.5627072459702868,59,32,24448,24755,10297,5608,14971,19495,42235,30527,0,0,12460,9081,20062,2929,5383,558,184,0,0,444,41395,2046,5279,0,0,0,0,0
685,2069,686.3727970599354,99821,101,51,123,52,36895,19301,0.5629677122048466,57,37,24485,24808,10265,5596,14967,19454,42266,30574,0,0,12415,9060,20074,2916,5408,559,187,0,0,455,41426,2042,5279,0,0,0,0,0
686,2069,687.3971135164211,99821,101,52,123,52,36909,19309,0.5631881067110127,60,34,24527,24860,10230,5585,14957,19415,42296,30621,0,0,12367,9031,20099,2915,5414,560,191,0,0,466,41459,2040,5279,0,0,0,0,0
687,2069,688.4196041180159,99821,101,53,123,52,36925,19319,0.5634485729455726,66,34,24566,24898,10188,5572,14954,19389,42326,30668,0,0,12330,8997,20125,2913,5426,561,196,0,0,474,41483,2031,5285,0,0,0,0,0
688,2069,689.4405215890013,99821,104,56,123,52,36945,19327,0.5637290750443293,74,38,24596,24964,10152,5547,14949,19341,42356,30715,0,0,12286,8971,20141,2909,5439,562,200,0,0,481,41516,2024,5292,0,0,0,0,0
689,2069,690.459910186728,99821,103,54,123,52,36960,19337,0.5639795233467908,76,39,24652,25020,10116,5527,14928,19306,42386,30761,0,0,12246,8950,20157,2901,5451,566,203,0,0,494,41540,2014,5299,0,0,0,0,0
690,2069,691.4774111087598,99821,114,57,123,52,36981,19345,0.564270043377646,72,41,24710,25076,10065,5505,14914,19267,42415,30807,0,0,12208,8926,20176,2895,5464,567,204,0,0,498,41573,2005,5305,0,0,0,0,0
691,2069,692.4922350732521,99821,116,63,123,52,36997,19358,0.5645605634085012,70,38,24754,25122,10022,5487,14913,19236,42444,30853,0,0,12178,8894,20203,2889,5474,571,206,0,0,506,41593,1997,5310,0,0,0,0,0
692,2069,693.5052464923856,99821,111,59,123,52,37014,19366,0.5648110117109626,79,40,24789,25194,9997,5470,14899,19183,42473,30898,0,0,12143,8862,20224,2882,5490,573,212,0,0,518,41610,1989,5318,0,0,0,0,0
693,2069,694.0109453910301,99821,115,61,123,52,37023,19374,0.5649813165566364,77,37,24796,25218,9973,5459,14914,19171,42502,30943,0,0,12106,8841,20241,2873,5503,573,213,0,0,524,41640,1981,5326,0,0,0,0,0
694,2069,695.0221201575395,99821,116,61,123,52,37046,19383,0.565301890383787,75,41,24836,25270,9941,5451,14907,19123,42530,30988,0,0,12060,8817,20255,2871,5516,577,218,0,0,532,41673,1976,5326,0,0,0,0,0
695,2069,696.0317249655692,99821,118,63,123,52,37065,19396,0.5656224642109375,72,37,24878,25324,9908,5442,14899,19080,42558,31033,0,0,12018,8788,20278,2866,5529,579,223,0,0,541,41701,1972,5326,0,0,0,0,0
696,2069,697.0395752146986,99821,121,63,123,52,37083,19403,0.565872912513399,72,37,24933,25377,9879,5428,14870,19041,42586,31077,0,0,11986,8763,20300,2854,5543,583,223,0,0,551,41722,1968,5328,0,0,0,0,0
697,2069,698.0452559210952,99821,130,68,123,52,37108,19414,0.5662335580689434,77,36,24963,25424,9846,5413,14859,19005,42614,31121,0,0,11950,8733,20319,2849,5560,584,227,0,0,556,41749,1964,5330,0,0,0,0,0
698,2069,699.0494200154131,99821,127,71,123,52,37125,19422,0.5664840063714048,79,38,25011,25494,9815,5394,14843,18949,42641,31165,0,0,11908,8705,20338,2845,5573,585,233,0,0,563,41778,1960,5333,0,0,0,0,0
699,2069,700.0514499728795,99821,134,73,123,52,37153,19432,0.5668646877911462,75,35,25051,25539,9780,5384,14835,18915,42668,31208,0,0,11869,8682,20350,2840,5591,587,238,0,0,570,41804,1954,5336,0,0,0,0,0
700,2069,701.051957683235,99821,132,67,123,52,37170,19443,0.5671451898899029,76,34,25078,25595,9753,5368,14836,18882,42695,31251,0,0,11832,8655,20367,2837,5608,588,241,0,0,586,41822,1947,5338,0,0,0,0,0
701,2069,702.0513384380195,99821,129,65,123,52,37188,19453,0.5674256919886597,81,33,25114,25659,9717,5358,14834,18831,42722,31294,0,0,11801,8630,20389,2827,5626,590,244,0,0,602,41834,1938,5340,0,0,0,0,0
702,2069,703.049508284821,99821,134,69,123,52,37208,19463,0.5677262299516134,87,35,25138,25702,9685,5343,14831,18797,42748,31337,0,0,11762,8602,20410,2828,5633,591,250,0,0,608,41861,1930,5346,0,0,0,0,0
703,2069,704.046326353839,99821,136,73,123,52,37234,19473,0.5680868755071579,81,35,25195,25771,9652,5323,14811,18744,42774,31379,0,0,11730,8571,20434,2817,5649,595,259,0,0,617,41875,1928,5346,0,0,0,0,0
704,2069,705.0413197268791,99821,132,76,123,52,37250,19484,0.5683573596738162,92,40,25228,25828,9639,5305,14784,18697,42800,31421,0,0,11695,8539,20458,2813,5663,595,264,0,0,628,41894,1924,5348,0,0,0,0,0
705,2069,706.0345809135302,99821,133,79,123,52,37272,19494,0.5686779335009667,90,43,25271,25890,9613,5291,14768,18643,42826,31463,0,0,11658,8520,20469,2806,5677,599,263,0,0,644,41916,1922,5347,0,0,0,0,0
706,2069,707.0261992000046,99821,137,80,123,52,37293,19506,0.5690085252602158,89,37,25324,25927,9571,5283,14754,18619,42852,31504,0,0,11624,8495,20487,2803,5683,604,265,0,0,658,41934,1917,5351,0,0,0,0,0
707,2069,708.0158504062055,99818,146,78,125,53,37321,19516,0.5694063195014927,86,36,25352,25982,9553,5270,14736,18579,42877,31545,0,0,11588,8475,20501,2795,5695,605,269,0,0,675,41947,1909,5359,0,0,0,0,0
708,2069,709.0038779289158,99818,150,73,125,53,37344,19522,0.5696968482638401,93,39,25374,26024,9524,5266,14732,18543,42902,31586,0,0,11553,8454,20512,2788,5715,606,271,0,0,686,41969,1902,5362,0,0,0,0,0
709,2069,710.4842962498267,99818,143,76,125,53,37372,19535,0.5701075958244004,100,38,25450,26114,9493,5247,14687,18470,42927,31627,0,0,11515,8426,20525,2793,5729,608,273,0,0,704,41985,1895,5365,0,0,0,0,0
710,2069,711.4686909911446,99818,150,70,125,53,37407,19547,0.570578452784067,80,35,25485,26156,9480,5250,14678,18434,42952,31667,0,0,11479,8397,20541,2791,5743,612,279,0,0,722,41997,1889,5368,0,0,0,0,0
711,2069,712.4519564295751,99818,150,75,125,53,37433,19556,0.5709290909455208,72,41,25522,26201,9468,5233,14661,18395,42976,31707,0,0,11444,8373,20554,2793,5756,614,281,0,0,731,42021,1880,5371,0,0,0,0,0
712,2069,713.4336255273656,99818,144,73,125,53,37449,19569,0.5712196197078683,79,43,25573,26248,9435,5214,14642,18367,43000,31747,0,0,11412,8344,20569,2791,5772,618,285,0,0,743,42037,1876,5371,0,0,0,0,0
713,2069,714.4135244204634,99818,147,81,125,53,37467,19584,0.5715502214029534,85,34,25620,26292,9401,5197,14620,18341,43024,31787,0,0,11370,8324,20581,2790,5778,621,290,0,0,751,42066,1872,5375,0,0,0,0,0
714,2069,715.3913544520411,99818,142,75,125,53,37487,19593,0.5718407501653009,88,31,25668,26362,9377,5193,14598,18284,43048,31826,0,0,11339,8302,20590,2783,5801,625,292,0,0,764,42081,1867,5374,0,0,0,0,0
715,2069,716.367691179682,99818,135,68,125,53,37505,19603,0.5721212606944639,88,30,25701,26408,9361,5195,14588,18244,43072,31865,0,0,11299,8278,20602,2781,5816,627,296,0,0,783,42097,1866,5373,0,0,0,0,0
716,2069,717.3426294061064,99818,128,60,125,53,37526,19607,0.5723717165240738,96,38,25733,26472,9345,5187,14571,18188,43095,31904,0,0,11263,8253,20616,2777,5832,628,305,0,0,800,42107,1860,5377,0,0,0,0,0
717,2069,718.3164933707955,99817,125,60,126,53,37547,19613,0.5726479457407055,104,41,25766,26541,9332,5167,14545,18136,43118,31943,0,0,11225,8231,20631,2776,5838,631,309,0,0,815,42126,1856,5379,0,0,0,0,0
718,2069,719.2888817372595,99816,125,67,126,54,37567,19626,0.5729842910956159,107,34,25792,26591,9311,5147,14537,18105,43141,31981,0,0,11192,8209,20641,2775,5850,634,308,0,0,824,42150,1852,5381,0,0,0,0,0
719,2069,720.2604523825428,99816,139,69,126,54,37598,19635,0.5733850284523523,99,36,25835,26641,9278,5131,14521,18067,43164,32019,0,0,11163,8189,20653,2769,5865,635,310,0,0,836,42165,1845,5386,0,0,0,0,0
720,2069,721.2302866321996,99816,145,66,126,54,37619,19640,0.573645507734231,98,34,25858,26701,9255,5126,14516,18017,43187,32057,0,0,11133,8167,20671,2765,5871,638,311,0,0,851,42179,1841,5389,0,0,0,0,0
721,2069,722.1990143462505,99816,150,63,126,54,37643,19649,0.5739761160535385,98,34,25908,26768,9222,5113,14494,17966,43210,32095,0,0,11102,8137,20690,2765,5884,638,313,0,0,864,42194,1838,5391,0,0,0,0,0
722,2069,723.1661248584786,99816,159,65,126,54,37675,19664,0.5744469824477038,83,31,25968,26818,9197,5103,14465,17927,43232,32132,0,0,11071,8115,20698,2762,5901,640,318,0,0,878,42206,1831,5396,0,0,0,0,0
723,2069,724.1310691943632,99816,158,73,126,54,37698,19676,0.5747976276348481,77,29,26019,26870,9169,5092,14449,17880,43254,32169,0,0,11038,8094,20707,2762,5915,641,321,0,0,887,42227,1823,5401,0,0,0,0,0
724,2069,725.0939216107785,99816,154,68,126,54,37716,19683,0.5750480884828084,80,36,26043,26928,9155,5079,14440,17833,43276,32206,0,0,10995,8078,20711,2759,5932,642,325,0,0,899,42254,1820,5401,0,0,0,0,0
725,2069,726.0559399551453,99816,151,65,126,54,37735,19690,0.575308567764687,82,49,26095,26976,9125,5060,14419,17794,43298,32243,0,0,10964,8051,20730,2755,5946,643,332,0,0,912,42265,1816,5402,0,0,0,0,0
726,2069,727.0163689450005,99816,158,66,126,54,37759,19699,0.5756391760839945,78,45,26153,27020,9093,5053,14390,17760,43320,32279,0,0,10938,8031,20743,2750,5958,645,333,0,0,924,42277,1808,5409,0,0,0,0,0
727,2069,728.4527534497107,99816,156,65,126,54,37781,19712,0.5759898212711388,95,47,26215,27105,9051,5042,14355,17685,43341,32315,0,0,10912,8000,20765,2748,5971,646,339,0,0,943,42278,1804,5410,0,0,0,0,0
728,2069,729.408220714518,99816,155,68,126,54,37804,19724,0.5763404664582833,87,40,26254,27173,9032,5021,14344,17642,43362,32351,0,0,10884,7983,20769,2737,5992,651,342,0,0,955,42290,1803,5410,0,0,0,0,0
729,2069,730.362533341006,99816,142,73,126,54,37821,19736,0.5766310010419171,91,43,26287,27210,9019,5010,14333,17608,43383,32387,0,0,10851,7960,20784,2733,6004,655,350,0,0,970,42300,1800,5409,0,0,0,0,0
730,2069,731.3156296790062,99816,135,73,126,54,37840,19747,0.5769315540594694,88,44,26317,27260,9007,5004,14325,17563,43404,32423,0,0,10814,7944,20788,2725,6026,658,356,0,0,979,42321,1797,5408,0,0,0,0,0
731,2069,732.2676930148916,99816,131,70,126,54,37855,19759,0.5772020517752665,93,40,26361,27301,8994,4999,14293,17534,43425,32458,0,0,10780,7921,20800,2727,6035,661,362,0,0,992,42336,1792,5410,0,0,0,0,0
732,2069,733.2181362643116,99816,129,74,126,54,37872,19772,0.5775026047928188,99,30,26400,27344,8963,4997,14281,17499,43446,32493,0,0,10751,7896,20816,2725,6045,662,366,0,0,1005,42348,1787,5415,0,0,0,0,0
733,2069,734.1673566504635,99816,134,68,126,54,37889,19778,0.5777330287729422,97,36,26429,27386,8943,4995,14269,17459,43466,32528,0,0,10716,7881,20825,2723,6052,663,369,0,0,1019,42366,1781,5421,0,0,0,0,0
734,2069,735.1152327712588,99815,142,72,127,54,37917,19788,0.5781195211140611,87,42,26465,27431,8914,4979,14263,17420,43486,32563,0,0,10692,7855,20842,2720,6066,663,370,0,0,1031,42377,1778,5421,0,0,0,0,0
735,2069,736.062196968363,99815,136,65,127,54,37935,19793,0.578349947402695,92,45,26508,27488,8889,4962,14246,17384,43506,32597,0,0,10666,7835,20853,2712,6086,664,376,0,0,1046,42381,1772,5424,0,0,0,0,0
736,2069,737.0075130627795,99815,134,63,127,54,37951,19803,0.5786104292941943,91,41,26555,27529,8862,4954,14229,17357,43526,32631,0,0,10630,7822,20862,2703,6097,668,384,0,0,1058,42397,1768,5426,0,0,0,0,0
737,2069,738.4223415262225,99815,141,69,127,54,37990,19822,0.5791915042829234,85,36,26618,27613,8843,4939,14184,17287,43546,32665,0,0,10599,7807,20863,2701,6110,674,386,0,0,1078,42406,1760,5431,0,0,0,0,0
738,2069,739.3634987519122,99814,144,63,128,54,38009,19826,0.579427735588194,92,38,26645,27647,8825,4938,14164,17258,43566,32699,0,0,10568,7788,20874,2696,6123,675,388,0,0,1091,42422,1758,5431,0,0,0,0,0
739,2069,740.3037866250344,99814,147,66,128,54,38028,19834,0.5796982387240267,88,42,26687,27698,8807,4917,14141,17221,43585,32733,0,0,10542,7766,20892,2688,6134,676,390,0,0,1104,42433,1758,5431,0,0,0,0,0
740,2069,741.2426863028705,99814,154,73,128,54,38047,19851,0.5800589095718035,93,38,26706,27754,8790,4908,14127,17171,43604,32766,0,0,10510,7749,20901,2688,6144,676,390,0,0,1114,42454,1754,5434,0,0,0,0,0
741,2069,742.1804864525651,99814,164,83,128,54,38074,19867,0.5804897108622037,83,32,26737,27799,8771,4892,14115,17138,43623,32799,0,0,10486,7730,20915,2681,6156,678,391,0,0,1126,42465,1750,5436,0,0,0,0,0
742,2069,743.117333633949,99814,159,77,128,54,38084,19875,0.5806700462860921,88,35,26780,27856,8747,4885,14096,17091,43642,32832,0,0,10459,7712,20927,2672,6171,679,395,0,0,1143,42471,1748,5437,0,0,0,0,0
743,2069,744.0526487158307,99814,158,76,128,54,38101,19882,0.5809104935179433,92,36,26806,27913,8734,4869,14080,17050,43661,32865,0,0,10431,7698,20933,2668,6180,683,398,0,0,1154,42485,1740,5444,0,0,0,0,0
744,2069,745.4533431202185,99814,162,75,128,54,38132,19899,0.5813913879816459,91,38,26887,27983,8698,4865,14032,16983,43680,32898,0,0,10400,7680,20941,2667,6195,685,400,0,0,1176,42490,1735,5445,0,0,0,0,0
745,2069,746.385147874313,99814,157,72,128,54,38156,19908,0.5817220029254413,90,41,26941,28029,8671,4860,14011,16942,43699,32930,0,0,10378,7658,20950,2667,6209,687,404,0,0,1196,42488,1727,5450,0,0,0,0,0
746,2069,747.3150733502963,99814,167,72,128,54,38186,19919,0.5821327669465205,76,40,26968,28072,8653,4852,14006,16908,43717,32962,0,0,10349,7636,20964,2665,6219,687,409,0,0,1212,42496,1724,5453,0,0,0,0,0
747,2069,748.2437520250223,99814,169,74,128,54,38207,19929,0.582443344620995,70,38,27023,28121,8633,4844,13975,16867,43735,32994,0,0,10326,7610,20981,2662,6230,689,412,0,0,1224,42504,1723,5453,0,0,0,0,0
748,2069,749.1709470870064,99814,164,73,128,54,38219,19939,0.5826637545835254,78,39,27070,28176,8610,4834,13948,16822,43753,33026,0,0,10294,7598,20985,2656,6244,692,414,0,0,1234,42524,1719,5454,0,0,0,0,0
749,2069,750.0965644821845,99814,160,73,128,54,38234,19947,0.5828941831807162,83,39,27105,28230,8592,4820,13930,16782,43771,33058,0,0,10261,7583,20995,2654,6252,692,415,0,0,1252,42538,1717,5455,0,0,0,0,0
750,2069,751.0207094288917,99814,153,75,128,54,38249,19958,0.5831546676818883,83,39,27126,28265,8594,4810,13914,16755,43789,33089,0,0,10232,7561,21006,2653,6265,693,420,0,0,1261,42553,1713,5457,0,0,0,0,0
751,2069,752.4050810103007,99814,157,70,128,54,38285,19974,0.5836756366842327,74,42,27198,28339,8561,4809,13880,16684,43807,33120,0,0,10205,7538,21015,2652,6279,698,424,0,0,1285,42552,1709,5457,0,0,0,0,0
752,2069,753.3261443206767,99814,140,68,128,54,38298,19985,0.583916083916084,84,43,27240,28388,8547,4803,13859,16642,43825,33151,0,0,10181,7512,21029,2653,6291,701,430,0,0,1303,42552,1703,5459,0,0,0,0,0
753,2069,754.2459343940383,99814,137,72,128,54,38313,19996,0.5841765684172561,85,40,27279,28428,8529,4793,13840,16611,43842,33182,0,0,10154,7497,21040,2648,6298,705,432,0,0,1317,42562,1702,5459,0,0,0,0,0
754,2069,755.1643751136093,99814,137,83,128,54,38328,20014,0.5845071833610516,84,33,27328,28472,8501,4784,13820,16572,43859,33213,0,0,10127,7478,21054,2644,6306,706,435,0,0,1330,42573,1701,5460,0,0,0,0,0
755,2069,756.0812078435948,99812,138,87,130,54,38350,20026,0.5848595359275438,82,33,27358,28513,8481,4772,13809,16539,43876,33243,0,0,10105,7454,21066,2643,6316,708,438,0,0,1341,42581,1698,5462,0,0,0,0,0
756,2069,757.45433940823,99812,147,90,130,54,38384,20043,0.5853704965334829,75,39,27407,28574,8461,4763,13778,16478,43893,33273,0,0,10080,7436,21075,2640,6330,710,443,0,0,1360,42582,1692,5464,0,0,0,0,0
757,2069,758.3682665714174,99811,132,89,131,54,38400,20054,0.5856468725891936,76,43,27433,28622,8461,4755,13765,16435,43910,33303,0,0,10051,7424,21078,2633,6346,714,446,0,0,1380,42587,1689,5463,0,0,0,0,0
758,2069,759.2814118632485,99811,135,96,131,54,38419,20066,0.5859574595986414,75,40,27472,28667,8433,4745,13752,16396,43927,33333,0,0,10025,7405,21093,2633,6351,716,451,0,0,1387,42601,1682,5467,0,0,0,0,0
759,2069,760.1934623396273,99811,130,91,131,54,38431,20072,0.5861378004428369,81,44,27509,28726,8421,4734,13726,16349,43944,33363,0,0,10005,7378,21108,2635,6359,718,453,0,0,1399,42607,1678,5471,0,0,0,0,0
760,2069,761.1043340682551,99811,131,90,131,54,38445,20079,0.5863481980943984,94,42,27531,28766,8401,4727,13710,16319,43960,33392,0,0,9976,7363,21119,2636,6362,718,455,0,0,1414,42619,1674,5475,0,0,0,0,0
761,2069,762.014200867512,99811,132,93,131,54,38461,20092,0.5866387472322689,90,44,27550,28826,8386,4720,13709,16261,43976,33421,0,0,9951,7345,21131,2636,6365,722,457,0,0,1427,42629,1671,5477,0,0,0,0,0
762,2069,763.3773456175121,99811,128,88,131,54,38484,20111,0.5870595425353919,89,43,27630,28893,8351,4722,13669,16198,43992,33450,0,0,9922,7331,21129,2635,6381,728,461,0,0,1448,42632,1668,5476,0,0,0,0,0
763,2069,764.2840719131711,99811,134,83,131,54,38513,20121,0.5874502810311488,79,43,27658,28937,8345,4721,13651,16160,44008,33479,0,0,9898,7300,21145,2641,6390,731,468,0,0,1457,42639,1665,5477,0,0,0,0,0
764,2069,765.1898378553047,99811,136,80,131,54,38534,20128,0.5877308112332308,65,43,27711,28991,8330,4709,13625,16121,44024,33508,0,0,9875,7284,21152,2642,6401,732,469,0,0,1471,42647,1657,5481,0,0,0,0,0
765,2069,766.0941508241505,99811,138,74,131,54,38548,20137,0.5879612467563695,68,41,27751,29025,8299,4709,13611,16095,44040,33537,0,0,9853,7273,21161,2635,6408,738,471,0,0,1485,42652,1652,5483,0,0,0,0,0
766,2069,767.4481457444158,99811,140,80,131,54,38573,20152,0.5883620041879152,69,30,27835,29121,8270,4679,13553,16034,44056,33565,0,0,9831,7250,21173,2637,6416,740,476,0,0,1497,42656,1647,5488,0,0,0,0,0
767,2069,768.3485185988638,99811,133,79,131,54,38585,20163,0.5885924397110539,71,28,27864,29162,8255,4672,13544,16003,44072,33593,0,0,9806,7237,21179,2632,6431,741,480,0,0,1512,42662,1642,5489,0,0,0,0,0
768,2069,769.2477589715412,99811,141,77,131,54,38606,20167,0.5888429131057699,76,32,27902,29189,8235,4664,13513,15982,44087,33621,0,0,9785,7221,21186,2631,6440,742,481,0,0,1521,42673,1637,5494,0,0,0,0,0
769,2069,770.1459220431408,99811,126,76,131,54,38623,20173,0.5890733486289086,85,34,27918,29236,8239,4653,13499,15945,44102,33649,0,0,9763,7204,21192,2627,6453,747,487,0,0,1538,42672,1634,5494,0,0,0,0,0
770,2069,771.0432424405037,99811,124,72,131,54,38644,20180,0.5893538788309906,79,32,27955,29284,8225,4644,13484,15912,44117,33677,0,0,9737,7189,21201,2625,6461,751,489,0,0,1558,42676,1634,5490,0,0,0,0,0
771,2069,772.387343451405,99811,122,64,131,54,38672,20193,0.5897646551983249,75,29,28031,29365,8197,4643,13442,15843,44132,33705,0,0,9713,7164,21208,2630,6477,753,494,0,0,1579,42674,1631,5488,0,0,0,0,0
772,2069,773.2813833314956,99811,108,64,131,54,38685,20200,0.5899650339140976,75,34,28060,29410,8192,4632,13432,15804,44147,33732,0,0,9690,7147,21216,2629,6486,758,497,0,0,1590,42682,1627,5489,0,0,0,0,0
773,2069,774.1746888905602,99811,111,67,131,54,38700,20210,0.5902155073088137,73,33,28076,29443,8181,4626,13426,15775,44162,33759,0,0,9669,7134,21224,2629,6493,760,495,0,0,1602,42693,1623,5489,0,0,0,0,0
774,2069,775.067439812298,99810,114,60,132,54,38717,20213,0.5904218014227032,69,38,28093,29484,8169,4624,13421,15738,44177,33786,0,0,9646,7121,21231,2628,6502,760,495,0,0,1615,42701,1617,5494,0,0,0,0,0
775,2069,776.4049751226128,99810,130,64,132,54,38747,20228,0.5908726580502955,61,32,28154,29557,8132,4610,13389,15681,44192,33813,0,0,9623,7110,21237,2626,6507,763,497,0,0,1629,42708,1609,5501,0,0,0,0,0
776,2069,777.2950761909988,99810,136,63,132,54,38762,20233,0.59107303877367,63,32,28185,29606,8110,4597,13372,15646,44207,33840,0,0,9604,7096,21247,2619,6519,763,499,0,0,1636,42718,1604,5505,0,0,0,0,0
777,2069,778.1842300228512,99810,140,64,132,54,38776,20240,0.5912834385332131,59,35,28232,29651,8085,4585,13350,15609,44221,33867,0,0,9583,7081,21257,2616,6523,768,501,0,0,1642,42731,1603,5505,0,0,0,0,0
778,2069,779.07201541709,99810,140,63,132,54,38795,20248,0.5915539525097686,60,39,28253,29690,8078,4580,13335,15572,44235,33893,0,0,9564,7062,21267,2614,6532,770,503,0,0,1657,42733,1601,5507,0,0,0,0,0
779,2069,780.4020317337553,99810,138,65,132,54,38810,20260,0.591824466486324,63,46,28291,29744,8054,4568,13320,15521,44249,33919,0,0,9545,7049,21270,2604,6549,773,507,0,0,1666,42739,1598,5510,0,0,0,0,0
780,2069,781.2876950971437,99809,130,64,133,54,38825,20265,0.5920307787874841,60,45,28318,29789,8051,4555,13306,15491,44263,33945,0,0,9519,7037,21271,2603,6558,778,510,0,0,1671,42756,1595,5511,0,0,0,0,0
781,2069,782.1725949222963,99809,123,66,133,54,38835,20273,0.5922111232453987,68,45,28360,29830,8036,4543,13278,15460,44277,33971,0,0,9497,7027,21276,2595,6571,778,511,0,0,1683,42765,1590,5516,0,0,0,0,0
782,2069,783.0563609911858,99809,125,73,133,54,38854,20288,0.5925517738881263,66,32,28402,29880,8023,4535,13249,15424,44291,33997,0,0,9474,7010,21286,2594,6577,781,515,0,0,1691,42776,1586,5519,0,0,0,0,0
783,2069,784.3794285540455,99809,121,64,133,54,38867,20298,0.592782214028795,84,37,28452,29935,7992,4533,13216,15375,44305,34023,0,0,9456,6992,21297,2590,6590,783,516,0,0,1710,42773,1583,5519,0,0,0,0,0
784,2069,785.2601339922228,99809,122,68,133,54,38887,20308,0.5930827881253193,81,35,28478,29986,7984,4518,13200,15337,44319,34048,0,0,9432,6979,21305,2589,6593,787,520,0,0,1721,42782,1578,5523,0,0,0,0,0
785,2069,786.1399801142625,99809,118,65,133,54,38900,20316,0.5932931899928864,82,37,28518,30034,7967,4510,13180,15298,44333,34073,0,0,9409,6962,21312,2589,6603,789,524,0,0,1732,42790,1576,5523,0,0,0,0,0
786,2069,787.0186698875298,99809,125,64,133,54,38920,20322,0.5935536875432075,77,40,28559,30071,7939,4506,13165,15263,44347,34098,0,0,9389,6947,21323,2586,6613,790,528,0,0,1736,42801,1571,5525,0,0,0,0,0
787,2069,788.3343957604452,99809,119,60,133,54,38942,20336,0.5939143764590368,77,38,28625,30152,7923,4498,13121,15196,44360,34123,0,0,9370,6930,21324,2588,6629,792,531,0,0,1758,42794,1566,5527,0,0,0,0,0
788,2069,789.209967035264,99809,112,65,133,54,38950,20344,0.5940746826438498,86,37,28654,30203,7910,4483,13103,15156,44373,34148,0,0,9350,6917,21330,2585,6639,792,534,0,0,1765,42804,1560,5533,0,0,0,0,0
789,2069,790.0844569213087,99809,119,66,133,54,38971,20354,0.5943852758769249,87,34,28679,30249,7892,4474,13088,15121,44386,34173,0,0,9332,6906,21335,2581,6648,796,532,0,0,1777,42810,1559,5533,0,0,0,0,0
790,2069,791.3944097512743,99809,120,67,133,54,38996,20364,0.5947359456562034,78,37,28729,30321,7881,4460,13057,15059,44399,34198,0,0,9310,6893,21336,2578,6663,799,535,0,0,1788,42817,1556,5534,0,0,0,0,0
791,2069,792.2665571118467,99809,130,63,133,54,39017,20372,0.5950265006161769,71,36,28774,30369,7860,4453,13030,15023,44412,34222,0,0,9287,6880,21341,2576,6677,800,539,0,0,1793,42831,1553,5532,0,0,0,0,0
792,2069,793.1374712454171,99809,131,68,133,54,39032,20380,0.5952569407568455,69,38,28803,30407,7847,4441,13015,14990,44425,34246,0,0,9266,6866,21349,2576,6681,804,541,0,0,1798,42845,1551,5532,0,0,0,0,0
793,2069,794.0073788732254,99809,117,74,133,54,39040,20393,0.5954673426244126,79,36,28836,30439,7838,4434,12995,14961,44438,34270,0,0,9245,6848,21361,2573,6689,805,546,0,0,1814,42845,1550,5533,0,0,0,0,0
794,2069,795.3103908559033,99809,122,73,133,54,39063,20406,0.5958280315402419,77,37,28906,30511,7808,4431,12952,14892,44451,34294,0,0,9226,6831,21366,2572,6701,807,548,0,0,1828,42848,1547,5535,0,0,0,0,0
795,2069,796.1772917549557,99809,120,66,133,54,39075,20413,0.5960183951347073,79,37,28936,30548,7795,4433,12935,14860,44464,34318,0,0,9206,6821,21369,2566,6714,809,551,0,0,1841,42851,1543,5538,0,0,0,0,0
796,2069,797.0433870974938,99809,120,66,133,54,39095,20420,0.5962889118215792,74,35,28949,30603,7790,4422,12932,14818,44477,34342,0,0,9185,6810,21370,2561,6728,811,552,0,0,1852,42859,1541,5540,0,0,0,0,0
797,2069,798.3414729434453,99809,121,57,133,54,39122,20428,0.5966395816008576,75,44,29003,30654,7775,4420,12891,14769,44490,34366,0,0,9167,6793,21373,2561,6747,812,557,0,0,1869,42855,1534,5541,0,0,0,0,0
798,2069,799.2056289717704,99809,123,64,133,54,39145,20444,0.5970303279263393,70,35,29032,30705,7772,4414,12868,14726,44502,34389,0,0,9141,6783,21377,2558,6760,812,562,0,0,1882,42862,1532,5540,0,0,0,0,0
799,2069,800.0688924869185,99809,120,59,133,54,39158,20452,0.5972407297939064,75,31,29055,30750,7760,4410,12855,14694,44514,34412,0,0,9122,6771,21383,2554,6771,814,562,0,0,1899,42864,1531,5538,0,0,0,0,0
800,2069,801.3622072246916,99809,114,60,133,54,39172,20464,0.5975012273442275,83,30,29110,30812,7742,4388,12816,14654,44526,34435,0,0,9104,6756,21388,2551,6787,815,565,0,0,1911,42866,1529,5537,0,0,0,0,0
801,2069,802.2230725073467,99809,112,56,133,54,39185,20470,0.597691590938693,83,35,29168,30850,7717,4385,12785,14618,44538,34458,0,0,9085,6745,21394,2548,6792,818,568,0,0,1926,42867,1526,5540,0,0,0,0,0
802,2069,803.0825553498959,99809,113,53,133,54,39197,20474,0.597851897123506,82,37,29208,30890,7700,4381,12762,14583,44550,34481,0,0,9071,6733,21402,2542,6803,819,568,0,0,1937,42870,1523,5541,0,0,0,0,0
803,2069,804.3694416748776,99809,120,51,133,54,39227,20484,0.5982526625855383,81,34,29244,30956,7679,4375,12741,14528,44562,34504,0,0,9050,6714,21412,2540,6816,820,573,0,0,1951,42871,1523,5539,0,0,0,0,0
804,2069,805.2262706341917,99809,127,44,133,54,39247,20487,0.5984831027262071,81,38,29268,30985,7663,4373,12726,14504,44574,34527,0,0,9031,6701,21418,2537,6826,822,574,0,0,1963,42877,1523,5537,0,0,0,0,0
805,2069,806.0825195849231,99809,128,49,133,54,39262,20500,0.5987636385496298,77,31,29296,31017,7647,4362,12717,14485,44586,34549,0,0,9017,6683,21430,2535,6834,824,578,0,0,1972,42878,1520,5538,0,0,0,0,0
806,2069,807.3651819252309,99809,132,52,133,54,39289,20511,0.5991443657385607,66,32,29345,31078,7630,4352,12692,14430,44598,34571,0,0,8994,6676,21430,2534,6842,827,580,0,0,1988,42882,1516,5540,0,0,0,0,0
807,2069,808.2190922712281,99809,128,59,133,54,39307,20522,0.5994349206985342,59,28,29389,31117,7617,4339,12672,14401,44610,34593,0,0,8972,6668,21430,2531,6855,828,584,0,0,1996,42891,1510,5544,0,0,0,0,0
808,2069,809.0720232601279,99809,121,62,133,54,39326,20530,0.5997054373854062,54,21,29423,31144,7618,4333,12649,14384,44622,34615,0,0,8952,6658,21427,2529,6873,830,584,0,0,2005,42901,1507,5543,0,0,0,0,0
809,2069,810.3493212623586,99809,116,61,133,54,39345,20536,0.5999559157991764,58,24,29472,31186,7605,4325,12614,14348,44633,34637,0,0,8937,6641,21433,2533,6876,837,585,0,0,2015,42904,1503,5545,0,0,0,0,0
810,2069,811.1998456221421,99809,117,57,133,54,39357,20541,0.6001262411205402,61,27,29491,31220,7591,4322,12605,14318,44644,34659,0,0,8923,6627,21440,2532,6882,839,584,0,0,2028,42906,1501,5547,0,0,0,0,0
811,2069,812.0496958160683,99809,116,49,133,54,39371,20548,0.6003366429881073,61,24,29517,31263,7576,4323,12595,14285,44655,34681,0,0,8907,6612,21446,2529,6896,839,588,0,0,2043,42903,1498,5548,0,0,0,0,0
812,2069,813.3231437279627,99809,114,48,133,54,39381,20559,0.6005470448556743,64,27,29570,31321,7549,4318,12568,14230,44666,34703,0,0,8891,6599,21451,2529,6907,839,590,0,0,2054,42906,1492,5551,0,0,0,0,0
813,2069,814.1707090298647,99808,123,43,134,54,39398,20561,0.6007434273805707,64,34,29596,31356,7528,4315,12553,14196,44677,34724,0,0,8875,6587,21460,2525,6913,842,592,0,0,2058,42914,1490,5552,0,0,0,0,0
814,2069,815.0175989669754,99808,129,41,134,54,39414,20567,0.6009638505931388,64,34,29641,31395,7505,4308,12525,14166,44688,34745,0,0,8861,6570,21470,2526,6920,843,592,0,0,2065,42921,1487,5553,0,0,0,0,0
815,2069,816.2854943269772,99808,119,45,134,54,39430,20580,0.6012544084642514,73,33,29713,31448,7480,4299,12479,14119,44699,34766,0,0,8844,6555,21476,2522,6932,845,598,0,0,2081,42916,1484,5555,0,0,0,0,0
816,2069,817.1290716010392,99808,124,44,134,54,39449,20584,0.6014848509137544,70,31,29737,31508,7463,4284,12470,14077,44710,34787,0,0,8826,6546,21480,2523,6936,846,598,0,0,2091,42923,1478,5561,0,0,0,0,0
817,2069,818.3928313277246,99807,116,45,135,54,39466,20590,0.6017213221517529,75,36,29789,31574,7447,4268,12436,14021,44721,34808,0,0,8809,6536,21480,2525,6948,848,596,0,0,2103,42929,1473,5560,0,0,0,0,0
818,2069,819.2341835363412,99807,118,50,135,54,39481,20596,0.6019317282354945,69,32,29805,31617,7438,4257,12433,13988,44732,34829,0,0,8800,6518,21492,2523,6955,850,596,0,0,2108,42933,1470,5562,0,0,0,0,0
819,2069,820.0749611829037,99807,121,50,135,54,39498,20604,0.6021822116685203,67,30,29837,31652,7424,4249,12414,13963,44743,34850,0,0,8782,6505,21498,2521,6966,852,597,0,0,2115,42943,1469,5559,0,0,0,0,0
820,2069,821.334507513471,99807,124,54,135,54,39519,20613,0.6024827917881511,64,26,29889,31709,7399,4240,12387,13915,44754,34871,0,0,8762,6494,21501,2521,6974,856,599,0,0,2118,42957,1465,5560,0,0,0,0,0
821,2069,822.1729968876549,99807,129,56,135,54,39535,20619,0.6027032172092138,63,24,29913,31741,7388,4231,12370,13892,44765,34891,0,0,8744,6480,21512,2519,6978,858,602,0,0,2123,42966,1465,5560,0,0,0,0,0
822,2069,823.0107752423161,99807,128,51,135,54,39547,20624,0.6028735459436713,62,22,29951,31788,7375,4221,12347,13862,44776,34911,0,0,8728,6469,21519,2515,6985,860,605,0,0,2136,42966,1462,5562,0,0,0,0,0
823,2069,824.265575869558,99806,128,44,135,55,39565,20629,0.603110033464922,55,23,30009,31860,7364,4222,12307,13794,44786,34931,0,0,8707,6458,21522,2517,6993,863,609,0,0,2144,42973,1458,5562,0,0,0,0,0
824,2069,825.1008603497104,99806,125,36,135,55,39575,20632,0.603240286155141,59,28,30050,31912,7343,4213,12286,13754,44796,34951,0,0,8691,6450,21528,2513,6999,866,610,0,0,2160,42972,1456,5561,0,0,0,0,0
825,2069,826.3519107562535,99806,116,36,135,55,39591,20644,0.6035208304109974,61,28,30102,31971,7325,4211,12259,13697,44806,34971,0,0,8674,6437,21532,2514,7006,871,613,0,0,2175,42970,1452,5562,0,0,0,0,0
826,2069,827.1848133204475,99806,121,40,135,55,39604,20648,0.603691160852053,66,27,30120,32005,7310,4197,12246,13674,44816,34991,0,0,8661,6426,21541,2509,7011,873,612,0,0,2179,42980,1451,5563,0,0,0,0,0
827,2069,828.0169187854275,99806,122,40,135,55,39619,20652,0.603881530168527,66,26,30143,32043,7302,4188,12230,13646,44826,35011,0,0,8645,6414,21547,2509,7016,875,613,0,0,2186,42987,1448,5566,0,0,0,0,0
828,2069,829.2637237101474,99806,127,36,135,55,39640,20660,0.6041720938620925,67,25,30194,32107,7289,4176,12186,13599,44836,35031,0,0,8629,6401,21558,2506,7022,876,617,0,0,2205,42980,1446,5566,0,0,0,0,0
829,2069,830.0937868315735,99806,125,33,135,55,39657,20664,0.6043825020539847,67,24,30230,32140,7281,4172,12160,13574,44846,35051,0,0,8614,6391,21559,2503,7033,878,618,0,0,2218,42981,1443,5568,0,0,0,0,0
830,2069,831.3371108864519,99806,125,39,135,55,39683,20675,0.6047532212492235,62,23,30287,32200,7276,4159,12113,13522,44856,35070,0,0,8602,6372,21566,2507,7044,879,620,0,0,2226,42981,1439,5570,0,0,0,0,0
831,2069,832.1647255937904,99806,130,41,135,55,39697,20682,0.6049636294411158,62,25,30315,32229,7261,4147,12095,13501,44866,35089,0,0,8594,6354,21579,2505,7049,881,620,0,0,2233,42982,1438,5571,0,0,0,0,0
832,2069,833.4046478006537,99806,123,38,135,55,39712,20688,0.605174037633008,63,30,30362,32293,7249,4130,12066,13452,44876,35108,0,0,8576,6341,21583,2507,7059,881,625,0,0,2245,42983,1432,5574,0,0,0,0,0
833,2069,834.2300905818214,99806,125,42,135,55,39723,20696,0.605364406949482,66,28,30403,32330,7229,4120,12040,13423,44886,35127,0,0,8562,6329,21592,2505,7064,881,625,0,0,2255,42987,1431,5575,0,0,0,0,0
834,2069,835.0544562234597,99806,123,42,135,55,39734,20699,0.6055046790774101,65,36,30436,32352,7222,4106,12017,13407,44896,35146,0,0,8550,6321,21595,2500,7074,882,625,0,0,2263,42991,1426,5579,0,0,0,0,0
835,2069,836.2891935821542,99806,128,46,135,55,39755,20710,0.6058253010841032,70,35,30495,32410,7193,4091,11977,13361,44906,35165,0,0,8528,6312,21595,2501,7082,882,626,0,0,2276,42999,1426,5579,0,0,0,0,0
836,2069,837.1109576991882,99805,129,49,136,55,39767,20717,0.6060217423976755,71,35,30539,32434,7177,4083,11946,13342,44916,35184,0,0,8516,6302,21599,2500,7087,884,625,0,0,2284,43004,1423,5581,0,0,0,0,0
837,2069,838.3415972189282,99805,113,46,136,55,39777,20728,0.6062321526977607,80,31,30587,32485,7173,4078,11909,13303,44925,35203,0,0,8501,6285,21607,2502,7095,888,629,0,0,2300,42997,1422,5579,0,0,0,0,0
838,2069,839.1608224882485,99805,127,46,136,55,39800,20731,0.6064926606883423,71,30,30625,32532,7156,4068,11883,13267,44934,35222,0,0,8484,6278,21610,2500,7100,889,629,0,0,2308,43006,1421,5580,0,0,0,0,0
839,2069,840.387809612206,99805,117,45,136,55,39814,20739,0.6067130905265268,74,33,30691,32591,7134,4060,11846,13214,44943,35240,1,1,8465,6270,21609,2498,7110,893,632,0,0,2320,43008,1420,5579,0,1,0,0,0
840,2069,841.2044317894963,99805,114,50,136,55,39825,20746,0.606893442212314,75,38,30727,32625,7120,4052,11826,13178,44952,35258,2,2,8448,6265,21609,2495,7114,897,632,0,0,2327,43016,1419,5580,0,1,1,0,1
841,2069,842.0200352046136,99805,121,51,136,55,39840,20754,0.6071238915885978,72,36,30749,32656,7104,4047,11816,13153,44961,35276,3,3,8433,6256,21613,2494,7121,898,632,0,0,2333,43022,1417,5581,0,1,1,0,3
842,2069,843.2419717797168,99805,120,53,136,55,39862,20767,0.6074745754220731,68,36,30798,32705,7093,4039,11783,13110,44970,35294,4,4,8419,6243,21615,2492,7135,899,635,0,0,2349,43016,1414,5582,0,1,1,0,4
843,2069,844.055503018133,99805,116,51,136,55,39880,20774,0.6077250638745554,62,38,30824,32735,7086,4034,11774,13085,44979,35312,6,5,8404,6232,21617,2491,7141,906,638,0,0,2359,43016,1411,5583,0,1,1,0,5
844,2069,845.274649221444,99805,114,52,136,55,39899,20783,0.6080056109413357,66,33,30882,32799,7077,4024,11723,13035,44988,35330,8,6,8388,6226,21615,2489,7153,909,641,0,0,2371,43017,1406,5581,0,1,3,0,5
845,2069,846.0861938826896,99805,117,60,136,55,39918,20796,0.608326236160513,64,26,30908,32823,7068,4017,11705,13017,44997,35348,11,8,8373,6217,21616,2488,7161,910,642,0,0,2380,43018,1402,5584,0,1,5,0,8
846,2069,847.3019784432046,99805,114,59,136,55,39938,20804,0.6086067832272932,61,33,30951,32873,7057,4002,11679,12976,45006,35366,15,10,8360,6203,21619,2486,7171,915,645,0,0,2390,43013,1400,5583,0,1,6,0,13
847,2069,848.1116154153152,99805,110,55,136,55,39948,20808,0.6087470567606833,59,36,30990,32898,7037,3995,11666,12959,45015,35384,20,12,8350,6194,21623,2482,7180,917,644,0,0,2404,43007,1397,5582,0,2,8,0,15
848,2069,849.3245484957308,99805,108,57,136,55,39964,20819,0.6090175842893643,61,36,31035,32930,7015,3992,11643,12928,45024,35402,26,15,8337,6185,21627,2483,7186,918,643,0,0,2422,42994,1393,5583,0,3,9,0,22
849,2069,850.1321481175746,99805,107,53,136,55,39975,20824,0.609177896898953,62,37,31055,32965,7004,3994,11634,12894,45033,35419,33,18,8320,6177,21627,2483,7193,921,644,0,0,2430,42994,1392,5580,1,3,10,0,30
850,2069,851.3421669227317,99805,109,52,136,55,39996,20834,0.6094885025800311,58,39,31125,32997,6967,3994,11603,12861,45042,35436,41,21,8306,6167,21627,2481,7206,922,645,0,0,2446,42983,1391,5576,1,3,13,0,38
851,2069,852.1474048400464,99805,113,54,136,55,40008,20839,0.6096588347277191,58,39,31145,33021,6946,3986,11600,12843,45051,35453,50,25,8298,6154,21631,2478,7216,923,645,0,0,2447,42980,1388,5577,1,3,16,0,48
852,2069,853.3542086919587,99805,113,56,136,55,40028,20852,0.6099894794849957,58,34,31178,33056,6938,3985,11575,12812,45060,35470,61,29,8286,6138,21631,2479,7233,924,647,0,0,2452,42972,1385,5575,1,3,20,0,59
853,2069,854.1580077146989,99805,109,60,136,55,40041,20862,0.6102199288612795,57,32,31204,33080,6933,3980,11559,12791,45069,35487,73,34,8272,6127,21625,2476,7245,926,650,0,0,2459,42968,1384,5574,3,3,26,0,67
854,2069,855.3624803145665,99805,110,53,136,55,40062,20869,0.6105004759280597,53,33,31241,33135,6914,3966,11544,12756,45078,35504,87,39,8264,6113,21624,2478,7252,930,651,0,0,2473,42948,1377,5577,3,3,33,0,79
855,2069,856.1646836759228,99805,106,54,136,55,40075,20873,0.6106708080757477,54,35,31257,33154,6915,3953,11530,12747,45086,35521,102,44,8253,6103,21621,2476,7258,934,653,0,0,2479,42941,1373,5578,5,4,39,0,88
856,2069,857.3672475648751,99805,97,54,136,55,40087,20881,0.6108711988377336,60,38,31298,33205,6900,3939,11507,12707,45094,35538,119,50,8236,6093,21613,2479,7265,937,656,0,0,2491,42933,1369,5577,7,4,47,0,98
857,2069,858.1681157097937,99805,98,53,136,55,40094,20887,0.6110014528330244,60,37,31321,33222,6881,3935,11502,12696,45102,35555,138,56,8229,6080,21611,2477,7271,940,655,0,0,2494,42924,1367,5576,10,5,55,0,111
858,2069,859.3682088649138,99805,92,49,136,55,40110,20892,0.6112118631331096,57,33,31378,33267,6857,3927,11478,12667,45110,35572,158,63,8221,6067,21610,2475,7281,948,656,0,0,2502,42904,1364,5573,12,5,59,0,128
859,2069,860.1671579199065,99805,87,50,136,55,40119,20898,0.611362156204599,62,34,31397,33289,6848,3918,11468,12652,45118,35589,180,70,8208,6054,21613,2475,7283,952,658,0,0,2507,42887,1362,5573,14,5,64,0,150
860,2069,861.3645767175644,99805,87,49,136,55,40135,20901,0.6115525274284855,56,36,31458,33346,6821,3899,11440,12613,45126,35605,204,78,8194,6045,21606,2474,7288,956,660,0,0,2515,42875,1360,5570,16,5,75,0,166
861,2069,862.1616033375425,99805,99,48,136,55,40152,20905,0.6117629377285707,46,33,31475,33368,6809,3892,11433,12602,45134,35621,230,86,8184,6035,21604,2473,7290,959,659,0,0,2521,42860,1358,5569,19,5,84,0,185
862,2069,863.3560528256917,99805,103,59,136,55,40175,20919,0.6121336606382446,41,27,31505,33409,6801,3874,11412,12574,45142,35637,258,95,8170,6026,21598,2475,7293,963,660,0,0,2529,42842,1353,5568,23,6,92,0,207
863,2069,864.1517125630005,99805,101,57,136,55,40186,20924,0.6122939732478333,44,25,31529,33435,6788,3864,11400,12562,45150,35653,288,104,8154,6018,21591,2473,7294,971,662,0,0,2535,42828,1352,5566,26,8,100,0,227
864,2069,865.3441145744264,99805,104,54,136,55,40199,20929,0.6124743249336205,48,31,31575,33462,6758,3854,11377,12542,45158,35669,320,114,8140,6008,21583,2472,7300,972,664,0,0,2543,42806,1351,5564,27,10,114,0,251
865,2069,866.1380210254543,99805,99,51,136,55,40209,20935,0.6126346375432092,52,30,31593,33468,6747,3851,11371,12543,45166,35685,354,125,8125,6003,21572,2467,7305,976,668,0,0,2555,42776,1348,5566,28,13,126,0,277
866,2069,867.3278849366867,99805,92,58,136,55,40219,20948,0.612865086919493,55,19,31623,33482,6739,3843,11353,12541,45174,35701,390,136,8109,5994,21558,2468,7310,980,669,0,0,2564,42760,1347,5558,33,14,143,0,298
867,2069,868.3744329033176,99805,91,52,136,55,40240,20953,0.6131255949100747,59,21,31683,33523,6719,3831,11310,12516,45182,35717,429,148,8096,5987,21545,2467,7314,987,672,0,0,2580,42721,1341,5560,37,14,154,0,330
868,2069,869.1656837405221,99805,102,50,136,55,40255,20957,0.6133159661339612,52,23,31709,33543,6698,3815,11301,12512,45190,35733,470,160,8084,5979,21537,2466,7314,992,672,0,0,2584,42697,1338,5559,39,16,168,0,360
869,2069,870.3512236897626,99805,96,45,136,55,40270,20960,0.6134963178197486,48,25,31752,33572,6683,3801,11283,12500,45198,35749,513,173,8071,5969,21524,2465,7318,1000,675,0,0,2595,42661,1336,5557,42,17,182,0,393
870,2069,871.1406802079215,99805,90,49,136,55,40274,20965,0.6135864936626422,55,23,31778,33577,6672,3790,11267,12504,45206,35765,558,187,8060,5958,21521,2463,7319,1007,676,0,0,2597,42628,1336,5553,45,18,192,0,432
871,2069,872.3238287901778,99805,90,46,136,55,40290,20972,0.6138169430389259,53,26,31830,33599,6658,3786,11231,12486,45214,35781,606,201,8045,5948,21510,2462,7322,1011,678,0,0,2610,42594,1335,5545,52,19,209,0,465
872,2069,873.1115040381397,99805,88,47,136,55,40297,20980,0.6139672361104153,53,26,31854,33595,6646,3778,11221,12497,45222,35796,656,216,8036,5933,21494,2462,7325,1016,680,0,0,2613,42563,1334,5543,54,20,234,0,498
873,2069,874.2917580819337,99805,98,49,136,55,40318,20990,0.6142778417914934,48,24,31898,33604,6622,3770,11196,12496,45230,35811,708,231,8021,5924,21481,2460,7324,1024,683,0,0,2620,42530,1332,5540,58,21,252,0,535
874,2069,875.0776428172703,99805,100,51,136,55,40330,20995,0.6144481739391814,45,26,31921,33606,6606,3759,11190,12501,45237,35826,762,247,8011,5916,21462,2457,7323,1033,683,0,0,2624,42501,1331,5536,62,24,275,0,567
875,2069,876.2555271600522,99805,95,49,136,55,40340,21000,0.6145984670106708,44,29,31940,33616,6602,3739,11181,12510,45244,35841,819,264,8000,5906,21444,2456,7328,1039,685,0,0,2632,42459,1329,5530,66,25,297,0,609
876,2069,877.04032230746,99805,92,50,136,55,40348,21008,0.6147587796202595,44,26,31968,33605,6584,3733,11174,12529,45251,35856,878,281,7992,5898,21431,2453,7327,1047,685,0,0,2643,42412,1326,5524,74,26,315,0,652
877,2069,878.2164353909793,99805,92,43,136,55,40361,21015,0.6149591703822453,50,28,32011,33604,6555,3732,11154,12536,45258,35871,939,299,7980,5888,21423,2451,7331,1054,688,0,0,2654,42357,1324,5518,80,28,327,0,702
878,2069,879.3909984461466,99805,91,45,136,55,40376,21023,0.6151896197585291,43,27,32043,33607,6533,3719,11152,12545,45265,35886,1002,318,7972,5879,21415,2445,7335,1060,688,0,0,2666,42296,1323,5511,85,30,343,0,757
879,2069,880.1733843531143,99805,95,44,136,55,40389,21029,0.6153799909824157,35,29,32059,33608,6517,3708,11156,12554,45272,35901,1068,337,7960,5870,21398,2443,7336,1065,690,0,0,2670,42255,1321,5502,96,34,365,0,800
880,2069,881.3460782766014,99805,94,40,136,55,40400,21037,0.6155703622063022,40,27,32103,33618,6491,3697,11134,12561,45279,35916,1136,357,7952,5858,21382,2441,7346,1068,690,0,0,2680,42193,1320,5495,102,36,384,0,858
881,2069,882.1269652201399,99805,87,42,136,55,40403,21044,0.6156705575872953,43,26,32133,33585,6473,3692,11126,12598,45286,35931,1206,377,7941,5848,21362,2440,7350,1074,691,0,0,2682,42144,1320,5489,108,39,405,0,912
882,2069,883.2970787806918,99805,86,44,136,55,40414,21052,0.6158609288111818,40,19,32177,33593,6451,3686,11108,12601,45293,35946,1278,398,7926,5841,21342,2440,7350,1083,694,0,0,2685,42095,1317,5486,112,41,426,0,967
883,2069,884.0285652940458,99805,83,46,136,55,40420,21058,0.6159811632683734,45,23,32197,33600,6434,3676,11103,12598,45300,35961,1352,420,7918,5835,21327,2432,7355,1090,694,0,0,2692,42030,1317,5481,117,43,443,0,1031
884,2069,885.1611743121443,99805,87,41,136,55,40437,21063,0.6162015931065578,39,23,32235,33602,6412,3662,11089,12615,45307,35975,1428,442,7905,5825,21302,2432,7352,1100,698,0,0,2699,41976,1315,5479,120,47,472,0,1083
885,2069,886.3275978936948,99805,90,39,136,55,40452,21068,0.6164019838685436,36,20,32261,33598,6395,3652,11080,12634,45314,35989,1506,465,7896,5818,21286,2430,7355,1106,695,0,0,2708,41910,1314,5473,125,50,491,0,1148
886,2069,887.0091441623717,99805,91,37,136,55,40463,21071,0.6165422574019338,34,19,32279,33577,6381,3645,11077,12665,45321,36003,1586,489,7886,5814,21257,2427,7361,1112,695,0,0,2711,41852,1310,5468,132,52,517,0,1211
887,2069,888.1319420912085,99805,93,37,136,55,40478,21077,0.616752667702019,30,24,32318,33571,6359,3627,11062,12684,45328,36017,1668,513,7875,5809,21225,2422,7365,1120,694,0,0,2715,41798,1308,5462,138,54,550,0,1270
888,2069,889.2955454450854,99805,79,40,136,55,40483,21084,0.6168729021592104,40,23,32356,33562,6343,3611,11044,12707,45335,36031,1752,538,7863,5797,21202,2424,7360,1132,695,0,0,2718,41738,1307,5458,140,58,581,0,1332
889,2069,890.0705396680481,99804,78,38,136,56,40490,21088,0.6169892990260911,42,25,32365,33545,6330,3605,11047,12729,45342,36045,1837,564,7850,5791,21183,2423,7358,1140,694,0,0,2720,41678,1307,5447,150,64,603,0,1396
890,2069,891.2325037129751,99804,77,39,136,56,40503,21093,0.6171696525189371,42,27,32387,33543,6315,3583,11041,12750,45349,36059,1924,590,7842,5782,21157,2419,7363,1144,697,0,0,2725,41605,1304,5448,152,69,633,0,1464
891,2069,892.0066512106185,99804,78,35,136,56,40512,21094,0.6172698489038515,41,28,32415,33506,6292,3580,11036,12793,45356,36073,2013,617,7828,5775,21125,2416,7362,1151,702,0,0,2724,41553,1302,5439,163,73,669,0,1522
892,2069,893.167026943905,99804,74,41,136,56,40523,21107,0.6175103202276462,53,20,32441,33510,6271,3566,11023,12805,45363,36087,2103,645,7811,5767,21101,2418,7359,1160,705,0,0,2730,41489,1301,5427,174,77,696,0,1589
893,2069,894.0628080522324,99804,78,42,136,56,40537,21110,0.6176806540820007,49,19,32460,33480,6254,3557,11021,12844,45370,36101,2195,673,7803,5753,21083,2420,7360,1167,704,0,0,2727,41421,1301,5417,184,81,720,0,1663
894,2069,895.2212081386148,99804,78,37,136,56,40543,21115,0.6177908701054066,49,17,32472,33461,6237,3541,11026,12886,45377,36115,2288,702,7796,5742,21066,2419,7362,1174,703,0,0,2727,41347,1299,5407,194,86,744,0,1738
895,2069,896.1331418531822,99804,78,35,136,56,40558,21117,0.6179612039597612,51,19,32493,33469,6216,3521,11024,12898,45384,36129,2382,731,7782,5733,21035,2416,7361,1183,711,0,0,2729,41278,1296,5403,200,89,780,0,1808
896,2069,897.2903239155884,99804,71,35,136,56,40573,21121,0.6181515770910986,47,22,32503,33466,6209,3501,11032,12918,45391,36143,2477,761,7769,5724,20997,2417,7368,1192,712,0,0,2729,41213,1295,5393,209,94,812,0,1880
897,2069,898.0617071673896,99804,70,32,136,56,40584,21124,0.6182918520299787,43,22,32497,33435,6204,3486,11048,12967,45398,36157,2574,792,7760,5715,20968,2416,7361,1205,713,0,0,2731,41142,1291,5391,214,99,848,0,1950
898,2069,899.2189356673589,99804,71,36,136,56,40593,21131,0.6184521662458419,46,17,32525,33413,6175,3468,11045,13008,45404,36170,2672,823,7752,5710,20937,2414,7353,1219,712,0,0,2736,41068,1290,5387,219,100,880,0,2027
899,2069,900.2137506388402,99804,74,35,136,56,40600,21133,0.6185423429922648,69,45,32531,33423,6162,3461,11026,12978,45404,36170,2672,823,7751,5709,20934,2415,7356,1219,713,0,0,2738,41066,1290,5387,219,100,880,0,2027
900,2069,900.2137506388402,99804,80,37,136,56,40609,21137,0.6186725982926536,67,44,32530,33380,6153,3452,11032,13029,45404,36170,2771,855,7751,5709,20902,2415,7346,1229,713,0,3,2734,40987,1290,5379,227,104,912,0,2103
901,2069,901.3695428313047,99804,83,40,136,56,40628,21146,0.618953148170414,62,43,32551,33370,6145,3443,11021,13046,45404,36170,2870,887,7749,5707,20866,2415,7344,1237,713,2,14,2731,40898,1290,5369,235,107,946,0,2181
902,2069,902.1396138152734,99804,80,40,136,56,40634,21151,0.6190633641938199,67,43,32564,33352,6140,3429,11011,13078,45404,36170,2970,920,7749,5706,20830,2416,7340,1246,713,2,20,2724,40814,1290,5361,242,114,978,0,2259
903,2069,903.293985869309,99804,88,39,136,56,40656,21160,0.6193739729870547,66,40,32603,33351,6126,3419,10979,13093,45404,36170,3071,953,7744,5704,20796,2417,7335,1259,713,7,29,2716,40731,1290,5350,252,122,1006,0,2333
904,2069,904.0628817296371,99804,95,45,136,56,40671,21169,0.6196144443108492,77,40,32609,33311,6111,3404,10970,13142,45404,36170,3173,987,7744,5702,20755,2419,7331,1267,713,7,32,2713,40647,1290,5343,258,125,1044,1,2413
905,2069,905.2153184166835,99804,98,44,136,56,40689,21176,0.6198649352731354,67,48,32645,33284,6106,3394,10946,13172,45404,36170,3275,1022,7742,5700,20711,2419,7328,1278,713,9,40,2708,40568,1290,5330,270,128,1085,1,2484
906,2069,906.366493657854,99804,112,52,136,56,40715,21189,0.6202557011743016,61,47,32685,33274,6092,3382,10912,13187,45404,36170,3378,1057,7737,5699,20682,2420,7318,1290,713,14,47,2704,40479,1290,5319,280,132,1113,2,2565
907,2069,907.1330284821208,99804,107,57,136,56,40727,21198,0.6204661135826219,67,40,32689,33247,6098,3365,10901,13233,45404,36170,3481,1093,7736,5699,20644,2419,7321,1297,713,15,55,2698,40385,1290,5307,288,137,1147,2,2651
908,2069,908.2826013853759,99804,105,60,136,56,40742,21209,0.6207266241833994,82,39,32698,33250,6095,3351,10882,13242,45404,36170,3584,1129,7732,5696,20608,2422,7322,1305,712,19,61,2692,40299,1290,5290,304,142,1177,2,2731
909,2069,909.0486814178337,99804,111,66,136,56,40758,21219,0.620987134784177,78,38,32716,33209,6078,3343,10879,13286,45404,36170,3688,1166,7732,5692,20568,2425,7316,1316,712,19,65,2689,40215,1290,5279,314,144,1215,2,2811
910,2069,910.1970836408095,99804,110,67,136,56,40776,21230,0.6212777043004288,84,42,32742,33200,6067,3333,10859,13300,45404,36170,3792,1203,7730,5691,20528,2427,7313,1330,712,21,76,2685,40125,1288,5267,324,148,1247,2,2890
911,2069,911.3443310830355,99804,111,71,136,56,40798,21244,0.6216384112861209,83,41,32781,33192,6062,3314,10825,13324,45404,36170,3896,1241,7729,5686,20489,2432,7310,1342,712,22,89,2680,40030,1287,5254,335,153,1280,2,2972
912,2069,912.1084282135453,99804,115,71,136,56,40810,21249,0.6218087451404753,86,39,32791,33160,6049,3302,10821,13370,45404,36170,4000,1279,7728,5684,20453,2433,7303,1353,712,23,93,2673,39946,1286,5244,344,159,1316,2,3052
913,2069,913.25398334742,99804,116,73,136,56,40835,21264,0.6222095306801331,93,38,32806,33138,6041,3296,10806,13397,45404,36170,4104,1318,7725,5683,20411,2435,7300,1369,712,26,105,2667,39857,1284,5227,357,164,1351,4,3127
914,2069,914.0173245095433,99804,124,71,136,56,40856,21271,0.6224900805578935,93,43,32813,33102,6027,3282,10805,13444,45404,36170,4208,1357,7723,5683,20371,2434,7292,1382,712,28,117,2658,39772,1284,5215,366,173,1390,4,3200
915,2069,915.1618421945816,99803,133,70,137,56,40890,21280,0.6229271665180406,93,48,32832,33081,6011,3273,10792,13470,45404,36170,4312,1396,7718,5681,20326,2437,7288,1396,711,33,128,2653,39677,1283,5208,371,177,1429,4,3283
916,2069,916.3055611662,99803,131,73,137,56,40915,21296,0.6233379758123503,102,50,32851,33057,6011,3266,10766,13496,45404,36170,4415,1436,7714,5679,20286,2438,7291,1408,710,37,143,2647,39575,1281,5199,379,181,1461,4,3370
917,2069,917.0676703222576,99803,137,85,137,56,40934,21314,0.6237087061511177,100,42,32861,33028,5997,3249,10766,13538,45404,36170,4518,1476,7712,5678,20255,2439,7281,1421,710,39,153,2641,39475,1281,5191,387,187,1489,4,3460
918,2069,918.2101925435497,99802,143,84,137,57,40960,21323,0.6240656499869742,117,44,32870,33005,5989,3243,10742,13565,45404,36170,4621,1517,7708,5676,20215,2441,7273,1436,710,43,167,2636,39384,1281,5175,402,191,1524,4,3536
919,2069,919.351888093965,99802,170,81,137,57,41008,21337,0.6246868800224444,106,43,32884,32989,5981,3242,10720,13586,45404,36170,4723,1558,7703,5675,20169,2442,7271,1448,710,48,186,2633,39287,1281,5161,414,193,1563,5,3613
920,2069,920.1126551860586,99802,179,80,137,57,41032,21342,0.624977455361616,108,45,32883,32956,5976,3220,10715,13640,45404,36170,4825,1599,7702,5674,20123,2442,7265,1460,710,49,197,2629,39195,1280,5156,418,197,1606,5,3694
921,2069,921.2537376976547,99802,175,76,137,57,41062,21356,0.6254183282900142,110,49,32902,32935,5982,3218,10692,13663,45404,36170,4926,1641,7695,5670,20073,2444,7265,1477,710,56,214,2626,39104,1280,5140,428,199,1648,7,3766
922,2069,922.0139971453353,99802,181,76,137,57,41086,21365,0.6257489829863129,108,47,32911,32904,5975,3206,10686,13708,45404,36170,5027,1683,7694,5667,20021,2448,7264,1487,710,57,224,2621,39025,1278,5124,442,204,1694,7,3835
923,2069,923.154169825825,99802,179,82,137,57,41117,21381,0.6262199154325565,113,52,32934,32880,5978,3199,10657,13728,45404,36170,5127,1725,7690,5664,19982,2448,7266,1499,710,61,245,2615,38919,1278,5115,449,209,1725,7,3920
924,2069,924.2934941409891,99802,192,95,137,57,41150,21400,0.6267409470752089,122,46,32937,32853,5970,3185,10640,13762,45404,36170,5226,1768,7684,5663,19946,2449,7257,1514,710,67,254,2612,38827,1277,5103,460,211,1758,8,4002
925,2069,925.0527103190033,99802,197,92,137,57,41176,21409,0.6270916414500711,123,45,32927,32816,5976,3182,10638,13806,45404,36170,5325,1811,7680,5661,19899,2452,7256,1526,710,71,265,2607,38739,1276,5092,469,214,1798,10,4077
926,2069,926.1917438707093,99802,212,96,137,57,41223,21429,0.6277629706819503,113,42,32934,32786,5973,3185,10629,13832,45404,36170,5423,1854,7677,5656,19851,2456,7258,1536,710,74,288,2602,38641,1276,5076,480,219,1840,11,4151
927,2069,927.3305237484781,99801,206,88,138,57,41252,21441,0.6281800783559283,125,48,32940,32765,5974,3183,10615,13857,45404,36170,5520,1898,7672,5656,19801,2455,7260,1552,710,79,311,2597,38534,1276,5067,487,221,1877,13,4233
928,2069,928.0895115734784,99801,208,93,138,57,41278,21449,0.628520756305047,136,48,32911,32735,5979,3172,10626,13893,45404,36170,5616,1942,7670,5654,19758,2457,7260,1565,709,81,319,2593,38453,1276,5048,505,225,1909,14,4305
929,2069,929.2284819842253,99800,198,91,138,58,41312,21464,0.6290180360721442,140,62,32933,32705,5986,3164,10603,13918,45404,36170,5712,1986,7663,5652,19705,2459,7267,1577,709,88,346,2585,38355,1275,5032,519,231,1949,15,4373
930,2069,930.3671233503218,99800,201,92,138,58,41346,21482,0.6295390781563126,141,56,32936,32684,5987,3168,10595,13940,45404,36170,5807,2030,7658,5649,19653,2460,7279,1585,709,93,363,2580,38253,1275,5026,523,235,1986,16,4457
931,2069,931.1261099776806,99800,210,95,138,58,41372,21493,0.6299098196392786,140,60,32926,32649,5987,3162,10597,13974,45404,36170,5901,2075,7656,5646,19621,2464,7276,1593,709,95,374,2573,38156,1274,5014,533,242,2015,17,4542
932,2069,932.264446364457,99800,218,100,138,58,41413,21513,0.6305210420841684,141,57,32935,32647,5980,3160,10586,13976,45404,36170,5994,2120,7652,5641,19572,2466,7287,1600,709,99,392,2563,38063,1274,5002,541,250,2055,20,4614
933,2069,933.0231665245195,99800,216,95,138,58,41430,21522,0.6307815631262526,156,63,32941,32621,5978,3158,10569,14003,45404,36170,6086,2165,7649,5640,19532,2468,7283,1615,709,102,406,2556,37974,1273,4993,549,256,2086,23,4686
934,2069,934.1608685208843,99800,226,93,138,58,41468,21535,0.6312925851703407,159,76,32961,32616,5966,3152,10548,14003,45404,36170,6177,2210,7647,5631,19495,2477,7282,1629,709,104,420,2550,37880,1272,4981,558,261,2115,23,4766
935,2069,935.2978116848066,99800,226,88,138,58,41515,21554,0.6319539078156312,137,69,32965,32606,5988,3160,10544,14017,45404,36170,6267,2255,7644,5627,19443,2484,7291,1641,709,107,453,2549,37766,1269,4971,565,262,2149,26,4844
936,2069,936.0558330711499,99800,215,88,138,58,41540,21564,0.6323046092184369,144,74,32951,32582,6002,3153,10548,14043,45404,36170,6356,2301,7635,5623,19402,2487,7298,1652,709,116,464,2546,37676,1269,4957,576,264,2177,29,4920
937,2069,937.1933397760583,99800,216,93,138,58,41576,21583,0.6328557114228457,141,82,32957,32556,6003,3153,10543,14056,45404,36170,6444,2347,7629,5620,19363,2489,7305,1662,709,122,480,2538,37577,1268,4944,587,272,2203,30,5002
938,2069,938.3304876775918,99800,218,106,138,58,41611,21607,0.6334468937875751,140,72,32965,32543,6010,3146,10527,14073,45404,36170,6531,2393,7624,5616,19318,2494,7311,1670,709,127,497,2532,37480,1267,4934,593,277,2239,30,5082
939,2069,939.0884133847171,99800,227,107,138,58,41641,21619,0.6338677354709419,137,72,32964,32503,6006,3144,10526,14114,45404,36170,6617,2439,7621,5610,19273,2499,7311,1680,709,130,508,2529,37389,1267,4929,597,280,2276,30,5162
940,2069,940.2253567272971,99800,224,107,138,58,41673,21639,0.6343887775551103,144,71,32974,32491,6010,3144,10508,14127,45404,36170,6702,2485,7621,5603,19234,2508,7316,1693,709,130,530,2523,37291,1264,4913,609,284,2304,31,5237
941,2069,941.3617656151733,99800,218,117,138,58,41709,21664,0.635,157,70,32975,32477,6015,3142,10495,14134,45404,36170,6786,2531,7616,5598,19199,2512,7316,1711,709,135,549,2515,37194,1263,4903,618,289,2327,35,5311
942,2069,942.1192979517161,99800,232,120,138,58,41744,21674,0.6354509018036072,158,73,32964,32443,6016,3137,10490,14167,45404,36170,6869,2577,7613,5594,19166,2516,7311,1724,708,138,556,2510,37113,1262,4891,628,294,2356,36,5384
943,2069,943.2556604670824,99800,248,122,138,58,41801,21691,0.6361923847695391,160,86,32958,32424,6015,3133,10479,14175,45404,36170,6951,2624,7606,5591,19116,2519,7308,1743,707,145,572,2501,37039,1261,4881,635,302,2396,39,5439
944,2069,944.0131738734315,99800,247,123,138,58,41831,21703,0.6366132264529059,153,87,32965,32418,6012,3123,10483,14189,45404,36170,7031,2671,7600,5589,19074,2522,7305,1761,707,151,583,2496,36963,1258,4867,643,307,2431,39,5504
945,2069,945.1495115343484,99800,246,129,138,58,41864,21729,0.6372044088176353,158,88,32971,32420,6017,3126,10468,14177,45404,36170,7110,2718,7594,5584,19027,2529,7302,1779,706,157,597,2490,36883,1255,4861,647,311,2469,43,5566
946,2069,946.2855177082404,99800,248,141,138,58,41912,21760,0.637995991983968,171,80,32958,32414,6031,3128,10452,14177,45404,36170,7188,2765,7584,5577,18980,2535,7308,1792,706,167,618,2483,36800,1253,4847,657,317,2505,45,5626
947,2069,947.0429521360724,99800,262,143,138,58,41945,21778,0.6385070140280561,171,86,32941,32390,6032,3128,10454,14193,45404,36170,7265,2812,7584,5574,18949,2539,7299,1807,706,166,637,2477,36718,1252,4833,671,322,2532,48,5686
948,2069,948.1793942483965,99799,291,142,139,58,42013,21803,0.639445285022896,170,84,32931,32382,6039,3138,10428,14194,45404,36170,7341,2859,7578,5573,18898,2537,7307,1821,706,172,662,2473,36626,1251,4823,677,325,2570,52,5748
949,2069,949.3160330778512,99799,283,139,139,58,42058,21830,0.6401667351376267,197,76,32913,32381,6049,3152,10417,14192,45404,36170,7416,2906,7573,5567,18862,2543,7312,1840,706,177,699,2465,36517,1250,4808,688,331,2589,57,5815
950,2069,950.0738874667368,99798,298,136,140,58,42102,21842,0.6407342832521694,194,81,32898,32362,6054,3152,10414,14209,45404,36170,7490,2953,7570,5564,18825,2549,7309,1853,705,180,720,2461,36428,1247,4799,694,335,2619,59,5881
951,2069,951.2111879983177,99798,318,146,140,58,42165,21869,0.6416361049319625,191,90,32894,32359,6055,3147,10400,14198,45404,36170,7563,3000,7566,5560,18778,2553,7309,1872,705,184,742,2455,36346,1245,4792,698,340,2654,63,5936
952,2069,952.348125525501,99798,326,139,140,58,42214,21898,0.6424176837211166,195,94,32890,32347,6069,3163,10378,14197,45404,36170,7635,3047,7562,5551,18731,2559,7322,1886,705,188,773,2448,36258,1245,4774,711,346,2683,65,5991
953,2069,953.1061742868388,99798,327,142,140,58,42244,21919,0.6429287160063328,216,88,32863,32337,6072,3167,10380,14206,45404,36170,7706,3094,7559,5547,18696,2563,7329,1899,704,191,787,2445,36175,1243,4762,720,349,2704,68,6057
954,2069,954.2437676128172,99798,345,139,140,58,42306,21942,0.643780436481693,207,91,32872,32349,6066,3179,10368,14182,45404,36170,7776,3141,7552,5540,18650,2572,7335,1914,704,198,810,2438,36091,1240,4751,729,352,2736,73,6113
955,2069,955.0019859507762,99798,348,143,140,58,42350,21960,0.6444016914166617,212,98,32858,32312,6076,3183,10364,14204,45404,36170,7845,3188,7544,5534,18614,2579,7340,1929,704,206,826,2433,36008,1238,4738,737,357,2758,75,6178
956,2069,956.1397302971061,99798,342,140,140,58,42398,21986,0.6451431892422694,235,104,32839,32310,6097,3195,10345,14191,45404,36170,7912,3235,7539,5528,18574,2585,7353,1943,703,211,855,2425,35908,1237,4730,738,363,2783,81,6242
957,2069,957.2780491510882,99797,358,150,141,58,42471,22020,0.6462218303155406,238,112,32812,32299,6114,3203,10335,14176,45404,36170,7978,3282,7529,5519,18527,2592,7363,1962,703,220,875,2417,35835,1236,4714,747,371,2812,85,6290
958,2069,958.0371331770137,99797,372,154,141,58,42524,22042,0.6469733559125024,245,113,32764,32276,6138,3210,10338,14187,45404,36170,8043,3329,7520,5512,18495,2600,7368,1974,702,229,891,2412,35749,1235,4705,753,376,2831,89,6356
959,2069,959.1769958625338,99796,394,155,142,58,42599,22070,0.6480119443665077,254,112,32732,32278,6150,3210,10326,14185,45404,36170,8107,3376,7512,5505,18446,2607,7383,1986,701,237,919,2405,35660,1234,4696,758,382,2860,93,6412
960,2069,960.3174346148141,99796,387,155,142,58,42661,22093,0.6488636819110987,272,120,32735,32282,6165,3210,10297,14173,45404,36170,8170,3422,7496,5497,18404,2617,7398,2000,700,253,943,2399,35573,1232,4684,765,387,2880,101,6467
961,2069,961.0776848276757,99796,403,158,142,58,42713,22114,0.6495951741552768,272,120,32715,32272,6173,3213,10293,14177,45404,36170,8232,3468,7489,5492,18368,2624,7402,2013,700,259,958,2395,35493,1231,4675,774,389,2902,106,6526
962,2069,962.2187145090265,99796,412,180,142,58,42795,22154,0.6508176680428073,274,123,32666,32264,6213,3210,10291,14163,45404,36170,8293,3514,7484,5481,18320,2633,7424,2028,700,264,985,2385,35410,1230,4661,784,393,2927,112,6575
963,2069,963.3608655063521,99795,412,188,143,58,42866,22195,0.6519464903051255,277,132,32647,32256,6242,3219,10277,14145,45404,36170,8353,3560,7471,5473,18272,2639,7438,2044,700,277,1020,2375,35318,1227,4653,788,402,2954,119,6625
964,2069,964.1226403597991,99794,411,196,144,58,42914,22222,0.6527045714171192,278,138,32637,32238,6264,3228,10264,14140,45404,36170,8412,3606,7466,5463,18242,2647,7443,2057,700,282,1044,2373,35227,1227,4639,799,404,2973,122,6686
965,2069,965.2657945168739,99794,415,187,144,58,42990,22251,0.6537567388820971,260,156,32622,32224,6305,3246,10252,14127,45404,36170,8470,3652,7457,5456,18190,2653,7466,2073,699,291,1079,2367,35136,1225,4623,806,408,3002,128,6735
966,2069,966.0282776305531,99793,421,192,144,59,43046,22278,0.6545950116741656,270,168,32594,32190,6325,3260,10244,14129,45404,36170,8527,3698,7450,5449,18152,2660,7466,2093,699,298,1105,2365,35051,1224,4615,810,409,3026,133,6788
967,2069,967.1727153219371,99793,419,212,144,59,43112,22336,0.6558375837984628,289,159,32552,32186,6356,3287,10238,14095,45404,36170,8583,3744,7440,5442,18108,2667,7471,2113,699,308,1154,2361,34945,1223,4605,816,410,3053,136,6842
968,2069,968.318218530277,99793,435,228,144,59,43190,22377,0.6570300522080708,289,150,32532,32177,6377,3302,10221,14082,45404,36170,8638,3790,7426,5436,18067,2670,7490,2128,699,322,1175,2357,34864,1223,4590,822,411,3076,141,6896
969,2069,969.0821820565903,99793,438,240,144,59,43240,22413,0.6578918361007285,294,142,32506,32156,6396,3315,10220,14086,45404,36170,8693,3835,7417,5427,18040,2682,7489,2142,699,330,1204,2354,34776,1221,4578,831,413,3095,146,6949
970,2069,970.2290454115235,99793,449,237,144,59,43324,22456,0.6591644704538394,296,137,32477,32136,6426,3347,10206,14082,45404,36170,8747,3880,7404,5421,17996,2688,7497,2165,698,342,1256,2348,34673,1221,4570,832,417,3119,154,6992
971,2069,971.376717358758,99792,451,243,145,59,43397,22500,0.6603435145101811,320,142,32433,32123,6455,3359,10194,14072,45404,36170,8800,3925,7400,5417,17955,2692,7519,2182,696,346,1302,2345,34568,1218,4554,837,420,3138,156,7047
972,2069,972.1424115571095,99792,451,241,145,59,43451,22524,0.6611251402918069,337,153,32390,32099,6481,3370,10194,14076,45404,36170,8852,3970,7388,5414,17922,2695,7527,2202,695,358,1323,2338,34487,1217,4547,842,422,3152,165,7098
973,2069,973.2924753862909,99791,478,261,146,59,43558,22577,0.6627351163932619,336,144,32348,32085,6517,3386,10173,14063,45404,36170,8903,4015,7377,5404,17884,2700,7546,2220,695,369,1357,2331,34395,1216,4533,846,426,3171,176,7145
974,2069,974.0598684324565,99791,504,269,146,59,43636,22605,0.6637973364331453,316,152,32337,32069,6545,3386,10150,14063,45404,36170,8953,4060,7368,5399,17835,2706,7563,2232,695,377,1376,2328,34326,1216,4522,849,428,3201,181,7189
975,2069,975.2115018805263,99791,512,274,146,59,43734,22648,0.6652102895050656,318,157,32300,32068,6593,3408,10129,14032,45404,36170,9002,4104,7351,5390,17786,2710,7586,2249,694,393,1415,2323,34238,1216,4511,855,430,3225,192,7227
976,2069,976.3640810176615,99791,544,255,146,59,43842,22684,0.6666533054083034,304,169,32264,32068,6625,3443,10115,14004,45404,36170,9050,4148,7341,5381,17743,2719,7609,2271,692,403,1460,2310,34143,1215,4498,857,439,3243,202,7265
977,2069,977.1330041045367,99791,535,259,146,59,43900,22718,0.667575232235372,323,168,32225,32061,6652,3457,10117,13994,45404,36170,9098,4192,7329,5369,17699,2730,7622,2289,691,415,1484,2305,34074,1214,4484,866,443,3266,210,7301
978,2069,978.2877165982333,99791,551,259,146,59,43991,22757,0.6688779549257949,345,191,32179,32055,6684,3471,10093,13963,45404,36170,9145,4236,7319,5367,17649,2737,7631,2310,690,424,1528,2300,33988,1210,4474,872,447,3292,221,7332
979,2069,979.0582084235672,99791,564,273,146,59,44063,22796,0.6699902796845407,359,192,32123,32031,6709,3488,10097,13955,45404,36170,9191,4280,7309,5355,17603,2747,7654,2320,690,433,1551,2299,33921,1210,4458,882,448,3315,223,7373
980,2069,980.2155452090722,99791,597,279,146,59,44179,22856,0.671753965788498,352,193,32103,32009,6742,3523,10058,13935,45404,36170,9236,4323,7303,5346,17554,2753,7701,2332,690,439,1598,2295,33824,1207,4432,886,449,3336,231,7415
981,2069,981.3733866086488,99791,629,278,146,59,44292,22911,0.6734374843422753,362,212,32062,31986,6783,3556,10016,13907,45404,36170,9280,4366,7293,5339,17504,2758,7728,2351,689,449,1657,2292,33719,1206,4422,889,449,3355,242,7449
982,2069,982.1457167341534,99791,602,281,146,59,44348,22943,0.674319327394254,392,217,32020,31977,6826,3572,10012,13892,45404,36170,9324,4409,7283,5331,17459,2765,7747,2370,688,458,1695,2289,33636,1206,4407,895,450,3380,246,7486
983,2069,983.3057633308205,99790,624,302,147,59,44461,23005,0.6760797675117747,391,232,31971,31974,6871,3585,9994,13846,45404,36170,9367,4452,7269,5321,17413,2772,7778,2384,687,472,1744,2280,33543,1206,4392,897,454,3404,252,7522
984,2069,984.0797692126395,99790,641,304,147,59,44534,23042,0.6771820823729833,399,234,31937,31956,6892,3606,9982,13839,45404,36170,9409,4494,7255,5316,17370,2780,7787,2402,686,486,1778,2275,33474,1204,4382,901,457,3428,256,7553
985,2069,985.242151359968,99788,641,329,148,60,44650,23110,0.6790395638754159,413,225,31887,31939,6946,3632,9963,13813,45404,36170,9450,4536,7235,5309,17330,2783,7811,2423,686,506,1833,2268,33370,1201,4367,905,460,3448,267,7586
986,2069,986.0178052958607,99788,641,329,148,60,44722,23149,0.6801519220747986,450,241,31819,31901,6979,3661,9961,13806,45404,36170,9491,4578,7218,5301,17289,2789,7826,2439,685,522,1878,2261,33286,1201,4359,910,464,3469,269,7622
987,2069,987.1832932019969,99788,661,359,148,60,44847,23229,0.6822062773078927,459,231,31779,31882,7021,3693,9930,13773,45404,36170,9531,4620,7202,5292,17231,2798,7867,2456,682,538,1931,2254,33189,1200,4347,911,466,3493,277,7654
988,2069,988.3498903334731,99788,694,372,148,60,44991,23298,0.6843408025013028,447,243,31714,31870,7091,3728,9904,13725,45404,36170,9570,4662,7180,5277,17173,2809,7891,2479,682,560,1993,2251,33092,1198,4334,916,468,3521,283,7681
989,2069,989.1286006435797,99787,697,384,149,60,45074,23346,0.6856604567729263,464,241,31667,31835,7130,3748,9891,13730,45404,36170,9609,4703,7171,5268,17133,2820,7907,2499,680,567,2032,2244,33014,1196,4325,919,470,3539,290,7713
990,2069,990.2985779265572,99786,715,424,150,60,45203,23432,0.6878219389493516,476,252,31604,31799,7187,3773,9866,13690,45404,36170,9647,4744,7153,5249,17078,2838,7949,2516,679,585,2067,2238,32926,1194,4311,922,471,3559,296,7755
991,2069,991.0794777421963,99786,711,443,150,60,45283,23479,0.6890946625779167,486,260,31571,31786,7227,3780,9853,13669,45404,36170,9684,4785,7135,5238,17038,2847,7958,2541,679,603,2097,2232,32862,1193,4301,928,476,3574,305,7779
992,2069,992.2522667176321,99786,720,449,150,60,45430,23552,0.6912993806746437,510,260,31478,31771,7316,3816,9824,13642,45404,36170,9721,4826,7109,5223,16990,2859,7983,2572,679,628,2165,2227,32746,1188,4292,931,480,3585,315,7814
993,2069,993.0356778966084,99784,731,453,152,60,45526,23598,0.69273631043053,504,258,31441,31747,7357,3845,9813,13635,45404,36170,9757,4866,7096,5216,16948,2861,8013,2593,678,641,2196,2218,32670,1186,4281,932,484,3599,325,7847
994,2069,994.2123503650446,99783,751,437,152,61,45673,23665,0.6948879067576641,507,275,31392,31735,7421,3893,9775,13597,45404,36170,9792,4906,7079,5203,16901,2874,8029,2630,678,657,2273,2214,32554,1181,4263,939,486,3615,340,7867
995,2069,995.3905724117832,99782,774,432,152,62,45836,23738,0.6972600268585516,506,296,31329,31713,7501,3943,9736,13552,45404,36170,9827,4946,7061,5190,16835,2884,8079,2659,677,673,2341,2205,32437,1179,4253,942,490,3627,347,7903
996,2069,996.177140063037,99782,772,428,152,62,45939,23794,0.6988535006313764,504,293,31271,31689,7569,3984,9730,13542,45404,36170,9861,4986,7038,5178,16793,2897,8108,2680,673,696,2394,2203,32345,1174,4237,947,491,3640,355,7933
997,2069,997.359441018537,99782,799,434,152,62,46103,23884,0.7013990499288448,483,287,31211,31666,7652,4044,9701,13505,45404,36170,9895,5025,7015,5156,16732,2923,8147,2705,673,719,2467,2195,32232,1168,4226,948,494,3659,368,7955
998,2069,998.1490092824085,99781,798,435,153,62,46190,23936,0.7027991300949078,502,291,31163,31640,7695,4078,9687,13492,45404,36170,9928,5064,7004,5145,16699,2932,8166,2727,672,729,2514,2189,32139,1168,4214,950,497,3668,380,7988
999,2069,999.3352124277336,99779,783,452,155,62,46326,24029,0.7051082893193958,516,284,31110,31621,7778,4129,9656,13450,45404,36170,9960,5103,6983,5138,16626,2943,8225,2746,671,747,2589,2182,32025,1161,4199,951,502,3688,399,8004
1000,2069,1000.1270630821888,99779,790,458,155,62,46430,24087,0.7067318774491627,515,270,31068,31601,7829,4166,9641,13441,45404,36170,9992,5141,6970,5127,16580,2950,8249,2771,671,759,2642,2181,31935,1159,4185,952,503,3705,404,8036
1001,2069,1001.3167677670499,99779,824,449,155,62,46595,24164,0.7091572374948637,481,273,31021,31612,7897,4215,9620,13387,45404,36170,10023,5179,6951,5110,16521,2967,8290,2800,670,777,2720,2174,31826,1156,4167,956,506,3718,418,8052
1002,2069,1002.1110019686744,99779,828,440,155,62,46694,24217,0.7106806041351387,503,267,30953,31601,7961,4261,9598,13367,45404,36170,10054,5217,6941,5098,16481,2979,8311,2830,669,784,2775,2169,31736,1155,4155,959,505,3729,430,8073
1003,2069,1003.3049270258836,99778,828,440,156,62,46853,24296,0.7130730221090822,501,278,30886,31586,8064,4313,9563,13319,45404,36170,10084,5255,6923,5078,16427,2992,8346,2863,668,801,2850,2164,31622,1151,4143,963,507,3742,456,8082
1004,2069,1004.1023472442588,99777,831,448,156,63,46936,24349,0.7144432083546308,522,288,30833,31582,8106,4341,9550,13276,45404,36170,10114,5292,6909,5068,16385,3002,8373,2880,668,813,2884,2156,31552,1149,4133,966,511,3756,464,8108
1005,2069,1005.3003123868644,99777,827,468,156,63,47078,24433,0.7167082594185032,531,275,30777,31591,8190,4385,9517,13216,45404,36170,10143,5329,6883,5048,16323,3026,8408,2910,665,836,2947,2150,31458,1149,4118,969,513,3774,474,8126
1006,2069,1006.1001628699807,99777,849,475,156,63,47202,24485,0.7184721929903686,535,277,30704,31581,8254,4413,9500,13189,45404,36170,10172,5366,6869,5036,16273,3039,8434,2930,664,848,2989,2144,31379,1145,4115,970,516,3791,486,8149
1007,2069,1007.3027902476967,99777,865,450,156,63,47364,24546,0.7207071770047205,557,302,30617,31557,8341,4476,9462,13150,45404,36170,10200,5403,6851,5018,16207,3053,8486,2966,663,865,3048,2139,31285,1141,4101,972,516,3805,505,8156
1008,2069,1008.1061967421884,99777,883,451,156,63,47473,24597,0.7223107529791435,554,303,30570,31530,8384,4506,9451,13145,45404,36170,10228,5439,6837,5011,16172,3060,8516,2983,662,878,3095,2132,31211,1136,4080,977,521,3819,518,8169
1009,2069,1009.3133256314443,99777,909,483,156,63,47646,24693,0.7250067650861421,562,302,30509,31496,8457,4544,9405,13110,45404,36170,10255,5475,6817,4992,16129,3080,8542,3020,661,898,3159,2121,31118,1129,4065,982,523,3830,531,8180
1010,2069,1010.1189575796988,99777,909,490,156,63,47760,24759,0.726810788057368,582,293,30427,31472,8527,4585,9397,13095,45404,36170,10282,5511,6801,4974,16082,3097,8577,3045,660,913,3209,2112,31031,1127,4055,986,527,3840,538,8203
1011,2069,1011.3305280298777,99776,938,483,156,64,47943,24844,0.7295040891597178,570,296,30378,31479,8611,4645,9345,13031,45404,36170,10308,5546,6778,4958,16018,3106,8647,3071,658,935,3278,2100,30929,1123,4037,986,529,3852,557,8214
1012,2069,1012.1392600925856,99776,947,504,156,64,48062,24911,0.731368264913406,576,275,30312,31477,8680,4671,9327,13007,45404,36170,10334,5581,6760,4945,15976,3121,8681,3090,654,953,3317,2094,30860,1118,4022,993,530,3865,564,8233
1013,2069,1013.3551724968914,99775,955,502,156,65,48220,24998,0.7338311200200451,591,289,30240,31472,8771,4725,9285,12945,45404,36170,10360,5616,6742,4921,15920,3149,8720,3121,651,968,3395,2089,30744,1117,4013,992,532,3874,581,8246
1014,2069,1014.1672707385394,99774,967,501,157,65,48343,25055,0.7356425521678994,575,303,30200,31445,8834,4767,9265,12917,45404,36170,10385,5651,6725,4908,15873,3157,8745,3147,651,984,3447,2084,30662,1115,4003,996,534,3890,591,8262
1015,2069,1015.3874284801249,99773,955,510,157,66,48505,25152,0.7382458180068756,605,296,30119,31426,8939,4828,9223,12872,45404,36170,10410,5685,6711,4889,15802,3176,8811,3167,648,996,3541,2078,30536,1111,3988,999,535,3905,612,8268
1016,2069,1016.2023660012612,99773,951,508,157,66,48618,25210,0.7399597085383821,617,301,30070,31425,9008,4868,9195,12830,45404,36170,10434,5719,6698,4880,15753,3186,8842,3201,648,1008,3589,2077,30454,1105,3974,1001,536,3911,625,8285
1017,2069,1017.018599549555,99773,974,501,157,66,48749,25270,0.7418740541028134,574,315,30040,31401,9068,4917,9185,12798,45404,36170,10458,5753,6682,4868,15696,3200,8880,3223,646,1023,3637,2074,30374,1103,3970,1000,538,3925,640,8294
1018,2069,1018.2450367634751,99773,981,516,157,66,48922,25366,0.7445701742956511,570,319,29989,31374,9162,4968,9139,12755,45404,36170,10482,5787,6659,4841,15633,3219,8940,3258,646,1046,3691,2065,30285,1101,3953,1003,541,3929,655,8308
1019,2069,1019.0637228356336,99773,1002,535,157,66,49057,25436,0.7466248383831297,532,319,29958,31359,9230,5002,9119,12717,45404,36170,10505,5820,6642,4825,15588,3230,8978,3277,646,1062,3740,2062,30206,1098,3941,1007,542,3940,666,8323
1020,2069,1020.293762256658,99773,971,557,157,66,49230,25546,0.7494612770990148,564,318,29841,31327,9370,5060,9095,12670,45404,36170,10528,5853,6608,4805,15522,3250,9036,3318,642,1095,3824,2052,30088,1094,3928,1007,545,3944,677,8338
1021,2069,1021.1162950523776,99773,985,572,157,66,49336,25624,0.7513054634019224,596,313,29770,31302,9410,5103,9080,12642,45404,36170,10550,5886,6588,4794,15486,3262,9058,3341,641,1113,3875,2048,30006,1092,3917,1010,546,3955,683,8358
1022,2069,1022.3529261479147,99772,1000,569,157,67,49533,25718,0.7542296435873792,612,328,29666,31279,9522,5160,9041,12595,45404,36170,10572,5919,6564,4774,15424,3275,9112,3380,639,1136,3971,2042,29879,1089,3899,1013,545,3962,694,8374
1023,2069,1023.1795012119528,99771,1000,567,158,67,49668,25791,0.7563219773280813,599,332,29622,31266,9594,5206,9025,12560,45404,36170,10594,5951,6545,4762,15371,3292,9156,3407,638,1152,4033,2036,29789,1081,3885,1015,547,3973,708,8381
1024,2069,1024.0075311778749,99769,1022,571,159,68,49810,25858,0.7584319778688771,600,322,29561,31259,9658,5243,8998,12535,45404,36170,10615,5983,6527,4749,15326,3311,9193,3426,636,1166,4092,2032,29700,1073,3874,1016,548,3985,717,8398
1025,2069,1025.252058506166,99768,1004,562,160,68,49980,25966,0.7612260444230615,605,319,29487,31227,9782,5339,8960,12483,45404,36170,10636,6015,6507,4725,15259,3335,9253,3468,635,1182,4185,2020,29574,1066,3861,1017,551,3991,734,8405
1026,2069,1026.0836012560385,99768,1026,564,160,68,50116,26035,0.7632808114826397,603,328,29426,31196,9845,5380,8938,12462,45404,36170,10657,6046,6488,4716,15226,3340,9280,3498,633,1201,4238,2012,29493,1062,3846,1017,555,3999,750,8414
1027,2069,1027.3338842386047,99767,1056,575,161,68,50320,26138,0.7663656319223792,585,322,29371,31196,9932,5442,8893,12395,45404,36170,10677,6077,6473,4703,15166,3349,9346,3527,626,1216,4335,2001,29364,1059,3831,1018,558,4005,764,8426
1028,2069,1028.1686033413682,99766,1058,556,161,69,50446,26193,0.7681875588877974,603,331,29290,31192,10001,5491,8885,12359,45404,36170,10697,6108,6453,4693,15115,3358,9380,3559,625,1234,4386,1997,29278,1057,3821,1019,559,4015,777,8440
1029,2069,1029.0051846216127,99764,1072,547,162,70,50569,26258,0.770087406278818,628,342,29223,31179,10046,5545,8867,12315,45404,36170,10717,6139,6430,4679,15085,3370,9399,3587,623,1256,4450,1989,29188,1057,3811,1021,563,4018,791,8447
1030,2069,1030.263271474712,99764,1083,546,162,70,50768,26359,0.7730945030271441,637,343,29150,31169,10157,5612,8809,12258,45404,36170,10736,6169,6404,4660,15025,3385,9460,3629,623,1280,4530,1984,29075,1053,3787,1021,565,4023,809,8451
1031,2069,1031.1035429512604,99763,1097,563,163,70,50914,26434,0.7753175024808797,632,356,29098,31141,10219,5649,8789,12219,45404,36170,10755,6199,6391,4646,14971,3399,9511,3650,622,1290,4577,1980,29000,1050,3772,1022,567,4033,826,8456
1032,2069,1032.36657675351,99761,1130,573,163,72,51138,26550,0.7787411914475597,640,358,29008,31115,10330,5724,8727,12156,45404,36170,10774,6229,6362,4623,14902,3416,9581,3683,620,1317,4659,1972,28887,1048,3755,1024,571,4036,847,8458
1033,2069,1033.2102473371317,99761,1135,572,163,72,51291,26629,0.78106674953138,632,352,28954,31098,10426,5778,8688,12126,45404,36170,10792,6259,6346,4600,14849,3434,9628,3719,620,1331,4712,1967,28803,1046,3744,1023,570,4040,873,8456
1034,2069,1034.055670495407,99760,1131,598,163,73,51412,26711,0.7831094627105052,661,347,28885,31095,10487,5804,8671,12081,45404,36170,10810,6288,6330,4589,14802,3445,9645,3753,619,1344,4770,1963,28722,1044,3737,1027,572,4051,883,8464
1035,2069,1035.3265272188223,99760,1147,627,163,73,51618,26833,0.7863973536487571,690,355,28804,31062,10569,5864,8625,12017,45404,36170,10828,6317,6295,4573,14754,3464,9696,3790,616,1375,4845,1960,28606,1041,3719,1025,571,4055,903,8472
1036,2069,1036.1752820208894,99759,1137,607,163,74,51773,26903,0.7886606722200503,682,376,28722,31024,10686,5926,8608,11991,45404,36170,10846,6346,6261,4552,14703,3475,9748,3820,616,1408,4908,1954,28509,1040,3706,1025,573,4061,924,8476
1037,2069,1037.0262984663632,99758,1154,628,163,75,51912,26994,0.7909741574610557,692,357,28659,31017,10746,5973,8584,11948,45404,36170,10863,6375,6242,4538,14655,3487,9776,3852,615,1425,4963,1947,28432,1039,3698,1025,573,4075,939,8477
1038,2069,1038.3062924864728,99757,1136,638,163,76,52105,27120,0.7941798570526379,755,351,28541,31008,10855,6048,8548,11877,45404,36170,10880,6403,6220,4520,14606,3505,9834,3896,608,1445,5065,1939,28294,1030,3688,1025,574,4070,965,8473
1039,2069,1039.1619215202143,99756,1152,627,164,76,52259,27182,0.7963531015678255,741,362,28486,30999,10938,6094,8517,11840,45404,36170,10897,6431,6197,4500,14567,3522,9870,3921,606,1466,5128,1935,28199,1027,3678,1026,574,4080,976,8484
1040,2069,1040.019516606057,99756,1157,628,164,76,52401,27252,0.7984782870203296,748,366,28431,30984,11010,6138,8488,11806,45404,36170,10913,6459,6174,4476,14535,3543,9891,3953,606,1489,5185,1931,28115,1024,3665,1024,574,4085,998,8488
1041,2069,1041.308947161039,99756,1185,636,164,76,52637,27383,0.8021572637234853,728,388,28345,30932,11114,6221,8462,11745,45404,36170,10929,6487,6145,4452,14467,3565,9964,3990,602,1515,5276,1925,27993,1018,3649,1023,576,4087,1028,8481
1042,2069,1042.170495157051,99754,1224,631,165,77,52816,27454,0.8046795115985323,719,400,28272,30902,11179,6277,8439,11711,45404,36170,10945,6514,6128,4438,14419,3574,10011,4022,602,1529,5329,1922,27907,1015,3640,1019,576,4092,1050,8481
1043,2069,1043.0337040848408,99754,1228,616,165,77,52978,27529,0.8070553561761934,728,412,28186,30881,11272,6339,8419,11673,45404,36170,10961,6541,6095,4423,14374,3594,10048,4055,598,1557,5400,1915,27813,1012,3628,1022,576,4098,1066,8480
1044,2069,1044.3330666250786,99753,1225,650,166,77,53219,27681,0.8110031778492878,725,386,28081,30867,11413,6417,8388,11601,45404,36170,10976,6568,6061,4398,14311,3615,10117,4108,595,1586,5489,1908,27687,1006,3609,1019,578,4100,1088,8478
1045,2069,1045.2021087483213,99752,1261,652,167,77,53400,27766,0.8136779212446869,710,389,28013,30854,11485,6463,8362,11563,45404,36170,10991,6595,6042,4388,14258,3621,10164,4146,594,1600,5549,1898,27598,1004,3603,1017,579,4102,1104,8485
1046,2069,1046.0729604347398,99752,1262,655,167,77,53556,27833,0.8159134653941775,714,395,27942,30851,11575,6492,8338,11528,45404,36170,11006,6621,6028,4375,14204,3640,10197,4193,592,1612,5601,1892,27520,998,3592,1015,580,4106,1117,8490
1047,2069,1047.38318415387,99750,1251,649,169,77,53792,27954,0.8195087719298245,710,405,27861,30830,11721,6575,8286,11462,45404,36170,11021,6647,5994,4344,14131,3657,10289,4229,590,1643,5706,1884,27381,995,3578,1013,582,4108,1144,8482
1048,2069,1048.258795920248,99749,1246,643,170,77,53941,28040,0.8218729009814635,739,422,27771,30809,11814,6640,8258,11407,45404,36170,11036,6673,5979,4325,14095,3682,10322,4269,588,1652,5779,1880,27273,990,3569,1012,582,4108,1156,8488
1049,2069,1049.136906521207,99749,1248,646,170,77,54086,28120,0.8241285626923578,738,420,27711,30786,11896,6697,8235,11372,45404,36170,11050,6699,5956,4303,14053,3710,10356,4301,585,1673,5824,1872,27202,984,3559,1011,585,4114,1180,8481
1050,2069,1050.0171193135668,99749,1260,652,170,77,54243,28208,0.8265847276664428,710,433,27672,30739,11962,6768,8224,11329,45404,36170,11064,6724,5930,4287,14007,3722,10406,4335,583,1696,5875,1868,27119,982,3548,1010,585,4112,1195,8489
1051,2069,1051.3401440331038,99746,1246,676,172,78,54467,28349,0.8302688829627253,717,430,27583,30721,12099,6844,8181,11249,45404,36170,11078,6749,5901,4263,13935,3743,10467,4391,582,1721,5981,1858,26990,974,3536,1009,585,4113,1210,8487
1052,2069,1052.2243764219993,99744,1238,661,173,79,54619,28433,0.8326515880654476,753,411,27511,30711,12174,6913,8149,11223,45404,36170,11092,6774,5885,4256,13884,3745,10517,4427,582,1735,6063,1854,26876,969,3526,1010,586,4112,1236,8481
1053,2069,1053.110892569651,99743,1231,667,174,79,54763,28529,0.8350661199282156,745,394,27463,30696,12261,6976,8124,11186,45404,36170,11105,6799,5869,4238,13845,3759,10562,4468,580,1747,6121,1848,26788,967,3509,1008,587,4114,1252,8481
1054,2069,1054.4439432796466,99739,1255,693,176,81,55024,28667,0.8391000511334583,736,380,27364,30677,12400,7048,8067,11119,45404,36170,11118,6824,5839,4220,13770,3772,10647,4523,577,1773,6199,1836,26679,961,3490,1005,587,4112,1274,8475
1055,2069,1055.3348931894745,99738,1267,713,176,82,55198,28767,0.8418556618340051,732,375,27303,30658,12472,7091,8048,11079,45404,36170,11131,6848,5815,4210,13717,3783,10699,4559,576,1792,6250,1832,26600,956,3481,1003,589,4116,1292,8468
1056,2069,1056.2280696068424,99737,1249,713,176,83,55367,28856,0.8444509058824708,685,388,27259,30624,12591,7140,8038,11050,45404,36170,11144,6872,5789,4198,13660,3783,10776,4591,574,1815,6306,1827,26502,953,3474,1001,590,4116,1315,8467
1057,2069,1057.1230024865617,99737,1253,703,176,83,55536,28944,0.8470276828057792,655,389,27220,30597,12677,7213,8017,11013,45404,36170,11157,6896,5769,4185,13619,3786,10821,4637,572,1833,6365,1822,26413,950,3459,1001,589,4120,1339,8457
1058,2069,1058.019569259483,99737,1267,711,176,83,55693,29029,0.8494540641888166,660,394,27163,30575,12740,7258,7992,10977,45404,36170,11170,6920,5753,4169,13589,3805,10857,4667,572,1841,6421,1816,26325,947,3446,1004,589,4123,1356,8457
1059,2069,1059.3676567538703,99737,1257,723,176,83,55930,29164,0.8531838735875352,697,406,27081,30522,12849,7339,7938,10925,45404,36170,11182,6943,5727,4140,13516,3830,10948,4710,569,1862,6502,1812,26204,938,3431,1000,590,4125,1382,8451
1060,2069,1060.2681072121645,99737,1271,733,176,83,56115,29267,0.8560714679607367,669,410,27022,30485,12946,7399,7914,10888,45404,36170,11194,6966,5708,4118,13467,3853,11005,4744,568,1879,6570,1807,26107,931,3415,998,589,4129,1401,8448
1061,2069,1061.1705493283514,99737,1266,710,176,83,56278,29338,0.858417638388963,682,443,26934,30466,13044,7451,7896,10845,45404,36170,11206,6989,5695,4104,13424,3865,11053,4787,565,1886,6643,1799,26012,929,3399,998,589,4130,1425,8434
1062,2069,1062.0759055395404,99737,1245,725,176,83,56420,29437,0.860833993402649,715,425,26842,30459,13140,7501,7880,10805,45404,36170,11218,7012,5668,4093,13388,3870,11093,4823,564,1913,6717,1793,25910,925,3385,994,589,4134,1441,8437
1063,2069,1063.4386686416183,99737,1294,716,176,83,56691,29575,0.8649347784673692,711,429,26752,30428,13245,7600,7820,10742,45404,36170,11230,7035,5636,4065,13327,3896,11153,4874,560,1942,6817,1789,25775,921,3375,990,589,4136,1466,8426
1064,2069,1064.3495589462977,99736,1281,723,177,83,56839,29671,0.8673899093607123,762,424,26659,30408,13321,7654,7798,10706,45404,36170,11241,7057,5620,4047,13272,3917,11204,4912,559,1953,6878,1782,25686,917,3368,988,590,4138,1484,8421
1065,2069,1065.2629966039974,99735,1271,737,178,83,56980,29767,0.8697749034942598,817,426,26584,30386,13382,7696,7766,10670,45404,36170,11252,7079,5592,4032,13236,3924,11238,4951,559,1979,6927,1779,25610,912,3359,986,590,4142,1500,8419
1066,2069,1066.1788084363502,99735,1297,746,178,83,57185,29868,0.8728430340402066,778,423,26512,30366,13486,7754,7747,10626,45404,36170,11263,7101,5571,4016,13182,3938,11287,4992,559,2000,7011,1773,25500,906,3350,983,590,4145,1515,8417
1067,2069,1067.0971503795558,99735,1283,732,178,83,57356,29946,0.8753396500726927,782,445,26456,30337,13588,7820,7711,10581,45404,36170,11274,7123,5544,4005,13121,3955,11344,5033,559,2021,7066,1770,25417,901,3333,982,591,4150,1544,8399
1068,2069,1068.0175313257146,99735,1307,738,178,83,57526,30050,0.8780869303654685,758,449,26409,30316,13665,7879,7681,10533,45404,36170,11285,7145,5521,3990,13079,3966,11376,5076,559,2042,7130,1766,25326,896,3325,981,592,4148,1563,8399
1069,2069,1069.40130777641,99734,1286,772,179,83,57810,30213,0.8825776565664668,724,449,26345,30273,13835,7955,7629,10466,45404,36170,11296,7166,5481,3965,13009,3992,11471,5133,556,2070,7238,1751,25185,888,3303,980,592,4143,1580,8397
1070,2069,1070.325843989765,99733,1286,756,180,83,57973,30307,0.8851633862412642,720,452,26288,30260,13923,8025,7601,10422,45404,36170,11307,7187,5464,3945,12975,4016,11504,5176,554,2082,7315,1743,25073,886,3296,980,594,4137,1605,8388
1071,2069,1071.252492471385,99733,1267,746,180,83,58135,30403,0.8877502932830658,728,446,26232,30256,14020,8083,7571,10384,45404,36170,11317,7208,5437,3929,12929,4029,11562,5216,551,2105,7382,1740,24979,879,3278,978,595,4136,1632,8376
1072,2069,1072.1813384253112,99733,1269,740,180,83,58310,30500,0.8904775751255853,736,459,26150,30224,14112,8151,7551,10341,45404,36170,11327,7229,5410,3914,12874,4045,11622,5260,549,2127,7436,1731,24897,877,3264,971,599,4138,1653,8366
1073,2069,1073.1128435858877,99733,1275,747,180,83,58481,30617,0.8933652853117825,733,447,26105,30200,14184,8214,7521,10307,45404,36170,11337,7250,5387,3895,12829,4063,11684,5294,549,2144,7505,1723,24805,870,3248,968,601,4140,1672,8356
1074,2069,1074.0464134332997,99733,1267,753,180,83,58634,30710,0.8958318710958258,756,447,26057,30185,14244,8265,7494,10265,45404,36170,11347,7270,5368,3886,12783,4063,11741,5341,548,2162,7550,1718,24727,869,3232,968,603,4135,1689,8350
1075,2069,1075.449547710259,99733,1264,777,180,83,58889,30881,0.9001032757462425,739,422,25998,30164,14370,8353,7447,10199,45404,36170,11357,7290,5343,3862,12721,4068,11825,5402,546,2184,7644,1713,24592,867,3212,964,604,4134,1713,8339
1076,2069,1076.3868053601154,99732,1237,761,181,83,59057,30975,0.902739341435046,725,431,25968,30153,14473,8420,7414,10150,45404,36170,11367,7310,5325,3831,12668,4095,11868,5449,545,2201,7727,1709,24486,858,3204,960,604,4135,1738,8329
1077,2069,1077.325775886643,99730,1258,743,183,83,59243,31063,0.9055048631304522,706,428,25918,30150,14545,8490,7388,10104,45404,36170,11377,7330,5303,3812,12624,4110,11911,5487,542,2219,7807,1704,24385,856,3188,960,605,4139,1755,8323
1078,2069,1078.2663888523002,99729,1235,745,184,83,59406,31171,0.9082313068415405,719,423,25867,30124,14638,8559,7355,10064,45404,36170,11386,7350,5279,3787,12580,4133,11955,5533,538,2236,7868,1697,24294,853,3179,958,608,4140,1774,8317
1079,2069,1079.20899007025,99729,1224,742,184,83,59578,31266,0.9109085622035716,729,431,25828,30099,14718,8615,7315,10028,45404,36170,11395,7369,5254,3774,12534,4144,12010,5575,538,2250,7932,1688,24205,850,3167,959,608,4143,1791,8307
1080,2069,1080.1529875178853,99728,1243,751,184,84,59740,31375,0.913635087437831,720,406,25777,30088,14785,8671,7289,9998,45404,36170,11404,7388,5232,3760,12494,4152,12069,5612,538,2270,7977,1681,24128,845,3153,958,610,4136,1808,8305
1081,2069,1081.0988566249825,99726,1240,712,186,84,59895,31453,0.9159898120851132,731,419,25732,30076,14842,8745,7267,9962,45404,36170,11413,7407,5216,3735,12450,4175,12104,5658,537,2283,8054,1678,24027,842,3142,956,609,4135,1827,8298
1082,2069,1082.0465137606725,99724,1258,728,188,84,60082,31556,0.9189162087361117,721,405,25671,30065,14922,8791,7238,9925,45404,36170,11422,7426,5196,3722,12415,4181,12146,5705,536,2300,8104,1668,23952,841,3126,957,610,4130,1852,8283
1083,2069,1083.4714024554166,99724,1263,732,188,84,60331,31703,0.9228871685852954,707,416,25619,30044,15025,8868,7196,9854,45404,36170,11431,7445,5165,3698,12355,4195,12229,5766,532,2326,8175,1661,23845,835,3108,953,609,4124,1885,8263
1084,2069,1084.4230425144247,99723,1255,751,189,84,60489,31808,0.9255337284277448,692,412,25610,30042,15095,8906,7157,9803,45404,36170,11440,7464,5142,3682,12311,4211,12281,5802,529,2343,8226,1659,23769,832,3094,952,608,4127,1904,8251
1085,2069,1085.3756107903562,99723,1260,758,189,84,60674,31914,0.9284518115179046,673,405,25539,30017,15201,8969,7136,9765,45404,36170,11449,7482,5116,3670,12267,4217,12332,5850,527,2366,8291,1655,23672,830,3081,949,609,4123,1919,8249
1086,2069,1086.3302339795994,99723,1274,751,189,84,60837,32011,0.9310590335228583,681,397,25497,30007,15250,9031,7107,9728,45404,36170,11457,7500,5100,3657,12225,4228,12395,5892,526,2372,8321,1651,23602,829,3068,946,609,4124,1938,8240
1087,2069,1087.286655352538,99723,1256,742,189,84,60992,32100,0.9335058110967379,670,406,25474,30008,15323,9076,7086,9682,45404,36170,11465,7518,5076,3639,12175,4248,12458,5928,523,2393,8374,1643,23522,822,3057,944,609,4119,1962,8231
1088,2069,1088.2442236305894,99722,1232,737,189,85,61150,32196,0.9360622530635165,677,404,25419,29994,15412,9139,7069,9639,45404,36170,11473,7536,5054,3622,12131,4263,12524,5972,519,2411,8413,1637,23450,814,3037,943,610,4119,1981,8222
1089,2069,1089.2037804426836,99722,1222,735,189,85,61314,32289,0.9386394175808749,681,408,25371,29991,15491,9188,7044,9591,45404,36170,11481,7554,5037,3609,12094,4280,12553,6024,518,2420,8486,1633,23356,809,3022,942,609,4117,2000,8213
1090,2069,1090.1655721662855,99721,1216,711,189,86,61477,32381,0.9412059646413493,688,407,25330,29980,15562,9261,7013,9553,45404,36170,11489,7572,5010,3589,12057,4295,12606,6059,517,2440,8558,1626,23259,805,3007,943,609,4113,2027,8201
1091,2069,1091.1290740483694,99720,1218,742,190,86,61654,32498,0.9441636582430806,669,388,25279,29966,15650,9295,6992,9521,45404,36170,11497,7589,4991,3569,12004,4310,12663,6099,515,2455,8619,1620,23177,804,2995,940,610,4110,2043,8196
1092,2069,1092.09457069241,99719,1250,724,191,86,61828,32590,0.9468406221482365,641,403,25256,29953,15701,9345,6959,9487,45404,36170,11505,7606,4967,3557,11962,4322,12721,6134,512,2471,8664,1618,23100,801,2985,939,609,4106,2061,8190
1093,2069,1093.0611053134865,99719,1226,746,191,86,61968,32687,0.9492173006147274,683,409,25212,29932,15760,9370,6926,9455,45404,36170,11513,7623,4952,3545,11927,4327,12762,6175,511,2480,8726,1614,23021,800,2970,938,610,4103,2087,8171
1094,2069,1094.0288620569875,99719,1218,734,191,86,62121,32784,0.9517243454106038,687,423,25168,29931,15831,9421,6903,9403,45404,36170,11521,7640,4932,3531,11894,4338,12809,6213,509,2492,8800,1609,22919,796,2958,937,611,4102,2102,8167
