,indexID,time,N,Inf_L,Inf_H,Dead_L,Dead_H,cum_cases_L,cum_cases_H,cum_sum_per_N,Exposed_L,Exposed_H,Sus_L,Sus_H,Rec_nat_L,Rec_nat_H,Rec_vax_L,Rec_vax_H,vaccinatedH,vaccinatedL,boostedH,boostedL,count_Naive,count_Delta,count_Delta_vaccine,count_two,count_three,count_four,count_Omicron,count_Omicron_star,count_Omicron_star_vaccine,count_Omicron_vaccine,count_Vaccine,count_WT,count_WT_vaccine,count_WT_vaccine_boost,count_Omicron_vaccine_boost,count_Delta_vaccine_boost,count_Omicron_star_vaccine_boost,count_Vaccine_boost
0,2007,1.066463349897738,99996,8,7,0,0,8,8,0.00016000640025601025,18,17,49972,49973,0,1,0,0,0,0,0,0,99995,0,0,0,0,0,0,0,0,0,0,1,0,0,0,0,0,0
1,2007,2.123477128123721,99996,15,10,0,0,16,14,0.0003000120004800192,13,13,49969,49971,1,4,0,0,0,0,0,0,99991,0,0,0,0,0,0,0,0,0,0,5,0,0,0,0,0,0
2,2007,3.0597237329139158,99996,15,13,0,0,19,17,0.00036001440057602306,13,12,49966,49969,4,4,0,0,0,0,0,0,99988,0,0,0,0,0,0,0,0,0,0,8,0,0,0,0,0,0
3,2007,4.058253862657108,99996,22,18,0,0,26,22,0.0004800192007680307,9,9,49963,49967,4,4,0,0,0,0,0,0,99988,0,0,0,0,0,0,0,0,0,0,8,0,0,0,0,0,0
4,2007,5.002791661625211,99996,21,20,0,0,30,25,0.0005500220008800352,11,9,49957,49964,9,5,0,0,0,0,0,0,99982,0,0,0,0,0,0,0,0,0,0,14,0,0,0,0,0,0
5,2007,6.018958107171054,99996,23,20,0,0,35,27,0.0006200248009920397,15,7,49948,49964,12,7,0,0,0,0,0,0,99977,0,0,0,0,0,0,0,0,0,0,19,0,0,0,0,0,0
6,2007,7.015587264349035,99996,28,20,0,0,41,28,0.0006900276011040442,15,8,49942,49962,13,8,0,0,0,0,0,0,99975,0,0,0,0,0,0,0,0,0,0,21,0,0,0,0,0,0
7,2007,8.041061309241709,99996,26,21,0,0,44,31,0.000750030001200048,16,8,49938,49959,18,10,0,0,0,0,0,0,99968,0,0,0,0,0,0,0,0,0,0,28,0,0,0,0,0,0
8,2007,9.003215019643608,99996,23,21,0,0,48,33,0.0008100324012960519,16,7,49934,49958,25,12,0,0,0,0,0,0,99959,0,0,0,0,0,0,0,0,0,0,37,0,0,0,0,0,0
9,2007,10.039070821348323,99996,25,20,0,0,54,34,0.0008800352014080563,15,11,49929,49953,29,14,0,0,0,0,0,0,99953,0,0,0,0,0,0,0,0,0,0,43,0,0,0,0,0,0
10,2007,11.043315317520609,99996,25,18,0,0,57,38,0.0009500380015200608,17,7,49924,49953,32,20,0,0,0,0,0,0,99944,0,0,0,0,0,0,0,0,0,0,52,0,0,0,0,0,0
11,2007,12.043685824832199,99996,22,18,0,0,60,41,0.0010100404016160646,15,9,49924,49948,37,23,0,0,0,0,0,0,99935,0,0,0,0,0,0,0,0,0,0,61,0,0,0,0,0,0
12,2007,13.286735469946166,99996,21,17,0,0,66,43,0.0010900436017440697,12,10,49921,49945,44,26,0,0,0,0,0,0,99925,0,0,0,0,0,0,0,0,0,0,71,0,0,0,0,0,0
13,2007,14.15412149799636,99996,19,21,0,0,68,48,0.0011600464018560743,16,6,49915,49944,48,27,0,0,0,0,0,0,99920,0,0,0,0,0,0,0,0,0,0,76,0,0,0,0,0,0
14,2007,15.03194575159633,99996,20,19,0,0,72,49,0.0012100484019360775,17,6,49911,49943,50,30,0,0,0,0,0,0,99914,0,0,0,0,0,0,0,0,0,0,82,0,0,0,0,0,0
15,2007,16.028839229451076,99996,22,17,0,0,76,49,0.00125005000200008,18,8,49907,49941,51,32,0,0,0,0,0,0,99910,0,0,0,0,0,0,0,0,0,0,86,0,0,0,0,0,0
16,2007,17.09943197868929,99996,26,16,0,0,81,51,0.0013200528021120844,19,9,49901,49938,52,35,0,0,0,0,0,0,99906,0,0,0,0,0,0,0,0,0,0,90,0,0,0,0,0,0
17,2007,18.013633279718825,99996,25,14,0,0,83,52,0.0013500540021600864,22,8,49896,49938,55,38,0,0,0,0,0,0,99900,0,0,0,0,0,0,0,0,0,0,96,0,0,0,0,0,0
18,2007,19.165605263462034,99996,30,14,0,0,92,54,0.0014600584023360934,18,6,49893,49938,57,40,0,0,0,0,0,0,99894,0,0,0,0,0,0,0,0,0,0,102,0,0,0,0,0,0
19,2007,20.065062137284208,99996,30,13,0,0,96,54,0.001500060002400096,17,9,49890,49936,61,40,0,0,0,0,0,0,99889,0,0,0,0,0,0,0,0,0,0,107,0,0,0,0,0,0
20,2007,21.01180853040595,99996,33,14,0,0,101,57,0.001580063202528101,20,9,49882,49933,63,42,0,0,0,0,0,0,99885,0,0,0,0,0,0,0,0,0,0,111,0,0,0,0,0,0
21,2007,22.03258215210244,99996,36,16,0,0,108,59,0.001670066802672107,20,10,49875,49930,67,42,0,0,0,0,0,0,99881,0,0,0,0,0,0,0,0,0,0,115,0,0,0,0,0,0
22,2007,23.115148885351623,99996,39,16,0,0,115,61,0.0017600704028161126,18,9,49870,49929,71,44,0,0,0,0,0,0,99875,0,0,0,0,0,0,0,0,0,0,121,0,0,0,0,0,0
23,2007,24.088013855848878,99996,34,16,0,0,119,63,0.0018200728029121164,19,9,49865,49927,80,46,0,0,0,0,0,0,99864,0,0,0,0,0,0,0,0,0,0,132,0,0,0,0,0,0
24,2007,25.043453758809854,99996,33,18,0,0,124,66,0.0019000760030401216,20,10,49859,49923,86,47,0,0,0,0,0,0,99857,0,0,0,0,0,0,0,0,0,0,139,0,0,0,0,0,0
25,2007,26.284888890757546,99996,26,18,0,0,127,69,0.0019600784031361253,21,11,49856,49919,95,50,0,0,0,0,0,0,99844,0,0,0,0,0,0,0,0,0,0,152,0,0,0,0,0,0
26,2007,27.0774540764578,99996,27,16,0,0,132,70,0.0020200808032321293,22,10,49850,49919,99,53,0,0,0,0,0,0,99837,0,0,0,0,0,0,0,0,0,0,159,0,0,0,0,0,0
27,2007,28.068263245460805,99996,27,15,0,0,135,71,0.0020600824032961317,20,11,49849,49917,102,55,0,0,0,0,0,0,99832,0,0,0,0,0,0,0,0,0,0,164,0,0,0,0,0,0
28,2007,29.024678220565423,99996,26,16,0,0,139,76,0.0021500860034401378,20,8,49845,49915,107,59,0,0,0,0,0,0,99823,0,0,0,0,0,0,0,0,0,0,173,0,0,0,0,0,0
29,2007,30.18159348189875,99996,25,15,0,0,143,77,0.002200088003520141,21,11,49840,49912,112,60,0,0,0,0,0,0,99816,0,0,0,0,0,0,0,0,0,0,180,0,0,0,0,0,0
30,2007,31.041642565863835,99996,25,18,0,0,146,80,0.0022600904036161446,20,10,49838,49910,115,60,0,0,0,0,0,0,99813,0,0,0,0,0,0,0,0,0,0,183,0,0,0,0,0,0
31,2007,32.093811707762555,99996,22,15,0,0,151,83,0.00234009360374415,26,9,49827,49909,123,65,0,0,0,0,0,0,99799,0,0,0,0,0,0,0,0,0,0,197,0,0,0,0,0,0
32,2007,33.05535050248991,99996,32,17,0,0,163,85,0.0024800992039681587,22,8,49819,49908,125,65,0,0,0,0,0,0,99797,0,0,0,0,0,0,0,0,0,0,199,0,0,0,0,0,0
33,2007,34.28747776010344,99996,33,16,0,0,168,86,0.0025401016040641627,21,8,49815,49907,129,67,0,0,0,0,0,0,99791,0,0,0,0,0,0,0,0,0,0,205,0,0,0,0,0,0
34,2007,35.17051856302795,99996,34,18,0,0,171,88,0.002590103604144166,24,10,49809,49903,131,67,0,0,0,0,0,0,99789,0,0,0,0,0,0,0,0,0,0,207,0,0,0,0,0,0
35,2007,36.094407811374424,99996,32,18,0,0,178,89,0.0026701068042721708,20,13,49807,49900,139,67,0,0,0,0,0,0,99779,0,0,0,0,0,0,0,0,0,0,217,0,0,0,0,0,0
36,2007,37.12265540916543,99996,31,18,0,0,182,93,0.002750110004400176,25,11,49798,49898,144,71,0,0,0,0,0,0,99770,0,0,0,0,0,0,0,0,0,0,226,0,0,0,0,0,0
37,2007,38.120943391609146,99995,28,20,1,0,189,98,0.002870143507175359,25,9,49792,49896,152,73,0,0,0,0,0,0,99757,0,0,0,0,0,0,0,0,0,0,238,0,0,0,0,0,0
38,2007,39.26747622492142,99995,24,17,1,0,191,99,0.0029001450072503624,27,10,49788,49894,158,77,0,0,0,0,0,0,99747,0,0,0,0,0,0,0,0,0,0,248,0,0,0,0,0,0
39,2007,40.15731068056554,99995,27,15,1,0,195,99,0.0029401470073503674,25,12,49786,49892,159,79,0,0,0,0,0,0,99744,0,0,0,0,0,0,0,0,0,0,251,0,0,0,0,0,0
40,2007,41.192703244770556,99995,25,17,1,0,199,104,0.003030151507575379,29,10,49781,49889,162,82,0,0,0,0,0,0,99735,0,0,0,0,0,0,0,0,0,0,260,0,0,0,0,0,0
41,2007,42.23822660936451,99995,33,16,1,0,210,106,0.003160158007900395,29,9,49770,49888,165,85,0,0,0,0,0,0,99729,0,0,0,0,0,0,0,0,0,0,266,0,0,0,0,0,0
42,2007,43.03925340037954,99995,36,14,1,0,214,106,0.0032001600080004,27,9,49768,49889,166,86,0,0,0,0,0,0,99726,0,0,0,0,0,0,0,0,0,0,269,0,0,0,0,0,0
43,2007,44.07502550407371,99995,38,13,1,0,219,109,0.00328016400820041,28,7,49762,49888,169,90,0,0,0,0,0,0,99719,0,0,0,0,0,0,0,0,0,0,276,0,0,0,0,0,0
44,2007,45.012620177947895,99995,48,15,1,0,233,113,0.0034601730086504323,26,8,49750,49883,173,92,0,0,0,0,0,0,99713,0,0,0,0,0,0,0,0,0,0,282,0,0,0,0,0,0
45,2007,46.18324053091375,99995,51,11,1,0,243,117,0.00360018000900045,21,6,49747,49881,178,100,0,0,0,0,0,0,99698,0,0,0,0,0,0,0,0,0,0,297,0,0,0,0,0,0
46,2007,47.16682839932632,99995,47,12,1,0,247,118,0.0036501825091254563,24,11,49740,49875,186,100,0,0,0,0,0,0,99690,0,0,0,0,0,0,0,0,0,0,305,0,0,0,0,0,0
47,2007,48.04311811548798,99995,46,16,1,0,249,122,0.0037101855092754638,27,12,49736,49870,188,100,0,0,0,0,0,0,99687,0,0,0,0,0,0,0,0,0,0,308,0,0,0,0,0,0
48,2007,49.07410874025964,99995,46,18,1,0,257,124,0.0038101905095254763,24,11,49731,49870,196,99,0,0,0,0,0,0,99679,0,0,0,0,0,0,0,0,0,0,316,0,0,0,0,0,0
49,2007,50.32440989135355,99995,42,15,1,0,264,127,0.003910195509775489,27,12,49721,49867,207,104,0,0,0,0,0,0,99662,0,0,0,0,0,0,0,0,0,0,333,0,0,0,0,0,0
50,2007,51.149762721176046,99995,39,17,1,0,269,130,0.003990199509975499,25,12,49718,49864,215,105,0,0,0,0,0,0,99653,0,0,0,0,0,0,0,0,0,0,342,0,0,0,0,0,0
51,2007,52.02541591736725,99995,41,16,1,0,274,133,0.004070203510175509,23,11,49715,49863,218,108,0,0,0,0,0,0,99646,0,0,0,0,0,0,0,0,0,0,349,0,0,0,0,0,0
52,2007,53.149288201169576,99995,42,17,1,0,282,137,0.004190209510475524,23,11,49708,49859,224,111,0,0,0,0,0,0,99636,0,0,0,0,0,0,0,0,0,0,359,0,0,0,0,0,0
53,2007,54.031230330335994,99995,49,17,1,0,294,140,0.004340217010850542,19,12,49701,49855,228,114,0,0,0,0,0,0,99628,0,0,0,0,0,0,0,0,0,0,367,0,0,0,0,0,0
54,2007,55.13957026826946,99995,50,19,1,0,303,143,0.004460223011150557,19,11,49692,49854,236,114,0,0,0,0,0,0,99619,0,0,0,0,0,0,0,0,0,0,376,0,0,0,0,0,0
55,2007,56.02546008133052,99995,48,17,1,0,309,145,0.004540227011350567,17,13,49689,49850,243,118,0,0,0,0,0,0,99607,0,0,0,0,0,0,0,0,0,0,388,0,0,0,0,0,0
56,2007,57.16969331005502,99995,50,18,1,0,316,149,0.004650232511625581,22,13,49678,49846,247,121,0,0,0,0,0,0,99599,0,0,0,0,0,0,0,0,0,0,396,0,0,0,0,0,0
57,2007,58.178534141724825,99995,49,16,1,0,319,150,0.004690234511725586,25,13,49673,49846,250,123,0,0,0,0,0,0,99592,0,0,0,0,0,0,0,0,0,0,403,0,0,0,0,0,0
58,2007,59.26729992212751,99995,49,17,1,0,329,152,0.004810240512025601,24,12,49665,49845,259,124,0,0,0,0,0,0,99581,0,0,0,0,0,0,0,0,0,0,414,0,0,0,0,0,0
59,2007,60.23071428678548,99995,52,19,1,0,337,155,0.004920246012300615,21,14,49660,49840,264,125,0,0,0,0,0,0,99575,0,0,0,0,0,0,0,0,0,0,420,0,0,0,0,0,0
60,2007,61.08885018157594,99995,51,24,1,0,339,161,0.005000250012500625,23,11,49657,49840,266,123,0,0,0,0,0,0,99571,0,0,0,0,0,0,0,0,0,0,424,0,0,0,0,0,0
61,2007,62.277763819647646,99995,48,22,1,0,347,163,0.005100255012750638,19,14,49653,49835,277,127,0,0,0,0,0,0,99556,0,0,0,0,0,0,0,0,0,0,439,0,0,0,0,0,0
62,2007,63.05937782823061,99995,48,20,1,0,352,166,0.005180259012950648,18,14,49649,49832,282,132,0,0,0,0,0,0,99546,0,0,0,0,0,0,0,0,0,0,449,0,0,0,0,0,0
63,2007,64.07914330917808,99995,46,16,1,0,357,168,0.005250262513125656,17,14,49645,49830,289,138,0,0,0,0,0,0,99533,0,0,0,0,0,0,0,0,0,0,462,0,0,0,0,0,0
64,2007,65.03526555630357,99995,36,17,1,0,358,172,0.005300265013250663,23,16,49639,49824,299,141,0,0,0,0,0,0,99519,0,0,0,0,0,0,0,0,0,0,476,0,0,0,0,0,0
65,2007,66.03508005409459,99995,36,17,1,0,361,175,0.00536026801340067,23,14,49637,49823,301,144,0,0,0,0,0,0,99513,0,0,0,0,0,0,0,0,0,0,482,0,0,0,0,0,0
66,2007,67.09020745098124,99995,31,19,1,0,362,179,0.005410270513525676,27,13,49634,49820,305,146,0,0,0,0,0,0,99505,0,0,0,0,0,0,0,0,0,0,490,0,0,0,0,0,0
67,2007,68.08396948711838,99995,36,20,1,0,371,184,0.005550277513875694,28,10,49627,49818,306,150,0,0,0,0,0,0,99497,0,0,0,0,0,0,0,0,0,0,498,0,0,0,0,0,0
68,2007,69.25825251400668,99995,36,19,1,0,381,187,0.00568028401420071,25,10,49620,49816,316,153,0,0,0,0,0,0,99483,0,0,0,0,0,0,0,0,0,0,512,0,0,0,0,0,0
69,2007,70.09694828630452,99995,34,19,1,0,390,188,0.005780289014450723,20,11,49618,49814,325,154,0,0,0,0,0,0,99471,0,0,0,0,0,0,0,0,0,0,524,0,0,0,0,0,0
70,2007,71.06557978300907,99995,34,18,1,0,393,189,0.005820291014550728,20,10,49618,49814,325,156,0,0,0,0,0,0,99466,0,0,0,0,0,0,0,0,0,0,529,0,0,0,0,0,0
71,2007,72.20688563618891,99995,37,15,1,0,397,191,0.005880294014700735,22,13,49612,49809,326,161,0,0,0,0,0,0,99460,0,0,0,0,0,0,0,0,0,0,535,0,0,0,0,0,0
72,2007,73.01469182227201,99995,37,12,1,0,403,193,0.005960298014900745,22,15,49608,49806,330,165,0,0,0,0,0,0,99449,0,0,0,0,0,0,0,0,0,0,546,0,0,0,0,0,0
73,2007,74.06126223199686,99995,38,16,1,0,411,199,0.006100305015250763,21,11,49601,49804,337,167,0,0,0,0,0,0,99440,0,0,0,0,0,0,0,0,0,0,555,0,0,0,0,0,0
74,2007,75.07099988042141,99995,35,18,1,0,416,203,0.006190309515475774,19,10,49598,49805,345,165,0,0,0,0,0,0,99430,0,0,0,0,0,0,0,0,0,0,565,0,0,0,0,0,0
75,2007,76.09220778047654,99994,37,16,1,1,424,205,0.006290377422645359,22,9,49587,49804,351,168,0,0,0,0,0,0,99420,0,0,0,0,0,0,0,0,0,0,574,0,0,0,0,0,0
76,2007,77.16634893444738,99994,39,15,1,1,430,206,0.0063603816228973735,20,9,49585,49805,353,168,0,0,0,0,0,0,99414,0,0,0,0,0,0,0,0,0,0,580,0,0,0,0,0,0
77,2007,78.02436499836574,99994,41,13,1,1,434,207,0.006410384623077385,21,11,49581,49803,354,170,0,0,0,0,0,0,99409,0,0,0,0,0,0,0,0,0,0,585,0,0,0,0,0,0
78,2007,79.17149414933412,99994,41,11,1,1,439,207,0.006460387623257395,27,13,49572,49803,357,170,0,0,0,0,0,0,99402,0,0,0,0,0,0,0,0,0,0,592,0,0,0,0,0,0
79,2007,80.03730382691059,99994,41,12,1,1,449,209,0.006580394823689421,26,12,49567,49804,363,169,0,0,0,0,0,0,99391,0,0,0,0,0,0,0,0,0,0,603,0,0,0,0,0,0
80,2007,81.10261975859451,99994,44,14,1,1,454,212,0.006660399623977438,25,12,49564,49801,364,170,0,0,0,0,0,0,99388,0,0,0,0,0,0,0,0,0,0,606,0,0,0,0,0,0
81,2007,82.29621507057233,99994,46,14,1,1,463,216,0.006790407424445467,22,13,49558,49798,371,172,0,0,0,0,0,0,99377,0,0,0,0,0,0,0,0,0,0,617,0,0,0,0,0,0
82,2007,83.00177565647958,99994,45,16,1,1,469,220,0.006890413424805488,22,12,49552,49795,378,174,0,0,0,0,0,0,99368,0,0,0,0,0,0,0,0,0,0,626,0,0,0,0,0,0
83,2007,84.0807099248744,99994,40,16,1,1,473,222,0.006950417025021501,24,14,49547,49791,386,176,0,0,0,0,0,0,99357,0,0,0,0,0,0,0,0,0,0,637,0,0,0,0,0,0
84,2007,85.1296846288465,99994,41,17,1,1,477,224,0.007010420625237514,21,13,49546,49791,389,176,0,0,0,0,0,0,99353,0,0,0,0,0,0,0,0,0,0,641,0,0,0,0,0,0
85,2007,86.08079634666343,99994,39,18,1,1,484,228,0.007120427225633538,22,11,49541,49790,395,178,0,0,0,0,0,0,99341,0,0,0,0,0,0,0,0,0,0,653,0,0,0,0,0,0
86,2007,87.27589362598334,99994,40,21,1,1,490,234,0.007240434426065564,23,11,49538,49785,396,180,0,0,0,0,0,0,99333,0,0,0,0,0,0,0,0,0,0,661,0,0,0,0,0,0
87,2007,88.012636294142,99994,40,20,1,1,493,237,0.007300438026281577,23,12,49537,49781,397,184,0,0,0,0,0,0,99326,0,0,0,0,0,0,0,0,0,0,668,0,0,0,0,0,0
88,2007,89.32344360733453,99994,41,18,1,1,500,239,0.007390443426605596,27,15,49528,49779,401,185,0,0,0,0,0,0,99316,0,0,0,0,0,0,0,0,0,0,678,0,0,0,0,0,0
89,2007,90.09650753425225,99994,45,16,1,1,507,241,0.007480448826929616,25,15,49523,49777,404,189,0,0,0,0,0,0,99309,0,0,0,0,0,0,0,0,0,0,685,0,0,0,0,0,0
90,2007,91.06923466854046,99994,45,18,1,1,513,246,0.00759045542732564,23,12,49521,49777,408,190,0,0,0,0,0,0,99300,0,0,0,0,0,0,0,0,0,0,694,0,0,0,0,0,0
91,2007,92.15039735395145,99994,44,19,1,1,516,249,0.007650459027541652,24,13,49517,49774,412,191,0,0,0,0,0,0,99294,0,0,0,0,0,0,0,0,0,0,700,0,0,0,0,0,0
92,2007,93.07999585416391,99994,39,21,1,1,518,252,0.0077004620277216634,26,12,49514,49774,418,190,0,0,0,0,0,0,99287,0,0,1,0,0,0,0,0,0,0,706,0,0,0,0,0,0
93,2007,94.231720310466,99994,39,22,1,1,530,256,0.007860471628297698,21,13,49511,49770,426,192,0,0,0,0,0,0,99272,0,0,1,0,0,0,0,0,0,0,721,0,0,0,0,0,0
94,2007,95.24648478114598,99994,42,24,1,1,536,259,0.007950477028621717,20,12,49506,49769,429,192,0,0,0,0,0,0,99268,0,0,1,0,0,0,0,0,0,0,725,0,0,0,0,0,0
95,2007,96.0582341970873,99994,41,27,1,1,540,262,0.008020481228873732,21,13,49501,49765,434,192,0,0,0,0,0,0,99263,0,0,1,0,0,0,0,0,0,0,730,0,0,0,0,0,0
96,2007,97.26513016621153,99994,43,25,1,1,550,264,0.008140488429305759,20,17,49493,49759,441,196,0,0,0,0,0,0,99251,0,0,1,0,0,0,0,0,0,0,742,0,0,0,0,0,0
97,2007,98.0117591984825,99994,44,27,1,1,553,269,0.008220493229593775,20,13,49490,49760,443,197,0,0,0,0,0,0,99246,0,0,1,0,0,0,0,0,0,0,747,0,0,0,0,0,0
98,2007,99.05096907241555,99994,39,28,1,1,560,273,0.008330499829989799,19,13,49488,49756,451,200,0,0,0,0,0,0,99231,0,0,1,0,0,0,0,0,0,0,762,0,0,0,0,0,0
99,2007,100.03477600281781,99994,43,29,1,1,568,276,0.008440506430385823,25,13,49476,49754,453,201,0,0,0,0,0,0,99225,0,0,1,0,0,0,0,0,0,0,768,0,0,0,0,0,0
100,2007,101.14791613731828,99994,44,24,1,1,575,279,0.008540512430745845,28,13,49469,49752,456,208,0,0,0,0,0,0,99211,0,0,1,0,0,0,0,0,0,0,782,0,0,0,0,0,0
101,2007,102.13705238405439,99994,47,24,1,1,584,280,0.008640518431105866,26,17,49463,49749,461,207,0,0,0,0,0,0,99204,0,0,1,0,0,0,0,0,0,0,789,0,0,0,0,0,0
102,2007,103.04877215500555,99994,46,22,1,1,590,283,0.008730523831429885,25,15,49460,49748,466,212,0,0,0,0,0,0,99192,0,0,1,0,0,0,0,0,0,0,801,0,0,0,0,0,0
103,2007,104.1538054383504,99994,44,26,1,1,596,291,0.008870532231933915,24,12,49457,49744,472,215,0,0,0,0,0,0,99180,0,0,1,0,0,0,0,0,0,0,813,0,0,0,0,0,0
104,2007,105.24623800773546,99994,42,28,1,1,603,297,0.009000540032401944,25,11,49450,49740,480,218,0,0,0,0,0,0,99167,0,0,1,0,0,0,0,0,0,0,826,0,0,0,0,0,0
105,2007,106.14236047196663,99994,47,23,1,1,612,298,0.009100546032761966,21,14,49447,49738,482,222,0,0,0,0,0,0,99157,0,0,1,0,0,0,0,0,0,0,836,0,0,0,0,0,0
106,2007,107.2331990806843,99994,44,21,1,1,617,300,0.009170550233013981,25,18,49439,49732,489,226,0,0,0,0,0,0,99146,0,0,2,0,0,0,0,0,0,0,846,0,0,0,0,0,0
107,2007,108.18502687505324,99994,39,22,1,1,623,303,0.009260555633338,23,16,49435,49732,500,227,0,0,0,0,0,0,99133,0,0,2,0,0,0,0,0,0,0,859,0,0,0,0,0,0
108,2007,109.14483823683177,99994,39,24,1,1,629,312,0.009410564633878033,23,12,49431,49728,504,233,0,0,0,0,0,0,99120,0,0,2,0,0,0,0,0,0,0,872,0,0,0,0,0,0
109,2007,110.08623520153044,99994,41,21,1,1,636,312,0.009480568834130048,21,14,49429,49726,506,236,0,0,0,0,0,0,99112,0,0,2,0,0,0,0,0,0,0,880,0,0,0,0,0,0
110,2007,111.05436615208279,99994,42,22,1,1,640,314,0.009540572434346061,19,13,49428,49726,508,236,0,0,0,0,0,0,99108,0,0,2,0,0,0,0,0,0,0,884,0,0,0,0,0,0
111,2007,112.07483525852615,99994,43,24,1,1,644,320,0.009640578434706082,23,14,49421,49719,510,240,0,0,0,0,0,0,99101,0,0,2,0,0,0,0,0,0,0,891,0,0,0,0,0,0
112,2007,113.21581810126983,99994,44,28,1,1,650,325,0.009750585035102106,26,17,49413,49711,514,241,0,0,0,0,0,0,99095,0,0,2,0,0,0,0,0,0,0,897,0,0,0,0,0,0
113,2007,114.00294774024077,99994,42,29,1,1,657,329,0.00986059163549813,35,17,49400,49710,520,241,0,0,0,0,0,0,99083,0,0,2,0,0,0,0,0,0,0,909,0,0,0,0,0,0
114,2007,115.21182806925472,99994,40,29,1,1,664,335,0.009990599435966158,36,15,49394,49706,527,247,0,0,0,0,0,0,99068,0,0,2,0,0,0,0,0,0,0,924,0,0,0,0,0,0
115,2007,116.15402882819059,99994,41,24,1,1,673,336,0.010090605436326179,37,15,49384,49705,535,253,0,0,0,0,0,0,99054,0,0,2,0,0,0,0,0,0,0,938,0,0,0,0,0,0
116,2007,117.12339669441232,99994,42,26,1,1,677,340,0.010170610236614197,36,14,49382,49702,537,255,0,0,0,0,0,0,99049,0,0,2,0,0,0,0,0,0,0,943,0,0,0,0,0,0
117,2007,118.32695003860309,99994,46,27,1,1,690,344,0.010340620437226234,33,15,49373,49700,545,255,0,0,0,0,0,0,99037,0,0,2,0,0,0,0,0,0,0,955,0,0,0,0,0,0
118,2007,119.12806297882335,99994,45,26,1,1,695,346,0.01041062463747825,34,17,49370,49696,548,258,0,0,0,0,0,0,99028,0,0,2,0,0,0,0,0,0,0,964,0,0,0,0,0,0
119,2007,120.19243911906267,99994,49,27,1,1,705,352,0.010570634238054284,30,14,49368,49695,550,261,0,0,0,0,0,0,99018,0,0,3,0,0,0,0,0,0,0,973,0,0,0,0,0,0
120,2007,121.26743184361158,99994,41,24,1,1,709,356,0.0106506390383423,38,13,49357,49692,561,268,0,0,0,0,0,0,98999,0,0,3,0,0,0,0,0,0,0,992,0,0,0,0,0,0
121,2007,122.10000928026207,99994,43,23,1,1,716,358,0.010740644438666319,39,14,49349,49689,566,271,0,0,0,0,0,0,98991,0,0,3,0,0,0,0,0,0,0,1000,0,0,0,0,0,0
122,2007,123.17154013133049,99994,49,25,1,1,727,361,0.01088065283917035,33,14,49345,49686,570,272,0,0,0,0,0,0,98985,0,0,3,0,0,0,0,0,0,0,1006,0,0,0,0,0,0
123,2007,124.094781622074,99994,48,27,1,1,732,365,0.01097065823949437,33,12,49342,49687,574,271,0,0,0,0,0,0,98977,0,0,3,0,0,0,0,0,0,0,1014,0,0,0,0,0,0
124,2007,125.22683974066305,99994,52,23,1,1,743,369,0.011120667240034403,32,12,49333,49684,580,278,0,0,0,0,0,0,98962,0,0,3,0,0,0,0,0,0,0,1029,0,0,0,0,0,0
125,2007,126.21978194890765,99994,55,21,1,1,750,370,0.011200672040322419,32,15,49328,49680,582,281,0,0,0,0,0,0,98955,0,0,3,0,0,0,0,0,0,0,1036,0,0,0,0,0,0
126,2007,127.23316833613353,99994,61,21,1,1,763,373,0.011360681640898453,30,15,49318,49677,588,284,0,0,0,0,0,0,98945,0,0,3,0,0,0,0,0,0,0,1046,0,0,0,0,0,0
127,2007,128.1775756491752,99994,65,22,1,1,768,377,0.011450687041222473,29,16,49317,49673,586,286,0,0,0,0,0,0,98941,0,0,3,0,0,0,0,0,0,0,1050,0,0,0,0,0,0
128,2007,129.26115907625416,99994,69,26,1,1,781,382,0.011630697841870511,28,16,49308,49669,592,286,0,0,0,0,0,0,98931,0,0,3,0,0,0,0,0,0,0,1060,0,0,0,0,0,0
129,2007,130.09903471987016,99993,58,26,2,1,783,385,0.011680817657236007,36,19,49300,49665,602,287,0,0,0,0,0,0,98915,0,0,3,0,0,0,0,0,0,0,1075,0,0,0,0,0,0
130,2007,131.2285584598892,99993,59,26,2,1,795,391,0.011860830258118068,32,19,49292,49660,613,292,0,0,0,0,0,0,98898,0,0,3,0,0,0,0,0,0,0,1092,0,0,0,0,0,0
131,2007,132.14590679703184,99993,59,26,2,1,805,396,0.01201084075885312,30,18,49285,49657,622,296,0,0,0,0,0,0,98883,0,0,3,0,0,0,0,0,0,0,1107,0,0,0,0,0,0
132,2007,133.302476608315,99993,64,32,2,1,815,403,0.012180852659686178,26,17,49283,49652,623,296,0,0,0,0,0,0,98877,0,0,3,0,0,0,0,0,0,0,1113,0,0,0,0,0,0
133,2007,134.0276699174043,99993,58,30,2,1,821,405,0.012260858260078205,30,23,49275,49645,633,299,0,0,0,0,0,0,98861,0,0,3,0,0,0,0,0,0,0,1129,0,0,0,0,0,0
134,2007,135.02163695679704,99993,60,35,2,1,827,412,0.012390867360715251,30,21,49272,49640,634,301,0,0,0,0,0,0,98855,0,0,3,0,0,0,0,0,0,0,1135,0,0,0,0,0,0
135,2007,136.01568648430714,99993,58,31,2,1,835,417,0.012520876461352295,33,21,49263,49636,642,309,0,0,0,0,0,0,98836,0,0,3,0,0,0,0,0,0,0,1154,0,0,0,0,0,0
136,2007,137.10874139895608,99993,55,33,2,1,840,422,0.01262088346184233,34,17,49257,49635,650,312,0,0,0,0,0,0,98825,0,0,3,0,0,0,0,0,0,0,1165,0,0,0,0,0,0
137,2007,138.0016633691182,99993,57,31,2,1,849,428,0.01277089396257738,34,17,49249,49631,656,318,0,0,0,0,0,0,98812,0,0,5,0,0,0,0,0,0,0,1176,0,0,0,0,0,0
138,2007,139.10693195870363,99993,60,32,2,1,858,433,0.012910903763263428,33,17,49242,49626,661,322,0,0,0,0,0,0,98802,0,0,5,0,0,0,0,0,0,0,1186,0,0,0,0,0,0
139,2007,140.0235793421087,99993,62,33,2,1,864,435,0.012990909363655457,32,18,49237,49623,665,323,0,0,0,0,0,0,98797,0,0,5,0,0,0,0,0,0,0,1191,0,0,0,0,0,0
140,2007,141.02477204287743,99993,63,29,2,1,873,439,0.0131209184642925,31,25,49232,49612,670,331,0,0,0,0,0,0,98781,0,0,5,0,0,0,0,0,0,0,1207,0,0,0,0,0,0
141,2007,142.01954109762292,99992,58,32,3,1,879,444,0.013231058484678775,36,25,49225,49607,676,333,0,0,0,0,0,0,98768,0,0,5,0,0,0,0,0,0,0,1219,0,0,0,0,0,0
142,2007,143.01441779061926,99992,68,39,3,1,893,455,0.013481078486278903,34,19,49216,49603,677,336,0,0,0,0,0,0,98760,0,0,5,0,0,0,0,0,0,0,1227,0,0,0,0,0,0
143,2007,144.00475593336355,99992,71,43,3,1,897,460,0.013571085686854948,38,18,49212,49599,674,337,0,0,0,0,0,0,98758,0,0,5,0,0,0,0,0,0,0,1229,0,0,0,0,0,0
144,2007,145.0046283069731,99992,68,39,3,1,905,463,0.013681094487559005,36,19,49212,49597,679,342,0,0,0,0,0,0,98740,0,0,5,0,0,0,0,0,0,0,1247,0,0,0,0,0,0
145,2007,146.2455256010197,99992,79,36,3,1,927,469,0.013961116889351147,30,23,49199,49589,687,349,0,0,0,0,0,0,98721,0,0,6,0,0,0,0,0,0,0,1265,0,0,0,0,0,0
146,2007,147.2407561555659,99992,82,33,3,1,943,474,0.014171133690695255,26,25,49189,49584,698,355,0,0,0,0,0,0,98700,0,0,6,0,0,0,0,0,0,0,1286,0,0,0,0,0,0
147,2007,148.23620065593676,99992,74,37,3,1,950,482,0.014321145691655332,30,22,49181,49580,710,358,0,0,0,0,0,0,98681,0,0,6,0,0,0,0,0,0,0,1305,0,0,0,0,0,0
148,2007,149.2318405939956,99991,75,39,4,1,957,489,0.014461301517136543,31,20,49174,49576,714,362,0,0,0,0,0,0,98670,0,0,6,0,0,0,0,0,0,0,1315,0,0,0,0,0,0
149,2007,150.05128682189627,99991,73,36,4,1,961,493,0.0145413087177846,35,21,49167,49572,719,368,0,0,0,0,0,0,98657,0,0,6,0,0,0,0,0,0,0,1328,0,0,0,0,0,0
150,2007,151.04718001520206,99990,70,32,5,1,970,498,0.014681468146814682,35,22,49159,49566,729,377,0,0,0,0,0,0,98636,0,0,6,0,0,0,0,0,0,0,1348,0,0,0,0,0,0
151,2007,152.04329350154106,99990,69,26,5,1,982,504,0.014861486148614862,33,22,49151,49561,740,388,0,0,0,0,0,0,98612,0,0,7,0,0,0,0,0,0,0,1371,0,0,0,0,0,0
152,2007,153.03961761451436,99990,63,26,5,1,987,508,0.014951495149514951,37,24,49144,49555,749,392,0,0,0,0,0,0,98597,0,0,7,0,0,0,0,0,0,0,1386,0,0,0,0,0,0
153,2007,154.0361310250902,99990,67,25,5,1,1002,515,0.015171517151715172,37,23,49133,49550,756,399,0,0,0,0,0,0,98578,0,0,7,0,0,0,0,0,0,0,1405,0,0,0,0,0,0
154,2007,155.17981098919904,99990,66,26,5,1,1011,522,0.015331533153315332,36,24,49126,49543,765,404,0,0,0,0,0,0,98562,0,0,7,0,0,0,0,0,0,0,1421,0,0,0,0,0,0
155,2007,156.17663620005305,99990,61,22,5,1,1016,525,0.015411541154115412,44,26,49115,49538,773,411,0,0,0,0,0,0,98545,0,0,7,0,0,0,0,0,0,0,1438,0,0,0,0,0,0
156,2007,157.17367995993112,99990,60,27,5,1,1026,530,0.015561556155615561,47,25,49104,49537,782,408,0,0,0,0,0,0,98534,0,0,7,0,0,0,0,0,0,0,1449,0,0,0,0,0,0
157,2007,158.1709305292277,99990,64,31,5,1,1040,537,0.015771577157715773,40,21,49098,49538,791,407,0,0,0,0,0,0,98522,0,0,8,0,0,0,0,0,0,0,1460,0,0,0,0,0,0
158,2007,159.16827538639419,99990,75,33,5,1,1056,544,0.016001600160016,33,19,49093,49535,792,410,0,0,0,0,0,0,98512,0,0,8,0,0,0,0,0,0,0,1470,0,0,0,0,0,0
159,2007,160.1657054228014,99989,77,32,6,1,1062,548,0.016101771194831433,36,19,49087,49532,792,414,0,0,0,0,0,0,98503,0,0,8,0,0,0,0,0,0,0,1478,0,0,0,0,0,0
160,2007,161.24567806451466,99989,81,31,6,1,1073,552,0.01625178769664663,43,22,49072,49528,796,416,0,0,0,0,0,0,98491,0,0,8,0,0,0,0,0,0,0,1490,0,0,0,0,0,0
161,2007,162.24335265359298,99989,76,33,6,1,1078,556,0.01634179759773575,47,21,49066,49525,803,418,0,0,0,0,0,0,98479,0,0,8,0,0,0,0,0,0,0,1502,0,0,0,0,0,0
162,2007,163.24114413657642,99989,76,36,6,1,1092,561,0.016531818500035003,43,24,49062,49518,811,419,0,0,0,0,0,0,98463,0,0,8,0,0,0,0,0,0,0,1518,0,0,0,0,0,0
163,2007,164.2390238074121,99989,75,39,6,1,1102,569,0.016711838302213244,40,20,49057,49515,820,423,0,0,0,0,0,0,98447,0,0,8,0,0,0,0,0,0,0,1534,0,0,0,0,0,0
164,2007,165.05025546169304,99989,72,43,6,1,1105,574,0.01679184710318135,38,17,49057,49514,825,423,0,0,0,0,0,0,98440,0,0,8,0,0,0,0,0,0,0,1541,0,0,0,0,0,0
165,2007,166.04522823122753,99989,69,44,6,1,1112,578,0.016901859204512495,51,18,49040,49509,832,426,0,0,0,0,0,0,98428,0,0,9,0,0,0,0,0,0,0,1552,0,0,0,0,0,0
166,2007,167.05587684787753,99988,78,44,7,1,1129,584,0.017132055846701605,55,17,49023,49505,835,431,0,0,0,0,0,0,98414,0,0,9,0,0,0,0,0,0,0,1565,0,0,0,0,0,0
167,2007,168.22136272738584,99988,92,36,7,1,1150,587,0.01737208465015802,55,24,49007,49497,837,440,0,0,0,0,0,0,98396,0,0,9,0,0,0,0,0,0,0,1583,0,0,0,0,0,0
168,2007,169.22008966545542,99988,97,36,7,1,1167,592,0.0175921110533264,51,24,48997,49494,846,443,0,0,0,0,0,0,98379,0,0,9,0,0,0,0,0,0,0,1600,0,0,0,0,0,0
169,2007,170.21898634237095,99988,97,39,7,1,1178,598,0.017762131455774693,60,28,48980,49485,854,445,0,0,0,0,0,0,98365,0,0,9,0,0,0,0,0,0,0,1614,0,0,0,0,0,0
170,2007,171.2180886330127,99988,94,45,7,1,1187,609,0.017962155458655038,58,24,48976,49479,863,449,0,0,0,0,0,0,98348,0,0,9,0,0,0,0,0,0,0,1631,0,0,0,0,0,0
171,2007,172.21734197009707,99988,96,45,7,1,1198,614,0.018122174660959316,59,23,48968,49479,868,450,0,0,0,0,0,0,98334,0,0,9,0,0,0,0,0,0,0,1645,0,0,0,0,0,0
172,2007,173.08253074711791,99988,94,51,7,1,1207,621,0.01828219386326359,63,22,48957,49473,877,451,0,0,0,0,0,0,98322,0,0,9,0,0,0,0,0,0,0,1657,0,0,0,0,0,0
173,2007,174.20620680784307,99988,100,48,7,1,1232,629,0.018612233468016163,55,25,48942,49463,894,461,0,0,0,0,0,0,98292,0,0,9,0,0,0,0,0,0,0,1687,0,0,0,0,0,0
174,2007,175.20605190329152,99988,107,56,7,1,1248,639,0.018872264671760612,48,26,48936,49453,900,462,0,0,0,0,0,0,98281,0,0,9,0,0,0,0,0,0,0,1698,0,0,0,0,0,0
175,2007,176.20600502958962,99988,100,53,7,1,1254,644,0.0189822778733448,56,29,48923,49445,912,470,0,0,0,0,0,0,98260,0,0,9,0,0,0,0,0,0,0,1719,0,0,0,0,0,0
176,2007,177.20622095499732,99988,98,52,7,1,1267,652,0.019192303076369165,58,26,48914,49440,921,479,0,0,0,0,0,0,98236,0,0,9,0,0,0,0,0,0,0,1743,0,0,0,0,0,0
177,2007,178.2066460347144,99988,98,49,7,1,1284,658,0.019422330679681563,56,28,48901,49433,936,487,0,0,0,0,0,0,98210,0,0,9,0,0,0,0,0,0,0,1769,0,0,0,0,0,0
178,2007,179.20734106080772,99988,96,50,7,1,1297,667,0.01964235708284994,55,28,48893,49427,947,492,0,0,0,0,0,0,98187,0,0,9,0,0,0,0,0,0,0,1792,0,0,0,0,0,0
179,2007,180.20825374728585,99987,92,51,8,1,1307,672,0.019792573034494484,58,32,48883,49421,957,493,0,0,0,0,0,0,98169,0,0,9,0,0,0,0,0,0,0,1809,0,0,0,0,0,0
180,2007,181.20935545665134,99987,91,56,8,1,1323,681,0.020042605538720032,54,32,48876,49414,969,495,0,0,0,0,0,0,98149,0,0,10,0,0,0,0,0,0,0,1828,0,0,0,0,0,0
181,2007,182.21061836869612,99987,87,59,8,1,1332,689,0.020212627641593407,58,29,48868,49411,977,498,0,0,0,0,0,0,98131,0,0,10,0,0,0,0,0,0,0,1846,0,0,0,0,0,0
182,2007,183.2120402862013,99987,86,66,8,1,1345,703,0.020482662746157,54,19,48863,49412,987,500,0,0,0,0,0,0,98110,0,0,10,0,0,0,0,0,0,0,1867,0,0,0,0,0,0
183,2007,184.1807329309258,99987,84,66,8,1,1351,712,0.02063268224869233,61,23,48852,49400,993,508,0,0,0,0,0,0,98093,0,0,10,0,0,0,0,0,0,0,1884,0,0,0,0,0,0
184,2007,185.1824752379553,99987,96,61,8,1,1374,718,0.020922719953593967,59,26,48837,49392,998,518,0,0,0,0,0,0,98071,0,0,10,0,0,0,0,0,0,0,1906,0,0,0,0,0,0
185,2007,186.18441882421766,99987,99,60,8,1,1387,725,0.021122745956974408,59,27,48828,49385,1004,525,0,0,0,0,0,0,98053,0,0,10,0,0,0,0,0,0,0,1924,0,0,0,0,0,0
186,2007,187.18656149126252,99987,95,57,8,1,1403,729,0.021322771960354845,66,29,48805,49379,1024,532,0,0,0,0,0,0,98028,0,0,12,0,0,0,0,0,0,0,1947,0,0,0,0,0,0
187,2007,188.18910081409442,99986,100,57,8,2,1417,736,0.021533014622047087,68,31,48792,49372,1030,536,0,0,0,0,0,0,98012,0,0,12,0,0,0,0,0,0,0,1962,0,0,0,0,0,0
188,2007,189.19182823703306,99986,101,62,8,2,1434,745,0.0217930510271438,64,27,48782,49368,1043,539,0,0,0,0,0,0,97992,0,0,12,0,0,0,0,0,0,0,1982,0,0,0,0,0,0
189,2007,190.1947780539102,99986,106,66,8,2,1449,753,0.022023083231652432,67,28,48765,49365,1052,537,0,0,0,0,0,0,97978,0,0,12,0,0,0,0,0,0,0,1996,0,0,0,0,0,0
190,2007,191.197978172307,99986,116,63,8,2,1476,763,0.022393135038905446,60,29,48749,49356,1065,548,0,0,0,0,0,0,97948,0,0,12,0,0,0,0,0,0,0,2026,0,0,0,0,0,0
191,2007,192.2014797336869,99986,112,57,8,2,1489,770,0.022593163042825996,61,30,48736,49350,1081,559,0,0,0,0,0,0,97918,0,0,12,0,0,0,0,0,0,0,2056,0,0,0,0,0,0
192,2007,193.20532586614493,99986,107,57,8,2,1502,777,0.022793191046746545,65,34,48723,49341,1095,564,0,0,0,0,0,0,97893,0,0,12,0,0,0,0,0,0,0,2081,0,0,0,0,0,0
193,2007,194.20941716154942,99986,109,64,8,2,1517,789,0.023063228852039284,68,33,48708,49332,1105,567,0,0,0,0,0,0,97875,0,0,12,0,0,0,0,0,0,0,2099,0,0,0,0,0,0
194,2007,195.2137226695827,99986,113,68,8,2,1540,800,0.023403276458704218,63,30,48691,49326,1123,572,0,0,0,0,0,0,97849,0,0,12,0,0,0,0,0,0,0,2125,0,0,0,0,0,0
195,2007,196.21839842497025,99986,114,60,8,2,1554,805,0.02359330306242874,65,33,48677,49322,1134,581,0,0,0,0,0,0,97824,0,0,13,0,0,0,0,0,0,0,2149,0,0,0,0,0,0
196,2007,197.22335632178184,99986,110,63,8,2,1566,811,0.023773328265957235,76,35,48660,49316,1144,582,0,0,0,0,0,0,97805,0,0,13,0,0,0,0,0,0,0,2168,0,0,0,0,0,0
197,2007,198.22858981120729,99986,116,64,8,2,1586,822,0.024083371672034084,78,31,48641,49311,1155,590,0,0,0,0,0,0,97781,0,0,13,0,0,0,0,0,0,0,2192,0,0,0,0,0,0
198,2007,199.23413829833177,99986,114,58,8,2,1604,830,0.0243434080771308,76,37,48630,49300,1170,601,0,0,0,0,0,0,97747,0,0,13,0,0,0,0,0,0,0,2226,0,0,0,0,0,0
199,2007,200.23994304452626,99986,122,58,8,2,1625,835,0.024603444482227513,79,39,48613,49295,1176,604,0,0,0,0,0,0,97729,0,0,13,0,0,0,0,0,0,0,2244,0,0,0,0,0,0
200,2007,201.24599214783908,99986,134,62,8,2,1647,844,0.024913487888304362,80,39,48593,49286,1183,609,0,0,0,0,0,0,97714,0,0,13,0,0,0,0,0,0,0,2259,0,0,0,0,0,0
201,2007,202.2522918870101,99986,122,64,8,2,1656,854,0.025103514492028883,89,40,48582,49276,1197,616,0,0,0,0,0,0,97685,0,0,13,0,0,0,0,0,0,0,2288,0,0,0,0,0,0
202,2007,203.2588372809533,99986,142,65,8,2,1691,862,0.025533574700458063,80,43,48558,49269,1210,619,0,0,0,0,0,0,97663,0,0,13,0,0,0,0,0,0,0,2310,0,0,0,0,0,0
203,2007,204.26572711530113,99986,127,65,8,2,1698,875,0.025733602704378612,95,34,48540,49265,1228,632,0,0,0,0,0,0,97628,0,0,13,0,0,0,0,0,0,0,2345,0,0,0,0,0,0
204,2007,205.27300072054416,99986,134,61,8,2,1719,880,0.025993639109475327,94,36,48528,49259,1234,640,0,0,0,0,0,0,97606,0,0,14,0,0,0,0,0,0,0,2366,0,0,0,0,0,0
205,2007,206.28052492951207,99986,140,58,8,2,1739,883,0.026223671313983957,98,44,48506,49250,1246,644,0,0,0,0,0,0,97587,0,0,15,0,0,0,0,0,0,0,2384,0,0,0,0,0,0
206,2007,207.28841192033883,99986,141,60,8,2,1762,894,0.02656371892064889,100,41,48482,49244,1267,651,0,0,0,0,0,0,97556,0,0,15,0,0,0,0,0,0,0,2415,0,0,0,0,0,0
207,2007,208.2967190621689,99985,149,50,9,2,1783,898,0.0268140221033155,94,43,48476,49239,1270,664,0,0,0,0,0,0,97529,0,0,15,0,0,0,0,0,0,0,2441,0,0,0,0,0,0
208,2007,209.30522831327636,99984,143,49,10,2,1799,905,0.027044327092334775,99,44,48458,49232,1288,671,0,0,0,0,0,0,97500,0,0,16,0,0,0,0,0,0,0,2468,0,0,0,0,0,0
209,2007,210.31406324677894,99984,142,52,10,2,1821,915,0.027364378300528083,95,50,48444,49216,1307,678,0,0,0,0,0,0,97471,0,0,17,0,0,0,0,0,0,0,2496,0,0,0,0,0,0
210,2007,211.32321891415614,99984,143,55,10,2,1843,926,0.027694431108977437,101,41,48421,49215,1323,685,0,0,0,0,0,0,97442,0,0,17,0,0,0,0,0,0,0,2525,0,0,0,0,0,0
211,2007,212.3327561165414,99984,143,65,10,2,1866,938,0.02804448711793887,101,41,48402,49205,1342,685,0,0,0,0,0,0,97418,0,0,18,0,0,0,0,0,0,0,2548,0,0,0,0,0,0
212,2007,213.0059753038962,99984,151,68,10,2,1885,945,0.028304528724595934,105,44,48384,49198,1348,686,0,0,0,0,0,0,97403,0,0,18,0,0,0,0,0,0,0,2563,0,0,0,0,0,0
213,2007,214.01612374273378,99984,151,68,10,2,1909,952,0.028614578332533204,100,45,48367,49193,1370,690,0,0,0,0,0,0,97373,0,0,19,0,0,0,0,0,0,0,2592,0,0,0,0,0,0
214,2007,215.02665402949748,99984,157,68,10,2,1936,962,0.02898463754200672,93,47,48351,49184,1387,697,0,0,0,0,0,0,97342,0,0,19,0,0,0,0,0,0,0,2623,0,0,0,0,0,0
215,2007,216.0375387734312,99983,153,69,10,3,1962,973,0.02935499034835922,82,46,48339,49177,1414,703,0,0,0,0,0,0,97302,0,0,19,0,0,0,0,0,0,0,2662,0,0,0,0,0,0
216,2007,217.04877278117522,99983,150,79,10,3,1985,989,0.029745056659632136,88,45,48316,49162,1434,709,0,0,0,0,0,0,97270,0,0,19,0,0,0,0,0,0,0,2694,0,0,0,0,0,0
217,2007,218.06045452385607,99983,148,82,10,3,2004,1001,0.03005510936859266,88,44,48302,49155,1450,714,0,0,0,0,0,0,97240,0,0,19,0,0,0,0,0,0,0,2724,0,0,0,0,0,0
218,2007,219.07241002250518,99982,147,78,10,4,2025,1014,0.030395471184813266,87,46,48287,49142,1467,728,0,0,0,0,0,0,97202,0,0,20,0,0,0,0,0,0,0,2760,0,0,0,0,0,0
219,2007,220.08473179038387,99981,162,76,10,5,2055,1024,0.03079585121173023,92,46,48258,49134,1476,737,0,0,0,0,0,0,97175,0,0,20,0,0,0,0,0,0,0,2786,0,0,0,0,0,0
220,2007,221.0974070732604,99981,170,77,10,5,2081,1035,0.031165921525089766,92,48,48238,49123,1488,745,0,0,0,0,0,0,97148,0,0,21,0,0,0,0,0,0,0,2812,0,0,0,0,0,0
221,2007,222.11042672052196,99981,170,77,10,5,2105,1049,0.031545993738810375,93,52,48216,49107,1509,757,0,0,0,0,0,0,97110,0,0,21,0,0,0,0,0,0,0,2850,0,0,0,0,0,0
222,2007,223.1238709666503,99981,174,84,10,5,2127,1059,0.03186605455036457,97,52,48196,49098,1521,759,0,0,0,0,0,0,97089,0,0,21,0,0,0,0,0,0,0,2871,0,0,0,0,0,0
223,2007,224.13764632539775,99980,166,82,11,5,2145,1071,0.03216643328665733,99,51,48184,49089,1538,771,0,0,0,0,0,0,97049,0,0,21,0,0,0,0,0,0,0,2910,0,0,0,0,0,0
224,2007,225.15173630991177,99980,170,85,11,5,2173,1090,0.03263652730546109,100,50,48162,49076,1555,782,0,0,0,0,0,0,97009,0,0,21,0,0,0,0,0,0,0,2950,0,0,0,0,0,0
225,2007,226.16620367783437,99980,172,92,11,5,2204,1102,0.033066613322664536,94,47,48143,49072,1578,782,0,0,0,0,0,0,96977,0,0,23,0,0,0,0,0,0,0,2980,0,0,0,0,0,0
226,2007,227.18111031200698,99980,165,82,11,5,2224,1112,0.03336667333466693,107,49,48122,49061,1593,801,0,0,0,0,0,0,96931,0,0,24,0,0,0,0,0,0,0,3025,0,0,0,0,0,0
227,2007,228.19645237310516,99980,159,77,11,5,2241,1124,0.03365673134626925,104,49,48117,49052,1607,815,0,0,0,0,0,0,96893,0,0,26,0,0,0,0,0,0,0,3061,0,0,0,0,0,0
228,2007,229.21204517183023,99980,161,72,11,5,2264,1135,0.033996799359871974,104,50,48100,49040,1622,831,0,0,0,0,0,0,96856,0,0,26,0,0,0,0,0,0,0,3098,0,0,0,0,0,0
229,2007,230.22797303536734,99979,167,71,12,5,2294,1147,0.03441722761779974,94,54,48086,49026,1639,842,0,0,0,0,0,0,96820,0,0,27,0,0,0,0,0,0,0,3132,0,0,0,0,0,0
230,2007,231.244212273768,99978,158,77,12,6,2309,1162,0.03471763788033368,101,51,48069,49015,1658,849,0,0,0,0,0,0,96789,0,0,29,0,0,0,0,0,0,0,3160,0,0,0,0,0,0
231,2007,232.2607845168633,99978,165,80,12,6,2338,1170,0.03508771929824561,100,56,48048,49006,1673,850,0,0,0,0,0,0,96762,0,0,29,0,0,0,0,0,0,0,3187,0,0,0,0,0,0
232,2007,233.2776682979901,99977,167,90,13,6,2361,1189,0.03550816687838203,101,52,48031,48992,1686,858,0,0,0,0,0,0,96734,0,0,31,0,0,0,0,0,0,0,3212,0,0,0,0,0,0
233,2007,234.29484351590412,99976,175,96,13,7,2384,1209,0.03593862527006481,102,46,48012,48979,1696,870,0,0,0,0,0,0,96705,0,0,31,0,0,0,0,0,0,0,3240,0,0,0,0,0,0
234,2007,235.31233106873617,99976,176,88,13,7,2408,1214,0.03622869488677283,105,60,47996,48961,1708,882,0,0,0,0,0,0,96670,0,0,32,0,0,0,0,0,0,0,3274,0,0,0,0,0,0
235,2007,236.33016733455608,99976,175,94,13,7,2434,1228,0.036628790909818354,108,56,47973,48954,1729,887,0,0,0,0,0,0,96636,0,0,33,0,0,0,0,0,0,0,3307,0,0,0,0,0,0
236,2007,237.00892048667134,99976,169,93,13,7,2446,1235,0.03681883652076498,110,61,47965,48945,1741,892,0,0,0,0,0,0,96611,0,0,34,0,0,0,0,0,0,0,3331,0,0,0,0,0,0
237,2007,238.02736640254844,99976,173,104,13,7,2474,1260,0.03734896375130031,107,48,47945,48937,1760,902,0,0,0,0,0,0,96573,0,0,34,0,0,0,0,0,0,0,3369,0,0,0,0,0,0
238,2007,239.04625056305318,99976,174,99,13,7,2504,1272,0.03776906457549812,103,50,47925,48926,1783,916,0,0,0,0,0,0,96528,0,0,35,0,0,0,0,0,0,0,3413,0,0,0,0,0,0
239,2007,240.06556862443014,99976,167,101,13,7,2527,1285,0.0381291509962391,112,50,47901,48917,1805,923,0,0,0,0,0,0,96487,0,0,35,0,0,0,0,0,0,0,3454,0,0,0,0,0,0
240,2007,241.08530978094234,99976,178,103,13,7,2567,1302,0.03869928782907898,102,47,47877,48906,1828,935,0,0,0,0,0,0,96445,0,0,37,0,0,0,0,0,0,0,3494,0,0,0,0,0,0
241,2007,242.10556490786834,99976,189,111,13,7,2597,1319,0.039169400656157476,101,52,47853,48885,1842,943,0,0,0,0,0,0,96417,0,0,37,0,0,0,0,0,0,0,3522,0,0,0,0,0,0
242,2007,243.12616291796687,99976,194,107,13,7,2621,1335,0.03956949667920301,99,51,47842,48874,1850,959,0,0,0,0,0,0,96379,0,0,38,0,0,0,0,0,0,0,3559,0,0,0,0,0,0
243,2007,244.14701956914053,99976,194,105,13,7,2656,1348,0.04004961190685764,93,64,47821,48857,1877,965,0,0,0,0,0,0,96329,0,0,38,0,0,0,0,0,0,0,3609,0,0,0,0,0,0
244,2007,245.16833183209388,99976,194,109,13,7,2681,1366,0.040479715131631594,100,62,47798,48844,1893,976,0,0,0,0,0,0,96291,0,0,39,0,0,0,0,0,0,0,3646,0,0,0,0,0,0
245,2007,246.1899891596655,99976,203,110,13,7,2711,1379,0.04090981835640554,96,68,47779,48834,1907,979,0,0,0,0,0,0,96258,0,0,39,0,0,0,0,0,0,0,3679,0,0,0,0,0,0
246,2007,247.21204645771698,99976,194,109,13,7,2737,1397,0.04134992398175562,100,62,47753,48830,1938,990,0,0,0,0,0,0,96204,0,0,39,0,0,0,0,0,0,0,3733,0,0,0,0,0,0
247,2007,248.23474609124364,99975,190,105,14,7,2759,1407,0.0416704176044011,107,67,47730,48818,1957,1001,0,0,0,0,0,0,96165,0,0,40,0,0,0,0,0,0,0,3770,0,0,0,0,0,0
248,2007,249.25785923761268,99975,188,109,14,7,2786,1420,0.042070517629407354,107,81,47712,48792,1977,1009,0,0,0,0,0,0,96129,0,0,42,0,0,0,0,0,0,0,3804,0,0,0,0,0,0
249,2007,250.2813137570254,99975,188,120,14,7,2815,1441,0.04257064266066517,108,73,47689,48783,1999,1015,0,0,0,0,0,0,96090,0,0,42,0,0,0,0,0,0,0,3843,0,0,0,0,0,0
250,2007,251.305246292438,99975,185,116,14,7,2840,1454,0.042950737684421106,113,72,47669,48778,2017,1025,0,0,0,0,0,0,96047,0,0,44,0,0,0,0,0,0,0,3884,0,0,0,0,0,0
251,2007,252.32958907064594,99975,184,117,14,7,2872,1472,0.04345086271567892,114,66,47644,48770,2042,1038,0,0,0,0,0,0,95999,0,0,46,0,0,0,0,0,0,0,3930,0,0,0,0,0,0
252,2007,253.01280451872356,99975,199,116,14,7,2901,1478,0.04380095023755939,100,70,47633,48763,2052,1042,0,0,0,0,0,0,95979,0,0,47,0,0,0,0,0,0,0,3949,0,0,0,0,0,0
253,2007,254.03800171347365,99975,186,118,14,7,2918,1494,0.044131032758189546,119,71,47605,48753,2074,1049,0,0,0,0,0,0,95936,0,0,48,0,0,0,0,0,0,0,3991,0,0,0,0,0,0
254,2007,255.06370313136077,99975,199,112,14,7,2963,1514,0.044781195298824704,105,69,47580,48741,2100,1069,0,0,0,0,0,0,95879,0,0,49,0,0,0,0,0,0,0,4047,0,0,0,0,0,0
255,2007,256.0899039145269,99975,197,114,14,7,2987,1533,0.04521130282570643,123,66,47547,48727,2117,1084,0,0,0,0,0,0,95837,0,0,50,0,0,0,0,0,0,0,4088,0,0,0,0,0,0
256,2007,257.11670645868776,99975,210,104,14,7,3031,1546,0.04578144536134034,106,68,47524,48721,2144,1098,0,0,0,0,0,0,95786,0,0,53,0,0,0,0,0,0,0,4136,0,0,0,0,0,0
257,2007,258.1440948125593,99975,198,114,14,7,3058,1565,0.046241560390097525,121,72,47486,48700,2179,1105,0,0,0,0,0,0,95739,0,0,54,0,0,0,0,0,0,0,4182,0,0,0,0,0,0
258,2007,259.1721231150188,99975,205,122,14,7,3093,1588,0.04682170542635659,115,65,47465,48690,2199,1114,0,0,0,0,0,0,95698,0,0,56,0,0,0,0,0,0,0,4221,0,0,0,0,0,0
259,2007,260.2007187555893,99975,202,114,14,7,3119,1606,0.047261815453863466,124,71,47435,48671,2223,1135,0,0,0,0,0,0,95645,0,0,58,0,0,0,0,0,0,0,4272,0,0,0,0,0,0
260,2007,261.2298611126451,99975,206,115,14,7,3147,1620,0.04768192048012003,124,71,47416,48661,2238,1144,0,0,0,0,0,0,95611,0,0,61,0,0,0,0,0,0,0,4303,0,0,0,0,0,0
261,2007,262.2593308690196,99975,212,120,14,7,3177,1640,0.04818204551137784,129,73,47392,48644,2251,1154,0,0,0,0,0,0,95572,0,0,61,0,0,0,0,0,0,0,4342,0,0,0,0,0,0
262,2007,263.28919839767656,99975,222,120,14,7,3213,1655,0.04869217304326082,129,74,47363,48634,2270,1163,0,0,0,0,0,0,95534,0,0,64,0,0,0,0,0,0,0,4377,0,0,0,0,0,0
263,2007,264.3195862008001,99975,225,124,14,7,3255,1671,0.04927231807951988,115,73,47341,48622,2303,1172,0,0,0,0,0,0,95487,0,0,68,0,0,0,0,0,0,0,4420,0,0,0,0,0,0
264,2007,265.0068374230714,99975,225,127,14,7,3274,1686,0.04961240310077519,123,67,47319,48613,2317,1184,0,0,0,0,0,0,95456,0,0,68,0,0,0,0,0,0,0,4451,0,0,0,0,0,0
265,2007,266.03817192184226,99975,224,123,14,7,3306,1697,0.05004251062765691,124,75,47302,48597,2334,1196,0,0,0,0,0,0,95409,0,0,69,0,0,0,0,0,0,0,4497,0,0,0,0,0,0
266,2007,267.06991495341,99975,214,129,14,7,3332,1718,0.05051262815703926,140,74,47264,48580,2366,1208,0,0,0,0,0,0,95359,0,0,70,0,0,0,0,0,0,0,4546,0,0,0,0,0,0
267,2007,268.1024057552351,99975,226,126,14,7,3376,1733,0.051102775693923484,140,73,47230,48571,2388,1221,0,0,0,0,0,0,95312,0,0,73,0,0,0,0,0,0,0,4590,0,0,0,0,0,0
268,2007,269.1355247686664,99975,231,133,14,7,3409,1756,0.05166291572893223,147,64,47196,48560,2410,1234,0,0,0,0,0,0,95268,0,0,73,0,0,0,0,0,0,0,4634,0,0,0,0,0,0
269,2007,270.16920228586525,99975,247,127,14,7,3453,1772,0.05226306576644161,151,67,47158,48545,2428,1252,0,0,0,0,0,0,95220,0,0,75,0,0,0,0,0,0,0,4680,0,0,0,0,0,0
270,2007,271.2035242300948,99975,243,132,14,7,3487,1798,0.05286321580395099,141,59,47139,48529,2461,1271,0,0,0,0,0,0,95164,0,0,78,0,0,0,0,0,0,0,4733,0,0,0,0,0,0
271,2007,272.238452933497,99975,240,128,14,7,3520,1812,0.05333333333333334,148,66,47105,48512,2491,1285,0,0,0,0,0,0,95112,0,0,80,0,0,0,0,0,0,0,4783,0,0,0,0,0,0
272,2007,273.2740686939611,99975,250,119,14,7,3562,1825,0.05388347086771693,143,76,47074,48494,2517,1302,0,0,0,0,0,0,95058,0,0,80,0,0,0,0,0,0,0,4837,0,0,0,0,0,0
273,2007,274.3103442830642,99975,263,121,14,7,3607,1845,0.054533633408352086,133,79,47049,48474,2539,1317,0,0,0,0,0,0,95009,0,0,81,0,0,0,0,0,0,0,4885,0,0,0,0,0,0
274,2007,275.00146404367257,99975,251,120,14,7,3621,1859,0.054813703425856466,145,78,47032,48466,2556,1327,0,0,0,0,0,0,94970,0,0,83,0,0,0,0,0,0,0,4922,0,0,0,0,0,0
275,2007,276.03856985215873,99975,253,123,14,7,3660,1879,0.05540385096274068,144,75,47004,48452,2583,1341,0,0,0,0,0,0,94920,0,0,87,0,0,0,0,0,0,0,4968,0,0,0,0,0,0
276,2007,277.07627989760476,99975,242,114,14,7,3697,1897,0.05595398849712428,147,77,46978,48436,2617,1364,0,0,0,0,0,0,94845,0,0,87,0,0,0,0,0,0,0,5043,0,0,0,0,0,0
277,2007,278.1146915217696,99975,260,120,14,7,3746,1921,0.05668417104276069,133,75,46949,48418,2642,1378,0,0,0,0,0,0,94796,0,0,87,0,0,0,0,0,0,0,5092,0,0,0,0,0,0
278,2007,279.15368228291686,99975,252,126,14,7,3776,1943,0.05720430107526882,147,75,46912,48403,2673,1387,0,0,0,0,0,0,94745,0,0,90,0,0,0,0,0,0,0,5140,0,0,0,0,0,0
279,2007,280.1933821268615,99975,254,120,14,7,3810,1962,0.0577344336084021,147,69,46885,48392,2698,1410,0,0,0,0,0,0,94689,0,0,91,0,0,0,0,0,0,0,5195,0,0,0,0,0,0
280,2007,281.23378536554964,99975,242,128,14,7,3848,1987,0.05836459114778695,140,69,46864,48372,2738,1422,0,0,0,0,0,0,94623,0,0,92,0,0,0,0,0,0,0,5260,0,0,0,0,0,0
281,2007,282.27477020611127,99974,254,122,15,7,3892,2004,0.05897533358673255,129,75,46839,48352,2761,1442,0,0,0,0,0,0,94569,0,0,91,0,0,0,0,0,0,0,5314,0,0,0,0,0,0
282,2007,283.3163732311395,99974,257,119,15,7,3925,2021,0.05947546362054134,138,82,46808,48338,2780,1452,0,0,0,0,0,0,94520,0,0,92,0,0,0,0,0,0,0,5362,0,0,0,0,0,0
283,2007,284.01104777118115,99973,272,126,15,8,3960,2039,0.0600062016744521,128,82,46792,48323,2791,1459,0,0,0,0,0,0,94491,0,0,94,0,0,0,0,0,0,0,5388,0,0,0,0,0,0
284,2007,285.05340625179,99972,265,134,16,8,3993,2063,0.06057696154923378,140,78,46754,48308,2823,1470,0,0,0,0,0,0,94436,0,0,95,0,0,0,0,0,0,0,5441,0,0,0,0,0,0
285,2007,286.09645280362787,99972,261,143,16,8,4035,2087,0.06123714640099228,147,78,46714,48287,2860,1482,0,0,0,0,0,0,94379,0,0,99,0,0,0,0,0,0,0,5494,0,0,0,0,0,0
286,2007,287.1403145954884,99972,264,142,16,8,4071,2106,0.06178730044412435,154,88,46683,48264,2881,1496,0,0,0,0,0,0,94326,0,0,99,0,0,0,0,0,0,0,5547,0,0,0,0,0,0
287,2007,288.184816941682,99972,271,149,16,8,4113,2134,0.062487496499019725,168,77,46639,48251,2904,1513,0,0,0,0,0,0,94274,0,0,103,0,0,0,0,0,0,0,5595,0,0,0,0,0,0
288,2007,289.23002603243987,99972,275,151,16,8,4156,2155,0.06312767574920979,165,74,46618,48238,2924,1527,0,0,0,0,0,0,94221,0,0,108,0,0,0,0,0,0,0,5643,0,0,0,0,0,0
289,2007,290.2757517684472,99972,279,149,16,8,4196,2176,0.06373784659704718,170,84,46591,48213,2942,1544,0,0,0,0,0,0,94164,0,0,110,0,0,0,0,0,0,0,5698,0,0,0,0,0,0
290,2007,291.3220159384356,99972,286,154,16,8,4245,2200,0.0644680510542952,166,78,46559,48200,2971,1558,0,0,0,0,0,0,94109,0,0,116,0,0,0,0,0,0,0,5747,0,0,0,0,0,0
291,2007,292.0198470285676,99972,289,155,16,8,4271,2215,0.06487816588644821,176,76,46533,48190,2984,1569,0,0,0,0,0,0,94073,0,0,117,0,0,0,0,0,0,0,5782,0,0,0,0,0,0
292,2007,293.067187417566,99972,291,157,16,8,4316,2238,0.06555835633977514,176,68,46493,48178,3022,1587,0,0,0,0,0,0,94011,0,0,119,0,0,0,0,0,0,0,5842,0,0,0,0,0,0
293,2007,294.1154124023372,99972,294,156,16,8,4360,2255,0.06616852718761253,172,77,46472,48162,3044,1595,0,0,0,0,0,0,93953,0,0,120,0,0,0,0,0,0,0,5899,0,0,0,0,0,0
294,2007,295.1641581460778,99972,298,152,16,8,4410,2276,0.06687872604329212,178,84,46431,48142,3075,1612,0,0,0,0,0,0,93884,0,0,122,0,0,0,0,0,0,0,5966,0,0,0,0,0,0
295,2007,296.2136717838628,99972,290,145,16,8,4459,2295,0.06755891649661905,175,82,46397,48131,3120,1632,0,0,0,0,0,0,93804,0,0,125,0,0,0,0,0,0,0,6043,0,0,0,0,0,0
296,2007,297.2640422139484,99972,284,145,16,8,4502,2321,0.0682491097507302,172,83,46370,48113,3156,1649,0,0,0,0,0,0,93733,0,0,129,0,0,0,0,0,0,0,6110,0,0,0,0,0,0
297,2007,298.3151053342025,99971,290,141,17,8,4548,2343,0.06892998969701214,167,78,46344,48100,3180,1671,0,0,0,0,0,0,93669,0,0,131,0,0,0,0,0,0,0,6171,0,0,0,0,0,0
298,2007,299.01620446565863,99970,289,141,18,8,4582,2356,0.06940082024607382,166,85,46320,48085,3205,1679,0,0,0,0,0,0,93624,0,0,134,0,0,0,0,0,0,0,6212,0,0,0,0,0,0
299,2007,300.0684562353557,99970,292,138,18,8,4626,2375,0.07003100930279084,167,90,46284,48072,3237,1690,0,0,0,0,0,0,93565,0,0,136,1,0,0,0,0,0,0,6268,0,0,0,0,0,0
300,2007,301.12145866834965,99970,290,135,18,8,4665,2396,0.07063118935680704,165,87,46261,48062,3264,1706,0,0,0,0,0,0,93501,0,0,137,1,0,0,0,0,0,0,6331,0,0,0,0,0,0
301,2007,302.17510956425826,99970,278,132,18,8,4700,2417,0.07119135740722217,172,86,46227,48051,3303,1721,0,0,0,0,0,0,93436,0,0,143,1,0,0,0,0,0,0,6390,0,0,0,0,0,0
302,2007,303.2296434904365,99969,295,136,18,9,4762,2447,0.0721123548299973,160,76,46188,48037,3337,1740,0,0,0,0,0,0,93367,0,0,145,1,0,0,0,0,0,0,6456,0,0,0,0,0,0
303,2007,304.2849586412293,99969,301,133,18,9,4813,2461,0.07276255639248166,148,76,46159,48033,3372,1747,0,0,0,0,0,0,93306,0,0,146,1,0,0,0,0,0,0,6516,0,0,0,0,0,0
304,2007,305.34102821652107,99969,292,124,18,9,4858,2478,0.07338274865208215,152,89,46129,48007,3407,1769,0,0,0,0,0,0,93229,0,0,149,1,0,0,0,0,0,0,6590,0,0,0,0,0,0
305,2007,306.0454917512395,99969,285,120,18,9,4889,2495,0.07386289749822444,155,87,46109,47999,3431,1783,0,0,0,0,0,0,93172,0,0,149,2,0,0,0,0,0,0,6646,0,0,0,0,0,0
306,2007,307.1028447302113,99969,296,131,18,9,4942,2522,0.07466314557512829,153,82,46065,47984,3466,1792,0,0,0,0,0,0,93114,0,0,149,2,0,0,0,0,0,0,6704,0,0,0,0,0,0
307,2007,308.1610482123599,99969,287,136,18,9,4988,2542,0.07532335023857396,153,85,46028,47970,3512,1798,0,0,0,0,0,0,93044,0,0,149,2,0,0,0,0,0,0,6774,0,0,0,0,0,0
308,2007,309.22011132609913,99969,285,148,18,9,5031,2566,0.07599355800298092,144,93,46016,47944,3535,1804,0,0,0,0,0,0,92991,0,0,153,2,0,0,0,0,0,0,6823,0,0,0,0,0,0
309,2007,310.27952658814775,99968,286,136,19,9,5070,2588,0.07660451344430218,152,90,45985,47929,3556,1834,0,0,0,0,0,0,92922,0,0,156,2,0,0,0,0,0,0,6888,0,0,0,0,0,0
310,2007,311.33958085224623,99968,285,130,19,9,5106,2608,0.07716469270166454,155,92,45957,47921,3582,1846,0,0,0,0,0,0,92863,0,0,160,2,0,0,0,0,0,0,6943,0,0,0,0,0,0
311,2007,312.04666440509203,99968,279,130,19,9,5133,2624,0.07759483034571063,172,89,45922,47916,3606,1854,0,0,0,0,0,0,92819,0,0,163,3,0,0,0,0,0,0,6983,0,0,0,0,0,0
312,2007,313.10811473877794,99968,292,143,19,9,5184,2656,0.07842509603072984,166,78,45894,47900,3627,1868,0,0,0,0,0,0,92764,0,0,165,3,0,0,0,0,0,0,7036,0,0,0,0,0,0
313,2007,314.1701414893078,99968,301,139,19,9,5225,2671,0.07898527528809218,161,90,45872,47878,3645,1882,0,0,0,0,0,0,92715,0,0,167,3,0,0,0,0,0,0,7083,0,0,0,0,0,0
314,2007,315.23263024460334,99968,311,145,19,9,5277,2696,0.07975552176696543,152,86,45843,47862,3673,1896,0,0,0,0,0,0,92661,0,0,174,3,0,0,0,0,0,0,7130,0,0,0,0,0,0
315,2007,316.29575107850644,99968,292,151,19,9,5313,2719,0.08034571062740077,180,82,45798,47846,3709,1910,0,0,0,0,0,0,92592,0,0,177,3,0,0,0,0,0,0,7196,0,0,0,0,0,0
316,2007,317.0050087215202,99968,290,148,19,9,5342,2729,0.08073583546734955,184,89,45771,47837,3734,1915,0,0,0,0,0,0,92548,0,0,177,3,0,0,0,0,0,0,7240,0,0,0,0,0,0
317,2007,318.0695673071203,99968,287,154,19,9,5392,2755,0.08149607874519846,189,81,45729,47829,3774,1925,0,0,0,0,0,0,92481,0,0,183,3,0,0,0,0,0,0,7301,0,0,0,0,0,0
318,2007,319.1351158963456,99968,298,161,19,9,5446,2777,0.08225632202304738,184,76,45694,47818,3803,1934,0,0,0,0,0,0,92429,0,0,189,3,0,0,0,0,0,0,7347,0,0,0,0,0,0
319,2007,320.2013700870145,99968,311,164,19,9,5505,2802,0.08309659090909091,185,79,45650,47792,3832,1953,1,1,1,1,0,0,92361,0,0,190,3,0,0,0,0,0,1,7412,1,0,0,0,0,0
320,2007,321.2993632898102,99968,318,159,19,9,5555,2830,0.08387684058898848,184,86,45623,47759,3852,1983,2,2,2,2,0,0,92283,0,0,190,3,0,0,0,0,0,3,7488,1,0,0,0,0,0
321,2007,322.0069920013817,99968,311,156,19,9,5578,2838,0.08418693982074264,188,90,45602,47751,3875,1989,3,3,3,3,0,0,92242,0,0,192,3,0,0,0,0,0,5,7525,1,0,0,0,0,0
322,2007,323.32094202603815,99967,300,145,20,9,5627,2865,0.08494803285084078,182,88,45577,47733,3915,2019,4,4,4,4,0,0,92146,0,0,196,3,0,0,0,0,0,7,7614,1,0,0,0,0,0
323,2007,324.0819945368546,99967,299,143,20,9,5662,2879,0.08543819460421939,185,89,45554,47723,3934,2028,6,6,6,6,0,0,92092,0,0,198,3,0,0,0,0,0,11,7662,1,0,0,0,0,0
324,2007,325.2881942344135,99966,301,154,21,9,5719,2907,0.08628933837504751,177,90,45519,47705,3972,2032,8,8,8,8,0,0,92019,0,0,201,3,0,0,0,0,0,15,7727,1,0,0,0,0,0
325,2007,326.04561422981124,99965,308,145,21,10,5749,2917,0.08669034161956685,174,99,45502,47690,3983,2043,10,11,11,10,0,0,91976,0,0,205,3,0,0,0,0,0,20,7760,1,0,0,0,0,0
326,2007,327.2122672460785,99965,293,156,21,10,5794,2951,0.08748061821637573,183,86,45456,47673,4032,2059,13,14,14,13,0,0,91888,0,0,206,3,0,0,0,0,0,26,7841,1,0,0,0,0,0
327,2007,328.03208646952373,99965,310,154,21,10,5846,2969,0.08818086330215576,167,91,45425,47651,4059,2074,16,18,18,16,0,0,91829,0,0,208,3,0,0,0,0,0,32,7891,2,0,0,0,0,0
328,2007,329.01235488240917,99965,295,144,21,10,5877,2983,0.08863102085730006,184,98,45384,47633,4094,2090,20,23,23,20,0,0,91754,0,0,212,3,0,0,0,0,0,41,7953,2,0,0,0,0,0
329,2007,330.0379707333935,99965,281,148,21,10,5920,3009,0.08932126244185465,181,101,45350,47606,4141,2105,24,28,29,24,0,0,91669,0,0,214,3,0,0,0,0,0,49,8026,4,0,0,0,0,0
330,2007,331.1210310035338,99965,288,158,21,10,5992,3050,0.09045165808032811,163,92,45324,47581,4173,2122,29,35,36,29,0,0,91566,0,0,217,3,0,0,0,0,0,59,8114,6,0,0,0,0,0
331,2007,332.1962689700607,99965,283,157,21,10,6032,3076,0.09111188916120642,168,84,45294,47558,4197,2146,35,43,44,35,0,0,91487,0,0,222,3,0,0,0,0,0,71,8174,8,0,0,0,0,0
332,2007,333.2723210223904,99965,278,155,21,10,6073,3100,0.0917621167408593,166,79,45260,47539,4232,2163,41,52,53,41,0,0,91406,0,0,228,3,0,0,0,0,0,86,8234,8,0,0,0,0,0
333,2007,334.34924255270283,99965,276,152,21,10,6108,3120,0.09231230930825789,184,93,45228,47507,4241,2174,48,62,63,48,0,0,91341,0,0,235,3,0,0,0,0,0,98,8275,13,0,0,0,0,0
334,2007,335.06750478605863,99965,285,161,21,10,6143,3141,0.09287250537688191,178,86,45206,47488,4252,2180,56,73,74,56,0,0,91287,0,0,236,3,0,0,0,0,0,115,8309,15,0,0,0,0,0
335,2007,336.14547699806485,99965,286,149,21,10,6189,3158,0.09350272595408393,178,92,45171,47459,4278,2205,64,83,86,64,0,0,91195,0,0,238,3,0,0,0,0,0,135,8379,15,0,0,0,0,0
336,2007,337.22430715654497,99965,286,154,21,10,6231,3186,0.09420297103986396,183,92,45130,47427,4305,2218,73,97,100,73,0,0,91110,0,0,241,3,0,0,0,0,0,158,8438,15,0,0,0,0,0
337,2007,338.303984715123,99964,300,151,22,10,6293,3213,0.09509423392421272,162,82,45096,47411,4335,2234,83,110,115,83,0,0,91016,0,0,248,3,0,0,0,0,0,181,8499,17,0,0,0,0,0
338,2007,339.024248745698,99964,311,144,22,10,6334,3227,0.09564443199551839,152,83,45063,47384,4356,2250,94,127,132,94,0,0,90942,0,0,249,3,0,0,0,0,0,205,8544,21,0,0,0,0,0
339,2007,340.1056593035341,99964,293,145,22,10,6364,3249,0.09616461926293465,174,86,45015,47349,4390,2263,104,145,150,106,0,0,90846,0,0,251,3,0,0,0,0,0,234,8608,22,0,0,0,0,0
340,2007,341.1881322212198,99964,297,148,22,10,6411,3269,0.09683486054979792,179,101,44962,47312,4422,2262,116,165,170,118,0,0,90758,0,0,253,4,0,0,0,0,0,265,8662,22,0,0,0,0,0
341,2007,342.2717263746795,99964,302,158,22,10,6462,3301,0.09766515945740467,174,97,44922,47277,4450,2270,128,186,191,131,0,0,90663,0,0,257,4,0,0,0,0,0,296,8719,25,0,0,0,0,0
342,2007,343.35621528773584,99964,303,167,22,10,6510,3332,0.09845544395982554,180,87,44874,47242,4477,2283,142,209,214,145,0,0,90564,0,0,260,5,0,0,0,0,0,331,8777,27,0,0,0,0,0
343,2007,344.07979299412864,99964,305,167,22,10,6549,3349,0.09901564563242768,172,85,44836,47206,4507,2296,156,234,239,160,0,0,90479,0,0,265,5,0,0,0,0,0,367,8817,31,0,0,0,0,0
344,2007,345.1663441884185,99964,300,159,22,10,6602,3370,0.09975591212836621,160,94,44798,47159,4546,2316,172,260,266,176,0,0,90355,0,0,265,7,0,0,0,0,0,406,8898,33,0,0,0,0,0
345,2007,346.25403153402436,99964,293,163,22,10,6646,3403,0.10052618942819415,164,96,44748,47099,4582,2341,189,289,295,193,0,0,90238,0,0,270,7,0,0,0,0,0,448,8964,37,0,0,0,0,0
346,2007,347.34296355655863,99964,288,166,22,10,6690,3433,0.10126645592413269,160,90,44715,47059,4608,2356,205,317,326,211,0,0,90117,0,0,270,7,0,0,0,0,0,493,9036,41,0,0,0,0,0
347,2007,348.0694405860386,99964,285,176,22,10,6714,3456,0.10173662518506663,172,82,44674,47020,4621,2361,224,349,359,230,0,0,90032,0,0,274,7,0,0,0,0,0,542,9065,44,0,0,0,0,0
348,2007,349.1600990847617,99964,294,178,22,10,6764,3479,0.10246688807970869,172,91,44623,46974,4646,2362,241,383,394,250,0,0,89929,0,0,280,7,0,0,0,0,0,589,9107,52,0,0,0,0,0
349,2007,350.2518376615368,99964,298,171,22,10,6810,3501,0.10314713296786843,163,93,44591,46926,4663,2381,261,417,431,271,0,0,89808,0,0,286,7,0,0,0,0,0,645,9164,54,0,0,0,0,0
350,2007,351.3445509732502,99964,287,173,22,10,6853,3524,0.10380737065343523,167,90,44541,46871,4701,2398,280,456,470,293,0,0,89683,0,0,294,7,0,0,0,0,0,703,9220,57,0,0,0,0,0
351,2007,352.073707885743,99964,291,173,22,10,6884,3542,0.10429754711696211,165,84,44510,46832,4707,2404,303,495,511,316,0,0,89585,0,0,295,7,0,0,0,0,0,757,9253,67,0,0,0,0,0
352,2007,353.1684583773775,99963,282,167,23,10,6922,3562,0.10487880515790843,182,92,44454,46768,4730,2424,327,537,554,340,0,0,89453,0,0,300,7,0,0,0,0,0,821,9312,70,0,0,0,0,0
353,2007,354.26451077201534,99963,291,174,23,10,6970,3590,0.10563908646199094,200,92,44384,46704,4752,2437,348,581,599,365,0,0,89327,0,0,301,8,0,0,0,0,0,889,9367,71,0,0,0,0,0
354,2007,355.36188504368124,99963,295,171,23,10,7027,3611,0.10641937516881246,184,92,44349,46649,4773,2450,374,626,647,391,0,0,89187,0,0,304,8,0,0,0,0,0,955,9430,79,0,0,0,0,0
355,2007,356.09405775952183,99963,300,171,23,10,7060,3628,0.1069195602372878,181,92,44313,46594,4780,2458,401,673,697,418,0,0,89076,0,0,305,9,0,0,0,0,0,1023,9463,87,0,0,0,0,0
356,2007,357.1933202239558,99963,303,170,23,10,7115,3652,0.10770985264547883,181,94,44250,46533,4815,2471,426,720,750,446,0,0,88924,0,0,308,9,0,0,0,0,0,1101,9531,90,0,0,0,0,0
357,2007,358.29407415872487,99963,314,171,23,10,7170,3682,0.1085601672618869,176,97,44199,46451,4835,2495,451,774,805,475,0,0,88781,0,0,318,9,0,0,0,0,0,1181,9580,94,0,0,0,0,0
358,2007,359.0285957803049,99963,306,170,23,10,7204,3704,0.10912037453857927,177,90,44158,46392,4857,2506,477,830,863,505,0,0,88640,0,0,322,9,0,0,0,0,0,1261,9629,102,0,0,0,0,0
359,2007,360.131681775429,99963,314,179,23,10,7252,3727,0.10983063733581425,186,97,44095,46316,4874,2510,506,886,923,536,0,0,88510,0,0,323,10,0,0,0,0,0,1340,9666,114,0,0,0,0,0
360,2007,361.2360746675953,99963,316,181,23,10,7299,3753,0.11056090753578825,187,98,44036,46248,4900,2514,536,947,986,568,0,0,88361,0,0,327,10,0,0,0,0,0,1424,9716,125,0,0,0,0,0
361,2007,362.34186748331894,99963,327,175,23,10,7353,3774,0.11131118513850125,189,107,43983,46170,4909,2528,567,1008,1051,602,0,0,88207,0,0,333,11,0,0,0,0,0,1515,9765,132,0,0,0,0,0
362,2007,363.07974175476335,99963,323,170,23,10,7388,3793,0.1118513850124546,192,99,43928,46104,4931,2541,601,1074,1119,637,0,0,88054,0,0,333,12,0,0,0,0,0,1607,9814,143,0,0,0,0,0
363,2007,364.1881364910845,99963,327,166,23,10,7437,3813,0.11254164040695057,203,112,43863,46021,4946,2551,636,1138,1189,673,0,0,87892,0,0,337,12,0,0,0,0,0,1704,9866,152,0,0,0,0,0
364,2007,365.29803090104554,99963,346,173,23,10,7500,3845,0.11349199203705371,189,107,43799,45944,4970,2556,671,1208,1262,710,0,0,87726,0,0,340,12,0,0,0,0,0,1804,9919,162,0,0,0,0,0
365,2007,366.03882027633017,99963,346,189,23,10,7536,3876,0.11416224002881066,188,94,43746,45862,4988,2561,707,1282,1338,748,0,0,87577,0,0,343,12,0,0,0,0,0,1905,9951,175,0,0,0,0,0
366,2007,367.1515427358756,99963,335,200,23,10,7585,3911,0.11500255094384923,179,91,43690,45768,5028,2573,743,1356,1417,787,0,0,87394,0,0,348,14,0,0,0,0,0,2011,10011,185,0,0,0,0,0
367,2007,368.2658588844249,99962,331,204,24,10,7629,3940,0.11573397891198656,184,92,43627,45686,5052,2577,780,1429,1498,828,0,0,87214,0,0,352,14,0,0,0,0,0,2122,10064,196,0,0,0,0,0
368,2007,369.009588845117,99962,335,200,24,10,7670,3962,0.11636421840299314,182,95,43567,45598,5071,2589,819,1506,1582,870,0,0,87049,0,0,357,14,0,0,0,0,0,2229,10098,215,0,0,0,0,0
369,2007,370.1268687634341,99961,346,191,25,10,7732,3985,0.11721571412851012,171,112,43506,45486,5093,2611,857,1588,1669,913,0,0,86855,0,0,364,14,0,0,0,0,0,2347,10154,227,0,0,0,0,0
370,2007,371.24577352910484,99961,323,192,25,10,7774,4014,0.11792599113654326,202,110,43414,45391,5137,2626,897,1669,1759,957,0,0,86647,0,0,372,14,0,0,0,0,0,2470,10220,238,0,0,0,0,0
371,2007,372.3668870166728,99960,308,194,26,10,7824,4045,0.1187374949979992,200,103,43350,45299,5176,2638,938,1754,1852,1002,0,0,86432,0,0,376,15,0,0,0,0,0,2596,10292,249,0,0,0,0,0
372,2007,373.1154677031509,99960,312,204,26,10,7861,4074,0.11939775910364146,210,87,43281,45210,5186,2644,983,1843,1947,1049,0,0,86262,0,0,385,15,0,0,0,0,0,2723,10311,264,0,0,0,0,0
373,2007,374.2401745300358,99960,323,196,26,10,7917,4104,0.12025810324129652,212,91,43206,45103,5208,2665,1023,1933,2045,1097,0,0,86055,0,0,394,15,0,0,0,0,0,2856,10363,277,0,0,0,0,0
374,2007,375.36672051638214,99960,334,203,26,10,7983,4137,0.1212484993997599,200,77,43132,45000,5238,2678,1068,2030,2146,1146,0,0,85844,0,0,401,16,0,0,0,0,0,2994,10417,288,0,0,0,0,0
375,2007,376.1188249382881,99960,320,193,26,10,8010,4153,0.12167867146858743,203,81,43073,44897,5260,2690,1116,2127,2250,1196,0,0,85647,0,0,402,16,0,0,0,0,0,3125,10459,311,0,0,0,0,0
376,2007,377.24909057555175,99960,312,180,26,10,8076,4175,0.12255902360944378,189,96,43003,44774,5306,2709,1162,2229,2357,1248,0,0,85409,0,0,407,18,0,0,0,0,0,3261,10533,332,0,0,0,0,0
377,2007,378.0037814319,99960,321,176,26,10,8109,4190,0.1230392156862745,185,95,42942,44668,5311,2715,1213,2334,2467,1301,0,0,85224,0,0,408,19,0,0,0,0,0,3405,10554,350,0,0,0,0,0
378,2007,379.1377182130956,99960,313,185,26,10,8162,4222,0.12388955582232893,184,86,42868,44558,5343,2722,1264,2437,2580,1355,0,0,85002,0,0,412,21,0,0,0,0,0,3549,10605,371,0,0,0,0,0
379,2007,380.2737356930454,99960,326,180,26,10,8219,4244,0.12467987194877951,179,88,42788,44449,5363,2732,1316,2539,2695,1410,0,0,84788,0,0,415,23,0,0,0,0,0,3697,10646,391,0,0,0,0,0
380,2007,381.0321742150073,99960,321,171,26,10,8247,4258,0.12510004001600641,193,96,42721,44327,5368,2740,1369,2654,2813,1467,0,0,84574,0,0,417,23,0,0,0,0,0,3857,10683,406,0,0,0,0,0
381,2007,382.1718895786275,99960,323,171,26,10,8297,4284,0.12586034413765507,185,89,42647,44224,5394,2745,1423,2759,2934,1525,0,0,84344,0,0,421,23,0,0,0,0,0,4017,10730,425,0,0,0,0,0
382,2007,383.3135657655578,99959,333,181,26,11,8351,4315,0.12671195190027912,190,87,42570,44099,5403,2748,1476,2872,3058,1584,0,0,84120,0,0,423,24,0,0,0,0,0,4179,10769,444,0,0,0,0,0
383,2007,384.07577262254426,99958,339,178,27,11,8389,4332,0.1272634506492727,187,84,42504,43981,5406,2750,1535,2994,3185,1644,0,0,83901,0,0,423,25,0,0,0,0,0,4347,10800,462,0,0,0,0,0
384,2007,385.2210742519872,99958,326,174,27,11,8443,4356,0.12804377838692252,201,88,42411,43854,5443,2758,1590,3113,3315,1705,0,0,83647,0,0,434,25,0,0,0,0,0,4517,10852,483,0,0,0,0,0
385,2007,386.3689623033026,99958,340,182,27,11,8503,4390,0.12898417335280818,209,80,42310,43713,5471,2772,1641,3240,3448,1768,0,0,83399,0,0,433,26,0,0,0,0,0,4693,10905,502,0,0,0,0,0
386,2007,387.13560083192874,99958,345,175,27,11,8543,4403,0.12951439604633946,202,81,42246,43587,5478,2778,1700,3366,3583,1832,0,0,83178,0,0,437,27,0,0,0,0,0,4864,10923,529,0,0,0,0,0
387,2007,388.2876991803981,99958,338,169,27,11,8598,4424,0.1302747153804598,205,84,42167,43465,5503,2780,1758,3489,3721,1897,0,0,82920,0,0,444,27,0,0,0,0,0,5040,10971,556,0,0,0,0,0
388,2007,389.05704764292676,99958,330,162,27,11,8631,4435,0.13071490025810842,205,85,42092,43338,5525,2784,1819,3618,3862,1963,0,0,82679,0,0,448,28,0,0,0,0,0,5228,11000,575,0,0,0,0,0
389,2007,390.2134750411356,99958,321,170,27,11,8682,4465,0.13152524060105245,197,90,42030,43201,5543,2789,1880,3737,4006,2031,0,0,82426,0,0,454,30,0,0,0,0,0,5408,11034,606,0,0,0,0,0
390,2007,391.3718778090279,99958,311,159,27,11,8734,4488,0.13227555573340802,193,88,41951,43066,5574,2802,1942,3872,4153,2100,0,0,82140,0,0,458,31,0,0,0,0,0,5603,11100,626,0,0,0,0,0
391,2007,392.1455685820561,99958,306,161,27,11,8762,4509,0.13276576161988035,195,80,41886,42929,5577,2804,2007,4013,4302,2170,0,0,81904,0,0,462,32,0,0,0,0,0,5792,11113,655,0,0,0,0,0
392,2007,393.3082490277284,99958,325,153,27,11,8828,4533,0.13366613977870706,181,82,41800,42786,5594,2821,2071,4145,4454,2241,0,0,81636,0,0,465,33,0,0,0,0,0,5985,11155,684,0,0,0,0,0
393,2007,394.08469298010647,99957,327,137,27,12,8872,4541,0.13418770071130587,167,89,41723,42646,5615,2823,2139,4291,4609,2314,0,0,81375,0,0,472,34,0,0,0,0,0,6188,11180,708,0,0,0,0,0
394,2007,395.25200897582255,99957,328,149,27,12,8930,4568,0.13503806636853846,159,89,41638,42513,5645,2809,2201,4426,4766,2388,0,0,81108,0,0,481,34,0,0,0,0,0,6392,11207,735,0,0,0,0,0
395,2007,396.0315928309102,99957,333,153,27,12,8971,4587,0.1356383244795262,158,91,41550,42360,5660,2803,2270,4579,4926,2463,0,0,80857,0,0,485,35,0,0,0,0,0,6597,11219,764,0,0,0,0,0
396,2007,397.20374894485343,99957,312,154,27,12,9014,4614,0.1363386256090119,158,95,41477,42200,5693,2812,2331,4725,5088,2539,0,0,80566,0,0,492,36,0,0,0,0,0,6807,11264,792,0,0,0,0,0
397,2007,398.3782873929739,99957,291,165,27,12,9057,4643,0.13705893534219715,168,91,41390,42045,5727,2811,2395,4874,5253,2616,0,0,80273,0,0,496,37,0,0,0,0,0,7023,11311,817,0,0,0,0,0
398,2007,399.1626551553601,99957,285,175,27,12,9094,4666,0.13765919345318486,163,77,41302,41903,5755,2801,2466,5030,5421,2694,0,0,79995,0,0,496,38,0,0,0,0,0,7246,11343,839,0,0,0,0,0
399,2007,400.3423504433805,99957,306,167,27,12,9148,4688,0.1384195203937693,176,79,41204,41761,5746,2802,2539,5177,5591,2774,0,0,79720,0,0,498,39,0,0,0,0,0,7461,11366,873,0,0,0,0,0
400,2007,401.13015806839917,99957,316,166,27,12,9189,4705,0.13899976990105745,158,74,41127,41607,5759,2805,2611,5334,5763,2855,0,0,79452,0,0,498,42,0,0,0,0,0,7683,11381,901,0,0,0,0,0
401,2007,402.3145547190054,99957,313,157,27,12,9242,4726,0.13974008823794232,148,79,41051,41449,5777,2817,2682,5484,5938,2937,0,0,79150,0,0,506,43,0,0,0,0,0,7908,11418,932,0,0,0,0,0
402,2007,403.10556536280455,99957,304,160,27,12,9276,4746,0.14028032053783127,136,71,40985,41294,5785,2814,2761,5647,6115,3020,0,0,78875,0,0,511,44,0,0,0,0,0,8129,11428,970,0,0,0,0,0
403,2007,404.2946339383219,99956,293,151,27,13,9315,4764,0.14085197486894233,143,84,40907,41127,5800,2825,2828,5798,6294,3104,0,0,78577,0,0,515,47,0,0,0,0,0,8358,11457,1002,0,0,0,0,0
404,2007,405.08869681352695,99956,293,144,27,13,9352,4776,0.14134219056384809,138,81,40822,40971,5814,2825,2904,5964,6476,3189,0,0,78302,0,0,520,48,0,0,0,0,0,8583,11460,1043,0,0,0,0,0
405,2007,406.28270035913044,99955,273,149,28,13,9384,4804,0.14194387474363462,145,84,40733,40805,5838,2830,2981,6117,6660,3276,0,0,77987,0,0,526,48,0,0,0,0,0,8829,11497,1068,0,0,0,0,0
406,2007,407.0801850350902,99955,276,148,28,13,9422,4821,0.1424941223550598,128,83,40655,40635,5851,2828,3060,6291,6846,3364,0,0,77692,0,0,530,49,0,0,0,0,0,9076,11514,1094,0,0,0,0,0
407,2007,408.27921968444656,99955,268,144,28,13,9463,4844,0.14313441048471812,128,86,40589,40480,5854,2831,3131,6444,7034,3453,0,0,77387,0,0,538,49,0,0,0,0,0,9313,11534,1134,0,0,0,0,0
408,2007,409.07975552894277,99955,268,140,28,13,9490,4852,0.14348456805562504,135,94,40503,40313,5855,2824,3209,6614,7224,3543,0,0,77094,0,0,538,50,0,0,0,0,0,9568,11547,1158,0,0,0,0,0
409,2007,410.28338460984577,99954,265,134,28,14,9538,4878,0.1442263441182944,128,91,40419,40160,5872,2825,3286,6774,7416,3634,0,0,76776,0,0,545,50,0,0,0,0,0,9810,11574,1199,0,0,0,0,0
410,2007,411.08726894275594,99954,257,134,28,14,9562,4892,0.14460651899873941,126,87,40359,39990,5860,2822,3368,6951,7610,3726,0,0,76483,0,0,547,51,0,0,0,0,0,10060,11579,1234,0,0,0,0,0
411,2007,412.2956081066712,99953,251,130,29,14,9600,4915,0.145218252578712,139,92,40277,39823,5860,2823,3442,7116,7806,3819,0,0,76171,0,0,551,52,0,0,0,0,0,10306,11597,1276,0,0,0,0,0
412,2007,413.10241567754986,99953,256,133,29,14,9628,4934,0.14568847358258383,136,76,40203,39668,5847,2811,3527,7296,8004,3913,0,0,75893,0,0,552,54,0,0,0,0,0,10548,11582,1324,0,0,0,0,0
413,2007,414.3154649952969,99953,258,122,29,14,9670,4955,0.14631876982181624,139,67,40118,39512,5842,2815,3612,7468,8204,4008,0,0,75571,0,0,559,54,0,0,0,0,0,10805,11602,1362,0,0,0,0,0
414,2007,415.1256029748557,99953,254,120,29,14,9696,4967,0.14669894850579773,140,68,40032,39331,5837,2811,3706,7654,8406,4104,0,0,75276,0,0,564,55,0,0,0,0,0,11062,11594,1402,0,0,0,0,0
415,2007,416.34374118895846,99953,260,114,29,14,9741,4988,0.1473592588516603,133,67,39948,39179,5844,2809,3784,7815,8609,4201,0,0,74956,0,0,569,56,0,0,0,0,0,11322,11609,1441,0,0,0,0,0
416,2007,417.1572681735651,99953,254,128,29,14,9761,5004,0.1477194281312217,149,68,39850,38999,5843,2790,3873,7999,8814,4299,0,0,74664,0,0,571,57,0,0,0,0,0,11590,11595,1476,0,0,0,0,0
417,2007,418.38081221036714,99953,255,130,29,14,9805,5028,0.1483997478815043,133,63,39778,38836,5845,2783,3958,8172,9021,4398,0,0,74343,0,0,573,58,0,0,0,0,0,11849,11608,1522,0,0,0,0,0
418,2007,419.1978715156059,99953,262,128,29,14,9837,5042,0.14885996418316608,121,63,39691,38667,5852,2775,4043,8351,9229,4498,0,0,74035,0,0,577,62,0,0,0,0,0,12124,11604,1551,0,0,0,0,0
419,2007,420.01675363346186,99953,251,120,29,14,9863,5049,0.14919011935609736,155,92,39587,38480,5846,2761,4130,8531,9439,4599,0,0,73727,17,2,584,63,0,0,0,0,0,12388,11577,1595,0,0,0,0,0
420,2007,421.1362635372329,99953,271,111,29,14,9921,5064,0.1499204626174302,166,93,39473,38316,5848,2757,4211,8707,9650,4701,0,0,73408,68,5,590,65,0,0,0,0,0,12653,11526,1638,0,0,0,0,0
421,2007,422.258502676135,99952,272,113,30,14,9963,5087,0.15057227469185208,181,100,39385,38122,5841,2760,4289,8889,9863,4804,0,0,73079,116,12,593,68,0,0,0,0,0,12926,11487,1671,0,0,0,0,0
422,2007,423.0080808188705,99952,283,115,30,14,10004,5107,0.15118256763246357,182,99,39293,37932,5838,2760,4372,9078,10077,4908,0,0,72761,158,13,595,71,0,0,0,0,0,13201,11443,1710,0,0,0,0,0
423,2007,424.1352010918085,99952,282,124,30,14,10049,5137,0.15193292780534656,209,99,39172,37743,5850,2751,4455,9267,10292,5013,0,0,72429,209,19,605,71,0,0,0,0,0,13476,11394,1749,0,0,0,0,0
424,2007,425.2654262207427,99952,291,124,30,14,10105,5162,0.15274331679206019,244,100,39029,37581,5865,2745,4539,9434,10508,5119,0,0,72088,267,26,609,74,0,0,0,0,0,13752,11351,1785,0,0,0,0,0
425,2007,426.02084157082976,99952,305,121,30,14,10149,5178,0.15334360493036658,247,111,38928,37394,5856,2737,4632,9621,10725,5226,0,0,71770,306,30,613,76,0,0,0,0,0,14027,11302,1828,0,0,0,0,0
426,2007,427.1574180633118,99952,324,147,30,14,10219,5219,0.1544541379862334,256,107,38801,37198,5872,2725,4715,9807,10943,5334,0,0,71442,358,35,621,76,0,0,0,0,0,14297,11244,1879,0,0,0,0,0
427,2007,428.2971928891536,99952,339,154,30,14,10298,5246,0.1555146470305747,259,115,38681,37021,5889,2719,4800,9975,11163,5442,0,0,71084,427,40,629,78,0,0,0,0,0,14581,11197,1916,0,0,0,0,0
428,2007,429.0588757778634,99952,348,158,30,14,10339,5269,0.15615495437810148,277,120,38565,36835,5883,2709,4895,10162,11383,5551,0,0,70767,459,47,638,81,0,0,0,0,0,14859,11144,1957,0,0,0,0,0
429,2007,430.20497981597464,99952,365,148,30,14,10417,5299,0.15723547302705299,295,137,38421,36638,5907,2717,4980,10344,11604,5661,0,0,70393,537,56,645,86,0,0,0,0,0,15145,11101,1989,0,0,0,0,0
430,2007,431.3547878261164,99952,402,145,30,14,10502,5331,0.15840603489675045,306,140,38289,36458,5909,2721,5062,10520,11826,5772,0,0,70049,603,70,645,89,0,0,0,0,0,15409,11046,2041,0,0,0,0,0
431,2007,432.1232855103879,99952,397,159,30,14,10553,5358,0.15918640947654875,324,142,38159,36272,5939,2703,5149,10708,12049,5884,0,0,69706,656,77,648,94,0,0,0,0,0,15692,10997,2082,0,0,0,0,0
432,2007,433.28020370457415,99951,428,173,30,15,10640,5401,0.16048863943332234,319,151,38034,36081,5957,2694,5230,10884,12273,5996,0,0,69368,713,91,658,95,1,0,0,0,0,15958,10932,2135,0,0,0,0,0
433,2007,434.053424722528,99951,440,192,30,15,10691,5434,0.16132905123510521,331,148,37913,35880,5954,2688,5330,11075,12497,6109,0,0,69039,756,97,660,97,1,0,0,0,0,16238,10879,2184,0,0,0,0,0
434,2007,435.21700058722934,99951,466,207,30,15,10791,5479,0.16277976208342088,342,163,37762,35678,5989,2690,5409,11245,12722,6223,0,0,68661,834,111,667,102,1,0,0,0,0,16524,10833,2218,0,0,0,0,0
435,2007,436.3844298485777,99951,508,219,30,15,10904,5526,0.1643805464677692,348,173,37609,35468,6016,2702,5487,11421,12948,6338,0,0,68274,917,123,674,105,1,0,0,0,0,16815,10789,2253,0,0,0,0,0
436,2007,437.1649826473588,99951,512,232,30,15,10970,5560,0.1653810367079869,348,192,37494,35255,6033,2703,5581,11601,13174,6453,0,0,67929,969,142,682,109,1,0,0,0,0,17089,10733,2297,0,0,0,0,0
437,2007,438.3399003641063,99951,521,256,30,15,11071,5620,0.16699182599473741,374,208,37331,35046,6085,2713,5657,11760,13400,6569,0,0,67529,1061,160,694,115,1,0,0,0,0,17379,10687,2325,0,0,0,0,0
438,2007,439.12550433443727,99951,537,286,30,15,11143,5675,0.1682624485998139,391,196,37182,34833,6099,2718,5759,11950,13627,6686,0,0,67169,1118,173,694,124,1,0,0,0,0,17668,10645,2359,0,0,0,0,0
439,2007,440.30897025470455,99951,582,287,30,15,11273,5730,0.17011335554421667,382,219,37019,34624,6135,2733,5850,12120,13854,6803,0,0,66769,1217,198,704,129,1,0,0,0,0,17944,10592,2397,0,0,0,0,0
440,2007,441.10044078313274,99951,603,290,30,15,11362,5771,0.1714139928564997,393,214,36864,34433,6172,2737,5936,12309,14081,6921,0,0,66393,1294,216,710,134,1,0,0,0,0,18225,10540,2438,0,0,0,0,0
441,2007,442.2931175924313,99950,626,307,31,15,11487,5836,0.17331665832916457,433,218,36687,34248,6214,2746,6007,12464,14309,7040,0,0,65990,1397,246,719,139,1,0,0,0,0,18494,10482,2482,0,0,0,0,0
442,2007,443.0910119479843,99949,619,324,32,15,11566,5889,0.17463906592362105,454,218,36547,34048,6247,2746,6099,12647,14537,7159,0,0,65607,1475,273,731,142,1,0,0,0,0,18770,10427,2523,0,0,0,0,0
443,2007,444.2928836602752,99949,634,322,32,15,11693,5943,0.17644998949464227,514,252,36334,33830,6302,2774,6182,12805,14765,7279,0,0,65191,1588,300,750,148,1,0,0,0,0,19045,10361,2565,0,0,0,0,0
444,2007,445.0974427452638,99949,671,341,32,15,11806,5995,0.17810083142402625,499,243,36197,33631,6328,2780,6271,12988,14993,7399,0,0,64823,1656,322,761,155,1,0,0,0,0,19323,10301,2607,0,0,0,0,0
445,2007,446.3094458868717,99948,694,345,33,15,11952,6059,0.18020370592708207,528,259,35983,33423,6395,2802,6365,13154,15221,7520,0,0,64388,1779,351,784,160,1,0,0,0,0,19603,10240,2642,0,0,0,0,0
446,2007,447.12090098399113,99947,739,369,34,15,12072,6121,0.18202647403123656,527,265,35811,33209,6426,2812,6461,13328,15449,7642,0,0,64008,1849,373,796,166,1,0,0,0,0,19889,10187,2678,0,0,0,0,0
447,2007,448.3441907196852,99945,756,377,34,17,12233,6198,0.18441142628445645,561,292,35598,33002,6508,2840,6541,13470,15677,7764,0,0,63548,2000,405,812,174,1,0,0,0,0,20160,10129,2716,0,0,0,0,0
448,2007,449.16324575759626,99945,788,393,34,17,12357,6254,0.1862124168292561,573,291,35417,32799,6554,2854,6632,13644,15905,7887,0,0,63155,2083,430,826,181,1,0,0,0,0,20443,10073,2753,0,0,0,0,0
449,2007,450.39857872529467,99945,833,424,34,17,12533,6351,0.18894391915553554,618,302,35194,32570,6611,2889,6708,13796,16133,8010,0,0,62711,2210,472,847,186,1,0,0,0,0,20716,10018,2784,0,0,0,0,0
450,2007,451.22572722658555,99945,861,448,34,17,12668,6419,0.19097503626994847,633,307,34988,32361,6672,2903,6810,13962,16360,8134,0,0,62302,2313,502,854,195,1,0,0,0,0,20991,9965,2822,0,0,0,0,0
451,2007,452.0570579015788,99942,872,455,36,18,12787,6483,0.1928118308618999,649,297,34823,32156,6718,2937,6900,14135,16587,8258,0,0,61885,2431,523,864,204,1,0,0,0,0,21265,9897,2872,0,0,0,0,0
452,2007,453.31082315770624,99942,915,466,36,18,12989,6570,0.1957035080346601,658,320,34587,31923,6823,2976,6979,14295,16814,8382,0,0,61418,2591,568,884,211,1,0,0,0,0,21524,9833,2912,0,0,0,0,0
453,2007,454.1508805724725,99941,928,496,37,18,13115,6655,0.19781671185999739,683,314,34400,31704,6885,3009,7065,14457,17040,8507,0,0,60993,2695,607,900,216,1,0,0,0,0,21803,9785,2941,0,0,0,0,0
454,2007,455.41834932937934,99941,999,522,37,18,13350,6767,0.20128876036861748,696,335,34172,31478,6967,3064,7127,14581,17266,8632,0,0,60525,2848,662,931,221,1,0,0,0,0,22057,9718,2978,0,0,0,0,0
455,2007,456.26721074502666,99940,1010,540,38,18,13491,6845,0.20348208925355213,743,330,33949,31271,7049,3095,7209,14744,17492,8758,0,0,60079,2970,700,954,223,1,0,0,0,0,22338,9666,3009,0,0,0,0,0
456,2007,457.1206333628441,99940,1047,541,38,18,13664,6922,0.20598359015409246,733,334,33740,31074,7133,3138,7307,14893,17717,8884,0,0,59634,3100,750,975,229,1,0,0,0,0,22600,9607,3044,0,0,0,0,0
457,2007,458.40992173617616,99938,1093,548,39,19,13894,7038,0.20944985891252577,752,337,33506,30858,7239,3208,7369,15028,17942,9010,0,0,59126,3301,791,996,246,2,0,0,0,0,22859,9537,3080,0,0,0,0,0
458,2007,459.2740425748318,99937,1138,561,40,19,14074,7117,0.21204358746009985,783,350,33293,30631,7300,3245,7444,15192,18166,9137,0,0,58704,3423,840,1012,254,3,0,0,0,0,23106,9469,3126,0,0,0,0,0
459,2007,460.14279557825427,99936,1138,578,40,20,14212,7193,0.21418707973102785,820,361,33096,30420,7382,3263,7522,15356,18389,9264,0,0,58278,3540,887,1033,260,3,0,0,0,0,23362,9406,3167,0,0,0,0,0
460,2007,461.01600996324566,99936,1163,589,40,20,14380,7284,0.21677873839257125,841,365,32882,30216,7464,3306,7608,15502,18612,9391,0,0,57823,3690,933,1050,266,4,0,0,0,0,23619,9344,3207,0,0,0,0,0
461,2007,462.33493474079285,99934,1227,596,42,20,14670,7414,0.22098585066143656,812,379,32663,29989,7591,3402,7663,15612,18834,9519,0,0,57296,3906,1008,1081,280,4,0,0,0,0,23847,9268,3244,0,0,0,0,0
462,2007,463.2189095949303,99934,1287,600,42,20,14865,7486,0.22365761402525666,822,411,32441,29795,7667,3423,7739,15749,19055,9647,0,0,56873,4025,1061,1096,289,4,0,0,0,0,24094,9205,3287,0,0,0,0,0
463,2007,464.107939060944,99932,1306,616,44,20,15061,7581,0.22657407036785013,822,430,32254,29570,7769,3470,7803,15892,19276,9775,0,0,56385,4200,1106,1113,301,4,0,0,0,0,24357,9149,3317,0,0,0,0,0
464,2007,465.00184162163396,99931,1342,628,45,20,15263,7681,0.22959842291180915,831,437,32021,29356,7869,3521,7890,16036,19496,9903,0,0,55922,4360,1164,1128,315,5,0,0,0,0,24598,9088,3351,0,0,0,0,0
465,2007,466.3529104212512,99930,1401,659,46,20,15551,7834,0.23401380966676674,866,449,31740,29121,7994,3596,7951,16153,19715,10032,0,0,55415,4559,1253,1152,339,5,0,0,0,0,24806,9019,3382,0,0,0,0,0
466,2007,467.25942866849624,99929,1418,683,47,20,15742,7942,0.23700827587587187,880,451,31523,28917,8102,3640,8028,16287,19933,10161,0,0,54948,4713,1305,1179,353,5,0,0,0,0,25056,8957,3413,0,0,0,0,0
467,2007,468.1716168422924,99928,1464,719,48,20,15975,8051,0.24043311184052518,862,466,31319,28689,8211,3675,8094,16429,20150,10290,0,0,54494,4858,1377,1195,370,5,0,0,0,0,25287,8900,3442,0,0,0,0,0
468,2007,469.0893270373019,99927,1460,708,48,21,16156,8154,0.24327759264262913,928,479,31095,28486,8310,3746,8157,16558,20366,10419,0,0,54002,5041,1440,1225,382,5,0,0,0,0,25522,8834,3476,0,0,0,0,0
469,2007,470.0129700816975,99927,1503,726,48,21,16369,8283,0.24670009106647853,965,484,30851,28277,8397,3824,8234,16666,20582,10548,0,0,53535,5200,1528,1240,393,5,0,0,0,0,25734,8782,3510,0,0,0,0,0
470,2007,471.40974320729026,99925,1560,733,50,21,16716,8439,0.2517388041030773,1033,507,30522,28081,8567,3914,8266,16742,20797,10678,0,0,53001,5429,1635,1282,422,8,0,0,0,0,25912,8692,3544,0,0,0,0,0
471,2007,472.3478638319646,99925,1592,740,50,21,16953,8553,0.2552514385789342,1020,516,30318,27880,8678,3975,8340,16866,21011,10808,0,0,52534,5579,1730,1315,441,8,0,0,0,0,26123,8628,3567,0,0,0,0,0
472,2007,473.29243533381566,99924,1609,758,51,21,17195,8674,0.25888675393298904,1031,522,30085,27698,8813,4035,8409,16964,21224,10938,0,0,52056,5752,1823,1350,456,8,0,0,0,0,26325,8553,3601,0,0,0,0,0
473,2007,474.2436747431979,99923,1639,750,52,21,17448,8775,0.2624320726959759,1043,549,29854,27490,8934,4106,8476,17082,21436,11068,0,0,51566,5943,1906,1373,484,8,0,0,0,0,26535,8486,3622,0,0,0,0,0
474,2007,475.2019498186432,99922,1670,794,53,21,17693,8907,0.2662076419607294,1050,537,29627,27298,9058,4159,8540,17189,21647,11198,0,0,51089,6117,1989,1391,501,8,0,0,0,0,26747,8427,3653,0,0,0,0,0
475,2007,476.16707462597367,99920,1698,791,55,21,17956,9036,0.2701361088871097,1031,540,29392,27120,9220,4244,8602,17282,21856,11328,0,0,50592,6314,2094,1430,517,9,0,0,0,0,26935,8347,3682,0,0,0,0,0
476,2007,477.13951017839116,99918,1694,800,57,21,18206,9161,0.2738945935667247,1041,564,29148,26905,9385,4307,8673,17401,22064,11458,0,0,50093,6503,2195,1462,540,10,0,0,0,0,27124,8282,3709,0,0,0,0,0
477,2007,478.1196464036451,99918,1728,836,57,21,18461,9322,0.2780580075662043,1067,545,28907,26706,9510,4380,8729,17510,22271,11588,0,0,49595,6692,2294,1489,558,10,0,0,0,0,27323,8225,3732,0,0,0,0,0
478,2007,479.1072202319775,99915,1749,849,58,23,18729,9457,0.2820997848170945,1056,575,28702,26500,9650,4441,8783,17610,22477,11718,0,0,49112,6875,2390,1532,574,12,0,0,0,0,27501,8143,3776,0,0,0,0,0
479,2007,480.1019024928281,99915,1736,866,58,23,18979,9609,0.2861232047240154,1081,561,28467,26300,9807,4536,8849,17712,22682,11848,0,0,48625,7061,2517,1566,601,13,0,0,0,0,27659,8069,3804,0,0,0,0,0
480,2007,481.1042960343252,99913,1755,859,60,23,19257,9743,0.29025251969213217,1092,574,28203,26126,9964,4616,8924,17800,22886,11978,0,0,48124,7252,2627,1607,627,16,0,0,0,0,27835,8000,3825,0,0,0,0,0
481,2007,482.11510172107285,99911,1787,903,61,24,19554,9897,0.29477234738917635,1058,569,27967,25942,10135,4679,8990,17881,23089,12108,0,0,47625,7436,2733,1650,646,17,0,0,0,0,28025,7935,3844,0,0,0,0,0
482,2007,483.13468941734834,99911,1812,927,61,24,19814,10047,0.2988759996396793,1096,604,27741,25759,10253,4743,9035,17941,23290,12238,0,0,47170,7597,2845,1687,671,20,0,0,0,0,28188,7860,3873,0,0,0,0,0
483,2007,484.16183915628085,99910,1827,966,61,25,20107,10207,0.30341307176458815,1115,600,27507,25591,10411,4803,9077,18013,23490,12368,0,0,46673,7781,2970,1730,690,22,0,0,0,0,28355,7796,3893,0,0,0,0,0
484,2007,485.1967098469749,99907,1854,992,64,25,20417,10379,0.30824666940254436,1113,592,27268,25408,10575,4890,9124,18091,23689,12498,0,0,46177,7967,3103,1778,722,22,0,0,0,0,28505,7723,3910,0,0,0,0,0
485,2007,486.2399548227108,99905,1869,977,65,26,20702,10519,0.3125068815374606,1145,610,27018,25228,10733,4990,9168,18167,23887,12628,0,0,45673,8159,3230,1823,749,22,0,0,0,0,28657,7659,3933,0,0,0,0,0
486,2007,487.2924948387157,99903,1890,996,67,26,20990,10690,0.3171075943665355,1147,590,26798,25066,10884,5085,9212,18235,24083,12758,0,0,45193,8352,3359,1863,779,24,0,0,0,0,28795,7576,3962,0,0,0,0,0
487,2007,488.35338349946693,99902,1879,986,67,27,21271,10827,0.32129486897159215,1180,602,26567,24888,11056,5174,9249,18321,24278,12888,0,0,44672,8583,3486,1900,805,25,0,0,0,0,28945,7500,3986,0,0,0,0,0
488,2007,489.4232586772104,99900,1914,1006,68,28,21584,11011,0.32627627627627626,1179,589,26362,24714,11193,5277,9282,18384,24472,13018,0,0,44178,8772,3634,1939,838,25,0,0,0,0,29075,7435,4004,0,0,0,0,0
489,2007,490.5016937995791,99897,1898,1001,71,28,21890,11157,0.33081073505710884,1194,595,26127,24537,11388,5369,9320,18468,24665,13148,0,0,43672,8977,3777,1975,882,27,0,0,0,0,29198,7368,4021,0,0,0,0,0
490,2007,491.0437614463826,99897,1953,1012,71,28,22079,11247,0.3336036117200717,1171,586,25970,24375,11427,5405,9406,18592,24856,13278,0,0,43314,9057,3861,1987,902,28,0,0,0,0,29380,7310,4058,0,0,0,0,0
491,2007,492.13754089501924,99896,1974,1023,72,28,22407,11417,0.3385921358212541,1165,593,25763,24182,11593,5500,9431,18672,25046,13408,0,0,42815,9260,4015,2026,936,30,0,0,0,0,29496,7241,4077,0,0,0,0,0
492,2007,493.23987765472697,99892,1973,989,75,29,22741,11577,0.34355103511792734,1150,604,25530,24011,11802,5627,9468,18738,25235,13537,0,0,42294,9467,4205,2081,969,31,0,0,0,0,29584,7172,4089,0,0,0,0,0
493,2007,494.3518978072537,99892,1999,998,75,29,23078,11767,0.34882673287150123,1142,587,25296,23865,11975,5742,9511,18777,25422,13666,0,0,41804,9665,4375,2120,1011,33,0,0,0,0,29675,7101,4108,0,0,0,0,0
494,2007,495.47447141236205,99890,1995,1017,77,29,23392,11924,0.3535489037941736,1132,579,25102,23707,12145,5821,9547,18845,25608,13795,0,0,41335,9832,4532,2181,1041,34,0,0,0,0,29786,7020,4129,0,0,0,0,0
495,2007,496.0386378102132,99889,1984,1019,77,30,23540,12007,0.355865010161279,1155,566,24949,23558,12204,5853,9629,18972,25793,13924,0,0,40961,9933,4627,2190,1059,37,0,0,0,0,29955,6967,4160,0,0,0,0,0
496,2007,497.1767381294307,99889,2029,1024,77,30,23880,12160,0.3608004885422819,1106,590,24763,23412,12357,5937,9666,19005,25976,14053,0,0,40503,10085,4788,2244,1091,39,0,0,0,0,30065,6902,4172,0,0,0,0,0
497,2007,498.32362342416303,99889,2035,1028,77,30,24204,12340,0.36584608915896644,1080,588,24557,23266,12535,6040,9714,19046,26158,14182,0,0,40010,10277,4953,2290,1131,39,0,0,0,0,30156,6840,4193,0,0,0,0,0
498,2007,499.4800728328968,99888,1983,1005,78,30,24496,12506,0.37043488707352235,1113,611,24352,23128,12743,6156,9729,19068,26338,14310,0,0,39500,10480,5147,2356,1153,43,0,0,0,0,30234,6767,4208,0,0,0,0,0
499,2007,500.0614779013773,99888,2001,974,78,30,24664,12571,0.3727674995995515,1115,639,24196,22970,12807,6199,9801,19186,26517,14438,0,0,39139,10565,5254,2376,1170,44,0,0,0,0,30391,6713,4236,0,0,0,0,0
500,2007,501.2350867467253,99885,1947,997,81,30,24950,12761,0.3775441758021725,1140,619,23998,22836,13000,6292,9832,19224,26695,14566,0,0,38642,10772,5412,2432,1207,45,0,0,0,0,30481,6633,4261,0,0,0,0,0
501,2007,502.4188357225008,99885,1915,1029,81,30,25263,12940,0.38246984031636383,1165,592,23795,22722,13204,6357,9838,19268,26871,14694,0,0,38174,10941,5578,2488,1249,48,0,0,0,0,30564,6569,4274,0,0,0,0,0
502,2007,503.0140394069536,99885,1974,1023,81,30,25453,13025,0.385223006457426,1131,582,23635,22596,13238,6401,9939,19366,27046,14821,0,0,37849,11006,5691,2494,1273,48,0,0,0,0,30698,6520,4306,0,0,0,0,0
503,2007,504.2155029026277,99885,1955,1030,81,30,25780,13210,0.3903489012364219,1141,550,23444,22455,13419,6512,9958,19421,27220,14948,0,0,37367,11193,5857,2537,1331,52,0,0,0,0,30779,6457,4312,0,0,0,0,0
504,2007,505.42740892747975,99883,1950,1018,83,30,26138,13377,0.3956128670544537,1117,566,23262,22303,13614,6626,9972,19455,27392,15075,0,0,36860,11393,6006,2597,1384,55,0,0,0,0,30871,6395,4322,0,0,0,0,0
505,2007,506.03630287861114,99882,1964,1021,83,31,26315,13461,0.3982299112953285,1089,569,23154,22180,13666,6646,10042,19551,27563,15202,0,0,36560,11428,6139,2616,1408,58,0,0,0,0,30980,6338,4355,0,0,0,0,0
506,2007,507.26457491189564,99879,1931,1017,86,31,26631,13617,0.40296759078484967,1104,593,22974,22032,13833,6746,10070,19579,27732,15328,0,0,36112,11584,6315,2685,1449,62,0,0,0,0,31043,6257,4372,0,0,0,0,0
507,2007,508.50230371478176,99878,1893,1015,87,31,26961,13787,0.4079777328340575,1108,573,22780,21914,14033,6854,10097,19611,27900,15454,0,0,35653,11758,6515,2733,1503,66,0,0,0,0,31081,6190,4379,0,0,0,0,0
508,2007,509.12446388394784,99877,1898,1006,87,32,27156,13871,0.4107752535618811,1040,565,22670,21785,14118,6895,10185,19715,28067,15580,0,0,35309,11823,6646,2759,1524,69,0,0,0,0,31199,6145,4403,0,0,0,0,0
509,2007,510.3801505905766,99875,1868,1014,89,32,27482,14063,0.41596996245306633,1017,543,22499,21679,14311,7002,10214,19728,28232,15705,0,0,34850,11981,6834,2816,1579,73,0,0,0,0,31248,6087,4407,0,0,0,0,0
510,2007,511.0111707404165,99873,1881,1009,90,33,27658,14147,0.41858159863026045,999,538,22357,21564,14378,7032,10293,19822,28396,15830,0,0,34532,12044,6962,2833,1597,77,0,0,0,0,31357,6035,4436,0,0,0,0,0
511,2007,512.2848208797438,99873,1846,993,90,33,27969,14323,0.4234577913950717,957,534,22212,21459,14570,7153,10323,19826,28559,15955,0,0,34108,12170,7154,2907,1655,82,0,0,0,0,31393,5963,4441,0,0,0,0,0
512,2007,513.5686349161283,99869,1795,944,93,34,28280,14487,0.4282309825871892,950,515,22091,21400,14732,7258,10337,19847,28720,16079,0,0,33656,12342,7379,2957,1707,89,0,0,0,0,31399,5891,4449,0,0,0,0,0
513,2007,514.2135934994974,99868,1801,955,94,34,28425,14589,0.43070853526655184,960,481,21986,21300,14749,7284,10408,19944,28880,16203,0,0,33381,12368,7506,2961,1749,89,0,0,0,0,31497,5844,4473,0,0,0,0,0
514,2007,515.5123174991381,99867,1782,963,94,35,28755,14770,0.435829653439074,931,466,21835,21204,14929,7372,10427,19958,29038,16327,0,0,32959,12516,7706,3014,1801,93,0,0,0,0,31522,5771,4485,0,0,0,0,0
515,2007,516.1643652860587,99867,1754,963,94,35,28916,14846,0.43820280973695014,910,462,21735,21108,15013,7389,10492,20041,29195,16450,0,0,32671,12550,7838,3038,1837,95,0,0,0,0,31611,5719,4508,0,0,0,0,0
516,2007,517.4792452693697,99865,1752,922,96,35,29216,14993,0.4426876282982026,878,488,21612,21004,15144,7504,10516,20045,29351,16573,0,0,32280,12643,8022,3104,1889,98,0,0,0,0,31650,5658,4521,0,0,0,0,0
517,2007,518.139097209551,99865,1742,937,96,35,29370,15090,0.4452010213788615,862,466,21518,20915,15184,7516,10596,20129,29505,16696,0,0,31992,12670,8152,3128,1918,101,0,0,0,0,31757,5612,4535,0,0,0,0,0
518,2007,519.4685836738896,99864,1728,952,97,35,29671,15262,0.44994192101257713,842,460,21406,20819,15306,7607,10619,20125,29658,16818,0,0,31577,12808,8318,3178,1965,103,0,0,0,0,31811,5554,4550,0,0,0,0,0
519,2007,520.1356606097258,99864,1688,963,97,35,29796,15346,0.45203476728350556,866,450,21316,20717,15353,7624,10678,20209,29810,16940,0,0,31299,12828,8423,3202,2008,105,0,0,0,0,31923,5513,4563,0,0,0,0,0
520,2007,521.4785941903019,99864,1663,935,97,35,30105,15492,0.4565909637106465,816,460,21206,20627,15526,7723,10690,20218,29960,17061,0,0,30892,12949,8612,3257,2064,110,0,0,0,0,31954,5463,4563,0,0,0,0,0
521,2007,522.1525851617325,99862,1631,911,99,35,30245,15568,0.45876309306843444,819,477,21134,20514,15563,7765,10752,20296,30109,17182,0,0,30612,12986,8752,3280,2098,113,0,0,0,0,32029,5408,4584,0,0,0,0,0
522,2007,523.5093024149525,99860,1606,886,101,35,30543,15722,0.46329861806529143,777,458,21049,20455,15690,7855,10775,20309,30257,17303,0,0,30250,13083,8953,3343,2153,120,0,0,0,0,32029,5332,4597,0,0,0,0,0
523,2007,524.1894891287384,99860,1565,908,101,35,30668,15816,0.4654916883637092,776,439,20975,20354,15743,7877,10838,20385,30403,17423,0,0,29992,13095,9085,3360,2188,121,0,0,0,0,32110,5288,4621,0,0,0,0,0
524,2007,525.5582718463563,99860,1522,880,101,35,30914,15982,0.46961746445023034,780,410,20916,20305,15850,7984,10829,20384,30548,17543,0,0,29638,13183,9278,3401,2258,124,0,0,0,0,32114,5232,4632,0,0,0,0,0
525,2007,526.244452139912,99860,1515,866,101,35,31064,16055,0.471850590827158,765,407,20805,20229,15908,8005,10904,20456,30692,17662,0,0,29369,13212,9406,3410,2300,126,0,0,0,0,32197,5197,4643,0,0,0,0,0
526,2007,527.6247832638804,99859,1464,857,101,36,31338,16205,0.4761013028370002,766,368,20683,20188,16061,8087,10923,20462,30834,17781,0,0,28994,13310,9597,3471,2345,134,0,0,0,0,32221,5141,4646,0,0,0,0,0
527,2007,528.3181199848054,99859,1480,852,101,36,31471,16292,0.47830440921699596,756,333,20631,20130,16039,8118,10991,20529,30975,17900,0,0,28735,13338,9718,3474,2375,138,0,0,0,0,32312,5109,4660,0,0,0,0,0
528,2007,529.0148909064974,99859,1476,828,101,36,31599,16349,0.48015702140017424,755,337,20564,20051,16047,8149,11055,20597,31115,18018,0,0,28505,13344,9851,3484,2406,142,0,0,0,0,32376,5067,4684,0,0,0,0,0
529,2007,530.4145169477536,99858,1434,768,101,37,31849,16465,0.4838270343888321,720,374,20500,19995,16172,8241,11071,20583,31253,18136,0,0,28147,13436,10022,3543,2451,155,0,0,0,0,32404,5011,4689,0,0,0,0,0
530,2007,531.1159285206355,99858,1433,757,101,37,31978,16538,0.4858499068677522,729,371,20425,19938,16182,8255,11128,20640,31390,18253,0,0,27911,13445,10144,3544,2499,155,0,0,0,0,32482,4976,4702,0,0,0,0,0
531,2007,532.5263678807554,99858,1418,732,101,37,32232,16683,0.48984558072462897,702,377,20346,19899,16282,8337,11149,20616,31526,18370,0,0,27552,13550,10304,3595,2550,159,0,0,0,0,32517,4921,4710,0,0,0,0,0
532,2007,533.2330743489753,99858,1410,722,101,37,32357,16748,0.491748282561237,675,372,20297,19829,16307,8356,11208,20682,31661,18486,0,0,27311,13569,10412,3594,2596,159,0,0,0,0,32605,4883,4729,0,0,0,0,0
533,2007,534.6544454958697,99858,1356,721,101,37,32572,16886,0.4952833022892507,694,362,20230,19818,16400,8390,11217,20670,31794,18602,0,0,26994,13636,10562,3645,2654,161,0,0,0,0,32635,4825,4746,0,0,0,0,0
534,2007,535.3663668925407,99857,1351,707,101,38,32695,16949,0.4971509258239282,679,348,20171,19753,16411,8407,11285,20745,31926,18717,0,0,26763,13638,10662,3663,2686,167,0,0,0,0,32725,4786,4767,0,0,0,0,0
535,2007,536.080774164275,99856,1354,699,102,38,32822,17005,0.4989885435026438,662,355,20120,19704,16425,8403,11335,20799,32057,18832,0,0,26546,13626,10774,3679,2718,169,0,0,0,0,32810,4749,4785,0,0,0,0,0
536,2007,537.516204145024,99856,1271,711,102,38,33041,17146,0.5025937349783689,647,328,20075,19707,16555,8444,11348,20770,32187,18946,0,0,26265,13661,10950,3734,2778,178,0,0,0,0,32805,4684,4801,0,0,0,0,0
537,2007,538.235030479588,99856,1255,694,102,38,33136,17206,0.5041459701970838,650,326,20034,19673,16549,8455,11408,20812,32315,19060,0,0,26070,13624,11083,3744,2818,180,0,0,0,0,32870,4660,4807,0,0,0,0,0
538,2007,539.6789574714446,99852,1211,675,105,39,33349,17320,0.5074410126987943,604,333,20010,19668,16633,8491,11435,20792,32442,19174,0,0,25766,13689,11254,3769,2872,187,0,0,0,0,32888,4620,4807,0,0,0,0,0
539,2007,540.4014441705903,99852,1169,680,105,39,33454,17384,0.509133517606057,578,319,19978,19631,16664,8490,11504,20839,32568,19287,0,0,25571,13665,11389,3784,2904,194,0,0,0,0,32938,4585,4822,0,0,0,0,0
540,2007,541.1258428954319,99850,1166,666,106,40,33566,17438,0.5108062093139709,563,304,19920,19585,16672,8498,11571,20905,32693,19400,0,0,25370,13656,11507,3780,2942,199,0,0,0,0,33007,4553,4836,0,0,0,0,0
541,2007,542.5804587169855,99850,1116,627,106,40,33754,17544,0.5137506259389084,564,309,19902,19604,16738,8546,11572,20872,32817,19512,0,0,25099,13691,11679,3816,2993,208,0,0,0,0,33008,4509,4847,0,0,0,0,0
542,2007,543.3086137805686,99850,1119,619,106,40,33878,17604,0.5155933900851277,527,307,19846,19541,16756,8565,11644,20926,32939,19624,0,0,24886,13680,11784,3838,3020,212,0,0,0,0,33095,4471,4864,0,0,0,0,0
543,2007,544.0383180193462,99850,1095,608,106,40,33973,17659,0.5170956434651978,517,296,19796,19506,16774,8567,11710,20981,33060,19735,0,0,24678,13668,11893,3849,3058,213,0,0,0,0,33173,4444,4874,0,0,0,0,0
544,2007,545.5046549945098,99849,1053,585,106,41,34168,17779,0.5202555859347615,495,283,19803,19530,16820,8627,11721,20932,33180,19846,0,0,24402,13701,12053,3888,3116,220,0,0,0,0,33191,4407,4871,0,0,0,0,0
545,2007,546.2382142997861,99848,997,576,107,41,34246,17828,0.5215327297492188,506,274,19775,19502,16833,8623,11780,20982,33299,19956,0,0,24221,13670,12182,3892,3161,224,0,0,0,0,33246,4377,4875,0,0,0,0,0
546,2007,547.7090527105172,99846,998,564,108,42,34450,17941,0.5247180658213649,450,246,19773,19525,16870,8670,11799,20951,33417,20066,0,0,23993,13662,12339,3929,3212,235,0,0,0,0,33266,4338,4872,0,0,0,0,0
547,2007,548.4442702715418,99846,971,557,108,42,34516,17987,0.5258397932816538,461,234,19733,19492,16857,8667,11868,21006,33534,20175,0,0,23808,13630,12439,3934,3245,239,0,0,0,0,33352,4323,4876,0,0,0,0,0
548,2007,549.181057387934,99845,949,523,109,42,34598,18020,0.5269968451099204,459,243,19703,19473,16849,8682,11929,21035,33649,20284,0,0,23604,13631,12538,3934,3277,244,0,0,0,0,33435,4294,4888,0,0,0,0,0
549,2007,550.6594899586262,99844,919,508,110,42,34758,18115,0.5295561075277433,449,219,19687,19477,16880,8717,11953,21035,33763,20392,0,0,23397,13633,12675,3959,3335,250,0,0,0,0,33446,4243,4906,0,0,0,0,0
550,2007,551.3988709355945,99843,900,492,111,42,34851,18150,0.5308434241759562,434,229,19646,19450,16899,8719,12008,21066,33876,20500,0,0,23213,13609,12780,3965,3366,256,0,0,0,0,33516,4223,4915,0,0,0,0,0
551,2007,552.1398747035659,99842,878,484,112,42,34930,18188,0.5320205925362073,427,231,19614,19413,16908,8722,12059,21106,33988,20607,0,0,23034,13586,12861,3981,3399,259,0,0,0,0,33604,4190,4928,0,0,0,0,0
552,2007,553.6270523126109,99842,861,442,112,42,35092,18270,0.5344644538370625,400,216,19607,19437,16943,8768,12075,21093,34099,20714,0,0,22802,13608,13008,4003,3451,264,0,0,0,0,33626,4151,4929,0,0,0,0,0
553,2007,554.3705854963205,99841,850,435,113,42,35165,18308,0.535581574703779,397,212,19571,19418,16934,8763,12133,21128,34209,20820,0,0,22647,13561,13107,4007,3485,267,0,0,0,0,33698,4130,4939,0,0,0,0,0
554,2007,555.1157617496087,99839,820,417,115,42,35231,18336,0.5365338194493134,395,224,19548,19398,16922,8749,12198,21168,34318,20926,0,0,22474,13549,13203,4001,3520,270,0,0,0,0,33764,4105,4953,0,0,0,0,0
555,2007,556.6103299657547,99839,820,402,115,42,35387,18409,0.5388275122947946,332,219,19595,19428,16920,8748,12216,21159,34426,21031,0,0,22287,13539,13330,4016,3570,274,0,0,0,0,33785,4070,4968,0,0,0,0,0
556,2007,557.3565601989516,99838,796,407,115,43,35438,18456,0.5398144994891725,349,208,19591,19415,16884,8733,12263,21192,34533,21135,0,0,22143,13500,13432,4015,3596,278,0,0,0,0,33848,4040,4986,0,0,0,0,0
557,2007,558.1031959255281,99838,771,420,115,43,35485,18503,0.5407560247601114,353,180,19562,19395,16862,8709,12335,21251,34639,21239,0,0,21995,13468,13523,4003,3631,278,0,0,0,0,33921,4014,5005,0,0,0,0,0
558,2007,559.5982761970315,99837,745,413,116,43,35616,18577,0.5428147881046105,342,177,19594,19431,16854,8703,12347,21231,34744,21342,0,0,21801,13471,13633,4022,3677,284,0,0,0,0,33960,3972,5017,0,0,0,0,0
559,2007,560.3445793996757,99834,730,391,117,45,35678,18605,0.5437325961095418,328,180,19590,19411,16826,8706,12407,21265,34848,21445,0,0,21647,13437,13734,4020,3707,289,0,0,0,0,34025,3954,5021,0,0,0,0,0
560,2007,561.091898149572,99832,708,384,119,45,35750,18639,0.5448052728584021,332,170,19572,19387,16801,8701,12466,21311,34951,21547,0,0,21493,13409,13819,4024,3745,292,0,0,0,0,34093,3925,5032,0,0,0,0,0
561,2007,562.588332622082,99832,662,359,119,45,35867,18705,0.5466383524320859,348,166,19607,19424,16795,8730,12467,21274,35052,21649,0,0,21291,13403,13937,4046,3793,296,0,0,0,0,34128,3899,5039,0,0,0,0,0
562,2007,563.3353191303216,99831,678,351,119,46,35935,18735,0.5476254870731536,338,157,19594,19407,16737,8717,12532,21320,35152,21750,0,0,21161,13352,14031,4040,3818,300,0,0,0,0,34196,3884,5049,0,0,0,0,0
563,2007,564.083036102433,99831,666,347,119,46,35995,18764,0.5485169937193858,322,150,19581,19414,16723,8692,12587,21349,35251,21851,0,0,21016,13319,14105,4041,3850,301,0,0,0,0,34273,3859,5067,0,0,0,0,0
564,2007,565.5802289002739,99831,660,315,119,46,36114,18811,0.5501798038685378,290,157,19650,19476,16687,8679,12592,21325,35349,21951,0,0,20834,13307,14213,4060,3886,306,0,0,0,0,34320,3832,5073,0,0,0,0,0
565,2007,566.3271676634616,99830,631,308,120,46,36151,18842,0.550866473004107,306,153,19651,19461,16644,8667,12646,21363,35447,22051,0,0,20694,13271,14288,4057,3917,312,0,0,0,0,34401,3807,5083,0,0,0,0,0
566,2007,567.0739213290624,99830,625,305,120,46,36202,18878,0.5517379545226886,298,142,19651,19457,16602,8652,12702,21396,35544,22150,0,0,20566,13232,14369,4047,3951,316,0,0,0,0,34466,3787,5096,0,0,0,0,0
567,2007,568.5678347263381,99830,590,290,120,46,36311,18920,0.5532505258940198,270,149,19698,19512,16599,8623,12721,21378,35640,22249,0,0,20414,13197,14472,4064,4001,321,0,0,0,0,34498,3759,5104,0,0,0,0,0
568,2007,569.3132595827987,99830,577,288,120,46,36351,18948,0.5539316838625664,268,135,19694,19509,16563,8620,12776,21400,35735,22347,0,0,20280,13159,14552,4056,4025,326,0,0,0,0,34577,3744,5111,0,0,0,0,0
569,2007,570.0590620844861,99830,555,281,120,46,36395,18971,0.5546028248021637,257,132,19693,19489,16535,8604,12838,21446,35829,22445,0,0,20147,13107,14645,4065,4044,329,0,0,0,0,34648,3728,5117,0,0,0,0,0
570,2007,571.5516843794701,99830,538,273,120,46,36495,19012,0.5560152258840028,229,130,19746,19576,16510,8573,12855,21400,35922,22542,0,0,19990,13076,14744,4077,4079,331,0,0,0,0,34698,3706,5129,0,0,0,0,0
571,2007,572.2959111612947,99830,541,279,120,46,36554,19041,0.5568967244315336,200,124,19741,19569,16489,8553,12907,21427,36014,22639,0,0,19861,13036,14817,4076,4104,332,0,0,0,0,34775,3686,5143,0,0,0,0,0
572,2007,573.0407863486176,99830,539,263,120,46,36602,19058,0.5575478313132325,195,130,19732,19567,16452,8538,12960,21454,36105,22735,0,0,19739,12998,14900,4068,4126,337,0,0,0,0,34839,3666,5157,0,0,0,0,0
573,2007,574.5317361860381,99830,517,260,120,46,36688,19111,0.5589401983371732,188,124,19774,19636,16404,8528,12995,21404,36195,22831,0,0,19606,12959,14987,4074,4173,345,0,0,0,0,34877,3646,5163,0,0,0,0,0
574,2007,575.2760291194762,99830,493,263,120,46,36719,19139,0.5595312030451768,200,119,19784,19636,16359,8498,13042,21436,36284,22926,0,0,19489,12913,15064,4073,4198,348,0,0,0,0,34945,3626,5174,0,0,0,0,0
575,2007,576.0204110353387,99828,473,249,122,46,36747,19154,0.5599731538245782,214,119,19771,19639,16315,8480,13103,21465,36372,23021,0,0,19372,12879,15132,4057,4229,352,0,0,0,0,35010,3607,5190,0,0,0,0,0
576,2007,577.5092473042292,99828,467,240,122,46,36830,19200,0.5612653764474896,198,116,19804,19731,16280,8448,13127,21417,36459,23115,0,0,19232,12860,15225,4048,4267,358,0,0,0,0,35052,3589,5197,0,0,0,0,0
577,2007,578.2524718199867,99828,440,233,122,46,36858,19213,0.5616760828625236,206,126,19808,19723,16247,8428,13175,21442,36545,23208,0,0,19114,12824,15297,4046,4289,360,0,0,0,0,35121,3564,5213,0,0,0,0,0
578,2007,579.7398666949834,99827,401,232,123,46,36924,19261,0.5628236849750068,197,105,19878,19803,16204,8392,13195,21420,36631,23301,0,0,18984,12796,15391,4046,4327,367,0,0,0,0,35151,3540,5225,0,0,0,0,0
579,2007,580.4811556214836,99827,400,232,123,46,36960,19283,0.563404690113897,187,96,19878,19833,16157,8350,13253,21441,36716,23393,0,0,18879,12757,15460,4033,4354,370,0,0,0,0,35216,3521,5237,0,0,0,0,0
580,2007,581.2226979779604,99827,387,218,123,46,36992,19295,0.5638454526330552,179,97,19897,19833,16112,8328,13300,21476,36800,23485,0,0,18778,12702,15543,4028,4378,375,0,0,0,0,35275,3507,5241,0,0,0,0,0
581,2007,582.7055271428034,99827,370,206,123,46,37060,19330,0.5648772376210844,155,101,19959,19899,16079,8315,13312,21431,36883,23576,0,0,18657,12657,15641,4044,4404,379,0,0,0,0,35315,3482,5248,0,0,0,0,0
582,2007,583.4445219001719,99827,354,194,123,46,37077,19342,0.5651677401905296,176,99,19963,19923,16031,8284,13351,21452,36965,23667,0,0,18546,12626,15705,4034,4424,382,0,0,0,0,35384,3462,5264,0,0,0,0,0
583,2007,584.1837486237064,99827,350,189,123,46,37110,19356,0.5656385546996303,172,95,19963,19914,15987,8275,13403,21479,37046,23757,0,0,18433,12597,15762,4027,4445,385,0,0,0,0,35462,3439,5277,0,0,0,0,0
584,2007,585.662072471251,99827,334,184,123,46,37173,19393,0.566640287697717,156,85,20032,19992,15933,8262,13420,21429,37127,23847,0,0,18318,12564,15847,4029,4479,390,0,0,0,0,35500,3417,5283,0,0,0,0,0
585,2007,586.3993472188495,99826,332,166,123,47,37205,19404,0.5670767134814577,140,85,20043,20014,15891,8251,13469,21435,37207,23936,0,0,18215,12522,15920,4016,4507,393,0,0,0,0,35561,3406,5286,0,0,0,0,0
586,2007,587.1363163346407,99826,326,155,123,47,37237,19414,0.5674974455552662,134,90,20067,20023,15837,8230,13511,21453,37286,24025,0,0,18112,12492,15983,4004,4532,394,0,0,0,0,35620,3383,5306,0,0,0,0,0
587,2007,588.6091009962164,99826,304,151,123,47,37296,19445,0.5683990142848556,120,86,20120,20099,15799,8200,13532,21415,37364,24113,0,0,18001,12446,16062,4009,4570,396,0,0,0,0,35665,3367,5310,0,0,0,0,0
588,2007,589.3434158134586,99826,295,133,123,47,37314,19455,0.5686795023340613,120,92,20128,20100,15748,8192,13584,21434,37441,24201,0,0,17907,12410,16125,3992,4597,400,0,0,0,0,35720,3351,5324,0,0,0,0,0
589,2007,590.0778039104318,99826,286,156,123,47,37340,19486,0.5692504958628013,112,65,20136,20102,15703,8167,13638,21461,37518,24288,0,0,17817,12366,16191,3981,4615,404,0,0,0,0,35781,3333,5338,0,0,0,0,0
590,2007,591.5460930394823,99826,287,134,123,47,37388,19504,0.5699116462645002,99,67,20217,20206,15622,8141,13650,21403,37594,24375,0,0,17721,12322,16273,3973,4648,405,0,0,0,0,35821,3315,5348,0,0,0,0,0
591,2007,592.2778955066058,99826,275,141,123,47,37408,19522,0.5702923086169935,97,58,20218,20220,15574,8110,13711,21422,37669,24461,0,0,17640,12264,16347,3961,4669,408,0,0,0,0,35876,3303,5358,0,0,0,0,0
592,2007,593.0091862469689,99826,276,130,123,47,37435,19527,0.5706128663875143,88,60,20222,20237,15525,8083,13764,21441,37743,24547,0,0,17543,12218,16408,3959,4682,411,0,0,0,0,35948,3288,5369,0,0,0,0,0
593,2007,594.4718764334831,99826,256,136,123,47,37467,19555,0.5712139122072406,90,51,20311,20321,15438,8039,13780,21404,37817,24632,0,0,17454,12178,16471,3954,4709,417,0,0,0,0,35996,3265,5382,0,0,0,0,0
594,2007,595.2008673099494,99826,235,130,123,47,37479,19562,0.5714042433834873,91,53,20328,20331,15401,8009,13820,21428,37890,24717,0,0,17371,12126,16533,3946,4736,420,0,0,0,0,36058,3250,5386,0,0,0,0,0
595,2007,596.6569745448833,99826,218,117,123,47,37510,19583,0.5719251497605834,93,46,20396,20405,15338,7984,13830,21399,37962,24801,0,0,17265,12087,16600,3941,4765,422,0,0,0,0,36114,3240,5392,0,0,0,0,0
596,2007,597.3829014827969,99826,201,111,123,47,37521,19588,0.5720854286458438,97,50,20435,20421,15273,7954,13869,21415,38033,24885,0,0,17186,12045,16664,3927,4783,427,0,0,0,0,36166,3222,5406,0,0,0,0,0
597,2007,598.1085138683545,99826,208,111,123,47,37543,19600,0.572426021277022,86,45,20455,20437,15209,7928,13917,21430,38104,24968,0,0,17106,11995,16726,3919,4797,429,0,0,0,0,36227,3208,5419,0,0,0,0,0
598,2007,599.5565392771639,99826,207,100,123,47,37582,19620,0.5730170496664195,76,40,20528,20535,15140,7892,13924,21384,38174,25051,0,0,17005,11969,16791,3907,4824,431,0,0,0,0,36278,3192,5429,0,0,0,0,0
599,2007,600.2783137952397,99826,196,97,123,47,37591,19630,0.5732073808426662,78,35,20539,20542,15090,7871,13972,21406,38243,25133,0,0,16920,11919,16854,3899,4838,435,0,0,0,0,36343,3185,5433,0,0,0,0,0
600,2007,601.7205181454804,99826,183,83,123,47,37616,19640,0.5735579909041733,73,37,20609,20626,15018,7835,13992,21370,38312,25215,0,0,16829,11878,16918,3894,4857,440,0,0,0,0,36398,3169,5443,0,0,0,0,0
601,2007,602.4396778328414,99826,182,78,123,47,37627,19646,0.5737282872197624,75,37,20621,20627,14951,7810,14046,21399,38380,25296,0,0,16750,11836,16977,3881,4872,441,0,0,0,0,36458,3154,5457,0,0,0,0,0
602,2007,603.1583786740914,99826,177,84,123,47,37643,19658,0.574008775268968,67,30,20655,20635,14894,7784,14082,21418,38447,25377,0,0,16675,11795,17034,3868,4887,445,0,0,0,0,36513,3138,5471,0,0,0,0,0
603,2007,604.5938849596397,99826,157,79,123,47,37665,19671,0.574359385330475,72,28,20727,20692,14830,7753,14089,21399,38514,25457,0,0,16586,11759,17098,3863,4907,448,0,0,0,0,36562,3122,5481,0,0,0,0,0
604,2007,605.309002565096,99826,147,76,123,47,37671,19677,0.5744795944944203,78,26,20734,20721,14780,7723,14136,21405,38580,25537,0,0,16514,11708,17159,3853,4918,454,0,0,0,0,36619,3112,5489,0,0,0,0,0
605,2007,606.0238695305159,99826,146,74,123,47,37685,19681,0.5746599082403382,75,25,20736,20720,14734,7703,14184,21429,38645,25616,0,0,16426,11669,17202,3847,4929,458,0,0,0,0,36696,3104,5495,0,0,0,0,0
606,2007,607.4532034151331,99826,139,70,123,47,37717,19693,0.5751006751748041,68,24,20815,20811,14666,7662,14187,21384,38710,25695,0,0,16343,11634,17255,3840,4951,462,0,0,0,0,36748,3085,5508,0,0,0,0,0
607,2007,608.1653903641737,99826,135,66,123,47,37733,19698,0.5753110412117084,57,24,20841,20828,14623,7635,14219,21398,38774,25773,0,0,16272,11589,17309,3827,4972,465,0,0,0,0,36802,3074,5516,0,0,0,0,0
608,2007,609.5887529696365,99826,132,67,123,47,37752,19711,0.575631598982229,56,19,20945,20910,14529,7593,14213,21362,38837,25851,0,0,16192,11550,17365,3820,4988,466,0,0,0,0,36859,3059,5527,0,0,0,0,0
609,2007,610.296891322373,99826,133,68,123,47,37754,19712,0.5756616512732154,54,18,20910,20871,14492,7575,14286,21419,38900,25928,0,0,16122,11510,17405,3805,4999,471,0,0,0,0,36929,3049,5536,0,0,0,0,0
610,2007,611.0460153719189,99826,122,67,123,47,37758,19718,0.5757618255765031,55,15,20938,20892,14433,7544,14327,21433,38962,26005,0,0,16048,11469,17450,3790,5018,474,0,0,0,0,36993,3038,5546,0,0,0,0,0
611,2007,612.0212569000886,99826,117,62,123,47,37771,19725,0.5759621741830786,52,15,20956,20925,14385,7518,14365,21431,39024,26081,0,0,15968,11438,17496,3776,5033,479,0,0,0,0,37053,3026,5557,0,0,0,0,0
612,2007,613.5948004243797,99826,116,58,123,47,37805,19739,0.5764430108388596,50,19,21112,21074,14270,7462,14327,21338,39085,26157,0,0,15888,11390,17557,3779,5048,483,0,0,0,0,37104,3016,5561,0,0,0,0,0
613,2007,614.2975950264641,99826,115,59,123,47,37805,19740,0.5764530282691884,49,18,21068,21030,14242,7446,14401,21398,39145,26232,0,0,15825,11340,17608,3767,5058,485,0,0,0,0,37166,3008,5569,0,0,0,0,0
614,2007,615.6378186091412,99826,100,53,123,47,37824,19746,0.5767034640274077,42,17,21186,21159,14151,7409,14396,21313,39205,26307,0,0,15742,11306,17656,3760,5081,486,0,0,0,0,37223,2995,5577,0,0,0,0,0
615,2007,616.0223496266959,99826,98,54,123,47,37824,19747,0.5767134814577365,42,16,21145,21129,14123,7385,14467,21367,39264,26382,0,0,15670,11269,17693,3751,5091,486,0,0,0,0,37294,2979,5593,0,0,0,0,0
616,2007,617.1765181317678,99826,93,45,123,47,37839,19751,0.5769038126339832,35,17,21229,21213,14051,7345,14467,21331,39323,26456,0,0,15595,11235,17742,3744,5109,486,0,0,0,0,37348,2961,5606,0,0,0,0,0
617,2007,618.3076479915048,99826,86,38,123,47,37851,19754,0.5770540740889147,37,20,21323,21325,13968,7305,14461,21263,39381,26530,0,0,15530,11192,17799,3740,5117,491,0,0,0,0,37394,2945,5618,0,0,0,0,0
618,2007,619.1277014305083,99826,85,40,123,47,37851,19756,0.5770741089495722,37,18,21287,21301,13936,7281,14530,21311,39438,26603,0,0,15468,11153,17839,3727,5129,492,0,0,0,0,37455,2930,5633,0,0,0,0,0
619,2007,620.3851198184939,99826,83,38,123,47,37867,19764,0.5773145272774628,29,19,21393,21396,13845,7241,14525,21257,39495,26676,0,0,15402,11117,17888,3716,5144,496,0,0,0,0,37501,2918,5644,0,0,0,0,0
620,2007,621.6365241118444,99826,78,38,123,47,37877,19771,0.5774848235930519,29,22,21512,21501,13748,7195,14508,21195,39551,26748,0,0,15343,11082,17930,3700,5160,502,0,0,0,0,37548,2902,5659,0,0,0,0,0
621,2007,622.3266542792027,99826,77,38,123,47,37882,19775,0.5775749804660109,28,20,21544,21509,13681,7177,14545,21207,39607,26820,0,0,15284,11038,17980,3687,5174,503,0,0,0,0,37599,2891,5670,0,0,0,0,0
622,2007,623.0164881001365,99826,80,38,123,47,37885,19776,0.577615050187326,26,19,21510,21480,13650,7163,14609,21251,39662,26891,0,0,15225,11003,18016,3669,5190,505,0,0,0,0,37657,2879,5682,0,0,0,0,0
623,2007,624.3517262259439,99826,69,40,123,47,37891,19784,0.5777552942119287,26,13,21581,21562,13580,7126,14619,21210,39717,26962,0,0,15161,10967,18068,3655,5204,508,0,0,0,0,37702,2869,5692,0,0,0,0,0
624,2007,625.055388064388,99826,62,40,123,47,37895,19786,0.5778153987939014,25,12,21618,21605,13527,7094,14643,21200,39771,27032,0,0,15093,10930,18111,3641,5222,508,0,0,0,0,37761,2864,5696,0,0,0,0,0
625,2007,626.0984994983497,99826,62,37,123,47,37902,19788,0.5779055556668603,26,14,21649,21648,13472,7067,14666,21185,39825,27102,0,0,15030,10901,18145,3625,5240,510,0,0,0,0,37817,2850,5708,0,0,0,0,0
626,2007,627.6402230621272,99826,59,30,123,47,37912,19792,0.5780457996914632,26,14,21743,21757,13386,7025,14661,21125,39878,27172,0,0,14973,10858,18188,3615,5262,512,0,0,0,0,37866,2837,5715,0,0,0,0,0
627,2007,628.1459688482472,99826,54,29,123,47,37916,19795,0.5781159217037646,27,11,21803,21790,13309,6992,14682,21129,39931,27241,0,0,14907,10828,18229,3600,5277,513,0,0,0,0,37921,2826,5725,0,0,0,0,0
628,2007,629.5578475950564,99826,53,30,123,47,37922,19799,0.5782160960070523,26,10,21837,21838,13256,6960,14703,21113,39983,27310,0,0,14849,10797,18260,3583,5298,514,0,0,0,0,37974,2812,5739,0,0,0,0,0
629,2007,630.2535561448381,99826,50,31,123,47,37931,19805,0.5783663574619838,53,33,21892,21887,13175,6926,14705,21074,40035,27378,0,0,14791,10752,18303,3571,5318,515,2,0,0,1,38024,2806,5743,0,0,0,0,0
630,2007,631.4004778353135,99826,62,33,123,47,37951,19816,0.5786768978021758,40,34,21952,21945,13100,6893,14721,21046,40086,27446,0,0,14739,10709,18345,3560,5331,517,6,0,0,8,38065,2790,5756,0,0,0,0,0
631,2007,632.5442241603429,99826,71,33,123,47,37966,19826,0.578927333560395,38,30,21996,22006,13031,6869,14739,21013,40137,27513,0,0,14683,10674,18377,3547,5343,522,8,0,0,17,38110,2778,5767,0,0,0,0,0
632,2007,633.1151584535355,99826,73,31,123,47,37976,19827,0.5790375252940115,36,30,21997,22022,12982,6848,14787,21020,40187,27580,0,0,14610,10645,18404,3537,5354,524,13,0,0,18,38177,2769,5775,0,0,0,0,0
633,2007,634.2563834976216,99826,69,38,123,47,37986,19836,0.5792278564702582,39,25,22058,22084,12921,6817,14788,20987,40237,27647,0,0,14547,10607,18437,3529,5368,524,16,0,0,24,38231,2757,5786,0,0,0,0,0
634,2007,635.3948119526209,99826,73,41,123,47,38004,19843,0.5794782922284776,32,22,22107,22133,12858,6785,14805,20970,40286,27713,0,0,14489,10562,18475,3522,5382,525,19,0,0,31,38279,2750,5792,0,0,0,0,0
635,2007,636.5306330732072,99826,76,42,123,47,38016,19853,0.5796986756957105,31,17,22170,22196,12793,6762,14805,20934,40335,27779,0,0,14427,10526,18508,3516,5391,526,23,0,0,41,38327,2736,5805,0,0,0,0,0
636,2007,637.0971220250814,99826,76,43,123,47,38016,19854,0.5797086931260393,31,16,22129,22157,12769,6755,14870,20980,40383,27844,0,0,14365,10493,18541,3506,5399,528,23,0,0,41,38389,2730,5811,0,0,0,0,0
637,2007,638.1564451780567,99826,67,40,123,47,38030,19860,0.5799090417326147,33,28,22200,22261,12709,6721,14866,20901,40431,27909,0,0,14297,10453,18570,3503,5414,530,29,0,0,52,38440,2723,5815,0,0,0,0,0
638,2007,639.2872941905357,99825,65,40,124,47,38039,19863,0.5800350613573754,40,39,22245,22332,12656,6676,14868,20864,40478,27973,0,0,14237,10418,18604,3498,5421,532,31,0,0,56,38493,2708,5827,0,0,0,0,0
639,2007,640.4156932197005,99825,58,45,124,47,38049,19872,0.5802253944402704,41,38,22309,22388,12596,6649,14870,20831,40525,28037,0,0,14183,10381,18632,3487,5439,536,32,0,0,64,38538,2701,5832,0,0,0,0,0
640,2007,641.5412890268251,99825,65,55,124,47,38062,19887,0.5805058852992737,39,27,22361,22455,12526,6618,14883,20796,40571,28101,0,0,14128,10340,18673,3477,5449,537,36,0,0,69,38584,2693,5839,0,0,0,0,0
641,2007,642.1026699920204,99825,62,56,124,47,38065,19891,0.5805760080140245,45,25,22365,22471,12480,6603,14922,20796,40617,28164,0,0,14073,10304,18706,3464,5463,539,37,0,0,73,38634,2688,5844,0,0,0,0,0
642,2007,643.2250642381254,99825,68,57,124,47,38080,19899,0.5808064112196344,45,20,22418,22542,12419,6577,14924,20755,40663,28227,0,0,14020,10270,18737,3454,5474,542,42,0,0,79,38676,2673,5858,0,0,0,0,0
643,2007,644.3449296010841,99825,71,60,124,47,38091,19907,0.5809967443025295,49,21,22479,22600,12359,6548,14916,20722,40708,28289,0,0,13969,10240,18762,3447,5485,544,43,0,0,84,38721,2654,5876,0,0,0,0,0
644,2007,645.4617507975698,99825,66,55,124,47,38098,19911,0.581106937139995,55,25,22543,22661,12298,6526,14912,20684,40753,28351,0,0,13921,10202,18796,3433,5504,546,45,0,0,94,38757,2645,5882,0,0,0,0,0
645,2007,646.0189541169244,99825,72,53,124,47,38107,19917,0.5812572001001753,51,21,22554,22666,12256,6515,14941,20696,40797,28413,0,0,13864,10168,18825,3428,5512,548,45,0,0,99,38809,2636,5891,0,0,0,0,0
646,2007,647.1319298187873,99825,70,56,124,47,38109,19922,0.5813273228149262,57,17,22560,22695,12217,6494,14970,20689,40841,28474,0,0,13813,10134,18858,3421,5519,550,45,0,0,103,38856,2625,5901,0,0,0,0,0
647,2007,648.2502256071213,99825,71,50,124,47,38127,19929,0.5815777610818933,63,28,22639,22816,12160,6450,14941,20607,40884,28535,0,0,13758,10094,18888,3416,5536,552,52,0,0,111,38896,2615,5907,0,0,0,0,0
648,2007,649.3584991646063,99825,81,56,124,47,38145,19939,0.5818582519408966,60,21,22691,22897,12103,6427,14939,20550,40927,28595,0,0,13704,10056,18921,3411,5544,554,54,0,0,114,38945,2608,5914,0,0,0,0,0
649,2007,650.4642635267992,99825,90,51,124,47,38167,19942,0.5821086902078637,48,28,22737,22970,12065,6396,14934,20506,40970,28655,0,0,13648,10027,18948,3398,5563,555,59,0,0,122,38988,2598,5919,0,0,0,0,0
650,2007,651.0157861326343,99825,88,52,124,47,38174,19949,0.5822489356373654,46,30,22747,23006,12033,6364,14960,20499,41012,28715,0,0,13602,9985,18985,3391,5575,557,62,0,0,125,39028,2588,5927,0,0,0,0,0
651,2007,652.119074146387,99825,92,52,124,47,38192,19956,0.5824993739043326,46,31,22791,23068,11984,6338,14961,20462,41054,28774,0,0,13547,9954,19010,3380,5594,558,65,0,0,132,39073,2581,5931,0,0,0,0,0
652,2007,653.2198461398666,99825,98,55,124,47,38209,19964,0.5827498121712997,40,29,22828,23140,11938,6310,14970,20417,41095,28833,0,0,13497,9920,19039,3374,5606,561,68,0,0,136,39116,2571,5937,0,0,0,0,0
653,2007,654.3187640735488,99825,99,49,124,47,38222,19971,0.5829501627848735,48,32,22897,23201,11874,6293,14956,20376,41136,28891,0,0,13444,9890,19059,3367,5620,565,69,0,0,147,39157,2563,5944,0,0,0,0,0
654,2007,655.4149119473976,99825,99,47,124,47,38239,19979,0.5832006010518407,47,42,22949,23241,11821,6275,14958,20346,41177,28949,0,0,13397,9854,19086,3356,5643,566,72,0,0,156,39192,2554,5949,0,0,0,0,0
655,2007,656.5084859331394,99825,97,56,124,47,38255,19990,0.5834710743801653,39,36,23011,23301,11784,6251,14943,20307,41217,29007,0,0,13327,9837,19099,3343,5660,567,80,0,0,162,39248,2548,5954,0,0,0,0,0
656,2007,657.0540338833337,99825,97,56,124,47,38261,19995,0.5835812672176308,40,33,23021,23320,11743,6238,14973,20304,41257,29064,0,0,13283,9808,19123,3328,5677,570,81,0,0,165,39288,2540,5962,0,0,0,0,0
657,2007,658.1440937128895,99825,98,54,124,47,38275,20001,0.5837816178312046,48,33,23099,23381,11663,6215,14966,20268,41297,29121,0,0,13241,9772,19153,3318,5690,573,85,0,0,173,39318,2527,5975,0,0,0,0,0
658,2007,659.230848794311,99825,94,54,124,47,38285,20008,0.5839519158527423,60,32,23150,23438,11611,6192,14959,20235,41336,29178,0,0,13184,9741,19176,3312,5704,576,88,0,0,178,39367,2524,5975,0,0,0,0,0
659,2007,660.3145713060516,99825,101,60,124,47,38305,20020,0.5842724768344603,53,32,23222,23490,11545,6169,14953,20200,41375,29234,0,0,13130,9715,19199,3299,5721,576,92,0,0,188,39407,2517,5981,0,0,0,0,0
660,2007,661.3951320867276,99824,94,58,125,47,38314,20028,0.584448629588075,65,33,23258,23552,11496,6152,14960,20156,41413,29290,0,0,13084,9681,19229,3292,5731,579,98,0,0,199,39435,2505,5991,0,0,0,0,0
661,2007,662.4736432126039,99824,100,66,125,47,38337,20040,0.5847992466741465,61,32,23296,23613,11455,6121,14961,20119,41451,29346,0,0,13037,9650,19255,3281,5748,581,100,0,0,207,39472,2497,5996,0,0,0,0,0
662,2007,663.0119894736924,99824,98,67,125,47,38344,20043,0.5848994229844526,64,30,23296,23634,11421,6107,14994,20113,41489,29401,0,0,12994,9607,19290,3281,5757,581,100,0,0,209,39513,2490,6002,0,0,0,0,0
663,2007,664.0885806548725,99824,102,70,125,47,38363,20052,0.5851799166533098,62,35,23339,23683,11370,6088,15000,20075,41526,29456,0,0,12949,9576,19314,3271,5774,583,103,0,0,217,39547,2483,6007,0,0,0,0,0
664,2007,665.162909303753,99824,105,68,125,47,38383,20058,0.5854403750601058,67,34,23386,23740,11316,6071,14999,20038,41563,29510,0,0,12901,9542,19341,3261,5789,585,106,0,0,228,39581,2479,6011,0,0,0,0,0
665,2007,666.2352186164329,99824,105,73,125,47,38402,20072,0.5857709568841161,68,33,23443,23806,11257,6050,15000,19989,41600,29564,0,0,12850,9515,19356,3255,5807,587,111,0,0,234,39620,2467,6022,0,0,0,0,0
666,2007,667.3052629259096,99824,108,68,125,47,38421,20081,0.5860514505529733,61,34,23505,23858,11209,6032,14990,19959,41636,29618,0,0,12813,9476,19383,3242,5831,589,115,0,0,245,39642,2463,6025,0,0,0,0,0
667,2007,668.3723954863067,99824,105,63,125,47,38435,20090,0.5862818560666774,64,36,23549,23920,11165,6015,14990,19917,41672,29671,0,0,12770,9437,19412,3233,5846,593,121,0,0,255,39669,2458,6030,0,0,0,0,0
668,2007,669.4374740398579,99824,106,66,125,47,38451,20103,0.5865723673665652,63,32,23599,23978,11120,5989,14985,19886,41708,29724,0,0,12725,9404,19438,3230,5855,595,122,0,0,270,39698,2450,6037,0,0,0,0,0
669,2007,670.5003825827243,99824,101,64,125,47,38463,20113,0.5867927552492387,66,31,23671,24039,11056,5963,14979,19854,41743,29777,0,0,12687,9363,19473,3231,5864,597,126,0,0,281,39720,2437,6045,0,0,0,0,0
670,2007,671.0305153730712,99824,104,60,125,47,38471,20115,0.5868929315595448,66,35,23682,24066,11017,5940,15004,19850,41778,29829,0,0,12644,9334,19499,3224,5873,598,128,0,0,287,39755,2428,6054,0,0,0,0,0
671,2007,672.0897152110214,99824,102,60,125,47,38485,20121,0.587093284180157,71,36,23729,24126,10970,5908,15001,19821,41813,29881,0,0,12610,9292,19532,3220,5885,599,132,0,0,295,39777,2417,6065,0,0,0,0,0
672,2007,673.14675058197,99824,108,57,125,47,38501,20126,0.5873036544318,68,39,23778,24194,10933,5882,14986,19779,41847,29933,0,0,12566,9258,19561,3219,5892,599,134,0,0,305,39809,2409,6072,0,0,0,0,0
673,2007,674.2014449471512,99824,106,61,125,47,38517,20138,0.5875841481006572,63,40,23823,24254,10899,5850,14982,19746,41881,29984,0,0,12526,9221,19590,3208,5912,600,136,0,0,316,39836,2408,6071,0,0,0,0,0
674,2007,675.2542430134469,99824,112,60,125,47,38538,20147,0.5878846770315755,66,37,23866,24319,10860,5821,14969,19714,41915,30035,0,0,12484,9189,19613,3205,5924,602,138,0,0,327,39865,2399,6078,0,0,0,0,0
675,2007,676.3049817240429,99824,114,58,125,47,38553,20154,0.5881050649142491,72,36,23901,24387,10829,5801,14957,19669,41949,30086,0,0,12438,9160,19634,3199,5938,606,138,0,0,333,39905,2395,6078,0,0,0,0,0
676,2007,677.3537485608784,99823,112,58,126,47,38569,20161,0.58834136421466,72,31,23923,24436,10797,5786,14968,19640,41982,30136,0,0,12401,9130,19651,3198,5954,607,135,0,0,342,39935,2384,6086,0,0,0,0,0
677,2007,678.4017897111843,99822,120,58,127,47,38590,20171,0.5886578109034081,60,28,23964,24497,10747,5768,14980,19600,42015,30186,0,0,12350,9102,19676,3195,5961,608,138,0,0,352,39971,2378,6091,0,0,0,0,0
678,2007,679.4481078693537,99822,121,54,127,47,38603,20175,0.5888281140429965,64,36,24006,24571,10699,5748,14981,19542,42048,30236,0,0,12309,9068,19704,3189,5973,609,143,0,0,359,40000,2371,6097,0,0,0,0,0
679,2007,680.4927119580702,99822,122,57,127,47,38619,20185,0.5890885776682495,62,35,24047,24616,10663,5732,14977,19511,42080,30285,0,0,12270,9037,19728,3186,5986,610,143,0,0,368,40030,2362,6102,0,0,0,0,0
680,2007,681.0140204101538,99822,126,62,127,47,38630,20194,0.5892889343030594,63,29,24059,24635,10624,5718,14999,19507,42112,30334,0,0,12229,9018,19745,3175,5998,612,146,0,0,373,40063,2351,6112,0,0,0,0,0
681,2007,682.0563855279578,99822,123,68,127,47,38648,20207,0.5895994870870149,59,25,24100,24689,10594,5699,14995,19470,42144,30383,0,0,12183,8990,19763,3172,6014,613,151,0,0,380,40096,2342,6118,0,0,0,0,0
682,2007,683.0966799997761,99822,116,64,127,47,38659,20212,0.5897597723948629,59,33,24146,24744,10560,5679,14990,19431,42176,30431,0,0,12138,8962,19787,3172,6021,615,157,0,0,390,40125,2329,6126,0,0,0,0,0
683,2007,684.1351912570221,99822,118,55,127,47,38681,20220,0.5900603073470778,53,31,24214,24812,10515,5664,14971,19389,42207,30479,0,0,12092,8935,19805,3160,6043,616,163,0,0,407,40148,2327,6126,0,0,0,0,0
684,2007,685.1712118175343,99822,115,53,127,47,38694,20226,0.5902506461501472,60,32,24270,24864,10468,5647,14958,19355,42238,30527,0,0,12050,8906,19824,3157,6055,618,166,0,0,414,40180,2318,6134,0,0,0,0,0
685,2007,686.204744770204,99822,108,55,127,47,38708,20235,0.5904810562801788,55,31,24329,24912,10432,5635,14947,19318,42269,30574,0,0,12010,8881,19841,3150,6067,624,169,0,0,424,40207,2311,6138,0,0,0,0,0
686,2007,687.2359346283818,99822,111,57,127,47,38723,20243,0.5907114664102102,55,25,24372,24980,10386,5611,14947,19278,42299,30621,0,0,11981,8850,19867,3139,6084,625,174,0,0,430,40225,2301,6146,0,0,0,0,0
687,2007,688.2651513758525,99822,113,53,127,47,38742,20247,0.5909418765402417,57,34,24415,25035,10347,5588,14939,19241,42329,30668,0,0,11952,8815,19895,3129,6102,625,177,0,0,442,40239,2294,6152,0,0,0,0,0
688,2007,689.2923766751835,99822,121,54,127,47,38762,20255,0.5912223758289755,53,33,24464,25108,10306,5569,14927,19187,42359,30715,0,0,11917,8784,19922,3121,6115,626,180,0,0,450,40263,2287,6157,0,0,0,0,0
689,2007,690.3177225823706,99822,111,55,127,47,38776,20263,0.5914427681272665,52,34,24517,25164,10273,5555,14918,19143,42389,30761,0,0,11870,8761,19935,3120,6126,628,186,0,0,461,40293,2277,6165,0,0,0,0,0
690,2007,691.3407860462502,99822,107,51,127,47,38790,20273,0.5916831960890385,52,34,24557,25232,10242,5538,14913,19096,42418,30807,0,0,11834,8737,19949,3107,6149,631,189,0,0,472,40315,2270,6169,0,0,0,0,0
691,2007,692.3622041852074,99822,108,51,127,47,38799,20276,0.5918034100699244,49,44,24609,25283,10197,5521,14908,19052,42447,30853,0,0,11794,8714,19969,3099,6159,632,191,0,0,477,40348,2264,6175,0,0,0,0,0
692,2007,693.3816407002838,99822,107,61,127,47,38811,20299,0.5921540341808419,51,26,24658,25352,10161,5500,14894,19012,42476,30898,0,0,11759,8686,19993,3091,6168,636,192,0,0,492,40367,2259,6179,0,0,0,0,0
693,2007,694.398918223821,99822,104,64,127,47,38825,20308,0.5923844443108733,53,23,24689,25421,10133,5475,14892,18968,42505,30943,0,0,11728,8650,20022,3091,6180,637,191,0,0,502,40389,2253,6179,0,0,0,0,0
694,2007,695.4146197047671,99822,99,49,127,47,38837,20309,0.5925146761234998,55,29,24724,25464,10106,5470,14887,18939,42533,30988,0,0,11693,8621,20043,3090,6187,643,195,0,0,516,40406,2244,6184,0,0,0,0,0
695,2007,696.4289539277531,99822,98,48,127,47,38854,20317,0.5927651219170122,47,29,24787,25524,10068,5457,14871,18893,42561,31032,0,0,11657,8590,20070,3086,6191,649,199,0,0,528,40426,2240,6186,0,0,0,0,0
696,2007,697.4412072514008,99822,102,50,127,47,38868,20323,0.5929654785518222,49,28,24833,25576,10034,5441,14853,18856,42589,31076,0,0,11617,8568,20086,3081,6205,649,201,0,0,531,40461,2234,6189,0,0,0,0,0
697,2007,698.4514952771518,99822,100,50,127,47,38882,20330,0.5931758530183727,50,29,24890,25639,9992,5420,14839,18813,42617,31120,0,0,11586,8538,20108,3076,6218,651,202,0,0,541,40481,2228,6193,0,0,0,0,0
698,2007,699.4594041674846,99822,100,54,127,47,38893,20339,0.5933762096531827,55,30,24930,25700,9958,5395,14828,18772,42644,31164,0,0,11550,8514,20130,3071,6222,657,202,0,0,548,40510,2225,6193,0,0,0,0,0
699,2007,700.4655240531924,99822,90,54,127,47,38903,20348,0.5935665484562521,60,33,24979,25764,9928,5379,14814,18721,42671,31207,0,0,11514,8486,20150,3069,6227,664,205,0,0,560,40531,2221,6195,0,0,0,0,0
700,2007,701.4698665300053,99822,90,54,127,47,38920,20357,0.5938270120815051,52,26,25024,25823,9888,5360,14817,18688,42698,31250,0,0,11482,8460,20168,3060,6246,665,207,0,0,570,40551,2214,6199,0,0,0,0,0
701,2007,702.4723661726149,99822,103,54,127,47,38941,20364,0.594107511370239,54,36,25069,25871,9848,5340,14797,18650,42725,31293,0,0,11440,8443,20180,3054,6254,669,210,0,0,574,40586,2208,6204,0,0,0,0,0
702,2007,703.4729211570813,99822,96,53,127,47,38951,20375,0.5943178858367895,59,31,25104,25923,9822,5329,14790,18615,42751,31336,0,0,11407,8412,20201,3054,6267,669,210,0,0,590,40603,2203,6206,0,0,0,0,0
703,2007,704.4718977150447,99822,95,51,127,47,38961,20382,0.594488188976378,64,32,25145,25962,9791,5319,14776,18587,42777,31378,0,0,11365,8394,20213,3051,6276,671,213,0,0,598,40634,2197,6210,0,0,0,0,0
704,2007,705.4692275161275,99822,104,45,127,47,38980,20389,0.5947486526016309,63,27,25174,26029,9755,5306,14775,18544,42803,31420,0,0,11329,8366,20232,3050,6288,671,213,0,0,609,40659,2193,6212,0,0,0,0,0
705,2007,706.4653289269353,99821,104,45,128,47,39001,20396,0.595035112852005,58,26,25211,26080,9727,5290,14770,18510,42829,31462,0,0,11292,8345,20244,3043,6300,675,214,0,0,620,40684,2187,6217,0,0,0,0,0
706,2007,707.4602531751732,99821,103,43,128,47,39016,20399,0.5952154356297773,58,29,25270,26104,9690,5280,14749,18495,42855,31503,0,0,11257,8322,20264,3036,6313,676,219,0,0,628,40706,2180,6220,0,0,0,0,0
707,2007,708.4531439306801,99821,102,41,128,47,39029,20406,0.5954157942717464,63,33,25304,26161,9665,5273,14736,18443,42880,31544,0,0,11213,8304,20277,3034,6318,680,224,0,0,634,40739,2173,6225,0,0,0,0,0
708,2007,709.4440542464436,99821,106,39,128,47,39045,20412,0.5956361887779125,62,33,25340,26201,9635,5253,14727,18425,42905,31585,0,0,11173,8280,20294,3032,6324,683,227,0,0,642,40768,2171,6227,0,0,0,0,0
709,2007,710.4338718070395,99821,98,44,128,47,39055,20425,0.595866601216177,66,34,25395,26257,9607,5236,14704,18380,42930,31626,0,0,11141,8257,20306,3029,6334,689,228,0,0,652,40789,2166,6230,0,0,0,0,0
710,2007,711.4214832670825,99821,100,46,128,47,39076,20431,0.5961370853828353,62,32,25445,26302,9575,5224,14688,18347,42955,31666,0,0,11107,8231,20322,3026,6349,690,232,0,0,658,40813,2161,6232,0,0,0,0,0
711,2007,712.4072650909211,99821,99,49,128,47,39086,20438,0.596307390228509,69,28,25482,26382,9549,5195,14671,18297,42979,31706,0,0,11067,8212,20337,3025,6353,692,235,0,0,665,40843,2156,6236,0,0,0,0,0
712,2007,713.3913243021427,99821,92,52,128,47,39098,20447,0.5965177668025766,78,23,25521,26440,9521,5180,14658,18256,43003,31746,0,0,11039,8195,20346,3022,6357,701,234,0,0,678,40859,2148,6242,0,0,0,0,0
713,2007,714.3739158463284,99821,103,49,128,47,39119,20454,0.5967982689013334,73,23,25568,26496,9483,5170,14643,18213,43027,31786,0,0,11006,8174,20360,3015,6372,702,236,0,0,686,40882,2143,6245,0,0,0,0,0
714,2007,715.3548499130598,99821,102,45,128,47,39132,20457,0.5969585558149086,76,28,25618,26559,9450,5150,14624,18169,43051,31825,0,0,10972,8155,20374,3007,6387,703,239,0,0,695,40904,2138,6247,0,0,0,0,0
715,2007,716.3338393595143,99821,109,43,128,47,39148,20465,0.5971989861852717,75,27,25657,26608,9415,5142,14614,18131,43075,31864,0,0,10942,8126,20398,3006,6399,703,243,0,0,698,40926,2131,6249,0,0,0,0,0
716,2007,717.311297350404,99821,115,41,128,47,39168,20470,0.597449434487733,78,28,25696,26657,9375,5130,14606,18095,43098,31903,0,0,10905,8108,20412,3001,6408,705,247,0,0,707,40950,2125,6253,0,0,0,0,0
717,2007,718.2871080900451,99821,117,38,128,47,39191,20471,0.5976898648580959,72,35,25744,26703,9345,5112,14592,18063,43121,31942,0,0,10875,8082,20428,3001,6419,707,250,0,0,713,40970,2116,6260,0,0,0,0,0
718,2007,719.2613115958815,99821,127,44,128,47,39214,20481,0.598020456617345,60,36,25778,26755,9319,5091,14586,18025,43144,31980,0,0,10838,8061,20444,2999,6427,708,252,0,0,719,40998,2113,6262,0,0,0,0,0
719,2007,720.2339709186891,99821,131,50,128,47,39232,20493,0.5983209945802987,55,30,25829,26805,9287,5070,14568,17996,43167,32018,0,0,10810,8040,20463,2995,6434,710,255,0,0,729,41013,2102,6270,0,0,0,0,0
720,2007,721.2049233281574,99821,123,54,128,47,39247,20501,0.5985514070185632,56,30,25890,26849,9256,5057,14545,17961,43190,32056,0,0,10782,8014,20483,2990,6446,712,260,0,0,740,41025,2095,6274,0,0,0,0,0
721,2007,722.1736199741249,99821,115,56,128,47,39258,20514,0.5987918373889262,58,29,25952,26878,9225,5049,14520,17939,43213,32094,0,0,10737,7999,20490,2989,6458,716,266,0,0,746,41056,2092,6272,0,0,0,0,0
722,2007,723.1400578244331,99821,116,60,128,47,39272,20524,0.5990322677592891,55,22,25987,26946,9198,5029,14514,17894,43235,32131,0,0,10708,7977,20508,2986,6469,716,266,0,0,754,41077,2085,6275,0,0,0,0,0
723,2007,724.1050187953041,99821,111,61,128,47,39284,20532,0.5992326264012583,48,15,25990,26974,9189,5019,14532,17882,43257,32168,0,0,10675,7962,20516,2978,6482,719,270,0,0,763,41096,2080,6280,0,0,0,0,0
724,2007,725.1715921735309,99821,110,53,128,47,39301,20537,0.5994530209074242,60,31,26085,27050,9143,5013,14472,17804,43279,32205,0,0,10645,7945,20528,2973,6491,726,273,0,0,774,41111,2072,6283,0,0,0,0,0
725,2007,726.133217202126,99821,110,49,128,47,39314,20544,0.5996533795493935,65,34,26128,27102,9109,5006,14458,17760,43301,32242,0,0,10609,7925,20544,2969,6498,729,277,0,0,786,41131,2070,6283,0,0,0,0,0
726,2007,727.0929329403152,99821,118,47,128,47,39336,20549,0.5999238637160518,63,42,26183,27158,9073,4983,14433,17721,43323,32278,0,0,10580,7902,20563,2962,6510,733,281,0,0,790,41151,2068,6281,0,0,0,0,0
727,2007,728.0507609002299,99820,113,54,129,47,39351,20563,0.6002203967140853,61,35,26222,27215,9045,4965,14428,17682,43344,32314,0,0,10547,7884,20576,2955,6520,736,287,0,0,801,41167,2064,6283,0,0,0,0,0
728,2007,729.0070939238288,99820,108,49,129,47,39361,20566,0.6003506311360449,63,36,26266,27276,9022,4952,14410,17638,43365,32350,0,0,10512,7861,20592,2954,6529,738,292,0,0,808,41190,2062,6282,0,0,0,0,0
729,2007,730.4384588341659,99820,112,61,129,47,39386,20585,0.6007914245642156,58,36,26338,27348,8988,4931,14373,17575,43386,32386,0,0,10482,7837,20607,2950,6543,739,295,0,0,819,41206,2058,6284,0,0,0,0,0
730,2007,731.3904987920308,99820,109,64,129,47,39401,20594,0.6010318573432178,56,38,26390,27392,8957,4922,14357,17535,43407,32422,0,0,10449,7820,20620,2944,6551,744,299,0,0,828,41226,2054,6285,0,0,0,0,0
731,2007,732.3409082172723,99820,116,69,129,47,39412,20603,0.6012322179923862,63,34,26438,27430,8911,4910,14341,17508,43428,32457,0,0,10427,7797,20641,2941,6557,745,298,0,0,833,41244,2048,6289,0,0,0,0,0
732,2007,733.2893005417335,99820,125,72,129,47,39432,20612,0.6015227409336806,56,36,26487,27480,8876,4895,14325,17468,43449,32492,0,0,10404,7772,20659,2938,6567,748,299,0,0,837,41262,2043,6291,0,0,0,0,0
733,2007,734.235823716768,99820,119,77,129,47,39450,20620,0.6017832097775997,51,45,26527,27518,8855,4881,14317,17430,43469,32527,0,0,10373,7753,20669,2937,6576,751,304,0,0,847,41278,2036,6296,0,0,0,0,0
734,2007,735.180926097866,99820,106,76,129,47,39457,20629,0.6019434982969345,69,49,26562,27563,8830,4872,14302,17391,43489,32562,0,0,10341,7731,20682,2936,6587,753,308,0,0,859,41294,2032,6297,0,0,0,0,0
735,2007,736.124919994998,99820,101,75,129,47,39466,20639,0.6021338409136445,74,53,26584,27604,8811,4863,14299,17356,43509,32596,0,0,10307,7717,20691,2936,6591,756,309,0,0,875,41311,2027,6300,0,0,0,0,0
736,2007,737.0677767119798,99820,99,74,129,47,39482,20650,0.6024043277900221,77,48,26622,27645,8791,4856,14280,17328,43529,32630,0,0,10268,7701,20701,2929,6601,760,320,0,0,885,41329,2026,6300,0,0,0,0,0
737,2007,738.0095584130554,99820,105,78,129,47,39502,20662,0.6027249048286917,73,44,26675,27687,8760,4849,14256,17293,43549,32664,0,0,10247,7679,20714,2924,6614,762,322,0,0,894,41339,2019,6306,0,0,0,0,0
738,2007,739.4188871883972,99820,112,69,129,47,39527,20673,0.603085553997195,70,45,26734,27760,8730,4842,14223,17235,43569,32698,0,0,10219,7656,20729,2915,6625,769,327,0,0,908,41348,2017,6307,0,0,0,0,0
739,2007,740.3564335119819,99820,114,64,129,47,39548,20684,0.6034061310358646,68,42,26774,27829,8707,4837,14206,17179,43588,32732,0,0,10191,7639,20738,2914,6642,770,329,0,0,923,41359,2008,6307,0,0,0,0,0
740,2007,741.2928037252884,99819,117,65,130,47,39567,20694,0.6037027018904216,63,40,26820,27894,8672,4831,14196,17121,43607,32765,0,0,10171,7619,20753,2908,6648,775,331,0,0,937,41363,2001,6313,0,0,0,0,0
741,2007,742.2276884667733,99819,110,68,130,47,39578,20704,0.6039130826796502,76,38,26851,27937,8660,4816,14171,17092,43626,32798,0,0,10147,7603,20761,2903,6659,778,329,0,0,951,41375,1996,6317,0,0,0,0,0
742,2007,743.1612937524154,99819,119,70,130,47,39595,20716,0.604203608531442,67,36,26893,27975,8627,4812,14162,17058,43645,32831,0,0,10127,7585,20773,2894,6671,781,328,0,0,961,41386,1992,6321,0,0,0,0,0
743,2007,744.093464029682,99819,116,68,130,47,39606,20722,0.6043739167893888,68,38,26942,28023,8601,4796,14141,17026,43664,32864,0,0,10102,7566,20788,2894,6680,781,329,0,0,971,41399,1982,6327,0,0,0,0,0
744,2007,745.0239907522252,99819,108,67,130,47,39612,20728,0.6044941343832336,76,41,26975,28072,8574,4787,14135,16984,43683,32897,0,0,10076,7546,20802,2888,6693,783,331,0,0,978,41415,1980,6327,0,0,0,0,0
745,2007,746.417346086607,99819,120,75,130,47,39644,20749,0.6050250954227151,63,33,27052,28158,8535,4770,14098,16915,43702,32929,0,0,10055,7526,20811,2885,6708,785,334,0,0,992,41419,1970,6334,0,0,0,0,0
746,2007,747.344055879744,99818,118,65,131,47,39658,20753,0.6052114849025226,61,38,27082,28202,8520,4765,14086,16881,43720,32961,0,0,10024,7513,20818,2882,6717,787,336,0,0,1009,41430,1964,6338,0,0,0,0,0
747,2007,748.2696001428153,99818,114,66,131,47,39671,20765,0.6054619407321324,63,32,27113,28244,8498,4762,14079,16847,43738,32993,0,0,9997,7490,20830,2879,6731,788,340,0,0,1019,41443,1962,6339,0,0,0,0,0
748,2007,749.1943144882783,99817,110,59,132,47,39685,20772,0.6056783914563652,60,30,27154,28283,8474,4757,14068,16822,43756,33025,0,0,9970,7471,20839,2871,6748,789,343,0,0,1033,41453,1961,6339,0,0,0,0,0
749,2007,750.1176998498669,99817,109,57,132,47,39699,20779,0.6058887764609235,59,37,27190,28323,8456,4749,14052,16785,43774,33057,0,0,9942,7457,20847,2867,6757,791,348,0,0,1043,41466,1952,6347,0,0,0,0,0
750,2007,751.0398559407424,99817,110,59,132,47,39710,20787,0.606079124798381,59,37,27237,28365,8429,4738,14031,16752,43792,33088,0,0,9914,7440,20860,2864,6764,793,351,0,0,1048,41485,1949,6349,0,0,0,0,0
751,2007,752.4202747872847,99817,118,65,132,47,39735,20804,0.6064998948074978,71,34,27281,28436,8401,4726,13995,16690,43810,33119,0,0,9895,7422,20871,2857,6779,797,353,0,0,1059,41491,1943,6350,0,0,0,0,0
752,2007,753.3390504841246,99817,113,68,132,47,39753,20813,0.6067703898133584,67,38,27334,28482,8389,4712,13963,16651,43828,33150,0,0,9871,7401,20884,2855,6790,800,356,0,0,1069,41502,1937,6352,0,0,0,0,0
753,2007,754.2562875785429,99817,107,69,132,47,39766,20822,0.6069907931514672,72,33,27349,28524,8384,4696,13954,16629,43845,33181,0,0,9836,7387,20892,2850,6804,801,364,0,0,1075,41523,1933,6352,0,0,0,0,0
754,2007,755.172750998862,99817,114,59,132,47,39784,20827,0.6072212148231263,64,36,27402,28566,8353,4699,13933,16591,43862,33212,0,0,9811,7371,20902,2846,6815,802,364,0,0,1091,41532,1929,6354,0,0,0,0,0
755,2007,756.0878077955842,99817,102,57,132,47,39788,20834,0.6073314164921807,78,39,27436,28606,8333,4692,13917,16557,43879,33242,0,0,9779,7357,20909,2843,6828,802,369,0,0,1098,41550,1926,6356,0,0,0,0,0
756,2007,757.0015616323402,99817,106,53,132,47,39806,20838,0.6075518198302894,73,39,27478,28652,8312,4681,13897,16526,43896,33272,0,0,9758,7344,20914,2838,6837,806,370,0,0,1109,41559,1919,6363,0,0,0,0,0
757,2007,758.3695461925613,99817,103,58,132,47,39824,20852,0.6078724065039022,74,38,27558,28740,8282,4664,13849,16451,43913,33302,0,0,9736,7326,20919,2836,6855,808,374,0,0,1116,41570,1911,6366,0,0,0,0,0
758,2007,759.2794732908452,99817,109,65,132,47,39845,20865,0.6082130298446157,64,32,27597,28776,8262,4657,13834,16421,43930,33332,0,0,9711,7310,20928,2836,6864,810,374,0,0,1124,41587,1905,6368,0,0,0,0,0
759,2007,760.1879662801938,99817,110,55,132,47,39860,20870,0.6084133965156235,68,31,27631,28838,8247,4651,13810,16376,43947,33362,0,0,9686,7294,20933,2835,6879,810,374,0,0,1139,41597,1901,6369,0,0,0,0,0
760,2007,761.0953938587548,99817,109,52,132,47,39872,20874,0.60857368985243,74,38,27683,28873,8218,4649,13782,16339,43963,33391,0,0,9661,7273,20947,2835,6889,810,375,0,0,1147,41613,1900,6367,0,0,0,0,0
761,2007,762.0012162919157,99817,94,56,132,47,39881,20881,0.6087339831892363,78,39,27714,28931,8209,4632,13771,16293,43979,33420,0,0,9643,7248,20961,2834,6903,810,378,0,0,1156,41619,1894,6371,0,0,0,0,0
762,2007,763.357396433087,99817,107,57,132,47,39907,20896,0.6091447348648026,75,30,27793,29016,8165,4619,13726,16229,43995,33449,0,0,9624,7225,20978,2834,6909,813,381,0,0,1171,41620,1891,6371,0,0,0,0,0
763,2007,764.2595132552042,99817,114,56,132,47,39927,20905,0.6094352665377641,73,30,27823,29071,8144,4609,13712,16185,44011,33478,0,0,9596,7208,20986,2837,6915,815,382,0,0,1180,41637,1888,6373,0,0,0,0,0
764,2007,765.1603242754856,99817,115,51,132,47,39940,20910,0.6096155965416713,73,34,27845,29105,8131,4602,13702,16159,44027,33507,0,0,9571,7193,20994,2834,6927,816,384,0,0,1189,41651,1884,6374,0,0,0,0,0
765,2007,766.0605160484687,99817,108,53,132,47,39954,20919,0.6098460182133304,76,33,27891,29154,8113,4592,13678,16119,44043,33536,0,0,9544,7182,20995,2831,6938,820,386,0,0,1199,41666,1879,6377,0,0,0,0,0
766,2007,767.4081819507774,99817,124,54,132,47,39998,20930,0.6103970265586023,58,30,27956,29203,8087,4590,13641,16074,44059,33564,0,0,9523,7163,21002,2834,6952,823,388,0,0,1212,41671,1871,6378,0,0,0,0,0
767,2007,768.3048665345083,99817,123,51,132,47,40010,20935,0.610567338228959,61,38,27982,29254,8077,4580,13623,16028,44075,33592,0,0,9503,7146,21011,2830,6963,825,389,0,0,1221,41681,1867,6381,0,0,0,0,0
768,2007,769.2006089109279,99817,123,53,132,47,40028,20943,0.6108278149012694,60,36,28026,29290,8055,4574,13602,15998,44090,33620,0,0,9476,7130,21020,2830,6971,826,393,0,0,1229,41695,1862,6385,0,0,0,0,0
769,2007,770.0951257452025,99817,118,48,132,47,40042,20949,0.6110281815722772,57,41,28075,29336,8042,4563,13574,15963,44105,33648,0,0,9456,7110,21031,2826,6985,829,395,0,0,1241,41701,1861,6382,0,0,0,0,0
770,2007,771.4342142569044,99817,115,41,132,47,40062,20958,0.6113187132452388,60,43,28142,29406,8021,4555,13528,15906,44120,33676,0,0,9435,7090,21037,2824,7001,834,400,0,0,1250,41707,1857,6382,0,0,0,0,0
771,2007,772.325131499681,99817,116,51,132,47,40072,20971,0.6115491349168979,63,35,28181,29452,7998,4544,13508,15869,44135,33704,0,0,9412,7078,21045,2817,7011,835,402,0,0,1254,41724,1853,6386,0,0,0,0,0
772,2007,773.2148687486352,99817,114,57,132,47,40084,20982,0.6117795565885571,63,27,28222,29492,7981,4538,13486,15837,44150,33731,0,0,9390,7065,21051,2811,7025,837,403,0,0,1259,41739,1851,6386,0,0,0,0,0
773,2007,774.1033183635843,99817,117,51,132,47,40099,20985,0.6119598865924643,59,33,28252,29537,7968,4530,13470,15800,44165,33758,0,0,9368,7053,21059,2807,7035,837,405,0,0,1272,41746,1845,6390,0,0,0,0,0
774,2007,775.433638897353,99817,117,54,132,47,40120,21003,0.6123506016009297,57,26,28325,29610,7941,4526,13426,15735,44180,33785,0,0,9344,7038,21063,2805,7048,840,409,0,0,1287,41751,1840,6392,0,0,0,0,0
775,2007,776.3187931597203,99817,121,51,132,47,40137,21005,0.6125409499383873,64,27,28359,29665,7916,4515,13406,15693,44195,33812,0,0,9323,7023,21071,2803,7057,841,412,0,0,1294,41762,1834,6397,0,0,0,0,0
776,2007,777.2028202631172,99817,110,50,132,47,40152,21010,0.6127413166093952,59,33,28389,29698,7904,4506,13404,15664,44210,33839,0,0,9301,7006,21080,2801,7069,843,415,0,0,1308,41766,1830,6398,0,0,0,0,0
777,2007,778.0859002846067,99817,111,43,132,47,40168,21015,0.6129517016139535,57,32,28430,29743,7885,4500,13383,15633,44224,33866,0,0,9278,6989,21087,2801,7079,844,420,0,0,1319,41773,1825,6402,0,0,0,0,0
778,2007,779.408365318798,99817,108,48,132,47,40189,21028,0.613292324954667,51,29,28496,29820,7863,4485,13348,15569,44238,33892,0,0,9251,6970,21093,2811,7086,845,422,0,0,1329,41787,1819,6404,0,0,0,0,0
779,2007,780.2883756846348,99817,102,43,132,47,40196,21030,0.6133824899566206,54,32,28538,29862,7839,4471,13333,15543,44252,33918,0,0,9232,6954,21101,2809,7098,847,423,0,0,1335,41799,1816,6403,0,0,0,0,0
780,2007,781.1671329644984,99817,96,47,132,47,40205,21040,0.6135728382940782,57,27,28580,29912,7820,4460,13313,15505,44266,33944,0,0,9206,6943,21105,2808,7107,848,426,0,0,1344,41813,1812,6405,0,0,0,0,0
781,2007,782.0446664710909,99817,99,48,132,47,40223,21045,0.6138032599657373,50,28,28602,29952,7818,4451,13297,15472,44280,33970,0,0,9182,6926,21116,2806,7116,848,431,0,0,1349,41827,1808,6408,0,0,0,0,0
782,2007,783.3592865607585,99817,90,47,132,47,40236,21054,0.6140236633038461,50,32,28656,30014,7809,4438,13261,15420,44294,33996,0,0,9153,6915,21122,2802,7127,848,439,0,0,1365,41832,1803,6411,0,0,0,0,0
783,2007,784.2345260827868,99817,93,52,132,47,40247,21063,0.614224029974854,49,27,28695,30064,7788,4426,13241,15382,44308,34022,0,0,9130,6903,21130,2800,7133,848,439,0,0,1373,41847,1800,6414,0,0,0,0,0
784,2007,785.1085631768274,99817,90,51,132,47,40257,21068,0.61437430497811,52,26,28721,30115,7776,4414,13227,15345,44322,34047,0,0,9116,6891,21141,2792,7142,850,438,0,0,1386,41849,1794,6418,0,0,0,0,0
785,2007,786.4177386140047,99817,87,49,132,47,40268,21074,0.6145446166484667,54,31,28778,30182,7761,4402,13186,15287,44336,34072,0,0,9098,6877,21152,2788,7147,855,438,0,0,1397,41855,1792,6418,0,0,0,0,0
786,2007,787.2891332159937,99817,93,45,132,47,40281,21078,0.6147149283188235,55,31,28816,30221,7733,4393,13169,15261,44350,34097,0,0,9077,6866,21158,2782,7158,856,441,0,0,1401,41868,1788,6422,0,0,0,0,0
787,2007,788.1594725362022,99817,96,53,132,47,40297,21086,0.614955368324033,54,30,28868,30259,7704,4382,13144,15227,44363,34122,0,0,9054,6858,21162,2777,7168,857,444,0,0,1404,41885,1783,6425,0,0,0,0,0
788,2007,789.0283912081694,99817,94,53,132,47,40305,21091,0.6150856066601882,63,34,28911,30307,7681,4372,13117,15185,44376,34147,0,0,9036,6842,21176,2774,7175,858,445,0,0,1411,41894,1781,6425,0,0,0,0,0
789,2007,790.3289145485332,99817,89,54,132,47,40319,21104,0.6153561016660488,55,28,28984,30369,7661,4366,13077,15134,44389,34172,0,0,9014,6825,21183,2771,7187,861,450,0,0,1421,41900,1780,6425,0,0,0,0,0
790,2007,791.1941951664445,99817,87,52,132,47,40329,21108,0.6154963583357544,59,27,29020,30398,7647,4360,13053,15114,44402,34197,0,0,8997,6809,21190,2767,7200,863,451,0,0,1425,41912,1778,6425,0,0,0,0,0
791,2007,792.0583435999264,99817,91,52,132,47,40345,21113,0.6157067433403127,50,28,29055,30437,7628,4360,13042,15074,44415,34221,0,0,8982,6795,21201,2762,7205,869,452,0,0,1429,41922,1774,6426,0,0,0,0,0
792,2007,793.3526739770729,99817,90,51,132,47,40359,21116,0.6158770550106695,54,31,29113,30498,7601,4350,13008,15021,44428,34245,0,0,8970,6781,21212,2754,7217,871,451,0,0,1440,41924,1771,6426,0,0,0,0,0
793,2007,794.2140925378977,99817,92,49,132,47,40369,21120,0.6160173116803751,53,31,29148,30533,7587,4348,12986,14990,44441,34269,0,0,8951,6767,21219,2753,7223,873,449,0,0,1447,41938,1770,6427,0,0,0,0,0
794,2007,795.0744441470343,99817,90,56,132,47,40379,21127,0.6161876233507319,52,31,29195,30570,7562,4331,12967,14963,44454,34293,0,0,8933,6757,21228,2748,7227,877,449,0,0,1452,41950,1767,6429,0,0,0,0,0
795,2007,796.3625830364604,99817,85,65,132,47,40394,21145,0.6165182283578949,48,23,29264,30643,7543,4319,12926,14901,44467,34317,0,0,8908,6741,21235,2749,7235,879,454,0,0,1464,41958,1766,6428,0,0,0,0,0
796,2007,797.219592416044,99817,87,68,132,47,40400,21152,0.6166484666940502,49,18,29276,30660,7535,4312,12919,14893,44480,34341,0,0,8894,6727,21245,2744,7243,880,454,0,0,1467,41969,1762,6432,0,0,0,0,0
797,2007,798.1271126640659,99817,88,61,132,47,40415,21159,0.6168688700321588,54,26,29328,30726,7505,4301,12891,14837,44493,34365,0,0,8875,6713,21254,2740,7253,881,455,0,0,1484,41969,1760,6433,0,0,0,0,0
798,2007,799.4092074008416,99817,91,57,132,47,40428,21167,0.6170792550367172,55,32,29403,30781,7478,4290,12839,14791,44505,34388,0,0,8854,6701,21261,2741,7255,886,459,0,0,1492,41978,1756,6434,0,0,0,0,0
799,2007,800.2621521785959,99817,99,67,132,47,40444,21182,0.6173898233767795,50,23,29445,30818,7455,4285,12817,14758,44517,34411,0,0,8839,6688,21270,2737,7266,886,460,0,0,1497,41987,1752,6435,0,0,0,0,0
800,2007,801.1137415669475,99817,97,64,132,47,40457,21186,0.6175601350471362,56,26,29453,30858,7450,4277,12810,14726,44529,34434,0,0,8822,6676,21277,2732,7276,888,462,0,0,1509,41990,1750,6435,0,0,0,0,0
801,2007,802.3900859251138,99816,90,58,132,48,40470,21195,0.6177867275787449,69,29,29496,30918,7440,4270,12771,14675,44541,34457,0,0,8801,6661,21282,2735,7288,890,464,0,0,1523,41994,1747,6431,0,0,0,0,0
802,2007,803.2401341943021,99816,92,59,132,48,40484,21203,0.6180071331249499,61,26,29541,30969,7409,4253,12763,14643,44553,34480,0,0,8786,6642,21293,2736,7296,891,464,0,0,1531,42001,1745,6431,0,0,0,0,0
803,2007,804.0890512277572,99816,92,61,132,48,40497,21209,0.6181974833693997,62,25,29570,31012,7389,4241,12753,14611,44565,34503,0,0,8774,6624,21304,2732,7308,891,464,0,0,1537,42007,1742,6433,0,0,0,0,0
804,2007,805.3605519370093,99816,88,65,132,48,40508,21221,0.6184279073495231,65,18,29610,31062,7376,4234,12727,14571,44577,34526,0,0,8754,6612,21309,2732,7313,894,466,0,0,1546,42015,1737,6438,0,0,0,0,0
805,2007,806.188965096259,99816,82,53,132,48,40524,21224,0.6186182575939729,66,27,29677,31098,7361,4230,12680,14542,44589,34548,0,0,8738,6595,21313,2732,7326,897,470,0,0,1559,42013,1732,6441,0,0,0,0,0
806,2007,807.0341027228512,99816,78,51,132,48,40536,21229,0.6187885709705859,60,26,29715,31135,7351,4225,12662,14513,44601,34570,0,0,8727,6582,21313,2727,7342,900,470,0,0,1566,42017,1728,6444,0,0,0,0,0
807,2007,808.2688267224578,99816,88,54,132,48,40556,21240,0.6190991424220565,51,18,29731,31175,7346,4215,12650,14488,44613,34592,0,0,8704,6574,21316,2726,7347,902,470,0,0,1576,42030,1726,6445,0,0,0,0,0
808,2007,809.1723008223937,99816,88,44,132,48,40572,21245,0.6193095295343432,47,21,29782,31231,7325,4210,12624,14444,44625,34614,0,0,8687,6556,21327,2725,7356,903,474,0,0,1593,42026,1724,6445,0,0,0,0,0
809,2007,810.0144526507099,99816,88,46,132,48,40580,21249,0.6194297507413641,43,19,29793,31249,7315,4203,12627,14433,44636,34636,0,0,8669,6548,21333,2721,7360,905,474,0,0,1598,42039,1721,6448,0,0,0,0,0
810,2007,811.0057029234414,99816,81,44,132,48,40590,21254,0.6195800272501403,48,18,29869,31321,7300,4194,12568,14373,44647,34658,0,0,8651,6539,21336,2718,7369,908,477,0,0,1609,42043,1717,6449,0,0,0,0,0
811,2007,812.1258915230069,99816,78,40,132,48,40601,21256,0.6197102668910796,47,20,29898,31384,7290,4184,12553,14322,44658,34680,0,0,8636,6531,21337,2714,7381,911,478,0,0,1613,42052,1710,6453,0,0,0,0,0
812,2007,813.2190230849816,99816,80,41,132,48,40615,21262,0.6199106355694478,49,21,29948,31447,7265,4173,12524,14268,44669,34702,0,0,8619,6518,21347,2715,7381,914,479,0,0,1624,42057,1707,6455,0,0,0,0,0
813,2007,814.3306758345327,99816,82,36,132,48,40626,21266,0.6200609120782239,48,23,30004,31513,7239,4162,12493,14216,44680,34723,0,0,8604,6509,21354,2710,7391,915,477,0,0,1634,42063,1704,6455,0,0,0,0,0
814,2007,815.1667695688466,99816,87,37,132,48,40636,21270,0.6202011701530816,39,21,30030,31541,7224,4156,12486,14195,44691,34744,0,0,8590,6497,21365,2705,7396,916,477,0,0,1640,42071,1703,6456,0,0,0,0,0
815,2007,816.1771128698397,99816,84,42,132,48,40643,21278,0.6203514466618578,42,22,30101,31595,7189,4136,12450,14155,44702,34765,0,0,8570,6488,21369,2700,7405,917,479,0,0,1644,42085,1702,6457,0,0,0,0,0
816,2007,817.0104876512764,99816,84,42,132,48,40651,21282,0.6204716678688788,45,27,30144,31636,7162,4127,12431,14118,44713,34786,0,0,8553,6481,21373,2691,7416,918,481,0,0,1648,42096,1699,6460,0,0,0,0,0
817,2007,818.2583751402062,99816,81,39,132,48,40665,21285,0.6206419812454917,46,28,30193,31695,7145,4112,12401,14076,44724,34807,0,0,8536,6464,21381,2692,7424,919,483,0,0,1658,42101,1698,6460,0,0,0,0,0
818,2007,819.0890911990083,99816,84,36,132,48,40676,21287,0.620772220886431,43,28,30230,31735,7125,4104,12384,14047,44735,34828,0,0,8520,6451,21390,2691,7429,919,484,0,0,1665,42109,1695,6463,0,0,0,0,0
819,2007,820.3333724882697,99816,88,43,132,48,40693,21298,0.6210527370361465,39,19,30279,31814,7107,4091,12353,13983,44746,34849,0,0,8505,6435,21402,2690,7433,921,486,0,0,1672,42115,1693,6464,0,0,0,0,0
820,2007,821.1444726385698,99816,78,39,132,48,40697,21301,0.6211228660735754,39,19,30309,31839,7101,4091,12339,13962,44757,34870,0,0,8483,6425,21403,2690,7443,922,489,0,0,1678,42128,1691,6464,0,0,0,0,0
821,2007,822.1038116109837,99816,85,41,132,48,40714,21305,0.621333253185862,33,20,30342,31884,7085,4071,12321,13934,44768,34890,0,0,8464,6419,21406,2687,7448,923,491,0,0,1685,42138,1687,6468,0,0,0,0,0
822,2007,823.0943527388052,99816,88,41,132,48,40725,21309,0.6214835296946382,33,18,30375,31929,7074,4060,12296,13902,44779,34910,0,0,8450,6405,21416,2685,7454,924,490,0,0,1691,42147,1686,6468,0,0,0,0,0
823,2007,824.0572029931216,99816,85,46,132,48,40731,21318,0.6216338062034142,41,12,30410,31968,7062,4047,12268,13877,44789,34930,0,0,8438,6393,21424,2683,7463,924,490,0,0,1696,42154,1681,6470,0,0,0,0,0
824,2007,825.224798614602,99816,84,38,132,48,40743,21323,0.6218041195800272,37,15,30469,32032,7043,4037,12233,13828,44799,34950,0,0,8425,6379,21426,2684,7472,927,490,0,0,1708,42155,1679,6471,0,0,0,0,0
825,2007,826.0706593665735,99816,78,34,132,48,40749,21324,0.6218742486174561,45,18,30492,32077,7026,4027,12225,13794,44809,34970,0,0,8414,6364,21435,2684,7479,928,489,0,0,1717,42158,1676,6472,0,0,0,0,0
826,2007,827.3339663026807,99816,79,33,132,48,40758,21328,0.6220044882583955,45,18,30522,32130,7010,4018,12210,13751,44819,34990,0,0,8404,6356,21441,2676,7491,929,489,0,0,1724,42161,1672,6473,0,0,0,0,0
827,2007,828.0396279935892,99816,81,31,132,48,40765,21332,0.622114691031498,39,17,30551,32154,6994,4016,12201,13732,44829,35010,0,0,8388,6347,21447,2672,7499,929,490,0,0,1730,42170,1670,6474,0,0,0,0,0
828,2007,829.0027918525498,99816,82,28,132,48,40772,21336,0.6222248938046004,44,16,30592,32197,6978,4004,12170,13705,44839,35030,0,0,8375,6330,21460,2674,7503,929,491,0,0,1736,42176,1667,6475,0,0,0,0,0
829,2007,830.3937390522434,99816,76,29,132,48,40787,21345,0.6224653362186423,45,18,30661,32259,6957,3988,12127,13656,44849,35050,0,0,8358,6317,21466,2674,7507,934,495,0,0,1747,42178,1663,6477,0,0,0,0,0
830,2007,831.3914084793461,99816,76,29,132,48,40796,21350,0.6226055942935,47,20,30713,32316,6939,3973,12091,13612,44859,35069,0,0,8338,6305,21473,2680,7507,935,496,0,0,1753,42191,1660,6478,0,0,0,0,0
831,2007,832.1349238120334,99816,77,31,132,48,40806,21354,0.6227458523683578,44,18,30757,32367,6921,3959,12067,13575,44869,35088,0,0,8322,6298,21477,2678,7510,937,497,0,0,1759,42200,1656,6482,0,0,0,0,0
832,2007,833.3740680645683,99816,81,30,132,48,40824,21359,0.6229762763484812,44,21,30816,32424,6885,3950,12040,13525,44879,35107,0,0,8306,6289,21481,2676,7517,940,500,0,0,1767,42205,1653,6482,0,0,0,0,0
833,2007,834.1881370251385,99814,69,35,133,49,40830,21365,0.6231089827078365,47,19,30837,32457,6879,3936,12033,13502,44889,35126,0,0,8296,6273,21490,2678,7523,942,500,0,0,1773,42208,1648,6483,0,0,0,0,0
834,2007,835.044338555756,99814,73,37,133,49,40835,21368,0.6231891317851204,45,19,30834,32480,6875,3931,12038,13482,44899,35145,0,0,8282,6266,21497,2671,7530,942,500,0,0,1775,42220,1647,6484,0,0,0,0,0
835,2007,836.362769672327,99814,71,32,133,49,40855,21375,0.623459634920953,38,24,30935,32551,6849,3926,11972,13416,44909,35164,0,0,8268,6251,21504,2672,7544,943,501,0,0,1789,42218,1644,6480,0,0,0,0,0
836,2007,837.1738507787767,99814,70,34,133,49,40860,21382,0.6235798585368786,37,21,30963,32586,6834,3916,11961,13392,44919,35183,0,0,8252,6245,21507,2669,7550,944,499,0,0,1797,42228,1642,6481,0,0,0,0,0
837,2007,838.0182233066665,99814,72,37,133,49,40865,21386,0.6236700262488228,36,18,30970,32603,6821,3911,11966,13380,44928,35202,0,0,8235,6237,21512,2667,7556,944,499,0,0,1797,42245,1641,6481,0,0,0,0,0
838,2007,839.1370689509023,99814,75,31,133,49,40876,21392,0.6238403430380508,40,18,30992,32676,6799,3904,11959,13320,44937,35221,0,0,8223,6227,21519,2667,7558,947,497,0,0,1812,42244,1638,6482,0,0,0,0,0
839,2007,840.0750531368092,99814,81,27,133,49,40889,21392,0.6239705852886369,39,24,31050,32727,6770,3889,11925,13282,44946,35239,1,1,8209,6220,21523,2666,7564,948,496,0,0,1817,42253,1634,6482,0,0,1,0,1
840,2007,841.2867938521993,99814,72,30,133,49,40899,21397,0.6241208648085439,42,25,31102,32775,6752,3878,11897,13241,44955,35257,2,2,8195,6212,21523,2661,7576,950,498,0,0,1824,42257,1631,6483,1,0,1,0,2
841,2007,842.0935577044579,99814,75,34,133,49,40912,21404,0.6243212375017533,43,21,31119,32807,6739,3858,11889,13229,44964,35275,3,3,8182,6201,21528,2660,7580,953,498,0,0,1830,42264,1630,6483,1,0,2,0,2
842,2007,843.0691153115046,99813,74,39,134,49,40916,21410,0.6244276797611533,45,18,31140,32830,6724,3850,11881,13212,44973,35293,4,4,8169,6192,21535,2657,7582,954,498,0,0,1835,42272,1629,6483,1,0,4,0,2
843,2007,844.0249618659876,99813,72,38,134,49,40924,21415,0.6245579233166021,41,16,31170,32889,6719,3843,11862,13163,44982,35311,6,5,8152,6186,21533,2656,7590,956,499,0,0,1839,42282,1625,6485,1,0,5,0,4
844,2007,845.0040013459063,99813,81,36,134,49,40937,21422,0.6247582980172923,43,15,31221,32935,6694,3840,11825,13123,44991,35329,8,6,8137,6176,21541,2653,7591,959,502,0,0,1846,42285,1624,6486,1,0,6,0,6
845,2007,846.0654248875007,99813,85,40,134,49,40953,21428,0.6249787101880516,44,13,31249,32993,6679,3825,11807,13078,45000,35347,11,8,8119,6170,21540,2650,7598,961,503,0,0,1850,42298,1622,6484,2,0,10,0,6
846,2007,847.0027765001987,99813,84,42,134,49,40961,21433,0.6251089537435004,43,13,31269,33027,6665,3814,11803,13053,45009,35365,15,10,8106,6159,21545,2651,7600,963,503,0,0,1854,42303,1618,6487,2,0,13,0,9
847,2007,848.1468329352774,99813,91,39,134,49,40976,21437,0.6252993097091561,44,18,31313,33085,6639,3795,11777,13012,45018,35383,20,12,8094,6148,21547,2650,7606,965,503,0,0,1860,42305,1616,6488,3,0,16,0,12
848,2007,849.1302375032526,99812,93,39,135,49,40986,21442,0.625455857011181,45,16,31334,33134,6632,3788,11759,12972,45027,35401,26,15,8077,6138,21550,2650,7609,966,504,0,0,1866,42309,1614,6489,3,0,20,0,17
849,2007,850.3754635125271,99812,87,34,135,49,40998,21447,0.6256261772131607,50,16,31386,33199,6618,3776,11722,12924,45036,35418,33,18,8065,6128,21549,2650,7618,968,504,0,0,1881,42301,1610,6489,4,1,23,0,21
850,2007,851.0260672623936,99812,86,31,135,49,41008,21448,0.625736384402677,47,19,31411,33225,6611,3768,11708,12906,45045,35435,41,21,8055,6113,21554,2650,7625,970,506,0,0,1885,42298,1608,6489,6,1,24,0,28
851,2007,852.277460117686,99812,85,34,135,49,41019,21454,0.6259067046046568,43,18,31457,33249,6599,3758,11679,12890,45054,35452,50,25,8042,6104,21555,2648,7631,971,507,0,0,1893,42295,1604,6491,7,1,28,0,35
852,2007,853.0862345108451,99812,76,34,135,49,41023,21455,0.6259567987817096,52,18,31477,33282,6586,3739,11672,12876,45063,35469,61,29,8025,6099,21552,2645,7634,975,509,0,0,1899,42298,1601,6491,9,1,33,0,41
853,2007,854.1805675105016,99812,73,30,135,49,41034,21460,0.6261171001482788,48,19,31529,33329,6572,3733,11641,12838,45072,35486,73,34,8012,6088,21553,2644,7642,977,510,0,0,1912,42288,1599,6488,14,1,34,0,50
854,2007,855.0213146342287,99812,78,31,135,49,41049,21465,0.6263174768564902,41,17,31567,33344,6557,3727,11620,12830,45081,35503,87,39,8003,6080,21552,2641,7646,981,510,0,0,1921,42276,1596,6490,14,1,39,0,62
855,2007,856.0310247226839,99812,72,29,135,49,41060,21473,0.6265078347292911,47,13,31602,33380,6545,3731,11597,12796,45089,35520,102,44,7988,6068,21550,2643,7648,986,512,0,0,1936,42267,1594,6488,15,1,47,0,69
856,2007,857.1464722983127,99812,80,31,135,49,41074,21476,0.6266781549312708,39,16,31641,33414,6526,3717,11577,12771,45097,35537,119,50,7974,6059,21549,2641,7649,990,512,0,0,1940,42265,1594,6488,15,1,54,0,81
857,2007,858.1762581744546,99812,82,27,135,49,41084,21477,0.626788362120787,38,18,31688,33463,6498,3705,11557,12736,45105,35554,138,56,7961,6048,21546,2640,7654,992,513,0,0,1946,42259,1593,6486,17,1,63,0,93
858,2007,859.0501279778692,99811,81,29,136,49,41088,21481,0.6268747933594494,42,18,31719,33475,6474,3695,11546,12732,45113,35571,158,63,7949,6040,21546,2637,7655,995,511,0,0,1951,42254,1592,6483,21,3,69,0,105
859,2007,860.027266139538,99811,81,25,136,49,41102,21483,0.6270350963320676,40,25,31757,33514,6460,3679,11524,12706,45121,35588,180,70,7938,6028,21546,2635,7663,997,513,0,0,1958,42236,1589,6482,23,4,75,0,124
860,2007,861.2117470358927,99811,79,22,136,49,41115,21487,0.6272054182404745,41,26,31800,33546,6448,3665,11494,12690,45129,35604,204,78,7922,6015,21538,2636,7668,1001,518,0,0,1965,42225,1588,6481,24,4,87,0,139
861,2007,862.0005117504451,99811,83,29,136,49,41126,21495,0.6273957780204586,38,19,31816,33554,6436,3653,11489,12694,45137,35620,230,86,7912,6007,21531,2637,7670,1004,518,0,0,1966,42214,1583,6482,27,5,97,0,158
862,2007,863.3386133065345,99811,76,32,136,49,41136,21501,0.6275560809930769,38,16,31852,33566,6427,3643,11469,12692,45145,35636,258,95,7899,5999,21529,2638,7674,1007,519,0,0,1975,42192,1578,6480,30,6,104,0,181
863,2007,864.042951581469,99811,78,34,136,49,41146,21505,0.6276963460941178,34,16,31861,33571,6418,3634,11471,12694,45153,35652,288,104,7891,5994,21520,2631,7679,1011,519,0,0,1978,42175,1575,6478,33,8,118,0,201
864,2007,865.1343780518155,99811,83,35,136,49,41159,21510,0.6278766869383134,37,19,31916,33622,6387,3623,11439,12650,45161,35668,320,114,7876,5988,21506,2629,7684,1013,518,0,0,1984,42164,1575,6474,36,9,134,0,221
865,2007,866.3062321068755,99811,79,27,136,49,41167,21515,0.6280069331035657,45,24,31968,33665,6366,3608,11404,12625,45169,35684,354,125,7867,5974,21497,2630,7688,1021,517,0,0,1990,42144,1573,6470,40,11,147,0,242
866,2007,867.0906691064916,99811,80,32,136,49,41176,21523,0.6281772550119726,43,18,31998,33682,6351,3597,11390,12620,45177,35700,390,136,7857,5967,21487,2625,7690,1028,517,0,0,1994,42126,1571,6467,44,12,161,0,265
867,2007,868.0743836349764,99811,80,31,136,49,41182,21528,0.6282874633056477,46,17,32014,33692,6333,3594,11389,12615,45185,35716,429,148,7841,5961,21475,2623,7695,1029,519,0,0,1999,42104,1569,6464,49,13,175,0,295
868,2007,869.2349248793249,99811,90,29,136,49,41200,21531,0.6284978609572092,49,21,32076,33722,6304,3582,11343,12595,45193,35732,470,160,7825,5951,21475,2623,7696,1033,522,0,0,2002,42075,1568,6458,53,13,183,0,334
869,2007,870.0167359848637,99811,98,28,136,49,41211,21535,0.6286481449940388,43,18,32092,33707,6291,3579,11338,12617,45201,35748,513,173,7814,5946,21466,2619,7698,1038,522,0,0,2006,42044,1565,6458,56,14,194,0,371
870,2007,871.0160491752375,99811,98,27,136,49,41226,21538,0.6288284858382343,35,16,32121,33710,6278,3571,11330,12625,45209,35764,558,187,7801,5940,21448,2617,7705,1044,521,0,0,2013,42021,1563,6449,64,15,210,0,400
871,2007,872.2436180066802,99811,97,23,136,49,41246,21543,0.6290789592329503,40,22,32139,33750,6278,3548,11308,12606,45217,35780,606,201,7789,5930,21434,2619,7711,1050,524,0,0,2024,41978,1556,6451,67,17,222,0,439
872,2007,873.0237577432702,99811,91,22,136,49,41252,21547,0.6291791485908367,41,24,32171,33749,6264,3540,11295,12614,45225,35795,656,216,7779,5919,21425,2619,7714,1058,526,0,0,2028,41943,1553,6444,74,17,234,0,478
873,2007,874.1645126563932,99811,93,25,136,49,41268,21552,0.6293895462423982,38,26,32221,33775,6243,3524,11267,12599,45233,35810,708,231,7765,5911,21408,2618,7721,1061,528,0,0,2029,41911,1551,6440,79,20,251,0,518
874,2007,875.3317354346585,99811,92,21,136,49,41282,21556,0.6295698870865937,32,29,32264,33788,6233,3514,11241,12597,45241,35825,762,247,7749,5906,21386,2613,7724,1070,531,0,0,2039,41877,1551,6433,86,20,271,0,555
875,2007,876.1089985746117,99811,84,25,136,49,41288,21564,0.6297101521876346,40,23,32270,33782,6229,3505,11239,12614,45248,35840,819,264,7739,5893,21380,2613,7723,1077,534,0,0,2045,41830,1550,6426,94,21,285,0,601
876,2007,877.2742468116459,99811,80,27,136,49,41297,21569,0.6298504172886756,39,25,32317,33784,6213,3488,11213,12625,45255,35855,878,281,7727,5882,21369,2615,7722,1085,535,0,0,2042,41795,1547,6423,98,29,300,0,642
877,2007,878.0503546461653,99811,75,28,136,49,41304,21574,0.6299706445181393,41,25,32321,33774,6203,3481,11222,12641,45262,35870,939,299,7713,5872,21360,2614,7722,1091,538,0,0,2049,41744,1547,6418,103,29,314,0,697
878,2007,879.214013431548,99811,75,25,136,49,41316,21578,0.6301309474907575,40,29,32358,33773,6189,3471,11200,12651,45269,35885,1002,318,7702,5862,21348,2614,7720,1098,539,0,0,2060,41701,1545,6406,116,31,332,0,737
879,2007,880.3764835706077,99811,73,28,136,49,41330,21587,0.6303613830138962,38,26,32384,33781,6171,3461,11196,12653,45276,35900,1068,337,7692,5855,21327,2608,7723,1105,541,0,0,2070,41646,1542,6406,118,32,357,0,789
880,2007,881.1509229917007,99811,74,38,136,49,41339,21599,0.6305717806654577,33,21,32385,33763,6162,3447,11208,12680,45283,35915,1136,357,7684,5843,21309,2610,7723,1109,541,0,0,2069,41604,1538,6403,125,36,382,0,835
881,2007,882.255529953343,99811,73,37,136,49,41348,21605,0.6307220647022873,34,23,32424,33763,6139,3434,11192,12692,45290,35930,1206,377,7672,5833,21293,2611,7721,1117,543,0,0,2074,41552,1537,6396,132,38,402,0,890
882,2007,883.0291324815951,99811,70,38,136,49,41353,21609,0.6308122351243851,37,25,32435,33737,6126,3427,11194,12722,45297,35945,1278,398,7662,5826,21280,2606,7721,1125,543,0,0,2080,41498,1537,6385,141,39,421,0,947
883,2007,884.1887303797149,99811,75,42,136,49,41367,21617,0.6310326517117352,38,27,32465,33746,6108,3413,11176,12721,45304,35960,1352,420,7651,5817,21266,2604,7723,1131,545,0,0,2083,41443,1535,6376,150,40,441,0,1006
884,2007,885.3471672695788,99811,72,49,136,49,41376,21631,0.6312630872348739,43,22,32491,33740,6090,3399,11166,12739,45311,35974,1428,442,7637,5809,21246,2603,7728,1137,547,0,0,2086,41385,1535,6368,154,43,463,0,1070
885,2007,886.1189102498392,99811,79,45,136,49,41384,21633,0.6313632765927604,43,20,32508,33731,6071,3388,11161,12765,45318,35988,1506,465,7629,5799,21237,2603,7722,1146,546,0,0,2090,41321,1533,6363,160,44,480,0,1138
886,2007,887.1495036086241,99811,77,44,136,49,41395,21638,0.6315235795653785,37,17,32534,33723,6053,3373,11161,12792,45325,36002,1586,489,7619,5794,21208,2598,7727,1154,546,0,0,2096,41266,1533,6351,171,47,507,0,1194
887,2007,888.0108364236452,99811,78,45,136,49,41406,21641,0.6316638446664196,40,18,32555,33726,6042,3354,11147,12806,45332,36016,1668,513,7608,5786,21190,2598,7720,1166,545,0,0,2099,41213,1532,6340,180,51,531,0,1252
888,2007,889.1882108923639,99811,76,43,136,49,41415,21645,0.6317940908316718,45,21,32581,33716,6026,3334,11134,12835,45339,36030,1752,538,7596,5778,21160,2594,7724,1171,549,0,0,2101,41161,1530,6329,191,55,566,0,1306
889,2007,890.0625098339563,99811,79,45,136,49,41424,21649,0.6319243369969242,49,18,32578,33702,6014,3322,11142,12862,45346,36044,1837,564,7585,5773,21142,2591,7722,1179,548,0,0,2100,41098,1528,6324,197,61,587,0,1376
890,2007,891.3142534777345,99811,79,43,136,49,41445,21657,0.6322148861347947,45,18,32628,33693,6000,3313,11110,12882,45353,36058,1924,590,7571,5761,21121,2595,7723,1187,550,0,0,2109,41033,1526,6310,209,66,611,0,1439
891,2007,892.2384384932681,99811,77,43,136,49,41449,21659,0.6322749997495266,45,17,32627,33649,5989,3303,11124,12937,45360,36072,2013,617,7564,5752,21096,2592,7718,1195,550,0,0,2115,40964,1524,6307,214,67,645,0,1508
892,2007,893.0131580257728,99811,82,42,136,49,41463,21663,0.6324553405937221,39,18,32654,33614,5969,3293,11118,12982,45367,36086,2103,645,7557,5743,21076,2591,7714,1205,549,0,0,2118,40895,1521,6301,222,73,671,0,1575
893,2007,894.1037766017166,99811,78,41,136,49,41476,21669,0.6326457003737063,41,20,32682,33609,5955,3274,11106,13005,45374,36100,2195,673,7543,5736,21051,2591,7709,1220,551,0,0,2124,40828,1519,6295,229,78,695,0,1642
894,2007,895.1821585542709,99811,74,37,136,49,41486,21673,0.6327859654747473,47,22,32718,33589,5929,3269,11094,13032,45381,36114,2288,702,7532,5726,21023,2590,7711,1226,555,0,0,2132,40756,1516,6285,241,81,727,0,1710
895,2007,896.3315537316588,99811,77,35,136,49,41501,21674,0.6329462684473656,41,23,32739,33575,5912,3252,11093,13064,45388,36128,2382,731,7522,5719,20995,2588,7703,1239,554,0,0,2137,40692,1514,6278,250,86,759,0,1775
896,2007,897.0974513338012,99811,72,35,136,49,41507,21678,0.6330464578052519,41,22,32743,33538,5902,3249,11104,13105,45395,36142,2477,761,7507,5710,20975,2587,7699,1249,557,0,0,2140,40619,1514,6269,258,88,784,0,1855
897,2007,898.246085092505,99811,76,34,136,49,41518,21683,0.6332067607778702,39,25,32754,33530,5883,3236,11110,13124,45402,36156,2574,792,7499,5699,20946,2587,7700,1253,557,0,0,2145,40549,1512,6257,271,91,820,0,1925
898,2007,899.0116125028649,99811,73,33,136,49,41526,21687,0.6333269880073339,37,27,32771,33498,5872,3226,11109,13165,45408,36169,2672,823,7493,5688,20925,2588,7685,1274,557,0,0,2147,40481,1509,6249,280,95,848,0,1992
899,2007,900.1593766056031,99811,66,38,136,49,41531,21693,0.6334371963010089,62,50,32789,33508,5861,3220,11084,13133,45408,36169,2672,823,7491,5687,20925,2588,7689,1274,559,0,0,2153,40475,1509,6246,280,95,848,0,1992
900,2007,900.1593766056031,99811,70,40,136,49,41538,21697,0.633547404594684,58,46,32784,33462,5856,3212,11094,13189,45408,36169,2771,855,7490,5686,20893,2589,7675,1288,559,1,3,2148,40403,1509,6236,290,100,880,0,2061
901,2007,901.3063173485272,99811,67,42,136,49,41549,21706,0.6337477833104568,61,45,32825,33454,5837,3197,11072,13211,45408,36169,2870,887,7489,5684,20856,2591,7665,1305,559,2,10,2145,40320,1509,6228,297,103,911,0,2137
902,2007,902.0701632277336,99811,70,40,136,49,41557,21713,0.6338980673472864,65,44,32836,33417,5824,3193,11067,13255,45408,36169,2970,920,7488,5683,20822,2591,7660,1314,559,3,17,2140,40233,1509,6220,304,107,944,1,2216
903,2007,903.2152497511909,99811,71,44,136,49,41575,21723,0.6341785975493683,63,40,32874,33402,5810,3179,11044,13284,45408,36169,3071,953,7487,5681,20786,2592,7657,1322,559,4,30,2134,40148,1509,6204,320,112,977,1,2288
904,2007,904.3591176197768,99811,75,47,136,49,41599,21732,0.6345092224303934,54,41,32900,33379,5809,3163,11024,13319,45408,36169,3173,987,7486,5675,20746,2599,7654,1334,558,5,38,2130,40065,1509,6190,333,115,1010,1,2363
905,2007,905.1210808191138,99811,77,46,136,49,41610,21736,0.634659506467223,55,40,32913,33340,5798,3151,11019,13372,45408,36169,3275,1022,7485,5674,20709,2600,7651,1343,558,6,42,2127,39979,1509,6178,345,117,1042,2,2444
906,2007,906.2635071290322,99811,80,51,136,49,41627,21751,0.6349801124124596,58,32,32948,33327,5783,3139,10993,13400,45408,36169,3378,1057,7481,5671,20668,2604,7647,1355,558,10,50,2122,39893,1508,6168,352,121,1079,2,2522
907,2007,907.0244395314763,99811,86,49,136,49,41636,21755,0.6351103585777119,60,31,32957,33287,5771,3133,10988,13449,45408,36169,3481,1093,7481,5670,20634,2605,7641,1365,558,10,54,2120,39804,1508,6157,363,122,1110,2,2607
908,2007,908.165109932872,99811,88,47,136,49,41654,21764,0.6353808698440052,65,28,32991,33276,5747,3123,10971,13475,45408,36169,3584,1129,7479,5669,20596,2605,7641,1378,557,12,63,2116,39712,1508,6144,374,126,1139,2,2690
909,2007,909.3046375509446,99810,97,44,137,49,41672,21772,0.6356477306883078,62,35,33020,33259,5727,3120,10955,13491,45408,36169,3688,1166,7476,5668,20559,2607,7630,1394,557,14,71,2110,39625,1507,6136,382,132,1171,2,2769
910,2007,910.0636515723259,99810,93,45,137,49,41683,21777,0.6358080352670074,70,35,33030,33239,5721,3103,10947,13527,45408,36169,3792,1203,7474,5666,20513,2609,7619,1409,557,16,81,2109,39541,1506,6128,390,133,1214,2,2843
911,2007,911.2017365706831,99810,88,47,137,49,41699,21785,0.6360484921350567,72,34,33056,33225,5716,3095,10929,13548,45408,36169,3896,1241,7473,5666,20469,2607,7623,1420,557,17,91,2106,39447,1506,6115,401,136,1247,2,2927
912,2007,912.338848405941,99810,96,45,137,49,41720,21793,0.6363390441839495,69,32,33081,33212,5705,3077,10910,13583,45408,36169,4000,1279,7472,5663,20422,2609,7617,1433,557,18,103,2101,39365,1506,6103,412,140,1290,2,2997
913,2007,913.0963854177658,99810,92,49,137,49,41728,21801,0.636499348762649,74,27,33093,33189,5695,3063,10907,13621,45408,36169,4104,1318,7471,5661,20377,2611,7610,1446,557,19,109,2097,39291,1506,6085,428,144,1331,2,3065
914,2007,914.2321656860234,99810,93,47,137,49,41746,21811,0.6367798817753733,73,26,33109,33158,5690,3070,10896,13648,45408,36169,4208,1357,7469,5660,20344,2612,7601,1461,557,21,123,2095,39192,1505,6069,442,146,1361,3,3149
915,2007,915.3673410490711,99810,99,48,137,49,41764,21820,0.6370503957519287,79,23,33142,33128,5670,3065,10871,13685,45408,36169,4312,1396,7468,5657,20301,2615,7597,1469,557,22,135,2090,39099,1505,6059,451,151,1401,3,3230
916,2007,916.1234661728205,99810,103,43,137,49,41777,21824,0.6372207193667969,82,29,33125,33097,5664,3058,10887,13722,45408,36169,4415,1436,7467,5656,20262,2616,7592,1480,557,23,142,2086,39008,1505,6048,461,154,1436,5,3312
917,2007,917.2577124695791,99810,103,49,137,49,41798,21836,0.6375513475603647,74,25,33154,33099,5662,3044,10868,13732,45408,36169,4518,1476,7462,5655,20212,2619,7595,1487,557,28,150,2082,38924,1503,6032,474,158,1479,5,3388
918,2007,918.0133806967184,99810,97,44,137,49,41809,21836,0.6376615569582206,76,36,33148,33048,5667,3042,10873,13779,45408,36169,4621,1517,7461,5653,20171,2621,7597,1494,556,29,158,2078,38838,1503,6011,493,162,1514,6,3465
919,2007,919.1470181915797,99810,105,50,137,49,41833,21848,0.6380222422602946,73,35,33165,33029,5654,3035,10864,13800,45408,36169,4723,1558,7459,5652,20124,2622,7593,1503,555,31,170,2074,38753,1502,5998,505,166,1559,6,3538
920,2007,920.2801091300983,99810,105,51,137,49,41850,21853,0.6382426610560065,76,41,33175,33021,5644,3024,10861,13812,45408,36169,4825,1599,7455,5651,20084,2623,7580,1518,555,35,182,2069,38666,1502,5987,516,171,1597,6,3613
921,2007,921.0352183783631,99810,110,54,137,49,41867,21858,0.6384630798517182,81,39,33168,32988,5640,3011,10862,13857,45408,36169,4926,1641,7453,5650,20047,2622,7571,1533,555,37,186,2063,38586,1501,5977,526,177,1631,6,3689
922,2007,922.167801335635,99810,116,49,137,49,41888,21864,0.6387335938282738,78,49,33194,32958,5622,3001,10851,13892,45408,36169,5027,1683,7451,5647,20004,2624,7569,1545,555,39,195,2062,38499,1500,5961,538,178,1670,6,3767
923,2007,923.2995476344564,99810,130,55,137,49,41913,21878,0.6391243362388538,79,50,33227,32939,5599,2990,10826,13915,45408,36169,5127,1725,7449,5644,19960,2626,7559,1561,555,41,202,2056,38416,1500,5956,542,184,1710,7,3842
924,2007,924.0533519008071,99810,144,60,137,49,41938,21889,0.6394850215409278,71,44,33214,32902,5598,2985,10834,13958,45408,36169,5226,1768,7448,5643,19924,2627,7552,1573,555,42,206,2054,38326,1500,5942,554,185,1744,10,3925
925,2007,925.1839439586342,99810,143,66,137,49,41956,21904,0.6398156497344956,73,41,33250,32882,5585,2975,10810,13985,45408,36169,5325,1811,7446,5642,19884,2628,7552,1582,555,44,219,2050,38227,1500,5931,564,189,1776,11,4010
926,2007,926.3136468344943,99810,133,71,137,49,41970,21919,0.6401062017833884,84,42,33256,32865,5590,2972,10798,13999,45408,36169,5423,1854,7444,5636,19846,2637,7548,1594,554,46,232,2049,38130,1498,5915,577,190,1809,11,4094
927,2007,927.0665824780078,99810,140,71,137,49,41990,21923,0.6403466586514377,84,44,33255,32826,5583,2966,10799,14042,45408,36169,5520,1898,7444,5635,19801,2638,7539,1611,554,46,238,2046,38054,1498,5900,592,193,1846,11,4164
928,2007,928.1956918347329,99810,144,74,137,49,42021,21933,0.6407574391343552,84,43,33283,32813,5578,2963,10772,14056,45408,36169,5616,1942,7439,5629,19766,2644,7536,1623,554,51,247,2042,37959,1498,5886,606,196,1873,11,4250
929,2007,929.3239752188455,99810,144,78,137,49,42048,21954,0.6412383528704538,87,42,33304,32794,5568,2960,10758,14075,45408,36169,5712,1986,7436,5624,19725,2648,7537,1639,554,54,263,2038,37869,1498,5866,621,200,1903,12,4323
930,2007,930.075715706267,99810,146,80,137,49,42062,21962,0.6414587716661657,91,42,33300,32756,5559,2955,10765,14116,45408,36169,5807,2030,7435,5621,19695,2652,7530,1652,553,55,270,2031,37784,1498,5851,636,206,1928,12,4401
931,2007,931.2031688505665,99810,159,88,137,49,42087,21974,0.6418294760044084,102,53,33293,32742,5546,2942,10761,14124,45408,36169,5901,2075,7434,5620,19653,2653,7516,1671,553,56,277,2026,37708,1498,5843,642,211,1967,12,4470
932,2007,932.3303803465185,99810,158,90,137,49,42111,21989,0.6422202184149884,102,59,33317,32728,5543,2942,10741,14130,45408,36169,5994,2120,7433,5617,19622,2658,7507,1690,551,57,296,2021,37613,1497,5827,655,214,1994,13,4545
933,2007,933.0813855977643,99810,166,89,137,49,42128,21994,0.6424406372107003,111,76,33307,32691,5529,2933,10748,14160,45408,36169,6086,2165,7432,5617,19578,2658,7505,1696,551,58,304,2017,37530,1497,5814,666,218,2036,14,4619
934,2007,934.2079498059973,99810,176,87,137,49,42173,22010,0.6430517984169923,95,81,33314,32657,5534,2935,10742,14189,45408,36169,6177,2210,7424,5611,19540,2665,7501,1709,550,66,327,2011,37427,1496,5804,675,222,2069,15,4698
935,2007,935.3342302630449,99810,184,99,137,49,42213,22036,0.6437130548041279,102,77,33306,32650,5544,2930,10725,14193,45408,36169,6267,2255,7414,5609,19502,2666,7502,1719,550,76,348,2008,37326,1496,5792,686,225,2098,16,4777
936,2007,936.085005947447,99810,184,99,137,49,42232,22048,0.6440236449253581,105,82,33298,32614,5545,2929,10729,14225,45408,36169,6356,2301,7408,5608,19468,2666,7504,1730,550,82,354,2003,37236,1495,5782,693,229,2125,20,4857
937,2007,937.2115443574269,99808,180,107,139,49,42254,22065,0.6444273004168003,116,85,33298,32597,5541,2921,10724,14239,45408,36169,6444,2347,7407,5605,19423,2669,7497,1746,550,83,366,2002,37162,1494,5761,710,230,2165,22,4916
938,2007,938.3378966117502,99808,184,116,139,49,42282,22090,0.6449583199743507,131,71,33285,32590,5545,2921,10714,14251,45408,36169,6531,2393,7405,5600,19382,2673,7494,1762,550,85,382,2001,37074,1494,5746,721,230,2199,23,4987
939,2007,939.088902288019,99808,190,114,139,49,42310,22103,0.6453691086886822,131,71,33275,32572,5548,2925,10715,14267,45408,36169,6617,2439,7398,5598,19334,2675,7500,1769,550,92,393,1999,36985,1494,5737,727,232,2237,25,5063
940,2007,940.2157743093555,99808,195,109,139,49,42352,22116,0.6459201667201026,133,82,33271,32564,5559,2931,10701,14263,45408,36169,6702,2485,7390,5593,19294,2679,7502,1784,549,100,411,1993,36893,1494,5726,735,237,2266,29,5133
941,2007,941.3425607584335,99808,197,117,139,49,42388,22140,0.6465213209361975,132,80,33274,32550,5569,2928,10687,14274,45408,36169,6786,2531,7388,5589,19249,2683,7503,1801,549,102,432,1985,36805,1493,5715,741,244,2300,29,5200
942,2007,942.0937520702442,99808,202,119,139,49,42416,22157,0.6469721865982687,127,73,33269,32534,5570,2931,10691,14292,45408,36169,6869,2577,7385,5586,19210,2687,7499,1815,549,105,450,1981,36720,1492,5700,754,248,2332,29,5266
943,2007,943.2206832109671,99808,212,116,139,49,42454,22179,0.6475733408143636,120,70,33269,32520,5573,2940,10685,14303,45408,36169,6951,2624,7380,5583,19163,2690,7502,1827,549,110,474,1973,36628,1492,5687,764,256,2367,30,5333
944,2007,944.3476094356953,99808,220,112,139,49,42496,22196,0.6481644757935235,119,76,33253,32518,5588,2933,10679,14310,45408,36169,7031,2671,7372,5580,19114,2694,7499,1844,548,118,495,1969,36546,1491,5679,770,259,2406,32,5392
945,2007,945.0990512054735,99807,229,116,140,49,42522,22213,0.6486018014768503,125,68,33244,32495,5582,2936,10678,14334,45408,36169,7110,2718,7369,5579,19086,2694,7493,1857,548,121,511,1964,36455,1491,5669,779,264,2428,32,5467
946,2007,946.2264892182078,99807,218,122,140,49,42562,22237,0.6492430390653963,125,83,33252,32477,5600,2936,10663,14331,45408,36169,7188,2765,7358,5568,19049,2706,7502,1869,548,132,530,1957,36358,1489,5655,788,269,2453,33,5543
947,2007,947.3536223705776,99807,223,115,140,49,42596,22252,0.6497339865941266,133,97,33257,32472,5601,2941,10644,14324,45408,36169,7265,2812,7352,5565,19008,2709,7506,1883,548,138,551,1952,36263,1489,5646,793,272,2482,35,5615
948,2007,948.1049143965186,99807,218,120,140,49,42617,22268,0.6501047020750048,142,95,33249,32454,5605,2932,10644,14348,45408,36169,7341,2859,7349,5560,18969,2716,7499,1899,547,141,562,1951,36180,1488,5639,800,273,2512,37,5685
949,2007,949.2319433406071,99807,229,128,140,49,42665,22291,0.6508160750247979,133,88,33264,32463,5608,2926,10624,14344,45408,36169,7416,2906,7345,5552,18936,2726,7495,1917,546,145,578,1948,36099,1487,5623,813,275,2535,41,5746
950,2007,950.3584188103672,99806,223,148,141,49,42696,22331,0.6515339759132718,144,67,33263,32454,5616,2932,10611,14348,45408,36169,7490,2953,7338,5548,18896,2732,7505,1927,546,151,597,1938,36015,1485,5606,827,281,2562,43,5809
951,2007,951.109337842347,99806,235,142,141,49,42736,22343,0.6520549866741479,145,64,33245,32439,5620,2939,10612,14365,45408,36169,7563,3000,7335,5541,18859,2740,7508,1935,546,154,612,1933,35934,1482,5591,839,286,2593,46,5872
952,2007,952.2362758866452,99805,243,126,142,49,42777,22353,0.6525725164069937,141,71,33247,32442,5629,2951,10596,14359,45408,36169,7635,3047,7332,5536,18821,2742,7514,1951,546,157,633,1927,35844,1481,5581,846,290,2617,49,5938
953,2007,953.3631743971545,99805,242,124,142,49,42818,22375,0.6532037473072492,151,74,33247,32432,5636,2965,10580,14354,45408,36169,7706,3094,7329,5533,18777,2741,7519,1970,545,160,657,1922,35760,1480,5570,852,295,2648,53,5994
954,2007,954.1143128533337,99805,240,129,142,49,42847,22394,0.6536846851360152,142,66,33238,32417,5650,2966,10586,14371,45408,36169,7776,3141,7322,5529,18732,2745,7521,1979,545,167,675,1919,35684,1479,5561,857,298,2687,55,6050
955,2007,955.2414579376946,99805,238,131,142,49,42881,22418,0.6542658183457742,158,74,33246,32416,5654,2976,10560,14352,45408,36169,7845,3188,7318,5525,18687,2751,7525,1994,544,171,694,1913,35613,1476,5547,867,303,2720,59,6098
956,2007,956.3682504121748,99805,248,126,142,49,42924,22432,0.654836932017434,161,81,33247,32418,5655,2979,10545,14345,45408,36169,7912,3235,7312,5519,18654,2760,7522,2009,543,177,716,1909,35528,1474,5534,878,304,2746,60,6160
957,2007,957.1192573616316,99805,263,121,142,49,42956,22446,0.6552978307700015,166,78,33225,32399,5657,2989,10545,14362,45408,36169,7978,3282,7307,5515,18621,2763,7511,2028,543,182,727,1907,35458,1474,5524,887,306,2773,65,6214
958,2007,958.246269776976,99804,275,136,142,50,43008,22472,0.6560859284197026,161,84,33215,32388,5675,2987,10530,14353,45408,36169,8043,3329,7299,5510,18585,2765,7517,2037,543,190,745,1902,35377,1474,5512,894,310,2802,67,6275
959,2007,959.3734845327757,99804,271,135,142,50,43050,22501,0.6567973227525951,182,91,33183,32395,5697,2996,10523,14331,45408,36169,8107,3376,7291,5507,18549,2767,7533,2049,543,198,772,1896,35284,1473,5496,904,314,2821,69,6338
960,2007,960.1253529249793,99804,276,136,142,50,43092,22516,0.6573684421466074,174,87,33175,32387,5716,2999,10515,14339,45408,36169,8170,3422,7286,5501,18511,2772,7533,2065,542,203,788,1894,35209,1473,5487,910,315,2849,73,6393
961,2007,961.2535993641291,99804,281,137,142,50,43136,22543,0.6580798364794999,181,94,33159,32380,5723,3009,10512,14328,45408,36169,8232,3468,7282,5500,18462,2775,7549,2080,541,207,810,1887,35130,1471,5476,915,319,2877,74,6449
962,2007,962.0059469245762,99804,287,144,142,50,43173,22566,0.6586810147889864,186,95,33136,32361,5733,3016,10514,14332,45408,36169,8293,3514,7277,5495,18432,2779,7543,2099,540,212,827,1885,35059,1471,5461,928,321,2898,75,6502
963,2007,963.1351631430755,99804,309,141,142,50,43228,22586,0.6594324876758446,188,107,33128,32361,5737,3019,10494,14320,45408,36169,8353,3560,7272,5493,18398,2779,7551,2112,539,217,847,1882,34979,1469,5449,938,323,2920,79,6557
964,2007,964.2642917878131,99803,304,152,143,50,43282,22617,0.6602907728224603,185,108,33127,32343,5754,3027,10485,14318,45408,36169,8412,3606,7266,5488,18355,2783,7563,2129,539,223,870,1879,34899,1466,5434,951,325,2940,85,6608
965,2007,965.0170174527003,99803,317,158,143,50,43328,22635,0.6609320361111389,171,115,33120,32316,5766,3032,10481,14327,45408,36169,8470,3652,7262,5483,18311,2788,7563,2147,539,227,882,1879,34833,1464,5427,957,325,2970,85,6661
966,2007,966.1464025213028,99803,326,177,143,50,43384,22674,0.6618839113052714,179,108,33099,32297,5779,3043,10472,14323,45408,36169,8527,3698,7255,5481,18267,2794,7574,2157,538,233,910,1872,34751,1461,5416,966,330,2998,85,6715
967,2007,967.2762478807011,99802,337,170,144,50,43447,22711,0.6628925272038636,191,115,33079,32300,5792,3067,10455,14296,45408,36169,8583,3744,7245,5474,18228,2801,7591,2175,538,243,942,1865,34664,1459,5401,970,333,3018,90,6765
968,2007,968.0296340374964,99802,343,167,144,50,43482,22731,0.6634436183643614,212,118,33044,32291,5792,3074,10463,14298,45408,36169,8638,3790,7241,5472,18189,2804,7598,2191,538,246,951,1864,34601,1457,5390,977,334,3040,101,6808
969,2007,969.160526537078,99802,365,163,144,50,43544,22766,0.664415542774694,215,123,33029,32286,5801,3094,10444,14282,45408,36169,8693,3835,7235,5470,18142,2808,7606,2211,538,252,984,1860,34519,1455,5380,977,337,3071,105,6852
970,2007,970.291813138382,99802,375,178,144,50,43616,22804,0.6655177250956895,212,119,33012,32285,5816,3096,10439,14270,45408,36169,8747,3880,7225,5461,18104,2820,7604,2232,536,261,1018,1859,34440,1454,5367,987,337,3095,108,6894
971,2007,971.0462997306894,99802,362,179,144,50,43647,22826,0.6660487765776237,226,117,32990,32268,5835,3103,10441,14281,45408,36169,8800,3925,7217,5459,18071,2823,7607,2247,536,269,1044,1858,34361,1450,5355,994,337,3119,113,6942
972,2007,972.1788030899957,99802,359,184,144,50,43707,22863,0.6670207009879562,246,112,32973,32263,5857,3112,10419,14277,45408,36169,8852,3970,7205,5454,18025,2822,7625,2265,536,281,1073,1855,34282,1450,5343,1000,339,3143,121,6983
973,2007,973.3116935798257,99802,374,184,144,50,43778,22892,0.6680226849161339,244,116,32960,32272,5875,3117,10401,14259,45408,36169,8903,4015,7198,5446,17986,2825,7625,2285,536,288,1117,1853,34193,1450,5335,1004,341,3171,123,7026
974,2007,974.0670604140784,99802,375,180,144,50,43822,22915,0.6686940141480131,256,115,32937,32263,5895,3130,10391,14260,45408,36169,8953,4060,7195,5435,17945,2835,7639,2296,536,291,1139,1847,34122,1449,5325,1011,345,3195,128,7069
975,2007,975.2007606180255,99801,390,184,145,50,43903,22949,0.669853007484895,240,127,32924,32256,5926,3144,10373,14237,45408,36169,9002,4104,7182,5428,17899,2845,7646,2313,534,304,1176,1842,34039,1447,5315,1019,348,3221,130,7113
976,2007,976.3347463871904,99801,411,191,145,50,43983,22989,0.6710554002464905,229,135,32912,32259,5952,3157,10349,14206,45408,36169,9050,4148,7170,5419,17856,2856,7651,2333,533,315,1202,1837,33970,1446,5304,1025,351,3248,137,7148
977,2007,977.0908913458427,99801,433,193,145,50,44045,23010,0.6718870552399274,231,133,32867,32260,5974,3165,10348,14197,45408,36169,9098,4192,7162,5414,17823,2858,7659,2349,533,323,1217,1834,33902,1446,5296,1029,354,3265,140,7197
978,2007,978.2263171466544,99800,436,182,145,51,44124,23037,0.6729559118236473,242,154,32831,32254,6018,3181,10326,14176,45408,36169,9145,4236,7151,5410,17786,2864,7668,2368,530,334,1257,1830,33813,1441,5284,1035,355,3291,149,7234
979,2007,979.3626273236824,99799,445,202,146,51,44191,23084,0.6741049509514123,267,153,32816,32252,6032,3188,10292,14152,45408,36169,9191,4280,7144,5399,17748,2876,7674,2382,530,341,1291,1824,33738,1440,5272,1042,359,3315,156,7268
980,2007,980.1201866034777,99799,447,220,146,51,44240,23120,0.6749566628924137,267,137,32801,32243,6045,3195,10292,14152,45408,36169,9236,4323,7141,5392,17708,2883,7680,2401,530,344,1312,1822,33680,1440,5254,1055,361,3335,160,7301
981,2007,981.2572292111145,99799,434,224,146,51,44300,23157,0.6759286165192036,291,148,32764,32235,6085,3219,10278,14121,45408,36169,9280,4366,7130,5384,17653,2888,7698,2417,530,355,1351,1821,33602,1439,5242,1063,362,3364,167,7333
982,2007,982.0157432860487,99799,442,219,146,51,44353,23177,0.6766600867744166,303,151,32724,32227,6097,3231,10286,14119,45408,36169,9324,4409,7122,5377,17614,2890,7711,2431,530,363,1368,1820,33536,1439,5233,1067,363,3387,174,7374
983,2007,983.1545851834906,99799,463,225,146,51,44441,23214,0.6779126043347128,293,159,32710,32230,6116,3243,10270,14090,45408,36169,9367,4452,7110,5370,17562,2899,7733,2446,529,375,1396,1817,33465,1435,5226,1071,365,3409,180,7411
984,2007,984.293922335643,99799,457,234,146,51,44507,23262,0.679054900349703,320,156,32672,32231,6150,3267,10253,14059,45408,36169,9409,4494,7095,5364,17517,2902,7758,2462,529,390,1425,1813,33390,1434,5212,1077,367,3428,190,7446
985,2007,985.0540734958748,99799,476,230,146,51,44572,23288,0.6799667331335986,319,166,32638,32228,6171,3281,10248,14042,45408,36169,9450,4536,7085,5359,17475,2910,7767,2478,527,399,1450,1809,33323,1432,5207,1077,368,3455,192,7486
986,2007,986.1953951659461,99799,490,239,146,51,44673,23327,0.6813695528011303,296,168,32616,32221,6217,3292,10233,14027,45408,36169,9491,4578,7073,5350,17437,2917,7774,2501,526,411,1494,1806,33235,1430,5196,1082,370,3476,197,7524
987,2007,987.3375398136685,99798,478,258,147,51,44744,23374,0.6825587687127999,321,165,32574,32239,6249,3297,10229,13988,45408,36169,9531,4620,7069,5340,17387,2925,7798,2521,526,415,1530,1805,33153,1428,5183,1085,371,3497,201,7564
988,2007,988.0994674439216,99798,479,267,147,51,44799,23414,0.683510691597026,322,152,32537,32236,6270,3315,10243,13977,45408,36169,9570,4662,7061,5332,17351,2934,7808,2533,525,423,1560,1805,33081,1423,5171,1092,371,3521,206,7601
989,2007,989.2441896711064,99798,482,264,147,51,44890,23463,0.6849135253211487,322,151,32493,32244,6325,3347,10229,13941,45408,36169,9609,4703,7048,5326,17293,2939,7840,2554,524,436,1605,1801,32994,1419,5161,1095,372,3543,211,7637
990,2007,990.008155049957,99798,496,257,147,51,44952,23484,0.6857452053147358,336,163,32457,32237,6344,3365,10218,13925,45408,36169,9647,4744,7041,5317,17254,2947,7851,2568,524,443,1627,1798,32932,1416,5155,1098,374,3566,217,7670
991,2007,991.1552196203916,99798,530,260,147,51,45060,23525,0.6872382212068379,314,169,32432,32255,6376,3384,10199,13879,45408,36169,9684,4785,7027,5307,17216,2956,7870,2584,524,456,1664,1796,32856,1414,5137,1108,376,3581,224,7702
992,2007,992.3030212555129,99798,541,264,147,51,45148,23573,0.6886009739674142,308,172,32429,32263,6410,3404,10163,13844,45408,36169,9721,4826,7019,5299,17171,2963,7881,2610,524,464,1708,1792,32781,1411,5123,1114,376,3606,229,7727
993,2007,993.06813673051,99798,526,277,147,51,45199,23609,0.6894727349245476,323,162,32391,32258,6450,3418,10161,13832,45408,36169,9757,4866,7010,5294,17126,2971,7905,2625,523,472,1732,1787,32716,1409,5113,1118,377,3624,233,7763
994,2007,994.2171362583091,99797,556,286,147,52,45301,23657,0.6909826948705873,329,169,32337,32257,6488,3430,10141,13804,45408,36169,9792,4906,7002,5289,17082,2979,7922,2646,519,480,1764,1785,32647,1407,5096,1128,379,3640,242,7790
995,2007,995.3674231629586,99797,545,277,147,52,45392,23705,0.6923755223102899,351,174,32292,32265,6540,3467,10123,13763,45408,36169,9827,4946,6986,5274,17025,2987,7959,2669,518,496,1815,1781,32557,1407,5084,1136,381,3651,249,7822
996,2007,996.135125513945,99797,540,270,147,52,45455,23732,0.6932773530266441,344,188,32262,32247,6589,3483,10116,13758,45408,36169,9861,4986,6980,5265,16987,2995,7979,2682,517,502,1850,1774,32489,1405,5067,1149,385,3670,255,7846
997,2007,997.2883048091716,99797,577,283,147,52,45565,23792,0.6949808110464243,368,187,32198,32255,6624,3500,10084,13721,45408,36169,9895,5025,6969,5253,16952,3007,7988,2704,517,512,1898,1772,32410,1401,5054,1154,386,3688,260,7872
998,2007,998.0577123059576,99797,589,289,147,52,45642,23826,0.6960930689299277,355,189,32174,32249,6649,3512,10084,13707,45408,36169,9928,5064,6960,5242,16927,3014,8007,2719,517,521,1922,1765,32343,1399,5040,1160,391,3697,266,7907
999,2007,999.2130585503211,99797,580,304,147,52,45728,23895,0.6976462218303155,373,188,32137,32258,6698,3548,10063,13648,45408,36169,9960,5103,6950,5232,16888,3021,8031,2739,517,531,1980,1761,32248,1397,5027,1164,393,3712,277,7929
1000,2007,1000.3694356793533,99797,586,316,147,52,45832,23949,0.6992294357545819,380,197,32096,32245,6748,3568,10041,13620,45408,36169,9992,5141,6932,5220,16842,3031,8054,2758,516,549,2025,1760,32169,1394,5014,1172,394,3729,284,7954
1001,2007,1001.1411318546766,99797,604,324,147,52,45907,23993,0.7004218563684279,375,194,32058,32246,6779,3581,10035,13601,45408,36169,10023,5179,6925,5214,16806,3035,8077,2767,516,556,2055,1757,32098,1391,5004,1177,395,3746,295,7983
1002,2007,1002.3000161053179,99797,613,317,147,52,46023,24054,0.7021954567772578,351,184,32040,32266,6840,3629,10007,13550,45408,36169,10054,5217,6901,5198,16759,3052,8105,2789,515,578,2110,1754,32006,1390,4989,1182,396,3761,307,8005
1003,2007,1003.073097789182,99797,611,332,147,52,46087,24100,0.7032976943194685,366,181,31990,32260,6878,3645,10006,13528,45408,36169,10084,5255,6888,5185,16728,3060,8109,2808,515,591,2146,1751,31938,1390,4985,1184,397,3779,314,8029
1004,2007,1004.2341538916743,99796,605,336,148,52,46195,24160,0.7049881758787927,377,197,31966,32243,6935,3680,9967,13490,45408,36169,10114,5292,6872,5169,16685,3079,8158,2824,513,607,2187,1744,31846,1384,4968,1188,398,3791,320,8063
1005,2007,1005.0086360383646,99794,598,340,150,52,46256,24202,0.7060344309277111,396,192,31927,32221,6969,3706,9958,13487,45408,36169,10143,5329,6860,5157,16650,3089,8177,2839,513,619,2225,1740,31777,1382,4955,1194,399,3804,325,8089
1006,2007,1006.1717628811142,99793,619,335,151,52,46387,24255,0.7078853226178189,376,202,31891,32208,7032,3750,9929,13451,45408,36169,10172,5366,6843,5143,16608,3103,8206,2865,513,635,2276,1736,31691,1375,4937,1198,401,3817,330,8116
1007,2007,1007.3363901646505,99792,630,342,152,52,46493,24315,0.7095558762225429,388,201,31830,32209,7092,3790,9906,13404,45408,36169,10200,5403,6835,5130,16570,3111,8230,2889,513,642,2326,1733,31613,1371,4917,1203,401,3839,336,8133
1008,2007,1008.1137362327806,99792,631,370,152,52,46576,24377,0.7110088985088985,378,182,31810,32217,7137,3810,9890,13367,45408,36169,10228,5439,6821,5120,16538,3118,8241,2910,512,656,2360,1731,31547,1368,4908,1205,402,3856,346,8153
1009,2007,1009.2810373979611,99791,646,339,153,52,46699,24414,0.7126193744926897,384,212,31773,32227,7191,3860,9851,13308,45408,36169,10255,5475,6808,5106,16486,3124,8278,2933,512,668,2424,1728,31455,1367,4893,1211,401,3872,354,8171
1010,2007,1010.0596522016174,99790,659,347,154,52,46782,24456,0.7138791462070347,368,203,31750,32226,7226,3884,9841,13286,45408,36169,10282,5511,6799,5098,16456,3132,8295,2951,511,676,2444,1726,31397,1362,4881,1217,401,3885,364,8195
1011,2007,1011.2288621020448,99790,635,351,154,52,46890,24508,0.7154825132778836,402,208,31680,32229,7311,3912,9816,13246,45408,36169,10308,5546,6784,5082,16409,3143,8333,2973,510,691,2504,1723,31306,1361,4863,1225,402,3892,378,8211
1012,2007,1012.0096308342386,99790,650,347,154,52,46964,24547,0.7166148912716706,419,209,31637,32209,7338,3946,9800,13235,45408,36169,10334,5581,6779,5077,16375,3148,8344,2997,509,696,2539,1721,31236,1358,4859,1226,403,3903,384,8236
1013,2007,1013.182435217305,99789,680,362,155,52,47105,24614,0.718706470653078,392,211,31577,32196,7407,3980,9787,13197,45408,36169,10360,5616,6762,5059,16328,3164,8374,3020,508,712,2587,1718,31155,1356,4848,1227,404,3919,391,8257
1014,2007,1014.357174300342,99787,709,352,156,53,47234,24664,0.7205146963031257,411,228,31521,32178,7450,4017,9751,13170,45408,36169,10385,5651,6743,5047,16292,3174,8402,3044,508,731,2630,1708,31076,1355,4831,1234,406,3925,407,8274
1015,2007,1015.1411136186646,99787,702,367,156,53,47320,24707,0.7218074498682193,420,227,31474,32170,7499,4029,9747,13152,45408,36169,10410,5685,6732,5038,16250,3182,8424,3068,507,742,2666,1702,31014,1351,4821,1237,411,3936,411,8295
1016,2007,1016.3187460486175,99787,719,356,156,53,47454,24764,0.7237215268521952,400,239,31462,32156,7557,4081,9704,13113,45408,36169,10434,5719,6719,5024,16210,3188,8450,3098,506,755,2734,1697,30912,1350,4811,1239,410,3945,425,8314
1017,2007,1017.1041348636965,99787,734,367,156,53,47535,24811,0.725004259071823,407,234,31425,32150,7584,4105,9692,13089,45408,36169,10458,5753,6711,5016,16178,3196,8471,3115,506,763,2766,1692,30850,1347,4797,1242,412,3959,430,8336
1018,2007,1018.2833854568722,99786,731,380,157,53,47653,24876,0.7268454492614195,412,257,31382,32127,7661,4139,9655,13042,45408,36169,10482,5787,6692,4998,16128,3209,8521,3132,505,779,2805,1692,30777,1343,4780,1245,412,3971,440,8357
1019,2007,1019.0703683486461,99784,699,368,159,53,47723,24920,0.7280024853683957,460,247,31327,32140,7727,4173,9626,13017,45408,36169,10505,5820,6679,4991,16079,3214,8564,3149,504,792,2853,1687,30694,1338,4772,1244,415,3982,451,8376
1020,2007,1020.2528224458154,99783,720,382,160,53,47855,24995,0.7300842828938797,464,253,31275,32142,7784,4212,9595,12956,45408,36169,10528,5853,6665,4981,16036,3227,8590,3180,503,802,2907,1677,30613,1334,4761,1248,416,3991,461,8391
1021,2007,1021.0421905334929,99783,713,392,160,53,47934,25045,0.731377088281571,469,249,31236,32122,7842,4243,9578,12939,45408,36169,10550,5886,6655,4971,15996,3232,8625,3195,502,812,2943,1673,30547,1331,4750,1252,418,4002,469,8410
1022,2007,1022.2275661982917,99783,732,406,160,53,48063,25119,0.7334115029614263,486,249,31170,32124,7891,4280,9559,12886,45408,36169,10572,5919,6640,4956,15950,3250,8664,3213,500,825,2992,1668,30469,1327,4734,1259,419,4012,482,8423
1023,2007,1023.0189685263784,99782,765,412,161,53,48168,25170,0.7349822613296988,459,254,31137,32104,7928,4309,9548,12866,45408,36169,10594,5951,6630,4948,15913,3254,8688,3231,499,834,3023,1664,30413,1324,4725,1262,422,4024,494,8434
1024,2007,1024.207637915625,99781,769,426,162,53,48305,25252,0.7371844339102634,454,271,31086,32088,8013,4343,9514,12817,45408,36169,10615,5983,6607,4937,15848,3267,8734,3255,499,856,3072,1662,30333,1316,4714,1264,423,4041,505,8448
1025,2007,1025.0010146363522,99781,779,438,162,53,48399,25305,0.7386576602760044,468,281,31022,32074,8059,4366,9508,12786,45408,36169,10636,6015,6601,4933,15816,3274,8744,3284,497,860,3100,1659,30273,1313,4708,1266,424,4050,523,8456
1026,2007,1026.1931455995336,99781,765,449,162,53,48534,25389,0.7408524669025165,501,296,30959,32064,8143,4412,9468,12724,45408,36169,10657,6046,6582,4919,15760,3286,8794,3308,497,877,3169,1652,30172,1309,4697,1269,426,4060,539,8465
1027,2007,1027.3874321016683,99781,782,457,162,53,48677,25466,0.7430572954770949,517,317,30895,32061,8222,4444,9420,12666,45408,36169,10677,6077,6563,4906,15710,3295,8831,3333,496,895,3236,1646,30078,1306,4687,1271,429,4072,550,8477
1028,2007,1028.1847728168975,99781,814,463,162,53,48782,25528,0.7447309608041611,510,311,30852,32039,8256,4482,9404,12650,45408,36169,10697,6108,6552,4894,15679,3304,8852,3353,496,906,3273,1645,30009,1304,4675,1273,430,4080,562,8494
1029,2007,1029.3823987539336,99780,847,468,163,53,48946,25621,0.7473140910002004,522,304,30787,32023,8316,4547,9363,12603,45408,36169,10717,6139,6524,4881,15634,3316,8891,3377,495,933,3348,1636,29902,1300,4666,1274,432,4090,577,8504
1030,2007,1030.1818377692011,99780,831,465,163,53,49048,25670,0.7488274203247144,523,305,30741,32035,8391,4576,9349,12564,45408,36169,10736,6169,6499,4872,15590,3325,8925,3400,493,958,3392,1630,29829,1296,4655,1275,434,4101,586,8520
1031,2007,1031.3832741099952,99779,860,460,164,53,49214,25756,0.7513605067198509,538,311,30657,32022,8466,4639,9313,12513,45408,36169,10755,6199,6479,4853,15536,3346,8972,3428,492,977,3457,1622,29734,1290,4643,1277,433,4111,604,8525
1032,2007,1032.18583335423,99778,866,479,165,53,49322,25824,0.7531319529355168,550,302,30587,32008,8528,4674,9302,12482,45408,36169,10774,6229,6461,4841,15498,3358,8995,3451,491,993,3505,1618,29664,1287,4632,1279,434,4120,614,8537
1033,2007,1033.3922351376534,99778,876,478,165,53,49494,25903,0.755647537533324,542,315,30522,32002,8639,4730,9254,12420,45408,36169,10792,6259,6443,4824,15447,3378,9043,3480,489,1006,3589,1614,29555,1286,4612,1282,435,4123,634,8538
1034,2007,1034.1979602538067,99778,859,501,165,53,49593,25980,0.7574114534266071,554,291,30465,31982,8718,4771,9237,12400,45408,36169,10810,6288,6429,4813,15400,3392,9071,3504,486,1020,3645,1610,29476,1284,4602,1286,437,4135,645,8543
1035,2007,1035.0052567407072,99778,876,517,165,53,49697,26046,0.7591152358235282,571,280,30414,31991,8748,4795,9224,12362,45408,36169,10828,6317,6411,4805,15357,3398,9108,3517,485,1037,3683,1608,29417,1282,4585,1293,438,4146,656,8552
1036,2007,1036.21828766682,99778,889,504,165,53,49864,26113,0.7614604421816432,580,310,30325,31998,8847,4840,9192,12293,45408,36169,10846,6346,6390,4781,15314,3429,9157,3546,484,1053,3745,1604,29327,1272,4563,1297,438,4149,667,8562
1037,2007,1037.028706026485,99778,893,497,165,53,49969,26165,0.7630339353364469,577,331,30291,31990,8902,4881,9170,12246,45408,36169,10863,6375,6376,4765,15277,3441,9187,3565,484,1067,3801,1601,29250,1270,4548,1303,439,4156,677,8571
1038,2007,1038.246117818332,99778,906,511,165,53,50145,26271,0.7658602096654573,571,325,30224,31985,8996,4932,9136,12192,45408,36169,10880,6403,6359,4745,15229,3456,9242,3594,484,1084,3874,1599,29144,1263,4526,1304,438,4163,705,8569
1039,2007,1039.0591580119471,99777,926,528,166,53,50260,26340,0.7677119977549937,563,323,30175,31967,9041,4965,9127,12162,45408,36169,10897,6431,6345,4734,15194,3466,9266,3616,484,1096,3918,1598,29074,1260,4515,1303,438,4171,719,8580
1040,2007,1040.2808507035468,99777,946,526,166,53,50426,26428,0.7702576746143901,556,336,30109,31954,9131,5014,9090,12115,45408,36169,10913,6459,6326,4718,15148,3477,9309,3650,483,1113,3989,1597,28978,1257,4494,1305,439,4177,739,8578
1041,2007,1041.0966815846925,99776,944,539,167,53,50533,26506,0.772119547787043,546,320,30072,31950,9198,5057,9071,12079,45408,36169,10929,6487,6313,4705,15109,3492,9339,3677,482,1125,4044,1593,28899,1253,4481,1307,440,4182,752,8583
1042,2007,1042.3222882873094,99775,941,567,168,53,50675,26610,0.7745928338762215,583,303,30012,31948,9260,5096,9034,12031,45408,36169,10945,6514,6297,4692,15065,3505,9385,3701,480,1138,4123,1590,28793,1250,4461,1310,440,4190,762,8593
1043,2007,1043.140330558826,99773,949,551,170,53,50788,26668,0.7763222515109298,603,307,29955,31948,9311,5149,9010,11990,45408,36169,10961,6541,6281,4682,15015,3515,9425,3721,480,1152,4180,1586,28713,1248,4449,1313,440,4204,774,8595
1044,2007,1044.3695978640376,99772,976,540,171,53,50965,26764,0.7790662710981037,614,317,29906,31935,9361,5225,8970,11928,45408,36169,10976,6568,6262,4667,14970,3535,9467,3762,478,1168,4255,1575,28618,1242,4428,1317,440,4207,795,8586
1045,2007,1045.189917393437,99772,961,555,171,53,51080,26841,0.7809906587018401,636,302,29840,31933,9441,5266,8949,11889,45408,36169,10991,6595,6246,4655,14924,3543,9503,3788,478,1184,4317,1570,28535,1238,4417,1317,440,4220,808,8589
1046,2007,1046.0118915006879,99771,969,554,172,53,51201,26906,0.7828627557105772,641,312,29780,31911,9503,5312,8933,11856,45408,36169,11006,6621,6224,4638,14893,3564,9525,3811,476,1204,4369,1566,28454,1235,4410,1316,440,4227,821,8598
1047,2007,1047.2478172197848,99770,1015,513,172,54,51425,26992,0.7859777488222913,593,320,29721,31899,9609,5413,8888,11799,45408,36169,11021,6647,6195,4616,14844,3592,9564,3862,475,1230,4457,1564,28338,1229,4387,1317,438,4226,846,8590
1048,2007,1048.0733166759894,99769,1016,538,173,54,51542,27072,0.7879601880343594,614,308,29659,31896,9666,5445,8870,11757,45408,36169,11036,6673,6184,4605,14804,3607,9607,3883,473,1237,4490,1560,28277,1223,4371,1319,439,4238,860,8592
1049,2007,1049.3140170419335,99768,1034,523,174,54,51749,27161,0.7909349691283778,579,324,29586,31889,9788,5521,8837,11687,45408,36169,11050,6699,6149,4590,14736,3618,9664,3921,472,1269,4571,1554,28176,1217,4360,1320,439,4248,883,8581
1050,2007,1050.143067083201,99768,1036,515,174,54,51873,27225,0.7928193408708203,584,327,29527,31871,9865,5575,8812,11656,45408,36169,11064,6724,6126,4578,14703,3624,9695,3948,470,1291,4634,1552,28087,1216,4347,1323,440,4252,891,8591
1051,2007,1051.3893505574222,99767,1033,539,175,54,52060,27340,0.7958543406136298,597,330,29468,31843,9970,5631,8755,11601,45408,36169,11078,6749,6098,4557,14639,3635,9765,3977,469,1316,4709,1545,27989,1211,4333,1327,440,4261,909,8587
1052,2007,1052.2214207342745,99765,1039,545,175,56,52190,27409,0.797864982709367,576,326,29420,31843,10048,5662,8740,11566,45408,36169,11092,6774,6086,4544,14608,3648,9789,4012,469,1326,4763,1538,27913,1205,4318,1332,440,4262,922,8590
1053,2007,1053.054899378528,99764,1029,537,176,56,52316,27472,0.7997674511847961,595,334,29361,31827,10124,5712,8713,11532,45408,36169,11105,6799,6068,4527,14555,3656,9851,4033,469,1342,4813,1535,27837,1203,4302,1334,441,4267,936,8595
1054,2007,1054.3081646688106,99763,1064,536,177,56,52511,27571,0.8027224522117419,619,354,29263,31790,10205,5776,8670,11486,45408,36169,11118,6824,6050,4510,14509,3676,9890,4072,465,1357,4894,1528,27733,1197,4287,1337,440,4272,951,8595
1055,2007,1055.145419928344,99763,1075,541,177,56,52650,27638,0.8047873460100438,622,357,29198,31769,10271,5819,8655,11456,45408,36169,11131,6848,6035,4499,14473,3688,9931,4100,463,1370,4949,1526,27652,1189,4275,1337,439,4272,957,8608
1056,2007,1056.4044189739486,99763,1093,567,177,56,52874,27741,0.8080651143209406,596,375,29112,31738,10401,5853,8619,11409,45408,36169,11144,6872,6006,4482,14425,3700,9984,4147,460,1397,5014,1518,27562,1183,4254,1337,439,4280,968,8607
1057,2007,1057.2455676587888,99763,1099,577,177,56,53016,27823,0.8103104357326865,601,357,29047,31721,10470,5899,8604,11388,45408,36169,11157,6896,5991,4464,14386,3713,10024,4180,459,1411,5073,1513,27480,1182,4238,1339,440,4282,982,8606
1058,2007,1058.0886266801863,99763,1085,570,177,56,53148,27898,0.8123853532872909,637,350,28979,31716,10550,5950,8570,11356,45408,36169,11170,6920,5977,4447,14329,3723,10093,4206,456,1424,5131,1508,27398,1179,4223,1340,440,4283,996,8610
1059,2007,1059.3565745393842,99763,1107,571,177,56,53351,28005,0.8154927177410463,620,354,28906,31694,10653,6024,8535,11299,45408,36169,11182,6943,5950,4422,14285,3742,10150,4244,455,1450,5208,1505,27289,1172,4204,1339,439,4282,1014,8613
1060,2007,1060.2037319481547,99760,1101,570,180,56,53464,28080,0.817401764234162,653,348,28833,31689,10716,6066,8515,11269,45408,36169,11194,6966,5930,4406,14256,3759,10174,4273,453,1469,5264,1502,27207,1169,4192,1339,439,4285,1029,8614
1061,2007,1061.052550377975,99759,1125,591,181,56,53620,28161,0.8197856834972284,619,339,28781,31676,10798,6095,8494,11241,45408,36169,11206,6989,5910,4395,14198,3768,10221,4305,452,1488,5298,1496,27152,1165,4182,1341,439,4294,1039,8616
1062,2007,1062.3282940053564,99759,1116,580,181,56,53818,28257,0.8227327860142944,626,362,28713,31662,10923,6161,8439,11177,45408,36169,11218,7012,5877,4376,14142,3786,10275,4342,452,1514,5384,1489,27039,1160,4166,1344,439,4304,1064,8606
1063,2007,1063.1807099095313,99758,1105,592,181,57,53953,28339,0.8249162974398043,634,370,28653,31636,11010,6205,8415,11138,45408,36169,11230,7035,5857,4361,14103,3792,10324,4362,450,1532,5451,1487,26945,1156,4154,1343,439,4312,1079,8611
1064,2007,1064.0349481219223,99757,1121,608,182,57,54085,28427,0.8271299257194984,644,366,28610,31610,11056,6256,8385,11101,45408,36169,11241,7057,5839,4350,14057,3799,10370,4389,449,1548,5492,1484,26882,1153,4141,1345,439,4318,1088,8614
1065,2007,1065.3181770673298,99756,1128,602,183,57,54298,28536,0.8303660932675728,645,377,28523,31579,11179,6332,8340,11051,45408,36169,11252,7079,5810,4318,13997,3830,10448,4426,448,1574,5570,1479,26770,1148,4118,1346,440,4318,1101,8615
1066,2007,1066.1754578622242,99756,1105,594,183,57,54422,28611,0.8323609607442158,670,383,28463,31569,11257,6387,8320,11008,45408,36169,11263,7101,5791,4302,13948,3841,10504,4457,447,1591,5616,1476,26697,1146,4106,1348,437,4318,1126,8605
1067,2007,1067.0348461443252,99756,1095,566,183,57,54558,28669,0.8343057059224508,670,391,28407,31556,11349,6458,8294,10970,45408,36169,11274,7123,5777,4282,13906,3866,10550,4491,447,1602,5670,1470,26615,1136,4090,1349,437,4322,1137,8609
1068,2007,1068.3272781296998,99756,1154,602,183,57,54796,28801,0.8380147560046514,632,391,28340,31534,11445,6506,8244,10908,45408,36169,11285,7145,5748,4269,13859,3883,10607,4523,442,1625,5752,1463,26505,1131,4077,1350,438,4325,1143,8616
1069,2007,1069.19014258512,99756,1172,604,183,57,54936,28882,0.8402301615942901,637,389,28299,31523,11493,6554,8214,10871,45408,36169,11296,7166,5731,4253,13826,3901,10650,4544,442,1637,5798,1458,26429,1129,4067,1351,439,4325,1168,8608
1070,2007,1070.0542404595963,99756,1168,628,183,57,55078,28977,0.8426059585388348,627,389,28266,31501,11575,6597,8179,10826,45408,36169,11307,7187,5711,4240,13786,3910,10683,4581,441,1654,5855,1455,26352,1127,4055,1351,438,4329,1182,8606
1071,2007,1071.35248004637,99754,1156,614,185,57,55263,29080,0.8455099544880406,701,388,28162,31498,11664,6673,8130,10768,45408,36169,11317,7208,5685,4219,13728,3931,10732,4632,440,1675,5935,1451,26243,1121,4043,1349,438,4334,1198,8600
1072,2007,1072.2199914561372,99751,1170,608,187,58,55420,29172,0.848031598680715,678,388,28122,31476,11742,6744,8099,10724,45408,36169,11327,7229,5661,4202,13687,3944,10779,4661,438,1697,6002,1447,26151,1119,4027,1347,440,4334,1221,8594
1073,2007,1073.0889276510377,99751,1168,611,187,58,55552,29255,0.850186965544205,705,383,28079,31456,11802,6802,8057,10688,45408,36169,11337,7250,5638,4188,13649,3957,10823,4693,438,1716,6051,1442,26077,1112,4013,1349,440,4332,1231,8602
1074,2007,1074.394893432442,99749,1190,619,188,59,55795,29381,0.8539032972761632,694,380,28000,31420,11921,6884,8005,10636,45408,36169,11347,7270,5601,4169,13586,3966,10905,4739,437,1744,6125,1438,25976,1106,3994,1348,441,4331,1247,8596
1075,2007,1075.2671879174698,99749,1177,626,188,59,55942,29454,0.8561088331712599,722,387,27922,31398,12015,6918,7974,10610,45408,36169,11357,7290,5581,4154,13543,3973,10945,4776,435,1762,6187,1435,25894,1105,3983,1350,442,4329,1258,8597
1076,2007,1076.1414351926348,99748,1175,634,188,60,56093,29544,0.8585335044311665,708,383,27879,31382,12095,6966,7953,10573,45408,36169,11367,7310,5563,4141,13494,3981,11012,4812,433,1779,6220,1431,25830,1100,3963,1352,440,4326,1278,8593
1077,2007,1077.0176316822833,99746,1172,647,190,60,56243,29638,0.8609969322078078,701,377,27836,31379,12167,7005,7932,10530,45408,36169,11377,7330,5547,4127,13450,3995,11058,4845,432,1793,6288,1428,25731,1097,3952,1351,439,4326,1294,8593
1078,2007,1078.334413487288,99746,1163,655,190,60,56467,29768,0.8645459467046298,713,381,27734,31346,12315,7078,7883,10478,45408,36169,11386,7350,5517,4099,13399,4023,11128,4894,430,1816,6370,1420,25616,1088,3937,1349,440,4323,1315,8582
1079,2007,1079.214963299932,99743,1166,649,192,61,56619,29839,0.8668076957781499,718,391,27675,31321,12389,7129,7858,10447,45408,36169,11395,7369,5495,4093,13360,4031,11170,4923,429,1830,6441,1420,25525,1084,3923,1349,438,4325,1330,8577
1080,2007,1080.0972077164652,99743,1153,656,192,61,56764,29920,0.8690735189436852,693,390,27639,31314,12495,7169,7826,10408,45408,36169,11404,7388,5480,4071,13322,4050,11215,4969,427,1842,6476,1414,25459,1080,3909,1349,435,4325,1339,8581
1081,2007,1081.4238398571713,99743,1157,653,192,61,56980,30040,0.8724421763933309,686,404,27582,31289,12597,7240,7784,10351,45408,36169,11413,7407,5456,4050,13265,4066,11281,5020,426,1861,6556,1406,25353,1076,3886,1350,437,4323,1362,8569
1082,2007,1082.3096674031897,99743,1182,672,192,61,57139,30132,0.8749586437143458,688,384,27515,31278,12656,7292,7765,10311,45408,36169,11422,7426,5434,4036,13229,4080,11317,5053,425,1881,6597,1402,25288,1071,3879,1351,435,4322,1379,8564
1083,2007,1083.1970758264713,99743,1196,670,192,61,57292,30221,0.8773848791393882,699,385,27472,31255,12705,7353,7734,10274,45408,36169,11431,7445,5414,4019,13198,4093,11360,5089,422,1898,6642,1396,25215,1066,3869,1349,434,4323,1395,8561
1084,2007,1084.0858969701155,99743,1221,683,192,61,57450,30312,0.8798812949279649,692,387,27415,31234,12771,7392,7707,10241,45408,36169,11440,7464,5398,4004,13156,4104,11410,5118,422,1913,6688,1394,25144,1062,3856,1348,433,4325,1416,8552
1085,2007,1085.4218139456318,99741,1202,709,193,62,57688,30460,0.8837689616105714,674,357,27329,31223,12917,7464,7683,10183,45408,36169,11449,7482,5362,3981,13094,4124,11492,5165,420,1937,6775,1392,25028,1055,3832,1346,432,4324,1442,8540
1086,2007,1086.3150138857923,99738,1184,704,196,62,57821,30541,0.8859411658545389,703,364,27254,31224,12998,7504,7663,10140,45408,36169,11457,7500,5338,3967,13058,4128,11529,5204,418,1959,6830,1390,24953,1053,3819,1348,432,4323,1463,8526
1087,2007,1087.2106377856408,99737,1172,686,197,62,57977,30616,0.8882661399480634,713,394,27209,31188,13083,7567,7624,10101,45408,36169,11465,7518,5319,3952,13010,4142,11590,5238,415,1975,6892,1388,24865,1048,3797,1350,430,4329,1475,8522
1088,2007,1088.1080748726215,99737,1200,702,197,62,58151,30706,0.8909131014568314,702,381,27149,31187,13151,7608,7599,10058,45408,36169,11473,7536,5298,3931,12969,4161,11633,5266,412,1994,6947,1385,24788,1044,3788,1349,430,4333,1487,8522
1089,2007,1089.0070741872821,99735,1208,679,199,62,58312,30786,0.8933473705319096,700,374,27097,31186,13217,7669,7577,10028,45408,36169,11481,7554,5285,3917,12923,4173,11684,5312,411,2003,7009,1378,24706,1038,3774,1348,429,4332,1502,8511
1090,2007,1090.3588225408096,99733,1206,685,201,62,58538,30911,0.8968846821012102,690,382,27030,31149,13349,7745,7522,9975,45408,36169,11489,7572,5260,3891,12857,4186,11778,5354,410,2021,7079,1371,24603,1036,3759,1347,427,4331,1527,8496
1091,2007,1091.26194033059,99733,1192,676,201,62,58681,30995,0.8991607592271365,698,395,26982,31128,13425,7804,7500,9933,45408,36169,11497,7589,5250,3878,12817,4196,11828,5394,409,2028,7142,1364,24516,1032,3745,1342,428,4330,1550,8484
1092,2007,1092.166726054802,99732,1195,672,201,63,58839,31090,0.9017065736172943,688,370,26948,31138,13499,7865,7467,9890,45408,36169,11505,7606,5229,3858,12773,4211,11886,5430,409,2043,7187,1358,24440,1030,3735,1342,427,4331,1574,8469
1093,2007,1093.0727932816135,99732,1202,669,201,63,59004,31166,0.9041230497733926,673,375,26906,31118,13570,7916,7446,9857,45408,36169,11513,7623,5210,3839,12732,4235,11933,5465,407,2054,7232,1356,24373,1025,3716,1345,426,4334,1588,8462
1094,2007,1094.4350459041482,99732,1221,671,201,63,59242,31300,0.9078530461637188,662,365,26810,31117,13695,7993,7409,9789,45408,36169,11521,7640,5188,3820,12666,4252,12023,5513,406,2069,7303,1348,24273,1016,3696,1344,427,4330,1614,8444
