,indexID,time,N,Inf_L,Inf_H,Dead_L,Dead_H,cum_cases_L,cum_cases_H,cum_sum_per_N,Exposed_L,Exposed_H,Sus_L,Sus_H,Rec_nat_L,Rec_nat_H,Rec_vax_L,Rec_vax_H,vaccinatedH,vaccinatedL,boostedH,boostedL,count_Naive,count_Delta,count_Delta_vaccine,count_two,count_three,count_four,count_Omicron,count_Omicron_star,count_Omicron_star_vaccine,count_Omicron_vaccine,count_Vaccine,count_WT,count_WT_vaccine,count_WT_vaccine_boost,count_Omicron_vaccine_boost,count_Delta_vaccine_boost,count_Omicron_star_vaccine_boost,count_Vaccine_boost
0,3567,1.0993588210825256,99996,11,6,0,0,11,6,0.00017000680027201088,17,19,49970,49973,0,0,0,0,0,0,0,0,99996,0,0,0,0,0,0,0,0,0,0,0,0,0,0,0,0,0
1,3567,2.0231437052240038,99996,13,11,0,0,15,13,0.0002800112004480179,15,13,49968,49972,2,2,0,0,0,0,0,0,99992,0,0,0,0,0,0,0,0,0,0,4,0,0,0,0,0,0
2,3567,3.043813276489811,99996,10,10,0,0,16,15,0.00031001240049601984,16,13,49966,49970,6,5,0,0,0,0,0,0,99985,0,0,0,0,0,0,0,0,0,0,11,0,0,0,0,0,0
3,3567,4.0047007632612015,99996,8,11,0,0,17,20,0.00037001480059202366,16,9,49965,49969,9,9,0,0,0,0,0,0,99978,0,0,0,0,0,0,0,0,0,0,18,0,0,0,0,0,0
4,3567,5.116717064629961,99996,9,14,0,0,19,24,0.00043001720068802754,18,6,49961,49968,10,10,0,0,0,0,0,0,99976,0,0,0,0,0,0,0,0,0,0,20,0,0,0,0,0,0
5,3567,6.026925625237911,99996,14,13,0,0,25,24,0.0004900196007840313,14,9,49959,49965,11,11,0,0,0,0,0,0,99974,0,0,0,0,0,0,0,0,0,0,22,0,0,0,0,0,0
6,3567,7.0013661114213885,99996,21,14,0,0,32,26,0.0005800232009280372,11,10,49955,49962,11,12,0,0,0,0,0,0,99973,0,0,0,0,0,0,0,0,0,0,23,0,0,0,0,0,0
7,3567,8.012926675885998,99996,24,15,0,0,36,28,0.000640025601024041,11,11,49951,49959,12,13,0,0,0,0,0,0,99971,0,0,0,0,0,0,0,0,0,0,25,0,0,0,0,0,0
8,3567,9.036634335885404,99996,27,15,0,0,41,30,0.0007100284011360454,14,10,49943,49958,14,15,0,0,0,0,0,0,99967,0,0,0,0,0,0,0,0,0,0,29,0,0,0,0,0,0
9,3567,10.002074145737526,99996,29,14,0,0,48,32,0.0008000320012800512,11,12,49939,49954,19,18,0,0,0,0,0,0,99959,0,0,0,0,0,0,0,0,0,0,37,0,0,0,0,0,0
10,3567,11.087665817916877,99996,30,19,0,0,53,39,0.0009200368014720589,14,7,49931,49952,23,20,0,0,0,0,0,0,99953,0,0,0,0,0,0,0,0,0,0,43,0,0,0,0,0,0
11,3567,12.21375615304092,99996,33,21,0,0,59,43,0.0010200408016320653,14,4,49925,49951,26,22,0,0,0,0,0,0,99948,0,0,0,0,0,0,0,0,0,0,48,0,0,0,0,0,0
12,3567,13.283763985309333,99996,30,17,0,0,61,43,0.0010400416016640667,18,6,49919,49949,31,26,0,0,0,0,0,0,99939,0,0,0,0,0,0,0,0,0,0,57,0,0,0,0,0,0
13,3567,14.00879140899114,99996,33,14,0,0,65,44,0.0010900436017440697,16,9,49917,49945,32,30,0,0,0,0,0,0,99934,0,0,0,0,0,0,0,0,0,0,62,0,0,0,0,0,0
14,3567,15.055266667529269,99996,32,12,0,0,68,48,0.0011600464018560743,15,6,49915,49944,36,36,0,0,0,0,0,0,99924,0,0,0,0,0,0,0,0,0,0,72,0,0,0,0,0,0
15,3567,16.02232943349425,99996,27,9,0,0,72,49,0.0012100484019360775,14,6,49912,49943,45,40,0,0,0,0,0,0,99911,0,0,0,0,0,0,0,0,0,0,85,0,0,0,0,0,0
16,3567,17.19255795728617,99996,24,9,0,0,76,49,0.00125005000200008,18,12,49904,49937,52,40,0,0,0,0,0,0,99904,0,0,0,0,0,0,0,0,0,0,92,0,0,0,0,0,0
17,3567,18.144327671213507,99996,23,10,0,0,78,50,0.001280051202048082,16,14,49904,49934,55,40,0,0,0,0,0,0,99901,0,0,0,0,0,0,0,0,0,0,95,0,0,0,0,0,0
18,3567,19.247239858926523,99996,26,14,0,0,85,55,0.0014000560022400896,13,10,49900,49933,59,41,0,0,0,0,0,0,99896,0,0,0,0,0,0,0,0,0,0,100,0,0,0,0,0,0
19,3567,20.225877371834418,99996,26,12,0,0,88,55,0.0014300572022880914,17,10,49893,49933,62,43,0,0,0,0,0,0,99891,0,0,0,0,0,0,0,0,0,0,105,0,0,0,0,0,0
20,3567,21.279390345989867,99996,24,12,0,0,91,56,0.001470058802352094,17,12,49890,49931,67,43,0,0,0,0,0,0,99885,0,0,0,0,0,0,0,0,0,0,111,0,0,0,0,0,0
21,3567,22.12789745240381,99996,27,12,0,0,97,58,0.0015500620024800993,14,12,49887,49929,70,45,0,0,0,0,0,0,99880,0,0,0,0,0,0,0,0,0,0,116,0,0,0,0,0,0
22,3567,23.2446025186391,99996,28,16,0,0,102,63,0.0016500660026401055,15,12,49881,49924,74,46,0,0,0,0,0,0,99875,0,0,0,0,0,0,0,0,0,0,121,0,0,0,0,0,0
23,3567,24.085577185836975,99996,29,19,0,0,106,67,0.0017300692027681108,14,10,49878,49922,77,47,0,0,0,0,0,0,99871,0,0,0,0,0,0,0,0,0,0,125,0,0,0,0,0,0
24,3567,25.231691842874014,99996,30,16,0,0,110,69,0.0017900716028641146,17,11,49871,49919,80,52,0,0,0,0,0,0,99863,0,0,0,0,0,0,0,0,0,0,133,0,0,0,0,0,0
25,3567,26.013726231082632,99996,30,19,0,0,112,72,0.0018400736029441178,18,12,49868,49915,82,52,0,0,0,0,0,0,99861,0,0,0,0,0,0,0,0,0,0,135,0,0,0,0,0,0
26,3567,27.08365522480366,99996,27,21,0,0,115,77,0.0019200768030721229,23,8,49861,49914,87,55,0,0,0,0,0,0,99852,0,0,0,0,0,0,0,0,0,0,144,0,0,0,0,0,0
27,3567,28.069869828232836,99996,25,20,0,0,120,78,0.001980079203168127,25,9,49854,49913,94,56,0,0,0,0,0,0,99843,0,0,0,0,0,0,0,0,0,0,153,0,0,0,0,0,0
28,3567,29.02573178791952,99996,29,19,0,0,124,80,0.0020400816032641305,22,8,49854,49912,93,59,0,0,0,0,0,0,99840,0,0,0,0,0,0,0,0,0,0,156,0,0,0,0,0,0
29,3567,30.077342260814838,99996,27,18,0,0,129,82,0.002110084403376135,21,8,49851,49910,99,62,0,0,0,0,0,0,99830,0,0,0,0,0,0,0,0,0,0,166,0,0,0,0,0,0
30,3567,31.163108209365,99996,26,19,0,0,134,83,0.002170086803472139,21,10,49846,49907,105,62,0,0,0,0,0,0,99824,0,0,0,0,0,0,0,0,0,0,172,0,0,0,0,0,0
31,3567,32.09410074909453,99996,29,16,0,0,139,84,0.0022300892035681426,18,13,49845,49903,106,66,0,0,0,0,0,0,99818,0,0,0,0,0,0,0,0,0,0,178,0,0,0,0,0,0
32,3567,33.220197714859935,99996,29,18,0,0,142,87,0.0022900916036641466,24,12,49839,49902,106,66,0,0,0,0,0,0,99814,0,0,0,0,0,0,0,0,0,0,182,0,0,0,0,0,0
33,3567,34.142654852458975,99995,31,18,1,0,148,89,0.002370118505925296,22,13,49835,49899,109,68,0,0,0,0,0,0,99808,0,0,0,0,0,0,0,0,0,0,187,0,0,0,0,0,0
34,3567,35.04666223032821,99995,35,18,1,0,156,92,0.00248012400620031,15,12,49834,49898,113,70,0,0,0,0,0,0,99801,0,0,0,0,0,0,0,0,0,0,194,0,0,0,0,0,0
35,3567,36.06125128918825,99995,35,18,1,0,160,94,0.0025401270063503175,17,17,49828,49891,117,72,0,0,0,0,0,0,99795,0,0,0,0,0,0,0,0,0,0,200,0,0,0,0,0,0
36,3567,37.1205050325358,99995,33,19,1,0,162,99,0.0026101305065253265,21,14,49823,49890,120,75,0,0,0,0,0,0,99787,0,0,0,0,0,0,0,0,0,0,208,0,0,0,0,0,0
37,3567,38.08060058904048,99995,30,22,1,0,169,103,0.00272013600680034,18,15,49819,49885,130,76,0,0,0,0,0,0,99776,0,0,0,0,0,0,0,0,0,0,219,0,0,0,0,0,0
38,3567,39.085580002129134,99995,28,22,1,0,176,105,0.0028101405070253514,18,13,49812,49885,139,78,0,0,0,0,0,0,99765,0,0,0,0,0,0,0,0,0,0,230,0,0,0,0,0,0
39,3567,40.057419810245136,99995,31,21,1,0,182,110,0.002920146007300365,17,13,49808,49880,141,84,0,0,0,0,0,0,99756,0,0,0,0,0,0,0,0,0,0,239,0,0,0,0,0,0
40,3567,41.11465756414691,99995,32,19,1,0,186,112,0.0029801490074503724,17,11,49804,49880,144,88,0,0,0,0,0,0,99749,0,0,0,0,0,0,0,0,0,0,246,0,0,0,0,0,0
41,3567,42.03339651469131,99995,29,19,1,0,187,114,0.0030101505075253764,21,10,49800,49879,147,90,0,0,0,0,0,0,99743,0,0,0,0,0,0,0,0,0,0,252,0,0,0,0,0,0
42,3567,43.038940617238524,99995,35,19,1,0,196,115,0.003110155507775389,16,10,49797,49879,149,90,0,0,0,0,0,0,99739,0,0,0,0,0,0,0,0,0,0,256,0,0,0,0,0,0
43,3567,44.028861881162676,99995,32,11,1,0,201,116,0.0031701585079253964,17,10,49791,49879,157,98,0,0,0,0,0,0,99722,0,0,0,0,0,0,0,0,0,0,273,0,0,0,0,0,0
44,3567,45.040051481844934,99995,31,13,1,0,205,118,0.003230161508075404,18,10,49787,49877,161,98,0,0,0,0,0,0,99717,0,0,0,0,0,0,0,0,0,0,278,0,0,0,0,0,0
45,3567,46.03359150666916,99995,31,14,1,0,208,122,0.0033001650082504124,19,7,49783,49877,164,100,0,0,0,0,0,0,99711,0,0,0,0,0,0,0,0,0,0,284,0,0,0,0,0,0
46,3567,47.07129213933372,99995,25,17,1,0,210,125,0.003350167508375419,23,7,49778,49874,171,100,0,0,0,0,0,0,99703,0,0,0,0,0,0,0,0,0,0,292,0,0,0,0,0,0
47,3567,48.06608681717976,99995,24,18,1,0,213,127,0.003400170008500425,24,6,49774,49874,175,100,0,0,0,0,0,0,99698,0,0,0,0,0,0,0,0,0,0,297,0,0,0,0,0,0
48,3567,49.08896304871451,99995,25,18,1,0,219,131,0.0035001750087504373,25,3,49768,49873,179,104,0,0,0,0,0,0,99689,0,0,0,0,0,0,0,0,0,0,306,0,0,0,0,0,0
49,3567,50.16216176633374,99995,26,17,1,0,227,131,0.0035801790089504473,23,4,49763,49873,185,104,0,0,0,0,0,0,99681,0,0,0,0,0,0,0,0,0,0,314,0,0,0,0,0,0
50,3567,51.02322659965749,99995,27,14,1,0,230,131,0.0036101805090254513,22,6,49763,49871,185,107,0,0,0,0,0,0,99676,0,0,0,0,0,0,0,0,0,0,319,0,0,0,0,0,0
51,3567,52.19862320083336,99995,28,19,1,0,233,137,0.0037001850092504623,27,2,49756,49870,186,107,0,0,0,0,0,0,99673,0,0,0,0,0,0,0,0,0,0,322,0,0,0,0,0,0
52,3567,53.32382891152656,99995,32,15,1,0,241,137,0.0037801890094504727,24,5,49751,49868,190,110,0,0,0,0,0,0,99665,0,0,0,0,0,0,0,0,0,0,330,0,0,0,0,0,0
53,3567,54.3104160415534,99995,30,14,1,0,248,138,0.0038601930096504827,21,7,49747,49865,199,112,0,0,0,0,0,0,99654,0,0,0,0,0,0,0,0,0,0,341,0,0,0,0,0,0
54,3567,55.235694388576434,99995,29,14,1,0,253,138,0.003910195509775489,19,8,49744,49864,205,112,0,0,0,0,0,0,99648,0,0,0,0,0,0,0,0,0,0,347,0,0,0,0,0,0
55,3567,56.02178028696129,99995,25,14,1,0,256,140,0.003960198009900495,20,7,49741,49863,211,114,0,0,0,0,0,0,99639,0,0,0,0,0,0,0,0,0,0,356,0,0,0,0,0,0
56,3567,57.06562316361188,99995,26,13,1,0,261,140,0.004010200510025501,18,8,49740,49863,213,114,0,0,0,0,0,0,99634,0,0,0,0,0,0,0,0,0,0,361,0,0,0,0,0,0
57,3567,58.05729619737294,99995,30,12,1,0,266,141,0.004070203510175509,18,8,49735,49862,214,116,0,0,0,0,0,0,99631,0,0,0,0,0,0,0,0,0,0,364,0,0,0,0,0,0
58,3567,59.27214787172216,99995,23,13,1,0,270,143,0.004130206510325516,19,10,49731,49858,224,117,0,0,0,0,0,0,99619,0,0,0,0,0,0,0,0,0,0,376,0,0,0,0,0,0
59,3567,60.23238445369199,99995,23,12,1,0,273,144,0.004170208510425521,18,9,49729,49858,227,119,0,0,0,0,0,0,99614,0,0,0,0,0,0,0,0,0,0,381,0,0,0,0,0,0
60,3567,61.046018197958595,99995,23,14,1,0,275,147,0.004220211010550527,19,7,49726,49857,229,120,0,0,0,0,0,0,99611,0,0,0,0,0,0,0,0,0,0,384,0,0,0,0,0,0
61,3567,62.017963320476134,99995,24,14,1,0,280,148,0.004280214010700535,17,8,49723,49855,233,121,0,0,0,0,0,0,99606,0,0,0,0,0,0,0,0,0,0,389,0,0,0,0,0,0
62,3567,63.214411345540974,99995,24,14,1,0,286,149,0.004350217510875544,13,11,49721,49851,239,122,0,0,0,0,0,0,99599,0,0,0,0,0,0,0,0,0,0,396,0,0,0,0,0,0
63,3567,64.10043350882694,99995,27,15,1,0,291,154,0.004450222511125556,12,7,49718,49851,240,125,0,0,0,0,0,0,99593,0,0,0,0,0,0,0,0,0,0,402,0,0,0,0,0,0
64,3567,65.05561455906319,99995,25,14,1,0,295,155,0.004500225011250562,9,7,49718,49851,245,126,0,0,0,0,0,0,99585,0,0,0,0,0,0,0,0,0,0,410,0,0,0,0,0,0
65,3567,66.30998657220755,99995,24,19,1,0,300,161,0.004610230511525576,13,4,49710,49849,250,126,0,0,0,0,0,0,99578,0,0,0,0,0,0,0,0,0,0,417,0,0,0,0,0,0
66,3567,67.24335044562916,99995,24,18,1,0,304,164,0.004680234011700585,12,2,49707,49850,254,128,0,0,0,0,0,0,99570,0,0,0,0,0,0,0,0,0,0,425,0,0,0,0,0,0
67,3567,68.08544505832185,99995,22,14,1,0,305,164,0.004690234511725586,16,3,49702,49849,257,132,0,0,0,0,0,0,99563,0,0,0,0,0,0,0,0,0,0,432,0,0,0,0,0,0
68,3567,69.09379629996356,99995,19,14,1,0,308,165,0.004730236511825591,17,4,49699,49847,262,133,0,0,0,0,0,0,99556,0,0,0,0,0,0,0,0,0,0,439,0,0,0,0,0,0
69,3567,70.00449688750972,99995,19,14,1,0,311,166,0.004770238511925596,17,3,49697,49847,264,134,0,0,0,0,0,0,99552,0,0,0,0,0,0,0,0,0,0,443,0,0,0,0,0,0
70,3567,71.16401439285995,99995,18,12,1,0,316,166,0.004820241012050602,15,5,49695,49846,269,135,0,0,0,0,0,0,99544,0,0,0,0,0,0,0,0,0,0,451,0,0,0,0,0,0
71,3567,72.06369669254855,99995,19,11,1,0,322,166,0.00488024401220061,12,7,49692,49846,274,134,0,0,0,0,0,0,99538,0,0,0,0,0,0,0,0,0,0,457,0,0,0,0,0,0
72,3567,73.1483742093673,99995,20,11,1,0,325,168,0.004930246512325616,14,8,49687,49843,276,136,0,0,0,0,0,0,99534,0,0,0,0,0,0,0,0,0,0,461,0,0,0,0,0,0
73,3567,74.04236106541747,99995,21,10,1,0,327,169,0.00496024801240062,15,8,49687,49842,274,138,0,0,0,0,0,0,99531,0,0,0,0,0,0,0,0,0,0,464,0,0,0,0,0,0
74,3567,75.01201865731232,99995,22,11,1,0,331,170,0.005010250512525626,18,8,49681,49841,276,138,0,0,0,0,0,0,99528,0,0,0,0,0,0,0,0,0,0,467,0,0,0,0,0,0
75,3567,76.02843127273447,99995,20,13,1,0,333,172,0.005050252512625631,20,8,49679,49840,278,137,0,0,0,0,0,0,99525,0,0,1,0,0,0,0,0,0,0,469,0,0,0,0,0,0
76,3567,77.03771229022823,99995,25,15,1,0,338,177,0.005150257512875644,18,6,49678,49837,276,140,0,0,0,0,0,0,99522,0,0,1,0,0,0,0,0,0,0,472,0,0,0,0,0,0
77,3567,78.03615636348974,99995,30,14,1,0,344,178,0.005220261013050653,15,5,49675,49839,277,140,0,0,0,0,0,0,99519,0,0,1,0,0,0,0,0,0,0,475,0,0,0,0,0,0
78,3567,79.16581747789729,99995,29,14,1,0,350,179,0.005290264513225661,19,5,49665,49840,284,139,0,0,0,0,0,0,99511,0,0,1,0,0,0,0,0,0,0,483,0,0,0,0,0,0
79,3567,80.09142792231407,99995,32,12,1,0,358,180,0.005380269013450673,17,8,49659,49836,289,142,0,0,0,0,0,0,99503,0,0,1,0,0,0,0,0,0,0,491,0,0,0,0,0,0
80,3567,81.2371158355641,99995,30,13,1,0,363,182,0.005450272513625681,18,7,49653,49835,296,143,0,0,0,0,0,0,99495,0,0,1,0,0,0,0,0,0,0,499,0,0,0,0,0,0
81,3567,82.161290440684,99995,33,14,1,0,368,184,0.00552027601380069,16,8,49653,49833,295,143,0,0,0,0,0,0,99492,0,0,1,0,0,0,0,0,0,0,502,0,0,0,0,0,0
82,3567,83.01809191531216,99995,37,17,1,0,373,188,0.005610280514025701,14,6,49650,49831,296,144,0,0,0,0,0,0,99490,0,0,1,0,0,0,0,0,0,0,504,0,0,0,0,0,0
83,3567,84.03177054927427,99995,35,20,1,0,376,192,0.00568028401420071,15,6,49646,49828,301,144,0,0,0,0,0,0,99484,0,0,1,0,0,0,0,0,0,0,510,0,0,0,0,0,0
84,3567,85.14260948508688,99995,36,17,1,0,380,193,0.005730286514325716,16,6,49641,49827,304,148,0,0,0,0,0,0,99477,0,0,1,0,0,0,0,0,0,0,517,0,0,0,0,0,0
85,3567,86.14749453355358,99995,36,17,1,0,382,194,0.00576028801440072,18,10,49640,49822,303,149,0,0,0,0,0,0,99474,0,0,1,0,0,0,0,0,0,0,520,0,0,0,0,0,0
86,3567,87.01355305978397,99995,40,16,1,0,387,196,0.005830291514575729,18,10,49636,49820,303,152,0,0,0,0,0,0,99470,0,0,1,0,0,0,0,0,0,0,524,0,0,0,0,0,0
87,3567,88.01342013590546,99995,43,14,1,0,392,198,0.005900295014750738,15,11,49634,49818,305,155,0,0,0,0,0,0,99464,0,0,1,0,0,0,0,0,0,0,530,0,0,0,0,0,0
88,3567,89.01241269887397,99995,41,15,1,0,396,200,0.005960298014900745,18,10,49627,49817,311,156,0,0,0,0,0,0,99457,0,0,1,0,0,0,0,0,0,0,537,0,0,0,0,0,0
89,3567,90.0149070835226,99995,37,15,1,0,399,202,0.006010300515025751,20,10,49626,49815,314,158,0,0,0,0,0,0,99448,0,0,1,0,0,0,0,0,0,0,546,0,0,0,0,0,0
90,3567,91.05223041342676,99995,37,15,1,0,404,204,0.00608030401520076,19,9,49623,49814,318,160,0,0,0,0,0,0,99441,0,0,1,0,0,0,0,0,0,0,553,0,0,0,0,0,0
91,3567,92.19427999377899,99995,40,13,1,0,413,205,0.006180309015450773,18,9,49616,49813,323,163,0,0,0,0,0,0,99432,0,0,1,0,0,0,0,0,0,0,562,0,0,0,0,0,0
92,3567,93.07780354861505,99995,37,12,1,0,417,209,0.006260313015650783,18,9,49613,49811,329,166,0,0,0,0,0,0,99420,0,0,1,0,0,0,0,0,0,0,574,0,0,0,0,0,0
93,3567,94.19267821434373,99995,33,12,1,0,421,210,0.006310315515775789,21,12,49610,49809,333,165,0,0,0,0,0,0,99411,0,0,1,0,0,0,0,0,0,0,583,0,0,0,0,0,0
94,3567,95.00767250415811,99995,32,14,1,0,425,213,0.006380319015950798,25,14,49603,49804,337,166,0,0,0,0,0,0,99405,0,0,1,0,0,0,0,0,0,0,589,0,0,0,0,0,0
95,3567,96.12926613328567,99995,35,15,1,0,430,217,0.006470323516175809,23,16,49600,49798,339,169,0,0,0,0,0,0,99400,0,0,1,0,0,0,0,0,0,0,594,0,0,0,0,0,0
96,3567,97.30046850198994,99995,34,21,1,0,432,223,0.006550327516375819,27,12,49595,49797,341,168,0,0,0,0,0,0,99397,0,0,1,0,0,0,0,0,0,0,597,0,0,0,0,0,0
97,3567,98.06603537233747,99995,34,22,1,0,437,224,0.006610330516525827,29,13,49588,49795,346,168,0,0,0,0,0,0,99392,0,0,1,0,0,0,0,0,0,0,602,0,0,0,0,0,0
98,3567,99.17310325397571,99995,27,20,1,0,441,229,0.006700335016750838,31,12,49583,49793,356,173,0,0,0,0,0,0,99374,0,0,1,0,0,0,0,0,0,0,620,0,0,0,0,0,0
99,3567,100.11218557165151,99995,30,19,1,0,447,231,0.006780339016950848,30,10,49579,49793,358,176,0,0,0,0,0,0,99368,0,0,1,0,0,0,0,0,0,0,626,0,0,0,0,0,0
100,3567,101.13447560502016,99995,31,16,1,0,451,232,0.006830341517075854,36,12,49569,49791,361,179,0,0,0,0,0,0,99361,0,0,1,0,0,0,0,0,0,0,633,0,0,0,0,0,0
101,3567,102.07197117935125,99995,34,18,1,0,461,236,0.006970348517425872,30,11,49567,49788,366,181,0,0,0,0,0,0,99352,0,0,1,0,0,0,0,0,0,0,642,0,0,0,0,0,0
102,3567,103.10036299837994,99994,40,19,2,0,471,239,0.007100426025561534,24,8,49564,49788,368,183,0,0,0,0,0,0,99346,0,0,1,0,0,0,0,0,0,0,647,0,0,0,0,0,0
103,3567,104.03465225374302,99994,34,17,2,0,474,241,0.007150429025741544,21,7,49564,49788,377,186,0,0,0,0,0,0,99333,0,0,1,0,0,0,0,0,0,0,660,0,0,0,0,0,0
104,3567,105.27296495819436,99994,26,15,2,0,479,242,0.007210432625957558,21,8,49559,49786,390,189,0,0,0,0,0,0,99317,0,0,1,0,0,0,0,0,0,0,676,0,0,0,0,0,0
105,3567,106.05442508024572,99994,25,14,2,0,480,243,0.007230433826029562,20,9,49559,49784,392,191,0,0,0,0,0,0,99313,0,0,1,0,0,0,0,0,0,0,680,0,0,0,0,0,0
106,3567,107.11553490749401,99994,29,15,2,0,487,246,0.007330439826389584,19,10,49555,49781,393,192,0,0,0,0,0,0,99308,0,0,1,0,0,0,0,0,0,0,685,0,0,0,0,0,0
107,3567,108.2495406402612,99994,30,15,2,0,492,248,0.007400444026641599,24,9,49545,49780,397,194,0,0,0,0,0,0,99302,0,0,1,0,0,0,0,0,0,0,691,0,0,0,0,0,0
108,3567,109.21009391230464,99994,33,14,2,0,499,250,0.007490449426965618,23,8,49540,49779,400,197,0,0,0,0,0,0,99295,0,0,1,0,0,0,0,0,0,0,698,0,0,0,0,0,0
109,3567,110.26045265339239,99994,34,14,2,0,507,253,0.007600456027361642,20,5,49538,49780,404,199,0,0,0,0,0,0,99285,0,0,1,0,0,0,0,0,0,0,708,0,0,0,0,0,0
110,3567,111.08452108529414,99994,32,15,2,0,511,255,0.0076604596275776544,18,9,49543,49774,403,200,0,0,0,0,0,0,99278,0,0,1,0,0,0,0,0,0,0,715,0,0,0,0,0,0
111,3567,112.18070327631818,99994,36,13,2,0,517,256,0.00773046382782967,19,9,49536,49773,405,203,0,0,0,0,0,0,99273,0,0,1,0,0,0,0,0,0,0,720,0,0,0,0,0,0
112,3567,113.0216988911387,99994,37,16,2,0,520,261,0.007810468628117687,17,6,49535,49772,407,204,0,0,0,0,0,0,99269,0,0,1,0,0,0,0,0,0,0,724,0,0,0,0,0,0
113,3567,114.05786738408949,99994,35,17,2,0,524,263,0.0078704722283337,16,8,49533,49769,412,204,0,0,0,0,0,0,99262,0,0,1,0,0,0,0,0,0,0,731,0,0,0,0,0,0
114,3567,115.08674662929782,99994,30,15,2,0,527,265,0.007920475228513711,16,11,49532,49766,418,206,0,0,0,0,0,0,99250,0,0,1,0,0,0,0,0,0,0,743,0,0,0,0,0,0
115,3567,116.00329891259703,99994,29,14,2,0,530,267,0.007970478228693722,16,11,49530,49764,421,209,0,0,0,0,0,0,99243,0,0,1,0,0,0,0,0,0,0,750,0,0,0,0,0,0
116,3567,117.11468898415428,99994,32,19,2,0,537,273,0.00810048602916175,13,7,49528,49762,423,210,0,0,0,0,0,0,99238,0,0,1,0,0,0,0,0,0,0,755,0,0,0,0,0,0
117,3567,118.24239492619935,99994,34,18,2,0,541,274,0.00815048902934176,12,7,49526,49761,424,212,0,0,0,0,0,0,99234,0,0,1,0,0,0,0,0,0,0,759,0,0,0,0,0,0
118,3567,119.22921719951118,99994,35,18,2,0,546,276,0.008220493229593775,12,7,49521,49759,428,214,0,0,0,0,0,0,99228,0,0,1,0,0,0,0,0,0,0,765,0,0,0,0,0,0
119,3567,120.09980913752625,99994,34,16,2,0,547,279,0.008260495629737784,16,8,49517,49756,429,218,0,0,0,0,0,0,99222,0,0,2,0,0,0,0,0,0,0,770,0,0,0,0,0,0
120,3567,121.1096197552476,99994,28,19,2,0,549,283,0.008320499229953798,25,11,49507,49749,436,219,0,0,0,0,0,0,99213,0,0,2,0,0,0,0,0,0,0,779,0,0,0,0,0,0
121,3567,122.30509907605355,99994,31,16,2,0,556,284,0.008400504030241814,27,12,49498,49748,440,222,0,0,0,0,0,0,99205,0,0,2,0,0,0,0,0,0,0,787,0,0,0,0,0,0
122,3567,123.12352462886543,99994,29,15,2,0,560,285,0.008450507030421826,27,14,49499,49745,441,224,0,0,0,0,0,0,99197,0,0,2,0,0,0,0,0,0,0,795,0,0,0,0,0,0
123,3567,124.10761528467026,99994,35,16,2,0,569,286,0.008550513030781847,22,13,49495,49745,444,224,0,0,0,0,0,0,99195,0,0,3,0,0,0,0,0,0,0,796,0,0,0,0,0,0
124,3567,125.10957683272062,99994,33,18,2,0,575,289,0.008640518431105866,22,13,49493,49743,448,224,0,0,0,0,0,0,99186,0,0,3,0,0,0,0,0,0,0,805,0,0,0,0,0,0
125,3567,126.07190656962982,99994,36,18,2,0,582,291,0.008730523831429885,19,12,49489,49742,452,226,0,0,0,0,0,0,99180,0,0,3,0,0,0,0,0,0,0,811,0,0,0,0,0,0
126,3567,127.02601766202784,99994,38,21,2,0,589,296,0.008850531031861912,21,10,49480,49740,457,227,0,0,0,0,0,0,99173,0,0,3,0,0,0,0,0,0,0,818,0,0,0,0,0,0
127,3567,128.0509979098939,99994,32,21,2,0,593,300,0.008930535832149929,25,12,49475,49734,464,231,0,0,0,0,0,0,99159,0,0,3,0,0,0,0,0,0,0,832,0,0,0,0,0,0
128,3567,129.14087730338167,99994,33,25,2,0,596,304,0.009000540032401944,27,10,49473,49734,463,229,0,0,0,0,0,0,99157,0,0,3,0,0,0,0,0,0,0,834,0,0,0,0,0,0
129,3567,130.30390031057908,99994,33,19,2,0,599,306,0.009050543032581956,30,12,49470,49730,463,237,0,0,0,0,0,0,99146,0,0,3,0,0,0,0,0,0,0,845,0,0,0,0,0,0
130,3567,131.0843877205979,99993,36,19,3,0,604,308,0.009120638444691128,32,11,49463,49729,464,239,0,0,0,0,0,0,99142,0,0,3,0,0,0,0,0,0,0,848,0,0,0,0,0,0
131,3567,132.04696344100836,99993,38,17,3,0,609,310,0.009190643345034152,30,9,49460,49729,467,243,0,0,0,0,0,0,99135,0,0,3,0,0,0,0,0,0,0,855,0,0,0,0,0,0
132,3567,133.02720641642622,99993,40,18,3,0,621,315,0.009360655245867211,30,6,49451,49729,474,245,0,0,0,0,0,0,99121,0,0,3,0,0,0,0,0,0,0,869,0,0,0,0,0,0
133,3567,134.1934149225093,99993,44,16,3,0,630,315,0.00945066154630824,29,6,49447,49731,475,245,0,0,0,0,0,0,99114,0,0,3,0,0,0,0,0,0,0,876,0,0,0,0,0,0
134,3567,135.14276321474463,99993,45,15,3,0,635,317,0.009520666446651265,26,4,49447,49731,477,248,0,0,0,0,0,0,99107,0,0,3,0,0,0,0,0,0,0,883,0,0,0,0,0,0
135,3567,136.07305106232107,99993,43,12,3,0,641,317,0.009580670646945287,24,5,49445,49730,483,251,0,0,0,0,0,0,99096,0,0,3,0,0,0,0,0,0,0,894,0,0,0,0,0,0
136,3567,137.02245834563226,99993,41,13,3,0,643,319,0.0096206734471413,30,4,49437,49729,487,252,0,0,0,0,0,0,99091,0,0,3,0,0,0,0,0,0,0,899,0,0,0,0,0,0
137,3567,138.26951890716427,99993,37,11,3,0,650,319,0.009690678347484324,30,6,49430,49729,498,252,0,0,0,0,0,0,99079,0,0,4,0,0,0,0,0,0,0,910,0,0,0,0,0,0
138,3567,139.17864213045365,99993,42,9,3,0,659,319,0.009780684647925355,29,8,49423,49729,501,252,0,0,0,0,0,0,99073,0,0,4,0,0,0,0,0,0,0,916,0,0,0,0,0,0
139,3567,140.19483799458973,99993,39,9,3,0,665,320,0.00985068954826838,30,13,49416,49724,510,252,0,0,0,0,0,0,99063,0,0,4,0,0,0,0,0,0,0,926,0,0,0,0,0,0
140,3567,141.28155049169334,99993,39,7,3,0,672,321,0.009930695148660407,30,14,49412,49722,514,255,0,0,0,0,0,0,99053,0,0,4,0,0,0,0,0,0,0,936,0,0,0,0,0,0
141,3567,142.02682246187413,99993,43,8,3,0,679,324,0.010030702149150441,25,11,49410,49722,517,257,0,0,0,0,0,0,99048,0,0,4,0,0,0,0,0,0,0,941,0,0,0,0,0,0
142,3567,143.0330370326129,99993,40,8,3,0,684,326,0.010100707049493465,24,11,49407,49720,524,259,0,0,0,0,0,0,99038,0,0,4,0,0,0,0,0,0,0,951,0,0,0,0,0,0
143,3567,144.12054498683477,99993,37,9,3,0,690,328,0.010180712649885492,21,11,49405,49720,532,258,0,0,0,0,0,0,99028,0,0,4,0,0,0,0,0,0,0,961,0,0,0,0,0,0
144,3567,145.11985826396264,99993,36,8,3,0,692,328,0.0102007140499835,23,11,49402,49720,534,259,0,0,0,0,0,0,99024,0,0,4,0,0,0,0,0,0,0,965,0,0,0,0,0,0
145,3567,146.22713817178072,99993,41,12,3,0,703,333,0.010360725250767554,19,6,49397,49723,538,257,0,0,0,0,0,0,99017,0,0,4,0,0,0,0,0,0,0,972,0,0,0,0,0,0
146,3567,147.03874779213336,99993,36,7,3,0,705,333,0.010380726650865561,21,8,49394,49722,544,261,0,0,0,0,0,0,99005,0,0,4,0,0,0,0,0,0,0,984,0,0,0,0,0,0
147,3567,148.27774020472236,99993,35,11,3,0,711,337,0.010480733651355595,22,5,49388,49724,550,258,0,0,0,0,0,0,98998,0,0,4,0,0,0,0,0,0,0,991,0,0,0,0,0,0
148,3567,149.15000168769043,99993,34,11,3,0,714,339,0.010530737151600612,25,3,49383,49724,553,260,0,0,0,0,0,0,98992,0,0,4,0,0,0,0,0,0,0,997,0,0,0,0,0,0
149,3567,150.28719781919165,99993,38,10,3,0,720,340,0.010600742051943637,25,4,49379,49725,553,259,0,0,0,0,0,0,98988,0,0,4,0,0,0,0,0,0,0,1001,0,0,0,0,0,0
150,3567,151.21035466149837,99993,38,11,3,0,724,341,0.010650745552188654,25,5,49379,49724,553,258,0,0,0,0,0,0,98984,0,0,4,0,0,0,0,0,0,0,1005,0,0,0,0,0,0
151,3567,152.0789153055564,99993,38,10,3,0,727,342,0.010690748352384667,26,6,49376,49722,555,260,0,0,0,0,0,0,98979,0,0,4,0,0,0,0,0,0,0,1010,0,0,0,0,0,0
152,3567,153.17044164549546,99993,39,9,3,0,736,342,0.010780754652825698,24,8,49371,49720,561,261,0,0,0,0,0,0,98970,0,0,4,0,0,0,0,0,0,0,1019,0,0,0,0,0,0
153,3567,154.29237471811166,99993,32,10,3,0,740,344,0.010840758853119718,26,9,49368,49718,569,261,0,0,0,0,0,0,98958,0,0,4,0,0,0,0,0,0,0,1031,0,0,0,0,0,0
154,3567,155.06127985602242,99993,34,11,3,0,745,347,0.010920764453511745,23,9,49368,49716,570,262,0,0,0,0,0,0,98953,0,0,4,0,0,0,0,0,0,0,1036,0,0,0,0,0,0
155,3567,156.11222902330474,99993,33,10,3,0,746,348,0.010940765853609752,27,12,49365,49713,570,263,0,0,0,0,0,0,98949,0,0,4,0,0,0,0,0,0,0,1040,0,0,0,0,0,0
156,3567,157.0003672911944,99993,34,11,3,0,752,350,0.01102077145400178,25,12,49362,49711,574,264,0,0,0,0,0,0,98943,0,0,4,0,0,0,0,0,0,0,1046,0,0,0,0,0,0
157,3567,158.16411337053728,99993,33,13,3,0,758,355,0.011130779154540818,25,10,49357,49709,580,266,0,0,0,0,0,0,98933,0,0,4,0,0,0,0,0,0,0,1056,0,0,0,0,0,0
158,3567,159.0294847795422,99993,36,15,3,0,763,357,0.011200784054883842,25,8,49352,49709,582,266,0,0,0,0,0,0,98931,0,0,4,0,0,0,0,0,0,0,1058,0,0,0,0,0,0
159,3567,160.1918997577578,99993,40,17,3,0,769,361,0.011300791055373877,20,9,49352,49704,583,268,0,0,0,0,0,0,98927,0,0,4,0,0,0,0,0,0,0,1062,0,0,0,0,0,0
160,3567,161.0272221752576,99993,42,16,3,0,772,361,0.011330793155520887,22,12,49348,49703,583,267,0,0,0,0,0,0,98925,0,0,4,0,0,0,0,0,0,0,1064,0,0,0,0,0,0
161,3567,162.06590047295055,99993,43,11,3,0,779,362,0.011410798755912914,21,14,49345,49701,586,272,0,0,0,0,0,0,98913,0,0,4,0,0,0,0,0,0,0,1076,0,0,0,0,0,0
162,3567,163.1287135749676,99993,43,15,3,0,783,366,0.01149080435630494,23,12,49342,49699,587,272,0,0,0,0,0,0,98909,0,0,4,0,0,0,0,0,0,0,1080,0,0,0,0,0,0
163,3567,164.23916207548606,99993,41,16,3,0,787,371,0.011580810656745972,28,7,49335,49699,591,276,0,0,0,0,0,0,98899,0,0,4,0,0,0,0,0,0,0,1090,0,0,0,0,0,0
164,3567,165.0050481647571,99993,41,13,3,0,795,371,0.011660816257138,28,12,49328,49694,598,279,0,0,0,0,0,0,98888,0,0,4,0,0,0,0,0,0,0,1101,0,0,0,0,0,0
165,3567,166.01096261892553,99993,38,14,3,0,796,373,0.01169081835728501,30,13,49326,49692,601,279,0,0,0,0,0,0,98883,0,0,4,0,0,0,0,0,0,0,1106,0,0,0,0,0,0
166,3567,167.10651669700258,99993,32,12,3,0,801,376,0.011770823957677038,33,13,49321,49691,609,282,0,0,0,0,0,0,98868,0,0,5,0,0,0,0,0,0,0,1120,0,0,0,0,0,0
167,3567,168.13136576122406,99993,29,9,3,0,806,378,0.01184082885802006,30,11,49321,49693,615,285,0,0,0,0,0,0,98855,0,0,5,0,0,0,0,0,0,0,1133,0,0,0,0,0,0
168,3567,169.10071940812904,99993,29,10,3,0,811,379,0.011900833058314082,28,11,49324,49693,614,284,0,0,0,0,0,0,98850,0,0,5,0,0,0,0,0,0,0,1138,0,0,0,0,0,0
169,3567,170.0588936021195,99993,34,11,3,0,820,381,0.01201084075885312,24,9,49320,49695,617,283,0,0,0,0,0,0,98845,0,0,5,0,0,0,0,0,0,0,1143,0,0,0,0,0,0
170,3567,171.27699763001772,99993,29,11,3,0,825,383,0.012080845659196144,22,10,49321,49692,623,285,0,0,0,0,0,0,98833,0,0,5,0,0,0,0,0,0,0,1155,0,0,0,0,0,0
171,3567,172.05164788261538,99993,31,10,3,0,832,383,0.012150850559539168,19,13,49320,49689,625,286,0,0,0,0,0,0,98827,0,0,5,0,0,0,0,0,0,0,1161,0,0,0,0,0,0
172,3567,173.10546236729837,99993,28,11,3,0,835,386,0.012210854759833188,18,11,49320,49689,629,287,0,0,0,0,0,0,98819,0,0,5,0,0,0,0,0,0,0,1169,0,0,0,0,0,0
173,3567,174.00170616983453,99993,32,12,3,0,840,388,0.012280859660176212,19,10,49315,49688,629,288,0,0,0,0,0,0,98817,0,0,5,0,0,0,0,0,0,0,1171,0,0,0,0,0,0
174,3567,175.00425807651897,99993,33,10,3,0,846,389,0.012350864560519237,18,11,49312,49686,632,291,0,0,0,0,0,0,98809,0,0,5,0,0,0,0,0,0,0,1179,0,0,0,0,0,0
175,3567,176.18209270218728,99993,34,12,3,0,850,394,0.012440870860960268,22,9,49307,49684,632,293,0,0,0,0,0,0,98803,0,0,5,0,0,0,0,0,0,0,1185,0,0,0,0,0,0
176,3567,177.16585175503064,99993,35,13,3,0,855,397,0.012520876461352295,20,8,49306,49682,634,295,0,0,0,0,0,0,98797,0,0,5,0,0,0,0,0,0,0,1191,0,0,0,0,0,0
177,3567,178.06506505036148,99993,32,14,3,0,856,401,0.012570879961597312,23,7,49302,49680,638,297,0,0,0,0,0,0,98790,0,0,5,0,0,0,0,0,0,0,1198,0,0,0,0,0,0
178,3567,179.2406753442258,99993,34,14,3,0,866,404,0.012700889062234356,22,8,49295,49678,644,298,0,0,0,0,0,0,98779,0,0,5,0,0,0,0,0,0,0,1209,0,0,0,0,0,0
179,3567,180.07523657298395,99993,34,15,3,0,870,406,0.012760893262528376,22,8,49293,49677,646,298,0,0,0,0,0,0,98774,0,0,5,0,0,0,0,0,0,0,1214,0,0,0,0,0,0
180,3567,181.15072973762773,99993,37,16,3,0,876,408,0.012840898862920405,23,8,49288,49675,647,299,0,0,0,0,0,0,98770,0,0,5,0,0,0,0,0,0,0,1218,0,0,0,0,0,0
181,3567,182.01952931322393,99993,33,16,3,0,879,411,0.012900903063214425,24,5,49287,49676,651,301,0,0,0,0,0,0,98760,0,0,5,0,0,0,0,0,0,0,1228,0,0,0,0,0,0
182,3567,183.0922930298501,99993,33,16,3,0,884,412,0.012960907263508445,23,9,49285,49673,654,300,0,0,0,0,0,0,98754,0,0,5,0,0,0,0,0,0,0,1234,0,0,0,0,0,0
183,3567,184.00184047399821,99993,38,17,3,0,890,414,0.013040912863900474,19,10,49284,49672,654,299,0,0,0,0,0,0,98752,0,0,5,0,0,0,0,0,0,0,1236,0,0,0,0,0,0
184,3567,185.06462991541906,99993,41,15,3,0,894,416,0.013100917064194494,27,14,49274,49667,653,302,0,0,0,0,0,0,98747,0,0,5,0,0,0,0,0,0,0,1241,0,0,0,0,0,0
185,3567,186.04546179094586,99993,41,14,3,0,904,420,0.013240926864880542,25,11,49268,49667,661,306,0,0,0,0,0,0,98732,0,0,5,0,0,0,0,0,0,0,1256,0,0,0,0,0,0
186,3567,187.10850486279048,99993,42,12,3,0,910,422,0.01332093246527257,28,12,49261,49666,664,308,0,0,0,0,0,0,98723,0,0,5,0,0,0,0,0,0,0,1265,0,0,0,0,0,0
187,3567,188.22638320351757,99993,41,11,3,0,915,424,0.013390937365615594,28,13,49260,49663,666,311,0,0,0,0,0,0,98714,0,0,5,0,0,0,0,0,0,0,1274,0,0,0,0,0,0
188,3567,189.13938028076828,99993,44,15,3,0,922,429,0.013510945766203633,26,9,49256,49662,669,312,0,0,0,0,0,0,98709,0,0,5,0,0,0,0,0,0,0,1279,0,0,0,0,0,0
189,3567,190.0532563957804,99993,47,18,3,0,929,433,0.013620953466742672,23,12,49255,49656,670,312,0,0,0,0,0,0,98704,0,0,5,0,0,0,0,0,0,0,1284,0,0,0,0,0,0
190,3567,191.06621310286778,99993,51,22,3,0,937,437,0.013740961867330714,26,9,49248,49658,670,309,0,0,0,0,0,0,98700,0,0,5,0,0,0,0,0,0,0,1288,0,0,0,0,0,0
191,3567,192.10596584927416,99993,48,22,3,0,939,440,0.01379096536757573,28,8,49244,49659,675,309,0,0,0,0,0,0,98692,0,0,5,0,0,0,0,0,0,0,1296,0,0,0,0,0,0
192,3567,193.09133837253222,99993,47,19,3,0,948,441,0.013890972368065765,26,10,49237,49658,685,311,0,0,0,0,0,0,98678,0,0,5,0,0,0,0,0,0,0,1310,0,0,0,0,0,0
193,3567,194.110810751731,99993,44,16,3,0,952,442,0.013940975868310782,32,10,49228,49658,691,314,0,0,0,0,0,0,98667,0,0,5,0,0,0,0,0,0,0,1321,0,0,0,0,0,0
194,3567,195.00667980313045,99993,42,17,3,0,956,445,0.014010980768653807,31,7,49226,49660,696,314,0,0,0,0,0,0,98660,0,0,6,0,0,0,0,0,0,0,1327,0,0,0,0,0,0
195,3567,196.18913458537395,99993,41,17,3,0,966,446,0.014120988469192844,31,11,49217,49655,706,315,0,0,0,0,0,0,98648,0,0,6,0,0,0,0,0,0,0,1339,0,0,0,0,0,0
196,3567,197.02918921805244,99993,43,19,3,0,970,449,0.014190993369535868,28,10,49219,49653,705,316,0,0,0,0,0,0,98645,0,0,6,0,0,0,0,0,0,0,1342,0,0,0,0,0,0
197,3567,198.21849101747196,99993,40,21,3,0,975,454,0.014291000370025902,30,12,49215,49648,710,317,0,0,0,0,0,0,98634,0,0,6,0,0,0,0,0,0,0,1353,0,0,0,0,0,0
198,3567,199.00749681111685,99993,44,23,3,0,983,457,0.01440100807056494,30,14,49209,49643,712,318,0,0,0,0,0,0,98629,0,0,6,0,0,0,0,0,0,0,1358,0,0,0,0,0,0
199,3567,200.29557416419414,99993,46,22,3,0,990,462,0.01452101647115298,30,15,49205,49638,714,323,0,0,0,0,0,0,98618,0,0,6,0,0,0,0,0,0,0,1369,0,0,0,0,0,0
200,3567,201.03684759578942,99993,44,23,3,0,992,464,0.014561019271348995,32,14,49201,49637,718,324,0,0,0,0,0,0,98613,0,0,6,0,0,0,0,0,0,0,1374,0,0,0,0,0,0
201,3567,202.068234379103,99993,50,24,3,0,1003,466,0.01469102837198604,30,18,49194,49631,721,325,0,0,0,0,0,0,98607,0,0,6,0,0,0,0,0,0,0,1380,0,0,0,0,0,0
202,3567,203.18298686674783,99993,47,25,3,0,1013,471,0.01484103887272109,29,22,49187,49624,732,327,0,0,0,0,0,0,98590,0,0,6,0,0,0,0,0,0,0,1397,0,0,0,0,0,0
203,3567,204.0367304640853,99993,55,28,3,0,1021,476,0.014971047973358135,31,22,49180,49619,729,329,0,0,0,0,0,0,98588,0,0,6,0,0,0,0,0,0,0,1399,0,0,0,0,0,0
204,3567,205.04019686779827,99993,52,29,3,0,1029,479,0.015081055673897174,37,21,49166,49617,740,331,0,0,0,0,0,0,98575,0,0,6,0,0,0,0,0,0,0,1412,0,0,0,0,0,0
205,3567,206.0438795573367,99993,54,31,3,0,1039,483,0.01522106547458322,34,23,49163,49612,744,332,0,0,0,0,0,0,98565,0,0,6,0,0,0,0,0,0,0,1422,0,0,0,0,0,0
206,3567,207.0476108842226,99993,57,39,3,0,1045,493,0.015381076675367276,35,17,49157,49609,746,333,0,0,0,0,0,0,98560,0,0,6,0,0,0,0,0,0,0,1427,0,0,0,0,0,0
207,3567,208.21010894065554,99993,49,35,3,0,1050,500,0.015501085075955316,50,17,49140,49603,756,343,0,0,0,0,0,0,98536,0,0,6,0,0,0,0,0,0,0,1451,0,0,0,0,0,0
208,3567,209.26255777191705,99993,51,31,3,0,1059,503,0.015621093476543358,51,16,49132,49601,761,350,0,0,0,0,0,0,98522,0,0,6,0,0,0,0,0,0,0,1465,0,0,0,0,0,0
209,3567,210.32386321698888,99993,50,30,3,0,1070,506,0.015761103277229405,49,18,49125,49597,771,353,0,0,0,0,0,0,98506,0,0,6,0,0,0,0,0,0,0,1481,0,0,0,0,0,0
210,3567,211.15339675687719,99993,52,31,3,0,1079,510,0.015891112377866452,51,17,49116,49595,776,355,0,0,0,0,0,0,98496,0,0,6,0,0,0,0,0,0,0,1491,0,0,0,0,0,0
211,3567,212.152646126859,99993,52,26,3,0,1091,513,0.016041122878601502,48,25,49112,49586,783,361,0,0,0,0,0,0,98476,0,0,6,0,0,0,0,0,0,0,1511,0,0,0,0,0,0
212,3567,213.15736691754776,99993,53,27,3,0,1099,518,0.016171131979238546,44,23,49108,49583,790,365,0,0,0,0,0,0,98465,0,0,6,0,0,0,0,0,0,0,1522,0,0,0,0,0,0
213,3567,214.16219665755995,99993,61,33,3,0,1116,525,0.01641114878041463,38,22,49099,49579,797,364,0,0,0,0,0,0,98455,0,0,6,0,0,0,0,0,0,0,1532,0,0,0,0,0,0
214,3567,215.1671350714244,99993,59,34,3,0,1123,528,0.016511155780904663,43,21,49091,49577,802,366,0,0,0,0,0,0,98444,0,0,6,0,0,0,0,0,0,0,1543,0,0,0,0,0,0
215,3567,216.17220389142736,99993,61,34,3,0,1132,534,0.016661166281639713,39,19,49088,49574,807,371,0,0,0,0,0,0,98431,0,0,6,0,0,0,0,0,0,0,1556,0,0,0,0,0,0
216,3567,217.03614754377278,99993,66,35,3,0,1145,541,0.01686118028261978,39,20,49077,49568,813,375,0,0,0,0,0,0,98417,0,0,6,0,0,0,0,0,0,0,1570,0,0,0,0,0,0
217,3567,218.16217320854852,99993,68,40,3,0,1160,551,0.01711119778384487,43,18,49060,49563,824,377,0,0,0,0,0,0,98399,0,0,6,0,0,0,0,0,0,0,1588,0,0,0,0,0,0
218,3567,219.1870451633044,99993,66,40,3,0,1168,558,0.017261208284579922,46,20,49054,49555,829,383,0,0,0,0,0,0,98382,0,0,6,0,0,0,0,0,0,0,1605,0,0,0,0,0,0
219,3567,220.16663526079876,99993,75,39,3,0,1185,562,0.017471222985608992,42,22,49047,49550,831,387,0,0,0,0,0,0,98369,0,0,6,0,0,0,0,0,0,0,1618,0,0,0,0,0,0
220,3567,221.17241695769846,99993,73,38,3,0,1194,565,0.017591231386197035,42,23,49038,49546,842,391,0,0,0,0,0,0,98354,0,0,6,0,0,0,0,0,0,0,1633,0,0,0,0,0,0
221,3567,222.1783883623629,99993,69,40,3,0,1203,568,0.017711239786785075,49,27,49024,49543,853,388,0,0,0,0,0,0,98340,0,0,6,0,0,0,0,0,0,0,1647,0,0,0,0,0,0
222,3567,223.1846113766409,99993,72,39,3,0,1219,574,0.01793125518786315,39,27,49023,49539,861,393,0,0,0,0,0,0,98320,0,0,6,0,0,0,0,0,0,0,1667,0,0,0,0,0,0
223,3567,224.190946295911,99993,81,43,3,0,1237,583,0.01820127408918624,30,22,49016,49538,868,395,0,0,0,0,0,0,98307,0,0,7,0,0,0,0,0,0,0,1679,0,0,0,0,0,0
224,3567,225.08986558238226,99993,77,39,3,0,1244,588,0.018321282489774285,33,26,49009,49529,876,404,0,0,0,0,0,0,98287,0,0,7,0,0,0,0,0,0,0,1699,0,0,0,0,0,0
225,3567,226.09647690146997,99993,66,42,3,0,1250,597,0.018471292990509335,37,20,49002,49530,890,406,0,0,0,0,0,0,98264,0,0,7,0,0,0,0,0,0,0,1722,0,0,0,0,0,0
226,3567,227.11786214458172,99993,69,37,3,0,1259,602,0.018611302791195383,44,18,48989,49527,893,416,0,0,0,0,0,0,98248,0,0,7,0,0,0,0,0,0,0,1738,0,0,0,0,0,0
227,3567,228.08382020272083,99993,70,32,3,0,1269,607,0.018761313291930436,49,16,48980,49528,896,422,0,0,0,0,0,0,98229,0,0,7,0,0,0,0,0,0,0,1757,0,0,0,0,0,0
228,3567,229.32010409461066,99993,71,29,3,0,1284,610,0.018941325892812496,46,17,48972,49526,906,426,0,0,0,0,0,0,98210,0,0,8,0,0,0,0,0,0,0,1775,0,0,0,0,0,0
229,3567,230.04443946924846,99993,70,30,3,0,1290,613,0.01903133219325353,45,14,48968,49527,912,427,0,0,0,0,0,0,98201,0,0,8,0,0,0,0,0,0,0,1784,0,0,0,0,0,0
230,3567,231.10984920041852,99993,72,26,3,0,1306,616,0.019221345494184593,40,16,48958,49523,925,433,0,0,0,0,0,0,98180,0,0,8,0,0,0,0,0,0,0,1805,0,0,0,0,0,0
231,3567,232.18015831544446,99993,74,25,3,0,1317,618,0.019351354594821638,39,18,48950,49519,932,436,0,0,0,0,0,0,98168,0,0,8,0,0,0,0,0,0,0,1817,0,0,0,0,0,0
232,3567,233.03349663397216,99993,70,24,3,0,1322,622,0.019441360895262667,40,18,48947,49516,938,440,0,0,0,0,0,0,98154,0,0,8,0,0,0,0,0,0,0,1831,0,0,0,0,0,0
233,3567,234.24488181327206,99993,74,24,3,0,1339,626,0.01965137559629174,34,19,48941,49512,946,443,0,0,0,0,0,0,98139,0,0,10,0,0,0,0,0,0,0,1844,0,0,0,0,0,0
234,3567,235.29045522886358,99993,72,27,3,0,1349,630,0.01979138539697779,43,21,48929,49508,951,442,0,0,0,0,0,0,98126,0,0,10,0,0,0,0,0,0,0,1857,0,0,0,0,0,0
235,3567,236.09170547224923,99993,73,29,3,0,1357,634,0.01991139379756583,43,18,48927,49507,952,444,0,0,0,0,0,0,98117,0,0,10,0,0,0,0,0,0,0,1866,0,0,0,0,0,0
236,3567,237.33022703380496,99993,70,27,3,0,1367,637,0.020041402898202873,45,23,48920,49499,960,449,0,0,0,0,0,0,98099,0,0,10,0,0,0,0,0,0,0,1884,0,0,0,0,0,0
237,3567,238.0025277144346,99993,66,27,3,0,1374,641,0.020151410598741912,46,23,48914,49496,969,452,0,0,0,0,0,0,98084,0,0,10,0,0,0,0,0,0,0,1899,0,0,0,0,0,0
238,3567,239.011152470062,99993,65,28,3,0,1385,644,0.02029142039942796,44,23,48911,49499,975,448,0,0,0,0,0,0,98070,0,0,10,0,0,0,0,0,0,0,1913,0,0,0,0,0,0
239,3567,240.01989300968367,99993,61,30,3,0,1397,651,0.020481433700359025,42,20,48907,49495,985,453,0,0,0,0,0,0,98049,0,0,10,0,0,0,0,0,0,0,1934,0,0,0,0,0,0
240,3567,241.17139449040008,99993,62,33,3,0,1408,657,0.020651445601192083,42,18,48899,49492,992,455,0,0,0,0,0,0,98036,0,0,10,0,0,0,0,0,0,0,1947,0,0,0,0,0,0
241,3567,242.08214557515674,99993,66,29,3,0,1420,661,0.020811456801976137,37,23,48895,49484,997,462,0,0,0,0,0,0,98021,0,0,11,0,0,0,0,0,0,0,1961,0,0,0,0,0,0
242,3567,243.111097417995,99993,70,33,3,0,1428,668,0.02096146730271119,30,19,48897,49482,998,464,0,0,0,0,0,0,98014,0,0,11,0,0,0,0,0,0,0,1968,0,0,0,0,0,0
243,3567,244.0992316623163,99993,62,31,3,0,1432,671,0.021031472203054215,40,28,48888,49475,1005,464,0,0,0,0,0,0,97997,0,0,11,0,0,0,0,0,0,0,1985,0,0,0,0,0,0
244,3567,245.10850011043817,99993,60,38,3,0,1441,679,0.021201484103887273,39,26,48883,49473,1013,461,0,0,0,0,0,0,97985,0,0,11,0,0,0,0,0,0,0,1997,0,0,0,0,0,0
245,3567,246.11782711695773,99993,65,38,3,0,1455,687,0.021421499504965347,32,24,48882,49469,1016,467,0,0,0,0,0,0,97968,0,0,11,0,0,0,0,0,0,0,2014,0,0,0,0,0,0
246,3567,247.12720087211494,99993,68,43,3,0,1467,695,0.021621513505945416,29,25,48877,49461,1021,469,0,0,0,0,0,0,97956,0,0,11,0,0,0,0,0,0,0,2026,0,0,0,0,0,0
247,3567,248.13666356837655,99993,66,35,3,0,1472,698,0.021701519106337445,33,30,48874,49455,1022,478,0,0,0,0,0,0,97940,0,0,13,0,0,0,0,0,0,0,2040,0,0,0,0,0,0
248,3567,249.14618848694644,99993,69,39,3,0,1479,705,0.02184152890702349,37,28,48868,49452,1021,479,0,0,0,0,0,0,97933,0,0,13,0,0,0,0,0,0,0,2047,0,0,0,0,0,0
249,3567,250.15574502036856,99993,70,37,3,0,1488,708,0.021961537307611533,32,29,48870,49450,1023,482,0,0,0,0,0,0,97920,0,0,13,0,0,0,0,0,0,0,2060,0,0,0,0,0,0
250,3567,251.1653086979474,99993,68,37,3,0,1491,718,0.022091546408248577,38,24,48865,49447,1024,490,0,0,0,0,0,0,97905,0,0,13,0,0,0,0,0,0,0,2075,0,0,0,0,0,0
251,3567,252.17495542625525,99993,74,36,3,0,1502,721,0.022231556208934626,39,25,48854,49443,1028,494,0,0,0,0,0,0,97896,0,0,13,0,0,0,0,0,0,0,2084,0,0,0,0,0,0
252,3567,253.18475663110914,99993,74,41,3,0,1516,730,0.022461572310061705,34,23,48849,49437,1038,497,0,0,0,0,0,0,97878,0,0,13,0,0,0,0,0,0,0,2102,0,0,0,0,0,0
253,3567,254.1947058197343,99993,75,42,3,0,1524,735,0.02259158141069875,36,20,48839,49435,1045,501,0,0,0,0,0,0,97867,0,0,13,0,0,0,0,0,0,0,2113,0,0,0,0,0,0
254,3567,255.15211385669596,99993,74,38,3,0,1533,737,0.022701589111237788,36,21,48832,49434,1053,505,0,0,0,0,0,0,97851,0,0,13,0,0,0,0,0,0,0,2129,0,0,0,0,0,0
255,3567,256.16241912579795,99993,72,38,3,0,1545,740,0.022851599611972837,32,25,48830,49430,1061,505,0,0,0,0,0,0,97835,0,0,14,0,0,0,0,0,0,0,2144,0,0,0,0,0,0
256,3567,257.1728110818966,99993,73,40,3,0,1555,743,0.02298160871260988,34,26,48823,49428,1065,504,0,0,0,0,0,0,97825,0,0,14,0,0,0,0,0,0,0,2154,0,0,0,0,0,0
257,3567,258.18328525817344,99993,65,42,3,0,1562,750,0.02312161851329593,41,26,48812,49423,1077,507,0,0,0,0,0,0,97805,0,0,14,0,0,0,0,0,0,0,2174,0,0,0,0,0,0
258,3567,259.1939563433526,99993,72,42,3,0,1575,758,0.023331633214325003,39,24,48804,49418,1080,514,0,0,0,0,0,0,97791,0,0,14,0,0,0,0,0,0,0,2188,0,0,0,0,0,0
259,3567,260.2048050951234,99993,71,35,3,0,1582,762,0.023441640914864042,43,22,48800,49417,1081,524,0,0,0,0,0,0,97773,0,0,15,0,0,0,0,0,0,0,2205,0,0,0,0,0,0
260,3567,261.2157660783377,99993,73,37,3,0,1591,769,0.023601652115648096,51,19,48785,49415,1086,527,0,0,0,0,0,0,97761,0,0,15,0,0,0,0,0,0,0,2217,0,0,0,0,0,0
261,3567,262.04747381504495,99993,78,39,3,0,1598,773,0.023711659816187135,56,20,48776,49410,1085,529,0,0,0,0,0,0,97757,0,0,15,0,0,0,0,0,0,0,2221,0,0,0,0,0,0
262,3567,263.17403263395596,99993,79,35,3,0,1612,779,0.023911673817167203,58,24,48766,49402,1092,537,0,0,0,0,0,0,97734,0,0,15,0,0,0,0,0,0,0,2244,0,0,0,0,0,0
263,3567,264.18541769192063,99993,87,37,3,0,1626,786,0.024121688518196273,61,23,48754,49398,1093,540,0,0,0,0,0,0,97724,0,0,16,0,0,0,0,0,0,0,2253,0,0,0,0,0,0
264,3567,265.1969457647216,99993,89,37,3,0,1642,793,0.02435170461932335,53,20,48753,49397,1100,544,0,0,0,0,0,0,97703,0,0,16,0,0,0,0,0,0,0,2274,0,0,0,0,0,0
265,3567,266.0148106586929,99993,86,38,3,0,1645,797,0.024421709519666376,53,16,48751,49398,1105,546,0,0,0,0,0,0,97694,0,0,16,0,0,0,0,0,0,0,2283,0,0,0,0,0,0
266,3567,267.1063346809267,99993,85,37,3,0,1659,802,0.024611722820597443,54,19,48740,49392,1116,550,0,0,0,0,0,0,97673,0,0,16,0,0,0,0,0,0,0,2304,0,0,0,0,0,0
267,3567,268.12577911311973,99993,82,35,3,0,1669,809,0.024781734721430502,49,19,48740,49388,1124,556,0,0,0,0,0,0,97651,0,0,16,0,0,0,0,0,0,0,2326,0,0,0,0,0,0
268,3567,269.273185327785,99993,76,35,3,0,1682,817,0.02499174942245957,54,15,48728,49388,1137,560,0,0,0,0,0,0,97624,0,0,16,0,0,0,0,0,0,0,2353,0,0,0,0,0,0
269,3567,270.0842032697317,99993,78,32,3,0,1693,817,0.02510175712299861,52,23,48724,49383,1141,560,0,0,0,0,0,0,97613,0,0,17,0,0,0,0,0,0,0,2363,0,0,0,0,0,0
270,3567,271.09658451091957,99993,80,38,3,0,1709,826,0.025351774624223694,47,19,48716,49379,1152,562,0,0,0,0,0,0,97597,0,0,18,0,0,0,0,0,0,0,2378,0,0,0,0,0,0
271,3567,272.08123151931596,99993,79,36,3,0,1721,829,0.025501785124958747,56,19,48701,49378,1159,565,0,0,0,0,0,0,97579,0,0,18,0,0,0,0,0,0,0,2396,0,0,0,0,0,0
272,3567,273.09399951727715,99993,86,36,3,0,1736,832,0.02568179772584081,56,23,48687,49372,1166,567,0,0,0,0,0,0,97568,0,0,18,0,0,0,0,0,0,0,2407,0,0,0,0,0,0
273,3567,274.106981481399,99993,91,42,3,0,1753,841,0.0259418159271149,55,21,48676,49365,1173,570,0,0,0,0,0,0,97553,0,0,18,0,0,0,0,0,0,0,2422,0,0,0,0,0,0
274,3567,275.1201106512669,99993,94,44,3,0,1767,848,0.026151830628143972,48,18,48673,49362,1180,574,0,0,0,0,0,0,97537,0,0,18,0,0,0,0,0,0,0,2438,0,0,0,0,0,0
275,3567,276.00550911075106,99993,92,43,3,0,1783,855,0.02638184672927105,45,15,48666,49358,1192,582,0,0,0,0,0,0,97511,0,0,18,0,0,0,0,0,0,0,2464,0,0,0,0,0,0
276,3567,277.20961573282204,99993,86,38,3,0,1792,859,0.026511855829908094,57,14,48647,49356,1205,590,0,0,0,0,0,0,97487,0,0,18,0,0,0,0,0,0,0,2488,0,0,0,0,0,0
277,3567,278.0874690116455,99993,83,37,3,0,1802,862,0.02664186493054514,61,19,48639,49350,1212,592,0,0,0,0,0,0,97470,0,0,18,0,0,0,0,0,0,0,2505,0,0,0,0,0,0
278,3567,279.12160637834006,99993,69,34,3,0,1810,865,0.026751872631084177,72,18,48624,49350,1230,596,0,0,0,0,0,0,97442,0,0,18,0,0,0,0,0,0,0,2533,0,0,0,0,0,0
279,3567,280.3199959919097,99993,87,35,3,0,1836,872,0.02708189573270129,62,17,48613,49344,1233,602,0,0,0,0,0,0,97428,0,0,18,0,0,0,0,0,0,0,2547,0,0,0,0,0,0
280,3567,281.1602134717831,99993,93,39,3,0,1850,876,0.02726190833358335,58,17,48609,49340,1235,602,0,0,0,0,0,0,97420,0,0,18,0,0,0,0,0,0,0,2555,0,0,0,0,0,0
281,3567,282.0249820748807,99993,88,38,3,0,1856,879,0.027351914634024383,65,17,48600,49340,1242,603,0,0,0,0,0,0,97405,0,0,18,0,0,0,0,0,0,0,2570,0,0,0,0,0,0
282,3567,283.28881455749047,99993,91,36,3,0,1878,888,0.027661936335543487,62,17,48589,49333,1253,612,0,0,0,0,0,0,97375,0,0,18,0,0,0,0,0,0,0,2600,0,0,0,0,0,0
283,3567,284.3152773431031,99993,93,34,3,0,1893,892,0.027851949636474554,62,24,48580,49327,1260,613,0,0,0,0,0,0,97356,0,0,18,0,0,0,0,0,0,0,2619,0,0,0,0,0,0
284,3567,285.33035204468104,99993,98,38,3,0,1912,903,0.028151970637944657,57,22,48571,49323,1269,615,0,0,0,0,0,0,97335,0,0,18,0,0,0,0,0,0,0,2640,0,0,0,0,0,0
285,3567,286.0071449416688,99993,98,37,3,0,1920,907,0.028271979038532697,60,20,48566,49322,1271,619,0,0,0,0,0,0,97323,0,0,19,0,0,0,0,0,0,0,2651,0,0,0,0,0,0
286,3567,287.03774517145445,99993,101,36,3,0,1938,911,0.02849199443961077,61,22,48548,49317,1285,623,0,0,0,0,0,0,97304,0,0,20,0,0,0,0,0,0,0,2669,0,0,0,0,0,0
287,3567,288.2650472898377,99993,95,36,3,0,1957,916,0.028732011240786854,58,26,48538,49308,1304,628,0,0,0,0,0,0,97274,0,0,20,0,0,0,0,0,0,0,2699,0,0,0,0,0,0
288,3567,289.2810287572115,99993,89,40,3,0,1967,922,0.02889202244157091,62,29,48528,49300,1316,629,0,0,0,0,0,0,97256,0,0,20,0,0,0,0,0,0,0,2717,0,0,0,0,0,0
289,3567,290.29716665353953,99993,95,36,3,0,1983,926,0.02909203644255098,65,31,48513,49295,1322,636,0,0,0,0,0,0,97239,0,0,21,0,0,0,0,0,0,0,2733,0,0,0,0,0,0
290,3567,291.3135536795614,99993,103,39,3,0,2001,934,0.02935205464382507,56,29,48506,49292,1330,638,0,0,0,0,0,0,97225,0,0,22,0,0,0,0,0,0,0,2746,0,0,0,0,0,0
291,3567,292.3301004261299,99993,95,43,3,0,2012,942,0.029542067944756133,59,33,48498,49281,1343,641,0,0,0,0,0,0,97202,0,0,22,0,0,0,0,0,0,0,2769,0,0,0,0,0,0
292,3567,293.0078744551414,99993,90,44,3,0,2017,947,0.029642074945246167,60,32,48499,49278,1346,644,0,0,0,0,0,0,97188,0,0,22,0,0,0,0,0,0,0,2783,0,0,0,0,0,0
293,3567,294.0246390143666,99993,92,50,3,0,2031,955,0.02986209034632424,61,32,48490,49273,1352,643,0,0,0,0,0,0,97174,0,0,22,0,0,0,0,0,0,0,2797,0,0,0,0,0,0
294,3567,295.04153160655915,99993,91,48,3,0,2044,961,0.03005210364725531,65,33,48479,49268,1360,649,0,0,0,0,0,0,97153,0,0,23,0,0,0,0,0,0,0,2817,0,0,0,0,0,0
295,3567,296.05860310048837,99993,98,45,3,0,2062,970,0.0303221225485784,64,28,48466,49267,1367,658,0,0,0,0,0,0,97130,0,0,23,0,0,0,0,0,0,0,2840,0,0,0,0,0,0
296,3567,297.07590116583447,99993,95,53,3,0,2071,979,0.03050213514946046,67,24,48462,49264,1371,657,0,0,0,0,0,0,97117,0,0,23,0,0,0,0,0,0,0,2853,0,0,0,0,0,0
297,3567,298.09329964358267,99993,93,54,3,0,2082,986,0.030682147750342524,69,23,48453,49261,1380,660,0,0,0,0,0,0,97099,0,0,24,0,0,0,0,0,0,0,2870,0,0,0,0,0,0
298,3567,299.11086020975984,99993,99,45,3,0,2101,987,0.030882161751322593,69,29,48442,49255,1385,669,0,0,0,0,0,0,97076,0,0,24,0,0,0,0,0,0,0,2893,0,0,0,0,0,0
299,3567,300.1286319464574,99993,95,42,3,0,2113,992,0.03105217365215565,73,28,48430,49251,1397,677,0,0,0,0,0,0,97052,0,0,24,0,0,0,0,0,0,0,2917,0,0,0,0,0,0
300,3567,301.1466669358323,99993,100,51,3,0,2132,1005,0.03137219605372376,63,27,48426,49242,1406,678,0,0,0,0,0,0,97034,0,0,24,0,0,0,0,0,0,0,2935,0,0,0,0,0,0
301,3567,302.1648381408081,99993,99,52,3,0,2149,1013,0.03162221355494885,64,31,48411,49231,1421,684,0,0,0,0,0,0,97009,0,0,24,0,0,0,0,0,0,0,2960,0,0,0,0,0,0
302,3567,303.1832745142314,99993,98,59,3,0,2167,1025,0.031922234556418946,60,28,48400,49224,1437,687,0,0,0,0,0,0,96985,0,0,24,0,0,0,0,0,0,0,2984,0,0,0,0,0,0
303,3567,304.20195155157734,99993,96,58,3,0,2178,1031,0.032092246457252005,66,30,48390,49220,1443,690,0,0,0,0,0,0,96965,0,0,24,0,0,0,0,0,0,0,3004,0,0,0,0,0,0
304,3567,305.220785908218,99993,108,57,3,0,2198,1042,0.03240226815877111,65,29,48377,49213,1445,699,0,0,0,0,0,0,96945,0,0,24,0,0,0,0,0,0,0,3024,0,0,0,0,0,0
305,3567,306.23980133969246,99992,102,60,4,0,2206,1050,0.03256260500840067,71,26,48372,49209,1449,703,0,0,0,0,0,0,96926,0,0,24,0,0,0,0,0,0,0,3042,0,0,0,0,0,0
306,3567,307.2588979111508,99992,106,55,4,0,2226,1053,0.03279262340987279,65,29,48367,49205,1456,709,0,0,0,0,0,0,96902,0,0,24,0,0,0,0,0,0,0,3066,0,0,0,0,0,0
307,3567,308.27815316581325,99992,107,49,4,0,2244,1060,0.033042643411472915,57,34,48363,49194,1467,721,0,0,0,0,0,0,96872,0,0,24,0,0,0,0,0,0,0,3096,0,0,0,0,0,0
308,3567,309.297570698902,99992,109,48,4,0,2263,1068,0.03331266501320106,56,34,48347,49188,1482,728,0,0,0,0,0,0,96846,0,0,24,0,0,0,0,0,0,0,3122,0,0,0,0,0,0
309,3567,310.31726582205147,99992,110,50,4,0,2277,1080,0.03357268581486519,55,31,48343,49185,1486,732,0,0,0,0,0,0,96824,0,0,25,0,0,0,0,0,0,0,3143,0,0,0,0,0,0
310,3567,311.33710555378474,99991,103,49,5,0,2291,1084,0.03375303777339961,56,37,48330,49183,1504,729,0,0,0,0,0,0,96799,0,0,26,0,0,0,0,0,0,0,3166,0,0,0,0,0,0
311,3567,312.0171681987805,99991,97,59,5,0,2299,1096,0.03395305577501975,61,32,48318,49178,1517,729,0,0,0,0,0,0,96783,0,0,26,0,0,0,0,0,0,0,3182,0,0,0,0,0,0
312,3567,313.03749915404865,99991,105,55,5,0,2316,1102,0.03418307647688292,67,33,48301,49171,1520,739,0,0,0,0,0,0,96764,0,0,26,0,0,0,0,0,0,0,3201,0,0,0,0,0,0
313,3567,314.05805953372317,99990,114,55,6,0,2336,1112,0.03448344834483448,64,32,48293,49165,1521,746,0,0,0,0,0,0,96743,0,0,26,0,0,0,0,0,0,0,3221,0,0,0,0,0,0
314,3567,315.0787538730013,99990,112,57,6,0,2348,1123,0.03471347134713471,67,31,48279,49159,1534,751,0,0,0,0,0,0,96720,0,0,26,0,0,0,0,0,0,0,3244,0,0,0,0,0,0
315,3567,316.0997086719945,99990,124,55,6,0,2369,1127,0.034963496349634964,67,36,48264,49154,1537,753,0,0,0,0,0,0,96705,0,0,26,0,0,0,0,0,0,0,3259,0,0,0,0,0,0
316,3567,317.1208463556176,99990,132,52,6,0,2389,1134,0.03523352335233523,73,38,48244,49148,1543,760,0,0,0,0,0,0,96684,0,0,27,0,0,0,0,0,0,0,3279,0,0,0,0,0,0
317,3567,318.14226489206226,99989,120,63,7,0,2403,1150,0.0355339087299603,78,36,48229,49137,1564,762,0,0,0,0,0,0,96653,0,0,27,0,0,0,0,0,0,0,3309,0,0,0,0,0,0
318,3567,319.1640195550666,99989,128,62,7,0,2424,1163,0.03587394613407475,79,31,48209,49131,1575,774,0,0,0,0,0,0,96626,0,0,27,0,0,0,0,0,0,0,3336,0,0,0,0,0,0
319,3567,320.18613790391083,99989,122,61,7,0,2444,1174,0.03618398023782616,71,26,48199,49125,1598,785,1,1,1,1,0,0,96586,0,0,27,0,0,0,0,0,0,2,3374,0,0,0,0,0,0
320,3567,321.208662409778,99989,119,63,7,0,2461,1181,0.03642400664073048,64,28,48192,49116,1614,789,2,2,2,2,0,0,96559,0,0,27,0,0,0,0,0,0,4,3399,0,0,0,0,0,0
321,3567,322.14513473333596,99989,121,66,7,0,2474,1187,0.03661402754302973,66,30,48180,49108,1621,791,3,3,3,3,0,0,96544,0,0,28,0,0,0,0,0,0,6,3411,0,0,0,0,0,0
322,3567,323.08353034144284,99989,116,71,7,0,2493,1197,0.03690405944653912,76,24,48154,49105,1641,794,4,4,4,4,0,0,96515,0,0,30,0,0,0,0,0,0,8,3436,0,0,0,0,0,0
323,3567,324.10666701578054,99989,119,67,7,0,2509,1201,0.03710408144895939,73,32,48145,49093,1649,801,5,5,5,5,0,0,96492,0,0,30,0,0,0,0,0,0,10,3457,0,0,0,0,0,0
324,3567,325.07923025792377,99989,120,67,7,0,2522,1206,0.037284101251137625,79,33,48130,49089,1656,803,6,6,6,6,0,0,96473,0,0,30,0,0,0,0,0,0,12,3474,0,0,0,0,0,0
325,3567,326.05639523691,99989,124,68,7,0,2545,1217,0.037624138655252076,80,31,48110,49080,1670,812,7,7,7,7,0,0,96444,0,0,32,0,0,0,0,0,0,14,3499,0,0,0,0,0,0
326,3567,327.0736506288383,99989,126,68,7,0,2567,1227,0.037944173859124505,70,32,48104,49072,1683,818,8,8,8,8,0,0,96414,0,0,32,1,0,0,0,0,0,15,3527,0,0,0,0,0,0
327,3567,328.0458250178003,99989,127,65,7,0,2585,1234,0.038194201362149835,71,36,48088,49061,1696,827,9,9,9,9,0,0,96387,0,0,34,1,0,0,0,0,0,17,3550,0,0,0,0,0,0
328,3567,329.1413558403379,99988,122,61,8,0,2608,1242,0.03850462055446654,67,34,48071,49058,1720,835,10,10,10,10,0,0,96348,0,0,36,1,0,0,0,0,0,18,3584,1,0,0,0,0,0
329,3567,330.05409965537837,99988,130,62,8,0,2628,1250,0.03878465415849902,63,36,48056,49048,1730,841,11,11,11,11,0,0,96327,0,0,36,1,0,0,0,0,0,20,3603,1,0,0,0,0,0
330,3567,331.0246516478932,99988,134,62,8,0,2649,1258,0.03907468896267552,67,37,48035,49040,1742,847,12,12,12,12,0,0,96300,0,0,36,1,0,0,0,0,0,22,3628,1,0,0,0,0,0
331,3567,332.06011371889076,99988,135,59,8,0,2674,1268,0.03942473096771613,71,41,48014,49027,1757,858,13,13,13,13,0,0,96261,0,0,36,1,0,0,0,0,0,24,3665,1,0,0,0,0,0
332,3567,333.0541964231055,99988,131,67,8,0,2695,1282,0.03977477297275673,70,41,47998,49018,1777,858,14,14,14,14,0,0,96228,0,0,36,1,0,0,0,0,0,26,3696,1,0,0,0,0,0
333,3567,334.01160117469607,99988,134,75,8,0,2710,1295,0.04005480657678921,71,36,47988,49013,1782,859,15,15,15,15,0,0,96209,0,0,36,1,0,0,0,0,0,28,3713,1,0,0,0,0,0
334,3567,335.08254315925285,99988,135,69,8,0,2731,1302,0.0403348401808217,73,37,47969,49006,1797,870,16,16,16,16,0,0,96175,0,0,37,1,0,0,0,0,0,30,3744,1,0,0,0,0,0
335,3567,336.00634811916194,99988,136,65,8,0,2749,1308,0.04057486898427811,75,39,47952,49000,1810,877,17,17,17,17,0,0,96147,0,0,38,1,0,0,0,0,0,32,3769,1,0,0,0,0,0
336,3567,337.0039633893219,99988,138,67,8,0,2771,1318,0.04089490738888667,78,41,47934,48991,1822,881,18,18,18,18,0,0,96118,0,0,39,1,0,0,0,0,0,34,3795,1,0,0,0,0,0
337,3567,338.0877198389718,99988,133,67,8,0,2786,1331,0.04117494099291915,86,39,47920,48979,1832,894,19,19,19,19,0,0,96083,0,0,39,1,0,0,0,0,0,36,3828,1,0,0,0,0,0
338,3567,339.01056646764476,99988,135,61,8,0,2804,1332,0.04136496379565548,81,45,47911,48974,1843,898,20,20,20,20,0,0,96059,0,0,39,1,0,0,0,0,0,37,3850,2,0,0,0,0,0
339,3567,340.0005011181536,99988,136,66,8,0,2821,1345,0.041664999799975996,82,38,47900,48969,1851,904,21,21,21,21,0,0,96034,0,0,40,1,0,0,0,0,0,39,3872,2,0,0,0,0,0
340,3567,341.13269797125014,99988,142,62,8,0,2850,1351,0.042015041805016605,82,51,47879,48954,1865,909,22,22,22,22,0,0,96000,0,0,41,1,0,0,0,0,0,41,3903,2,0,0,0,0,0
341,3567,342.16161163395685,99988,138,72,8,0,2866,1369,0.04235508260991319,82,41,47864,48947,1883,915,23,23,23,23,0,0,95972,0,0,43,1,0,0,0,0,0,43,3927,2,0,0,0,0,0
342,3567,343.19086096286094,99988,142,76,8,0,2890,1384,0.04274512941552986,75,42,47851,48937,1898,919,24,24,24,24,0,0,95940,0,0,44,1,0,0,0,0,0,45,3956,2,0,0,0,0,0
343,3567,344.22036489613134,99988,141,72,8,0,2906,1398,0.04304516541985038,77,39,47838,48926,1909,936,25,25,25,25,0,0,95905,0,0,46,1,0,0,0,0,0,47,3987,2,0,0,0,0,0
344,3567,345.25023144643825,99988,145,69,8,0,2927,1407,0.0433452014241709,77,39,47825,48919,1916,945,27,26,26,27,0,0,95873,0,0,46,1,0,0,0,0,0,50,4016,2,0,0,0,0,0
345,3567,346.2803587009461,99988,146,63,8,0,2948,1416,0.04364523742849142,72,39,47813,48911,1930,957,29,28,28,29,0,0,95834,0,0,46,1,0,0,0,0,0,54,4051,2,0,0,0,0,0
346,3567,347.31074826111467,99988,145,63,8,0,2964,1424,0.043885266231947835,82,45,47795,48900,1937,960,31,30,30,31,0,0,95807,0,0,48,1,0,0,0,0,0,58,4072,2,0,0,0,0,0
347,3567,348.34142894184964,99988,156,56,8,0,2991,1430,0.04421530583670041,77,44,47777,48899,1947,967,33,32,32,33,0,0,95774,0,0,48,1,0,0,0,0,0,62,4101,2,0,0,0,0,0
348,3567,349.0287416344077,99988,156,54,8,0,3007,1433,0.044405328639436734,76,53,47766,48891,1958,966,34,34,34,35,0,0,95749,0,0,48,1,0,0,0,0,0,66,4122,2,0,0,0,0,0
349,3567,350.0599981551443,99987,145,60,9,0,3023,1450,0.04473581565603529,78,52,47747,48874,1982,976,37,36,37,38,0,0,95705,0,0,48,1,0,0,0,0,0,72,4159,2,0,0,0,0,0
350,3567,351.0917336851384,99987,149,63,9,0,3044,1468,0.045125866362627144,86,40,47727,48866,1987,990,40,39,40,41,0,0,95667,0,0,48,1,0,0,0,0,0,78,4191,2,0,0,0,0,0
351,3567,352.1238541872266,99987,145,67,9,0,3062,1486,0.04548591316871193,95,35,47703,48855,2004,1000,42,41,43,44,0,0,95630,0,0,52,1,0,0,0,0,0,83,4218,3,0,0,0,0,0
352,3567,353.15640262270216,99987,152,63,9,0,3089,1491,0.04580595477412064,84,42,47688,48842,2019,1006,46,45,47,48,0,0,95594,0,0,53,1,0,0,0,0,0,91,4245,3,0,0,0,0,0
353,3567,354.1893045353685,99987,152,64,9,0,3107,1501,0.04608599117885325,84,38,47670,48834,2033,1013,50,49,51,52,0,0,95559,0,0,53,1,0,0,0,0,0,99,4272,3,0,0,0,0,0
354,3567,355.222618179157,99987,158,66,9,0,3133,1513,0.046466040585276085,89,38,47638,48823,2049,1018,55,53,56,57,0,0,95520,0,0,54,1,0,0,0,0,0,109,4300,3,0,0,0,0,0
355,3567,356.2564778986654,99987,167,67,9,0,3158,1524,0.04682608739136088,88,41,47617,48806,2057,1026,60,58,61,62,0,0,95485,0,0,55,1,0,0,0,0,0,119,4324,3,0,0,0,0,0
356,3567,357.2906462284109,99987,167,71,9,0,3175,1535,0.04710612379609349,90,47,47601,48783,2066,1033,65,64,67,67,0,0,95451,0,0,56,1,0,0,0,0,0,130,4346,3,0,0,0,0,0
357,3567,358.3251046733951,99987,165,70,9,0,3199,1543,0.04742616540150219,96,52,47576,48769,2081,1038,71,69,73,73,0,0,95405,0,0,56,1,0,0,0,0,0,141,4380,4,0,0,0,0,0
358,3567,359.0150139775761,99987,170,76,9,0,3214,1557,0.047716203106403836,95,49,47559,48751,2087,1046,78,76,80,80,0,0,95373,0,0,56,1,0,0,0,0,0,155,4398,4,0,0,0,0,0
359,3567,360.0502662908671,99987,173,77,9,0,3238,1573,0.04811625511316471,100,43,47531,48740,2101,1054,84,84,88,87,0,0,95323,0,0,56,1,0,0,0,0,0,169,4433,5,0,0,0,0,0
360,3567,361.08602750615256,99987,175,75,9,0,3272,1585,0.04857631492093972,94,44,47506,48725,2123,1061,91,93,97,95,0,0,95260,0,0,56,1,0,0,0,0,0,186,4479,5,0,0,0,0,0
361,3567,362.12239903543184,99987,169,78,9,0,3294,1598,0.04892636042685549,101,45,47477,48706,2142,1066,100,103,107,104,0,0,95206,0,0,57,1,0,0,0,0,0,203,4513,7,0,0,0,0,0
362,3567,363.1593426165317,99987,169,78,9,0,3320,1604,0.04924640203226419,91,57,47458,48682,2163,1067,108,114,118,113,0,0,95156,0,0,57,1,0,0,0,0,0,221,4543,9,0,0,0,0,0
363,3567,364.1968694414833,99987,163,74,9,0,3343,1616,0.04959644753817996,93,54,47430,48667,2185,1078,118,125,130,123,0,0,95093,0,0,59,1,0,0,0,0,0,241,4582,11,0,0,0,0,0
364,3567,365.2350510244475,99987,154,78,9,0,3363,1633,0.04996649564443378,99,51,47397,48641,2211,1091,128,137,143,134,0,0,95027,0,0,59,1,0,0,0,0,0,265,4624,11,0,0,0,0,0
365,3567,366.2739434736395,99986,154,82,10,0,3388,1649,0.050377052787390235,103,44,47360,48628,2231,1094,140,150,157,146,0,0,94965,0,0,60,1,0,0,0,0,0,291,4658,11,0,0,0,0,0
366,3567,367.31356667698765,99986,160,81,10,0,3414,1661,0.05075710599483928,109,48,47327,48602,2240,1105,152,162,172,159,0,0,94905,0,0,61,1,0,0,0,0,0,319,4689,11,0,0,0,0,0
367,3567,368.0069626834507,99985,156,81,11,0,3427,1669,0.05096764514677202,108,50,47310,48578,2247,1110,166,179,189,173,0,0,94850,0,0,61,1,0,0,0,0,0,349,4712,12,0,0,0,0,0
368,3567,369.04765238630125,99985,156,83,11,0,3453,1679,0.05132769915487323,101,55,47282,48550,2267,1114,181,196,207,188,0,0,94787,0,0,63,1,0,0,0,0,0,380,4740,14,0,0,0,0,0
369,3567,370.0889191921533,99985,155,87,11,0,3480,1691,0.05171775766364955,98,55,47253,48521,2283,1120,198,215,227,205,0,0,94714,0,0,63,1,0,0,0,0,0,417,4776,14,0,0,0,0,0
370,3567,371.1308100315677,99985,168,94,11,0,3512,1710,0.05222783417512627,100,52,47208,48490,2295,1126,216,236,249,223,0,0,94645,0,0,64,1,0,0,0,0,0,456,4804,15,0,0,0,0,0
371,3567,372.1735428148842,99984,164,98,12,0,3537,1729,0.05266842694831173,101,50,47168,48451,2318,1139,235,260,273,242,0,0,94563,0,0,66,1,0,0,0,0,0,496,4840,18,0,0,0,0,0
372,3567,373.21712550970307,99984,167,100,12,0,3562,1746,0.05308849415906545,113,55,47124,48407,2326,1151,256,285,299,263,0,0,94486,0,0,68,1,0,0,0,0,0,538,4868,23,0,0,0,0,0
373,3567,374.26149895434946,99984,184,94,12,0,3598,1758,0.053568570971355416,104,58,47086,48368,2336,1165,276,313,327,285,0,0,94404,0,0,69,1,0,0,0,0,0,584,4899,27,0,0,0,0,0
374,3567,375.3066190537487,99984,190,95,12,0,3629,1772,0.05401864298287726,107,64,47041,48324,2349,1174,299,341,357,309,0,0,94316,0,0,69,1,0,0,0,0,0,634,4933,31,0,0,0,0,0
375,3567,376.00382721295887,99984,186,95,12,0,3644,1784,0.05428868618979037,112,61,47003,48285,2361,1184,324,373,390,334,0,0,94232,0,0,71,1,0,0,0,0,0,689,4957,34,0,0,0,0,0
376,3567,377.05065305883426,99984,183,89,12,0,3673,1799,0.05472875660105617,110,67,46960,48235,2383,1199,350,408,425,361,0,0,94120,0,0,72,1,0,0,0,0,0,749,5006,36,0,0,0,0,0
377,3567,378.098494044802,99984,182,96,12,0,3704,1820,0.0552488398143703,104,58,46916,48197,2407,1205,377,442,463,390,0,0,94008,0,0,72,1,0,0,0,0,0,815,5051,37,0,0,0,0,0
378,3567,379.1473808863513,99984,187,93,12,0,3732,1835,0.05567890862538006,109,58,46862,48147,2422,1218,406,482,504,421,0,0,93902,0,0,73,1,0,0,0,0,0,881,5084,43,0,0,0,0,0
379,3567,380.19734087005855,99984,182,91,12,0,3761,1848,0.05609897583613378,114,60,46809,48093,2443,1229,438,525,548,454,0,0,93787,0,0,76,1,0,0,0,0,0,950,5119,51,0,0,0,0,0
380,3567,381.24853736177096,99984,176,101,12,0,3783,1870,0.05653904624739958,121,56,46755,48038,2462,1232,472,571,595,489,0,0,93671,0,0,78,1,0,0,0,0,0,1028,5151,55,0,0,0,0,0
381,3567,382.3009296327904,99984,176,103,12,0,3816,1887,0.057039126260201634,116,54,46705,47986,2481,1237,508,618,646,526,0,0,93541,0,0,80,1,0,0,0,0,0,1112,5191,59,0,0,0,0,0
382,3567,383.00315116981074,99983,175,100,13,0,3837,1895,0.05732974605682966,124,60,46651,47926,2488,1244,547,668,700,566,0,0,93422,0,0,81,1,0,0,0,0,0,1199,5214,66,0,0,0,0,0
383,3567,384.0577268079663,99983,185,91,13,0,3870,1907,0.057779822569836874,119,64,46598,47866,2499,1256,584,721,758,608,0,0,93282,0,0,82,1,0,0,0,0,0,1296,5253,69,0,0,0,0,0
384,3567,385.1135035439358,99983,193,91,13,0,3904,1922,0.05826990588400028,113,66,46537,47793,2514,1267,628,781,820,653,0,0,93140,0,0,81,2,0,0,0,0,0,1397,5289,74,0,0,0,0,0
385,3567,386.17065941385556,99983,184,96,13,0,3926,1939,0.0586599721952732,122,60,46479,47728,2528,1272,672,842,886,700,0,0,92993,0,0,82,2,0,0,0,0,0,1502,5322,82,0,0,0,0,0
386,3567,387.229151799283,99983,194,105,13,0,3963,1960,0.05924007081203805,117,49,46410,47653,2545,1281,719,910,957,750,0,0,92840,0,0,85,2,0,0,0,0,0,1619,5351,86,0,0,0,0,0
387,3567,388.2890854511153,99983,203,102,13,0,4004,1971,0.0597601592270686,113,55,46336,47569,2567,1288,766,984,1032,803,0,0,92679,0,0,89,2,0,0,0,0,0,1738,5380,95,0,0,0,0,0
388,3567,389.3505778134487,99983,195,109,13,0,4028,1994,0.06023023914065391,111,45,46275,47482,2587,1300,817,1062,1112,859,0,0,92503,0,0,91,2,0,0,0,0,0,1868,5418,101,0,0,0,0,0
389,3567,390.0590913569467,99983,190,111,13,0,4047,2006,0.06054029184961444,116,43,46203,47392,2602,1306,874,1146,1197,918,0,0,92341,0,0,91,4,0,0,0,0,0,1998,5436,113,0,0,0,0,0
390,3567,391.12379311276874,99983,191,106,13,0,4078,2017,0.0609603632617545,123,47,46126,47299,2613,1315,932,1231,1287,980,0,0,92152,0,0,93,4,0,0,0,0,0,2143,5471,120,0,0,0,0,0
391,3567,392.1901320188963,99983,189,101,13,0,4108,2028,0.06137043297360551,126,51,46048,47198,2627,1324,995,1324,1382,1045,0,0,91956,0,0,94,4,0,0,0,0,0,2292,5506,131,0,0,0,0,0
392,3567,393.25828369045445,99983,197,92,13,0,4142,2038,0.061810507786323673,119,54,45975,47098,2635,1337,1059,1417,1483,1114,0,0,91747,0,0,94,4,0,0,0,0,0,2456,5545,137,0,0,0,0,0
393,3567,394.3281771081819,99983,191,86,13,0,4170,2052,0.06223057919846374,121,58,45892,46986,2654,1349,1127,1519,1590,1186,0,0,91529,0,0,95,4,0,0,0,0,0,2621,5583,151,0,0,0,0,0
394,3567,395.0424878233197,99983,190,94,13,0,4188,2067,0.06256063530800236,121,52,45808,46874,2665,1353,1201,1625,1703,1262,0,0,91322,0,0,95,4,0,0,0,0,0,2802,5601,159,0,0,0,0,0
395,3567,396.1163090344469,99983,201,92,13,0,4225,2082,0.06308072372303292,121,51,45709,46761,2678,1356,1276,1738,1822,1341,0,0,91103,0,0,95,5,0,0,0,0,0,2979,5622,179,0,0,0,0,0
396,3567,397.1922317734142,99983,199,93,13,0,4253,2094,0.06348079173459488,134,56,45610,46633,2693,1359,1349,1857,1948,1424,0,0,90869,0,0,93,7,0,0,0,0,0,3172,5649,193,0,0,0,0,0
397,3567,398.27029306925596,99983,211,87,13,0,4299,2102,0.06402088355020354,113,65,45530,46501,2704,1362,1427,1983,2080,1511,0,0,90617,0,0,94,7,0,0,0,0,0,3377,5681,207,0,0,0,0,0
398,3567,399.3503865747621,99983,224,98,13,0,4338,2126,0.06465099066841364,105,59,45435,46361,2708,1364,1513,2116,2219,1602,0,0,90367,0,0,98,7,0,0,0,0,0,3592,5697,222,0,0,0,0,0
399,3567,400.07163623761625,99983,211,103,13,0,4349,2140,0.06490103317563986,120,61,45333,46209,2716,1367,1605,2258,2365,1697,0,0,90112,0,0,98,7,0,0,0,0,0,3814,5711,241,0,0,0,0,0
400,3567,401.1561357493161,99983,215,114,13,0,4378,2161,0.06540111819009231,131,65,45219,46057,2728,1362,1692,2400,2519,1796,0,0,89837,0,0,98,7,0,0,0,0,0,4054,5733,254,0,0,0,0,0
401,3567,402.24318278740594,99983,218,112,13,0,4410,2179,0.06590120320454478,131,57,45104,45908,2744,1371,1788,2550,2680,1900,0,0,89538,0,0,99,8,0,0,0,0,0,4306,5766,266,0,0,0,0,0
402,3567,403.33301286704676,99983,225,113,13,0,4447,2198,0.06646129842073152,132,47,44988,45753,2749,1378,1891,2707,2849,2008,0,0,89237,0,0,101,8,0,0,0,0,0,4561,5788,288,0,0,0,0,0
403,3567,404.06108382833855,99983,214,103,13,0,4472,2206,0.06679135453027014,132,47,44869,45588,2771,1381,1999,2879,3026,2120,0,0,88918,0,0,102,8,0,0,0,0,0,4827,5817,311,0,0,0,0,0
404,3567,405.15669426258,99983,223,102,13,0,4508,2217,0.06726143444385546,137,48,44736,45419,2783,1377,2106,3052,3211,2237,0,0,88599,0,0,104,9,0,0,0,0,0,5110,5832,329,0,0,0,0,0
405,3567,406.25534265415246,99983,224,96,13,0,4543,2233,0.06777152115859696,135,50,44607,45228,2802,1389,2217,3235,3404,2359,0,0,88248,0,0,106,9,0,0,0,0,0,5407,5866,347,0,0,0,0,0
406,3567,407.3572696033163,99982,226,92,14,0,4585,2245,0.0683122962133184,126,53,44474,45036,2823,1392,2335,3425,3606,2485,0,0,87890,0,0,108,11,0,0,0,0,0,5714,5893,366,0,0,0,0,0
407,3567,408.0937088321392,99982,237,93,14,0,4611,2253,0.06865235742433638,127,51,44336,44832,2827,1393,2457,3629,3817,2616,0,0,87543,0,0,107,12,0,0,0,0,0,6039,5899,382,0,0,0,0,0
408,3567,409.20218304463594,99981,227,92,15,0,4644,2269,0.06914313719606725,123,51,44198,44626,2849,1400,2586,3829,4036,2752,0,0,87150,0,0,109,12,0,0,0,0,0,6374,5934,402,0,0,0,0,0
409,3567,410.31423302647846,99981,218,87,15,0,4682,2285,0.06968323981556496,124,55,44051,44405,2875,1409,2715,4042,4264,2893,0,0,86738,0,0,111,12,0,0,0,0,0,6720,5975,425,0,0,0,0,0
410,3567,411.0577056148715,99981,219,87,15,0,4708,2294,0.07003330632820236,119,56,43908,44179,2883,1407,2854,4269,4501,3039,0,0,86353,0,0,112,12,0,0,0,0,0,7072,5976,456,0,0,0,0,0
411,3567,412.1772178784921,99981,220,87,15,0,4738,2307,0.07046338804372831,117,56,43758,43942,2894,1411,2994,4502,4747,3190,0,0,85935,0,0,113,12,0,0,0,0,0,7449,5996,476,0,0,0,0,0
412,3567,413.3004966029081,99981,227,81,15,0,4775,2319,0.07095348116142067,119,68,43605,43688,2900,1415,3132,4746,5003,3346,0,0,85499,0,0,114,12,0,0,0,0,0,7838,6019,499,0,0,0,0,0
413,3567,414.05146415886753,99981,236,78,15,0,4801,2326,0.07128354387333594,115,72,43448,43442,2899,1410,3285,4996,5268,3507,0,0,85073,0,0,113,13,0,0,0,0,0,8238,6019,525,0,0,0,0,0
414,3567,415.18257819113575,99981,259,83,15,0,4853,2348,0.07202368450005502,106,63,43264,43205,2912,1407,3442,5240,5542,3674,0,0,84624,0,0,115,13,0,0,0,0,0,8643,6025,561,0,0,0,0,0
415,3567,416.3182314210054,99981,251,89,15,0,4895,2368,0.07264380232244126,109,62,43085,42934,2939,1404,3599,5509,5826,3846,0,0,84138,0,0,114,15,0,0,0,0,0,9066,6056,592,0,0,0,0,0
416,3567,417.0780394019006,99981,245,89,15,0,4913,2376,0.07290385173182905,114,67,42915,42652,2950,1405,3759,5785,6119,4023,0,0,83663,0,0,116,15,0,0,0,0,0,9511,6059,617,0,0,0,0,0
417,3567,418.22297837828586,99981,245,95,15,0,4945,2396,0.07342395055060462,123,64,42731,42367,2961,1406,3923,6066,6422,4205,0,0,83165,0,0,115,18,0,0,0,0,0,9965,6073,645,0,0,0,0,0
418,3567,419.3727428804665,99981,241,108,15,0,4978,2422,0.07401406267190766,131,51,42551,42090,2971,1398,4089,6351,6734,4392,0,0,82664,0,0,117,19,0,0,0,0,0,10419,6073,689,0,0,0,0,0
419,3567,420.1419193178781,99981,242,117,15,0,5003,2440,0.07444414438743362,176,76,42327,41755,2971,1395,4267,6655,7056,4585,0,0,82156,12,1,117,19,0,0,0,0,0,10894,6054,728,0,0,0,0,0
420,3567,421.0905941139601,99981,258,120,15,0,5047,2453,0.07501425270801453,206,97,42096,41421,2975,1394,4448,6966,7387,4783,0,0,81618,47,3,116,21,0,0,0,0,0,11395,6029,752,0,0,0,0,0
421,3567,422.04373319577434,99981,277,130,15,0,5105,2480,0.07586441423870535,225,102,41861,41096,2989,1393,4631,7277,7727,4986,0,0,81049,100,6,115,22,0,0,0,0,0,11908,6003,778,0,0,0,0,0
422,3567,423.0018338693864,99980,273,130,16,0,5153,2500,0.07654530906181237,245,117,41626,40746,3010,1402,4828,7603,8077,5194,0,0,80465,166,7,116,25,0,0,0,0,0,12424,5962,815,0,0,0,0,0
423,3567,424.2867417785729,99980,324,126,16,0,5253,2528,0.0778255651130226,244,121,41376,40410,3021,1413,5017,7928,8436,5408,0,0,79859,240,12,117,26,0,0,0,0,0,12951,5920,855,0,0,0,0,0
424,3567,425.25519216050293,99980,335,142,16,0,5317,2557,0.07875575115023005,252,135,41137,40045,3046,1410,5212,8266,8804,5627,0,0,79255,297,17,121,26,0,0,0,0,0,13493,5876,895,0,0,0,0,0
425,3567,426.228945529034,99980,363,152,16,0,5393,2591,0.07985597119423885,247,142,40894,39672,3064,1417,5414,8615,9181,5851,0,0,78634,359,25,121,28,0,0,0,0,0,14044,5834,935,0,0,0,0,0
426,3567,427.20807037162956,99980,378,157,16,0,5452,2625,0.08078615723144629,269,151,40635,39286,3083,1428,5617,8976,9566,6080,0,0,77985,420,31,124,31,0,0,0,0,0,14626,5805,958,0,0,0,0,0
427,3567,428.1929479523296,99980,393,170,16,0,5522,2661,0.08184636927385477,277,156,40365,38903,3122,1434,5825,9335,9960,6314,0,0,77328,484,40,128,32,0,0,0,0,0,15210,5766,992,0,0,0,0,0
428,3567,429.18392688205427,99980,400,181,16,0,5588,2695,0.08284656931386278,325,170,40066,38517,3147,1429,6044,9701,10362,6552,0,0,76666,552,48,132,33,0,0,0,0,0,15795,5716,1038,0,0,0,0,0
429,3567,430.1815122461062,99978,407,200,18,0,5665,2740,0.08406849506891516,364,170,39773,38119,3176,1436,6260,10073,10772,6795,0,0,75977,627,61,134,36,0,0,0,0,0,16394,5672,1077,0,0,0,0,0
430,3567,431.18579512974685,99978,452,212,18,0,5768,2778,0.08547880533717418,386,186,39478,37710,3197,1444,6467,10446,11189,7043,0,0,75281,698,72,136,36,0,0,0,0,0,17008,5630,1117,0,0,0,0,0
431,3567,432.1968188845815,99977,475,224,19,0,5875,2819,0.08696000080018404,410,221,39167,37279,3247,1457,6680,10817,11614,7295,0,0,74550,787,89,142,36,0,0,0,0,0,17632,5588,1153,0,0,0,0,0
432,3567,433.21501697396064,99977,516,257,19,0,5986,2877,0.08865038958960561,429,237,38843,36846,3286,1463,6905,11195,12046,7552,0,0,73826,868,98,144,39,0,0,0,0,0,18266,5540,1196,0,0,0,0,0
433,3567,434.2406950369376,99976,547,280,20,0,6105,2939,0.09046171081059454,433,235,38520,36401,3337,1487,7141,11595,12485,7813,0,0,73063,972,111,152,40,0,0,0,0,0,18911,5490,1237,0,0,0,0,0
434,3567,435.27426208439505,99975,569,299,21,0,6218,2996,0.09216304076019005,472,239,38171,35967,3395,1501,7370,11992,12930,8078,0,0,72288,1071,132,157,41,0,0,0,0,0,19564,5449,1273,0,0,0,0,0
435,3567,436.31652722454186,99975,615,325,21,0,6347,3064,0.09413353338334583,499,254,37824,35512,3444,1522,7595,12385,13381,8347,0,0,71514,1161,160,163,42,0,0,0,0,0,20220,5407,1308,0,0,0,0,0
436,3567,437.01612592968394,99974,646,321,22,0,6436,3090,0.09528477404125073,508,276,37523,35075,3462,1533,7837,12793,13838,8620,0,0,70763,1221,181,168,43,0,0,0,0,0,20889,5362,1347,0,0,0,0,0
437,3567,438.0748282105955,99973,676,355,23,0,6582,3177,0.09761635641623238,516,281,37178,34616,3537,1564,8068,13182,14300,8897,0,0,69944,1341,215,175,47,0,0,0,0,0,21550,5314,1387,0,0,0,0,0
438,3567,439.1425168490243,99972,695,381,24,0,6703,3253,0.09958788460769015,583,294,36812,34147,3590,1591,8294,13585,14767,9177,0,0,69120,1452,249,179,49,0,0,0,0,0,22228,5275,1420,0,0,0,0,0
439,3567,440.2195184517025,99972,740,400,24,0,6864,3322,0.10188852878806065,596,321,36465,33688,3650,1601,8523,13988,15238,9461,0,0,68305,1564,295,181,53,0,0,0,0,0,22884,5220,1470,0,0,0,0,0
440,3567,441.3058906432117,99971,800,413,25,0,7047,3405,0.10455031959268188,633,336,36081,33215,3715,1638,8744,14396,15714,9748,0,0,67464,1695,337,191,58,0,0,0,0,0,23547,5156,1523,0,0,0,0,0
441,3567,442.0357477862848,99971,821,436,25,0,7171,3473,0.10647087655420072,649,342,35735,32733,3774,1654,8994,14833,16193,10038,0,0,66656,1786,380,200,61,0,0,0,0,0,24219,5095,1574,0,0,0,0,0
442,3567,443.1420018819791,99970,879,484,26,0,7369,3590,0.10962288686605982,657,343,35375,32259,3844,1687,9217,15225,16675,10331,0,0,65812,1922,438,202,70,0,0,0,0,0,24866,5024,1636,0,0,0,0,0
443,3567,444.25858042653533,99968,909,512,28,0,7548,3688,0.112395966709347,702,360,34979,31794,3926,1720,9454,15612,17160,10627,0,0,64948,2054,499,219,74,0,0,0,0,0,25532,4957,1685,0,0,0,0,0
444,3567,445.0092311740638,99967,941,524,29,0,7688,3753,0.11444776776336191,720,382,34645,31299,3966,1746,9697,16047,17648,10925,0,0,64118,2156,545,227,76,0,0,0,0,0,26211,4890,1744,0,0,0,0,0
445,3567,446.1473634445121,99964,996,558,31,1,7910,3857,0.11771237645552399,757,418,34238,30801,4056,1775,9920,16445,18137,11225,0,0,63224,2319,601,231,85,0,0,0,0,0,26881,4827,1796,0,0,0,0,0
446,3567,447.297010526319,99963,1058,573,32,1,8153,3960,0.12117483468883487,767,438,33834,30334,4177,1827,10130,16825,18628,11527,0,0,62306,2489,680,244,89,0,0,0,0,0,27547,4768,1840,0,0,0,0,0
447,3567,448.0703744090063,99962,1080,616,33,1,8298,4057,0.12359696684740201,799,415,33464,29868,4250,1853,10372,17245,19120,11831,0,0,61449,2601,726,250,98,0,0,0,0,0,28243,4709,1886,0,0,0,0,0
448,3567,449.24454466096216,99960,1153,624,35,1,8550,4176,0.1273109243697479,845,439,33017,29381,4363,1933,10585,17620,19613,12137,0,0,60516,2775,818,264,103,0,0,0,0,0,28905,4653,1926,0,0,0,0,0
449,3567,450.0350939780046,99959,1164,660,36,1,8723,4272,0.13000330135355495,872,432,32617,28914,4470,1956,10839,18035,20106,12444,0,0,59633,2910,881,274,110,0,0,0,0,0,29584,4589,1978,0,0,0,0,0
450,3567,451.23693655894795,99957,1220,675,38,1,8980,4390,0.13375751573176467,903,486,32222,28398,4581,2018,11034,18420,20599,12753,0,0,58691,3096,968,291,116,0,0,0,0,0,30246,4525,2024,0,0,0,0,0
451,3567,452.04575428233073,99955,1255,685,39,2,9164,4492,0.13662147966584964,936,484,31837,27931,4666,2072,11265,18824,21091,13063,0,0,57818,3211,1075,299,123,0,0,0,0,0,30893,4471,2065,0,0,0,0,0
452,3567,453.27468213169834,99955,1333,706,39,2,9470,4623,0.14099344705117303,975,517,31378,27425,4804,2142,11469,19206,21582,13373,0,0,56869,3412,1181,315,132,1,0,0,0,0,31531,4402,2112,0,0,0,0,0
453,3567,454.10265995914665,99955,1377,741,39,2,9678,4739,0.14423490570756842,985,518,31005,26948,4895,2189,11697,19600,22071,13684,0,0,55972,3555,1263,326,138,1,0,0,0,0,32200,4345,2155,0,0,0,0,0
454,3567,455.3612908803319,99955,1430,780,39,2,9988,4895,0.14889700365164324,1041,530,30541,26472,5066,2257,11881,19957,22559,13996,0,0,55036,3746,1407,348,149,1,0,0,0,0,32796,4267,2205,0,0,0,0,0
455,3567,456.2100621211823,99952,1465,773,42,2,10200,5001,0.15208299983992316,1073,544,30150,26032,5162,2329,12106,20318,23044,14308,0,0,54133,3894,1523,360,154,2,0,0,0,0,33429,4209,2248,0,0,0,0,0
456,3567,457.0689707338772,99952,1485,784,42,2,10416,5124,0.15547462782135424,1110,558,29757,25578,5264,2385,12340,20691,23527,14620,0,0,53252,4045,1646,374,169,2,0,0,0,0,34031,4130,2303,0,0,0,0,0
457,3567,458.3762565076936,99948,1556,817,46,2,10766,5307,0.16081362308400368,1182,592,29284,25122,5438,2474,12492,20991,24007,14932,0,0,52268,4274,1801,391,182,2,0,0,0,0,34617,4072,2341,0,0,0,0,0
458,3567,459.2580226184829,99947,1640,838,46,3,11042,5436,0.16486737971124696,1174,593,28904,24703,5548,2523,12686,21338,24483,15243,0,0,51384,4408,1933,404,191,2,0,0,0,0,35223,4021,2381,0,0,0,0,0
459,3567,460.15058740504605,99947,1709,878,46,3,11319,5571,0.16898956446916866,1170,608,28523,24237,5677,2577,12873,21695,24956,15554,0,0,50492,4569,2049,406,207,3,0,0,0,0,35835,3963,2423,0,0,0,0,0
460,3567,461.05383883386025,99946,1741,905,46,4,11572,5730,0.17311348127989115,1192,605,28139,23811,5802,2647,13078,22026,25425,15864,0,0,49587,4735,2198,419,220,3,0,0,0,0,36414,3909,2461,0,0,0,0,0
461,3567,462.42954434183724,99943,1856,948,48,5,12015,5948,0.1797324474950722,1206,592,27656,23413,6010,2752,13222,22288,25890,16173,0,0,48616,4967,2400,439,243,3,0,0,0,0,36929,3849,2497,0,0,0,0,0
462,3567,463.3587137030741,99943,1857,950,48,5,12255,6083,0.18348458621414207,1262,608,27263,22977,6169,2822,13399,22636,26350,16481,0,0,47712,5146,2543,464,254,3,0,0,0,0,37497,3781,2543,0,0,0,0,0
463,3567,464.3004077420542,99942,1883,969,49,5,12559,6221,0.1879089872125833,1251,643,26881,22545,6346,2899,13588,22937,26806,16788,0,0,46829,5297,2713,494,274,3,0,0,0,0,38035,3718,2579,0,0,0,0,0
464,3567,465.25523898900815,99941,1919,970,49,6,12854,6374,0.1923935121721816,1272,657,26483,22147,6495,2982,13780,23236,27257,17093,0,0,45933,5478,2887,516,295,3,0,0,0,0,38564,3654,2611,0,0,0,0,0
465,3567,466.22346465632734,99939,1991,1039,50,7,13175,6565,0.1975204874973734,1320,635,26052,21748,6638,3048,13947,23521,27702,17397,0,0,45089,5612,3079,536,306,3,0,0,0,0,39068,3593,2653,0,0,0,0,0
466,3567,467.2061397097837,99938,2024,1039,50,8,13500,6716,0.2022854169585143,1300,655,25673,21372,6820,3126,14131,23798,28142,17699,0,0,44188,5807,3259,562,325,4,0,0,0,0,39572,3532,2689,0,0,0,0,0
467,3567,468.2030349748536,99935,2067,1088,53,8,13807,6904,0.20724470906088957,1354,675,25269,20985,6989,3187,14266,24055,28576,17999,0,0,43352,5949,3465,575,344,5,0,0,0,0,40040,3476,2729,0,0,0,0,0
468,3567,469.21433718128264,99934,2124,1085,54,8,14168,7066,0.2124802369563912,1344,686,24897,20604,7178,3290,14401,24325,29005,18297,0,0,42484,6122,3682,604,365,6,0,0,0,0,40494,3412,2765,0,0,0,0,0
469,3567,470.23996077786694,99933,2139,1113,55,8,14519,7257,0.21790599701800206,1373,673,24462,20260,7408,3385,14561,24559,29428,18593,0,0,41595,6340,3894,625,390,8,0,0,0,0,40935,3341,2805,0,0,0,0,0
470,3567,471.28259993430345,99933,2157,1135,55,8,14869,7439,0.2232295638077512,1430,668,24088,19896,7586,3479,14682,24812,29845,18887,0,0,40741,6515,4123,660,412,8,0,0,0,0,41355,3273,2846,0,0,0,0,0
471,3567,472.3410639132528,99932,2232,1132,56,8,15241,7612,0.22868550614417804,1440,684,23704,19551,7758,3574,14808,25049,30255,19178,0,0,39917,6673,4367,677,440,9,0,0,0,0,41754,3220,2875,0,0,0,0,0
472,3567,473.4153505503466,99930,2299,1153,58,8,15661,7805,0.23482437706394477,1424,682,23328,19189,7974,3683,14915,25283,30659,19467,0,0,39069,6852,4614,706,469,12,0,0,0,0,42141,3166,2901,0,0,0,0,0
473,3567,474.50609670028945,99928,2326,1129,60,8,16050,7975,0.24042310463533745,1412,697,22939,18858,8212,3812,15049,25494,31057,19753,0,0,38207,7055,4864,740,500,14,0,0,0,0,42517,3105,2926,0,0,0,0,0
474,3567,475.05676031155355,99928,2350,1123,60,8,16249,8061,0.24327515811384195,1445,703,22635,18537,8280,3843,15228,25784,31448,20037,0,0,37523,7081,5050,762,516,15,0,0,0,0,42973,3067,2941,0,0,0,0,0
475,3567,476.1800468805708,99927,2375,1112,60,9,16662,8237,0.2491718954837031,1464,753,22267,18263,8515,3948,15317,25913,31833,20318,0,0,36700,7258,5357,794,541,15,0,0,0,0,43281,3012,2969,0,0,0,0,0
476,3567,477.32120998284034,99926,2431,1161,60,10,17075,8462,0.2555591137441707,1442,752,21925,17973,8745,4044,15395,26058,32211,20596,0,0,35864,7449,5603,822,572,15,0,0,0,0,43648,2967,2986,0,0,0,0,0
477,3567,478.4794654772759,99924,2442,1179,62,10,17494,8686,0.2619991193306913,1420,738,21579,17679,8999,4170,15496,26222,32582,20871,0,0,35048,7629,5928,870,596,16,0,0,0,0,43927,2904,3006,0,0,0,0,0
478,3567,479.0640748375078,99924,2453,1171,62,10,17711,8793,0.26524158360353867,1406,742,21311,17382,9093,4212,15673,26481,32947,21143,0,0,34398,7674,6138,885,621,16,0,0,0,0,44298,2855,3039,0,0,0,0,0
479,3567,480.2557348217434,99922,2405,1195,64,10,18112,9018,0.2715117791877665,1432,727,20981,17113,9392,4320,15724,26633,33305,21412,0,0,33574,7891,6463,919,653,18,0,0,0,0,44545,2797,3062,0,0,0,0,0
480,3567,481.466483763255,99920,2461,1215,66,10,18576,9258,0.2785628502802242,1397,705,20669,16837,9638,4467,15767,26764,33656,21677,0,0,32783,8066,6783,960,693,19,0,0,0,0,44790,2756,3070,0,0,0,0,0
481,3567,482.07720046571797,99920,2462,1234,66,10,18790,9388,0.28200560448358686,1399,696,20411,16570,9736,4503,15924,26985,34000,21939,0,0,32164,8109,7012,970,716,20,0,0,0,0,45123,2713,3093,0,0,0,0,0
482,3567,483.3212349507317,99919,2471,1241,67,10,19211,9619,0.28853371230696867,1408,684,20119,16342,9970,4655,15963,27066,34338,22198,0,0,31426,8273,7354,1003,770,20,0,0,0,0,45312,2656,3105,0,0,0,0,0
483,3567,484.5838768325513,99918,2460,1208,68,10,19658,9829,0.29511199183330333,1386,683,19825,16115,10235,4803,16024,27179,34669,22453,0,0,30679,8456,7744,1034,816,21,0,0,0,0,45439,2601,3128,0,0,0,0,0
484,3567,485.22098699253536,99915,2432,1198,71,10,19875,9933,0.29833358354601414,1384,693,19573,15864,10347,4849,16191,27384,34993,22705,0,0,30079,8509,7961,1051,851,24,0,0,0,0,45738,2553,3149,0,0,0,0,0
485,3567,486.51882535964785,99911,2416,1198,75,10,20323,10153,0.30503147801543373,1370,698,19315,15638,10620,4999,16202,27455,35311,22953,0,0,29346,8673,8337,1091,893,27,0,0,0,0,45880,2507,3157,0,0,0,0,0
486,3567,487.1735823634204,99911,2417,1204,75,10,20551,10269,0.308474542342685,1365,683,19104,15424,10716,5039,16321,27638,35622,23198,0,0,28785,8705,8578,1101,921,29,0,0,0,0,46147,2469,3176,0,0,0,0,0
487,3567,488.5051447318512,99909,2364,1193,77,10,21001,10501,0.31530692930566817,1319,705,18829,15227,11051,5187,16358,27676,35926,23439,0,0,28078,8856,8976,1158,978,31,0,0,0,0,46229,2418,3185,0,0,0,0,0
488,3567,489.17722115378984,99908,2305,1187,78,10,21196,10615,0.31840293069624054,1313,698,18630,15036,11176,5225,16496,27842,36224,23677,0,0,27543,8878,9235,1175,1022,31,0,0,0,0,46451,2377,3196,0,0,0,0,0
489,3567,490.5450247091357,99908,2325,1226,78,10,21649,10867,0.32545942266885536,1290,669,18396,14871,11415,5348,16494,27874,36515,23911,0,0,26888,9016,9581,1214,1069,36,0,0,0,0,46559,2327,3218,0,0,0,0,0
490,3567,491.2342731182189,99908,2288,1241,78,10,21862,10984,0.3287624614645474,1285,653,18221,14702,11524,5365,16602,28027,36800,24142,0,0,26397,9010,9812,1243,1117,37,0,0,0,0,46778,2278,3236,0,0,0,0,0
491,3567,492.6343591254865,99907,2293,1214,79,10,22298,11217,0.33546197964106617,1272,618,18013,14565,11754,5524,16587,28067,37079,24369,0,0,25761,9154,10176,1282,1182,42,0,0,0,0,46842,2220,3248,0,0,0,0,0
492,3567,493.33916648941243,99907,2276,1199,79,10,22518,11339,0.33888516320177764,1250,612,17852,14367,11851,5595,16690,28215,37351,24592,0,0,25274,9160,10441,1285,1238,42,0,0,0,0,47018,2199,3250,0,0,0,0,0
493,3567,494.05115586942276,99904,2285,1183,82,10,22763,11454,0.342498798846893,1228,580,17655,14200,11955,5650,16793,28375,37617,24812,0,0,24814,9142,10703,1300,1283,46,0,0,0,0,47184,2168,3264,0,0,0,0,0
494,3567,495.49709222836555,99900,2247,1156,86,10,23206,11689,0.3492992992992993,1168,537,17446,14092,12262,5822,16789,28381,37877,25028,0,0,24186,9299,11098,1345,1345,51,0,0,0,0,47190,2113,3273,0,0,0,0,0
495,3567,496.22643174958284,99899,2209,1119,86,11,23416,11786,0.35237589965865523,1163,544,17280,13914,12374,5896,16886,28514,38131,25241,0,0,23716,9307,11357,1359,1390,54,0,0,0,0,47349,2087,3280,0,0,0,0,0
496,3567,497.70780546919053,99897,2210,1075,88,11,23863,11993,0.35892969758851617,1120,566,17099,13830,12616,6045,16865,28471,38379,25450,0,0,23154,9426,11751,1395,1465,56,0,0,0,0,47335,2030,3285,0,0,0,0,0
497,3567,498.4538420111835,99896,2177,1092,89,11,24056,12116,0.3620965804436614,1134,540,16946,13702,12698,6071,16954,28582,38621,25656,0,0,22732,9427,11998,1401,1502,61,0,0,0,0,47478,1996,3301,0,0,0,0,0
498,3567,499.2066583620832,99894,2161,1093,90,12,24279,12228,0.3654573848279176,1091,529,16788,13576,12809,6111,17059,28677,38858,25858,0,0,22313,9435,12244,1409,1544,64,0,0,0,0,47609,1955,3321,0,0,0,0,0
499,3567,500.72141774680364,99893,2190,1049,91,12,24730,12412,0.37181784509425087,1024,547,16595,13510,13043,6248,17055,28632,39089,26056,0,0,21800,9518,12631,1443,1606,68,0,0,0,0,47584,1914,3329,0,0,0,0,0
500,3567,501.48116466409783,99893,2129,1043,91,12,24925,12513,0.37478101568678485,1014,545,16437,13390,13174,6278,17153,28730,39315,26251,0,0,21371,9545,12855,1455,1649,74,0,0,0,0,47721,1879,3344,0,0,0,0,0
501,3567,502.23706357876927,99891,2104,1034,93,12,25114,12614,0.3776916839354897,1038,532,16296,13281,13245,6322,17222,28817,39535,26442,0,0,20985,9548,13086,1457,1695,76,0,0,0,0,47835,1847,3362,0,0,0,0,0
502,3567,503.73865168151633,99891,2062,1020,93,12,25508,12812,0.3836181437767166,1021,507,16180,13254,13460,6425,17182,28780,39750,26630,0,0,20501,9625,13447,1498,1770,81,0,0,0,0,47799,1808,3362,0,0,0,0,0
503,3567,504.4935113893662,99889,2035,978,94,13,25707,12897,0.38646898056843093,993,516,16088,13149,13513,6476,17275,28866,39960,26815,0,0,20133,9617,13715,1512,1804,85,0,0,0,0,47870,1774,3379,0,0,0,0,0
504,3567,505.2452709839988,99888,1991,966,95,13,25893,13002,0.38938611244593946,973,504,15999,13040,13586,6519,17354,28956,40164,26996,0,0,19776,9601,13970,1516,1852,89,0,0,0,0,47945,1753,3386,0,0,0,0,0
505,3567,506.73915860684207,99886,1960,912,96,14,26281,13167,0.3949302204513145,889,505,15963,12982,13802,6648,17288,28937,40363,27174,0,0,19301,9692,14292,1548,1939,92,0,0,0,0,47916,1720,3386,0,0,0,0,0
506,3567,507.4908860135581,99885,1925,915,96,15,26434,13257,0.3973669720178205,907,483,15855,12911,13850,6668,17365,29006,40558,27348,0,0,18966,9678,14492,1552,1981,95,0,0,0,0,48030,1694,3397,0,0,0,0,0
507,3567,508.240474995952,99884,1893,887,96,16,26607,13337,0.3999038885106724,901,488,15748,12816,13916,6704,17444,29087,40748,27519,0,0,18636,9659,14724,1568,2011,101,0,0,0,0,48105,1666,3414,0,0,0,0,0
508,3567,509.73052635449244,99880,1814,898,98,18,26941,13511,0.4050060072086504,849,470,15691,12806,14138,6769,17408,29037,40933,27687,0,0,18228,9716,15064,1602,2074,105,0,0,0,0,48042,1630,3419,0,0,0,0,0
509,3567,510.47936673853496,99879,1780,895,98,19,27110,13598,0.4075731635278687,814,461,15632,12757,14212,6776,17462,29090,41113,27852,0,0,17926,9678,15283,1617,2115,109,0,0,0,0,48118,1606,3427,0,0,0,0,0
510,3567,511.22555538070964,99879,1751,887,98,19,27268,13678,0.40995604681664816,807,445,15555,12680,14257,6805,17530,29162,41289,28014,0,0,17646,9629,15500,1626,2161,111,0,0,0,0,48187,1583,3436,0,0,0,0,0
511,3567,512.7120794748217,99877,1638,847,100,19,27545,13823,0.4141894530272235,779,451,15533,12701,14448,6908,17500,29072,41460,28172,0,0,17274,9655,15843,1657,2234,117,0,0,0,0,48105,1564,3428,0,0,0,0,0
512,3567,513.457843338705,99877,1629,853,100,19,27701,13919,0.4167125564444266,736,422,15475,12623,14486,6943,17572,29138,41627,28327,0,0,17003,9604,16034,1663,2282,120,0,0,0,0,48187,1552,3432,0,0,0,0,0
513,3567,514.2024877235265,99877,1597,835,100,19,27827,14003,0.4188151426254293,717,403,15430,12577,14513,6984,17641,29180,41790,28479,0,0,16741,9557,16238,1676,2324,121,0,0,0,0,48250,1529,3441,0,0,0,0,0
514,3567,515.684357149374,99875,1549,789,102,19,28109,14146,0.4230788485607009,661,385,15404,12594,14661,7080,17621,29131,41949,28628,0,0,16408,9569,16531,1712,2398,125,0,0,0,0,48187,1503,3442,0,0,0,0,0
515,3567,516.428652270127,99875,1465,758,102,19,28220,14214,0.42487108886107633,678,367,15337,12551,14726,7124,17690,29179,42104,28774,0,0,16161,9529,16754,1716,2453,127,0,0,0,0,48208,1480,3447,0,0,0,0,0
516,3567,517.1703790430481,99875,1440,745,102,19,28343,14275,0.4267133917396746,666,355,15277,12519,14749,7140,17764,29220,42255,28917,0,0,15900,9498,16928,1716,2487,132,0,0,0,0,48296,1473,3445,0,0,0,0,0
517,3567,518.6469827332701,99873,1379,704,104,19,28597,14392,0.4304366545512801,647,352,15223,12559,14917,7217,17728,29147,42402,29057,0,0,15587,9512,17207,1749,2544,137,0,0,0,0,48242,1446,3449,0,0,0,0,0
518,3567,519.3885632532671,99873,1346,696,104,19,28728,14458,0.4324091596327336,632,329,15195,12543,14959,7221,17762,29190,42545,29195,0,0,15366,9460,17388,1761,2587,140,0,0,0,0,48289,1423,3459,0,0,0,0,0
519,3567,520.1278793175796,99873,1338,667,104,19,28857,14507,0.4341914231073463,596,330,15175,12496,14967,7257,17818,29229,42685,29330,0,0,15130,9428,17539,1773,2625,144,0,0,0,0,48367,1405,3462,0,0,0,0,0
520,3567,521.6028831850233,99873,1321,632,104,19,29096,14624,0.43775595005657186,552,309,15177,12523,15045,7325,17799,29190,42821,29462,0,0,14854,9430,17780,1795,2685,151,0,0,0,0,48333,1387,3458,0,0,0,0,0
521,3567,522.3429822089109,99873,1280,629,104,19,29197,14686,0.43938802278894196,553,301,15150,12502,15067,7327,17844,29220,42954,29591,0,0,14643,9387,17960,1800,2715,155,0,0,0,0,48382,1372,3459,0,0,0,0,0
522,3567,523.0810705640928,99873,1241,613,104,19,29286,14738,0.44079981576602284,574,302,15127,12493,15063,7338,17889,29233,43083,29718,0,0,14450,9334,18129,1804,2747,159,0,0,0,0,48424,1357,3469,0,0,0,0,0
523,3567,524.5526858984604,99873,1197,593,104,19,29497,14844,0.44397384678541746,521,291,15140,12554,15165,7379,17871,29162,43209,29842,0,0,14199,9330,18364,1821,2804,164,0,0,0,0,48382,1341,3468,0,0,0,0,0
524,3567,525.2908452094454,99873,1205,603,104,19,29608,14912,0.44576612297617974,495,277,15134,12524,15158,7389,17902,29186,43332,29964,0,0,14008,9289,18496,1826,2832,169,0,0,0,0,48454,1324,3475,0,0,0,0,0
525,3567,526.027502128009,99872,1178,583,104,20,29701,14962,0.4472024190964434,501,259,15100,12522,15184,7405,17931,29209,43452,30083,0,0,13810,9255,18656,1829,2860,172,0,0,0,0,48500,1313,3477,0,0,0,0,0
526,3567,527.4976904976072,99869,1108,575,107,20,29882,15071,0.45011965675034293,479,254,15099,12582,15300,7450,17905,29117,43569,30200,0,0,13583,9238,18852,1844,2936,177,0,0,0,0,48470,1297,3472,0,0,0,0,0
527,3567,528.2360154393648,99868,1082,542,108,20,29975,15101,0.45135578964232786,453,271,15077,12574,15325,7458,17953,29133,43683,30314,0,0,13392,9213,18975,1849,2978,178,0,0,0,0,48530,1278,3475,0,0,0,0,0
528,3567,529.7075953496775,99865,999,533,110,21,30144,15214,0.4541931607670355,444,221,15099,12631,15426,7518,17920,29074,43794,30426,0,0,13157,9209,19172,1877,3037,184,0,0,0,0,48492,1264,3473,0,0,0,0,0
529,3567,530.4461584494637,99865,972,511,110,21,30232,15261,0.4555449857307365,419,199,15087,12640,15442,7528,17968,29099,43902,30535,0,0,13005,9161,19324,1880,3074,188,0,0,0,0,48505,1247,3481,0,0,0,0,0
530,3567,531.1835407014487,99865,947,494,110,21,30316,15299,0.4567666349571922,406,197,15090,12626,15443,7550,18002,29110,44007,30642,0,0,12845,9128,19450,1879,3106,194,0,0,0,0,48545,1229,3489,0,0,0,0,0
531,3567,532.6545720727265,99863,883,471,111,22,30448,15367,0.45877852658141655,402,193,15107,12708,15504,7571,17991,29033,44109,30747,0,0,12671,9088,19631,1893,3158,202,0,0,0,0,48520,1215,3485,0,0,0,0,0
532,3567,533.3923195857361,99862,862,450,112,22,30518,15402,0.45983457170895836,387,189,15115,12707,15493,7571,18029,29059,44209,30850,0,0,12529,9036,19770,1891,3187,203,0,0,0,0,48549,1203,3494,0,0,0,0,0
533,3567,534.1284613494728,99859,842,424,115,22,30586,15429,0.46079972761593846,386,189,15116,12726,15480,7577,18059,29060,44306,30951,0,0,12390,8996,19870,1879,3232,208,0,0,0,0,48591,1194,3499,0,0,0,0,0
534,3567,535.5974657865448,99857,797,393,116,23,30720,15492,0.46278177794245773,350,181,15178,12823,15524,7606,18033,28972,44401,31049,0,0,12212,8976,20032,1893,3281,212,0,0,0,0,48569,1182,3500,0,0,0,0,0
535,3567,536.3344364559722,99857,773,368,116,23,30785,15510,0.4636129665421553,347,194,15199,12841,15514,7600,18049,28972,44493,31145,0,0,12081,8931,20147,1891,3314,214,0,0,0,0,48604,1172,3503,0,0,0,0,0
536,3567,537.0703237242561,99857,753,372,116,23,30847,15552,0.4646544558718968,328,170,15218,12877,15512,7585,18071,28971,44583,31239,0,0,11944,8893,20256,1891,3339,215,0,0,0,0,48648,1163,3508,0,0,0,0,0
537,3567,538.5408587442104,99857,705,339,116,23,30956,15604,0.4662667614689005,317,170,15297,12966,15531,7604,18032,28896,44671,31331,0,0,11796,8853,20404,1906,3389,220,0,0,0,0,48631,1154,3504,0,0,0,0,0
538,3567,539.2789575229455,99857,684,348,116,23,31002,15643,0.4671179787095547,322,153,15293,12971,15525,7588,18058,28915,44757,31421,0,0,11663,8820,20484,1906,3412,224,0,0,0,0,48697,1145,3506,0,0,0,0,0
539,3567,540.0161921187091,99857,680,329,116,23,31063,15666,0.4679591816297305,302,152,15318,13000,15504,7589,18078,28905,44840,31509,0,0,11548,8776,20589,1902,3432,229,0,0,0,0,48734,1134,3513,0,0,0,0,0
540,3567,541.4883198596472,99856,638,313,117,23,31161,15724,0.4695261176093575,301,144,15401,13109,15516,7598,18025,28811,44921,31596,0,0,11411,8740,20724,1914,3475,233,0,0,0,0,48723,1123,3513,0,0,0,0,0
541,3567,542.2269270633894,99856,622,305,117,23,31210,15747,0.4702471559045025,287,137,15444,13125,15488,7595,18040,28813,45000,31681,0,0,11303,8703,20810,1907,3504,235,0,0,0,0,48762,1110,3522,0,0,0,0,0
542,3567,543.7034285298702,99855,600,303,117,24,31316,15808,0.47192429022082016,265,114,15522,13237,15489,7598,18005,28722,45077,31764,0,0,11176,8676,20941,1912,3541,238,0,0,0,0,48748,1097,3526,0,0,0,0,0
543,3567,544.4441786568315,99855,587,295,117,24,31363,15837,0.4726853938210405,262,106,15538,13272,15479,7592,18015,28709,45152,31845,0,0,11065,8642,21024,1908,3566,241,0,0,0,0,48789,1090,3530,0,0,0,0,0
544,3567,545.184147365011,99855,585,285,117,24,31418,15856,0.47342646837914976,247,106,15568,13330,15458,7567,18023,28686,45225,31925,0,0,10973,8587,21112,1905,3592,243,0,0,0,0,48824,1085,3534,0,0,0,0,0
545,3567,546.663502725746,99854,553,256,118,24,31503,15891,0.47463296412762634,249,111,15642,13456,15462,7573,17974,28578,45297,32003,0,0,10855,8559,21244,1913,3621,246,0,0,0,0,48806,1072,3538,0,0,0,0,0
546,3567,547.4058273113839,99853,538,242,119,24,31547,15912,0.4752886743512964,248,110,15656,13484,15434,7570,18003,28568,45367,32079,0,0,10755,8529,21332,1907,3644,249,0,0,0,0,48835,1062,3540,0,0,0,0,0
547,3567,548.1477970081427,99853,516,235,119,24,31582,15936,0.4758795429281043,248,103,15688,13530,15403,7547,18024,28559,45435,32154,0,0,10680,8479,21418,1896,3681,250,0,0,0,0,48853,1053,3543,0,0,0,0,0
548,3567,549.6291040854773,99853,500,218,119,24,31670,15968,0.4770813095250018,218,109,15785,13665,15385,7527,17991,28455,45501,32227,0,0,10575,8445,21524,1907,3709,254,0,0,0,0,48851,1044,3544,0,0,0,0,0
549,3567,550.3717704063065,99853,493,222,119,24,31710,15995,0.4777522958749362,210,100,15822,13703,15349,7511,18005,28438,45566,32298,0,0,10490,8406,21605,1900,3728,256,0,0,0,0,48883,1038,3547,0,0,0,0,0
550,3567,551.113886139282,99853,480,221,119,24,31750,16011,0.4783131202868216,195,101,15839,13738,15328,7490,18037,28424,45629,32368,0,0,10402,8369,21677,1898,3746,257,0,0,0,0,48920,1031,3553,0,0,0,0,0
551,3567,552.5961416833221,99853,453,221,119,24,31819,16053,0.47942475438895177,191,88,15943,13862,15296,7477,17996,28326,45690,32436,0,0,10303,8345,21771,1900,3773,261,0,0,0,0,48920,1021,3559,0,0,0,0,0
552,3567,553.338912501917,99853,442,200,119,24,31854,16064,0.4798854315844291,185,99,15952,13908,15279,7477,18021,28290,45750,32503,0,0,10214,8306,21840,1903,3791,263,0,0,0,0,48957,1018,3561,0,0,0,0,0
553,3567,554.081484342129,99853,430,205,119,24,31885,16086,0.48041621183139216,178,89,16002,13955,15243,7459,18026,28266,45808,32569,0,0,10135,8266,21904,1905,3808,264,0,0,0,0,48996,1012,3563,0,0,0,0,0
554,3567,555.5649117678629,99852,411,208,120,24,31952,16125,0.4814825942394744,177,90,16098,14052,15207,7450,17985,28174,45865,32633,0,0,10042,8237,21975,1908,3840,267,0,0,0,0,49009,1009,3565,0,0,0,0,0
555,3567,556.3090957413872,99852,404,209,120,24,31991,16147,0.48209349837759885,164,80,16149,14093,15166,7447,17995,28145,45921,32696,0,0,9960,8212,22043,1901,3856,269,0,0,0,0,49037,1004,3570,0,0,0,0,0
556,3567,557.052619410427,99852,401,204,120,24,32026,16163,0.4826042542963586,150,75,16172,14135,15148,7429,18007,28131,45975,32758,0,0,9888,8183,22106,1894,3870,274,0,0,0,0,49065,998,3574,0,0,0,0,0
557,3567,558.5388960880038,99852,374,190,120,24,32080,16193,0.48344549933902176,141,73,16275,14246,15122,7415,17966,28050,46028,32818,0,0,9815,8152,22193,1888,3906,279,0,0,0,0,49053,995,3571,0,0,0,0,0
558,3567,559.2844670416808,99852,370,182,120,24,32107,16208,0.4838661218603533,138,62,16335,14312,15077,7398,17958,28020,46080,32877,0,0,9756,8110,22247,1884,3930,280,0,0,0,0,49081,988,3576,0,0,0,0,0
559,3567,560.0295028279198,99852,371,178,120,24,32146,16226,0.4844369667107319,130,53,16388,14364,15032,7388,17957,27991,46130,32935,0,0,9693,8072,22320,1883,3940,283,0,0,0,0,49099,983,3579,0,0,0,0,0
560,3567,561.5206402447122,99852,337,172,120,24,32201,16252,0.48524816728758563,113,46,16505,14488,15016,7371,17907,27897,46179,32992,0,0,9606,8054,22393,1891,3958,289,0,0,0,0,49104,973,3584,0,0,0,0,0
561,3567,562.2685607852925,99852,321,157,120,24,32225,16258,0.4855486119456796,108,50,16525,14536,15006,7364,17918,27867,46227,33047,0,0,9541,8027,22456,1885,3975,290,0,0,0,0,49123,966,3589,0,0,0,0,0
562,3567,563.0167514835487,99852,319,152,120,24,32249,16265,0.48585907142571005,102,56,16575,14575,14964,7351,17918,27840,46274,33101,0,0,9479,8001,22505,1877,3986,294,0,0,0,0,49155,964,3591,0,0,0,0,0
563,3567,564.5127273648488,99852,292,136,120,24,32284,16285,0.4864098866322157,115,59,16695,14727,14926,7326,17850,27726,46320,33154,0,0,9409,7979,22587,1871,4010,296,0,0,0,0,49150,962,3588,0,0,0,0,0
564,3567,565.2635548532566,99852,287,126,120,24,32300,16293,0.48665024235869087,115,60,16723,14790,14892,7312,17861,27686,46365,33206,0,0,9361,7941,22645,1869,4017,300,0,0,0,0,49170,955,3594,0,0,0,0,0
565,3567,566.0146071736513,99852,267,122,120,24,32314,16300,0.48686055361935665,124,65,16767,14849,14869,7288,17851,27650,46409,33257,0,0,9309,7906,22697,1861,4037,301,0,0,0,0,49195,951,3595,0,0,0,0,0
566,3567,567.5164685828496,99852,257,116,120,24,32358,16323,0.48753154668909987,108,55,16892,14987,14817,7278,17804,27538,46451,33307,0,0,9248,7886,22769,1857,4056,302,0,0,0,0,49191,943,3600,0,0,0,0,0
567,3567,568.2698402720414,99852,267,114,120,24,32382,16332,0.48786203581300325,102,55,16928,15036,14766,7261,17815,27508,46492,33356,0,0,9194,7862,22814,1847,4067,303,0,0,0,0,49223,941,3601,0,0,0,0,0
568,3567,569.0232812097238,99852,274,108,120,24,32410,16337,0.4881925249369066,96,60,16969,15084,14730,7243,17809,27479,46532,33404,0,0,9143,7835,22862,1840,4081,304,0,0,0,0,49251,938,3598,0,0,0,0,0
569,3567,570.5294145697748,99852,259,111,120,24,32451,16359,0.488823458718904,93,53,17073,15235,14703,7209,17750,27366,46572,33451,0,0,9084,7816,22919,1833,4105,305,0,0,0,0,49256,934,3600,0,0,0,0,0
570,3567,571.2852487872647,99852,244,105,120,24,32465,16366,0.48903376997956977,94,52,17134,15287,14669,7195,17737,27335,46611,33497,0,0,9034,7785,22968,1830,4119,306,0,0,0,0,49278,933,3599,0,0,0,0,0
571,3567,572.041101083983,99851,243,102,121,24,32482,16373,0.48927902574836507,89,47,17178,15342,14630,7173,17737,27310,46649,33542,0,0,8985,7757,23006,1825,4132,306,0,0,0,0,49309,930,3601,0,0,0,0,0
572,3567,573.5542798753119,99851,214,97,121,24,32516,16388,0.48976975693783736,93,43,17325,15484,14581,7133,17664,27217,46686,33586,0,0,8917,7753,23069,1819,4149,306,0,0,0,0,49308,924,3606,0,0,0,0,0
573,3567,574.3137141463891,99851,220,92,121,24,32538,16394,0.490050174760393,90,44,17387,15546,14528,7119,17652,27173,46722,33629,0,0,8866,7729,23108,1818,4157,306,0,0,0,0,49339,921,3607,0,0,0,0,0
574,3567,575.0737140743767,99851,220,85,121,24,32558,16400,0.49031056273848034,90,45,17438,15616,14490,7095,17639,27133,46757,33671,0,0,8817,7712,23139,1814,4172,306,0,0,0,0,49366,914,3611,0,0,0,0,0
575,3567,576.5953071825603,99851,215,82,121,24,32595,16417,0.4908513685391233,76,47,17558,15755,14442,7062,17586,27028,46791,33712,0,0,8757,7706,23188,1810,4181,310,0,0,0,0,49377,909,3613,0,0,0,0,0
576,3567,577.358605338754,99851,206,91,121,24,32611,16430,0.49114180128391305,68,35,17608,15824,14410,7040,17585,26984,46824,33753,0,0,8713,7680,23223,1808,4188,314,0,0,0,0,49405,907,3613,0,0,0,0,0
577,3567,578.1221419816851,99851,190,95,121,24,32623,16439,0.49135211465082973,68,31,17650,15892,14380,7012,17589,26944,46857,33793,0,0,8670,7661,23261,1806,4194,317,0,0,0,0,49425,898,3619,0,0,0,0,0
578,3567,579.6459094931877,99851,178,94,121,24,32652,16454,0.4917927712291314,69,26,17768,16023,14330,6981,17532,26850,46889,33832,0,0,8620,7642,23304,1808,4208,319,0,0,0,0,49439,893,3618,0,0,0,0,0
579,3567,580.4044439017232,99851,174,85,121,24,32665,16459,0.4919730398293457,72,29,17832,16070,14287,6977,17512,26813,46920,33870,0,0,8583,7614,23343,1807,4220,319,0,0,0,0,49456,890,3619,0,0,0,0,0
580,3567,581.1605445700076,99851,177,80,121,24,32682,16466,0.4922133979629648,70,27,17885,16140,14243,6959,17502,26768,46950,33907,0,0,8550,7592,23380,1801,4232,320,0,0,0,0,49471,884,3621,0,0,0,0,0
581,3567,582.6651769565814,99851,158,80,121,24,32705,16477,0.4925539053189252,66,24,18038,16271,14185,6936,17430,26663,46980,33944,0,0,8500,7581,23413,1798,4248,321,0,0,0,0,49486,879,3625,0,0,0,0,0
582,3567,583.4123484115146,99849,153,75,122,25,32722,16482,0.49278410399703554,61,22,18089,16324,14155,6927,17418,26625,47009,33980,0,0,8459,7562,23444,1793,4259,322,0,0,0,0,49506,877,3627,0,0,0,0,0
583,3567,584.1573805385354,99849,148,71,122,25,32729,16486,0.4928942703482258,60,20,18145,16373,14108,6916,17415,26593,47037,34015,0,0,8423,7546,23472,1787,4265,325,0,0,0,0,49527,873,3631,0,0,0,0,0
584,3567,585.4020411996255,99849,143,65,122,25,32750,16489,0.4931346332962774,57,24,18225,16479,14072,6886,17379,26519,47065,34049,0,0,8383,7531,23502,1781,4280,326,0,0,0,0,49544,871,3631,0,0,0,0,0
585,3567,586.7074897346242,99849,132,63,122,25,32771,16495,0.4934050416128354,63,26,18330,16613,14033,6847,17318,26424,47092,34083,0,0,8341,7515,23542,1781,4288,326,0,0,0,0,49555,867,3634,0,0,0,0,0
586,3567,587.4428430017518,99849,123,63,122,25,32778,16502,0.49354525333253213,59,21,18380,16682,14007,6831,17307,26376,47119,34116,0,0,8309,7494,23573,1778,4298,326,0,0,0,0,49572,863,3636,0,0,0,0,0
587,3567,588.1762830544997,99849,130,59,122,25,32794,16505,0.4937355406664063,52,21,18445,16762,13955,6809,17294,26322,47145,34148,0,0,8278,7475,23595,1775,4306,327,0,0,0,0,49594,858,3641,0,0,0,0,0
588,3567,589.63684325307,99849,115,58,122,25,32809,16517,0.4940059489829643,52,19,18590,16903,13892,6777,17227,26216,47170,34180,0,0,8243,7455,23631,1773,4321,328,0,0,0,0,49602,857,3639,0,0,0,0,0
589,3567,590.3630257495776,99849,110,53,122,25,32813,16518,0.4940560245971417,49,19,18615,16919,13866,6769,17236,26213,47195,34211,0,0,8208,7438,23659,1771,4325,328,0,0,0,0,49624,855,3641,0,0,0,0,0
590,3567,591.4753481066431,99849,109,51,122,25,32829,16524,0.4942763572995223,51,19,18729,17078,13789,6736,17198,26089,47219,34242,0,0,8172,7422,23688,1771,4332,328,0,0,0,0,49642,852,3642,0,0,0,0,0
591,3567,592.195196766812,99849,109,51,122,25,32830,16525,0.4942963875451932,50,18,18717,17063,13774,6732,17226,26109,47243,34272,0,0,8143,7403,23709,1769,4334,328,0,0,0,0,49669,848,3646,0,0,0,0,0
592,3567,593.4490349992146,99849,108,49,122,25,32848,16532,0.4945467656160803,47,16,18848,17207,13705,6701,17168,26000,47266,34301,0,0,8112,7381,23744,1773,4338,328,0,0,0,0,49680,845,3648,0,0,0,0,0
593,3567,594.1224310540568,99849,104,47,122,25,32853,16534,0.49461687147592864,44,16,18873,17237,13680,6697,17175,25976,47289,34330,0,0,8083,7363,23769,1770,4344,328,0,0,0,0,49699,843,3650,0,0,0,0,0
594,3567,595.2603191965078,99849,112,44,122,25,32871,16538,0.49483720417830923,33,16,18953,17311,13636,6678,17142,25924,47311,34358,0,0,8050,7348,23788,1768,4353,328,0,0,0,0,49722,843,3649,0,0,0,0,0
595,3567,596.2645399498726,99849,102,43,122,25,32880,16541,0.49495738565233505,31,16,19044,17369,13600,6661,17099,25884,47333,34386,0,0,8024,7332,23809,1763,4367,328,0,0,0,0,49734,840,3652,0,0,0,0,0
596,3567,597.0530800790568,99849,88,41,122,25,32881,16548,0.4950375066350189,40,11,19093,17436,13580,6644,17075,25841,47354,34413,0,0,7995,7316,23836,1761,4372,331,0,0,0,0,49748,839,3651,0,0,0,0,0
597,3567,598.1313716728862,99847,81,38,123,26,32894,16550,0.49519765240818453,35,15,19198,17538,13538,6616,17023,25765,47375,34440,0,0,7964,7297,23857,1763,4379,332,0,0,0,0,49766,839,3650,0,0,0,0,0
598,3567,599.0083885975963,99847,79,38,123,26,32900,16554,0.4952978056426332,36,15,19266,17601,13493,6600,17001,25718,47395,34466,0,0,7930,7287,23877,1762,4381,332,0,0,0,0,49789,838,3651,0,0,0,0,0
599,3567,600.0174092271566,99847,73,36,123,26,32905,16559,0.49539795887708193,34,10,19359,17706,13438,6573,16971,25647,47415,34492,0,0,7910,7268,23902,1758,4391,332,0,0,0,0,49798,834,3654,0,0,0,0,0
600,3567,601.4254674394398,99847,73,29,123,26,32921,16560,0.4955682193756447,25,12,19532,17917,13367,6533,16878,25481,47434,34517,0,0,7881,7260,23925,1754,4396,335,0,0,0,0,49809,832,3655,0,0,0,0,0
601,3567,602.116358031239,99847,72,28,123,26,32924,16560,0.49559826534597934,27,13,19586,17975,13333,6519,16857,25437,47453,34542,0,0,7855,7247,23936,1751,4400,337,0,0,0,0,49834,831,3656,0,0,0,0,0
602,3567,603.0076610861424,99847,69,29,123,26,32926,16563,0.4956483419632037,26,14,19623,18008,13306,6507,16851,25414,47472,34566,0,0,7832,7232,23953,1748,4406,337,0,0,0,0,49853,829,3657,0,0,0,0,0
603,3567,604.2714941397785,99847,68,31,123,26,32936,16569,0.49580858713832165,22,12,19725,18105,13263,6491,16797,25333,47490,34590,0,0,7814,7211,23977,1748,4412,338,0,0,0,0,49864,826,3657,0,0,0,0,0
604,3567,605.0018549740653,99847,68,30,123,26,32941,16571,0.4958786944024357,20,10,19803,18180,13214,6476,16770,25276,47508,34613,0,0,7793,7198,23992,1744,4419,338,0,0,0,0,49880,823,3660,0,0,0,0,0
605,3567,606.1068323139187,99847,63,26,123,26,32948,16573,0.4959688323134396,21,9,19883,18278,13167,6447,16741,25212,47525,34636,0,0,7773,7182,24018,1741,4425,339,0,0,0,0,49887,822,3660,0,0,0,0,0
606,3567,607.3254718304257,99847,61,21,123,26,32954,16576,0.4960589702244434,20,8,20016,18448,13102,6424,16676,25071,47542,34658,0,0,7748,7172,24041,1739,4427,340,0,0,0,0,49898,820,3662,0,0,0,0,0
607,3567,608.028923327234,99847,61,22,123,26,32956,16577,0.496089016194778,18,7,20009,18447,13095,6417,16692,25079,47559,34680,0,0,7727,7160,24052,1735,4431,341,0,0,0,0,49919,818,3664,0,0,0,0,0
608,3567,609.1403162386456,99847,59,22,123,26,32961,16580,0.496169138782337,18,4,20092,18557,13056,6390,16650,24999,47575,34702,0,0,7710,7141,24072,1735,4435,342,0,0,0,0,49931,817,3664,0,0,0,0,0
609,3567,610.0061139484741,99847,55,20,123,26,32967,16582,0.49624926136989594,16,5,20155,18650,13023,6365,16626,24932,47591,34723,0,0,7691,7129,24089,1731,4442,343,0,0,0,0,49941,815,3666,0,0,0,0,0
610,3567,611.0646810514859,99847,49,18,123,26,32974,16582,0.49631936863401005,12,5,20243,18764,12979,6335,16592,24850,47607,34744,0,0,7674,7109,24118,1732,4443,344,0,0,0,0,49948,813,3666,0,0,0,0,0
611,3567,612.3234100427638,99846,37,16,124,26,32976,16584,0.49636440117781383,15,8,20352,18870,12925,6309,16545,24769,47622,34764,0,0,7659,7092,24137,1730,4454,344,0,0,0,0,49954,812,3664,0,0,0,0,0
612,3567,613.1174300379951,99846,36,14,124,26,32979,16585,0.49640446287282414,16,7,20401,18943,12895,6293,16526,24715,47637,34784,0,0,7635,7082,24151,1731,4455,344,0,0,0,0,49973,810,3665,0,0,0,0,0
613,3567,614.1315725474631,99846,37,14,124,26,32987,16588,0.4965146325341025,10,5,20520,19060,12838,6270,16469,24623,47652,34804,0,0,7618,7068,24167,1731,4458,345,0,0,0,0,49984,807,3668,0,0,0,0,0
614,3567,615.0502228787623,99846,33,12,124,26,32987,16589,0.4965246479578551,11,6,20573,19125,12810,6251,16447,24578,47666,34823,0,0,7603,7056,24182,1730,4461,345,0,0,0,0,49994,802,3673,0,0,0,0,0
615,3567,616.1870322461205,99846,34,11,124,26,32991,16590,0.496574725076618,11,8,20684,19253,12751,6219,16394,24481,47680,34842,0,0,7583,7047,24196,1727,4464,345,0,0,0,0,50009,801,3674,0,0,0,0,0
616,3567,617.3677547439029,99846,31,12,124,26,32993,16592,0.4966147867716283,13,6,20820,19369,12691,6199,16319,24386,47694,34861,0,0,7561,7040,24207,1723,4469,345,0,0,0,0,50026,801,3674,0,0,0,0,0
617,3567,618.296571302978,99846,30,11,124,26,32993,16592,0.4966147867716283,16,7,20893,19423,12644,6188,16291,24343,47708,34879,0,0,7548,7029,24220,1717,4475,345,0,0,0,0,50037,799,3676,0,0,0,0,0
618,3567,619.2946530143338,99846,29,10,124,26,32996,16594,0.4966648638903912,16,5,20981,19507,12599,6166,16249,24284,47721,34897,0,0,7532,7017,24234,1716,4479,345,0,0,0,0,50049,797,3677,0,0,0,0,0
619,3567,620.0137620386222,99846,30,11,124,26,33000,16595,0.4967149410091541,12,4,21043,19568,12563,6146,16226,24243,47734,34915,0,0,7514,7007,24245,1715,4480,346,0,0,0,0,50065,796,3678,0,0,0,0,0
620,3567,621.182709607458,99846,29,12,124,26,33004,16596,0.496765018127917,8,6,21150,19677,12514,6126,16173,24151,47747,34932,0,0,7492,7002,24253,1712,4484,346,0,0,0,0,50083,796,3678,0,0,0,0,0
621,3567,622.4028388241439,99846,24,8,124,26,33005,16596,0.4967750335516696,10,6,21306,19813,12445,6100,16089,24045,47760,34949,0,0,7478,6991,24267,1709,4488,348,0,0,0,0,50092,794,3679,0,0,0,0,0
622,3567,623.3974700359854,99846,21,7,124,26,33006,16596,0.49678504897542214,9,6,21373,19885,12408,6080,16063,23994,47772,34966,0,0,7462,6980,24281,1709,4489,348,0,0,0,0,50104,792,3681,0,0,0,0,0
623,3567,624.0848229994614,99846,21,9,124,26,33007,16598,0.4968150952466799,11,4,21404,19928,12385,6064,16053,23967,47784,34982,0,0,7447,6969,24291,1707,4492,348,0,0,0,0,50119,792,3681,0,0,0,0,0
624,3567,625.065701790387,99846,22,7,124,26,33011,16598,0.4968551569416902,9,4,21477,19999,12345,6044,16021,23918,47796,34998,0,0,7433,6957,24306,1705,4495,348,0,0,0,0,50129,792,3681,0,0,0,0,0
625,3567,626.4557083247392,99846,24,6,124,26,33014,16599,0.4968952186367005,14,3,21617,20180,12269,6004,15950,23779,47808,35014,0,0,7420,6942,24322,1705,4496,348,0,0,0,0,50140,792,3681,0,0,0,0,0
626,3567,627.2869812619948,99846,21,6,124,26,33016,16599,0.4969152494842057,14,5,21656,20227,12248,5990,15935,23744,47819,35029,0,0,7407,6934,24333,1703,4498,349,0,0,0,0,50149,790,3683,0,0,0,0,0
627,3567,628.0324174661216,99846,20,8,124,26,33018,16602,0.49696532660296855,13,2,21737,20325,12210,5969,15894,23668,47830,35044,0,0,7392,6926,24345,1700,4501,349,0,0,0,0,50160,790,3683,0,0,0,0,0
628,3567,629.3493074075413,99846,22,6,124,26,33021,16602,0.4969953728742263,11,4,21833,20453,12153,5940,15855,23569,47841,35059,0,0,7381,6914,24358,1697,4505,349,0,0,0,0,50169,790,3683,0,0,0,0,0
629,3567,630.1798099078454,99846,33,8,124,26,33032,16604,0.49712557338300983,28,28,21910,20515,12099,5918,15804,23503,47852,35074,0,0,7369,6906,24366,1693,4508,350,0,0,0,0,50181,789,3684,0,0,0,0,0
630,3567,631.3198715806618,99846,40,16,124,26,33043,16613,0.4973258818580614,23,25,22006,20612,12044,5891,15761,23428,47862,35088,0,0,7358,6897,24375,1692,4511,350,0,0,0,3,50189,786,3685,0,0,0,0,0
631,3567,632.0213305172592,99846,39,17,124,26,33045,16616,0.4973759589768243,24,24,22042,20654,12019,5875,15750,23402,47872,35102,0,0,7343,6889,24383,1690,4513,350,1,0,0,7,50199,786,3685,0,0,0,0,0
632,3567,633.087926885567,99846,37,28,124,26,33055,16628,0.49759629829938107,27,26,22153,20781,11968,5840,15689,23297,47882,35116,0,0,7325,6882,24385,1689,4518,351,4,0,0,10,50211,784,3687,0,0,0,0,0
633,3567,634.0895730715889,99846,39,28,124,26,33062,16636,0.49774652965566973,32,26,22233,20858,11915,5816,15655,23244,47892,35130,0,0,7316,6869,24393,1688,4525,351,5,0,0,16,50213,782,3688,0,0,0,0,0
634,3567,635.0875075798764,99846,39,30,124,26,33069,16642,0.4978767301644533,40,23,22323,20932,11877,5803,15595,23184,47902,35143,0,0,7297,6865,24396,1686,4528,351,9,0,0,22,50222,780,3690,0,0,0,0,0
635,3567,636.0815050075528,99846,42,36,124,26,33080,16650,0.49806702321575225,39,23,22397,21020,11842,5780,15554,23113,47912,35156,0,0,7284,6857,24400,1686,4532,351,10,0,0,27,50229,777,3693,0,0,0,0,0
636,3567,637.0720191545348,99846,42,36,124,26,33086,16655,0.4981771928770306,40,21,22477,21113,11799,5762,15516,23040,47921,35169,0,0,7272,6847,24406,1687,4536,351,11,0,0,32,50235,775,3694,0,0,0,0,0
637,3567,638.0415955691143,99846,54,33,124,26,33103,16657,0.49836748592832963,34,23,22553,21188,11765,5748,15468,22980,47930,35182,0,0,7253,6842,24409,1687,4539,351,13,0,0,37,50247,775,3693,0,0,0,0,0
638,3567,639.0252904622257,99846,52,28,124,26,33111,16659,0.49846764016585543,37,25,22633,21269,11728,5730,15424,22920,47939,35194,0,0,7244,6827,24420,1688,4542,352,14,0,0,46,50246,775,3692,0,0,0,0,0
639,3567,640.0057617330325,99846,61,31,124,26,33124,16664,0.49864791779340184,37,25,22682,21355,11697,5714,15397,22847,47948,35206,0,0,7232,6820,24426,1686,4545,352,15,0,0,50,50253,774,3693,0,0,0,0,0
640,3567,641.3088136500904,99846,65,29,124,26,33136,16670,0.49882819542094825,44,32,22784,21463,11641,5692,15340,22756,47957,35218,0,0,7226,6809,24430,1683,4554,353,16,0,0,58,50250,773,3694,0,0,0,0,0
641,3567,642.2820973087946,99846,64,33,124,26,33143,16676,0.4989583959297318,51,34,22866,21558,11601,5670,15292,22677,47965,35230,0,0,7215,6802,24432,1681,4562,353,18,0,0,60,50257,771,3695,0,0,0,0,0
642,3567,643.2516536506888,99846,71,37,124,26,33159,16685,0.49920878152354625,61,40,22946,21634,11556,5653,15240,22608,47973,35242,0,0,7204,6791,24441,1682,4563,353,19,0,0,71,50256,771,3695,0,0,0,0,0
643,3567,644.217733845614,99846,77,42,124,26,33173,16699,0.49948921338861846,61,40,23029,21729,11517,5634,15190,22527,47981,35253,0,0,7193,6784,24442,1679,4571,354,21,0,0,79,50257,771,3695,0,0,0,0,0
644,3567,645.1801479926289,99846,85,43,124,26,33190,16709,0.4997596298299381,60,39,23116,21819,11480,5615,15133,22456,47989,35264,0,0,7179,6775,24444,1680,4577,354,24,0,0,87,50260,771,3695,0,0,0,0,0
645,3567,646.1390556243972,99846,89,36,124,26,33208,16712,0.49996995372874226,64,39,23175,21902,11463,5604,15083,22391,47997,35275,0,0,7168,6765,24447,1678,4586,354,27,0,0,100,50255,771,3695,0,0,0,0,0
646,3567,647.0952728720935,99846,91,42,124,26,33221,16722,0.5002003084750516,70,35,23247,21992,11423,5584,15043,22319,48005,35286,0,0,7155,6760,24448,1677,4591,355,28,0,0,108,50259,770,3695,0,0,0,0,0
647,3567,648.0484347542523,99846,90,49,124,26,33239,16733,0.5004907557638764,69,34,23316,22067,11400,5569,14999,22253,48013,35297,0,0,7146,6748,24453,1677,4598,355,30,0,0,122,50252,770,3695,0,0,0,0,0
648,3567,649.3151854936964,99846,98,57,124,26,33261,16747,0.5008513110189692,80,41,23408,22156,11347,5547,14941,22171,48020,35308,0,0,7136,6741,24453,1677,4605,356,31,0,0,132,50251,768,3696,0,0,0,0,0
649,3567,650.2615851666442,99846,104,61,124,26,33284,16757,0.5011818200028043,85,42,23476,22226,11312,5537,14897,22106,48027,35318,0,0,7125,6733,24451,1676,4620,356,33,0,0,136,50256,766,3694,0,0,0,0,0
650,3567,651.2051790981664,99846,112,61,124,26,33301,16764,0.5014221901728663,94,47,23553,22309,11271,5519,14844,22036,48034,35328,0,0,7111,6726,24454,1677,4622,357,37,0,0,144,50258,766,3694,0,0,0,0,0
651,3567,652.1454821409274,99846,119,65,124,26,33324,16776,0.5017727300042065,89,57,23623,22376,11247,5505,14796,21969,48041,35338,0,0,7103,6712,24459,1680,4629,358,40,0,0,152,50255,764,3694,0,0,0,0,0
652,3567,653.082841699501,99846,127,64,124,26,33343,16786,0.5020631772930313,92,61,23674,22454,11223,5493,14758,21900,48048,35348,0,0,7087,6708,24459,1679,4636,358,43,0,0,164,50256,764,3692,0,0,0,0,0
653,3567,654.0179219812319,99846,126,70,124,26,33358,16798,0.5023335937343509,98,66,23734,22524,11198,5482,14718,21830,48055,35358,0,0,7075,6701,24461,1682,4641,358,44,0,0,176,50254,762,3692,0,0,0,0,0
654,3567,655.2608949651178,99846,132,74,124,26,33381,16816,0.5027442261082067,113,62,23831,22631,11149,5466,14649,21739,48062,35368,0,0,7064,6688,24462,1686,4649,360,48,0,0,187,50250,761,3691,0,0,0,0,0
655,3567,656.1896505700652,99846,131,73,124,26,33402,16827,0.5030647196682891,120,65,23896,22691,11121,5460,14606,21683,48069,35377,0,0,7055,6681,24457,1684,4664,361,48,0,0,202,50244,759,3691,0,0,0,0,0
656,3567,657.1154783810402,99846,145,74,124,26,33431,16842,0.5035053983134027,119,63,23959,22759,11086,5455,14565,21621,48075,35386,0,0,7047,6673,24458,1682,4673,362,50,0,0,219,50233,759,3690,0,0,0,0,0
657,3567,658.0390481585563,99846,143,75,124,26,33454,16854,0.5038559381447429,126,57,24014,22847,11068,5442,14523,21551,48081,35395,0,0,7037,6664,24455,1686,4682,364,53,0,0,235,50224,756,3690,0,0,0,0,0
658,3567,659.2670046878413,99846,172,80,124,26,33507,16868,0.5045269715361657,125,63,24067,22949,11043,5435,14467,21445,48087,35404,0,0,7029,6654,24455,1689,4688,367,53,0,0,252,50215,755,3689,0,0,0,0,0
659,3567,660.1858371394158,99846,171,87,124,26,33531,16882,0.5049075576387637,145,70,24123,23021,11014,5414,14421,21380,48093,35413,0,0,7015,6648,24451,1689,4699,368,58,0,0,266,50210,755,3687,0,0,0,0,0
660,3567,661.1022720395141,99845,185,95,125,26,33564,16901,0.5054334218037959,148,73,24183,23077,10993,5404,14364,21323,48099,35422,0,0,7004,6642,24450,1689,4705,370,60,0,0,282,50203,754,3686,0,0,0,0,0
661,3567,662.01625797968,99845,199,98,125,26,33599,16918,0.5059542290550353,159,78,24235,23134,10971,5401,14309,21261,48105,35431,0,0,6991,6636,24447,1691,4713,371,64,0,0,301,50193,752,3686,0,0,0,0,0
662,3567,663.2314058948765,99845,232,107,125,26,33659,16941,0.5067855175522059,156,81,24301,23228,10944,5399,14240,21157,48111,35439,0,0,6982,6625,24445,1698,4719,372,67,0,0,324,50176,748,3689,0,0,0,0,0
663,3567,664.1401597400275,99844,238,115,126,26,33697,16964,0.5074015464124033,178,89,24349,23288,10925,5392,14182,21088,48117,35447,0,0,6976,6610,24445,1705,4730,374,69,0,0,345,50158,745,3687,0,0,0,0,0
664,3567,665.0469034632285,99844,252,126,126,26,33739,16985,0.5080325307479668,201,82,24372,23350,10919,5386,14128,21028,48123,35455,0,0,6965,6599,24441,1711,4738,376,72,0,0,362,50149,744,3687,0,0,0,0,0
665,3567,666.2535509131983,99844,264,132,126,26,33807,17010,0.508963983814751,209,91,24418,23433,10907,5376,14074,20940,48129,35463,0,0,6951,6586,24427,1718,4758,378,79,0,0,398,50120,742,3687,0,0,0,0,0
666,3567,667.1568562917954,99844,287,126,126,26,33864,17026,0.5096951243940547,197,106,24472,23496,10898,5371,14018,20873,48134,35471,0,0,6939,6576,24423,1719,4774,380,86,0,0,424,50099,742,3682,0,0,0,0,0
667,3567,668.0579712813466,99844,293,130,126,26,33904,17041,0.510245983734626,209,118,24530,23578,10871,5362,13969,20784,48139,35479,0,0,6928,6563,24422,1724,4783,381,92,0,0,445,50083,740,3683,0,0,0,0,0
668,3567,669.2560391510012,99844,330,134,126,26,33976,17073,0.5112876086695245,201,120,24589,23653,10848,5366,13904,20699,48144,35487,0,0,6915,6553,24414,1727,4801,382,99,0,0,477,50056,740,3680,0,0,0,0,0
669,3567,670.1523565354024,99844,336,147,126,26,34029,17104,0.5121289211169424,217,120,24624,23714,10851,5363,13844,20628,48149,35495,0,0,6902,6543,24400,1732,4823,383,105,0,0,506,50034,738,3678,0,0,0,0,0
670,3567,671.0470376110418,99844,333,162,126,26,34075,17137,0.5129201554424903,231,126,24669,23776,10855,5361,13784,20547,48154,35502,0,0,6891,6531,24395,1739,4834,385,111,0,0,545,50000,736,3677,0,0,0,0,0
671,3567,672.2368682652975,99844,338,179,126,26,34127,17175,0.5138215616361524,260,140,24727,23839,10839,5360,13708,20454,48159,35509,0,0,6879,6516,24383,1749,4848,391,114,0,0,571,49983,736,3674,0,0,0,0,0
672,3567,673.1270384688133,99844,356,187,126,26,34190,17207,0.5147730459516846,261,142,24776,23902,10829,5363,13650,20378,48164,35516,0,0,6865,6507,24368,1754,4864,396,121,0,0,601,49960,734,3674,0,0,0,0,0
673,3567,674.0152943494837,99843,368,188,126,27,34252,17238,0.5157096641727512,268,146,24807,23959,10832,5372,13597,20306,48169,35523,0,0,6856,6498,24353,1757,4887,400,124,0,0,642,49924,733,3669,0,0,0,0,0
674,3567,675.1977006800117,99843,411,193,126,27,34358,17290,0.5172921486734172,273,137,24831,24043,10840,5400,13517,20198,48174,35530,0,0,6843,6481,24331,1764,4919,404,134,0,0,694,49875,733,3665,0,0,0,0,0
675,3567,676.0831649338082,99842,407,195,127,27,34414,17314,0.5180985957813345,307,149,24856,24103,10850,5402,13451,20122,48179,35537,0,0,6828,6465,24320,1775,4936,406,143,0,0,733,49841,731,3664,0,0,0,0,0
676,3567,677.2622747926682,99842,449,201,127,27,34529,17355,0.5196610644818813,305,166,24874,24174,10861,5408,13382,20022,48184,35544,0,0,6811,6451,24296,1784,4966,410,153,0,0,783,49798,730,3660,0,0,0,0,0
677,3567,678.1454376393566,99842,437,211,127,27,34584,17394,0.5206025520322108,327,163,24898,24237,10874,5406,13335,19954,48189,35551,0,0,6794,6438,24287,1789,4983,414,167,0,0,832,49751,727,3660,0,0,0,0,0
678,3567,679.0274366632276,99841,445,216,128,27,34654,17433,0.5216995022085116,338,165,24912,24295,10884,5411,13291,19884,48193,35558,0,0,6775,6429,24273,1793,5010,416,182,0,0,875,49710,725,3653,0,0,0,0,0
679,3567,680.2020053776807,99841,456,223,128,27,34736,17487,0.523061668052203,359,169,24957,24366,10880,5436,13218,19777,48197,35564,0,0,6759,6417,24252,1798,5044,420,192,0,0,930,49660,724,3645,0,0,0,0,0
680,3567,681.0811762319785,99841,500,239,128,27,34823,17531,0.5243737542692881,377,175,24986,24398,10869,5445,13138,19714,48201,35570,0,0,6746,6409,24239,1801,5063,422,201,0,0,967,49627,724,3642,0,0,0,0,0
681,3567,682.2509353523793,99841,536,256,128,27,34952,17588,0.5262367163790427,387,186,25005,24462,10886,5452,13056,19615,48205,35576,0,0,6726,6389,24211,1814,5101,427,219,0,0,1019,49577,721,3637,0,0,0,0,0
682,3567,683.126958320623,99840,534,262,129,27,35035,17631,0.5275040064102564,412,189,25025,24497,10911,5465,12987,19558,48209,35582,0,0,6710,6378,24181,1819,5145,429,229,0,0,1072,49529,717,3631,0,0,0,0,0
683,3567,684.00207217959,99840,543,260,129,27,35114,17668,0.5286658653846154,427,193,25044,24545,10924,5485,12931,19488,48213,35588,0,0,6692,6365,24162,1829,5169,432,238,0,0,1127,49481,716,3629,0,0,0,0,0
684,3567,685.1675067949595,99840,595,266,129,27,35256,17720,0.5306089743589744,416,237,25075,24586,10930,5505,12853,19377,48217,35594,0,0,6679,6346,24139,1839,5207,436,248,0,0,1193,49417,715,3621,0,0,0,0,0
685,3567,686.0399738081917,99840,616,293,129,27,35343,17778,0.532061298076923,446,234,25070,24625,10948,5517,12789,19302,48221,35600,0,0,6662,6329,24115,1852,5238,436,258,0,0,1231,49385,712,3622,0,0,0,0,0
686,3567,687.2025549491046,99838,642,292,131,27,35476,17831,0.5339349746589475,482,258,25057,24680,10973,5538,12713,19203,48225,35606,0,0,6641,6307,24091,1864,5277,440,276,0,0,1307,49311,712,3612,0,0,0,0,0
687,3567,688.0742147066944,99837,643,323,132,27,35570,17896,0.5355329186574116,513,252,25068,24727,10997,5541,12645,19128,48229,35612,0,0,6623,6298,24061,1868,5316,443,287,0,0,1371,49253,711,3606,0,0,0,0,0
688,3567,689.2353796760397,99836,697,333,133,27,35726,17964,0.5377819624183661,551,272,25041,24761,11017,5569,12559,19036,48233,35618,0,0,6601,6280,24033,1882,5355,445,302,0,0,1454,49176,710,3598,0,0,0,0,0
689,3567,690.1059816591496,99836,740,351,133,27,35855,18024,0.5396750671100605,551,278,25025,24787,11053,5588,12496,18967,48237,35624,0,0,6585,6263,24013,1892,5384,450,314,0,0,1516,49117,709,3593,0,0,0,0,0
690,3567,691.2668504333568,99836,798,381,133,27,36032,18108,0.542289354541448,558,294,24975,24825,11114,5615,12420,18856,48241,35629,0,0,6564,6240,23981,1912,5422,457,330,0,0,1598,49040,706,3586,0,0,0,0,0
691,3567,692.1380842049701,99835,841,420,134,27,36157,18188,0.5443481744879051,605,292,24950,24852,11121,5635,12347,18772,48245,35634,0,0,6547,6225,23959,1923,5450,461,343,0,0,1656,48985,703,3583,0,0,0,0,0
692,3567,693.0093025550461,99835,872,439,134,27,36289,18252,0.5463114138328241,637,322,24936,24866,11153,5651,12266,18693,48249,35639,0,0,6535,6203,23928,1938,5493,463,351,0,0,1727,48916,702,3579,0,0,0,0,0
693,3567,694.1701762725509,99834,911,468,135,27,36467,18345,0.5490313921109041,677,354,24902,24894,11198,5673,12175,18582,48253,35644,0,0,6512,6174,23890,1960,5542,469,371,0,0,1820,48823,699,3574,0,0,0,0,0
694,3567,695.0408004633897,99832,968,494,137,27,36634,18427,0.5515365814568475,694,350,24873,24921,11227,5704,12099,18502,48257,35649,0,0,6496,6155,23857,1978,5578,476,379,0,0,1901,48747,695,3570,0,0,0,0,0
695,3567,696.2017482109134,99832,1018,507,137,27,36859,18530,0.5548221011298983,728,387,24815,24936,11320,5766,11980,18375,48260,35654,0,0,6463,6116,23809,2012,5639,482,407,0,0,2022,48627,693,3562,0,0,0,0,0
696,3567,697.0733422921727,99830,1025,505,139,27,36995,18590,0.5567965541420414,775,410,24779,24964,11373,5812,11907,18280,48263,35659,0,0,6441,6098,23768,2026,5684,491,423,0,0,2110,48539,691,3559,0,0,0,0,0
697,3567,698.2361254801805,99829,1066,538,140,27,37193,18718,0.5600677157940077,855,404,24705,24988,11431,5863,11801,18178,48266,35664,0,0,6414,6080,23719,2040,5748,497,445,0,0,2240,48408,689,3549,0,0,0,0,0
698,3567,699.1093888438522,99829,1123,567,140,27,37396,18815,0.563072854581334,866,401,24655,24997,11495,5906,11719,18100,48269,35669,0,0,6395,6053,23683,2057,5793,509,461,0,0,2340,48307,687,3544,0,0,0,0,0
699,3567,700.2751689467577,99827,1200,569,142,27,37655,18918,0.5667104090075831,886,457,24581,25001,11583,5961,11606,17983,48272,35674,0,0,6367,6029,23620,2077,5864,522,481,0,0,2472,48178,684,3533,0,0,0,0,0
700,3567,701.1506107785256,99827,1247,616,142,27,37854,19025,0.5697757119817284,891,477,24508,25009,11664,5986,11546,17883,48275,35679,0,0,6341,6006,23567,2094,5924,534,502,0,0,2552,48099,681,3527,0,0,0,0,0
701,3567,702.027612970302,99827,1279,649,142,27,38044,19137,0.5728009456359502,950,486,24405,25019,11753,6038,11469,17779,48278,35684,0,0,6311,5979,23523,2121,5979,541,525,0,0,2663,47990,678,3517,0,0,0,0,0
702,3567,703.2007213961314,99825,1311,695,144,27,38324,19284,0.5770899073378413,1003,494,24302,25012,11898,6112,11340,17658,48281,35689,0,0,6267,5937,23462,2158,6069,551,563,0,0,2807,47841,672,3498,0,0,0,0,0
703,3567,704.0829367848231,99824,1335,719,145,27,38537,19405,0.5804415771758294,1074,514,24220,25009,11979,6171,11245,17558,48284,35694,0,0,6237,5911,23404,2175,6137,561,588,0,0,2952,47699,670,3490,0,0,0,0,0
704,3567,705.2618652138868,99823,1420,758,146,27,38852,19566,0.5852158320226801,1095,518,24103,25029,12102,6246,11132,17420,48287,35699,0,0,6205,5880,23335,2195,6223,574,614,0,0,3126,47525,666,3480,0,0,0,0,0
705,3567,706.1486274186789,99822,1500,789,146,28,39110,19695,0.58909859549999,1124,547,24015,24997,12181,6321,11032,17316,48290,35703,0,0,6180,5859,23273,2213,6298,580,635,0,0,3265,47384,661,3474,0,0,0,0,0
706,3567,707.0370080926956,99822,1553,810,146,28,39349,19814,0.5926849792630883,1189,565,23926,24988,12263,6380,10921,17227,48293,35707,0,0,6150,5840,23209,2220,6377,594,663,0,0,3395,47253,660,3461,0,0,0,0,0
707,3567,708.2245684937143,99820,1614,844,148,28,39695,19980,0.5978260869565217,1213,588,23789,24964,12422,6467,10812,17107,48296,35711,0,0,6104,5803,23122,2247,6490,609,702,0,0,3574,47071,654,3444,0,0,0,0,0
708,3567,709.1185685571274,99820,1680,838,148,28,39951,20099,0.6015828491284312,1229,637,23691,24943,12523,6566,10727,16986,48299,35715,0,0,6082,5774,23052,2271,6579,621,719,0,0,3721,46921,652,3428,0,0,0,0,0
709,3567,710.0154326055721,99819,1749,861,148,29,40235,20229,0.6057363828529638,1244,661,23553,24911,12649,6645,10655,16891,48302,35719,0,0,6046,5738,22993,2301,6647,636,750,0,0,3869,46771,649,3419,0,0,0,0,0
710,3567,711.2168250596842,99819,1863,912,148,29,40647,20428,0.6118574620062313,1284,684,23402,24896,12791,6743,10510,16734,48305,35723,0,0,6005,5698,22898,2329,6767,649,787,0,0,4082,46553,647,3404,0,0,0,0,0
711,3567,712.1213670617358,99817,1928,947,149,30,40974,20573,0.6165983750262981,1303,720,23268,24860,12948,6809,10402,16632,48308,35727,0,0,5967,5658,22836,2356,6848,668,820,0,0,4244,46383,645,3392,0,0,0,0,0
712,3567,713.029337926585,99817,1958,999,149,30,41272,20745,0.6213069917949848,1344,767,23147,24822,13095,6878,10305,16502,48311,35731,0,0,5938,5624,22746,2378,6965,681,842,0,0,4415,46205,642,3381,0,0,0,0,0
713,3567,714.2455608430448,99814,2023,1024,151,31,41682,20958,0.627567275131745,1416,815,22950,24774,13286,7004,10172,16350,48314,35735,0,0,5885,5588,22631,2405,7107,704,891,0,0,4653,45953,636,3361,0,0,0,0,0
714,3567,715.1629038024823,99813,2096,1071,152,31,42020,21139,0.632773286044904,1473,817,22794,24738,13423,7094,10060,16247,48317,35739,0,0,5851,5550,22546,2438,7217,718,920,0,0,4830,45766,633,3344,0,0,0,0,0
715,3567,716.084621786538,99812,2145,1086,153,31,42354,21316,0.6378992505911113,1532,829,22671,24703,13568,7214,9929,16135,48320,35743,0,0,5801,5518,22435,2466,7355,730,964,0,0,5017,45567,629,3330,0,0,0,0,0
716,3567,717.0102695154577,99812,2216,1120,153,31,42731,21513,0.6436500621167796,1567,826,22488,24664,13743,7337,9831,16020,48323,35747,0,0,5753,5480,22343,2494,7479,748,1011,0,0,5221,45348,620,3315,0,0,0,0,0
717,3567,718.2529327560255,99809,2276,1178,154,33,43235,21773,0.6513240288951898,1606,874,22294,24565,14004,7482,9664,15866,48326,35751,0,0,5687,5423,22198,2540,7658,772,1070,0,0,5487,45062,614,3298,0,0,0,0,0
718,3567,719.1906780972085,99809,2359,1210,154,33,43626,21967,0.6571852237774148,1650,914,22095,24498,14167,7579,9573,15764,48329,35755,0,0,5641,5387,22101,2574,7785,794,1108,0,0,5683,44853,609,3274,0,0,0,0,0
719,3567,720.1346722829402,99807,2458,1228,155,34,44048,22175,0.6635105754105424,1701,936,21879,24435,14341,7712,9464,15653,48331,35759,0,0,5601,5355,21994,2593,7933,819,1143,0,0,5894,44615,602,3258,0,0,0,0,0
720,3567,721.0857811390025,99804,2518,1295,158,34,44462,22405,0.6699831670073344,1768,952,21716,24371,14516,7826,9322,15520,48333,35763,0,0,5561,5312,21878,2623,8093,839,1175,0,0,6096,44397,592,3238,0,0,0,0,0
721,3567,722.0419909789798,99801,2620,1338,159,36,44906,22634,0.6767467259847095,1809,989,21544,24283,14676,7954,9190,15398,48335,35767,0,0,5515,5274,21740,2649,8259,857,1217,0,0,6320,44162,585,3223,0,0,0,0,0
722,3567,723.0034412172531,99796,2674,1395,162,38,45338,22871,0.6834843079882961,1861,1012,21361,24209,14868,8069,9072,15275,48337,35771,0,0,5456,5220,21624,2695,8396,887,1270,0,0,6541,43925,577,3205,0,0,0,0,0
723,3567,724.295790796333,99795,2796,1464,163,38,45964,23192,0.6929806102510145,1886,1035,21109,24144,15135,8243,8909,15074,48339,35775,0,0,5366,5161,21473,2742,8589,917,1350,0,0,6854,43587,570,3186,0,0,0,0,0
724,3567,725.273145513589,99793,2909,1518,165,38,46450,23460,0.7005501387872897,1935,1030,20876,24070,15336,8400,8777,14942,48341,35778,0,0,5322,5098,21355,2793,8734,953,1387,0,0,7095,43332,565,3159,0,0,0,0,0
725,3567,726.2586324888897,99790,3008,1582,167,39,46950,23733,0.708317466680028,1984,1056,20660,23980,15533,8546,8646,14795,48343,35781,0,0,5270,5045,21231,2834,8890,990,1432,0,0,7336,43070,559,3133,0,0,0,0,0
726,3567,727.2521385612066,99787,3077,1651,170,39,47438,24035,0.7162556244801427,2056,1070,20454,23893,15727,8692,8514,14653,48345,35784,0,0,5216,4993,21089,2873,9046,1038,1478,0,0,7600,42787,555,3112,0,0,0,0,0
727,3567,728.2537174510463,99784,3151,1686,173,39,47968,24308,0.7243245410085786,2089,1133,20238,23765,15964,8852,8383,14523,48347,35787,0,0,5155,4939,20938,2920,9221,1077,1525,0,0,7894,42479,547,3089,0,0,0,0,0
728,3567,729.263653706714,99783,3245,1746,173,40,48528,24586,0.7327300241524107,2101,1187,20027,23666,16203,8990,8249,14369,48349,35790,0,0,5093,4880,20789,2961,9415,1105,1584,0,0,8171,42175,540,3070,0,0,0,0,0
729,3567,730.2821271713345,99781,3347,1799,175,40,49091,24879,0.7413234984616309,2138,1250,19832,23545,16429,9158,8077,14206,48351,35793,0,0,5036,4825,20656,2997,9590,1148,1632,0,0,8455,41858,538,3046,0,0,0,0,0
730,3567,731.3085769144515,99779,3453,1869,176,41,49665,25203,0.7503382475270347,2207,1294,19541,23415,16675,9326,7946,14053,48353,35796,0,0,4975,4768,20497,3036,9800,1185,1685,0,0,8735,41550,534,3014,0,0,0,0,0
731,3567,732.3460136744872,99778,3505,1930,177,41,50255,25560,0.7598368377798713,2312,1300,19310,23315,16919,9530,7775,13882,48355,35799,0,0,4889,4704,20336,3086,10023,1232,1761,0,0,9040,41195,527,2985,0,0,0,0,0
732,3567,733.043389303371,99777,3565,1976,178,41,50667,25801,0.7663890475760947,2323,1303,19154,23228,17096,9666,7682,13784,48357,35802,0,0,4848,4657,20232,3126,10158,1264,1794,0,0,9266,40950,519,2963,0,0,0,0,0
733,3567,734.0979209871354,99777,3590,2003,178,41,51229,26147,0.775489341230945,2449,1376,18889,23066,17354,9895,7538,13617,48359,35805,0,0,4782,4592,20079,3175,10367,1317,1843,0,0,9616,40561,513,2932,0,0,0,0,0
734,3567,735.1648147428461,99774,3684,2075,180,42,51879,26528,0.7858460119870908,2453,1394,18654,22931,17656,10097,7371,13459,48361,35808,0,0,4712,4525,19885,3233,10606,1371,1899,0,0,9937,40200,506,2900,0,0,0,0,0
735,3567,736.2431778673622,99771,3765,2161,183,42,52568,26931,0.796814705675998,2447,1415,18398,22789,17979,10309,7226,13282,48363,35811,0,0,4637,4457,19688,3291,10857,1439,1962,0,0,10254,39826,496,2864,0,0,0,0,0
736,3567,737.3344699836249,99767,3821,2217,186,43,53229,27334,0.8075115017991921,2466,1441,18164,22637,18275,10556,7086,13104,48365,35814,0,0,4539,4390,19486,3353,11124,1494,2039,0,0,10575,39445,489,2833,0,0,0,0,0
737,3567,738.0662651799324,99765,3870,2258,188,43,53689,27589,0.8146945321505538,2485,1476,17962,22525,18496,10707,6997,12989,48367,35817,0,0,4481,4344,19364,3399,11285,1527,2081,0,0,10813,39171,482,2818,0,0,0,0,0
738,3567,739.1489343361129,99762,3960,2275,190,44,54359,27985,0.8254044626210381,2523,1498,17717,22374,18756,10990,6852,12817,48369,35820,0,0,4404,4274,19175,3457,11539,1590,2139,0,0,11154,38764,475,2791,0,0,0,0,0
739,3567,740.2134455176929,99760,4003,2322,192,44,55020,28383,0.8360364875701684,2621,1508,17460,22225,19026,11243,6696,12656,48371,35823,0,0,4325,4210,18993,3524,11776,1659,2191,0,0,11507,38354,463,2758,0,0,0,0,0
740,3567,741.260606722179,99757,4083,2334,195,44,55712,28771,0.8468879376885833,2611,1557,17245,22077,19302,11500,6562,12486,48373,35826,0,0,4268,4149,18804,3578,12006,1745,2229,0,0,11872,37914,457,2735,0,0,0,0,0
741,3567,742.2915466726289,99754,4238,2401,198,44,56419,29179,0.8580909036229124,2656,1524,16997,21968,19507,11732,6402,12329,48375,35829,0,0,4194,4096,18607,3605,12252,1814,2290,0,0,12187,37548,453,2708,0,0,0,0,0
742,3567,743.3082002305454,99752,4349,2396,199,45,57097,29564,0.8687645360494025,2727,1566,16760,21808,19714,12015,6249,12168,48377,35832,0,0,4137,4034,18427,3654,12501,1881,2331,0,0,12543,37120,447,2677,0,0,0,0,0
743,3567,744.3117444716501,99749,4352,2454,200,47,57719,29937,0.8787657019117986,2803,1600,16505,21657,20024,12216,6114,12024,48379,35835,0,0,4077,3962,18235,3716,12753,1946,2371,0,0,12870,36728,442,2649,0,0,0,0,0
744,3567,745.2984606175017,99748,4401,2518,201,47,58396,30354,0.8897421502185507,2848,1633,16240,21486,20331,12444,5977,11870,48381,35838,0,0,4009,3887,18024,3783,13026,2026,2425,0,0,13160,36351,432,2625,0,0,0,0,0
745,3567,746.2685891745446,99745,4476,2573,202,49,59084,30755,0.9006867512155998,2867,1640,16006,21345,20602,12665,5845,11726,48383,35841,0,0,3942,3819,17837,3833,13273,2100,2470,0,0,13494,35954,426,2597,0,0,0,0,0
746,3567,747.2239509354421,99740,4540,2643,205,51,59780,31166,0.9118307599759374,2852,1635,15785,21196,20901,12886,5715,11587,48385,35844,0,0,3870,3761,17661,3869,13522,2196,2526,0,0,13776,35581,419,2559,0,0,0,0,0
747,3567,748.1645661469013,99738,4638,2689,205,53,60452,31559,0.9225270207944816,2859,1638,15549,21027,21147,13127,5600,11464,48387,35847,0,0,3815,3691,17501,3935,13749,2269,2559,0,0,14090,35188,411,2530,0,0,0,0,0
748,3567,749.0918338677398,99736,4677,2728,206,54,61094,31936,0.9327624929814711,2911,1684,15296,20878,21435,13330,5473,11324,48389,35850,0,0,3743,3633,17327,3961,13999,2361,2613,0,0,14366,34834,408,2491,0,0,0,0,0
749,3567,750.006093384029,99736,4701,2779,206,54,61737,32338,0.9432401540065773,2919,1686,15078,20748,21739,13553,5355,11178,48391,35853,0,0,3685,3575,17140,3989,14263,2445,2648,0,0,14676,34448,401,2466,0,0,0,0,0
750,3567,751.203854916819,99736,4703,2836,206,54,62571,32839,0.9566254912970241,3001,1749,14773,20582,22127,13796,5188,10981,48393,35856,0,0,3596,3474,16899,4071,14616,2546,2709,0,0,15042,33959,390,2434,0,0,0,0,0
751,3567,752.086630557744,99733,4739,2887,208,55,63218,33226,0.9670219486027694,2994,1777,14582,20422,22394,14006,5081,10851,48395,35859,0,0,3533,3422,16743,4111,14842,2644,2741,0,0,15320,33590,382,2405,0,0,0,0,0
752,3567,753.2465019210036,99729,4869,2890,212,55,64098,33755,0.9811890222502984,2928,1809,14341,20228,22698,14348,4950,10668,48397,35862,0,0,3455,3329,16532,4183,15154,2755,2789,0,0,15726,33063,373,2370,0,0,0,0,0
753,3567,754.105048370991,99726,4851,2907,214,56,64718,34135,0.9912460140785753,2933,1797,14147,20104,23002,14586,4851,10548,48399,35864,0,0,3397,3271,16347,4235,15409,2863,2815,0,0,15989,32690,367,2343,0,0,0,0,0
754,3567,755.2334101689785,99723,4913,2938,216,57,65553,34626,1.0045726662856111,2900,1806,13887,19926,23354,14867,4728,10404,48401,35866,0,0,3313,3206,16128,4270,15745,2985,2863,0,0,16320,32241,357,2295,0,0,0,0,0
755,3567,756.068032261705,99721,4983,2942,218,57,66186,34991,1.0146007360535896,2895,1840,13680,19802,23566,15088,4656,10269,48403,35868,0,0,3255,3157,15963,4294,16006,3071,2904,0,0,16564,31888,352,2267,0,0,0,0,0
756,3567,757.166872829874,99719,4995,3000,219,58,66966,35515,1.0276978309048426,2931,1822,13446,19609,23878,15381,4529,10128,48405,35870,0,0,3188,3077,15736,4344,16311,3210,2948,0,0,16907,31425,342,2231,0,0,0,0,0
757,3567,758.2503408490699,99718,4973,3038,220,58,67726,36020,1.0403939108285365,2991,1822,13227,19451,24192,15655,4395,9974,48407,35872,0,0,3114,2996,15499,4405,16680,3320,2986,0,0,17203,30977,332,2206,0,0,0,0,0
758,3567,759.0532623281327,99713,4989,3084,222,61,68299,36390,1.0499032222478513,3024,1818,13046,19317,24403,15849,4314,9869,48409,35874,0,0,3068,2952,15335,4434,16950,3400,3007,0,0,17402,30659,321,2185,0,0,0,0,0
759,3567,760.1118898869458,99711,5031,3108,224,61,69084,36886,1.0627714093730882,2958,1810,12866,19170,24711,16126,4208,9723,48411,35876,0,0,2995,2886,15104,4493,17275,3522,3042,0,0,17718,30207,315,2154,0,0,0,0,0
760,3567,761.1570330586004,99707,5051,3140,227,62,69869,37353,1.0753708365510948,2903,1804,12656,19025,25048,16378,4113,9589,48413,35878,0,0,2928,2822,14923,4526,17553,3659,3073,0,0,18046,29742,310,2125,0,0,0,0,0
761,3567,762.1887435885754,99707,5086,3133,227,62,70630,37806,1.0875465112780447,2821,1841,12476,18866,25373,16644,4015,9452,48415,35880,0,0,2849,2761,14723,4570,17872,3778,3120,0,0,18341,29297,304,2092,0,0,0,0,0
762,3567,763.2076924375748,99705,5057,3177,228,63,71306,38289,1.0991926182237601,2899,1877,12280,18726,25618,16875,3916,9280,48417,35882,0,0,2794,2702,14526,4581,18189,3909,3149,0,0,18603,28890,300,2062,0,0,0,0,0
763,3567,764.216226509077,99701,5069,3220,231,64,72037,38801,1.1117039949448853,2886,1808,12119,18590,25868,17166,3825,9150,48419,35884,0,0,2722,2638,14321,4625,18482,4062,3188,0,0,18851,28490,293,2029,0,0,0,0,0
764,3567,765.2154488467676,99698,5118,3226,234,64,72769,39262,1.123703584826175,2858,1798,11981,18455,26077,17440,3730,9015,48420,35886,0,0,2659,2580,14142,4663,18736,4207,3221,0,0,19126,28075,287,2002,0,0,0,0,0
765,3567,766.2056615705645,99696,5079,3257,236,64,73465,39728,1.1353815599422243,2903,1783,11770,18321,26360,17695,3650,8878,48421,35888,0,0,2601,2522,13945,4690,19056,4343,3236,0,0,19378,27671,280,1974,0,0,0,0,0
766,3567,767.1856994728071,99691,5061,3258,240,65,74152,40156,1.1466230652716896,2909,1817,11623,18194,26594,17927,3571,8737,48422,35890,0,0,2535,2462,13747,4724,19368,4477,3269,0,0,19602,27296,274,1937,0,0,0,0,0
767,3567,768.1563513223803,99687,5027,3202,244,65,74848,40554,1.1576434239168598,2880,1851,11451,18097,26903,18172,3493,8611,48423,35892,0,0,2496,2405,13559,4740,19661,4652,3277,0,0,19810,26903,271,1913,0,0,0,0,0
768,3567,769.1167366199244,99686,5032,3160,245,65,75555,40986,1.1690809140701803,2893,1856,11279,17965,27149,18458,3400,8494,48424,35894,0,0,2459,2352,13369,4760,19956,4817,3282,0,0,20053,26498,266,1874,0,0,0,0,0
769,3567,770.0687343955013,99686,5075,3174,245,65,76258,41440,1.1806873583050779,2801,1837,11166,17836,27368,18720,3343,8366,48425,35896,0,0,2410,2302,13174,4778,20248,4964,3298,0,0,20270,26143,257,1842,0,0,0,0,0
770,3567,771.013794390054,99684,5028,3173,247,65,76894,41872,1.1914249026925083,2791,1819,11060,17715,27605,18969,3267,8257,48426,35898,0,0,2368,2249,13005,4808,20503,5139,3309,0,0,20464,25780,251,1808,0,0,0,0,0
771,3567,772.1852817853631,99680,5059,3142,251,65,77740,42375,1.2050060192616372,2721,1846,10926,17581,27866,19257,3175,8107,48427,35900,0,0,2293,2194,12782,4839,20827,5337,3338,0,0,20698,25349,250,1773,0,0,0,0,0
772,3567,773.1149558731049,99678,5027,3145,253,65,78367,42802,1.2156042456710607,2760,1822,10788,17474,28052,19488,3118,8004,48428,35902,0,0,2257,2149,12626,4857,21082,5502,3337,0,0,20889,24994,245,1740,0,0,0,0,0
773,3567,774.0382803460351,99677,4959,3106,254,65,78986,43166,1.2254782948925027,2731,1852,10693,17398,28303,19663,3058,7914,48429,35904,0,0,2201,2102,12443,4874,21365,5656,3359,0,0,21064,24663,236,1714,0,0,0,0,0
774,3567,775.182585054388,99670,4878,3104,259,67,79715,43676,1.2379953847697402,2719,1809,10569,17272,28601,19962,2972,7784,48430,35906,0,0,2130,2036,12250,4912,21648,5872,3383,0,0,21263,24263,233,1680,0,0,0,0,0
775,3567,776.0907650758814,99666,4856,3099,262,68,80354,44094,1.2486504926454358,2683,1793,10475,17177,28803,20169,2919,7692,48431,35908,0,0,2091,1995,12081,4934,21927,6029,3380,0,0,21428,23928,223,1650,0,0,0,0,0
776,3567,777.2188874161719,99665,4799,3060,262,69,81122,44568,1.2611247679727087,2662,1790,10360,17008,29066,20492,2849,7579,48432,35910,0,0,2030,1938,11886,4947,22202,6269,3394,0,0,21610,23541,221,1627,0,0,0,0,0
777,3567,778.1150482639245,99661,4775,3036,264,71,81692,44961,1.2708381412990035,2658,1781,10268,16919,29252,20724,2781,7467,48433,35912,0,0,1985,1890,11731,4976,22429,6426,3413,0,0,21775,23218,212,1606,0,0,0,0,0
778,3567,779.0056633077202,99660,4743,3040,264,72,82287,45371,1.2809351796106763,2573,1769,10206,16827,29488,20930,2724,7360,48434,35914,0,0,1942,1855,11566,4996,22633,6614,3411,0,0,21927,22920,208,1588,0,0,0,0,0
779,3567,780.1109266795104,99658,4734,3033,266,72,83010,45868,1.293202753416685,2523,1703,10112,16723,29703,21221,2660,7246,48435,35916,0,0,1896,1805,11394,5006,22910,6821,3422,0,0,22093,22550,200,1561,0,0,0,0,0
780,3567,781.2096955877159,99653,4730,3016,270,73,83752,46320,1.3052492147752701,2456,1683,10032,16633,29919,21454,2591,7139,48436,35918,0,0,1846,1766,11231,4998,23205,7016,3434,0,0,22236,22183,197,1541,0,0,0,0,0
781,3567,782.0842290267416,99652,4697,3008,271,73,84309,46700,1.3146650343194317,2402,1629,9995,16561,30094,21672,2539,7055,48437,35920,0,0,1804,1727,11100,4994,23446,7171,3449,0,0,22366,21888,191,1516,0,0,0,0,0
782,3567,783.1722539319472,99650,4635,2963,272,74,84965,47140,1.3256899147014551,2396,1599,9891,16465,30304,21946,2500,6951,48438,35922,0,0,1763,1688,10932,4988,23715,7375,3454,0,0,22534,21516,189,1496,0,0,0,0,0
783,3567,784.0380020704166,99647,4561,2916,275,74,85490,47482,1.3344305398055134,2403,1583,9821,16396,30481,22159,2457,6870,48439,35924,0,0,1731,1659,10786,4985,23972,7541,3439,0,0,22599,21261,186,1488,0,0,0,0,0
784,3567,785.1145791005616,99646,4467,2913,276,74,86129,47905,1.3451016598759609,2348,1613,9783,16305,30713,22345,2411,6748,48440,35926,0,0,1691,1606,10639,5008,24243,7734,3425,0,0,22707,20945,180,1468,0,0,0,0,0
785,3567,786.185009741173,99643,4408,2883,279,74,86751,48316,1.3555091677287918,2351,1603,9676,16237,30922,22556,2362,6645,48441,35928,0,0,1655,1576,10487,5018,24496,7939,3417,0,0,22806,20632,176,1441,0,0,0,0,0
786,3567,787.0372736787411,99643,4414,2870,279,74,87242,48663,1.3639191915137039,2331,1597,9624,16148,31033,22728,2317,6581,48442,35930,0,0,1625,1556,10378,5019,24690,8091,3419,0,0,22887,20388,172,1418,0,0,0,0,0
787,3567,788.0986923648896,99640,4355,2859,282,74,87844,49098,1.3743677238057006,2315,1566,9572,16069,31202,22939,2272,6491,48443,35932,0,0,1589,1517,10214,5016,24948,8291,3417,0,0,22993,20096,166,1393,0,0,0,0,0
788,3567,789.1558364147613,99639,4285,2809,282,75,88411,49484,1.383946045223256,2344,1545,9539,16009,31320,23155,2228,6405,48444,35934,0,0,1560,1489,10069,5031,25185,8493,3392,0,0,23072,19815,157,1376,0,0,0,0,0
789,3567,790.2098001988977,99638,4244,2808,282,76,89024,49898,1.3942672474357174,2298,1501,9495,15931,31492,23364,2187,6318,48445,35936,0,0,1522,1459,9942,5029,25406,8706,3387,0,0,23141,19540,155,1351,0,0,0,0,0
790,3567,791.0499663383752,99634,4177,2776,284,78,89497,50203,1.4021318023967722,2287,1452,9432,15908,31672,23534,2146,6250,48446,35938,0,0,1490,1432,9821,5024,25599,8876,3389,0,0,23201,19316,151,1335,0,0,0,0,0
791,3567,792.0952514671404,99631,4109,2751,286,79,90070,50583,1.411739318083729,2219,1425,9377,15855,31888,23712,2119,6176,48447,35940,0,0,1461,1397,9692,5021,25842,9076,3377,0,0,23248,19055,147,1315,0,0,0,0,0
792,3567,793.1359948698154,99625,4093,2733,288,83,90657,50979,1.4216913425345044,2121,1393,9348,15811,32069,23896,2079,6082,48448,35942,0,0,1433,1365,9572,5005,26056,9263,3368,0,0,23345,18771,144,1303,0,0,0,0,0
793,3567,794.1727513210429,99623,4057,2658,290,83,91227,51327,1.4309346235307108,2067,1395,9303,15754,32232,24078,2049,6030,48449,35944,0,0,1403,1335,9458,5002,26295,9441,3358,0,0,23410,18491,142,1288,0,0,0,0,0
794,3567,795.2057949045312,99620,4013,2597,291,85,91794,51659,1.44000200762899,2036,1420,9280,15683,32372,24270,2006,5943,48450,35946,0,0,1378,1305,9332,5001,26463,9666,3348,0,0,23482,18231,141,1273,0,0,0,0,0
795,3567,796.0299924549664,99619,3953,2568,292,85,92219,51921,1.4469127375299893,2043,1422,9254,15660,32482,24380,1974,5883,48451,35948,0,0,1349,1278,9256,5007,26585,9836,3348,0,0,23518,18048,139,1255,0,0,0,0,0
796,3567,797.0576614073999,99617,3929,2498,293,86,92775,52261,1.455936235783049,1973,1443,9236,15619,32632,24550,1935,5802,48452,35950,0,0,1312,1248,9160,5009,26779,10035,3342,0,0,23566,17790,137,1239,0,0,0,0,0
797,3567,798.081931824814,99612,3900,2506,297,87,93294,52635,1.4649740995060836,1928,1400,9226,15564,32740,24710,1907,5731,48453,35952,0,0,1281,1227,9051,5017,26921,10244,3333,0,0,23608,17573,132,1225,0,0,0,0,0
798,3567,799.1038736086313,99609,3847,2485,300,87,93791,52982,1.473491351183126,1953,1372,9191,15531,32842,24862,1865,5661,48454,35954,0,0,1257,1198,8930,5026,27078,10446,3311,0,0,23667,17353,129,1214,0,0,0,0,0
799,3567,800.12335990445,99609,3776,2478,300,87,94256,53349,1.4818440100794106,1938,1356,9180,15464,32964,25015,1840,5598,48455,35956,0,0,1240,1172,8821,5023,27249,10648,3289,0,0,23701,17143,125,1198,0,0,0,0,0
800,3567,801.1407677772149,99608,3744,2410,300,88,94752,53666,1.490020881856879,1878,1352,9165,15423,33094,25196,1817,5529,48456,35958,0,0,1216,1147,8723,5024,27433,10834,3277,0,0,23739,16914,120,1181,0,0,0,0,0
801,3567,802.1559899454544,99608,3689,2389,300,88,95208,54012,1.4980724439804032,1862,1311,9168,15406,33196,25352,1783,5452,48457,35960,0,0,1192,1131,8622,4997,27595,11033,3267,0,0,23780,16712,117,1162,0,0,0,0,0
802,3567,803.1695181849153,99606,3648,2392,301,89,95674,54379,1.5064654739674317,1843,1249,9167,15371,33285,25504,1754,5393,48458,35962,0,0,1152,1107,8537,5011,27753,11210,3262,0,0,23813,16506,112,1143,0,0,0,0,0
803,3567,804.1812094709672,99606,3585,2359,301,89,96140,54717,1.5145372768708711,1843,1182,9155,15362,33386,25676,1728,5330,48459,35964,0,0,1135,1078,8441,5030,27888,11416,3236,0,0,23852,16289,108,1133,0,0,0,0,0
804,3567,805.191685019478,99604,3567,2355,302,90,96596,55036,1.5223485000602386,1790,1174,9175,15318,33471,25794,1693,5267,48460,35966,0,0,1112,1062,8352,5018,28044,11592,3224,0,0,23869,16103,107,1121,0,0,0,0,0
805,3567,806.2002395598513,99602,3526,2292,304,90,97055,55317,1.5298086383807554,1721,1156,9195,15309,33584,25939,1668,5212,48461,35968,0,0,1087,1031,8259,5009,28208,11769,3217,0,0,23910,15900,105,1107,0,0,0,0,0
806,3567,807.0062463542059,99601,3473,2252,304,91,97418,55535,1.5356572725173443,1696,1152,9212,15317,33662,26024,1651,5162,48462,35969,0,0,1075,1012,8194,4998,28352,11911,3207,0,0,23907,15753,97,1095,0,0,0,0,0
807,3567,808.0126620935815,99598,3425,2222,306,92,97845,55821,1.5428623064720175,1717,1145,9222,15312,33705,26132,1623,5095,48463,35970,0,0,1059,989,8126,4987,28482,12092,3198,0,0,23938,15554,94,1079,0,0,0,0,0
808,3567,809.01795951066,99598,3354,2144,306,92,98249,56061,1.5493282997650555,1707,1166,9227,15321,33809,26248,1595,5027,48464,35971,0,0,1039,977,8057,4963,28596,12289,3187,0,0,23963,15365,94,1068,0,0,0,0,0
809,3567,810.021796422048,99597,3306,2134,307,92,98676,56353,1.5565629486831933,1689,1105,9228,15327,33897,26365,1571,4975,48465,35972,0,0,1030,961,7978,4953,28736,12478,3165,0,0,23949,15203,92,1052,0,0,0,0,0
810,3567,811.0246218560441,99597,3319,2103,307,92,99134,56624,1.5638824462584215,1639,1105,9248,15305,33933,26474,1552,4919,48466,35973,0,0,1011,941,7902,4950,28865,12650,3152,0,0,23957,15037,92,1040,0,0,0,0,0
811,3567,812.0269914060036,99596,3255,2089,307,93,99550,56912,1.5709667054901804,1607,1084,9258,15309,34042,26559,1529,4864,48467,35974,0,0,999,917,7824,4950,29021,12824,3134,0,0,23933,14873,90,1031,0,0,0,0,0
812,3567,813.0273296152968,99595,3192,2031,307,94,99947,57146,1.5773181384607662,1552,1107,9286,15295,34149,26646,1512,4825,48468,35975,0,0,983,902,7760,4945,29117,13021,3115,0,0,23931,14713,86,1022,0,0,0,0,0
813,3567,814.0262532049093,99593,3098,2009,308,95,100334,57404,1.5838261725221652,1539,1105,9312,15280,34239,26728,1502,4781,48469,35976,0,0,969,890,7684,4920,29206,13228,3102,0,0,23950,14550,84,1010,0,0,0,0,0
814,3567,815.0246457836498,99593,3051,1958,308,95,100709,57656,1.5901217957085336,1500,1110,9354,15276,34304,26824,1481,4735,48470,35977,0,0,955,876,7610,4898,29344,13398,3092,0,0,23931,14402,84,1003,0,0,0,0,0
815,3567,816.0223782611104,99593,3004,1936,308,95,101071,57946,1.596668440553051,1494,1062,9356,15274,34377,26949,1459,4682,48471,35978,0,0,940,859,7544,4875,29456,13575,3084,0,0,23948,14242,83,987,0,0,0,0,0
816,3567,817.0192738923364,99591,2969,1918,309,96,101449,58207,1.6031167474972638,1469,1037,9408,15263,34408,27043,1435,4641,48472,35979,0,0,922,848,7471,4854,29540,13756,3082,0,0,23963,14092,82,981,0,0,0,0,0
817,3567,818.0162954511159,99591,2937,1901,309,96,101796,58454,1.6090811418702493,1473,999,9442,15276,34415,27125,1422,4601,48473,35980,0,0,906,838,7405,4852,29631,13919,3074,0,0,23965,13951,79,971,0,0,0,0,0
818,3567,819.0137404322923,99591,2929,1906,309,96,102169,58703,1.6153266861463385,1427,983,9461,15279,34468,27178,1404,4556,48474,35981,0,0,890,827,7347,4826,29736,14071,3070,0,0,23960,13824,79,961,0,0,0,0,0
819,3567,820.0104151948476,99589,2815,1829,311,96,102496,58929,1.6209119481067187,1443,1002,9505,15289,34541,27270,1383,4512,48475,35982,0,0,877,816,7283,4810,29805,14288,3057,0,0,23951,13679,79,944,0,0,0,0,0
820,3567,821.0065386166783,99589,2769,1800,311,96,102848,59168,1.6268463384510337,1402,954,9537,15318,34613,27358,1366,4472,48476,35983,0,0,861,804,7216,4798,29891,14470,3048,0,0,23927,13564,78,932,0,0,0,0,0
821,3567,822.0022636915784,99586,2711,1812,314,96,103190,59428,1.6329403731448195,1370,931,9569,15322,34687,27399,1347,4438,48477,35984,0,0,845,790,7151,4796,29973,14649,3043,0,0,23886,13456,78,919,0,0,0,0,0
822,3567,823.1958946553079,99585,2685,1748,314,97,103591,59678,1.6394938996836872,1343,948,9571,15340,34754,27480,1331,4385,48478,35985,0,0,825,776,7084,4768,30092,14831,3039,0,0,23873,13308,77,912,0,0,0,0,0
823,3567,824.189413611256,99582,2635,1723,315,99,103933,59901,1.6452170070896346,1295,943,9611,15342,34823,27536,1319,4355,48479,35986,0,0,813,764,7019,4739,30191,15002,3028,0,0,23849,13196,74,907,0,0,0,0,0
824,3567,825.1824972749179,99580,2585,1720,317,99,104252,60114,1.6505924884514962,1236,948,9658,15363,34899,27561,1303,4307,48480,35987,0,0,804,752,6983,4723,30234,15179,3017,0,0,23822,13096,70,900,0,0,0,0,0
825,3567,826.1746995122232,99580,2510,1706,317,99,104548,60355,1.655985137577827,1195,914,9711,15380,34977,27625,1288,4274,48481,35988,0,0,792,746,6928,4701,30313,15351,3009,0,0,23800,12976,69,895,0,0,0,0,0
826,3567,827.1664188870315,99578,2422,1705,319,99,104832,60578,1.661109883709253,1210,881,9744,15399,35030,27677,1273,4237,48482,35989,0,0,775,735,6870,4690,30411,15504,2999,0,0,23749,12886,69,890,0,0,0,0,0
827,3567,828.1577858048367,99578,2385,1700,319,99,105143,60795,1.6664122597360862,1163,862,9787,15408,35090,27729,1254,4200,48483,35990,0,0,761,720,6815,4672,30511,15647,2993,0,0,23720,12789,69,881,0,0,0,0,0
828,3567,829.1487585190364,99578,2354,1682,319,99,105422,61017,1.6714434915342746,1140,835,9825,15426,35128,27787,1232,4169,48484,35991,0,0,753,709,6775,4661,30594,15784,2982,0,0,23704,12681,67,868,0,0,0,0,0
829,3567,830.1398026273214,99578,2302,1658,319,99,105702,61225,1.6763441724075598,1105,799,9867,15452,35179,27851,1226,4139,48485,35992,0,0,749,698,6725,4660,30680,15927,2964,0,0,23680,12571,67,857,0,0,0,0,0
830,3567,831.1308994067032,99574,2240,1587,321,101,105977,61409,1.6810211500994234,1104,790,9913,15495,35201,27916,1219,4109,48486,35993,0,0,744,685,6675,4655,30751,16092,2943,0,0,23647,12463,66,853,0,0,0,0,0
831,3567,832.1222943284149,99574,2179,1544,321,101,106262,61600,1.6858015144515637,1082,769,9961,15543,35251,27972,1204,4069,48487,35994,0,0,739,672,6631,4642,30819,16256,2925,0,0,23613,12366,65,846,0,0,0,0,0
832,3567,833.1140877383641,99572,2199,1561,323,101,106580,61812,1.6911581569115817,1016,727,10024,15565,35246,27996,1190,4048,48488,35995,0,0,731,666,6593,4645,30878,16388,2905,0,0,23588,12275,65,838,0,0,0,0,0
833,3567,834.1065621538453,99571,2163,1504,324,101,106844,61987,1.6955840555985175,968,726,10073,15609,35284,28048,1186,4010,48489,35996,0,0,722,658,6556,4649,30950,16527,2889,0,0,23555,12169,65,831,0,0,0,0,0
834,3567,835.099467741638,99571,2089,1471,324,101,107090,62154,1.6997318496349338,948,748,10134,15655,35322,28047,1181,3976,48490,35997,0,0,714,649,6504,4635,31023,16673,2878,0,0,23513,12092,63,827,0,0,0,0,0
835,3567,836.0928064695001,99571,2025,1452,324,101,107314,62334,1.7037892559078447,969,716,10211,15692,35305,28091,1164,3946,48491,35998,0,0,709,644,6453,4636,31092,16810,2855,0,0,23474,12015,63,820,0,0,0,0,0
836,3567,837.0872104781292,99571,1984,1403,324,101,107565,62500,1.7079772222835967,949,714,10248,15715,35335,28147,1158,3918,48492,35999,0,0,704,639,6405,4614,31161,16951,2846,0,0,23448,11924,63,816,0,0,0,0,0
837,3567,838.0819106038119,99571,1935,1372,324,101,107790,62663,1.7118739391991644,944,705,10293,15767,35351,28159,1151,3894,48493,36000,0,0,694,632,6368,4610,31222,17073,2832,0,0,23430,11839,63,808,0,0,0,0,0
838,3567,839.0769810179381,99570,1900,1362,325,101,108038,62839,1.7161494426031938,900,681,10348,15796,35386,28191,1139,3867,48494,36001,0,0,688,625,6323,4585,31289,17207,2823,0,0,23403,11763,62,802,0,0,0,0,0
839,3567,840.0723711775128,99568,1862,1331,326,102,108279,63014,1.7203619636831111,863,651,10423,15850,35393,28216,1131,3848,48495,36002,1,1,682,616,6280,4572,31357,17328,2813,0,0,23393,11665,62,798,0,0,1,0,1
840,3567,841.0687586861129,99566,1759,1316,327,103,108464,63175,1.7238716027559609,897,613,10458,15905,35440,28231,1117,3830,48496,36003,2,2,675,612,6238,4554,31398,17470,2800,0,0,23371,11593,62,790,0,0,1,0,2
841,3567,842.0650535606876,99565,1739,1289,327,104,108695,63327,1.7277356500778387,857,614,10519,15935,35443,28249,1113,3807,48497,36004,3,3,672,607,6202,4540,31425,17609,2789,0,0,23347,11526,62,782,0,1,1,0,2
842,3567,843.0623654496803,99565,1714,1225,327,104,108910,63465,1.7312810726660974,859,610,10577,15983,35416,28288,1105,3788,48498,36005,4,4,665,602,6167,4534,31449,17745,2777,0,0,23329,11451,60,781,0,2,1,0,2
843,3567,844.061119570746,99562,1687,1224,327,107,109127,63633,1.7352001767742713,823,568,10623,16010,35441,28331,1097,3758,48499,36006,5,5,661,593,6125,4527,31479,17879,2765,0,0,23294,11397,60,776,0,3,1,0,2
844,3567,845.0602125339128,99560,1664,1204,328,108,109349,63776,1.738901165126557,795,553,10679,16094,35445,28311,1087,3728,48500,36007,6,6,654,591,6091,4510,31535,17997,2756,0,0,23247,11348,59,765,0,3,2,0,2
845,3567,846.0598184145704,99560,1608,1174,328,108,109534,63900,1.7420048212133388,805,565,10745,16159,35430,28295,1082,3697,48501,36008,7,7,646,588,6058,4499,31584,18105,2749,0,0,23216,11284,59,764,0,4,2,0,2
846,3567,847.0606944008631,99559,1587,1160,328,109,109744,64028,1.7454172902500025,799,559,10790,16201,35423,28286,1071,3683,48502,36009,8,8,640,583,6027,4480,31633,18206,2738,0,0,23197,11224,59,762,0,5,2,0,3
847,3567,848.062559677307,99559,1585,1121,328,109,109949,64152,1.748721863417672,801,541,10849,16250,35370,28316,1065,3661,48503,36010,9,9,634,579,5994,4467,31682,18312,2729,0,0,23173,11165,59,755,0,5,2,0,3
848,3567,849.066119892362,99558,1554,1090,329,109,110155,64272,1.752013901444384,772,530,10922,16305,35361,28319,1060,3645,48504,36011,10,10,627,578,5964,4451,31719,18426,2719,0,0,23160,11095,58,750,0,5,2,0,4
849,3567,850.0709245027875,99558,1519,1070,329,109,110339,64398,1.7551276642761005,777,511,10993,16380,35327,28307,1053,3621,48505,36012,11,11,621,571,5939,4454,31762,18526,2701,0,0,23136,11035,57,744,0,6,2,0,4
850,3567,851.077241580489,99558,1477,1053,329,109,110522,64535,1.75834187107013,768,497,11068,16430,35311,28310,1045,3599,48506,36013,12,12,613,569,5907,4438,31791,18643,2699,0,0,23106,10982,57,739,0,8,2,0,4
851,3567,852.0848352615081,99558,1453,1023,329,109,110692,64667,1.7613752787319954,767,480,11135,16478,35276,28321,1038,3587,48507,36014,14,14,609,566,5876,4434,31817,18756,2689,0,0,23076,10926,57,737,0,8,2,0,5
852,3567,853.0940923926977,99556,1432,1022,329,111,110884,64811,1.764785648278356,730,450,11208,16537,35264,28312,1035,3566,48508,36015,16,16,604,562,5844,4425,31851,18863,2678,0,0,23051,10870,57,734,0,9,2,0,6
853,3567,854.1044815723283,99554,1387,995,330,112,111079,64921,1.7678847660566126,707,446,11290,16610,35255,28291,1029,3544,48509,36016,19,18,596,555,5821,4423,31872,18974,2672,0,0,23026,10808,57,732,0,10,2,0,6
854,3567,855.1161399005389,99554,1350,948,330,112,111254,65024,1.7706772204029975,678,443,11349,16686,35266,28283,1025,3526,48510,36017,23,21,592,550,5793,4411,31887,19098,2668,0,0,22994,10757,56,727,0,11,3,0,7
855,3567,856.1285692560319,99554,1343,932,330,112,111434,65140,1.7736504811459108,660,431,11393,16741,35256,28275,1016,3507,48511,36018,28,25,586,546,5769,4408,31893,19207,2662,0,0,22974,10704,56,724,0,13,4,0,8
856,3567,857.1420879014322,99553,1347,920,331,112,111620,65246,1.776601408295079,641,433,11471,16805,35197,28243,1011,3485,48512,36019,34,30,582,542,5746,4398,31916,19300,2654,0,0,22958,10654,56,717,0,16,5,0,9
857,3567,858.1573576742726,99553,1307,894,331,112,111775,65345,1.7791528130744427,639,416,11540,16890,35166,28224,1015,3462,48513,36020,42,36,581,537,5715,4386,31937,19400,2645,0,0,22942,10604,56,714,0,20,7,0,9
858,3567,859.174426059017,99552,1309,887,332,112,111949,65453,1.78200337512054,623,406,11616,16954,35104,28193,1014,3446,48514,36021,51,43,576,532,5691,4379,31953,19490,2638,0,0,22935,10552,55,708,0,23,8,0,12
859,3567,860.1935966429261,99550,1273,864,333,113,112095,65548,1.784460070316424,603,413,11708,16997,35064,28157,1017,3454,48515,36022,63,51,570,527,5677,4372,31963,19589,2629,0,0,22906,10504,55,705,0,29,8,0,16
860,3567,861.0105388378912,99550,1254,848,333,113,112229,65639,1.786720241084882,587,393,11780,17034,35022,28169,1022,3441,48516,36023,77,61,566,524,5662,4362,31987,19673,2623,0,0,22876,10454,54,704,0,32,11,0,22
861,3567,862.0335896515047,99550,1235,826,333,113,112381,65734,1.7892014063284782,580,395,11857,17084,34969,28142,1024,3438,48517,36024,94,73,562,519,5636,4361,31987,19780,2614,0,0,22840,10418,54,700,0,43,14,0,22
862,3567,863.0585597487676,99549,1197,779,334,113,112516,65827,1.7915097087866276,574,383,11946,17148,34915,28144,1032,3431,48518,36025,115,87,556,514,5612,4356,31994,19888,2610,0,0,22799,10369,54,695,0,59,18,0,25
863,3567,864.0859365656064,99548,1204,764,335,113,112676,65918,1.7940491019407723,546,389,12011,17212,34863,28083,1039,3437,48519,36026,140,103,554,512,5599,4352,31991,19980,2601,0,0,22778,10320,53,690,0,68,20,0,30
864,3567,865.1151286564467,99548,1155,762,335,113,112813,66027,1.7965202716277575,516,376,12117,17247,34823,28050,1052,3450,48520,36027,170,122,550,511,5577,4336,31977,20102,2596,0,0,22741,10275,53,686,0,88,22,0,34
865,3567,866.1465448028428,99547,1113,722,335,114,112941,66098,1.7985373743056043,515,381,12182,17321,34792,27992,1061,3468,48521,36028,206,143,543,509,5557,4321,31956,20221,2594,0,0,22709,10230,53,684,1,105,25,0,39
866,3567,867.1797423399933,99546,1076,718,335,115,113076,66204,1.8009764330058466,490,368,12268,17362,34753,27941,1076,3494,48522,36029,248,168,533,507,5538,4302,31962,20321,2595,0,0,22669,10178,53,681,3,127,31,0,46
867,3567,868.0079275287076,99546,1039,700,335,115,113180,66273,1.8027143230265406,479,362,12340,17406,34703,27902,1102,3513,48523,36030,297,196,527,502,5514,4300,31947,20416,2591,0,0,22627,10136,53,681,3,148,40,0,61
868,3567,869.0456212185385,99545,998,687,336,115,113307,66371,1.8049927168617208,478,345,12411,17458,34650,27844,1125,3549,48524,36031,354,228,522,498,5485,4308,31937,20524,2578,0,0,22589,10076,53,678,3,174,46,0,74
869,3567,870.0854091851672,99545,981,685,336,115,113429,66462,1.807132452659601,470,338,12467,17491,34586,27773,1158,3596,48525,36032,420,265,521,493,5461,4308,31925,20631,2569,0,0,22532,10030,52,676,3,201,53,0,90
870,3567,871.1279397615576,99544,988,683,337,115,113565,66554,1.809441051193442,454,318,12547,17532,34477,27694,1195,3656,48526,36033,496,307,520,491,5441,4304,31902,20728,2561,0,0,22501,9967,52,672,4,235,60,0,106
871,3567,872.1736656951351,99543,946,667,337,116,113676,66630,1.8113378138091076,463,307,12624,17587,34398,27609,1230,3712,48527,36034,583,354,516,488,5415,4290,31865,20855,2560,0,0,22456,9917,52,667,4,267,69,0,122
872,3567,873.012412068604,99543,895,659,337,116,113757,66693,1.812784424821434,462,303,12707,17603,34321,27528,1276,3789,48528,36035,682,407,516,486,5385,4281,31826,20972,2555,0,0,22402,9870,52,664,6,302,85,0,141
873,3567,874.0638947717737,99543,895,628,337,116,113886,66762,1.8147735149633826,436,321,12765,17609,34238,27445,1327,3879,48529,36036,794,466,513,482,5355,4276,31808,21085,2548,0,0,22328,9810,52,662,7,355,97,0,165
874,3567,875.1185753380199,99542,864,603,337,117,113986,66832,1.8164995680215386,428,321,12847,17643,34131,27328,1391,3986,48530,36037,921,532,510,479,5329,4270,31739,21229,2545,0,0,22252,9766,52,660,9,414,108,0,180
875,3567,876.1773888007303,99542,840,605,337,117,114094,66922,1.8184886781459082,421,277,12932,17656,34013,27233,1455,4110,48531,36038,1063,605,508,478,5300,4269,31702,21360,2534,0,0,22155,9711,50,656,11,481,118,0,209
876,3567,877.027574200563,99541,831,607,338,117,114189,66984,1.8200841864156478,399,280,12988,17654,33909,27102,1533,4238,48532,36039,1222,686,504,474,5274,4270,31631,21487,2531,0,0,22077,9653,50,649,16,544,136,0,245
877,3567,878.0941622573757,99541,808,557,338,117,114293,67039,1.821681518168393,390,298,13050,17661,33798,26988,1614,4377,48533,36040,1399,775,503,473,5235,4263,31580,21640,2521,0,0,21977,9582,49,645,17,617,155,0,284
878,3567,879.1649606516439,99540,811,540,339,117,114409,67114,1.8236186457705446,350,280,13108,17690,33687,26851,1703,4520,48534,36041,1596,873,503,473,5195,4253,31511,21788,2517,0,0,21874,9510,49,642,18,700,185,0,322
879,3567,880.0247506334023,99540,789,528,339,117,114487,67163,1.8248945147679325,339,279,13172,17676,33557,26684,1802,4714,48535,36042,1814,980,500,470,5164,4249,31395,21954,2515,0,0,21775,9446,49,641,19,796,207,0,360
880,3567,881.1041636580582,99539,751,524,340,117,114562,67236,1.8263997026291203,361,264,13220,17694,33421,26486,1905,4913,48536,36043,2053,1097,498,468,5129,4238,31293,22124,2514,0,0,21669,9369,48,636,23,904,228,0,398
881,3567,882.1884207566452,99539,764,518,340,117,114677,67318,1.8283788263896563,333,243,13289,17689,33252,26303,2020,5128,48537,36044,2315,1224,497,466,5095,4231,31172,22315,2508,0,0,21559,9284,48,629,28,1005,249,0,453
882,3567,883.0599686649265,99538,727,516,340,118,114745,67376,1.8296630432598606,336,234,13297,17643,33154,26104,2144,5383,48538,36045,2601,1362,496,464,5059,4221,31043,22509,2505,0,0,21435,9205,48,627,30,1121,271,0,504
883,3567,884.1539124053579,99538,699,484,340,118,114824,67427,1.83096907713637,345,241,13348,17623,32984,25891,2282,5641,48539,36046,2912,1511,493,463,5020,4215,30885,22735,2499,0,0,21300,9116,48,623,32,1250,298,0,561
884,3567,885.033578184088,99538,677,484,340,118,114892,67493,1.8323152966706182,342,215,13397,17548,32809,25689,2433,5944,48540,36047,3249,1672,491,461,4974,4214,30718,22953,2493,0,0,21160,9029,48,619,35,1388,329,0,626
885,3567,886.1397261594292,99538,663,478,340,118,114978,67549,1.833741887520344,349,212,13452,17492,32603,25448,2591,6250,48541,36048,3612,1845,491,459,4917,4209,30536,23186,2488,0,0,21007,8938,48,611,42,1542,372,0,692
886,3567,887.0300112518909,99538,637,463,340,118,115046,67590,1.834836946693725,350,212,13489,17415,32422,25201,2760,6589,48542,36049,4002,2030,490,459,4870,4198,30355,23426,2486,0,0,20829,8844,48,608,45,1703,404,0,773
887,3567,888.1499155758328,99538,618,439,340,118,115141,67651,1.8364041873455363,323,200,13562,17357,32217,24943,2938,6941,48543,36050,4419,2228,488,456,4822,4192,30197,23666,2482,0,0,20610,8736,48,600,50,1895,439,0,857
888,3567,889.0516420735893,99538,610,435,340,118,115203,67700,1.8375193393477869,317,202,13576,17254,32019,24660,3136,7329,48544,36051,4863,2439,486,455,4764,4185,29999,23916,2479,0,0,20397,8645,47,594,57,2093,486,0,935
889,3567,890.1865313331915,99538,611,428,340,118,115301,67763,1.8391368120717715,287,201,13627,17132,31793,24376,3340,7743,48545,36052,5334,2663,484,452,4694,4175,29797,24191,2472,0,0,20200,8539,47,585,66,2272,540,0,1024
890,3567,891.1007313939502,99538,606,420,340,118,115375,67806,1.8403122425606302,272,197,13633,17003,31592,24069,3555,8191,48546,36053,5832,2900,481,452,4644,4167,29586,24457,2470,0,0,19966,8440,47,580,70,2489,586,0,1103
891,3567,892.02099124416,99538,585,419,340,118,115437,67853,1.8414073017340111,270,184,13630,16880,31387,23748,3786,8649,48547,36054,6356,3151,480,451,4594,4168,29358,24732,2458,0,0,19743,8320,46,571,78,2704,632,0,1203
892,3567,893.1796809902988,99538,574,396,340,118,115521,67907,1.842793706925998,255,172,13649,16782,31162,23417,4018,9113,48548,36055,6905,3415,478,450,4524,4161,29124,25034,2456,0,0,19491,8185,45,566,82,2937,690,0,1315
893,3567,894.1135578369963,99537,556,375,341,118,115579,67936,1.843686267418146,251,182,13649,16672,30928,23026,4273,9625,48549,36056,7478,3693,477,449,4465,4157,28819,25381,2449,0,0,19254,8071,45,561,87,3161,744,0,1417
894,3567,895.0546687864113,99537,531,372,341,118,115636,67984,1.8447411515315912,247,158,13662,16537,30679,22667,4538,10146,48550,36057,8073,3984,476,447,4400,4153,28561,25698,2442,0,0,18994,7950,45,550,97,3392,804,0,1528
895,3567,896.0038216209117,99537,541,354,341,118,115704,68019,1.8457759426143043,244,152,13661,16396,30395,22286,4816,10692,48551,36058,8689,4288,476,445,4338,4154,28251,26045,2438,0,0,18712,7828,44,547,99,3656,862,0,1642
896,3567,897.2019632498079,99536,532,348,342,118,115783,68065,1.8470503134544285,242,142,13650,16282,30129,21864,5103,11244,48552,36059,9324,4604,474,442,4258,4148,27973,26377,2436,0,0,18412,7690,44,538,105,3946,933,0,1760
897,3567,898.1686944859257,99535,523,339,343,118,115839,68104,1.8480233083839854,252,135,13627,16068,29851,21507,5402,11831,48553,36060,9976,4933,473,441,4185,4148,27645,26745,2431,0,0,18140,7542,44,532,111,4215,994,0,1889
898,3567,899.1442457693742,99535,502,330,343,118,115900,68141,1.8490078866730295,265,124,13601,15876,29578,21135,5709,12415,48554,36061,10642,5274,472,437,4119,4151,27344,27089,2427,0,0,17812,7412,43,521,122,4532,1049,0,2005
899,3567,900.1288817892793,99535,489,325,343,118,115944,68161,1.8496508765760789,291,160,13664,15935,29518,21083,5693,12377,48554,36061,10642,5274,472,436,4117,4146,27342,27119,2424,0,0,17806,7404,43,520,122,4531,1049,0,2004
900,3567,900.1288817892793,99535,483,329,343,118,115956,68169,1.8498518109207815,296,164,13570,15701,29272,20680,6034,13006,48554,36061,11321,5626,471,436,4060,4145,27026,27446,2423,1,0,17510,7273,43,505,136,4822,1103,0,2135
901,3567,901.1233221302762,99535,499,334,343,118,116040,68216,1.8511679308785853,268,160,13551,15522,28971,20258,6366,13606,48554,36061,12010,5988,470,434,3985,4141,26675,27836,2422,2,12,17187,7136,43,498,143,5123,1168,1,2259
902,3567,902.1282703013234,99535,499,327,343,118,116113,68260,1.8523433967950973,286,162,13511,15324,28665,19867,6694,14200,48554,36061,12706,6360,469,432,3911,4143,26313,28240,2415,3,27,16878,6977,43,489,151,5404,1236,2,2402
903,3567,903.1437296503403,99534,504,324,343,119,116183,68304,1.8535073442240841,286,165,13470,15126,28361,19464,7034,14800,48554,36061,13407,6741,467,429,3837,4141,25987,28608,2413,5,33,16535,6835,43,480,160,5718,1303,4,2536
904,3567,904.1698473803608,99534,509,302,343,119,116260,68335,1.8545924005867342,268,183,13466,14926,28030,19053,7382,15415,48554,36061,14110,7131,467,426,3752,4141,25626,29011,2408,5,49,16212,6700,43,472,168,6011,1384,7,2652
905,3567,905.2081717507276,99534,510,300,343,119,116330,68389,1.855838206040147,265,178,13416,14735,27722,18660,7742,16006,48554,36061,14813,7528,467,426,3661,4135,25284,29408,2404,5,60,15891,6555,42,468,172,6303,1460,13,2780
906,3567,906.2581101409347,99534,499,302,343,119,116394,68440,1.8569935901300059,267,184,13395,14554,27395,18232,8099,16607,48554,36061,15514,7932,466,424,3582,4135,24933,29800,2399,6,75,15539,6422,42,458,180,6635,1527,14,2897
907,3567,907.054056868629,99534,510,305,343,119,116456,68478,1.8579982719472743,259,182,13328,14376,27079,17823,8479,17193,48554,36061,16210,8342,465,424,3507,4135,24570,30189,2394,7,81,15227,6284,42,449,189,6932,1596,19,3024
908,3567,908.1287509305191,99534,478,317,343,119,116527,68543,1.8593646392187595,267,179,13272,14206,26794,17415,8844,17762,48554,36061,16899,8756,465,422,3425,4129,24238,30590,2389,7,93,14875,6159,42,439,197,7233,1675,23,3133
909,3567,909.2157962692474,99534,476,318,343,119,116602,68592,1.8606104446721723,281,180,13266,14002,26424,17036,9208,18343,48554,36061,17579,9174,462,422,3348,4122,23867,31003,2386,10,106,14547,6034,42,434,201,7536,1746,28,3240
910,3567,910.040868648358,99534,466,310,343,119,116651,68632,1.8615046114895413,283,173,13198,13795,26113,16689,9595,18912,48554,36061,18248,9595,460,421,3282,4116,23500,31408,2383,12,117,14251,5886,42,426,208,7810,1807,34,3371
911,3567,911.1554628643526,99534,483,304,343,119,116734,68680,1.862820744670163,284,170,13152,13635,25778,16312,9958,19458,48554,36061,18905,10017,459,420,3217,4113,23125,31825,2381,13,134,13943,5761,42,418,216,8089,1865,38,3475
912,3567,912.0011218859136,99534,490,292,343,119,116803,68716,1.863875660578295,267,165,13116,13457,25459,15961,10323,20004,48554,36061,19548,10440,457,420,3159,4105,22787,32206,2380,15,144,13649,5632,42,407,226,8358,1915,43,3589
913,3567,913.1443355418377,99534,490,307,343,119,116879,68775,1.8652319810316074,264,163,13088,13301,25129,15588,10684,20520,48554,36061,20175,10863,456,419,3082,4105,22434,32599,2373,16,158,13361,5499,42,400,232,8626,1981,48,3703
914,3567,914.0120465348057,99534,483,302,343,119,116934,68813,1.866166335121667,256,162,13013,13124,24835,15261,11068,21030,48554,36061,20786,11285,455,418,3012,4101,22122,32954,2369,17,167,13068,5366,42,388,242,8895,2043,53,3822
915,3567,915.1845519327092,99534,490,305,343,119,117016,68870,1.86756284284767,262,160,12978,13016,24499,14923,11426,21475,48554,36061,21380,11705,454,418,2952,4098,21785,33338,2362,18,171,12805,5237,41,374,255,9130,2096,63,3937
916,3567,916.0745786584988,99533,496,292,344,119,117088,68896,1.8685662041734903,262,167,12926,12877,24188,14601,11782,21942,48554,36061,21956,12122,453,417,2892,4093,21481,33687,2359,19,170,12509,5119,40,365,264,9398,2148,73,4046
917,3567,917.2781008071249,99533,496,288,344,119,117180,68941,1.869942632091869,257,172,12918,12736,23853,14305,12130,22378,48554,36061,22513,12535,448,417,2832,4091,21150,34060,2354,24,179,12238,4990,39,354,272,9646,2201,81,4157
918,3567,918.1921655740758,99533,481,280,344,119,117224,68977,1.8707463856208493,270,178,12885,12609,23532,14014,12486,22798,48554,36061,23051,12944,447,415,2775,4089,20797,34453,2351,25,183,11986,4888,39,350,274,9871,2254,85,4251
919,3567,919.1186627140158,99533,475,283,344,119,117274,69018,1.8716606552600645,273,172,12822,12500,23247,13706,12837,23218,48554,36061,23570,13347,446,414,2706,4087,20502,34783,2348,26,194,11733,4788,39,344,279,10100,2319,90,4335
920,3567,920.056705533138,99533,500,281,344,119,117356,69056,1.872866285553535,251,175,12770,12387,22955,13428,13178,23608,48554,36061,24070,13745,446,414,2643,4089,20205,35119,2345,26,196,11483,4680,38,339,281,10324,2375,95,4435
921,3567,921.0066332739519,99533,490,289,344,119,117426,69105,1.8740618689278932,237,163,12721,12248,22697,13196,13509,23983,48554,36061,24550,14136,446,413,2572,4085,19916,35455,2342,26,203,11275,4584,38,333,286,10504,2436,100,4519
922,3567,922.2893540331452,99532,504,286,344,120,117524,69159,1.875607844713258,227,147,12682,12196,22444,12946,13797,24303,48554,36061,25011,14520,446,412,2519,4077,19617,35802,2338,26,217,11060,4465,38,328,291,10691,2481,111,4613
923,3567,923.2616354409307,99532,501,281,344,120,117584,69197,1.8765924526785356,247,151,12638,12113,22168,12706,14100,24627,48554,36061,25453,14897,445,412,2468,4077,19325,36131,2334,27,221,10839,4378,38,321,298,10884,2527,116,4691
924,3567,924.2455103593652,99532,478,272,344,120,117635,69229,1.8774263553430053,257,157,12609,12034,21910,12495,14400,24920,48554,36061,25876,15266,445,412,2418,4074,19078,36421,2328,27,227,10620,4279,38,317,301,11077,2570,125,4775
925,3567,925.2411551512758,99532,467,272,344,120,117690,69264,1.878330587147852,253,168,12593,11962,21655,12254,14686,25222,48554,36061,26281,15627,441,411,2371,4072,18826,36705,2324,31,236,10415,4200,38,314,304,11258,2616,132,4838
926,3567,926.2485948572889,99532,447,269,344,120,117751,69305,1.879355383193345,251,157,12588,11915,21400,12039,14968,25498,48554,36061,26668,15980,440,410,2317,4069,18592,36990,2317,32,236,10206,4130,38,309,308,11433,2665,142,4898
927,3567,927.268800785175,99532,446,281,344,120,117809,69351,1.8804002732789455,251,148,12566,11874,21142,11832,15249,25743,48554,36061,27038,16324,439,410,2282,4060,18360,37256,2312,33,238,10045,4056,38,300,317,11575,2699,152,4960
928,3567,928.3014076914317,99531,458,282,344,121,117880,69385,1.88147411359275,254,157,12549,11837,20883,11633,15510,25968,48554,36061,27391,16659,438,410,2241,4054,18148,37498,2308,34,244,9854,3967,38,298,319,11751,2735,158,5036
929,3567,929.34626900108,99531,451,280,344,121,117956,69434,1.8827300037174348,254,150,12534,11804,20668,11448,15747,26195,48554,36061,27727,16985,436,409,2204,4043,17936,37765,2306,36,243,9667,3906,38,293,324,11908,2761,169,5087
930,3567,930.0490321134718,99531,452,284,344,121,117999,69467,1.883493584913243,243,143,12501,11764,20453,11277,16005,26409,48554,36061,28047,17302,436,407,2174,4049,17715,38008,2298,36,240,9502,3848,38,289,327,12060,2787,177,5140
931,3567,931.116695000916,99531,464,281,344,121,118066,69502,1.8845183912549859,241,160,12492,11762,20223,11111,16234,26563,48554,36061,28352,17610,435,407,2131,4048,17515,38242,2293,37,242,9352,3768,38,284,332,12191,2821,187,5208
932,3567,932.1964103398983,99531,461,274,344,121,118134,69530,1.8854829148707437,238,173,12500,11725,19989,10958,16466,26747,48554,36061,28642,17909,435,405,2094,4043,17316,38485,2290,37,242,9209,3711,38,279,337,12304,2854,195,5257
933,3567,933.2884976582691,99530,455,274,345,121,118193,69569,1.8864864864864865,244,163,12489,11741,19792,10809,16673,26890,48554,36061,28918,18198,435,405,2054,4038,17141,38699,2287,37,246,9060,3655,38,271,345,12427,2888,202,5302
934,3567,934.0227746854002,99530,457,271,345,121,118244,69599,1.8873003114638802,231,162,12464,11700,19603,10689,16898,27055,48554,36061,29180,18478,434,405,2020,4040,16974,38894,2279,38,245,8897,3600,38,266,350,12572,2918,214,5346
935,3567,935.1369988602803,99530,452,278,345,121,118314,69653,1.8885461669848287,228,150,12479,11727,19414,10556,17080,27166,48554,36061,29429,18749,434,404,1993,4038,16811,39103,2274,38,244,8764,3537,38,261,354,12673,2940,224,5400
936,3567,936.2618834064834,99530,449,278,345,121,118382,69691,1.8896111725108007,225,156,12470,11742,19248,10425,17261,27276,48554,36061,29666,19011,433,403,1966,4036,16655,39303,2268,39,247,8631,3480,37,260,355,12779,2960,231,5447
937,3567,937.0174489565379,99530,434,277,345,121,118426,69717,1.89031447804682,229,159,12486,11748,19058,10293,17446,27400,48554,36061,29891,19264,432,402,1945,4036,16486,39502,2263,40,245,8507,3446,37,256,359,12881,2979,238,5476
938,3567,938.1641456032103,99530,450,276,345,121,118497,69756,1.8914196724605647,218,151,12517,11785,18864,10177,17604,27488,48554,36061,30105,19509,432,401,1923,4035,16333,39692,2257,40,252,8383,3393,37,252,363,12982,2995,244,5516
939,3567,939.3227053087592,99530,431,271,345,121,118554,69805,1.8924846779865367,224,148,12569,11847,18684,10062,17745,27549,48554,36061,30308,19745,432,400,1890,4030,16202,39875,2252,40,260,8270,3345,36,247,367,13063,3021,253,5547
940,3567,940.1013138500767,99529,430,255,346,121,118607,69821,1.8931969576706287,209,165,12548,11849,18559,9952,17906,27656,48554,36061,30501,19973,431,400,1864,4020,16087,40027,2251,41,264,8157,3304,35,241,372,13156,3043,258,5578
941,3567,941.2803730842638,99529,463,256,346,121,118684,69868,1.8944428257090897,180,156,12591,11876,18365,9868,18053,27721,48554,36061,30684,20192,430,398,1847,4020,15959,40195,2249,42,265,8038,3269,35,239,373,13248,3054,264,5604
942,3567,942.072761845178,99529,455,265,346,121,118730,69904,1.8952667061861368,192,146,12571,11900,18231,9772,18203,27794,48554,36061,30858,20403,430,397,1822,4017,15824,40366,2244,42,268,7942,3228,34,237,375,13322,3075,269,5637
943,3567,943.2720501547474,99529,449,263,346,121,118793,69946,1.8963216750896723,200,138,12592,11956,18095,9681,18316,27839,48554,36061,31023,20607,429,396,1802,4014,15694,40541,2238,43,272,7854,3184,34,235,377,13378,3092,274,5672
944,3567,944.0719804560725,99529,432,262,346,121,118829,69973,1.8969546564317938,206,140,12604,11973,17971,9598,18439,27904,48554,36061,31180,20803,429,394,1782,4015,15580,40683,2235,43,277,7756,3141,33,234,378,13456,3109,281,5703
945,3567,945.2650341571771,99529,427,255,346,121,118893,70013,1.8979995780124386,213,150,12669,12040,17815,9520,18528,27912,48554,36061,31329,20992,429,394,1753,4011,15477,40835,2231,43,283,7661,3106,33,233,378,13522,3128,286,5726
946,3567,946.0570899746523,99529,426,246,346,121,118934,70037,1.8986526540003417,205,160,12658,12057,17705,9450,18658,27964,48554,36061,31470,21174,429,392,1745,4006,15380,40971,2230,43,282,7576,3072,33,232,379,13578,3134,293,5754
947,3567,947.2357565192389,99529,418,249,346,121,118998,70078,1.8997076229038772,194,157,12676,12121,17599,9375,18765,27975,48554,36061,31604,21349,428,390,1720,4002,15293,41101,2226,44,284,7494,3040,33,229,382,13633,3153,303,5774
948,3567,948.0179816360544,99529,412,253,346,121,119032,70112,1.9003908408604526,199,139,12685,12127,17485,9329,18871,28029,48554,36061,31731,21517,428,388,1698,4002,15200,41225,2224,44,287,7415,3012,33,226,384,13694,3168,307,5794
949,3567,949.1833929571544,99529,411,259,346,121,119089,70155,1.9013955731495342,211,137,12749,12199,17343,9266,18938,28016,48554,36061,31852,21678,427,387,1683,3996,15110,41353,2223,45,293,7344,2980,33,222,387,13742,3178,316,5810
950,3567,950.3442875566783,99529,401,247,346,121,119151,70189,1.9023601161470527,218,146,12791,12297,17235,9197,19007,27990,48554,36061,31967,21833,427,386,1665,3994,15022,41488,2219,45,298,7266,2958,33,220,389,13787,3189,326,5817
951,3567,951.1159830208754,99529,408,244,346,121,119196,70218,1.903103618040973,218,145,12810,12327,17139,9154,19077,28007,48554,36061,32076,21982,426,385,1647,3997,14936,41599,2214,46,299,7202,2937,33,219,390,13832,3204,331,5832
952,3567,952.2681397963328,99529,398,241,346,121,119257,70255,1.9040882556842729,211,149,12883,12411,17027,9110,19133,27966,48554,36061,32180,22125,425,384,1632,3983,14856,41728,2211,47,304,7135,2912,33,218,390,13878,3210,338,5845
953,3567,953.0344918069319,99529,390,241,346,121,119294,70283,1.904741331672176,216,138,12891,12460,16946,9066,19209,27972,48554,36061,32278,22263,424,383,1613,3981,14791,41817,2207,48,305,7077,2883,33,218,390,13922,3226,345,5866
954,3567,954.1788272448234,99529,389,234,346,121,119352,70316,1.90565563805524,211,142,12910,12548,16863,9017,19279,27936,48554,36061,32371,22395,424,382,1603,3976,14733,41918,2202,48,307,7011,2863,33,218,389,13960,3233,356,5873
955,3567,955.3192632318126,99529,396,246,346,121,119419,70356,1.9067307016045574,199,133,12967,12630,16779,8947,19311,27921,48554,36061,32460,22522,423,381,1589,3976,14668,42019,2195,49,310,6948,2840,33,217,390,13998,3244,365,5884
956,3567,956.078452265552,99529,387,238,346,121,119454,70380,1.9073234936551156,203,141,12993,12676,16694,8909,19375,27913,48554,36061,32544,22644,423,381,1582,3975,14598,42116,2190,49,308,6904,2824,33,215,392,14022,3250,372,5895
957,3567,957.21327122267,99529,375,241,346,121,119501,70422,1.908217705392398,199,133,13074,12749,16607,8872,19397,27882,48554,36061,32624,22761,423,379,1568,3976,14540,42214,2184,49,314,6855,2807,33,213,393,14048,3255,378,5900
958,3567,958.3465524108935,99529,374,241,346,121,119558,70457,1.9091420590983532,182,126,13152,12837,16523,8827,19421,27846,48554,36061,32700,22874,423,378,1552,3972,14487,42303,2178,49,315,6806,2784,33,207,398,14077,3268,386,5913
959,3567,959.101394103579,99529,372,239,346,121,119589,70481,1.909694661857348,190,119,13193,12887,16431,8792,19466,27840,48554,36061,32773,22982,423,378,1540,3967,14412,42400,2177,49,317,6763,2771,33,207,398,14107,3277,390,5920
960,3567,960.2308670456847,99529,360,231,346,121,119644,70510,1.9105386369801767,187,134,13256,12991,16351,8756,19498,27765,48554,36061,32842,23086,422,378,1526,3960,14371,42484,2172,50,325,6714,2752,33,205,399,14132,3285,397,5924
961,3567,961.3588002290402,99529,364,236,346,121,119699,70547,1.9114629906861318,190,130,13332,13085,16265,8721,19501,27705,48554,36061,32908,23186,421,377,1511,3959,14318,42574,2169,51,323,6674,2737,33,205,399,14147,3295,406,5930
962,3567,962.1104329021222,99528,355,237,346,122,119729,70578,1.9120950888192267,201,124,13378,13129,16196,8707,19522,27679,48554,36061,32971,23282,421,377,1502,3956,14254,42660,2168,51,325,6645,2717,33,203,401,14162,3301,409,5943
963,3567,963.236355388038,99528,344,237,346,122,119780,70617,1.9129993569648742,199,114,13451,13232,16145,8674,19513,27619,48554,36061,33031,23374,421,377,1485,3950,14211,42739,2163,51,328,6600,2703,33,203,400,14190,3312,421,5941
964,3567,964.3628751686593,99528,344,230,346,122,119839,70648,1.9139036251105217,179,119,13539,13320,16076,8650,19514,27557,48554,36061,33088,23462,421,377,1479,3950,14159,42823,2159,51,331,6558,2691,33,198,403,14212,3312,430,5941
965,3567,965.114044788133,99528,343,236,346,122,119872,70678,1.9145366128124748,180,110,13580,13372,16010,8641,19539,27517,48554,36061,33142,23547,419,376,1472,3947,14115,42883,2158,53,333,6520,2680,33,198,403,14241,3317,436,5944
966,3567,966.2394887915934,99528,329,229,346,122,119913,70705,1.9152198376336307,187,131,13673,13472,15929,8603,19534,27441,48554,36061,33194,23629,419,374,1470,3946,14057,42977,2154,53,336,6485,2667,33,197,404,14251,3316,443,5946
967,3567,967.3650951251338,99528,342,244,346,122,119964,70748,1.9161642954746403,186,117,13750,13551,15843,8579,19531,27385,48554,36061,33243,23707,418,372,1463,3943,14019,43046,2151,54,339,6453,2652,33,197,404,14264,3319,449,5952
968,3567,968.1155615516267,99528,355,234,346,122,120006,70763,1.9167369986335503,187,139,13791,13644,15770,8531,19549,27328,48554,36061,33290,23782,416,372,1454,3941,13980,43105,2149,56,342,6414,2639,33,195,405,14290,3326,455,5956
969,3567,969.2400746179076,99528,351,221,346,122,120053,70795,1.917530745116952,185,146,13897,13739,15699,8527,19520,27243,48554,36061,33335,23854,413,372,1448,3939,13927,43198,2146,59,346,6378,2628,33,195,404,14298,3326,462,5956
970,3567,970.3658208009729,99528,361,233,346,122,120104,70839,1.9184852503818022,171,140,13978,13822,15634,8508,19508,27173,48554,36061,33378,23924,412,372,1441,3942,13901,43252,2140,60,346,6348,2619,33,194,405,14307,3329,472,5955
971,3567,971.1168210392854,99527,373,235,346,123,120143,70862,1.9191274729470396,162,135,14024,13900,15584,8492,19509,27113,48554,36061,33419,23991,411,372,1432,3937,13879,43295,2139,61,349,6320,2608,33,192,407,14324,3333,474,5961
972,3567,972.2432326267754,99527,361,249,346,123,120188,70906,1.9200217026535513,175,130,14106,13994,15526,8468,19484,27034,48554,36061,33458,24055,409,372,1422,3927,13849,43360,2138,63,352,6289,2598,33,192,406,14336,3339,479,5963
973,3567,973.3710369243327,99527,352,239,346,123,120234,70937,1.920795362062556,183,132,14208,14112,15458,8446,19451,26946,48554,36061,33495,24117,409,371,1415,3921,13812,43432,2137,63,358,6261,2585,33,191,407,14344,3340,488,5960
974,3567,974.1240145744658,99527,350,250,346,123,120268,70970,1.9214685462236378,187,119,14258,14166,15415,8437,19442,26903,48554,36061,33531,24176,407,371,1408,3918,13779,43487,2136,65,358,6241,2576,33,190,408,14349,3344,497,5960
975,3567,975.2542324784763,99527,351,240,346,123,120330,71009,1.9224833462276567,181,117,14337,14274,15377,8429,19406,26815,48554,36061,33565,24233,405,369,1402,3913,13762,43553,2132,67,364,6207,2564,33,188,409,14354,3344,501,5960
976,3567,976.0089583253784,99527,351,236,346,123,120360,71032,1.923015865041647,189,113,14401,14315,15321,8426,19390,26785,48554,36061,33597,24288,405,368,1397,3908,13741,43606,2131,67,366,6184,2552,33,188,409,14355,3346,507,5964
977,3567,977.1422478421747,99527,347,238,346,123,120407,71065,1.9238196670250285,199,114,14523,14415,15250,8406,19333,26702,48554,36061,33628,24341,405,368,1393,3900,13716,43670,2129,67,372,6157,2540,33,186,411,14357,3346,512,5965
978,3567,978.2787165772479,99527,341,242,346,123,120465,71104,1.9247942769298783,184,106,14633,14525,15209,8375,19285,26627,48554,36061,33658,24392,405,367,1385,3896,13697,43725,2126,67,373,6132,2532,33,185,411,14361,3350,515,5967
979,3567,979.0381315333266,99527,347,231,346,123,120502,71122,1.925346890793453,189,108,14690,14590,15162,8366,19264,26580,48554,36061,33686,24441,405,367,1376,3892,13671,43779,2125,67,374,6123,2524,33,183,412,14356,3352,519,5969
980,3567,980.1787126746228,99527,344,219,346,123,120557,71150,1.9261808353512113,188,115,14790,14701,15120,8351,19210,26489,48554,36061,33713,24488,405,367,1372,3892,13649,43837,2122,67,374,6094,2515,33,183,412,14357,3351,527,5970
981,3567,981.3225377594293,99527,341,222,346,123,120609,71184,1.9270449224833461,186,120,14877,14792,15072,8340,19176,26401,48554,36061,33739,24533,405,367,1365,3881,13645,43881,2120,67,378,6073,2504,33,182,413,14354,3355,535,5969
982,3567,982.0862596926294,99527,342,222,346,123,120644,71212,1.927677916545259,181,111,14941,14859,15035,8338,19153,26345,48554,36061,33764,24577,405,367,1361,3881,13618,43926,2117,67,380,6052,2497,33,182,413,14365,3354,537,5972
983,3567,983.2336662275501,99527,334,207,346,123,120682,71236,1.9283008630823797,185,124,15016,14983,15006,8316,19111,26245,48554,36061,33788,24619,402,367,1357,3878,13602,43975,2116,70,383,6027,2490,32,179,415,14368,3354,543,5969
984,3567,984.0000437564646,99527,331,208,346,123,120711,71262,1.9288534769459544,187,121,15057,15054,14973,8296,19104,26196,48554,36061,33811,24659,401,367,1354,3875,13579,44020,2114,71,387,6013,2482,31,179,415,14369,3356,547,5967
985,3567,985.1505442055309,99527,328,201,346,123,120761,71292,1.9296572789293358,179,123,15156,15177,14949,8291,19040,26083,48554,36061,33833,24698,400,367,1351,3872,13558,44079,2111,72,393,5996,2472,31,179,415,14358,3356,553,5964
986,3567,986.3047535835312,99527,334,207,346,123,120814,71330,1.9305716036854321,185,120,15243,15283,14904,8277,18986,25988,48554,36061,33854,24736,399,366,1345,3871,13535,44128,2109,73,389,5984,2466,31,178,416,14356,3356,564,5961
987,3567,987.0760067155354,99527,325,212,346,123,120838,71351,1.931023742301084,200,113,15296,15339,14864,8268,18967,25943,48554,36061,33874,24772,399,366,1341,3868,13514,44172,2108,73,388,5967,2463,31,178,416,14355,3360,568,5960
988,3567,988.234639371186,99527,323,205,346,123,120900,71384,1.9319782571563495,192,111,15404,15450,14835,8273,18898,25836,48554,36061,33893,24807,398,365,1336,3867,13501,44225,2102,73,390,5952,2456,31,178,415,14346,3359,574,5959
989,3567,989.0094970180883,99527,319,209,346,123,120937,71409,1.93260120369347,190,106,15459,15514,14818,8268,18866,25778,48554,36061,33912,24841,398,365,1334,3863,13482,44266,2100,73,392,5935,2448,31,176,417,14349,3359,577,5962
990,3567,990.1740545131748,99526,322,203,347,123,120994,71441,1.9335148604384784,182,112,15546,15600,14781,8270,18820,25690,48554,36061,33930,24873,396,364,1330,3855,13482,44309,2097,75,395,5911,2441,31,175,418,14346,3359,587,5955
991,3567,991.3420208569495,99526,338,208,347,123,121056,71475,1.9344794325100978,183,99,15657,15710,14742,8269,18731,25589,48554,36061,33947,24904,396,364,1326,3851,13466,44354,2095,75,397,5896,2435,31,175,418,14340,3361,594,5952
992,3567,992.1233912862723,99525,334,204,348,123,121096,71499,1.9351419241396635,172,92,15717,15788,14724,8264,18703,25527,48554,36061,33963,24934,396,364,1322,3848,13445,44404,2093,75,400,5884,2430,31,175,418,14332,3361,599,5948
993,3567,993.2984495036219,99525,339,193,348,123,121161,71518,1.9359859331826175,160,104,15806,15900,14690,8244,18655,25434,48554,36061,33979,24963,395,363,1319,3845,13440,44443,2092,76,400,5864,2426,31,175,418,14327,3362,605,5944
994,3567,994.0836552986273,99524,324,194,349,123,121183,71539,1.936437442224991,164,103,15866,15981,14668,8224,18627,25373,48554,36061,33994,24991,394,363,1316,3842,13421,44482,2091,77,401,5855,2422,31,175,418,14322,3362,610,5942
995,3567,995.2638379324236,99524,306,184,349,123,121217,71564,1.9370302640569108,162,111,15974,16075,14639,8213,18568,25292,48554,36061,34009,25018,393,362,1313,3842,13403,44533,2088,78,404,5839,2418,31,175,418,14314,3360,616,5937
996,3567,996.0528265670138,99524,304,185,349,123,121249,71586,1.9375728467505324,158,101,16041,16140,14602,8205,18544,25244,48554,36061,34023,25044,391,361,1310,3835,13390,44575,2087,80,405,5829,2415,31,175,417,14308,3360,622,5933
997,3567,997.2387654340882,99524,301,190,349,123,121288,71620,1.9383063381696877,154,92,16137,16258,14565,8195,18492,25140,48554,36061,34036,25069,390,359,1307,3835,13370,44618,2082,81,408,5819,2410,31,175,417,14306,3360,627,5929
998,3567,998.0313844096628,99524,293,176,349,123,121313,71633,1.9386881556207547,159,93,16181,16331,14542,8194,18474,25081,48554,36061,34049,25093,390,358,1304,3831,13358,44658,2081,81,412,5805,2405,31,174,416,14302,3362,632,5924
999,3567,999.222147523438,99524,310,182,349,123,121373,71668,1.9396426992484226,140,88,16292,16439,14496,8181,18411,24985,48554,36061,34061,25116,390,358,1301,3829,13348,44700,2079,81,414,5791,2399,31,173,415,14295,3360,637,5923
1000,3567,1000.0181048508557,99524,309,183,349,123,121409,71685,1.9401752341143845,136,88,16374,16513,14456,8169,18374,24922,48554,36061,34073,25139,390,357,1299,3824,13336,44729,2077,81,416,5781,2393,31,173,415,14297,3361,641,5923
1001,3567,1001.2152868488049,99524,292,185,349,123,121442,71716,1.9408182950846027,151,88,16499,16638,14401,8151,18306,24813,48554,36061,34085,25161,390,357,1294,3825,13327,44763,2073,81,419,5766,2381,31,173,415,14295,3361,645,5928
1002,3567,1002.0159078821688,99524,272,172,349,123,121468,71727,1.94119006470801,156,93,16548,16713,14388,8143,18285,24754,48554,36061,34096,25182,390,357,1292,3826,13319,44803,2068,81,420,5751,2377,31,173,414,14286,3360,646,5930
1003,3567,1003.2190270314527,99524,263,178,349,123,121500,71758,1.9418230778505687,161,93,16671,16826,14333,8132,18221,24646,48554,36061,34107,25202,390,354,1292,3826,13304,44840,2066,81,421,5735,2373,31,173,414,14287,3359,649,5929
1004,3567,1004.0234664913643,99524,268,181,349,123,121535,71784,1.9424359953378079,151,86,16730,16881,14308,8126,18192,24601,48554,36061,34117,25222,389,354,1289,3826,13289,44873,2062,82,425,5724,2368,31,173,414,14288,3358,653,5926
1005,3567,1005.2329776606962,99524,277,182,349,123,121588,71813,1.9432599172059002,148,80,16813,17011,14291,8107,18120,24495,48554,36061,34127,25241,387,354,1288,3824,13275,44915,2058,84,429,5712,2362,31,171,416,14281,3356,657,5924
1006,3567,1006.0418069780526,99524,271,180,349,123,121609,71828,1.9436216390016479,158,79,16879,17092,14271,8102,18070,24422,48554,36061,34137,25259,387,354,1284,3820,13275,44936,2056,84,428,5703,2358,31,171,416,14278,3358,660,5925
1007,3567,1007.2589168379278,99524,286,169,349,123,121661,71848,1.9443450825931434,151,87,16949,17196,14249,8098,18014,24325,48554,36061,34146,25277,387,354,1283,3815,13261,44979,2055,84,431,5689,2355,31,170,416,14273,3357,663,5921
1008,3567,1008.0725428826295,99524,290,168,349,123,121696,71862,1.9448374261484667,143,95,17022,17275,14216,8086,17978,24251,48554,36061,34155,25294,387,352,1282,3819,13244,45011,2050,84,433,5683,2352,31,170,416,14268,3357,665,5920
1009,3567,1009.2961593114002,99524,267,173,349,123,121727,71893,1.9454603914633657,164,94,17128,17394,14180,8078,17910,24136,48554,36061,34164,25311,387,351,1281,3821,13236,45041,2046,83,436,5673,2348,31,169,417,14263,3357,669,5915
1010,3567,1010.1145014921921,99524,261,183,349,123,121761,71918,1.9460532132952855,154,82,17216,17475,14157,8063,17861,24072,48554,36061,34172,25327,386,350,1280,3824,13226,45070,2043,84,437,5667,2345,30,168,417,14256,3355,672,5914
1011,3567,1011.3459003739048,99524,269,177,349,123,121815,71953,1.9469474699569953,153,81,17313,17591,14123,8064,17791,23962,48554,36061,34180,25343,385,350,1280,3820,13211,45117,2040,85,443,5658,2337,30,168,417,14244,3352,677,5910
1012,3567,1012.1697547265096,99524,256,178,349,123,121837,71977,1.9474096700293397,157,69,17368,17676,14114,8056,17754,23896,48554,36061,34188,25358,385,349,1278,3821,13203,45148,2038,85,445,5646,2335,30,166,418,14239,3352,678,5908
1013,3567,1013.4092395316327,99524,260,174,349,123,121889,72000,1.948163257103814,150,75,17469,17790,14088,8040,17682,23796,48554,36061,34195,25373,383,349,1275,3807,13207,45181,2038,87,449,5636,2330,29,166,418,14231,3351,683,5904
1014,3567,1014.2381506246452,99524,267,170,349,123,121919,72019,1.9486556006591376,154,76,17532,17868,14051,8030,17645,23731,48554,36061,34202,25387,382,349,1272,3804,13202,45204,2038,88,451,5630,2325,29,166,418,14226,3350,687,5903
1015,3567,1015.0689221662776,99524,268,171,349,123,121950,72035,1.9491278485591415,152,76,17596,17944,14023,8019,17610,23665,48554,36061,34209,25401,382,349,1270,3802,13198,45230,2036,88,450,5619,2325,29,166,418,14222,3349,690,5901
1016,3567,1016.3172950546988,99524,264,166,349,123,121999,72061,1.949881435633616,137,94,17718,18054,13992,7995,17538,23566,48554,36061,34216,25414,381,347,1269,3801,13193,45268,2031,89,452,5608,2319,29,165,418,14212,3348,695,5899
1017,3567,1017.1460969679473,99524,264,168,349,123,122031,72080,1.9503938748442586,131,91,17759,18115,13990,7983,17505,23518,48554,36061,34223,25427,381,346,1266,3797,13187,45293,2030,89,454,5599,2316,29,165,418,14210,3349,697,5898
1018,3567,1018.3844566944538,99524,252,163,349,123,122071,72104,1.951036935814477,129,91,17847,18223,13973,7981,17448,23417,48554,36061,34229,25440,379,345,1261,3796,13179,45337,2026,91,459,5592,2311,29,165,418,14197,3345,700,5894
1019,3567,1019.2070346252887,99524,254,152,349,123,122100,72124,1.9515292793698003,124,84,17917,18302,13944,7972,17410,23365,48554,36061,34235,25452,379,344,1259,3796,13177,45359,2025,91,461,5584,2308,29,164,418,14191,3345,705,5889
1020,3567,1020.0265830454741,99524,244,152,349,123,122124,72144,1.9519713837868253,121,82,17978,18377,13940,7971,17366,23293,48554,36061,34241,25464,378,341,1259,3795,13177,45376,2025,91,461,5576,2308,28,164,418,14188,3345,712,5882
1021,3567,1021.2507559187524,99524,234,152,349,123,122170,72179,1.9527852578272578,114,73,18088,18491,13917,7959,17296,23200,48554,36061,34247,25475,376,340,1258,3789,13177,45412,2023,93,464,5569,2304,28,164,418,14172,3342,717,5878
1022,3567,1022.0628826135445,99524,229,146,349,123,122193,72188,1.953106788312367,108,85,18147,18563,13907,7942,17258,23139,48554,36061,34253,25486,376,340,1256,3792,13180,45427,2018,93,464,5562,2301,28,164,418,14167,3342,719,5877
1023,3567,1023.2757252462922,99523,227,136,350,123,122222,72211,1.953648905278177,121,83,18270,18652,13858,7949,17172,23055,48554,36061,34258,25497,376,339,1256,3789,13178,45449,2017,93,467,5555,2297,28,164,418,14159,3342,725,5871
1024,3567,1024.079985787165,99523,213,137,350,123,122239,72226,1.9539704389940014,122,81,18345,18716,13843,7936,17125,23005,48554,36061,34263,25507,376,339,1255,3788,13170,45470,2017,93,469,5548,2295,28,163,419,14156,3341,732,5864
1025,3567,1025.280257897368,99523,208,145,350,123,122276,72251,1.9545934105684113,119,82,18427,18816,13839,7914,17055,22918,48554,36061,34268,25517,375,338,1253,3781,13169,45493,2015,94,471,5540,2289,28,163,419,14153,3343,734,5865
1026,3567,1026.0773329205342,99523,201,153,350,123,122299,72277,1.9550857590707675,112,66,18493,18893,13825,7913,17017,22850,48554,36061,34273,25527,375,337,1253,3782,13165,45514,2012,94,474,5535,2286,28,162,419,14146,3342,739,5860
1027,3567,1027.268382042804,99523,205,160,350,123,122333,72306,1.955718778573797,113,65,18602,19004,13767,7899,16961,22747,48554,36061,34278,25537,375,337,1250,3782,13164,45534,2008,94,471,5530,2285,28,162,419,14143,3340,743,5858
1028,3567,1028.0582638830638,99523,217,153,350,123,122358,72320,1.9561106477899581,114,71,18669,19067,13735,7899,16913,22685,48554,36061,34283,25546,375,337,1249,3783,13158,45554,2007,94,472,5524,2283,28,162,419,14139,3337,747,5855
1029,3567,1029.2375910551957,99523,209,154,350,123,122385,72344,1.9566230921495533,110,74,18765,19176,13722,7882,16842,22589,48554,36061,34287,25555,375,337,1247,3785,13154,45577,2002,94,472,5518,2281,28,161,419,14132,3337,750,5854
1030,3567,1030.0203298146896,99523,210,146,350,123,122411,72360,1.957045105151573,106,73,18825,19253,13705,7873,16802,22530,48554,36061,34291,25564,375,336,1245,3781,13155,45600,2000,94,475,5513,2277,28,161,419,14122,3337,753,5852
1031,3567,1031.189868906139,99523,201,152,350,123,122443,72391,1.9576781246546024,104,70,18932,19374,13679,7865,16732,22414,48554,36061,34295,25572,375,336,1244,3777,13152,45628,1998,94,478,5510,2272,28,159,419,14113,3334,756,5850
1032,3567,1032.3532081940473,99523,208,148,350,123,122474,72412,1.9582006169428172,100,68,19041,19484,13636,7853,16663,22322,48554,36061,34299,25580,374,336,1244,3774,13157,45644,1997,95,480,5499,2270,28,158,419,14109,3333,759,5847
1033,3567,1033.1250426990764,99523,198,144,350,123,122485,72426,1.958451815158305,107,70,19106,19554,13614,7848,16623,22259,48554,36061,34303,25588,374,336,1242,3771,13156,45660,1997,95,482,5490,2267,28,158,419,14107,3334,760,5847
1034,3567,1034.2780178944931,99523,188,144,350,123,122514,72448,1.9589642595179004,115,63,19203,19663,13589,7837,16553,22168,48554,36061,34307,25596,373,336,1241,3768,13147,45692,1996,96,485,5485,2263,28,158,419,14096,3332,761,5847
1035,3567,1035.0435547443237,99523,193,139,350,123,122533,72457,1.9592456015192468,115,64,19260,19717,13563,7831,16517,22124,48554,36061,34311,25604,373,336,1240,3769,13144,45708,1995,96,486,5477,2262,28,158,418,14094,3332,761,5846
1036,3567,1036.1871516576773,99523,189,131,350,123,122566,72473,1.959737950021603,112,69,19359,19835,13548,7816,16440,22024,48554,36061,34315,25611,373,334,1240,3772,13142,45734,1991,96,488,5469,2259,28,158,417,14085,3331,764,5842
1037,3567,1037.324968358213,99523,195,128,350,123,122599,72497,1.9603106819529155,109,70,19458,19933,13505,7801,16381,21943,48554,36061,34319,25618,373,334,1235,3773,13136,45761,1990,96,488,5461,2258,28,158,417,14080,3328,765,5842
1038,3567,1038.0802935090321,99523,206,121,350,123,122619,72503,1.9605719280970229,113,74,19521,20013,13466,7792,16342,21875,48554,36061,34322,25625,373,334,1234,3771,13127,45777,1990,96,488,5460,2258,28,157,416,14078,3329,766,5841
1039,3567,1039.2088433472934,99523,202,122,350,123,122647,72524,1.961064276599379,118,70,19611,20113,13435,7781,16282,21789,48554,36061,34325,25632,372,333,1233,3771,13121,45800,1988,97,492,5454,2253,28,156,416,14073,3328,769,5839
1040,3567,1040.332034969469,99523,205,118,350,123,122684,72537,1.9615666730303547,116,80,19694,20205,13414,7770,16219,21702,48554,36061,34328,25639,372,333,1233,3769,13122,45821,1986,97,493,5445,2250,28,156,416,14064,3328,772,5838
1041,3567,1041.078145120878,99523,197,119,350,123,122700,72547,1.961827919174462,122,78,19754,20262,13392,7762,16183,21654,48554,36061,34331,25645,372,333,1231,3766,13121,45837,1986,97,493,5439,2249,28,156,416,14059,3329,774,5837
1042,3567,1042.1929375805307,99523,195,132,350,123,122731,72576,1.962430794891633,112,74,19855,20365,13357,7742,16129,21562,48554,36061,34334,25651,372,333,1231,3767,13118,45859,1984,97,494,5433,2248,28,156,416,14050,3326,777,5834
1043,3567,1043.3022536575206,99523,189,121,350,123,122761,72592,1.9628929996081308,110,72,19958,20452,13327,7740,16064,21490,48554,36061,34337,25657,372,332,1231,3769,13113,45890,1981,97,498,5428,2243,28,156,415,14034,3324,781,5831
1044,3567,1044.038754407583,99523,190,115,350,123,122781,72603,1.9632044853953357,108,67,20029,20510,13293,7743,16028,21440,48554,36061,34340,25663,372,330,1231,3770,13106,45907,1981,97,499,5423,2242,28,156,415,14031,3323,786,5826
1045,3567,1045.1389319481393,99523,195,127,350,123,122819,72630,1.9638576007556043,101,64,20116,20585,13260,7728,15976,21371,48554,36061,34343,25669,371,330,1228,3768,13104,45927,1979,98,500,5416,2239,28,156,415,14026,3324,789,5825
1046,3567,1046.2340793263152,99523,194,123,350,123,122847,72654,1.964380093043819,95,54,20217,20694,13231,7720,15911,21284,48554,36061,34346,25675,371,330,1222,3764,13105,45946,1979,97,504,5413,2235,28,156,415,14021,3323,794,5820
1047,3567,1047.3240152115504,99522,184,116,351,123,122871,72669,1.9647917043467775,98,61,20284,20777,13217,7712,15864,21209,48554,36061,34349,25680,371,329,1222,3761,13105,45968,1978,97,504,5405,2233,28,155,415,14015,3321,799,5816
1048,3567,1048.0485613117353,99522,180,115,351,123,122889,72678,1.9650630011454753,97,73,20344,20830,13201,7692,15825,21165,48554,36061,34352,25685,371,329,1222,3759,13097,45984,1977,97,506,5403,2230,28,155,415,14013,3320,800,5816
1049,3567,1049.131940794821,99522,163,114,351,123,122908,72699,1.9654649223287313,104,75,20429,20921,13178,7681,15773,21084,48554,36061,34355,25690,370,328,1221,3759,13093,46009,1975,98,508,5397,2228,28,155,415,14004,3318,805,5811
1050,3567,1050.2109484147397,99522,158,106,351,123,122923,72717,1.9657965073049175,102,67,20521,21010,13150,7677,15716,21015,48554,36061,34357,25695,369,328,1219,3757,13092,46029,1975,99,509,5396,2224,28,155,415,13991,3318,810,5808
1051,3567,1051.2852117716868,99522,157,113,351,123,122948,72741,1.966288860754406,107,56,20596,21107,13115,7663,15672,20936,48554,36061,34359,25700,369,327,1218,3752,13093,46047,1974,99,511,5394,2222,28,155,415,13981,3319,814,5804
1052,3567,1052.3554177575536,99522,166,117,351,123,122988,72761,1.96689174252929,86,51,20678,21193,13096,7654,15621,20860,48554,36061,34361,25705,368,326,1218,3754,13085,46071,1971,100,514,5390,2219,28,155,415,13973,3317,817,5801
1053,3567,1053.0666142267175,99521,159,112,351,124,123003,72767,1.967122516855739,82,61,20742,21253,13081,7644,15583,20804,48554,36061,34363,25710,368,326,1218,3751,13082,46083,1968,100,515,5387,2218,28,155,415,13974,3316,819,5798
1054,3567,1054.1295505658782,99521,160,111,351,124,123027,72786,1.9675545864691875,85,60,20826,21359,13048,7633,15528,20711,48554,36061,34365,25715,368,326,1216,3752,13079,46101,1966,99,517,5385,2214,28,155,415,13966,3315,822,5797
1055,3567,1055.188241679697,99521,164,107,351,124,123050,72798,1.9679062710382733,82,63,20909,21441,13014,7617,15478,20646,48554,36061,34367,25719,368,324,1215,3750,13075,46121,1966,99,518,5384,2212,28,155,415,13957,3315,824,5795
1056,3567,1056.2425618222314,99521,163,106,351,124,123072,72814,1.9682880999989951,78,63,21002,21527,12980,7602,15424,20576,48554,36061,34369,25723,368,324,1215,3747,13078,46137,1965,99,518,5379,2211,28,155,415,13947,3315,827,5793
1057,3567,1057.2925612640038,99521,160,106,351,124,123099,72828,1.9687000733513529,75,62,21079,21632,12956,7582,15377,20492,48554,36061,34371,25727,367,324,1214,3745,13071,46157,1964,100,519,5377,2210,28,155,415,13942,3314,829,5790
1058,3567,1058.3383437496816,99521,160,105,351,124,123124,72842,1.96909195044262,76,66,21168,21717,12923,7571,15320,20415,48554,36061,34373,25731,367,324,1213,3744,13069,46174,1963,100,520,5371,2208,28,155,415,13935,3315,830,5790
1059,3567,1059.0331330275874,99521,167,110,351,124,123144,72857,1.9694436350117062,76,61,21210,21785,12907,7561,15287,20357,48554,36061,34375,25735,366,324,1212,3744,13068,46184,1963,101,521,5367,2207,28,155,415,13931,3315,831,5789
1060,3567,1060.0724854238017,99521,154,117,351,124,123161,72877,1.9698154158418826,79,55,21304,21865,12888,7542,15222,20295,48554,36061,34377,25739,366,324,1211,3739,13074,46197,1961,101,522,5361,2205,28,155,415,13929,3313,835,5785
1061,3567,1061.1075707439159,99521,150,119,351,124,123185,72896,1.9702474854553311,75,53,21391,21962,12868,7526,15163,20214,48554,36061,34379,25743,366,324,1208,3735,13075,46215,1959,101,525,5356,2202,28,155,415,13924,3313,839,5781
1062,3567,1062.1386053750425,99521,161,110,351,124,123217,72907,1.9706795550687795,67,57,21471,22047,12834,7515,15114,20145,48554,36061,34381,25747,365,324,1208,3737,13073,46231,1957,102,526,5350,2200,28,155,415,13918,3312,844,5776
1063,3567,1063.1656561835323,99521,163,118,351,124,123236,72927,1.9710714321600467,70,48,21549,22137,12796,7501,15069,20070,48554,36061,34383,25751,364,324,1208,3735,13076,46242,1956,103,528,5347,2198,28,155,415,13912,3310,845,5775
1064,3567,1064.1889091088512,99521,154,107,351,124,123254,72938,1.9713628279458606,73,47,21628,22219,12765,7497,15027,20004,48554,36061,34385,25755,364,322,1208,3732,13072,46267,1956,103,529,5342,2196,28,155,415,13905,3307,846,5774
1065,3567,1065.2083248713761,99521,160,112,351,124,123279,72955,1.9717848494287638,74,48,21710,22284,12724,7491,14979,19939,48554,36061,34387,25759,364,322,1208,3731,13068,46282,1955,103,530,5338,2195,28,155,415,13902,3307,846,5772
1066,3567,1066.223788487358,99521,152,107,351,124,123301,72965,1.9721063896062139,66,50,21804,22364,12700,7479,14925,19874,48554,36061,34389,25762,364,321,1206,3731,13066,46297,1954,103,531,5336,2194,28,155,415,13895,3307,852,5766
1067,3567,1067.2353805363741,99521,155,97,351,124,123325,72981,1.9725083148280262,74,54,21873,22442,12682,7481,14863,19800,48554,36061,34391,25765,363,321,1206,3734,13067,46312,1951,104,540,5328,2185,28,155,415,13887,3307,856,5762
1068,3567,1068.2434846638102,99521,143,105,351,124,123341,72995,1.9728097587443856,79,56,21965,22539,12653,7448,14807,19726,48554,36061,34393,25768,362,320,1206,3733,13060,46329,1951,105,540,5325,2185,28,155,415,13883,3307,855,5762
1069,3567,1069.247540058057,99521,148,108,351,124,123364,73009,1.9731815395745622,77,58,22062,22616,12616,7434,14744,19658,48554,36061,34395,25771,361,320,1205,3733,13055,46343,1951,106,541,5323,2184,28,155,415,13879,3306,858,5758
1070,3567,1070.2473211649253,99521,146,107,351,124,123382,73023,1.9735030797520121,83,55,22138,22694,12595,7424,14685,19594,48554,36061,34397,25774,360,320,1205,3733,13055,46359,1950,107,541,5317,2184,28,154,415,13871,3306,861,5755
1071,3567,1071.2432542288877,99521,157,103,351,124,123410,73035,1.9739050049738247,73,57,22225,22790,12562,7412,14630,19512,48554,36061,34399,25777,359,319,1203,3733,13051,46373,1950,108,543,5314,2181,28,154,414,13868,3306,863,5754
1072,3567,1072.2353587988343,99521,154,99,351,124,123427,73047,1.9741964007596386,74,55,22301,22870,12535,7396,14583,19454,48554,36061,34401,25780,358,318,1203,3734,13048,46389,1950,109,545,5306,2179,28,154,414,13866,3305,863,5752
1073,3567,1073.2243758696811,99521,149,108,351,124,123444,73065,1.9745480853287245,79,47,22371,22967,12518,7377,14530,19375,48554,36061,34403,25783,357,318,1203,3733,13046,46400,1948,110,545,5302,2179,28,154,414,13864,3305,866,5749
1074,3567,1074.21034745342,99521,137,108,351,124,123455,73084,1.974849529245084,83,41,22451,23041,12503,7362,14473,19322,48554,36061,34404,25786,357,318,1202,3729,13053,46417,1947,110,545,5295,2179,28,154,413,13856,3303,868,5747
1075,3567,1075.192846114797,99521,134,106,351,124,123476,73093,1.9751509731614434,79,46,22538,23122,12474,7351,14422,19249,48554,36061,34405,25789,357,317,1202,3732,13046,46435,1944,110,545,5292,2179,28,153,413,13854,3299,871,5744
1076,3567,1076.1714808362344,99521,134,109,351,124,123491,73107,1.9754423689472573,87,40,22607,23181,12445,7344,14374,19200,48554,36061,34406,25792,357,317,1201,3729,13047,46446,1943,110,545,5288,2179,28,153,413,13852,3298,873,5742
1077,3567,1077.1470443990243,99521,140,99,351,124,123511,73115,1.975723716602526,81,41,22678,23253,12421,7340,14327,19141,48554,36061,34407,25795,357,317,1201,3729,13050,46455,1942,110,546,5282,2178,28,152,413,13848,3298,877,5738
1078,3567,1078.1197138487914,99521,150,89,351,124,123534,73122,1.9760251605188854,76,46,22755,23334,12394,7326,14272,19079,48554,36061,34408,25798,357,317,1200,3732,13047,46470,1939,110,548,5279,2176,28,152,413,13841,3297,880,5735
1079,3567,1079.088974173083,99521,147,88,351,124,123553,73135,1.9763467006963356,79,47,22837,23412,12357,7310,14227,19017,48554,36061,34409,25801,357,317,1199,3729,13042,46485,1939,110,550,5275,2174,28,152,413,13839,3297,882,5733
1080,3567,1080.0548014991723,99521,147,84,351,124,123573,73148,1.9766782890043308,74,42,22924,23490,12318,7309,14184,18949,48554,36061,34410,25804,357,317,1198,3728,13041,46501,1938,110,553,5272,2170,28,152,413,13831,3296,886,5730
1081,3567,1081.0171446637532,99521,143,85,351,124,123592,73163,1.9770199254428713,75,44,22997,23569,12303,7290,14129,18886,48554,36061,34411,25807,357,316,1198,3726,13039,46520,1937,110,554,5269,2169,28,152,413,13823,3294,888,5728
1082,3567,1082.2957184062016,99521,147,85,351,124,123626,73177,1.9775022357090464,68,46,23089,23661,12284,7275,14059,18807,48554,36061,34412,25809,357,316,1198,3726,13037,46536,1934,110,556,5268,2167,28,152,413,13816,3292,889,5726
1083,3567,1083.2512628946638,99521,139,87,351,124,123643,73190,1.9778036796254057,70,37,23144,23735,12274,7259,14020,18756,48554,36061,34413,25811,357,316,1196,3727,13037,46550,1931,110,556,5266,2166,28,152,413,13811,3290,890,5725
1084,3567,1084.2043728365852,99521,129,84,351,124,123655,73200,1.9780247384974026,73,46,23242,23814,12240,7240,13963,18690,48554,36061,34414,25813,356,316,1194,3724,13045,46563,1929,111,556,5262,2164,28,152,413,13807,3286,892,5723
1085,3567,1085.153738874319,99521,132,86,351,124,123674,73215,1.9783663749359433,67,42,23305,23908,12212,7227,13931,18611,48554,36061,34415,25815,356,316,1194,3717,13048,46574,1929,111,557,5260,2163,28,152,413,13802,3286,894,5721
1086,3567,1086.1005519496823,99521,132,82,351,124,123691,73221,1.9785974819384853,66,46,23379,23977,12185,7216,13885,18553,48554,36061,34416,25817,356,316,1194,3717,13050,46581,1928,111,558,5255,2162,28,152,413,13801,3284,898,5717
1087,3567,1087.0444313031371,99521,125,86,351,124,123707,73232,1.9788687814632087,61,46,23464,24040,12159,7203,13838,18499,48554,36061,34417,25819,356,316,1194,3714,13051,46589,1928,111,561,5252,2159,28,152,413,13799,3283,901,5714
1088,3567,1088.2978796971056,99521,123,78,351,124,123727,73239,1.9791400809879323,61,52,23563,24135,12125,7184,13775,18425,48554,36061,34418,25821,355,316,1193,3713,13048,46605,1927,112,563,5250,2157,28,152,413,13791,3283,903,5712
1089,3567,1089.234406413899,99521,116,75,351,124,123737,73247,1.9793209473377478,64,53,23646,24196,12101,7176,13720,18374,48554,36061,34419,25823,355,316,1192,3713,13050,46616,1925,112,563,5248,2156,28,152,413,13784,3283,905,5710
1090,3567,1090.167693344884,99521,107,79,351,124,123742,73262,1.979521909948654,83,51,23719,24274,12069,7156,13669,18314,48554,36061,34420,25825,355,316,1191,3712,13053,46628,1925,112,563,5244,2156,28,152,413,13776,3282,907,5708
1091,3567,1091.0980958723344,99521,121,85,351,124,123771,73278,1.9799740758231932,65,46,23784,24348,12045,7143,13632,18252,48554,36061,34421,25827,355,316,1191,3709,13052,46641,1924,112,563,5241,2156,28,152,413,13773,3280,907,5708
1092,3567,1092.0259698548512,99521,121,84,351,124,123792,73288,1.9802855678700977,56,44,23849,24432,12021,7128,13600,18186,48554,36061,34422,25829,355,316,1190,3703,13060,46648,1923,112,563,5238,2156,28,152,413,13770,3280,909,5705
1093,3567,1093.2590896774664,99521,109,82,351,124,123803,73301,1.9805267230031853,70,47,23941,24527,11996,7105,13531,18113,48554,36061,34423,25831,354,315,1189,3701,13070,46657,1921,113,563,5230,2155,28,152,413,13766,3280,909,5705
1094,3567,1094.180776241485,99521,117,82,351,124,123825,73309,1.9808281669195447,61,43,24013,24603,11963,7087,13493,18059,48554,36061,34424,25833,353,314,1189,3703,13068,46664,1919,114,563,5230,2155,28,152,412,13763,3280,912,5702
