,indexID,time,N,Inf_L,Inf_H,Dead_L,Dead_H,cum_cases_L,cum_cases_H,cum_sum_per_N,Exposed_L,Exposed_H,Sus_L,Sus_H,Rec_nat_L,Rec_nat_H,Rec_vax_L,Rec_vax_H,vaccinatedH,vaccinatedL,boostedH,boostedL,count_Naive,count_Delta,count_Delta_vaccine,count_two,count_three,count_four,count_Omicron,count_Omicron_star,count_Omicron_star_vaccine,count_Omicron_vaccine,count_Vaccine,count_WT,count_WT_vaccine,count_WT_vaccine_boost,count_Omicron_vaccine_boost,count_Delta_vaccine_boost,count_Omicron_star_vaccine_boost,count_Vaccine_boost
0,256,1.0166389311438708,99998,6,6,0,0,6,6,0.00012000240004800096,19,19,49974,49974,0,0,0,0,0,0,0,0,99998,0,0,0,0,0,0,0,0,0,0,0,0,0,0,0,0,0
1,256,2.0727297898554284,99998,10,10,0,0,11,12,0.00023000460009200185,16,15,49972,49972,1,2,0,0,0,0,0,0,99995,0,0,0,0,0,0,0,0,0,0,3,0,0,0,0,0,0
2,256,3.0580533699876646,99998,9,10,0,0,12,15,0.00027000540010800215,17,12,49970,49972,3,5,0,0,0,0,0,0,99990,0,0,0,0,0,0,0,0,0,0,8,0,0,0,0,0,0
3,256,4.132814166115083,99998,12,10,0,0,19,18,0.00037000740014800295,13,9,49967,49972,7,8,0,0,0,0,0,0,99983,0,0,0,0,0,0,0,0,0,0,15,0,0,0,0,0,0
4,256,5.103192713733783,99998,17,9,0,0,25,20,0.0004500090001800036,8,10,49966,49969,8,11,0,0,0,0,0,0,99979,0,0,0,0,0,0,0,0,0,0,19,0,0,0,0,0,0
5,256,6.031883608481815,99998,16,9,0,0,26,21,0.00047000940018800374,8,11,49965,49967,10,12,0,0,0,0,0,0,99976,0,0,0,0,0,0,0,0,0,0,22,0,0,0,0,0,0
6,256,7.024715280980963,99998,14,10,0,0,27,23,0.000500010000200004,10,12,49962,49964,13,13,0,0,0,0,0,0,99972,0,0,0,0,0,0,0,0,0,0,26,0,0,0,0,0,0
7,256,8.005799580228775,99998,11,11,0,0,27,25,0.0005200104002080041,14,11,49958,49963,16,14,0,0,0,0,0,0,99968,0,0,0,0,0,0,0,0,0,0,30,0,0,0,0,0,0
8,256,9.025622700517342,99998,16,11,0,0,33,26,0.0005900118002360047,12,10,49954,49963,17,15,0,0,0,0,0,0,99966,0,0,0,0,0,0,0,0,0,0,32,0,0,0,0,0,0
9,256,10.050172910882903,99998,16,10,0,0,35,28,0.000630012600252005,13,9,49951,49962,19,18,0,0,0,0,0,0,99961,0,0,0,0,0,0,0,0,0,0,37,0,0,0,0,0,0
10,256,11.044272781046422,99998,17,11,0,0,38,30,0.0006800136002720054,14,7,49947,49962,21,19,0,0,0,0,0,0,99958,0,0,0,0,0,0,0,0,0,0,40,0,0,0,0,0,0
11,256,12.119889614225427,99998,18,8,0,0,40,31,0.0007100142002840057,15,10,49944,49958,22,23,0,0,0,0,0,0,99953,0,0,0,0,0,0,0,0,0,0,45,0,0,0,0,0,0
12,256,13.0505316945992,99998,20,11,0,0,43,34,0.0007700154003080061,14,7,49942,49958,23,23,0,0,0,0,0,0,99952,0,0,0,0,0,0,0,0,0,0,46,0,0,0,0,0,0
13,256,14.005348454628482,99998,21,8,0,0,47,34,0.0008100162003240065,11,9,49941,49956,26,26,0,0,0,0,0,0,99946,0,0,0,0,0,0,0,0,0,0,52,0,0,0,0,0,0
14,256,15.086665967430037,99998,17,11,0,0,52,38,0.0009000180003600072,7,7,49940,49954,35,27,0,0,0,0,0,0,99936,0,0,0,0,0,0,0,0,0,0,62,0,0,0,0,0,0
15,256,16.05838530278479,99998,17,12,0,0,54,40,0.0009400188003760075,6,8,49939,49951,37,28,0,0,0,0,0,0,99933,0,0,0,0,0,0,0,0,0,0,65,0,0,0,0,0,0
16,256,17.052187480322228,99998,18,9,0,0,58,41,0.000990019800396008,6,10,49935,49948,40,32,0,0,0,0,0,0,99926,0,0,0,0,0,0,0,0,0,0,72,0,0,0,0,0,0
17,256,18.002178148400578,99998,16,10,0,0,58,42,0.001000020000400008,9,9,49932,49948,42,32,0,0,0,0,0,0,99924,0,0,0,0,0,0,0,0,0,0,74,0,0,0,0,0,0
18,256,19.247685336248963,99998,16,8,0,0,59,43,0.0010200204004080081,11,10,49929,49946,43,35,0,0,0,0,0,0,99920,0,0,0,0,0,0,0,0,0,0,78,0,0,0,0,0,0
19,256,20.004964187268158,99998,15,11,0,0,60,47,0.0010700214004280085,13,8,49926,49944,45,36,0,0,0,0,0,0,99917,0,0,0,0,0,0,0,0,0,0,81,0,0,0,0,0,0
20,256,21.136214212551916,99998,17,10,0,0,63,49,0.001120022400448009,16,8,49921,49942,45,39,0,0,0,0,0,0,99913,0,0,0,0,0,0,0,0,0,0,85,0,0,0,0,0,0
21,256,22.115477648526827,99998,20,9,0,0,68,49,0.0011700234004680093,14,9,49918,49941,47,40,0,0,0,0,0,0,99910,0,0,0,0,0,0,0,0,0,0,88,0,0,0,0,0,0
22,256,23.255507517962176,99998,23,10,0,0,73,50,0.0012300246004920098,13,10,49914,49939,49,40,0,0,0,0,0,0,99908,0,0,0,0,0,0,0,0,0,0,90,0,0,0,0,0,0
23,256,24.029403483688327,99998,20,11,0,0,76,51,0.0012700254005080102,12,10,49913,49938,54,40,0,0,0,0,0,0,99902,0,0,0,0,0,0,0,0,0,0,96,0,0,0,0,0,0
24,256,25.31797910665006,99998,18,10,0,0,76,52,0.0012800256005120103,14,10,49911,49938,56,41,0,0,0,0,0,0,99898,0,0,0,0,0,0,0,0,0,0,100,0,0,0,0,0,0
25,256,26.277065410513064,99998,21,9,0,0,80,52,0.0013200264005280105,14,11,49907,49937,57,42,0,0,0,0,0,0,99896,0,0,0,0,0,0,0,0,0,0,102,0,0,0,0,0,0
26,256,27.292002190073465,99998,21,13,0,0,81,57,0.001380027600552011,19,7,49901,49936,58,43,0,0,0,0,0,0,99894,0,0,0,0,0,0,0,0,0,0,104,0,0,0,0,0,0
27,256,28.130121089457766,99998,24,12,0,0,85,58,0.0014300286005720115,16,8,49901,49934,58,45,0,0,0,0,0,0,99891,0,0,0,0,0,0,0,0,0,0,107,0,0,0,0,0,0
28,256,29.009633837485094,99998,27,13,0,0,90,61,0.001510030200604012,15,7,49897,49932,60,47,0,0,0,0,0,0,99887,0,0,0,0,0,0,0,0,0,0,111,0,0,0,0,0,0
29,256,30.04106888848835,99998,24,13,0,0,92,63,0.0015500310006200124,17,10,49894,49927,64,49,0,0,0,0,0,0,99880,0,0,0,0,0,0,0,0,0,0,118,0,0,0,0,0,0
30,256,31.09981202888232,99998,25,13,0,0,95,64,0.0015900318006360128,17,10,49892,49926,65,50,0,0,0,0,0,0,99877,0,0,0,0,0,0,0,0,0,0,121,0,0,0,0,0,0
31,256,32.001706580119944,99998,26,14,0,0,101,68,0.0016900338006760136,15,8,49888,49925,70,52,0,0,0,0,0,0,99869,0,0,0,0,0,0,0,0,0,0,129,0,0,0,0,0,0
32,256,33.00321319505418,99998,28,15,0,0,103,70,0.0017300346006920138,16,10,49886,49921,69,53,0,0,0,0,0,0,99868,0,0,0,0,0,0,0,0,0,0,130,0,0,0,0,0,0
33,256,34.1990319874669,99998,22,19,0,0,106,74,0.0018000360007200144,16,8,49883,49919,78,53,0,0,0,0,0,0,99859,0,0,0,0,0,0,0,0,0,0,139,0,0,0,0,0,0
34,256,35.00314629217281,99998,21,21,0,0,108,77,0.0018500370007400147,18,6,49879,49918,81,54,0,0,0,0,0,0,99855,0,0,0,0,0,0,0,0,0,0,143,0,0,0,0,0,0
35,256,36.059526792411795,99998,16,15,0,0,109,77,0.0018600372007440149,20,6,49876,49918,87,60,0,0,0,0,0,0,99843,0,0,0,0,0,0,0,0,0,0,155,0,0,0,0,0,0
36,256,37.04083632912269,99998,15,13,0,0,115,80,0.0019500390007800156,18,4,49872,49917,94,65,0,0,0,0,0,0,99831,0,0,0,0,0,0,0,0,0,0,167,0,0,0,0,0,0
37,256,38.0073198012977,99998,17,13,0,0,118,81,0.0019900398007960157,16,3,49872,49917,94,66,0,0,0,0,0,0,99829,0,0,0,0,0,0,0,0,0,0,169,0,0,0,0,0,0
38,256,39.061825995880504,99998,19,10,0,0,123,81,0.0020400408008160163,17,5,49866,49916,97,68,0,0,0,0,0,0,99823,0,0,0,0,0,0,0,0,0,0,175,0,0,0,0,0,0
39,256,40.06174622606255,99998,20,9,0,0,127,82,0.002090041800836017,15,4,49864,49916,100,70,0,0,0,0,0,0,99818,0,0,0,0,0,0,0,0,0,0,180,0,0,0,0,0,0
40,256,41.0016418236398,99998,22,10,0,0,131,85,0.002160043200864017,13,2,49862,49915,102,72,0,0,0,0,0,0,99814,0,0,0,0,0,0,0,0,0,0,184,0,0,0,0,0,0
41,256,42.01469435046105,99998,21,8,0,0,135,86,0.0022100442008840177,13,1,49858,49915,107,75,0,0,0,0,0,0,99806,0,0,0,0,0,0,0,0,0,0,192,0,0,0,0,0,0
42,256,43.03494406938126,99998,21,7,0,0,139,86,0.002250045000900018,14,1,49853,49915,111,76,0,0,0,0,0,0,99801,0,0,0,0,0,0,0,0,0,0,197,0,0,0,0,0,0
43,256,44.33684302049054,99998,19,6,0,0,142,86,0.002280045600912018,14,3,49850,49913,116,77,0,0,0,0,0,0,99795,0,0,0,0,0,0,0,0,0,0,203,0,0,0,0,0,0
44,256,45.15359643949385,99998,21,5,0,0,144,86,0.0023000460009200184,15,3,49847,49914,116,77,0,0,0,0,0,0,99794,0,0,0,0,0,0,0,0,0,0,204,0,0,0,0,0,0
45,256,46.13637135360311,99998,21,6,0,0,146,87,0.0023300466009320187,13,3,49847,49913,118,77,0,0,0,0,0,0,99792,0,0,0,0,0,0,0,0,0,0,206,0,0,0,0,0,0
46,256,47.333710743392594,99998,20,5,0,0,147,87,0.0023400468009360186,15,5,49844,49911,120,78,0,0,0,0,0,0,99789,0,0,0,0,0,0,0,0,0,0,209,0,0,0,0,0,0
47,256,48.131291840286366,99998,17,5,0,0,149,87,0.002360047200944019,15,7,49842,49909,125,78,0,0,0,0,0,0,99784,0,0,0,0,0,0,0,0,0,0,214,0,0,0,0,0,0
48,256,49.27620311032478,99998,21,8,0,0,155,90,0.0024500490009800196,14,4,49839,49910,125,77,0,0,0,0,0,0,99782,0,0,0,0,0,0,0,0,0,0,216,0,0,0,0,0,0
49,256,50.011136769574776,99998,18,9,0,0,156,91,0.00247004940098802,13,5,49839,49908,129,77,0,0,0,0,0,0,99778,0,0,0,0,0,0,0,0,0,0,220,0,0,0,0,0,0
50,256,51.24852526692768,99998,18,8,0,0,160,92,0.00252005040100802,13,5,49835,49907,133,79,0,0,0,0,0,0,99772,0,0,0,0,0,0,0,0,0,0,226,0,0,0,0,0,0
51,256,52.03375957478219,99998,20,7,0,0,163,92,0.0025500510010200202,12,6,49833,49907,134,79,0,0,0,0,0,0,99770,0,0,0,0,0,0,0,0,0,0,228,0,0,0,0,0,0
52,256,53.21335372194279,99998,19,6,0,0,165,92,0.0025700514010280205,13,6,49830,49907,137,80,0,0,0,0,0,0,99766,0,0,0,0,0,0,0,0,0,0,232,0,0,0,0,0,0
53,256,54.141886737930314,99998,20,8,0,0,166,94,0.0026000520010400208,14,6,49828,49906,137,79,0,0,0,0,0,0,99766,0,0,0,0,0,0,0,0,0,0,232,0,0,0,0,0,0
54,256,55.216729683153574,99998,21,9,0,0,168,96,0.002640052801056021,15,5,49825,49905,138,80,0,0,0,0,0,0,99764,0,0,0,0,0,0,0,0,0,0,234,0,0,0,0,0,0
55,256,56.258598579275926,99998,25,10,0,0,173,98,0.0027100542010840218,15,4,49822,49904,137,81,0,0,0,0,0,0,99762,0,0,0,0,0,0,0,0,0,0,236,0,0,0,0,0,0
56,256,57.03203918813994,99998,24,11,0,0,176,99,0.002750055001100022,13,3,49821,49904,141,81,0,0,0,0,0,0,99758,0,0,0,0,0,0,0,0,0,0,240,0,0,0,0,0,0
57,256,58.240930743717826,99998,25,11,0,0,179,100,0.0027900558011160225,11,7,49820,49899,143,82,0,0,0,0,0,0,99755,0,0,0,0,0,0,0,0,0,0,243,0,0,0,0,0,0
58,256,59.10348256493277,99998,24,10,0,0,180,100,0.0028000560011200225,11,8,49819,49898,145,83,0,0,0,0,0,0,99752,0,0,0,0,0,0,0,0,0,0,246,0,0,0,0,0,0
59,256,60.03120867424483,99998,24,11,0,0,184,103,0.002870057401148023,10,5,49817,49898,148,85,0,0,0,0,0,0,99746,0,0,0,0,0,0,0,0,0,0,252,0,0,0,0,0,0
60,256,61.13628898400134,99998,22,12,0,0,185,104,0.002890057801156023,13,8,49813,49894,151,85,0,0,0,0,0,0,99743,0,0,0,0,0,0,0,0,0,0,255,0,0,0,0,0,0
61,256,62.212722855442344,99998,21,13,0,0,188,107,0.0029500590011800236,16,5,49807,49895,155,86,0,0,0,0,0,0,99737,0,0,0,0,0,0,0,0,0,0,261,0,0,0,0,0,0
62,256,63.12163342842733,99998,23,12,0,0,191,109,0.003000060001200024,16,3,49804,49895,156,89,0,0,0,0,0,0,99733,0,0,0,0,0,0,0,0,0,0,265,0,0,0,0,0,0
63,256,64.05850456372526,99998,17,15,0,0,192,112,0.0030400608012160243,18,5,49801,49891,163,88,0,0,0,0,0,0,99726,0,0,0,0,0,0,0,0,0,0,272,0,0,0,0,0,0
64,256,65.17116759736828,99998,18,13,0,0,197,112,0.003090061801236025,16,7,49800,49889,165,90,0,0,0,0,0,0,99720,0,0,0,0,0,0,0,0,0,0,278,0,0,0,0,0,0
65,256,66.04830695008197,99998,19,15,0,0,199,116,0.0031500630012600253,15,5,49799,49887,166,92,0,0,0,0,0,0,99717,0,0,0,0,0,0,0,0,0,0,281,0,0,0,0,0,0
66,256,67.05706015249537,99998,19,14,0,0,203,118,0.003210064201284026,14,4,49796,49887,170,94,0,0,0,0,0,0,99710,0,0,0,0,0,0,0,0,0,0,288,0,0,0,0,0,0
67,256,68.06753305140933,99998,16,11,0,0,204,118,0.0032200644012880257,17,6,49792,49885,174,97,0,0,0,0,0,0,99703,0,0,0,0,0,0,0,0,0,0,295,0,0,0,0,0,0
68,256,69.17211743478182,99998,18,15,0,0,209,123,0.0033200664013280264,15,4,49789,49883,177,97,0,0,0,0,0,0,99699,0,0,0,0,0,0,0,0,0,0,299,0,0,0,0,0,0
69,256,70.10370718302639,99998,19,17,0,0,214,125,0.003390067801356027,15,6,49784,49879,181,97,0,0,0,0,0,0,99695,0,0,0,0,0,0,0,0,0,0,303,0,0,0,0,0,0
70,256,71.11435740737335,99998,18,13,0,0,217,126,0.0034300686013720274,15,6,49783,49878,183,102,0,0,0,0,0,0,99686,0,0,0,0,0,0,0,0,0,0,312,0,0,0,0,0,0
71,256,72.05493378774052,99998,17,10,0,0,220,126,0.0034600692013840276,15,6,49781,49878,186,105,0,0,0,0,0,0,99679,0,0,0,0,0,0,0,0,0,0,319,0,0,0,0,0,0
72,256,73.13375195490651,99998,19,10,0,0,226,127,0.0035300706014120284,14,7,49777,49876,189,106,0,0,0,0,0,0,99674,0,0,0,0,0,0,0,0,0,0,324,0,0,0,0,0,0
73,256,74.037478376822,99998,18,13,0,0,227,131,0.0035800716014320285,16,5,49774,49874,191,107,0,0,0,0,0,0,99671,0,0,0,0,0,0,0,0,0,0,327,0,0,0,0,0,0
74,256,75.00425514772519,99998,19,13,0,0,230,134,0.003640072801456029,16,5,49771,49871,193,110,0,0,0,0,0,0,99666,0,0,0,0,0,0,0,0,0,0,332,0,0,0,0,0,0
75,256,76.07943863749763,99998,20,11,0,0,232,135,0.0036700734014680292,16,8,49770,49867,193,113,0,0,0,0,0,0,99662,0,0,0,0,0,0,0,0,0,0,336,0,0,0,0,0,0
76,256,77.22341175046658,99998,24,13,0,0,240,138,0.0037800756015120302,11,6,49767,49867,197,113,0,0,0,0,0,0,99657,0,0,0,0,0,0,0,0,0,0,341,0,0,0,0,0,0
77,256,78.3112790527085,99998,25,8,0,0,245,138,0.0038300766015320308,9,7,49765,49866,200,118,0,0,0,0,0,0,99648,0,0,0,0,0,0,0,0,0,0,350,0,0,0,0,0,0
78,256,79.15787495961813,99998,23,9,0,0,246,140,0.003860077201544031,10,6,49763,49865,203,119,0,0,0,0,0,0,99644,0,0,0,0,0,0,0,0,0,0,354,0,0,0,0,0,0
79,256,80.01296076455618,99998,23,10,0,0,249,142,0.003910078201564031,8,5,49764,49864,204,120,0,0,0,0,0,0,99640,0,0,0,0,0,0,0,0,0,0,358,0,0,0,0,0,0
80,256,81.01046774199985,99998,21,12,0,0,250,144,0.003940078801576032,13,4,49758,49863,207,120,0,0,0,0,0,0,99637,0,0,0,0,0,0,0,0,0,0,361,0,0,0,0,0,0
81,256,82.12272474792545,99998,23,13,0,0,257,145,0.004020080401608032,11,3,49754,49863,211,120,0,0,0,0,0,0,99632,0,0,0,0,0,0,0,0,0,0,366,0,0,0,0,0,0
82,256,83.14567581714898,99998,21,13,0,0,257,148,0.004050081001620033,19,2,49746,49862,213,122,0,0,0,0,0,0,99627,0,0,0,0,0,0,0,0,0,0,371,0,0,0,0,0,0
83,256,84.13564318868855,99998,22,12,0,0,259,149,0.0040800816016320325,22,2,49741,49861,214,124,0,0,0,0,0,0,99624,0,0,0,0,0,0,0,0,0,0,374,0,0,0,0,0,0
84,256,85.06949633906035,99998,24,9,0,0,265,149,0.004140082801656033,21,4,49736,49859,218,127,0,0,0,0,0,0,99617,0,0,0,0,0,0,0,0,0,0,381,0,0,0,0,0,0
85,256,86.1151262207553,99998,21,7,0,0,266,151,0.004170083401668034,24,2,49732,49860,222,130,0,0,0,0,0,0,99609,0,0,0,0,0,0,0,0,0,0,389,0,0,0,0,0,0
86,256,87.17732547593806,99998,24,6,0,0,274,151,0.004250085001700034,21,4,49727,49858,227,131,0,0,0,0,0,0,99603,0,0,0,0,0,0,0,0,0,0,395,0,0,0,0,0,0
87,256,88.0411850723576,99998,25,4,0,0,276,151,0.004270085401708034,21,5,49726,49857,227,133,0,0,0,0,0,0,99600,0,0,0,0,0,0,0,0,0,0,398,0,0,0,0,0,0
88,256,89.32143163634633,99998,28,6,0,0,286,154,0.004400088001760036,16,4,49724,49855,231,134,0,0,0,0,0,0,99592,0,0,0,0,0,0,0,0,0,0,406,0,0,0,0,0,0
89,256,90.00415537369169,99998,30,6,0,0,288,154,0.0044200884017680355,15,4,49723,49855,231,134,0,0,0,0,0,0,99592,0,0,0,0,0,0,0,0,0,0,406,0,0,0,0,0,0
90,256,91.15797634526335,99998,27,8,0,0,289,157,0.004460089201784036,18,3,49720,49854,234,134,0,0,0,0,0,0,99587,0,0,0,0,0,0,0,0,0,0,411,0,0,0,0,0,0
91,256,92.22291560734136,99998,28,10,0,0,292,160,0.0045200904018080365,17,2,49718,49853,236,134,0,0,0,0,0,0,99584,0,0,0,0,0,0,0,0,0,0,414,0,0,0,0,0,0
92,256,93.013335731352,99998,29,8,0,0,296,160,0.004560091201824036,16,5,49716,49850,238,136,0,0,0,0,0,0,99579,0,0,0,0,0,0,0,0,0,0,419,0,0,0,0,0,0
93,256,94.03750636980536,99998,28,9,0,0,299,162,0.004610092201844037,18,7,49713,49847,240,136,0,0,0,0,0,0,99575,0,0,1,0,0,0,0,0,0,0,422,0,0,0,0,0,0
94,256,95.33026942939442,99998,27,9,0,0,303,165,0.004680093601872037,23,4,49706,49848,243,138,0,0,0,0,0,0,99567,0,0,1,0,0,0,0,0,0,0,430,0,0,0,0,0,0
95,256,96.0561027705396,99998,26,7,0,0,307,165,0.004720094401888038,20,4,49706,49848,247,140,0,0,0,0,0,0,99560,0,0,1,0,0,0,0,0,0,0,437,0,0,0,0,0,0
96,256,97.03132319330108,99998,26,7,0,0,311,166,0.004770095401908038,21,6,49702,49845,250,141,0,0,0,0,0,0,99555,0,0,1,0,0,0,0,0,0,0,442,0,0,0,0,0,0
97,256,98.33067769405065,99998,28,6,0,0,318,167,0.004850097001940039,19,7,49697,49844,255,142,0,0,0,0,0,0,99548,0,0,1,0,0,0,0,0,0,0,449,0,0,0,0,0,0
98,256,99.23837743280012,99998,28,8,0,0,321,169,0.004900098001960039,17,5,49698,49844,256,142,0,0,0,0,0,0,99545,0,0,1,0,0,0,0,0,0,0,452,0,0,0,0,0,0
99,256,100.06831739080917,99998,30,10,0,0,326,172,0.0049800996019920395,16,3,49695,49843,258,143,0,0,0,0,0,0,99541,0,0,1,0,0,0,0,0,0,0,456,0,0,0,0,0,0
100,256,101.03941404511461,99998,36,7,0,0,334,172,0.005060101202024041,9,8,49696,49840,258,144,0,0,0,0,0,0,99536,0,0,1,0,0,0,0,0,0,0,461,0,0,0,0,0,0
101,256,102.11008160514982,99998,34,6,0,0,337,173,0.0051001020020400405,7,8,49695,49839,263,146,0,0,0,0,0,0,99529,0,0,1,0,0,0,0,0,0,0,468,0,0,0,0,0,0
102,256,103.05624616279724,99998,36,7,0,0,339,175,0.005140102802056041,10,8,49690,49837,263,147,0,0,0,0,0,0,99528,0,0,1,0,0,0,0,0,0,0,469,0,0,0,0,0,0
103,256,104.0456008135533,99998,34,9,0,0,341,178,0.005190103802076042,12,9,49686,49833,267,148,0,0,0,0,0,0,99523,0,0,1,0,0,0,0,0,0,0,474,0,0,0,0,0,0
104,256,105.02449363366154,99998,35,12,0,0,346,181,0.005270105402108042,9,6,49684,49834,271,147,0,0,0,0,0,0,99519,0,0,1,0,0,0,0,0,0,0,478,0,0,0,0,0,0
105,256,106.08923251443161,99998,28,10,0,0,348,181,0.005290105802116043,16,7,49675,49833,280,149,0,0,0,0,0,0,99508,0,0,1,0,0,0,0,0,0,0,489,0,0,0,0,0,0
106,256,107.03529514892382,99998,29,12,0,0,351,183,0.005340106802136042,19,9,49671,49830,280,148,0,0,0,0,0,0,99506,0,0,1,0,0,0,0,0,0,0,491,0,0,0,0,0,0
107,256,108.0172925638867,99998,30,12,0,0,355,185,0.005400108002160043,19,9,49669,49830,281,148,0,0,0,0,0,0,99501,0,0,1,0,0,0,0,0,0,0,496,0,0,0,0,0,0
108,256,109.22545070684494,99998,32,13,0,0,363,187,0.005500110002200044,15,8,49668,49831,284,147,0,0,0,0,0,0,99494,0,0,1,0,0,0,0,0,0,0,503,0,0,0,0,0,0
109,256,110.04902622225664,99998,28,14,0,0,365,189,0.0055401108022160445,18,7,49663,49830,290,148,0,0,0,0,0,0,99487,0,0,1,0,0,0,0,0,0,0,510,0,0,0,0,0,0
110,256,111.30278066080876,99998,30,13,0,0,371,193,0.0056401128022560455,19,5,49657,49828,293,153,0,0,0,0,0,0,99478,0,0,1,0,0,0,0,0,0,0,519,0,0,0,0,0,0
111,256,112.27176172303439,99998,30,14,0,0,374,195,0.005690113802276045,19,7,49655,49825,295,153,0,0,0,0,0,0,99474,0,0,1,0,0,0,0,0,0,0,523,0,0,0,0,0,0
112,256,113.0375825094086,99998,29,14,0,0,378,196,0.005740114802296046,19,9,49653,49822,298,154,0,0,0,0,0,0,99468,0,0,1,0,0,0,0,0,0,0,529,0,0,0,0,0,0
113,256,114.00066167197787,99997,32,13,1,0,385,199,0.005840175205256158,18,9,49649,49819,299,158,0,0,0,0,0,0,99460,0,0,1,0,0,0,0,0,0,0,536,0,0,0,0,0,0
114,256,115.01768913682538,99997,35,13,1,0,390,200,0.005900177005310159,16,10,49646,49817,301,159,0,0,0,0,0,0,99457,0,0,1,0,0,0,0,0,0,0,539,0,0,0,0,0,0
115,256,116.02191089920072,99997,30,12,1,0,392,203,0.005950178505355161,21,12,49641,49813,306,162,0,0,0,0,0,0,99446,0,0,1,0,0,0,0,0,0,0,550,0,0,0,0,0,0
116,256,117.18546053477247,99997,28,14,1,0,397,207,0.006040181205436163,23,10,49634,49811,313,164,0,0,0,0,0,0,99437,0,0,1,0,0,0,0,0,0,0,559,0,0,0,0,0,0
117,256,118.06977122810386,99997,27,13,1,0,400,208,0.0060801824054721645,24,9,49630,49812,317,165,0,0,0,0,0,0,99431,0,0,1,0,0,0,0,0,0,0,565,0,0,0,0,0,0
118,256,119.19230840418273,99997,31,15,1,0,406,210,0.006160184805544166,24,8,49624,49812,319,164,0,0,0,0,0,0,99429,0,0,1,0,0,0,0,0,0,0,567,0,0,0,0,0,0
119,256,120.00968140377718,99997,38,16,1,0,415,212,0.006270188105643169,20,6,49620,49812,320,165,0,0,0,0,0,0,99426,0,0,1,0,0,0,0,0,0,0,570,0,0,0,0,0,0
120,256,121.02994533873643,99997,36,16,1,0,419,215,0.006340190205706172,20,8,49616,49807,326,168,0,0,0,0,0,0,99417,0,0,1,0,0,0,0,0,0,0,579,0,0,0,0,0,0
121,256,122.33598444301313,99997,36,19,1,0,426,220,0.006460193805814174,21,9,49608,49801,333,170,0,0,0,0,0,0,99408,0,0,1,0,0,0,0,0,0,0,588,0,0,0,0,0,0
122,256,123.01847456711597,99997,34,18,1,0,429,220,0.006490194705841175,20,10,49607,49801,337,170,0,0,0,0,0,0,99402,0,0,1,0,0,0,0,0,0,0,594,0,0,0,0,0,0
123,256,124.07490252771119,99997,29,16,1,0,432,220,0.006520195605868176,29,20,49598,49792,342,171,0,0,0,0,0,0,99393,0,0,2,0,0,0,0,0,0,0,602,0,0,0,0,0,0
124,256,125.08384863095888,99997,27,17,1,0,436,222,0.006580197405922177,31,18,49595,49792,345,172,0,0,0,0,0,0,99386,0,0,2,0,0,0,0,0,0,0,609,0,0,0,0,0,0
125,256,126.11071732464791,99997,26,18,1,0,443,227,0.006700201006030181,31,19,49589,49786,352,176,0,0,0,0,0,0,99374,0,0,2,0,0,0,0,0,0,0,621,0,0,0,0,0,0
126,256,127.22639888626009,99997,33,20,1,0,452,232,0.006840205206156184,32,18,49580,49783,353,178,0,0,0,0,0,0,99369,0,0,2,0,0,0,0,0,0,0,626,0,0,0,0,0,0
127,256,128.01613064510698,99997,31,24,1,0,461,238,0.0069902097062911886,26,14,49578,49781,363,180,0,0,0,0,0,0,99356,0,0,2,0,0,0,0,0,0,0,639,0,0,0,0,0,0
128,256,129.14883350451325,99997,36,19,1,0,470,240,0.0071002130063901915,25,15,49575,49778,362,187,0,0,0,0,0,0,99345,0,0,2,0,0,0,0,0,0,0,650,0,0,0,0,0,0
129,256,130.2574856971708,99997,38,20,1,0,476,243,0.007190215706471194,23,13,49572,49780,365,186,0,0,0,0,0,0,99339,0,0,2,0,0,0,0,0,0,0,656,0,0,0,0,0,0
130,256,131.1080446003953,99997,39,20,1,0,480,246,0.007260217806534196,23,10,49569,49781,367,188,0,0,0,0,0,0,99333,0,0,2,0,0,0,0,0,0,0,662,0,0,0,0,0,0
131,256,132.23659052287059,99997,43,17,1,0,487,248,0.007350220506615199,23,12,49563,49777,369,193,0,0,0,0,0,0,99325,0,0,2,0,0,0,0,0,0,0,670,0,0,0,0,0,0
132,256,133.0039858187905,99997,40,14,1,0,490,249,0.007390221706651199,23,12,49562,49776,373,197,0,0,0,0,0,0,99315,0,0,2,0,0,0,0,0,0,0,680,0,0,0,0,0,0
133,256,134.0000159148509,99997,48,14,1,0,500,251,0.007510225306759203,19,12,49556,49775,375,198,0,0,0,0,0,0,99311,0,0,2,0,0,0,0,0,0,0,684,0,0,0,0,0,0
134,256,135.04928118688213,99997,48,14,1,0,506,253,0.007590227706831205,22,16,49547,49769,381,200,0,0,0,0,0,0,99303,0,0,2,0,0,0,0,0,0,0,692,0,0,0,0,0,0
135,256,136.1320711442046,99997,44,18,1,0,513,259,0.007720231606948209,21,13,49543,49767,390,201,0,0,0,0,0,0,99290,0,0,2,0,0,0,0,0,0,0,705,0,0,0,0,0,0
136,256,137.15833201998535,99997,45,19,1,0,517,262,0.007790233707011211,21,13,49540,49765,392,202,0,0,0,0,0,0,99285,0,0,2,0,0,0,0,0,0,0,710,0,0,0,0,0,0
137,256,138.00023875042655,99997,43,23,1,0,520,269,0.007890236707101213,26,8,49532,49763,397,205,0,0,0,0,0,0,99277,0,0,2,0,0,0,0,0,0,0,718,0,0,0,0,0,0
138,256,139.18666308417255,99997,40,26,1,0,525,274,0.007990239707191215,30,5,49525,49762,403,206,0,0,0,0,0,0,99267,0,0,2,0,0,0,0,0,0,0,728,0,0,0,0,0,0
139,256,140.3138030118998,99997,40,24,1,0,533,278,0.008110243307299219,28,6,49523,49758,407,211,0,0,0,0,0,0,99253,0,0,2,0,0,0,0,0,0,0,742,0,0,0,0,0,0
140,256,141.11990004268878,99997,39,24,1,0,534,280,0.00814024420732622,29,8,49523,49756,407,211,0,0,0,0,0,0,99249,0,0,2,0,0,0,0,0,0,0,746,0,0,0,0,0,0
141,256,142.08739947275328,99997,35,23,1,0,540,283,0.008230246907407222,30,9,49518,49754,415,213,0,0,0,0,0,0,99235,0,0,2,0,0,0,0,0,0,0,760,0,0,0,0,0,0
142,256,143.11290573185883,99997,40,21,1,0,550,284,0.008340250207506224,29,13,49511,49749,418,216,0,0,0,0,0,0,99227,0,0,2,0,0,0,0,0,0,0,768,0,0,0,0,0,0
143,256,144.25995767397347,99997,40,23,1,0,558,292,0.00850025500765023,31,9,49501,49745,426,222,0,0,0,0,0,0,99213,0,0,2,0,0,0,0,0,0,0,782,0,0,0,0,0,0
144,256,145.20307451112873,99997,41,24,1,0,564,295,0.008590257707731232,31,9,49497,49744,429,222,0,0,0,0,0,0,99206,0,0,2,0,0,0,0,0,0,0,789,0,0,0,0,0,0
145,256,146.13779453607088,99997,45,23,1,0,571,297,0.008680260407812234,33,9,49489,49743,431,224,0,0,0,0,0,0,99200,0,0,2,0,0,0,0,0,0,0,795,0,0,0,0,0,0
146,256,147.07727056581362,99997,46,23,1,0,579,299,0.008780263407902236,34,13,49483,49737,435,226,0,0,0,0,0,0,99191,0,0,2,0,0,0,0,0,0,0,804,0,0,0,0,0,0
147,256,148.06089601616338,99997,48,26,1,0,586,304,0.00890026700801024,38,12,49472,49733,440,228,0,0,0,0,0,0,99184,0,0,2,0,0,0,0,0,0,0,811,0,0,0,0,0,0
148,256,149.26778976594156,99997,52,23,1,0,599,306,0.009050271508145245,30,16,49472,49727,444,233,0,0,0,0,0,0,99170,0,0,2,0,0,0,0,0,0,0,825,0,0,0,0,0,0
149,256,150.0949333567822,99997,47,24,1,0,607,309,0.009160274808244247,28,17,49466,49724,457,234,0,0,0,0,0,0,99155,0,0,2,0,0,0,0,0,0,0,840,0,0,0,0,0,0
150,256,151.18230973803304,99997,46,23,1,0,612,314,0.00926027780833425,32,14,49458,49724,462,238,0,0,0,0,0,0,99143,0,0,2,0,0,0,0,0,0,0,852,0,0,0,0,0,0
151,256,152.10735248477133,99997,48,19,1,0,619,314,0.009330279908397252,29,19,49456,49719,465,242,0,0,0,0,0,0,99134,0,0,2,0,0,0,0,0,0,0,861,0,0,0,0,0,0
152,256,153.02837354647895,99997,52,19,1,0,624,318,0.009420282608478254,30,16,49453,49718,463,246,0,0,0,0,0,0,99129,0,0,2,0,0,0,0,0,0,0,866,0,0,0,0,0,0
153,256,154.10093724071587,99997,57,16,1,0,636,319,0.009550286508595258,27,18,49444,49715,470,250,0,0,0,0,0,0,99118,0,0,2,0,0,0,0,0,0,0,877,0,0,0,0,0,0
154,256,155.04304213074116,99997,55,17,1,0,643,322,0.00965028950868526,28,19,49437,49711,478,252,0,0,0,0,0,0,99107,0,0,2,0,0,0,0,0,0,0,888,0,0,0,0,0,0
155,256,156.02675059805517,99997,55,17,1,0,648,326,0.009740292208766262,30,20,49432,49709,481,253,0,0,0,0,0,0,99098,0,0,2,0,0,0,0,0,0,0,897,0,0,0,0,0,0
156,256,157.03693665442597,99997,61,22,1,0,658,334,0.009920297608928269,32,15,49423,49706,482,256,0,0,0,0,0,0,99091,0,0,2,0,0,0,0,0,0,0,904,0,0,0,0,0,0
157,256,158.1666786802278,99997,60,22,1,0,667,338,0.01005030150904527,35,15,49412,49703,491,259,0,0,0,0,0,0,99077,0,0,2,0,0,0,0,0,0,0,918,0,0,0,0,0,0
158,256,159.33333495927062,99997,62,18,1,0,680,341,0.010210306309189275,31,13,49405,49702,500,266,0,0,0,0,0,0,99059,0,0,2,0,0,0,0,0,0,0,936,0,0,0,0,0,0
159,256,160.07467820227942,99997,63,18,1,0,687,342,0.010290308709261278,31,15,49400,49700,504,266,0,0,0,0,0,0,99052,0,0,2,0,0,0,0,0,0,0,943,0,0,0,0,0,0
160,256,161.21492708466857,99997,59,17,1,0,691,343,0.010340310209306279,34,16,49395,49698,510,268,0,0,0,0,0,0,99042,0,0,2,0,0,0,0,0,0,0,953,0,0,0,0,0,0
161,256,162.12497489421426,99997,60,17,1,0,699,350,0.010490314709441284,34,15,49392,49693,512,274,0,0,0,0,0,0,99028,0,0,2,0,0,0,0,0,0,0,967,0,0,0,0,0,0
162,256,163.0873113772945,99997,59,22,1,0,704,356,0.010600318009540286,39,17,49383,49687,517,273,0,0,0,0,0,0,99021,0,0,2,0,0,0,0,0,0,0,974,0,0,0,0,0,0
163,256,164.13427103785367,99997,55,21,1,0,710,358,0.010680320409612289,37,19,49380,49683,526,276,0,0,0,0,0,0,99008,0,0,2,0,0,0,0,0,0,0,987,0,0,0,0,0,0
164,256,165.20314303638997,99997,57,27,1,0,718,364,0.010820324609738292,34,18,49377,49680,530,274,0,0,0,0,0,0,99002,0,0,2,0,0,0,0,0,0,0,993,0,0,0,0,0,0
165,256,166.32659998772965,99997,48,26,1,0,723,367,0.010900327009810295,41,17,49365,49679,544,277,0,0,0,0,0,0,98984,0,0,2,0,0,0,0,0,0,0,1011,0,0,0,0,0,0
166,256,167.21876529279527,99997,52,24,1,0,735,371,0.0110603318099543,37,18,49359,49675,550,282,0,0,0,0,0,0,98970,0,0,2,0,0,0,0,0,0,0,1025,0,0,0,0,0,0
167,256,168.32835824553482,99997,55,24,1,0,747,375,0.011220336610098303,37,20,49349,49671,557,284,0,0,0,0,0,0,98957,0,0,2,0,0,0,0,0,0,0,1038,0,0,0,0,0,0
168,256,169.10521673220074,99997,58,24,1,0,754,377,0.011310339310179305,37,21,49342,49669,561,285,0,0,0,0,0,0,98951,0,0,2,0,0,0,0,0,0,0,1044,0,0,0,0,0,0
169,256,170.1339958289695,99997,59,19,1,0,764,379,0.011430342910287309,31,22,49339,49669,569,289,0,0,0,0,0,0,98935,0,0,2,0,0,0,0,0,0,0,1060,0,0,0,0,0,0
170,256,171.1321466903695,99997,52,23,1,0,772,387,0.011590347710431314,33,21,49332,49664,581,291,0,0,0,0,0,0,98916,0,0,2,0,0,0,0,0,0,0,1079,0,0,0,0,0,0
171,256,172.16127801636415,99997,49,20,1,0,783,389,0.011720351610548317,28,24,49329,49660,592,295,0,0,0,0,0,0,98898,0,0,3,0,0,0,0,0,0,0,1096,0,0,0,0,0,0
172,256,173.3068133874361,99996,47,22,2,0,789,397,0.011860474418976759,28,20,49325,49659,597,298,0,0,0,0,0,0,98885,0,0,4,0,0,0,0,0,0,0,1107,0,0,0,0,0,0
173,256,174.0754837896826,99996,50,18,2,0,792,397,0.011890475619024761,26,24,49325,49655,596,302,0,0,0,0,0,0,98881,0,0,4,0,0,0,0,0,0,0,1111,0,0,0,0,0,0
174,256,175.12921868732087,99996,44,23,2,0,796,405,0.01201048041921677,32,24,49319,49652,602,300,0,0,0,0,0,0,98868,0,0,4,0,0,0,0,0,0,0,1124,0,0,0,0,0,0
175,256,176.15869106076596,99996,46,23,2,0,804,409,0.012130485219408776,33,21,49314,49652,604,303,0,0,0,0,0,0,98858,0,0,4,0,0,0,0,0,0,0,1134,0,0,0,0,0,0
176,256,177.02842248954875,99995,49,26,3,0,810,415,0.012250612530626532,32,17,49310,49650,605,306,0,0,0,0,0,0,98852,0,0,4,0,0,0,0,0,0,0,1139,0,0,0,0,0,0
177,256,178.33907498666375,99995,50,26,3,0,821,421,0.012420621031051553,30,18,49304,49646,612,309,0,0,0,0,0,0,98836,0,0,4,0,0,0,0,0,0,0,1155,0,0,0,0,0,0
178,256,179.20733401018748,99995,45,29,3,0,825,425,0.012500625031251563,35,17,49297,49643,619,310,0,0,0,0,0,0,98826,0,0,4,0,0,0,0,0,0,0,1165,0,0,0,0,0,0
179,256,180.11565476013664,99995,43,29,3,0,828,427,0.01255062753137657,39,20,49291,49638,623,312,0,0,0,0,0,0,98819,0,0,4,0,0,0,0,0,0,0,1172,0,0,0,0,0,0
180,256,181.03590500894643,99995,47,31,3,0,835,433,0.012680634031701585,39,19,49286,49634,624,315,0,0,0,0,0,0,98812,0,0,4,0,0,0,0,0,0,0,1179,0,0,0,0,0,0
181,256,182.0110090609144,99995,48,32,3,0,843,439,0.012820641032051603,38,18,49280,49632,630,317,0,0,0,0,0,0,98800,0,0,4,0,0,0,0,0,0,0,1191,0,0,0,0,0,0
182,256,183.213496469152,99995,49,39,3,0,852,448,0.013000650032501625,41,14,49272,49627,634,319,0,0,0,0,0,0,98790,0,0,4,0,0,0,0,0,0,0,1201,0,0,0,0,0,0
183,256,184.00944562358004,99995,56,39,3,0,863,453,0.013160658032901645,35,12,49269,49625,636,323,0,0,0,0,0,0,98781,0,0,4,0,0,0,0,0,0,0,1210,0,0,0,0,0,0
184,256,185.19925862105086,99995,56,36,3,0,877,458,0.01335066753337667,35,16,49260,49617,645,330,0,0,0,0,0,0,98759,0,0,4,0,0,0,0,0,0,0,1232,0,0,0,0,0,0
185,256,186.00582251188618,99995,58,36,3,0,883,462,0.013450672533626681,35,17,49255,49612,648,334,0,0,0,0,0,0,98751,0,0,4,0,0,0,0,0,0,0,1240,0,0,0,0,0,0
186,256,187.23345057970928,99995,63,41,3,0,897,473,0.013700685034251713,39,21,49238,49599,656,338,0,0,0,0,0,0,98736,0,0,4,0,0,0,0,0,0,0,1255,0,0,0,0,0,0
187,256,188.2071902129924,99995,56,46,3,0,902,478,0.013800690034501725,43,18,49230,49597,667,338,0,0,0,0,0,0,98724,0,0,4,0,0,0,0,0,0,0,1267,0,0,0,0,0,0
188,256,189.07028945918682,99995,55,44,3,0,908,485,0.013930696534826741,45,14,49224,49595,672,346,0,0,0,0,0,0,98708,0,0,4,0,0,0,0,0,0,0,1283,0,0,0,0,0,0
189,256,190.03871916495012,99995,59,43,3,0,917,489,0.014060703035151757,40,15,49221,49590,676,351,0,0,0,0,0,0,98698,0,0,4,0,0,0,0,0,0,0,1293,0,0,0,0,0,0
190,256,191.05084524039532,99995,62,40,3,0,930,495,0.014250712535626781,37,14,49216,49588,681,357,0,0,0,0,0,0,98679,0,0,4,0,0,0,0,0,0,0,1312,0,0,0,0,0,0
191,256,192.12974366228414,99995,62,35,3,0,944,496,0.0144007200360018,36,19,49206,49584,692,361,0,0,0,0,0,0,98660,0,0,5,0,0,0,0,0,0,0,1330,0,0,0,0,0,0
192,256,193.0940041219472,99995,64,37,3,0,956,502,0.014580729036451823,34,17,49197,49580,701,365,0,0,0,0,0,0,98646,0,0,5,0,0,0,0,0,0,0,1344,0,0,0,0,0,0
193,256,194.03017129620332,99995,68,40,3,0,964,507,0.014710735536776839,36,16,49187,49577,705,366,0,0,0,0,0,0,98640,0,0,5,0,0,0,0,0,0,0,1350,0,0,0,0,0,0
194,256,195.2202423197134,99995,72,34,3,0,975,514,0.014890744537226861,41,23,49176,49568,707,374,0,0,0,0,0,0,98620,0,0,5,0,0,0,0,0,0,0,1370,0,0,0,0,0,0
195,256,196.25225069843938,99995,76,32,3,0,991,517,0.015080754037701885,35,29,49169,49559,716,379,0,0,0,0,0,0,98603,0,0,5,0,0,0,0,0,0,0,1387,0,0,0,0,0,0
196,256,197.28438762874498,99995,77,35,3,0,1003,524,0.015270763538176909,31,30,49164,49552,724,382,0,0,0,0,0,0,98589,0,0,6,0,0,0,0,0,0,0,1400,0,0,0,0,0,0
197,256,198.31666749169023,99994,80,38,3,1,1014,530,0.015440926455587336,32,26,49157,49550,727,384,0,0,0,0,0,0,98578,0,0,6,0,0,0,0,0,0,0,1410,0,0,0,0,0,0
198,256,199.00490031210114,99994,76,39,3,1,1021,536,0.015570934256055362,37,21,49146,49552,737,386,0,0,0,0,0,0,98562,0,0,6,0,0,0,0,0,0,0,1426,0,0,0,0,0,0
199,256,200.03745612981655,99993,76,49,4,1,1033,549,0.015821107477523428,41,14,49131,49548,747,387,0,0,0,0,0,0,98547,0,0,6,0,0,0,0,0,0,0,1440,0,0,0,0,0,0
200,256,201.14062516551667,99993,77,47,4,1,1040,553,0.015931115178062463,40,18,49128,49541,750,392,0,0,0,0,0,0,98535,0,0,6,0,0,0,0,0,0,0,1452,0,0,0,0,0,0
201,256,202.01606926087064,99993,72,48,4,1,1047,559,0.016061124278699507,44,21,49121,49535,758,394,0,0,0,0,0,0,98518,0,0,6,0,0,0,0,0,0,0,1469,0,0,0,0,0,0
202,256,203.04910278940605,99993,73,45,4,1,1060,564,0.01624113687958157,41,18,49114,49533,767,402,0,0,0,0,0,0,98498,0,0,6,0,0,0,0,0,0,0,1489,0,0,0,0,0,0
203,256,204.1652029662042,99993,72,42,4,1,1075,570,0.016451151580610644,47,22,49096,49525,780,409,0,0,0,0,0,0,98474,0,0,7,0,0,0,0,0,0,0,1512,0,0,0,0,0,0
204,256,205.09906675617344,99993,74,44,4,1,1085,575,0.016601162081345693,46,21,49090,49521,785,412,0,0,0,0,0,0,98463,0,0,7,0,0,0,0,0,0,0,1523,0,0,0,0,0,0
205,256,206.29141947484598,99993,71,46,4,1,1097,585,0.01682117748242377,52,18,49075,49521,797,413,0,0,0,0,0,0,98440,0,0,7,0,0,0,0,0,0,0,1546,0,0,0,0,0,0
206,256,207.25205976273966,99993,74,48,4,1,1106,590,0.01696118728310982,50,18,49075,49518,796,414,0,0,0,0,0,0,98431,0,0,7,0,0,0,0,0,0,0,1555,0,0,0,0,0,0
207,256,208.30668038407924,99993,74,47,4,1,1117,595,0.017121198483893874,56,19,49060,49512,805,420,0,0,0,0,0,0,98414,0,0,7,0,0,0,0,0,0,0,1572,0,0,0,0,0,0
208,256,209.08303825421785,99993,75,46,4,1,1128,601,0.017291210384726932,65,22,49042,49503,813,427,0,0,0,0,0,0,98398,0,0,8,0,0,0,0,0,0,0,1587,0,0,0,0,0,0
209,256,210.1236919063771,99993,69,46,4,1,1133,608,0.017411218785314972,74,16,49031,49502,821,434,0,0,0,0,0,0,98380,0,0,8,0,0,0,0,0,0,0,1605,0,0,0,0,0,0
210,256,211.1086730558079,99993,73,46,4,1,1148,613,0.01761123278629504,78,18,49016,49496,828,438,0,0,0,0,0,0,98364,0,0,8,0,0,0,0,0,0,0,1621,0,0,0,0,0,0
211,256,212.2324513859032,99993,85,46,4,1,1174,618,0.017921254487814148,64,19,49006,49491,840,442,0,0,0,0,0,0,98345,0,0,8,0,0,0,0,0,0,0,1640,0,0,0,0,0,0
212,256,213.33482068340606,99993,91,47,4,1,1199,628,0.018271278989529266,59,22,48988,49480,857,449,0,0,0,0,0,0,98317,0,0,8,0,0,0,0,0,0,0,1668,0,0,0,0,0,0
213,256,214.02507329564887,99992,100,44,5,1,1214,629,0.018431474517961437,53,25,48981,49477,860,452,0,0,0,0,0,0,98307,0,0,8,0,0,0,0,0,0,0,1677,0,0,0,0,0,0
214,256,215.0606643662043,99992,91,40,5,1,1224,633,0.018571485718857507,52,29,48972,49470,879,459,0,0,0,0,0,0,98280,0,0,8,0,0,0,0,0,0,0,1704,0,0,0,0,0,0
215,256,216.09656861824865,99992,92,42,5,1,1236,642,0.018781502520201616,54,26,48962,49465,886,465,0,0,0,0,0,0,98262,0,0,8,0,0,0,0,0,0,0,1722,0,0,0,0,0,0
216,256,217.13261057364835,99992,88,45,5,1,1248,649,0.018971517721417714,49,28,48958,49459,899,466,0,0,0,0,0,0,98242,0,0,8,0,0,0,0,0,0,0,1742,0,0,0,0,0,0
217,256,218.16883091476993,99992,89,45,5,1,1259,655,0.0191415313225058,55,30,48948,49451,902,472,0,0,0,0,0,0,98226,0,0,8,0,0,0,0,0,0,0,1758,0,0,0,0,0,0
218,256,219.2051767544741,99992,92,48,5,1,1274,664,0.019381550524041922,52,35,48940,49437,910,478,0,0,0,0,0,0,98208,0,0,8,0,0,0,0,0,0,0,1776,0,0,0,0,0,0
219,256,220.24168830576872,99992,89,47,5,1,1289,671,0.019601568125450036,54,35,48926,49433,925,483,0,0,0,0,0,0,98182,0,0,8,0,0,0,0,0,0,0,1802,0,0,0,0,0,0
220,256,221.27846208949364,99992,87,53,5,1,1298,679,0.019771581726538125,61,37,48913,49425,933,483,0,0,0,0,0,0,98169,0,0,8,0,0,0,0,0,0,0,1815,0,0,0,0,0,0
221,256,222.3154349220002,99992,89,57,5,1,1312,691,0.020031602528202255,62,33,48904,49421,939,487,0,0,0,0,0,0,98150,0,0,9,0,0,0,0,0,0,0,1833,0,0,0,0,0,0
222,256,223.0068364836885,99992,87,57,5,1,1320,698,0.020181614529162333,61,32,48900,49419,946,490,0,0,0,0,0,0,98133,0,0,9,0,0,0,0,0,0,0,1850,0,0,0,0,0,0
223,256,224.0441097776117,99992,95,57,5,1,1342,706,0.020481638531082487,55,31,48887,49414,957,496,0,0,0,0,0,0,98111,0,0,9,0,0,0,0,0,0,0,1872,0,0,0,0,0,0
224,256,225.08157781399268,99992,94,54,5,1,1356,710,0.02066165293223458,65,37,48870,49405,965,502,0,0,0,0,0,0,98089,0,0,9,0,0,0,0,0,0,0,1894,0,0,0,0,0,0
225,256,226.1193292087335,99992,101,55,5,1,1377,718,0.020951676134090727,59,32,48859,49402,975,509,0,0,0,0,0,0,98069,0,0,10,0,0,0,0,0,0,0,1913,0,0,0,0,0,0
226,256,227.15729291719404,99992,102,59,5,1,1389,729,0.021181694535562845,64,27,48846,49399,982,513,0,0,0,0,0,0,98051,0,0,10,0,0,0,0,0,0,0,1931,0,0,0,0,0,0
227,256,228.19549700704107,99992,108,56,5,1,1411,736,0.021471717737418995,61,29,48831,49390,994,523,0,0,0,0,0,0,98026,0,0,11,0,0,0,0,0,0,0,1955,0,0,0,0,0,0
228,256,229.23404249567506,99991,105,48,6,1,1426,743,0.021691952275704814,66,30,48814,49386,1008,534,0,0,0,0,0,0,97993,0,0,11,0,0,0,0,0,0,0,1987,0,0,0,0,0,0
229,256,230.27291269792053,99991,111,43,6,1,1443,749,0.021921972977567983,57,29,48809,49385,1016,541,0,0,0,0,0,0,97971,0,0,11,0,0,0,0,0,0,0,2009,0,0,0,0,0,0
230,256,231.311950791495,99991,109,47,6,1,1458,757,0.02215199367943115,63,31,48795,49376,1026,544,0,0,0,0,0,0,97950,0,0,11,0,0,0,0,0,0,0,2030,0,0,0,0,0,0
231,256,232.00477766522204,99991,113,51,6,1,1472,769,0.02241201708153734,62,24,48787,49373,1031,550,0,0,0,0,0,0,97932,0,0,11,0,0,0,0,0,0,0,2048,0,0,0,0,0,0
232,256,233.0442096843984,99991,113,52,6,1,1488,777,0.022652038683481514,63,24,48771,49368,1046,554,0,0,0,0,0,0,97910,0,0,12,0,0,0,0,0,0,0,2069,0,0,0,0,0,0
233,256,234.0839380939431,99991,115,54,6,1,1507,783,0.022902061185506695,57,22,48761,49367,1060,555,0,0,0,0,0,0,97890,0,0,13,0,0,0,0,0,0,0,2088,0,0,0,0,0,0
234,256,235.12391632989937,99991,117,49,6,1,1518,788,0.023062075586802813,59,22,48751,49366,1066,561,0,0,0,0,0,0,97871,0,0,13,0,0,0,0,0,0,0,2107,0,0,0,0,0,0
235,256,236.31887652762651,99990,127,49,7,1,1548,795,0.023432343234323433,58,29,48724,49357,1083,563,0,0,0,0,0,0,97844,0,0,13,0,0,0,0,0,0,0,2133,0,0,0,0,0,0
236,256,237.01256590910842,99990,131,48,7,1,1560,798,0.023582358235823584,62,36,48712,49347,1087,567,0,0,0,0,0,0,97832,0,0,13,0,0,0,0,0,0,0,2145,0,0,0,0,0,0
237,256,238.05333132503162,99990,130,46,7,1,1578,803,0.023812381238123813,64,41,48695,49339,1103,572,0,0,0,0,0,0,97806,0,0,13,0,0,0,0,0,0,0,2171,0,0,0,0,0,0
238,256,239.09444576746287,99990,110,48,7,1,1585,812,0.023972397239723973,71,42,48684,49331,1127,577,0,0,0,0,0,0,97772,0,0,13,0,0,0,0,0,0,0,2205,0,0,0,0,0,0
239,256,240.13593203769412,99990,113,50,7,1,1604,822,0.02426242624262426,62,41,48680,49323,1137,584,0,0,0,0,0,0,97748,0,0,13,0,0,0,0,0,0,0,2229,0,0,0,0,0,0
240,256,241.17757778441722,99990,112,52,7,1,1621,832,0.02453245324532453,60,41,48668,49313,1152,592,0,0,0,0,0,0,97722,0,0,13,0,0,0,0,0,0,0,2255,0,0,0,0,0,0
241,256,242.21947282471925,99990,108,51,7,1,1631,843,0.02474247424742474,72,42,48657,49302,1155,603,0,0,0,0,0,0,97696,0,0,13,0,0,0,0,0,0,0,2281,0,0,0,0,0,0
242,256,243.26154159934202,99990,119,48,7,1,1658,849,0.025072507250725073,65,43,48643,49296,1165,611,0,0,0,0,0,0,97671,0,0,13,0,0,0,0,0,0,0,2306,0,0,0,0,0,0
243,256,244.30384184936867,99990,117,52,7,1,1673,857,0.025302530253025302,64,52,48632,49279,1179,615,0,0,0,0,0,0,97650,0,0,13,0,0,0,0,0,0,0,2327,0,0,0,0,0,0
244,256,245.34637811480368,99990,109,63,7,1,1689,876,0.025652565256525654,70,49,48614,49264,1199,622,0,0,0,0,0,0,97619,0,0,14,0,0,0,0,0,0,0,2357,0,0,0,0,0,0
245,256,246.04163271142323,99990,108,70,7,1,1696,889,0.02585258525852585,77,47,48604,49255,1203,626,0,0,0,0,0,0,97605,0,0,14,0,0,0,0,0,0,0,2371,0,0,0,0,0,0
246,256,247.08464865086538,99990,111,68,7,1,1716,898,0.026142614261426143,78,49,48588,49246,1215,635,0,0,0,0,0,0,97577,0,0,14,0,0,0,0,0,0,0,2399,0,0,0,0,0,0
247,256,248.12799828762402,99990,106,66,7,1,1731,908,0.026392639263926394,79,48,48577,49240,1230,644,0,0,0,0,0,0,97545,0,0,14,0,0,0,0,0,0,0,2431,0,0,0,0,0,0
248,256,249.17161721569926,99990,103,66,7,1,1752,922,0.02674267426742674,74,41,48566,49236,1249,655,0,0,0,0,0,0,97507,0,0,14,0,0,0,0,0,0,0,2469,0,0,0,0,0,0
249,256,250.21557679951297,99990,119,66,7,1,1777,933,0.027102710271027102,62,39,48559,49231,1252,662,0,0,0,0,0,0,97487,0,0,14,0,0,0,0,0,0,0,2489,0,0,0,0,0,0
250,256,251.25967951727898,99989,114,63,8,1,1790,944,0.027343007730850393,66,37,48549,49222,1262,676,0,0,0,0,0,0,97456,0,0,15,0,0,0,0,0,0,0,2518,0,0,0,0,0,0
251,256,252.30396680521156,99989,117,67,8,1,1810,953,0.027633039634359778,62,33,48536,49218,1276,680,0,0,0,0,0,0,97434,0,0,15,0,0,0,0,0,0,0,2540,0,0,0,0,0,0
252,256,253.0003239812156,99989,109,61,8,1,1814,954,0.027683045134964845,76,38,48526,49213,1280,686,0,0,0,0,0,0,97416,0,0,16,0,0,0,0,0,0,0,2557,0,0,0,0,0,0
253,256,254.04510035329,99989,112,64,8,1,1836,963,0.02799307923871626,73,41,48512,49206,1294,687,0,0,0,0,0,0,97391,0,0,16,0,0,0,0,0,0,0,2582,0,0,0,0,0,0
254,256,255.0901592212571,99989,118,60,8,1,1862,973,0.028353118843072737,66,39,48495,49201,1312,698,0,0,0,0,0,0,97360,0,0,19,0,0,0,0,0,0,0,2610,0,0,0,0,0,0
255,256,256.13560901394794,99989,116,55,8,1,1881,979,0.02860314634609807,55,40,48493,49194,1327,709,0,0,0,0,0,0,97328,0,0,19,0,0,0,0,0,0,0,2642,0,0,0,0,0,0
256,256,257.181240963529,99989,119,55,8,1,1900,989,0.028893178249607458,50,41,48484,49184,1338,718,0,0,0,0,0,0,97303,0,0,20,0,0,0,0,0,0,0,2666,0,0,0,0,0,0
257,256,258.22714603874584,99989,106,46,8,1,1911,993,0.029043194751422658,53,43,48472,49183,1360,726,0,0,0,0,0,0,97266,0,0,20,0,0,0,0,0,0,0,2703,0,0,0,0,0,0
258,256,259.27337604798294,99989,112,59,8,1,1929,1011,0.029403234355779136,49,35,48466,49178,1364,726,0,0,0,0,0,0,97249,0,0,20,0,0,0,0,0,0,0,2720,0,0,0,0,0,0
259,256,260.319728556901,99989,104,62,8,1,1945,1023,0.02968326515916751,55,33,48447,49171,1385,732,0,0,0,0,0,0,97216,0,0,20,0,0,0,0,0,0,0,2753,0,0,0,0,0,0
260,256,261.0175310476171,99989,110,67,8,1,1957,1033,0.029903289361829802,54,30,48439,49164,1388,737,0,0,0,0,0,0,97205,0,0,20,0,0,0,0,0,0,0,2764,0,0,0,0,0,0
261,256,262.0644189839546,99989,111,67,8,1,1970,1043,0.03013331466461311,60,29,48424,49156,1396,746,0,0,0,0,0,0,97184,0,0,21,0,0,0,0,0,0,0,2784,0,0,0,0,0,0
262,256,263.1115036103657,99989,112,57,8,1,1986,1049,0.0303533388672754,57,37,48418,49145,1404,759,0,0,0,0,0,0,97155,0,0,23,0,0,0,0,0,0,0,2811,0,0,0,0,0,0
263,256,264.1587915414298,99989,105,56,8,1,1997,1053,0.0305033553690906,59,37,48408,49143,1419,762,0,0,0,0,0,0,97132,0,0,23,0,0,0,0,0,0,0,2834,0,0,0,0,0,0
264,256,265.20633604976086,99988,106,62,9,1,2012,1066,0.030783694043285195,60,29,48398,49142,1426,765,0,0,0,0,0,0,97111,0,0,23,0,0,0,0,0,0,0,2854,0,0,0,0,0,0
265,256,266.2541011910084,99988,110,62,9,1,2031,1074,0.03105372644717366,55,30,48386,49134,1439,772,0,0,0,0,0,0,97088,0,0,23,0,0,0,0,0,0,0,2877,0,0,0,0,0,0
266,256,267.30215383625773,99988,117,67,9,1,2057,1083,0.031403768452214265,48,37,48369,49121,1456,773,0,0,0,0,0,0,97065,0,0,23,0,0,0,0,0,0,0,2900,0,0,0,0,0,0
267,256,268.0010188628246,99988,112,66,9,1,2064,1087,0.03151378165379846,48,40,48363,49115,1467,777,0,0,0,0,0,0,97048,0,0,23,0,0,0,0,0,0,0,2917,0,0,0,0,0,0
268,256,269.0495476848315,99988,106,69,9,1,2076,1101,0.0317738128575429,56,41,48346,49104,1482,784,0,0,0,0,0,0,97019,0,0,23,0,0,0,0,0,0,0,2946,0,0,0,0,0,0
269,256,270.098373815365,99988,105,70,9,1,2086,1110,0.03196383566027923,64,41,48332,49095,1489,792,0,0,0,0,0,0,97000,0,0,23,0,0,0,0,0,0,0,2965,0,0,0,0,0,0
270,256,271.147481613556,99988,107,66,9,1,2100,1120,0.032203864463735646,67,44,48319,49085,1497,803,0,0,0,0,0,0,96974,0,0,23,0,0,0,0,0,0,0,2991,0,0,0,0,0,0
271,256,272.19678832326656,99988,112,64,9,1,2120,1126,0.0324638956674801,58,49,48314,49077,1506,808,0,0,0,0,0,0,96951,0,0,23,0,0,0,0,0,0,0,3014,0,0,0,0,0,0
272,256,273.2462443684489,99988,105,71,9,1,2131,1143,0.03274392927151258,72,41,48294,49073,1519,813,0,0,0,0,0,0,96923,0,0,23,0,0,0,0,0,0,0,3042,0,0,0,0,0,0
273,256,274.29605366803526,99988,89,70,9,1,2141,1155,0.03296395567468096,75,42,48284,49062,1542,824,0,0,0,0,0,0,96885,0,0,24,0,0,0,0,0,0,0,3079,0,0,0,0,0,0
274,256,275.3462385732718,99988,97,71,9,1,2159,1166,0.033253990478857465,73,35,48271,49058,1549,834,0,0,0,0,0,0,96865,0,0,24,0,0,0,0,0,0,0,3099,0,0,0,0,0,0
275,256,276.04649647211306,99988,103,69,9,1,2170,1169,0.0333940072808737,71,35,48265,49056,1551,838,0,0,0,0,0,0,96855,0,0,24,0,0,0,0,0,0,0,3109,0,0,0,0,0,0
276,256,277.09702254285634,99987,102,63,10,1,2187,1176,0.033634372468420895,74,35,48251,49052,1562,848,0,0,0,0,0,0,96824,0,0,24,0,0,0,0,0,0,0,3139,0,0,0,0,0,0
277,256,278.1478019078735,99986,107,55,11,1,2203,1182,0.033854739663552895,73,38,48239,49046,1569,859,0,0,0,0,0,0,96800,0,0,25,0,0,0,0,0,0,0,3161,0,0,0,0,0,0
278,256,279.1988680973758,99986,109,54,11,1,2225,1190,0.03415478166943372,68,41,48232,49036,1579,867,0,0,0,0,0,0,96771,0,0,25,0,0,0,0,0,0,0,3190,0,0,0,0,0,0
279,256,280.25010177433074,99986,108,60,11,1,2243,1204,0.0344748264757066,69,34,48217,49030,1594,874,0,0,0,0,0,0,96747,0,0,28,0,0,0,0,0,0,0,3211,0,0,0,0,0,0
280,256,281.30165531668626,99986,105,60,11,1,2259,1213,0.034724861480607286,70,35,48205,49021,1608,882,0,0,0,0,0,0,96720,0,0,29,0,0,0,0,0,0,0,3237,0,0,0,0,0,0
281,256,282.0028701841054,99986,114,60,11,1,2274,1220,0.03494489228491989,70,31,48194,49020,1610,887,0,0,0,0,0,0,96707,0,0,29,0,0,0,0,0,0,0,3250,0,0,0,0,0,0
282,256,283.05492692714097,99986,95,62,11,1,2286,1235,0.03521493009021263,75,23,48181,49016,1637,897,0,0,0,0,0,0,96663,0,0,29,0,0,0,0,0,0,0,3294,0,0,0,0,0,0
283,256,284.1073908579895,99986,100,66,11,1,2304,1245,0.035494969295701395,75,26,48172,49005,1641,901,0,0,0,0,0,0,96644,0,0,29,0,0,0,0,0,0,0,3313,0,0,0,0,0,0
284,256,285.1599969260546,99986,111,63,11,1,2331,1253,0.035845018302562356,71,25,48151,49000,1655,910,0,0,0,0,0,0,96617,0,0,29,0,0,0,0,0,0,0,3340,0,0,0,0,0,0
285,256,286.2129500761228,99986,107,59,11,1,2345,1257,0.03602504350609085,76,31,48137,48994,1668,914,0,0,0,0,0,0,96591,0,0,29,0,0,0,0,0,0,0,3366,0,0,0,0,0,0
286,256,287.26619849601394,99986,99,61,11,1,2362,1266,0.03628507991118757,70,32,48133,48987,1686,918,0,0,0,0,0,0,96562,0,0,32,0,0,0,0,0,0,0,3392,0,0,0,0,0,0
287,256,288.3196746888511,99985,99,66,12,1,2378,1276,0.036545481822273344,71,31,48119,48981,1698,920,0,0,0,0,0,0,96541,0,0,32,0,0,0,0,0,0,0,3412,0,0,0,0,0,0
288,256,289.0221530993923,99985,103,64,12,1,2397,1280,0.03677551632744912,63,32,48116,48978,1705,924,0,0,0,0,0,0,96520,0,0,32,0,0,0,0,0,0,0,3433,0,0,0,0,0,0
289,256,290.07601985102644,99983,97,67,13,2,2411,1294,0.037056299570927057,68,27,48105,48975,1716,928,0,0,0,0,0,0,96490,0,0,33,0,0,0,0,0,0,0,3460,0,0,0,0,0,0
290,256,291.0572948463018,99983,109,72,13,2,2435,1310,0.03745636758248903,65,15,48086,48973,1726,937,0,0,0,0,0,0,96467,0,0,33,0,0,0,0,0,0,0,3483,0,0,0,0,0,0
291,256,292.1117692542976,99982,111,63,14,2,2457,1310,0.03767678182072773,64,19,48072,48973,1738,942,0,0,0,0,0,0,96438,0,0,33,0,0,0,0,0,0,0,3511,0,0,0,0,0,0
292,256,293.28948672226926,99982,112,57,14,2,2475,1316,0.03791682502850513,57,27,48072,48960,1744,953,0,0,0,0,0,0,96410,0,0,34,0,0,0,0,0,0,0,3538,0,0,0,0,0,0
293,256,294.3443204506507,99982,113,54,14,2,2490,1323,0.03813686463563441,66,27,48054,48959,1752,957,0,0,0,0,0,0,96386,0,0,34,0,0,0,0,0,0,0,3562,0,0,0,0,0,0
294,256,295.0476877828194,99982,116,52,14,2,2499,1324,0.038236882638874994,68,30,48051,48958,1750,957,0,0,0,0,0,0,96377,0,0,34,0,0,0,0,0,0,0,3571,0,0,0,0,0,0
295,256,296.1028316209144,99982,125,57,14,2,2523,1335,0.03858694565021704,62,28,48040,48953,1758,959,0,0,0,0,0,0,96357,0,0,35,0,0,0,0,0,0,0,3590,0,0,0,0,0,0
296,256,297.1581352646101,99981,121,61,15,2,2541,1346,0.03887738670347366,66,22,48024,48952,1773,962,0,0,0,0,0,0,96329,0,0,36,0,0,0,0,0,0,0,3616,0,0,0,0,0,0
297,256,298.2137829409719,99981,133,55,15,2,2565,1349,0.03914743801322251,55,25,48017,48952,1779,965,0,0,0,0,0,0,96308,0,0,36,0,0,0,0,0,0,0,3637,0,0,0,0,0,0
298,256,299.26961152726574,99981,131,48,15,2,2584,1355,0.039397485522249226,49,30,48009,48943,1795,976,0,0,0,0,0,0,96276,0,0,38,0,0,0,0,0,0,0,3667,0,0,0,0,0,0
299,256,300.3257248000329,99981,122,47,15,2,2596,1366,0.03962752923055381,56,31,47996,48935,1810,984,0,0,0,0,0,0,96245,0,0,40,0,0,0,0,0,0,0,3696,0,0,0,0,0,0
300,256,301.0299872621986,99981,121,48,15,2,2606,1370,0.039767555835608766,56,31,47992,48932,1815,986,0,0,0,0,0,0,96233,0,0,42,0,0,0,0,0,0,0,3706,0,0,0,0,0,0
301,256,302.08648153199834,99981,127,45,15,2,2620,1376,0.039967593842830135,62,37,47978,48924,1817,991,0,0,0,0,0,0,96216,0,0,42,0,0,0,0,0,0,0,3723,0,0,0,0,0,0
302,256,303.1431472305575,99981,119,49,15,2,2637,1389,0.0402676508536622,60,32,47972,48918,1833,998,0,0,0,0,0,0,96183,0,0,43,0,0,0,0,0,0,0,3755,0,0,0,0,0,0
303,256,304.20009051793875,99981,115,52,15,2,2654,1401,0.04055770596413318,60,29,47962,48914,1847,1002,0,0,0,0,0,0,96153,0,0,43,0,0,0,0,0,0,0,3785,0,0,0,0,0,0
304,256,305.25727136816295,99981,111,48,15,2,2668,1409,0.0407777477720767,61,29,47953,48909,1859,1011,0,0,0,0,0,0,96125,0,0,45,0,0,0,0,0,0,0,3811,0,0,0,0,0,0
305,256,306.3146791854741,99981,105,51,15,2,2682,1419,0.041017793380742344,63,35,47943,48900,1873,1011,0,0,0,0,0,0,96098,0,0,45,0,0,0,0,0,0,0,3838,0,0,0,0,0,0
306,256,307.0197721180001,99981,101,57,15,2,2691,1430,0.04121783138796371,62,28,47939,48899,1882,1013,0,0,0,0,0,0,96081,0,0,46,0,0,0,0,0,0,0,3854,0,0,0,0,0,0
307,256,308.07755110168875,99981,103,52,15,2,2711,1433,0.041447875096268294,54,38,47932,48889,1895,1018,0,0,0,0,0,0,96056,0,0,47,0,0,0,0,0,0,0,3878,0,0,0,0,0,0
308,256,309.1355523679338,99981,94,55,15,2,2724,1444,0.041687920704933934,50,34,47926,48884,1914,1024,0,0,0,0,0,0,96028,0,0,49,0,0,0,0,0,0,0,3904,0,0,0,0,0,0
309,256,310.19387162417576,99980,93,59,16,2,2739,1456,0.04195839167833567,45,24,47923,48883,1922,1031,0,0,0,0,0,0,96005,0,0,50,0,0,0,0,0,0,0,3925,0,0,0,0,0,0
310,256,311.2523147773431,99980,91,54,16,2,2754,1461,0.04215843168633727,45,25,47916,48880,1931,1038,0,0,0,0,0,0,95978,0,0,50,0,0,0,0,0,0,0,3952,0,0,0,0,0,0
311,256,312.31096395800495,99980,88,56,16,2,2764,1469,0.04233846769353871,54,28,47910,48872,1931,1041,0,0,0,0,0,0,95959,0,0,50,0,0,0,0,0,0,0,3971,0,0,0,0,0,0
312,256,313.01675178170416,99980,88,53,16,2,2774,1473,0.04247849569913983,50,28,47907,48872,1938,1044,0,0,0,0,0,0,95942,0,0,50,0,0,0,0,0,0,0,3988,0,0,0,0,0,0
313,256,314.07556314210456,99980,89,58,16,2,2787,1483,0.042708541708341666,53,25,47900,48870,1941,1044,0,0,0,0,0,0,95925,0,0,50,0,0,0,0,0,0,0,4005,0,0,0,0,0,0
314,256,315.1344540047755,99980,86,55,16,2,2796,1488,0.04284856971394279,61,29,47893,48863,1943,1050,0,0,0,0,0,0,95906,0,0,51,0,0,0,0,0,0,0,4023,0,0,0,0,0,0
315,256,316.19345019823453,99980,91,56,16,2,2815,1498,0.04313862772554511,56,29,47887,48857,1949,1055,0,0,0,0,0,0,95884,0,0,52,0,0,0,0,0,0,0,4044,0,0,0,0,0,0
316,256,317.25259575334906,99980,93,48,16,2,2835,1501,0.04336867373474695,56,30,47873,48856,1961,1063,0,0,0,0,0,0,95855,0,0,52,0,0,0,0,0,0,0,4073,0,0,0,0,0,0
317,256,318.3120330360901,99980,103,41,16,2,2856,1507,0.04363872774554911,59,33,47862,48850,1959,1073,0,0,0,0,0,0,95831,0,0,52,0,0,0,0,0,0,0,4097,0,0,0,0,0,0
318,256,319.0184145762156,99980,107,44,16,2,2874,1512,0.04386877375475095,48,32,47858,48849,1970,1072,0,0,0,0,0,0,95815,0,0,52,0,0,0,0,0,0,0,4113,0,0,0,0,0,0
319,256,320.07811610711315,99980,103,39,16,2,2883,1517,0.04400880176035207,48,34,47856,48844,1975,1079,1,1,1,1,0,0,95790,0,0,52,0,0,0,0,0,0,2,4136,0,0,0,0,0,0
320,256,321.23029623516464,99980,96,38,16,2,2891,1524,0.04415883176635327,58,33,47841,48841,1986,1083,2,2,2,2,0,0,95766,0,0,53,0,0,0,0,0,0,4,4157,0,0,0,0,0,0
321,256,322.0911713790309,99980,102,41,16,2,2906,1531,0.04437887577515503,53,33,47841,48838,1984,1082,3,3,3,3,0,0,95751,0,0,53,0,0,0,0,0,0,6,4170,0,0,0,0,0,0
322,256,323.06491633480516,99980,98,45,16,2,2922,1541,0.044638927785557114,56,28,47828,48836,1997,1084,4,4,4,4,0,0,95724,0,0,54,0,0,0,0,0,0,8,4194,0,0,0,0,0,0
323,256,324.23601355272905,99980,98,43,16,2,2938,1551,0.04489897979595919,63,25,47814,48833,2003,1091,5,5,5,5,0,0,95695,0,0,55,0,0,0,0,0,0,10,4220,0,0,0,0,0,0
324,256,325.0774342241268,99980,107,35,16,2,2954,1554,0.04508901780356071,57,27,47809,48829,2004,1100,6,6,6,6,0,0,95675,0,0,55,0,0,0,0,0,0,12,4238,0,0,0,0,0,0
325,256,326.21356359741594,99980,105,40,16,2,2969,1565,0.04534906981396279,59,25,47799,48822,2013,1102,7,8,8,7,0,0,95650,0,0,55,0,0,0,0,0,0,14,4260,1,0,0,0,0,0
326,256,327.027878464892,99980,109,38,16,2,2983,1567,0.04550910182036407,53,30,47801,48818,2012,1101,8,10,10,8,0,0,95633,0,0,55,0,0,0,0,0,0,17,4274,1,0,0,0,0,0
327,256,328.0096259766738,99980,115,44,16,2,3001,1575,0.04576915383076615,52,33,47791,48810,2017,1098,8,12,12,9,0,0,95616,0,0,55,0,0,0,0,0,0,20,4288,1,0,0,0,0,0
328,256,329.0164848498008,99980,115,45,16,2,3009,1583,0.04592918583716744,58,34,47780,48798,2021,1105,9,15,15,10,0,0,95597,0,0,55,0,0,0,0,0,0,24,4303,1,0,0,0,0,0
329,256,330.0065220302132,99980,117,42,16,2,3025,1590,0.046159231846369275,61,34,47767,48792,2028,1111,10,18,18,11,0,0,95570,0,0,55,0,0,0,0,0,0,27,4326,2,0,0,0,0,0
330,256,331.00482800249137,99980,115,44,16,2,3040,1597,0.046379275855171036,61,36,47762,48785,2034,1110,11,22,22,12,0,0,95544,0,0,55,0,0,0,0,0,0,31,4347,3,0,0,0,0,0
331,256,332.00087986763174,99980,119,36,16,2,3059,1601,0.046609321864372874,68,41,47740,48776,2044,1117,12,27,27,13,0,0,95511,0,0,55,0,0,0,0,0,0,37,4374,3,0,0,0,0,0
332,256,333.0437615367477,99980,130,45,16,2,3082,1615,0.046979395879175836,65,35,47724,48765,2051,1120,13,32,32,14,0,0,95488,0,0,55,0,0,0,0,0,0,43,4391,3,0,0,0,0,0
333,256,334.1919131643497,99980,121,43,16,2,3088,1618,0.04706941388277656,78,38,47710,48757,2060,1121,14,38,38,15,0,0,95461,0,0,55,0,0,0,0,0,0,50,4411,3,0,0,0,0,0
334,256,335.05587195889666,99979,132,47,17,2,3110,1627,0.04737994978945578,66,41,47702,48741,2067,1123,15,45,45,16,0,0,95437,0,0,55,0,0,0,0,0,0,58,4426,3,0,0,0,0,0
335,256,336.0731907936999,99979,115,43,17,2,3118,1629,0.04747997079386671,72,44,47698,48733,2081,1124,16,53,53,17,0,0,95398,0,0,56,0,0,0,0,0,0,67,4455,3,0,0,0,0,0
336,256,337.0158440852597,99979,115,48,17,2,3134,1636,0.04771001910401184,67,42,47698,48722,2085,1123,17,62,62,18,0,0,95371,0,0,56,0,0,0,0,0,0,76,4472,4,0,0,0,0,0
337,256,338.0555775815196,99979,111,59,17,2,3149,1653,0.04803008631812681,70,34,47687,48707,2096,1125,18,72,72,19,0,0,95337,0,0,57,0,0,0,0,0,0,86,4494,5,0,0,0,0,0
338,256,339.04454864240927,99979,120,64,17,2,3175,1668,0.048440172436211605,62,39,47678,48684,2103,1128,19,82,83,20,0,0,95299,0,0,58,0,0,0,0,0,0,98,4519,5,0,0,0,0,0
339,256,340.0429028781559,99979,118,59,17,2,3189,1675,0.04865021654547455,61,42,47670,48663,2113,1140,20,93,95,21,0,0,95258,0,0,58,0,0,0,0,0,0,111,4547,5,0,0,0,0,0
340,256,341.00598016670585,99979,112,62,17,2,3204,1685,0.04890026905650187,57,43,47662,48644,2130,1142,21,106,108,22,0,0,95218,0,0,59,0,0,0,0,0,0,124,4572,6,0,0,0,0,0
341,256,342.1322790268353,99979,117,58,17,2,3226,1695,0.04922033627061683,62,42,47646,48627,2134,1152,23,118,122,24,0,0,95172,0,0,60,0,0,0,0,0,0,140,4601,6,0,0,0,0,0
342,256,343.19631641578644,99979,119,65,17,2,3242,1706,0.04949039298252633,61,43,47634,48603,2143,1154,25,132,137,26,0,0,95140,0,0,62,0,0,0,0,0,0,156,4614,7,0,0,0,0,0
343,256,344.2605696302794,99979,113,64,17,2,3258,1715,0.049740445493553644,70,47,47615,48580,2157,1157,27,149,154,28,0,0,95090,0,0,63,0,0,0,0,0,0,175,4644,7,0,0,0,0,0
344,256,345.3251754061108,99979,123,64,17,2,3278,1722,0.050010502205463145,66,45,47605,48564,2161,1158,27,166,172,30,0,0,95057,0,0,64,0,0,0,0,0,0,192,4656,10,0,0,0,0,0
345,256,346.0350409570098,99979,128,60,17,2,3294,1728,0.050230548415167185,60,44,47595,48544,2170,1164,29,185,192,32,0,0,95014,0,0,64,0,0,0,0,0,0,214,4677,10,0,0,0,0,0
346,256,347.1001228432338,99979,121,64,17,2,3307,1740,0.050480600926194504,65,39,47579,48524,2186,1165,31,205,213,34,0,0,94966,0,0,66,0,0,0,0,0,0,236,4700,11,0,0,0,0,0
347,256,348.1655999853959,99979,118,59,17,2,3325,1746,0.05072065133678073,58,42,47574,48497,2198,1172,34,227,236,37,0,0,94910,0,0,67,0,0,0,0,0,0,261,4729,12,0,0,0,0,0
348,256,349.2313167653087,99979,116,62,17,2,3343,1758,0.051020714350013506,60,41,47558,48467,2211,1177,37,250,260,40,0,0,94856,0,0,69,0,0,0,0,0,0,288,4754,12,0,0,0,0,0
349,256,350.297379800132,99979,113,70,17,2,3362,1773,0.05136078576501065,69,39,47534,48433,2226,1180,40,275,286,43,0,0,94801,0,0,71,0,0,0,0,0,0,316,4778,13,0,0,0,0,0
350,256,351.0082900012528,99979,113,76,17,2,3375,1783,0.05159083407515578,67,40,47523,48398,2236,1180,43,303,314,46,0,0,94754,0,0,71,0,0,0,0,0,0,346,4794,14,0,0,0,0,0
351,256,352.0749680349241,99979,111,68,17,2,3389,1791,0.05181088028485982,75,37,47512,48369,2237,1191,47,332,343,50,0,0,94694,0,0,72,0,0,0,0,0,0,375,4820,18,0,0,0,0,0
352,256,353.1419172834851,99979,116,68,17,2,3415,1802,0.05218095800118025,67,38,47497,48333,2251,1196,51,362,374,54,0,0,94629,0,0,73,0,0,0,0,0,0,409,4849,19,0,0,0,0,0
353,256,354.209218744496,99979,115,61,17,2,3432,1809,0.05242100841176647,72,42,47483,48301,2258,1199,54,394,407,58,0,0,94563,0,0,74,0,0,0,0,0,0,444,4877,21,0,0,0,0,0
354,256,355.27685231496923,99979,111,57,17,2,3445,1815,0.05261104832014723,83,40,47463,48267,2266,1205,59,428,442,63,0,0,94498,0,0,75,0,0,0,0,0,0,483,4901,22,0,0,0,0,0
355,256,356.3448344913465,99979,116,60,17,2,3463,1824,0.05288110503205673,75,45,47458,48225,2269,1203,64,464,479,68,0,0,94440,0,0,75,0,0,0,0,0,0,522,4917,25,0,0,0,0,0
356,256,357.05690142401403,99979,112,62,17,2,3472,1832,0.05305114073955531,77,43,47448,48187,2276,1202,69,503,518,73,0,0,94379,0,0,76,0,0,0,0,0,0,565,4933,26,0,0,0,0,0
357,256,358.1252654283071,99979,108,63,17,2,3487,1843,0.053311195351023716,78,46,47428,48135,2294,1211,74,542,559,79,0,0,94304,0,0,76,0,0,0,0,0,0,611,4961,27,0,0,0,0,0
358,256,359.19404940084155,99979,109,64,17,2,3506,1853,0.0536012562638154,76,49,47419,48083,2298,1217,80,584,602,85,0,0,94231,0,0,78,0,0,0,0,0,0,659,4983,28,0,0,0,0,0
359,256,360.2630957165156,99979,105,66,17,2,3524,1870,0.05395132977925364,75,41,47406,48038,2310,1227,86,625,647,91,0,0,94146,0,0,80,0,0,0,0,0,0,709,5015,29,0,0,0,0,0
360,256,361.3324559303085,99979,118,68,17,2,3548,1882,0.054311405395132975,74,39,47392,47989,2305,1230,93,671,695,98,0,0,94075,0,0,80,0,0,0,0,0,0,759,5031,34,0,0,0,0,0
361,256,362.0454927581272,99979,120,69,17,2,3560,1891,0.05452144950439592,76,35,47381,47939,2306,1233,99,721,745,105,0,0,94007,0,0,80,0,0,0,0,0,0,809,5042,41,0,0,0,0,0
362,256,363.1152980039244,99979,123,62,17,2,3580,1897,0.054781504115864334,81,39,47355,47888,2316,1240,107,768,797,113,0,0,93919,0,0,80,0,0,0,0,0,0,867,5070,43,0,0,0,0,0
363,256,364.1856503183188,99979,121,70,17,2,3599,1911,0.05511157343042039,83,38,47337,47826,2327,1244,114,819,852,121,0,0,93834,0,0,80,0,0,0,0,0,0,925,5092,48,0,0,0,0,0
364,256,365.2563251107364,99978,118,73,18,2,3612,1923,0.0553621796795295,85,38,47323,47768,2332,1245,123,873,909,130,0,0,93744,0,0,80,0,0,0,0,0,0,990,5115,49,0,0,0,0,0
365,256,366.32729337320615,99978,126,67,18,2,3633,1933,0.0556722478945368,76,39,47313,47710,2334,1254,132,927,968,139,0,0,93652,0,0,81,0,0,0,0,0,0,1054,5138,53,0,0,0,0,0
366,256,367.041438670933,99978,119,66,18,2,3642,1938,0.05581227870131429,81,41,47293,47652,2346,1251,142,987,1030,149,0,0,93565,0,0,82,0,0,0,0,0,0,1120,5152,59,0,0,0,0,0
367,256,368.1130878791082,99976,125,71,20,2,3669,1952,0.05622349363847323,68,36,47283,47588,2350,1256,153,1046,1094,160,0,0,93462,0,0,82,0,0,0,0,0,0,1193,5178,61,0,0,0,0,0
368,256,369.18506482736984,99976,124,65,20,2,3691,1959,0.05651356325518125,65,37,47264,47521,2362,1263,164,1111,1161,171,0,0,93353,0,0,85,0,0,0,0,0,0,1269,5206,63,0,0,0,0,0
369,256,370.25755524384095,99976,130,58,20,2,3712,1963,0.0567636232695847,61,48,47247,47451,2365,1264,176,1176,1231,183,0,0,93255,0,0,85,0,0,0,0,0,0,1341,5222,73,0,0,0,0,0
370,256,371.3303802955432,99976,121,59,20,2,3727,1972,0.05700368088341202,56,45,47231,47379,2384,1267,187,1247,1303,195,0,0,93143,0,0,85,1,0,0,0,0,0,1423,5249,75,0,0,0,0,0
371,256,372.04588398517006,99976,124,67,20,2,3736,1987,0.057243738497239335,57,35,47214,47308,2384,1269,200,1318,1378,208,0,0,93046,0,0,85,1,0,0,0,0,0,1507,5258,79,0,0,0,0,0
372,256,373.1196027334312,99976,124,66,20,2,3757,1996,0.05754381051452349,61,37,47183,47230,2397,1276,214,1388,1456,222,0,0,92926,0,0,87,1,0,0,0,0,0,1598,5284,80,0,0,0,0,0
373,256,374.19395964860604,99976,116,68,20,2,3771,2004,0.05776386332719853,70,34,47158,47159,2407,1274,228,1462,1536,236,0,0,92812,0,0,90,1,0,0,0,0,0,1687,5301,85,0,0,0,0,0
374,256,375.26887526217104,99976,123,67,20,2,3796,2013,0.05810394494678723,61,35,47136,47086,2416,1273,243,1536,1619,251,0,0,92690,0,0,91,1,0,0,0,0,0,1782,5324,88,0,0,0,0,0
375,256,376.34428265391034,99975,122,73,21,2,3812,2028,0.05841460365091273,70,29,47100,47002,2428,1274,258,1619,1705,267,0,0,92568,0,0,91,1,0,0,0,0,0,1878,5343,94,0,0,0,0,0
376,256,377.0616208014816,99975,130,77,21,2,3828,2034,0.05863465866466617,72,31,47075,46918,2426,1269,275,1702,1794,284,0,0,92456,0,0,91,1,0,0,0,0,0,1980,5349,98,0,0,0,0,0
377,256,378.1382142852451,99975,121,69,21,2,3840,2039,0.05880470117529382,75,34,47054,46835,2438,1271,290,1788,1885,302,0,0,92318,0,0,93,1,0,0,0,0,0,2086,5376,101,0,0,0,0,0
378,256,379.2153313008266,99975,129,68,21,2,3865,2046,0.05912478119529883,72,36,47031,46742,2439,1275,307,1876,1979,320,0,0,92183,0,0,94,1,0,0,0,0,0,2197,5398,102,0,0,0,0,0
379,256,380.29297426104785,99975,132,66,21,2,3890,2055,0.05946486621655414,69,38,47005,46648,2447,1281,325,1964,2076,339,0,0,92040,0,0,96,1,0,0,0,0,0,2309,5423,106,0,0,0,0,0
380,256,381.01170635517934,99975,130,61,21,2,3900,2062,0.059634908727181794,65,36,46992,46554,2448,1286,343,2060,2176,359,0,0,91903,0,0,96,1,0,0,0,0,0,2422,5440,113,0,0,0,0,0
381,256,382.09036284942755,99975,127,72,21,2,3918,2073,0.05992498124531133,72,36,46963,46456,2456,1279,360,2154,2279,380,0,0,91766,0,0,97,1,0,0,0,0,0,2539,5452,120,0,0,0,0,0
382,256,383.1695521427685,99975,128,69,21,2,3938,2084,0.06023505876469117,76,39,46923,46348,2469,1286,382,2255,2385,402,0,0,91610,0,0,97,1,0,0,0,0,0,2662,5480,125,0,0,0,0,0
383,256,384.24955908308095,99974,129,74,22,2,3956,2103,0.06060575749694921,84,34,46883,46240,2478,1292,403,2357,2494,425,0,0,91453,0,0,100,1,0,0,0,0,0,2791,5501,128,0,0,0,0,0
384,256,385.330350665171,99974,136,78,22,2,3980,2116,0.06097585372196771,80,33,46848,46133,2489,1289,424,2464,2606,449,0,0,91299,0,0,100,1,0,0,0,0,0,2919,5519,136,0,0,0,0,0
385,256,386.0513043686699,99974,143,69,22,2,3998,2120,0.06119591093684358,69,34,46824,46027,2492,1297,449,2570,2721,474,0,0,91142,0,0,100,1,0,0,0,0,0,3052,5536,143,0,0,0,0,0
386,256,387.13350055168314,99974,141,69,22,2,4016,2129,0.061465981155100324,72,31,46791,45919,2498,1298,475,2680,2839,500,0,0,90975,0,0,101,1,0,0,0,0,0,3191,5558,148,0,0,0,0,0
387,256,388.2164656277226,99974,144,67,22,2,4035,2140,0.0617660591753856,65,29,46762,45807,2505,1302,501,2792,2960,527,0,0,90804,0,0,102,1,0,0,0,0,0,3334,5580,153,0,0,0,0,0
388,256,389.30016495955067,99974,146,60,22,2,4053,2145,0.06199611899093764,74,29,46722,45694,2509,1308,526,2906,3084,555,0,0,90633,0,0,106,1,0,0,0,0,0,3481,5595,158,0,0,0,0,0
389,256,390.02310044657946,99974,147,64,22,2,4069,2154,0.062246184007842036,72,31,46690,45570,2515,1308,553,3024,3211,584,0,0,90472,0,0,107,1,0,0,0,0,0,3623,5599,172,0,0,0,0,0
390,256,391.10841764834237,99973,141,57,23,2,4095,2162,0.0625868984625849,64,32,46650,45452,2538,1312,583,3144,3341,614,0,0,90277,0,0,112,1,0,0,0,0,0,3776,5628,179,0,0,0,0,0
391,256,392.19477709891606,99973,137,61,23,2,4115,2174,0.0629069848859192,73,31,46605,45327,2549,1309,612,3269,3474,645,0,0,90092,0,0,112,2,0,0,0,0,0,3930,5649,188,0,0,0,0,0
392,256,393.28213848354375,99973,139,64,23,2,4132,2183,0.06316705510487831,78,34,46562,45201,2553,1305,644,3393,3610,678,0,0,89910,0,0,112,2,0,0,0,0,0,4091,5662,196,0,0,0,0,0
393,256,394.007550671921,99973,135,62,23,2,4147,2188,0.06336710911946225,76,38,46521,45072,2566,1302,678,3523,3749,712,0,0,89720,0,0,113,2,0,0,0,0,0,4256,5678,204,0,0,0,0,0
394,256,395.09680893798173,99973,131,63,23,2,4172,2198,0.06371720364498415,72,39,46482,44936,2581,1304,710,3655,3891,747,0,0,89513,0,0,114,2,0,0,0,0,0,4426,5707,211,0,0,0,0,0
395,256,396.1870963269321,99973,137,63,23,2,4196,2210,0.06407730087123524,67,36,46436,44800,2591,1308,745,3790,4036,783,0,0,89310,0,0,115,2,0,0,0,0,0,4600,5728,218,0,0,0,0,0
396,256,397.27843414523295,99973,136,61,23,2,4212,2219,0.06432736838946515,67,36,46394,44667,2598,1311,781,3922,4184,821,0,0,89110,0,0,115,2,0,0,0,0,0,4772,5742,232,0,0,0,0,0
397,256,398.00655037983137,99973,137,63,23,2,4224,2225,0.0645074170025907,72,39,46344,44519,2605,1306,818,4070,4335,860,0,0,88918,0,0,118,2,0,0,0,0,0,4952,5741,242,0,0,0,0,0
398,256,399.09997416875814,99973,137,61,23,2,4245,2230,0.06476748722154982,72,49,46295,44376,2616,1304,856,4207,4489,900,0,0,88706,0,0,118,3,0,0,0,0,0,5137,5759,250,0,0,0,0,0
399,256,400.1945615163646,99973,142,73,23,2,4269,2250,0.06520760605363449,77,38,46242,44237,2619,1299,896,4350,4645,942,0,0,88496,0,0,119,3,0,0,0,0,0,5321,5770,264,0,0,0,0,0
400,256,401.29033339977207,99972,138,70,24,2,4294,2259,0.06554835353899091,68,41,46198,44099,2634,1300,937,4487,4804,985,0,0,88269,0,0,122,3,0,0,0,0,0,5510,5791,277,0,0,0,0,0
401,256,402.0214447383304,99972,129,71,24,2,4307,2268,0.06576841515624375,70,38,46149,43944,2647,1303,980,4641,4966,1030,0,0,88045,0,0,124,3,0,0,0,0,0,5706,5806,288,0,0,0,0,0
402,256,403.1195307684553,99972,133,74,24,2,4331,2281,0.06613851878525988,66,37,46106,43792,2651,1303,1019,4791,5131,1076,0,0,87817,0,0,125,4,0,0,0,0,0,5906,5822,298,0,0,0,0,0
403,256,404.2187139437958,99972,135,79,24,2,4352,2294,0.06647861401192334,73,32,46054,43644,2653,1302,1060,4940,5299,1123,0,0,87586,0,0,125,5,0,0,0,0,0,6111,5838,307,0,0,0,0,0
404,256,405.31899267896097,99972,119,74,24,2,4371,2302,0.06674868963309727,69,37,46008,43495,2676,1302,1103,5089,5470,1172,0,0,87332,0,0,126,5,0,0,0,0,0,6318,5871,320,0,0,0,0,0
405,256,406.0532121734424,99972,123,68,24,2,4387,2307,0.06695874844956588,64,41,45959,43332,2680,1304,1149,5252,5644,1222,0,0,87098,0,0,127,5,0,0,0,0,0,6530,5880,332,0,0,0,0,0
406,256,407.15603834516,99972,113,68,24,2,4399,2317,0.06717881006681871,76,45,45900,43168,2687,1302,1199,5414,5820,1274,0,0,86858,0,0,127,6,0,0,0,0,0,6739,5892,350,0,0,0,0,0
407,256,408.2602067646151,99972,114,68,24,2,4416,2327,0.06744888568799264,78,41,45843,43024,2691,1298,1249,5566,5999,1328,0,0,86620,0,0,128,7,0,0,0,0,0,6953,5896,368,0,0,0,0,0
408,256,409.36570419828337,99972,123,68,24,2,4439,2341,0.06781898931700876,81,34,45784,42864,2689,1302,1298,5729,6181,1383,0,0,86366,0,0,130,7,0,0,0,0,0,7181,5911,377,0,0,0,0,0
409,256,410.1034775631576,99971,119,67,25,2,4454,2348,0.06803973152214142,76,31,45737,42693,2691,1302,1351,5904,6365,1440,0,0,86116,0,0,130,7,0,0,0,0,0,7404,5919,395,0,0,0,0,0
410,256,411.21158463876674,99971,129,59,25,2,4474,2354,0.06829980694401376,76,31,45680,42535,2686,1305,1403,6067,6552,1498,0,0,85858,0,0,130,7,0,0,0,0,0,7638,5932,406,0,0,0,0,0
411,256,412.32100777284836,99971,124,57,25,2,4493,2360,0.06854987946504486,73,28,45627,42371,2692,1305,1458,6236,6741,1558,0,0,85595,0,0,132,7,0,0,0,0,0,7871,5944,422,0,0,0,0,0
412,256,413.0614272603553,99971,119,60,25,2,4507,2367,0.06875994038271098,78,25,45562,42195,2702,1300,1513,6417,6933,1620,0,0,85328,0,0,132,8,0,0,0,0,0,8116,5957,430,0,0,0,0,0
413,256,414.17372218277603,99971,125,60,25,2,4535,2374,0.06911004191215453,69,27,45500,42022,2711,1301,1569,6587,7127,1683,0,0,85057,0,0,131,10,0,0,0,0,0,8359,5972,442,0,0,0,0,0
414,256,415.28763422068397,99971,127,61,25,2,4550,2383,0.06935011153234438,81,28,45431,41857,2709,1293,1626,6758,7324,1748,0,0,84800,0,0,129,12,0,0,0,0,0,8595,5969,466,0,0,0,0,0
415,256,416.0310670944902,99971,124,63,25,2,4565,2390,0.06957017535085175,84,28,45365,41675,2713,1289,1688,6942,7523,1815,0,0,84531,0,0,128,13,0,0,0,0,0,8841,5973,485,0,0,0,0,0
416,256,417.1481714734084,99971,129,56,25,2,4592,2399,0.06993027978113653,85,28,45288,41500,2720,1296,1752,7117,7725,1884,0,0,84237,0,0,128,13,0,0,0,0,0,9097,5996,500,0,0,0,0,0
417,256,418.2670066665926,99971,134,61,25,2,4619,2409,0.07030038711226255,82,31,45220,41311,2726,1292,1812,7302,7929,1954,0,0,83959,0,0,130,13,0,0,0,0,0,9350,5998,521,0,0,0,0,0
418,256,419.0138299050006,99970,136,58,25,3,4636,2415,0.07053115934780434,77,35,45152,41118,2729,1296,1880,7489,8135,2026,0,0,83669,0,0,132,13,0,0,0,0,0,9618,6007,531,0,0,0,0,0
419,256,420.13605864938194,99970,153,62,25,3,4665,2429,0.07096128838651596,98,58,45054,40908,2725,1295,1944,7673,8343,2100,0,0,83380,7,1,133,13,0,0,0,0,0,9886,6006,544,0,0,0,0,0
420,256,421.40090160581406,99970,153,72,25,3,4693,2450,0.07145143543062919,104,51,44976,40740,2730,1293,2011,7840,8554,2176,0,0,83077,43,2,135,13,0,0,0,0,0,10152,5984,564,0,0,0,0,0
421,256,422.2452746518171,99970,148,79,25,3,4709,2467,0.0717815344603381,111,47,44895,40541,2740,1294,2080,8035,8767,2253,0,0,82776,73,2,136,13,0,0,0,0,0,10423,5964,583,0,0,0,0,0
422,256,423.0911290058868,99970,150,83,25,3,4732,2480,0.07214164249274782,115,53,44808,40334,2749,1296,2152,8230,8982,2332,0,0,82471,100,4,135,15,0,0,0,0,0,10699,5949,597,0,0,0,0,0
423,256,424.36263153023737,99969,145,84,26,3,4762,2495,0.0725925036761396,128,60,44725,40147,2759,1296,2216,8409,9199,2413,0,0,82147,144,5,138,15,0,0,0,0,0,10977,5927,616,0,0,0,0,0
424,256,425.2115383038139,99969,145,77,26,3,4781,2503,0.07286258740209466,137,67,44641,39946,2760,1302,2290,8604,9418,2496,0,0,81829,174,6,140,16,0,0,0,0,0,11264,5911,629,0,0,0,0,0
425,256,426.0619631261976,99969,148,75,26,3,4801,2511,0.073142674229011,143,71,44553,39749,2766,1295,2363,8806,9639,2581,0,0,81523,200,6,140,17,0,0,0,0,0,11544,5885,654,0,0,0,0,0
426,256,427.3403641212894,99969,164,88,26,3,4847,2535,0.07384289129630185,141,59,44448,39561,2779,1298,2441,8990,9861,2668,0,0,81192,239,6,142,17,0,0,0,0,0,11836,5866,671,0,0,0,0,0
427,256,428.1941328908253,99969,177,92,26,3,4879,2549,0.07430303394052157,145,62,44345,39356,2782,1299,2524,9187,10085,2757,0,0,80868,264,9,143,17,0,0,0,0,0,12132,5851,685,0,0,0,0,0
428,256,429.04978153329347,99968,184,94,27,3,4907,2559,0.07468389884763124,140,70,44252,39156,2788,1293,2608,9383,10311,2848,0,0,80545,290,11,143,17,0,0,0,0,0,12426,5830,706,0,0,0,0,0
429,256,430.33627518216986,99968,193,93,27,3,4951,2580,0.07533410691421255,147,65,44142,38970,2799,1301,2691,9567,10539,2941,0,0,80191,337,18,144,19,0,0,0,0,0,12726,5815,718,0,0,0,0,0
430,256,431.1956312147032,99968,205,103,27,3,4989,2595,0.07586427656850192,138,59,44043,38772,2812,1295,2774,9767,10768,3035,0,0,79860,362,22,144,21,0,0,0,0,0,13028,5798,733,0,0,0,0,0
431,256,432.05685160958006,99967,212,102,27,4,5016,2608,0.07626516750527675,141,68,43938,38559,2820,1297,2861,9969,10999,3131,0,0,79525,388,28,145,21,0,0,0,0,0,13330,5778,752,0,0,0,0,0
432,256,433.35211949043907,99967,217,106,27,4,5061,2630,0.07693538867826383,159,65,43818,38360,2837,1297,2941,10167,11231,3229,0,0,79164,438,34,146,22,0,0,0,0,0,13635,5758,770,0,0,0,0,0
433,256,434.21739770188407,99967,225,105,27,4,5095,2640,0.07737553392619564,176,74,43697,38149,2844,1300,3030,10367,11464,3329,0,0,78822,468,35,149,25,0,0,0,0,0,13946,5734,788,0,0,0,0,0
434,256,435.0848473081144,99967,240,113,27,4,5141,2660,0.07803575179809337,165,70,43585,37957,2865,1295,3117,10560,11699,3431,0,0,78471,506,39,149,26,0,0,0,0,0,14255,5710,811,0,0,0,0,0
435,256,436.3898577490069,99967,243,114,27,4,5186,2688,0.07876599277761662,185,62,43453,37766,2888,1308,3203,10745,11935,3535,0,0,78099,561,49,152,27,0,0,0,0,0,14562,5684,833,0,0,0,0,0
436,256,437.261921752614,99967,255,110,27,4,5228,2704,0.07934618424079946,183,69,43343,37545,2897,1321,3294,10950,12172,3641,0,0,77738,603,57,152,27,0,0,0,0,0,14873,5660,857,0,0,0,0,0
437,256,438.1360240462247,99967,259,113,27,4,5266,2719,0.07987635919853552,185,73,43223,37335,2914,1324,3391,11150,12410,3749,0,0,77367,642,62,153,27,0,0,0,0,0,15199,5645,872,0,0,0,0,0
438,256,439.0124668581297,99966,265,117,28,4,5306,2737,0.0804573555008703,179,78,43108,37130,2930,1326,3489,11344,12650,3859,0,0,76997,682,67,155,27,0,0,0,0,0,15523,5622,893,0,0,0,0,0
439,256,440.33129348516513,99965,271,114,29,4,5360,2765,0.08127844745660981,178,74,42972,36932,2961,1347,3588,11528,12891,3971,0,0,76589,751,75,155,28,0,0,0,0,0,15853,5607,907,0,0,0,0,0
440,256,441.2127646716396,99965,273,120,29,4,5394,2783,0.08179862952033212,191,76,42831,36720,2982,1350,3693,11729,13133,4085,0,0,76208,790,78,157,28,0,0,0,0,0,16192,5591,921,0,0,0,0,0
441,256,442.09692737085834,99965,284,121,29,4,5438,2798,0.08238883609263242,190,81,42698,36509,2999,1348,3799,11936,13375,4201,0,0,75826,832,82,157,29,0,0,0,0,0,16528,5573,938,0,0,0,0,0
442,256,443.4278515799539,99965,281,124,29,4,5499,2818,0.08319911969189216,199,94,42557,36320,3034,1346,3899,12111,13618,4319,0,0,75426,894,96,162,29,0,0,0,0,0,16852,5545,961,0,0,0,0,0
443,256,444.31745283235705,99965,300,129,29,4,5552,2836,0.08390936827889761,189,92,42422,36115,3051,1345,4008,12314,13862,4439,0,0,75045,932,102,163,31,0,0,0,0,0,17189,5523,980,0,0,0,0,0
444,256,445.20987171515674,99965,304,140,29,4,5596,2864,0.0846296203671285,186,80,42286,35910,3077,1349,4117,12516,14107,4561,0,0,74652,977,109,168,31,0,0,0,0,0,17530,5499,999,0,0,0,0,0
445,256,446.10503963455267,99965,299,142,29,4,5635,2886,0.08523983394187966,193,86,42147,35681,3104,1357,4227,12729,14352,4685,0,0,74253,1028,118,171,32,0,0,0,0,0,17869,5475,1019,0,0,0,0,0
446,256,447.0031038198923,99965,303,145,29,4,5678,2905,0.08586005101785625,211,83,41995,35477,3127,1359,4334,12931,14598,4811,0,0,73864,1070,128,174,32,0,0,0,0,0,18206,5447,1044,0,0,0,0,0
447,256,448.35556228878016,99965,302,136,29,4,5740,2932,0.08675036262691942,211,90,41856,35292,3164,1377,4437,13100,14845,4938,0,0,73441,1150,137,182,33,0,0,0,0,0,18539,5408,1075,0,0,0,0,0
448,256,449.2597370087542,99965,302,134,29,4,5782,2944,0.08729055169309258,210,99,41724,35091,3190,1379,4544,13292,15092,5067,0,0,73037,1193,147,184,34,0,0,0,0,0,18890,5391,1089,0,0,0,0,0
449,256,450.1667503782371,99964,302,133,30,4,5827,2964,0.087941658997239,210,97,41585,34879,3217,1389,4655,13497,15339,5198,0,0,72632,1246,153,190,34,0,0,0,0,0,19235,5358,1116,0,0,0,0,0
450,256,451.07679903361685,99963,303,143,31,4,5873,2986,0.08862279043246,212,96,41438,34673,3241,1385,4774,13698,15587,5331,0,0,72231,1286,166,193,34,0,0,0,0,0,19582,5334,1137,0,0,0,0,0
451,256,452.4473744371376,99961,320,155,33,4,5949,3022,0.08974500055021459,215,97,41281,34478,3261,1394,4889,13871,15835,5466,0,0,71813,1342,187,196,35,0,0,0,0,0,19921,5308,1159,0,0,0,0,0
452,256,453.36370286071775,99961,342,155,33,4,6009,3046,0.09058532827802843,216,103,41126,34254,3277,1402,5005,14081,16083,5603,0,0,71405,1390,200,196,36,0,0,0,0,0,20268,5283,1183,0,0,0,0,0
453,256,454.28329023408355,99961,344,168,33,4,6064,3079,0.09146567161192866,215,92,40976,34055,3308,1407,5123,14273,16332,5742,0,0,70986,1438,223,197,37,0,0,0,0,0,20616,5265,1199,0,0,0,0,0
454,256,455.2061461391411,99961,351,170,33,4,6120,3099,0.09222596812756975,201,100,40830,33835,3344,1414,5240,14476,16581,5882,0,0,70562,1490,234,201,37,0,0,0,0,0,20977,5244,1216,0,0,0,0,0
455,256,456.1323605744015,99961,361,163,33,4,6165,3118,0.09286621782495173,221,113,40671,33624,3358,1425,5355,14670,16830,6024,0,0,70143,1539,244,202,38,0,0,0,0,0,21337,5222,1236,0,0,0,0,0
456,256,457.06189653383564,99961,352,164,33,4,6215,3140,0.09358649873450646,223,117,40517,33402,3401,1429,5473,14883,17079,6168,0,0,69712,1597,263,203,40,0,0,0,0,0,21691,5201,1254,0,0,0,0,0
457,256,458.4624250834863,99961,366,170,33,4,6300,3178,0.09481697862166245,242,120,40338,33231,3441,1439,5579,15035,17328,6314,0,0,69282,1664,292,205,43,0,0,0,0,0,22023,5167,1285,0,0,0,0,0
458,256,459.3993426956972,99961,371,181,33,4,6356,3209,0.09568731805404107,255,123,40173,33013,3463,1447,5704,15231,17577,6461,0,0,68860,1713,310,206,46,0,0,0,0,0,22378,5143,1305,0,0,0,0,0
459,256,460.3398654740349,99961,393,193,33,4,6421,3247,0.09671771991076519,247,114,40015,32808,3487,1459,5824,15421,17825,6610,0,0,68427,1767,322,209,46,0,0,0,0,0,22745,5122,1323,0,0,0,0,0
460,256,461.2838652760279,99960,403,209,34,4,6478,3277,0.0975890356142457,253,114,39851,32596,3508,1458,5950,15618,18073,6761,0,0,68017,1804,336,216,47,0,0,0,0,0,23102,5089,1349,0,0,0,0,0
461,256,462.23155171505323,99960,409,214,34,4,6535,3307,0.0984593837535014,252,121,39704,32389,3527,1471,6073,15800,18321,6913,0,0,67583,1856,354,219,48,0,0,0,0,0,23464,5068,1368,0,0,0,0,0
462,256,463.182639992444,99960,400,224,34,4,6585,3340,0.09928971588635455,289,120,39523,32178,3556,1480,6197,15993,18569,7067,0,0,67150,1911,375,222,50,0,0,0,0,0,23820,5041,1391,0,0,0,0,0
463,256,464.13767728500534,99960,410,235,34,4,6649,3368,0.10021008403361345,299,123,39350,31973,3579,1480,6327,16184,18816,7223,0,0,66729,1963,390,225,51,0,0,0,0,0,24174,5004,1424,0,0,0,0,0
464,256,465.09672093713135,99960,433,225,34,4,6720,3392,0.10116046418567427,291,129,39201,31774,3587,1501,6453,16366,19063,7380,0,0,66299,2019,415,225,52,0,0,0,0,0,24523,4974,1453,0,0,0,0,0
465,256,466.05947338164935,99960,444,216,34,4,6789,3422,0.10215086034413766,290,130,39022,31561,3618,1526,6591,16562,19310,7539,0,0,65860,2078,446,230,54,0,0,0,0,0,24872,4943,1477,0,0,0,0,0
466,256,467.0262427207607,99960,433,197,34,4,6851,3443,0.1029811924769908,298,145,38857,31361,3661,1552,6716,16740,19556,7699,0,0,65411,2154,477,232,57,0,0,0,0,0,25213,4908,1508,0,0,0,0,0
467,256,468.4837791276097,99960,457,197,34,4,6968,3499,0.10471188475390156,283,132,38687,31174,3715,1594,6823,16898,19801,7861,0,0,64943,2242,526,239,60,0,0,0,0,0,25543,4873,1534,0,0,0,0,0
468,256,469.4590592816802,99960,488,220,34,4,7042,3543,0.10589235694277711,291,120,38508,30975,3726,1592,6952,17088,20046,8024,0,0,64538,2275,552,241,61,0,0,0,0,0,25888,4834,1571,0,0,0,0,0
469,256,470.43840818531476,99960,483,218,34,4,7097,3572,0.10673269307723089,318,133,38326,30780,3758,1598,7080,17266,20290,8189,0,0,64096,2330,583,243,63,0,0,0,0,0,26244,4809,1592,0,0,0,0,0
470,256,471.4220145509452,99960,487,231,34,4,7169,3608,0.10781312525010003,313,127,38155,30583,3793,1604,7217,17450,20534,8355,0,0,63658,2386,610,251,63,0,0,0,0,0,26599,4773,1620,0,0,0,0,0
471,256,472.4100850483735,99960,490,215,34,4,7244,3626,0.10874349739895958,326,137,37956,30392,3840,1621,7353,17630,20777,8522,0,0,63208,2453,645,251,65,0,0,0,0,0,26946,4745,1647,0,0,0,0,0
472,256,473.4029793500548,99960,500,226,34,4,7332,3658,0.10994397759103641,302,141,37774,30199,3892,1628,7497,17801,21019,8691,0,0,62745,2522,664,255,68,0,0,0,0,0,27318,4723,1665,0,0,0,0,0
473,256,474.40074909158625,99959,500,229,35,4,7402,3690,0.11096549585329986,304,149,37585,30013,3936,1639,7639,17965,21260,8861,0,0,62309,2576,700,261,70,0,0,0,0,0,27664,4687,1692,0,0,0,0,0
474,256,475.40353252929856,99959,481,223,35,4,7460,3730,0.11194589781810542,325,155,37412,29810,3974,1666,7772,18141,21501,9032,0,0,61847,2644,741,267,74,0,0,0,0,0,28013,4663,1710,0,0,0,0,0
475,256,476.41108515999787,99959,499,236,35,4,7568,3773,0.11345651717204054,291,147,37252,29618,4022,1683,7900,18311,21741,9204,0,0,61377,2719,780,269,77,0,0,0,0,0,28368,4644,1725,0,0,0,0,0
476,256,477.42297101554976,99959,532,236,35,4,7665,3805,0.11474704628897849,268,150,37084,29422,4047,1702,8033,18485,21980,9378,0,0,60939,2778,811,271,80,0,0,0,0,0,28715,4608,1757,0,0,0,0,0
477,256,478.43936647441967,99959,528,225,35,4,7731,3834,0.11569743594873898,295,165,36899,29244,4072,1719,8170,18642,22218,9553,0,0,60508,2831,852,279,83,0,0,0,0,0,29047,4565,1794,0,0,0,0,0
478,256,479.4604574063332,99959,521,228,35,4,7790,3870,0.11664782560849948,326,166,36716,29080,4096,1729,8305,18792,22455,9729,0,0,60070,2878,894,283,86,0,0,0,0,0,29393,4539,1816,0,0,0,0,0
479,256,480.4865818531179,99959,525,249,35,4,7876,3925,0.1180584039456177,327,156,36518,28891,4140,1732,8454,18967,22691,9906,0,0,59619,2947,927,292,88,0,0,0,0,0,29739,4499,1848,0,0,0,0,0
480,256,481.0009803971594,99959,534,255,35,4,7915,3946,0.11865865004651907,327,160,36339,28679,4142,1737,8622,19164,22926,10084,0,0,59224,2957,951,297,91,0,0,0,0,0,30097,4466,1876,0,0,0,0,0
481,256,482.03733442232624,99958,535,277,36,4,7999,3991,0.11995037915924689,332,155,36164,28519,4187,1730,8745,19314,23160,10263,0,0,58778,3021,984,302,92,0,0,0,0,0,30443,4429,1909,0,0,0,0,0
482,256,483.0787311591594,99956,536,270,37,5,8081,4028,0.12114330305334348,324,153,35999,28364,4223,1755,8880,19452,23393,10443,0,0,58313,3095,1022,308,94,0,0,0,0,0,30792,4398,1934,0,0,0,0,0
483,256,484.124984648425,99956,566,272,37,5,8186,4062,0.12253391492256593,307,153,35824,28212,4252,1768,9013,19589,23625,10624,0,0,57883,3142,1063,317,98,0,0,0,0,0,31128,4359,1966,0,0,0,0,0
484,256,485.17608877159853,99956,569,279,37,5,8268,4104,0.1237744607627356,313,148,35638,28072,4290,1778,9152,19717,23855,10806,0,0,57444,3196,1107,325,102,0,0,0,0,0,31465,4324,1993,0,0,0,0,0
485,256,486.2325747639452,99956,574,277,37,5,8350,4144,0.12499499779903157,318,151,35447,27900,4321,1797,9302,19869,24084,10989,0,0,57001,3256,1150,331,110,0,0,0,0,0,31803,4289,2016,0,0,0,0,0
486,256,487.29457462372966,99955,564,267,37,6,8428,4178,0.12611675253864238,331,165,35261,27737,4372,1819,9434,20005,24312,11172,0,0,56549,3329,1196,338,114,0,0,0,0,0,32134,4249,2046,0,0,0,0,0
487,256,488.36226490568674,99954,565,272,38,6,8523,4223,0.12751865858294817,320,160,35081,27565,4415,1836,9580,20160,24539,11356,0,0,56100,3400,1237,351,117,0,0,0,0,0,32465,4202,2082,0,0,0,0,0
488,256,489.4355536409797,99953,583,274,38,7,8623,4267,0.12896061148739907,311,158,34901,27403,4449,1854,9717,20303,24765,11541,0,0,55646,3468,1287,355,118,0,0,0,0,0,32800,4173,2106,0,0,0,0,0
489,256,490.5140721257924,99953,599,270,38,7,8715,4303,0.13024121337028402,327,161,34691,27248,4482,1878,9862,20435,24989,11726,0,0,55200,3520,1332,365,120,1,0,0,0,0,33144,4148,2123,0,0,0,0,0
490,256,491.0547874181536,99953,610,263,38,7,8766,4316,0.1308815143117265,328,165,34511,27078,4489,1877,10023,20609,25212,11912,0,0,54791,3538,1364,366,125,1,0,0,0,0,33499,4129,2140,0,0,0,0,0
491,256,492.1449853931556,99953,589,271,38,7,8846,4357,0.1320920832791412,352,166,34300,26898,4556,1893,10164,20764,25434,12099,0,0,54330,3614,1412,372,127,1,0,0,0,0,33834,4099,2164,0,0,0,0,0
492,256,493.24156823552784,99953,590,255,38,7,8930,4391,0.13327263813992576,346,176,34134,26752,4591,1924,10300,20885,25654,12286,0,0,53896,3679,1466,374,134,1,0,0,0,0,34144,4059,2200,0,0,0,0,0
493,256,494.3440849993623,99953,592,268,38,7,9027,4437,0.1347033105559613,347,169,33936,26608,4655,1936,10431,21011,25873,12474,0,0,53453,3742,1510,386,140,1,0,0,0,0,34477,4020,2224,0,0,0,0,0
494,256,495.45259509787815,99953,612,282,38,7,9137,4497,0.13640410993166788,353,141,33745,26483,4698,1961,10553,21125,26091,12662,0,0,53019,3797,1570,393,149,1,0,0,0,0,34791,3986,2247,0,0,0,0,0
495,256,496.0086930389875,99953,634,277,38,7,9210,4516,0.13732454253499143,322,140,33580,26317,4714,1964,10711,21294,26307,12851,0,0,52611,3823,1604,397,154,1,0,0,0,0,35134,3958,2271,0,0,0,0,0
496,256,497.1290621634061,99953,642,272,38,7,9323,4545,0.13874521024881695,303,148,33399,26175,4782,1978,10835,21419,26522,13040,0,0,52154,3901,1648,403,159,1,0,0,0,0,35463,3927,2297,0,0,0,0,0
497,256,498.25539238022714,99953,620,273,38,7,9409,4587,0.1400258121317019,310,163,33214,26027,4849,1997,10968,21532,26735,13229,0,0,51700,3977,1710,411,160,1,0,0,0,0,35777,3895,2322,0,0,0,0,0
498,256,499.3882247700483,99953,594,277,38,7,9497,4634,0.14137644693005713,319,169,33052,25890,4910,2013,11086,21643,26947,13419,0,0,51251,4059,1760,422,169,1,0,0,0,0,36090,3848,2353,0,0,0,0,0
499,256,500.5269221433156,99953,592,280,38,7,9605,4681,0.14292717577261313,298,159,32882,25767,4961,2035,11228,21751,27158,13609,0,0,50814,4117,1837,432,174,1,0,0,0,0,36388,3816,2374,0,0,0,0,0
500,256,501.09780070671854,99953,573,276,38,7,9643,4703,0.14352745790521546,304,156,32710,25620,4977,2039,11397,21901,27367,13799,0,0,50417,4139,1888,434,179,1,0,0,0,0,36709,3790,2396,0,0,0,0,0
501,256,502.24869255627857,99952,556,279,38,8,9725,4748,0.14479950376180567,324,155,32540,25499,5024,2061,11517,21997,27575,13989,0,0,49959,4213,1943,438,182,1,0,0,0,0,37033,3771,2412,0,0,0,0,0
502,256,503.40579586822724,99952,559,268,38,8,9820,4785,0.14612013766607973,342,162,32349,25383,5056,2084,11655,22094,27781,14179,0,0,49521,4277,2000,442,191,1,0,0,0,0,37345,3744,2431,0,0,0,0,0
503,256,504.5696031383637,99951,555,281,38,9,9917,4856,0.1478024231873618,341,134,32183,25271,5098,2120,11784,22184,27986,14370,0,0,49077,4353,2067,445,198,1,0,0,0,0,37640,3713,2457,0,0,0,0,0
504,256,505.1532060339659,99951,553,277,38,9,9969,4877,0.14853278106272072,339,133,32003,25111,5117,2128,11949,22341,28189,14561,0,0,48678,4377,2116,446,201,1,0,0,0,0,37964,3693,2475,0,0,0,0,0
505,256,506.3293958746352,99950,556,267,39,9,10075,4918,0.15000500250125062,315,127,31843,24996,5173,2156,12073,22444,28391,14752,0,0,48241,4441,2179,455,210,1,0,0,0,0,38265,3664,2494,0,0,0,0,0
506,256,507.5120663931408,99949,552,253,40,9,10162,4952,0.1512171207315731,304,135,31685,24880,5211,2179,12207,22543,28591,14943,0,0,47816,4495,2248,458,219,1,0,0,0,0,38563,3640,2509,0,0,0,0,0
507,256,508.1050045172005,99948,566,254,41,9,10214,4975,0.15196902389242406,295,133,31518,24740,5210,2173,12369,22690,28790,15134,0,0,47456,4483,2312,461,220,2,0,0,0,0,38868,3619,2527,0,0,0,0,0
508,256,509.30004766651354,99948,566,247,41,9,10317,5014,0.15338976267659182,272,135,31366,24643,5262,2196,12492,22769,28987,15324,0,0,47037,4538,2387,470,223,3,0,0,0,0,39152,3587,2551,0,0,0,0,0
509,256,510.5010668956294,99948,548,245,41,9,10415,5053,0.15476047544723256,268,143,31195,24536,5333,2212,12614,22854,29183,15514,0,0,46600,4609,2457,478,228,3,0,0,0,0,39445,3559,2569,0,0,0,0,0
510,256,511.10341628626253,99946,545,244,43,9,10457,5076,0.1554139235187001,265,142,31035,24394,5338,2220,12773,22990,29377,15704,0,0,46232,4610,2512,484,232,3,0,0,0,0,39754,3534,2585,0,0,0,0,0
511,256,512.317728009425,99946,519,236,43,9,10537,5119,0.15664458807756187,279,128,30865,24309,5399,2229,12894,23088,29570,15894,0,0,45819,4657,2598,493,240,3,0,0,0,0,40028,3507,2601,0,0,0,0,0
512,256,513.5386737080491,99946,511,227,43,9,10622,5151,0.15781522021891822,279,136,30721,24195,5438,2242,13007,23190,29761,16084,0,0,45418,4702,2668,498,250,3,0,0,0,0,40310,3477,2620,0,0,0,0,0
513,256,514.1507205025341,99946,500,214,43,9,10663,5161,0.15832549576771457,286,149,30560,24063,5452,2243,13158,23321,29951,16273,0,0,45046,4720,2715,501,253,3,0,0,0,0,40613,3449,2646,0,0,0,0,0
514,256,515.3843927649197,99946,520,232,43,9,10764,5211,0.15983631160826847,267,144,30426,23953,5467,2252,13276,23409,30139,16462,0,0,44663,4752,2787,501,259,3,0,0,0,0,40890,3422,2669,0,0,0,0,0
515,256,516.0027814466201,99945,530,241,43,10,10812,5241,0.16061834008704787,257,131,30265,23830,5461,2248,13443,23539,30326,16651,0,0,44309,4751,2833,504,265,3,0,0,0,0,41194,3397,2689,0,0,0,0,0
516,256,517.2483652576232,99943,529,230,45,10,10895,5280,0.16184225008254705,263,123,30129,23735,5484,2278,13549,23623,30511,16839,0,0,43919,4789,2903,515,271,3,0,0,0,0,41467,3364,2712,0,0,0,0,0
517,256,518.4999094351735,99942,505,226,46,10,10972,5305,0.1628644613876048,260,145,29998,23634,5529,2285,13661,23699,30694,17027,0,0,43521,4836,2960,521,280,3,0,0,0,0,41750,3337,2734,0,0,0,0,0
518,256,519.1269446286746,99942,503,231,46,10,11008,5337,0.16354485601648958,264,134,29855,23501,5515,2294,13816,23829,30876,17215,0,0,43182,4830,3018,522,287,3,0,0,0,0,42032,3311,2757,0,0,0,0,0
519,256,520.3902896730349,99941,471,215,46,11,11080,5376,0.16465714771715312,290,122,29711,23428,5552,2322,13929,23901,31056,17402,0,0,42792,4880,3107,528,295,3,0,0,0,0,42277,3277,2782,0,0,0,0,0
520,256,521.0233581443747,99941,486,227,46,11,11131,5403,0.1654376081888314,270,117,29562,23318,5554,2316,14081,24010,31235,17589,0,0,42458,4872,3145,529,304,3,0,0,0,0,42572,3250,2808,0,0,0,0,0
521,256,522.299374427387,99939,465,218,46,13,11198,5438,0.1664615415403396,280,121,29448,23252,5574,2333,14186,24062,31412,17775,0,0,42084,4912,3219,528,314,4,0,0,0,0,42826,3220,2832,0,0,0,0,0
522,256,523.5809135530453,99939,474,215,46,13,11287,5487,0.16784238385415104,252,102,29336,23184,5604,2360,14287,24125,31588,17961,0,0,41699,4959,3289,532,321,4,0,0,0,0,43090,3192,2853,0,0,0,0,0
523,256,524.2225538945347,99939,465,210,46,13,11335,5500,0.16845275618127056,253,103,29185,23076,5612,2360,14438,24237,31762,18146,0,0,41358,4963,3347,534,328,4,0,0,0,0,43366,3167,2872,0,0,0,0,0
524,256,525.5155899535469,99939,454,202,46,13,11413,5530,0.16953341538338387,245,115,29052,22994,5652,2381,14550,24294,31935,18330,0,0,40973,5005,3409,542,333,5,0,0,0,0,43638,3146,2888,0,0,0,0,0
525,256,526.1636633348033,99939,455,195,46,13,11455,5546,0.1701137693993336,242,111,28911,22897,5649,2390,14696,24393,32106,18514,0,0,40643,5003,3468,544,336,5,0,0,0,0,43909,3121,2910,0,0,0,0,0
526,256,527.4695424798324,99939,450,195,46,13,11528,5581,0.17119442860144687,239,99,28789,22867,5674,2398,14801,24427,32276,18697,0,0,40293,5029,3543,548,341,5,0,0,0,0,44155,3088,2937,0,0,0,0,0
527,256,528.1238994521035,99939,430,196,46,13,11561,5597,0.17168472768388718,232,96,28664,22753,5681,2400,14946,24541,32444,18879,0,0,39957,5040,3593,550,344,5,0,0,0,0,44428,3061,2961,0,0,0,0,0
528,256,529.4418000388129,99938,433,205,47,13,11639,5630,0.1727971342232184,207,96,28584,22688,5692,2396,15036,24601,32611,19061,0,0,39622,5045,3660,557,351,5,0,0,0,0,44680,3033,2985,0,0,0,0,0
529,256,530.1013775250658,99938,421,205,47,13,11668,5647,0.1732574196001521,212,95,28468,22576,5687,2399,15164,24711,32776,19242,0,0,39300,5044,3707,556,361,5,0,0,0,0,44954,3010,3001,0,0,0,0,0
530,256,531.4289995677199,99938,423,200,47,13,11734,5678,0.1742280213732514,204,94,28353,22541,5693,2408,15279,24743,32940,19422,0,0,38979,5047,3784,561,369,6,0,0,0,0,45190,2979,3023,0,0,0,0,0
531,256,532.0939758954518,99937,429,190,48,13,11775,5689,0.17475009255831173,195,100,28242,22462,5680,2397,15405,24837,33102,19601,0,0,38666,5039,3844,559,374,6,0,0,0,0,45450,2960,3039,0,0,0,0,0
532,256,533.4325356121299,99937,393,186,48,13,11835,5721,0.17567067252368992,204,91,28130,22417,5725,2405,15499,24887,33263,19780,0,0,38310,5075,3919,562,382,8,0,0,0,0,45689,2937,3055,0,0,0,0,0
533,256,534.1026769417102,99937,375,182,48,13,11860,5738,0.17609093729049302,213,92,28006,22337,5723,2396,15634,24979,33422,19958,0,0,38008,5067,3986,557,390,8,0,0,0,0,45930,2915,3076,0,0,0,0,0
534,256,535.4528067455016,99937,377,182,48,13,11929,5768,0.1770815613836717,211,87,27904,22301,5736,2402,15723,25014,33580,20135,0,0,37682,5077,4059,560,395,8,0,0,0,0,46168,2892,3096,0,0,0,0,0
535,256,536.1291056983083,99936,383,187,49,13,11969,5789,0.17769372398334934,208,82,27794,22212,5713,2394,15852,25111,33736,20311,0,0,37382,5068,4109,562,398,8,0,0,0,0,46423,2867,3119,0,0,0,0,0
536,256,537.4899434128005,99935,396,183,50,13,12049,5820,0.17880622404562965,193,75,27715,22179,5720,2410,15925,25139,33891,20486,0,0,37064,5079,4186,560,405,10,0,0,0,0,46647,2846,3138,0,0,0,0,0
537,256,538.17088017465,99935,393,177,50,13,12085,5831,0.1792765297443338,189,77,27602,22090,5704,2411,16061,25231,34044,20660,0,0,36765,5063,4243,559,414,10,0,0,0,0,46899,2834,3148,0,0,0,0,0
538,256,539.5411845432953,99935,384,170,50,13,12149,5858,0.1801871216290589,205,79,27526,22043,5709,2420,16125,25274,34196,20833,0,0,36435,5087,4306,562,426,10,0,0,0,0,47137,2812,3160,0,0,0,0,0
539,256,540.2269233086365,99935,383,171,50,13,12185,5874,0.1807074598489018,211,83,27409,21961,5696,2414,16250,25357,34346,21005,0,0,36148,5082,4349,558,435,12,0,0,0,0,47382,2785,3184,0,0,0,0,0
540,256,541.6067663093688,99932,395,166,52,14,12261,5898,0.18171356522435256,199,82,27338,21928,5700,2415,16315,25394,34495,21176,0,0,35827,5099,4405,560,442,12,0,0,0,0,47621,2765,3201,0,0,0,0,0
541,256,542.2972173598121,99930,395,164,54,14,12303,5907,0.18222755929150405,190,90,27228,21849,5692,2407,16440,25475,34642,21346,0,0,35539,5090,4456,554,452,12,0,0,0,0,47861,2749,3217,0,0,0,0,0
542,256,543.6863626898746,99928,377,165,56,14,12360,5940,0.1831318549355536,197,93,27142,21821,5715,2416,16512,25490,34788,21515,0,0,35226,5105,4529,560,458,12,0,0,0,0,48079,2724,3235,0,0,0,0,0
543,256,544.3814945936682,99928,370,158,56,14,12393,5951,0.18357217196381395,201,93,27045,21744,5711,2416,16616,25574,34933,21683,0,0,34947,5098,4583,563,462,13,0,0,0,0,48308,2695,3259,0,0,0,0,0
544,256,545.0797536322643,99928,377,156,56,14,12434,5967,0.18414258265951486,182,95,26943,21664,5696,2414,16745,25656,35076,21850,0,0,34684,5084,4638,556,476,13,0,0,0,0,48527,2668,3282,0,0,0,0,0
545,256,546.4841312762821,99928,372,158,56,14,12504,6001,0.1851833319990393,159,89,26884,21644,5712,2418,16816,25676,35218,22016,0,0,34386,5095,4706,558,492,13,0,0,0,0,48736,2645,3297,0,0,0,0,0
546,256,547.1867251171024,99928,370,157,56,14,12534,6016,0.1856336562324874,164,86,26772,21564,5719,2415,16918,25763,35358,22181,0,0,34102,5086,4757,557,496,13,0,0,0,0,48975,2634,3308,0,0,0,0,0
547,256,548.6002773896928,99926,356,161,57,15,12593,6044,0.18650801593178953,158,86,26724,21548,5723,2415,16981,25774,35497,22345,0,0,33822,5089,4826,554,511,13,0,0,0,0,49173,2607,3331,0,0,0,0,0
548,256,549.3074516807985,99926,332,158,57,15,12612,6060,0.18685827512359146,164,86,26624,21479,5730,2412,17092,25849,35635,22508,0,0,33545,5084,4875,557,519,14,0,0,0,0,49400,2586,3346,0,0,0,0,0
549,256,550.0170956239499,99925,342,161,58,15,12646,6077,0.18737052789592193,157,87,26508,21406,5723,2413,17211,25917,35771,22670,0,0,33269,5079,4911,553,526,14,0,0,0,0,49642,2572,3359,0,0,0,0,0
550,256,551.4451091921471,99925,326,162,58,15,12706,6111,0.1883112334250688,167,82,26422,21419,5752,2419,17274,25902,35906,22831,0,0,32984,5086,4990,559,533,15,0,0,0,0,49832,2549,3377,0,0,0,0,0
551,256,552.1596981913073,99925,317,160,58,15,12725,6123,0.18862146609957467,168,79,26334,21364,5743,2419,17379,25962,36040,22991,0,0,32715,5082,5025,560,539,15,0,0,0,0,50066,2527,3396,0,0,0,0,0
552,256,553.5980629468497,99925,308,153,58,15,12779,6148,0.1894120590442832,170,83,26261,21342,5747,2431,17455,25975,36172,23150,0,0,32429,5102,5090,557,550,15,0,0,0,0,50265,2505,3412,0,0,0,0,0
553,256,554.3176436737477,99925,319,156,58,15,12815,6163,0.18992244183137352,161,79,26170,21289,5733,2431,17558,26029,36303,23308,0,0,32172,5085,5131,555,558,16,0,0,0,0,50494,2491,3423,0,0,0,0,0
554,256,555.0401465486315,99925,316,155,58,15,12845,6177,0.1903627720790593,164,75,26085,21220,5724,2435,17652,26099,36433,23464,0,0,31915,5077,5174,557,564,16,0,0,0,0,50711,2468,3443,0,0,0,0,0
555,256,556.4925208939774,99925,313,157,58,15,12908,6204,0.19126344758568928,136,77,26056,21234,5734,2438,17702,26078,36561,23619,0,0,31637,5091,5239,558,570,16,0,0,0,0,50905,2448,3461,0,0,0,0,0
556,256,557.2187473386462,99925,301,155,58,15,12935,6217,0.19166374781085815,132,77,25963,21174,5735,2431,17810,26147,36688,23773,0,0,31394,5076,5295,556,579,17,0,0,0,0,51103,2427,3478,0,0,0,0,0
557,256,558.6782738400508,99925,269,137,58,15,12977,6235,0.19226419814861145,138,79,25953,21194,5747,2444,17834,26130,36814,23926,0,0,31120,5089,5369,557,591,17,0,0,0,0,51282,2406,3494,0,0,0,0,0
558,256,559.4082217755277,99925,275,140,58,15,13010,6250,0.1927445584188141,120,79,25872,21139,5744,2430,17930,26196,36939,24078,0,0,30881,5077,5414,554,598,17,0,0,0,0,51486,2383,3515,0,0,0,0,0
559,256,560.139916070997,99925,263,136,58,15,13030,6259,0.19303477608206154,118,81,25782,21100,5744,2426,18034,26241,37062,24229,0,0,30627,5072,5460,552,603,17,0,0,0,0,51698,2370,3526,0,0,0,0,0
560,256,561.6107096113557,99925,233,128,58,15,13062,6283,0.19359519639729797,130,74,25752,21130,5749,2441,18077,26211,37184,24379,0,0,30365,5083,5520,559,611,17,0,0,0,0,51881,2342,3547,0,0,0,0,0
561,256,562.3463103387245,99925,235,124,58,15,13084,6291,0.19389542156617462,126,80,25676,21099,5732,2435,18172,26246,37305,24527,0,0,30137,5063,5558,560,618,17,0,0,0,0,52085,2320,3567,0,0,0,0,0
562,256,563.0841170365995,99925,235,128,58,15,13109,6308,0.19431573680260195,120,71,25604,21062,5712,2430,18270,26293,37425,24674,0,0,29899,5051,5601,556,624,18,0,0,0,0,52289,2307,3580,0,0,0,0,0
563,256,564.5662622793335,99925,223,130,58,15,13152,6334,0.19500625469101826,110,61,25583,21107,5712,2429,18313,26257,37543,24820,0,0,29649,5049,5662,559,632,19,0,0,0,0,52473,2292,3590,0,0,0,0,0
564,256,565.3072354717887,99925,223,125,58,15,13170,6344,0.1952864648486365,113,57,25507,21071,5685,2427,18413,26304,37660,24965,0,0,29425,5026,5710,559,635,20,0,0,0,0,52669,2277,3604,0,0,0,0,0
565,256,566.050170956826,99925,218,121,58,15,13196,6351,0.1956167125344008,107,58,25430,21031,5677,2429,18509,26345,37776,25109,0,0,29205,5003,5768,557,641,20,0,0,0,0,52851,2262,3618,0,0,0,0,0
566,256,567.5428538111082,99925,214,128,58,15,13236,6378,0.19628721541155866,110,51,25396,21048,5676,2432,18545,26325,37891,25252,0,0,28953,5007,5814,562,644,21,0,0,0,0,53048,2248,3628,0,0,0,0,0
567,256,568.2888869424293,99925,210,128,58,15,13257,6391,0.19662747060295221,112,48,25313,21006,5669,2427,18637,26375,38005,25393,0,0,28739,4981,5863,565,648,23,0,0,0,0,53234,2231,3641,0,0,0,0,0
568,256,569.0374112219583,99925,208,121,58,15,13273,6401,0.196887665749312,109,47,25244,20979,5652,2428,18728,26409,38117,25533,0,0,28532,4956,5912,564,655,24,0,0,0,0,53413,2213,3656,0,0,0,0,0
569,256,570.5415561541162,99924,205,103,59,15,13315,6411,0.19741003162403425,106,49,25236,21045,5630,2438,18763,26349,38228,25672,0,0,28303,4946,5979,564,664,24,0,0,0,0,53578,2202,3664,0,0,0,0,0
570,256,571.2935971119581,99924,200,101,59,15,13331,6423,0.19769024458588527,101,44,25189,21010,5615,2440,18835,26389,38338,25810,0,0,28084,4933,6026,562,667,24,0,0,0,0,53763,2188,3677,0,0,0,0,0
571,256,572.047071156709,99924,202,107,59,15,13352,6436,0.19803050318241863,105,36,25107,21007,5600,2436,18926,26398,38447,25947,0,0,27874,4917,6062,558,674,24,0,0,0,0,53950,2172,3693,0,0,0,0,0
572,256,573.5594572594239,99924,185,95,59,15,13395,6452,0.19862095192346182,91,41,25105,21053,5603,2439,18956,26356,38555,26082,0,0,27637,4916,6132,565,679,24,0,0,0,0,54111,2160,3700,0,0,0,0,0
573,256,574.315131494266,99924,178,101,59,15,13412,6466,0.19893118770265403,90,39,25053,21023,5589,2427,19030,26394,38662,26216,0,0,27428,4894,6181,564,683,24,0,0,0,0,54291,2151,3708,0,0,0,0,0
574,256,575.0728670328057,99924,182,104,59,15,13432,6480,0.1992714462991874,84,34,24995,20986,5568,2425,19111,26435,38768,26349,0,0,27216,4878,6218,563,687,24,0,0,0,0,54479,2141,3718,0,0,0,0,0
575,256,576.5933589816921,99923,178,96,60,15,13470,6489,0.19974380272810063,76,33,24981,21025,5568,2416,19136,26414,38873,26481,0,0,26998,4872,6270,564,694,24,0,0,0,0,54646,2127,3728,0,0,0,0,0
576,256,577.3529243430753,99923,173,93,60,15,13487,6494,0.19996397225863916,68,31,24932,20992,5552,2411,19214,26457,38977,26612,0,0,26805,4843,6320,563,700,24,0,0,0,0,54815,2114,3739,0,0,0,0,0
577,256,578.1146001916441,99923,168,82,60,15,13499,6496,0.2001040801417091,70,34,24878,20978,5533,2399,19290,26491,39079,26742,0,0,26611,4826,6360,564,704,24,0,0,0,0,54984,2092,3758,0,0,0,0,0
578,256,579.6429064629522,99923,144,63,60,15,13518,6505,0.20038429590784904,79,36,24885,21034,5521,2407,19310,26444,39180,26870,0,0,26396,4824,6424,565,709,24,0,0,0,0,55134,2079,3768,0,0,0,0,0
579,256,580.4064457833842,99923,147,64,60,15,13532,6511,0.20058445002652042,79,35,24838,21014,5496,2393,19379,26478,39280,26997,0,0,26202,4805,6455,562,715,24,0,0,0,0,55315,2068,3777,0,0,0,0,0
580,256,581.1714486310387,99923,148,65,60,15,13550,6517,0.20082463496892608,78,33,24790,21001,5473,2386,19450,26499,39379,27123,0,0,26011,4783,6495,561,718,24,0,0,0,0,55486,2057,3788,0,0,0,0,0
581,256,582.7057891476367,99923,158,68,60,15,13586,6533,0.20134503567747164,69,31,24779,21054,5459,2377,19474,26454,39477,27248,0,0,25815,4769,6541,560,724,24,0,0,0,0,55648,2045,3797,0,0,0,0,0
582,256,583.4721953520236,99923,157,68,60,15,13600,6538,0.20153518209020946,69,32,24733,21028,5435,2367,19545,26489,39574,27372,0,0,25625,4750,6573,559,730,24,0,0,0,0,55823,2034,3805,0,0,0,0,0
583,256,584.2404234369998,99923,156,70,60,15,13617,6544,0.20176535932668155,59,33,24688,21002,5426,2360,19610,26519,39670,27495,0,0,25437,4734,6608,557,733,24,0,0,0,0,55991,2020,3819,0,0,0,0,0
584,256,585.0100882408444,99922,144,66,61,15,13627,6547,0.20189748003442684,60,36,24654,20975,5413,2354,19667,26553,39765,27616,0,0,25249,4720,6646,557,737,24,0,0,0,0,56154,2005,3830,0,0,0,0,0
585,256,586.5535228295287,99922,137,62,61,15,13657,6557,0.2022977922779768,50,33,24658,21036,5399,2347,19694,26506,39859,27736,0,0,25070,4704,6700,557,747,24,0,0,0,0,56292,1986,3842,0,0,0,0,0
586,256,587.3239520654622,99922,133,58,61,15,13672,6560,0.2024779327875743,43,32,24630,21046,5367,2325,19765,26523,39952,27855,0,0,24906,4674,6746,556,754,24,0,0,0,0,56436,1969,3857,0,0,0,0,0
587,256,588.0962755475194,99922,124,56,61,15,13684,6562,0.2026180420728168,41,32,24581,21015,5355,2318,19837,26563,40044,27973,0,0,24731,4654,6788,554,757,25,0,0,0,0,56588,1957,3868,0,0,0,0,0
588,256,589.6445286829066,99921,124,50,61,16,13702,6571,0.20289028332382583,44,31,24611,21059,5315,2317,19844,26526,40135,28090,0,0,24551,4635,6832,554,762,25,0,0,0,0,56740,1948,3874,0,0,0,0,0
589,256,590.4174105972206,99921,132,53,61,16,13718,6577,0.2031104572612364,33,33,24577,21046,5293,2307,19903,26544,40225,28206,0,0,24373,4614,6863,554,763,25,0,0,0,0,56908,1941,3880,0,0,0,0,0
590,256,591.1914115489471,99921,128,53,61,16,13722,6581,0.20319052051120384,34,32,24540,21047,5266,2296,19970,26555,40315,28321,0,0,24207,4587,6900,550,769,25,0,0,0,0,57064,1933,3886,0,0,0,0,0
591,256,592.7427455777978,99921,127,54,61,16,13739,6593,0.20348074979233594,38,29,24594,21129,5244,2285,19935,26486,40404,28434,0,0,24029,4572,6936,548,776,25,0,0,0,0,57219,1925,3891,0,0,0,0,0
592,256,593.516660060655,99921,125,52,61,16,13746,6599,0.2036108525735331,40,24,24576,21128,5208,2280,19989,26499,40492,28546,0,0,23867,4547,6977,543,782,25,0,0,0,0,57365,1917,3898,0,0,0,0,0
593,256,594.2912017063211,99921,122,46,61,16,13752,6602,0.2037009237297465,40,23,24548,21116,5184,2276,20044,26522,40579,28657,0,0,23702,4528,7014,538,787,25,0,0,0,0,57512,1908,3907,0,0,0,0,0
594,256,595.0663368207681,99920,114,41,62,16,13759,6605,0.20380304243394715,39,25,24521,21118,5164,2273,20099,26526,40665,28767,0,0,23536,4511,7046,536,793,25,0,0,0,0,57659,1896,3918,0,0,0,0,0
595,256,596.6194187005623,99920,97,49,62,16,13772,6615,0.20403322658126502,45,21,24543,21198,5153,2260,20099,26455,40750,28876,0,0,23365,4501,7080,535,799,25,0,0,0,0,57803,1884,3928,0,0,0,0,0
596,256,597.3949987291792,99920,97,47,62,16,13779,6620,0.2041533226581265,45,19,24508,21192,5135,2252,20152,26473,40834,28984,0,0,23205,4486,7109,533,801,25,0,0,0,0,57949,1869,3943,0,0,0,0,0
597,256,598.171384689898,99920,98,48,62,16,13781,6621,0.20418334667734186,43,17,24426,21120,5115,2250,20255,26548,40917,29091,0,0,23052,4461,7135,528,806,25,0,0,0,0,58101,1862,3950,0,0,0,0,0
598,256,599.5734940994845,99920,95,39,62,16,13798,6624,0.20438350680544434,37,17,24438,21180,5095,2242,20272,26505,40999,29197,0,0,22892,4449,7172,527,811,25,0,0,0,0,58233,1847,3964,0,0,0,0,0
599,256,600.3796357713945,99920,87,38,62,16,13807,6625,0.2044835868694956,34,19,24422,21196,5077,2224,20317,26506,41080,29302,0,0,22738,4431,7204,522,819,25,0,0,0,0,58371,1838,3972,0,0,0,0,0
600,256,601.3042250276519,99920,82,35,62,16,13819,6629,0.20464371497197759,34,18,24422,21216,5054,2220,20345,26494,41161,29406,0,0,22576,4419,7236,521,821,26,0,0,0,0,58511,1829,3981,0,0,0,0,0
601,256,602.1896164538867,99919,77,33,63,16,13826,6632,0.20474584413374833,29,15,24388,21215,5034,2209,20408,26511,41241,29509,0,0,22435,4395,7274,519,824,26,0,0,0,0,58636,1813,3997,0,0,0,0,0
602,256,603.113968117464,99919,70,34,63,16,13832,6635,0.2048359170928452,29,14,24384,21249,5017,2191,20436,26495,41320,29611,0,0,22281,4376,7299,520,828,26,0,0,0,0,58780,1804,4005,0,0,0,0,0
603,256,604.0380892108072,99919,71,31,63,16,13837,6638,0.20491598194537575,27,12,24359,21252,4993,2185,20486,26503,41398,29712,0,0,22137,4352,7333,517,831,26,0,0,0,0,58914,1796,4013,0,0,0,0,0
604,256,605.3515980444226,99919,57,29,63,16,13848,6640,0.2050460873307379,29,18,24426,21348,4970,2167,20454,26421,41475,29812,0,0,21979,4344,7364,517,835,26,0,0,0,0,59047,1785,4022,0,0,0,0,0
605,256,606.015327127355,99919,57,28,63,16,13854,6641,0.20511614407670212,26,17,24402,21322,4941,2154,20510,26462,41552,29910,0,0,21843,4325,7391,510,842,26,0,0,0,0,59175,1772,4035,0,0,0,0,0
606,256,607.0440521659666,99919,55,26,63,16,13860,6643,0.20519620892923268,20,18,24363,21311,4925,2144,20573,26484,41628,30007,0,0,21711,4304,7419,507,848,26,0,0,0,0,59298,1755,4051,0,0,0,0,0
607,256,608.7358602996637,99919,51,26,63,16,13870,6650,0.2053663467408601,21,18,24449,21413,4888,2128,20527,26398,41703,30103,0,0,21565,4290,7444,505,855,26,0,0,0,0,59428,1746,4060,0,0,0,0,0
608,256,609.2012001418661,99919,49,28,63,16,13873,6652,0.2054163872736917,20,17,24413,21394,4870,2116,20584,26428,41777,30198,0,0,21427,4271,7466,504,858,26,0,0,0,0,59563,1735,4069,0,0,0,0,0
609,256,610.2704488865588,99919,52,24,63,16,13880,6654,0.20550646023278857,18,16,24418,21427,4840,2108,20608,26408,41850,30292,0,0,21290,4254,7491,502,861,26,0,0,0,0,59691,1724,4080,0,0,0,0,0
610,256,611.2591572412122,99919,40,23,63,16,13883,6654,0.20553648455248752,17,18,24440,21457,4814,2094,20625,26391,41923,30385,0,0,21153,4239,7520,497,867,26,0,0,0,0,59813,1715,4089,0,0,0,0,0
611,256,612.0163519203244,99919,37,26,63,16,13888,6659,0.2056365656181507,16,13,24407,21479,4792,2079,20684,26386,41995,30478,0,0,21025,4214,7555,495,869,26,0,0,0,0,59931,1705,4099,0,0,0,0,0
612,256,613.026899115684,99919,33,20,63,16,13890,6661,0.205676598044416,18,12,24406,21481,4765,2074,20714,26396,42066,30570,0,0,20893,4196,7585,493,872,26,0,0,0,0,60051,1693,4110,0,0,0,0,0
613,256,614.1210783055607,99919,36,22,63,16,13894,6665,0.20575666289694652,15,10,24405,21501,4741,2063,20739,26387,42136,30661,0,0,20763,4180,7604,487,878,26,0,0,0,0,60178,1684,4119,0,0,0,0,0
614,256,615.3426376948813,99919,39,22,63,16,13900,6667,0.2058367277494771,13,9,24435,21546,4710,2052,20739,26354,42206,30751,0,0,20636,4158,7631,486,879,26,0,0,0,0,60300,1674,4129,0,0,0,0,0
615,256,616.0033337345083,99919,43,24,63,16,13905,6670,0.20591679260200763,10,7,24424,21535,4684,2042,20775,26375,42275,30840,0,0,20515,4132,7659,482,883,26,0,0,0,0,60419,1667,4136,0,0,0,0,0
616,256,617.2150374814007,99919,43,19,63,16,13913,6670,0.20599685745453816,12,9,24457,21589,4656,2021,20768,26345,42343,30928,0,0,20401,4107,7697,480,883,28,0,0,0,0,60520,1654,4149,0,0,0,0,0
617,256,618.0370458575878,99919,46,18,63,16,13918,6671,0.2060569060939361,11,11,24449,21616,4637,2012,20793,26326,42411,31015,0,0,20282,4083,7725,478,885,28,0,0,0,0,60635,1644,4159,0,0,0,0,0
618,256,619.0496140202802,99919,46,21,63,16,13922,6675,0.20613697094646663,11,8,24449,21652,4615,2004,20815,26298,42478,31101,0,0,20156,4065,7747,476,888,28,0,0,0,0,60757,1637,4165,0,0,0,0,0
619,256,620.0997221705011,99919,45,21,63,16,13925,6676,0.20617700337273193,13,9,24455,21684,4583,1994,20840,26275,42544,31186,0,0,20047,4035,7781,474,891,28,0,0,0,0,60862,1627,4174,0,0,0,0,0
620,256,621.2837834115894,99919,38,21,63,16,13928,6678,0.2062270439055635,15,9,24485,21754,4558,1981,20840,26218,42610,31270,0,0,19939,4010,7816,469,897,28,0,0,0,0,60959,1615,4186,0,0,0,0,0
621,256,622.033780659756,99919,35,18,63,16,13930,6679,0.20625706822526246,16,9,24456,21777,4542,1969,20887,26210,42675,31353,0,0,19824,3984,7849,469,897,29,0,0,0,0,61067,1608,4192,0,0,0,0,0
622,256,623.1996926134855,99919,38,17,63,16,13937,6681,0.20634714118435932,12,10,24511,21844,4498,1959,20877,26153,42739,31435,0,0,19703,3967,7871,467,900,29,0,0,0,0,61182,1602,4198,0,0,0,0,0
623,256,624.033613640499,99919,38,16,63,16,13939,6682,0.2063771655040583,12,11,24496,21830,4472,1952,20918,26174,42803,31516,0,0,19594,3947,7895,464,903,29,0,0,0,0,61287,1589,4211,0,0,0,0,0
624,256,625.0714985369056,99919,41,17,63,16,13944,6685,0.20645723035658883,11,9,24506,21865,4449,1941,20929,26151,42866,31597,0,0,19479,3927,7917,464,904,29,0,0,0,0,61399,1580,4220,0,0,0,0,0
625,256,626.306870800377,99919,32,20,63,16,13948,6690,0.20654730331568572,9,5,24556,21949,4426,1919,20913,26090,42928,31677,0,0,19367,3909,7946,464,906,29,0,0,0,0,61498,1568,4232,0,0,0,0,0
626,256,627.2250582985248,99919,27,16,63,16,13949,6690,0.20655731142225203,11,6,24577,21990,4399,1905,20922,26066,42990,31756,0,0,19260,3886,7977,464,906,30,0,0,0,0,61596,1558,4242,0,0,0,0,0
627,256,628.5851923082948,99919,23,18,63,16,13953,6692,0.20661736006164994,11,4,24640,22062,4373,1886,20889,26013,43051,31834,0,0,19151,3868,8000,462,910,30,0,0,0,0,61699,1548,4251,0,0,0,0,0
628,256,629.1256997988887,99919,22,17,63,16,13953,6694,0.20663737627478257,11,3,24613,22061,4351,1878,20939,26024,43111,31911,0,0,19050,3842,8030,460,912,30,0,0,0,0,61796,1540,4259,0,0,0,0,0
629,256,630.1534964094209,99919,21,21,63,16,13957,6701,0.20674746544701209,32,24,24656,22105,4327,1863,20900,25970,43171,31987,0,0,18946,3819,8058,458,916,30,0,0,0,0,61894,1533,4265,0,0,0,0,0
630,256,631.2413378622286,99919,24,24,63,16,13963,6705,0.20684754651267526,36,26,24682,22145,4304,1853,20890,25935,43230,32063,0,0,18847,3795,8081,455,920,30,0,0,0,3,61990,1524,4274,0,0,0,0,0
631,256,632.0125129762265,99919,31,25,63,16,13971,6707,0.20694762757833846,36,29,24671,22156,4281,1845,20917,25928,43289,32138,0,0,18739,3776,8100,455,920,30,1,0,0,4,62096,1516,4282,0,0,0,0,0
632,256,633.1693761408641,99919,38,28,63,16,13980,6713,0.20709774917683324,40,28,24694,22212,4255,1841,20909,25874,43347,32212,0,0,18635,3754,8121,453,924,30,2,0,0,6,62197,1511,4286,0,0,0,0,0
633,256,634.324939372941,99919,44,28,63,16,13988,6717,0.20721784645562907,40,31,24720,22269,4236,1828,20896,25827,43404,32285,0,0,18524,3741,8134,451,925,31,3,0,0,10,62303,1506,4291,0,0,0,0,0
634,256,635.0945821892022,99919,47,34,63,16,13994,6725,0.2073579599475575,48,29,24712,22294,4218,1819,20911,25807,43461,32357,0,0,18423,3719,8156,451,925,31,3,0,0,15,62399,1500,4297,0,0,0,0,0
635,256,636.2490213233386,99919,60,35,63,16,14010,6732,0.20758814639858286,49,27,24751,22339,4190,1817,20886,25765,43517,32429,0,0,18322,3702,8172,451,926,32,4,0,0,20,62494,1489,4307,0,0,0,0,0
636,256,637.0175521628115,99919,64,38,63,16,14020,6739,0.20775828421021028,46,28,24767,22357,4160,1814,20899,25746,43573,32500,0,0,18223,3681,8192,451,929,32,6,0,0,25,62586,1480,4314,0,0,0,0,0
637,256,638.1695392140368,99919,71,33,63,16,14035,6742,0.20793843012840402,48,32,24779,22410,4146,1808,20892,25700,43628,32570,0,0,18117,3667,8204,450,933,32,9,0,0,35,62679,1473,4320,0,0,0,0,0
638,256,639.3204186504809,99919,73,31,63,16,14049,6747,0.20812858415316407,55,37,24800,22467,4135,1805,20873,25643,43683,32639,0,0,18011,3652,8216,447,939,33,13,0,0,44,62772,1468,4324,0,0,0,0,0
639,256,640.0870806129202,99919,67,34,63,16,14052,6753,0.20821865711226092,68,35,24817,22469,4113,1802,20871,25643,43737,32707,0,0,17911,3637,8229,446,944,33,15,0,0,50,62864,1460,4330,0,0,0,0,0
640,256,641.2362017644122,99919,81,44,63,16,14076,6769,0.2086189813749137,67,28,24859,22529,4098,1797,20831,25585,43790,32775,0,0,17810,3622,8244,443,948,34,20,0,0,58,62952,1453,4335,0,0,0,0,0
641,256,642.0010536365961,99919,82,47,63,16,14086,6774,0.20876910297340845,74,29,24861,22540,4081,1787,20838,25580,43843,32842,0,0,17714,3602,8262,442,950,35,23,0,0,63,63040,1447,4341,0,0,0,0,0
642,256,643.1479210243998,99919,93,50,63,16,14108,6780,0.20904932995726538,82,28,24876,22596,4062,1776,20823,25533,43895,32908,0,0,17623,3577,8286,441,952,35,28,0,0,71,63118,1441,4347,0,0,0,0,0
643,256,644.2939075462002,99919,94,48,63,16,14125,6787,0.20928952451485702,87,34,24887,22649,4057,1776,20811,25476,43947,32974,0,0,17515,3565,8296,442,953,36,36,0,0,84,63205,1434,4353,0,0,0,0,0
644,256,645.0574213963116,99919,110,57,63,16,14150,6800,0.20966983256437716,81,30,24881,22659,4046,1773,20818,25464,43998,33039,0,0,17420,3551,8308,439,959,36,40,0,0,90,63290,1426,4360,0,0,0,0,0
645,256,646.2026823853528,99919,104,64,63,16,14173,6812,0.2100201162941983,80,34,24920,22705,4048,1765,20784,25415,44049,33103,0,0,17323,3532,8317,440,968,36,46,0,0,108,63363,1420,4366,0,0,0,0,0
646,256,647.3465705560606,99918,104,59,64,16,14192,6821,0.21030244800736603,80,42,24946,22753,4044,1766,20761,25363,44099,33166,0,0,17225,3516,8327,440,976,36,54,0,0,124,63437,1412,4371,0,0,0,0,0
647,256,648.1082873484078,99918,108,60,64,16,14206,6825,0.21048259572849737,85,41,24956,22778,4034,1760,20752,25344,44149,33229,0,0,17135,3501,8341,436,983,36,57,0,0,131,63517,1405,4376,0,0,0,0,0
648,256,649.2502903915032,99918,114,69,64,16,14231,6837,0.21085289937748955,99,42,24974,22835,4026,1750,20722,25287,44198,33291,0,0,17047,3483,8357,434,987,37,62,0,0,144,63587,1397,4383,0,0,0,0,0
649,256,650.0109286650159,99918,115,72,64,16,14249,6846,0.21112312095918653,97,43,24966,22840,4025,1749,20732,25279,44247,33352,0,0,16955,3471,8365,434,993,38,65,0,0,157,63663,1389,4388,0,0,0,0,0
650,256,651.1520848172609,99918,131,72,64,16,14282,6857,0.21156348205528533,86,44,24985,22899,4013,1749,20720,25219,44295,33413,0,0,16865,3452,8382,433,999,38,72,0,0,173,63730,1383,4391,0,0,0,0,0
651,256,652.2921406992552,99918,130,70,64,16,14303,6872,0.21192377749754798,95,41,25017,22942,4005,1758,20688,25172,44343,33473,0,0,16772,3439,8391,433,1004,38,79,0,0,200,63789,1374,4399,0,0,0,0,0
652,256,653.0512735054074,99918,134,73,64,16,14322,6883,0.21222402369943352,97,45,25019,22989,3996,1760,20689,25116,44390,33532,0,0,16690,3423,8405,430,1009,38,81,0,0,219,63850,1367,4406,0,0,0,0,0
653,256,654.1899430177452,99918,139,81,64,16,14347,6899,0.2126343601753438,108,58,25025,23015,3996,1761,20667,25068,44437,33591,0,0,16594,3410,8417,429,1012,38,92,0,0,234,63920,1360,4412,0,0,0,0,0
654,256,655.3275977346767,99918,142,78,64,16,14375,6914,0.21306471306471306,119,62,25038,23059,3999,1769,20637,25015,44483,33649,0,0,16501,3398,8426,428,1019,39,100,0,0,262,63977,1355,4413,0,0,0,0,0
655,256,656.0855772928566,99918,146,87,64,16,14398,6926,0.2134150003002462,126,59,25041,23073,3989,1765,20633,24999,44529,33706,0,0,16415,3382,8439,427,1024,39,103,0,0,276,64046,1351,4416,0,0,0,0,0
656,256,657.222256232783,99918,151,88,64,16,14426,6938,0.21381532856942692,133,57,25077,23132,3986,1771,20588,24935,44575,33763,0,0,16324,3372,8446,427,1029,39,110,0,0,298,64108,1342,4423,0,0,0,0,0
657,256,658.3573277692486,99918,166,90,64,16,14459,6959,0.21435577173282092,133,56,25113,23165,3978,1778,20545,24894,44620,33819,0,0,16241,3355,8461,425,1036,39,115,0,0,325,64159,1338,4424,0,0,0,0,0
658,256,659.1128790634697,99918,179,92,64,16,14482,6968,0.21467603434816548,151,56,25103,23188,3964,1777,20538,24870,44665,33875,0,0,16161,3336,8479,425,1039,39,117,0,0,337,64225,1334,4426,0,0,0,0,0
659,256,660.2461586353361,99918,200,90,64,16,14531,6985,0.2153365759923137,157,60,25119,23235,3961,1785,20498,24813,44709,33930,0,0,16078,3317,8490,427,1049,39,123,0,0,366,64273,1329,4427,0,0,0,0,0
660,256,661.0011026569217,99918,213,97,64,16,14571,6997,0.21585700274224864,153,66,25111,23256,3970,1783,20488,24781,44753,33984,0,0,15986,3304,8497,431,1052,40,132,0,0,380,64342,1323,4431,0,0,0,0,0
661,256,662.1331425180045,99918,225,93,64,16,14614,7008,0.21639744590564264,176,89,25127,23315,3969,1780,20438,24706,44796,34038,0,0,15906,3280,8512,432,1061,40,142,0,0,406,64386,1319,4434,0,0,0,0,0
662,256,663.2639971395141,99917,230,110,64,17,14660,7039,0.21717025130858614,182,84,25145,23368,3984,1783,20394,24637,44839,34091,0,0,15813,3259,8525,436,1067,40,161,0,0,430,64435,1313,4438,0,0,0,0,0
663,256,664.0173896446619,99917,232,109,64,17,14687,7051,0.2175605752774803,199,96,25124,23381,3991,1787,20389,24609,44882,34144,0,0,15737,3243,8537,435,1072,41,168,0,0,456,64478,1304,4446,0,0,0,0,0
664,256,665.1479613049481,99917,260,121,64,17,14750,7077,0.2184513145911106,204,97,25123,23409,4004,1793,20344,24562,44924,34196,0,0,15654,3225,8548,441,1080,41,177,0,0,482,64526,1296,4447,0,0,0,0,0
665,256,666.2780029906519,99917,274,126,64,17,14808,7103,0.21929201237026733,217,107,25124,23457,4022,1802,20298,24490,44966,34247,0,0,15569,3207,8559,445,1085,41,190,0,0,525,64555,1289,4452,0,0,0,0,0
666,256,667.0309537321051,99917,293,132,64,17,14850,7121,0.21989251078395067,230,111,25116,23479,4028,1804,20268,24456,45007,34298,0,0,15497,3188,8573,446,1090,42,194,0,0,548,64600,1283,4456,0,0,0,0,0
667,256,668.1606315569197,99917,309,153,64,17,14916,7160,0.22094338300789657,254,104,25111,23518,4048,1808,20213,24399,45048,34348,0,0,15412,3180,8572,450,1103,42,203,0,0,590,64634,1272,4459,0,0,0,0,0
668,256,669.2896903044892,99917,329,159,64,17,14985,7199,0.2220242801525266,256,106,25123,23571,4071,1829,20156,24317,45089,34398,0,0,15331,3165,8579,451,1113,42,210,0,0,652,64646,1267,4461,0,0,0,0,0
669,256,670.0420514446369,99917,328,172,64,17,15022,7221,0.22261477025931523,299,105,25104,23584,4094,1835,20110,24286,45129,34447,0,0,15244,3155,8578,454,1124,42,217,0,0,678,64700,1265,4460,0,0,0,0,0
670,256,671.1702144410266,99917,362,163,64,17,15102,7251,0.22371568401773473,308,129,25099,23626,4110,1863,20056,24201,45169,34496,0,0,15157,3142,8585,457,1130,42,232,0,0,737,64712,1257,4466,0,0,0,0,0
671,256,672.2981548452246,99917,397,173,64,17,15195,7286,0.2249967473002592,329,135,25077,23665,4143,1875,19989,24134,45208,34544,0,0,15068,3129,8586,459,1143,42,253,0,0,784,64733,1249,4471,0,0,0,0,0
672,256,673.0500271921073,99917,398,175,64,17,15255,7310,0.22583744507941592,343,139,25058,23683,4184,1893,19952,24092,45247,34592,0,0,14986,3111,8591,462,1160,42,267,0,0,831,64754,1245,4468,0,0,0,0,0
673,256,674.1787223536627,99916,429,168,64,18,15360,7336,0.2271508066776092,367,150,25039,23736,4220,1917,19880,24010,45286,34639,0,0,14895,3098,8592,463,1175,43,288,0,0,898,64756,1241,4467,0,0,0,0,0
674,256,675.3076544154421,99916,473,178,64,18,15482,7375,0.22876216021458023,362,159,25021,23783,4264,1934,19815,23927,45324,34686,0,0,14798,3079,8598,472,1185,43,314,0,0,960,64765,1237,4465,0,0,0,0,0
675,256,676.0604173120338,99915,513,199,64,19,15570,7409,0.22998548766451485,358,164,24988,23787,4277,1937,19799,23893,45362,34732,0,0,14722,3057,8612,480,1189,44,322,0,0,997,64794,1234,4464,0,0,0,0,0
676,256,677.1901028018505,99915,528,225,64,19,15681,7469,0.23169694240104088,391,167,24968,23828,4335,1961,19713,23799,45400,34778,0,0,14626,3038,8618,486,1204,44,356,0,0,1071,64782,1224,4466,0,0,0,0,0
677,256,678.3201428990791,99915,546,242,64,19,15786,7522,0.23327828654356203,433,182,24923,23866,4386,1986,19647,23704,45437,34823,0,0,14546,3013,8619,492,1225,44,378,0,0,1144,64767,1218,4469,0,0,0,0,0
678,256,679.0740540270956,99914,567,250,65,19,15871,7560,0.23451168004483855,456,190,24903,23883,4415,2004,19593,23653,45474,34868,0,0,14470,2992,8631,497,1236,44,394,0,0,1205,64765,1211,4469,0,0,0,0,0
679,256,680.2051983017429,99911,631,277,68,19,16015,7625,0.23661058341924313,469,198,24892,23917,4453,2025,19486,23563,45510,34912,0,0,14388,2972,8638,498,1250,46,415,0,0,1277,64751,1206,4470,0,0,0,0,0
680,256,681.3358004583113,99910,653,297,69,19,16151,7697,0.23869482534280853,500,220,24863,23919,4521,2064,19393,23480,45546,34956,0,0,14298,2948,8641,510,1266,47,444,0,0,1382,64705,1199,4470,0,0,0,0,0
681,256,682.0894900060185,99910,664,302,69,19,16246,7740,0.24007606846161544,495,227,24831,23923,4588,2094,19352,23434,45582,34999,0,0,14210,2934,8637,517,1285,47,467,0,0,1455,64697,1192,4469,0,0,0,0,0
682,256,683.2214785589687,99910,703,330,69,19,16388,7815,0.2422480232208988,515,237,24784,23939,4658,2132,19270,23342,45617,35042,0,0,14111,2920,8639,525,1295,49,501,0,0,1548,64669,1184,4469,0,0,0,0,0
683,256,684.3547459211204,99910,724,344,69,19,16530,7881,0.2443298969072165,532,258,24739,23981,4744,2170,19191,23227,45652,35084,0,0,14013,2909,8638,531,1311,49,533,0,0,1664,64616,1178,4468,0,0,0,0,0
684,256,685.1109047035872,99910,729,350,69,19,16623,7925,0.24570113101791613,553,264,24689,23989,4815,2195,19144,23182,45687,35126,0,0,13926,2891,8645,539,1326,49,559,0,0,1738,64601,1171,4465,0,0,0,0,0
685,256,686.2473399824395,99910,755,360,69,19,16786,7990,0.24798318486637974,604,282,24622,24006,4898,2240,19051,23092,45721,35167,0,0,13834,2875,8642,544,1356,49,592,0,0,1857,64537,1165,4459,0,0,0,0,0
686,256,687.0059824180931,99908,786,376,70,20,16893,8053,0.24968971453737437,614,273,24598,24007,4940,2277,18991,23046,45755,35208,0,0,13761,2854,8640,550,1376,52,609,0,0,1926,64521,1159,4460,0,0,0,0,0
687,256,688.1449872042739,99908,817,402,70,20,17055,8126,0.252041878528246,634,287,24548,24021,5034,2304,18896,22965,45789,35249,0,0,13676,2835,8632,562,1401,52,636,0,0,2039,64465,1149,4461,0,0,0,0,0
688,256,689.2851292602245,99907,875,414,71,20,17242,8206,0.2547168867046353,646,320,24498,24045,5118,2348,18791,22852,45822,35289,0,0,13592,2806,8629,575,1433,54,666,0,0,2152,64403,1143,4454,0,0,0,0,0
689,256,690.0457684761361,99907,882,421,71,20,17358,8268,0.2564985436455904,687,331,24441,24027,5196,2391,18722,22809,45855,35329,0,0,13519,2788,8631,583,1454,55,681,0,0,2267,64343,1138,4448,0,0,0,0,0
690,256,691.1886219710278,99907,922,471,71,20,17538,8377,0.25939123384747814,720,326,24408,24044,5278,2436,18600,22702,45888,35368,0,0,13428,2772,8624,586,1485,57,714,0,0,2389,64276,1134,4442,0,0,0,0,0
691,256,692.3320267201394,99907,1006,473,71,20,17771,8465,0.26260422192639155,745,366,24335,24052,5369,2513,18473,22575,45921,35407,0,0,13340,2753,8608,598,1521,58,747,0,0,2540,64178,1125,4439,0,0,0,0,0
692,256,693.0949557979175,99907,1035,488,71,20,17900,8520,0.26444593471928896,787,380,24275,24045,5445,2539,18386,22527,45953,35445,0,0,13261,2737,8609,604,1537,60,772,0,0,2625,64143,1119,4440,0,0,0,0,0
693,256,694.2417708888019,99907,1089,541,71,20,18134,8650,0.2680893230704555,818,395,24188,24035,5576,2597,18257,22411,45985,35483,0,0,13159,2723,8608,610,1570,61,820,0,0,2787,64030,1110,4429,0,0,0,0,0
694,256,695.0076991865795,99906,1132,559,71,21,18296,8722,0.2704342081556663,831,416,24121,24029,5659,2640,18185,22334,46017,35521,0,0,13068,2707,8604,614,1597,62,855,0,0,2888,63984,1106,4421,0,0,0,0,0
695,256,696.159171865,99906,1168,593,71,21,18541,8839,0.2740576141573079,857,444,24030,24010,5806,2706,18067,22225,46048,35558,0,0,12968,2680,8596,633,1636,63,906,0,0,3062,63854,1093,4415,0,0,0,0,0
696,256,697.3136447110911,99906,1204,618,71,21,18783,8954,0.27763097311472784,898,466,23930,23999,5959,2781,17937,22114,46079,35595,0,0,12865,2656,8586,645,1679,65,960,0,0,3237,63722,1084,4407,0,0,0,0,0
697,256,698.0851866694505,99905,1232,652,71,22,18960,9061,0.2804764526299985,912,445,23849,23991,6077,2842,17858,22047,46110,35631,0,0,12772,2633,8586,665,1700,65,999,0,0,3374,63634,1074,4403,0,0,0,0,0
698,256,699.2460330257212,99904,1288,674,72,22,19229,9196,0.28452314221652786,941,478,23757,23977,6221,2937,17720,21911,46141,35667,0,0,12665,2614,8564,673,1749,69,1056,0,0,3569,63484,1064,4397,0,0,0,0,0
699,256,700.0217024973324,99902,1322,679,74,22,19406,9279,0.28713138876098576,969,504,23712,23947,6324,2998,17598,21849,46171,35703,0,0,12575,2602,8554,681,1777,73,1090,0,0,3710,63397,1057,4386,0,0,0,0,0
700,256,701.1869295853121,99901,1397,715,75,22,19690,9414,0.2913284151309797,1037,531,23601,23914,6454,3073,17435,21744,46201,35738,0,0,12471,2577,8535,699,1826,75,1143,0,0,3886,63264,1049,4376,0,0,0,0,0
701,256,702.3554379922336,99900,1454,736,76,22,19991,9567,0.2958758758758759,1083,578,23462,23885,6632,3176,17292,21602,46231,35773,0,0,12342,2559,8507,707,1892,77,1218,0,0,4095,63098,1045,4360,0,0,0,0,0
702,256,703.137027029318,99898,1496,764,77,23,20200,9684,0.2991451280305912,1102,569,23364,23863,6752,3240,17208,21540,46260,35808,0,0,12260,2538,8500,717,1925,78,1250,0,0,4265,62970,1040,4355,0,0,0,0,0
703,256,704.3138798380712,99895,1578,822,78,25,20525,9861,0.30417938835777564,1146,578,23242,23823,6918,3336,17037,21415,46289,35842,0,0,12152,2523,8470,732,1973,86,1301,0,0,4482,62800,1031,4345,0,0,0,0,0
704,256,705.1008412850979,99895,1606,848,78,25,20733,9967,0.3073226888232644,1202,570,23126,23823,7049,3396,16938,21337,46318,35876,0,0,12045,2507,8458,738,2006,87,1357,0,0,4637,62689,1028,4343,0,0,0,0,0
705,256,706.2867691621441,99893,1690,884,79,26,21106,10144,0.312834733164486,1173,596,22973,23807,7258,3512,16826,21174,46347,35909,0,0,11922,2485,8435,756,2062,90,1427,0,0,4903,62468,1017,4328,0,0,0,0,0
706,256,707.0807221292652,99893,1721,905,79,26,21343,10266,0.31642857857907963,1215,606,22874,23784,7403,3598,16707,21080,46375,35942,0,0,11828,2470,8408,775,2106,96,1465,0,0,5085,62331,1008,4321,0,0,0,0,0
707,256,708.2766784704503,99893,1766,899,79,26,21694,10443,0.3217142342306268,1260,638,22744,23747,7615,3762,16535,20927,46403,35975,0,0,11712,2446,8368,796,2186,100,1530,0,0,5382,62070,998,4305,0,0,0,0,0
708,256,709.0771079158919,99893,1798,942,79,26,21955,10565,0.3255483367202907,1286,641,22611,23716,7788,3823,16437,20851,46431,36007,0,0,11615,2433,8346,811,2224,105,1571,0,0,5576,61923,991,4298,0,0,0,0,0
709,256,710.283975569851,99889,1859,946,82,27,22341,10736,0.331137562694591,1316,694,22459,23658,8014,3961,16269,20713,46459,36039,0,0,11496,2417,8317,832,2294,110,1635,0,0,5880,61653,979,4276,0,0,0,0,0
710,256,711.0922616535466,99888,1920,965,82,28,22621,10868,0.33526549735703987,1308,696,22358,23618,8178,4051,16153,20641,46486,36071,0,0,11390,2403,8307,846,2341,112,1688,0,0,6074,61493,972,4262,0,0,0,0,0
711,256,712.3104583014358,99880,1986,1003,89,29,23039,11082,0.34161994393271927,1366,745,22147,23582,8433,4191,15978,20449,46513,36102,0,0,11266,2368,8275,876,2418,118,1761,0,0,6381,61213,963,4241,0,0,0,0,0
712,256,713.1276630609109,99879,2011,1041,89,30,23301,11242,0.34584847665675467,1455,757,22011,23540,8580,4291,15853,20340,46540,36133,0,0,11167,2347,8264,894,2470,121,1809,0,0,6593,61033,954,4227,0,0,0,0,0
713,256,714.3604342258968,99879,2131,1123,89,30,23776,11503,0.35321739304558514,1450,747,21840,23495,8827,4428,15662,20176,46567,36164,0,0,11039,2321,8239,919,2527,137,1890,0,0,6908,60746,939,4214,0,0,0,0,0
714,256,715.1864203982105,99878,2230,1137,90,30,24117,11652,0.35812691483610004,1469,764,21700,23449,8996,4536,15514,20083,46593,36194,0,0,10937,2299,8219,938,2584,141,1943,0,0,7125,60560,930,4202,0,0,0,0,0
715,256,716.016041016096,99878,2260,1160,90,30,24439,11817,0.363002863493462,1508,773,21568,23404,9202,4644,15371,19988,46619,36224,0,0,10822,2276,8193,955,2646,145,2012,0,0,7382,60330,924,4193,0,0,0,0,0
716,256,717.2683080265699,99877,2309,1195,91,30,24887,12053,0.3698549215535108,1584,818,21391,23335,9475,4795,15149,19826,46645,36254,0,0,10710,2252,8163,973,2733,149,2074,0,0,7771,59962,917,4173,0,0,0,0,0
717,256,718.1074621625662,99877,2392,1217,91,30,25252,12223,0.3752115101574937,1607,865,21245,23260,9660,4913,15004,19714,46671,36283,0,0,10610,2228,8129,985,2813,159,2131,0,0,8006,59749,912,4155,0,0,0,0,0
718,256,719.3747269970085,99875,2424,1267,92,31,25746,12490,0.38283854818523155,1697,899,21030,23196,9990,5075,14766,19531,46696,36312,0,0,10468,2189,8085,1021,2914,178,2225,0,0,8373,59390,906,4126,0,0,0,0,0
719,256,720.2251914978178,99874,2497,1297,93,31,26128,12656,0.3883292949115886,1697,940,20880,23159,10197,5169,14635,19403,46721,36341,0,0,10374,2163,8046,1040,3002,185,2272,0,0,8612,59168,898,4114,0,0,0,0,0
720,256,721.0803238045573,99873,2579,1339,94,31,26506,12870,0.39426071110310096,1716,933,20715,23092,10393,5304,14502,19300,46746,36370,0,0,10264,2146,8016,1059,3074,191,2327,0,0,8890,58919,891,4096,0,0,0,0,0
721,256,722.3728514564721,99870,2614,1377,97,31,27033,13159,0.4024431761289677,1809,945,20545,23030,10684,5491,14250,19125,46771,36398,0,0,10113,2127,7958,1082,3214,204,2428,0,0,9285,58526,875,4058,0,0,0,0,0
722,256,723.2395333401967,99867,2688,1399,99,32,27432,13372,0.40858341594320446,1829,957,20388,22954,10887,5645,14108,19012,46796,36426,0,0,10017,2109,7926,1098,3307,209,2478,0,0,9592,58228,866,4037,0,0,0,0,0
723,256,724.1111176972705,99867,2786,1427,99,32,27870,13576,0.4150119659146665,1886,1002,20184,22859,11097,5779,13947,18900,46820,36454,0,0,9913,2091,7888,1114,3393,217,2531,0,0,9902,57939,862,4017,0,0,0,0,0
724,256,725.4299324429376,99863,2872,1465,102,33,28516,13904,0.42478195127324436,1866,1052,19971,22733,11485,6010,13703,18706,46844,36481,0,0,9740,2066,7838,1146,3526,233,2645,0,0,10365,57472,851,3981,0,0,0,0,0
725,256,726.3162971838191,99863,2964,1506,102,33,28953,14118,0.43130088220862584,1902,1067,19790,22671,11698,6148,13543,18574,46868,36508,0,0,9620,2043,7801,1171,3613,245,2714,0,0,10641,57217,842,3956,0,0,0,0,0
726,256,727.2089274731206,99862,3005,1534,103,33,29387,14345,0.4379243355831047,1913,1092,19622,22589,11969,6307,13387,18444,46892,36535,0,0,9494,2019,7763,1208,3716,254,2787,0,0,10938,56915,828,3940,0,0,0,0,0
727,256,728.1082278997092,99860,3088,1550,105,33,29834,14572,0.44468255557780895,1949,1077,19454,22531,12183,6480,13220,18328,46916,36562,0,0,9402,1997,7725,1226,3824,260,2834,0,0,11276,56579,816,3921,0,0,0,0,0
728,256,729.0136453089132,99859,3135,1610,106,33,30286,14820,0.4516968926185922,1978,1106,19272,22442,12441,6622,13067,18186,46939,36588,0,0,9271,1976,7681,1253,3942,270,2918,0,0,11560,56288,802,3898,0,0,0,0,0
729,256,730.3853179844988,99856,3139,1683,108,34,30947,15226,0.4623958500240346,2054,1056,18981,22344,12880,6896,12837,17986,46962,36614,0,0,9094,1947,7613,1304,4115,285,3036,0,0,12080,55732,787,3863,0,0,0,0,0
730,256,731.3103272344878,99855,3180,1709,109,34,31423,15488,0.46979119723599216,2061,1095,18806,22251,13169,7076,12674,17834,46985,36640,0,0,8985,1927,7561,1341,4249,301,3091,0,0,12416,55378,771,3835,0,0,0,0,0
731,256,732.2432384426893,99853,3214,1736,110,35,31907,15773,0.4775019278339159,2110,1071,18609,22158,13463,7291,12493,17708,47008,36665,0,0,8871,1908,7495,1371,4395,315,3149,0,0,12791,54995,761,3802,0,0,0,0,0
732,256,733.1848548098098,99852,3275,1725,111,35,32426,16005,0.4850278412049834,2124,1108,18434,22075,13751,7476,12304,17580,47031,36690,0,0,8758,1887,7441,1394,4532,332,3208,0,0,13148,54619,751,3782,0,0,0,0,0
733,256,734.1346504549257,99847,3334,1730,115,36,32945,16267,0.49287409736897453,2118,1167,18245,21951,14035,7678,12152,17437,47053,36715,0,0,8630,1863,7394,1417,4665,349,3296,0,0,13511,54228,740,3754,0,0,0,0,0
734,256,735.0929359920318,99845,3383,1799,116,37,33457,16563,0.5009765135960739,2118,1178,18064,21825,14358,7840,11960,17320,47075,36740,0,0,8512,1845,7342,1436,4795,365,3367,0,0,13886,53849,727,3721,0,0,0,0,0
735,256,736.0601870160573,99844,3386,1888,117,37,33945,16881,0.5090541244341172,2195,1159,17884,21738,14650,8007,11767,17170,47097,36764,0,0,8384,1817,7298,1478,4910,383,3435,0,0,14262,53465,719,3693,0,0,0,0,0
736,256,737.0355473629526,99843,3485,1894,118,37,34501,17148,0.5173021643981051,2161,1172,17701,21654,14931,8207,11603,17035,47119,36788,0,0,8278,1782,7267,1532,5033,403,3478,0,0,14615,53081,706,3668,0,0,0,0,0
737,256,738.0196448300599,99839,3458,1956,121,38,34982,17459,0.5252556616152004,2236,1174,17531,21533,15218,8389,11435,16909,47141,36812,0,0,8158,1753,7208,1566,5189,429,3550,0,0,14961,52699,693,3633,0,0,0,0,0
738,256,739.0125406507018,99839,3520,1966,121,38,35521,17782,0.5338895621951342,2240,1154,17323,21456,15511,8630,11284,16755,47162,36836,0,0,8034,1722,7151,1604,5311,465,3626,0,0,15365,52274,682,3605,0,0,0,0,0
739,256,740.0159036055422,99838,3580,1968,122,38,36076,18086,0.5424988481339771,2292,1180,17099,21363,15782,8862,11124,16588,47183,36859,0,0,7911,1690,7099,1645,5460,489,3698,0,0,15751,51845,672,3578,0,0,0,0,0
740,256,741.0309470979613,99834,3618,2016,126,38,36648,18395,0.5513452330869243,2330,1192,16889,21273,16104,9048,10932,16432,47204,36882,0,0,7779,1672,7043,1671,5615,511,3776,0,0,16136,51421,663,3547,0,0,0,0,0
741,256,742.0571031370655,99834,3711,2048,126,38,37249,18699,0.5604102810665705,2372,1227,16678,21176,16377,9243,10735,16267,47225,36905,0,0,7674,1635,6992,1708,5783,528,3830,0,0,16503,51001,654,3526,0,0,0,0,0
742,256,743.0941498340493,99830,3753,2060,130,38,37839,19012,0.569478112791746,2433,1260,16492,21075,16640,9457,10551,16109,47246,36928,0,0,7537,1612,6939,1734,5932,567,3917,0,0,16901,50557,641,3493,0,0,0,0,0
743,256,744.1362730745055,99825,3830,2056,134,39,38471,19320,0.5789231154520411,2441,1287,16269,20982,16954,9690,10371,15945,47266,36951,0,0,7403,1590,6884,1776,6085,601,3986,0,0,17305,50100,629,3466,0,0,0,0,0
744,256,745.1608171925183,99825,3912,2073,134,39,39111,19633,0.5884698221888305,2388,1340,16086,20876,17281,9893,10198,15778,47286,36973,0,0,7268,1564,6838,1804,6250,631,4069,0,0,17699,49654,617,3431,0,0,0,0,0
745,256,746.1657196972108,99823,3979,2097,134,41,39719,19968,0.597928333149675,2379,1296,15889,20770,17588,10130,10030,15665,47306,36995,0,0,7122,1538,6784,1830,6423,656,4163,0,0,18076,49216,611,3404,0,0,0,0,0
746,256,747.1521069187189,99819,3979,2125,138,41,40297,20289,0.6069585950570533,2360,1282,15697,20692,17941,10339,9884,15520,47326,37017,0,0,6997,1503,6728,1874,6584,688,4234,0,0,18473,48763,596,3379,0,0,0,0,0
747,256,748.1192517697438,99817,3946,2150,139,42,40830,20586,0.6152859733311961,2401,1297,15523,20596,18270,10521,9720,15393,47346,37039,0,0,6864,1482,6681,1905,6765,714,4314,0,0,18831,48338,585,3338,0,0,0,0,0
748,256,749.0682267231525,99813,3996,2173,141,44,41381,20894,0.6239167242743932,2429,1331,15331,20490,18527,10721,9575,15240,47366,37060,0,0,6754,1461,6618,1942,6941,744,4356,0,0,19155,47952,577,3313,0,0,0,0,0
749,256,750.0016675778754,99812,4048,2157,142,44,41950,21181,0.6324990983048131,2446,1340,15134,20410,18789,10948,9440,15100,47385,37081,0,0,6652,1429,6567,1990,7097,784,4407,0,0,19509,47529,563,3285,0,0,0,0,0
750,256,751.3761116888668,99807,4075,2189,146,45,42762,21631,0.6451751881130582,2437,1285,14891,20320,19197,11241,9253,14919,47404,37102,0,0,6483,1402,6482,2026,7348,845,4511,0,0,19987,46936,552,3235,0,0,0,0,0
751,256,752.2754527074939,99803,4092,2194,150,45,43321,21929,0.6537879622857028,2385,1278,14733,20238,19518,11431,9121,14813,47423,37123,0,0,6370,1382,6432,2052,7492,898,4571,0,0,20335,46516,539,3216,0,0,0,0,0
752,256,753.1618993946671,99801,4123,2238,152,45,43852,22215,0.6619873548361239,2382,1311,14567,20150,19777,11581,8998,14674,47442,37144,0,0,6261,1359,6382,2082,7636,930,4628,0,0,20670,46136,530,3187,0,0,0,0,0
753,256,754.0355294024537,99800,4134,2285,153,45,44378,22529,0.6704108216432866,2380,1281,14421,20085,20028,11764,8883,14539,47461,37164,0,0,6162,1345,6324,2108,7810,970,4674,0,0,20973,45746,521,3167,0,0,0,0,0
754,256,755.323395787565,99796,4153,2268,157,45,45174,22955,0.6826826726522105,2374,1270,14194,19988,20450,12073,8671,14355,47480,37184,0,0,6012,1313,6229,2161,8118,1017,4747,0,0,21415,45158,513,3113,0,0,0,0,0
755,256,756.167083574936,99794,4163,2308,159,45,45703,23246,0.6909132813596007,2348,1271,14071,19904,20704,12243,8554,14228,47499,37204,0,0,5924,1296,6178,2200,8311,1057,4770,0,0,21674,44805,504,3075,0,0,0,0,0
756,256,757.0001258279768,99792,4212,2276,161,45,46230,23505,0.6988035113035113,2283,1285,13970,19831,20943,12444,8430,14118,47517,37224,0,0,5820,1283,6135,2239,8478,1101,4806,0,0,21941,44446,498,3045,0,0,0,0,0
757,256,758.2322648005688,99787,4151,2318,166,45,46918,23930,0.7099922835639914,2325,1268,13770,19709,21340,12698,8247,13961,47535,37244,0,0,5671,1240,6067,2300,8726,1158,4882,0,0,22344,43919,481,2999,0,0,0,0,0
758,256,759.0410515367764,99785,4190,2297,167,46,47390,24197,0.7174124367389888,2358,1271,13665,19644,21471,12876,8148,13865,47553,37263,0,0,5595,1221,6018,2327,8890,1191,4903,0,0,22633,43550,475,2982,0,0,0,0,0
759,256,760.2411853736929,99783,4199,2246,169,46,48091,24544,0.7279296072477276,2360,1352,13479,19525,21805,13135,7987,13695,47571,37282,0,0,5478,1189,5954,2385,9120,1260,4952,0,0,23017,43026,462,2940,0,0,0,0,0
760,256,761.0314424999466,99782,4265,2246,169,47,48584,24797,0.7354132007776953,2328,1352,13382,19470,21968,13292,7887,13592,47589,37301,0,0,5388,1177,5918,2414,9259,1300,4986,0,0,23275,42699,452,2914,0,0,0,0,0
761,256,762.20475058049,99779,4275,2246,170,49,49276,25186,0.7462692550536686,2291,1359,13239,19363,22274,13541,7750,13441,47607,37320,0,0,5269,1151,5839,2463,9522,1338,5028,0,0,23684,42163,444,2878,0,0,0,0,0
762,256,763.3616784111597,99775,4229,2236,173,50,49907,25561,0.7563818591831621,2339,1375,13074,19275,22593,13784,7591,13279,47624,37339,0,0,5146,1129,5780,2502,9765,1397,5079,0,0,24043,41653,437,2844,0,0,0,0,0
763,256,764.1239892096094,99771,4186,2262,175,52,50330,25829,0.7633380441210372,2353,1369,12991,19201,22793,13942,7501,13173,47641,37358,0,0,5062,1109,5734,2525,9932,1443,5108,0,0,24264,41335,433,2826,0,0,0,0,0
764,256,765.2548404365826,99770,4196,2254,176,52,51020,26202,0.7740002004610604,2281,1376,12841,19090,23130,14199,7375,13028,47658,37376,0,0,4927,1085,5687,2566,10131,1514,5174,0,0,24639,40826,422,2799,0,0,0,0,0
765,256,766.0000802150599,99769,4196,2270,177,52,51435,26453,0.7806833786045766,2309,1348,12720,19029,23299,14353,7298,12947,47675,37394,0,0,4848,1069,5651,2585,10312,1547,5196,0,0,24819,40555,412,2775,0,0,0,0,0
766,256,767.1076885319517,99767,4168,2307,179,52,52060,26840,0.7908426634057354,2260,1319,12606,18961,23601,14555,7185,12805,47692,37412,0,0,4744,1044,5588,2621,10523,1616,5231,0,0,25160,40081,402,2757,0,0,0,0,0
767,256,768.201612905542,99764,4155,2303,182,52,52710,27199,0.8009803135399542,2192,1292,12459,18893,23929,14786,7082,12673,47709,37430,0,0,4643,1025,5500,2651,10817,1679,5263,0,0,25438,39638,398,2712,0,0,0,0,0
768,256,769.2821558880524,99760,4117,2311,185,53,53311,27541,0.8104651162790698,2170,1286,12355,18812,24223,14994,6949,12543,47726,37448,0,0,4543,1008,5437,2698,11063,1734,5288,0,0,25739,39192,389,2669,0,0,0,0,0
769,256,770.3499587711378,99759,4060,2321,186,53,53899,27896,0.8199260217123268,2144,1249,12244,18751,24532,15200,6833,12425,47743,37465,0,0,4445,981,5385,2739,11296,1786,5325,0,0,26071,38704,380,2647,0,0,0,0,0
770,256,771.0548552931418,99754,3995,2332,190,54,54284,28121,0.8260821621188122,2093,1241,12200,18711,24753,15327,6768,12334,47759,37482,0,0,4382,966,5344,2761,11445,1841,5334,0,0,26269,38408,375,2629,0,0,0,0,0
771,256,772.1027541680526,99751,3927,2287,193,54,54793,28417,0.8341771009814438,2111,1251,12108,18662,24994,15546,6666,12199,47775,37499,0,0,4301,951,5291,2787,11658,1915,5348,0,0,26534,37992,371,2603,0,0,0,0,0
772,256,773.1411026752969,99749,3887,2251,195,54,55333,28728,0.8427252403532868,2062,1220,12029,18605,25257,15773,6569,12096,47791,37516,0,0,4216,934,5225,2819,11896,1984,5369,0,0,26773,37587,368,2578,0,0,0,0,0
773,256,774.1702378116676,99745,3899,2265,198,55,55889,29041,0.8514712516918141,1980,1240,11976,18518,25462,15932,6484,11989,47807,37533,0,0,4154,913,5168,2842,12117,2054,5372,0,0,26987,37232,359,2547,0,0,0,0,0
774,256,775.1916589377515,99745,3807,2246,198,55,56382,29349,0.8595017294099955,1997,1224,11892,18457,25716,16143,6389,11874,47823,37550,0,0,4080,894,5108,2868,12351,2127,5384,0,0,27233,36831,354,2515,0,0,0,0,0
775,256,776.2042792378783,99744,3798,2218,199,55,56903,29660,0.8678517003529035,1978,1206,11820,18375,25911,16359,6293,11786,47839,37566,0,0,3995,880,5068,2883,12553,2215,5413,0,0,27428,36469,350,2490,0,0,0,0,0
776,256,777.2097870438655,99742,3776,2159,200,56,57423,29951,0.8760000802069339,1950,1226,11739,18327,26116,16568,6218,11663,47855,37582,0,0,3915,864,5023,2913,12760,2285,5428,0,0,27678,36064,345,2467,0,0,0,0,0
777,256,778.2079638881007,99742,3683,2202,200,56,57863,30277,0.8836798941268472,1998,1192,11677,18287,26322,16713,6119,11549,47870,37598,0,0,3844,850,4977,2947,12969,2357,5422,0,0,27846,35746,339,2445,0,0,0,0,0
778,256,779.199089794035,99739,3632,2192,202,57,58356,30575,0.8916371730215863,1954,1153,11595,18239,26561,16908,6055,11450,47885,37614,0,0,3769,825,4924,2985,13169,2431,5430,0,0,28059,35391,333,2423,0,0,0,0,0
779,256,780.1831155373479,99734,3617,2171,206,58,58807,30855,0.8990113702448513,1951,1163,11557,18196,26699,17068,5969,11343,47900,37630,0,0,3710,810,4870,3005,13347,2506,5439,0,0,28263,35062,326,2396,0,0,0,0,0
780,256,781.1617422534877,99729,3595,2141,210,59,59283,31139,0.9066770949272529,1930,1150,11474,18181,26899,17216,5891,11252,47915,37646,0,0,3642,797,4820,3041,13527,2582,5439,0,0,28479,34717,317,2368,0,0,0,0,0
781,256,782.134496761784,99727,3596,2117,211,60,59759,31429,0.9143762471547324,1880,1151,11411,18113,27079,17401,5822,11157,47930,37662,0,0,3579,781,4781,3064,13726,2650,5450,0,0,28656,34380,310,2350,0,0,0,0,0
782,256,783.1013016663087,99725,3488,2068,212,61,60180,31694,0.9212735021308599,1890,1137,11355,18069,27307,17576,5747,11088,47945,37677,0,0,3500,766,4731,3101,13936,2716,5465,0,0,28851,34021,304,2334,0,0,0,0,0
783,256,784.0619253397402,99724,3454,2055,213,61,60612,31963,0.9283121415105692,1881,1140,11337,18027,27442,17715,5672,11001,47960,37692,0,0,3442,750,4692,3142,14107,2794,5451,0,0,29008,33722,302,2314,0,0,0,0,0
784,256,785.0182759846322,99723,3461,2083,213,62,61073,32257,0.9358924220089648,1817,1084,11296,18004,27610,17861,5602,10905,47975,37707,0,0,3390,742,4652,3153,14304,2863,5441,0,0,29145,33442,298,2293,0,0,0,0,0
785,256,786.2855218045668,99723,3358,2069,213,62,61616,32598,0.9447569768258075,1787,1071,11270,17955,27858,18061,5513,10781,47990,37722,0,0,3315,729,4598,3184,14530,2969,5443,0,0,29365,33034,286,2270,0,0,0,0,0
786,256,787.2303253742782,99722,3352,2027,213,63,62047,32848,0.9515954353101622,1747,1055,11249,17931,27973,18220,5465,10703,48004,37737,0,0,3263,720,4561,3213,14702,3051,5426,0,0,29496,32760,278,2252,0,0,0,0,0
787,256,788.171405415544,99722,3345,2027,213,63,62483,33101,0.9585046429072822,1721,1040,11220,17908,28096,18334,5404,10627,48018,37752,0,0,3213,708,4526,3212,14880,3133,5428,0,0,29609,32500,276,2237,0,0,0,0,0
788,256,789.1087976963497,99721,3280,1974,213,64,62878,33329,0.964761685101433,1701,1008,11160,17894,28290,18487,5355,10572,48032,37767,0,0,3146,701,4486,3224,15081,3199,5438,0,0,29748,32206,274,2218,0,0,0,0,0
789,256,790.0413129014322,99718,3247,1945,215,65,63312,33581,0.9716701097093805,1593,960,11149,17868,28492,18653,5303,10508,48046,37781,0,0,3097,693,4446,3240,15249,3291,5424,0,0,29895,31915,271,2197,0,0,0,0,0
790,256,791.2779100231033,99718,3152,1878,215,65,63817,33865,0.9795824224312562,1543,998,11127,17821,28729,18826,5233,10411,48060,37795,0,0,3040,681,4395,3254,15505,3394,5412,0,0,30055,31549,265,2168,0,0,0,0,0
791,256,792.2003723771454,99717,3069,1864,216,65,64133,34089,0.9850075714271388,1548,1022,11109,17797,28876,18930,5181,10321,48074,37809,0,0,2997,672,4359,3283,15656,3460,5389,0,0,30181,31301,261,2158,0,0,0,0,0
792,256,793.1185897681514,99716,3039,1843,217,65,64481,34306,0.9906835412571704,1553,1008,11079,17769,28987,19060,5124,10254,48088,37823,0,0,2962,666,4321,3294,15829,3525,5375,0,0,30286,31058,259,2141,0,0,0,0,0
793,256,794.0338919698297,99714,2996,1787,219,65,64808,34506,0.995988527187757,1566,1004,11065,17757,29080,19196,5073,10190,48102,37837,0,0,2919,657,4288,3302,15992,3599,5370,0,0,30382,30828,258,2119,0,0,0,0,0
794,256,795.250456954681,99712,2915,1762,220,66,65249,34800,1.0033797336328627,1532,955,11062,17761,29253,19344,5017,10111,48116,37851,0,0,2865,641,4247,3330,16212,3693,5356,0,0,30499,30519,255,2095,0,0,0,0,0
795,256,796.1598939013543,99709,2858,1784,222,67,65565,35038,1.0089660913257579,1514,922,11069,17770,29359,19426,4977,10030,48129,37865,0,0,2817,630,4211,3343,16372,3756,5355,0,0,30586,30308,251,2080,0,0,0,0,0
796,256,797.0671747382429,99708,2795,1778,223,67,65877,35274,1.0144722589962691,1506,867,11088,17765,29456,19551,4931,9971,48142,37879,0,0,2779,626,4180,3355,16543,3819,5338,0,0,30694,30066,250,2058,0,0,0,0,0
797,256,798.273398755985,99707,2772,1730,223,68,66316,35552,1.021673503364859,1446,847,11093,17782,29588,19709,4877,9863,48155,37892,0,0,2730,616,4133,3389,16748,3898,5315,0,0,30831,29763,246,2038,0,0,0,0,0
798,256,799.1758620431102,99705,2753,1725,223,70,66639,35754,1.0269595306153152,1410,836,11082,17774,29690,19790,4841,9804,48168,37905,0,0,2691,611,4110,3385,16897,3963,5312,0,0,30903,29562,242,2029,0,0,0,0,0
799,256,800.076253800642,99704,2710,1656,224,70,66940,35935,1.0318041402551552,1383,842,11116,17762,29774,19928,4792,9741,48181,37918,0,0,2649,605,4072,3397,17056,4027,5305,0,0,31002,29337,239,2015,0,0,0,0,0
800,256,801.2739316563585,99702,2668,1563,226,70,67343,36161,1.038133638241961,1338,848,11126,17771,29914,20088,4727,9659,48194,37931,0,0,2599,597,4038,3412,17265,4109,5297,0,0,31100,29055,236,1994,0,0,0,0,0
801,256,802.1696819115542,99701,2590,1561,227,70,67632,36340,1.0428380858767716,1311,823,11139,17760,30045,20168,4687,9617,48207,37944,0,0,2564,593,4012,3427,17417,4176,5282,0,0,31138,28878,234,1980,0,0,0,0,0
802,256,803.0627902451519,99701,2516,1543,227,70,67900,36516,1.0472914012898566,1293,801,11139,17790,30165,20237,4659,9558,48220,37957,0,0,2530,586,3987,3433,17557,4244,5268,0,0,31202,28696,232,1966,0,0,0,0,0
803,256,804.25060616427,99699,2470,1509,228,71,68287,36743,1.053470947552132,1213,787,11173,17813,30302,20330,4613,9489,48233,37970,0,0,2483,576,3963,3444,17730,4332,5260,0,0,31284,28453,228,1946,0,0,0,0,0
804,256,805.1392009422004,99698,2437,1503,228,72,68554,36916,1.0578948424241208,1184,770,11203,17827,30371,20382,4576,9445,48246,37983,0,0,2458,570,3945,3449,17852,4394,5243,0,0,31356,28282,224,1925,0,0,0,0,0
805,256,806.0265700785496,99695,2416,1450,228,75,68812,37080,1.0621595867395557,1167,768,11231,17822,30409,20485,4548,9399,48258,37995,0,0,2421,563,3917,3451,17993,4456,5247,0,0,31401,28115,221,1910,0,0,0,0,0
806,256,807.2088242351933,99692,2369,1423,230,76,69151,37290,1.0676985114151587,1141,747,11276,17821,30487,20592,4496,9340,48270,38007,0,0,2381,549,3889,3485,18156,4538,5229,0,0,31428,27922,218,1897,0,0,0,0,0
807,256,808.0941479515024,99692,2263,1405,230,76,69385,37457,1.0717209003731494,1120,704,11290,17851,30629,20670,4467,9293,48282,38019,0,0,2354,539,3867,3481,18290,4614,5219,0,0,31483,27744,214,1887,0,0,0,0,0
808,256,809.2715315571943,99692,2183,1376,230,76,69707,37646,1.076846687798419,1069,697,11321,17919,30749,20717,4447,9214,48294,38031,0,0,2317,535,3835,3502,18430,4710,5195,0,0,31544,27544,212,1868,0,0,0,0,0
809,256,810.1529344402117,99691,2136,1339,230,77,69924,37803,1.0806090820635765,1071,691,11364,17916,30791,20802,4407,9174,48306,38043,0,0,2296,527,3813,3502,18537,4782,5185,0,0,31594,27385,211,1859,0,0,0,0,0
810,256,811.0338204047114,99689,2079,1310,232,77,70157,37939,1.0843322733701812,1034,686,11389,17933,30882,20856,4383,9137,48318,38055,0,0,2271,520,3800,3501,18644,4858,5177,0,0,31618,27241,208,1851,0,0,0,0,0
811,256,812.2065241272678,99689,2044,1293,232,77,70465,38137,1.089408059063688,993,681,11427,17946,30948,20935,4355,9067,48330,38067,0,0,2244,512,3765,3507,18818,4919,5156,0,0,31675,27050,208,1835,0,0,0,0,0
812,256,813.0851616027877,99689,2013,1298,232,77,70668,38293,1.093009258794852,1013,670,11445,17960,30959,20983,4337,9011,48342,38079,0,0,2219,507,3746,3502,18937,4973,5146,0,0,31681,26945,206,1827,0,0,0,0,0
813,256,814.2562783533673,99689,1969,1270,232,77,70959,38484,1.0978442957598131,1003,663,11472,17978,31020,21062,4303,8949,48354,38091,0,0,2185,500,3723,3515,19034,5065,5132,0,0,31765,26748,202,1820,0,0,0,0,0
814,256,815.1339057570221,99688,1950,1271,233,77,71188,38630,1.1016170451809646,976,638,11504,17997,31048,21103,4288,8913,48366,38103,0,0,2155,495,3701,3525,19132,5122,5124,0,0,31790,26637,198,1809,0,0,0,0,0
815,256,816.0114967113468,99683,1932,1233,234,81,71424,38768,1.10542419469719,975,621,11524,18022,31073,21164,4261,8878,48378,38114,0,0,2126,492,3687,3530,19247,5180,5111,0,0,31810,26503,196,1801,0,0,0,0,0
816,256,817.1805954675716,99683,1854,1194,234,81,71698,38936,1.109858250654575,947,611,11577,18074,31166,21227,4221,8812,48389,38125,0,0,2103,477,3651,3559,19406,5254,5085,0,0,31833,26329,194,1792,0,0,0,0,0
817,256,818.0566808558849,99681,1841,1160,235,82,71903,39050,1.1130807275207912,923,594,11601,18105,31199,21278,4200,8780,48400,38136,0,0,2082,473,3646,3557,19490,5311,5081,0,0,31863,26203,191,1784,0,0,0,0,0
818,256,819.2239096799975,99680,1798,1119,236,82,72162,39191,1.1171047351524879,897,602,11650,18164,31248,21313,4170,8719,48411,38147,0,0,2050,467,3622,3570,19616,5379,5071,0,0,31891,26052,189,1773,0,0,0,0,0
819,256,820.099078247481,99680,1790,1112,236,82,72342,39324,1.120244783306581,893,594,11693,18183,31235,21350,4152,8678,48422,38158,0,0,2030,465,3611,3573,19699,5430,5056,0,0,31911,25952,188,1765,0,0,0,0,0
820,256,821.2664830113359,99680,1722,1108,236,82,72595,39506,1.1246087479935793,880,552,11744,18219,31302,21410,4115,8628,48433,38169,0,0,2011,457,3599,3570,19804,5516,5031,0,0,31975,25780,187,1750,0,0,0,0,0
821,256,822.1413809383957,99678,1698,1073,236,84,72787,39615,1.1276510363370051,836,548,11789,18254,31349,21452,4091,8588,48444,38180,0,0,1991,454,3587,3571,19872,5578,5018,0,0,32025,25659,184,1739,0,0,0,0,0
822,256,823.0159674842051,99678,1679,1053,236,84,72967,39735,1.1306607275426874,802,541,11841,18281,31362,21484,4079,8556,48455,38191,0,0,1975,453,3572,3560,19979,5625,5007,0,0,32047,25551,183,1726,0,0,0,0,0
823,256,824.1825558802275,99678,1607,1045,236,84,73203,39894,1.134623487630169,784,544,11920,18309,31403,21517,4049,8500,48466,38202,0,0,1959,450,3548,3550,20097,5702,4991,0,0,32095,25391,179,1716,0,0,0,0,0
824,256,825.0573034993498,99678,1574,1009,236,84,73370,40006,1.1374225004514538,782,528,11960,18352,31430,21559,4017,8467,48477,38213,0,0,1949,449,3531,3544,20196,5764,4969,0,0,32102,25292,178,1704,0,0,0,0,0
825,256,826.22364677309,99676,1565,1004,238,84,73593,40177,1.141398129941009,774,505,12027,18398,31400,21594,3995,8414,48488,38223,0,0,1930,445,3514,3541,20283,5837,4956,0,0,32139,25156,177,1698,0,0,0,0,0
826,256,827.0993063564922,99674,1538,1004,239,85,73761,40288,1.1442201577141482,766,492,12064,18434,31416,21599,3976,8385,48499,38233,0,0,1913,442,3499,3554,20336,5897,4938,0,0,32160,25069,174,1692,0,0,0,0,0
827,256,828.2668639014393,99674,1493,980,239,85,73985,40427,1.1478620302185123,734,460,12120,18491,31458,21638,3955,8345,48510,38243,0,0,1889,439,3486,3544,20438,5969,4928,0,0,32192,24931,173,1685,0,0,0,0,0
828,256,829.1423886826982,99671,1464,967,240,87,74150,40539,1.1506757231290947,724,459,12157,18505,31481,21663,3933,8318,48521,38253,0,0,1875,437,3472,3541,20512,6025,4911,0,0,32213,24832,171,1682,0,0,0,0,0
829,256,830.0179775386389,99671,1441,962,240,87,74294,40645,1.1531839752786668,733,450,12199,18547,31468,21667,3918,8286,48531,38263,0,0,1859,434,3461,3551,20571,6068,4893,0,0,32246,24743,170,1675,0,0,0,0,0
830,256,831.1860952917733,99671,1406,941,240,87,74498,40768,1.1564647690903072,730,443,12260,18591,31478,21690,3885,8247,48541,38273,0,0,1838,430,3452,3553,20648,6135,4883,0,0,32282,24620,169,1661,0,0,0,0,0
831,256,832.0624223117986,99671,1394,920,240,87,74666,40867,1.15914358238605,698,437,12314,18614,31481,21714,3872,8227,48551,38283,0,0,1811,430,3442,3548,20705,6185,4884,0,0,32327,24517,167,1655,0,0,0,0,0
832,256,833.2313152860372,99671,1371,884,240,87,74869,40995,1.1624645082320835,667,419,12378,18668,31497,21756,3846,8185,48561,38293,0,0,1797,426,3427,3555,20806,6246,4862,0,0,32345,24396,165,1646,0,0,0,0,0
833,256,834.1086014644511,99670,1334,862,240,88,75003,41086,1.1647336209491321,675,385,12436,18726,31489,21773,3825,8165,48571,38303,0,0,1784,424,3416,3558,20875,6292,4845,0,0,32362,24311,165,1638,0,0,0,0,0
834,256,835.2796696748735,99668,1322,823,242,88,75198,41188,1.1677368864630573,631,402,12509,18753,31484,21797,3811,8136,48581,38313,0,0,1766,420,3399,3558,20951,6362,4842,0,0,32360,24214,163,1633,0,0,0,0,0
835,256,836.1586138800634,99668,1266,799,242,88,75334,41268,1.1699040815507484,634,416,12560,18810,31500,21791,3797,8095,48591,38323,0,0,1753,408,3388,3571,21023,6405,4824,0,0,32384,24123,162,1627,0,0,0,0,0
836,256,837.0378080401093,99667,1238,806,242,89,75459,41370,1.172193404035438,633,390,12611,18859,31488,21786,3787,8069,48601,38333,0,0,1740,406,3378,3558,21106,6444,4817,0,0,32371,24063,160,1624,0,0,0,0,0
837,256,838.2109065024806,99667,1217,794,242,89,75660,41504,1.1755545968073686,598,377,12680,18924,31504,21790,3758,8025,48611,38342,0,0,1720,403,3366,3564,21184,6513,4807,0,0,32383,23952,160,1615,0,0,0,0,0
838,256,839.0909828294781,99665,1186,785,243,90,75791,41597,1.1778257161490995,575,369,12738,18978,31510,21786,3747,7991,48621,38351,0,0,1707,399,3355,3565,21268,6550,4793,0,0,32377,23881,158,1612,0,0,0,0,0
839,256,840.2649883431495,99665,1148,764,243,90,75964,41716,1.180755531028947,564,365,12845,19027,31477,21791,3722,7962,48631,38360,1,1,1694,397,3339,3561,21362,6614,4779,0,0,32371,23784,157,1605,0,0,0,0,2
840,256,841.1468921440714,99665,1117,765,243,90,76079,41808,1.182832488837606,584,350,12896,19078,31452,21778,3707,7938,48641,38369,2,2,1686,393,3326,3566,21429,6656,4765,0,0,32364,23720,155,1601,0,2,0,0,2
841,256,842.0299854556018,99664,1098,748,243,91,76211,41898,1.1850718413870605,575,327,12950,19126,31434,21787,3699,7920,48651,38378,3,3,1672,393,3318,3562,21472,6709,4753,0,0,32391,23637,154,1597,0,2,0,0,4
842,256,843.2090358799068,99663,1102,722,244,91,76391,41991,1.1878229633866129,531,321,13055,19215,31390,21783,3677,7867,48661,38387,4,4,1656,392,3303,3567,21533,6766,4738,0,0,32402,23551,153,1595,0,3,0,0,4
843,256,844.0949443861381,99663,1073,710,244,91,76509,42069,1.1897895909214051,517,300,13139,19269,31357,21794,3669,7835,48670,38396,6,5,1647,386,3298,3569,21590,6808,4726,0,0,32407,23478,151,1593,0,4,0,0,6
844,256,845.2784013703258,99663,1036,670,244,91,76651,42140,1.1919267932933988,509,307,13213,19351,31344,21785,3653,7795,48679,38405,9,6,1634,384,3285,3579,21648,6867,4710,0,0,32416,23395,150,1583,0,5,0,0,7
845,256,846.1668642008473,99663,1001,644,244,91,76757,42195,1.1935422373398352,522,314,13284,19388,31303,21788,3645,7774,48688,38414,13,7,1621,382,3280,3580,21701,6902,4699,0,0,32425,23326,150,1580,0,8,0,0,9
846,256,847.0567424340186,99663,986,625,244,91,76865,42256,1.195237951897896,514,306,13352,19445,31273,21788,3630,7744,48697,38423,18,8,1613,379,3269,3581,21768,6936,4681,0,0,32407,23286,148,1574,0,10,0,0,11
847,256,848.2451648117589,99661,974,619,245,92,77014,42348,1.197680135659887,497,321,13446,19502,31227,21758,3610,7707,48706,38432,25,9,1607,376,3262,3577,21830,6986,4669,0,0,32407,23204,147,1570,1,10,0,0,15
848,256,849.1377959529475,99661,959,604,245,92,77132,42413,1.199516360461966,501,319,13493,19559,31207,21743,3594,7682,48715,38441,33,10,1591,374,3251,3577,21889,7019,4660,0,0,32409,23144,147,1567,1,12,1,0,19
849,256,850.0312972766493,99660,936,608,246,92,77236,42484,1.2012843668472808,481,299,13573,19616,31185,21720,3578,7664,48724,38450,43,11,1581,374,3238,3575,21933,7059,4651,0,0,32404,23093,145,1564,1,18,1,0,23
850,256,851.2243516693893,99659,909,595,246,93,77367,42573,1.2035039484642631,472,279,13664,19666,31147,21719,3561,7647,48733,38458,55,12,1572,373,3225,3563,22010,7104,4644,0,0,32398,23016,144,1556,1,23,1,0,29
851,256,852.1205979122733,99659,896,560,246,93,77478,42630,1.205189696866314,455,291,13740,19724,31112,21710,3550,7621,48742,38466,69,13,1562,370,3222,3559,22062,7143,4634,0,0,32399,22945,143,1551,2,26,2,0,39
852,256,853.0182555810484,99658,894,560,246,94,77579,42700,1.2069176583916996,434,283,13812,19786,31069,21672,3544,7604,48751,38474,85,14,1553,367,3214,3562,22104,7176,4621,0,0,32394,22895,141,1550,2,30,2,0,47
853,256,854.2172037647356,99658,872,546,246,94,77720,42788,1.2092155170683738,432,255,13896,19858,31040,21659,3513,7587,48760,38482,104,15,1540,365,3204,3558,22183,7224,4611,0,0,32373,22829,141,1537,2,39,2,0,50
854,256,855.117549928759,99658,842,535,246,94,77822,42836,1.2107206646731823,422,259,13937,19900,31047,21624,3505,7587,48769,38490,125,17,1530,363,3195,3557,22220,7268,4602,0,0,32365,22772,141,1533,2,47,4,0,59
855,256,856.0185262887483,99658,850,523,246,94,77933,42901,1.212486704529491,388,236,14020,19965,30996,21602,3499,7579,48778,38498,149,19,1518,359,3187,3555,22266,7298,4597,0,0,32366,22708,141,1527,3,58,5,0,70
856,256,857.222666456414,99656,808,502,247,95,78046,42974,1.2143774584570923,385,244,14124,20026,30955,21556,3480,7576,48787,38506,176,21,1501,358,3173,3551,22314,7354,4595,0,0,32352,22635,141,1521,3,73,8,0,77
857,256,858.1273371677133,99656,817,479,247,95,78133,43020,1.2157120494501084,379,245,14190,20085,30887,21528,3479,7567,48796,38514,206,23,1498,358,3166,3549,22333,7387,4574,0,0,32379,22568,141,1519,3,81,9,0,91
858,256,859.0337579737859,99656,790,461,247,95,78227,43073,1.2171871237055472,354,239,14252,20119,30883,21518,3473,7567,48805,38522,239,26,1491,357,3157,3548,22366,7434,4565,0,0,32359,22511,138,1515,3,98,11,0,103
859,256,860.2438514364567,99656,760,438,247,95,78335,43145,1.2189933370795536,349,225,14339,20199,30836,21493,3468,7549,48813,38530,276,29,1478,357,3148,3538,22406,7488,4560,0,0,32346,22437,136,1512,6,113,13,0,118
860,256,861.1531772988282,99655,746,447,248,95,78416,43196,1.2203301389794792,342,230,14411,20224,30788,21437,3464,7566,48821,38538,317,32,1468,355,3142,3533,22436,7522,4555,0,0,32321,22392,136,1510,7,132,14,0,132
861,256,862.064218534814,99655,733,443,248,95,78491,43257,1.221694847222919,345,218,14491,20252,30726,21393,3456,7598,48829,38546,361,36,1460,353,3134,3530,22481,7553,4545,0,0,32288,22344,136,1508,7,154,15,0,147
862,256,863.2820403017037,99655,707,457,248,95,78589,43334,1.2234509056244043,353,214,14602,20312,30651,21313,3438,7608,48837,38554,409,40,1452,350,3123,3535,22508,7603,4531,0,0,32271,22282,134,1504,7,175,17,0,163
863,256,864.1974128583056,99655,699,451,248,95,78660,43385,1.2246751291957252,344,210,14651,20346,30617,21268,3440,7629,48845,38562,462,45,1447,347,3119,3535,22550,7630,4520,0,0,32248,22220,133,1501,7,194,19,0,185
864,256,865.1140046748029,99655,688,449,248,95,78732,43441,1.2259595604836686,338,203,14714,20369,30577,21228,3434,7655,48853,38570,519,50,1441,347,3114,3528,22594,7662,4509,0,0,32214,22167,133,1494,11,216,20,0,205
865,256,866.0320286366965,99655,693,424,248,95,78813,43477,1.2271336109578044,327,223,14782,20398,30517,21175,3432,7684,48861,38578,580,56,1437,345,3106,3523,22601,7704,4496,0,0,32221,22094,133,1492,13,239,24,0,227
866,256,867.2585548571719,99655,673,414,248,95,78928,43547,1.2289900155536602,308,211,14870,20438,30480,21123,3420,7718,48869,38585,646,62,1431,344,3101,3523,22627,7771,4480,0,0,32183,22023,129,1488,14,265,24,0,252
867,256,868.1800329139766,99655,678,414,248,95,79011,43598,1.2303346545582259,293,214,14943,20463,30417,21055,3420,7758,48877,38592,716,69,1425,342,3096,3520,22623,7822,4476,0,0,32156,21970,129,1484,16,303,27,0,266
868,256,869.103397010284,99655,626,407,248,95,79073,43652,1.2314986704129245,298,208,15018,20479,30399,21007,3410,7803,48885,38599,791,77,1419,340,3081,3516,22650,7876,4466,0,0,32122,21904,129,1479,18,335,31,0,289
869,256,870.0279519518242,99655,605,387,248,95,79136,43698,1.2325924439315639,296,204,15078,20515,30362,20958,3410,7840,48893,38606,871,86,1413,338,3068,3517,22669,7920,4452,0,0,32097,21834,128,1476,18,369,38,0,318
870,256,871.2630315744315,99655,589,381,248,95,79223,43759,1.2340775676082485,294,191,15173,20568,30298,20888,3397,7876,48901,38613,956,95,1408,335,3053,3513,22694,7967,4440,0,0,32075,21749,128,1471,22,405,44,0,351
871,256,872.1912895402786,99654,558,381,249,95,79278,43806,1.235113492684689,292,179,15246,20601,30252,20816,3402,7927,48909,38620,1046,105,1405,334,3044,3509,22707,8014,4427,0,0,32032,21686,128,1465,25,449,45,0,384
872,256,873.1214861442005,99654,555,376,249,95,79336,43846,1.2360968952575913,281,174,15320,20630,30188,20738,3406,7986,48917,38627,1142,116,1399,330,3038,3507,22709,8056,4420,0,0,32000,21618,128,1464,25,488,51,0,421
873,256,874.0538692843214,99653,547,368,250,95,79393,43887,1.2370927117096324,269,172,15394,20643,30137,20664,3402,8057,48925,38634,1243,128,1395,330,3031,3507,22713,8101,4407,0,0,31956,21558,127,1456,29,533,55,0,455
874,256,875.2999082010781,99653,545,365,250,95,79475,43946,1.238507621446419,249,162,15507,20681,30051,20572,3397,8124,48933,38641,1349,141,1392,327,3023,3504,22746,8140,4395,0,0,31907,21466,127,1455,29,583,57,0,502
875,256,876.236996958485,99653,528,368,250,95,79530,43982,1.239420790141792,246,162,15575,20697,29995,20480,3405,8197,48941,38648,1461,155,1388,325,3019,3497,22744,8184,4385,0,0,31867,21395,125,1451,33,633,61,0,546
876,256,877.1760387401067,99653,494,360,250,95,79583,44021,1.2403439936579932,248,149,15655,20710,29937,20414,3415,8271,48949,38655,1578,170,1385,324,3011,3490,22759,8233,4376,0,0,31818,21307,125,1445,35,678,66,0,601
877,256,878.1172792802904,99653,475,350,250,95,79633,44060,1.2412370927117096,240,141,15740,20740,29873,20329,3421,8344,48957,38662,1701,186,1382,323,3000,3493,22757,8284,4361,0,0,31768,21229,125,1442,37,732,70,0,650
878,256,879.061142158541,99653,454,345,250,95,79684,44095,1.2421000873029413,235,136,15823,20754,29807,20243,3430,8426,48964,38669,1829,203,1381,321,2987,3498,22743,8341,4343,0,0,31719,21158,125,1441,38,790,76,0,692
879,256,880.0073169251577,99652,449,328,250,96,79733,44130,1.2429554850881066,236,131,15897,20776,29735,20157,3432,8511,48971,38676,1963,221,1375,319,2979,3493,22730,8396,4335,0,0,31676,21077,125,1436,41,845,83,0,742
880,256,881.2728088837634,99652,451,314,250,96,79807,44169,1.2440894312206479,222,133,16008,20801,29634,20061,3434,8594,48978,38683,2103,241,1370,316,2972,3492,22737,8445,4325,0,0,31619,20988,125,1429,41,905,90,0,798
881,256,882.2248368605852,99652,458,316,250,96,79866,44203,1.2450226789226508,211,125,16080,20829,29558,19948,3442,8685,48985,38690,2248,262,1366,315,2965,3491,22729,8491,4317,0,0,31550,20916,125,1423,44,973,96,0,851
882,256,883.17942865851,99652,465,311,250,96,79930,44234,1.2459759964677075,198,121,16174,20845,29462,19848,3450,8778,48992,38697,2399,284,1363,315,2952,3488,22725,8541,4312,0,0,31481,20827,125,1421,45,1038,104,0,915
883,256,884.1370358187893,99652,449,301,250,96,79971,44264,1.2466884758961185,198,130,16241,20850,29395,19722,3466,8900,48999,38704,2556,308,1359,313,2948,3489,22706,8601,4299,0,0,31418,20750,125,1416,48,1110,107,0,963
884,256,885.0972740731161,99652,438,303,250,96,80027,44300,1.2476116886765944,182,124,16320,20850,29326,19613,3483,9013,49006,38710,2718,333,1356,313,2943,3486,22686,8667,4293,0,0,31339,20668,123,1411,50,1179,112,0,1026
885,256,886.0599823974813,99652,423,289,250,96,80063,44327,1.24824388873279,194,130,16387,20837,29247,19516,3498,9131,49013,38716,2886,360,1345,312,2932,3483,22662,8728,4293,0,0,31268,20586,123,1406,53,1252,120,0,1089
886,256,887.0254988690532,99651,411,290,250,97,80117,44363,1.2491595668884408,198,130,16454,20826,29180,19407,3506,9249,49020,38722,3059,388,1339,311,2919,3479,22642,8790,4286,0,0,31191,20506,123,1399,59,1330,127,0,1150
887,256,888.3165500893998,99651,387,262,250,97,80173,44405,1.250142999066743,185,128,16559,20856,29086,19292,3532,9364,49027,38728,3238,418,1333,307,2909,3479,22649,8849,4277,0,0,31118,20390,123,1388,64,1408,134,0,1223
888,256,889.2880458796772,99651,386,252,250,97,80220,44436,1.2509257308004937,181,116,16637,20860,28992,19179,3553,9495,49034,38734,3422,450,1328,306,2906,3475,22623,8912,4270,0,0,31051,20290,123,1380,71,1485,136,0,1295
889,256,890.2627329603908,99651,359,238,250,97,80256,44461,1.2515378671563757,182,109,16718,20854,28919,19062,3571,9639,49041,38740,3612,484,1325,305,2898,3475,22611,8969,4258,0,0,30972,20184,123,1370,74,1573,142,0,1372
890,256,891.2403269677006,99651,349,229,250,97,80306,44487,1.2523005288456714,186,102,16787,20842,28831,18969,3596,9760,49048,38746,3807,519,1318,304,2879,3475,22605,9026,4250,0,0,30881,20082,123,1366,77,1657,153,0,1455
891,256,892.2210397215396,99651,343,225,250,97,80356,44508,1.2530130154238293,172,102,16868,20831,28744,18846,3622,9898,49055,38752,4007,556,1311,302,2869,3475,22572,9091,4245,0,0,30779,19996,122,1362,79,1759,161,0,1528
892,256,893.2051692449496,99651,343,224,250,97,80397,44542,1.2537656420908971,171,90,16951,20822,28643,18717,3641,10049,49062,38758,4212,595,1309,302,2850,3472,22539,9154,4236,0,0,30699,19897,122,1358,82,1849,177,0,1605
893,256,894.1928618044094,99651,338,213,250,97,80431,44564,1.2543276033356414,180,91,17028,20792,28532,18595,3671,10211,49069,38764,4422,636,1305,301,2836,3471,22502,9215,4226,0,0,30612,19802,122,1352,87,1958,187,0,1675
894,256,895.1840936365008,99651,327,196,250,97,80473,44579,1.254899599602613,172,97,17083,20767,28469,18484,3698,10358,49076,38770,4637,679,1299,300,2824,3475,22465,9291,4216,0,0,30528,19689,122,1346,92,2035,198,0,1771
895,256,896.1779120553184,99651,320,194,250,97,80519,44611,1.2556823313363639,165,93,17156,20738,28376,18370,3732,10507,49083,38776,4856,724,1295,299,2812,3477,22446,9352,4206,0,0,30423,19579,122,1340,96,2141,203,0,1860
896,256,897.1751295703831,99651,334,197,250,97,80576,44643,1.256575448314618,137,75,17216,20713,28297,18241,3765,10676,49090,38782,5080,772,1292,298,2802,3473,22406,9424,4199,0,0,30325,19476,122,1339,97,2245,210,0,1943
897,256,898.1755406484768,99651,325,202,250,97,80607,44672,1.2571775496482724,142,65,17292,20700,28185,18095,3805,10840,49097,38788,5308,822,1290,298,2788,3471,22377,9482,4191,0,0,30203,19380,121,1336,101,2368,223,0,2022
898,256,899.179692636249,99651,300,191,250,97,80637,44691,1.2576692657374235,145,69,17341,20673,28119,17956,3844,11013,49104,38794,5541,874,1289,298,2775,3461,22336,9561,4186,0,0,30103,19267,119,1330,108,2481,233,0,2104
899,256,900.1869098689216,99651,304,184,250,97,80664,44705,1.258080701648754,159,93,17408,20710,28043,17933,3835,10982,49104,38794,5541,874,1288,298,2775,3462,22344,9568,4184,0,0,30108,19250,119,1329,108,2481,233,0,2104
900,256,900.1869098689216,99651,301,189,250,97,80673,44714,1.2582613320488505,174,91,17399,20637,27991,17815,3884,11170,49104,38794,5778,928,1287,298,2768,3462,22289,9629,4183,1,3,29991,19161,119,1322,115,2593,240,0,2190
901,256,901.1981512753015,99651,295,184,250,97,80704,44742,1.2588533983602774,190,80,17481,20622,27866,17676,3917,11340,49104,38794,6018,985,1285,297,2756,3464,22232,9715,4180,3,20,29860,19061,118,1315,120,2701,251,0,2273
902,256,902.2137629381381,99651,316,170,250,97,80758,44760,1.2595759199606626,179,89,17580,20585,27723,17545,3951,11513,49104,38794,6262,1044,1285,297,2743,3462,22193,9778,4179,3,47,29723,18935,118,1311,122,2820,263,1,2371
903,256,903.2343745602514,99651,317,167,250,97,80801,44783,1.2602382314276825,187,103,17647,20540,27604,17408,3994,11684,49104,38794,6510,1105,1283,297,2724,3463,22141,9859,4176,5,59,29595,18822,118,1307,126,2928,275,1,2472
904,256,904.259214429646,99651,314,160,250,97,80841,44803,1.2608403327613371,198,110,17712,20498,27493,17267,4032,11867,49104,38794,6761,1169,1282,297,2706,3468,22087,9944,4170,6,75,29453,18711,117,1306,127,3046,288,2,2566
905,256,905.2882863523553,99650,303,161,251,97,80894,44830,1.2616557952834921,189,119,17811,20469,27369,17122,4076,12031,49104,38794,7015,1235,1277,297,2693,3459,22054,10017,4168,11,93,29297,18590,117,1299,133,3177,297,5,2666
906,256,906.3217674169701,99650,301,177,251,97,80944,44866,1.2625188158554943,189,108,17854,20430,27283,16978,4121,12209,49104,38794,7272,1304,1275,296,2678,3458,21996,10108,4166,13,104,29146,18480,117,1296,134,3303,310,5,2765
907,256,907.0127583636339,99650,311,172,251,97,80990,44882,1.26314099347717,190,104,17873,20349,27197,16863,4177,12414,49104,38794,7532,1376,1274,295,2663,3456,21942,10186,4166,14,116,29008,18359,117,1290,140,3421,324,6,2873
908,256,908.0531827572496,99650,313,181,251,97,81041,44908,1.2639136979427998,199,104,17930,20319,27077,16703,4229,12595,49104,38794,7794,1450,1269,295,2644,3459,21886,10272,4161,19,125,28843,18271,117,1280,150,3561,340,8,2950
909,256,909.0978471278196,99650,325,198,251,97,81087,44947,1.2647666833918716,218,96,17978,20275,26939,16563,4288,12770,49104,38794,8059,1527,1265,295,2632,3460,21814,10363,4160,23,138,28690,18163,116,1276,154,3700,348,10,3043
910,256,910.147422469228,99650,336,186,251,97,81152,44966,1.265609633718013,208,109,18039,20229,26834,16433,4331,12945,49104,38794,8326,1607,1263,295,2621,3457,21760,10455,4156,25,151,28531,18036,116,1273,156,3831,357,13,3154
911,256,911.2010490829744,99650,342,184,251,97,81202,44996,1.2664124435524335,205,110,18075,20189,26733,16285,4393,13134,49104,38794,8595,1689,1262,294,2601,3455,21708,10539,4152,26,168,28371,17917,116,1267,161,3971,373,14,3255
912,256,912.258581271953,99650,340,189,251,97,81245,45028,1.2671650777722028,217,109,18143,20151,26591,16130,4457,13323,49104,38794,8865,1774,1261,294,2589,3453,21629,10647,4150,27,178,28220,17802,116,1262,165,4100,383,20,3354
913,256,913.3212431303643,99650,335,198,251,97,81293,45053,1.2678976417461114,215,120,18192,20124,26485,15964,4521,13496,49104,38794,9137,1862,1261,294,2573,3458,21565,10737,4143,27,189,28050,17695,115,1253,173,4249,398,20,3450
914,256,914.032136165981,99650,329,197,251,97,81328,45074,1.2684596086302058,220,117,18220,20043,26388,15835,4591,13710,49104,38794,9410,1953,1259,294,2561,3458,21501,10825,4140,29,200,27882,17584,115,1242,182,4398,410,23,3547
915,256,915.1032176330787,99650,342,194,251,97,81387,45105,1.2693627696939287,213,109,18274,19981,26256,15720,4663,13898,49104,38794,9684,2046,1257,294,2551,3456,21424,10928,4135,31,218,27709,17479,114,1238,186,4554,419,25,3632
916,256,916.1794904678743,99650,337,190,251,97,81437,45137,1.2701856497742097,194,102,18319,19947,26166,15579,4732,14084,49104,38794,9959,2142,1256,294,2536,3454,21375,11019,4132,32,237,27529,17357,114,1229,193,4703,430,29,3731
917,256,917.2603543254558,99650,339,189,251,97,81489,45164,1.2709784244856999,209,108,18387,19911,26019,15440,4794,14254,49104,38794,10235,2241,1255,294,2527,3460,21304,11124,4124,33,250,27364,17236,114,1218,200,4842,438,31,3836
918,256,918.34673791531,99650,345,181,251,97,81543,45198,1.2718615153035624,197,106,18445,19879,25897,15302,4864,14434,49104,38794,10512,2343,1253,294,2511,3455,21226,11242,4124,35,269,27200,17110,113,1208,208,4978,450,34,3940
919,256,919.0739167983575,99650,348,174,251,97,81581,45213,1.272393376818866,194,117,18453,19801,25796,15163,4957,14647,49104,38794,10789,2448,1251,293,2498,3459,21156,11334,4120,37,278,27028,16999,113,1201,215,5130,462,39,4037
920,256,920.1697300219597,99650,344,192,251,97,81641,45255,1.2734169593577522,194,109,18494,19766,25688,15013,5028,14822,49104,38794,11066,2555,1248,292,2482,3464,21080,11440,4113,40,295,26858,16873,112,1197,219,5279,473,44,4141
921,256,921.2701327224705,99650,346,201,251,97,81699,45286,1.274310085298545,194,115,18533,19730,25562,14859,5113,14997,49104,38794,11343,2665,1247,291,2472,3465,21014,11540,4108,41,316,26690,16742,112,1190,225,5421,481,48,4247
922,256,922.0065701617428,99650,347,200,251,97,81740,45310,1.2749623682890114,190,111,18548,19649,25460,14750,5203,15192,49104,38794,11620,2778,1244,291,2464,3464,20944,11636,4107,44,337,26517,16609,112,1182,232,5572,488,48,4359
923,256,923.1168529152874,99650,334,215,251,97,81787,45346,1.2757952834922228,215,97,18593,19616,25324,14612,5282,15362,49104,38794,11897,2894,1244,291,2444,3471,20887,11731,4098,44,343,26335,16483,112,1173,239,5724,504,53,4474
924,256,924.2326500072559,99649,337,211,252,97,81848,45373,1.2766911860630814,207,93,18629,19576,25199,14471,5375,15551,49104,38794,12174,3013,1239,291,2426,3470,20835,11822,4092,48,356,26144,16355,112,1165,245,5890,518,59,4582
925,256,925.3540642072174,99649,345,215,252,97,81907,45408,1.2776344970847675,190,86,18682,19525,25072,14342,5458,15734,49104,38794,12450,3134,1237,289,2413,3472,20747,11933,4088,50,378,25971,16230,112,1159,250,6046,530,62,4682
926,256,926.1049737679023,99649,349,205,252,97,81939,45423,1.2781061525956106,187,89,18687,19442,24966,14236,5558,15930,49104,38794,12725,3258,1234,289,2392,3477,20669,12028,4084,53,386,25816,16108,111,1149,259,6186,550,69,4789
927,256,927.2372016260329,99649,334,213,252,97,81993,45459,1.2790093227227568,181,81,18737,19389,24843,14096,5652,16123,49104,38794,12999,3385,1233,289,2366,3470,20585,12156,4084,54,402,25636,16005,110,1136,270,6335,573,72,4873
928,256,928.3752426139974,99649,324,205,252,97,82035,45488,1.279721823600839,187,82,18776,19329,24703,13975,5757,16311,49104,38794,13272,3515,1233,289,2351,3474,20526,12258,4079,54,418,25479,15861,110,1124,278,6458,584,77,4996
929,256,929.137536797467,99649,319,203,252,97,82070,45499,1.280183443888047,191,97,18796,19242,24593,13847,5848,16513,49104,38794,13544,3647,1232,288,2332,3480,20433,12369,4071,55,420,25334,15739,110,1116,284,6592,601,82,5111
930,256,930.2872943319912,99649,329,203,252,97,82128,45528,1.2810565083442884,200,95,18838,19216,24424,13703,5956,16685,49104,38794,13815,3782,1230,288,2313,3484,20355,12475,4065,57,434,25153,15621,110,1106,287,6757,617,84,5213
931,256,931.0577784895737,99649,330,192,252,97,82164,45544,1.2815783399733063,204,103,18844,19154,24308,13582,6061,16871,49104,38794,14084,3920,1228,288,2294,3484,20296,12562,4060,59,443,24990,15497,110,1101,291,6901,633,96,5316
932,256,932.2204823252381,99649,333,186,252,97,82221,45573,1.2824413692059127,194,105,18884,19108,24175,13467,6161,17036,49104,38794,14351,4060,1227,288,2271,3482,20209,12689,4058,60,462,24823,15372,110,1097,294,7037,653,101,5416
933,256,933.3899290915432,99649,335,171,252,97,82279,45603,1.2833244688857892,180,98,18930,19095,24026,13352,6276,17186,49104,38794,14617,4203,1224,287,2257,3475,20141,12808,4054,63,475,24636,15254,110,1087,304,7187,665,112,5510
934,256,934.1734036313323,99649,326,168,252,97,82308,45623,1.2838161948439022,191,98,18935,19044,23912,13230,6383,17362,49104,38794,14881,4348,1222,287,2238,3475,20062,12912,4050,65,479,24471,15130,110,1085,305,7334,682,123,5619
935,256,935.3558511085547,99649,337,168,252,97,82368,45648,1.2846691888528736,193,94,18963,19015,23757,13097,6497,17528,49104,38794,15143,4496,1219,287,2223,3475,19987,13021,4047,68,493,24299,15010,110,1079,310,7479,694,129,5719
936,256,936.1483348021708,99649,332,161,252,97,82403,45671,1.2852512318237013,186,91,18953,18977,23655,12977,6621,17696,49104,38794,15403,4646,1217,287,2200,3476,19900,13137,4043,70,508,24139,14893,110,1075,313,7617,714,135,5815
937,256,937.3437404842844,99648,321,163,252,98,82458,45695,1.2860569203596661,180,90,18990,18973,23516,12837,6740,17838,49104,38794,15661,4798,1213,285,2184,3469,19840,13243,4043,73,526,23942,14785,110,1066,320,7785,725,136,5903
938,256,938.1446331614453,99648,321,156,252,98,82494,45709,1.2865586865767502,180,102,18983,18902,23404,12727,6859,18014,49104,38794,15917,4952,1213,285,2172,3468,19750,13358,4043,73,536,23760,14672,110,1057,329,7944,736,141,6001
939,256,939.353048690262,99648,315,162,252,98,82540,45742,1.2873514771997432,187,87,19016,18887,23255,12604,6974,18161,49104,38794,16170,5109,1211,285,2161,3470,19665,13475,4038,75,554,23580,14554,110,1050,335,8099,744,148,6094
940,256,940.1627965738244,99648,316,164,252,98,82582,45767,1.2880238439306357,166,84,19019,18831,23156,12497,7090,18325,49104,38794,16421,5268,1210,285,2139,3475,19586,13579,4033,75,559,23402,14458,110,1038,344,8258,764,159,6174
941,256,941.384484055763,99647,326,157,253,98,82640,45789,1.288839603801419,166,84,19031,18821,23015,12366,7208,18473,49104,38794,16670,5429,1205,284,2124,3478,19506,13693,4026,80,572,23228,14336,110,1032,347,8407,777,163,6279
942,256,942.2030550097791,99647,328,166,253,98,82671,45816,1.2894216584543439,167,73,19028,18767,22889,12252,7334,18643,49104,38794,16916,5592,1204,284,2106,3480,19409,13810,4022,81,575,23074,14225,110,1027,351,8546,793,172,6378
943,256,943.026132565169,99647,319,168,253,98,82708,45837,1.2900037131072686,163,77,19054,18706,22742,12150,7468,18800,49104,38794,17160,5757,1200,284,2094,3478,19323,13924,4020,85,582,22910,14118,110,1023,353,8691,804,180,6468
944,256,944.269251234298,99647,319,169,253,98,82762,45858,1.2907563699860507,161,89,19048,18692,22625,12021,7593,18930,49104,38794,17401,5924,1200,283,2079,3480,19249,14033,4015,85,576,22746,14002,110,1015,359,8832,815,193,6575
945,256,945.1018397659119,99647,317,165,253,98,82802,45875,1.2913283892139251,151,98,19048,18631,22497,11926,7733,19081,49104,38794,17639,6092,1197,283,2064,3481,19162,14147,4012,88,587,22580,13880,110,1011,363,8976,827,201,6678
946,256,946.3590775155758,99646,294,146,254,98,82851,45903,1.2921140838568532,154,105,19077,18620,22349,11833,7871,19197,49104,38794,17875,6262,1194,283,2056,3478,19072,14280,4009,91,610,22394,13750,110,1004,369,9127,834,204,6781
947,256,947.2018217938152,99646,294,147,254,98,82889,45924,1.2927061798767638,140,101,19068,18578,22231,11740,8012,19335,49104,38794,18108,6434,1193,283,2037,3477,18996,14385,4005,92,617,22235,13634,110,997,376,9265,850,209,6885
948,256,948.0493742926514,99646,296,146,254,98,82926,45942,1.2932581337936295,136,96,19081,18537,22091,11631,8141,19491,49104,38794,18338,6607,1192,282,2015,3484,18876,14522,3999,93,623,22086,13548,110,986,384,9403,870,214,6959
949,256,949.3298832410446,99646,287,149,254,98,82965,45980,1.2940308692772415,150,76,19108,18530,21932,11537,8268,19609,49104,38794,18565,6782,1189,281,2004,3483,18790,14652,3997,96,635,21922,13443,110,977,391,9531,879,217,7049
950,256,950.1890141983705,99646,283,151,254,98,82990,45994,1.294422254781928,156,75,19103,18503,21796,11442,8407,19730,49104,38794,18790,6958,1187,281,1989,3485,18695,14762,3993,98,637,21762,13344,110,972,396,9681,891,223,7140
951,256,951.0534058194081,99646,288,139,254,98,83025,46006,1.2948939244927042,162,88,19079,18481,21671,11338,8545,19855,49104,38794,19012,7135,1184,281,1974,3487,18620,14865,3988,101,638,21591,13255,110,964,403,9831,903,234,7217
952,256,952.3588533141772,99646,278,143,254,98,83078,46033,1.2956967665535997,149,91,19135,18501,21534,11227,8649,19939,49104,38794,19231,7313,1183,280,1961,3489,18536,14989,3981,102,643,21423,13152,110,956,410,9970,915,242,7304
953,256,953.2341081907686,99646,280,144,254,98,83115,46049,1.296228649418943,148,94,19133,18462,21401,11128,8783,20073,49104,38794,19447,7492,1183,280,1940,3488,18457,15091,3979,102,648,21257,13046,110,951,414,10119,934,248,7399
954,256,954.1144865494555,99646,275,151,254,98,83145,46067,1.2967103546554803,156,94,19117,18421,21271,11031,8926,20204,49104,38794,19660,7672,1179,280,1926,3487,18363,15205,3977,106,650,21098,12960,110,944,420,10264,946,253,7478
955,256,955.0003003544654,99644,287,156,256,98,83187,46090,1.2973887037854763,148,85,19105,18425,21143,10918,9060,20317,49104,38794,19870,7853,1178,280,1913,3482,18254,15332,3976,107,651,20952,12871,110,940,424,10397,959,265,7553
956,256,956.3386789128821,99644,286,157,256,98,83239,46118,1.2981915619605797,139,87,19131,18428,20996,10813,9191,20416,49104,38794,20077,8035,1175,280,1898,3475,18169,15450,3974,110,666,20800,12760,110,934,427,10532,973,268,7643
957,256,957.2360560811318,99644,272,159,256,98,83265,46140,1.2986732768656417,154,87,19119,18425,20865,10711,9333,20519,49104,38794,20281,8218,1174,279,1888,3478,18093,15553,3969,111,672,20622,12675,110,928,433,10688,981,278,7712
958,256,958.1389320016852,99643,275,166,256,99,83297,46171,1.2993185672852081,165,77,19101,18394,20725,10632,9477,20631,49104,38794,20483,8402,1174,279,1867,3475,18004,15670,3967,111,674,20462,12595,110,921,440,10827,1000,285,7782
959,256,959.0478405454458,99642,276,165,257,99,83335,46190,1.299903655085205,158,75,19101,18363,20582,10543,9625,20754,49104,38794,20682,8586,1174,279,1854,3475,17903,15791,3963,111,683,20298,12510,110,918,442,10982,1008,292,7849
960,256,960.4221528334086,99642,272,160,257,99,83387,46212,1.3006463138034163,163,89,19110,18378,20437,10449,9760,20824,49104,38794,20878,8771,1171,279,1833,3474,17811,15916,3959,113,694,20161,12407,110,911,446,11096,1028,301,7932
961,256,961.3438606917197,99642,273,152,257,99,83422,46227,1.30114811023464,155,91,19103,18355,20311,10375,9900,20927,49104,38794,21071,8956,1170,279,1825,3476,17734,16016,3955,114,701,20006,12304,110,906,451,11230,1036,309,8020
962,256,962.2712511409941,99642,267,152,257,99,83456,46246,1.3016800144517373,157,85,19101,18334,20181,10280,10036,21049,49104,38794,21261,9141,1169,278,1815,3481,17654,16114,3950,115,703,19850,12214,110,903,454,11370,1045,319,8098
963,256,963.204590937785,99642,269,162,257,99,83495,46266,1.3022721342405812,158,78,19094,18324,20055,10188,10166,21148,49104,38794,21448,9326,1168,278,1804,3482,17558,16229,3947,115,703,19716,12126,109,896,461,11490,1055,325,8180
964,256,964.1439986061263,99642,265,154,257,99,83536,46283,1.302854218100801,161,82,19087,18316,19922,10114,10307,21234,49104,38794,21632,9512,1165,277,1794,3482,17483,16337,3943,118,706,19555,12031,109,892,463,11628,1063,331,8265
965,256,965.0896147246528,99642,256,161,257,99,83566,46305,1.3033760863892736,175,79,19062,18298,19803,10037,10446,21325,49104,38794,21813,9698,1163,276,1785,3483,17393,16448,3939,119,710,19410,11933,109,885,468,11760,1072,338,8351
966,256,966.0410817164957,99642,275,156,257,99,83611,46325,1.3040284217498646,169,89,19048,18273,19667,9962,10583,21420,49104,38794,21992,9884,1161,276,1773,3482,17304,16562,3936,121,715,19265,11850,109,880,471,11887,1083,347,8420
967,256,967.4794898596266,99642,292,154,257,99,83684,46354,1.305052086469561,146,79,19086,18339,19513,9860,10705,21468,49104,38794,22168,10070,1157,276,1760,3479,17204,16693,3933,125,719,19106,11779,109,875,475,12022,1096,363,8471
968,256,968.4446195089048,99642,274,165,257,99,83712,46379,1.3055839906866582,156,78,19059,18329,19406,9781,10847,21547,49104,38794,22341,10255,1155,276,1745,3476,17113,16811,3928,127,720,18969,11686,109,873,476,12143,1109,370,8556
969,256,969.4154359165808,99642,281,159,257,99,83747,46399,1.3061359667610044,151,78,19055,18317,19281,9719,10974,21627,49104,38794,22511,10440,1152,276,1734,3480,17017,16929,3924,130,727,18830,11598,109,869,478,12263,1119,376,8631
970,256,970.3925322935523,99642,269,155,257,99,83769,46419,1.3065574757632323,165,78,19054,18312,19143,9650,11111,21705,49104,38794,22679,10625,1151,274,1722,3485,16931,17037,3918,131,728,18688,11517,108,858,488,12392,1128,387,8699
971,256,971.3762054082148,99642,249,146,257,99,83803,46441,1.307119487766203,159,70,19070,18305,19026,9600,11238,21779,49104,38794,22844,10809,1148,272,1710,3490,16848,17154,3913,134,737,18547,11427,107,850,495,12506,1137,398,8769
972,256,972.3655022720632,99641,249,138,257,100,83839,46463,1.3077146957577703,150,62,19058,18322,18920,9533,11365,21844,49104,38794,23006,10993,1146,272,1700,3494,16768,17262,3909,136,748,18401,11346,107,845,498,12628,1145,404,8832
973,256,973.3558781487405,99641,274,138,257,100,83882,46481,1.3083268935478367,136,60,19060,18331,18773,9461,11499,21909,49104,38794,23166,11176,1146,272,1685,3493,16681,17365,3907,136,748,18280,11267,107,842,501,12736,1160,414,8901
974,256,974.34614313765,99641,286,140,257,100,83924,46498,1.3089190192792124,137,59,19060,18335,18636,9395,11623,21970,49104,38794,23323,11359,1144,270,1674,3496,16599,17459,3905,138,753,18131,11196,107,836,507,12874,1171,421,8960
975,256,975.3363814084954,99641,270,129,257,100,83953,46509,1.3093204604530264,137,61,19068,18346,18527,9331,11740,22032,49104,38794,23477,11541,1144,269,1652,3496,16526,17565,3901,138,760,18006,11124,107,833,509,12975,1190,431,9015
976,256,976.3267080428309,99641,259,129,257,100,83987,46521,1.3097821178029125,126,56,19074,18368,18424,9257,11859,22089,49104,38794,23629,11722,1143,269,1639,3496,16438,17675,3898,138,762,17879,11052,107,824,516,13088,1202,439,9076
977,256,977.3167772597579,99641,242,125,257,100,84017,46538,1.3102538111821438,127,48,19056,18380,18329,9202,11988,22144,49104,38794,23778,11902,1139,269,1630,3493,16354,17785,3896,142,771,17759,10968,107,816,521,13190,1211,445,9145
978,256,978.3077065324666,99641,249,123,257,100,84053,46549,1.3107255045613753,126,51,19045,18391,18203,9134,12119,22200,49104,38794,23925,12081,1138,269,1620,3496,16258,17897,3893,143,772,17639,10906,107,810,526,13295,1221,451,9200
979,256,979.2991927104617,99641,260,121,257,100,84087,46561,1.3111871619112614,126,55,19042,18404,18087,9077,12227,22242,49104,38794,24069,12259,1137,269,1614,3496,16168,17999,3892,144,773,17519,10834,106,806,529,13406,1227,459,9263
980,256,980.2907895338421,99641,246,119,257,100,84115,46576,1.3116187111731115,122,64,19063,18429,17960,9008,12351,22279,49104,38794,24211,12436,1136,268,1608,3493,16106,18090,3891,145,773,17384,10753,106,800,535,13518,1232,469,9334
981,256,981.2818643058987,99641,241,115,257,100,84143,46591,1.3120502604349615,124,62,19070,18439,17833,8957,12474,22326,49104,38794,24350,12612,1136,268,1597,3497,16024,18195,3885,145,769,17272,10682,106,794,540,13610,1243,480,9398
982,256,982.2723745616529,99641,239,117,257,100,84168,46609,1.3124818096968116,131,57,19081,18459,17694,8881,12597,22385,49104,38794,24487,12787,1136,267,1581,3501,15945,18289,3881,144,767,17161,10616,106,788,546,13708,1259,494,9452
983,256,983.2621709956157,99640,250,111,258,100,84210,46621,1.313036932958651,117,67,19093,18467,17576,8824,12705,22430,49104,38794,24622,12961,1136,266,1566,3504,15862,18385,3877,144,761,17055,10547,106,783,551,13805,1271,510,9511
984,256,984.2517308373517,99640,247,114,258,100,84246,46632,1.3135086310718587,116,68,19077,18490,17470,8748,12831,22479,49104,38794,24754,13134,1136,266,1558,3504,15794,18480,3873,144,758,16937,10488,106,772,559,13904,1278,518,9565
985,256,985.2416744837838,99640,228,119,258,100,84268,46651,1.3139201124046567,124,61,19055,18530,17386,8676,12948,22513,49104,38794,24884,13306,1134,266,1550,3507,15716,18584,3866,146,758,16808,10435,106,767,563,14016,1282,526,9610
986,256,986.2326898671878,99640,225,112,258,100,84296,46664,1.314331593737455,125,62,19062,18548,17271,8619,13058,22558,49104,38794,25012,13476,1133,266,1535,3505,15654,18675,3864,147,761,16678,10382,106,763,566,14125,1294,532,9654
987,256,987.2240963531715,99640,231,97,258,100,84330,46680,1.314833400240867,118,57,19083,18580,17140,8572,13169,22593,49104,38794,25138,13645,1133,266,1523,3506,15586,18768,3861,147,771,16556,10312,106,758,570,14230,1301,543,9703
988,256,988.2146660916554,99640,213,100,258,100,84354,46694,1.3152147731834605,113,67,19109,18592,17020,8504,13286,22636,49104,38794,25262,13813,1132,266,1515,3508,15513,18861,3857,148,777,16450,10245,106,750,578,14321,1306,552,9755
989,256,989.2040556420133,99640,213,100,258,100,84376,46705,1.3155459654757127,124,69,19113,18620,16893,8442,13398,22668,49104,38794,25383,13979,1132,266,1508,3510,15434,18955,3855,148,773,16352,10183,106,746,581,14405,1313,559,9814
990,256,990.1927182121299,99640,225,97,258,100,84412,46726,1.3161180248896025,115,59,19122,18652,16759,8414,13520,22677,49104,38794,25502,14144,1132,266,1498,3512,15365,19045,3851,148,773,16247,10129,106,739,588,14494,1320,571,9856
991,256,991.181163049238,99640,227,99,258,100,84442,46739,1.3165495784825372,110,60,19133,18682,16646,8346,13625,22712,49104,38794,25619,14307,1131,266,1489,3511,15289,19134,3848,149,771,16147,10065,106,737,590,14586,1329,585,9907
992,256,992.1690623260788,99640,218,102,258,100,84470,46758,1.3170212765957447,102,53,19167,18727,16528,8289,13726,22728,49104,38794,25734,14469,1131,266,1480,3510,15214,19233,3845,148,772,16049,10013,106,730,594,14672,1336,593,9948
993,256,993.1560021007613,99640,206,103,258,100,84497,46773,1.317442794058611,99,49,19183,18744,16428,8236,13825,22767,49104,38794,25847,14629,1131,266,1472,3509,15148,19319,3842,148,780,15939,9947,106,725,599,14769,1341,599,10000
994,256,994.1415865776346,99640,202,101,258,100,84524,46785,1.3178342031312726,104,47,19192,18788,16317,8175,13926,22788,49104,38794,25958,14788,1129,266,1466,3509,15078,19410,3839,150,776,15821,9894,106,724,600,14870,1346,608,10048
995,256,995.1268561836667,99640,205,98,258,100,84546,46795,1.3181553592934565,106,52,19204,18808,16215,8125,14011,22816,49104,38794,26067,14945,1126,266,1459,3512,14996,19503,3835,153,772,15729,9846,106,720,603,14955,1352,618,10089
996,256,996.1114005957645,99640,196,96,258,100,84567,46811,1.3185266961059816,107,51,19234,18854,16106,8079,14098,22819,49104,38794,26174,15101,1126,264,1449,3513,14927,19592,3832,152,779,15636,9783,106,718,605,15036,1359,621,10142
997,256,997.0946079512769,99640,182,96,258,100,84586,46824,1.3188478522681655,109,50,19260,18888,15991,8032,14199,22833,49104,38794,26280,15255,1126,263,1441,3514,14860,19677,3829,152,779,15555,9718,106,706,616,15106,1364,633,10195
998,256,998.0771079381294,99640,193,85,258,100,84619,46837,1.3193095142513047,104,47,19276,18931,15883,7992,14285,22844,49104,38794,26384,15407,1125,263,1432,3511,14799,19758,3828,153,782,15456,9662,106,701,621,15190,1372,641,10240
999,256,999.0581941645523,99640,177,83,258,100,84634,46844,1.319530309112806,112,46,19278,18974,15800,7946,14374,22850,49104,38794,26486,15558,1123,263,1421,3511,14747,19824,3823,154,782,15364,9600,106,694,628,15274,1383,649,10294
1000,256,1000.0391477460228,99640,164,83,258,100,84659,46852,1.3198615014050583,103,48,19293,18999,15721,7907,14460,22862,49104,38794,26586,15707,1122,263,1414,3511,14680,19914,3818,155,786,15271,9546,105,693,629,15352,1388,654,10339
1001,256,1001.0196780850524,99640,162,82,258,100,84681,46862,1.3201826575672422,103,49,19309,19039,15616,7851,14551,22878,49104,38794,26684,15854,1120,262,1405,3513,14603,20006,3816,157,786,15195,9496,105,691,631,15417,1394,659,10384
1002,256,1002.4886820436466,99640,157,76,258,100,84713,46881,1.3206945002007227,104,41,19354,19134,15511,7784,14615,22864,49104,38794,26781,16000,1118,260,1395,3513,14560,20074,3815,159,793,15096,9441,105,688,634,15497,1402,671,10419
1003,256,1003.4664289020149,99639,157,77,259,100,84739,46892,1.321079095534881,101,48,19353,19158,15426,7741,14703,22875,49104,38794,26876,16144,1118,260,1381,3512,14495,20156,3809,159,790,15010,9397,105,685,637,15574,1414,681,10456
1004,256,1004.4439776359018,99639,155,82,259,100,84759,46907,1.3214303636126417,109,45,19343,19207,15352,7690,14781,22875,49104,38794,26969,16286,1117,260,1375,3513,14426,20239,3808,160,788,14929,9349,104,680,640,15646,1418,688,10499
1005,256,1005.4216800584178,99639,149,76,259,100,84781,46916,1.3217414867672297,106,46,19355,19248,15264,7643,14866,22886,49104,38794,27061,16427,1116,260,1366,3512,14342,20334,3808,161,796,14853,9295,104,675,645,15713,1426,694,10539
1006,256,1006.3995986051223,99639,149,81,259,100,84805,46928,1.3221027910757837,97,44,19360,19291,15180,7591,14954,22892,49104,38794,27151,16566,1115,260,1363,3511,14278,20413,3806,162,791,14757,9257,104,675,645,15797,1429,705,10571
1007,256,1007.3771100606933,99639,150,87,259,100,84827,46943,1.3224741316151307,88,38,19384,19329,15087,7547,15031,22898,49104,38794,27239,16703,1115,260,1359,3510,14228,20474,3806,162,788,14667,9212,104,671,649,15878,1432,718,10606
1008,256,1008.3536494006281,99639,151,89,259,100,84856,46959,1.322925762000823,75,38,19408,19368,14992,7514,15114,22890,49104,38794,27326,16839,1115,260,1352,3513,14168,20552,3801,162,788,14591,9166,104,666,653,15944,1436,726,10642
1009,256,1009.329278329572,99639,143,82,259,100,84876,46965,1.3231867040014451,70,46,19428,19405,14924,7477,15175,22889,49104,38794,27411,16973,1115,260,1342,3518,14113,20622,3795,162,786,14513,9122,104,662,657,16013,1443,734,10678
1010,256,1010.3039021715367,99639,144,86,259,100,84894,46974,1.3234576822328605,67,45,19454,19456,14822,7428,15253,22884,49104,38794,27495,17105,1114,259,1338,3520,14061,20681,3793,163,786,14434,9077,103,659,660,16087,1447,738,10719
1011,256,1011.2774357645286,99639,140,87,259,100,84913,46987,1.3237788416182419,67,42,19459,19513,14747,7389,15327,22868,49104,38794,27577,17235,1114,259,1332,3522,13997,20757,3790,163,784,14361,9038,102,655,663,16151,1453,751,10747
1012,256,1012.2506419267863,99639,143,85,259,100,84935,46998,1.3241100372344163,63,37,19473,19570,14660,7334,15401,22873,49104,38794,27658,17364,1114,259,1324,3523,13943,20824,3788,163,784,14277,9003,102,650,668,16226,1459,759,10773
1013,256,1013.2230602556745,99639,146,82,259,100,84952,47008,1.3243810154658318,56,44,19512,19603,14583,7288,15443,22882,49104,38794,27738,17491,1114,259,1315,3524,13890,20885,3787,162,787,14193,8967,102,645,673,16303,1468,768,10797
1014,256,1014.1939316932784,99639,152,84,259,100,84970,47019,1.3246720661588334,57,44,19526,19648,14486,7243,15519,22880,49104,38794,27816,17616,1114,259,1309,3523,13839,20946,3787,162,789,14117,8931,102,639,678,16372,1473,772,10827
1015,256,1015.1638750171688,99639,153,80,259,100,84992,47029,1.3249932255442147,60,40,19531,19687,14410,7208,15586,22884,49104,38794,27893,17740,1113,259,1300,3520,13778,21021,3786,163,795,14051,8882,102,637,680,16429,1481,775,10867
1016,256,1016.133249172896,99639,148,70,259,100,85002,47035,1.3251538052369052,60,45,19557,19747,14313,7179,15662,22858,49104,38794,27969,17862,1112,259,1294,3520,13725,21084,3785,163,796,13981,8844,102,634,682,16492,1487,782,10897
1017,256,1017.1016010912305,99639,163,77,259,100,85035,47049,1.325625508084184,38,48,19586,19806,14229,7132,15724,22836,49104,38794,28043,17982,1112,259,1287,3521,13672,21148,3781,163,796,13912,8809,102,628,688,16554,1493,786,10928
1018,256,1018.0686454154927,99639,146,81,259,100,85048,47063,1.3258964863155993,57,43,19607,19855,14151,7092,15779,22828,49104,38794,28116,18101,1109,259,1281,3521,13611,21226,3778,166,796,13839,8775,102,627,689,16614,1499,791,10956
1019,256,1019.0343886081705,99639,139,81,259,100,85058,47070,1.326067102239083,63,44,19628,19899,14071,7058,15839,22817,49104,38794,28188,18218,1109,259,1277,3522,13543,21298,3777,166,796,13777,8735,102,627,689,16672,1503,794,10993
1020,256,1020.4807964483018,99639,143,82,259,100,85086,47087,1.3265187326247754,54,43,19715,19986,13969,7010,15859,22778,49104,38794,28258,18333,1108,258,1268,3522,13491,21366,3774,167,799,13717,8697,102,624,691,16724,1510,803,11018
1021,256,1021.441694527389,99639,141,78,259,100,85101,47095,1.3267495659330182,55,42,19749,20041,13879,6974,15916,22764,49104,38794,28327,18447,1108,258,1266,3523,13426,21441,3773,167,798,13669,8658,102,620,695,16764,1511,810,11050
1022,256,1022.4010157654255,99639,132,81,259,100,85111,47105,1.3269502905488815,55,43,19778,20089,13813,6941,15962,22745,49104,38794,28395,18559,1108,258,1261,3524,13388,21493,3769,167,796,13610,8612,101,617,697,16815,1515,816,11092
1023,256,1023.3586908008024,99639,126,81,259,100,85122,47116,1.327171087626331,54,43,19802,20137,13742,6914,16016,22724,49104,38794,28462,18669,1108,258,1253,3525,13344,21548,3764,167,791,13548,8575,101,616,698,16871,1522,829,11121
1024,256,1024.3157038738393,99639,122,78,259,100,85135,47125,1.3273918847037807,54,39,19830,20199,13671,6887,16063,22696,49104,38794,28528,18778,1108,258,1246,3526,13292,21611,3763,167,791,13489,8538,101,612,701,16922,1528,836,11150
1025,256,1025.271498025073,99639,117,80,259,100,85144,47134,1.3275725368580575,58,38,19849,20250,13599,6866,16117,22665,49104,38794,28593,18885,1108,258,1240,3525,13240,21673,3763,167,790,13427,8506,101,609,704,16975,1534,839,11180
1026,256,1026.226218756636,99639,117,79,259,100,85162,47144,1.327853551320266,50,35,19879,20287,13527,6846,16167,22652,49104,38794,28657,18991,1107,258,1233,3525,13192,21733,3761,168,796,13373,8462,101,604,709,17020,1541,844,11212
1027,256,1027.1797646966922,99639,125,76,259,100,85179,47153,1.3281144933208884,45,36,19892,20348,13449,6809,16229,22630,49104,38794,28719,19095,1106,258,1230,3526,13153,21780,3759,169,793,13301,8434,101,601,711,17087,1543,853,11234
1028,256,1028.1322423713157,99638,110,72,260,100,85190,47159,1.3282984403540818,46,38,19911,20401,13388,6784,16284,22604,49104,38794,28780,19197,1106,258,1226,3525,13108,21841,3756,169,797,13244,8396,101,598,713,17133,1546,858,11263
1029,256,1029.0841657237636,99638,104,72,260,100,85198,47172,1.328509203316004,45,32,19948,20455,13316,6749,16326,22591,49104,38794,28840,19298,1106,258,1224,3523,13060,21899,3755,169,797,13189,8358,101,598,713,17182,1547,868,11291
1030,256,1030.0344233537,99638,99,70,260,100,85210,47178,1.3286898572833659,40,31,19989,20515,13251,6708,16360,22575,49104,38794,28899,19397,1106,258,1218,3524,13010,21955,3753,169,798,13141,8320,101,598,713,17225,1553,873,11323
1031,256,1031.456200837627,99638,98,68,260,100,85230,47188,1.328990947228969,37,36,20075,20592,13154,6658,16375,22545,49104,38794,28957,19495,1104,257,1213,3527,12971,22006,3749,171,798,13076,8292,101,595,716,17281,1557,881,11343
1032,256,1032.4004954660304,99638,101,67,260,100,85244,47195,1.329201710190891,37,35,20111,20664,13080,6632,16410,22501,49104,38794,29014,19591,1104,257,1206,3527,12926,22057,3749,171,798,13029,8259,101,592,719,17322,1564,885,11372
1033,256,1033.3433070705619,99638,96,65,260,100,85258,47204,1.3294325458158534,29,32,20152,20725,13007,6604,16455,22473,49104,38794,29070,19686,1104,257,1202,3530,12882,22113,3746,171,797,12970,8234,100,590,721,17372,1567,890,11392
1034,256,1034.2844008195711,99637,94,67,260,101,85265,47216,1.3296365807882613,35,29,20184,20759,12937,6579,16489,22464,49104,38794,29125,19779,1104,257,1193,3527,12847,22159,3746,171,796,12919,8209,100,587,723,17417,1574,897,11411
1035,256,1035.2239546038238,99637,87,68,260,101,85271,47221,1.3297469815430012,45,29,20219,20824,12876,6540,16512,22437,49104,38794,29179,19871,1103,257,1190,3526,12797,22213,3746,172,798,12863,8184,100,585,725,17470,1577,900,11431
1036,256,1036.1618750822718,99637,78,69,260,101,85280,47229,1.3299176008912352,46,26,20246,20873,12811,6514,16558,22416,49104,38794,29233,19962,1102,257,1185,3528,12745,22275,3744,173,797,12820,8156,100,582,728,17505,1580,904,11456
1037,256,1037.0984169355406,99637,76,66,260,101,85287,47236,1.330058110942722,48,27,20284,20942,12727,6484,16604,22379,49104,38794,29286,20051,1101,257,1182,3528,12707,22318,3743,174,796,12765,8136,100,579,731,17557,1583,912,11468
1038,256,1038.0335560724893,99637,70,64,260,101,85296,47241,1.330198620994209,48,27,20331,20999,12651,6448,16639,22360,49104,38794,29338,20139,1101,257,1173,3528,12665,22373,3741,174,796,12719,8108,100,579,731,17595,1591,912,11494
1039,256,1039.4322883245652,99637,79,59,260,101,85310,47249,1.3304194225036885,42,27,20432,21100,12550,6422,16636,22290,49104,38794,29389,20225,1101,257,1169,3529,12632,22414,3740,174,797,12666,8083,100,576,733,17642,1595,916,11513
1040,256,1040.3609813116993,99637,84,59,260,101,85320,47258,1.3306101147164207,39,20,20473,21160,12477,6395,16666,22264,49104,38794,29439,20310,1101,257,1166,3528,12586,22466,3739,174,798,12619,8058,100,575,734,17685,1598,920,11533
1041,256,1041.2585362023242,99637,83,58,260,101,85326,47262,1.3307104790389113,39,19,20495,21192,12421,6375,16701,22254,49104,38794,29488,20394,1101,257,1158,3528,12547,22510,3738,174,794,12568,8043,100,573,736,17732,1606,927,11545
1042,256,1042.141858837662,99637,87,56,260,101,85332,47267,1.330820879793651,46,20,20515,21237,12360,6345,16731,22240,49104,38794,29536,20476,1101,257,1155,3529,12514,22546,3737,174,788,12526,8016,100,571,738,17771,1609,935,11570
1043,256,1043.1549094005532,99637,83,53,260,101,85341,47272,1.3309613898451378,52,20,20568,21320,12289,6314,16747,22191,49104,38794,29584,20557,1101,256,1151,3532,12484,22583,3733,174,784,12485,7991,100,568,741,17808,1612,943,11591
1044,256,1044.3877871481232,99637,79,53,260,101,85356,47282,1.3312123006513645,47,25,20642,21425,12219,6270,16752,22125,49104,38794,29631,20637,1101,256,1144,3532,12452,22631,3730,174,783,12437,7966,100,566,743,17844,1618,949,11611
1045,256,1045.3065447943334,99637,78,53,260,101,85365,47288,1.3313628471351004,46,26,20677,21469,12165,6247,16773,22103,49104,38794,29677,20716,1100,256,1142,3532,12416,22673,3730,175,781,12394,7939,100,563,746,17881,1620,955,11634
1046,256,1046.223848974978,99637,72,53,260,101,85374,47296,1.3315334664833345,44,28,20713,21517,12112,6229,16798,22071,49104,38794,29722,20793,1099,256,1138,3534,12379,22714,3729,176,783,12361,7905,99,561,748,17911,1623,961,11660
1047,256,1047.1395252544007,99637,65,56,260,101,85381,47303,1.3316739765348213,43,23,20744,21573,12060,6201,16827,22045,49104,38794,29767,20869,1099,256,1135,3533,12337,22760,3727,176,783,12323,7882,99,561,748,17948,1626,965,11679
1048,256,1048.0539710461749,99637,63,54,260,101,85388,47307,1.331784377289561,43,23,20775,21636,12010,6170,16848,22015,49104,38794,29811,20944,1099,256,1132,3531,12307,22799,3727,176,781,12283,7856,99,559,750,17981,1629,972,11700
1049,256,1049.1171269789015,99637,62,55,260,101,85398,47313,1.3319449602055462,40,21,20841,21705,11943,6135,16853,21982,49104,38794,29854,21018,1098,256,1128,3530,12276,22833,3727,177,783,12243,7828,99,559,750,18020,1632,977,11721
1050,256,1050.0278036285724,99637,62,54,260,101,85402,47318,1.3320352880957878,37,20,20862,21727,11882,6117,16896,21980,49104,38794,29897,21091,1097,256,1125,3530,12243,22871,3727,178,784,12204,7808,99,554,755,18055,1634,977,11740
1051,256,1051.1085034051937,99637,66,49,260,101,85418,47322,1.332236016740769,38,22,20942,21821,11823,6085,16870,21921,49104,38794,29939,21162,1096,256,1121,3531,12208,22915,3726,179,786,12165,7785,99,552,757,18087,1636,980,11758
1052,256,1052.0142529488746,99637,65,46,260,101,85422,47325,1.3323062717665124,42,20,20986,21873,11757,6070,16889,21889,49104,38794,29980,21232,1096,256,1117,3531,12169,22958,3726,179,782,12140,7760,99,552,757,18109,1640,985,11781
1053,256,1053.197681031619,99637,73,40,260,101,85438,47330,1.332517036843743,31,24,21046,21979,11700,6034,16889,21821,49104,38794,30020,21301,1095,256,1111,3531,12127,23005,3726,180,786,12100,7745,99,551,758,18145,1646,988,11788
1054,256,1054.0991661598398,99637,69,37,260,101,85446,47335,1.3326475104629807,28,21,21101,22043,11643,6015,16898,21782,49104,38794,30060,21369,1095,256,1108,3534,12093,23044,3723,180,787,12058,7718,99,550,759,18182,1649,991,11811
1055,256,1055.4477949733885,99637,64,29,260,101,85454,47339,1.3327679476499694,41,22,21173,22144,11573,5988,16888,21715,49104,38794,30099,21436,1095,256,1106,3534,12068,23080,3722,180,789,12021,7691,99,550,759,18209,1651,999,11828
1056,256,1056.343972124809,99637,60,35,260,101,85460,47350,1.3329385669982035,39,17,21209,22206,11527,5964,16904,21676,49104,38794,30138,21502,1095,256,1105,3535,12040,23113,3721,180,788,11989,7670,99,548,761,18238,1651,1002,11846
1057,256,1057.2387770983642,99637,60,34,260,101,85469,47351,1.333038931320694,35,18,21237,22251,11482,5946,16925,21649,49104,38794,30176,21567,1095,256,1104,3535,12013,23144,3720,180,787,11961,7643,99,546,763,18264,1651,1004,11872
1058,256,1058.229315701238,99637,62,33,260,101,85480,47355,1.33318947780443,33,17,21313,22334,11420,5912,16911,21602,49104,38794,30213,21631,1095,256,1099,3535,11982,23178,3718,180,788,11922,7629,99,545,764,18302,1656,1004,11885
1059,256,1059.120142279614,99637,56,29,260,101,85483,47356,1.3332296235334264,35,20,21346,22386,11381,5889,16921,21574,49104,38794,30250,21694,1095,256,1092,3534,11949,23215,3718,180,787,11897,7609,99,541,768,18325,1662,1007,11903
1060,256,1060.3354672234339,99637,52,24,260,101,85493,47359,1.3333600971526642,33,21,21410,22466,11332,5863,16912,21524,49104,38794,30286,21756,1094,256,1090,3536,11922,23250,3716,180,787,11867,7585,99,540,768,18349,1664,1013,11921
1061,256,1061.2218814631456,99637,55,23,260,101,85498,47362,1.3334403886106567,31,20,21436,22509,11292,5848,16925,21498,49104,38794,30322,21817,1094,256,1084,3535,11903,23273,3716,180,785,11830,7567,99,539,769,18384,1669,1016,11938
1062,256,1062.0444515674087,99637,58,27,260,101,85504,47369,1.3335708622298945,26,15,21466,22541,11250,5831,16939,21484,49104,38794,30357,21877,1094,256,1080,3535,11872,23305,3716,180,785,11797,7552,99,537,771,18416,1673,1019,11950
1063,256,1063.2538712084515,99637,56,28,260,101,85517,47375,1.3337615544426267,21,12,21578,22670,11191,5797,16893,21391,49104,38794,30392,21936,1093,256,1080,3534,11841,23343,3716,181,786,11765,7532,99,532,776,18443,1673,1021,11966
1064,256,1064.2646148463105,99637,55,25,260,101,85521,47377,1.333821773036121,21,16,21605,22706,11139,5782,16919,21369,49104,38794,30426,21994,1093,256,1079,3534,11811,23378,3716,181,785,11735,7516,99,532,776,18468,1674,1023,11981
1065,256,1065.2668548785482,99637,55,24,260,101,85528,47380,1.3339221373586119,16,16,21646,22757,11091,5765,16931,21336,49104,38794,30459,22051,1093,256,1077,3534,11789,23405,3715,181,781,11701,7502,99,531,777,18498,1676,1028,11994
1066,256,1066.0504402525405,99637,49,27,260,101,85533,47385,1.3340225016811025,15,16,21710,22816,11037,5738,16928,21301,49104,38794,30492,22107,1093,256,1074,3535,11762,23436,3714,181,781,11672,7483,99,529,779,18523,1679,1029,12012
1067,256,1067.0481630300037,99637,45,26,260,101,85538,47386,1.3340827202745968,14,18,21752,22865,10993,5720,16935,21269,49104,38794,30524,22162,1093,256,1072,3532,11741,23464,3714,180,784,11638,7466,99,529,779,18554,1681,1029,12026
1068,256,1068.2856223355216,99637,42,33,260,101,85543,47395,1.3342232303260837,13,13,21818,22940,10940,5681,16926,21231,49104,38794,30556,22216,1093,256,1070,3533,11721,23488,3713,180,782,11607,7449,99,527,781,18581,1683,1033,12041
1069,256,1069.2338377623648,99637,35,32,260,101,85547,47400,1.3343135582163252,14,13,21898,23049,10883,5649,16909,21155,49104,38794,30587,22269,1093,256,1064,3534,11703,23513,3711,180,784,11577,7430,99,525,782,18607,1689,1035,12055
1070,256,1070.1792540384938,99637,34,34,260,101,85551,47403,1.3343838132420687,11,11,21949,23089,10842,5633,16903,21131,49104,38794,30618,22321,1093,256,1061,3534,11687,23530,3710,180,782,11539,7415,99,524,783,18645,1692,1039,12068
1071,256,1071.0034909721878,99637,34,34,260,101,85553,47408,1.334454068267812,14,7,21977,23143,10805,5615,16909,21099,49104,38794,30649,22373,1093,256,1060,3535,11661,23558,3709,180,782,11516,7393,99,524,783,18666,1693,1041,12088
1072,256,1072.3716356539169,99637,32,29,260,101,85556,47409,1.3344942139968083,19,7,22077,23209,10737,5593,16874,21060,49104,38794,30679,22424,1093,256,1057,3535,11638,23584,3708,180,784,11487,7376,99,522,785,18694,1695,1044,12100
1073,256,1073.29868959122,99637,31,23,260,101,85559,47409,1.3345243232935555,19,10,22136,23275,10688,5571,16865,21019,49104,38794,30709,22474,1093,256,1054,3534,11620,23609,3707,180,782,11457,7362,99,522,785,18721,1697,1046,12113
1074,256,1074.1247061285687,99637,29,24,260,101,85562,47411,1.3345745054548008,19,10,22177,23315,10647,5556,16867,20993,49104,38794,30738,22523,1093,256,1053,3534,11596,23635,3707,180,783,11438,7341,99,520,786,18739,1698,1047,12132
1075,256,1075.2153256082418,99637,31,23,260,101,85567,47415,1.3346648333450426,17,7,22237,23387,10593,5536,16861,20945,49104,38794,30767,22571,1093,256,1048,3535,11585,23651,3706,180,782,11410,7322,99,520,786,18762,1703,1050,12149
1076,256,1076.3590004935322,99637,26,22,260,101,85570,47416,1.3347049790740388,17,9,22338,23475,10531,5508,16827,20884,49104,38794,30795,22619,1093,256,1045,3534,11563,23678,3704,180,781,11387,7307,99,520,786,18783,1706,1052,12163
1077,256,1077.1605640882708,99637,23,23,260,101,85571,47419,1.334745124803035,20,7,22385,23533,10487,5490,16824,20845,49104,38794,30823,22666,1093,256,1044,3534,11538,23705,3704,180,779,11362,7292,99,518,788,18806,1707,1055,12177
1078,256,1078.0130103921206,99637,26,24,260,101,85576,47420,1.3348053433965295,17,7,22439,23598,10438,5462,16819,20807,49104,38794,30850,22712,1093,256,1043,3534,11517,23727,3704,180,777,11339,7278,99,518,788,18828,1708,1057,12191
1079,256,1079.1711135409016,99637,25,22,260,101,85579,47424,1.3348755984222729,16,6,22507,23657,10391,5447,16800,20766,49104,38794,30877,22757,1093,256,1040,3534,11500,23749,3704,180,779,11310,7263,99,517,788,18853,1711,1059,12202
1080,256,1080.0091122402137,99637,21,23,260,101,85581,47426,1.3349157441512691,20,6,22567,23709,10347,5431,16784,20729,49104,38794,30904,22802,1093,256,1038,3536,11482,23768,3702,180,777,11283,7249,99,515,790,18879,1713,1062,12215
1081,256,1081.1185380381135,99637,23,20,260,101,85588,47426,1.3349859991770126,13,9,22670,23822,10293,5406,16740,20641,49104,38794,30930,22846,1093,255,1037,3538,11464,23789,3702,179,777,11251,7240,99,514,791,18908,1714,1063,12223
1082,256,1082.1318249848255,99637,22,15,260,101,85589,47426,1.3349960356092616,13,12,22708,23850,10255,5391,16741,20630,49104,38794,30956,22889,1093,255,1036,3536,11446,23809,3702,179,779,11225,7224,99,513,792,18934,1715,1065,12235
1083,256,1083.1353405848902,99637,24,16,260,101,85594,47429,1.335076327067254,12,11,22768,23912,10218,5362,16717,20597,49104,38794,30981,22931,1093,255,1036,3536,11426,23832,3702,179,779,11199,7212,99,512,793,18957,1715,1066,12246
1084,256,1084.0951074794498,99637,30,18,260,101,85601,47433,1.3351867278219938,10,10,22827,23978,10167,5340,16705,20552,49104,38794,31006,22973,1093,255,1035,3536,11412,23848,3702,179,780,11173,7200,99,507,798,18981,1716,1066,12257
1085,256,1085.2078578566018,99637,27,19,260,101,85604,47437,1.3352569828477372,9,9,22913,24061,10116,5319,16674,20490,49104,38794,31031,23014,1093,255,1032,3536,11396,23870,3701,179,779,11155,7183,99,507,798,18996,1718,1067,12273
1086,256,1086.0430125775424,99637,29,19,260,101,85607,47441,1.3353272378734808,11,7,22993,24119,10048,5293,16658,20460,49104,38794,31055,23054,1093,255,1030,3537,11381,23887,3700,179,777,11140,7167,99,506,799,19010,1719,1071,12287
1087,256,1087.0061000555797,99637,32,22,260,101,85611,47445,1.3354075293314733,12,4,23043,24178,10005,5274,16647,20420,49104,38794,31079,23094,1093,255,1028,3538,11353,23915,3699,179,775,11121,7160,99,506,799,19029,1721,1073,12294
1088,256,1088.01193866174,99637,25,17,260,101,85617,47445,1.3354677479249677,10,5,23113,24246,9973,5256,16618,20374,49104,38794,31103,23133,1093,255,1025,3540,11341,23935,3696,179,776,11098,7147,99,504,801,19045,1724,1075,12304
1089,256,1089.3563446192438,99637,23,16,260,101,85620,47447,1.335517930086213,8,6,23175,24321,9920,5234,16613,20321,49104,38794,31126,23172,1093,255,1023,3539,11326,23954,3695,179,776,11073,7139,99,504,801,19068,1726,1077,12310
1090,256,1090.0101843925274,99637,21,14,260,101,85621,47447,1.335527966518462,9,7,23230,24384,9875,5209,16604,20284,49104,38794,31149,23210,1093,255,1021,3537,11308,23975,3695,179,775,11056,7126,99,504,801,19084,1728,1079,12322
1091,256,1091.0290832657686,99637,20,13,260,101,85625,47449,1.3355881851119564,9,5,23292,24441,9836,5188,16582,20251,49104,38794,31172,23247,1093,255,1020,3538,11284,24000,3695,179,775,11040,7113,98,502,803,19099,1729,1083,12331
1092,256,1092.1793343318193,99637,25,13,260,101,85631,47450,1.3356584401376999,5,6,23354,24518,9796,5168,16559,20193,49104,38794,31194,23284,1093,255,1019,3538,11266,24018,3695,179,773,11020,7103,98,499,806,19119,1730,1086,12340
1093,256,1093.14795055406,99637,25,15,260,101,85634,47453,1.3357186587311942,3,3,23407,24588,9765,5147,16539,20145,49104,38794,31216,23320,1093,255,1017,3537,11248,24039,3695,179,772,11003,7095,98,499,806,19134,1732,1088,12347
1094,256,1094.1344914257238,99637,26,14,260,101,85636,47454,1.3357487680279414,4,2,23500,24672,9701,5118,16508,20092,49104,38794,31238,23356,1093,255,1014,3537,11235,24054,3695,179,769,10984,7082,98,499,806,19153,1733,1092,12359
