,indexID,time,N,Inf_L,Inf_H,Dead_L,Dead_H,cum_cases_L,cum_cases_H,cum_sum_per_N,Exposed_L,Exposed_H,Sus_L,Sus_H,Rec_nat_L,Rec_nat_H,Rec_vax_L,Rec_vax_H,vaccinatedH,vaccinatedL,boostedH,boostedL,count_Naive,count_Delta,count_Delta_vaccine,count_two,count_three,count_four,count_Omicron,count_Omicron_star,count_Omicron_star_vaccine,count_Omicron_vaccine,count_Vaccine,count_WT,count_WT_vaccine,count_WT_vaccine_boost,count_Omicron_vaccine_boost,count_Delta_vaccine_boost,count_Omicron_star_vaccine_boost,count_Vaccine_boost
0,3406,1.1350948230920022,99998,7,7,0,0,7,8,0.0001500030000600012,19,17,49973,49974,0,1,0,0,0,0,0,0,99997,0,0,0,0,0,0,0,0,0,0,1,0,0,0,0,0,0
1,3406,2.125118532949847,99998,7,6,0,0,10,9,0.00019000380007600152,16,16,49973,49974,3,3,0,0,0,0,0,0,99992,0,0,0,0,0,0,0,0,0,0,6,0,0,0,0,0,0
2,3406,3.0526436251067217,99998,8,10,0,0,13,13,0.00026000520010400205,16,13,49970,49973,5,3,0,0,0,0,0,0,99990,0,0,0,0,0,0,0,0,0,0,8,0,0,0,0,0,0
3,3406,4.219476555546086,99998,10,12,0,0,15,17,0.0003200064001280026,18,11,49966,49971,5,5,0,0,0,0,0,0,99988,0,0,0,0,0,0,0,0,0,0,10,0,0,0,0,0,0
4,3406,5.090567564635975,99998,13,14,0,0,20,20,0.0004000080001600032,14,8,49965,49971,7,6,0,0,0,0,0,0,99985,0,0,0,0,0,0,0,0,0,0,13,0,0,0,0,0,0
5,3406,6.0254514449895344,99998,16,14,0,0,25,22,0.00047000940018800374,13,7,49961,49970,9,8,0,0,0,0,0,0,99981,0,0,0,0,0,0,0,0,0,0,17,0,0,0,0,0,0
6,3406,7.008213766063962,99998,19,13,0,0,29,23,0.0005200104002080041,11,7,49959,49969,10,10,0,0,0,0,0,0,99978,0,0,0,0,0,0,0,0,0,0,20,0,0,0,0,0,0
7,3406,8.01511796981164,99998,19,12,0,0,30,24,0.0005400108002160043,12,8,49957,49967,11,12,0,0,0,0,0,0,99975,0,0,0,0,0,0,0,0,0,0,23,0,0,0,0,0,0
8,3406,9.032734248652432,99998,17,14,0,0,33,28,0.0006100122002440049,13,5,49953,49966,16,14,0,0,0,0,0,0,99968,0,0,0,0,0,0,0,0,0,0,30,0,0,0,0,0,0
9,3406,10.026133939589238,99998,19,14,0,0,36,28,0.0006400128002560051,11,7,49952,49964,17,14,0,0,0,0,0,0,99967,0,0,0,0,0,0,0,0,0,0,31,0,0,0,0,0,0
10,3406,11.001700085960266,99998,20,14,0,0,38,30,0.0006800136002720054,11,8,49950,49961,18,16,0,0,0,0,0,0,99964,0,0,0,0,0,0,0,0,0,0,34,0,0,0,0,0,0
11,3406,12.010129217337834,99998,20,14,0,0,41,34,0.000750015000300006,12,7,49946,49958,21,20,0,0,0,0,0,0,99957,0,0,0,0,0,0,0,0,0,0,41,0,0,0,0,0,0
12,3406,13.022247156681617,99998,19,15,0,0,42,37,0.0007900158003160063,16,7,49941,49955,23,22,0,0,0,0,0,0,99953,0,0,0,0,0,0,0,0,0,0,45,0,0,0,0,0,0
13,3406,14.05048028172345,99998,15,16,0,0,44,41,0.0008500170003400068,18,6,49937,49952,29,25,0,0,0,0,0,0,99944,0,0,0,0,0,0,0,0,0,0,54,0,0,0,0,0,0
14,3406,15.06096703469278,99998,19,15,0,0,49,43,0.0009200184003680074,16,6,49934,49950,30,28,0,0,0,0,0,0,99940,0,0,0,0,0,0,0,0,0,0,58,0,0,0,0,0,0
15,3406,16.08664315047602,99998,17,14,0,0,51,44,0.0009500190003800076,18,6,49930,49950,34,29,0,0,0,0,0,0,99934,0,0,0,0,0,0,0,0,0,0,64,0,0,0,0,0,0
16,3406,17.134943612413327,99998,19,9,0,0,55,44,0.000990019800396008,14,7,49930,49949,36,34,0,0,0,0,0,0,99927,0,0,0,0,0,0,0,0,0,0,71,0,0,0,0,0,0
17,3406,18.123072822395837,99998,19,10,0,0,60,46,0.0010600212004240085,14,8,49925,49947,41,34,0,0,0,0,0,0,99921,0,0,0,0,0,0,0,0,0,0,77,0,0,0,0,0,0
18,3406,19.168467865817085,99998,21,11,0,0,62,47,0.0010900218004360088,19,9,49918,49945,41,34,0,0,0,0,0,0,99921,0,0,0,0,0,0,0,0,0,0,77,0,0,0,0,0,0
19,3406,20.04480850005226,99998,23,12,0,0,67,48,0.0011500230004600092,15,9,49917,49944,44,34,0,0,0,0,0,0,99918,0,0,0,0,0,0,0,0,0,0,80,0,0,0,0,0,0
20,3406,21.204424691736435,99998,25,13,0,0,72,51,0.0012300246004920098,14,12,49913,49938,47,36,0,0,0,0,0,0,99913,0,0,0,0,0,0,0,0,0,0,85,0,0,0,0,0,0
21,3406,22.028973006734375,99998,23,14,0,0,73,53,0.00126002520050401,15,12,49911,49936,50,37,0,0,0,0,0,0,99909,0,0,0,0,0,0,0,0,0,0,89,0,0,0,0,0,0
22,3406,23.135529525985753,99998,25,15,0,0,78,54,0.0013200264005280105,18,12,49904,49935,52,37,0,0,0,0,0,0,99906,0,0,0,0,0,0,0,0,0,0,92,0,0,0,0,0,0
23,3406,24.100477688811935,99998,26,16,0,0,83,59,0.0014200284005680113,19,10,49899,49932,55,41,0,0,0,0,0,0,99898,0,0,0,0,0,0,0,0,0,0,100,0,0,0,0,0,0
24,3406,25.10821584568927,99998,29,16,0,0,88,60,0.0014800296005920118,24,13,49889,49928,57,42,0,0,0,0,0,0,99895,0,0,0,0,0,0,0,0,0,0,103,0,0,0,0,0,0
25,3406,26.14691580541296,99998,31,17,0,0,93,65,0.0015800316006320126,23,10,49885,49926,60,46,0,0,0,0,0,0,99888,0,0,0,0,0,0,0,0,0,0,110,0,0,0,0,0,0
26,3406,27.122825357430752,99998,36,17,0,0,102,67,0.0016900338006760136,25,15,49874,49919,64,48,0,0,0,0,0,0,99882,0,0,0,0,0,0,0,0,0,0,116,0,0,0,0,0,0
27,3406,28.012585174323,99998,36,17,0,0,107,71,0.0017800356007120143,28,12,49866,49919,69,51,0,0,0,0,0,0,99873,0,0,0,0,0,0,0,0,0,0,125,0,0,0,0,0,0
28,3406,29.227100166067267,99998,36,14,0,0,113,72,0.0018500370007400147,31,11,49858,49919,74,55,0,0,0,0,0,0,99863,0,0,0,0,0,0,0,0,0,0,135,0,0,0,0,0,0
29,3406,30.226254804582354,99998,38,12,0,0,124,75,0.0019900398007960157,25,14,49854,49913,82,60,0,0,0,0,0,0,99849,0,0,0,0,0,0,0,0,0,0,149,0,0,0,0,0,0
30,3406,31.274915831008318,99998,40,14,0,0,131,79,0.0021000420008400167,29,11,49843,49912,87,62,0,0,0,0,0,0,99842,0,0,0,0,0,0,0,0,0,0,156,0,0,0,0,0,0
31,3406,32.16527406670542,99998,45,16,0,0,138,81,0.0021900438008760174,28,12,49837,49909,89,62,0,0,0,0,0,0,99840,0,0,0,0,0,0,0,0,0,0,158,0,0,0,0,0,0
32,3406,33.04368648726023,99998,49,16,0,0,144,82,0.0022600452009040183,25,12,49834,49908,91,63,0,0,0,0,0,0,99837,0,0,0,0,0,0,0,0,0,0,161,0,0,0,0,0,0
33,3406,34.04546258433117,99998,50,16,0,0,150,84,0.0023400468009360186,30,14,49823,49904,96,65,0,0,0,0,0,0,99830,0,0,0,0,0,0,0,0,0,0,168,0,0,0,0,0,0
34,3406,35.04532224443712,99998,55,13,0,0,162,84,0.0024600492009840195,24,15,49817,49904,103,67,0,0,0,0,0,0,99820,0,0,0,0,0,0,0,0,0,0,178,0,0,0,0,0,0
35,3406,36.00422852174318,99998,54,11,0,0,165,85,0.00250005000100002,25,15,49814,49903,106,70,0,0,0,0,0,0,99813,0,0,0,0,0,0,0,0,0,0,185,0,0,0,0,0,0
36,3406,37.22627290625161,99998,56,17,0,0,174,94,0.0026800536010720215,26,11,49804,49898,113,73,0,0,0,0,0,0,99803,0,0,0,0,0,0,0,0,0,0,195,0,0,0,0,0,0
37,3406,38.009792339523436,99998,54,17,0,0,178,97,0.002750055001100022,28,12,49798,49894,119,76,0,0,0,0,0,0,99794,0,0,0,0,0,0,0,0,0,0,204,0,0,0,0,0,0
38,3406,39.09777616987265,99998,50,21,0,0,188,102,0.002900058001160023,26,12,49790,49890,133,76,0,0,0,0,0,0,99779,0,0,0,0,0,0,0,0,0,0,219,0,0,0,0,0,0
39,3406,40.16531649920643,99998,46,18,0,0,195,103,0.002980059601192024,26,15,49783,49886,144,80,0,0,0,0,0,0,99764,0,0,0,0,0,0,0,0,0,0,234,0,0,0,0,0,0
40,3406,41.02972316725475,99998,46,17,0,0,202,104,0.0030600612012240246,21,15,49781,49885,151,82,0,0,0,0,0,0,99755,0,0,0,0,0,0,0,0,0,0,243,0,0,0,0,0,0
41,3406,42.06705463620302,99998,50,18,0,0,207,110,0.003170063401268025,24,13,49775,49881,150,87,0,0,0,0,0,0,99749,0,0,0,0,0,0,0,0,0,0,249,0,0,0,0,0,0
42,3406,43.01651874161957,99998,48,18,0,0,215,112,0.0032700654013080263,22,14,49769,49879,160,88,0,0,0,0,0,0,99737,0,0,0,0,0,0,0,0,0,0,261,0,0,0,0,0,0
43,3406,44.02017716634623,99998,46,22,0,0,219,117,0.003360067201344027,23,12,49764,49876,166,89,0,0,0,0,0,0,99730,0,0,0,0,0,0,0,0,0,0,268,0,0,0,0,0,0
44,3406,45.30489584236044,99998,45,20,0,0,228,120,0.003480069601392028,26,13,49753,49873,175,93,0,0,0,0,0,0,99715,0,0,0,0,0,0,0,0,0,0,283,0,0,0,0,0,0
45,3406,46.02531965676206,99998,42,18,0,0,230,121,0.003510070201404028,27,14,49751,49871,179,96,0,0,0,0,0,0,99707,0,0,0,0,0,0,0,0,0,0,291,0,0,0,0,0,0
46,3406,47.05845560096457,99998,47,18,0,0,238,123,0.0036100722014440288,26,18,49744,49865,182,98,0,0,0,0,0,0,99702,0,0,0,0,0,0,0,0,0,0,296,0,0,0,0,0,0
47,3406,48.16009529718654,99998,45,20,0,0,242,126,0.0036800736014720296,29,19,49737,49862,188,98,0,0,0,0,0,0,99695,0,0,0,0,0,0,0,0,0,0,303,0,0,0,0,0,0
48,3406,49.00736061175854,99998,44,24,0,0,251,132,0.0038300766015320308,31,20,49728,49856,196,99,0,0,0,0,0,0,99683,0,0,0,0,0,0,0,0,0,0,315,0,0,0,0,0,0
49,3406,50.02838570106241,99998,38,26,0,0,258,135,0.003930078601572032,30,24,49722,49849,209,100,0,0,0,0,0,0,99670,0,0,1,0,0,0,0,0,0,0,327,0,0,0,0,0,0
50,3406,51.04956171178765,99998,36,27,0,0,264,139,0.004030080601612032,35,21,49712,49849,216,102,0,0,0,0,0,0,99659,0,0,1,0,0,0,0,0,0,0,338,0,0,0,0,0,0
51,3406,52.138796459323935,99998,40,27,0,0,273,142,0.004150083001660033,32,19,49706,49848,221,105,0,0,0,0,0,0,99651,0,0,1,0,0,0,0,0,0,0,346,0,0,0,0,0,0
52,3406,53.21728013626133,99998,40,26,0,0,282,148,0.0043000860017200345,25,17,49707,49844,227,112,0,0,0,0,0,0,99635,0,0,1,0,0,0,0,0,0,0,362,0,0,0,0,0,0
53,3406,54.07337742007047,99998,38,25,0,0,286,150,0.004360087201744035,27,16,49701,49843,233,115,0,0,0,0,0,0,99626,0,0,1,0,0,0,0,0,0,0,371,0,0,0,0,0,0
54,3406,55.05059219976363,99998,38,24,0,0,292,152,0.004440088801776035,30,17,49693,49842,238,116,0,0,0,0,0,0,99617,0,0,1,0,0,0,0,0,0,0,380,0,0,0,0,0,0
55,3406,56.00814109976279,99998,43,26,0,0,302,157,0.004590091801836037,23,20,49690,49834,243,119,0,0,0,0,0,0,99609,0,0,1,0,0,0,0,0,0,0,388,0,0,0,0,0,0
56,3406,57.05839662206199,99998,41,23,0,0,308,160,0.004680093601872037,24,21,49684,49830,250,125,0,0,0,0,0,0,99595,0,0,1,0,0,0,0,0,0,0,402,0,0,0,0,0,0
57,3406,58.080416996958654,99998,44,25,0,0,315,165,0.004800096001920038,27,18,49674,49828,254,128,0,0,0,0,0,0,99588,0,0,1,0,0,0,0,0,0,0,409,0,0,0,0,0,0
58,3406,59.1783692377887,99998,45,28,0,0,328,171,0.00499009980199604,21,15,49668,49826,265,130,0,0,0,0,0,0,99573,0,0,1,0,0,0,0,0,0,0,424,0,0,0,0,0,0
59,3406,60.15317009264961,99998,46,25,0,0,333,174,0.005070101402028041,22,16,49664,49822,267,136,0,0,0,0,0,0,99563,0,0,1,0,0,0,0,0,0,0,434,0,0,0,0,0,0
60,3406,61.11564200269009,99998,46,27,0,0,336,177,0.005130102602052041,23,15,49661,49820,269,137,0,0,0,0,0,0,99559,0,0,1,0,0,0,0,0,0,0,438,0,0,0,0,0,0
61,3406,62.196643757171735,99998,51,27,0,0,344,181,0.005250105002100042,19,13,49657,49818,272,141,0,0,0,0,0,0,99552,0,0,1,0,0,0,0,0,0,0,445,0,0,0,0,0,0
62,3406,63.03639097954722,99998,56,23,0,0,353,183,0.005360107202144043,17,15,49651,49814,275,147,0,0,0,0,0,0,99542,0,0,1,0,0,0,0,0,0,0,455,0,0,0,0,0,0
63,3406,64.2050892026256,99998,60,22,0,0,360,186,0.005460109202184043,19,17,49642,49809,278,151,0,0,0,0,0,0,99535,0,0,1,0,0,0,0,0,0,0,462,0,0,0,0,0,0
64,3406,65.00449042957149,99998,57,27,0,0,367,192,0.005590111802236045,18,13,49637,49807,287,152,0,0,0,0,0,0,99524,0,0,1,0,0,0,0,0,0,0,473,0,0,0,0,0,0
65,3406,66.0117933158405,99998,60,28,0,0,378,197,0.005750115002300046,12,12,49632,49803,295,156,0,0,0,0,0,0,99512,0,0,1,0,0,0,0,0,0,0,485,0,0,0,0,0,0
66,3406,67.2280390122493,99998,60,30,0,0,384,202,0.005860117202344047,17,14,49621,49796,301,159,0,0,0,0,0,0,99503,0,0,1,0,0,0,0,0,0,0,494,0,0,0,0,0,0
67,3406,68.21277517281476,99998,51,29,0,0,391,206,0.005970119402388048,19,15,49614,49792,315,163,0,0,0,0,0,0,99482,0,0,1,0,0,0,0,0,0,0,515,0,0,0,0,0,0
68,3406,69.02195581981778,99998,50,33,0,0,394,211,0.006050121002420048,22,14,49608,49788,319,164,0,0,0,0,0,0,99477,0,0,1,0,0,0,0,0,0,0,520,0,0,0,0,0,0
69,3406,70.12133945207175,99998,47,31,0,0,398,214,0.006120122402448049,27,14,49600,49785,325,169,0,0,0,0,0,0,99465,0,0,1,0,0,0,0,0,0,0,532,0,0,0,0,0,0
70,3406,71.17085430027237,99998,45,33,0,0,402,219,0.0062101242024840495,28,14,49596,49780,330,172,0,0,0,0,0,0,99456,0,0,1,0,0,0,0,0,0,0,541,0,0,0,0,0,0
71,3406,72.02529499892326,99998,46,33,0,0,410,224,0.00634012680253605,23,12,49593,49777,337,177,0,0,0,0,0,0,99444,0,0,1,0,0,0,0,0,0,0,553,0,0,0,0,0,0
72,3406,73.03528048510104,99998,41,31,0,0,413,228,0.006410128202564052,29,12,49585,49773,344,183,0,0,0,0,0,0,99430,0,0,1,0,0,0,0,0,0,0,567,0,0,0,0,0,0
73,3406,74.13663962320533,99998,47,25,0,0,425,230,0.0065501310026200524,27,13,49577,49772,348,189,0,0,0,0,0,0,99416,0,0,1,0,0,0,0,0,0,0,581,0,0,0,0,0,0
74,3406,75.09945258836333,99998,48,26,0,0,430,233,0.006630132602652053,26,14,49573,49768,352,191,0,0,0,0,0,0,99410,0,0,1,0,0,0,0,0,0,0,587,0,0,0,0,0,0
75,3406,76.10515910915682,99998,51,28,0,0,439,240,0.006790135802716054,21,9,49571,49766,356,196,0,0,0,0,0,0,99399,0,0,1,0,0,0,0,0,0,0,598,0,0,0,0,0,0
76,3406,77.34087950608948,99998,49,24,0,0,447,243,0.006900138002760055,25,15,49562,49757,363,203,0,0,0,0,0,0,99382,0,0,1,0,0,0,0,0,0,0,615,0,0,0,0,0,0
77,3406,78.13763294322568,99998,52,23,0,0,453,246,0.006990139802796056,28,15,49555,49754,364,207,0,0,0,0,0,0,99375,0,0,1,0,0,0,0,0,0,0,622,0,0,0,0,0,0
78,3406,79.09106069788076,99998,53,26,0,0,456,252,0.007080141602832057,34,11,49546,49752,366,210,0,0,0,0,0,0,99370,0,0,1,0,0,0,0,0,0,0,627,0,0,0,0,0,0
79,3406,80.06821186919379,99998,51,21,0,0,461,254,0.007150143002860057,35,10,49541,49752,372,216,0,0,0,0,0,0,99356,0,0,1,0,0,0,0,0,0,0,641,0,0,0,0,0,0
80,3406,81.1113443286384,99998,50,17,0,0,468,255,0.0072301446028920574,34,12,49536,49751,379,219,0,0,0,0,0,0,99343,0,0,1,0,0,0,0,0,0,0,654,0,0,0,0,0,0
81,3406,82.20357232709065,99998,46,11,0,0,475,255,0.007300146002920059,34,14,49529,49749,390,225,0,0,0,0,0,0,99326,0,0,1,0,0,0,0,0,0,0,671,0,0,0,0,0,0
82,3406,83.05227953869888,99997,42,14,1,0,479,258,0.007370221106633199,37,13,49522,49747,397,225,0,0,0,0,0,0,99318,0,0,1,0,0,0,0,0,0,0,678,0,0,0,0,0,0
83,3406,84.28862203363896,99997,53,14,1,0,497,261,0.0075802274068222045,31,15,49514,49742,400,228,0,0,0,0,0,0,99308,0,0,1,0,0,0,0,0,0,0,688,0,0,0,0,0,0
84,3406,85.20908454951554,99997,49,16,1,0,501,263,0.007640229206876206,37,16,49505,49740,407,227,0,0,0,0,0,0,99300,0,0,1,0,0,0,0,0,0,0,696,0,0,0,0,0,0
85,3406,86.03232129745372,99997,47,17,1,0,508,265,0.007730231906957209,35,15,49500,49739,416,228,0,0,0,0,0,0,99290,0,0,1,0,0,0,0,0,0,0,706,0,0,0,0,0,0
86,3406,87.010413524127,99996,46,21,2,0,515,271,0.007860314412576503,37,11,49491,49739,423,228,0,0,0,0,0,0,99280,0,0,1,0,0,0,0,0,0,0,715,0,0,0,0,0,0
87,3406,88.15076207102867,99996,54,23,2,0,527,274,0.008010320412816513,33,11,49487,49737,423,228,0,0,0,0,0,0,99275,0,0,1,0,0,0,0,0,0,0,720,0,0,0,0,0,0
88,3406,89.26960417967089,99996,55,22,2,0,537,275,0.00812032481299252,34,16,49477,49733,431,228,0,0,0,0,0,0,99264,0,0,1,0,0,0,0,0,0,0,731,0,0,0,0,0,0
89,3406,90.07999973295557,99996,56,22,2,0,545,277,0.008220328813152527,37,18,49467,49730,437,229,0,0,0,0,0,0,99255,0,0,1,0,0,0,0,0,0,0,740,0,0,0,0,0,0
90,3406,91.02436040244906,99996,54,22,2,0,553,279,0.008320332813312533,35,19,49462,49728,446,230,0,0,0,0,0,0,99243,0,0,1,0,0,0,0,0,0,0,752,0,0,0,0,0,0
91,3406,92.07361555648873,99996,59,28,2,0,564,286,0.008500340013600545,27,17,49461,49724,450,230,0,0,0,0,0,0,99236,0,0,1,0,0,0,0,0,0,0,759,0,0,0,0,0,0
92,3406,93.1318815235523,99996,62,31,2,0,573,294,0.008670346813872555,30,11,49450,49722,455,235,0,0,0,0,0,0,99226,0,0,2,0,0,0,0,0,0,0,768,0,0,0,0,0,0
93,3406,94.21190025635096,99996,56,30,2,0,581,296,0.008770350814032562,36,17,49439,49715,466,237,0,0,0,0,0,0,99209,0,0,2,0,0,0,0,0,0,0,785,0,0,0,0,0,0
94,3406,95.20696361240499,99996,61,30,2,0,596,303,0.008990359614384576,29,19,49432,49708,475,242,0,0,0,0,0,0,99192,0,0,2,0,0,0,0,0,0,0,802,0,0,0,0,0,0
95,3406,96.08228704667826,99996,65,28,2,0,607,307,0.009140365614624585,33,17,49419,49710,480,244,0,0,0,0,0,0,99179,0,0,2,0,0,0,0,0,0,0,815,0,0,0,0,0,0
96,3406,97.08890161176339,99996,60,29,2,0,614,312,0.009260370414816593,32,18,49414,49704,491,248,0,0,0,0,0,0,99164,0,0,3,0,0,0,0,0,0,0,829,0,0,0,0,0,0
97,3406,98.2036186391698,99996,61,24,2,0,625,314,0.009390375615024602,39,27,49400,49696,497,252,0,0,0,0,0,0,99147,0,0,3,0,0,0,0,0,0,0,846,0,0,0,0,0,0
98,3406,99.23107911358431,99996,61,27,2,0,635,321,0.009560382415296612,36,28,49394,49688,506,256,0,0,0,0,0,0,99133,0,0,3,0,0,0,0,0,0,0,860,0,0,0,0,0,0
99,3406,100.25868141699688,99996,62,31,2,0,647,327,0.009740389615584624,35,26,49386,49685,514,257,0,0,0,0,0,0,99120,0,0,3,0,0,0,0,0,0,0,873,0,0,0,0,0,0
100,3406,101.28646219010676,99996,62,34,2,0,655,333,0.009880395215808632,36,22,49380,49684,519,259,0,0,0,0,0,0,99109,0,0,3,0,0,0,0,0,0,0,884,0,0,0,0,0,0
101,3406,102.3143750807869,99996,61,37,2,0,665,339,0.010040401616064643,37,23,49371,49677,528,262,0,0,0,0,0,0,99095,0,0,3,0,0,0,0,0,0,0,898,0,0,0,0,0,0
102,3406,103.34240753120456,99996,70,34,2,0,679,343,0.010220408816352654,38,27,49360,49670,529,268,0,0,0,0,0,0,99083,0,0,3,0,0,0,0,0,0,0,910,0,0,0,0,0,0
103,3406,104.02785120339149,99996,66,34,2,0,685,348,0.010330413216528661,44,24,49349,49668,538,273,0,0,0,0,0,0,99068,0,0,3,0,0,0,0,0,0,0,925,0,0,0,0,0,0
104,3406,105.05630078613132,99996,61,38,2,0,693,357,0.010500420016800672,48,16,49341,49667,547,278,0,0,0,0,0,0,99050,0,0,3,0,0,0,0,0,0,0,943,0,0,0,0,0,0
105,3406,106.14135527473363,99996,65,36,2,0,706,360,0.010660426417056681,42,17,49337,49664,553,282,0,0,0,0,0,0,99036,0,0,3,0,0,0,0,0,0,0,957,0,0,0,0,0,0
106,3406,107.15915482669631,99996,67,33,2,0,714,364,0.01078043121724869,44,21,49331,49657,555,288,0,0,0,0,0,0,99023,0,0,3,0,0,0,0,0,0,0,970,0,0,0,0,0,0
107,3406,108.28314100476231,99996,68,30,2,0,729,368,0.010970438817552702,35,26,49327,49648,567,295,0,0,0,0,0,0,99002,0,0,3,0,0,0,0,0,0,0,991,0,0,0,0,0,0
108,3406,109.31209853529693,99996,67,32,2,0,736,376,0.011120444817792712,39,23,49318,49644,573,300,0,0,0,0,0,0,98988,0,0,3,0,0,0,0,0,0,0,1005,0,0,0,0,0,0
109,3406,110.34121855756648,99996,69,32,2,0,747,383,0.011300452018080723,43,21,49304,49642,581,304,0,0,0,0,0,0,98972,0,0,3,0,0,0,0,0,0,0,1021,0,0,0,0,0,0
110,3406,111.02741546540713,99996,61,33,2,0,750,385,0.011350454018160726,47,23,49299,49638,590,305,0,0,0,0,0,0,98960,0,0,3,0,0,0,0,0,0,0,1033,0,0,0,0,0,0
111,3406,112.05688759174267,99996,57,38,2,0,765,391,0.01156046241849674,42,21,49292,49636,606,304,0,0,0,0,0,0,98940,0,0,3,0,0,0,0,0,0,0,1053,0,0,0,0,0,0
112,3406,113.0865714404566,99996,60,36,2,0,777,395,0.011720468818752751,40,26,49283,49627,614,310,0,0,0,0,0,0,98925,0,0,3,0,0,0,0,0,0,0,1068,0,0,0,0,0,0
113,3406,114.11644393342715,99996,55,41,2,0,783,403,0.011860474418976759,43,22,49275,49624,624,312,0,0,0,0,0,0,98911,0,0,3,0,0,0,0,0,0,0,1082,0,0,0,0,0,0
114,3406,115.32179471106672,99996,52,44,2,0,789,411,0.012000480019200769,44,18,49273,49621,628,316,0,0,0,0,0,0,98897,0,0,3,0,0,0,0,0,0,0,1096,0,0,0,0,0,0
115,3406,116.26203607393477,99996,52,47,2,0,797,416,0.012130485219408776,41,17,49270,49618,634,317,0,0,0,0,0,0,98887,0,0,3,0,0,0,0,0,0,0,1106,0,0,0,0,0,0
116,3406,117.26886859745298,99996,61,44,2,0,815,421,0.012360494419776791,36,17,49261,49613,639,325,0,0,0,0,0,0,98870,0,0,3,0,0,0,0,0,0,0,1123,0,0,0,0,0,0
117,3406,118.27173813874552,99996,59,40,2,0,821,425,0.012460498419936798,38,19,49256,49608,644,332,0,0,0,0,0,0,98854,0,0,3,0,0,0,0,0,0,0,1139,0,0,0,0,0,0
118,3406,119.20342220973086,99996,62,35,2,0,835,427,0.012620504820192807,30,18,49251,49610,654,336,0,0,0,0,0,0,98836,0,0,3,0,0,0,0,0,0,0,1157,0,0,0,0,0,0
119,3406,120.0126026491257,99996,63,36,2,0,842,431,0.012730509220368814,30,15,49245,49609,659,339,0,0,0,0,0,0,98827,0,0,3,0,0,0,0,0,0,0,1166,0,0,0,0,0,0
120,3406,121.08248821795847,99996,67,34,2,0,855,436,0.012910516420656826,37,15,49229,49605,664,345,0,0,0,0,0,0,98811,0,0,3,0,0,0,0,0,0,0,1182,0,0,0,0,0,0
121,3406,122.0829515796247,99996,65,32,2,0,861,443,0.013040521620864835,40,18,49222,49598,670,351,0,0,0,0,0,0,98794,0,0,3,0,0,0,0,0,0,0,1199,0,0,0,0,0,0
122,3406,123.06272257660254,99996,63,35,2,0,868,449,0.013170526821072844,40,18,49217,49593,677,353,0,0,0,0,0,0,98782,0,0,3,0,0,0,0,0,0,0,1211,0,0,0,0,0,0
123,3406,124.16791263303142,99996,66,33,2,0,882,454,0.013360534421376856,45,17,49201,49594,685,355,0,0,0,0,0,0,98765,0,0,4,0,0,0,0,0,0,0,1227,0,0,0,0,0,0
124,3406,125.07348688307479,99996,69,36,2,0,893,460,0.013530541221648866,41,14,49195,49592,692,357,0,0,0,0,0,0,98754,0,0,4,0,0,0,0,0,0,0,1238,0,0,0,0,0,0
125,3406,126.11742086241404,99996,65,32,2,0,901,462,0.013630545221808872,42,15,49187,49589,703,363,0,0,0,0,0,0,98736,0,0,4,0,0,0,0,0,0,0,1256,0,0,0,0,0,0
126,3406,127.05465759100142,99996,62,36,2,0,906,466,0.013720548821952878,47,16,49179,49584,709,363,0,0,0,0,0,0,98728,0,0,4,0,0,0,0,0,0,0,1264,0,0,0,0,0,0
127,3406,128.32416724488868,99996,66,34,2,0,925,472,0.013970558822352893,47,16,49162,49580,722,369,0,0,0,0,0,0,98705,0,0,4,0,0,0,0,0,0,0,1287,0,0,0,0,0,0
128,3406,129.0814705901215,99996,65,36,2,0,929,477,0.0140605624224969,50,13,49156,49578,726,372,0,0,0,0,0,0,98697,0,0,4,0,0,0,0,0,0,0,1295,0,0,0,0,0,0
129,3406,130.25924631083296,99996,69,40,2,0,944,484,0.014280571222848914,42,12,49153,49573,733,374,0,0,0,0,0,0,98683,0,0,4,0,0,0,0,0,0,0,1309,0,0,0,0,0,0
130,3406,131.03938614497872,99996,74,41,2,0,952,487,0.01439057562302492,46,16,49141,49567,736,375,0,0,0,0,0,0,98678,0,0,4,0,0,0,0,0,0,0,1314,0,0,0,0,0,0
131,3406,132.08805648890805,99996,77,38,2,0,970,490,0.014600584023360934,44,20,49128,49562,748,379,0,0,0,0,0,0,98657,0,0,4,0,0,0,0,0,0,0,1335,0,0,0,0,0,0
132,3406,133.14671403961034,99996,75,38,2,0,978,497,0.014750590023600943,45,20,49119,49557,758,384,0,0,0,0,0,0,98640,0,0,4,0,0,0,0,0,0,0,1352,0,0,0,0,0,0
133,3406,134.10721179072013,99996,82,35,2,0,990,499,0.014890595623824953,45,22,49108,49555,762,387,0,0,0,0,0,0,98630,0,0,4,0,0,0,0,0,0,0,1362,0,0,0,0,0,0
134,3406,135.14047158270841,99996,82,37,2,0,997,507,0.015040601624064962,52,19,49099,49552,764,391,0,0,0,0,0,0,98617,0,0,4,0,0,0,0,0,0,0,1375,0,0,0,0,0,0
135,3406,136.22760138820107,99996,83,36,2,0,1014,511,0.015250610024400976,52,19,49083,49548,779,396,0,0,0,0,0,0,98596,0,0,4,0,0,0,0,0,0,0,1396,0,0,0,0,0,0
136,3406,137.2613212961192,99996,86,41,2,0,1032,521,0.015530621224848993,42,18,49078,49540,791,400,0,0,0,0,0,0,98576,0,0,4,0,0,0,0,0,0,0,1416,0,0,0,0,0,0
137,3406,138.00664009028537,99996,91,41,2,0,1039,524,0.015630625225009,40,16,49073,49540,793,402,0,0,0,0,0,0,98571,0,0,4,0,0,0,0,0,0,0,1421,0,0,0,0,0,0
138,3406,139.04043023558816,99996,93,43,2,0,1057,529,0.015860634425377017,45,17,49054,49535,805,404,0,0,0,0,0,0,98552,0,0,4,0,0,0,0,0,0,0,1440,0,0,0,0,0,0
139,3406,140.29515591153782,99996,94,43,2,0,1077,537,0.016140645625825033,48,22,49034,49524,821,410,0,0,0,0,0,0,98525,0,0,4,0,0,0,0,0,0,0,1467,0,0,0,0,0,0
140,3406,141.21431083354335,99996,89,43,2,0,1083,542,0.01625065002600104,58,22,49022,49520,828,414,0,0,0,0,0,0,98509,0,0,4,0,0,0,0,0,0,0,1483,0,0,0,0,0,0
141,3406,142.24916803849615,99996,86,45,2,0,1094,549,0.01643065722628905,58,20,49011,49515,842,419,0,0,0,0,0,0,98490,0,0,4,0,0,0,0,0,0,0,1502,0,0,0,0,0,0
142,3406,143.030613333808,99996,87,48,2,0,1100,556,0.01656066242649706,63,16,49000,49514,847,421,0,0,0,0,0,0,98481,0,0,4,0,0,0,0,0,0,0,1511,0,0,0,0,0,0
143,3406,144.08654372801493,99996,88,50,2,0,1113,561,0.01674066962678507,67,18,48989,49508,853,423,0,0,0,0,0,0,98467,0,0,5,0,0,0,0,0,0,0,1524,0,0,0,0,0,0
144,3406,145.27382539783568,99996,94,48,2,0,1134,571,0.01705068202728109,59,19,48983,49498,861,434,0,0,0,0,0,0,98440,0,0,5,0,0,0,0,0,0,0,1551,0,0,0,0,0,0
145,3406,146.23888598427456,99996,99,44,2,0,1152,577,0.017290691627665108,60,22,48969,49490,869,443,0,0,0,0,0,0,98417,0,0,5,0,0,0,0,0,0,0,1574,0,0,0,0,0,0
146,3406,147.27473204638454,99996,91,46,2,0,1165,585,0.01750070002800112,61,20,48960,49487,885,446,0,0,0,0,0,0,98390,0,0,5,0,0,0,0,0,0,0,1601,0,0,0,0,0,0
147,3406,148.04425309869632,99996,89,37,2,0,1178,590,0.01768070722828913,57,20,48951,49484,900,458,0,0,0,0,0,0,98361,0,0,5,0,0,0,0,0,0,0,1630,0,0,0,0,0,0
148,3406,149.10012718952655,99996,90,35,2,0,1185,594,0.01779071162846514,66,25,48936,49477,905,462,0,0,0,0,0,0,98349,0,0,5,0,0,0,0,0,0,0,1642,0,0,0,0,0,0
149,3406,150.31352198255746,99996,86,36,2,0,1199,601,0.018000720028801154,71,21,48924,49474,916,468,0,0,0,0,0,0,98325,0,0,5,0,0,0,0,0,0,0,1666,0,0,0,0,0,0
150,3406,151.00475449019604,99996,91,37,2,0,1209,606,0.01815072602904116,71,18,48914,49473,921,471,0,0,0,0,0,0,98316,0,0,5,0,0,0,0,0,0,0,1675,0,0,0,0,0,0
151,3406,152.04126008829581,99996,96,37,2,0,1224,611,0.018350734029361174,69,18,48902,49470,930,474,0,0,0,0,0,0,98301,0,0,5,0,0,0,0,0,0,0,1690,0,0,0,0,0,0
152,3406,153.07635297943426,99996,94,36,2,0,1241,617,0.01858074322972919,67,20,48892,49466,944,477,0,0,0,0,0,0,98275,0,0,5,0,0,0,0,0,0,0,1716,0,0,0,0,0,0
153,3406,154.25413515481955,99996,102,35,2,0,1268,623,0.01891075643025721,67,31,48870,49455,958,478,0,0,0,0,0,0,98249,0,0,5,0,0,0,0,0,0,0,1742,0,0,0,0,0,0
154,3406,155.2919424547652,99996,117,38,2,0,1290,630,0.019200768030721228,69,32,48851,49449,960,480,0,0,0,0,0,0,98238,0,0,5,0,0,0,0,0,0,0,1753,0,0,0,0,0,0
155,3406,156.32996519257335,99996,112,47,2,0,1304,643,0.019470778831153245,71,25,48839,49444,975,483,0,0,0,0,0,0,98215,0,0,5,0,0,0,0,0,0,0,1776,0,0,0,0,0,0
156,3406,157.02212217002653,99996,108,48,2,0,1310,647,0.019570782831313253,75,28,48832,49438,982,485,0,0,0,0,0,0,98202,0,0,5,0,0,0,0,0,0,0,1789,0,0,0,0,0,0
157,3406,158.0605664457278,99996,111,51,2,0,1332,656,0.019880795231809273,70,29,48818,49429,998,490,0,0,0,0,0,0,98177,0,0,5,0,0,0,0,0,0,0,1814,0,0,0,0,0,0
158,3406,159.09932060937052,99996,104,57,2,0,1349,667,0.02016080643225729,69,27,48806,49420,1018,495,0,0,0,0,0,0,98148,0,0,5,0,0,0,0,0,0,0,1843,0,0,0,0,0,0
159,3406,160.13833096352943,99996,101,58,2,0,1370,677,0.02047081883275331,57,28,48801,49410,1038,503,0,0,0,0,0,0,98115,0,0,5,0,0,0,0,0,0,0,1876,0,0,0,0,0,0
160,3406,161.1776405980449,99996,98,59,2,0,1385,689,0.020740829633185326,57,23,48789,49405,1053,512,0,0,0,0,0,0,98087,0,0,6,0,0,0,0,0,0,0,1903,0,0,0,0,0,0
161,3406,162.2172601780185,99996,94,53,2,0,1397,691,0.020880835233409337,64,30,48774,49397,1065,519,0,0,0,0,0,0,98064,0,0,7,0,0,0,0,0,0,0,1925,0,0,0,0,0,0
162,3406,163.25718879346516,99996,90,47,2,0,1413,694,0.021070842833713348,68,31,48756,49394,1083,527,0,0,0,0,0,0,98036,0,0,8,0,0,0,0,0,0,0,1952,0,0,0,0,0,0
163,3406,164.29748449548725,99996,89,46,2,0,1423,700,0.021230849233969357,72,32,48745,49390,1091,531,0,0,0,0,0,0,98018,0,0,8,0,0,0,0,0,0,0,1970,0,0,0,0,0,0
164,3406,165.33800752496722,99996,91,50,2,0,1439,707,0.021460858434337374,74,28,48732,49388,1100,533,0,0,0,0,0,0,98001,0,0,8,0,0,0,0,0,0,0,1987,0,0,0,0,0,0
165,3406,166.0318321206134,99996,100,55,2,0,1456,715,0.02171086843473739,69,23,48721,49385,1107,536,0,0,0,0,0,0,97991,0,0,9,0,0,0,0,0,0,0,1996,0,0,0,0,0,0
166,3406,167.07277157622238,99994,99,46,2,2,1468,719,0.021871312278736725,71,24,48713,49382,1114,545,0,0,0,0,0,0,97966,0,0,10,0,0,0,0,0,0,0,2018,0,0,0,0,0,0
167,3406,168.11390111822314,99994,103,51,2,2,1479,728,0.022071324279456767,75,18,48700,49382,1119,546,0,0,0,0,0,0,97955,0,0,10,0,0,0,0,0,0,0,2029,0,0,0,0,0,0
168,3406,169.13665348259573,99994,96,40,2,2,1497,732,0.022291337480248814,85,20,48676,49380,1140,557,0,0,0,0,0,0,97916,0,0,11,0,0,0,0,0,0,0,2067,0,0,0,0,0,0
169,3406,170.16821644751892,99994,99,45,2,2,1512,740,0.022521351281076865,80,16,48668,49377,1150,559,0,0,0,0,0,0,97901,0,0,11,0,0,0,0,0,0,0,2082,0,0,0,0,0,0
170,3406,171.18635420884374,99994,105,41,2,2,1543,747,0.022901374082444945,67,23,48653,49368,1172,565,0,0,0,0,0,0,97865,0,0,11,0,0,0,0,0,0,0,2118,0,0,0,0,0,0
171,3406,172.22876686326276,99994,110,38,2,2,1560,752,0.023121387283236993,71,24,48636,49365,1180,570,0,0,0,0,0,0,97845,0,0,11,0,0,0,0,0,0,0,2138,0,0,0,0,0,0
172,3406,173.27146606592902,99994,116,40,2,2,1577,759,0.023361401684101047,71,27,48625,49358,1185,572,0,0,0,0,0,0,97830,0,0,12,0,0,0,0,0,0,0,2152,0,0,0,0,0,0
173,3406,174.31429003855078,99994,116,42,2,2,1593,765,0.023581414884893095,67,31,48618,49349,1196,575,0,0,0,0,0,0,97810,0,0,12,0,0,0,0,0,0,0,2172,0,0,0,0,0,0
174,3406,175.00961945401235,99994,121,42,2,2,1608,768,0.023761425685541133,57,35,48615,49346,1204,574,0,0,0,0,0,0,97798,0,0,13,0,0,0,0,0,0,0,2183,0,0,0,0,0,0
175,3406,176.05275670945682,99994,116,39,2,2,1620,775,0.023951437086225172,63,33,48599,49342,1219,583,0,0,0,0,0,0,97771,0,0,13,0,0,0,0,0,0,0,2210,0,0,0,0,0,0
176,3406,177.09620246514515,99994,114,41,2,2,1636,784,0.02420145208712523,63,29,48589,49339,1231,588,0,0,0,0,0,0,97747,0,0,14,0,0,0,0,0,0,0,2233,0,0,0,0,0,0
177,3406,178.1399164383899,99994,115,42,2,2,1655,792,0.024471468288097285,62,26,48575,49336,1245,593,0,0,0,0,0,0,97722,0,0,14,0,0,0,0,0,0,0,2258,0,0,0,0,0,0
178,3406,179.18394615543403,99993,121,38,3,2,1671,799,0.024701729121038473,64,30,48561,49325,1250,604,0,0,0,0,0,0,97701,0,0,14,0,0,0,0,0,0,0,2278,0,0,0,0,0,0
179,3406,180.22819209540012,99993,119,39,3,2,1690,813,0.025031752222655586,61,26,48549,49316,1267,616,0,0,0,0,0,0,97667,0,0,14,0,0,0,0,0,0,0,2312,0,0,0,0,0,0
180,3406,181.27276539217402,99993,117,41,3,2,1708,818,0.025261768323782664,60,27,48536,49312,1283,617,0,0,0,0,0,0,97645,0,0,15,0,0,0,0,0,0,0,2333,0,0,0,0,0,0
181,3406,182.31761408453335,99993,120,35,3,2,1728,823,0.02551178582500775,58,31,48523,49305,1295,626,0,0,0,0,0,0,97617,0,0,15,0,0,0,0,0,0,0,2361,0,0,0,0,0,0
182,3406,183.01436456516623,99993,126,36,3,2,1745,828,0.025731801226085826,52,33,48518,49298,1300,630,0,0,0,0,0,0,97603,0,0,16,0,0,0,0,0,0,0,2374,0,0,0,0,0,0
183,3406,184.05955161893093,99993,129,40,3,2,1759,837,0.025961817327212904,52,36,48505,49286,1310,635,0,0,0,0,0,0,97587,0,0,16,0,0,0,0,0,0,0,2390,0,0,0,0,0,0
184,3406,185.10498136577593,99993,123,45,3,2,1773,846,0.026191833428339983,63,32,48485,49285,1325,635,0,0,0,0,0,0,97564,0,0,17,0,0,0,0,0,0,0,2412,0,0,0,0,0,0
185,3406,186.15073733516954,99993,117,43,3,2,1787,853,0.026401848129369056,67,35,48473,49277,1339,642,0,0,0,0,0,0,97535,0,0,17,0,0,0,0,0,0,0,2441,0,0,0,0,0,0
186,3406,187.19683868310597,99993,114,40,3,2,1807,860,0.02667186703069215,59,36,48463,49269,1360,652,0,0,0,0,0,0,97502,0,0,17,0,0,0,0,0,0,0,2474,0,0,0,0,0,0
187,3406,188.2433060392094,99993,111,49,3,2,1825,874,0.026991889432260257,58,28,48448,49264,1379,656,0,0,0,0,0,0,97476,0,0,17,0,0,0,0,0,0,0,2500,0,0,0,0,0,0
188,3406,189.29011358178377,99992,108,45,4,2,1845,883,0.02728218257460597,57,23,48433,49261,1397,668,0,0,0,0,0,0,97440,0,0,17,0,0,0,0,0,0,0,2535,0,0,0,0,0,0
189,3406,190.33731720792827,99992,112,43,4,2,1865,888,0.027532202576206095,58,26,48417,49254,1408,674,0,0,0,0,0,0,97417,0,0,17,0,0,0,0,0,0,0,2558,0,0,0,0,0,0
190,3406,191.03561868422554,99992,106,46,4,2,1874,892,0.027662212977038164,63,23,48407,49254,1419,674,0,0,0,0,0,0,97401,0,0,17,0,0,0,0,0,0,0,2574,0,0,0,0,0,0
191,3406,192.08329572353205,99992,106,48,4,2,1889,903,0.027922233778702295,69,26,48393,49242,1427,681,0,0,0,0,0,0,97378,0,0,18,0,0,0,0,0,0,0,2596,0,0,0,0,0,0
192,3406,193.131201221569,99992,112,50,4,2,1904,912,0.02816225298023842,75,31,48375,49231,1433,685,0,0,0,0,0,0,97362,0,0,18,0,0,0,0,0,0,0,2612,0,0,0,0,0,0
193,3406,194.17935674787427,99992,115,51,4,2,1924,919,0.02843227458196656,70,32,48368,49226,1442,688,0,0,0,0,0,0,97339,0,0,18,0,0,0,0,0,0,0,2635,0,0,0,0,0,0
194,3406,195.22768738837843,99992,119,54,4,2,1948,927,0.02875230018401472,72,34,48350,49219,1454,690,0,0,0,0,0,0,97314,0,0,18,0,0,0,0,0,0,0,2660,0,0,0,0,0,0
195,3406,196.2763496535691,99992,118,59,4,2,1965,936,0.029012320985678856,78,31,48332,49216,1467,691,0,0,0,0,0,0,97292,0,0,18,0,0,0,0,0,0,0,2682,0,0,0,0,0,0
196,3406,197.32529696863065,99992,122,62,4,2,1983,944,0.029272341787342986,74,32,48327,49207,1472,696,0,0,0,0,0,0,97273,0,0,18,0,0,0,0,0,0,0,2701,0,0,0,0,0,0
197,3406,198.02464382600192,99992,130,63,4,2,2005,953,0.029582366589327145,62,31,48319,49200,1484,703,0,0,0,0,0,0,97252,0,0,19,0,0,0,0,0,0,0,2721,0,0,0,0,0,0
198,3406,199.07385214344575,99992,119,64,4,2,2018,964,0.02982238579086327,70,34,48304,49188,1502,711,0,0,0,0,0,0,97219,0,0,20,0,0,0,0,0,0,0,2753,0,0,0,0,0,0
199,3406,200.1234459133857,99991,119,69,5,2,2039,974,0.030132711944074967,75,38,48284,49174,1516,716,0,0,0,0,0,0,97193,0,0,20,0,0,0,0,0,0,0,2778,0,0,0,0,0,0
200,3406,201.17332847675047,99991,114,67,5,2,2059,982,0.030412737146343172,79,45,48269,49164,1532,721,0,0,0,0,0,0,97159,0,0,21,0,0,0,0,0,0,0,2811,0,0,0,0,0,0
201,3406,202.22352839237712,99991,104,63,5,2,2071,993,0.030642757848206338,82,42,48257,49160,1551,732,0,0,0,0,0,0,97122,0,0,21,0,0,0,0,0,0,0,2848,0,0,0,0,0,0
202,3406,203.27411939880045,99991,112,62,5,2,2091,1006,0.03097278755087958,86,42,48238,49151,1558,742,0,0,0,0,0,0,97096,0,0,21,0,0,0,0,0,0,0,2874,0,0,0,0,0,0
203,3406,204.3250165298587,99991,121,66,5,2,2114,1019,0.03133281995379584,81,39,48222,49144,1570,748,0,0,0,0,0,0,97075,0,0,23,0,0,0,0,0,0,0,2893,0,0,0,0,0,0
204,3406,205.02577074573298,99991,120,64,5,2,2128,1026,0.031542838855496996,81,38,48211,49139,1582,756,0,0,0,0,0,0,97051,0,0,23,0,0,0,0,0,0,0,2917,0,0,0,0,0,0
205,3406,206.0771946362836,99991,124,58,5,2,2152,1030,0.0318228640577652,73,46,48201,49129,1596,764,0,0,0,0,0,0,97021,0,0,23,0,0,0,0,0,0,0,2947,0,0,0,0,0,0
206,3406,207.12892429653536,99991,128,60,5,2,2173,1042,0.032152893760438436,77,43,48178,49122,1611,772,0,0,0,0,0,0,96994,0,0,23,0,0,0,0,0,0,0,2974,0,0,0,0,0,0
207,3406,208.18103562643748,99991,134,66,5,2,2190,1057,0.03247292256303067,86,37,48158,49116,1616,778,0,0,0,0,0,0,96974,0,0,23,0,0,0,0,0,0,0,2994,0,0,0,0,0,0
208,3406,209.23340526313143,99991,132,63,5,2,2204,1063,0.03267294056465082,93,43,48143,49110,1626,781,0,0,0,0,0,0,96949,0,0,23,0,0,0,0,0,0,0,3019,0,0,0,0,0,0
209,3406,210.28605921383152,99991,143,66,5,2,2230,1073,0.03303297296756708,87,46,48125,49098,1639,787,0,0,0,0,0,0,96927,0,0,23,0,0,0,0,0,0,0,3041,0,0,0,0,0,0
210,3406,211.3390330770414,99991,154,77,5,2,2254,1090,0.03344300987088838,93,42,48105,49093,1642,785,0,0,0,0,0,0,96909,0,0,24,0,0,0,0,0,0,0,3058,0,0,0,0,0,0
211,3406,212.04112587719635,99991,154,79,5,2,2268,1100,0.03368303147283255,96,46,48090,49079,1654,793,0,0,0,0,0,0,96887,0,0,24,0,0,0,0,0,0,0,3080,0,0,0,0,0,0
212,3406,213.09456274821866,99991,154,77,5,2,2288,1115,0.03403306297566781,98,39,48075,49074,1667,807,0,0,0,0,0,0,96852,0,0,26,0,0,0,0,0,0,0,3113,0,0,0,0,0,0
213,3406,214.14834616001903,99991,153,75,5,2,2314,1122,0.03436309267834105,95,41,48060,49069,1686,812,0,0,0,0,0,0,96816,0,0,26,0,0,0,0,0,0,0,3149,0,0,0,0,0,0
214,3406,215.202484146903,99991,150,74,5,2,2338,1130,0.034683121480933284,89,46,48050,49057,1705,820,0,0,0,0,0,0,96781,0,0,27,0,0,0,0,0,0,0,3183,0,0,0,0,0,0
215,3406,216.2569413389402,99991,150,82,5,2,2363,1142,0.035053154783930555,84,45,48035,49047,1725,823,0,0,0,0,0,0,96752,0,0,27,0,0,0,0,0,0,0,3212,0,0,0,0,0,0
216,3406,217.3117337023921,99991,143,76,5,2,2381,1151,0.03532317908611775,92,44,48018,49042,1741,835,0,0,0,0,0,0,96714,0,0,29,0,0,0,0,0,0,0,3248,0,0,0,0,0,0
217,3406,218.01515528801454,99991,145,71,5,2,2398,1158,0.03556320068806192,93,48,48001,49033,1755,845,0,0,0,0,0,0,96688,0,0,30,0,0,0,0,0,0,0,3273,0,0,0,0,0,0
218,3406,219.07071650406178,99991,148,68,5,2,2423,1171,0.0359432348911402,92,49,47985,49020,1769,860,0,0,0,0,0,0,96650,0,0,30,0,0,0,0,0,0,0,3311,0,0,0,0,0,0
219,3406,220.12654033521315,99991,158,77,5,2,2452,1184,0.03636327269454251,84,54,47974,49004,1778,862,0,0,0,0,0,0,96629,0,0,32,0,0,0,0,0,0,0,3330,0,0,0,0,0,0
220,3406,221.18259658572546,99991,152,92,5,2,2473,1206,0.03679331139802582,83,50,47963,48991,1796,864,0,0,0,0,0,0,96596,0,0,33,0,0,0,0,0,0,0,3362,0,0,0,0,0,0
221,3406,222.23891307108903,99991,157,98,5,2,2497,1221,0.037183346501185106,89,49,47934,48980,1814,870,0,0,0,0,0,0,96569,0,0,34,0,0,0,0,0,0,0,3388,0,0,0,0,0,0
222,3406,223.295704885702,99991,155,102,5,2,2515,1241,0.037563380704263384,95,42,47918,48971,1826,882,0,0,0,0,0,0,96534,0,0,35,0,0,0,0,0,0,0,3422,0,0,0,0,0,0
223,3406,224.0004180112397,99991,156,94,5,2,2525,1246,0.03771339420547849,105,44,47903,48968,1830,891,0,0,0,0,0,0,96512,0,0,35,0,0,0,0,0,0,0,3444,0,0,0,0,0,0
224,3406,225.0577890321542,99991,162,94,5,2,2557,1256,0.0381334320088808,102,47,47880,48959,1850,897,0,0,0,0,0,0,96477,0,0,36,0,0,0,0,0,0,0,3478,0,0,0,0,0,0
225,3406,226.11559699784465,99991,154,96,5,2,2585,1275,0.038603474312688145,97,38,47868,48951,1875,912,0,0,0,0,0,0,96425,0,0,37,0,0,0,0,0,0,0,3529,0,0,0,0,0,0
226,3406,227.17385504130974,99990,169,89,5,3,2628,1285,0.039133913391339134,81,36,47847,48945,1897,926,0,0,0,0,0,0,96380,0,0,37,0,0,0,0,0,0,0,3573,0,0,0,0,0,0
227,3406,228.23257890017098,99990,157,83,5,3,2643,1292,0.039353935393539353,93,46,47836,48931,1908,936,0,0,0,0,0,0,96341,0,0,38,0,0,0,0,0,0,0,3611,0,0,0,0,0,0
228,3406,229.2916368447824,99989,152,78,6,3,2658,1306,0.03964436087969676,107,43,47814,48922,1920,953,0,0,0,0,0,0,96303,0,0,39,0,0,0,0,0,0,0,3647,0,0,0,0,0,0
229,3406,230.35111403730622,99989,152,78,6,3,2683,1315,0.03998439828381122,104,46,47796,48912,1941,960,0,0,0,0,0,0,96271,0,0,41,0,0,0,0,0,0,0,3677,0,0,0,0,0,0
230,3406,231.05763238840058,99989,145,75,6,3,2695,1321,0.04016441808598946,106,45,47788,48909,1954,967,0,0,0,0,0,0,96243,0,0,41,0,0,0,0,0,0,0,3705,0,0,0,0,0,0
231,3406,232.11774562983248,99989,136,74,6,3,2711,1331,0.04042444668913581,109,47,47779,48899,1969,976,0,0,0,0,0,0,96207,0,0,41,0,0,0,0,0,0,0,3741,0,0,0,0,0,0
232,3406,233.1781512733657,99989,130,72,6,3,2732,1342,0.04074448189300823,114,46,47762,48892,1987,986,0,0,0,0,0,0,96170,0,0,44,0,0,0,0,0,0,0,3775,0,0,0,0,0,0
233,3406,234.238928426154,99989,145,69,6,3,2759,1354,0.04113452479772775,107,45,47750,48883,1991,999,0,0,0,0,0,0,96143,0,0,44,0,0,0,0,0,0,0,3802,0,0,0,0,0,0
234,3406,235.2999210462392,99989,147,67,6,3,2780,1363,0.04143455780135815,109,46,47733,48877,2004,1006,0,0,0,0,0,0,96113,0,0,44,0,0,0,0,0,0,0,3832,0,0,0,0,0,0
235,3406,236.00744544845878,99989,151,70,6,3,2799,1370,0.0416945864045045,106,47,47724,48870,2012,1009,0,0,0,0,0,0,96095,0,0,45,0,0,0,0,0,0,0,3849,0,0,0,0,0,0
236,3406,237.06893657131795,99989,163,77,6,3,2832,1383,0.042154637010071105,97,45,47707,48863,2026,1011,0,0,0,0,0,0,96069,0,0,46,0,0,0,0,0,0,0,3874,0,0,0,0,0,0
237,3406,238.1307424719277,99989,163,77,6,3,2859,1394,0.042534678814669616,103,49,47679,48856,2048,1014,0,0,0,0,0,0,96033,0,0,48,0,0,0,0,0,0,0,3908,0,0,0,0,0,0
238,3406,239.19306721229532,99989,166,83,6,3,2880,1413,0.04293472281951015,102,44,47664,48848,2061,1021,0,0,0,0,0,0,96003,0,0,49,0,0,0,0,0,0,0,3937,0,0,0,0,0,0
239,3406,240.25571057428576,99988,171,83,7,3,2904,1425,0.04329519542345081,102,49,47655,48836,2064,1028,0,0,0,0,0,0,95972,0,0,49,0,0,0,0,0,0,0,3967,0,0,0,0,0,0
240,3406,241.31848384977982,99988,177,87,7,3,2935,1438,0.043735248229787575,99,48,47635,48828,2081,1033,0,0,0,0,0,0,95939,0,0,50,0,0,0,0,0,0,0,3999,0,0,0,0,0,0
241,3406,242.02721896173207,99988,181,87,7,3,2955,1443,0.043985278233388006,91,48,47627,48823,2093,1038,0,0,0,0,0,0,95918,0,0,50,0,0,0,0,0,0,0,4020,0,0,0,0,0,0
242,3406,243.0906210150762,99988,166,88,7,3,2975,1457,0.04432531903828459,97,47,47603,48811,2126,1050,0,0,0,0,0,0,95872,0,0,52,0,0,0,0,0,0,0,4064,0,0,0,0,0,0
243,3406,244.15458032775342,99988,166,91,7,3,2994,1475,0.04469536344361323,110,41,47581,48800,2135,1064,0,0,0,0,0,0,95840,0,0,54,0,0,0,0,0,0,0,4094,0,0,0,0,0,0
244,3406,245.21891316852597,99988,176,100,7,3,3031,1494,0.045255430651678204,100,35,47564,48791,2152,1070,0,0,0,0,0,0,95804,0,0,55,0,0,0,0,0,0,0,4129,0,0,0,0,0,0
245,3406,246.2836770069759,99988,163,96,7,3,3056,1502,0.04558547025643077,120,48,47524,48776,2185,1076,0,0,0,0,0,0,95755,0,0,56,0,0,0,0,0,0,0,4177,0,0,0,0,0,0
246,3406,247.34916332481558,99988,170,92,7,3,3089,1510,0.04599551946233548,120,53,47498,48767,2204,1084,0,0,0,0,0,0,95719,0,0,58,0,0,0,0,0,0,0,4211,0,0,0,0,0,0
247,3406,248.05980902284264,99988,179,96,7,3,3119,1521,0.04640556866824019,102,48,47494,48762,2217,1090,0,0,0,0,0,0,95691,0,0,58,0,0,0,0,0,0,0,4239,0,0,0,0,0,0
248,3406,249.12600124223272,99988,188,98,7,3,3148,1534,0.046825619074288914,98,52,47477,48749,2229,1097,0,0,0,0,0,0,95660,0,0,58,0,0,0,0,0,0,0,4270,0,0,0,0,0,0
249,3406,250.1925713375865,99988,190,106,7,3,3183,1553,0.04736568388206585,102,40,47444,48745,2256,1105,0,0,0,0,0,0,95616,0,0,58,0,0,0,0,0,0,0,4314,0,0,0,0,0,0
250,3406,251.2597339495924,99988,188,98,7,3,3215,1562,0.047775733087970555,98,43,47430,48740,2276,1115,0,0,0,0,0,0,95566,0,0,59,0,0,0,0,0,0,0,4363,0,0,0,0,0,0
251,3406,252.32734230935864,99988,186,84,7,3,3242,1571,0.04813577629315518,94,47,47414,48731,2298,1134,0,0,0,0,0,0,95515,0,0,60,0,0,0,0,0,0,0,4413,0,0,0,0,0,0
252,3406,253.03934721028307,99988,195,85,7,3,3263,1580,0.0484358122974757,89,50,47402,48720,2306,1141,0,0,0,0,0,0,95495,0,0,60,0,0,0,0,0,0,0,4433,0,0,0,0,0,0
253,3406,254.1076211257616,99987,190,90,8,3,3283,1595,0.04878634222448918,100,48,47377,48712,2324,1146,0,0,0,0,0,0,95460,0,0,60,0,0,0,0,0,0,0,4467,0,0,0,0,0,0
254,3406,255.1764089079331,99986,185,90,9,3,3306,1608,0.04914688056327886,112,49,47349,48703,2344,1154,0,0,0,0,0,0,95422,0,0,63,0,0,0,0,0,0,0,4501,0,0,0,0,0,0
255,3406,256.24576884451665,99986,175,91,9,3,3332,1620,0.0495269337707279,121,59,47323,48681,2371,1165,0,0,0,0,0,0,95378,0,0,66,0,0,0,0,0,0,0,4542,0,0,0,0,0,0
256,3406,257.31563854364396,99986,172,97,9,3,3358,1639,0.049976996779549136,125,54,47300,48669,2393,1176,0,0,0,0,0,0,95336,0,0,66,0,0,0,0,0,0,0,4584,0,0,0,0,0,0
257,3406,258.0291719220746,99986,172,99,9,3,3374,1651,0.050257035985037904,134,54,47282,48658,2402,1185,0,0,0,0,0,0,95310,0,0,66,0,0,0,0,0,0,0,4610,0,0,0,0,0,0
258,3406,259.0997954204862,99986,178,94,9,3,3406,1667,0.05073710319444722,136,56,47261,48646,2415,1200,0,0,0,0,0,0,95264,0,0,67,0,0,0,0,0,0,0,4655,0,0,0,0,0,0
259,3406,260.17086222294824,99986,177,93,9,3,3438,1678,0.0511671634028764,131,58,47242,48637,2440,1208,0,0,0,0,0,0,95219,0,0,67,0,0,0,0,0,0,0,4700,0,0,0,0,0,0
260,3406,261.24243392321415,99986,194,95,9,3,3478,1696,0.05174724461424599,125,56,47216,48628,2455,1217,0,0,0,0,0,0,95181,0,0,68,0,0,0,0,0,0,0,4737,0,0,0,0,0,0
261,3406,262.31443574956074,99986,203,97,9,3,3510,1712,0.05222731182365531,123,55,47195,48621,2469,1223,0,0,0,0,0,0,95145,0,0,69,0,0,0,0,0,0,0,4772,0,0,0,0,0,0
262,3406,263.0293171478267,99986,201,90,9,3,3529,1718,0.052477346828555996,120,59,47185,48611,2484,1236,0,0,0,0,0,0,95113,0,0,71,0,0,0,0,0,0,0,4802,0,0,0,0,0,0
263,3406,264.1019967559615,99986,205,100,9,3,3562,1738,0.05300742103894545,117,55,47167,48601,2501,1240,0,0,0,0,0,0,95074,0,0,71,0,0,0,0,0,0,0,4841,0,0,0,0,0,0
264,3406,265.1750142034981,99986,191,96,9,3,3583,1752,0.05335747004580641,109,56,47161,48597,2529,1247,0,0,0,0,0,0,95022,0,0,72,0,0,0,0,0,0,0,4892,0,0,0,0,0,0
265,3406,266.248468224237,99986,185,96,9,3,3606,1769,0.05375752605364751,112,58,47146,48584,2547,1258,0,0,0,0,0,0,94977,0,0,73,0,0,0,0,0,0,0,4936,0,0,0,0,0,0
266,3406,267.32233261833034,99986,191,103,9,3,3641,1788,0.054297601664232996,122,57,47112,48570,2565,1266,0,0,0,0,0,0,94937,0,0,74,0,0,0,0,0,0,0,4975,0,0,0,0,0,0
267,3406,268.0385512451249,99986,193,107,9,3,3663,1799,0.0546276478707019,119,55,47097,48563,2581,1271,0,0,0,0,0,0,94910,0,0,74,0,0,0,0,0,0,0,5002,0,0,0,0,0,0
268,3406,269.1132544094771,99986,195,108,9,3,3695,1812,0.05507771087952313,126,55,47068,48557,2601,1276,0,0,0,0,0,0,94869,0,0,73,1,0,0,0,0,0,0,5043,0,0,0,0,0,0
269,3406,270.18851658210883,99986,195,113,9,3,3723,1829,0.055527773888344366,117,52,47057,48546,2621,1285,0,0,0,0,0,0,94830,0,0,74,1,0,0,0,0,0,0,5081,0,0,0,0,0,0
270,3406,271.2641646956982,99986,203,106,9,3,3753,1842,0.055957834096773545,116,56,47033,48534,2638,1300,0,0,0,0,0,0,94788,0,0,74,1,0,0,0,0,0,0,5123,0,0,0,0,0,0
271,3406,272.34035016579935,99986,208,104,9,3,3790,1853,0.05643790130618286,113,57,47005,48525,2664,1310,0,0,0,0,0,0,94744,0,0,75,1,0,0,0,0,0,0,5166,0,0,0,0,0,0
272,3406,273.0581276438155,99985,206,98,10,3,3809,1859,0.056688503275491325,110,60,46991,48522,2682,1316,0,0,0,0,0,0,94712,0,0,76,1,0,0,0,0,0,0,5196,0,0,0,0,0,0
273,3406,274.13523322312733,99985,192,101,10,3,3834,1876,0.05710856628494274,119,51,46977,48520,2701,1324,0,0,0,0,0,0,94661,0,0,78,1,0,0,0,0,0,0,5245,0,0,0,0,0,0
274,3406,275.21280939891307,99985,215,94,10,3,3881,1885,0.05766865029754463,100,51,46954,48517,2720,1334,0,0,0,0,0,0,94623,0,0,80,1,0,0,0,0,0,0,5281,0,0,0,0,0,0
275,3406,276.290849392732,99985,220,95,10,3,3911,1901,0.05812871930789618,107,53,46929,48500,2733,1348,0,0,0,0,0,0,94584,0,0,81,1,0,0,0,0,0,0,5319,0,0,0,0,0,0
276,3406,277.0098068938369,99985,209,85,10,3,3928,1910,0.05838875831374706,110,57,46916,48490,2754,1364,0,0,0,0,0,0,94538,0,0,82,1,0,0,0,0,0,0,5364,0,0,0,0,0,0
277,3406,278.0886640745707,99985,201,88,10,3,3955,1925,0.05880882132319848,108,57,46901,48480,2779,1371,0,0,0,0,0,0,94494,0,0,85,1,0,0,0,0,0,0,5405,0,0,0,0,0,0
278,3406,279.1679806911654,99984,194,101,11,3,3978,1946,0.05924947991678669,111,57,46885,48464,2798,1374,0,0,0,0,0,0,94457,0,0,86,1,0,0,0,0,0,0,5440,0,0,0,0,0,0
279,3406,280.2476670049324,99984,188,106,11,3,4007,1961,0.05968955032805249,107,59,46873,48453,2820,1378,0,0,0,0,0,0,94413,0,0,87,1,0,0,0,0,0,0,5483,0,0,0,0,0,0
280,3406,281.3277409003952,99984,185,105,11,3,4034,1975,0.06009961593855017,115,60,46852,48443,2836,1388,0,0,0,0,0,0,94373,0,0,92,1,0,0,0,0,0,0,5518,0,0,0,0,0,0
281,3406,282.0480191413818,99984,185,102,11,3,4058,1983,0.06041966714674348,112,68,46840,48431,2851,1395,0,0,0,0,0,0,94338,0,0,92,1,0,0,0,0,0,0,5553,0,0,0,0,0,0
282,3406,283.12882654414284,99983,187,111,12,3,4094,2004,0.060990368362621644,112,63,46814,48423,2874,1399,0,0,0,0,0,0,94294,0,0,94,1,0,0,0,0,0,0,5594,0,0,0,0,0,0
283,3406,284.21015464895623,99983,188,114,12,3,4127,2020,0.06148045167678505,115,62,46787,48416,2897,1404,0,0,0,0,0,0,94249,0,0,94,1,0,0,0,0,0,0,5639,0,0,0,0,0,0
284,3406,285.29195667623014,99983,191,108,12,3,4158,2034,0.061930528189792264,105,65,46780,48402,2911,1421,0,0,0,0,0,0,94204,0,0,97,1,0,0,0,0,0,0,5681,0,0,0,0,0,0
285,3406,286.01332967387185,99983,188,101,12,3,4177,2042,0.06220057409759659,108,70,46765,48391,2926,1434,0,0,0,0,0,0,94167,0,0,97,1,0,0,0,0,0,0,5718,0,0,0,0,0,0
286,3406,287.0958037694672,99983,185,96,12,3,4205,2058,0.06264064891031475,104,72,46753,48376,2945,1452,0,0,0,0,0,0,94117,0,0,99,1,0,0,0,0,0,0,5766,0,0,0,0,0,0
287,3406,288.1786977753983,99983,174,96,12,3,4225,2074,0.06300071012072052,112,66,46730,48369,2971,1465,0,0,0,0,0,0,94071,0,0,100,1,0,0,0,0,0,0,5811,0,0,0,0,0,0
288,3406,289.2621906010144,99983,190,98,12,3,4265,2091,0.06357080703719632,111,60,46703,48360,2983,1478,0,0,0,0,0,0,94034,0,0,102,1,0,0,0,0,0,0,5846,0,0,0,0,0,0
289,3406,290.34617975878507,99983,182,97,12,3,4298,2104,0.06403088525049258,102,65,46685,48346,3018,1488,0,0,0,0,0,0,93981,0,0,104,1,0,0,0,0,0,0,5897,0,0,0,0,0,0
290,3406,291.06912091744124,99983,180,100,12,3,4316,2119,0.0643609413600312,103,57,46677,48344,3027,1495,0,0,0,0,0,0,93950,0,0,105,1,0,0,0,0,0,0,5927,0,0,0,0,0,0
291,3406,292.15390465347434,99983,177,103,12,3,4341,2138,0.06480101617274937,116,53,46648,48337,3046,1503,0,0,0,0,0,0,93910,0,0,109,1,0,0,0,0,0,0,5963,0,0,0,0,0,0
292,3406,293.2391897091062,99983,168,103,12,3,4365,2155,0.06521108588460038,113,50,46639,48331,3067,1512,0,0,0,0,0,0,93862,0,0,111,1,0,0,0,0,0,0,6009,0,0,0,0,0,0
293,3406,294.3249555954161,99983,168,107,12,3,4399,2176,0.06576117940049808,108,45,46616,48322,3095,1522,0,0,0,0,0,0,93812,0,0,112,1,0,0,0,0,0,0,6058,0,0,0,0,0,0
294,3406,295.049074486725,99983,169,100,12,3,4421,2182,0.06604122700859145,106,47,46605,48316,3107,1533,0,0,0,0,0,0,93782,0,0,116,1,0,0,0,0,0,0,6084,0,0,0,0,0,0
295,3406,296.13566604891537,99982,177,92,13,3,4455,2191,0.06647196495369166,102,58,46585,48302,3122,1544,0,0,0,0,0,0,93739,0,0,116,1,0,0,0,0,0,0,6126,0,0,0,0,0,0
296,3406,297.2226744430138,99982,183,88,13,3,4479,2200,0.06680202436438559,111,61,46563,48295,3129,1552,0,0,0,0,0,0,93711,0,0,119,1,0,0,0,0,0,0,6151,0,0,0,0,0,0
297,3406,298.3100757118996,99982,185,88,13,3,4508,2213,0.06722209997799604,108,66,46549,48283,3144,1559,0,0,0,0,0,0,93676,0,0,124,1,0,0,0,0,0,0,6181,0,0,0,0,0,0
298,3406,299.0351800128569,99982,200,88,13,3,4534,2223,0.06758216478966214,96,65,46543,48277,3147,1566,0,0,0,0,0,0,93655,0,0,124,1,0,0,0,0,0,0,6202,0,0,0,0,0,0
299,3406,300.1229279578033,99982,194,90,13,3,4554,2236,0.06791222420035606,112,61,46520,48275,3160,1570,0,0,0,0,0,0,93619,0,0,125,1,0,0,0,0,0,0,6237,0,0,0,0,0,0
300,3406,301.2111891692338,99982,190,100,13,3,4584,2258,0.0684323178172071,111,54,46501,48262,3184,1580,0,0,0,0,0,0,93577,0,0,127,2,0,0,0,0,0,0,6276,0,0,0,0,0,0
301,3406,302.2998843305127,99982,199,97,13,3,4614,2269,0.0688423916304935,118,60,46471,48250,3198,1589,0,0,0,0,0,0,93543,0,0,128,2,0,0,0,0,0,0,6309,0,0,0,0,0,0
302,3406,303.0259364408133,99982,208,102,13,3,4641,2282,0.06924246364345582,120,59,46450,48242,3208,1593,0,0,0,0,0,0,93517,0,0,128,2,0,0,0,0,0,0,6335,0,0,0,0,0,0
303,3406,304.1154688485779,99982,209,104,13,3,4680,2300,0.06981256626192715,103,57,46443,48233,3231,1602,0,0,0,0,0,0,93468,0,0,133,2,0,0,0,0,0,0,6379,0,0,0,0,0,0
304,3406,305.2053123688905,99982,212,93,13,3,4708,2311,0.07020263647456543,109,65,46425,48216,3240,1622,0,0,0,0,0,0,93422,0,0,134,2,0,0,0,0,0,0,6424,0,0,0,0,0,0
305,3406,306.29549422302586,99982,194,98,13,3,4724,2334,0.0705927066872037,114,64,46419,48204,3259,1630,0,0,0,0,0,0,93374,0,0,138,2,0,0,0,0,0,0,6468,0,0,0,0,0,0
306,3406,307.0224530487545,99982,192,104,13,3,4745,2350,0.07096277329919386,110,59,46409,48196,3275,1637,0,0,0,0,0,0,93343,0,0,140,2,0,0,0,0,0,0,6497,0,0,0,0,0,0
307,3406,308.1132849277457,99982,185,106,13,3,4771,2373,0.07145286151507271,113,53,46385,48189,3303,1648,0,0,0,0,0,0,93293,0,0,144,2,0,0,0,0,0,0,6543,0,0,0,0,0,0
308,3406,309.2046745597255,99982,180,111,13,3,4803,2397,0.07201296233321998,104,45,46378,48176,3324,1664,0,0,0,0,0,0,93240,0,0,147,2,0,0,0,0,0,0,6593,0,0,0,0,0,0
309,3406,310.2964050247329,99982,177,98,13,3,4827,2402,0.07230301454261767,102,58,46365,48165,3342,1675,0,0,0,0,0,0,93197,0,0,149,2,0,0,0,0,0,0,6634,0,0,0,0,0,0
310,3406,311.02444454572543,99982,180,91,13,3,4844,2408,0.07253305595007101,111,61,46354,48166,3341,1678,0,0,0,0,0,0,93171,0,0,150,2,0,0,0,0,0,0,6659,0,0,0,0,0,0
311,3406,312.11664600066814,99982,176,94,13,3,4873,2423,0.07297313516432959,108,64,46343,48153,3359,1685,0,0,0,0,0,0,93129,0,0,153,2,0,0,0,0,0,0,6698,0,0,0,0,0,0
312,3406,313.20918836700616,99982,187,91,13,3,4910,2436,0.0734732251805325,91,69,46331,48140,3377,1696,0,0,0,0,0,0,93089,0,0,155,2,0,0,0,0,0,0,6736,0,0,0,0,0,0
313,3406,314.3020944002365,99982,182,87,13,3,4942,2452,0.0739533115960873,81,68,46320,48131,3403,1710,0,0,0,0,0,0,93034,0,0,157,2,0,0,0,0,0,0,6789,0,0,0,0,0,0
314,3406,315.03092218423467,99982,179,86,13,3,4955,2463,0.0741933548038647,89,67,46314,48129,3404,1714,0,0,0,0,0,0,93010,0,0,161,2,0,0,0,0,0,0,6809,0,0,0,0,0,0
315,3406,316.12440239119695,99982,194,96,13,3,4986,2486,0.07473345202136385,98,55,46291,48125,3403,1720,0,0,0,0,0,0,92981,0,0,161,2,0,0,0,0,0,0,6838,0,0,0,0,0,0
316,3406,317.2181350065742,99982,198,91,13,3,5018,2501,0.07520353663659458,89,57,46280,48114,3419,1734,0,0,0,0,0,0,92936,0,0,164,2,0,0,0,0,0,0,6880,0,0,0,0,0,0
317,3406,318.31223907703395,99982,186,95,13,3,5038,2521,0.07560360864955692,97,58,46263,48098,3440,1745,0,0,0,0,0,0,92889,0,0,165,2,0,0,0,0,0,0,6926,0,0,0,0,0,0
318,3406,319.0418756641879,99982,187,94,13,3,5060,2532,0.07593366806025084,94,55,46253,48091,3452,1756,0,0,0,0,0,0,92858,0,0,167,2,0,0,0,0,0,0,6955,0,0,0,0,0,0
319,3406,320.1365966078151,99982,191,94,13,3,5087,2547,0.0763537436738613,86,52,46248,48087,3460,1762,1,1,1,1,0,0,92818,0,0,167,2,0,0,0,0,0,2,6993,0,0,0,0,0,0
320,3406,321.0774605801288,99982,193,89,13,3,5115,2553,0.07669380488487927,83,50,46234,48082,3474,1773,2,2,2,2,0,0,92786,0,0,174,2,0,0,0,0,0,4,7016,0,0,0,0,0,0
321,3406,322.13756858779135,99981,186,89,13,4,5134,2565,0.07700463087986717,96,49,46213,48076,3488,1778,3,3,3,3,0,0,92750,0,0,177,2,0,0,0,0,0,5,7046,1,0,0,0,0,0
322,3406,323.0333232265195,99981,193,85,13,4,5158,2579,0.07738470309358778,109,55,46196,48058,3484,1793,4,4,4,4,0,0,92715,0,0,179,2,0,0,0,0,0,7,7077,1,0,0,0,0,0
323,3406,324.1749581767402,99981,188,87,13,4,5193,2594,0.07788479811164122,113,70,46168,48033,3512,1800,5,5,5,5,0,0,92661,0,0,180,2,0,0,0,0,0,9,7128,1,0,0,0,0,0
324,3406,325.3241027408849,99981,174,84,13,4,5213,2605,0.07819485702283434,115,68,46156,48033,3535,1804,6,6,6,6,0,0,92615,0,0,184,2,0,0,0,0,0,11,7168,1,0,0,0,0,0
325,3406,326.02102327629046,99981,188,84,13,4,5247,2622,0.07870495394124884,103,58,46147,48032,3541,1813,7,8,8,7,0,0,92578,0,0,186,2,0,0,0,0,0,13,7200,2,0,0,0,0,0
326,3406,327.0624296151058,99981,172,83,13,4,5257,2628,0.07886498434702593,111,60,46135,48026,3560,1816,8,10,10,8,0,0,92542,0,0,186,2,0,0,0,0,0,16,7233,2,0,0,0,0,0
327,3406,328.0093658477765,99981,177,84,13,4,5292,2653,0.07946509836869005,107,50,46120,48016,3573,1833,9,12,12,9,0,0,92486,0,0,187,2,0,0,0,0,0,19,7285,2,0,0,0,0,0
328,3406,329.0384129735597,99981,183,85,13,4,5316,2661,0.07978515918024424,108,47,46111,48012,3574,1836,10,15,15,10,0,0,92458,0,0,188,2,0,0,0,0,0,23,7308,2,0,0,0,0,0
329,3406,330.0430136513988,99981,178,86,13,4,5338,2670,0.08009521809143737,124,50,46084,48004,3589,1837,11,18,18,11,0,0,92420,0,0,188,2,0,0,0,0,0,26,7342,3,0,0,0,0,0
330,3406,331.0551157189842,99981,186,89,13,4,5371,2680,0.08052529980696332,118,54,46068,47989,3602,1841,12,22,22,12,0,0,92385,0,0,190,2,0,0,0,0,0,31,7370,3,0,0,0,0,0
331,3406,332.00511979889075,99981,181,88,13,4,5399,2687,0.08087536631960072,113,62,46057,47976,3622,1842,13,27,27,13,0,0,92340,0,0,192,2,0,0,0,0,0,37,7407,3,0,0,0,0,0
332,3406,333.0914948057528,99981,196,94,13,4,5438,2706,0.0814554765405427,105,59,46045,47961,3626,1849,14,32,32,14,0,0,92299,0,0,194,2,0,0,0,0,0,43,7440,3,0,0,0,0,0
333,3406,334.0252995153219,99981,198,93,13,4,5464,2716,0.08181554495354117,107,66,46026,47941,3640,1857,15,38,38,15,0,0,92261,0,0,198,2,0,0,0,0,0,50,7467,3,0,0,0,0,0
334,3406,335.16308230872863,99981,198,94,13,4,5500,2737,0.08238565327412209,101,60,46005,47926,3666,1870,16,45,45,16,0,0,92201,0,0,201,2,0,0,0,0,0,57,7516,4,0,0,0,0,0
335,3406,336.00909293129774,99981,197,95,13,4,5520,2748,0.08269571218531521,98,63,46002,47913,3672,1871,17,53,53,17,0,0,92161,0,0,201,2,0,0,0,0,0,66,7547,4,0,0,0,0,0
336,3406,337.04758452347215,99981,174,90,13,4,5542,2762,0.08305578059831369,109,62,45983,47899,3702,1882,18,62,62,18,0,0,92092,0,0,203,2,0,0,0,0,0,73,7604,7,0,0,0,0,0
337,3406,338.02446525734507,99981,192,96,13,4,5574,2776,0.08351586801492283,105,60,45967,47889,3703,1879,19,71,72,19,0,0,92061,0,0,204,2,0,0,0,0,0,83,7623,8,0,0,0,0,0
338,3406,339.1360965583557,99981,190,99,13,4,5603,2789,0.08393594783008772,101,62,45960,47870,3715,1882,20,82,83,20,0,0,92009,0,0,205,2,0,0,0,0,0,95,7662,8,0,0,0,0,0
339,3406,340.00788437841965,99981,186,105,13,4,5626,2805,0.0843260219441694,102,56,45944,47860,3733,1881,21,93,95,21,0,0,91963,0,0,208,2,0,0,0,0,0,107,7692,9,0,0,0,0,0
340,3406,341.1720719909231,99981,186,106,13,4,5662,2826,0.0848961302647503,103,62,45927,47830,3748,1891,22,106,108,22,0,0,91899,0,0,213,2,0,0,0,0,0,120,7737,10,0,0,0,0,0
341,3406,342.2744232878271,99981,188,105,13,4,5694,2839,0.0853462157809984,102,64,45911,47814,3761,1893,24,119,122,24,0,0,91842,0,0,215,2,0,0,0,0,0,135,7776,11,0,0,0,0,0
342,3406,343.0095143247367,99981,186,102,13,4,5713,2848,0.08562626899110831,107,67,45896,47795,3771,1897,26,134,137,26,0,0,91794,0,0,216,2,0,0,0,0,0,151,7806,12,0,0,0,0,0
343,3406,344.1125353240076,99981,187,100,13,4,5740,2863,0.0860463488062732,107,63,45887,47784,3777,1897,28,151,154,28,0,0,91738,0,0,220,2,0,0,0,0,0,168,7839,14,0,0,0,0,0
344,3406,345.2158552457805,99981,189,95,13,4,5769,2873,0.08643642292035486,109,61,45870,47764,3788,1906,30,169,172,30,0,0,91681,0,0,224,2,0,0,0,0,0,187,7872,15,0,0,0,0,0
345,3406,346.3195396287891,99981,188,98,13,4,5797,2891,0.08689651033696402,111,62,45854,47731,3801,1915,32,189,192,32,0,0,91617,0,0,225,2,0,0,0,0,0,208,7913,16,0,0,0,0,0
346,3406,347.05554085795427,99980,182,102,14,4,5818,2905,0.08724744948989797,108,55,45846,47710,3815,1919,34,209,213,34,0,0,91559,0,0,225,2,0,0,0,0,0,229,7947,18,0,0,0,0,0
347,3406,348.15991943671526,99980,184,99,14,4,5851,2917,0.08769753950790159,109,57,45827,47680,3828,1927,37,232,236,37,0,0,91489,0,0,227,2,0,0,0,0,0,255,7989,18,0,0,0,0,0
348,3406,349.2646762193636,99980,189,102,14,4,5882,2931,0.08814762952590519,104,58,45817,47648,3835,1932,40,255,260,40,0,0,91426,0,0,227,2,0,0,0,0,0,281,8025,19,0,0,0,0,0
349,3406,350.0012925353471,99980,194,104,14,4,5900,2943,0.08844768953790758,104,55,45805,47620,3839,1935,43,281,286,43,0,0,91377,0,0,228,3,0,0,0,0,0,309,8044,19,0,0,0,0,0
350,3406,351.1065344767675,99980,179,102,14,4,5933,2958,0.08892778555711142,102,57,45784,47579,3874,1949,46,308,314,46,0,0,91283,0,0,228,3,0,0,0,0,0,338,8107,21,0,0,0,0,0
351,3406,352.21246558105474,99980,183,101,14,4,5966,2976,0.0894378875775155,97,48,45767,47549,3888,1961,50,336,343,50,0,0,91204,0,0,229,3,0,0,0,0,0,370,8152,22,0,0,0,0,0
352,3406,353.3188952338127,99980,179,95,14,4,5994,2984,0.08979795959191839,91,53,45749,47519,3912,1965,54,363,374,54,0,0,91125,0,0,230,3,0,0,0,0,0,404,8195,23,0,0,0,0,0
353,3406,354.05683876470164,99980,186,101,14,4,6024,2994,0.09019803960792158,84,50,45730,47489,3927,1960,58,395,407,58,0,0,91065,0,0,230,4,0,0,0,0,0,439,8217,25,0,0,0,0,0
354,3406,355.16423262037097,99980,173,95,14,4,6039,3003,0.0904380876175235,95,61,45709,47446,3945,1964,63,429,442,63,0,0,90986,0,0,231,4,0,0,0,0,0,476,8255,28,0,0,0,0,0
355,3406,356.2721125556458,99980,171,95,14,4,6065,3020,0.09086817363472695,88,56,45701,47405,3957,1976,68,463,479,68,0,0,90904,0,0,235,4,0,0,0,0,0,517,8291,29,0,0,0,0,0
356,3406,357.01091023133233,99980,176,90,14,4,6082,3032,0.09115823164632926,84,52,45696,47367,3957,1985,72,501,518,73,0,0,90838,0,0,238,4,0,0,0,0,0,557,8310,33,0,0,0,0,0
357,3406,358.1193472212815,99980,176,89,14,4,6107,3046,0.09154830966193239,79,50,45687,47329,3965,1987,78,540,559,79,0,0,90758,0,0,239,4,0,0,0,0,0,598,8342,39,0,0,0,0,0
358,3406,359.22802254922334,99980,176,87,14,4,6128,3063,0.09192838567713543,81,44,45675,47289,3969,1995,84,580,602,85,0,0,90672,0,0,239,5,0,0,0,0,0,645,8379,40,0,0,0,0,0
359,3406,360.3369586034682,99980,168,85,14,4,6146,3072,0.09219843968793759,84,50,45667,47242,3976,1995,90,623,647,91,0,0,90588,0,0,239,5,0,0,0,0,0,692,8412,44,0,0,0,0,0
360,3406,361.07642354456107,99980,173,84,14,4,6164,3082,0.09247849569913982,80,50,45660,47193,3975,2000,97,668,695,98,0,0,90514,0,0,241,5,0,0,0,0,0,744,8429,47,0,0,0,0,0
361,3406,362.1858414421175,99980,164,90,14,4,6184,3102,0.09287857571514303,97,38,45629,47145,3991,2006,104,716,745,105,0,0,90424,0,0,243,5,0,0,0,0,0,793,8460,55,0,0,0,0,0
362,3406,363.2958512167346,99980,155,82,14,4,6205,3108,0.09314862972594519,98,43,45617,47090,4004,2012,111,768,797,113,0,0,90325,0,0,243,5,0,0,0,0,0,848,8499,60,0,0,0,0,0
363,3406,364.03611609458187,99979,151,74,14,5,6219,3111,0.09331959711539423,95,47,45610,47036,4012,2014,117,823,852,121,0,0,90237,0,0,245,5,0,0,0,0,0,909,8521,62,0,0,0,0,0
364,3406,365.1469313442734,99978,152,72,15,5,6245,3122,0.09369061193462562,92,50,45597,46979,4017,2019,126,874,909,130,0,0,90138,0,0,247,5,0,0,0,0,0,972,8551,65,0,0,0,0,0
365,3406,366.25806208156786,99978,148,71,15,5,6271,3132,0.09405069115205344,90,49,45574,46930,4037,2014,135,930,968,139,0,0,90036,0,0,248,5,0,0,0,0,0,1034,8584,71,0,0,0,0,0
366,3406,367.3697957634046,99978,140,68,15,5,6290,3144,0.09436075936706076,89,42,45565,46877,4045,2019,145,988,1030,149,0,0,89931,0,0,252,5,0,0,0,0,0,1101,8613,76,0,0,0,0,0
367,3406,368.11116642724204,99978,134,67,15,5,6303,3151,0.09456080337674289,92,41,45549,46819,4053,2019,156,1048,1094,160,0,0,89834,0,0,254,5,0,0,0,0,0,1173,8633,79,0,0,0,0,0
368,3406,369.2238080584718,99978,151,61,15,5,6339,3160,0.09501090239852768,87,48,45522,46751,4057,2026,167,1108,1161,171,0,0,89730,0,0,253,6,0,0,0,0,0,1244,8659,86,0,0,0,0,0
369,3406,370.33689392695345,99978,146,71,15,5,6359,3179,0.09540098821740783,84,39,45514,46692,4062,2019,178,1173,1231,183,0,0,89620,0,0,254,6,0,0,0,0,0,1321,8686,91,0,0,0,0,0
370,3406,371.07909670220056,99978,141,71,15,5,6369,3186,0.09557102562563764,88,42,45501,46619,4064,2019,190,1243,1303,195,0,0,89521,0,0,256,6,0,0,0,0,0,1400,8699,96,0,0,0,0,0
371,3406,372.192774548726,99978,145,75,15,5,6390,3199,0.09591110044209726,85,37,45484,46553,4067,2017,203,1312,1378,208,0,0,89417,0,0,260,6,0,0,0,0,0,1482,8711,102,0,0,0,0,0
372,3406,373.3068289885167,99978,149,65,15,5,6416,3205,0.09623117085758867,80,43,45467,46478,4072,2026,216,1382,1456,222,0,0,89299,0,0,269,6,0,0,0,0,0,1571,8728,105,0,0,0,0,0
373,3406,374.04976055380166,99978,146,66,15,5,6437,3212,0.09651123247114365,77,43,45444,46398,4088,2025,229,1462,1536,236,0,0,89185,0,0,271,6,0,0,0,0,0,1657,8746,113,0,0,0,0,0
374,3406,375.16481765703617,99977,150,62,16,5,6456,3219,0.09677225761925243,76,50,45431,46318,4082,2026,244,1538,1619,251,0,0,89068,0,0,272,6,0,0,0,0,0,1749,8763,119,0,0,0,0,0
375,3406,376.2802502170945,99977,145,65,16,5,6481,3229,0.09712233813777169,75,50,45416,46233,4087,2026,260,1620,1705,267,0,0,88939,0,0,273,6,0,0,0,0,0,1842,8789,128,0,0,0,0,0
376,3406,377.0240722871025,99977,147,73,16,5,6494,3243,0.09739240025205798,80,49,45391,46151,4088,2021,277,1700,1794,284,0,0,88822,0,0,273,6,0,0,0,0,0,1942,8800,134,0,0,0,0,0
377,3406,378.14037001835635,99977,153,81,16,5,6525,3264,0.09791251987957231,82,35,45358,46063,4096,2026,294,1789,1885,302,0,0,88684,0,0,273,7,0,0,0,0,0,2043,8829,141,0,0,0,0,0
378,3406,379.25742359703645,99975,150,78,18,5,6551,3276,0.09829457364341085,72,42,45337,45974,4110,2026,312,1874,1979,320,0,0,88538,0,0,275,7,0,0,0,0,0,2147,8859,149,0,0,0,0,0
379,3406,380.00246652268,99975,146,78,18,5,6559,3284,0.09845461365341335,80,38,45314,45891,4112,2021,329,1966,2076,339,0,0,88414,0,0,277,7,0,0,0,0,0,2253,8865,159,0,0,0,0,0
380,3406,381.12070753585454,99975,147,78,18,5,6585,3296,0.09883470867716929,71,44,45300,45794,4117,2022,346,2056,2176,359,0,0,88278,0,0,278,10,0,0,0,0,0,2356,8880,173,0,0,0,0,0
381,3406,382.2393565382759,99975,141,76,18,5,6604,3305,0.09911477869467367,70,46,45287,45704,4118,2021,365,2147,2279,380,0,0,88131,0,0,280,10,0,0,0,0,0,2469,8901,184,0,0,0,0,0
382,3406,383.3583450319807,99975,146,78,18,5,6624,3315,0.09941485371342836,76,44,45254,45612,4118,2015,387,2245,2385,402,0,0,87988,0,0,281,10,0,0,0,0,0,2590,8915,191,0,0,0,0,0
383,3406,384.10472880569,99975,151,79,18,5,6637,3323,0.09962490622655663,75,43,45231,45514,4116,2012,408,2346,2494,425,0,0,87853,0,0,282,10,0,0,0,0,0,2711,8917,202,0,0,0,0,0
384,3406,385.2249964822361,99975,142,74,18,5,6652,3336,0.09990497624406101,81,43,45204,45407,4124,2019,430,2451,2606,449,0,0,87689,0,0,287,10,0,0,0,0,0,2838,8940,211,0,0,0,0,0
385,3406,386.3458887693137,99975,145,76,18,5,6672,3353,0.10027506876719179,82,38,45174,45310,4128,2013,452,2557,2721,474,0,0,87527,0,0,289,10,0,0,0,0,0,2970,8960,219,0,0,0,0,0
386,3406,387.09355593257044,99975,148,74,18,5,6692,3362,0.10056514128532133,80,38,45138,45201,4137,2014,478,2667,2839,500,0,0,87366,0,0,289,11,0,0,0,0,0,3104,8977,228,0,0,0,0,0
387,3406,388.21606805540387,99975,150,70,18,5,6718,3371,0.1009152288072018,83,41,45105,45086,4142,2016,501,2781,2960,527,0,0,87193,0,0,291,11,0,0,0,0,0,3242,9000,238,0,0,0,0,0
388,3406,389.3393721524153,99975,148,77,18,5,6741,3384,0.10127531882970743,80,39,45079,44973,4147,2007,527,2898,3084,555,0,0,87027,0,0,293,11,0,0,0,0,0,3379,9012,253,0,0,0,0,0
389,3406,390.0886189463623,99974,152,80,18,6,6759,3392,0.1015363994638606,79,42,45043,44847,4151,2004,556,3020,3211,584,0,0,86866,0,0,294,11,0,0,0,0,0,3522,9015,266,0,0,0,0,0
390,3406,391.21348945154756,99973,150,80,19,6,6785,3404,0.10191751772978705,84,39,45004,44730,4159,2004,583,3140,3341,614,0,0,86681,0,0,296,11,0,0,0,0,0,3669,9037,279,0,0,0,0,0
391,3406,392.3392915987,99973,148,71,19,6,6808,3411,0.10221759875166295,84,46,44961,44615,4173,1996,614,3265,3474,645,0,0,86494,0,0,298,11,0,0,0,0,0,3817,9058,295,0,0,0,0,0
392,3406,393.09041940371804,99973,141,74,19,6,6820,3422,0.10244766086843447,84,41,44930,44496,4179,1994,646,3388,3610,678,0,0,86313,0,0,298,12,0,0,0,0,0,3972,9070,308,0,0,0,0,0
393,3406,394.21817734188375,99972,141,69,20,6,6844,3434,0.10280878646020886,80,41,44895,44373,4184,1996,679,3514,3749,712,0,0,86118,0,0,302,12,0,0,0,0,0,4130,9087,323,0,0,0,0,0
394,3406,395.34687285166126,99972,133,71,20,6,6864,3447,0.10313887888608811,79,43,44864,44246,4193,1991,710,3642,3891,747,0,0,85922,0,0,304,12,0,0,0,0,0,4289,9104,341,0,0,0,0,0
395,3406,396.0998178349582,99972,136,72,20,6,6880,3453,0.10335894050334093,79,49,44833,44113,4189,1982,742,3777,4036,783,0,0,85740,0,0,305,12,0,0,0,0,0,4454,9104,357,0,0,0,0,0
396,3406,397.23009066117,99972,146,72,20,6,6902,3470,0.1037490497339255,80,49,44793,43983,4184,1979,776,3910,4184,821,0,0,85548,0,0,306,12,0,0,0,0,0,4618,9109,379,0,0,0,0,0
397,3406,398.3612117863101,99972,153,72,20,6,6931,3481,0.10414916176529428,75,46,44755,43858,4183,1976,813,4041,4335,860,0,0,85343,0,0,307,12,0,0,0,0,0,4791,9123,396,0,0,0,0,0
398,3406,399.11581067226865,99972,151,75,20,6,6944,3493,0.10439923178489977,80,40,44708,43713,4189,1979,851,4186,4489,900,0,0,85133,0,0,309,12,0,0,0,0,0,4979,9137,402,0,0,0,0,0
399,3406,400.2489992539944,99972,155,70,20,6,6972,3502,0.10476933541391589,75,43,44670,43572,4188,1979,891,4329,4645,942,0,0,84912,0,0,310,13,0,0,0,0,0,5164,9159,414,0,0,0,0,0
400,3406,401.00503074154165,99972,153,72,20,6,6986,3512,0.10500940263273717,76,38,44624,43427,4196,1981,930,4475,4804,985,0,0,84700,0,0,311,13,0,0,0,0,0,5353,9168,427,0,0,0,0,0
401,3406,402.1404162824107,99972,155,65,20,6,7008,3520,0.10530948665626376,74,40,44581,43288,4197,1984,972,4616,4966,1030,0,0,84477,0,0,313,13,0,0,0,0,0,5543,9182,444,0,0,0,0,0
402,3406,403.27694652282963,99972,147,66,20,6,7026,3528,0.10556955947665346,77,41,44545,43150,4197,1976,1013,4760,5131,1076,0,0,84252,0,0,316,13,0,0,0,0,0,5738,9193,460,0,0,0,0,0
403,3406,404.0352020267984,99972,147,66,20,6,7041,3537,0.10580962669547474,78,35,44495,42999,4199,1969,1060,4924,5299,1123,0,0,84034,0,0,317,14,0,0,0,0,0,5934,9195,478,0,0,0,0,0
404,3406,405.17395224417356,99972,153,67,20,6,7069,3544,0.10615972472292241,69,39,44457,42848,4198,1963,1102,5076,5470,1172,0,0,83811,0,0,316,16,0,0,0,0,0,6130,9199,500,0,0,0,0,0
405,3406,406.3137151986346,99972,153,66,20,6,7089,3552,0.10643980314488057,78,38,44408,42701,4194,1956,1146,5232,5643,1222,0,0,83576,0,0,316,16,0,0,0,0,0,6336,9211,517,0,0,0,0,0
406,3406,407.07421664179856,99972,153,68,20,6,7100,3561,0.10663985916056495,86,37,44357,42544,4188,1950,1195,5394,5819,1274,0,0,83352,0,0,319,16,0,0,0,0,0,6545,9204,536,0,0,0,0,0
407,3406,408.21636507132746,99972,144,69,20,6,7115,3576,0.10693994318409154,92,36,44311,42390,4188,1952,1244,5546,5998,1328,0,0,83104,0,0,321,18,0,0,0,0,0,6761,9215,553,0,0,0,0,0
408,3406,409.35973419223,99972,148,69,20,6,7136,3590,0.10729004121153923,93,28,44263,42233,4182,1952,1293,5711,6180,1383,0,0,82856,0,0,323,18,0,0,0,0,0,6980,9224,571,0,0,0,0,0
409,3406,410.1226871988804,99972,150,67,20,6,7151,3595,0.10749009722722362,84,27,44214,42078,4182,1940,1349,5881,6364,1440,0,0,82623,0,0,326,18,0,0,0,0,0,7196,9213,596,0,0,0,0,0
410,3406,411.2685710906971,99972,148,69,20,6,7174,3608,0.10785019805545552,81,21,44167,41919,4180,1937,1403,6047,6551,1498,0,0,82366,0,0,329,18,0,0,0,0,0,7420,9222,617,0,0,0,0,0
411,3406,412.03324487155805,99972,148,68,20,6,7192,3613,0.10808026247349257,82,23,44115,41765,4178,1922,1456,6215,6740,1558,0,0,82122,0,0,330,19,0,0,0,0,0,7642,9216,643,0,0,0,0,0
412,3406,413.1818423758949,99972,146,64,20,6,7220,3620,0.10843036050094026,82,30,44053,41594,4185,1918,1513,6387,6932,1620,0,0,81847,0,0,332,19,0,0,0,0,0,7878,9235,661,0,0,0,0,0
413,3406,414.3319988499496,99972,141,64,20,6,7237,3632,0.10872044172368263,82,28,44002,41423,4181,1918,1573,6560,7126,1683,0,0,81587,0,0,333,21,0,0,0,0,0,8107,9237,687,0,0,0,0,0
414,3406,415.09959160144825,99971,139,59,21,6,7251,3637,0.10891158435946424,80,28,43940,41252,4182,1915,1637,6739,7323,1748,0,0,81326,0,0,333,23,0,0,0,0,0,8344,9235,710,0,0,0,0,0
415,3406,416.2528840215952,99970,146,54,21,7,7280,3645,0.10928278483545063,74,28,43874,41087,4185,1917,1699,6906,7522,1815,0,0,81050,0,0,335,24,0,0,0,0,0,8588,9242,731,0,0,0,0,0
416,3406,417.0226894436359,99970,152,53,21,7,7302,3647,0.10952285685705712,64,29,43819,40912,4179,1910,1764,7088,7724,1884,0,0,80777,0,0,337,24,0,0,0,0,0,8844,9242,746,0,0,0,0,0
417,3406,418.1792493006025,99970,140,52,21,7,7323,3656,0.10982294688406521,64,31,43750,40733,4195,1909,1829,7267,7928,1954,0,0,80481,0,0,341,25,0,0,0,0,0,9102,9260,761,0,0,0,0,0
418,3406,419.3376684662465,99969,142,52,22,7,7344,3666,0.11013414158389101,65,30,43683,40569,4194,1903,1893,7438,8134,2026,0,0,80205,0,0,343,25,0,0,0,0,0,9352,9255,789,0,0,0,0,0
419,3406,420.1109226955676,99969,152,56,22,7,7365,3677,0.11045424081465255,91,51,43594,40373,4183,1892,1957,7620,8342,2100,0,0,79938,10,1,343,26,0,0,0,0,0,9602,9230,819,0,0,0,0,0
420,3406,421.4184169845587,99969,160,64,22,7,7397,3696,0.11096439896367874,91,46,43524,40207,4177,1888,2025,7787,8553,2176,0,0,79645,40,2,347,26,0,0,0,0,0,9864,9202,843,0,0,0,0,0
421,3406,422.29113439002697,99969,164,75,22,7,7415,3712,0.11130450439636287,100,43,43446,40017,4171,1881,2096,7976,8766,2253,0,0,79359,57,3,348,26,0,0,0,0,0,10132,9180,864,0,0,0,0,0
422,3406,423.1653211305618,99969,167,72,22,7,7435,3721,0.11159459432424051,105,54,43375,39821,4160,1876,2170,8169,8981,2332,0,0,79067,82,4,351,26,0,0,0,0,0,10398,9150,891,0,0,0,0,0
423,3406,424.0407892449961,99969,165,78,22,7,7459,3731,0.11193469975692465,122,53,43281,39633,4168,1869,2241,8359,9198,2413,0,0,78766,111,4,351,27,0,0,0,0,0,10670,9124,916,0,0,0,0,0
424,3406,425.3568783381631,99969,168,92,22,7,7496,3758,0.11257489821844772,128,55,43203,39455,4170,1863,2308,8527,9417,2496,0,0,78454,151,6,356,27,0,0,0,0,0,10940,9089,946,0,0,0,0,0
425,3406,426.2355552614835,99969,175,88,22,7,7520,3768,0.11291500365113186,127,58,43123,39268,4163,1859,2389,8719,9638,2581,0,0,78154,180,7,357,27,0,0,0,0,0,11210,9053,981,0,0,0,0,0
426,3406,427.11581588700216,99969,188,91,22,7,7548,3780,0.11331512768958377,135,54,43032,39090,4157,1847,2465,8910,9860,2668,0,0,77858,199,9,358,29,0,0,0,0,0,11485,9020,1011,0,0,0,0,0
427,3406,428.4391743865673,99969,206,83,22,7,7597,3797,0.11397533235302944,143,58,42919,38904,4163,1851,2546,9096,10084,2757,0,0,77524,243,14,363,31,0,0,0,0,0,11770,8992,1032,0,0,0,0,0
428,3406,429.32303376430355,99969,215,90,22,7,7621,3815,0.11439546259340395,141,57,42826,38709,4160,1846,2635,9290,10310,2848,0,0,77213,262,18,366,31,0,0,0,0,0,12058,8964,1057,0,0,0,0,0
429,3406,430.2088283842139,99969,223,96,22,7,7653,3831,0.11487561143954626,137,58,42733,38515,4169,1838,2715,9485,10537,2941,0,0,76896,290,21,367,33,0,0,0,0,0,12344,8932,1086,0,0,0,0,0
430,3406,431.09641956044186,99969,228,91,22,7,7684,3841,0.11528573857895948,153,63,42625,38318,4178,1837,2793,9683,10766,3035,0,0,76568,322,24,369,37,0,0,0,0,0,12637,8903,1109,0,0,0,0,0
431,3406,432.43144708027995,99969,223,95,22,7,7736,3861,0.11600596184817294,167,66,42514,38129,4203,1834,2870,9868,10997,3131,0,0,76206,381,31,375,38,0,0,0,0,0,12933,8873,1132,0,0,0,0,0
432,3406,433.3232454951912,99967,222,96,24,7,7777,3874,0.1165484609921274,164,67,42404,37937,4223,1830,2962,10062,11229,3229,0,0,75868,419,40,378,40,0,0,0,0,0,13223,8838,1161,0,0,0,0,0
433,3406,434.2173743286171,99967,235,97,24,7,7816,3890,0.11709864255204218,166,76,42299,37721,4227,1830,3048,10268,11462,3329,0,0,75534,449,48,379,42,0,0,0,0,0,13519,8808,1188,0,0,0,0,0
434,3406,435.11364394482024,99967,231,103,24,7,7853,3907,0.11763882081086759,166,70,42197,37518,4241,1829,3140,10472,11697,3431,0,0,75183,492,54,382,42,0,0,0,0,0,13821,8776,1217,0,0,0,0,0
435,3406,436.0120653733598,99966,224,104,25,7,7878,3921,0.11803013024428306,171,71,42105,37314,4243,1828,3231,10675,11933,3535,0,0,74841,526,57,384,47,0,0,0,0,0,14125,8741,1245,0,0,0,0,0
436,3406,437.36343541242377,99965,240,117,26,7,7943,3949,0.11896163657280048,163,68,41983,37135,4270,1821,3317,10851,12170,3641,0,0,74482,575,60,384,55,0,0,0,0,0,14430,8705,1274,0,0,0,0,0
437,3406,438.26625129125904,99964,237,111,27,7,7979,3955,0.11938297787203393,163,82,41879,36921,4284,1823,3409,11055,12408,3749,0,0,74119,618,64,384,58,0,0,0,0,0,14745,8678,1298,0,0,0,0,0
438,3406,439.1713019252239,99964,248,124,27,7,8020,3975,0.1199931975511184,161,76,41783,36719,4280,1813,3500,11260,12648,3859,0,0,73774,648,67,385,60,0,0,0,0,0,15056,8642,1332,0,0,0,0,0
439,3406,440.078503476483,99964,247,127,27,7,8048,3998,0.1205033812172382,174,70,41674,36525,4288,1807,3589,11463,12889,3971,0,0,73426,686,71,390,61,0,0,0,0,0,15361,8594,1375,0,0,0,0,0
440,3406,441.4430097288743,99964,242,128,27,7,8096,4025,0.12125365131447322,184,76,41555,36331,4307,1809,3684,11648,13131,4085,0,0,73032,751,77,397,62,0,0,0,0,0,15684,8560,1401,0,0,0,0,0
441,3406,442.35479875937415,99964,241,128,27,7,8125,4046,0.12175383137929655,216,77,41412,36113,4308,1810,3795,11864,13373,4201,0,0,72671,786,86,403,62,0,0,0,0,0,16000,8522,1434,0,0,0,0,0
442,3406,443.2693588329588,99963,256,137,28,7,8178,4068,0.12250532697097927,209,79,41286,35904,4322,1798,3898,12074,13616,4319,0,0,72307,829,89,405,63,0,0,0,0,0,16316,8480,1474,0,0,0,0,0
443,3406,444.18662189373407,99963,280,137,28,7,8233,4084,0.12321558976821424,199,92,41168,35699,4320,1796,4004,12268,13860,4439,0,0,71945,859,102,406,65,0,0,0,0,0,16635,8446,1505,0,0,0,0,0
444,3406,445.10643349519614,99962,277,125,29,7,8271,4094,0.1236970048618475,208,111,41040,35485,4336,1798,4109,12473,14105,4561,0,0,71563,911,106,411,66,0,0,0,0,0,16961,8403,1541,0,0,0,0,0
445,3406,446.0288914446226,99962,270,128,29,7,8305,4112,0.12421720253696404,216,109,40925,35268,4344,1800,4215,12687,14350,4685,0,0,71177,952,115,416,67,0,0,0,0,0,17297,8374,1564,0,0,0,0,0
446,3406,447.4173307135012,99962,283,141,29,7,8376,4152,0.12532762449730897,206,96,40795,35063,4368,1808,4318,12884,14596,4811,0,0,70771,1012,127,427,68,0,0,0,0,0,17630,8337,1590,0,0,0,0,0
447,3406,448.34526364640413,99962,283,150,29,7,8426,4173,0.12603789439987195,197,100,40661,34863,4394,1799,4435,13080,14843,4938,0,0,70394,1056,136,430,74,0,0,0,0,0,17954,8293,1625,0,0,0,0,0
448,3406,449.27627523518817,99962,292,156,29,7,8476,4194,0.12674816430243493,199,99,40529,34652,4405,1796,4545,13289,15090,5067,0,0,70009,1102,142,432,76,0,0,0,0,0,18287,8254,1660,0,0,0,0,0
449,3406,450.2102339158406,99962,311,159,29,7,8531,4223,0.12758848362377703,199,103,40390,34444,4409,1806,4661,13480,15337,5198,0,0,69620,1139,159,439,76,0,0,0,0,0,18621,8221,1687,0,0,0,0,0
450,3406,451.1471768887706,99962,310,155,29,7,8573,4247,0.12824873451911725,212,99,40254,34245,4422,1815,4772,13678,15585,5331,0,0,69228,1182,178,444,80,0,0,0,0,0,18951,8184,1715,0,0,0,0,0
451,3406,452.087164683189,99962,312,169,29,7,8620,4276,0.129009023428903,217,90,40119,34035,4434,1815,4888,13883,15833,5466,0,0,68829,1227,185,451,81,0,0,0,0,0,19298,8148,1743,0,0,0,0,0
452,3406,453.03018795496075,99962,311,174,29,7,8677,4297,0.1297893199415778,223,95,39970,33825,4462,1815,5004,14083,16081,5603,0,0,68429,1280,197,456,85,0,0,0,0,0,19633,8105,1777,0,0,0,0,0
453,3406,454.45063897709844,99962,333,171,29,7,8758,4327,0.13089974190192272,210,101,39830,33638,4486,1826,5111,14256,16330,5742,0,0,68004,1352,205,465,88,0,0,0,0,0,19978,8061,1809,0,0,0,0,0
454,3406,455.4001837128951,99962,325,173,29,7,8812,4348,0.1316500270102639,213,108,39694,33425,4512,1820,5226,14466,16579,5882,0,0,67598,1405,225,471,90,0,0,0,0,0,20311,8019,1843,0,0,0,0,0
455,3406,456.3530344246473,99962,327,187,29,7,8866,4380,0.13251035393449512,204,115,39560,33229,4535,1815,5344,14646,16828,6024,0,0,67193,1459,238,472,92,0,0,0,0,0,20649,7978,1881,0,0,0,0,0
456,3406,457.3091331785826,99962,304,198,29,7,8900,4406,0.13311058202116804,235,125,39410,33035,4556,1808,5465,14826,17077,6168,0,0,66783,1513,250,474,95,0,0,0,0,0,20993,7938,1916,0,0,0,0,0
457,3406,458.2686693868513,99962,326,214,29,7,8977,4446,0.13428102679018028,216,122,39270,32812,4573,1811,5585,15033,17326,6314,0,0,66373,1564,272,478,97,0,0,0,0,0,21330,7898,1950,0,0,0,0,0
458,3406,459.2315574400351,99961,343,198,30,7,9040,4466,0.13511269395064074,217,125,39107,32617,4585,1828,5717,15224,17575,6461,0,0,65950,1620,291,483,97,0,0,0,0,0,21676,7863,1981,0,0,0,0,0
459,3406,460.198274257385,99961,342,195,30,7,9096,4498,0.13599303728454096,209,130,38955,32402,4613,1845,5850,15420,17823,6610,0,0,65520,1687,308,489,99,0,0,0,0,0,22022,7823,2013,0,0,0,0,0
460,3406,461.16877008715153,99961,350,215,30,7,9155,4538,0.13698342353517873,204,121,38813,32217,4627,1839,5975,15600,18071,6761,0,0,65111,1730,328,493,102,0,0,0,0,0,22367,7786,2044,0,0,0,0,0
461,3406,462.14288033305917,99960,356,218,31,7,9219,4572,0.13796518607442979,217,125,38647,32017,4651,1849,6097,15783,18319,6913,0,0,64707,1788,342,502,105,0,0,0,0,0,22696,7720,2100,0,0,0,0,0
462,3406,463.1208371844294,99960,348,211,31,7,9264,4595,0.1386454581832733,233,123,38495,31833,4672,1855,6220,15970,18567,7067,0,0,64282,1849,363,503,105,0,0,0,0,0,23039,7681,2138,0,0,0,0,0
463,3406,464.10270676475824,99960,357,217,31,7,9330,4630,0.139655862344938,237,118,38348,31633,4681,1866,6345,16158,18814,7223,0,0,63854,1907,379,505,113,0,0,0,0,0,23392,7645,2165,0,0,0,0,0
464,3406,465.08824433734276,99959,357,225,32,7,9386,4669,0.14060764913614582,249,118,38190,31425,4701,1886,6470,16338,19061,7380,0,0,63421,1967,400,506,117,0,0,0,0,0,23743,7612,2193,0,0,0,0,0
465,3406,466.07760184507276,99959,374,227,32,7,9450,4695,0.14150801828749787,240,119,38043,31230,4711,1891,6599,16525,19308,7539,0,0,63010,2003,428,512,117,0,0,0,0,0,24089,7575,2225,0,0,0,0,0
466,3406,467.0707939125787,99959,380,226,32,7,9511,4726,0.1424283956422133,243,119,37898,31031,4722,1907,6724,16709,19554,7699,0,0,62585,2054,454,519,119,0,0,0,0,0,24436,7536,2256,0,0,0,0,0
467,3406,468.0675128782658,99958,377,217,32,8,9562,4751,0.14319013985874068,259,126,37742,30841,4727,1917,6862,16890,19799,7861,0,0,62167,2106,479,526,122,0,0,0,0,0,24776,7488,2294,0,0,0,0,0
468,3406,469.06824200408624,99958,377,228,32,8,9619,4794,0.1441905600352148,260,113,37581,30650,4755,1933,6994,17067,20044,8024,0,0,61733,2158,505,533,125,0,0,0,0,0,25132,7454,2318,0,0,0,0,0
469,3406,470.07312675616606,99958,394,215,32,8,9678,4819,0.14503091298345305,257,123,37414,30466,4768,1943,7134,17244,20288,8189,0,0,61313,2214,526,531,130,0,0,0,0,0,25475,7411,2358,0,0,0,0,0
470,3406,471.08246498931237,99958,387,217,32,8,9740,4846,0.145921286940515,263,136,37247,30263,4798,1951,7272,17424,20532,8355,0,0,60895,2271,543,546,133,0,0,0,0,0,25817,7347,2406,0,0,0,0,0
471,3406,472.09613509626655,99958,397,221,32,8,9805,4881,0.14692170711698913,255,137,37105,30069,4812,1959,7398,17605,20775,8522,0,0,60484,2317,574,553,135,0,0,0,0,0,26151,7295,2449,0,0,0,0,0
472,3406,473.11405082872824,99957,388,227,32,9,9863,4920,0.1478935942455256,263,140,36944,29899,4837,1963,7535,17761,21017,8691,0,0,60042,2379,598,556,141,0,0,0,0,0,26503,7259,2479,0,0,0,0,0
473,3406,474.1361329327689,99957,399,226,32,9,9923,4948,0.14877397280830756,276,156,36772,29704,4843,1970,7677,17934,21258,8861,0,0,59629,2422,622,559,147,0,0,0,0,0,26847,7215,2516,0,0,0,0,0
474,3406,475.16266590080033,99957,413,232,32,9,9997,4992,0.14995448042658344,266,144,36625,29504,4849,1996,7814,18114,21499,9032,0,0,59213,2473,658,565,151,1,0,0,0,0,27176,7163,2557,0,0,0,0,0
475,3406,476.19354822662524,99957,435,234,32,9,10070,5027,0.15103494502636133,273,142,36464,29333,4850,2005,7945,18276,21739,9204,0,0,58807,2514,692,570,154,1,0,0,0,0,27506,7111,2602,0,0,0,0,0
476,3406,477.2283679889895,99957,428,244,32,9,10125,5065,0.1519653450983923,290,138,36296,29146,4875,2017,8078,18445,21978,9378,0,0,58388,2563,721,574,160,1,0,0,0,0,27846,7063,2641,0,0,0,0,0
477,3406,478.2678992522454,99956,443,244,33,9,10212,5099,0.15317739805514427,289,133,36121,28991,4899,2021,8214,18601,22216,9553,0,0,57957,2625,748,579,166,1,0,0,0,0,28182,7014,2684,0,0,0,0,0
478,3406,479.31225055587294,99956,465,255,33,9,10305,5140,0.15451798791468246,277,136,35934,28815,4934,2031,8356,18753,22453,9729,0,0,57521,2682,777,586,170,2,0,0,0,0,28530,6973,2715,0,0,0,0,0
479,3406,480.3616499073593,99955,468,255,33,10,10386,5181,0.1557400830373668,277,126,35751,28646,4973,2054,8497,18908,22689,9906,0,0,57079,2748,817,594,172,2,0,0,0,0,28863,6927,2753,0,0,0,0,0
480,3406,481.41636986618727,99955,490,253,33,10,10469,5215,0.15691060977439847,267,130,35594,28488,4986,2064,8629,19054,22924,10084,0,0,56655,2798,857,593,178,2,0,0,0,0,29195,6889,2788,0,0,0,0,0
481,3406,482.47586890600866,99955,476,241,33,10,10539,5249,0.15795107798509328,288,136,35413,28312,5024,2085,8765,19215,23158,10263,0,0,56211,2878,896,592,189,2,0,0,0,0,29519,6841,2827,0,0,0,0,0
482,3406,483.0069050696065,99954,481,233,34,10,10578,5268,0.15853292514556697,294,132,35242,28112,5024,2089,8924,19423,23391,10443,0,0,55809,2905,922,594,193,2,0,0,0,0,29866,6800,2863,0,0,0,0,0
483,3406,484.0767553598614,99954,471,233,34,10,10648,5300,0.15955339456149828,293,137,35081,27945,5053,2099,9067,19575,23623,10624,0,0,55381,2963,955,605,196,3,0,0,0,0,30199,6745,2907,0,0,0,0,0
484,3406,485.15176799706865,99953,488,237,35,10,10735,5343,0.1608556021330025,273,135,34914,27788,5081,2110,9208,19719,23853,10806,0,0,54951,3014,994,614,203,3,0,0,0,0,30536,6702,2936,0,0,0,0,0
485,3406,486.23184521969375,99952,471,225,36,10,10801,5371,0.16179766287818154,283,138,34742,27655,5112,2121,9355,19850,24082,10989,0,0,54519,3068,1046,621,210,3,0,0,0,0,30859,6660,2966,0,0,0,0,0
486,3406,487.3174525480616,99952,479,228,36,10,10884,5405,0.16296822474787898,278,138,34588,27503,5134,2125,9484,19995,24310,11172,0,0,54094,3107,1088,636,217,4,0,0,0,0,31201,6621,2984,0,0,0,0,0
487,3406,488.4079936940539,99952,493,217,36,10,10963,5441,0.16411877701296623,286,134,34399,27357,5161,2145,9624,20136,24537,11356,0,0,53650,3182,1116,635,226,4,0,0,0,0,31542,6579,3018,0,0,0,0,0
488,3406,489.5039290835147,99951,491,223,37,10,11042,5481,0.16531100239117166,295,121,34217,27208,5193,2156,9766,20281,24763,11541,0,0,53212,3244,1157,642,230,4,0,0,0,0,31876,6536,3050,0,0,0,0,0
489,3406,490.05329661830996,99950,510,212,37,11,11099,5488,0.1659529764882441,280,124,34048,27048,5193,2141,9931,20463,24987,11726,0,0,52833,3254,1196,641,235,4,0,0,0,0,32204,6495,3088,0,0,0,0,0
490,3406,491.16060406658744,99950,516,223,37,11,11199,5522,0.16729364682341172,265,128,33879,26906,5235,2141,10067,20590,25210,11912,0,0,52406,3320,1229,643,247,4,0,0,0,0,32528,6445,3128,0,0,0,0,0
491,3406,492.2735313690309,99949,512,218,38,11,11273,5551,0.16832584618155258,259,130,33724,26749,5258,2157,10208,20734,25432,12099,0,0,51979,3375,1266,654,252,4,0,0,0,0,32860,6395,3164,0,0,0,0,0
492,3406,493.3918382591454,99949,513,210,38,11,11350,5581,0.1693963921600016,263,137,33566,26609,5282,2172,10337,20860,25652,12286,0,0,51556,3426,1306,666,258,4,0,0,0,0,33187,6348,3198,0,0,0,0,0
493,3406,494.5152776747428,99949,509,211,38,11,11423,5624,0.17055698406187156,278,127,33393,26479,5304,2192,10477,20979,25871,12474,0,0,51129,3483,1355,672,264,4,0,0,0,0,33507,6305,3230,0,0,0,0,0
494,3406,495.07845893326936,99949,510,208,38,11,11461,5641,0.17110726470499954,273,131,33231,26304,5304,2190,10643,21155,26089,12662,0,0,50757,3495,1388,677,269,4,0,0,0,0,33832,6254,3273,0,0,0,0,0
495,3406,496.2131405782485,99948,509,213,39,11,11538,5671,0.17217953335734582,269,143,33074,26175,5334,2190,10774,21267,26305,12851,0,0,50339,3546,1433,679,271,4,0,0,0,0,34151,6213,3312,0,0,0,0,0
496,3406,497.3530477604274,99948,491,231,39,11,11607,5717,0.1733301316684676,277,136,32910,26034,5375,2193,10907,21394,26520,13040,0,0,49915,3596,1479,687,276,4,0,0,0,0,34475,6173,3343,0,0,0,0,0
497,3406,498.49849601992446,99948,511,231,39,11,11691,5749,0.1744907351822948,265,140,32767,25900,5385,2203,11032,21514,26733,13229,0,0,49513,3635,1518,693,283,4,0,0,0,0,34794,6128,3380,0,0,0,0,0
498,3406,499.0725276587038,99947,506,221,40,11,11733,5762,0.17504277266951485,266,150,32594,25745,5399,2207,11194,21665,26945,13419,0,0,49128,3659,1555,695,288,4,0,0,0,0,35116,6084,3418,0,0,0,0,0
499,3406,500.22912567787404,99947,507,216,40,11,11816,5797,0.17622339840115261,266,149,32442,25631,5419,2215,11325,21777,27156,13609,0,0,48709,3708,1614,703,290,4,0,0,0,0,35423,6045,3451,0,0,0,0,0
500,3406,501.3915176472112,99946,500,215,41,11,11903,5831,0.17743581534028374,255,145,32311,25535,5441,2215,11451,21878,27365,13799,0,0,48321,3752,1687,705,297,5,0,0,0,0,35692,5988,3499,0,0,0,0,0
501,3406,502.5590662684962,99946,496,213,41,11,11995,5870,0.17874652312248615,226,154,32178,25423,5475,2219,11583,21979,27573,13989,0,0,47909,3807,1755,708,306,6,0,0,0,0,35980,5945,3530,0,0,0,0,0
502,3406,503.14394338945493,99946,477,214,41,11,12020,5894,0.17923678786544733,226,143,32024,25260,5486,2224,11745,22147,27779,14179,0,0,47535,3815,1796,717,313,6,0,0,0,0,36303,5906,3555,0,0,0,0,0
503,3406,504.3222364083174,99946,470,227,41,11,12084,5947,0.18040742000680368,224,122,31878,25158,5507,2236,11879,22245,27984,14370,0,0,47132,3856,1849,717,325,6,0,0,0,0,36608,5871,3582,0,0,0,0,0
504,3406,505.5062073945254,99945,467,216,42,11,12155,5973,0.18137975886737706,224,134,31717,25044,5531,2251,12018,22343,28187,14561,0,0,46733,3897,1902,721,334,6,0,0,0,0,36910,5829,3613,0,0,0,0,0
505,3406,506.0994245165237,99943,469,217,44,11,12193,5994,0.18197372502326326,223,134,31567,24914,5517,2244,12179,22479,28389,14752,0,0,46392,3879,1964,722,340,6,0,0,0,0,37202,5792,3646,0,0,0,0,0
506,3406,507.2951407319843,99943,444,215,44,11,12252,6024,0.1828642326125892,242,144,31406,24802,5562,2246,12301,22581,28589,14943,0,0,46007,3919,2018,726,349,7,0,0,0,0,37488,5740,3689,0,0,0,0,0
507,3406,508.49679801077434,99943,437,219,44,11,12315,6061,0.1838648029376745,264,141,31242,24692,5584,2256,12428,22680,28788,15134,0,0,45612,3962,2062,731,355,7,0,0,0,0,37791,5697,3726,0,0,0,0,0
508,3406,509.098919075873,99943,434,207,44,11,12356,6077,0.1844351280229731,257,147,31093,24561,5584,2264,12587,22809,28985,15324,0,0,45260,3976,2106,734,363,7,0,0,0,0,38082,5645,3770,0,0,0,0,0
509,3406,510.3128544793172,99942,444,215,45,11,12447,6113,0.1857077104720738,230,144,30940,24461,5616,2270,12724,22898,29181,15514,0,0,44868,4020,2158,739,369,7,0,0,0,0,38376,5601,3804,0,0,0,0,0
510,3406,511.5329245077792,99942,434,217,45,11,12532,6156,0.1869884533029157,217,141,30779,24353,5669,2286,12855,22991,29375,15704,0,0,44467,4068,2225,744,379,7,0,0,0,0,38657,5564,3831,0,0,0,0,0
511,3406,512.1443920404489,99941,432,222,46,11,12562,6178,0.18751063127245074,222,137,30616,24218,5671,2281,13012,23130,29568,15894,0,0,44112,4071,2262,748,382,7,0,0,0,0,38970,5528,3861,0,0,0,0,0
512,3406,513.377425656193,99941,416,225,46,11,12621,6219,0.18851122162075626,233,124,30490,24152,5686,2286,13128,23201,29759,16084,0,0,43746,4100,2326,755,392,7,0,0,0,0,39240,5477,3898,0,0,0,0,0
513,3406,514.6159152828088,99941,392,207,46,11,12683,6250,0.18944177064468037,232,126,30378,24056,5704,2314,13247,23285,29949,16273,0,0,43357,4145,2386,765,402,8,0,0,0,0,39516,5432,3930,0,0,0,0,0
514,3406,515.2361947825622,99941,389,206,46,11,12717,6270,0.18998208943276534,224,120,30241,23929,5695,2317,13404,23416,30137,16462,0,0,43003,4153,2430,766,405,8,0,0,0,0,39816,5400,3960,0,0,0,0,0
515,3406,516.4856841076074,99941,387,205,46,11,12784,6308,0.19103270929848612,216,113,30126,23858,5705,2330,13519,23482,30324,16651,0,0,42646,4179,2493,773,413,8,0,0,0,0,40081,5347,4001,0,0,0,0,0
516,3406,517.1117122363343,99940,392,202,47,11,12811,6320,0.19142485491294778,229,115,29987,23735,5677,2329,13667,23607,30509,16839,0,0,42309,4174,2529,769,421,8,0,0,0,0,40385,5320,4025,0,0,0,0,0
517,3406,518.3718799759096,99939,377,197,48,11,12867,6351,0.19229730135382583,231,118,29868,23654,5694,2346,13781,23673,30692,17027,0,0,41945,4211,2574,782,429,8,0,0,0,0,40663,5262,4065,0,0,0,0,0
518,3406,519.0027999853058,99939,382,192,48,11,12901,6368,0.19280761264371266,222,111,29733,23532,5687,2354,13927,23799,30874,17215,0,0,41605,4209,2621,782,433,8,0,0,0,0,40956,5234,4091,0,0,0,0,0
519,3406,520.2739453332905,99938,388,191,48,12,12978,6401,0.19391022433909025,219,108,29623,23482,5700,2353,14021,23853,31054,17402,0,0,41255,4231,2680,788,442,10,0,0,0,0,41221,5187,4124,0,0,0,0,0
520,3406,521.5499503620497,99938,382,179,48,12,13048,6422,0.19482078888911125,217,118,29502,23408,5724,2359,14126,23923,31233,17589,0,0,40890,4266,2736,795,447,10,0,0,0,0,41489,5144,4161,0,0,0,0,0
521,3406,522.1889427768109,99938,376,179,48,12,13087,6437,0.19536112389681604,209,121,29362,23275,5730,2352,14274,24060,31410,17775,0,0,40566,4262,2782,794,458,11,0,0,0,0,41766,5109,4190,0,0,0,0,0
522,3406,523.4762835934971,99938,390,187,48,12,13163,6472,0.19647181252376472,185,113,29260,23211,5738,2354,14378,24122,31586,17961,0,0,40230,4270,2846,805,457,13,0,0,0,0,42026,5065,4226,0,0,0,0,0
523,3406,524.1208189499362,99938,388,189,48,12,13198,6489,0.19699213512377675,173,109,29137,23102,5735,2347,14518,24240,31760,18146,0,0,39907,4267,2894,804,465,13,0,0,0,0,42304,5033,4251,0,0,0,0,0
524,3406,525.4187302842246,99937,361,183,49,12,13240,6521,0.19773457278085194,189,107,29014,23048,5749,2368,14637,24281,31933,18330,0,0,39570,4284,2957,814,472,13,0,0,0,0,42552,4984,4291,0,0,0,0,0
525,3406,526.0687600770423,99937,364,183,49,12,13274,6544,0.19830493210722755,174,99,28894,22945,5731,2363,14787,24397,32104,18514,0,0,39264,4279,3003,813,483,13,0,0,0,0,42814,4941,4327,0,0,0,0,0
526,3406,527.3780605944002,99937,365,185,49,12,13340,6575,0.19927554359246324,172,114,28782,22868,5728,2377,14903,24443,32274,18697,0,0,38948,4287,3066,817,493,13,0,0,0,0,43050,4892,4371,0,0,0,0,0
527,3406,528.0334465592422,99937,361,186,49,12,13370,6597,0.19979587139898136,161,101,28655,22769,5722,2378,15051,24553,32442,18879,0,0,38642,4290,3111,813,503,13,0,0,0,0,43307,4849,4409,0,0,0,0,0
528,3406,529.3536473473927,99937,334,195,49,12,13413,6638,0.20063640093258753,182,85,28536,22738,5740,2384,15158,24585,32609,19061,0,0,38299,4314,3169,816,517,13,0,0,0,0,43565,4816,4428,0,0,0,0,0
529,3406,530.0148737394065,99937,332,190,49,12,13445,6651,0.20108668461130513,181,82,28419,22648,5726,2382,15292,24685,32774,19242,0,0,37997,4312,3215,809,530,13,0,0,0,0,43821,4781,4459,0,0,0,0,0
530,3406,531.3465888642477,99936,331,187,50,12,13505,6677,0.20194924751841178,175,87,28312,22585,5724,2386,15407,24742,32938,19422,0,0,37686,4315,3280,808,545,14,0,0,0,0,44061,4744,4483,0,0,0,0,0
531,3406,532.0134215219687,99936,335,186,50,12,13538,6691,0.20241954851104707,165,92,28205,22483,5703,2381,15541,24845,33100,19601,0,0,37395,4309,3324,807,550,14,0,0,0,0,44312,4701,4524,0,0,0,0,0
532,3406,533.355619078356,99936,337,192,50,12,13594,6731,0.2033801633045149,170,78,28116,22443,5690,2391,15636,24883,33261,19780,0,0,37081,4314,3387,806,565,14,0,0,0,0,44553,4670,4546,0,0,0,0,0
533,3406,534.0271939984665,99936,333,192,50,12,13618,6747,0.20378041946845982,177,77,28002,22343,5676,2394,15761,24981,33420,19958,0,0,36787,4300,3431,808,573,14,0,0,0,0,44813,4639,4571,0,0,0,0,0
534,3406,535.3789059916169,99936,333,173,50,12,13668,6770,0.2045108869676593,176,79,27890,22307,5677,2418,15873,25010,33578,20135,0,0,36472,4314,3492,808,582,16,0,0,0,0,45049,4605,4598,0,0,0,0,0
535,3406,536.0555418503717,99936,323,156,50,12,13697,6780,0.2049011367275056,173,79,27773,22221,5670,2426,16010,25105,33734,20311,0,0,36170,4320,3541,804,594,16,0,0,0,0,45293,4573,4625,0,0,0,0,0
536,3406,537.4186100678191,99936,311,152,50,12,13752,6807,0.2057216618635927,167,68,27706,22179,5679,2434,16086,25154,33889,20486,0,0,35849,4341,3604,801,606,16,0,0,0,0,45527,4544,4648,0,0,0,0,0
537,3406,538.1007957705771,99936,308,154,50,12,13780,6822,0.2061519372398335,167,66,27587,22086,5673,2429,16214,25252,34042,20660,0,0,35557,4334,3648,798,613,16,0,0,0,0,45780,4518,4672,0,0,0,0,0
538,3406,539.4735249306946,99936,299,153,50,12,13829,6846,0.206882404739033,169,68,27525,22072,5667,2432,16289,25262,34194,20833,0,0,35262,4341,3705,805,619,17,0,0,0,0,46007,4474,4706,0,0,0,0,0
539,3406,540.1603254495994,99936,318,156,50,12,13870,6856,0.20739273134806277,147,70,27418,22006,5656,2414,16410,25341,34344,21005,0,0,34994,4321,3746,803,626,17,0,0,0,0,46251,4442,4736,0,0,0,0,0
540,3406,541.5419245736031,99936,302,152,50,12,13917,6885,0.2081532180595581,142,75,27340,22002,5658,2412,16507,25346,34493,21176,0,0,34701,4330,3826,799,636,17,0,0,0,0,46454,4410,4763,0,0,0,0,0
541,3406,542.2333789283023,99936,285,154,50,12,13940,6897,0.20850344220300993,144,75,27240,21923,5650,2412,16630,25423,34640,21346,0,0,34414,4327,3872,800,640,17,0,0,0,0,46696,4382,4788,0,0,0,0,0
542,3406,543.6245829401416,99936,276,159,50,12,13991,6929,0.20933397374319565,137,58,27172,21928,5659,2412,16705,25430,34786,21515,0,0,34114,4348,3926,800,649,17,0,0,0,0,46918,4346,4818,0,0,0,0,0
543,3406,544.3205666505349,99936,261,154,50,12,14014,6942,0.2096942042907461,132,60,27055,21860,5661,2401,16840,25512,34931,21683,0,0,33840,4333,3985,800,657,17,0,0,0,0,47145,4321,4838,0,0,0,0,0
544,3406,545.0193869386438,99936,250,157,50,12,14033,6957,0.21003442203009925,139,58,26952,21789,5652,2394,16956,25589,35074,21850,0,0,33559,4327,4028,795,665,17,0,0,0,0,47387,4303,4855,0,0,0,0,0
545,3406,546.4261244927657,99936,238,141,50,12,14070,6981,0.21064481268011528,138,52,26903,21776,5648,2416,17022,25602,35216,22016,0,0,33269,4338,4084,798,678,17,0,0,0,0,47604,4271,4877,0,0,0,0,0
546,3406,547.1299392482991,99936,243,130,50,12,14098,6986,0.21097502401536983,129,52,26795,21717,5632,2416,17150,25672,35356,22181,0,0,33002,4322,4130,799,684,17,0,0,0,0,47840,4247,4895,0,0,0,0,0
547,3406,548.5452335238034,99935,254,124,51,12,14158,7003,0.2117476359633762,108,56,26751,21707,5618,2416,17217,25684,35495,22345,0,0,32733,4320,4186,799,696,17,0,0,0,0,48050,4213,4921,0,0,0,0,0
548,3406,549.2530156040964,99934,250,122,51,13,14178,7015,0.21206996617767726,108,49,26663,21653,5591,2411,17336,25751,35633,22508,0,0,32487,4293,4240,801,701,17,0,0,0,0,48265,4183,4947,0,0,0,0,0
549,3406,550.676077162643,99934,250,106,51,13,14214,7028,0.21256028979126224,105,59,26628,21646,5565,2418,17400,25757,35769,22670,0,0,32226,4292,4296,799,710,18,0,0,0,0,48470,4149,4974,0,0,0,0,0
550,3406,551.3876569413306,99934,235,110,51,13,14229,7044,0.21287049452638743,113,52,26523,21588,5558,2413,17519,25823,35904,22831,0,0,31961,4283,4337,801,715,18,0,0,0,0,48700,4125,4994,0,0,0,0,0
551,3406,552.1013802633878,99934,220,116,51,13,14241,7056,0.21311065303100046,123,47,26433,21528,5544,2406,17628,25889,36038,22991,0,0,31715,4275,4368,798,724,19,0,0,0,0,48921,4088,5026,0,0,0,0,0
552,3406,553.5371078502393,99933,207,109,52,13,14275,7069,0.2135831006774539,114,54,26398,21539,5541,2402,17687,25882,36170,23150,0,0,31448,4277,4419,797,733,20,0,0,0,0,49130,4064,5045,0,0,0,0,0
553,3406,554.2549112485033,99933,213,113,52,13,14298,7082,0.21394334203916623,105,53,26319,21468,5517,2400,17793,25952,36301,23308,0,0,31202,4265,4455,794,738,20,0,0,0,0,49352,4036,5071,0,0,0,0,0
554,3406,555.6975206414437,99933,210,121,52,13,14326,7106,0.21446369067275076,106,49,26300,21478,5488,2391,17843,25947,36431,23464,0,0,30966,4244,4510,791,750,20,0,0,0,0,49551,4009,5092,0,0,0,0,0
555,3406,556.418622554273,99932,211,117,53,13,14348,7115,0.21477604771244446,100,49,26223,21416,5452,2391,17960,26013,36559,23619,0,0,30748,4208,4571,787,759,20,0,0,0,0,49740,3983,5116,0,0,0,0,0
556,3406,557.1415303385768,99932,192,113,53,13,14360,7121,0.2149561701957331,102,52,26144,21387,5441,2381,18067,26053,36686,23773,0,0,30502,4200,4612,784,768,20,0,0,0,0,49951,3959,5136,0,0,0,0,0
557,3406,558.594016214401,99932,187,108,53,13,14397,7132,0.21543649681783614,99,59,26112,21397,5431,2368,18117,26054,36812,23926,0,0,30253,4201,4657,783,778,20,0,0,0,0,50151,3929,5160,0,0,0,0,0
558,3406,559.3201728493935,99932,193,106,53,13,14415,7140,0.21569667373814194,93,55,26023,21345,5414,2364,18223,26116,36937,24078,0,0,30015,4187,4688,781,783,20,0,0,0,0,50370,3906,5182,0,0,0,0,0
559,3406,560.0485363458629,99932,201,117,53,13,14442,7156,0.21612696633710923,79,43,25942,21304,5390,2353,18334,26169,37060,24229,0,0,29786,4170,4725,779,787,21,0,0,0,0,50579,3880,5205,0,0,0,0,0
560,3406,561.5125892965176,99932,199,112,53,13,14477,7175,0.21666733378697514,76,40,25927,21312,5364,2349,18380,26173,37182,24379,0,0,29558,4158,4779,782,796,22,0,0,0,0,50759,3846,5232,0,0,0,0,0
561,3406,562.244446210166,99932,192,103,53,13,14492,7178,0.21684745627026378,72,46,25858,21267,5337,2347,18487,26223,37303,24527,0,0,29331,4151,4814,776,805,23,0,0,0,0,50956,3818,5258,0,0,0,0,0
562,3406,563.7138492453871,99932,175,91,53,13,14517,7193,0.21724772845534965,78,46,25818,21302,5332,2345,18543,26202,37423,24674,0,0,29086,4154,4866,776,810,25,0,0,0,0,51142,3792,5281,0,0,0,0,0
563,3406,564.448370961101,99932,179,90,53,13,14530,7199,0.21743785774326543,79,48,25754,21269,5292,2331,18642,26248,37541,24820,0,0,28880,4121,4911,770,818,25,0,0,0,0,51335,3772,5300,0,0,0,0,0
564,3406,565.1853855297154,99932,178,87,53,13,14545,7204,0.21763799383580834,76,46,25683,21226,5278,2325,18731,26302,37658,24965,0,0,28664,4104,4947,771,821,25,0,0,0,0,51531,3742,5327,0,0,0,0,0
565,3406,566.6650958552849,99932,168,90,53,13,14566,7224,0.21804827282552136,76,44,25661,21249,5263,2324,18778,26279,37774,25109,0,0,28435,4103,4984,772,829,25,0,0,0,0,51722,3710,5352,0,0,0,0,0
566,3406,567.4045931949055,99932,154,87,53,13,14571,7233,0.2181883680903014,79,41,25601,21215,5247,2318,18865,26325,37889,25252,0,0,28218,4083,5029,771,831,27,0,0,0,0,51912,3691,5370,0,0,0,0,0
567,3406,568.146203796601,99932,148,92,53,13,14582,7242,0.21838850418284433,79,36,25522,21184,5230,2313,18967,26361,38003,25393,0,0,28015,4054,5071,768,839,27,0,0,0,0,52099,3671,5388,0,0,0,0,0
568,3406,569.6354798871091,99932,145,90,53,13,14611,7258,0.21883881039106592,74,33,25496,21220,5220,2312,19011,26331,38115,25533,0,0,27802,4042,5118,769,846,28,0,0,0,0,52272,3643,5412,0,0,0,0,0
569,3406,570.3803593377461,99932,133,92,53,13,14623,7266,0.21903894648360886,74,31,25430,21205,5209,2295,19100,26363,38226,25672,0,0,27592,4031,5151,767,854,29,0,0,0,0,52459,3617,5432,0,0,0,0,0
570,3406,571.1270070903248,99932,132,83,53,13,14637,7267,0.21918904855301605,73,37,25353,21168,5191,2290,19197,26408,38336,25810,0,0,27379,4014,5189,766,857,29,0,0,0,0,52649,3600,5449,0,0,0,0,0
571,3406,572.6266851115078,99932,128,79,53,13,14657,7279,0.21950926630108475,76,35,25352,21196,5174,2288,19216,26388,38445,25947,0,0,27163,4007,5229,760,868,29,0,0,0,0,52830,3583,5463,0,0,0,0,0
572,3406,573.3756182650378,99932,120,78,53,13,14671,7283,0.21968938878437339,70,34,25298,21164,5164,2279,19294,26431,38553,26082,0,0,26967,3992,5263,759,875,29,0,0,0,0,53005,3552,5490,0,0,0,0,0
573,3406,574.1266750761685,99932,115,78,53,13,14683,7289,0.21986951126766202,69,31,25229,21134,5142,2271,19391,26472,38660,26216,0,0,26765,3979,5290,753,886,29,0,0,0,0,53190,3531,5509,0,0,0,0,0
574,3406,575.6343477732219,99932,124,76,53,13,14711,7297,0.2202297562342393,61,28,25221,21193,5118,2255,19422,26434,38766,26349,0,0,26566,3961,5330,753,891,29,0,0,0,0,53365,3509,5528,0,0,0,0,0
575,3406,576.387267925278,99932,127,78,53,13,14726,7309,0.22049993995917225,56,21,25157,21167,5101,2256,19505,26464,38871,26481,0,0,26367,3942,5369,750,894,30,0,0,0,0,53543,3494,5543,0,0,0,0,0
576,3406,577.142400949868,99932,124,73,53,13,14738,7311,0.22064003522395229,56,27,25112,21146,5083,2256,19571,26484,38975,26612,0,0,26181,3922,5409,744,901,30,0,0,0,0,53708,3471,5566,0,0,0,0,0
577,3406,578.6579477915436,99932,117,67,53,13,14759,7321,0.22095024616739384,47,26,25131,21186,5072,2258,19579,26449,39077,26742,0,0,25977,3921,5449,740,909,30,0,0,0,0,53872,3448,5586,0,0,0,0,0
578,3406,579.4145881269626,99932,114,61,53,13,14766,7323,0.22104030740903816,49,29,25087,21162,5049,2257,19647,26477,39178,26870,0,0,25792,3899,5486,739,912,30,0,0,0,0,54041,3427,5606,0,0,0,0,0
579,3406,580.1726271319137,99932,99,59,53,13,14772,7326,0.22113036865068247,49,28,25040,21148,5033,2248,19725,26503,39278,26997,0,0,25606,3888,5519,735,918,30,0,0,0,0,54204,3400,5632,0,0,0,0,0
580,3406,581.6929827502979,99932,97,56,53,13,14789,7339,0.22143057278949685,43,24,25053,21189,5007,2242,19746,26475,39377,27123,0,0,25433,3869,5566,736,919,32,0,0,0,0,54346,3368,5663,0,0,0,0,0
581,3406,582.4524014566598,99932,97,59,53,13,14796,7349,0.22160068846815834,47,17,25010,21172,4975,2231,19817,26507,39475,27248,0,0,25266,3847,5600,728,927,33,0,0,0,0,54501,3342,5688,0,0,0,0,0
582,3406,583.2130461279111,99932,97,58,53,13,14797,7350,0.22162070207741263,46,17,24915,21088,4948,2226,19940,26597,39572,27372,0,0,25090,3821,5626,725,932,33,0,0,0,0,54676,3326,5703,0,0,0,0,0
583,3406,584.0149283667981,99932,98,55,53,13,14806,7355,0.2217607973421927,47,14,24888,21081,4919,2221,19994,26615,39668,27495,0,0,24915,3794,5666,724,934,34,0,0,0,0,54837,3311,5717,0,0,0,0,0
584,3406,585.0472556932532,99932,93,49,53,13,14821,7359,0.22195092663010849,43,17,24910,21146,4906,2206,19994,26568,39763,27616,0,0,24733,3785,5698,724,939,34,0,0,0,0,54994,3286,5739,0,0,0,0,0
585,3406,586.2765192137965,99932,89,48,53,13,14828,7361,0.2220409878717528,40,18,24878,21147,4888,2197,20051,26576,39857,27736,0,0,24562,3764,5728,721,942,36,0,0,0,0,55154,3268,5757,0,0,0,0,0
586,3406,587.2274095632227,99932,86,49,53,13,14831,7364,0.22210102869951567,41,19,24852,21128,4855,2189,20112,26601,39950,27855,0,0,24392,3744,5756,719,944,36,0,0,0,0,55316,3248,5777,0,0,0,0,0
587,3406,588.2799055108616,99932,81,53,53,13,14839,7372,0.22226113757355,44,17,24835,21133,4833,2176,20153,26607,40042,27973,0,0,24217,3721,5796,715,948,36,0,0,0,0,55474,3240,5785,0,0,0,0,0
588,3406,589.118590173258,99932,85,46,53,13,14852,7377,0.22244126005683865,43,19,24830,21186,4806,2177,20182,26558,40133,28090,0,0,24046,3707,5830,714,950,36,0,0,0,0,55625,3218,5806,0,0,0,0,0
589,3406,590.0271741320333,99932,83,49,53,13,14858,7382,0.22255133490773726,44,16,24771,21170,4789,2166,20259,26585,40223,28206,0,0,23880,3690,5856,709,956,36,0,0,0,0,55782,3200,5823,0,0,0,0,0
590,3406,591.1075184554703,99932,81,44,53,13,14873,7385,0.2227314573910259,41,15,24799,21251,4760,2144,20265,26532,40313,28321,0,0,23716,3665,5899,708,961,36,0,0,0,0,55925,3185,5837,0,0,0,0,0
591,3406,592.3699120068579,99932,84,42,53,13,14879,7387,0.22281151182804307,41,14,24761,21223,4725,2138,20335,26569,40402,28434,0,0,23567,3642,5927,705,965,36,0,0,0,0,56068,3158,5864,0,0,0,0,0
592,3406,593.2068366505016,99932,80,37,53,13,14887,7388,0.2229015730696874,39,15,24737,21215,4697,2132,20393,26587,40490,28546,0,0,23408,3621,5966,701,969,36,0,0,0,0,56209,3142,5880,0,0,0,0,0
593,3406,594.185193131242,99932,85,36,53,13,14898,7392,0.22305167513909457,33,12,24743,21244,4662,2124,20423,26570,40577,28657,0,0,23255,3602,5992,695,978,36,0,0,0,0,56354,3122,5898,0,0,0,0,0
594,3406,595.1987583683517,99932,82,36,53,13,14905,7398,0.2231817635992475,36,13,24741,21277,4633,2112,20454,26548,40663,28767,0,0,23094,3583,6022,691,985,36,0,0,0,0,56503,3109,5909,0,0,0,0,0
595,3406,596.2216714018427,99931,86,35,54,13,14917,7403,0.22335411433889385,32,9,24734,21305,4607,2099,20486,26538,40748,28876,0,0,22936,3568,6049,690,987,36,0,0,0,0,56648,3088,5929,0,0,0,0,0
596,3406,597.1189365825123,99931,82,36,54,13,14927,7404,0.223464190291301,31,11,24710,21338,4590,2086,20532,26515,40832,28984,0,0,22779,3553,6078,687,990,36,0,0,0,0,56791,3071,5946,0,0,0,0,0
597,3406,598.4195389731536,99931,83,31,54,13,14938,7407,0.22360428695800103,22,10,24698,21358,4564,2082,20578,26505,40915,29091,0,0,22621,3544,6101,684,996,36,0,0,0,0,56934,3051,5964,0,0,0,0,0
598,3406,599.4523756803226,99931,68,28,54,13,14943,7409,0.22367433529135103,25,11,24739,21408,4541,2071,20572,26468,40997,29197,0,0,22476,3527,6138,679,1004,36,0,0,0,0,57057,3030,5984,0,0,0,0,0
599,3406,600.2754523847465,99931,67,27,54,13,14947,7412,0.22374438362470103,22,8,24694,21366,4523,2068,20639,26517,41078,29302,0,0,22331,3510,6158,677,1009,36,0,0,0,0,57196,3008,6006,0,0,0,0,0
600,3406,601.0695618780242,99931,64,24,54,13,14955,7413,0.22383444576757963,19,8,24696,21393,4500,2058,20666,26503,41159,29406,0,0,22183,3496,6184,676,1012,36,0,0,0,0,57331,2986,6027,0,0,0,0,0
601,3406,602.000770474737,99931,54,20,54,13,14959,7414,0.22388448029140107,23,7,24740,21456,4480,2040,20648,26463,41239,29509,0,0,22039,3477,6219,676,1014,37,0,0,0,0,57459,2967,6043,0,0,0,0,0
602,3406,603.2704881885961,99931,47,21,54,13,14960,7416,0.22391450100569393,25,6,24724,21430,4464,2029,20685,26500,41318,29611,0,0,21902,3459,6241,673,1021,37,0,0,0,0,57591,2944,6063,0,0,0,0,0
603,3406,604.1036929905582,99931,48,17,54,13,14965,7417,0.22397454243427967,23,6,24705,21452,4438,2017,20731,26494,41396,29712,0,0,21761,3441,6265,667,1029,37,0,0,0,0,57725,2930,6076,0,0,0,0,0
604,3406,605.315906701468,99931,44,15,54,13,14970,7420,0.22405459767239394,21,5,24712,21526,4420,1999,20748,26441,41473,29812,0,0,21620,3426,6291,659,1037,38,0,0,0,0,57855,2916,6089,0,0,0,0,0
605,3406,606.0176932615507,99931,43,14,54,13,14973,7421,0.2240946252914511,19,4,24708,21525,4399,1990,20776,26453,41550,29911,0,0,21487,3403,6319,657,1040,38,0,0,0,0,57983,2898,6106,0,0,0,0,0
606,3406,607.2441985035108,99931,40,14,54,13,14977,7422,0.22414465981527254,18,8,24721,21556,4366,1979,20800,26429,41626,30008,0,0,21356,3379,6349,655,1044,38,0,0,0,0,58108,2882,6120,0,0,0,0,0
607,3406,608.1637418698974,99931,39,15,54,13,14980,7424,0.22419469433909398,21,9,24719,21584,4336,1971,20830,26407,41701,30104,0,0,21219,3362,6371,654,1045,38,0,0,0,0,58240,2866,6136,0,0,0,0,0
608,3406,609.0390089987643,99931,37,12,54,13,14982,7425,0.22422471505338684,22,9,24708,21586,4314,1966,20864,26413,41775,30199,0,0,21080,3347,6392,650,1050,38,0,0,0,0,58372,2855,6147,0,0,0,0,0
609,3406,610.442741726074,99931,35,13,54,13,14990,7428,0.224334791005794,24,10,24794,21723,4276,1951,20816,26289,41848,30293,0,0,20959,3320,6428,645,1056,39,0,0,0,0,58484,2841,6159,0,0,0,0,0
610,3406,611.059586674145,99931,37,13,54,13,14995,7428,0.22438482552961544,20,13,24778,21732,4252,1932,20858,26296,41921,30387,0,0,20835,3296,6455,642,1058,40,0,0,0,0,58605,2826,6174,0,0,0,0,0
611,3406,612.0724927094365,99931,35,13,54,13,14995,7430,0.224404839339144,21,11,24709,21697,4245,1921,20935,26344,41993,30480,0,0,20699,3288,6467,640,1059,41,0,0,0,0,58737,2808,6192,0,0,0,0,0
612,3406,613.1035167899196,99931,36,19,54,13,14998,7437,0.22450490838678688,26,6,24735,21764,4212,1909,20936,26288,42064,30572,0,0,20578,3268,6490,639,1060,41,0,0,0,0,58855,2787,6213,0,0,0,0,0
613,3406,614.1560381147285,99931,38,17,54,13,15003,7438,0.22456494981537262,22,5,24740,21800,4187,1899,20958,26265,42134,30663,0,0,20451,3253,6511,637,1062,41,0,0,0,0,58976,2770,6230,0,0,0,0,0
614,3406,615.4248985021205,99931,36,16,54,13,15008,7440,0.22463499814872262,22,7,24756,21831,4170,1895,20961,26237,42204,30753,0,0,20319,3238,6532,634,1068,41,0,0,0,0,59101,2760,6238,0,0,0,0,0
615,3406,616.2537647286867,99931,38,15,54,13,15013,7440,0.22468503267254405,20,7,24751,21843,4147,1886,20989,26235,42273,30842,0,0,20189,3224,6547,633,1071,41,0,0,0,0,59229,2747,6250,0,0,0,0,0
616,3406,617.4559663946641,99931,36,13,54,13,15017,7440,0.2247250602916012,27,7,24800,21917,4119,1871,20963,26178,42341,30930,0,0,20059,3210,6564,632,1074,42,0,0,0,0,59354,2737,6259,0,0,0,0,0
617,3406,618.0629312961792,99931,34,11,54,13,15021,7440,0.22476508791065836,25,8,24767,21910,4106,1859,21013,26198,42409,31017,0,0,19933,3191,6586,632,1075,43,0,0,0,0,59475,2727,6269,0,0,0,0,0
618,3406,619.6613970535043,99931,28,10,54,13,15031,7443,0.2248951776725941,22,7,24827,22012,4082,1847,20986,26110,42476,31103,0,0,19812,3180,6613,629,1081,43,0,0,0,0,59579,2709,6285,0,0,0,0,0
619,3406,620.1700839235291,99931,29,11,54,13,15033,7444,0.22492519838688696,23,6,24801,22006,4059,1840,21033,26123,42542,31188,0,0,19696,3170,6623,628,1082,44,0,0,0,0,59695,2686,6307,0,0,0,0,0
620,3406,621.2611690726814,99931,31,12,54,13,15038,7445,0.22498523981547267,19,6,24777,21976,4042,1836,21076,26156,42608,31272,0,0,19575,3158,6637,625,1086,44,0,0,0,0,59814,2672,6320,0,0,0,0,0
621,3406,622.3606343572228,99931,27,12,54,13,15039,7447,0.22501526052976553,19,7,24813,22019,4023,1822,21063,26126,42673,31355,0,0,19447,3149,6651,621,1091,44,0,0,0,0,59936,2665,6327,0,0,0,0,0
622,3406,623.072340073735,99931,28,12,54,13,15043,7448,0.22506529505358697,17,7,24774,22010,4012,1812,21114,26145,42737,31437,0,0,19333,3129,6675,620,1092,44,0,0,0,0,60046,2654,6338,0,0,0,0,0
623,3406,624.1001265333955,99931,34,12,54,13,15050,7449,0.22514535029170127,12,8,24784,22049,3983,1803,21132,26114,42801,31518,0,0,19225,3111,6693,612,1101,44,0,0,0,0,60153,2643,6349,0,0,0,0,0
624,3406,625.0439583951005,99931,28,10,54,13,15051,7451,0.22517537100599413,11,10,24794,22080,3965,1795,21147,26091,42864,31599,0,0,19113,3094,6720,609,1104,44,0,0,0,0,60255,2630,6362,0,0,0,0,0
625,3406,626.044034152505,99931,24,12,54,13,15053,7454,0.22522540552981557,11,7,24808,22112,3945,1790,21157,26065,42926,31679,0,0,18998,3078,6741,607,1107,44,0,0,0,0,60364,2621,6371,0,0,0,0,0
626,3406,627.1238726306,99931,23,14,54,13,15056,7456,0.225275440053637,9,6,24851,22174,3921,1775,21141,26017,42988,31758,0,0,18885,3065,6757,603,1112,44,0,0,0,0,60474,2610,6381,0,0,0,0,0
627,3406,628.1202971923543,99931,26,16,54,13,15062,7460,0.22537550910127988,3,3,24865,22197,3900,1768,21151,26002,43049,31836,0,0,18778,3049,6776,600,1115,45,0,0,0,0,60578,2597,6393,0,0,0,0,0
628,3406,629.3572292688701,99931,24,14,54,13,15064,7462,0.22541553672033704,6,1,24898,22262,3871,1759,21146,25950,43109,31913,0,0,18673,3030,6800,599,1118,45,0,0,0,0,60677,2585,6404,0,0,0,0,0
629,3406,630.0081599830588,99931,22,13,54,13,15066,7462,0.2254355505298656,30,27,24877,22254,3852,1751,21164,25941,43169,31989,0,0,18566,3014,6818,598,1118,46,0,0,0,2,60780,2573,6416,0,0,0,0,0
630,3406,631.3224201708905,99931,25,19,54,13,15075,7472,0.22562568172038708,36,20,24940,22329,3824,1740,21120,25878,43228,32065,0,0,18455,2998,6832,595,1124,46,2,0,0,6,60885,2566,6422,0,0,0,0,0
631,3406,632.0855691049618,99931,28,23,54,13,15082,7476,0.22573575767279422,35,24,24940,22336,3805,1725,21137,25878,43287,32140,0,0,18346,2984,6844,595,1126,46,2,0,0,8,60992,2555,6433,0,0,0,0,0
632,3406,633.2302710466184,99931,33,29,54,13,15091,7484,0.22590587505378712,29,19,24937,22354,3790,1724,21156,25860,43345,32214,0,0,18238,2970,6857,595,1127,46,4,0,0,11,61095,2543,6445,0,0,0,0,0
633,3406,634.2964204226583,99931,35,33,54,13,15099,7490,0.22604597172048713,39,18,24982,22417,3760,1718,21129,25800,43402,32287,0,0,18137,2956,6870,594,1131,46,5,0,0,14,61192,2527,6459,0,0,0,0,0
634,3406,635.0447349917507,99931,37,31,54,13,15103,7491,0.22609600624430856,40,19,24974,22405,3742,1716,21152,25815,43459,32359,0,0,18030,2944,6881,592,1134,46,8,0,0,15,61295,2516,6470,0,0,0,0,0
635,3406,636.0287000738307,99931,45,32,54,13,15115,7499,0.22629614433959433,43,20,25015,22448,3713,1716,21129,25770,43515,32431,0,0,17925,2932,6893,593,1134,46,12,0,0,21,61390,2500,6485,0,0,0,0,0
636,3406,637.2094026073779,99931,49,34,54,13,15124,7506,0.2264562548158229,48,17,25029,22497,3699,1712,21120,25726,43571,32502,0,0,17826,2912,6912,593,1135,46,13,0,0,29,61480,2491,6494,0,0,0,0,0
637,3406,638.176742132444,99931,53,36,54,13,15133,7512,0.22660635838728724,44,17,25033,22514,3680,1704,21135,25715,43626,32572,0,0,17733,2890,6932,592,1138,46,16,0,0,33,61566,2479,6506,0,0,0,0,0
638,3406,639.3082402718135,99931,59,33,54,13,15152,7516,0.22683651719686584,43,19,25064,22567,3659,1695,21120,25672,43681,32641,0,0,17643,2871,6951,588,1143,47,18,0,0,49,61638,2467,6516,0,0,0,0,0
639,3406,640.0590501975693,99930,61,32,55,13,15165,7520,0.22700890623436407,39,19,25067,22586,3643,1692,21134,25657,43735,32709,0,0,17547,2852,6968,586,1147,47,22,0,0,58,61720,2457,6526,0,0,0,0,0
640,3406,641.2439842621675,99930,63,27,55,13,15178,7524,0.2271790253177224,43,31,25121,22663,3631,1689,21086,25576,43788,32777,0,0,17444,2842,6977,584,1149,48,25,0,0,73,61805,2448,6535,0,0,0,0,0
641,3406,642.0013431127292,99930,64,33,55,13,15186,7533,0.22734914440108075,48,27,25127,22683,3611,1683,21094,25560,43841,32844,0,0,17351,2826,6991,581,1155,48,29,0,0,76,61891,2436,6546,0,0,0,0,0
642,3406,643.1367955185528,99930,72,30,55,13,15201,7536,0.22752927048934254,53,31,25174,22730,3596,1676,21049,25519,43893,32910,0,0,17256,2814,7003,578,1159,49,31,0,0,85,61975,2427,6553,0,0,0,0,0
643,3406,644.2699879751227,99930,72,30,55,13,15214,7544,0.2277394175923146,57,29,25213,22790,3577,1677,21025,25460,43945,32976,0,0,17157,2803,7012,577,1165,49,37,0,0,95,62058,2414,6563,0,0,0,0,0
644,3406,645.0244343352075,99930,79,38,55,13,15227,7554,0.22796957870509357,56,22,25204,22826,3569,1672,21036,25428,43996,33041,0,0,17056,2797,7018,576,1165,51,41,0,0,96,62154,2402,6574,0,0,0,0,0
645,3406,646.1562007440082,99930,75,38,55,13,15239,7561,0.22815971179825878,60,24,25227,22900,3560,1669,21022,25355,44047,33105,0,0,16964,2783,7032,573,1170,51,45,0,0,113,62225,2392,6582,0,0,0,0,0
646,3406,647.2868816198239,99930,81,34,55,13,15259,7565,0.22839987991594116,63,28,25259,22951,3540,1669,21001,25304,44097,33168,0,0,16875,2774,7040,568,1175,53,49,0,0,128,62295,2379,6594,0,0,0,0,0
647,3406,648.0399445568205,99930,83,39,55,13,15271,7571,0.22858000600420295,71,28,25256,22956,3529,1660,21005,25303,44147,33231,0,0,16793,2755,7059,567,1176,53,52,0,0,136,62366,2365,6608,0,0,0,0,0
648,3406,649.1689962394486,99930,100,48,55,13,15296,7583,0.22895026518562994,72,28,25282,22992,3514,1653,20976,25265,44196,33293,0,0,16710,2737,7075,563,1183,53,54,0,0,142,62441,2357,6615,0,0,0,0,0
649,3406,650.296601847227,99929,107,54,56,13,15318,7594,0.22928279078145483,75,29,25306,23057,3505,1645,20950,25201,44245,33354,0,0,16614,2728,7084,562,1181,57,57,0,0,155,62520,2352,6619,0,0,0,0,0
650,3406,651.0476712653168,99929,109,57,56,13,15332,7601,0.22949293998739104,79,28,25295,23077,3496,1642,20964,25182,44293,33415,0,0,16519,2720,7090,561,1186,57,59,0,0,165,62603,2345,6624,0,0,0,0,0
651,3406,652.1743011974227,99929,115,57,56,13,15354,7606,0.22976313182359476,77,35,25340,23131,3481,1635,20930,25128,44341,33475,0,0,16435,2706,7102,561,1191,57,64,0,0,176,62671,2330,6636,0,0,0,0,0
652,3406,653.2992068885003,99929,113,61,56,13,15377,7616,0.23009336629006594,84,43,25364,23184,3480,1631,20902,25067,44388,33534,0,0,16344,2691,7112,562,1198,57,73,0,0,190,62739,2320,6643,0,0,0,0,0
653,3406,654.0483798192467,99929,119,67,56,13,15395,7628,0.2303935794414034,85,43,25362,23219,3469,1628,20908,25029,44435,33593,0,0,16260,2677,7124,557,1205,57,78,0,0,201,62807,2312,6651,0,0,0,0,0
654,3406,655.1717020965197,99929,126,69,56,13,15415,7641,0.23072381390787458,91,47,25394,23264,3457,1623,20875,24983,44481,33651,0,0,16181,2664,7132,556,1216,57,81,0,0,212,62872,2298,6660,0,0,0,0,0
655,3406,656.2936532281773,99929,124,67,56,13,15431,7650,0.23097399153398912,109,53,25422,23316,3443,1631,20845,24919,44527,33708,0,0,16090,2656,7137,554,1222,57,89,0,0,229,62938,2288,6669,0,0,0,0,0
656,3406,657.0407642318582,99929,135,68,56,13,15453,7658,0.23127420468532658,110,53,25412,23335,3445,1631,20841,24899,44573,33765,0,0,16007,2648,7143,547,1233,57,92,0,0,240,63007,2280,6675,0,0,0,0,0
657,3406,658.1612441896153,99929,139,70,56,13,15483,7669,0.23168449599215443,118,57,25438,23403,3442,1629,20806,24827,44618,33821,0,0,15924,2629,7156,547,1241,57,103,0,0,255,63064,2269,6684,0,0,0,0,0
658,3406,659.280819367279,99929,148,72,56,13,15511,7681,0.2320847801939377,132,58,25464,23459,3442,1623,20757,24774,44663,33877,0,0,15833,2618,7166,550,1242,57,109,0,0,274,63130,2261,6689,0,0,0,0,0
659,3406,660.0262756277416,99929,154,82,56,13,15530,7699,0.2324550430805872,129,47,25457,23471,3444,1625,20759,24761,44707,33932,0,0,15750,2607,7173,548,1249,57,113,0,0,286,63197,2254,6695,0,0,0,0,0
660,3406,661.1443751512421,99929,164,83,56,13,15567,7714,0.23297541254290546,127,50,25487,23523,3449,1627,20716,24703,44751,33986,0,0,15678,2590,7187,550,1254,57,119,0,0,314,63235,2237,6708,0,0,0,0,0
661,3406,662.2614018622945,99929,175,76,56,13,15603,7725,0.2334457464800008,126,57,25492,23569,3454,1634,20696,24650,44794,34040,0,0,15601,2577,7193,550,1262,57,128,0,0,339,63278,2220,6724,0,0,0,0,0
662,3406,663.0056951595091,99929,188,81,56,13,15637,7737,0.23390607331205154,114,58,25502,23600,3450,1630,20689,24617,44837,34093,0,0,15524,2563,7206,550,1265,57,137,0,0,355,63330,2206,6736,0,0,0,0,0
663,3406,664.1216966485936,99929,197,91,56,13,15667,7757,0.23440642856428065,130,56,25507,23645,3451,1630,20658,24564,44880,34146,0,0,15441,2554,7213,548,1271,57,142,0,0,377,63386,2199,6741,0,0,0,0,0
664,3406,665.2370759180235,99929,194,94,56,13,15710,7775,0.2350168619720001,139,59,25520,23696,3477,1636,20613,24501,44922,34198,0,0,15366,2534,7223,553,1282,57,152,0,0,411,63417,2184,6750,0,0,0,0,0
665,3406,666.3517237511596,99929,196,98,56,13,15745,7794,0.23555724564440753,151,66,25540,23731,3484,1637,20572,24454,44964,34250,0,0,15288,2519,7231,552,1294,57,159,0,0,441,63458,2177,6753,0,0,0,0,0
666,3406,667.0942409554065,99929,203,97,56,13,15775,7807,0.23598755116132453,150,58,25541,23752,3484,1639,20565,24440,45005,34301,0,0,15208,2509,7240,552,1299,57,168,0,0,464,63506,2166,6760,0,0,0,0,0
667,3406,668.2078126579846,99929,205,99,56,13,15811,7821,0.23648790641355363,160,62,25555,23806,3499,1639,20524,24380,45046,34351,0,0,15135,2494,7252,554,1305,57,170,0,0,500,63541,2159,6762,0,0,0,0,0
668,3406,669.3206069290027,99929,220,103,56,13,15862,7842,0.2372084179767635,166,71,25574,23861,3507,1638,20476,24313,45087,34401,0,0,15064,2478,7260,551,1319,57,176,0,0,532,63573,2149,6770,0,0,0,0,0
669,3406,670.0617525900831,99929,233,110,56,13,15897,7857,0.2377087732289926,171,76,25562,23865,3510,1639,20467,24296,45127,34450,0,0,14986,2466,7269,553,1325,57,183,0,0,547,63629,2141,6773,0,0,0,0,0
670,3406,671.1735805628026,99929,239,116,56,13,15953,7876,0.2384593061073362,176,84,25561,23903,3540,1641,20427,24242,45167,34499,0,0,14908,2452,7277,557,1333,58,195,0,0,583,63659,2127,6780,0,0,0,0,0
671,3406,672.285126605285,99929,246,119,56,13,15998,7894,0.23908975372514485,192,91,25572,23948,3546,1645,20387,24183,45206,34547,0,0,14833,2441,7284,558,1343,59,207,0,0,608,63695,2113,6788,0,0,0,0,0
672,3406,673.0256565023924,99928,250,124,57,13,16026,7911,0.23954247057881675,201,104,25562,23954,3551,1651,20378,24153,45245,34595,0,0,14759,2433,7289,557,1352,59,217,0,0,625,63741,2099,6797,0,0,0,0,0
673,3406,674.1364806157408,99928,262,137,57,13,16086,7947,0.24050316227683932,203,102,25583,23998,3584,1667,20310,24082,45284,34642,0,0,14675,2425,7293,559,1362,59,230,0,0,669,63767,2089,6800,0,0,0,0,0
674,3406,675.2460951941099,99928,268,144,57,13,16145,7972,0.24134376751260908,208,99,25598,24042,3612,1673,20256,24028,45322,34689,0,0,14597,2414,7302,562,1371,59,246,0,0,711,63787,2074,6805,0,0,0,0,0
675,3406,676.354970085206,99928,285,154,57,13,16203,8003,0.2422344087743175,224,101,25598,24079,3635,1683,20200,23969,45360,34735,0,0,14515,2404,7307,561,1382,59,261,0,0,747,63818,2067,6807,0,0,0,0,0
676,3406,677.0939454355238,99928,290,170,57,13,16244,8031,0.24292490593227123,228,95,25588,24084,3651,1688,20185,23949,45398,34781,0,0,14441,2391,7314,562,1392,59,271,0,0,774,63855,2059,6810,0,0,0,0,0
677,3406,678.2026693985224,99928,306,166,57,13,16308,8055,0.24380553998879193,235,116,25595,24109,3675,1705,20131,23890,45435,34826,0,0,14369,2379,7316,568,1401,61,280,0,0,822,63870,2046,6816,0,0,0,0,0
678,3406,679.3106790432518,99928,329,169,57,13,16389,8086,0.24492634696981827,238,126,25596,24133,3707,1725,20072,23833,45472,34871,0,0,14289,2367,7320,575,1415,61,297,0,0,867,63885,2032,6820,0,0,0,0,0
679,3406,680.0491016629749,99928,344,176,57,13,16438,8113,0.24568689456408616,250,123,25590,24150,3717,1739,20041,23798,45508,34915,0,0,14210,2360,7319,575,1426,63,309,0,0,894,63924,2027,6821,0,0,0,0,0
680,3406,681.1565058761922,99928,343,181,57,13,16503,8148,0.24668761508285966,255,146,25596,24175,3754,1759,19994,23725,45544,34959,0,0,14133,2343,7327,580,1436,64,328,0,0,954,63922,2017,6824,0,0,0,0,0
681,3406,682.263424075773,99927,358,192,57,14,16578,8186,0.24782090926376255,252,150,25584,24228,3790,1771,19958,23644,45580,35002,0,0,14052,2333,7331,583,1448,65,345,0,0,1006,63933,2009,6822,0,0,0,0,0
682,3406,683.0014141754876,99925,373,193,58,15,16623,8211,0.24852639479609706,274,151,25556,24238,3804,1787,19934,23615,45615,35045,0,0,13976,2324,7334,585,1455,65,356,0,0,1037,63964,2002,6827,0,0,0,0,0
683,3406,684.1090516163207,99925,375,209,58,15,16684,8254,0.24956717538153617,314,152,25573,24290,3831,1802,19848,23531,45650,35087,0,0,13895,2314,7333,590,1474,65,373,0,0,1082,63983,1994,6822,0,0,0,0,0
684,3406,685.2156843939608,99924,401,211,58,16,16765,8289,0.2507305552219687,329,170,25561,24310,3869,1829,19781,23463,45685,35129,0,0,13827,2301,7331,595,1497,66,381,0,0,1129,63994,1984,6819,0,0,0,0,0
685,3406,686.3218239685306,99924,418,229,58,16,16842,8341,0.2520215363676394,356,182,25550,24365,3901,1848,19716,23359,45719,35170,0,0,13757,2290,7332,599,1509,68,399,0,0,1185,63990,1968,6827,0,0,0,0,0
686,3406,687.0591811898547,99924,437,239,58,16,16894,8377,0.252902205676314,376,179,25531,24373,3919,1866,19678,23326,45753,35211,0,0,13692,2279,7333,603,1524,69,408,0,0,1214,64017,1956,6829,0,0,0,0,0
687,3406,688.1655734840722,99923,473,234,58,17,17004,8415,0.2543858771253866,383,188,25521,24424,3959,1899,19605,23237,45787,35252,0,0,13621,2268,7334,606,1538,71,423,0,0,1295,63991,1946,6830,0,0,0,0,0
688,3406,689.2718210442009,99923,508,249,58,17,17110,8462,0.2559170561332226,380,186,25515,24463,3992,1921,19546,23163,45820,35292,0,0,13541,2253,7342,606,1552,73,450,0,0,1352,63987,1940,6827,0,0,0,0,0
689,3406,690.0091653395884,99923,533,246,58,17,17183,8493,0.25695785755031375,379,191,25502,24478,4021,1947,19506,23120,45853,35332,0,0,13475,2246,7345,607,1559,74,461,0,0,1413,63981,1928,6834,0,0,0,0,0
690,3406,691.1155758995011,99923,565,276,58,17,17297,8564,0.258809283148024,422,173,25450,24509,4076,1971,19428,23053,45886,35371,0,0,13415,2223,7350,620,1579,74,471,0,0,1488,63952,1915,6836,0,0,0,0,0
691,3406,692.2229980574688,99923,587,286,58,17,17410,8616,0.26046055462706286,435,189,25441,24539,4131,1994,19347,22974,45919,35410,0,0,13342,2209,7354,626,1591,75,496,0,0,1577,63911,1900,6842,0,0,0,0,0
692,3406,693.3302468721257,99921,608,281,60,17,17528,8653,0.2620169934248056,465,223,25395,24564,4196,2027,19275,22887,45951,35448,0,0,13271,2196,7354,629,1613,76,517,0,0,1662,63873,1888,6842,0,0,0,0,0
693,3406,694.0688761038593,99921,626,283,60,17,17618,8684,0.26322795008056366,478,246,25359,24568,4245,2052,19231,22833,45983,35486,0,0,13206,2188,7348,636,1630,77,526,0,0,1727,63863,1875,6845,0,0,0,0,0
694,3406,695.1779760850842,99920,657,315,61,17,17740,8760,0.26521216973578865,498,250,25345,24593,4308,2083,19130,22741,46015,35524,0,0,13121,2175,7348,640,1649,78,556,0,0,1805,63838,1869,6841,0,0,0,0,0
695,3406,696.2871069942894,99918,691,340,63,17,17894,8838,0.2675393822934807,505,253,25331,24612,4392,2119,19017,22658,46046,35561,0,0,13034,2163,7341,650,1673,79,584,0,0,1908,63789,1861,6836,0,0,0,0,0
696,3406,697.0263348376345,99917,714,356,63,18,17985,8886,0.2689332145680915,530,258,25319,24611,4426,2139,18947,22617,46077,35598,0,0,12972,2153,7343,651,1694,80,594,0,0,1971,63775,1854,6830,0,0,0,0,0
697,3406,698.135242655582,99916,756,362,63,19,18145,8957,0.2712478481924817,524,258,25285,24655,4511,2187,18860,22518,46108,35634,0,0,12884,2137,7347,662,1714,81,632,0,0,2080,63714,1841,6824,0,0,0,0,0
698,3406,699.2447420698243,99914,785,357,64,20,18299,9025,0.2734751886622495,572,283,25228,24646,4600,2247,18750,22446,46139,35670,0,0,12800,2128,7340,671,1750,82,660,0,0,2197,63649,1829,6808,0,0,0,0,0
699,3406,700.3559190862865,99912,835,379,66,20,18465,9101,0.275902794459124,591,295,25172,24663,4687,2284,18648,22358,46169,35706,0,0,12726,2119,7333,679,1773,85,675,0,0,2311,63591,1821,6799,0,0,0,0,0
700,3406,701.0974399536748,99912,864,388,66,20,18586,9151,0.27761430058451436,610,308,25123,24665,4755,2316,18581,22302,46199,35741,0,0,12648,2113,7326,682,1797,87,702,0,0,2383,63568,1809,6797,0,0,0,0,0
701,3406,702.2112763089178,99911,897,411,67,20,18736,9237,0.27997918147150963,685,334,25058,24655,4821,2358,18471,22221,46229,35776,0,0,12573,2100,7325,682,1832,89,730,0,0,2489,63505,1801,6785,0,0,0,0,0
702,3406,703.326616835179,99910,913,433,67,21,18899,9327,0.2825142628365529,724,345,24982,24655,4931,2414,18382,22131,46258,35811,0,0,12495,2089,7320,690,1857,96,755,0,0,2626,63419,1790,6773,0,0,0,0,0
703,3406,704.0713185220374,99910,956,471,67,21,19041,9417,0.28483635271744573,724,326,24946,24630,4994,2460,18312,22091,46287,35845,0,0,12429,2085,7312,689,1888,97,773,0,0,2723,63367,1779,6768,0,0,0,0,0
704,3406,705.1897493743568,99910,1030,492,67,21,19262,9506,0.2879391452307076,764,363,24862,24598,5093,2513,18183,22012,46316,35879,0,0,12337,2079,7304,699,1915,98,809,0,0,2856,63285,1766,6762,0,0,0,0,0
705,3406,706.3097651753721,99910,1074,512,67,21,19465,9611,0.291021919727755,790,371,24786,24612,5211,2583,18071,21900,46345,35912,0,0,12236,2069,7295,709,1951,99,857,0,0,2998,63191,1756,6749,0,0,0,0,0
706,3406,707.0578148117366,99909,1121,525,68,21,19610,9688,0.2932468546377203,817,379,24710,24581,5280,2640,18003,21853,46373,35945,0,0,12165,2060,7283,714,1979,102,882,0,0,3090,63140,1744,6750,0,0,0,0,0
707,3406,708.1824493066143,99907,1159,539,70,21,19816,9790,0.29633559210065363,870,397,24635,24597,5399,2712,17866,21733,46401,35978,0,0,12087,2037,7276,732,2011,105,918,0,0,3247,63020,1729,6745,0,0,0,0,0
708,3406,709.3093475320522,99907,1173,574,70,21,20023,9899,0.29949853363628176,917,407,24556,24585,5554,2771,17729,21641,46429,36010,0,0,11999,2019,7268,743,2051,106,958,0,0,3414,62897,1721,6731,0,0,0,0,0
709,3406,710.0619781547094,99907,1234,578,70,21,20201,9977,0.3020609166524868,920,422,24478,24580,5632,2831,17665,21567,46457,36042,0,0,11931,2006,7262,750,2081,110,983,0,0,3533,62819,1710,6722,0,0,0,0,0
710,3406,711.1936326778934,99905,1280,579,72,21,20452,10073,0.3055402632500876,952,468,24386,24569,5773,2903,17536,21459,46484,36074,0,0,11843,1987,7243,761,2131,113,1025,0,0,3714,62674,1704,6710,0,0,0,0,0
711,3406,712.3285385242007,99903,1313,620,74,21,20704,10202,0.30936007927689857,1034,501,24266,24535,5937,2975,17375,21347,46511,36105,0,0,11729,1971,7222,775,2183,117,1092,0,0,3871,62557,1693,6693,0,0,0,0,0
712,3406,713.0871138336694,99903,1381,651,74,21,20907,10293,0.31230293384583047,1069,508,24162,24532,6032,3017,17281,21270,46538,36136,0,0,11649,1958,7216,785,2216,120,1123,0,0,3978,62491,1687,6680,0,0,0,0,0
713,3406,714.2287748437033,99902,1466,700,75,21,21220,10445,0.3169606214089808,1083,516,24024,24501,6203,3089,17148,21172,46565,36167,0,0,11547,1939,7200,804,2265,127,1175,0,0,4161,62348,1675,6661,0,0,0,0,0
714,3406,715.3753404981755,99900,1559,725,76,22,21545,10577,0.3215415415415415,1106,538,23894,24496,6369,3169,16995,21049,46591,36197,0,0,11450,1924,7190,816,2329,129,1231,0,0,4349,62188,1661,6633,0,0,0,0,0
715,3406,716.1422643701314,99900,1605,762,76,22,21762,10679,0.32473473473473474,1131,567,23795,24460,6489,3219,16903,20969,46617,36227,0,0,11362,1913,7176,834,2368,131,1266,0,0,4478,62102,1650,6620,0,0,0,0,0
716,3406,717.2962357919372,99899,1673,786,77,22,22096,10836,0.3296529494789738,1189,563,23669,24448,6669,3328,16722,20852,46643,36257,0,0,11255,1898,7159,858,2413,137,1324,0,0,4724,61896,1630,6605,0,0,0,0,0
717,3406,718.0679577854644,99898,1734,809,78,22,22346,10944,0.33323990470279685,1221,577,23532,24427,6822,3400,16612,20764,46669,36286,0,0,11155,1892,7147,865,2452,143,1375,0,0,4874,61783,1620,6592,0,0,0,0,0
718,3406,719.2313301007142,99896,1793,823,80,22,22711,11102,0.33848202130215427,1245,632,23370,24376,7061,3517,16450,20629,46694,36315,0,0,11051,1875,7135,888,2505,150,1435,0,0,5161,61528,1603,6565,0,0,0,0,0
719,3406,720.0105451031416,99896,1844,867,80,22,22938,11234,0.3420757587891407,1317,635,23249,24328,7182,3581,16327,20566,46719,36344,0,0,10963,1860,7120,901,2541,156,1480,0,0,5310,61415,1592,6558,0,0,0,0,0
720,3406,721.1843897859386,99895,1892,905,81,22,23316,11420,0.3477251113669353,1362,681,23084,24263,7431,3703,16149,20425,46744,36373,0,0,10847,1835,7096,923,2625,161,1550,0,0,5574,61179,1579,6526,0,0,0,0,0
721,3406,722.3647107879617,99894,1985,961,81,23,23758,11623,0.35418543656275653,1351,688,22924,24229,7712,3813,15946,20285,46769,36401,0,0,10724,1821,7065,945,2705,167,1618,0,0,5855,60925,1570,6499,0,0,0,0,0
722,3406,723.1553713998992,99892,2012,986,81,25,24016,11761,0.35815680935410243,1384,713,22807,24178,7891,3897,15824,20200,46794,36429,0,0,10634,1809,7052,952,2746,171,1663,0,0,6083,60729,1565,6488,0,0,0,0,0
723,3406,724.3471202941216,99889,2087,1016,83,26,24424,11965,0.36429436674708926,1448,753,22617,24122,8134,4030,15630,20052,46818,36457,0,0,10507,1789,7020,979,2838,175,1742,0,0,6357,60478,1551,6453,0,0,0,0,0
724,3406,725.1456690346776,99887,2131,1062,85,26,24692,12128,0.3686165366864557,1506,747,22500,24092,8287,4125,15490,19947,46842,36484,0,0,10430,1780,7000,990,2894,184,1774,0,0,6557,60302,1540,6436,0,0,0,0,0
725,3406,726.3492626665623,99886,2220,1082,86,26,25155,12332,0.37529783953707224,1558,801,22297,24016,8560,4281,15278,19793,46866,36511,0,0,10317,1755,6971,1026,2974,191,1838,0,0,6887,59995,1521,6411,0,0,0,0,0
726,3406,727.156008048693,99883,2271,1107,89,26,25461,12489,0.3799445351060741,1614,822,22137,23959,8745,4388,15143,19697,46890,36538,0,0,10211,1742,6953,1044,3039,196,1897,0,0,7096,59809,1509,6387,0,0,0,0,0
727,3406,728.3745874652911,99880,2325,1153,92,26,25944,12723,0.3871345614737685,1670,877,21933,23871,9049,4545,14930,19527,46914,36565,0,0,10093,1725,6918,1069,3140,210,1969,0,0,7439,59473,1490,6354,0,0,0,0,0
728,3406,729.192021484977,99880,2391,1229,92,26,26258,12915,0.3922006407689227,1719,870,21776,23824,9214,4635,14807,19415,46937,36591,0,0,10003,1708,6894,1096,3197,217,2012,0,0,7641,59300,1475,6337,0,0,0,0,0
729,3406,730.0136103970011,99876,2476,1263,95,27,26616,13093,0.3975830029236253,1738,908,21625,23746,9394,4752,14671,19303,46960,36617,0,0,9927,1693,6870,1106,3275,224,2057,0,0,7885,59068,1456,6315,0,0,0,0,0
730,3406,731.2541738387284,99876,2577,1313,95,27,27150,13357,0.40557291040890703,1705,916,21409,23664,9724,4926,14489,19153,46983,36643,0,0,9805,1675,6828,1128,3388,238,2135,0,0,8249,58717,1436,6277,0,0,0,0,0
731,3406,732.0871328008553,99875,2630,1354,95,28,27508,13552,0.4111138923654568,1738,925,21231,23595,9951,5050,14354,19047,47006,36668,0,0,9712,1658,6797,1159,3453,249,2179,0,0,8517,58473,1419,6259,0,0,0,0,0
732,3406,733.3467408317111,99874,2683,1412,96,28,28087,13855,0.41994913591124816,1782,957,21010,23492,10343,5245,14085,18865,47029,36693,0,0,9572,1635,6758,1194,3589,259,2275,0,0,8956,58038,1398,6200,0,0,0,0,0
733,3406,734.1930742264501,99872,2739,1435,98,28,28477,14039,0.42570490227491187,1835,989,20817,23423,10578,5371,13932,18753,47051,36718,0,0,9473,1615,6740,1218,3663,266,2334,0,0,9242,57764,1378,6179,0,0,0,0,0
734,3406,735.0454955154597,99872,2753,1479,98,28,28840,14254,0.43149231015700096,1871,1013,20631,23346,10825,5502,13821,18631,47073,36743,0,0,9366,1594,6702,1250,3751,276,2391,0,0,9522,57497,1365,6158,0,0,0,0,0
735,3406,736.3361163900461,99870,2872,1560,99,29,29479,14595,0.4413137078201662,1912,1041,20355,23252,11167,5705,13594,18412,47095,36767,0,0,9224,1573,6650,1287,3905,287,2481,0,0,9936,57080,1349,6098,0,0,0,0,0
736,3406,737.2044317516746,99868,2884,1579,101,29,29875,14810,0.4474406216205391,1906,1052,20194,23190,11446,5865,13468,18284,47117,36791,0,0,9115,1562,6626,1311,3992,305,2547,0,0,10268,56758,1331,6053,0,0,0,0,0
737,3406,738.0796017523692,99867,2942,1592,101,30,30298,15050,0.4540839316290667,1941,1056,20004,23111,11707,6036,13304,18174,47139,36815,0,0,9008,1546,6601,1328,4102,313,2610,0,0,10591,56426,1319,6023,0,0,0,0,0
738,3406,739.4051926373517,99866,2986,1638,101,31,30905,15393,0.4636012256423608,2027,1090,19744,23004,12066,6271,13075,17965,47160,36839,0,0,8879,1521,6551,1360,4271,329,2691,0,0,11052,55943,1301,5968,0,0,0,0,0
739,3406,740.2971002968981,99863,3068,1646,104,31,31366,15626,0.4705646736028359,2044,1135,19552,22918,12318,6440,12913,17829,47181,36863,0,0,8778,1503,6523,1381,4367,347,2749,0,0,11390,55600,1289,5936,0,0,0,0,0
740,3406,741.1963823888896,99862,3122,1722,105,31,31810,15910,0.47785944603552905,2060,1140,19384,22808,12573,6603,12755,17695,47202,36886,0,0,8671,1494,6467,1399,4507,356,2803,0,0,11687,55294,1280,5904,0,0,0,0,0
741,3406,742.1022494595848,99862,3214,1780,105,31,32278,16173,0.4851795477759308,2097,1156,19191,22714,12790,6748,12602,17570,47223,36909,0,0,8574,1483,6424,1414,4619,372,2858,0,0,12007,54976,1267,5868,0,0,0,0,0
742,3406,743.01507857866,99859,3260,1798,107,32,32761,16421,0.49251444536796884,2115,1193,19008,22623,13059,6928,12450,17425,47244,36932,0,0,8469,1468,6383,1428,4758,386,2918,0,0,12351,54612,1254,5832,0,0,0,0,0
743,3406,744.3983716970516,99855,3359,1846,109,34,33512,16825,0.5041009463722398,2130,1208,18752,22495,13474,7183,12175,17233,47264,36955,0,0,8308,1444,6321,1470,4954,404,3029,0,0,12864,54059,1225,5777,0,0,0,0,0
744,3406,745.3294521891198,99855,3450,1858,109,34,34007,17089,0.5117019678533874,2134,1257,18563,22397,13721,7382,12022,17071,47284,36977,0,0,8209,1424,6276,1500,5090,422,3077,0,0,13196,53714,1215,5732,0,0,0,0,0
745,3406,746.2684591392416,99846,3483,1891,118,34,34541,17382,0.5200308475051579,2172,1264,18331,22297,14062,7581,11833,16932,47304,36999,0,0,8080,1400,6231,1542,5243,443,3155,0,0,13547,53328,1195,5682,0,0,0,0,0
746,3406,747.2180910550312,99845,3540,1972,119,34,35075,17703,0.5285993289598878,2162,1249,18129,22198,14364,7755,11685,16791,47324,37021,0,0,7965,1384,6193,1582,5371,469,3214,0,0,13899,52953,1178,5637,0,0,0,0,0
747,3406,748.1768725294952,99841,3557,2026,122,35,35594,18010,0.5368936609208642,2203,1229,17925,22124,14665,7940,11527,16645,47344,37043,0,0,7850,1373,6139,1617,5524,494,3275,0,0,14260,52557,1162,5590,0,0,0,0,0
748,3406,749.1459491357276,99839,3550,2039,124,35,36100,18318,0.5450575426436562,2291,1189,17712,22055,14969,8173,11353,16508,47364,37064,0,0,7697,1358,6087,1656,5683,515,3374,0,0,14631,52149,1144,5545,0,0,0,0,0
749,3406,750.1256334982864,99837,3594,2044,125,36,36647,18593,0.5533018820677704,2340,1263,17501,21931,15266,8377,11173,16348,47383,37085,0,0,7587,1331,6056,1702,5817,542,3430,0,0,15007,51735,1129,5501,0,0,0,0,0
750,3406,751.1155496691996,99835,3664,2119,127,36,37228,18956,0.5627685681374267,2318,1237,17296,21818,15593,8583,11001,16206,47402,37106,0,0,7472,1316,6002,1721,5972,571,3499,0,0,15408,51303,1112,5459,0,0,0,0,0
751,3406,752.1163382701975,99833,3696,2122,128,37,37794,19255,0.5714443120010417,2397,1280,17056,21716,15897,8793,10825,16051,47421,37127,0,0,7345,1299,5955,1758,6122,604,3568,0,0,15798,50872,1094,5418,0,0,0,0,0
752,3406,753.1284871122093,99828,3737,2121,132,38,38407,19588,0.5809492326802099,2357,1264,16852,21610,16244,9054,10677,15912,47440,37148,0,0,7212,1279,5906,1795,6292,633,3650,0,0,16240,50373,1078,5370,0,0,0,0,0
753,3406,754.1533403488563,99824,3786,2079,135,39,39013,19872,0.5898882032376983,2341,1334,16665,21478,16579,9304,10493,15765,47459,37168,0,0,7093,1261,5860,1822,6469,667,3717,0,0,16661,49900,1064,5310,0,0,0,0,0
754,3406,755.1895420869348,99823,3831,2105,136,39,39589,20213,0.5990803722588982,2405,1338,16443,21377,16874,9526,10310,15614,47478,37188,0,0,6970,1224,5831,1864,6622,693,3799,0,0,17059,49441,1045,5275,0,0,0,0,0
755,3406,756.2191763490047,99818,3915,2149,139,41,40229,20555,0.6089482858803021,2380,1354,16253,21270,17188,9736,10124,15449,47497,37208,0,0,6842,1214,5785,1896,6793,718,3869,0,0,17461,48981,1029,5230,0,0,0,0,0
756,3406,757.2284293524858,99817,3948,2171,139,42,40774,20896,0.617830630052997,2379,1335,16102,21177,17472,9958,9959,15316,47515,37228,0,0,6726,1198,5745,1927,6986,735,3934,0,0,17828,48543,1010,5185,0,0,0,0,0
757,3406,758.2206386896908,99814,3942,2224,142,42,41347,21237,0.6270062315907589,2400,1345,15912,21072,17809,10154,9794,15162,47533,37248,0,0,6600,1170,5700,1978,7165,770,4006,0,0,18179,48118,987,5141,0,0,0,0,0
758,3406,759.1937969130299,99813,3992,2257,142,43,41945,21562,0.636259805836915,2348,1343,15742,20977,18118,10364,9657,15015,47551,37267,0,0,6497,1158,5664,2017,7336,813,4039,0,0,18534,47699,974,5082,0,0,0,0,0
759,3406,760.1490788884756,99811,3980,2302,144,43,42482,21891,0.6449489535221569,2391,1361,15556,20855,18416,10574,9512,14864,47569,37286,0,0,6393,1142,5615,2048,7525,849,4096,0,0,18869,47279,952,5043,0,0,0,0,0
760,3406,761.0886793400316,99810,4022,2294,144,44,43063,22188,0.6537521290451859,2357,1377,15402,20754,18682,10787,9392,14743,47587,37305,0,0,6281,1116,5576,2084,7679,893,4165,0,0,19240,46839,935,5002,0,0,0,0,0
761,3406,762.0143226469927,99805,4065,2318,147,46,43606,22530,0.662652171734883,2352,1318,15247,20678,18939,11004,9249,14635,47605,37324,0,0,6187,1102,5525,2119,7873,926,4208,0,0,19572,46425,919,4949,0,0,0,0,0
762,3406,763.3786236748734,99803,4114,2322,147,48,44404,22978,0.675150045589812,2369,1342,14962,20537,19345,11311,9062,14439,47622,37343,0,0,6051,1080,5453,2162,8107,995,4275,0,0,20082,45810,905,4883,0,0,0,0,0
763,3406,764.2712156585116,99803,4140,2299,147,48,44938,23259,0.6833161327815798,2363,1366,14830,20442,19605,11549,8914,14295,47639,37362,0,0,5938,1058,5423,2203,8264,1039,4335,0,0,20407,45407,893,4836,0,0,0,0,0
764,3406,765.1513754221094,99801,4128,2355,149,48,45470,23571,0.6917866554443343,2346,1355,14695,20368,19900,11689,8781,14184,47656,37380,0,0,5829,1040,5377,2235,8453,1079,4390,0,0,20693,45038,881,4786,0,0,0,0,0
765,3406,766.0184937984471,99800,4140,2392,150,48,45983,23851,0.6997394789579159,2308,1371,14566,20286,20178,11842,8657,14060,47673,37398,0,0,5737,1026,5340,2267,8595,1121,4430,0,0,21009,44660,866,4749,0,0,0,0,0
766,3406,767.2974913079305,99797,4181,2387,152,49,46738,24281,0.7116346182750984,2289,1394,14371,20180,20510,12133,8496,13856,47690,37416,0,0,5602,1011,5276,2312,8842,1172,4492,0,0,21482,44065,852,4691,0,0,0,0,0
767,3406,768.1380254801514,99795,4151,2361,154,49,47169,24555,0.7187133623929055,2374,1404,14203,20095,20765,12348,8352,13742,47707,37434,0,0,5519,990,5231,2342,9008,1212,4522,0,0,21780,43686,841,4664,0,0,0,0,0
768,3406,769.3798936143829,99793,4124,2372,156,49,47892,25006,0.7304921186856793,2427,1388,13999,19962,21125,12653,8168,13575,47724,37452,0,0,5391,965,5164,2396,9286,1278,4568,0,0,22202,43124,827,4592,0,0,0,0,0
769,3406,770.1949998715913,99790,4176,2378,156,52,48413,25308,0.7387613989377693,2346,1348,13903,19902,21346,12846,8072,13473,47741,37469,0,0,5301,949,5116,2424,9490,1313,4609,0,0,22448,42769,814,4557,0,0,0,0,0
770,3406,771.0019505772337,99790,4120,2366,156,52,48845,25575,0.7457661088285399,2373,1340,13794,19809,21589,13045,7967,13387,47757,37486,0,0,5219,938,5061,2455,9644,1370,4641,0,0,22726,42401,799,4536,0,0,0,0,0
771,3406,772.1969600215037,99788,4135,2363,158,52,49571,26016,0.7574758487994548,2299,1302,13633,19706,21967,13332,7807,13244,47773,37503,0,0,5106,917,5004,2491,9891,1444,4682,0,0,23153,41834,787,4479,0,0,0,0,0
772,3406,773.3725526121412,99788,4125,2335,158,52,50242,26387,0.7679179861305969,2336,1304,13434,19604,22289,13612,7657,13092,47789,37520,0,0,4996,895,4959,2529,10129,1520,4729,0,0,23508,41333,765,4425,0,0,0,0,0
773,3406,774.1464340414867,99786,4166,2317,159,53,50711,26650,0.7752690758222597,2306,1296,13325,19551,22481,13792,7562,12990,47805,37537,0,0,4925,882,4915,2560,10290,1562,4751,0,0,23768,40987,752,4394,0,0,0,0,0
774,3406,775.2945505996988,99785,4150,2337,159,54,51353,27005,0.7852683269028411,2275,1312,13199,19470,22787,13978,7429,12848,47821,37554,0,0,4829,864,4857,2601,10560,1618,4787,0,0,24056,40542,736,4335,0,0,0,0,0
775,3406,776.0517613621918,99782,4165,2341,162,54,51792,27260,0.7922470986751118,2259,1295,13086,19418,22979,14140,7348,12751,47837,37570,0,0,4742,854,4828,2622,10707,1658,4829,0,0,24289,40221,722,4310,0,0,0,0,0
776,3406,777.1752939935757,99778,4189,2323,164,56,52433,27631,0.8024213754535068,2221,1309,12929,19305,23277,14398,7219,12608,47853,37586,0,0,4639,834,4774,2654,10958,1730,4879,0,0,24574,39776,704,4256,0,0,0,0,0
777,3406,778.2847196167231,99777,4158,2325,165,56,53047,27986,0.8121410745963499,2197,1339,12806,19178,23585,14618,7088,12483,47868,37602,0,0,4549,817,4724,2699,11207,1800,4893,0,0,24862,39335,694,4197,0,0,0,0,0
778,3406,779.0166959427098,99773,4156,2341,168,57,53466,28228,0.818798672987682,2144,1334,12736,19120,23780,14742,7015,12405,47883,37618,0,0,4477,806,4687,2719,11354,1848,4918,0,0,25071,39046,685,4162,0,0,0,0,0
779,3406,780.1039106784059,99771,4103,2317,169,58,54078,28569,0.8283669603391767,2103,1337,12631,19041,24081,14970,6912,12276,47898,37634,0,0,4371,788,4633,2744,11583,1931,4971,0,0,25381,38577,669,4123,0,0,0,0,0
780,3406,781.1788958067358,99768,4064,2372,172,58,54666,28936,0.8379640766578462,2050,1324,12535,18971,24392,15120,6786,12154,47913,37650,0,0,4274,773,4589,2780,11815,1999,5010,0,0,25624,38168,655,4081,0,0,0,0,0
781,3406,782.2409814852804,99765,3969,2336,173,60,55198,29283,0.8467999799528892,2092,1301,12420,18910,24679,15361,6666,12031,47928,37666,0,0,4191,754,4537,2818,12064,2075,5033,0,0,25912,37716,635,4030,0,0,0,0,0
782,3406,783.2920010300056,99762,3947,2290,175,61,55782,29601,0.8558669633728273,2065,1287,12312,18831,24947,15614,6553,11916,47943,37681,0,0,4104,734,4489,2851,12306,2141,5067,0,0,26184,37275,619,3992,0,0,0,0,0
783,3406,784.3330066071426,99758,3898,2289,178,62,56304,29940,0.8645321678461878,2063,1252,12217,18764,25191,15820,6452,11812,47958,37696,0,0,4032,723,4447,2884,12542,2200,5068,0,0,26447,36858,607,3950,0,0,0,0,0
784,3406,785.02188150173,99758,3878,2272,178,62,56635,30147,0.8699252190300527,2029,1240,12175,18728,25344,15953,6395,11744,47973,37711,0,0,3992,716,4418,2895,12680,2260,5065,0,0,26585,36608,601,3938,0,0,0,0,0
785,3406,786.0478910707297,99757,3832,2256,179,62,57146,30463,0.8782240845253967,2019,1212,12080,18680,25587,16161,6302,11628,47988,37726,0,0,3917,707,4380,2924,12917,2326,5079,0,0,26797,36221,589,3900,0,0,0,0,0
786,3406,787.0647494359771,99756,3791,2262,180,62,57665,30787,0.8866835077589318,1950,1186,12037,18621,25836,16335,6205,11533,48002,37741,0,0,3838,694,4336,2959,13126,2395,5092,0,0,27049,35838,575,3854,0,0,0,0,0
787,3406,788.0736457735788,99755,3696,2232,180,63,58116,31088,0.8942308656207709,1972,1160,11981,18587,26064,16527,6106,11430,48016,37756,0,0,3777,682,4276,2994,13378,2462,5084,0,0,27240,35482,560,3820,0,0,0,0,0
788,3406,789.0753119674714,99754,3688,2160,181,63,58639,31356,0.9021693365679572,1935,1164,11930,18526,26259,16751,6006,11335,48030,37771,0,0,3714,661,4246,3034,13580,2532,5079,0,0,27483,35093,551,3781,0,0,0,0,0
789,3406,790.0703467515707,99753,3665,2143,181,64,59117,31632,0.9097370505147715,1896,1130,11876,18501,26463,16917,5918,11244,48044,37785,0,0,3642,654,4199,3057,13763,2606,5097,0,0,27695,34753,539,3748,0,0,0,0,0
790,3406,791.0590047722802,99753,3625,2101,181,64,59550,31903,0.9167944823714576,1917,1121,11827,18479,26609,17085,5840,11149,48058,37799,0,0,3570,644,4167,3097,13952,2669,5107,0,0,27899,34419,526,3703,0,0,0,0,0
791,3406,792.0429405633863,99749,3549,2128,182,67,59996,32182,0.9240994897191952,1888,1090,11793,18435,26816,17218,5771,11061,48072,37813,0,0,3507,635,4138,3110,14148,2747,5107,0,0,28039,34123,516,3679,0,0,0,0,0
792,3406,793.0204202394976,99746,3531,2096,184,68,60472,32437,0.9314558979808714,1884,1083,11716,18387,26985,17376,5699,10989,48086,37827,0,0,3444,623,4093,3128,14335,2825,5115,0,0,28241,33800,511,3631,0,0,0,0,0
793,3406,794.3144319817709,99745,3466,2041,184,69,61087,32763,0.940899293197654,1801,1079,11681,18338,27261,17571,5606,10901,48100,37841,0,0,3365,611,4047,3159,14600,2940,5116,0,0,28433,33401,500,3573,0,0,0,0,0
794,3406,795.278550078821,99744,3397,2024,184,70,61472,33003,0.9471747674045556,1829,1095,11668,18306,27396,17706,5525,10798,48114,37855,0,0,3304,602,4022,3176,14783,3011,5120,0,0,28564,33127,494,3541,0,0,0,0,0
795,3406,796.2383646239468,99741,3372,2006,185,72,61910,33274,0.9543116672180949,1791,1053,11636,18312,27557,17849,5458,10707,48127,37869,0,0,3247,589,3989,3198,14949,3088,5123,0,0,28750,32807,488,3513,0,0,0,0,0
796,3406,797.1937174018145,99741,3333,1985,185,72,62323,33541,0.9611293249516247,1770,1025,11590,18287,27721,18011,5400,10619,48140,37883,0,0,3205,581,3954,3230,15136,3172,5106,0,0,28885,32516,481,3475,0,0,0,0,0
797,3406,798.1442682547481,99739,3309,1960,187,72,62751,33775,0.9677859212544742,1694,1039,11574,18259,27899,18140,5336,10529,48153,37896,0,0,3157,575,3912,3246,15343,3239,5091,0,0,29007,32248,478,3443,0,0,0,0,0
798,3406,799.0900985893261,99738,3238,1956,188,72,63120,34018,0.9739317010567687,1695,1022,11557,18236,28045,18262,5276,10451,48166,37909,0,0,3108,566,3878,3263,15516,3307,5092,0,0,29149,31970,469,3420,0,0,0,0,0
799,3406,800.0317465905721,99737,3207,1971,188,73,63515,34273,0.9804586061341327,1699,1019,11514,18200,28174,18365,5217,10371,48179,37922,0,0,3051,562,3855,3279,15685,3374,5097,0,0,29271,31707,461,3395,0,0,0,0,0
800,3406,801.2806462787189,99732,3144,1914,190,76,64039,34562,0.9886596077487667,1622,1031,11479,18185,28406,18538,5158,10255,48192,37935,0,0,2981,552,3815,3298,15913,3470,5104,0,0,29440,31337,450,3372,0,0,0,0,0
801,3406,802.2124855046536,99730,3099,1895,191,77,64408,34797,0.9947357866238845,1609,1003,11447,18163,28555,18668,5098,10193,48205,37948,0,0,2932,550,3785,3297,16086,3541,5106,0,0,29571,31071,447,3344,0,0,0,0,0
802,3406,803.1406171287051,99729,3048,1889,192,77,64780,35031,1.0008222282385264,1606,981,11423,18133,28691,18783,5039,10136,48218,37961,0,0,2886,541,3757,3327,16260,3611,5088,0,0,29677,30826,444,3312,0,0,0,0,0
803,3406,804.064854043662,99728,3010,1857,193,77,65132,35266,1.0067182737044762,1574,962,11407,18130,28821,18910,4994,10063,48231,37974,0,0,2852,531,3734,3322,16427,3688,5080,0,0,29796,30565,441,3292,0,0,0,0,0
804,3406,805.2922428913912,99727,2968,1889,194,77,65583,35600,1.0145998576112787,1536,878,11401,18110,28970,19080,4930,9965,48244,37987,0,0,2800,524,3698,3334,16625,3780,5074,0,0,29933,30259,440,3260,0,0,0,0,0
805,3406,806.2100061860352,99724,2922,1885,197,77,65924,35816,1.0202157955958446,1515,862,11378,18110,29097,19178,4890,9887,48256,37999,0,0,2754,517,3678,3338,16796,3843,5079,0,0,30007,30048,429,3235,0,0,0,0,0
806,3406,807.1246328966066,99723,2844,1843,198,77,66246,36016,1.0254605256560674,1505,859,11362,18092,29238,19298,4852,9830,48268,38011,0,0,2703,511,3649,3350,16976,3910,5078,0,0,30104,29815,426,3201,0,0,0,0,0
807,3406,808.0360631294758,99723,2796,1797,198,77,66594,36211,1.0309056085356438,1442,859,11372,18091,29374,19406,4817,9769,48280,38023,0,0,2658,501,3621,3364,17157,3983,5079,0,0,30169,29602,418,3171,0,0,0,0,0
808,3406,809.247324974448,99722,2752,1745,198,78,67040,36467,1.0379555163354124,1379,830,11405,18105,29509,19568,4756,9673,48292,38035,0,0,2619,497,3598,3367,17369,4077,5066,0,0,30288,29295,411,3135,0,0,0,0,0
809,3406,810.1534204746612,99720,2737,1678,199,79,67357,36645,1.0429402326514239,1382,828,11381,18108,29582,19695,4718,9611,48304,38047,0,0,2590,492,3567,3372,17531,4141,5058,0,0,30378,29073,406,3112,0,0,0,0,0
810,3406,811.0577149207245,99718,2676,1632,200,80,67632,36822,1.047493932890752,1371,847,11396,18098,29670,19788,4686,9554,48316,38059,0,0,2564,489,3546,3376,17670,4211,5039,0,0,30473,28858,400,3092,0,0,0,0,0
811,3406,812.2604054434319,99716,2629,1572,201,81,68038,37055,1.053923141722492,1323,855,11390,18111,29823,19920,4633,9460,48328,38071,0,0,2526,477,3512,3401,17865,4297,5022,0,0,30584,28580,394,3058,0,0,0,0,0
812,3406,813.1598951615222,99716,2606,1541,201,81,68350,37257,1.0590777808977496,1283,833,11415,18103,29901,20047,4593,9394,48340,38083,0,0,2503,465,3494,3414,18014,4365,5005,0,0,30670,28361,389,3036,0,0,0,0,0
813,3406,814.057650866556,99715,2553,1533,201,82,68647,37450,1.0640024068595497,1287,816,11410,18120,29991,20115,4557,9333,48352,38095,0,0,2469,461,3473,3417,18135,4448,4989,0,0,30749,28171,385,3018,0,0,0,0,0
814,3406,815.252407591848,99714,2515,1501,202,82,69021,37675,1.0700202579377018,1222,814,11443,18126,30101,20223,4516,9253,48364,38107,0,0,2439,459,3439,3422,18309,4543,4968,0,0,30819,27936,382,2998,0,0,0,0,0
815,3406,816.1463955661585,99713,2440,1503,203,82,69287,37870,1.0746542577196554,1207,776,11456,18152,30208,20290,4485,9196,48376,38118,0,0,2401,456,3412,3429,18436,4614,4963,0,0,30904,27743,379,2976,0,0,0,0,0
816,3406,817.0385663924741,99712,2417,1491,204,82,69567,38047,1.0792482349165597,1166,764,11469,18152,30288,20369,4455,9141,48387,38129,0,0,2370,448,3399,3441,18572,4675,4953,0,0,30939,27584,373,2958,0,0,0,0,0
817,3406,818.225886812996,99707,2337,1432,207,84,69911,38260,1.0848887239612064,1153,750,11531,18172,30371,20479,4400,9082,48398,38140,0,0,2340,443,3372,3456,18770,4763,4926,0,0,30985,27351,369,2932,0,0,0,0,0
818,3406,819.1152061863984,99704,2289,1375,210,84,70152,38412,1.0888630345823638,1130,735,11558,18173,30443,20587,4369,9045,48409,38151,0,0,2305,438,3351,3472,18880,4833,4922,0,0,31050,27172,364,2917,0,0,0,0,0
819,3406,820.0037196537253,99703,2251,1354,211,84,70391,38556,1.09271536463296,1116,757,11590,18174,30493,20631,4338,8999,48420,38162,0,0,2282,433,3335,3487,18962,4906,4905,0,0,31114,27017,359,2903,0,0,0,0,0
820,3406,821.1870043514929,99701,2226,1344,212,85,70761,38765,1.098544648499012,1071,734,11583,18196,30602,20708,4305,8932,48431,38173,0,0,2256,424,3306,3517,19131,4995,4875,0,0,31124,26834,350,2889,0,0,0,0,0
821,3406,822.0725045552136,99701,2210,1349,212,85,71007,38936,1.1027271541910313,1024,689,11597,18222,30673,20763,4283,8891,48442,38184,0,0,2229,421,3288,3531,19242,5050,4854,0,0,31167,26693,348,2878,0,0,0,0,0
822,3406,823.2512512977165,99698,2169,1295,214,86,71329,39125,1.1078858151617885,1004,663,11638,18247,30749,20866,4225,8842,48453,38195,0,0,2194,420,3264,3522,19411,5136,4850,0,0,31207,26493,344,2857,0,0,0,0,0
823,3406,824.1341347940546,99697,2159,1281,215,86,71573,39274,1.111838871781498,981,655,11646,18269,30788,20918,4210,8790,48464,38206,0,0,2169,416,3246,3524,19507,5207,4842,0,0,31227,26369,338,2852,0,0,0,0,0
824,3406,825.0165756536627,99697,2171,1268,215,86,71819,39422,1.1157908462641806,980,624,11654,18295,30791,20973,4188,8753,48475,38217,0,0,2148,409,3239,3527,19584,5267,4835,0,0,31286,26220,336,2846,0,0,0,0,0
825,3406,826.192568158072,99696,2081,1227,215,87,72091,39595,1.1202656074466377,989,640,11693,18327,30870,21024,4151,8694,48486,38227,0,0,2113,401,3215,3537,19741,5340,4827,0,0,31333,26032,332,2825,0,0,0,0,0
826,3406,827.0735882988422,99695,2042,1176,216,87,72303,39723,1.1236872461006069,985,637,11732,18367,30894,21089,4130,8643,48497,38237,0,0,2090,401,3203,3543,19868,5396,4811,0,0,31349,25898,328,2808,0,0,0,0,0
827,3406,828.2484120263686,99695,1996,1151,216,87,72594,39903,1.1284116555494257,956,610,11789,18414,30946,21150,4096,8587,48508,38247,0,0,2055,396,3183,3546,20008,5476,4805,0,0,31379,25733,325,2789,0,0,0,0,0
828,3406,829.1293053169015,99692,1952,1146,219,87,72781,40034,1.131635437146411,976,585,11837,18434,30949,21188,4066,8559,48519,38257,0,0,2029,396,3168,3539,20088,5540,4804,0,0,31402,25620,323,2783,0,0,0,0,0
829,3406,830.010585550324,99692,1916,1118,219,87,72993,40161,1.1350359106046624,945,579,11885,18450,30983,21245,4051,8520,48529,38267,0,0,2008,393,3155,3556,20181,5598,4787,0,0,31442,25480,319,2773,0,0,0,0,0
830,3406,831.1852582051765,99691,1830,1110,220,87,73249,40344,1.1394509032911697,943,555,11941,18482,31051,21285,4014,8480,48539,38277,0,0,1977,390,3135,3557,20286,5693,4770,0,0,31490,25317,316,2760,0,0,0,0,0
831,3406,832.0656479691586,99689,1807,1117,221,88,73456,40478,1.1428944015889415,938,534,11981,18526,31061,21281,3991,8453,48549,38287,0,0,1960,384,3118,3559,20367,5756,4759,0,0,31511,25212,315,2748,0,0,0,0,0
832,3406,833.2394173963681,99688,1767,1111,222,88,73715,40658,1.1473096059706283,926,504,12051,18552,31079,21340,3954,8404,48559,38297,0,0,1933,383,3105,3559,20491,5832,4747,0,0,31540,25063,308,2727,0,0,0,0,0
833,3406,834.1200378191702,99685,1750,1079,223,90,73919,40766,1.1504739930781964,900,510,12124,18580,31081,21378,3921,8362,48569,38307,0,0,1915,380,3092,3551,20585,5894,4734,0,0,31559,24961,308,2706,0,0,0,0,0
834,3406,835.0010731294342,99685,1720,1063,223,90,74099,40878,1.1534032201434519,901,517,12179,18606,31075,21406,3901,8317,48579,38317,0,0,1900,376,3082,3560,20654,5953,4719,0,0,31589,24856,303,2693,0,0,0,0,0
835,3406,836.1761652600335,99684,1666,1033,223,91,74334,41036,1.1573572489065447,886,489,12213,18630,31134,21486,3877,8270,48589,38327,0,0,1875,371,3065,3566,20770,6038,4709,0,0,31587,24724,299,2680,0,0,0,0,0
836,3406,837.0569936939074,99684,1628,1050,223,91,74523,41161,1.160507202760724,845,465,12241,18660,31205,21501,3857,8232,48599,38337,0,0,1855,366,3052,3571,20835,6104,4694,0,0,31603,24635,298,2671,0,0,0,0,0
837,3406,838.2302530456795,99684,1639,1015,223,91,74782,41286,1.1643593756269812,778,478,12306,18719,31214,21519,3839,8177,48609,38346,0,0,1835,364,3039,3578,20934,6171,4676,0,0,31614,24519,295,2659,0,0,0,0,0
838,3406,839.1105038889058,99683,1633,966,223,92,74982,41378,1.1673003420844075,748,474,12339,18754,31241,21573,3815,8140,48619,38355,0,0,1820,364,3024,3569,21027,6221,4660,0,0,31653,24407,294,2644,0,0,0,0,0
839,3406,840.2842572053189,99682,1572,945,223,93,75193,41505,1.1707028350153488,743,473,12413,18797,31257,21591,3791,8100,48629,38364,1,1,1799,361,3011,3571,21106,6309,4648,0,0,31666,24289,291,2630,0,1,0,0,0
840,3406,841.1648604065273,99682,1575,915,223,93,75364,41606,1.1734315122088241,724,467,12488,18841,31226,21619,3763,8064,48639,38373,2,2,1780,360,2998,3575,21192,6348,4632,0,0,31679,24203,290,2622,1,1,0,0,1
841,3406,842.0463935112186,99680,1526,915,224,94,75513,41710,1.1759931781701445,712,447,12533,18898,31250,21614,3754,8031,48649,38382,3,3,1763,360,2986,3580,21285,6389,4622,0,0,31681,24116,285,2609,1,2,0,0,1
842,3406,843.2224035999749,99680,1518,912,224,94,75727,41857,1.1796147672552166,688,398,12586,18958,31249,21645,3734,7992,48659,38391,4,4,1744,354,2976,3574,21363,6459,4617,0,0,31707,23998,283,2600,1,2,0,0,2
843,3406,844.104986221279,99679,1486,876,224,95,75887,41947,1.18213465223367,673,385,12647,19014,31241,21663,3728,7966,48668,38400,6,5,1732,352,2964,3570,21433,6518,4597,0,0,31720,23909,282,2595,1,2,1,0,3
844,3406,845.2830255927496,99679,1429,846,224,95,76077,42049,1.1850640556185355,672,400,12735,19059,31227,21663,3712,7936,48677,38409,9,6,1713,349,2946,3565,21535,6581,4590,0,0,31727,23799,281,2583,1,4,2,0,3
845,3406,846.1675165966941,99678,1397,825,225,95,76230,42135,1.1874736652019502,648,395,12792,19091,31232,21681,3705,7912,48686,38418,13,7,1700,347,2936,3572,21601,6638,4571,0,0,31726,23725,276,2572,1,8,2,0,3
846,3406,847.0526539923962,99676,1350,805,226,96,76382,42217,1.189845098117902,616,398,12877,19127,31238,21682,3692,7891,48695,38427,18,8,1690,345,2923,3572,21666,6697,4554,0,0,31729,23640,273,2569,1,11,2,0,4
847,3406,848.233963144792,99675,1292,819,227,96,76564,42352,1.193037371457236,605,371,12961,19190,31247,21677,3667,7846,48704,38436,25,9,1670,343,2909,3563,21745,6766,4550,0,0,31742,23531,271,2559,1,14,3,0,8
848,3406,849.1203121130112,99675,1272,792,227,96,76711,42432,1.19531477301229,576,374,12999,19235,31268,21671,3657,7831,48713,38445,33,10,1656,339,2902,3566,21804,6820,4537,0,0,31744,23454,269,2551,1,18,3,0,11
849,3406,850.0069079658972,99674,1262,784,227,97,76858,42525,1.1977346148443928,558,357,13042,19288,31258,21675,3652,7798,48722,38454,43,11,1649,338,2895,3561,21846,6884,4520,0,0,31751,23383,267,2540,1,23,3,0,13
850,3406,851.1898715336937,99674,1225,763,227,97,77037,42629,1.2005738708188696,559,349,13141,19328,31231,21688,3616,7774,48731,38462,55,12,1636,337,2881,3573,21915,6951,4494,0,0,31764,23285,265,2523,1,28,3,0,18
851,3406,852.0781938195883,99674,1221,738,227,97,77175,42699,1.2026606737965768,543,369,13195,19378,31210,21666,3603,7751,48740,38470,69,13,1628,336,2875,3572,21969,6994,4478,0,0,31773,23207,264,2515,1,38,3,0,21
852,3406,853.2639382423224,99674,1197,719,227,97,77353,42804,1.2054999297710536,503,373,13280,19424,31206,21654,3586,7732,48749,38478,85,14,1618,334,2868,3569,22034,7058,4458,0,0,31790,23103,264,2500,3,49,3,0,23
853,3406,854.1539846826331,99673,1156,701,227,98,77480,42885,1.2075988482337243,492,365,13331,19457,31216,21659,3577,7719,48758,38486,104,15,1609,331,2860,3571,22078,7120,4440,0,0,31787,23028,264,2489,6,59,3,0,28
854,3406,855.0445512235639,99673,1123,672,227,98,77596,42967,1.2095853440751256,460,348,13419,19486,31210,21680,3560,7715,48767,38494,125,17,1601,330,2850,3572,22098,7191,4427,0,0,31797,22945,261,2485,6,66,5,0,39
855,3406,856.2336275741513,99672,1087,642,227,99,77736,43056,1.2118950156513364,474,347,13497,19549,31177,21662,3537,7700,48776,38502,149,19,1592,328,2843,3572,22129,7271,4414,0,0,31799,22861,259,2474,6,77,5,0,42
856,3406,857.126617954328,99672,1080,631,227,99,77851,43130,1.2137912352516254,457,338,13570,19610,31131,21634,3534,7687,48785,38510,176,21,1582,325,2835,3568,22176,7316,4405,0,0,31785,22805,258,2466,7,91,6,0,47
857,3406,858.0212707546118,99672,1034,614,227,99,77950,43210,1.215587125772534,471,331,13610,19634,31135,21631,3522,7690,48794,38518,206,23,1572,322,2828,3574,22228,7364,4388,0,0,31777,22727,257,2457,8,102,8,0,60
858,3406,859.2149570759136,99672,990,616,227,99,78095,43316,1.218105385664981,467,297,13689,19718,31125,21599,3501,7670,48803,38526,239,26,1556,318,2816,3563,22294,7428,4385,0,0,31751,22650,254,2451,10,118,9,0,69
859,3406,860.1109709245783,99671,978,607,228,99,78221,43391,1.2201342416550451,452,282,13735,19758,31118,21579,3488,7674,48811,38534,276,29,1545,317,2805,3560,22320,7489,4377,0,0,31739,22585,252,2446,11,134,10,0,81
860,3406,861.0076995802735,99671,962,586,228,99,78319,43448,1.22168935798778,437,296,13796,19775,31089,21560,3487,7683,48819,38542,317,32,1535,316,2798,3561,22347,7535,4368,0,0,31749,22506,250,2435,13,144,11,0,103
861,3406,862.2049371308407,99668,928,583,229,101,78459,43539,1.2240438255006623,423,294,13854,19827,31082,21503,3483,7691,48827,38550,361,36,1518,313,2784,3570,22398,7593,4356,0,0,31714,22438,247,2428,16,165,14,0,114
862,3406,863.1034541205872,99668,899,573,229,101,78564,43598,1.225689288437613,412,299,13920,19853,31062,21463,3477,7710,48835,38558,409,40,1510,311,2777,3569,22443,7640,4343,0,0,31696,22368,246,2416,18,182,16,0,133
863,3406,864.0030625460696,99668,879,559,229,101,78660,43657,1.2272444515792431,410,282,13991,19901,31019,21423,3471,7733,48843,38566,462,45,1501,310,2772,3564,22455,7696,4337,0,0,31692,22296,244,2408,19,205,17,0,152
864,3406,865.2048594519239,99667,844,531,230,101,78779,43728,1.2291631131668457,416,287,14075,19955,30979,21387,3455,7738,48851,38574,519,50,1492,310,2762,3568,22504,7762,4321,0,0,31660,22210,243,2398,21,224,18,0,174
865,3406,866.1076965215933,99666,827,510,231,101,78864,43778,1.2305299701001344,407,284,14149,19992,30928,21344,3457,7768,48859,38582,580,56,1481,306,2756,3578,22523,7808,4309,0,0,31634,22150,242,2393,21,256,19,0,190
866,3406,867.0122137961422,99666,820,523,231,101,78966,43863,1.2324062368310156,395,264,14195,20018,30907,21301,3451,7792,48867,38589,646,62,1469,306,2748,3575,22562,7850,4302,0,0,31607,22082,241,2383,22,284,21,0,214
867,3406,868.2197955218539,99665,817,530,232,101,79108,43956,1.2347765012792855,351,233,14276,20057,30880,21259,3443,7819,48875,38596,716,69,1462,304,2740,3581,22606,7902,4285,0,0,31570,21995,241,2374,25,313,24,0,243
868,3406,869.1267626393441,99663,803,506,233,102,79188,43994,1.235985270361117,342,243,14352,20101,30826,21196,3443,7851,48883,38603,791,77,1455,303,2732,3582,22617,7949,4275,0,0,31557,21919,238,2371,26,344,25,0,270
869,3406,870.0355671342377,99662,784,506,234,102,79268,44050,1.2373622845216834,330,228,14436,20116,30772,21157,3443,7890,48891,38610,871,86,1449,303,2725,3575,22625,7998,4264,0,0,31544,21837,237,2367,28,375,29,0,306
870,3406,871.2503074888165,99662,758,502,234,102,79366,44131,1.2391583552407137,339,208,14535,20166,30698,21092,3435,7929,48899,38617,956,95,1438,302,2711,3574,22635,8064,4258,0,0,31538,21747,235,2358,31,405,37,0,329
871,3406,872.1635665514244,99661,764,485,234,103,79461,44176,1.240575551118291,319,214,14611,20184,30635,21027,3436,7986,48907,38624,1046,105,1429,301,2700,3576,22652,8106,4246,0,0,31515,21669,234,2352,32,445,42,0,362
872,3406,873.0787666522448,99660,748,447,234,104,79531,44216,1.2416917519566526,327,227,14679,20204,30575,20980,3436,8037,48915,38631,1142,116,1425,300,2692,3569,22669,8156,4235,0,0,31498,21576,233,2341,35,485,42,0,404
873,3406,874.3019952556507,99659,698,443,235,104,79626,44283,1.2433297544627178,334,236,14759,20226,30551,20899,3422,8091,48923,38638,1243,128,1415,300,2686,3562,22695,8225,4228,0,0,31453,21483,229,2334,38,527,44,0,440
874,3406,875.2206028914177,99659,680,446,235,104,79713,44339,1.244764647447797,315,234,14841,20253,30517,20804,3411,8158,48931,38645,1349,141,1407,296,2680,3553,22717,8277,4225,0,0,31399,21411,226,2330,40,574,48,0,476
875,3406,876.1407820702308,99659,692,422,235,104,79795,44388,1.2460791298327296,307,215,14902,20281,30445,20747,3418,8230,48939,38652,1461,155,1401,296,2672,3556,22718,8329,4212,0,0,31365,21327,223,2324,44,627,49,0,516
876,3406,877.0629619939002,99659,675,415,235,104,79868,44433,1.2472631674008368,302,221,14970,20308,30395,20656,3422,8295,48947,38659,1578,170,1391,291,2665,3557,22730,8381,4203,0,0,31309,21258,221,2315,48,674,54,0,562
877,3406,878.2954793740194,99658,661,419,236,104,79964,44507,1.248981516787413,304,204,15056,20344,30323,20550,3419,8378,48955,38666,1701,186,1386,290,2658,3552,22748,8449,4189,0,0,31249,21175,220,2308,51,727,56,0,600
878,3406,879.2219062783078,99658,652,409,236,104,80042,44550,1.2501956691886251,298,196,15111,20358,30279,20467,3423,8465,48962,38673,1829,203,1380,290,2650,3544,22759,8509,4182,0,0,31189,21098,219,2299,54,786,59,0,640
879,3406,880.1500861095069,99658,647,392,236,104,80106,44586,1.251199100925164,305,201,15173,20364,30208,20382,3430,8556,48969,38680,1963,221,1372,289,2638,3540,22772,8547,4177,0,0,31140,21014,218,2291,59,846,68,0,687
880,3406,881.0803043932167,99658,660,381,236,104,80185,44629,1.2524232876437416,292,186,15253,20374,30121,20290,3437,8664,48976,38687,2103,241,1366,289,2632,3538,22765,8607,4167,0,0,31080,20937,218,2281,66,905,73,0,734
881,3406,882.0132598925778,99658,626,381,236,104,80241,44669,1.253386582110819,318,189,15301,20399,30068,20164,3450,8762,48983,38694,2248,262,1360,288,2625,3536,22764,8672,4160,0,0,30990,20863,218,2272,72,974,75,0,789
882,3406,883.2601085690906,99658,581,361,236,104,80323,44728,1.254801420859339,310,187,15386,20410,30019,20080,3467,8857,48990,38701,2399,284,1352,286,2615,3538,22765,8753,4147,0,0,30929,20758,217,2258,79,1039,82,0,840
883,3406,884.1971142840113,99658,562,347,236,104,80396,44772,1.2559754359910895,297,173,15436,20393,29982,20009,3486,8973,48997,38708,2556,308,1341,285,2602,3532,22750,8830,4141,0,0,30860,20675,217,2249,85,1108,92,0,891
884,3406,885.1359851837728,99658,553,335,236,104,80454,44805,1.2568885588713399,285,182,15528,20384,29898,19895,3499,9099,49004,38714,2718,333,1336,281,2597,3522,22750,8885,4138,0,0,30781,20597,217,2234,94,1187,96,0,943
885,3406,886.0775017067195,99657,553,320,237,104,80529,44844,1.2580450946747344,260,176,15616,20377,29817,19802,3516,9220,49011,38720,2886,360,1326,281,2588,3515,22738,8946,4138,0,0,30724,20494,217,2222,101,1256,104,0,1007
886,3406,887.0219309190503,99657,540,329,237,104,80600,44891,1.2592291560050974,236,172,15695,20373,29753,19696,3538,9325,49018,38726,3059,388,1319,280,2570,3512,22706,9020,4126,0,0,30680,20399,217,2216,106,1321,118,0,1067
887,3406,888.2849144113987,99657,531,299,237,104,80681,44931,1.2604433205896224,235,172,15782,20392,29654,19601,3560,9431,49025,38732,3238,418,1314,279,2555,3517,22686,9103,4114,0,0,30617,20297,215,2203,116,1389,125,0,1127
888,3406,889.2353221478478,99657,506,300,237,104,80729,44970,1.261316314960314,229,162,15855,20391,29588,19492,3584,9550,49032,38738,3422,450,1308,278,2538,3517,22671,9167,4107,0,0,30517,20216,215,2195,121,1475,140,0,1192
889,3406,890.1882681107948,99657,505,298,237,104,80795,45006,1.2623398256018141,220,151,15928,20393,29502,19368,3607,9685,49039,38744,3612,484,1303,278,2526,3514,22663,9221,4096,0,0,30440,20105,215,2185,127,1562,148,0,1274
890,3406,891.1439243484242,99657,485,302,237,104,80843,45046,1.2632228543905597,231,134,15985,20366,29431,19266,3630,9827,49046,38750,3807,519,1299,278,2519,3513,22620,9308,4089,0,0,30352,20017,215,2174,135,1644,151,0,1343
891,3406,892.1020468220682,99656,471,308,238,104,80895,45083,1.2641286023922294,250,126,16050,20365,29334,19116,3656,9980,49053,38756,4007,556,1291,277,2508,3514,22596,9366,4082,0,0,30275,19907,214,2167,143,1737,157,0,1422
892,3406,893.063254457986,99656,449,295,238,104,80938,45106,1.264790880629365,255,133,16115,20352,29261,18983,3681,10132,49060,38762,4212,595,1285,274,2494,3512,22576,9431,4076,0,0,30185,19812,213,2161,148,1832,168,0,1489
893,3406,894.0273432591797,99656,438,280,238,104,81007,45135,1.265774263466324,232,138,16195,20328,29183,18875,3713,10274,49067,38768,4422,636,1280,272,2479,3508,22565,9500,4062,0,0,30105,19695,213,2152,151,1925,179,0,1570
894,3406,895.3173139261739,99655,448,263,238,105,81091,45170,1.266981084742361,210,136,16286,20333,29080,18748,3737,10414,49074,38774,4637,679,1276,271,2468,3507,22544,9570,4054,0,0,30014,19582,211,2137,160,2025,188,0,1648
895,3406,896.2879685458654,99655,432,248,238,105,81141,45196,1.2677437158195775,208,140,16331,20333,29020,18598,3770,10575,49081,38780,4856,724,1274,271,2454,3505,22527,9638,4043,0,0,29902,19479,210,2129,165,2134,199,0,1725
896,3406,897.26092869611,99655,421,257,238,105,81189,45231,1.2685765892328533,201,134,16395,20310,28937,18460,3807,10733,49088,38786,5080,772,1267,270,2443,3501,22486,9715,4035,0,0,29809,19376,210,2122,169,2232,207,0,1813
897,3406,898.2365979108321,99655,408,249,238,105,81238,45261,1.269369324168381,189,131,16467,20278,28851,18354,3846,10882,49095,38792,5308,822,1261,269,2432,3500,22451,9797,4025,0,0,29716,19270,210,2108,178,2322,217,0,1899
898,3406,899.2154771147644,99655,386,252,238,105,81276,45300,1.2701419898650343,191,115,16524,20257,28774,18215,3886,11055,49102,38798,5541,874,1260,268,2423,3497,22417,9875,4012,0,0,29592,19177,208,2100,183,2447,225,0,1971
899,3406,900.197414174441,99655,381,241,238,105,81307,45311,1.2705634438813909,214,145,16572,20287,28720,18193,3874,11028,49102,38798,5541,874,1260,268,2423,3502,22435,9885,4006,0,0,29582,19163,208,2098,182,2447,225,0,1971
900,3406,900.197414174441,99655,373,239,238,105,81317,45319,1.2707440670312578,220,148,16584,20213,28669,18070,3915,11224,49102,38798,5778,928,1259,268,2416,3502,22371,9960,4006,1,5,29464,19074,208,2091,189,2554,232,0,2055
901,3406,901.1828503834337,99655,363,245,238,105,81363,45356,1.2715769404445336,222,147,16664,20169,28565,17956,3947,11377,49102,38798,6018,985,1257,267,2403,3506,22330,10040,4000,3,28,29328,18964,208,2076,202,2661,240,0,2142
902,3406,902.1718068500899,99655,364,258,238,105,81421,45404,1.2726406101048617,207,135,16746,20137,28462,17824,3982,11540,49102,38798,6262,1044,1257,267,2393,3507,22279,10126,3996,3,49,29199,18841,208,2064,211,2764,247,2,2242
903,3406,903.1645861168201,99655,364,246,238,105,81478,45431,1.2734835181375745,211,133,16813,20122,28355,17676,4018,11717,49102,38798,6510,1105,1252,267,2378,3504,22233,10218,3992,8,65,29052,18743,208,2055,218,2879,257,4,2322
904,3406,904.1612827630138,99655,350,241,238,105,81524,45465,1.2742862876925392,218,128,16877,20120,28256,17528,4060,11877,49102,38798,6761,1169,1249,267,2367,3501,22177,10310,3988,11,91,28896,18633,208,2047,223,3012,265,4,2406
905,3406,905.161455469873,99655,352,253,238,105,81578,45502,1.2751994380613114,236,120,16941,20075,28129,17393,4103,12053,49102,38798,7015,1235,1247,267,2355,3500,22121,10393,3985,13,113,28771,18497,208,2035,234,3117,275,4,2520
906,3406,906.1656160090539,99655,362,255,238,105,81636,45535,1.2761125884300837,236,114,17009,20034,28005,17277,4149,12214,49102,38798,7272,1304,1245,265,2345,3509,22074,10471,3977,15,128,28639,18365,208,2023,243,3224,283,9,2632
907,3406,907.1743625158061,99654,379,250,238,106,81697,45562,1.2770084492343508,241,111,17066,19997,27890,17138,4185,12397,49102,38798,7532,1376,1245,264,2334,3512,22025,10545,3973,15,150,28480,18239,208,2016,250,3362,292,12,2732
908,3406,908.1870162288432,99654,392,248,238,106,81754,45597,1.2779316434864632,234,120,17138,19974,27772,16974,4225,12577,49102,38798,7794,1450,1241,262,2318,3514,21972,10631,3971,19,175,28326,18119,208,2012,253,3489,305,13,2826
909,3406,909.2038116848419,99654,392,239,238,106,81810,45629,1.2788146988580489,244,126,17184,19953,27659,16840,4282,12735,49102,38798,8059,1527,1238,261,2311,3514,21919,10725,3965,22,197,28160,18000,208,1998,267,3625,308,14,2922
910,3406,910.2246170659157,99654,394,228,238,106,81867,45657,1.2796676500692397,240,123,17219,19910,27575,16707,4333,12925,49102,38798,8326,1607,1237,260,2294,3519,21860,10821,3956,23,216,28015,17879,208,1977,280,3751,320,15,3023
911,3406,911.2487258044256,99654,396,225,238,106,81929,45700,1.2807212956830634,235,114,17276,19876,27466,16579,4388,13099,49102,38798,8595,1689,1234,259,2278,3517,21789,10929,3954,26,244,27860,17759,208,1968,286,3878,335,17,3113
912,3406,912.277012717679,99654,394,234,238,106,81993,45736,1.281724767696229,232,101,17323,19860,27361,16424,4451,13274,49102,38798,8865,1774,1233,259,2263,3521,21728,11031,3945,27,262,27714,17627,208,1961,289,3996,346,22,3222
913,3406,913.3092005599399,99654,387,219,238,106,82058,45767,1.282688100828868,226,105,17390,19809,27249,16298,4509,13462,49102,38798,9137,1862,1231,259,2246,3526,21694,11115,3936,29,295,27530,17495,207,1952,294,4142,360,23,3320
914,3406,914.3461006423271,99653,393,214,239,106,82124,45803,1.2837245240986221,224,102,17450,19760,27117,16160,4576,13657,49102,38798,9410,1953,1225,258,2229,3532,21632,11215,3931,34,319,27367,17372,206,1939,304,4276,372,27,3415
915,3406,915.0400029538341,99653,389,199,239,106,82158,45817,1.2842061954983794,231,112,17464,19682,27022,16046,4654,13854,49102,38798,9684,2046,1223,257,2217,3532,21559,11310,3928,36,333,27223,17248,206,1927,315,4404,383,31,3521
916,3406,916.0852840995836,99653,400,194,239,106,82221,45842,1.2850892597312675,230,119,17526,19642,26884,15901,4720,14037,49102,38798,9959,2142,1219,257,2207,3530,21492,11411,3925,40,352,27060,17119,206,1913,328,4540,392,35,3627
917,3406,917.1353878776083,99652,388,194,240,106,82273,45866,1.2858648095371894,232,129,17565,19579,26785,15773,4789,14218,49102,38798,10235,2241,1219,256,2193,3531,21438,11504,3920,40,368,26886,16989,206,1904,334,4686,402,35,3741
918,3406,918.1898611777825,99652,401,192,240,106,82344,45888,1.2867980572391924,231,132,17610,19525,26653,15630,4864,14414,49102,38798,10512,2343,1218,256,2180,3528,21369,11607,3916,41,378,26714,16874,206,1898,339,4835,412,40,3841
919,3406,919.2492367078783,99651,399,202,241,106,82411,45923,1.2878345425535118,227,127,17648,19488,26547,15488,4937,14588,49102,38798,10789,2448,1217,256,2158,3527,21317,11698,3911,42,396,26551,16742,206,1888,346,4971,430,45,3950
920,3406,920.3130764830104,99651,411,188,241,106,82482,45948,1.2887979046873588,216,135,17685,19439,26429,15357,5017,14774,49102,38798,11066,2555,1214,256,2144,3528,21241,11801,3906,45,433,26388,16600,206,1877,356,5115,441,50,4050
921,3406,921.0247894372014,99651,393,191,241,106,82515,45973,1.289379935976558,235,133,17727,19368,26308,15218,5095,14983,49102,38798,11343,2665,1210,254,2134,3525,21178,11900,3904,49,440,26218,16490,205,1863,366,5262,450,55,4148
922,3406,922.0979743133464,99651,377,202,241,106,82566,46009,1.290252982910357,229,126,17781,19347,26184,15047,5187,15171,49102,38798,11620,2778,1206,254,2121,3522,21104,12011,3900,53,462,26026,16381,205,1858,369,5428,461,59,4231
923,3406,923.1766099752756,99651,382,204,241,106,82626,46051,1.2912765551775698,215,112,17854,19317,26041,14910,5266,15350,49102,38798,11897,2894,1204,254,2106,3528,21028,12123,3890,55,472,25844,16277,205,1845,381,5581,474,69,4315
924,3406,924.2608452388378,99651,387,204,241,106,82687,46081,1.292189742200279,210,112,17901,19280,25919,14769,5341,15528,49102,38798,12173,3013,1203,254,2093,3527,20973,12214,3886,56,489,25671,16148,205,1828,396,5726,486,73,4423
925,3406,925.3506290960185,99651,384,203,241,106,82748,46114,1.293133034289671,215,116,17944,19233,25779,14629,5436,15712,49102,38798,12449,3134,1200,254,2078,3530,20913,12321,3879,59,506,25488,16022,205,1819,402,5871,499,79,4526
926,3406,926.0802220182326,99651,392,198,241,106,82796,46134,1.293815415801146,204,113,17946,19152,25680,14518,5536,15912,49102,38798,12724,3258,1200,253,2071,3533,20831,12432,3875,59,515,25325,15903,204,1808,410,6014,503,87,4628
927,3406,927.1803388939675,99651,396,205,241,106,82853,46164,1.2946884627349449,216,116,17974,19120,25537,14366,5635,16086,49102,38798,12998,3385,1196,253,2054,3534,20755,12541,3869,63,520,25137,15801,204,1802,416,6175,519,91,4721
928,3406,928.2859454535934,99650,390,202,242,106,82912,46192,1.2955745107877572,212,113,18013,19084,25420,14219,5722,16275,49102,38798,13271,3515,1190,253,2039,3530,20679,12653,3866,69,544,24959,15682,204,1790,425,6328,533,93,4813
929,3406,929.0260922246556,99649,402,203,243,106,82957,46212,1.296239801703981,213,114,18012,19018,25306,14099,5823,16459,49102,38798,13543,3647,1190,252,2023,3532,20602,12754,3861,69,548,24797,15561,204,1777,436,6472,548,99,4924
930,3406,930.1418860122802,99649,393,221,243,106,83020,46256,1.2973135706329215,211,102,18040,19009,25179,13952,5933,16609,49102,38798,13814,3782,1184,251,2013,3536,20528,12870,3852,75,564,24624,15437,204,1762,446,6618,554,104,5027
931,3406,931.2633205460407,99649,395,215,243,106,83084,46275,1.298146494194623,201,117,18080,18960,25043,13816,6037,16785,49102,38798,14083,3920,1183,250,2000,3541,20459,12981,3845,76,573,24453,15321,203,1745,461,6756,564,111,5127
932,3406,932.0145062345969,99649,390,219,243,106,83117,46292,1.298648255376371,205,124,18097,18898,24915,13684,6149,16968,49102,38798,14350,4060,1181,250,1990,3547,20374,13085,3839,78,578,24290,15200,203,1732,472,6903,574,115,5238
933,3406,933.1478446207731,99649,391,206,243,106,83173,46330,1.2995915663980573,223,119,18133,18849,24755,13570,6254,17149,49102,38798,14616,4203,1181,248,1974,3554,20296,13207,3831,78,603,24117,15067,203,1717,482,7043,587,121,5340
934,3406,934.2884310194543,99648,406,215,243,107,83247,46371,1.3007586705202312,217,121,18180,18805,24597,13444,6356,17307,49102,38798,14880,4348,1177,248,1962,3562,20203,13336,3820,82,618,23941,14950,203,1708,489,7189,597,129,5434
935,3406,935.0525922395238,99648,405,229,243,107,83293,46404,1.3015514611432242,215,113,18188,18747,24483,13323,6465,17480,49102,38798,15142,4496,1176,248,1948,3559,20127,13443,3818,83,627,23768,14832,203,1693,503,7340,608,133,5539
936,3406,936.2055132445302,99648,431,213,243,107,83377,46435,1.3027055234425176,188,116,18224,18692,24347,13226,6566,17645,49102,38798,15402,4646,1175,247,1940,3563,20050,13562,3812,84,652,23590,14699,203,1682,513,7482,614,136,5644
937,3406,937.3652264922063,99648,419,199,243,107,83423,46466,1.3034782434168273,196,120,18269,18620,24196,13137,6676,17816,49102,38798,15660,4798,1173,245,1923,3567,19990,13663,3809,86,666,23408,14566,203,1664,529,7633,625,152,5746
938,3406,938.1421867829789,99648,415,200,243,107,83463,46492,1.3041405748233783,199,112,18262,18545,24086,13036,6794,17999,49102,38798,15916,4952,1170,245,1911,3568,19905,13776,3806,89,676,23236,14456,202,1654,538,7782,636,155,5843
939,3406,939.3144461599406,99648,395,204,243,107,83523,46525,1.3050738599871547,194,112,18276,18521,23977,12921,6914,18134,49102,38798,16169,5109,1169,244,1893,3565,19828,13904,3802,90,690,23072,14335,202,1639,548,7911,651,163,5942
940,3406,940.0988911128052,99648,386,201,243,107,83557,46544,1.305605732177264,200,116,18282,18453,23842,12812,7046,18310,49102,38798,16420,5268,1169,242,1883,3565,19725,14029,3799,90,698,22921,14227,202,1627,559,8047,660,174,6031
941,3406,941.2830253566767,99648,383,204,243,107,83622,46583,1.306649405908799,198,107,18321,18424,23705,12704,7149,18453,49102,38798,16669,5429,1166,242,1867,3563,19643,14151,3792,92,716,22748,14104,202,1613,570,8194,675,182,6128
942,3406,942.0765021899011,99648,389,202,243,107,83675,46598,1.3073318079640335,192,109,18299,18369,23599,12597,7277,18615,49102,38798,16915,5592,1166,241,1851,3562,19554,14268,3788,92,721,22590,13990,201,1599,582,8334,690,185,6234
943,3406,943.2733401637909,99648,395,196,243,107,83746,46627,1.3083353403982017,191,112,18315,18350,23455,12501,7400,18733,49102,38798,17159,5757,1164,241,1833,3567,19464,14394,3781,93,737,22415,13877,201,1582,594,8484,705,197,6319
944,3406,944.0750429951946,99648,386,192,243,107,83784,46645,1.308897318561336,196,121,18316,18291,23324,12394,7534,18894,49102,38798,17400,5924,1162,241,1820,3567,19368,14507,3778,95,757,22259,13767,201,1564,612,8627,717,203,6403
945,3406,945.2855028194598,99647,381,205,244,107,83844,46684,1.3099039609822674,190,117,18338,18294,23196,12265,7650,19011,49102,38798,17638,6092,1161,241,1803,3567,19291,14621,3771,96,765,22077,13664,200,1552,622,8784,732,217,6483
946,3406,946.096397518288,99647,370,205,244,107,83881,46708,1.3105161219103436,208,119,18333,18238,23059,12171,7785,19159,49102,38798,17874,6262,1159,240,1787,3567,19191,14750,3766,98,771,21938,13550,200,1545,628,8904,745,227,6581
947,3406,947.3208205038706,99646,352,203,244,108,83930,46744,1.311382293318347,218,104,18364,18236,22917,12061,7904,19287,49102,38798,18107,6434,1157,240,1773,3566,19110,14882,3760,100,784,21774,13431,200,1532,637,9034,754,230,6682
948,3406,948.1414673355841,99646,357,198,244,108,83974,46760,1.3119844248640187,206,116,18379,18205,22777,11951,8036,19421,49102,38798,18337,6607,1155,240,1756,3563,19008,15009,3759,102,790,21606,13339,200,1524,645,9181,771,239,6759
949,3406,949.3811923882267,99646,356,193,244,108,84037,46795,1.3129679063886157,202,106,18389,18206,22642,11849,8166,19537,49102,38798,18564,6782,1154,240,1744,3563,18925,15130,3754,103,812,21443,13219,200,1511,657,9314,781,250,6846
950,3406,950.2121199018317,99646,357,178,244,108,84084,46808,1.3135700379342874,198,108,18374,18167,22525,11758,8301,19680,49102,38798,18789,6958,1153,240,1731,3563,18829,15254,3748,104,822,21294,13104,200,1500,665,9446,792,258,6943
951,3406,951.0475100873116,99646,339,180,244,108,84117,46828,1.3141019207996307,208,109,18355,18145,22404,11647,8449,19810,49102,38798,19011,7135,1153,240,1719,3564,18729,15390,3742,104,826,21131,13010,200,1493,671,9582,802,266,7024
952,3406,952.3088049211867,99646,356,180,244,108,84198,46858,1.3152158641591234,179,111,18358,18166,22281,11527,8581,19907,49102,38798,19230,7313,1150,239,1709,3565,18652,15506,3737,107,836,20959,12909,199,1481,680,9727,810,271,7109
953,3406,953.1534241556902,99645,342,180,245,108,84232,46882,1.3158111295097596,172,106,18344,18128,22172,11442,8724,20035,49102,38798,19446,7492,1147,239,1695,3571,18552,15634,3730,110,834,20802,12816,199,1474,685,9863,822,283,7189
954,3406,954.0023944875653,99645,333,167,245,108,84269,46895,1.3163129108334588,171,113,18332,18084,22052,11361,8866,20166,49102,38798,19659,7672,1146,237,1682,3571,18467,15749,3728,110,846,20653,12706,199,1466,691,9995,830,290,7279
955,3406,955.2843191420118,99645,318,175,245,108,84324,46929,1.3172060815896431,157,111,18377,18078,21905,11255,8997,20272,49102,38798,19869,7853,1145,237,1671,3567,18386,15871,3725,110,864,20497,12602,196,1454,701,10123,841,299,7356
956,3406,956.1439646511974,99645,321,178,245,108,84365,46954,1.3178684329369261,149,105,18376,18052,21774,11168,9134,20388,49102,38798,20076,8035,1142,236,1659,3570,18300,15988,3722,113,870,20356,12509,196,1439,713,10239,851,309,7433
957,3406,957.0087223840166,99645,308,176,245,108,84394,46979,1.318410356766521,154,100,18364,18017,21641,11090,9287,20508,49102,38798,20280,8218,1141,236,1644,3570,18192,16116,3719,114,876,20232,12404,196,1428,723,10350,865,322,7517
958,3406,958.3152314670272,99644,298,166,245,109,84443,47009,1.319216410421099,153,96,18396,18053,21498,11006,9409,20569,49102,38798,20482,8402,1141,236,1625,3568,18107,16243,3717,114,891,20067,12300,196,1421,728,10484,879,331,7596
959,3406,959.1912650796936,99644,296,158,245,109,84482,47026,1.3197784111436714,142,91,18382,18026,21393,10920,9541,20695,49102,38798,20681,8586,1140,236,1613,3570,18015,16363,3713,115,895,19927,12194,195,1406,739,10608,887,343,7685
960,3406,960.0722667349133,99644,289,156,245,109,84511,47044,1.3202500903215446,147,90,18365,18014,21271,10831,9682,20799,49102,38798,20877,8771,1140,236,1587,3570,17922,16482,3710,115,899,19773,12113,195,1391,754,10742,911,348,7756
961,3406,961.4024435961769,99643,278,153,246,109,84555,47067,1.3209357405939204,154,93,18416,18046,21097,10707,9808,20891,49102,38798,21070,8956,1138,234,1578,3568,17812,16625,3707,117,898,19637,12029,193,1387,757,10857,917,367,7822
962,3406,962.294812738834,99643,286,161,246,109,84590,47091,1.3215278544403521,153,87,18398,18007,20964,10636,9952,20999,49102,38798,21260,9141,1138,234,1568,3566,17726,16726,3705,117,904,19508,11929,193,1378,765,10977,926,379,7904
963,3406,963.1933739163766,99643,289,157,246,109,84628,47104,1.322039681663539,143,96,18412,18005,20821,10542,10088,21090,49102,38798,21447,9327,1137,234,1563,3565,17636,16839,3702,118,909,19366,11838,193,1367,776,11101,930,386,7983
964,3406,964.0977419578182,99643,288,158,246,109,84655,47129,1.3225615447146313,155,90,18395,17998,20688,10461,10227,21183,49102,38798,21631,9513,1136,234,1555,3571,17547,16951,3698,119,907,19223,11752,190,1354,788,11224,938,395,8061
965,3406,965.0083610352132,99643,290,153,246,109,84695,47149,1.3231636943889686,159,84,18376,17989,20568,10392,10360,21272,49102,38798,21812,9699,1135,234,1545,3572,17451,17073,3691,120,911,19094,11656,190,1346,795,11335,947,406,8142
966,3406,966.3839392374971,99643,279,143,246,109,84746,47176,1.3239464889656072,175,86,18391,17988,20428,10335,10480,21338,49102,38798,21991,9885,1134,234,1530,3570,17354,17206,3684,121,931,18970,11553,190,1338,803,11434,960,419,8212
967,3406,967.3061816544782,99642,298,150,247,109,84797,47196,1.3246723269304108,158,79,18388,17977,20292,10258,10616,21426,49102,38798,22167,10071,1133,233,1521,3571,17256,17319,3680,122,935,18845,11461,189,1327,813,11552,968,424,8293
968,3406,968.2342726345696,99642,278,155,247,109,84827,47220,1.3252142670761327,166,69,18389,17988,20165,10166,10754,21512,49102,38798,22340,10256,1132,233,1502,3573,17180,17425,3674,123,940,18712,11382,189,1311,825,11665,985,432,8359
969,3406,969.1685282493376,99642,301,152,247,109,84882,47233,1.325896710222597,146,71,18383,17986,20040,10082,10882,21599,49102,38798,22510,10441,1130,233,1495,3575,17070,17557,3669,125,939,18581,11317,189,1299,836,11779,991,439,8418
970,3406,970.1084842955125,99642,301,149,247,109,84924,47248,1.326468758154192,134,75,18378,17988,19931,10002,11008,21676,49102,38798,22678,10626,1127,232,1481,3577,16982,17663,3666,128,946,18457,11227,189,1287,847,11891,1002,446,8494
971,3406,971.0540734010527,99642,289,138,247,109,84945,47264,1.3268400875132975,142,77,18362,17985,19814,9949,11145,21741,49102,38798,22843,10810,1123,232,1473,3578,16910,17761,3661,132,954,18332,11131,189,1281,850,11997,1010,456,8572
972,3406,972.0053061835027,99642,281,142,247,109,84972,47285,1.3273218120872725,152,74,18345,17991,19681,9876,11293,21807,49102,38798,23005,10994,1123,232,1463,3574,16842,17856,3658,132,955,18199,11056,189,1269,861,12112,1020,466,8635
973,3406,973.4433146755133,99642,280,140,247,109,85037,47319,1.3283153690210956,142,77,18390,18056,19528,9799,11412,21818,49102,38798,23165,11177,1119,231,1454,3572,16759,17982,3656,136,959,18070,10962,189,1263,864,12211,1025,485,8705
974,3406,974.408201144604,99642,278,130,247,109,85068,47341,1.3288472732381926,141,79,18372,18056,19410,9753,11551,21872,49102,38798,23322,11360,1117,231,1447,3570,16692,18079,3653,138,971,17947,10868,189,1247,879,12312,1031,492,8779
975,3406,975.3792462387014,99642,280,132,247,109,85103,47362,1.3294092852411634,138,74,18386,18069,19270,9673,11678,21942,49102,38798,23476,11542,1115,230,1443,3567,16605,18188,3652,140,974,17811,10801,189,1236,889,12432,1035,502,8833
976,3406,976.3568469866912,99642,265,129,247,109,85129,47381,1.3298609020292647,145,83,18395,18074,19145,9600,11802,22004,49102,38798,23628,11723,1112,230,1432,3562,16529,18288,3650,143,976,17689,10718,189,1224,900,12540,1044,513,8903
977,3406,977.3411537831117,99642,255,134,247,109,85154,47404,1.3303426266032397,147,89,18401,18079,19019,9532,11930,22056,49102,38798,23777,11903,1110,230,1424,3564,16444,18390,3647,145,981,17564,10632,189,1215,907,12655,1051,522,8972
978,3406,978.3318235926329,99641,247,147,248,109,85187,47426,1.3309079595748738,155,94,18386,18103,18904,9448,12059,22098,49102,38798,23924,12082,1107,230,1408,3563,16355,18492,3643,147,973,17453,10566,189,1210,911,12760,1067,537,9030
979,3406,979.3288612305117,99641,258,147,248,109,85221,47449,1.3314800132475588,148,81,18376,18126,18778,9391,12191,22145,49102,38798,24068,12260,1107,230,1393,3562,16281,18588,3641,147,978,17326,10492,189,1207,911,12871,1082,548,9088
980,3406,980.3325327655823,99641,259,151,248,109,85251,47474,1.3320319948615529,152,78,18364,18145,18663,9324,12313,22192,49102,38798,24210,12437,1104,230,1381,3562,16194,18697,3638,150,979,17219,10427,189,1201,916,12961,1094,557,9142
981,3406,981.3421481186441,99640,262,138,249,109,85289,47490,1.3325873143315938,142,82,18379,18162,18540,9270,12427,22238,49102,38798,24349,12613,1103,229,1374,3562,16122,18799,3636,151,982,17097,10345,189,1194,922,13059,1099,570,9207
982,3406,982.3586416778217,99639,254,129,250,109,85319,47506,1.3330623551019178,144,85,18405,18204,18420,9197,12526,22275,49102,38798,24486,12788,1102,229,1365,3558,16047,18903,3634,152,985,16985,10277,189,1182,930,13154,1107,582,9258
983,3406,983.3819094691291,99639,241,129,250,109,85349,47527,1.3335742028723692,144,87,18431,18231,18291,9132,12642,22311,49102,38798,24621,12962,1101,229,1357,3560,15947,19030,3631,153,988,16866,10221,189,1175,934,13253,1114,590,9301
984,3406,984.4069478242563,99639,230,126,250,109,85382,47551,1.3341462680275795,139,75,18449,18258,18186,9078,12745,22353,49102,38798,24753,13135,1101,229,1344,3565,15888,19121,3623,153,991,16754,10142,188,1165,942,13340,1126,604,9363
985,3406,985.4307346955529,99639,234,129,250,109,85418,47567,1.3346681520288242,137,71,18457,18308,18069,9010,12852,22372,49102,38798,24883,13307,1099,228,1331,3566,15818,19212,3619,155,995,16642,10076,188,1157,950,13437,1138,612,9416
986,3406,986.4540307095821,99639,233,126,250,109,85455,47582,1.3351900360300686,135,73,18465,18319,17947,8955,12969,22417,49102,38798,25011,13477,1098,227,1320,3562,15742,19314,3617,156,996,16526,10018,188,1150,957,13535,1148,624,9461
987,3406,987.4768305148539,99639,231,139,250,109,85484,47611,1.335772137416072,141,63,18481,18348,17823,8896,13073,22444,49102,38798,25137,13646,1097,227,1312,3563,15661,19417,3614,157,996,16416,9959,188,1143,963,13628,1154,629,9515
988,3406,988.4989052453842,99639,230,136,250,109,85521,47624,1.3362739489557303,140,70,18476,18380,17722,8828,13181,22476,49102,38798,25261,13814,1096,227,1298,3564,15597,19504,3611,158,999,16310,9887,188,1134,970,13717,1166,637,9576
989,3406,989.0091451505486,99638,237,130,251,109,85545,47633,1.336618559184247,126,72,18445,18361,17618,8781,13322,22546,49102,38798,25382,13980,1094,227,1288,3562,15510,19602,3611,159,1003,16212,9829,188,1130,973,13808,1176,645,9621
990,3406,990.0333229388604,99638,222,138,251,109,85577,47654,1.3371504847548124,123,65,18468,18405,17510,8702,13425,22580,49102,38798,25501,14145,1093,227,1279,3563,15419,19712,3608,160,1011,16106,9770,188,1121,982,13901,1181,652,9665
991,3406,991.0565708160287,99638,213,129,251,109,85605,47669,1.337582047010177,127,62,18474,18430,17400,8665,13534,22604,49102,38798,25618,14308,1093,226,1274,3562,15350,19811,3604,160,1011,15989,9719,187,1115,986,14000,1186,659,9706
992,3406,992.0795117581424,99638,216,125,251,109,85639,47684,1.338073827254662,122,65,18475,18457,17295,8615,13640,22628,49102,38798,25733,14470,1093,225,1263,3567,15269,19911,3599,159,1019,15878,9676,187,1109,991,14097,1196,664,9735
993,3406,993.102433679748,99638,210,128,251,109,85665,47699,1.3384853168469861,124,63,18495,18497,17180,8560,13739,22642,49102,38798,25846,14630,1092,224,1251,3569,15213,19984,3594,160,1019,15770,9626,187,1101,998,14194,1207,671,9778
994,3406,994.1245259301369,99638,218,125,251,109,85698,47715,1.3389770970914712,119,66,18521,18550,17047,8495,13843,22654,49102,38798,25957,14789,1091,224,1242,3571,15153,20057,3591,161,1016,15669,9569,186,1095,1002,14288,1215,685,9823
995,3406,995.1452293050452,99638,205,121,251,109,85721,47729,1.339348441357715,120,67,18544,18581,16935,8438,13944,22683,49102,38798,26066,14946,1088,224,1234,3574,15081,20151,3585,164,1022,15562,9518,186,1088,1008,14379,1222,693,9859
996,3406,996.1648040953546,99638,206,116,251,109,85752,47746,1.3398301852706798,114,64,18583,18612,16808,8402,14037,22696,49102,38798,26173,15102,1087,223,1230,3576,15013,20241,3582,165,1021,15464,9456,186,1080,1014,14462,1223,701,9914
997,3406,997.1828037455089,99638,198,117,251,109,85783,47762,1.3403018928521246,116,63,18603,18629,16703,8360,14128,22721,49102,38798,26279,15256,1085,223,1224,3579,14951,20325,3576,167,1022,15371,9395,186,1077,1017,14537,1228,707,9968
998,3406,998.1992811723851,99638,200,115,251,109,85812,47774,1.3407133824444488,114,62,18635,18673,16574,8304,14225,22736,49102,38798,26383,15408,1084,223,1220,3578,14893,20405,3575,167,1020,15263,9342,186,1071,1019,14631,1231,717,10013
999,3406,999.2140026737619,99638,200,116,251,109,85842,47795,1.3412252353519742,100,54,18660,18696,16469,8270,14319,22754,49102,38798,26485,15559,1082,223,1212,3578,14824,20496,3572,169,1025,15178,9294,186,1066,1023,14700,1238,725,10047
1000,3406,1000.2279125394127,99638,199,120,251,109,85867,47810,1.3416266886127783,104,56,18675,18712,16357,8233,14413,22769,49102,38798,26585,15708,1082,223,1205,3578,14750,20583,3570,169,1029,15097,9241,186,1059,1028,14772,1245,728,10093
1001,3406,1001.2404815328423,99638,192,118,251,109,85890,47822,1.3419779602159818,113,58,18688,18771,16268,8181,14487,22762,49102,38798,26683,15855,1082,223,1198,3581,14690,20654,3567,169,1028,14996,9187,186,1052,1034,14864,1252,739,10136
1002,3406,1002.252426849501,99638,202,113,251,109,85927,47835,1.342479776791987,101,57,18717,18813,16157,8141,14571,22766,49102,38798,26780,16001,1082,223,1190,3581,14631,20737,3564,169,1025,14893,9143,186,1047,1036,14950,1260,750,10171
1003,3406,1003.262677030457,99638,194,116,251,109,85950,47852,1.342881230052791,106,55,18742,18857,16054,8103,14652,22759,49102,38798,26875,16145,1081,223,1186,3584,14562,20822,3559,170,1029,14810,9091,185,1039,1043,15021,1264,754,10215
1004,3406,1004.271623793043,99638,202,104,251,109,85983,47861,1.3433027559766355,93,59,18764,18900,15954,8076,14735,22751,49102,38798,26968,16287,1081,223,1178,3587,14512,20892,3556,170,1029,14724,9036,185,1034,1047,15090,1270,768,10256
1005,3406,1005.2794929320115,99638,194,104,251,109,86007,47875,1.3436841365743992,88,53,18790,18946,15858,8035,14818,22752,49102,38798,27060,16428,1080,223,1171,3585,14452,20974,3555,170,1022,14659,8978,185,1028,1051,15140,1276,785,10304
1006,3406,1006.2866406156077,99638,190,98,251,109,86029,47888,1.344035408177603,82,61,18821,18967,15765,8003,14890,22761,49102,38798,27150,16567,1078,223,1164,3584,14398,21048,3555,172,1023,14577,8925,184,1025,1054,15207,1282,794,10345
1007,3406,1007.2923632431505,99638,180,97,251,109,86051,47900,1.3443766434492863,78,64,18831,19021,15693,7957,14966,22751,49102,38798,27238,16704,1076,223,1158,3583,14323,21134,3553,174,1031,14499,8879,184,1015,1063,15278,1288,802,10375
1008,3406,1008.2968248366722,99638,170,102,251,109,86066,47921,1.34473795138401,82,58,18848,19083,15597,7910,15051,22737,49102,38798,27325,16840,1075,222,1152,3580,14282,21194,3553,175,1033,14399,8841,184,1008,1068,15366,1293,809,10404
1009,3406,1009.3006022596351,99638,174,102,251,109,86092,47938,1.3451695136393744,72,54,18880,19127,15492,7864,15130,22743,49102,38798,27410,16974,1075,222,1145,3583,14228,21264,3550,175,1033,14312,8805,184,1006,1070,15440,1299,816,10431
1010,3406,1010.3033372155984,99638,162,104,251,109,86111,47958,1.3455609305686584,76,43,18889,19160,15404,7836,15217,22747,49102,38798,27494,17106,1074,221,1141,3581,14172,21337,3550,176,1039,14232,8759,183,996,1079,15508,1303,826,10461
1011,3406,1011.3052649244424,99638,147,103,251,109,86127,47971,1.3458519841827414,81,41,18898,19201,15319,7804,15303,22741,49102,38798,27576,17236,1073,221,1135,3577,14102,21423,3549,177,1036,14161,8727,183,992,1082,15572,1307,834,10487
1012,3406,1012.3070209495139,99638,148,100,251,109,86146,47981,1.3461430377968244,82,41,18936,19266,15217,7756,15365,22727,49102,38798,27657,17365,1072,221,1129,3579,14068,21476,3545,178,1033,14081,8681,183,986,1087,15637,1312,842,10528
1013,3406,1013.3073226981022,99638,149,96,251,109,86164,47993,1.3464441277424275,81,34,18952,19331,15124,7710,15442,22719,49102,38798,27737,17492,1070,221,1116,3577,14021,21538,3544,180,1031,14016,8630,183,983,1089,15692,1324,852,10571
1014,3406,1014.3062825098057,99638,150,87,251,109,86187,47999,1.3467351813565105,77,36,18973,19389,15048,7673,15500,22705,49102,38798,27815,17617,1069,221,1112,3579,13965,21605,3540,181,1032,13944,8594,183,977,1093,15758,1327,862,10596
1015,3406,1015.3041433662488,99638,138,88,251,109,86201,48012,1.3470061623075533,73,37,19011,19420,14966,7635,15560,22710,49102,38798,27892,17741,1067,221,1109,3578,13903,21680,3539,183,1031,13877,8549,182,974,1096,15816,1330,872,10631
1016,3406,1016.3005322423837,99638,141,88,251,109,86221,48026,1.347347397579237,75,35,19040,19480,14882,7592,15610,22695,49102,38798,27968,17863,1067,221,1099,3576,13842,21757,3539,183,1031,13807,8520,181,970,1099,15875,1339,878,10654
1017,3406,1017.2950628137304,99638,142,85,251,109,86240,48033,1.3476083421987595,75,33,19066,19525,14799,7544,15666,22703,49102,38798,28042,17983,1066,221,1089,3576,13792,21818,3536,184,1033,13729,8493,180,969,1100,15946,1349,882,10675
1018,3406,1018.2885379991807,99637,146,85,252,109,86259,48041,1.347892851049309,71,32,19100,19575,14717,7506,15713,22692,49102,38798,28115,18102,1066,221,1081,3579,13748,21869,3534,183,1027,13655,8458,180,962,1107,16013,1357,890,10707
1019,3406,1019.2801959311646,99637,154,86,252,109,86282,48053,1.3482441261780262,62,36,19153,19617,14611,7464,15767,22687,49102,38798,28187,18219,1065,221,1075,3578,13688,21937,3534,184,1026,13590,8424,180,958,1111,16072,1362,898,10734
1020,3406,1020.2697423949722,99637,135,78,252,109,86297,48058,1.3484448548230075,62,37,19186,19661,14548,7421,15816,22693,49102,38798,28257,18334,1063,221,1070,3583,13628,22014,3527,185,1025,13530,8387,180,956,1113,16121,1365,907,10762
1021,3406,1021.257033774395,99637,126,80,252,109,86306,48074,1.3486957656292342,70,32,19233,19707,14463,7395,15855,22676,49102,38798,28326,18448,1062,221,1065,3584,13575,22079,3525,186,1026,13465,8352,180,948,1121,16176,1369,915,10788
1022,3406,1022.2421224004735,99637,130,72,252,109,86326,48077,1.3489266035709626,73,32,19260,19764,14377,7367,15907,22655,49102,38798,28394,18560,1062,221,1059,3585,13528,22138,3523,186,1021,13414,8320,180,942,1126,16219,1373,927,10813
1023,3406,1023.2256844873025,99637,134,68,252,109,86350,48084,1.3492377329706835,61,37,19289,19814,14295,7335,15968,22636,49102,38798,28461,18670,1061,220,1057,3587,13478,22200,3521,187,1025,13347,8286,180,935,1133,16275,1375,930,10840
1024,3406,1024.208203809959,99637,124,67,252,109,86367,48092,1.3494886437769102,56,39,19317,19850,14220,7299,16030,22635,49102,38798,28527,18779,1059,220,1055,3587,13420,22269,3520,189,1023,13290,8254,180,931,1136,16323,1377,941,10863
1025,3406,1025.1891815301678,99637,126,68,252,109,86379,48103,1.3497194817186386,60,37,19354,19914,14137,7261,16070,22610,49102,38798,28592,18886,1057,220,1051,3587,13379,22320,3518,191,1022,13232,8222,180,928,1139,16373,1381,946,10891
1026,3406,1026.1682891372348,99637,126,68,252,109,86395,48108,1.349930246795869,64,39,19387,19955,14058,7225,16112,22603,49102,38798,28656,18992,1057,220,1046,3587,13334,22378,3517,191,1017,13168,8193,180,926,1141,16425,1386,953,10918
1027,3406,1027.1456142192965,99637,121,73,252,109,86406,48122,1.3501811576020957,63,34,19411,20025,13986,7188,16166,22570,49102,38798,28718,19096,1057,220,1036,3583,13293,22435,3517,191,1016,13102,8165,180,923,1144,16481,1395,958,10941
1028,3406,1028.1214614360329,99637,116,74,252,109,86422,48132,1.3504421048405713,66,30,19439,20074,13916,7159,16210,22553,49102,38798,28779,19198,1057,220,1030,3585,13250,22489,3513,191,1017,13046,8133,180,919,1147,16530,1400,965,10965
1029,3406,1029.0963027289245,99637,113,75,252,109,86437,48144,1.350713088511296,69,27,19493,20127,13827,7136,16245,22525,49102,38798,28839,19299,1057,220,1028,3582,13206,22547,3513,191,1020,12994,8096,180,915,1149,16573,1402,972,10992
1030,3406,1030.0689909552475,99637,113,67,252,109,86448,48147,1.350853598562783,71,33,19529,20176,13739,7107,16295,22507,49102,38798,28898,19398,1057,220,1021,3581,13165,22600,3511,191,1017,12942,8067,180,912,1152,16617,1408,980,11016
1031,3406,1031.0395825803353,99637,112,70,252,109,86464,48157,1.3511145458012586,69,37,19565,20215,13669,7074,16332,22494,49102,38798,28956,19496,1057,220,1013,3580,13129,22647,3510,190,1013,12885,8037,180,910,1154,16669,1415,987,11041
1032,3406,1032.008170069145,99637,114,60,252,109,86482,48160,1.3513253108784888,70,42,19603,20273,13593,7053,16367,22462,49102,38798,29013,19592,1056,220,1008,3576,13100,22688,3509,191,1015,12831,8006,180,906,1158,16716,1420,995,11062
1033,3406,1033.4578542772197,99636,105,65,253,109,86501,48182,1.3517503713517203,75,34,19696,20378,13504,7016,16366,22397,49102,38798,29069,19687,1053,219,1002,3577,13063,22744,3506,194,1018,12779,7976,180,901,1161,16755,1424,1002,11082
1034,3406,1034.4204490674942,99636,108,59,253,109,86514,48186,1.3519209924123812,73,37,19741,20445,13428,6990,16396,22359,49102,38798,29124,19780,1053,219,999,3579,13020,22797,3503,194,1014,12739,7944,180,895,1165,16788,1427,1009,11111
1035,3406,1035.3806272447512,99636,110,61,253,109,86531,48194,1.3521719057368822,69,35,19780,20508,13355,6953,16432,22333,49102,38798,29178,19872,1053,219,995,3581,12980,22846,3501,194,1016,12682,7914,180,895,1165,16837,1430,1011,11137
1036,3406,1036.3392241703734,99636,103,57,253,109,86547,48198,1.3523726363964832,67,40,19807,20559,13299,6923,16470,22311,49102,38798,29232,19963,1053,219,989,3580,12934,22906,3497,194,1020,12634,7891,180,891,1169,16878,1435,1013,11153
1037,3406,1037.296224758885,99636,107,61,253,109,86566,48205,1.3526335862539645,62,39,19846,20599,13229,6890,16502,22301,49102,38798,29285,20052,1052,219,986,3579,12893,22954,3496,195,1017,12588,7860,180,889,1168,16922,1438,1017,11183
1038,3406,1038.2515023790866,99636,105,65,253,109,86580,48213,1.3528543899795256,65,39,19898,20659,13151,6851,16527,22276,49102,38798,29337,20140,1052,219,981,3578,12857,23000,3495,195,1015,12538,7834,180,883,1172,16967,1442,1021,11207
1039,3406,1039.2044664498092,99636,109,61,253,109,86601,48220,1.353135412902967,58,36,19935,20714,13087,6824,16557,22255,49102,38798,29388,20226,1052,219,973,3577,12831,23038,3494,195,1012,12490,7801,180,881,1174,17007,1449,1030,11233
1040,3406,1040.1553748065287,99636,108,58,253,109,86612,48230,1.3533461800955477,50,28,19988,20773,13028,6802,16572,22229,49102,38798,29438,20311,1050,219,971,3576,12783,23095,3493,197,1011,12441,7779,180,879,1176,17051,1450,1035,11250
1041,3406,1041.1040911515804,99636,95,54,253,109,86620,48233,1.3534565819583284,54,32,20029,20830,12965,6770,16603,22204,49102,38798,29487,20395,1050,219,970,3576,12735,23150,3490,197,1011,12396,7759,180,876,1179,17093,1451,1043,11261
1042,3406,1042.0510792612188,99636,96,59,253,109,86627,48241,1.353607129953029,57,35,20073,20872,12896,6739,16624,22185,49102,38798,29535,20477,1050,218,968,3577,12685,23203,3490,197,1010,12365,7734,180,869,1186,17122,1453,1045,11284
1043,3406,1043.4671575100078,99636,100,55,253,109,86642,48249,1.3538379702115702,59,37,20162,20984,12806,6698,16619,22116,49102,38798,29583,20558,1050,218,964,3577,12661,23237,3488,197,1008,12321,7705,180,865,1188,17161,1456,1053,11307
1044,3406,1044.4078473285017,99636,105,63,253,109,86663,48262,1.3541792123328917,51,36,20202,21037,12756,6667,16632,22087,49102,38798,29630,20638,1049,217,961,3578,12629,23277,3487,198,1004,12273,7686,180,861,1192,17202,1459,1060,11323
1045,3406,1045.3463284617653,99636,99,70,253,109,86671,48276,1.3544000160584528,55,25,20240,21086,12709,6644,16643,22065,49102,38798,29676,20717,1048,217,956,3580,12599,23314,3486,199,1002,12225,7661,179,856,1196,17247,1462,1065,11344
1046,3406,1046.283241821596,99636,103,71,253,109,86683,48283,1.3545907101850736,57,28,20282,21134,12639,6614,16665,22043,49102,38798,29721,20794,1048,217,954,3579,12572,23346,3486,199,998,12182,7637,179,853,1198,17287,1464,1074,11363
1047,3406,1047.2181567999376,99636,96,75,253,109,86692,48290,1.3547512947127545,59,34,20331,21197,12586,6572,16674,22012,49102,38798,29766,20870,1045,217,951,3579,12546,23379,3483,202,997,12138,7613,179,849,1202,17327,1467,1077,11385
1048,3406,1048.15081577464,99636,101,67,253,109,86705,48297,1.3549520253723555,56,33,20387,21261,12521,6552,16681,21977,49102,38798,29810,20945,1044,217,949,3579,12495,23434,3483,203,996,12102,7593,179,847,1204,17359,1469,1085,11398
1049,3406,1049.081219231215,99636,106,67,253,109,86717,48303,1.3551326829659962,55,40,20436,21318,12454,6526,16695,21939,49102,38798,29853,21019,1044,217,948,3577,12462,23472,3483,203,993,12060,7574,179,845,1206,17398,1470,1092,11413
1050,3406,1050.0090865268578,99636,94,67,253,109,86722,48315,1.355303304026657,68,39,20468,21383,12406,6500,16710,21901,49102,38798,29896,21092,1043,217,942,3578,12436,23512,3481,204,994,12011,7548,179,843,1208,17434,1476,1095,11435
1051,3406,1051.3975795878196,99636,93,65,253,109,86742,48325,1.3556044000160585,63,41,20561,21464,12342,6467,16687,21853,49102,38798,29938,21163,1041,217,939,3576,12417,23546,3480,206,988,11966,7530,179,836,1213,17471,1478,1107,11446
1052,3406,1052.3200142518403,99636,91,69,253,109,86754,48335,1.3558252037416194,57,39,20612,21508,12282,6440,16704,21834,49102,38798,29979,21233,1041,216,933,3578,12389,23586,3478,206,986,11929,7516,179,834,1214,17499,1483,1113,11456
1053,3406,1053.2402491741457,99636,87,73,253,109,86761,48349,1.3560359709342005,62,27,20645,21562,12219,6413,16733,21815,49102,38798,30019,21302,1041,216,928,3579,12354,23631,3476,206,985,11896,7493,179,831,1216,17525,1487,1119,11474
1054,3406,1054.1588045387991,99636,89,73,253,109,86777,48355,1.3562567746597616,54,25,20683,21606,12174,6393,16746,21793,49102,38798,30059,21370,1041,216,924,3576,12326,23671,3476,206,982,11850,7478,179,828,1217,17564,1491,1124,11487
1055,3406,1055.0756648036809,99636,101,71,253,109,86794,48360,1.3564775783853227,53,26,20723,21659,12111,6366,16758,21768,49102,38798,30098,21437,1041,215,924,3577,12300,23703,3475,206,981,11812,7457,179,825,1219,17598,1491,1129,11504
1056,3406,1056.4474228876663,99636,103,58,253,109,86813,48366,1.3567284917098237,53,30,20812,21752,12038,6345,16740,21705,49102,38798,30137,21503,1040,215,921,3579,12272,23743,3472,207,982,11778,7431,179,822,1221,17625,1494,1135,11520
1057,3406,1057.3590260894052,99636,98,52,253,109,86826,48372,1.3569191858364447,47,30,20855,21810,11993,6327,16753,21671,49102,38798,30175,21568,1040,215,920,3580,12247,23778,3470,207,986,11728,7409,179,821,1222,17666,1495,1138,11535
1058,3406,1058.2685107970751,99636,98,54,253,109,86836,48380,1.3570998434300856,49,25,20901,21858,11936,6308,16762,21645,49102,38798,30212,21632,1040,215,916,3580,12224,23807,3469,207,986,11685,7391,179,819,1224,17705,1498,1141,11550
1059,3406,1059.1758337831086,99636,99,55,253,109,86845,48387,1.3572604279577662,52,22,20941,21921,11887,6278,16767,21614,49102,38798,30249,21695,1040,215,911,3580,12190,23846,3469,207,986,11648,7372,179,817,1226,17737,1503,1144,11566
1060,3406,1060.0817415391002,99636,92,52,253,109,86851,48391,1.3573607932875666,58,20,20943,21972,11858,6268,16795,21578,49102,38798,30285,21757,1039,215,905,3579,12170,23878,3469,208,986,11613,7352,179,815,1228,17761,1509,1148,11582
1061,3406,1061.2978683048555,99636,93,44,253,109,86867,48392,1.3575314143482275,66,27,21015,22069,11791,6243,16781,21507,49102,38798,30321,21818,1038,215,901,3578,12137,23919,3468,209,988,11580,7334,179,814,1229,17788,1513,1152,11594
1062,3406,1062.2000979017334,99636,95,41,253,109,86881,48396,1.3577120719418685,59,28,21071,22131,11741,6212,16780,21478,49102,38798,30356,21878,1037,215,900,3577,12114,23951,3467,210,989,11542,7318,179,814,1226,17823,1513,1155,11606
1063,3406,1063.1004574751369,99636,93,40,253,109,86893,48403,1.3579027660684893,53,26,21135,22204,11695,6185,16770,21435,49102,38798,30391,21937,1037,215,898,3579,12082,23989,3465,210,989,11510,7302,179,812,1228,17849,1515,1161,11616
1064,3406,1064.4458514698572,99636,94,38,253,109,86915,48411,1.3582038620578907,46,27,21235,22292,11632,6161,16739,21372,49102,38798,30425,21995,1034,214,894,3573,12071,24017,3465,213,988,11474,7285,179,807,1232,17876,1519,1168,11627
1065,3406,1065.3392109251338,99636,92,36,253,109,86927,48416,1.3583744831185516,45,28,21284,22347,11581,6141,16744,21338,49102,38798,30458,22052,1033,214,892,3574,12049,24045,3463,214,991,11434,7270,179,805,1234,17911,1521,1174,11633
1066,3406,1066.2305622512508,99636,92,37,253,109,86939,48423,1.3585651772451723,37,24,21349,22399,11534,6122,16734,21308,49102,38798,30491,22108,1033,214,890,3576,12035,24067,3460,214,991,11398,7256,179,802,1237,17940,1523,1178,11643
1067,3406,1067.1193121638787,99636,85,38,253,109,86947,48427,1.358685615640933,42,28,21395,22440,11499,6099,16725,21285,49102,38798,30523,22163,1033,214,887,3579,12007,24099,3456,214,989,11375,7234,179,801,1237,17961,1526,1185,11660
1068,3406,1068.0061991602101,99636,85,41,253,109,86956,48432,1.3588261271026536,37,25,21449,22507,11462,6070,16713,21247,49102,38798,30555,22217,1033,214,883,3579,11988,24121,3455,214,985,11345,7219,179,799,1239,17990,1530,1189,11674
1069,3406,1069.3323305582785,99636,79,38,253,109,86969,48438,1.3590168212292746,33,22,21528,22608,11406,6051,16700,21171,49102,38798,30586,22270,1032,214,882,3578,11964,24157,3454,215,985,11323,7201,179,797,1241,18002,1531,1195,11686
1070,3406,1070.2138272892826,99636,81,42,253,109,86979,48444,1.3591774057569552,27,21,21574,22666,11357,6023,16707,21138,49102,38798,30617,22322,1031,214,879,3577,11945,24181,3453,216,987,11297,7185,179,794,1244,18025,1534,1196,11699
1071,3406,1071.0934521368658,99636,76,38,253,109,86985,48447,1.3592677345537758,26,22,21628,22726,11314,6006,16702,21098,49102,38798,30648,22374,1031,214,876,3576,11928,24206,3453,216,986,11264,7164,179,790,1247,18052,1537,1201,11716
1072,3406,1072.1247893392353,99636,78,43,253,109,86991,48453,1.3593881729495363,31,25,21689,22793,11254,5974,16694,21055,49102,38798,30678,22425,1031,214,876,3576,11901,24235,3453,216,985,11243,7148,179,789,1248,18071,1537,1204,11730
1073,3406,1073.436572902909,99636,72,46,253,109,86999,48460,1.3595387209442371,30,19,21754,22863,11206,5948,16684,21014,49102,38798,30708,22475,1031,214,875,3576,11877,24266,3451,216,983,11223,7131,179,783,1253,18087,1538,1210,11743
1074,3406,1074.002797780035,99636,75,49,253,109,87005,48466,1.3596591593399976,34,19,21788,22914,11168,5932,16681,20976,49102,38798,30737,22524,1031,214,872,3576,11852,24294,3451,216,982,11197,7117,179,782,1254,18112,1539,1212,11756
1075,3406,1075.2503026259567,99636,70,46,253,109,87013,48470,1.359779597735758,33,18,21839,22973,11130,5916,16674,20937,49102,38798,30766,22572,1031,214,871,3577,11829,24323,3450,216,982,11172,7096,178,782,1253,18134,1540,1216,11772
1076,3406,1076.1585265023268,99636,76,44,253,109,87028,48476,1.3599903649283391,28,21,21922,23059,11071,5882,16649,20884,49102,38798,30794,22620,1030,214,870,3577,11810,24346,3449,217,979,11142,7082,178,781,1254,18161,1541,1225,11780
1077,3406,1077.02433668499,99636,73,38,253,109,87032,48478,1.3600505841262194,31,28,21968,23119,11027,5868,16647,20837,49102,38798,30822,22667,1030,213,868,3576,11793,24368,3449,217,978,11122,7067,178,777,1258,18179,1542,1233,11788
1078,3406,1078.3196126736887,99636,72,40,253,109,87045,48487,1.3602713878517805,27,30,22053,23223,10970,5836,16624,20761,49102,38798,30849,22713,1030,213,864,3574,11772,24400,3449,217,978,11097,7058,178,774,1260,18197,1545,1237,11793
1079,3406,1079.1802279619017,99636,69,40,253,109,87050,48492,1.3603717531815809,27,30,22098,23266,10929,5817,16623,20737,49102,38798,30876,22758,1030,211,863,3576,11747,24427,3449,217,980,11073,7044,178,772,1261,18221,1545,1240,11802
1080,3406,1080.0392945457065,99636,66,37,253,109,87058,48496,1.3604921915773416,28,31,22126,23330,10900,5795,16626,20697,49102,38798,30903,22803,1030,211,858,3576,11727,24454,3446,217,980,11053,7031,178,772,1261,18239,1548,1246,11809
1081,3406,1081.3249307092938,99636,70,41,253,109,87070,48509,1.3607431049018428,27,20,22236,23425,10842,5773,16571,20631,49102,38798,30929,22847,1030,211,857,3575,11710,24481,3446,217,977,11030,7014,178,771,1261,18255,1548,1252,11823
1082,3406,1082.1078925193015,99636,68,43,253,109,87074,48512,1.360813360632703,25,20,22240,23451,10819,5752,16594,20624,49102,38798,30955,22890,1030,211,857,3573,11690,24504,3446,217,975,11002,7002,178,771,1261,18282,1548,1255,11834
1083,3406,1083.2104145413125,99636,62,39,253,109,87081,48519,1.3609538720944236,36,21,22337,23556,10750,5721,16561,20553,49102,38798,30980,22932,1029,210,857,3571,11679,24527,3446,218,976,10970,6991,178,768,1263,18306,1548,1260,11839
1084,3406,1084.060252001742,99636,61,37,253,109,87088,48522,1.3610542374242243,36,22,22385,23613,10711,5708,16553,20510,49102,38798,31005,22974,1029,210,856,3571,11665,24550,3446,218,976,10946,6970,178,768,1263,18324,1547,1262,11857
1085,3406,1085.331303344314,99636,61,32,253,109,87098,48524,1.3611746758199847,35,26,22470,23690,10657,5683,16523,20459,49102,38798,31030,23015,1029,210,855,3571,11647,24577,3445,218,977,10924,6955,178,766,1264,18341,1547,1262,11870
1086,3406,1086.1759789780426,99636,65,33,253,109,87104,48528,1.3612750411497851,32,23,22517,23760,10610,5669,16522,20405,49102,38798,31054,23055,1029,210,855,3571,11628,24598,3445,218,976,10901,6943,178,764,1265,18364,1547,1264,11880
1087,3406,1087.0190991087068,99636,68,38,253,109,87116,48533,1.361445662210446,25,24,22566,23816,10571,5652,16516,20360,49102,38798,31078,23095,1029,210,853,3571,11603,24625,3444,218,977,10882,6931,178,762,1267,18382,1549,1264,11891
1088,3406,1088.2800447072575,99636,66,38,253,109,87125,48539,1.3615962102051467,30,26,22641,23912,10529,5623,16480,20291,49102,38798,31102,23134,1027,210,850,3571,11586,24646,3444,220,977,10858,6921,178,761,1268,18403,1551,1268,11897
1089,3406,1089.118280980443,99636,67,43,253,109,87132,48550,1.3617768677987876,29,21,22682,23951,10496,5606,16472,20269,49102,38798,31125,23173,1026,210,849,3570,11566,24668,3444,221,979,10834,6910,178,760,1269,18426,1552,1271,11903
1090,3406,1090.1964919802588,99636,69,43,253,109,87142,48554,1.3619173792605082,26,18,22725,24015,10458,5591,16468,20223,49102,38798,31148,23211,1024,210,848,3571,11545,24693,3443,223,979,10810,6902,178,759,1270,18446,1553,1273,11909
1091,3406,1091.3887082688448,99636,69,39,253,109,87150,48558,1.3620378176562689,28,19,22799,24080,10403,5577,16447,20175,49102,38798,31171,23248,1024,210,846,3572,11532,24713,3441,223,977,10781,6891,178,757,1271,18471,1555,1279,11915
1092,3406,1092.3676228141092,99636,68,36,253,109,87161,48563,1.3621984021839495,22,26,22897,24182,10354,5550,16405,20096,49102,38798,31193,23285,1023,210,843,3574,11515,24735,3439,224,976,10765,6876,178,752,1275,18485,1557,1283,11926
1093,3406,1093.196749122754,99636,61,37,253,109,87168,48567,1.3623088040467302,18,22,22953,24219,10325,5540,16389,20072,49102,38798,31215,23321,1022,209,841,3575,11501,24757,3439,225,976,10738,6867,177,751,1276,18505,1559,1286,11932
1094,3406,1094.0167090389377,99636,58,35,253,109,87172,48571,1.3623890963105705,21,21,23001,24276,10292,5526,16374,20032,49102,38798,31237,23357,1021,209,840,3574,11482,24781,3439,226,976,10722,6855,177,751,1275,18519,1560,1289,11940
