,indexID,time,N,Inf_L,Inf_H,Dead_L,Dead_H,cum_cases_L,cum_cases_H,cum_sum_per_N,Exposed_L,Exposed_H,Sus_L,Sus_H,Rec_nat_L,Rec_nat_H,Rec_vax_L,Rec_vax_H,vaccinatedH,vaccinatedL,boostedH,boostedL,count_Naive,count_Delta,count_Delta_vaccine,count_two,count_three,count_four,count_Omicron,count_Omicron_star,count_Omicron_star_vaccine,count_Omicron_vaccine,count_Vaccine,count_WT,count_WT_vaccine,count_WT_vaccine_boost,count_Omicron_vaccine_boost,count_Delta_vaccine_boost,count_Omicron_star_vaccine_boost,count_Vaccine_boost
0,2661,1.0365346249762848,99998,8,8,0,0,11,11,0.00022000440008800175,15,15,49973,49973,3,3,0,0,0,0,0,0,99992,0,0,0,0,0,0,0,0,0,0,6,0,0,0,0,0,0
1,2661,2.0569014004784925,99998,11,12,0,0,14,15,0.00029000580011600234,16,12,49969,49972,3,3,0,0,0,0,0,0,99992,0,0,0,0,0,0,0,0,0,0,6,0,0,0,0,0,0
2,2661,3.0358275867422964,99998,11,15,0,0,17,19,0.0003600072001440029,16,8,49966,49972,6,4,0,0,0,0,0,0,99988,0,0,0,0,0,0,0,0,0,0,10,0,0,0,0,0,0
3,2661,4.071232987600278,99998,11,14,0,0,19,21,0.0004000080001600032,16,6,49964,49972,8,7,0,0,0,0,0,0,99983,0,0,0,0,0,0,0,0,0,0,15,0,0,0,0,0,0
4,2661,5.051915899851945,99998,14,12,0,0,23,22,0.0004500090001800036,13,8,49963,49969,9,10,0,0,0,0,0,0,99979,0,0,0,0,0,0,0,0,0,0,19,0,0,0,0,0,0
5,2661,6.020929080055077,99998,13,13,0,0,26,27,0.0005300106002120043,11,6,49962,49966,13,14,0,0,0,0,0,0,99971,0,0,0,0,0,0,0,0,0,0,27,0,0,0,0,0,0
6,2661,7.007427598462002,99998,14,15,0,0,28,30,0.0005800116002320047,12,5,49959,49964,14,15,0,0,0,0,0,0,99969,0,0,0,0,0,0,0,0,0,0,29,0,0,0,0,0,0
7,2661,8.013639917673725,99998,14,13,0,0,31,32,0.000630012600252005,10,4,49958,49963,17,19,0,0,0,0,0,0,99962,0,0,0,0,0,0,0,0,0,0,36,0,0,0,0,0,0
8,2661,9.061764303264662,99998,16,14,0,0,34,34,0.0006800136002720054,12,4,49953,49962,18,19,0,0,0,0,0,0,99960,0,0,0,0,0,0,0,0,0,0,38,0,0,0,0,0,0
9,2661,10.000591177259418,99998,19,16,0,0,39,37,0.0007600152003040061,10,6,49950,49957,20,20,0,0,0,0,0,0,99957,0,0,0,0,0,0,0,0,0,0,41,0,0,0,0,0,0
10,2661,11.14675461316835,99998,21,17,0,0,44,40,0.0008400168003360067,7,6,49948,49954,23,22,0,0,0,0,0,0,99952,0,0,0,0,0,0,0,0,0,0,46,0,0,0,0,0,0
11,2661,12.236677377244364,99998,15,15,0,0,48,42,0.0009000180003600072,5,5,49947,49953,32,26,0,0,0,0,0,0,99938,0,0,0,0,0,0,0,0,0,0,60,0,0,0,0,0,0
12,2661,13.013532949889283,99998,11,11,0,0,48,42,0.0009000180003600072,8,5,49944,49953,36,30,0,0,0,0,0,0,99930,0,0,0,0,0,0,0,0,0,0,68,0,0,0,0,0,0
13,2661,14.079549623737,99998,9,10,0,0,49,44,0.0009300186003720074,7,4,49944,49953,39,32,0,0,0,0,0,0,99924,0,0,0,0,0,0,0,0,0,0,74,0,0,0,0,0,0
14,2661,15.322646708811384,99998,8,8,0,0,50,44,0.0009400188003760075,6,6,49944,49951,41,34,0,0,0,0,0,0,99920,0,0,0,0,0,0,0,0,0,0,78,0,0,0,0,0,0
15,2661,16.120431938259994,99998,7,7,0,0,52,46,0.0009800196003920078,5,4,49943,49951,44,37,0,0,0,0,0,0,99914,0,0,0,0,0,0,0,0,0,0,84,0,0,0,0,0,0
16,2661,17.032235962000172,99998,6,7,0,0,52,48,0.001000020000400008,6,2,49942,49951,45,39,0,0,0,0,0,0,99911,0,0,0,0,0,0,0,0,0,0,87,0,0,0,0,0,0
17,2661,18.24825669442926,99998,8,6,0,0,54,48,0.0010200204004080081,8,2,49938,49951,45,40,0,0,0,0,0,0,99910,0,0,0,0,0,0,0,0,0,0,88,0,0,0,0,0,0
18,2661,19.14889555324946,99998,10,6,0,0,56,48,0.0010400208004160082,6,2,49938,49951,45,40,0,0,0,0,0,0,99910,0,0,0,0,0,0,0,0,0,0,88,0,0,0,0,0,0
19,2661,20.009980817481686,99998,13,6,0,0,59,48,0.0010700214004280085,5,2,49936,49951,45,40,0,0,0,0,0,0,99910,0,0,0,0,0,0,0,0,0,0,88,0,0,0,0,0,0
20,2661,21.049421445647887,99998,13,6,0,0,60,49,0.0010900218004360088,5,2,49935,49950,46,41,0,0,0,0,0,0,99908,0,0,0,0,0,0,0,0,0,0,90,0,0,0,0,0,0
21,2661,22.001241917745485,99998,11,6,0,0,61,49,0.001100022000440009,4,4,49935,49948,49,41,0,0,0,0,0,0,99905,0,0,0,0,0,0,0,0,0,0,93,0,0,0,0,0,0
22,2661,23.33889838261838,99998,12,7,0,0,62,51,0.0011300226004520091,5,3,49933,49947,49,42,0,0,0,0,0,0,99904,0,0,0,0,0,0,0,0,0,0,94,0,0,0,0,0,0
23,2661,24.083667551296795,99998,9,7,0,0,62,52,0.001140022800456009,5,2,49933,49947,52,43,0,0,0,0,0,0,99900,0,0,0,0,0,0,0,0,0,0,98,0,0,0,0,0,0
24,2661,25.016636747841915,99998,9,6,0,0,64,52,0.0011600232004640094,3,2,49934,49947,53,44,0,0,0,0,0,0,99897,0,0,0,0,0,0,0,0,0,0,101,0,0,0,0,0,0
25,2661,26.1552427980137,99998,11,5,0,0,66,52,0.0011800236004720095,4,2,49931,49947,53,45,0,0,0,0,0,0,99896,0,0,0,0,0,0,0,0,0,0,102,0,0,0,0,0,0
26,2661,27.270627583083183,99998,9,4,0,0,66,52,0.0011800236004720095,5,4,49930,49946,55,45,0,0,0,0,0,0,99893,0,0,0,0,0,0,0,0,0,0,105,0,0,0,0,0,0
27,2661,28.05157513342736,99998,9,5,0,0,66,53,0.0011900238004760096,5,3,49931,49947,54,44,0,0,0,0,0,0,99893,0,0,0,0,0,0,0,0,0,0,105,0,0,0,0,0,0
28,2661,29.268705739538785,99998,8,4,0,0,66,53,0.0011900238004760096,6,3,49930,49947,55,45,0,0,0,0,0,0,99891,0,0,0,0,0,0,0,0,0,0,107,0,0,0,0,0,0
29,2661,30.05287268901162,99998,8,4,0,0,66,53,0.0011900238004760096,9,3,49927,49947,55,45,0,0,0,0,0,0,99891,0,0,0,0,0,0,0,0,0,0,107,0,0,0,0,0,0
30,2661,31.137351354220733,99998,10,7,0,0,68,56,0.00124002480049601,9,1,49925,49946,55,45,0,0,0,0,0,0,99891,0,0,0,0,0,0,0,0,0,0,107,0,0,0,0,0,0
31,2661,32.062379762014416,99998,10,8,0,0,69,57,0.00126002520050401,10,0,49923,49946,56,45,0,0,0,0,0,0,99890,0,0,0,0,0,0,0,0,0,0,108,0,0,0,0,0,0
32,2661,33.03140570945701,99998,12,4,0,0,72,57,0.0012900258005160102,8,0,49922,49946,57,49,0,0,0,0,0,0,99885,0,0,0,0,0,0,0,0,0,0,113,0,0,0,0,0,0
33,2661,34.19463109865256,99998,10,4,0,0,74,57,0.0013100262005240105,8,0,49920,49947,61,48,0,0,0,0,0,0,99881,0,0,0,0,0,0,0,0,0,0,117,0,0,0,0,0,0
34,2661,35.25129666617989,99998,10,4,0,0,75,57,0.0013200264005280105,10,2,49918,49946,61,47,0,0,0,0,0,0,99880,0,0,0,0,0,0,0,0,0,0,118,0,0,0,0,0,0
35,2661,36.06646793108426,99998,13,4,0,0,78,57,0.0013500270005400107,8,3,49917,49945,61,47,0,0,0,0,0,0,99880,0,0,0,0,0,0,0,0,0,0,118,0,0,0,0,0,0
36,2661,37.0169599240631,99998,13,5,0,0,80,58,0.001380027600552011,8,2,49915,49946,63,46,0,0,0,0,0,0,99878,0,0,0,0,0,0,0,0,0,0,120,0,0,0,0,0,0
37,2661,38.09701381552669,99998,14,6,0,0,82,59,0.0014100282005640114,8,1,49913,49946,64,46,0,0,0,0,0,0,99877,0,0,0,0,0,0,0,0,0,0,121,0,0,0,0,0,0
38,2661,39.05249313567231,99998,15,6,0,0,86,59,0.0014500290005800115,6,3,49911,49945,67,45,0,0,0,0,0,0,99874,0,0,0,0,0,0,0,0,0,0,124,0,0,0,0,0,0
39,2661,40.0465292689895,99998,16,6,0,0,89,60,0.001490029800596012,4,3,49910,49944,69,46,0,0,0,0,0,0,99871,0,0,0,0,0,0,0,0,0,0,127,0,0,0,0,0,0
40,2661,41.010812730849004,99998,17,7,0,0,91,62,0.0015300306006120123,4,3,49908,49942,70,47,0,0,0,0,0,0,99869,0,0,0,0,0,0,0,0,0,0,129,0,0,0,0,0,0
41,2661,42.126435230697346,99998,16,8,0,0,92,63,0.0015500310006200124,8,2,49903,49944,72,45,0,0,0,0,0,0,99867,0,0,0,0,0,0,0,0,0,0,131,0,0,0,0,0,0
42,2661,43.13898709197954,99997,18,6,0,1,95,63,0.0015800474014220427,5,3,49903,49943,73,46,0,0,0,0,0,0,99864,0,0,0,0,0,0,0,0,0,0,133,0,0,0,0,0,0
43,2661,44.184407732171366,99997,18,5,0,1,97,63,0.0016000480014400431,7,3,49899,49943,75,47,0,0,0,0,0,0,99861,0,0,0,0,0,0,0,0,0,0,136,0,0,0,0,0,0
44,2661,45.29066840452117,99997,16,4,0,1,97,64,0.0016100483014490435,12,3,49895,49942,76,49,0,0,0,0,0,0,99857,0,0,0,0,0,0,0,0,0,0,140,0,0,0,0,0,0
45,2661,46.04714474674222,99997,17,5,0,1,99,65,0.0016400492014760444,11,2,49894,49942,77,49,0,0,0,0,0,0,99856,0,0,0,0,0,0,0,0,0,0,141,0,0,0,0,0,0
46,2661,47.02842488562296,99997,18,6,0,1,102,66,0.0016800504015120454,10,1,49892,49942,79,49,0,0,0,0,0,0,99854,0,0,0,0,0,0,0,0,0,0,143,0,0,0,0,0,0
47,2661,48.06807227560067,99997,18,5,0,1,105,66,0.001710051301539046,10,3,49889,49942,82,48,0,0,0,0,0,0,99850,0,0,0,0,0,0,0,0,0,0,147,0,0,0,0,0,0
48,2661,49.28217274284796,99997,19,4,0,1,108,66,0.001740052201566047,11,6,49886,49939,83,49,0,0,0,0,0,0,99847,0,0,0,0,0,0,0,0,0,0,150,0,0,0,0,0,0
49,2661,50.06380620291027,99997,21,7,0,1,112,69,0.001810054301629049,11,3,49882,49939,85,49,0,0,0,0,0,0,99845,0,0,0,0,0,0,0,0,0,0,152,0,0,0,0,0,0
50,2661,51.001494349265286,99997,24,6,0,1,117,70,0.0018700561016830506,9,2,49879,49939,87,51,0,0,0,0,0,0,99841,0,0,0,0,0,0,0,0,0,0,156,0,0,0,0,0,0
51,2661,52.06088201781726,99997,23,5,0,1,120,70,0.0019000570017100513,9,3,49876,49938,91,52,0,0,0,0,0,0,99836,0,0,0,0,0,0,0,0,0,0,161,0,0,0,0,0,0
52,2661,53.03698789246242,99997,19,6,0,1,123,71,0.0019400582017460523,8,2,49875,49938,97,52,0,0,0,0,0,0,99829,0,0,0,0,0,0,0,0,0,0,168,0,0,0,0,0,0
53,2661,54.103391625872725,99997,16,5,0,1,127,72,0.001990059701791054,5,1,49874,49938,104,54,0,0,0,0,0,0,99820,0,0,0,0,0,0,0,0,0,0,177,0,0,0,0,0,0
54,2661,55.02272043188922,99997,14,6,0,1,130,73,0.0020300609018270546,4,0,49872,49938,109,54,0,0,0,0,0,0,99815,0,0,0,0,0,0,0,0,0,0,182,0,0,0,0,0,0
55,2661,56.32160228487651,99997,11,6,0,1,130,73,0.0020300609018270546,8,0,49870,49940,110,52,0,0,0,0,0,0,99812,0,0,0,0,0,0,0,0,0,0,185,0,0,0,0,0,0
56,2661,57.12636016998759,99997,11,6,0,1,132,73,0.0020500615018450553,7,1,49869,49939,112,52,0,0,0,0,0,0,99810,0,0,0,0,0,0,0,0,0,0,187,0,0,0,0,0,0
57,2661,58.09582843021509,99997,10,6,0,1,134,74,0.002080062401872056,6,2,49868,49937,115,53,0,0,0,0,0,0,99807,0,0,1,0,0,0,0,0,0,0,189,0,0,0,0,0,0
58,2661,59.23079166084885,99997,7,7,0,1,135,75,0.002100063001890057,5,3,49869,49935,118,53,0,0,0,0,0,0,99803,0,0,1,0,0,0,0,0,0,0,193,0,0,0,0,0,0
59,2661,60.263305064774144,99997,7,5,0,1,138,76,0.0021400642019260576,5,3,49866,49934,121,56,0,0,0,0,0,0,99797,0,0,1,0,0,0,0,0,0,0,199,0,0,0,0,0,0
60,2661,61.023256951235055,99997,11,7,0,1,143,78,0.0022100663019890597,1,1,49865,49935,122,55,0,0,0,0,0,0,99796,0,0,1,0,0,0,0,0,0,0,200,0,0,0,0,0,0
61,2661,62.26865375237563,99997,12,6,0,1,144,79,0.0022300669020070604,1,1,49865,49934,121,57,0,0,0,0,0,0,99794,0,0,1,0,0,0,0,0,0,0,202,0,0,0,0,0,0
62,2661,63.127235083572856,99997,11,5,0,1,144,79,0.0022300669020070604,4,1,49862,49934,122,58,0,0,0,0,0,0,99792,0,0,1,0,0,0,0,0,0,0,204,0,0,0,0,0,0
63,2661,64.26224990290198,99997,12,5,0,1,145,80,0.0022500675020250605,4,2,49862,49933,121,58,0,0,0,0,0,0,99791,0,0,1,0,0,0,0,0,0,0,205,0,0,0,0,0,0
64,2661,65.00281150301862,99997,12,4,0,1,146,80,0.002260067802034061,4,4,49861,49931,122,59,0,0,0,0,0,0,99789,0,0,1,0,0,0,0,0,0,0,207,0,0,0,0,0,0
65,2661,66.00354530441338,99997,8,2,0,1,146,81,0.002270068102043061,5,4,49860,49930,126,62,0,0,0,0,0,0,99782,0,0,1,0,0,0,0,0,0,0,214,0,0,0,0,0,0
66,2661,67.03004933902977,99997,7,2,0,1,146,82,0.0022800684020520615,7,3,49858,49930,127,63,0,0,0,0,0,0,99780,0,0,1,0,0,0,0,0,0,0,216,0,0,0,0,0,0
67,2661,68.132478677612,99997,7,3,0,1,147,83,0.002300069002070062,6,5,49858,49927,128,63,0,0,0,0,0,0,99779,0,0,1,0,0,0,0,0,0,0,217,0,0,0,0,0,0
68,2661,69.17708426493571,99997,9,4,0,1,150,84,0.0023400702021060633,5,5,49856,49926,129,63,0,0,0,0,0,0,99778,0,0,1,0,0,0,0,0,0,0,218,0,0,0,0,0,0
69,2661,70.03317842994045,99997,11,5,0,1,152,86,0.002380071402142064,4,3,49855,49927,129,63,0,0,0,0,0,0,99777,0,0,1,0,0,0,0,0,0,0,219,0,0,0,0,0,0
70,2661,71.05611462276043,99997,10,6,0,1,154,88,0.0024200726021780653,7,1,49851,49928,131,63,0,0,0,0,0,0,99773,0,0,1,0,0,0,0,0,0,0,223,0,0,0,0,0,0
71,2661,72.09878396659086,99997,11,4,0,1,156,89,0.0024500735022050663,7,1,49849,49927,132,66,0,0,0,0,0,0,99769,0,0,1,0,0,0,0,0,0,0,227,0,0,0,0,0,0
72,2661,73.18432820869957,99997,13,4,0,1,158,89,0.002470074102223067,7,2,49848,49926,131,66,0,0,0,0,0,0,99769,0,0,1,0,0,0,0,0,0,0,227,0,0,0,0,0,0
73,2661,74.20365403197736,99997,13,5,0,1,158,90,0.002480074402232067,8,2,49847,49925,131,66,0,0,0,0,0,0,99769,0,0,1,0,0,0,0,0,0,0,227,0,0,0,0,0,0
74,2661,75.02689363223783,99997,13,6,0,1,160,91,0.0025100753022590677,9,2,49845,49924,132,66,0,0,0,0,0,0,99767,0,0,1,0,0,0,0,0,0,0,229,0,0,0,0,0,0
75,2661,76.18445707348003,99997,12,5,0,1,163,92,0.002550076502295069,7,1,49844,49924,136,68,0,0,0,0,0,0,99761,0,0,1,0,0,0,0,0,0,0,235,0,0,0,0,0,0
76,2661,77.15314698628416,99997,12,5,0,1,165,92,0.0025700771023130695,5,1,49844,49924,138,68,0,0,0,0,0,0,99759,0,0,1,0,0,0,0,0,0,0,237,0,0,0,0,0,0
77,2661,78.15220020452925,99997,10,7,0,1,165,94,0.00259007770233107,6,4,49843,49919,140,68,0,0,0,0,0,0,99757,0,0,1,0,0,0,0,0,0,0,239,0,0,0,0,0,0
78,2661,79.14054738381675,99997,9,7,0,1,165,96,0.0026100783023490703,6,4,49843,49917,141,70,0,0,0,0,0,0,99754,0,0,1,0,0,0,0,0,0,0,242,0,0,0,0,0,0
79,2661,80.33548374257208,99997,13,5,0,1,170,97,0.002670080102403072,4,3,49841,49918,141,72,0,0,0,0,0,0,99750,0,0,1,0,0,0,0,0,0,0,246,0,0,0,0,0,0
80,2661,81.07459528556413,99997,12,6,0,1,171,98,0.0026900807024210728,5,2,49839,49918,143,72,0,0,0,0,0,0,99748,0,0,1,0,0,0,0,0,0,0,248,0,0,0,0,0,0
81,2661,82.10133342242763,99997,12,6,0,1,172,99,0.0027100813024390734,7,3,49837,49916,143,73,0,0,0,0,0,0,99746,0,0,1,0,0,0,0,0,0,0,250,0,0,0,0,0,0
82,2661,83.03911381803803,99997,11,7,0,1,174,101,0.002750082502475074,7,1,49836,49916,145,74,0,0,0,0,0,0,99742,0,0,1,0,0,0,0,0,0,0,254,0,0,0,0,0,0
83,2661,84.2209990502516,99997,12,5,0,1,178,101,0.0027900837025110754,6,2,49834,49915,147,76,0,0,0,0,0,0,99737,0,0,1,0,0,0,0,0,0,0,259,0,0,0,0,0,0
84,2661,85.33321664680274,99997,10,5,0,1,178,101,0.0027900837025110754,10,3,49830,49916,149,74,0,0,0,0,0,0,99735,0,0,1,0,0,0,0,0,0,0,261,0,0,0,0,0,0
85,2661,86.22358487813038,99997,10,6,0,1,179,102,0.002810084302529076,9,4,49830,49915,150,73,0,0,0,0,0,0,99734,0,0,1,0,0,0,0,0,0,0,262,0,0,0,0,0,0
86,2661,87.11683373413362,99997,12,5,0,1,182,102,0.0028400852025560765,6,5,49831,49914,150,74,0,0,0,0,0,0,99732,0,0,1,0,0,0,0,0,0,0,264,0,0,0,0,0,0
87,2661,88.02467129692432,99997,12,4,0,1,183,102,0.002850085502565077,6,5,49830,49914,151,75,0,0,0,0,0,0,99730,0,0,1,0,0,0,0,0,0,0,266,0,0,0,0,0,0
88,2661,89.18694310115386,99997,12,7,0,1,187,105,0.002920087602628079,5,5,49827,49912,155,74,0,0,0,0,0,0,99726,0,0,1,0,0,0,0,0,0,0,270,0,0,0,0,0,0
89,2661,90.03213845313749,99997,14,9,0,1,190,108,0.0029800894026820804,3,3,49826,49911,156,75,0,0,0,0,0,0,99724,0,0,1,0,0,0,0,0,0,0,272,0,0,0,0,0,0
90,2661,91.11144190268003,99997,12,6,0,1,192,109,0.0030100903027090813,2,2,49825,49912,160,78,0,0,0,0,0,0,99716,0,0,1,0,0,0,0,0,0,0,280,0,0,0,0,0,0
91,2661,92.027950098244,99997,13,5,0,1,193,110,0.003030090902727082,1,1,49825,49913,160,79,0,0,0,0,0,0,99714,0,0,1,0,0,0,0,0,0,0,282,0,0,0,0,0,0
92,2661,93.17236157457359,99997,13,5,0,1,194,111,0.0030500915027450825,2,1,49823,49912,161,80,0,0,0,0,0,0,99712,0,0,1,0,0,0,0,0,0,0,284,0,0,0,0,0,0
93,2661,94.29886294509937,99997,12,5,0,1,195,111,0.0030600918027540824,3,2,49823,49913,161,78,0,0,0,0,0,0,99710,0,0,1,0,0,0,0,0,0,0,286,0,0,0,0,0,0
94,2661,95.32807334259232,99997,12,4,0,1,196,111,0.0030700921027630827,6,2,49819,49913,162,79,0,0,0,0,0,0,99708,0,0,1,0,0,0,0,0,0,0,288,0,0,0,0,0,0
95,2661,96.04690986277954,99997,14,3,0,1,198,111,0.0030900927027810833,5,2,49819,49913,161,80,0,0,0,0,0,0,99707,0,0,1,0,0,0,0,0,0,0,289,0,0,0,0,0,0
96,2661,97.1473571263779,99997,14,3,0,1,198,112,0.0031000930027900836,8,2,49816,49912,161,81,0,0,0,0,0,0,99706,0,0,1,0,0,0,0,0,0,0,290,0,0,0,0,0,0
97,2661,98.11699952868092,99997,13,3,0,1,202,113,0.003150094502835085,7,1,49813,49912,166,82,0,0,0,0,0,0,99700,0,0,1,0,0,0,0,0,0,0,296,0,0,0,0,0,0
98,2661,99.04361441942385,99997,17,2,0,1,207,113,0.0032000960028800863,3,1,49812,49912,167,83,0,0,0,0,0,0,99698,0,0,1,0,0,0,0,0,0,0,298,0,0,0,0,0,0
99,2661,100.12299435264067,99997,15,2,0,1,207,113,0.0032000960028800863,6,3,49810,49910,168,83,0,0,0,0,0,0,99696,0,0,1,0,0,0,0,0,0,0,300,0,0,0,0,0,0
100,2661,101.13461494331503,99997,17,4,0,1,209,115,0.0032400972029160875,7,2,49807,49909,168,83,0,0,0,0,0,0,99696,0,0,1,0,0,0,0,0,0,0,300,0,0,0,0,0,0
101,2661,102.09203320502262,99997,16,4,0,1,212,116,0.0032800984029520888,5,1,49808,49909,170,84,0,0,0,0,0,0,99691,0,0,1,0,0,0,0,0,0,0,305,0,0,0,0,0,0
102,2661,103.02304260558627,99997,11,3,0,1,212,116,0.0032800984029520888,7,2,49806,49909,175,84,0,0,0,0,0,0,99685,0,0,1,0,0,0,0,0,0,0,311,0,0,0,0,0,0
103,2661,104.01519579822636,99997,13,3,0,1,214,116,0.003300099002970089,7,2,49804,49909,175,84,0,0,0,0,0,0,99685,0,0,1,0,0,0,0,0,0,0,311,0,0,0,0,0,0
104,2661,105.23910378463196,99997,12,3,0,1,216,117,0.00333009990299709,7,2,49804,49909,176,84,0,0,0,0,0,0,99681,0,0,1,0,0,0,0,0,0,0,315,0,0,0,0,0,0
105,2661,106.02361737743627,99997,14,4,0,1,218,118,0.0033601008030240908,7,1,49803,49909,175,84,0,0,0,0,0,0,99681,0,0,1,0,0,0,0,0,0,0,315,0,0,0,0,0,0
106,2661,107.07489519479307,99997,15,4,0,1,219,118,0.003370101103033091,9,1,49800,49910,175,83,0,0,0,0,0,0,99681,0,0,1,0,0,0,0,0,0,0,315,0,0,0,0,0,0
107,2661,108.05899779645826,99997,16,4,0,1,222,119,0.003410102303069092,8,0,49798,49910,177,84,0,0,0,0,0,0,99678,0,0,1,0,0,0,0,0,0,0,318,0,0,0,0,0,0
108,2661,109.14482609838898,99997,14,5,0,1,223,120,0.0034301029030870925,7,3,49799,49906,179,84,0,0,0,0,0,0,99675,0,0,1,0,0,0,0,0,0,0,321,0,0,0,0,0,0
109,2661,110.19310441327426,99997,13,7,0,1,224,122,0.0034601038031140934,6,1,49799,49906,181,84,0,0,0,0,0,0,99673,0,0,1,0,0,0,0,0,0,0,323,0,0,0,0,0,0
110,2661,111.05548059773203,99997,13,7,0,1,225,124,0.0034901047031410943,7,2,49797,49904,182,85,0,0,0,0,0,0,99670,0,0,1,0,0,0,0,0,0,0,326,0,0,0,0,0,0
111,2661,112.0672429848798,99997,13,7,0,1,227,124,0.003510105303159095,6,3,49796,49903,184,85,0,0,0,0,0,0,99668,0,0,1,0,0,0,0,0,0,0,328,0,0,0,0,0,0
112,2661,113.19950123245346,99997,12,7,0,1,229,124,0.003530105903177095,8,4,49792,49903,187,84,0,0,0,0,0,0,99665,0,0,1,0,0,0,0,0,0,0,331,0,0,0,0,0,0
113,2661,114.1487978108248,99997,10,6,0,1,229,126,0.0035501065031950958,8,4,49793,49902,188,86,0,0,0,0,0,0,99660,0,0,1,0,0,0,0,0,0,0,336,0,0,0,0,0,0
114,2661,115.02278063993084,99997,10,5,0,1,230,127,0.0035701071032130964,9,4,49791,49901,189,88,0,0,0,0,0,0,99657,0,0,1,0,0,0,0,0,0,0,339,0,0,0,0,0,0
115,2661,116.01804186032354,99997,11,5,0,1,232,128,0.0036001080032400973,12,3,49789,49901,187,89,0,0,0,0,0,0,99655,0,0,1,0,0,0,0,0,0,0,341,0,0,0,0,0,0
116,2661,117.02888773106588,99997,16,5,0,1,237,129,0.0036601098032940987,9,2,49788,49901,186,90,0,0,0,0,0,0,99654,0,0,1,0,0,0,0,0,0,0,342,0,0,0,0,0,0
117,2661,118.11952352548823,99997,17,6,0,1,240,130,0.0037001110033301,7,2,49788,49901,187,89,0,0,0,0,0,0,99652,0,0,1,0,0,0,0,0,0,0,344,0,0,0,0,0,0
118,2661,119.08364573579554,99997,17,7,0,1,242,131,0.003730111903357101,7,2,49786,49900,189,89,0,0,0,0,0,0,99650,0,0,1,0,0,0,0,0,0,0,346,0,0,0,0,0,0
119,2661,120.01024925571869,99997,16,6,0,1,243,131,0.003740112203366101,13,3,49779,49900,191,89,0,0,0,0,0,0,99647,0,0,1,0,0,0,0,0,0,0,349,0,0,0,0,0,0
120,2661,121.21160905194351,99997,17,4,0,1,246,131,0.0037701131033931017,12,3,49777,49901,193,90,0,0,0,0,0,0,99643,0,0,1,0,0,0,0,0,0,0,353,0,0,0,0,0,0
121,2661,122.06076650026766,99997,18,2,0,1,250,131,0.003810114303429103,11,4,49775,49900,195,92,0,0,0,0,0,0,99638,0,0,1,0,0,0,0,0,0,0,358,0,0,0,0,0,0
122,2661,123.05634332057112,99997,15,3,0,1,252,132,0.003840115203456104,11,5,49773,49898,200,92,0,0,0,0,0,0,99633,0,0,1,0,0,0,0,0,0,0,363,0,0,0,0,0,0
123,2661,124.25557209336502,99997,13,4,0,1,254,134,0.0038801164034921046,11,3,49771,49898,204,93,0,0,0,0,0,0,99628,0,0,1,0,0,0,0,0,0,0,368,0,0,0,0,0,0
124,2661,125.14927864600018,99997,12,4,0,1,255,135,0.0039001170035101052,11,2,49772,49898,204,94,0,0,0,0,0,0,99625,0,0,1,0,0,0,0,0,0,0,371,0,0,0,0,0,0
125,2661,126.0201757401596,99997,8,4,0,1,256,135,0.003910117303519106,12,2,49770,49898,209,94,0,0,0,0,0,0,99620,0,0,1,0,0,0,0,0,0,0,376,0,0,0,0,0,0
126,2661,127.09898603720951,99997,12,4,0,1,261,135,0.003960118803564107,10,2,49767,49898,210,94,0,0,0,0,0,0,99619,0,0,1,0,0,0,0,0,0,0,377,0,0,0,0,0,0
127,2661,128.1914803121065,99997,13,6,0,1,263,137,0.004000120003600108,9,3,49767,49895,210,94,0,0,0,0,0,0,99618,0,0,1,0,0,0,0,0,0,0,378,0,0,0,0,0,0
128,2661,129.03199219854343,99997,14,6,0,1,266,137,0.004030120903627109,9,3,49764,49896,212,93,0,0,0,0,0,0,99616,0,0,1,0,0,0,0,0,0,0,380,0,0,0,0,0,0
129,2661,130.00481231716032,99997,15,6,0,1,270,138,0.00408012240367211,8,3,49761,49895,215,94,0,0,0,0,0,0,99612,0,0,1,0,0,0,0,0,0,0,384,0,0,0,0,0,0
130,2661,131.20888785895315,99997,15,6,0,1,273,139,0.004120123603708111,5,2,49761,49896,218,94,0,0,0,0,0,0,99608,0,0,1,0,0,0,0,0,0,0,388,0,0,0,0,0,0
131,2661,132.28589241664648,99997,18,6,0,1,276,139,0.0041501245037351125,4,5,49760,49893,217,94,0,0,0,0,0,0,99608,0,0,1,0,0,0,0,0,0,0,388,0,0,0,0,0,0
132,2661,133.331357582456,99997,16,7,0,1,277,141,0.004180125403762113,3,4,49760,49892,220,95,0,0,0,0,0,0,99604,0,0,1,0,0,0,0,0,0,0,392,0,0,0,0,0,0
133,2661,134.29553987832642,99997,16,6,0,1,278,141,0.004190125703771113,7,6,49755,49890,221,96,0,0,0,0,0,0,99602,0,0,1,0,0,0,0,0,0,0,394,0,0,0,0,0,0
134,2661,135.0517434987273,99997,15,6,0,1,279,142,0.0042101263037891135,6,7,49755,49888,223,97,0,0,0,0,0,0,99599,0,0,1,0,0,0,0,0,0,0,397,0,0,0,0,0,0
135,2661,136.0794134996823,99997,19,7,0,1,283,145,0.004280128403852115,5,4,49753,49888,222,99,0,0,0,0,0,0,99597,0,0,1,0,0,0,0,0,0,0,399,0,0,0,0,0,0
136,2661,137.09623399696238,99997,19,7,0,1,284,146,0.004300129003870116,7,3,49751,49888,222,100,0,0,0,0,0,0,99595,0,0,1,0,0,0,0,0,0,0,401,0,0,0,0,0,0
137,2661,138.16070742085216,99997,18,6,0,1,286,147,0.004330129903897117,8,5,49752,49886,221,101,0,0,0,0,0,0,99590,0,0,1,0,0,0,0,0,0,0,406,0,0,0,0,0,0
138,2661,139.11128458824186,99997,17,7,0,1,287,149,0.004360130803924118,11,3,49749,49887,222,101,0,0,0,0,0,0,99587,0,0,1,0,0,0,0,0,0,0,409,0,0,0,0,0,0
139,2661,140.3160415454232,99997,17,5,0,1,289,149,0.004380131403942118,11,4,49748,49886,223,103,0,0,0,0,0,0,99583,0,0,1,0,0,0,0,0,0,0,413,0,0,0,0,0,0
140,2661,141.27645984319733,99997,16,5,0,1,289,150,0.004390131703951118,15,4,49744,49885,224,104,0,0,0,0,0,0,99581,0,0,1,0,0,0,0,0,0,0,415,0,0,0,0,0,0
141,2661,142.02714140010949,99997,15,5,0,1,292,150,0.0044201326039781195,14,4,49742,49885,228,104,0,0,0,0,0,0,99577,0,0,1,0,0,0,0,0,0,0,419,0,0,0,0,0,0
142,2661,143.16109007165144,99997,13,5,0,1,294,150,0.00444013320399612,13,5,49741,49885,232,103,0,0,0,0,0,0,99573,0,0,1,0,0,0,0,0,0,0,423,0,0,0,0,0,0
143,2661,144.0068101621294,99997,11,4,0,1,295,151,0.004460133804014121,12,5,49742,49886,234,103,0,0,0,0,0,0,99568,0,0,1,0,0,0,0,0,0,0,428,0,0,0,0,0,0
144,2661,145.08688608787054,99997,15,4,0,1,300,152,0.004520135604068122,8,6,49741,49884,235,104,0,0,0,0,0,0,99566,0,0,1,0,0,0,0,0,0,0,430,0,0,0,0,0,0
145,2661,146.1152972526088,99997,15,5,0,1,302,153,0.004550136504095123,10,6,49738,49883,236,104,0,0,0,0,0,0,99564,0,0,1,0,0,0,0,0,0,0,432,0,0,0,0,0,0
146,2661,147.2270530846472,99997,15,4,0,1,303,153,0.004560136804104123,10,7,49737,49882,237,105,0,0,0,0,0,0,99562,0,0,1,0,0,0,0,0,0,0,434,0,0,0,0,0,0
147,2661,148.05441936000318,99997,16,3,0,1,306,154,0.004600138004140124,10,6,49735,49882,238,107,0,0,0,0,0,0,99558,0,0,1,0,0,0,0,0,0,0,438,0,0,0,0,0,0
148,2661,149.1302654994148,99997,11,2,0,1,306,155,0.004610138304149125,13,6,49732,49882,243,108,0,0,0,0,0,0,99551,0,0,1,0,0,0,0,0,0,0,445,0,0,0,0,0,0
149,2661,150.06410655643003,99997,9,2,0,1,306,155,0.004610138304149125,16,7,49729,49881,245,108,0,0,0,0,0,0,99549,0,0,1,0,0,0,0,0,0,0,447,0,0,0,0,0,0
150,2661,151.015103237382,99997,10,3,0,1,308,156,0.004640139204176125,15,6,49728,49881,246,108,0,0,0,0,0,0,99548,0,0,1,0,0,0,0,0,0,0,448,0,0,0,0,0,0
151,2661,152.04344380992444,99997,9,3,0,1,309,156,0.004650139504185125,14,6,49728,49881,248,108,0,0,0,0,0,0,99546,0,0,1,0,0,0,0,0,0,0,450,0,0,0,0,0,0
152,2661,153.04667909643612,99997,14,6,0,1,314,159,0.004730141904257128,12,4,49725,49880,248,108,0,0,0,0,0,0,99546,0,0,1,0,0,0,0,0,0,0,450,0,0,0,0,0,0
153,2661,154.1684313755651,99997,19,7,0,1,320,160,0.0048001440043201294,9,3,49723,49880,248,108,0,0,0,0,0,0,99545,0,0,1,0,0,0,0,0,0,0,451,0,0,0,0,0,0
154,2661,155.12011060028345,99997,17,7,0,1,322,163,0.0048501455043651305,9,3,49721,49877,252,111,0,0,0,0,0,0,99538,0,0,1,0,0,0,0,0,0,0,458,0,0,0,0,0,0
155,2661,156.15271898134057,99997,20,7,0,1,327,164,0.004910147304419132,5,2,49721,49877,253,112,0,0,0,0,0,0,99535,0,0,1,0,0,0,0,0,0,0,461,0,0,0,0,0,0
156,2661,157.11707057850947,99997,22,5,0,1,332,164,0.004960148804464134,5,3,49717,49877,255,113,0,0,0,0,0,0,99530,0,0,1,0,0,0,0,0,0,0,466,0,0,0,0,0,0
157,2661,158.12161897588126,99997,23,5,0,1,334,164,0.004980149404482134,7,3,49715,49879,254,111,0,0,0,0,0,0,99529,0,0,1,0,0,0,0,0,0,0,467,0,0,0,0,0,0
158,2661,159.0160074289208,99997,18,6,0,1,335,166,0.0050101503045091355,9,3,49713,49877,259,112,0,0,0,0,0,0,99522,0,0,1,0,0,0,0,0,0,0,474,0,0,0,0,0,0
159,2661,160.09446697618182,99997,16,6,0,1,337,168,0.005050151504545137,9,3,49711,49876,263,113,0,0,0,0,0,0,99516,0,0,1,0,0,0,0,0,0,0,480,0,0,0,0,0,0
160,2661,161.24951015653855,99997,17,7,0,1,339,169,0.005080152404572137,7,6,49712,49872,263,113,0,0,0,0,0,0,99515,0,0,1,0,0,0,0,0,0,0,481,0,0,0,0,0,0
161,2661,162.04549179180205,99997,16,9,0,1,340,172,0.005120153604608138,10,5,49708,49870,265,114,0,0,0,0,0,0,99512,0,0,1,0,0,0,0,0,0,0,484,0,0,0,0,0,0
162,2661,163.24881217616917,99997,16,7,0,1,344,172,0.00516015480464414,9,9,49705,49868,269,114,0,0,0,0,0,0,99506,0,0,1,0,0,0,0,0,0,0,490,0,0,0,0,0,0
163,2661,164.04641630862642,99997,17,7,0,1,346,174,0.00520015600468014,10,7,49702,49868,270,116,0,0,0,0,0,0,99503,0,0,1,0,0,0,0,0,0,0,493,0,0,0,0,0,0
164,2661,165.08312986392278,99997,20,5,0,1,350,174,0.005240157204716141,9,7,49704,49868,266,118,0,0,0,0,0,0,99500,0,0,1,0,0,0,0,0,0,0,496,0,0,0,0,0,0
165,2661,166.24627986632805,99997,22,7,0,1,354,178,0.005320159604788144,13,4,49697,49868,267,119,0,0,0,0,0,0,99496,0,0,1,0,0,0,0,0,0,0,500,0,0,0,0,0,0
166,2661,167.30878759291303,99997,21,6,0,1,361,180,0.005410162304869146,11,2,49695,49869,272,121,0,0,0,0,0,0,99485,0,0,1,0,0,0,0,0,0,0,511,0,0,0,0,0,0
167,2661,168.03350434894105,99997,21,7,0,1,362,181,0.005430162904887147,13,5,49693,49865,272,121,0,0,0,0,0,0,99484,0,0,1,0,0,0,0,0,0,0,512,0,0,0,0,0,0
168,2661,169.06120985134243,99997,21,7,0,1,366,182,0.005480164404932148,10,5,49695,49864,273,122,0,0,0,0,0,0,99479,0,0,1,0,0,0,0,0,0,0,517,0,0,0,0,0,0
169,2661,170.0637674806931,99997,21,7,0,1,368,183,0.005510165304959149,15,8,49688,49860,275,123,0,0,0,0,0,0,99476,0,0,1,0,0,0,0,0,0,0,520,0,0,0,0,0,0
170,2661,171.03024251665238,99997,21,9,0,1,371,185,0.00556016680500415,15,7,49685,49859,278,123,0,0,0,0,0,0,99473,0,0,1,0,0,0,0,0,0,0,523,0,0,0,0,0,0
171,2661,172.07539484636158,99997,23,13,0,1,374,189,0.005630168905067152,13,5,49684,49857,279,123,0,0,0,0,0,0,99472,0,0,1,0,0,0,0,0,0,0,524,0,0,0,0,0,0
172,2661,173.00271065602283,99997,23,12,0,1,377,190,0.005670170105103153,14,6,49680,49855,282,125,0,0,0,0,0,0,99467,0,0,1,0,0,0,0,0,0,0,529,0,0,0,0,0,0
173,2661,174.1864783889865,99997,20,9,0,1,380,191,0.005710171305139154,15,8,49677,49853,287,128,0,0,0,0,0,0,99457,0,0,1,0,0,0,0,0,0,0,539,0,0,0,0,0,0
174,2661,175.11226130776282,99997,22,10,0,1,383,192,0.005750172505175156,13,8,49677,49853,287,127,0,0,0,0,0,0,99456,0,0,1,0,0,0,0,0,0,0,540,0,0,0,0,0,0
175,2661,176.03040843300798,99997,24,11,0,1,386,195,0.005810174305229157,12,9,49677,49849,286,129,0,0,0,0,0,0,99453,0,0,1,0,0,0,0,0,0,0,543,0,0,0,0,0,0
176,2661,177.20771489963877,99997,22,9,0,1,389,196,0.005850175505265158,14,8,49672,49849,291,132,0,0,0,0,0,0,99445,0,0,1,0,0,0,0,0,0,0,551,0,0,0,0,0,0
177,2661,178.0673159253632,99997,21,8,0,1,393,197,0.005900177005310159,14,8,49668,49848,296,134,0,0,0,0,0,0,99438,0,0,1,0,0,0,0,0,0,0,558,0,0,0,0,0,0
178,2661,179.0293118490587,99997,25,10,0,1,397,199,0.005960178805364161,11,6,49668,49848,295,134,0,0,0,0,0,0,99438,0,0,1,0,0,0,0,0,0,0,558,0,0,0,0,0,0
179,2661,180.06407447263464,99997,23,11,0,1,400,201,0.006010180305409162,10,6,49668,49846,298,135,0,0,0,0,0,0,99432,0,0,1,0,0,0,0,0,0,0,564,0,0,0,0,0,0
180,2661,181.1412300059247,99997,21,12,0,1,403,203,0.006060181805454164,10,7,49667,49843,301,136,0,0,0,0,0,0,99426,0,0,1,0,0,0,0,0,0,0,570,0,0,0,0,0,0
181,2661,182.08545810529532,99997,20,12,0,1,405,205,0.006100183005490165,8,5,49667,49846,304,135,0,0,0,0,0,0,99421,0,0,1,0,0,0,0,0,0,0,575,0,0,0,0,0,0
182,2661,183.02726580742075,99997,17,12,0,1,406,205,0.006110183305499165,10,7,49664,49845,308,134,0,0,0,0,0,0,99417,0,0,1,0,0,0,0,0,0,0,579,0,0,0,0,0,0
183,2661,184.12968462452014,99997,15,16,0,1,406,211,0.006170185105553167,11,2,49665,49844,308,136,0,0,0,0,0,0,99413,0,0,1,0,0,0,0,0,0,0,583,0,0,0,0,0,0
184,2661,185.15928002247506,99997,15,14,0,1,408,212,0.006200186005580167,13,3,49663,49842,308,139,0,0,0,0,0,0,99408,0,0,1,0,0,0,0,0,0,0,588,0,0,0,0,0,0
185,2661,186.0518092107209,99997,16,13,0,1,410,212,0.006220186605598168,12,3,49663,49842,308,140,0,0,0,0,0,0,99406,0,0,1,0,0,0,0,0,0,0,590,0,0,0,0,0,0
186,2661,187.13806114196578,99996,17,10,0,2,413,213,0.0062602504100164,13,3,49661,49842,308,142,0,0,0,0,0,0,99400,0,0,1,0,0,0,0,0,0,0,595,0,0,0,0,0,0
187,2661,188.2190415887977,99996,20,9,0,2,417,214,0.006310252410096404,9,4,49662,49841,308,143,0,0,0,0,0,0,99397,0,0,1,0,0,0,0,0,0,0,598,0,0,0,0,0,0
188,2661,189.0069915638653,99996,18,10,0,2,418,216,0.006340253610144406,11,3,49661,49840,309,144,0,0,0,0,0,0,99393,0,0,1,0,0,0,0,0,0,0,602,0,0,0,0,0,0
189,2661,190.13692995705915,99996,18,11,0,2,420,218,0.0063802552102084084,9,2,49661,49839,311,145,0,0,0,0,0,0,99390,0,0,1,0,0,0,0,0,0,0,605,0,0,0,0,0,0
190,2661,191.0267067338674,99996,17,9,0,2,421,218,0.006390255610224409,11,3,49659,49839,312,146,0,0,0,0,0,0,99386,0,0,1,0,0,0,0,0,0,0,609,0,0,0,0,0,0
191,2661,192.03114821320793,99996,17,11,0,2,424,220,0.0064402576103044125,13,4,49654,49836,315,146,0,0,0,0,0,0,99383,0,0,1,0,0,0,0,0,0,0,612,0,0,0,0,0,0
192,2661,193.21198963706706,99996,17,7,0,2,426,221,0.006470258810352414,13,3,49653,49836,316,151,0,0,0,0,0,0,99376,0,0,1,0,0,0,0,0,0,0,619,0,0,0,0,0,0
193,2661,194.00491893546348,99996,18,7,0,2,429,221,0.006500260010400416,11,3,49652,49836,318,151,0,0,0,0,0,0,99374,0,0,1,0,0,0,0,0,0,0,621,0,0,0,0,0,0
194,2661,195.04655101478738,99996,19,6,0,2,433,222,0.006550262010480419,9,3,49650,49835,321,153,0,0,0,0,0,0,99369,0,0,1,0,0,0,0,0,0,0,626,0,0,0,0,0,0
195,2661,196.18178138991456,99996,19,3,0,2,436,222,0.006580263210528421,10,6,49646,49832,324,156,0,0,0,0,0,0,99363,0,0,1,0,0,0,0,0,0,0,632,0,0,0,0,0,0
196,2661,197.01629154645008,99996,21,4,0,2,439,223,0.006620264810592424,9,7,49647,49831,322,155,0,0,0,0,0,0,99362,0,0,1,0,0,0,0,0,0,0,633,0,0,0,0,0,0
197,2661,198.23791507738815,99996,21,5,0,2,443,225,0.006680267210688428,10,8,49643,49829,325,155,0,0,0,0,0,0,99357,0,0,1,0,0,0,0,0,0,0,638,0,0,0,0,0,0
198,2661,199.2445252602933,99996,19,4,0,2,444,225,0.006690267610704429,11,9,49641,49828,328,156,0,0,0,0,0,0,99353,0,0,1,0,0,0,0,0,0,0,642,0,0,0,0,0,0
199,2661,200.14027379719886,99996,21,5,0,2,447,228,0.006750270010800432,10,8,49640,49827,328,157,0,0,0,0,0,0,99350,0,0,1,0,0,0,0,0,0,0,645,0,0,0,0,0,0
200,2661,201.14188511612213,99996,18,5,0,2,447,228,0.006750270010800432,15,10,49636,49826,330,156,0,0,0,0,0,0,99347,0,0,1,0,0,0,0,0,0,0,648,0,0,0,0,0,0
201,2661,202.0487443539269,99996,17,7,0,2,448,230,0.006780271210848434,14,9,49637,49826,331,155,0,0,0,0,0,0,99345,0,0,1,0,0,0,0,0,0,0,650,0,0,0,0,0,0
202,2661,203.02190234882366,99996,18,8,0,2,452,231,0.0068302732109284375,12,9,49636,49825,333,155,0,0,0,0,0,0,99342,0,0,1,0,0,0,0,0,0,0,653,0,0,0,0,0,0
203,2661,204.2355255858728,99996,21,9,0,2,458,234,0.006920276811072443,10,9,49632,49822,336,157,0,0,0,0,0,0,99337,0,0,1,0,0,0,0,0,0,0,658,0,0,0,0,0,0
204,2661,205.04130580071228,99996,23,12,0,2,462,238,0.007000280011200448,7,5,49632,49823,337,157,0,0,0,0,0,0,99334,0,0,1,0,0,0,0,0,0,0,661,0,0,0,0,0,0
205,2661,206.0341875902151,99996,22,11,0,2,464,239,0.00703028121124845,11,5,49627,49823,339,158,0,0,0,0,0,0,99329,0,0,1,0,0,0,0,0,0,0,666,0,0,0,0,0,0
206,2661,207.1422833989919,99996,19,9,0,2,464,239,0.00703028121124845,15,7,49625,49821,340,160,0,0,0,0,0,0,99324,0,0,1,0,0,0,0,0,0,0,671,0,0,0,0,0,0
207,2661,208.0355939671272,99996,20,14,0,2,465,244,0.0070902836113444535,19,5,49622,49818,338,160,0,0,0,0,0,0,99324,0,0,1,0,0,0,0,0,0,0,671,0,0,0,0,0,0
208,2661,209.13976993454594,99996,22,8,0,2,469,245,0.007140285611424457,17,4,49620,49818,340,167,0,0,0,0,0,0,99315,0,0,1,0,0,0,0,0,0,0,680,0,0,0,0,0,0
209,2661,210.01699476121973,99996,23,8,0,2,472,246,0.007180287211488459,16,8,49619,49814,341,167,0,0,0,0,0,0,99312,0,0,1,0,0,0,0,0,0,0,683,0,0,0,0,0,0
210,2661,211.08532317650744,99996,20,5,0,2,473,247,0.007200288011520461,17,8,49618,49814,344,170,0,0,0,0,0,0,99304,0,0,1,0,0,0,0,0,0,0,691,0,0,0,0,0,0
211,2661,212.02532977803267,99996,20,6,0,2,477,248,0.007250290011600464,17,8,49615,49813,347,170,0,0,0,0,0,0,99300,0,0,1,0,0,0,0,0,0,0,695,0,0,0,0,0,0
212,2661,213.00695121260878,99996,19,6,0,2,481,250,0.007310292411696468,14,6,49615,49813,351,172,0,0,0,0,0,0,99293,0,0,1,0,0,0,0,0,0,0,702,0,0,0,0,0,0
213,2661,214.12060427884222,99996,24,11,0,2,486,255,0.0074102964118564745,10,4,49616,49810,349,172,0,0,0,0,0,0,99293,0,0,1,0,0,0,0,0,0,0,702,0,0,0,0,0,0
214,2661,215.17349892387142,99996,27,10,0,2,489,255,0.007440297611904476,11,5,49615,49809,346,173,0,0,0,0,0,0,99292,0,0,1,0,0,0,0,0,0,0,703,0,0,0,0,0,0
215,2661,216.1766804074652,99996,21,8,0,2,490,256,0.007460298411936478,11,6,49614,49810,353,173,0,0,0,0,0,0,99282,0,0,1,0,0,0,0,0,0,0,713,0,0,0,0,0,0
216,2661,217.11749677895,99996,17,9,0,2,490,257,0.007470298811952478,14,7,49613,49808,355,173,0,0,0,0,0,0,99278,0,0,1,0,0,0,0,0,0,0,717,0,0,0,0,0,0
217,2661,218.00230502969015,99996,14,9,0,2,492,258,0.00750030001200048,15,8,49611,49807,359,173,0,0,0,0,0,0,99272,0,0,1,0,0,0,0,0,0,0,723,0,0,0,0,0,0
218,2661,219.04026994002717,99996,16,12,0,2,498,262,0.007600304012160487,10,6,49611,49806,362,173,0,0,0,0,0,0,99267,0,0,1,0,0,0,0,0,0,0,728,0,0,0,0,0,0
219,2661,220.25153174720953,99996,17,10,0,2,501,262,0.007630305212208488,8,7,49610,49805,364,175,0,0,0,0,0,0,99263,0,0,1,0,0,0,0,0,0,0,732,0,0,0,0,0,0
220,2661,221.1115116338262,99996,18,11,0,2,503,264,0.007670306812272491,7,7,49611,49804,363,175,0,0,0,0,0,0,99261,0,0,1,0,0,0,0,0,0,0,734,0,0,0,0,0,0
221,2661,222.03845179966774,99996,18,10,0,2,505,266,0.007710308412336494,10,5,49606,49804,365,178,0,0,0,0,0,0,99256,0,0,1,0,0,0,0,0,0,0,739,0,0,0,0,0,0
222,2661,223.03076320282437,99996,20,12,0,2,508,268,0.007760310412416497,8,5,49606,49802,365,178,0,0,0,0,0,0,99255,0,0,1,0,0,0,0,0,0,0,740,0,0,0,0,0,0
223,2661,224.21566565881346,99996,17,9,0,2,508,268,0.007760310412416497,15,7,49599,49800,368,181,0,0,0,0,0,0,99249,0,0,1,0,0,0,0,0,0,0,746,0,0,0,0,0,0
224,2661,225.0161874296583,99996,17,7,0,2,513,268,0.0078103124124964994,14,9,49596,49799,372,182,0,0,0,0,0,0,99242,0,0,1,0,0,0,0,0,0,0,753,0,0,0,0,0,0
225,2661,226.03329243586725,99996,16,11,0,2,514,272,0.007860314412576503,15,6,49594,49798,374,182,0,0,0,0,0,0,99240,0,0,1,0,0,0,0,0,0,0,755,0,0,0,0,0,0
226,2661,227.11330927182124,99996,13,12,0,2,516,274,0.007900316012640506,16,5,49593,49797,377,183,0,0,0,0,0,0,99234,0,0,1,0,0,0,0,0,0,0,761,0,0,0,0,0,0
227,2661,228.04852099177435,99996,14,11,0,2,520,276,0.007960318412736509,14,5,49593,49795,378,186,0,0,0,0,0,0,99228,0,0,1,0,0,0,0,0,0,0,767,0,0,0,0,0,0
228,2661,229.04130722766217,99996,15,11,0,2,522,277,0.007990319612784512,15,5,49591,49795,378,186,0,0,0,0,0,0,99226,0,0,1,0,0,0,0,0,0,0,769,0,0,0,0,0,0
229,2661,230.05936221176924,99996,14,10,0,2,523,277,0.008000320012800512,15,6,49591,49794,379,187,0,0,0,0,0,0,99223,0,0,1,0,0,0,0,0,0,0,772,0,0,0,0,0,0
230,2661,231.04445747240163,99996,11,11,0,2,524,279,0.008030321212848513,15,6,49591,49793,382,187,0,0,0,0,0,0,99218,0,0,1,0,0,0,0,0,0,0,777,0,0,0,0,0,0
231,2661,232.07601219719726,99996,11,11,0,2,526,279,0.008050322012880515,15,7,49591,49792,382,187,0,0,0,0,0,0,99216,0,0,1,0,0,0,0,0,0,0,779,0,0,0,0,0,0
232,2661,233.07760018925873,99996,14,9,0,2,531,280,0.00811032441297652,12,7,49591,49791,382,190,0,0,0,0,0,0,99211,0,0,1,0,0,0,0,0,0,0,784,0,0,0,0,0,0
233,2661,234.07430347678724,99996,13,9,0,2,533,281,0.00814032561302452,12,7,49592,49790,382,191,0,0,0,0,0,0,99207,0,0,1,0,0,0,0,0,0,0,788,0,0,0,0,0,0
234,2661,235.07505501012022,99996,14,12,0,2,535,284,0.008190327613104524,14,6,49588,49790,383,189,0,0,0,0,0,0,99206,0,0,1,0,0,0,0,0,0,0,789,0,0,0,0,0,0
235,2661,236.0126575162189,99996,16,11,0,2,539,284,0.008230329213168526,12,7,49587,49790,384,189,0,0,0,0,0,0,99203,0,0,1,0,0,0,0,0,0,0,792,0,0,0,0,0,0
236,2661,237.13998432791092,99996,19,10,0,2,543,284,0.00827033081323253,12,7,49585,49790,383,190,0,0,0,0,0,0,99201,0,0,1,0,0,0,0,0,0,0,794,0,0,0,0,0,0
237,2661,238.07488109762738,99996,22,9,0,2,547,285,0.008320332813312533,14,7,49579,49789,384,192,0,0,0,0,0,0,99198,0,0,1,0,0,0,0,0,0,0,797,0,0,0,0,0,0
238,2661,239.14788186894376,99996,25,7,0,2,553,285,0.008380335213408537,12,8,49578,49789,384,193,0,0,0,0,0,0,99193,0,0,1,0,0,0,0,0,0,0,802,0,0,0,0,0,0
239,2661,240.163396733193,99996,22,8,0,2,556,287,0.008430337213488539,16,8,49573,49788,388,193,0,0,0,0,0,0,99186,0,0,1,0,0,0,0,0,0,0,809,0,0,0,0,0,0
240,2661,241.09846645563397,99996,25,7,0,2,560,288,0.008480339213568543,14,8,49571,49788,389,194,0,0,0,0,0,0,99183,0,0,1,0,0,0,0,0,0,0,812,0,0,0,0,0,0
241,2661,242.20311338001534,99996,19,9,0,2,561,290,0.008510340413616545,18,7,49571,49787,391,194,0,0,0,0,0,0,99176,0,0,1,0,0,0,0,0,0,0,819,0,0,0,0,0,0
242,2661,243.04788716311782,99996,17,9,0,2,564,291,0.008550342013680547,19,6,49568,49787,395,195,0,0,0,0,0,0,99170,0,0,1,0,0,0,0,0,0,0,825,0,0,0,0,0,0
243,2661,244.2581759090319,99996,18,9,0,2,568,291,0.00859034361374455,16,6,49567,49787,398,195,0,0,0,0,0,0,99167,0,0,1,0,0,0,0,0,0,0,828,0,0,0,0,0,0
244,2661,245.00239909517202,99996,21,10,0,2,573,293,0.008660346413856554,12,5,49567,49787,399,195,0,0,0,0,0,0,99164,0,0,1,0,0,0,0,0,0,0,831,0,0,0,0,0,0
245,2661,246.10718292806604,99996,21,9,0,2,576,294,0.008700348013920558,12,4,49564,49789,402,195,0,0,0,0,0,0,99159,0,0,1,0,0,0,0,0,0,0,836,0,0,0,0,0,0
246,2661,247.0114160854171,99995,19,7,1,2,579,294,0.008730436521826092,13,6,49562,49789,404,195,0,0,0,0,0,0,99152,0,0,1,0,0,0,0,0,0,0,842,0,0,0,0,0,0
247,2661,248.04965367334412,99995,19,8,1,2,582,295,0.008770438521926096,15,7,49558,49787,406,195,0,0,0,0,0,0,99149,0,0,1,0,0,0,0,0,0,0,845,0,0,0,0,0,0
248,2661,249.25171855695487,99995,21,8,1,2,587,297,0.008840442022101104,11,7,49560,49785,406,197,0,0,0,0,0,0,99144,0,0,1,0,0,0,0,0,0,0,850,0,0,0,0,0,0
249,2661,250.2623343664316,99995,21,8,1,2,589,297,0.008860443022151108,13,7,49561,49786,403,196,0,0,0,0,0,0,99142,0,0,1,0,0,0,0,0,0,0,852,0,0,0,0,0,0
250,2661,251.1238299628158,99995,23,8,1,2,592,297,0.008890444522226112,12,8,49561,49785,402,196,0,0,0,0,0,0,99141,0,0,1,0,0,0,0,0,0,0,853,0,0,0,0,0,0
251,2661,252.134474831281,99995,28,9,1,2,598,299,0.008970448522426122,10,9,49557,49783,403,196,0,0,0,0,0,0,99139,0,0,1,0,0,0,0,0,0,0,855,0,0,0,0,0,0
252,2661,253.1443845659661,99995,25,7,1,2,600,300,0.009000450022501124,14,13,49553,49778,406,199,0,0,0,0,0,0,99131,0,0,1,0,0,0,0,0,0,0,863,0,0,0,0,0,0
253,2661,254.2317212751171,99995,28,12,1,2,604,306,0.009100455022751138,13,7,49550,49778,407,200,0,0,0,0,0,0,99129,0,0,1,0,0,0,0,0,0,0,865,0,0,0,0,0,0
254,2661,255.05014652420599,99995,29,13,1,2,608,309,0.009170458522926146,12,6,49549,49776,408,202,0,0,0,0,0,0,99124,0,0,1,0,0,0,0,0,0,0,870,0,0,0,0,0,0
255,2661,256.2927599935169,99995,27,13,1,2,612,310,0.009220461023051152,16,9,49547,49773,408,202,0,0,0,0,0,0,99117,0,0,1,0,0,0,0,0,0,0,877,0,0,0,0,0,0
256,2661,257.23920128817053,99995,28,14,1,2,614,311,0.009250462523126156,17,11,49545,49770,408,202,0,0,0,0,0,0,99116,0,0,1,0,0,0,0,0,0,0,878,0,0,0,0,0,0
257,2661,258.06048132749385,99995,29,17,1,2,616,316,0.009320466023301164,18,9,49544,49767,407,204,0,0,0,0,0,0,99113,0,0,1,0,0,0,0,0,0,0,881,0,0,0,0,0,0
258,2661,259.01271312439724,99995,30,19,1,2,620,318,0.009380469023451172,19,7,49539,49768,410,203,0,0,0,0,0,0,99110,0,0,1,0,0,0,0,0,0,0,884,0,0,0,0,0,0
259,2661,260.1563970080727,99995,23,17,1,2,624,320,0.00944047202360118,21,8,49534,49765,420,207,0,0,0,0,0,0,99095,0,0,1,0,0,0,0,0,0,0,899,0,0,0,0,0,0
260,2661,261.10570079260384,99995,24,18,1,2,627,322,0.009490474523726186,23,7,49529,49765,422,207,0,0,0,0,0,0,99092,0,0,1,0,0,0,0,0,0,0,902,0,0,0,0,0,0
261,2661,262.2213447841769,99995,21,21,1,2,630,325,0.009550477523876194,24,8,49526,49762,427,206,0,0,0,0,0,0,99087,0,0,2,0,0,0,0,0,0,0,906,0,0,0,0,0,0
262,2661,263.05636908781673,99995,25,23,1,2,637,327,0.009640482024101204,20,8,49523,49760,430,206,0,0,0,0,0,0,99084,0,0,2,0,0,0,0,0,0,0,909,0,0,0,0,0,0
263,2661,264.2435081955755,99995,23,22,1,2,639,329,0.00968048402420121,24,10,49517,49756,434,209,0,0,0,0,0,0,99077,0,0,2,0,0,0,0,0,0,0,916,0,0,0,0,0,0
264,2661,265.26920829095286,99995,22,21,1,2,642,330,0.009720486024301214,25,11,49515,49754,436,211,0,0,0,0,0,0,99071,0,0,2,0,0,0,0,0,0,0,922,0,0,0,0,0,0
265,2661,266.33383713788857,99995,24,21,1,2,650,332,0.009820491024551228,28,10,49505,49753,441,213,0,0,0,0,0,0,99063,0,0,2,0,0,0,0,0,0,0,930,0,0,0,0,0,0
266,2661,267.20833882812764,99995,26,19,1,2,656,335,0.009910495524776238,28,12,49503,49749,441,217,0,0,0,0,0,0,99054,0,0,2,0,0,0,0,0,0,0,939,0,0,0,0,0,0
267,2661,268.23428860329545,99995,28,20,1,2,662,336,0.009980499024951248,28,12,49497,49749,445,216,0,0,0,0,0,0,99051,0,0,3,0,0,0,0,0,0,0,941,0,0,0,0,0,0
268,2661,269.170857154941,99994,25,21,2,2,665,338,0.010030601836110167,28,11,49495,49749,449,216,0,0,0,0,0,0,99044,0,0,3,0,0,0,0,0,0,0,947,0,0,0,0,0,0
269,2661,270.0307975058291,99994,30,23,2,2,673,343,0.010160609636578194,27,12,49489,49743,451,219,0,0,0,0,0,0,99038,0,0,3,0,0,0,0,0,0,0,953,0,0,0,0,0,0
270,2661,271.33338350057323,99993,33,21,2,3,681,346,0.010270718950326522,22,14,49486,49738,456,223,0,0,0,0,0,0,99028,0,0,3,0,0,0,0,0,0,0,962,0,0,0,0,0,0
271,2661,272.0458877815826,99993,31,23,2,3,682,349,0.010310721750522537,23,11,49485,49738,458,224,0,0,0,0,0,0,99024,0,0,3,0,0,0,0,0,0,0,966,0,0,0,0,0,0
272,2661,273.08414161914055,99993,33,23,2,3,686,351,0.010370725950816556,27,13,49479,49735,458,225,0,0,0,0,0,0,99020,0,0,3,0,0,0,0,0,0,0,970,0,0,0,0,0,0
273,2661,274.1756993631298,99993,40,22,2,3,699,354,0.010530737151600612,20,13,49474,49732,463,229,0,0,0,0,0,0,99010,0,0,3,0,0,0,0,0,0,0,980,0,0,0,0,0,0
274,2661,275.1210998961604,99993,40,22,2,3,704,358,0.010620743452041642,25,14,49466,49728,466,232,0,0,0,0,0,0,99001,0,0,3,0,0,0,0,0,0,0,989,0,0,0,0,0,0
275,2661,276.2104136526422,99993,39,23,2,3,711,364,0.010750752552678688,23,14,49465,49725,470,234,0,0,0,0,0,0,98988,0,0,3,0,0,0,0,0,0,0,1002,0,0,0,0,0,0
276,2661,277.01507051165385,99993,46,28,2,3,720,370,0.01090076305341374,15,12,49464,49721,472,235,0,0,0,0,0,0,98985,0,0,3,0,0,0,0,0,0,0,1005,0,0,0,0,0,0
277,2661,278.25382113233655,99993,43,24,2,3,725,372,0.010970767953756762,24,14,49451,49719,479,239,0,0,0,0,0,0,98971,0,0,3,0,0,0,0,0,0,0,1019,0,0,0,0,0,0
278,2661,279.00570016205904,99993,41,22,2,3,729,373,0.01102077145400178,26,16,49447,49716,483,242,0,0,0,0,0,0,98962,0,0,3,0,0,0,0,0,0,0,1028,0,0,0,0,0,0
279,2661,280.24878792653,99993,46,24,2,3,738,377,0.011150780554638825,20,22,49446,49706,485,244,0,0,0,0,0,0,98956,0,0,3,0,0,0,0,0,0,0,1034,0,0,0,0,0,0
280,2661,281.0732723107835,99993,49,21,2,3,743,378,0.011210784754932845,18,24,49443,49703,487,248,0,0,0,0,0,0,98950,0,0,3,0,0,0,0,0,0,0,1040,0,0,0,0,0,0
281,2661,282.2043265998908,99993,48,23,2,3,749,387,0.011360795255667896,27,22,49430,49697,492,254,0,0,0,0,0,0,98936,0,0,3,0,0,0,0,0,0,0,1054,0,0,0,0,0,0
282,2661,283.2314197017838,99993,46,24,2,3,755,390,0.011450801556108928,28,27,49427,49689,496,256,0,0,0,0,0,0,98926,0,0,3,0,0,0,0,0,0,0,1064,0,0,0,0,0,0
283,2661,284.2586082649614,99993,45,26,2,3,762,396,0.011580810656745972,27,25,49425,49685,500,260,0,0,0,0,0,0,98914,0,0,3,0,0,0,0,0,0,0,1076,0,0,0,0,0,0
284,2661,285.2858762144376,99993,47,26,2,3,769,398,0.011670816957187004,27,27,49418,49683,505,260,0,0,0,0,0,0,98907,0,0,3,0,0,0,0,0,0,0,1083,0,0,0,0,0,0
285,2661,286.31323973658,99993,47,30,2,3,777,407,0.01184082885802006,25,22,49415,49679,510,265,0,0,0,0,0,0,98894,0,0,3,0,0,0,0,0,0,0,1096,0,0,0,0,0,0
286,2661,287.34069822094256,99993,48,32,2,3,788,413,0.01201084075885312,25,20,49406,49676,518,268,0,0,0,0,0,0,98880,0,0,3,0,0,0,0,0,0,0,1110,0,0,0,0,0,0
287,2661,288.1708940675672,99993,52,34,2,3,793,417,0.01210084705929415,26,18,49402,49674,517,270,0,0,0,0,0,0,98877,0,0,3,0,0,0,0,0,0,0,1113,0,0,0,0,0,0
288,2661,289.10783067320097,99993,52,31,2,3,799,420,0.01219085335973518,25,22,49397,49668,523,275,0,0,0,0,0,0,98865,0,0,3,0,0,0,0,0,0,0,1125,0,0,0,0,0,0
289,2661,290.1355907137265,99993,50,35,2,3,804,425,0.012290860360225215,26,19,49392,49668,529,274,0,0,0,0,0,0,98857,0,0,3,0,0,0,0,0,0,0,1133,0,0,0,0,0,0
290,2661,291.16533724129766,99993,49,35,2,3,811,433,0.012440870860960268,28,15,49383,49664,537,282,0,0,0,0,0,0,98841,0,0,3,0,0,0,0,0,0,0,1149,0,0,0,0,0,0
291,2661,292.1891714001546,99993,46,32,2,3,812,435,0.012470872961107278,36,19,49376,49659,539,286,0,0,0,0,0,0,98832,0,0,3,0,0,0,0,0,0,0,1158,0,0,0,0,0,0
292,2661,293.2733502109494,99993,49,32,2,3,827,439,0.012660886262038342,28,19,49373,49655,547,290,0,0,0,0,0,0,98816,0,0,3,0,0,0,0,0,0,0,1174,0,0,0,0,0,0
293,2661,294.0156458272284,99993,47,33,2,3,833,445,0.012780894662626384,25,16,49372,49652,553,295,0,0,0,0,0,0,98803,0,0,3,0,0,0,0,0,0,0,1187,0,0,0,0,0,0
294,2661,295.2904909280822,99993,43,32,2,3,845,451,0.012960907263508445,25,17,49366,49646,563,301,0,0,0,0,0,0,98780,0,0,3,0,0,0,0,0,0,0,1210,0,0,0,0,0,0
295,2661,296.00142856343695,99993,46,30,2,3,852,453,0.013050913563949476,24,17,49361,49645,566,304,0,0,0,0,0,0,98772,0,0,3,0,0,0,0,0,0,0,1218,0,0,0,0,0,0
296,2661,297.0381577518019,99993,42,31,2,3,856,458,0.013140919864390508,29,18,49353,49639,573,308,0,0,0,0,0,0,98760,0,0,3,0,0,0,0,0,0,0,1230,0,0,0,0,0,0
297,2661,298.0466964084355,99993,41,31,2,3,860,461,0.01321092476473353,37,17,49342,49637,577,311,0,0,0,0,0,0,98753,0,0,4,0,0,0,0,0,0,0,1236,0,0,0,0,0,0
298,2661,299.1217858659918,99993,44,28,2,3,866,464,0.013300931065174562,38,16,49336,49637,579,315,0,0,0,0,0,0,98744,0,0,4,0,0,0,0,0,0,0,1245,0,0,0,0,0,0
299,2661,300.02309114705326,99993,50,30,2,3,876,466,0.013420939465762604,39,15,49325,49638,583,313,0,0,0,0,0,0,98740,0,0,4,0,0,0,0,0,0,0,1249,0,0,0,0,0,0
300,2661,301.01278534813713,99993,56,33,2,3,892,475,0.01367095696698769,35,14,49314,49630,592,319,0,0,0,0,0,0,98724,0,0,4,0,0,0,0,0,0,0,1265,0,0,0,0,0,0
301,2661,302.32561522942984,99993,62,32,2,3,911,480,0.013910973768163772,27,18,49307,49621,601,325,0,0,0,0,0,0,98705,0,0,4,0,0,0,0,0,0,0,1284,0,0,0,0,0,0
302,2661,303.11809009416356,99993,64,33,2,3,917,483,0.014000980068604802,26,20,49302,49616,605,327,0,0,0,0,0,0,98699,0,0,4,0,0,0,0,0,0,0,1290,0,0,0,0,0,0
303,2661,304.1092983511018,99993,62,35,2,3,923,489,0.014120988469192844,31,17,49295,49614,609,330,0,0,0,0,0,0,98687,0,0,4,0,0,0,0,0,0,0,1302,0,0,0,0,0,0
304,2661,305.0828709176971,99993,60,32,2,3,927,494,0.014210994769633875,44,18,49281,49608,612,338,0,0,0,0,0,0,98673,0,0,4,0,0,0,0,0,0,0,1316,0,0,0,0,0,0
305,2661,306.1731234757672,99993,65,32,2,3,937,499,0.014361005270368927,44,16,49272,49606,616,342,0,0,0,0,0,0,98663,0,0,4,0,0,0,0,0,0,0,1326,0,0,0,0,0,0
306,2661,307.0078994040479,99993,71,32,2,3,953,503,0.014561019271348995,42,19,49262,49599,622,346,0,0,0,0,0,0,98649,0,0,4,0,0,0,0,0,0,0,1340,0,0,0,0,0,0
307,2661,308.17876502504055,99993,77,30,2,3,970,509,0.014791035372476074,39,16,49249,49598,632,352,0,0,0,0,0,0,98630,0,0,4,0,0,0,0,0,0,0,1359,0,0,0,0,0,0
308,2661,309.2102998786484,99993,72,26,2,3,972,512,0.01484103887272109,46,14,49243,49598,636,358,0,0,0,0,0,0,98616,0,0,4,0,0,0,0,0,0,0,1373,0,0,0,0,0,0
309,2661,310.3395660495451,99993,70,23,2,3,985,515,0.015001050073505145,38,17,49239,49595,650,361,0,0,0,0,0,0,98595,0,0,4,0,0,0,0,0,0,0,1394,0,0,0,0,0,0
310,2661,311.30925124186956,99993,70,23,2,3,994,518,0.015121058474093186,41,20,49229,49590,657,363,0,0,0,0,0,0,98584,0,0,5,0,0,0,0,0,0,0,1404,0,0,0,0,0,0
311,2661,312.34020613918426,99993,82,21,2,3,1007,521,0.015281069674877242,43,20,49214,49589,658,366,0,0,0,0,0,0,98578,0,0,5,0,0,0,0,0,0,0,1410,0,0,0,0,0,0
312,2661,313.1345648734317,99993,74,24,2,3,1011,525,0.01536107527526927,46,23,49208,49582,669,367,0,0,0,0,0,0,98565,0,0,5,0,0,0,0,0,0,0,1423,0,0,0,0,0,0
313,2661,314.16582977980556,99993,75,28,2,3,1022,531,0.015531087176102328,48,22,49198,49577,676,369,0,0,0,0,0,0,98553,0,0,5,0,0,0,0,0,0,0,1435,0,0,0,0,0,0
314,2661,315.1972872930389,99993,73,33,2,3,1031,539,0.015701099076935385,46,18,49192,49577,686,368,0,0,0,0,0,0,98539,0,0,5,0,0,0,0,0,0,0,1449,0,0,0,0,0,0
315,2661,316.2383530241193,99993,75,30,2,3,1048,543,0.015911113777964458,45,22,49178,49571,699,373,0,0,0,0,0,0,98517,0,0,5,0,0,0,0,0,0,0,1471,0,0,0,0,0,0
316,2661,317.2702716009314,99993,74,27,2,3,1056,544,0.016001120078405488,51,30,49166,49562,706,377,0,0,0,0,0,0,98504,0,0,5,0,0,0,0,0,0,0,1484,0,0,0,0,0,0
317,2661,318.3023671194469,99993,85,29,2,3,1075,552,0.01627113897972858,48,28,49153,49557,711,382,0,0,0,0,0,0,98490,0,0,5,0,0,0,0,0,0,0,1498,0,0,0,0,0,0
318,2661,319.3346260000217,99992,77,27,3,3,1083,557,0.016401312104968396,51,26,49145,49555,723,388,0,0,0,0,0,0,98467,0,0,5,0,0,0,0,0,0,0,1520,0,0,0,0,0,0
319,2661,320.0229233624254,99992,80,27,3,3,1093,560,0.016531322505800465,46,28,49141,49551,728,389,1,1,1,1,0,0,98455,0,0,5,0,0,0,0,0,0,2,1530,0,0,0,0,0,0
320,2661,321.2953445186344,99992,78,27,3,3,1103,569,0.016721337707016563,45,24,49135,49545,736,398,2,2,2,2,0,0,98432,0,0,5,0,0,0,0,0,0,4,1551,0,0,0,0,0,0
321,2661,322.3179904118576,99992,78,30,3,3,1114,576,0.016901352108168653,39,19,49134,49543,742,401,3,3,3,3,0,0,98415,0,0,5,0,0,0,0,0,0,6,1566,0,0,0,0,0,0
322,2661,323.00925721675554,99992,80,27,3,3,1122,579,0.01701136090887271,40,17,49125,49543,747,405,4,4,4,4,0,0,98401,0,0,5,0,0,0,0,0,0,8,1578,0,0,0,0,0,0
323,2661,324.07811855156757,99992,77,26,3,3,1129,584,0.01713137050964077,39,16,49123,49538,752,411,5,5,5,5,0,0,98383,0,0,5,0,0,0,0,0,0,10,1594,0,0,0,0,0,0
324,2661,325.141484348753,99992,73,30,3,3,1138,590,0.017281382510600848,41,16,49114,49531,762,413,6,6,6,6,0,0,98366,0,0,5,0,0,0,0,0,0,12,1609,0,0,0,0,0,0
325,2661,326.0263062846038,99992,75,30,3,3,1148,594,0.01742139371149692,39,14,49108,49528,767,416,7,8,8,7,0,0,98351,0,0,5,0,0,0,0,0,0,15,1621,0,0,0,0,0,0
326,2661,327.03003511876204,99992,75,29,3,3,1156,597,0.017531402512200978,39,14,49102,49524,772,419,8,10,10,8,0,0,98336,0,0,5,0,0,0,0,0,0,18,1633,0,0,0,0,0,0
327,2661,328.0896608163623,99992,69,31,3,3,1163,602,0.01765141211296904,43,13,49094,49519,781,421,9,12,12,9,0,0,98318,0,0,6,0,0,0,0,0,0,21,1647,0,0,0,0,0,0
328,2661,329.00370472711126,99992,72,29,3,3,1172,605,0.0177714217137371,42,18,49088,49509,784,425,10,15,15,10,0,0,98303,0,0,6,0,0,0,0,0,0,25,1658,0,0,0,0,0,0
329,2661,330.0494977604669,99992,70,30,3,3,1183,611,0.017941435314825185,41,15,49082,49504,792,429,11,18,18,11,0,0,98281,0,0,6,0,0,0,0,0,0,29,1676,0,0,0,0,0,0
330,2661,331.13166728878724,99992,73,29,3,3,1194,612,0.018061444915593246,35,21,49079,49494,797,430,12,22,22,12,0,0,98266,0,0,6,0,0,0,0,0,0,34,1686,0,0,0,0,0,0
331,2661,332.13660035264155,99992,74,29,3,3,1205,616,0.018211456916553324,39,24,49066,49482,804,434,13,27,27,13,0,0,98246,0,0,6,0,0,0,0,0,0,40,1700,0,0,0,0,0,0
332,2661,333.0183216433819,99992,77,30,3,3,1217,622,0.018391471317705417,31,24,49063,49472,811,438,14,32,32,14,0,0,98227,0,0,7,0,0,0,0,0,0,46,1712,0,0,0,0,0,0
333,2661,334.0285340541767,99992,75,37,3,3,1224,630,0.018541483318665494,31,20,49057,49464,818,437,15,38,38,15,0,0,98211,0,0,8,0,0,0,0,0,0,53,1720,0,0,0,0,0,0
334,2661,335.05009469737627,99992,69,33,3,3,1228,633,0.01861148891911353,38,23,49051,49451,822,444,16,45,45,16,0,0,98186,0,0,8,0,0,0,0,0,0,61,1737,0,0,0,0,0,0
335,2661,336.18618810172813,99992,71,37,3,3,1240,640,0.018801504120329625,40,21,49040,49440,828,445,17,53,53,17,0,0,98164,0,0,8,0,0,0,0,0,0,70,1750,0,0,0,0,0,0
336,2661,337.12735185766536,99992,73,40,3,3,1249,646,0.018951516121289702,41,21,49029,49428,835,445,18,62,62,18,0,0,98144,0,0,8,0,0,0,0,0,0,80,1760,0,0,0,0,0,0
337,2661,338.02257281520195,99992,68,41,3,3,1256,651,0.019071525722057763,46,20,49021,49414,842,449,19,72,72,19,0,0,98117,0,0,8,0,0,0,0,0,0,91,1776,0,0,0,0,0,0
338,2661,339.02607051952845,99992,65,39,3,3,1268,657,0.019251540123209857,43,23,49013,49396,855,457,20,81,83,20,0,0,98082,0,0,8,0,0,0,0,0,0,103,1799,0,0,0,0,0,0
339,2661,340.026443799431,99991,63,38,3,4,1275,664,0.019391745257073136,44,18,49008,49386,860,461,21,92,95,21,0,0,98052,0,0,8,0,0,0,0,0,0,116,1815,0,0,0,0,0,0
340,2661,341.01655324613176,99991,66,41,3,4,1287,670,0.01957176145853127,50,18,48992,49369,866,463,22,104,108,22,0,0,98026,0,0,8,0,0,0,0,0,0,130,1827,0,0,0,0,0,0
341,2661,342.1956823895048,99991,77,41,3,4,1310,673,0.01983178486063746,42,24,48983,49347,870,465,24,118,122,24,0,0,97995,0,0,8,0,0,0,0,0,0,146,1842,0,0,0,0,0,0
342,2661,343.2315942708627,99991,76,44,3,4,1321,683,0.02004180376233861,41,22,48976,49325,878,472,25,132,137,26,0,0,97960,0,0,8,0,0,0,0,0,0,162,1860,1,0,0,0,0,0
343,2661,344.02987203847823,99991,83,48,3,4,1333,689,0.020221819963796742,36,17,48969,49309,882,472,26,149,154,28,0,0,97935,0,0,8,0,0,0,0,0,0,180,1866,2,0,0,0,0,0
344,2661,345.17050310532505,99991,76,43,3,4,1343,691,0.02034183076476883,40,25,48958,49283,894,478,28,166,172,30,0,0,97891,0,0,8,0,0,0,0,0,0,200,1890,2,0,0,0,0,0
345,2661,346.2069638309478,99991,73,36,3,4,1351,694,0.020451840665659908,44,26,48946,49259,903,488,30,186,192,32,0,0,97848,0,0,8,0,0,0,0,0,0,222,1911,2,0,0,0,0,0
346,2661,347.2437195209326,99991,72,41,3,4,1361,703,0.020641857767199047,46,19,48934,49240,912,490,32,205,213,34,0,0,97811,0,0,8,0,0,0,0,0,0,244,1925,3,0,0,0,0,0
347,2661,348.16945179063345,99991,70,45,3,4,1367,709,0.020761868568171134,49,18,48923,49215,919,490,35,227,236,37,0,0,97777,0,0,9,0,0,0,0,0,0,269,1932,4,0,0,0,0,0
348,2661,349.2824926022947,99991,62,42,3,4,1376,714,0.020901881169305237,47,21,48926,49190,923,494,38,248,260,40,0,0,97726,0,0,10,0,0,0,0,0,0,296,1955,4,0,0,0,0,0
349,2661,350.3197966271486,99991,57,38,3,4,1383,717,0.02100189017011531,54,24,48914,49161,930,498,41,274,286,43,0,0,97678,0,0,10,0,0,0,0,0,0,325,1974,4,0,0,0,0,0
350,2661,351.01143332631676,99991,70,36,3,4,1397,719,0.021161904571411427,46,25,48908,49132,928,502,44,300,314,46,0,0,97642,0,0,10,0,0,0,0,0,0,356,1979,4,0,0,0,0,0
351,2661,352.04904382334104,99991,69,39,3,4,1409,730,0.021391925273274593,41,22,48900,49098,939,509,47,327,343,50,0,0,97588,0,0,10,0,0,0,0,0,0,389,2000,4,0,0,0,0,0
352,2661,353.0868186173876,99991,71,36,3,4,1418,735,0.021531937874408696,42,22,48891,49069,942,513,50,355,374,54,0,0,97541,0,0,11,0,0,0,0,0,0,422,2011,6,0,0,0,0,0
353,2661,354.1247892353498,99990,75,40,4,4,1429,742,0.021712171217121712,43,20,48880,49037,944,512,53,386,407,58,0,0,97496,0,0,11,0,0,0,0,0,0,457,2018,8,0,0,0,0,0
354,2661,355.03971046210756,99990,67,41,4,4,1435,746,0.021812181218121812,43,18,48871,49003,956,513,58,420,442,63,0,0,97439,0,0,11,0,0,0,0,0,0,497,2035,8,0,0,0,0,0
355,2661,356.1402359361093,99990,66,43,4,4,1444,752,0.021962196219621963,47,15,48855,48963,964,517,63,457,479,68,0,0,97383,0,0,11,0,0,0,0,0,0,539,2049,8,0,0,0,0,0
356,2661,357.0064831409271,99990,73,41,4,4,1455,757,0.022122212221222123,47,16,48841,48920,966,522,68,496,518,73,0,0,97329,0,0,11,0,0,0,0,0,0,582,2059,9,0,0,0,0,0
357,2661,358.05839480618766,99990,79,38,4,4,1472,763,0.02235223522352235,51,17,48819,48874,972,530,74,536,559,79,0,0,97263,0,0,11,0,0,0,0,0,0,628,2078,10,0,0,0,0,0
358,2661,359.00265951582855,99990,85,37,4,4,1483,767,0.022502250225022502,55,16,48799,48833,976,532,80,577,602,85,0,0,97206,0,0,11,0,0,0,0,0,0,675,2086,12,0,0,0,0,0
359,2661,360.03575232326074,99990,78,38,4,4,1484,772,0.02256225622562256,57,14,48793,48788,981,535,86,620,647,91,0,0,97144,0,0,11,0,0,0,0,0,0,725,2097,13,0,0,0,0,0
360,2661,361.16154788567025,99990,81,35,4,4,1503,775,0.02278227822782278,52,19,48776,48733,993,540,93,668,695,98,0,0,97070,0,0,12,0,0,0,0,0,0,778,2115,15,0,0,0,0,0
361,2661,362.1021312245982,99990,94,30,4,4,1523,777,0.023002300230023004,45,21,48761,48681,995,545,100,718,745,105,0,0,97001,0,0,12,0,0,0,0,0,0,833,2127,17,0,0,0,0,0
362,2661,363.14134308617514,99990,95,32,4,4,1532,781,0.023132313231323132,43,20,48750,48629,1001,545,106,769,797,113,0,0,96934,0,0,13,0,0,0,0,0,0,891,2133,19,0,0,0,0,0
363,2661,364.110141758583,99990,92,31,4,4,1545,789,0.023342334233423342,42,20,48735,48571,1014,552,112,821,852,121,0,0,96848,0,0,13,0,0,0,0,0,0,952,2156,21,0,0,0,0,0
364,2661,365.0014786673456,99990,83,33,4,4,1552,794,0.02346234623462346,47,23,48717,48508,1027,554,121,877,909,130,0,0,96763,0,0,13,0,0,0,0,0,0,1018,2175,21,0,0,0,0,0
365,2661,366.042968485374,99990,81,32,4,4,1561,798,0.023592359235923593,56,27,48694,48446,1034,557,130,933,968,139,0,0,96679,0,0,13,0,0,0,0,0,0,1086,2191,21,0,0,0,0,0
366,2661,367.0848896404241,99990,80,28,4,4,1574,799,0.02373237323732373,57,28,48674,48389,1044,560,140,990,1030,149,0,0,96590,0,0,13,0,0,0,0,0,0,1156,2208,23,0,0,0,0,0
367,2661,368.1272233132746,99990,76,28,4,4,1584,803,0.023872387238723872,54,31,48660,48326,1054,561,151,1049,1094,160,0,0,96498,0,0,13,0,0,0,0,0,0,1230,2225,24,0,0,0,0,0
368,2661,369.16995156294655,99990,82,34,4,4,1603,811,0.024142414241424142,49,27,48639,48264,1063,559,162,1111,1161,171,0,0,96409,0,0,13,0,0,0,0,0,0,1304,2236,28,0,0,0,0,0
369,2661,370.21307410935805,99990,85,32,4,4,1612,816,0.024282428242824283,47,29,48621,48192,1068,564,174,1178,1231,183,0,0,96314,0,0,13,0,0,0,0,0,0,1386,2249,28,0,0,0,0,0
370,2661,371.2565641827007,99990,86,35,4,4,1624,822,0.024462446244624462,42,28,48607,48123,1074,564,186,1245,1303,195,0,0,96218,0,0,14,0,0,0,0,0,0,1469,2260,29,0,0,0,0,0
371,2661,372.3004144124215,99990,85,37,4,4,1640,826,0.024662466246624663,45,32,48580,48045,1088,565,197,1316,1378,208,0,0,96114,0,0,16,0,0,0,0,0,0,1556,2274,30,0,0,0,0,0
372,2661,373.3447816138381,99990,85,39,4,4,1654,835,0.02489248924892489,45,27,48556,47976,1100,570,209,1383,1456,222,0,0,96002,0,0,16,0,0,0,0,0,0,1647,2294,31,0,0,0,0,0
373,2661,374.04131989289675,99990,84,42,4,4,1663,841,0.025042504250425042,42,22,48538,47902,1108,570,223,1459,1536,236,0,0,95896,0,0,16,0,0,0,0,0,0,1740,2306,32,0,0,0,0,0
374,2661,375.0924041673317,99990,84,47,4,4,1672,850,0.025222522252225224,40,19,48520,47820,1115,574,236,1535,1619,251,0,0,95786,0,0,16,0,0,0,0,0,0,1837,2318,33,0,0,0,0,0
375,2661,376.1855549381437,99990,84,47,4,4,1685,858,0.025432543254325434,41,19,48494,47733,1124,582,252,1614,1705,267,0,0,95665,0,0,17,0,0,0,0,0,0,1938,2336,34,0,0,0,0,0
376,2661,377.0503255079496,99990,86,47,4,4,1694,865,0.025592559255925594,43,18,48473,47646,1124,584,269,1700,1794,284,0,0,95549,0,0,17,0,0,0,0,0,0,2040,2346,38,0,0,0,0,0
377,2661,378.01624234779905,99990,86,42,4,4,1707,867,0.02574257425742574,45,23,48447,47557,1131,588,286,1785,1885,302,0,0,95424,0,0,17,0,0,0,0,0,0,2145,2362,42,0,0,0,0,0
378,2661,379.06345987642425,99990,88,46,4,4,1720,875,0.02595259525952595,46,23,48415,47463,1142,587,304,1876,1979,320,0,0,95301,0,0,17,0,0,0,0,0,0,2253,2373,46,0,0,0,0,0
379,2661,380.1112908896073,99990,84,46,4,4,1733,880,0.026132613261326133,43,29,48389,47365,1156,589,323,1966,2076,339,0,0,95164,0,0,17,0,0,0,0,0,0,2368,2394,47,0,0,0,0,0
380,2661,381.15972957128423,99990,76,42,4,4,1744,882,0.026262626262626262,39,33,48373,47265,1166,593,341,2062,2176,359,0,0,95021,0,0,18,0,0,0,0,0,0,2487,2416,48,0,0,0,0,0
381,2661,382.2086857106202,99990,77,36,4,4,1755,886,0.026412641264126412,38,34,48344,47162,1175,601,361,2162,2279,380,0,0,94877,0,0,18,0,0,0,0,0,0,2611,2436,48,0,0,0,0,0
382,2661,383.258287377671,99990,79,40,4,4,1770,895,0.026652665266526654,39,32,48313,47063,1183,605,381,2255,2385,402,0,0,94732,0,0,18,0,0,0,0,0,0,2738,2453,49,0,0,0,0,0
383,2661,384.3085095972751,99990,81,44,4,4,1781,908,0.026892689268926892,39,21,48287,46963,1184,613,404,2354,2494,425,0,0,94587,0,0,19,0,0,0,0,0,0,2866,2465,53,0,0,0,0,0
384,2661,385.0089840485776,99990,80,42,4,4,1787,912,0.026992699269926992,43,23,48259,46850,1188,617,425,2463,2606,449,0,0,94440,0,0,19,0,0,0,0,0,0,3000,2476,55,0,0,0,0,0
385,2661,386.06038585462926,99990,79,38,4,4,1798,916,0.027142714271427143,45,22,48228,46742,1194,620,449,2573,2721,474,0,0,94286,0,0,19,0,0,0,0,0,0,3134,2490,61,0,0,0,0,0
386,2661,387.11248474376856,99990,73,38,4,4,1808,922,0.027302730273027303,51,25,48189,46625,1207,623,475,2684,2839,500,0,0,94123,0,0,20,0,0,0,0,0,0,3276,2508,63,0,0,0,0,0
387,2661,388.16538486716377,99990,75,34,4,4,1819,923,0.027422742274227422,47,28,48160,46513,1214,627,499,2793,2960,527,0,0,93963,0,0,20,0,0,0,0,0,0,3422,2520,65,0,0,0,0,0
388,2661,389.21898435766457,99990,68,40,4,4,1827,931,0.027582758275827582,52,25,48123,46393,1228,627,524,2910,3084,555,0,0,93794,0,0,20,0,0,0,0,0,0,3574,2537,65,0,0,0,0,0
389,2661,390.27335488564495,99990,77,38,4,4,1846,936,0.027822782278227823,39,28,48094,46275,1233,631,552,3023,3211,584,0,0,93623,0,0,20,0,0,0,0,0,0,3728,2552,67,0,0,0,0,0
390,2661,391.3284506227806,99989,68,41,5,4,1850,944,0.027943073738111193,44,23,48057,46157,1244,631,581,3143,3341,614,0,0,93447,0,0,20,0,0,0,0,0,0,3886,2567,69,0,0,0,0,0
391,2661,392.0323047035842,99989,73,42,5,4,1859,946,0.028053085839442337,42,25,48021,46031,1248,627,610,3270,3474,645,0,0,93282,0,0,20,0,0,0,0,0,0,4046,2568,73,0,0,0,0,0
392,2661,393.08894314687336,99989,78,40,5,4,1872,955,0.028273110042104633,43,22,47985,45908,1249,633,639,3392,3610,678,0,0,93100,0,0,21,0,0,0,0,0,0,4210,2580,78,0,0,0,0,0
393,2661,394.14634298145285,99988,85,47,6,4,1889,963,0.02852342281073729,39,20,47948,45781,1252,629,669,3518,3749,712,0,0,92919,0,0,21,0,0,0,0,0,0,4380,2587,81,0,0,0,0,0
394,2661,395.0547514750069,99988,79,48,6,4,1895,967,0.02862343481217746,44,25,47908,45638,1259,632,703,3652,3891,747,0,0,92728,0,0,21,0,0,0,0,0,0,4556,2601,82,0,0,0,0,0
395,2661,396.1137408202464,99988,66,51,6,4,1901,974,0.028753450414049687,49,29,47869,45505,1272,627,737,3783,4036,783,0,0,92530,0,0,21,0,0,0,0,0,0,4731,2618,88,0,0,0,0,0
396,2661,397.17365552931847,99988,67,45,6,4,1912,980,0.02892347081649798,47,31,47829,45366,1276,633,774,3920,4184,821,0,0,92331,0,0,22,0,0,0,0,0,0,4909,2630,96,0,0,0,0,0
397,2661,398.2345085680212,99988,70,49,6,4,1927,989,0.029163499619954396,47,31,47785,45232,1281,632,810,4051,4335,860,0,0,92130,0,0,22,0,0,0,0,0,0,5093,2641,102,0,0,0,0,0
398,2661,399.2962826404976,99987,65,46,7,4,1937,994,0.029313810795403402,49,29,47736,45092,1294,637,848,4191,4489,900,0,0,91919,0,0,23,0,0,0,0,0,0,5282,2656,107,0,0,0,0,0
399,2661,400.00478027979807,99987,66,49,7,4,1946,1000,0.029463830297938733,56,24,47685,44955,1298,637,887,4330,4645,942,0,0,91717,0,0,23,0,0,0,0,0,0,5473,2660,114,0,0,0,0,0
400,2661,401.1742022859062,99987,73,47,7,4,1967,1008,0.02975386800284037,50,24,47641,44801,1302,644,926,4479,4804,985,0,0,91496,0,0,24,0,0,0,0,0,0,5671,2678,118,0,0,0,0,0
401,2661,402.2601240827535,99987,77,46,7,4,1979,1014,0.029933891405882766,48,19,47593,44656,1306,645,968,4629,4966,1030,0,0,91279,0,0,24,0,0,0,0,0,0,5873,2688,123,0,0,0,0,0
402,2661,403.23586345761055,99987,79,44,7,4,1995,1019,0.030143918709432227,45,19,47544,44511,1313,647,1011,4774,5131,1076,0,0,91055,0,0,24,0,0,0,0,0,0,6076,2701,131,0,0,0,0,0
403,2661,404.34129333366565,99987,75,43,7,4,2009,1024,0.030333943412643644,41,21,47498,44370,1327,648,1051,4913,5299,1123,0,0,90819,0,0,24,0,0,0,0,0,0,6288,2722,134,0,0,0,0,0
404,2661,405.0532989902305,99987,75,40,7,4,2015,1027,0.03042395511416484,48,21,47440,44212,1331,649,1098,5073,5470,1172,0,0,90594,0,0,24,0,0,0,0,0,0,6501,2727,141,0,0,0,0,0
405,2661,406.12271996796375,99987,73,39,7,4,2028,1032,0.030603978517207236,45,23,47393,44056,1339,651,1142,5226,5644,1222,0,0,90355,0,0,24,0,0,0,0,0,0,6719,2742,147,0,0,0,0,0
406,2661,407.1933002990608,99987,70,44,7,4,2032,1040,0.0307239941192355,49,18,47342,43902,1342,647,1189,5384,5820,1274,0,0,90128,0,0,25,0,0,0,0,0,0,6937,2740,157,0,0,0,0,0
407,2661,408.07120367056564,99987,78,43,7,4,2049,1042,0.030914018822446918,48,26,47284,43735,1344,646,1238,5545,5999,1328,0,0,89889,0,0,26,0,0,0,0,0,0,7165,2745,162,0,0,0,0,0
408,2661,409.1441033122799,99987,86,43,7,4,2066,1047,0.031134047426165403,41,28,47233,43564,1344,645,1288,5715,6181,1383,0,0,89644,0,0,26,0,0,0,0,0,0,7396,2753,168,0,0,0,0,0
409,2661,410.2181953007177,99987,80,43,7,4,2076,1053,0.03129406822886975,43,28,47179,43397,1349,647,1341,5880,6365,1440,0,0,89390,0,0,26,0,0,0,0,0,0,7628,2766,177,0,0,0,0,0
410,2661,411.2935405213232,99987,74,43,7,4,2085,1057,0.03142408513106704,47,29,47118,43230,1356,644,1397,6049,6552,1498,0,0,89132,0,0,26,0,0,0,0,0,0,7867,2779,183,0,0,0,0,0
411,2661,412.011201788333,99986,72,43,8,4,2091,1061,0.031524413417878504,49,29,47061,43057,1357,646,1452,6220,6741,1558,0,0,88878,0,0,26,0,0,0,0,0,0,8109,2783,190,0,0,0,0,0
412,2661,413.0892341505775,99986,74,44,8,4,2103,1070,0.03173444282199508,51,26,46996,42894,1361,649,1509,6382,6933,1620,0,0,88611,0,0,26,0,0,0,0,0,0,8358,2796,195,0,0,0,0,0
413,2661,414.1687193593538,99986,79,46,8,4,2120,1079,0.031994479227091796,48,22,46930,42732,1366,649,1568,6546,7127,1683,0,0,88339,0,0,26,0,0,0,0,0,0,8611,2811,199,0,0,0,0,0
414,2661,415.24967085078674,99986,84,47,8,4,2131,1085,0.03216450303042426,52,23,46862,42551,1363,652,1630,6722,7324,1748,0,0,88072,0,0,26,0,0,0,0,0,0,8867,2816,205,0,0,0,0,0
415,2661,416.3321200010982,99986,91,47,8,4,2145,1090,0.03235452963414878,56,22,46788,42374,1365,655,1691,6897,7523,1815,0,0,87802,0,0,26,0,0,0,0,0,0,9125,2820,213,0,0,0,0,0
416,2661,417.05460781267686,99986,88,44,8,4,2152,1093,0.03245454363610906,54,21,46722,42188,1371,658,1756,7084,7725,1884,0,0,87522,0,0,27,0,0,0,0,0,0,9390,2828,219,0,0,0,0,0
417,2661,418.14022058699294,99986,79,42,8,4,2161,1098,0.03259456323885344,63,21,46652,42016,1380,664,1817,7252,7929,1954,0,0,87229,0,0,29,0,0,0,0,0,0,9660,2845,223,0,0,0,0,0
418,2661,419.22744878280787,99986,84,43,8,4,2178,1104,0.03282459544336207,61,24,46586,41831,1383,658,1877,7439,8135,2026,0,0,86947,0,0,31,0,0,0,0,0,0,9927,2847,234,0,0,0,0,0
419,2661,420.3162595721814,99986,102,47,8,4,2202,1111,0.03313463884943892,87,49,46481,41622,1381,653,1940,7624,8343,2100,0,0,86668,4,0,31,0,0,0,0,0,0,10197,2840,246,0,0,0,0,0
420,2661,421.1341120792529,99986,106,44,8,4,2214,1119,0.03333466685335947,92,50,46402,41425,1382,660,2009,7816,8554,2176,0,0,86369,23,0,31,0,0,0,0,0,0,10477,2833,253,0,0,0,0,0
421,2661,422.363161095168,99986,102,56,8,4,2240,1138,0.03378472986218071,102,39,46305,41241,1405,662,2077,7997,8767,2254,0,0,86050,58,1,32,0,0,0,0,0,0,10760,2825,260,0,0,0,0,0
422,2661,423.18389841303224,99986,107,57,8,4,2255,1143,0.03398475786610126,104,45,46226,41049,1409,658,2145,8186,8982,2333,0,0,85751,71,2,32,0,0,0,0,0,0,11045,2817,268,0,0,0,0,0
423,2661,424.00608777515487,99986,115,61,8,4,2275,1154,0.034294801272178106,100,43,46138,40845,1414,661,2224,8385,9199,2414,0,0,85441,87,4,33,0,0,0,0,0,0,11337,2812,272,0,0,0,0,0
424,2661,425.24189806755794,99986,134,60,8,4,2309,1168,0.03477486848158742,97,41,46042,40651,1419,671,2299,8572,9418,2497,0,0,85114,117,4,33,0,0,0,0,0,0,11634,2807,277,0,0,0,0,0
425,2661,426.06710269105076,99985,143,63,9,4,2333,1180,0.03513527029054358,94,44,45955,40442,1422,678,2376,8768,9639,2582,0,0,84795,136,8,33,0,0,0,0,0,0,11929,2800,284,0,0,0,0,0
426,2661,427.30754097467735,99985,151,62,9,4,2363,1192,0.035555333299995,94,44,45856,40244,1436,687,2453,8958,9861,2669,0,0,84460,168,10,34,0,0,0,0,0,0,12230,2793,290,0,0,0,0,0
427,2661,428.13588634331376,99985,169,73,9,4,2394,1205,0.03599539930989649,91,41,45747,40037,1447,685,2536,9159,10085,2758,0,0,84137,182,11,34,0,0,0,0,0,0,12538,2789,294,0,0,0,0,0
428,2661,429.381565198321,99985,174,73,9,4,2430,1225,0.036555483322498375,109,34,45633,39846,1461,699,2613,9343,10311,2849,0,0,83783,226,18,34,0,0,0,0,0,0,12841,2782,301,0,0,0,0,0
429,2661,430.2135847632113,99985,183,73,9,4,2457,1234,0.03691553733059959,114,42,45523,39639,1475,699,2695,9542,10538,2942,0,0,83450,251,20,33,1,0,0,0,0,0,13147,2771,312,0,0,0,0,0
430,2661,431.0474805178733,99985,180,69,9,4,2479,1241,0.03720558083712557,120,49,45413,39430,1494,707,2783,9740,10767,3037,0,0,83103,279,26,35,1,0,0,0,0,0,13460,2764,317,0,0,0,0,0
431,2661,432.30181210990645,99985,171,79,9,4,2507,1262,0.037695654348152224,122,45,45307,39239,1523,711,2867,9921,10998,3133,0,0,82743,322,30,36,1,0,0,0,0,0,13773,2753,327,0,0,0,0,0
432,2661,433.1396934381648,99985,181,73,9,4,2533,1267,0.03800570085512827,127,53,45203,39034,1521,711,2958,10124,11230,3231,0,0,82408,345,33,37,1,0,0,0,0,0,14082,2734,345,0,0,0,0,0
433,2661,434.39979512964373,99984,194,79,10,4,2569,1286,0.038556168987037925,141,52,45077,38846,1536,716,3041,10302,11463,3331,0,0,82053,372,39,39,1,0,0,0,0,0,14403,2726,351,0,0,0,0,0
434,2661,435.24153182820896,99983,212,84,11,4,2604,1297,0.03901663282758069,130,54,44969,38642,1544,713,3133,10502,11698,3433,0,0,81708,393,40,39,1,0,0,0,0,0,14725,2713,364,0,0,0,0,0
435,2661,436.08520948655433,99983,210,91,11,4,2634,1310,0.039446705940009805,132,55,44851,38431,1569,713,3226,10705,11934,3537,0,0,81344,427,44,39,1,0,0,0,0,0,15051,2703,374,0,0,0,0,0
436,2661,437.3544993063876,99983,212,91,11,4,2675,1327,0.04002680455677465,145,68,44721,38226,1596,720,3314,10890,12171,3643,0,0,80958,477,48,41,1,0,0,0,0,0,15383,2694,381,0,0,0,0,0
437,2661,438.20262581524617,99983,222,89,11,4,2712,1342,0.04054689297180521,137,72,44598,38010,1612,731,3419,11093,12409,3751,0,0,80585,513,55,42,1,0,0,0,0,0,15713,2684,390,0,0,0,0,0
438,2661,439.0530190181186,99983,212,84,11,4,2739,1351,0.04090695418221098,149,80,44467,37783,1639,738,3521,11310,12649,3861,0,0,80205,559,59,43,1,0,0,0,0,0,16043,2667,406,0,0,0,0,0
439,2661,440.332859083994,99983,226,93,11,4,2787,1379,0.04166708340417871,146,81,44345,37584,1658,748,3613,11489,12890,3973,0,0,79812,604,66,44,1,0,0,0,0,0,16384,2661,411,0,0,0,0,0
440,2661,441.18796039675436,99983,232,97,11,4,2819,1395,0.042147165018053066,146,77,44221,37366,1673,752,3716,11703,13132,4087,0,0,79433,638,70,44,1,0,0,0,0,0,16725,2650,422,0,0,0,0,0
441,2661,442.04535313809504,99983,229,103,11,4,2838,1415,0.042537231329325985,163,78,44093,37142,1683,759,3820,11913,13374,4203,0,0,79058,668,76,44,1,0,0,0,0,0,17064,2637,435,0,0,0,0,0
442,2661,443.3356506178667,99983,238,108,11,4,2886,1443,0.04329736055129372,181,81,43949,36945,1705,775,3915,12086,13617,4321,0,0,78663,710,87,49,2,0,0,0,0,0,17403,2624,445,0,0,0,0,0
443,2661,444.19798289644916,99983,242,110,11,4,2922,1457,0.043797445565746176,185,83,43810,36720,1728,782,4023,12300,13861,4441,0,0,78275,745,96,49,2,0,0,0,0,0,17747,2613,456,0,0,0,0,0
444,2661,445.0628824485647,99983,247,112,11,4,2953,1475,0.04428752887990958,188,82,43678,36512,1743,791,4132,12498,14106,4563,0,0,77887,778,104,49,3,0,0,0,0,0,18094,2601,467,0,0,0,0,0
445,2661,446.3647549604189,99982,235,121,12,4,3009,1500,0.045098117661179014,195,80,43529,36315,1790,799,4238,12680,14351,4687,0,0,77461,846,114,54,3,0,0,0,0,0,18441,2584,479,0,0,0,0,0
446,2661,447.2351194447558,99982,243,117,12,4,3043,1513,0.04556820227640975,204,91,43394,36097,1804,810,4342,12880,14597,4813,0,0,77062,881,118,56,5,0,0,0,0,0,18801,2574,485,0,0,0,0,0
447,2661,448.10803044718205,99982,274,125,12,4,3100,1535,0.04635834450201036,178,83,43256,35892,1821,814,4458,13081,14844,4940,0,0,76674,909,127,58,6,0,0,0,0,0,19152,2558,498,0,0,0,0,0
448,2661,449.42222920806154,99982,270,133,12,4,3156,1563,0.04719849572923126,183,79,43103,35686,1867,830,4564,13267,15091,5069,0,0,76233,974,138,61,6,0,0,0,0,0,19516,2555,499,0,0,0,0,0
449,2661,450.30090070014006,99982,276,137,12,4,3196,1582,0.047788601948350704,179,84,42966,35467,1885,830,4681,13477,15338,5200,0,0,75838,1010,147,65,6,0,0,0,0,0,19866,2532,518,0,0,0,0,0
450,2661,451.1824528407323,99982,275,132,12,4,3231,1601,0.04832869916584985,191,80,42815,35251,1914,847,4792,13685,15586,5333,0,0,75418,1057,156,69,6,0,0,0,0,0,20230,2520,526,0,0,0,0,0
451,2661,452.0668969379053,99981,285,137,13,4,3282,1622,0.04904931937068043,177,76,42682,35029,1933,856,4909,13897,15834,5468,0,0,75009,1097,168,73,6,0,0,0,0,0,20586,2501,541,0,0,0,0,0
452,2661,453.3986750838067,99981,269,139,13,4,3326,1646,0.049729448595233094,218,79,42503,34825,1974,868,5022,14084,16082,5605,0,0,74572,1161,181,78,6,0,0,0,0,0,20946,2484,553,0,0,0,0,0
453,2661,454.2894326342956,99980,279,144,14,4,3371,1663,0.0503500700140028,212,87,42356,34602,1995,873,5143,14289,16331,5744,0,0,74160,1198,189,79,6,0,0,0,0,0,21312,2469,567,0,0,0,0,0
454,2661,455.18322375792343,99980,279,148,14,4,3410,1685,0.05096019203840768,207,75,42210,34397,2025,881,5264,14494,16580,5884,0,0,73737,1243,200,80,6,0,0,0,0,0,21679,2457,578,0,0,0,0,0
455,2661,456.0801497000347,99980,280,152,14,4,3448,1700,0.05149029805961192,219,76,42049,34181,2049,883,5388,14703,16829,6026,0,0,73328,1275,213,82,7,0,0,0,0,0,22043,2441,591,0,0,0,0,0
456,2661,457.4313548513044,99980,280,156,14,4,3508,1735,0.052440488097619524,224,77,41889,33994,2087,902,5505,14866,17078,6170,0,0,72876,1343,233,83,9,0,0,0,0,0,22407,2431,598,0,0,0,0,0
457,2661,458.3349843831121,99980,297,161,14,4,3558,1758,0.053170634126825364,214,71,41744,33780,2106,911,5624,15072,17327,6316,0,0,72454,1379,246,84,10,0,0,0,0,0,22780,2421,606,0,0,0,0,0
458,2661,459.241555802833,99979,318,164,15,4,3613,1782,0.053961331879694735,220,67,41572,33570,2131,922,5743,15272,17576,6463,0,0,72025,1427,251,85,10,0,0,0,0,0,23155,2404,622,0,0,0,0,0
459,2661,460.15157768862827,99979,325,159,15,4,3672,1799,0.05472149151321778,212,84,41405,33352,2170,937,5872,15463,17824,6612,0,0,71584,1482,265,88,11,0,0,0,0,0,23526,2390,633,0,0,0,0,0
460,2661,461.06524307661044,99979,318,170,15,4,3715,1825,0.05541163644365317,223,99,41236,33136,2201,943,6006,15647,18072,6763,0,0,71155,1523,287,87,13,0,0,0,0,0,23891,2380,643,0,0,0,0,0
461,2661,462.4421752179385,99978,337,162,15,5,3796,1860,0.05657244593810638,240,105,41040,32939,2244,971,6123,15817,18320,6916,0,0,70690,1597,308,94,13,0,0,0,0,0,24258,2363,655,0,0,0,0,0
462,2661,463.3634742091501,99978,341,166,15,5,3850,1888,0.05739262637780312,250,116,40858,32717,2279,992,6256,16003,18568,7070,0,0,70247,1647,329,95,15,0,0,0,0,0,24630,2353,662,0,0,0,0,0
463,2661,464.28867246373227,99978,354,176,15,5,3913,1919,0.05833283322330913,250,113,40683,32495,2318,1008,6379,16202,18815,7226,0,0,69794,1704,342,96,15,0,0,0,0,0,25013,2345,669,0,0,0,0,0
464,2661,465.2176875852785,99978,356,193,15,5,3967,1954,0.05922302906639461,253,110,40516,32282,2349,1020,6510,16389,19062,7383,0,0,69354,1752,361,97,17,0,0,0,0,0,25386,2332,679,0,0,0,0,0
465,2661,466.1504704719885,99978,367,194,15,5,4035,1987,0.060233251315289366,235,116,40346,32060,2394,1045,6642,16579,19309,7542,0,0,68890,1816,381,99,18,0,0,0,0,0,25764,2324,686,0,0,0,0,0
466,2661,467.08709436664856,99978,392,196,15,5,4106,2019,0.06126347796515234,221,114,40177,31861,2426,1063,6768,16760,19555,7702,0,0,68446,1867,405,100,18,0,0,0,0,0,26133,2310,699,0,0,0,0,0
467,2661,468.02765397259776,99978,408,191,15,5,4172,2045,0.062183680409690134,230,116,39998,31666,2451,1079,6897,16942,19800,7864,0,0,67998,1919,433,100,19,0,0,0,0,0,26501,2299,709,0,0,0,0,0
468,2661,469.4454757302298,99977,421,186,16,5,4259,2084,0.06344459225621893,246,113,39798,31488,2496,1112,7022,17095,20045,8027,0,0,67519,2006,458,104,19,0,0,0,0,0,26866,2278,727,0,0,0,0,0
469,2661,470.39444663257706,99977,422,194,16,5,4321,2116,0.06438480850595638,263,122,39608,31291,2542,1130,7148,17257,20289,8192,0,0,67062,2059,485,108,19,0,0,0,0,0,27242,2269,733,0,0,0,0,0
470,2661,471.34759219444703,99977,443,203,16,5,4387,2149,0.06537503625833942,263,120,39432,31102,2565,1139,7280,17430,20533,8358,0,0,66621,2099,509,110,20,0,0,0,0,0,27617,2258,743,0,0,0,0,0
471,2661,472.30490994711874,99976,441,200,17,5,4437,2175,0.06613587260942626,274,136,39268,30910,2590,1152,7409,17596,20776,8525,0,0,66174,2147,536,111,22,0,0,0,0,0,27986,2245,755,0,0,0,0,0
472,2661,473.2661121458264,99975,448,193,18,5,4501,2201,0.06703675918979744,293,141,39073,30731,2625,1168,7542,17761,21018,8694,0,0,65723,2200,566,114,23,0,0,0,0,0,28351,2228,770,0,0,0,0,0
473,2661,474.2318141367372,99975,458,198,18,5,4561,2233,0.06795698924731183,317,136,38888,30545,2644,1185,7674,17930,21259,8864,0,0,65278,2242,598,115,24,0,0,0,0,0,28721,2219,778,0,0,0,0,0
474,2661,475.2017702564366,99975,483,198,18,5,4644,2261,0.06906726681670418,308,138,38695,30374,2685,1201,7810,18083,21500,9035,0,0,64824,2296,624,119,25,0,0,0,0,0,29094,2203,790,0,0,0,0,0
475,2661,476.1762930254563,99975,484,207,18,5,4710,2298,0.07009752438109527,304,136,38521,30167,2721,1222,7951,18262,21740,9208,0,0,64360,2355,653,118,29,0,0,0,0,0,29468,2196,796,0,0,0,0,0
476,2661,477.15523833147273,99975,492,217,18,5,4785,2339,0.0712578144536134,294,136,38326,29967,2775,1237,8094,18437,21979,9382,0,0,63895,2416,683,120,31,0,0,0,0,0,29839,2185,806,0,0,0,0,0
477,2661,478.1389372577379,99974,489,235,19,5,4857,2378,0.07236881589213195,294,136,38131,29796,2829,1237,8237,18590,22217,9557,0,0,63434,2478,711,123,32,0,0,0,0,0,30208,2167,821,0,0,0,0,0
478,2661,479.1276965591809,99974,480,238,19,5,4918,2413,0.07332906555704483,316,133,37943,29616,2872,1259,8369,18748,22454,9733,0,0,62978,2535,745,130,34,0,0,0,0,0,30571,2146,835,0,0,0,0,0
479,2661,480.1213477483623,99974,496,238,19,5,4998,2445,0.07444935683277652,315,142,37767,29431,2900,1275,8502,18908,22690,9910,0,0,62531,2582,786,133,37,0,0,0,0,0,30928,2130,847,0,0,0,0,0
480,2661,481.1194956486566,99973,511,245,20,5,5071,2489,0.07562041751272844,329,132,37574,29248,2933,1296,8632,19073,22925,10088,0,0,62083,2628,831,135,37,0,0,0,0,0,31283,2116,860,0,0,0,0,0
481,2661,482.1224261704662,99972,525,240,21,5,5146,2524,0.07672148201496419,338,142,37369,29078,2971,1326,8775,19208,23159,10267,0,0,61623,2684,868,138,39,0,0,0,0,0,31647,2103,870,0,0,0,0,0
482,2661,483.1304092813821,99972,518,225,21,5,5227,2544,0.07773176489417037,343,157,37181,28882,3023,1348,8913,19382,23392,10447,0,0,61149,2760,913,137,42,0,0,0,0,0,32000,2089,882,0,0,0,0,0
483,2661,484.14365431930366,99971,550,232,22,5,5327,2583,0.07912294565423973,328,163,36989,28701,3062,1368,9048,19530,23624,10628,0,0,60691,2816,955,136,44,0,0,0,0,0,32359,2078,892,0,0,0,0,0
484,2661,485.161878927464,99970,557,234,23,5,5411,2621,0.08034410323096929,324,164,36801,28528,3119,1391,9175,19677,23854,10810,0,0,60220,2885,989,137,48,0,0,0,0,0,32723,2065,903,0,0,0,0,0
485,2661,486.185274713171,99970,539,239,23,5,5498,2664,0.0816444933480044,330,157,36580,28349,3209,1416,9318,19833,24083,10993,0,0,59731,2969,1034,143,51,0,0,0,0,0,33078,2052,912,0,0,0,0,0
486,2661,487.21456480943885,99970,556,236,23,5,5587,2695,0.08284485345603682,342,170,36375,28174,3247,1437,9456,19977,24311,11176,0,0,59273,3037,1065,145,54,0,0,0,0,0,33435,2029,932,0,0,0,0,0
487,2661,488.24960791945915,99969,549,231,23,6,5665,2738,0.08405605737778711,349,169,36177,28009,3306,1460,9595,20124,24538,11360,0,0,58800,3107,1117,148,56,0,0,0,0,0,33780,2017,944,0,0,0,0,0
488,2661,489.29029613928327,99968,538,244,23,7,5740,2777,0.08519726312419974,359,169,35988,27827,3358,1471,9733,20281,24764,11545,0,0,58333,3172,1158,149,58,0,0,0,0,0,34138,2006,954,0,0,0,0,0
489,2661,490.33657186097565,99968,544,249,23,7,5829,2817,0.08648767605633803,363,158,35796,27685,3410,1495,9863,20405,24988,11731,0,0,57864,3242,1196,155,60,0,0,0,0,0,34497,1989,965,0,0,0,0,0
490,2661,491.3882241461346,99965,537,261,25,8,5907,2863,0.08773070574701146,372,140,35604,27519,3459,1515,10002,20556,25211,11917,0,0,57397,3316,1232,154,64,0,0,0,0,0,34849,1972,981,0,0,0,0,0
491,2661,492.4456894789891,99964,544,253,25,9,5998,2895,0.08896202632947861,360,159,35427,27346,3502,1539,10141,20693,25433,12104,0,0,56932,3380,1282,158,66,0,0,0,0,0,35196,1959,991,0,0,0,0,0
492,2661,493.5083727498476,99962,542,260,27,9,6082,2936,0.09021428142694224,352,151,35235,27189,3558,1556,10285,20834,25653,12291,0,0,56483,3432,1343,160,68,0,0,0,0,0,35529,1945,1002,0,0,0,0,0
493,2661,494.04125250304975,99962,550,273,27,9,6136,2960,0.09099457793961706,326,142,35064,27002,3580,1559,10452,21014,25872,12479,0,0,56065,3451,1377,161,70,0,0,0,0,0,35893,1936,1009,0,0,0,0,0
494,2661,495.11518721951,99962,569,272,27,9,6220,3001,0.09224505312018567,343,140,34872,26851,3616,1584,10572,21143,26090,12667,0,0,55616,3501,1428,164,71,0,0,0,0,0,36239,1926,1017,0,0,0,0,0
495,2661,496.1946541178179,99961,558,253,28,9,6300,3028,0.09331639339342343,338,164,34707,26694,3663,1614,10705,21265,26306,12856,0,0,55161,3558,1488,172,76,0,0,0,0,0,36570,1910,1026,0,0,0,0,0
496,2661,497.2795414846744,99959,577,247,29,10,6402,3061,0.09466881421382767,329,171,34519,26540,3713,1637,10832,21394,26521,13045,0,0,54701,3627,1535,176,76,0,0,0,0,0,36912,1892,1040,0,0,0,0,0
497,2661,498.37005031290386,99959,582,261,29,10,6493,3109,0.0960593843475825,328,165,34326,26395,3755,1660,10979,21508,26734,13234,0,0,54237,3701,1572,177,80,0,0,0,0,0,37262,1878,1052,0,0,0,0,0
498,2661,499.4666330822409,99959,581,261,29,10,6581,3147,0.09731990115947539,332,173,34135,26226,3817,1685,11105,21644,26946,13424,0,0,53780,3769,1622,181,83,0,0,0,0,0,37599,1861,1064,0,0,0,0,0
499,2661,500.0163861435692,99959,597,267,29,10,6637,3175,0.09816024570073731,326,163,33950,26061,3832,1689,11265,21809,27157,13614,0,0,53375,3784,1666,182,85,0,0,0,0,0,37945,1849,1073,0,0,0,0,0
500,2661,501.12482153473076,99957,579,269,31,10,6722,3213,0.09939273887771742,328,168,33772,25914,3899,1713,11390,21925,27366,13804,0,0,52925,3839,1737,188,86,0,0,0,0,0,38263,1839,1080,0,0,0,0,0
501,2661,502.2393573265856,99957,575,274,31,10,6814,3260,0.10078333683483898,330,162,33613,25776,3955,1733,11495,22044,27574,13994,0,0,52474,3910,1800,187,89,0,0,0,0,0,38579,1821,1097,0,0,0,0,0
502,2661,503.35925637912106,99957,555,275,31,10,6898,3305,0.10207389177346259,329,158,33454,25631,4015,1759,11615,22166,27780,14184,0,0,52015,3983,1864,190,93,0,0,0,0,0,38897,1808,1107,0,0,0,0,0
503,2661,504.4848691958442,99957,558,268,31,10,6984,3346,0.1033444381083866,329,153,33273,25529,4053,1790,11755,22249,27985,14375,0,0,51573,4042,1922,195,96,0,0,0,0,0,39216,1790,1123,0,0,0,0,0
504,2661,505.0491515055226,99956,563,267,32,10,7021,3367,0.10392572732002081,339,149,33097,25381,4053,1794,11915,22398,28188,14566,0,0,51184,4054,1961,194,98,0,0,0,0,0,39552,1773,1140,0,0,0,0,0
505,2661,506.18662740301477,99956,557,279,32,10,7116,3418,0.10538637000280124,326,131,32937,25260,4110,1813,12037,22506,28390,14757,0,0,50750,4094,2043,201,102,0,0,0,0,0,39858,1766,1142,0,0,0,0,0
506,2661,507.32989947566784,99956,588,264,32,10,7219,3449,0.10672695986233943,294,151,32781,25126,4138,1835,12166,22613,28590,14948,0,0,50314,4140,2104,207,102,0,0,0,0,0,40182,1759,1148,0,0,0,0,0
507,2661,508.4785549391939,99956,581,261,32,10,7304,3492,0.10800752331025651,286,146,32616,25007,4192,1865,12292,22710,28789,15139,0,0,49884,4188,2177,217,104,0,0,0,0,0,40486,1741,1159,0,0,0,0,0
508,2661,509.0545148667871,99956,583,250,32,10,7353,3504,0.1086177918284045,270,152,32460,24864,4202,1871,12452,22852,28986,15329,0,0,49506,4190,2237,221,105,0,0,0,0,0,40799,1726,1172,0,0,0,0,0
509,2661,510.215085994345,99955,558,254,32,11,7427,3553,0.10984943224451003,298,149,32283,24767,4269,1891,12559,22927,29182,15519,0,0,49075,4250,2313,222,108,0,0,0,0,0,41090,1710,1187,0,0,0,0,0
510,2661,511.381596384818,99954,554,256,32,12,7514,3601,0.11120115253016387,304,141,32123,24657,4306,1923,12680,23010,29376,15709,0,0,48658,4296,2385,226,115,0,0,0,0,0,41382,1692,1200,0,0,0,0,0
511,2661,512.5543162486222,99954,577,254,32,12,7620,3642,0.11267182904135903,312,132,31928,24558,4343,1949,12807,23094,29569,15899,0,0,48244,4333,2457,232,120,0,0,0,0,0,41681,1680,1207,0,0,0,0,0
512,2661,513.142217024589,99953,573,251,33,12,7661,3658,0.11324322431542826,316,141,31773,24407,4350,1951,12954,23237,29760,16089,0,0,47867,4340,2508,233,122,0,0,0,0,0,41997,1668,1218,0,0,0,0,0
513,2661,514.327643683543,99953,559,252,33,12,7746,3705,0.11456384500715336,322,130,31594,24305,4414,1975,13077,23325,29950,16278,0,0,47441,4395,2586,239,123,0,0,0,0,0,42286,1653,1230,0,0,0,0,0
514,2661,515.5193510949927,99952,552,238,33,13,7830,3737,0.11572554826316632,325,132,31446,24208,4458,1994,13185,23414,30138,16467,0,0,47021,4444,2662,241,127,0,0,0,0,0,42576,1644,1237,0,0,0,0,0
515,2661,516.1166786155903,99951,548,239,34,13,7879,3756,0.11640703944933017,306,132,31297,24060,4474,1996,13340,23559,30324,16656,0,0,46643,4458,2710,245,128,1,0,0,0,0,42889,1629,1248,0,0,0,0,0
516,2661,517.3206498104695,99951,559,243,34,13,7986,3793,0.11784774539524367,278,136,31136,23971,4527,2003,13465,23633,30509,16844,0,0,46232,4498,2786,250,130,2,0,0,0,0,43181,1621,1251,0,0,0,0,0
517,2661,518.5306893344617,99950,535,251,35,13,8054,3837,0.11896948474237118,274,130,30990,23893,4568,2013,13597,23699,30692,17032,0,0,45841,4531,2867,255,132,2,0,0,0,0,43452,1601,1269,0,0,0,0,0
518,2661,519.1372559399656,99949,533,250,36,13,8097,3857,0.11960099650821919,273,127,30829,23764,4585,2017,13743,23828,30874,17220,0,0,45467,4544,2909,253,139,2,0,0,0,0,43765,1593,1277,0,0,0,0,0
519,2661,520.3598684716159,99949,542,248,36,13,8192,3896,0.12094168025693104,265,126,30667,23668,4638,2038,13851,23906,31054,17407,0,0,45074,4582,2977,259,145,2,0,0,0,0,44045,1573,1292,0,0,0,0,0
520,2661,521.5888199234315,99948,523,234,37,13,8278,3931,0.12215351983031177,261,125,30525,23584,4699,2069,13954,23974,31233,17594,0,0,44654,4638,3056,266,148,2,0,0,0,0,44321,1563,1300,0,0,0,0,0
521,2661,522.2047854040281,99948,523,233,37,13,8332,3950,0.12288389962780646,247,133,30365,23454,4717,2074,14110,24092,31410,17780,0,0,44291,4647,3109,267,153,3,0,0,0,0,44618,1553,1307,0,0,0,0,0
522,2661,523.4465593064205,99946,516,239,39,13,8413,3996,0.12415704480419426,254,112,30209,23374,4753,2089,14228,24172,31586,17966,0,0,43898,4685,3183,267,160,3,0,0,0,0,44891,1543,1316,0,0,0,0,0
523,2661,524.0690139577985,99946,499,235,39,13,8445,4012,0.12463730414423789,265,117,30047,23260,4775,2093,14374,24281,31760,18151,0,0,43549,4678,3243,272,163,3,0,0,0,0,45179,1535,1324,0,0,0,0,0
524,2661,525.3240457771326,99946,483,228,39,13,8531,4051,0.12588797950893482,249,120,29912,23184,4831,2115,14485,24339,31933,18335,0,0,43148,4726,3320,278,171,3,0,0,0,0,45446,1525,1329,0,0,0,0,0
525,2661,526.5855628465328,99945,470,229,40,13,8604,4087,0.12697983891140127,259,111,29793,23121,4871,2128,14566,24397,32104,18519,0,0,42760,4765,3389,284,173,3,0,0,0,0,45721,1512,1338,0,0,0,0,0
526,2661,527.2174776761748,99944,476,225,41,13,8660,4111,0.1277815576722965,238,100,29639,23016,4885,2137,14720,24508,32274,18702,0,0,42402,4783,3441,285,176,3,0,0,0,0,46005,1498,1351,0,0,0,0,0
527,2661,528.490645674672,99943,459,213,41,14,8748,4141,0.12896350920024413,217,104,29510,22958,4943,2161,14829,24549,32442,18884,0,0,42007,4833,3518,292,180,3,0,0,0,0,46264,1486,1360,0,0,0,0,0
528,2661,529.1286346026322,99943,453,216,41,14,8777,4155,0.12939375444003082,223,107,29387,22841,4938,2158,14957,24663,32609,19066,0,0,41674,4820,3568,293,184,3,0,0,0,0,46556,1482,1363,0,0,0,0,0
529,2661,530.4140395040863,99943,458,204,41,14,8860,4194,0.13061445023663487,206,100,29266,22781,4964,2192,15064,24708,32774,19247,0,0,41297,4858,3646,297,187,3,0,0,0,0,46811,1471,1373,0,0,0,0,0
530,2661,531.057626731768,99943,459,207,41,14,8897,4215,0.13119478102518436,199,99,29137,22670,4958,2196,15205,24813,32938,19427,0,0,40975,4849,3706,298,188,3,0,0,0,0,47081,1457,1386,0,0,0,0,0
531,2661,532.3542004371199,99942,446,204,42,14,8969,4242,0.1321866682675952,201,105,28997,22622,4994,2199,15319,24855,33100,19606,0,0,40612,4874,3779,304,192,3,0,0,0,0,47339,1448,1391,0,0,0,0,0
532,2661,533.0036353936156,99942,441,197,42,14,9000,4257,0.132646935222429,192,100,28878,22531,4985,2206,15461,24951,33261,19785,0,0,40297,4858,3845,305,196,3,0,0,0,0,47601,1438,1399,0,0,0,0,0
533,2661,534.3123522183665,99942,423,188,42,14,9071,4284,0.13362750395229234,189,108,28768,22487,5024,2227,15553,24975,33420,19963,0,0,39937,4889,3924,307,202,3,0,0,0,0,47845,1427,1408,0,0,0,0,0
534,2661,535.6262325439999,99941,392,187,43,14,9123,4310,0.13440930148787786,208,118,28674,22437,5045,2236,15637,25007,33578,20140,0,0,39597,4908,4000,305,213,3,0,0,0,0,48084,1414,1417,0,0,0,0,0
535,2661,536.2843063546572,99941,391,197,43,14,9159,4337,0.13503967340731032,212,104,28553,22354,5039,2231,15761,25099,33734,20316,0,0,39279,4898,4055,305,217,3,0,0,0,0,48354,1408,1422,0,0,0,0,0
536,2661,537.6084533412636,99941,383,202,43,14,9219,4373,0.1360002401416836,212,102,28464,22329,5056,2236,15841,25116,33889,20491,0,0,38956,4908,4139,304,220,4,0,0,0,0,48581,1393,1436,0,0,0,0,0
537,2661,538.2713337642925,99940,362,200,44,14,9253,4388,0.13649189513708224,221,107,28326,22229,5079,2234,15967,25215,34042,20665,0,0,38631,4918,4197,304,222,4,0,0,0,0,48836,1380,1448,0,0,0,0,0
538,2661,539.6058476295664,99940,372,197,44,14,9330,4420,0.13758254952971782,201,104,28216,22200,5107,2253,16059,25231,34194,20838,0,0,38287,4945,4264,303,228,4,0,0,0,0,49083,1373,1453,0,0,0,0,0
539,2661,540.2745964430279,99940,367,193,44,14,9364,4435,0.13807284370622375,206,100,28094,22123,5110,2253,16178,25316,34344,21010,0,0,37982,4935,4327,302,232,4,0,0,0,0,49333,1367,1458,0,0,0,0,0
540,2661,541.6207618845121,99940,361,190,44,14,9436,4469,0.13913348008805282,189,91,28026,22095,5134,2272,16245,25337,34493,21181,0,0,37658,4945,4416,306,239,4,0,0,0,0,49553,1357,1462,0,0,0,0,0
541,2661,542.294195583017,99940,365,187,44,14,9472,4486,0.13966379827896738,190,88,27893,22018,5136,2272,16371,25420,34640,21351,0,0,37362,4931,4476,305,244,4,0,0,0,0,49801,1351,1466,0,0,0,0,0
542,2661,543.6501798688599,99940,352,187,44,14,9530,4525,0.14063438062837702,186,81,27797,22000,5159,2292,16461,25425,34786,21520,0,0,37021,4966,4542,307,247,4,0,0,0,0,50037,1340,1476,0,0,0,0,0
543,2661,544.329172305477,99940,352,189,44,14,9566,4546,0.14120472283370022,193,76,27673,21918,5152,2293,16585,25509,34931,21688,0,0,36730,4956,4602,308,248,5,0,0,0,0,50276,1328,1487,0,0,0,0,0
544,2661,545.0112626591429,99939,344,181,45,14,9599,4558,0.14165641041035032,179,78,27580,21845,5151,2294,16700,25587,35074,21855,0,0,36443,4935,4672,312,251,5,0,0,0,0,50509,1322,1490,0,0,0,0,0
545,2661,546.3839718781198,99938,321,169,46,14,9639,4581,0.14228821869559127,186,73,27498,21849,5169,2312,16779,25582,35216,22021,0,0,36123,4955,4737,314,257,5,0,0,0,0,50740,1311,1496,0,0,0,0,0
546,2661,547.070635740999,99938,315,162,46,14,9666,4598,0.1427284916648322,181,73,27394,21783,5163,2322,16900,25645,35356,22186,0,0,35831,4947,4793,318,259,5,0,0,0,0,50981,1302,1502,0,0,0,0,0
547,2661,548.4530104762783,99938,299,154,46,14,9719,4624,0.1435189817686966,185,69,27333,21753,5185,2337,16951,25672,35495,22350,0,0,35515,4960,4866,324,263,5,0,0,0,0,51205,1295,1505,0,0,0,0,0
548,2661,549.1447831712775,99938,290,140,46,14,9743,4634,0.14385919269947367,196,72,27212,21691,5189,2338,17066,25744,35633,22513,0,0,35237,4944,4924,326,268,6,0,0,0,0,51434,1287,1512,0,0,0,0,0
549,2661,550.5363859945719,99937,279,147,46,15,9799,4667,0.1447511932517486,194,66,27150,21676,5207,2336,17123,25759,35769,22675,0,0,34945,4943,5008,329,269,7,0,0,0,0,51640,1278,1518,0,0,0,0,0
550,2661,551.2327978627247,99936,279,142,47,15,9830,4676,0.14515289785462696,187,67,27045,21603,5203,2333,17238,25839,35904,22836,0,0,34669,4934,5055,327,274,7,0,0,0,0,51874,1268,1528,0,0,0,0,0
551,2661,552.633659391037,99936,287,128,47,15,9897,4693,0.1459934357989113,159,69,26988,21602,5216,2344,17302,25841,36038,22996,0,0,34375,4945,5123,328,279,7,0,0,0,0,52084,1256,1539,0,0,0,0,0
552,2661,553.334478661749,99936,290,135,47,15,9922,4704,0.14635366634646174,158,68,26881,21538,5199,2332,17424,25911,36170,23155,0,0,34118,4926,5166,329,280,7,0,0,0,0,52317,1240,1553,0,0,0,0,0
553,2661,554.0379502320834,99936,287,138,47,15,9949,4716,0.14674391610630805,151,66,26787,21463,5192,2326,17535,25991,36301,23313,0,0,33858,4907,5216,330,282,8,0,0,0,0,52543,1229,1563,0,0,0,0,0
554,2661,555.4529720509219,99936,274,122,47,15,9993,4736,0.14738432596861992,154,69,26739,21479,5180,2336,17605,25978,36431,23470,0,0,33583,4902,5297,333,290,8,0,0,0,0,52736,1219,1568,0,0,0,0,0
555,2661,556.160923704848,99936,274,122,47,15,10018,4749,0.1477645693243676,151,66,26653,21418,5167,2338,17707,26040,36559,23625,0,0,33325,4885,5348,332,294,8,0,0,0,0,52959,1212,1573,0,0,0,0,0
556,2661,557.5836296685866,99936,271,120,47,15,10067,4768,0.14844500480307396,146,67,26634,21430,5155,2336,17746,26031,36686,23779,0,0,33058,4888,5415,331,298,8,0,0,0,0,53156,1196,1586,0,0,0,0,0
557,2661,558.2947670514309,99935,271,120,48,15,10092,4780,0.1488167308750688,139,65,26541,21368,5147,2333,17853,26098,36812,23932,0,0,32806,4865,5467,329,304,8,0,0,0,0,53375,1193,1588,0,0,0,0,0
558,2661,559.0078521800616,99935,268,118,48,15,10120,4788,0.1491769650272677,126,62,26481,21305,5127,2329,17949,26170,36937,24084,0,0,32551,4851,5516,330,305,9,0,0,0,0,53592,1185,1596,0,0,0,0,0
559,2661,560.4408681249004,99935,248,110,48,15,10151,4810,0.14970730975133836,127,52,26448,21331,5125,2339,18003,26152,37060,24235,0,0,32276,4860,5581,331,308,9,0,0,0,0,53790,1176,1604,0,0,0,0,0
560,2661,561.1568444874547,99934,242,99,49,15,10173,4814,0.1499689795264875,121,54,26359,21289,5127,2336,18101,26206,37182,24385,0,0,32024,4852,5624,329,313,9,0,0,0,0,54003,1164,1616,0,0,0,0,0
561,2661,562.5963625914923,99934,223,103,49,15,10207,4841,0.15057938239237897,119,37,26341,21299,5130,2338,18137,26207,37303,24533,0,0,31760,4854,5687,331,317,9,0,0,0,0,54197,1155,1624,0,0,0,0,0
562,2661,563.3158579332033,99934,213,99,49,15,10225,4848,0.15082954750135089,118,35,26265,21259,5129,2340,18225,26251,37423,24680,0,0,31510,4852,5726,327,322,9,0,0,0,0,54409,1144,1635,0,0,0,0,0
563,2661,564.0375761676122,99934,214,97,49,15,10251,4859,0.15119979186262933,104,32,26201,21204,5111,2336,18320,26315,37541,24826,0,0,31276,4831,5777,326,327,9,0,0,0,0,54609,1136,1643,0,0,0,0,0
564,2661,565.4872846507868,99933,207,94,49,16,10289,4878,0.1517716870303103,92,26,26185,21231,5099,2329,18367,26303,37658,24971,0,0,31038,4811,5841,331,334,9,0,0,0,0,54793,1126,1650,0,0,0,0,0
565,2661,566.2118211243944,99933,200,93,49,16,10307,4884,0.15201184793811853,87,27,26116,21196,5089,2322,18458,26345,37774,25115,0,0,30801,4795,5885,330,338,9,0,0,0,0,55001,1120,1654,0,0,0,0,0
566,2661,567.6666226119867,99932,194,84,49,17,10341,4894,0.1524536684945763,88,30,26076,21234,5087,2314,18505,26320,37889,25258,0,0,30548,4800,5929,330,343,9,0,0,0,0,55200,1109,1664,0,0,0,0,0
567,2661,568.3937434067864,99932,194,83,49,17,10354,4898,0.1526237841732378,87,31,26006,21203,5070,2305,18593,26360,38003,25399,0,0,30324,4777,5964,331,346,9,0,0,0,0,55410,1100,1671,0,0,0,0,0
568,2661,569.1233298173554,99932,184,78,49,17,10365,4905,0.15280390665652643,86,28,25945,21160,5055,2301,18680,26415,38115,25539,0,0,30102,4753,6009,332,353,9,0,0,0,0,55607,1093,1674,0,0,0,0,0
569,2661,570.5882906316197,99932,170,75,49,17,10385,4919,0.1531441380138494,87,27,25946,21190,5041,2300,18706,26390,38226,25678,0,0,29886,4729,6077,333,357,9,0,0,0,0,55777,1082,1682,0,0,0,0,0
570,2661,571.3203508481367,99932,169,73,49,17,10402,4922,0.15334427410639234,80,32,25877,21149,5033,2296,18791,26432,38336,25816,0,0,29664,4710,6111,335,359,10,0,0,0,0,55981,1074,1688,0,0,0,0,0
571,2661,572.0538394796458,99932,168,67,49,17,10420,4925,0.15355441700356243,72,38,25808,21099,5023,2286,18879,26492,38445,25953,0,0,29448,4685,6157,335,363,10,0,0,0,0,56173,1069,1692,0,0,0,0,0
572,2661,573.526875064403,99932,156,61,49,17,10453,4933,0.15396469599327542,61,40,25804,21148,5026,2279,18903,26454,38553,26088,0,0,29222,4670,6219,340,364,10,0,0,0,0,56346,1062,1699,0,0,0,0,0
573,2661,574.2626775433395,99932,148,63,49,17,10463,4939,0.15412480486730978,64,39,25734,21121,5015,2265,18989,26494,38660,26222,0,0,29016,4646,6257,340,368,10,0,0,0,0,56534,1051,1710,0,0,0,0,0
574,2661,575.0005172728156,99932,136,65,49,17,10476,4946,0.1543249409598527,62,38,25669,21102,5012,2258,19071,26519,38766,26355,0,0,28798,4633,6294,338,373,10,0,0,0,0,56725,1045,1716,0,0,0,0,0
575,2661,576.4822751830654,99932,131,55,49,17,10500,4953,0.15463515190329424,65,42,25655,21138,4995,2255,19104,26492,38871,26487,0,0,28582,4622,6348,334,379,10,0,0,0,0,56897,1039,1721,0,0,0,0,0
576,2661,577.2227969322626,99932,124,54,49,17,10511,4959,0.15480526758195573,64,41,25608,21116,4973,2251,19181,26520,38975,26618,0,0,28374,4603,6386,331,387,10,0,0,0,0,57085,1034,1722,0,0,0,0,0
577,2661,578.7088742111715,99932,114,62,49,17,10528,4972,0.15510547172077013,70,37,25601,21201,4959,2234,19206,26448,39077,26748,0,0,28160,4590,6426,331,390,10,0,0,0,0,57270,1029,1726,0,0,0,0,0
578,2661,579.4508859536544,99932,126,63,49,17,10548,4977,0.1553556418364488,63,35,25546,21173,4929,2224,19286,26487,39178,26876,0,0,27969,4562,6464,329,392,11,0,0,0,0,57450,1022,1733,0,0,0,0,0
579,2661,580.1948611115073,99932,125,58,49,17,10559,4983,0.15552575751511027,61,32,25497,21151,4909,2222,19358,26519,39278,27003,0,0,27764,4548,6498,325,398,11,0,0,0,0,57634,1018,1736,0,0,0,0,0
580,2661,581.6874139162608,99932,127,54,49,17,10581,4995,0.15586598887243325,58,28,25500,21213,4896,2219,19369,26468,39377,27129,0,0,27563,4527,6545,327,401,11,0,0,0,0,57804,1013,1741,0,0,0,0,0
581,2661,582.4324636554168,99931,125,53,50,17,10591,4998,0.15599763837047562,56,26,25452,21197,4876,2213,19440,26493,39475,27254,0,0,27368,4507,6579,324,404,11,0,0,0,0,57984,1007,1747,0,0,0,0,0
582,2661,583.1794249708291,99931,119,50,50,17,10599,5002,0.15611772122764708,57,27,25401,21174,4862,2208,19510,26523,39572,27378,0,0,27181,4484,6620,320,410,11,0,0,0,0,58152,1000,1753,0,0,0,0,0
583,2661,584.6777859101461,99931,107,45,50,17,10619,5007,0.15636789384675426,63,30,25412,21229,4852,2200,19515,26478,39668,27501,0,0,26984,4472,6667,319,413,13,0,0,0,0,58311,993,1759,0,0,0,0,0
584,2661,585.4260118006205,99931,104,45,50,17,10631,5009,0.1565079905134543,54,32,25368,21221,4842,2186,19581,26498,39763,27622,0,0,26798,4453,6701,318,415,13,0,0,0,0,58481,983,1769,0,0,0,0,0
585,2661,586.1757099081171,99931,106,52,50,17,10644,5020,0.15674815622779717,48,24,25325,21209,4828,2176,19642,26521,39857,27742,0,0,26618,4427,6734,318,419,13,0,0,0,0,58650,975,1777,0,0,0,0,0
586,2661,587.6791712563822,99931,108,44,50,17,10661,5023,0.15694829432308294,44,24,25333,21280,4811,2166,19653,26468,39950,27861,0,0,26424,4418,6766,318,421,13,0,0,0,0,58820,966,1785,0,0,0,0,0
587,2661,588.4298746319243,99931,100,41,50,17,10668,5025,0.1570383564659615,44,25,25297,21263,4795,2159,19713,26494,40042,27979,0,0,26245,4394,6807,318,423,13,0,0,0,0,58981,959,1791,0,0,0,0,0
588,2661,589.1820578217753,99931,101,40,50,17,10678,5030,0.15718846003742581,43,22,25247,21240,4774,2152,19784,26528,40133,28096,0,0,26064,4374,6841,319,423,13,0,0,0,0,59148,951,1798,0,0,0,0,0
589,2661,590.6902232133414,99931,105,40,50,17,10698,5038,0.15746865337082586,37,21,25262,21307,4735,2133,19810,26481,40223,28212,0,0,25899,4352,6885,316,427,13,0,0,0,0,59290,935,1814,0,0,0,0,0
590,2661,591.3316417464229,99931,107,34,50,17,10711,5039,0.1576087500375259,34,23,25231,21288,4716,2133,19861,26504,40313,28327,0,0,25722,4330,6925,313,430,13,0,0,0,0,59449,932,1817,0,0,0,0,0
591,2661,592.0860388581657,99931,96,34,50,17,10714,5043,0.1576787983708759,38,23,25177,21281,4704,2120,19934,26524,40402,28440,0,0,25543,4313,6956,314,430,14,0,0,0,0,59612,926,1823,0,0,0,0,0
592,2661,593.5984205423139,99931,92,38,50,17,10722,5049,0.15781889503757593,35,19,25139,21266,4688,2111,19995,26548,40490,28552,0,0,25375,4288,6990,314,431,15,0,0,0,0,59769,919,1830,0,0,0,0,0
593,2661,594.009365966114,99931,80,39,50,17,10725,5052,0.15787893646616166,41,20,25094,21254,4683,2105,20051,26564,40577,28663,0,0,25189,4278,7015,315,431,15,0,0,0,0,59939,916,1833,0,0,0,0,0
594,2661,595.3594967834454,99931,81,40,50,17,10744,5062,0.15816913670432597,34,19,25144,21327,4660,2091,20030,26505,40663,28773,0,0,25021,4260,7057,314,434,15,0,0,0,0,60082,907,1841,0,0,0,0,0
595,2661,596.1167341500529,99931,80,40,50,17,10744,5063,0.15817914360909027,34,18,25055,21260,4647,2081,20133,26583,40748,28882,0,0,24857,4242,7077,310,438,15,0,0,0,0,60244,899,1849,0,0,0,0,0
596,2661,597.4171111245622,99931,79,42,50,17,10758,5068,0.15836927479961174,30,16,25070,21290,4623,2066,20147,26568,40832,28990,0,0,24696,4218,7115,308,443,15,0,0,0,0,60390,894,1852,0,0,0,0,0
597,2661,598.6253186799709,99931,64,44,50,17,10763,5074,0.15847935075201888,37,11,25076,21323,4611,2060,20161,26544,40915,29097,0,0,24524,4204,7153,307,444,15,0,0,0,0,60538,891,1855,0,0,0,0,0
598,2661,599.5268804074694,99931,66,38,50,17,10773,5077,0.15860944051395462,33,12,25082,21362,4582,2054,20186,26516,40997,29203,0,0,24364,4180,7187,308,447,15,0,0,0,0,60685,886,1859,0,0,0,0,0
599,2661,600.0273039939326,99931,62,39,50,17,10774,5081,0.15865947503777605,34,9,25009,21319,4570,2051,20274,26564,41078,29308,0,0,24202,4161,7212,307,449,15,0,0,0,0,60840,882,1863,0,0,0,0,0
600,2661,601.3095375387035,99931,56,33,50,17,10780,5085,0.15875954408541895,32,11,25007,21379,4557,2050,20297,26509,41159,29412,0,0,24036,4147,7247,305,450,16,0,0,0,0,60985,879,1866,0,0,0,0,0
601,2661,602.1238209409476,99931,56,27,50,17,10788,5086,0.15884960622829752,24,15,24980,21372,4540,2048,20349,26520,41239,29515,0,0,23882,4130,7275,304,452,17,0,0,0,0,61126,869,1876,0,0,0,0,0
602,2661,603.4748762079397,99931,57,26,50,17,10797,5093,0.15900971670452613,21,10,25026,21451,4511,2040,20334,26455,41318,29617,0,0,23722,4116,7301,300,458,17,0,0,0,0,61272,866,1879,0,0,0,0,0
603,2661,604.2815420130937,99931,52,29,50,17,10799,5099,0.15908977194264043,26,8,24979,21425,4495,2028,20397,26492,41396,29718,0,0,23572,4092,7331,300,460,17,0,0,0,0,61414,861,1884,0,0,0,0,0
604,2661,605.510277045371,99931,52,28,50,17,10808,5103,0.15921986170457617,21,7,25024,21499,4463,2022,20389,26426,41473,29818,0,0,23421,4068,7369,299,461,17,0,0,0,0,61551,860,1885,0,0,0,0,0
605,2661,606.286588143939,99931,48,27,50,17,10812,5105,0.15927990313316187,24,7,25007,21510,4434,2015,20436,26423,41550,29917,0,0,23269,4048,7398,299,462,17,0,0,0,0,61693,856,1889,0,0,0,0,0
606,2661,607.5780292921655,99931,45,24,50,17,10816,5107,0.1593399445617476,22,9,25008,21514,4413,2009,20461,26426,41626,30015,0,0,23128,4023,7434,296,466,17,0,0,0,0,61823,851,1893,0,0,0,0,0
607,2661,608.4182826350136,99931,36,19,50,17,10817,5108,0.15935995837127617,25,10,25006,21532,4392,2008,20490,26413,41701,30111,0,0,22984,3999,7469,297,468,17,0,0,0,0,61954,847,1896,0,0,0,0,0
608,2661,609.1897074397815,99931,37,19,50,17,10824,5110,0.15945002051415477,19,8,24987,21542,4374,2001,20532,26412,41775,30206,0,0,22836,3982,7494,296,469,17,0,0,0,0,62094,844,1899,0,0,0,0,0
609,2661,610.0265284198306,99931,35,17,50,17,10828,5112,0.15951006194274048,18,9,25002,21593,4344,1988,20550,26375,41848,30301,0,0,22695,3959,7526,296,470,17,0,0,0,0,62226,840,1902,0,0,0,0,0
610,2661,611.0018792434538,99931,36,15,50,17,10829,5112,0.15952006884750478,19,9,24961,21568,4324,1980,20609,26410,41921,30395,0,0,22558,3935,7552,295,471,17,0,0,0,0,62361,835,1907,0,0,0,0,0
611,2661,612.002114788612,99931,35,15,50,17,10833,5114,0.1595801102760905,21,9,24957,21589,4303,1977,20633,26392,41993,30488,0,0,22413,3923,7569,294,473,17,0,0,0,0,62500,828,1914,0,0,0,0,0
612,2661,613.1237268976206,99931,36,15,50,17,10840,5116,0.15967017241896908,23,10,24962,21648,4278,1967,20650,26342,42064,30580,0,0,22270,3909,7589,289,479,17,0,0,0,0,62636,827,1915,0,0,0,0,0
613,2661,614.0019766882688,99931,35,18,50,17,10844,5120,0.15975022765708338,24,8,24966,21668,4253,1960,20671,26328,42134,30671,0,0,22133,3890,7614,288,480,17,0,0,0,0,62767,823,1919,0,0,0,0,0
614,2661,615.1845353514681,99931,43,15,50,17,10852,5120,0.15983028289519768,19,9,24959,21696,4227,1950,20701,26312,42204,30761,0,0,22005,3866,7641,284,484,17,0,0,0,0,62892,819,1923,0,0,0,0,0
615,2661,616.0070382268175,99931,45,13,50,17,10860,5122,0.15993035194284055,15,9,24987,21787,4197,1935,20705,26238,42273,30850,0,0,21872,3846,7669,282,487,17,0,0,0,0,63016,816,1926,0,0,0,0,0
616,2661,617.0749977764813,99931,43,14,50,17,10861,5124,0.15996037265713342,18,7,24952,21765,4181,1929,20755,26267,42341,30938,0,0,21741,3831,7688,281,488,17,0,0,0,0,63143,807,1935,0,0,0,0,0
617,2661,618.0139021705935,99931,45,13,50,17,10867,5126,0.16004042789524772,17,6,24982,21825,4156,1921,20749,26217,42409,31025,0,0,21614,3813,7713,278,491,17,0,0,0,0,63263,800,1942,0,0,0,0,0
618,2661,619.0060145044055,99931,45,13,50,17,10869,5127,0.1600704486095406,23,5,24958,21835,4136,1912,20787,26217,42476,31111,0,0,21483,3795,7731,277,494,17,0,0,0,0,63393,797,1944,0,0,0,0,0
619,2661,620.0701571542949,99931,47,13,50,17,10877,5128,0.16016051075241916,17,5,24958,21861,4116,1904,20811,26199,42542,31196,0,0,21359,3778,7755,273,498,17,0,0,0,0,63510,791,1950,0,0,0,0,0
620,2661,621.0498633657892,99931,44,11,50,17,10880,5130,0.1602105452762406,18,4,24960,21900,4097,1894,20830,26173,42608,31280,0,0,21231,3762,7779,273,499,17,0,0,0,0,63629,785,1956,0,0,0,0,0
621,2661,622.1413470857755,99931,48,10,50,17,10890,5131,0.16032062122864776,11,4,24979,21938,4080,1884,20831,26146,42673,31363,0,0,21110,3740,7804,272,503,17,0,0,0,0,63745,781,1959,0,0,0,0,0
622,2661,623.014674867229,99931,42,11,50,17,10897,5133,0.16041068337152636,14,5,25017,21975,4058,1876,20818,26115,42737,31445,0,0,20981,3727,7827,270,507,17,0,0,0,0,63862,779,1961,0,0,0,0,0
623,2661,624.2015238225648,99931,39,9,50,17,10899,5133,0.16043069718105493,14,6,25028,22005,4036,1863,20832,26099,42801,31526,0,0,20867,3704,7856,266,512,17,0,0,0,0,63970,775,1964,0,0,0,0,0
624,2661,625.4201699056532,99931,39,9,50,17,10902,5134,0.16047072480011207,13,10,25036,22045,4015,1853,20846,26065,42864,31607,0,0,20746,3692,7872,265,513,17,0,0,0,0,64087,765,1974,0,0,0,0,0
625,2661,626.0888611881679,99930,33,8,51,17,10903,5135,0.16049234464124887,17,10,25030,22062,3999,1846,20869,26056,42926,31687,0,0,20621,3677,7894,265,514,17,0,0,0,0,64204,762,1976,0,0,0,0,0
626,2661,627.0679518059854,99930,32,6,51,17,10906,5137,0.16054237966576604,17,8,25023,22078,3984,1838,20892,26052,42988,31766,0,0,20504,3657,7920,264,516,17,0,0,0,0,64314,759,1979,0,0,0,0,0
627,2661,628.26219107644,99930,32,9,51,17,10915,5141,0.16067247072951066,10,6,25082,22132,3961,1829,20863,26006,43049,31844,0,0,20386,3641,7945,263,518,17,0,0,0,0,64423,755,1982,0,0,0,0,0
628,2661,629.0902553938778,99930,32,9,51,17,10919,5142,0.16072250575402783,6,5,25063,22141,3952,1825,20895,26002,43109,31921,0,0,20259,3632,7959,262,519,17,0,0,0,0,64545,755,1982,0,0,0,0,0
629,2661,630.1163710112153,99930,31,10,51,17,10922,5146,0.16079255478835183,30,26,25079,22196,3930,1814,20878,25936,43169,31997,0,0,20152,3610,7984,260,523,17,0,0,0,1,64647,750,1986,0,0,0,0,0
630,2661,631.3529820398676,99930,38,19,51,17,10933,5156,0.16100270189132393,27,22,25112,22258,3907,1804,20864,25879,43228,32073,0,0,20038,3594,8000,258,524,18,1,0,0,4,64757,746,1990,0,0,0,0,0
631,2661,632.0604433593755,99930,35,19,51,17,10936,5160,0.16107275092564796,33,25,25125,22285,3881,1800,20874,25853,43287,32148,0,0,19929,3570,8024,256,526,18,5,0,0,10,64856,743,1993,0,0,0,0,0
632,2661,633.2631370941957,99930,39,20,51,17,10944,5166,0.161212848994296,41,26,25130,22303,3864,1793,20874,25840,43345,32222,0,0,19813,3554,8040,255,527,18,9,0,0,15,64963,740,1996,0,0,0,0,0
633,2661,634.0917446965879,99930,42,25,51,17,10954,5173,0.16138296807765437,43,24,25146,22360,3851,1782,20866,25791,43402,32295,0,0,19703,3533,8061,253,529,19,13,0,0,19,65065,740,1995,0,0,0,0,0
634,2661,635.2267607352812,99930,44,22,51,17,10966,5176,0.16153307315120585,48,27,25161,22404,3836,1777,20859,25752,43459,32367,0,0,19593,3514,8079,254,531,19,17,0,0,28,65162,735,1998,0,0,0,0,0
635,2661,636.3609208515277,99930,56,27,51,17,10984,5185,0.1618032622835985,41,25,25194,22454,3811,1768,20846,25708,43515,32439,0,0,19486,3492,8098,254,534,19,19,0,0,33,65262,734,1999,0,0,0,0,0
636,2661,637.1162283519998,99930,54,30,51,17,10991,5189,0.16191333933753627,49,27,25193,22464,3802,1758,20850,25703,43571,32510,0,0,19377,3477,8110,255,536,19,19,0,0,40,65364,730,2003,0,0,0,0,0
637,2661,638.2489109975087,99930,57,35,51,17,11000,5198,0.16209346542579806,52,26,25222,22510,3783,1753,20834,25658,43626,32580,0,0,19277,3458,8125,256,539,19,18,0,0,47,65458,724,2009,0,0,0,0,0
638,2661,639.0031855627353,99930,62,38,51,17,11012,5207,0.16230361252877015,48,18,25219,22534,3776,1755,20843,25637,43681,32649,0,0,19166,3448,8132,255,543,19,20,0,0,55,65559,720,2013,0,0,0,0,0
639,2661,640.0969684403618,99930,72,40,51,17,11034,5212,0.1625738016611628,58,22,25222,22573,3764,1746,20832,25601,43735,32717,0,0,19062,3430,8150,253,546,19,23,0,0,66,65649,719,2013,0,0,0,0,0
640,2661,641.2278001360426,99930,81,37,51,17,11055,5218,0.1628439907935555,52,32,25263,22603,3744,1748,20808,25562,43788,32785,0,0,18951,3415,8163,254,548,19,29,0,0,78,65742,717,2014,0,0,0,0,0
641,2661,642.3568906494396,99930,83,42,51,17,11074,5228,0.16313419393575504,58,34,25294,22671,3741,1742,20772,25493,43841,32852,0,0,18842,3401,8174,254,551,19,36,0,0,90,65832,713,2018,0,0,0,0,0
642,2661,643.1087904681702,99930,90,46,51,17,11086,5235,0.16332432702892025,55,36,25302,22684,3727,1734,20774,25482,43893,32918,0,0,18743,3384,8190,256,551,19,38,0,0,94,65925,707,2023,0,0,0,0,0
643,2661,644.2359205556944,99930,89,54,51,17,11099,5250,0.16360452316621635,60,33,25335,22727,3713,1729,20751,25439,43945,32984,0,0,18646,3360,8210,255,556,20,45,0,0,102,66007,704,2025,0,0,0,0,0
644,2661,645.3616330878707,99929,91,50,51,18,11115,5258,0.16384633089493542,71,41,25364,22770,3701,1730,20721,25390,43996,33049,0,0,18552,3337,8229,255,560,20,48,0,0,120,66079,702,2027,0,0,0,0,0
645,2661,646.1111680689369,99929,88,53,51,18,11124,5266,0.1640164516806933,77,41,25380,22801,3689,1724,20714,25362,44047,33113,0,0,18455,3316,8249,254,563,20,54,0,0,129,66161,700,2028,0,0,0,0,0
646,2661,647.234590389857,99929,100,52,51,18,11155,5273,0.1643967216723874,75,45,25408,22863,3673,1724,20692,25297,44097,33176,0,0,18353,3301,8263,253,565,20,62,0,0,147,66237,697,2031,0,0,0,0,0
647,2661,648.3564216654755,99929,103,51,51,18,11174,5284,0.16469693482372486,83,47,25421,22931,3671,1718,20670,25234,44147,33239,0,0,18256,3284,8278,254,566,20,66,0,0,169,66308,693,2035,0,0,0,0,0
648,2661,649.1039197487914,99929,108,55,51,18,11188,5293,0.16492709823975021,86,45,25428,22946,3661,1719,20665,25216,44196,33301,0,0,18153,3275,8287,253,566,21,72,0,0,176,66398,689,2039,0,0,0,0,0
649,2661,650.2247555511578,99929,120,59,51,18,11214,5308,0.16533738954657806,98,41,25445,22992,3650,1724,20635,25165,44245,33362,0,0,18058,3257,8303,255,567,21,73,0,0,196,66471,689,2039,0,0,0,0,0
650,2661,651.3446802766717,99928,124,58,52,18,11240,5317,0.1656892962933312,100,44,25441,23033,3646,1726,20636,25120,44293,33423,0,0,17963,3243,8312,252,576,21,80,0,0,214,66540,685,2042,0,0,0,0,0
651,2661,652.0912576497351,99928,135,62,52,18,11262,5324,0.16597950524377553,100,51,25426,23045,3640,1718,20646,25105,44341,33483,0,0,17868,3226,8328,252,577,21,84,0,0,223,66622,685,2042,0,0,0,0,0
652,2661,653.2114875436293,99926,134,75,54,18,11290,5341,0.16643316053879872,112,48,25456,23111,3643,1706,20600,25041,44388,33542,0,0,17779,3204,8341,255,583,22,88,0,0,239,66689,683,2043,0,0,0,0,0
653,2661,654.3302013927289,99926,148,82,54,18,11317,5357,0.1668634789744411,120,48,25477,23174,3631,1699,20569,24978,44435,33601,0,0,17687,3193,8351,252,588,22,92,0,0,255,66761,679,2046,0,0,0,0,0
654,2661,655.0753484801855,99926,151,83,54,18,11333,5365,0.16710365670596242,123,52,25475,23184,3627,1701,20569,24961,44481,33659,0,0,17602,3178,8365,252,590,23,93,0,0,271,66829,675,2048,0,0,0,0,0
655,2661,656.1928337471458,99926,163,83,54,18,11372,5376,0.16760402697996518,126,63,25498,23223,3612,1700,20546,24912,44527,33716,0,0,17518,3155,8381,253,597,23,100,0,0,294,66883,671,2051,0,0,0,0,0
656,2661,657.309045269768,99925,189,88,55,18,11420,5392,0.16824618463847885,117,71,25534,23254,3606,1704,20498,24864,44573,33773,0,0,17429,3136,8398,254,598,23,109,0,0,315,66941,666,2056,0,0,0,0,0
657,2661,658.0521407942598,99925,184,95,55,18,11439,5407,0.1685864398298724,115,75,25541,23268,3611,1705,20493,24838,44618,33829,0,0,17341,3117,8411,258,601,23,114,0,0,335,67004,663,2058,0,0,0,0,0
658,2661,659.1662938980072,99925,195,100,55,18,11470,5429,0.16911683762822116,139,73,25557,23308,3606,1716,20447,24784,44663,33885,0,0,17255,3104,8418,260,606,23,116,0,0,363,67060,657,2063,0,0,0,0,0
659,2661,660.2792674075945,99925,200,100,55,18,11519,5447,0.16978734050537903,136,79,25566,23359,3629,1725,20413,24718,44707,33940,0,0,17161,3088,8429,261,612,23,128,0,0,404,67100,654,2065,0,0,0,0,0
660,2661,661.0209585907824,99925,209,105,55,18,11540,5459,0.17011758819114337,157,82,25567,23367,3626,1726,20385,24701,44751,33994,0,0,17080,3070,8445,261,615,23,131,0,0,417,67165,652,2066,0,0,0,0,0
661,2661,662.1329285696977,99925,226,112,55,18,11595,5478,0.1708581436077058,162,96,25571,23423,3642,1723,20343,24627,44794,34048,0,0,16991,3054,8450,262,627,23,140,0,0,445,67217,650,2066,0,0,0,0,0
662,2661,663.2443567221275,99924,236,117,56,18,11647,5502,0.17162043152796125,183,105,25563,23449,3664,1734,20297,24576,44837,34101,0,0,16894,3041,8458,267,631,23,156,0,0,480,67262,642,2070,0,0,0,0,0
663,2661,664.3552915487716,99924,229,118,56,18,11682,5527,0.17222088787478484,212,104,25576,23504,3687,1749,20239,24506,44880,34154,0,0,16801,3026,8466,271,638,23,169,0,0,522,67300,637,2071,0,0,0,0,0
664,2661,665.0955694625814,99924,253,121,56,18,11728,5541,0.17282134422160841,195,111,25588,23520,3692,1751,20215,24478,44922,34206,0,0,16720,3010,8479,271,642,23,176,0,0,544,67352,633,2074,0,0,0,0,0
665,2661,666.2055195311815,99923,280,148,57,18,11805,5583,0.17401399077289512,193,95,25595,23561,3714,1751,20160,24426,44964,34257,0,0,16629,2996,8484,271,653,23,189,0,0,584,67389,631,2074,0,0,0,0,0
666,2661,667.3145288975181,99922,270,150,57,19,11848,5608,0.17469626308520647,226,98,25599,23620,3741,1758,20106,24354,45005,34308,0,0,16538,2980,8489,277,660,23,200,0,0,634,67417,629,2075,0,0,0,0,0
667,2661,668.0535200153889,99922,294,159,57,19,11894,5627,0.17534677048097516,229,103,25608,23631,3741,1757,20070,24330,45046,34358,0,0,16461,2966,8500,276,665,23,203,0,0,659,67466,627,2076,0,0,0,0,0
668,2661,669.1612995212624,99922,308,162,57,19,11953,5655,0.17621744961069635,248,114,25608,23659,3762,1774,20016,24271,45087,34408,0,0,16380,2952,8504,279,675,23,208,0,0,711,67490,623,2077,0,0,0,0,0
669,2661,670.2685710173841,99922,335,167,57,19,12026,5685,0.1772482536378375,258,121,25615,23722,3778,1783,19956,24187,45127,34457,0,0,16290,2941,8509,282,683,23,223,0,0,756,67520,617,2078,0,0,0,0,0
670,2661,671.0062992796838,99922,345,177,57,19,12072,5717,0.17802886251275996,266,114,25596,23738,3791,1795,19944,24156,45167,34506,0,0,16207,2932,8517,284,685,24,232,0,0,799,67551,609,2082,0,0,0,0,0
671,2661,672.1131527278404,99922,354,170,57,19,12140,5741,0.17894958067292488,286,119,25593,23785,3819,1811,19890,24095,45206,34554,0,0,16122,2916,8524,287,692,25,246,0,0,863,67558,606,2083,0,0,0,0,0
672,2661,673.219885960771,99922,354,173,57,19,12206,5775,0.1799503612817998,325,125,25585,23817,3852,1832,19826,24033,45245,34602,0,0,16039,2901,8527,288,704,26,259,0,0,932,67559,603,2084,0,0,0,0,0
673,2661,674.3263271482514,99921,393,172,57,20,12298,5807,0.1811931425826403,336,133,25552,23856,3883,1852,19778,23966,45284,34649,0,0,15950,2887,8533,289,714,26,282,0,0,983,67573,596,2088,0,0,0,0,0
674,2661,675.064305077217,99921,403,182,57,20,12356,5831,0.1820137908948069,341,139,25529,23859,3913,1860,19756,23939,45322,34696,0,0,15861,2877,8537,293,716,26,294,0,0,1027,67606,594,2090,0,0,0,0,0
675,2661,676.1720287390508,99921,445,189,57,20,12457,5866,0.18337486614425397,359,153,25532,23895,3939,1879,19667,23863,45360,34742,0,0,15772,2866,8536,297,725,26,308,0,0,1087,67621,592,2091,0,0,0,0,0
676,2661,677.2789371189425,99921,448,200,57,20,12552,5911,0.18477597301868476,369,169,25525,23920,4003,1898,19597,23792,45398,34788,0,0,15682,2853,8538,301,736,28,329,0,0,1172,67604,586,2092,0,0,0,0,0
677,2661,678.0168848213578,99921,469,203,57,20,12617,5930,0.18561663714334325,383,188,25501,23934,4023,1905,19566,23749,45435,34833,0,0,15601,2842,8538,305,745,28,338,0,0,1209,67638,583,2094,0,0,0,0,0
678,2661,679.1242023276726,99921,497,225,57,20,12722,5973,0.18709780726774153,375,188,25477,23964,4080,1918,19513,23684,45472,34878,0,0,15502,2830,8539,313,750,29,366,0,0,1263,67655,576,2098,0,0,0,0,0
679,2661,680.2321519924443,99921,515,236,57,20,12824,6020,0.18858898529838572,391,187,25457,24000,4128,1947,19451,23609,45508,34922,0,0,15419,2807,8546,324,762,29,385,0,0,1341,67641,572,2095,0,0,0,0,0
680,2661,681.3404518098672,99921,539,251,57,20,12929,6065,0.19009017123527586,408,201,25430,24022,4186,1964,19379,23541,45544,34966,0,0,15317,2795,8547,329,772,30,416,0,0,1404,67649,570,2092,0,0,0,0,0
681,2661,682.0795293687564,99920,555,259,58,20,12996,6098,0.19109287429943955,420,217,25404,24034,4216,1983,19346,23486,45580,35009,0,0,15231,2790,8544,328,781,30,430,0,0,1457,67668,569,2092,0,0,0,0,0
682,2661,683.1889455499795,99920,577,275,58,20,13112,6152,0.19279423538831064,444,241,25377,24053,4271,2013,19272,23397,45615,35052,0,0,15148,2775,8542,332,800,31,450,0,0,1542,67645,564,2091,0,0,0,0,0
683,2661,684.2986381851449,99918,617,304,58,22,13233,6218,0.1946696290958586,461,255,25364,24081,4315,2032,19184,23305,45650,35094,0,0,15064,2765,8541,332,814,31,467,0,0,1625,67627,561,2091,0,0,0,0,0
684,2661,685.0381093067133,99918,640,314,58,22,13316,6264,0.19596068776396644,469,256,25318,24079,4357,2061,19157,23267,45685,35136,0,0,14995,2743,8550,340,821,32,477,0,0,1693,67617,557,2093,0,0,0,0,0
685,2661,686.1486746196385,99918,665,340,58,22,13450,6341,0.1980724193838948,512,280,25288,24075,4414,2097,19062,23185,45719,35177,0,0,14905,2721,8546,350,841,33,506,0,0,1788,67580,554,2094,0,0,0,0,0
686,2661,687.2597043641423,99918,684,356,58,22,13585,6423,0.20024420024420025,535,275,25251,24108,4504,2149,18967,23089,45753,35218,0,0,14813,2696,8545,360,859,35,541,0,0,1901,67522,551,2095,0,0,0,0,0
687,2661,688.0008321656001,99918,715,359,58,22,13690,6465,0.20171540663343943,549,302,25220,24091,4549,2183,18908,23042,45787,35259,0,0,14732,2687,8545,360,872,35,560,0,0,1979,67504,546,2098,0,0,0,0,0
688,2661,689.1136879092537,99918,745,364,58,22,13835,6543,0.203947236734122,575,315,25164,24089,4640,2246,18817,22963,45820,35299,0,0,14637,2677,8535,366,897,35,589,0,0,2102,67442,543,2095,0,0,0,0,0
689,2661,690.2279684392805,99918,779,407,58,22,13994,6641,0.20651934586360815,603,317,25114,24101,4724,2288,18721,22864,45853,35339,0,0,14552,2658,8530,374,921,36,617,0,0,2219,67381,538,2092,0,0,0,0,0
690,2661,691.3433850355151,99917,816,438,58,23,14173,6737,0.20927369716865,611,323,25040,24122,4839,2328,18635,22765,45886,35378,0,0,14461,2641,8523,380,943,36,649,0,0,2361,67294,535,2094,0,0,0,0,0
691,2661,692.0881330397954,99916,845,430,59,23,14292,6787,0.21096721245846511,628,335,24987,24133,4900,2374,18580,22704,45919,35417,0,0,14370,2628,8517,387,960,36,678,0,0,2452,67261,531,2096,0,0,0,0,0
692,2661,693.207452571788,99914,881,457,59,25,14471,6890,0.21379386272194087,666,346,24926,24139,5006,2423,18461,22609,45951,35455,0,0,14272,2605,8511,400,979,37,719,0,0,2594,67174,528,2095,0,0,0,0,0
693,2661,694.3284964902302,99914,934,495,59,25,14662,7000,0.21680645355005304,703,339,24841,24125,5101,2483,18361,22532,45983,35493,0,0,14178,2589,8501,412,1002,41,750,0,0,2727,67101,525,2088,0,0,0,0,0
694,2661,695.0771766243872,99914,966,496,59,25,14780,7049,0.21847789098624817,740,381,24776,24114,5162,2513,18296,22470,46015,35531,0,0,14094,2578,8494,417,1020,42,771,0,0,2814,67076,524,2084,0,0,0,0,0
695,2661,696.2021105558308,99912,1011,514,61,25,14991,7166,0.22176515333493474,784,390,24713,24137,5266,2600,18164,22333,46046,35568,0,0,13982,2568,8475,425,1059,42,821,0,0,2973,66970,519,2078,0,0,0,0,0
696,2661,697.3288180946998,99912,1055,556,61,25,15206,7285,0.22510809512370886,857,411,24610,24130,5381,2656,18035,22221,46077,35605,0,0,13874,2549,8461,435,1092,43,871,0,0,3121,66876,517,2073,0,0,0,0,0
697,2661,698.0814525104865,99912,1127,555,61,25,15399,7343,0.22762030586916487,833,420,24544,24141,5466,2700,17968,22158,46108,35641,0,0,13783,2539,8455,434,1113,45,907,0,0,3238,66811,516,2071,0,0,0,0,0
698,2661,699.2130471861582,99912,1168,603,61,25,15628,7486,0.23134358235247018,896,422,24451,24146,5593,2779,17830,22024,46139,35677,0,0,13683,2520,8444,441,1146,47,951,0,0,3426,66674,515,2065,0,0,0,0,0
699,2661,700.3472591028035,99911,1247,621,62,25,15889,7607,0.23516930067760305,942,463,24346,24113,5709,2865,17693,21912,46169,35713,0,0,13577,2504,8427,448,1179,50,1002,0,0,3608,66544,511,2061,0,0,0,0,0
700,2661,701.1050588719953,99911,1287,646,62,25,16069,7693,0.23783167018646595,950,483,24255,24097,5816,2909,17629,21839,46199,35748,0,0,13476,2494,8419,455,1197,51,1044,0,0,3737,66471,508,2059,0,0,0,0,0
701,2661,702.2453334873,99911,1359,687,62,25,16332,7834,0.24187526898940057,974,516,24149,24076,5956,2989,17499,21706,46229,35783,0,0,13384,2471,8398,467,1240,52,1084,0,0,3925,66329,506,2055,0,0,0,0,0
702,2661,703.007340435224,99911,1406,711,62,25,16524,7933,0.24478786119646484,1005,535,24050,24059,6058,3050,17418,21619,46258,35818,0,0,13303,2451,8393,480,1267,52,1113,0,0,4069,66230,501,2052,0,0,0,0,0
703,2661,704.1541613222983,99911,1480,721,62,25,16833,8074,0.24929186976409004,1045,570,23917,24040,6240,3154,17255,21489,46287,35852,0,0,13191,2428,8379,490,1311,54,1175,0,0,4302,66036,499,2046,0,0,0,0,0
704,2661,705.3052305418057,99909,1536,760,63,26,17138,8221,0.25382097708915113,1120,601,23757,24021,6431,3237,17092,21354,46316,35886,0,0,13060,2409,8352,507,1360,57,1248,0,0,4501,65884,494,2037,0,0,0,0,0
705,2661,706.0758480690163,99909,1582,813,63,26,17357,8354,0.2573441832067181,1171,593,23652,24001,6555,3291,16976,21275,46345,35919,0,0,12979,2390,8342,513,1390,58,1285,0,0,4673,65752,487,2040,0,0,0,0,0
706,2661,707.2360622419988,99907,1642,826,65,26,17685,8513,0.2622238681974236,1213,637,23515,23963,6766,3418,16798,21129,46373,35952,0,0,12869,2366,8304,535,1449,60,1338,0,0,4934,65533,485,2034,0,0,0,0,0
707,2661,708.0121024541869,99906,1678,869,65,27,17895,8644,0.2656397013192401,1302,662,23391,23896,6896,3489,16667,21056,46401,35985,0,0,12786,2352,8286,544,1484,61,1369,0,0,5107,65401,481,2035,0,0,0,0,0
708,2661,709.1812821818437,99905,1806,918,66,27,18292,8843,0.2716080276262449,1341,695,23231,23832,7083,3618,16472,20909,46429,36017,0,0,12673,2323,8265,565,1534,62,1433,0,0,5373,65168,478,2031,0,0,0,0,0
709,2661,710.3559293411711,99904,1848,945,67,27,18653,9039,0.2771860986547085,1441,722,23046,23772,7300,3749,16297,20784,46457,36049,0,0,12546,2299,8237,587,1587,69,1501,0,0,5680,64900,474,2024,0,0,0,0,0
710,2661,711.1428314191717,99903,1920,996,68,27,18922,9203,0.2815230773850635,1493,714,22921,23745,7430,3842,16167,20675,46484,36081,0,0,12460,2280,8219,593,1630,74,1541,0,0,5878,64737,472,2019,0,0,0,0,0
711,2661,712.3289080338031,99902,1994,1050,68,28,19371,9443,0.28842265420111707,1504,729,22716,23673,7716,3999,16001,20520,46511,36112,0,0,12318,2258,8195,611,1677,80,1630,0,0,6251,64398,467,2017,0,0,0,0,0
712,2661,713.12441274658,99902,2065,1070,68,28,19651,9578,0.2925767251906869,1577,776,22548,23625,7852,4084,15889,20416,46538,36143,0,0,12212,2245,8177,618,1716,82,1688,0,0,6456,64230,463,2015,0,0,0,0,0
713,2661,714.3255896183013,99899,2192,1087,71,28,20122,9777,0.2992922852080601,1635,826,22318,23555,8106,4234,15677,20269,46565,36174,0,0,12076,2219,8142,640,1786,86,1770,0,0,6773,63941,460,2006,0,0,0,0,0
714,2661,715.1314402470422,99898,2302,1108,71,29,20452,9934,0.3041702536587319,1650,836,22183,23515,8237,4344,15556,20167,46591,36204,0,0,11967,2207,8121,649,1833,89,1828,0,0,6991,63756,458,1999,0,0,0,0,0
715,2661,716.3471808411659,99895,2415,1170,74,29,20945,10194,0.31171730316832674,1738,866,21946,23429,8511,4501,15315,20004,46617,36234,0,0,11822,2189,8080,671,1906,93,1916,0,0,7352,63429,450,1987,0,0,0,0,0
716,2661,717.1623422268506,99895,2493,1233,74,29,21317,10376,0.31726312628259673,1764,890,21786,23366,8713,4591,15169,19890,46643,36264,0,0,11723,2165,8067,687,1959,95,1970,0,0,7614,63190,445,1980,0,0,0,0,0
717,2661,718.3932445821667,99894,2613,1296,74,30,21847,10646,0.32527479127875547,1804,968,21576,23256,8985,4757,14947,19692,46669,36293,0,0,11578,2136,8020,722,2045,104,2055,0,0,7959,62859,442,1974,0,0,0,0,0
718,2661,719.2184774180832,99893,2675,1331,74,31,22228,10845,0.33108426015836945,1844,952,21405,23203,9216,4896,14785,19586,46694,36322,0,0,11454,2116,7996,733,2100,109,2132,0,0,8264,62583,438,1968,0,0,0,0,0
719,2661,720.0491473374669,99892,2717,1399,75,31,22608,11064,0.33708405077483683,1899,967,21220,23147,9451,5013,14637,19442,46719,36351,0,0,11344,2087,7973,756,2164,119,2196,0,0,8549,62313,434,1957,0,0,0,0,0
720,2661,721.3062046971442,99888,2804,1443,77,33,23193,11367,0.3459875060067275,1992,1008,20928,23060,9793,5217,14405,19238,46744,36380,0,0,11169,2058,7924,788,2265,126,2319,0,0,8992,61879,427,1941,0,0,0,0,0
721,2661,722.1518254109184,99887,2886,1463,78,33,23619,11581,0.35239820997727433,1991,1015,20773,22979,10016,5371,14255,19138,46769,36408,0,0,11055,2034,7885,811,2355,131,2383,0,0,9306,61584,419,1924,0,0,0,0,0
722,2661,723.0030483136851,99886,2969,1519,78,34,24033,11812,0.35885909937328553,2064,1011,20578,22903,10230,5508,14080,19024,46794,36436,0,0,10917,2021,7850,827,2430,134,2463,0,0,9593,61321,414,1916,0,0,0,0,0
723,2661,724.2914615522246,99886,3137,1552,78,34,24755,12143,0.369401117273692,2057,1076,20277,22777,10605,5744,13845,18816,46818,36464,0,0,10740,1986,7792,855,2549,150,2588,0,0,10075,60841,405,1905,0,0,0,0,0
724,2661,725.1590087831418,99884,3192,1633,79,35,25211,12393,0.376476712987065,2107,1086,20064,22722,10879,5860,13678,18663,46842,36491,0,0,10610,1968,7739,879,2631,161,2659,0,0,10403,60535,402,1897,0,0,0,0,0
725,2661,726.0335750256448,99880,3219,1668,83,35,25678,12641,0.38365038045654787,2142,1087,19874,22660,11178,6016,13503,18533,46866,36518,0,0,10467,1937,7698,911,2722,174,2745,0,0,10760,60181,400,1885,0,0,0,0,0
726,2661,727.3598968577138,99877,3351,1678,85,36,26406,12996,0.3945052414469798,2175,1147,19580,22520,11590,6294,13218,18324,46890,36545,0,0,10288,1903,7645,953,2851,192,2862,0,0,11288,59636,394,1865,0,0,0,0,0
727,2661,728.2529903469157,99874,3389,1722,87,37,26880,13256,0.4018663516030198,2201,1174,19366,22431,11897,6468,13059,18167,46914,36572,0,0,10135,1885,7610,969,2947,200,2963,0,0,11644,59274,389,1858,0,0,0,0,0
728,2661,729.1545763786379,99871,3497,1787,90,37,27433,13542,0.410279260245717,2201,1180,19137,22323,12200,6644,12874,18028,46937,36598,0,0,9997,1857,7563,1008,3048,208,3044,0,0,12013,58906,380,1847,0,0,0,0,0
729,2661,730.0649836723488,99868,3545,1825,92,38,27933,13821,0.41809188128329394,2241,1180,18947,22237,12497,6826,12677,17893,46960,36624,0,0,9871,1833,7530,1033,3145,223,3118,0,0,12407,58498,376,1834,0,0,0,0,0
730,2661,731.4462542026946,99865,3631,1865,93,40,28712,14230,0.4300005006759125,2291,1235,18665,22099,12934,7110,12385,17650,46983,36650,0,0,9679,1802,7457,1062,3339,234,3253,0,0,12971,57890,368,1810,0,0,0,0,0
731,2661,732.3772005726165,99862,3685,1920,95,41,29247,14526,0.43833490216498766,2387,1251,18380,22003,13237,7299,12215,17485,47006,36675,0,0,9541,1782,7417,1089,3444,243,3334,0,0,13393,57462,364,1793,0,0,0,0,0
732,2661,733.3189047527302,99861,3756,1967,96,41,29810,14831,0.44703137360931694,2418,1251,18154,21903,13546,7498,12029,17339,47028,36700,0,0,9396,1756,7367,1113,3556,262,3434,0,0,13807,57037,359,1774,0,0,0,0,0
733,2661,734.2713535057579,99858,3897,2020,99,41,30415,15143,0.4562278435378237,2394,1279,17924,21804,13821,7681,11864,17174,47050,36725,0,0,9260,1738,7315,1137,3676,271,3518,0,0,14206,56619,354,1764,0,0,0,0,0
734,2661,735.2340241754156,99857,3937,2060,100,41,30995,15456,0.4651752005367676,2457,1301,17712,21720,14136,7875,11657,17002,47072,36750,0,0,9100,1715,7266,1162,3804,292,3625,0,0,14627,56171,349,1746,0,0,0,0,0
735,2661,736.2062687342453,99854,3996,2083,103,41,31593,15767,0.47429246700182265,2493,1305,17464,21621,14462,8101,11481,16848,47094,36774,0,0,8956,1691,7198,1200,3963,307,3706,0,0,15038,55719,347,1729,0,0,0,0,0
736,2661,737.190775259161,99852,4100,2062,104,42,32239,16101,0.484116492408765,2526,1328,17212,21511,14784,8375,11273,16681,47116,36798,0,0,8811,1662,7132,1245,4104,328,3782,0,0,15528,55203,345,1712,0,0,0,0,0
737,2661,738.1877314825396,99850,4166,2105,105,43,32913,16436,0.4942313470205308,2497,1381,16962,21373,15194,8576,11075,16521,47138,36822,0,0,8645,1631,7082,1288,4259,347,3887,0,0,15952,54720,337,1702,0,0,0,0,0
738,2661,739.197755104303,99848,4224,2160,107,43,33551,16776,0.5040361349250861,2548,1422,16716,21252,15537,8776,10867,16346,47159,36846,0,0,8518,1597,7012,1332,4420,366,3954,0,0,16395,54238,332,1684,0,0,0,0,0
739,2661,740.2208643495247,99842,4177,2239,112,44,34189,17165,0.5143526772300234,2629,1408,16483,21124,15933,9006,10665,16178,47180,36869,0,0,8339,1572,6940,1370,4603,392,4070,0,0,16853,53711,322,1670,0,0,0,0,0
740,2661,741.2576120652016,99840,4238,2274,114,44,34879,17546,0.5250901442307693,2675,1434,16227,20963,16289,9271,10456,16013,47201,36892,0,0,8196,1540,6861,1423,4794,419,4142,0,0,17304,53191,313,1657,0,0,0,0,0
741,2661,742.3066356843642,99837,4327,2347,116,45,35615,17947,0.5364944860121998,2634,1426,15990,20833,16678,9510,10254,15838,47222,36915,0,0,8037,1514,6799,1463,4971,447,4235,0,0,17766,52661,308,1636,0,0,0,0,0
742,2661,743.338787780404,99835,4435,2384,116,47,36358,18319,0.5476736615415435,2607,1471,15751,20671,17030,9743,10060,15683,47243,36938,0,0,7892,1491,6736,1501,5152,474,4315,0,0,18229,52118,305,1622,0,0,0,0,0
743,2661,744.3466322317389,99834,4395,2438,116,48,36969,18730,0.5579161407937175,2741,1436,15494,20546,17383,10013,9870,15518,47263,36961,0,0,7738,1464,6665,1539,5360,495,4412,0,0,18688,51563,298,1612,0,0,0,0,0
744,2661,745.3323524099508,99831,4483,2472,119,48,37674,19087,0.568570884795304,2638,1438,15291,20429,17750,10234,9718,15378,47283,36983,0,0,7599,1437,6604,1580,5542,520,4487,0,0,19123,51052,290,1597,0,0,0,0,0
745,2661,746.2975378041383,99824,4498,2496,125,49,38320,19435,0.5785682801731047,2652,1495,15065,20296,18122,10442,9537,15221,47303,37005,0,0,7457,1419,6539,1615,5727,542,4562,0,0,19578,50519,282,1584,0,0,0,0,0
746,2661,747.2425657033031,99822,4521,2509,127,49,38947,19782,0.5883372402877122,2689,1489,14849,20199,18452,10682,9361,15071,47323,37027,0,0,7316,1392,6476,1639,5909,579,4653,0,0,19988,50017,278,1575,0,0,0,0,0
747,2661,748.1690223843113,99821,4562,2520,128,49,39588,20113,0.5980805642099358,2717,1513,14645,20101,18777,10901,9170,14915,47343,37049,0,0,7182,1371,6412,1681,6116,610,4717,0,0,20345,49554,274,1559,0,0,0,0,0
748,2661,749.0782438131158,99818,4594,2537,130,50,40203,20463,0.6077661343645435,2735,1530,14449,19996,19091,11148,9000,14738,47363,37070,0,0,7047,1351,6357,1711,6299,640,4786,0,0,20748,49067,271,1541,0,0,0,0,0
749,2661,750.4121584722179,99816,4602,2551,132,50,41121,20956,0.6219143223531297,2714,1554,14181,19823,19584,11491,8786,14530,47382,37091,0,0,6873,1320,6266,1775,6561,692,4872,0,0,21373,48303,267,1514,0,0,0,0,0
750,2661,751.2822444080905,99814,4615,2580,134,50,41710,21286,0.6311339090708719,2686,1580,14031,19709,19910,11708,8623,14372,47401,37112,0,0,6758,1298,6202,1806,6746,722,4929,0,0,21765,47832,260,1496,0,0,0,0,0
751,2661,752.1381437657874,99813,4668,2663,135,50,42275,21644,0.640387524671135,2679,1573,13853,19608,20152,11872,8512,14233,47420,37133,0,0,6643,1287,6156,1846,6890,753,4970,0,0,22111,47417,254,1486,0,0,0,0,0
752,2661,753.3999849210121,99805,4657,2746,140,53,43092,22188,0.6540754471218877,2691,1560,13650,19455,20569,12169,8292,14016,47439,37154,0,0,6493,1247,6076,1905,7179,800,5036,0,0,22610,46753,248,1458,0,0,0,0,0
753,2661,754.2264454917166,99802,4688,2690,141,55,43652,22462,0.6624516542754654,2708,1601,13465,19349,20830,12399,8167,13905,47458,37174,0,0,6381,1227,6020,1944,7355,837,5083,0,0,22959,46307,246,1443,0,0,0,0,0
754,2661,755.0417550782273,99798,4686,2659,142,58,44191,22761,0.6708751678390349,2715,1635,13328,19245,21100,12626,8028,13776,47477,37194,0,0,6250,1212,5981,1974,7515,874,5149,0,0,23324,45849,242,1428,0,0,0,0,0
755,2661,756.2454078300195,99791,4659,2662,148,59,44999,23241,0.6838292030343418,2719,1641,13116,19107,21532,12949,7825,13581,47496,37214,0,0,6104,1179,5901,2058,7816,925,5196,0,0,23780,45198,228,1406,0,0,0,0,0
756,2661,757.0346053188074,99787,4658,2671,151,60,45532,23571,0.6925050357260966,2688,1605,12996,19026,21792,13169,7714,13468,47514,37234,0,0,5989,1163,5846,2082,8005,961,5253,0,0,24108,44762,223,1395,0,0,0,0,0
757,2661,758.2013322899426,99784,4722,2685,153,61,46329,24032,0.7051330874689329,2633,1585,12856,18913,22099,13460,7536,13295,47532,37254,0,0,5841,1140,5773,2144,8262,1001,5316,0,0,24558,44145,218,1386,0,0,0,0,0
758,2661,759.3509321464488,99780,4632,2752,155,63,47019,24510,0.716867107636801,2678,1533,12689,18770,22469,13727,7376,13154,47550,37273,0,0,5687,1117,5698,2193,8499,1065,5393,0,0,25005,43547,214,1362,0,0,0,0,0
759,2661,760.1074308405086,99775,4670,2716,158,65,47563,24789,0.7251515910799299,2574,1524,12580,18686,22734,13956,7283,13052,47568,37292,0,0,5583,1100,5653,2229,8659,1111,5421,0,0,25311,43141,213,1354,0,0,0,0,0
760,2661,761.2270947914246,99771,4654,2702,161,66,48284,25201,0.7365366689719458,2577,1526,12415,18575,23078,14234,7114,12896,47586,37311,0,0,5456,1082,5564,2264,8945,1170,5469,0,0,25693,42583,206,1339,0,0,0,0,0
761,2661,762.3301511851702,99765,4648,2698,166,67,48984,25607,0.7476670174911041,2562,1508,12252,18473,23405,14495,6966,12758,47604,37330,0,0,5318,1056,5489,2329,9180,1229,5521,0,0,26082,42044,200,1317,0,0,0,0,0
762,2661,763.0572115889022,99764,4647,2676,167,67,49461,25882,0.7552123010304318,2495,1495,12157,18408,23648,14694,6885,12659,47621,37349,0,0,5228,1036,5438,2354,9385,1262,5554,0,0,26329,41677,196,1305,0,0,0,0,0
763,2661,764.1348636927725,99761,4585,2628,168,69,50096,26271,0.7654995439099448,2554,1482,11991,18325,23938,14981,6763,12514,47638,37368,0,0,5094,1017,5376,2393,9656,1320,5613,0,0,26684,41130,194,1284,0,0,0,0,0
764,2661,765.1995799337519,99758,4478,2597,170,70,50736,26649,0.7757272599691253,2507,1488,11880,18228,24338,15234,6626,12382,47655,37386,0,0,4971,995,5304,2431,9911,1390,5664,0,0,27081,40556,191,1264,0,0,0,0,0
765,2661,766.2497155584149,99752,4443,2625,176,70,51380,27040,0.7861496511348144,2479,1451,11760,18130,24646,15464,6495,12259,47672,37404,0,0,4856,974,5240,2481,10142,1454,5692,0,0,27409,40066,189,1249,0,0,0,0,0
766,2661,767.2874272495886,99749,4433,2614,178,71,52021,27393,0.7961383071509489,2443,1465,11640,18038,24929,15683,6376,12128,47689,37422,0,0,4740,960,5179,2519,10370,1512,5721,0,0,27741,39586,187,1234,0,0,0,0,0
767,2661,768.3144003902146,99747,4439,2644,179,72,52652,27767,0.806229761296079,2420,1445,11523,17948,25170,15883,6268,12007,47706,37440,0,0,4640,941,5124,2558,10593,1579,5750,0,0,28022,39137,182,1221,0,0,0,0,0
768,2661,769.3312493824698,99744,4447,2663,181,73,53277,28160,0.8164601379531601,2381,1384,11398,17869,25426,16108,6166,11902,47723,37458,0,0,4550,916,5068,2602,10817,1654,5772,0,0,28305,38673,181,1206,0,0,0,0,0
769,2661,770.0035612790128,99741,4426,2652,184,73,53682,28398,0.8229313923060727,2343,1376,11334,17823,25611,16267,6101,11808,47739,37475,0,0,4475,899,5034,2637,10977,1701,5781,0,0,28476,38385,178,1198,0,0,0,0,0
770,2661,771.0043940562355,99739,4385,2632,185,74,54246,28746,0.8320917594922749,2327,1365,11215,17724,25883,16504,6004,11700,47755,37492,0,0,4375,876,4968,2675,11236,1770,5807,0,0,28696,37983,174,1179,0,0,0,0,0
771,2661,772.3245022510196,99737,4416,2530,186,75,55060,29176,0.844581248684039,2237,1375,11110,17618,26168,16848,5882,11553,47771,37509,0,0,4257,854,4874,2720,11576,1864,5838,0,0,29025,37401,169,1159,0,0,0,0,0
772,2661,773.3060356007923,99735,4313,2511,188,75,55593,29517,0.8533614077304857,2218,1390,10999,17536,26481,17057,5800,11430,47787,37526,0,0,4179,838,4826,2770,11831,1937,5833,0,0,29250,36957,166,1148,0,0,0,0,0
773,2661,774.2782888139526,99734,4268,2461,189,75,56128,29832,0.8618926344075241,2180,1425,10914,17463,26717,17274,5731,11301,47803,37543,0,0,4084,818,4773,2804,12048,2006,5855,0,0,29521,36528,165,1132,0,0,0,0,0
774,2661,775.2426124022226,99729,4197,2479,193,76,56613,30191,0.8703987806956853,2188,1367,10842,17405,26940,17463,5639,11209,47819,37560,0,0,3999,807,4726,2834,12260,2067,5863,0,0,29770,36120,158,1125,0,0,0,0,0
775,2661,776.1995753158495,99728,4170,2509,194,76,57137,30519,0.8789507460291994,2196,1348,10748,17352,27138,17605,5553,11109,47835,37576,0,0,3923,794,4675,2854,12479,2137,5878,0,0,29963,35759,154,1112,0,0,0,0,0
776,2661,777.1496602835142,99727,4152,2496,195,76,57660,30837,0.8873925817481725,2144,1362,10700,17285,27323,17766,5485,11014,47851,37592,0,0,3841,781,4627,2901,12690,2204,5877,0,0,30174,35384,154,1094,0,0,0,0,0
777,2661,778.0942535862619,99724,4094,2427,196,78,58154,31132,0.8953311138742931,2098,1343,10656,17250,27536,17974,5419,10927,47866,37608,0,0,3776,765,4578,2939,12935,2272,5863,0,0,30372,34992,147,1085,0,0,0,0,0
778,2661,779.0333534963017,99723,4087,2460,196,79,58661,31444,0.9035528413705965,2051,1327,10603,17216,27702,18095,5360,10822,47881,37624,0,0,3709,750,4534,2971,13127,2346,5867,0,0,30531,34663,145,1080,0,0,0,0,0
779,2661,780.2774851003103,99716,4011,2463,201,81,59289,31867,0.9141562036182759,2035,1287,10558,17165,27936,18312,5258,10691,47896,37640,0,0,3610,737,4479,3019,13402,2452,5878,0,0,30723,34209,142,1065,0,0,0,0,0
780,2661,781.2046667105335,99713,3909,2434,202,83,59750,32164,0.9217855244551864,2014,1264,10516,17117,28173,18501,5185,10600,47911,37656,0,0,3527,723,4440,3045,13642,2528,5888,0,0,30864,33860,141,1055,0,0,0,0,0
781,2661,782.1260048024328,99712,3854,2368,203,83,60199,32415,0.9288149871630296,2001,1275,10483,17069,28352,18678,5106,10526,47926,37672,0,0,3468,714,4394,3079,13831,2603,5871,0,0,31061,33505,138,1048,0,0,0,0,0
782,2661,783.0427913792607,99711,3824,2310,203,84,60652,32676,0.9359849966402904,1948,1257,10455,17044,28519,18860,5050,10444,47941,37687,0,0,3412,698,4352,3103,14030,2673,5857,0,0,31253,33158,137,1038,0,0,0,0,0
783,2661,784.2585437198383,99707,3719,2333,204,87,61237,33089,0.9460318733890298,1930,1200,10414,17014,28755,19063,4977,10302,47956,37702,0,0,3318,684,4297,3131,14293,2774,5880,0,0,31461,32709,130,1030,0,0,0,0,0
784,2661,785.1650446797915,99707,3736,2299,204,87,61734,33380,0.953935029636836,1827,1176,10381,16957,28929,19247,4922,10233,47971,37717,0,0,3258,673,4264,3142,14504,2850,5881,0,0,31612,32372,129,1022,0,0,0,0,0
785,2661,786.0674460135921,99707,3671,2285,204,87,62143,33672,0.9609656292938309,1811,1129,10356,16936,29108,19405,4849,10157,47986,37732,0,0,3212,660,4221,3164,14733,2922,5870,0,0,31730,32063,124,1008,0,0,0,0,0
786,2661,787.2642526647406,99704,3546,2228,206,88,62650,34012,0.9694896894808633,1836,1121,10316,16903,29334,19611,4761,10048,48000,37747,0,0,3130,636,4172,3218,14959,3040,5877,0,0,31893,31663,121,995,0,0,0,0,0
787,2661,788.1573317446394,99702,3516,2159,208,88,63056,34235,0.9758179374536118,1807,1121,10295,16900,29467,19771,4706,9960,48014,37762,0,0,3079,623,4143,3235,15147,3114,5870,0,0,32012,31374,118,987,0,0,0,0,0
788,2661,789.0470163759393,99701,3510,2129,209,88,63466,34480,0.9823973681307109,1758,1102,10273,16899,29592,19889,4657,9892,48028,37777,0,0,3029,613,4109,3272,15297,3188,5848,0,0,32146,31101,116,982,0,0,0,0,0
789,2661,790.2293809055209,99700,3473,2085,210,88,63989,34811,0.9909729187562688,1732,1063,10262,16872,29742,20084,4580,9807,48042,37791,0,0,2978,602,4067,3308,15551,3283,5818,0,0,32268,30738,113,974,0,0,0,0,0
790,2661,791.1130363525393,99699,3451,2013,211,88,64403,35033,0.997362059799998,1661,1086,10257,16825,29873,20238,4546,9749,48056,37805,0,0,2922,594,4031,3325,15754,3352,5813,0,0,32371,30456,111,970,0,0,0,0,0
791,2661,792.2873300933225,99697,3407,2005,213,88,64913,35351,1.0056872323139112,1574,1055,10261,16815,30043,20391,4501,9645,48070,37819,0,0,2862,587,3999,3343,15977,3446,5800,0,0,32495,30121,108,959,0,0,0,0,0
792,2661,793.1648675328287,99695,3303,2011,215,88,65273,35579,1.0116053964592007,1555,1065,10262,16808,30205,20462,4459,9565,48084,37833,0,0,2808,580,3962,3349,16167,3516,5795,0,0,32594,29868,105,951,0,0,0,0,0
793,2661,794.0390484670289,99691,3236,2000,217,90,65604,35814,1.017323529706794,1526,1055,10268,16792,30330,20572,4422,9490,48098,37847,0,0,2763,572,3936,3366,16346,3589,5774,0,0,32651,29647,104,943,0,0,0,0,0
794,2661,795.2004070984547,99688,3093,1963,220,90,66035,36122,1.024767273894551,1513,997,10262,16804,30560,20739,4351,9406,48112,37861,0,0,2705,557,3897,3397,16580,3692,5759,0,0,32763,29303,101,934,0,0,0,0,0
795,2661,796.0678615679357,99688,3020,1919,220,90,66352,36335,1.0300838616483428,1532,983,10253,16785,30649,20873,4325,9349,48125,37875,0,0,2666,550,3866,3408,16758,3772,5750,0,0,32824,29070,97,927,0,0,0,0,0
796,2661,797.2212297220976,99688,2959,1869,220,90,66807,36614,1.037446834122462,1499,991,10225,16773,30821,21020,4275,9256,48138,37889,0,0,2618,537,3818,3438,16986,3877,5729,0,0,32895,28776,96,918,0,0,0,0,0
797,2661,798.0833869908207,99688,2875,1825,220,90,67112,36815,1.042522670732686,1505,967,10211,16765,30952,21147,4236,9205,48151,37902,0,0,2579,528,3792,3450,17144,3959,5714,0,0,32970,28549,94,909,0,0,0,0,0
798,2661,799.2294959135647,99686,2827,1794,221,91,67548,37094,1.049716108580944,1427,945,10250,16752,31089,21292,4185,9125,48164,37915,0,0,2527,518,3749,3465,17358,4059,5707,0,0,33035,28276,94,898,0,0,0,0,0
799,2661,800.0869594131914,99685,2763,1771,221,92,67831,37287,1.0545016802929228,1429,919,10256,16758,31183,21379,4147,9080,48177,37928,0,0,2497,512,3718,3480,17499,4135,5681,0,0,33094,28086,93,890,0,0,0,0,0
800,2661,801.2278102119626,99684,2690,1782,221,93,68226,37558,1.061193371052526,1396,887,10280,16730,31312,21485,4100,9022,48190,37941,0,0,2450,504,3670,3492,17700,4231,5662,0,0,33131,27865,93,886,0,0,0,0,0
801,2661,802.0812509400894,99682,2681,1755,222,94,68531,37743,1.0661302943359885,1338,869,10282,16741,31405,21566,4071,8974,48203,37954,0,0,2416,497,3649,3502,17831,4298,5648,0,0,33197,27679,90,875,0,0,0,0,0
802,2661,803.2168374858434,99680,2630,1692,224,94,68904,37977,1.0722411717495988,1308,893,10307,16767,31495,21663,4035,8890,48216,37967,0,0,2381,487,3618,3510,18008,4400,5631,0,0,33266,27419,90,870,0,0,0,0,0
803,2661,804.0674809507211,99680,2614,1652,224,94,69202,38176,1.0772271268057785,1253,840,10353,16784,31555,21775,4000,8854,48229,37980,0,0,2346,481,3601,3527,18152,4464,5607,0,0,33328,27224,88,862,0,0,0,0,0
804,2661,805.2007027840228,99680,2569,1600,224,94,69584,38396,1.0832664526484752,1175,861,10378,16800,31689,21864,3964,8780,48242,37993,0,0,2313,474,3571,3525,18361,4548,5589,0,0,33386,26975,86,852,0,0,0,0,0
805,2661,806.0487693657133,99678,2512,1577,225,95,69840,38565,1.087551917173298,1159,839,10392,16808,31768,21940,3943,8740,48254,38005,0,0,2280,471,3558,3541,18475,4615,5565,0,0,33447,26793,86,847,0,0,0,0,0
806,2661,807.1779463777895,99677,2450,1598,226,95,70168,38823,1.0934418170691333,1168,803,10423,16844,31827,21990,3905,8669,48266,38017,0,0,2251,463,3535,3559,18595,4724,5540,0,0,33500,26587,86,837,0,0,0,0,0
807,2661,808.0240986679183,99677,2382,1591,226,95,70396,38994,1.097444746531296,1167,759,10440,16872,31903,22064,3881,8618,48278,38029,0,0,2217,457,3512,3565,18714,4787,5531,0,0,33546,26426,85,837,0,0,0,0,0
808,2661,809.1506653126468,99676,2317,1565,227,95,70707,39214,1.102783016974999,1174,730,10482,16894,31958,22164,3841,8551,48290,38041,0,0,2182,446,3487,3573,18876,4874,5513,0,0,33586,26225,84,830,0,0,0,0,0
809,2661,810.2765158605932,99676,2303,1503,227,95,71062,39416,1.108371122436695,1117,719,10502,16922,32041,22273,3809,8487,48302,38053,0,0,2155,439,3461,3588,19024,4975,5483,0,0,33628,26019,83,821,0,0,0,0,0
810,2661,811.1198242150733,99676,2288,1456,227,95,71317,39557,1.112343994542317,1082,711,10512,16954,32093,22331,3797,8452,48314,38065,0,0,2130,435,3439,3593,19131,5036,5469,0,0,33699,25846,83,815,0,0,0,0,0
811,2661,812.2433489594388,99676,2191,1399,227,95,71609,39764,1.1173502146956138,1093,700,10557,16975,32170,22422,3761,8408,48326,38077,0,0,2100,423,3417,3599,19304,5137,5442,0,0,33698,25663,83,810,0,0,0,0,0
812,2661,813.0853348664197,99675,2136,1394,227,96,71831,39931,1.1212641083521444,1076,688,10603,16979,32219,22477,3738,8365,48338,38089,0,0,2066,419,3400,3612,19403,5216,5425,0,0,33703,25543,83,805,0,0,0,0,0
813,2661,814.2072588373929,99675,2084,1360,227,96,72126,40124,1.126160020065212,1050,651,10643,17019,32277,22550,3718,8323,48350,38101,0,0,2035,416,3381,3636,19559,5292,5396,0,0,33717,25360,83,800,0,0,0,0,0
814,2661,815.0485454523136,99673,2057,1321,228,97,72357,40262,1.129884723044355,989,645,10713,17032,32310,22617,3702,8287,48362,38113,0,0,2013,412,3360,3631,19670,5358,5378,0,0,33747,25224,82,798,0,0,0,0,0
815,2661,816.1702079514871,99672,1957,1277,229,97,72603,40437,1.1341199133156754,998,632,10753,17059,32382,22698,3680,8236,48374,38124,0,0,1996,410,3334,3631,19822,5436,5344,0,0,33791,25034,81,793,0,0,0,0,0
816,2661,817.0110707728168,99670,1911,1249,230,98,72796,40552,1.1372328684659376,980,627,10808,17085,32403,22735,3667,8205,48385,38135,0,0,1966,406,3322,3641,19915,5495,5333,0,0,33800,24926,81,785,0,0,0,0,0
817,2661,818.132684126245,99668,1893,1185,232,98,73057,40711,1.1414696793353936,983,627,10868,17134,32393,22807,3630,8148,48396,38146,0,0,1945,399,3303,3646,20050,5571,5313,0,0,33818,24764,79,780,0,0,0,0,0
818,2661,819.2550690459389,99667,1837,1155,233,98,73326,40874,1.145815565834228,934,631,10940,17183,32445,22830,3610,8102,48407,38157,0,0,1927,396,3286,3636,20181,5666,5294,0,0,33811,24619,77,774,0,0,0,0,0
819,2661,820.0967143066808,99667,1784,1129,233,98,73507,40993,1.1488255892120762,920,622,10990,17215,32474,22866,3598,8069,48418,38168,0,0,1901,392,3270,3635,20288,5722,5280,0,0,33818,24515,76,770,0,0,0,0,0
820,2661,821.2191719352751,99666,1727,1139,233,99,73757,41170,1.153121425561375,899,576,11055,17249,32507,22913,3578,8023,48429,38179,0,0,1880,387,3252,3647,20396,5796,5257,0,0,33851,24360,73,767,0,0,0,0,0
821,2661,822.061268611447,99666,1704,1135,233,99,73933,41307,1.1562619147954167,894,529,11107,17285,32501,22962,3560,7989,48440,38190,0,0,1872,385,3239,3644,20482,5851,5231,0,0,33878,24252,72,760,0,0,0,0,0
822,2661,823.1849009607214,99666,1682,1103,233,99,74189,41442,1.1601850179599864,842,511,11186,17354,32518,22985,3538,7947,48451,38201,0,0,1857,381,3223,3649,20605,5916,5204,0,0,33893,24113,70,755,0,0,0,0,0
823,2661,824.0280400721618,99665,1665,1087,233,100,74369,41543,1.1630161039482265,822,492,11228,17402,32525,23005,3526,7913,48462,38212,0,0,1843,376,3213,3650,20695,5968,5185,0,0,33882,24030,70,753,0,0,0,0,0
824,2661,825.1529084285349,99665,1612,1008,233,100,74584,41668,1.1664275322329805,837,505,11280,17449,32532,23060,3505,7877,48473,38223,0,0,1823,369,3195,3663,20815,6045,5164,0,0,33887,23887,69,748,0,0,0,0,0
825,2661,826.2784805145767,99665,1613,984,233,100,74839,41806,1.170370741985652,786,498,11342,17513,32540,23079,3485,7825,48484,38233,0,0,1801,363,3184,3672,20912,6116,5148,0,0,33894,23764,69,742,0,0,0,0,0
826,2661,827.1229511996517,99665,1579,977,233,100,75005,41913,1.1731099182260574,760,462,11405,17572,32552,23096,3470,7792,48495,38243,0,0,1784,362,3179,3669,20997,6161,5135,0,0,33907,23663,69,739,0,0,0,0,0
827,2661,828.2492830479817,99665,1550,973,233,100,75217,42036,1.1764711784478001,749,446,11444,17657,32571,23083,3452,7740,48506,38253,0,0,1765,356,3165,3678,21070,6234,5117,0,0,33918,23562,68,732,0,0,0,0,0
828,2661,829.0942536113612,99664,1539,945,233,101,75387,42122,1.1790516134210949,738,444,11496,17716,32558,23090,3435,7703,48517,38263,0,0,1754,354,3159,3681,21144,6283,5093,0,0,33926,23474,68,728,0,0,0,0,0
829,2661,830.2221287316631,99664,1544,916,233,101,75612,42237,1.182463075935142,707,439,11589,17780,32519,23102,3407,7661,48527,38273,0,0,1737,351,3142,3673,21258,6338,5083,0,0,33913,23377,67,725,0,0,0,0,0
830,2661,831.0692223782586,99664,1488,915,233,101,75755,42332,1.184851099694975,723,423,11642,17845,32519,23089,3394,7626,48537,38283,0,0,1724,346,3139,3667,21331,6391,5068,0,0,33917,23295,67,719,0,0,0,0,0
831,2661,832.1993053531778,99664,1440,868,233,101,75979,42442,1.1882023599293627,693,415,11694,17907,32564,23109,3375,7599,48547,38293,0,0,1702,340,3129,3667,21445,6458,5057,0,0,33918,23168,66,714,0,0,0,0,0
832,2661,833.0469430827127,99664,1431,856,233,101,76133,42537,1.1907007545352384,659,397,11771,17957,32547,23111,3358,7577,48557,38303,0,0,1684,339,3126,3659,21495,6519,5052,0,0,33913,23101,66,710,0,0,0,0,0
833,2661,834.1787191948005,99663,1399,858,233,102,76320,42668,1.193903454642144,636,371,11840,18006,32544,23118,3347,7544,48567,38313,0,0,1668,337,3114,3658,21563,6594,5038,0,0,33905,23013,65,708,0,0,0,0,0
834,2661,835.0280376041754,99663,1357,839,233,102,76454,42743,1.1960005217583256,621,372,11877,18064,32574,23106,3337,7516,48577,38323,0,0,1658,332,3107,3669,21631,6637,5015,0,0,33908,22939,63,704,0,0,0,0,0
835,2661,836.1607619887099,99662,1284,814,234,102,76625,42858,1.198882221910056,622,368,11958,18118,32589,23117,3312,7480,48587,38333,0,0,1644,330,3090,3671,21725,6712,4992,0,0,33890,22845,63,700,0,0,0,0,0
836,2661,837.0106441603181,99661,1263,784,234,103,76755,42919,1.2008107484372021,616,375,12021,18170,32567,23113,3298,7454,48597,38343,0,0,1635,329,3078,3667,21796,6748,4979,0,0,33903,22765,63,698,0,0,0,0,0
837,2661,838.144793718766,99661,1229,744,234,103,76936,43003,1.2034697624948576,589,385,12114,18236,32555,23114,3278,7417,48607,38352,0,0,1615,329,3069,3659,21873,6815,4966,0,0,33898,22679,63,695,0,0,0,0,0
838,2661,839.2807762487636,99660,1197,741,235,103,77096,43117,1.2062311860325106,571,385,12217,18285,32515,23097,3264,7388,48617,38361,0,0,1599,327,3057,3651,21950,6876,4957,0,0,33888,22598,63,694,0,0,0,0,0
839,2661,840.1341844654623,99660,1169,721,235,103,77212,43178,1.208007224563516,552,383,12303,18332,32479,23096,3261,7364,48627,38370,1,1,1582,325,3048,3652,21996,6921,4948,0,0,33886,22544,62,694,0,2,0,0,0
840,2661,841.2742775791202,99660,1127,697,235,103,77362,43282,1.2105558900260887,549,378,12406,18402,32438,23087,3244,7332,48637,38379,2,2,1573,320,3039,3650,22064,6982,4929,0,0,33899,22448,62,690,0,3,0,0,1
841,2661,842.1309458042969,99660,1115,698,235,103,77483,43351,1.2124623720650212,526,369,12484,18464,32405,23057,3234,7308,48647,38388,3,3,1563,319,3031,3653,22115,7021,4912,0,0,33888,22406,61,686,0,4,0,0,1
842,2661,843.2750788355212,99657,1121,683,237,104,77659,43450,1.2152583360927982,471,359,12579,18544,32372,23038,3219,7271,48657,38397,4,4,1552,317,3024,3636,22187,7075,4904,0,0,33890,22325,59,683,0,4,0,0,1
843,2661,844.1343060631962,99657,1117,671,237,104,77773,43522,1.2171247378508283,475,349,12642,18610,32323,23011,3205,7254,48666,38406,6,5,1546,315,3013,3641,22236,7117,4884,0,0,33884,22276,58,680,0,6,0,0,1
844,2661,845.2821032511065,99656,1060,671,237,105,77906,43618,1.2194348559043109,467,327,12727,18701,32321,22972,3187,7223,48675,38415,9,6,1534,310,3001,3636,22293,7179,4874,0,0,33878,22204,58,679,0,8,0,0,2
845,2661,846.1438092672117,99655,1044,668,238,105,78010,43688,1.221193116251066,461,329,12804,18754,32272,22939,3180,7204,48684,38424,13,7,1527,309,2993,3633,22323,7231,4858,0,0,33871,22160,58,678,0,10,0,0,4
846,2661,847.0068640136097,99655,1029,662,238,105,78114,43765,1.2230093823691737,448,306,12872,18806,32239,22931,3173,7189,48693,38433,18,8,1519,308,2980,3629,22384,7266,4845,0,0,33868,22102,58,676,0,12,1,0,7
847,2661,848.1595470095419,99653,1022,663,239,106,78244,43869,1.2253820758030365,438,277,12940,18889,32193,22902,3167,7162,48702,38442,25,9,1509,306,2964,3623,22465,7302,4829,0,0,33853,22046,58,672,0,17,1,0,8
848,2661,849.0255081142985,99652,987,640,240,106,78337,43918,1.2268193312728295,427,296,13024,18948,32162,22876,3159,7133,48711,38451,33,10,1503,306,2961,3617,22514,7341,4813,0,0,33850,21988,58,669,0,20,1,0,11
849,2661,850.1821852919245,99650,930,627,242,106,78443,44010,1.2288309081786253,429,281,13123,19019,32132,22861,3143,7105,48720,38460,43,11,1492,305,2951,3615,22565,7395,4798,0,0,33860,21906,56,665,0,25,2,0,15
850,2661,851.0509427980088,99650,899,616,242,106,78529,44069,1.2302860010035124,417,259,13201,19082,32099,22834,3141,7102,48729,38468,55,12,1483,303,2940,3616,22593,7439,4786,0,0,33865,21852,56,665,0,32,4,0,16
851,2661,852.2113266002766,99650,883,614,242,106,78660,44151,1.2324234821876567,385,247,13314,19145,32048,22808,3127,7079,48738,38476,69,13,1470,301,2932,3618,22621,7503,4774,0,0,33844,21800,56,665,0,41,4,0,21
852,2661,853.083401909642,99649,863,586,243,106,78740,44203,1.233760499352728,380,245,13371,19208,32014,22779,3128,7075,48747,38484,85,14,1463,299,2923,3624,22647,7543,4758,0,0,33854,21739,56,664,0,46,4,0,29
853,2661,854.2484609527295,99649,843,556,243,106,78859,44263,1.2355568043833858,353,250,13453,19266,31991,22758,3116,7063,48756,38492,104,15,1445,299,2911,3624,22697,7589,4751,0,0,33838,21678,56,664,0,59,4,0,34
854,2661,855.1234548471867,99649,822,552,243,106,78938,44323,1.236951700468645,337,233,13536,19333,31949,22716,3112,7059,48765,38500,125,17,1442,299,2906,3622,22734,7628,4734,0,0,33817,21633,56,664,0,71,5,0,38
855,2661,856.2923578543895,99648,784,516,243,107,79038,44391,1.2386500481695568,336,235,13637,19402,31894,22692,3105,7047,48774,38508,149,19,1432,298,2899,3627,22779,7679,4722,0,0,33807,21556,54,662,0,80,7,0,46
856,2661,857.1707812843039,99647,777,506,243,108,79117,44455,1.24009754433149,350,225,13692,19449,31842,22657,3095,7054,48783,38516,176,21,1423,297,2896,3620,22820,7710,4716,0,0,33792,21502,54,662,0,97,7,0,51
857,2661,858.0508728950896,99647,763,492,243,108,79191,44509,1.241382078737945,351,215,13753,19527,31792,22608,3097,7049,48792,38524,206,23,1420,295,2891,3619,22856,7745,4701,0,0,33773,21449,54,662,0,109,9,0,64
858,2661,859.2268486112396,99647,734,467,243,108,79299,44567,1.243047959296316,348,215,13845,19576,31736,22582,3093,7051,48801,38532,239,26,1407,293,2883,3620,22904,7789,4692,0,0,33751,21382,52,661,0,128,10,0,75
859,2661,860.1104528811032,99647,709,464,243,108,79373,44620,1.2443224582777204,337,202,13934,19626,31689,22538,3087,7061,48809,38540,276,29,1397,291,2877,3619,22934,7831,4685,0,0,33714,21344,52,658,0,148,11,0,86
860,2661,861.2912185362687,99647,675,445,243,108,79461,44671,1.2457173823597298,340,212,14030,19683,31642,22481,3069,7070,48817,38548,317,32,1389,289,2865,3610,22973,7878,4676,0,0,33706,21280,52,653,2,163,14,0,97
861,2661,862.17835210535,99647,668,439,243,108,79539,44721,1.2470019167661845,328,198,14103,19717,31586,22447,3071,7090,48825,38556,361,36,1381,288,2859,3607,22997,7914,4663,0,0,33694,21228,52,652,2,178,16,0,116
862,2661,863.0672253242448,99646,649,438,244,108,79621,44774,1.2483692270638058,310,176,14179,19775,31551,22395,3066,7107,48833,38564,409,40,1373,286,2852,3609,23016,7962,4649,0,0,33658,21189,52,649,2,202,19,0,128
863,2661,864.2548409684719,99646,631,418,244,108,79706,44825,1.2497340585673284,296,179,14273,19835,31495,22335,3060,7124,48841,38572,462,45,1366,286,2845,3602,23044,8012,4638,0,0,33630,21127,52,647,3,225,22,0,147
864,2661,865.1473316583906,99646,624,393,244,108,79784,44859,1.2508580374525822,281,185,14341,19878,31452,22278,3057,7157,48849,38580,519,50,1361,285,2840,3599,23064,8056,4622,0,0,33595,21078,52,645,4,254,23,0,168
865,2661,866.0414122498,99645,624,379,245,108,79852,44898,1.251944402629334,278,191,14394,19914,31401,22218,3057,7189,48857,38588,580,56,1354,284,2830,3594,23082,8089,4614,0,0,33569,21029,51,644,5,285,25,0,190
866,2661,867.2360267143731,99645,592,366,245,108,79932,44954,1.2533092478297958,284,180,14477,19980,31355,22151,3046,7214,48865,38595,646,62,1346,281,2824,3590,23122,8135,4608,0,0,33521,20970,50,637,9,320,28,0,204
867,2661,868.1334855704049,99645,559,368,245,108,79985,44995,1.2542525967183502,292,173,14570,20010,31289,22083,3044,7257,48873,38602,716,69,1339,281,2817,3579,23127,8187,4600,0,0,33493,20925,50,637,9,347,30,0,224
868,2661,869.032889426545,99645,545,352,245,108,80042,45027,1.2551457674745345,293,166,14652,20043,31221,22025,3043,7305,48881,38609,791,77,1334,281,2811,3577,23136,8224,4587,0,0,33472,20865,49,634,11,383,32,0,249
869,2661,870.2355173824019,99645,541,355,245,108,80132,45077,1.256550755180892,280,160,14745,20120,31151,21919,3037,7337,48889,38616,871,86,1329,278,2803,3573,23158,8263,4575,0,0,33434,20806,48,633,11,426,36,0,272
870,2661,871.1393981164304,99645,531,341,245,108,80195,45116,1.2575743890812383,271,154,14806,20163,31109,21845,3037,7388,48897,38623,956,95,1325,275,2803,3573,23166,8308,4564,0,0,33394,20745,48,630,12,469,36,0,297
871,2661,872.0448576258984,99644,524,334,245,109,80263,45147,1.2585805467464173,259,153,14874,20182,31051,21774,3046,7447,48905,38630,1046,105,1318,274,2795,3571,23174,8346,4559,0,0,33350,20685,47,630,12,515,40,0,328
872,2661,873.2552097196124,99644,527,329,245,109,80343,45201,1.2599253341897154,242,147,14978,20217,30956,21690,3051,7507,48913,38637,1142,116,1311,273,2786,3568,23189,8396,4547,0,0,33308,20622,47,625,16,551,42,0,363
873,2661,874.1654256742406,99644,493,314,245,109,80388,45234,1.2607081209104412,242,138,15078,20245,30893,21612,3048,7581,48921,38644,1243,128,1306,273,2780,3562,23169,8458,4539,0,0,33272,20553,47,623,16,602,45,0,399
874,2661,875.077912954616,99644,494,301,245,109,80450,45264,1.26163140781181,233,135,15137,20282,30839,21514,3051,7658,48929,38651,1349,141,1301,273,2775,3556,23162,8507,4530,0,0,33227,20489,47,623,16,656,49,0,433
875,2661,876.297840145685,99644,474,283,245,109,80518,45298,1.2626550519850668,238,142,15241,20334,30752,21408,3049,7723,48937,38658,1461,155,1292,271,2765,3548,23183,8555,4523,0,0,33167,20424,46,622,17,711,53,0,467
876,2661,877.2151494003521,99644,457,290,245,109,80566,45339,1.2635482317048694,234,123,15335,20382,30672,21303,3056,7792,48945,38665,1578,170,1288,270,2759,3543,23183,8599,4511,0,0,33121,20354,45,618,21,766,56,0,510
877,2661,878.1351140335083,99643,440,278,246,109,80608,45365,1.2642433487550555,233,129,15421,20394,30591,21211,3068,7878,48953,38672,1701,186,1284,269,2753,3543,23185,8639,4501,0,0,33054,20290,45,616,22,837,60,0,545
878,2661,879.0576233707177,99643,451,265,246,109,80665,45391,1.2650763224712223,218,138,15487,20421,30518,21099,3079,7967,48960,38679,1829,203,1282,268,2747,3537,23182,8681,4493,0,0,32984,20226,45,615,23,910,63,0,587
879,2661,880.2912160924519,99643,441,257,246,109,80739,45431,1.2662204068524634,201,133,15584,20461,30438,21001,3089,8038,48967,38686,1963,221,1276,268,2737,3535,23171,8748,4483,0,0,32933,20141,45,613,25,964,67,0,637
880,2661,881.2188449395602,99643,435,264,246,109,80784,45464,1.267003201429102,215,130,15662,20474,30339,20881,3102,8141,48974,38693,2103,241,1269,265,2722,3535,23161,8797,4480,0,0,32855,20095,44,611,25,1034,78,0,672
881,2661,882.1493115121198,99643,425,271,246,109,80833,45497,1.2678261393173629,211,120,15744,20497,30264,20764,3109,8238,48981,38700,2248,262,1264,264,2713,3533,23146,8849,4471,0,0,32787,20026,44,609,26,1099,84,0,728
882,2661,883.0822469001289,99643,412,267,246,109,80874,45529,1.2685587547544734,221,111,15820,20517,30173,20651,3127,8344,48988,38707,2399,284,1259,264,2704,3526,23153,8886,4468,0,0,32702,19952,44,604,29,1182,90,0,780
883,2661,884.0179977341851,99643,427,264,246,109,80936,45553,1.269421835954357,199,113,15893,20515,30087,20539,3147,8459,48995,38714,2556,308,1254,262,2696,3524,23148,8927,4461,0,0,32618,19881,44,600,31,1267,97,0,833
884,2661,885.2701005171008,99643,409,258,246,109,80995,45594,1.2704254187449193,201,108,16006,20563,29980,20410,3157,8551,49002,38720,2718,333,1250,260,2685,3516,23147,8985,4453,0,0,32540,19785,44,599,32,1340,107,0,900
885,2661,886.2124805539091,99643,401,244,246,109,81036,45616,1.2710576759029737,202,111,16083,20578,29890,20291,3177,8666,49009,38726,2886,360,1247,259,2672,3515,23119,9052,4445,0,0,32462,19713,44,594,35,1412,118,0,956
886,2661,887.1577460260758,99642,396,252,247,109,81082,45645,1.2718231267939222,206,114,16152,20575,29799,20159,3199,8790,49016,38732,3059,388,1241,259,2655,3509,23087,9118,4441,0,0,32382,19649,44,593,36,1488,131,0,1009
887,2661,888.1058427210864,99642,398,240,247,109,81141,45669,1.2726561088697537,197,119,16223,20567,29715,20046,3219,8918,49023,38738,3238,418,1237,259,2641,3501,23068,9178,4433,0,0,32303,19564,44,592,37,1572,141,0,1072
888,2661,889.0567742869144,99642,399,228,247,109,81194,45700,1.2734991268742097,182,111,16304,20565,29624,19936,3243,9050,49030,38744,3422,450,1233,258,2626,3499,23050,9241,4424,0,0,32217,19483,44,588,40,1663,151,0,1125
889,2661,890.0106205486081,99642,374,219,247,109,81230,45731,1.2741715340920496,184,105,16370,20543,29556,19815,3268,9208,49037,38750,3612,484,1229,258,2613,3498,23021,9317,4413,0,0,32131,19397,43,587,40,1744,161,0,1190
890,2661,891.2868442745222,99642,371,224,247,109,81287,45763,1.275064731739628,184,98,16484,20549,29428,19687,3285,9332,49044,38756,3807,519,1227,257,2608,3494,22991,9385,4403,0,0,32041,19307,43,583,44,1834,164,0,1261
891,2661,892.2476328773494,99642,352,214,247,109,81323,45788,1.2756769233857208,185,95,16557,20548,29350,19547,3308,9486,49051,38762,4007,556,1221,256,2596,3493,22966,9450,4396,0,0,31926,19231,43,582,45,1949,172,0,1316
892,2661,893.2111621112342,99642,364,193,247,109,81374,45802,1.2763292587463118,171,107,16630,20511,29247,19437,3340,9642,49058,38768,4212,595,1215,256,2590,3494,22935,9515,4388,0,0,31828,19132,43,580,46,2043,177,0,1400
893,2661,894.1779828598186,99642,358,184,247,109,81412,45823,1.2769213785351559,179,103,16701,20509,29140,19308,3374,9786,49065,38774,4422,636,1210,255,2583,3493,22899,9583,4379,0,0,31731,19043,43,580,46,2144,183,0,1470
894,2661,895.1485138895997,99641,352,189,248,109,81455,45856,1.2776969319858291,172,83,16771,20499,29045,19171,3411,9948,49072,38780,4637,679,1202,254,2574,3494,22866,9649,4372,0,0,31622,18953,43,579,46,2249,190,0,1548
895,2661,896.1224250712735,99641,346,179,248,109,81497,45881,1.2783693459519676,161,85,16853,20484,28946,19035,3445,10107,49079,38786,4856,724,1200,254,2565,3493,22827,9732,4363,0,0,31497,18871,43,577,47,2363,195,0,1614
896,2661,897.0999725365023,99641,335,184,248,109,81529,45903,1.2789112915366165,159,88,16946,20464,28831,18871,3480,10283,49086,38792,5080,772,1198,253,2557,3489,22803,9790,4356,0,0,31356,18787,43,572,51,2496,200,0,1690
897,2661,898.0812860526119,99641,339,182,248,109,81579,45928,1.2796639937375176,136,79,17013,20445,28742,18725,3521,10459,49093,38798,5308,822,1191,252,2545,3488,22755,9871,4350,0,0,31243,18701,43,571,52,2605,211,0,1763
898,2661,899.0660863697879,99641,342,167,248,109,81622,45942,1.2802360474102026,132,87,17092,20437,28628,18571,3557,10628,49100,38804,5541,874,1186,252,2536,3483,22708,9948,4344,0,0,31137,18610,43,565,58,2717,219,0,1835
899,2661,900.054632613059,99641,337,169,248,109,81647,45959,1.2806575606427073,146,114,17145,20477,28578,18537,3545,10593,49100,38804,5541,874,1184,252,2535,3483,22722,9956,4343,0,0,31130,18600,43,565,58,2716,219,0,1835
900,2661,900.054632613059,99641,331,166,248,109,81660,45961,1.2808081010828876,153,118,17153,20404,28522,18413,3592,10789,49100,38804,5778,928,1183,252,2527,3483,22661,10022,4341,1,6,31006,18509,43,564,59,2837,227,1,1919
901,2661,901.0468688662926,99641,343,163,248,109,81704,45989,1.2815306951957528,157,108,17222,20378,28398,18280,3631,10961,49100,38804,6018,985,1183,252,2516,3484,22622,10093,4339,1,20,30871,18400,43,559,63,2944,236,3,2012
902,2661,902.0431654808636,99641,321,163,248,109,81753,46010,1.2822332172499273,151,106,17284,20358,28318,18128,3677,11135,49100,38804,6262,1044,1182,252,2503,3487,22593,10162,4330,2,42,30714,18286,43,559,63,3069,247,4,2103
903,2661,903.0425866077271,99640,315,166,249,109,81792,46037,1.2829084704937777,152,105,17368,20337,28199,17981,3716,11301,49100,38804,6510,1105,1181,250,2492,3490,22539,10237,4327,3,59,30573,18173,43,552,68,3194,256,5,2198
904,2661,904.0461159897156,99640,312,172,249,109,81837,46061,1.2836009634684866,142,103,17431,20325,28109,17822,3756,11468,49100,38804,6761,1169,1181,250,2476,3487,22481,10319,4325,3,75,30438,18067,43,547,73,3311,271,6,2287
905,2661,905.0532475255123,99639,313,180,250,109,81870,46096,1.2842963096779374,153,104,17505,20311,27974,17645,3804,11650,49100,38804,7015,1235,1181,249,2465,3485,22426,10406,4324,3,87,30288,17968,43,544,76,3434,281,7,2372
906,2661,906.064773646875,99638,302,181,251,109,81905,46118,1.2848812701981172,162,107,17537,20281,27892,17497,3855,11824,49100,38804,7272,1304,1179,248,2454,3488,22358,10494,4318,5,103,30137,17869,43,538,81,3571,290,9,2453
907,2661,907.0794591016851,99638,300,179,251,109,81947,46152,1.285644031393645,165,93,17605,20241,27779,17370,3899,12007,49100,38804,7532,1376,1177,248,2443,3489,22297,10585,4312,7,125,29992,17741,43,537,82,3693,299,10,2558
908,2661,908.0982609229101,99637,315,190,252,109,81992,46187,1.2864598492527877,164,89,17666,20218,27651,17203,3951,12190,49100,38804,7794,1450,1177,247,2430,3489,22228,10675,4311,7,141,29837,17638,43,535,84,3829,311,12,2643
909,2661,909.1215086257339,99637,311,187,252,109,82035,46208,1.2871021809167278,176,95,17734,20190,27522,17055,4004,12363,49100,38804,8059,1527,1173,246,2420,3491,22152,10776,4307,11,153,29680,17535,43,532,87,3964,321,14,2732
910,2661,910.149343256139,99637,323,180,252,109,82092,46229,1.2878850226321548,153,107,17793,20144,27412,16898,4066,12561,49100,38804,8326,1607,1172,246,2413,3494,22084,10874,4301,12,167,29513,17422,43,531,88,4104,328,15,2830
911,2661,911.1813304477056,99637,295,172,252,109,82125,46252,1.2884470628381024,160,114,17842,20107,27328,16750,4122,12747,49100,38804,8595,1689,1169,246,2399,3491,22031,10971,4297,15,182,29342,17308,43,529,89,4242,339,17,2927
912,2661,912.2171375635827,99637,270,179,252,109,82150,46283,1.2890091030440498,193,107,17888,20076,27213,16592,4183,12936,49100,38804,8865,1774,1168,246,2380,3490,21976,11063,4291,16,196,29169,17212,43,527,91,4390,354,17,3008
913,2661,913.2569188343244,99637,272,173,252,109,82200,46310,1.289781908327228,172,101,17960,20033,27097,16449,4246,13134,49100,38804,9137,1862,1165,245,2366,3490,21919,11153,4287,19,216,29000,17091,43,524,94,4534,365,19,3107
914,2661,914.3015680188036,99636,278,177,252,110,82245,46337,1.2905174836404512,177,97,18015,19976,26968,16298,4309,13341,49100,38804,9410,1953,1165,244,2359,3491,21830,11264,4284,19,226,28840,16978,43,524,94,4674,372,21,3208
915,2661,915.000628348033,99636,288,168,252,110,82279,46356,1.2910494198883937,179,99,18041,19903,26853,16179,4386,13540,49100,38804,9684,2046,1165,244,2346,3492,21759,11358,4281,19,240,28680,16864,43,521,97,4815,383,21,3308
916,2661,916.0542312580943,99636,290,170,252,110,82329,46384,1.2918322694608375,160,98,18108,19855,26726,16038,4463,13728,49100,38804,9959,2142,1163,244,2333,3498,21696,11451,4273,21,254,28511,16747,43,515,103,4958,394,23,3409
917,2661,917.11310857166,99636,286,176,252,110,82379,46414,1.2926351920992412,163,91,18180,19791,26592,15903,4526,13928,49100,38804,10235,2241,1163,243,2315,3503,21636,11544,4264,21,271,28340,16623,43,515,103,5104,409,24,3515
918,2661,918.1773237326657,99636,285,171,252,110,82425,46431,1.2932674936769841,166,97,18253,19741,26440,15758,4603,14122,49100,38804,10512,2343,1161,243,2300,3511,21558,11649,4255,23,284,28181,16503,43,513,104,5243,419,25,3621
919,2661,919.2476569553014,99636,275,171,252,110,82463,46452,1.293859649122807,174,102,18298,19699,26319,15599,4681,14318,49100,38804,10789,2448,1159,243,2284,3511,21487,11745,4251,25,298,28006,16387,43,510,106,5400,433,27,3721
920,2661,920.3231955233822,99636,290,163,252,110,82515,46474,1.2946023525633306,167,101,18351,19653,26185,15459,4754,14513,49100,38804,11066,2555,1158,243,2267,3511,21418,11841,4249,26,315,27835,16271,43,502,113,5548,449,31,3816
921,2661,921.0432298444326,99636,283,170,252,110,82541,46495,1.2950740696133927,169,107,18365,19573,26094,15320,4836,14719,49100,38804,11343,2665,1157,243,2253,3512,21347,11931,4246,27,322,27664,16166,43,495,119,5705,461,35,3910
922,2661,922.1279928607812,99636,295,158,252,110,82593,46522,1.2958669557188165,168,96,18430,19526,25936,15201,4918,14908,49100,38804,11620,2778,1157,243,2241,3513,21258,12053,4242,27,339,27487,16048,43,492,122,5854,471,42,4004
923,2661,923.218856118425,99636,300,157,252,110,82644,46549,1.2966498052912603,161,93,18467,19503,25806,15048,5013,15088,49100,38804,11897,2894,1155,243,2227,3511,21186,12160,4239,29,350,27314,15927,43,488,126,6002,480,45,4111
924,2661,924.315716900061,99636,304,157,252,110,82688,46573,1.2973322895339034,165,93,18535,19475,25635,14891,5108,15273,49100,38804,12173,3013,1153,242,2216,3510,21109,12266,4237,31,363,27145,15808,43,483,131,6147,490,48,4214
925,2661,925.0506789329995,99636,309,154,252,110,82717,46585,1.2977437873860853,169,92,18562,19416,25507,14755,5200,15472,49100,38804,12449,3134,1153,242,2204,3508,21011,12381,4236,31,370,26995,15678,43,480,134,6284,501,51,4334
926,2661,926.1597002943133,99636,303,151,252,110,82763,46609,1.2984463446946886,172,100,18615,19399,25375,14601,5282,15638,49100,38804,12724,3258,1148,242,2191,3510,20942,12478,4232,36,386,26813,15542,43,476,136,6442,514,57,4448
927,2661,927.2744279601682,99635,310,156,252,111,82816,46639,1.2992924173232299,163,99,18680,19390,25210,14437,5384,15806,49100,38804,12998,3385,1147,242,2177,3515,20860,12592,4226,37,395,26632,15433,43,473,138,6594,526,62,4543
928,2661,928.0214421617162,99635,308,159,252,111,82845,46661,1.2998042856425955,175,88,18693,19335,25079,14304,5492,16002,49100,38804,13271,3515,1145,242,2155,3519,20797,12677,4219,39,400,26437,15334,43,470,140,6773,546,66,4633
929,2661,929.1489932512073,99634,300,163,253,111,82896,46692,1.3006403436577876,158,94,18750,19284,24953,14173,5585,16174,49100,38804,13543,3647,1145,242,2137,3522,20690,12813,4213,39,413,26266,15231,43,467,142,6921,561,74,4715
930,2661,930.2827299260232,99633,297,165,253,112,82944,46719,1.3014061606094367,167,96,18771,19258,24822,14034,5689,16334,49100,38804,13813,3782,1145,242,2128,3518,20599,12939,4211,39,420,26095,15122,43,459,148,7064,570,81,4810
931,2661,931.0418842460487,99633,290,158,253,112,82971,46731,1.3017975971816567,173,102,18788,19194,24699,13893,5796,16540,49100,38804,14082,3920,1143,242,2109,3514,20512,13047,4210,41,434,25917,15018,43,456,150,7228,588,84,4897
932,2661,932.1871445041927,99633,294,155,253,112,83020,46758,1.3025603966557264,166,95,18831,19177,24567,13757,5888,16703,49100,38804,14349,4060,1141,241,2089,3519,20424,13166,4206,43,445,25745,14900,42,454,152,7374,604,93,4995
933,2661,933.3389681928539,99633,288,150,253,112,83066,46789,1.3033332329649814,175,89,18869,19148,24419,13633,5995,16867,49100,38804,14615,4203,1139,241,2070,3519,20350,13269,4204,45,464,25555,14777,42,453,152,7543,619,101,5090
934,2661,934.110775522852,99633,286,152,253,112,83099,46802,1.3037949273834974,176,98,18863,19084,24307,13497,6114,17056,49100,38804,14879,4348,1135,240,2059,3521,20262,13374,4200,49,466,25392,14663,42,450,153,7695,629,107,5196
935,2661,935.2747499809768,99633,280,163,253,112,83149,46834,1.3046179478686781,169,94,18925,19052,24150,13350,6222,17228,49100,38804,15141,4496,1135,239,2047,3519,20170,13501,4195,49,480,25214,14553,42,445,157,7849,639,110,5289
936,2661,936.054812480988,99633,288,170,253,112,83193,46850,1.3052201579797857,157,93,18937,19000,24024,13217,6340,17407,49100,38804,15401,4646,1135,239,2033,3520,20071,13614,4193,49,488,25055,14437,42,440,162,7996,652,117,5390
937,2661,937.2324964070473,99633,302,168,253,112,83245,46877,1.306013067959411,144,90,18966,18980,23884,13086,6450,17563,49100,38804,15659,4798,1134,239,2022,3520,19972,13738,4190,50,505,24880,14322,42,436,166,8152,660,120,5485
938,2661,938.0216980254152,99633,293,167,253,112,83273,46895,1.306474762377927,152,87,18985,18933,23750,12958,6566,17742,49100,38804,15915,4953,1130,239,2014,3520,19884,13854,4186,54,512,24724,14205,42,435,167,8285,668,122,5592
939,2661,939.2128660551206,99633,279,164,253,112,83302,46919,1.3070067146427389,152,77,19030,18918,23602,12832,6683,17896,49100,38804,16168,5110,1129,238,2000,3517,19792,13977,4185,55,528,24542,14093,42,431,168,8447,679,126,5684
940,2661,940.0112080228859,99632,274,156,253,113,83330,46933,1.3074413842942028,158,81,19040,18896,23464,12702,6810,18051,49100,38804,16419,5269,1127,238,1981,3524,19699,14086,4177,57,535,24375,13981,42,427,171,8602,696,134,5780
941,2661,941.2169634838567,99632,268,149,253,113,83375,46955,1.308113859001124,159,79,19097,18863,23298,12592,6924,18203,49100,38804,16668,5430,1123,237,1965,3529,19621,14193,4168,61,551,24192,13876,42,423,175,8762,711,138,5865
942,2661,942.0258818725621,99632,268,149,253,113,83401,46971,1.3085354103099405,170,84,19082,18808,23169,12485,7057,18360,49100,38804,16914,5593,1123,237,1941,3529,19550,14284,4165,61,557,24026,13760,42,419,178,8913,734,143,5970
943,2661,943.2476081407184,99632,264,155,253,113,83444,47003,1.3092881805042555,174,76,19110,18791,23013,12372,7185,18492,49100,38804,17158,5758,1122,237,1926,3530,19451,14411,4161,62,571,23860,13649,42,415,182,9057,746,149,6061
944,2661,944.0665800357355,99632,275,159,253,113,83485,47020,1.3098703227878594,152,70,19113,18756,22883,12264,7323,18637,49100,38804,17399,5925,1122,236,1913,3530,19359,14515,4159,62,580,23699,13541,42,412,185,9211,758,154,6154
945,2661,945.3033705288236,99632,272,162,253,113,83539,47045,1.3106632407258711,142,76,19152,18749,22739,12132,7441,18767,49100,38804,17637,6093,1121,236,1901,3531,19268,14636,4155,63,594,23518,13429,42,412,185,9368,767,160,6246
946,2661,946.1321862140744,99632,269,162,253,113,83568,47059,1.311094828970612,134,85,19163,18706,22601,12020,7579,18913,49100,38804,17873,6263,1120,236,1884,3533,19171,14752,4151,64,596,23362,13321,42,409,188,9511,781,166,6345
947,2661,947.3843137567563,99632,252,170,253,113,83607,47086,1.311757266741609,145,88,19202,18693,22440,11910,7707,19025,49100,38804,18106,6435,1120,235,1867,3534,19096,14860,4144,64,607,23176,13211,42,407,190,9673,796,169,6441
948,2661,948.2240976662466,99632,250,181,253,113,83641,47107,1.3123092982174402,134,90,19223,18644,22298,11793,7841,19178,49100,38804,18336,6608,1120,235,1857,3536,18993,14981,4139,64,608,23010,13119,42,403,194,9826,804,178,6523
949,2661,949.0690795337254,99632,254,176,253,113,83678,47120,1.3128111450136501,124,104,19214,18601,22167,11671,7987,19334,49100,38804,18563,6783,1119,235,1843,3537,18891,15109,4136,65,608,22842,13039,41,401,195,9975,815,188,6593
950,2661,950.3456796422556,99632,237,177,253,113,83708,47146,1.3133732134254055,150,105,19223,18609,22014,11556,8122,19439,49100,38804,18788,6959,1115,235,1830,3535,18807,15223,4134,69,614,22676,12928,41,401,195,10117,827,196,6689
951,2661,951.2015799368614,99632,246,167,253,113,83745,47162,1.313905171029388,136,108,19214,18561,21879,11453,8271,19597,49100,38804,19010,7136,1113,235,1821,3533,18706,15342,4132,71,620,22517,12834,41,399,197,10264,834,205,6768
952,2661,952.0627711683472,99632,243,164,253,113,83778,47177,1.3143869439537499,140,108,19206,18533,21747,11344,8410,19737,49100,38804,19229,7314,1112,235,1807,3530,18613,15465,4130,72,626,22348,12747,41,394,202,10410,846,210,6844
953,2661,953.3640024915229,99632,242,159,253,113,83822,47210,1.3151597880199133,143,102,19226,18547,21589,11249,8546,19829,49100,38804,19445,7493,1111,235,1796,3537,18497,15607,4122,73,643,22198,12638,41,391,204,10536,857,219,6927
954,2661,954.2368419225414,99632,257,161,253,113,83872,47227,1.3158322627268348,131,100,19220,18493,21447,11173,8691,19959,49100,38804,19658,7673,1111,235,1776,3537,18407,15714,4116,73,654,22068,12514,41,389,206,10658,874,222,7037
955,2661,955.1155863164527,99632,257,168,253,113,83905,47248,1.3163742572667416,119,97,19222,18474,21314,11071,8834,20076,49100,38804,19868,7854,1111,235,1759,3541,18301,15840,4111,73,658,21919,12421,41,386,209,10790,889,229,7119
956,2661,956.4433966065343,99632,238,168,253,113,83947,47284,1.3171571382688292,130,91,19245,18508,21174,10971,8959,20148,49100,38804,20075,8036,1109,235,1748,3544,18192,15984,4105,75,668,21761,12327,41,383,212,10918,898,240,7192
957,2661,957.333690434747,99632,234,171,253,113,83973,47300,1.3175786895776458,138,91,19237,18495,21036,10883,9101,20246,49100,38804,20279,8219,1108,235,1735,3546,18093,16102,4101,76,672,21604,12231,41,380,215,11058,911,243,7281
958,2661,958.2296200421815,99632,228,170,253,113,84010,47325,1.3182009796049463,132,84,19229,18479,20908,10798,9249,20355,49100,38804,20481,8403,1106,234,1720,3545,18022,16205,4097,78,674,21431,12136,41,374,220,11209,923,253,7364
959,2661,959.1313465852098,99632,235,157,253,113,84045,47341,1.3187128633370804,135,84,19227,18459,20766,10715,9383,20471,49100,38804,20680,8587,1105,233,1709,3544,17922,16329,4097,79,681,21276,12043,41,372,222,11346,931,261,7441
960,2661,960.0388242475756,99632,223,157,253,113,84065,47359,1.3190942669022,148,81,19227,18442,20632,10632,9516,20574,49100,38804,20876,8772,1104,233,1694,3544,17843,16433,4093,80,686,21129,11946,41,370,224,11473,945,266,7528
961,2661,961.4109358657875,99632,221,149,253,113,84110,47381,1.3197667416091217,143,87,19247,18450,20486,10543,9649,20657,49100,38804,21069,8957,1103,232,1685,3541,17760,16550,4091,81,691,20976,11838,41,369,225,11602,952,277,7618
962,2661,962.331123169589,99632,226,157,253,113,84146,47404,1.3203589208286495,151,82,19230,18439,20346,10442,9793,20766,49100,38804,21259,9142,1103,232,1668,3542,17661,16666,4086,81,693,20835,11754,41,363,231,11731,968,287,7690
963,2661,963.2573871271982,99632,235,162,253,113,84188,47428,1.3210213585996466,145,78,19229,18439,20206,10349,9931,20858,49100,38804,21446,9328,1103,232,1659,3539,17549,16801,4083,81,698,20689,11675,41,359,234,11861,977,295,7756
964,2661,964.1899840656092,99632,228,156,253,113,84219,47440,1.3214529468443874,137,83,19209,18410,20090,10277,10082,20960,49100,38804,21630,9514,1101,232,1648,3535,17449,16925,4082,83,699,20542,11602,41,356,237,11989,988,305,7818
965,2661,965.1284234928022,99632,238,151,253,113,84256,47455,1.3219748675124459,137,81,19212,18393,19942,10210,10217,21051,49100,38804,21811,9700,1100,232,1635,3535,17344,17047,4079,84,705,20404,11515,41,355,238,12113,1001,310,7894
966,2661,966.0732328749635,99632,246,147,253,113,84293,47474,1.322536935924201,130,80,19195,18370,19813,10145,10362,21144,49100,38804,21990,9886,1099,232,1627,3536,17260,17152,4077,85,714,20250,11416,41,353,240,12248,1008,315,7979
967,2661,967.0246679013558,99632,237,141,253,113,84321,47491,1.32298859804079,131,75,19186,18379,19687,10051,10505,21240,49100,38804,22166,10072,1098,231,1612,3535,17162,17276,4075,86,718,20099,11347,41,351,242,12379,1021,322,8037
968,2661,968.462441834288,99632,239,139,253,113,84371,47517,1.3237514051710293,130,66,19206,18438,19566,9957,10605,21286,49100,38804,22339,10257,1096,230,1604,3540,17090,17381,4069,88,719,19930,11271,41,348,244,12519,1028,333,8101
969,2661,969.4262147185775,99632,241,133,253,113,84412,47529,1.3242833627750121,114,61,19204,18428,19443,9874,10744,21390,49100,38804,22509,10442,1095,230,1594,3536,17006,17490,4065,89,720,19791,11187,41,345,247,12641,1038,344,8173
970,2661,970.3957907194499,99632,229,120,253,113,84434,47535,1.3245643969808896,111,73,19190,18431,19326,9788,10890,21474,49100,38804,22677,10627,1095,230,1579,3533,16908,17608,4064,88,722,19658,11112,41,345,247,12760,1052,356,8234
971,2661,971.3719280865433,99632,228,127,253,113,84456,47555,1.3249859482897062,112,67,19208,18421,19167,9715,11031,21556,49100,38804,22842,10811,1094,230,1568,3536,16809,17721,4060,89,725,19547,11025,41,345,247,12860,1061,362,8312
972,2661,972.35441750851,99632,228,134,253,113,84490,47577,1.3255480167014613,110,57,19201,18406,19047,9646,11160,21643,49100,38804,23004,10995,1094,230,1558,3542,16718,17826,4053,89,726,19407,10945,41,345,247,12987,1071,374,8379
973,2661,973.3381465143186,99632,222,132,253,113,84519,47592,1.3259896418821262,113,55,19184,18426,18936,9568,11291,21705,49100,38804,23164,11178,1094,230,1539,3545,16633,17937,4047,89,725,19273,10874,41,344,247,13102,1087,382,8443
974,2661,974.3223525059545,99632,213,124,253,113,84545,47602,1.3263509715753974,109,57,19168,18458,18829,9502,11427,21745,49100,38804,23321,11361,1093,230,1525,3542,16549,18046,4045,90,718,19149,10793,41,342,249,13209,1100,398,8513
975,2661,975.3076110720223,99632,219,116,253,113,84571,47610,1.3266922273968202,122,67,19162,18491,18682,9426,11561,21786,49100,38804,23475,11543,1093,230,1517,3544,16455,18153,4042,90,724,19027,10716,41,341,250,13322,1105,402,8580
976,2661,976.2935272919582,99632,216,116,253,113,84593,47626,1.32707363096194,134,72,19168,18495,18542,9360,11686,21843,49100,38804,23627,11724,1092,230,1504,3546,16374,18251,4037,91,721,18889,10648,41,340,251,13446,1118,413,8640
977,2661,977.2792866012309,99632,216,119,253,113,84630,47645,1.3276356993736953,134,70,19164,18509,18432,9292,11800,21896,49100,38804,23776,11904,1091,230,1496,3545,16284,18361,4036,92,726,18755,10571,41,338,253,13562,1126,421,8704
978,2661,978.264889157128,99632,211,114,253,113,84660,47659,1.32807732455436,132,75,19174,18514,18307,9231,11922,21952,49100,38804,23923,12083,1089,230,1486,3544,16202,18462,4033,94,729,18623,10506,41,336,255,13680,1135,434,8753
979,2661,979.2503894190701,99632,207,119,253,113,84689,47681,1.3285892082864943,116,68,19178,18509,18205,9172,12040,22018,49100,38804,24067,12261,1089,229,1474,3545,16118,18572,4030,94,731,18491,10432,41,336,255,13792,1145,440,8818
980,2661,980.235568345551,99632,207,120,253,113,84719,47697,1.3290509073390075,117,69,19207,18510,18055,9096,12160,22091,49100,38804,24209,12438,1088,228,1463,3545,16034,18678,4028,95,735,18356,10375,41,334,257,13911,1154,446,8864
981,2661,981.2199021172593,99632,188,119,253,113,84735,47711,1.3293520154167335,129,68,19204,18539,17949,9022,12276,22138,49100,38804,24348,12614,1086,228,1456,3549,15952,18784,4024,96,740,18222,10313,41,331,259,14024,1160,451,8916
982,2661,982.203658195571,99631,181,122,254,113,84760,47727,1.3297768766749305,127,69,19198,18538,17831,8973,12408,22184,49100,38804,24485,12789,1085,228,1447,3549,15868,18886,4021,97,743,18108,10233,41,330,260,14126,1167,455,8987
983,2661,983.1875554900353,99631,197,118,254,113,84795,47743,1.3302887655448605,119,71,19187,18557,17717,8906,12525,22234,49100,38804,24620,12963,1085,226,1441,3549,15780,18992,4021,97,747,17992,10166,41,328,262,14228,1172,460,9044
984,2661,984.1724022912097,99631,209,118,254,113,84832,47757,1.3308006544147906,112,78,19184,18575,17610,8848,12630,22267,49100,38804,24752,13136,1084,226,1426,3552,15700,19082,4018,97,745,17886,10101,41,326,264,14326,1186,469,9102
985,2661,985.1571883687557,99631,212,125,254,113,84859,47777,1.3312723951380594,120,74,19185,18597,17484,8784,12744,22306,49100,38804,24882,13308,1081,226,1420,3553,15614,19180,4017,100,748,17783,10030,41,322,267,14419,1192,476,9162
986,2661,986.1419037159284,99631,222,128,254,113,84890,47796,1.3317742469713243,117,74,19178,18624,17359,8725,12869,22335,49100,38804,25010,13478,1080,226,1413,3554,15531,19276,4016,101,749,17666,9973,41,322,267,14523,1199,478,9216
987,2661,987.1268736404706,99631,221,129,254,113,84926,47814,1.3323162469512502,110,72,19186,18649,17245,8669,12983,22367,49100,38804,25136,13647,1076,226,1406,3558,15462,19372,4011,105,748,17539,9909,41,322,267,14625,1205,485,9274
988,2661,988.1116283540987,99631,217,134,254,113,84958,47832,1.3328180987845148,110,66,19189,18677,17137,8615,13092,22394,49100,38804,25260,13815,1076,226,1398,3561,15381,19474,4006,105,748,17420,9855,41,319,270,14727,1211,490,9323
989,2661,989.096272668442,99630,200,131,255,113,84982,47849,1.3332429990966577,111,64,19220,18683,17023,8570,13190,22438,49100,38804,25381,13981,1076,225,1387,3558,15303,19576,4003,105,754,17312,9792,41,319,270,14818,1221,500,9370
990,2661,990.0801197772798,99630,200,132,255,113,85001,47868,1.3336244103181774,112,69,19234,18703,16908,8526,13290,22456,49100,38804,25500,14146,1075,225,1378,3558,15221,19672,4002,106,755,17218,9731,41,316,273,14900,1229,510,9420
991,2661,991.0628385589724,99629,201,127,256,113,85031,47883,1.3340894719409007,107,66,19251,18738,16785,8477,13399,22478,49100,38804,25617,14309,1075,224,1368,3558,15145,19767,4000,106,759,17110,9670,41,314,275,14992,1238,523,9464
992,2661,992.0446519909294,99629,196,127,256,113,85058,47904,1.3345712593722712,110,61,19242,18784,16688,8431,13507,22483,49100,38804,25732,14471,1074,224,1356,3561,15064,19873,3994,107,759,17025,9606,41,312,277,15059,1247,531,9519
993,2661,993.0268605445027,99629,214,136,256,113,85095,47923,1.33513334470887,107,67,19244,18832,16568,8356,13610,22495,49100,38804,25845,14631,1072,224,1349,3562,14996,19953,3992,108,759,16929,9547,41,311,278,15146,1253,537,9572
994,2661,994.0088325731973,99629,208,145,256,113,85123,47952,1.3357054672836222,113,53,19247,18851,16464,8319,13711,22518,49100,38804,25956,14790,1071,224,1341,3559,14933,20036,3990,109,763,16824,9490,41,311,278,15236,1261,547,9615
995,2661,995.4810801713004,99629,206,125,256,113,85171,47968,1.3363478505254494,113,53,19312,18937,16339,8267,13773,22504,49100,38804,26065,14947,1071,223,1329,3558,14882,20128,3988,109,772,16715,9432,41,307,282,15311,1270,555,9656
996,2661,996.4599828067009,99629,201,116,256,113,85200,47977,1.3367292655752843,117,59,19314,18977,16224,8235,13887,22499,49100,38804,26172,15103,1071,222,1328,3558,14795,20231,3988,109,780,16626,9373,41,304,285,15385,1271,562,9700
997,2661,997.438679445624,99629,200,112,256,113,85227,47990,1.3371307551014262,114,55,19325,19015,16121,8193,13983,22511,49100,38804,26278,15257,1070,222,1318,3559,14719,20331,3987,110,780,16537,9321,40,303,286,15454,1279,565,9748
998,2661,998.4168677248786,99629,201,109,256,113,85254,48000,1.3375021329131076,113,60,19332,19034,16027,8147,14070,22536,49100,38804,26382,15409,1069,221,1309,3560,14658,20408,3985,111,780,16427,9270,40,301,288,15552,1286,572,9792
999,2661,999.394742681408,99629,213,111,256,113,85291,48017,1.3380441437733994,112,59,19327,19065,15923,8099,14168,22552,49100,38804,26484,15560,1067,221,1306,3562,14581,20498,3981,113,783,16336,9212,40,301,288,15633,1289,577,9841
1000,2661,1000.3725464695732,99629,215,113,256,113,85318,48034,1.3384857822521554,99,55,19358,19099,15820,8062,14251,22557,49100,38804,26584,15709,1066,220,1298,3563,14499,20594,3979,114,786,16252,9160,40,299,289,15706,1297,587,9880
1001,2661,1001.3492171734188,99629,208,109,256,113,85346,48049,1.3389173834927581,91,58,19360,19129,15734,8022,14350,22568,49100,38804,26682,15856,1066,220,1294,3566,14421,20695,3975,114,795,16166,9108,40,299,289,15772,1299,593,9917
1002,2661,1002.3258572805145,99629,190,113,256,113,85363,48068,1.339278724066286,103,57,19379,19151,15644,7990,14427,22575,49100,38804,26779,16002,1065,219,1283,3563,14360,20778,3974,115,798,16081,9051,40,296,291,15843,1309,601,9962
1003,2661,1003.3016235824645,99629,196,111,256,113,85395,48083,1.3397504742595028,100,59,19400,19182,15531,7951,14516,22583,49100,38804,26874,16146,1065,218,1279,3566,14298,20856,3970,115,801,15980,9000,40,296,291,15930,1313,606,10005
1004,2661,1004.2766416989261,99629,198,109,256,113,85420,48100,1.3401720382619517,91,61,19408,19223,15445,7908,14601,22585,49100,38804,26967,16288,1064,217,1271,3565,14243,20928,3968,116,804,15884,8950,40,295,292,16014,1320,615,10043
1005,2661,1005.2508629437663,99629,192,110,256,113,85441,48113,1.3405133043591726,99,63,19435,19282,15339,7852,14678,22579,49100,38804,27059,16429,1063,217,1263,3564,14180,21010,3966,117,804,15796,8904,40,292,295,16090,1324,621,10083
1006,2661,1006.224247152769,99629,191,106,256,113,85471,48126,1.340944905599775,96,63,19456,19327,15232,7817,14768,22573,49100,38804,27149,16568,1061,217,1252,3564,14115,21093,3962,119,806,15713,8862,40,289,297,16161,1334,628,10116
1007,2661,1007.1965206807713,99629,184,104,256,113,85498,48139,1.3413463951259172,91,65,19463,19360,15156,7778,14849,22579,49100,38804,27237,16705,1061,216,1242,3567,14054,21172,3959,119,806,15627,8814,40,288,298,16234,1341,637,10154
1008,2661,1008.1683430234768,99629,181,112,256,113,85524,48159,1.3418081080809805,92,61,19481,19394,15068,7738,14921,22581,49100,38804,27324,16841,1061,216,1233,3568,14009,21238,3955,119,808,15536,8761,40,287,299,16309,1348,645,10197
1009,2661,1009.13931537821,99629,171,106,256,113,85548,48171,1.3421694486545082,95,66,19485,19444,14988,7703,15004,22567,49100,38804,27409,16975,1060,216,1227,3567,13968,21306,3951,120,807,15442,8721,40,285,300,16383,1353,655,10228
1010,2661,1010.110038764879,99628,168,115,257,113,85569,48192,1.3426044886979565,93,62,19494,19481,14893,7650,15094,22578,49100,38804,27493,17107,1060,216,1221,3566,13902,21384,3949,120,805,15359,8687,40,282,303,16456,1359,663,10256
1011,2661,1011.080431620205,99628,181,117,257,113,85595,48209,1.343036094270687,91,63,19500,19540,14803,7599,15167,22567,49100,38804,27575,17237,1060,216,1217,3565,13847,21450,3948,120,805,15269,8642,40,280,305,16537,1363,669,10295
1012,2661,1012.0503145629754,99628,195,119,257,113,85622,48223,1.343447625165616,86,58,19526,19602,14696,7546,15239,22561,49100,38804,27656,17366,1060,216,1210,3564,13783,21521,3948,120,805,15192,8608,40,280,305,16608,1370,680,10318
1013,2661,1013.019059684925,99628,180,120,257,113,85637,48236,1.343728670654836,90,58,19548,19657,14606,7508,15318,22543,49100,38804,27736,17493,1060,216,1203,3565,13722,21600,3943,120,811,15118,8571,40,278,307,16670,1376,684,10344
1014,2661,1014.4699043872957,99628,177,124,257,113,85671,48256,1.3442706869554744,89,62,19601,19720,14526,7461,15349,22519,49100,38804,27814,17618,1055,216,1196,3563,13676,21668,3941,125,812,15029,8530,40,278,307,16741,1383,690,10378
1015,2661,1015.4349597061878,99627,175,118,257,114,85683,48268,1.3445250785429652,94,64,19622,19773,14438,7425,15413,22505,49100,38804,27891,17742,1055,216,1191,3564,13620,21740,3940,125,815,14954,8486,40,276,309,16801,1387,695,10413
1016,2661,1016.398893135437,99627,161,122,257,114,85697,48288,1.3448663514910617,101,56,19645,19829,14362,7387,15473,22491,49100,38804,27967,17864,1055,216,1186,3564,13572,21804,3938,125,818,14876,8442,40,276,309,16867,1390,707,10442
1017,2661,1017.3621477649835,99627,160,115,257,114,85718,48299,1.3451875495598582,110,59,19663,19882,14275,7354,15534,22475,49100,38804,28041,17984,1054,216,1181,3563,13522,21876,3935,126,816,14797,8410,40,273,312,16929,1395,712,10470
1018,2661,1018.324524273072,99627,165,107,257,114,85745,48313,1.345599084585504,102,56,19696,19928,14193,7329,15586,22465,49100,38804,28114,18103,1052,216,1173,3563,13467,21950,3932,128,817,14731,8366,40,271,313,16982,1401,721,10504
1019,2661,1019.2851531531337,99626,160,104,258,114,85763,48322,1.3458836046815088,106,54,19715,19983,14114,7292,15646,22452,49100,38804,28186,18220,1052,216,1170,3563,13423,22008,3929,128,816,14659,8323,40,270,314,17043,1403,729,10540
1020,2661,1020.2450926039452,99626,159,100,258,114,85780,48335,1.3461847308935417,105,52,19736,20044,14041,7262,15700,22427,49100,38804,28256,18335,1052,216,1161,3562,13370,22078,3928,128,814,14598,8281,40,270,314,17094,1409,735,10576
1021,2661,1021.204004449343,99626,152,90,258,114,85796,48339,1.346385481701564,102,62,19760,20106,13967,7226,15760,22401,49100,38804,28325,18449,1052,216,1148,3562,13321,22149,3926,128,814,14535,8249,40,268,315,17140,1420,738,10605
1022,2661,1022.1617143504902,99626,158,93,258,114,85819,48355,1.3467769457772067,102,59,19768,20144,13893,7201,15820,22388,49100,38804,28393,18561,1052,216,1145,3564,13268,22216,3922,128,814,14467,8217,40,266,317,17196,1423,743,10632
1023,2661,1023.1187641618739,99626,162,99,258,114,85842,48370,1.3471583723124485,93,53,19794,20211,13825,7165,15867,22357,49100,38804,28460,18671,1051,216,1142,3564,13217,22278,3922,129,819,14396,8178,40,263,320,17257,1425,747,10662
1024,2661,1024.0748769566023,99626,169,98,258,114,85861,48383,1.3474795736052838,95,47,19806,20271,13745,7131,15926,22338,49100,38804,28526,18780,1050,216,1137,3564,13169,22341,3919,130,818,14330,8152,40,261,322,17312,1430,751,10684
1025,2661,1025.0303139342911,99626,173,94,258,114,85884,48392,1.347800774898119,96,45,19834,20336,13666,7094,15972,22316,49100,38804,28591,18887,1050,215,1131,3565,13119,22404,3917,130,816,14268,8121,40,259,324,17365,1436,760,10706
1026,2661,1026.4608960256576,99625,163,89,258,115,85922,48408,1.3483563362609787,96,50,19881,20422,13616,7062,15985,22261,49100,38804,28655,18993,1050,215,1128,3564,13080,22472,3915,130,827,14180,8081,40,258,325,17427,1439,764,10730
1027,2661,1027.4126080971553,99625,168,91,258,115,85943,48423,1.3487176913425345,96,38,19897,20472,13548,7034,16032,22249,49100,38804,28717,19097,1049,215,1125,3563,13037,22527,3914,131,826,14123,8042,40,257,326,17477,1440,770,10763
1028,2661,1028.3638230936617,99625,162,91,258,115,85961,48431,1.348978670012547,98,36,19931,20523,13480,6995,16070,22239,49100,38804,28778,19199,1046,215,1117,3562,12998,22577,3912,134,829,14063,8006,40,256,327,17531,1447,775,10790
1029,2661,1029.3135187503835,99624,173,89,258,116,85991,48439,1.3493736449048421,85,36,19966,20574,13415,6966,16102,22218,49100,38804,28838,19300,1046,215,1114,3561,12956,22630,3912,134,830,13996,7981,40,252,331,17590,1450,782,10804
1030,2661,1030.2615639666951,99624,178,88,258,116,86017,48444,1.3496848149040392,84,44,19995,20616,13348,6939,16136,22196,49100,38804,28897,19399,1045,214,1109,3563,12922,22673,3910,135,831,13935,7950,40,252,331,17643,1455,787,10829
1031,2661,1031.2082804171107,99624,174,93,258,116,86034,48457,1.3499859471613267,100,42,20035,20666,13273,6898,16159,22184,49100,38804,28955,19497,1044,214,1106,3562,12873,22734,3908,136,832,13881,7921,40,249,333,17689,1458,791,10853
1032,2661,1032.1529502045105,99624,173,92,258,116,86054,48469,1.3503071549024332,103,37,20052,20715,13209,6872,16204,22167,49100,38804,29012,19593,1042,213,1103,3561,12815,22805,3908,138,837,13833,7889,40,248,334,17726,1461,798,10873
1033,2661,1033.0964310016716,99624,180,88,258,116,86084,48476,1.3506785513530877,89,38,20083,20763,13148,6840,16241,22154,49100,38804,29068,19688,1041,212,1097,3563,12779,22857,3905,139,835,13769,7868,40,247,334,17778,1466,802,10892
1034,2661,1034.0388935470835,99624,183,84,258,116,86104,48482,1.3509395326427367,88,41,20128,20812,13064,6804,16278,22142,49100,38804,29123,19781,1041,212,1096,3564,12741,22903,3903,139,836,13706,7843,40,245,336,17834,1467,811,10907
1035,2661,1035.449070943463,99624,182,88,258,116,86139,48502,1.3514916084477635,87,34,20173,20923,13001,6763,16298,22075,49100,38804,29177,19873,1040,212,1089,3564,12701,22967,3899,140,837,13647,7819,40,244,336,17874,1474,817,10924
1036,2661,1036.3871522178547,99624,188,87,258,116,86171,48507,1.3518630048984182,71,41,20215,20969,12935,6733,16332,22053,49100,38804,29231,19964,1040,212,1087,3560,12664,23021,3899,140,840,13594,7787,40,243,336,17915,1476,822,10948
1037,2661,1037.3237439370898,99624,170,76,258,116,86191,48513,1.3521239861880672,68,45,20242,21027,12897,6714,16364,22021,49100,38804,29284,20053,1040,212,1078,3556,12636,23078,3898,140,847,13522,7765,40,243,335,17970,1481,827,10956
1038,2661,1038.2590820646174,99624,164,71,258,116,86209,48521,1.3523849674777162,72,49,20287,21083,12830,6695,16388,21985,49100,38804,29336,20141,1038,212,1073,3556,12606,23128,3897,142,847,13469,7730,40,243,335,18006,1484,835,10983
1039,2661,1039.1926386739342,99624,168,75,258,116,86226,48532,1.3526660242511845,76,47,20311,21133,12773,6666,16413,21962,49100,38804,29387,20227,1037,212,1067,3556,12563,23182,3896,143,848,13430,7703,40,240,338,18035,1490,838,11006
1040,2661,1040.1249803262174,99624,161,79,258,116,86244,48548,1.3530073074761102,73,38,20346,21199,12724,6634,16437,21933,49100,38804,29437,20312,1036,212,1062,3558,12526,23235,3893,143,844,13371,7687,40,240,338,18080,1495,847,11017
1041,2661,1041.055524672758,99624,153,78,258,116,86257,48553,1.3531879868304826,73,39,20375,21257,12662,6603,16478,21906,49100,38804,29486,20396,1036,212,1058,3557,12493,23280,3893,143,847,13316,7657,40,240,338,18126,1497,853,11038
1042,2661,1042.4488092013767,99624,143,77,258,116,86279,48566,1.353539307797318,78,36,20468,21366,12585,6569,16467,21835,49100,38804,29534,20478,1035,212,1054,3559,12459,23333,3888,144,850,13273,7623,40,239,339,18156,1501,855,11064
1043,2661,1043.3743230775335,99624,143,73,258,116,86294,48573,1.3537601381193287,81,33,20498,21422,12521,6546,16498,21809,49100,38804,29582,20559,1034,212,1049,3561,12422,23384,3886,145,847,13238,7595,40,238,340,18178,1506,859,11090
1044,2661,1044.2983357753183,99624,145,71,258,116,86313,48580,1.3540211194089777,76,32,20535,21484,12462,6522,16523,21774,49100,38804,29629,20639,1034,212,1041,3564,12387,23429,3881,145,845,13189,7573,40,237,341,18221,1512,868,11105
1045,2661,1045.2206608776846,99623,146,68,259,116,86333,48586,1.3542956947692801,72,29,20551,21542,12412,6494,16559,21750,49100,38804,29675,20718,1034,212,1038,3561,12343,23485,3879,145,843,13152,7548,40,237,341,18251,1514,873,11127
1046,2661,1046.1421625774797,99623,146,56,259,116,86352,48592,1.3545466408359514,71,28,20602,21608,12348,6480,16573,21711,49100,38804,29720,20795,1034,212,1035,3561,12309,23536,3878,145,851,13111,7511,40,235,342,18281,1516,871,11155
1047,2661,1047.0621062647983,99623,149,55,259,116,86370,48599,1.354797586902623,68,32,20639,21645,12296,6454,16588,21697,49100,38804,29765,20871,1034,212,1032,3561,12279,23573,3878,145,852,13061,7487,40,235,342,18324,1519,876,11173
1048,2661,1048.4382219655315,99623,149,56,259,116,86400,48610,1.355209138451964,57,30,20729,21739,12232,6424,16573,21634,49100,38804,29809,20946,1034,212,1030,3554,12253,23617,3877,145,856,13011,7458,40,234,343,18366,1519,878,11196
1049,2661,1049.3524543289707,99623,149,56,259,116,86415,48615,1.355409895305301,52,35,20760,21793,12185,6397,16594,21602,49100,38804,29852,21020,1032,211,1024,3554,12229,23648,3876,147,855,12965,7430,40,233,343,18408,1525,881,11222
1050,2661,1050.2649544081676,99623,140,54,259,116,86423,48620,1.35554038725997,65,39,20809,21853,12118,6371,16608,21566,49100,38804,29895,21093,1032,211,1023,3554,12205,23683,3876,147,858,12921,7394,39,233,343,18443,1526,885,11250
1051,2661,1051.1757885040852,99623,135,51,259,116,86433,48623,1.3556708792146392,67,48,20856,21929,12055,6337,16627,21518,49100,38804,29937,21164,1032,210,1022,3554,12173,23725,3875,147,857,12883,7374,39,233,343,18475,1526,889,11266
1052,2661,1052.0843231233214,99623,133,61,259,116,86447,48635,1.3559318631239774,66,44,20898,22005,11999,6298,16644,21475,49100,38804,29978,21234,1032,210,1020,3553,12142,23763,3875,147,856,12838,7357,39,233,343,18514,1528,891,11282
1053,2661,1053.443690546113,99623,128,57,259,116,86469,48646,1.3562631119319837,64,47,20956,22113,11960,6263,16632,21403,49100,38804,30018,21303,1032,210,1020,3551,12126,23806,3872,147,854,12786,7334,39,233,343,18547,1528,895,11300
1054,2661,1054.3477031700538,99623,134,63,259,116,86486,48657,1.3565441715266555,59,42,21000,22166,11902,6235,16645,21377,49100,38804,30058,21371,1032,210,1016,3550,12093,23846,3871,147,855,12749,7314,39,233,343,18581,1530,897,11317
1055,2661,1055.250136053262,99623,136,64,259,116,86501,48666,1.35678507975066,54,41,21050,22213,11852,6216,16648,21349,49100,38804,30097,21438,1031,210,1010,3548,12065,23887,3871,148,854,12710,7294,39,232,344,18610,1535,902,11333
1056,2661,1056.1504921835085,99623,128,73,259,116,86506,48679,1.3569657609186634,63,38,21087,22260,11801,6197,16661,21315,49100,38804,30136,21504,1031,210,1007,3546,12036,23924,3870,148,853,12680,7266,39,230,346,18635,1538,908,11356
1057,2661,1057.0490915904722,99623,127,70,259,116,86520,48686,1.3571765556146673,66,42,21137,22305,11741,6173,16669,21293,49100,38804,30174,21569,1030,209,1001,3548,12016,23956,3868,149,853,12639,7244,39,229,347,18666,1544,912,11373
1058,2661,1058.3930840718153,99623,126,77,259,116,86548,48704,1.3576382963773426,56,35,21214,22387,11698,6154,16646,21230,49100,38804,30211,21633,1030,209,999,3552,11985,24001,3863,149,855,12601,7219,39,228,348,18691,1546,917,11391
1059,2661,1059.2864129241198,99623,125,77,259,116,86557,48709,1.3577788261746786,62,41,21252,22429,11650,6125,16651,21211,49100,38804,30248,21696,1030,209,997,3551,11952,24039,3862,149,854,12566,7199,39,227,349,18723,1548,922,11407
1060,2661,1060.1780374197472,99623,119,77,259,116,86563,48713,1.357879204601347,69,43,21302,22487,11596,6099,16654,21177,49100,38804,30284,21758,1029,208,996,3551,11931,24069,3862,150,853,12528,7186,39,225,351,18754,1549,923,11419
1061,2661,1061.0677372748503,99622,115,72,259,117,86574,48721,1.3580835558410793,71,44,21336,22547,11560,6085,16658,21134,49100,38804,30320,21819,1029,208,992,3556,11904,24106,3857,150,855,12491,7170,39,223,352,18783,1551,927,11429
1062,2661,1062.3990441981828,99622,117,71,259,117,86600,48735,1.3584850735781253,58,51,21418,22634,11512,6047,16635,21079,49100,38804,30355,21879,1028,207,992,3559,11877,24153,3854,151,855,12451,7152,39,223,352,18806,1550,933,11440
1063,2661,1063.283859476544,99622,115,67,259,117,86615,48744,1.358725984220353,54,50,21473,22675,11457,6038,16641,21052,49100,38804,30390,21938,1027,207,990,3558,11853,24192,3853,152,856,12415,7130,39,222,353,18830,1551,938,11456
1064,2661,1064.1668739630893,99622,114,63,259,117,86626,48748,1.3588765533717453,65,52,21497,22728,11415,6020,16649,21019,49100,38804,30424,21996,1027,207,987,3559,11836,24218,3851,152,856,12378,7110,39,220,355,18859,1554,945,11469
1065,2661,1065.0485265521834,99622,114,64,259,117,86639,48757,1.3590973881271204,63,49,21536,22799,11366,5992,16661,20978,49100,38804,30457,22053,1026,207,983,3558,11808,24254,3850,153,853,12340,7102,39,220,355,18891,1558,951,11474
1066,2661,1066.3680708542004,99622,117,71,259,117,86658,48773,1.3594487161470359,62,44,21602,22871,11326,5968,16633,20928,49100,38804,30490,22109,1026,207,982,3558,11777,24293,3849,153,857,12307,7077,39,219,356,18918,1558,954,11492
1067,2661,1067.2454846405426,99622,119,81,259,117,86676,48788,1.3597799682800988,56,36,21633,22922,11294,5948,16638,20895,49100,38804,30522,22164,1026,207,980,3554,11750,24327,3849,153,858,12272,7064,39,217,358,18951,1559,959,11499
1068,2661,1068.1213419712308,99622,112,75,259,117,86686,48795,1.3599506133183434,64,41,21684,22964,11246,5936,16634,20866,49100,38804,30554,22218,1026,207,978,3552,11724,24366,3848,153,857,12241,7048,39,217,358,18972,1561,966,11509
1069,2661,1069.4317869979966,99622,113,79,259,117,86709,48809,1.360322017225111,56,41,21770,23046,11184,5906,16617,20810,49100,38804,30585,22271,1022,207,976,3555,11702,24399,3844,157,857,12205,7037,39,215,360,19000,1563,967,11517
1070,2661,1070.302421289155,99622,118,74,259,117,86721,48817,1.360522776093634,51,43,21804,23096,11149,5890,16618,20779,49100,38804,30616,22323,1022,207,976,3554,11685,24428,3844,157,855,12167,7020,39,215,360,19028,1563,972,11530
1071,2661,1071.1716980024137,99622,117,72,259,117,86735,48823,1.360723534962157,55,49,21846,23154,11105,5856,16617,20751,49100,38804,30647,22375,1021,207,972,3555,11665,24459,3843,158,857,12130,7003,39,214,361,19056,1566,974,11542
1072,2661,1072.0393103120375,99622,121,67,259,117,86754,48831,1.360994559434663,45,49,21888,23199,11066,5845,16620,20722,49100,38804,30677,22426,1020,207,971,3556,11631,24500,3842,159,857,12100,6993,39,214,361,19079,1567,985,11541
1073,2661,1073.337696582974,99622,112,68,259,117,86770,48843,1.3612756218505953,52,46,21967,23291,11013,5819,16596,20658,49100,38804,30707,22476,1020,207,969,3554,11617,24534,3842,159,857,12065,6975,39,214,361,19097,1569,993,11550
1074,2661,1074.2006730163175,99622,109,67,259,117,86779,48848,1.3614161530585613,58,47,22010,23337,10970,5805,16593,20626,49100,38804,30736,22525,1019,206,967,3554,11588,24572,3842,160,854,12044,6960,39,214,360,19111,1571,998,11563
1075,2661,1075.0621688703231,99621,106,68,260,117,86788,48858,1.3616205418536251,59,44,22045,23385,10936,5795,16593,20590,49100,38804,30765,22573,1019,205,965,3554,11578,24589,3842,160,854,12008,6945,39,214,360,19141,1572,1002,11574
1076,2661,1076.3515694995835,99621,109,71,260,117,86807,48872,1.3619517973118118,57,39,22116,23449,10891,5778,16566,20545,49100,38804,30793,22621,1017,205,963,3553,11546,24631,3841,162,856,11984,6929,39,212,361,19159,1573,1008,11582
1077,2661,1077.208885136561,99621,107,68,260,117,86820,48877,1.3621324821071863,58,37,22156,23500,10855,5766,16563,20511,49100,38804,30821,22668,1016,205,961,3554,11522,24665,3840,162,851,11964,6916,39,212,361,19173,1574,1015,11591
1078,2661,1078.064534823713,99621,115,69,260,117,86837,48886,1.3623934712560604,57,32,22195,23550,10817,5750,16555,20481,49100,38804,30848,22714,1016,205,959,3554,11500,24695,3839,162,852,11939,6904,39,211,362,19192,1576,1015,11601
1079,2661,1079.3449801821218,99621,107,70,260,117,86853,48895,1.3626444223607472,65,34,22271,23661,10779,5720,16517,20397,49100,38804,30875,22759,1015,205,957,3552,11478,24737,3837,163,853,11914,6893,39,210,363,19205,1574,1017,11609
1080,2661,1080.1962539362778,99621,109,76,260,117,86867,48907,1.3629054115096215,69,27,22319,23717,10734,5701,16508,20361,49100,38804,30902,22804,1015,205,954,3552,11457,24765,3834,163,857,11890,6879,39,210,363,19225,1577,1017,11619
1081,2661,1081.0456046723943,99621,108,75,260,117,86880,48914,1.3631061723933708,61,29,22379,23767,10698,5683,16493,20328,49100,38804,30928,22848,1015,204,953,3553,11436,24799,3834,163,854,11859,6872,39,209,363,19246,1577,1020,11625
1082,2661,1082.315657997788,99621,106,72,260,117,86901,48923,1.363407313718995,65,33,22460,23849,10661,5667,16447,20261,49100,38804,30954,22891,1013,204,952,3552,11417,24832,3834,165,857,11831,6851,39,208,364,19262,1578,1023,11639
1083,2661,1083.1598239599675,99621,106,66,260,117,86914,48927,1.363577960470182,65,43,22525,23884,10614,5655,16429,20234,49100,38804,30979,22933,1011,204,949,3552,11401,24858,3833,167,859,11807,6836,39,208,364,19278,1581,1026,11648
1084,2661,1084.0016321242333,99621,115,65,260,117,86931,48935,1.3638289115748687,59,40,22565,23940,10571,5639,16429,20198,49100,38804,31004,22975,1011,204,947,3551,11376,24889,3833,167,861,11789,6822,39,208,364,19292,1582,1028,11658
1085,2661,1085.260827328981,99621,111,62,260,117,86952,48949,1.3641802431214303,48,40,22649,24021,10537,5624,16394,20135,49100,38804,31029,23016,1011,203,945,3554,11349,24928,3831,167,868,11764,6805,39,208,364,19308,1582,1034,11661
1086,2661,1086.0979288804724,99621,108,63,260,117,86965,48960,1.3644211561819295,49,36,22703,24067,10504,5610,16375,20106,49100,38804,31053,23056,1011,203,944,3555,11330,24957,3829,167,866,11738,6791,39,207,365,19326,1583,1040,11670
1087,2661,1087.349861983125,99621,108,62,260,117,86984,48972,1.3647323355517411,46,40,22772,24163,10474,5589,16339,20028,49100,38804,31077,23096,1010,203,943,3555,11315,24986,3827,168,862,11716,6775,39,206,366,19339,1583,1045,11683
1088,2661,1088.1824418811232,99621,102,61,260,117,86993,48977,1.3648728681703657,49,40,22818,24207,10445,5571,16325,20003,49100,38804,31101,23135,1010,203,941,3556,11287,25020,3826,168,861,11691,6769,39,205,367,19359,1584,1052,11683
1089,2661,1089.013483926288,99621,94,58,260,117,86998,48983,1.3649832866564278,54,37,22862,24259,10415,5565,16314,19963,49100,38804,31124,23174,1010,203,940,3555,11266,25055,3826,168,862,11664,6759,39,204,367,19375,1585,1053,11690
1090,2661,1090.256847333023,99621,87,59,260,117,87008,48992,1.3651740094959899,62,39,22960,24328,10365,5546,16265,19910,49100,38804,31147,23212,1010,203,940,3555,11254,25078,3823,168,865,11637,6749,39,202,369,19394,1585,1059,11691
1091,2661,1091.0828361651456,99621,89,60,260,117,87018,49003,1.3653848084239266,69,34,23014,24361,10316,5537,16251,19890,49100,38804,31170,23249,1009,203,937,3554,11236,25102,3823,169,869,11615,6732,39,202,369,19412,1588,1063,11699
1092,2661,1092.3183316220893,99620,93,54,261,117,87038,49014,1.3657096968480225,69,29,23076,24448,10279,5520,16221,19831,49100,38804,31192,23286,1008,203,937,3555,11222,25130,3821,170,870,11593,6716,39,202,369,19421,1588,1069,11707
1093,2661,1093.1399308870732,99620,98,52,261,117,87055,49016,1.365900421602088,62,34,23123,24488,10249,5494,16206,19814,49100,38804,31214,23322,1007,203,936,3554,11206,25152,3820,171,866,11574,6710,39,200,371,19436,1589,1076,11710
1094,2661,1094.3696704203617,99620,101,50,261,117,87078,49022,1.3661915278056616,54,36,23184,24562,10223,5479,16176,19755,49100,38804,31236,23358,1007,202,936,3552,11196,25175,3819,171,867,11554,6696,39,200,371,19449,1588,1077,11721
