,indexID,time,N,Inf_L,Inf_H,Dead_L,Dead_H,cum_cases_L,cum_cases_H,cum_sum_per_N,Exposed_L,Exposed_H,Sus_L,Sus_H,Rec_nat_L,Rec_nat_H,Rec_vax_L,Rec_vax_H,vaccinatedH,vaccinatedL,boostedH,boostedL,count_Naive,count_Delta,count_Delta_vaccine,count_two,count_three,count_four,count_Omicron,count_Omicron_star,count_Omicron_star_vaccine,count_Omicron_vaccine,count_Vaccine,count_WT,count_WT_vaccine,count_WT_vaccine_boost,count_Omicron_vaccine_boost,count_Delta_vaccine_boost,count_Omicron_star_vaccine_boost,count_Vaccine_boost
0,4361,1.0172162352479568,99998,10,11,0,0,11,11,0.00022000440008800175,14,14,49974,49974,1,0,0,0,0,0,0,0,99997,0,0,0,0,0,0,0,0,0,0,1,0,0,0,0,0,0
1,4361,2.022518752496611,99998,12,16,0,0,15,17,0.0003200064001280026,10,10,49974,49972,3,1,0,0,0,0,0,0,99994,0,0,0,0,0,0,0,0,0,0,4,0,0,0,0,0,0
2,4361,3.057650276885632,99998,15,20,0,0,19,21,0.0004000080001600032,9,8,49971,49970,4,1,0,0,0,0,0,0,99993,0,0,0,0,0,0,0,0,0,0,5,0,0,0,0,0,0
3,4361,4.085198624765413,99998,16,20,0,0,23,23,0.0004600092001840037,11,8,49965,49968,7,3,0,0,0,0,0,0,99988,0,0,0,0,0,0,0,0,0,0,10,0,0,0,0,0,0
4,4361,5.235186420913633,99998,16,20,0,0,26,26,0.0005200104002080041,10,5,49963,49968,10,6,0,0,0,0,0,0,99982,0,0,0,0,0,0,0,0,0,0,16,0,0,0,0,0,0
5,4361,6.007667322679249,99998,16,18,0,0,29,27,0.0005600112002240045,8,6,49962,49966,13,9,0,0,0,0,0,0,99976,0,0,0,0,0,0,0,0,0,0,22,0,0,0,0,0,0
6,4361,7.059779004515858,99998,14,14,0,0,31,28,0.0005900118002360047,9,9,49959,49962,17,14,0,0,0,0,0,0,99967,0,0,0,0,0,0,0,0,0,0,31,0,0,0,0,0,0
7,4361,8.007920967716187,99998,11,11,0,0,33,30,0.000630012600252005,9,9,49957,49960,22,19,0,0,0,0,0,0,99957,0,0,0,0,0,0,0,0,0,0,41,0,0,0,0,0,0
8,4361,9.267440617264043,99998,11,10,0,0,37,33,0.0007000140002800056,9,8,49953,49958,26,23,0,0,0,0,0,0,99949,0,0,0,0,0,0,0,0,0,0,49,0,0,0,0,0,0
9,4361,10.068573664010836,99998,14,10,0,0,41,35,0.0007600152003040061,6,6,49952,49958,27,25,0,0,0,0,0,0,99946,0,0,0,0,0,0,0,0,0,0,52,0,0,0,0,0,0
10,4361,11.015763031908419,99998,15,9,0,0,42,36,0.0007800156003120063,9,5,49948,49958,27,27,0,0,0,0,0,0,99944,0,0,0,0,0,0,0,0,0,0,54,0,0,0,0,0,0
11,4361,12.03071394544197,99998,14,10,0,0,43,38,0.0008100162003240065,8,4,49948,49957,29,28,0,0,0,0,0,0,99941,0,0,0,0,0,0,0,0,0,0,57,0,0,0,0,0,0
12,4361,13.171086770060246,99998,13,11,0,0,45,40,0.0008500170003400068,7,3,49947,49957,32,28,0,0,0,0,0,0,99937,0,0,0,0,0,0,0,0,0,0,61,0,0,0,0,0,0
13,4361,14.088401417157456,99998,14,11,0,0,47,40,0.000870017400348007,8,4,49944,49956,33,28,0,0,0,0,0,0,99936,0,0,0,0,0,0,0,0,0,0,62,0,0,0,0,0,0
14,4361,15.033284986424107,99998,15,11,0,0,49,42,0.0009100182003640072,9,3,49941,49955,34,30,0,0,0,0,0,0,99933,0,0,0,0,0,0,0,0,0,0,65,0,0,0,0,0,0
15,4361,16.00776290681861,99998,11,11,0,0,49,44,0.0009300186003720074,10,1,49940,49955,38,32,0,0,0,0,0,0,99927,0,0,0,0,0,0,0,0,0,0,71,0,0,0,0,0,0
16,4361,17.291101332771273,99998,9,7,0,0,50,44,0.0009400188003760075,10,3,49939,49953,41,36,0,0,0,0,0,0,99920,0,0,0,0,0,0,0,0,0,0,78,0,0,0,0,0,0
17,4361,18.115692200459502,99998,9,8,0,0,52,45,0.0009700194003880077,10,2,49937,49953,43,36,0,0,0,0,0,0,99918,0,0,0,0,0,0,0,0,0,0,80,0,0,0,0,0,0
18,4361,19.0070819798318,99998,12,8,0,0,55,45,0.001000020000400008,8,2,49937,49953,42,36,0,0,0,0,0,0,99918,0,0,0,0,0,0,0,0,0,0,80,0,0,0,0,0,0
19,4361,20.1146956573248,99998,14,7,0,0,58,45,0.0010300206004120083,7,3,49935,49953,43,36,0,0,0,0,0,0,99916,0,0,0,0,0,0,0,0,0,0,82,0,0,0,0,0,0
20,4361,21.11462521032921,99998,14,6,0,0,61,45,0.0010600212004240085,6,3,49934,49953,45,37,0,0,0,0,0,0,99912,0,0,0,0,0,0,0,0,0,0,86,0,0,0,0,0,0
21,4361,22.13093317238661,99998,13,7,0,0,62,47,0.0010900218004360088,8,3,49931,49951,47,38,0,0,0,0,0,0,99909,0,0,0,0,0,0,0,0,0,0,89,0,0,0,0,0,0
22,4361,23.1734417726428,99998,16,7,0,0,66,47,0.0011300226004520091,6,3,49929,49951,48,38,0,0,0,0,0,0,99908,0,0,0,0,0,0,0,0,0,0,90,0,0,0,0,0,0
23,4361,24.036213914692553,99998,15,7,0,0,67,50,0.0011700234004680093,7,2,49927,49949,50,41,0,0,0,0,0,0,99903,0,0,0,0,0,0,0,0,0,0,95,0,0,0,0,0,0
24,4361,25.03788609819469,99998,15,6,0,0,71,50,0.0012100242004840097,8,2,49922,49949,54,42,0,0,0,0,0,0,99898,0,0,0,0,0,0,0,0,0,0,100,0,0,0,0,0,0
25,4361,26.020549041397658,99998,9,4,0,0,71,50,0.0012100242004840097,9,3,49921,49948,60,44,0,0,0,0,0,0,99890,0,0,0,0,0,0,0,0,0,0,108,0,0,0,0,0,0
26,4361,27.077975263241267,99998,8,4,0,0,73,50,0.0012300246004920098,8,3,49920,49948,63,44,0,0,0,0,0,0,99887,0,0,0,0,0,0,0,0,0,0,111,0,0,0,0,0,0
27,4361,28.01383191938249,99998,8,3,0,0,75,50,0.00125002500050001,8,4,49918,49947,65,45,0,0,0,0,0,0,99884,0,0,0,0,0,0,0,0,0,0,114,0,0,0,0,0,0
28,4361,29.16947740145492,99998,7,3,0,0,76,51,0.0012700254005080102,9,4,49916,49946,67,46,0,0,0,0,0,0,99881,0,0,0,0,0,0,0,0,0,0,117,0,0,0,0,0,0
29,4361,30.132290270605665,99998,10,2,0,0,79,52,0.0013100262005240105,7,3,49915,49947,67,47,0,0,0,0,0,0,99879,0,0,0,0,0,0,0,0,0,0,119,0,0,0,0,0,0
30,4361,31.03822193406625,99998,10,3,0,0,80,53,0.0013300266005320106,9,3,49912,49946,68,47,0,0,0,0,0,0,99878,0,0,0,0,0,0,0,0,0,0,120,0,0,0,0,0,0
31,4361,32.28639236159639,99998,12,4,0,0,83,54,0.001370027400548011,7,2,49911,49946,69,47,0,0,0,0,0,0,99877,0,0,0,0,0,0,0,0,0,0,121,0,0,0,0,0,0
32,4361,33.06269740162616,99998,14,3,0,0,85,54,0.001390027800556011,5,2,49911,49946,69,48,0,0,0,0,0,0,99876,0,0,0,0,0,0,0,0,0,0,122,0,0,0,0,0,0
33,4361,34.118819315763936,99998,13,2,0,0,87,54,0.0014100282005640114,4,2,49910,49946,72,49,0,0,0,0,0,0,99872,0,0,0,0,0,0,0,0,0,0,126,0,0,0,0,0,0
34,4361,35.054595758808524,99998,14,3,0,0,89,55,0.0014400288005760116,4,1,49908,49946,73,49,0,0,0,0,0,0,99871,0,0,0,0,0,0,0,0,0,0,127,0,0,0,0,0,0
35,4361,36.3266901805027,99998,12,3,0,0,89,55,0.0014400288005760116,5,1,49907,49946,75,49,0,0,0,0,0,0,99869,0,0,0,0,0,0,0,0,0,0,129,0,0,0,0,0,0
36,4361,37.00546377619421,99998,12,4,0,0,89,56,0.0014500290005800115,5,1,49907,49945,75,49,0,0,0,0,0,0,99869,0,0,0,0,0,0,0,0,0,0,129,0,0,0,0,0,0
37,4361,38.11851225654893,99998,11,4,0,0,90,57,0.0014700294005880118,5,1,49906,49944,77,50,0,0,0,0,0,0,99866,0,0,0,0,0,0,0,0,0,0,132,0,0,0,0,0,0
38,4361,39.10085308551358,99998,9,5,0,0,90,58,0.0014800296005920118,6,1,49905,49943,79,50,0,0,0,0,0,0,99864,0,0,0,0,0,0,0,0,0,0,134,0,0,0,0,0,0
39,4361,40.139173244349024,99998,10,5,0,0,92,59,0.001510030200604012,6,1,49903,49942,80,51,0,0,0,0,0,0,99862,0,0,0,0,0,0,0,0,0,0,136,0,0,0,0,0,0
40,4361,41.254352608087565,99998,10,4,0,0,93,60,0.0015300306006120123,6,1,49903,49942,80,52,0,0,0,0,0,0,99859,0,0,0,0,0,0,0,0,0,0,139,0,0,0,0,0,0
41,4361,42.1134712915219,99998,9,4,0,0,93,60,0.0015300306006120123,8,1,49901,49942,81,52,0,0,0,0,0,0,99858,0,0,0,0,0,0,0,0,0,0,140,0,0,0,0,0,0
42,4361,43.110517502898496,99998,12,2,0,0,96,60,0.0015600312006240125,6,1,49900,49942,81,54,0,0,0,0,0,0,99856,0,0,0,0,0,0,0,0,0,0,142,0,0,0,0,0,0
43,4361,44.02435108734402,99998,14,1,0,0,98,60,0.0015800316006320126,5,2,49899,49941,81,55,0,0,0,0,0,0,99855,0,0,0,0,0,0,0,0,0,0,143,0,0,0,0,0,0
44,4361,45.06485460586839,99998,15,2,0,0,101,61,0.001620032400648013,4,3,49898,49939,82,55,0,0,0,0,0,0,99853,0,0,0,0,0,0,0,0,0,0,145,0,0,0,0,0,0
45,4361,46.190921021882424,99998,15,2,0,0,103,62,0.0016500330006600132,6,2,49894,49941,84,54,0,0,0,0,0,0,99850,0,0,0,0,0,0,0,0,0,0,148,0,0,0,0,0,0
46,4361,47.21740048722436,99998,13,3,0,0,103,63,0.0016600332006640132,9,3,49892,49939,85,54,0,0,0,0,0,0,99848,0,0,0,0,0,0,0,0,0,0,150,0,0,0,0,0,0
47,4361,48.27981058701391,99998,11,3,0,0,103,64,0.0016700334006680133,10,2,49893,49939,85,55,0,0,0,0,0,0,99845,0,0,0,0,0,0,0,0,0,0,153,0,0,0,0,0,0
48,4361,49.046362255731815,99998,10,3,0,0,104,64,0.0016800336006720135,10,2,49892,49939,87,55,0,0,0,0,0,0,99843,0,0,0,0,0,0,0,0,0,0,155,0,0,0,0,0,0
49,4361,50.16453574174851,99998,10,3,0,0,109,64,0.0017300346006920138,8,3,49891,49938,90,55,0,0,0,0,0,0,99838,0,0,0,0,0,0,0,0,0,0,160,0,0,0,0,0,0
50,4361,51.1092463116514,99998,8,3,0,0,110,64,0.001740034800696014,7,4,49892,49937,92,55,0,0,0,0,0,0,99835,0,0,0,0,0,0,0,0,0,0,163,0,0,0,0,0,0
51,4361,52.15828410366165,99998,10,4,0,0,112,66,0.0017800356007120143,8,3,49890,49936,91,56,0,0,0,0,0,0,99834,0,0,0,0,0,0,0,0,0,0,164,0,0,0,0,0,0
52,4361,53.26618260263083,99998,6,5,0,0,112,67,0.0017900358007160143,9,5,49889,49933,95,56,0,0,0,0,0,0,99830,0,0,0,0,0,0,0,0,0,0,168,0,0,0,0,0,0
53,4361,54.23579294396295,99998,8,5,0,0,114,67,0.0018100362007240146,9,5,49887,49933,95,56,0,0,0,0,0,0,99830,0,0,0,0,0,0,0,0,0,0,168,0,0,0,0,0,0
54,4361,55.19526605199477,99998,11,7,0,0,118,69,0.001870037400748015,5,3,49887,49933,96,56,0,0,0,0,0,0,99829,0,0,0,0,0,0,0,0,0,0,169,0,0,0,0,0,0
55,4361,56.107450592079,99998,10,7,0,0,119,69,0.001880037600752015,4,3,49887,49933,98,56,0,0,0,0,0,0,99827,0,0,0,0,0,0,0,0,0,0,171,0,0,0,0,0,0
56,4361,57.19171942879035,99998,10,5,0,0,120,70,0.0019000380007600153,5,2,49886,49934,98,58,0,0,0,0,0,0,99823,0,0,0,0,0,0,0,0,0,0,175,0,0,0,0,0,0
57,4361,58.06383173644289,99998,11,4,0,0,121,70,0.0019100382007640152,6,3,49885,49933,97,59,0,0,0,0,0,0,99822,0,0,0,0,0,0,0,0,0,0,176,0,0,0,0,0,0
58,4361,59.08448963420946,99998,9,4,0,0,121,70,0.0019100382007640152,8,3,49883,49933,99,59,0,0,0,0,0,0,99820,0,0,0,0,0,0,0,0,0,0,178,0,0,0,0,0,0
59,4361,60.066147953088766,99998,12,4,0,0,124,70,0.0019400388007760154,6,3,49884,49934,97,58,0,0,0,0,0,0,99820,0,0,0,0,0,0,0,0,0,0,178,0,0,0,0,0,0
60,4361,61.057730660861196,99998,13,4,0,0,126,71,0.001970039400788016,6,3,49883,49933,97,59,0,0,0,0,0,0,99818,0,0,0,0,0,0,0,0,0,0,180,0,0,0,0,0,0
61,4361,62.31166520267586,99998,13,5,0,0,129,72,0.002010040200804016,5,4,49881,49934,100,56,0,0,0,0,0,0,99815,0,0,0,0,0,0,0,0,0,0,183,0,0,0,0,0,0
62,4361,63.226810965124166,99998,12,5,0,0,131,73,0.0020400408008160163,3,3,49881,49934,103,57,0,0,0,0,0,0,99811,0,0,0,0,0,0,0,0,0,0,187,0,0,0,0,0,0
63,4361,64.02372123198191,99998,12,4,0,0,132,74,0.0020600412008240166,4,3,49879,49933,104,59,0,0,0,0,0,0,99808,0,0,0,0,0,0,0,0,0,0,190,0,0,0,0,0,0
64,4361,65.0537700162889,99998,13,5,0,0,135,75,0.0021000420008400167,6,3,49874,49932,106,59,0,0,0,0,0,0,99806,0,0,0,0,0,0,0,0,0,0,192,0,0,0,0,0,0
65,4361,66.00210775093208,99998,11,6,0,0,135,76,0.0021100422008440167,9,3,49872,49931,107,59,0,0,0,0,0,0,99804,0,0,0,0,0,0,0,0,0,0,194,0,0,0,0,0,0
66,4361,67.04189222244585,99998,14,7,0,0,140,77,0.0021700434008680176,8,2,49869,49931,108,59,0,0,0,0,0,0,99802,0,0,0,0,0,0,0,0,0,0,196,0,0,0,0,0,0
67,4361,68.18496183061843,99998,13,7,0,0,143,77,0.002200044000880018,6,2,49869,49931,111,59,0,0,0,0,0,0,99798,0,0,0,0,0,0,0,0,0,0,200,0,0,0,0,0,0
68,4361,69.26766460373864,99998,13,7,0,0,145,77,0.0022200444008880177,5,3,49868,49930,113,59,0,0,0,0,0,0,99796,0,0,0,0,0,0,0,0,0,0,202,0,0,0,0,0,0
69,4361,70.03590841055934,99998,13,7,0,0,145,78,0.002230044600892018,5,3,49868,49929,113,60,0,0,0,0,0,0,99795,0,0,0,0,0,0,0,0,0,0,203,0,0,0,0,0,0
70,4361,71.24823232786751,99998,10,8,0,0,146,79,0.002250045000900018,5,4,49868,49927,116,60,0,0,0,0,0,0,99791,0,0,0,0,0,0,0,0,0,0,207,0,0,0,0,0,0
71,4361,72.03933818547463,99998,11,8,0,0,149,81,0.0023000460009200184,2,2,49869,49927,117,62,0,0,0,0,0,0,99787,0,0,0,0,0,0,0,0,0,0,211,0,0,0,0,0,0
72,4361,73.02852632351593,99998,11,10,0,0,151,83,0.0023400468009360186,2,1,49867,49926,119,62,0,0,0,0,0,0,99785,0,0,0,0,0,0,0,0,0,0,213,0,0,0,0,0,0
73,4361,74.01920379653032,99998,7,7,0,0,151,83,0.0023400468009360186,3,1,49868,49926,121,65,0,0,0,0,0,0,99778,0,0,0,0,0,0,0,0,0,0,220,0,0,0,0,0,0
74,4361,75.31840018804797,99998,5,5,0,0,151,83,0.0023400468009360186,4,1,49868,49927,122,66,0,0,0,0,0,0,99774,0,0,0,0,0,0,0,0,0,0,224,0,0,0,0,0,0
75,4361,76.33744316942726,99998,4,4,0,0,151,83,0.0023400468009360186,4,2,49869,49926,122,67,0,0,0,0,0,0,99772,0,0,0,0,0,0,0,0,0,0,226,0,0,0,0,0,0
76,4361,77.17734781769398,99998,6,6,0,0,154,85,0.002390047800956019,1,1,49869,49925,123,67,0,0,0,0,0,0,99771,0,0,0,0,0,0,0,0,0,0,227,0,0,0,0,0,0
77,4361,78.25420246240421,99998,5,7,0,0,155,87,0.0024200484009680194,2,2,49868,49922,124,68,0,0,0,0,0,0,99768,0,0,0,0,0,0,0,0,0,0,230,0,0,0,0,0,0
78,4361,79.00732084215113,99998,3,7,0,0,156,88,0.0024400488009760197,1,2,49868,49921,127,69,0,0,0,0,0,0,99764,0,0,0,0,0,0,0,0,0,0,234,0,0,0,0,0,0
79,4361,80.08593173261852,99998,2,6,0,0,156,88,0.0024400488009760197,3,3,49868,49920,126,70,0,0,0,0,0,0,99762,0,0,0,0,0,0,0,0,0,0,236,0,0,0,0,0,0
80,4361,81.20393937536565,99998,5,6,0,0,159,91,0.00250005000100002,1,2,49867,49919,126,72,0,0,0,0,0,0,99759,0,0,0,0,0,0,0,0,0,0,239,0,0,0,0,0,0
81,4361,82.19275463470294,99998,4,5,0,0,159,91,0.00250005000100002,1,2,49868,49919,126,73,0,0,0,0,0,0,99757,0,0,0,0,0,0,0,0,0,0,241,0,0,0,0,0,0
82,4361,83.27223559497554,99998,4,5,0,0,160,91,0.00251005020100402,3,2,49865,49919,127,73,0,0,0,0,0,0,99756,0,0,0,0,0,0,0,0,0,0,242,0,0,0,0,0,0
83,4361,84.00641975919241,99998,4,5,0,0,160,91,0.00251005020100402,4,4,49864,49918,127,72,0,0,0,0,0,0,99756,0,0,0,0,0,0,0,0,0,0,242,0,0,0,0,0,0
84,4361,85.0747587982433,99998,4,6,0,0,161,92,0.0025300506010120204,4,3,49864,49918,127,72,0,0,0,0,0,0,99755,0,0,0,0,0,0,0,0,0,0,243,0,0,0,0,0,0
85,4361,86.03468136270118,99998,5,6,0,0,164,94,0.0025800516010320205,4,1,49861,49919,129,73,0,0,0,0,0,0,99751,0,0,0,0,0,0,0,0,0,0,247,0,0,0,0,0,0
86,4361,87.29333778188334,99998,5,5,0,0,165,94,0.002590051801036021,5,2,49862,49918,127,74,0,0,0,0,0,0,99749,0,0,0,0,0,0,0,0,0,0,249,0,0,0,0,0,0
87,4361,88.25280079556045,99998,4,4,0,0,166,95,0.0026100522010440207,4,3,49862,49916,129,76,0,0,0,0,0,0,99745,0,0,0,0,0,0,0,0,0,0,253,0,0,0,0,0,0
88,4361,89.05876438837946,99998,3,4,0,0,166,96,0.002620052401048021,5,2,49862,49916,129,77,0,0,0,0,0,0,99743,0,0,0,0,0,0,0,0,0,0,255,0,0,0,0,0,0
89,4361,90.07909196731411,99998,3,3,0,0,166,97,0.002630052601052021,5,1,49862,49917,129,78,0,0,0,0,0,0,99741,0,0,0,0,0,0,0,0,0,0,257,0,0,0,0,0,0
90,4361,91.09827531009905,99998,3,3,0,0,166,97,0.002630052601052021,6,1,49862,49917,128,78,0,0,0,0,0,0,99741,0,0,0,0,0,0,0,0,0,0,257,0,0,0,0,0,0
91,4361,92.1174419437431,99998,2,2,0,0,166,97,0.002630052601052021,6,1,49863,49917,128,79,0,0,0,0,0,0,99739,0,0,0,0,0,0,0,0,0,0,259,0,0,0,0,0,0
92,4361,93.24685531477061,99998,4,2,0,0,168,98,0.0026600532010640212,5,0,49863,49917,127,80,0,0,0,0,0,0,99738,0,0,0,0,0,0,0,0,0,0,260,0,0,0,0,0,0
93,4361,94.06726941483748,99998,4,2,0,0,168,98,0.0026600532010640212,6,3,49862,49914,127,80,0,0,0,0,0,0,99738,0,0,0,0,0,0,0,0,0,0,260,0,0,0,0,0,0
94,4361,95.06590564743311,99998,5,3,0,0,169,99,0.0026800536010720215,7,2,49861,49914,126,80,0,0,0,0,0,0,99738,0,0,0,0,0,0,0,0,0,0,260,0,0,0,0,0,0
95,4361,96.17111578041587,99998,6,4,0,0,171,100,0.0027100542010840218,6,2,49860,49913,127,80,0,0,0,0,0,0,99737,0,0,0,0,0,0,0,0,0,0,261,0,0,0,0,0,0
96,4361,97.1994152807762,99998,4,4,0,0,171,100,0.0027100542010840218,8,2,49858,49913,129,80,0,0,0,0,0,0,99735,0,0,0,0,0,0,0,0,0,0,263,0,0,0,0,0,0
97,4361,98.18274401626115,99998,4,4,0,0,172,101,0.0027300546010920216,8,1,49858,49913,129,81,0,0,0,0,0,0,99733,0,0,0,0,0,0,0,0,0,0,265,0,0,0,0,0,0
98,4361,99.03116026653322,99998,6,4,0,0,175,101,0.002760055201104022,5,1,49858,49913,130,81,0,0,0,0,0,0,99732,0,0,0,0,0,0,0,0,0,0,266,0,0,0,0,0,0
99,4361,100.12948092194848,99998,8,4,0,0,177,101,0.002780055601112022,4,1,49857,49913,130,81,0,0,0,0,0,0,99732,0,0,0,0,0,0,0,0,0,0,266,0,0,0,0,0,0
100,4361,101.14727518545544,99998,7,4,0,0,179,101,0.0028000560011200225,6,2,49855,49912,131,81,0,0,0,0,0,0,99729,0,0,0,0,0,0,0,0,0,0,269,0,0,0,0,0,0
101,4361,102.10559561091146,99998,6,3,0,0,179,101,0.0028000560011200225,6,2,49855,49912,132,82,0,0,0,0,0,0,99727,0,0,0,0,0,0,0,0,0,0,271,0,0,0,0,0,0
102,4361,103.28293458523405,99998,7,3,0,0,182,101,0.0028300566011320227,5,3,49854,49911,133,82,0,0,0,0,0,0,99725,0,0,0,0,0,0,0,0,0,0,273,0,0,0,0,0,0
103,4361,104.08509255239615,99998,8,4,0,0,183,102,0.002850057001140023,5,3,49854,49910,132,82,0,0,0,0,0,0,99725,0,0,0,0,0,0,0,0,0,0,273,0,0,0,0,0,0
104,4361,105.09812897292277,99998,11,4,0,0,187,103,0.002900058001160023,2,2,49853,49910,133,83,0,0,0,0,0,0,99723,0,0,0,0,0,0,0,0,0,0,275,0,0,0,0,0,0
105,4361,106.03404238868384,99998,8,4,0,0,187,103,0.002900058001160023,3,2,49852,49910,136,83,0,0,0,0,0,0,99720,0,0,0,0,0,0,0,0,0,0,278,0,0,0,0,0,0
106,4361,107.04310315235533,99998,8,5,0,0,188,105,0.0029300586011720233,4,0,49850,49911,137,83,0,0,0,0,0,0,99718,0,0,0,0,0,0,0,0,0,0,280,0,0,0,0,0,0
107,4361,108.013996945726,99998,9,4,0,0,190,105,0.0029500590011800236,3,2,49849,49909,138,84,0,0,0,0,0,0,99716,0,0,0,0,0,0,0,0,0,0,282,0,0,0,0,0,0
108,4361,109.28762844294971,99998,7,3,0,0,190,105,0.0029500590011800236,5,3,49847,49908,140,85,0,0,0,0,0,0,99713,0,0,0,0,0,0,0,0,0,0,285,0,0,0,0,0,0
109,4361,110.20260713463367,99998,7,2,0,0,190,105,0.0029500590011800236,5,3,49847,49909,140,85,0,0,0,0,0,0,99712,0,0,0,0,0,0,0,0,0,0,286,0,0,0,0,0,0
110,4361,111.00397349704187,99998,9,4,0,0,195,108,0.0030300606012120244,1,1,49846,49908,143,86,0,0,0,0,0,0,99708,0,0,0,0,0,0,0,0,0,0,290,0,0,0,0,0,0
111,4361,112.1153101175736,99998,5,4,0,0,195,108,0.0030300606012120244,4,2,49843,49907,147,86,0,0,0,0,0,0,99704,0,0,0,0,0,0,0,0,0,0,294,0,0,0,0,0,0
112,4361,113.13485921175348,99998,6,4,0,0,196,108,0.0030400608012160243,5,3,49841,49906,147,86,0,0,0,0,0,0,99704,0,0,0,0,0,0,0,0,0,0,294,0,0,0,0,0,0
113,4361,114.14390362754189,99998,6,6,0,0,198,110,0.0030800616012320245,3,1,49842,49906,148,86,0,0,0,0,0,0,99702,0,0,0,0,0,0,0,0,0,0,296,0,0,0,0,0,0
114,4361,115.04390079379029,99998,6,6,0,0,199,110,0.003090061801236025,2,1,49842,49906,149,86,0,0,0,0,0,0,99701,0,0,0,0,0,0,0,0,0,0,297,0,0,0,0,0,0
115,4361,116.03394443137334,99998,8,6,0,0,201,110,0.0031100622012440247,1,2,49842,49906,148,85,0,0,0,0,0,0,99701,0,0,0,0,0,0,0,0,0,0,297,0,0,0,0,0,0
116,4361,117.20056653051262,99997,8,6,0,1,202,111,0.0031300939028170846,3,1,49839,49906,149,85,0,0,0,0,0,0,99699,0,0,0,0,0,0,0,0,0,0,298,0,0,0,0,0,0
117,4361,118.1285655627536,99997,7,4,0,1,203,111,0.003140094202826085,3,4,49838,49903,151,87,0,0,0,0,0,0,99695,0,0,0,0,0,0,0,0,0,0,302,0,0,0,0,0,0
118,4361,119.31664362906866,99997,7,6,0,1,206,114,0.0032000960028800863,2,1,49836,49903,154,88,0,0,0,0,0,0,99691,0,0,0,0,0,0,0,0,0,0,306,0,0,0,0,0,0
119,4361,120.0944356941103,99997,8,6,0,1,207,114,0.0032100963028890866,2,1,49836,49903,153,88,0,0,0,0,0,0,99691,0,0,0,0,0,0,0,0,0,0,306,0,0,0,0,0,0
120,4361,121.2845803582091,99997,7,4,0,1,207,114,0.0032100963028890866,4,2,49835,49902,153,90,0,0,0,0,0,0,99688,0,0,0,0,0,0,0,0,0,0,309,0,0,0,0,0,0
121,4361,122.11388014368214,99997,6,2,0,1,209,114,0.003230096902907087,3,3,49836,49903,154,90,0,0,0,0,0,0,99683,0,0,0,0,0,0,0,0,0,0,314,0,0,0,0,0,0
122,4361,123.13357395262919,99997,5,2,0,1,209,114,0.003230096902907087,4,3,49835,49903,155,90,0,0,0,0,0,0,99682,0,0,0,0,0,0,0,0,0,0,315,0,0,0,0,0,0
123,4361,124.17513522195614,99997,8,4,0,1,212,116,0.0032800984029520888,1,1,49836,49903,154,90,0,0,0,0,0,0,99682,0,0,0,0,0,0,0,0,0,0,315,0,0,0,0,0,0
124,4361,125.1948328409944,99997,8,4,0,1,212,116,0.0032800984029520888,4,3,49833,49901,154,90,0,0,0,0,0,0,99682,0,0,0,0,0,0,0,0,0,0,315,0,0,0,0,0,0
125,4361,126.19258860679025,99997,7,5,0,1,214,117,0.0033100993029790892,2,2,49833,49902,157,89,0,0,0,0,0,0,99679,0,0,0,0,0,0,0,0,0,0,318,0,0,0,0,0,0
126,4361,127.31035012796211,99997,8,7,0,1,216,119,0.0033501005030150905,0,0,49833,49902,158,89,0,0,0,0,0,0,99678,0,0,0,0,0,0,0,0,0,0,319,0,0,0,0,0,0
127,4361,128.31432340105795,99997,9,8,0,1,217,120,0.003370101103033091,2,0,49831,49901,157,89,0,0,0,0,0,0,99678,0,0,0,0,0,0,0,0,0,0,319,0,0,0,0,0,0
128,4361,129.09618832640552,99997,10,8,0,1,218,120,0.0033801014030420914,1,0,49832,49901,156,89,0,0,0,0,0,0,99678,0,0,0,0,0,0,0,0,0,0,319,0,0,0,0,0,0
129,4361,130.11592346121998,99997,10,8,0,1,218,120,0.0033801014030420914,1,0,49832,49902,156,88,0,0,0,0,0,0,99678,0,0,0,0,0,0,0,0,0,0,319,0,0,0,0,0,0
130,4361,131.11497962062515,99997,9,7,0,1,218,120,0.0033801014030420914,1,3,49832,49899,157,89,0,0,0,0,0,0,99676,0,0,0,0,0,0,0,0,0,0,321,0,0,0,0,0,0
131,4361,132.2174310487787,99997,8,5,0,1,218,120,0.0033801014030420914,3,4,49830,49898,158,91,0,0,0,0,0,0,99673,0,0,0,0,0,0,0,0,0,0,324,0,0,0,0,0,0
132,4361,133.14059488462576,99997,6,6,0,1,219,121,0.003400102003060092,2,3,49830,49898,161,91,0,0,0,0,0,0,99670,0,0,0,0,0,0,0,0,0,0,327,0,0,0,0,0,0
133,4361,134.0615763340011,99997,4,4,0,1,219,122,0.003410102303069092,3,3,49829,49897,163,94,0,0,0,0,0,0,99665,0,0,0,0,0,0,0,0,0,0,332,0,0,0,0,0,0
134,4361,135.12610548641968,99997,4,4,0,1,222,125,0.0034701041031230937,2,2,49828,49895,165,97,0,0,0,0,0,0,99659,0,0,0,0,0,0,0,0,0,0,338,0,0,0,0,0,0
135,4361,136.03931345787794,99997,4,4,0,1,222,125,0.0034701041031230937,2,2,49829,49896,164,96,0,0,0,0,0,0,99659,0,0,0,0,0,0,0,0,0,0,338,0,0,0,0,0,0
136,4361,137.05918209528508,99997,4,4,0,1,222,125,0.0034701041031230937,5,3,49826,49895,164,96,0,0,0,0,0,0,99659,0,0,0,0,0,0,0,0,0,0,338,0,0,0,0,0,0
137,4361,138.22298826237224,99997,4,5,0,1,222,126,0.003480104403132094,7,2,49824,49895,164,96,0,0,0,0,0,0,99659,0,0,0,0,0,0,0,0,0,0,338,0,0,0,0,0,0
138,4361,139.08444863020537,99997,3,4,0,1,222,126,0.003480104403132094,9,2,49822,49896,165,96,0,0,0,0,0,0,99657,0,0,0,0,0,0,0,0,0,0,340,0,0,0,0,0,0
139,4361,140.14029777647096,99997,7,3,0,1,226,126,0.003520105603168095,7,3,49820,49895,165,97,0,0,0,0,0,0,99656,0,0,0,0,0,0,0,0,0,0,341,0,0,0,0,0,0
140,4361,141.1303209231996,99997,9,4,0,1,229,127,0.003560106803204096,7,3,49817,49894,166,97,0,0,0,0,0,0,99655,0,0,0,0,0,0,0,0,0,0,342,0,0,0,0,0,0
141,4361,142.05756606920372,99997,7,6,0,1,229,129,0.0035801074032220967,8,1,49816,49895,168,96,0,0,0,0,0,0,99653,0,0,0,0,0,0,0,0,0,0,344,0,0,0,0,0,0
142,4361,143.29701575431088,99997,7,5,0,1,232,129,0.0036101083032490976,7,1,49815,49896,170,96,0,0,0,0,0,0,99649,0,0,0,0,0,0,0,0,0,0,348,0,0,0,0,0,0
143,4361,144.0562331484311,99997,7,3,0,1,233,129,0.003620108603258098,8,1,49813,49896,171,98,0,0,0,0,0,0,99646,0,0,0,0,0,0,0,0,0,0,351,0,0,0,0,0,0
144,4361,145.08715936963867,99997,10,3,0,1,236,129,0.0036501095032850984,7,1,49811,49896,171,98,0,0,0,0,0,0,99646,0,0,0,0,0,0,0,0,0,0,351,0,0,0,0,0,0
145,4361,146.0772194156312,99997,13,3,0,1,240,129,0.0036901107033210996,7,2,49809,49897,170,96,0,0,0,0,0,0,99645,0,0,0,0,0,0,0,0,0,0,352,0,0,0,0,0,0
146,4361,147.03793138132633,99997,12,2,0,1,240,129,0.0036901107033210996,10,2,49806,49897,171,97,0,0,0,0,0,0,99643,0,0,0,0,0,0,0,0,0,0,354,0,0,0,0,0,0
147,4361,148.00776869448137,99997,14,1,0,1,243,129,0.0037201116033481006,7,3,49806,49896,172,98,0,0,0,0,0,0,99641,0,0,0,0,0,0,0,0,0,0,356,0,0,0,0,0,0
148,4361,149.2751744748009,99996,11,1,1,1,244,129,0.003730149205968239,7,4,49805,49897,175,96,0,0,0,0,0,0,99637,0,0,0,0,0,0,0,0,0,0,359,0,0,0,0,0,0
149,4361,150.0564858466182,99996,13,1,1,1,247,129,0.0037601504060162405,5,4,49804,49898,176,95,0,0,0,0,0,0,99636,0,0,0,0,0,0,0,0,0,0,360,0,0,0,0,0,0
150,4361,151.10328410443338,99996,10,1,1,1,248,129,0.0037701508060322413,6,4,49802,49898,180,95,0,0,0,0,0,0,99632,0,0,0,0,0,0,0,0,0,0,364,0,0,0,0,0,0
151,4361,152.02278824920427,99996,12,2,1,1,251,131,0.0038201528061122445,4,3,49803,49897,179,96,0,0,0,0,0,0,99630,0,0,0,0,0,0,0,0,0,0,366,0,0,0,0,0,0
152,4361,153.00015555671047,99996,12,2,1,1,252,131,0.0038301532061282453,4,4,49802,49896,180,96,0,0,0,0,0,0,99629,0,0,0,0,0,0,0,0,0,0,367,0,0,0,0,0,0
153,4361,154.0603859996073,99996,11,4,1,1,252,133,0.0038501540061602465,5,2,49801,49896,181,96,0,0,0,0,0,0,99628,0,0,0,0,0,0,0,0,0,0,368,0,0,0,0,0,0
154,4361,155.01525128812924,99996,12,5,1,1,254,134,0.0038801552062082485,3,1,49801,49896,182,96,0,0,0,0,0,0,99627,0,0,0,0,0,0,0,0,0,0,369,0,0,0,0,0,0
155,4361,156.09059206463866,99996,10,4,1,1,255,134,0.003890155606224249,4,3,49799,49894,185,97,0,0,0,0,0,0,99623,0,0,0,0,0,0,0,0,0,0,373,0,0,0,0,0,0
156,4361,157.09142273733795,99996,8,5,1,1,256,136,0.0039201568062722505,4,2,49799,49893,187,98,0,0,0,0,0,0,99619,0,0,0,0,0,0,0,0,0,0,377,0,0,0,0,0,0
157,4361,158.28671818151773,99996,4,4,1,1,258,138,0.003960158406336254,4,2,49799,49891,191,101,0,0,0,0,0,0,99610,0,0,0,0,0,0,0,0,0,0,386,0,0,0,0,0,0
158,4361,159.18449684794905,99996,2,2,1,1,259,139,0.0039801592063682546,4,1,49798,49892,194,103,0,0,0,0,0,0,99604,0,0,0,0,0,0,0,0,0,0,392,0,0,0,0,0,0
159,4361,160.26659049944666,99996,2,2,1,1,259,139,0.0039801592063682546,4,2,49798,49892,194,102,0,0,0,0,0,0,99604,0,0,0,0,0,0,0,0,0,0,392,0,0,0,0,0,0
160,4361,161.28708937968193,99996,1,1,1,1,259,139,0.0039801592063682546,4,2,49798,49892,195,103,0,0,0,0,0,0,99602,0,0,0,0,0,0,0,0,0,0,394,0,0,0,0,0,0
161,4361,162.21525835998258,99996,1,2,1,1,260,140,0.004000160006400256,3,1,49799,49894,195,101,0,0,0,0,0,0,99601,0,0,0,0,0,0,0,0,0,0,395,0,0,0,0,0,0
162,4361,163.108152586795,99996,1,3,1,1,260,141,0.004010160406416257,3,0,49799,49894,195,101,0,0,0,0,0,0,99601,0,0,0,0,0,0,0,0,0,0,395,0,0,0,0,0,0
163,4361,164.12865206151824,99996,1,3,1,1,260,141,0.004010160406416257,3,2,49800,49893,194,100,0,0,0,0,0,0,99601,0,0,0,0,0,0,0,0,0,0,395,0,0,0,0,0,0
164,4361,165.14912527913768,99996,1,3,1,1,260,141,0.004010160406416257,3,2,49802,49894,192,99,0,0,0,0,0,0,99601,0,0,0,0,0,0,0,0,0,0,395,0,0,0,0,0,0
165,4361,166.05032287245848,99996,1,3,1,1,261,141,0.004020160806432257,2,2,49802,49894,193,99,0,0,0,0,0,0,99600,0,0,0,0,0,0,0,0,0,0,396,0,0,0,0,0,0
166,4361,167.02421795600202,99996,2,3,1,1,262,142,0.004040161606464259,2,1,49802,49895,192,99,0,0,0,0,0,0,99599,0,0,0,0,0,0,0,0,0,0,397,0,0,0,0,0,0
167,4361,168.0446494226372,99996,2,3,1,1,262,142,0.004040161606464259,3,1,49801,49896,192,98,0,0,0,0,0,0,99599,0,0,0,0,0,0,0,0,0,0,397,0,0,0,0,0,0
168,4361,169.24889102909157,99996,2,2,1,1,263,142,0.004050162006480259,2,1,49802,49896,192,99,0,0,0,0,0,0,99597,0,0,0,0,0,0,0,0,0,0,399,0,0,0,0,0,0
169,4361,170.08932471284115,99996,3,2,1,1,264,142,0.00406016240649626,1,3,49802,49895,192,98,0,0,0,0,0,0,99597,0,0,0,0,0,0,0,0,0,0,399,0,0,0,0,0,0
170,4361,171.0829162054635,99996,2,2,1,1,264,143,0.00407016280651226,2,2,49802,49895,192,99,0,0,0,0,0,0,99595,0,0,0,0,0,0,0,0,0,0,401,0,0,0,0,0,0
171,4361,172.00464133208763,99996,2,2,1,1,266,145,0.0041101644065762635,1,0,49803,49895,192,101,0,0,0,0,0,0,99591,0,0,0,0,0,0,0,0,0,0,405,0,0,0,0,0,0
172,4361,173.10203284577992,99996,2,1,1,1,267,145,0.004120164806592263,0,0,49804,49895,192,102,0,0,0,0,0,0,99589,0,0,0,0,0,0,0,0,0,0,407,0,0,0,0,0,0
173,4361,174.1224607903014,99996,2,0,1,1,267,145,0.004120164806592263,0,1,49804,49894,192,103,0,0,0,0,0,0,99588,0,0,0,0,0,0,0,0,0,0,408,0,0,0,0,0,0
174,4361,175.27302633518266,99996,2,0,1,1,267,145,0.004120164806592263,1,1,49804,49894,191,103,0,0,0,0,0,0,99588,0,0,0,0,0,0,0,0,0,0,408,0,0,0,0,0,0
175,4361,176.29345076664416,99996,2,0,1,1,267,145,0.004120164806592263,3,1,49803,49894,190,103,0,0,0,0,0,0,99588,0,0,0,0,0,0,0,0,0,0,408,0,0,0,0,0,0
176,4361,177.31387926323106,99996,3,0,1,1,268,145,0.004130165206608264,2,1,49804,49894,189,103,0,0,0,0,0,0,99588,0,0,0,0,0,0,0,0,0,0,408,0,0,0,0,0,0
177,4361,178.0497057870856,99996,4,0,1,1,269,145,0.004140165606624265,1,1,49806,49894,187,103,0,0,0,0,0,0,99588,0,0,0,0,0,0,0,0,0,0,408,0,0,0,0,0,0
178,4361,179.0700563069516,99996,4,0,1,1,269,145,0.004140165606624265,3,1,49805,49894,186,103,0,0,0,0,0,0,99588,0,0,0,0,0,0,0,0,0,0,408,0,0,0,0,0,0
179,4361,180.09041087615125,99996,3,0,1,1,269,145,0.004140165606624265,3,1,49805,49895,187,102,0,0,0,0,0,0,99587,0,0,0,0,0,0,0,0,0,0,409,0,0,0,0,0,0
180,4361,181.0323584770321,99996,2,0,1,1,269,145,0.004140165606624265,4,1,49804,49895,188,102,0,0,0,0,0,0,99586,0,0,0,0,0,0,0,0,0,0,410,0,0,0,0,0,0
181,4361,182.0420045440198,99996,4,0,1,1,271,145,0.004160166406656267,2,1,49804,49896,188,101,0,0,0,0,0,0,99586,0,0,0,0,0,0,0,0,0,0,410,0,0,0,0,0,0
182,4361,183.18370087452405,99996,5,0,1,1,272,145,0.004170166806672267,1,3,49804,49894,188,101,0,0,0,0,0,0,99586,0,0,0,0,0,0,0,0,0,0,410,0,0,0,0,0,0
183,4361,184.2214859864998,99996,5,0,1,1,273,145,0.0041801672066882675,1,3,49805,49894,187,101,0,0,0,0,0,0,99585,0,0,0,0,0,0,0,0,0,0,411,0,0,0,0,0,0
184,4361,185.17223081791235,99996,5,1,1,1,273,146,0.004190167606704268,1,2,49808,49896,184,99,0,0,0,0,0,0,99585,0,0,0,0,0,0,0,0,0,0,411,0,0,0,0,0,0
185,4361,186.1925326925419,99996,4,1,1,1,273,146,0.004190167606704268,1,2,49809,49896,184,99,0,0,0,0,0,0,99584,0,0,0,0,0,0,0,0,0,0,412,0,0,0,0,0,0
186,4361,187.10034776832202,99996,5,2,1,1,274,147,0.004210168406736269,1,1,49808,49897,184,98,0,0,0,0,0,0,99584,0,0,0,0,0,0,0,0,0,0,412,0,0,0,0,0,0
187,4361,188.19283442306175,99996,6,3,1,1,275,148,0.004230169206768271,1,0,49808,49897,183,98,0,0,0,0,0,0,99584,0,0,0,0,0,0,0,0,0,0,412,0,0,0,0,0,0
188,4361,189.29296060675134,99996,6,2,1,1,275,148,0.004230169206768271,2,0,49809,49897,181,99,0,0,0,0,0,0,99583,0,0,0,0,0,0,0,0,0,0,413,0,0,0,0,0,0
189,4361,190.03432821908433,99996,4,2,1,1,275,148,0.004230169206768271,2,0,49810,49897,182,99,0,0,0,0,0,0,99581,0,0,0,0,0,0,0,0,0,0,415,0,0,0,0,0,0
190,4361,191.02130274864476,99996,5,2,1,1,277,148,0.004250170006800272,1,1,49809,49897,183,98,0,0,0,0,0,0,99580,0,0,0,0,0,0,0,0,0,0,416,0,0,0,0,0,0
191,4361,192.31276790446728,99996,5,3,1,1,278,149,0.004270170806832273,0,0,49810,49897,183,98,0,0,0,0,0,0,99579,0,0,0,0,0,0,0,0,0,0,417,0,0,0,0,0,0
192,4361,193.33303584931747,99996,5,3,1,1,278,149,0.004270170806832273,0,1,49810,49896,183,98,0,0,0,0,0,0,99579,0,0,0,0,0,0,0,0,0,0,417,0,0,0,0,0,0
193,4361,194.3188356693147,99996,5,3,1,1,279,150,0.004290171606864275,1,0,49808,49897,184,98,0,0,0,0,0,0,99577,0,0,0,0,0,0,0,0,0,0,419,0,0,0,0,0,0
194,4361,195.19100415610004,99996,5,3,1,1,279,150,0.004290171606864275,1,1,49808,49896,184,98,0,0,0,0,0,0,99577,0,0,0,0,0,0,0,0,0,0,419,0,0,0,0,0,0
195,4361,196.21129029203527,99996,5,3,1,1,279,150,0.004290171606864275,3,1,49807,49896,183,98,0,0,0,0,0,0,99577,0,0,0,0,0,0,0,0,0,0,419,0,0,0,0,0,0
196,4361,197.23157548902466,99996,4,3,1,1,279,150,0.004290171606864275,3,1,49808,49898,183,96,0,0,0,0,0,0,99576,0,0,0,0,0,0,0,0,0,0,420,0,0,0,0,0,0
197,4361,198.31871887889506,99996,5,3,1,1,280,150,0.0043001720068802755,4,1,49807,49899,182,95,0,0,0,0,0,0,99576,0,0,0,0,0,0,0,0,0,0,420,0,0,0,0,0,0
198,4361,199.1869734371238,99996,6,3,1,1,281,151,0.004320172806912276,4,0,49806,49899,182,96,0,0,0,0,0,0,99575,0,0,0,0,0,0,0,0,0,0,421,0,0,0,0,0,0
199,4361,200.14906120447432,99996,7,3,1,1,283,151,0.004340173606944278,2,0,49806,49899,183,96,0,0,0,0,0,0,99574,0,0,0,0,0,0,0,0,0,0,422,0,0,0,0,0,0
200,4361,201.11790377343024,99996,7,3,1,1,284,151,0.004350174006960279,4,2,49803,49898,184,95,0,0,0,0,0,0,99573,0,0,0,0,0,0,0,0,0,0,423,0,0,0,0,0,0
201,4361,202.10596642872278,99996,7,3,1,1,285,151,0.004360174406976279,4,2,49802,49898,185,95,0,0,0,0,0,0,99572,0,0,0,0,0,0,0,0,0,0,424,0,0,0,0,0,0
202,4361,203.02374456453612,99996,8,2,1,1,286,151,0.0043701748069922795,7,2,49798,49898,185,96,0,0,0,0,0,0,99571,0,0,0,0,0,0,0,0,0,0,425,0,0,0,0,0,0
203,4361,204.0610136039594,99996,6,3,1,1,288,152,0.004400176007040282,9,1,49794,49898,189,96,0,0,0,0,0,0,99567,0,0,0,0,0,0,0,0,0,0,429,0,0,0,0,0,0
204,4361,205.03261141444506,99996,8,3,1,1,292,152,0.004440177607104284,6,1,49795,49899,189,95,0,0,0,0,0,0,99565,0,0,0,0,0,0,0,0,0,0,431,0,0,0,0,0,0
205,4361,206.11777419960583,99996,4,3,1,1,292,152,0.004440177607104284,7,2,49794,49898,193,95,0,0,0,0,0,0,99561,0,0,0,0,0,0,0,0,0,0,435,0,0,0,0,0,0
206,4361,207.21769495076455,99996,2,2,1,1,292,152,0.004440177607104284,7,2,49794,49899,195,95,0,0,0,0,0,0,99558,0,0,0,0,0,0,0,0,0,0,438,0,0,0,0,0,0
207,4361,208.00376261082533,99996,3,2,1,1,293,152,0.004450178007120285,6,2,49794,49899,195,95,0,0,0,0,0,0,99558,0,0,0,0,0,0,0,0,0,0,438,0,0,0,0,0,0
208,4361,209.1361555266101,99996,5,3,1,1,295,153,0.004480179207168287,5,1,49793,49899,195,95,0,0,0,0,0,0,99558,0,0,0,0,0,0,0,0,0,0,438,0,0,0,0,0,0
209,4361,210.00867473203726,99996,5,2,1,1,295,153,0.004480179207168287,5,1,49794,49899,194,96,0,0,0,0,0,0,99557,0,0,0,0,0,0,0,0,0,0,439,0,0,0,0,0,0
210,4361,211.06230746392555,99996,5,3,1,1,296,154,0.0045001800072002884,4,0,49796,49899,193,96,0,0,0,0,0,0,99556,0,0,0,0,0,0,0,0,0,0,440,0,0,0,0,0,0
211,4361,212.08674431565206,99996,7,3,1,1,298,154,0.004520180807232289,2,0,49796,49899,193,96,0,0,0,0,0,0,99556,0,0,0,0,0,0,0,0,0,0,440,0,0,0,0,0,0
212,4361,213.08740011205126,99996,7,3,1,1,299,154,0.00453018120724829,1,0,49797,49900,193,95,0,0,0,0,0,0,99555,0,0,0,0,0,0,0,0,0,0,441,0,0,0,0,0,0
213,4361,214.29486408563287,99996,6,3,1,1,299,154,0.00453018120724829,2,0,49799,49900,191,95,0,0,0,0,0,0,99554,0,0,0,0,0,0,0,0,0,0,442,0,0,0,0,0,0
214,4361,215.31772323177677,99996,7,2,1,1,300,154,0.004540181607264291,3,0,49797,49900,191,96,0,0,0,0,0,0,99553,0,0,0,0,0,0,0,0,0,0,443,0,0,0,0,0,0
215,4361,216.04959280995325,99996,5,2,1,1,301,154,0.004550182007280291,5,1,49795,49899,193,96,0,0,0,0,0,0,99551,0,0,1,0,0,0,0,0,0,0,444,0,0,0,0,0,0
216,4361,217.12342172873383,99996,3,2,1,1,301,154,0.004550182007280291,5,1,49795,49899,195,96,0,0,0,0,0,0,99549,0,0,1,0,0,0,0,0,0,0,446,0,0,0,0,0,0
217,4361,218.021237330735,99996,3,4,1,1,302,156,0.004580183207328293,5,0,49795,49898,195,96,0,0,0,0,0,0,99548,0,0,1,0,0,0,0,0,0,0,447,0,0,0,0,0,0
218,4361,219.01386742218102,99996,3,3,1,1,303,156,0.004590183607344294,4,0,49795,49898,196,97,0,0,0,0,0,0,99546,0,0,1,0,0,0,0,0,0,0,449,0,0,0,0,0,0
219,4361,220.2193686045663,99996,3,1,1,1,304,156,0.004600184007360294,3,0,49795,49898,197,99,0,0,0,0,0,0,99543,0,0,1,0,0,0,0,0,0,0,452,0,0,0,0,0,0
220,4361,221.10759255078625,99996,4,1,1,1,305,156,0.004610184407376295,3,0,49795,49900,196,97,0,0,0,0,0,0,99543,0,0,1,0,0,0,0,0,0,0,452,0,0,0,0,0,0
221,4361,222.26198664857364,99996,4,1,1,1,306,156,0.004620184807392296,4,2,49793,49898,197,97,0,0,0,0,0,0,99542,0,0,1,0,0,0,0,0,0,0,453,0,0,0,0,0,0
222,4361,223.24441551496494,99996,3,2,1,1,306,157,0.0046301852074082965,4,1,49795,49898,196,97,0,0,0,0,0,0,99541,0,0,1,0,0,0,0,0,0,0,454,0,0,0,0,0,0
223,4361,224.04477018016408,99996,4,2,1,1,307,157,0.004640185607424297,3,2,49795,49899,196,95,0,0,0,0,0,0,99541,0,0,1,0,0,0,0,0,0,0,454,0,0,0,0,0,0
224,4361,225.28374027208224,99996,4,2,1,1,308,157,0.004650186007440297,2,2,49795,49899,197,95,0,0,0,0,0,0,99540,0,0,1,0,0,0,0,0,0,0,455,0,0,0,0,0,0
225,4361,226.23031890082302,99996,5,4,1,1,309,159,0.0046801872074883,1,2,49795,49897,197,95,0,0,0,0,0,0,99540,0,0,1,0,0,0,0,0,0,0,455,0,0,0,0,0,0
226,4361,227.2234179527659,99996,3,3,1,1,309,159,0.0046801872074883,1,2,49796,49897,198,96,0,0,0,0,0,0,99537,0,0,1,0,0,0,0,0,0,0,458,0,0,0,0,0,0
227,4361,228.08563546782506,99996,2,4,1,1,309,160,0.0046901876075043005,1,1,49797,49897,198,96,0,0,0,0,0,0,99536,0,0,1,0,0,0,0,0,0,0,459,0,0,0,0,0,0
228,4361,229.23039507723246,99996,3,3,1,1,310,161,0.004710188407536301,1,0,49796,49897,198,98,0,0,0,0,0,0,99534,0,0,1,0,0,0,0,0,0,0,461,0,0,0,0,0,0
229,4361,230.01871474481842,99996,2,2,1,1,310,161,0.004710188407536301,1,0,49796,49897,199,99,0,0,0,0,0,0,99532,0,0,1,0,0,0,0,0,0,0,463,0,0,0,0,0,0
230,4361,231.03929275728785,99996,2,2,1,1,310,161,0.004710188407536301,1,0,49796,49897,199,99,0,0,0,0,0,0,99532,0,0,1,0,0,0,0,0,0,0,463,0,0,0,0,0,0
231,4361,232.0598639241634,99996,3,2,1,1,311,161,0.004720188807552302,0,0,49797,49897,198,99,0,0,0,0,0,0,99532,0,0,1,0,0,0,0,0,0,0,463,0,0,0,0,0,0
232,4361,233.0048335146889,99996,2,2,1,1,311,161,0.004720188807552302,0,0,49797,49897,199,99,0,0,0,0,0,0,99531,0,0,1,0,0,0,0,0,0,0,464,0,0,0,0,0,0
233,4361,234.0254008712689,99996,1,1,1,1,311,161,0.004720188807552302,0,0,49798,49897,199,100,0,0,0,0,0,0,99529,0,0,1,0,0,0,0,0,0,0,466,0,0,0,0,0,0
234,4361,235.15131779662113,99996,0,0,1,1,311,161,0.004720188807552302,0,0,49799,49897,199,101,0,0,0,0,0,0,99527,0,0,1,0,0,0,0,0,0,0,468,0,0,0,0,0,0
235,4361,236.1718778574103,99996,0,0,1,1,311,161,0.004720188807552302,0,0,49799,49898,199,100,0,0,0,0,0,0,99527,0,0,1,0,0,0,0,0,0,0,468,0,0,0,0,0,0
236,4361,237.19243789019214,99996,0,0,1,1,311,161,0.004720188807552302,0,0,49799,49898,199,100,0,0,0,0,0,0,99527,0,0,1,0,0,0,0,0,0,0,468,0,0,0,0,0,0
237,4361,238.21299792297398,99996,0,0,1,1,311,161,0.004720188807552302,0,0,49799,49898,199,100,0,0,0,0,0,0,99527,0,0,1,0,0,0,0,0,0,0,468,0,0,0,0,0,0
238,4361,239.23355795575583,99996,0,0,1,1,311,161,0.004720188807552302,0,0,49799,49900,199,98,0,0,0,0,0,0,99527,0,0,1,0,0,0,0,0,0,0,468,0,0,0,0,0,0
239,4361,240.2541179045158,99996,0,0,1,1,311,161,0.004720188807552302,0,0,49799,49900,199,98,0,0,0,0,0,0,99527,0,0,1,0,0,0,0,0,0,0,468,0,0,0,0,0,0
240,4361,241.27467100821517,99996,0,0,1,1,311,161,0.004720188807552302,0,0,49800,49900,198,98,0,0,0,0,0,0,99527,0,0,1,0,0,0,0,0,0,0,468,0,0,0,0,0,0
241,4361,242.29520357700764,99996,0,0,1,1,311,161,0.004720188807552302,0,0,49802,49900,196,98,0,0,0,0,0,0,99527,0,0,1,0,0,0,0,0,0,0,468,0,0,0,0,0,0
242,4361,243.3157019226963,99996,0,0,1,1,311,161,0.004720188807552302,0,0,49802,49902,196,96,0,0,0,0,0,0,99527,0,0,1,0,0,0,0,0,0,0,468,0,0,0,0,0,0
243,4361,244.3362001983709,99996,0,0,1,1,311,161,0.004720188807552302,0,0,49802,49902,196,96,0,0,0,0,0,0,99527,0,0,1,0,0,0,0,0,0,0,468,0,0,0,0,0,0
244,4361,245.01653237281877,99996,0,0,1,1,311,161,0.004720188807552302,0,0,49803,49902,195,96,0,0,0,0,0,0,99527,0,0,1,0,0,0,0,0,0,0,468,0,0,0,0,0,0
245,4361,246.0370169320173,99996,0,0,1,1,311,161,0.004720188807552302,0,0,49803,49903,195,95,0,0,0,0,0,0,99527,0,0,1,0,0,0,0,0,0,0,468,0,0,0,0,0,0
246,4361,247.05749461897543,99996,0,0,1,1,311,161,0.004720188807552302,0,0,49803,49903,195,95,0,0,0,0,0,0,99527,0,0,1,0,0,0,0,0,0,0,468,0,0,0,0,0,0
247,4361,248.07796546197326,99996,0,0,1,1,311,161,0.004720188807552302,0,0,49807,49903,191,95,0,0,0,0,0,0,99527,0,0,1,0,0,0,0,0,0,0,468,0,0,0,0,0,0
248,4361,249.09837471290146,99996,0,0,1,1,311,161,0.004720188807552302,0,0,49807,49903,191,95,0,0,0,0,0,0,99527,0,0,1,0,0,0,0,0,0,0,468,0,0,0,0,0,0
249,4361,250.11877027728323,99996,0,0,1,1,311,161,0.004720188807552302,0,0,49808,49903,190,95,0,0,0,0,0,0,99527,0,0,1,0,0,0,0,0,0,0,468,0,0,0,0,0,0
250,4361,251.13915215594292,99996,0,0,1,1,311,161,0.004720188807552302,0,0,49808,49904,190,94,0,0,0,0,0,0,99527,0,0,1,0,0,0,0,0,0,0,468,0,0,0,0,0,0
251,4361,252.15952032115334,99996,0,0,1,1,311,161,0.004720188807552302,0,0,49809,49904,189,94,0,0,0,0,0,0,99527,0,0,1,0,0,0,0,0,0,0,468,0,0,0,0,0,0
252,4361,253.17987478719067,99996,0,0,1,1,311,161,0.004720188807552302,0,0,49809,49905,189,93,0,0,0,0,0,0,99527,0,0,1,0,0,0,0,0,0,0,468,0,0,0,0,0,0
253,4361,254.20022921122546,99996,0,0,1,1,311,161,0.004720188807552302,0,0,49809,49905,189,93,0,0,0,0,0,0,99527,0,0,1,0,0,0,0,0,0,0,468,0,0,0,0,0,0
254,4361,255.22058363526025,99996,0,0,1,1,311,161,0.004720188807552302,0,0,49809,49905,189,93,0,0,0,0,0,0,99527,0,0,1,0,0,0,0,0,0,0,468,0,0,0,0,0,0
255,4361,256.24093121698405,99996,0,0,1,1,311,161,0.004720188807552302,0,0,49810,49905,188,93,0,0,0,0,0,0,99527,0,0,1,0,0,0,0,0,0,0,468,0,0,0,0,0,0
256,4361,257.26126511408586,99996,0,0,1,1,311,161,0.004720188807552302,0,0,49811,49905,187,93,0,0,0,0,0,0,99527,0,0,1,0,0,0,0,0,0,0,468,0,0,0,0,0,0
257,4361,258.28158532711524,99996,0,0,1,1,311,161,0.004720188807552302,0,0,49811,49905,187,93,0,0,0,0,0,0,99527,0,0,1,0,0,0,0,0,0,0,468,0,0,0,0,0,0
258,4361,259.3018986981084,99996,0,0,1,1,311,161,0.004720188807552302,0,0,49811,49906,187,92,0,0,0,0,0,0,99527,0,0,1,0,0,0,0,0,0,0,468,0,0,0,0,0,0
259,4361,260.3222120271008,99996,0,0,1,1,311,161,0.004720188807552302,0,0,49811,49906,187,92,0,0,0,0,0,0,99527,0,0,1,0,0,0,0,0,0,0,468,0,0,0,0,0,0
260,4361,261.00242091309576,99996,0,0,1,1,311,161,0.004720188807552302,0,0,49811,49906,187,92,0,0,0,0,0,0,99527,0,0,1,0,0,0,0,0,0,0,468,0,0,0,0,0,0
261,4361,262.0227342420882,99996,0,0,1,1,311,161,0.004720188807552302,0,0,49811,49906,187,92,0,0,0,0,0,0,99527,0,0,1,0,0,0,0,0,0,0,468,0,0,0,0,0,0
262,4361,263.0430475710806,99996,0,0,1,1,311,161,0.004720188807552302,0,0,49811,49906,187,92,0,0,0,0,0,0,99527,0,0,1,0,0,0,0,0,0,0,468,0,0,0,0,0,0
263,4361,264.06335405831175,99996,0,0,1,1,311,161,0.004720188807552302,0,0,49812,49906,186,92,0,0,0,0,0,0,99527,0,0,1,0,0,0,0,0,0,0,468,0,0,0,0,0,0
264,4361,265.0836468620204,99996,0,0,1,1,311,161,0.004720188807552302,0,0,49812,49906,186,92,0,0,0,0,0,0,99527,0,0,1,0,0,0,0,0,0,0,468,0,0,0,0,0,0
265,4361,266.103939665729,99996,0,0,1,1,311,161,0.004720188807552302,0,0,49814,49906,184,92,0,0,0,0,0,0,99527,0,0,1,0,0,0,0,0,0,0,468,0,0,0,0,0,0
266,4361,267.1242051040408,99996,0,0,1,1,311,161,0.004720188807552302,0,0,49814,49906,184,92,0,0,0,0,0,0,99527,0,0,1,0,0,0,0,0,0,0,468,0,0,0,0,0,0
267,4361,268.1444568596542,99996,0,0,1,1,311,161,0.004720188807552302,0,0,49814,49906,184,92,0,0,0,0,0,0,99527,0,0,1,0,0,0,0,0,0,0,468,0,0,0,0,0,0
268,4361,269.1647017743304,99996,0,0,1,1,311,161,0.004720188807552302,0,0,49815,49906,183,92,0,0,0,0,0,0,99527,0,0,1,0,0,0,0,0,0,0,468,0,0,0,0,0,0
269,4361,270.1849330071322,99996,0,0,1,1,311,161,0.004720188807552302,0,0,49816,49907,182,91,0,0,0,0,0,0,99527,0,0,1,0,0,0,0,0,0,0,468,0,0,0,0,0,0
270,4361,271.20515051661215,99996,0,0,1,1,311,161,0.004720188807552302,0,0,49816,49907,182,91,0,0,0,0,0,0,99527,0,0,1,0,0,0,0,0,0,0,468,0,0,0,0,0,0
271,4361,272.22536118542985,99996,0,0,1,1,311,161,0.004720188807552302,0,0,49816,49907,182,91,0,0,0,0,0,0,99527,0,0,1,0,0,0,0,0,0,0,468,0,0,0,0,0,0
272,4361,273.24557185424754,99996,0,0,1,1,311,161,0.004720188807552302,0,0,49817,49907,181,91,0,0,0,0,0,0,99527,0,0,1,0,0,0,0,0,0,0,468,0,0,0,0,0,0
273,4361,274.26576884228996,99996,0,0,1,1,311,161,0.004720188807552302,0,0,49818,49907,180,91,0,0,0,0,0,0,99527,0,0,1,0,0,0,0,0,0,0,468,0,0,0,0,0,0
274,4361,275.2859384556073,99996,0,0,1,1,311,161,0.004720188807552302,0,0,49819,49909,179,89,0,0,0,0,0,0,99527,0,0,1,0,0,0,0,0,0,0,468,0,0,0,0,0,0
275,4361,276.3060943332557,99996,0,0,1,1,311,161,0.004720188807552302,0,0,49821,49909,177,89,0,0,0,0,0,0,99527,0,0,1,0,0,0,0,0,0,0,468,0,0,0,0,0,0
276,4361,277.3262091598007,99996,0,0,1,1,311,161,0.004720188807552302,0,0,49822,49909,176,89,0,0,0,0,0,0,99527,0,0,1,0,0,0,0,0,0,0,468,0,0,0,0,0,0
277,4361,278.00627431229077,99996,0,0,1,1,311,161,0.004720188807552302,0,0,49822,49909,176,89,0,0,0,0,0,0,99527,0,0,1,0,0,0,0,0,0,0,468,0,0,0,0,0,0
278,4361,279.02636178250464,99996,0,0,1,1,311,161,0.004720188807552302,0,0,49822,49909,176,89,0,0,0,0,0,0,99527,0,0,1,0,0,0,0,0,0,0,468,0,0,0,0,0,0
279,4361,280.0464492527185,99996,0,0,1,1,311,161,0.004720188807552302,0,0,49822,49909,176,89,0,0,0,0,0,0,99527,0,0,1,0,0,0,0,0,0,0,468,0,0,0,0,0,0
280,4361,281.06653672293237,99996,0,0,1,1,311,161,0.004720188807552302,0,0,49824,49910,174,88,0,0,0,0,0,0,99527,0,0,1,0,0,0,0,0,0,0,468,0,0,0,0,0,0
281,4361,282.08658311954207,99996,0,0,1,1,311,161,0.004720188807552302,0,0,49824,49910,174,88,0,0,0,0,0,0,99527,0,0,1,0,0,0,0,0,0,0,468,0,0,0,0,0,0
282,4361,283.10662951615177,99996,0,0,1,1,311,161,0.004720188807552302,0,0,49825,49911,173,87,0,0,0,0,0,0,99527,0,0,1,0,0,0,0,0,0,0,468,0,0,0,0,0,0
283,4361,284.1266553701978,99996,0,0,1,1,311,161,0.004720188807552302,0,0,49827,49912,171,86,0,0,0,0,0,0,99527,0,0,1,0,0,0,0,0,0,0,468,0,0,0,0,0,0
284,4361,285.1466538311426,99996,0,0,1,1,311,161,0.004720188807552302,0,0,49827,49912,171,86,0,0,0,0,0,0,99527,0,0,1,0,0,0,0,0,0,0,468,0,0,0,0,0,0
285,4361,286.1666385885392,99996,0,0,1,1,311,161,0.004720188807552302,0,0,49827,49913,171,85,0,0,0,0,0,0,99527,0,0,1,0,0,0,0,0,0,0,468,0,0,0,0,0,0
286,4361,287.1866233179441,99996,0,0,1,1,311,161,0.004720188807552302,0,0,49827,49913,171,85,0,0,0,0,0,0,99527,0,0,1,0,0,0,0,0,0,0,468,0,0,0,0,0,0
287,4361,288.20660804734905,99996,0,0,1,1,311,161,0.004720188807552302,0,0,49828,49913,170,85,0,0,0,0,0,0,99527,0,0,1,0,0,0,0,0,0,0,468,0,0,0,0,0,0
288,4361,289.2265722646558,99996,0,0,1,1,311,161,0.004720188807552302,0,0,49829,49913,169,85,0,0,0,0,0,0,99527,0,0,1,0,0,0,0,0,0,0,468,0,0,0,0,0,0
289,4361,290.24652280777923,99996,0,0,1,1,311,161,0.004720188807552302,0,0,49829,49913,169,85,0,0,0,0,0,0,99527,0,0,1,0,0,0,0,0,0,0,468,0,0,0,0,0,0
290,4361,291.26646651381105,99996,0,0,1,1,311,161,0.004720188807552302,0,0,49830,49913,168,85,0,0,0,0,0,0,99527,0,0,1,0,0,0,0,0,0,0,468,0,0,0,0,0,0
291,4361,292.2863965462084,99996,0,0,1,1,311,161,0.004720188807552302,0,0,49830,49914,168,84,0,0,0,0,0,0,99527,0,0,1,0,0,0,0,0,0,0,468,0,0,0,0,0,0
292,4361,293.30631971379853,99996,0,0,1,1,311,161,0.004720188807552302,0,0,49832,49914,166,84,0,0,0,0,0,0,99527,0,0,1,0,0,0,0,0,0,0,468,0,0,0,0,0,0
293,4361,294.32620868522974,99996,0,0,1,1,311,161,0.004720188807552302,0,0,49832,49914,166,84,0,0,0,0,0,0,99527,0,0,1,0,0,0,0,0,0,0,468,0,0,0,0,0,0
294,4361,295.00613010867175,99996,0,0,1,1,311,161,0.004720188807552302,0,0,49832,49914,166,84,0,0,0,0,0,0,99527,0,0,1,0,0,0,0,0,0,0,468,0,0,0,0,0,0
295,4361,296.02601224383477,99996,0,0,1,1,311,161,0.004720188807552302,0,0,49832,49915,166,83,0,0,0,0,0,0,99527,0,0,1,0,0,0,0,0,0,0,468,0,0,0,0,0,0
296,4361,297.0458943370146,99996,0,0,1,1,311,161,0.004720188807552302,0,0,49832,49915,166,83,0,0,0,0,0,0,99527,0,0,1,0,0,0,0,0,0,0,468,0,0,0,0,0,0
297,4361,298.06577643019443,99996,0,0,1,1,311,161,0.004720188807552302,0,0,49832,49916,166,82,0,0,0,0,0,0,99527,0,0,1,0,0,0,0,0,0,0,468,0,0,0,0,0,0
298,4361,299.0856584953856,99996,0,0,1,1,311,161,0.004720188807552302,0,0,49834,49917,164,81,0,0,0,0,0,0,99527,0,0,1,0,0,0,0,0,0,0,468,0,0,0,0,0,0
299,4361,300.10550633917717,99996,0,0,1,1,311,161,0.004720188807552302,0,0,49834,49917,164,81,0,0,0,0,0,0,99527,0,0,1,0,0,0,0,0,0,0,468,0,0,0,0,0,0
300,4361,301.125347333256,99996,0,0,1,1,311,161,0.004720188807552302,0,0,49834,49917,164,81,0,0,0,0,0,0,99527,0,0,1,0,0,0,0,0,0,0,468,0,0,0,0,0,0
301,4361,302.14518832733484,99996,0,0,1,1,311,161,0.004720188807552302,0,0,49835,49918,163,80,0,0,0,0,0,0,99527,0,0,1,0,0,0,0,0,0,0,468,0,0,0,0,0,0
302,4361,303.1650156225381,99996,0,0,1,1,311,161,0.004720188807552302,0,0,49835,49918,163,80,0,0,0,0,0,0,99527,0,0,1,0,0,0,0,0,0,0,468,0,0,0,0,0,0
303,4361,304.1848360683035,99996,0,0,1,1,311,161,0.004720188807552302,0,0,49835,49919,163,79,0,0,0,0,0,0,99527,0,0,1,0,0,0,0,0,0,0,468,0,0,0,0,0,0
304,4361,305.2046564860819,99996,0,0,1,1,311,161,0.004720188807552302,0,0,49836,49919,162,79,0,0,0,0,0,0,99527,0,0,1,0,0,0,0,0,0,0,468,0,0,0,0,0,0
305,4361,306.2244495494634,99996,0,0,1,1,311,161,0.004720188807552302,0,0,49837,49919,161,79,0,0,0,0,0,0,99527,0,0,1,0,0,0,0,0,0,0,468,0,0,0,0,0,0
306,4361,307.2442289430547,99996,0,0,1,1,311,161,0.004720188807552302,0,0,49837,49919,161,79,0,0,0,0,0,0,99527,0,0,1,0,0,0,0,0,0,0,468,0,0,0,0,0,0
307,4361,308.264008322653,99996,0,0,1,1,311,161,0.004720188807552302,0,0,49837,49920,161,78,0,0,0,0,0,0,99527,0,0,1,0,0,0,0,0,0,0,468,0,0,0,0,0,0
308,4361,309.2837876742654,99996,0,0,1,1,311,161,0.004720188807552302,0,0,49839,49920,159,78,0,0,0,0,0,0,99527,0,0,1,0,0,0,0,0,0,0,468,0,0,0,0,0,0
309,4361,310.3035191849054,99996,0,0,1,1,311,161,0.004720188807552302,0,0,49840,49920,158,78,0,0,0,0,0,0,99527,0,0,1,0,0,0,0,0,0,0,468,0,0,0,0,0,0
310,4361,311.3232370274014,99996,0,0,1,1,311,161,0.004720188807552302,0,0,49840,49920,158,78,0,0,0,0,0,0,99527,0,0,1,0,0,0,0,0,0,0,468,0,0,0,0,0,0
311,4361,312.0030489223987,99996,0,0,1,1,311,161,0.004720188807552302,0,0,49842,49920,156,78,0,0,0,0,0,0,99527,0,0,1,0,0,0,0,0,0,0,468,0,0,0,0,0,0
312,4361,313.02273258246265,99996,0,0,1,1,311,161,0.004720188807552302,0,0,49842,49921,156,77,0,0,0,0,0,0,99527,0,0,1,0,0,0,0,0,0,0,468,0,0,0,0,0,0
313,4361,314.0424093810199,99996,0,0,1,1,311,161,0.004720188807552302,0,0,49842,49921,156,77,0,0,0,0,0,0,99527,0,0,1,0,0,0,0,0,0,0,468,0,0,0,0,0,0
314,4361,315.0620861795772,99996,0,0,1,1,311,161,0.004720188807552302,0,0,49842,49922,156,76,0,0,0,0,0,0,99527,0,0,1,0,0,0,0,0,0,0,468,0,0,0,0,0,0
315,4361,316.08176293615963,99996,0,0,1,1,311,161,0.004720188807552302,0,0,49843,49922,155,76,0,0,0,0,0,0,99527,0,0,1,0,0,0,0,0,0,0,468,0,0,0,0,0,0
316,4361,317.1014191929957,99996,0,0,1,1,311,161,0.004720188807552302,0,0,49843,49922,155,76,0,0,0,0,0,0,99527,0,0,1,0,0,0,0,0,0,0,468,0,0,0,0,0,0
317,4361,318.1210754498318,99996,0,0,1,1,311,161,0.004720188807552302,0,0,49843,49922,155,76,0,0,0,0,0,0,99527,0,0,1,0,0,0,0,0,0,0,468,0,0,0,0,0,0
318,4361,319.14073170666785,99996,0,0,1,1,311,161,0.004720188807552302,0,0,49843,49922,155,76,0,0,0,0,0,0,99527,0,0,1,0,0,0,0,0,0,0,468,0,0,0,0,0,0
319,4361,320.1603879635039,99996,0,0,1,1,311,161,0.004720188807552302,0,0,49842,49921,155,76,1,1,1,1,0,0,99525,0,0,1,0,0,0,0,0,0,2,468,0,0,0,0,0,0
320,4361,321.3028624145316,99996,0,0,1,1,311,161,0.004720188807552302,0,0,49841,49920,155,76,2,2,2,2,0,0,99523,0,0,1,0,0,0,0,0,0,4,468,0,0,0,0,0,0
321,4361,322.26010517203133,99996,0,0,1,1,311,161,0.004720188807552302,0,0,49841,49919,154,76,3,3,3,3,0,0,99521,0,0,1,0,0,0,0,0,0,6,468,0,0,0,0,0,0
322,4361,323.04329905889125,99996,0,0,1,1,311,161,0.004720188807552302,0,0,49840,49918,154,76,4,4,4,4,0,0,99519,0,0,1,0,0,0,0,0,0,8,468,0,0,0,0,0,0
323,4361,324.0025611147581,99996,0,0,1,1,311,161,0.004720188807552302,0,0,49839,49918,154,75,5,5,5,5,0,0,99517,0,0,1,0,0,0,0,0,0,10,468,0,0,0,0,0,0
324,4361,325.03185843230943,99996,0,0,1,1,311,161,0.004720188807552302,0,0,49840,49917,152,75,6,6,6,6,0,0,99515,0,0,1,0,0,0,0,0,0,12,468,0,0,0,0,0,0
325,4361,326.0366008448258,99996,0,0,1,1,311,161,0.004720188807552302,0,0,49840,49915,151,75,7,8,8,7,0,0,99513,0,0,1,0,0,0,0,0,0,14,467,1,0,0,0,0,0
326,4361,327.0284714331428,99996,0,0,1,1,311,161,0.004720188807552302,0,0,49840,49913,150,75,8,10,10,8,0,0,99510,0,0,1,0,0,0,0,0,0,17,467,1,0,0,0,0,0
327,4361,328.0974679568727,99996,0,0,1,1,311,161,0.004720188807552302,0,0,49839,49912,150,74,9,12,12,9,0,0,99507,0,0,1,0,0,0,0,0,0,20,467,1,0,0,0,0,0
328,4361,329.07113598184657,99996,0,0,1,1,311,161,0.004720188807552302,0,0,49838,49909,150,74,10,15,15,10,0,0,99503,0,0,1,0,0,0,0,0,0,24,467,1,0,0,0,0,0
329,4361,330.0999614400682,99996,0,0,1,1,311,161,0.004720188807552302,0,0,49837,49906,150,74,11,18,18,11,0,0,99499,0,0,1,0,0,0,0,0,0,28,467,1,0,0,0,0,0
330,4361,331.0510373422323,99996,0,0,1,1,311,161,0.004720188807552302,0,0,49837,49902,149,74,12,22,22,12,0,0,99494,0,0,1,0,0,0,0,0,0,33,467,1,0,0,0,0,0
331,4361,332.06865050033156,99996,0,0,1,1,311,161,0.004720188807552302,0,0,49838,49897,148,74,12,27,27,13,0,0,99488,0,0,1,0,0,0,0,0,0,39,467,1,0,0,0,0,0
332,4361,333.0358805326064,99996,0,0,1,1,311,161,0.004720188807552302,0,0,49837,49892,148,74,13,32,32,14,0,0,99482,0,0,1,0,0,0,0,0,0,45,467,1,0,0,0,0,0
333,4361,334.0756433474353,99996,0,0,1,1,311,161,0.004720188807552302,0,0,49836,49886,148,74,14,38,38,15,0,0,99475,0,0,1,0,0,0,0,0,0,52,467,1,0,0,0,0,0
334,4361,335.01856538257215,99996,0,0,1,1,311,161,0.004720188807552302,0,0,49835,49880,148,74,15,44,45,16,0,0,99467,0,0,1,0,0,0,0,0,0,60,467,1,0,0,0,0,0
335,4361,336.0404433946323,99996,0,0,1,1,311,161,0.004720188807552302,0,0,49834,49872,148,74,16,52,53,17,0,0,99458,0,0,1,0,0,0,0,0,0,69,467,1,0,0,0,0,0
336,4361,337.0194773114376,99996,0,0,1,1,311,161,0.004720188807552302,0,0,49833,49863,148,74,17,61,62,18,0,0,99448,0,0,1,0,0,0,0,0,0,79,467,1,0,0,0,0,0
337,4361,338.1460619657163,99996,0,0,1,1,311,161,0.004720188807552302,0,0,49835,49853,145,74,18,71,72,19,0,0,99437,0,0,1,0,0,0,0,0,0,90,467,1,0,0,0,0,0
338,4361,339.01920559605634,99996,0,0,1,1,311,161,0.004720188807552302,0,0,49836,49842,143,74,19,82,83,20,0,0,99425,0,0,1,0,0,0,0,0,0,102,467,1,0,0,0,0,0
339,4361,340.0957070409432,99996,0,0,1,1,311,161,0.004720188807552302,0,0,49837,49830,141,74,20,94,95,21,0,0,99413,0,0,1,0,0,0,0,0,0,114,466,2,0,0,0,0,0
340,4361,341.01044039396976,99996,0,0,1,1,311,161,0.004720188807552302,0,0,49837,49817,140,74,21,107,108,22,0,0,99399,0,0,1,0,0,0,0,0,0,128,466,2,0,0,0,0,0
341,4361,342.034396988413,99996,0,0,1,1,311,161,0.004720188807552302,0,0,49835,49803,140,74,23,121,122,24,0,0,99383,0,0,1,0,0,0,0,0,0,144,466,2,0,0,0,0,0
342,4361,343.0542083819228,99996,0,0,1,1,311,161,0.004720188807552302,0,0,49836,49789,138,74,24,135,137,26,0,0,99366,0,0,1,0,0,0,0,0,0,161,466,2,0,0,0,0,0
343,4361,344.074006692742,99996,0,0,1,1,311,161,0.004720188807552302,0,0,49835,49772,137,74,26,152,154,28,0,0,99348,0,0,1,0,0,0,0,0,0,179,465,3,0,0,0,0,0
344,4361,345.09382619457926,99996,0,0,1,1,311,161,0.004720188807552302,0,0,49833,49754,137,74,28,170,172,30,0,0,99328,0,0,1,0,0,0,0,0,0,199,465,3,0,0,0,0,0
345,4361,346.1136806157886,99996,0,0,1,1,311,161,0.004720188807552302,0,0,49832,49734,136,74,30,190,192,32,0,0,99306,0,0,1,0,0,0,0,0,0,221,465,3,0,0,0,0,0
346,4361,347.1335563422297,99996,0,0,1,1,311,161,0.004720188807552302,0,0,49830,49715,136,73,32,210,213,34,0,0,99283,0,0,1,0,0,0,0,0,0,244,465,3,0,0,0,0,0
347,4361,348.1534738700035,99996,0,0,1,1,311,161,0.004720188807552302,0,0,49827,49694,136,73,35,231,236,37,0,0,99257,0,0,1,0,0,0,0,0,0,270,465,3,0,0,0,0,0
348,4361,349.17344696129317,99996,0,0,1,1,311,161,0.004720188807552302,0,0,49824,49670,136,73,38,255,260,40,0,0,99230,0,0,1,0,0,0,0,0,0,297,465,3,0,0,0,0,0
349,4361,350.19348258562303,99996,0,0,1,1,311,161,0.004720188807552302,0,0,49821,49645,136,72,41,281,286,43,0,0,99201,0,0,1,0,0,0,0,0,0,326,465,3,0,0,0,0,0
350,4361,351.2135807785188,99996,0,0,1,1,311,161,0.004720188807552302,0,0,49818,49620,136,72,44,306,314,46,0,0,99170,0,0,1,0,0,0,0,0,0,357,465,3,0,0,0,0,0
351,4361,352.23374157551086,99996,0,0,1,1,311,161,0.004720188807552302,0,0,49814,49591,136,72,48,335,343,50,0,0,99137,0,0,1,0,0,0,0,0,0,390,465,3,0,0,0,0,0
352,4361,353.2539787921824,99996,0,0,1,1,311,161,0.004720188807552302,0,0,49810,49561,136,72,52,365,374,54,0,0,99103,0,0,1,0,0,0,0,0,0,424,464,4,0,0,0,0,0
353,4361,354.27429933699227,99996,0,0,1,1,311,161,0.004720188807552302,0,0,49806,49529,136,72,56,397,407,58,0,0,99066,0,0,1,0,0,0,0,0,0,461,464,4,0,0,0,0,0
354,4361,355.2947033073346,99996,0,0,1,1,311,161,0.004720188807552302,0,0,49801,49496,136,71,61,431,442,63,0,0,99026,0,0,1,0,0,0,0,0,0,501,464,4,0,0,0,0,0
355,4361,356.3152044478638,99996,0,0,1,1,311,161,0.004720188807552302,0,0,49796,49460,136,70,66,468,479,68,0,0,98984,0,0,1,0,0,0,0,0,0,543,464,4,0,0,0,0,0
356,4361,357.33580973363394,99996,0,0,1,1,311,161,0.004720188807552302,0,0,49792,49424,136,69,70,505,518,73,0,0,98940,0,0,1,0,0,0,0,0,0,587,464,4,0,0,0,0,0
357,4361,358.01626427939914,99996,0,0,1,1,311,161,0.004720188807552302,0,0,49786,49384,136,69,76,545,559,79,0,0,98893,0,0,1,0,0,0,0,0,0,634,464,4,0,0,0,0,0
358,4361,359.03707128111216,99996,0,0,1,1,311,161,0.004720188807552302,0,0,49780,49341,136,69,82,588,602,85,0,0,98844,0,0,1,0,0,0,0,0,0,683,464,4,0,0,0,0,0
359,4361,360.0579964828633,99996,0,0,1,1,311,161,0.004720188807552302,0,0,49775,49298,136,69,87,631,647,91,0,0,98793,0,0,1,0,0,0,0,0,0,734,464,4,0,0,0,0,0
360,4361,361.0790330750391,99996,0,0,1,1,311,161,0.004720188807552302,0,0,49770,49253,134,69,94,676,695,98,0,0,98738,0,0,1,0,0,0,0,0,0,789,464,4,0,0,0,0,0
361,4361,362.10017432627876,99996,0,0,1,1,311,161,0.004720188807552302,0,0,49764,49209,133,69,101,720,745,105,0,0,98681,0,0,1,0,0,0,0,0,0,846,464,4,0,0,0,0,0
362,4361,363.1214339253446,99996,0,0,1,1,311,161,0.004720188807552302,0,0,49756,49159,133,69,109,770,797,113,0,0,98622,0,0,1,0,0,0,0,0,0,905,463,5,0,0,0,0,0
363,4361,364.14284638986146,99996,0,0,1,1,311,161,0.004720188807552302,0,0,49749,49106,133,69,116,823,852,121,0,0,98559,0,0,1,0,0,0,0,0,0,968,463,5,0,0,0,0,0
364,4361,365.1643981731312,99996,0,0,1,1,311,161,0.004720188807552302,0,0,49742,49051,132,69,124,878,909,130,0,0,98493,0,0,1,0,0,0,0,0,0,1034,463,5,0,0,0,0,0
365,4361,366.1861031762489,99996,0,0,1,1,311,161,0.004720188807552302,0,0,49733,48998,132,69,133,931,968,139,0,0,98425,0,0,1,0,0,0,0,0,0,1102,463,5,0,0,0,0,0
366,4361,367.2079887929117,99996,0,0,1,1,311,161,0.004720188807552302,0,0,49726,48939,132,69,140,990,1030,149,0,0,98353,0,0,1,0,0,0,0,0,0,1174,463,5,0,0,0,0,0
367,4361,368.2300209472119,99996,0,0,1,1,311,161,0.004720188807552302,0,0,49717,48878,130,69,151,1051,1094,160,0,0,98278,0,0,1,0,0,0,0,0,0,1249,463,5,0,0,0,0,0
368,4361,369.252234182328,99996,0,0,1,1,311,161,0.004720188807552302,0,0,49707,48813,130,69,161,1116,1161,171,0,0,98200,0,0,1,0,0,0,0,0,0,1327,463,5,0,0,0,0,0
369,4361,370.27466297619463,99996,0,0,1,1,311,161,0.004720188807552302,0,0,49696,48751,129,68,173,1179,1231,183,0,0,98119,0,0,1,0,0,0,0,0,0,1408,462,6,0,0,0,0,0
370,4361,371.2973074385007,99996,0,0,1,1,311,161,0.004720188807552302,0,0,49685,48683,129,68,184,1247,1303,195,0,0,98035,0,0,1,0,0,0,0,0,0,1492,462,6,0,0,0,0,0
371,4361,372.32018843461015,99996,0,0,1,1,311,161,0.004720188807552302,0,0,49673,48610,129,68,196,1320,1378,208,0,0,97948,0,0,1,0,0,0,0,0,0,1579,461,7,0,0,0,0,0
372,4361,373.00223684674637,99996,0,0,1,1,311,161,0.004720188807552302,0,0,49660,48537,129,68,209,1393,1456,222,0,0,97856,0,0,1,0,0,0,0,0,0,1671,461,7,0,0,0,0,0
373,4361,374.0256122954611,99996,0,0,1,1,311,161,0.004720188807552302,0,0,49648,48465,129,68,221,1465,1536,236,0,0,97762,0,0,1,0,0,0,0,0,0,1765,461,7,0,0,0,0,0
374,4361,375.0492317264929,99996,0,0,1,1,311,161,0.004720188807552302,0,0,49636,48386,129,68,233,1544,1619,251,0,0,97665,0,0,1,0,0,0,0,0,0,1862,460,8,0,0,0,0,0
375,4361,376.0731161749611,99996,0,0,1,1,311,161,0.004720188807552302,0,0,49621,48304,129,68,248,1626,1705,267,0,0,97563,0,0,1,0,0,0,0,0,0,1964,460,8,0,0,0,0,0
376,4361,377.09729345891833,99996,0,0,1,1,311,161,0.004720188807552302,0,0,49607,48220,129,68,262,1710,1794,284,0,0,97457,0,0,1,0,0,0,0,0,0,2070,460,8,0,0,0,0,0
377,4361,378.12176386420305,99996,0,0,1,1,311,161,0.004720188807552302,0,0,49592,48135,129,68,277,1795,1885,302,0,0,97348,0,0,1,0,0,0,0,0,0,2179,460,8,0,0,0,0,0
378,4361,379.1465414008246,99996,0,0,1,1,311,161,0.004720188807552302,0,0,49578,48047,128,68,292,1883,1979,320,0,0,97236,0,0,1,0,0,0,0,0,0,2291,460,8,0,0,0,0,0
379,4361,380.1716194364386,99996,0,0,1,1,311,161,0.004720188807552302,0,0,49560,47961,127,68,311,1969,2076,339,0,0,97120,0,0,1,0,0,0,0,0,0,2407,460,8,0,0,0,0,0
380,4361,381.1970602580256,99996,0,0,1,1,311,161,0.004720188807552302,0,0,49541,47869,127,67,330,2062,2176,359,0,0,97000,0,0,1,0,0,0,0,0,0,2527,460,8,0,0,0,0,0
381,4361,382.22289205415274,99996,0,0,1,1,311,161,0.004720188807552302,0,0,49521,47771,127,66,350,2161,2279,380,0,0,96876,0,0,1,0,0,0,0,0,0,2651,460,8,0,0,0,0,0
382,4361,383.249136115759,99996,0,0,1,1,311,161,0.004720188807552302,0,0,49501,47672,127,65,370,2261,2385,402,0,0,96749,0,0,1,0,0,0,0,0,0,2778,459,9,0,0,0,0,0
383,4361,384.2757997746983,99996,0,0,1,1,311,161,0.004720188807552302,0,0,49478,47571,127,65,393,2362,2494,425,0,0,96617,0,0,1,0,0,0,0,0,0,2910,459,9,0,0,0,0,0
384,4361,385.30293192830976,99996,0,0,1,1,311,161,0.004720188807552302,0,0,49456,47468,126,64,416,2466,2606,449,0,0,96482,0,0,1,0,0,0,0,0,0,3045,458,10,0,0,0,0,0
385,4361,386.3305192241387,99996,0,0,1,1,311,161,0.004720188807552302,0,0,49434,47360,125,64,439,2574,2721,474,0,0,96342,0,0,1,0,0,0,0,0,0,3185,458,10,0,0,0,0,0
386,4361,387.0158298278636,99996,0,0,1,1,311,161,0.004720188807552302,0,0,49410,47248,124,64,464,2686,2839,500,0,0,96198,0,0,1,0,0,0,0,0,0,3329,458,10,0,0,0,0,0
387,4361,388.0443778453855,99996,0,0,1,1,311,161,0.004720188807552302,0,0,49386,47135,124,64,488,2799,2960,527,0,0,96050,0,0,1,0,0,0,0,0,0,3477,458,10,0,0,0,0,0
388,4361,389.0734244827671,99996,0,0,1,1,311,161,0.004720188807552302,0,0,49358,47017,124,64,516,2917,3084,555,0,0,95898,0,0,1,0,0,0,0,0,0,3629,458,10,0,0,0,0,0
389,4361,390.1030469594674,99996,0,0,1,1,311,161,0.004720188807552302,0,0,49330,46897,124,64,544,3037,3211,584,0,0,95743,0,0,1,0,0,0,0,0,0,3784,457,11,0,0,0,0,0
390,4361,391.1332600210667,99996,0,0,1,1,311,161,0.004720188807552302,0,0,49300,46777,124,63,574,3158,3341,614,0,0,95584,0,0,1,0,0,0,0,0,0,3943,456,12,0,0,0,0,0
391,4361,392.16407829426936,99996,0,0,1,1,311,161,0.004720188807552302,0,0,49272,46654,123,62,603,3282,3474,645,0,0,95422,0,0,1,0,0,0,0,0,0,4105,454,14,0,0,0,0,0
392,4361,393.1954884684102,99996,0,0,1,1,311,161,0.004720188807552302,0,0,49242,46534,123,61,633,3403,3610,678,0,0,95255,0,0,1,0,0,0,0,0,0,4272,452,16,0,0,0,0,0
393,4361,394.2275053270498,99996,0,0,1,1,311,161,0.004720188807552302,0,0,49213,46402,122,61,663,3535,3749,712,0,0,95082,0,0,1,0,0,0,0,0,0,4445,452,16,0,0,0,0,0
394,4361,395.2601439557658,99996,0,0,1,1,311,161,0.004720188807552302,0,0,49182,46278,120,60,696,3660,3891,747,0,0,94905,0,0,1,0,0,0,0,0,0,4622,452,16,0,0,0,0,0
395,4361,396.29343995404207,99996,0,0,1,1,311,161,0.004720188807552302,0,0,49149,46141,120,59,729,3798,4036,783,0,0,94725,0,0,1,0,0,0,0,0,0,4802,451,17,0,0,0,0,0
396,4361,397.32743671144834,99996,0,0,1,1,311,161,0.004720188807552302,0,0,49112,46004,120,59,766,3935,4184,821,0,0,94539,0,0,1,0,0,0,0,0,0,4988,451,17,0,0,0,0,0
397,4361,398.01719526710286,99996,0,0,1,1,311,161,0.004720188807552302,0,0,49075,45861,120,59,803,4078,4335,860,0,0,94349,0,0,1,0,0,0,0,0,0,5178,451,17,0,0,0,0,0
398,4361,399.05274474464744,99996,0,0,1,1,311,161,0.004720188807552302,0,0,49038,45716,120,59,840,4223,4489,900,0,0,94155,0,0,1,0,0,0,0,0,0,5372,451,17,0,0,0,0,0
399,4361,400.08907589931323,99996,0,0,1,1,311,161,0.004720188807552302,0,0,48999,45580,120,58,879,4360,4645,942,0,0,93959,0,0,1,0,0,0,0,0,0,5568,449,19,0,0,0,0,0
400,4361,401.12621096814087,99996,0,0,1,1,311,161,0.004720188807552302,0,0,48963,45433,120,58,915,4507,4804,985,0,0,93757,0,0,1,0,0,0,0,0,0,5770,449,19,0,0,0,0,0
401,4361,402.1641232314079,99996,0,0,1,1,311,161,0.004720188807552302,0,0,48918,45292,120,58,960,4648,4966,1030,0,0,93550,0,0,1,0,0,0,0,0,0,5977,449,19,0,0,0,0,0
402,4361,403.20297663751995,99996,0,0,1,1,311,161,0.004720188807552302,0,0,48875,45144,120,58,1003,4796,5131,1076,0,0,93340,0,0,1,0,0,0,0,0,0,6187,448,20,0,0,0,0,0
403,4361,404.24275183119806,99996,0,0,1,1,311,161,0.004720188807552302,0,0,48830,44991,120,57,1048,4950,5299,1123,0,0,93126,0,0,1,0,0,0,0,0,0,6401,447,21,0,0,0,0,0
404,4361,405.283464916565,99996,0,0,1,1,311,161,0.004720188807552302,0,0,48788,44841,117,57,1093,5100,5470,1172,0,0,92907,0,0,1,0,0,0,0,0,0,6620,446,22,0,0,0,0,0
405,4361,406.3250890098949,99996,0,0,1,1,311,161,0.004720188807552302,0,0,48738,44687,117,57,1143,5254,5644,1222,0,0,92684,0,0,1,0,0,0,0,0,0,6843,445,23,0,0,0,0,0
406,4361,407.02009380553545,99996,0,0,1,1,311,161,0.004720188807552302,0,0,48691,44520,117,57,1190,5421,5820,1274,0,0,92456,0,0,1,0,0,0,0,0,0,7071,445,23,0,0,0,0,0
407,4361,408.06378872057405,99996,0,0,1,1,311,161,0.004720188807552302,0,0,48642,44360,114,55,1242,5583,5999,1328,0,0,92225,0,0,1,0,0,0,0,0,0,7302,443,25,0,0,0,0,0
408,4361,409.1085077103206,99996,0,0,1,1,311,161,0.004720188807552302,0,0,48593,44199,114,54,1291,5745,6181,1383,0,0,91989,0,0,1,0,0,0,0,0,0,7538,442,26,0,0,0,0,0
409,4361,410.1542888174818,99996,0,0,1,1,311,161,0.004720188807552302,0,0,48542,44036,114,54,1342,5908,6365,1440,0,0,91748,0,0,1,0,0,0,0,0,0,7779,442,26,0,0,0,0,0
410,4361,411.2011630653821,99996,0,0,1,1,311,161,0.004720188807552302,0,0,48489,43868,112,53,1397,6077,6552,1498,0,0,91506,0,0,1,0,0,0,0,0,0,8021,439,29,0,0,0,0,0
411,4361,412.24918337720777,99996,0,0,1,1,311,161,0.004720188807552302,0,0,48434,43702,111,53,1453,6243,6741,1558,0,0,91258,0,0,1,0,0,0,0,0,0,8269,438,30,0,0,0,0,0
412,4361,413.2983883473463,99996,0,0,1,1,311,161,0.004720188807552302,0,0,48381,43531,111,53,1506,6414,6933,1620,0,0,91007,0,0,1,0,0,0,0,0,0,8520,435,33,0,0,0,0,0
413,4361,414.34875913097994,99996,0,0,1,1,311,161,0.004720188807552302,0,0,48322,43359,111,52,1565,6587,7127,1683,0,0,90751,0,0,1,0,0,0,0,0,0,8776,434,34,0,0,0,0,0
414,4361,415.0497070927874,99996,0,0,1,1,311,161,0.004720188807552302,0,0,48264,43179,111,52,1623,6767,7324,1748,0,0,90489,0,0,1,0,0,0,0,0,0,9038,434,34,0,0,0,0,0
415,4361,416.10263610783335,99996,0,0,1,1,311,161,0.004720188807552302,0,0,48199,43009,111,51,1688,6938,7523,1815,0,0,90224,0,0,1,0,0,0,0,0,0,9303,433,35,0,0,0,0,0
416,4361,417.15694366558625,99996,0,0,1,1,311,161,0.004720188807552302,0,0,48137,42826,111,50,1750,7122,7725,1884,0,0,89954,0,0,1,0,0,0,0,0,0,9573,432,36,0,0,0,0,0
417,4361,418.21260442076226,99996,0,0,1,1,311,161,0.004720188807552302,0,0,48073,42648,111,49,1814,7301,7929,1954,0,0,89682,0,0,1,0,0,0,0,0,0,9845,430,38,0,0,0,0,0
418,4361,419.2696876577959,99996,0,0,1,1,311,161,0.004720188807552302,0,0,48008,42472,110,48,1880,7478,8135,2026,0,0,89407,0,0,1,0,0,0,0,0,0,10120,427,41,0,0,0,0,0
419,4361,420.328175249838,99996,4,4,1,1,315,165,0.004800192007680307,21,21,47920,42269,109,47,1944,7657,8343,2100,0,0,89126,0,0,1,0,0,0,0,0,0,10401,426,42,0,0,0,0,0
420,4361,421.1231084990875,99996,6,9,1,1,317,170,0.004870194807792312,20,16,47846,42068,108,46,2018,7859,8554,2176,0,0,88840,0,0,1,0,0,0,0,0,0,10687,425,43,0,0,0,0,0
421,4361,422.00321447172195,99996,11,8,1,1,323,172,0.004950198007920317,17,14,47774,41879,108,48,2088,8049,8767,2254,0,0,88547,4,0,1,0,0,0,0,0,0,10976,423,45,0,0,0,0,0
422,4361,423.0422624197935,99996,13,10,1,1,327,176,0.005030201208048322,15,11,47696,41691,110,50,2164,8236,8982,2333,0,0,88250,8,0,1,0,0,0,0,0,0,11269,422,46,0,0,0,0,0
423,4361,424.0796144750786,99996,13,7,1,1,330,179,0.0050902036081443254,16,9,47619,41500,113,55,2237,8427,9199,2414,0,0,87944,16,1,1,0,0,0,0,0,0,11566,422,46,0,0,0,0,0
424,4361,425.1006180328238,99996,14,8,1,1,336,181,0.005170206808272331,13,8,47541,41303,118,56,2312,8623,9418,2497,0,0,87637,22,1,1,0,0,0,0,0,0,11867,421,47,0,0,0,0,0
425,4361,426.00849307534054,99996,16,7,1,1,340,183,0.005230209208368335,12,8,47461,41100,120,59,2389,8824,9639,2582,0,0,87327,27,1,1,0,0,0,0,0,0,12172,420,48,0,0,0,0,0
426,4361,427.0557354660777,99996,16,6,1,1,344,184,0.0052802112084483375,12,7,47377,40911,124,61,2469,9013,9861,2669,0,0,87015,32,2,1,0,0,0,0,0,0,12478,418,50,0,0,0,0,0
427,4361,428.0107438094873,99996,16,6,1,1,349,185,0.0053402136085443416,9,8,47303,40714,129,61,2541,9209,10085,2758,0,0,86699,37,3,1,0,0,0,0,0,0,12788,416,52,0,0,0,0,0
428,4361,429.1300170981953,99996,14,5,1,1,350,185,0.005350214008560342,11,9,47213,40516,132,62,2628,9406,10311,2849,0,0,86379,41,3,1,0,0,0,0,0,0,13104,415,53,0,0,0,0,0
429,4361,430.14611930762584,99996,16,4,1,1,352,187,0.005390215608624345,9,7,47130,40326,132,65,2711,9596,10539,2942,0,0,86056,44,3,1,0,0,0,0,0,0,13424,414,54,0,0,0,0,0
430,4361,431.13092883303716,99996,17,7,1,1,354,190,0.005440217608704348,11,6,47036,40134,133,65,2801,9786,10768,3037,0,0,85731,45,3,1,0,0,0,0,0,0,13748,414,54,0,0,0,0,0
431,4361,432.1192023650827,99996,15,8,1,1,356,192,0.00548021920876835,13,4,46942,39928,137,66,2891,9992,10999,3133,0,0,85401,50,3,1,0,0,0,0,0,0,14073,412,56,0,0,0,0,0
432,4361,433.16041798861767,99996,17,8,1,1,360,193,0.005530221208848354,17,6,46841,39735,138,66,2985,10183,11231,3231,0,0,85069,52,4,1,0,0,0,0,0,0,14402,412,56,0,0,0,0,0
433,4361,434.2277431504176,99996,24,9,1,1,368,195,0.00563022520900836,15,5,46752,39535,138,65,3069,10384,11464,3331,0,0,84738,53,5,1,0,0,0,0,0,0,14731,409,59,0,0,0,0,0
434,4361,435.11595728803684,99996,23,9,1,1,372,196,0.005680227209088363,18,7,46656,39340,143,65,3158,10577,11699,3433,0,0,84396,59,5,1,0,0,0,0,0,0,15067,408,60,0,0,0,0,0
435,4361,436.0059021757479,99996,23,8,1,1,377,197,0.005740229609184367,15,7,46556,39141,148,67,3256,10775,11935,3537,0,0,84051,66,5,1,0,0,0,0,0,0,15405,406,62,0,0,0,0,0
436,4361,437.013025130619,99996,18,9,1,1,381,200,0.005810232409296372,14,7,46458,38920,157,69,3351,10993,12172,3643,0,0,83699,77,5,1,0,0,0,0,0,0,15746,404,64,0,0,0,0,0
437,4361,438.1887048118415,99996,16,9,1,1,383,201,0.005840233609344374,16,9,46359,38721,161,69,3446,11190,12410,3751,0,0,83349,82,5,1,0,0,0,0,0,0,16091,403,65,0,0,0,0,0
438,4361,439.0925300519411,99996,18,7,1,1,387,201,0.005880235209408376,23,9,46245,38531,163,71,3549,11380,12650,3861,0,0,82996,86,5,1,0,0,0,0,0,0,16440,402,66,0,0,0,0,0
439,4361,440.0230137853739,99996,19,6,1,1,390,201,0.005910236409456379,22,10,46143,38315,165,72,3649,11595,12891,3973,0,0,82640,89,5,1,0,0,0,0,0,0,16793,402,66,0,0,0,0,0
440,4361,441.0083438524905,99996,15,10,1,1,391,205,0.005960238409536382,23,8,46042,38102,169,71,3749,11807,13133,4087,0,0,82281,93,6,1,0,0,0,0,0,0,17147,401,67,0,0,0,0,0
441,4361,442.0000618796575,99996,15,11,1,1,395,208,0.006030241209648386,22,6,45929,37887,172,73,3860,12021,13375,4203,0,0,81919,98,7,1,0,0,0,0,0,0,17503,400,68,0,0,0,0,0
442,4361,443.3758656032981,99996,18,11,1,1,403,210,0.006130245209808392,19,9,45826,37697,175,74,3960,12207,13618,4321,0,0,81553,103,9,1,0,0,0,0,0,0,17862,400,68,0,0,0,0,0
443,4361,444.16769605817876,99996,17,12,1,1,405,212,0.006170246809872395,24,7,45708,37490,177,75,4072,12414,13862,4441,0,0,81188,105,11,1,0,0,0,0,0,0,18223,399,69,0,0,0,0,0
444,4361,445.03834574408535,99996,23,12,1,1,412,213,0.0062502500100004,19,11,45599,37266,177,75,4180,12634,14107,4563,0,0,80821,105,13,1,0,0,0,0,0,0,18588,399,69,0,0,0,0,0
445,4361,446.025492699225,99996,22,12,1,1,416,215,0.006310252410096404,19,13,45488,37071,180,77,4289,12825,14352,4687,0,0,80445,112,13,1,0,0,0,0,0,0,18957,399,69,0,0,0,0,0
446,4361,447.0478165811967,99996,21,9,1,1,423,216,0.006390255610224409,16,14,45365,36872,187,80,4409,13023,14598,4813,0,0,80063,122,15,1,0,0,0,0,0,0,19327,399,69,0,0,0,0,0
447,4361,448.0438786348573,99996,20,11,1,1,427,219,0.006460258410336413,23,15,45254,36687,189,78,4512,13207,14845,4941,0,0,79688,125,18,1,0,0,0,0,0,0,19696,396,72,0,0,0,0,0
448,4361,449.1137809596837,99996,24,13,1,1,433,222,0.006550262010480419,21,13,45135,36478,189,76,4629,13418,15092,5070,0,0,79313,125,21,1,0,0,0,0,0,0,20068,395,73,0,0,0,0,0
449,4361,450.0747200914087,99996,26,13,1,1,438,223,0.006610264410576423,23,16,45015,36282,191,76,4743,13611,15340,5201,0,0,78933,127,23,1,0,0,0,0,0,0,20444,394,74,0,0,0,0,0
450,4361,451.00516915328006,99996,28,17,1,1,442,228,0.0067002680107204286,24,13,44891,36064,192,76,4863,13828,15588,5334,0,0,78552,130,23,1,0,0,0,0,0,0,20822,391,77,0,0,0,0,0
451,4361,452.25688961918024,99996,25,15,1,1,448,230,0.006780271210848434,22,13,44779,35872,198,79,4974,14019,15836,5469,0,0,78160,141,25,1,0,0,0,0,0,0,21201,389,79,0,0,0,0,0
452,4361,453.2440020641147,99996,31,15,1,1,454,233,0.00687027481099244,23,10,44653,35674,198,80,5093,14219,16084,5606,0,0,77776,142,27,1,0,0,0,0,0,0,21582,387,81,0,0,0,0,0
453,4361,454.15344550720545,99996,25,15,1,1,458,236,0.006940277611104444,29,10,44524,35481,206,81,5214,14411,16333,5745,0,0,77381,150,32,1,0,0,0,0,0,0,21964,386,82,0,0,0,0,0
454,4361,455.38740106702795,99996,30,15,1,1,465,236,0.007010280411216449,29,12,44406,35280,207,81,5326,14610,16582,5885,0,0,76991,151,33,1,0,0,0,0,0,0,22352,386,82,0,0,0,0,0
455,4361,456.0399910546893,99996,31,16,1,1,466,238,0.00704028161126445,28,12,44271,35047,205,82,5463,14841,16831,6027,0,0,76601,151,34,1,0,0,0,0,0,0,22741,385,83,0,0,0,0,0
456,4361,457.05784103105884,99996,28,16,1,1,474,243,0.007170286811472459,25,11,44144,34849,215,86,5586,15036,17080,6171,0,0,76193,166,34,2,0,0,0,0,0,0,23134,384,83,0,0,0,0,0
457,4361,458.08689700032136,99996,33,20,1,1,480,247,0.007270290811632466,28,12,44007,34643,216,85,5714,15238,17329,6317,0,0,75802,166,35,2,0,0,0,0,0,0,23524,380,87,0,0,0,0,0
458,4361,459.0327438538215,99996,38,25,1,1,487,253,0.007400296011840474,29,12,43871,34431,216,85,5844,15445,17578,6465,0,0,75406,169,35,2,0,0,0,0,0,0,23917,376,91,0,0,0,0,0
459,4361,460.12018076742396,99996,36,27,1,1,494,257,0.007510300412016481,29,13,43745,34253,224,85,5964,15620,17826,6614,0,0,75001,177,38,2,0,0,0,0,0,0,24311,376,91,0,0,0,0,0
460,4361,461.2552354673832,99996,40,30,1,1,502,261,0.007630305212208488,24,13,43607,34039,225,86,6102,15830,18074,6765,0,0,74600,181,39,2,0,0,0,0,0,0,24707,374,93,0,0,0,0,0
461,4361,462.18650204327156,99996,42,30,1,1,513,265,0.007780311212448498,19,15,43478,33863,231,90,6228,16000,18322,6918,0,0,74192,190,43,2,0,0,0,0,0,0,25102,372,95,0,0,0,0,0
462,4361,463.04859582035647,99996,38,26,1,1,515,267,0.007820312812512501,23,17,43338,33656,236,95,6363,16204,18570,7072,0,0,73786,195,50,2,0,0,0,0,0,0,25496,371,96,0,0,0,0,0
463,4361,464.2162494737133,99996,38,26,1,1,521,273,0.007940317612704507,27,15,43193,33469,239,101,6501,16387,18817,7228,0,0,73377,202,55,2,0,0,0,0,0,0,25893,370,97,0,0,0,0,0
464,4361,465.0123492054558,99996,41,27,1,1,526,275,0.008010320412816513,27,15,43039,33252,241,101,6650,16603,19064,7385,0,0,72973,204,56,2,0,0,0,0,0,0,26294,368,99,0,0,0,0,0
465,4361,466.14894586673086,99996,39,26,1,1,530,280,0.008100324012960519,36,16,42896,33088,244,106,6783,16762,19311,7544,0,0,72557,216,56,2,0,0,0,0,0,0,26698,366,101,0,0,0,0,0
466,4361,467.42790516154304,99996,50,26,1,1,542,284,0.008260330413216528,28,18,42752,32896,243,110,6925,16948,19557,7704,0,0,72146,221,56,2,0,0,0,0,0,0,27104,366,101,0,0,0,0,0
467,4361,468.0227185655737,99996,51,23,1,1,547,286,0.008330333213328532,27,18,42594,32685,244,112,7082,17160,19803,7866,0,0,71736,226,60,2,0,0,0,0,0,0,27505,363,104,0,0,0,0,0
468,4361,469.2092507759528,99996,53,27,1,1,554,293,0.008470338813552542,34,20,42448,32505,247,114,7216,17332,20048,8029,0,0,71325,231,62,2,1,0,0,0,0,0,27909,361,105,0,0,0,0,0
469,4361,470.20148071563983,99996,54,29,1,1,567,297,0.008640345613824553,36,21,42312,32334,258,114,7338,17500,20292,8194,0,0,70908,241,66,2,1,0,0,0,0,0,28312,359,107,0,0,0,0,0
470,4361,471.10072498809905,99996,55,31,1,1,572,302,0.008740349613984559,33,20,42161,32126,257,117,7492,17704,20536,8360,0,0,70498,244,70,2,1,0,0,0,0,0,28715,356,110,0,0,0,0,0
471,4361,472.01418222129365,99996,54,33,1,1,583,306,0.00889035561422457,33,25,42018,31958,268,118,7625,17864,20779,8528,0,0,70078,254,74,2,1,0,0,0,0,0,29121,355,111,0,0,0,0,0
472,4361,473.37312893633253,99996,59,28,1,1,598,313,0.009110364414576582,39,28,41866,31795,274,128,7760,18019,21021,8697,0,0,69662,263,87,2,1,0,0,0,0,0,29515,351,115,0,0,0,0,0
473,4361,474.28174134152397,99996,62,32,1,1,607,319,0.009260370414816593,51,26,41703,31607,278,130,7904,18203,21262,8867,0,0,69247,268,90,2,1,0,0,0,0,0,29922,350,116,0,0,0,0,0
474,4361,475.19379650831485,99996,66,37,1,1,618,327,0.009450378015120605,49,23,41553,31424,282,130,8048,18384,21503,9038,0,0,68827,277,91,2,1,0,0,0,0,0,30332,349,117,0,0,0,0,0
475,4361,476.1091963352488,99996,71,40,1,1,628,335,0.009630385215408616,53,19,41397,31240,284,134,8193,18565,21743,9211,0,0,68411,284,94,2,1,0,0,0,0,0,30738,345,121,0,0,0,0,0
476,4361,477.0589520167675,99996,71,41,1,1,632,340,0.009720388815552622,59,16,41229,31031,287,133,8352,18777,21982,9385,0,0,67998,287,99,2,1,0,0,0,0,0,31143,342,124,0,0,0,0,0
477,4361,478.16194993122144,99996,72,39,1,1,648,346,0.009940397615904636,57,17,41087,30886,302,139,8480,18917,22220,9560,0,0,67565,307,102,2,1,0,0,0,0,0,31553,342,124,0,0,0,0,0
478,4361,479.21376293379245,99996,71,32,1,1,660,348,0.010080403216128644,57,19,40926,30723,313,148,8631,19076,22457,9736,0,0,67136,324,107,2,1,0,0,0,0,0,31960,341,125,0,0,0,0,0
479,4361,480.3146834865691,99996,77,31,1,1,667,352,0.010190407616304652,61,18,40761,30523,309,152,8790,19274,22693,9913,0,0,66726,324,113,2,1,0,0,0,0,0,32364,338,128,0,0,0,0,0
480,4361,481.07592633901436,99996,85,31,1,1,679,356,0.010350414016560663,61,20,40600,30333,312,155,8940,19459,22928,10091,0,0,66312,327,118,2,1,0,0,0,0,0,32770,336,130,0,0,0,0,0
481,4361,482.41451401273196,99996,87,33,1,1,703,366,0.010690427617104684,62,23,40448,30217,331,161,9070,19564,23162,10270,0,0,65875,351,124,2,1,0,0,0,0,0,33177,336,130,0,0,0,0,0
482,4361,483.3544316821841,99996,85,32,1,1,714,370,0.010840433617344694,64,26,40293,30052,341,166,9215,19722,23395,10450,0,0,65447,367,126,2,1,0,0,0,0,0,33587,335,131,0,0,0,0,0
483,4361,484.29808199759236,99996,98,38,1,1,731,377,0.011080443217728709,59,24,40135,29888,342,165,9364,19883,23627,10631,0,0,65034,370,128,2,1,0,0,0,0,0,33995,332,134,0,0,0,0,0
484,4361,485.24539075263334,99996,91,32,1,1,737,379,0.011160446417856714,73,30,39969,29709,351,171,9514,20056,23857,10813,0,0,64611,383,136,2,1,0,0,0,0,0,34397,330,136,0,0,0,0,0
485,4361,486.196502760394,99996,103,36,1,1,760,390,0.011500460018400736,64,25,39817,29545,359,175,9655,20217,24086,10996,0,0,64195,389,148,2,1,0,0,0,0,0,34795,328,138,0,0,0,0,0
486,4361,487.1512448405033,99996,97,40,1,1,769,397,0.011660466418656746,70,20,39659,29407,373,176,9799,20355,24314,11179,0,0,63776,398,157,2,1,0,0,0,0,0,35196,327,139,0,0,0,0,0
487,4361,488.3872620729366,99996,94,39,1,1,782,403,0.011850474018960758,79,21,39506,29269,388,182,9931,20487,24541,11363,0,0,63348,415,163,2,1,0,0,0,0,0,35601,327,139,0,0,0,0,0
488,4361,489.3494493415116,99996,104,35,1,1,799,407,0.012060482419296772,78,23,39345,29101,389,189,10082,20650,24767,11548,0,0,62927,426,167,2,1,0,0,0,0,0,36007,326,140,0,0,0,0,0
489,4361,490.3155497198689,99996,116,37,1,1,823,412,0.01235049401976079,74,21,39171,28936,399,190,10238,20814,24991,11734,0,0,62510,434,174,2,1,0,0,0,0,0,36409,325,141,0,0,0,0,0
490,4361,491.28571704563205,99996,125,43,1,1,837,418,0.012550502020080803,66,17,38991,28734,404,187,10412,21017,25214,11920,0,0,62100,438,175,2,1,0,0,0,0,0,36814,322,144,0,0,0,0,0
491,4361,492.2429904843031,99995,118,35,2,1,859,422,0.012810640532026601,69,23,38837,28625,427,197,10546,21118,25436,12107,0,0,61667,462,191,2,1,0,0,0,0,0,37206,321,145,0,0,0,0,0
492,4361,493.2215642875122,99995,122,36,2,1,878,428,0.013060653032651633,67,22,38672,28467,434,199,10702,21274,25656,12294,0,0,61253,473,200,2,1,0,0,0,0,0,37600,317,149,0,0,0,0,0
493,4361,494.20439585548286,99995,122,33,2,1,897,432,0.013290664533226661,67,25,38503,28329,447,205,10858,21406,25875,12482,0,0,60830,489,210,2,1,0,0,0,0,0,37997,317,149,0,0,0,0,0
494,4361,495.1914356271219,99995,116,28,2,1,910,437,0.013470673533676683,77,23,38337,28165,461,210,11006,21572,26093,12670,0,0,60411,505,223,2,1,0,0,0,0,0,38387,314,152,0,0,0,0,0
495,4361,496.18274691298103,99995,116,35,2,1,926,446,0.013720686034301715,76,26,38163,28012,474,211,11168,21714,26309,12859,0,0,59994,519,227,2,1,0,0,0,0,0,38786,312,154,0,0,0,0,0
496,4361,497.17846346478836,99995,112,36,2,1,942,452,0.013940697034851743,72,25,38007,27863,490,215,11316,21859,26524,13048,0,0,59580,530,241,2,1,0,0,0,0,0,39175,311,155,0,0,0,0,0
497,4361,498.17848470455795,99995,116,34,2,1,961,457,0.014180709035451773,71,25,37839,27718,499,220,11472,22001,26737,13237,0,0,59168,540,253,2,1,0,0,0,0,0,39565,311,155,0,0,0,0,0
498,4361,499.1829066082331,99995,121,33,2,1,981,463,0.014440722036101805,73,25,37681,27582,508,224,11614,22134,26949,13427,0,0,58759,549,266,2,1,0,0,0,0,0,39952,309,157,0,0,0,0,0
499,4361,500.19157848056676,99995,122,40,2,1,1000,472,0.01472073603680184,73,26,37514,27441,524,225,11764,22266,27160,13617,0,0,58346,562,273,2,1,0,0,0,0,0,40345,308,158,0,0,0,0,0
500,4361,501.2044955565935,99995,122,41,2,1,1021,479,0.015000750037501875,69,34,37368,27314,542,230,11896,22379,27369,13807,0,0,57930,580,282,2,1,0,0,0,0,0,40734,307,159,0,0,0,0,0
501,4361,502.2215625590289,99995,121,39,2,1,1039,484,0.015230761538076903,73,39,37197,27179,557,235,12049,22506,27577,13997,0,0,57517,596,292,2,1,0,0,0,0,0,41121,306,160,0,0,0,0,0
502,4361,503.2431379811949,99995,131,46,2,1,1059,494,0.015530776538826941,69,33,37036,27048,562,237,12199,22634,27783,14188,0,0,57119,599,302,2,1,0,0,0,0,0,41506,304,162,0,0,0,0,0
503,4361,504.26915788704224,99995,132,48,2,1,1077,503,0.015800790039501977,78,36,36858,26906,576,242,12353,22766,27988,14379,0,0,56711,611,312,3,1,0,0,0,0,0,41891,303,163,0,0,0,0,0
504,4361,505.29983444755305,99995,130,56,2,1,1093,513,0.01606080304015201,78,37,36702,26787,589,242,12498,22876,28191,14570,0,0,56310,623,319,4,1,0,0,0,0,0,42273,297,168,0,0,0,0,0
505,4361,506.3350361848728,99995,131,56,2,1,1118,522,0.01640082004100205,77,38,36531,26653,609,250,12649,23001,28393,14761,0,0,55901,642,331,5,1,0,0,0,0,0,42650,293,172,0,0,0,0,0
506,4361,507.3750173589264,99995,133,57,2,1,1138,531,0.016690834541727085,78,34,36363,26549,623,256,12800,23102,28593,14952,0,0,55494,660,339,5,1,0,0,0,0,0,43031,291,174,0,0,0,0,0
507,4361,508.4197588568077,99995,141,56,2,1,1162,536,0.01698084904245212,74,35,36205,26438,636,261,12941,23208,28792,15143,0,0,55097,670,349,4,3,0,0,0,0,0,43407,289,176,0,0,0,0,0
508,4361,509.4691451990851,99995,133,54,2,1,1177,545,0.017220861043052153,79,35,36048,26318,653,271,13084,23320,28989,15334,0,0,54688,693,359,5,3,0,0,0,0,0,43783,286,178,0,0,0,0,0
509,4361,510.5231877357453,99995,127,51,2,1,1193,553,0.017460873043652184,87,37,35890,26194,668,280,13225,23436,29185,15524,0,0,54286,711,374,5,3,0,0,0,0,0,44152,284,180,0,0,0,0,0
510,4361,511.0512575622368,99995,131,50,2,1,1210,558,0.01768088404420221,79,37,35721,26044,677,284,13389,23583,29379,15714,0,0,53890,726,378,5,3,0,0,0,0,0,44529,281,183,0,0,0,0,0
511,4361,512.1149334025627,99995,142,45,2,1,1239,567,0.018060903045152257,67,39,35549,25941,692,295,13547,23678,29572,15904,0,0,53490,744,391,6,3,0,0,0,0,0,44898,279,184,0,0,0,0,0
512,4361,513.1835607851867,99995,138,41,2,1,1259,577,0.018360918045902296,65,32,35396,25828,711,309,13687,23788,29763,16094,0,0,53088,767,405,7,3,0,0,0,0,0,45263,276,186,0,0,0,0,0
513,4361,514.2571093458179,99995,130,48,2,1,1272,587,0.018590929546477324,66,31,35251,25730,726,311,13824,23878,29953,16284,0,0,52694,781,415,7,3,0,0,0,0,0,45633,276,186,0,0,0,0,0
514,4361,515.3350965485236,99995,119,47,2,1,1291,589,0.01880094004700235,71,31,35100,25637,752,312,13955,23971,30141,16473,0,0,52297,801,428,7,3,0,0,0,0,0,45997,276,186,0,0,0,0,0
515,4361,516.4178097416622,99995,115,48,2,1,1311,600,0.01911095554777739,72,28,34952,25551,768,317,14090,24054,30328,16662,0,0,51913,812,451,6,4,0,0,0,0,0,46347,274,188,0,0,0,0,0
516,4361,517.5053066460404,99995,116,51,2,1,1331,607,0.019380969048452424,72,26,34808,25450,786,316,14215,24155,30513,16851,0,0,51530,822,464,6,4,0,0,0,0,0,46707,273,189,0,0,0,0,0
517,4361,518.0499946882956,99995,122,49,2,1,1342,611,0.01953097654882744,75,26,34647,25304,789,320,14364,24299,30696,17039,0,0,51159,823,474,6,4,0,0,0,0,0,47067,272,190,0,0,0,0,0
518,4361,519.1470457273174,99995,121,49,2,1,1359,615,0.019740987049352468,77,29,34496,25212,802,321,14501,24387,30878,17227,0,0,50777,835,484,6,4,0,0,0,0,0,47427,272,190,0,0,0,0,0
519,4361,520.2486748952624,99995,128,51,2,1,1386,622,0.020081004050202512,67,32,34358,25115,812,322,14632,24478,31058,17414,0,0,50405,839,500,9,4,0,0,0,0,0,47777,270,191,0,0,0,0,0
520,4361,521.3549371951841,99995,132,48,2,1,1405,628,0.02033101655082754,69,34,34222,25029,814,322,14760,24565,31237,17601,0,0,50037,844,519,9,4,0,0,0,0,0,48121,267,194,0,0,0,0,0
521,4361,522.4654528295466,99995,122,46,2,1,1415,636,0.020511025551277564,71,35,34104,24941,827,331,14873,24645,31414,17787,0,0,49663,857,535,10,4,0,0,0,0,0,48466,264,196,0,0,0,0,0
522,4361,523.021441496749,99995,116,47,2,1,1420,637,0.020571028551427572,72,38,33950,24816,831,329,15028,24768,31590,17973,0,0,49304,855,548,10,4,0,0,0,0,0,48814,263,197,0,0,0,0,0
523,4361,524.1411356655208,99995,114,49,2,1,1441,644,0.020851042552127608,70,40,33818,24732,842,330,15153,24847,31764,18158,0,0,48932,869,562,10,4,0,0,0,0,0,49158,262,198,0,0,0,0,0
524,4361,525.2651956528767,99995,119,50,2,1,1465,654,0.021191059552977648,62,43,33689,24640,849,336,15278,24929,31937,18343,0,0,48567,880,579,10,4,0,0,0,0,0,49495,258,202,0,0,0,0,0
525,4361,526.3937316589445,99995,111,57,2,1,1475,668,0.02143107155357768,71,39,33553,24559,863,342,15399,25001,32108,18527,0,0,48199,893,589,11,4,0,0,0,0,0,49839,257,203,0,0,0,0,0
526,4361,527.5265875446237,99995,111,53,2,1,1489,675,0.021641082054102704,76,39,33433,24481,863,351,15514,25074,32278,18710,0,0,47841,898,607,12,4,0,0,0,0,0,50173,256,204,0,0,0,0,0
527,4361,528.0938135930043,99995,119,62,2,1,1505,685,0.021901095054752736,70,33,33283,24369,865,348,15660,25186,32446,18893,0,0,47492,899,615,12,4,0,0,0,0,0,50513,253,207,0,0,0,0,0
528,4361,529.2359911274823,99994,121,58,3,1,1527,690,0.022171330279816787,61,32,33154,24286,876,352,15784,25270,32613,19075,0,0,47132,910,632,12,4,0,0,0,0,0,50844,252,208,0,0,0,0,0
529,4361,530.3826057232197,99994,123,59,3,1,1548,697,0.02245134708082485,59,32,33032,24201,885,357,15897,25349,32778,19256,0,0,46782,916,651,12,4,0,0,0,0,0,51169,250,210,0,0,0,0,0
530,4361,531.533514334005,99994,121,61,3,1,1573,708,0.022811368682120928,52,31,32916,24138,902,362,16005,25406,32942,19436,0,0,46427,928,675,12,4,0,0,0,0,0,51488,249,211,0,0,0,0,0
531,4361,532.109772558578,99994,120,63,3,1,1583,717,0.02300138008280497,52,24,32767,24014,905,364,16152,25533,33104,19616,0,0,46082,931,690,12,4,0,0,0,0,0,51815,249,211,0,0,0,0,0
532,4361,533.2701129856597,99994,113,60,3,1,1596,722,0.02318139088345301,61,33,32652,23975,916,365,16254,25565,33265,19795,0,0,45738,935,712,13,4,0,0,0,0,0,52132,248,212,0,0,0,0,0
533,4361,534.4346894531805,99994,114,68,3,1,1620,734,0.023541412484749086,58,29,32536,23918,930,365,16358,25618,33424,19973,0,0,45394,945,729,12,5,0,0,0,0,0,52449,246,214,0,0,0,0,0
534,4361,535.0177516143693,99994,105,71,3,1,1622,740,0.023621417285037104,69,28,32390,23832,936,364,16496,25703,33582,20150,0,0,45060,945,743,12,5,0,0,0,0,0,52769,245,215,0,0,0,0,0
535,4361,536.1916145636959,99994,108,72,3,1,1642,751,0.02393143588615317,67,27,32271,23765,948,371,16602,25763,33738,20326,0,0,44720,956,759,12,5,0,0,0,0,0,53082,242,218,0,0,0,0,0
536,4361,537.3698210091262,99994,104,62,3,1,1658,755,0.024131447886873214,62,33,32167,23704,962,379,16701,25820,33893,20501,0,0,44385,963,784,13,5,0,0,0,0,0,53384,239,221,0,0,0,0,0
537,4361,538.552207892689,99994,114,71,3,1,1681,770,0.024511470688241294,53,27,32047,23671,973,380,16809,25849,34046,20675,0,0,44050,974,792,13,5,0,0,0,0,0,53700,236,224,0,0,0,0,0
538,4361,539.1441603578227,99994,113,70,3,1,1694,777,0.02471148268896134,57,25,31902,23580,975,385,16949,25938,34198,20848,0,0,43723,976,810,14,5,0,0,0,0,0,54006,235,225,0,0,0,0,0
539,4361,540.3360460975074,99994,105,59,3,1,1712,780,0.024921495289717384,61,28,31790,23530,996,396,17044,25985,34348,21020,0,0,43379,998,828,14,5,0,0,0,0,0,54310,235,225,0,0,0,0,0
540,4361,541.5320783696086,99994,104,55,3,1,1734,790,0.025241514490869452,54,25,31690,23478,1006,406,17142,26034,34497,21192,0,0,43052,1006,856,15,5,0,0,0,0,0,54601,232,227,0,0,0,0,0
541,4361,542.1308198490136,99994,107,56,3,1,1741,795,0.02536152169130148,54,26,31561,23373,1001,407,17273,26136,34645,21363,0,0,42738,1003,867,15,5,0,0,0,0,0,54907,230,229,0,0,0,0,0
542,4361,543.3361019508586,99994,109,52,3,1,1765,805,0.02570154209252555,51,23,31447,23338,1017,420,17372,26165,34791,21533,0,0,42409,1016,890,15,5,0,0,0,0,0,55200,230,229,0,0,0,0,0
543,4361,544.5455121738069,99994,108,55,3,1,1782,815,0.02597155829349761,55,22,31335,23292,1027,423,17471,26206,34936,21702,0,0,42086,1027,904,15,5,0,0,0,0,0,55498,228,231,0,0,0,0,0
544,4361,545.1511422368503,99994,104,56,3,1,1788,821,0.026091565493929637,59,18,31198,23190,1035,427,17600,26307,35079,21870,0,0,41766,1036,909,16,5,0,0,0,0,0,55804,227,231,0,0,0,0,0
545,4361,546.4627243596175,99994,104,57,3,1,1797,824,0.02621157269436166,70,16,31075,23123,1034,426,17713,26376,35221,22036,0,0,41457,1039,917,16,5,0,0,0,0,0,56102,225,233,0,0,0,0,0
546,4361,547.1354056450166,99994,105,56,3,1,1807,827,0.02634158049482969,72,16,30955,23046,1034,427,17830,26453,35361,22201,0,0,41154,1037,932,16,5,0,0,0,0,0,56392,225,233,0,0,0,0,0
547,4361,548.1018236575679,99994,102,54,3,1,1818,830,0.02648158889533372,73,13,30832,22976,1039,429,17950,26526,35500,22365,0,0,40853,1037,951,16,5,0,0,0,0,0,56674,223,235,0,0,0,0,0
548,4361,549.0712357730366,99994,107,49,3,1,1845,833,0.026781606896413786,60,21,30773,22967,1047,430,18009,26531,35638,22528,0,0,40545,1044,974,16,5,0,0,0,0,0,56952,223,235,0,0,0,0,0
549,4361,550.2851381738036,99994,102,41,3,1,1865,835,0.02700162009720583,58,25,30668,22943,1062,436,18106,26553,35774,22690,0,0,40236,1058,995,16,5,0,0,0,0,0,57226,220,238,0,0,0,0,0
550,4361,551.5255412572241,99994,91,43,3,1,1879,845,0.027241634498069885,61,24,30560,22922,1077,438,18207,26571,35909,22851,0,0,39931,1070,1016,16,5,0,0,0,0,0,57498,217,241,0,0,0,0,0
551,4361,552.1466344265058,99994,87,40,3,1,1884,849,0.027331639898393902,63,22,30460,22842,1077,444,18309,26650,36043,23011,0,0,39636,1075,1027,16,5,0,0,0,0,0,57777,213,245,0,0,0,0,0
552,4361,553.3963128003227,99994,80,43,3,1,1895,858,0.027531651899113947,60,16,30347,22792,1088,448,18421,26699,36175,23170,0,0,39340,1084,1042,16,5,0,0,0,0,0,58049,209,249,0,0,0,0,0
553,4361,554.0688950241503,99994,86,41,3,1,1906,862,0.02768166089965398,55,16,30242,22732,1084,451,18529,26758,36306,23328,0,0,39052,1087,1050,16,5,0,0,0,0,0,58326,205,253,0,0,0,0,0
554,4361,555.614011746003,99994,87,37,3,1,1924,865,0.027891673500410025,47,18,30157,22712,1093,451,18612,26780,36436,23485,0,0,38755,1098,1063,15,6,0,0,0,0,0,58599,205,253,0,0,0,0,0
555,4361,556.3510079395372,99994,88,34,3,1,1937,868,0.02805168310098606,45,23,30090,22711,1097,450,18676,26780,36564,23641,0,0,38475,1096,1083,15,6,0,0,0,0,0,58861,203,255,0,0,0,0,0
556,4361,557.6161594530996,99994,93,33,3,1,1954,873,0.02827169630177811,43,22,30026,22704,1098,456,18736,26783,36691,23795,0,0,38195,1096,1101,15,6,0,0,0,0,0,59123,202,256,0,0,0,0,0
557,4361,558.2490280988435,99994,92,32,3,1,1961,874,0.028351701102066123,43,23,29919,22633,1101,456,18841,26854,36817,23948,0,0,37915,1097,1108,16,6,0,0,0,0,0,59394,201,257,0,0,0,0,0
558,4361,559.5214021291625,99994,86,33,3,1,1978,883,0.02861171670300218,33,17,29874,22613,1108,460,18895,26875,36942,24100,0,0,37633,1104,1132,15,7,0,0,0,0,0,59645,200,258,0,0,0,0,0
559,4361,560.1575063908751,99994,82,33,3,1,1979,884,0.028631717903074186,35,17,29736,22505,1107,457,19036,26986,37065,24251,0,0,37368,1096,1146,15,7,0,0,0,0,0,59904,199,259,0,0,0,0,0
560,4361,561.3468625419464,99993,79,30,4,1,1988,889,0.02877201404098287,35,17,29662,22462,1112,462,19107,27027,37187,24401,0,0,37095,1097,1164,15,7,0,0,0,0,0,60157,198,260,0,0,0,0,0
561,4361,562.1939608572808,99993,78,28,4,1,1999,891,0.028902023141619913,33,18,29585,22432,1113,464,19186,27056,37308,24550,0,0,36825,1098,1179,15,7,0,0,0,0,0,60411,197,261,0,0,0,0,0
562,4361,563.4567226432781,99993,76,27,4,1,2013,895,0.029082035742501976,27,18,29530,22414,1117,465,19245,27074,37428,24697,0,0,36556,1103,1195,15,7,0,0,0,0,0,60659,194,264,0,0,0,0,0
563,4361,564.3488493379393,99993,71,26,4,1,2016,897,0.02913203924274699,27,18,29466,22370,1116,465,19315,27119,37546,24843,0,0,36292,1104,1205,15,7,0,0,0,0,0,60912,193,265,0,0,0,0,0
564,4361,565.2544696379207,99993,70,29,4,1,2024,901,0.029252047643335034,24,15,29375,22345,1117,463,19409,27146,37663,24988,0,0,36040,1097,1221,16,7,0,0,0,0,0,61155,189,268,0,0,0,0,0
565,4361,566.3746805698923,99993,61,27,4,1,2028,906,0.029342053943776064,26,13,29340,22376,1119,467,19449,27115,37779,25132,0,0,35776,1101,1233,17,8,0,0,0,0,0,61401,188,269,0,0,0,0,0
566,4361,567.6316540634058,99993,58,26,4,1,2037,909,0.029462062344364104,28,11,29295,22400,1116,468,19498,27093,37894,25275,0,0,35521,1098,1250,17,9,0,0,0,0,0,61641,188,269,0,0,0,0,0
567,4361,568.2379862762048,99993,58,27,4,1,2038,910,0.029482063744462113,27,10,29163,22289,1111,468,19636,27204,38008,25416,0,0,35279,1089,1260,17,9,0,0,0,0,0,61882,184,273,0,0,0,0,0
568,4361,569.3864070508156,99993,60,27,4,1,2046,914,0.029602072145050153,24,10,29099,22290,1108,472,19704,27199,38121,25556,0,0,35024,1093,1266,17,9,0,0,0,0,0,62127,182,275,0,0,0,0,0
569,4361,570.391830438661,99993,59,24,4,1,2053,916,0.029692078445491186,22,12,29043,22274,1103,477,19768,27211,38232,25695,0,0,34773,1094,1276,17,10,0,0,0,0,0,62366,182,275,0,0,0,0,0
570,4361,571.2419042421905,99993,53,24,4,1,2055,918,0.029732081245687197,28,12,28968,22250,1103,476,19843,27236,38342,25833,0,0,34532,1088,1292,17,10,0,0,0,0,0,62597,181,276,0,0,0,0,0
571,4361,572.4246315134891,99993,55,21,4,1,2064,920,0.029842088946226236,27,14,28908,22266,1101,479,19904,27218,38451,25970,0,0,34289,1088,1302,18,10,0,0,0,0,0,62829,177,280,0,0,0,0,0
572,4361,573.0900759719565,99993,58,22,4,1,2068,922,0.029902093146520255,29,14,28810,22202,1098,476,20000,27284,38559,26106,0,0,34055,1079,1313,18,10,0,0,0,0,0,63061,176,281,0,0,0,0,0
573,4361,574.4569529008965,99993,60,24,4,1,2079,928,0.030072105047353314,26,15,28770,22215,1099,477,20040,27267,38666,26240,0,0,33817,1077,1328,17,11,0,0,0,0,0,63286,176,281,0,0,0,0,0
574,4361,575.2189061001964,99993,59,24,4,1,2086,930,0.030162111347794347,22,14,28683,22186,1101,475,20130,27299,38772,26373,0,0,33576,1079,1336,17,11,0,0,0,0,0,63517,176,281,0,0,0,0,0
575,4361,576.1714465580517,99993,53,25,4,1,2092,935,0.030272119048333383,25,14,28655,22172,1105,476,20157,27311,38877,26505,0,0,33345,1074,1355,17,12,0,0,0,0,0,63733,175,282,0,0,0,0,0
576,4361,577.2478343998383,99993,61,25,4,1,2103,938,0.03041212884901943,22,12,28618,22194,1102,477,20192,27290,38981,26636,0,0,33114,1070,1365,17,12,0,0,0,0,0,63958,175,282,0,0,0,0,0
577,4361,578.5342826604466,99993,57,23,4,1,2105,940,0.030452131649215446,26,12,28542,22149,1102,478,20268,27336,39084,26766,0,0,32887,1068,1377,16,13,0,0,0,0,0,64175,172,285,0,0,0,0,0
578,4361,579.0090241097839,99993,60,26,4,1,2114,943,0.030572140049803485,22,11,28474,22106,1102,474,20337,27381,39185,26894,0,0,32663,1064,1386,16,14,0,0,0,0,0,64394,171,285,0,0,0,0,0
579,4361,580.0859195420755,99993,57,24,4,1,2126,945,0.030712149850489534,20,12,28463,22144,1107,473,20348,27345,39285,27021,0,0,32433,1068,1401,16,14,0,0,0,0,0,64605,170,286,0,0,0,0,0
580,4361,581.34132414932,99993,56,26,4,1,2128,948,0.030762153350734553,20,10,28386,22109,1108,471,20425,27382,39384,27147,0,0,32213,1064,1409,16,14,0,0,0,0,0,64821,169,287,0,0,0,0,0
581,4361,582.4482571126931,99993,51,25,4,1,2134,951,0.030852159651175583,18,9,28354,22112,1105,472,20467,27380,39482,27272,0,0,31994,1061,1427,16,14,0,0,0,0,0,65025,168,288,0,0,0,0,0
582,4361,583.0904056368857,99993,48,25,4,1,2136,952,0.030882161751322593,17,11,28277,22079,1102,472,20551,27411,39579,27396,0,0,31774,1060,1434,16,14,0,0,0,0,0,65239,168,288,0,0,0,0,0
583,4361,584.5164971291695,99993,37,20,4,1,2138,956,0.030942165951616613,18,11,28271,22123,1107,479,20562,27365,39675,27519,0,0,31553,1061,1452,18,14,0,0,0,0,0,65440,167,288,0,0,0,0,0
584,4361,585.2085440074771,99993,37,21,4,1,2143,957,0.031002170151910632,15,10,28177,22076,1104,477,20662,27414,39770,27641,0,0,31345,1054,1464,18,14,0,0,0,0,0,65643,165,290,0,0,0,0,0
585,4361,586.1733367394766,99993,37,20,4,1,2147,960,0.031072175052253657,15,13,28144,22073,1094,479,20705,27413,39864,27761,0,0,31134,1053,1473,18,14,0,0,0,0,0,65846,163,292,0,0,0,0,0
586,4361,587.0431949208499,99993,40,21,4,1,2152,962,0.03114217995259668,16,12,28069,22017,1087,479,20783,27469,39957,27880,0,0,30930,1045,1484,18,14,0,0,0,0,0,66047,163,292,0,0,0,0,0
587,4361,588.0679543271791,99993,34,19,4,1,2155,965,0.0312021841528907,18,12,28025,22012,1090,482,20828,27473,40049,27998,0,0,30719,1045,1496,19,14,0,0,0,0,0,66245,163,292,0,0,0,0,0
588,4361,589.2235030514056,99993,33,22,4,1,2163,971,0.03134219395357675,13,10,28016,22053,1088,482,20845,27431,40140,28115,0,0,30518,1040,1513,19,14,0,0,0,0,0,66434,161,294,0,0,0,0,0
589,4361,590.0912011387179,99993,29,25,4,1,2166,974,0.03140219815387077,14,8,27991,22061,1087,481,20874,27423,40230,28231,0,0,30314,1038,1522,19,14,0,0,0,0,0,66631,161,294,0,0,0,0,0
590,4361,591.2725700571528,99993,28,24,4,1,2168,975,0.03143220025401778,15,7,27943,22036,1082,483,20927,27448,40320,28346,0,0,30116,1031,1534,19,14,0,0,0,0,0,66824,161,294,0,0,0,0,0
591,4361,592.3184374848282,99993,26,23,4,1,2171,977,0.0314822037542628,19,8,27947,22068,1077,479,20926,27420,40409,28460,0,0,29916,1028,1545,19,14,0,0,0,0,0,67016,161,294,0,0,0,0,0
592,4361,593.1103343934777,99993,28,24,4,1,2173,980,0.03153220725450782,18,6,27871,22017,1071,479,21007,27472,40497,28572,0,0,29721,1026,1549,19,14,0,0,0,0,0,67209,158,297,0,0,0,0,0
593,4361,594.0131948383126,99993,27,22,4,1,2177,981,0.031582210754752836,15,6,27810,21998,1074,482,21069,27490,40584,28683,0,0,29521,1030,1553,19,14,0,0,0,0,0,67401,156,299,0,0,0,0,0
594,4361,595.1100527520372,99993,32,19,4,1,2183,982,0.03165221565509586,11,6,27779,21999,1069,483,21104,27491,40670,28793,0,0,29331,1026,1562,19,14,0,0,0,0,0,67586,154,301,0,0,0,0,0
595,4361,596.3087929477199,99993,32,16,4,1,2185,983,0.03168221775524287,16,6,27765,22036,1065,483,21117,27457,40755,28902,0,0,29142,1021,1573,19,14,0,0,0,0,0,67769,154,301,0,0,0,0,0
596,4361,597.1549410457135,99992,32,17,5,1,2188,986,0.031742539403152255,15,5,27709,22038,1061,482,21177,27456,40839,29010,0,0,28955,1017,1581,19,14,0,0,0,0,0,67951,152,303,0,0,0,0,0
597,4361,598.1423337244589,99992,30,17,5,1,2193,988,0.03181254500360029,16,5,27691,22064,1061,482,21196,27430,40922,29117,0,0,28769,1014,1593,18,15,0,0,0,0,0,68128,152,303,0,0,0,0,0
598,4361,599.0846234710702,99992,27,16,5,1,2195,989,0.031842547403792304,19,6,27640,22070,1064,476,21244,27430,41004,29223,0,0,28584,1011,1601,18,16,0,0,0,0,0,68307,152,303,0,0,0,0,0
599,4361,600.1589876339458,99992,29,16,5,1,2202,990,0.031922553804304345,16,7,27636,22098,1060,468,21253,27409,41086,29328,0,0,28403,1006,1612,18,16,0,0,0,0,0,68482,151,304,0,0,0,0,0
600,4361,601.1778154939577,99992,28,14,5,1,2206,992,0.03198255860468838,15,7,27594,22102,1058,467,21299,27408,41167,29432,0,0,28224,1001,1626,18,16,0,0,0,0,0,68652,150,305,0,0,0,0,0
601,4361,602.1916700061331,99992,29,14,5,1,2210,992,0.032022561804944394,15,8,27560,22127,1052,463,21338,27386,41247,29535,0,0,28048,995,1635,18,16,0,0,0,0,0,68825,149,306,0,0,0,0,0
602,4361,603.3532757685841,99992,24,14,5,1,2211,995,0.03206256500520042,17,6,27555,22159,1052,462,21346,27357,41326,29637,0,0,27864,999,1640,18,16,0,0,0,0,0,69000,148,307,0,0,0,0,0
603,4361,604.2252483068556,99992,24,14,5,1,2213,997,0.032102568205456435,20,4,27555,22182,1046,462,21349,27336,41404,29738,0,0,27690,994,1649,18,16,0,0,0,0,0,69170,148,307,0,0,0,0,0
604,4361,605.1695933267548,99992,25,13,5,1,2216,998,0.03214257140571246,20,5,27538,22212,1040,462,21371,27306,41481,29838,0,0,27521,988,1659,17,17,0,0,0,0,0,69335,147,308,0,0,0,0,0
605,4361,606.0086480997676,99992,26,13,5,1,2222,1000,0.0322225778062245,15,3,27484,22200,1044,461,21425,27321,41558,29937,0,0,27346,988,1666,17,17,0,0,0,0,0,69503,146,309,0,0,0,0,0
606,4361,607.1266349110941,99992,28,13,5,1,2228,1001,0.032292583406672536,14,5,27474,22224,1041,458,21437,27298,41634,30035,0,0,27181,980,1679,17,17,0,0,0,0,0,69663,145,310,0,0,0,0,0
607,4361,608.1802213410185,99992,27,12,5,1,2231,1002,0.03233258660692855,15,7,27468,22240,1034,457,21450,27282,41709,30132,0,0,27016,974,1691,17,17,0,0,0,0,0,69822,144,311,0,0,0,0,0
608,4361,609.2416331209082,99992,26,16,5,1,2236,1006,0.0324225938075046,13,3,27458,22286,1033,456,21464,27237,41783,30228,0,0,26849,971,1700,17,17,0,0,0,0,0,69983,144,311,0,0,0,0,0
609,4361,610.097402535901,99992,30,17,5,1,2241,1007,0.03248259860788863,8,4,27445,22291,1026,452,21485,27234,41856,30323,0,0,26690,962,1710,17,17,0,0,0,0,0,70141,144,311,0,0,0,0,0
610,4361,611.4620566340952,99992,24,12,5,1,2244,1007,0.03251260100808065,12,6,27477,22362,1024,453,21457,27165,41929,30417,0,0,26520,966,1720,17,17,0,0,0,0,0,70297,143,312,0,0,0,0,0
611,4361,612.1540224198487,99992,26,12,5,1,2246,1008,0.03254260340827266,12,6,27411,22336,1022,454,21523,27190,42001,30510,0,0,26358,963,1724,17,17,0,0,0,0,0,70458,143,312,0,0,0,0,0
612,4361,613.0065319431071,99992,26,11,5,1,2249,1009,0.03258260660852868,11,5,27392,22352,1023,451,21542,27179,42072,30602,0,0,26198,961,1731,17,17,0,0,0,0,0,70613,142,313,0,0,0,0,0
613,4361,614.5029917162069,99992,24,11,5,1,2251,1011,0.0326226098087847,12,4,27415,22397,1018,451,21525,27135,42142,30693,0,0,26039,960,1738,17,17,0,0,0,0,0,70766,141,314,0,0,0,0,0
614,4361,615.053575970235,99992,25,11,5,1,2252,1012,0.03264261140891271,16,3,27377,22427,1012,450,21564,27107,42212,30783,0,0,25888,952,1747,17,17,0,0,0,0,0,70916,140,315,0,0,0,0,0
615,4361,616.1957234376362,99992,27,10,5,1,2255,1012,0.03267261380910473,16,3,27352,22433,1010,451,21589,27101,42281,30872,0,0,25732,950,1751,17,17,0,0,0,0,0,71070,140,315,0,0,0,0,0
616,4361,617.0602356654246,99992,25,9,5,1,2257,1012,0.03269261540923274,15,5,27349,22456,1006,447,21599,27081,42349,30960,0,0,25582,944,1762,17,17,0,0,0,0,0,71215,140,315,0,0,0,0,0
617,4361,618.1630146183078,99992,26,8,5,1,2259,1013,0.03272261780942475,18,6,27327,22484,1003,447,21620,27053,42417,31047,0,0,25431,941,1766,17,18,0,0,0,0,0,71364,139,316,0,0,0,0,0
618,4361,619.6623815528725,99992,22,9,5,1,2260,1016,0.032762621009680776,20,3,27358,22562,1002,445,21592,26979,42484,31133,0,0,25285,936,1778,17,18,0,0,0,0,0,71503,137,318,0,0,0,0,0
619,4361,620.0721736693816,99992,21,10,5,1,2261,1017,0.032782622609808784,20,3,27308,22529,1002,444,21643,27012,42550,31218,0,0,25136,935,1781,17,18,0,0,0,0,0,71650,136,319,0,0,0,0,0
620,4361,621.0989650259592,99992,22,10,5,1,2264,1018,0.03282262581006481,19,2,27288,22557,995,443,21670,26986,42616,31302,0,0,24995,926,1793,17,18,0,0,0,0,0,71788,136,319,0,0,0,0,0
621,4361,622.2051549791619,99992,24,11,5,1,2268,1020,0.03288263061044883,18,2,27285,22627,992,440,21675,26918,42681,31385,0,0,24851,922,1800,17,18,0,0,0,0,0,71929,136,319,0,0,0,0,0
622,4361,623.2875049128479,99992,24,8,5,1,2270,1020,0.03290263221057685,18,2,27282,22653,993,435,21677,26900,42745,31467,0,0,24711,918,1809,17,18,0,0,0,0,0,72064,134,321,0,0,0,0,0
623,4361,624.2805282265101,99992,26,9,5,1,2275,1021,0.032962637010960874,16,2,27308,22730,990,430,21654,26827,42809,31549,0,0,24568,916,1812,17,19,0,0,0,0,0,72205,133,322,0,0,0,0,0
624,4361,625.4761159685316,99992,28,9,5,1,2277,1021,0.03298263861108889,15,3,27269,22713,985,429,21697,26844,42872,31630,0,0,24430,911,1817,17,19,0,0,0,0,0,72343,132,323,0,0,0,0,0
625,4361,626.1197634704648,99992,28,8,5,1,2280,1022,0.033022641811344906,15,4,27280,22753,982,429,21689,26804,42934,31710,0,0,24291,909,1824,17,19,0,0,0,0,0,72477,131,324,0,0,0,0,0
626,4361,627.0559156879405,99992,27,8,5,1,2282,1023,0.033052644211536926,14,3,27235,22730,981,428,21737,26829,42996,31789,0,0,24158,902,1835,17,19,0,0,0,0,0,72606,130,325,0,0,0,0,0
627,4361,628.0332299764104,99992,25,9,5,1,2286,1024,0.03310264821185695,13,3,27233,22758,983,426,21740,26802,43057,31867,0,0,24021,900,1843,17,19,0,0,0,0,0,72737,130,325,0,0,0,0,0
628,4361,629.0233461095596,99992,28,9,5,1,2291,1025,0.03316265301224098,9,3,27226,22808,981,426,21750,26752,43117,31944,0,0,23887,897,1848,18,19,0,0,0,0,0,72869,129,325,0,0,0,0,0
629,4361,630.1806613313041,99992,33,13,5,1,2299,1029,0.033282662613009044,31,26,27221,22845,979,422,21730,26692,43177,32020,0,0,23752,895,1852,18,19,0,1,0,0,0,73001,129,325,0,0,0,0,0
630,4361,631.0207148971718,99992,34,12,5,1,2305,1031,0.033362669013521085,33,29,27186,22836,980,425,21761,26696,43236,32096,0,0,23619,893,1854,17,20,0,4,0,0,5,73126,127,327,0,0,0,0,0
631,4361,632.0730250450871,99992,35,15,5,1,2311,1036,0.03347267781422514,34,26,27182,22848,980,425,21763,26684,43295,32171,0,0,23489,887,1860,17,20,0,7,0,0,9,73249,126,328,0,0,0,0,0
632,4361,633.2880133376111,99992,43,19,5,1,2327,1043,0.033702696215697256,27,26,27220,22912,982,426,21722,26615,43353,32245,0,0,23360,882,1865,17,20,0,9,0,0,18,73367,126,328,0,0,0,0,0
633,4361,634.253179212973,99992,46,20,5,1,2334,1047,0.03381270501640131,35,28,27222,22949,979,424,21712,26577,43410,32318,0,0,23237,874,1873,16,21,0,12,0,0,22,73483,125,329,0,0,0,0,0
634,4361,635.3023773532077,99992,50,24,5,1,2347,1053,0.03400272021761741,35,30,27217,22972,981,425,21711,26547,43467,32390,0,0,23109,868,1879,16,21,0,18,0,0,27,73600,124,330,0,0,0,0,0
635,4361,636.0019121323377,99992,48,30,5,1,2354,1060,0.03414273141851348,36,25,27194,22984,983,422,21733,26537,43523,32462,0,0,22984,862,1885,16,21,0,21,0,0,34,73715,124,330,0,0,0,0,0
636,4361,637.0521127818408,99992,50,37,5,1,2365,1068,0.03433274661972958,36,27,27192,23024,987,421,21729,26489,43579,32533,0,0,22859,858,1889,16,21,0,23,0,0,42,73830,124,330,0,0,0,0,0
637,4361,638.1022609815366,99992,47,39,5,1,2373,1075,0.034482758620689655,44,29,27206,23055,990,423,21707,26452,43634,32603,0,0,22739,852,1895,16,21,0,26,0,0,55,73934,122,332,0,0,0,0,0
638,4361,639.1517173459861,99992,46,39,5,1,2381,1079,0.03460276822145772,44,29,27223,23097,992,426,21689,26407,43689,32672,0,0,22615,849,1898,16,21,0,29,0,0,65,74045,122,332,0,0,0,0,0
639,4361,640.2006901880836,99992,47,48,5,1,2388,1090,0.03478278262260981,46,23,27220,23121,994,425,21687,26381,43743,32741,0,0,22495,845,1902,16,21,0,30,0,0,72,74157,122,332,0,0,0,0,0
640,4361,641.2495799477498,99992,53,45,5,1,2399,1093,0.03492279382350588,54,31,27225,23146,995,428,21667,26348,43796,32809,0,0,22378,839,1908,15,22,0,33,0,0,80,74263,122,332,0,0,0,0,0
641,4361,642.2981454950851,99992,62,48,5,1,2421,1099,0.03520281622529802,57,33,27226,23187,1003,430,21646,26300,43849,32876,0,0,22257,835,1909,16,24,0,38,0,0,88,74371,121,333,0,0,0,0,0
642,4361,643.3464642823027,99992,64,49,5,1,2434,1107,0.03541283302664213,69,40,27225,23208,1006,436,21630,26265,43901,32942,0,0,22136,833,1911,16,24,0,43,0,0,101,74474,121,333,0,0,0,0,0
643,4361,644.0452454020422,99992,67,51,5,1,2448,1115,0.035632850628050244,73,38,27225,23223,1011,438,21618,26248,43953,33008,0,0,22022,825,1919,16,24,0,48,0,0,113,74571,120,334,0,0,0,0,0
644,4361,645.0935974906505,99992,85,56,5,1,2473,1124,0.035972877830226416,79,43,27213,23278,1015,440,21602,26181,44004,33073,0,0,21904,823,1920,16,25,0,52,0,0,119,74679,120,334,0,0,0,0,0
645,4361,646.1418749233185,99992,96,54,5,1,2496,1131,0.03627290183214657,79,45,27209,23311,1024,447,21586,26141,44055,33137,0,0,21789,819,1924,16,25,0,57,0,0,135,74773,119,335,0,0,0,0,0
646,4361,647.1901392290717,99992,105,55,5,1,2520,1141,0.03661292903432275,87,46,27220,23351,1033,454,21549,26092,44105,33200,0,0,21674,817,1926,16,25,0,61,0,0,155,74864,119,335,0,0,0,0,0
647,4361,648.237959402369,99992,112,72,5,1,2539,1162,0.03701296103688295,104,37,27211,23388,1043,457,21524,26044,44155,33263,0,0,21557,817,1926,16,25,0,67,0,0,165,74965,117,337,0,0,0,0,0
648,4361,649.2856073734741,99991,118,68,6,1,2569,1172,0.037413367203048276,115,45,27207,23407,1060,471,21493,26007,44204,33325,0,0,21439,814,1929,16,26,0,77,0,0,191,75046,117,336,0,0,0,0,0
649,4361,650.3333458170356,99991,132,64,6,1,2601,1181,0.03782340410636957,126,52,27192,23443,1072,480,21471,25959,44253,33386,0,0,21327,809,1934,16,26,0,86,0,0,213,75127,115,338,0,0,0,0,0
650,4361,651.031891390229,99991,147,61,6,1,2631,1186,0.03817343560920483,111,60,27164,23447,1084,486,21487,25944,44301,33447,0,0,21213,806,1937,16,26,0,95,0,0,227,75218,114,339,0,0,0,0,0
651,4361,652.0805624839171,99991,154,70,6,1,2659,1203,0.03862347611285016,114,56,27173,23491,1102,494,21450,25887,44349,33507,0,0,21103,803,1940,16,26,0,101,0,0,250,75299,113,340,0,0,0,0,0
652,4361,653.1290780801312,99991,159,71,6,1,2694,1219,0.03913352201698153,120,67,27175,23512,1120,506,21419,25842,44396,33566,0,0,20993,798,1943,18,28,0,110,0,0,282,75368,111,340,0,0,0,0,0
653,4361,654.1773483373163,99991,179,76,6,1,2737,1236,0.039733576021841965,129,69,27159,23557,1138,516,21388,25780,44443,33625,0,0,20878,794,1947,18,28,0,123,0,0,304,75448,111,340,0,0,0,0,0
654,4361,655.2257431754297,99991,176,76,6,1,2761,1250,0.04011361022492024,144,78,27156,23596,1157,526,21360,25722,44489,33683,0,0,20772,791,1948,17,31,0,129,0,0,337,75515,111,340,0,0,0,0,0
655,4361,656.2740907661071,99991,189,84,6,1,2807,1273,0.040803672330509744,153,87,27130,23628,1182,540,21339,25659,44535,33741,0,0,20657,788,1949,18,33,0,143,0,0,368,75585,110,340,0,0,0,0,0
656,4361,657.3230145966139,99991,195,85,6,1,2843,1290,0.04133372003480313,169,92,27118,23670,1201,554,21310,25597,44581,33798,0,0,20547,782,1954,17,35,0,158,0,0,398,75650,109,341,0,0,0,0,0
657,4361,658.0224962123185,99991,215,87,6,1,2878,1302,0.041803762338610474,166,96,27114,23678,1210,562,21288,25575,44626,33854,0,0,20442,779,1957,17,35,0,165,0,0,416,75730,109,341,0,0,0,0,0
658,4361,659.0716850964257,99991,221,101,6,1,2919,1329,0.04248382354411897,189,98,27095,23710,1236,572,21252,25517,44671,33910,0,0,20335,775,1959,18,36,0,174,0,0,453,75791,109,341,0,0,0,0,0
659,4361,660.1210164917688,99991,248,114,6,1,2975,1356,0.04331389825084257,200,103,27064,23730,1252,585,21229,25466,44715,33965,0,0,20228,774,1957,18,39,0,185,0,0,482,75858,107,343,0,0,0,0,0
660,4361,661.1709944675009,99991,252,122,6,1,3020,1390,0.04410396935724215,230,106,27044,23750,1279,609,21188,25411,44759,34019,0,0,20121,770,1960,19,40,0,199,0,0,533,75900,105,344,0,0,0,0,0
661,4361,662.2211734030783,99991,274,117,6,1,3078,1412,0.04490404136372274,246,124,27033,23789,1308,629,21132,25339,44802,34073,0,0,20012,766,1963,20,40,0,214,0,0,580,75947,105,344,0,0,0,0,0
662,4361,663.2713247969035,99990,273,128,7,1,3118,1444,0.045624562456245625,285,138,27011,23821,1343,647,21080,25264,44845,34126,0,0,19898,766,1963,20,40,0,231,0,0,624,75999,105,344,0,0,0,0,0
663,4361,664.3218403159522,99990,317,138,7,1,3194,1478,0.04672467246724672,310,140,26973,23831,1367,665,21025,25224,44888,34179,0,0,19793,760,1969,20,41,1,247,0,0,660,76051,104,344,0,0,0,0,0
664,4361,665.0224379868372,99990,334,142,7,1,3236,1501,0.047374737473747375,331,151,26940,23844,1384,683,21003,25178,44930,34231,0,0,19692,759,1970,20,41,1,256,0,0,695,76108,103,345,0,0,0,0,0
665,4361,666.0742481502444,99990,382,165,7,1,3328,1542,0.048704870487048704,339,150,26902,23885,1415,698,20954,25100,44972,34283,0,0,19590,757,1972,20,44,1,266,0,0,741,76151,103,345,0,0,0,0,0
666,4361,667.1265393283953,99990,429,190,7,1,3433,1587,0.0502050205020502,351,154,26859,23931,1461,714,20892,25009,45013,34334,0,0,19479,752,1975,22,44,1,289,0,0,794,76186,102,346,0,0,0,0,0
667,4361,668.1796285809645,99989,466,187,8,1,3537,1618,0.05155567112382362,368,174,26821,23954,1520,744,20816,24939,45054,34384,0,0,19367,747,1976,24,47,1,313,0,0,865,76202,102,345,0,0,0,0,0
668,4361,669.2335284209718,99989,480,189,8,1,3633,1653,0.052865815239676366,407,199,26786,23983,1583,772,20735,24855,45095,34434,0,0,19251,741,1979,26,48,1,342,0,0,948,76206,102,345,0,0,0,0,0
669,4361,670.2879747481772,99989,516,201,8,1,3744,1700,0.05444598905879647,433,211,26735,24000,1653,803,20654,24783,45135,34483,0,0,19134,737,1980,28,53,1,374,0,0,1016,76220,100,346,0,0,0,0,0
670,4361,671.3437073303674,99989,558,228,8,1,3859,1759,0.056186180479852785,481,219,26676,24019,1708,832,20568,24700,45175,34532,0,0,19024,733,1980,30,57,1,398,0,0,1090,76231,99,346,0,0,0,0,0
671,4361,672.0481138733912,99989,621,236,8,1,3972,1797,0.057696346598125794,458,215,26621,24039,1750,858,20541,24650,45214,34580,0,0,18915,729,1983,31,58,1,423,0,0,1142,76262,99,346,0,0,0,0,0
672,4361,673.1062334725206,99989,620,264,8,1,4090,1861,0.059516546820150215,492,225,26565,24054,1855,891,20459,24564,45253,34628,0,0,18788,727,1980,34,63,1,463,0,0,1247,76242,98,346,0,0,0,0,0
673,4361,674.165935699204,99988,642,287,9,1,4208,1920,0.06128735448253791,514,246,26510,24059,1939,922,20385,24484,45292,34675,0,0,18671,725,1980,35,65,2,494,0,0,1341,76232,98,345,0,0,0,0,0
674,4361,675.2273274605319,99988,664,304,9,1,4339,1982,0.06321758611033323,559,269,26439,24056,2031,962,20297,24407,45330,34722,0,0,18546,723,1981,35,69,2,536,0,0,1447,76207,98,344,0,0,0,0,0
675,4361,676.2903578248619,99987,719,321,9,2,4494,2052,0.06546851090641784,596,279,26382,24072,2116,1006,20177,24319,45368,34768,0,0,18427,718,1982,38,71,2,574,0,0,1555,76178,96,346,0,0,0,0,0
676,4361,677.354366210166,99985,785,328,10,3,4676,2109,0.06786017902685403,614,308,26314,24075,2216,1054,20060,24231,45406,34814,0,0,18305,715,1978,39,81,2,615,0,0,1663,76145,95,347,0,0,0,0,0
677,4361,678.064407338119,99985,827,352,10,3,4787,2158,0.06946041906285944,635,325,26247,24061,2278,1076,20002,24182,45443,34859,0,0,18206,714,1978,40,83,2,632,0,0,1735,76153,95,347,0,0,0,0,0
678,4361,679.1315119771574,99985,851,399,10,3,4950,2255,0.07206080912136821,685,323,26179,24072,2394,1123,19880,24079,45480,34904,0,0,18083,709,1976,46,87,2,672,0,0,1871,76097,95,347,0,0,0,0,0
679,4361,680.200262383021,99984,900,442,10,4,5119,2355,0.07475196031365018,728,313,26095,24074,2498,1173,19768,23993,45516,34948,0,0,17956,705,1975,49,89,2,721,0,0,1993,76052,94,348,0,0,0,0,0
680,4361,681.2711943438154,99983,958,469,10,5,5325,2438,0.07764319934388846,786,335,25993,24062,2629,1225,19623,23903,45552,34992,0,0,17837,700,1972,54,96,2,759,0,0,2143,75979,94,347,0,0,0,0,0
681,4361,682.3443812261278,99983,1049,479,10,5,5564,2523,0.08088375023754038,810,379,25878,24037,2758,1291,19494,23808,45588,35035,0,0,17701,697,1968,56,103,2,818,0,0,2296,75901,93,348,0,0,0,0,0
682,4361,683.0615016072658,99983,1070,493,10,5,5696,2592,0.08289409199563925,872,389,25788,24001,2847,1341,19412,23770,45623,35078,0,0,17600,695,1964,57,110,2,843,0,0,2427,75844,92,349,0,0,0,0,0
683,4361,684.1402802463411,99979,1120,535,14,5,5914,2709,0.08624811210354175,903,397,25690,23988,2993,1407,19279,23667,45658,35120,0,0,17462,692,1959,60,119,2,902,0,0,2592,75751,92,348,0,0,0,0,0
684,4361,685.221562450276,99979,1228,561,14,5,6200,2839,0.09040898588703628,923,406,25583,23979,3142,1497,19109,23551,45693,35162,0,0,17323,685,1960,63,125,2,969,0,0,2795,75617,91,349,0,0,0,0,0
685,4361,686.305875177902,99978,1270,600,15,5,6459,2949,0.09410070215447398,981,441,25429,23979,3334,1559,18970,23415,45727,35203,0,0,17190,676,1952,70,139,2,1028,0,0,2998,75483,91,349,0,0,0,0,0
686,4361,687.0311726160562,99977,1311,607,16,5,6637,3021,0.09660221851025735,1009,480,25324,23952,3448,1613,18891,23342,45761,35244,0,0,17072,674,1951,72,144,2,1070,0,0,3146,75406,91,349,0,0,0,0,0
687,4361,688.1233181837964,99976,1372,668,17,5,6922,3169,0.10093422421381132,1070,474,25162,23928,3637,1697,18741,23227,45795,35285,0,0,16923,670,1945,78,158,2,1143,0,0,3354,75264,90,349,0,0,0,0,0
688,4361,689.2202508267998,99974,1453,720,18,6,7216,3315,0.1053373877208074,1131,519,24998,23901,3811,1780,18588,23073,45828,35325,0,0,16798,666,1937,81,178,2,1195,0,0,3575,75105,90,347,0,0,0,0,0
689,4361,690.3220398464084,99973,1520,743,19,6,7521,3461,0.10984965940804017,1212,540,24808,23867,4009,1894,18431,22949,45861,35365,0,0,16663,662,1933,83,194,2,1258,0,0,3844,74898,90,346,0,0,0,0,0
690,4361,691.0599002652106,99972,1562,768,20,6,7732,3571,0.11306165726403393,1258,562,24674,23836,4159,1964,18326,22863,45894,35404,0,0,16543,656,1925,86,210,2,1309,0,0,4023,74783,89,346,0,0,0,0,0
691,4361,692.172352089796,99972,1632,815,20,6,8087,3733,0.11823310526947545,1300,605,24498,23769,4404,2064,18145,22740,45927,35443,0,0,16412,652,1918,91,235,2,1367,0,0,4318,74544,89,344,0,0,0,0,0
692,4361,693.2910833916505,99970,1723,869,21,7,8446,3923,0.12372711813544063,1337,618,24321,23741,4640,2188,17957,22576,45959,35481,0,0,16252,648,1913,96,250,2,1455,0,0,4604,74320,89,341,0,0,0,0,0
693,4361,694.040051181882,99970,1768,899,21,7,8683,4029,0.12715814744423326,1391,673,24175,23693,4797,2250,17847,22477,45991,35519,0,0,16131,645,1911,98,263,2,1508,0,0,4795,74188,88,341,0,0,0,0,0
694,4361,695.1695204413658,99968,1869,951,23,7,9065,4214,0.13283250640204866,1481,706,23952,23641,5031,2360,17643,22334,46023,35557,0,0,15979,641,1907,103,279,3,1590,0,0,5091,73949,86,340,0,0,0,0,0
695,4361,696.3059065879422,99965,1983,1013,26,7,9495,4428,0.13927874756164657,1564,767,23724,23553,5285,2499,17417,22160,46054,35594,0,0,15827,637,1900,110,298,3,1672,0,0,5436,73660,83,339,0,0,0,0,0
696,4361,697.0675952163672,99964,2076,1036,26,8,9799,4576,0.1438017686367092,1606,805,23550,23477,5454,2611,17287,22062,46085,35631,0,0,15687,633,1900,116,310,3,1740,0,0,5670,73483,83,339,0,0,0,0,0
697,4361,698.2171854795885,99963,2187,1149,26,9,10264,4853,0.15122595360283306,1708,812,23309,23420,5739,2747,17030,21862,46116,35667,0,0,15508,620,1893,130,339,3,1855,0,0,6011,73187,79,338,0,0,0,0,0
698,4361,699.375660405352,99962,2306,1187,27,9,10729,5088,0.1582301274484304,1822,865,23023,23322,6009,2923,16812,21693,46147,35703,0,0,15337,618,1886,136,362,4,1955,0,0,6402,72846,79,337,0,0,0,0,0
699,4361,700.1535921134112,99960,2396,1231,29,9,11097,5263,0.1636654661864746,1881,882,22797,23260,6233,3040,16663,21577,46177,35739,0,0,15184,612,1881,145,383,4,2041,0,0,6679,72620,77,334,0,0,0,0,0
700,4361,701.3310894003126,99960,2581,1269,29,9,11682,5528,0.1721688675470188,1894,925,22519,23166,6550,3240,16426,21390,46207,35774,0,0,14992,606,1881,156,408,6,2163,0,0,7112,72226,76,334,0,0,0,0,0
701,4361,702.1222942615682,99954,2716,1290,32,12,12091,5697,0.1779618624567301,1931,954,22302,23086,6755,3365,16263,21292,46237,35809,0,0,14843,601,1878,164,420,6,2246,0,0,7414,71974,74,334,0,0,0,0,0
702,4361,703.3191538791427,99953,2838,1358,33,12,12691,5982,0.18681780436805298,2084,1060,21939,22967,7141,3543,15964,21059,46266,35844,0,0,14634,590,1861,179,463,7,2389,0,0,7878,71548,72,332,0,0,0,0,0
703,4361,704.1250494438821,99951,2912,1415,35,12,13092,6193,0.19294454282598472,2172,1086,21695,22882,7409,3679,15776,20925,46295,35878,0,0,14479,586,1855,188,489,8,2475,0,0,8209,71260,72,330,0,0,0,0,0
704,4361,705.3467453661042,99947,3096,1452,36,15,13772,6500,0.20282749857424434,2268,1151,21339,22775,7770,3906,15490,20700,46324,35912,0,0,14245,582,1833,199,546,11,2638,0,0,8691,70802,72,328,0,0,0,0,0
705,4361,706.1696498352219,99946,3195,1569,37,15,14249,6752,0.21012346667200288,2318,1186,21092,22671,8067,4013,15290,20545,46353,35945,0,0,14077,575,1827,209,571,15,2741,0,0,9032,70501,71,327,0,0,0,0,0
706,4361,707.0000462195038,99944,3277,1637,39,15,14722,7027,0.21761186264308013,2343,1218,20850,22552,8370,4185,15120,20392,46381,35978,0,0,13895,570,1821,217,611,16,2858,0,0,9424,70136,71,325,0,0,0,0,0
707,4361,708.260707106726,99940,3465,1718,42,16,15482,7416,0.22911747048228936,2406,1274,20458,22397,8784,4440,14844,20154,46409,36011,0,0,13665,559,1807,238,665,19,3017,0,0,10013,69568,69,320,0,0,0,0,0
708,4361,709.1113081652345,99939,3540,1812,43,16,16002,7715,0.23731476200482293,2480,1281,20179,22296,9122,4615,14635,19979,46437,36043,0,0,13488,558,1799,250,695,21,3124,0,0,10478,69141,67,318,0,0,0,0,0
709,4361,710.4046618169447,99935,3721,1891,47,16,16834,8140,0.24990243658377945,2574,1357,19764,22115,9599,4900,14294,19720,46465,36075,0,0,13221,550,1783,266,762,22,3321,0,0,11129,68499,66,316,0,0,0,0,0
710,4361,711.2788165220325,99933,3802,1969,48,17,17357,8434,0.2580829155534208,2676,1396,19469,21985,9913,5082,14091,19550,46492,36107,0,0,13049,542,1773,280,816,23,3424,0,0,11558,68087,66,315,0,0,0,0,0
711,4361,712.1631981152678,99928,3916,2001,51,19,17942,8724,0.266852133536146,2776,1447,19172,21855,10229,5288,13855,19389,46519,36138,0,0,12874,535,1765,295,863,25,3533,0,0,12060,67599,66,313,0,0,0,0,0
712,4361,713.0582008994339,99925,4055,2060,52,21,18576,9037,0.2763372529397048,2800,1510,18897,21711,10562,5483,13633,19214,46546,36169,0,0,12687,524,1756,320,921,28,3645,0,0,12539,67128,66,311,0,0,0,0,0
713,4361,714.4209004806215,99920,4176,2152,56,22,19513,9568,0.29104283426741395,2875,1549,18485,21510,11149,5856,13258,18910,46573,36200,0,0,12413,518,1736,355,1025,33,3829,0,0,13337,66298,66,310,0,0,0,0,0
714,4361,715.3429773910547,99916,4294,2212,59,23,20224,9917,0.3016633972536931,2892,1597,18174,21363,11561,6079,13019,18725,46599,36230,0,0,12202,511,1721,379,1110,35,3964,0,0,13876,65743,66,309,0,0,0,0,0
715,4361,716.2782199106297,99913,4317,2283,62,23,20869,10281,0.3117712409796523,3060,1622,17840,21223,11973,6317,12747,18531,46625,36260,0,0,11981,506,1712,411,1185,38,4100,0,0,14444,65164,66,306,0,0,0,0,0
716,4361,717.2279581731223,99907,4470,2309,67,24,21643,10657,0.32330066962274917,3104,1649,17472,21076,12406,6607,12480,18334,46651,36290,0,0,11767,495,1704,443,1270,46,4236,0,0,15034,64543,65,304,0,0,0,0,0
717,4361,718.1940340793093,99904,4576,2385,69,25,22402,11043,0.3347713805253043,3144,1669,17127,20944,12846,6854,12237,18122,46677,36319,0,0,11552,488,1696,473,1346,56,4372,0,0,15633,63922,64,302,0,0,0,0,0
718,4361,719.1774598186126,99902,4697,2483,71,25,23182,11476,0.3469199815819503,3170,1728,16809,20768,13279,7109,11973,17886,46702,36348,0,0,11317,482,1678,497,1456,58,4533,0,0,16221,63303,63,294,0,0,0,0,0
719,4361,720.1768910020694,99897,4828,2544,76,25,23964,11931,0.3593200997026938,3243,1712,16476,20586,13683,7430,11693,17702,46727,36377,0,0,11113,472,1659,542,1567,63,4648,0,0,16849,62631,60,293,0,0,0,0,0
720,4361,721.1924501733533,99893,4903,2663,79,26,24777,12405,0.3722182735527014,3274,1707,16142,20413,14174,7696,11427,17494,46752,36406,0,0,10875,467,1638,586,1685,70,4790,0,0,17479,61955,58,290,0,0,0,0,0
721,4361,722.2270335589945,99892,5014,2777,80,26,25640,12878,0.38559644415969246,3301,1705,15792,20259,14645,7971,11167,17261,46777,36434,0,0,10643,454,1621,627,1801,75,4937,0,0,18144,61249,56,285,0,0,0,0,0
722,4361,723.2810963770883,99885,5113,2785,84,29,26508,13306,0.39859838814636833,3315,1800,15462,20062,15138,8290,10887,17033,46802,36462,0,0,10408,447,1606,661,1924,84,5085,0,0,18853,60478,55,284,0,0,0,0,0
723,4361,724.3556046844773,99885,5291,2836,84,29,27462,13789,0.41298493267257347,3315,1868,15090,19868,15625,8623,10594,16775,46826,36490,0,0,10168,436,1597,695,2067,91,5246,0,0,19543,59707,54,281,0,0,0,0,0
724,4361,725.429424502346,99878,5402,2888,89,31,28379,14295,0.4272612587356575,3246,1865,14786,19674,16122,8982,10354,16559,46850,36517,0,0,9940,427,1577,743,2235,100,5383,0,0,20225,58915,51,282,0,0,0,0,0
725,4361,726.4685234616486,99873,5464,2944,94,31,29255,14756,0.4406696504560792,3258,1913,14475,19507,16584,9282,10124,16322,46874,36544,0,0,9707,417,1558,775,2394,115,5535,0,0,20888,58158,50,276,0,0,0,0,0
726,4361,727.4763277638419,99866,5556,2987,100,32,30048,15218,0.45326737828690444,3361,1992,14165,19312,16942,9580,9875,16096,46898,36571,0,0,9504,402,1535,811,2559,125,5664,0,0,21482,57464,48,272,0,0,0,0,0
727,4361,728.4581183890516,99862,5609,3057,102,34,30840,15687,0.4659129598846408,3436,2003,13876,19158,17350,9865,9626,15882,46922,36598,0,0,9282,394,1515,861,2706,138,5783,0,0,22087,56780,48,268,0,0,0,0,0
728,4361,729.4150278554974,99860,5672,3098,103,35,31640,16155,0.4786200680953335,3478,2015,13591,18982,17771,10194,9384,15675,46945,36624,0,0,9078,387,1497,905,2879,151,5893,0,0,22685,56071,48,266,0,0,0,0,0
729,4361,730.3481963476902,99854,5751,3122,106,38,32450,16589,0.49110701624371583,3429,2025,13356,18825,18160,10500,9197,15489,46968,36650,0,0,8880,383,1477,940,3054,162,6001,0,0,23278,55370,48,261,0,0,0,0,0
730,4361,731.2601114554275,99851,5808,3197,108,39,33245,17068,0.503880782365725,3385,1976,13115,18696,18561,10790,9022,15301,46991,36676,0,0,8687,370,1455,984,3243,182,6104,0,0,23816,54707,47,256,0,0,0,0,0
731,4361,732.1509776878245,99846,5789,3188,111,41,33976,17495,0.5155038759689923,3390,2033,12895,18526,18989,11104,8825,15107,47014,36701,0,0,8476,361,1432,1034,3447,193,6221,0,0,24368,54014,47,253,0,0,0,0,0
732,4361,733.0218054519754,99844,5794,3216,112,42,34660,17927,0.5266916389567725,3465,2030,12652,18385,19338,11399,8638,14927,47036,36726,0,0,8300,352,1420,1070,3630,210,6309,0,0,24880,53374,47,252,0,0,0,0,0
733,4361,734.2962176886053,99835,5798,3265,119,44,35733,18554,0.5437672159062453,3441,2034,12345,18178,19896,11814,8400,14664,47058,36751,0,0,8033,339,1397,1137,3904,241,6461,0,0,25614,52417,45,247,0,0,0,0,0
734,4361,735.1256384124032,99829,5906,3333,124,45,36475,18987,0.5555700247423093,3444,1974,12124,18059,20176,12068,8225,14520,47080,36776,0,0,7871,331,1385,1166,4102,262,6543,0,0,26019,51865,41,244,0,0,0,0,0
735,4361,736.3445821359954,99826,5958,3331,126,46,37530,19571,0.5720052892032136,3404,2028,11864,17858,20674,12476,7973,14260,47102,36800,0,0,7656,321,1352,1250,4401,289,6629,0,0,26704,50943,38,243,0,0,0,0,0
736,4361,737.1404591967936,99822,5966,3353,129,47,38190,19981,0.5827472901765142,3412,2026,11674,17708,20987,12740,7831,14125,47124,36824,0,0,7505,315,1332,1291,4589,308,6688,0,0,27178,50335,37,244,0,0,0,0,0
737,4361,738.3107341041372,99814,5926,3386,137,47,39140,20556,0.5980724146913259,3449,2072,11414,17506,21477,13102,7596,13886,47146,36848,0,0,7268,310,1302,1354,4852,347,6801,0,0,27842,49461,35,242,0,0,0,0,0
738,4361,739.0760551510011,99813,5953,3411,138,47,39799,20956,0.608688247021931,3383,2011,11276,17387,21781,13376,7468,13767,47167,36872,0,0,7135,304,1288,1402,5021,366,6837,0,0,28331,48857,33,239,0,0,0,0,0
739,4361,740.2043232191414,99808,5956,3398,143,47,40735,21488,0.6234269798012183,3360,2022,11042,17267,22218,13737,7280,13528,47188,36895,0,0,6929,296,1260,1477,5325,398,6919,0,0,28889,48048,30,237,0,0,0,0,0
740,4361,741.3099722480041,99806,6012,3451,145,47,41686,22038,0.6384786485782418,3267,2009,10853,17111,22645,14066,7077,13315,47209,36918,0,0,6734,282,1241,1536,5596,439,7012,0,0,29422,47281,29,234,0,0,0,0,0
741,4361,742.0352935788305,99805,5993,3441,146,47,42283,22395,0.6480436851861129,3277,2021,10706,17009,22915,14320,6962,13161,47230,36941,0,0,6592,281,1227,1555,5811,467,7077,0,0,29788,46747,29,231,0,0,0,0,0
742,4361,743.1075097901576,99804,5934,3463,146,48,43147,22920,0.6619674562141797,3258,2064,10515,16845,23356,14628,6790,12951,47251,36964,0,0,6415,272,1207,1625,6083,504,7123,0,0,30382,45941,28,224,0,0,0,0,0
743,4361,744.1605058039999,99797,5907,3439,151,50,44029,23433,0.6759922642965219,3183,2042,10329,16710,23794,14998,6635,12760,47271,36987,0,0,6218,265,1184,1685,6368,542,7200,0,0,30948,45139,28,220,0,0,0,0,0
744,4361,745.1957632227012,99793,5885,3469,154,51,44868,23953,0.6896375497279368,3089,1993,10170,16567,24208,15318,6493,12601,47291,37009,0,0,6030,258,1169,1746,6646,586,7268,0,0,31419,44427,27,217,0,0,0,0,0
745,4361,746.2149787253517,99790,5803,3455,156,52,45609,24437,0.7019340615292113,3150,2010,10006,16427,24550,15632,6334,12423,47311,37031,0,0,5857,251,1155,1814,6909,629,7326,0,0,31900,43714,25,210,0,0,0,0,0
746,4361,747.2203840527258,99788,5815,3438,158,52,46447,24904,0.7150258548122018,3085,2001,9858,16284,24909,15950,6174,12274,47331,37053,0,0,5675,245,1127,1865,7223,673,7394,0,0,32284,43072,24,206,0,0,0,0,0
747,4361,748.2116450322685,99785,5690,3421,161,52,47162,25400,0.7271834444054718,3061,1943,9735,16179,25311,16298,6041,12106,47351,37075,0,0,5499,242,1104,1919,7530,728,7458,0,0,32687,42391,22,205,0,0,0,0,0
748,4361,749.1900553699601,99782,5668,3495,163,53,47930,25930,0.7402136657914253,3029,1887,9578,16065,25657,16567,5904,11932,47371,37096,0,0,5367,235,1090,1981,7831,782,7476,0,0,33026,41772,21,201,0,0,0,0,0
749,4361,750.155602369223,99779,5540,3504,165,54,48615,26391,0.7517213040820213,3070,1890,9432,15948,25999,16840,5793,11763,47390,37117,0,0,5236,227,1073,2051,8124,838,7487,0,0,33393,41133,21,196,0,0,0,0,0
750,4361,751.1097682239473,99776,5508,3456,168,54,49342,26826,0.7633899935856319,3023,1879,9334,15846,26285,17138,5681,11626,47409,37138,0,0,5107,220,1058,2118,8396,903,7502,0,0,33756,40504,21,191,0,0,0,0,0
751,4361,752.0547565192084,99774,5492,3467,170,54,50057,27294,0.7752620923286628,2931,1802,9241,15779,26573,17409,5592,11488,47428,37159,0,0,4975,213,1041,2187,8687,958,7516,0,0,34052,39938,20,187,0,0,0,0,0
752,4361,753.300948262992,99768,5438,3417,174,56,51007,27857,0.7904738994467164,2820,1779,9128,15630,27001,17804,5438,11313,47447,37180,0,0,4828,205,1025,2265,9074,1036,7524,0,0,34486,39123,19,183,0,0,0,0,0
753,4361,754.2248820605962,99764,5442,3354,178,56,51692,28232,0.8011306683773706,2782,1775,9053,15562,27210,18058,5334,11194,47466,37200,0,0,4711,201,1013,2292,9372,1087,7551,0,0,34760,38578,19,180,0,0,0,0,0
754,4361,755.142041527471,99758,5373,3268,182,58,52315,28606,0.8111730387537841,2741,1746,8968,15490,27489,18361,5246,11076,47485,37220,0,0,4596,198,994,2354,9692,1135,7543,0,0,35004,38047,18,177,0,0,0,0,0
755,4361,756.0521293997283,99758,5284,3221,182,58,52924,29012,0.8213476613404439,2726,1707,8896,15408,27760,18648,5151,10957,47504,37240,0,0,4473,191,985,2403,9935,1214,7558,0,0,35309,37500,18,172,0,0,0,0,0
756,4361,757.2544680846235,99758,5253,3167,182,58,53756,29544,0.8350207502155216,2638,1659,8797,15343,28088,18983,5041,10789,47522,37260,0,0,4345,183,968,2475,10276,1299,7554,0,0,35673,36797,18,170,0,0,0,0,0
757,4361,758.1488436722468,99757,5200,3165,183,58,54363,29945,0.8451336748298365,2630,1620,8718,15266,28314,19222,4954,10668,47540,37280,0,0,4246,177,955,2532,10580,1345,7545,0,0,35883,36309,18,167,0,0,0,0,0
758,4361,759.0370076832238,99754,5090,3137,186,58,54954,30296,0.85460232171141,2619,1635,8627,15186,28597,19428,4880,10555,47558,37299,0,0,4148,170,942,2576,10827,1421,7536,0,0,36142,35808,18,166,0,0,0,0,0
759,4361,760.2104904971613,99750,4957,3130,187,61,55687,30792,0.8669573934837093,2572,1590,8556,15087,28948,19718,4779,10413,47576,37318,0,0,4017,165,923,2650,11164,1521,7533,0,0,36379,35215,18,165,0,0,0,0,0
760,4361,761.0831532191849,99748,4899,3095,189,61,56265,31139,0.8762481453262221,2517,1597,8515,15001,29176,19935,4703,10310,47594,37337,0,0,3940,163,915,2681,11453,1580,7506,0,0,36576,34751,18,165,0,0,0,0,0
761,4361,762.2387567368008,99745,4810,3057,191,62,56973,31600,0.8879943856834929,2463,1552,8465,14934,29471,20224,4599,10170,47612,37356,0,0,3822,160,902,2741,11766,1678,7498,0,0,36811,34186,17,164,0,0,0,0,0
762,4361,763.0993486800313,99743,4763,2997,192,63,57511,31933,0.8967446337086312,2418,1563,8422,14863,29663,20440,4541,10073,47629,37375,0,0,3738,155,890,2787,12013,1740,7482,0,0,37019,33740,17,162,0,0,0,0,0
763,4361,764.2402616326807,99743,4636,2948,192,63,58166,32373,0.9077228477186369,2360,1488,8383,14850,29964,20708,4464,9942,47646,37393,0,0,3646,151,878,2860,12324,1846,7435,0,0,37230,33197,16,160,0,0,0,0,0
764,4361,765.0904654720025,99740,4595,2890,194,64,58683,32684,0.9160517345097253,2287,1469,8356,14796,30161,20915,4406,9865,47663,37411,0,0,3569,144,866,2907,12567,1907,7412,0,0,37402,32793,16,157,0,0,0,0,0
765,4361,766.2181935116316,99738,4496,2827,196,64,59304,33084,0.92630692414125,2272,1429,8319,14793,30397,21146,4319,9740,47680,37429,0,0,3466,140,851,2954,12906,1994,7395,0,0,37539,32323,16,154,0,0,0,0,0
766,4361,767.0600014710373,99734,4446,2791,199,65,59775,33382,0.934054585196623,2244,1390,8270,14775,30573,21322,4267,9656,47697,37447,0,0,3403,137,847,2979,13123,2061,7372,0,0,37704,31941,16,151,0,0,0,0,0
767,4361,768.1760624254233,99731,4263,2759,202,65,60370,33781,0.9440494931365373,2196,1393,8247,14718,30898,21513,4193,9551,47714,37465,0,0,3299,135,834,3009,13469,2153,7362,0,0,37843,31461,16,150,0,0,0,0,0
768,4361,769.0080667898739,99729,4198,2732,204,65,60789,34099,0.9514584524060203,2181,1318,8229,14721,31034,21682,4153,9481,47731,37483,0,0,3237,130,830,3033,13710,2228,7341,0,0,37917,31140,16,147,0,0,0,0,0
769,4361,770.1135411308683,99724,4134,2614,207,67,61378,34455,0.9609823111788537,2150,1338,8206,14704,31214,21923,4088,9353,47748,37500,0,0,3163,127,816,3078,14033,2325,7313,0,0,38018,30690,14,147,0,0,0,0,0
770,4361,771.2143947652344,99722,4077,2634,209,67,61966,34877,0.9711297406790879,2056,1274,8191,14650,31432,22114,4034,9260,47764,37517,0,0,3073,121,810,3121,14294,2421,7305,0,0,38158,30264,13,142,0,0,0,0,0
771,4361,772.0368590140905,99722,4041,2555,209,67,62396,35124,0.9779186137462145,2018,1254,8152,14627,31583,22284,3996,9212,47780,37534,0,0,3022,119,802,3143,14510,2492,7273,0,0,38270,29939,12,140,0,0,0,0,0
772,4361,773.1294336330419,99720,3921,2489,211,67,62922,35471,0.9866927396710791,1974,1193,8115,14631,31831,22502,3947,9117,47796,37551,0,0,2933,115,792,3173,14791,2589,7254,0,0,38388,29535,12,138,0,0,0,0,0
773,4361,774.21698897052,99719,3881,2407,212,67,63461,35793,0.9953368966796698,1920,1177,8113,14625,31972,22693,3901,9030,47812,37568,0,0,2877,113,778,3216,15073,2672,7202,0,0,38495,29147,12,134,0,0,0,0,0
774,4361,775.0303696603377,99716,3789,2392,214,68,63853,36026,1.0016346423843716,1844,1175,8138,14618,32149,22778,3865,8968,47828,37585,0,0,2829,110,769,3237,15276,2757,7178,0,0,38531,28885,12,132,0,0,0,0,0
775,4361,776.1114986855558,99716,3694,2304,214,68,64340,36332,1.009587227726744,1860,1179,8152,14612,32281,22956,3798,8880,47844,37601,0,0,2755,108,756,3288,15527,2847,7145,0,0,38649,28500,12,129,0,0,0,0,0
776,4361,777.189475024854,99713,3679,2274,215,70,64866,36657,1.018152096517004,1793,1140,8141,14649,32433,23087,3738,8779,47860,37617,0,0,2701,106,746,3301,15764,2944,7116,0,0,38745,28150,12,128,0,0,0,0,0
777,4361,778.2639483815667,99711,3583,2239,216,71,65321,36960,1.0257744882711035,1768,1129,8167,14642,32579,23225,3686,8693,47875,37633,0,0,2652,104,736,3321,15987,3058,7081,0,0,38809,27826,12,125,0,0,0,0,0
778,4361,779.0679367053651,99710,3495,2223,216,72,65662,37209,1.0317019356132786,1723,1063,8185,14626,32715,23369,3665,8646,47890,37649,0,0,2605,104,727,3336,16147,3146,7062,0,0,38891,27557,12,123,0,0,0,0,0
779,4361,780.1379052091272,99709,3406,2179,217,72,66096,37477,1.0387527705623365,1694,1069,8211,14649,32850,23463,3621,8567,47905,37665,0,0,2559,102,719,3353,16358,3259,7034,0,0,38927,27263,12,123,0,0,0,0,0
780,4361,781.2052422040983,99706,3323,2121,220,72,66532,37753,1.045925019557499,1665,1061,8237,14661,32967,23613,3587,8471,47920,37681,0,0,2508,102,708,3364,16632,3353,7007,0,0,38916,26983,12,121,0,0,0,0,0
781,4361,782.0044673104658,99705,3243,2094,221,72,66864,37953,1.0512712501880548,1622,1058,8265,14635,33087,23718,3561,8422,47935,37697,0,0,2451,101,703,3378,16826,3421,6993,0,0,38915,26788,12,117,0,0,0,0,0
782,4361,783.0678054278442,99702,3139,2046,224,72,67255,38223,1.0579326392650097,1627,1027,8283,14665,33210,23843,3516,8346,47950,37712,0,0,2404,99,697,3412,17037,3518,6955,0,0,38953,26499,12,116,0,0,0,0,0
783,4361,784.1289412067345,99702,3126,2023,224,72,67676,38488,1.0648131431666366,1546,1012,8319,14679,33312,23932,3472,8281,47965,37727,0,0,2353,98,692,3418,17204,3619,6942,0,0,39006,26243,12,115,0,0,0,0,0
784,4361,785.1881162412825,99698,3052,1995,228,72,68080,38761,1.0716463720435716,1503,979,8372,14688,33409,24035,3435,8230,47980,37742,0,0,2309,97,685,3423,17429,3717,6911,0,0,39007,25993,12,115,0,0,0,0,0
785,4361,786.2461169051295,99698,2951,1954,228,72,68460,39021,1.0780657585909446,1462,983,8406,14671,33555,24142,3397,8177,47995,37757,0,0,2264,97,680,3462,17622,3820,6869,0,0,39037,25723,12,112,0,0,0,0,0
786,4361,787.0382927585416,99696,2867,1902,229,73,68712,39198,1.08239046701974,1462,972,8424,14683,33639,24223,3378,8146,48009,37772,0,0,2230,97,678,3464,17748,3908,6851,0,0,39072,25527,12,109,0,0,0,0,0
787,4361,788.0931053563236,99696,2880,1870,229,73,69139,39453,1.0892312630396406,1375,947,8460,14700,33707,24328,3348,8081,48023,37787,0,0,2183,94,672,3467,17934,4010,6837,0,0,39078,25301,12,108,0,0,0,0,0
788,4361,789.1468851299288,99693,2832,1842,231,74,69528,39691,1.095553348780757,1326,918,8500,14695,33786,24430,3324,8040,48037,37802,0,0,2143,94,664,3495,18134,4098,6799,0,0,39071,25076,11,108,0,0,0,0,0
789,4361,790.1999548892801,99691,2737,1799,232,75,69860,39932,1.1013230883429799,1275,866,8545,14730,33921,24539,3289,7990,48051,37816,0,0,2104,92,655,3515,18303,4210,6766,0,0,39071,24856,11,108,0,0,0,0,0
790,4361,791.2515119085032,99689,2638,1800,234,75,70201,40183,1.1072836521582121,1238,790,8582,14770,34041,24632,3266,7932,48065,37830,0,0,2055,90,652,3533,18488,4309,6737,0,0,39048,24658,11,108,0,0,0,0,0
791,4361,792.03930529318,99689,2599,1741,234,75,70428,40323,1.110965101465558,1238,808,8612,14795,34065,24687,3251,7893,48079,37844,0,0,2030,90,650,3541,18634,4361,6711,0,0,39059,24497,10,106,0,0,0,0,0
792,4361,793.089442555492,99686,2543,1699,235,77,70751,40541,1.1164255763096123,1227,791,8670,14797,34109,24789,3215,7846,48093,37858,0,0,2008,88,648,3547,18795,4456,6670,0,0,39082,24277,10,105,0,0,0,0,0
793,4361,794.1392524421428,99684,2500,1654,235,79,71095,40746,1.1219553789976324,1143,773,8736,14841,34193,24858,3192,7794,48107,37872,0,0,1975,86,647,3555,18959,4551,6643,0,0,39083,24071,10,104,0,0,0,0,0
794,4361,795.1886234657563,99681,2464,1647,235,82,71415,40960,1.1273462344880167,1105,765,8789,14874,34239,24895,3167,7736,48121,37886,0,0,1951,84,643,3563,19104,4648,6615,0,0,39066,23893,10,104,0,0,0,0,0
795,4361,796.2375977891809,99680,2366,1583,235,83,71702,41144,1.1320826645264848,1108,776,8828,14914,34316,24965,3146,7678,48134,37900,0,0,1933,82,637,3583,19285,4743,6558,0,0,39037,23710,10,102,0,0,0,0,0
796,4361,797.0240814086666,99680,2303,1528,235,83,71918,41278,1.135593900481541,1074,744,8903,14945,34343,25048,3141,7651,48147,37914,0,0,1915,82,632,3593,19433,4811,6521,0,0,39004,23578,10,101,0,0,0,0,0
797,4361,798.0733320310765,99680,2237,1487,235,83,72180,41467,1.1401183788121991,1075,730,8960,14978,34368,25118,3124,7603,48160,37927,0,0,1893,81,631,3600,19569,4905,6485,0,0,38994,23413,10,99,0,0,0,0,0
798,4361,799.123006015641,99679,2170,1453,235,84,72452,41649,1.1446844370429077,1056,733,9019,15000,34417,25181,3102,7548,48173,37940,0,0,1870,80,627,3608,19727,4989,6450,0,0,38971,23248,10,99,0,0,0,0,0
799,4361,800.1725736623814,99677,2154,1422,235,86,72743,41827,1.1494126027067428,1026,721,9057,15038,34440,25228,3087,7504,48186,37953,0,0,1850,78,624,3615,19865,5066,6420,0,0,38967,23083,10,99,0,0,0,0,0
800,4361,801.2222926719467,99677,2090,1417,235,86,72998,42008,1.1537867311415873,1008,700,9138,15085,34467,25248,3061,7463,48199,37966,0,0,1825,76,621,3631,20002,5145,6385,0,0,38943,22940,10,99,0,0,0,0,0
801,4361,802.0097790816541,99676,2091,1381,236,86,73211,42142,1.1572795858581806,974,670,9184,15125,34463,25289,3051,7448,48212,37979,0,0,1802,74,617,3638,20112,5197,6362,0,0,38935,22830,10,99,0,0,0,0,0
802,4361,803.060775391542,99676,2046,1370,236,86,73472,42323,1.161713953208395,956,637,9247,15179,34482,25326,3032,7401,48225,37992,0,0,1774,74,615,3641,20249,5275,6338,0,0,38912,22689,10,99,0,0,0,0,0
803,4361,804.1122729616851,99674,1999,1322,237,87,73722,42486,1.1658807713144852,947,629,9292,15206,34509,25394,3015,7361,48238,38005,0,0,1755,73,612,3646,20376,5366,6300,0,0,38886,22553,10,97,0,0,0,0,0
804,4361,805.1640788753608,99674,1962,1305,237,87,73983,42660,1.1702449986957482,892,601,9382,15270,34527,25417,2999,7319,48251,38018,0,0,1726,73,609,3661,20484,5452,6273,0,0,38873,22417,9,97,0,0,0,0,0
805,4361,806.2169936483874,99672,1935,1255,238,88,74222,42815,1.1742214463440084,877,612,9479,15320,34485,25462,2985,7262,48263,38030,0,0,1707,72,603,3674,20622,5509,6234,0,0,38884,22262,8,97,0,0,0,0,0
806,4361,807.0079320071474,99672,1914,1252,238,88,74395,42952,1.1773316478047997,873,584,9526,15340,34477,25502,2971,7233,48275,38042,0,0,1691,71,600,3671,20714,5562,6218,0,0,38878,22162,8,97,0,0,0,0,0
807,4361,808.0634676496932,99669,1887,1203,240,89,74623,43094,1.1810793727237154,863,574,9563,15397,34488,25537,2958,7199,48287,38054,0,0,1672,69,596,3671,20839,5636,6190,0,0,38845,22046,8,97,0,0,0,0,0
808,4361,809.1191405863489,99669,1841,1169,240,89,74879,43237,1.185082623483731,812,559,9639,15477,34525,25540,2942,7165,48299,38066,0,0,1654,69,591,3675,20964,5723,6160,0,0,38810,21918,8,97,0,0,0,0,0
809,4361,810.1755998953636,99667,1774,1158,241,90,75076,43393,1.1886481985010084,794,534,9721,15514,34542,25562,2927,7141,48311,38078,0,0,1633,69,586,3683,21054,5810,6136,0,0,38788,21804,8,96,0,0,0,0,0
810,4361,811.232966160551,99666,1735,1097,241,91,75280,43513,1.1919109826821583,783,539,9802,15557,34524,25619,2914,7096,48323,38090,0,0,1616,68,582,3688,21181,5874,6102,0,0,38763,21688,8,96,0,0,0,0,0
811,4361,812.0269998192076,99665,1680,1084,242,91,75432,43626,1.1945818491948026,766,531,9860,15597,34544,25631,2907,7065,48335,38102,0,0,1605,67,580,3693,21256,5931,6071,0,0,38780,21578,8,96,0,0,0,0,0
812,4361,813.0865043880716,99664,1599,1076,243,91,75619,43768,1.1978949269545673,769,506,9952,15671,34551,25627,2885,7028,48347,38114,0,0,1587,66,578,3706,21376,5995,6036,0,0,38751,21465,8,96,0,0,0,0,0
813,4361,814.1469866255445,99664,1561,1048,243,91,75813,43885,1.201015411783593,748,510,10043,15740,34529,25617,2875,6993,48359,38126,0,0,1564,62,575,3704,21480,6054,6019,0,0,38743,21361,8,94,0,0,0,0,0
814,4361,815.2089483646789,99664,1532,1037,243,91,76013,44031,1.2044870765772997,727,473,10135,15813,34501,25620,2861,6965,48371,38138,0,0,1545,62,570,3708,21585,6119,5998,0,0,38720,21255,8,94,0,0,0,0,0
815,4361,816.0066522721028,99663,1485,992,244,91,76142,44121,1.2066965674322467,708,468,10190,15847,34516,25652,2856,6949,48383,38149,0,0,1528,59,569,3697,21669,6178,5988,0,0,38698,21175,8,94,0,0,0,0,0
816,4361,817.0711557723738,99662,1468,963,245,91,76337,44265,1.2101101723826533,692,437,10253,15913,34504,25679,2837,6916,48394,38160,0,0,1516,58,566,3684,21761,6247,5969,0,0,38705,21054,8,94,0,0,0,0,0
817,4361,818.1368606386088,99662,1427,930,245,91,76517,44375,1.213020007625775,670,442,10345,15986,34489,25673,2823,6877,48405,38171,0,0,1496,58,565,3687,21844,6313,5945,0,0,38694,20959,8,93,0,0,0,0,0
818,4361,819.2039071845139,99662,1398,911,245,91,76708,44511,1.2163010977102606,646,415,10419,16041,34479,25688,2812,6853,48416,38182,0,0,1480,58,561,3674,21938,6386,5921,0,0,38679,20864,8,93,0,0,0,0,0
819,4361,820.0051704957955,99662,1373,889,245,91,76852,44601,1.218649033734021,615,416,10500,16103,34463,25680,2803,6820,48427,38193,0,0,1471,58,559,3675,22018,6431,5892,0,0,38676,20781,8,93,0,0,0,0,0
820,4361,821.0749311629943,99661,1349,843,245,92,77030,44712,1.2215610921022266,589,406,10592,16159,34438,25702,2786,6797,48438,38204,0,0,1457,58,555,3670,22107,6495,5871,0,0,38670,20678,8,92,0,0,0,0,0
821,4361,822.1466033681919,99660,1319,820,246,92,77194,44829,1.22439293598234,576,371,10684,16221,34398,25718,2776,6777,48449,38215,0,0,1446,58,553,3673,22216,6548,5843,0,0,38623,20600,8,92,0,0,0,0,0
822,4361,823.2200671369434,99659,1280,797,246,93,77350,44927,1.226953912842794,574,364,10765,16287,34378,25697,2756,6761,48460,38226,0,0,1431,57,552,3669,22293,6615,5823,0,0,38587,20532,8,92,0,0,0,0,0
823,4361,824.0262612803126,99658,1257,773,246,94,77467,44991,1.2287824359308837,585,377,10832,16320,34327,25691,2752,6744,48471,38237,0,0,1424,56,550,3670,22357,6656,5797,0,0,38575,20473,8,92,0,0,0,0,0
824,4361,825.1030007532559,99658,1236,761,246,94,77634,45092,1.231471632984808,553,361,10936,16399,34284,25666,2744,6718,48482,38248,0,0,1411,56,548,3672,22438,6711,5772,0,0,38543,20407,8,92,0,0,0,0,0
825,4361,826.182323052087,99657,1200,756,247,94,77778,45197,1.2339825601814223,557,358,11034,16463,34219,25645,2742,6683,48493,38258,0,0,1400,56,548,3682,22490,6777,5743,0,0,38524,20338,8,91,0,0,0,0,0
826,4361,827.263871450387,99656,1160,736,248,94,77923,45277,1.236252709320061,526,378,11105,16544,34225,25592,2735,6655,48504,38268,0,0,1377,56,546,3693,22524,6852,5722,0,0,38497,20291,8,90,0,0,0,0,0
827,4361,828.0754225006516,99656,1126,705,248,94,78030,45339,1.2379485429878783,513,381,11161,16607,34219,25581,2732,6631,48515,38278,0,0,1365,56,545,3683,22586,6892,5709,0,0,38502,20220,8,90,0,0,0,0,0
828,4361,829.1588220213413,99655,1113,691,249,94,78191,45437,1.240559931764588,480,354,11249,16679,34182,25578,2726,6603,48526,38288,0,0,1355,55,541,3671,22670,6946,5690,0,0,38474,20155,8,90,0,0,0,0,0
829,4361,830.2441360373989,99655,1058,671,249,94,78320,45535,1.2428377903768,463,339,11355,16790,34158,25536,2716,6569,48536,38298,0,0,1344,55,541,3670,22755,7007,5670,0,0,38425,20090,8,90,0,0,0,0,0
830,4361,831.0593461622534,99655,1035,663,249,94,78413,45602,1.2444433294867292,451,324,11417,16848,34136,25517,2711,6553,48546,38308,0,0,1332,55,540,3673,22811,7035,5649,0,0,38418,20044,8,90,0,0,0,0,0
831,4361,832.147970851591,99654,970,640,250,94,78516,45679,1.2462620667509583,473,306,11491,16936,34118,25490,2697,6533,48556,38318,0,0,1321,55,538,3675,22862,7091,5623,0,0,38407,19984,8,90,0,0,0,0,0
832,4361,833.2380098292286,99653,964,618,250,95,78652,45760,1.2484521288872388,461,292,11571,17009,34066,25473,2687,6512,48566,38328,0,0,1308,55,535,3681,22920,7136,5601,0,0,38393,19926,8,90,0,0,0,0,0
833,4361,834.0567971721542,99651,941,606,251,96,78745,45826,1.2500727539111498,452,279,11631,17066,34037,25452,2687,6500,48576,38338,0,0,1302,55,533,3674,22954,7184,5586,0,0,38385,19880,8,90,0,0,0,0,0
834,4361,835.1503618075109,99650,931,576,251,97,78879,45900,1.2521726041144003,436,276,11744,17164,33964,25416,2673,6470,48586,38348,0,0,1288,54,533,3665,23026,7224,5572,0,0,38375,19817,8,88,0,0,0,0,0
835,4361,836.2469090382458,99649,912,577,252,97,79008,45988,1.2543628134752982,420,256,11816,17254,33929,25366,2670,6449,48596,38358,0,0,1277,54,532,3658,23074,7275,5560,0,0,38362,19762,7,88,0,0,0,0,0
836,4361,837.0703975908157,99649,871,556,252,97,79083,46034,1.2555770755351283,420,262,11889,17324,33896,25336,2671,6424,48606,38368,0,0,1270,53,532,3658,23112,7318,5543,0,0,38347,19721,7,88,0,0,0,0,0
837,4361,838.1701924710306,99649,847,550,252,97,79198,46113,1.2575239089203103,433,252,11982,17403,33828,25286,2657,6411,48616,38377,0,0,1259,53,531,3647,23178,7357,5530,0,0,38329,19670,7,88,0,0,0,0,0
838,4361,839.2724892281293,99649,850,517,252,97,79338,46169,1.2594908127527622,410,250,12056,17487,33784,25260,2647,6388,48626,38386,0,0,1255,53,528,3642,23244,7402,5506,0,0,38307,19618,7,87,0,0,0,0,0
839,4361,840.100581249865,99648,844,510,253,97,79430,46219,1.2609284682080926,393,251,12154,17557,33712,25212,2643,6372,48636,38395,1,1,1241,52,528,3640,23276,7435,5496,0,0,38300,19585,7,87,0,0,0,0,1
840,4361,841.2074284062548,99648,815,519,253,97,79536,46305,1.2628552504816957,391,211,12254,17641,33647,25176,2639,6355,48646,38404,2,2,1232,52,526,3639,23316,7488,5477,0,0,38281,19542,7,85,0,1,0,0,2
841,4361,842.0393334611517,99648,796,498,253,97,79615,46351,1.264109666024406,389,213,12309,17708,33614,25153,2638,6330,48656,38413,3,3,1226,52,523,3641,23352,7529,5461,0,0,38262,19506,7,84,0,2,0,0,3
842,4361,843.15059544359,99648,774,490,253,97,79718,46417,1.2658056358381502,383,198,12402,17784,33550,25119,2637,6311,48666,38422,4,4,1218,52,522,3642,23392,7569,5440,0,0,38262,19455,7,84,0,2,0,0,3
843,4361,844.2644407752189,99648,774,468,253,97,79827,46473,1.267461464354528,353,190,12532,17880,33459,25068,2628,6296,48675,38431,6,5,1209,52,522,3644,23426,7612,5423,0,0,38253,19409,7,84,0,4,0,0,3
844,4361,845.1020332602999,99647,735,462,254,97,79901,46527,1.2687587182755125,348,183,12599,17926,33435,25045,2628,6286,48684,38440,9,6,1203,52,521,3626,23484,7641,5413,0,0,38243,19362,7,84,0,7,1,0,3
845,4361,846.2210073600878,99647,721,440,254,97,79989,46572,1.2700934298072195,339,199,12693,17998,33370,24991,2622,6274,48693,38449,13,7,1196,51,521,3613,23532,7677,5403,0,0,38221,19328,7,83,0,11,1,0,3
846,4361,847.0619462505548,99645,712,437,255,98,80062,46626,1.2713934467359125,322,175,12785,18066,33309,24959,2616,6264,48702,38458,18,8,1186,51,519,3609,23577,7701,5393,0,0,38195,19304,6,84,0,16,1,0,3
847,4361,848.185816040075,99645,687,423,255,98,80161,46683,1.2729590044658539,301,166,12904,18172,33237,24895,2615,6245,48711,38467,25,9,1180,50,519,3610,23623,7747,5368,0,0,38164,19266,6,84,0,21,1,0,6
848,4361,849.0309733163309,99644,668,406,256,98,80228,46725,1.2740656737987235,308,158,12983,18243,33174,24849,2610,6245,48720,38476,33,10,1172,50,517,3616,23655,7777,5354,0,0,38150,19228,6,83,0,26,1,0,9
849,4361,850.1607737716557,99644,652,388,256,98,80310,46775,1.275390389787644,304,158,13078,18340,33100,24779,2609,6236,48729,38485,43,11,1166,50,517,3604,23702,7815,5345,0,0,38125,19190,6,83,0,29,1,0,11
850,4361,851.0099832020308,99644,644,381,256,98,80380,46809,1.2764341054152784,269,159,13151,18386,33073,24745,2606,6230,48738,38493,55,12,1165,50,516,3601,23728,7843,5330,0,0,38118,19153,6,83,0,36,1,0,14
851,4361,852.1441482978781,99643,594,367,257,98,80456,46853,1.277651214836968,271,155,13268,18469,33006,24687,2603,6223,48747,38501,69,13,1150,50,513,3606,23760,7887,5321,0,0,38091,19113,6,83,0,42,1,0,20
852,4361,853.2815772424675,99643,568,336,257,98,80527,46891,1.2787451200786808,259,154,13387,18532,32925,24659,2603,6220,48756,38509,85,14,1141,50,512,3606,23801,7921,5309,0,0,38067,19069,6,83,0,51,1,0,26
853,4361,854.1368994684466,99643,540,323,257,98,80580,46923,1.2795981654506587,265,158,13459,18591,32879,24600,2599,6229,48765,38517,104,15,1134,49,510,3605,23828,7955,5301,0,0,38041,19040,6,81,0,61,1,0,31
854,4361,855.2798241536998,99643,525,322,257,98,80653,46965,1.2807522856598055,251,153,13581,18684,32789,24515,2596,6227,48774,38525,125,17,1131,49,510,3602,23859,7990,5286,0,0,38010,19008,6,81,0,72,1,0,38
855,4361,856.1393288196792,99642,515,314,258,98,80707,46998,1.2816382649886593,248,150,13664,18750,32724,24457,2590,6230,48783,38533,149,19,1128,49,508,3601,23885,8015,5268,0,0,37996,18974,6,81,0,80,1,0,50
856,4361,857.0004903054115,99642,515,302,258,98,80758,47028,1.2824511752072418,247,142,13743,18813,32647,24401,2589,6243,48792,38541,176,21,1120,49,507,3596,23913,8036,5260,0,0,37975,18945,6,81,0,92,2,0,60
857,4361,858.15201110545,99642,488,301,258,98,80819,47072,1.2835049477128118,244,141,13848,18887,32572,24316,2589,6256,48801,38549,206,23,1115,48,506,3586,23955,8064,5252,0,0,37942,18905,6,81,0,110,2,0,70
858,4361,859.0176582381716,99642,486,305,258,98,80875,47107,1.284418217217639,235,123,13919,18949,32512,24249,2589,6275,48810,38557,239,26,1105,48,505,3584,23970,8087,5243,0,0,37927,18878,6,80,1,126,3,0,79
859,4361,860.1748505006004,99642,469,288,258,98,80933,47140,1.2853314867224663,239,120,14044,19034,32403,24166,2586,6293,48818,38565,276,29,1101,48,502,3582,23994,8122,5231,0,0,37901,18839,6,80,1,143,5,0,87
860,4361,861.045539549847,99642,450,276,258,98,80974,47164,1.2859838220830573,240,123,14126,19101,32347,24080,2578,6321,48826,38573,317,32,1100,48,502,3575,24004,8160,5221,0,0,37874,18805,6,80,1,162,5,0,99
861,4361,862.2094647572133,99642,448,248,258,98,81047,47196,1.2870375945886272,214,113,14251,19177,32249,24018,2579,6345,48834,38581,361,36,1096,48,502,3573,24030,8198,5210,0,0,37840,18755,6,79,1,182,5,0,117
862,4361,863.0848194844582,99641,432,232,258,99,81083,47214,1.287592456920344,213,120,14332,19219,32181,23952,2583,6377,48842,38589,409,40,1094,48,501,3570,24049,8226,5199,0,0,37809,18716,6,79,1,203,5,0,135
863,4361,864.2552739377506,99641,412,220,258,99,81140,47242,1.2884455194146989,205,115,14441,19293,32099,23870,2584,6402,48850,38597,462,45,1087,48,501,3570,24063,8264,5186,0,0,37764,18680,6,79,1,233,5,0,154
864,4361,865.1356035475678,99641,401,216,258,99,81179,47273,1.2891480414688732,210,107,14517,19354,32029,23787,2584,6436,48858,38605,519,50,1086,48,501,3565,24074,8298,5174,0,0,37725,18644,6,79,1,262,5,0,173
865,4361,866.0178018944005,99641,394,221,258,99,81220,47303,1.289860599552393,189,109,14614,19386,31958,23707,2586,6477,48866,38612,580,56,1083,48,500,3563,24079,8324,5162,0,0,37696,18607,6,79,1,298,5,0,190
866,4361,867.197533083323,99641,370,213,258,99,81270,47333,1.2906634819000211,198,113,14720,19455,31871,23607,2582,6512,48874,38619,646,62,1077,48,499,3562,24101,8356,5151,0,0,37644,18565,6,79,1,338,6,0,208
867,4361,868.0847059609378,99641,358,205,258,99,81309,47352,1.2912455716020514,197,115,14809,19501,31794,23516,2583,6563,48882,38626,716,69,1074,48,499,3559,24089,8401,5140,0,0,37601,18534,6,78,2,376,6,0,228
868,4361,869.2708325193336,99641,350,182,258,99,81371,47377,1.2921187061550967,177,112,14899,19573,31731,23426,2584,6607,48890,38633,791,77,1066,48,498,3557,24111,8437,5129,0,0,37539,18491,6,78,2,423,6,0,250
869,4361,870.1624430783475,99641,335,190,258,99,81402,47403,1.2926907598277817,170,104,14982,19614,31666,23326,2588,6666,48898,38640,871,86,1065,48,498,3558,24107,8465,5113,0,0,37501,18451,6,76,4,471,6,0,272
870,4361,871.0560911642254,99641,344,185,258,99,81446,47426,1.2933631737939202,168,102,15072,19671,31568,23217,2589,6725,48906,38647,956,95,1062,48,498,3555,24112,8492,5103,0,0,37452,18407,6,76,4,519,6,0,301
871,4361,872.2516794495513,99641,341,173,258,99,81494,47450,1.2940857679067854,161,93,15172,19731,31481,23120,2586,6783,48914,38654,1046,105,1058,48,496,3555,24116,8532,5093,0,0,37398,18361,6,76,4,559,7,0,332
872,4361,873.1506903007692,99641,338,168,258,99,81540,47472,1.294768217902269,142,84,15262,19768,31400,23028,2599,6852,48922,38661,1142,116,1054,48,496,3551,24101,8578,5087,0,0,37353,18305,6,76,4,604,7,0,371
873,4361,874.0523634258814,99641,319,167,258,99,81568,47486,1.2951897311347738,147,81,15340,19813,31327,22916,2608,6923,48930,38668,1243,128,1051,48,493,3543,24096,8623,5077,0,0,37291,18275,6,75,4,652,9,0,398
874,4361,875.2581330986769,99641,307,166,258,99,81608,47509,1.2958220009835308,150,77,15456,19879,31219,22788,2609,6990,48938,38675,1349,141,1045,48,491,3537,24098,8661,5069,0,0,37223,18230,6,75,4,711,10,0,433
875,4361,876.1652329528242,99641,291,157,258,99,81634,47523,1.2962234421573449,147,75,15542,19920,31136,22670,2625,7078,48946,38682,1461,155,1040,48,489,3536,24079,8710,5062,0,0,37160,18187,6,75,4,766,12,0,467
876,4361,877.0749969711067,99641,290,145,258,99,81669,47536,1.2967051715659217,130,81,15651,19959,31035,22548,2635,7167,48954,38689,1578,170,1037,48,489,3528,24076,8747,5055,0,0,37102,18134,6,75,4,829,12,0,499
877,4361,878.2929337980298,99641,276,138,258,99,81707,47559,1.297317369355988,131,85,15776,20003,30914,22412,2644,7262,48962,38696,1701,186,1033,48,489,3528,24042,8813,5040,0,0,37042,18088,6,75,4,892,12,0,529
878,4361,879.2096857648199,99641,261,142,258,99,81732,47580,1.2977790267058742,142,77,15863,20042,30817,22291,2658,7348,48969,38703,1830,203,1032,48,487,3527,24030,8853,5029,0,0,36975,18027,6,75,4,958,14,0,576
879,4361,880.12928590626,99641,260,145,258,99,81763,47594,1.2982306480264147,144,80,15940,20063,30719,22167,2678,7445,48976,38710,1964,221,1030,48,486,3527,23997,8899,5017,0,0,36919,17967,6,74,5,1027,15,0,624
880,4361,881.0517905761769,99641,260,152,258,99,81804,47618,1.2988829899338625,130,71,16031,20075,30621,22050,2699,7552,48983,38717,2104,241,1026,48,485,3522,23985,8942,5008,0,0,36843,17911,6,74,5,1101,15,0,670
881,4361,882.2865787425809,99641,256,150,258,99,81842,47639,1.2994751156652382,116,69,16142,20119,30514,21918,2713,7644,48990,38724,2249,262,1024,48,484,3520,23957,8999,4998,0,0,36773,17852,6,74,5,1171,15,0,715
882,4361,883.21562519879,99641,243,151,258,99,81872,47657,1.299956845073815,112,66,16226,20134,30430,21792,2730,7757,48997,38731,2400,284,1020,48,484,3516,23929,9051,4992,0,0,36695,17794,6,74,5,1254,15,0,758
883,4361,884.1475132644136,99641,237,148,258,99,81899,47672,1.3003783583063198,102,73,16319,20145,30334,21667,2749,7867,49004,38738,2557,308,1016,48,483,3513,23902,9103,4986,0,0,36613,17728,6,74,5,1332,16,0,816
884,4361,885.0824279883809,99641,230,149,258,99,81921,47691,1.3007898355094791,99,68,16406,20143,30236,21547,2770,7993,49011,38744,2719,333,1010,48,481,3511,23873,9156,4980,0,0,36526,17671,6,74,5,1413,18,0,869
885,4361,886.0204870656192,99641,209,149,258,99,81935,47716,1.3011812406539476,100,55,16482,20141,30156,21430,2794,8125,49018,38750,2887,360,1008,48,479,3514,23842,9209,4966,0,0,36440,17602,6,73,6,1501,20,0,927
886,4361,887.2755251412229,99641,197,132,258,99,81963,47737,1.3016730060918698,90,56,16598,20177,30050,21292,2806,8243,49025,38756,3060,389,1005,48,477,3509,23818,9269,4960,0,0,36353,17517,6,73,6,1587,21,0,992
887,4361,888.2200273937628,99641,186,126,258,99,81987,47750,1.3020443391776477,93,56,16674,20171,29958,21158,2830,8389,49032,38762,3239,419,1002,48,473,3506,23789,9324,4950,0,0,36254,17456,6,73,6,1685,25,0,1044
888,4361,889.1675167607764,99641,176,119,258,99,82002,47759,1.3022852038819361,97,58,16754,20169,29856,21014,2858,8540,49039,38768,3423,451,1000,48,470,3502,23746,9386,4940,0,0,36165,17391,6,73,6,1783,27,0,1098
889,4361,890.1184074240695,99641,167,117,258,99,82022,47776,1.302656536967714,92,49,16841,20198,29752,20849,2889,8687,49046,38774,3613,485,996,48,469,3498,23708,9446,4934,0,0,36063,17326,6,73,6,1886,28,0,1154
890,4361,891.0728118783294,99641,169,119,258,99,82047,47793,1.3030780502002188,86,39,16920,20178,29655,20721,2911,8843,49053,38780,3808,520,995,48,469,3493,23676,9499,4929,0,0,35968,17241,6,73,6,1982,28,0,1228
891,4361,892.0304070400632,99641,163,106,258,99,82068,47799,1.3033490229925433,81,35,17007,20185,29548,20579,2942,8995,49060,38786,4008,557,992,48,469,3488,23648,9553,4922,0,0,35868,17157,6,72,7,2087,28,0,1296
892,4361,893.3126656702665,99641,160,96,258,99,82094,47807,1.3036902479902852,79,42,17120,20228,29412,20390,2970,9144,49067,38792,4213,596,988,48,467,3488,23612,9613,4911,0,0,35759,17083,6,71,8,2197,29,0,1361
893,4361,894.2786479033018,99641,162,91,258,99,82111,47816,1.3039511847532643,78,43,17204,20241,29293,20233,3004,9292,49074,38798,4423,637,982,48,463,3485,23571,9668,4905,0,0,35645,17008,6,71,8,2315,33,0,1433
894,4361,895.2482993580037,99641,151,89,258,99,82130,47825,1.304232193574934,77,45,17286,20224,29194,20091,3033,9451,49081,38804,4638,680,979,48,460,3484,23528,9731,4895,0,0,35540,16915,6,71,8,2424,35,0,1517
895,4361,896.2213958322604,99641,148,94,258,99,82146,47842,1.3045633825433305,78,42,17387,20217,29060,19935,3068,9612,49088,38810,4857,725,975,48,456,3483,23488,9783,4885,0,0,35425,16840,6,71,8,2545,39,0,1589
896,4361,897.1987381455701,99641,137,87,258,99,82161,47847,1.3047641031302375,74,43,17470,20197,28951,19774,3109,9799,49095,38816,5081,773,973,48,455,3482,23444,9848,4873,0,0,35291,16764,6,71,8,2677,40,0,1661
897,4361,898.1801351655657,99641,132,82,258,99,82175,47853,1.3049648237171445,79,44,17558,20167,28823,19625,3149,9982,49102,38822,5309,823,971,48,454,3477,23393,9916,4866,0,0,35173,16677,6,71,8,2800,41,0,1740
898,4361,899.1657416948954,99641,133,81,258,99,82191,47865,1.3052458325388143,76,36,17629,20151,28705,19473,3198,10159,49109,38828,5542,875,971,48,453,3475,23337,9988,4855,0,0,35047,16599,6,71,8,2929,42,0,1812
899,4361,900.1555668737982,99641,136,74,258,99,82206,47868,1.3054264810670306,93,58,17685,20208,28638,19427,3189,10133,49109,38828,5542,875,971,48,453,3473,23341,9993,4855,0,0,35046,16593,6,71,8,2929,42,0,1812
900,4361,900.1555668737982,99641,134,77,258,99,82209,47872,1.305496733272448,97,56,17701,20131,28569,19306,3240,10330,49109,38828,5779,929,971,48,453,3473,23276,10062,4854,0,0,34924,16514,6,70,9,3048,42,0,1891
901,4361,901.149666799635,99641,127,79,258,99,82229,47885,1.3058279222408447,95,54,17765,20124,28469,19143,3285,10500,49109,38828,6019,986,970,48,452,3472,23218,10138,4851,1,3,34780,16427,6,69,10,3178,43,1,1974
902,4361,902.1476228380327,99641,123,84,258,99,82241,47902,1.3061189670918598,100,49,17854,20105,28343,18972,3321,10690,49109,38828,6263,1045,969,48,451,3472,23148,10217,4850,2,11,34619,16355,6,69,10,3331,44,1,2038
903,4361,903.1498728660283,99641,129,83,258,99,82266,47914,1.3064903001776378,91,48,17925,20088,28226,18798,3370,10883,49109,38828,6511,1107,969,48,449,3471,23071,10306,4848,2,16,34477,16268,6,69,10,3464,46,1,2120
904,4361,904.1562780046211,99641,140,85,258,99,82297,47926,1.3069218494394879,79,51,18011,20055,28100,18643,3411,11066,49109,38828,6762,1171,969,48,448,3471,23015,10376,4847,2,24,34327,16163,6,69,10,3601,47,1,2217
905,4361,905.1671728393756,99640,139,91,258,100,82315,47941,1.3072661581694098,80,50,18078,20025,27982,18471,3462,11262,49109,38828,7016,1238,969,48,446,3471,22947,10455,4846,2,30,34160,16085,6,69,10,3757,49,1,2289
906,4361,906.1822419552851,99640,137,90,258,100,82334,47955,1.307597350461662,80,45,18171,20008,27842,18297,3511,11459,49109,38828,7273,1307,968,48,443,3472,22862,10548,4844,3,42,34018,15989,6,67,12,3892,52,2,2372
907,4361,907.2022950715628,99640,136,86,258,100,82349,47964,1.3078382175832999,85,47,18248,20004,27711,18115,3561,11647,49109,38828,7533,1379,967,48,440,3475,22788,10631,4841,4,53,33859,15898,6,66,13,4042,55,2,2452
908,4361,908.2271555621345,99640,129,86,258,100,82364,47977,1.3081192292252108,91,43,18315,19990,27591,17949,3615,11831,49109,38828,7795,1453,967,48,440,3479,22722,10711,4834,4,59,33697,15801,6,65,14,4193,55,2,2543
909,4361,909.2566574489738,99640,131,83,258,100,82385,47986,1.308420313127258,89,52,18388,19944,27460,17793,3673,12027,49109,38828,8060,1530,967,48,438,3477,22666,10783,4833,4,66,33536,15698,6,65,14,4341,57,3,2638
910,4361,910.2910908408778,99640,128,85,258,100,82399,47999,1.3086912886391007,98,50,18450,19924,27328,17626,3737,12214,49109,38828,8327,1610,966,48,436,3477,22597,10868,4831,5,72,33370,15616,6,63,16,4494,58,3,2714
911,4361,911.3304834177869,99640,132,84,258,100,82422,48010,1.3090325170614212,89,49,18513,19886,27204,17460,3803,12420,49109,38828,8596,1692,964,48,434,3473,22535,10947,4829,7,78,33210,15505,6,63,16,4643,60,3,2819
912,4361,912.026089396649,99640,138,97,258,100,82438,48027,1.3093637093536732,89,44,18543,19823,27098,17304,3873,12631,49109,38828,8866,1777,964,48,429,3474,22462,11028,4828,7,82,33048,15413,6,61,18,4798,64,3,2907
913,4361,913.0741500603202,99639,137,95,258,101,82460,48041,1.3097381547386064,91,48,18597,19795,26972,17126,3944,12834,49109,38828,9138,1865,963,48,429,3474,22382,11120,4826,8,93,32876,15313,6,61,18,4959,64,3,2996
914,4361,914.1270290460449,99639,144,94,258,101,82479,48053,1.3100492778931945,90,48,18658,19778,26836,16942,4013,13036,49109,38828,9411,1956,963,48,429,3473,22295,11218,4824,8,96,32708,15216,6,60,19,5119,64,5,3088
915,4361,915.185198548778,99639,143,96,258,101,82500,48068,1.3104105822017482,88,47,18716,19739,26709,16771,4085,13245,49109,38828,9686,2049,962,48,428,3475,22215,11307,4820,9,110,32513,15123,6,60,19,5307,65,5,3167
916,4361,916.2482656975168,99639,142,98,258,101,82522,48080,1.3107518140487158,86,48,18788,19707,26572,16607,4153,13438,49109,38828,9961,2145,961,48,427,3478,22134,11399,4815,10,114,32327,15032,6,60,19,5485,65,6,3253
917,4361,917.316946439887,99639,148,92,258,101,82543,48088,1.3110428647417176,85,50,18859,19678,26417,16454,4232,13624,49109,38828,10237,2244,961,48,425,3480,22047,11493,4813,10,123,32139,14938,6,60,19,5666,67,7,3337
918,4361,918.0328371678439,99639,143,88,258,101,82552,48094,1.311193408203615,91,51,18888,19605,26308,16315,4311,13839,49109,38828,10514,2346,961,48,421,3480,21981,11574,4813,10,127,31953,14828,6,60,19,5837,71,9,3441
919,4361,919.1120675040129,99639,143,91,258,101,82573,48110,1.311564748742962,102,50,18937,19573,26169,16161,4390,14023,49109,38828,10791,2451,960,48,420,3478,21895,11676,4812,11,129,31781,14725,6,58,21,5996,72,11,3540
920,4361,920.1966059634735,99639,151,98,258,101,82604,48129,1.3120665602826203,101,47,18962,19525,26052,16009,4475,14219,49109,38828,11068,2559,960,48,418,3476,21817,11769,4812,11,138,31595,14625,6,57,22,6169,74,11,3631
921,4361,921.2862111980529,99639,164,86,258,101,82638,48140,1.3125181906683125,87,59,19019,19505,25907,15863,4564,14385,49109,38828,11345,2669,960,48,417,3476,21726,11876,4809,11,152,31419,14508,6,57,22,6332,75,13,3732
922,4361,922.0158272475519,99639,165,90,258,101,82655,48151,1.3127992051305213,84,59,19035,19422,25800,15718,4657,14609,49109,38828,11622,2782,960,47,414,3479,21634,11976,4807,11,155,31234,14422,6,57,22,6509,78,17,3811
923,4361,923.1161111944464,99639,164,94,258,101,82680,48170,1.3132407992854203,77,51,19089,19406,25652,15555,4759,14792,49109,38828,11899,2898,960,47,414,3475,21559,12073,4805,11,160,31051,14317,6,57,22,6676,78,19,3909
924,4361,924.2226221240846,99639,151,90,258,101,82695,48179,1.3134816688244564,91,52,19145,19388,25504,15395,4850,14973,49109,38828,12176,3017,959,47,412,3477,21465,12182,4802,12,166,30881,14205,6,57,22,6832,80,21,4013
925,4361,925.3356286940475,99639,151,86,258,101,82726,48192,1.3139232629793556,85,54,19217,19364,25351,15239,4937,15155,49109,38828,12452,3139,959,47,407,3478,21371,12295,4799,12,175,30697,14104,6,57,22,7000,84,22,4104
926,4361,926.0813569173405,99639,159,88,258,101,82750,48200,1.3142444223647367,81,53,19232,19320,25220,15076,5049,15361,49109,38828,12727,3263,958,47,405,3480,21271,12401,4797,13,177,30520,14009,6,57,22,7171,86,25,4194
927,4361,927.2069622726312,99639,165,87,258,101,82778,48217,1.314696052750429,72,48,19285,19291,25070,14910,5149,15562,49109,38828,13001,3390,958,47,403,3481,21183,12503,4795,13,187,30310,13918,6,56,23,7369,88,27,4272
928,4361,928.3392907376578,99639,158,91,258,101,82799,48227,1.315007175905017,65,48,19319,19271,24949,14742,5250,15746,49109,38828,13274,3520,958,47,403,3481,21102,12598,4794,13,193,30116,13806,6,56,23,7550,88,30,4375
929,4361,929.0973829613049,99639,147,86,258,101,82810,48235,1.3151978642900872,67,48,19325,19218,24832,14604,5370,15942,49109,38828,13546,3652,956,47,401,3480,20994,12713,4794,15,201,29950,13699,6,55,24,7710,90,31,4473
930,4361,930.2407684080514,99639,136,84,258,101,82833,48245,1.3155290599062617,67,43,19348,19202,24706,14440,5484,16129,49109,38828,13817,3787,955,47,396,3479,20902,12826,4793,16,208,29756,13605,6,55,24,7887,93,33,4558
931,4361,931.006420737607,99639,141,81,258,101,82846,48254,1.3157498569837112,68,40,19357,19163,24576,14286,5599,16328,49109,38828,14086,3925,955,47,395,3482,20806,12930,4790,16,210,29555,13522,6,55,24,8080,94,36,4636
932,4361,932.1619577543669,99638,135,79,259,101,82869,48269,1.3161444428832374,69,36,19418,19154,24410,14130,5708,16499,49109,38828,14353,4065,954,47,392,3480,20717,13034,4789,17,217,29372,13410,6,55,24,8251,96,40,4737
933,4361,933.3251855658781,99638,139,73,259,101,82892,48279,1.3164756418234007,72,36,19456,19129,24251,13990,5822,16670,49109,38828,14619,4208,954,47,387,3478,20647,13128,4787,17,219,29172,13316,6,54,25,8431,101,43,4826
934,4361,934.1049065122767,99638,140,75,259,101,82907,48285,1.3166864047853228,69,38,19462,19066,24127,13854,5942,16865,49109,38828,14883,4353,954,47,386,3481,20538,13242,4783,17,219,28993,13224,6,54,25,8606,102,45,4916
935,4361,935.281960005653,99637,131,74,260,101,82926,48294,1.3169806397221915,72,39,19517,19044,23971,13705,6048,17036,49109,38828,15145,4501,954,47,383,3485,20439,13348,4777,17,227,28812,13115,6,54,25,8782,104,47,5015
936,4361,936.0708128876735,99637,135,70,260,101,82945,48299,1.3172215140961692,65,38,19523,18982,23845,13585,6171,17223,49109,38828,15405,4651,954,47,382,3486,20345,13453,4775,17,231,28628,13015,6,54,25,8956,105,49,5109
937,4361,937.261956247489,99637,137,69,260,101,82968,48312,1.3175828256571354,64,36,19559,18972,23690,13444,6289,17377,49109,38828,15663,4803,953,47,377,3485,20265,13552,4775,18,235,28446,12899,6,54,25,9121,109,52,5218
938,4361,938.060358680005,99637,131,68,260,101,82984,48319,1.317813663598864,64,35,19562,18925,23567,13321,6415,17549,49109,38828,15919,4958,952,47,373,3484,20174,13660,4774,19,240,28266,12795,6,52,27,9286,113,53,5316
939,4361,939.2655365377858,99637,136,69,260,101,83007,48330,1.318154902295332,62,41,19603,18913,23408,13177,6530,17698,49109,38828,16172,5115,952,47,372,3486,20079,13760,4772,19,246,28077,12692,6,52,27,9470,114,53,5413
940,4361,940.0733624341636,99637,130,69,260,101,83023,48340,1.3184158495338076,60,34,19612,18865,23272,13048,6665,17882,49109,38828,16423,5274,951,47,369,3489,19999,13858,4768,20,246,27866,12617,6,51,27,9665,117,57,5484
941,4361,941.2937211775908,99637,122,70,260,101,83033,48353,1.3186466874755363,65,36,19657,18859,23106,12892,6789,18041,49109,38828,16672,5435,951,47,367,3491,19916,13956,4765,20,253,27670,12519,6,50,28,9847,119,58,5574
942,4361,942.1121039681976,99637,121,61,260,101,83049,48357,1.3188474161205175,69,39,19654,18827,22963,12777,6932,18194,49109,38828,16918,5598,951,47,365,3492,19827,14060,4763,20,254,27472,12425,6,50,28,10031,121,60,5665
943,4361,943.3490320859363,99637,116,59,260,101,83065,48371,1.3191485090879893,72,36,19691,18815,22798,12642,7062,18346,49109,38828,17162,5763,950,47,364,3492,19738,14165,4761,21,261,27269,12323,6,50,28,10220,122,61,5759
944,4361,944.1787089292485,99637,111,58,260,101,83079,48380,1.319379347029718,68,33,19687,18787,22662,12509,7211,18511,49109,38828,17403,5930,950,47,363,3491,19644,14269,4758,21,262,27073,12240,6,49,29,10410,123,64,5838
945,4361,945.0132534965687,99637,113,54,260,101,83094,48385,1.3195800756746991,64,31,19709,18743,22507,12391,7346,18679,49109,38828,17641,6098,950,47,358,3493,19548,14373,4755,21,263,26887,12152,6,49,29,10589,128,69,5920
946,4361,946.2750091634535,99637,102,59,260,101,83108,48399,1.3198610957776729,58,31,19774,18736,22331,12264,7474,18808,49109,38828,17877,6268,950,46,357,3496,19446,14491,4752,21,268,26706,12059,6,49,29,10755,129,72,6005
947,4361,947.1220073155108,99637,95,59,260,101,83121,48404,1.3200417515581562,58,31,19781,18696,22191,12145,7614,18967,49109,38828,18110,6440,949,46,356,3494,19351,14597,4751,22,271,26528,11968,6,49,29,10926,129,73,6092
948,4361,948.4022620024504,99637,112,59,260,101,83143,48417,1.3203930266868733,55,26,19831,18718,21999,12004,7742,19091,49109,38828,18340,6613,949,46,354,3494,19254,14706,4751,22,274,26344,11887,6,49,29,11098,131,73,6170
949,4361,949.261805316812,99637,114,59,260,101,83152,48424,1.3205536096028583,61,22,19844,18702,21837,11886,7883,19229,49109,38828,18567,6788,949,46,352,3493,19142,14828,4750,22,275,26172,11811,6,48,30,11262,133,74,6244
950,4361,950.1275141387515,99637,115,59,260,101,83169,48434,1.3208245932735831,56,21,19827,18671,21715,11775,8026,19372,49109,38828,18792,6964,948,46,350,3492,19027,14951,4750,23,280,26005,11726,6,48,30,11422,135,77,6321
951,4361,951.4364724396446,99637,109,53,260,101,83186,48437,1.3210253219185644,57,28,19880,18693,21538,11632,8155,19492,49109,38828,19014,7141,945,46,347,3492,18926,15065,4747,26,281,25831,11641,6,48,30,11587,137,82,6400
952,4361,952.3146931241404,99637,111,49,260,101,83199,48441,1.3211959412667984,60,28,19878,18661,21384,11522,8306,19638,49109,38828,19233,7319,945,46,345,3491,18817,15182,4747,26,288,25674,11545,6,48,30,11737,139,83,6488
953,4361,953.1988862110824,99637,114,46,260,101,83219,48443,1.321416742776278,48,29,19874,18630,21250,11426,8453,19767,49109,38828,19449,7499,944,46,344,3492,18728,15280,4744,27,288,25487,11461,6,48,30,11917,140,86,6569
954,4361,954.0889208195412,99637,111,45,260,101,83230,48448,1.321577325692263,50,33,19881,18576,21094,11331,8603,19913,49109,38828,19662,7680,944,46,344,3493,18622,15391,4742,27,293,25311,11381,6,48,30,12089,140,86,6644
955,4361,955.4356363151585,99637,110,41,260,101,83246,48454,1.3217981272017423,48,32,19912,18604,20928,11208,8741,20013,49109,38828,19872,7862,944,46,342,3495,18504,15518,4740,27,295,25144,11303,6,47,31,12247,142,88,6718
956,4361,956.3394721325336,99637,108,42,260,101,83249,48456,1.3218483093629876,52,36,19913,18587,20783,11088,8883,20145,49109,38828,20079,8044,944,46,341,3495,18399,15625,4740,27,291,24966,11233,6,47,31,12423,143,92,6788
957,4361,957.2495211250725,99637,110,48,260,101,83263,48465,1.3220791473047162,48,33,19929,18581,20618,10965,9034,20271,49109,38828,20283,8227,944,46,340,3499,18307,15722,4736,27,289,24790,11156,6,46,32,12594,144,97,6862
958,4361,958.1664964706304,99637,101,45,260,101,83273,48472,1.3222497666529502,51,28,19935,18570,20475,10865,9177,20390,49109,38828,20485,8411,944,46,336,3498,18202,15838,4734,27,290,24626,11075,6,45,33,12751,147,104,6935
959,4361,959.0900836449587,99637,97,46,260,101,83286,48477,1.3224304224334333,42,34,19946,18567,20331,10752,9323,20499,49109,38828,20684,8595,944,46,335,3497,18118,15933,4734,27,292,24450,10996,6,45,33,12917,148,107,7009
960,4361,960.0204668751699,99637,95,45,260,101,83297,48483,1.3226010417816674,46,32,19947,18550,20185,10663,9466,20608,49109,38828,20880,8780,944,46,330,3497,18027,16030,4733,27,298,24283,10919,6,44,34,13079,153,109,7078
961,4361,961.427783692753,99637,93,50,260,101,83313,48493,1.3228619890201432,48,35,19995,18598,20002,10538,9601,20677,49109,38828,21073,8965,943,46,328,3500,17922,16141,4730,28,302,24109,10857,6,43,34,13248,155,112,7133
962,4361,962.372789577074,99637,90,53,260,101,83325,48503,1.3230827905296225,44,30,19995,18619,19860,10445,9750,20751,49109,38828,21263,9150,941,46,326,3501,17828,16240,4728,30,303,23928,10782,6,43,34,13425,157,118,7201
963,4361,963.3203113921401,99637,90,55,260,101,83331,48509,1.3232032277166113,51,30,19987,18616,19710,10356,9901,20841,49109,38828,21450,9336,941,46,325,3501,17715,16356,4728,30,304,23778,10704,6,43,34,13572,158,119,7277
964,4361,964.2682267378196,99637,86,56,260,101,83344,48515,1.3233939199293434,53,30,19996,18596,19561,10268,10043,20948,49109,38828,21634,9522,941,46,324,3502,17624,16458,4725,30,306,23607,10631,6,43,34,13735,158,121,7346
965,4361,965.2158626744645,99637,84,56,260,101,83355,48520,1.3235545028453286,49,30,20023,18588,19399,10179,10184,21045,49109,38828,21815,9708,941,46,320,3503,17525,16567,4724,30,302,23461,10563,6,43,34,13871,162,126,7413
966,4361,966.1628127020094,99637,88,56,260,101,83368,48529,1.323775304354808,51,31,20003,18608,19258,10074,10339,21129,49109,38828,21994,9894,940,46,319,3503,17434,16668,4722,31,301,23304,10496,6,43,34,14020,163,128,7479
967,4361,967.1096558786451,99637,88,46,260,101,83380,48533,1.323935887270793,50,35,19983,18593,19122,10005,10496,21219,49109,38828,22170,10080,940,46,316,3503,17331,16781,4721,31,305,23155,10419,6,42,35,14160,166,131,7549
968,4361,968.0574456018304,99637,88,45,260,101,83393,48543,1.3241667252125215,49,30,19994,18593,18974,9910,10634,21320,49109,38828,22343,10265,940,46,315,3506,17223,16897,4718,31,311,23001,10356,6,42,35,14306,167,133,7604
969,4361,969.0054514174634,99637,85,47,260,101,83402,48549,1.3243172716962575,47,26,19998,18594,18830,9827,10779,21404,49109,38828,22513,10450,939,46,314,3506,17112,17016,4717,32,313,22852,10284,6,42,35,14448,168,133,7674
970,4361,970.4265901910308,99637,83,51,260,101,83418,48562,1.3246083282314802,42,16,20041,18622,18667,9730,10906,21479,49109,38828,22681,10635,939,46,312,3507,17024,17117,4715,32,315,22696,10204,6,42,35,14592,170,135,7750
971,4361,971.0512582568446,99637,86,47,260,101,83425,48565,1.3247086925539708,43,13,20011,18573,18536,9671,11063,21594,49109,38828,22846,10819,939,46,309,3507,16929,17215,4715,32,315,22556,10132,6,42,35,14729,173,137,7820
972,4361,972.0209593605325,99637,87,45,260,101,83435,48568,1.3248391661732088,43,15,19982,18548,18413,9607,11214,21683,49109,38828,23008,11003,939,46,309,3510,16848,17302,4712,32,315,22408,10061,6,41,35,14872,173,141,7887
973,4361,973.0416134061097,99637,82,47,260,101,83448,48574,1.325029858385941,40,13,20023,18577,18261,9514,11333,21747,49109,38828,23168,11186,938,46,309,3509,16757,17401,4711,33,320,22266,9985,6,41,35,15008,173,143,7956
974,4361,974.0585068040122,99637,80,50,260,101,83461,48581,1.3252305870309222,38,13,20011,18567,18141,9440,11469,21828,49109,38828,23325,11369,937,46,308,3510,16655,17512,4709,34,320,22121,9921,6,41,35,15145,174,145,8018
975,4361,975.1615951028912,99637,74,44,260,101,83474,48585,1.3254012063791563,38,26,20075,18622,17972,9356,11580,21850,49109,38828,23479,11551,937,46,308,3513,16566,17612,4703,34,319,21995,9850,6,41,35,15263,174,150,8085
976,4361,976.1058165804989,99637,77,42,260,101,83482,48587,1.3255015707016469,38,26,20065,18649,17847,9272,11712,21909,49109,38828,23631,11732,937,46,306,3513,16470,17712,4701,34,318,21849,9793,6,40,36,15407,176,154,8139
977,4361,977.0503418054409,99637,72,39,260,101,83485,48590,1.3255617892951415,44,27,20056,18671,17715,9200,11852,21961,49109,38828,23780,11912,937,46,302,3514,16378,17810,4700,34,315,21703,9729,6,39,37,15547,180,160,8200
978,4361,978.4672065030738,99637,78,33,260,101,83502,48592,1.3257524815078736,38,28,20113,18746,17546,9104,11964,21987,49109,38828,23927,12092,936,46,301,3516,16303,17894,4698,35,316,21547,9674,6,39,37,15694,181,162,8252
979,4361,979.4096186602765,99637,78,36,260,101,83509,48597,1.3258729186948623,41,25,20108,18737,17407,9050,12105,22050,49109,38828,24071,12271,936,46,299,3516,16220,17984,4698,35,314,21412,9609,6,39,37,15822,183,165,8316
980,4361,980.3521221092867,99637,85,40,260,101,83519,48605,1.3260535744753454,39,23,20110,18743,17267,8984,12238,22108,49109,38828,24213,12449,936,46,296,3516,16128,18079,4698,35,312,21277,9551,6,39,37,15954,186,169,8372
981,4361,981.2946987632789,99637,82,41,260,101,83528,48610,1.3261940845268323,40,27,20118,18752,17127,8915,12372,22163,49109,38828,24352,12626,936,46,293,3515,16038,18177,4696,35,312,21149,9499,6,39,37,16078,188,172,8421
982,4361,982.2369928065033,99637,77,38,260,101,83535,48615,1.3263145217138212,41,26,20122,18768,17005,8844,12494,22222,49109,38828,24489,12801,936,46,290,3515,15941,18280,4694,35,315,21020,9442,6,39,37,16203,191,175,8472
983,4361,983.1791656979887,99637,78,43,260,101,83544,48623,1.3264851410620553,44,25,20122,18768,16880,8787,12615,22275,49109,38828,24624,12975,936,46,290,3517,15844,18381,4692,35,314,20897,9381,5,39,37,16323,191,178,8531
984,4361,984.1211125312255,99637,81,49,260,101,83552,48631,1.3266457239780403,43,23,20118,18790,16751,8717,12746,22319,49109,38828,24756,13148,936,46,288,3516,15755,18474,4692,35,310,20785,9323,5,39,37,16432,193,183,8588
985,4361,985.0631261299569,99637,88,42,260,101,83568,48634,1.3268364161907724,38,25,20102,18831,16630,8637,12881,22363,49109,38828,24886,13320,935,46,286,3520,15660,18573,4688,36,310,20658,9277,5,39,37,16555,195,188,8629
986,4361,986.0056075916351,99637,87,47,260,101,83576,48642,1.3269969991067576,33,22,20105,18874,16505,8560,13009,22395,49109,38828,25014,13491,934,46,285,3520,15584,18654,4687,37,313,20523,9221,5,39,37,16686,196,189,8681
987,4361,987.4190355456093,99637,89,44,260,101,83587,48651,1.3271977277517388,36,20,20165,18946,16354,8486,13095,22402,49109,38828,25140,13660,934,46,281,3518,15514,18737,4687,37,313,20389,9172,5,38,38,16810,199,194,8725
988,4361,988.0542711264245,99637,86,43,260,101,83591,48654,1.3272679827774823,34,20,20128,18902,16265,8452,13226,22481,49109,38828,25264,13828,934,46,277,3518,15427,18827,4687,37,315,20267,9121,5,37,39,16929,203,195,8773
989,4361,989.0240109358938,99637,84,43,260,101,83599,48656,1.3273683470999729,36,19,20109,18901,16157,8395,13353,22540,49109,38828,25385,13994,934,46,277,3519,15343,18915,4685,37,317,20149,9062,5,37,39,17044,203,195,8830
990,4361,990.4163214566722,99636,77,39,261,101,83616,48665,1.3276426191336466,38,27,20194,19022,16000,8319,13429,22491,49109,38828,25504,14159,934,46,277,3517,15263,19010,4683,37,320,20029,8998,5,37,39,17152,203,199,8887
991,4361,991.3550576529027,99636,77,46,261,101,83625,48676,1.3278433497932474,38,18,20214,19036,15869,8270,13540,22528,49109,38828,25621,14323,933,46,274,3516,15185,19092,4683,38,320,19916,8943,5,36,40,17262,206,202,8939
992,4361,992.386184218834,99636,75,47,261,101,83629,48679,1.3279136055241076,37,16,20172,19040,15774,8210,13680,22585,49109,38828,25736,14485,932,46,273,3517,15106,19173,4682,39,320,19789,8899,5,36,40,17387,207,203,8982
993,4361,993.1771674663347,99636,65,49,261,101,83635,48685,1.3280340439198683,37,16,20173,19044,15665,8167,13798,22622,49109,38828,25849,14646,931,46,271,3517,15043,19245,4680,40,320,19670,8837,5,36,40,17499,209,205,9042
994,4361,994.0350917913454,99636,72,47,261,101,83650,48689,1.3282247380464893,32,16,20221,19103,15526,8089,13887,22643,49109,38828,25960,14805,931,46,269,3516,14964,19331,4679,40,320,19562,8795,5,36,40,17602,211,208,9081
995,4361,995.0319809443481,99636,76,49,261,101,83655,48696,1.3283451764422498,29,11,20226,19094,15411,8044,13996,22700,49109,38828,26069,14962,931,46,266,3517,14884,19412,4678,40,316,19461,8739,5,36,40,17702,214,215,9134
996,4361,996.1218138071969,99636,77,51,261,101,83665,48701,1.3284957244369504,28,7,20225,19133,15313,7991,14095,22716,49109,38828,26176,15118,931,46,262,3520,14803,19498,4675,40,313,19359,8690,5,36,40,17799,218,220,9181
997,4361,997.1696100664811,99636,73,47,261,101,83676,48703,1.3286261993656912,27,14,20271,19187,15190,7925,14177,22725,49109,38828,26282,15272,931,46,261,3519,14721,19587,4675,40,316,19255,8638,5,36,40,17897,219,221,9229
998,4361,998.0061066599521,99636,70,46,261,101,83682,48706,1.3287165281625115,31,15,20242,19192,15112,7875,14283,22770,49109,38828,26386,15425,931,46,260,3518,14655,19659,4674,40,317,19130,8602,5,36,40,18018,220,223,9262
999,4361,999.4574278816705,99636,69,37,261,101,83695,48709,1.3288771126901924,29,19,20335,19259,14967,7821,14338,22762,49109,38828,26488,15576,931,45,259,3519,14582,19742,4672,40,320,19027,8554,5,35,41,18113,221,226,9304
1000,4361,1000.0614131513295,99636,67,40,261,101,83700,48715,1.3289875145529728,26,14,20294,19250,14894,7771,14457,22823,49109,38828,26588,15725,930,45,258,3518,14519,19809,4672,41,318,18930,8510,5,35,41,18207,222,230,9346
1001,4361,1001.1722912597834,99636,62,35,261,101,83708,48717,1.3290878798827732,30,18,20364,19352,14753,7708,14529,22785,49109,38828,26686,15873,930,45,257,3520,14461,19879,4669,41,316,18819,8460,5,35,41,18307,223,235,9393
1002,4361,1002.1039667480235,99636,60,30,261,101,83709,48718,1.3291079529487333,31,19,20323,19340,14666,7669,14658,22840,49109,38828,26783,16019,930,45,257,3520,14386,19958,4669,41,317,18729,8419,5,35,41,18393,223,237,9431
1003,4361,1003.0527189241986,99636,58,32,261,101,83717,48724,1.329248464410454,32,18,20343,19395,14556,7615,14749,22838,49109,38828,26878,16163,929,45,255,3520,14331,20019,4669,42,317,18630,8376,5,35,41,18486,225,241,9470
1004,4361,1004.1515729573443,99636,58,35,261,101,83726,48731,1.3294090489381347,34,15,20370,19437,14442,7562,14834,22849,49109,38828,26971,16305,929,45,254,3519,14272,20086,4668,42,314,18515,8342,5,35,41,18595,226,247,9501
1005,4361,1005.1664451934953,99636,54,23,261,101,83733,48734,1.3295094142679353,33,20,20410,19496,14330,7518,14911,22841,49109,38828,27063,16446,929,45,254,3522,14204,20164,4665,42,319,18418,8298,5,34,42,18682,226,249,9538
1006,4361,1006.4046067052027,99636,55,28,261,101,83741,48741,1.329659962262636,30,15,20408,19527,14240,7471,15005,22857,49109,38828,27153,16585,929,45,253,3523,14131,20242,4664,42,320,18317,8259,5,34,42,18778,227,250,9575
1007,4361,1007.0012247142124,99636,53,31,261,101,83746,48745,1.3297502910594565,31,13,20397,19562,14149,7422,15108,22870,49109,38828,27241,16722,929,45,253,3522,14080,20299,4664,42,320,18211,8224,5,34,42,18879,227,252,9608
1008,4361,1008.1480454156255,99636,56,25,261,101,83755,48746,1.329850656389257,25,18,20431,19626,14054,7376,15172,22853,49109,38828,27328,16858,929,45,251,3521,14016,20367,4664,42,323,18116,8186,5,33,43,18971,229,257,9638
1009,4361,1009.1164633954464,99636,59,28,261,101,83764,48752,1.3300012043839575,24,13,20457,19653,13954,7332,15244,22872,49109,38828,27413,16992,929,45,251,3520,13956,20432,4664,42,323,18021,8146,5,33,43,19062,229,259,9676
1010,4361,1010.0921248379133,99636,53,28,261,101,83769,48756,1.330091533180778,30,11,20486,19701,13845,7283,15324,22875,49109,38828,27497,17124,929,45,250,3524,13894,20499,4660,42,323,17928,8111,5,32,43,19151,230,260,9710
1011,4361,1011.426680681698,99636,47,24,261,101,83776,48759,1.3301918985105785,31,11,20552,19788,13730,7220,15378,22855,49109,38828,27579,17254,927,45,248,3525,13843,20557,4658,44,324,17827,8080,5,32,43,19246,232,263,9737
1012,4361,1012.1071341968072,99636,52,18,261,101,83784,48760,1.3302822273073989,28,15,20592,19820,13639,7177,15427,22868,49109,38828,27660,17383,927,45,246,3526,13786,20616,4657,44,326,17723,8056,5,32,43,19348,234,265,9757
1013,4361,1013.0598694145343,99636,51,18,261,101,83791,48761,1.3303625195712394,24,17,20585,19834,13560,7147,15518,22882,49109,38828,27740,17510,927,45,242,3526,13729,20677,4657,44,327,17635,8026,5,32,43,19433,237,265,9786
1014,4361,1014.3705390497562,99636,50,20,261,101,83796,48765,1.3304528483680598,25,17,20644,19914,13449,7100,15570,22847,49109,38828,27818,17635,927,45,241,3526,13677,20732,4656,44,326,17543,7990,5,32,43,19523,238,266,9822
1015,4361,1015.1389546215923,99636,49,24,261,101,83801,48773,1.3305833232968003,23,12,20655,19973,13374,7057,15637,22832,49109,38828,27895,17759,927,45,239,3526,13625,20790,4655,44,328,17457,7956,5,32,43,19604,240,267,9853
1016,4361,1016.4548062701368,99636,45,20,261,101,83807,48777,1.330683688626601,21,11,20717,20050,13271,7013,15684,22804,49109,38828,27971,17881,927,45,239,3527,13560,20862,4654,44,330,17377,7922,5,32,43,19677,240,270,9882
1017,4361,1017.0603613485823,99636,45,19,261,101,83812,48779,1.3307539443574612,19,11,20707,20063,13201,6982,15766,22823,49109,38828,28045,18001,927,45,237,3526,13502,20923,4654,44,329,17306,7887,5,32,43,19746,242,273,9915
1018,4361,1018.0090427783457,99636,45,16,261,101,83816,48780,1.3308041270223614,19,12,20723,20102,13112,6951,15839,22817,49109,38828,28118,18120,927,45,235,3525,13443,20985,4654,44,330,17237,7852,5,31,44,19813,244,275,9947
1019,4361,1019.0752651700495,99636,42,15,261,101,83825,48781,1.3309044923521618,16,13,20778,20181,13020,6904,15882,22785,49109,38828,28190,18237,927,45,233,3526,13384,21052,4652,44,331,17162,7817,5,31,44,19881,246,276,9980
1020,4361,1020.4300166272765,99636,36,17,261,101,83829,48785,1.3309847846160023,22,11,20826,20279,12932,6856,15922,22735,49109,38828,28260,18352,927,45,233,3526,13331,21109,4652,44,332,17076,7783,5,31,44,19963,246,278,10011
1021,4361,1021.0457226217524,99636,36,17,261,101,83832,48786,1.3310249307479225,19,9,20828,20287,12859,6829,15996,22756,49109,38828,28329,18466,927,45,233,3526,13282,21159,4652,44,330,16988,7758,5,31,44,20050,246,280,10036
1022,4361,1022.0913928361712,99636,37,15,261,101,83840,48787,1.3311152595447429,19,11,20874,20385,12771,6776,16037,22711,49109,38828,28397,18578,927,45,230,3526,13231,21214,4651,44,328,16913,7727,5,31,44,20123,248,283,10066
1023,4361,1023.0075836280464,99636,37,11,261,101,83845,48787,1.331165442209643,18,15,20855,20400,12717,6739,16111,22733,49109,38828,28464,18688,927,45,228,3526,13177,21271,4651,44,329,16841,7694,5,31,44,20193,250,283,10097
1024,4361,1024.0685286002163,99636,40,12,261,101,83851,48790,1.3312557710064634,19,13,20931,20506,12608,6686,16140,22681,49109,38828,28530,18797,927,45,227,3526,13122,21328,4651,44,329,16775,7663,5,30,45,20257,251,285,10126
1025,4361,1025.3002259403927,99636,36,13,261,101,83852,48792,1.3312858806054038,22,11,20973,20572,12518,6641,16189,22661,49109,38828,28595,18904,927,45,227,3527,13070,21381,4650,44,330,16703,7634,5,29,46,20328,251,285,10154
1026,4361,1026.1027158462346,99636,42,15,261,101,83859,48794,1.3313762094022241,17,11,20977,20597,12445,6607,16257,22668,49109,38828,28659,19010,927,45,226,3527,13018,21433,4650,44,327,16631,7611,5,29,46,20400,252,288,10177
1027,4361,1027.214790476009,99636,39,15,261,101,83863,48799,1.3314665381990445,18,11,21019,20653,12357,6566,16305,22653,49109,38828,28721,19114,927,45,225,3526,12976,21480,4650,44,326,16560,7583,5,29,46,20467,253,291,10203
1028,4361,1028.1392915041517,99636,34,16,261,101,83867,48803,1.3315468304628848,19,9,21047,20694,12287,6528,16351,22651,49109,38828,28782,19217,925,45,224,3526,12929,21531,4650,46,326,16482,7563,5,29,46,20541,254,292,10222
1029,4361,1029.0139717373042,99636,35,12,261,101,83871,48804,1.3315970131277852,19,10,21086,20749,12204,6491,16394,22636,49109,38828,28842,19318,925,45,223,3527,12885,21578,4649,46,325,16409,7537,5,29,46,20611,255,295,10246
1030,4361,1030.0094377896685,99636,33,11,261,101,83874,48807,1.3316572323256655,18,8,21111,20794,12141,6456,16435,22629,49109,38828,28901,19417,924,45,222,3526,12850,21616,4649,47,322,16337,7511,5,29,46,20681,256,299,10271
1031,4361,1031.0613003978742,99636,34,13,261,101,83881,48810,1.3317575976554659,16,8,21141,20867,12069,6418,16478,22592,49109,38828,28959,19515,924,45,220,3526,12805,21664,4649,47,320,16276,7489,5,29,46,20739,258,302,10292
1032,4361,1032.434757294885,99636,36,14,261,101,83884,48812,1.331807780320366,15,7,21174,20916,11984,6386,16529,22575,49109,38828,29016,19611,924,45,220,3526,12768,21702,4649,47,318,16213,7463,5,29,46,20801,258,304,10318
1033,4361,1033.0313146150759,99636,31,13,261,101,83887,48813,1.3318479264522862,14,11,21178,20928,11934,6357,16581,22589,49109,38828,29072,19706,924,45,218,3529,12717,21755,4646,47,318,16157,7445,5,29,46,20855,260,307,10333
1034,4361,1034.0156202732326,99636,31,10,261,101,83890,48815,1.3318981091171866,12,10,21214,20996,11856,6328,16625,22554,49109,38828,29127,19800,923,45,218,3529,12674,21803,4646,48,317,16090,7420,5,28,47,20917,260,309,10357
1035,4361,1035.152363880848,99636,26,11,261,101,83892,48818,1.3319482917820868,16,9,21285,21061,11770,6289,16641,22528,49109,38828,29182,19892,923,45,218,3528,12635,21846,4646,48,318,16013,7401,5,28,47,20991,260,311,10373
1036,4361,1036.1190758965606,99636,27,9,261,101,83896,48820,1.332008510979967,16,7,21316,21108,11705,6258,16674,22516,49109,38828,29236,19983,923,45,217,3527,12592,21894,4646,48,316,15949,7378,5,28,47,21051,261,313,10396
1037,4361,1037.1652861863222,99636,28,10,261,101,83900,48822,1.3320687301778473,17,8,21342,21150,11646,6234,16705,22496,49109,38828,29289,20072,923,45,216,3526,12544,21943,4646,48,313,15889,7361,5,28,47,21111,262,316,10413
1038,4361,1038.0382501021024,99636,31,10,261,101,83906,48823,1.3321389859087076,18,7,21395,21220,11575,6191,16719,22470,49109,38828,29341,20160,923,45,216,3525,12502,21987,4646,48,311,15837,7334,5,27,48,21162,262,320,10438
1039,4361,1039.0702252234228,99636,32,10,261,101,83911,48824,1.332199205106588,15,7,21418,21262,11508,6167,16765,22452,49109,38828,29392,20247,923,45,215,3524,12462,22030,4646,48,311,15777,7308,5,27,48,21220,263,321,10463
1040,4361,1040.4188889643688,99636,23,11,261,101,83915,48825,1.3322493877714883,16,8,21486,21360,11444,6124,16769,22395,49109,38828,29442,20332,921,45,214,3524,12425,22070,4645,50,310,15721,7283,5,27,48,21274,264,324,10486
1041,4361,1041.0670783510861,99636,23,14,261,101,83916,48828,1.3322895339034084,16,5,21478,21371,11395,6106,16826,22402,49109,38828,29491,20416,921,45,214,3524,12385,22111,4645,50,309,15668,7262,5,26,49,21326,264,325,10507
1042,4361,1042.016034096518,99636,24,12,261,101,83918,48830,1.3323296800353286,15,3,21520,21457,11327,6073,16852,22353,49109,38828,29539,20499,921,45,214,3524,12352,22145,4645,50,310,15611,7234,5,26,49,21382,264,327,10532
1043,4361,1043.0307562229812,99636,24,11,261,101,83926,48830,1.332409972299169,10,6,21597,21553,11252,6032,16855,22296,49109,38828,29587,20580,921,45,214,3521,12317,22186,4644,50,311,15562,7210,5,26,49,21429,264,327,10555
1044,4361,1044.1286369774011,99636,28,13,261,101,83931,48832,1.3324802280300294,8,6,21618,21593,11191,6004,16893,22282,49109,38828,29634,20660,921,45,214,3521,12271,22233,4644,50,310,15506,7198,5,26,49,21484,264,328,10567
1045,4361,1045.0964048961011,99636,26,13,261,101,83933,48834,1.3325203741619496,9,4,21710,21691,11122,5972,16871,22218,49109,38828,29680,20739,921,45,214,3522,12239,22268,4643,50,305,15454,7174,5,26,49,21533,264,333,10591
1046,4361,1046.3833893327148,99636,22,12,261,101,83935,48834,1.3325404472279097,8,6,21806,21788,11043,5931,16859,22161,49109,38828,29725,20816,921,45,214,3520,12202,22310,4643,50,304,15402,7160,5,26,49,21582,264,334,10605
1047,4361,1047.0285037759877,99636,21,11,261,101,83935,48835,1.3325504837608897,9,5,21777,21787,11007,5916,16924,22179,49109,38828,29770,20892,921,45,213,3520,12163,22349,4643,50,305,15349,7147,5,26,49,21635,265,335,10616
1048,4361,1048.0282333391635,99636,22,10,261,101,83938,48835,1.3325805933598298,8,6,21850,21890,10925,5876,16933,22116,49109,38828,29814,20967,921,45,211,3520,12119,22394,4643,50,304,15303,7129,5,26,49,21680,267,336,10634
1049,4361,1049.2399656930224,99636,22,9,261,101,83939,48837,1.33261070295877,8,4,21905,21962,10856,5851,16947,22072,49109,38828,29857,21041,921,45,211,3520,12079,22436,4643,50,305,15266,7106,5,26,49,21715,267,336,10656
1050,4361,1050.0734471879796,99636,21,7,261,101,83942,48839,1.3326608856236701,6,3,21940,22020,10807,5823,16964,22045,49109,38828,29900,21114,921,45,210,3520,12043,22475,4643,50,306,15217,7089,5,26,49,21761,268,337,10671
1051,4361,1051.322304963995,99636,17,5,261,101,83944,48839,1.3326809586896302,7,4,22020,22087,10744,5788,16950,22014,49109,38828,29942,21185,921,45,210,3519,12015,22505,4642,50,304,15167,7071,5,26,49,21811,268,342,10686
1052,4361,1052.1901871469447,99636,16,3,261,101,83946,48839,1.3327010317555903,5,4,22064,22127,10688,5762,16965,22002,49109,38828,29983,21255,921,45,210,3520,11986,22534,4641,50,302,15120,7048,5,26,49,21858,268,345,10708
1053,4361,1053.2992702054212,99636,12,6,261,101,83947,48842,1.3327411778875105,5,1,22136,22207,10619,5731,16966,21953,49109,38828,30024,21324,921,45,209,3520,11959,22563,4641,50,303,15077,7027,5,26,49,21899,269,345,10728
1054,4361,1054.0086710388862,99636,12,5,261,101,83948,48842,1.3327512144204905,4,1,22160,22241,10570,5710,16992,21941,49109,38828,30064,21392,921,45,208,3520,11933,22591,4641,50,303,15028,7006,5,26,49,21946,270,345,10749
1055,4361,1055.156397483031,99636,12,4,261,101,83949,48842,1.3327612509534705,4,1,22228,22304,10501,5682,16993,21907,49109,38828,30103,21459,921,45,206,3520,11892,22633,4641,50,303,14987,6991,5,26,49,21986,272,345,10764
1056,4361,1056.1028385343193,99636,11,4,261,101,83950,48842,1.3327712874864506,4,2,22276,22378,10448,5646,16999,21868,49109,38828,30142,21525,921,45,205,3520,11859,22667,4640,50,299,14946,6978,5,26,49,22027,273,349,10777
1057,4361,1057.3089071430927,99636,9,4,261,101,83950,48842,1.3327712874864506,4,2,22364,22471,10387,5610,16974,21811,49109,38828,30180,21590,921,45,205,3520,11832,22695,4640,50,298,14901,6963,5,26,49,22071,273,350,10792
1058,4361,1058.044454236282,99636,11,5,261,101,83953,48843,1.332811433618371,1,1,22366,22486,10350,5592,17010,21814,49109,38828,30217,21654,921,45,204,3520,11797,22730,4640,50,298,14862,6947,5,26,49,22110,274,350,10808
1059,4361,1059.1571298857957,99636,11,4,261,101,83954,48844,1.332831506684331,2,0,22425,22569,10293,5561,17007,21764,49109,38828,30254,21717,921,45,204,3520,11766,22761,4640,50,299,14823,6933,5,26,49,22149,274,351,10820
1060,4361,1060.0721338130872,99636,9,3,261,101,83954,48844,1.332831506684331,4,0,22510,22658,10221,5526,16994,21711,49109,38828,30290,21779,921,45,204,3521,11738,22789,4639,50,299,14786,6907,5,26,49,22186,274,352,10845
1061,4361,1061.3376394751328,99636,8,3,261,101,83954,48844,1.332831506684331,4,1,22550,22726,10171,5499,17005,21669,49109,38828,30326,21840,921,45,204,3521,11710,22817,4639,50,298,14749,6885,5,26,49,22223,274,353,10867
1062,4361,1062.2310148638212,99636,7,3,261,101,83954,48844,1.332831506684331,6,1,22616,22824,10114,5469,16995,21601,49109,38828,30361,21900,921,45,204,3521,11678,22849,4639,50,299,14717,6868,5,26,49,22255,274,353,10883
1063,4361,1063.0054061756482,99636,9,3,261,101,83957,48844,1.3328616162832712,3,1,22603,22833,10087,5455,17036,21606,49109,38828,30396,21959,921,45,204,3521,11654,22873,4639,50,297,14674,6853,5,26,49,22298,274,355,10898
1064,4361,1064.1145427202632,99636,7,3,261,101,83957,48844,1.3328616162832712,4,1,22692,22921,10032,5428,17003,21545,49109,38828,30430,22017,921,45,203,3521,11627,22900,4639,50,297,14638,6836,5,26,49,22334,275,355,10915
1065,4361,1065.189336848644,99636,7,3,261,101,83958,48844,1.3328716528162512,3,1,22751,23018,9976,5399,17001,21477,49109,38828,30463,22074,921,45,203,3520,11597,22931,4639,50,297,14611,6817,5,26,49,22361,275,355,10934
1066,4361,1066.0245575311014,99636,6,3,261,101,83958,48844,1.3328716528162512,3,1,22765,23061,9940,5380,17024,21453,49109,38828,30496,22130,921,45,203,3520,11569,22959,4639,50,296,14577,6801,5,26,49,22395,275,356,10950
1067,4361,1067.3863501568158,99636,3,2,261,101,83958,48844,1.3328716528162512,3,1,22820,23142,9899,5357,17013,21396,49109,38828,30528,22185,921,45,202,3520,11547,22983,4639,50,296,14538,6786,5,26,49,22432,276,356,10965
1068,4361,1068.0888942040615,99636,4,3,261,101,83959,48845,1.3328917258822113,2,0,22877,23223,9860,5327,16995,21345,49109,38828,30560,22239,921,45,202,3520,11526,23004,4639,50,295,14502,6769,5,25,50,22468,276,357,10982
1069,4361,1069.1340634597823,99636,4,3,261,101,83960,48845,1.3329017624151913,1,0,22930,23286,9814,5300,16989,21309,49109,38828,30591,22292,921,45,201,3520,11501,23030,4639,50,295,14472,6753,5,25,50,22497,277,357,10998
1070,4361,1070.1876853339127,99636,5,3,261,101,83961,48845,1.3329117989481714,1,0,23009,23367,9747,5274,16976,21254,49109,38828,30622,22344,921,45,201,3520,11479,23052,4639,50,294,14438,6736,5,25,50,22531,277,358,11015
1071,4361,1071.0938136881405,99636,4,2,261,101,83961,48845,1.3329117989481714,1,0,23041,23411,9705,5258,16987,21227,49109,38828,30653,22396,921,45,201,3520,11448,23084,4639,50,294,14409,6721,5,25,50,22559,277,359,11029
1072,4361,1072.0696416854005,99636,3,2,261,101,83961,48845,1.3329117989481714,1,2,23111,23500,9654,5227,16969,21167,49109,38828,30683,22447,921,45,201,3521,11418,23114,4638,50,293,14382,6707,5,25,50,22586,277,360,11043
1073,4361,1073.2164666605865,99636,3,2,261,101,83961,48845,1.3329117989481714,1,2,23183,23583,9600,5203,16951,21108,49109,38828,30713,22497,921,45,200,3521,11391,23141,4638,50,292,14354,6697,5,25,50,22614,278,361,11053
1074,4361,1074.0311808566908,99636,4,4,261,101,83962,48847,1.3329419085471115,0,0,23220,23640,9558,5179,16956,21075,49109,38828,30742,22546,921,45,199,3521,11359,23173,4638,50,292,14330,6686,5,25,50,22638,279,361,11064
1075,4361,1075.3934887042285,99636,2,2,261,101,83962,48847,1.3329419085471115,0,0,23328,23748,9496,5143,16912,21005,49109,38828,30771,22594,921,45,199,3521,11336,23198,4638,50,292,14303,6670,5,25,50,22663,279,362,11079
1076,4361,1076.208338484796,99636,2,2,261,101,83962,48847,1.3329419085471115,0,0,23373,23802,9459,5123,16904,20971,49109,38828,30799,22642,921,45,198,3521,11315,23219,4638,50,292,14269,6658,5,25,50,22697,280,362,11091
1077,4361,1077.021460418997,99636,2,2,261,101,83962,48847,1.3329419085471115,0,0,23416,23848,9408,5110,16912,20938,49109,38828,30827,22689,921,45,196,3521,11298,23236,4638,50,292,14226,6650,5,25,50,22740,282,362,11099
1078,4361,1078.238320358355,99636,2,2,261,101,83962,48847,1.3329419085471115,0,0,23481,23941,9361,5078,16894,20877,49109,38828,30854,22735,921,45,196,3521,11278,23256,4638,50,292,14196,6638,5,25,50,22770,282,362,11111
1079,4361,1079.0477493106978,99636,2,2,261,101,83962,48847,1.3329419085471115,0,0,23522,23988,9324,5054,16890,20854,49109,38828,30881,22780,921,45,196,3521,11260,23274,4638,50,292,14165,6628,5,25,50,22801,282,362,11121
1080,4361,1080.2593615296014,99636,2,2,261,101,83962,48847,1.3329419085471115,0,0,23597,24057,9268,5026,16871,20813,49109,38828,30908,22825,921,45,196,3521,11236,23298,4638,50,292,14133,6621,5,25,50,22833,282,362,11128
1081,4361,1081.2879535573798,99636,1,1,261,101,83962,48847,1.3329419085471115,0,0,23670,24122,9218,5006,16849,20769,49109,38828,30934,22869,921,45,195,3521,11218,23317,4638,50,292,14106,6607,5,24,51,22859,283,363,11141
1082,4361,1082.0909770799553,99636,0,0,261,101,83962,48847,1.3329419085471115,1,0,23686,24152,9191,4993,16860,20753,49109,38828,30960,22912,921,45,195,3521,11195,23341,4638,50,293,14079,6596,5,24,51,22885,283,363,11151
1083,4361,1083.0891066384559,99636,1,0,261,101,83963,48847,1.3329519450800915,0,0,23766,24241,9139,4957,16832,20700,49109,38828,30985,22954,921,45,194,3521,11178,23358,4638,50,292,14053,6584,5,24,51,22911,284,364,11163
1084,4361,1084.2878768797154,99636,1,0,261,101,83963,48847,1.3329519450800915,0,0,23842,24325,9095,4926,16800,20647,49109,38828,31010,22996,921,45,194,3521,11165,23371,4638,50,292,14024,6573,5,24,51,22940,284,364,11174
1085,4361,1085.2196062965932,99636,0,0,261,101,83963,48847,1.3329519450800915,0,0,23894,24411,9048,4900,16796,20587,49109,38828,31035,23037,921,45,194,3521,11147,23389,4638,50,291,13996,6561,5,24,51,22968,284,365,11186
1086,4361,1086.0151552736397,99636,0,0,261,101,83963,48847,1.3329519450800915,0,0,23945,24467,9009,4878,16784,20553,49109,38828,31059,23077,921,45,194,3521,11124,23412,4638,50,289,13975,6551,5,24,51,22989,284,367,11196
1087,4361,1087.2052040547135,99636,0,0,261,101,83963,48847,1.3329519450800915,0,0,24031,24559,8966,4851,16741,20488,49109,38828,31083,23117,921,45,192,3521,11104,23432,4638,50,289,13957,6540,5,24,51,23007,286,367,11207
1088,4361,1088.391270430942,99636,0,0,261,101,83963,48847,1.3329519450800915,0,0,24107,24631,8910,4833,16721,20434,49109,38828,31107,23156,921,45,192,3521,11085,23451,4638,50,289,13929,6532,5,24,51,23035,286,367,11215
1089,4361,1089.1799934414553,99636,0,0,261,101,83963,48847,1.3329519450800915,0,0,24155,24678,8876,4821,16707,20399,49109,38828,31130,23195,921,45,192,3521,11065,23471,4638,50,289,13905,6523,5,24,51,23059,286,367,11224
1090,4361,1090.3598021368168,99636,0,0,261,101,83963,48847,1.3329519450800915,0,0,24221,24777,8831,4792,16686,20329,49109,38828,31153,23233,921,45,192,3521,11045,23491,4638,50,289,13881,6514,5,24,51,23083,286,367,11233
1091,4361,1091.1445466362206,99636,0,0,261,101,83963,48847,1.3329519450800915,0,0,24281,24825,8792,4778,16665,20295,49109,38828,31176,23270,921,45,192,3521,11027,23509,4638,50,288,13860,6504,5,23,52,23104,286,368,11243
1092,4361,1092.3182756640501,99636,0,0,261,101,83963,48847,1.3329519450800915,0,0,24350,24919,8755,4757,16633,20222,49109,38828,31198,23307,921,45,192,3521,11006,23530,4638,50,288,13836,6495,5,23,52,23128,286,368,11252
1093,4361,1093.0987287896962,99636,0,0,261,101,83963,48847,1.3329519450800915,0,0,24394,24961,8719,4737,16625,20200,49109,38828,31220,23343,921,45,192,3521,10982,23554,4638,50,287,13818,6486,5,23,52,23146,286,369,11261
1094,4361,1094.2668399739093,99636,0,0,261,101,83963,48847,1.3329519450800915,0,0,24458,25029,8685,4715,16595,20154,49109,38828,31242,23379,921,45,192,3521,10960,23576,4638,50,286,13798,6477,5,23,52,23166,286,370,11270
