,indexID,time,N,Inf_L,Inf_H,Dead_L,Dead_H,cum_cases_L,cum_cases_H,cum_sum_per_N,Exposed_L,Exposed_H,Sus_L,Sus_H,Rec_nat_L,Rec_nat_H,Rec_vax_L,Rec_vax_H,vaccinatedH,vaccinatedL,boostedH,boostedL,count_Naive,count_Delta,count_Delta_vaccine,count_two,count_three,count_four,count_Omicron,count_Omicron_star,count_Omicron_star_vaccine,count_Omicron_vaccine,count_Vaccine,count_WT,count_WT_vaccine,count_WT_vaccine_boost,count_Omicron_vaccine_boost,count_Delta_vaccine_boost,count_Omicron_star_vaccine_boost,count_Vaccine_boost
0,1558,1.083299839536048,99996,7,4,0,0,8,4,0.00012000480019200768,17,21,49973,49973,1,0,0,0,0,0,0,0,99995,0,0,0,0,0,0,0,0,0,0,1,0,0,0,0,0,0
1,1558,2.088038375616252,99996,10,7,0,0,11,7,0.00018000720028801153,14,18,49973,49973,1,0,0,0,0,0,0,0,99995,0,0,0,0,0,0,0,0,0,0,1,0,0,0,0,0,0
2,1558,3.0520591094566543,99996,8,9,0,0,12,11,0.00023000920036801473,14,16,49972,49971,4,2,0,0,0,0,0,0,99990,0,0,0,0,0,0,0,0,0,0,6,0,0,0,0,0,0
3,1558,4.027750635317985,99996,11,15,0,0,17,19,0.00036001440057602306,11,10,49970,49969,6,4,0,0,0,0,0,0,99986,0,0,0,0,0,0,0,0,0,0,10,0,0,0,0,0,0
4,1558,5.023176752922255,99996,11,15,0,0,20,21,0.00041001640065602623,9,9,49969,49968,9,6,0,0,0,0,0,0,99981,0,0,0,0,0,0,0,0,0,0,15,0,0,0,0,0,0
5,1558,6.00315938709906,99996,12,13,0,0,23,21,0.00044001760070402814,9,11,49966,49966,11,8,0,0,0,0,0,0,99977,0,0,0,0,0,0,0,0,0,0,19,0,0,0,0,0,0
6,1558,7.041698339682858,99996,12,16,0,0,25,26,0.0005100204008160326,9,8,49964,49964,13,10,0,0,0,0,0,0,99973,0,0,0,0,0,0,0,0,0,0,23,0,0,0,0,0,0
7,1558,8.008389060425216,99996,12,14,0,0,27,26,0.0005300212008480339,8,8,49963,49964,15,12,0,0,0,0,0,0,99969,0,0,0,0,0,0,0,0,0,0,27,0,0,0,0,0,0
8,1558,9.02678269526794,99996,16,11,0,0,31,30,0.0006100244009760391,6,4,49961,49964,15,19,0,0,0,0,0,0,99962,0,0,0,0,0,0,0,0,0,0,34,0,0,0,0,0,0
9,1558,10.012267517614129,99996,14,13,0,0,33,32,0.0006500260010400416,7,3,49958,49963,19,19,0,0,0,0,0,0,99958,0,0,0,0,0,0,0,0,0,0,38,0,0,0,0,0,0
10,1558,11.011611310000808,99996,19,15,0,0,39,37,0.0007600304012160486,3,3,49956,49958,20,22,0,0,0,0,0,0,99954,0,0,0,0,0,0,0,0,0,0,42,0,0,0,0,0,0
11,1558,12.130404151952554,99996,16,14,0,0,39,37,0.0007600304012160486,8,5,49951,49956,23,23,0,0,0,0,0,0,99950,0,0,0,0,0,0,0,0,0,0,46,0,0,0,0,0,0
12,1558,13.102972639582495,99996,16,15,0,0,42,38,0.0008000320012800512,9,6,49947,49954,26,23,0,0,0,0,0,0,99947,0,0,0,0,0,0,0,0,0,0,49,0,0,0,0,0,0
13,1558,14.001596728310764,99996,14,12,0,0,44,41,0.0008500340013600544,10,4,49944,49953,30,29,0,0,0,0,0,0,99937,0,0,0,0,0,0,0,0,0,0,59,0,0,0,0,0,0
14,1558,15.113577020265183,99996,16,12,0,0,48,43,0.0009100364014560582,7,3,49943,49953,32,30,0,0,0,0,0,0,99933,0,0,0,0,0,0,0,0,0,0,63,0,0,0,0,0,0
15,1558,16.22819496387091,99996,15,9,0,0,49,45,0.0009400376015040601,9,2,49940,49953,34,34,0,0,0,0,0,0,99926,0,0,0,0,0,0,0,0,0,0,70,0,0,0,0,0,0
16,1558,17.061462150549794,99996,16,9,0,0,51,45,0.0009600384015360614,13,3,49934,49952,35,34,0,0,0,0,0,0,99925,0,0,0,0,0,0,0,0,0,0,71,0,0,0,0,0,0
17,1558,18.11940815551483,99996,19,10,0,0,55,46,0.0010100404016160646,12,3,49931,49951,36,34,0,0,0,0,0,0,99924,0,0,0,0,0,0,0,0,0,0,72,0,0,0,0,0,0
18,1558,19.07466584609186,99996,20,7,0,0,59,46,0.0010500420016800673,15,3,49924,49951,39,37,0,0,0,0,0,0,99918,0,0,0,0,0,0,0,0,0,0,78,0,0,0,0,0,0
19,1558,20.022793124193424,99996,22,8,0,0,65,47,0.0011200448017920717,11,3,49922,49950,43,37,0,0,0,0,0,0,99914,0,0,0,0,0,0,0,0,0,0,82,0,0,0,0,0,0
20,1558,21.005675141141428,99996,23,5,0,0,70,48,0.0011800472018880755,9,2,49919,49950,47,41,0,0,0,0,0,0,99906,0,0,0,0,0,0,0,0,0,0,90,0,0,0,0,0,0
21,1558,22.194741030947355,99996,25,7,0,0,73,50,0.0012300492019680787,10,3,49915,49948,48,40,0,0,0,0,0,0,99905,0,0,0,0,0,0,0,0,0,0,91,0,0,0,0,0,0
22,1558,23.108574434435276,99996,31,7,0,0,79,52,0.0013100524020960838,10,3,49909,49946,48,42,0,0,0,0,0,0,99903,0,0,0,0,0,0,0,0,0,0,93,0,0,0,0,0,0
23,1558,24.068017739297723,99996,30,6,0,0,84,52,0.001360054402176087,11,4,49904,49945,53,43,0,0,0,0,0,0,99896,0,0,0,0,0,0,0,0,0,0,100,0,0,0,0,0,0
24,1558,25.06949546844541,99996,28,6,0,0,85,52,0.0013700548021920876,13,7,49902,49942,55,43,0,0,0,0,0,0,99893,0,0,0,0,0,0,0,0,0,0,103,0,0,0,0,0,0
25,1558,26.115012437474807,99996,29,7,0,0,87,54,0.0014100564022560902,15,7,49898,49940,56,44,0,0,0,0,0,0,99891,0,0,0,0,0,0,0,0,0,0,105,0,0,0,0,0,0
26,1558,27.196178870689103,99996,29,11,0,0,90,58,0.0014800592023680947,16,5,49894,49938,59,44,0,0,0,0,0,0,99888,0,0,0,0,0,0,0,0,0,0,108,0,0,0,0,0,0
27,1558,28.075003939622206,99996,25,12,0,0,94,59,0.0015300612024480979,15,5,49891,49937,67,44,0,0,0,0,0,0,99880,0,0,0,0,0,0,0,0,0,0,116,0,0,0,0,0,0
28,1558,29.036467068387815,99996,27,8,0,0,98,60,0.001580063202528101,13,4,49889,49937,69,49,0,0,0,0,0,0,99873,0,0,0,0,0,0,0,0,0,0,123,0,0,0,0,0,0
29,1558,30.002368444172454,99996,27,8,0,0,100,60,0.0016000640025601023,13,6,49887,49936,71,48,0,0,0,0,0,0,99871,0,0,0,0,0,0,0,0,0,0,125,0,0,0,0,0,0
30,1558,31.2539591573002,99996,29,8,0,0,104,61,0.0016500660026401055,12,6,49884,49935,73,49,0,0,0,0,0,0,99868,0,0,0,0,0,0,0,0,0,0,128,0,0,0,0,0,0
31,1558,32.04063767629109,99996,33,9,0,0,109,63,0.0017200688027521102,9,5,49883,49934,73,50,0,0,0,0,0,0,99866,0,0,0,0,0,0,0,0,0,0,130,0,0,0,0,0,0
32,1558,33.10038271672677,99996,29,9,0,0,111,64,0.001750070002800112,10,6,49880,49932,79,51,0,0,0,0,0,0,99859,0,0,0,0,0,0,0,0,0,0,137,0,0,0,0,0,0
33,1558,34.08738054731701,99996,28,8,0,0,116,65,0.0018100724028961158,8,7,49877,49930,85,53,0,0,0,0,0,0,99851,0,0,0,0,0,0,0,0,0,0,145,0,0,0,0,0,0
34,1558,35.086008978173076,99996,26,8,0,0,120,68,0.0018800752030081202,11,5,49870,49929,91,56,0,0,0,0,0,0,99842,0,0,0,0,0,0,0,0,0,0,154,0,0,0,0,0,0
35,1558,36.02910627967138,99996,23,7,0,0,123,71,0.0019400776031041243,12,4,49867,49927,96,60,0,0,0,0,0,0,99832,0,0,0,0,0,0,0,0,0,0,164,0,0,0,0,0,0
36,1558,37.32334146003684,99996,24,7,0,0,127,72,0.0019900796031841273,17,4,49859,49926,98,61,0,0,0,0,0,0,99828,0,0,0,0,0,0,0,0,0,0,168,0,0,0,0,0,0
37,1558,38.05898907193127,99996,30,7,0,0,134,74,0.0020800832033281333,12,3,49857,49925,99,63,0,0,0,0,0,0,99825,0,0,0,0,0,0,0,0,0,0,171,0,0,0,0,0,0
38,1558,39.11453303359223,99996,27,9,0,0,137,76,0.002130085203408136,14,5,49853,49922,104,62,0,0,0,0,0,0,99819,0,0,0,0,0,0,0,0,0,0,177,0,0,0,0,0,0
39,1558,40.08304912018828,99996,23,8,0,0,142,78,0.002200088003520141,10,4,49853,49921,112,65,0,0,0,0,0,0,99807,0,0,0,0,0,0,0,0,0,0,189,0,0,0,0,0,0
40,1558,41.0199287382207,99996,21,8,0,0,144,80,0.0022400896035841434,12,4,49851,49919,114,67,0,0,0,0,0,0,99801,0,0,0,0,0,0,0,0,0,0,195,0,0,0,0,0,0
41,1558,42.057785511393185,99996,24,6,0,0,147,80,0.0022700908036321454,12,5,49848,49918,114,69,0,0,0,0,0,0,99799,0,0,0,0,0,0,0,0,0,0,197,0,0,0,0,0,0
42,1558,43.29947302539016,99996,22,6,0,0,149,80,0.0022900916036641466,10,6,49848,49918,118,68,0,0,0,0,0,0,99795,0,0,0,0,0,0,0,0,0,0,201,0,0,0,0,0,0
43,1558,44.01998118742261,99996,18,7,0,0,150,81,0.002310092403696148,11,6,49846,49917,123,68,0,0,0,0,0,0,99790,0,0,0,0,0,0,0,0,0,0,206,0,0,0,0,0,0
44,1558,45.03952463498751,99996,18,8,0,0,153,82,0.0023500940037601502,9,6,49846,49916,125,68,0,0,0,0,0,0,99787,0,0,0,0,0,0,0,0,0,0,209,0,0,0,0,0,0
45,1558,46.32003492887199,99996,21,10,0,0,158,84,0.002420096803872155,11,4,49839,49917,127,67,0,0,0,0,0,0,99785,0,0,0,0,0,0,0,0,0,0,211,0,0,0,0,0,0
46,1558,47.03009259534776,99996,23,10,0,0,161,84,0.0024500980039201567,9,6,49839,49915,127,67,0,0,0,0,0,0,99784,0,0,0,0,0,0,0,0,0,0,212,0,0,0,0,0,0
47,1558,48.28155978910672,99996,26,9,0,0,165,86,0.0025101004040161607,7,7,49837,49912,128,70,0,0,0,0,0,0,99780,0,0,0,0,0,0,0,0,0,0,216,0,0,0,0,0,0
48,1558,49.100981571525146,99996,22,9,0,0,167,87,0.0025401016040641627,9,8,49833,49910,134,71,0,0,0,0,0,0,99773,0,0,0,0,0,0,0,0,0,0,223,0,0,0,0,0,0
49,1558,50.03543524256333,99996,23,14,0,0,171,92,0.0026301052042081684,8,6,49830,49907,137,71,0,0,0,0,0,0,99770,0,0,0,0,0,0,0,0,0,0,226,0,0,0,0,0,0
50,1558,51.05245935892693,99996,23,14,0,0,171,93,0.0026401056042241688,11,6,49828,49908,136,70,0,0,0,0,0,0,99769,0,0,0,0,0,0,0,0,0,0,227,0,0,0,0,0,0
51,1558,52.07510392331599,99996,26,18,0,0,177,97,0.002740109604384175,9,8,49824,49902,139,70,0,0,0,0,0,0,99766,0,0,0,0,0,0,0,0,0,0,230,0,0,0,0,0,0
52,1558,53.22808922063382,99996,26,18,0,0,182,101,0.0028301132045281813,10,12,49819,49894,143,74,0,0,0,0,0,0,99757,0,0,0,0,0,0,0,0,0,0,239,0,0,0,0,0,0
53,1558,54.00626515580313,99996,25,19,0,0,185,104,0.002890115604624185,7,10,49819,49893,147,76,0,0,0,0,0,0,99751,0,0,0,0,0,0,0,0,0,0,245,0,0,0,0,0,0
54,1558,55.05267816548133,99996,22,14,0,0,188,105,0.0029301172046881877,7,12,49816,49890,153,82,0,0,0,0,0,0,99739,0,0,0,0,0,0,0,0,0,0,257,0,0,0,0,0,0
55,1558,56.13594730544635,99996,21,13,0,0,190,105,0.002950118004720189,7,12,49814,49891,156,82,0,0,0,0,0,0,99735,0,0,0,0,0,0,0,0,0,0,261,0,0,0,0,0,0
56,1558,57.32407373876983,99996,20,11,0,0,192,106,0.002980119204768191,7,14,49813,49888,158,85,0,0,0,0,0,0,99729,0,0,0,0,0,0,0,0,0,0,267,0,0,0,0,0,0
57,1558,58.03121984093959,99996,21,11,0,0,194,107,0.0030101204048161925,10,14,49808,49887,159,86,0,0,0,0,0,0,99727,0,0,0,0,0,0,0,0,0,0,269,0,0,0,0,0,0
58,1558,59.21157497216878,99995,22,14,0,1,198,113,0.003110155507775389,10,9,49804,49886,162,88,0,0,0,0,0,0,99721,0,0,0,0,0,0,0,0,0,0,274,0,0,0,0,0,0
59,1558,60.01981782487893,99995,20,13,0,1,199,115,0.0031401570078503924,15,7,49798,49886,165,91,0,0,0,0,0,0,99715,0,0,0,0,0,0,0,0,0,0,280,0,0,0,0,0,0
60,1558,61.02483393669048,99995,21,14,0,1,202,117,0.003190159507975399,18,7,49792,49885,167,91,0,0,0,0,0,0,99712,0,0,0,0,0,0,0,0,0,0,283,0,0,0,0,0,0
61,1558,62.00022364865963,99995,25,14,0,1,210,118,0.00328016400820041,12,10,49790,49881,171,92,0,0,0,0,0,0,99707,0,0,0,0,0,0,0,0,0,0,288,0,0,0,0,0,0
62,1558,63.01647367769787,99995,26,14,0,1,216,122,0.0033801690084504224,13,7,49783,49880,176,96,0,0,0,0,0,0,99698,0,0,0,0,0,0,0,0,0,0,297,0,0,0,0,0,0
63,1558,64.23654609901813,99995,25,7,0,1,217,123,0.003400170008500425,16,6,49779,49882,178,102,0,0,0,0,0,0,99688,0,0,0,0,0,0,0,0,0,0,307,0,0,0,0,0,0
64,1558,65.24737725138424,99995,23,9,0,1,219,126,0.0034501725086254313,18,5,49775,49882,182,101,0,0,0,0,0,0,99683,0,0,0,0,0,0,0,0,0,0,312,0,0,0,0,0,0
65,1558,66.04591788863037,99995,23,9,0,1,223,127,0.0035001750087504373,18,5,49771,49881,186,102,0,0,0,0,0,0,99678,0,0,0,0,0,0,0,0,0,0,317,0,0,0,0,0,0
66,1558,67.01539008155403,99995,17,10,0,1,225,128,0.0035301765088254413,17,5,49771,49880,193,102,0,0,0,0,0,0,99670,0,0,0,0,0,0,0,0,0,0,325,0,0,0,0,0,0
67,1558,68.07096833572737,99995,24,11,0,1,234,132,0.0036601830091504573,16,2,49764,49880,194,104,0,0,0,0,0,0,99665,0,0,0,0,0,0,0,0,0,0,330,0,0,0,0,0,0
68,1558,69.04070036462308,99995,19,12,0,1,237,133,0.0037001850092504623,19,5,49759,49876,201,104,0,0,0,0,0,0,99657,0,0,0,0,0,0,0,0,0,0,338,0,0,0,0,0,0
69,1558,70.0506530446752,99995,21,12,0,1,242,133,0.0037501875093754688,17,8,49756,49873,204,104,0,0,0,0,0,0,99654,0,0,0,0,0,0,0,0,0,0,341,0,0,0,0,0,0
70,1558,71.10753985611032,99995,20,13,0,1,248,135,0.0038301915095754788,15,8,49752,49872,211,104,0,0,0,0,0,0,99646,0,0,0,0,0,0,0,0,0,0,349,0,0,0,0,0,0
71,1558,72.04879857375663,99995,20,13,0,1,250,136,0.0038601930096504827,14,9,49751,49871,213,104,0,0,0,0,0,0,99643,0,0,0,0,0,0,0,0,0,0,352,0,0,0,0,0,0
72,1558,73.32402099149557,99995,22,12,0,1,255,136,0.003910195509775489,11,10,49750,49871,215,104,0,0,0,0,0,0,99639,0,0,0,0,0,0,0,0,0,0,356,0,0,0,0,0,0
73,1558,74.1322204141907,99995,21,9,0,1,255,136,0.003910195509775489,15,13,49747,49868,215,107,0,0,0,0,0,0,99635,0,0,0,0,0,0,0,0,0,0,360,0,0,0,0,0,0
74,1558,75.13437228465995,99995,24,11,0,1,262,140,0.004020201010050502,10,11,49745,49867,219,108,0,0,0,0,0,0,99629,0,0,0,0,0,0,0,0,0,0,366,0,0,0,0,0,0
75,1558,76.33081653271441,99995,25,13,0,1,265,143,0.00408020401020051,16,9,49737,49869,220,106,0,0,0,0,0,0,99626,0,0,0,0,0,0,0,0,0,0,369,0,0,0,0,0,0
76,1558,77.13967204213448,99995,24,13,0,1,267,144,0.004110205510275514,21,12,49730,49865,223,107,0,0,0,0,0,0,99622,0,0,0,0,0,0,0,0,0,0,373,0,0,0,0,0,0
77,1558,78.04265530120941,99995,26,13,0,1,272,146,0.004180209010450522,19,12,49728,49863,225,109,0,0,0,0,0,0,99617,0,0,0,0,0,0,0,0,0,0,378,0,0,0,0,0,0
78,1558,79.00213119380693,99995,27,10,0,1,278,146,0.00424021201060053,17,13,49725,49863,229,111,0,0,0,0,0,0,99609,0,0,0,0,0,0,0,0,0,0,386,0,0,0,0,0,0
79,1558,80.20829656934752,99995,27,9,0,1,281,149,0.004300215010750537,18,13,49723,49860,230,115,0,0,0,0,0,0,99602,0,0,0,0,0,0,0,0,0,0,393,0,0,0,0,0,0
80,1558,81.16884773413553,99995,23,13,0,1,282,153,0.004350217510875544,26,10,49715,49859,234,115,0,0,0,0,0,0,99597,0,0,0,0,0,0,0,0,0,0,398,0,0,0,0,0,0
81,1558,82.04815142257031,99995,23,12,0,1,282,153,0.004350217510875544,32,10,49709,49859,234,116,0,0,0,0,0,0,99596,0,0,0,0,0,0,0,0,0,0,399,0,0,0,0,0,0
82,1558,83.10003636850655,99995,29,7,0,1,291,154,0.004450222511125556,27,11,49708,49857,234,122,0,0,0,0,0,0,99587,0,0,0,0,0,0,0,0,0,0,408,0,0,0,0,0,0
83,1558,84.1748315806661,99995,30,7,0,1,298,157,0.004550227511375569,22,14,49706,49853,240,123,0,0,0,0,0,0,99578,0,0,0,0,0,0,0,0,0,0,417,0,0,0,0,0,0
84,1558,85.05208541224951,99995,33,9,0,1,302,159,0.004610230511525576,22,14,49703,49851,240,123,0,0,0,0,0,0,99577,0,0,0,0,0,0,0,0,0,0,418,0,0,0,0,0,0
85,1558,86.18575518894905,99995,33,13,0,1,305,163,0.004680234011700585,28,15,49696,49846,241,123,0,0,0,0,0,0,99574,0,0,0,0,0,0,0,0,0,0,421,0,0,0,0,0,0
86,1558,87.05305840204664,99995,36,14,0,1,315,168,0.004830241512075604,30,12,49686,49845,246,126,0,0,0,0,0,0,99563,0,0,0,0,0,0,0,0,0,0,432,0,0,0,0,0,0
87,1558,88.12055032739607,99995,39,15,0,1,322,171,0.004930246512325616,30,12,49682,49843,247,127,0,0,0,0,0,0,99557,0,0,0,0,0,0,0,0,0,0,438,0,0,0,0,0,0
88,1558,89.12965825686739,99995,48,16,0,1,336,174,0.005100255012750638,24,13,49674,49839,252,129,0,0,0,0,0,0,99550,0,0,0,0,0,0,0,0,0,0,445,0,0,0,0,0,0
89,1558,90.08995722318663,99995,47,18,0,1,342,176,0.005180259012950648,27,15,49665,49835,259,129,0,0,0,0,0,0,99543,0,0,0,0,0,0,0,0,0,0,452,0,0,0,0,0,0
90,1558,91.10994990817626,99995,51,18,0,1,350,177,0.005270263513175659,23,18,49664,49831,260,130,0,0,0,0,0,0,99538,0,0,0,0,0,0,0,0,0,0,457,0,0,0,0,0,0
91,1558,92.07835402928768,99995,51,19,0,1,353,179,0.005320266013300665,23,17,49662,49830,262,131,0,0,0,0,0,0,99534,0,0,0,0,0,0,0,0,0,0,461,0,0,0,0,0,0
92,1558,93.05565812261021,99995,54,20,0,1,357,183,0.005400270013500675,26,17,49657,49826,261,134,0,0,0,0,0,0,99530,0,0,0,0,0,0,0,0,0,0,465,0,0,0,0,0,0
93,1558,94.32860916383466,99995,50,22,0,1,366,189,0.005550277513875694,23,13,49653,49825,272,137,0,0,0,0,0,0,99513,0,0,0,0,0,0,0,0,0,0,482,0,0,0,0,0,0
94,1558,95.28649429057756,99995,44,20,0,1,369,192,0.005610280514025701,27,13,49647,49822,280,142,0,0,0,0,0,0,99499,0,0,0,0,0,0,0,0,0,0,496,0,0,0,0,0,0
95,1558,96.1513825380956,99995,44,22,0,1,375,195,0.005700285014250713,24,14,49644,49819,286,142,0,0,0,0,0,0,99492,0,0,0,0,0,0,0,0,0,0,503,0,0,0,0,0,0
96,1558,97.1350587708989,99995,40,21,0,1,380,199,0.005790289514475724,21,13,49642,49817,295,146,0,0,0,0,0,0,99478,0,0,0,0,0,0,0,0,0,0,517,0,0,0,0,0,0
97,1558,98.22057724290582,99995,45,19,0,1,391,205,0.005960298014900745,21,8,49631,49816,301,154,0,0,0,0,0,0,99464,0,0,0,0,0,0,0,0,0,0,531,0,0,0,0,0,0
98,1558,99.19330899831141,99995,43,18,0,1,394,206,0.00600030001500075,23,9,49626,49814,306,156,0,0,0,0,0,0,99457,0,0,0,0,0,0,0,0,0,0,538,0,0,0,0,0,0
99,1558,100.00108048824497,99995,44,18,0,1,400,209,0.006090304515225761,24,15,49622,49805,308,159,0,0,0,0,0,0,99449,0,0,0,0,0,0,0,0,0,0,546,0,0,0,0,0,0
100,1558,101.05794050614062,99995,43,21,0,1,405,213,0.006180309015450773,28,16,49614,49800,313,160,0,0,0,0,0,0,99443,0,0,1,0,0,0,0,0,0,0,551,0,0,0,0,0,0
101,1558,102.0199204448647,99995,39,19,0,1,407,214,0.006210310515525777,30,20,49610,49795,319,163,0,0,0,0,0,0,99434,0,0,1,0,0,0,0,0,0,0,560,0,0,0,0,0,0
102,1558,103.04082097925337,99995,47,19,0,1,420,219,0.006390319515975799,23,18,49604,49792,324,168,0,0,0,0,0,0,99424,0,0,1,0,0,0,0,0,0,0,570,0,0,0,0,0,0
103,1558,104.20234649761048,99995,49,20,0,1,430,222,0.006520326016300815,27,20,49592,49788,330,169,0,0,0,0,0,0,99414,0,0,1,0,0,0,0,0,0,0,580,0,0,0,0,0,0
104,1558,105.15204053684121,99995,46,24,0,1,438,226,0.00664033201660083,27,19,49584,49786,341,168,0,0,0,0,0,0,99403,0,0,1,0,0,0,0,0,0,0,591,0,0,0,0,0,0
105,1558,106.10479926476704,99995,56,25,0,1,450,230,0.00680034001700085,26,19,49573,49782,343,171,0,0,0,0,0,0,99398,0,0,1,0,0,0,0,0,0,0,596,0,0,0,0,0,0
106,1558,107.24343047082482,99995,51,26,0,1,456,235,0.006910345517275864,34,20,49562,49776,351,175,0,0,0,0,0,0,99383,0,0,1,0,0,0,0,0,0,0,611,0,0,0,0,0,0
107,1558,108.16883066561114,99995,59,29,0,1,469,240,0.007090354517725887,36,16,49548,49775,355,177,0,0,0,0,0,0,99376,0,0,1,0,0,0,0,0,0,0,618,0,0,0,0,0,0
108,1558,109.13987292117496,99995,60,29,0,1,479,243,0.007220361018050903,35,15,49540,49774,363,179,0,0,0,0,0,0,99364,0,0,1,0,0,0,0,0,0,0,630,0,0,0,0,0,0
109,1558,110.233795104822,99995,64,27,0,1,493,247,0.007400370018500925,39,17,49526,49769,369,184,0,0,0,0,0,0,99348,0,0,1,0,0,0,0,0,0,0,646,0,0,0,0,0,0
110,1558,111.14703229130552,99995,64,28,0,1,498,249,0.007470373518675934,39,17,49521,49767,374,185,0,0,0,0,0,0,99342,0,0,1,0,0,0,0,0,0,0,652,0,0,0,0,0,0
111,1558,112.22108459887046,99994,60,29,1,1,507,253,0.007600456027361642,46,20,49507,49760,384,188,0,0,0,0,0,0,99326,0,0,1,0,0,0,0,0,0,0,667,0,0,0,0,0,0
112,1558,113.00472548157614,99994,65,30,1,1,516,256,0.007720463227793668,44,20,49500,49758,388,189,0,0,0,0,0,0,99320,0,0,1,0,0,0,0,0,0,0,673,0,0,0,0,0,0
113,1558,114.15384761625944,99994,63,34,1,1,528,264,0.007920475228513711,43,21,49491,49749,400,193,0,0,0,0,0,0,99302,0,0,1,0,0,0,0,0,0,0,691,0,0,0,0,0,0
114,1558,115.06579084072538,99994,65,30,1,1,542,268,0.00810048602916175,39,22,49483,49746,410,199,0,0,0,0,0,0,99282,0,0,1,0,0,0,0,0,0,0,711,0,0,0,0,0,0
115,1558,116.06290892728816,99994,76,31,1,1,562,272,0.008340500430025802,36,19,49467,49746,418,201,0,0,0,0,0,0,99270,0,0,1,0,0,0,0,0,0,0,723,0,0,0,0,0,0
116,1558,117.01557009526745,99994,68,34,1,1,568,278,0.008460507630457827,32,16,49466,49744,431,203,0,0,0,0,0,0,99253,0,0,1,0,0,0,0,0,0,0,740,0,0,0,0,0,0
117,1558,118.00141813667526,99994,65,35,1,1,575,284,0.008590515430925856,34,12,49459,49743,439,207,0,0,0,0,0,0,99238,0,0,1,0,0,0,0,0,0,0,755,0,0,0,0,0,0
118,1558,119.00652270805699,99994,62,33,1,1,581,286,0.008670520231213872,40,14,49448,49741,447,209,0,0,0,0,0,0,99225,0,0,1,0,0,0,0,0,0,0,768,0,0,0,0,0,0
119,1558,120.16983354256979,99994,70,34,1,1,600,291,0.008910534632077924,39,18,49431,49733,457,212,0,0,0,0,0,0,99210,0,0,1,0,0,0,0,0,0,0,783,0,0,0,0,0,0
120,1558,121.12503740696118,99993,71,30,2,1,606,293,0.008990629344054084,38,16,49429,49733,458,218,0,0,0,0,0,0,99199,0,0,1,0,0,0,0,0,0,0,793,0,0,0,0,0,0
121,1558,122.2486260365795,99993,71,31,2,1,619,296,0.009150640544838138,45,18,49410,49729,470,219,0,0,0,0,0,0,99184,0,0,1,0,0,0,0,0,0,0,808,0,0,0,0,0,0
122,1558,123.26373431117973,99993,78,30,2,1,633,300,0.009330653145720201,43,18,49401,49726,474,223,0,0,0,0,0,0,99173,0,0,2,0,0,0,0,0,0,0,818,0,0,0,0,0,0
123,1558,124.31594171544089,99993,77,33,2,1,644,305,0.009490664346504255,38,19,49397,49720,484,225,0,0,0,0,0,0,99159,0,0,2,0,0,0,0,0,0,0,832,0,0,0,0,0,0
124,1558,125.30605132460543,99993,77,34,2,1,655,313,0.009680677647435321,37,20,49388,49711,494,232,0,0,0,0,0,0,99141,0,0,2,0,0,0,0,0,0,0,850,0,0,0,0,0,0
125,1558,126.31442834467009,99993,74,37,2,1,662,321,0.009830688148170372,35,19,49383,49705,504,236,0,0,0,0,0,0,99126,0,0,2,0,0,0,0,0,0,0,865,0,0,0,0,0,0
126,1558,127.01039257835733,99993,75,38,2,1,668,325,0.009930695148660407,41,17,49371,49704,509,238,0,0,0,0,0,0,99118,0,0,2,0,0,0,0,0,0,0,873,0,0,0,0,0,0
127,1558,128.27105466226155,99993,79,31,2,1,684,332,0.010160711249787485,39,14,49360,49701,518,251,0,0,0,0,0,0,99092,0,0,2,0,0,0,0,0,0,0,899,0,0,0,0,0,0
128,1558,129.12513845447492,99993,81,23,2,1,698,332,0.010300721050473534,45,18,49340,49698,530,258,0,0,0,0,0,0,99072,0,0,2,0,0,0,0,0,0,0,919,0,0,0,0,0,0
129,1558,130.11813910808505,99993,85,24,2,1,712,336,0.010480733651355595,40,19,49332,49694,539,260,0,0,0,0,0,0,99059,0,0,2,0,0,0,0,0,0,0,932,0,0,0,0,0,0
130,1558,131.04465909956846,99993,83,19,2,1,721,337,0.01058074065184563,40,23,49324,49689,549,266,0,0,0,0,0,0,99042,0,0,2,0,0,0,0,0,0,0,949,0,0,0,0,0,0
131,1558,132.0132321718924,99993,81,22,2,1,729,343,0.010720750452531676,42,19,49315,49687,558,269,0,0,0,0,0,0,99029,0,0,2,0,0,0,0,0,0,0,962,0,0,0,0,0,0
132,1558,133.09896539731827,99993,84,24,2,1,743,351,0.010940765853609752,33,18,49312,49681,567,274,0,0,0,0,0,0,99012,0,0,2,0,0,0,0,0,0,0,979,0,0,0,0,0,0
133,1558,134.05312936570476,99993,75,30,2,1,754,358,0.011120778454491815,35,18,49301,49675,585,274,0,0,0,0,0,0,98991,0,0,2,0,0,0,0,0,0,0,1000,0,0,0,0,0,0
134,1558,135.2951949190499,99993,69,32,2,1,764,364,0.01128078965527587,43,21,49285,49667,599,277,0,0,0,0,0,0,98971,0,0,2,0,0,0,0,0,0,0,1020,0,0,0,0,0,0
135,1558,136.29620573217875,99992,71,34,3,1,780,369,0.011490919273541884,38,23,49274,49660,612,280,0,0,0,0,0,0,98954,0,0,2,0,0,0,0,0,0,0,1036,0,0,0,0,0,0
136,1558,137.2974341390132,99992,74,32,3,1,790,373,0.011630930474437955,36,22,49266,49657,619,286,0,0,0,0,0,0,98941,0,0,2,0,0,0,0,0,0,0,1049,0,0,0,0,0,0
137,1558,138.29884935357993,99992,76,31,3,1,801,379,0.011800944075526043,40,20,49254,49654,625,292,0,0,0,0,0,0,98925,0,0,2,0,0,0,0,0,0,0,1065,0,0,0,0,0,0
138,1558,139.30042270867884,99992,69,30,3,1,807,382,0.011890951276102088,46,22,49245,49649,635,296,0,0,0,0,0,0,98909,0,0,3,0,0,0,0,0,0,0,1080,0,0,0,0,0,0
139,1558,140.30220683492206,99992,68,29,3,1,814,387,0.012010960876870149,47,21,49237,49647,643,300,0,0,0,0,0,0,98895,0,0,3,0,0,0,0,0,0,0,1094,0,0,0,0,0,0
140,1558,141.24663561528996,99992,70,32,3,1,829,391,0.012200976078086246,44,21,49227,49643,654,301,0,0,0,0,0,0,98881,0,0,3,0,0,0,0,0,0,0,1108,0,0,0,0,0,0
141,1558,142.2649717481119,99992,67,36,3,1,835,396,0.012310984878790303,50,17,49220,49644,658,300,0,0,0,0,0,0,98871,0,0,3,0,0,0,0,0,0,0,1118,0,0,0,0,0,0
142,1558,143.17749616158923,99992,67,33,3,1,847,399,0.01246099687975038,47,19,49211,49640,670,305,0,0,0,0,0,0,98854,0,0,4,0,0,0,0,0,0,0,1134,0,0,0,0,0,0
143,1558,144.05923740827927,99992,71,36,3,1,858,405,0.012631010480838468,49,18,49198,49635,677,308,0,0,0,0,0,0,98844,0,0,4,0,0,0,0,0,0,0,1144,0,0,0,0,0,0
144,1558,145.28989050221998,99992,75,39,3,1,871,412,0.01283102648211857,52,18,49184,49629,684,311,0,0,0,0,0,0,98831,0,0,4,0,0,0,0,0,0,0,1157,0,0,0,0,0,0
145,1558,146.08692296811878,99992,79,34,3,1,884,415,0.012991039283142651,54,20,49170,49625,692,318,0,0,0,0,0,0,98814,0,0,4,0,0,0,0,0,0,0,1174,0,0,0,0,0,0
146,1558,147.09002449617898,99992,85,30,3,1,900,418,0.013181054484358749,48,26,49162,49616,700,325,0,0,0,0,0,0,98797,0,0,4,0,0,0,0,0,0,0,1191,0,0,0,0,0,0
147,1558,148.09330918612176,99992,79,32,3,1,907,425,0.01332106568525482,50,24,49156,49611,710,330,0,0,0,0,0,0,98779,0,0,4,0,0,0,0,0,0,0,1209,0,0,0,0,0,0
148,1558,149.0967648881227,99992,88,33,3,1,923,430,0.013531082486598928,46,25,49146,49606,715,333,0,0,0,0,0,0,98768,0,0,4,0,0,0,0,0,0,0,1220,0,0,0,0,0,0
149,1558,150.10032657904327,99992,88,29,3,1,931,435,0.013661092887430995,49,25,49138,49601,720,342,0,0,0,0,0,0,98751,0,0,4,0,0,0,0,0,0,0,1237,0,0,0,0,0,0
150,1558,151.10403868290976,99992,97,30,3,1,949,441,0.013901112088967117,41,32,49134,49588,723,347,0,0,0,0,0,0,98737,0,0,4,0,0,0,0,0,0,0,1251,0,0,0,0,0,0
151,1558,152.10780151939264,99992,102,33,3,1,964,449,0.014131130490439235,43,36,49118,49578,732,350,0,0,0,0,0,0,98722,0,0,4,0,0,0,0,0,0,0,1266,0,0,0,0,0,0
152,1558,153.11175441491113,99992,98,40,3,1,975,460,0.014351148091847349,47,33,49109,49571,741,353,0,0,0,0,0,0,98703,0,0,4,0,0,0,0,0,0,0,1285,0,0,0,0,0,0
153,1558,154.1158982520836,99992,89,46,3,1,983,469,0.014521161692935434,60,30,49091,49566,755,355,0,0,0,0,0,0,98683,0,0,4,0,0,0,0,0,0,0,1305,0,0,0,0,0,0
154,1558,155.12031406940568,99992,93,52,3,1,999,483,0.014821185694855589,57,25,49081,49558,764,362,0,0,0,0,0,0,98664,0,0,5,0,0,0,0,0,0,0,1323,0,0,0,0,0,0
155,1558,156.12496688349844,99992,97,45,3,1,1020,487,0.015071205696455717,50,35,49073,49544,775,373,0,0,0,0,0,0,98637,0,0,6,0,0,0,0,0,0,0,1349,0,0,0,0,0,0
156,1558,157.1298079338563,99992,100,54,3,1,1029,498,0.015271221697735819,58,31,49057,49537,780,375,0,0,0,0,0,0,98629,0,0,6,0,0,0,0,0,0,0,1357,0,0,0,0,0,0
157,1558,158.13481811260414,99991,99,56,4,1,1044,508,0.015521396925723316,63,32,49042,49526,790,383,0,0,0,0,0,0,98606,0,0,7,0,0,0,0,0,0,0,1378,0,0,0,0,0,0
158,1558,159.14001901400036,99990,100,57,5,1,1063,514,0.015771577157715773,56,34,49035,49518,802,388,0,0,0,0,0,0,98583,0,0,7,0,0,0,0,0,0,0,1400,0,0,0,0,0,0
159,1558,160.14541869278082,99990,100,64,5,1,1076,522,0.015981598159815983,52,36,49029,49512,812,385,0,0,0,0,0,0,98569,0,0,7,0,0,0,0,0,0,0,1414,0,0,0,0,0,0
160,1558,161.15094058936901,99990,109,63,5,1,1092,533,0.016251625162516253,49,38,49020,49502,815,394,0,0,0,0,0,0,98550,0,0,7,0,0,0,0,0,0,0,1433,0,0,0,0,0,0
161,1558,162.1566024338473,99990,96,66,5,1,1101,542,0.01643164316431643,56,37,49007,49495,834,399,0,0,0,0,0,0,98522,0,0,7,0,0,0,0,0,0,0,1461,0,0,0,0,0,0
162,1558,163.16256645961764,99990,106,66,5,1,1119,550,0.01669166916691669,56,37,48993,49487,838,407,0,0,0,0,0,0,98506,0,0,7,0,0,0,0,0,0,0,1477,0,0,0,0,0,0
163,1558,164.16876921765038,99990,100,67,5,1,1128,560,0.016881688168816883,63,37,48978,49478,852,415,0,0,0,0,0,0,98482,0,0,7,0,0,0,0,0,0,0,1501,0,0,0,0,0,0
164,1558,165.17523648187486,99990,102,63,5,1,1141,570,0.017111711171117112,67,35,48962,49470,862,429,0,0,0,0,0,0,98458,0,0,8,0,0,0,0,0,0,0,1524,0,0,0,0,0,0
165,1558,166.18198509671652,99989,105,69,6,1,1157,584,0.017411915310684176,65,29,48949,49465,873,434,0,0,0,0,0,0,98437,0,0,8,0,0,0,0,0,0,0,1544,0,0,0,0,0,0
166,1558,167.18899858010926,99989,106,66,6,1,1174,591,0.017651941713588495,67,29,48934,49459,885,443,0,0,0,0,0,0,98411,0,0,8,0,0,0,0,0,0,0,1570,0,0,0,0,0,0
167,1558,168.19624878685264,99989,106,69,6,1,1190,597,0.017871965916250787,69,33,48920,49452,897,443,0,0,0,0,0,0,98392,0,0,8,0,0,0,0,0,0,0,1589,0,0,0,0,0,0
168,1558,169.2037747976636,99989,106,70,6,1,1210,604,0.018141995619518146,73,34,48901,49446,912,447,0,0,0,0,0,0,98366,0,0,8,0,0,0,0,0,0,0,1615,0,0,0,0,0,0
169,1558,170.21160923204746,99989,112,68,6,1,1231,610,0.018412025322785505,65,34,48891,49444,924,451,0,0,0,0,0,0,98344,0,0,9,0,0,0,0,0,0,0,1636,0,0,0,0,0,0
170,1558,171.21967139562142,99989,119,71,6,1,1248,620,0.018682055026052864,66,35,48875,49434,932,457,0,0,0,0,0,0,98327,0,0,9,0,0,0,0,0,0,0,1653,0,0,0,0,0,0
171,1558,172.2279947590944,99989,120,65,6,1,1266,625,0.01891208032883617,60,37,48863,49429,949,466,0,0,0,0,0,0,98300,0,0,10,0,0,0,0,0,0,0,1679,0,0,0,0,0,0
172,1558,173.2366256420014,99989,123,62,6,1,1283,632,0.01915210673174049,59,38,48851,49421,959,476,0,0,0,0,0,0,98276,0,0,10,0,0,0,0,0,0,0,1703,0,0,0,0,0,0
173,1558,174.2455155976971,99989,118,59,6,1,1300,639,0.01939213313464481,58,44,48840,49408,976,486,0,0,0,0,0,0,98245,0,0,11,0,0,0,0,0,0,0,1733,0,0,0,0,0,0
174,1558,175.2546551664765,99989,120,64,6,1,1318,652,0.019702167238396222,58,42,48827,49401,987,490,0,0,0,0,0,0,98221,0,0,11,0,0,0,0,0,0,0,1757,0,0,0,0,0,0
175,1558,176.2640394936025,99989,129,62,6,1,1339,658,0.01997219694166358,58,48,48812,49393,993,494,0,0,0,0,0,0,98201,0,0,11,0,0,0,0,0,0,0,1777,0,0,0,0,0,0
176,1558,177.2736027887647,99989,123,66,6,1,1351,670,0.020212223344567903,59,44,48803,49388,1007,499,0,0,0,0,0,0,98175,0,0,11,0,0,0,0,0,0,0,1803,0,0,0,0,0,0
177,1558,178.2834267481045,99988,114,64,6,2,1365,683,0.020482457894947393,57,42,48793,49378,1028,512,0,0,0,0,0,0,98137,0,0,11,0,0,0,0,0,0,0,1840,0,0,0,0,0,0
178,1558,179.29356386471687,99988,106,69,6,2,1373,694,0.020672480697683723,67,40,48780,49369,1039,518,0,0,0,0,0,0,98115,0,0,11,0,0,0,0,0,0,0,1862,0,0,0,0,0,0
179,1558,180.30398309498335,99987,110,62,7,2,1391,700,0.020912718653424946,72,45,48757,49361,1052,528,0,0,0,0,0,0,98088,0,0,11,0,0,0,0,0,0,0,1888,0,0,0,0,0,0
180,1558,181.3147667980946,99987,118,61,7,2,1412,706,0.02118275375798854,71,45,48739,49357,1063,533,0,0,0,0,0,0,98068,0,0,11,0,0,0,0,0,0,0,1908,0,0,0,0,0,0
181,1558,182.32580999905676,99987,118,67,7,2,1428,716,0.02144278756238311,76,46,48722,49346,1075,537,0,0,0,0,0,0,98049,0,0,12,0,0,0,0,0,0,0,1926,0,0,0,0,0,0
182,1558,183.33714524868597,99987,122,60,7,2,1451,719,0.021702821366777682,71,58,48706,49332,1092,546,0,0,0,0,0,0,98020,0,0,12,0,0,0,0,0,0,0,1955,0,0,0,0,0,0
183,1558,184.01155523873965,99987,119,56,7,2,1463,724,0.021872843469651054,76,55,48692,49330,1104,555,0,0,0,0,0,0,97996,0,0,12,0,0,0,0,0,0,0,1979,0,0,0,0,0,0
184,1558,185.0235044190158,99986,115,66,8,2,1480,740,0.022203108435180925,70,47,48686,49325,1119,558,0,0,0,0,0,0,97969,0,0,12,0,0,0,0,0,0,0,2005,0,0,0,0,0,0
185,1558,186.03570971282335,99986,114,61,8,2,1496,750,0.02246314484027764,81,50,48665,49316,1130,569,0,0,0,0,0,0,97937,0,0,12,0,0,0,0,0,0,0,2037,0,0,0,0,0,0
186,1558,187.04822662722017,99986,120,64,8,2,1514,760,0.022743184045766408,81,50,48650,49309,1139,573,0,0,0,0,0,0,97918,0,0,12,0,0,0,0,0,0,0,2056,0,0,0,0,0,0
187,1558,188.06101135695974,99986,123,63,8,2,1534,770,0.02304322605164723,81,49,48630,49301,1156,583,0,0,0,0,0,0,97891,0,0,13,0,0,0,0,0,0,0,2082,0,0,0,0,0,0
188,1558,189.0741610580461,99985,125,66,9,2,1559,782,0.02341351202680402,68,46,48621,49293,1175,591,0,0,0,0,0,0,97861,0,0,15,0,0,0,0,0,0,0,2109,0,0,0,0,0,0
189,1558,190.08758619254206,99984,122,68,10,2,1578,789,0.02367378780604897,60,50,48615,49284,1191,594,0,0,0,0,0,0,97834,0,0,15,0,0,0,0,0,0,0,2135,0,0,0,0,0,0
190,1558,191.1012222431176,99984,118,68,10,2,1589,798,0.02387381981116979,68,57,48602,49269,1200,602,0,0,0,0,0,0,97810,0,0,15,0,0,0,0,0,0,0,2159,0,0,0,0,0,0
191,1558,192.1150630072622,99984,121,76,10,2,1608,813,0.02421387421987518,70,50,48584,49265,1213,605,0,0,0,0,0,0,97787,0,0,15,0,0,0,0,0,0,0,2182,0,0,0,0,0,0
192,1558,193.12921395552112,99984,125,88,10,2,1628,832,0.024603936629860778,70,38,48572,49260,1221,610,0,0,0,0,0,0,97764,0,0,15,0,0,0,0,0,0,0,2205,0,0,0,0,0,0
193,1558,194.1435888804735,99984,123,79,10,2,1647,836,0.02483397343574972,75,42,48553,49255,1237,620,0,0,0,0,0,0,97730,0,0,15,0,0,0,0,0,0,0,2239,0,0,0,0,0,0
194,1558,195.15829689477877,99984,129,83,10,2,1673,850,0.02523403744599136,70,39,48539,49246,1250,628,0,0,0,0,0,0,97700,0,0,15,0,0,0,0,0,0,0,2269,0,0,0,0,0,0
195,1558,196.17330384195054,99984,129,80,10,2,1693,863,0.02556409025444071,73,40,48520,49232,1266,644,0,0,0,0,0,0,97664,0,0,15,0,0,0,0,0,0,0,2305,0,0,0,0,0,0
196,1558,197.1886892440268,99984,132,78,10,2,1710,872,0.025824131861097777,82,40,48498,49225,1276,653,0,0,0,0,0,0,97639,0,0,15,0,0,0,0,0,0,0,2330,0,0,0,0,0,0
197,1558,198.20445429991975,99984,125,80,10,2,1725,883,0.02608417346775484,88,45,48481,49210,1294,661,0,0,0,0,0,0,97608,0,0,15,0,0,0,0,0,0,0,2361,0,0,0,0,0,0
198,1558,199.22055867939298,99984,120,78,10,2,1748,892,0.026404224675948152,86,47,48462,49200,1320,671,0,0,0,0,0,0,97569,0,0,15,0,0,0,0,0,0,0,2400,0,0,0,0,0,0
199,1558,200.2370967141566,99984,123,75,10,2,1762,902,0.026644263082093136,92,51,48445,49190,1328,680,0,0,0,0,0,0,97545,0,0,15,0,0,0,0,0,0,0,2424,0,0,0,0,0,0
200,1558,201.25394118114062,99984,128,70,10,2,1780,911,0.02691430628900624,95,51,48430,49182,1335,693,0,0,0,0,0,0,97518,0,0,15,0,0,0,0,0,0,0,2451,0,0,0,0,0,0
201,1558,202.2710426209306,99984,136,64,10,2,1810,921,0.02731437029924788,79,46,48420,49178,1353,708,0,0,0,0,0,0,97481,0,0,16,0,0,0,0,0,0,0,2487,0,0,0,0,0,0
202,1558,203.28843107286733,99984,150,67,10,2,1837,932,0.027694431108977437,71,41,48408,49174,1359,714,0,0,0,0,0,0,97461,0,0,17,0,0,0,0,0,0,0,2506,0,0,0,0,0,0
203,1558,204.30608383349545,99984,154,65,10,2,1859,937,0.027964474315890542,84,47,48375,49163,1375,721,0,0,0,0,0,0,97436,0,0,17,0,0,0,0,0,0,0,2531,0,0,0,0,0,0
204,1558,205.32418852129416,99984,160,69,10,2,1882,948,0.028304528724595934,88,45,48353,49156,1387,726,0,0,0,0,0,0,97412,0,0,17,0,0,0,0,0,0,0,2555,0,0,0,0,0,0
205,1558,206.0031339335518,99984,166,64,10,2,1904,951,0.02855456873099696,89,51,48331,49148,1402,733,0,0,0,0,0,0,97388,0,0,17,0,0,0,0,0,0,0,2579,0,0,0,0,0,0
206,1558,207.02194629899682,99984,169,61,10,2,1928,960,0.02888462153944631,92,53,48309,49140,1418,742,0,0,0,0,0,0,97355,0,0,17,0,0,0,0,0,0,0,2612,0,0,0,0,0,0
207,1558,208.0412164247756,99984,168,68,10,2,1959,977,0.029364698351736277,89,48,48282,49128,1449,752,0,0,0,0,0,0,97313,0,0,17,0,0,0,0,0,0,0,2654,0,0,0,0,0,0
208,1558,209.06106378666146,99984,166,72,10,2,1979,986,0.029654744759161467,95,43,48261,49127,1466,754,0,0,0,0,0,0,97287,0,0,18,0,0,0,0,0,0,0,2679,0,0,0,0,0,0
209,1558,210.08132330572673,99984,172,69,10,2,2007,997,0.030044807169147064,98,43,48232,49121,1486,763,0,0,0,0,0,0,97251,0,0,18,0,0,0,0,0,0,0,2715,0,0,0,0,0,0
210,1558,211.10211278382016,99984,168,69,10,2,2035,1005,0.03040486477836454,95,47,48209,49112,1516,768,0,0,0,0,0,0,97211,0,0,18,0,0,0,0,0,0,0,2755,0,0,0,0,0,0
211,1558,212.12341690755187,99983,175,71,11,2,2065,1014,0.030795235189982298,88,48,48196,49105,1528,772,0,0,0,0,0,0,97182,0,0,19,0,0,0,0,0,0,0,2782,0,0,0,0,0,0
212,1558,213.14500700777683,99983,169,77,11,2,2087,1030,0.031175299800966165,93,45,48175,49094,1550,780,0,0,0,0,0,0,97144,0,0,19,0,0,0,0,0,0,0,2820,0,0,0,0,0,0
213,1558,214.16703030362552,99983,168,82,11,2,2111,1044,0.03155536441195003,96,44,48155,49082,1568,788,0,0,0,0,0,0,97110,0,0,19,0,0,0,0,0,0,0,2854,0,0,0,0,0,0
214,1558,215.189414238285,99983,161,81,11,2,2130,1058,0.031885420521488655,100,41,48142,49075,1584,799,0,0,0,0,0,0,97070,0,0,20,0,0,0,0,0,0,0,2893,0,0,0,0,0,0
215,1558,216.2120828155554,99982,167,84,12,2,2155,1071,0.03226580784541217,96,39,48131,49065,1592,808,0,0,0,0,0,0,97042,0,0,21,0,0,0,0,0,0,0,2919,0,0,0,0,0,0
216,1558,217.23499448444207,99982,168,84,12,2,2187,1082,0.032695885259346684,89,37,48116,49058,1613,817,0,0,0,0,0,0,97001,0,0,22,0,0,0,0,0,0,0,2959,0,0,0,0,0,0
217,1558,218.25832713736384,99982,171,84,12,2,2219,1092,0.03311596087295713,86,41,48094,49049,1635,822,0,0,0,0,0,0,96962,0,0,22,0,0,0,0,0,0,0,2998,0,0,0,0,0,0
218,1558,219.28209733291925,99982,179,75,12,2,2247,1102,0.03349602928527135,80,40,48079,49042,1648,839,0,0,0,0,0,0,96925,0,0,24,0,0,0,0,0,0,0,3033,0,0,0,0,0,0
219,1558,220.30624764341306,99982,171,70,12,2,2262,1108,0.033706067092076575,91,47,48060,49032,1664,847,0,0,0,0,0,0,96892,0,0,25,0,0,0,0,0,0,0,3065,0,0,0,0,0,0
220,1558,221.33076062923647,99982,177,70,12,2,2289,1124,0.03413614450601108,94,53,48036,49017,1679,856,0,0,0,0,0,0,96855,0,0,25,0,0,0,0,0,0,0,3102,0,0,0,0,0,0
221,1558,222.01398365704736,99982,172,75,12,2,2302,1134,0.03436618591346442,105,54,48015,49007,1694,860,0,0,0,0,0,0,96833,0,0,26,0,0,0,0,0,0,0,3123,0,0,0,0,0,0
222,1558,223.03920107847603,99982,174,76,12,2,2327,1144,0.034716248924806466,101,55,48001,48996,1710,869,0,0,0,0,0,0,96802,0,0,27,0,0,0,0,0,0,0,3153,0,0,0,0,0,0
223,1558,224.06478929066327,99982,166,74,12,2,2349,1154,0.03503630653517633,113,56,47974,48989,1733,877,0,0,0,0,0,0,96761,0,0,28,0,0,0,0,0,0,0,3193,0,0,0,0,0,0
224,1558,225.09085555866523,99982,173,80,12,2,2377,1172,0.035496389350083014,112,49,47951,48982,1750,885,0,0,0,0,0,0,96729,0,0,29,0,0,0,0,0,0,0,3224,0,0,0,0,0,0
225,1558,226.11739081112438,99981,162,83,13,2,2399,1187,0.03586681469479201,118,60,47928,48958,1777,895,0,0,0,0,0,0,96687,0,0,32,0,0,0,0,0,0,0,3262,0,0,0,0,0,0
226,1558,227.14439121779733,99981,166,86,13,2,2428,1203,0.036316900211040094,119,59,47903,48944,1797,907,0,0,0,0,0,0,96650,0,0,33,0,0,0,0,0,0,0,3298,0,0,0,0,0,0
227,1558,228.17184276160066,99981,174,84,13,2,2464,1219,0.036836999029815666,103,56,47894,48933,1814,923,0,0,0,0,0,0,96604,0,0,33,0,0,0,0,0,0,0,3344,0,0,0,0,0,0
228,1558,229.1996228124621,99981,178,90,13,2,2493,1232,0.03725707884498054,111,55,47863,48922,1833,929,0,0,0,0,0,0,96572,0,0,33,0,0,0,0,0,0,0,3376,0,0,0,0,0,0
229,1558,230.22785917652683,99981,187,87,13,2,2526,1244,0.03770716436122863,115,55,47834,48911,1849,943,0,0,0,0,0,0,96535,0,0,35,0,0,0,0,0,0,0,3411,0,0,0,0,0,0
230,1558,231.25659421392973,99980,197,90,14,2,2559,1258,0.03817763552710542,109,52,47810,48902,1868,952,0,0,0,0,0,0,96501,0,0,35,0,0,0,0,0,0,0,3444,0,0,0,0,0,0
231,1558,232.28583018619312,99980,193,88,14,2,2586,1266,0.03852770554110822,111,58,47790,48889,1890,961,0,0,0,0,0,0,96462,0,0,37,0,0,0,0,0,0,0,3481,0,0,0,0,0,0
232,1558,233.31550380184686,99980,195,89,14,2,2619,1282,0.03901780356071214,109,64,47762,48870,1918,973,0,0,0,0,0,0,96416,0,0,37,0,0,0,0,0,0,0,3527,0,0,0,0,0,0
233,1558,234.00224405378896,99980,193,90,14,2,2637,1290,0.039277855571114226,106,64,47749,48865,1936,977,0,0,0,0,0,0,96389,0,0,37,0,0,0,0,0,0,0,3554,0,0,0,0,0,0
234,1558,235.03281933354305,99980,201,98,14,2,2668,1312,0.03980796159231846,116,54,47714,48855,1953,989,0,0,0,0,0,0,96352,0,0,37,0,0,0,0,0,0,0,3591,0,0,0,0,0,0
235,1558,236.06389865845009,99980,211,112,14,2,2699,1336,0.040358071614322866,116,48,47692,48839,1965,997,0,0,0,0,0,0,96321,0,0,37,0,0,0,0,0,0,0,3622,0,0,0,0,0,0
236,1558,237.09534327773144,99980,207,103,14,2,2724,1345,0.04069813962792559,122,51,47665,48829,1990,1013,0,0,0,0,0,0,96275,0,0,38,0,0,0,0,0,0,0,3667,0,0,0,0,0,0
237,1558,238.1273941899032,99980,211,105,14,2,2757,1359,0.04116823364672935,120,50,47646,48824,2007,1017,0,0,0,0,0,0,96234,0,0,38,0,0,0,0,0,0,0,3708,0,0,0,0,0,0
238,1558,239.1598471080149,99980,206,114,14,2,2785,1377,0.041628325665133026,116,44,47624,48820,2038,1018,0,0,0,0,0,0,96195,0,0,41,0,0,0,0,0,0,0,3744,0,0,0,0,0,0
239,1558,240.1928440975369,99980,213,100,14,2,2825,1384,0.04209841968393679,119,53,47588,48808,2064,1035,0,0,0,0,0,0,96143,0,0,43,0,0,0,0,0,0,0,3794,0,0,0,0,0,0
240,1558,241.22649305230433,99980,215,108,14,2,2856,1397,0.04253850770154031,122,54,47561,48797,2086,1037,0,0,0,0,0,0,96109,0,0,43,0,0,0,0,0,0,0,3828,0,0,0,0,0,0
241,1558,242.26068555226212,99980,208,95,14,2,2878,1408,0.042868573714742945,141,64,47527,48780,2108,1057,0,0,0,0,0,0,96058,0,0,45,0,0,0,0,0,0,0,3877,0,0,0,0,0,0
242,1558,243.2954424141155,99979,214,99,14,3,2919,1429,0.043489132717870756,133,63,47499,48762,2138,1071,0,0,0,0,0,0,96008,0,0,47,0,0,0,0,0,0,0,3924,0,0,0,0,0,0
243,1558,244.33081410854479,99979,208,96,14,3,2953,1440,0.043939227237719924,125,68,47483,48750,2168,1081,0,0,0,0,0,0,95954,0,0,47,0,0,0,0,0,0,0,3978,0,0,0,0,0,0
244,1558,245.02133471836316,99979,200,97,14,3,2971,1456,0.04427929865271707,128,64,47470,48739,2186,1095,0,0,0,0,0,0,95914,0,0,48,0,0,0,0,0,0,0,4017,0,0,0,0,0,0
245,1558,246.05757912733594,99979,203,96,14,3,3002,1470,0.04472939317256624,124,63,47455,48731,2202,1105,0,0,0,0,0,0,95872,0,0,49,0,0,0,0,0,0,0,4058,0,0,0,0,0,0
246,1558,247.09425243976332,99979,210,110,14,3,3035,1494,0.04529951289770852,120,48,47434,48726,2220,1111,0,0,0,0,0,0,95837,0,0,50,0,0,0,0,0,0,0,4092,0,0,0,0,0,0
247,1558,248.13136056677965,99979,198,108,14,3,3059,1508,0.04567959271447004,128,46,47408,48719,2250,1122,0,0,0,0,0,0,95787,0,0,52,0,0,0,0,0,0,0,4140,0,0,0,0,0,0
248,1558,249.16898219682938,99979,205,105,14,3,3088,1519,0.046079676732113745,134,51,47382,48708,2263,1131,0,0,0,0,0,0,95752,0,0,53,0,0,0,0,0,0,0,4174,0,0,0,0,0,0
249,1558,250.20711301115477,99979,210,102,14,3,3123,1529,0.04652977125196291,132,62,47357,48689,2285,1142,0,0,0,0,0,0,95710,0,0,54,0,0,0,0,0,0,0,4215,0,0,0,0,0,0
250,1558,251.24568840990102,99978,209,112,15,3,3157,1547,0.04705035107723699,127,57,47335,48682,2312,1144,0,0,0,0,0,0,95667,0,0,54,0,0,0,0,0,0,0,4257,0,0,0,0,0,0
251,1558,252.28473382307087,99978,221,117,15,3,3194,1564,0.04759046990337874,120,57,47316,48670,2326,1151,0,0,0,0,0,0,95631,0,0,55,0,0,0,0,0,0,0,4292,0,0,0,0,0,0
252,1558,253.32414038637847,99978,214,117,15,3,3221,1575,0.04797055352177479,144,68,47273,48651,2352,1159,0,0,0,0,0,0,95588,0,0,57,0,0,0,0,0,0,0,4333,0,0,0,0,0,0
253,1558,254.01749965125438,99978,225,123,15,3,3247,1588,0.048360639340654946,139,69,47258,48639,2361,1164,0,0,0,0,0,0,95566,0,0,57,0,0,0,0,0,0,0,4355,0,0,0,0,0,0
254,1558,255.05788049167387,99978,236,129,15,3,3293,1613,0.049070795575026506,141,67,47213,48619,2393,1180,0,0,0,0,0,0,95517,0,0,62,0,0,0,0,0,0,0,4399,0,0,0,0,0,0
255,1558,256.0990822308768,99978,239,132,15,3,3332,1636,0.04969093200504111,153,57,47177,48609,2414,1197,0,0,0,0,0,0,95461,0,0,62,0,0,0,0,0,0,0,4455,0,0,0,0,0,0
256,1558,257.14092815883794,99978,246,133,15,3,3372,1661,0.05034107503650803,152,58,47146,48588,2439,1216,0,0,0,0,0,0,95406,0,0,64,0,0,0,0,0,0,0,4508,0,0,0,0,0,0
257,1558,258.1833860000257,99978,253,132,15,3,3408,1679,0.05088119386264978,156,59,47110,48571,2464,1233,0,0,0,0,0,0,95360,0,0,66,0,0,0,0,0,0,0,4552,0,0,0,0,0,0
258,1558,259.2264857175723,99978,262,130,15,3,3446,1695,0.051421312688791534,147,68,47089,48547,2485,1250,0,0,0,0,0,0,95313,0,0,66,0,0,0,0,0,0,0,4599,0,0,0,0,0,0
259,1558,260.2701170542954,99978,255,125,15,3,3480,1715,0.051961431514933286,164,70,47047,48529,2517,1271,0,0,0,0,0,0,95247,0,0,66,0,0,0,0,0,0,0,4665,0,0,0,0,0,0
260,1558,261.314513042981,99977,260,122,16,3,3516,1730,0.052472068575772426,173,75,47015,48515,2534,1283,0,0,0,0,0,0,95198,0,0,66,0,0,0,0,0,0,0,4713,0,0,0,0,0,0
261,1558,262.0110896130849,99977,250,123,16,3,3542,1743,0.052862158296408175,164,76,46999,48507,2569,1289,0,0,0,0,0,0,95152,0,0,68,0,0,0,0,0,0,0,4757,0,0,0,0,0,0
262,1558,263.0565677734182,99977,261,125,16,3,3588,1763,0.05352231013133021,153,72,46972,48497,2596,1301,0,0,0,0,0,0,95100,0,0,69,0,0,0,0,0,0,0,4808,0,0,0,0,0,0
263,1558,264.1026850276343,99977,246,129,16,3,3621,1781,0.054032427458315414,164,71,46939,48486,2633,1309,0,0,0,0,0,0,95040,0,0,71,0,0,0,0,0,0,0,4866,0,0,0,0,0,0
264,1558,265.1495548848588,99977,264,129,16,3,3671,1802,0.054742590795883055,165,73,46902,48466,2651,1327,0,0,0,0,0,0,94989,0,0,73,0,0,0,0,0,0,0,4915,0,0,0,0,0,0
265,1558,266.1970331998294,99977,273,122,16,3,3713,1815,0.055292717324984746,168,84,46872,48445,2669,1344,0,0,0,0,0,0,94938,0,0,75,0,0,0,0,0,0,0,4964,0,0,0,0,0,0
266,1558,267.24502957865536,99976,278,133,17,3,3762,1840,0.056033448027526606,154,87,46853,48421,2696,1354,0,0,0,0,0,0,94881,0,0,76,0,0,0,0,0,0,0,5019,0,0,0,0,0,0
267,1558,268.2935079082658,99974,280,141,19,3,3801,1867,0.056694740632564466,158,83,46820,48406,2721,1365,0,0,0,0,0,0,94827,0,0,78,0,0,0,0,0,0,0,5069,0,0,0,0,0,0
268,1558,269.3425843399395,99974,287,134,19,3,3845,1885,0.057314901874487366,160,84,46794,48392,2738,1385,0,0,0,0,0,0,94766,0,0,79,0,0,0,0,0,0,0,5129,0,0,0,0,0,0
269,1558,270.0422331770042,99974,285,137,19,3,3874,1900,0.057755016304239105,160,79,46773,48385,2761,1394,0,0,0,0,0,0,94725,0,0,81,0,0,0,0,0,0,0,5168,0,0,0,0,0,0
270,1558,271.0923387777016,99973,274,131,20,3,3915,1924,0.0584057695577806,162,74,46744,48370,2798,1420,0,0,0,0,0,0,94647,0,0,85,0,0,0,0,0,0,0,5241,0,0,0,0,0,0
271,1558,272.14325303721233,99972,287,127,21,3,3970,1937,0.05908654423238507,158,89,46703,48345,2829,1434,0,0,0,0,0,0,94591,0,0,88,0,0,0,0,0,0,0,5293,0,0,0,0,0,0
272,1558,273.19489812360865,99972,277,135,21,3,4007,1961,0.059696715080222465,162,91,46672,48323,2866,1446,0,0,0,0,0,0,94529,0,0,89,0,0,0,0,0,0,0,5354,0,0,0,0,0,0
273,1558,274.24727501812345,99971,271,144,21,4,4049,1986,0.0603675065769073,167,95,46637,48300,2902,1455,0,0,0,0,0,0,94467,0,0,91,0,0,0,0,0,0,0,5413,0,0,0,0,0,0
274,1558,275.30029621031747,99971,272,159,21,4,4091,2014,0.06106770963579438,168,100,46613,48277,2924,1458,0,0,0,0,0,0,94415,0,0,91,1,0,0,0,0,0,0,5464,0,0,0,0,0,0
275,1558,276.0025366377517,99970,278,161,22,4,4118,2032,0.061518455536661,165,95,46597,48266,2936,1472,0,0,0,0,0,0,94380,0,0,93,1,0,0,0,0,0,0,5496,0,0,0,0,0,0
276,1558,277.05637297226207,99970,279,163,22,4,4171,2065,0.06237871361408422,151,87,46568,48248,2978,1496,0,0,0,0,0,0,94302,0,0,98,1,0,0,0,0,0,0,5569,0,0,0,0,0,0
277,1558,278.11100339735566,99970,277,156,22,4,4216,2086,0.06303891167350205,143,92,46542,48231,3014,1515,0,0,0,0,0,0,94231,0,0,100,2,0,0,0,0,0,0,5637,0,0,0,0,0,0
278,1558,279.16637439918105,99970,288,172,22,4,4261,2116,0.06378913674102231,151,87,46500,48216,3037,1519,0,0,0,0,0,0,94186,0,0,103,2,0,0,0,0,0,0,5679,0,0,0,0,0,0
279,1558,280.2224561436003,99970,286,170,22,4,4307,2146,0.06454936480944283,146,85,46464,48194,3080,1545,0,0,0,0,0,0,94110,0,0,107,2,0,0,0,0,0,0,5751,0,0,0,0,0,0
280,1558,281.27937523391154,99970,283,173,22,4,4344,2169,0.06514954486345904,161,78,46434,48182,3098,1561,0,0,0,0,0,0,94053,0,0,110,2,0,0,0,0,0,0,5805,0,0,0,0,0,0
281,1558,282.3368964266174,99970,274,177,22,4,4380,2192,0.06573972191657497,168,89,46400,48154,3134,1574,0,0,0,0,0,0,93990,0,0,111,2,0,0,0,0,0,0,5867,0,0,0,0,0,0
282,1558,283.04230504997565,99969,275,169,23,4,4411,2204,0.06617051285898629,169,94,46374,48138,3157,1593,0,0,0,0,0,0,93943,0,0,114,2,0,0,0,0,0,0,5910,0,0,0,0,0,0
283,1558,284.1011148349412,99969,283,170,23,4,4455,2225,0.06682071442147065,169,102,46347,48115,3176,1607,0,0,0,0,0,0,93889,0,0,116,2,0,0,0,0,0,0,5962,0,0,0,0,0,0
284,1558,285.16043782578976,99969,280,173,23,4,4499,2245,0.06746091288299373,177,108,46309,48096,3209,1617,0,0,0,0,0,0,93827,0,0,118,2,0,0,0,0,0,0,6022,0,0,0,0,0,0
285,1558,286.220580145786,99969,263,176,23,4,4536,2273,0.0681111144454781,195,108,46262,48076,3255,1634,0,0,0,0,0,0,93751,0,0,121,2,0,0,0,0,0,0,6095,0,0,0,0,0,0
286,1558,287.28174017082785,99969,265,173,23,4,4583,2301,0.06886134701757544,205,111,46217,48050,3288,1660,0,0,0,0,0,0,93678,0,0,124,2,0,0,0,0,0,0,6165,0,0,0,0,0,0
287,1558,288.343834955795,99969,276,170,23,4,4627,2326,0.06955156098390501,214,113,46178,48026,3307,1685,0,0,0,0,0,0,93617,0,0,124,2,0,0,0,0,0,0,6226,0,0,0,0,0,0
288,1558,289.0522733170664,99969,290,163,23,4,4666,2338,0.0700617191329312,199,115,46160,48015,3326,1701,0,0,0,0,0,0,93578,0,0,129,2,0,0,0,0,0,0,6260,0,0,0,0,0,0
289,1558,290.1154229790213,99968,302,171,24,4,4718,2366,0.07086267605633803,194,104,46127,48003,3351,1716,0,0,0,0,0,0,93519,0,0,130,2,0,0,0,0,0,0,6317,0,0,0,0,0,0
290,1558,291.1792930059345,99968,306,183,24,4,4767,2392,0.07161291613316262,202,104,46082,47985,3384,1722,0,0,0,0,0,0,93463,0,0,133,2,0,0,0,0,0,0,6370,0,0,0,0,0,0
291,1558,292.2439979881297,99968,308,188,24,4,4818,2424,0.07244318181818182,200,93,46046,47970,3420,1743,0,0,0,0,0,0,93390,0,0,136,2,0,0,0,0,0,0,6440,0,0,0,0,0,0
292,1558,293.30958338784853,99968,311,191,24,4,4874,2449,0.07325344110115237,195,91,46004,47957,3464,1755,0,0,0,0,0,0,93318,0,0,139,2,0,0,0,0,0,0,6509,0,0,0,0,0,0
293,1558,294.0205394893655,99968,320,195,24,4,4914,2469,0.07385363316261204,189,97,45974,47938,3491,1764,0,0,0,0,0,0,93275,0,0,143,2,0,0,0,0,0,0,6548,0,0,0,0,0,0
294,1558,295.08776208861406,99968,323,188,24,4,4969,2492,0.0746338828425096,195,100,45923,47916,3533,1790,0,0,0,0,0,0,93195,0,0,145,2,0,0,0,0,0,0,6626,0,0,0,0,0,0
295,1558,296.1560874482083,99968,346,176,24,4,5030,2514,0.07546414852752881,187,99,45892,47900,3549,1819,0,0,0,0,0,0,93127,0,0,149,2,0,0,0,0,0,0,6690,0,0,0,0,0,0
296,1558,297.2250146293763,99968,362,175,24,4,5081,2540,0.07623439500640204,185,109,45861,47874,3566,1836,0,0,0,0,0,0,93067,0,0,151,2,0,0,0,0,0,0,6748,0,0,0,0,0,0
297,1558,298.29447982975546,99968,367,186,24,4,5128,2576,0.07706466069142126,195,101,45817,47852,3595,1855,0,0,0,0,0,0,93003,0,0,154,2,0,0,0,0,0,0,6809,0,0,0,0,0,0
298,1558,299.0078826441024,99968,350,197,24,4,5162,2600,0.07764484635083227,204,92,45787,47842,3633,1863,0,0,0,0,0,0,92942,0,0,157,2,0,0,0,0,0,0,6867,0,0,0,0,0,0
299,1558,300.0789185394662,99968,338,176,24,4,5208,2619,0.07829505441741358,229,96,45731,47826,3676,1896,0,0,0,0,0,0,92847,0,0,160,2,0,0,0,0,0,0,6959,0,0,0,0,0,0
300,1558,301.1511735324076,99966,330,167,26,4,5264,2636,0.07902686913550608,227,109,45689,47802,3726,1916,0,0,0,0,0,0,92758,0,0,161,2,0,0,0,0,0,0,7045,0,0,0,0,0,0
301,1558,302.2245178805174,99965,338,171,27,4,5325,2664,0.07991797128995148,220,106,45646,47782,3767,1935,0,0,0,0,0,0,92684,0,0,164,2,0,0,0,0,0,0,7115,0,0,0,0,0,0
302,1558,303.29883905552794,99964,345,173,28,4,5384,2686,0.0807290624624865,218,113,45608,47762,3799,1946,0,0,0,0,0,0,92614,0,0,166,2,0,0,0,0,0,0,7182,0,0,0,0,0,0
303,1558,304.0154610786291,99963,358,166,28,5,5423,2705,0.0813100847313506,218,112,45586,47751,3808,1964,0,0,0,0,0,0,92564,0,0,168,2,0,0,0,0,0,0,7229,0,0,0,0,0,0
304,1558,305.0910431163429,99963,368,175,28,5,5489,2734,0.08226043636145373,206,114,45549,47730,3847,1974,0,0,0,0,0,0,92492,0,0,172,2,0,0,0,0,0,0,7297,0,0,0,0,0,0
305,1558,306.16739753213466,99963,364,188,28,5,5549,2776,0.08328081390114342,203,106,45506,47707,3897,1992,0,0,0,0,0,0,92404,0,0,177,2,0,0,0,0,0,0,7380,0,0,0,0,0,0
306,1558,307.2448076528377,99963,372,180,28,5,5605,2804,0.08412112481618199,200,112,45469,47682,3929,2019,0,0,0,0,0,0,92321,0,0,178,2,0,0,0,0,0,0,7462,0,0,0,0,0,0
307,1558,308.32301235440417,99962,358,181,29,5,5652,2836,0.08491226666133131,189,106,45450,47665,3972,2041,0,0,0,0,0,0,92232,0,0,181,2,0,0,0,0,0,0,7547,0,0,0,0,0,0
308,1558,309.0422386407598,99962,367,187,29,5,5690,2855,0.08548248334367059,197,105,45419,47653,3986,2048,0,0,0,0,0,0,92191,0,0,182,2,0,0,0,0,0,0,7587,0,0,0,0,0,0
309,1558,310.1218032261778,99962,366,180,29,5,5746,2877,0.08626277985634541,205,106,45367,47637,4031,2070,0,0,0,0,0,0,92111,0,0,188,2,0,0,0,0,0,0,7661,0,0,0,0,0,0
310,1558,311.2025171772663,99962,374,182,29,5,5808,2906,0.08717312578779936,202,99,45316,47623,4077,2089,0,0,0,0,0,0,92034,0,0,192,2,0,0,0,0,0,0,7734,0,0,0,0,0,0
311,1558,312.28432352532786,99962,369,171,29,5,5857,2929,0.08789339949180688,201,107,45286,47601,4113,2114,0,0,0,0,0,0,91948,0,0,194,2,0,0,0,0,0,0,7818,0,0,0,0,0,0
312,1558,313.00600066396066,99962,372,174,29,5,5896,2946,0.08845361237270162,210,107,45250,47592,4137,2120,0,0,0,0,0,0,91898,0,0,194,2,0,0,0,0,0,0,7868,0,0,0,0,0,0
313,1558,314.08946350256844,99962,376,186,29,5,5957,2979,0.08939396970848923,219,105,45197,47567,4177,2135,0,0,0,0,0,0,91828,0,0,202,2,0,0,0,0,0,0,7930,0,0,0,0,0,0
314,1558,315.17392793537874,99962,374,194,29,5,6015,3016,0.09034433084572137,216,101,45171,47543,4208,2155,0,0,0,0,0,0,91742,0,0,205,2,0,0,0,0,0,0,8013,0,0,0,0,0,0
315,1558,316.259069710795,99962,376,202,29,5,6070,3046,0.09119465396850804,213,101,45134,47521,4246,2169,0,0,0,0,0,0,91667,0,0,205,2,0,0,0,0,0,0,8088,0,0,0,0,0,0
316,1558,317.34510823696627,99962,384,196,29,5,6130,3061,0.0919449390768492,225,119,45075,47495,4285,2183,0,0,0,0,0,0,91600,0,0,211,2,0,0,0,0,0,0,8149,0,0,0,0,0,0
317,1558,318.0697140400612,99962,369,195,29,5,6164,3086,0.0925351633620776,229,117,45048,47481,4323,2200,0,0,0,0,0,0,91526,0,0,212,2,0,0,0,0,0,0,8222,0,0,0,0,0,0
318,1558,319.1576986150283,99962,374,185,29,5,6229,3110,0.09342550169064244,220,127,45010,47454,4365,2227,0,0,0,0,0,0,91434,0,0,214,2,0,0,0,0,0,0,8312,0,0,0,0,0,0
319,1558,320.2465766692481,99961,405,183,30,5,6297,3140,0.09440681865927712,206,124,44975,47433,4381,2252,1,1,1,1,0,0,91370,0,0,220,2,0,0,0,0,0,1,8367,1,0,0,0,0,0
320,1558,321.2605351002547,99960,394,192,30,6,6353,3171,0.0952781112444978,198,119,44951,47415,4423,2264,2,2,2,2,0,0,91282,0,0,223,2,0,0,0,0,0,3,8449,1,0,0,0,0,0
321,1558,322.0333411627421,99958,393,184,32,6,6389,3190,0.09583024870445588,205,123,44921,47397,4444,2285,3,3,3,3,0,0,91219,0,0,226,2,0,0,0,0,0,5,8505,1,0,0,0,0,0
322,1558,323.0341624433911,99958,386,196,32,6,6428,3226,0.09658056383681146,218,110,44890,47380,4468,2302,4,4,4,4,0,0,91149,0,0,228,2,0,0,0,0,0,7,8571,1,0,0,0,0,0
323,1558,324.00847068862106,99958,384,194,32,6,6473,3248,0.09725084535504912,224,115,44850,47359,4503,2319,5,5,5,5,0,0,91080,0,0,232,2,0,0,0,0,0,9,8634,1,0,0,0,0,0
324,1558,325.03051423922665,99958,361,195,32,6,6512,3279,0.097951139478581,244,104,44804,47346,4551,2341,6,6,6,6,0,0,90992,0,0,238,2,0,0,0,0,0,11,8714,1,0,0,0,0,0
325,1558,326.05275442433805,99958,364,193,32,6,6566,3304,0.09874147141799555,249,112,44759,47324,4587,2356,7,7,7,7,0,0,90916,0,0,242,2,0,0,0,0,0,13,8784,1,0,0,0,0,0
326,1558,327.06496202579444,99958,370,195,32,6,6624,3328,0.09956181596270433,240,125,44730,47292,4618,2372,8,8,8,8,0,0,90843,0,0,245,2,0,0,0,0,0,15,8852,1,0,0,0,0,0
327,1558,328.0263423888042,99958,389,215,32,6,6694,3363,0.10061225714800216,220,115,44706,47280,4642,2373,9,9,9,9,0,0,90780,0,0,250,2,0,0,0,0,0,17,8908,1,0,0,0,0,0
328,1558,329.1132797727054,99958,382,213,32,6,6755,3401,0.10160267312271154,218,100,44669,47268,4687,2401,10,10,10,10,0,0,90674,0,0,253,2,0,0,0,0,0,18,9009,2,0,0,0,0,0
329,1558,330.044401142908,99958,391,219,32,6,6817,3429,0.10250305128153825,202,96,44640,47251,4722,2415,11,11,11,11,0,0,90606,0,0,262,2,0,0,0,0,0,20,9066,2,0,0,0,0,0
330,1558,331.0417570306093,99958,370,205,32,6,6863,3450,0.1031733327997759,214,100,44603,47235,4767,2440,12,12,12,12,0,0,90506,0,0,266,2,0,0,0,0,0,22,9160,2,0,0,0,0,0
331,1558,332.0427427236142,99958,367,215,32,6,6913,3484,0.10401368574801416,217,100,44573,47217,4796,2447,13,13,13,13,0,0,90432,0,0,271,2,0,0,0,0,0,24,9227,2,0,0,0,0,0
332,1558,333.00116444750745,99956,379,198,33,7,6976,3509,0.10489615430789548,214,110,44530,47193,4828,2476,14,14,14,14,0,0,90343,0,0,277,2,0,0,0,0,0,26,9306,2,0,0,0,0,0
333,1558,334.0256865190524,99954,379,200,33,9,7027,3534,0.10565860295736039,214,112,44497,47173,4861,2490,14,14,15,15,0,0,90273,0,0,283,2,0,0,0,0,0,28,9366,2,0,0,0,0,0
334,1558,335.0192209548011,99954,370,199,33,9,7073,3559,0.10636892970766552,226,112,44451,47150,4903,2513,15,15,16,16,0,0,90204,0,0,297,2,0,0,0,0,0,30,9419,2,0,0,0,0,0
335,1558,336.02366648697955,99954,371,197,33,9,7115,3579,0.1069892150389179,239,120,44422,47132,4917,2524,16,16,17,17,0,0,90143,0,0,301,2,0,0,0,0,0,32,9474,2,0,0,0,0,0
336,1558,337.10597971388734,99954,376,200,33,9,7182,3616,0.10802969365908317,229,119,44387,47102,4956,2551,17,17,18,18,0,0,90056,0,0,310,3,0,0,0,0,0,34,9549,2,0,0,0,0,0
337,1558,338.00064995320673,99953,367,197,34,9,7221,3640,0.10866107070323051,248,121,44348,47081,4983,2572,18,18,19,19,0,0,89985,0,0,314,4,0,0,0,0,0,36,9612,2,0,0,0,0,0
338,1558,339.0011449104962,99953,375,185,34,9,7276,3668,0.10949146098666374,259,132,44306,47052,5006,2602,18,18,20,20,0,0,89900,0,0,318,4,0,0,0,0,0,38,9691,2,0,0,0,0,0
339,1558,340.03486121148205,99953,375,189,34,9,7333,3701,0.11039188418556721,253,129,44283,47030,5036,2624,17,17,21,21,0,0,89816,0,0,322,4,0,0,0,0,0,40,9769,2,0,0,0,0,0
340,1558,341.01827567902916,99953,368,198,34,9,7385,3740,0.11130231208668075,250,117,44252,47013,5076,2643,18,18,22,22,0,0,89734,0,0,331,4,0,0,0,0,0,42,9840,2,0,0,0,0,0
341,1558,342.01667429710176,99953,374,198,34,9,7459,3771,0.1123528058187348,234,115,44215,46995,5122,2662,19,19,23,23,0,0,89638,0,0,336,4,0,0,0,0,0,44,9929,2,0,0,0,0,0
342,1558,343.0202394117113,99953,390,213,34,9,7523,3806,0.11334327133752864,232,115,44167,46970,5155,2671,20,20,24,24,0,0,89574,0,0,342,4,0,0,0,0,0,46,9985,2,0,0,0,0,0
343,1558,344.0120048993339,99953,385,216,34,9,7576,3836,0.11417366162096185,230,115,44131,46949,5197,2688,21,21,25,25,0,0,89492,0,0,347,4,0,0,0,0,0,48,10060,2,0,0,0,0,0
344,1558,345.1271995870003,99953,385,211,34,9,7660,3875,0.11540423999279661,249,112,44055,46921,5252,2723,23,22,26,27,0,0,89372,0,0,358,4,0,0,0,0,0,51,10166,2,0,0,0,0,0
345,1558,346.23909684684867,99953,391,213,34,9,7734,3904,0.1164347243204306,234,112,44009,46897,5305,2743,25,24,28,29,0,0,89283,0,0,367,4,0,0,0,0,0,54,10242,3,0,0,0,0,0
346,1558,347.3522461368131,99953,383,211,34,9,7785,3935,0.11725510990165378,241,120,43966,46867,5347,2765,27,26,30,31,0,0,89195,0,0,375,4,0,0,0,0,0,58,10318,3,0,0,0,0,0
347,1558,348.0949501680115,99953,392,207,34,9,7837,3957,0.11799545786519665,237,121,43937,46846,5369,2787,29,28,32,33,0,0,89127,0,0,380,4,0,0,0,0,0,62,10377,3,0,0,0,0,0
348,1558,349.2098303525976,99953,411,217,34,9,7902,3991,0.11898592338399047,234,132,43890,46818,5398,2792,31,30,34,35,0,0,89058,0,0,384,4,0,0,0,0,0,65,10438,4,0,0,0,0,0
349,1558,350.3255724908943,99953,414,220,34,9,7978,4028,0.12011645473372486,211,138,43868,46787,5437,2811,34,33,37,38,0,0,88951,0,0,390,4,0,0,0,0,0,71,10533,4,0,0,0,0,0
350,1558,351.06986272382466,99953,410,215,34,9,8014,4054,0.12073674627074725,226,138,43826,46770,5465,2830,37,36,40,41,0,0,88880,0,0,395,4,0,0,0,0,0,76,10593,5,0,0,0,0,0
351,1558,352.1873871734375,99953,421,209,34,9,8089,4083,0.12177723530059127,222,139,43781,46745,5501,2857,39,39,43,44,0,0,88789,0,0,406,5,0,0,0,0,0,81,10666,6,0,0,0,0,0
352,1558,353.3060892934177,99953,419,222,34,9,8156,4122,0.12283773373485538,225,133,43734,46723,5543,2869,43,42,47,48,0,0,88693,0,0,411,6,0,0,0,0,0,88,10749,6,0,0,0,0,0
353,1558,354.05245692067166,99953,432,220,34,9,8202,4146,0.1235380628895581,232,133,43689,46705,5564,2885,47,46,51,52,0,0,88631,0,0,416,6,0,0,0,0,0,96,10798,6,0,0,0,0,0
354,1558,355.17312063435173,99952,446,239,34,10,8274,4192,0.12471986553545703,231,122,43638,46675,5597,2902,52,50,56,57,0,0,88545,0,0,422,6,0,0,0,0,0,103,10867,9,0,0,0,0,0
355,1558,356.29493711985805,99950,435,241,36,10,8344,4233,0.1258329164582291,240,122,43593,46637,5637,2934,57,54,61,62,0,0,88423,0,0,425,7,0,0,0,0,0,110,10973,12,0,0,0,0,0
356,1558,357.0434414536465,99950,431,237,36,10,8385,4257,0.1264832416208104,256,129,43554,46609,5659,2953,62,60,67,67,0,0,88345,0,0,428,7,0,0,0,0,0,118,11037,15,0,0,0,0,0
357,1558,358.1672011844954,99950,430,233,36,10,8447,4295,0.12748374187093547,272,134,43500,46575,5693,2980,67,66,73,73,0,0,88240,0,0,437,7,0,0,0,0,0,127,11121,18,0,0,0,0,0
358,1558,359.2922585047422,99950,435,241,36,10,8511,4341,0.12858429214607303,280,127,43452,46545,5721,3002,74,73,80,80,0,0,88136,0,0,444,7,0,0,0,0,0,141,11204,18,0,0,0,0,0
359,1558,360.0428843733466,99950,436,245,36,10,8561,4366,0.12933466733366683,293,128,43396,46527,5756,3007,81,81,88,87,0,0,88059,0,0,452,7,0,0,0,0,0,156,11258,18,0,0,0,0,0
360,1558,361.1702449422336,99950,451,243,36,10,8645,4403,0.13054527263631815,286,125,43342,46492,5795,3038,88,90,97,95,0,0,87948,0,0,464,7,0,0,0,0,0,171,11340,20,0,0,0,0,0
361,1558,362.2988543295042,99950,456,234,36,10,8723,4439,0.13168584292146074,280,128,43293,46454,5836,3072,97,100,107,104,0,0,87823,0,0,474,7,0,0,0,0,0,188,11436,22,0,0,0,0,0
362,1558,363.05200083256375,99949,456,238,37,10,8771,4465,0.13242753804440263,287,123,43255,46430,5857,3086,106,111,118,113,0,0,87743,0,0,482,7,0,0,0,0,0,206,11487,24,0,0,0,0,0
363,1558,364.18289343019023,99948,457,238,37,11,8854,4506,0.133669508144235,269,112,43208,46402,5911,3113,116,122,130,123,0,0,87618,0,0,499,7,0,0,0,0,0,225,11572,27,0,0,0,0,0
364,1558,365.315244728778,99945,468,233,38,13,8928,4542,0.13477412576917305,255,111,43163,46368,5947,3139,127,134,143,134,0,0,87498,0,0,503,7,0,0,0,0,0,245,11661,31,0,0,0,0,0
365,1558,366.0708110152965,99945,457,220,38,13,8980,4561,0.13548451648406623,242,128,43129,46328,5993,3161,139,148,157,146,0,0,87390,0,0,509,8,0,0,0,0,0,265,11737,36,0,0,0,0,0
366,1558,367.2055541064596,99944,437,222,39,13,9039,4595,0.1364163931801809,250,143,43069,46284,6051,3174,152,162,172,159,0,0,87267,0,0,517,8,0,0,0,0,0,285,11823,44,0,0,0,0,0
367,1558,368.34193592255644,99943,433,229,39,14,9106,4632,0.13745835126021833,261,146,43006,46242,6094,3189,165,178,189,173,0,0,87149,0,0,524,8,0,0,0,0,0,309,11902,51,0,0,0,0,0
368,1558,369.10040933518957,99943,457,232,39,14,9164,4664,0.13835886455279509,259,136,42953,46217,6112,3204,178,195,207,188,0,0,87064,0,0,532,8,0,0,0,0,0,339,11946,54,0,0,0,0,0
369,1558,370.2395180314472,99943,459,241,39,14,9247,4713,0.13967961738190768,250,129,42890,46170,6165,3230,195,214,227,205,0,0,86925,0,0,544,8,0,0,0,0,0,369,12036,61,0,0,0,0,0
370,1558,371.3802805807723,99943,443,239,39,14,9312,4753,0.14073021622324725,260,125,42826,46127,6217,3257,213,236,249,223,0,0,86776,0,0,555,8,0,0,0,0,0,406,12134,64,0,0,0,0,0
371,1558,372.14175121557327,99943,443,236,39,14,9359,4781,0.14148064396706123,280,124,42759,46082,6246,3282,231,260,273,242,0,0,86668,0,0,560,7,1,0,0,0,0,441,12195,71,0,0,0,0,0
372,1558,373.2858326292388,99943,434,226,39,14,9435,4818,0.14261128843440762,264,116,42712,46039,6297,3319,252,284,299,263,0,0,86502,0,0,570,7,1,0,0,0,0,485,12304,74,0,0,0,0,0
373,1558,374.0495053821349,99943,444,229,39,14,9489,4836,0.14333169906846902,262,120,42664,46004,6319,3319,270,312,327,285,0,0,86406,0,0,577,7,1,0,0,0,0,529,12343,80,0,0,0,0,0
374,1558,375.1965391278505,99943,449,228,39,14,9563,4874,0.14445233783256456,271,120,42582,45950,6364,3346,293,340,357,309,0,0,86253,0,0,581,8,1,0,0,0,0,579,12438,83,0,0,0,0,0
375,1558,376.34542983457857,99941,452,216,41,14,9632,4914,0.14554587206451808,275,116,42529,45889,6386,3390,315,373,390,334,0,0,86089,0,0,588,9,1,0,0,0,0,633,12535,86,0,0,0,0,0
376,1558,377.11221304899436,99940,468,222,42,14,9691,4935,0.14634780868521113,256,134,42486,45832,6405,3392,341,404,425,361,0,0,85986,0,0,594,9,1,0,0,0,0,684,12569,97,0,0,0,0,0
377,1558,378.26372527580907,99940,461,229,42,14,9766,4972,0.14746848108865318,252,127,42417,45779,6457,3409,369,440,463,390,0,0,85822,0,0,605,9,1,0,0,0,0,747,12655,101,0,0,0,0,0
378,1558,379.03244385984607,99940,457,223,42,14,9820,4990,0.1481889133480088,250,134,42362,45732,6488,3417,399,478,504,421,0,0,85681,0,0,610,9,1,0,0,0,0,811,12719,109,0,0,0,0,0
379,1558,380.18735609398595,99940,438,229,42,14,9883,5028,0.1491995197118271,257,139,42308,45661,6522,3435,431,520,548,454,0,0,85516,0,0,620,10,1,0,0,0,0,874,12796,123,0,0,0,0,0
380,1558,381.34387796370095,99940,443,237,42,14,9950,5068,0.15027016209725835,261,125,42242,45606,6547,3450,463,566,595,489,0,0,85361,0,0,629,10,1,0,0,0,0,944,12860,135,0,0,0,0,0
381,1558,382.1158705093684,99940,447,240,42,14,10000,5097,0.1510606363818291,255,117,42183,45547,6574,3465,497,615,646,526,0,0,85216,0,0,633,10,1,0,0,0,0,1021,12913,146,0,0,0,0,0
382,1558,383.2757825154309,99940,456,221,42,14,10080,5120,0.1520912547528517,251,127,42097,45483,6617,3485,535,668,700,566,0,0,85028,0,0,644,10,1,0,0,0,0,1107,12996,154,0,0,0,0,0
383,1558,384.0503337775753,99940,444,231,42,14,10122,5153,0.1528417050230138,250,127,42036,45410,6649,3493,577,723,758,608,0,0,84863,0,0,647,11,1,0,0,0,0,1200,13057,161,0,0,0,0,0
384,1558,385.2142228216306,99940,453,239,42,14,10198,5196,0.154032419451671,237,128,41976,45324,6671,3510,619,783,820,653,0,0,84678,0,0,653,11,1,0,0,0,0,1289,13129,179,0,0,0,0,0
385,1558,386.3797981383561,99940,450,236,42,14,10263,5233,0.15505303181909144,254,143,41890,45231,6699,3529,663,845,886,700,0,0,84488,0,0,658,15,1,0,0,0,0,1383,13198,197,0,0,0,0,0
386,1558,387.1580654979754,99940,458,236,42,14,10317,5258,0.1558435061036622,242,146,41833,45148,6713,3541,710,913,957,750,0,0,84319,0,0,666,15,1,0,0,0,0,1489,13238,212,0,0,0,0,0
387,1558,388.3274794266528,99940,445,244,42,14,10383,5304,0.15696417850710426,249,144,41752,45060,6748,3554,762,982,1032,803,0,0,84098,0,0,670,16,1,0,0,0,0,1598,13327,230,0,0,0,0,0
388,1558,389.10833455467537,99940,454,235,42,14,10429,5336,0.15774464678807285,258,142,41665,44964,6764,3584,815,1059,1112,859,0,0,83902,0,0,672,16,1,0,0,0,0,1718,13385,246,0,0,0,0,0
389,1558,390.28218574886307,99939,471,239,43,14,10514,5379,0.1590270064739491,227,134,41607,44870,6779,3599,871,1142,1197,918,0,0,83679,0,0,681,16,1,0,0,0,0,1843,13454,265,0,0,0,0,0
390,1558,391.065779453759,99938,476,241,44,14,10567,5400,0.15976905681522544,218,133,41533,44783,6796,3599,931,1228,1287,980,0,0,83494,0,0,684,19,1,0,0,0,0,1968,13482,290,0,0,0,0,0
391,1558,392.2437209491674,99938,459,240,44,14,10644,5439,0.16092977646140608,224,133,41434,44682,6845,3613,992,1316,1382,1045,0,0,83231,0,0,694,20,1,0,0,0,0,2108,13575,309,0,0,0,0,0
392,1558,393.03057705180083,99938,477,236,44,14,10701,5465,0.161760291380656,204,129,41362,44586,6852,3619,1059,1414,1483,1114,0,0,83032,0,0,697,22,1,0,0,0,0,2243,13601,342,0,0,0,0,0
393,1558,394.2135338980227,99937,435,243,45,14,10756,5509,0.16275253409648077,229,122,41257,44476,6906,3627,1126,1516,1590,1186,0,0,82761,0,0,705,24,1,0,0,0,0,2390,13684,372,0,0,0,0,0
394,1558,395.00382203120455,99937,437,237,45,14,10804,5530,0.16344296907051442,230,122,41170,44357,6916,3639,1200,1629,1703,1262,0,0,82529,0,0,714,24,1,0,0,0,0,2558,13718,393,0,0,0,0,0
395,1558,396.192397714085,99936,435,230,46,14,10885,5558,0.16453530259365995,200,134,41078,44217,6967,3660,1272,1743,1822,1341,0,0,82243,0,0,720,26,1,0,0,0,0,2735,13798,413,0,0,0,0,0
396,1558,397.3840208476848,99936,413,225,46,14,10946,5597,0.16553594300352226,203,128,40974,44093,7010,3676,1352,1862,1948,1424,0,0,81964,0,0,735,28,1,0,0,0,0,2905,13852,451,0,0,0,0,0
397,1558,398.18026915663717,99936,422,235,46,14,11001,5620,0.16631644252321487,197,134,40876,43956,7022,3670,1435,1989,2080,1511,0,0,81716,0,0,737,30,1,0,0,0,0,3099,13878,475,0,0,0,0,0
398,1558,399.3777589585379,99936,409,256,46,14,11063,5665,0.16738712776176753,214,119,40776,43817,7033,3671,1520,2121,2219,1602,0,0,81436,0,0,740,35,1,0,0,0,0,3289,13924,511,0,0,0,0,0
399,1558,400.177734373458,99936,410,255,46,14,11111,5692,0.16813760806916425,216,117,40672,43673,7044,3678,1610,2261,2365,1697,0,0,81165,0,0,749,35,1,0,0,0,0,3494,13945,547,0,0,0,0,0
400,1558,401.38120646169403,99936,419,240,46,14,11178,5725,0.1691382484790266,232,112,40535,43526,7064,3697,1702,2409,2519,1796,0,0,80849,0,0,761,36,1,0,0,0,0,3717,13996,576,0,0,0,0,0
401,1558,402.1856501984444,99935,417,231,47,14,11233,5746,0.16990043528293391,220,112,40434,43380,7080,3704,1800,2557,2680,1900,0,0,80549,0,0,764,40,1,0,0,0,0,3938,14026,617,0,0,0,0,0
402,1558,403.39615604037806,99935,437,212,47,14,11309,5772,0.1709210987141642,203,125,40328,43215,7090,3715,1893,2717,2849,2008,0,0,80231,0,0,770,42,1,0,0,0,0,4164,14060,667,0,0,0,0,0
403,1558,404.2049339163884,99935,425,217,47,14,11345,5798,0.1715415019762846,217,122,40206,43045,7100,3713,2003,2887,3026,2120,0,0,79921,0,0,776,45,1,0,0,0,0,4414,14075,703,0,0,0,0,0
404,1558,405.0160232690715,99935,426,217,47,14,11389,5823,0.1722319507679992,218,122,40093,42873,7103,3713,2111,3059,3211,2237,0,0,79601,0,0,776,49,1,0,0,0,0,4670,14093,745,0,0,0,0,0
405,1558,406.2366219474178,99935,409,228,47,14,11448,5864,0.173232601190774,223,128,39978,42686,7120,3708,2221,3234,3404,2359,0,0,79238,0,0,787,49,1,0,0,0,0,4938,14130,792,0,0,0,0,0
406,1558,407.05239247857605,99935,397,221,47,14,11487,5890,0.17388302396557762,220,124,39858,42506,7132,3708,2344,3425,3606,2485,0,0,78884,0,0,789,50,1,0,0,0,0,5211,14154,846,0,0,0,0,0
407,1558,408.2805493149975,99934,384,210,48,14,11544,5923,0.17478535833650208,227,125,39728,42295,7141,3734,2470,3620,3817,2616,0,0,78475,0,0,792,53,1,0,0,0,0,5512,14217,884,0,0,0,0,0
408,1558,409.1015982012677,99934,377,211,48,14,11579,5948,0.1753857545980347,227,116,39604,42111,7139,3724,2603,3822,4036,2752,0,0,78121,0,0,796,56,1,0,0,0,0,5807,14212,941,0,0,0,0,0
409,1558,410.3377288160816,99933,396,200,48,15,11661,5980,0.17652827394354217,187,114,39487,41901,7151,3737,2729,4031,4264,2893,0,0,77715,0,0,807,58,1,0,0,0,0,6120,14237,995,0,0,0,0,0
410,1558,411.1640910530774,99932,390,197,49,15,11700,6002,0.17714045550974664,200,127,39340,41672,7155,3735,2864,4252,4501,3039,0,0,77320,0,0,807,65,1,0,0,0,0,6452,14248,1039,0,0,0,0,0
411,1558,412.4085463605554,99932,381,193,49,15,11763,6041,0.17816114958171556,184,116,39225,41447,7160,3749,2999,4478,4747,3190,0,0,76867,0,0,810,69,1,0,0,0,0,6797,14301,1087,0,0,0,0,0
412,1558,413.2405437491854,99930,376,194,51,15,11803,6064,0.17879515660962675,172,114,39094,41208,7157,3745,3148,4722,5003,3346,0,0,76461,0,0,820,72,1,0,0,0,0,7149,14283,1144,0,0,0,0,0
413,1558,414.07536898668764,99930,362,198,51,15,11829,6092,0.1793355348744121,189,105,38946,40967,7154,3745,3296,4968,5268,3507,0,0,76040,0,0,820,76,2,0,0,0,0,7511,14279,1202,0,0,0,0,0
414,1558,415.3330404554399,99928,372,206,53,15,11900,6130,0.1804299095348651,171,104,38807,40723,7148,3733,3447,5217,5542,3673,0,0,75595,0,0,823,83,2,0,0,0,0,7876,14278,1271,0,0,0,0,0
415,1558,416.1740889769573,99927,369,209,53,16,11927,6155,0.18095209502937143,180,96,38650,40458,7133,3730,3613,5489,5826,3845,0,0,75147,0,0,822,88,2,0,0,0,0,8276,14270,1322,0,0,0,0,0
416,1558,417.01834859911804,99926,374,206,54,16,11971,6173,0.18157436503012228,174,101,38484,40205,7133,3705,3779,5765,6119,4022,0,0,74697,0,0,825,90,2,0,0,0,0,8671,14246,1395,0,0,0,0,0
417,1558,418.29096369971273,99926,382,202,54,16,12036,6205,0.18254508336168765,176,93,38314,39942,7128,3697,3944,6048,6422,4204,0,0,74198,0,0,834,93,2,0,0,0,0,9090,14250,1459,0,0,0,0,0
418,1558,419.1424293829215,99925,404,193,55,16,12096,6224,0.1833375031273455,152,95,38163,39675,7107,3682,4117,6337,6734,4391,0,0,73726,0,0,837,97,2,0,0,0,0,9503,14219,1541,0,0,0,0,0
419,1558,420.4257762917729,99925,396,190,55,16,12156,6254,0.18423817863397549,196,136,37968,39343,7106,3677,4277,6636,7056,4584,0,0,73209,33,1,846,100,2,0,0,0,0,9931,14179,1624,0,0,0,0,0
420,1558,421.1280345141737,99925,388,193,55,16,12190,6283,0.18486865148861648,227,135,37762,39037,7103,3666,4463,6951,7387,4782,0,0,72695,89,5,852,102,2,0,0,0,0,10385,14102,1693,0,0,0,0,0
421,1558,422.1876396393429,99925,392,193,55,16,12257,6315,0.18585939454590944,266,151,37550,38720,7099,3660,4636,7258,7727,4985,0,0,72150,167,14,852,109,2,0,0,0,0,10843,14025,1763,0,0,0,0,0
422,1558,423.2526949773144,99924,397,201,56,16,12323,6356,0.1869320683719627,303,161,37349,38397,7083,3647,4810,7576,8077,5193,0,0,71605,248,17,854,115,2,0,0,0,0,11303,13927,1853,0,0,0,0,0
423,1558,424.3229960320094,99924,406,212,56,16,12413,6403,0.18830311036387654,319,167,37125,38062,7097,3644,4995,7897,8436,5406,0,0,71026,342,26,861,121,3,0,0,0,0,11779,13834,1932,0,0,0,0,0
424,1558,425.03984030452597,99924,430,216,56,16,12474,6429,0.18917377206677075,338,175,36904,37724,7072,3630,5198,8237,8804,5624,0,0,70485,391,32,858,128,3,0,0,0,0,12265,13743,2019,0,0,0,0,0
425,1558,426.12200463440695,99923,462,216,57,16,12572,6482,0.19068682885822083,353,178,36669,37376,7057,3637,5400,8575,9180,5848,0,0,69886,485,41,863,138,3,0,0,0,0,12760,13642,2105,0,0,0,0,0
426,1558,427.2103904400791,99922,480,220,58,16,12654,6532,0.1920097676187426,387,174,36424,37050,7041,3624,5608,8914,9565,6077,0,0,69279,573,47,871,144,3,0,0,0,0,13272,13537,2196,0,0,0,0,0
427,1558,428.30529732323873,99922,526,243,58,16,12766,6589,0.19370108684774123,399,182,36185,36698,7016,3609,5814,9250,9958,6310,0,0,68679,648,61,868,156,4,0,0,0,0,13783,13439,2284,0,0,0,0,0
428,1558,429.03885364696515,99922,544,258,58,16,12838,6625,0.19478192990532617,396,191,35965,36326,7003,3585,6032,9622,10360,6548,0,0,68081,709,68,870,161,4,0,0,0,0,14313,13334,2382,0,0,0,0,0
429,1558,430.1467130950261,99922,574,273,58,16,12961,6686,0.19662336622565602,417,190,35694,35956,7015,3580,6240,9983,10770,6791,0,0,67428,807,91,883,164,5,0,0,0,0,14845,13223,2476,0,0,0,0,0
430,1558,431.2621769560716,99922,585,294,58,16,13077,6744,0.19836472448509837,435,205,35414,35589,7050,3557,6456,10337,11187,7039,0,0,66772,906,107,901,172,5,0,0,0,0,15385,13097,2577,0,0,0,0,0
431,1558,432.01014600821804,99922,607,308,58,16,13155,6783,0.19953563779748204,430,221,35182,35197,7042,3532,6679,10724,11612,7291,0,0,66144,963,119,900,185,5,0,0,0,0,15944,12992,2670,0,0,0,0,0
432,1558,433.14071745155167,99922,628,319,58,16,13283,6831,0.2012970116691019,468,264,34911,34786,7048,3513,6885,11100,12044,7548,0,0,65473,1066,136,914,195,5,0,0,0,0,16495,12857,2781,0,0,0,0,0
433,1558,434.27895014001564,99920,667,354,60,16,13425,6916,0.2035728582866293,491,267,34622,34395,7065,3492,7093,11474,12482,7809,0,0,64779,1162,174,925,201,5,0,0,0,0,17053,12743,2878,0,0,0,0,0
434,1558,435.0424147838389,99919,658,367,60,17,13503,6978,0.20497603058477368,533,264,34332,33978,7093,3499,7322,11873,12927,8074,0,0,64073,1265,193,929,208,6,0,0,0,0,17635,12632,2978,0,0,0,0,0
435,1558,436.1979648100418,99919,724,388,60,17,13683,7057,0.20756813018545023,522,263,34036,33587,7124,3489,7532,12254,13378,8343,0,0,63350,1382,221,946,216,6,0,0,0,0,18212,12500,3086,0,0,0,0,0
436,1558,437.3627926895888,99919,768,409,60,17,13849,7152,0.2101802459992594,547,260,33713,33158,7165,3509,7745,12645,13835,8616,0,0,62606,1509,261,961,228,6,0,0,0,0,18788,12371,3189,0,0,0,0,0
437,1558,438.14494183133826,99917,801,405,60,19,13963,7193,0.21173574066475173,557,287,33425,32739,7172,3502,7983,13046,14297,8893,0,0,61895,1585,291,965,240,7,0,0,0,0,19391,12261,3282,0,0,0,0,0
438,1558,439.3292366951464,99916,821,428,61,19,14111,7287,0.21415989431122143,593,302,33096,32299,7212,3519,8215,13431,14764,9173,0,0,61134,1693,346,984,254,7,0,0,0,0,19987,12146,3365,0,0,0,0,0
439,1558,440.1247063585016,99916,829,439,61,19,14209,7346,0.21573121421994476,632,324,32805,31865,7213,3515,8458,13836,15235,9457,0,0,60417,1769,384,993,267,7,0,0,0,0,20589,12022,3468,0,0,0,0,0
440,1558,441.3296017023106,99916,883,456,61,19,14389,7443,0.21850354297609992,664,346,32479,31432,7233,3523,8678,14222,15710,9744,0,0,59635,1906,434,999,279,7,0,0,0,0,21183,11899,3574,0,0,0,0,0
441,1558,442.13874081023033,99916,905,475,61,19,14524,7525,0.22067536730853918,660,351,32167,30976,7271,3530,8934,14647,16189,10034,0,0,58869,2015,469,1012,292,8,0,0,0,0,21802,11773,3676,0,0,0,0,0
442,1558,443.36560107382263,99915,967,505,62,19,14739,7638,0.22396036631136465,680,354,31820,30542,7316,3547,9153,15031,16671,10327,0,0,58060,2154,529,1035,300,8,0,0,0,0,22408,11643,3778,0,0,0,0,0
443,1558,444.19018741198346,99914,975,518,63,19,14876,7705,0.22600436375282743,705,376,31492,30079,7362,3547,9401,15459,17156,10622,0,0,57273,2257,583,1047,309,8,0,0,0,0,23035,11533,3869,0,0,0,0,0
444,1558,445.02273305966577,99914,1010,518,63,19,15022,7763,0.2280461196629101,758,386,31138,29661,7383,3537,9646,15877,17643,10920,0,0,56517,2348,638,1059,319,8,0,0,0,0,23644,11401,3980,0,0,0,0,0
445,1558,446.2866184196132,99914,1061,554,63,19,15251,7887,0.2315791580759453,771,392,30778,29212,7449,3563,9876,16258,18132,11220,0,0,55686,2493,713,1087,326,10,0,0,0,0,24251,11267,4081,0,0,0,0,0
446,1558,447.13678068294587,99914,1113,576,63,19,15419,7975,0.23414136157095103,791,371,30442,28784,7468,3561,10121,16687,18623,11522,0,0,54917,2578,776,1094,349,10,0,0,0,0,24869,11150,4171,0,0,0,0,0
447,1558,448.42703584211694,99913,1133,602,64,19,15669,8102,0.23791698777936804,846,415,30071,28310,7564,3594,10320,17058,19115,11826,0,0,54063,2768,864,1125,362,11,0,0,0,0,25441,10983,4296,0,0,0,0,0
448,1558,449.29534954483887,99912,1153,617,65,19,15860,8190,0.24071182640723837,860,420,29726,27862,7631,3603,10563,17477,19607,12132,0,0,53279,2893,936,1136,388,12,0,0,0,0,26019,10833,4416,0,0,0,0,0
449,1558,450.17299533503075,99912,1184,650,65,19,16034,8293,0.2434842661542157,882,408,29432,27426,7640,3607,10795,17888,20100,12439,0,0,52512,2983,1018,1157,406,13,0,0,0,0,26613,10690,4520,0,0,0,0,0
450,1558,451.05930050247645,99912,1237,659,65,19,16246,8390,0.24657698774921932,905,409,29085,26971,7687,3631,11019,18309,20592,12747,0,0,51689,3138,1079,1158,435,13,0,0,0,0,27219,10557,4624,0,0,0,0,0
451,1558,452.40496487604247,99912,1326,673,65,19,16567,8536,0.2512511009688526,899,439,28728,26502,7782,3682,11198,18683,21084,13056,0,0,50815,3333,1188,1178,466,13,0,0,0,0,27786,10409,4724,0,0,0,0,0
452,1558,453.3105639263021,99911,1357,692,66,19,16784,8648,0.2545465464263194,891,435,28404,26053,7853,3714,11427,19085,21575,13366,0,0,49988,3478,1274,1198,488,13,0,0,0,0,28378,10267,4827,0,0,0,0,0
453,1558,454.22619861669847,99911,1379,710,66,19,16974,8749,0.2574591386333837,950,447,28057,25623,7892,3726,11654,19473,22064,13677,0,0,49192,3591,1363,1221,509,13,0,0,0,0,28968,10126,4928,0,0,0,0,0
454,1558,455.1520098824101,99910,1439,720,67,19,17204,8854,0.26081473325993393,990,446,27685,25202,7938,3750,11879,19861,22551,13988,0,0,48392,3705,1468,1235,532,13,0,0,0,0,29541,9998,5026,0,0,0,0,0
455,1558,456.0890173407878,99909,1449,744,67,20,17422,8971,0.2641703950595041,1036,463,27344,24784,8015,3777,12087,20210,23036,14300,0,0,47584,3855,1560,1259,556,13,0,0,0,0,30099,9831,5152,0,0,0,0,0
456,1558,457.0370494604377,99908,1513,753,68,20,17675,9081,0.2678063818713216,1055,501,26998,24367,8065,3780,12299,20577,23519,14612,0,0,46792,3979,1670,1277,587,13,0,0,0,0,30653,9683,5254,0,0,0,0,0
457,1558,458.4788984192917,99906,1582,790,70,20,18061,9265,0.2735171060797149,1087,504,26581,23965,8220,3843,12458,20876,23999,14924,0,0,45893,4193,1824,1317,623,16,0,0,0,0,31172,9532,5336,0,0,0,0,0
458,1558,459.45154297839315,99905,1632,802,71,20,18328,9391,0.2774535809018568,1066,490,26254,23557,8306,3898,12669,21231,24475,15235,0,0,45059,4346,1932,1345,652,18,0,0,0,0,31735,9398,5420,0,0,0,0,0
459,1558,460.43590994137554,99903,1665,812,73,20,18597,9521,0.28145300941913654,1063,505,25933,23151,8404,3929,12860,21581,24948,15546,0,0,44251,4505,2051,1372,684,20,0,0,0,0,32252,9232,5536,0,0,0,0,0
460,1558,461.4320562892847,99902,1680,819,74,20,18872,9650,0.2854997897939981,1072,526,25603,22745,8526,3966,13043,21922,25417,15856,0,0,43448,4650,2216,1402,708,24,0,0,0,0,32737,9078,5639,0,0,0,0,0
461,1558,462.44038947771855,99901,1701,842,75,20,19134,9796,0.2895866908239157,1097,537,25284,22346,8613,4002,13228,22251,25882,16165,0,0,42674,4780,2388,1423,737,28,0,0,0,0,33203,8928,5740,0,0,0,0,0
462,1558,463.460802707165,99899,1680,858,76,21,19388,9918,0.2933562898527513,1171,552,24923,21953,8737,4025,13411,22589,26342,16473,0,0,41883,4924,2552,1442,770,30,0,0,0,0,33675,8782,5841,0,0,0,0,0
463,1558,464.49471957863426,99896,1743,864,79,21,19679,10076,0.29785977416513176,1169,544,24594,21591,8815,4073,13598,22905,26797,16780,0,0,41100,5063,2709,1467,806,30,0,0,0,0,34144,8633,5944,0,0,0,0,0
464,1558,465.0154185224947,99895,1750,883,79,22,19829,10153,0.30013514189899393,1159,532,24327,21221,8849,4059,13834,23281,27247,17085,0,0,40421,5102,2829,1470,828,33,0,0,0,0,34654,8514,6044,0,0,0,0,0
465,1558,466.07421881990956,99891,1746,879,83,22,20122,10285,0.3044017979597762,1134,532,24015,20854,8998,4116,14022,23595,27692,17389,0,0,39626,5257,3007,1505,862,34,0,0,0,0,35090,8365,6145,0,0,0,0,0
466,1558,467.1469188763976,99891,1767,890,83,22,20406,10427,0.308666446426605,1111,544,23731,20528,9096,4148,14210,23866,28132,17691,0,0,38878,5391,3177,1528,907,35,0,0,0,0,35517,8211,6247,0,0,0,0,0
467,1558,468.2330212472285,99890,1797,903,83,23,20720,10579,0.3133346681349484,1115,537,23385,20199,9232,4191,14386,24145,28566,17991,0,0,38106,5548,3355,1559,944,37,0,0,0,0,35938,8060,6343,0,0,0,0,0
468,1558,469.33401961349205,99889,1813,886,84,23,20985,10703,0.3172321276617045,1156,554,23087,19857,9311,4251,14547,24427,28995,18289,0,0,37361,5668,3529,1590,981,42,0,0,0,0,36376,7922,6420,0,0,0,0,0
469,1558,470.4491476836538,99887,1814,900,84,25,21300,10858,0.32194379649003374,1127,573,22778,19554,9468,4299,14727,24647,29418,18585,0,0,36587,5820,3733,1626,1013,45,0,0,0,0,36773,7784,6506,0,0,0,0,0
470,1558,471.0108636382581,99887,1794,889,84,25,21440,10930,0.32406619480012416,1129,574,22517,19235,9515,4292,14959,24983,29835,18879,0,0,35949,5845,3904,1642,1027,48,0,0,0,0,37204,7670,6598,0,0,0,0,0
471,1558,472.15378362413344,99884,1849,910,85,27,21787,11090,0.32915181610668376,1108,572,22216,18933,9643,4332,15097,25224,30245,19170,0,0,35218,5970,4132,1665,1058,51,0,0,0,0,37562,7551,6677,0,0,0,0,0
472,1558,473.3120490170183,99883,1851,933,86,27,22099,11253,0.33391067549032366,1136,580,21891,18635,9796,4381,15238,25442,30649,19459,0,0,34482,6086,4341,1711,1102,54,0,0,0,0,37946,7430,6731,0,0,0,0,0
473,1558,474.48633897377965,99883,1861,948,86,27,22431,11434,0.33904668462100657,1150,572,21566,18358,9973,4460,15362,25633,31047,19745,0,0,33722,6249,4552,1755,1142,57,0,0,0,0,38309,7298,6799,0,0,0,0,0
474,1558,475.07846232507853,99881,1881,975,88,27,22588,11536,0.3416465594056928,1169,532,21306,18077,9993,4450,15561,25937,31438,20028,0,0,33134,6261,4697,1756,1176,60,0,0,0,0,38728,7197,6872,0,0,0,0,0
475,1558,476.2842795453691,99879,1911,956,90,27,22921,11692,0.34654932468286626,1190,525,20998,17825,10131,4536,15678,26129,31823,20309,0,0,32408,6412,4922,1794,1213,62,0,0,0,0,39059,7063,6946,0,0,0,0,0
476,1558,477.5073476840177,99879,1938,960,90,27,23282,11865,0.35189579391063186,1171,526,20746,17559,10285,4605,15768,26321,32201,20587,0,0,31721,6553,5166,1833,1261,65,0,0,0,0,39340,6910,7030,0,0,0,0,0
477,1558,478.12331188828523,99877,1896,969,91,28,23437,11943,0.3542357099232055,1176,541,20545,17299,10335,4575,15955,26586,32572,20862,0,0,31157,6559,5345,1852,1296,66,0,0,0,0,39695,6800,7107,0,0,0,0,0
478,1558,479.37451318291386,99875,1919,962,91,30,23805,12098,0.3594793491864831,1123,560,20307,17069,10484,4637,16074,26740,32936,21134,0,0,30488,6677,5595,1875,1365,69,0,0,0,0,39964,6683,7159,0,0,0,0,0
479,1558,480.00435306504335,99875,1914,955,91,30,23971,12183,0.3619924906132666,1124,569,20115,16795,10508,4648,16246,27001,33294,21402,0,0,29939,6694,5778,1874,1406,71,0,0,0,0,40297,6587,7229,0,0,0,0,0
480,1558,481.2829998541948,99874,1951,972,91,31,24367,12364,0.36777339447704105,1054,545,19884,16602,10686,4708,16332,27140,33645,21667,0,0,29276,6829,6017,1899,1484,74,0,0,0,0,40554,6466,7275,0,0,0,0,0
481,1558,482.57663851407113,99873,1939,975,92,31,24695,12555,0.37297367656924296,1084,560,19636,16379,10832,4786,16415,27267,33989,21929,0,0,28639,6950,6275,1937,1547,77,0,0,0,0,40779,6328,7341,0,0,0,0,0
482,1558,483.22830492868644,99872,1890,972,93,31,24845,12651,0.3754405639218199,1105,563,19435,16112,10904,4818,16571,27502,34327,22188,0,0,28084,6996,6445,1949,1587,81,0,0,0,0,41100,6223,7407,0,0,0,0,0
483,1558,484.55153761922236,99870,1895,973,93,33,25193,12837,0.38079503354360666,1093,547,19210,15940,11059,4906,16648,27599,34658,22443,0,0,27465,7115,6708,1966,1661,85,0,0,0,0,41303,6105,7462,0,0,0,0,0
484,1558,485.21788908014753,99870,1920,953,93,33,25390,12919,0.3835886652648443,1048,558,19034,15730,11094,4912,16809,27812,34982,22695,0,0,26968,7131,6893,1982,1695,91,0,0,0,0,41589,5993,7528,0,0,0,0,0
485,1558,486.57034609228793,99870,1900,972,93,33,25777,13102,0.3892960849103835,962,563,18807,15574,11329,4980,16907,27876,35299,22943,0,0,26332,7286,7124,2027,1771,100,0,0,0,0,41790,5867,7573,0,0,0,0,0
486,1558,487.25147464287585,99869,1915,958,94,33,25960,13186,0.3919734852656981,935,562,18647,15377,11345,5000,17062,28068,35610,23188,0,0,25865,7291,7314,2030,1823,100,0,0,0,0,42049,5766,7631,0,0,0,0,0
487,1558,488.6342028672383,99867,1895,998,95,34,26338,13410,0.3980093524387435,890,507,18463,15226,11547,5080,17108,28153,35914,23429,0,0,25291,7372,7631,2084,1896,103,0,0,0,0,42182,5651,7657,0,0,0,0,0
488,1558,489.32860752929895,99867,1864,993,95,34,26488,13495,0.4003624821011946,923,504,18291,15041,11574,5096,17251,28330,36212,23667,0,0,24841,7348,7843,2096,1937,104,0,0,0,0,42421,5572,7705,0,0,0,0,0
489,1558,490.03043508898014,99866,1823,988,96,34,26627,13588,0.4026896040694531,954,509,18126,14852,11611,5126,17388,28489,36503,23901,0,0,24394,7356,8009,2113,1989,108,0,0,0,0,42668,5468,7761,0,0,0,0,0
490,1558,491.4539503179787,99865,1760,975,97,34,26952,13779,0.40786061182596506,968,492,17944,14723,11811,5233,17418,28541,36788,24132,0,0,23843,7454,8289,2151,2075,117,0,0,0,0,42780,5356,7800,0,0,0,0,0
491,1558,492.1702630521055,99864,1759,979,97,35,27116,13887,0.41058840022430504,969,452,17784,14573,11835,5267,17554,28692,37067,24359,0,0,23434,7448,8497,2157,2115,118,0,0,0,0,42971,5256,7868,0,0,0,0,0
492,1558,493.62257242796676,99862,1788,953,99,35,27489,14064,0.41610422382888385,922,443,17631,14462,11996,5385,17562,28720,37339,24582,0,0,22902,7551,8758,2199,2187,122,0,0,0,0,43087,5139,7917,0,0,0,0,0
493,1558,494.3517300608907,99862,1792,944,99,35,27682,14148,0.41887805171136167,892,448,17494,14311,12039,5398,17682,28862,37605,24802,0,0,22497,7556,8943,2185,2258,125,0,0,0,0,43276,5064,7958,0,0,0,0,0
494,1558,495.08778887002757,99861,1793,950,100,35,27846,14238,0.4214257818367531,883,425,17367,14175,12061,5406,17794,29007,37865,25018,0,0,22104,7540,9136,2189,2298,128,0,0,0,0,43473,4993,8000,0,0,0,0,0
495,1558,496.5516158881074,99859,1721,911,102,35,28151,14398,0.4260907880110956,881,446,17190,14069,12273,5515,17831,29022,38119,25231,0,0,21616,7616,9454,2214,2380,134,0,0,0,0,43517,4900,8028,0,0,0,0,0
496,1558,497.2852881453884,99859,1711,914,102,35,28316,14485,0.42861434622818173,850,440,17068,13915,12316,5525,17951,29169,38367,25440,0,0,21239,7609,9644,2214,2426,138,0,0,0,0,43692,4825,8072,0,0,0,0,0
497,1558,498.0141533452745,99859,1676,896,102,35,28461,14553,0.430747353768814,840,451,16945,13794,12361,5552,18074,29270,38609,25645,0,0,20856,7600,9815,2233,2468,144,0,0,0,0,43884,4749,8110,0,0,0,0,0
498,1558,499.4583089692586,99859,1648,886,102,35,28779,14715,0.4355541313251685,819,410,16820,13715,12518,5640,18091,29312,38846,25847,0,0,20385,7687,10072,2258,2548,152,0,0,0,0,43962,4666,8129,0,0,0,0,0
499,1558,500.18194318842785,99857,1640,861,104,35,28942,14784,0.4378861772334438,778,413,16728,13589,12549,5666,18199,29434,39077,26045,0,0,20017,7686,10251,2256,2600,156,0,0,0,0,44125,4606,8160,0,0,0,0,0
500,1558,501.6176190848929,99856,1570,815,104,36,29238,14927,0.4422868931261016,750,410,16627,13546,12734,5758,18213,29433,39302,26240,0,0,19567,7756,10518,2298,2690,163,0,0,0,0,44173,4517,8174,0,0,0,0,0
501,1558,502.3377537807651,99854,1551,804,105,37,29386,15005,0.44455905622208425,708,400,16528,13427,12779,5786,18327,29544,39522,26431,0,0,19224,7747,10691,2298,2739,169,0,0,0,0,44325,4453,8208,0,0,0,0,0
502,1558,503.05414962002027,99854,1512,806,105,37,29511,15080,0.44656198049151763,702,388,16457,13311,12796,5792,18426,29664,39737,26619,0,0,18895,7727,10857,2299,2790,173,0,0,0,0,44482,4393,8238,0,0,0,0,0
503,1558,504.47570978086503,99852,1438,788,106,38,29742,15212,0.4502063053318912,707,363,16416,13291,12899,5858,18432,29660,39946,26804,0,0,18521,7761,11098,2316,2881,181,0,0,0,0,44536,4310,8248,0,0,0,0,0
504,1558,505.1884217268524,99850,1410,767,107,39,29858,15277,0.45202804206309466,711,350,16317,13216,12927,5870,18526,29756,40150,26985,0,0,18217,7740,11262,2311,2937,186,0,0,0,0,44674,4251,8272,0,0,0,0,0
505,1558,506.6042858756735,99849,1381,747,107,40,30104,15402,0.4557481797514247,687,342,16251,13205,13032,5928,18540,29736,40349,27163,0,0,17855,7774,11474,2336,3011,190,0,0,0,0,44729,4171,8309,0,0,0,0,0
506,1558,507.3140463552987,99848,1357,747,107,41,30223,15472,0.45764562134444353,684,333,16170,13121,13063,5937,18617,29819,40543,27337,0,0,17564,7741,11637,2333,3052,198,0,0,0,0,44865,4126,8332,0,0,0,0,0
507,1558,508.0203379990719,99848,1342,734,107,41,30343,15528,0.45940830061693777,670,343,16106,13023,13077,5944,18696,29913,40733,27508,0,0,17290,7710,11785,2326,3106,204,0,0,0,0,44995,4076,8356,0,0,0,0,0
508,1558,509.4248563525254,99847,1321,711,108,41,30582,15662,0.46314861738459845,638,309,16076,13003,13158,6038,18697,29896,40918,27676,0,0,16963,7719,12026,2351,3171,216,0,0,0,0,45026,4010,8365,0,0,0,0,0
509,1558,510.1287530044599,99846,1301,694,109,41,30711,15722,0.4650461711034994,602,286,16007,12942,13196,6044,18783,29991,41098,27841,0,0,16699,7693,12175,2342,3233,221,0,0,0,0,45131,3961,8391,0,0,0,0,0
510,1558,511.52907372011276,99845,1269,662,110,41,30927,15829,0.4682858430567379,559,253,15987,12962,13277,6101,18796,29979,41274,28002,0,0,16392,7694,12414,2353,3298,232,0,0,0,0,45155,3912,8395,0,0,0,0,0
511,1558,512.2311425627613,99844,1215,633,111,41,31027,15866,0.4696626737710829,561,260,15948,12923,13295,6102,18868,30039,41445,28160,0,0,16146,7670,12551,2357,3354,236,0,0,0,0,45251,3847,8432,0,0,0,0,0
512,1558,513.6273440547045,99843,1166,594,112,41,31218,15954,0.47246176497100445,553,276,15920,12947,13394,6144,18853,29996,41612,28315,0,0,15858,7678,12763,2374,3423,247,0,0,0,0,45281,3786,8433,0,0,0,0,0
513,1558,514.3276431501193,99843,1151,584,112,41,31316,15995,0.4738539507026031,530,296,15857,12895,13404,6127,18944,30055,41775,28467,0,0,15642,7638,12900,2367,3467,252,0,0,0,0,45383,3731,8463,0,0,0,0,0
514,1558,515.025778119807,99843,1132,586,112,41,31415,16052,0.4754164037538936,506,295,15833,12828,13406,6131,19009,30117,41934,28616,0,0,15422,7592,13034,2367,3516,255,0,0,0,0,45487,3687,8483,0,0,0,0,0
515,1558,516.413820513975,99843,1069,561,112,41,31599,16153,0.47827088528990513,484,275,15830,12856,13486,6185,19017,30080,42089,28762,0,0,15149,7594,13249,2387,3582,264,0,0,0,0,45495,3634,8489,0,0,0,0,0
516,1558,517.1096762142214,99843,1035,545,112,41,31691,16203,0.47969311819556704,471,262,15784,12809,13512,6195,19084,30146,42240,28905,0,0,14922,7579,13385,2379,3623,272,0,0,0,0,45578,3591,8514,0,0,0,0,0
517,1558,518.4948106344488,99841,992,532,112,43,31853,16307,0.4823669634719204,444,220,15802,12864,13562,6234,19086,30105,42387,29045,0,0,14692,7586,13576,2371,3698,279,0,0,0,0,45570,3532,8537,0,0,0,0,0
518,1558,519.1889667213165,99841,980,517,112,43,31933,16343,0.4835288108091866,432,210,15794,12813,13533,6245,19147,30170,42530,29183,0,0,14497,7534,13710,2367,3728,285,0,0,0,0,45662,3500,8558,0,0,0,0,0
519,1558,520.5715315718016,99840,957,477,112,44,32098,16403,0.4857872596153846,421,217,15844,12851,13559,6274,19105,30135,42670,29318,0,0,14259,7523,13880,2390,3772,295,0,0,0,0,45698,3453,8570,0,0,0,0,0
520,1558,521.2649960830614,99840,926,473,112,44,32175,16433,0.48685897435897435,405,209,15832,12847,13557,6240,19166,30185,42806,29450,0,0,14090,7476,13996,2378,3821,300,0,0,0,0,45773,3412,8594,0,0,0,0,0
521,1558,522.6476750403158,99840,897,458,112,44,32318,16505,0.4890124198717949,378,217,15850,12879,13587,6263,19174,30137,42939,29579,0,0,13875,7458,14167,2381,3866,310,0,0,0,0,45800,3378,8605,0,0,0,0,0
522,1558,523.3405497205003,99839,844,455,113,44,32368,16543,0.4898987369665161,381,207,15840,12849,13592,6266,19228,30177,43068,29706,0,0,13680,7426,14290,2376,3899,311,0,0,0,0,45882,3352,8623,0,0,0,0,0
523,1558,524.0311641498862,99839,835,447,113,44,32437,16585,0.4910105269483869,374,187,15831,12846,13571,6253,19274,30221,43194,29830,0,0,13514,7380,14407,2372,3929,316,0,0,0,0,45957,3319,8645,0,0,0,0,0
524,1558,525.4079693364504,99839,777,414,113,44,32567,16652,0.4929837037630585,364,182,15865,12916,13628,6291,19251,30151,43317,29952,0,0,13310,7367,14560,2384,3996,325,0,0,0,0,45976,3273,8648,0,0,0,0,0
525,1558,526.0985596205667,99837,768,405,115,44,32630,16678,0.49388503260314315,351,183,15856,12914,13596,6269,19312,30183,43437,30071,0,0,13150,7332,14666,2376,4025,327,0,0,0,0,46055,3236,8670,0,0,0,0,0
526,1558,527.474958559633,99837,733,389,115,44,32748,16740,0.4956879713933712,353,168,15875,12962,13625,6280,19297,30155,43554,30188,0,0,12957,7317,14797,2376,4087,330,0,0,0,0,46094,3201,8678,0,0,0,0,0
527,1558,528.1646096709915,99837,702,374,115,44,32815,16762,0.49657942446187286,341,171,15872,12953,13640,6271,19328,30185,43668,30302,0,0,12808,7276,14915,2376,4121,332,0,0,0,0,46149,3160,8700,0,0,0,0,0
528,1558,529.540117554288,99836,681,346,116,44,32936,16807,0.49824712528546816,304,173,15905,13013,13666,6287,19326,30135,43779,30414,0,0,12624,7268,15032,2386,4164,340,0,0,0,0,46189,3118,8715,0,0,0,0,0
529,1558,530.2296526263323,99835,653,333,116,45,32985,16834,0.49901337206390545,307,170,15875,13018,13659,6274,19388,30158,43887,30523,0,0,12479,7233,15132,2379,4200,341,0,0,0,0,46251,3084,8736,0,0,0,0,0
530,1558,531.6037001155693,99835,630,316,116,45,33097,16889,0.5006861321179947,266,152,15939,13077,13664,6288,19383,30120,43992,30630,0,0,12297,7231,15261,2382,4240,349,0,0,0,0,46286,3053,8736,0,0,0,0,0
531,1558,532.2923284038795,99835,583,316,116,45,33127,16915,0.5012470576451145,266,151,15932,13079,13663,6268,19438,30139,44094,30735,0,0,12166,7196,15351,2372,4276,351,0,0,0,0,46344,3022,8757,0,0,0,0,0
532,1558,533.6644241661326,99835,571,297,116,45,33224,16968,0.5027495367356137,249,139,16000,13179,13634,6276,19428,30062,44194,30838,0,0,12023,7153,15480,2390,4304,358,0,0,0,0,46367,2986,8774,0,0,0,0,0
533,1558,534.3517861495297,99835,566,277,116,45,33270,16984,0.5033705614263535,240,141,16010,13190,13599,6258,19467,30087,44291,30939,0,0,11917,7094,15585,2382,4328,364,0,0,0,0,46413,2962,8790,0,0,0,0,0
534,1558,535.0377321522452,99835,545,281,116,45,33316,17012,0.5041117844443331,231,126,16030,13195,13574,6240,19502,30111,44386,31037,0,0,11796,7057,15674,2378,4354,367,0,0,0,0,46471,2931,8807,0,0,0,0,0
535,1558,536.4062651032713,99835,492,268,116,45,33388,17058,0.5052937346621926,216,117,16114,13269,13577,6250,19483,30049,44478,31133,0,0,11665,7030,15796,2377,4406,370,0,0,0,0,46478,2900,8813,0,0,0,0,0
536,1558,537.0920348431595,99835,486,253,116,45,33420,17080,0.5058346271347723,215,114,16124,13270,13529,6247,19528,30069,44568,31227,0,0,11550,6985,15884,2370,4431,373,0,0,0,0,46539,2886,8817,0,0,0,0,0
537,1558,538.4606869421677,99834,477,229,117,45,33503,17110,0.506971572810866,188,121,16195,13355,13513,6247,19508,30001,44656,31319,0,0,11418,6964,16001,2364,4463,375,0,0,0,0,46559,2862,8828,0,0,0,0,0
538,1558,539.1465079926924,99834,464,224,117,45,33533,17123,0.5074022877977442,180,120,16205,13363,13485,6226,19547,30020,44741,31409,0,0,11310,6935,16059,2350,4488,381,0,0,0,0,46628,2840,8843,0,0,0,0,0
539,1558,540.5145737526974,99834,440,213,117,45,33602,17167,0.5085341667167498,168,108,16281,13441,13471,6233,19521,29958,44824,31497,0,0,11200,6901,16155,2356,4529,385,0,0,0,0,46647,2805,8856,0,0,0,0,0
540,1558,541.2002612396952,99834,415,213,117,45,33627,17189,0.5090049482140353,170,102,16299,13446,13449,6216,19548,29976,44905,31584,0,0,11089,6872,16213,2348,4562,386,0,0,0,0,46713,2785,8866,0,0,0,0,0
541,1558,542.5689288145303,99834,379,206,117,45,33678,17219,0.5098162950497827,165,92,16373,13536,13430,6205,19534,29914,44984,31669,0,0,10981,6844,16308,2345,4589,393,0,0,0,0,46735,2760,8879,0,0,0,0,0
542,1558,543.2549350904023,99834,368,198,117,45,33702,17228,0.5101468437606427,159,92,16411,13560,13379,6182,19564,29921,45061,31752,0,0,10892,6807,16375,2336,4605,397,0,0,0,0,46785,2737,8900,0,0,0,0,0
543,1558,544.6236996367014,99834,369,186,117,45,33767,17259,0.5111084400104173,134,86,16477,13661,13339,6172,19562,29848,45136,31833,0,0,10793,6778,16457,2324,4642,401,0,0,0,0,46813,2719,8907,0,0,0,0,0
544,1558,545.3094677421303,99833,362,187,118,45,33797,17272,0.5115442789458395,127,81,16476,13684,13316,6153,19599,29848,45209,31913,0,0,10699,6747,16517,2317,4658,404,0,0,0,0,46871,2699,8921,0,0,0,0,0
545,1558,546.6767669929701,99833,331,178,118,45,33835,17302,0.5122254164454639,135,73,16559,13786,13286,6150,19569,29766,45280,31991,0,0,10598,6731,16593,2312,4683,411,0,0,0,0,46898,2672,8935,0,0,0,0,0
546,1558,547.3619266274574,99833,322,185,118,45,33855,17317,0.5125760019232117,139,67,16576,13813,13254,6122,19589,29766,45350,32067,0,0,10514,6696,16652,2298,4701,414,0,0,0,0,46956,2658,8944,0,0,0,0,0
547,1558,548.0462761140182,99833,303,180,118,45,33874,17326,0.51285647030541,141,64,16600,13854,13229,6097,19607,29758,45418,32142,0,0,10429,6658,16702,2296,4723,416,0,0,0,0,47013,2640,8956,0,0,0,0,0
548,1558,549.4131780963949,99833,299,162,118,45,33920,17345,0.5135075576212275,130,64,16701,13974,13187,6086,19563,29667,45484,32215,0,0,10352,6627,16777,2289,4745,423,0,0,0,0,47032,2616,8972,0,0,0,0,0
549,1558,550.0984457947222,99833,295,154,118,45,33949,17352,0.5138681598269109,122,64,16719,13993,13159,6083,19585,29659,45549,32286,0,0,10267,6598,16842,2284,4755,425,0,0,0,0,47078,2599,8985,0,0,0,0,0
550,1558,551.4676617455626,99833,278,145,118,45,33986,17372,0.5144391133192432,125,66,16820,14098,13118,6068,19539,29576,45612,32356,0,0,10176,6580,16904,2273,4782,430,0,0,0,0,47112,2586,8990,0,0,0,0,0
551,1558,552.1540785350214,99833,272,148,118,45,34006,17384,0.514759648613184,125,64,16838,14114,13088,6052,19557,29575,45673,32424,0,0,10105,6547,16957,2264,4800,430,0,0,0,0,47157,2570,9003,0,0,0,0,0
552,1558,553.5255501829542,99833,259,134,118,45,34046,17402,0.5153406188334518,113,65,16924,14229,13054,6040,19530,29485,45733,32491,0,0,10037,6518,17015,2256,4837,434,0,0,0,0,47177,2548,9011,0,0,0,0,0
553,1558,554.2127288477541,99833,258,129,118,45,34064,17411,0.5156110704877145,111,65,16924,14253,13027,6025,19560,29481,45791,32557,0,0,9965,6492,17065,2251,4841,439,0,0,0,0,47221,2531,9028,0,0,0,0,0
554,1558,555.5849662932802,99833,226,122,118,45,34095,17436,0.516172007252111,111,55,17037,14363,12997,6016,19509,29397,45848,32621,0,0,9879,6472,17117,2256,4872,441,0,0,0,0,47252,2511,9033,0,0,0,0,0
555,1558,556.2730063230885,99833,232,122,118,45,34123,17446,0.5165526429136659,96,51,17064,14410,12966,5992,19522,29378,45904,32684,0,0,9811,6451,17150,2248,4891,442,0,0,0,0,47300,2490,9050,0,0,0,0,0
556,1558,557.6480465305033,99833,220,114,118,45,34151,17458,0.516953312031092,97,47,17142,14526,12920,5967,19501,29299,45958,32746,0,0,9732,6431,17205,2240,4914,443,0,0,0,0,47336,2481,9051,0,0,0,0,0
557,1558,558.3373545046337,99833,209,109,118,45,34165,17464,0.517153646589805,94,44,17169,14582,12891,5951,19517,29267,46011,32806,0,0,9659,6410,17238,2233,4928,448,0,0,0,0,47389,2470,9058,0,0,0,0,0
558,1558,559.0255501672144,99833,206,108,118,45,34180,17472,0.517384031332325,88,43,17206,14594,12854,5936,19526,29272,46063,32865,0,0,9591,6389,17271,2227,4940,450,0,0,0,0,47440,2454,9071,0,0,0,0,0
559,1558,560.4008408891937,99833,218,104,118,45,34218,17489,0.5179349513687859,82,41,17313,14725,12782,5908,19485,29175,46113,32923,0,0,9524,6358,17331,2226,4948,452,0,0,0,0,47472,2444,9078,0,0,0,0,0
560,1558,561.0899874387022,99833,211,102,118,45,34234,17497,0.5181753528392415,81,40,17362,14761,12741,5895,19485,29155,46162,32980,0,0,9466,6334,17371,2214,4966,455,0,0,0,0,47510,2431,9086,0,0,0,0,0
561,1558,562.4679310010874,99833,192,91,118,45,34259,17507,0.5185259383169893,77,39,17461,14892,12708,5880,19442,29051,46210,33035,0,0,9391,6325,17411,2210,4985,458,0,0,0,0,47542,2415,9096,0,0,0,0,0
562,1558,563.1581055599358,99833,181,88,118,45,34274,17520,0.5188064066991876,72,30,17486,14920,12688,5877,19453,29038,46257,33089,0,0,9326,6298,17454,2211,4996,460,0,0,0,0,47581,2405,9102,0,0,0,0,0
563,1558,564.5393840314949,99833,180,86,118,45,34303,17534,0.5192371260004207,58,25,17585,15065,12637,5846,19420,28931,46303,33142,0,0,9271,6270,17511,2203,5012,462,0,0,0,0,47603,2396,9105,0,0,0,0,0
564,1558,565.2315107612407,99833,175,83,118,45,34312,17539,0.5193773601915198,56,23,17630,15118,12596,5830,19423,28899,46348,33194,0,0,9216,6246,17550,2193,5026,462,0,0,0,0,47641,2387,9112,0,0,0,0,0
565,1558,566.6151274786035,99833,169,76,118,45,34332,17548,0.5196678453016538,56,23,17715,15257,12544,5791,19396,28806,46391,33245,0,0,9172,6212,17608,2191,5036,465,0,0,0,0,47655,2375,9119,0,0,0,0,0
566,1558,567.3085485242033,99833,158,76,118,45,34338,17552,0.5197680125810102,61,26,17771,15308,12499,5772,19391,28771,46433,33295,0,0,9122,6187,17646,2181,5050,465,0,0,0,0,47691,2366,9125,0,0,0,0,0
567,1558,568.0013726413441,99833,159,70,118,45,34351,17558,0.5199583304117877,55,24,17805,15343,12462,5766,19399,28750,46474,33344,0,0,9067,6167,17684,2175,5059,466,0,0,0,0,47726,2358,9131,0,0,0,0,0
568,1558,569.3872341129494,99833,152,67,118,45,34370,17569,0.5202588322498573,54,19,17922,15481,12402,5739,19350,28647,46514,33392,0,0,9014,6149,17723,2170,5075,467,0,0,0,0,47751,2347,9137,0,0,0,0,0
569,1558,570.0818370673887,99833,150,67,118,45,34372,17570,0.5202888824336642,53,19,17910,15457,12378,5731,19389,28679,46553,33439,0,0,8968,6133,17740,2157,5089,469,0,0,0,0,47795,2338,9144,0,0,0,0,0
570,1558,571.093665011884,99833,146,64,118,45,34388,17578,0.5205292839041199,51,19,17975,15576,12346,5714,19362,28580,46592,33485,0,0,8920,6108,17778,2156,5100,470,0,0,0,0,47824,2327,9150,0,0,0,0,0
571,1558,572.0263562434669,99833,141,63,118,45,34396,17582,0.5206494846393477,50,15,18009,15601,12314,5702,19366,28572,46630,33530,0,0,8874,6084,17810,2151,5110,470,0,0,0,0,47858,2318,9158,0,0,0,0,0
572,1558,573.0055141172891,99833,121,56,118,45,34406,17586,0.5207897188304469,53,19,18085,15694,12287,5685,19334,28499,46667,33574,0,0,8821,6062,17846,2152,5120,472,0,0,0,0,47886,2310,9164,0,0,0,0,0
573,1558,574.2193231659026,99833,107,50,118,45,34415,17594,0.520960003205353,53,20,18178,15816,12245,5672,19297,28395,46703,33617,0,0,8780,6035,17890,2153,5132,472,0,0,0,0,47903,2298,9170,0,0,0,0,0
574,1558,575.4338383512537,99833,98,42,118,45,34437,17598,0.52122043813168,38,23,18298,15993,12200,5639,19246,28256,46738,33659,0,0,8735,6017,17925,2148,5150,473,0,0,0,0,47921,2288,9176,0,0,0,0,0
575,1558,576.1328398015794,99833,99,44,118,45,34447,17605,0.521390722506586,35,18,18366,16038,12154,5621,19226,28232,46772,33700,0,0,8697,5989,17953,2145,5159,476,0,0,0,0,47955,2284,9175,0,0,0,0,0
576,1558,577.2162066705027,99833,101,45,118,45,34452,17608,0.5214708563300712,32,15,18388,16067,12117,5607,19242,28219,46805,33741,0,0,8663,5962,17984,2139,5163,478,0,0,0,0,47985,2278,9181,0,0,0,0,0
577,1558,578.5753465662008,99833,95,43,118,45,34460,17612,0.5215910570652991,34,17,18529,16207,12041,5573,19181,28113,46838,33781,0,0,8626,5945,18012,2134,5172,480,0,0,0,0,48009,2265,9190,0,0,0,0,0
578,1558,579.4613691960841,99833,97,39,118,45,34474,17615,0.5217613414402051,27,17,18626,16295,11987,5554,19143,28048,46870,33820,0,0,8586,5933,18034,2127,5184,480,0,0,0,0,48036,2252,9201,0,0,0,0,0
579,1558,580.1343492399526,99833,93,38,118,45,34479,17617,0.5218314585357547,27,21,18709,16383,11932,5530,19119,27981,46901,33858,0,0,8553,5909,18062,2121,5194,481,0,0,0,0,48063,2246,9204,0,0,0,0,0
580,1558,581.4025154176635,99833,82,33,118,45,34488,17623,0.5219817094547895,28,23,18836,16533,11880,5501,19054,27863,46931,33895,0,0,8514,5888,18099,2119,5202,483,0,0,0,0,48080,2242,9206,0,0,0,0,0
581,1558,582.1081764486283,99833,79,38,118,45,34493,17629,0.5220918934620816,25,21,18891,16588,11837,5480,19048,27826,46961,33932,0,0,8481,5867,18123,2115,5209,483,0,0,0,0,48108,2233,9214,0,0,0,0,0
582,1558,583.521001086865,99833,70,40,118,45,34499,17639,0.5222521611090521,28,15,19007,16728,11778,5451,18997,27719,46990,33968,0,0,8448,5849,18156,2109,5217,486,0,0,0,0,48125,2226,9217,0,0,0,0,0
583,1558,584.2290617337259,99833,73,41,118,45,34503,17640,0.5223022447487303,24,14,18988,16716,11766,5446,19029,27736,47018,34003,0,0,8410,5836,18168,2101,5226,486,0,0,0,0,48163,2222,9221,0,0,0,0,0
584,1558,585.5035531414179,99833,74,37,118,45,34513,17642,0.5224224454839582,19,15,19085,16822,11712,5429,18990,27650,47046,34037,0,0,8382,5823,18189,2094,5235,489,0,0,0,0,48181,2211,9229,0,0,0,0,0
585,1558,586.1266236969806,99833,70,35,118,45,34516,17645,0.5224825458515722,20,13,19134,16880,11677,5415,18979,27610,47073,34071,0,0,8351,5805,18214,2084,5248,489,0,0,0,0,48203,2209,9230,0,0,0,0,0
586,1558,587.2042994066636,99833,62,33,118,45,34521,17649,0.522572696402993,21,13,19232,17005,11626,5398,18939,27504,47100,34104,0,0,8314,5788,18241,2081,5253,491,0,0,0,0,48228,2205,9232,0,0,0,0,0
587,1558,588.1507938208003,99833,59,34,118,45,34528,17652,0.5226728636823496,23,11,19317,17066,11587,5382,18894,27460,47126,34136,0,0,8281,5772,18260,2076,5262,492,0,0,0,0,48254,2202,9234,0,0,0,0,0
588,1558,589.093381874106,99833,54,36,118,45,34530,17655,0.5227229473220277,26,10,19345,17103,11567,5369,18888,27435,47151,34168,0,0,8247,5756,18277,2072,5270,492,0,0,0,0,48284,2199,9236,0,0,0,0,0
589,1558,590.2495491096132,99833,54,34,118,45,34542,17658,0.5228731982410626,19,8,19467,17232,11511,5343,18829,27336,47176,34199,0,0,8218,5744,18298,2065,5281,493,0,0,0,0,48302,2191,9241,0,0,0,0,0
590,1558,591.0953815703137,99833,55,29,118,45,34547,17659,0.5229332986086765,17,8,19534,17307,11475,5327,18799,27282,47200,34230,0,0,8188,5727,18320,2061,5287,494,0,0,0,0,48326,2187,9243,0,0,0,0,0
591,1558,592.0002248781229,99832,51,26,119,45,34551,17659,0.5229786040548121,15,9,19607,17367,11434,5316,18772,27235,47224,34260,0,0,8151,5718,18339,2055,5293,494,0,0,0,0,48352,2185,9245,0,0,0,0,0
592,1558,593.0376305536632,99832,49,23,119,45,34555,17660,0.5230286881961695,13,12,19689,17461,11390,5294,18738,27163,47247,34289,0,0,8120,5707,18356,2050,5300,494,0,0,0,0,48376,2179,9250,0,0,0,0,0
593,1558,594.2238054027282,99832,47,19,119,45,34558,17664,0.52309880599407,16,11,19800,17563,11343,5284,18673,27076,47270,34318,0,0,8094,5689,18380,2047,5306,496,0,0,0,0,48394,2176,9250,0,0,0,0,0
594,1558,595.2211541610926,99832,44,21,119,45,34562,17667,0.5231689237919706,18,12,19887,17652,11306,5258,18624,27010,47292,34346,0,0,8069,5673,18400,2042,5312,497,0,0,0,0,48414,2172,9253,0,0,0,0,0
595,1558,596.096439712134,99832,46,20,119,45,34567,17669,0.523239041589871,16,11,19951,17711,11255,5250,18611,26961,47314,34374,0,0,8043,5657,18419,2040,5312,500,0,0,0,0,48436,2168,9257,0,0,0,0,0
596,1558,597.1095375790946,99832,36,19,119,45,34571,17671,0.5232991425594999,16,10,20092,17861,11195,5222,18540,26841,47335,34401,0,0,8012,5648,18436,2036,5321,500,0,0,0,0,48455,2164,9260,0,0,0,0,0
597,1558,598.2738878943003,99832,33,21,119,45,34571,17673,0.523319176216043,19,9,20115,17898,11168,5210,18544,26815,47356,34428,0,0,7996,5625,18459,2033,5324,501,0,0,0,0,48470,2158,9266,0,0,0,0,0
598,1558,599.5562539641678,99832,30,21,119,45,34576,17676,0.5233993108422149,15,6,20216,18016,11118,5192,18500,26718,47376,34454,0,0,7965,5617,18474,2029,5328,503,0,0,0,0,48493,2156,9267,0,0,0,0,0
599,1558,600.3681731940104,99832,30,21,119,45,34578,17677,0.5234293613270294,15,6,20274,18072,11077,5180,18483,26674,47396,34480,0,0,7944,5601,18491,2026,5331,504,0,0,0,0,48513,2150,9272,0,0,0,0,0
600,1558,601.3682506339986,99832,28,16,119,45,34581,17677,0.5234594118118439,16,7,20368,18200,11036,5161,18431,26569,47415,34505,0,0,7924,5593,18505,2020,5338,505,0,0,0,0,48525,2141,9281,0,0,0,0,0
601,1558,602.068552669049,99832,28,15,119,45,34584,17677,0.5234894622966584,16,7,20444,18284,10995,5137,18396,26510,47434,34530,0,0,7900,5579,18523,2018,5339,506,0,0,0,0,48545,2138,9284,0,0,0,0,0
602,1558,603.1567546762398,99832,26,13,119,45,34585,17679,0.5235195127814729,16,6,20528,18369,10946,5119,18363,26446,47453,34554,0,0,7881,5566,18538,2014,5345,507,0,0,0,0,48561,2132,9288,0,0,0,0,0
603,1558,604.0110517787632,99832,24,12,119,45,34587,17680,0.5235495632662873,16,5,20602,18465,10909,5102,18328,26369,47471,34578,0,0,7859,5556,18551,2011,5350,508,0,0,0,0,48580,2126,9291,0,0,0,0,0
604,1558,605.1078691499963,99832,24,14,119,45,34592,17682,0.5236196810641879,14,3,20672,18541,10869,5081,18300,26314,47489,34601,0,0,7840,5540,18570,2009,5354,508,0,0,0,0,48596,2122,9293,0,0,0,0,0
605,1558,606.4095220164972,99832,24,14,119,45,34596,17683,0.5236697652055453,14,4,20783,18674,10823,5051,18235,26210,47506,34624,0,0,7822,5531,18582,2004,5360,508,0,0,0,0,48611,2113,9301,0,0,0,0,0
606,1558,607.2675880086609,99832,23,13,119,45,34600,17683,0.5237098325186313,12,4,20862,18758,10782,5031,18200,26147,47523,34646,0,0,7804,5523,18589,1998,5368,510,0,0,0,0,48628,2107,9305,0,0,0,0,0
607,1558,608.2430279865677,99832,23,9,119,45,34603,17683,0.5237398830034458,13,7,20938,18855,10742,5020,18163,26062,47540,34668,0,0,7781,5514,18600,1994,5374,511,0,0,0,0,48648,2105,9305,0,0,0,0,0
608,1558,609.2543248974405,99832,22,8,119,45,34603,17685,0.5237599166599888,15,6,21067,18993,10673,4996,18102,25950,47556,34690,0,0,7763,5506,18610,1986,5383,511,0,0,0,0,48663,2101,9309,0,0,0,0,0
609,1558,610.0284534607682,99832,23,7,119,45,34605,17685,0.5237799503165318,13,7,21098,19025,10649,4984,18096,25930,47572,34711,0,0,7741,5496,18621,1985,5385,511,0,0,0,0,48684,2098,9311,0,0,0,0,0
610,1558,611.1198346966926,99832,22,8,119,45,34609,17686,0.5238300344578892,11,7,21164,19139,10618,4962,18064,25837,47588,34732,0,0,7721,5482,18635,1985,5386,512,0,0,0,0,48702,2095,9314,0,0,0,0,0
611,1558,612.5007146719186,99832,23,9,119,45,34615,17689,0.5239201859123327,8,5,21317,19297,10558,4927,17973,25715,47603,34752,0,0,7702,5475,18646,1982,5389,513,0,0,0,0,48716,2089,9320,0,0,0,0,0
612,1558,613.1862611722472,99832,21,9,119,45,34615,17690,0.5239302027406042,10,5,21325,19317,10543,4918,17980,25704,47618,34772,0,0,7686,5461,18663,1979,5391,514,0,0,0,0,48729,2088,9321,0,0,0,0,0
613,1558,614.0437137939203,99832,21,9,119,45,34617,17691,0.5239602532254187,9,5,21385,19405,10512,4899,17952,25635,47633,34792,0,0,7668,5450,18673,1977,5395,514,0,0,0,0,48746,2084,9325,0,0,0,0,0
614,1558,615.067740751466,99832,19,11,119,45,34620,17694,0.5240203541950477,6,2,21469,19501,10469,4880,17916,25559,47647,34811,0,0,7647,5444,18682,1975,5399,514,0,0,0,0,48763,2080,9328,0,0,0,0,0
615,1558,616.431215703131,99832,19,10,119,45,34623,17695,0.5240604215081337,6,2,21599,19636,10416,4854,17839,25451,47661,34830,0,0,7627,5438,18691,1973,5399,516,0,0,0,0,48780,2075,9333,0,0,0,0,0
616,1558,617.1367823612337,99832,16,10,119,45,34623,17695,0.5240604215081337,8,2,21628,19663,10395,4842,17832,25436,47675,34849,0,0,7611,5430,18702,1969,5403,516,0,0,0,0,48793,2070,9338,0,0,0,0,0
617,1558,618.0365511729203,99832,16,10,119,45,34624,17697,0.5240904719929481,8,0,21712,19748,10348,4828,17795,25367,47689,34867,0,0,7595,5424,18711,1963,5408,517,0,0,0,0,48806,2067,9341,0,0,0,0,0
618,1558,619.140052390854,99832,15,7,119,45,34625,17697,0.5241004888212196,8,1,21823,19842,10298,4815,17735,25288,47702,34885,0,0,7582,5411,18727,1961,5412,517,0,0,0,0,48816,2064,9342,0,0,0,0,0
619,1558,620.2535559378456,99832,16,8,119,45,34627,17698,0.5241305393060341,6,2,21919,19929,10265,4797,17673,25217,47715,34903,0,0,7569,5401,18738,1956,5417,517,0,0,0,0,48828,2061,9345,0,0,0,0,0
620,1558,621.1310425556879,99832,12,6,119,45,34627,17699,0.5241405561343057,6,1,22002,20020,10230,4785,17629,25141,47728,34920,0,0,7550,5395,18747,1951,5422,518,0,0,0,0,48843,2060,9346,0,0,0,0,0
621,1558,622.0854180847165,99832,16,4,119,45,34631,17699,0.5241806234473916,3,2,22079,20109,10199,4773,17582,25065,47741,34937,0,0,7531,5389,18753,1949,5425,518,0,0,0,0,48861,2057,9349,0,0,0,0,0
622,1558,623.1570273201137,99832,16,4,119,45,34633,17700,0.5242106739322061,2,2,22162,20207,10158,4751,17541,24989,47753,34954,0,0,7518,5377,18766,1948,5427,518,0,0,0,0,48872,2054,9352,0,0,0,0,0
623,1558,624.1595802218552,99832,16,5,119,45,34634,17701,0.5242307075887491,1,2,22248,20298,10116,4732,17498,24916,47765,34970,0,0,7506,5368,18776,1944,5431,518,0,0,0,0,48883,2051,9355,0,0,0,0,0
624,1558,625.0982356206853,99832,16,5,119,45,34634,17701,0.5242307075887491,3,3,22355,20401,10067,4712,17438,24832,47777,34986,0,0,7498,5359,18785,1937,5438,518,0,0,0,0,48891,2047,9359,0,0,0,0,0
625,1558,626.2515809802104,99832,14,5,119,45,34635,17702,0.5242507412452921,3,2,22417,20477,10038,4689,17407,24780,47789,35002,0,0,7483,5351,18796,1934,5442,518,0,0,0,0,48903,2045,9360,0,0,0,0,0
626,1558,627.4218298524376,99832,14,5,119,45,34636,17702,0.5242607580735635,3,2,22485,20549,9999,4669,17378,24728,47800,35017,0,0,7473,5339,18809,1933,5443,518,0,0,0,0,48912,2042,9363,0,0,0,0,0
627,1558,628.0959922718965,99832,12,4,119,45,34637,17702,0.524270774901835,3,2,22582,20637,9959,4646,17323,24664,47811,35032,0,0,7460,5335,18815,1927,5450,518,0,0,0,0,48922,2039,9366,0,0,0,0,0
628,1558,629.0091822972662,99832,11,4,119,45,34638,17702,0.5242807917301066,2,3,22622,20693,9939,4634,17305,24619,47822,35047,0,0,7448,5327,18825,1924,5452,519,0,0,0,0,48932,2037,9368,0,0,0,0,0
629,1558,630.4936560664452,99832,12,4,119,45,34639,17702,0.5242908085583781,30,28,22722,20837,9870,4603,17245,24481,47833,35062,0,0,7438,5319,18833,1921,5455,519,0,0,0,0,48942,2032,9373,0,0,0,0,0
630,1558,631.2616664767587,99832,18,9,119,45,34645,17708,0.524411010497636,27,23,22780,20898,9835,4586,17219,24437,47843,35076,0,0,7424,5312,18840,1920,5456,519,0,0,0,1,48955,2031,9374,0,0,0,0,0
631,1558,632.1485978064452,99832,25,13,119,45,34655,17713,0.5245612629217085,24,20,22849,20975,9801,4574,17180,24371,47853,35090,0,0,7409,5305,18845,1922,5456,520,0,0,0,2,48969,2028,9376,0,0,0,0,0
632,1558,633.1059568595459,99832,28,17,119,45,34660,17719,0.5246714480326949,22,15,22903,21025,9779,4568,17147,24328,47863,35104,0,0,7397,5296,18853,1921,5459,521,1,0,0,2,48980,2026,9376,0,0,0,0,0
633,1558,634.0156683822248,99832,30,22,119,45,34666,17726,0.5248016668002243,23,11,22972,21124,9741,4537,17113,24259,47873,35118,0,0,7388,5287,18861,1916,5466,521,2,0,0,5,48985,2024,9377,0,0,0,0,0
634,1558,635.2469181919281,99832,38,17,119,45,34681,17728,0.5249719528808399,18,17,23076,21223,9705,4528,17042,24168,47883,35131,0,0,7375,5277,18863,1917,5475,521,3,0,0,8,48994,2022,9377,0,0,0,0,0
635,1558,636.0186644201023,99832,36,16,119,45,34683,17730,0.5250120201939258,24,18,23158,21318,9670,4509,16991,24092,47893,35144,0,0,7364,5268,18870,1916,5479,521,3,0,0,12,49001,2020,9378,0,0,0,0,0
636,1558,637.0942988270908,99832,32,19,119,45,34687,17737,0.5251222053049123,27,14,23220,21402,9648,4497,16952,24021,47902,35157,0,0,7352,5260,18874,1915,5484,521,4,0,0,19,49005,2018,9380,0,0,0,0,0
637,1558,638.0798755213004,99832,34,22,119,45,34694,17742,0.5252424072441702,33,14,23299,21488,9608,4478,16905,23951,47911,35170,0,0,7340,5256,18875,1914,5489,521,4,0,0,22,49014,2013,9384,0,0,0,0,0
638,1558,639.1402080243714,99832,43,19,119,45,34705,17744,0.5253726260116997,39,17,23386,21577,9562,4469,16849,23871,47920,35182,0,0,7331,5248,18882,1913,5493,521,5,0,0,24,49020,2009,9386,0,0,0,0,0
639,1558,640.1159771497447,99832,46,18,119,45,34714,17747,0.5254928279509576,39,17,23456,21655,9531,4461,16807,23802,47929,35194,0,0,7316,5242,18886,1913,5495,522,7,0,0,28,49029,2007,9387,0,0,0,0,0
640,1558,641.0339986127071,99832,56,23,119,45,34727,17755,0.525703181344659,39,11,23538,21743,9495,4451,16751,23725,47938,35206,0,0,7299,5239,18888,1913,5496,523,8,0,0,31,49042,2006,9387,0,0,0,0,0
641,1558,642.0526056795156,99832,59,27,119,45,34741,17761,0.5259035179100889,42,17,23623,21854,9460,4429,16695,23626,47946,35218,0,0,7291,5228,18892,1915,5501,524,9,0,0,34,49046,2002,9390,0,0,0,0,0
642,1558,643.0038570032482,99832,69,29,119,45,34753,17764,0.5260537703341613,52,20,23687,21940,9424,4411,16647,23553,47954,35230,0,0,7281,5222,18896,1914,5504,524,9,0,0,35,49055,2000,9392,0,0,0,0,0
643,1558,644.0462022884898,99832,67,32,119,45,34767,17769,0.5262440900713198,50,20,23751,22008,9406,4401,16605,23492,47962,35241,0,0,7266,5216,18898,1913,5509,525,14,0,0,42,49058,1998,9393,0,0,0,0,0
644,1558,645.144793101896,99832,74,26,119,45,34785,17772,0.5264544434650212,50,25,23834,22094,9369,4402,16552,23406,47970,35252,0,0,7253,5211,18896,1912,5519,525,15,0,0,51,49061,1996,9393,0,0,0,0,0
645,1558,646.0749643253761,99832,73,30,119,45,34798,17780,0.5266647968587227,57,27,23900,22158,9349,4390,16500,23348,47978,35263,0,0,7236,5205,18900,1912,5524,525,20,0,0,58,49066,1995,9391,0,0,0,0,0
646,1558,647.0024887526749,99832,88,33,119,45,34817,17787,0.5269252343937816,53,28,23973,22237,9311,4375,16454,23280,47986,35274,0,0,7225,5198,18907,1911,5526,526,22,0,0,62,49071,1994,9390,0,0,0,0,0
647,1558,648.2349977191845,99832,94,36,119,45,34837,17798,0.5272357560701979,65,25,24043,22329,9286,4360,16391,23203,47994,35285,0,0,7213,5192,18905,1910,5536,527,24,0,0,71,49072,1992,9390,0,0,0,0,0
648,1558,649.156666887925,99832,101,41,119,45,34854,17805,0.5274761599487139,69,25,24100,22398,9264,4351,16345,23138,48001,35296,0,0,7202,5187,18906,1911,5540,528,25,0,0,75,49078,1988,9392,0,0,0,0,0
649,1558,650.0759458111485,99832,103,41,119,45,34871,17808,0.5276764965141437,73,32,24152,22492,9244,4327,16307,23061,48008,35306,0,0,7188,5182,18908,1911,5547,528,28,0,0,82,49082,1986,9390,0,0,0,0,0
650,1558,651.2985109447535,99832,102,41,119,45,34883,17816,0.5278768330795737,92,36,24233,22583,9213,4312,16239,22981,48015,35316,0,0,7180,5174,18908,1912,5554,529,28,0,0,93,49079,1984,9391,0,0,0,0,0
651,1558,652.2125755570294,99832,112,54,119,45,34906,17830,0.528247455725619,91,34,24284,22653,9203,4296,16189,22916,48022,35326,0,0,7171,5167,18911,1912,5559,529,28,0,0,102,49079,1983,9391,0,0,0,0,0
652,1558,653.1244657025984,99832,122,54,119,45,34927,17837,0.528527926917221,88,50,24335,22703,9182,4293,16152,22853,48029,35336,0,0,7163,5161,18913,1909,5567,529,29,0,0,112,49076,1980,9393,0,0,0,0,0
653,1558,654.034273708134,99832,127,59,119,45,34943,17848,0.5287983812805513,100,52,24387,22766,9149,4286,16116,22790,48036,35346,0,0,7149,5158,18911,1909,5571,531,31,0,0,119,49081,1978,9394,0,0,0,0,0
654,1558,655.2441790733182,99832,129,62,119,45,34970,17864,0.5292291048962257,115,53,24466,22832,9133,4283,16036,22723,48043,35356,0,0,7140,5154,18906,1908,5583,533,33,0,0,139,49068,1972,9396,0,0,0,0,0
655,1558,656.1486908740457,99832,145,64,119,45,34999,17875,0.5296297780270856,119,58,24525,22891,9111,4281,15979,22659,48050,35365,0,0,7127,5147,18907,1911,5587,534,35,0,0,150,49068,1971,9395,0,0,0,0,0
656,1558,657.0508316158197,99832,152,68,119,45,35023,17886,0.5299803670165879,126,62,24590,22973,9091,4267,15920,22583,48056,35374,0,0,7118,5142,18907,1910,5592,536,37,0,0,165,49060,1970,9395,0,0,0,0,0
657,1558,658.2496975167633,99832,155,72,119,45,35055,17908,0.5305212757432487,131,63,24672,23062,9068,4265,15853,22491,48062,35383,0,0,7109,5134,18905,1911,5609,536,40,0,0,189,49042,1966,9391,0,0,0,0,0
658,1558,659.1462762247012,99832,151,80,119,45,35071,17927,0.530871864732751,154,55,24704,23136,9059,4258,15811,22424,48068,35392,0,0,7098,5127,18904,1913,5618,536,44,0,0,204,49034,1962,9392,0,0,0,0,0
659,1558,660.0412455630327,99832,164,81,119,45,35103,17939,0.5313126051766969,164,58,24745,23207,9041,4253,15765,22354,48074,35401,0,0,7089,5120,18904,1914,5624,540,49,0,0,214,49028,1957,9393,0,0,0,0,0
660,1558,661.2319409405546,99832,180,87,119,45,35145,17958,0.5319236317012581,163,60,24809,23305,9025,4247,15702,22254,48080,35410,0,0,7073,5113,18901,1915,5637,540,58,0,0,230,49019,1955,9391,0,0,0,0,0
661,1558,662.1229500470033,99832,194,88,119,45,35182,17967,0.532384405801747,165,62,24848,23372,9014,4235,15658,22196,48086,35419,0,0,7060,5107,18903,1914,5642,545,64,0,0,240,49016,1953,9388,0,0,0,0,0
662,1558,663.0122997358488,99832,218,91,119,45,35221,17983,0.5329353313566793,170,60,24896,23434,8984,4234,15611,22134,48092,35427,0,0,7052,5102,18906,1911,5649,548,66,0,0,255,49007,1952,9384,0,0,0,0,0
663,1558,664.1949372058799,99832,227,95,119,45,35273,18003,0.533656542992227,172,61,24948,23531,8979,4228,15553,22038,48098,35435,0,0,7038,5094,18899,1914,5667,549,73,0,0,282,48987,1948,9381,0,0,0,0,0
664,1558,665.0800956573702,99832,249,95,119,45,35319,18014,0.5342275022037022,175,65,24995,23588,8960,4225,15500,21980,48104,35443,0,0,7028,5088,18893,1915,5684,550,77,0,0,292,48983,1944,9378,0,0,0,0,0
665,1558,666.2575653152555,99832,267,99,119,45,35376,18032,0.5349787643240644,195,88,25047,23666,8961,4218,15409,21882,48110,35451,0,0,7017,5077,18891,1920,5696,552,80,0,0,320,48963,1943,9373,0,0,0,0,0
666,1558,667.1386214140053,99832,285,96,119,45,35418,18046,0.5355397067072682,200,94,25078,23729,8950,4220,15366,21814,48115,35459,0,0,7009,5069,18885,1920,5712,554,85,0,0,335,48951,1940,9372,0,0,0,0,0
667,1558,668.0181496187089,99830,309,103,121,45,35476,18066,0.536331763998798,187,97,25111,23802,8950,4210,15320,21741,48120,35467,0,0,7000,5064,18884,1925,5718,557,86,0,0,360,48931,1934,9371,0,0,0,0,0
668,1558,669.1887780292221,99829,314,103,122,45,35527,18089,0.5370784040709613,215,112,25165,23873,8942,4218,15240,21647,48125,35475,0,0,6992,5055,18876,1925,5738,561,91,0,0,394,48900,1931,9366,0,0,0,0,0
669,1558,670.0647300080881,99829,331,124,122,45,35584,18121,0.5379699285778682,218,110,25191,23942,8948,4211,15188,21566,48130,35483,0,0,6981,5036,18877,1940,5747,563,95,0,0,412,48889,1928,9361,0,0,0,0,0
670,1558,671.2306071474112,99829,351,138,122,45,35659,18156,0.5390718127998878,238,110,25220,24002,8962,4211,15105,21492,48135,35490,0,0,6969,5026,18873,1944,5769,565,102,0,0,448,48858,1924,9351,0,0,0,0,0
671,1558,672.1037280147474,99828,354,141,123,45,35711,18181,0.5398485394879192,268,113,25233,24060,8958,4220,15062,21419,48140,35497,0,0,6955,5017,18865,1949,5788,567,110,0,0,480,48832,1920,9345,0,0,0,0,0
672,1558,673.2664195382417,99828,392,158,123,45,35797,18215,0.5410506070441159,295,127,25255,24132,8955,4219,14978,21317,48145,35504,0,0,6939,5011,18854,1955,5804,571,116,0,0,507,48815,1916,9340,0,0,0,0,0
673,1558,674.137190089182,99828,406,176,123,45,35855,18248,0.5419621749408984,300,130,25275,24173,8962,4221,14932,21253,48150,35511,0,0,6930,5001,18847,1961,5821,573,119,0,0,533,48795,1911,9337,0,0,0,0,0
674,1558,675.0069346813901,99828,411,190,123,45,35918,18284,0.5429538806747606,325,141,25296,24210,8975,4226,14868,21186,48155,35518,0,0,6918,4988,18841,1967,5847,577,127,0,0,561,48771,1906,9325,0,0,0,0,0
675,1558,676.1648851090963,99828,456,191,123,45,36026,18321,0.5444063789718315,356,155,25305,24274,8976,4237,14782,21096,48160,35525,0,0,6905,4980,18829,1974,5873,580,134,0,0,613,48725,1900,9315,0,0,0,0,0
676,1558,677.0323564057303,99828,475,200,123,45,36105,18365,0.5456384982169331,370,162,25321,24322,8991,4252,14718,21017,48165,35532,0,0,6894,4970,18811,1980,5902,584,139,0,0,656,48688,1895,9309,0,0,0,0,0
677,1558,678.1875816095699,99827,502,199,123,46,36207,18408,0.5470964769050457,399,180,25321,24395,9019,4268,14634,20910,48170,35539,0,0,6869,4959,18791,1986,5937,589,156,0,0,702,48648,1893,9297,0,0,0,0,0
678,1558,679.0532570642698,99826,527,213,124,46,36293,18451,0.5483942059182978,409,181,25329,24440,9030,4285,14579,20833,48174,35546,0,0,6856,4945,18779,1994,5963,592,165,0,0,739,48615,1889,9289,0,0,0,0,0
679,1558,680.2063994011861,99826,566,246,124,46,36427,18513,0.5503576222627372,424,196,25348,24495,9060,4289,14476,20726,48178,35552,0,0,6827,4935,18758,2004,5997,593,185,0,0,794,48568,1886,9279,0,0,0,0,0
680,1558,681.0699985998535,99826,588,242,124,46,36520,18550,0.5516598882054775,449,213,25345,24541,9082,4304,14410,20652,48182,35558,0,0,6808,4926,18739,2011,6032,597,197,0,0,840,48529,1881,9266,0,0,0,0,0
681,1558,682.2207401878255,99826,615,247,124,46,36645,18606,0.5534730430949852,457,233,25354,24588,9124,4334,14324,20550,48186,35564,0,0,6784,4916,18712,2020,6074,604,213,0,0,903,48474,1875,9251,0,0,0,0,0
682,1558,683.0831843420764,99826,645,269,124,46,36747,18659,0.5550257447959449,481,231,25349,24628,9145,4342,14254,20482,48190,35570,0,0,6765,4908,18695,2025,6096,611,226,0,0,950,48433,1872,9245,0,0,0,0,0
683,1558,684.2320802039735,99826,674,295,124,46,36870,18722,0.5568889868370965,512,250,25346,24668,9177,4356,14165,20383,48194,35576,0,0,6745,4894,18678,2035,6128,618,242,0,0,1004,48381,1867,9234,0,0,0,0,0
684,1558,685.0931847418004,99825,713,324,125,46,36993,18778,0.5586877034810919,534,251,25333,24712,9206,4363,14087,20302,48198,35582,0,0,6730,4875,18672,2048,6146,622,254,0,0,1060,48327,1863,9228,0,0,0,0,0
685,1558,686.2408085536192,99824,753,352,126,46,37152,18852,0.5610274082384997,564,270,25320,24743,9252,4384,13983,20203,48202,35588,0,0,6708,4858,18645,2064,6188,631,271,0,0,1130,48261,1858,9210,0,0,0,0,0
686,1558,687.1010944244068,99824,788,376,126,46,37280,18918,0.5629708286584388,567,280,25284,24772,9312,4408,13921,20116,48206,35594,0,0,6685,4847,18622,2075,6223,636,285,0,0,1193,48206,1856,9196,0,0,0,0,0
687,1558,688.2487330268572,99824,798,383,126,46,37429,18990,0.5651847251162045,615,317,25246,24814,9379,4448,13834,19990,48210,35600,0,0,6653,4832,18583,2094,6280,644,310,0,0,1275,48129,1847,9177,0,0,0,0,0
688,1558,689.1096623592623,99824,817,400,126,46,37545,19064,0.5670880750120212,679,308,25215,24871,9421,4483,13740,19890,48214,35606,0,0,6634,4821,18563,2097,6327,651,325,0,0,1344,48064,1843,9155,0,0,0,0,0
689,1558,690.257846422752,99823,867,421,127,46,37729,19158,0.5698786852729331,708,339,25181,24914,9483,4521,13632,19757,48218,35612,0,0,6601,4809,18532,2111,6375,661,349,0,0,1438,47976,1836,9135,0,0,0,0,0
690,1558,691.1192967398052,99823,900,451,127,46,37883,19240,0.5722428698796871,710,341,25154,24936,9549,4560,13558,19664,48222,35617,0,0,6583,4790,18498,2121,6427,671,365,0,0,1507,47909,1832,9120,0,0,0,0,0
691,1558,692.2686504983172,99821,945,471,129,46,38069,19338,0.5750994279760772,757,364,25087,24978,9621,4605,13459,19534,48226,35622,0,0,6560,4775,18458,2138,6481,683,384,0,0,1600,47816,1821,9105,0,0,0,0,0
692,1558,693.1316404874027,99820,989,489,130,46,38232,19413,0.5774894810659187,752,377,25061,24989,9672,4642,13394,19455,48230,35627,0,0,6541,4763,18430,2146,6531,689,399,0,0,1684,47735,1816,9086,0,0,0,0,0
693,1558,694.2825408070515,99817,1068,529,133,46,38447,19526,0.5807928509171785,792,380,24995,25022,9719,4683,13291,19338,48234,35632,0,0,6520,4740,18398,2161,6594,697,417,0,0,1771,47648,1811,9060,0,0,0,0,0
694,1558,695.1464633244952,99816,1122,552,134,46,38608,19605,0.583203093692394,828,381,24933,25049,9759,4727,13222,19243,48238,35637,0,0,6496,4725,18379,2171,6627,707,435,0,0,1847,47577,1809,9043,0,0,0,0,0
695,1558,696.0112747548712,99815,1146,557,135,46,38784,19694,0.5858638481190201,865,405,24881,25057,9838,4778,13133,19155,48241,35642,0,0,6470,4707,18352,2183,6675,719,458,0,0,1963,47459,1804,9025,0,0,0,0,0
696,1558,697.1666667877038,99814,1256,601,135,47,39061,19832,0.5900274510589697,907,404,24770,25081,9919,4836,13011,19029,48244,35647,0,0,6451,4686,18310,2199,6744,729,474,0,0,2092,47329,1797,9003,0,0,0,0,0
697,1558,698.0347491478148,99813,1269,613,136,47,39235,19922,0.5926783084367768,942,450,24705,25059,10021,4892,12925,18937,48247,35652,0,0,6420,4657,18275,2227,6802,740,500,0,0,2188,47235,1789,8980,0,0,0,0,0
698,1558,699.1944836167462,99811,1361,655,137,48,39532,20071,0.5971586298103415,980,459,24609,25074,10106,4970,12805,18792,48250,35657,0,0,6381,4636,18226,2246,6883,751,534,0,0,2325,47097,1778,8954,0,0,0,0,0
699,1558,700.0658117779279,99811,1382,666,137,48,39740,20168,0.6002144052258769,1035,479,24521,25069,10214,5029,12709,18707,48253,35662,0,0,6349,4616,18164,2269,6963,766,560,0,0,2429,46994,1768,8933,0,0,0,0,0
700,1558,701.2310882103174,99810,1436,688,138,48,40034,20301,0.6044985472397555,1111,516,24384,25080,10355,5106,12574,18560,48256,35667,0,0,6313,4594,18105,2284,7056,780,591,0,0,2596,46830,1759,8902,0,0,0,0,0
701,1558,702.1075353131,99809,1515,723,139,48,40283,20411,0.6081014738149866,1175,557,24280,25063,10426,5161,12463,18446,48259,35672,0,0,6295,4574,18068,2303,7121,794,605,0,0,2701,46725,1748,8875,0,0,0,0,0
702,1558,703.2793253353965,99809,1605,794,139,48,40641,20592,0.6135017884158743,1227,567,24128,25027,10577,5241,12322,18321,48262,35677,0,0,6256,4529,18018,2352,7206,810,639,0,0,2862,46562,1732,8843,0,0,0,0,0
703,1558,704.1611275069816,99807,1684,848,140,49,40937,20734,0.6179025519252157,1254,588,24024,24990,10698,5290,12198,18233,48265,35682,0,0,6218,4507,17966,2372,7286,821,669,0,0,2997,46427,1726,8818,0,0,0,0,0
704,1558,705.0451361124129,99804,1743,876,143,49,41208,20865,0.6219490200793555,1288,613,23915,24969,10819,5370,12090,18121,48268,35687,0,0,6188,4483,17926,2394,7358,838,694,0,0,3136,46280,1718,8789,0,0,0,0,0
705,1558,706.2282057894106,99804,1835,917,143,49,41608,21061,0.6279207246202557,1306,651,23770,24927,10999,5485,11945,17969,48271,35691,0,0,6143,4451,17857,2431,7460,869,731,0,0,3337,46075,1703,8747,0,0,0,0,0
706,1558,707.1186912499547,99803,1894,947,144,49,41909,21207,0.6324058395038226,1344,718,23652,24879,11135,5565,11829,17840,48274,35695,0,0,6109,4424,17801,2457,7553,888,763,0,0,3486,45921,1688,8713,0,0,0,0,0
707,1558,708.0119732441603,99802,1947,999,145,49,42203,21386,0.6371515600889762,1383,738,23528,24821,11292,5655,11703,17736,48277,35699,0,0,6073,4389,17743,2484,7640,906,796,0,0,3654,45749,1681,8687,0,0,0,0,0
708,1558,709.2083785045901,99799,2016,1063,148,49,42615,21619,0.6436337037445266,1462,753,23339,24753,11482,5787,11551,17593,48280,35703,0,0,6017,4363,17648,2507,7767,931,846,0,0,3890,45511,1671,8648,0,0,0,0,0
709,1558,710.1101464819129,99797,2087,1088,150,49,42965,21790,0.6488672004168462,1480,774,23193,24700,11649,5906,11439,17481,48283,35707,0,0,5971,4340,17574,2529,7878,950,886,0,0,4077,45319,1660,8613,0,0,0,0,0
710,1558,711.0162127903924,99797,2125,1103,150,49,43292,21943,0.653676964237402,1535,831,23046,24657,11815,6006,11327,17352,48286,35711,0,0,5930,4308,17503,2564,7985,972,922,0,0,4260,45129,1646,8578,0,0,0,0,0
711,1558,712.2311542288942,99797,2242,1150,150,49,43744,22184,0.6606210607533293,1643,851,22790,24605,11994,6155,11179,17188,48289,35715,0,0,5875,4271,17412,2607,8123,993,972,0,0,4495,44892,1626,8531,0,0,0,0,0
712,1558,713.1486252277293,99794,2278,1201,153,49,44079,22394,0.6661021704711706,1728,866,22615,24537,12166,6283,11058,17062,48292,35719,0,0,5823,4254,17328,2620,8249,1016,1018,0,0,4689,44688,1612,8497,0,0,0,0,0
713,1558,714.0711995511328,99792,2388,1229,155,49,44508,22583,0.6723084014750681,1776,893,22425,24476,12335,6393,10919,16958,48295,35723,0,0,5771,4219,17258,2655,8349,1049,1065,0,0,4892,44475,1595,8464,0,0,0,0,0
714,1558,715.3096327223533,99789,2467,1280,158,49,45045,22862,0.6805058673801722,1800,950,22228,24395,12592,6557,10753,16767,48298,35727,0,0,5716,4166,17171,2689,8497,1093,1116,0,0,5202,44150,1579,8410,0,0,0,0,0
715,1558,716.2444452262454,99788,2589,1330,158,50,45476,23076,0.686976389946687,1829,1011,22040,24303,12763,6679,10619,16625,48301,35731,0,0,5672,4133,17078,2731,8635,1116,1150,0,0,5381,43955,1566,8371,0,0,0,0,0
716,1558,717.1847126307412,99786,2702,1432,159,51,45928,23337,0.6941354498627061,1848,1021,21863,24222,12952,6774,10474,16498,48304,35735,0,0,5617,4089,16987,2778,8774,1133,1198,0,0,5582,43745,1552,8331,0,0,0,0,0
717,1558,718.1303213956509,99784,2780,1459,160,52,46367,23570,0.7008839092439669,1919,1060,21643,24124,13157,6927,10339,16376,48307,35739,0,0,5565,4064,16894,2806,8921,1170,1239,0,0,5811,43499,1537,8278,0,0,0,0,0
718,1558,719.0830553014418,99782,2880,1512,161,53,46863,23837,0.7085446272874867,1957,1051,21429,24051,13379,7088,10192,16243,48310,35743,0,0,5513,4023,16790,2855,9098,1193,1281,0,0,6061,43231,1518,8219,0,0,0,0,0
719,1558,720.0431055380112,99781,2987,1551,162,53,47354,24097,0.7160782112827091,1952,1083,21261,23969,13589,7255,10047,16087,48312,35747,0,0,5450,3981,16696,2895,9252,1237,1339,0,0,6287,42988,1503,8153,0,0,0,0,0
720,1558,721.0096643355132,99779,3063,1596,163,54,47831,24364,0.7235490433858828,2095,1100,20952,23902,13825,7414,9900,15932,48314,35751,0,0,5388,3944,16593,2916,9428,1275,1396,0,0,6526,42725,1493,8095,0,0,0,0,0
721,1558,722.3141800459533,99778,3163,1630,163,55,48507,24722,0.7339193008478823,2188,1201,20628,23747,14155,7660,9701,15705,48316,35755,0,0,5306,3891,16456,2980,9644,1325,1466,0,0,6912,42316,1465,8017,0,0,0,0,0
722,1558,723.3035111131912,99777,3240,1675,164,55,49031,25008,0.7420447598143861,2261,1222,20390,23635,14399,7853,9544,15558,48318,35759,0,0,5251,3844,16366,3023,9807,1366,1512,0,0,7204,42000,1447,7957,0,0,0,0,0
723,1558,724.301982838738,99776,3348,1712,165,55,49615,25296,0.7507917735728031,2257,1279,20160,23520,14667,8035,9401,15397,48320,35763,0,0,5184,3801,16261,3073,9994,1400,1566,0,0,7507,41669,1428,7893,0,0,0,0,0
724,1558,725.3098702845369,99774,3383,1801,166,56,50156,25633,0.759606711167238,2339,1287,19911,23405,14949,8216,9250,15233,48322,35766,0,0,5109,3758,16138,3124,10176,1444,1627,0,0,7818,41340,1406,7834,0,0,0,0,0
725,1558,726.3280083912623,99772,3479,1841,167,57,50741,25944,0.7686024135027864,2452,1347,19624,23263,15191,8418,9085,15072,48324,35769,0,0,5040,3715,16015,3157,10402,1487,1683,0,0,8091,41035,1391,7756,0,0,0,0,0
726,1558,727.0130765114093,99770,3582,1877,168,58,51164,26163,0.7750526210283653,2468,1364,19436,23201,15358,8545,8986,14953,48326,35772,0,0,4977,3679,15942,3199,10513,1522,1738,0,0,8279,40829,1380,7712,0,0,0,0,0
727,1558,728.050270336027,99768,3736,1953,169,59,51814,26510,0.7850613423141689,2544,1390,19123,23060,15607,8744,8819,14792,48328,35775,0,0,4897,3636,15836,3240,10692,1578,1805,0,0,8569,40506,1364,7645,0,0,0,0,0
728,1558,729.1011009558797,99767,3848,2062,170,59,52504,26893,0.7958242705503824,2573,1394,18823,22937,15937,8929,8647,14617,48330,35778,0,0,4832,3576,15701,3288,10927,1641,1853,0,0,8858,40178,1347,7566,0,0,0,0,0
729,1558,730.1657911415108,99766,3945,2101,171,59,53197,27233,0.8061864763546699,2609,1486,18546,22794,16271,9138,8456,14420,48332,35781,0,0,4753,3518,15560,3355,11171,1695,1909,0,0,9166,39820,1324,7495,0,0,0,0,0
730,1558,731.2436768691538,99766,3992,2190,171,59,53899,27654,0.8174428161898843,2696,1516,18233,22636,16659,9370,8247,14227,48334,35784,0,0,4670,3451,15399,3413,11465,1760,1977,0,0,9495,39442,1305,7389,0,0,0,0,0
731,1558,732.3366699635283,99763,4058,2298,173,60,54617,28096,0.829094955043453,2721,1519,17966,22477,17016,9602,8064,14042,48336,35787,0,0,4579,3389,15260,3474,11703,1834,2051,0,0,9845,39034,1282,7312,0,0,0,0,0
732,1558,733.0735569323936,99763,4162,2360,173,60,55131,28375,0.8370437937912854,2802,1556,17750,22369,17192,9745,7919,13908,48338,35790,0,0,4536,3358,15158,3498,11885,1880,2087,0,0,10061,38779,1264,7257,0,0,0,0,0
733,1558,734.1910094433778,99763,4239,2422,173,60,55872,28807,0.8488016599340437,2910,1595,17418,22212,17507,10011,7751,13698,48340,35793,0,0,4464,3290,14989,3574,12141,1966,2143,0,0,10422,38358,1240,7176,0,0,0,0,0
734,1558,735.3171266856042,99761,4442,2503,173,62,56711,29289,0.8620603241747777,2871,1600,17155,22029,17791,10305,7566,13499,48342,35796,0,0,4371,3232,14816,3633,12399,2051,2220,0,0,10790,37935,1220,7094,0,0,0,0,0
735,1558,736.058109351813,99760,4539,2536,173,63,57277,29592,0.870779871692061,2873,1617,16960,21917,18007,10495,7446,13370,48344,35799,0,0,4308,3188,14714,3657,12591,2106,2274,0,0,11055,37629,1208,7030,0,0,0,0,0
736,1558,737.1503353383326,99758,4589,2554,174,64,58044,30005,0.8826259548106418,2908,1700,16647,21740,18401,10772,7279,13168,48346,35802,0,0,4232,3121,14551,3714,12878,2189,2330,0,0,11456,37162,1186,6939,0,0,0,0,0
737,1558,738.2183287780088,99758,4714,2602,174,64,58837,30442,0.8949557930191062,2897,1723,16360,21590,18752,11055,7101,12964,48348,35805,0,0,4158,3055,14396,3762,13146,2290,2383,0,0,11792,36747,1176,6853,0,0,0,0,0
738,1558,739.2638776197883,99754,4807,2663,175,67,59626,30903,0.9075225053631935,2901,1731,16073,21435,19108,11326,6934,12776,48350,35808,0,0,4094,2995,14228,3815,13478,2366,2426,0,0,12144,36305,1154,6749,0,0,0,0,0
739,1558,740.287505399751,99753,4867,2699,175,68,60354,31328,0.9190901526771125,2949,1789,15789,21247,19437,11586,6781,12609,48352,35811,0,0,4029,2938,14077,3860,13755,2450,2470,0,0,12519,35866,1132,6657,0,0,0,0,0
740,1558,741.2917824332924,99753,4891,2770,175,68,61048,31769,0.9304682565937866,3053,1832,15495,21087,19759,11821,6625,12420,48354,35814,0,0,3961,2884,13925,3915,14049,2525,2516,0,0,12859,35436,1113,6570,0,0,0,0,0
741,1558,742.2770871713196,99749,4895,2872,178,69,61780,32257,0.9427362680327622,3063,1801,15217,20930,20149,12095,6496,12231,48356,35817,0,0,3883,2829,13767,3945,14343,2612,2567,0,0,13239,34974,1095,6495,0,0,0,0,0
742,1558,743.2431483130267,99747,4906,2905,180,69,62489,32694,0.9542442379219425,3142,1824,14946,20759,20484,12377,6340,12064,48358,35820,0,0,3798,2773,13629,4002,14607,2708,2618,0,0,13600,34526,1078,6408,0,0,0,0,0
743,1558,744.191802951613,99743,4896,2989,183,70,63177,33129,0.965541441504667,3167,1848,14719,20597,20840,12602,6193,11892,48360,35823,0,0,3728,2721,13459,4047,14902,2796,2665,0,0,13923,34125,1046,6331,0,0,0,0,0
744,1558,745.1234896954754,99741,4962,3016,185,70,63893,33552,0.9769803791820816,3131,1859,14517,20441,21144,12864,6059,11748,48362,35826,0,0,3668,2674,13310,4104,15141,2909,2695,0,0,14242,33713,1023,6262,0,0,0,0,0
745,1558,746.0411680049867,99738,5018,3055,187,71,64611,33975,0.9884497383143837,3080,1878,14323,20290,21445,13134,5945,11570,48364,35829,0,0,3591,2618,13143,4170,15408,2998,2743,0,0,14560,33307,998,6202,0,0,0,0,0
746,1558,747.243205746947,99731,5063,3142,191,74,65515,34541,1.0032587660807573,3061,1883,14041,20095,21855,13437,5787,11367,48366,35832,0,0,3508,2551,12957,4220,15761,3124,2785,0,0,14957,32801,976,6091,0,0,0,0,0
747,1558,748.1290684797638,99726,5099,3157,194,76,66195,34974,1.0144696468323207,3107,1903,13777,19912,22158,13714,5663,11236,48368,35835,0,0,3424,2506,12806,4259,16054,3214,2839,0,0,15246,32400,957,6021,0,0,0,0,0
748,1558,749.0016999114304,99725,5151,3193,194,77,66845,35410,1.025369766858862,3102,1870,13580,19787,22416,13963,5555,11108,48370,35838,0,0,3365,2452,12667,4303,16308,3306,2873,0,0,15552,31995,946,5958,0,0,0,0,0
749,1558,750.1486797491937,99724,5175,3189,195,77,67678,35949,1.0391380209377883,3148,1912,13351,19574,22734,14321,5395,10925,48372,35841,0,0,3265,2399,12468,4339,16693,3436,2939,0,0,15907,31512,918,5848,0,0,0,0,0
750,1558,751.2780738937431,99718,5163,3193,199,79,68486,36495,1.0527788363184178,3176,1896,13152,19415,23079,14670,5229,10745,48374,35844,0,0,3182,2342,12297,4371,17034,3583,2983,0,0,16280,30994,901,5751,0,0,0,0,0
751,1558,752.1139756179573,99717,5167,3229,199,80,69114,36926,1.063409448739934,3162,1906,12986,19248,23358,14918,5126,10617,48376,35847,0,0,3118,2295,12154,4402,17325,3678,3020,0,0,16537,30626,880,5682,0,0,0,0,0
752,1558,753.2128818478033,99714,5283,3198,201,81,70015,37408,1.0773111097739536,3116,1924,12706,19091,23694,15252,4998,10452,48378,35850,0,0,3038,2251,11962,4420,17702,3813,3069,0,0,16860,30165,859,5575,0,0,0,0,0
753,1558,754.0266450502005,99712,5338,3191,202,82,70696,37793,1.0880235077021823,3055,1926,12532,18990,23962,15493,4909,10316,48380,35852,0,0,2979,2205,11843,4455,17955,3927,3091,0,0,17106,29794,849,5508,0,0,0,0,0
754,1558,755.0974881276053,99709,5362,3215,203,84,71542,38288,1.101505380657714,3013,1939,12316,18844,24308,15774,4796,10142,48382,35854,0,0,2897,2145,11671,4508,18254,4099,3128,0,0,17390,29362,838,5417,0,0,0,0,0
755,1558,756.1530563383815,99706,5411,3207,205,85,72359,38791,1.1147774456903297,3024,1970,12083,18668,24597,16090,4678,9978,48384,35856,0,0,2836,2097,11488,4531,18604,4256,3165,0,0,17667,28913,817,5332,0,0,0,0,0
756,1558,757.1943079849336,99705,5399,3279,205,86,73178,39320,1.1283085101048091,2982,1938,11891,18513,24975,16350,4546,9832,48386,35858,0,0,2763,2041,11296,4590,18935,4405,3194,0,0,17982,28465,791,5243,0,0,0,0,0
757,1558,758.2212840979502,99699,5428,3286,207,90,73994,39776,1.1411348157955445,2949,1962,11704,18358,25273,16622,4437,9680,48388,35860,0,0,2688,1986,11152,4608,19225,4566,3238,0,0,18252,28033,781,5170,0,0,0,0,0
758,1558,759.2353774400253,99698,5382,3329,207,91,74729,40285,1.1536239443118217,2973,1913,11515,18216,25599,16903,4322,9546,48390,35862,0,0,2617,1930,11005,4657,19479,4733,3269,0,0,18576,27578,759,5095,0,0,0,0,0
759,1558,760.2378193595674,99697,5417,3341,208,91,75499,40769,1.166213627290691,2966,1927,11324,18049,25877,17187,4206,9403,48392,35864,0,0,2558,1888,10850,4684,19810,4880,3281,0,0,18816,27175,743,5012,0,0,0,0,0
760,1558,761.2284606006054,99695,5369,3376,209,92,76201,41243,1.1780330006519886,3029,1900,11149,17920,26150,17444,4092,9266,48394,35866,0,0,2498,1843,10693,4714,20112,5030,3296,0,0,19084,26763,728,4934,0,0,0,0,0
761,1558,762.2085033531459,99695,5342,3393,209,92,76967,41698,1.1902803550830032,3030,1902,10964,17771,26456,17683,3997,9157,48396,35868,0,0,2444,1797,10527,4723,20445,5192,3324,0,0,19314,26357,709,4863,0,0,0,0,0
762,1558,763.1775409459682,99690,5352,3390,213,93,77720,42151,1.2024375564249172,2966,1907,10805,17630,26741,17958,3921,9020,48398,35870,0,0,2375,1746,10387,4754,20722,5354,3355,0,0,19564,25950,689,4794,0,0,0,0,0
763,1558,764.1370935435898,99687,5351,3367,215,94,78414,42610,1.2140399450279376,2995,1948,10638,17493,26962,18236,3837,8860,48400,35872,0,0,2329,1707,10227,4777,21044,5506,3362,0,0,19785,25557,674,4719,0,0,0,0,0
764,1558,765.0882612499481,99685,5406,3375,217,94,79180,43063,1.2262928223905303,2938,1962,10511,17368,27184,18474,3742,8725,48401,35874,0,0,2272,1661,10087,4807,21336,5672,3383,0,0,19962,25202,653,4650,0,0,0,0,0
765,1558,766.0314775309927,99683,5269,3347,219,94,79824,43500,1.2371618029152414,2983,1961,10414,17215,27461,18760,3652,8621,48402,35876,0,0,2216,1624,9937,4822,21670,5834,3391,0,0,20183,24792,638,4576,0,0,0,0,0
766,1558,767.1994108480383,99679,5192,3269,223,94,80642,44026,1.2506947300835682,2929,1984,10297,17046,27808,19145,3549,8460,48403,35878,0,0,2143,1578,9748,4855,22014,6067,3408,0,0,20414,24340,624,4488,0,0,0,0,0
767,1558,768.1249474413039,99677,5250,3263,224,95,81337,44457,1.2620163126899886,2903,1947,10162,16958,27993,19393,3466,8342,48404,35880,0,0,2095,1552,9609,4864,22291,6224,3412,0,0,20583,24015,611,4421,0,0,0,0,0
768,1558,769.0443488510831,99676,5226,3331,225,95,82010,44912,1.273345639873189,2814,1916,10086,16870,28247,19576,3400,8210,48405,35882,0,0,2038,1523,9476,4868,22531,6405,3436,0,0,20739,23690,602,4368,0,0,0,0,0
769,1558,770.1837270204336,99675,5192,3343,226,95,82833,45450,1.287012791572611,2761,1872,9990,16743,28529,19876,3300,8069,48406,35884,0,0,1968,1486,9325,4873,22830,6639,3458,0,0,20944,23270,586,4296,0,0,0,0,0
770,1558,771.0883562049365,99670,5113,3335,228,98,83433,45861,1.297220828734825,2720,1858,9897,16650,28791,20094,3249,7963,48407,35886,0,0,1924,1448,9196,4898,23082,6829,3458,0,0,21054,22972,573,4236,0,0,0,0,0
771,1558,772.2094228201557,99668,5031,3369,230,98,84178,46396,1.310089497130473,2694,1809,9760,16540,29118,20346,3165,7836,48408,35888,0,0,1872,1408,9035,4920,23391,7040,3459,0,0,21258,22564,557,4164,0,0,0,0,0
772,1558,773.0988154749787,99667,4930,3337,230,99,84746,46784,1.319694582961261,2707,1797,9679,16456,29357,20578,3095,7731,48409,35890,0,0,1822,1363,8918,4938,23625,7220,3468,0,0,21409,22245,545,4114,0,0,0,0,0
773,1558,774.2022259317091,99666,4888,3308,230,100,85456,47299,1.331998876246664,2643,1760,9601,16337,29609,20875,3027,7618,48410,35892,0,0,1763,1335,8796,4925,23925,7441,3487,0,0,21574,21865,530,4025,0,0,0,0,0
774,1558,775.0797633676048,99664,4869,3255,231,101,86044,47684,1.3417884090544228,2593,1724,9553,16281,29778,21128,2974,7509,48411,35894,0,0,1715,1309,8687,4945,24154,7614,3492,0,0,21714,21549,521,3964,0,0,0,0,0
775,1558,776.171207380649,99657,4773,3220,236,103,86715,48157,1.3533620317689676,2608,1716,9465,16177,30014,21392,2902,7390,48412,35896,0,0,1666,1275,8541,4953,24409,7861,3496,0,0,21867,21196,508,3885,0,0,0,0,0
776,1558,777.039201666251,99654,4762,3147,238,104,87293,48517,1.3628153410801374,2539,1712,9395,16128,30213,21618,2851,7289,48413,35898,0,0,1630,1251,8437,4953,24608,8059,3499,0,0,21994,20891,497,3835,0,0,0,0,0
777,1558,778.1184060465382,99649,4727,3082,241,106,87931,48939,1.3735210589167979,2538,1700,9324,16041,30383,21884,2785,7185,48414,35900,0,0,1597,1222,8305,4956,24876,8262,3485,0,0,22121,20560,485,3780,0,0,0,0,0
778,1558,779.1929087021667,99648,4722,3024,242,106,88626,49393,1.3850654303147079,2484,1664,9272,15978,30555,22142,2723,7084,48415,35902,0,0,1569,1185,8190,4984,25131,8477,3459,0,0,22247,20215,466,3725,0,0,0,0,0
779,1558,780.048893601645,99647,4651,3029,243,106,89141,49753,1.393860326954148,2454,1609,9204,15931,30768,22310,2678,7013,48416,35904,0,0,1541,1167,8091,4983,25357,8647,3451,0,0,22323,19966,457,3664,0,0,0,0,0
780,1558,781.1130420620525,99641,4557,2989,247,108,89749,50173,1.4042612980600355,2441,1614,9156,15857,30981,22527,2616,6903,48417,35906,0,0,1508,1140,7973,4988,25611,8855,3444,0,0,22449,19629,441,3603,0,0,0,0,0
781,1558,782.1711818189781,99637,4472,2949,250,109,90392,50597,1.4150265463632987,2375,1597,9091,15760,31242,22771,2568,6812,48418,35908,0,0,1465,1113,7853,4989,25818,9109,3442,0,0,22546,19325,429,3548,0,0,0,0,0
782,1558,783.0133508497463,99634,4459,2923,253,109,90913,50939,1.4237308549290404,2320,1549,9033,15690,31410,22983,2523,6744,48419,35910,0,0,1433,1093,7762,4991,25990,9295,3436,0,0,22618,19097,420,3499,0,0,0,0,0
783,1558,784.0610423965458,99631,4373,2922,256,109,91516,51340,1.4338509098573737,2261,1493,8999,15632,31625,23178,2484,6664,48420,35912,0,0,1391,1063,7643,5013,26214,9508,3424,0,0,22686,18837,409,3443,0,0,0,0,0
784,1558,785.1044774394202,99630,4296,2882,257,109,92074,51743,1.4435109906654622,2246,1431,8963,15595,31790,23402,2446,6579,48421,35914,0,0,1359,1044,7551,5008,26399,9740,3418,0,0,22784,18541,400,3386,0,0,0,0,0
785,1558,786.1448027506087,99629,4307,2810,258,109,92680,52086,1.4530508185367714,2175,1431,8951,15536,31899,23608,2408,6504,48422,35916,0,0,1334,1025,7440,5020,26589,9951,3403,0,0,22853,18281,392,3341,0,0,0,0,0
786,1558,787.1827643324232,99625,4245,2768,261,110,93236,52450,1.4623437892095357,2145,1444,8906,15476,32083,23764,2358,6436,48423,35918,0,0,1307,994,7340,5048,26763,10171,3380,0,0,22930,18025,383,3284,0,0,0,0,0
787,1558,788.0098805120933,99623,4219,2718,262,111,93675,52726,1.4695502042700983,2095,1465,8868,15439,32224,23889,2330,6376,48424,35920,0,0,1287,976,7274,5041,26880,10355,3372,0,0,22988,17824,374,3252,0,0,0,0,0
788,1558,789.0397294800872,99622,4128,2690,262,112,94210,53082,1.478508763124611,2102,1467,8828,15392,32387,24049,2291,6288,48425,35922,0,0,1259,959,7165,5036,27062,10595,3364,0,0,23016,17600,366,3200,0,0,0,0,0
789,1558,790.06552463254,99620,4003,2669,264,112,94712,53444,1.4872114033326642,2091,1471,8818,15364,32573,24180,2249,6202,48426,35924,0,0,1225,937,7059,5031,27297,10791,3354,0,0,23050,17365,358,3153,0,0,0,0,0
790,1558,791.0876765428741,99618,3965,2660,264,114,95238,53833,1.49642634865185,2023,1405,8775,15333,32755,24356,2216,6130,48427,35926,0,0,1202,915,6960,5025,27480,11016,3344,0,0,23054,17160,348,3114,0,0,0,0,0
791,1558,792.1064742009081,99617,3942,2628,265,114,95764,54202,1.5054257807402351,2016,1354,8745,15309,32853,24537,2177,6056,48428,35928,0,0,1172,900,6881,5022,27665,11225,3342,0,0,23061,16945,341,3063,0,0,0,0,0
792,1558,793.1229091107609,99615,3908,2612,265,116,96286,54562,1.5143100938613663,1979,1322,8711,15285,33005,24675,2130,5988,48429,35930,0,0,1152,874,6804,5026,27814,11436,3326,0,0,23112,16715,332,3024,0,0,0,0,0
793,1558,794.1360934867065,99613,3791,2546,267,116,96755,54898,1.5224217722586408,1986,1284,8688,15251,33169,24871,2097,5930,48430,35932,0,0,1122,851,6715,5021,28011,11641,3319,0,0,23146,16479,324,2984,0,0,0,0,0
794,1558,795.1467544918034,99612,3753,2524,267,117,97257,55233,1.5308396578725454,1913,1242,8687,15225,33327,25026,2051,5864,48431,35934,0,0,1104,841,6628,4997,28173,11859,3314,0,0,23144,16288,318,2946,0,0,0,0,0
795,1558,796.1544201536593,99612,3714,2466,267,117,97737,55547,1.538810585070072,1885,1261,8698,15188,33421,25173,2013,5793,48432,35936,0,0,1086,825,6558,4993,28299,12074,3296,0,0,23176,16083,312,2910,0,0,0,0,0
796,1558,797.1600791599722,99610,3648,2406,267,119,98230,55841,1.5467422949503062,1829,1284,8693,15154,33584,25312,1977,5723,48433,35938,0,0,1066,801,6491,5011,28446,12286,3268,0,0,23186,15878,307,2870,0,0,0,0,0
797,1558,798.1631147711685,99609,3555,2350,267,120,98678,56153,1.5543876557339196,1817,1251,8700,15143,33712,25478,1947,5656,48434,35940,0,0,1045,786,6417,4983,28585,12505,3257,0,0,23222,15675,301,2833,0,0,0,0,0
798,1558,799.1647002093871,99602,3546,2283,271,123,99124,56464,1.5620971466436417,1811,1234,8710,15129,33740,25627,1920,5602,48435,35942,0,0,1025,772,6351,4983,28722,12688,3243,0,0,23259,15469,294,2796,0,0,0,0,0
799,1558,800.1655891829512,99600,3525,2274,272,124,99575,56770,1.5697289156626506,1755,1233,8718,15095,33842,25732,1886,5540,48436,35944,0,0,1005,758,6293,4969,28889,12845,3240,0,0,23280,15273,285,2763,0,0,0,0,0
800,1558,801.1644922637348,99600,3525,2302,272,124,100042,57105,1.577781124497992,1700,1205,8709,15053,33936,25851,1856,5463,48437,35946,0,0,979,752,6228,4941,29013,13030,3236,0,0,23299,15113,281,2728,0,0,0,0,0
801,1558,802.1613313072926,99599,3453,2257,273,124,100458,57377,1.584704665709495,1695,1185,8715,15066,34040,25961,1822,5405,48438,35948,0,0,961,735,6184,4925,29094,13246,3231,0,0,23317,14940,274,2692,0,0,0,0,0
802,1558,803.1564133475591,99599,3383,2212,273,124,100883,57635,1.5915621642787579,1661,1201,8698,15048,34177,26066,1806,5347,48439,35950,0,0,946,717,6132,4919,29205,13459,3215,0,0,23287,14795,268,2656,0,0,0,0,0
803,1558,804.1491741770963,99597,3315,2218,275,124,101298,57919,1.5986124080042572,1643,1186,8710,15055,34271,26128,1784,5287,48440,35952,0,0,931,699,6061,4923,29349,13618,3191,0,0,23320,14632,261,2612,0,0,0,0,0
804,1558,805.1405201283741,99595,3247,2242,277,124,101696,58232,1.6057834228625936,1605,1103,8754,15063,34359,26228,1756,5238,48441,35954,0,0,918,684,6004,4921,29462,13804,3168,0,0,23309,14489,255,2581,0,0,0,0,0
805,1558,806.130794926294,99595,3212,2182,277,124,102104,58503,1.6126010341884633,1595,1082,8740,15073,34450,26364,1724,5173,48442,35956,0,0,903,668,5938,4908,29602,13981,3153,0,0,23319,14320,252,2551,0,0,0,0,0
806,1558,807.1196165593582,99594,3125,2131,278,124,102498,58770,1.6192541719380686,1565,1070,8757,15065,34569,26475,1704,5133,48443,35957,0,0,879,664,5883,4890,29698,14201,3146,0,0,23296,14168,247,2522,0,0,0,0,0
807,1558,808.1071240810775,99594,3089,2115,278,124,102903,59035,1.6259814848284033,1521,1035,8782,15067,34649,26569,1679,5088,48444,35958,0,0,863,653,5832,4882,29799,14391,3129,0,0,23276,14030,244,2495,0,0,0,0,0
808,1558,809.0934108654379,99593,3013,2071,279,124,103264,59289,1.6321729438815982,1500,1014,8807,15064,34747,26684,1652,5041,48445,35959,0,0,846,643,5767,4858,29947,14569,3122,0,0,23233,13891,242,2475,0,0,0,0,0
809,1558,810.0789241582095,99592,2950,2014,279,125,103601,59526,1.6379528476182825,1511,1015,8827,15062,34803,26800,1628,4982,48446,35960,0,0,832,631,5720,4852,30007,14760,3112,0,0,23250,13739,238,2451,0,0,0,0,0
810,1558,811.0638608248748,99590,2844,1983,280,126,103940,59790,1.64404056632192,1524,1004,8876,15067,34866,26884,1608,4934,48447,35961,0,0,824,622,5664,4840,30101,14959,3085,0,0,23225,13606,233,2431,0,0,0,0,0
811,1558,812.0483313720416,99590,2768,1939,280,126,104296,60030,1.6500251029219801,1487,997,8927,15085,34948,26967,1588,4884,48448,35962,0,0,816,608,5611,4822,30201,15161,3068,0,0,23186,13486,232,2399,0,0,0,0,0
812,1558,813.0322914703116,99586,2727,1930,282,128,104645,60305,1.6563573193019099,1464,935,8953,15127,35012,27044,1560,4834,48449,35963,0,0,801,599,5557,4810,30352,15314,3055,0,0,23142,13356,226,2374,0,0,0,0,0
813,1558,814.0157127322981,99586,2650,1905,282,128,104976,60530,1.6619404333942522,1447,937,8978,15151,35100,27088,1541,4789,48450,35964,0,0,791,589,5521,4797,30439,15489,3041,0,0,23116,13235,221,2347,0,0,0,0,0
814,1558,815.1946276453157,99585,2621,1899,283,128,105376,60799,1.6686750012552092,1402,926,9022,15169,35149,27155,1521,4721,48451,35965,0,0,782,581,5473,4780,30539,15673,3022,0,0,23091,13100,214,2330,0,0,0,0,0
815,1558,816.1768085525586,99585,2615,1874,283,128,105714,61028,1.674368629813727,1366,910,9063,15193,35170,27220,1501,4673,48452,35966,0,0,769,574,5433,4764,30643,15814,3012,0,0,23076,12988,211,2301,0,0,0,0,0
816,1558,817.1589880122847,99584,2576,1843,284,128,106027,61264,1.6798983772493574,1361,873,9091,15211,35207,27311,1479,4632,48453,35967,0,0,761,563,5393,4750,30710,15991,2996,0,0,23056,12878,206,2280,0,0,0,0,0
817,1558,818.1412235022901,99584,2578,1764,284,128,106378,61461,1.6854012692802056,1302,887,9113,15237,35249,27386,1472,4596,48454,35968,0,0,753,551,5343,4748,30810,16148,2979,0,0,23029,12762,204,2257,0,0,0,0,0
818,1558,819.1233920064385,99583,2542,1737,284,129,106689,61679,1.6907303455409055,1278,873,9166,15252,35274,27452,1454,4555,48455,35969,0,0,744,545,5305,4746,30886,16298,2959,0,0,23018,12633,204,2245,0,0,0,0,0
819,1558,820.1057089809157,99581,2451,1722,286,129,106956,61886,1.6955242465932256,1284,864,9203,15278,35333,27489,1441,4516,48456,35970,0,0,728,534,5261,4743,30942,16457,2952,0,0,23002,12536,201,2225,0,0,0,0,0
820,1558,821.0878385307793,99581,2411,1675,286,129,107272,62107,1.7009168415661622,1251,833,9235,15304,35389,27577,1426,4480,48457,35971,0,0,718,528,5216,4731,31043,16613,2938,0,0,22977,12416,198,2203,0,0,0,0,0
821,1558,822.0696637523824,99579,2397,1688,288,129,107585,62322,1.7062533265045843,1200,796,9283,15345,35420,27585,1410,4455,48458,35972,0,0,711,519,5181,4720,31085,16771,2927,0,0,22959,12331,194,2181,0,0,0,0,0
822,1558,823.0517473141937,99579,2360,1668,288,129,107893,62518,1.7113146346117154,1172,788,9313,15378,35468,27610,1397,4425,48459,35973,0,0,704,511,5148,4698,31151,16932,2917,0,0,22930,12236,191,2161,0,0,0,0,0
823,1558,824.0334684284214,99579,2335,1646,288,129,108200,62718,1.7164060695528174,1118,782,9369,15400,35501,27661,1387,4380,48460,35974,0,0,696,507,5118,4688,31216,17085,2897,0,0,22904,12134,188,2146,0,0,0,0,0
824,1558,825.0154719006316,99578,2287,1594,289,129,108475,62900,1.7210126734820945,1074,768,9453,15463,35517,27697,1378,4347,48461,35975,0,0,683,505,5083,4665,31284,17242,2892,0,0,22874,12036,186,2128,0,0,0,0,0
825,1558,826.1950083698196,99577,2201,1534,290,129,108786,63111,1.7262721311146147,1059,791,9526,15507,35560,27733,1362,4304,48462,35976,0,0,676,496,5039,4662,31329,17441,2875,0,0,22857,11911,182,2109,0,0,0,0,0
826,1558,827.1785712006414,99576,2147,1498,291,129,109035,63311,1.7307985860046597,1053,759,9600,15541,35561,27794,1346,4277,48463,35977,0,0,666,487,5003,4660,31381,17597,2863,0,0,22822,11822,178,2097,0,0,0,0,0
827,1558,828.1628358558119,99575,2067,1496,292,129,109268,63504,1.7350941501380868,1081,721,9649,15593,35580,27823,1329,4236,48464,35978,0,0,657,483,4980,4645,31403,17754,2850,0,0,22810,11731,177,2085,0,0,0,0,0
828,1558,829.1474708948514,99575,2007,1470,292,129,109518,63685,1.7394225458197339,1061,689,9700,15634,35618,27876,1320,4200,48465,35979,0,0,653,478,4944,4632,31492,17880,2840,0,0,22780,11645,172,2059,0,0,0,0,0
829,1558,830.1326027419541,99575,1996,1411,292,129,109797,63835,1.743730856138589,1030,694,9730,15704,35645,27896,1305,4164,48466,35980,0,0,647,473,4911,4632,31549,18012,2825,0,0,22765,11553,168,2040,0,0,0,0,0
830,1558,831.1177926288052,99574,1921,1388,293,129,110027,64009,1.7478056520778515,1019,668,9782,15753,35695,27922,1288,4138,48467,35981,0,0,643,469,4882,4627,31610,18151,2807,0,0,22714,11479,165,2027,0,0,0,0,0
831,1558,832.103345008147,99573,1926,1385,294,129,110277,64196,1.752211945005172,1001,649,9858,15772,35643,27958,1276,4105,48468,35982,0,0,637,462,4861,4619,31647,18279,2796,0,0,22684,11406,164,2018,0,0,0,0,0
832,1558,833.0904773216995,99573,1948,1333,294,129,110528,64345,1.7562290982495254,955,639,9946,15815,35593,28000,1262,4082,48469,35983,0,0,631,459,4835,4604,31670,18418,2785,0,0,22662,11342,163,2004,0,0,0,0,0
833,1558,834.0795114178276,99573,1939,1296,294,129,110761,64500,1.7601257368965482,923,651,9990,15852,35596,28026,1256,4044,48470,35984,0,0,623,454,4796,4599,31716,18541,2778,0,0,22653,11265,160,1988,0,0,0,0,0
834,1558,835.0692283948373,99573,1924,1282,294,129,110996,64659,1.7640826328422363,907,646,10041,15875,35589,28053,1243,4013,48471,35985,0,0,619,450,4763,4583,31768,18659,2767,0,0,22633,11199,159,1973,0,0,0,0,0
835,1558,836.0596989974562,99572,1872,1264,295,129,111218,64815,1.7678965974370304,891,637,10108,15923,35607,28057,1225,3988,48472,35986,0,0,617,448,4733,4580,31816,18786,2742,0,0,22606,11128,157,1959,0,0,0,0,0
836,1558,837.050402371846,99571,1823,1251,296,129,111431,64980,1.7717106386397645,889,616,10158,15952,35626,28085,1206,3965,48473,35987,0,0,610,445,4704,4579,31855,18914,2732,0,0,22571,11058,156,1947,0,0,0,0,0
837,1558,838.0412482693488,99571,1799,1207,296,129,111661,65117,1.7753964507738196,835,627,10220,15982,35652,28129,1196,3924,48474,35988,0,0,603,442,4677,4569,31889,19040,2724,0,0,22555,10986,154,1932,0,0,0,0,0
838,1558,839.0329716886745,99571,1779,1187,296,129,111888,65277,1.7792831246045535,809,605,10271,16038,35652,28144,1191,3895,48475,35989,0,0,599,438,4649,4554,31941,19164,2709,0,0,22517,10928,154,1918,0,0,0,0,0
839,1558,840.0255887401698,99571,1723,1119,296,129,112076,65399,1.7823964809030741,827,598,10331,16097,35640,28182,1181,3873,48476,35990,1,1,591,433,4625,4555,31970,19304,2702,0,0,22463,10875,152,1901,0,0,0,0,0
840,1558,841.0194008654748,99571,1660,1124,296,129,112274,65563,1.7860320776129597,806,540,10403,16181,35655,28178,1178,3846,48477,35991,2,2,585,430,4602,4548,32018,19421,2691,0,0,22417,10819,148,1891,0,1,0,0,0
841,1558,842.0141786407077,99570,1615,1090,297,129,112473,65698,1.7894044390880788,770,521,10482,16236,35658,28194,1176,3828,48478,35992,3,3,581,424,4575,4530,32068,19541,2687,0,0,22389,10749,146,1878,0,2,0,0,0
842,1558,843.0101341568192,99570,1574,1071,297,129,112668,65838,1.7927689062970775,742,491,10555,16294,35660,28202,1170,3811,48479,35993,4,4,575,421,4538,4521,32106,19652,2678,0,0,22365,10695,143,1872,0,3,1,0,0
843,1558,844.0072232929336,99570,1545,1034,297,129,112858,65961,1.7959124234207091,733,478,10602,16346,35660,28221,1161,3790,48480,35994,5,5,569,419,4513,4517,32113,19785,2677,0,0,22327,10638,142,1865,0,4,1,0,0
844,1558,845.0052485453493,99570,1488,981,297,129,113032,66075,1.798804860901878,729,487,10689,16387,35645,28245,1150,3769,48481,35995,6,6,565,414,4479,4509,32138,19911,2667,0,0,22294,10587,139,1860,0,6,1,0,0
845,1558,846.0048679006736,99570,1473,963,297,129,113218,66199,1.8019182484684142,715,480,10787,16439,35585,28239,1141,3748,48482,35996,7,7,563,414,4455,4482,32187,20009,2656,0,0,22271,10535,139,1851,0,7,1,0,0
846,1558,847.0064221661017,99569,1412,927,297,130,113383,66311,1.804718336028282,728,478,10854,16506,35572,28240,1135,3717,48483,35997,8,8,558,411,4433,4474,32199,20138,2643,0,0,22245,10477,139,1843,1,7,1,0,0
847,1558,848.0094857855613,99568,1380,904,298,130,113535,66429,1.807448176120842,738,467,10933,16583,35521,28216,1128,3698,48484,35998,9,9,555,408,4411,4467,32233,20233,2633,0,0,22222,10429,139,1829,1,7,1,0,0
848,1558,849.0141964914493,99567,1369,891,298,131,113707,66538,1.8102885494189842,723,462,11009,16640,35477,28196,1122,3678,48485,35999,10,10,553,406,4393,4459,32253,20333,2621,0,0,22183,10394,139,1825,1,7,0,0,0
849,1558,850.020594450676,99566,1350,864,299,131,113890,66651,1.8132796336098669,688,438,11103,16716,35443,28189,1115,3660,48486,36000,11,11,551,404,4374,4448,32274,20436,2607,0,0,22173,10336,138,1816,1,8,0,0,0
850,1558,851.028696607581,99565,1311,872,299,132,114065,66770,1.816250690503691,658,431,11170,16778,35452,28146,1108,3639,48487,36001,12,12,547,401,4362,4430,32298,20534,2600,0,0,22155,10286,137,1805,1,9,0,0,0
851,1558,852.0375633714967,99564,1291,862,299,133,114229,66875,1.8189707123056527,627,424,11253,16855,35424,28104,1104,3620,48488,36002,14,14,542,395,4343,4421,32324,20624,2592,0,0,22124,10252,137,1799,1,10,0,0,0
852,1558,853.048387403054,99563,1275,842,300,133,114382,66977,1.8215501742615228,632,405,11351,16941,35344,28068,1096,3609,48489,36003,16,16,538,391,4327,4408,32342,20715,2586,0,0,22112,10205,137,1789,1,11,0,0,1
853,1558,854.0616823601595,99562,1244,823,301,133,114535,67073,1.8240694240774593,626,391,11439,17014,35297,28039,1091,3598,48490,36004,19,18,530,389,4309,4398,32369,20803,2584,0,0,22080,10169,135,1781,1,11,0,0,3
854,1558,855.076858207629,99562,1254,792,301,133,114706,67169,1.8267511701251482,606,389,11507,17071,35243,28030,1087,3583,48491,36005,23,21,529,389,4295,4402,32371,20899,2570,0,0,22056,10128,132,1773,1,13,1,0,3
855,1558,856.093916275391,99561,1235,798,302,133,114850,67275,1.8292805415775253,589,362,11586,17137,35200,27996,1086,3572,48492,36006,28,25,525,386,4276,4400,32395,20976,2559,0,0,22036,10091,131,1766,1,15,1,0,3
856,1558,857.1130003784704,99560,1212,772,303,133,115002,67356,1.8316392125351546,583,374,11678,17200,35137,27958,1085,3561,48493,36007,34,30,524,384,4266,4391,32403,21064,2545,0,0,22020,10047,131,1760,1,18,1,0,5
857,1558,858.1340681617827,99560,1186,778,303,133,115157,67461,1.834250703093612,561,364,11767,17276,35097,27900,1084,3547,48494,36008,42,36,518,382,4250,4374,32394,21172,2545,0,0,21996,10016,131,1753,1,20,2,0,6
858,1558,859.1572635173429,99560,1187,749,303,133,115307,67554,1.8366914423463239,541,354,11863,17323,35020,27899,1084,3540,48495,36009,51,43,517,377,4236,4367,32406,21261,2537,0,0,21972,9969,131,1751,1,21,4,0,10
859,1558,860.1828184052938,99559,1157,741,303,134,115459,67642,1.839120521499814,526,374,11952,17380,34970,27839,1090,3530,48496,36010,63,51,517,375,4226,4358,32398,21366,2531,0,0,21934,9933,130,1745,1,28,4,0,13
860,1558,861.0047968423037,99558,1141,726,304,134,115558,67717,1.8408867192993028,529,370,12006,17426,34923,27818,1095,3524,48497,36011,77,61,514,373,4207,4359,32407,21431,2523,0,0,21920,9900,130,1738,2,30,8,0,16
861,1558,862.0339077490012,99557,1134,709,304,135,115696,67818,1.8433058448928754,516,347,12061,17492,34888,27796,1095,3519,48498,36012,94,73,513,373,4192,4345,32417,21529,2518,0,0,21873,9869,130,1729,3,38,8,0,20
862,1558,863.0645045848247,99556,1086,706,304,136,115840,67907,1.845664751496645,505,351,12135,17543,34863,27735,1105,3527,48499,36013,115,87,509,371,4175,4332,32410,21634,2516,0,0,21844,9833,130,1719,3,43,12,0,25
863,1558,864.0967340558543,99555,1049,687,305,136,115963,67989,1.8477424539199439,503,362,12210,17593,34813,27689,1118,3531,48500,36014,140,103,508,370,4158,4334,32384,21742,2502,0,0,21822,9791,128,1716,3,51,15,0,31
864,1558,865.1309283910018,99554,1020,660,305,137,116093,68067,1.8498503324828737,484,367,12270,17659,34786,27637,1133,3538,48501,36015,170,122,504,370,4141,4325,32369,21847,2495,0,0,21787,9758,128,1711,3,65,18,0,33
865,1558,866.1671744312727,99554,1007,662,305,137,116216,68161,1.852030054041023,483,358,12370,17704,34687,27581,1146,3556,48502,36016,206,143,501,369,4127,4310,32381,21928,2489,0,0,21756,9716,128,1701,4,82,21,0,41
866,1558,867.206120596138,99554,960,675,305,137,116326,68263,1.8541595516001366,508,345,12429,17746,34630,27517,1166,3578,48503,36017,248,168,498,365,4114,4306,32366,22027,2483,0,0,21718,9676,128,1694,6,103,23,0,47
867,1558,868.0387448877111,99553,950,657,306,137,116425,68323,1.8557753156610046,515,345,12484,17797,34554,27464,1189,3598,48504,36018,297,196,496,362,4100,4305,32354,22106,2479,0,0,21681,9639,126,1685,8,124,30,0,58
868,1558,869.0823404086337,99553,950,642,306,137,116565,68413,1.8580856428234207,494,341,12561,17840,34473,27401,1214,3637,48505,36019,354,228,495,360,4082,4298,32349,22202,2470,0,0,21645,9590,125,1677,10,149,36,0,65
869,1558,870.1287497403848,99552,938,643,307,137,116701,68510,1.860444792671167,451,310,12656,17880,34406,27338,1240,3690,48506,36020,420,265,490,358,4063,4287,32339,22303,2467,0,0,21606,9540,124,1668,13,176,39,0,79
870,1558,871.177940696161,99551,909,643,307,138,116825,68608,1.862693493787104,416,281,12740,17952,34349,27241,1277,3743,48507,36021,496,307,489,354,4049,4274,32335,22409,2464,0,0,21544,9488,123,1653,17,212,44,0,96
871,1558,872.0194278217758,99551,911,622,307,138,116927,68663,1.8642705748812167,401,280,12820,17985,34241,27165,1318,3808,48508,36022,583,354,487,354,4040,4271,32286,22522,2458,0,0,21486,9449,123,1648,19,252,47,0,109
872,1558,873.0748052287089,99551,879,607,307,138,117030,68733,1.8660083776154937,396,289,12887,18024,34168,27056,1361,3884,48509,36023,682,407,485,351,4024,4271,32253,22637,2451,0,0,21430,9396,123,1640,20,298,50,0,122
873,1558,874.1329356466107,99551,847,606,307,138,117133,68805,1.867766270554791,396,288,12977,18052,34061,26946,1410,3968,48510,36024,794,466,482,349,3995,4267,32238,22736,2447,0,0,21356,9357,122,1631,24,341,64,0,142
874,1558,875.1948612668047,99551,818,593,307,138,117226,68881,1.8694638928790268,402,280,13053,18073,33951,26851,1467,4063,48511,36025,921,532,481,342,3973,4266,32174,22871,2440,0,0,21309,9298,122,1617,29,380,77,0,172
875,1558,876.047128767803,99550,791,571,308,138,117306,68936,1.8708387744851833,389,286,13100,18087,33873,26741,1537,4175,48512,36026,1063,605,480,342,3951,4265,32116,22989,2435,0,0,21241,9239,122,1611,32,434,88,0,205
876,1558,877.1160353145483,99550,782,544,308,138,117432,69002,1.8727674535409342,352,290,13151,18113,33795,26613,1610,4300,48513,36027,1222,686,475,340,3928,4256,32075,23111,2431,0,0,21172,9161,122,1602,38,497,100,0,242
877,1558,878.1882513097897,99549,755,530,309,138,117532,69074,1.8745140584033992,359,278,13231,18147,33658,26460,1686,4445,48514,36028,1399,775,469,338,3902,4252,31982,23279,2432,0,0,21075,9109,122,1588,39,578,114,0,270
878,1558,879.0494106234707,99548,725,520,310,138,117609,69142,1.8759894724153172,341,256,13291,18127,33557,26338,1774,4619,48515,36029,1596,873,468,337,3877,4250,31881,23444,2424,0,0,20984,9040,122,1582,41,658,128,0,312
879,1558,880.1303008791,99548,684,511,310,138,117692,69212,1.8775264194157593,337,256,13382,18118,33414,26171,1871,4804,48516,36030,1813,980,463,336,3855,4237,31772,23626,2420,0,0,20884,8986,122,1568,47,743,141,0,348
880,1558,881.216519509399,99548,696,498,310,138,117795,69283,1.8792743199260658,325,235,13461,18107,33229,26017,1977,5003,48517,36031,2052,1097,462,336,3820,4226,31667,23803,2417,0,0,20789,8908,122,1556,54,824,164,0,400
881,1558,882.0898475769461,99546,684,484,311,139,117873,69324,1.880507504068471,309,236,13470,18089,33129,25825,2095,5225,48518,36032,2314,1224,460,334,3790,4219,31541,23980,2415,0,0,20664,8845,122,1544,63,942,185,0,442
882,1558,883.1860618884272,99546,680,472,311,139,117972,69385,1.8821148011974365,283,219,13521,18076,32982,25617,2221,5475,48519,36033,2600,1362,460,334,3755,4211,31406,24179,2407,0,0,20532,8768,122,1534,69,1062,210,0,497
883,1558,884.0668721102761,99545,671,466,312,139,118037,69443,1.8833693304535637,290,208,13546,18030,32820,25412,2359,5743,48520,36034,2911,1511,460,333,3715,4207,31267,24365,2403,0,0,20411,8680,122,1517,83,1182,243,0,557
884,1558,885.1737432958206,99544,657,437,312,140,118118,69498,1.8847544804307643,272,210,13605,18005,32650,25179,2502,6027,48521,36035,3248,1671,458,333,3689,4197,31098,24601,2401,0,0,20247,8598,122,1503,93,1326,258,0,620
885,1558,886.0640432820951,99543,643,428,312,141,118179,69542,1.8858282350341058,283,205,13639,17920,32459,24955,2662,6349,48522,36036,3611,1844,454,333,3654,4196,30936,24803,2400,0,0,20082,8517,122,1489,106,1478,286,0,687
886,1558,887.1839279351894,99543,609,422,312,141,118253,69609,1.8872447083170087,290,177,13697,17877,32261,24697,2829,6684,48523,36037,4001,2029,454,332,3616,4182,30768,25043,2396,0,0,19902,8418,122,1472,117,1643,315,0,763
887,1558,888.0854097660161,99543,606,404,312,141,118323,69648,1.8883397124860613,282,177,13729,17814,32061,24411,3008,7051,48524,36038,4418,2227,452,332,3578,4175,30580,25287,2392,0,0,19731,8339,122,1454,132,1798,347,0,824
888,1558,889.2198704893493,99543,560,384,312,141,118395,69693,1.8895150839335764,278,188,13768,17747,31878,24110,3202,7428,48525,36039,4862,2438,449,329,3532,4170,30389,25547,2389,0,0,19521,8248,121,1442,141,1988,382,0,895
889,1558,890.132975213329,99543,553,376,312,141,118453,69728,1.8904493535457039,278,184,13782,17645,31661,23818,3412,7834,48526,36040,5333,2662,448,329,3485,4161,30183,25794,2387,0,0,19338,8120,121,1426,155,2164,424,0,1008
890,1558,891.0522979797053,99543,555,370,312,141,118526,69766,1.891564449534372,255,186,13800,17515,31442,23505,3634,8281,48527,36041,5831,2899,446,328,3435,4160,29947,26076,2384,0,0,19121,8028,120,1404,170,2365,467,0,1092
891,1558,892.2101237859872,99543,538,353,312,141,118600,69809,1.8927398209818873,251,166,13841,17398,31210,23194,3846,8746,48528,36042,6355,3150,444,328,3385,4156,29720,26365,2378,0,0,18906,7909,119,1388,184,2568,504,0,1189
892,1558,893.1435391745532,99543,521,343,312,141,118660,69852,1.8937745496920928,242,159,13866,17257,30971,22876,4086,9222,48529,36043,6904,3414,442,327,3337,4150,29440,26692,2375,0,0,18683,7799,119,1378,192,2782,543,0,1284
893,1558,894.084359362301,99543,501,334,312,141,118710,69886,1.89461840611595,241,154,13877,17127,30729,22534,4338,9708,48530,36044,7476,3691,441,327,3297,4144,29180,26987,2375,0,0,18453,7652,119,1354,213,3012,580,0,1409
894,1558,895.0327358729534,99543,470,328,312,141,118758,69915,1.8953919411711522,227,158,13879,16994,30505,22154,4605,10223,48531,36045,8071,3982,439,326,3252,4147,28906,27300,2367,0,0,18192,7534,118,1330,234,3264,621,0,1513
895,1558,896.2289523514927,99543,472,291,312,141,118831,69955,1.896527128979436,218,145,13923,16873,30185,21785,4888,10763,48532,36046,8687,4286,438,326,3204,4133,28627,27645,2366,0,0,17919,7409,117,1315,246,3522,662,0,1614
896,1558,897.1952904665051,99543,450,280,312,141,118879,69988,1.8973408476738696,215,137,13918,16706,29927,21414,5176,11320,48533,36047,9322,4602,435,326,3155,4131,28327,27981,2362,0,0,17670,7269,117,1293,266,3765,708,0,1738
897,1558,898.1702625904084,99543,422,281,312,141,118925,70025,1.8981746581879189,214,139,13905,16522,29671,21031,5474,11884,48534,36048,9973,4931,435,326,3093,4130,28001,28343,2357,0,0,17398,7138,117,1270,287,4026,762,0,1860
898,1558,899.1540218238271,99543,408,279,312,141,118965,70057,1.898897963694082,207,130,13898,16351,29387,20624,5786,12473,48535,36049,10639,5271,432,326,3024,4126,27689,28692,2356,0,0,17088,7026,117,1246,310,4320,827,0,1964
899,1558,900.1474886881502,99543,396,278,312,141,118996,70075,1.8993902132746652,240,155,13951,16426,29337,20561,5762,12437,48535,36049,10639,5271,432,325,3022,4122,27692,28713,2354,0,0,17082,7020,117,1243,310,4320,827,0,1964
900,1558,900.1474886881502,99543,393,269,312,141,119010,70078,1.8995609937413982,238,155,13870,16153,29083,20211,6102,13069,48535,36049,11317,5623,432,325,2973,4125,27358,29056,2350,0,2,16820,6872,117,1224,329,4575,875,0,2110
901,1558,901.1509206199669,99543,391,279,312,141,119070,70126,1.900645952000643,241,143,13861,15960,28766,19803,6427,13672,48535,36049,12005,5985,431,325,2921,4117,27031,29426,2348,1,14,16495,6736,117,1205,346,4872,924,0,2234
902,1558,902.1654188466682,99543,396,266,312,141,119123,70152,1.9014395788754608,235,158,13832,15779,28461,19377,6762,14277,48535,36049,12701,6357,430,325,2869,4111,26669,29822,2346,2,26,16180,6613,117,1192,356,5167,973,2,2343
903,1558,903.1908075450083,99543,407,257,312,141,119187,70187,1.9024341239464353,247,160,13810,15608,28113,18957,7109,14875,48535,36049,13402,6738,428,325,2813,4106,26320,30214,2343,4,39,15872,6476,117,1165,381,5449,1022,3,2466
904,1558,904.2283894636986,99543,416,266,312,141,119250,70230,1.9034989903860644,257,150,13797,15428,27764,18521,7452,15492,48535,36049,14105,7128,427,323,2754,4105,25967,30596,2340,5,44,15561,6350,117,1149,394,5742,1079,4,2586
905,1558,905.0153148567107,99543,411,263,312,141,119300,70258,1.9042825713510745,253,153,13713,15234,27502,18109,7807,16098,48535,36049,14808,7525,424,323,2691,4100,25642,30959,2333,8,48,15245,6209,117,1127,413,6041,1136,6,2721
906,1558,906.076374403482,99543,405,257,312,141,119357,70295,1.9052268868730096,247,146,13689,15062,27179,17707,8166,16685,48535,36049,15508,7929,423,322,2641,4099,25285,31349,2326,9,54,14938,6075,116,1092,448,6330,1181,11,2844
907,1558,907.1496570371444,99543,416,255,312,141,119428,70334,1.90633193695187,236,147,13646,14884,26858,17300,8530,17271,48535,36049,16204,8338,422,322,2592,4095,24936,31739,2322,10,66,14626,5932,116,1074,465,6616,1224,12,2974
908,1558,908.2359559686112,99543,394,254,312,141,119466,70374,1.9071155179168802,259,142,13625,14687,26506,16921,8902,17853,48535,36049,16893,8752,422,321,2540,4094,24577,32128,2319,10,78,14300,5805,116,1047,491,6921,1273,15,3086
909,1558,909.0600948950926,99543,397,262,312,141,119520,70407,1.9079895120701607,241,131,13547,14496,26218,16526,9283,18442,48535,36049,17573,9170,421,321,2472,4085,24242,32495,2315,11,81,13997,5692,116,1024,512,7211,1337,21,3190
910,1558,910.1728477061323,99543,397,258,312,141,119579,70454,1.9090543785097898,248,120,13507,14297,25887,16179,9647,19003,48535,36049,18242,9590,421,321,2421,4077,23901,32884,2313,11,96,13690,5554,116,996,537,7486,1385,24,3310
911,1558,911.0171189926889,99543,425,248,312,141,119639,70475,1.9098680972042232,244,117,13450,14112,25550,15816,10017,19564,48535,36049,18898,10012,419,320,2374,4077,23563,33240,2308,13,102,13410,5425,116,974,557,7756,1432,30,3427
912,1558,912.1587238615924,99543,438,240,312,141,119720,70516,1.9110936982007776,224,117,13400,13957,25228,15463,10396,20080,48535,36049,19540,10435,417,320,2327,4073,23220,33620,2304,15,112,13106,5297,116,951,578,8039,1473,36,3539
913,1558,913.0248786541398,99543,425,231,312,141,119768,70540,1.9118170037069406,226,108,13331,13785,24924,15132,10780,20601,48535,36049,20167,10858,417,320,2272,4074,22907,33968,2297,15,116,12814,5179,116,931,595,8311,1522,38,3651
914,1558,914.1953680146952,99543,413,231,312,141,119827,70575,1.912761319228876,226,100,13298,13641,24600,14794,11149,21091,48535,36049,20778,11280,414,320,2232,4066,22547,34369,2294,18,124,12530,5070,116,913,612,8569,1559,40,3750
915,1558,915.0840716800391,99543,405,236,312,141,119873,70604,1.9135147624644626,225,107,13249,13484,24288,14456,11519,21574,48535,36049,21372,11699,414,319,2187,4068,22203,34741,2289,18,124,12274,4949,114,895,628,8809,1600,48,3863
916,1558,916.2856509482256,99543,401,239,312,141,119932,70639,1.914459077986398,240,125,13230,13339,23946,14135,11869,22019,48535,36049,21948,12116,413,318,2134,4068,21870,35102,2285,19,130,12019,4850,114,878,643,9046,1650,56,3948
917,1558,917.1982420771996,99542,401,232,313,141,119982,70665,1.9152418074782505,231,141,13195,13192,23632,13829,12226,22463,48535,36049,22505,12529,411,317,2081,4066,21548,35448,2283,21,133,11777,4740,114,852,669,9271,1700,63,4048
918,1558,918.1230376749714,99542,410,235,313,141,120038,70694,1.9160957183902272,207,139,13149,13078,23337,13522,12582,22883,48535,36049,23043,12937,410,317,2039,4066,21218,35801,2278,22,137,11521,4654,114,836,683,9511,1742,65,4128
919,1558,919.0596481361737,99542,411,230,313,141,120086,70726,1.9168993992485583,204,132,13102,12963,23048,13254,12920,23278,48535,36049,23562,13340,409,317,1995,4058,20914,36143,2277,23,142,11246,4551,114,822,697,9761,1782,68,4223
920,1558,920.0081177449202,99542,406,248,313,141,120136,70771,1.9178537702678267,208,128,13095,12860,22718,12960,13258,23661,48535,36049,24062,13738,408,317,1950,4053,20611,36479,2272,24,146,11013,4462,114,810,709,9978,1820,71,4305
921,1558,921.2920966249693,99542,407,251,313,141,120210,70818,1.9190693375660526,210,127,13092,12763,22403,12709,13573,24007,48535,36049,24542,14129,408,316,1915,4054,20325,36808,2262,24,158,10788,4364,114,790,728,10176,1850,76,4386
922,1558,922.2678103105125,99542,406,243,313,141,120263,70852,1.9199433404994877,219,120,13089,12674,22077,12470,13894,24350,48535,36049,25003,14513,407,316,1872,4044,20039,37132,2261,25,165,10580,4277,114,775,741,10363,1889,80,4462
923,1558,923.2575711447909,99540,397,243,315,141,120318,70883,1.9208458910990556,211,128,13047,12564,21814,12238,14214,24684,48535,36049,25445,14890,407,315,1835,4036,19766,37444,2259,25,162,10355,4206,114,757,757,10565,1921,91,4525
924,1558,924.2599921589386,99540,374,249,315,141,120357,70917,1.9215792646172394,227,117,13040,12496,21521,12007,14521,24988,48535,36049,25868,15259,406,315,1795,4030,19500,37738,2255,26,162,10174,4123,114,736,776,10734,1957,101,4598
925,1558,925.2755718543203,99540,380,246,315,141,120412,70951,1.9224733775366687,214,112,13041,12442,21229,11785,14819,25272,48535,36049,26273,15620,405,315,1766,4032,19230,38034,2251,27,164,9981,4044,113,721,789,10908,1984,109,4667
926,1558,926.3051895027818,99540,368,248,315,141,120458,70987,1.923297166968053,228,100,13013,12403,20969,11562,15105,25544,48535,36049,26660,15973,405,315,1745,4028,18976,38327,2247,27,165,9794,3981,113,699,807,11072,2002,113,4724
927,1558,927.3482825807604,99540,377,228,315,141,120522,71006,1.9241310026120153,207,107,12979,12361,20732,11370,15388,25791,48535,36049,27029,16317,404,314,1712,4030,18748,38583,2241,28,172,9606,3901,113,690,815,11243,2030,115,4795
928,1558,928.0506021671318,99540,378,227,315,141,120560,71023,1.9246835443037975,212,114,12926,12299,20497,11171,15670,26046,48535,36049,27381,16652,404,313,1682,4029,18517,38829,2239,28,168,9453,3823,113,681,823,11391,2056,124,4867
929,1558,929.1180717364703,99540,396,243,315,141,120632,71065,1.9258288125376732,197,105,12929,12280,20249,10983,15912,26246,48535,36049,27717,16978,403,313,1648,4024,18280,39093,2235,29,174,9300,3748,113,665,836,11530,2089,131,4929
930,1558,930.1983083120841,99540,400,234,315,141,120698,71093,1.926773156519992,184,113,12900,12240,20032,10809,16167,26461,48535,36049,28037,17295,402,312,1623,4021,18069,39336,2229,30,179,9120,3681,113,656,841,11697,2109,141,4981
931,1558,931.2906403868534,99540,385,230,315,141,120741,71131,1.9275868997387984,192,95,12936,12239,19776,10655,16394,26638,48535,36049,28342,17603,401,312,1591,4018,17864,39578,2223,31,182,8981,3619,113,646,848,11816,2136,150,5031
932,1558,932.0266183291013,99540,381,232,315,141,120770,71151,1.9280791641551136,204,90,12888,12198,19577,10504,16633,26833,48535,36049,28632,17901,401,312,1569,4017,17672,39794,2220,31,179,8841,3565,113,634,859,11942,2154,156,5081
933,1558,933.1446489536297,99540,382,232,315,141,120832,71181,1.9290034157122764,209,98,12879,12204,19381,10347,16832,26976,48535,36049,28908,18190,398,311,1537,4018,17524,39970,2213,34,185,8673,3495,113,624,869,12094,2181,160,5141
934,1558,934.2743822284299,99540,380,228,315,141,120892,71209,1.9298874824191279,205,94,12908,12197,19146,10222,17044,27116,48535,36049,29170,18470,397,311,1515,4015,17339,40184,2207,35,191,8548,3441,113,611,882,12202,2200,165,5184
935,1558,935.0348103979946,99540,375,220,315,141,120935,71230,1.930530440024111,192,96,12895,12198,18971,10090,17250,27253,48535,36049,29419,18741,396,310,1498,4012,17163,40385,2205,36,193,8424,3394,113,605,887,12311,2214,171,5223
936,1558,936.1892678273576,99539,357,214,315,142,120987,71260,1.9313736324455741,198,85,12918,12231,18781,9967,17429,27359,48535,36049,29656,19003,392,309,1476,4007,16996,40591,2202,40,197,8296,3342,113,596,895,12413,2233,176,5265
937,1558,937.3555458583373,99539,354,198,315,142,121043,71286,1.9321974301530054,200,93,12952,12260,18569,9853,17608,27452,48535,36049,29881,19256,390,309,1451,4001,16841,40789,2198,42,203,8171,3294,113,590,898,12517,2249,182,5301
938,1558,938.1403149467322,99539,359,196,315,142,121088,71306,1.9328504405308473,186,94,12954,12266,18393,9734,17791,27566,48535,36049,30095,19501,390,309,1432,3995,16688,40964,2196,42,205,8054,3257,113,586,900,12625,2265,187,5331
939,1558,939.3315077110167,99539,364,189,315,142,121148,71334,1.93373451611931,167,88,12978,12330,18223,9620,17951,27629,48535,36049,30298,19737,389,309,1412,3995,16536,41143,2189,43,207,7944,3221,113,581,904,12718,2283,193,5359
940,1558,940.1322388243825,99538,347,186,316,142,121174,71349,1.9341658462094877,180,93,12968,12327,18061,9513,18126,27737,48535,36049,30491,19965,387,309,1396,3989,16387,41312,2187,45,210,7832,3189,113,576,907,12820,2298,197,5384
941,1558,941.343502956713,99538,340,172,316,142,121233,71369,1.9349595129498283,163,103,13028,12337,17904,9436,18247,27808,48535,36049,30674,20184,386,309,1377,3989,16255,41474,2180,46,213,7735,3147,113,570,910,12900,2314,204,5416
942,1558,942.1506663846668,99538,320,174,316,142,121259,71393,1.9354618336715625,167,95,13019,12338,17775,9345,18401,27904,48535,36049,30848,20395,386,309,1364,3987,16129,41621,2177,46,220,7636,3107,111,562,918,12988,2324,207,5446
943,1558,943.3498956226101,99538,312,162,316,142,121318,71417,1.9362956860696416,140,98,13050,12398,17649,9248,18531,27950,48535,36049,31013,20599,383,307,1350,3986,16016,41770,2172,49,224,7540,3069,111,555,924,13061,2334,219,5468
944,1558,944.1449620144849,99538,296,157,316,142,121337,71438,1.9366975426470292,151,99,13041,12428,17524,9169,18670,28003,48535,36049,31169,20795,383,306,1337,3988,15908,41903,2167,49,220,7452,3037,111,546,930,13134,2344,227,5496
945,1558,945.3273505896304,99538,295,154,316,142,121385,71468,1.937481162972935,137,94,13108,12491,17373,9096,18769,28021,48535,36049,31318,20984,382,305,1322,3984,15799,42039,2166,50,221,7366,2997,111,539,936,13204,2355,235,5527
946,1558,946.1122054841549,99538,287,148,316,142,121409,71484,1.9378830195503225,139,95,13135,12530,17233,9019,18888,28064,48535,36049,31459,21166,381,305,1304,3979,15701,42158,2166,51,221,7287,2973,111,533,940,13271,2371,239,5547
947,1558,947.2809100699703,99538,273,155,316,142,121447,71514,1.9385661757318813,140,79,13192,12586,17097,8956,18980,28080,48535,36049,31593,21341,381,304,1284,3981,15592,42293,2159,51,224,7221,2942,111,531,942,13323,2385,245,5569
948,1558,948.056946736633,99538,260,160,316,142,121469,71530,1.9389479394803995,143,81,13237,12609,16962,8887,19080,28119,48535,36049,31720,21509,381,304,1275,3975,15476,42427,2157,51,224,7168,2920,111,527,944,13371,2391,251,5585
949,1558,949.213540295535,99537,264,161,316,143,121517,71553,1.9396807217416638,124,86,13296,12679,16831,8823,19167,28106,48535,36049,31841,21670,380,303,1265,3976,15389,42537,2152,52,225,7099,2890,111,520,948,13428,2398,255,5609
950,1558,950.3652003781307,99537,259,163,316,143,121558,71580,1.9403638847865619,109,80,13352,12753,16722,8753,19240,28106,48535,36049,31956,21825,380,303,1256,3978,15310,42634,2148,52,228,7030,2861,110,514,953,13488,2402,264,5626
951,1558,951.1305877108488,99537,251,150,316,143,121580,71590,1.9406853732782785,107,87,13367,12768,16624,8710,19333,28140,48535,36049,32065,21974,379,302,1247,3979,15241,42726,2145,53,231,6961,2837,110,509,955,13543,2409,269,5641
952,1558,952.2727080184042,99537,239,146,316,143,121614,71614,1.941268071169515,110,74,13445,12873,16512,8649,19376,28113,48535,36049,32168,22117,379,302,1236,3978,15153,42842,2140,53,229,6907,2817,110,501,960,13580,2418,278,5654
953,1558,953.0327626655812,99537,229,146,316,143,121639,71631,1.941690024814893,115,73,13482,12934,16412,8583,19444,28119,48535,36049,32266,22255,378,302,1222,3975,15067,42946,2137,54,232,6864,2793,110,495,966,13613,2430,283,5670
954,1558,954.1680150321191,99537,224,134,316,143,121669,71649,1.942172257552468,123,65,13555,13005,16286,8540,19494,28111,48535,36049,32359,22387,377,302,1211,3972,14994,43039,2135,55,234,6815,2769,110,490,970,13650,2439,290,5685
955,1558,955.3005579165718,99537,233,127,316,143,121710,71667,1.9427650019590705,115,61,13626,13087,16178,8490,19530,28090,48535,36049,32448,22514,377,301,1199,3973,14914,43139,2132,55,234,6766,2755,110,487,972,13688,2446,296,5693
956,1558,956.0543649580234,99537,224,128,316,143,121730,71684,1.943136723027618,113,54,13650,13131,16104,8452,19591,28090,48535,36049,32532,22636,377,300,1193,3972,14834,43234,2129,55,235,6719,2736,110,481,977,13727,2451,304,5703
957,1558,957.1816800437408,99537,215,121,316,143,121749,71695,1.9434381184886023,127,62,13724,13213,15993,8396,19623,28063,48535,36049,32612,22753,377,300,1184,3971,14773,43310,2126,55,235,6679,2715,110,477,980,13757,2460,312,5716
958,1558,958.3068050777164,99537,221,123,316,143,121789,71715,1.9440409094105708,112,65,13815,13310,15882,8341,19652,28016,48535,36049,32688,22866,376,300,1177,3964,14708,43397,2125,56,235,6630,2701,110,475,981,13797,2464,315,5726
959,1558,959.0559008372811,99537,216,124,316,143,121810,71731,1.9444126304791183,105,63,13842,13379,15801,8293,19718,27996,48535,36049,32761,22974,376,300,1162,3967,14632,43486,2122,56,238,6589,2686,109,474,982,13828,2477,317,5736
960,1558,960.1757448461905,99537,213,115,316,143,121847,71748,1.9449551423088902,103,64,13917,13486,15713,8243,19736,27947,48535,36049,32830,23078,376,300,1155,3965,14581,43564,2119,56,238,6546,2669,109,468,986,13854,2481,326,5744
961,1558,961.294535255368,99537,211,110,316,143,121879,71768,1.9454775611079298,94,65,14001,13589,15628,8196,19748,27895,48535,36049,32896,23178,376,299,1149,3967,14514,43647,2116,56,239,6503,2656,109,464,988,13886,2486,332,5750
962,1558,962.0400004879066,99537,208,109,316,143,121899,71783,1.9458291891457449,109,58,14040,13645,15540,8158,19785,27885,48535,36049,32959,23274,376,299,1145,3960,14464,43712,2115,56,238,6469,2645,109,462,989,13915,2490,339,5754
963,1558,963.1556504240968,99537,202,116,316,143,121929,71801,1.9463114218833197,115,58,14094,13762,15464,8100,19807,27819,48535,36049,33019,23366,376,299,1137,3959,14399,43788,2114,56,241,6433,2630,109,460,990,13947,2494,343,5762
964,1558,964.2701642454629,99537,207,117,316,143,121960,71820,1.946813747651627,109,50,14179,13860,15366,8062,19821,27766,48535,36049,33076,23454,375,299,1132,3961,14326,43873,2111,57,241,6407,2616,109,457,991,13965,2499,346,5772
965,1558,965.0128052439591,99537,195,112,316,143,121973,71826,1.9470046314435838,114,54,14217,13929,15301,8026,19855,27734,48535,36049,33130,23539,374,299,1125,3961,14278,43928,2109,58,245,6373,2602,109,455,993,13995,2505,348,5780
966,1558,966.1246961906435,99537,208,100,316,143,122007,71833,1.9474165385735958,112,66,14300,14016,15210,7994,19852,27679,48535,36049,33182,23621,374,299,1122,3957,14221,43998,2109,58,247,6352,2592,109,455,993,14009,2506,353,5783
967,1558,967.2364617004034,99536,200,100,317,143,122035,71853,1.9479183411027166,106,61,14401,14123,15136,7958,19838,27613,48535,36049,33231,23699,374,299,1117,3957,14164,44071,2105,58,248,6329,2578,109,451,994,14024,2509,357,5792
968,1558,968.349104281125,99536,187,101,317,143,122061,71868,1.9483302523710015,106,54,14491,14217,15064,7923,19833,27560,48535,36049,33278,23774,373,299,1111,3952,14133,44121,2103,59,248,6301,2565,109,449,995,14041,2515,361,5801
969,1558,969.0912707906427,99536,193,103,317,143,122083,71880,1.9486718373251888,104,49,14531,14294,14999,7893,19854,27516,48535,36049,33323,23846,373,299,1101,3954,14094,44168,2101,59,247,6276,2560,108,445,997,14062,2524,363,5805
970,1558,970.2033219354629,99536,199,95,317,143,122109,71894,1.949073701977174,97,50,14635,14384,14913,7859,19837,27467,48535,36049,33366,23916,372,298,1096,3953,14043,44231,2100,60,250,6254,2550,108,443,998,14078,2527,365,5810
971,1558,971.3160283171383,99536,192,92,317,143,122137,71906,1.9494755666291592,88,48,14709,14480,14862,7822,19830,27413,48535,36049,33407,23983,372,298,1093,3952,14009,44282,2097,60,251,6222,2542,108,441,999,14099,2529,367,5815
972,1558,972.0582819435463,99536,184,91,317,143,122151,71915,1.9497066388040507,92,49,14751,14544,14803,7791,19851,27380,48535,36049,33446,24047,372,297,1084,3954,13973,44324,2095,60,251,6193,2533,108,441,999,14123,2538,372,5819
973,1558,973.1705651745947,99536,185,95,317,143,122176,71932,1.9501285966886353,94,49,14828,14663,14732,7749,19842,27299,48535,36049,33483,24109,372,296,1078,3951,13953,44363,2094,60,251,6169,2522,108,439,999,14141,2539,373,5828
974,1558,974.2833239534777,99536,182,100,317,143,122195,71949,1.950490274875422,104,48,14918,14788,14667,7707,19810,27212,48535,36049,33519,24168,372,296,1074,3950,13916,44407,2094,60,252,6149,2515,108,438,1000,14155,2543,374,5833
975,1558,975.0260641969845,99536,174,102,317,143,122209,71962,1.950761533515512,108,43,14980,14834,14612,7687,19807,27189,48535,36049,33553,24225,371,296,1071,3950,13880,44453,2091,61,252,6130,2507,108,437,1000,14169,2545,378,5837
976,1558,976.1404448449321,99536,168,102,317,143,122237,71975,1.9511734447837967,106,38,15073,14939,14553,7658,19781,27118,48535,36049,33585,24280,371,296,1068,3945,13855,44492,2091,61,254,6110,2501,108,437,1000,14181,2547,379,5840
977,1558,977.2565871248052,99536,168,99,317,143,122264,71985,1.951545169586883,112,46,15187,15041,14476,7622,19738,27047,48535,36049,33616,24333,371,296,1067,3941,13823,44539,2089,61,252,6097,2497,108,435,1000,14189,2546,383,5842
978,1558,978.0019818068804,99536,172,96,317,143,122282,71991,1.9517862883780743,117,46,15237,15114,14407,7597,19748,27002,48535,36049,33646,24384,371,296,1064,3943,13794,44578,2086,61,250,6080,2494,108,433,1001,14199,2548,385,5845
979,1558,979.1198367747947,99536,184,88,317,143,122315,71999,1.952198199646359,107,53,15330,15222,14340,7566,19720,26926,48535,36049,33674,24433,371,296,1061,3941,13769,44617,2085,61,250,6061,2485,108,433,1001,14210,2549,388,5850
980,1558,980.2390350052265,99536,189,88,317,143,122351,72015,1.9527206236939398,98,53,15425,15335,14283,7536,19686,26843,48535,36049,33701,24480,371,296,1060,3939,13744,44659,2082,61,252,6035,2478,108,431,1003,14226,2548,389,5854
981,1558,981.3601742379161,99536,192,82,317,143,122376,72027,1.9530923484970262,93,50,15522,15449,14218,7518,19656,26756,48535,36049,33727,24525,371,296,1057,3939,13719,44698,2077,61,253,6026,2470,108,431,1002,14231,2548,393,5856
982,1558,982.1084551018785,99536,196,80,317,143,122401,72036,1.9534339334512136,81,49,15578,15533,14168,7496,19658,26697,48535,36049,33752,24569,370,296,1056,3939,13690,44733,2076,62,256,6010,2465,108,431,1002,14242,2549,395,5856
983,1558,983.2313222479572,99536,181,78,317,143,122424,72047,1.953775518405401,75,45,15694,15654,14110,7462,19621,26616,48535,36049,33776,24611,370,295,1053,3937,13655,44788,2076,62,257,5992,2461,108,428,1003,14249,2548,397,5857
984,1558,984.3566026150454,99536,184,84,317,143,122449,72062,1.9541773830573863,71,43,15778,15777,14053,7432,19595,26519,48535,36049,33799,24651,370,294,1052,3938,13626,44826,2075,62,258,5980,2452,108,426,1004,14255,2548,398,5864
985,1558,985.1076887667231,99536,190,84,317,143,122464,72072,1.9544285484648771,71,38,15836,15871,13994,7410,19590,26452,48535,36049,33821,24690,370,294,1048,3939,13605,44851,2073,62,257,5972,2444,108,425,1005,14262,2550,403,5868
986,1558,986.2346001094962,99536,171,81,317,143,122478,72083,1.9546797138723677,77,36,15941,15987,13940,7387,19552,26364,48535,36049,33842,24728,370,294,1046,3940,13587,44882,2070,62,258,5958,2440,107,424,1005,14269,2550,409,5865
987,1558,987.3639901615744,99536,174,73,317,143,122509,72092,1.955081578524353,68,37,16048,16093,13890,7367,19501,26285,48535,36049,33862,24764,370,294,1045,3936,13573,44913,2069,62,257,5941,2436,107,423,1006,14277,2548,411,5868
988,1558,988.1184712873351,99536,172,73,317,143,122521,72097,1.9552523710014467,67,42,16098,16159,13845,7347,19499,26234,48535,36049,33881,24799,370,294,1041,3934,13554,44940,2069,62,256,5928,2434,107,422,1006,14287,2550,412,5870
989,1558,989.2510535718025,99536,150,72,317,143,122538,72109,1.955543722874136,70,45,16195,16263,13808,7321,19458,26154,48535,36049,33900,24833,370,294,1040,3934,13522,44983,2066,62,259,5916,2428,107,421,1007,14294,2548,415,5870
990,1558,990.007471767699,99536,139,75,317,143,122543,72119,1.9556944221186305,80,41,16263,16342,13763,7297,19436,26100,48535,36049,33918,24865,369,294,1037,3933,13498,45014,2065,63,257,5907,2427,107,420,1008,14299,2550,417,5871
991,1558,991.1439169641859,99536,132,72,317,143,122566,72129,1.9560259604565182,78,44,16372,16455,13727,7274,19372,26010,48535,36049,33935,24896,368,294,1031,3933,13486,45044,2064,64,257,5891,2424,106,418,1008,14305,2554,421,5868
992,1558,992.2839729740906,99536,130,73,317,143,122580,72139,1.9562670792477093,76,45,16490,16579,13671,7240,19314,25918,48535,36049,33951,24926,368,294,1030,3934,13474,45064,2062,64,259,5881,2421,106,416,1010,14310,2553,423,5867
993,1558,993.0459343881745,99536,133,72,317,143,122595,72147,1.956498151422601,76,47,16560,16640,13626,7227,19286,25869,48535,36049,33967,24955,368,294,1027,3932,13464,45082,2061,64,259,5870,2419,106,416,1010,14319,2553,423,5869
994,1558,994.1911212774685,99536,132,73,317,143,122615,72158,1.9568095965278893,63,50,16664,16752,13578,7199,19244,25781,48535,36049,33982,24983,368,293,1023,3930,13448,45107,2061,64,259,5863,2414,106,416,1010,14322,2555,428,5869
995,1558,995.3389837560028,99536,124,75,317,143,122632,72170,1.9571009484005786,61,48,16766,16837,13541,7176,19189,25719,48535,36049,33997,25010,367,292,1022,3929,13436,45130,2059,65,262,5852,2406,106,416,1009,14328,2555,428,5874
996,1558,996.1059315065884,99536,123,78,317,143,122643,72181,1.9573219739591705,60,43,16841,16897,13499,7155,19158,25682,48535,36049,34011,25036,367,292,1021,3930,13414,45155,2058,65,264,5847,2401,105,416,1009,14331,2556,431,5874
997,1558,997.2591343322396,99536,120,75,317,143,122663,72190,1.9576133258318598,60,42,16939,17012,13456,7126,19106,25600,48535,36049,34024,25061,364,292,1021,3923,13399,45185,2058,68,266,5838,2398,105,416,1009,14335,2554,430,5875
998,1558,998.0295676308507,99536,118,77,317,143,122674,72199,1.9578142581578524,64,39,16990,17093,13431,7108,19078,25538,48535,36049,34037,25085,364,292,1020,3922,13383,45205,2056,68,266,5831,2397,105,416,1009,14342,2554,432,5874
999,1558,999.1875832946525,99536,112,70,317,143,122683,72204,1.9579549107860472,72,47,17106,17197,13369,7086,19022,25455,48535,36049,34049,25108,363,291,1018,3921,13367,45230,2055,69,268,5823,2393,105,415,1009,14346,2555,434,5874
1000,1558,1000.348705476345,99536,110,71,317,143,122701,72216,1.9582563092750362,62,44,17206,17310,13324,7065,18979,25365,48535,36049,34061,25131,363,291,1014,3921,13361,45246,2054,69,268,5807,2391,105,415,1009,14355,2558,437,5872
1001,1558,1001.124330041784,99536,120,73,317,143,122722,72224,1.9585476611477255,56,41,17272,17377,13288,7048,18945,25316,48535,36049,34073,25153,363,291,1014,3920,13353,45260,2052,69,267,5799,2390,105,413,1011,14360,2558,440,5871
1002,1558,1002.2903222124235,99536,130,74,317,143,122747,72238,1.958939479183411,53,35,17375,17509,13239,7020,18884,25217,48535,36049,34084,25174,363,291,1013,3919,13342,45278,2050,69,268,5789,2388,105,413,1011,14366,2559,442,5870
1003,1558,1003.069866936499,99536,121,68,317,143,122754,72244,1.9590700851953062,55,34,17441,17587,13205,7008,18859,25158,48535,36049,34095,25194,363,291,1010,3915,13330,45297,2050,69,269,5783,2386,105,413,1011,14370,2561,445,5868
1004,1558,1004.2414326050255,99536,125,67,317,143,122775,72251,1.959351390451696,49,36,17554,17705,13157,6986,18796,25061,48535,36049,34105,25214,363,291,1009,3916,13322,45314,2048,69,269,5772,2384,105,413,1011,14374,2561,446,5869
1005,1558,1005.0245484904198,99536,115,66,317,143,122784,72259,1.9595221829287897,47,33,17636,17773,13124,6972,18759,25011,48535,36049,34115,25233,363,291,1007,3914,13319,45325,2047,69,271,5766,2382,105,412,1012,14378,2560,449,5866
1006,1558,1006.2024358380698,99536,110,63,317,143,122797,72268,1.9597432084873814,56,29,17721,17877,13082,6952,18712,24934,48535,36049,34125,25251,363,291,1007,3911,13307,45345,2047,69,275,5762,2376,105,411,1013,14378,2559,450,5867
1007,1558,1007.383348190615,99536,108,64,317,143,122813,72278,1.9600044205111717,55,29,17826,17993,13041,6917,18651,24852,48535,36049,34134,25269,362,291,1006,3908,13295,45365,2047,70,276,5756,2374,105,409,1015,14380,2559,450,5868
1008,1558,1008.1727755938333,99536,104,61,317,143,122821,72283,1.960135026523067,54,27,17892,18073,13019,6900,18612,24794,48535,36049,34143,25286,362,291,1006,3907,13288,45381,2046,70,276,5748,2372,105,407,1017,14381,2559,450,5870
1009,1558,1009.3598596045877,99536,110,64,317,143,122840,72292,1.9604163317794567,49,28,17985,18194,12980,6872,18557,24697,48535,36049,34152,25303,362,291,1004,3908,13273,45404,2044,70,276,5742,2372,105,406,1016,14383,2560,451,5869
1010,1558,1010.1532039076785,99536,106,61,317,143,122848,72295,1.9605268445587527,55,27,18044,18266,12950,6856,18526,24645,48535,36049,34160,25319,362,291,1003,3907,13260,45423,2044,70,279,5736,2367,105,406,1016,14384,2561,451,5871
1011,1558,1011.3457547621437,99536,104,61,317,143,122867,72304,1.9608081498151422,52,31,18145,18349,12905,6850,18475,24564,48535,36049,34168,25335,362,290,1002,3908,13244,45441,2043,70,279,5734,2363,105,406,1016,14386,2561,455,5871
1012,1558,1012.142774093018,99536,94,64,317,143,122878,72311,1.9609889889085357,51,30,18218,18429,12878,6830,18440,24502,48535,36049,34176,25350,361,290,1002,3908,13235,45457,2041,71,278,5728,2362,105,406,1015,14389,2561,456,5871
1013,1558,1013.341302863382,99536,97,63,317,143,122898,72320,1.961280340781225,43,31,18328,18533,12831,6808,18382,24420,48535,36049,34183,25365,360,289,1002,3907,13225,45474,2040,72,280,5721,2358,105,406,1015,14392,2561,459,5870
1014,1558,1014.142476772062,99536,101,60,317,143,122907,72330,1.9614712264909178,48,24,18411,18610,12789,6802,18332,24359,48535,36049,34190,25379,359,289,1001,3907,13221,45487,2039,73,280,5715,2356,105,405,1016,14391,2561,460,5871
1015,1558,1015.3429761561542,99536,90,57,317,143,122922,72338,1.9617022986658093,53,23,18512,18728,12744,6781,18282,24266,48535,36049,34197,25393,358,289,998,3909,13214,45505,2036,74,281,5712,2352,104,403,1016,14389,2562,464,5870
1016,1558,1016.1394941674748,99536,91,53,317,143,122930,72342,1.961822858061405,55,24,18583,18783,12713,6771,18239,24224,48535,36049,34204,25406,358,289,996,3909,13209,45519,2036,74,282,5710,2348,104,400,1017,14385,2563,465,5872
1017,1558,1017.3285433666413,99536,98,47,317,143,122947,72350,1.9620740234688956,49,20,18691,18882,12663,6762,18180,24144,48535,36049,34211,25419,358,289,995,3909,13200,45533,2036,74,284,5701,2345,104,400,1017,14389,2564,467,5871
1018,1558,1018.1173877773014,99536,93,46,317,143,122955,72352,1.962174489631892,52,28,18745,18959,12640,6739,18151,24083,48535,36049,34217,25432,358,289,995,3908,13195,45544,2035,74,283,5695,2344,104,398,1018,14394,2563,467,5872
1019,1558,1019.2959888256097,99536,98,43,317,143,122967,72360,1.9623754219578846,61,29,18853,19079,12587,6718,18082,23986,48535,36049,34223,25444,357,289,994,3906,13191,45555,2034,75,284,5689,2342,104,398,1018,14397,2563,468,5872
1020,1558,1020.0779584308723,99536,96,48,317,143,122978,72369,1.9625763542838772,65,25,18918,19182,12557,6697,18045,23903,48535,36049,34229,25456,356,289,993,3904,13184,45568,2034,76,285,5686,2339,104,397,1019,14397,2563,468,5874
1021,1558,1021.2457966943418,99536,99,47,317,143,122993,72373,1.96276723999357,70,30,19018,19298,12516,6666,17978,23814,48535,36049,34235,25467,355,289,992,3902,13182,45578,2034,76,286,5680,2336,104,397,1019,14398,2564,469,5875
1022,1558,1022.0206663231036,99536,105,46,317,143,123007,72380,1.9629782189358624,70,29,19085,19377,12481,6656,17940,23747,48535,36049,34241,25478,355,289,990,3900,13177,45591,2034,76,287,5677,2333,104,397,1019,14396,2565,471,5875
1023,1558,1023.1779547503301,99536,110,50,317,143,123028,72389,1.9632796174248512,68,23,19181,19487,12438,6633,17884,23662,48535,36049,34246,25489,353,289,989,3895,13176,45599,2034,78,289,5673,2330,104,397,1019,14399,2565,472,5875
1024,1558,1024.3294812493625,99536,109,50,317,143,123045,72395,1.9635106895997427,71,23,19272,19580,12411,6611,17818,23591,48535,36049,34251,25499,353,289,987,3894,13174,45615,2032,78,289,5667,2329,104,397,1019,14396,2565,472,5876
1025,1558,1025.0942923238044,99536,114,52,317,143,123062,72401,1.9637417617746342,64,23,19340,19640,12389,6600,17774,23540,48535,36049,34256,25509,353,288,987,3894,13166,45628,2032,78,288,5664,2329,104,397,1019,14396,2564,474,5875
1026,1558,1026.2363653850612,99536,113,46,317,143,123077,72405,1.9639326474843273,65,32,19426,19743,12353,6578,17724,23456,48535,36049,34261,25519,352,287,985,3896,13160,45639,2030,79,289,5661,2327,104,397,1019,14395,2566,476,5874
1027,1558,1027.3729866757353,99536,114,51,317,143,123100,72414,1.9642541392059154,61,36,19529,19857,12327,6555,17650,23356,48535,36049,34266,25529,352,287,985,3897,13150,45654,2028,79,290,5655,2325,104,396,1020,14398,2565,477,5874
1028,1558,1028.1274102919183,99536,118,60,317,143,123112,72426,1.9644952579971067,58,28,19595,19911,12293,6544,17617,23312,48535,36049,34271,25538,352,287,985,3896,13141,45666,2028,79,290,5652,2325,104,396,1020,14399,2565,478,5873
1029,1558,1029.2544838979231,99536,121,57,317,143,123131,72436,1.964786609869796,56,21,19704,20008,12259,6524,17541,23245,48535,36049,34275,25547,352,286,984,3895,13137,45679,2028,79,291,5646,2322,104,396,1020,14399,2565,482,5871
1030,1558,1030.0022659460278,99536,114,49,317,143,123136,72436,1.964836842951294,56,26,19770,20085,12239,6511,17502,23184,48535,36049,34279,25556,352,286,984,3896,13131,45690,2026,79,291,5644,2321,104,396,1020,14399,2564,484,5869
1031,1558,1031.1192160249093,99536,116,49,317,143,123154,72446,1.9651181482076836,51,26,19877,20189,12204,6491,17433,23100,48535,36049,34283,25564,352,286,984,3897,13125,45703,2025,79,291,5636,2320,104,395,1019,14403,2563,487,5867
1032,1558,1032.2304504198228,99536,115,50,317,143,123172,72452,1.9653592669988749,47,26,19980,20292,12175,6469,17364,23018,48535,36049,34287,25572,352,286,984,3894,13125,45713,2024,79,291,5630,2318,104,395,1019,14404,2563,488,5867
1033,1558,1033.3360903940572,99536,106,52,317,143,123183,72464,1.9655903391737664,52,24,20072,20394,12139,6456,17312,22929,48535,36049,34291,25580,352,286,982,3886,13127,45725,2023,79,291,5627,2318,104,395,1019,14403,2564,489,5866
1034,1558,1034.0704283813097,99536,112,56,317,143,123193,72471,1.96576113165086,48,18,20100,20432,12125,6444,17296,22905,48535,36049,34295,25588,352,286,980,3886,13124,45730,2023,79,291,5622,2318,104,395,1019,14407,2565,490,5865
1035,1558,1035.1054189668816,99536,111,55,317,143,123212,72478,1.9660223436746505,44,20,20209,20535,12089,6423,17228,22822,48535,36049,34299,25596,352,285,979,3884,13129,45737,2021,79,291,5617,2316,104,395,1018,14407,2566,491,5865
1036,1558,1036.0027487444606,99536,108,53,317,143,123221,72483,1.9661629963028453,45,20,20267,20609,12059,6415,17202,22758,48535,36049,34303,25603,352,285,978,3883,13124,45744,2020,79,292,5617,2313,104,395,1018,14407,2567,492,5866
1037,1558,1037.1724267879147,99536,102,51,317,143,123240,72489,1.966414161710336,48,18,20361,20718,12037,6392,17133,22676,48535,36049,34307,25610,352,285,977,3881,13126,45753,2019,79,294,5609,2310,104,392,1018,14411,2567,493,5866
1038,1558,1038.0401269717338,99536,103,51,317,143,123259,72497,1.966685420350426,40,23,20457,20799,12014,6383,17067,22599,48535,36049,34310,25617,352,285,976,3883,13122,45765,2017,79,295,5605,2309,103,392,1018,14408,2568,494,5865
1039,1558,1039.1200855111344,99536,102,51,317,143,123269,72505,1.9668662594438193,42,27,20563,20893,11968,6366,17006,22518,48535,36049,34313,25624,352,284,972,3883,13118,45776,2016,79,297,5603,2307,103,392,1018,14407,2570,494,5865
1040,1558,1040.1947280227569,99536,104,54,317,143,123281,72516,1.9670973316187108,41,27,20653,20973,11930,6349,16953,22452,48535,36049,34316,25631,350,284,972,3880,13121,45781,2016,81,296,5599,2305,103,391,1017,14409,2570,497,5864
1041,1558,1041.264449088448,99536,101,53,317,143,123292,72521,1.967258077479505,50,31,20748,21059,11897,6334,16885,22378,48535,36049,34319,25637,348,284,971,3876,13121,45788,2016,83,297,5597,2303,103,391,1017,14411,2569,498,5863
1042,1558,1042.3292040648146,99535,92,57,317,144,123302,72531,1.9674787763098407,53,35,20859,21151,11861,6306,16816,22305,48535,36049,34322,25643,348,284,971,3875,13114,45802,2014,83,297,5594,2303,102,391,1017,14410,2569,498,5863
1043,1558,1043.03596923534,99535,89,55,317,144,123308,72534,1.9675691967649571,52,39,20936,21207,11836,6294,16768,22259,48535,36049,34325,25649,348,284,970,3874,13113,45810,2013,83,297,5592,2302,102,390,1017,14408,2570,499,5863
1044,1558,1044.0911408381912,99535,83,57,317,144,123325,72543,1.9678304114130707,47,36,21028,21300,11805,6281,16718,22180,48535,36049,34328,25655,348,284,969,3876,13106,45822,2011,83,298,5588,2301,102,390,1017,14408,2570,502,5860
1045,1558,1045.14190990166,99535,75,64,317,144,123335,72556,1.9680614859094792,50,30,21124,21392,11782,6263,16650,22105,48535,36049,34331,25661,348,284,968,3875,13100,45834,2010,83,298,5583,2301,102,390,1016,14411,2570,503,5859
1046,1558,1046.1879757987906,99535,77,63,317,144,123348,72563,1.9682624202541819,49,31,21205,21483,11759,6255,16591,22022,48535,36049,34334,25667,348,283,968,3876,13096,45845,2009,83,299,5578,2299,102,390,1016,14410,2570,503,5860
1047,1558,1047.2300262176623,99535,79,65,317,144,123361,72570,1.9684633545988848,47,32,21298,21579,11718,6241,16539,21937,48535,36049,34337,25672,348,283,967,3874,13095,45854,2009,83,297,5575,2299,102,390,1016,14407,2571,505,5860
1048,1558,1048.267464906213,99535,87,69,317,144,123378,72585,1.9687848495504094,39,27,21381,21676,11680,6227,16494,21855,48535,36049,34340,25677,347,283,967,3872,13094,45863,2009,84,297,5571,2298,102,390,1016,14405,2571,508,5858
1049,1558,1049.300863409464,99535,89,66,317,144,123391,72593,1.9689958306123474,35,34,21470,21766,11646,6204,16441,21784,48535,36049,34343,25682,347,283,966,3871,13093,45872,2007,84,298,5570,2296,102,390,1016,14404,2569,509,5858
1050,1558,1050.329973131965,99535,78,64,317,144,123398,72600,1.9691364846536394,36,32,21562,21841,11613,6197,16392,21720,48535,36049,34345,25687,347,283,966,3870,13095,45880,2006,84,301,5565,2292,102,390,1015,14402,2569,510,5858
1051,1558,1051.0136895723035,99535,75,65,317,144,123401,72607,1.969236951825991,39,27,21632,21897,11585,6187,16350,21678,48535,36049,34347,25692,347,283,966,3870,13094,45883,2006,84,302,5563,2291,102,390,1015,14403,2568,512,5856
1052,1558,1052.035522864936,99535,77,67,317,144,123415,72614,1.9694479328879289,30,26,21715,22005,11560,6170,16299,21586,48535,36049,34349,25697,347,283,966,3871,13091,45888,2005,83,303,5561,2289,102,390,1015,14404,2568,512,5857
1053,1558,1053.0533493333103,99535,77,61,317,144,123422,72620,1.9695785402119856,31,23,21801,22093,11527,6161,16245,21516,48535,36049,34351,25702,347,283,965,3872,13086,45899,2004,83,304,5556,2287,102,390,1014,14405,2568,512,5858
1054,1558,1054.067203232001,99535,74,57,317,144,123427,72625,1.969679007384337,38,23,21881,22180,11492,6153,16196,21441,48535,36049,34353,25707,347,283,965,3872,13082,45909,2004,83,303,5554,2286,102,390,1014,14402,2568,513,5858
1055,1558,1055.0772218848456,99535,66,55,317,144,123436,72631,1.9698297081428644,38,21,21970,22258,11465,6139,16142,21381,48535,36049,34355,25711,347,282,965,3872,13075,45922,2003,83,303,5551,2286,102,390,1014,14401,2568,514,5857
1056,1558,1056.083302825085,99535,64,53,317,144,123443,72635,1.969940222032451,36,24,22063,22361,11436,6124,16082,21292,48535,36049,34357,25715,347,281,964,3872,13070,45934,2002,83,303,5551,2286,102,390,1014,14397,2568,514,5857
1057,1558,1057.0852783294836,99535,60,49,317,144,123449,72641,1.9700607826392726,39,22,22140,22451,11402,6114,16040,21218,48535,36049,34359,25719,347,281,964,3874,13069,45939,2000,83,304,5548,2284,102,390,1014,14396,2568,518,5854
1058,1558,1058.0836667742442,99535,65,52,317,144,123460,72647,1.97023157683227,39,24,22233,22525,11353,6104,15991,21149,48535,36049,34361,25723,347,281,964,3873,13067,45944,1999,83,304,5548,2283,102,389,1014,14396,2568,518,5855
1059,1558,1059.0779384190337,99535,65,55,317,144,123468,72654,1.9703822775907973,33,18,22295,22587,11328,6095,15960,21099,48535,36049,34363,25727,347,281,964,3875,13066,45950,1996,83,304,5545,2283,102,389,1014,14396,2568,517,5855
1060,1558,1060.196768884843,99535,68,49,317,144,123483,72659,1.9705832119355,32,16,22406,22727,11294,6073,15881,20989,48535,36049,34365,25731,347,280,963,3874,13066,45957,1996,83,304,5540,2283,102,389,1014,14397,2568,521,5851
1061,1558,1061.0149118686406,99535,62,46,317,144,123487,72662,1.9706535389561461,35,18,22451,22793,11275,6068,15858,20929,48535,36049,34367,25735,347,280,963,3875,13062,45964,1995,83,304,5537,2283,102,388,1014,14398,2568,524,5848
1062,1558,1062.1435947401926,99535,61,46,317,144,123492,72668,1.9707640528457326,36,19,22527,22898,11245,6048,15812,20843,48535,36049,34369,25739,347,280,963,3875,13061,45967,1994,83,305,5534,2282,102,388,1014,14400,2568,527,5845
1063,1558,1063.295288606903,99535,57,48,317,144,123500,72677,1.97093484703873,40,21,22639,22995,11193,6028,15752,20762,48535,36049,34371,25743,347,280,963,3874,13063,45971,1993,83,306,5531,2280,102,387,1014,14400,2568,528,5845
1064,1558,1064.2717185341187,99535,62,48,317,144,123513,72686,1.9711558748179032,30,22,22705,23071,11166,6012,15718,20701,48535,36049,34373,25747,347,280,963,3876,13059,45980,1991,83,307,5529,2279,101,385,1016,14399,2568,530,5842
1065,1558,1065.245310262392,99535,63,52,317,144,123527,72693,1.9713668558798412,25,23,22780,23142,11136,5999,15677,20638,48535,36049,34375,25751,347,280,962,3874,13058,45986,1990,83,307,5528,2279,101,385,1016,14400,2567,531,5841
1066,1558,1066.2157212059265,99535,61,54,317,144,123536,72700,1.9715276033556035,26,25,22852,23228,11109,5978,15633,20569,48535,36049,34377,25754,347,280,962,3874,13055,45994,1988,83,307,5528,2279,101,385,1016,14397,2567,533,5839
1067,1558,1067.1831685435893,99535,57,48,317,144,123540,72704,1.9716079770934847,31,24,22921,23306,11079,5972,15593,20504,48535,36049,34379,25757,347,280,962,3872,13053,46006,1988,83,307,5526,2279,101,385,1016,14392,2566,534,5838
1068,1558,1068.1475032965277,99535,52,44,317,144,123543,72706,1.9716582106796605,35,26,23008,23391,11045,5958,15541,20435,48535,36049,34381,25760,347,280,962,3872,13054,46009,1987,83,307,5525,2278,101,385,1016,14390,2566,537,5836
1069,1558,1069.1083666066884,99534,55,42,317,145,123553,72713,1.9718488154801375,34,21,23085,23472,11013,5949,15494,20369,48535,36049,34383,25763,347,280,962,3869,13056,46013,1987,83,309,5522,2276,100,385,1016,14391,2566,538,5834
1070,1558,1070.0879320824536,99534,57,43,317,145,123561,72719,1.9719894709345551,32,16,23173,23553,10972,5936,15447,20305,48535,36049,34385,25766,346,280,962,3868,13058,46014,1986,84,311,5520,2273,100,385,1016,14392,2566,538,5835
1071,1558,1071.273480593557,99534,62,44,317,145,123574,72725,1.972180360479836,28,19,23260,23651,10936,5916,15395,20223,48535,36049,34387,25769,346,280,962,3869,13052,46023,1986,83,311,5518,2273,100,385,1016,14391,2566,538,5835
1072,1558,1072.2528152377215,99534,58,41,317,145,123579,72727,1.9722506882070447,32,22,23335,23737,10907,5906,15349,20147,48535,36049,34389,25772,346,280,961,3868,13051,46029,1986,83,311,5516,2273,100,385,1016,14391,2565,538,5835
1073,1558,1073.0134917775654,99534,56,41,317,145,123583,72731,1.9723310627524262,35,24,23389,23799,10890,5891,15311,20098,48535,36049,34391,25775,346,280,961,3866,13049,46035,1986,83,312,5514,2272,100,385,1016,14392,2564,539,5834
1074,1558,1074.273175344817,99534,56,40,317,145,123593,72735,1.9724717182068439,31,25,23485,23913,10858,5873,15251,20002,48535,36049,34392,25778,346,279,961,3864,13049,46043,1986,83,312,5513,2271,100,385,1016,14389,2564,540,5833
1075,1558,1075.2145072355158,99534,58,40,317,145,123600,72739,1.9725822332067435,28,27,23562,23992,10832,5855,15201,19939,48535,36049,34393,25781,346,279,960,3863,13048,46049,1986,83,312,5512,2270,100,385,1016,14388,2563,540,5834
1076,1558,1076.1527042623961,99534,61,45,317,145,123609,72744,1.972722888661161,26,24,23639,24065,10798,5837,15157,19882,48535,36049,34394,25784,346,279,960,3863,13045,46053,1985,83,312,5512,2269,100,385,1016,14388,2563,540,5835
1077,1558,1077.088034001536,99534,59,45,317,145,123617,72751,1.9728735909337514,28,21,23702,24147,10772,5823,15120,19817,48535,36049,34395,25787,346,279,960,3861,13043,46062,1985,83,311,5509,2268,100,385,1016,14386,2563,541,5836
1078,1558,1078.020687741267,99534,56,44,317,145,123620,72755,1.97294391866096,31,24,23780,24226,10742,5813,15072,19746,48535,36049,34396,25790,346,279,960,3861,13043,46066,1984,83,311,5506,2268,100,385,1015,14388,2562,541,5836
1079,1558,1079.259502343349,99534,50,48,317,145,123625,72764,1.9730845741153777,33,26,23890,24329,10697,5791,15011,19659,48535,36049,34397,25793,346,279,960,3861,13042,46069,1983,83,311,5505,2268,100,385,1015,14388,2562,544,5833
1080,1558,1080.1849546717142,99534,53,47,317,145,123636,72771,1.973265416842486,34,23,23963,24406,10663,5784,14968,19593,48535,36049,34398,25796,346,279,960,3861,13042,46074,1982,83,310,5504,2267,100,384,1015,14387,2562,547,5831
1081,1558,1081.107404595507,99534,50,44,317,145,123643,72776,1.973385978660558,35,22,24033,24486,10636,5764,14927,19537,48535,36049,34399,25799,346,278,960,3862,13034,46086,1982,83,310,5503,2267,100,384,1013,14386,2562,547,5831
1082,1558,1082.0273729834032,99534,49,44,317,145,123651,72780,1.9735065404786305,33,20,24099,24549,10612,5750,14888,19490,48535,36049,34400,25801,345,278,960,3862,13033,46089,1981,84,310,5501,2267,100,384,1013,14387,2562,548,5830
1083,1558,1083.1711444525304,99534,51,41,317,145,123664,72785,1.9736873832057387,26,24,24187,24650,10585,5734,14832,19404,48535,36049,34401,25803,345,278,959,3861,13034,46096,1981,84,312,5498,2265,100,384,1013,14387,2560,547,5830
1084,1558,1084.0853604466927,99534,51,48,317,145,123670,72794,1.973838085478329,25,18,24238,24724,10569,5716,14798,19347,48535,36049,34402,25805,345,278,959,3860,13033,46100,1981,84,312,5498,2264,100,384,1013,14386,2560,546,5831
1085,1558,1085.2183533235861,99534,51,45,317,145,123678,72800,1.9739787409327465,30,15,24361,24833,10518,5693,14721,19267,48535,36049,34403,25807,345,277,959,3861,13033,46104,1981,84,312,5495,2264,100,384,1013,14385,2560,546,5831
1086,1558,1086.0776485867275,99534,54,45,317,145,123685,72803,1.9740792091144734,29,17,24430,24883,10485,5684,14683,19224,48535,36049,34404,25809,345,277,959,3859,13034,46105,1981,84,314,5494,2262,100,384,1013,14386,2560,546,5831
1087,1558,1087.1446235561048,99534,54,47,317,145,123697,72807,1.9742399582052363,31,22,24539,24996,10447,5661,14610,19127,48535,36049,34405,25811,345,277,959,3861,13031,46110,1979,84,314,5493,2262,100,384,1013,14385,2560,546,5831
1088,1558,1088.0454349559445,99534,53,44,317,145,123703,72811,1.9743404263869633,28,20,24604,25058,10420,5656,14576,19075,48535,36049,34406,25813,344,277,959,3859,13032,46116,1979,85,313,5492,2262,100,384,1012,14383,2560,546,5831
1089,1558,1089.1050036109461,99534,55,44,317,145,123711,72818,1.9744911286595535,25,16,24672,25135,10398,5639,14531,19019,48535,36049,34407,25815,344,276,959,3860,13031,46125,1978,85,313,5491,2262,100,384,1011,14379,2559,546,5831
1090,1558,1090.1155099965538,99534,56,40,317,145,123721,72823,1.9746418309321438,25,15,24737,25223,10372,5628,14491,18947,48535,36049,34408,25817,344,276,959,3860,13030,46129,1977,85,314,5490,2261,100,384,1011,14378,2559,548,5829
1091,1558,1091.2544829331034,99534,58,38,317,145,123735,72826,1.9748126268410795,23,20,24845,25316,10330,5611,14425,18868,48535,36049,34409,25819,343,276,959,3858,13029,46133,1977,86,314,5489,2260,100,384,1011,14378,2559,549,5829
1092,1558,1092.0541440073678,99534,60,40,317,145,123737,72830,1.9748729077501155,25,17,24890,25365,10310,5603,14396,18828,48535,36049,34410,25821,343,276,959,3858,13027,46135,1977,86,314,5488,2259,100,384,1011,14379,2559,549,5830
1093,1558,1093.1041387331502,99534,55,43,317,145,123741,72836,1.9749733759318424,28,18,24963,25473,10285,5572,14350,18747,48535,36049,34411,25823,343,276,959,3858,13026,46140,1976,86,314,5486,2259,100,384,1011,14378,2559,549,5830
1094,1558,1094.093292423373,99534,51,43,317,145,123746,72840,1.9750637972953966,26,17,25037,25533,10263,5560,14304,18700,48535,36049,34412,25825,343,276,958,3857,13025,46145,1976,86,313,5485,2259,100,384,1011,14378,2559,549,5830
