,indexID,time,N,Inf_L,Inf_H,Dead_L,Dead_H,cum_cases_L,cum_cases_H,cum_sum_per_N,Exposed_L,Exposed_H,Sus_L,Sus_H,Rec_nat_L,Rec_nat_H,Rec_vax_L,Rec_vax_H,vaccinatedH,vaccinatedL,boostedH,boostedL,count_Naive,count_Delta,count_Delta_vaccine,count_two,count_three,count_four,count_Omicron,count_Omicron_star,count_Omicron_star_vaccine,count_Omicron_vaccine,count_Vaccine,count_WT,count_WT_vaccine,count_WT_vaccine_boost,count_Omicron_vaccine_boost,count_Delta_vaccine_boost,count_Omicron_star_vaccine_boost,count_Vaccine_boost
0,3494,1.0828814283679495,99996,5,3,0,0,7,5,0.00012000480019200768,18,20,49973,49973,2,2,0,0,0,0,0,0,99992,0,0,0,0,0,0,0,0,0,0,4,0,0,0,0,0,0
1,3494,2.0156472051310748,99996,11,2,0,0,13,5,0.00018000720028801153,14,22,49971,49971,2,3,0,0,0,0,0,0,99991,0,0,0,0,0,0,0,0,0,0,5,0,0,0,0,0,0
2,3494,3.028415572886845,99996,13,6,0,0,18,9,0.00027001080043201727,11,18,49969,49971,5,3,0,0,0,0,0,0,99988,0,0,0,0,0,0,0,0,0,0,8,0,0,0,0,0,0
3,3494,4.02117365035601,99996,13,10,0,0,21,15,0.00036001440057602306,13,13,49964,49970,8,5,0,0,0,0,0,0,99983,0,0,0,0,0,0,0,0,0,0,13,0,0,0,0,0,0
4,3494,5.043942069763878,99996,11,10,0,0,24,16,0.0004000160006400256,15,13,49959,49969,13,6,0,0,0,0,0,0,99977,0,0,0,0,0,0,0,0,0,0,19,0,0,0,0,0,0
5,3494,6.008051095088561,99996,17,14,0,0,32,23,0.0005500220008800352,10,8,49956,49967,15,9,0,0,0,0,0,0,99972,0,0,0,0,0,0,0,0,0,0,24,0,0,0,0,0,0
6,3494,7.005387058338899,99996,18,14,0,0,35,27,0.0006200248009920397,9,6,49954,49965,17,13,0,0,0,0,0,0,99966,0,0,0,0,0,0,0,0,0,0,30,0,0,0,0,0,0
7,3494,8.011970253125797,99996,18,14,0,0,37,31,0.0006800272010880435,8,2,49953,49965,19,17,0,0,0,0,0,0,99960,0,0,0,0,0,0,0,0,0,0,36,0,0,0,0,0,0
8,3494,9.035184840180689,99996,17,13,0,0,40,32,0.0007200288011520461,7,1,49951,49965,23,19,0,0,0,0,0,0,99954,0,0,0,0,0,0,0,0,0,0,42,0,0,0,0,0,0
9,3494,10.051255519676113,99996,21,10,0,0,46,32,0.00078003120124805,4,2,49948,49964,25,22,0,0,0,0,0,0,99949,0,0,0,0,0,0,0,0,0,0,47,0,0,0,0,0,0
10,3494,11.08071603902562,99996,22,8,0,0,48,32,0.0008000320012800512,6,5,49944,49961,26,24,0,0,0,0,0,0,99946,0,0,0,0,0,0,0,0,0,0,50,0,0,0,0,0,0
11,3494,12.125422361322023,99996,19,6,0,0,51,32,0.0008300332013280532,7,5,49940,49961,32,26,0,0,0,0,0,0,99938,0,0,0,0,0,0,0,0,0,0,58,0,0,0,0,0,0
12,3494,13.132334089462406,99996,19,5,0,0,54,33,0.0008700348013920557,7,5,49937,49960,35,28,0,0,0,0,0,0,99933,0,0,0,0,0,0,0,0,0,0,63,0,0,0,0,0,0
13,3494,14.282594609673918,99996,19,5,0,0,55,34,0.000890035601424057,11,6,49932,49958,36,29,0,0,0,0,0,0,99931,0,0,0,0,0,0,0,0,0,0,65,0,0,0,0,0,0
14,3494,15.060167337658532,99996,19,6,0,0,57,35,0.0009200368014720589,12,5,49929,49958,38,29,0,0,0,0,0,0,99929,0,0,0,0,0,0,0,0,0,0,67,0,0,0,0,0,0
15,3494,16.038386099181977,99996,20,8,0,0,61,38,0.0009900396015840634,12,4,49925,49956,41,30,0,0,0,0,0,0,99925,0,0,0,0,0,0,0,0,0,0,71,0,0,0,0,0,0
16,3494,17.031110430398897,99996,23,7,0,0,65,38,0.0010300412016480659,11,4,49922,49956,42,31,0,0,0,0,0,0,99923,0,0,0,0,0,0,0,0,0,0,73,0,0,0,0,0,0
17,3494,18.091981110960038,99996,24,7,0,0,68,38,0.0010600424016960679,8,5,49922,49955,44,31,0,0,0,0,0,0,99921,0,0,0,0,0,0,0,0,0,0,75,0,0,0,0,0,0
18,3494,19.106265948048858,99996,25,6,0,0,71,40,0.001110044401776071,6,6,49921,49952,46,34,0,0,0,0,0,0,99916,0,0,0,0,0,0,0,0,0,0,80,0,0,0,0,0,0
19,3494,20.268007452063284,99996,23,6,0,0,75,43,0.0011800472018880755,9,5,49915,49951,51,36,0,0,0,0,0,0,99907,0,0,0,0,0,0,0,0,0,0,89,0,0,0,0,0,0
20,3494,21.110106693430417,99996,20,7,0,0,76,45,0.0012100484019360775,13,3,49911,49951,54,37,0,0,0,0,0,0,99902,0,0,0,0,0,0,0,0,0,0,94,0,0,0,0,0,0
21,3494,22.139849164825133,99996,19,8,0,0,78,46,0.0012400496019840794,16,5,49907,49948,56,37,0,0,0,0,0,0,99899,0,0,0,0,0,0,0,0,0,0,97,0,0,0,0,0,0
22,3494,23.219550950647143,99996,20,7,0,0,81,46,0.0012700508020320814,16,5,49904,49948,58,38,0,0,0,0,0,0,99896,0,0,0,0,0,0,0,0,0,0,100,0,0,0,0,0,0
23,3494,24.208306537992172,99996,22,7,0,0,84,46,0.0013000520020800832,15,5,49902,49949,59,37,0,0,0,0,0,0,99895,0,0,0,0,0,0,0,0,0,0,101,0,0,0,0,0,0
24,3494,25.17631401441257,99996,23,9,0,0,89,48,0.0013700548021920876,10,5,49903,49947,62,37,0,0,0,0,0,0,99891,0,0,0,0,0,0,0,0,0,0,105,0,0,0,0,0,0
25,3494,26.151277471949946,99995,21,8,1,0,90,48,0.0013800690034501725,11,6,49901,49946,64,38,0,0,0,0,0,0,99887,0,0,0,0,0,0,0,0,0,0,108,0,0,0,0,0,0
26,3494,27.152021646485093,99995,24,8,1,0,94,49,0.0014300715035751787,11,8,49897,49943,65,39,0,0,0,0,0,0,99885,0,0,0,0,0,0,0,0,0,0,110,0,0,0,0,0,0
27,3494,28.320184736363558,99995,25,10,1,0,99,51,0.0015000750037501875,8,7,49895,49942,69,39,0,0,0,0,0,0,99881,0,0,0,0,0,0,0,0,0,0,114,0,0,0,0,0,0
28,3494,29.32073677659859,99995,25,11,1,0,102,53,0.0015500775038751937,11,9,49890,49938,71,40,0,0,0,0,0,0,99877,0,0,0,0,0,0,0,0,0,0,118,0,0,0,0,0,0
29,3494,30.12763109220144,99995,25,12,1,0,106,54,0.0016000800040002,10,8,49887,49938,75,40,0,0,0,0,0,0,99873,0,0,0,0,0,0,0,0,0,0,122,0,0,0,0,0,0
30,3494,31.03288738624633,99995,22,9,1,0,106,55,0.0016100805040252012,14,8,49883,49937,78,44,0,0,0,0,0,0,99866,0,0,0,0,0,0,0,0,0,0,129,0,0,0,0,0,0
31,3494,32.04136799103248,99995,25,10,1,0,113,57,0.0017000850042502124,12,6,49878,49937,82,45,0,0,0,0,0,0,99861,0,0,0,0,0,0,0,0,0,0,134,0,0,0,0,0,0
32,3494,33.10657593476416,99995,24,10,1,0,117,59,0.00176008800440022,13,7,49873,49934,87,47,0,0,0,0,0,0,99854,0,0,0,0,0,0,0,0,0,0,141,0,0,0,0,0,0
33,3494,34.18401144619295,99995,24,12,1,0,122,62,0.00184009200460023,14,7,49867,49931,92,48,0,0,0,0,0,0,99848,0,0,0,0,0,0,0,0,0,0,147,0,0,0,0,0,0
34,3494,35.056724282020454,99995,24,13,1,0,125,65,0.0019000950047502376,12,4,49866,49931,95,50,0,0,0,0,0,0,99843,0,0,0,0,0,0,0,0,0,0,152,0,0,0,0,0,0
35,3494,36.225545671122696,99995,23,14,1,0,129,67,0.001960098004900245,12,4,49862,49929,100,51,0,0,0,0,0,0,99837,0,0,0,0,0,0,0,0,0,0,158,0,0,0,0,0,0
36,3494,37.32081273780374,99995,25,14,1,0,132,68,0.00200010000500025,13,8,49858,49924,101,52,0,0,0,0,0,0,99835,0,0,0,0,0,0,0,0,0,0,160,0,0,0,0,0,0
37,3494,38.14907080426543,99995,25,16,1,0,134,71,0.002050102505125256,14,7,49855,49922,103,53,0,0,0,0,0,0,99832,0,0,0,0,0,0,0,0,0,0,163,0,0,0,0,0,0
38,3494,39.01125111405504,99995,27,14,1,0,138,73,0.0021101055052752636,14,9,49851,49918,105,57,0,0,0,0,0,0,99826,0,0,0,0,0,0,0,0,0,0,169,0,0,0,0,0,0
39,3494,40.13603472756181,99995,29,14,1,0,144,73,0.002170108505425271,14,11,49845,49916,109,57,0,0,0,0,0,0,99822,0,0,0,0,0,0,0,0,0,0,173,0,0,0,0,0,0
40,3494,41.01061364709424,99995,26,11,1,0,149,75,0.00224011200560028,13,9,49841,49916,117,62,0,0,0,0,0,0,99809,0,0,0,0,0,0,0,0,0,0,186,0,0,0,0,0,0
41,3494,42.01196166121808,99995,28,12,1,0,154,77,0.0023101155057752886,11,10,49838,49913,120,63,0,0,0,0,0,0,99805,0,0,0,0,0,0,0,0,0,0,190,0,0,0,0,0,0
42,3494,43.003704357519695,99995,26,12,1,0,154,80,0.0023401170058502925,14,13,49835,49907,122,66,0,0,0,0,0,0,99800,0,0,0,0,0,0,0,0,0,0,195,0,0,0,0,0,0
43,3494,44.08344366696813,99995,26,15,1,0,158,83,0.002410120506025301,13,11,49832,49906,126,66,0,0,0,0,0,0,99796,0,0,0,0,0,0,0,0,0,0,199,0,0,0,0,0,0
44,3494,45.08263865225084,99995,26,16,1,0,160,85,0.002450122506125306,16,11,49828,49904,127,67,0,0,0,0,0,0,99793,0,0,0,0,0,0,0,0,0,0,202,0,0,0,0,0,0
45,3494,46.239398005784544,99995,21,21,1,0,161,91,0.002520126006300315,21,5,49822,49904,133,68,0,0,0,0,0,0,99786,0,0,0,0,0,0,0,0,0,0,209,0,0,0,0,0,0
46,3494,47.10022719647837,99995,22,15,1,0,165,91,0.00256012800640032,22,5,49817,49904,136,74,0,0,0,0,0,0,99777,0,0,0,0,0,0,0,0,0,0,218,0,0,0,0,0,0
47,3494,48.26149679236445,99995,28,14,1,0,173,91,0.00264013200660033,18,7,49814,49903,137,74,0,0,0,0,0,0,99774,0,0,0,0,0,0,0,0,0,0,221,0,0,0,0,0,0
48,3494,49.06741498126401,99995,30,16,1,0,180,94,0.0027401370068503425,16,7,49809,49901,142,74,0,0,0,0,0,0,99768,0,0,0,0,0,0,0,0,0,0,227,0,0,0,0,0,0
49,3494,50.12590510310485,99995,28,16,1,0,185,97,0.0028201410070503525,13,7,49807,49899,149,76,0,0,0,0,0,0,99758,0,0,0,0,0,0,0,0,0,0,237,0,0,0,0,0,0
50,3494,51.23599249894148,99995,24,19,1,0,186,100,0.0028601430071503574,18,8,49803,49895,152,76,0,0,0,0,0,0,99753,0,0,0,0,0,0,0,0,0,0,242,0,0,0,0,0,0
51,3494,52.315153907997946,99995,25,20,1,0,189,101,0.0029001450072503624,23,9,49796,49895,153,74,0,0,0,0,0,0,99751,0,0,0,0,0,0,0,0,0,0,244,0,0,0,0,0,0
52,3494,53.18763960560212,99995,27,20,1,0,193,102,0.002950147507375369,25,9,49791,49895,154,74,0,0,0,0,0,0,99748,0,0,0,0,0,0,0,0,0,0,247,0,0,0,0,0,0
53,3494,54.212260140906224,99995,28,21,1,0,199,104,0.003030151507575379,24,10,49788,49892,157,75,0,0,0,0,0,0,99742,0,0,0,0,0,0,0,0,0,0,253,0,0,0,0,0,0
54,3494,55.300889528981564,99995,28,19,1,0,203,106,0.0030901545077253864,26,11,49782,49889,161,79,0,0,0,0,0,0,99734,0,0,0,0,0,0,0,0,0,0,261,0,0,0,0,0,0
55,3494,56.06929409348391,99995,33,19,1,0,212,108,0.0032001600080004,22,11,49777,49887,165,81,0,0,0,0,0,0,99728,0,0,0,0,0,0,0,0,0,0,267,0,0,0,0,0,0
56,3494,57.050811644992336,99995,34,19,1,0,217,111,0.00328016400820041,19,8,49776,49887,168,84,0,0,0,0,0,0,99721,0,0,0,0,0,0,0,0,0,0,274,0,0,0,0,0,0
57,3494,58.05067450703573,99995,39,21,1,0,223,114,0.0033701685084254213,17,7,49772,49885,169,85,0,0,0,0,0,0,99719,0,0,0,0,0,0,0,0,0,0,276,0,0,0,0,0,0
58,3494,59.0660006875296,99995,33,18,1,0,233,114,0.003470173508675434,12,12,49767,49880,185,88,0,0,0,0,0,0,99700,0,0,0,0,0,0,0,0,0,0,295,0,0,0,0,0,0
59,3494,60.12775256939671,99995,34,18,1,0,238,116,0.0035401770088504423,14,12,49761,49878,188,90,0,0,0,0,0,0,99694,0,0,0,0,0,0,0,0,0,0,301,0,0,0,0,0,0
60,3494,61.088231326864104,99995,34,16,1,0,243,118,0.0036101805090254513,18,14,49752,49874,193,94,0,0,0,0,0,0,99685,0,0,0,0,0,0,0,0,0,0,310,0,0,0,0,0,0
61,3494,62.172127882503915,99995,31,17,1,0,247,121,0.00368018400920046,18,16,49749,49869,199,96,0,0,0,0,0,0,99676,0,0,0,0,0,0,0,0,0,0,319,0,0,0,0,0,0
62,3494,63.009945749136506,99995,28,15,1,0,250,123,0.0037301865093254663,17,14,49748,49870,204,99,0,0,0,0,0,0,99666,0,0,0,0,0,0,0,0,0,0,329,0,0,0,0,0,0
63,3494,64.01855471373445,99995,27,17,1,0,254,126,0.0038001900095004752,18,14,49744,49867,208,100,0,0,0,0,0,0,99660,0,0,0,0,0,0,0,0,0,0,335,0,0,0,0,0,0
64,3494,65.20639895830955,99995,28,20,1,0,256,134,0.0039001950097504877,20,12,49740,49862,209,104,0,0,0,0,0,0,99654,0,0,0,0,0,0,0,0,0,0,341,0,0,0,0,0,0
65,3494,66.0031716225693,99995,26,18,1,0,260,135,0.003950197509875494,16,13,49740,49860,215,107,0,0,0,0,0,0,99645,0,0,0,0,0,0,0,0,0,0,350,0,0,0,0,0,0
66,3494,67.10666844644626,99995,25,16,1,0,264,137,0.004010200510025501,16,14,49736,49857,220,111,0,0,0,0,0,0,99636,0,0,0,0,0,0,0,0,0,0,359,0,0,0,0,0,0
67,3494,68.06231701015997,99995,28,20,1,0,269,142,0.004110205510275514,13,14,49737,49854,219,110,0,0,0,0,0,0,99633,0,0,0,0,0,0,0,0,0,0,362,0,0,0,0,0,0
68,3494,69.02380448019524,99994,28,20,2,0,272,145,0.004170250215012901,13,15,49736,49850,219,113,0,0,0,0,0,0,99627,0,0,0,0,0,0,0,0,0,0,367,0,0,0,0,0,0
69,3494,70.09170917436144,99994,32,26,2,0,277,154,0.004310258615516931,16,12,49728,49844,220,116,0,0,0,0,0,0,99623,0,0,0,0,0,0,0,0,0,0,371,0,0,0,0,0,0
70,3494,71.03656063450502,99994,29,24,2,0,280,155,0.00435026101566094,15,15,49726,49840,226,119,0,0,0,0,0,0,99614,0,0,0,0,0,0,0,0,0,0,380,0,0,0,0,0,0
71,3494,72.00277033919893,99994,27,24,2,0,285,158,0.004430265815948957,13,13,49724,49841,232,120,0,0,0,0,0,0,99604,0,0,0,0,0,0,0,0,0,0,390,0,0,0,0,0,0
72,3494,73.12731675751552,99994,23,25,2,0,288,161,0.0044902694161649695,18,12,49716,49839,239,122,0,0,0,0,0,0,99595,0,0,0,0,0,0,0,0,0,0,399,0,0,0,0,0,0
73,3494,74.08650225754556,99994,24,26,2,0,291,165,0.004560273616416985,19,9,49712,49838,241,125,0,0,0,0,0,0,99590,0,0,0,0,0,0,0,0,0,0,404,0,0,0,0,0,0
74,3494,75.07467475285932,99994,26,24,2,0,295,168,0.004630277816669,23,9,49704,49835,243,130,0,0,0,0,0,0,99583,0,0,0,0,0,0,0,0,0,0,411,0,0,0,0,0,0
75,3494,76.24682445453834,99994,30,26,2,0,301,173,0.004740284417065024,22,11,49699,49828,245,133,0,0,0,0,0,0,99578,0,0,0,0,0,0,0,0,0,0,416,0,0,0,0,0,0
76,3494,77.18857494487568,99994,33,24,2,0,306,174,0.004800288017281037,20,11,49698,49827,245,136,0,0,0,0,0,0,99573,0,0,0,0,0,0,0,0,0,0,421,0,0,0,0,0,0
77,3494,78.32548290792586,99994,29,22,2,0,307,178,0.004850291017461048,25,12,49695,49823,247,141,0,0,0,0,0,0,99562,0,0,0,0,0,0,0,0,0,0,432,0,0,0,0,0,0
78,3494,79.16196992278537,99994,32,23,2,0,313,183,0.004960297617857072,28,10,49686,49821,250,144,0,0,0,0,0,0,99555,0,0,0,0,0,0,0,0,0,0,439,0,0,0,0,0,0
79,3494,80.1555453175196,99994,37,23,2,0,323,184,0.005070304218253096,27,11,49678,49820,254,144,0,0,0,0,0,0,99549,0,0,0,0,0,0,0,0,0,0,445,0,0,0,0,0,0
80,3494,81.22562590078252,99994,38,18,2,0,332,185,0.005170310218613117,23,12,49673,49820,262,148,0,0,0,0,0,0,99535,0,0,0,0,0,0,0,0,0,0,459,0,0,0,0,0,0
81,3494,82.05400325103648,99994,37,17,2,0,333,186,0.005190311418685121,27,11,49668,49820,264,150,0,0,0,0,0,0,99531,0,0,0,0,0,0,0,0,0,0,463,0,0,0,0,0,0
82,3494,83.28948999209106,99994,34,21,2,0,339,194,0.0053303198191891514,27,9,49664,49815,271,153,0,0,0,0,0,0,99518,0,0,0,0,0,0,0,0,0,0,476,0,0,0,0,0,0
83,3494,84.03307232393215,99994,36,20,2,0,345,195,0.005400324019441166,25,8,49661,49815,274,155,0,0,0,0,0,0,99512,0,0,0,0,0,0,0,0,0,0,482,0,0,0,0,0,0
84,3494,85.00539583143666,99994,40,20,2,0,351,198,0.005490329419765186,24,7,49657,49814,275,157,0,0,0,0,0,0,99507,0,0,0,0,0,0,0,0,0,0,487,0,0,0,0,0,0
85,3494,86.11995278632088,99994,36,19,2,0,353,200,0.005530331819909195,25,9,49657,49810,278,160,0,0,0,0,0,0,99498,0,0,0,0,0,0,0,0,0,0,496,0,0,0,0,0,0
86,3494,87.2268108990673,99994,35,19,2,0,355,202,0.005570334220053203,28,11,49652,49806,281,162,0,0,0,0,0,0,99493,0,0,0,0,0,0,0,0,0,0,501,0,0,0,0,0,0
87,3494,88.11497905536683,99994,44,16,2,0,365,204,0.005690341420485229,20,14,49651,49803,281,165,0,0,0,0,0,0,99487,0,0,0,0,0,0,0,0,0,0,507,0,0,0,0,0,0
88,3494,89.04666063549584,99994,42,18,2,0,369,211,0.005800348020881253,25,12,49642,49798,287,170,0,0,0,0,0,0,99476,0,0,0,0,0,0,0,0,0,0,518,0,0,0,0,0,0
89,3494,90.02261363530262,99994,40,16,2,0,375,214,0.005890353421205272,23,14,49640,49793,293,175,0,0,0,0,0,0,99463,0,0,0,0,0,0,0,0,0,0,531,0,0,0,0,0,0
90,3494,91.06368988072957,99994,40,21,2,0,381,221,0.0060203612216733005,22,8,49635,49792,299,177,0,0,0,0,0,0,99455,0,0,0,0,0,0,0,0,0,0,539,0,0,0,0,0,0
91,3494,92.06087558348257,99994,39,18,2,0,386,222,0.006080364821889313,22,10,49633,49789,302,181,0,0,0,0,0,0,99445,0,0,0,0,0,0,0,0,0,0,549,0,0,0,0,0,0
92,3494,93.06712382213901,99994,35,16,2,0,392,223,0.006150369022141329,20,12,49630,49786,311,184,0,0,0,0,0,0,99432,0,0,0,0,0,0,0,0,0,0,562,0,0,0,0,0,0
93,3494,94.10623682584836,99994,38,15,2,0,399,224,0.006230373822429346,17,16,49627,49782,314,185,0,0,0,0,0,0,99426,0,0,0,0,0,0,0,0,0,0,568,0,0,0,0,0,0
94,3494,95.06620409441196,99994,32,17,2,0,401,228,0.006290377422645359,26,14,49618,49780,320,187,0,0,0,0,0,0,99416,0,0,0,0,0,0,0,0,0,0,578,0,0,0,0,0,0
95,3494,96.12152341124094,99994,35,16,2,0,410,230,0.0064003840230413825,20,13,49616,49779,325,190,0,0,0,0,0,0,99407,0,0,0,0,0,0,0,0,0,0,587,0,0,0,0,0,0
96,3494,97.01798368509549,99994,37,22,2,0,420,237,0.006570394223653419,15,6,49612,49780,332,190,0,0,0,0,0,0,99398,0,0,0,0,0,0,0,0,0,0,596,0,0,0,0,0,0
97,3494,98.26974521426075,99994,37,22,2,0,426,238,0.006640398423905435,14,9,49611,49776,334,191,0,0,0,0,0,0,99391,0,0,0,0,0,0,0,0,0,0,603,0,0,0,0,0,0
98,3494,99.03899846868752,99994,34,19,2,0,428,239,0.0066704002240134406,14,9,49611,49775,337,195,0,0,0,0,0,0,99382,0,0,0,0,0,0,0,0,0,0,612,0,0,0,0,0,0
99,3494,100.02869854341218,99994,31,20,2,0,432,242,0.006740404424265456,14,11,49607,49770,344,197,0,0,0,0,0,0,99373,0,0,0,0,0,0,0,0,0,0,621,0,0,0,0,0,0
100,3494,101.02894264126708,99994,30,17,2,0,436,243,0.006790407424445467,17,16,49604,49764,345,201,0,0,0,0,0,0,99364,0,0,0,0,0,0,0,0,0,0,630,0,0,0,0,0,0
101,3494,102.11420171871562,99994,27,18,2,0,436,245,0.006810408624517471,22,14,49600,49765,347,201,0,0,0,0,0,0,99360,0,0,0,0,0,0,0,0,0,0,634,0,0,0,0,0,0
102,3494,103.06772975566399,99994,28,17,2,0,442,248,0.0069004140248414905,20,15,49599,49761,349,205,0,0,0,0,0,0,99351,0,0,0,0,0,0,0,0,0,0,643,0,0,0,0,0,0
103,3494,104.02649094701779,99994,29,19,2,0,446,252,0.006980418825129508,18,14,49600,49758,349,207,0,0,0,0,0,0,99346,0,0,0,0,0,0,0,0,0,0,648,0,0,0,0,0,0
104,3494,105.01816577423689,99994,27,19,2,0,448,255,0.007030421825309519,20,13,49598,49756,351,210,0,0,0,0,0,0,99339,0,0,0,0,0,0,0,0,0,0,655,0,0,0,0,0,0
105,3494,106.12471209279845,99994,31,18,2,0,459,258,0.007170430225813549,16,13,49591,49753,358,214,0,0,0,0,0,0,99328,0,0,0,0,0,0,0,0,0,0,666,0,0,0,0,0,0
106,3494,107.03848084191695,99994,31,19,2,0,462,262,0.007240434426065564,17,9,49587,49754,361,216,0,0,0,0,0,0,99322,0,0,0,0,0,0,0,0,0,0,672,0,0,0,0,0,0
107,3494,108.04446869576469,99994,32,19,2,0,470,266,0.00736044162649759,15,16,49583,49744,366,219,0,0,0,0,0,0,99311,0,0,0,0,0,0,0,0,0,0,683,0,0,0,0,0,0
108,3494,109.00682236160998,99994,27,16,2,0,476,270,0.007460447626857611,15,15,49580,49742,374,225,0,0,0,0,0,0,99293,0,0,0,0,0,0,0,0,0,0,701,0,0,0,0,0,0
109,3494,110.01204784087913,99994,30,18,2,0,481,273,0.007540452427145628,13,12,49579,49742,374,226,0,0,0,0,0,0,99290,0,0,0,0,0,0,0,0,0,0,704,0,0,0,0,0,0
110,3494,111.07637110430822,99994,35,15,2,0,486,275,0.007610456627397644,13,13,49575,49740,373,230,0,0,0,0,0,0,99285,0,0,0,0,0,0,0,0,0,0,709,0,0,0,0,0,0
111,3494,112.01866776759876,99994,31,17,2,0,489,281,0.0077004620277216634,16,10,49571,49738,378,233,0,0,0,0,0,0,99274,0,0,0,0,0,0,0,0,0,0,720,0,0,0,0,0,0
112,3494,113.00173897151724,99994,27,19,2,0,491,285,0.007760465627937676,16,7,49569,49737,384,235,0,0,0,0,0,0,99266,0,0,0,0,0,0,0,0,0,0,728,0,0,0,0,0,0
113,3494,114.16156527567102,99994,29,19,2,0,496,288,0.007840470428225693,16,6,49565,49736,386,237,0,0,0,0,0,0,99260,0,0,0,0,0,0,0,0,0,0,734,0,0,0,0,0,0
114,3494,115.05656851049129,99994,25,19,2,0,496,290,0.007860471628297698,16,8,49567,49734,388,237,0,0,0,0,0,0,99255,0,0,1,0,0,0,0,0,0,0,738,0,0,0,0,0,0
115,3494,116.07200258497083,99994,30,18,2,0,505,291,0.00796047762865772,10,9,49565,49732,391,239,0,0,0,0,0,0,99249,0,0,1,0,0,0,0,0,0,0,744,0,0,0,0,0,0
116,3494,117.19612331256549,99994,30,18,2,0,511,294,0.00805048302898174,11,10,49558,49729,397,241,0,0,0,0,0,0,99240,0,0,1,0,0,0,0,0,0,0,753,0,0,0,0,0,0
117,3494,118.10689433461388,99994,28,18,2,0,513,294,0.008070484229053744,13,12,49555,49728,400,240,0,0,0,0,0,0,99236,0,0,1,0,0,0,0,0,0,0,757,0,0,0,0,0,0
118,3494,119.00762188572577,99994,28,23,2,0,518,300,0.008180490829449766,10,13,49554,49722,404,240,0,0,0,0,0,0,99230,0,0,1,0,0,0,0,0,0,0,763,0,0,0,0,0,0
119,3494,120.00883703643856,99994,31,25,2,0,525,304,0.00829049742984579,7,14,49550,49717,408,242,0,0,0,0,0,0,99224,0,0,1,0,0,0,0,0,0,0,769,0,0,0,0,0,0
120,3494,121.13947385530305,99994,26,23,2,0,525,306,0.008310498629917795,13,13,49547,49716,410,246,0,0,0,0,0,0,99215,0,0,1,0,0,0,0,0,0,0,778,0,0,0,0,0,0
121,3494,122.15321446740447,99994,27,21,2,0,528,309,0.008370502230133808,14,13,49543,49713,412,251,0,0,0,0,0,0,99208,0,0,1,0,0,0,0,0,0,0,785,0,0,0,0,0,0
122,3494,123.08856517756666,99994,25,23,2,0,528,312,0.008400504030241814,18,11,49540,49713,413,251,0,0,0,0,0,0,99205,0,0,1,0,0,0,0,0,0,0,788,0,0,0,0,0,0
123,3494,124.24266309959762,99994,24,25,2,0,532,316,0.008480508830529832,21,12,49533,49708,418,253,0,0,0,0,0,0,99198,0,0,1,0,0,0,0,0,0,0,795,0,0,0,0,0,0
124,3494,125.04824790169378,99994,26,27,2,0,537,319,0.00856051363081785,16,10,49533,49707,421,254,0,0,0,0,0,0,99194,0,0,1,0,0,0,0,0,0,0,799,0,0,0,0,0,0
125,3494,126.14824894414853,99994,26,24,2,0,542,322,0.008640518431105866,15,8,49529,49707,426,259,0,0,0,0,0,0,99183,0,0,1,0,0,0,0,0,0,0,810,0,0,0,0,0,0
126,3494,127.1282444875964,99994,25,26,2,0,547,325,0.008720523231393884,16,9,49526,49704,429,259,0,0,0,0,0,0,99176,0,0,1,0,0,0,0,0,0,0,817,0,0,0,0,0,0
127,3494,128.30587551189205,99994,27,21,2,0,552,326,0.008780526831609896,14,11,49525,49701,430,265,0,0,0,0,0,0,99168,0,0,2,0,0,0,0,0,0,0,824,0,0,0,0,0,0
128,3494,129.0126237696915,99994,20,21,2,0,552,328,0.0088005280316819,19,13,49520,49698,437,266,0,0,0,0,0,0,99159,0,0,2,0,0,0,0,0,0,0,833,0,0,0,0,0,0
129,3494,130.0339198621171,99994,19,18,2,0,556,330,0.008860531631897914,23,13,49513,49698,441,269,0,0,0,0,0,0,99149,0,0,2,0,0,0,0,0,0,0,843,0,0,0,0,0,0
130,3494,131.1595864892165,99994,19,21,2,0,561,337,0.008980538832329939,23,8,49511,49697,443,272,0,0,0,0,0,0,99140,0,0,2,0,0,0,0,0,0,0,852,0,0,0,0,0,0
131,3494,132.05319501649382,99994,17,23,2,0,563,340,0.009030541832509951,22,6,49512,49697,445,272,0,0,0,0,0,0,99135,0,0,2,0,0,0,0,0,0,0,857,0,0,0,0,0,0
132,3494,133.0499416214868,99994,17,20,2,0,568,342,0.009100546032761966,21,8,49511,49696,447,274,0,0,0,0,0,0,99125,0,0,2,0,0,0,0,0,0,0,867,0,0,0,0,0,0
133,3494,134.31513094201168,99994,23,16,2,0,577,342,0.009190551433085985,19,9,49506,49698,448,275,0,0,0,0,0,0,99118,0,0,2,0,0,0,0,0,0,0,874,0,0,0,0,0,0
134,3494,135.06169893549128,99994,28,14,2,0,583,343,0.009260555633338,16,9,49504,49698,448,277,0,0,0,0,0,0,99114,0,0,2,0,0,0,0,0,0,0,878,0,0,0,0,0,0
135,3494,136.09329770258438,99994,32,16,2,0,587,345,0.009320559233554014,19,11,49502,49695,443,276,0,0,0,0,0,0,99114,0,0,2,0,0,0,0,0,0,0,878,0,0,0,0,0,0
136,3494,137.06790938977724,99994,30,14,2,0,589,346,0.00935056103366202,18,13,49501,49693,447,278,0,0,0,0,0,0,99107,0,0,2,0,0,0,0,0,0,0,885,0,0,0,0,0,0
137,3494,138.16311084563554,99994,29,10,2,0,593,348,0.009410564633878033,21,13,49498,49692,448,283,0,0,0,0,0,0,99096,0,0,2,0,0,0,0,0,0,0,896,0,0,0,0,0,0
138,3494,139.02803437576546,99994,29,12,2,0,597,351,0.009480568834130048,20,13,49500,49690,447,283,0,0,0,0,0,0,99091,0,0,2,0,0,0,0,0,0,0,901,0,0,0,0,0,0
139,3494,140.0445110638713,99994,30,11,2,0,601,351,0.009520571234274057,19,13,49498,49690,449,284,0,0,0,0,0,0,99087,0,0,2,0,0,0,0,0,0,0,905,0,0,0,0,0,0
140,3494,141.06694948409665,99994,32,12,2,0,607,353,0.009600576034562073,20,12,49493,49690,451,284,0,0,0,0,0,0,99082,0,0,2,0,0,0,0,0,0,0,910,0,0,0,0,0,0
141,3494,142.08199956998982,99994,35,11,2,0,613,354,0.009670580234814088,19,13,49493,49688,449,286,0,0,0,0,0,0,99077,0,0,2,0,0,0,0,0,0,0,915,0,0,0,0,0,0
142,3494,143.12616842081897,99994,40,10,2,0,620,355,0.009750585035102106,16,15,49490,49686,450,287,0,0,0,0,0,0,99073,0,0,2,0,0,0,0,0,0,0,919,0,0,0,0,0,0
143,3494,144.0652724304783,99994,41,12,2,0,626,358,0.009840590435426125,17,15,49484,49685,454,286,0,0,0,0,0,0,99067,0,0,2,0,0,0,0,0,0,0,925,0,0,0,0,0,0
144,3494,145.16883451405903,99994,36,13,2,0,627,360,0.009870592235534131,22,14,49479,49686,459,285,0,0,0,0,0,0,99060,0,0,2,0,0,0,0,0,0,0,932,0,0,0,0,0,0
145,3494,146.1002423700682,99994,37,14,2,0,632,362,0.009940596435786148,22,13,49476,49686,461,285,0,0,0,0,0,0,99055,0,0,2,0,0,0,0,0,0,0,937,0,0,0,0,0,0
146,3494,147.08947886679084,99994,37,18,2,0,639,367,0.010060603636218173,23,10,49472,49684,464,286,0,0,0,0,0,0,99047,0,0,2,0,0,0,0,0,0,0,945,0,0,0,0,0,0
147,3494,148.29839068511836,99994,39,17,2,0,647,368,0.010150609036542193,25,16,49464,49679,468,286,0,0,0,0,0,0,99039,0,0,2,0,0,0,0,0,0,0,953,0,0,0,0,0,0
148,3494,149.14038625036233,99994,41,16,2,0,654,371,0.010250615036902213,21,14,49461,49678,473,290,0,0,0,0,0,0,99030,0,0,2,0,0,0,0,0,0,0,962,0,0,0,0,0,0
149,3494,150.13827556899383,99994,35,15,2,0,660,372,0.01032061923715423,18,16,49458,49677,485,290,0,0,0,0,0,0,99016,0,0,2,0,0,0,0,0,0,0,976,0,0,0,0,0,0
150,3494,151.05891663265137,99994,29,18,2,0,662,376,0.010380622837370242,18,13,49456,49677,493,290,0,0,0,0,0,0,99007,0,0,2,0,0,0,0,0,0,0,985,0,0,0,0,0,0
151,3494,152.0497163387934,99993,29,19,3,0,665,379,0.01044073085115958,17,15,49458,49673,491,291,0,0,0,0,0,0,99002,0,0,2,0,0,0,0,0,0,0,989,0,0,0,0,0,0
152,3494,153.09364788669998,99993,36,20,3,0,676,386,0.010620743452041642,11,11,49455,49671,493,296,0,0,0,0,0,0,98992,0,0,2,0,0,0,0,0,0,0,999,0,0,0,0,0,0
153,3494,154.01275329089728,99993,37,22,3,0,679,389,0.010680747652335664,12,11,49452,49671,494,294,0,0,0,0,0,0,98989,0,0,2,0,0,0,0,0,0,0,1002,0,0,0,0,0,0
154,3494,155.22390456285328,99993,36,19,3,0,682,390,0.010720750452531676,13,15,49451,49668,495,296,0,0,0,0,0,0,98981,0,0,2,0,0,0,0,0,0,0,1010,0,0,0,0,0,0
155,3494,156.06694736335518,99993,34,18,3,0,685,390,0.010750752552678688,15,17,49448,49669,498,294,0,0,0,0,0,0,98975,0,0,2,0,0,0,0,0,0,0,1016,0,0,0,0,0,0
156,3494,157.1916257385334,99993,32,18,3,0,687,392,0.0107907553528747,19,19,49445,49666,499,295,0,0,0,0,0,0,98969,0,0,2,0,0,0,0,0,0,0,1022,0,0,0,0,0,0
157,3494,158.08941291983066,99993,34,22,3,0,694,397,0.010910763753462742,17,16,49443,49664,501,296,0,0,0,0,0,0,98964,0,0,3,0,0,0,0,0,0,0,1026,0,0,0,0,0,0
158,3494,159.00217243326884,99993,35,20,3,0,700,402,0.01102077145400178,15,13,49442,49663,503,302,0,0,0,0,0,0,98952,0,0,3,0,0,0,0,0,0,0,1038,0,0,0,0,0,0
159,3494,160.23392914915814,99993,32,23,3,0,703,409,0.011120778454491815,22,7,49436,49668,505,300,0,0,0,0,0,0,98942,0,0,3,0,0,0,0,0,0,0,1048,0,0,0,0,0,0
160,3494,161.26053693904078,99993,37,20,3,0,710,411,0.011210784754932845,19,7,49432,49666,507,305,0,0,0,0,0,0,98935,0,0,3,0,0,0,0,0,0,0,1055,0,0,0,0,0,0
161,3494,162.09648356824883,99993,36,19,3,0,714,411,0.01125078755512886,24,7,49425,49667,510,305,0,0,0,0,0,0,98929,0,0,3,0,0,0,0,0,0,0,1061,0,0,0,0,0,0
162,3494,163.01096873814703,99993,40,14,3,0,727,414,0.011410798755912914,19,9,49418,49663,518,312,0,0,0,0,0,0,98912,0,0,3,0,0,0,0,0,0,0,1078,0,0,0,0,0,0
163,3494,164.0443402124186,99993,38,14,3,0,729,415,0.011440800856059924,24,11,49412,49660,521,313,0,0,0,0,0,0,98907,0,0,3,0,0,0,0,0,0,0,1083,0,0,0,0,0,0
164,3494,165.25469185665548,99993,34,14,3,0,736,417,0.011530807156500955,26,12,49407,49659,528,313,0,0,0,0,0,0,98894,0,0,3,0,0,0,0,0,0,0,1096,0,0,0,0,0,0
165,3494,166.21383726671272,99993,37,13,3,0,743,418,0.011610812756892982,23,16,49403,49655,532,314,0,0,0,0,0,0,98888,0,0,3,0,0,0,0,0,0,0,1102,0,0,0,0,0,0
166,3494,167.01914612532062,99993,37,13,3,0,748,420,0.011680817657236007,22,14,49401,49656,535,315,0,0,0,0,0,0,98881,0,0,3,0,0,0,0,0,0,0,1109,0,0,0,0,0,0
167,3494,168.09302673416568,99993,37,13,3,0,750,423,0.011730821157481024,25,13,49396,49654,537,318,0,0,0,0,0,0,98876,0,0,3,0,0,0,0,0,0,0,1114,0,0,0,0,0,0
168,3494,169.13728921112596,99993,40,15,3,0,756,426,0.011820827457922055,26,13,49391,49652,538,318,0,0,0,0,0,0,98872,0,0,3,0,0,0,0,0,0,0,1118,0,0,0,0,0,0
169,3494,170.28639896520977,99993,46,14,3,0,763,428,0.011910833758363085,31,14,49381,49649,537,321,0,0,0,0,0,0,98868,0,0,3,0,0,0,0,0,0,0,1122,0,0,0,0,0,0
170,3494,171.0026075439271,99993,49,13,3,0,768,429,0.011970837958657107,31,13,49377,49649,538,323,0,0,0,0,0,0,98864,0,0,3,0,0,0,0,0,0,0,1126,0,0,0,0,0,0
171,3494,172.2362465644782,99992,58,11,4,0,783,430,0.012130970477638212,25,15,49371,49648,540,324,0,0,0,0,0,0,98855,0,0,3,0,0,0,0,0,0,0,1134,0,0,0,0,0,0
172,3494,173.33205434709407,99992,53,12,4,0,789,433,0.012220977678214257,30,19,49364,49643,547,324,0,0,0,0,0,0,98842,0,0,3,0,0,0,0,0,0,0,1147,0,0,0,0,0,0
173,3494,174.08717649904096,99992,54,13,4,0,792,435,0.012270981678534283,28,17,49365,49643,547,325,0,0,0,0,0,0,98839,0,0,3,0,0,0,0,0,0,0,1150,0,0,0,0,0,0
174,3494,175.1734709471923,99992,51,16,4,0,796,438,0.01234098727898232,30,19,49361,49638,552,325,0,0,0,0,0,0,98832,0,0,3,0,0,0,0,0,0,0,1157,0,0,0,0,0,0
175,3494,176.050804334518,99992,53,19,4,0,805,443,0.01248099847987839,31,16,49354,49637,556,326,0,0,0,0,0,0,98823,0,0,3,0,0,0,0,0,0,0,1166,0,0,0,0,0,0
176,3494,177.12389759594075,99992,57,18,4,0,814,445,0.012591007280582447,30,17,49348,49634,559,329,0,0,0,0,0,0,98815,0,0,3,0,0,0,0,0,0,0,1174,0,0,0,0,0,0
177,3494,178.07799005317986,99992,57,24,4,0,822,453,0.012751020081606529,30,13,49340,49631,567,330,0,0,0,0,0,0,98805,0,0,3,0,0,0,0,0,0,0,1184,0,0,0,0,0,0
178,3494,179.08560013143983,99992,58,27,4,0,829,458,0.01287102968237459,29,11,49336,49629,571,331,0,0,0,0,0,0,98797,0,0,3,0,0,0,0,0,0,0,1192,0,0,0,0,0,0
179,3494,180.0203695368269,99992,57,24,4,0,841,463,0.013041043283462677,30,12,49325,49626,582,336,0,0,0,0,0,0,98776,0,0,3,0,0,0,0,0,0,0,1213,0,0,0,0,0,0
180,3494,181.0294237526004,99992,60,23,4,0,849,466,0.013151052084166732,32,16,49315,49619,587,340,0,0,0,0,0,0,98767,0,0,3,0,0,0,0,0,0,0,1222,0,0,0,0,0,0
181,3494,182.0565955248217,99992,58,23,4,0,860,469,0.013291063285062805,30,15,49306,49618,600,342,0,0,0,0,0,0,98751,0,0,3,0,0,0,0,0,0,0,1238,0,0,0,0,0,0
182,3494,183.02591853324037,99992,57,22,4,0,867,472,0.013391071285702856,27,17,49304,49616,606,343,0,0,0,0,0,0,98739,0,0,3,0,0,0,0,0,0,0,1250,0,0,0,0,0,0
183,3494,184.00055675200554,99992,50,24,4,0,873,479,0.013521081686534923,29,14,49301,49612,614,348,0,0,0,0,0,0,98721,0,0,3,0,0,0,0,0,0,0,1268,0,0,0,0,0,0
184,3494,185.08802578434077,99992,51,25,4,0,880,482,0.013621089687174974,29,13,49296,49610,618,350,0,0,0,0,0,0,98713,0,0,3,0,0,0,0,0,0,0,1276,0,0,0,0,0,0
185,3494,186.13212820353868,99992,53,31,4,0,893,491,0.013841107288583086,22,10,49294,49606,625,351,0,0,0,0,0,0,98699,0,0,3,0,0,0,0,0,0,0,1290,0,0,0,0,0,0
186,3494,187.00272512115404,99992,52,28,4,0,895,493,0.013881110488839107,24,17,49290,49597,628,356,0,0,0,0,0,0,98691,0,0,3,0,0,0,0,0,0,0,1298,0,0,0,0,0,0
187,3494,188.02587071189342,99992,60,25,4,0,906,496,0.01402112168973518,19,16,49288,49595,627,362,0,0,0,0,0,0,98682,0,0,3,0,0,0,0,0,0,0,1307,0,0,0,0,0,0
188,3494,189.14042269963832,99992,51,27,4,0,913,500,0.014131130490439235,19,17,49282,49592,642,362,0,0,0,0,0,0,98664,0,0,3,0,0,0,0,0,0,0,1325,0,0,0,0,0,0
189,3494,190.21325115322819,99992,50,27,4,0,920,502,0.014221137691015281,19,17,49277,49592,648,362,0,0,0,0,0,0,98654,0,0,3,0,0,0,0,0,0,0,1335,0,0,0,0,0,0
190,3494,191.20792198984597,99992,47,27,4,0,925,508,0.014331146491719338,26,12,49268,49591,653,368,0,0,0,0,0,0,98641,0,0,4,0,0,0,0,0,0,0,1347,0,0,0,0,0,0
191,3494,192.11875949056284,99992,45,25,4,0,934,510,0.014441155292423393,27,12,49261,49591,661,370,0,0,0,0,0,0,98626,0,0,4,0,0,0,0,0,0,0,1362,0,0,0,0,0,0
192,3494,193.01685893100375,99992,42,23,4,0,939,514,0.01453116249299944,32,13,49251,49588,669,374,0,0,0,0,0,0,98612,0,0,4,0,0,0,0,0,0,0,1376,0,0,0,0,0,0
193,3494,194.13508090129505,99992,38,19,4,0,942,517,0.01459116729338347,36,13,49246,49585,674,381,0,0,0,0,0,0,98598,0,0,4,0,0,0,0,0,0,0,1390,0,0,0,0,0,0
194,3494,195.08457175160694,99992,38,15,4,0,945,521,0.014661172893831507,38,13,49242,49583,676,387,0,0,0,0,0,0,98587,0,0,4,0,0,0,0,0,0,0,1401,0,0,0,0,0,0
195,3494,196.04318413839152,99992,39,17,4,0,957,524,0.014811184894791583,32,13,49240,49581,683,387,0,0,0,0,0,0,98575,0,0,4,0,0,0,0,0,0,0,1413,0,0,0,0,0,0
196,3494,197.09010727206686,99992,39,22,4,0,962,530,0.01492119369549564,31,11,49239,49577,685,388,0,0,0,0,0,0,98569,0,0,4,0,0,0,0,0,0,0,1419,0,0,0,0,0,0
197,3494,198.03120376498373,99992,44,18,4,0,971,531,0.01502120169613569,30,11,49235,49577,685,392,0,0,0,0,0,0,98560,0,0,4,0,0,0,0,0,0,0,1428,0,0,0,0,0,0
198,3494,199.15566795199717,99992,45,21,4,0,979,534,0.015131210496839747,29,12,49233,49574,687,391,0,0,0,0,0,0,98553,0,0,4,0,0,0,0,0,0,0,1435,0,0,0,0,0,0
199,3494,200.0977673064375,99992,51,19,4,0,990,536,0.015261220897671814,24,13,49230,49572,689,394,0,0,0,0,0,0,98544,0,0,4,0,0,0,0,0,0,0,1444,0,0,0,0,0,0
200,3494,201.16329852677086,99992,50,20,4,0,997,538,0.01535122809824786,33,15,49215,49570,696,393,0,0,0,0,0,0,98535,0,0,4,0,0,0,0,0,0,0,1453,0,0,0,0,0,0
201,3494,202.16741099426827,99992,54,24,4,0,1010,542,0.015521241699335947,31,15,49205,49566,704,393,0,0,0,0,0,0,98526,0,0,4,0,0,0,0,0,0,0,1462,0,0,0,0,0,0
202,3494,203.0039303355733,99992,55,22,4,0,1017,544,0.015611248899911993,34,18,49196,49561,709,397,0,0,0,0,0,0,98516,0,0,4,0,0,0,0,0,0,0,1472,0,0,0,0,0,0
203,3494,204.22381889075012,99992,58,29,4,0,1036,553,0.015891271301704136,31,18,49185,49552,720,399,0,0,0,0,0,0,98498,0,0,4,0,0,0,0,0,0,0,1490,0,0,0,0,0,0
204,3494,205.0476191776779,99992,59,30,4,0,1043,557,0.016001280102408193,30,15,49179,49551,726,402,0,0,0,0,0,0,98489,0,0,4,0,0,0,0,0,0,0,1499,0,0,0,0,0,0
205,3494,206.18500684107943,99992,60,29,4,0,1051,562,0.016131290503240258,33,18,49170,49543,731,408,0,0,0,0,0,0,98476,0,0,4,0,0,0,0,0,0,0,1512,0,0,0,0,0,0
206,3494,207.16792989705732,99992,57,29,4,0,1056,567,0.01623129850388031,35,16,49168,49541,734,412,0,0,0,0,0,0,98463,0,0,4,0,0,0,0,0,0,0,1525,0,0,0,0,0,0
207,3494,208.2717366314541,99992,57,31,4,0,1063,570,0.016331306504520363,40,19,49158,49537,739,411,0,0,0,0,0,0,98455,0,0,4,0,0,0,0,0,0,0,1533,0,0,0,0,0,0
208,3494,209.16337821361282,99992,61,31,4,0,1071,573,0.016441315305224417,37,17,49153,49536,743,414,0,0,0,0,0,0,98448,0,0,4,0,0,0,0,0,0,0,1540,0,0,0,0,0,0
209,3494,210.03457768254628,99992,65,33,4,0,1083,577,0.0166013281062485,35,16,49143,49536,751,413,0,0,0,0,0,0,98438,0,0,4,0,0,0,0,0,0,0,1550,0,0,0,0,0,0
210,3494,211.28148670375202,99992,66,34,4,0,1097,584,0.016811344907592608,39,15,49130,49534,759,415,0,0,0,0,0,0,98419,0,0,4,0,0,0,0,0,0,0,1569,0,0,0,0,0,0
211,3494,212.1826862857963,99992,65,33,4,0,1101,587,0.016881350508040644,43,16,49125,49533,761,416,0,0,0,0,0,0,98410,0,0,4,0,0,0,0,0,0,0,1578,0,0,0,0,0,0
212,3494,213.01715396834587,99992,61,26,4,0,1111,589,0.017001360108808705,44,23,49116,49525,773,424,0,0,0,0,0,0,98388,0,0,5,0,0,0,0,0,0,0,1599,0,0,0,0,0,0
213,3494,214.02172212464828,99992,56,26,4,0,1117,594,0.017111368909512762,50,18,49105,49525,783,429,0,0,0,0,0,0,98372,0,0,5,0,0,0,0,0,0,0,1615,0,0,0,0,0,0
214,3494,215.25916274003063,99991,66,27,5,0,1140,598,0.017381564340790672,42,21,49095,49519,790,431,0,0,0,0,0,0,98356,0,0,5,0,0,0,0,0,0,0,1630,0,0,0,0,0,0
215,3494,216.26411248251256,99991,68,27,5,0,1147,603,0.01750157514176276,48,21,49086,49515,791,435,0,0,0,0,0,0,98346,0,0,5,0,0,0,0,0,0,0,1640,0,0,0,0,0,0
216,3494,217.21017575946723,99991,76,30,5,0,1165,610,0.01775159764378794,34,19,49083,49510,800,439,0,0,0,0,0,0,98332,0,0,5,0,0,0,0,0,0,0,1654,0,0,0,0,0,0
217,3494,218.04363325952767,99991,78,33,5,0,1172,615,0.017871608444760028,32,20,49081,49505,802,440,0,0,0,0,0,0,98325,0,0,5,0,0,0,0,0,0,0,1661,0,0,0,0,0,0
218,3494,219.09304236618996,99991,75,27,5,0,1177,619,0.017961616545489095,39,25,49072,49498,807,448,0,0,0,0,0,0,98309,0,0,7,0,0,0,0,0,0,0,1675,0,0,0,0,0,0
219,3494,220.09838087903768,99991,74,31,5,0,1187,626,0.018131631846866218,44,23,49058,49495,817,449,0,0,0,0,0,0,98295,0,0,7,0,0,0,0,0,0,0,1689,0,0,0,0,0,0
220,3494,221.10393920504538,99991,78,32,5,0,1203,630,0.018331649848486363,38,23,49052,49492,825,451,0,0,0,0,0,0,98280,0,0,7,0,0,0,0,0,0,0,1704,0,0,0,0,0,0
221,3494,222.20882035974634,99991,76,39,5,0,1215,638,0.01853166785010651,36,20,49043,49487,838,452,0,0,0,0,0,0,98265,0,0,7,0,0,0,0,0,0,0,1719,0,0,0,0,0,0
222,3494,223.02725005192949,99991,73,40,5,0,1222,645,0.01867168045124061,41,19,49038,49482,841,457,0,0,0,0,0,0,98250,0,0,8,0,0,0,0,0,0,0,1733,0,0,0,0,0,0
223,3494,224.07714656754544,99990,63,39,6,0,1227,650,0.01877187718771877,45,24,49034,49473,850,462,0,0,0,0,0,0,98230,0,0,9,0,0,0,0,0,0,0,1751,0,0,0,0,0,0
224,3494,225.08325838469085,99990,64,41,6,0,1236,656,0.01892189218921892,49,23,49026,49469,853,465,0,0,0,0,0,0,98219,0,0,10,0,0,0,0,0,0,0,1761,0,0,0,0,0,0
225,3494,226.08950250931628,99990,71,41,6,0,1250,658,0.01908190819081908,50,30,49015,49460,856,467,0,0,0,0,0,0,98210,0,0,10,0,0,0,0,0,0,0,1770,0,0,0,0,0,0
226,3494,227.0958544518686,99990,67,41,6,0,1257,662,0.01919191919191919,54,30,49007,49457,864,470,0,0,0,0,0,0,98195,0,0,10,0,0,0,0,0,0,0,1785,0,0,0,0,0,0
227,3494,228.1023326530804,99990,71,45,6,0,1273,671,0.01944194419441944,44,29,49005,49450,872,474,0,0,0,0,0,0,98178,0,0,10,0,0,0,0,0,0,0,1802,0,0,0,0,0,0
228,3494,229.10889992833728,99990,73,48,6,0,1286,681,0.01967196719671967,41,27,48999,49444,879,479,0,0,0,0,0,0,98160,0,0,10,0,0,0,0,0,0,0,1820,0,0,0,0,0,0
229,3494,230.11557084031122,99990,70,47,6,0,1291,689,0.019801980198019802,47,24,48990,49439,885,488,0,0,0,0,0,0,98143,0,0,10,0,0,0,0,0,0,0,1837,0,0,0,0,0,0
230,3494,231.12241537006588,99990,70,44,6,0,1300,693,0.01993199319931993,47,25,48984,49435,891,494,0,0,0,0,0,0,98127,0,0,10,0,0,0,0,0,0,0,1853,0,0,0,0,0,0
231,3494,232.12942032733298,99990,71,45,6,0,1315,701,0.020162016201620163,40,26,48981,49430,900,497,0,0,0,0,0,0,98107,0,0,11,0,0,0,0,0,0,0,1872,0,0,0,0,0,0
232,3494,233.13656159432682,99990,66,45,6,0,1324,708,0.020322032203220323,42,21,48973,49430,911,502,0,0,0,0,0,0,98086,0,0,11,0,0,0,0,0,0,0,1893,0,0,0,0,0,0
233,3494,234.1438962329252,99990,72,48,6,0,1335,714,0.020492049204920492,41,21,48966,49425,913,504,0,0,0,0,0,0,98078,0,0,11,0,0,0,0,0,0,0,1901,0,0,0,0,0,0
234,3494,235.0098685734235,99990,68,40,6,0,1345,719,0.020642064206420643,47,25,48952,49417,925,516,0,0,0,0,0,0,98052,0,0,12,0,0,0,0,0,0,0,1926,0,0,0,0,0,0
235,3494,236.01755934581257,99989,65,37,7,0,1352,725,0.020772284951344647,50,26,48943,49412,933,523,0,0,0,0,0,0,98033,0,0,12,0,0,0,0,0,0,0,1944,0,0,0,0,0,0
236,3494,237.02543325321065,99989,59,45,7,0,1359,736,0.020952304753522888,48,18,48939,49414,945,521,0,0,0,0,0,0,98017,0,0,12,0,0,0,0,0,0,0,1960,0,0,0,0,0,0
237,3494,238.1945134264297,99989,56,47,7,0,1367,739,0.021062316854854032,50,19,48933,49412,952,520,0,0,0,0,0,0,98006,0,0,13,0,0,0,0,0,0,0,1970,0,0,0,0,0,0
238,3494,239.11488351241417,99989,58,51,7,0,1378,747,0.021252337757153288,42,16,48931,49408,960,523,0,0,0,0,0,0,97994,0,0,14,0,0,0,0,0,0,0,1981,0,0,0,0,0,0
239,3494,240.00629337482866,99989,60,49,7,0,1389,753,0.021422356459210513,42,12,48923,49407,966,530,0,0,0,0,0,0,97978,0,0,15,0,0,0,0,0,0,0,1996,0,0,0,0,0,0
240,3494,241.05157532673132,99989,64,42,7,0,1404,754,0.021582374061146724,42,16,48912,49405,973,535,0,0,0,0,0,0,97959,0,0,15,0,0,0,0,0,0,0,2015,0,0,0,0,0,0
241,3494,242.04353209211465,99989,65,41,7,0,1415,758,0.021732390562961924,51,18,48896,49401,979,538,0,0,0,0,0,0,97944,0,0,15,0,0,0,0,0,0,0,2030,0,0,0,0,0,0
242,3494,243.03226113686324,99989,76,40,7,0,1432,762,0.021942413665503206,46,19,48886,49398,983,541,0,0,0,0,0,0,97933,0,0,15,0,0,0,0,0,0,0,2041,0,0,0,0,0,0
243,3494,244.05262741434098,99989,80,36,7,0,1444,767,0.02211243236756043,42,18,48882,49396,987,548,0,0,0,0,0,0,97916,0,0,15,0,0,0,0,0,0,0,2058,0,0,0,0,0,0
244,3494,245.28685705687624,99989,76,35,7,0,1458,771,0.022292452169738672,42,24,48873,49389,1000,550,0,0,0,0,0,0,97893,0,0,15,0,0,0,0,0,0,0,2081,0,0,0,0,0,0
245,3494,246.2961826226256,99989,82,32,7,0,1469,776,0.022452469771674883,46,24,48858,49384,1005,558,0,0,0,0,0,0,97880,0,0,15,0,0,0,0,0,0,0,2094,0,0,0,0,0,0
246,3494,247.30575009674007,99989,74,34,7,0,1476,781,0.022572482973127046,54,22,48845,49381,1018,561,0,0,0,0,0,0,97862,0,0,15,0,0,0,0,0,0,0,2112,0,0,0,0,0,0
247,3494,248.3155472434901,99989,79,42,7,0,1488,791,0.022792507175789338,50,18,48838,49376,1024,562,0,0,0,0,0,0,97853,0,0,15,0,0,0,0,0,0,0,2121,0,0,0,0,0,0
248,3494,249.01436790589403,99989,80,45,7,0,1497,797,0.022942523677604538,49,18,48832,49371,1030,564,0,0,0,0,0,0,97842,0,0,15,0,0,0,0,0,0,0,2132,0,0,0,0,0,0
249,3494,250.31168771335462,99989,85,42,7,0,1518,802,0.023202552280750882,49,20,48813,49367,1044,569,0,0,0,0,0,0,97819,0,0,16,0,0,0,0,0,0,0,2154,0,0,0,0,0,0
250,3494,251.3220550177523,99989,87,41,7,0,1530,806,0.023362569882687097,47,21,48809,49365,1048,571,0,0,0,0,0,0,97804,0,0,16,0,0,0,0,0,0,0,2169,0,0,0,0,0,0
251,3494,252.14147807096234,99989,78,43,7,0,1537,811,0.023482583084139256,52,25,48799,49359,1062,571,0,0,0,0,0,0,97785,0,0,16,0,0,0,0,0,0,0,2188,0,0,0,0,0,0
252,3494,253.15211984502344,99988,80,44,8,0,1548,816,0.023642837140456854,49,30,48795,49352,1066,572,0,0,0,0,0,0,97772,0,0,16,0,0,0,0,0,0,0,2200,0,0,0,0,0,0
253,3494,254.1628682744096,99988,75,44,8,0,1557,823,0.023802856342761133,54,28,48786,49351,1075,575,0,0,0,0,0,0,97751,0,0,16,0,0,0,0,0,0,0,2221,0,0,0,0,0,0
254,3494,255.17377772159998,99988,79,51,8,0,1572,834,0.024062887546505582,51,27,48779,49344,1081,576,0,0,0,0,0,0,97737,0,0,17,0,0,0,0,0,0,0,2234,0,0,0,0,0,0
255,3494,256.184808576333,99988,78,55,8,0,1583,843,0.024262911549385927,54,24,48770,49339,1088,580,0,0,0,0,0,0,97720,0,0,17,0,0,0,0,0,0,0,2251,0,0,0,0,0,0
256,3494,257.1960076280884,99988,76,54,8,0,1592,850,0.024422930751690202,56,24,48762,49337,1096,583,0,0,0,0,0,0,97702,0,0,18,0,0,0,0,0,0,0,2268,0,0,0,0,0,0
257,3494,258.2073764460228,99988,78,50,8,0,1604,856,0.024602952354282514,52,22,48756,49335,1104,591,0,0,0,0,0,0,97682,0,0,18,0,0,0,0,0,0,0,2288,0,0,0,0,0,0
258,3494,259.2189213542616,99988,74,45,8,0,1610,859,0.02469296315557867,63,26,48741,49331,1112,596,0,0,0,0,0,0,97665,0,0,19,0,0,0,0,0,0,0,2304,0,0,0,0,0,0
259,3494,260.2306835127087,99988,76,45,8,0,1626,866,0.024922990758891067,67,28,48723,49323,1124,602,0,0,0,0,0,0,97644,0,0,19,0,0,0,0,0,0,0,2325,0,0,0,0,0,0
260,3494,261.2427798351243,99987,75,46,9,0,1641,873,0.02514326862492124,66,36,48712,49308,1136,608,0,0,0,0,0,0,97622,0,0,19,0,0,0,0,0,0,0,2346,0,0,0,0,0,0
261,3494,262.25507790364355,99987,78,51,9,0,1655,882,0.025373298528808746,69,35,48699,49304,1143,608,0,0,0,0,0,0,97608,0,0,20,0,0,0,0,0,0,0,2359,0,0,0,0,0,0
262,3494,263.2675105996838,99987,85,52,9,0,1671,891,0.025623331033034293,64,33,48693,49297,1147,616,0,0,0,0,0,0,97592,0,0,21,0,0,0,0,0,0,0,2374,0,0,0,0,0,0
263,3494,264.280092771783,99987,86,45,9,0,1683,896,0.02579335313590767,63,37,48686,49291,1154,625,0,0,0,0,0,0,97569,0,0,21,0,0,0,0,0,0,0,2397,0,0,0,0,0,0
264,3494,265.2928686007445,99987,86,52,9,0,1696,907,0.026033384339964195,65,31,48675,49288,1163,627,0,0,0,0,0,0,97552,0,0,21,0,0,0,0,0,0,0,2414,0,0,0,0,0,0
265,3494,266.3058180771498,99987,86,52,9,0,1709,916,0.026253412943682677,72,29,48658,49286,1173,631,0,0,0,0,0,0,97530,0,0,21,0,0,0,0,0,0,0,2436,0,0,0,0,0,0
266,3494,267.3190490744724,99987,89,51,9,0,1730,921,0.02651344674807725,63,30,48651,49280,1186,637,0,0,0,0,0,0,97506,0,0,21,0,0,0,0,0,0,0,2460,0,0,0,0,0,0
267,3494,268.3324899422284,99987,92,47,9,0,1748,929,0.02677348055247182,58,31,48645,49274,1194,646,0,0,0,0,0,0,97479,0,0,21,0,0,0,0,0,0,0,2487,0,0,0,0,0,0
268,3494,269.0082180425081,99987,99,48,9,0,1763,933,0.026963505255683237,60,34,48631,49268,1199,648,0,0,0,0,0,0,97468,0,0,21,0,0,0,0,0,0,0,2498,0,0,0,0,0,0
269,3494,270.021997288619,99987,98,42,9,0,1779,940,0.027193535159570743,57,41,48620,49256,1214,659,0,0,0,0,0,0,97438,0,0,21,0,0,0,0,0,0,0,2528,0,0,0,0,0,0
270,3494,271.0360623061681,99987,99,53,9,0,1794,954,0.02748357286447238,56,31,48609,49253,1225,661,0,0,0,0,0,0,97421,0,0,21,0,0,0,0,0,0,0,2545,0,0,0,0,0,0
271,3494,272.05030306841786,99987,104,53,9,0,1808,964,0.027723604068528907,58,28,48599,49250,1228,667,0,0,0,0,0,0,97402,0,0,21,0,0,0,0,0,0,0,2564,0,0,0,0,0,0
272,3494,273.0646984471048,99987,103,50,9,0,1826,971,0.027973636572754458,60,36,48586,49236,1240,676,0,0,0,0,0,0,97374,0,0,22,0,0,0,0,0,0,0,2591,0,0,0,0,0,0
273,3494,274.07936107306233,99987,98,46,9,0,1839,978,0.0281736625761349,66,35,48572,49234,1253,683,0,0,0,0,0,0,97345,0,0,22,0,0,0,0,0,0,0,2620,0,0,0,0,0,0
274,3494,275.0943410013382,99987,95,45,9,0,1854,984,0.02838368987968436,67,35,48558,49231,1269,687,0,0,0,0,0,0,97321,0,0,23,0,0,0,0,0,0,0,2643,0,0,0,0,0,0
275,3494,276.10963303186605,99987,97,51,9,0,1869,996,0.028653724984247952,63,35,48550,49221,1279,691,0,0,0,0,0,0,97302,0,0,23,0,0,0,0,0,0,0,2662,0,0,0,0,0,0
276,3494,277.1251107655343,99987,93,53,9,0,1883,1009,0.028923760088811545,61,29,48544,49216,1291,700,0,0,0,0,0,0,97273,0,0,23,0,0,0,0,0,0,0,2691,0,0,0,0,0,0
277,3494,278.1407643944695,99987,89,53,9,0,1897,1018,0.02915378999269905,62,31,48531,49207,1307,707,0,0,0,0,0,0,97246,0,0,23,0,0,0,0,0,0,0,2718,0,0,0,0,0,0
278,3494,279.15672640521075,99987,96,48,9,0,1918,1024,0.029423825097262643,51,31,48525,49205,1317,714,0,0,0,0,0,0,97224,0,0,26,0,0,0,0,0,0,0,2737,0,0,0,0,0,0
279,3494,280.1728669709222,99987,101,50,9,0,1936,1033,0.02969386020182624,47,26,48516,49204,1325,718,0,0,0,0,0,0,97204,0,0,26,0,0,0,0,0,0,0,2757,0,0,0,0,0,0
280,3494,281.1891880396867,99987,95,47,9,0,1944,1041,0.02985388100453059,53,23,48507,49201,1334,727,0,0,0,0,0,0,97180,0,0,27,0,0,0,0,0,0,0,2780,0,0,0,0,0,0
281,3494,282.2057142119228,99987,101,48,9,0,1964,1049,0.030133917409263203,49,28,48502,49191,1337,731,0,0,0,0,0,0,97159,0,0,27,0,0,0,0,0,0,0,2801,0,0,0,0,0,0
282,3494,283.2223268706073,99987,97,51,9,0,1974,1055,0.030293938211967558,57,29,48487,49186,1348,732,0,0,0,0,0,0,97143,0,0,28,0,0,0,0,0,0,0,2816,0,0,0,0,0,0
283,3494,284.239184590015,99987,99,46,9,0,1986,1059,0.03045395901467191,64,31,48475,49181,1351,740,0,0,0,0,0,0,97124,0,0,28,0,0,0,0,0,0,0,2835,0,0,0,0,0,0
284,3494,285.2562229951934,99987,94,47,9,0,1999,1068,0.03067398761839039,66,32,48464,49174,1365,745,0,0,0,0,0,0,97098,0,0,28,0,0,0,0,0,0,0,2861,0,0,0,0,0,0
285,3494,286.27354398328464,99987,102,55,9,0,2019,1080,0.030994029223799093,60,31,48452,49167,1375,745,0,0,0,0,0,0,97082,0,0,28,0,0,0,0,0,0,0,2877,0,0,0,0,0,0
286,3494,287.291038925032,99987,105,51,9,0,2037,1087,0.031244061728024644,53,34,48445,49163,1386,750,0,0,0,0,0,0,97056,0,0,28,0,0,0,0,0,0,0,2903,0,0,0,0,0,0
287,3494,288.30870529022144,99987,106,51,9,0,2051,1094,0.0314540890315741,56,37,48434,49158,1393,752,0,0,0,0,0,0,97037,0,0,29,0,0,0,0,0,0,0,2921,0,0,0,0,0,0
288,3494,289.32656996068994,99987,110,42,9,0,2065,1098,0.0316341124346165,67,46,48412,49146,1400,764,0,0,0,0,0,0,97014,0,0,29,0,0,0,0,0,0,0,2944,0,0,0,0,0,0
289,3494,290.005299890983,99987,110,44,9,0,2071,1105,0.03176412933681379,71,44,48405,49142,1403,768,0,0,0,0,0,0,97003,0,0,29,0,0,0,0,0,0,0,2955,0,0,0,0,0,0
290,3494,291.02363750826936,99987,114,47,9,0,2094,1113,0.032074169642053466,65,45,48395,49133,1415,773,0,0,0,0,0,0,96979,0,0,29,0,0,0,0,0,0,0,2979,0,0,0,0,0,0
291,3494,292.04215691349503,99987,108,51,9,0,2114,1124,0.03238420994729315,67,44,48378,49130,1436,773,0,0,0,0,0,0,96948,0,0,31,0,0,0,0,0,0,0,3008,0,0,0,0,0,0
292,3494,293.060994345332,99987,110,50,9,0,2129,1133,0.032624241151349674,71,47,48363,49121,1445,780,0,0,0,0,0,0,96926,0,0,32,0,0,0,0,0,0,0,3029,0,0,0,0,0,0
293,3494,294.0800839540579,99987,119,50,9,0,2152,1142,0.032944282756758377,66,48,48350,49112,1454,788,0,0,0,0,0,0,96903,0,0,32,0,0,0,0,0,0,0,3052,0,0,0,0,0,0
294,3494,295.09942696794184,99987,112,49,9,0,2164,1147,0.03311430485963175,63,49,48346,49108,1468,792,0,0,0,0,0,0,96878,0,0,32,0,0,0,0,0,0,0,3077,0,0,0,0,0,0
295,3494,296.1189552869624,99987,110,48,9,0,2179,1155,0.03334433476351926,63,52,48338,49100,1478,798,0,0,0,0,0,0,96853,0,0,33,0,0,0,0,0,0,0,3101,0,0,0,0,0,0
296,3494,297.1386863212896,99987,116,50,9,0,2202,1168,0.03370438156960405,57,49,48330,49092,1486,807,0,0,0,0,0,0,96826,0,0,34,0,0,0,0,0,0,0,3127,0,0,0,0,0,0
297,3494,298.1585697689433,99987,113,56,9,0,2220,1181,0.03401442187484373,62,48,48311,49083,1503,811,0,0,0,0,0,0,96798,0,0,34,0,0,0,0,0,0,0,3155,0,0,0,0,0,0
298,3494,299.17875002595605,99987,116,59,9,0,2232,1192,0.034244451778731234,68,46,48298,49077,1507,816,0,0,0,0,0,0,96781,0,0,34,0,0,0,0,0,0,0,3172,0,0,0,0,0,0
299,3494,300.1991723139438,99987,109,62,9,0,2244,1203,0.03447448168261874,77,46,48282,49069,1521,821,0,0,0,0,0,0,96755,0,0,35,0,0,0,0,0,0,0,3197,0,0,0,0,0,0
300,3494,301.2199071740521,99987,111,58,9,0,2263,1211,0.034744516787182336,72,54,48273,49058,1533,828,0,0,0,0,0,0,96726,0,0,35,0,0,0,0,0,0,0,3226,0,0,0,0,0,0
301,3494,302.24079247934816,99987,110,62,9,0,2276,1224,0.03500455059157691,72,54,48264,49047,1543,835,0,0,0,0,0,0,96704,0,0,36,0,0,0,0,0,0,0,3247,0,0,0,0,0,0
302,3494,303.26187448625103,99986,108,60,10,0,2290,1233,0.035234932890604684,80,52,48244,49041,1556,845,0,0,0,0,0,0,96679,0,0,38,0,0,0,0,0,0,0,3269,0,0,0,0,0,0
303,3494,304.28330387375723,99986,118,61,10,0,2311,1245,0.03556497909707359,75,50,48233,49032,1562,855,0,0,0,0,0,0,96658,0,0,39,0,0,0,0,0,0,0,3289,0,0,0,0,0,0
304,3494,305.3049511056582,99986,123,63,10,0,2335,1256,0.03591502810393455,72,48,48218,49028,1575,859,0,0,0,0,0,0,96631,0,0,40,0,0,0,0,0,0,0,3315,0,0,0,0,0,0
305,3494,306.3268425302565,99986,133,60,10,0,2356,1268,0.036245074310403455,68,48,48206,49019,1581,871,0,0,0,0,0,0,96605,0,0,40,0,0,0,0,0,0,0,3341,0,0,0,0,0,0
306,3494,307.00823879242563,99986,124,61,10,0,2370,1277,0.036475106514912085,65,43,48198,49015,1601,879,0,0,0,0,0,0,96575,0,0,41,0,0,0,0,0,0,0,3370,0,0,0,0,0,0
307,3494,308.0306352825693,99986,130,52,10,0,2388,1285,0.036735142920008804,61,50,48186,49004,1611,892,0,0,0,0,0,0,96547,0,0,42,0,0,0,0,0,0,0,3397,0,0,0,0,0,0
308,3494,309.05337518843396,99986,132,62,10,0,2411,1297,0.037085191926869765,55,48,48174,48995,1627,893,0,0,0,0,0,0,96524,0,0,42,0,0,0,0,0,0,0,3420,0,0,0,0,0,0
309,3494,310.07633079197484,99986,128,65,10,0,2426,1307,0.037335226931770445,59,48,48157,48987,1644,898,0,0,0,0,0,0,96499,0,0,43,0,0,0,0,0,0,0,3444,0,0,0,0,0,0
310,3494,311.09961055582846,99986,128,66,10,0,2440,1315,0.03755525773608305,63,53,48144,48976,1653,903,0,0,0,0,0,0,96478,0,0,43,0,0,0,0,0,0,0,3465,0,0,0,0,0,0
311,3494,312.1231032645324,99986,118,64,10,0,2451,1326,0.037775288540395656,69,52,48135,48971,1666,911,0,0,0,0,0,0,96446,0,0,45,0,0,0,0,0,0,0,3495,0,0,0,0,0,0
312,3494,313.14682780992035,99986,112,67,10,0,2470,1337,0.03807533054627648,68,50,48123,48967,1685,914,0,0,0,0,0,0,96413,0,0,45,0,0,0,0,0,0,0,3528,0,0,0,0,0,0
313,3494,314.17090966325014,99986,103,78,10,0,2482,1355,0.038375372552157304,75,42,48111,48961,1699,917,0,0,0,0,0,0,96385,0,0,45,0,0,0,0,0,0,0,3556,0,0,0,0,0,0
314,3494,315.19526979574584,99986,101,83,10,0,2503,1369,0.038725421559018265,71,35,48102,48957,1714,923,0,0,0,0,0,0,96353,0,0,45,0,0,0,0,0,0,0,3588,0,0,0,0,0,0
315,3494,316.219866457209,99986,109,78,10,0,2527,1376,0.039035464965095114,72,41,48081,48945,1726,934,0,0,0,0,0,0,96325,0,0,45,0,0,0,0,0,0,0,3616,0,0,0,0,0,0
316,3494,317.2447829571771,99986,99,82,10,0,2545,1392,0.039375512571760043,71,34,48070,48941,1748,941,0,0,0,0,0,0,96286,0,0,46,0,0,0,0,0,0,0,3654,0,0,0,0,0,0
317,3494,318.2700430363944,99986,107,80,10,0,2562,1403,0.03965555177724882,71,36,48062,48932,1748,950,0,0,0,0,0,0,96265,0,0,47,0,0,0,0,0,0,0,3674,0,0,0,0,0,0
318,3494,319.29546267695434,99986,111,78,10,0,2579,1411,0.0399055867821495,77,35,48050,48927,1750,958,0,0,0,0,0,0,96242,0,0,47,0,0,0,0,0,0,0,3697,0,0,0,0,0,0
319,3494,320.32105210824966,99985,118,76,11,0,2599,1420,0.04019602940441066,74,43,48040,48910,1754,968,1,1,1,1,0,0,96216,0,0,47,0,0,0,0,0,0,2,3720,0,0,0,0,0,0
320,3494,321.0048381686368,99984,126,76,12,0,2616,1428,0.04044647143542967,65,42,48033,48905,1760,973,2,2,2,2,0,0,96197,0,0,47,0,0,0,0,0,0,4,3736,0,0,0,0,0,0
321,3494,322.01515359367534,99984,114,76,12,0,2624,1435,0.04059649543927028,76,46,48015,48899,1778,974,3,3,3,3,0,0,96168,0,0,47,0,0,0,0,0,0,6,3763,0,0,0,0,0,0
322,3494,323.2076219724127,99984,119,81,12,0,2642,1448,0.04090654504720755,84,47,47996,48888,1783,978,4,4,4,4,0,0,96145,0,0,47,0,0,0,0,0,0,8,3784,0,0,0,0,0,0
323,3494,324.04161292992524,99984,119,77,12,0,2658,1455,0.041136581853096495,79,50,47992,48880,1791,986,5,5,5,5,0,0,96116,0,0,47,0,0,0,0,0,0,10,3811,0,0,0,0,0,0
324,3494,325.0389371228908,99984,117,78,12,0,2674,1465,0.04139662345975356,90,47,47973,48875,1800,992,6,6,6,6,0,0,96087,0,0,47,0,0,0,0,0,0,12,3838,0,0,0,0,0,0
325,3494,326.1621063337847,99983,116,76,13,0,2696,1472,0.04168708680475681,94,50,47954,48866,1814,999,7,7,7,7,0,0,96055,0,0,48,0,0,0,0,0,0,13,3866,1,0,0,0,0,0
326,3494,327.0422167731449,99983,129,72,13,0,2722,1484,0.042067151415740675,85,50,47942,48856,1821,1012,8,8,8,8,0,0,96025,0,0,49,0,0,0,0,0,0,15,3893,1,0,0,0,0,0
327,3494,328.01292647696084,99983,139,79,13,0,2747,1502,0.042497224528169786,83,39,47924,48851,1830,1020,9,9,9,9,0,0,95999,0,0,51,0,0,0,0,0,0,17,3915,1,0,0,0,0,0
328,3494,329.2670546885093,99983,144,82,13,0,2773,1514,0.04287728913915365,79,40,47905,48841,1848,1025,9,10,10,10,0,0,95968,0,0,52,0,0,0,0,0,0,19,3943,1,0,0,0,0,0
329,3494,330.1032846619539,99983,145,86,13,0,2793,1526,0.04319734354840323,86,41,47889,48835,1855,1025,10,11,11,11,0,0,95939,0,0,52,0,0,0,0,0,0,21,3970,1,0,0,0,0,0
330,3494,331.03216548280164,99983,150,88,13,0,2810,1540,0.04350739625736375,85,40,47877,48823,1862,1035,11,12,12,12,0,0,95914,0,0,53,0,0,0,0,0,0,23,3992,1,0,0,0,0,0
331,3494,332.097959197474,99983,148,87,13,0,2829,1552,0.04381744896632427,89,41,47865,48816,1871,1041,12,13,13,13,0,0,95879,0,0,54,0,0,0,0,0,0,25,4024,1,0,0,0,0,0
332,3494,333.1019121065035,99983,143,90,13,0,2851,1564,0.04415750677615195,94,42,47847,48807,1888,1045,13,14,14,14,0,0,95842,0,0,55,0,0,0,0,0,0,27,4058,1,0,0,0,0,0
333,3494,334.00321872573016,99983,150,84,13,0,2872,1572,0.04444755608453437,88,47,47831,48796,1902,1056,14,15,15,15,0,0,95815,0,0,58,0,0,0,0,0,0,29,4080,1,0,0,0,0,0
334,3494,335.0223737677519,99983,150,83,13,0,2897,1585,0.04482762069551824,86,48,47811,48785,1923,1066,15,16,16,16,0,0,95774,0,0,58,0,0,0,0,0,0,31,4119,1,0,0,0,0,0
335,3494,336.05184165851836,99983,149,83,13,0,2919,1597,0.04516767850534591,80,51,47803,48771,1937,1076,16,17,17,17,0,0,95740,0,0,60,0,0,0,0,0,0,32,4149,2,0,0,0,0,0
336,3494,337.0189109345371,99983,148,82,13,0,2942,1607,0.04549773461488453,80,51,47782,48761,1958,1086,17,18,18,18,0,0,95706,0,0,63,0,0,0,0,0,0,34,4178,2,0,0,0,0,0
337,3494,338.0147212834911,99983,147,85,13,0,2964,1621,0.0458577958252903,83,45,47768,48754,1969,1095,18,19,19,19,0,0,95670,0,0,63,0,0,0,0,0,0,36,4212,2,0,0,0,0,0
338,3494,339.00767305467446,99983,141,83,13,0,2984,1628,0.04612784173309463,76,49,47761,48743,1988,1103,19,20,20,20,0,0,95633,0,0,63,0,0,0,0,0,0,38,4247,2,0,0,0,0,0
339,3494,340.0090358434578,99982,142,83,14,0,3007,1639,0.046468364305575,78,52,47744,48731,2000,1111,20,21,21,21,0,0,95599,0,0,64,0,0,0,0,0,0,40,4277,2,0,0,0,0,0
340,3494,341.00385662384,99982,139,86,14,0,3028,1652,0.046808425516592984,86,48,47716,48725,2022,1117,21,22,22,22,0,0,95564,0,0,65,0,0,0,0,0,0,42,4309,2,0,0,0,0,0
341,3494,342.0456866270858,99982,138,85,14,0,3058,1666,0.04724850473085156,89,45,47693,48714,2042,1131,22,23,23,23,0,0,95518,0,0,67,0,0,0,0,0,0,44,4351,2,0,0,0,0,0
342,3494,343.0783917316589,99982,141,88,14,0,3083,1676,0.04759856774219359,89,43,47671,48706,2060,1137,23,24,24,24,0,0,95488,0,0,68,0,0,0,0,0,0,46,4378,2,0,0,0,0,0
343,3494,344.1114649675425,99982,148,88,14,0,3101,1689,0.047908623552239404,95,47,47658,48694,2059,1144,24,25,25,25,0,0,95464,0,0,69,0,0,0,0,0,0,47,4399,3,0,0,0,0,0
344,3494,345.1447732377722,99981,155,88,15,0,3126,1700,0.04826917114251708,90,54,47642,48682,2070,1148,26,26,26,27,0,0,95432,0,0,69,0,0,0,0,0,0,50,4427,3,0,0,0,0,0
345,3494,346.17831877918564,99981,154,92,15,0,3148,1714,0.04862923955551555,96,48,47623,48678,2082,1152,28,28,28,29,0,0,95397,0,0,70,0,0,0,0,0,0,53,4457,4,0,0,0,0,0
346,3494,347.212182586137,99980,158,86,15,1,3175,1727,0.04902980596119224,88,46,47614,48672,2093,1163,30,30,30,31,0,0,95353,0,0,72,0,0,0,0,0,0,57,4494,4,0,0,0,0,0
347,3494,348.2463619067826,99980,160,83,15,1,3202,1740,0.04942988597719544,90,47,47589,48658,2112,1177,32,32,32,33,0,0,95310,0,0,74,0,0,0,0,0,0,61,4531,4,0,0,0,0,0
348,3494,349.28101725847426,99980,156,87,15,1,3222,1752,0.049749949989998,96,50,47565,48644,2132,1182,34,34,34,35,0,0,95276,0,0,76,0,0,0,0,0,0,65,4559,4,0,0,0,0,0
349,3494,350.3161230162187,99980,145,91,15,1,3236,1765,0.05002000400080016,110,57,47545,48623,2147,1189,36,37,37,38,0,0,95237,0,0,77,0,0,0,0,0,0,71,4591,4,0,0,0,0,0
350,3494,351.0064119433876,99980,152,90,15,1,3257,1774,0.05032006401280256,99,55,47537,48615,2156,1197,39,40,40,41,0,0,95208,0,0,78,0,0,0,0,0,0,77,4613,4,0,0,0,0,0
351,3494,352.04217606271663,99980,155,90,15,1,3286,1790,0.05077015403080616,100,51,47512,48606,2174,1207,42,43,43,44,0,0,95162,0,0,80,0,0,0,0,0,0,83,4651,4,0,0,0,0,0
352,3494,353.0784453025789,99980,162,87,15,1,3316,1801,0.05118023604720944,108,53,47478,48592,2189,1219,46,46,47,48,0,0,95117,0,0,80,0,0,0,0,0,0,91,4688,4,0,0,0,0,0
353,3494,354.11528759587503,99980,160,84,15,1,3343,1819,0.05163032606521304,100,44,47465,48579,2209,1240,49,50,51,52,0,0,95060,0,0,80,0,0,0,0,0,0,98,4737,5,0,0,0,0,0
354,3494,355.15259421147994,99980,163,94,15,1,3375,1836,0.052120424084816964,93,40,47438,48567,2235,1241,54,55,56,57,0,0,95017,0,0,83,0,0,0,0,0,0,108,4767,5,0,0,0,0,0
355,3494,356.19041728415584,99980,155,93,15,1,3385,1846,0.05232046409281856,109,42,47414,48555,2246,1248,59,59,61,62,0,0,94981,0,0,85,0,0,0,0,0,0,117,4791,6,0,0,0,0,0
356,3494,357.22869041529333,99980,156,92,15,1,3406,1855,0.052620524104820966,104,49,47406,48535,2253,1256,64,65,67,67,0,0,94943,0,0,87,0,0,0,0,0,0,127,4816,7,0,0,0,0,0
357,3494,358.26725260485944,99980,152,92,15,1,3432,1867,0.053000600120024007,101,55,47389,48517,2271,1262,70,71,73,73,0,0,94891,0,0,88,0,0,0,0,0,0,138,4855,8,0,0,0,0,0
358,3494,359.3061697478774,99980,157,87,15,1,3459,1877,0.05337067413482696,98,54,47367,48507,2284,1271,77,78,80,80,0,0,94843,0,0,90,0,0,0,0,0,0,151,4887,9,0,0,0,0,0
359,3494,360.3455819693649,99980,149,90,15,1,3478,1890,0.05369073814762953,102,55,47347,48488,2301,1278,84,86,88,87,0,0,94793,0,0,92,0,0,0,0,0,0,166,4920,9,0,0,0,0,0
360,3494,361.0387795232905,99980,158,100,15,1,3495,1903,0.053990798159631925,106,53,47322,48471,2305,1278,92,95,97,95,0,0,94766,0,0,92,0,0,0,0,0,0,182,4930,10,0,0,0,0,0
361,3494,362.07899251431866,99980,166,99,15,1,3526,1916,0.054430886177235446,108,52,47284,48452,2325,1289,100,105,107,104,0,0,94712,0,0,92,0,0,0,0,0,0,199,4965,12,0,0,0,0,0
362,3494,363.11991062175815,99980,167,95,15,1,3557,1929,0.05487097419483897,104,58,47253,48426,2350,1302,109,116,118,113,0,0,94645,0,0,92,0,0,0,0,0,0,219,5012,12,0,0,0,0,0
363,3494,364.1615735950605,99980,174,99,15,1,3583,1948,0.055321064212842566,110,49,47219,48407,2362,1315,118,127,130,123,0,0,94591,0,0,93,0,0,0,0,0,0,240,5043,13,0,0,0,0,0
364,3494,365.20385948202363,99980,182,94,15,1,3615,1959,0.05575115023004601,98,56,47200,48380,2375,1327,128,140,143,134,0,0,94530,0,0,95,0,0,0,0,0,0,263,5078,14,0,0,0,0,0
365,3494,366.24660076634206,99980,189,90,15,1,3648,1970,0.05619123824764953,97,62,47170,48355,2388,1337,139,153,157,146,0,0,94467,0,0,97,0,0,0,0,0,0,287,5113,16,0,0,0,0,0
366,3494,367.28989640449754,99980,178,103,15,1,3668,1989,0.05658131626325265,108,54,47141,48332,2406,1340,150,168,172,159,0,0,94405,0,0,100,0,0,0,0,0,0,315,5144,16,0,0,0,0,0
367,3494,368.3337681764642,99979,190,103,16,1,3704,2005,0.05710199141819782,98,60,47111,48302,2419,1347,164,185,189,173,0,0,94335,0,0,101,0,0,0,0,0,0,346,5181,16,0,0,0,0,0
368,3494,369.03006451135013,99979,188,99,16,1,3722,2013,0.05736204602966623,108,62,47075,48276,2433,1357,178,203,207,188,0,0,94271,0,0,102,0,0,0,0,0,0,379,5211,16,0,0,0,0,0
369,3494,370.07528046460675,99979,198,101,16,1,3755,2028,0.057842146850838674,117,62,47027,48247,2445,1364,195,223,227,205,0,0,94203,0,0,104,0,0,0,0,0,0,413,5240,19,0,0,0,0,0
370,3494,371.12135248397203,99979,202,102,16,1,3789,2044,0.05834225187289331,117,60,46987,48213,2463,1377,213,245,249,223,0,0,94125,0,0,106,0,0,0,0,0,0,448,5276,24,0,0,0,0,0
371,3494,372.1682621191567,99979,201,100,16,1,3813,2058,0.05872233168965483,120,59,46956,48184,2474,1385,231,269,273,242,0,0,94047,0,0,107,0,0,0,0,0,0,486,5310,29,0,0,0,0,0
372,3494,373.2158709105061,99979,205,109,16,1,3850,2083,0.05934246191700257,113,51,46914,48144,2499,1398,251,295,299,263,0,0,93954,0,0,108,0,0,0,0,0,0,531,5355,31,0,0,0,0,0
373,3494,374.26440984782914,99979,209,102,16,1,3887,2098,0.05986257113993939,111,55,46866,48104,2525,1414,271,322,327,285,0,0,93856,0,0,112,0,0,0,0,0,0,578,5399,34,0,0,0,0,0
374,3494,375.31403878818526,99979,203,98,16,1,3916,2114,0.06031266565978856,115,53,46822,48068,2549,1429,293,349,357,309,0,0,93751,0,0,113,0,0,0,0,0,0,629,5449,37,0,0,0,0,0
375,3494,376.01438808307205,99979,203,104,16,1,3934,2127,0.060622730773462426,120,50,46789,48029,2554,1433,316,381,390,334,0,0,93673,0,0,114,0,0,0,0,0,0,683,5468,41,0,0,0,0,0
376,3494,377.065718048206,99979,194,106,16,1,3956,2145,0.061022814791106134,128,43,46751,47993,2568,1439,341,416,425,361,0,0,93564,0,0,114,0,0,0,0,0,0,745,5515,41,0,0,0,0,0
377,3494,378.1179434297242,99979,192,106,16,1,3988,2157,0.06146290721051421,127,45,46710,47950,2584,1444,369,452,463,390,0,0,93455,0,0,115,0,0,0,0,0,0,809,5556,44,0,0,0,0,0
378,3494,379.1711188743029,99979,209,106,16,1,4028,2168,0.06197301433300993,116,53,46657,47901,2601,1446,399,491,504,421,0,0,93353,0,0,115,1,0,0,0,0,0,878,5586,46,0,0,0,0,0
379,3494,380.22523053100184,99979,206,104,16,1,4059,2184,0.062443113053741284,115,57,46619,47843,2612,1460,430,533,548,454,0,0,93227,0,0,116,1,0,0,0,0,0,953,5634,48,0,0,0,0,0
380,3494,381.28033561392095,99978,198,103,17,1,4087,2195,0.06283382344115705,123,62,46562,47791,2636,1462,462,579,595,489,0,0,93103,0,0,118,1,0,0,0,0,0,1031,5673,52,0,0,0,0,0
381,3494,382.33661609911763,99978,204,98,17,1,4122,2210,0.06333393346536238,119,71,46507,47727,2654,1473,497,628,646,526,0,0,92974,0,0,122,1,0,0,0,0,0,1115,5710,56,0,0,0,0,0
382,3494,383.0415066405935,99978,199,103,17,1,4137,2226,0.06364400168036968,123,65,46455,47668,2668,1482,536,679,700,566,0,0,92853,0,0,122,1,0,0,0,0,0,1205,5737,60,0,0,0,0,0
383,3494,384.10019038277903,99978,194,108,17,1,4157,2244,0.06402408529876573,130,67,46406,47596,2676,1490,575,736,758,608,0,0,92725,0,0,122,2,0,0,0,0,0,1296,5765,68,0,0,0,0,0
384,3494,385.16001230619855,99977,205,105,18,1,4203,2261,0.06465487062024265,117,69,46344,47527,2698,1499,616,797,820,653,0,0,92572,0,0,127,2,0,0,0,0,0,1399,5805,72,0,0,0,0,0
385,3494,386.22117433981845,99977,187,99,18,1,4227,2278,0.06506496494193664,121,61,46280,47457,2731,1518,661,862,886,700,0,0,92398,0,0,127,2,0,0,0,0,0,1508,5866,76,0,0,0,0,0
386,3494,387.2840462685879,99977,187,103,18,1,4257,2298,0.06556507996839273,116,60,46219,47380,2749,1523,709,931,957,750,0,0,92242,0,0,128,2,0,0,0,0,0,1619,5900,86,0,0,0,0,0
387,3494,388.34836501585886,99977,186,109,18,1,4286,2316,0.06603518809326145,114,57,46151,47297,2769,1529,760,1005,1032,803,0,0,92077,0,0,129,2,0,0,0,0,0,1743,5936,90,0,0,0,0,0
388,3494,389.0587671289056,99977,190,109,18,1,4308,2326,0.06635526171019335,116,65,46084,47205,2775,1536,815,1082,1112,859,0,0,91923,0,0,131,2,0,0,0,0,0,1871,5952,98,0,0,0,0,0
389,3494,390.12602711063374,99976,205,110,18,2,4348,2345,0.06694606705609346,106,59,46018,47116,2785,1548,866,1163,1197,918,0,0,91749,0,0,134,2,0,0,0,0,0,2005,5978,108,0,0,0,0,0
390,3494,391.1947469217556,99976,208,108,18,2,4379,2357,0.06737617028086741,102,63,45950,47033,2798,1549,922,1243,1287,980,0,0,91564,0,0,136,2,0,0,0,0,0,2150,6009,115,0,0,0,0,0
391,3494,392.26509949277977,99976,195,112,18,2,4398,2375,0.06774625910218453,115,62,45874,46939,2811,1554,985,1329,1382,1045,0,0,91372,0,0,138,2,0,0,0,0,0,2298,6039,127,0,0,0,0,0
392,3494,393.3372471698279,99976,189,116,18,2,4418,2396,0.06815635752580619,122,60,45791,46832,2827,1563,1051,1425,1483,1114,0,0,91170,0,0,139,2,0,0,0,0,0,2458,6070,137,0,0,0,0,0
393,3494,394.0529912974972,99976,188,120,18,2,4435,2412,0.06848643674481876,130,49,45711,46728,2832,1570,1119,1529,1590,1186,0,0,90976,0,0,139,2,0,0,0,0,0,2622,6085,152,0,0,0,0,0
394,3494,395.1287281424871,99976,202,118,18,2,4477,2428,0.06906657597823478,118,53,45638,46608,2835,1580,1187,1637,1703,1262,0,0,90759,0,0,139,2,0,0,0,0,0,2793,6113,170,0,0,0,0,0
395,3494,396.2062269370204,99976,203,112,18,2,4508,2442,0.069516684004161,125,56,45549,46483,2839,1595,1264,1750,1822,1341,0,0,90535,0,0,139,4,0,0,0,0,0,2970,6138,190,0,0,0,0,0
396,3494,397.2857566824665,99976,200,107,18,2,4536,2456,0.0699367848283588,132,53,45453,46360,2857,1606,1338,1870,1948,1424,0,0,90290,0,0,140,4,0,0,0,0,0,3166,6173,203,0,0,0,0,0
397,3494,398.00667917362057,99974,206,108,20,2,4562,2468,0.07031828275351591,127,49,45367,46234,2857,1608,1421,1997,2080,1511,0,0,90055,0,0,143,4,0,0,0,0,0,3373,6184,215,0,0,0,0,0
398,3494,399.09044612959235,99974,208,114,20,2,4596,2488,0.07085842319002941,132,52,45258,46088,2870,1614,1510,2128,2219,1602,0,0,89792,0,0,143,4,0,0,0,0,0,3590,6217,228,0,0,0,0,0
399,3494,400.17663610150333,99974,212,108,20,2,4625,2496,0.07122851941504792,137,61,45161,45941,2866,1619,1602,2267,2365,1697,0,0,89538,0,0,144,4,0,0,0,0,0,3806,6229,253,0,0,0,0,0
400,3494,401.2650801835022,99974,229,112,20,2,4668,2519,0.07188869105967552,122,55,45060,45791,2876,1624,1691,2414,2519,1796,0,0,89262,0,0,147,4,0,0,0,0,0,4040,6249,272,0,0,0,0,0
401,3494,402.3559060136009,99974,221,106,20,2,4696,2530,0.07227879248604638,128,59,44943,45631,2896,1634,1790,2566,2680,1900,0,0,88963,0,0,148,5,0,0,0,0,0,4288,6282,288,0,0,0,0,0
402,3494,403.0846788629737,99974,217,106,20,2,4718,2542,0.07261888090903634,125,59,44841,45466,2902,1634,1893,2731,2849,2008,0,0,88676,0,0,151,5,0,0,0,0,0,4540,6289,313,0,0,0,0,0
403,3494,404.18088588458903,99974,204,110,20,2,4748,2562,0.07311901094284513,128,59,44718,45300,2928,1634,2000,2893,3026,2120,0,0,88347,0,0,152,7,0,0,0,0,0,4813,6328,327,0,0,0,0,0
404,3494,405.28007687482256,99974,206,105,20,2,4780,2577,0.0735891331746254,116,63,44609,45119,2938,1640,2109,3069,3211,2237,0,0,88018,0,0,155,7,0,0,0,0,0,5095,6352,347,0,0,0,0,0
405,3494,406.014462263217,99974,213,111,20,2,4803,2585,0.07389921379558685,118,66,44487,44933,2936,1631,2224,3255,3404,2359,0,0,87712,0,0,156,8,0,0,0,0,0,5385,6342,371,0,0,0,0,0
406,3494,407.1194656218763,99973,197,106,21,2,4828,2596,0.07426005021355767,129,71,44352,44730,2960,1637,2339,3452,3606,2485,0,0,87347,0,0,161,8,0,0,0,0,0,5698,6373,386,0,0,0,0,0
407,3494,408.22769816996737,99972,198,109,22,2,4862,2619,0.07483095266674669,120,71,44237,44527,2967,1637,2454,3652,3817,2616,0,0,86983,0,0,162,8,0,0,0,0,0,6010,6393,416,0,0,0,0,0
408,3494,409.3389730497039,99972,190,119,22,2,4891,2642,0.07535109830752611,124,70,44100,44305,2982,1639,2580,3863,4036,2752,0,0,86594,0,0,162,9,0,0,0,0,0,6350,6427,430,0,0,0,0,0
409,3494,410.081604695904,99972,189,118,22,2,4913,2658,0.07573120473732645,117,63,43969,44082,2990,1644,2711,4089,4264,2893,0,0,86215,0,0,164,9,0,0,0,0,0,6691,6435,458,0,0,0,0,0
410,3494,411.19967211531207,99972,192,117,22,2,4942,2677,0.07621133917496899,120,54,43823,43869,2995,1645,2846,4311,4501,3039,0,0,85813,0,0,167,9,0,0,0,0,0,7050,6451,482,0,0,0,0,0
411,3494,412.3213609951893,99972,190,109,22,2,4972,2684,0.07658144280398511,118,60,43682,43645,3002,1642,2984,4540,4747,3190,0,0,85403,0,0,168,12,0,0,0,0,0,7417,6463,509,0,0,0,0,0
412,3494,413.07125597550214,99972,177,115,22,2,4985,2697,0.07684151562437483,126,59,43537,43403,3005,1637,3131,4782,5003,3346,0,0,84988,0,0,168,12,0,0,0,0,0,7799,6466,539,0,0,0,0,0
413,3494,414.2004418972301,99972,183,118,22,2,5018,2718,0.07738166686672268,124,60,43380,43140,3012,1646,3277,5032,5268,3507,0,0,84539,0,0,167,14,0,0,0,0,0,8205,6489,558,0,0,0,0,0
414,3494,415.33357569669005,99972,194,121,22,2,5051,2736,0.07789180970671788,122,59,43221,42892,3010,1638,3429,5286,5542,3674,0,0,84085,0,0,167,14,0,0,0,0,0,8622,6502,582,0,0,0,0,0
415,3494,416.0912300521647,99972,193,118,22,2,5072,2742,0.07816188532789181,121,63,43062,42628,3010,1635,3590,5552,5826,3846,0,0,83635,0,0,167,16,0,0,0,0,0,9043,6496,615,0,0,0,0,0
416,3494,417.23250849646126,99972,186,116,22,2,5099,2757,0.07858200296082903,121,61,42894,42362,3022,1636,3753,5821,6119,4023,0,0,83150,0,0,170,17,0,0,0,0,0,9481,6508,646,0,0,0,0,0
417,3494,418.37835143254205,99972,196,118,22,2,5134,2775,0.07911215140239267,142,60,42709,42089,3012,1630,3917,6099,6422,4205,0,0,82669,0,0,170,17,0,0,0,0,0,9921,6504,691,0,0,0,0,0
418,3494,419.14486227661524,99971,206,125,22,3,5164,2792,0.07958307909293695,136,51,42529,41803,3012,1620,4093,6396,6734,4392,0,0,82179,0,0,169,20,0,0,0,0,0,10384,6494,725,0,0,0,0,0
419,3494,420.3000720718547,99971,227,124,22,3,5214,2815,0.08031329085434775,150,78,42335,41479,2999,1624,4265,6690,7056,4585,0,0,81669,18,2,170,21,0,0,0,0,0,10843,6470,778,0,0,0,0,0
420,3494,421.24894345126853,99971,246,125,22,3,5259,2834,0.08095347650818738,168,88,42109,41160,3004,1624,4449,6998,7387,4783,0,0,81134,56,4,171,24,0,0,0,0,0,11338,6437,807,0,0,0,0,0
421,3494,422.2023375863045,99970,261,126,23,3,5305,2854,0.08161448434530359,200,111,41879,40821,3009,1619,4626,7318,7727,4986,0,0,80585,97,10,172,25,0,0,0,0,0,11839,6400,842,0,0,0,0,0
422,3494,423.16030414577136,99970,267,120,23,3,5355,2870,0.08227468240472141,225,125,41636,40486,3027,1618,4820,7646,8077,5194,0,0,80013,152,17,175,26,0,0,0,0,0,12349,6356,882,0,0,0,0,0
423,3494,424.123363702692,99970,275,134,23,3,5402,2902,0.08306491947584276,235,123,41419,40147,3041,1616,5005,7975,8436,5408,0,0,79419,206,19,176,26,0,0,0,0,0,12887,6322,915,0,0,0,0,0
424,3494,425.09130921446797,99970,307,146,23,3,5466,2928,0.08396518955686706,237,130,41180,39799,3042,1607,5209,8313,8804,5627,0,0,78832,244,24,178,27,0,0,0,0,0,13431,6282,952,0,0,0,0,0
425,3494,426.0644382674838,99970,322,154,23,3,5524,2965,0.08491547464239271,265,140,40930,39434,3059,1613,5399,8654,9180,5851,0,0,78207,309,27,179,30,0,0,0,0,0,13988,6241,989,0,0,0,0,0
426,3494,427.0428572902722,99970,332,161,23,3,5584,2998,0.08584575372611783,293,147,40671,39057,3076,1616,5603,9014,9565,6080,0,0,77578,365,40,185,31,0,0,0,0,0,14548,6194,1029,0,0,0,0,0
427,3494,428.0269981824014,99970,348,180,23,3,5650,3038,0.08690607182154646,318,136,40401,38688,3097,1622,5811,9369,9959,6314,0,0,76927,424,47,188,32,0,0,0,0,0,15132,6155,1065,0,0,0,0,0
428,3494,429.01717129593317,99970,372,182,23,3,5725,3064,0.08791637491247374,337,151,40114,38300,3126,1629,6026,9733,10361,6552,0,0,76257,482,62,189,33,0,0,0,0,0,15729,6126,1092,0,0,0,0,0
429,3494,430.01379871468157,99970,381,207,23,3,5795,3109,0.0890667200160048,377,165,39813,37886,3157,1626,6247,10111,10771,6795,0,0,75591,539,77,198,33,0,0,0,0,0,16323,6073,1136,0,0,0,0,0
430,3494,431.0170790987298,99969,430,216,24,3,5903,3148,0.09053806680070822,348,168,39556,37501,3181,1622,6459,10488,11188,7043,0,0,74901,609,94,197,35,0,0,0,0,0,16925,6028,1180,0,0,0,0,0
431,3494,432.0267369611324,99968,465,240,25,3,5998,3194,0.091949423815621,373,176,39255,37087,3205,1615,6675,10877,11613,7295,0,0,74209,672,104,203,37,0,0,0,0,0,17543,5973,1227,0,0,0,0,0
432,3494,433.0432538770792,99967,491,256,25,4,6091,3242,0.09336080906699211,413,185,38949,36671,3222,1618,6898,11264,12045,7552,0,0,73501,741,121,212,39,0,0,0,0,0,18163,5914,1276,0,0,0,0,0
433,3494,434.06681580887573,99967,523,281,25,4,6196,3300,0.0949913471445577,429,189,38634,36246,3260,1626,7127,11652,12484,7813,0,0,72772,823,138,210,46,0,0,0,0,0,18793,5861,1324,0,0,0,0,0
434,3494,435.09791396892473,99967,562,299,25,4,6315,3358,0.09676193143737433,460,204,38316,35812,3291,1645,7344,12034,12929,8078,0,0,72025,907,162,220,47,0,0,0,0,0,19431,5804,1371,0,0,0,0,0
435,3494,436.1366465024611,99967,583,310,25,4,6419,3410,0.09832244640731441,480,213,37999,35389,3350,1662,7561,12420,13380,8347,0,0,71256,994,185,233,48,0,0,0,0,0,20090,5753,1408,0,0,0,0,0
436,3494,437.1834536852667,99967,630,330,25,4,6549,3488,0.10040313303390119,501,223,37650,34933,3395,1695,7797,12813,13837,8620,0,0,70466,1108,207,236,50,0,0,0,0,0,20744,5696,1460,0,0,0,0,0
437,3494,438.2387115828775,99967,683,349,25,4,6699,3545,0.1024738163593986,522,249,37299,34503,3448,1698,8021,13195,14299,8897,0,0,69685,1204,237,240,55,0,0,0,0,0,21399,5638,1509,0,0,0,0,0
438,3494,439.30289268670725,99967,729,366,25,4,6846,3608,0.1045745095881641,549,257,36927,34060,3508,1709,8260,13602,14766,9177,0,0,68882,1306,266,253,57,0,0,0,0,0,22070,5579,1554,0,0,0,0,0
439,3494,440.0176549087559,99967,769,371,25,4,6960,3659,0.1062250542679084,569,281,36598,33595,3538,1730,8499,14017,15237,9461,0,0,68109,1385,298,259,59,0,0,0,0,0,22731,5512,1614,0,0,0,0,0
440,3494,441.10040543905706,99966,785,412,26,4,7116,3750,0.10869695696536823,619,286,36227,33124,3622,1738,8719,14434,15712,9748,0,0,67280,1509,345,274,60,0,0,0,0,0,23386,5439,1673,0,0,0,0,0
441,3494,442.19312980344233,99965,828,417,27,4,7277,3826,0.11106887410593708,654,317,35838,32658,3697,1773,8954,14829,16191,10038,0,0,66430,1640,391,280,64,0,0,0,0,0,24057,5382,1721,0,0,0,0,0
442,3494,443.2964181825079,99964,895,441,27,5,7465,3915,0.11384098275379137,676,327,35458,32189,3758,1803,9184,15233,16673,10331,0,0,65583,1760,447,285,68,0,0,0,0,0,24727,5328,1766,0,0,0,0,0
443,3494,444.03772454746434,99963,930,454,28,5,7591,3975,0.11570281003971469,696,333,35125,31716,3787,1829,9432,15661,17158,10627,0,0,64774,1839,495,287,74,0,0,0,0,0,25406,5274,1814,0,0,0,0,0
444,3494,445.16133649411216,99963,976,473,28,5,7767,4063,0.11834378720126447,756,348,34731,31224,3855,1874,9652,16074,17646,10925,0,0,63897,1976,538,300,78,0,0,0,0,0,26101,5215,1858,0,0,0,0,0
445,3494,446.29592680324487,99961,1007,497,29,6,7968,4153,0.12125729034323386,805,386,34332,30756,3957,1897,9868,16456,18135,11225,0,0,63016,2117,608,311,88,0,0,0,0,0,26767,5153,1901,0,0,0,0,0
446,3494,447.05889478867806,99960,1053,534,30,6,8129,4249,0.12382953181272509,812,383,33963,30276,4028,1927,10112,16872,18626,11527,0,0,62167,2232,654,314,95,0,0,0,0,0,27452,5091,1955,0,0,0,0,0
447,3494,448.21689630000407,99960,1119,561,30,6,8387,4365,0.12757102841136456,848,399,33511,29781,4163,1976,10327,17275,19118,11831,0,0,61253,2399,745,330,100,0,0,0,0,0,28108,5024,2001,0,0,0,0,0
448,3494,449.3885192494652,99960,1199,587,30,6,8648,4476,0.13129251700680272,871,462,33084,29268,4284,2010,10530,17665,19611,12137,0,0,60346,2563,820,342,111,0,0,0,0,0,28773,4955,2050,0,0,0,0,0
449,3494,450.17700639063196,99959,1230,601,31,6,8814,4565,0.13384487639932371,909,467,32690,28786,4364,2054,10774,18084,20104,12444,0,0,59467,2687,886,354,115,1,0,0,0,0,29460,4897,2092,0,0,0,0,0
450,3494,451.37513800849723,99958,1349,632,32,6,9141,4704,0.1385081734328418,910,493,32228,28306,4498,2105,10981,18456,20597,12753,0,0,58513,2895,974,360,124,2,0,0,0,0,30115,4834,2141,0,0,0,0,0
451,3494,452.18240453119887,99957,1376,640,33,6,9324,4785,0.14115069479876347,944,509,31839,27827,4591,2139,11215,18877,21089,13063,0,0,57642,3019,1057,367,135,2,0,0,0,0,30775,4771,2189,0,0,0,0,0
452,3494,453.4097075739462,99956,1422,673,34,6,9624,4949,0.14579414942574734,1007,502,31350,27369,4780,2229,11405,19219,21580,13373,0,0,56643,3255,1156,396,145,2,0,0,0,0,31430,4701,2228,0,0,0,0,0
453,3494,454.2375378353181,99954,1468,687,35,7,9829,5048,0.14883846569421935,1012,527,30976,26882,4868,2276,11639,19619,22069,13684,0,0,55779,3374,1250,406,156,2,0,0,0,0,32072,4633,2282,0,0,0,0,0
454,3494,455.0749226129333,99953,1512,710,35,8,10060,5153,0.15220153472131903,1055,525,30559,26440,4972,2306,11865,20009,22556,13996,0,0,54905,3522,1354,414,161,3,0,0,0,0,32691,4553,2350,0,0,0,0,0
455,3494,456.34906524330677,99952,1576,735,36,8,10407,5314,0.15728549703857853,1099,516,30109,26005,5160,2395,12018,20339,23041,14308,0,0,53925,3758,1503,430,171,3,0,0,0,0,33279,4482,2401,0,0,0,0,0
456,3494,457.20810987049975,99951,1625,769,37,8,10652,5422,0.16081880121259418,1110,535,29702,25540,5285,2422,12239,20724,23524,14620,0,0,53048,3901,1612,432,183,3,0,0,0,0,33901,4418,2453,0,0,0,0,0
457,3494,458.0778773618173,99948,1630,800,39,9,10879,5549,0.1643654700444231,1177,545,29270,25088,5417,2464,12465,21092,24004,14932,0,0,52136,4069,1730,441,196,3,0,0,0,0,34518,4357,2498,0,0,0,0,0
458,3494,459.40398247508637,99946,1678,837,40,10,11268,5723,0.17000180097252515,1236,583,28739,24671,5663,2529,12642,21368,24480,15243,0,0,51163,4309,1911,465,220,3,0,0,0,0,35061,4277,2537,0,0,0,0,0
459,3494,460.3004614917693,99946,1750,873,40,10,11554,5864,0.1742741080183299,1223,609,28348,24216,5792,2581,12845,21709,24953,15554,0,0,50285,4444,2046,487,234,3,0,0,0,0,35658,4212,2577,0,0,0,0,0
460,3494,461.20853971668043,99943,1809,928,42,11,11851,6021,0.17882192849924458,1232,591,27939,23790,5946,2619,13030,22059,25422,15864,0,0,49396,4610,2181,494,253,3,0,0,0,0,36235,4144,2627,0,0,0,0,0
461,3494,462.1285874219597,99941,1854,954,43,12,12151,6176,0.18337819313394904,1249,602,27521,23345,6113,2689,13218,22396,25887,16173,0,0,48478,4791,2340,518,260,3,0,0,0,0,36800,4082,2669,0,0,0,0,0
462,3494,463.06178673221086,99941,1906,944,43,12,12443,6327,0.1878108083769424,1253,611,27130,22916,6253,2794,13413,22721,26347,16481,0,0,47561,4987,2508,530,275,4,0,0,0,0,37345,4023,2708,0,0,0,0,0
463,3494,464.0078213277522,99940,1940,955,44,12,12731,6471,0.1921352811687012,1259,620,26756,22506,6400,2869,13599,23036,26803,16788,0,0,46652,5173,2667,546,289,4,0,0,0,0,37899,3964,2746,0,0,0,0,0
464,3494,465.4497327435396,99936,2002,948,47,13,13185,6691,0.1988872878642331,1297,653,26262,22075,6671,3033,13719,23276,27254,17094,0,0,45606,5492,2908,571,305,4,0,0,0,0,38369,3904,2777,0,0,0,0,0
465,3494,466.424839065035,99935,2039,1008,48,13,13544,6868,0.20425276429679293,1277,656,25851,21651,6883,3100,13900,23570,27699,17398,0,0,44704,5682,3079,600,332,4,0,0,0,0,38889,3836,2809,0,0,0,0,0
466,3494,467.41485373056395,99934,2069,1054,49,13,13876,7039,0.2092881301659095,1343,685,25418,21253,7071,3156,14048,23837,28139,17700,0,0,43834,5849,3281,624,346,5,0,0,0,0,39372,3773,2850,0,0,0,0,0
467,3494,468.4202783389277,99934,2119,1063,49,13,14216,7237,0.21467168331098524,1380,675,25017,20877,7231,3268,14202,24102,28573,18000,0,0,42939,6052,3494,655,358,5,0,0,0,0,39831,3700,2900,0,0,0,0,0
468,3494,469.44074146965596,99932,2163,1102,50,14,14554,7425,0.21993955890005204,1439,669,24617,20513,7409,3335,14320,24365,29002,18298,0,0,42103,6203,3724,679,376,5,0,0,0,0,40267,3631,2944,0,0,0,0,0
469,3494,470.47654307347045,99931,2254,1128,51,14,14948,7616,0.22579579910137995,1407,672,24263,20151,7558,3421,14465,24612,29425,18594,0,0,41277,6356,3970,698,398,6,0,0,0,0,40671,3562,2993,0,0,0,0,0
470,3494,471.52703294587195,99929,2356,1125,53,14,15359,7775,0.23150436810135197,1377,714,23871,19784,7741,3505,14600,24856,29842,18888,0,0,40414,6543,4203,709,414,9,0,0,0,0,41094,3517,3026,0,0,0,0,0
471,3494,472.0565735855965,99925,2410,1126,57,14,15577,7866,0.2346059544658494,1357,730,23544,19412,7817,3531,14813,25185,30252,19179,0,0,39700,6598,4353,719,433,10,0,0,0,0,41587,3461,3064,0,0,0,0,0
472,3494,473.1362258139839,99925,2455,1124,57,14,15963,8066,0.24047035276457343,1398,722,23130,19096,8015,3652,14943,25390,30656,19468,0,0,38857,6771,4624,754,465,11,0,0,0,0,41957,3402,3084,0,0,0,0,0
473,3494,474.2341994780709,99923,2468,1145,59,14,16342,8258,0.24618956596579367,1399,707,22771,18804,8230,3744,15071,25584,31054,19754,0,0,38014,6960,4881,784,489,13,0,0,0,0,42326,3335,3121,0,0,0,0,0
474,3494,475.34968135198426,99922,2465,1161,59,15,16720,8469,0.25208662756950423,1456,722,22386,18464,8480,3865,15152,25771,31445,20038,0,0,37157,7157,5157,824,514,15,0,0,0,0,42675,3281,3142,0,0,0,0,0
475,3494,476.482953794344,99920,2466,1189,61,15,17113,8688,0.25821657325860686,1499,698,22011,18129,8733,3983,15228,25984,31830,20319,0,0,36305,7357,5430,861,547,15,0,0,0,0,43014,3228,3163,0,0,0,0,0
476,3494,477.05502122593714,99920,2476,1194,61,15,17342,8800,0.2616293034427542,1489,696,21725,17836,8847,4021,15400,26236,32208,20597,0,0,35612,7428,5610,875,576,17,0,0,0,0,43430,3178,3194,0,0,0,0,0
477,3494,478.22234938963743,99920,2483,1197,61,15,17769,9006,0.26796437149719776,1481,721,21387,17539,9095,4140,15491,26386,32579,20872,0,0,34783,7646,5907,896,619,19,0,0,0,0,43708,3118,3224,0,0,0,0,0
478,3494,479.40787995444964,99918,2527,1202,63,15,18241,9223,0.274865389619488,1459,715,21026,17264,9357,4273,15566,26529,32944,21144,0,0,33980,7841,6226,939,656,20,0,0,0,0,43955,3042,3259,0,0,0,0,0
479,3494,480.0067658679405,99916,2524,1194,64,16,18460,9329,0.278123623844029,1441,728,20765,16957,9459,4330,15745,26773,33302,21413,0,0,33320,7903,6417,954,688,21,0,0,0,0,44332,2992,3289,0,0,0,0,0
480,3494,481.2280348343898,99914,2550,1198,66,16,18928,9537,0.2848950097083492,1409,733,20438,16738,9724,4435,15811,26878,33653,21678,0,0,32562,8056,6751,1002,734,22,0,0,0,0,44546,2926,3315,0,0,0,0,0
481,3494,482.4691058197575,99910,2571,1231,69,17,19381,9764,0.29171254128715846,1408,727,20085,16494,9998,4528,15867,27001,33997,21940,0,0,31804,8231,7071,1034,777,22,0,0,0,0,44759,2864,3348,0,0,0,0,0
482,3494,483.096068093805,99910,2541,1233,69,17,19596,9876,0.29498548693824445,1426,723,19843,16239,10100,4560,16019,27226,34335,22199,0,0,31197,8262,7314,1053,809,22,0,0,0,0,45064,2822,3367,0,0,0,0,0
483,3494,484.37397935316034,99908,2541,1240,71,17,20058,10090,0.301757617007647,1410,726,19561,16024,10368,4682,16047,27309,34666,22454,0,0,30452,8431,7671,1097,849,22,0,0,0,0,45228,2762,3396,0,0,0,0,0
484,3494,485.0189103524906,99906,2522,1231,73,17,20283,10214,0.3052569415250335,1400,718,19335,15774,10470,4748,16198,27510,34990,22706,0,0,29858,8473,7911,1123,879,23,0,0,0,0,45503,2710,3426,0,0,0,0,0
485,3494,486.3312645361043,99904,2517,1236,74,18,20765,10458,0.31253002882767456,1377,686,19036,15550,10778,4914,16216,27594,35307,22954,0,0,29103,8663,8261,1182,924,27,0,0,0,0,45650,2644,3450,0,0,0,0,0
486,3494,487.6645538296719,99901,2486,1235,77,18,21225,10709,0.31965645989529634,1335,660,18768,15348,11097,5076,16235,27661,35618,23199,0,0,28353,8859,8617,1237,980,30,0,0,0,0,45777,2582,3466,0,0,0,0,0
487,3494,488.33776663023866,99901,2479,1236,77,18,21462,10823,0.3231699382388565,1304,657,18566,15140,11203,5123,16369,27824,35922,23440,0,0,27797,8893,8834,1255,1020,33,0,0,0,0,46040,2541,3488,0,0,0,0,0
488,3494,489.01877924135846,99900,2457,1209,78,18,21670,10910,0.3261261261261261,1331,710,18356,14919,11288,5162,16488,27980,36220,23678,0,0,27257,8915,9046,1281,1059,33,0,0,0,0,46303,2495,3511,0,0,0,0,0
489,3494,490.40402233725763,99897,2443,1243,81,18,22125,11190,0.33349349830325237,1310,666,18121,14758,11552,5318,16491,27995,36511,23912,0,0,26576,9073,9409,1325,1128,37,0,0,0,0,46391,2445,3513,0,0,0,0,0
490,3494,491.1023818259769,99896,2461,1241,82,18,22375,11312,0.33722070953791944,1268,656,17944,14580,11630,5365,16613,28138,36796,24143,0,0,26066,9096,9653,1332,1172,39,0,0,0,0,46603,2405,3530,0,0,0,0,0
491,3494,492.52119572499277,99895,2431,1236,82,19,22836,11572,0.3444416637469343,1231,634,17731,14439,11917,5536,16606,28134,37075,24370,0,0,25424,9228,10080,1389,1226,44,0,0,0,0,46618,2344,3542,0,0,0,0,0
492,3494,493.2361008614306,99895,2419,1206,82,19,23073,11665,0.34774513238900845,1231,651,17530,14284,12030,5570,16706,28268,37347,24593,0,0,24937,9255,10327,1398,1274,45,0,0,0,0,46795,2297,3567,0,0,0,0,0
493,3494,494.689001430393,99893,2345,1197,84,19,23505,11908,0.3545093249777262,1220,623,17314,14152,12323,5708,16712,28299,37613,24813,0,0,24324,9399,10743,1430,1346,52,0,0,0,0,46773,2242,3584,0,0,0,0,0
494,3494,495.421551677723,99893,2281,1175,84,19,23706,12015,0.35759262410779535,1246,621,17139,14000,12448,5760,16800,28423,37873,25029,0,0,23856,9409,10990,1444,1397,58,0,0,0,0,46934,2200,3605,0,0,0,0,0
495,3494,496.1622295990656,99892,2291,1161,85,19,23944,12126,0.36108997717534935,1207,615,16985,13834,12529,5818,16901,28551,38127,25242,0,0,23400,9416,11244,1455,1440,60,0,0,0,0,47095,2170,3612,0,0,0,0,0
496,3494,497.66677297002866,99889,2258,1146,86,21,24417,12359,0.36816866722061486,1124,621,16827,13732,12818,5946,16885,28532,38375,25451,0,0,22781,9572,11637,1495,1512,66,0,0,0,0,47089,2130,3607,0,0,0,0,0
497,3494,498.42424757138264,99888,2178,1141,87,21,24625,12474,0.37140597469165465,1121,596,16692,13613,12949,5996,16971,28631,38617,25657,0,0,22308,9605,11918,1512,1546,68,0,0,0,0,47211,2104,3616,0,0,0,0,0
498,3494,499.1855615983502,99887,2166,1154,88,21,24843,12598,0.37483356192497524,1099,571,16539,13492,13050,6035,17056,28725,38854,25859,0,0,21882,9595,12151,1543,1580,71,0,0,0,0,47368,2068,3629,0,0,0,0,0
499,3494,500.69873778936903,99884,2119,1148,90,22,25251,12833,0.381282287453446,1074,532,16403,13384,13288,6203,17024,28709,39085,26057,0,0,21335,9709,12518,1585,1652,76,0,0,0,0,47349,2024,3636,0,0,0,0,0
500,3494,501.45934874106337,99884,2098,1119,90,22,25452,12927,0.384235713427576,1051,541,16291,13260,13362,6256,17106,28800,39311,26252,0,0,20945,9697,12776,1598,1688,82,0,0,0,0,47455,1992,3651,0,0,0,0,0
501,3494,502.2164101287375,99883,2089,1095,90,23,25682,13013,0.3874032618163251,987,575,16185,13133,13456,6278,17191,28894,39531,26443,0,0,20571,9667,13048,1618,1725,85,0,0,0,0,47543,1966,3660,0,0,0,0,0
502,3494,503.72108833524896,99883,2063,1076,90,23,26063,13209,0.3931800206241302,984,582,16052,13067,13657,6404,17152,28846,39746,26631,0,0,20122,9725,13406,1640,1809,94,0,0,0,0,47496,1930,3661,0,0,0,0,0
503,3494,504.47687312679415,99883,2040,1060,90,23,26244,13317,0.3960734058848853,990,561,15943,12984,13712,6449,17223,28921,39956,26816,0,0,19774,9697,13652,1645,1857,100,0,0,0,0,47580,1907,3671,0,0,0,0,0
504,3494,505.22966781707754,99883,2041,1064,90,23,26442,13419,0.3990769199963958,989,561,15832,12872,13762,6486,17284,28992,40160,26997,0,0,19434,9680,13864,1655,1899,104,0,0,0,0,47686,1869,3692,0,0,0,0,0
505,3494,506.7270190088111,99880,1988,1031,92,24,26803,13625,0.4047657188626352,948,497,15761,12853,13949,6632,17260,28961,40359,27175,0,0,18977,9748,14204,1694,1986,108,0,0,0,0,47632,1832,3699,0,0,0,0,0
506,3494,507.47936832150674,99879,1965,1017,93,24,26978,13719,0.4074630302666226,940,486,15674,12775,14017,6665,17309,29031,40554,27349,0,0,18651,9713,14438,1705,2026,113,0,0,0,0,47714,1811,3708,0,0,0,0,0
507,3494,508.22892365069805,99877,1944,992,95,24,27169,13806,0.41025461317420425,890,475,15606,12713,14084,6694,17379,29100,40744,27520,0,0,18329,9690,14685,1710,2071,115,0,0,0,0,47772,1783,3722,0,0,0,0,0
508,3494,509.7222374455319,99874,1833,956,96,26,27485,13972,0.41509301720167413,874,488,15550,12724,14289,6792,17356,29012,40929,27688,0,0,17913,9723,15009,1764,2160,118,0,0,0,0,47717,1750,3720,0,0,0,0,0
509,3494,510.4722754364985,99870,1770,948,100,26,27639,14057,0.41750275357965355,860,489,15482,12649,14363,6820,17423,29066,41109,27853,0,0,17601,9695,15185,1782,2221,123,0,0,0,0,47811,1720,3732,0,0,0,0,0
510,3494,511.2199787367781,99870,1726,949,100,26,27802,14161,0.4201762290978272,830,458,15405,12570,14448,6856,17489,29139,41285,28014,0,0,17286,9678,15370,1800,2278,126,0,0,0,0,47899,1695,3738,0,0,0,0,0
511,3494,512.7088835250147,99865,1650,898,102,29,28108,14331,0.42496370099634506,769,430,15353,12584,14624,6975,17500,29082,41456,28172,0,0,16921,9709,15712,1835,2356,136,0,0,0,0,47802,1656,3738,0,0,0,0,0
512,3494,513.4562604856494,99865,1625,890,102,29,28241,14408,0.42706653982876885,741,418,15297,12518,14659,6992,17574,29151,41623,28327,0,0,16643,9679,15909,1835,2391,139,0,0,0,0,47882,1639,3748,0,0,0,0,0
513,3494,514.2006575045449,99863,1625,884,103,30,28381,14486,0.4292580835744971,741,422,15237,12475,14671,7002,17621,29185,41786,28479,0,0,16402,9630,16110,1835,2421,144,0,0,0,0,47942,1612,3767,0,0,0,0,0
514,3494,515.6822491476249,99859,1539,847,104,33,28648,14636,0.43345116614426343,726,393,15212,12507,14843,7089,17574,29129,41945,28628,0,0,16068,9649,16422,1865,2500,148,0,0,0,0,47859,1581,3767,0,0,0,0,0
515,3494,516.4261227306228,99859,1506,842,104,33,28792,14706,0.4355941878048048,667,384,15182,12467,14906,7104,17633,29168,42100,28774,0,0,15821,9606,16603,1878,2548,152,0,0,0,0,47923,1558,3770,0,0,0,0,0
516,3494,517.1690234795027,99859,1500,833,104,33,28933,14778,0.4377271953454371,630,377,15134,12424,14937,7127,17693,29204,42251,28917,0,0,15592,9544,16773,1885,2602,155,0,0,0,0,47993,1546,3769,0,0,0,0,0
517,3494,518.6493680275229,99857,1432,798,105,34,29175,14903,0.4414112180417998,593,381,15120,12462,15073,7199,17675,29124,42398,29057,0,0,15290,9551,17067,1908,2661,161,0,0,0,0,47926,1525,3768,0,0,0,0,0
518,3494,519.3923416127116,99857,1379,755,105,34,29286,14958,0.4430735952411949,578,377,15085,12431,15109,7236,17742,29165,42541,29195,0,0,15065,9513,17254,1902,2719,166,0,0,0,0,47954,1511,3773,0,0,0,0,0
519,3494,520.1332214349059,99857,1381,765,105,34,29410,15032,0.4450564306958951,562,378,15063,12398,15108,7231,17779,29192,42681,29330,0,0,14852,9473,17415,1895,2753,172,0,0,0,0,48018,1498,3781,0,0,0,0,0
520,3494,521.6094758206734,99855,1280,751,106,35,29610,15177,0.44852035451404537,585,342,15069,12462,15233,7302,17725,29106,42817,29462,0,0,14583,9452,17672,1936,2825,178,0,0,0,0,47958,1473,3778,0,0,0,0,0
521,3494,522.3512669802399,99855,1269,745,106,35,29724,15247,0.450363026388263,581,333,15017,12444,15254,7320,17771,29121,42950,29591,0,0,14381,9400,17810,1954,2871,181,0,0,0,0,48028,1448,3782,0,0,0,0,0
522,3494,523.0917725634185,99854,1264,762,107,35,29835,15322,0.4522302561740141,577,307,14984,12438,15250,7308,17816,29148,43079,29718,0,0,14194,9354,17959,1947,2914,183,0,0,0,0,48082,1430,3791,0,0,0,0,0
523,3494,524.567544387256,99853,1217,717,108,35,30066,15419,0.4555196138323335,550,313,14981,12483,15372,7366,17770,29084,43205,29842,0,0,13943,9348,18195,1972,2984,189,0,0,0,0,48026,1406,3790,0,0,0,0,0
524,3494,525.3085280785359,99853,1184,698,108,35,30170,15476,0.45713198401650423,523,303,14969,12464,15392,7391,17822,29107,43328,29964,0,0,13747,9315,18343,1975,3032,193,0,0,0,0,48068,1387,3793,0,0,0,0,0
525,3494,526.0482156025785,99853,1141,697,108,35,30251,15544,0.4586241775409852,535,282,14952,12463,15410,7402,17852,29119,43448,30083,0,0,13561,9276,18512,1970,3066,197,0,0,0,0,48101,1375,3795,0,0,0,0,0
526,3494,527.5236227138105,99851,1077,650,109,36,30443,15637,0.4614876165486575,500,277,14990,12531,15498,7473,17824,29031,43565,30200,0,0,13330,9261,18739,1992,3130,205,0,0,0,0,48044,1358,3792,0,0,0,0,0
527,3494,528.264465399492,99851,1065,644,109,36,30533,15692,0.4629397802726062,497,264,14986,12518,15502,7487,17839,29049,43679,30314,0,0,13169,9210,18875,1985,3178,206,0,0,0,0,48086,1348,3794,0,0,0,0,0
528,3494,529.0039178365244,99851,1040,619,109,36,30631,15749,0.4644920932188962,472,247,14977,12525,15527,7518,17873,29053,43790,30426,0,0,12983,9199,19011,1986,3218,212,0,0,0,0,48119,1322,3801,0,0,0,0,0
529,3494,530.4811572070614,99850,1013,588,110,36,30817,15833,0.4672008012018027,433,241,15011,12609,15586,7564,17845,28960,43898,30535,0,0,12773,9195,19197,1989,3284,218,0,0,0,0,48087,1311,3796,0,0,0,0,0
530,3494,531.2227419192893,99850,993,577,110,36,30906,15884,0.4686029043565348,429,238,14997,12602,15587,7576,17882,28969,44003,30642,0,0,12604,9171,19333,1980,3314,224,0,0,0,0,48120,1299,3805,0,0,0,0,0
531,3494,532.7015702898559,99849,954,531,111,36,31071,15967,0.47109134793538243,414,222,15021,12678,15650,7641,17848,28890,44105,30747,0,0,12412,9157,19544,1993,3364,231,0,0,0,0,48059,1282,3807,0,0,0,0,0
532,3494,533.4435855587185,99849,904,527,111,36,31133,15999,0.4720327694819177,402,221,15039,12686,15661,7629,17881,28899,44205,30850,0,0,12265,9109,19657,1989,3410,234,0,0,0,0,48109,1275,3801,0,0,0,0,0
533,3494,534.1844753388601,99848,899,504,112,36,31211,16032,0.4731491867638811,383,233,15028,12676,15656,7639,17920,28910,44302,30951,0,0,12129,9053,19773,1995,3443,236,0,0,0,0,48151,1261,3807,0,0,0,0,0
534,3494,535.6632325643103,99848,853,494,112,36,31356,16111,0.47539259674705553,339,214,15086,12783,15711,7657,17897,28814,44397,31049,0,0,11953,9039,19936,2006,3499,239,0,0,0,0,48121,1246,3809,0,0,0,0,0
535,3494,536.4049360460172,99848,799,483,112,36,31409,16156,0.4763740886146943,361,203,15094,12800,15715,7670,17917,28806,44489,31145,0,0,11813,8997,20049,2009,3538,243,0,0,0,0,48151,1234,3814,0,0,0,0,0
536,3494,537.1454226921967,99848,767,465,112,36,31473,16193,0.4773856261517507,364,201,15102,12823,15719,7672,17934,28801,44579,31239,0,0,11691,8961,20173,1998,3574,249,0,0,0,0,48160,1218,3824,0,0,0,0,0
537,3494,538.6251356505467,99847,757,438,113,36,31616,16263,0.47952367121696193,331,178,15187,12925,15732,7694,17878,28727,44667,31331,0,0,11558,8921,20333,2007,3620,258,0,0,0,0,48116,1201,3833,0,0,0,0,0
538,3494,539.3683080166518,99847,753,419,113,36,31697,16295,0.4806554027662323,303,176,15195,12944,15744,7699,17890,28724,44752,31421,0,0,11439,8879,20438,2004,3660,260,0,0,0,0,48143,1188,3836,0,0,0,0,0
539,3494,540.1108306019802,99846,737,412,114,36,31766,16338,0.48178194419405884,292,161,15213,12954,15729,7704,17913,28731,44835,31509,0,0,11325,8831,20562,2001,3688,264,0,0,0,0,48154,1182,3839,0,0,0,0,0
540,3494,541.5949092255054,99844,695,392,116,36,31893,16401,0.4836945635190898,266,147,15293,13076,15744,7723,17884,28624,44916,31596,0,0,11181,8812,20710,2006,3743,269,0,0,0,0,48119,1169,3835,0,0,0,0,0
541,3494,542.3397509108023,99844,657,386,116,36,31933,16433,0.48441568847401945,267,131,15305,13108,15743,7721,17910,28616,44995,31681,0,0,11057,8775,20805,2009,3769,270,0,0,0,0,48161,1160,3838,0,0,0,0,0
542,3494,543.0833422411488,99844,629,367,116,36,31982,16453,0.4851067665558271,261,143,15315,13132,15738,7718,17939,28602,45072,31764,0,0,10937,8741,20896,2013,3796,273,0,0,0,0,48201,1151,3836,0,0,0,0,0
543,3494,544.5682917180579,99844,590,322,116,36,32071,16503,0.48649893834381636,254,131,15413,13259,15732,7752,17893,28498,45147,31845,0,0,10821,8711,21043,2017,3843,278,0,0,0,0,48156,1136,3839,0,0,0,0,0
544,3494,545.3130514705258,99844,597,314,116,36,32131,16529,0.4873602820399824,232,124,15438,13284,15702,7746,17913,28494,45220,31925,0,0,10736,8653,21134,2014,3868,283,0,0,0,0,48186,1129,3841,0,0,0,0,0
545,3494,546.0576220404514,99844,544,302,116,36,32166,16547,0.48789111013180564,238,127,15452,13301,15720,7740,17928,28492,45292,32003,0,0,10636,8612,21236,2013,3892,289,0,0,0,0,48203,1121,3842,0,0,0,0,0
546,3494,547.5452667122253,99844,518,286,116,36,32261,16604,0.48941348503665716,216,108,15547,13430,15704,7749,17897,28389,45362,32079,0,0,10527,8573,21383,2018,3927,296,0,0,0,0,48174,1116,3830,0,0,0,0,0
547,3494,548.2913517960686,99844,508,270,116,36,32302,16624,0.4900244381234726,217,113,15562,13471,15670,7747,17925,28361,45430,32154,0,0,10447,8515,21479,2022,3947,297,0,0,0,0,48196,1105,3836,0,0,0,0,0
548,3494,549.0369028720769,99844,492,257,116,36,32346,16643,0.4906554224590361,218,110,15606,13512,15638,7739,17928,28344,45496,32227,0,0,10358,8468,21566,2021,3976,297,0,0,0,0,48222,1102,3834,0,0,0,0,0
549,3494,550.5260046104806,99844,462,247,116,36,32412,16683,0.4917170786426826,218,110,15711,13658,15609,7723,17882,28224,45561,32298,0,0,10261,8431,21673,2024,4011,299,0,0,0,0,48216,1096,3833,0,0,0,0,0
550,3494,551.2729122274469,99844,463,254,116,36,32454,16703,0.49233804735387204,202,106,15731,13697,15576,7697,17910,28208,45624,32368,0,0,10173,8396,21736,2018,4028,300,0,0,0,0,48265,1091,3837,0,0,0,0,0
551,3494,552.0197088856814,99844,453,245,116,36,32485,16716,0.49277873482632906,202,104,15773,13739,15540,7686,17914,28188,45685,32436,0,0,10102,8352,21817,2011,4046,302,0,0,0,0,48291,1082,3841,0,0,0,0,0
552,3494,553.5111263713644,99844,437,242,116,36,32565,16762,0.49404070349745605,184,93,15877,13863,15518,7673,17866,28091,45745,32503,0,0,10005,8323,21919,2013,4078,305,0,0,0,0,48285,1077,3839,0,0,0,0,0
553,3494,554.2598372386105,99844,451,232,116,36,32616,16780,0.4947317815792637,157,101,15897,13923,15485,7662,17892,28044,45803,32569,0,0,9928,8294,21981,2002,4105,308,0,0,0,0,48318,1071,3837,0,0,0,0,0
554,3494,555.0078563572828,99844,426,220,116,36,32644,16793,0.4951424221785986,152,104,15924,13971,15470,7661,17910,28006,45860,32633,0,0,9843,8261,22059,2003,4120,309,0,0,0,0,48343,1067,3839,0,0,0,0,0
555,3494,556.5014687865771,99843,397,202,117,36,32699,16825,0.4960187494366155,148,100,16030,14097,15442,7653,17864,27910,45916,32696,0,0,9756,8224,22147,2006,4154,312,0,0,0,0,48344,1063,3837,0,0,0,0,0
556,3494,557.2505086097325,99843,369,197,117,36,32725,16841,0.4964394098735014,147,97,16071,14127,15422,7645,17872,27896,45970,32758,0,0,9679,8196,22218,2003,4172,313,0,0,0,0,48364,1054,3844,0,0,0,0,0
557,3494,558.7481696661935,99843,366,195,117,36,32791,16877,0.4974610137916529,126,92,16186,14256,15377,7626,17826,27793,46023,32818,0,0,9601,8167,22310,2000,4194,316,0,0,0,0,48361,1050,3844,0,0,0,0,0
558,3494,559.4995848954782,99843,350,179,117,36,32815,16891,0.49784161132978777,120,89,16246,14297,15331,7621,17834,27776,46075,32877,0,0,9536,8132,22369,1996,4220,317,0,0,0,0,48382,1041,3850,0,0,0,0,0
559,3494,560.2505301439617,99843,342,182,117,36,32841,16912,0.49831235039011246,114,81,16279,14341,15307,7608,17839,27750,46125,32935,0,0,9475,8105,22416,1985,4245,319,0,0,0,0,48408,1033,3857,0,0,0,0,0
560,3494,561.0014023906112,99843,316,188,117,36,32858,16933,0.49869294792824737,120,64,16318,14387,15277,7596,17850,27727,46174,32992,0,0,9401,8079,22468,1985,4264,319,0,0,0,0,48444,1027,3856,0,0,0,0,0
561,3494,562.5027316479774,99842,301,173,118,36,32912,16956,0.4994691612748142,112,68,16446,14535,15236,7580,17785,27606,46222,33047,0,0,9343,8041,22547,1983,4297,322,0,0,0,0,48435,1020,3854,0,0,0,0,0
562,3494,563.2560616933537,99842,285,163,118,36,32932,16967,0.4997796518499229,107,71,16516,14591,15196,7565,17776,27572,46269,33101,0,0,9285,8009,22611,1979,4313,323,0,0,0,0,48449,1014,3859,0,0,0,0,0
563,3494,564.0095702373111,99842,263,168,118,36,32948,16984,0.5001101740750385,114,61,16557,14647,15168,7546,17778,27540,46315,33154,0,0,9221,7982,22654,1979,4327,327,0,0,0,0,48483,1009,3860,0,0,0,0,0
564,3494,565.5178269494177,99842,241,158,118,36,32982,17009,0.5007011077502453,105,59,16691,14798,15110,7535,17733,27412,46360,33206,0,0,9156,7952,22718,1987,4350,327,0,0,0,0,48488,999,3865,0,0,0,0,0
565,3494,566.2745455387669,99842,237,150,118,36,32995,17020,0.5009414875503295,102,54,16735,14855,15075,7520,17731,27383,46404,33257,0,0,9103,7922,22771,1981,4363,328,0,0,0,0,48513,994,3867,0,0,0,0,0
566,3494,567.030924064214,99842,224,145,118,36,33013,17035,0.5012720097754452,106,42,16794,14912,15030,7504,17726,27359,46446,33307,0,0,9049,7898,22817,1973,4384,331,0,0,0,0,48534,989,3867,0,0,0,0,0
567,3494,568.5444294764199,99842,230,133,118,36,33068,17053,0.5020031650007011,97,46,16910,15026,14979,7491,17664,27266,46487,33356,0,0,8994,7864,22891,1976,4399,333,0,0,0,0,48533,984,3868,0,0,0,0,0
568,3494,569.3038828942944,99842,234,127,118,36,33095,17061,0.5023537188758238,87,47,16938,15068,14958,7477,17663,27243,46527,33404,0,0,8947,7832,22948,1974,4407,334,0,0,0,0,48550,978,3872,0,0,0,0,0
569,3494,570.0635237033194,99842,223,126,118,36,33111,17070,0.5026041145009115,86,41,16986,15132,14926,7450,17659,27213,46567,33451,0,0,8896,7808,22990,1968,4419,337,0,0,0,0,48577,972,3875,0,0,0,0,0
570,3494,571.5833215764428,99842,212,114,118,36,33148,17087,0.5031449690511007,79,39,17109,15268,14876,7423,17604,27118,46606,33497,0,0,8849,7776,23062,1970,4434,339,0,0,0,0,48568,965,3879,0,0,0,0,0
571,3494,572.3452967307649,99842,203,106,118,36,33166,17091,0.5033653172011778,70,39,17154,15324,14846,7403,17607,27090,46644,33542,0,0,8802,7748,23098,1967,4450,341,0,0,0,0,48593,960,3883,0,0,0,0,0
572,3494,573.1079258598129,99842,194,100,118,36,33176,17099,0.503545602051241,71,37,17206,15378,14808,7388,17601,27059,46681,33586,0,0,8751,7730,23124,1967,4461,343,0,0,0,0,48625,949,3892,0,0,0,0,0
573,3494,574.6336520784002,99842,181,76,118,36,33198,17111,0.5038861401013601,74,41,17330,15510,14745,7374,17550,26961,46717,33629,0,0,8702,7699,23186,1972,4478,344,0,0,0,0,48626,946,3889,0,0,0,0,0
574,3494,575.3988603230674,99842,170,75,118,36,33211,17116,0.5040664249514233,75,43,17381,15573,14705,7352,17549,26919,46752,33671,0,0,8663,7676,23215,1961,4500,344,0,0,0,0,48648,940,3895,0,0,0,0,0
575,3494,576.1642989966869,99842,159,72,118,36,33219,17122,0.5042066465014723,80,41,17439,15651,14666,7335,17536,26863,46786,33712,0,0,8624,7647,23255,1960,4508,345,0,0,0,0,48668,934,3901,0,0,0,0,0
576,3494,577.6960696159356,99842,146,74,118,36,33244,17139,0.5046273111516195,70,30,17572,15814,14608,7297,17484,26747,46819,33753,0,0,8586,7617,23309,1957,4526,345,0,0,0,0,48669,930,3903,0,0,0,0,0
577,3494,578.4633888688558,99842,145,73,118,36,33257,17143,0.5047975801766792,65,29,17623,15878,14571,7273,17476,26709,46852,33793,0,0,8549,7595,23341,1949,4539,345,0,0,0,0,48692,924,3908,0,0,0,0,0
578,3494,579.2282418914178,99842,142,79,118,36,33265,17154,0.5049878808517457,68,20,17683,15942,14519,7248,17468,26673,46884,33832,0,0,8512,7567,23376,1946,4546,346,0,0,0,0,48719,921,3909,0,0,0,0,0
579,3494,580.1458338258919,99842,142,80,118,36,33267,17156,0.5050279441517598,68,18,17690,15941,14490,7238,17490,26685,46915,33870,0,0,8465,7549,23395,1944,4548,347,0,0,0,0,48764,920,3910,0,0,0,0,0
580,3494,581.653769384544,99842,128,66,118,36,33307,17164,0.505508703751928,51,21,17873,16130,14414,7205,17414,26540,46945,33907,0,0,8411,7541,23437,1942,4572,347,0,0,0,0,48766,915,3911,0,0,0,0,0
581,3494,582.4084620618554,99842,127,62,118,36,33316,17166,0.5056188778269666,49,22,17935,16192,14362,7185,17407,26501,46975,33944,0,0,8370,7522,23464,1938,4580,347,0,0,0,0,48795,912,3914,0,0,0,0,0
582,3494,583.1607891640429,99841,121,61,118,37,33328,17173,0.5058142446489919,45,21,17990,16257,14326,7169,17398,26453,47004,33980,0,0,8337,7496,23499,1931,4591,349,0,0,0,0,48812,910,3916,0,0,0,0,0
583,3494,584.6581013481938,99840,116,63,118,38,33338,17183,0.5060196314102564,48,17,18058,16341,14280,7144,17378,26395,47032,34015,0,0,8304,7473,23529,1927,4602,350,0,0,0,0,48830,908,3917,0,0,0,0,0
584,3494,585.0886462457079,99840,115,59,118,38,33344,17185,0.5060997596153847,44,17,18072,16369,14256,7127,17393,26388,47060,34049,0,0,8272,7451,23560,1922,4610,350,0,0,0,0,48852,905,3918,0,0,0,0,0
585,3494,586.7243742769687,99839,104,53,119,38,33364,17195,0.5064053125532106,42,14,18230,16517,14181,7095,17322,26281,47087,34083,0,0,8238,7429,23600,1918,4622,354,0,0,0,0,48858,900,3920,0,0,0,0,0
586,3494,587.3475368287834,99839,99,46,119,38,33371,17201,0.5065355221907271,44,11,18333,16614,14127,7079,17276,26210,47114,34116,0,0,8208,7406,23634,1915,4630,356,0,0,0,0,48871,897,3922,0,0,0,0,0
587,3494,588.6268311087119,99839,96,40,119,38,33386,17202,0.5066957802061318,35,17,18436,16699,14082,7056,17230,26148,47140,34148,0,0,8171,7395,23655,1911,4641,357,0,0,0,0,48891,892,3926,0,0,0,0,0
588,3494,589.7258315653162,99837,92,41,120,39,33404,17208,0.5069463225056843,25,18,18551,16860,14028,7012,17182,26028,47165,34180,0,0,8142,7371,23680,1907,4654,359,0,0,0,0,48907,890,3927,0,0,0,0,0
589,3494,590.4531634494971,99837,92,42,120,39,33405,17209,0.506966355158909,26,17,18538,16845,14015,7005,17207,26050,47190,34211,0,0,8110,7349,23701,1906,4655,360,0,0,0,0,48939,890,3927,0,0,0,0,0
590,3494,591.0365070360745,99837,88,38,120,39,33408,17212,0.5070264531185833,28,15,18583,16896,13970,6984,17209,26026,47214,34242,0,0,8080,7332,23726,1903,4657,363,0,0,0,0,48959,886,3931,0,0,0,0,0
591,3494,592.0723590267951,99837,83,41,120,39,33418,17217,0.507176698017769,23,17,18701,17009,13907,6952,17164,25940,47238,34272,0,0,8052,7307,23755,1906,4660,364,0,0,0,0,48977,883,3933,0,0,0,0,0
592,3494,593.066810218438,99837,76,42,120,39,33420,17221,0.5072367959774432,24,17,18736,17058,13882,6929,17160,25913,47261,34301,0,0,8027,7287,23787,1902,4663,365,0,0,0,0,48990,881,3935,0,0,0,0,0
593,3494,594.0333360433283,99837,68,42,120,39,33425,17229,0.5073670082234042,28,13,18822,17157,13832,6910,17128,25837,47284,34330,0,0,7992,7270,23810,1905,4668,365,0,0,0,0,49012,878,3937,0,0,0,0,0
594,3494,595.2985710551825,99837,58,41,120,39,33431,17233,0.5074671714895279,34,13,18903,17283,13780,6874,17103,25748,47306,34358,0,0,7964,7253,23829,1904,4677,366,0,0,0,0,49029,874,3941,0,0,0,0,0
595,3494,596.3994276965716,99836,55,36,120,40,33438,17236,0.5075724187667775,32,16,19005,17392,13725,6850,17061,25664,47328,34386,0,0,7938,7230,23856,1904,4684,366,0,0,0,0,49045,872,3941,0,0,0,0,0
596,3494,597.0923831709032,99836,53,34,120,40,33446,17240,0.5076926158900597,29,17,19083,17496,13687,6824,17026,25587,47349,34413,0,0,7912,7213,23877,1901,4693,366,0,0,0,0,49061,870,3943,0,0,0,0,0
597,3494,598.3403437799853,99836,54,35,120,40,33452,17243,0.5077827637325213,28,16,19157,17559,13644,6802,16995,25546,47370,34440,0,0,7887,7195,23897,1900,4694,369,0,0,0,0,49082,869,3943,0,0,0,0,0
598,3494,599.4799489514542,99836,59,31,120,40,33466,17250,0.5079931086982652,24,14,19290,17700,13577,6775,16928,25438,47390,34466,0,0,7858,7181,23920,1901,4698,370,0,0,0,0,49097,866,3945,0,0,0,0,0
599,3494,600.3217240149053,99836,54,31,120,40,33468,17252,0.5080331744060259,24,15,19318,17725,13554,6761,16928,25426,47410,34492,0,0,7829,7168,23939,1900,4699,372,0,0,0,0,49119,865,3945,0,0,0,0,0
600,3494,601.6831548057908,99836,54,30,120,40,33481,17257,0.5082134700909492,21,16,19465,17892,13481,6726,16857,25294,47429,34517,0,0,7801,7153,23967,1901,4701,372,0,0,0,0,49131,863,3947,0,0,0,0,0
601,3494,602.1757787498955,99836,53,31,120,40,33481,17258,0.5082234865178893,22,15,19451,17887,13472,6722,16880,25303,47448,34542,0,0,7778,7140,23981,1898,4702,374,0,0,0,0,49153,860,3950,0,0,0,0,0
602,3494,603.4317771700776,99836,47,31,120,40,33492,17261,0.5083637164950519,19,15,19599,18030,13401,6683,16812,25199,47467,34566,0,0,7752,7129,23999,1895,4710,375,0,0,0,0,49167,856,3953,0,0,0,0,0
603,3494,604.0295828864241,99836,48,31,120,40,33494,17261,0.5083837493489323,17,15,19621,18039,13378,6679,16814,25194,47485,34590,0,0,7725,7116,24013,1893,4712,375,0,0,0,0,49193,856,3953,0,0,0,0,0
604,3494,605.0752520236106,99836,48,28,120,40,33501,17265,0.5084939300452742,15,15,19738,18157,13311,6645,16766,25113,47503,34613,0,0,7703,7101,24037,1894,4714,376,0,0,0,0,49205,852,3954,0,0,0,0,0
605,3494,606.2693637022334,99836,43,25,120,40,33505,17269,0.5085740614607958,14,14,19825,18254,13261,6625,16735,25040,47520,34636,0,0,7682,7089,24059,1890,4720,377,0,0,0,0,49213,850,3956,0,0,0,0,0
606,3494,607.5013893561697,99836,40,22,120,40,33510,17271,0.508644176449377,13,18,19946,18374,13202,6589,16677,24955,47537,34658,0,0,7663,7072,24085,1890,4721,378,0,0,0,0,49221,848,3958,0,0,0,0,0
607,3494,608.0335175914563,99836,41,19,120,40,33512,17271,0.5086642093032574,13,18,19997,18423,13165,6575,16662,24923,47554,34680,0,0,7642,7056,24103,1888,4724,378,0,0,0,0,49239,848,3958,0,0,0,0,0
608,3494,609.0061546484353,99836,44,17,120,40,33517,17272,0.5087243078648984,10,22,20071,18498,13122,6554,16631,24867,47570,34702,0,0,7625,7041,24123,1885,4726,379,0,0,0,0,49251,846,3960,0,0,0,0,0
609,3494,610.0104312540144,99836,42,22,120,40,33519,17280,0.5088244721343003,13,15,20192,18613,13051,6521,16580,24787,47586,34723,0,0,7605,7029,24138,1880,4733,379,0,0,0,0,49266,846,3960,0,0,0,0,0
610,3494,611.0011320775122,99836,35,22,120,40,33521,17282,0.508864537842061,17,14,20264,18699,13007,6493,16555,24730,47602,34744,0,0,7587,7013,24160,1879,4736,379,0,0,0,0,49276,844,3962,0,0,0,0,0
611,3494,612.0471243778753,99836,29,22,120,40,33523,17284,0.5089046035498217,17,13,20340,18771,12972,6465,16520,24687,47617,34764,0,0,7565,7001,24177,1879,4737,380,0,0,0,0,49291,843,3963,0,0,0,0,0
612,3494,613.0836672972997,99836,30,25,120,40,33529,17288,0.5090047678192235,15,10,20432,18873,12920,6442,16481,24608,47632,34784,0,0,7549,6986,24192,1873,4745,380,0,0,0,0,49305,843,3963,0,0,0,0,0
613,3494,614.0688249999221,99836,30,26,120,40,33535,17290,0.509084899234745,13,9,20531,18991,12859,6411,16445,24521,47647,34804,0,0,7533,6973,24212,1869,4749,380,0,0,0,0,49314,841,3965,0,0,0,0,0
614,3494,615.0805578913394,99836,31,23,120,40,33538,17291,0.5091249649425057,11,11,20613,19061,12815,6398,16408,24465,47661,34823,0,0,7515,6961,24228,1868,4751,380,0,0,0,0,49327,839,3967,0,0,0,0,0
615,3494,616.0962967720062,99836,26,24,120,40,33541,17294,0.5091850635041468,13,8,20697,19191,12768,6365,16374,24370,47675,34842,0,0,7498,6947,24245,1869,4752,381,0,0,0,0,49338,836,3970,0,0,0,0,0
616,3494,617.2481622615188,99836,23,25,120,40,33543,17297,0.5092351456388478,14,8,20783,19290,12730,6336,16328,24299,47689,34861,0,0,7486,6930,24267,1868,4754,381,0,0,0,0,49344,833,3973,0,0,0,0,0
617,3494,618.1512311346077,99836,25,20,120,40,33546,17298,0.5092752113466085,13,9,20877,19384,12684,6316,16279,24229,47703,34879,0,0,7467,6917,24286,1867,4755,381,0,0,0,0,49357,833,3973,0,0,0,0,0
618,3494,619.149364687415,99836,25,18,120,40,33549,17299,0.5093152770543692,13,9,20952,19436,12640,6308,16248,24187,47716,34897,0,0,7451,6904,24301,1865,4759,381,0,0,0,0,49370,832,3973,0,0,0,0,0
619,3494,620.1958747367695,99836,28,16,120,40,33554,17299,0.5093653591890701,13,12,21038,19518,12600,6289,16199,24123,47729,34915,0,0,7433,6893,24314,1865,4758,383,0,0,0,0,49385,832,3973,0,0,0,0,0
620,3494,621.0354892239363,99836,29,16,120,40,33558,17302,0.5094354741776513,12,11,21120,19636,12562,6258,16155,24037,47742,34932,0,0,7421,6877,24332,1864,4761,383,0,0,0,0,49393,831,3974,0,0,0,0,0
621,3494,622.1729740132939,99836,21,19,120,40,33558,17306,0.509475539885412,14,8,21261,19788,12511,6229,16071,23914,47755,34949,0,0,7400,6869,24345,1864,4762,384,0,0,0,0,49408,830,3974,0,0,0,0,0
622,3494,623.0008328874482,99836,21,18,120,40,33558,17307,0.5094855563123523,14,7,21264,19804,12502,6227,16077,23902,47767,34966,0,0,7385,6857,24357,1862,4765,384,0,0,0,0,49422,830,3974,0,0,0,0,0
623,3494,624.02663295702,99836,22,16,120,40,33561,17310,0.5095456548739934,11,6,21360,19936,12458,6207,16027,23793,47779,34982,0,0,7370,6847,24372,1859,4769,384,0,0,0,0,49431,830,3974,0,0,0,0,0
624,3494,625.1314770769266,99836,19,17,120,40,33564,17313,0.5096057534356344,11,4,21440,20043,12423,6179,15985,23715,47791,34998,0,0,7357,6837,24384,1857,4774,384,0,0,0,0,49439,827,3977,0,0,0,0,0
625,3494,626.263357598267,99836,21,14,120,40,33568,17313,0.5096458191433951,8,6,21530,20129,12373,6167,15946,23642,47803,35014,0,0,7339,6831,24390,1855,4779,384,0,0,0,0,49456,825,3977,0,0,0,0,0
626,3494,627.1496660856945,99836,20,16,120,40,33569,17315,0.5096758684242157,10,4,21605,20205,12328,6148,15915,23585,47814,35029,0,0,7326,6821,24400,1854,4781,384,0,0,0,0,49468,823,3979,0,0,0,0,0
627,3494,628.0031899767511,99836,19,15,120,40,33571,17316,0.5097059177050363,9,4,21670,20268,12293,6139,15887,23532,47825,35044,0,0,7312,6812,24412,1853,4783,384,0,0,0,0,49478,821,3981,0,0,0,0,0
628,3494,629.0936303421879,99836,14,14,120,40,33572,17317,0.5097259505589167,9,3,21751,20372,12261,6116,15843,23453,47836,35059,0,0,7296,6804,24421,1851,4785,386,0,0,0,0,49491,820,3982,0,0,0,0,0
629,3494,630.0728127479434,99836,18,16,120,40,33576,17321,0.5098060819744381,31,25,21852,20476,12201,6090,15776,23351,47847,35074,0,0,7287,6789,24436,1850,4787,386,0,0,0,0,49499,819,3983,0,0,0,0,0
630,3494,631.0040815276897,99836,24,14,120,40,33583,17323,0.5098962298168997,29,30,21911,20532,12162,6073,15752,23309,47857,35088,0,0,7277,6781,24443,1844,4794,386,0,0,0,4,49505,819,3983,0,0,0,0,0
631,3494,632.0080615281844,99836,30,17,120,40,33593,17328,0.5100464762210024,36,30,21999,20639,12117,6038,15696,23234,47867,35102,0,0,7267,6772,24452,1840,4800,386,1,0,0,7,49511,817,3983,0,0,0,0,0
632,3494,633.0164899702651,99836,31,22,120,40,33602,17335,0.5102067390520454,36,29,22078,20739,12086,6011,15647,23157,47877,35116,0,0,7256,6761,24462,1838,4804,386,1,0,0,14,49515,816,3983,0,0,0,0,0
633,3494,634.0214863564717,99836,29,26,120,40,33610,17343,0.5103670018830883,34,26,22159,20829,12045,5982,15611,23095,47887,35130,0,0,7242,6749,24472,1839,4807,386,6,0,0,19,49519,812,3985,0,0,0,0,0
634,3494,635.022809622882,99836,31,28,120,40,33616,17349,0.5104871990063704,32,26,22244,20905,11998,5972,15573,23027,47897,35143,0,0,7230,6741,24475,1837,4815,386,6,0,0,21,49529,811,3985,0,0,0,0,0
635,3494,636.0201290125353,99836,36,31,120,40,33627,17355,0.5106574782643536,29,23,22347,20974,11956,5956,15510,22974,47907,35156,0,0,7223,6725,24488,1835,4819,387,8,0,0,23,49532,810,3986,0,0,0,0,0
636,3494,637.0130512376506,99836,32,30,120,40,33632,17363,0.510787691814576,31,24,22435,21042,11921,5945,15459,22917,47916,35169,0,0,7214,6712,24499,1834,4822,388,10,0,0,34,49528,809,3986,0,0,0,0,0
637,3494,638.0020388991345,99836,33,33,120,40,33637,17368,0.5108878560839777,36,24,22517,21117,11872,5924,15420,22860,47925,35182,0,0,7201,6707,24503,1830,4829,388,10,0,0,37,49538,809,3984,0,0,0,0,0
638,3494,639.3150290215037,99836,42,32,120,40,33653,17372,0.5110881846227814,32,23,22607,21226,11819,5904,15378,22773,47934,35194,0,0,7191,6697,24510,1827,4835,388,11,0,0,44,49540,809,3984,0,0,0,0,0
639,3494,640.29622942176,99836,39,33,120,40,33658,17379,0.5112083817460635,40,22,22676,21312,11788,5887,15335,22704,47943,35206,0,0,7181,6688,24516,1822,4843,388,14,0,0,51,49540,808,3985,0,0,0,0,0
640,3494,641.1073160404927,99836,45,34,120,40,33668,17383,0.5113486117232261,41,21,22765,21388,11747,5872,15280,22643,47952,35218,0,0,7173,6679,24521,1819,4849,389,14,0,0,53,49546,807,3986,0,0,0,0,0
641,3494,642.0578071635607,99836,50,32,120,40,33676,17385,0.511448775992628,49,24,22834,21466,11699,5852,15246,22584,47960,35230,0,0,7166,6668,24529,1818,4854,389,14,0,0,56,49550,806,3986,0,0,0,0,0
642,3494,643.0290431410115,99836,49,32,120,40,33685,17388,0.5115689731159101,46,28,22912,21591,11666,5830,15205,22477,47968,35242,0,0,7152,6661,24531,1818,4860,389,17,0,0,60,49557,804,3987,0,0,0,0,0
643,3494,644.3186988024216,99836,62,27,120,40,33708,17394,0.5118594494971753,40,32,23018,21706,11619,5803,15139,22390,47976,35253,0,0,7138,6655,24534,1819,4862,390,19,0,0,74,49555,802,3988,0,0,0,0,0
644,3494,645.2819921657813,99836,62,32,120,40,33716,17401,0.5120096959012781,46,34,23118,21790,11572,5788,15080,22314,47984,35264,0,0,7126,6651,24536,1817,4866,391,19,0,0,80,49561,801,3988,0,0,0,0,0
645,3494,646.2412641912229,99836,61,34,120,40,33724,17407,0.5121499258784407,46,37,23184,21854,11545,5780,15042,22253,47992,35275,0,0,7113,6643,24543,1818,4869,391,21,0,0,87,49565,800,3986,0,0,0,0,0
646,3494,647.1974910986721,99836,59,35,120,40,33733,17415,0.5123202051364237,50,35,23260,21939,11509,5760,15000,22189,48000,35286,0,0,7104,6634,24548,1819,4872,393,22,0,0,96,49564,797,3987,0,0,0,0,0
647,3494,648.150725275364,99836,66,29,120,40,33746,17420,0.512500500821347,49,35,23333,22020,11472,5754,14958,22120,48008,35297,0,0,7094,6624,24555,1817,4878,393,24,0,0,106,49562,797,3986,0,0,0,0,0
648,3494,649.1009748431699,99836,71,39,120,40,33762,17433,0.5127909772026122,45,29,23407,22089,11438,5738,14917,22063,48015,35308,0,0,7083,6614,24557,1820,4884,393,25,0,0,110,49568,796,3986,0,0,0,0,0
649,3494,650.0481508995786,99836,68,40,120,40,33774,17436,0.512941223606715,44,30,23479,22178,11409,5720,14878,21990,48022,35318,0,0,7074,6608,24555,1821,4893,393,26,0,0,116,49570,792,3988,0,0,0,0,0
650,3494,651.3064513792096,99836,70,50,120,40,33790,17447,0.5132116671340999,43,26,23589,22293,11368,5704,14808,21885,48029,35328,0,0,7066,6599,24558,1819,4901,394,28,0,0,121,49571,792,3987,0,0,0,0,0
651,3494,652.2462812420495,99836,67,52,120,40,33799,17454,0.5133719299651428,51,32,23655,22375,11343,5688,14762,21811,48036,35338,0,0,7057,6591,24560,1818,4909,394,28,0,0,130,49571,792,3986,0,0,0,0,0
652,3494,653.1834438623979,99836,73,48,120,40,33813,17457,0.5135422092231259,54,37,23712,22452,11315,5671,14724,21750,48043,35348,0,0,7044,6584,24563,1820,4910,395,29,0,0,139,49574,792,3986,0,0,0,0,0
653,3494,654.1181675149377,99836,81,56,120,40,33828,17469,0.5138126527505108,51,35,23780,22543,11282,5650,14684,21674,48050,35358,0,0,7037,6577,24569,1819,4912,396,29,0,0,147,49573,791,3986,0,0,0,0,0
654,3494,655.0501910153886,99835,78,55,121,40,33845,17479,0.5140882456052487,52,37,23853,22628,11257,5637,14637,21601,48057,35368,0,0,7026,6569,24569,1820,4921,397,32,0,0,161,49565,790,3985,0,0,0,0,0
655,3494,656.2885462920699,99835,74,57,121,40,33854,17493,0.5143186257324586,65,34,23923,22725,11223,5618,14592,21524,48064,35377,0,0,7018,6561,24565,1820,4935,397,33,0,0,171,49562,789,3984,0,0,0,0,0
656,3494,657.2147323958518,99835,83,56,121,40,33870,17498,0.5145289728051284,60,38,23980,22800,11197,5611,14557,21453,48070,35386,0,0,7011,6552,24568,1822,4938,398,33,0,0,177,49563,788,3985,0,0,0,0,0
657,3494,658.1388264456265,99835,83,61,121,40,33884,17510,0.5147894025141484,61,33,24048,22878,11170,5605,14515,21381,48076,35395,0,0,7002,6544,24568,1821,4947,399,35,0,0,185,49562,788,3984,0,0,0,0,0
658,3494,659.0602993547982,99835,90,58,121,40,33899,17514,0.5149797165322783,70,39,24106,22944,11141,5586,14470,21331,48082,35404,0,0,6995,6535,24570,1822,4953,400,35,0,0,190,49564,788,3983,0,0,0,0,0
659,3494,660.2849890238662,99835,97,64,121,40,33920,17527,0.5153202784594582,74,41,24220,23034,11088,5569,14398,21250,48088,35413,0,0,6990,6530,24567,1818,4966,401,36,0,0,199,49559,786,3983,0,0,0,0,0
660,3494,661.1996935149734,99835,104,63,121,40,33941,17532,0.515580708168478,76,48,24275,23106,11053,5555,14369,21186,48094,35422,0,0,6981,6522,24572,1820,4970,402,37,0,0,210,49556,785,3980,0,0,0,0,0
661,3494,662.1119805045241,99835,123,62,121,40,33971,17541,0.5159713527320078,75,53,24354,23191,11001,5548,14324,21104,48100,35431,0,0,6973,6517,24570,1818,4978,403,37,0,0,223,49551,785,3980,0,0,0,0,0
662,3494,663.0213933064678,99835,138,70,121,40,33994,17557,0.5163619972955377,90,55,24380,23254,10978,5530,14291,21049,48106,35439,0,0,6965,6513,24570,1816,4984,403,37,0,0,233,49549,783,3982,0,0,0,0,0
663,3494,664.2315916299376,99835,138,67,121,40,34009,17567,0.5166124104772876,116,61,24450,23361,10944,5518,14229,20951,48112,35447,0,0,6958,6504,24567,1818,4993,405,37,0,0,245,49544,782,3982,0,0,0,0,0
664,3494,665.1366372235693,99835,149,70,121,40,34035,17577,0.5169730054590074,112,69,24498,23432,10924,5504,14194,20883,48118,35455,0,0,6949,6494,24571,1819,4999,405,41,0,0,256,49538,782,3981,0,0,0,0,0
665,3494,666.0397189022605,99835,159,79,121,40,34059,17594,0.5173836830770772,123,74,24550,23486,10885,5496,14160,20823,48124,35463,0,0,6938,6489,24570,1820,5007,405,44,0,0,266,49536,780,3980,0,0,0,0,0
666,3494,667.2402129172917,99835,172,88,121,40,34100,17620,0.5180547904041669,128,82,24638,23550,10850,5490,14089,20748,48129,35471,0,0,6933,6476,24566,1824,5021,408,44,0,0,285,49522,779,3977,0,0,0,0,0
667,3494,668.1375385548859,99835,182,93,121,40,34135,17641,0.5186157159312866,136,81,24697,23633,10824,5487,14038,20664,48134,35479,0,0,6919,6468,24564,1826,5029,409,53,0,0,305,49507,777,3978,0,0,0,0,0
668,3494,669.0326398834411,99835,186,95,121,40,34166,17657,0.5190864927129765,142,81,24735,23698,10815,5480,13999,20604,48139,35487,0,0,6907,6459,24559,1828,5040,410,58,0,0,325,49494,777,3978,0,0,0,0,0
669,3494,670.2233302964479,99835,187,113,121,40,34207,17689,0.519817699203686,168,70,24800,23795,10804,5467,13918,20513,48144,35495,0,0,6897,6447,24554,1832,5054,410,62,0,0,355,49470,776,3978,0,0,0,0,0
670,3494,671.1140941338743,99835,208,114,121,40,34245,17704,0.5203485751489958,180,82,24850,23849,10773,5463,13866,20450,48149,35502,0,0,6888,6436,24556,1836,5060,412,66,0,0,368,49462,776,3975,0,0,0,0,0
671,3494,672.0027055283869,99835,220,117,121,40,34287,17723,0.5209595833124656,177,93,24894,23898,10762,5464,13824,20386,48154,35509,0,0,6874,6428,24549,1839,5076,412,73,0,0,386,49451,775,3972,0,0,0,0,0
672,3494,673.18437212683,99835,242,126,121,40,34347,17748,0.5218109881304152,187,100,24980,23996,10725,5447,13743,20289,48159,35516,0,0,6861,6417,24539,1844,5091,413,80,0,0,410,49433,774,3973,0,0,0,0,0
673,3494,674.0678350913801,99835,238,136,121,40,34374,17776,0.5223618971302649,214,97,25027,24054,10712,5438,13686,20233,48164,35523,0,0,6849,6405,24525,1850,5110,414,84,0,0,426,49425,774,3973,0,0,0,0,0
674,3494,675.2427810188153,99835,246,142,121,40,34425,17811,0.5232233184754845,230,96,25070,24129,10702,5437,13629,20154,48169,35530,0,0,6833,6398,24520,1852,5120,419,93,0,0,466,49392,773,3969,0,0,0,0,0
675,3494,676.1223214914922,99835,260,150,121,40,34471,17841,0.5239845745480042,249,93,25103,24181,10687,5448,13578,20086,48174,35537,0,0,6825,6385,24517,1860,5130,419,98,0,0,496,49365,768,3972,0,0,0,0,0
676,3494,677.0004528608598,99835,282,148,121,40,34529,17863,0.5247858967296039,249,85,25149,24246,10668,5453,13529,20026,48179,35544,0,0,6813,6376,24508,1863,5143,423,104,0,0,526,49341,768,3970,0,0,0,0,0
677,3494,678.1685357697139,99835,294,161,121,40,34591,17890,0.5256773676566334,271,94,25197,24334,10651,5437,13464,19932,48184,35551,0,0,6796,6368,24496,1867,5161,426,114,0,0,552,49322,767,3966,0,0,0,0,0
678,3494,679.0427113611801,99834,316,158,122,40,34658,17905,0.5265039966344132,266,102,25234,24380,10652,5438,13408,19880,48188,35558,0,0,6787,6361,24482,1870,5181,428,117,0,0,581,49298,764,3965,0,0,0,0,0
679,3494,680.2060567009621,99833,339,157,123,40,34736,17937,0.5276111105546262,297,112,25265,24457,10639,5446,13335,19786,48192,35564,0,0,6773,6350,24465,1877,5207,431,127,0,0,618,49265,760,3960,0,0,0,0,0
680,3494,681.0772359456927,99833,362,153,123,40,34796,17962,0.5284625324291566,303,125,25282,24519,10634,5459,13294,19702,48196,35570,0,0,6765,6339,24452,1885,5226,432,130,0,0,650,49237,757,3960,0,0,0,0,0
681,3494,682.2371415079997,99833,394,177,123,40,34886,18004,0.5297847405166628,310,127,25315,24579,10636,5453,13220,19622,48200,35576,0,0,6754,6324,24437,1893,5251,435,136,0,0,678,49214,756,3955,0,0,0,0,0
682,3494,683.1057042373682,99832,410,178,124,40,34951,18034,0.5307416459652216,326,137,25337,24623,10636,5465,13165,19555,48204,35582,0,0,6743,6308,24426,1903,5266,439,142,0,0,715,49182,755,3953,0,0,0,0,0
683,3494,684.2617155029117,99832,430,191,124,40,35048,18076,0.5321339850949596,312,153,25383,24694,10650,5471,13099,19449,48208,35588,0,0,6729,6294,24408,1913,5286,445,149,0,0,770,49133,755,3950,0,0,0,0,0
684,3494,685.127302800452,99832,427,208,124,40,35107,18120,0.5331657184069236,324,139,25396,24749,10665,5482,13062,19380,48212,35594,0,0,6715,6283,24392,1920,5309,447,157,0,0,815,49094,754,3946,0,0,0,0,0
685,3494,686.2803049809639,99831,466,203,125,40,35204,18152,0.534463242880468,355,163,25406,24792,10659,5501,12987,19299,48216,35600,0,0,6700,6268,24374,1929,5336,449,167,0,0,857,49056,753,3942,0,0,0,0,0
686,3494,687.1442100190629,99830,485,226,126,40,35278,18195,0.5356405890013022,371,166,25413,24835,10668,5501,12935,19230,48220,35606,0,0,6687,6259,24359,1933,5360,451,174,0,0,890,49028,752,3937,0,0,0,0,0
687,3494,688.0072892158005,99830,483,238,126,40,35353,18229,0.5367324451567665,418,173,25426,24891,10679,5503,12866,19153,48224,35612,0,0,6672,6243,24338,1944,5390,455,185,0,0,926,48995,749,3933,0,0,0,0,0
688,3494,689.1564080465041,99830,508,255,126,40,35476,18282,0.5384954422518281,434,195,25443,24948,10705,5510,12782,19050,48228,35618,0,0,6647,6224,24313,1958,5419,460,205,0,0,983,48942,746,3933,0,0,0,0,0
689,3494,690.0172142134336,99830,534,280,126,40,35565,18333,0.539897826304718,438,187,25456,25005,10721,5516,12723,18970,48232,35624,0,0,6635,6213,24293,1963,5448,462,212,0,0,1026,48904,746,3928,0,0,0,0,0
690,3494,691.1636729365504,99829,580,298,127,40,35700,18387,0.5417964719670637,440,207,25455,25073,10747,5521,12649,18859,48236,35629,0,0,6616,6199,24262,1971,5490,462,224,0,0,1084,48852,745,3924,0,0,0,0,0
691,3494,692.0229009696154,99829,611,318,127,40,35806,18440,0.5433891955243466,453,218,25449,25114,10766,5529,12592,18779,48240,35634,0,0,6604,6189,24234,1980,5529,464,232,0,0,1131,48809,740,3917,0,0,0,0,0
692,3494,693.1680227828676,99828,639,320,128,40,35940,18503,0.5453680330167888,470,223,25434,25172,10813,5557,12514,18686,48244,35639,0,0,6576,6177,24199,1989,5579,465,254,0,0,1207,48736,735,3911,0,0,0,0,0
693,3494,694.0267340463018,99828,683,340,128,40,36056,18551,0.5470108586769243,474,241,25423,25209,10835,5556,12455,18612,48248,35644,0,0,6563,6158,24183,2004,5603,469,263,0,0,1249,48698,732,3906,0,0,0,0,0
694,3494,695.1712516576363,99827,720,342,129,40,36206,18613,0.5491400122211426,483,272,25436,25240,10863,5582,12367,18522,48252,35649,0,0,6539,6145,24148,2011,5649,473,281,0,0,1335,48618,728,3900,0,0,0,0,0
695,3494,696.0287134178252,99827,734,364,129,40,36305,18669,0.5506926983681769,505,277,25436,25273,10878,5595,12316,18449,48255,35654,0,0,6526,6135,24120,2018,5687,477,291,0,0,1389,48565,726,3893,0,0,0,0,0
696,3494,697.1713857677681,99827,765,386,129,40,36459,18757,0.5531168922235468,530,283,25409,25307,10940,5635,12225,18347,48258,35659,0,0,6506,6103,24087,2048,5724,485,304,0,0,1478,48482,724,3886,0,0,0,0,0
697,3494,698.0283020040929,99827,784,410,129,40,36581,18826,0.5550302022498923,555,286,25400,25337,10981,5655,12149,18270,48261,35664,0,0,6485,6084,24061,2061,5767,491,321,0,0,1535,48427,722,3873,0,0,0,0,0
698,3494,699.1704704079576,99826,803,421,130,40,36728,18895,0.5571995271772885,644,325,25351,25367,11019,5672,12051,18173,48264,35669,0,0,6462,6056,24027,2079,5810,500,341,0,0,1613,48348,721,3869,0,0,0,0,0
699,3494,700.0273764928612,99826,844,442,130,40,36869,18964,0.5593031875463306,675,344,25342,25376,11045,5689,11962,18107,48267,35674,0,0,6440,6046,23998,2089,5846,507,356,0,0,1682,48284,719,3859,0,0,0,0,0
700,3494,701.1692837388008,99823,865,459,132,41,37049,19062,0.5621049257185218,734,353,25278,25419,11128,5733,11861,17993,48270,35679,0,0,6419,6027,23938,2098,5914,518,374,0,0,1796,48171,718,3850,0,0,0,0,0
701,3494,702.0267262621953,99823,910,480,132,41,37206,19135,0.5644090039369685,758,362,25241,25438,11166,5762,11791,17915,48273,35684,0,0,6402,6001,23919,2114,5941,528,390,0,0,1874,48091,717,3846,0,0,0,0,0
702,3494,703.1706716033268,99823,973,493,132,41,37423,19238,0.5676146779800246,771,392,25203,25452,11218,5818,11701,17802,48276,35689,0,0,6372,5985,23869,2130,5997,538,414,0,0,1997,47972,713,3836,0,0,0,0,0
703,3494,704.0290092338596,99823,1014,502,132,41,37593,19324,0.5701792172144696,796,418,25144,25470,11280,5866,11632,17701,48279,35694,0,0,6351,5961,23833,2145,6049,548,433,0,0,2087,47879,711,3826,0,0,0,0,0
704,3494,705.1749290841608,99823,1110,519,132,41,37862,19425,0.5738857778267533,796,450,25076,25496,11351,5909,11533,17583,48282,35699,0,0,6318,5933,23785,2164,6106,557,464,0,0,2212,47754,709,3821,0,0,0,0,0
705,3494,706.0354061071984,99822,1143,538,133,41,38042,19519,0.5766364128148104,859,461,24997,25477,11410,5958,11456,17523,48285,35703,0,0,6294,5913,23742,2180,6160,561,481,0,0,2325,47642,708,3816,0,0,0,0,0
706,3494,707.1846209272907,99822,1213,569,133,41,38298,19651,0.5805233315301236,865,466,24941,25499,11492,6021,11354,17402,48288,35707,0,0,6255,5882,23694,2205,6217,576,518,0,0,2452,47513,703,3807,0,0,0,0,0
707,3494,708.0474812143178,99822,1248,610,133,41,38479,19758,0.583408467071387,914,473,24877,25496,11555,6063,11271,17315,48291,35711,0,0,6237,5859,23648,2219,6284,581,534,0,0,2546,47418,699,3797,0,0,0,0,0
708,3494,709.1997018526631,99821,1264,649,134,41,38722,19898,0.5872511796115046,996,501,24765,25490,11676,6116,11163,17201,48294,35715,0,0,6203,5842,23560,2225,6384,595,564,0,0,2696,47267,698,3787,0,0,0,0,0
709,3494,710.0660246477938,99818,1329,662,136,42,38936,19986,0.5902943356909576,1045,552,24674,25493,11735,6148,11079,17101,48297,35719,0,0,6182,5825,23515,2233,6450,607,579,0,0,2787,47170,697,3773,0,0,0,0,0
710,3494,711.2239850117255,99818,1391,700,136,42,39231,20131,0.5947023582920916,1085,588,24552,25477,11861,6225,10973,16966,48300,35723,0,0,6141,5797,23438,2257,6544,618,613,0,0,2939,47018,694,3759,0,0,0,0,0
711,3494,712.0950354975613,99817,1460,715,137,42,39460,20250,0.5981946962942184,1125,590,24465,25480,11913,6291,10898,16880,48303,35727,0,0,6108,5775,23388,2274,6600,630,641,0,0,3068,46889,692,3752,0,0,0,0,0
712,3494,713.259443793642,99816,1544,772,138,42,39789,20427,0.603270016830969,1154,605,24305,25478,12045,6358,10812,16743,48306,35731,0,0,6065,5744,23306,2298,6700,643,677,0,0,3227,46729,686,3741,0,0,0,0,0
713,3494,714.1361461152953,99814,1631,826,139,43,40072,20572,0.6075700803494499,1153,612,24223,25462,12141,6416,10711,16639,48309,35735,0,0,6035,5716,23243,2319,6781,652,702,0,0,3351,46601,683,3731,0,0,0,0,0
714,3494,715.0148175528075,99814,1703,855,139,43,40352,20707,0.6117278137335443,1188,631,24117,25456,12239,6484,10612,16529,48312,35739,0,0,5996,5690,23189,2332,6857,665,736,0,0,3497,46453,683,3716,0,0,0,0,0
715,3494,716.1896558565754,99813,1809,912,139,44,40721,20901,0.6173744902968551,1241,672,23964,25394,12368,6569,10477,16407,48315,35743,0,0,5962,5648,23097,2368,6963,680,765,0,0,3682,46267,680,3701,0,0,0,0,0
716,3494,717.0737958315243,99813,1856,946,139,44,40991,21050,0.6215723402763167,1326,680,23836,25373,12461,6641,10380,16314,48318,35747,0,0,5925,5613,23028,2390,7050,693,799,0,0,3832,46112,679,3692,0,0,0,0,0
717,3494,718.2574351244798,99812,1901,988,139,45,41380,21268,0.6276600008015069,1367,691,23675,25332,12655,6761,10261,16181,48321,35751,0,0,5868,5572,22917,2421,7182,717,849,0,0,4062,45877,673,3674,0,0,0,0,0
718,3494,719.1495598563312,99810,1971,984,140,46,41709,21411,0.6324015629696423,1425,748,23511,25262,12799,6876,10152,16082,48324,35755,0,0,5827,5524,22828,2464,7293,732,884,0,0,4228,45707,668,3655,0,0,0,0,0
719,3494,720.0459905656488,99809,2031,1058,141,46,42024,21599,0.6374475247723151,1434,761,23403,25221,12931,6948,10058,15964,48326,35759,0,0,5789,5495,22745,2492,7387,754,917,0,0,4379,45550,660,3641,0,0,0,0,0
720,3494,721.2458780765327,99806,2135,1124,144,46,42501,21851,0.6447708554595916,1444,787,23256,25159,13111,7071,9908,15811,48328,35763,0,0,5743,5444,22616,2537,7526,784,953,0,0,4619,45298,654,3632,0,0,0,0,0
721,3494,722.1493663159804,99806,2219,1169,144,46,42870,22033,0.6502915656373365,1476,822,23086,25104,13258,7159,9815,15698,48330,35767,0,0,5695,5401,22534,2577,7627,803,997,0,0,4793,45113,645,3621,0,0,0,0,0
722,3494,723.057229957386,99804,2268,1181,146,46,43179,22207,0.6551440824015069,1564,852,22940,25073,13386,7273,9694,15573,48332,35771,0,0,5671,5363,22446,2608,7747,824,1015,0,0,4968,44925,638,3599,0,0,0,0,0
723,3494,724.2745793304699,99804,2329,1291,146,46,43636,22499,0.662648791631598,1700,870,22702,24984,13589,7386,9532,15421,48334,35775,0,0,5609,5306,22325,2660,7897,857,1069,0,0,5185,44692,631,3573,0,0,0,0,0
724,3494,725.1932965235143,99801,2369,1292,149,46,43992,22691,0.6681596376789811,1768,891,22511,24945,13777,7533,9424,15291,48336,35778,0,0,5558,5267,22221,2688,8024,882,1115,0,0,5406,44458,627,3555,0,0,0,0,0
725,3494,726.1182648744377,99798,2447,1343,151,47,44392,22913,0.6744123128720014,1823,914,22305,24891,13972,7649,9300,15154,48338,35781,0,0,5517,5229,22108,2712,8178,902,1145,0,0,5598,44250,623,3536,0,0,0,0,0
726,3494,727.0495348419014,99795,2493,1415,154,47,44788,23149,0.6807655694173055,1843,912,22134,24808,14165,7771,9209,15045,48340,35784,0,0,5464,5195,22001,2741,8298,936,1190,0,0,5812,44025,615,3518,0,0,0,0,0
727,3494,728.3004782524838,99795,2661,1450,154,47,45365,23431,0.6893732150909364,1890,991,21899,24691,14355,7949,9039,14870,48342,35787,0,0,5418,5136,21849,2794,8486,970,1230,0,0,6080,43740,607,3485,0,0,0,0,0
728,3494,729.2447463821944,99795,2740,1509,154,47,45816,23694,0.6965278821584248,1944,981,21699,24626,14545,8093,8916,14742,48344,35790,0,0,5374,5075,21714,2846,8644,1001,1268,0,0,6309,43498,600,3466,0,0,0,0,0
729,3494,730.1955648470882,99791,2834,1573,156,49,46294,23938,0.7037909230291309,1958,1060,21484,24501,14766,8211,8800,14604,48346,35793,0,0,5307,5022,21603,2895,8779,1025,1328,0,0,6541,43249,592,3450,0,0,0,0,0
730,3494,731.1537132356683,99790,2917,1595,157,49,46756,24188,0.7109329592143502,2049,1076,21259,24403,14945,8373,8671,14502,48348,35796,0,0,5255,4974,21490,2932,8928,1057,1375,0,0,6809,42967,580,3423,0,0,0,0,0
731,3494,732.1196626620361,99787,2995,1603,160,49,47270,24446,0.7186908114283423,2039,1115,21051,24316,15203,8560,8550,14355,48350,35799,0,0,5192,4924,21317,2990,9121,1091,1427,0,0,7076,42677,569,3403,0,0,0,0,0
732,3494,733.0938161430125,99787,3112,1625,160,49,47791,24711,0.7265675889644944,2085,1146,20826,24213,15420,8741,8395,14224,48352,35802,0,0,5141,4878,21193,3023,9283,1133,1467,0,0,7342,42391,564,3372,0,0,0,0,0
733,3494,734.0763051099345,99783,3145,1665,164,49,48291,24989,0.734393634186184,2148,1204,20610,24113,15655,8892,8276,14075,48354,35805,0,0,5089,4822,21031,3072,9490,1169,1509,0,0,7614,42091,551,3345,0,0,0,0,0
734,3494,735.0669750625754,99779,3258,1713,165,52,48849,25276,0.7428917908577958,2223,1238,20357,24028,15860,9043,8135,13924,48356,35808,0,0,5023,4767,20900,3111,9667,1208,1565,0,0,7875,41797,546,3320,0,0,0,0,0
735,3494,736.0670013935156,99778,3332,1786,166,52,49408,25597,0.7517188157710116,2323,1271,20096,23896,16106,9215,7975,13778,48358,35811,0,0,4942,4712,20746,3157,9853,1249,1638,0,0,8166,41477,541,3297,0,0,0,0,0
736,3494,737.0768814014567,99774,3486,1832,168,54,50020,25925,0.7611702447531421,2354,1310,19811,23764,16336,9409,7843,13629,48360,35814,0,0,4887,4653,20602,3204,10045,1291,1684,0,0,8450,41149,532,3277,0,0,0,0,0
737,3494,738.0978155453653,99773,3596,1911,169,54,50632,26263,0.7706994878373908,2381,1345,19542,23622,16604,9585,7706,13481,48362,35817,0,0,4823,4602,20445,3234,10243,1335,1737,0,0,8767,40804,525,3258,0,0,0,0,0
738,3494,739.1300411527675,99772,3647,1931,169,55,51233,26607,0.7801788076815138,2427,1391,19295,23461,16903,9821,7557,13339,48364,35820,0,0,4755,4544,20278,3275,10472,1394,1791,0,0,9101,40424,516,3222,0,0,0,0,0
739,3494,740.1734278354716,99770,3753,1962,170,56,51879,26967,0.790277638568708,2475,1435,19060,23295,17151,10058,7389,13192,48366,35823,0,0,4672,4479,20118,3324,10699,1447,1857,0,0,9415,40055,513,3191,0,0,0,0,0
740,3494,741.2280288043575,99769,3870,2067,171,56,52543,27342,0.8006996161132215,2564,1494,18751,23137,17426,10232,7216,13012,48368,35826,0,0,4602,4421,19958,3357,10925,1499,1915,0,0,9709,39718,506,3159,0,0,0,0,0
741,3494,742.2958029995989,99768,3949,2153,171,57,53243,27761,0.8119236628979232,2584,1499,18488,23001,17722,10466,7084,12822,48370,35829,0,0,4533,4367,19757,3382,11171,1583,1969,0,0,10052,39330,498,3126,0,0,0,0,0
742,3494,743.0150554352479,99767,4032,2196,172,57,53749,28023,0.8196297372878808,2611,1524,18276,22888,17934,10618,6973,12715,48372,35832,0,0,4490,4306,19625,3424,11362,1620,1998,0,0,10267,39078,490,3107,0,0,0,0,0
743,3494,744.1060565666511,99766,4120,2255,173,57,54495,28441,0.8313052542950504,2659,1559,17971,22743,18262,10841,6813,12543,48374,35835,0,0,4414,4237,19433,3472,11618,1685,2058,0,0,10687,38612,483,3067,0,0,0,0,0
744,3494,745.1958586176039,99759,4218,2328,180,57,55210,28865,0.8427811024569212,2702,1544,17701,22592,18547,11086,6650,12391,48376,35838,0,0,4348,4165,19249,3531,11840,1768,2106,0,0,11048,38199,474,3031,0,0,0,0,0
745,3494,746.2656887388985,99757,4279,2388,181,58,55934,29274,0.8541555981033913,2789,1570,17372,22463,18885,11308,6492,12211,48378,35841,0,0,4265,4102,19048,3586,12082,1854,2166,0,0,11409,37785,464,2996,0,0,0,0,0
746,3494,747.3150096689048,99756,4378,2453,181,59,56676,29689,0.8657624604033842,2840,1618,17059,22284,19200,11533,6340,12051,48380,35844,0,0,4197,4042,18839,3624,12354,1939,2214,0,0,11746,37390,454,2957,0,0,0,0,0
747,3494,748.0032933494525,99754,4443,2480,183,59,57170,29960,0.8734486837620546,2844,1633,16881,22195,19403,11687,6244,11944,48382,35847,0,0,4151,3993,18711,3667,12523,1983,2247,0,0,12006,37086,447,2940,0,0,0,0,0
748,3494,749.0193528458657,99752,4501,2524,185,59,57863,30377,0.8845937926056621,2863,1657,16628,22037,19699,11939,6122,11782,48384,35850,0,0,4075,3929,18489,3696,12817,2069,2313,0,0,12315,36703,443,2903,0,0,0,0,0
749,3494,750.0184565844115,99750,4601,2589,187,59,58553,30775,0.8955187969924812,2921,1723,16345,21844,19956,12148,5988,11635,48386,35853,0,0,3997,3872,18315,3746,13036,2145,2366,0,0,12637,36324,434,2878,0,0,0,0,0
750,3494,751.0013536873953,99745,4624,2625,192,59,59263,31190,0.9068424482430197,2942,1728,16074,21685,20306,12405,5860,11496,48388,35856,0,0,3915,3813,18118,3778,13314,2229,2433,0,0,13011,35875,425,2834,0,0,0,0,0
751,3494,752.2854686665496,99742,4722,2698,195,59,60243,31734,0.9221491447935674,2957,1745,15736,21490,20702,12719,5686,11287,48390,35859,0,0,3829,3736,17829,3818,13717,2329,2492,0,0,13462,35335,415,2780,0,0,0,0,0
752,3494,753.2309921440469,99741,4763,2697,195,60,60906,32109,0.9325653442415857,2970,1805,15502,21312,20972,12983,5596,11141,48392,35862,0,0,3767,3672,17656,3871,13961,2419,2537,0,0,13791,34917,407,2743,0,0,0,0,0
753,3494,754.1631221723705,99737,4818,2788,198,61,61582,32530,0.9436016723984079,3041,1803,15242,21188,21231,13167,5468,10991,48394,35864,0,0,3714,3607,17465,3920,14239,2489,2565,0,0,14089,34538,400,2711,0,0,0,0,0
754,3494,755.0817314453203,99735,4886,2854,200,61,62312,32947,0.9551210708377199,3011,1841,15024,21007,21532,13381,5345,10854,48396,35866,0,0,3638,3539,17288,3960,14493,2586,2619,0,0,14386,34154,393,2679,0,0,0,0,0
755,3494,756.284848662376,99725,4910,2940,205,66,63212,33536,0.9701479067435448,3011,1786,14745,20811,21937,13724,5190,10671,48398,35868,0,0,3548,3453,17007,4021,14905,2688,2679,0,0,14794,33616,379,2635,0,0,0,0,0
756,3494,757.1718373533948,99722,4969,2979,206,68,63871,33939,0.9808266982210545,3057,1749,14527,20710,22161,13949,5078,10543,48400,35870,0,0,3481,3409,16807,4026,15216,2770,2729,0,0,15036,33271,373,2604,0,0,0,0,0
757,3494,758.048288934477,99718,5045,2993,209,69,64576,34307,0.9916263864096753,2972,1788,14308,20574,22487,14167,4977,10407,48402,35872,0,0,3411,3340,16666,4071,15414,2883,2775,0,0,15334,32885,368,2571,0,0,0,0,0
758,3494,759.1987665091618,99715,5052,3051,212,69,65405,34818,1.0050945193802336,3017,1814,14063,20390,22825,14435,4829,10239,48404,35874,0,0,3324,3264,16409,4135,15731,3025,2836,0,0,15683,32420,355,2533,0,0,0,0,0
759,3494,760.0488823801102,99711,5010,3055,214,71,66002,35195,1.01490306987193,3083,1856,13859,20234,23095,14667,4737,10115,48406,35876,0,0,3257,3203,16226,4172,15977,3142,2884,0,0,15946,32053,342,2509,0,0,0,0,0
760,3494,761.1661623299511,99708,5091,3081,217,71,66873,35740,1.0291350744172985,3082,1825,13581,20066,23419,14995,4608,9960,48408,35878,0,0,3197,3120,15997,4220,16274,3302,2913,0,0,16333,31550,338,2464,0,0,0,0,0
761,3494,762.2660553355977,99706,5096,3068,218,72,67712,36232,1.042504964595912,3017,1856,13343,19880,23829,15303,4495,9819,48410,35880,0,0,3125,3047,15747,4279,16604,3444,2952,0,0,16725,31025,332,2426,0,0,0,0,0
762,3494,763.0792907664479,99703,5146,3099,219,74,68342,36623,1.052776746938407,2998,1848,13176,19758,24041,15519,4418,9700,48412,35882,0,0,3068,3004,15579,4309,16835,3556,2984,0,0,16970,30682,323,2393,0,0,0,0,0
763,3494,764.1505454239634,99703,5168,3128,219,74,69163,37112,1.0659157698364141,2942,1859,12956,19596,24402,15790,4311,9551,48414,35884,0,0,3001,2927,15375,4368,17160,3688,3016,0,0,17301,30208,312,2347,0,0,0,0,0
764,3494,765.2068883776303,99702,5168,3130,220,74,69936,37589,1.0784638221901266,2970,1838,12715,19428,24696,16121,4229,9407,48415,35886,0,0,2939,2865,15134,4418,17527,3821,3036,0,0,17565,29787,300,2310,0,0,0,0,0
765,3494,766.2507320722735,99700,5205,3102,222,74,70744,38035,1.0910631895687062,2864,1912,12557,19270,25001,16402,4149,9238,48416,35888,0,0,2873,2791,14918,4456,17871,3950,3073,0,0,17868,29336,294,2270,0,0,0,0,0
766,3494,767.0252513538505,99699,5224,3161,223,74,71324,38416,1.1007131465711792,2854,1896,12391,19161,25239,16585,4067,9121,48417,35890,0,0,2827,2745,14772,4474,18112,4043,3101,0,0,18082,29009,289,2245,0,0,0,0,0
767,3494,768.045945083311,99699,5207,3153,223,74,72066,38886,1.1128697379111125,2814,1880,12204,19001,25581,16893,3969,8997,48418,35892,0,0,2753,2684,14569,4499,18419,4191,3144,0,0,18380,28562,283,2215,0,0,0,0,0
768,3494,769.0543772873706,99695,5144,3156,226,75,72772,39366,1.1248106725512814,2803,1861,12031,18870,25910,17185,3884,8851,48419,35894,0,0,2668,2631,14361,4509,18708,4363,3195,0,0,18660,28142,276,2182,0,0,0,0,0
769,3494,770.0517777732438,99692,5141,3164,229,75,73461,39807,1.1361794326525698,2830,1850,11859,18752,26136,17427,3803,8730,48420,35896,0,0,2612,2578,14149,4551,18991,4511,3209,0,0,18894,27779,265,2153,0,0,0,0,0
770,3494,771.040234055349,99690,5133,3190,230,76,74169,40262,1.1478683920152473,2832,1835,11697,18603,26393,17676,3713,8618,48421,35898,0,0,2558,2521,13950,4574,19284,4659,3232,0,0,19143,27382,261,2126,0,0,0,0,0
771,3494,772.0187529228125,99683,5134,3206,234,79,74852,40714,1.1593350922424084,2841,1818,11524,18457,26632,17930,3633,8508,48422,35900,0,0,2518,2472,13740,4590,19592,4806,3246,0,0,19361,27005,256,2097,0,0,0,0,0
772,3494,773.2289167163933,99679,5152,3186,237,80,75739,41286,1.1740185997050532,2792,1817,11319,18291,26971,18281,3527,8343,48423,35902,0,0,2441,2400,13517,4639,19962,4994,3282,0,0,19645,26512,241,2046,0,0,0,0,0
773,3494,774.1869950761237,99674,5136,3169,242,80,76380,41725,1.184912815779441,2798,1782,11180,18163,27194,18578,3448,8226,48424,35904,0,0,2380,2351,13338,4665,20231,5137,3310,0,0,19889,26123,239,2011,0,0,0,0,0
774,3494,775.1374411379867,99671,5130,3149,245,80,77051,42125,1.1956938327096147,2801,1819,11034,18052,27412,18805,3376,8093,48425,35906,0,0,2334,2308,13148,4675,20517,5294,3318,0,0,20085,25772,235,1985,0,0,0,0,0
775,3494,776.080424214225,99668,5118,3153,246,82,77720,42566,1.2068667977685916,2787,1798,10912,17938,27626,19047,3309,7980,48426,35908,0,0,2290,2257,12985,4701,20782,5456,3322,0,0,20286,25402,231,1956,0,0,0,0,0
776,3494,777.0165991747411,99666,5129,3182,248,82,78396,43012,1.218148616378705,2698,1767,10811,17835,27866,19262,3246,7870,48427,35910,0,0,2248,2206,12816,4742,21071,5601,3313,0,0,20455,25069,222,1923,0,0,0,0,0
777,3494,778.1761119946924,99661,5059,3137,251,84,79190,43506,1.2311335427097863,2683,1770,10638,17725,28204,19540,3163,7742,48428,35912,0,0,2189,2148,12604,4763,21415,5823,3329,0,0,20638,24646,219,1887,0,0,0,0,0
778,3494,779.0957311625821,99659,5102,3128,253,84,79833,43911,1.2416741087107035,2677,1744,10528,17606,28330,19774,3108,7662,48429,35914,0,0,2136,2116,12464,4787,21599,5991,3349,0,0,20833,24303,213,1868,0,0,0,0,0
779,3494,780.0100199084937,99658,5017,3109,253,85,80432,44304,1.2516406108892413,2655,1764,10406,17478,28622,20002,3045,7560,48430,35916,0,0,2091,2071,12289,4806,21864,6152,3361,0,0,21036,23940,207,1841,0,0,0,0,0
780,3494,781.1432806806688,99655,5008,3134,255,86,81185,44818,1.2643921529276003,2694,1693,10262,17350,28812,20261,2967,7474,48431,35918,0,0,2040,2021,12119,4803,22163,6339,3379,0,0,21247,23523,204,1817,0,0,0,0,0
781,3494,782.0442078738874,99655,5007,3105,255,86,81808,45204,1.2745170839395916,2638,1689,10184,17265,29007,20485,2907,7368,48432,35920,0,0,2000,1963,11963,4843,22393,6508,3384,0,0,21400,23212,200,1789,0,0,0,0,0
782,3494,783.1626114643906,99654,4922,3042,256,86,82521,45678,1.286441086158107,2636,1653,10061,17164,29299,20791,2824,7262,48433,35922,0,0,1953,1906,11766,4860,22731,6709,3393,0,0,21600,22793,193,1750,0,0,0,0,0
783,3494,784.0509695118598,99651,4876,3060,258,87,83084,46057,1.295932805491164,2619,1617,10005,17105,29468,20968,2772,7161,48434,35924,0,0,1922,1864,11621,4872,22975,6864,3394,0,0,21710,22507,192,1730,0,0,0,0,0
784,3494,785.1551246574861,99649,4878,3010,259,88,83836,46516,1.308111471264137,2569,1618,9916,17002,29687,21242,2689,7038,48435,35926,0,0,1873,1808,11451,4891,23320,7032,3401,0,0,21869,22119,187,1698,0,0,0,0,0
785,3494,786.0332423183934,99647,4832,2994,261,88,84402,46868,1.317350246369685,2532,1582,9836,16958,29900,21430,2637,6946,48436,35928,0,0,1838,1762,11316,4893,23531,7210,3413,0,0,21982,21839,185,1678,0,0,0,0,0
786,3494,787.1241476115607,99643,4741,2937,263,90,85103,47297,1.328743614704495,2468,1612,9754,16858,30197,21664,2575,6837,48437,35930,0,0,1786,1704,11130,4932,23827,7422,3415,0,0,22112,21489,176,1650,0,0,0,0,0
787,3494,788.2073757840938,99638,4735,2944,268,90,85816,47754,1.3405528011401273,2372,1559,9691,16777,30418,21886,2514,6742,48438,35932,0,0,1743,1657,10981,4954,24096,7622,3409,0,0,22208,21172,169,1627,0,0,0,0,0
788,3494,789.0694617033429,99635,4624,2930,270,91,86300,48094,1.3488633512319967,2406,1525,9645,16702,30573,22081,2480,6669,48439,35934,0,0,1715,1634,10853,4960,24318,7791,3403,0,0,22290,20903,161,1607,0,0,0,0,0
789,3494,790.1419121562678,99632,4588,2919,271,93,86948,48508,1.3595631925485787,2364,1526,9548,16615,30806,22269,2421,6576,48440,35936,0,0,1675,1594,10689,4958,24587,7973,3409,0,0,22413,20589,157,1588,0,0,0,0,0
790,3494,791.2077407181346,99630,4542,2847,273,93,87595,48922,1.3702398875840611,2350,1511,9458,16542,30997,22524,2378,6481,48441,35938,0,0,1633,1561,10525,4952,24888,8163,3408,0,0,22545,20243,154,1558,0,0,0,0,0
791,3494,792.0570319161554,99629,4453,2785,274,93,88064,49233,1.378082686767909,2343,1484,9402,16502,31185,22720,2341,6414,48442,35940,0,0,1602,1529,10388,4964,25102,8341,3409,0,0,22616,20004,150,1524,0,0,0,0,0
792,3494,793.1141007455761,99628,4400,2752,275,93,88700,49647,1.3886357248966155,2285,1464,9374,16442,31382,22930,2282,6317,48443,35942,0,0,1562,1492,10255,4987,25327,8551,3401,0,0,22727,19679,145,1502,0,0,0,0,0
793,3494,794.1661638418757,99626,4337,2718,276,94,89300,50035,1.3985806917872845,2276,1460,9293,16396,31576,23106,2240,6224,48444,35944,0,0,1519,1460,10118,4986,25545,8773,3404,0,0,22785,19407,144,1485,0,0,0,0,0
794,3494,795.0038689748761,99625,4224,2710,277,94,89755,50360,1.4064240903387704,2251,1435,9273,16333,31772,23262,2201,6164,48445,35946,0,0,1495,1431,9997,4984,25754,8948,3389,0,0,22827,19189,142,1469,0,0,0,0,0
795,3494,796.0465783963579,99623,4214,2692,279,94,90363,50736,1.4163295624504382,2182,1418,9235,16286,31933,23423,2155,6085,48446,35948,0,0,1461,1401,9865,4999,25949,9155,3384,0,0,22885,18935,134,1455,0,0,0,0,0
796,3494,797.0852264454678,99620,4162,2701,281,95,90933,51143,1.4261794820317206,2168,1355,9224,16238,32058,23609,2105,6000,48447,35950,0,0,1426,1376,9751,4986,26127,9374,3387,0,0,22957,18671,131,1434,0,0,0,0,0
797,3494,798.1210298121031,99618,4082,2672,281,97,91458,51466,1.4347206328173623,2181,1369,9182,16186,32201,23735,2071,5939,48448,35952,0,0,1395,1343,9624,4999,26316,9566,3379,0,0,23030,18432,127,1407,0,0,0,0,0
798,3494,799.1538031596541,99616,4035,2592,283,97,91989,51801,1.443442820430453,2183,1363,9148,16130,32316,23944,2033,5872,48449,35954,0,0,1364,1310,9510,5019,26532,9746,3369,0,0,23094,18164,119,1389,0,0,0,0,0
799,3494,800.1837070759759,99616,3961,2545,283,97,92546,52150,1.4525377449405719,2126,1347,9120,16065,32499,24134,2009,5810,48450,35956,0,0,1333,1276,9401,5009,26722,9976,3372,0,0,23117,17923,117,1370,0,0,0,0,0
800,3494,801.0050836066943,99614,3961,2543,285,97,93003,52450,1.4601662416929346,2026,1293,9104,16031,32633,24262,1989,5772,48451,35958,0,0,1314,1254,9301,5023,26868,10134,3357,0,0,23153,17738,114,1358,0,0,0,0,0
801,3494,802.0289560262239,99613,3937,2488,286,97,93503,52773,1.4684428739220785,2003,1322,9088,15970,32728,24429,1956,5692,48452,35960,0,0,1290,1229,9190,5018,27020,10336,3347,0,0,23214,17514,112,1343,0,0,0,0,0
802,3494,803.0507148537406,99613,3829,2493,286,97,93974,53112,1.4765743427062732,2013,1299,9067,15961,32868,24536,1935,5612,48453,35962,0,0,1267,1197,9093,5026,27185,10544,3331,0,0,23216,17317,111,1326,0,0,0,0,0
803,3494,804.0696092095196,99613,3745,2468,286,97,94461,53443,1.484786122293275,2009,1280,9037,15910,33018,24684,1903,5559,48454,35964,0,0,1235,1166,8981,5031,27381,10735,3323,0,0,23226,17113,108,1314,0,0,0,0,0
804,3494,805.0855496569534,99611,3734,2413,288,97,94990,53767,1.4933792452640773,1918,1254,9049,15923,33137,24820,1872,5491,48455,35966,0,0,1214,1147,8872,5031,27593,10906,3308,0,0,23272,16864,107,1297,0,0,0,0,0
805,3494,806.0995779621542,99611,3713,2397,288,97,95480,54095,1.501591189728042,1885,1231,9037,15888,33244,24950,1831,5435,48456,35968,0,0,1184,1123,8770,5039,27776,11077,3295,0,0,23294,16663,106,1284,0,0,0,0,0
806,3494,807.1109900856537,99608,3686,2376,289,99,95989,54391,1.509718094932134,1836,1231,9007,15850,33379,25060,1801,5382,48457,35969,0,0,1166,1099,8663,5036,27927,11269,3278,0,0,23334,16463,103,1270,0,0,0,0,0
807,3494,808.1193821719555,99605,3635,2367,290,101,96466,54695,1.5176045379248029,1818,1232,8992,15840,33488,25135,1775,5323,48458,35970,0,0,1147,1071,8570,5033,28064,11469,3267,0,0,23341,16280,103,1260,0,0,0,0,0
808,3494,809.1260021583327,99604,3608,2371,291,101,96927,55037,1.5256816995301394,1800,1172,8990,15826,33559,25272,1750,5256,48459,35971,0,0,1115,1049,8480,5038,28230,11636,3263,0,0,23362,16089,99,1243,0,0,0,0,0
809,3494,810.1313500183884,99603,3524,2339,291,102,97357,55331,1.5329658745218517,1802,1149,8989,15827,33665,25375,1727,5206,48460,35972,0,0,1096,1023,8399,5039,28371,11831,3246,0,0,23369,15904,95,1230,0,0,0,0,0
810,3494,811.1350254625289,99603,3487,2318,291,102,97813,55620,1.540445568908567,1762,1110,8994,15795,33764,25510,1700,5163,48461,35973,0,0,1075,1007,8305,5038,28524,12006,3233,0,0,23380,15726,93,1216,0,0,0,0,0
811,3494,812.1372590109405,99601,3440,2266,293,102,98269,55901,1.547876025341111,1661,1116,9040,15764,33887,25642,1677,5108,48462,35974,0,0,1060,990,8225,5012,28689,12188,3209,0,0,23397,15530,92,1209,0,0,0,0,0
812,3494,813.1378804101798,99597,3318,2237,295,104,98673,56195,1.554946434129542,1624,1106,9058,15760,34043,25734,1660,5057,48463,35975,0,0,1041,977,8125,5005,28843,12387,3193,0,0,23387,15357,89,1193,0,0,0,0,0
813,3494,814.136439385843,99595,3249,2235,296,105,99068,56482,1.561825392841006,1607,1077,9076,15736,34126,25820,1644,5025,48464,35976,0,0,1022,959,8046,5014,28941,12573,3175,0,0,23397,15196,85,1187,0,0,0,0,0
814,3494,815.1338632353164,99594,3176,2176,297,105,99482,56763,1.5688194067915737,1551,1025,9112,15742,34239,25981,1623,4969,48465,35977,0,0,1001,939,7962,5018,29096,12762,3159,0,0,23389,15021,83,1164,0,0,0,0,0
815,3494,816.130095278821,99593,3112,2133,298,105,99873,57035,1.5754922534716296,1532,980,9116,15737,34344,26117,1596,4926,48466,35978,0,0,990,929,7861,5005,29230,12963,3143,0,0,23353,14891,80,1148,0,0,0,0,0
816,3494,817.1251987736699,99592,3042,2080,298,106,100233,57279,1.5815728170937424,1521,988,9129,15711,34433,26236,1575,4877,48467,35979,0,0,973,912,7795,4992,29322,13160,3136,0,0,23337,14742,80,1143,0,0,0,0,0
817,3494,818.1189676809604,99592,2984,2039,298,106,100612,57523,1.5878283396256727,1531,965,9122,15733,34522,26328,1541,4827,48468,35980,0,0,962,895,7719,4979,29421,13353,3129,0,0,23327,14597,78,1132,0,0,0,0,0
818,3494,819.1111348059925,99592,2911,2005,298,106,100973,57785,1.594083862157603,1526,934,9148,15723,34596,26443,1519,4787,48469,35981,0,0,948,880,7652,4964,29532,13534,3119,0,0,23332,14435,78,1118,0,0,0,0,0
819,3494,820.1025411845943,99590,2855,1978,299,107,101343,58006,1.6000502058439603,1484,967,9174,15727,34690,26478,1496,4741,48470,35982,0,0,929,868,7590,4957,29619,13706,3111,0,0,23327,14306,75,1102,0,0,0,0,0
820,3494,821.0925248157901,99589,2857,1957,299,108,101758,58246,1.606643303979355,1384,952,9216,15740,34769,26556,1473,4685,48471,35983,0,0,923,859,7521,4947,29717,13885,3088,0,0,23304,14180,73,1092,0,0,0,0,0
821,3494,822.0817286048634,99588,2762,1929,300,108,102080,58488,1.6123227698116238,1404,941,9238,15741,34839,26641,1455,4638,48472,35984,0,0,909,841,7444,4943,29823,14058,3074,0,0,23282,14060,72,1082,0,0,0,0,0
822,3494,823.0701405323608,99587,2740,1901,300,109,102457,58743,1.618685169751072,1333,896,9274,15758,34912,26725,1439,4609,48473,35985,0,0,895,827,7378,4937,29940,14223,3056,0,0,23267,13926,72,1066,0,0,0,0,0
823,3494,824.0583193501249,99587,2716,1860,300,109,102785,58965,1.6242079789530761,1324,876,9305,15740,34927,26838,1426,4575,48474,35986,0,0,874,817,7312,4929,30028,14387,3051,0,0,23248,13818,71,1052,0,0,0,0,0
824,3494,825.0466313625824,99587,2643,1821,300,109,103116,59195,1.6298412443391206,1297,866,9314,15742,35035,26934,1409,4526,48475,35987,0,0,863,804,7257,4925,30088,14575,3032,0,0,23269,13667,70,1037,0,0,0,0,0
825,3494,826.033707292812,99586,2587,1771,301,109,103454,59401,1.635320225734541,1274,859,9342,15754,35103,27011,1391,4494,48476,35988,0,0,856,794,7185,4914,30194,14736,3012,0,0,23255,13543,69,1028,0,0,0,0,0
826,3494,827.0202015929343,99584,2541,1735,302,110,103786,59619,1.640876044344473,1254,839,9388,15788,35134,27072,1379,4454,48477,35989,0,0,840,777,7133,4895,30287,14898,3014,0,0,23235,13418,68,1019,0,0,0,0,0
827,3494,828.0069150548591,99583,2496,1727,303,110,104086,59830,1.6460239197453381,1253,847,9429,15838,35162,27067,1355,4409,48478,35990,0,0,829,770,7070,4895,30388,15034,3000,0,0,23202,13317,66,1012,0,0,0,0,0
828,3494,829.190395354967,99583,2412,1677,303,110,104454,60068,1.6521092957633332,1228,828,9466,15865,35253,27152,1336,4366,48479,35991,0,0,809,753,7005,4863,30504,15219,3002,0,0,23184,13181,66,997,0,0,0,0,0
829,3494,830.1762599936135,99583,2372,1667,303,110,104745,60284,1.65720052619423,1209,801,9490,15898,35302,27196,1322,4326,48480,35992,0,0,794,741,6960,4863,30546,15381,2992,0,0,23168,13082,66,990,0,0,0,0,0
830,3494,831.1617488833974,99583,2337,1634,303,110,105052,60476,1.6622114216281896,1201,794,9514,15907,35338,27252,1305,4301,48481,35993,0,0,785,729,6913,4849,30609,15532,2980,0,0,23164,12973,66,983,0,0,0,0,0
831,3494,832.1471205044606,99583,2291,1590,303,110,105322,60662,1.6667905164536116,1205,798,9566,15924,35341,27303,1292,4273,48482,35994,0,0,777,720,6852,4832,30694,15675,2975,0,0,23145,12870,63,980,0,0,0,0,0
832,3494,833.1331730454893,99583,2308,1579,303,110,105642,60872,1.672112710000703,1164,750,9598,15947,35349,27363,1276,4249,48483,35995,0,0,770,711,6802,4819,30763,15819,2963,0,0,23122,12776,62,976,0,0,0,0,0
833,3494,834.1197206217765,99583,2287,1550,303,110,105925,61062,1.6768625166946165,1136,737,9683,15973,35321,27409,1268,4219,48484,35996,0,0,764,698,6755,4795,30856,15950,2956,0,0,23087,12687,62,973,0,0,0,0,0
834,3494,835.1077314824685,99580,2210,1508,305,111,106166,61229,1.6810102430206868,1155,719,9729,16022,35349,27451,1250,4187,48485,35997,0,0,750,686,6708,4783,30949,16080,2950,0,0,23049,12601,60,964,0,0,0,0,0
835,3494,836.0961900403034,99580,2171,1449,305,111,106442,61384,1.6853384213697529,1124,740,9790,16044,35374,27492,1234,4162,48486,35998,0,0,742,678,6663,4767,31010,16231,2946,0,0,23010,12516,60,957,0,0,0,0,0
836,3494,837.085013926925,99580,2115,1415,305,111,106693,61569,1.689716810604539,1125,720,9832,16075,35398,27543,1223,4134,48487,35999,0,0,734,669,6608,4757,31097,16363,2930,0,0,22989,12420,60,953,0,0,0,0,0
837,3494,838.0743881413342,99580,2098,1387,305,111,106972,61744,1.6942759590279173,1099,722,9891,16095,35394,27581,1211,4102,48488,36000,0,0,721,664,6560,4746,31172,16493,2920,0,0,22966,12332,60,946,0,0,0,0,0
838,3494,839.0646250400191,99580,2097,1379,305,111,107252,61933,1.6989857401084556,1067,697,9965,16140,35362,27606,1202,4065,48489,36001,0,0,712,658,6514,4730,31253,16622,2914,0,0,22928,12253,60,936,0,0,0,0,0
839,3494,840.0561150739692,99579,2078,1356,305,112,107513,62108,1.7033812349993473,1027,670,10027,16181,35371,27647,1190,4032,48490,36002,1,1,701,653,6471,4701,31310,16760,2914,0,0,22906,12174,60,929,0,0,0,0,0
840,3494,841.0484810560881,99579,2037,1345,305,112,107760,62285,1.7076391608672512,996,656,10078,16216,35400,27661,1182,4008,48491,36003,2,2,694,644,6438,4693,31369,16885,2897,0,0,22893,12088,58,920,0,0,0,0,0
841,3494,842.0411869464979,99578,1960,1327,306,112,107994,62463,1.7117937697081684,964,617,10138,16265,35457,27696,1173,3981,48492,36004,3,3,685,637,6396,4678,31448,17017,2883,0,0,22862,11999,58,914,0,0,0,0,1
842,3494,843.0338047294532,99578,1926,1286,306,112,108246,62603,1.7157303822129386,922,638,10182,16305,35501,27700,1161,3957,48493,36005,4,4,678,630,6353,4666,31512,17149,2873,0,0,22823,11926,57,909,0,1,0,0,1
843,3494,844.0262842482974,99576,1879,1284,307,113,108469,62767,1.7196513216035993,905,631,10243,16340,35509,27703,1155,3927,48494,36006,5,5,671,628,6320,4658,31523,17289,2857,0,0,22808,11857,57,904,0,3,0,0,1
844,3494,845.0194232891804,99575,1816,1253,308,113,108672,62921,1.7232538287722823,880,627,10319,16396,35524,27713,1151,3896,48495,36007,6,6,667,624,6276,4648,31576,17411,2841,0,0,22797,11773,57,900,0,4,0,0,1
845,3494,846.0133626274903,99574,1766,1220,309,113,108908,63084,1.727278205153956,819,586,10377,16459,35584,27748,1143,3872,48496,36008,7,7,660,617,6241,4640,31611,17555,2831,0,0,22775,11686,56,895,0,5,1,0,1
846,3494,847.0077311059983,99574,1760,1193,309,113,109132,63237,1.731064334063109,807,571,10452,16505,35542,27770,1128,3846,48497,36009,8,8,655,611,6207,4625,31618,17689,2826,0,0,22782,11607,55,891,0,5,2,0,1
847,3494,848.0037214875734,99573,1703,1161,309,114,109334,63371,1.73445612766513,805,564,10536,16535,35525,27797,1120,3827,48498,36010,9,9,646,605,6180,4621,31642,17818,2813,0,0,22761,11540,55,884,0,5,2,0,1
848,3494,849.0010608751435,99572,1639,1131,310,114,109519,63514,1.7377676455228377,809,563,10606,16568,35526,27817,1108,3805,48499,36011,10,10,636,600,6149,4604,31645,17963,2807,0,0,22750,11477,55,877,0,6,2,0,1
849,3494,850.1993726343316,99572,1617,1093,310,114,109768,63680,1.7419354838709677,787,559,10694,16637,35494,27822,1096,3773,48500,36012,11,11,627,596,6121,4580,31706,18088,2803,0,0,22724,11390,55,873,0,6,2,0,1
850,3494,851.1993087691421,99572,1597,1059,310,114,109975,63803,1.7452496685815289,748,546,10748,16675,35507,27850,1088,3754,48501,36013,12,12,623,590,6092,4583,31750,18192,2782,0,0,22704,11324,54,869,0,6,2,0,1
851,3494,852.2003474182288,99571,1564,1055,310,115,110163,63943,1.7485613280975385,730,524,10836,16733,35474,27844,1084,3727,48502,36014,14,14,617,586,6066,4572,31779,18300,2777,0,0,22691,11254,53,866,0,7,2,0,1
852,3494,853.0022426018169,99571,1542,1031,310,115,110320,64039,1.7511022285605247,719,528,10902,16794,35449,27820,1076,3710,48503,36015,16,16,615,581,6049,4549,31811,18382,2773,0,0,22687,11194,53,865,0,7,3,0,2
853,3494,854.006016804123,99571,1525,1014,310,115,110520,64171,1.754436532725392,721,497,10971,16872,35405,27806,1066,3694,48504,36016,19,18,610,578,6023,4536,31835,18494,2762,0,0,22667,11140,53,858,0,8,4,0,3
854,3494,855.0115424872415,99570,1517,990,310,116,110695,64295,1.757457065381139,711,484,11031,16921,35365,27806,1064,3681,48505,36017,23,21,605,574,6003,4522,31866,18587,2757,0,0,22655,11074,53,855,0,10,4,0,5
855,3494,856.0183421214772,99569,1440,972,310,117,110858,64418,1.7603470959836898,712,498,11103,16966,35379,27785,1054,3660,48506,36018,28,25,599,565,5972,4524,31885,18703,2738,0,0,22637,11014,53,854,0,13,4,0,8
856,3494,857.0261268228885,99569,1445,941,310,117,111054,64536,1.7635006879651296,697,478,11175,17016,35318,27799,1053,3647,48507,36019,34,30,594,563,5930,4525,31904,18813,2730,0,0,22626,10957,52,846,0,17,4,0,8
857,3494,858.0359752427433,99569,1401,918,310,117,111218,64654,1.7663328947764867,684,474,11244,17062,35311,27792,1048,3635,48508,36020,42,36,589,560,5903,4521,31907,18935,2717,0,0,22597,10911,52,842,2,18,4,0,11
858,3494,859.0469256564919,99568,1358,921,311,117,111374,64780,1.7691828699983931,674,463,11329,17120,35276,27757,1050,3620,48509,36021,51,43,580,559,5878,4518,31921,19039,2713,0,0,22561,10865,52,840,2,25,4,0,11
859,3494,860.059732305742,99567,1338,888,311,118,111546,64889,1.7720228589793807,675,451,11402,17185,35221,27749,1051,3607,48510,36022,63,51,578,558,5843,4505,31957,19144,2705,0,0,22527,10811,51,838,2,30,5,0,13
860,3494,861.0745061722126,99567,1323,881,311,118,111720,64999,1.7748752096578184,673,434,11454,17251,35181,27713,1056,3601,48511,36023,77,61,572,552,5817,4498,31971,19246,2702,0,0,22490,10769,51,836,2,40,5,0,16
861,3494,862.0908142252873,99567,1336,883,311,118,111896,65106,1.7777175168479515,656,428,11511,17312,35120,27654,1064,3603,48512,36024,94,73,569,551,5787,4483,31997,19338,2699,0,0,22455,10734,50,831,1,48,7,0,17
862,3494,863.1088855290261,99567,1286,885,311,118,112051,65227,1.7804895196199544,661,419,11586,17355,35081,27624,1073,3597,48513,36025,115,87,562,545,5758,4474,32017,19444,2696,0,0,22419,10683,50,829,1,54,14,0,21
863,3494,864.1285953655522,99567,1232,856,311,118,112191,65328,1.7829100003013048,662,431,11657,17409,35056,27577,1080,3607,48514,36026,140,103,560,544,5731,4470,32042,19549,2675,0,0,22379,10628,49,827,1,66,21,0,25
864,3494,865.1500754703959,99567,1212,842,311,118,112348,65432,1.785531350748742,650,418,11751,17475,34985,27530,1089,3615,48515,36027,170,122,555,537,5712,4461,32048,19652,2671,0,0,22351,10578,49,822,1,78,22,0,30
865,3494,866.1741171925821,99566,1222,824,312,118,112520,65545,1.7884117068075447,624,392,11820,17536,34922,27496,1098,3632,48516,36028,206,143,548,534,5689,4452,32069,19750,2668,0,0,22295,10536,48,817,2,97,28,0,33
866,3494,867.200385574504,99566,1216,803,312,118,112679,65653,1.7910933451178113,606,377,11891,17585,34856,27467,1117,3648,48517,36029,248,168,542,532,5658,4445,32083,19858,2662,0,0,22246,10487,48,810,2,122,32,0,39
867,3494,868.023139203421,99565,1205,792,313,118,112805,65733,1.7931803344548787,591,375,11940,17627,34809,27415,1140,3671,48518,36030,297,196,541,529,5636,4434,32092,19950,2655,0,0,22201,10446,48,806,3,139,34,0,51
868,3494,869.0538941126031,99564,1159,770,313,119,112931,65828,1.795418022578442,593,376,12019,17660,34748,27366,1166,3707,48519,36031,354,228,537,523,5612,4418,32095,20062,2655,0,0,22153,10390,48,801,4,164,43,0,59
869,3494,870.0868469052049,99563,1115,764,313,120,113074,65931,1.79790685294738,588,356,12087,17706,34705,27300,1190,3752,48520,36032,420,265,532,514,5578,4421,32107,20170,2644,0,0,22094,10332,47,800,4,193,49,0,78
870,3494,871.1218697837409,99563,1105,734,313,120,113224,66020,1.8003073430893002,572,361,12144,17733,34636,27251,1228,3799,48521,36033,496,307,531,512,5548,4416,32093,20294,2630,0,0,22034,10274,47,798,4,233,58,0,91
871,3494,872.1592599276304,99563,1083,694,313,120,113372,66104,1.80263752598857,571,348,12194,17759,34574,27213,1263,3864,48522,36034,583,354,526,508,5517,4409,32075,20418,2623,0,0,21985,10204,47,794,7,273,66,0,111
872,3494,873.1992497021171,99563,1065,684,313,120,113518,66196,1.805027972238683,530,343,12263,17777,34516,27133,1311,3941,48523,36035,682,407,521,506,5486,4395,32059,20546,2620,0,0,21917,10155,47,790,8,313,75,0,125
873,3494,874.033401300676,99563,1035,685,313,120,113630,66280,1.8069965750328938,519,331,12310,17789,34457,27041,1364,4032,48524,36036,794,466,518,503,5465,4395,32011,20673,2611,0,0,21850,10103,47,787,8,359,83,0,150
874,3494,875.0781776895061,99563,1022,678,313,120,113766,66375,1.8093167140403563,498,314,12362,17810,34384,26942,1419,4134,48525,36037,921,532,514,500,5432,4397,31956,20818,2599,0,0,21781,10034,46,785,10,413,96,0,182
875,3494,876.1259092643044,99561,1019,640,315,120,113897,66462,1.8115426723315355,493,300,12407,17821,34278,26864,1486,4253,48526,36038,1063,605,511,498,5407,4388,31904,20963,2595,0,0,21715,9956,45,781,10,475,109,0,204
876,3494,877.1771477600555,99561,972,642,315,120,114025,66542,1.8136318437942567,480,301,12486,17839,34197,26721,1548,4375,48527,36039,1222,686,508,494,5375,4382,31821,21129,2591,0,0,21645,9895,43,777,12,532,126,0,231
877,3494,878.0208323214383,99561,943,632,315,120,114104,66612,1.8151284137363024,505,285,12539,17840,34067,26595,1629,4526,48528,36040,1399,775,505,493,5342,4385,31725,21287,2586,0,0,21571,9828,42,772,13,601,145,0,266
878,3494,879.0797456774943,99561,929,594,315,120,114240,66677,1.8171472765440282,481,297,12591,17849,33962,26454,1720,4684,48529,36041,1596,873,504,490,5307,4381,31655,21461,2578,0,0,21463,9754,41,765,17,679,161,0,305
879,3494,880.1427943426258,99560,924,573,316,120,114374,66754,1.819284853354761,464,290,12659,17846,33816,26307,1819,4862,48530,36042,1814,980,503,489,5274,4373,31570,21644,2570,0,0,21335,9687,41,760,20,769,182,0,343
880,3494,881.2105962062949,99560,885,541,316,120,114484,66815,1.8210024106066693,464,287,12718,17823,33694,26169,1921,5058,48531,36043,2053,1097,503,489,5224,4357,31500,21819,2564,0,0,21200,9605,40,754,25,872,211,0,397
881,3494,882.0682675211043,99558,892,529,317,121,114587,66882,1.8227465397054983,445,273,12768,17789,33543,25994,2033,5292,48532,36044,2315,1224,502,483,5171,4355,31396,21989,2563,0,0,21079,9536,39,747,29,985,249,0,435
882,3494,883.1457722541321,99558,882,521,317,121,114722,66957,1.8248558629140803,409,268,12811,17744,33418,25806,2161,5538,48533,36045,2601,1362,500,481,5109,4351,31261,22211,2557,0,0,20945,9463,39,741,33,1097,286,0,484
883,3494,884.0115166833679,99557,868,509,318,121,114810,67018,1.8263708227447593,406,255,12863,17663,33246,25649,2297,5801,48534,36046,2912,1511,499,480,5073,4341,31145,22401,2553,0,0,20793,9366,39,735,37,1228,310,0,557
884,3494,885.0998482680285,99556,840,505,319,121,114914,67091,1.8281670617541885,393,251,12930,17625,33077,25399,2439,6097,48535,36047,3249,1672,499,475,5026,4334,30997,22628,2543,0,0,20652,9276,39,728,41,1357,343,0,618
885,3494,886.1937877540109,99556,810,494,319,121,115016,67157,1.82985455422074,385,263,12956,17564,32934,25149,2594,6407,48536,36048,3612,1845,496,474,4976,4327,30831,22867,2537,0,0,20493,9171,37,722,47,1508,378,0,692
886,3494,887.073182251173,99556,787,481,319,121,115102,67209,1.8312407087468359,369,254,12984,17484,32773,24916,2766,6742,48537,36049,4002,2030,494,474,4937,4320,30644,23115,2531,0,0,20313,9078,37,710,59,1679,404,0,761
887,3494,888.1784911994374,99556,761,482,319,121,115199,67281,1.8329382458114025,353,241,13033,17412,32589,24634,2943,7108,48538,36050,4419,2228,489,473,4892,4314,30466,23370,2524,0,0,20116,8969,37,704,63,1845,444,0,850
888,3494,889.067954859693,99556,730,470,319,121,115274,67339,1.8342741773474225,326,236,13049,17299,32432,24383,3142,7489,48539,36051,4863,2439,489,468,4828,4317,30273,23632,2515,0,0,19932,8860,37,693,73,2010,492,0,937
889,3494,890.186259922866,99556,685,456,319,121,115360,67403,1.8357808670497007,314,229,13069,17198,32268,24082,3343,7912,48540,36052,5334,2663,487,464,4771,4305,30065,23915,2510,0,0,19737,8740,37,687,76,2200,534,0,1028
890,3494,891.085939993781,99556,677,470,319,121,115436,67456,1.83707662019366,304,220,13093,17111,32046,23737,3559,8339,48541,36053,5832,2900,484,464,4715,4302,29793,24229,2505,0,0,19551,8629,37,683,79,2378,582,0,1125
891,3494,892.2188809800572,99556,647,468,319,121,115525,67525,1.8386636666800595,308,201,13114,17028,31820,23402,3790,8778,48542,36054,6356,3151,480,462,4655,4299,29569,24530,2501,0,0,19319,8504,37,672,89,2586,627,0,1226
892,3494,893.1315808950478,99556,659,466,319,121,115607,67585,1.840089999598216,288,175,13116,16909,31581,23073,4035,9254,48543,36055,6905,3415,479,462,4591,4292,29340,24816,2497,0,0,19077,8377,37,665,93,2820,676,0,1334
893,3494,894.0513005377504,99556,633,458,319,121,115671,67635,1.8412350837719476,297,174,13125,16749,31344,22727,4280,9769,48544,36056,7478,3693,478,461,4520,4289,29069,25132,2489,0,0,18824,8254,37,659,98,3069,742,0,1435
894,3494,895.2105731433014,99556,621,437,319,121,115755,67682,1.842550926111937,293,164,13149,16597,31082,22405,4534,10274,48545,36057,8073,3984,476,459,4442,4285,28820,25437,2489,0,0,18565,8103,37,647,108,3322,808,0,1558
895,3494,896.1454998518717,99556,595,409,319,121,115814,67717,1.8434951183253647,302,169,13135,16426,30847,22054,4800,10819,48546,36058,8689,4288,474,457,4373,4280,28506,25802,2489,0,0,18312,7964,37,638,114,3564,871,0,1675
896,3494,897.088013514358,99555,590,393,320,121,115883,67760,1.8446386419567073,286,162,13158,16262,30561,21682,5083,11378,48547,36059,9324,4604,472,454,4288,4273,28204,26154,2486,0,0,18039,7832,37,631,120,3821,948,0,1796
897,3494,898.0394021963453,99555,571,391,320,121,115957,67811,1.845894229320476,291,146,13132,16088,30301,21296,5383,11956,48548,36060,9976,4933,468,453,4209,4270,27842,26563,2483,0,0,17774,7704,37,620,130,4083,1012,0,1907
898,3494,899.2400320968728,99555,548,361,320,121,116038,67848,1.847079503791874,290,164,13113,15951,30032,20877,5695,12524,48549,36061,10642,5274,466,449,4132,4271,27549,26922,2477,0,0,17455,7566,37,604,146,4379,1077,0,2025
899,3494,900.2090641390199,99555,538,348,320,121,116085,67879,1.8478629903068655,307,182,13186,16001,29969,20866,5678,12480,48549,36061,10642,5274,464,449,4128,4265,27543,26959,2478,0,0,17459,7544,37,603,146,4380,1077,0,2023
900,3494,900.2090641390199,99555,537,349,320,121,116099,67889,1.848104063080709,308,180,13111,15761,29712,20487,6010,13100,48549,36061,11321,5626,463,447,4055,4267,27193,27315,2477,1,2,17173,7416,37,592,157,4662,1149,0,2149
901,3494,901.1879715981539,99555,550,356,320,121,116170,67933,1.8492592034553765,300,193,13084,15606,29403,20030,6341,13692,48549,36061,12010,5988,462,446,3992,4260,26831,27709,2473,2,13,16851,7289,37,586,163,4969,1207,1,2264
902,3494,902.1770907045741,99555,529,371,320,121,116235,67986,1.8504444779267741,300,188,13068,15423,29095,19611,6686,14284,48549,36061,12706,6360,461,446,3927,4258,26505,28087,2465,3,19,16529,7142,36,571,177,5257,1266,2,2404
903,3494,903.1768085505038,99555,519,357,320,121,116307,68027,1.8515795289036212,288,192,13058,15247,28786,19192,7027,14889,48549,36061,13407,6741,460,445,3850,4246,26144,28498,2463,4,31,16212,7001,36,557,190,5548,1335,6,2529
904,3494,904.1873670661727,99555,515,343,320,121,116385,68067,1.8527648033750188,270,196,13031,15046,28489,18808,7373,15484,48549,36061,14110,7131,458,444,3766,4239,25831,28876,2462,6,39,15875,6862,36,543,203,5840,1409,11,2655
905,3494,905.2088681619047,99555,505,349,320,121,116443,68122,1.8538998543518659,270,176,13011,14882,28156,18384,7736,16086,48549,36061,14813,7528,456,442,3689,4235,25480,29274,2458,8,57,15543,6734,36,525,220,6144,1478,11,2765
906,3494,906.2423708693992,99555,498,339,320,121,116512,68168,1.8550549947265331,272,186,12981,14705,27826,17987,8101,16660,48549,36061,15514,7932,456,441,3639,4232,25113,29681,2453,8,77,15225,6569,36,513,231,6438,1522,13,2908
907,3494,907.0259706302868,99555,502,342,320,121,116574,68211,1.8561096881120989,269,168,12906,14463,27521,17641,8480,17263,48549,36061,16210,8342,456,441,3575,4233,24757,30073,2449,8,87,14899,6418,36,501,241,6739,1580,17,3045
908,3494,908.0837225960387,99555,490,336,320,121,116635,68254,1.8571543367987544,271,181,12883,14289,27189,17237,8845,17834,48549,36061,16899,8756,456,440,3501,4229,24384,30488,2446,8,104,14582,6271,36,491,250,7027,1650,20,3172
909,3494,909.1543563529947,99554,476,327,320,122,116715,68295,1.8583884123189425,262,170,12869,14113,26856,16864,9215,18402,48549,36061,17579,9174,455,439,3432,4228,24041,30883,2440,9,119,14261,6114,36,478,261,7314,1711,26,3307
910,3494,910.2385299204708,99554,479,318,320,122,116783,68343,1.8595536090965707,267,170,12826,13936,26524,16491,9582,18961,48549,36061,18248,9595,454,437,3366,4224,23714,31254,2438,10,131,13912,5964,36,468,271,7635,1769,30,3441
911,3494,911.0610031694403,99554,488,309,320,122,116853,68376,1.8605882234767062,251,169,12766,13737,26216,16128,9957,19533,48549,36061,18905,10017,453,436,3294,4222,23348,31657,2435,11,139,13595,5833,36,453,283,7926,1839,39,3555
912,3494,912.1718241037996,99553,464,317,321,122,116908,68435,1.8617520315811678,243,150,12770,13579,25886,15771,10314,20059,48549,36061,19548,10440,450,434,3229,4219,22953,32091,2432,14,154,13316,5689,36,444,290,8184,1895,44,3679
913,3494,913.014951717205,99553,459,310,321,122,116955,68468,1.8625556236376604,253,151,12724,13368,25554,15444,10687,20603,48549,36061,20175,10863,450,434,3166,4221,22583,32482,2429,14,168,13039,5562,34,428,304,8453,1950,50,3786
914,3494,914.1549595491517,99553,453,294,321,122,117023,68508,1.8636404729139253,256,172,12708,13239,25218,15092,11042,21079,48549,36061,20786,11285,449,432,3088,4217,22239,32872,2426,15,179,12787,5433,34,421,310,8678,2020,57,3896
915,3494,915.0203612817598,99553,433,298,321,122,117071,68548,1.864524424176067,248,164,12659,13090,24910,14760,11427,21564,48549,36061,21380,11705,448,431,3024,4221,21891,33251,2419,16,188,12527,5307,34,409,320,8920,2077,60,4010
916,3494,916.1899214004156,99553,417,292,321,122,117140,68597,1.8657097224593935,241,156,12610,12981,24619,14449,11790,21998,48549,36061,21956,12122,448,430,2948,4225,21542,33643,2412,16,192,12245,5200,34,398,330,9177,2141,74,4098
917,3494,917.0770739235259,99553,432,295,321,122,117199,68637,1.866704167629303,233,140,12533,12831,24309,14147,12170,22463,48549,36061,22513,12535,448,428,2903,4228,21173,34032,2408,16,195,11997,5096,34,392,336,9412,2182,82,4191
918,3494,918.276437562137,99553,430,286,321,122,117267,68673,1.8677488373027433,221,145,12533,12737,23971,13851,12522,22857,48549,36061,23051,12944,448,428,2839,4231,20850,34388,2399,16,202,11756,4986,34,382,344,9635,2239,94,4282
919,3494,919.1874500185982,99553,441,267,321,122,117323,68703,1.8686126987634728,220,149,12480,12611,23665,13568,12871,23281,48549,36061,23570,13347,447,427,2785,4230,20599,34682,2396,17,201,11484,4877,34,374,351,9877,2287,107,4378
920,3494,920.110377129014,99553,432,268,321,122,117373,68745,1.8695368296284391,225,134,12439,12516,23366,13301,13215,23657,48549,36061,24070,13745,447,426,2726,4231,20281,35027,2391,17,208,11264,4767,34,367,358,10080,2341,117,4471
921,3494,921.0452143272806,99552,446,270,322,122,117441,68779,1.870580199292832,205,132,12373,12400,23093,13056,13559,24018,48549,36061,24550,14136,445,426,2670,4229,19996,35345,2387,19,212,11049,4663,34,358,364,10276,2392,120,4567
922,3494,922.3079621435655,99552,434,248,322,122,117509,68818,1.8716550144648023,195,123,12370,12352,22818,12808,13859,24345,48549,36061,25011,14520,443,425,2620,4223,19701,35690,2382,21,219,10829,4568,34,348,372,10468,2434,127,4648
923,3494,923.2659068379419,99552,402,237,322,122,117543,68841,1.8722275795564127,218,129,12333,12280,22548,12579,14175,24651,48549,36061,25453,14897,442,425,2553,4218,19422,36004,2380,22,227,10625,4480,34,339,380,10652,2494,134,4721
924,3494,924.2354552332927,99552,395,228,322,122,117589,68870,1.8729809546769527,219,130,12307,12208,22270,12350,14485,24960,48549,36061,25876,15266,441,423,2506,4218,19170,36291,2375,23,229,10430,4388,34,334,384,10825,2536,145,4800
925,3494,925.2171395049314,99552,404,223,322,122,117653,68898,1.8739050948248153,194,124,12287,12150,22004,12114,14787,25265,48549,36061,26281,15627,441,423,2462,4216,18879,36611,2373,23,234,10229,4313,34,330,388,11008,2573,151,4864
926,3494,926.2108951788987,99552,395,222,322,122,117701,68923,1.8746383799421409,203,124,12244,12103,21754,11873,15080,25554,48549,36061,26668,15980,441,423,2410,4212,18633,36889,2368,23,232,10053,4225,34,323,395,11167,2619,159,4946
927,3494,927.2163695795608,99552,383,206,322,122,117752,68948,1.875401800064288,196,128,12276,12028,21486,11687,15335,25827,48549,36061,27038,16324,441,421,2368,4216,18359,37197,2361,23,232,9886,4151,34,318,400,11311,2655,170,5009
928,3494,928.2344472110871,99551,374,197,323,122,117804,68982,1.876284517483501,185,121,12284,12000,21230,11498,15602,26060,48549,36061,27391,16659,440,418,2329,4208,18148,37447,2360,24,232,9702,4073,34,310,405,11476,2688,178,5079
929,3494,929.2652124871618,99551,373,198,323,122,117852,69018,1.8771283060943638,192,116,12272,11974,20971,11303,15867,26285,48549,36061,27727,16985,439,418,2274,4207,17925,37694,2358,25,233,9541,3997,34,303,412,11627,2732,190,5142
930,3494,930.3089769926139,99551,371,190,323,122,117905,69050,1.8779821398077368,184,115,12274,11958,20734,11140,16112,26473,48549,36061,28047,17302,438,418,2245,4203,17717,37934,2356,26,244,9371,3912,34,296,418,11778,2755,194,5212
931,3494,931.0116064614401,99551,378,195,323,122,117940,69071,1.878544665548312,189,113,12233,11899,20508,10967,16367,26702,48549,36061,28352,17610,437,417,2203,4203,17499,38168,2354,27,244,9226,3858,34,290,424,11916,2791,195,5265
932,3494,932.0789396250769,99551,380,200,323,122,117995,69108,1.8794688149792569,186,93,12250,11892,20275,10803,16584,26888,48549,36061,28642,17909,436,416,2173,4203,17266,38427,2349,28,246,9098,3789,34,287,426,12028,2818,206,5321
933,3494,933.1586400021862,99551,379,191,323,122,118051,69131,1.8802623780775682,189,102,12276,11875,20049,10675,16782,27033,48549,36061,28918,18198,435,415,2128,4201,17080,38642,2345,29,251,8965,3720,33,281,430,12145,2860,211,5380
934,3494,934.2504832484293,99551,369,188,323,122,118098,69161,1.8810358509708591,191,98,12292,11914,19821,10510,17002,27166,48549,36061,29180,18478,432,413,2099,4200,16889,38862,2339,32,255,8819,3674,33,279,432,12277,2884,213,5419
935,3494,935.3551467006045,99551,352,192,323,122,118140,69190,1.8817490532490884,200,97,12319,11923,19601,10373,17203,27291,48549,36061,29429,18749,431,413,2075,4194,16700,39080,2335,33,256,8681,3628,33,277,434,12399,2905,217,5460
936,3494,936.0985132806362,99551,337,188,323,122,118161,69212,1.88218099265703,204,85,12315,11900,19419,10252,17400,27451,48549,36061,29666,19011,431,412,2053,4197,16534,39263,2330,33,256,8564,3570,32,271,439,12505,2927,222,5512
937,3494,937.2270073596825,99551,343,188,323,122,118211,69240,1.8829645106528312,200,77,12320,11926,19232,10125,17580,27560,48549,36061,29891,19264,431,412,2015,4194,16387,39435,2327,33,261,8441,3519,32,266,444,12615,2959,227,5553
938,3494,938.3666909085794,99551,334,187,323,122,118263,69267,1.8837580737511426,189,90,12350,11917,19051,10006,17751,27676,48549,36061,30105,19509,431,412,1991,4189,16239,39619,2322,33,266,8323,3469,32,263,447,12712,2978,232,5593
939,3494,939.1326383464997,99551,337,181,323,122,118295,69288,1.884290464184187,192,89,12329,11916,18890,9896,17927,27794,48549,36061,30308,19745,430,411,1965,4186,16086,39793,2320,34,267,8218,3421,32,260,450,12808,3000,242,5628
940,3494,940.2931206421803,99551,328,183,323,122,118342,69315,1.885033801769947,198,80,12372,11947,18698,9796,18079,27870,48549,36061,30501,19973,429,409,1941,4185,15943,39960,2313,35,268,8113,3376,32,251,457,12902,3023,251,5663
941,3494,941.0732229486706,99551,317,181,323,122,118374,69332,1.8855260117929504,194,81,12380,11961,18546,9693,18238,27960,48549,36061,30684,20192,429,408,1917,4185,15776,40142,2311,35,269,8030,3339,32,249,459,12976,3044,258,5692
942,3494,942.2553275674419,99550,332,181,324,122,118435,69360,1.8864389753892516,189,83,12430,12027,18375,9583,18348,28002,48549,36061,30858,20403,426,407,1896,4184,15660,40281,2308,38,270,7911,3295,31,245,461,13085,3059,265,5728
943,3494,943.0496763500173,99549,324,168,325,122,118469,69375,1.8869501451546475,177,81,12456,12039,18225,9506,18491,28082,48549,36061,31023,20607,426,407,1876,4179,15525,40439,2307,38,273,7818,3257,31,242,463,13166,3074,270,5758
944,3494,944.2418597186598,99549,319,160,325,122,118522,69397,1.8877035429788345,180,83,12515,12114,18060,9410,18599,28109,48549,36061,31179,20803,424,405,1854,4179,15409,40581,2303,40,275,7737,3215,31,240,463,13233,3092,278,5790
945,3494,945.0334307758625,99549,308,167,325,122,118554,69422,1.8882761253252167,175,81,12533,12139,17923,9320,18734,28169,48549,36061,31328,20992,422,405,1830,4175,15325,40691,2299,42,273,7645,3178,31,237,466,13312,3111,284,5823
946,3494,946.2109237996611,99549,333,159,325,122,118613,69446,1.8891098855839838,167,83,12571,12225,17762,9228,18840,28181,48549,36061,31469,21174,419,403,1812,4174,15221,40813,2297,45,272,7577,3142,31,231,470,13372,3126,297,5847
947,3494,947.3817167085284,99549,324,162,325,122,118657,69472,1.8898130568865583,166,80,12625,12303,17618,9152,18940,28179,48549,36061,31603,21349,418,401,1794,4173,15121,40935,2292,46,272,7502,3119,31,230,471,13438,3139,303,5864
948,3494,948.1587589721952,99549,311,161,325,122,118690,69484,1.8902650955810707,162,79,12637,12340,17510,9087,19053,28209,48549,36061,31730,21517,418,401,1770,4168,15029,41046,2291,46,271,7438,3090,31,228,473,13495,3157,309,5888
949,3494,949.3166016007999,99549,309,149,325,122,118735,69506,1.8909381309706779,150,72,12704,12419,17384,9017,19126,28219,48549,36061,31851,21678,417,398,1755,4167,14906,41192,2288,47,275,7379,3059,31,227,474,13540,3170,318,5906
950,3494,950.0860838099002,99549,307,148,325,122,118768,69521,1.8914203055781575,146,64,12731,12448,17273,8957,19216,28259,48549,36061,31966,21833,417,398,1750,4165,14794,41318,2286,47,279,7319,3028,31,226,475,13591,3174,320,5931
951,3494,951.2340049328038,99549,308,137,325,122,118817,69537,1.8920732503591196,139,75,12775,12536,17158,8883,19293,28245,48549,36061,32075,21982,417,398,1736,4166,14705,41426,2281,47,280,7245,3008,31,226,474,13653,3187,323,5946
952,3494,952.3773824050328,99549,306,126,325,122,118859,69548,1.892605651488212,136,88,12840,12622,17035,8811,19356,28229,48549,36061,32179,22125,417,398,1720,4159,14622,41534,2281,47,282,7178,2990,31,224,476,13705,3200,325,5960
953,3494,953.137507718554,99549,313,133,325,122,118892,69571,1.8931681885302716,128,80,12853,12669,16927,8765,19452,28229,48549,36061,32277,22263,417,398,1705,4159,14557,41612,2279,47,286,7126,2959,31,222,478,13747,3214,329,5983
954,3494,954.2715629656112,99549,303,139,325,122,118933,69596,1.8938311786155562,120,73,12941,12766,16806,8692,19503,28206,48549,36061,32370,22395,417,398,1688,4154,14481,41714,2278,47,292,7058,2933,31,222,478,13799,3227,334,5998
955,3494,955.0258376648951,99549,275,138,325,122,118946,69607,1.8940722659192961,129,72,12959,12827,16723,8628,19587,28211,48549,36061,32459,22522,416,397,1677,4150,14412,41803,2276,48,292,6998,2911,31,221,478,13848,3237,340,6014
956,3494,956.1522588746977,99549,270,144,325,122,118983,69634,1.8947151653959358,126,65,13036,12929,16615,8565,19626,28173,48549,36061,32543,22644,415,396,1666,4146,14348,41894,2275,49,291,6947,2895,31,219,480,13888,3240,346,6023
957,3494,957.276529130568,99549,262,145,325,122,119018,69657,1.8952977930466404,131,66,13106,13034,16508,8515,19666,28116,48549,36061,32623,22761,414,396,1652,4147,14284,41975,2270,50,292,6893,2879,30,218,480,13935,3251,347,6036
958,3494,958.024778605051,99549,263,144,325,122,119043,69674,1.8957196958281852,125,62,13145,13081,16404,8475,19736,28114,48549,36061,32699,22874,413,395,1642,4146,14211,42064,2268,51,289,6852,2868,30,216,481,13969,3257,355,6042
959,3494,959.1425444935165,99549,262,142,325,122,119075,69694,1.8962420516529548,125,61,13212,13164,16304,8417,19770,28092,48549,36061,32772,22982,413,394,1631,4144,14166,42130,2264,51,288,6801,2846,30,216,480,14012,3265,361,6057
960,3494,960.2584368044793,99549,249,133,325,122,119111,69713,1.896794543390692,122,62,13297,13265,16211,8382,19794,28034,48549,36061,32841,23086,412,394,1624,4141,14114,42209,2260,52,295,6754,2815,30,214,481,14046,3269,361,6078
961,3494,961.0016115448548,99549,244,135,325,122,119132,69730,1.8971762649549468,120,55,13346,13308,16128,8349,19835,28029,48549,36061,32907,23186,412,392,1613,4135,14058,42283,2260,52,295,6711,2802,30,213,482,14081,3279,363,6088
962,3494,962.1139362041679,99549,245,134,325,122,119165,69744,1.897648394258104,122,57,13434,13413,16037,8299,19835,27973,48549,36061,32970,23282,412,390,1603,4135,14012,42347,2257,52,294,6673,2786,30,212,483,14110,3286,365,6102
963,3494,963.2261752492102,99549,233,123,325,122,119192,69761,1.8980903876482937,133,54,13511,13523,15950,8261,19846,27915,48549,36061,33030,23374,412,388,1594,4135,13964,42418,2256,52,294,6621,2769,30,211,483,14148,3291,367,6116
964,3494,964.3378677366501,99549,247,106,325,122,119235,69773,1.898642879386031,121,52,13577,13639,15868,8230,19860,27849,48549,36061,33087,23462,412,388,1585,4137,13913,42484,2251,52,302,6582,2751,30,210,484,14177,3298,371,6122
965,3494,965.0787172947773,99549,253,104,325,122,119261,69784,1.8990145556459632,118,49,13630,13700,15784,8190,19888,27833,48549,36061,33141,23547,411,387,1580,4138,13852,42557,2250,53,302,6558,2739,30,207,486,14195,3299,374,6131
966,3494,966.1881766800996,99549,247,99,325,122,119295,69796,1.899476639644798,111,51,13737,13783,15717,8154,19861,27789,48549,36061,33193,23629,410,386,1574,4138,13807,42616,2247,54,304,6527,2728,30,205,487,14220,3302,380,6134
967,3494,967.2990083966183,99549,241,105,325,122,119333,69815,1.9000492219911802,102,44,13863,13892,15634,8106,19833,27729,48549,36061,33242,23707,410,386,1564,4137,13772,42669,2243,54,301,6493,2714,30,205,487,14244,3309,386,6145
968,3494,968.0405890020595,99549,219,101,325,122,119342,69827,1.9002601733819526,118,41,13905,13940,15569,8075,19862,27719,48549,36061,33289,23782,410,386,1557,4135,13735,42718,2241,54,304,6460,2703,30,203,489,14270,3315,389,6150
969,3494,969.1518956680613,99549,217,94,325,122,119373,69841,1.9007122120764648,110,46,14014,14023,15479,8050,19853,27663,48549,36061,33334,23854,409,386,1549,4135,13684,42783,2238,55,304,6434,2693,30,202,490,14286,3322,395,6154
970,3494,970.2637336255591,99549,214,92,325,122,119401,69858,1.9011642507709772,114,45,14099,14120,15410,8019,19836,27600,48549,36061,33377,23924,407,386,1545,4131,13658,42827,2235,57,308,6398,2684,30,200,492,14312,3325,398,6156
971,3494,971.0054761098271,99549,204,98,325,122,119417,69873,1.9014756552049745,120,41,14164,14165,15355,7996,19830,27576,48549,36061,33418,23991,407,386,1537,4130,13628,42868,2231,57,310,6372,2672,30,200,491,14333,3333,399,6165
972,3494,972.118357354208,99549,206,99,325,122,119448,69886,1.901917648595164,105,43,14254,14264,15292,7958,19816,27512,48549,36061,33457,24055,406,386,1532,4124,13594,42919,2229,58,309,6344,2663,30,200,491,14353,3338,401,6172
973,3494,973.2323424203887,99549,190,95,325,122,119471,69893,1.902219007724839,123,50,14370,14374,15212,7920,19778,27437,48549,36061,33494,24117,406,386,1529,4119,13567,42964,2228,58,310,6317,2649,30,200,491,14370,3339,402,6184
974,3494,974.3482338109249,99549,196,90,325,122,119511,69904,1.9027313182452863,107,54,14476,14483,15138,7887,19756,27362,48549,36061,33530,24176,406,385,1524,4115,13539,43009,2226,58,311,6296,2641,30,199,492,14385,3341,407,6185
975,3494,975.0929073692814,99548,181,93,325,123,119524,69912,1.9029613854622895,110,54,14529,14545,15098,7850,19755,27333,48549,36061,33564,24233,405,384,1519,4114,13509,43049,2225,59,312,6276,2634,30,199,492,14399,3345,407,6190
976,3494,976.2102362082321,99548,178,85,325,123,119552,69927,1.9033933378872503,106,60,14635,14651,15038,7817,19716,27262,48549,36061,33596,24288,405,384,1515,4113,13486,43094,2220,59,312,6254,2623,30,198,492,14409,3346,413,6195
977,3494,977.3298148165613,99547,170,91,326,123,119582,69945,1.903894642731574,93,55,14748,14766,14982,7778,19679,27185,48549,36061,33627,24341,405,383,1509,4114,13449,43146,2216,59,312,6232,2618,30,198,492,14421,3350,415,6198
978,3494,978.0775139070828,99546,175,86,326,124,119602,69952,1.904184999899544,87,61,14790,14833,14930,7754,19690,27140,48549,36061,33657,24392,405,383,1505,4110,13421,43184,2216,59,312,6208,2613,30,197,493,14440,3353,417,6200
979,3494,979.1990228738114,99546,161,87,326,124,119619,69966,1.904496413718281,94,53,14903,14936,14857,7737,19657,27061,48549,36061,33685,24441,404,383,1496,4107,13402,43219,2214,60,312,6188,2607,30,196,494,14453,3358,419,6204
980,3494,980.3224005917966,99546,163,89,326,124,119649,69978,1.9049183292146343,89,56,14990,15023,14803,7717,19627,26989,48549,36061,33712,24488,404,383,1488,4103,13374,43259,2213,60,312,6172,2603,30,196,494,14464,3364,423,6204
981,3494,981.0722126332465,99546,161,89,326,124,119665,69985,1.9051493781769233,88,58,15037,15105,14760,7690,19626,26932,48549,36061,33738,24533,404,383,1480,4102,13347,43295,2211,60,311,6160,2601,30,194,496,14472,3370,426,6204
982,3494,982.1972844577232,99546,156,90,326,124,119691,70000,1.9055612480662207,79,51,15134,15205,14703,7668,19600,26860,48549,36061,33763,24577,404,383,1475,4098,13320,43333,2211,60,314,6139,2593,29,194,495,14490,3374,427,6207
983,3494,983.3241147067173,99546,147,79,326,124,119711,70009,1.9058525706708456,80,51,15225,15317,14658,7652,19562,26775,48549,36061,33787,24619,404,382,1470,4101,13298,43369,2207,60,318,6125,2578,29,194,495,14496,3375,433,6212
984,3494,984.0765496263351,99546,145,73,326,124,119724,70017,1.9060635284190224,75,48,15286,15381,14617,7641,19549,26731,48549,36061,33810,24659,404,382,1470,4099,13270,43408,2207,60,320,6109,2572,29,194,493,14508,3372,435,6214
985,3494,985.2063825177332,99546,142,87,326,124,119745,70037,1.9064753983083198,67,41,15382,15504,14565,7601,19516,26641,48549,36061,33832,24698,402,382,1466,4099,13249,43438,2205,62,319,6095,2570,29,194,493,14517,3374,437,6215
986,3494,986.3383245993448,99546,140,88,326,124,119761,70046,1.9067265384847207,76,43,15491,15612,14498,7573,19467,26558,48549,36061,33853,24736,402,381,1462,4097,13240,43454,2203,62,321,6081,2558,29,193,494,14530,3377,439,6223
987,3494,987.0944794944666,99546,137,82,326,124,119777,70052,1.9069475418399533,71,45,15559,15662,14467,7567,19438,26518,48549,36061,33873,24772,402,381,1458,4093,13215,43494,2203,62,322,6070,2553,29,193,494,14532,3380,441,6224
988,3494,988.2306699243215,99546,140,87,326,124,119798,70066,1.9072991380869146,64,38,15665,15769,14411,7540,19392,26440,48549,36061,33892,24807,402,380,1457,4097,13191,43523,2200,62,321,6056,2549,29,193,494,14542,3380,448,6222
989,3494,989.3698519370203,99546,143,91,326,124,119815,70081,1.9076205975127076,68,33,15765,15883,14347,7510,19349,26357,48549,36061,33911,24841,402,380,1453,4098,13171,43549,2199,62,323,6045,2542,29,193,494,14549,3382,450,6225
990,3494,990.1305300079025,99546,141,89,326,124,119834,70086,1.9078616920820526,64,34,15829,15980,14310,7486,19328,26285,48549,36061,33929,24873,401,380,1452,4100,13156,43571,2194,63,323,6032,2535,29,192,495,14558,3383,453,6229
991,3494,991.2733782222825,99546,133,93,326,124,119851,70099,1.9081630602937336,66,37,15930,16072,14270,7469,19273,26203,48549,36061,33946,24904,401,380,1448,4098,13142,43594,2193,63,324,6017,2528,29,192,495,14567,3387,454,6234
992,3494,992.0371694365801,99546,133,93,326,124,119863,70108,1.9083740180419102,69,38,15984,16146,14236,7451,19250,26146,48549,36061,33962,24934,401,380,1447,4097,13129,43616,2192,63,325,6005,2523,29,191,495,14573,3388,460,6232
993,3494,993.1845300696604,99546,126,81,326,124,119878,70117,1.9086151126112552,66,35,16087,16276,14186,7438,19207,26044,48549,36061,33978,24963,401,379,1446,4095,13112,43652,2191,63,325,5984,2522,29,190,494,14583,3387,463,6230
994,3494,994.3351068879773,99546,126,70,326,124,119895,70125,1.9088662527876559,65,37,16231,16398,14130,7422,19120,25947,48549,36061,33993,24991,401,379,1442,4097,13103,43671,2187,63,328,5973,2515,29,188,496,14587,3390,467,6230
995,3494,995.1049594244151,99546,123,66,326,124,119905,70131,1.9090269825005526,69,31,16296,16492,14089,7411,19095,25874,48549,36061,34008,25018,401,379,1436,4095,13092,43690,2186,63,328,5964,2510,29,188,496,14592,3395,472,6230
996,3494,996.2620437686988,99546,112,72,326,124,119922,70145,1.9093383963192896,64,23,16413,16616,14041,7377,19042,25786,48549,36061,34022,25044,401,378,1433,4093,13083,43713,2185,63,328,5952,2506,29,187,496,14596,3397,477,6229
997,3494,997.0353305758516,99546,112,78,326,124,119933,70153,1.9095292628533542,67,18,16480,16684,13996,7349,19017,25745,48549,36061,34035,25069,401,377,1430,4095,13066,43734,2184,63,328,5943,2505,29,187,495,14602,3400,477,6230
998,3494,998.1971369906745,99546,109,73,326,124,119952,70158,1.909770357422699,64,23,16601,16794,13937,7326,18961,25658,48549,36061,34048,25093,400,377,1430,4095,13055,43754,2182,64,327,5927,2502,29,187,495,14612,3399,481,6230
999,3494,999.3623859833494,99546,106,76,326,124,119965,70167,1.9099913607779317,75,20,16702,16911,13883,7311,18906,25556,48549,36061,34060,25116,400,377,1430,4094,13031,43783,2182,64,328,5922,2499,29,187,495,14615,3397,482,6231
1000,3494,1000.0355680359105,99546,104,73,326,124,119970,70171,1.9100817712414362,74,16,16728,16932,13860,7305,18906,25548,48549,36061,34072,25139,399,377,1429,4093,13023,43796,2182,65,326,5913,2498,29,187,494,14622,3397,487,6229
1001,3494,1001.1306415498165,99546,105,69,326,124,119990,70181,1.9103831394531172,76,18,16822,17066,13806,7282,18863,25439,48549,36061,34084,25161,398,376,1426,4092,13012,43820,2181,66,327,5903,2494,29,187,493,14625,3398,489,6230
1002,3494,1002.0199258234422,99546,108,57,326,124,120011,70185,1.910634279629518,71,20,16938,17183,13742,7259,18813,25355,48549,36061,34095,25182,398,376,1421,4091,12996,43846,2181,66,328,5899,2491,29,187,492,14625,3399,493,6228
1003,3494,1003.3784200750215,99546,111,54,326,124,120031,70192,1.910905511020031,69,19,17050,17296,13693,7235,18749,25270,48549,36061,34106,25202,398,376,1419,4088,12981,43868,2181,66,330,5888,2488,29,187,492,14632,3401,496,6226
1004,3494,1004.1397713608085,99546,118,51,326,124,120049,70195,1.9111164687682076,68,20,17159,17413,13628,7211,18699,25179,48549,36061,34116,25222,398,376,1416,4085,12970,43886,2181,66,331,5883,2483,29,187,492,14634,3403,497,6229
1005,3494,1005.1752154223218,99546,111,44,326,124,120063,70197,1.9112771984811041,65,26,17260,17511,13586,7187,18650,25106,48549,36061,34126,25241,398,375,1415,4082,12969,43901,2179,66,333,5871,2479,29,187,492,14640,3402,499,6229
1006,3494,1006.3598539996216,99546,108,42,326,124,120076,70203,1.911468065015169,68,28,17357,17617,13535,7162,18604,25025,48549,36061,34136,25259,398,375,1415,4081,12963,43914,2176,66,333,5866,2473,29,186,492,14644,3401,503,6231
1007,3494,1007.1512676297244,99546,116,41,326,124,120091,70210,1.9116890683704015,62,24,17437,17706,13488,7146,18569,24957,48549,36061,34145,25277,397,375,1412,4082,12951,43928,2175,67,333,5862,2469,29,186,492,14646,3404,506,6232
1008,3494,1008.3414502352323,99546,120,37,326,124,120111,70214,1.9119301629397465,57,30,17567,17815,13431,7120,18497,24872,48549,36061,34154,25294,397,375,1411,4080,12936,43950,2175,67,334,5858,2466,29,186,491,14648,3403,507,6233
1009,3494,1009.1373726585839,99546,118,38,326,124,120126,70216,1.912100938259699,47,35,17641,17899,13408,7092,18458,24810,48549,36061,34163,25311,396,375,1410,4077,12927,43965,2175,68,332,5847,2464,29,186,491,14657,3404,508,6235
1010,3494,1010.3346523851515,99546,116,35,326,124,120144,70223,1.9123520784361,45,38,17747,18011,13361,7078,18403,24712,48549,36061,34171,25327,396,375,1409,4076,12916,43985,2175,68,334,5839,2461,29,186,491,14659,3403,511,6233
1011,3494,1011.1349543002165,99546,115,41,326,124,120152,70233,1.9125328993631086,45,37,17835,18095,13321,7059,18356,24642,48549,36061,34179,25343,395,375,1407,4072,12909,43998,2175,69,334,5835,2461,29,186,491,14661,3405,514,6230
1012,3494,1012.3390406969091,99546,113,46,326,124,120172,70244,1.9128443131818456,39,32,17965,18213,13278,7036,18277,24547,48549,36061,34187,25358,395,375,1405,4069,12903,44013,2175,69,334,5827,2460,29,186,491,14664,3407,516,6228
1013,3494,1013.1445510309254,99546,111,45,326,124,120180,70248,1.912964860466518,42,35,18025,18299,13251,7010,18243,24485,48549,36061,34194,25373,395,375,1403,4067,12903,44024,2175,69,334,5820,2457,29,186,491,14664,3407,517,6230
1014,3494,1014.3559458114128,99546,105,49,326,124,120196,70258,1.9132260462499748,38,28,18144,18422,13214,6987,18171,24388,48549,36061,34201,25387,395,374,1400,4067,12898,44038,2174,69,333,5812,2455,28,186,490,14668,3410,520,6229
1015,3494,1015.1663634320419,99546,103,49,326,124,120204,70264,1.9133666847487594,39,30,18219,18491,13171,6971,18140,24333,48549,36061,34208,25401,395,374,1398,4066,12891,44050,2174,69,334,5808,2451,28,186,489,14670,3411,522,6230
1016,3494,1016.3793155178373,99546,102,47,326,124,120218,70271,1.9135776424969362,42,30,18325,18616,13135,6948,18068,24233,48549,36061,34215,25414,395,373,1397,4066,12888,44062,2174,69,337,5797,2446,28,186,489,14674,3411,523,6231
1017,3494,1017.1840440631731,99546,99,47,326,124,120229,70276,1.9137383722098327,37,31,18392,18685,13107,6926,18037,24185,48549,36061,34222,25427,395,373,1396,4065,12880,44076,2174,69,338,5790,2445,28,186,489,14677,3411,524,6230
1018,3494,1018.3852535555017,99546,94,47,326,124,120245,70285,1.9139895123862336,30,28,18505,18803,13068,6899,17975,24097,48549,36061,34228,25440,394,373,1394,4066,12869,44099,2173,70,341,5789,2441,28,186,489,14669,3410,525,6230
1019,3494,1019.1822567811574,99546,89,47,326,124,120251,70291,1.914110059670906,35,27,18574,18881,13036,6886,17938,24033,48549,36061,34234,25452,394,373,1394,4065,12864,44109,2172,70,341,5783,2439,28,186,489,14672,3410,526,6231
1020,3494,1020.3721943188227,99546,85,43,326,124,120261,70301,1.9143109718120266,35,25,18694,18994,12993,6873,17865,23939,48549,36061,34240,25464,392,373,1394,4065,12853,44126,2171,72,342,5779,2437,28,186,489,14671,3410,530,6228
1021,3494,1021.1612883851319,99546,80,48,326,124,120269,70308,1.914461655917867,40,23,18765,19072,12965,6861,17822,23870,48549,36061,34246,25475,391,373,1393,4064,12841,44140,2170,73,343,5773,2436,28,186,489,14677,3411,530,6228
1022,3494,1022.339250809506,99546,80,41,326,124,120275,70315,1.9145922488095957,43,26,18874,19192,12907,6841,17768,23774,48549,36061,34252,25486,391,373,1393,4063,12835,44152,2170,73,345,5766,2434,28,185,490,14681,3409,534,6224
1023,3494,1023.1207409421138,99546,79,45,326,124,120284,70321,1.9147429329154362,39,28,18961,19245,12867,6832,17726,23724,48549,36061,34257,25497,391,373,1393,4060,12830,44160,2170,73,345,5762,2430,28,185,490,14685,3409,535,6227
1024,3494,1024.2863946600671,99546,82,50,326,124,120292,70333,1.9149438450565568,42,25,19084,19366,12805,6808,17659,23625,48549,36061,34262,25507,391,373,1392,4059,12830,44166,2170,73,345,5756,2429,28,185,490,14687,3409,537,6226
1025,3494,1025.059312851622,99546,84,50,326,124,120300,70335,1.9150443011271172,46,24,19143,19442,12770,6788,17629,23570,48549,36061,34267,25517,391,373,1392,4059,12824,44172,2170,73,345,5753,2429,28,185,490,14690,3409,538,6225
1026,3494,1026.2135450198282,99546,80,47,326,124,120307,70341,1.9151748940188456,51,25,19240,19559,12735,6757,17566,23486,48549,36061,34272,25527,391,373,1392,4058,12814,44186,2169,73,345,5745,2429,28,185,490,14697,3408,540,6223
1027,3494,1027.3616525216414,99546,87,46,326,124,120325,70347,1.9154159885881903,43,25,19366,19660,12674,6733,17502,23410,48549,36061,34277,25537,391,373,1390,4057,12814,44191,2169,73,346,5740,2428,28,185,490,14698,3410,541,6222
1028,3494,1028.1231245013555,99545,87,46,327,124,120336,70350,1.915575870209453,35,23,19450,19717,12641,6721,17458,23367,48549,36061,34282,25546,390,373,1388,4053,12815,44197,2168,74,347,5735,2427,28,185,490,14700,3412,542,6221
1029,3494,1029.2592531690868,99545,83,44,327,124,120345,70355,1.9157165101210507,34,21,19571,19824,12597,6703,17386,23282,48549,36061,34286,25555,390,372,1387,4054,12811,44205,2168,74,348,5729,2425,28,185,490,14704,3411,543,6221
1030,3494,1030.0129949476714,99545,75,46,327,124,120348,70361,1.9158069214927922,37,17,19640,19902,12564,6687,17355,23222,48549,36061,34290,25564,389,372,1386,4054,12805,44213,2168,74,349,5725,2423,28,185,490,14708,3411,545,6220
1031,3494,1031.1739726014168,99545,71,43,327,124,120357,70364,1.9159274699884474,37,23,19731,20005,12525,6660,17307,23143,48549,36061,34294,25572,389,372,1385,4054,12798,44224,2166,74,350,5723,2422,28,184,490,14709,3412,547,6218
1032,3494,1032.2180620505924,99545,72,36,327,124,120367,70370,1.9160882013159877,42,23,19814,20101,12483,6646,17260,23068,48549,36061,34298,25580,389,372,1383,4053,12800,44233,2165,74,350,5719,2421,28,184,490,14707,3411,549,6217
1033,3494,1033.0064044616463,99545,72,40,327,124,120373,70376,1.916208749811643,43,21,19867,20169,12456,6630,17233,23014,48549,36061,34302,25588,389,372,1382,4053,12796,44239,2164,74,352,5717,2419,28,184,490,14709,3411,549,6217
1034,3494,1034.1646311644618,99545,76,39,327,124,120384,70382,1.9163795268471546,42,20,19991,20264,12405,6618,17157,22933,48549,36061,34306,25596,389,372,1379,4052,12794,44248,2164,74,352,5715,2417,28,184,490,14708,3411,550,6218
1035,3494,1035.0836253339612,99545,72,38,327,124,120389,70387,1.9164799839268671,45,19,20072,20337,12378,6602,17104,22878,48549,36061,34310,25604,389,371,1379,4053,12788,44259,2164,74,353,5710,2416,27,184,490,14709,3411,551,6217
1036,3494,1036.266094972506,99545,77,35,327,124,120401,70392,1.9166507609623789,46,21,20202,20498,12318,6563,17028,22757,48549,36061,34314,25611,389,371,1377,4054,12786,44266,2163,74,354,5706,2413,27,184,490,14711,3410,552,6218
1037,3494,1037.2162646652885,99545,74,41,327,124,120409,70398,1.9167914008739766,45,17,20255,20560,12295,6549,17002,22707,48549,36061,34318,25618,389,371,1377,4054,12779,44276,2163,74,353,5702,2413,27,184,490,14714,3409,552,6218
1038,3494,1038.1850395684303,99545,69,44,327,124,120418,70403,1.9169320407855743,44,16,20321,20643,12271,6536,16966,22635,48549,36061,34321,25625,389,371,1376,4053,12772,44287,2163,74,353,5699,2413,27,183,491,14714,3410,553,6217
1039,3494,1039.1290620680456,99545,72,41,327,124,120431,70407,1.917102817821086,44,25,20427,20742,12226,6526,16902,22540,48549,36061,34324,25632,389,371,1375,4050,12767,44299,2163,74,352,5699,2411,27,183,490,14713,3410,553,6219
1040,3494,1040.2110410953003,99545,70,40,327,124,120441,70413,1.9172635491486263,41,23,20533,20854,12184,6501,16843,22456,48549,36061,34327,25639,389,371,1372,4048,12767,44308,2162,74,352,5697,2411,27,183,490,14712,3410,554,6218
1041,3494,1041.28766666746,99545,67,38,327,124,120450,70418,1.917404189060224,37,25,20641,20930,12149,6481,16777,22400,48549,36061,34330,25645,389,370,1372,4048,12764,44318,2161,74,353,5693,2409,27,183,490,14711,3410,555,6218
1042,3494,1042.0023465052695,99545,65,41,327,124,120456,70426,1.9175448289718218,32,20,20712,20988,12125,6469,16737,22356,48549,36061,34333,25651,389,370,1372,4051,12762,44323,2158,74,353,5690,2409,27,183,490,14711,3410,556,6217
1043,3494,1043.279117496565,99545,63,40,327,124,120463,70433,1.9176854688834195,33,18,20798,21087,12087,6450,16690,22279,48549,36061,34336,25657,389,370,1370,4048,12766,44326,2158,74,353,5686,2408,27,183,490,14712,3411,557,6217
1044,3494,1044.0583971377537,99545,58,37,327,124,120469,70437,1.9177859259631322,34,22,20904,21176,12045,6432,16630,22207,48549,36061,34339,25663,389,369,1369,4049,12768,44330,2157,74,353,5682,2407,27,181,491,14714,3412,558,6215
1045,3494,1045.1161242023263,99545,60,39,327,124,120475,70444,1.9179165201667587,32,18,20986,21246,12005,6420,16588,22151,48549,36061,34342,25669,389,369,1369,4049,12764,44335,2157,74,356,5676,2404,27,181,491,14719,3412,558,6215
1046,3494,1046.2205539863392,99545,73,39,327,124,120499,70449,1.9182078456979255,26,17,21102,21366,11951,6394,16519,22058,48549,36061,34345,25675,389,369,1369,4049,12759,44346,2155,74,356,5672,2403,27,181,490,14720,3412,558,6216
1047,3494,1047.2064122208608,99545,69,37,327,124,120504,70451,1.9182781656537244,30,17,21144,21425,11937,6390,16491,22005,48549,36061,34348,25680,389,368,1368,4048,12760,44352,2155,74,356,5668,2402,27,181,490,14720,3412,559,6216
1048,3494,1048.3371095920868,99545,71,39,327,124,120513,70456,1.9184188055653222,37,18,21266,21523,11885,6371,16412,21923,48549,36061,34351,25685,389,367,1367,4049,12759,44356,2155,74,356,5665,2399,27,181,490,14721,3412,560,6218
1049,3494,1049.3042328974013,99545,71,34,327,124,120520,70460,1.9185293083530062,38,15,21341,21596,11847,6366,16374,21863,48549,36061,34354,25690,389,367,1365,4049,12755,44362,2155,74,359,5665,2396,27,180,491,14721,3412,562,6216
1050,3494,1050.0278758017714,99545,67,32,327,124,120529,70464,1.9186599025566327,39,15,21431,21690,11803,6348,16331,21789,48549,36061,34356,25695,389,367,1364,4047,12759,44365,2154,74,360,5660,2395,27,180,491,14723,3412,563,6215
1051,3494,1051.1076106714497,99545,73,36,327,124,120542,70471,1.9188608167160581,28,11,21531,21757,11766,6334,16273,21736,48549,36061,34358,25700,389,367,1362,4047,12760,44368,2153,74,361,5658,2394,27,180,491,14724,3412,563,6215
1052,3494,1052.0042666383185,99545,69,31,327,124,120550,70472,1.9189512280877994,38,12,21619,21853,11722,6321,16223,21657,48549,36061,34360,25705,389,367,1362,4047,12757,44376,2151,74,361,5655,2392,27,180,491,14725,3412,563,6216
1053,3494,1053.0858493995793,99545,73,28,327,124,120560,70474,1.9190717765834546,36,12,21710,21954,11685,6306,16167,21574,48549,36061,34362,25710,389,367,1361,4048,12755,44381,2149,74,361,5655,2390,27,180,491,14724,3412,563,6218
1054,3494,1054.1041847897807,99545,77,23,327,124,120568,70475,1.919162187955196,38,13,21766,22024,11657,6289,16133,21525,48549,36061,34364,25715,389,367,1361,4047,12754,44386,2149,74,361,5653,2388,27,180,491,14725,3410,566,6217
1055,3494,1055.0587835711965,99545,74,23,327,124,120582,70479,1.919343010698679,36,12,21889,22150,11619,6258,16053,21431,48549,36061,34366,25719,389,366,1359,4047,12754,44393,2148,74,361,5649,2388,27,180,491,14726,3410,567,6216
1056,3494,1056.1662660941934,99545,70,21,327,124,120596,70481,1.9195037420262193,26,12,21985,22248,11588,6234,16002,21359,48549,36061,34368,25723,389,366,1357,4048,12753,44402,2147,74,361,5646,2387,27,179,492,14722,3411,567,6217
1057,3494,1057.140036838158,99545,65,24,327,124,120601,70486,1.919604199105932,27,9,22053,22310,11563,6222,15963,21309,48549,36061,34370,25727,389,366,1357,4049,12748,44411,2145,74,361,5643,2387,27,179,492,14723,3410,567,6217
1058,3494,1058.0623104846206,99545,67,21,327,124,120610,70487,1.9197046561856448,28,13,22147,22381,11513,6205,15916,21254,48549,36061,34372,25731,389,366,1357,4046,12748,44416,2145,74,362,5640,2386,27,179,492,14724,3410,567,6217
1059,3494,1059.0288517623496,99545,67,21,327,124,120618,70491,1.9198252046813,23,13,22218,22476,11487,6188,15876,21176,48549,36061,34374,25735,389,366,1356,4047,12750,44420,2144,74,363,5638,2385,27,179,492,14721,3410,567,6217
1060,3494,1060.090920868889,99545,60,23,327,124,120624,70493,1.91990557034507,19,15,22296,22544,11467,6174,15829,21118,48549,36061,34376,25739,389,366,1356,4046,12744,44430,2144,74,363,5636,2384,27,179,492,14720,3410,568,6217
1061,3494,1061.099332726022,99545,48,26,327,124,120628,70499,1.9200060274247828,21,17,22387,22645,11441,6159,15774,21027,48549,36061,34378,25743,389,365,1356,4044,12740,44440,2143,74,364,5636,2383,27,179,492,14720,3408,570,6215
1062,3494,1062.0406894818927,99545,46,31,327,124,120636,70504,1.9201366216284093,15,13,22476,22729,11405,6142,15729,20959,48549,36061,34380,25747,389,365,1356,4042,12740,44443,2143,74,363,5635,2382,27,179,492,14720,3408,572,6215
1063,3494,1063.0960413202786,99545,46,33,327,124,120641,70507,1.9202169872921795,18,18,22587,22828,11353,6122,15667,20873,48549,36061,34382,25751,389,365,1356,4042,12734,44449,2143,74,363,5634,2382,27,179,492,14721,3408,572,6215
1064,3494,1064.006013630842,99545,49,32,327,124,120646,70509,1.9202873072479782,17,19,22653,22889,11331,6105,15621,20829,48549,36061,34384,25755,389,365,1355,4041,12732,44453,2143,74,362,5633,2382,27,179,492,14721,3409,574,6214
1065,3494,1065.257259797085,99545,48,35,327,124,120651,70516,1.9204078557436335,19,22,22742,23020,11300,6083,15562,20714,48549,36061,34386,25759,389,365,1354,4042,12731,44457,2142,74,361,5632,2382,27,179,492,14721,3408,577,6212
1066,3494,1066.3102436887275,99545,53,38,327,124,120658,70524,1.9205585413632025,18,17,22827,23117,11260,6064,15513,20638,48549,36061,34388,25762,389,365,1354,4042,12729,44460,2142,74,362,5631,2380,27,179,492,14721,3408,580,6210
1067,3494,1067.1035016093974,99545,51,40,327,124,120664,70530,1.9206790898588577,15,13,22881,23164,11241,6058,15483,20599,48549,36061,34390,25765,388,365,1354,4040,12729,44463,2142,75,362,5630,2379,27,179,492,14722,3407,583,6208
1068,3494,1068.093305269678,99545,53,44,327,124,120672,70537,1.920829775478427,13,12,22975,23244,11199,6037,15431,20537,48549,36061,34392,25768,387,365,1353,4039,12729,44465,2142,76,363,5630,2377,27,179,492,14721,3408,584,6208
1069,3494,1069.2218206400698,99545,51,39,327,124,120676,70538,1.9208800040182832,15,12,23066,23335,11162,6018,15377,20470,48549,36061,34394,25771,387,365,1353,4037,12727,44471,2142,76,363,5628,2376,27,179,492,14721,3408,586,6207
1070,3494,1070.2677522058732,99545,49,39,327,124,120682,70542,1.920980461097996,23,11,23160,23436,11126,5993,15313,20395,48549,36061,34396,25774,387,365,1353,4034,12725,44477,2142,76,363,5627,2375,27,179,492,14721,3408,588,6206
1071,3494,1071.1172281243014,99545,47,41,327,124,120688,70546,1.9210809181777087,22,16,23224,23498,11107,5979,15271,20340,48549,36061,34398,25777,387,365,1353,4033,12722,44483,2141,76,363,5627,2375,27,179,492,14720,3408,588,6206
1072,3494,1072.008866874595,99545,43,43,327,124,120693,70551,1.9211813752574212,24,13,23297,23575,11072,5958,15235,20285,48549,36061,34400,25780,387,365,1352,4032,12720,44488,2141,76,363,5623,2375,27,179,492,14723,3408,589,6205
1073,3494,1073.0847945005987,99545,39,39,327,124,120698,70553,1.9212516952132201,23,17,23426,23694,11019,5928,15164,20196,48549,36061,34402,25783,387,365,1352,4031,12715,44496,2140,76,364,5623,2374,27,179,492,14723,3407,591,6203
1074,3494,1074.1106970390488,99545,41,41,327,124,120703,70558,1.9213521522929329,24,16,23530,23783,10977,5915,15099,20119,48549,36061,34403,25786,387,365,1352,4031,12710,44502,2140,76,365,5622,2373,27,179,492,14723,3407,591,6203
1075,3494,1075.0013696822887,99545,40,40,327,124,120707,70562,1.921432517956703,25,13,23606,23852,10953,5909,15047,20060,48549,36061,34404,25789,387,365,1352,4029,12711,44506,2140,76,365,5620,2373,27,179,492,14723,3406,592,6202
1076,3494,1076.2981361871027,99545,32,35,327,124,120713,70564,1.9215128836204731,25,16,23716,23968,10910,5887,14988,19968,48549,36061,34405,25792,386,364,1352,4030,12708,44513,2139,77,365,5619,2373,27,179,492,14721,3406,594,6200
1077,3494,1077.1571665565318,99545,37,31,327,124,120719,70567,1.9216032949922146,23,18,23801,24040,10867,5879,14943,19906,48549,36061,34406,25795,386,364,1351,4031,12706,44519,2138,77,365,5617,2373,27,179,491,14721,3406,594,6200
1078,3494,1078.094525804658,99545,41,32,327,124,120727,70569,1.9217037520719273,20,21,23875,24124,10837,5854,14898,19843,48549,36061,34407,25798,386,363,1351,4032,12705,44522,2137,77,365,5616,2373,27,179,491,14722,3406,593,6200
1079,3494,1079.0237035654018,99545,43,34,327,124,120733,70573,1.9218042091516399,19,17,23926,24176,10814,5846,14869,19801,48549,36061,34408,25801,386,363,1351,4032,12702,44525,2137,77,365,5615,2373,27,179,491,14723,3406,593,6200
1080,3494,1080.1803346677639,99545,39,34,327,124,120737,70580,1.9219147119393238,22,17,24007,24272,10785,5827,14818,19724,48549,36061,34409,25804,385,363,1350,4033,12698,44533,2136,78,366,5613,2372,27,179,490,14723,3406,595,6198
1081,3494,1081.1732594867078,99545,36,35,327,124,120740,70586,1.9220051233110653,21,15,24104,24368,10742,5802,14768,19654,48549,36061,34410,25807,385,363,1348,4032,12698,44537,2136,78,366,5611,2371,27,179,490,14724,3407,596,6197
1082,3494,1082.1645350865276,99545,35,33,327,124,120746,70589,1.9220955346828068,24,15,24176,24455,10709,5795,14727,19576,48549,36061,34411,25809,385,362,1347,4033,12697,44541,2136,78,368,5609,2369,27,179,490,14724,3407,598,6195
1083,3494,1083.1167815167776,99545,41,38,327,124,120755,70596,1.922256266010347,19,13,24256,24524,10673,5774,14682,19525,48549,36061,34412,25811,385,362,1347,4032,12696,44543,2136,78,369,5609,2367,27,179,490,14724,3407,598,6196
1084,3494,1084.0173379710013,99545,46,35,327,124,120764,70600,1.9223868602139735,16,14,24325,24582,10638,5771,14646,19472,48549,36061,34413,25813,385,362,1347,4032,12700,44546,2136,78,369,5603,2367,27,179,490,14723,3407,600,6194
1085,3494,1085.0308992656865,99545,48,33,327,124,120771,70609,1.9225475915415138,15,12,24456,24677,10584,5753,14568,19399,48549,36061,34414,25815,385,362,1345,4030,12699,44554,2136,78,369,5603,2366,27,179,490,14720,3407,602,6193
1086,3494,1086.1808426750165,99545,44,30,327,124,120773,70612,1.9225978200813703,17,12,24538,24778,10552,5741,14520,19313,48549,36061,34415,25817,385,362,1344,4029,12699,44561,2136,78,369,5601,2366,27,179,490,14718,3406,604,6191
1087,3494,1087.1803826299122,99545,47,29,327,124,120778,70618,1.9227083228690542,16,10,24626,24847,10519,5734,14463,19254,48549,36061,34416,25819,385,362,1343,4029,12700,44563,2136,78,370,5598,2365,27,179,490,14718,3407,606,6189
1088,3494,1088.1098767499564,99545,47,31,327,124,120781,70621,1.9227685971168818,14,15,24700,24928,10480,5712,14430,19188,48549,36061,34417,25821,385,362,1343,4029,12699,44565,2136,78,370,5596,2365,27,179,490,14719,3407,607,6188
1089,3494,1089.004067951827,99545,50,31,327,124,120785,70625,1.922848962780652,17,11,24775,24997,10432,5703,14397,19132,48549,36061,34418,25823,385,362,1343,4028,12699,44568,2136,78,370,5595,2365,27,179,490,14719,3406,607,6188
1090,3494,1090.0069936074083,99545,50,27,327,124,120794,70627,1.922959465568336,22,13,24874,25111,10396,5686,14329,19037,48549,36061,34419,25825,385,362,1342,4028,12698,44574,2135,78,370,5592,2365,27,179,490,14720,3405,607,6188
1091,3494,1091.1940395335657,99545,45,27,327,124,120796,70629,1.922999648400221,28,19,24962,25183,10362,5672,14274,18973,48549,36061,34420,25827,385,362,1341,4028,12696,44580,2134,78,370,5591,2365,27,179,490,14719,3405,607,6188
1092,3494,1092.0331709906059,99545,48,31,327,124,120800,70634,1.9230900597719625,27,19,25001,25238,10344,5652,14251,18934,48549,36061,34421,25829,385,362,1341,4028,12695,44581,2134,78,370,5590,2365,27,179,490,14720,3405,607,6188
1093,3494,1093.0338863843203,99545,55,25,327,124,120809,70637,1.9232106082676177,29,16,25102,25350,10299,5640,14186,18843,48549,36061,34422,25831,384,362,1341,4028,12694,44584,2134,79,370,5588,2365,27,179,490,14720,3405,610,6185
1094,3494,1094.1475938199694,99545,56,23,327,124,120818,70641,1.9233412024712442,27,14,25182,25431,10267,5625,14139,18781,48549,36061,34423,25833,384,362,1341,4025,12696,44590,2134,78,371,5587,2364,27,179,490,14719,3403,610,6185
