,indexID,time,N,Inf_L,Inf_H,Dead_L,Dead_H,cum_cases_L,cum_cases_H,cum_sum_per_N,Exposed_L,Exposed_H,Sus_L,Sus_H,Rec_nat_L,Rec_nat_H,Rec_vax_L,Rec_vax_H,vaccinatedH,vaccinatedL,boostedH,boostedL,count_Naive,count_Delta,count_Delta_vaccine,count_two,count_three,count_four,count_Omicron,count_Omicron_star,count_Omicron_star_vaccine,count_Omicron_vaccine,count_Vaccine,count_WT,count_WT_vaccine,count_WT_vaccine_boost,count_Omicron_vaccine_boost,count_Delta_vaccine_boost,count_Omicron_star_vaccine_boost,count_Vaccine_boost
0,2587,1.0166380340617067,99998,8,5,0,0,8,5,0.00013000260005200103,17,20,49974,49974,0,0,0,0,0,0,0,0,99998,0,0,0,0,0,0,0,0,0,0,0,0,0,0,0,0,0
1,2587,2.057996698789778,99998,11,5,0,0,12,7,0.00019000380007600152,15,18,49972,49974,1,2,0,0,0,0,0,0,99995,0,0,0,0,0,0,0,0,0,0,3,0,0,0,0,0,0
2,2587,3.0679626471731267,99998,14,10,0,0,15,13,0.00028000560011200225,12,12,49972,49974,1,3,0,0,0,0,0,0,99994,0,0,0,0,0,0,0,0,0,0,4,0,0,0,0,0,0
3,2587,4.003228422435878,99998,17,13,0,0,20,16,0.0003600072001440029,10,10,49969,49973,3,3,0,0,0,0,0,0,99992,0,0,0,0,0,0,0,0,0,0,6,0,0,0,0,0,0
4,2587,5.003448738999681,99998,19,13,0,0,24,19,0.00043000860017200347,9,9,49966,49971,5,6,0,0,0,0,0,0,99987,0,0,0,0,0,0,0,0,0,0,11,0,0,0,0,0,0
5,2587,6.058117509098672,99998,18,14,0,0,25,21,0.0004600092001840037,13,7,49961,49971,7,7,0,0,0,0,0,0,99984,0,0,0,0,0,0,0,0,0,0,14,0,0,0,0,0,0
6,2587,7.047014996787392,99998,26,13,0,0,35,23,0.0005800116002320047,6,5,49958,49971,9,10,0,0,0,0,0,0,99979,0,0,0,0,0,0,0,0,0,0,19,0,0,0,0,0,0
7,2587,8.003428214157939,99998,27,15,0,0,39,26,0.0006500130002600052,5,5,49955,49968,12,11,0,0,0,0,0,0,99975,0,0,0,0,0,0,0,0,0,0,23,0,0,0,0,0,0
8,2587,9.049383384290492,99998,26,14,0,0,43,30,0.0007300146002920058,4,3,49952,49966,17,16,0,0,0,0,0,0,99965,0,0,0,0,0,0,0,0,0,0,33,0,0,0,0,0,0
9,2587,10.012085173589284,99998,18,13,0,0,45,31,0.0007600152003040061,4,3,49951,49965,26,18,0,0,0,0,0,0,99953,0,0,0,0,0,0,0,0,0,0,45,0,0,0,0,0,0
10,2587,11.057229537356589,99998,21,13,0,0,48,33,0.0008100162003240065,3,3,49949,49963,26,20,0,0,0,0,0,0,99951,0,0,0,0,0,0,0,0,0,0,47,0,0,0,0,0,0
11,2587,12.065512008225626,99998,22,14,0,0,50,34,0.0008400168003360067,4,4,49947,49961,26,20,0,0,0,0,0,0,99950,0,0,0,0,0,0,0,0,0,0,48,0,0,0,0,0,0
12,2587,13.135619121294368,99998,23,12,0,0,52,35,0.000870017400348007,10,5,49939,49959,27,23,0,0,0,0,0,0,99946,0,0,0,0,0,0,0,0,0,0,52,0,0,0,0,0,0
13,2587,14.123533391902644,99998,27,12,0,0,59,36,0.0009500190003800076,8,6,49934,49958,30,23,0,0,0,0,0,0,99942,0,0,0,0,0,0,0,0,0,0,56,0,0,0,0,0,0
14,2587,15.243524955818764,99998,23,13,0,0,61,38,0.000990019800396008,10,4,49930,49958,36,24,0,0,0,0,0,0,99935,0,0,0,0,0,0,0,0,0,0,63,0,0,0,0,0,0
15,2587,16.077804212827886,99998,19,15,0,0,62,41,0.0010300206004120083,10,3,49929,49956,41,25,0,0,0,0,0,0,99929,0,0,0,0,0,0,0,0,0,0,69,0,0,0,0,0,0
16,2587,17.158405422167238,99998,17,13,0,0,62,41,0.0010300206004120083,13,4,49926,49956,43,26,0,0,0,0,0,0,99925,0,0,0,0,0,0,0,0,0,0,73,0,0,0,0,0,0
17,2587,18.053250631273286,99998,18,8,0,0,66,41,0.0010700214004280085,14,4,49921,49956,46,31,0,0,0,0,0,0,99917,0,0,0,0,0,0,0,0,0,0,81,0,0,0,0,0,0
18,2587,19.015533342126904,99998,20,8,0,0,71,43,0.001140022800456009,11,2,49919,49957,49,32,0,0,0,0,0,0,99912,0,0,0,0,0,0,0,0,0,0,86,0,0,0,0,0,0
19,2587,20.111793692831466,99998,24,6,0,0,77,43,0.0012000240004800095,11,2,49913,49958,51,33,0,0,0,0,0,0,99908,0,0,0,0,0,0,0,0,0,0,90,0,0,0,0,0,0
20,2587,21.05927939696273,99998,22,7,0,0,80,44,0.00124002480049601,11,1,49910,49958,56,33,0,0,0,0,0,0,99903,0,0,0,0,0,0,0,0,0,0,95,0,0,0,0,0,0
21,2587,22.020717176752964,99998,18,6,0,0,81,45,0.00126002520050401,11,1,49909,49957,61,35,0,0,0,0,0,0,99896,0,0,0,0,0,0,0,0,0,0,102,0,0,0,0,0,0
22,2587,23.128098445499155,99998,16,6,0,0,83,46,0.0012900258005160102,11,1,49907,49956,65,36,0,0,0,0,0,0,99891,0,0,0,0,0,0,0,0,0,0,107,0,0,0,0,0,0
23,2587,24.177899640424226,99998,16,2,0,0,88,46,0.0013400268005360108,10,2,49903,49955,70,40,0,0,0,0,0,0,99882,0,0,0,0,0,0,0,0,0,0,116,0,0,0,0,0,0
24,2587,25.093237443712347,99998,20,2,0,0,93,46,0.001390027800556011,7,3,49901,49954,71,40,0,0,0,0,0,0,99881,0,0,0,0,0,0,0,0,0,0,117,0,0,0,0,0,0
25,2587,26.090503087361995,99998,20,3,0,0,97,47,0.0014400288005760116,6,3,49899,49953,74,40,0,0,0,0,0,0,99877,0,0,0,0,0,0,0,0,0,0,121,0,0,0,0,0,0
26,2587,27.18157137285204,99998,21,1,0,0,99,47,0.0014600292005840117,7,3,49896,49953,75,42,0,0,0,0,0,0,99874,0,0,0,0,0,0,0,0,0,0,124,0,0,0,0,0,0
27,2587,28.180917674866425,99998,22,1,0,0,102,48,0.001500030000600012,11,3,49889,49952,77,43,0,0,0,0,0,0,99871,0,0,0,0,0,0,0,0,0,0,127,0,0,0,0,0,0
28,2587,29.075598742528726,99998,24,2,0,0,105,49,0.0015400308006160122,11,3,49886,49951,78,43,0,0,0,0,0,0,99870,0,0,0,0,0,0,0,0,0,0,128,0,0,0,0,0,0
29,2587,30.132850527135233,99998,23,2,0,0,110,49,0.0015900318006360128,9,4,49883,49950,84,43,0,0,0,0,0,0,99864,0,0,0,0,0,0,0,0,0,0,134,0,0,0,0,0,0
30,2587,31.100035837286907,99998,24,2,0,0,113,49,0.001620032400648013,9,5,49881,49949,85,43,0,0,0,0,0,0,99862,0,0,0,0,0,0,0,0,0,0,136,0,0,0,0,0,0
31,2587,32.33299170534929,99998,24,4,0,0,117,51,0.0016800336006720135,10,3,49876,49949,89,43,0,0,0,0,0,0,99858,0,0,0,0,0,0,0,0,0,0,140,0,0,0,0,0,0
32,2587,33.25435294953992,99998,25,4,0,0,119,52,0.0017100342006840137,14,4,49870,49947,90,44,0,0,0,0,0,0,99856,0,0,0,0,0,0,0,0,0,0,142,0,0,0,0,0,0
33,2587,34.09942634572638,99998,28,6,0,0,125,54,0.0017900358007160143,11,4,49867,49946,93,43,0,0,0,0,0,0,99853,0,0,0,0,0,0,0,0,0,0,145,0,0,0,0,0,0
34,2587,35.091109262779845,99998,25,6,0,0,127,54,0.0018100362007240146,13,5,49864,49945,97,43,0,0,0,0,0,0,99848,0,0,0,0,0,0,0,0,0,0,150,0,0,0,0,0,0
35,2587,36.09901337656506,99998,24,6,0,0,130,55,0.0018500370007400147,15,4,49860,49946,100,43,0,0,0,0,0,0,99843,0,0,0,0,0,0,0,0,0,0,155,0,0,0,0,0,0
36,2587,37.08166713875341,99998,23,6,0,0,134,57,0.0019100382007640152,17,4,49854,49944,105,45,0,0,0,0,0,0,99836,0,0,0,0,0,0,0,0,0,0,162,0,0,0,0,0,0
37,2587,38.10064405021714,99998,23,6,0,0,135,57,0.0019200384007680153,17,6,49853,49942,106,45,0,0,0,0,0,0,99835,0,0,0,0,0,0,0,0,0,0,163,0,0,0,0,0,0
38,2587,39.10131370887044,99998,27,8,0,0,141,59,0.002000040000800016,12,5,49852,49941,108,45,0,0,0,0,0,0,99833,0,0,0,0,0,0,0,0,0,0,165,0,0,0,0,0,0
39,2587,40.169651461023605,99998,27,9,0,0,144,60,0.0020400408008160163,16,7,49845,49938,111,45,0,0,0,0,0,0,99830,0,0,0,0,0,0,0,0,0,0,168,0,0,0,0,0,0
40,2587,41.018983346672236,99998,27,11,0,0,146,62,0.0020800416008320164,20,9,49839,49934,113,45,0,0,0,0,0,0,99828,0,0,0,0,0,0,0,0,0,0,170,0,0,0,0,0,0
41,2587,42.15117123296965,99998,29,10,0,0,151,63,0.002140042800856017,19,11,49836,49931,115,47,0,0,0,0,0,0,99823,0,0,0,0,0,0,0,0,0,0,175,0,0,0,0,0,0
42,2587,43.014755706346754,99998,26,10,0,0,155,65,0.002200044000880018,19,9,49832,49931,122,49,0,0,0,0,0,0,99814,0,0,0,0,0,0,0,0,0,0,184,0,0,0,0,0,0
43,2587,44.00967195012931,99998,24,13,0,0,157,69,0.0022600452009040183,17,5,49832,49932,126,49,0,0,0,0,0,0,99809,0,0,0,0,0,0,0,0,0,0,189,0,0,0,0,0,0
44,2587,45.00305119670425,99998,23,12,0,0,161,71,0.0023200464009280187,16,6,49829,49930,131,51,0,0,0,0,0,0,99801,0,0,0,0,0,0,0,0,0,0,197,0,0,0,0,0,0
45,2587,46.18394648763448,99998,20,10,0,0,164,73,0.002370047400948019,16,8,49826,49926,137,55,0,0,0,0,0,0,99791,0,0,0,0,0,0,0,0,0,0,207,0,0,0,0,0,0
46,2587,47.10673396280026,99998,25,10,0,0,172,74,0.0024600492009840195,13,9,49822,49924,139,56,0,0,0,0,0,0,99787,0,0,0,0,0,0,0,0,0,0,211,0,0,0,0,0,0
47,2587,48.15013629113402,99998,21,10,0,0,173,75,0.00248004960099202,20,11,49815,49922,143,56,0,0,0,0,0,0,99781,0,0,0,0,0,0,0,0,0,0,217,0,0,0,0,0,0
48,2587,49.02107728336017,99998,22,14,0,0,176,81,0.0025700514010280205,24,7,49810,49920,143,58,0,0,0,0,0,0,99777,0,0,0,0,0,0,0,0,0,0,221,0,0,0,0,0,0
49,2587,50.04619599197353,99998,23,11,0,0,179,82,0.0026100522010440207,22,8,49810,49919,144,61,0,0,0,0,0,0,99771,0,0,0,0,0,0,0,0,0,0,227,0,0,0,0,0,0
50,2587,51.094755743833936,99998,25,12,0,0,185,83,0.0026800536010720215,18,10,49808,49917,148,60,0,0,0,0,0,0,99767,0,0,0,0,0,0,0,0,0,0,231,0,0,0,0,0,0
51,2587,52.07831431323973,99998,29,14,0,0,190,87,0.0027700554011080222,16,7,49806,49916,148,62,0,0,0,0,0,0,99764,0,0,0,0,0,0,0,0,0,0,234,0,0,0,0,0,0
52,2587,53.029357422275446,99998,30,15,0,0,195,91,0.002860057201144023,15,5,49802,49914,152,65,0,0,0,0,0,0,99757,0,0,0,0,0,0,0,0,0,0,241,0,0,0,0,0,0
53,2587,54.09310389621183,99998,32,14,0,0,200,92,0.0029200584011680234,17,6,49796,49912,154,67,0,0,0,0,0,0,99753,0,0,1,0,0,0,0,0,0,0,244,0,0,0,0,0,0
54,2587,55.00152391257855,99998,35,16,0,0,207,95,0.003020060401208024,16,4,49790,49911,158,68,0,0,0,0,0,0,99748,0,0,1,0,0,0,0,0,0,0,249,0,0,0,0,0,0
55,2587,56.15553380304874,99998,38,15,0,0,216,96,0.003120062401248025,16,7,49783,49907,162,70,0,0,0,0,0,0,99740,0,0,1,0,0,0,0,0,0,0,257,0,0,0,0,0,0
56,2587,57.14550299539841,99998,41,17,0,0,222,99,0.003210064201284026,16,5,49778,49906,164,71,0,0,0,0,0,0,99736,0,0,1,0,0,0,0,0,0,0,261,0,0,0,0,0,0
57,2587,58.10642213397925,99998,40,13,0,0,225,99,0.003240064801296026,20,9,49771,49902,168,75,0,0,0,0,0,0,99728,0,0,1,0,0,0,0,0,0,0,269,0,0,0,0,0,0
58,2587,59.25503548381101,99998,33,13,0,0,229,103,0.0033200664013280264,23,10,49764,49897,179,79,0,0,0,0,0,0,99713,0,0,1,0,0,0,0,0,0,0,284,0,0,0,0,0,0
59,2587,60.04120816564812,99998,38,13,0,0,236,104,0.003400068001360027,19,10,49761,49896,181,80,0,0,0,0,0,0,99710,0,0,1,0,0,0,0,0,0,0,287,0,0,0,0,0,0
60,2587,61.17231738296575,99998,33,12,0,0,244,106,0.003500070001400028,20,10,49752,49894,194,83,0,0,0,0,0,0,99694,0,0,1,0,0,0,0,0,0,0,303,0,0,0,0,0,0
61,2587,62.22897794247959,99998,34,13,0,0,250,110,0.003600072001440029,22,7,49744,49893,199,86,0,0,0,0,0,0,99686,0,0,1,0,0,0,0,0,0,0,311,0,0,0,0,0,0
62,2587,63.2459775612952,99998,32,14,0,0,254,111,0.0036500730014600294,21,9,49741,49890,205,86,0,0,0,0,0,0,99680,0,0,1,0,0,0,0,0,0,0,317,0,0,0,0,0,0
63,2587,64.0332888252743,99998,32,12,0,0,257,111,0.0036800736014720296,19,10,49740,49889,208,88,0,0,0,0,0,0,99675,0,0,1,0,0,0,0,0,0,0,322,0,0,0,0,0,0
64,2587,65.1295601300551,99998,34,12,0,0,263,112,0.00375007500150003,16,9,49738,49889,211,89,0,0,0,0,0,0,99670,0,0,1,0,0,0,0,0,0,0,327,0,0,0,0,0,0
65,2587,66.26096646117328,99998,33,13,0,0,266,114,0.0038000760015200305,19,7,49733,49890,214,89,0,0,0,0,0,0,99665,0,0,1,0,0,0,0,0,0,0,332,0,0,0,0,0,0
66,2587,67.06582577943325,99998,32,11,0,0,268,116,0.0038400768015360307,28,6,49723,49889,216,93,0,0,0,0,0,0,99658,0,0,1,0,0,0,0,0,0,0,339,0,0,0,0,0,0
67,2587,68.26344596019513,99998,33,10,0,0,275,117,0.003920078401568031,24,10,49721,49884,221,95,0,0,0,0,0,0,99650,0,0,1,0,0,0,0,0,0,0,347,0,0,0,0,0,0
68,2587,69.07824012464951,99998,39,10,0,0,282,120,0.004020080401608032,21,11,49717,49881,222,97,0,0,0,0,0,0,99646,0,0,1,0,0,0,0,0,0,0,351,0,0,0,0,0,0
69,2587,70.1251011519836,99998,37,14,0,0,288,125,0.004130082601652033,23,8,49709,49879,230,98,0,0,0,0,0,0,99637,0,0,1,0,0,0,0,0,0,0,360,0,0,0,0,0,0
70,2587,71.0630215119682,99998,36,12,0,0,292,126,0.004180083601672034,21,7,49708,49879,234,101,0,0,0,0,0,0,99629,0,0,1,0,0,0,0,0,0,0,368,0,0,0,0,0,0
71,2587,72.20154590234219,99998,39,12,0,0,300,128,0.004280085601712034,22,7,49699,49877,239,103,0,0,0,0,0,0,99622,0,0,1,0,0,0,0,0,0,0,375,0,0,0,0,0,0
72,2587,73.14396506610036,99998,37,13,0,0,304,130,0.004340086801736035,20,8,49701,49874,241,104,0,0,0,0,0,0,99615,0,0,1,0,0,0,0,0,0,0,382,0,0,0,0,0,0
73,2587,74.10436139432531,99998,38,14,0,0,310,133,0.004430088601772035,21,8,49695,49871,245,106,0,0,0,0,0,0,99608,0,0,1,0,0,0,0,0,0,0,389,0,0,0,0,0,0
74,2587,75.13826134429904,99998,37,12,0,0,315,134,0.004490089801796036,21,8,49690,49871,251,108,0,0,0,0,0,0,99599,0,0,1,0,0,0,0,0,0,0,398,0,0,0,0,0,0
75,2587,76.24290072596415,99998,34,13,0,0,319,138,0.004570091401828036,27,6,49680,49869,258,111,0,0,0,0,0,0,99589,0,0,1,0,0,0,0,0,0,0,408,0,0,0,0,0,0
76,2587,77.3177929461495,99998,43,12,0,0,329,139,0.004680093601872037,22,6,49677,49868,257,113,0,0,0,0,0,0,99586,0,0,1,0,0,0,0,0,0,0,411,0,0,0,0,0,0
77,2587,78.05939093717348,99998,45,12,0,0,334,139,0.004730094601892038,19,10,49677,49864,258,113,0,0,0,0,0,0,99583,0,0,1,0,0,0,0,0,0,0,414,0,0,0,0,0,0
78,2587,79.32091419140632,99998,42,14,0,0,339,144,0.004830096601932039,22,7,49671,49862,264,116,0,0,0,0,0,0,99572,0,0,1,0,0,0,0,0,0,0,425,0,0,0,0,0,0
79,2587,80.00251710091909,99998,44,15,0,0,344,145,0.004890097801956039,17,8,49672,49861,266,115,0,0,0,0,0,0,99569,0,0,1,0,0,0,0,0,0,0,428,0,0,0,0,0,0
80,2587,81.18336914731466,99998,43,16,0,0,350,148,0.0049800996019920395,15,7,49669,49859,272,117,0,0,0,0,0,0,99560,0,0,1,0,0,0,0,0,0,0,437,0,0,0,0,0,0
81,2587,82.2225615097132,99998,40,19,0,0,353,152,0.005050101002020041,17,7,49665,49855,277,118,0,0,0,0,0,0,99553,0,0,1,0,0,0,0,0,0,0,444,0,0,0,0,0,0
82,2587,83.1804025116517,99998,39,19,0,0,361,153,0.005140102802056041,14,7,49661,49856,285,117,0,0,0,0,0,0,99543,0,0,1,0,0,0,0,0,0,0,454,0,0,0,0,0,0
83,2587,84.06399757936818,99998,42,17,0,0,366,154,0.0052001040020800415,15,7,49656,49856,286,119,0,0,0,0,0,0,99538,0,0,1,0,0,0,0,0,0,0,459,0,0,0,0,0,0
84,2587,85.12224900464986,99998,42,19,0,0,374,156,0.005300106002120043,12,7,49651,49854,294,119,0,0,0,0,0,0,99530,0,0,1,0,0,0,0,0,0,0,467,0,0,0,0,0,0
85,2587,86.01636407878948,99998,37,19,0,0,377,157,0.005340106802136042,16,7,49646,49853,300,120,0,0,0,0,0,0,99521,0,0,1,0,0,0,0,0,0,0,476,0,0,0,0,0,0
86,2587,87.22637946443307,99998,38,18,0,0,380,158,0.005380107602152043,18,8,49642,49852,301,121,0,0,0,0,0,0,99517,0,0,1,0,0,0,0,0,0,0,480,0,0,0,0,0,0
87,2587,88.05713826567107,99998,41,17,0,0,384,158,0.0054201084021680435,19,11,49638,49851,301,120,0,0,0,0,0,0,99515,0,0,1,0,0,0,0,0,0,0,482,0,0,0,0,0,0
88,2587,89.0116584415385,99998,44,19,0,0,391,164,0.005550111002220044,17,7,49635,49849,303,124,0,0,0,0,0,0,99508,0,0,2,0,0,0,0,0,0,0,488,0,0,0,0,0,0
89,2587,90.01993323185887,99998,44,20,0,0,397,167,0.0056401128022560455,20,8,49627,49845,308,126,0,0,0,0,0,0,99500,0,0,2,0,0,0,0,0,0,0,496,0,0,0,0,0,0
90,2587,91.04105684090253,99998,43,18,0,0,402,170,0.005720114402288046,21,9,49621,49845,314,127,0,0,0,0,0,0,99489,0,0,2,0,0,0,0,0,0,0,507,0,0,0,0,0,0
91,2587,92.11927527137856,99998,42,17,0,0,410,173,0.005830116602332047,22,10,49612,49842,323,130,0,0,0,0,0,0,99476,0,0,2,0,0,0,0,0,0,0,520,0,0,0,0,0,0
92,2587,93.00946673263547,99998,41,18,0,0,415,176,0.005910118202364047,27,11,49603,49840,328,130,0,0,0,0,0,0,99468,0,0,2,0,0,0,0,0,0,0,528,0,0,0,0,0,0
93,2587,94.07559070279247,99998,39,19,0,0,420,179,0.0059901198023960475,26,10,49599,49838,335,132,0,0,0,0,0,0,99459,0,0,2,0,0,0,0,0,0,0,537,0,0,0,0,0,0
94,2587,95.1687500931126,99998,43,21,0,0,426,182,0.006080121602432049,24,8,49595,49837,337,133,0,0,0,0,0,0,99456,0,0,2,0,0,0,0,0,0,0,540,0,0,0,0,0,0
95,2587,96.31337429309154,99998,39,21,0,0,431,186,0.00617012340246805,24,9,49593,49832,343,137,0,0,0,0,0,0,99443,0,0,2,0,0,0,0,0,0,0,553,0,0,0,0,0,0
96,2587,97.03809473331305,99998,37,23,0,0,435,189,0.00624012480249605,23,9,49592,49830,347,137,0,0,0,0,0,0,99436,0,0,2,0,0,0,0,0,0,0,560,0,0,0,0,0,0
97,2587,98.04131731329717,99998,40,20,0,0,442,192,0.00634012680253605,20,8,49588,49828,351,143,0,0,0,0,0,0,99426,0,0,2,0,0,0,0,0,0,0,570,0,0,0,0,0,0
98,2587,99.06028455283284,99998,35,19,0,0,446,195,0.006410128202564052,20,8,49586,49826,358,146,0,0,0,0,0,0,99413,0,0,2,0,0,0,0,0,0,0,583,0,0,0,0,0,0
99,2587,100.31034546097814,99998,35,18,0,0,453,197,0.006500130002600052,20,9,49580,49823,364,149,0,0,0,0,0,0,99403,0,0,2,0,0,0,0,0,0,0,593,0,0,0,0,0,0
100,2587,101.09562514469461,99998,37,18,0,0,460,199,0.006590131802636053,15,9,49580,49821,367,151,0,0,0,0,0,0,99397,0,0,3,0,0,0,0,0,0,0,598,0,0,0,0,0,0
101,2587,102.32808010757539,99998,35,18,0,0,464,200,0.006640132802656053,15,11,49577,49818,372,152,0,0,0,0,0,0,99390,0,0,3,0,0,0,0,0,0,0,605,0,0,0,0,0,0
102,2587,103.03548692998831,99998,31,21,0,0,467,203,0.006700134002680053,18,10,49571,49817,379,151,0,0,0,0,0,0,99383,0,0,3,0,0,0,0,0,0,0,612,0,0,0,0,0,0
103,2587,104.09789722821277,99998,30,18,0,0,469,205,0.006740134802696054,23,10,49567,49815,379,156,0,0,0,0,0,0,99375,0,0,3,0,0,0,0,0,0,0,620,0,0,0,0,0,0
104,2587,105.01913776534636,99998,28,16,0,0,469,205,0.006740134802696054,27,10,49564,49817,380,156,0,0,0,0,0,0,99371,0,0,3,0,0,0,0,0,0,0,624,0,0,0,0,0,0
105,2587,106.12428344973277,99998,32,13,0,0,479,206,0.006850137002740055,24,12,49559,49816,384,158,0,0,0,0,0,0,99361,0,0,3,0,0,0,0,0,0,0,634,0,0,0,0,0,0
106,2587,107.00785277462239,99998,36,15,0,0,486,210,0.006960139202784056,23,14,49555,49811,385,159,0,0,0,0,0,0,99356,0,0,3,0,0,0,0,0,0,0,639,0,0,0,0,0,0
107,2587,108.0679037251343,99998,38,14,0,0,491,212,0.007030140602812056,24,12,49551,49811,386,162,0,0,0,0,0,0,99350,0,0,3,0,0,0,0,0,0,0,645,0,0,0,0,0,0
108,2587,109.171457564246,99998,38,18,0,0,499,216,0.007150143002860057,24,11,49546,49808,391,162,0,0,0,0,0,0,99342,0,0,3,0,0,0,0,0,0,0,653,0,0,0,0,0,0
109,2587,110.00251462557256,99998,38,16,0,0,503,217,0.007200144002880058,26,13,49540,49805,395,165,0,0,0,0,0,0,99335,0,0,3,0,0,0,0,0,0,0,660,0,0,0,0,0,0
110,2587,111.06287861365146,99998,41,17,0,0,509,219,0.007280145602912058,24,15,49537,49803,397,164,0,0,0,0,0,0,99331,0,0,3,0,0,0,0,0,0,0,664,0,0,0,0,0,0
111,2587,112.02239196485111,99998,44,19,0,0,517,223,0.007400148002960059,21,14,49534,49801,400,165,0,0,0,0,0,0,99324,0,0,3,0,0,0,0,0,0,0,671,0,0,0,0,0,0
112,2587,113.1668071994398,99998,43,20,0,0,523,226,0.00749014980299606,27,16,49524,49796,405,167,0,0,0,0,0,0,99315,0,0,3,0,0,0,0,0,0,0,680,0,0,0,0,0,0
113,2587,114.17091332174095,99998,41,22,0,0,532,230,0.007620152403048061,25,16,49521,49793,412,168,0,0,0,0,0,0,99302,0,0,3,0,0,0,0,0,0,0,693,0,0,0,0,0,0
114,2587,115.14744207963433,99998,40,25,0,0,536,234,0.007700154003080061,25,17,49519,49791,415,166,0,0,0,0,0,0,99296,0,0,3,0,0,0,0,0,0,0,699,0,0,0,0,0,0
115,2587,116.01507419301844,99998,37,25,0,0,537,237,0.007740154803096062,28,17,49515,49788,419,169,0,0,0,0,0,0,99289,0,0,3,0,0,0,0,0,0,0,706,0,0,0,0,0,0
116,2587,117.21585498276484,99998,38,23,0,0,541,241,0.007820156403128062,37,18,49504,49784,420,174,0,0,0,0,0,0,99280,0,0,3,0,0,0,0,0,0,0,715,0,0,0,0,0,0
117,2587,118.30141239059631,99998,54,23,0,0,562,245,0.008070161403228065,32,20,49491,49778,422,178,0,0,0,0,0,0,99271,0,0,3,0,0,0,0,0,0,0,724,0,0,0,0,0,0
118,2587,119.32722288207326,99998,59,26,0,0,573,250,0.008230164603292065,29,22,49485,49772,426,179,0,0,0,0,0,0,99263,0,0,3,0,0,0,0,0,0,0,732,0,0,0,0,0,0
119,2587,120.01114412092461,99998,60,26,0,0,578,253,0.008310166203324067,32,23,49477,49768,430,182,0,0,0,0,0,0,99257,0,0,4,0,0,0,0,0,0,0,737,0,0,0,0,0,0
120,2587,121.03712317442702,99998,66,28,0,0,589,257,0.008460169203384068,29,22,49470,49768,434,181,0,0,0,0,0,0,99250,0,0,4,0,0,0,0,0,0,0,744,0,0,0,0,0,0
121,2587,122.09487732259394,99998,67,30,0,0,599,264,0.00863017260345207,32,20,49458,49764,442,185,0,0,0,0,0,0,99236,0,0,4,0,0,0,0,0,0,0,758,0,0,0,0,0,0
122,2587,123.07420801290094,99998,70,34,0,0,604,270,0.00874017480349607,39,19,49447,49759,443,187,0,0,0,0,0,0,99232,0,0,4,0,0,0,0,0,0,0,762,0,0,0,0,0,0
123,2587,124.14243490142391,99998,70,35,0,0,618,274,0.008920178403568072,38,20,49436,49755,455,189,0,0,0,0,0,0,99215,0,0,4,0,0,0,0,0,0,0,779,0,0,0,0,0,0
124,2587,125.32894548049855,99998,62,31,0,0,629,278,0.009070181403628072,44,22,49421,49750,472,196,0,0,0,0,0,0,99188,0,0,4,0,0,0,0,0,0,0,806,0,0,0,0,0,0
125,2587,126.01357645221202,99998,60,32,0,0,637,281,0.009180183603672074,42,24,49416,49745,481,198,0,0,0,0,0,0,99176,0,0,4,0,0,0,0,0,0,0,818,0,0,0,0,0,0
126,2587,127.04071510909908,99998,60,29,0,0,646,286,0.009320186403728075,45,25,49406,49739,488,206,0,0,0,0,0,0,99159,0,0,4,0,0,0,0,0,0,0,835,0,0,0,0,0,0
127,2587,128.06804468669523,99998,62,30,0,0,661,291,0.009520190403808077,37,24,49401,49736,499,209,0,0,0,0,0,0,99142,0,0,4,0,0,0,0,0,0,0,852,0,0,0,0,0,0
128,2587,129.09553700801777,99998,66,33,0,0,673,300,0.009730194603892078,39,21,49387,49730,507,215,0,0,0,0,0,0,99128,0,0,4,0,0,0,0,0,0,0,866,0,0,0,0,0,0
129,2587,130.1232110378857,99998,68,33,0,0,685,303,0.00988019760395208,38,22,49377,49726,516,218,0,0,0,0,0,0,99115,0,0,4,0,0,0,0,0,0,0,879,0,0,0,0,0,0
130,2587,131.1510821680985,99998,70,30,0,0,695,307,0.01002020040400808,38,24,49370,49720,521,225,0,0,0,0,0,0,99100,0,0,4,0,0,0,0,0,0,0,894,0,0,0,0,0,0
131,2587,132.17914017612415,99998,66,35,0,0,706,315,0.010210204204084082,44,25,49354,49711,535,228,0,0,0,0,0,0,99082,0,0,4,0,0,0,0,0,0,0,912,0,0,0,0,0,0
132,2587,133.207423989049,99998,65,36,0,0,717,319,0.010360207204144083,43,28,49348,49704,543,231,0,0,0,0,0,0,99067,0,0,4,0,0,0,0,0,0,0,927,0,0,0,0,0,0
133,2587,134.23583676060485,99998,70,42,0,0,730,327,0.010570211404228085,40,24,49342,49700,547,233,0,0,0,0,0,0,99057,0,0,4,0,0,0,0,0,0,0,937,0,0,0,0,0,0
134,2587,135.26434194021775,99998,78,39,0,0,745,330,0.010750215004300087,38,27,49336,49695,547,238,0,0,0,0,0,0,99044,0,0,4,0,0,0,0,0,0,0,950,0,0,0,0,0,0
135,2587,136.29293722721252,99998,74,42,0,0,753,335,0.010880217604352087,43,29,49326,49688,556,240,0,0,0,0,0,0,99030,0,0,4,0,0,0,0,0,0,0,964,0,0,0,0,0,0
136,2587,137.32169474848394,99998,84,38,0,0,773,336,0.011090221804436088,34,33,49317,49683,564,245,0,0,0,0,0,0,99015,0,0,4,0,0,0,0,0,0,0,979,0,0,0,0,0,0
137,2587,138.0076324517905,99998,79,42,0,0,781,341,0.01122022440448809,36,32,49309,49679,575,246,0,0,0,0,0,0,99001,0,0,4,0,0,0,0,0,0,0,993,0,0,0,0,0,0
138,2587,139.03670457422092,99998,82,45,0,0,792,347,0.011390227804556091,33,30,49306,49677,578,247,0,0,0,0,0,0,98990,0,0,4,0,0,0,0,0,0,0,1004,0,0,0,0,0,0
139,2587,140.06586931808914,99998,78,49,0,0,798,359,0.011570231404628092,38,30,49298,49666,585,254,0,0,0,0,0,0,98972,0,0,4,0,0,0,0,0,0,0,1022,0,0,0,0,0,0
140,2587,141.09516963323253,99997,78,45,0,1,805,364,0.011690350710521316,45,34,49285,49659,591,260,0,0,0,0,0,0,98956,0,0,4,0,0,0,0,0,0,0,1037,0,0,0,0,0,0
141,2587,142.12468700066862,99997,76,49,0,1,816,372,0.01188035641069232,51,29,49269,49657,603,263,0,0,0,0,0,0,98939,0,0,4,0,0,0,0,0,0,0,1054,0,0,0,0,0,0
142,2587,143.1544767785954,99997,83,48,0,1,831,380,0.012110363310899328,52,30,49258,49649,606,271,0,0,0,0,0,0,98922,0,0,4,0,0,0,0,0,0,0,1071,0,0,0,0,0,0
143,2587,144.18440057871013,99997,90,52,0,1,851,391,0.012420372611178336,42,28,49251,49640,616,278,0,0,0,0,0,0,98902,0,0,4,0,0,0,0,0,0,0,1091,0,0,0,0,0,0
144,2587,145.214529264319,99997,82,42,0,1,859,394,0.012530375911277338,46,34,49241,49632,630,290,0,0,0,0,0,0,98873,0,0,4,0,0,0,0,0,0,0,1120,0,0,0,0,0,0
145,2587,146.24495548270113,99997,83,44,0,1,874,403,0.012770383111493346,44,29,49230,49629,642,296,0,0,0,0,0,0,98852,0,0,4,0,0,0,0,0,0,0,1141,0,0,0,0,0,0
146,2587,147.27558870757113,99997,82,47,0,1,883,411,0.012940388211646349,44,28,49225,49622,648,301,0,0,0,0,0,0,98837,0,0,4,0,0,0,0,0,0,0,1156,0,0,0,0,0,0
147,2587,148.3063407057231,99997,84,45,0,1,895,419,0.013140394211826355,46,27,49215,49616,654,310,0,0,0,0,0,0,98818,0,0,5,0,0,0,0,0,0,0,1174,0,0,0,0,0,0
148,2587,149.3372659939843,99997,76,40,0,1,900,421,0.013210396311889357,62,28,49194,49613,667,317,0,0,0,0,0,0,98798,0,0,5,0,0,0,0,0,0,0,1194,0,0,0,0,0,0
149,2587,150.02475811920823,99997,85,36,0,1,914,427,0.013410402312069362,56,30,49188,49605,670,327,0,0,0,0,0,0,98783,0,0,5,0,0,0,0,0,0,0,1209,0,0,0,0,0,0
150,2587,151.05618230442187,99997,89,34,0,1,928,431,0.013590407712231366,50,31,49182,49602,678,331,0,0,0,0,0,0,98767,0,0,5,0,0,0,0,0,0,0,1225,0,0,0,0,0,0
151,2587,152.08778278352855,99996,91,34,1,1,942,434,0.013760550422016881,61,31,49157,49599,689,334,0,0,0,0,0,0,98752,0,0,5,0,0,0,0,0,0,0,1239,0,0,0,0,0,0
152,2587,153.1197126230364,99996,96,41,1,1,953,443,0.013960558422336894,68,26,49141,49596,693,335,0,0,0,0,0,0,98744,0,0,5,0,0,0,0,0,0,0,1247,0,0,0,0,0,0
153,2587,154.15185643674354,99995,97,44,2,1,969,449,0.014180709035451773,70,25,49130,49593,700,336,0,0,0,0,0,0,98726,0,0,5,0,0,0,0,0,0,0,1264,0,0,0,0,0,0
154,2587,155.18414687611775,99995,103,46,2,1,982,457,0.0143907195359768,73,24,49115,49587,706,341,0,0,0,0,0,0,98713,0,0,5,0,0,0,0,0,0,0,1277,0,0,0,0,0,0
155,2587,156.21667257785882,99995,111,52,2,1,999,466,0.014650732536626831,74,27,49100,49575,712,344,0,0,0,0,0,0,98701,0,0,5,0,0,0,0,0,0,0,1289,0,0,0,0,0,0
156,2587,157.249372591423,99995,113,58,2,1,1016,474,0.014900745037251863,76,27,49084,49569,724,344,0,0,0,0,0,0,98684,0,0,5,0,0,0,0,0,0,0,1306,0,0,0,0,0,0
157,2587,158.28236046829667,99995,126,59,2,1,1042,483,0.015250762538126907,70,25,49065,49562,736,352,0,0,0,0,0,0,98663,0,0,5,0,0,0,0,0,0,0,1327,0,0,0,0,0,0
158,2587,159.3156545083687,99995,133,57,2,1,1065,490,0.015550777538876943,72,30,49043,49552,749,359,0,0,0,0,0,0,98639,0,0,6,0,0,0,0,0,0,0,1350,0,0,0,0,0,0
159,2587,160.00470557557836,99995,136,58,2,1,1078,496,0.01574078703935197,78,32,49025,49545,758,363,0,0,0,0,0,0,98625,0,0,7,0,0,0,0,0,0,0,1363,0,0,0,0,0,0
160,2587,161.03858956381598,99995,144,55,2,1,1104,501,0.016050802540127005,68,38,49012,49535,773,370,0,0,0,0,0,0,98601,0,0,9,0,0,0,0,0,0,0,1385,0,0,0,0,0,0
161,2587,162.07277967599825,99995,138,55,2,1,1118,505,0.01623081154057703,79,48,48991,49524,789,371,0,0,0,0,0,0,98578,0,0,10,0,0,0,0,0,0,0,1407,0,0,0,0,0,0
162,2587,163.1073517089679,99995,144,62,2,1,1142,520,0.016620831041552077,75,46,48973,49511,805,379,0,0,0,0,0,0,98552,0,0,10,0,0,0,0,0,0,0,1433,0,0,0,0,0,0
163,2587,164.14220826367617,99995,143,65,2,1,1165,531,0.01696084804240212,76,42,48951,49506,827,385,0,0,0,0,0,0,98520,0,0,10,0,0,0,0,0,0,0,1465,0,0,0,0,0,0
164,2587,165.1775193448651,99995,145,60,2,1,1185,537,0.017220861043052153,73,45,48939,49497,840,396,0,0,0,0,0,0,98491,0,0,10,0,0,0,0,0,0,0,1494,0,0,0,0,0,0
165,2587,166.21313944130253,99995,143,60,2,1,1209,547,0.017560878043902196,69,41,48923,49492,862,405,0,0,0,0,0,0,98455,0,0,10,0,0,0,0,0,0,0,1530,0,0,0,0,0,0
166,2587,167.24914320125654,99994,140,70,3,1,1227,562,0.017891073464407863,79,35,48896,49485,881,408,0,0,0,0,0,0,98429,0,0,10,0,0,0,0,0,0,0,1555,0,0,0,0,0,0
167,2587,168.28561911109995,99992,144,65,4,2,1250,568,0.018181454516361308,86,41,48866,49474,899,417,0,0,0,0,0,0,98399,0,0,10,0,0,0,0,0,0,0,1583,0,0,0,0,0,0
168,2587,169.32258341828532,99992,133,67,4,2,1269,579,0.018481478518281462,95,40,48842,49467,925,423,0,0,0,0,0,0,98361,0,0,11,0,0,0,0,0,0,0,1620,0,0,0,0,0,0
169,2587,170.0142175769593,99992,137,71,4,2,1289,588,0.018771501720137612,94,38,48825,49463,939,425,0,0,0,0,0,0,98340,0,0,11,0,0,0,0,0,0,0,1641,0,0,0,0,0,0
170,2587,171.05207183233873,99992,145,67,4,2,1319,597,0.01916153292263381,79,38,48812,49454,959,438,0,0,0,0,0,0,98306,0,0,12,0,0,0,0,0,0,0,1674,0,0,0,0,0,0
171,2587,172.0902840274999,99992,146,66,4,2,1345,605,0.019501560124809986,79,41,48789,49445,981,445,0,0,0,0,0,0,98274,0,0,14,0,0,0,0,0,0,0,1704,0,0,0,0,0,0
172,2587,173.12892690419704,99991,151,73,5,2,1367,620,0.019871788460961486,75,32,48774,49442,994,450,0,0,0,0,0,0,98249,0,0,14,0,0,0,0,0,0,0,1728,0,0,0,0,0,0
173,2587,174.16791386404878,99991,150,67,5,2,1388,628,0.020161814563310697,76,33,48757,49433,1011,464,0,0,0,0,0,0,98213,0,0,14,0,0,0,0,0,0,0,1764,0,0,0,0,0,0
174,2587,175.20728461805052,99991,148,70,5,2,1405,635,0.020401836165254872,85,39,48732,49424,1029,464,0,0,0,0,0,0,98190,0,0,14,0,0,0,0,0,0,0,1787,0,0,0,0,0,0
175,2587,176.247065810673,99991,148,69,5,2,1421,645,0.020661859567361062,88,38,48715,49417,1043,473,0,0,0,0,0,0,98163,0,0,14,0,0,0,0,0,0,0,1814,0,0,0,0,0,0
176,2587,177.2872078926653,99991,146,69,5,2,1444,654,0.020981888369953294,87,38,48695,49408,1066,482,0,0,0,0,0,0,98131,0,0,16,0,0,0,0,0,0,0,1844,0,0,0,0,0,0
177,2587,178.32779702582462,99991,155,70,5,2,1471,661,0.021321918972707545,86,39,48674,49402,1079,486,0,0,0,0,0,0,98107,0,0,16,0,0,0,0,0,0,0,1868,0,0,0,0,0,0
178,2587,179.02171136610568,99991,155,69,5,2,1485,668,0.021531937874408696,88,38,48660,49399,1091,491,0,0,0,0,0,0,98085,0,0,16,0,0,0,0,0,0,0,1890,0,0,0,0,0,0
179,2587,180.06291789184695,99991,154,67,5,2,1508,677,0.02185196667700093,86,45,48643,49386,1111,499,0,0,0,0,0,0,98051,0,0,17,0,0,0,0,0,0,0,1923,0,0,0,0,0,0
180,2587,181.10447855045527,99991,150,71,5,2,1528,690,0.02218199637967417,84,49,48627,49370,1133,507,0,0,0,0,0,0,98019,0,0,18,0,0,0,0,0,0,0,1954,0,0,0,0,0,0
181,2587,182.1464511616527,99991,151,80,5,2,1550,704,0.022542028782590432,85,53,48610,49353,1148,511,0,0,0,0,0,0,97993,0,0,18,0,0,0,0,0,0,0,1980,0,0,0,0,0,0
182,2587,183.18867705149572,99991,159,77,5,2,1575,718,0.02293206388574972,81,51,48593,49341,1161,528,0,0,0,0,0,0,97959,0,0,18,0,0,0,0,0,0,0,2014,0,0,0,0,0,0
183,2587,184.23125071566278,99991,155,77,5,2,1588,732,0.023202088187936915,91,48,48572,49332,1176,540,0,0,0,0,0,0,97928,0,0,18,0,0,0,0,0,0,0,2045,0,0,0,0,0,0
184,2587,185.27422498879528,99991,161,79,5,2,1618,746,0.023642127791501235,77,46,48563,49322,1193,550,0,0,0,0,0,0,97892,0,0,18,0,0,0,0,0,0,0,2081,0,0,0,0,0,0
185,2587,186.31748972235025,99991,161,79,5,2,1640,757,0.023972157494174477,73,51,48550,49309,1210,558,0,0,0,0,0,0,97859,0,0,18,0,0,0,0,0,0,0,2114,0,0,0,0,0,0
186,2587,187.01319477874148,99991,162,77,5,2,1653,766,0.024192177295956636,76,45,48540,49307,1216,568,0,0,0,0,0,0,97836,0,0,18,0,0,0,0,0,0,0,2137,0,0,0,0,0,0
187,2587,188.05693981797768,99991,165,77,5,2,1672,777,0.024492204298386853,83,44,48521,49299,1225,577,0,0,0,0,0,0,97810,0,0,19,0,0,0,0,0,0,0,2162,0,0,0,0,0,0
188,2587,189.10101722370618,99991,165,74,5,2,1697,786,0.024832234901141104,93,54,48494,49282,1242,587,0,0,0,0,0,0,97774,0,0,20,0,0,0,0,0,0,0,2197,0,0,0,0,0,0
189,2587,190.14555235161373,99991,165,68,5,2,1720,796,0.025162264603814342,99,58,48468,49270,1262,601,0,0,0,0,0,0,97735,0,0,20,0,0,0,0,0,0,0,2236,0,0,0,0,0,0
190,2587,191.1906280988358,99991,163,71,5,2,1749,810,0.025592303307297656,100,53,48439,49261,1292,612,0,0,0,0,0,0,97695,0,0,22,0,0,0,0,0,0,0,2274,0,0,0,0,0,0
191,2587,192.23629971539935,99991,166,77,5,2,1774,829,0.026032342910861976,94,46,48422,49249,1312,625,0,0,0,0,0,0,97661,0,0,23,0,0,0,0,0,0,0,2307,0,0,0,0,0,0
192,2587,193.2823911653008,99990,159,79,6,2,1799,842,0.026412641264126412,89,42,48408,49243,1337,633,0,0,0,0,0,0,97618,0,0,23,0,0,0,0,0,0,0,2349,0,0,0,0,0,0
193,2587,194.32885805870686,99990,179,70,6,2,1839,849,0.026882688268826883,79,46,48385,49232,1350,649,0,0,0,0,0,0,97583,0,0,24,0,0,0,0,0,0,0,2383,0,0,0,0,0,0
194,2587,195.0267186623774,99990,175,72,6,2,1851,856,0.027072707270727074,88,49,48366,49226,1364,650,0,0,0,0,0,0,97562,0,0,24,0,0,0,0,0,0,0,2404,0,0,0,0,0,0
195,2587,196.07394529831762,99990,183,64,6,2,1881,861,0.027422742274227422,85,56,48344,49216,1381,661,0,0,0,0,0,0,97527,0,0,24,0,0,0,0,0,0,0,2439,0,0,0,0,0,0
196,2587,197.12163077261155,99990,178,72,6,2,1911,879,0.0279027902790279,76,58,48325,49198,1414,669,0,0,0,0,0,0,97482,0,0,24,0,0,0,0,0,0,0,2484,0,0,0,0,0,0
197,2587,198.1697855052505,99990,167,71,6,2,1933,891,0.028242824282428244,73,55,48314,49191,1439,680,0,0,0,0,0,0,97437,0,0,25,0,0,0,0,0,0,0,2528,0,0,0,0,0,0
198,2587,199.21837705167755,99990,170,81,6,2,1960,908,0.028682868286828683,70,52,48295,49182,1458,682,0,0,0,0,0,0,97406,0,0,25,0,0,0,0,0,0,0,2559,0,0,0,0,0,0
199,2587,200.2673779720368,99990,168,83,6,2,1983,923,0.029062906290629062,69,51,48277,49171,1479,692,0,0,0,0,0,0,97368,0,0,25,0,0,0,0,0,0,0,2597,0,0,0,0,0,0
200,2587,201.31676790513237,99990,164,88,6,2,2008,944,0.029522952295229523,75,42,48251,49160,1503,707,0,0,0,0,0,0,97324,0,0,26,0,0,0,0,0,0,0,2640,0,0,0,0,0,0
201,2587,202.01665563341962,99990,165,89,6,2,2018,952,0.0297029702970297,82,40,48240,49156,1506,712,0,0,0,0,0,0,97308,0,0,26,0,0,0,0,0,0,0,2656,0,0,0,0,0,0
202,2587,203.06673163779138,99990,152,87,6,2,2031,966,0.029972997299729975,85,39,48233,49144,1523,727,0,0,0,0,0,0,97267,0,0,27,0,0,0,0,0,0,0,2696,0,0,0,0,0,0
203,2587,204.1171359597805,99990,153,85,6,2,2054,976,0.030303030303030304,93,39,48206,49137,1541,736,0,0,0,0,0,0,97235,0,0,29,0,0,0,0,0,0,0,2726,0,0,0,0,0,0
204,2587,205.16804118839755,99990,147,82,6,2,2077,986,0.030633063306330633,98,39,48182,49130,1566,746,0,0,0,0,0,0,97195,0,0,31,0,0,0,0,0,0,0,2764,0,0,0,0,0,0
205,2587,206.2195101208625,99990,157,75,6,2,2106,995,0.031013101310131012,95,46,48163,49118,1578,758,0,0,0,0,0,0,97161,0,0,32,0,0,0,0,0,0,0,2797,0,0,0,0,0,0
206,2587,207.27132003961617,99989,144,71,7,2,2127,1003,0.03130344337877167,95,61,48147,49098,1606,767,0,0,0,0,0,0,97116,0,0,33,0,0,0,0,0,0,0,2840,0,0,0,0,0,0
207,2587,208.32360958135533,99989,149,80,7,2,2156,1025,0.031813499484943344,90,47,48127,49093,1626,777,0,0,0,0,0,0,97079,0,0,33,0,0,0,0,0,0,0,2877,0,0,0,0,0,0
208,2587,209.02538323919808,99989,146,76,7,2,2172,1031,0.03203352368760563,96,49,48113,49089,1637,783,0,0,0,0,0,0,97051,0,0,34,0,0,0,0,0,0,0,2904,0,0,0,0,0,0
209,2587,210.07836721422882,99989,151,80,7,2,2198,1043,0.032413565492204144,93,49,48096,49083,1652,785,0,0,0,0,0,0,97023,0,0,35,0,0,0,0,0,0,0,2931,0,0,0,0,0,0
210,2587,211.1317217314831,99989,153,77,7,2,2218,1057,0.032753602896318595,97,44,48080,49074,1662,802,0,0,0,0,0,0,96988,0,0,35,0,0,0,0,0,0,0,2966,0,0,0,0,0,0
211,2587,212.18535583937847,99989,162,78,7,2,2244,1069,0.0331336447009171,86,47,48069,49062,1675,810,0,0,0,0,0,0,96961,0,0,36,0,0,0,0,0,0,0,2992,0,0,0,0,0,0
212,2587,213.23924207424074,99989,152,76,7,2,2262,1081,0.0334336777045475,96,52,48049,49048,1695,821,0,0,0,0,0,0,96919,0,0,36,0,0,0,0,0,0,0,3034,0,0,0,0,0,0
213,2587,214.2935475795872,99988,160,70,8,2,2293,1088,0.03381405768692243,88,53,48033,49042,1710,832,0,0,0,0,0,0,96884,0,0,37,0,0,0,0,0,0,0,3067,0,0,0,0,0,0
214,2587,215.34822869516324,99988,174,79,8,2,2323,1102,0.03425411049325919,85,52,48013,49031,1719,835,0,0,0,0,0,0,96863,0,0,37,0,0,0,0,0,0,0,3088,0,0,0,0,0,0
215,2587,216.05148522742576,99988,179,78,8,2,2337,1108,0.03445413449613954,89,57,48000,49022,1723,840,0,0,0,0,0,0,96848,0,0,38,0,0,0,0,0,0,0,3102,0,0,0,0,0,0
216,2587,217.10662421659356,99988,180,80,8,2,2363,1125,0.03488418610233228,86,59,47985,49006,1740,852,0,0,0,0,0,0,96809,0,0,39,0,0,0,0,0,0,0,3140,0,0,0,0,0,0
217,2587,218.16209140183358,99988,182,84,8,2,2396,1140,0.03536424370924511,77,60,47970,48995,1762,858,0,0,0,0,0,0,96769,0,0,41,0,0,0,0,0,0,0,3178,0,0,0,0,0,0
218,2587,219.2178980879168,99988,190,86,8,2,2423,1156,0.03579429531543785,75,54,47955,48987,1771,870,0,0,0,0,0,0,96736,0,0,41,0,0,0,0,0,0,0,3211,0,0,0,0,0,0
219,2587,220.27398637793502,99987,178,82,9,2,2440,1167,0.03607468970966225,87,55,47929,48979,1796,881,0,0,0,0,0,0,96692,0,0,41,0,0,0,0,0,0,0,3254,0,0,0,0,0,0
220,2587,221.33066930177884,99987,178,86,9,2,2466,1180,0.03646474041625411,91,50,47905,48977,1816,884,0,0,0,0,0,0,96658,0,0,42,0,0,0,0,0,0,0,3287,0,0,0,0,0,0
221,2587,222.0354046397178,99987,179,84,9,2,2483,1183,0.03666476641963455,90,57,47894,48968,1827,888,0,0,0,0,0,0,96638,0,0,43,0,0,0,0,0,0,0,3306,0,0,0,0,0,0
222,2587,223.0928307533892,99987,184,89,9,2,2512,1198,0.03710482362707152,86,50,47876,48962,1844,896,0,0,0,0,0,0,96605,0,0,44,0,0,0,0,0,0,0,3338,0,0,0,0,0,0
223,2587,224.15066129499303,99986,189,84,9,3,2541,1206,0.03747524653451483,83,55,47854,48950,1864,907,0,0,0,0,0,0,96569,0,0,45,0,0,0,0,0,0,0,3372,0,0,0,0,0,0
224,2587,225.20890485040084,99986,181,83,9,3,2559,1217,0.03776528714019963,87,59,47837,48940,1885,914,0,0,0,0,0,0,96531,0,0,45,0,0,0,0,0,0,0,3410,0,0,0,0,0,0
225,2587,226.26756088739603,99986,169,91,9,3,2575,1243,0.03818534594843278,93,54,47824,48922,1904,929,0,0,0,0,0,0,96487,0,0,47,0,0,0,0,0,0,0,3452,0,0,0,0,0,0
226,2587,227.3265887611123,99986,172,86,9,3,2602,1252,0.038545396355489765,86,57,47810,48915,1922,938,0,0,0,0,0,0,96449,0,0,47,0,0,0,0,0,0,0,3490,0,0,0,0,0,0
227,2587,228.03277160458447,99986,150,88,9,3,2610,1263,0.03873542295921429,95,53,47798,48909,1947,946,0,0,0,0,0,0,96412,0,0,49,0,0,0,0,0,0,0,3525,0,0,0,0,0,0
228,2587,229.0925207193971,99986,156,88,9,3,2634,1277,0.03911547616666333,97,49,47784,48902,1953,957,0,0,0,0,0,0,96380,0,0,49,0,0,0,0,0,0,0,3557,0,0,0,0,0,0
229,2587,230.15252398159578,99986,155,88,9,3,2661,1290,0.03951553217450443,93,49,47768,48891,1974,968,0,0,0,0,0,0,96341,0,0,51,0,0,0,0,0,0,0,3594,0,0,0,0,0,0
230,2587,231.21293995534745,99986,154,83,9,3,2682,1301,0.03983557698077731,103,51,47745,48881,1988,981,0,0,0,0,0,0,96303,0,0,51,0,0,0,0,0,0,0,3632,0,0,0,0,0,0
231,2587,232.27384224293624,99986,150,85,9,3,2707,1314,0.04021563018822635,107,51,47719,48871,2014,989,0,0,0,0,0,0,96263,0,0,51,0,0,0,0,0,0,0,3672,0,0,0,0,0,0
232,2587,233.33525532690336,99986,149,95,9,3,2733,1335,0.04068569599743964,108,50,47702,48854,2031,997,0,0,0,0,0,0,96226,0,0,52,0,0,0,0,0,0,0,3708,0,0,0,0,0,0
233,2587,234.04305433998414,99986,158,96,9,3,2757,1344,0.04101574220390855,103,45,47688,48852,2041,1003,0,0,0,0,0,0,96203,0,0,52,0,0,0,0,0,0,0,3731,0,0,0,0,0,0
234,2587,235.10505532286263,99986,172,93,9,3,2788,1357,0.041455803812533755,92,49,47677,48837,2049,1017,0,0,0,0,0,0,96170,0,0,52,0,0,0,0,0,0,0,3764,0,0,0,0,0,0
235,2587,236.16732902522045,99986,167,92,9,3,2811,1363,0.04174584441821855,93,60,47663,48825,2067,1019,0,0,0,0,0,0,96137,0,0,54,0,0,0,0,0,0,0,3795,0,0,0,0,0,0
236,2587,237.2299231366076,99986,171,94,9,3,2839,1375,0.042145900426059646,90,58,47652,48819,2077,1025,0,0,0,0,0,0,96104,0,0,55,0,0,0,0,0,0,0,3827,0,0,0,0,0,0
237,2587,238.29275834992256,99985,170,89,9,4,2860,1391,0.042516377456618494,99,58,47632,48805,2089,1043,0,0,0,0,0,0,96063,0,0,57,0,0,0,0,0,0,0,3865,0,0,0,0,0,0
238,2587,239.00151602546063,99985,165,86,9,4,2874,1397,0.04271640746111917,111,64,47611,48796,2103,1049,0,0,0,0,0,0,96035,0,0,57,0,0,0,0,0,0,0,3893,0,0,0,0,0,0
239,2587,240.06505488562635,99985,176,97,9,4,2906,1414,0.04320648097214582,102,59,47597,48786,2115,1053,0,0,0,0,0,0,96009,0,0,58,0,0,0,0,0,0,0,3918,0,0,0,0,0,0
240,2587,241.1289407672715,99985,182,96,9,4,2948,1426,0.04374656198429765,94,61,47568,48776,2146,1062,0,0,0,0,0,0,95960,0,0,58,0,0,0,0,0,0,0,3967,0,0,0,0,0,0
241,2587,242.19340839900633,99985,184,97,9,4,2979,1444,0.0442366354953243,79,58,47554,48763,2173,1077,0,0,0,0,0,0,95916,0,0,60,0,0,0,0,0,0,0,4009,0,0,0,0,0,0
242,2587,243.25834261884208,99985,180,100,9,4,2999,1461,0.04460669100365055,87,55,47532,48750,2191,1090,0,0,0,0,0,0,95879,0,0,61,0,0,0,0,0,0,0,4045,0,0,0,0,0,0
243,2587,244.3237209558701,99985,182,99,9,4,3025,1473,0.04498674801220183,92,58,47507,48735,2209,1103,0,0,0,0,0,0,95842,0,0,61,0,0,0,0,0,0,0,4082,0,0,0,0,0,0
244,2587,245.03425327225594,99985,175,100,9,4,3036,1483,0.04519677951692754,101,51,47493,48738,2221,1106,0,0,0,0,0,0,95815,0,0,61,0,0,0,0,0,0,0,4109,0,0,0,0,0,0
245,2587,246.10047979984068,99985,162,93,9,4,3057,1492,0.04549682452367855,109,55,47478,48735,2241,1112,0,0,0,0,0,0,95766,0,0,62,0,0,0,0,0,0,0,4157,0,0,0,0,0,0
246,2587,247.16708297348438,99985,166,100,9,4,3085,1514,0.04599689953493024,111,49,47464,48723,2249,1123,0,0,0,0,0,0,95728,0,0,63,0,0,0,0,0,0,0,4194,0,0,0,0,0,0
247,2587,248.2339298627336,99985,181,92,9,4,3116,1526,0.046426964044606694,112,48,47446,48715,2251,1140,0,0,0,0,0,0,95693,0,0,64,0,0,0,0,0,0,0,4228,0,0,0,0,0,0
248,2587,249.30110402075755,99985,165,87,9,4,3146,1535,0.046817022553383006,109,50,47428,48709,2288,1149,0,0,0,0,0,0,95633,0,0,64,0,0,0,0,0,0,0,4288,0,0,0,0,0,0
249,2587,250.01287318119998,99985,166,88,9,4,3165,1544,0.04709706455968395,109,52,47413,48698,2302,1157,0,0,0,0,0,0,95608,0,0,65,0,0,0,0,0,0,0,4312,0,0,0,0,0,0
250,2587,251.08092928671385,99985,159,87,9,4,3191,1558,0.0474971245686853,108,52,47402,48689,2321,1167,0,0,0,0,0,0,95561,0,0,66,0,0,0,0,0,0,0,4358,0,0,0,0,0,0
251,2587,252.14933889852523,99984,168,90,10,4,3226,1575,0.04801768282925268,107,47,47375,48684,2339,1174,0,0,0,0,0,0,95523,0,0,68,0,0,0,0,0,0,0,4393,0,0,0,0,0,0
252,2587,253.21825345699307,99984,172,92,10,4,3263,1591,0.04854776764282285,102,43,47351,48676,2364,1184,0,0,0,0,0,0,95480,0,0,72,0,0,0,0,0,0,0,4432,0,0,0,0,0,0
253,2587,254.2877529513133,99984,170,86,10,4,3291,1603,0.04894783165306449,105,45,47331,48666,2383,1198,0,0,0,0,0,0,95435,0,0,75,0,0,0,0,0,0,0,4474,0,0,0,0,0,0
254,2587,255.00102262517575,99984,176,92,10,4,3308,1615,0.04923787806048968,111,46,47321,48654,2381,1203,0,0,0,0,0,0,95419,0,0,76,0,0,0,0,0,0,0,4489,0,0,0,0,0,0
255,2587,256.0710604703972,99984,179,80,10,4,3339,1623,0.04962794047047528,100,56,47308,48640,2402,1219,0,0,0,0,0,0,95374,0,0,79,0,0,0,0,0,0,0,4531,0,0,0,0,0,0
256,2587,257.14151517483873,99984,183,85,10,4,3372,1638,0.05010801728276524,90,56,47290,48626,2426,1228,0,0,0,0,0,0,95337,0,0,81,0,0,0,0,0,0,0,4566,0,0,0,0,0,0
257,2587,258.2124005622769,99983,177,83,11,4,3400,1652,0.050528589860276245,91,62,47268,48609,2452,1241,0,0,0,0,0,0,95288,0,0,82,0,0,0,0,0,0,0,4613,0,0,0,0,0,0
258,2587,259.28378077926715,99983,160,85,11,4,3427,1666,0.05093865957212726,89,62,47249,48600,2490,1248,0,0,0,0,0,0,95234,0,0,84,0,0,0,0,0,0,0,4665,0,0,0,0,0,0
259,2587,260.35579612615186,99983,156,81,11,4,3444,1679,0.051238710580798735,106,65,47223,48591,2503,1258,0,0,0,0,0,0,95200,0,0,88,0,0,0,0,0,0,0,4695,0,0,0,0,0,0
260,2587,261.07074208789373,99983,171,80,11,4,3469,1691,0.05160877349149355,95,63,47217,48582,2505,1270,0,0,0,0,0,0,95178,0,0,89,0,0,0,0,0,0,0,4716,0,0,0,0,0,0
261,2587,262.143388472164,99982,160,82,12,4,3490,1707,0.05197935628413115,94,56,47206,48580,2527,1277,0,0,0,0,0,0,95133,0,0,90,0,0,0,0,0,0,0,4759,0,0,0,0,0,0
262,2587,263.216335995464,99982,166,80,12,4,3515,1723,0.05238943009741753,96,49,47188,48574,2537,1292,0,0,0,0,0,0,95097,0,0,91,0,0,0,0,0,0,0,4794,0,0,0,0,0,0
263,2587,264.2896480316411,99982,171,83,12,4,3539,1734,0.052739493108759576,110,56,47163,48561,2543,1295,0,0,0,0,0,0,95071,0,0,92,0,0,0,0,0,0,0,4819,0,0,0,0,0,0
264,2587,265.00538476902386,99981,173,93,13,4,3557,1750,0.05308008521619108,109,45,47153,48558,2551,1299,0,0,0,0,0,0,95050,0,0,93,0,0,0,0,0,0,0,4838,0,0,0,0,0,0
265,2587,266.07924002147286,99981,183,101,13,4,3586,1766,0.05353017073243917,107,42,47136,48546,2560,1306,0,0,0,0,0,0,95024,0,0,94,0,0,0,0,0,0,0,4863,0,0,0,0,0,0
266,2587,267.1533404669182,99981,186,99,13,4,3611,1781,0.053930246746881905,108,46,47123,48532,2569,1318,0,0,0,0,0,0,94986,0,0,95,0,0,0,0,0,0,0,4900,0,0,0,0,0,0
267,2587,268.2277183227294,99981,187,97,13,4,3645,1794,0.05440033606385213,107,48,47104,48525,2588,1325,0,0,0,0,0,0,94940,0,0,97,0,0,0,0,0,0,0,4944,0,0,0,0,0,0
268,2587,269.3025225777701,99981,185,102,13,4,3672,1808,0.05481041397865594,115,44,47080,48520,2606,1329,0,0,0,0,0,0,94902,0,0,97,0,0,0,0,0,0,0,4982,0,0,0,0,0,0
269,2587,270.0193326189594,99981,186,98,13,4,3697,1814,0.05512047288984907,110,49,47066,48514,2624,1334,0,0,0,0,0,0,94871,0,0,100,0,0,0,0,0,0,0,5010,0,0,0,0,0,0
270,2587,271.0949802411567,99981,181,92,13,4,3725,1824,0.05550054510356968,112,58,47044,48502,2649,1343,0,0,0,0,0,0,94823,0,0,101,0,0,0,0,0,0,0,5057,0,0,0,0,0,0
271,2587,272.17115483848374,99981,179,98,13,4,3752,1848,0.05601064202198418,108,55,47028,48484,2671,1358,0,0,0,0,0,0,94777,0,0,102,0,0,0,0,0,0,0,5102,0,0,0,0,0,0
272,2587,273.24772649208705,99981,188,92,13,4,3789,1858,0.0564807313389544,102,61,47006,48476,2690,1366,0,0,0,0,0,0,94734,0,0,103,0,0,0,0,0,0,0,5144,0,0,0,0,0,0
273,2587,274.32478670635834,99981,188,101,13,4,3815,1876,0.05692081495484142,110,61,46975,48463,2713,1370,0,0,0,0,0,0,94700,0,0,104,0,0,0,0,0,0,0,5177,0,0,0,0,0,0
274,2587,275.04315832431047,99981,192,98,13,4,3834,1886,0.05721087006531241,119,61,46948,48455,2727,1381,0,0,0,0,0,0,94673,0,0,105,0,0,0,0,0,0,0,5203,0,0,0,0,0,0
275,2587,276.12125675395004,99980,193,98,13,5,3864,1900,0.05765153030606121,118,65,46930,48444,2745,1387,0,0,0,0,0,0,94631,0,0,106,0,0,0,0,0,0,0,5243,0,0,0,0,0,0
276,2587,277.199802693771,99979,189,94,14,5,3886,1911,0.057982176257013976,122,64,46912,48442,2762,1394,0,0,0,0,0,0,94592,0,0,108,0,0,0,0,0,0,0,5279,0,0,0,0,0,0
277,2587,278.2787715973251,99978,187,99,14,6,3918,1929,0.058482866230570724,125,60,46888,48433,2785,1401,0,0,0,0,0,0,94545,0,0,108,0,0,0,0,0,0,0,5325,0,0,0,0,0,0
278,2587,279.35818643927547,99978,197,95,14,6,3954,1943,0.058982976254776054,118,66,46875,48418,2795,1414,0,0,0,0,0,0,94503,0,0,110,0,0,0,0,0,0,0,5365,0,0,0,0,0,0
279,2587,280.0779442659614,99978,186,94,14,6,3971,1956,0.059283042269299244,117,62,46863,48413,2819,1424,0,0,0,0,0,0,94461,0,0,110,0,0,0,0,0,0,0,5407,0,0,0,0,0,0
280,2587,281.15803429308346,99978,181,95,14,6,3995,1972,0.059683130288663504,124,62,46846,48406,2834,1430,0,0,0,0,0,0,94420,0,0,113,0,0,0,0,0,0,0,5445,0,0,0,0,0,0
281,2587,282.23859137564176,99978,183,100,14,6,4027,1991,0.06019324251335294,117,57,46830,48399,2855,1437,0,0,0,0,0,0,94376,0,0,113,0,0,0,0,0,0,0,5489,0,0,0,0,0,0
282,2587,283.31949633282085,99978,187,107,14,6,4062,2011,0.06074336353997879,110,57,46816,48384,2872,1445,0,0,0,0,0,0,94333,0,0,114,0,0,0,0,0,0,0,5531,0,0,0,0,0,0
283,2587,284.0402667017786,99978,179,105,14,6,4074,2024,0.06099341855208146,122,52,46801,48378,2883,1458,0,0,0,0,0,0,94300,0,0,116,0,0,0,0,0,0,0,5562,0,0,0,0,0,0
284,2587,285.12188636373685,99978,186,111,14,6,4103,2041,0.06145351977435036,131,50,46773,48368,2895,1464,0,0,0,0,0,0,94269,0,0,118,0,0,0,0,0,0,0,5591,0,0,0,0,0,0
285,2587,286.2039425199953,99978,200,111,14,6,4138,2059,0.061983636400008,125,47,46761,48353,2899,1482,0,0,0,0,0,0,94230,0,0,118,0,0,0,0,0,0,0,5630,0,0,0,0,0,0
286,2587,287.2862252853555,99978,207,111,14,6,4174,2078,0.06253375742663386,123,48,46733,48339,2922,1495,0,0,0,0,0,0,94184,0,0,120,0,0,0,0,0,0,0,5674,0,0,0,0,0,0
287,2587,288.0080212933695,99978,210,109,14,6,4199,2087,0.06287383224309348,112,51,46730,48329,2933,1504,0,0,0,0,0,0,94152,0,0,121,0,0,0,0,0,0,0,5705,0,0,0,0,0,0
288,2587,289.09104975504965,99978,213,108,14,6,4231,2100,0.06332393126487827,121,51,46702,48324,2949,1510,0,0,0,0,0,0,94110,0,0,122,0,0,0,0,0,0,0,5746,0,0,0,0,0,0
289,2587,290.17453409915925,99978,208,109,14,6,4261,2113,0.06375402588569486,116,56,46689,48311,2972,1517,0,0,0,0,0,0,94066,0,0,125,0,0,0,0,0,0,0,5787,0,0,0,0,0,0
290,2587,291.2584280324763,99978,213,107,14,6,4297,2129,0.0642741403108684,110,60,46674,48296,2988,1530,0,0,0,0,0,0,94019,0,0,127,0,0,0,0,0,0,0,5832,0,0,0,0,0,0
291,2587,292.3426631891952,99978,206,114,14,6,4325,2153,0.06479425473604193,110,53,46659,48291,3010,1535,0,0,0,0,0,0,93968,0,0,128,0,0,0,0,0,0,0,5882,0,0,0,0,0,0
292,2587,293.06569026687384,99978,206,108,14,6,4349,2160,0.06510432295104923,105,56,46651,48285,3023,1544,0,0,0,0,0,0,93934,0,0,131,0,0,0,0,0,0,0,5913,0,0,0,0,0,0
293,2587,294.15061829987064,99978,203,102,14,6,4381,2172,0.06554441977234991,101,58,46634,48281,3047,1552,0,0,0,0,0,0,93884,0,0,134,0,0,0,0,0,0,0,5960,0,0,0,0,0,0
294,2587,295.2360382133004,99978,205,102,14,6,4412,2190,0.06603452759607113,100,53,46616,48277,3064,1561,0,0,0,0,0,0,93838,0,0,135,0,0,0,0,0,0,0,6005,0,0,0,0,0,0
295,2587,296.32188288568386,99978,205,97,14,6,4443,2199,0.0664346156154354,96,63,46599,48267,3085,1566,0,0,0,0,0,0,93794,0,0,136,0,0,0,0,0,0,0,6048,0,0,0,0,0,0
296,2587,297.04601848058434,99978,205,103,14,6,4463,2211,0.06675468603092681,100,64,46583,48257,3097,1569,0,0,0,0,0,0,93769,0,0,137,0,0,0,0,0,0,0,6072,0,0,0,0,0,0
297,2587,298.1326540873639,99978,202,110,14,6,4485,2229,0.06715477405029106,115,58,46560,48254,3108,1571,0,0,0,0,0,0,93737,0,0,141,0,0,0,0,0,0,0,6100,0,0,0,0,0,0
298,2587,299.2196696755881,99978,203,112,14,6,4516,2242,0.06759487087159174,112,66,46543,48236,3127,1579,0,0,0,0,0,0,93698,0,0,143,0,0,0,0,0,0,0,6137,0,0,0,0,0,0
299,2587,300.3070244022114,99977,198,115,15,6,4548,2263,0.06812566890384789,123,66,46514,48222,3149,1590,0,0,0,0,0,0,93643,0,0,143,0,0,0,0,0,0,0,6191,0,0,0,0,0,0
300,2587,301.03227474266333,99977,193,110,15,6,4575,2274,0.0685057563239545,119,71,46497,48207,3175,1605,0,0,0,0,0,0,93597,0,0,145,0,0,0,0,0,0,0,6235,0,0,0,0,0,0
301,2587,302.1207073621965,99977,200,115,15,6,4612,2296,0.06909589205517269,118,64,46471,48196,3195,1618,0,0,0,0,0,0,93551,0,0,146,0,0,0,0,0,0,0,6280,0,0,0,0,0,0
302,2587,303.20970007794995,99977,205,114,15,6,4654,2310,0.06965602088480351,115,65,46441,48188,3223,1626,0,0,0,0,0,0,93500,0,0,147,0,0,0,0,0,0,0,6330,0,0,0,0,0,0
303,2587,304.29934983374744,99977,195,108,15,6,4680,2324,0.07005611290596837,129,63,46416,48189,3244,1633,0,0,0,0,0,0,93447,0,0,150,0,0,0,0,0,0,0,6380,0,0,0,0,0,0
304,2587,305.02613369186633,99976,190,106,15,7,4695,2336,0.0703268784508282,135,60,46398,48185,3261,1641,0,0,0,0,0,0,93414,0,0,151,0,0,0,0,0,0,0,6411,0,0,0,0,0,0
305,2587,306.11682480482244,99976,185,104,15,7,4729,2351,0.07081699607905897,133,59,46373,48177,3293,1652,0,0,0,0,0,0,93360,0,0,153,0,0,0,0,0,0,0,6463,0,0,0,0,0,0
306,2587,307.20819694553893,99976,200,96,15,7,4770,2361,0.07132711850844202,114,59,46369,48176,3301,1661,0,0,0,0,0,0,93317,0,0,154,0,0,0,0,0,0,0,6505,0,0,0,0,0,0
307,2587,308.299881405213,99976,205,93,15,7,4802,2382,0.07185724573897735,114,58,46346,48161,3319,1680,0,0,0,0,0,0,93266,0,0,154,0,0,0,0,0,0,0,6556,0,0,0,0,0,0
308,2587,309.0278622073002,99976,202,104,15,7,4820,2400,0.07221733215971833,110,52,46338,48151,3334,1685,0,0,0,0,0,0,93241,0,0,157,0,0,0,0,0,0,0,6578,0,0,0,0,0,0
309,2587,310.12013003167476,99976,213,107,15,7,4858,2414,0.07273745698967753,103,53,46319,48140,3349,1692,0,0,0,0,0,0,93206,0,0,160,0,0,0,0,0,0,0,6610,0,0,0,0,0,0
310,2587,311.21279949951554,99976,202,105,15,7,4887,2427,0.07315755781387533,99,55,46312,48132,3371,1700,0,0,0,0,0,0,93152,0,0,161,0,0,0,0,0,0,0,6663,0,0,0,0,0,0
311,2587,312.3057982974373,99976,203,98,15,7,4917,2440,0.07358766103864928,97,59,46292,48119,3392,1716,0,0,0,0,0,0,93105,0,0,163,0,0,0,0,0,0,0,6708,0,0,0,0,0,0
312,2587,313.0347331681481,99976,201,93,15,7,4933,2449,0.07383772105305274,100,57,46279,48118,3404,1724,0,0,0,0,0,0,93075,0,0,165,0,0,0,0,0,0,0,6736,0,0,0,0,0,0
313,2587,314.1286036389844,99976,193,94,15,7,4958,2462,0.07421781227494599,110,64,46258,48107,3423,1727,0,0,0,0,0,0,93033,0,0,168,0,0,0,0,0,0,0,6775,0,0,0,0,0,0
314,2587,315.2229748849071,99975,195,91,16,7,4987,2476,0.07464866216554139,106,62,46243,48106,3439,1733,0,0,0,0,0,0,92991,0,0,170,0,0,0,0,0,0,0,6814,0,0,0,0,0,0
315,2587,316.31769399571976,99975,188,96,16,7,5016,2497,0.0751487871967992,104,56,46227,48096,3464,1744,0,0,0,0,0,0,92942,0,0,173,0,0,0,0,0,0,0,6860,0,0,0,0,0,0
316,2587,317.04775745712146,99975,181,89,16,7,5029,2506,0.07536884221055264,113,60,46217,48088,3472,1755,0,0,0,0,0,0,92907,0,0,174,0,0,0,0,0,0,0,6894,0,0,0,0,0,0
317,2587,318.1431199981426,99975,186,90,16,7,5063,2522,0.07586896724181046,105,55,46208,48083,3484,1764,0,0,0,0,0,0,92865,0,0,176,0,0,0,0,0,0,0,6934,0,0,0,0,0,0
318,2587,319.23880733831805,99974,183,95,17,7,5089,2544,0.07634985096124992,100,51,46200,48073,3499,1773,0,0,0,0,0,0,92822,0,0,179,0,0,0,0,0,0,0,6973,0,0,0,0,0,0
319,2587,320.33477222518263,99973,198,90,18,7,5128,2557,0.07687075510387804,88,59,46190,48056,3504,1786,1,1,1,1,0,0,92778,0,0,179,0,0,0,0,0,0,2,7014,0,0,0,0,0,0
320,2587,321.0655308733916,99973,199,90,18,7,5135,2565,0.077020795614816,96,57,46178,48052,3506,1791,2,2,2,2,0,0,92763,0,0,179,0,0,0,0,0,0,3,7027,1,0,0,0,0,0
321,2587,322.34880420080657,99973,205,92,18,7,5181,2582,0.0776509657607554,90,66,46149,48032,3534,1799,3,3,3,3,0,0,92707,0,0,180,0,0,0,0,0,0,5,7080,1,0,0,0,0,0
322,2587,323.11855694749056,99973,194,95,18,7,5191,2592,0.07785101977533934,100,63,46138,48027,3545,1803,4,4,4,4,0,0,92680,0,0,183,0,0,0,0,0,0,7,7102,1,0,0,0,0,0
323,2587,324.00875582848647,99972,199,101,19,7,5218,2607,0.07827191613651822,101,60,46124,48020,3551,1806,5,5,5,5,0,0,92647,0,0,183,0,0,0,0,0,0,9,7132,1,0,0,0,0,0
324,2587,325.13429792360705,99972,198,103,19,7,5249,2619,0.07870203657023966,105,64,46096,48010,3575,1809,6,6,6,6,0,0,92605,0,0,185,0,0,0,0,0,0,11,7170,1,0,0,0,0,0
325,2587,326.01546401707685,99972,204,100,19,7,5278,2628,0.07908214300004002,106,66,46074,48002,3589,1816,7,8,8,7,0,0,92567,0,0,185,0,0,0,0,0,0,14,7205,1,0,0,0,0,0
326,2587,327.04281518728254,99972,203,97,19,7,5319,2647,0.07968231104709318,92,70,46060,47986,3617,1829,8,10,10,8,0,0,92504,0,0,188,0,0,0,0,0,0,16,7262,2,0,0,0,0,0
327,2587,328.056841008522,99972,206,92,19,7,5340,2656,0.07998239507061977,89,67,46047,47982,3630,1839,8,12,12,9,0,0,92470,0,0,189,0,0,0,0,0,0,19,7292,2,0,0,0,0,0
328,2587,329.128365268941,99971,198,96,19,8,5364,2674,0.08040331696191895,99,67,46025,47967,3649,1846,9,15,15,10,0,0,92421,0,0,190,0,0,0,0,0,0,23,7335,2,0,0,0,0,0
329,2587,330.047664581787,99970,195,98,20,8,5390,2687,0.08079423827148144,93,66,46020,47954,3661,1855,10,18,18,11,0,0,92377,0,0,190,0,0,0,0,0,0,27,7374,2,0,0,0,0,0
330,2587,331.0365267108931,99970,197,93,20,8,5422,2696,0.08120436130839252,93,85,46000,47928,3678,1863,11,22,22,12,0,0,92330,0,0,191,0,0,0,0,0,0,31,7415,3,0,0,0,0,0
331,2587,332.0851663654588,99970,195,100,20,8,5450,2712,0.0816444933480044,90,82,45991,47914,3691,1868,12,27,27,13,0,0,92288,0,0,193,0,0,0,0,0,0,36,7449,4,0,0,0,0,0
332,2587,333.02572008334397,99970,191,101,20,8,5469,2734,0.08205461638491547,102,76,45971,47898,3702,1884,13,32,32,14,0,0,92240,0,0,195,0,0,0,0,0,0,42,7489,4,0,0,0,0,0
333,2587,334.0152704669347,99970,187,102,20,8,5493,2750,0.08245473642092628,103,73,45958,47886,3717,1892,14,38,38,15,0,0,92193,0,0,197,0,0,0,0,0,0,48,7527,5,0,0,0,0,0
334,2587,335.0083740285396,99970,193,98,20,8,5521,2763,0.08286485945783735,104,80,45944,47869,3723,1899,15,45,45,16,0,0,92148,0,0,199,0,0,0,0,0,0,56,7562,5,0,0,0,0,0
335,2587,336.0232671718537,99970,202,96,20,8,5551,2776,0.08329498849654897,105,78,45925,47854,3731,1910,16,53,53,17,0,0,92104,0,0,200,0,0,0,0,0,0,65,7596,5,0,0,0,0,0
336,2587,337.059764510602,99970,207,101,20,8,5583,2795,0.08380514154246274,104,74,45906,47841,3745,1913,17,62,62,18,0,0,92058,0,0,205,0,0,0,0,0,0,75,7627,5,0,0,0,0,0
337,2587,338.03784260768896,99970,210,113,20,8,5618,2821,0.08441532459737922,100,58,45901,47825,3750,1923,18,72,72,19,0,0,92004,0,0,208,0,0,0,0,0,0,86,7667,5,0,0,0,0,0
338,2587,339.08485888576445,99970,206,113,20,8,5637,2839,0.0847854356306892,103,56,45895,47799,3756,1940,19,83,83,20,0,0,91953,0,0,210,0,0,0,0,0,0,98,7704,5,0,0,0,0,0
339,2587,340.016651643368,99970,195,112,20,8,5659,2858,0.08519555866760029,108,58,45880,47773,3776,1953,20,95,95,21,0,0,91891,0,0,213,0,0,0,0,0,0,110,7750,6,0,0,0,0,0
340,2587,341.01672566531283,99969,186,114,20,9,5686,2873,0.0856165411277496,113,56,45858,47752,3801,1960,21,108,108,22,0,0,91831,0,0,214,0,0,0,0,0,0,122,7794,8,0,0,0,0,0
341,2587,342.13800157550793,99968,177,118,21,9,5719,2899,0.08620758642765686,121,43,45836,47737,3821,1970,23,122,122,24,0,0,91752,0,0,215,0,0,0,0,0,0,138,7855,8,0,0,0,0,0
342,2587,343.24228188143513,99968,185,107,21,9,5750,2909,0.08661771766965429,110,51,45834,47711,3824,1984,25,137,137,26,0,0,91692,0,0,215,0,0,0,0,0,0,154,7898,9,0,0,0,0,0
343,2587,344.34676650081593,99968,172,106,21,9,5771,2926,0.08699783930857874,114,58,45818,47680,3847,1992,27,154,154,28,0,0,91624,0,0,217,0,0,0,0,0,0,172,7945,10,0,0,0,0,0
344,2587,345.0833002445236,99968,177,106,21,9,5796,2934,0.08732794494238157,108,63,45806,47655,3858,1995,29,171,172,30,0,0,91577,0,0,218,0,0,0,0,0,0,192,7971,10,0,0,0,0,0
345,2587,346.188468522521,99968,176,113,21,9,5826,2958,0.08786811779769527,102,58,45789,47623,3880,2006,31,190,192,32,0,0,91512,0,0,223,0,0,0,0,0,0,214,8009,10,0,0,0,0,0
346,2587,347.29411269598603,99968,182,114,21,9,5856,2975,0.08833826824583867,105,56,45768,47597,3890,2012,33,211,213,34,0,0,91453,0,0,224,0,0,0,0,0,0,234,8044,13,0,0,0,0,0
347,2587,348.031448387822,99968,187,116,21,9,5880,2987,0.08869838348271447,105,60,45756,47562,3894,2018,36,234,236,37,0,0,91399,0,0,225,0,0,0,0,0,0,260,8071,13,0,0,0,0,0
348,2587,349.13773040455646,99968,195,120,21,9,5914,3008,0.0892485595390525,110,58,45734,47524,3900,2030,39,258,260,40,0,0,91332,0,0,228,0,0,0,0,0,0,287,8108,13,0,0,0,0,0
349,2587,350.2443781569264,99968,198,114,21,9,5948,3020,0.08970870678617157,109,59,45718,47493,3911,2040,42,284,286,43,0,0,91258,0,0,230,0,0,0,0,0,0,314,8151,15,0,0,0,0,0
350,2587,351.35146167899586,99968,190,110,21,9,5981,3037,0.09020886683738796,105,59,45705,47457,3934,2053,44,311,314,46,0,0,91169,0,0,234,0,0,0,0,0,0,345,8205,15,0,0,0,0,0
351,2587,352.08973021958656,99968,188,111,21,9,6000,3050,0.09052896927016646,107,58,45689,47418,3946,2063,48,340,343,50,0,0,91106,0,0,236,0,0,0,0,0,0,377,8233,16,0,0,0,0,0
352,2587,353.1975979795558,99968,193,106,21,9,6034,3062,0.09098911651728553,100,59,45672,47383,3961,2075,52,367,374,54,0,0,91028,0,0,237,0,0,0,0,0,0,410,8275,18,0,0,0,0,0
353,2587,354.3059845836827,99967,194,108,22,9,6068,3083,0.09154020826872868,106,66,45645,47327,3976,2091,56,398,407,58,0,0,90943,0,0,241,0,0,0,0,0,0,447,8318,18,0,0,0,0,0
354,2587,355.0451792988875,99967,202,117,22,9,6097,3102,0.09202036672101793,96,59,45629,47287,3989,2096,61,431,442,63,0,0,90875,0,0,242,0,0,0,0,0,0,485,8345,20,0,0,0,0,0
355,2587,356.1544601470563,99967,191,122,22,9,6123,3116,0.09242049876459231,103,59,45611,47239,4006,2102,66,468,479,68,0,0,90792,0,0,245,0,0,0,0,0,0,525,8383,22,0,0,0,0,0
356,2587,357.26417593579555,99967,185,126,22,9,6146,3138,0.0928706473136135,107,51,45590,47192,4024,2114,71,507,518,73,0,0,90703,0,0,247,0,0,0,0,0,0,569,8426,22,0,0,0,0,0
357,2587,358.0042927138829,99967,180,125,22,9,6171,3148,0.09322076285174108,103,49,45574,47152,4044,2118,76,546,559,79,0,0,90622,0,0,251,0,0,0,0,0,0,613,8456,25,0,0,0,0,0
358,2587,359.1149915065101,99966,184,119,23,9,6202,3156,0.09361182802152732,105,57,45555,47107,4050,2121,82,586,602,85,0,0,90538,0,0,253,0,0,0,0,0,0,658,8489,28,0,0,0,0,0
359,2587,360.22616345626125,99966,183,117,23,9,6228,3173,0.09404197427125223,120,61,45526,47053,4060,2131,87,628,647,91,0,0,90447,0,0,256,0,0,0,0,0,0,706,8526,31,0,0,0,0,0
360,2587,361.33781735696107,99966,172,118,23,9,6256,3192,0.0945121341256027,120,69,45509,46987,4081,2142,94,674,695,98,0,0,90341,0,0,257,0,0,0,0,0,0,756,8576,36,0,0,0,0,0
361,2587,362.07922012147816,99966,163,112,23,9,6273,3205,0.0948122361602945,115,70,45503,46938,4094,2150,101,720,745,105,0,0,90247,0,0,259,0,0,0,0,0,0,807,8611,42,0,0,0,0,0
362,2587,363.19178015921455,99966,167,109,23,9,6306,3221,0.09530240281695776,108,72,45484,46881,4109,2160,108,768,797,113,0,0,90145,0,0,262,0,0,0,0,0,0,864,8650,45,0,0,0,0,0
363,2587,364.3048697405528,99965,162,105,24,9,6336,3237,0.09576351723103087,103,68,45467,46826,4127,2170,116,821,852,121,0,0,90035,0,0,264,0,0,0,0,0,0,921,8694,51,0,0,0,0,0
364,2587,365.04727662688157,99965,172,105,24,9,6359,3251,0.09613364677637173,97,62,45454,46778,4127,2172,125,873,909,130,0,0,89952,0,0,267,0,0,0,0,0,0,980,8708,58,0,0,0,0,0
365,2587,366.16118387471505,99965,179,111,24,9,6384,3272,0.09659380783274146,100,56,45434,46715,4129,2178,133,930,968,139,0,0,89861,0,0,272,0,0,0,0,0,0,1043,8726,63,0,0,0,0,0
366,2587,367.27545365285647,99965,186,112,24,9,6415,3288,0.09706397239033662,95,60,45415,46655,4138,2176,141,987,1030,149,0,0,89755,0,0,272,0,0,0,0,0,0,1110,8760,68,0,0,0,0,0
367,2587,368.0185047569161,99965,183,111,24,9,6439,3298,0.0974040914320012,95,58,45404,46597,4141,2177,152,1047,1094,160,0,0,89656,0,0,273,0,0,0,0,0,0,1172,8783,81,0,0,0,0,0
368,2587,369.1335069757806,99965,175,110,24,9,6465,3315,0.09783424198469465,91,56,45392,46534,4154,2180,163,1110,1161,171,0,0,89538,0,0,275,0,0,0,0,0,0,1240,8821,91,0,0,0,0,0
369,2587,370.2489732768151,99965,176,111,24,9,6491,3335,0.09829440304106438,90,53,45375,46464,4160,2183,174,1179,1231,183,0,0,89420,0,0,276,1,0,0,0,0,0,1316,8856,96,0,0,0,0,0
370,2587,371.364885951135,99965,170,112,24,9,6511,3350,0.09864452558395438,106,50,45343,46392,4171,2191,185,1245,1303,195,0,0,89302,0,0,278,1,0,0,0,0,0,1396,8888,100,0,0,0,0,0
371,2587,372.1092098887408,99965,177,111,24,9,6530,3362,0.09895463412194268,105,52,45325,46315,4170,2195,198,1317,1378,208,0,0,89191,0,0,279,1,0,0,0,0,0,1483,8910,101,0,0,0,0,0
372,2587,373.22615910730997,99964,164,118,24,10,6549,3384,0.09936577167780401,113,43,45298,46244,4189,2191,211,1393,1456,222,0,0,89064,0,0,280,1,0,0,0,0,0,1564,8943,112,0,0,0,0,0
373,2587,374.34373514928654,99964,160,118,24,10,6574,3396,0.09973590492577328,108,48,45286,46166,4196,2188,225,1469,1536,236,0,0,88940,0,0,283,1,0,0,0,0,0,1650,8970,120,0,0,0,0,0
374,2587,375.08904892024634,99964,160,110,24,10,6589,3407,0.09999599855948141,114,50,45257,46083,4204,2199,240,1547,1619,251,0,0,88815,0,0,285,1,0,0,0,0,0,1743,8995,125,0,0,0,0,0
375,2587,376.2077074080213,99964,172,108,24,10,6629,3424,0.10056620383338001,104,48,45240,46002,4204,2206,255,1625,1705,267,0,0,88679,0,0,286,1,0,0,0,0,0,1833,9028,137,0,0,0,0,0
376,2587,377.3268619848134,99964,169,110,24,10,6658,3441,0.10102636949301749,99,48,45217,45923,4218,2202,272,1706,1794,284,0,0,88549,0,0,292,2,0,0,0,0,0,1923,9046,152,0,0,0,0,0
377,2587,378.0732722541537,99964,170,109,24,10,6679,3450,0.10132647753191149,100,49,45192,45836,4223,2201,290,1794,1885,302,0,0,88421,0,0,294,2,0,0,0,0,0,2023,9063,161,0,0,0,0,0
378,2587,379.19356336659814,99964,168,104,24,10,6701,3463,0.10167660357728782,102,47,45175,45752,4222,2205,308,1881,1979,320,0,0,88277,0,0,295,2,0,0,0,0,0,2126,9094,170,0,0,0,0,0
379,2587,380.31440133232616,99963,169,104,25,10,6728,3479,0.10210777987855507,97,46,45147,45661,4235,2206,326,1972,2076,339,0,0,88134,0,0,298,4,0,0,0,0,0,2233,9116,178,0,0,0,0,0
380,2587,381.06199700896326,99963,168,100,25,10,6743,3487,0.10233786501005372,98,54,45128,45563,4236,2204,344,2068,2176,359,0,0,87999,0,0,300,4,0,0,0,0,0,2342,9129,189,0,0,0,0,0
381,2587,382.18395529380086,99963,166,107,25,10,6765,3507,0.102758020467573,100,54,45109,45463,4235,2201,364,2164,2279,380,0,0,87853,0,0,304,4,0,0,0,0,0,2455,9147,200,0,0,0,0,0
382,2587,383.30639143563013,99963,172,112,25,10,6798,3527,0.10328821664015686,92,53,45076,45359,4249,2208,385,2257,2385,402,0,0,87696,0,0,308,4,0,0,0,0,0,2574,9172,209,0,0,0,0,0
383,2587,384.05512845230965,99963,177,109,25,10,6816,3536,0.10355831657713353,92,56,45053,45254,4244,2213,408,2357,2494,425,0,0,87549,0,0,308,4,0,0,0,0,0,2696,9187,219,0,0,0,0,0
384,2587,385.17893481601004,99963,176,112,25,10,6843,3553,0.10399847943739184,96,58,45019,45149,4253,2213,430,2457,2606,449,0,0,87389,0,0,312,5,0,0,0,0,0,2820,9206,231,0,0,0,0,0
385,2587,386.3035561022231,99963,173,115,25,10,6864,3569,0.10436861638806358,114,54,44982,45042,4252,2216,453,2562,2721,474,0,0,87226,0,0,311,6,0,0,0,0,0,2946,9230,244,0,0,0,0,0
386,2587,387.05369802253904,99963,178,116,25,10,6888,3582,0.10473875333873534,115,46,44948,44939,4256,2216,477,2672,2839,500,0,0,87062,0,0,313,7,0,0,0,0,0,3082,9248,251,0,0,0,0,0
387,2587,388.1798753630984,99963,184,110,25,10,6922,3599,0.10524894210858017,112,40,44911,44837,4264,2219,503,2783,2960,527,0,0,86883,0,0,316,7,0,0,0,0,0,3213,9276,268,0,0,0,0,0
388,2587,389.30696267233526,99963,181,98,25,10,6950,3610,0.10563908646199094,124,41,44861,44724,4278,2227,530,2899,3084,555,0,0,86695,0,0,319,8,0,0,0,0,0,3351,9309,281,0,0,0,0,0
389,2587,390.0589999753363,99963,192,100,25,10,6983,3617,0.1060392345167712,107,41,44832,44609,4284,2220,559,3019,3211,584,0,0,86527,0,0,321,8,0,0,0,0,0,3494,9319,294,0,0,0,0,0
390,2587,391.18808454900545,99963,201,95,25,10,7015,3630,0.106489401078399,100,39,44801,44492,4285,2224,587,3139,3341,614,0,0,86342,0,0,322,9,0,0,0,0,0,3640,9343,307,0,0,0,0,0
391,2587,392.3180101591964,99963,198,88,25,10,7048,3636,0.10687954543180977,110,47,44747,44366,4302,2223,617,3265,3474,645,0,0,86148,0,0,324,11,0,0,0,0,0,3791,9369,320,0,0,0,0,0
392,2587,393.0719477388477,99963,191,86,25,10,7069,3644,0.10716965277152546,115,52,44703,44239,4317,2221,648,3391,3610,678,0,0,85960,0,0,326,11,0,0,0,0,0,3943,9386,337,0,0,0,0,0
393,2587,394.2041614957668,99963,199,91,25,10,7103,3662,0.10768984524273982,109,54,44663,44115,4325,2211,678,3518,3749,712,0,0,85772,0,0,327,12,0,0,0,0,0,4095,9399,358,0,0,0,0,0
394,2587,395.3373882408522,99962,200,85,26,10,7137,3672,0.10813108981412937,99,63,44622,43978,4340,2214,712,3649,3891,747,0,0,85563,0,0,328,14,0,0,0,0,0,4258,9429,370,0,0,0,0,0
395,2587,396.0934796199175,99962,211,87,26,10,7158,3679,0.10841119625457674,99,70,44580,43841,4336,2210,747,3781,4036,783,0,0,85380,0,0,328,14,0,0,0,0,0,4426,9431,383,0,0,0,0,0
396,2587,397.22875322874336,99961,192,91,26,11,7183,3698,0.10885245245645801,107,71,44529,43699,4361,2208,784,3919,4184,821,0,0,85154,0,0,331,15,0,0,0,0,0,4598,9466,397,0,0,0,0,0
397,2587,398.36530952002687,99961,206,91,26,11,7223,3713,0.10940266704014566,92,74,44484,43564,4370,2201,821,4058,4335,860,0,0,84944,0,0,331,16,0,0,0,0,0,4768,9486,416,0,0,0,0,0
398,2587,399.1236663025247,99961,209,98,26,11,7246,3733,0.10983283480557417,88,64,44439,43423,4382,2203,855,4200,4489,900,0,0,84734,0,0,331,17,0,0,0,0,0,4946,9502,431,0,0,0,0,0
399,2587,400.26258420630256,99961,191,106,26,11,7260,3756,0.11020297916187313,103,57,44399,43287,4387,2199,893,4339,4645,942,0,0,84513,0,0,332,19,0,0,0,0,0,5123,9524,450,0,0,0,0,0
400,2587,401.0224593925064,99961,195,106,26,11,7281,3762,0.11047308450295615,106,58,44358,43139,4380,2193,934,4492,4804,985,0,0,84310,0,0,335,19,0,0,0,0,0,5306,9522,469,0,0,0,0,0
401,2587,402.1634181495239,99961,198,111,26,11,7310,3778,0.11092326007142786,108,59,44313,42988,4379,2193,975,4637,4966,1030,0,0,84088,0,0,337,20,0,0,0,0,0,5494,9535,487,0,0,0,0,0
402,2587,403.3055098246889,99961,210,107,26,11,7348,3792,0.11144346295055071,96,67,44261,42840,4389,2189,1017,4785,5131,1076,0,0,83862,0,0,339,21,0,0,0,0,0,5679,9548,512,0,0,0,0,0
403,2587,404.06757358855907,99961,198,106,26,11,7365,3804,0.11173357609467692,95,62,44223,42684,4395,2187,1062,4949,5299,1123,0,0,83631,0,0,343,21,0,0,0,0,0,5872,9560,534,0,0,0,0,0
404,2587,405.212053681999,99961,198,111,26,11,7390,3823,0.11217374776162703,108,54,44167,42552,4395,2173,1105,5098,5470,1172,0,0,83407,0,0,341,23,0,0,0,0,0,6057,9566,567,0,0,0,0,0
405,2587,406.3578126789785,99961,192,104,26,11,7416,3838,0.11258390772401236,110,53,44108,42399,4410,2181,1153,5251,5643,1222,0,0,83150,0,0,344,24,0,0,0,0,0,6264,9597,582,0,0,0,0,0
406,2587,407.1225331636139,99961,196,113,26,11,7435,3851,0.11290403257270336,117,53,44049,42234,4412,2174,1199,5414,5819,1274,0,0,82932,0,0,346,24,0,0,0,0,0,6465,9585,609,0,0,0,0,0
407,2587,408.2713464958773,99961,191,105,26,11,7471,3871,0.11346425105791258,104,45,43998,42077,4431,2190,1249,5571,5998,1328,0,0,82653,0,0,348,24,0,0,0,0,0,6677,9629,630,0,0,0,0,0
408,2587,409.03812350595445,99960,187,109,27,11,7488,3878,0.11370548219287716,109,53,43944,41905,4433,2182,1299,5739,6180,1383,0,0,82416,0,0,347,26,0,0,0,0,0,6891,9629,651,0,0,0,0,0
409,2587,410.1897878584954,99960,190,103,27,11,7516,3897,0.11417567026810724,110,54,43895,41741,4425,2190,1352,5900,6364,1440,0,0,82155,0,0,350,26,0,0,0,0,0,7105,9646,678,0,0,0,0,0
410,2587,411.34278830731074,99960,190,96,27,11,7551,3914,0.11469587835134054,102,54,43843,41583,4435,2197,1402,6058,6551,1498,0,0,81885,0,0,349,27,0,0,0,0,0,7316,9672,711,0,0,0,0,0
411,2587,412.1123183813126,99960,193,97,27,11,7578,3926,0.11508603441376551,98,55,43790,41420,4440,2187,1451,6229,6740,1558,0,0,81630,0,0,350,27,0,0,0,0,0,7537,9677,739,0,0,0,0,0
412,2587,413.2682764490831,99960,193,93,27,11,7608,3941,0.11553621448579432,93,56,43726,41240,4452,2194,1508,6405,6932,1620,0,0,81351,0,0,351,28,0,0,0,0,0,7769,9701,760,0,0,0,0,0
413,2587,414.0398399132908,99960,186,95,27,11,7628,3951,0.11583633453381352,90,59,43670,41073,4459,2184,1567,6577,7126,1683,0,0,81092,0,0,352,29,0,0,0,0,0,7995,9702,790,0,0,0,0,0
414,2587,415.1991199757501,99960,185,94,27,11,7658,3968,0.11630652260904362,93,53,43601,40920,4467,2176,1626,6745,7323,1748,0,0,80811,0,0,357,29,0,0,0,0,0,8232,9716,815,0,0,0,0,0
415,2587,416.3601133675992,99959,179,94,28,11,7684,3981,0.11669784611690794,89,56,43540,40744,4478,2172,1685,6922,7522,1815,0,0,80520,0,0,357,29,0,0,0,0,0,8478,9740,835,0,0,0,0,0
416,2587,417.13509761758905,99959,174,91,28,11,7702,3987,0.11693794455726848,95,56,43473,40569,4481,2171,1748,7101,7724,1883,0,0,80245,0,0,360,29,0,0,0,0,0,8724,9742,859,0,0,0,0,0
417,2587,418.29971367941937,99959,180,86,28,11,7737,4000,0.11741814143798958,83,61,43418,40409,4477,2163,1813,7269,7928,1953,0,0,79958,0,0,362,30,0,0,0,0,0,8967,9753,889,0,0,0,0,0
418,2587,419.0769470461776,99959,179,90,28,11,7752,4013,0.11769825628507688,86,58,43347,40233,4479,2152,1880,7455,8134,2025,0,0,79689,0,0,363,32,0,0,0,0,0,9214,9743,918,0,0,0,0,0
419,2587,420.24492985786566,99959,178,96,28,11,7782,4029,0.11815844496243459,110,85,43252,40027,4482,2143,1949,7637,8342,2099,0,0,79385,15,0,364,32,0,0,0,0,0,9478,9749,936,0,0,0,0,0
420,2587,421.12246358003114,99959,175,97,28,11,7803,4042,0.11849858441961204,118,87,43189,39844,4476,2136,2013,7824,8553,2175,0,0,79092,47,2,365,33,0,0,0,0,0,9737,9722,961,0,0,0,0,0
421,2587,422.00130556047753,99959,183,119,28,11,7828,4073,0.11905881411378665,130,73,43110,39658,4469,2121,2079,8017,8766,2252,0,0,78805,70,4,366,33,0,0,0,0,0,9999,9695,987,0,0,0,0,0
422,2587,423.3219664307876,99959,194,122,28,11,7868,4095,0.1196790684180514,148,79,43003,39494,4476,2113,2150,8180,8981,2331,0,0,78500,111,7,370,33,0,0,0,0,0,10260,9661,1017,0,0,0,0,0
423,2587,424.20387460610215,99959,199,129,28,11,7899,4115,0.12018927760381756,138,69,42930,39307,4482,2111,2222,8372,9198,2412,0,0,78190,143,9,375,33,0,0,0,0,0,10536,9636,1037,0,0,0,0,0
424,2587,425.0873909651073,99959,213,130,28,11,7932,4135,0.12071949499294711,138,67,42845,39121,4476,2112,2299,8558,9417,2495,0,0,77900,169,12,382,35,0,0,0,0,0,10797,9591,1073,0,0,0,0,0
425,2587,426.41560053821803,99958,211,121,29,11,7973,4154,0.12132095480101643,137,83,42754,38929,4492,2110,2376,8745,9638,2580,0,0,77567,228,19,384,37,0,0,0,0,0,11063,9556,1104,0,0,0,0,0
426,2587,427.3026819306415,99958,215,124,29,11,8002,4175,0.12182116488925349,135,79,42666,38742,4499,2109,2455,8934,9860,2667,0,0,77254,269,21,383,38,0,0,0,0,0,11333,9520,1140,0,0,0,0,0
427,2587,428.1915119185227,99957,211,127,30,11,8028,4189,0.12222255569895055,145,83,42584,38542,4496,2109,2533,9127,10084,2756,0,0,76925,305,24,383,39,0,0,0,0,0,11622,9499,1160,0,0,0,0,0
428,2587,429.08201350480846,99957,234,136,30,11,8078,4209,0.12292285682843623,130,79,42488,38362,4501,2096,2616,9315,10310,2847,0,0,76606,338,26,386,39,0,0,0,0,0,11906,9465,1191,0,0,0,0,0
429,2587,430.4209844834586,99957,226,130,30,11,8114,4229,0.12348309773202477,150,83,42395,38181,4501,2094,2697,9500,10537,2940,0,0,76258,390,33,396,40,0,0,0,0,0,12195,9431,1214,0,0,0,0,0
430,2587,431.3151537610728,99957,224,131,30,11,8146,4246,0.12397330852266475,146,83,42306,37982,4513,2095,2780,9697,10766,3034,0,0,75919,432,38,398,41,0,0,0,0,0,12487,9403,1239,0,0,0,0,0
431,2587,432.21131630864494,99957,227,127,30,11,8184,4258,0.12447352361515451,144,88,42212,37795,4516,2087,2870,9891,10997,3130,0,0,75590,470,47,401,42,0,0,0,0,0,12769,9364,1274,0,0,0,0,0
432,2587,433.10944317629423,99957,243,137,30,11,8220,4283,0.12508378602799203,142,79,42115,37604,4507,2082,2962,10086,11229,3228,0,0,75278,494,54,404,43,0,0,0,0,0,13050,9319,1315,0,0,0,0,0
433,2587,434.00952719966057,99957,248,142,30,11,8261,4307,0.12573406564822873,134,79,42015,37419,4523,2070,3049,10278,11462,3328,0,0,74947,535,62,408,45,0,0,0,0,0,13332,9272,1356,0,0,0,0,0
434,2587,435.3633196856745,99957,252,126,30,11,8318,4331,0.12654441409806216,142,78,41890,37239,4547,2078,3138,10467,11697,3430,0,0,74571,608,73,415,47,0,0,0,0,0,13624,9231,1388,0,0,0,0,0
435,2587,436.26802373686144,99957,251,120,30,11,8346,4352,0.12703462488870215,161,78,41791,37033,4541,2087,3225,10670,11933,3534,0,0,74217,652,82,417,48,0,0,0,0,0,13925,9199,1417,0,0,0,0,0
436,2587,437.1748986723388,99957,258,129,30,11,8388,4373,0.12766489590523925,148,70,41691,36842,4555,2083,3317,10864,12170,3640,0,0,73876,684,90,418,52,0,0,0,0,0,14226,9162,1449,0,0,0,0,0
437,2587,438.0839206089044,99957,258,122,30,11,8418,4382,0.1280550636773813,154,77,41583,36649,4555,2075,3419,11065,12408,3748,0,0,73536,713,98,425,53,0,0,0,0,0,14528,9120,1484,0,0,0,0,0
438,2587,439.4514979639029,99956,246,125,31,11,8454,4412,0.12871663531954058,177,84,41466,36458,4563,2077,3516,11244,12648,3858,0,0,73166,772,104,432,55,0,0,0,0,0,14832,9073,1522,0,0,0,0,0
439,2587,440.36516414995555,99956,265,122,31,11,8499,4433,0.12937692584737284,174,78,41357,36268,4562,2077,3610,11443,12889,3970,0,0,72809,806,114,436,57,0,0,0,0,0,15145,9039,1550,0,0,0,0,0
440,2587,441.28121328905826,99956,273,137,31,11,8538,4454,0.12997718996358398,185,87,41238,36047,4562,2066,3710,11651,13131,4084,0,0,72467,829,120,442,59,0,0,0,0,0,15458,8996,1585,0,0,0,0,0
441,2587,442.19960352802235,99956,263,142,31,11,8566,4478,0.1304974188643003,203,84,41118,35843,4565,2067,3819,11852,13373,4200,0,0,72102,866,135,447,59,0,0,0,0,0,15771,8961,1615,0,0,0,0,0
442,2587,443.1205788030571,99956,278,142,31,11,8620,4494,0.13119772699987994,192,81,41004,35650,4576,2067,3918,12048,13616,4318,0,0,71722,914,141,447,60,0,0,0,0,0,16097,8932,1643,0,0,0,0,0
443,2587,444.0439519962856,99956,285,137,31,11,8667,4503,0.13175797350834367,180,95,40902,35444,4580,2063,4021,12249,13860,4438,0,0,71351,960,146,448,62,0,0,0,0,0,16417,8892,1680,0,0,0,0,0
444,2587,445.4333573737842,99955,275,134,32,11,8719,4529,0.1325396428392777,181,110,40781,35257,4606,2064,4124,12423,14105,4560,0,0,70943,1029,160,455,62,0,0,0,0,0,16742,8856,1708,0,0,0,0,0
445,2587,446.3618898745912,99955,283,134,32,11,8763,4553,0.13321994897703968,183,110,40651,35058,4617,2067,4233,12619,14350,4684,0,0,70560,1078,167,456,65,0,0,0,0,0,17069,8820,1740,0,0,0,0,0
446,2587,447.29321761492514,99955,279,136,32,11,8800,4567,0.13373017858036115,177,116,40537,34875,4629,2058,4345,12803,14596,4810,0,0,70181,1126,170,458,65,0,0,0,0,0,17397,8777,1781,0,0,0,0,0
447,2587,448.2273086669361,99955,281,139,32,11,8834,4592,0.13432044419988995,189,118,40423,34666,4623,2055,4451,13010,14843,4937,0,0,69814,1157,187,460,68,0,0,0,0,0,17715,8737,1817,0,0,0,0,0
448,2587,449.1640150062611,99955,271,145,32,11,8862,4612,0.13480066029713372,201,123,40296,34460,4637,2050,4562,13210,15090,5066,0,0,69436,1199,192,464,69,0,0,0,0,0,18046,8693,1856,0,0,0,0,0
449,2587,450.10346298026565,99955,271,150,32,11,8905,4638,0.1354909709369216,205,116,40172,34269,4643,2045,4676,13408,15337,5197,0,0,69068,1233,209,469,75,0,0,0,0,0,18362,8643,1896,0,0,0,0,0
450,2587,451.04576087187735,99955,278,148,32,11,8950,4658,0.13614126356860587,206,119,40041,34055,4651,2048,4791,13618,15585,5330,0,0,68682,1273,220,477,76,0,0,0,0,0,18697,8600,1930,0,0,0,0,0
451,2587,452.46453768078396,99955,294,156,32,11,9017,4697,0.1372017407833525,188,116,39927,33865,4654,2056,4904,13795,15833,5465,0,0,68286,1328,238,484,77,1,0,0,0,0,19020,8552,1969,0,0,0,0,0
452,2587,453.4125470583029,99955,287,171,32,11,9054,4733,0.13793206943124406,207,109,39804,33661,4654,2054,5015,13993,16081,5602,0,0,67906,1368,253,491,79,1,0,0,0,0,19344,8500,2013,0,0,0,0,0
453,2587,454.3634206117122,99955,302,184,32,11,9106,4761,0.138732429593317,203,109,39662,33457,4669,2041,5131,14197,16330,5741,0,0,67524,1399,265,497,82,1,0,0,0,0,19683,8457,2047,0,0,0,0,0
454,2587,455.3173571986819,99955,294,184,32,11,9152,4783,0.13941273573107898,207,108,39534,33269,4686,2038,5246,14389,16579,5881,0,0,67123,1454,275,506,84,1,0,0,0,0,20019,8405,2088,0,0,0,0,0
455,2587,456.27451474208925,99955,308,185,32,11,9203,4805,0.14014306437897053,197,108,39408,33087,4680,2036,5374,14572,16828,6023,0,0,66736,1491,290,508,88,1,0,0,0,0,20354,8362,2125,0,0,0,0,0
456,2587,457.23463475001853,99955,308,194,32,11,9245,4832,0.14083337501875845,206,114,39287,32905,4678,2029,5488,14746,17077,6167,0,0,66350,1528,305,513,90,1,0,0,0,0,20687,8313,2168,0,0,0,0,0
457,2587,458.1976381869045,99955,309,189,32,11,9293,4851,0.1415036766544945,219,118,39146,32709,4683,2032,5610,14940,17326,6313,0,0,65959,1569,325,518,93,2,0,0,0,0,21016,8264,2209,0,0,0,0,0
458,2587,459.1638259263506,99955,329,197,32,11,9346,4887,0.14239407733480067,211,110,39010,32508,4682,2046,5735,15127,17575,6460,0,0,65547,1611,342,518,95,2,0,0,0,0,21369,8238,2233,0,0,0,0,0
459,2587,460.1333090173495,99953,318,185,32,13,9385,4907,0.14298720398587336,223,114,38874,32303,4694,2062,5858,15322,17823,6609,0,0,65138,1662,363,524,95,2,0,0,0,0,21702,8192,2275,0,0,0,0,0
460,2587,461.10625235343934,99953,326,185,32,13,9440,4931,0.1437775754604664,225,125,38723,32100,4708,2062,5985,15514,18071,6760,0,0,64739,1703,388,525,98,2,0,0,0,0,22035,8149,2314,0,0,0,0,0
461,2587,462.082628781649,99952,324,187,33,13,9494,4957,0.14457939811109333,219,124,38581,31902,4720,2060,6122,15713,18319,6912,0,0,64336,1750,409,534,99,2,0,0,0,0,22368,8095,2359,0,0,0,0,0
462,2587,463.0627141012384,99952,333,178,33,13,9547,4982,0.14535977269089162,218,125,38438,31715,4732,2070,6245,15898,18567,7066,0,0,63923,1796,432,538,103,2,0,0,0,0,22711,8056,2391,0,0,0,0,0
463,2587,464.0463969486792,99952,333,185,33,13,9593,5015,0.14615015207299503,229,125,38284,31524,4737,2069,6383,16083,18814,7222,0,0,63530,1832,458,543,107,2,0,0,0,0,23042,8004,2434,0,0,0,0,0
464,2587,465.0339609627499,99951,343,188,34,13,9657,5040,0.14704205060479636,231,120,38129,31346,4752,2064,6510,16268,19061,7379,0,0,63124,1872,482,548,112,2,0,0,0,0,23382,7960,2469,0,0,0,0,0
465,2587,466.0253990089145,99949,332,188,34,15,9715,5069,0.14791543687280512,223,113,37988,31160,4781,2070,6641,16453,19307,7538,0,0,62700,1935,505,557,112,2,0,0,0,0,23717,7905,2516,0,0,0,0,0
466,2587,467.0205851580555,99949,335,192,34,15,9763,5098,0.1486858297731843,218,106,37849,30975,4788,2080,6775,16631,19553,7698,0,0,62280,1977,524,559,116,3,0,0,0,0,24075,7875,2540,0,0,0,0,0
467,2587,468.0195658522932,99948,338,198,34,16,9814,5127,0.14948773362148318,221,115,37698,30799,4796,2082,6912,16789,19798,7860,0,0,61867,2025,536,564,119,3,0,0,0,0,24425,7827,2582,0,0,0,0,0
468,2587,469.0223843642239,99948,346,193,34,16,9861,5152,0.15020810821627245,220,125,37559,30613,4794,2094,7046,16958,20043,8023,0,0,61469,2061,560,569,123,3,0,0,0,0,24763,7776,2624,0,0,0,0,0
469,2587,470.0288727668739,99948,371,194,34,16,9932,5180,0.15119862328410774,203,137,37414,30412,4807,2105,7170,17135,20287,8188,0,0,61048,2106,575,576,128,3,0,0,0,0,25123,7736,2653,0,0,0,0,0
470,2587,471.03902597738335,99947,365,195,35,16,9978,5209,0.15195053378290493,217,130,37261,30227,4813,2109,7308,17322,20531,8354,0,0,60643,2147,601,577,137,3,0,0,0,0,25459,7687,2693,0,0,0,0,0
471,2587,472.05339690821825,99945,367,195,37,16,10032,5234,0.1527440092050628,204,142,37123,30046,4820,2109,7448,17491,20774,8521,0,0,60238,2172,642,580,142,3,0,0,0,0,25796,7651,2721,0,0,0,0,0
472,2587,473.0715405252347,99945,358,206,37,16,10080,5277,0.15365450998048927,213,127,36980,29860,4831,2124,7580,17666,21016,8690,0,0,59825,2211,675,592,145,3,0,0,0,0,26135,7602,2757,0,0,0,0,0
473,2587,474.0935742601843,99944,378,212,37,17,10145,5316,0.1546966301128632,198,122,36830,29700,4829,2115,7727,17833,21257,8860,0,0,59435,2249,705,590,154,4,0,0,0,0,26456,7544,2807,0,0,0,0,0
474,2587,475.11966637376474,99944,378,200,37,17,10189,5345,0.15542703914191947,220,129,36676,29519,4828,2136,7860,17998,21497,9031,0,0,59018,2300,729,595,158,4,0,0,0,0,26798,7493,2849,0,0,0,0,0
475,2587,476.1499401915727,99943,378,203,38,17,10246,5378,0.15632910759132707,216,130,36525,29321,4841,2157,8001,18171,21737,9203,0,0,58588,2349,758,594,166,4,0,0,0,0,27150,7461,2873,0,0,0,0,0
476,2587,477.18433755845024,99943,378,215,38,17,10308,5411,0.1572796494001581,221,119,36361,29154,4868,2155,8133,18339,21976,9377,0,0,58170,2401,782,598,169,4,0,0,0,0,27492,7410,2917,0,0,0,0,0
477,2587,478.22331397102766,99943,381,218,38,17,10355,5438,0.15802007144072122,233,115,36203,28966,4872,2155,8272,18528,22214,9552,0,0,57768,2433,810,601,172,4,0,0,0,0,27832,7364,2959,0,0,0,0,0
478,2587,479.2667542156055,99943,392,207,38,17,10417,5459,0.158850544810542,230,124,36053,28792,4882,2163,8404,18696,22451,9728,0,0,57366,2469,848,599,182,4,0,0,0,0,28159,7319,2997,0,0,0,0,0
479,2587,480.31441308490986,99943,391,217,38,17,10473,5491,0.15973104669661708,237,132,35895,28615,4898,2160,8540,18858,22687,9905,0,0,56947,2517,867,609,182,4,0,0,0,0,28509,7267,3041,0,0,0,0,0
480,2587,481.3665300610284,99943,396,229,38,17,10533,5536,0.16078164553795662,240,115,35736,28458,4910,2168,8679,19012,22922,10083,0,0,56528,2570,887,616,187,4,0,0,0,0,28853,7212,3086,0,0,0,0,0
481,2587,482.423164504495,99942,404,243,39,17,10604,5581,0.1619439274779372,242,94,35588,28306,4917,2172,8809,19167,23156,10262,0,0,56116,2605,926,628,192,4,0,0,0,0,29189,7162,3120,0,0,0,0,0
482,2587,483.4842606724499,99941,394,234,40,17,10673,5611,0.16293613231806767,234,99,35446,28154,4945,2177,8940,19318,23389,10442,0,0,55692,2663,971,630,200,5,0,0,0,0,29508,7111,3161,0,0,0,0,0
483,2587,484.0159855161204,99941,409,235,40,17,10714,5624,0.16347645110615264,226,97,35290,27965,4930,2174,9104,19511,23620,10623,0,0,55316,2677,993,627,205,5,0,0,0,0,29848,7064,3206,0,0,0,0,0
484,2587,485.0861409065774,99941,430,220,40,17,10789,5650,0.16448704735794117,227,105,35129,27807,4936,2191,9237,19659,23850,10805,0,0,54903,2711,1040,638,207,5,0,0,0,0,30179,7020,3238,0,0,0,0,0
485,2587,486.16100393883977,99941,450,203,40,17,10858,5674,0.1654175963818653,239,111,34946,27650,4938,2202,9386,19816,24079,10988,0,0,54506,2747,1083,641,214,5,0,0,0,0,30497,6965,3283,0,0,0,0,0
486,2587,487.24089750167235,99941,452,207,40,17,10928,5701,0.16638816901972164,238,112,34788,27504,4958,2199,9523,19960,24307,11171,0,0,54099,2792,1119,642,220,6,0,0,0,0,30822,6915,3326,0,0,0,0,0
487,2587,488.3259175097842,99941,465,203,40,17,11001,5725,0.16735874165757797,232,127,34635,27347,4969,2204,9658,20101,24534,11355,0,0,53696,2829,1150,650,225,7,0,0,0,0,31152,6862,3370,0,0,0,0,0
488,2587,489.41576331425557,99940,451,214,40,18,11057,5760,0.16827096257754653,267,127,34472,27196,4984,2201,9785,20243,24760,11540,0,0,53279,2878,1182,656,229,8,0,0,0,0,31487,6813,3408,0,0,0,0,0
489,2587,490.5101810531799,99940,443,217,40,18,11133,5788,0.1693115869521713,246,140,34329,27027,5015,2199,9926,20398,24984,11725,0,0,52861,2931,1226,663,234,8,0,0,0,0,31808,6762,3447,0,0,0,0,0
490,2587,491.0588701698755,99940,442,222,40,18,11159,5805,0.16974184510706425,255,147,34171,26849,5003,2191,10088,20572,25207,11911,0,0,52481,2940,1247,662,242,8,0,0,0,0,32157,6724,3479,0,0,0,0,0
491,2587,492.1632554578088,99940,437,231,40,18,11236,5851,0.1709725835501301,242,129,34001,26722,5052,2202,10227,20697,25429,12098,0,0,52066,2984,1293,677,252,8,0,0,0,0,32479,6671,3510,0,0,0,0,0
492,2587,493.2732099581231,99939,432,240,41,18,11299,5893,0.1720249352104784,246,123,33872,26557,5054,2212,10354,20849,25649,12285,0,0,51666,3027,1336,684,257,8,0,0,0,0,32790,6613,3558,0,0,0,0,0
493,2587,494.38765505521394,99938,440,242,42,18,11370,5929,0.17309732033860994,250,115,33702,26405,5080,2225,10485,20994,25868,12473,0,0,51239,3081,1370,686,261,8,0,0,0,0,33127,6575,3591,0,0,0,0,0
494,2587,495.5072710188188,99937,438,225,42,19,11438,5956,0.17404965128030658,247,117,33561,26268,5094,2249,10617,21121,26086,12661,0,0,50828,3123,1421,700,265,8,0,0,0,0,33442,6523,3627,0,0,0,0,0
495,2587,496.068225704174,99937,452,236,42,19,11482,5980,0.17473007995036874,237,102,33394,26114,5090,2240,10784,21288,26302,12850,0,0,50455,3131,1446,702,271,8,0,0,0,0,33781,6480,3663,0,0,0,0,0
496,2587,497.19828007806234,99937,439,224,42,19,11544,6006,0.1756106346998609,232,106,33247,25976,5118,2247,10921,21427,26517,13039,0,0,50056,3179,1492,702,283,9,0,0,0,0,34082,6426,3708,0,0,0,0,0
497,2587,498.3337242219766,99936,426,208,43,19,11603,6030,0.17644292347102145,244,102,33084,25864,5137,2271,11065,21535,26730,13228,0,0,49642,3222,1537,709,292,9,0,0,0,0,34401,6386,3738,0,0,0,0,0
498,2587,499.4747894817923,99936,437,205,43,19,11672,6058,0.17741354466858789,241,111,32930,25748,5145,2268,11203,21648,26942,13418,0,0,49245,3261,1575,713,298,9,0,0,0,0,34719,6338,3778,0,0,0,0,0
499,2587,500.04658535203987,99936,439,201,43,19,11711,6071,0.17793387768171628,228,117,32779,25592,5149,2271,11361,21799,27153,13608,0,0,48875,3272,1612,711,305,9,0,0,0,0,35040,6298,3814,0,0,0,0,0
500,2587,501.198432709218,99935,415,201,44,19,11771,6100,0.17882623705408515,236,114,32633,25467,5170,2278,11501,21920,27362,13798,0,0,48480,3312,1668,717,314,9,0,0,0,0,35337,6247,3851,0,0,0,0,0
501,2587,502.3556132248693,99935,418,202,44,19,11843,6136,0.17990693951068196,224,110,32484,25361,5188,2283,11641,22024,27570,13988,0,0,48099,3337,1718,728,324,9,0,0,0,0,35637,6192,3891,0,0,0,0,0
502,2587,503.5180312251356,99934,419,202,45,19,11912,6167,0.18090940020413473,225,111,32326,25276,5209,2279,11775,22112,27776,14178,0,0,47710,3373,1764,734,329,10,0,0,0,0,35940,6142,3932,0,0,0,0,0
503,2587,504.1004935435777,99934,409,196,45,19,11936,6183,0.1813096643784898,226,107,32173,25131,5212,2284,11934,22262,27981,14369,0,0,47342,3383,1799,739,334,10,0,0,0,0,36262,6099,3966,0,0,0,0,0
504,2587,505.27443140901255,99934,398,203,45,19,11997,6220,0.18229031160565973,220,102,32056,25020,5215,2289,12065,22366,28184,14560,0,0,46941,3426,1844,745,339,10,0,0,0,0,36572,6057,4000,0,0,0,0,0
505,2587,506.4531231854588,99933,413,189,46,19,12086,6252,0.1835029469744729,196,107,31898,24921,5247,2302,12199,22461,28386,14751,0,0,46544,3477,1899,749,345,10,0,0,0,0,36859,6005,4045,0,0,0,0,0
506,2587,507.0437719329091,99933,412,187,46,19,12122,6265,0.18399327549458136,191,115,31760,24765,5241,2294,12349,22619,28586,14942,0,0,46189,3484,1941,746,351,10,0,0,0,0,37165,5965,4082,0,0,0,0,0
507,2587,508.23368256847016,99933,393,190,46,19,12169,6299,0.18480381855843414,202,108,31629,24687,5245,2301,12484,22694,28785,15133,0,0,45799,3519,1991,746,360,10,0,0,0,0,37468,5929,4111,0,0,0,0,0
508,2587,509.42868626155035,99933,364,188,46,19,12226,6324,0.18562436832677895,211,109,31483,24594,5282,2300,12613,22789,28982,15323,0,0,45403,3565,2037,753,369,10,0,0,0,0,37769,5883,4144,0,0,0,0,0
509,2587,510.0272975389436,99931,368,183,47,20,12259,6336,0.18607839409192342,199,104,31337,24467,5273,2296,12775,22929,29178,15513,0,0,45059,3568,2074,748,376,10,0,0,0,0,38070,5841,4185,0,0,0,0,0
510,2587,511.2336272957108,99931,362,177,47,20,12319,6360,0.18691897409212357,195,116,31197,24387,5291,2297,12907,23002,29372,15703,0,0,44679,3602,2125,750,384,10,0,0,0,0,38364,5801,4216,0,0,0,0,0
511,2587,512.4453800367494,99931,366,176,47,20,12383,6397,0.1879296714733166,183,107,31071,24285,5297,2317,13035,23094,29565,15893,0,0,44307,3625,2186,757,387,11,0,0,0,0,38650,5760,4248,0,0,0,0,0
512,2587,513.052483196726,99931,362,177,47,20,12410,6412,0.18834996147341665,182,107,30925,24143,5286,2314,13197,23238,29756,16083,0,0,43976,3615,2226,762,392,11,0,0,0,0,38947,5714,4288,0,0,0,0,0
513,2587,514.2752162768417,99931,368,167,47,20,12474,6442,0.18929061052125967,167,96,30798,24059,5297,2327,13322,23330,29946,16272,0,0,43605,3637,2288,763,402,11,0,0,0,0,39232,5682,4311,0,0,0,0,0
514,2587,515.5031987156004,99931,372,169,47,20,12532,6467,0.19012118361669553,169,97,30658,23997,5309,2316,13444,23400,30134,16461,0,0,43245,3652,2339,762,410,13,0,0,0,0,39524,5653,4333,0,0,0,0,0
515,2587,516.1182506932535,99930,373,170,48,20,12555,6486,0.19054338036625637,169,99,30517,23857,5299,2319,13593,23534,30320,16650,0,0,42896,3654,2372,760,414,13,0,0,0,0,39836,5625,4360,0,0,0,0,0
516,2587,517.3575572156223,99930,347,164,48,20,12602,6515,0.19130391273891725,167,103,30407,23780,5315,2334,13715,23598,30505,16838,0,0,42515,3694,2426,759,422,14,0,0,0,0,40119,5593,4388,0,0,0,0,0
517,2587,518.6018750692369,99930,317,146,48,20,12650,6533,0.19196437506254377,183,110,30283,23714,5342,2348,13826,23661,30688,17026,0,0,42150,3723,2492,765,431,14,0,0,0,0,40386,5551,4418,0,0,0,0,0
518,2587,519.2249012663993,99930,323,157,48,20,12683,6558,0.19254478134694286,175,95,30153,23612,5321,2335,13979,23780,30870,17214,0,0,41832,3708,2541,761,440,14,0,0,0,0,40668,5518,4448,0,0,0,0,0
519,2587,520.4800864232424,99928,307,163,49,21,12734,6588,0.19335921863741895,184,85,30023,23549,5341,2328,14095,23853,31050,17401,0,0,41484,3728,2592,762,453,14,0,0,0,0,40940,5476,4479,0,0,0,0,0
520,2587,521.1089032038698,99928,298,154,49,21,12755,6599,0.19367944920342647,200,85,29883,23436,5328,2333,14241,23970,31229,17588,0,0,41152,3730,2634,757,462,15,0,0,0,0,41227,5446,4505,0,0,0,0,0
521,2587,522.3753189055946,99928,317,156,49,21,12821,6629,0.19464014090144904,174,77,29784,23372,5322,2334,14353,24039,31406,17774,0,0,40814,3738,2692,760,466,15,0,0,0,0,41497,5410,4536,0,0,0,0,0
522,2587,523.0094550646229,99928,306,154,49,21,12845,6639,0.19498038587783204,179,75,29639,23263,5322,2326,14504,24160,31582,17960,0,0,40488,3735,2738,761,467,15,0,0,0,0,41778,5376,4570,0,0,0,0,0
523,2587,524.28631865604,99928,315,157,49,21,12897,6667,0.19578096229285086,172,70,29536,23215,5305,2319,14622,24217,31756,18145,0,0,40154,3753,2781,753,479,15,0,0,0,0,42049,5340,4604,0,0,0,0,0
524,2587,525.5680506434618,99927,300,155,50,21,12949,6689,0.19652346212735297,164,70,29425,23161,5316,2323,14744,24269,31929,18329,0,0,39804,3790,2823,749,492,15,0,0,0,0,42318,5298,4638,0,0,0,0,0
525,2587,526.2099330030483,99927,302,148,50,21,12978,6696,0.1968837251193371,164,72,29304,23042,5296,2322,14883,24394,32100,18513,0,0,39488,3780,2867,744,500,16,0,0,0,0,42597,5275,4660,0,0,0,0,0
526,2587,527.5022473611917,99927,296,141,50,21,13034,6719,0.19767430224063567,155,72,29196,22979,5308,2319,14994,24467,32270,18696,0,0,39157,3792,2930,751,507,16,0,0,0,0,42850,5234,4690,0,0,0,0,0
527,2587,528.1493203407028,99927,290,144,50,21,13056,6730,0.19800454331662112,155,71,29069,22882,5301,2307,15134,24574,32438,18878,0,0,38858,3776,2978,747,513,17,0,0,0,0,43116,5204,4718,0,0,0,0,0
528,2587,529.452234092115,99927,295,140,50,21,13111,6750,0.1987550912165881,142,78,28988,22830,5291,2307,15233,24623,32605,19060,0,0,38531,3792,3022,751,521,17,0,0,0,0,43381,5162,4750,0,0,0,0,0
529,2587,530.1042447348991,99927,288,140,50,21,13133,6761,0.19908533229257358,148,80,28869,22727,5283,2305,15361,24726,32770,19241,0,0,38233,3781,3066,748,529,18,0,0,0,0,43645,5129,4778,0,0,0,0,0
530,2587,531.4164908826125,99927,270,137,50,21,13181,6784,0.19979585097120897,147,76,28789,22694,5281,2304,15462,24767,32934,19421,0,0,37911,3795,3127,751,538,19,0,0,0,0,43889,5090,4807,0,0,0,0,0
531,2587,532.0735198879926,99927,257,132,50,21,13206,6794,0.20014610665786023,149,77,28663,22590,5285,2306,15595,24873,33096,19600,0,0,37609,3790,3176,751,543,21,0,0,0,0,44147,5056,4834,0,0,0,0,0
532,2587,533.3954538562372,99927,266,125,50,21,13257,6817,0.20088664725249433,141,65,28578,22562,5276,2313,15688,24913,33257,19779,0,0,37302,3800,3228,749,555,21,0,0,0,0,44392,5015,4865,0,0,0,0,0
533,2587,534.0571470219224,99927,270,129,50,21,13280,6832,0.20126692485514425,129,58,28468,22494,5252,2299,15830,24998,33416,19957,0,0,37024,3778,3279,745,560,21,0,0,0,0,44641,4982,4897,0,0,0,0,0
534,2587,535.388734579274,99927,268,112,50,21,13323,6841,0.20178730473245468,129,67,28383,22441,5238,2304,15931,25054,33574,20134,0,0,36711,3792,3323,746,568,21,0,0,0,0,44893,4944,4929,0,0,0,0,0
535,2587,536.0553662517167,99927,266,112,50,21,13345,6849,0.20208752389244147,128,65,28276,22357,5228,2296,16051,25148,33730,20310,0,0,36420,3782,3353,751,572,22,0,0,0,0,45162,4909,4956,0,0,0,0,0
536,2587,537.3962490797913,99927,270,116,50,21,13391,6868,0.20273799873907952,117,57,28211,22309,5209,2293,16142,25203,33885,20485,0,0,36131,3782,3401,755,574,23,0,0,0,0,45402,4864,4995,0,0,0,0,0
537,2587,538.066906069226,99927,270,117,50,21,13421,6877,0.20312828364706237,109,65,28103,22215,5203,2282,16264,25299,34038,20659,0,0,35849,3778,3437,749,584,24,0,0,0,0,45652,4829,5025,0,0,0,0,0
538,2587,539.4161680608968,99926,257,112,50,22,13461,6897,0.2037307607629646,108,68,28038,22187,5204,2285,16342,25325,34190,20832,0,0,35557,3771,3504,759,586,24,0,0,0,0,45878,4792,5055,0,0,0,0,0
539,2587,540.0912907908439,99925,250,111,51,22,13474,6909,0.20398298724043032,110,62,27941,22107,5177,2280,16470,25417,34340,21004,0,0,35293,3760,3543,753,594,25,0,0,0,0,46113,4751,5093,0,0,0,0,0
540,2587,541.4489340308138,99925,243,110,51,22,13513,6929,0.2045734300725544,108,62,27862,22079,5165,2275,16570,25451,34489,21175,0,0,35013,3757,3598,750,609,25,0,0,0,0,46338,4717,5118,0,0,0,0,0
541,2587,542.1283209770867,99925,242,104,51,22,13534,6935,0.2048436327245434,101,62,27756,21999,5152,2273,16697,25539,34636,21345,0,0,34731,3747,3638,748,613,25,0,0,0,0,46588,4694,5141,0,0,0,0,0
542,2587,543.4950555133561,99924,228,104,51,23,13567,6955,0.20537608582522718,121,60,27695,21980,5132,2273,16772,25559,34782,21514,0,0,34436,3757,3687,748,619,25,0,0,0,0,46822,4664,5166,0,0,0,0,0
543,2587,544.1787522784591,99924,225,105,51,23,13586,6965,0.20566630639285857,119,59,27590,21918,5111,2257,16903,25637,34927,21682,0,0,34185,3741,3728,742,627,26,0,0,0,0,47046,4624,5205,0,0,0,0,0
544,2587,545.5537961896378,99924,220,103,51,23,13627,6986,0.20628677795124295,113,57,27523,21911,5099,2261,16993,25644,35070,21849,0,0,33906,3750,3773,744,635,26,0,0,0,0,47267,4581,5242,0,0,0,0,0
545,2587,546.2416734512448,99924,213,101,51,23,13646,6994,0.20655698330731356,108,53,27408,21836,5091,2254,17128,25732,35212,22015,0,0,33639,3737,3817,744,639,26,0,0,0,0,47502,4553,5267,0,0,0,0,0
546,2587,547.6259111024932,99924,208,99,51,23,13690,7012,0.20717745486569794,106,53,27342,21822,5101,2256,17191,25746,35352,22180,0,0,33362,3753,3860,745,646,26,0,0,0,0,47718,4508,5306,0,0,0,0,0
547,2587,548.318716593425,99924,200,96,51,23,13709,7022,0.20746767543332933,102,50,27244,21746,5090,2254,17312,25830,35491,22344,0,0,33098,3750,3897,748,649,26,0,0,0,0,47948,4469,5339,0,0,0,0,0
548,2587,549.0140737255599,99924,203,90,51,23,13726,7030,0.20771786557783917,104,49,27133,21693,5070,2249,17438,25895,35629,22507,0,0,32845,3733,3937,749,651,26,0,0,0,0,48176,4437,5370,0,0,0,0,0
549,2587,550.4128632614203,99923,185,105,52,23,13753,7059,0.20828037588943488,115,37,27073,21694,5067,2245,17507,25895,35765,22669,0,0,32567,3735,3986,747,659,27,0,0,0,0,48402,4417,5383,0,0,0,0,0
550,2587,551.1128353993363,99923,178,94,52,23,13770,7063,0.2084905377140398,112,37,26972,21623,5059,2252,17626,25970,35900,22830,0,0,32299,3737,4018,745,664,27,0,0,0,0,48634,4389,5410,0,0,0,0,0
551,2587,552.5203993651071,99923,188,86,52,23,13814,7077,0.2090709846581868,90,33,26938,21647,5047,2249,17684,25961,36034,22990,0,0,32036,3741,4062,743,668,30,0,0,0,0,48847,4358,5438,0,0,0,0,0
552,2587,553.2243214089309,99923,186,86,52,23,13826,7083,0.20925112336499105,88,29,26848,21586,5032,2238,17793,26037,36166,23149,0,0,31779,3733,4087,742,671,30,0,0,0,0,49086,4333,5462,0,0,0,0,0
553,2587,554.6390470987736,99923,173,84,52,23,13852,7096,0.20964142389640023,89,23,26816,21615,5017,2229,17852,26025,36297,23307,0,0,31527,3724,4135,742,681,30,0,0,0,0,49294,4305,5485,0,0,0,0,0
554,2587,555.3463005973333,99923,166,82,52,23,13865,7099,0.20980154719133734,85,29,26744,21542,4994,2219,17958,26104,36427,23463,0,0,31303,3701,4176,738,688,31,0,0,0,0,49497,4271,5518,0,0,0,0,0
555,2587,556.0558319412314,99922,170,77,53,23,13883,7104,0.21003382638457999,75,27,26660,21482,4972,2219,18069,26171,36555,23618,0,0,31069,3683,4212,736,694,31,0,0,0,0,49711,4241,5545,0,0,0,0,0
556,2587,557.481165252203,99921,174,71,54,23,13916,7110,0.21042623672701435,65,30,26621,21496,4945,2216,18140,26163,36682,23772,0,0,30831,3670,4254,730,706,32,0,0,0,0,49917,4215,5566,0,0,0,0,0
557,2587,558.193930789988,99920,167,71,55,23,13926,7118,0.21060848678943153,66,28,26533,21436,4927,2214,18251,26227,36808,23925,0,0,30595,3659,4288,726,711,32,0,0,0,0,50130,4186,5593,0,0,0,0,0
558,2587,559.6261572331379,99920,159,62,55,23,13951,7121,0.210888710968775,68,32,26517,21437,4911,2205,18289,26240,36933,24077,0,0,30352,3655,4325,719,724,32,0,0,0,0,50336,4161,5616,0,0,0,0,0
559,2587,560.3419413792021,99920,154,62,55,23,13967,7125,0.2110888710968775,65,32,26430,21398,4909,2196,18386,26288,37056,24228,0,0,30111,3645,4356,716,730,32,0,0,0,0,50555,4141,5634,0,0,0,0,0
560,2587,561.0597699933958,99920,155,62,55,23,13978,7131,0.2112590072057646,65,34,26335,21369,4889,2182,18500,26329,37178,24378,0,0,29889,3628,4388,713,734,32,0,0,0,0,50762,4111,5663,0,0,0,0,0
561,2587,562.5028684546423,99920,144,61,55,23,13999,7146,0.21161929543634908,69,24,26300,21402,4875,2175,18556,26314,37299,24526,0,0,29649,3629,4428,709,743,32,0,0,0,0,50960,4084,5686,0,0,0,0,0
562,2587,563.22443020358,99920,152,52,55,23,14015,7148,0.21179943955164132,61,26,26237,21374,4846,2174,18648,26350,37419,24673,0,0,29429,3613,4459,705,750,32,0,0,0,0,51164,4057,5711,0,0,0,0,0
563,2587,564.6739851934316,99920,150,51,55,23,14038,7156,0.21210968775020017,48,28,26226,21406,4815,2158,18705,26333,37537,24819,0,0,29199,3602,4498,702,756,32,0,0,0,0,51364,4036,5731,0,0,0,0,0
564,2587,565.3982564687461,99920,137,46,55,23,14045,7160,0.21221977582065651,55,27,26141,21366,4808,2150,18803,26387,37654,24964,0,0,28973,3593,4528,703,761,32,0,0,0,0,51567,4008,5755,0,0,0,0,0
565,2587,566.1243204092195,99920,139,49,55,23,14062,7165,0.21243995196156926,51,27,26069,21331,4786,2135,18899,26434,37770,25108,0,0,28761,3574,4558,700,768,32,0,0,0,0,51766,3982,5779,0,0,0,0,0
566,2587,567.5833479594907,99920,128,52,55,23,14076,7177,0.21270016012810247,55,22,26048,21350,4776,2121,18937,26431,37885,25251,0,0,28545,3557,4597,704,772,32,0,0,0,0,51956,3953,5804,0,0,0,0,0
567,2587,568.3123448391718,99920,126,53,55,23,14084,7182,0.2128302642113691,58,21,25991,21310,4750,2113,19019,26479,37999,25392,0,0,28332,3540,4626,700,777,33,0,0,0,0,52157,3933,5822,0,0,0,0,0
568,2587,569.0435173111186,99920,121,53,55,23,14089,7189,0.21295036028823058,68,19,25917,21269,4726,2107,19112,26528,38111,25532,0,0,28131,3518,4660,700,780,33,0,0,0,0,52345,3903,5850,0,0,0,0,0
569,2587,570.2780523091586,99920,124,46,55,23,14113,7194,0.2132405924739792,57,24,25906,21278,4699,2103,19158,26525,38222,25671,0,0,27922,3510,4691,702,785,33,0,0,0,0,52528,3868,5881,0,0,0,0,0
570,2587,571.0119057123535,99919,122,43,55,24,14125,7197,0.2133928482070477,56,27,25819,21242,4691,2091,19256,26572,38332,25809,0,0,27713,3491,4721,701,790,33,0,0,0,0,52722,3848,5900,0,0,0,0,0
571,2587,572.4848550869749,99919,125,41,55,24,14146,7205,0.21368308329747096,59,29,25815,21286,4664,2082,19281,26537,38441,25946,0,0,27507,3485,4751,694,798,34,0,0,0,0,52902,3822,5926,0,0,0,0,0
572,2587,573.2210845647779,99919,111,41,55,24,14154,7209,0.21380318057626677,60,26,25753,21253,4655,2069,19365,26586,38549,26081,0,0,27303,3481,4778,689,804,35,0,0,0,0,53082,3793,5954,0,0,0,0,0
573,2587,574.6985704686236,99919,106,42,55,24,14173,7217,0.21407339945355738,55,25,25756,21294,4631,2053,19396,26561,38656,26215,0,0,27114,3465,4818,685,812,35,0,0,0,0,53244,3761,5985,0,0,0,0,0
574,2587,575.4367058967161,99919,103,45,55,24,14183,7223,0.21423352915861849,58,25,25683,21241,4615,2046,19485,26618,38762,26348,0,0,26917,3454,4842,684,815,35,0,0,0,0,53427,3731,6014,0,0,0,0,0
575,2587,576.1763808766569,99918,103,45,56,24,14197,7227,0.21441582097319803,50,25,25635,21215,4597,2032,19558,26658,38867,26480,0,0,26735,3427,4885,684,815,36,0,0,0,0,53592,3704,6040,0,0,0,0,0
576,2587,577.6613644927734,99918,99,50,56,24,14221,7240,0.21478612462219018,40,22,25614,21283,4583,2014,19607,26606,38971,26611,0,0,26542,3420,4921,682,823,36,0,0,0,0,53755,3671,6068,0,0,0,0,0
577,2587,578.4032022725233,99918,96,47,56,24,14233,7243,0.21493624772313297,41,23,25558,21261,4562,2008,19686,26636,39073,26741,0,0,26357,3403,4956,679,829,36,0,0,0,0,53922,3644,6092,0,0,0,0,0
578,2587,579.1471104934915,99918,94,49,56,24,14240,7247,0.21504633799715767,41,22,25506,21235,4542,1995,19760,26674,39174,26869,0,0,26166,3386,4981,678,830,37,0,0,0,0,54104,3624,6112,0,0,0,0,0
579,2587,580.6397785424642,99918,88,44,56,24,14251,7253,0.21521647751155948,39,23,25513,21282,4523,1984,19780,26642,39274,26996,0,0,25975,3377,5017,674,835,37,0,0,0,0,54268,3601,6134,0,0,0,0,0
580,2587,581.385077972156,99918,84,44,56,24,14258,7255,0.21530655137212515,43,24,25448,21251,4512,1979,19856,26677,39373,27122,0,0,25787,3365,5039,671,840,38,0,0,0,0,54446,3580,6152,0,0,0,0,0
581,2587,582.1320513215732,99918,80,44,56,24,14265,7257,0.21539662523269082,44,25,25385,21228,4491,1968,19943,26710,39471,27247,0,0,25607,3345,5068,667,847,38,0,0,0,0,54616,3561,6169,0,0,0,0,0
582,2587,583.6317078104985,99918,78,46,56,24,14278,7267,0.21562681398746972,44,24,25396,21292,4471,1961,19954,26652,39568,27371,0,0,25427,3330,5105,666,849,38,0,0,0,0,54774,3536,6193,0,0,0,0,0
583,2587,584.3804457601808,99918,79,45,56,24,14281,7272,0.21570687964130586,47,22,25349,21284,4438,1953,20030,26671,39664,27494,0,0,25261,3307,5132,664,854,38,0,0,0,0,54935,3508,6219,0,0,0,0,0
584,2587,585.1308993296303,99917,87,41,56,25,14291,7275,0.21583914649158803,48,23,25297,21260,4413,1945,20098,26705,39759,27615,0,0,25090,3287,5160,663,855,38,0,0,0,0,55097,3484,6243,0,0,0,0,0
585,2587,586.6360382855033,99917,85,44,56,25,14305,7286,0.21608935416395608,41,19,25322,21309,4386,1940,20109,26662,39853,27735,0,0,24911,3279,5187,661,861,38,0,0,0,0,55256,3459,6265,0,0,0,0,0
586,2587,587.387495132584,99917,84,44,56,25,14306,7287,0.21610937077774553,42,18,25231,21234,4372,1934,20214,26744,39946,27854,0,0,24738,3260,5209,658,864,38,0,0,0,0,55426,3442,6282,0,0,0,0,0
587,2587,588.2740504613554,99917,81,34,56,25,14320,7291,0.21628952030185053,41,18,25261,21309,4345,1932,20215,26681,40038,27972,0,0,24567,3244,5253,655,869,38,0,0,0,0,55568,3422,6301,0,0,0,0,0
588,2587,589.0274515447227,99917,79,34,56,25,14320,7292,0.21629952860874527,42,18,25172,21245,4329,1922,20321,26755,40129,28089,0,0,24410,3222,5278,652,872,38,0,0,0,0,55722,3396,6327,0,0,0,0,0
589,2587,590.178285121931,99917,70,37,56,25,14332,7300,0.21649969474663971,48,15,25197,21297,4306,1907,20322,26718,40219,28205,0,0,24242,3206,5314,651,878,38,0,0,0,0,55869,3375,6344,0,0,0,0,0
590,2587,591.104553665827,99917,76,37,56,25,14339,7302,0.21658976950869221,45,16,25126,21242,4286,1898,20410,26781,40308,28320,0,0,24085,3181,5342,648,880,39,0,0,0,0,56023,3357,6362,0,0,0,0,0
591,2587,592.1402819652335,99917,71,38,56,25,14354,7307,0.21678993564658666,42,22,25148,21315,4271,1879,20411,26720,40397,28433,0,0,23924,3168,5376,641,889,39,0,0,0,0,56163,3335,6382,0,0,0,0,0
592,2587,593.5795836762453,99916,66,33,57,25,14369,7313,0.21700228191681012,37,24,25167,21371,4253,1869,20419,26677,40485,28545,0,0,23766,3158,5409,637,894,41,0,0,0,0,56296,3305,6410,0,0,0,0,0
593,2587,594.3356711514455,99915,62,33,58,25,14375,7316,0.21709453035079818,35,22,25123,21380,4244,1859,20477,26680,40572,28656,0,0,23594,3152,5427,634,897,41,0,0,0,0,56455,3288,6427,0,0,0,0,0
594,2587,595.0931431707028,99915,65,31,58,25,14382,7320,0.2172046239303408,31,20,25096,21379,4218,1855,20531,26689,40658,28766,0,0,23438,3134,5455,632,899,41,0,0,0,0,56601,3268,6447,0,0,0,0,0
595,2587,596.0102359605058,99915,66,31,58,25,14385,7322,0.21725466646649652,29,17,25024,21323,4201,1845,20621,26758,40743,28875,0,0,23284,3111,5482,631,900,41,0,0,0,0,56751,3252,6463,0,0,0,0,0
596,2587,597.1109855410509,99915,61,30,58,25,14392,7325,0.21735475153880798,30,15,25017,21353,4178,1832,20655,26744,40827,28983,0,0,23126,3102,5503,628,906,41,0,0,0,0,56896,3230,6483,0,0,0,0,0
597,2587,598.0148815278793,99915,59,29,58,25,14400,7329,0.21747485362558175,27,14,25009,21364,4153,1826,20693,26741,40910,29090,0,0,22987,3079,5540,620,914,41,0,0,0,0,57021,3209,6504,0,0,0,0,0
598,2587,599.1904260755028,99915,57,18,58,25,14411,7330,0.21759495571235551,25,14,25024,21411,4136,1820,20699,26711,40992,29196,0,0,22831,3069,5568,620,919,41,0,0,0,0,57157,3187,6523,0,0,0,0,0
599,2587,600.3192632034246,99915,58,15,58,25,14416,7334,0.21768503227743582,24,13,25002,21449,4114,1811,20743,26686,41073,29301,0,0,22686,3052,5594,619,921,41,0,0,0,0,57292,3164,6546,0,0,0,0,0
600,2587,601.0594025162117,99915,59,17,58,25,14422,7337,0.21777510884251614,20,11,24966,21442,4106,1803,20790,26701,41154,29405,0,0,22537,3037,5613,619,923,41,0,0,0,0,57437,3143,6565,0,0,0,0,0
601,2587,602.0121231713806,99915,55,18,58,25,14429,7341,0.21788520242205875,16,11,24936,21442,4091,1792,20843,26711,41234,29508,0,0,22393,3026,5637,614,929,41,0,0,0,0,57568,3120,6587,0,0,0,0,0
602,2587,603.112373849512,99915,48,13,58,25,14430,7344,0.21792523645098333,18,10,24954,21484,4064,1788,20857,26679,41313,29610,0,0,22246,3014,5663,609,935,41,0,0,0,0,57700,3103,6604,0,0,0,0,0
603,2587,604.1565164611974,99915,47,16,58,25,14436,7348,0.2180253215232948,18,10,24969,21527,4046,1769,20861,26652,41391,29711,0,0,22108,2998,5686,607,938,41,0,0,0,0,57831,3080,6626,0,0,0,0,0
604,2587,605.0267939865873,99915,48,19,58,25,14441,7353,0.21812540659560625,18,6,24995,21587,4020,1751,20860,26611,41468,29811,0,0,21964,2985,5703,604,942,41,0,0,0,0,57970,3063,6643,0,0,0,0,0
605,2587,606.2654554498486,99915,45,21,58,25,14445,7356,0.2181954661462243,16,6,24974,21598,4008,1743,20898,26606,41545,29910,0,0,21818,2971,5723,603,944,41,0,0,0,0,58109,3048,6658,0,0,0,0,0
606,2587,607.4016361114473,99915,46,20,58,25,14451,7359,0.2182855427113046,17,6,24973,21626,3989,1721,20916,26601,41621,30007,0,0,21676,2960,5743,595,952,41,0,0,0,0,58242,3036,6670,0,0,0,0,0
607,2587,608.2039814380373,99915,42,17,58,25,14456,7361,0.21835560226192263,15,6,24955,21659,3970,1711,20959,26581,41696,30103,0,0,21540,2949,5763,595,955,41,0,0,0,0,58367,3012,6693,0,0,0,0,0
608,2587,609.0285072025331,99915,37,18,58,25,14458,7363,0.2183956362908472,17,7,24947,21671,3944,1701,20996,26577,41770,30198,0,0,21411,2933,5786,592,959,41,0,0,0,0,58489,2991,6713,0,0,0,0,0
609,2587,610.084381852972,99915,31,19,58,25,14464,7365,0.2184757043486964,15,7,24963,21717,3924,1688,21008,26543,41843,30292,0,0,21270,2928,5799,588,966,41,0,0,0,0,58620,2974,6729,0,0,0,0,0
610,2587,611.0262305234345,99915,32,19,58,25,14468,7366,0.21852574688485213,16,8,24941,21724,3906,1679,21046,26544,41916,30386,0,0,21133,2914,5816,586,969,41,0,0,0,0,58754,2960,6742,0,0,0,0,0
611,2587,612.1127775477532,99915,36,21,58,25,14477,7368,0.21863584046439474,10,8,24946,21761,3886,1666,21063,26518,41988,30479,0,0,21007,2896,5839,581,974,41,0,0,0,0,58875,2944,6758,0,0,0,0,0
612,2587,613.2552180982818,99915,32,17,58,25,14479,7369,0.21866586598608817,11,8,24965,21824,3863,1658,21070,26467,42059,30571,0,0,20879,2878,5865,578,979,41,0,0,0,0,58994,2930,6771,0,0,0,0,0
613,2587,614.0949199331637,99915,33,16,58,25,14483,7370,0.2187159085222439,10,7,24963,21847,3830,1647,21105,26457,42129,30662,0,0,20756,2857,5891,577,979,42,0,0,0,0,59112,2915,6786,0,0,0,0,0
614,2587,615.3896981645062,99914,30,17,59,25,14485,7373,0.2187681406009168,11,4,24965,21889,3804,1641,21130,26423,42199,30752,0,0,20626,2847,5907,573,982,43,0,0,0,0,59236,2899,6801,0,0,0,0,0
615,2587,616.1745078386903,99914,29,15,59,25,14486,7374,0.21878815781572153,10,6,24982,21932,3782,1624,21137,26397,42268,30841,0,0,20504,2830,5929,569,986,43,0,0,0,0,59353,2884,6816,0,0,0,0,0
616,2587,617.1528536031301,99914,28,17,59,25,14488,7376,0.21882819224533098,10,6,24959,21922,3761,1616,21182,26413,42336,30929,0,0,20379,2815,5947,569,986,43,0,0,0,0,59475,2868,6832,0,0,0,0,0
617,2587,618.1152213438793,99914,33,17,59,25,14495,7379,0.21892827831935466,5,5,24973,21945,3739,1610,21190,26397,42404,31016,0,0,20252,2804,5959,568,988,44,0,0,0,0,59600,2852,6847,0,0,0,0,0
618,2587,619.5572491700145,99914,29,19,59,25,14499,7381,0.21898832996376885,5,6,25033,22064,3729,1594,21144,26291,42471,31102,0,0,20127,2791,5977,565,992,44,0,0,0,0,59719,2839,6860,0,0,0,0,0
619,2587,620.1599154285814,99914,29,18,59,25,14499,7381,0.21898832996376885,5,6,24971,22012,3718,1589,21217,26349,42537,31187,0,0,19998,2787,5982,559,998,44,0,0,0,0,59847,2827,6872,0,0,0,0,0
620,2587,621.7411501628419,99914,30,16,59,25,14502,7386,0.21906839882298776,3,1,25026,22084,3689,1587,21192,26286,42603,31271,0,0,19882,2773,6005,557,999,45,0,0,0,0,59954,2810,6889,0,0,0,0,0
621,2587,622.0326510923005,99914,29,15,59,25,14503,7386,0.21907840743039014,3,2,24987,22068,3670,1580,21251,26309,42668,31354,0,0,19771,2757,6023,556,1000,46,0,0,0,0,60063,2791,6907,0,0,0,0,0
622,2587,623.0599893823082,99914,24,14,59,25,14505,7387,0.21910843325259724,6,2,25069,22137,3650,1569,21191,26252,42732,31436,0,0,19659,2744,6045,553,1003,46,0,0,0,0,60166,2773,6925,0,0,0,0,0
623,2587,624.1190730884023,99914,24,13,59,25,14508,7387,0.21913845907480434,4,2,25048,22122,3634,1560,21230,26277,42796,31517,0,0,19541,2732,6061,551,1005,46,0,0,0,0,60280,2760,6938,0,0,0,0,0
624,2587,625.0002403712225,99914,18,11,59,25,14508,7387,0.21913845907480434,7,4,25047,22145,3618,1555,21250,26259,42859,31598,0,0,19424,2720,6079,546,1011,46,0,0,0,0,60391,2750,6947,0,0,0,0,0
625,2587,626.012369979755,99914,14,11,59,25,14509,7390,0.2191784935044138,7,1,25050,22188,3596,1546,21273,26228,42921,31678,0,0,19311,2706,6101,545,1012,46,0,0,0,0,60496,2736,6961,0,0,0,0,0
626,2587,627.0527528696465,99914,14,10,59,25,14510,7390,0.21918850211181617,6,1,25079,22241,3580,1535,21261,26187,42983,31757,0,0,19198,2693,6116,544,1013,46,0,0,0,0,60607,2722,6975,0,0,0,0,0
627,2587,628.4260337922699,99914,13,5,59,25,14512,7391,0.21921852793402327,4,0,25123,22306,3553,1536,21247,26127,43044,31835,0,0,19091,2677,6140,543,1015,46,0,0,0,0,60706,2707,6989,0,0,0,0,0
628,2587,629.7362312916001,99914,14,5,59,25,14516,7391,0.21925856236363273,3,1,25178,22357,3523,1528,21222,26083,43104,31912,0,0,18984,2666,6152,541,1017,47,0,0,0,0,60811,2691,7005,0,0,0,0,0
629,2587,630.0908782570401,99914,18,8,59,25,14521,7394,0.21933863122285166,25,23,25154,22349,3507,1520,21236,26074,43164,31988,0,0,18880,2657,6162,540,1017,48,0,0,0,0,60914,2670,7026,0,0,0,0,0
630,2587,631.1402655995764,99914,17,13,59,25,14524,7399,0.21941870008207057,24,19,25149,22360,3490,1513,21260,26069,43223,32064,0,0,18777,2640,6179,539,1020,48,1,0,0,1,61015,2655,7039,0,0,0,0,0
631,2587,632.0801551299187,99914,22,17,59,25,14531,7406,0.2195588205857037,21,18,25176,22419,3467,1509,21254,26011,43282,32139,0,0,18668,2632,6186,536,1024,48,2,0,0,4,61120,2640,7054,0,0,0,0,0
632,2587,633.0916127639986,99914,22,19,59,25,14536,7410,0.219648898052325,28,15,25176,22463,3459,1498,21255,25979,43340,32213,0,0,18561,2620,6198,535,1027,48,4,0,0,7,61222,2626,7066,0,0,0,0,0
633,2587,634.2595086044724,99914,29,19,59,25,14546,7411,0.21975899273375102,24,15,25162,22460,3443,1493,21282,25987,43397,32286,0,0,18452,2610,6208,531,1032,48,5,0,0,9,61328,2618,7073,0,0,0,0,0
634,2587,635.0110659920063,99914,28,20,59,25,14550,7413,0.2198190443781652,26,18,25195,22488,3420,1489,21271,25959,43454,32358,0,0,18353,2598,6219,526,1039,48,7,0,0,11,61423,2603,7087,0,0,0,0,0
635,2587,636.0298373674581,99914,33,23,59,25,14557,7420,0.21995916488179834,33,12,25204,22551,3402,1482,21268,25906,43510,32430,0,0,18248,2592,6224,524,1042,48,9,0,0,14,61523,2586,7104,0,0,0,0,0
636,2587,637.1931320958457,99914,35,20,59,25,14565,7421,0.22004924234841963,35,17,25232,22619,3384,1472,21254,25846,43566,32501,0,0,18150,2580,6236,522,1043,49,9,0,0,24,61611,2572,7118,0,0,0,0,0
637,2587,638.3276699296449,99914,38,21,59,25,14569,7424,0.2201193026002362,41,18,25225,22635,3371,1468,21265,25832,43621,32571,0,0,18053,2565,6251,521,1044,49,11,0,0,25,61705,2558,7132,0,0,0,0,0
638,2587,639.1239596653003,99914,36,22,59,25,14573,7428,0.22019937145945512,47,18,25242,22669,3356,1465,21259,25800,43676,32640,0,0,17954,2548,6266,522,1045,51,12,0,0,28,61800,2549,7139,0,0,0,0,0
639,2587,640.1381501763329,99914,36,19,59,25,14580,7431,0.2202994575334788,49,19,25248,22697,3340,1463,21267,25776,43730,32708,0,0,17857,2539,6274,521,1047,51,15,0,0,37,61885,2531,7157,0,0,0,0,0
640,2587,641.3648557916215,99914,42,15,59,25,14595,7433,0.22046960385931902,44,27,25289,22771,3325,1459,21240,25702,43783,32776,0,0,17763,2526,6286,517,1053,51,20,0,0,45,61966,2516,7171,0,0,0,0,0
641,2587,642.3750214695029,99914,46,25,59,25,14607,7443,0.22068979322217105,50,23,25327,22812,3306,1453,21211,25661,43836,32843,0,0,17671,2512,6299,517,1055,51,21,0,0,49,62053,2501,7185,0,0,0,0,0
642,2587,643.126381859832,99914,54,30,59,25,14617,7449,0.22084993094060892,50,22,25333,22825,3283,1448,21220,25649,43888,32909,0,0,17583,2496,6315,517,1055,51,22,0,0,51,62138,2486,7200,0,0,0,0,0
643,2587,644.2528207706416,99914,64,35,59,25,14634,7456,0.2210901375182657,49,25,25361,22890,3259,1442,21207,25582,43940,32975,0,0,17489,2488,6323,511,1062,51,24,0,0,57,62224,2474,7211,0,0,0,0,0
644,2587,645.0028838846838,99914,71,39,59,25,14647,7462,0.22128030105891067,44,27,25357,22904,3252,1437,21216,25567,43991,33040,0,0,17397,2475,6336,507,1067,51,24,0,0,63,62310,2466,7218,0,0,0,0,0
645,2587,646.1276044272533,99914,72,41,59,25,14661,7467,0.2214704645995556,42,35,25386,22948,3249,1432,21191,25518,44042,33104,0,0,17307,2465,6346,506,1070,52,27,0,0,72,62388,2449,7232,0,0,0,0,0
646,2587,647.2510761660578,99914,75,38,59,25,14673,7473,0.22165061953279822,49,37,25414,22984,3245,1433,21157,25482,44092,33167,0,0,17213,2455,6355,504,1075,52,33,0,0,81,62467,2436,7243,0,0,0,0,0
647,2587,648.3733790336042,99914,73,38,59,25,14688,7481,0.22188081750305264,57,39,25439,23049,3246,1426,21125,25422,44142,33230,0,0,17124,2439,6367,504,1081,52,40,0,0,93,62537,2421,7256,0,0,0,0,0
648,2587,649.1209027900529,99914,78,42,59,25,14696,7491,0.22206097243629522,56,32,25436,23057,3234,1428,21136,25415,44191,33292,0,0,17032,2430,6374,500,1087,52,41,0,0,99,62622,2414,7263,0,0,0,0,0
649,2587,650.2421174234403,99914,76,43,59,25,14709,7501,0.22229117040654964,67,28,25470,23139,3228,1419,21099,25345,44240,33353,0,0,16950,2412,6391,499,1092,52,45,0,0,115,62684,2401,7273,0,0,0,0,0
650,2587,651.3617505362479,99914,80,39,59,25,14728,7508,0.22255139419901115,67,31,25518,23193,3213,1415,21062,25296,44288,33414,0,0,16874,2393,6408,497,1100,52,47,0,0,132,62741,2386,7284,0,0,0,0,0
651,2587,652.1071294614828,99914,78,40,59,25,14736,7513,0.2226815060952419,74,37,25528,23199,3204,1413,21056,25285,44336,33474,0,0,16784,2386,6413,498,1104,52,49,0,0,139,62822,2372,7295,0,0,0,0,0
652,2587,653.2240428501079,99914,85,51,59,25,14754,7527,0.2230017815321176,81,33,25559,23235,3194,1411,21021,25244,44383,33533,0,0,16704,2375,6424,496,1106,52,49,0,0,153,62888,2359,7308,0,0,0,0,0
653,2587,654.3393931428993,99914,94,54,59,25,14774,7537,0.2233020397541886,89,34,25580,23283,3182,1412,20995,25191,44430,33592,0,0,16615,2367,6432,491,1112,53,52,0,0,165,62962,2352,7313,0,0,0,0,0
654,2587,655.0821909782946,99914,99,55,59,25,14788,7547,0.22354224633184538,96,31,25575,23304,3173,1411,20997,25173,44476,33650,0,0,16534,2354,6444,488,1117,53,56,0,0,177,63027,2341,7323,0,0,0,0,0
655,2587,656.1965078695936,99914,118,58,59,25,14818,7556,0.22393258202053767,99,40,25594,23343,3163,1406,20966,25127,44522,33707,0,0,16449,2341,6456,488,1120,53,62,0,0,185,63098,2330,7332,0,0,0,0,0
656,2587,657.3095760750599,99914,128,60,59,25,14846,7563,0.22428288327962048,104,54,25627,23398,3155,1402,20926,25060,44568,33764,0,0,16360,2330,6466,489,1124,53,68,0,0,197,63169,2320,7338,0,0,0,0,0
657,2587,658.0506462824993,99914,140,68,59,25,14868,7577,0.22464319314610565,107,53,25624,23408,3147,1404,20922,25041,44613,33820,0,0,16274,2319,6477,487,1126,54,72,0,0,208,63240,2315,7342,0,0,0,0,0
658,2587,659.1617832828888,99914,149,80,59,25,14893,7596,0.22508357187180975,121,51,25661,23436,3129,1405,20880,25002,44658,33876,0,0,16196,2307,6489,486,1131,54,75,0,0,224,63299,2302,7351,0,0,0,0,0
659,2587,660.2712689371292,99914,155,78,59,25,14924,7610,0.22553395920491623,133,57,25674,23477,3123,1413,20855,24949,44702,33931,0,0,16104,2289,6506,487,1133,54,90,0,0,247,63353,2297,7354,0,0,0,0,0
660,2587,661.010328662357,99914,156,79,59,25,14952,7619,0.22590427767880378,141,63,25665,23482,3135,1415,20843,24935,44746,33985,0,0,16016,2283,6510,486,1142,54,100,0,0,264,63414,2284,7361,0,0,0,0,0
661,2587,662.1189873502843,99913,164,79,60,25,14992,7634,0.2264570176053166,137,73,25696,23528,3142,1423,20800,24871,44789,34039,0,0,15927,2271,6520,487,1146,55,113,0,0,289,63464,2273,7368,0,0,0,0,0
662,2587,663.2262601754705,99913,176,84,60,25,15034,7653,0.22706754876742766,135,72,25719,23592,3146,1428,20763,24798,44832,34092,0,0,15838,2263,6526,488,1150,55,125,0,0,316,63514,2261,7377,0,0,0,0,0
663,2587,664.3324189329331,99913,195,87,60,25,15076,7669,0.22764805380681194,136,81,25754,23636,3143,1431,20711,24739,44875,34145,0,0,15758,2255,6532,490,1156,56,125,0,0,342,63568,2251,7380,0,0,0,0,0
664,2587,665.0688851229615,99913,201,88,60,25,15100,7680,0.2279983585719576,143,88,25751,23656,3144,1433,20700,24709,44917,34197,0,0,15678,2247,6537,489,1164,56,125,0,0,362,63628,2245,7382,0,0,0,0,0
665,2587,666.1730618599852,99913,224,91,60,25,15153,7698,0.22870897680982455,138,89,25759,23706,3155,1439,20663,24649,44959,34248,0,0,15599,2237,6542,487,1173,57,135,0,0,388,63671,2233,7391,0,0,0,0,0
666,2587,667.2766733641686,99913,221,101,60,25,15186,7722,0.22927947314163322,164,93,25783,23755,3171,1444,20600,24581,45000,34299,0,0,15514,2226,6546,492,1179,57,144,0,0,418,63717,2223,7397,0,0,0,0,0
667,2587,668.0117613806993,99913,207,109,60,25,15213,7741,0.2297398736901104,175,92,25769,23775,3195,1446,20593,24552,45041,34349,0,0,15433,2216,6552,492,1187,58,155,0,0,449,63756,2212,7403,0,0,0,0,0
668,2587,669.1143748301173,99913,219,118,60,25,15256,7768,0.23044048322040175,179,91,25788,23817,3205,1452,20548,24496,45082,34399,0,0,15351,2207,6557,494,1200,58,162,0,0,474,63806,2201,7403,0,0,0,0,0
669,2587,670.2160994078915,99913,234,126,60,25,15308,7789,0.23117111887341987,180,103,25811,23849,3210,1460,20504,24436,45122,34448,0,0,15272,2197,6562,495,1205,59,170,0,0,509,63842,2193,7409,0,0,0,0,0
670,2587,671.316703710767,99913,231,127,60,25,15348,7819,0.23187172840371123,193,98,25828,23894,3226,1480,20461,24375,45162,34497,0,0,15191,2187,6569,500,1210,60,181,0,0,558,63863,2179,7415,0,0,0,0,0
671,2587,672.0497951401468,99913,241,149,60,25,15379,7846,0.23245223344309549,202,95,25815,23914,3226,1481,20455,24335,45201,34545,0,0,15120,2173,6581,499,1214,60,188,0,0,574,63911,2171,7422,0,0,0,0,0
672,2587,673.1497542400032,99913,251,159,60,25,15432,7871,0.23323291263399157,221,105,25830,23968,3247,1486,20390,24256,45240,34593,0,0,15042,2162,6586,500,1224,62,199,0,0,607,63945,2162,7424,0,0,0,0,0
673,2587,674.2484938760798,99913,280,170,60,25,15495,7907,0.23422377468397507,204,110,25847,23996,3260,1504,20348,24194,45279,34640,0,0,14965,2151,6588,502,1238,63,207,0,0,640,63981,2154,7424,0,0,0,0,0
674,2587,675.3462866915279,99913,284,165,60,25,15550,7931,0.23501446258244674,213,115,25882,24035,3285,1524,20275,24135,45317,34687,0,0,14882,2141,6592,505,1255,63,222,0,0,684,64004,2144,7421,0,0,0,0,0
675,2587,676.0771999244495,99913,296,164,60,25,15584,7951,0.23555493279152864,250,115,25865,24052,3290,1538,20238,24105,45355,34733,0,0,14810,2129,6603,505,1259,64,229,0,0,714,64038,2138,7424,0,0,0,0,0
676,2587,677.1731609375495,99912,295,172,61,25,15639,7983,0.2364280566898871,271,123,25866,24083,3327,1557,20179,24039,45393,34779,0,0,14722,2120,6601,511,1277,64,246,0,0,752,64070,2127,7422,0,0,0,0,0
677,2587,678.2688514393939,99912,324,181,61,25,15717,8017,0.23754904315797903,284,142,25864,24103,3355,1573,20111,23975,45430,34824,0,0,14642,2107,6613,513,1282,64,264,0,0,798,64085,2117,7427,0,0,0,0,0
678,2587,679.3640535741994,99912,356,190,61,25,15802,8057,0.23880014412683162,291,151,25856,24139,3378,1586,20057,23908,45467,34869,0,0,14568,2099,6616,512,1296,64,278,0,0,853,64089,2103,7434,0,0,0,0,0
679,2587,680.0940132373763,99911,371,201,62,25,15856,8087,0.2396432825214441,307,152,25843,24157,3391,1598,20025,23866,45503,34913,0,0,14490,2090,6621,514,1300,65,290,0,0,889,64118,2095,7439,0,0,0,0,0
680,2587,681.1890057240159,99911,378,222,62,25,15935,8129,0.24085436038073885,322,149,25838,24201,3442,1613,19957,23789,45539,34957,0,0,14409,2081,6628,518,1309,66,310,0,0,946,64122,2080,7442,0,0,0,0,0
681,2587,682.2836618005191,99911,411,227,62,25,16023,8165,0.24209546496381779,310,154,25842,24254,3475,1632,19899,23707,45575,35000,0,0,14330,2069,6632,522,1320,66,326,0,0,1001,64130,2072,7443,0,0,0,0,0
682,2587,683.0132401671256,99911,422,227,62,25,16072,8193,0.2428661508742781,328,159,25823,24273,3497,1654,19867,23661,45610,35043,0,0,14261,2062,6628,522,1337,67,335,0,0,1039,64152,2061,7447,0,0,0,0,0
683,2587,684.1079219477654,99910,438,242,63,25,16161,8247,0.2442998698828946,329,158,25823,24294,3545,1682,19801,23598,45645,35085,0,0,14173,2057,6625,527,1357,67,356,0,0,1104,64153,2050,7441,0,0,0,0,0
684,2587,685.2023287957375,99910,456,243,63,25,16257,8283,0.24562105895305775,345,187,25794,24312,3594,1710,19747,23522,45680,35127,0,0,14097,2041,6626,534,1375,67,377,0,0,1171,64141,2037,7444,0,0,0,0,0
685,2587,686.2972025090264,99909,461,241,64,25,16335,8329,0.24686464682861403,375,194,25786,24351,3638,1752,19675,23436,45714,35168,0,0,14011,2030,6623,540,1394,69,403,0,0,1235,64135,2027,7442,0,0,0,0,0
686,2587,687.0270418687522,99909,469,254,64,25,16391,8372,0.24785554854917977,408,186,25760,24359,3666,1775,19632,23400,45748,35209,0,0,13939,2023,6627,539,1411,69,414,0,0,1285,64146,2020,7436,0,0,0,0,0
687,2587,688.1223980780195,99909,507,251,64,25,16503,8418,0.24943698765876948,409,195,25760,24377,3708,1818,19551,23333,45782,35250,0,0,13865,2013,6625,544,1430,70,428,0,0,1367,64124,2009,7434,0,0,0,0,0
688,2587,689.2171605991035,99909,541,271,64,25,16613,8477,0.2511285269595332,424,213,25753,24398,3751,1851,19466,23241,45815,35290,0,0,13789,2003,6619,548,1456,70,448,0,0,1430,64116,1997,7433,0,0,0,0,0
689,2587,690.3115587213383,99907,563,277,66,25,16715,8530,0.25268499704725395,451,229,25724,24423,3800,1888,19395,23157,45848,35330,0,0,13712,1991,6620,555,1476,71,466,0,0,1505,64096,1987,7428,0,0,0,0,0
690,2587,691.0412965315163,99906,586,294,67,25,16801,8571,0.25395872119792606,463,227,25712,24423,3839,1904,19332,23126,45881,35369,0,0,13640,1981,6625,556,1491,72,480,0,0,1558,64100,1981,7422,0,0,0,0,0
691,2587,692.1361621416768,99906,627,291,67,25,16927,8619,0.25570035833683663,474,243,25693,24434,3897,1944,19241,23062,45914,35408,0,0,13560,1971,6623,562,1513,72,501,0,0,1644,64073,1971,7416,0,0,0,0,0
692,2587,693.230836818739,99905,667,331,67,26,17060,8686,0.25770481957859964,492,256,25658,24449,3962,1960,19153,22977,45946,35446,0,0,13484,1952,6625,576,1529,73,522,0,0,1708,64061,1961,7414,0,0,0,0,0
693,2587,694.3260408221214,99904,688,349,68,26,17183,8752,0.25959921524663676,522,261,25623,24466,4029,1998,19069,22899,45978,35484,0,0,13411,1937,6627,583,1545,76,543,0,0,1806,64013,1950,7413,0,0,0,0,0
694,2587,695.0566022371956,99904,708,362,68,26,17283,8804,0.2611206758488149,526,271,25588,24479,4087,2029,19022,22832,46010,35522,0,0,13335,1928,6627,591,1560,77,562,0,0,1880,63995,1938,7411,0,0,0,0,0
695,2587,696.1534173618318,99904,762,366,68,26,17445,8872,0.2634228859705317,528,287,25548,24511,4165,2080,18928,22729,46041,35559,0,0,13244,1915,6625,607,1578,78,597,0,0,1979,63950,1923,7408,0,0,0,0,0
696,2587,697.2510479444012,99904,801,391,68,26,17596,8958,0.2657951633568226,555,305,25482,24523,4252,2132,18841,22622,46072,35596,0,0,13166,1908,6622,611,1598,80,617,0,0,2098,63885,1914,7405,0,0,0,0,0
697,2587,698.3502027836114,99903,844,391,69,26,17756,9023,0.268050008508253,607,310,25413,24552,4337,2184,18729,22536,46103,35632,0,0,13073,1897,6618,621,1621,82,655,0,0,2203,63835,1902,7396,0,0,0,0,0
698,2587,699.0840911000502,99903,881,407,69,26,17880,9079,0.2698517562035174,604,317,25364,24546,4403,2215,18678,22488,46134,35668,0,0,12999,1888,6621,625,1644,84,676,0,0,2278,63813,1893,7382,0,0,0,0,0
699,2587,700.1866125109985,99901,925,418,71,26,18059,9164,0.27249977477702925,639,306,25292,24586,4503,2275,18569,22388,46164,35704,0,0,12911,1874,6615,638,1663,86,714,0,0,2411,63729,1877,7383,0,0,0,0,0
700,2587,701.2914199591846,99901,991,431,71,26,18264,9239,0.2753025495240288,663,333,25237,24587,4604,2323,18433,22299,46194,35739,0,0,12837,1857,6611,649,1683,91,743,0,0,2540,63643,1863,7384,0,0,0,0,0
701,2587,702.0286634749594,99900,1030,456,72,26,18406,9307,0.2774074074074074,698,342,25169,24582,4665,2352,18365,22241,46224,35774,0,0,12760,1841,6614,655,1707,92,767,0,0,2625,63609,1857,7373,0,0,0,0,0
702,2587,703.1361945429816,99900,1038,461,72,26,18580,9398,0.28006006006006007,763,384,25087,24576,4789,2421,18250,22131,46253,35809,0,0,12673,1822,6604,672,1746,94,802,0,0,2777,63505,1846,7359,0,0,0,0,0
703,2587,704.2462851509492,99897,1089,505,74,27,18805,9515,0.28349199675665937,770,404,24997,24571,4926,2464,18143,22028,46282,35843,0,0,12587,1810,6596,682,1790,97,838,0,0,2917,63407,1832,7341,0,0,0,0,0
704,2587,705.3588836121579,99896,1117,582,75,27,19016,9654,0.28699847841755427,784,378,24940,24565,5065,2506,18018,21941,46311,35877,0,0,12495,1795,6596,691,1829,100,879,0,0,3057,63311,1823,7320,0,0,0,0,0
705,2587,706.1014724754185,99894,1152,573,76,28,19184,9713,0.2892766332312251,797,408,24861,24549,5165,2564,17948,21877,46340,35910,0,0,12410,1784,6595,704,1848,102,907,0,0,3182,63234,1812,7316,0,0,0,0,0
706,2587,707.2182167932917,99893,1179,609,77,28,19406,9835,0.2927232138388075,831,434,24767,24528,5315,2629,17830,21771,46368,35943,0,0,12328,1772,6582,712,1891,104,941,0,0,3365,63093,1801,7304,0,0,0,0,0
707,2587,708.3379802241673,99893,1239,638,77,28,19648,9971,0.2965072627711651,862,457,24701,24526,5428,2713,17692,21637,46396,35976,0,0,12228,1761,6572,722,1930,109,991,0,0,3538,62965,1789,7288,0,0,0,0,0
708,2587,709.0855718000054,99893,1229,659,77,28,19801,10050,0.2988297478301783,900,471,24644,24510,5545,2755,17604,21576,46424,36008,0,0,12152,1747,6560,736,1977,111,1020,0,0,3658,62885,1776,7271,0,0,0,0,0
709,2587,710.2090650222577,99892,1263,711,77,29,20044,10209,0.3028570856525047,979,475,24523,24513,5709,2840,17448,21431,46452,36040,0,0,12065,1735,6548,742,2034,115,1064,0,0,3849,62730,1762,7248,0,0,0,0,0
710,2587,711.3359532188132,99892,1347,763,77,29,20333,10362,0.30728186441356664,1021,496,24405,24490,5871,2923,17278,21298,46479,36072,0,0,11971,1725,6538,751,2084,117,1108,0,0,4034,62586,1749,7229,0,0,0,0,0
711,2587,712.0890665279077,99892,1379,763,77,29,20504,10441,0.30978456733271936,1057,517,24327,24475,5964,2991,17195,21224,46506,36103,0,0,11896,1715,6532,760,2115,120,1134,0,0,4168,62492,1738,7222,0,0,0,0,0
712,2587,713.2221535270395,99891,1412,805,78,29,20787,10613,0.3143426334704828,1105,505,24221,24465,6156,3103,17027,21092,46533,36134,0,0,11784,1707,6513,771,2165,128,1199,0,0,4393,62302,1722,7207,0,0,0,0,0
713,2587,714.358880486937,99889,1493,826,78,31,21111,10763,0.3190941945559571,1149,522,24079,24439,6337,3211,16863,20970,46560,36165,0,0,11671,1693,6494,792,2225,135,1259,0,0,4596,62138,1709,7177,0,0,0,0,0
714,2587,715.1193804548277,99888,1572,823,79,31,21337,10859,0.3223209995194618,1175,548,23973,24415,6430,3296,16770,20886,46586,36195,0,0,11605,1681,6482,797,2268,137,1282,0,0,4760,62013,1700,7163,0,0,0,0,0
715,2587,716.2644719676074,99886,1654,849,79,33,21701,11003,0.3274132511062611,1179,588,23826,24374,6645,3391,16616,20764,46612,36225,0,0,11500,1670,6455,817,2332,141,1337,0,0,5001,61813,1682,7138,0,0,0,0,0
716,2587,717.030852505193,99886,1680,866,79,33,21913,11111,0.3306169032697275,1217,600,23705,24338,6794,3465,16524,20697,46638,36255,0,0,11421,1661,6443,836,2373,146,1369,0,0,5159,61688,1661,7129,0,0,0,0,0
717,2587,718.1856091142992,99885,1803,909,80,33,22294,11290,0.3362266606597587,1241,626,23541,24294,6997,3578,16337,20559,46664,36284,0,0,11313,1645,6429,853,2431,151,1434,0,0,5391,61487,1648,7103,0,0,0,0,0
718,2587,719.3462155982484,99885,1868,929,80,33,22664,11461,0.34164288932272113,1295,664,23373,24249,7227,3700,16156,20424,46689,36313,0,0,11203,1637,6407,880,2499,160,1492,0,0,5662,61256,1625,7064,0,0,0,0,0
719,2587,720.1232668786142,99884,1888,953,81,33,22902,11590,0.3453205718633615,1352,665,23259,24217,7375,3785,16044,20346,46714,36342,0,0,11100,1624,6401,891,2537,167,1549,0,0,5853,61102,1617,7043,0,0,0,0,0
720,2587,721.2945487474361,99882,1973,988,83,33,23286,11780,0.35107426763581023,1396,686,23074,24171,7592,3910,15881,20211,46739,36371,0,0,10991,1607,6375,899,2619,173,1617,0,0,6116,60862,1611,7012,0,0,0,0,0
721,2587,722.0792253346573,99881,2018,1027,84,33,23567,11938,0.35547301288533356,1405,705,22965,24103,7757,4008,15770,20123,46764,36399,0,0,10905,1593,6364,909,2674,181,1660,0,0,6324,60678,1601,6992,0,0,0,0,0
722,2587,723.2618872006954,99879,2072,1055,85,34,23977,12160,0.3618077874227816,1427,711,22785,24032,8022,4174,15608,19993,46789,36427,0,0,10768,1572,6337,928,2757,192,1752,0,0,6631,60394,1588,6960,0,0,0,0,0
723,2587,724.0546639173868,99879,2088,1058,85,34,24265,12304,0.366133020955356,1447,719,22664,24007,8228,4293,15487,19888,46813,36455,0,0,10671,1559,6313,953,2824,202,1804,0,0,6858,60190,1569,6936,0,0,0,0,0
724,2587,725.2509380294838,99876,2132,1089,87,35,24686,12533,0.37265208858985144,1494,729,22499,23971,8502,4445,15285,19730,46837,36482,0,0,10573,1535,6285,989,2932,206,1859,0,0,7189,59871,1544,6893,0,0,0,0,0
725,2587,726.0526393066234,99874,2195,1082,89,35,24972,12672,0.3769149127901155,1506,768,22397,23919,8644,4561,15168,19634,46861,36509,0,0,10502,1524,6263,1003,3004,216,1888,0,0,7393,59680,1532,6869,0,0,0,0,0
726,2587,727.2608313220471,99868,2297,1108,95,35,25461,12895,0.38406696839828575,1499,813,22181,23855,8928,4722,14999,19466,46885,36536,0,0,10393,1509,6230,1022,3116,220,1949,0,0,7738,59349,1520,6822,0,0,0,0,0
727,2587,728.0713733792891,99868,2325,1147,95,35,25770,13071,0.3889233788600953,1551,823,22042,23796,9135,4834,14851,19364,46909,36563,0,0,10289,1495,6212,1038,3186,223,2013,0,0,7976,59130,1504,6802,0,0,0,0,0
728,2587,729.2950102009777,99867,2363,1201,96,35,26245,13350,0.3964773148287222,1624,864,21826,23713,9452,5005,14638,19181,46932,36589,0,0,10168,1474,6180,1070,3299,231,2094,0,0,8364,58756,1479,6752,0,0,0,0,0
729,2587,730.1160829145501,99867,2393,1243,96,35,26557,13528,0.40138384050787546,1726,872,21661,23663,9635,5117,14488,19069,46955,36615,0,0,10068,1459,6152,1086,3380,237,2150,0,0,8589,58555,1466,6725,0,0,0,0,0
730,2587,731.3560712752907,99865,2545,1281,97,36,27134,13790,0.409793220848145,1685,924,21456,23577,9929,5295,14287,18886,46978,36641,0,0,9937,1440,6121,1121,3494,248,2227,0,0,8950,58212,1450,6665,0,0,0,0,0
731,2587,732.1879520576624,99865,2606,1327,97,36,27475,13989,0.415200520702949,1732,908,21303,23533,10119,5417,14142,18778,47001,36666,0,0,9848,1431,6103,1126,3566,260,2275,0,0,9204,57979,1437,6636,0,0,0,0,0
732,2587,733.0245228649808,99864,2679,1368,98,36,27856,14188,0.4210125771048626,1738,941,21137,23447,10331,5534,14016,18673,47024,36691,0,0,9744,1421,6080,1138,3650,274,2330,0,0,9440,57748,1429,6610,0,0,0,0,0
733,2587,734.2892472357913,99861,2750,1449,101,36,28434,14502,0.4299576411211584,1768,956,20902,23359,10691,5703,13787,18496,47046,36716,0,0,9608,1404,6029,1169,3788,288,2415,0,0,9842,57349,1412,6557,0,0,0,0,0
734,2587,735.1389423360475,99861,2778,1461,101,36,28831,14704,0.43595597881054665,1757,971,20738,23324,10962,5839,13663,18368,47068,36741,0,0,9490,1386,6006,1196,3874,301,2486,0,0,10146,57051,1400,6525,0,0,0,0,0
735,2587,736.4242613398064,99860,2810,1503,102,36,29374,15017,0.44453234528339675,1838,971,20527,23228,11293,6055,13429,18206,47090,36765,0,0,9361,1362,5957,1233,4032,312,2569,0,0,10563,56626,1377,6468,0,0,0,0,0
736,2587,737.2875696806108,99859,2868,1535,103,36,29786,15227,0.45076557946704854,1908,1023,20334,23125,11524,6193,13262,18087,47112,36789,0,0,9259,1350,5924,1252,4138,319,2634,0,0,10846,56343,1354,6440,0,0,0,0,0
737,2587,738.1568957418012,99856,2952,1539,105,37,30220,15444,0.45729850985419,1924,996,20170,23052,11746,6375,13102,18000,47134,36813,0,0,9133,1338,5886,1268,4231,331,2712,0,0,11155,56050,1344,6408,0,0,0,0,0
738,2587,739.0329765137128,99856,2976,1555,105,37,30621,15663,0.4635074507290498,1997,1020,19963,22982,12007,6535,12951,17870,47155,36837,0,0,9024,1321,5846,1296,4350,344,2777,0,0,11438,55761,1323,6376,0,0,0,0,0
739,2587,740.3599950867482,99852,3067,1656,108,38,31300,16047,0.47417177422585427,2008,976,19713,22878,12391,6761,12712,17690,47176,36860,0,0,8856,1310,5808,1329,4485,366,2891,0,0,11900,55283,1299,6325,0,0,0,0,0
740,2587,741.2529011961599,99850,3119,1693,109,39,31742,16291,0.4810515773660491,2013,965,19544,22816,12641,6918,12573,17568,47197,36883,0,0,8765,1292,5769,1363,4595,382,2936,0,0,12222,54960,1279,6287,0,0,0,0,0
741,2587,742.1529441347602,99848,3169,1680,111,39,32210,16515,0.48799174745613333,2032,991,19338,22737,12934,7104,12415,17448,47218,36906,0,0,8662,1275,5731,1384,4727,389,2992,0,0,12584,54587,1265,6252,0,0,0,0,0
742,2587,743.061434095411,99848,3202,1687,111,39,32646,16747,0.4946819165130999,2114,1057,19148,22623,13176,7276,12248,17317,47239,36929,0,0,8554,1264,5693,1409,4865,405,3052,0,0,12890,54273,1247,6196,0,0,0,0,0
743,2587,744.4378526084381,99845,3341,1708,114,39,33408,17132,0.5061845861084682,2061,1083,18868,22503,13591,7561,12024,17105,47259,36952,0,0,8392,1242,5644,1459,5064,421,3161,0,0,13377,53741,1218,6126,0,0,0,0,0
744,2587,745.3652133939239,99842,3371,1704,116,40,33895,17373,0.513491316279722,2087,1096,18663,22406,13883,7754,11879,16999,47279,36974,0,0,8280,1230,5607,1483,5198,436,3226,0,0,13745,53350,1202,6085,0,0,0,0,0
745,2587,746.3023911296069,99835,3397,1712,121,42,34369,17627,0.5208193519306856,2133,1102,18462,22336,14181,7935,11705,16872,47299,36996,0,0,8176,1207,5577,1506,5343,457,3289,0,0,14079,52979,1189,6033,0,0,0,0,0
746,2587,747.2491302618195,99833,3433,1722,123,42,34874,17887,0.5284925826129636,2158,1134,18275,22242,14473,8123,11537,16736,47319,37018,0,0,8053,1191,5539,1547,5460,485,3360,0,0,14436,52605,1167,5990,0,0,0,0,0
747,2587,748.2042229411339,99830,3521,1722,125,43,35435,18154,0.536802564359411,2127,1170,18074,22140,14762,8321,11390,16603,47339,37040,0,0,7931,1176,5509,1576,5581,512,3432,0,0,14812,52198,1154,5949,0,0,0,0,0
748,2587,749.1686623041315,99826,3532,1783,129,43,35928,18458,0.5448079658605974,2174,1160,17877,22047,15057,8501,11230,16465,47359,37061,0,0,7826,1157,5471,1600,5713,535,3490,0,0,15179,51796,1144,5915,0,0,0,0,0
749,2587,750.1429413881951,99823,3546,1813,131,44,36445,18730,0.5527283291425824,2184,1168,17687,21972,15371,8674,11080,16328,47378,37082,0,0,7701,1140,5435,1645,5840,559,3555,0,0,15543,51401,1131,5873,0,0,0,0,0
750,2587,751.1273641199579,99820,3589,1829,134,44,36994,19021,0.5611600881586857,2200,1193,17466,21889,15704,8873,10906,16171,47397,37103,0,0,7592,1125,5395,1680,6020,583,3611,0,0,15882,50998,1117,5817,0,0,0,0,0
751,2587,752.1226812932742,99819,3556,1836,134,45,37505,19290,0.5689798535348982,2211,1251,17267,21774,16054,9061,10777,16032,47416,37124,0,0,7456,1105,5359,1702,6184,614,3710,0,0,16237,50591,1100,5761,0,0,0,0,0
752,2587,753.1291239598372,99814,3546,1890,138,46,38043,19605,0.5775542509066864,2242,1249,17090,21668,16382,9247,10601,15899,47435,37145,0,0,7339,1089,5328,1727,6346,643,3773,0,0,16611,50161,1087,5710,0,0,0,0,0
753,2587,754.145843171037,99809,3605,1930,141,48,38636,19933,0.586810808644511,2165,1227,16928,21579,16700,9450,10460,15765,47454,37165,0,0,7223,1071,5278,1765,6523,674,3836,0,0,16965,49751,1066,5657,0,0,0,0,0
754,2587,755.1720607956918,99808,3656,2009,142,48,39193,20292,0.595994309073421,2199,1211,16718,21485,16983,9649,10301,15597,47473,37185,0,0,7098,1061,5230,1784,6709,702,3909,0,0,17284,49370,1051,5610,0,0,0,0,0
755,2587,756.2001085467269,99807,3721,2027,143,48,39752,20596,0.6046469686494935,2225,1218,16532,21388,17250,9851,10128,15467,47492,37205,0,0,6992,1047,5193,1822,6867,732,3961,0,0,17630,48968,1026,5569,0,0,0,0,0
756,2587,757.2110552671055,99801,3775,2026,147,50,40306,20904,0.6133205078105429,2236,1224,16383,21310,17475,10065,9983,15324,47510,37225,0,0,6882,1031,5159,1840,7026,769,4030,0,0,17994,48533,1015,5522,0,0,0,0,0
757,2587,758.2069819034704,99798,3829,2081,150,50,40871,21221,0.622176797130203,2273,1232,16211,21182,17725,10259,9811,15195,47528,37245,0,0,6785,1007,5123,1877,7192,809,4071,0,0,18302,48155,1004,5473,0,0,0,0,0
758,2587,759.1879187375071,99794,3803,2097,153,51,41412,21538,0.6307994468605327,2287,1217,16062,21098,18057,10480,9637,15056,47546,37264,0,0,6678,988,5079,1913,7365,848,4128,0,0,18685,47694,988,5428,0,0,0,0,0
759,2587,760.1520211789648,99791,3831,2067,156,51,41994,21817,0.639446443066008,2260,1248,15846,21004,18398,10704,9508,14925,47564,37283,0,0,6564,969,5041,1943,7536,888,4185,0,0,19078,47251,973,5363,0,0,0,0,0
760,2587,761.0980147644907,99790,3805,2105,156,52,42501,22103,0.6473995390319671,2296,1275,15705,20921,18680,10860,9357,14786,47582,37302,0,0,6455,957,5005,1968,7696,924,4237,0,0,19411,46858,958,5321,0,0,0,0,0
761,2587,762.0285258468142,99787,3814,2110,158,53,43000,22382,0.6552156092476976,2326,1310,15516,20823,18956,11041,9229,14662,47600,37321,0,0,6345,948,4985,1996,7855,956,4294,0,0,19718,46474,939,5277,0,0,0,0,0
762,2587,763.3976392182908,99785,3885,2133,159,54,43779,22833,0.6675552437741143,2311,1271,15266,20719,19320,11346,9058,14476,47617,37340,0,0,6217,926,4929,2038,8098,1004,4369,0,0,20216,45872,913,5203,0,0,0,0,0
763,2587,764.2953574402785,99784,3851,2135,160,54,44283,23116,0.6754489697747134,2288,1292,15115,20628,19649,11527,8936,14363,47634,37359,0,0,6124,909,4881,2088,8292,1039,4391,0,0,20536,45477,900,5147,0,0,0,0,0
764,2587,765.1796997680035,99783,3857,2151,161,54,44781,23394,0.6832326147740597,2238,1298,15011,20561,19922,11695,8810,14240,47651,37377,0,0,6021,885,4844,2129,8460,1070,4441,0,0,20824,45113,886,5110,0,0,0,0,0
765,2587,766.0509320208714,99782,3849,2165,162,54,45266,23668,0.6908460443767412,2279,1318,14878,20456,20168,11880,8663,14126,47668,37395,0,0,5928,865,4805,2167,8634,1104,4478,0,0,21105,44751,876,5069,0,0,0,0,0
766,2587,767.3380153973409,99780,3861,2171,164,54,45989,24086,0.7022950491080376,2231,1308,14709,20302,20542,12191,8492,13973,47685,37413,0,0,5801,854,4750,2205,8893,1163,4535,0,0,21535,44199,856,4989,0,0,0,0,0
767,2587,768.1830965308606,99777,3789,2175,166,55,46429,24354,0.7094119887348788,2216,1340,14613,20214,20834,12351,8381,13864,47702,37431,0,0,5696,843,4717,2242,9068,1200,4571,0,0,21826,43836,847,4931,0,0,0,0,0
768,2587,769.0172504404279,99776,3761,2189,166,56,46872,24618,0.7165049711353432,2204,1332,14495,20149,21084,12505,8289,13768,47719,37449,0,0,5591,833,4690,2280,9216,1243,4620,0,0,22079,43504,828,4892,0,0,0,0,0
769,2587,770.2503191968382,99774,3731,2281,168,56,47531,25028,0.7272335478180688,2205,1336,14310,20048,21460,12695,8125,13583,47736,37466,0,0,5463,813,4642,2331,9450,1296,4685,0,0,22421,43031,812,4830,0,0,0,0,0
770,2587,771.0602933347121,99773,3723,2323,169,56,47941,25336,0.7344371723813056,2202,1269,14217,19966,21662,12877,8026,13508,47752,37483,0,0,5385,803,4615,2356,9601,1333,4711,0,0,22689,42690,804,4786,0,0,0,0,0
771,2587,772.2602498349715,99772,3747,2293,170,56,48596,25707,0.7447279797939301,2182,1287,14073,19848,21949,13164,7878,13351,47768,37500,0,0,5276,785,4562,2387,9877,1377,4757,0,0,23049,42193,795,4714,0,0,0,0,0
772,2587,773.0511371877675,99767,3750,2287,171,60,49013,25972,0.7516012308679223,2217,1243,13943,19788,22127,13354,7791,13267,47784,37517,0,0,5204,771,4539,2418,10040,1414,4774,0,0,23289,41867,782,4669,0,0,0,0,0
773,2587,774.225564338027,99761,3764,2301,175,62,49641,26364,0.7618708713826045,2230,1205,13813,19705,22387,13621,7630,13105,47800,37534,0,0,5102,758,4493,2451,10274,1465,4811,0,0,23657,41374,773,4603,0,0,0,0,0
774,2587,775.0007243260953,99759,3759,2259,176,63,50044,26575,0.7680409787588087,2209,1221,13724,19656,22575,13791,7556,13009,47816,37551,0,0,5022,748,4464,2483,10414,1508,4835,0,0,23889,41070,757,4569,0,0,0,0,0
775,2587,776.1514374709933,99755,3793,2227,179,64,50657,26922,0.7776953536163601,2212,1187,13584,19600,22820,14047,7411,12874,47832,37567,0,0,4910,733,4420,2498,10634,1569,4896,0,0,24205,40626,738,4526,0,0,0,0,0
776,2587,777.2895552417021,99755,3813,2218,179,64,51296,27262,0.7875093980251616,2149,1166,13438,19531,23140,14269,7280,12751,47848,37583,0,0,4820,721,4378,2547,10860,1631,4911,0,0,24523,40174,722,4468,0,0,0,0,0
777,2587,778.0401852701488,99751,3781,2167,181,66,51691,27462,0.7935058295154935,2097,1216,13367,19450,23382,14440,7191,12660,47863,37599,0,0,4754,714,4339,2569,11037,1675,4924,0,0,24719,39873,710,4437,0,0,0,0,0
778,2587,779.1543270702607,99749,3770,2115,181,68,52274,27781,0.8025644367362079,2063,1227,13274,19356,23627,14679,7084,12554,47878,37615,0,0,4658,705,4294,2588,11260,1750,4963,0,0,25020,39431,697,4383,0,0,0,0,0
779,2587,780.2570996657116,99748,3757,2091,182,68,52848,28110,0.8116252957452781,2035,1217,13169,19291,23882,14902,6974,12430,47893,37631,0,0,4563,688,4255,2644,11447,1828,4989,0,0,25314,39001,683,4336,0,0,0,0,0
780,2587,781.3486864744727,99744,3745,2050,184,70,53428,28424,0.8206207892204043,1975,1220,13103,19239,24130,15126,6862,12294,47908,37647,0,0,4466,675,4215,2668,11670,1895,5027,0,0,25609,38565,672,4282,0,0,0,0,0
781,2587,782.0708878117872,99743,3712,2071,185,70,53781,28645,0.8263838063824028,1971,1209,13041,19209,24299,15223,6791,12217,47923,37663,0,0,4410,666,4189,2688,11817,1950,5035,0,0,25750,38329,664,4245,0,0,0,0,0
782,2587,783.1461869284287,99741,3703,2089,187,70,54322,28987,0.8352533060627024,1950,1192,12968,19154,24505,15394,6686,12100,47938,37678,0,0,4339,652,4161,2711,12032,2018,5051,0,0,25998,37927,654,4198,0,0,0,0,0
783,2587,784.2123110938932,99740,3708,2064,188,70,54873,29307,0.8439943854020453,1887,1195,12899,19075,24732,15615,6585,11980,47953,37693,0,0,4261,639,4120,2746,12257,2080,5070,0,0,26248,37531,635,4153,0,0,0,0,0
784,2587,785.2694600336528,99739,3651,2109,188,71,55375,29634,0.8523145409518844,1859,1177,12811,19010,24996,15775,6494,11857,47968,37708,0,0,4180,632,4088,2758,12463,2155,5099,0,0,26455,37168,627,4114,0,0,0,0,0
785,2587,786.3167952960879,99737,3646,2094,190,71,55868,29952,0.8604630177366474,1827,1143,12754,18975,25181,15969,6401,11747,47983,37723,0,0,4106,619,4057,2798,12669,2203,5104,0,0,26713,36783,616,4069,0,0,0,0,0
786,2587,787.011003278722,99737,3594,2075,190,71,56189,30141,0.8655764661058584,1841,1146,12704,18943,25325,16081,6345,11683,47997,37738,0,0,4058,613,4029,2818,12816,2245,5099,0,0,26888,36521,611,4039,0,0,0,0,0
787,2587,788.045470703194,99737,3547,2031,190,71,56666,30428,0.8732366122903236,1860,1154,12599,18884,25527,16274,6276,11585,48011,37753,0,0,3995,598,3999,2863,13004,2321,5094,0,0,27132,36142,596,3993,0,0,0,0,0
788,2587,789.0726898863535,99731,3536,2043,194,73,57153,30738,0.8812806449348748,1828,1099,12536,18854,25712,16436,6193,11494,48025,37768,0,0,3911,592,3974,2894,13205,2375,5113,0,0,27329,35800,590,3948,0,0,0,0,0
789,2587,790.0929521787582,99730,3519,2058,195,73,57632,31038,0.8891005715431666,1779,1074,12490,18798,25896,16593,6120,11403,48039,37782,0,0,3850,580,3932,2933,13416,2445,5120,0,0,27480,35497,575,3902,0,0,0,0,0
790,2587,791.1067499626689,99727,3407,2017,196,75,58052,31310,0.8960662608922358,1800,1084,12425,18740,26128,16782,6043,11301,48053,37796,0,0,3784,577,3892,2947,13640,2514,5131,0,0,27681,35128,564,3869,0,0,0,0,0
791,2587,792.1134767380681,99727,3398,2007,196,75,58523,31583,0.9035266276936036,1829,1044,12344,18717,26269,16944,5963,11212,48067,37810,0,0,3729,567,3852,2966,13852,2572,5129,0,0,27873,34795,560,3832,0,0,0,0,0
792,2587,793.1144698802407,99725,3396,1987,196,77,59011,31830,0.9109150162948108,1781,1041,12271,18700,26449,17076,5906,11118,48081,37824,0,0,3642,557,3829,2992,14014,2643,5164,0,0,28050,34482,551,3801,0,0,0,0,0
793,2587,794.109474469131,99725,3340,1968,196,77,59449,32083,0.9178440711957884,1720,1016,12227,18662,26658,17239,5858,11037,48095,37838,0,0,3572,551,3792,3024,14194,2725,5165,0,0,28200,34197,542,3763,0,0,0,0,0
794,2587,795.0982623936541,99723,3271,1953,197,78,59858,32347,0.9246111729490689,1717,984,12188,18649,26843,17377,5783,10958,48109,37852,0,0,3510,543,3763,3043,14374,2807,5161,0,0,28358,33901,535,3728,0,0,0,0,0
795,2587,796.0814883283919,99719,3218,1942,201,78,60286,32603,0.9315075361766564,1711,974,12126,18645,27032,17495,5711,10865,48122,37866,0,0,3433,533,3741,3063,14520,2886,5186,0,0,28537,33594,528,3698,0,0,0,0,0
796,2587,797.0589244792079,99715,3184,1894,203,80,60698,32821,0.9378629092914808,1654,992,12114,18615,27189,17637,5655,10781,48135,37880,0,0,3369,526,3715,3093,14725,2942,5190,0,0,28655,33321,519,3660,0,0,0,0,0
797,2587,798.0315756759692,99714,3156,1831,204,80,61109,33055,0.9443408147301282,1625,983,12068,18605,27359,17804,5587,10696,48148,37893,0,0,3317,517,3687,3112,14898,3016,5191,0,0,28835,33003,512,3626,0,0,0,0,0
798,2587,799.3211240468362,99711,3075,1820,205,82,61605,33392,0.9527233705408631,1606,943,12030,18579,27576,17983,5507,10592,48161,37906,0,0,3242,509,3652,3130,15119,3111,5195,0,0,29029,32638,505,3581,0,0,0,0,0
799,2587,800.2828154506423,99708,3032,1813,205,85,61986,33622,0.9588799293938299,1619,948,11996,18568,27689,18079,5458,10506,48174,37919,0,0,3184,497,3628,3143,15292,3186,5202,0,0,29117,32401,500,3558,0,0,0,0,0
800,2587,801.241167905462,99706,3027,1824,207,85,62382,33872,0.9653782119431128,1567,917,11973,18552,27813,18190,5412,10431,48187,37932,0,0,3143,489,3606,3155,15455,3254,5192,0,0,29236,32150,498,3528,0,0,0,0,0
801,2587,802.1960868937358,99705,3008,1830,208,85,62746,34116,0.9714858833558999,1524,876,11954,18537,27949,18328,5356,10343,48200,37945,0,0,3093,480,3582,3164,15630,3315,5197,0,0,29333,31915,494,3502,0,0,0,0,0
802,2587,803.147008719747,99704,2938,1808,209,85,63090,34329,0.9770821632030812,1518,879,11927,18524,28114,18434,5293,10269,48213,37958,0,0,3037,476,3554,3170,15785,3397,5205,0,0,29438,31684,484,3474,0,0,0,0,0
803,2587,804.0936656635979,99703,2926,1766,210,85,63469,34538,0.9829894787518931,1460,861,11923,18517,28249,18562,5231,10208,48226,37971,0,0,2986,471,3530,3190,15968,3454,5205,0,0,29547,31440,472,3440,0,0,0,0,0
804,2587,805.0365629879874,99701,2868,1758,212,85,63826,34753,0.9887463515912579,1421,857,11910,18490,28406,18666,5182,10143,48239,37984,0,0,2934,464,3508,3214,16126,3533,5204,0,0,29620,31221,465,3412,0,0,0,0,0
805,2587,806.2878174068815,99700,2746,1711,213,85,64221,35010,0.9952958876629889,1445,846,11896,18499,28573,18798,5126,10060,48251,37996,0,0,2881,456,3468,3231,16333,3633,5202,0,0,29745,30917,456,3378,0,0,0,0,0
806,2587,807.2229871595797,99698,2714,1669,214,86,64571,35211,1.0008425444843427,1428,833,11891,18488,28683,18920,5069,10003,48263,38008,0,0,2850,449,3444,3247,16506,3711,5187,0,0,29811,30693,454,3346,0,0,0,0,0
807,2587,808.1550679402625,99698,2650,1648,214,86,64863,35405,1.0057172661437541,1450,838,11902,18475,28774,19015,5009,9937,48275,38020,0,0,2822,440,3428,3264,16654,3779,5175,0,0,29892,30479,446,3319,0,0,0,0,0
808,2587,809.0847928976972,99694,2620,1645,217,87,65192,35612,1.0111340702549803,1399,821,11913,18444,28884,19115,4966,9887,48287,38032,0,0,2780,434,3404,3291,16784,3847,5169,0,0,29987,30268,434,3296,0,0,0,0,0
809,2587,810.0120652399097,99694,2620,1608,217,87,65507,35779,1.0159688647260618,1360,834,11902,18447,28975,19203,4925,9820,48299,38044,0,0,2754,433,3386,3299,16914,3919,5151,0,0,30050,30088,428,3272,0,0,0,0,0
810,2587,811.244512035905,99690,2579,1590,219,89,65930,36061,1.0230815528137225,1251,783,11916,18443,29152,19354,4882,9740,48311,38056,0,0,2706,428,3358,3309,17107,4028,5144,0,0,30099,29845,418,3248,0,0,0,0,0
811,2587,812.1660981049718,99687,2523,1596,222,89,66213,36247,1.0278170674210279,1231,782,11912,18434,29260,19417,4851,9681,48323,38068,0,0,2672,419,3338,3328,17230,4103,5138,0,0,30147,29674,413,3225,0,0,0,0,0
812,2587,813.0847996551878,99687,2482,1533,222,89,66511,36412,1.0324616048230963,1230,780,11914,18431,29343,19550,4808,9616,48335,38080,0,0,2644,412,3316,3339,17392,4158,5116,0,0,30246,29451,409,3204,0,0,0,0,0
813,2587,814.0016879617219,99685,2469,1509,224,89,66816,36594,1.0373677082810855,1161,779,11917,18432,29454,19637,4774,9553,48347,38092,0,0,2611,406,3298,3357,17529,4219,5104,0,0,30310,29261,404,3186,0,0,0,0,0
814,2587,815.221013620209,99682,2384,1519,227,89,67168,36851,1.043508356573905,1160,741,11948,18449,29555,19715,4725,9486,48359,38104,0,0,2561,400,3271,3373,17716,4298,5102,0,0,30386,29013,403,3159,0,0,0,0,0
815,2587,816.1339632370053,99682,2349,1486,227,89,67420,37021,1.0477418189843704,1132,724,11966,18463,29633,19795,4692,9442,48371,38115,0,0,2530,396,3254,3380,17859,4347,5091,0,0,30450,28829,399,3147,0,0,0,0,0
816,2587,817.04539548324,99682,2308,1469,227,89,67656,37193,1.0518348347745832,1141,688,11974,18471,29686,19890,4663,9392,48382,38126,0,0,2502,390,3229,3380,17991,4406,5082,0,0,30501,28672,397,3132,0,0,0,0,0
817,2587,818.2586769632338,99681,2251,1415,228,89,68015,37405,1.0575736599753214,1098,667,12014,18501,29800,20007,4608,9320,48393,38137,0,0,2468,386,3204,3386,18157,4495,5064,0,0,30605,28421,393,3102,0,0,0,0,0
818,2587,819.1670139434308,99681,2215,1407,228,89,68273,37573,1.0618472928642368,1063,649,12021,18508,29893,20075,4579,9271,48404,38148,0,0,2443,386,3182,3387,18268,4557,5047,0,0,30684,28244,392,3091,0,0,0,0,0
819,2587,820.0736403517224,99680,2167,1362,229,89,68515,37720,1.0657604333868378,1049,635,12045,18540,29958,20146,4551,9227,48415,38159,0,0,2414,382,3160,3399,18364,4629,5036,0,0,30772,28063,386,3075,0,0,0,0,0
820,2587,821.2798700343147,99677,2094,1323,231,90,68829,37915,1.0708990037822166,1053,635,12055,18541,30070,20258,4496,9152,48426,38170,0,0,2388,376,3131,3403,18517,4718,5023,0,0,30860,27843,377,3041,0,0,0,0,0
821,2587,822.1828745719204,99676,2065,1304,231,91,69069,38056,1.07473213210803,1023,632,12073,18550,30138,20314,4469,9108,48437,38181,0,0,2361,374,3120,3421,18618,4780,5009,0,0,30892,27701,374,3026,0,0,0,0,0
822,2587,823.084527057267,99675,2020,1251,232,91,69300,38191,1.0784148482568348,1028,625,12098,18582,30184,20392,4437,9058,48448,38192,0,0,2327,369,3098,3422,18735,4857,5012,0,0,30910,27565,371,3009,0,0,0,0,0
823,2587,824.2855708498331,99675,1981,1193,232,91,69612,38364,1.083280662151994,971,621,12127,18636,30284,20462,4404,8996,48459,38203,0,0,2290,360,3080,3432,18907,4924,5008,0,0,30953,27366,368,2987,0,0,0,0,0
824,2587,825.1850719843873,99675,1939,1191,232,91,69863,38499,1.0871532480561825,922,607,12147,18652,30381,20509,4378,8949,48470,38214,0,0,2264,356,3075,3428,19026,4989,5001,0,0,30967,27237,366,2966,0,0,0,0,0
825,2587,826.0827836640902,99674,1906,1158,232,92,70063,38638,1.0905652426911732,897,588,12173,18681,30432,20581,4359,8899,48481,38224,0,0,2240,353,3060,3439,19120,5047,4989,0,0,31015,27098,362,2951,0,0,0,0,0
826,2587,827.2783923502973,99674,1807,1143,232,92,70320,38812,1.0948893392459418,885,553,12221,18729,30538,20650,4316,8832,48492,38234,0,0,2197,352,3038,3430,19265,5113,4994,0,0,31080,26912,356,2937,0,0,0,0,0
827,2587,828.1740925910685,99673,1773,1144,232,93,70511,38926,1.0979603302800156,883,567,12265,18748,30557,20650,4289,8797,48503,38244,0,0,2178,351,3025,3439,19355,5161,4980,0,0,31105,26805,348,2926,0,0,0,0,0
828,2587,829.0693336227537,99673,1754,1133,232,93,70692,39041,1.100930041234838,886,565,12292,18773,30573,20669,4262,8766,48514,38254,0,0,2166,348,3014,3440,19439,5210,4965,0,0,31135,26698,342,2916,0,0,0,0,0
829,2587,830.2626697955168,99671,1754,1092,234,93,70982,39182,1.1052763592218398,855,576,12340,18828,30598,20715,4218,8695,48524,38264,0,0,2141,344,2999,3443,19572,5275,4958,0,0,31157,26544,339,2899,0,0,0,0,0
830,2587,831.1573028271122,99670,1697,1064,234,94,71161,39309,1.1083575800140464,856,552,12384,18868,30627,20758,4201,8663,48534,38274,0,0,2121,343,2981,3442,19678,5332,4947,0,0,31191,26416,335,2884,0,0,0,0,0
831,2587,832.0521126910146,99669,1681,1017,234,95,71358,39419,1.1114488958452478,807,557,12436,18877,30661,20819,4180,8634,48544,38284,0,0,2100,342,2962,3446,19770,5387,4934,0,0,31227,26297,334,2870,0,0,0,0,0
832,2587,833.2446879248105,99668,1611,996,235,95,71574,39590,1.1153429385560059,799,542,12485,18903,30718,20877,4151,8586,48554,38294,0,0,2069,338,2947,3454,19881,5455,4929,0,0,31286,26130,332,2847,0,0,0,0,0
833,2587,834.1388487821978,99666,1577,990,236,96,71749,39697,1.1181947705335822,776,538,12540,18938,30730,20889,4140,8548,48564,38304,0,0,2049,335,2936,3454,19965,5504,4919,0,0,31304,26033,329,2838,0,0,0,0,0
834,2587,835.0333108718357,99665,1583,959,237,96,71934,39806,1.1211558721717754,749,514,12581,18993,30736,20922,4113,8515,48574,38314,0,0,2039,334,2925,3453,20049,5553,4902,0,0,31325,25929,327,2829,0,0,0,0,0
835,2587,836.2261151062715,99664,1549,942,238,96,72166,39952,1.1249598651468935,716,502,12654,19049,30757,20960,4085,8450,48584,38324,0,0,2011,330,2903,3459,20151,5616,4895,0,0,31360,25795,324,2820,0,0,0,0,0
836,2587,837.1211990938224,99664,1523,917,238,96,72331,40052,1.1276187991651951,730,502,12696,19069,30749,20991,4063,8424,48594,38334,0,0,1996,328,2893,3458,20224,5678,4884,0,0,31362,25708,321,2812,0,0,0,0,0
837,2587,838.0167326391042,99664,1466,908,238,96,72474,40142,1.129956654358645,716,490,12758,19099,30769,21001,4052,8405,48604,38343,0,0,1979,324,2882,3464,20293,5728,4869,0,0,31380,25626,320,2799,0,0,0,0,0
838,2587,839.2111620327192,99662,1434,891,239,97,72686,40292,1.1336116072324456,698,461,12827,19168,30791,21043,4010,8339,48614,38352,0,0,1964,320,2864,3480,20393,5788,4849,0,0,31425,25486,313,2780,0,0,0,0,0
839,2587,840.1070036012228,99662,1428,882,239,97,72848,40396,1.1362806285244125,684,437,12857,19220,30796,21054,3995,8309,48624,38361,1,1,1950,317,2855,3481,20472,5825,4833,0,0,31449,25399,310,2769,0,2,0,0,0
840,2587,841.0030900243692,99662,1382,872,239,97,72997,40496,1.1387790732676446,672,425,12905,19256,30833,21068,3968,8281,48634,38370,2,2,1933,315,2847,3479,20554,5871,4825,0,0,31466,25306,306,2756,0,3,0,0,1
841,2587,842.197633474473,99662,1346,855,239,97,73187,40632,1.1420501294374987,646,411,12982,19318,30850,21096,3936,8222,48644,38379,3,3,1918,311,2838,3495,20616,5943,4801,0,0,31495,25191,297,2753,0,3,0,0,1
842,2587,843.0938543715713,99662,1306,823,239,97,73315,40719,1.1442074210832613,644,424,13032,19355,30858,21120,3920,8180,48654,38388,4,4,1902,309,2832,3502,20680,5993,4790,0,0,31503,25103,295,2747,0,4,0,0,2
843,2587,844.2897220095992,99660,1280,831,241,97,73496,40850,1.1473610274934778,637,398,13108,19418,30839,21116,3894,8139,48663,38397,6,5,1890,305,2818,3498,20747,6063,4780,0,0,31520,25006,292,2732,0,5,0,0,4
844,2587,845.1872536423252,99660,1256,801,241,97,73650,40930,1.149709010636163,595,398,13170,19441,30860,21146,3877,8116,48672,38406,9,6,1877,301,2808,3498,20823,6110,4768,0,0,31531,24922,288,2721,0,7,0,0,6
845,2587,846.0852458886785,99660,1241,799,241,97,73784,41010,1.1518563114589604,579,393,13268,19498,30803,21117,3867,8095,48681,38415,13,7,1865,299,2796,3500,20858,6164,4757,0,0,31547,24856,287,2714,0,8,1,0,8
846,2587,847.2849869945873,99660,1195,783,241,97,73959,41139,1.1549066827212522,562,366,13358,19553,30799,21147,3844,8053,48690,38424,18,8,1851,299,2785,3501,20932,6225,4737,0,0,31590,24731,286,2702,0,10,1,0,10
847,2587,848.1857607338957,99658,1162,756,243,97,74085,41209,1.1568965863252323,560,377,13412,19602,30792,21149,3830,8018,48699,38433,25,9,1840,296,2780,3495,20999,6273,4727,0,0,31582,24662,284,2692,1,14,1,0,12
848,2587,849.0872215633027,99658,1142,729,243,97,74224,41285,1.1590539645587912,543,372,13463,19646,30789,21159,3819,7996,48708,38442,33,10,1832,296,2768,3494,21066,6320,4707,0,0,31584,24588,282,2686,1,17,2,0,15
849,2587,850.2899799463522,99658,1086,705,243,97,74381,41394,1.1617230929779847,528,352,13537,19721,30811,21163,3794,7961,48717,38451,43,11,1816,295,2756,3488,21148,6382,4696,0,0,31595,24481,282,2674,1,25,2,0,17
850,2587,851.1926665798903,99656,1067,705,245,97,74499,41481,1.163803483984908,524,327,13611,19788,30765,21141,3787,7941,48726,38459,55,12,1808,295,2746,3485,21226,6412,4684,0,0,31595,24410,280,2661,1,30,2,0,21
851,2587,852.0967341853577,99656,1051,677,245,97,74614,41552,1.1656699044713816,509,336,13661,19833,30757,21140,3776,7916,48735,38467,69,13,1796,294,2735,3484,21282,6452,4676,0,0,31608,24332,279,2651,3,36,2,0,26
852,2587,853.0016092898343,99656,1038,677,245,97,74724,41634,1.1675965320703219,497,325,13711,19884,30748,21115,3760,7901,48744,38475,85,14,1789,291,2723,3493,21344,6486,4655,0,0,31604,24277,278,2640,4,43,2,0,27
853,2587,854.2089517766824,99655,998,670,245,98,74863,41737,1.1700366263609452,511,313,13784,19946,30723,21101,3738,7871,48753,38483,104,15,1781,286,2711,3494,21404,6545,4641,0,0,31607,24186,274,2634,4,51,3,0,34
854,2587,855.1154828160198,99654,973,655,245,99,74977,41806,1.1718847211351275,503,312,13851,19985,30697,21078,3730,7870,48762,38491,125,17,1765,285,2703,3495,21451,6592,4631,0,0,31602,24125,272,2627,4,60,3,0,39
855,2587,856.023323716786,99654,966,661,245,99,75095,41891,1.1739217693218535,487,279,13912,20045,30665,21053,3724,7862,48771,38499,149,19,1751,282,2695,3500,21481,6633,4624,0,0,31623,24047,269,2622,5,68,4,0,50
856,2587,857.2359041788499,99653,980,628,246,99,75243,41957,1.176081001073726,469,316,13991,20097,30606,21030,3707,7829,48780,38507,176,21,1739,279,2686,3496,21531,6673,4615,0,0,31646,23950,269,2618,7,76,5,0,63
857,2587,858.1467643327509,99653,942,619,246,99,75346,42028,1.1778270598978455,455,300,14083,20135,30581,21015,3692,7831,48789,38515,206,23,1732,275,2681,3494,21574,6720,4601,0,0,31649,23877,267,2605,8,92,6,0,72
858,2587,859.0590425002455,99653,924,610,246,99,75452,42101,1.1796232928261066,447,295,14153,20175,30550,21001,3679,7819,48798,38523,239,26,1723,272,2674,3494,21615,6765,4594,0,0,31642,23807,264,2597,10,105,8,0,83
859,2587,860.2778088218304,99653,915,594,246,99,75594,42183,1.18187109269164,448,294,14258,20237,30471,20961,3661,7814,48806,38531,276,29,1713,266,2668,3497,21678,6812,4585,0,0,31622,23727,258,2588,12,120,10,0,97
860,2587,861.1939271867698,99652,880,576,247,99,75686,42249,1.1834684702765625,471,287,14313,20271,30430,20942,3658,7824,48814,38539,317,32,1701,266,2662,3493,21730,6855,4574,0,0,31591,23663,257,2582,12,145,11,0,110
861,2587,862.1114486366796,99651,885,557,247,100,75803,42316,1.185326790498841,443,282,14372,20315,30402,20915,3650,7830,48822,38547,361,36,1690,265,2653,3497,21761,6906,4566,0,0,31578,23598,255,2570,13,160,13,0,126
862,2587,863.030358626032,99651,879,542,247,100,75897,42375,1.1868621488996598,441,283,14424,20348,30369,20878,3639,7848,48830,38555,409,40,1682,265,2649,3491,21795,6944,4558,0,0,31578,23520,253,2564,15,180,13,0,144
863,2587,864.2571974954338,99651,859,536,247,100,76025,42466,1.1890598187674986,456,263,14478,20405,30330,20827,3629,7868,48838,38563,462,45,1671,263,2635,3483,21834,6997,4547,0,0,31587,23425,250,2561,16,204,16,0,162
864,2587,865.1786430964677,99650,841,528,247,101,76117,42526,1.1905970898143503,439,263,14547,20423,30298,20793,3627,7891,48846,38571,519,50,1664,260,2627,3484,21869,7038,4535,0,0,31574,23355,247,2552,20,231,17,0,177
865,2587,866.1013620400533,99650,825,531,247,101,76221,42597,1.192353236327145,425,246,14616,20462,30266,20745,3620,7914,48854,38579,580,56,1650,259,2618,3478,21893,7086,4527,0,0,31571,23281,245,2547,24,254,18,0,199
866,2587,867.0255010882233,99649,803,523,248,101,76311,42664,1.193940731969212,418,237,14684,20499,30229,20696,3617,7943,48862,38586,646,62,1641,258,2614,3468,21931,7133,4521,0,0,31544,23206,245,2537,30,281,20,0,220
867,2587,868.2600120985687,99649,785,500,248,101,76434,42737,1.1959076358016638,395,241,14791,20566,30176,20618,3604,7973,48870,38593,716,69,1630,254,2609,3465,21969,7191,4512,0,0,31524,23108,245,2531,31,309,22,0,249
868,2587,869.187799904635,99649,773,472,248,101,76523,42788,1.197312567110558,378,237,14865,20576,30137,20595,3598,8018,48878,38600,791,77,1619,252,2598,3465,21995,7244,4501,0,0,31492,23040,243,2527,33,337,27,0,276
869,2587,870.117336476206,99648,740,463,249,101,76596,42833,1.198508750802826,377,229,14941,20614,30091,20526,3601,8066,48886,38607,871,86,1613,251,2594,3461,22041,7279,4490,0,0,31443,22972,240,2517,35,379,29,0,304
870,2587,871.048829398307,99648,719,461,249,101,76675,42881,1.1997832369942196,363,237,15028,20665,30038,20434,3602,8101,48894,38614,956,95,1608,251,2583,3454,22046,7339,4482,0,0,31422,22899,238,2514,36,407,33,0,336
871,2587,872.2935156895448,99648,695,442,249,101,76789,42955,1.201669877970456,362,217,15117,20682,29990,20405,3586,8152,48902,38621,1046,105,1601,248,2577,3442,22075,7403,4474,0,0,31401,22785,238,2508,37,442,35,0,382
872,2587,873.2287738352821,99648,688,424,249,101,76879,42995,1.2029744701348748,350,218,15202,20707,29932,20349,3578,8200,48910,38628,1142,116,1591,247,2564,3443,22082,7458,4462,0,0,31377,22715,237,2499,41,479,40,0,413
873,2587,874.1661752370961,99648,654,432,249,101,76952,43048,1.2042389210019269,347,211,15274,20714,29896,20272,3579,8269,48918,38635,1243,128,1584,244,2554,3442,22082,7519,4454,0,0,31345,22642,237,2489,45,519,44,0,448
874,2587,875.1052044656761,99648,655,432,249,101,77027,43109,1.2056037251123957,339,192,15345,20734,29833,20204,3578,8336,48926,38642,1349,141,1578,243,2549,3438,22096,7565,4442,0,0,31301,22569,237,2480,48,569,48,0,485
875,2587,876.0464003166527,99648,657,403,249,101,77110,43153,1.2068782113037893,314,198,15422,20748,29772,20152,3585,8397,48934,38649,1461,155,1574,242,2543,3440,22095,7624,4428,0,0,31268,22479,236,2472,51,616,52,0,528
876,2587,877.3048437320729,99648,651,392,249,101,77207,43207,1.2083935452793835,314,209,15515,20787,29687,20057,3583,8453,48942,38656,1578,170,1565,241,2528,3438,22094,7688,4420,0,0,31246,22377,234,2467,56,650,62,0,582
877,2587,878.2511536979121,99648,617,375,249,101,77274,43249,1.2094873956326269,311,215,15594,20791,29641,19972,3587,8545,48950,38663,1701,186,1556,241,2516,3435,22109,7741,4413,0,0,31195,22292,233,2455,63,704,70,0,625
878,2587,879.1992157272246,99647,593,366,250,101,77334,43283,1.2104428633074753,311,225,15655,20791,29598,19885,3592,8631,48957,38670,1829,203,1553,240,2505,3435,22114,7794,4400,0,0,31153,22207,231,2443,69,752,74,0,677
879,2587,880.1490855662279,99647,589,379,250,101,77404,43352,1.2118377873894848,298,199,15711,20813,29547,19790,3604,8717,48964,38677,1963,221,1546,240,2498,3436,22126,7835,4391,0,0,31097,22116,231,2441,70,818,77,0,725
880,2587,881.1009105048631,99647,558,379,250,101,77465,43395,1.2128814715947294,286,191,15792,20817,29498,19696,3615,8815,48971,38684,2103,241,1533,239,2487,3431,22141,7884,4391,0,0,31012,22045,231,2431,74,893,84,0,771
881,2587,882.054908972362,99647,554,366,250,101,77527,43431,1.2138649432496713,281,191,15873,20830,29415,19610,3626,8901,48978,38691,2248,262,1525,239,2479,3431,22146,7931,4384,0,0,30941,21971,231,2418,81,964,89,0,817
882,2587,883.0117055123326,99647,542,360,250,101,77579,43484,1.2149186628799662,284,174,15962,20845,29325,19524,3636,8995,48985,38698,2399,284,1522,238,2469,3421,22146,7981,4377,0,0,30894,21874,229,2411,87,1036,93,0,869
883,2587,884.2920649372398,99647,529,335,250,101,77676,43528,1.2163336578120767,273,174,16086,20866,29218,19444,3643,9079,48992,38705,2556,308,1516,238,2455,3415,22160,8052,4367,0,0,30820,21767,229,2401,92,1104,102,0,929
884,2587,885.2557526736263,99647,525,317,250,101,77753,43562,1.2174475899926742,252,181,16169,20870,29153,19347,3650,9183,48999,38711,2718,333,1510,238,2446,3415,22164,8108,4356,0,0,30737,21681,229,2387,101,1178,107,0,990
885,2587,886.2219994370365,99645,516,309,251,102,77813,43598,1.218435445832706,241,178,16248,20872,29075,19253,3668,9285,49006,38717,2886,360,1507,237,2435,3411,22153,8170,4346,0,0,30681,21579,229,2374,107,1238,115,0,1063
886,2587,887.1911256606372,99645,499,309,251,102,77866,43643,1.2194189372271564,240,173,16335,20868,28992,19148,3682,9399,49013,38723,3059,388,1501,236,2427,3413,22142,8234,4339,0,0,30595,21485,228,2370,112,1310,120,0,1133
887,2587,888.1632908130451,99645,498,307,251,102,77931,43679,1.2204325355010286,228,164,16404,20845,28910,19054,3708,9527,49020,38729,3238,418,1495,236,2421,3413,22125,8295,4331,0,0,30517,21389,228,2360,119,1387,123,0,1206
888,2587,889.13836248486,99645,482,289,251,102,77988,43707,1.2212855637513171,217,174,16464,20842,28860,18941,3725,9651,49027,38735,3422,450,1486,236,2410,3415,22092,8373,4325,0,0,30445,21294,228,2349,127,1460,131,0,1274
889,2587,890.11553722588,99645,471,287,251,102,78046,43754,1.2223393045310853,226,159,16507,20829,28796,18854,3748,9768,49034,38741,3612,484,1482,235,2402,3413,22070,8446,4317,0,0,30366,21182,228,2339,134,1539,136,0,1356
890,2587,891.0950353103098,99645,463,301,251,102,78099,43809,1.2234231521902754,233,130,16567,20817,28714,18738,3771,9911,49041,38747,3807,519,1476,235,2390,3416,22055,8507,4306,0,0,30280,21084,228,2330,140,1633,141,0,1424
891,2587,892.0773992411844,99645,467,294,251,102,78160,43834,1.224286216067038,231,133,16625,20765,28630,18646,3795,10059,49048,38753,4007,556,1470,234,2380,3416,22047,8554,4297,0,0,30182,20984,227,2322,146,1736,148,0,1502
892,2587,893.0626487453374,99645,464,292,251,102,78222,43876,1.2253299212203321,224,122,16690,20742,28551,18534,3819,10207,49055,38759,4212,595,1464,234,2368,3414,22023,8622,4290,0,0,30108,20868,226,2315,151,1823,155,0,1584
893,2587,894.0506838447735,99645,460,277,251,102,78280,43905,1.2262030207235686,233,121,16753,20742,28456,18401,3846,10356,49062,38765,4422,636,1457,230,2361,3415,21992,8696,4285,0,0,30010,20769,226,2305,158,1925,161,0,1655
894,2587,895.0419855550026,99644,458,265,252,102,78349,43939,1.2272490064630084,217,111,16826,20737,28374,18288,3872,10496,49069,38771,4637,679,1452,230,2347,3413,21971,8764,4271,0,0,29909,20659,226,2299,162,2032,173,0,1736
895,2587,896.036393385813,99644,445,266,252,102,78406,43973,1.2281622576371884,211,106,16883,20710,28311,18163,3897,10652,49076,38777,4856,724,1447,228,2336,3414,21925,8845,4262,0,0,29834,20539,225,2286,173,2120,181,0,1829
896,2587,897.0335188536761,99644,444,259,252,102,78464,43998,1.228995222993858,202,112,16957,20670,28217,18039,3927,10817,49083,38783,5080,772,1438,227,2324,3412,21887,8920,4261,0,0,29740,20433,225,2277,178,2220,190,0,1912
897,2587,898.0337094132339,99643,423,242,253,102,78522,44026,1.2298706381782964,207,118,17012,20647,28145,17917,3959,10973,49090,38789,5308,822,1429,227,2307,3415,21857,9002,4250,0,0,29637,20327,225,2265,188,2323,199,0,1992
898,2587,899.0368802950328,99643,426,247,253,102,78580,44062,1.230814006001425,195,115,17082,20604,28050,17794,3993,11137,49097,38795,5541,874,1423,227,2297,3410,21817,9083,4242,0,0,29551,20209,225,2253,199,2414,207,0,2086
899,2587,900.0435869410451,99643,425,241,253,102,78614,44079,1.2313258332246118,221,147,17116,20640,28003,17768,3981,11101,49097,38795,5541,874,1419,227,2293,3411,21819,9101,4243,0,0,29549,20198,225,2252,199,2414,207,0,2086
900,2587,900.0435869410451,99643,426,245,253,102,78634,44091,1.2316469797175917,224,146,17122,20550,27946,17668,4028,11288,49097,38795,5778,928,1418,227,2286,3413,21760,9168,4240,1,10,29435,20101,225,2244,207,2522,213,0,2173
901,2587,901.0534966883764,99642,413,247,254,102,78679,44136,1.2325625740149737,252,147,17185,20524,27836,17534,4059,11445,49097,38795,6018,985,1412,226,2281,3414,21717,9238,4237,7,46,29301,19956,225,2236,213,2633,218,1,2281
902,2587,902.0671335002886,99642,420,250,254,102,78758,44165,1.233646454306417,230,147,17249,20483,27750,17399,4096,11618,49097,38795,6262,1044,1410,226,2267,3415,21667,9325,4231,9,73,29171,19834,224,2221,224,2740,228,2,2375
903,2587,903.0842320263935,99640,428,254,255,103,78822,44203,1.2346949016459254,228,157,17307,20440,27648,17260,4133,11785,49097,38795,6510,1105,1408,226,2257,3415,21604,9420,4229,11,94,29044,19706,222,2215,229,2840,237,4,2479
904,2587,904.1047206968121,99640,430,258,255,103,78893,44238,1.2357587314331593,227,163,17381,20396,27555,17131,4151,11948,49097,38795,6761,1169,1405,226,2234,3417,21560,9505,4221,14,113,28906,19591,222,2197,242,2953,255,5,2574
905,2587,905.1288150009436,99640,427,252,255,103,78958,44274,1.2367723805700521,228,161,17443,20369,27456,16998,4190,12116,49097,38795,7015,1235,1399,225,2225,3418,21524,9583,4211,20,134,28744,19482,222,2181,253,3090,262,7,2660
906,2587,906.1563572703039,99640,424,257,255,103,79009,44319,1.2377358490566037,226,165,17509,20343,27348,16851,4237,12280,49097,38795,7272,1304,1395,225,2214,3418,21457,9682,4207,24,160,28614,19357,222,2170,261,3196,272,9,2757
907,2587,907.1880006082934,99640,406,268,255,103,79053,44368,1.2386692091529505,254,152,17539,20322,27255,16715,4290,12439,49097,38795,7532,1376,1393,225,2198,3421,21411,9774,4201,26,182,28454,19240,222,2157,271,3320,284,10,2851
908,2587,908.2233516035459,99640,403,265,255,103,79114,44400,1.2396025692492976,271,160,17586,20271,27147,16577,4337,12623,49097,38795,7794,1450,1390,222,2186,3426,21363,9855,4196,29,207,28290,19117,222,2146,281,3457,294,14,2945
909,2587,909.2625912336099,99639,400,266,256,103,79184,44434,1.2406587781892633,273,162,17650,20236,27033,16426,4387,12806,49097,38795,8059,1527,1386,222,2176,3426,21306,9948,4189,33,232,28126,18996,222,2139,286,3595,302,19,3036
910,2587,910.3058691165741,99639,424,259,256,103,79261,44465,1.241742691114925,266,171,17679,20175,26933,16297,4441,12994,49097,38795,8326,1607,1384,221,2168,3419,21262,10034,4188,35,250,27967,18863,221,2133,290,3726,308,24,3146
911,2587,911.0035899524069,99638,433,269,257,103,79305,44497,1.2425179148517633,262,162,17710,20096,26845,16164,4492,13205,49097,38795,8595,1689,1383,221,2151,3421,21201,10113,4184,36,270,27822,18736,221,2123,298,3857,325,27,3249
912,2587,912.0541099401136,99638,431,271,257,103,79361,44543,1.243541620666814,265,149,17772,20076,26725,16027,4549,13373,49097,38795,8865,1774,1381,221,2135,3422,21131,10217,4176,38,296,27671,18604,220,2117,301,3989,337,28,3354
913,2587,913.1090426437319,99638,454,280,257,103,79442,44586,1.2447861257753066,246,146,17820,20026,26611,15891,4611,13553,49097,38795,9137,1862,1381,221,2122,3430,21070,10316,4168,38,309,27501,18480,219,2102,312,4129,347,32,3461
914,2587,914.1683390709042,99638,431,279,257,103,79492,44631,1.2457395772697164,266,141,17863,19969,26503,15773,4679,13734,49097,38795,9410,1953,1377,221,2107,3431,21013,10418,4160,42,336,27336,18346,219,2085,325,4264,358,36,3564
915,2587,915.2320528953754,99638,432,267,257,103,79558,44658,1.2466729561010859,275,151,17896,19921,26393,15628,4746,13929,49097,38795,9684,2046,1377,221,2095,3427,20941,10537,4156,42,362,27167,18230,219,2075,332,4398,369,39,3651
916,2587,916.3002538388595,99638,427,256,257,103,79626,44692,1.2476966619161365,289,151,17911,19879,26305,15491,4810,14119,49097,38795,9959,2142,1377,220,2082,3429,20870,10651,4149,42,386,27002,18103,218,2052,348,4535,381,47,3746
917,2587,917.0145285841609,99638,419,260,257,103,79673,44719,1.248439350448624,288,155,17924,19793,26230,15368,4881,14320,49097,38795,10235,2241,1376,220,2071,3428,20798,10754,4144,43,400,26844,17981,218,2035,362,4672,391,52,3849
918,2587,918.0894129516801,99638,445,256,257,103,79766,44754,1.2497240008831971,279,161,17956,19719,26108,15248,4954,14512,49097,38795,10512,2343,1374,220,2059,3431,20761,10843,4134,45,419,26664,17839,218,2023,371,4812,401,60,3964
919,2587,919.16878991697,99638,447,271,257,103,79843,44799,1.2509484333286498,267,153,17977,19679,26020,15104,5031,14689,49097,38795,10789,2448,1370,220,2051,3431,20693,10958,4129,49,438,26497,17709,218,2007,383,4943,407,66,4069
920,2587,920.2520225181204,99638,433,275,257,103,79899,44837,1.2518918484915393,289,156,18019,19653,25899,14947,5102,14865,49097,38795,11066,2555,1368,219,2037,3432,20622,11080,4124,51,448,26332,17599,217,1993,392,5071,418,72,4163
921,2587,921.3401259545994,99638,442,263,257,103,79977,44880,1.2531062446054717,275,153,18045,19620,25800,14833,5180,15027,49097,38795,11343,2665,1365,217,2021,3440,20568,11186,4113,54,474,26163,17447,217,1977,403,5203,429,78,4283
922,2587,922.068003906717,99638,454,269,257,103,80031,44913,1.2539794054477207,276,155,18052,19530,25698,14721,5262,15221,49097,38795,11620,2778,1362,217,2006,3439,20493,11286,4110,57,492,26020,17315,217,1965,414,5326,444,81,4394
923,2587,923.1645771566388,99638,457,276,257,103,80101,44954,1.2550934382464523,293,147,18054,19511,25595,14576,5343,15386,49097,38795,11897,2894,1361,216,1988,3435,20446,11377,4108,58,514,25829,17187,217,1947,430,5486,459,89,4491
924,2587,924.2654741548494,99638,451,276,257,103,80173,44998,1.256257652702784,293,142,18085,19478,25498,14436,5415,15564,49097,38795,12173,3013,1358,216,1974,3437,20393,11485,4097,61,537,25652,17049,216,1932,443,5626,467,96,4599
925,2587,925.0017593869685,99638,483,273,257,103,80235,45022,1.257120777213513,276,143,18091,19402,25379,14331,5513,15747,49097,38795,12449,3134,1358,216,1959,3435,20329,11577,4097,61,545,25492,16926,216,1914,459,5764,480,103,4707
926,2587,926.1116223550043,99637,495,259,258,103,80326,45064,1.2584682397101479,252,153,18129,19358,25275,14213,5590,15913,49097,38795,12724,3258,1352,214,1948,3437,20278,11686,4091,67,573,25308,16790,214,1899,471,5906,486,109,4808
927,2587,927.2263083875038,99637,484,263,258,103,80388,45113,1.2595822836897939,271,151,18132,19304,25172,14097,5682,16081,49097,38795,12998,3385,1349,214,1927,3435,20213,11798,4086,70,599,25140,16642,214,1883,484,6039,505,116,4923
928,2587,928.3455299478,99637,488,262,258,103,80467,45154,1.2607866555596816,257,171,18179,19257,25042,13969,5775,16237,49097,38795,13271,3515,1346,214,1908,3438,20140,11917,4079,73,621,24968,16500,214,1870,495,6176,520,125,5033
929,2587,929.0947989216647,99637,488,268,258,103,80518,45187,1.261629715868603,258,159,18166,19196,24945,13841,5884,16432,49097,38795,13543,3647,1343,214,1902,3444,20050,12038,4069,76,639,24815,16360,214,1860,502,6307,524,128,5152
930,2587,930.224175914082,99635,464,265,260,103,80574,45228,1.2626285943694484,273,159,18193,19165,24831,13720,5978,16587,49097,38795,13813,3782,1340,214,1892,3443,19985,12154,4062,79,663,24643,16211,213,1846,513,6443,530,135,5269
931,2587,931.3589602079286,99635,476,244,260,103,80660,45264,1.263853063682441,273,166,18239,19103,24680,13631,6071,16752,49097,38795,14082,3920,1336,214,1883,3439,19925,12269,4059,82,688,24458,16076,212,1829,527,6588,537,143,5370
932,2587,932.1190491665556,99635,483,265,260,103,80716,45302,1.2647965072514677,273,162,18247,19032,24552,13506,6184,16931,49097,38795,14349,4060,1336,214,1874,3444,19849,12370,4052,82,699,24280,15956,212,1814,538,6748,545,147,5475
933,2587,933.2659427526878,99635,498,268,260,103,80789,45355,1.2660611230993124,298,147,18282,18986,24377,13407,6284,17088,49097,38795,14615,4203,1329,214,1858,3447,19789,12474,4045,89,720,24106,15806,212,1804,546,6885,560,155,5596
934,2587,934.0348786212576,99634,504,256,261,103,80844,45376,1.2668366220366543,288,152,18292,18911,24261,13308,6393,17269,49097,38795,14879,4348,1327,214,1843,3450,19704,12593,4042,91,730,23951,15675,208,1786,558,7019,571,163,5709
935,2587,935.1947829361521,99633,498,263,262,103,80927,45417,1.2680939046299922,300,164,18296,18884,24153,13181,6490,17404,49097,38795,15141,4496,1326,213,1825,3456,19617,12724,4032,92,747,23788,15535,207,1770,571,7152,585,169,5824
936,2587,936.3601861885166,99632,479,279,263,103,81006,45480,1.2695318773084954,311,142,18315,18850,24044,13075,6587,17550,49097,38795,15401,4646,1320,213,1812,3460,19534,12859,4025,98,779,23604,15392,207,1752,581,7296,596,175,5929
937,2587,937.1401294061354,99632,484,266,263,103,81066,45501,1.2703448691183556,303,158,18330,18806,23915,12967,6704,17699,49097,38795,15659,4798,1319,213,1795,3459,19449,12977,4022,98,799,23451,15267,207,1733,596,7429,610,184,6024
938,2587,938.3170930564889,99631,502,271,264,103,81157,45556,1.2718230269695174,283,155,18386,18742,23764,12868,6800,17860,49097,38795,15915,4952,1318,213,1782,3460,19383,13093,4014,99,822,23255,15137,206,1718,607,7591,621,192,6120
939,2587,939.1058896417996,99630,508,280,264,104,81220,45592,1.2728294690354311,283,147,18396,18672,23625,12764,6923,18032,49097,38795,16168,5109,1316,213,1771,3458,19298,13212,4007,101,828,23099,15015,206,1705,618,7727,631,200,6225
940,2587,940.2969001729263,99629,500,280,265,104,81296,45637,1.2740567505445202,280,154,18414,18629,23508,12651,7032,18181,49097,38795,16419,5268,1312,212,1755,3461,19217,13339,4000,105,852,22921,14880,206,1695,626,7869,643,209,6327
941,2587,941.0943848016872,99629,514,282,265,104,81364,45670,1.2750705115980288,264,149,18398,18566,23394,12569,7164,18329,49097,38795,16668,5429,1311,212,1742,3463,19129,13468,3994,106,868,22770,14745,206,1683,634,7989,654,216,6439
942,2587,942.2976338698672,99628,503,273,266,104,81445,45713,1.2763279399365641,275,139,18422,18554,23258,12464,7275,18465,49097,38795,16914,5592,1307,212,1724,3466,19056,13598,3983,110,890,22577,14628,206,1668,644,8140,670,230,6519
943,2587,943.1035789056965,99628,517,266,266,104,81507,45742,1.2772413377765286,264,131,18410,18481,23131,12384,7411,18633,49097,38795,17158,5757,1304,212,1707,3468,18978,13714,3978,113,900,22407,14514,206,1655,656,8280,686,240,6610
944,2587,944.3201499246601,99628,517,254,266,104,81603,45784,1.2786264905448268,253,137,18414,18486,23020,12271,7529,18747,49097,38795,17399,5924,1300,212,1698,3458,18902,13853,3972,117,923,22228,14375,206,1642,663,8421,692,251,6715
945,2587,945.1349373060636,99628,503,252,266,104,81656,45810,1.2794194403179828,257,148,18393,18436,22917,12171,7663,18888,49097,38795,17637,6092,1298,212,1682,3455,18818,13978,3966,119,929,22070,14258,206,1630,672,8553,706,261,6815
946,2587,946.3639603235148,99628,490,241,266,104,81732,45851,1.280593808969366,278,150,18408,18427,22771,12075,7786,19002,49097,38795,17873,6262,1295,212,1666,3458,18750,14103,3957,122,960,21889,14125,206,1617,682,8690,719,275,6902
947,2587,947.1875056913758,99628,478,242,266,104,81780,45888,1.2814469827759265,276,125,18402,18389,22650,11984,7927,19155,49097,38795,18106,6434,1291,211,1650,3456,18686,14211,3954,126,966,21709,14024,206,1605,690,8840,731,292,6980
948,2587,948.0156384992398,99628,476,225,266,104,81834,45910,1.2822098205323804,265,128,18402,18337,22522,11905,8068,19300,49097,38795,18336,6607,1286,211,1644,3458,18573,14356,3950,131,979,21552,13910,206,1593,700,8970,736,302,7071
949,2587,949.2665925426838,99628,468,214,266,104,81913,45941,1.2833139278114587,255,132,18433,18315,22388,11815,8189,19419,49097,38795,18563,6782,1284,209,1636,3458,18493,14487,3943,132,997,21378,13790,206,1579,710,9109,743,319,7155
950,2587,950.1048606049192,99628,465,218,266,104,81972,45971,1.284207250973622,245,133,18435,18279,22257,11720,8331,19545,49097,38795,18788,6958,1281,208,1625,3459,18426,14590,3938,135,1004,21201,13686,205,1569,718,9262,753,323,7245
951,2587,951.3705194401892,99628,453,217,266,104,82040,46018,1.2853615449472036,243,121,18444,18270,22144,11638,8449,19649,49097,38795,19010,7135,1278,205,1610,3460,18352,14712,3932,137,1031,21031,13558,204,1558,727,9399,766,330,7338
952,2587,952.2182088271776,99628,445,212,266,104,82094,46041,1.2861344200425584,249,122,18425,18238,22033,11524,8581,19799,49097,38795,19229,7313,1276,205,1591,3465,18274,14837,3924,138,1035,20859,13472,204,1539,744,9537,779,340,7409
953,2587,953.0702812886518,99628,430,216,266,104,82138,46071,1.286877183121211,252,125,18431,18195,21907,11439,8713,19920,49097,38795,19445,7492,1273,203,1580,3469,18174,14962,3919,141,1042,20721,13366,204,1525,758,9657,786,359,7489
954,2587,954.357114493927,99628,448,224,266,104,82223,46116,1.2881820371783033,235,117,18441,18162,21766,11361,8843,20031,49097,38795,19658,7672,1268,202,1565,3469,18076,15099,3914,146,1053,20573,13246,204,1515,768,9778,796,370,7586
955,2587,955.219505017357,99627,454,219,267,104,82285,46138,1.2890381121583507,223,114,18414,18123,21658,11280,8983,20159,49097,38795,19868,7853,1265,202,1551,3470,17982,15227,3911,149,1063,20423,13131,204,1501,782,9898,808,378,7682
956,2587,956.0864489441128,99627,456,219,267,104,82334,46158,1.2897306954941934,217,124,18402,18077,21537,11185,9120,20290,49097,38795,20075,8035,1263,201,1543,3470,17903,15342,3908,151,1065,20285,13021,204,1489,789,10012,814,386,7781
957,2587,957.3950797076133,99626,438,223,268,104,82409,46210,1.2910184088490957,202,114,18435,18071,21422,11108,9234,20379,49097,38795,20279,8218,1260,201,1536,3468,17831,15467,3898,154,1083,20131,12889,204,1476,798,10130,821,399,7880
958,2587,958.2717954046816,99626,414,239,268,104,82450,46243,1.291761186838777,216,107,18405,18050,21326,11008,9370,20491,49097,38795,20481,8402,1257,200,1528,3474,17742,15582,3890,156,1090,19987,12773,203,1467,807,10257,826,410,7977
959,2587,959.152618582261,99626,404,245,268,104,82497,46277,1.2925742276112662,222,107,18363,18042,21218,10916,9524,20585,49097,38795,20680,8586,1255,200,1519,3481,17644,15713,3884,157,1091,19841,12674,202,1452,817,10379,833,424,8060
960,2587,960.0381531325626,99626,390,235,268,104,82546,46309,1.2933872683837553,216,99,18348,18005,21111,10850,9666,20706,49097,38795,20876,8771,1247,199,1508,3481,17568,15837,3881,165,1102,19683,12566,202,1444,823,10499,842,436,8143
961,2587,961.3749043210447,99626,379,210,268,104,82612,46337,1.2943307971814586,213,106,18405,18023,20944,10780,9790,20776,49097,38795,21069,8956,1242,199,1490,3486,17487,15967,3873,169,1127,19521,12451,202,1436,829,10629,849,446,8223
962,2587,962.2714968617782,99625,374,210,269,104,82657,46360,1.29502634880803,205,119,18401,17981,20821,10701,9929,20884,49097,38795,21259,9141,1241,198,1473,3488,17386,16091,3870,170,1138,19375,12363,202,1419,843,10757,865,456,8290
963,2587,963.1740731398443,99625,371,216,269,104,82702,46390,1.2957791718946048,198,110,18396,17970,20701,10614,10064,20985,49097,38795,21446,9326,1240,197,1460,3486,17314,16191,3868,171,1147,19223,12260,202,1411,849,10890,876,467,8373
964,2587,964.0823418267672,99625,350,206,269,104,82731,46413,1.2963011292346298,216,103,18385,17973,20566,10544,10213,21069,49097,38795,21630,9512,1239,196,1450,3489,17242,16304,3860,172,1152,19068,12166,202,1398,860,11018,882,474,8453
965,2587,965.4547278875656,99625,359,197,269,104,82808,46450,1.2974454203262233,199,96,18418,17992,20426,10473,10328,21137,49097,38795,21811,9698,1235,195,1437,3488,17149,16443,3855,176,1163,18925,12067,202,1388,864,11133,891,489,8525
966,2587,966.3750375193322,99625,355,191,269,104,82854,46473,1.298138017565872,207,95,18403,17965,20310,10418,10455,21226,49097,38795,21990,9884,1234,195,1423,3490,17065,16553,3849,177,1175,18773,11974,202,1374,876,11266,904,503,8592
967,2587,967.3008171700645,99625,357,186,269,104,82906,46494,1.2988707653701381,194,101,18398,17952,20197,10338,10584,21318,49097,38795,22166,10070,1234,194,1408,3492,16983,16671,3844,176,1177,18626,11898,202,1365,884,11389,913,521,8648
968,2587,968.2318401940918,99625,357,196,269,104,82949,46530,1.29966373902133,193,89,18371,17963,20075,10257,10734,21390,49097,38795,22339,10255,1232,194,1402,3496,16888,16784,3841,178,1184,18496,11803,200,1357,889,11507,918,536,8720
969,2587,969.1684329464676,99625,363,190,269,104,83000,46558,1.300456712672522,186,89,18348,17979,19953,10173,10880,21464,49097,38795,22509,10440,1227,194,1396,3496,16820,16885,3838,183,1186,18353,11710,200,1347,895,11628,922,555,8790
970,2587,970.1108572456161,99623,370,189,271,104,83045,46585,1.3012055449042892,189,85,18331,17983,19825,10099,11013,21539,49097,38795,22677,10625,1227,194,1385,3502,16733,16998,3831,183,1185,18207,11639,200,1338,903,11753,931,570,8844
971,2587,971.0594862304446,99623,378,174,271,104,83094,46601,1.3018580046776347,174,85,18333,17982,19699,10036,11144,21618,49097,38795,22842,10809,1226,194,1376,3505,16658,17105,3826,184,1191,18078,11544,199,1329,911,11855,939,583,8920
972,2587,972.0138334921621,99623,362,179,271,104,83135,46623,1.3024903887656465,184,81,18326,17978,19570,9969,11286,21688,49097,38795,23004,10993,1225,194,1365,3505,16581,17222,3819,185,1194,17938,11464,199,1320,917,11968,948,587,8992
973,2587,973.456752506891,99623,354,170,271,104,83207,46652,1.3035042108749988,178,89,18345,18015,19436,9900,11415,21721,49097,38795,23164,11176,1224,193,1352,3510,16499,17353,3811,186,1206,17815,11369,198,1302,929,12062,955,599,9060
974,2587,974.4245724996143,99623,344,170,271,104,83249,46675,1.3041566706483443,182,95,18328,18021,19330,9834,11544,21775,49097,38795,23321,11359,1224,193,1343,3507,16417,17468,3808,186,1211,17699,11273,198,1292,935,12156,963,612,9138
975,2587,975.3978552020172,99623,337,172,271,104,83293,46698,1.3048292061070235,184,89,18329,18030,19201,9769,11677,21835,49097,38795,23475,11541,1220,192,1330,3502,16338,17575,3808,190,1210,17589,11181,198,1283,944,12247,974,628,9214
976,2587,976.3772020345588,99623,327,175,271,104,83331,46728,1.3055117794083695,185,83,18306,18034,19097,9704,11813,21899,49097,38795,23627,11722,1217,191,1321,3505,16251,17691,3800,193,1215,17462,11111,198,1275,950,12354,982,639,9268
977,2587,977.3627180221324,99623,327,164,271,104,83374,46744,1.306104012125714,182,92,18328,18048,18972,9643,11919,21948,49097,38795,23776,11902,1216,191,1314,3504,16165,17800,3797,194,1224,17345,11015,197,1266,959,12455,988,654,9339
978,2587,978.3544778778473,99623,316,158,271,104,83416,46767,1.3067564718990594,186,79,18340,18056,18849,9583,12037,22019,49097,38795,23923,12081,1215,189,1299,3509,16086,17909,3791,195,1224,17227,10941,196,1254,964,12559,998,672,9395
979,2587,979.3527520313262,99623,312,160,271,104,83467,46790,1.3074992722564067,181,72,18329,18082,18742,9513,12164,22068,49097,38795,24067,12259,1215,189,1291,3508,16021,18004,3789,195,1227,17097,10849,195,1246,971,12669,1002,685,9470
980,2587,980.3566223427675,99623,313,145,271,104,83512,46804,1.3080915049737512,174,75,18323,18101,18627,9460,12291,22114,49097,38795,24209,12436,1214,189,1280,3503,15953,18104,3788,196,1233,16977,10764,195,1237,977,12768,1012,699,9534
981,2587,981.3671465949438,99623,310,148,271,104,83555,46832,1.3088041918030977,182,77,18340,18120,18500,9391,12396,22159,49097,38795,24348,12612,1212,189,1276,3508,15870,18214,3781,196,1238,16854,10692,195,1224,989,12871,1014,710,9590
982,2587,982.3845182342575,99623,294,146,271,104,83589,46853,1.3093562731497745,187,70,18338,18177,18410,9304,12499,22198,49097,38795,24485,12787,1209,188,1269,3513,15800,18319,3776,197,1237,16737,10621,195,1214,996,12962,1019,720,9651
983,2587,983.4071893919005,99623,306,137,271,104,83640,46866,1.3099986950804534,182,80,18347,18197,18284,9242,12609,22239,49097,38795,24620,12961,1207,188,1260,3514,15739,18402,3772,199,1238,16617,10534,195,1204,1006,13067,1026,734,9721
984,2587,984.4349012503774,99623,297,138,271,104,83687,46889,1.3107013440671331,173,73,18360,18222,18188,9181,12710,22281,49097,38795,24752,13134,1207,187,1255,3521,15667,18502,3763,199,1237,16491,10460,194,1195,1015,13170,1030,752,9778
985,2587,985.4623536017384,99623,290,133,271,104,83721,46903,1.311183160515142,175,88,18369,18232,18069,9122,12825,22320,49097,38795,24882,13306,1205,187,1248,3519,15588,18603,3762,200,1240,16385,10388,194,1189,1021,13260,1036,765,9833
986,2587,986.488935030626,99623,285,136,271,104,83768,46924,1.311865733816488,160,86,18381,18260,17971,9068,12931,22345,49097,38795,25010,13476,1205,186,1241,3518,15498,18723,3759,200,1250,16274,10316,194,1180,1030,13351,1040,772,9886
987,2587,987.0017302033484,99623,274,132,271,104,83791,46933,1.3121869447818275,168,88,18349,18238,17884,9012,13053,22425,49097,38795,25136,13645,1203,186,1231,3517,15422,18818,3756,202,1249,16163,10253,194,1173,1035,13450,1050,780,9941
988,2587,988.0299911795516,99623,279,135,271,104,83829,46959,1.3128293667125062,166,79,18362,18256,17755,8971,13166,22454,49097,38795,25260,13813,1202,186,1220,3517,15343,18918,3753,203,1248,16064,10187,194,1168,1040,13533,1060,793,9994
989,2587,989.057281010464,99622,269,144,272,104,83873,46986,1.313555238802674,160,74,18374,18265,17655,8919,13269,22493,49097,38795,25381,13979,1202,184,1211,3516,15273,19013,3748,203,1252,15950,10131,192,1160,1045,13636,1068,804,10034
990,2587,990.0840176660679,99622,273,149,272,104,83916,47007,1.3141976671819477,151,68,18396,18295,17550,8861,13357,22522,49097,38795,25500,14144,1199,184,1207,3514,15201,19113,3747,206,1249,15854,10063,192,1149,1052,13712,1071,814,10095
991,2587,991.110015501494,99622,275,165,272,104,83954,47036,1.3148702093915,156,70,18387,18326,17443,8792,13466,22542,49097,38795,25617,14307,1198,183,1197,3520,15124,19207,3740,207,1245,15753,10003,192,1144,1055,13803,1080,823,10148
992,2587,992.1357238522143,99622,268,159,272,104,83986,47056,1.3153921824496597,167,60,18416,18352,17323,8742,13553,22582,49097,38795,25732,14469,1197,182,1189,3520,15059,19295,3738,208,1256,15656,9925,191,1134,1063,13883,1088,832,10206
993,2587,993.1607674611912,99622,250,151,272,104,84017,47073,1.315874003734115,176,59,18416,18398,17223,8699,13662,22588,49097,38795,25845,14629,1193,181,1175,3519,15000,19388,3735,212,1250,15560,9859,191,1129,1066,13958,1099,845,10262
994,2587,994.184961923997,99622,270,149,272,104,84065,47092,1.3165465459436672,163,55,18424,18424,17107,8659,13763,22608,49097,38795,25956,14788,1192,181,1168,3516,14934,19473,3733,213,1253,15468,9799,191,1119,1073,14039,1106,860,10304
995,2587,995.2091491731641,99622,283,135,272,104,84116,47107,1.317209050209793,149,62,18440,18462,17003,8617,13852,22619,49097,38795,26065,14945,1188,181,1158,3516,14895,19551,3731,217,1252,15357,9739,191,1109,1080,14124,1112,866,10355
996,2587,996.2328220760869,99622,279,135,272,104,84154,47124,1.3177611370982314,137,58,18477,18528,16888,8554,13946,22620,49097,38795,26172,15101,1188,181,1148,3516,14824,19644,3729,217,1256,15263,9674,191,1098,1088,14205,1119,875,10406
997,2587,997.2552187356343,99622,258,128,272,104,84183,47138,1.318192768665556,147,62,18493,18573,16779,8510,14050,22622,49097,38795,26278,15255,1186,180,1142,3515,14751,19747,3724,219,1260,15159,9625,191,1093,1091,14289,1124,885,10441
998,2587,998.2762516327422,99622,259,121,272,104,84223,47154,1.3187548934974203,152,63,18505,18595,16666,8469,14145,22647,49097,38795,26382,15407,1184,180,1132,3515,14695,19831,3723,220,1260,15050,9573,191,1090,1093,14379,1131,897,10478
999,2587,999.296667119775,99622,266,115,272,104,84261,47166,1.3192567906687278,139,65,18529,18630,16551,8440,14242,22645,49097,38795,26484,15558,1183,180,1123,3519,14643,19908,3719,220,1257,14956,9515,191,1081,1099,14456,1138,908,10526
1000,2587,1000.3157624358195,99622,252,124,272,104,84284,47185,1.319678384292626,149,57,18555,18678,16446,8380,14325,22656,49097,38795,26584,15707,1178,180,1115,3525,14565,20001,3712,225,1255,14870,9470,191,1076,1103,14532,1143,915,10566
1001,2587,1001.3336080918904,99622,248,115,272,104,84321,47203,1.3202304711810644,147,54,18566,18714,16345,8345,14421,22667,49097,38795,26682,15854,1176,180,1102,3528,14500,20087,3708,227,1265,14776,9414,190,1066,1112,14610,1154,927,10600
1002,2587,1002.3508417784731,99622,235,107,272,104,84346,47216,1.3206119130312581,147,59,18614,18774,16236,8292,14495,22663,49097,38795,26779,16000,1176,179,1098,3524,14439,20167,3705,227,1270,14685,9354,190,1064,1113,14691,1158,941,10641
1003,2587,1003.3659464867096,99622,232,111,272,104,84379,47236,1.3211439240328442,146,61,18635,18808,16142,8244,14572,22671,49097,38795,26874,16144,1175,179,1092,3523,14378,20247,3702,228,1270,14599,9297,190,1057,1118,14765,1163,956,10683
1004,2587,1004.3795922766095,99622,232,106,272,104,84417,47248,1.3216458212041517,143,65,18642,18852,16062,8198,14648,22674,49097,38795,26967,16286,1173,179,1087,3521,14326,20317,3698,230,1270,14527,9229,190,1053,1120,14827,1168,972,10735
1005,2587,1005.3927580235044,99622,225,111,272,104,84444,47267,1.3221075666017545,140,65,18658,18903,15973,8146,14731,22670,49097,38795,27059,16427,1172,179,1080,3523,14264,20396,3693,231,1272,14445,9176,190,1047,1126,14898,1173,984,10773
1006,2587,1006.4050416560336,99621,228,121,272,105,84482,47289,1.322723120627177,132,61,18667,18933,15889,8095,14811,22684,49097,38795,27149,16566,1170,179,1070,3524,14200,20480,3690,233,1273,14351,9141,189,1041,1131,14979,1181,991,10798
1007,2587,1007.4170738476075,99621,214,117,272,105,84503,47302,1.323064414129551,135,69,18704,18967,15794,8053,14880,22688,49097,38795,27237,16703,1168,179,1056,3525,14142,20558,3686,235,1280,14274,9093,189,1036,1135,15042,1193,1001,10829
1008,2587,1008.4278617982324,99621,223,123,272,105,84536,47326,1.3236365826482368,136,60,18732,19011,15679,8011,14957,22689,49097,38795,27324,16839,1167,179,1049,3524,14074,20646,3684,236,1278,14191,9057,189,1033,1137,15113,1198,1008,10858
1009,2587,1009.4367360094788,99621,221,112,272,105,84567,47337,1.3240581805041105,133,70,18749,19051,15602,7974,15022,22687,49097,38795,27409,16973,1166,179,1044,3525,14023,20717,3680,237,1277,14109,9009,189,1030,1138,15182,1202,1027,10887
1010,2587,1010.4443281545928,99621,235,102,272,105,84606,47346,1.3245400066251092,119,72,18773,19098,15507,7945,15093,22677,49097,38795,27493,17105,1164,178,1040,3530,13975,20786,3677,239,1275,14024,8964,188,1027,1140,15248,1205,1033,10928
1011,2587,1011.4508809120099,99621,225,110,272,105,84639,47366,1.3250720229670452,113,63,18790,19156,15435,7898,15164,22667,49097,38795,27575,17235,1162,178,1033,3527,13931,20852,3675,241,1277,13931,8930,187,1019,1147,15326,1212,1041,10952
1012,2587,1012.4567204470795,99621,219,102,272,105,84667,47376,1.325453468646169,106,71,18811,19214,15352,7865,15239,22642,49097,38795,27656,17364,1162,178,1025,3534,13865,20939,3668,240,1280,13865,8885,186,1012,1150,15378,1219,1046,10989
1013,2587,1013.4617052764012,99621,212,104,272,105,84693,47395,1.3259051806346052,106,58,18835,19243,15277,7844,15297,22645,49097,38795,27736,17491,1159,178,1022,3536,13807,21009,3664,243,1287,13793,8821,185,1010,1151,15443,1222,1056,11035
1014,2587,1014.4656041192252,99621,206,95,272,105,84716,47403,1.3262163600044168,108,64,18870,19292,15180,7813,15363,22630,49097,38795,27814,17616,1159,177,1019,3539,13751,21081,3660,243,1289,13719,8776,184,1002,1156,15508,1224,1065,11069
1015,2587,1015.4681247869415,99621,210,97,272,105,84744,47420,1.326668071992853,108,57,18883,19351,15094,7777,15432,22612,49097,38795,27891,17740,1159,176,1013,3540,13693,21154,3657,243,1293,13644,8737,184,999,1158,15574,1229,1071,11097
1016,2587,1016.4692255433605,99621,201,102,272,105,84774,47437,1.327139860069664,91,51,18907,19422,15026,7734,15502,22585,49097,38795,27967,17862,1158,176,1010,3541,13628,21235,3653,244,1289,13584,8698,184,995,1161,15623,1231,1089,11122
1017,2587,1017.4695524406961,99621,199,101,272,105,84799,47451,1.3275313437929754,82,54,18937,19464,14949,7701,15560,22574,49097,38795,28041,17982,1158,176,1007,3538,13578,21306,3650,244,1285,13523,8656,184,989,1166,15672,1233,1100,11156
1018,2587,1018.4683893029714,99621,184,107,272,105,84815,47471,1.3278927133837244,86,47,18975,19516,14863,7653,15619,22571,49097,38795,28114,18101,1158,174,1002,3542,13536,21369,3645,244,1279,13442,8628,184,984,1171,15736,1237,1113,11177
1019,2587,1019.4656853188073,99621,179,104,272,105,84833,47486,1.3282239688419109,97,47,19011,19553,14778,7613,15662,22577,49097,38795,28186,18218,1157,174,1000,3545,13477,21441,3640,245,1283,13373,8586,184,983,1172,15796,1239,1124,11202
1020,2587,1020.4609541027214,99621,164,104,272,105,84844,47499,1.32846488190241,105,51,19055,19602,14691,7576,15712,22561,49097,38795,28256,18333,1156,174,997,3542,13438,21498,3640,246,1282,13305,8546,183,978,1175,15855,1240,1133,11233
1021,2587,1021.4539761207682,99621,161,98,272,105,84871,47505,1.3287961373605968,111,60,19086,19655,14615,7535,15754,22546,49097,38795,28325,18447,1154,174,988,3545,13389,21561,3637,248,1281,13235,8499,182,976,1176,15914,1248,1142,11272
1022,2587,1022.4452369502516,99621,159,98,272,105,84895,47520,1.329187621083908,103,54,19131,19718,14526,7502,15808,22522,49097,38795,28393,18559,1150,174,981,3542,13338,21631,3636,252,1282,13169,8468,181,972,1180,15968,1254,1149,11294
1023,2587,1023.4346351807596,99621,170,93,272,105,84926,47532,1.3296192569839693,90,50,19178,19750,14431,7481,15858,22520,49097,38795,28460,18669,1150,174,978,3542,13293,21694,3635,252,1274,13105,8432,181,969,1183,16018,1256,1163,11322
1024,2587,1024.4217338020965,99621,168,95,272,105,84949,47548,1.3300107407072805,86,50,19224,19811,14353,7441,15896,22497,49097,38795,28526,18778,1149,174,972,3542,13250,21751,3633,253,1278,13051,8381,181,967,1185,16062,1260,1169,11363
1025,2587,1025.406426442646,99621,166,88,272,105,84968,47556,1.3302817679003422,84,52,19230,19849,14282,7420,15965,22485,49097,38795,28591,18885,1148,174,970,3542,13204,21807,3632,254,1284,12985,8333,181,962,1190,16120,1262,1176,11397
1026,2587,1026.3903447012474,99621,160,91,272,105,84988,47567,1.3305929472701539,91,53,19271,19913,14193,7374,16012,22463,49097,38795,28655,18991,1147,174,966,3545,13158,21862,3629,255,1282,12924,8293,181,958,1193,16175,1265,1187,11427
1027,2587,1027.3729161040008,99621,163,98,272,105,85008,47585,1.3309743929492777,90,42,19305,19976,14116,7343,16053,22435,49097,38795,28717,19095,1147,174,961,3547,13107,21922,3627,255,1283,12863,8260,180,955,1194,16231,1270,1192,11453
1028,2587,1028.3533610478898,99621,150,100,272,105,85020,47598,1.3312253440539645,96,43,19339,20055,14051,7297,16091,22399,49097,38795,28778,19197,1145,173,955,3546,13061,21984,3624,257,1278,12813,8225,180,953,1196,16270,1276,1204,11481
1029,2587,1029.3322565531332,99621,169,95,272,105,85049,47611,1.3316469419098382,88,39,19369,20114,13969,7261,16132,22385,49097,38795,28838,19298,1144,173,953,3546,13015,22041,3624,258,1276,12764,8192,180,949,1200,16310,1276,1215,11505
1030,2587,1030.3093835534905,99621,163,90,272,105,85069,47615,1.3318878549703377,94,45,19418,20167,13885,7230,16167,22362,49097,38795,28897,19397,1143,173,944,3546,12991,22081,3620,259,1276,12698,8161,180,945,1203,16366,1284,1221,11530
1031,2587,1031.284347569829,99621,165,86,272,105,85090,47626,1.3322090723843367,86,46,19452,20224,13807,7189,16217,22349,49097,38795,28955,19495,1141,173,938,3550,12950,22134,3615,261,1273,12639,8134,180,940,1206,16416,1290,1231,11550
1032,2587,1032.2577181671102,99621,155,91,272,105,85107,47640,1.3325202517541481,81,43,19500,20284,13731,7155,16260,22321,49097,38795,29012,19591,1139,173,938,3547,12914,22186,3613,263,1276,12589,8094,180,934,1210,16458,1290,1236,11581
1033,2587,1033.2287785096553,99620,159,90,272,106,85127,47651,1.3328448102790604,88,41,19534,20348,13659,7135,16287,22279,49097,38795,29068,19686,1138,173,934,3549,12863,22248,3610,264,1274,12550,8061,180,928,1216,16489,1292,1241,11610
1034,2587,1034.1980035997158,99620,159,90,272,106,85145,47665,1.3331660309174864,88,33,19576,20407,13587,7113,16317,22250,49097,38795,29123,19779,1137,173,929,3548,12828,22291,3608,265,1281,12494,8025,180,924,1219,16543,1295,1250,11630
1035,2587,1035.1650185635149,99620,165,91,272,106,85171,47671,1.3334872515559124,76,34,19606,20470,13522,7065,16358,22233,49097,38795,29177,19871,1137,173,924,3549,12798,22333,3606,265,1278,12438,7987,180,923,1217,16592,1299,1257,11664
1036,2587,1036.1306274579417,99620,161,84,272,106,85193,47676,1.3337582814695845,76,44,19638,20531,13478,7024,16374,22210,49097,38795,29231,19962,1136,173,919,3548,12769,22380,3604,265,1279,12383,7953,180,922,1218,16635,1303,1263,11690
1037,2587,1037.0946934595406,99620,156,80,272,106,85206,47685,1.3339791206585023,81,41,19687,20597,13416,6994,16387,22181,49097,38795,29284,20051,1135,173,916,3552,12728,22431,3600,266,1279,12331,7925,179,919,1219,16680,1306,1274,11707
1038,2587,1038.0564312758513,99620,154,81,272,106,85224,47695,1.334260188717125,73,41,19735,20675,13344,6962,16421,22134,49097,38795,29336,20139,1135,173,916,3551,12691,22478,3599,266,1275,12282,7898,179,913,1224,16722,1306,1282,11730
1039,2587,1039.0161955251115,99620,150,87,272,106,85240,47706,1.334531218630797,73,37,19778,20750,13284,6912,16442,22107,49097,38795,29387,20225,1135,173,914,3553,12642,22535,3594,266,1271,12241,7875,179,908,1229,16758,1308,1292,11747
1040,2587,1040.4520280601153,99620,138,80,272,106,85261,47718,1.334862477414174,87,33,19847,20872,13214,6876,16441,22032,49097,38795,29437,20310,1134,173,912,3554,12616,22585,3588,267,1274,12169,7855,178,904,1231,16814,1310,1303,11753
1041,2587,1041.406635494503,99620,138,85,272,106,85280,47727,1.3351435454727967,89,40,19913,20921,13132,6841,16455,22006,49097,38795,29486,20394,1134,173,907,3558,12584,22627,3584,267,1268,12126,7833,178,901,1233,16850,1314,1310,11773
1042,2587,1042.3581233735902,99620,143,79,272,106,85298,47737,1.3354246135314194,85,41,19963,20968,13061,6825,16475,21980,49097,38795,29534,20476,1133,173,902,3559,12542,22677,3581,268,1270,12083,7809,178,901,1233,16889,1318,1318,11786
1043,2587,1043.3070812721658,99620,139,81,272,106,85318,47751,1.335765910459747,79,38,20011,21024,12994,6790,16504,21960,49097,38795,29582,20557,1133,173,899,3554,12499,22740,3581,268,1269,12040,7787,178,895,1237,16920,1320,1326,11801
1044,2587,1044.2539267043271,99620,135,78,272,106,85332,47762,1.3360168640835173,79,30,20052,21092,12946,6767,16515,21926,49097,38795,29629,20637,1133,173,894,3551,12470,22783,3580,268,1267,11993,7762,178,891,1240,16959,1325,1335,11818
1045,2587,1045.198720931728,99620,141,77,272,106,85358,47767,1.3363280465769927,68,32,20105,21143,12895,6736,16518,21905,49097,38795,29675,20716,1133,173,885,3548,12429,22833,3580,268,1265,11950,7740,178,891,1240,16996,1334,1344,11833
1046,2587,1046.1412308296158,99620,136,73,272,106,85375,47773,1.3365589239108613,60,34,20151,21196,12843,6713,16537,21877,49097,38795,29720,20793,1132,173,881,3545,12404,22872,3578,269,1261,11907,7718,178,889,1240,17033,1337,1355,11848
1047,2587,1047.0812920297835,99620,141,74,272,106,85390,47783,1.3368098775346315,58,30,20206,21274,12775,6681,16547,21834,49097,38795,29765,20869,1132,173,880,3546,12363,22918,3576,269,1259,11868,7697,178,885,1243,17069,1338,1365,11861
1048,2587,1048.0192132217128,99620,135,72,272,106,85405,47793,1.337060831158402,61,30,20248,21332,12721,6654,16562,21805,49097,38795,29809,20944,1130,173,874,3548,12339,22954,3573,271,1257,11824,7670,178,882,1246,17105,1343,1372,11881
1049,2587,1049.4218616044052,99620,127,64,272,106,85423,47801,1.337321822927123,67,32,20331,21432,12650,6622,16552,21743,49097,38795,29852,21018,1128,173,871,3548,12313,22995,3569,273,1258,11778,7646,178,877,1249,17145,1345,1379,11895
1050,2587,1050.3538623898312,99620,128,64,272,106,85442,47810,1.3376028909857458,67,26,20377,21488,12587,6598,16568,21717,49097,38795,29895,21091,1128,173,867,3549,12276,23041,3565,273,1255,11744,7622,178,877,1249,17174,1348,1390,11911
1051,2587,1051.2838689724726,99620,131,58,272,106,85459,47812,1.3377936157398114,55,30,20420,21555,12539,6574,16582,21676,49097,38795,29937,21162,1128,173,862,3546,12253,23076,3565,273,1254,11703,7600,178,875,1250,17208,1352,1394,11930
1052,2587,1052.2120799986365,99620,122,58,272,106,85467,47816,1.337914073479221,62,34,20465,21635,12483,6544,16595,21622,49097,38795,29978,21232,1126,173,859,3546,12214,23122,3563,275,1253,11672,7581,178,870,1255,17234,1355,1396,11948
1053,2587,1053.138281858939,99620,123,53,272,106,85479,47820,1.338074683798434,63,41,20511,21683,12424,6514,16606,21602,49097,38795,30018,21301,1126,173,858,3546,12188,23156,3561,275,1258,11638,7554,178,866,1259,17262,1356,1400,11966
1054,2587,1054.0622126141936,99620,114,60,272,106,85493,47833,1.338345713712106,69,32,20526,21742,12386,6491,16632,21568,49097,38795,30058,21369,1124,173,854,3546,12161,23196,3559,277,1255,11603,7534,178,865,1260,17288,1359,1409,11979
1055,2587,1055.4459971823444,99620,115,60,272,106,85514,47842,1.3386468580606303,64,30,20600,21839,12330,6464,16618,21500,49097,38795,30097,21436,1124,173,850,3547,12128,23240,3558,276,1257,11573,7503,178,864,1261,17311,1361,1413,12003
1056,2587,1056.3659582864839,99620,108,57,272,106,85522,47848,1.3387873920899418,69,26,20630,21895,12283,6434,16637,21481,49097,38795,30136,21502,1124,173,850,3546,12098,23279,3557,276,1258,11535,7483,178,863,1262,17342,1361,1417,12018
1057,2587,1057.284634704802,99620,109,58,272,106,85540,47856,1.3390483838586629,61,21,20671,21949,12240,6405,16646,21460,49097,38795,30174,21567,1124,173,850,3548,12072,23319,3555,276,1251,11494,7469,178,861,1264,17371,1360,1426,12029
1058,2587,1058.201748281373,99620,105,60,272,106,85550,47864,1.3392290704677776,67,22,20719,22000,12190,6387,16646,21424,49097,38795,30211,21631,1124,172,849,3551,12046,23353,3554,276,1250,11462,7447,177,859,1266,17396,1361,1431,12046
1059,2587,1059.1167167498566,99620,102,63,272,106,85558,47872,1.3393896807869905,68,21,20749,22057,12146,6360,16662,21392,49097,38795,30248,21694,1123,172,848,3549,12017,23390,3553,277,1247,11428,7431,177,857,1268,17426,1362,1434,12061
1060,2587,1060.0609582240993,99620,114,63,272,106,85580,47879,1.3396807869905643,61,16,20813,22123,12079,6338,16660,21353,49097,38795,30284,21756,1123,172,846,3548,11992,23424,3553,277,1245,11400,7410,177,851,1272,17448,1364,1439,12079
1061,2587,1061.0505764164031,99620,112,54,272,106,85592,47882,1.3398313591648263,62,18,20879,22186,12017,6318,16657,21317,49097,38795,30320,21817,1123,172,844,3546,11967,23462,3553,277,1246,11368,7383,177,849,1274,17473,1364,1441,12101
1062,2587,1062.118721179286,99620,105,49,272,106,85600,47886,1.3399518169042361,65,19,20903,22225,11981,6299,16673,21301,49097,38795,30355,21877,1123,170,842,3547,11940,23502,3552,277,1244,11337,7362,177,846,1274,17498,1364,1447,12118
1063,2587,1063.13674408206,99620,106,45,272,106,85621,47891,1.3402128086729572,51,18,20974,22307,11924,6284,16672,21239,49097,38795,30390,21936,1122,170,841,3546,11917,23538,3552,278,1235,11306,7343,177,845,1272,17521,1365,1462,12130
1064,2587,1064.1312727618338,99620,97,46,272,106,85628,47896,1.340333266412367,55,18,21013,22365,11879,6258,16683,21206,49097,38795,30424,21994,1122,170,838,3547,11886,23575,3550,278,1237,11276,7328,177,843,1274,17547,1367,1464,12141
1065,2587,1065.4347338102943,99620,88,44,272,106,85650,47903,1.3406243726159406,51,22,21135,22526,11810,6222,16643,21079,49097,38795,30457,22051,1122,170,835,3548,11866,23608,3545,278,1239,11242,7305,176,843,1274,17573,1370,1471,12155
1066,2587,1066.3322394786826,99620,82,45,272,106,85653,47908,1.3407046777755471,56,18,21136,22548,11784,6212,16669,21070,49097,38795,30490,22107,1122,170,831,3549,11842,23635,3544,278,1239,11216,7283,176,839,1278,17597,1374,1474,12173
1067,2587,1067.2710076427607,99620,93,43,272,106,85674,47913,1.3409656695442682,44,19,21191,22600,11732,6193,16667,21038,49097,38795,30522,22162,1121,170,829,3549,11821,23661,3544,279,1235,11183,7261,176,838,1279,17626,1376,1481,12191
1068,2587,1068.009128007777,99620,83,44,272,106,85680,47915,1.3410459747038748,45,18,21222,22641,11696,6169,16681,21021,49097,38795,30554,22216,1121,170,828,3548,11794,23696,3543,279,1233,11156,7245,176,837,1280,17651,1376,1484,12203
1069,2587,1069.026266434797,99620,79,50,272,106,85696,47923,1.3412868901826942,41,19,21324,22742,11635,6137,16648,20945,49097,38795,30585,22269,1121,169,826,3546,11772,23730,3543,279,1228,11125,7232,176,836,1281,17675,1378,1489,12214
1070,2587,1070.1870266008632,99620,85,42,272,106,85713,47926,1.3414876530817106,40,22,21413,22815,11576,6119,16613,20895,49097,38795,30616,22321,1120,169,824,3545,11744,23763,3543,280,1229,11096,7214,176,835,1282,17701,1379,1495,12225
1071,2587,1071.072884587176,99620,87,39,272,106,85725,47932,1.341668339690825,40,24,21480,22869,11514,6096,16606,20865,49097,38795,30647,22373,1120,169,823,3542,11732,23786,3543,280,1232,11070,7192,176,832,1285,17721,1379,1495,12243
1072,2587,1072.397150603582,99620,78,43,272,106,85740,47940,1.341899217024694,35,27,21575,22977,11456,6062,16583,20784,49097,38795,30677,22424,1117,169,819,3541,11710,23818,3543,283,1233,11039,7176,176,830,1287,17744,1382,1501,12252
1073,2587,1073.2768970036598,99620,77,44,272,106,85750,47948,1.3420799036338085,34,22,21621,23024,11409,6047,16586,20756,49097,38795,30707,22474,1117,169,815,3540,11693,23843,3543,283,1232,11009,7162,176,825,1292,17769,1384,1508,12260
1074,2587,1074.15456974305,99620,75,42,272,106,85757,47949,1.342160208793415,37,24,21648,23083,11376,6023,16591,20721,49097,38795,30736,22523,1116,169,812,3539,11674,23869,3543,284,1228,10985,7150,176,823,1293,17789,1387,1511,12272
1075,2587,1075.030840857744,99620,78,43,272,106,85768,47957,1.3423509335474804,39,23,21707,23143,11321,6011,16582,20673,49097,38795,30765,22571,1116,169,811,3540,11650,23895,3542,284,1230,10960,7136,176,821,1295,17812,1388,1515,12280
1076,2587,1076.3410935767843,99620,83,46,272,106,85783,47963,1.3425617345914476,34,27,21803,23225,11246,5971,16561,20624,49097,38795,30793,22619,1116,169,808,3542,11619,23930,3539,284,1227,10938,7130,176,819,1297,17832,1391,1519,12284
1077,2587,1077.2114719773897,99620,78,41,272,106,85788,47967,1.3426520778960047,42,26,21858,23283,11202,5956,16547,20587,49097,38795,30821,22666,1116,169,808,3544,11594,23962,3538,284,1228,10908,7113,175,818,1297,17856,1391,1523,12296
1078,2587,1078.0795619202954,99620,81,45,272,106,85803,47975,1.3428829552298736,34,26,21894,23340,11162,5935,16556,20547,49097,38795,30848,22712,1115,168,807,3548,11569,23992,3535,285,1225,10888,7101,175,816,1299,17872,1391,1529,12305
1079,2587,1079.3784743861752,99620,70,49,272,106,85813,47985,1.3430837181288897,30,21,21978,23433,11121,5906,16528,20484,49097,38795,30875,22757,1114,168,805,3548,11556,24018,3532,286,1225,10863,7085,175,813,1300,17889,1393,1534,12316
1080,2587,1080.2417034056757,99620,66,47,272,106,85820,47990,1.3432041758682995,28,19,22023,23493,11081,5894,16529,20440,49097,38795,30902,22802,1114,168,804,3545,11542,24041,3532,286,1226,10840,7068,175,811,1301,17909,1393,1536,12329
1081,2587,1081.2956989473398,99620,60,45,272,106,85825,47993,1.343284481027906,37,20,22067,23557,11043,5867,16520,20404,49097,38795,30928,22846,1114,168,802,3544,11518,24071,3532,286,1228,10821,7053,175,809,1302,17925,1394,1541,12337
1082,2587,1082.142666963572,99620,56,45,272,106,85827,47997,1.343344709897611,39,16,22094,23587,11012,5853,16526,20392,49097,38795,30954,22889,1113,168,799,3545,11503,24089,3530,287,1228,10802,7037,175,805,1306,17943,1397,1542,12351
1083,2587,1083.3621706983304,99620,66,41,272,106,85844,48000,1.3435454727966272,31,15,22171,23685,10965,5829,16494,20323,49097,38795,30979,22931,1111,168,798,3546,11488,24110,3529,289,1229,10778,7018,175,801,1309,17963,1398,1543,12367
1084,2587,1084.0967840996457,99620,64,41,272,106,85850,48004,1.3436458542461354,32,15,22213,23727,10928,5804,16490,20306,49097,38795,31004,22973,1111,168,797,3547,11465,24135,3528,289,1228,10757,7003,175,801,1309,17982,1399,1547,12379
1085,2587,1085.1036927759421,99620,62,37,272,106,85854,48010,1.3437462356956436,30,14,22290,23797,10885,5783,16460,20262,49097,38795,31029,23014,1111,168,795,3550,11450,24158,3526,288,1224,10737,6985,175,800,1309,17997,1400,1555,12392
1086,2587,1086.1505533789373,99620,63,35,272,106,85865,48015,1.3439068460148564,30,15,22383,23919,10834,5743,16417,20181,49097,38795,31053,23054,1109,167,793,3550,11430,24185,3526,290,1221,10712,6977,175,798,1311,18016,1402,1561,12397
1087,2587,1087.340708168864,99620,59,33,272,106,85871,48018,1.3439971893194138,30,16,22443,24001,10793,5714,16402,20129,49097,38795,31077,23094,1109,167,791,3551,11417,24204,3524,290,1225,10688,6960,175,797,1312,18035,1404,1561,12410
1088,2587,1088.0443180359075,99620,58,32,272,106,85874,48019,1.344037341899217,32,16,22462,24037,10770,5697,16405,20111,49097,38795,31101,23133,1109,167,789,3550,11400,24224,3524,290,1220,10668,6944,175,796,1313,18053,1406,1566,12426
1089,2587,1089.258378613233,99619,62,33,273,106,85888,48026,1.3442616368363465,29,12,22522,24119,10733,5663,16380,20066,49097,38795,31124,23172,1109,167,788,3552,11381,24248,3522,290,1218,10641,6939,175,792,1314,18077,1407,1571,12428
1090,2587,1090.2647294869948,99619,59,31,273,106,85898,48028,1.3443820957849406,23,13,22626,24233,10675,5637,16343,19979,49097,38795,31147,23210,1108,167,784,3554,11364,24268,3520,291,1219,10627,6925,175,791,1315,18089,1410,1573,12439
1091,2587,1091.2312206007864,99619,57,30,273,106,85903,48030,1.344452363504954,22,14,22695,24289,10626,5613,16326,19947,49097,38795,31170,23247,1107,167,783,3554,11339,24297,3519,292,1217,10603,6920,175,791,1315,18110,1411,1578,12441
1092,2587,1092.1324239741318,99619,55,33,273,106,85909,48033,1.3445427077163994,21,11,22766,24334,10576,5597,16308,19918,49097,38795,31192,23284,1106,167,782,3554,11320,24317,3519,293,1218,10587,6906,175,790,1316,18125,1412,1580,12452
1093,2587,1093.1367522169949,99619,51,27,273,106,85914,48035,1.3446129754364127,23,13,22833,24419,10544,5574,16275,19860,49097,38795,31214,23320,1106,167,781,3554,11304,24342,3519,292,1216,10563,6898,175,790,1315,18142,1413,1585,12457
1094,2587,1094.2899171893155,99619,56,28,273,106,85922,48039,1.3447334343850068,16,14,22902,24476,10501,5549,16251,19826,49097,38795,31236,23356,1106,167,780,3554,11285,24364,3519,292,1212,10541,6892,175,789,1316,18161,1414,1590,12462
