,indexID,time,N,Inf_L,Inf_H,Dead_L,Dead_H,cum_cases_L,cum_cases_H,cum_sum_per_N,Exposed_L,Exposed_H,Sus_L,Sus_H,Rec_nat_L,Rec_nat_H,Rec_vax_L,Rec_vax_H,vaccinatedH,vaccinatedL,boostedH,boostedL,count_Naive,count_Delta,count_Delta_vaccine,count_two,count_three,count_four,count_Omicron,count_Omicron_star,count_Omicron_star_vaccine,count_Omicron_vaccine,count_Vaccine,count_WT,count_WT_vaccine,count_WT_vaccine_boost,count_Omicron_vaccine_boost,count_Delta_vaccine_boost,count_Omicron_star_vaccine_boost,count_Vaccine_boost
0,1056,1.0891460698198376,99996,6,6,0,0,6,6,0.00012000480019200768,19,19,49973,49973,0,0,0,0,0,0,0,0,99996,0,0,0,0,0,0,0,0,0,0,0,0,0,0,0,0,0
1,1056,2.0539489224141274,99996,9,9,0,0,12,12,0.00024000960038401536,13,13,49973,49973,3,3,0,0,0,0,0,0,99990,0,0,0,0,0,0,0,0,0,0,6,0,0,0,0,0,0
2,1056,3.0191939995911263,99996,10,10,0,0,15,15,0.0003000120004800192,11,10,49972,49973,5,5,0,0,0,0,0,0,99986,0,0,0,0,0,0,0,0,0,0,10,0,0,0,0,0,0
3,1056,4.065759120118812,99996,14,10,0,0,20,15,0.0003500140005600224,8,11,49971,49972,5,5,0,0,0,0,0,0,99985,0,0,0,0,0,0,0,0,0,0,11,0,0,0,0,0,0
4,1056,5.006067098812207,99996,14,11,0,0,21,17,0.0003800152006080243,10,13,49968,49968,6,6,0,0,0,0,0,0,99983,0,0,0,0,0,0,0,0,0,0,13,0,0,0,0,0,0
5,1056,6.1042356349389975,99996,14,11,0,0,24,21,0.0004500180007200288,10,9,49965,49968,9,10,0,0,0,0,0,0,99976,0,0,0,0,0,0,0,0,0,0,20,0,0,0,0,0,0
6,1056,7.007647158568984,99996,15,12,0,0,25,22,0.00047001880075203006,10,10,49964,49966,9,10,0,0,0,0,0,0,99976,0,0,0,0,0,0,0,0,0,0,20,0,0,0,0,0,0
7,1056,8.044669170534343,99996,15,13,0,0,27,24,0.0005100204008160326,10,9,49962,49965,11,11,0,0,0,0,0,0,99973,0,0,0,0,0,0,0,0,0,0,23,0,0,0,0,0,0
8,1056,9.03605829615131,99996,14,14,0,0,27,26,0.0005300212008480339,14,8,49958,49964,12,12,0,0,0,0,0,0,99971,0,0,0,0,0,0,0,0,0,0,25,0,0,0,0,0,0
9,1056,10.025762480639177,99996,12,13,0,0,29,28,0.0005700228009120365,15,11,49955,49959,16,15,0,0,0,0,0,0,99964,0,0,0,0,0,0,0,0,0,0,32,0,0,0,0,0,0
10,1056,11.053269850719742,99996,11,11,0,0,31,30,0.0006100244009760391,14,11,49954,49957,19,19,0,0,0,0,0,0,99957,0,0,0,0,0,0,0,0,0,0,39,0,0,0,0,0,0
11,1056,12.052323366088931,99996,20,14,0,0,42,38,0.0008000320012800512,5,7,49952,49954,21,23,0,0,0,0,0,0,99950,0,0,0,0,0,0,0,0,0,0,46,0,0,0,0,0,0
12,1056,13.0001048036065,99996,18,13,0,0,44,40,0.0008400336013440538,7,7,49948,49952,25,26,0,0,0,0,0,0,99943,0,0,0,0,0,0,0,0,0,0,53,0,0,0,0,0,0
13,1056,14.088850331360707,99996,18,8,0,0,48,42,0.0009000360014400576,7,6,49944,49951,29,33,0,0,0,0,0,0,99932,0,0,0,0,0,0,0,0,0,0,64,0,0,0,0,0,0
14,1056,15.057120172894153,99996,18,8,0,0,48,42,0.0009000360014400576,8,7,49943,49950,29,33,0,0,0,0,0,0,99932,0,0,0,0,0,0,0,0,0,0,64,0,0,0,0,0,0
15,1056,16.00740917031159,99996,17,8,0,0,48,43,0.0009100364014560582,9,8,49942,49948,30,34,0,0,0,0,0,0,99930,0,0,0,0,0,0,0,0,0,0,66,0,0,0,0,0,0
16,1056,17.0379478368937,99996,12,9,0,0,49,45,0.0009400376015040601,12,7,49938,49947,36,35,0,0,0,0,0,0,99923,0,0,0,0,0,0,0,0,0,0,73,0,0,0,0,0,0
17,1056,18.061667037084913,99996,10,9,0,0,52,46,0.0009800392015680626,12,7,49935,49946,41,36,0,0,0,0,0,0,99917,0,0,0,0,0,0,0,0,0,0,79,0,0,0,0,0,0
18,1056,19.21159744291732,99996,11,9,0,0,55,48,0.0010300412016480659,13,5,49931,49946,43,38,0,0,0,0,0,0,99913,0,0,0,0,0,0,0,0,0,0,83,0,0,0,0,0,0
19,1056,20.092158749645787,99996,12,10,0,0,59,51,0.0011000440017600705,9,4,49931,49944,46,40,0,0,0,0,0,0,99908,0,0,0,0,0,0,0,0,0,0,88,0,0,0,0,0,0
20,1056,21.309222622063345,99996,12,11,0,0,62,54,0.0011600464018560743,11,1,49926,49944,49,42,0,0,0,0,0,0,99903,0,0,0,0,0,0,0,0,0,0,93,0,0,0,0,0,0
21,1056,22.010298135994592,99996,13,9,0,0,64,54,0.0011800472018880755,10,1,49925,49944,50,44,0,0,0,0,0,0,99900,0,0,0,0,0,0,0,0,0,0,96,0,0,0,0,0,0
22,1056,23.00797848967639,99996,13,8,0,0,65,54,0.0011900476019040761,10,1,49924,49944,51,45,0,0,0,0,0,0,99898,0,0,0,0,0,0,0,0,0,0,98,0,0,0,0,0,0
23,1056,24.252235112193336,99996,15,8,0,0,68,54,0.0012200488019520781,8,3,49923,49942,52,45,0,0,0,0,0,0,99897,0,0,0,0,0,0,0,0,0,0,99,0,0,0,0,0,0
24,1056,25.24972496278059,99996,14,10,0,0,70,56,0.0012600504020160806,7,1,49922,49942,55,45,0,0,0,0,0,0,99894,0,0,0,0,0,0,0,0,0,0,102,0,0,0,0,0,0
25,1056,26.275271538498703,99996,16,8,0,0,73,56,0.0012900516020640826,9,2,49917,49941,56,47,0,0,0,0,0,0,99891,0,0,0,0,0,0,0,0,0,0,105,0,0,0,0,0,0
26,1056,27.00997174439802,99996,15,8,0,0,73,57,0.0013000520020800832,10,2,49916,49940,57,48,0,0,0,0,0,0,99889,0,0,0,0,0,0,0,0,0,0,107,0,0,0,0,0,0
27,1056,28.05654807120071,99996,21,8,0,0,79,58,0.0013700548021920876,8,5,49912,49937,57,48,0,0,0,0,0,0,99888,0,0,0,0,0,0,0,0,0,0,108,0,0,0,0,0,0
28,1056,29.098734797709106,99996,23,7,0,0,82,58,0.0014000560022400896,8,5,49909,49938,58,48,0,0,0,0,0,0,99886,0,0,0,0,0,0,0,0,0,0,110,0,0,0,0,0,0
29,1056,30.255482132578273,99996,25,7,0,0,87,60,0.001470058802352094,5,3,49907,49939,61,49,0,0,0,0,0,0,99881,0,0,0,0,0,0,0,0,0,0,115,0,0,0,0,0,0
30,1056,31.07651212700505,99996,23,7,0,0,87,61,0.0014800592023680947,6,3,49906,49938,63,50,0,0,0,0,0,0,99878,0,0,0,0,0,0,0,0,0,0,118,0,0,0,0,0,0
31,1056,32.122457081051195,99996,20,7,0,0,89,61,0.001500060002400096,7,4,49903,49937,68,50,0,0,0,0,0,0,99873,0,0,0,0,0,0,0,0,0,0,123,0,0,0,0,0,0
32,1056,33.067473980706524,99996,18,7,0,0,91,61,0.0015200608024320973,5,4,49903,49937,72,50,0,0,0,0,0,0,99869,0,0,0,0,0,0,0,0,0,0,127,0,0,0,0,0,0
33,1056,34.24895682681586,99996,15,8,0,0,92,62,0.0015400616024640985,7,7,49900,49933,76,50,0,0,0,0,0,0,99865,0,0,0,0,0,0,0,0,0,0,131,0,0,0,0,0,0
34,1056,35.12618398389822,99996,16,9,0,0,93,64,0.0015700628025121005,8,5,49898,49933,76,51,0,0,0,0,0,0,99864,0,0,0,0,0,0,0,0,0,0,132,0,0,0,0,0,0
35,1056,36.23476288099692,99996,14,8,0,0,94,64,0.001580063202528101,12,8,49893,49930,79,52,0,0,0,0,0,0,99860,0,0,0,0,0,0,0,0,0,0,136,0,0,0,0,0,0
36,1056,37.0035909112948,99996,14,9,0,0,95,67,0.0016200648025921037,12,6,49892,49929,80,54,0,0,0,0,0,0,99857,0,0,0,0,0,0,0,0,0,0,139,0,0,0,0,0,0
37,1056,38.05725381070549,99996,19,10,0,0,101,69,0.0017000680027201088,11,6,49888,49927,80,55,0,0,0,0,0,0,99855,0,0,0,0,0,0,0,0,0,0,141,0,0,0,0,0,0
38,1056,39.13482906256258,99996,23,11,0,0,106,71,0.0017700708028321132,7,7,49887,49924,81,56,0,0,0,0,0,0,99853,0,0,0,0,0,0,0,0,0,0,143,0,0,0,0,0,0
39,1056,40.26018832245674,99996,22,11,0,0,106,73,0.0017900716028641146,10,5,49886,49924,80,58,0,0,0,0,0,0,99850,0,0,0,0,0,0,0,0,0,0,146,0,0,0,0,0,0
40,1056,41.16766330448603,99996,20,15,0,0,108,77,0.0018500740029601184,10,5,49884,49920,84,58,0,0,0,0,0,0,99846,0,0,0,0,0,0,0,0,0,0,150,0,0,0,0,0,0
41,1056,42.01106675983821,99996,19,16,0,0,109,79,0.0018800752030081202,11,3,49882,49920,86,59,0,0,0,0,0,0,99843,0,0,0,0,0,0,0,0,0,0,153,0,0,0,0,0,0
42,1056,43.19449151279798,99996,21,12,0,0,111,80,0.0019100764030561222,12,5,49879,49917,86,64,0,0,0,0,0,0,99838,0,0,0,0,0,0,0,0,0,0,158,0,0,0,0,0,0
43,1056,44.08546196308019,99996,22,10,0,0,114,80,0.0019400776031041243,12,6,49876,49916,88,66,0,0,0,0,0,0,99834,0,0,0,0,0,0,0,0,0,0,162,0,0,0,0,0,0
44,1056,45.14092933523486,99996,21,12,0,0,116,82,0.001980079203168127,12,6,49876,49914,89,66,0,0,0,0,0,0,99831,0,0,0,0,0,0,0,0,0,0,165,0,0,0,0,0,0
45,1056,46.118149539330524,99996,19,10,0,0,118,83,0.0020100804032161285,13,6,49873,49914,93,68,0,0,0,0,0,0,99824,0,0,0,0,0,0,0,0,0,0,172,0,0,0,0,0,0
46,1056,47.202954345410014,99996,21,10,0,0,125,85,0.0021000840033601345,12,4,49867,49914,98,70,0,0,0,0,0,0,99817,0,0,0,0,0,0,0,0,0,0,179,0,0,0,0,0,0
47,1056,48.02600141429462,99996,21,10,0,0,126,86,0.0021200848033921357,13,7,49865,49911,99,70,0,0,0,0,0,0,99815,0,0,0,0,0,0,0,0,0,0,181,0,0,0,0,0,0
48,1056,49.064632910285454,99996,24,12,0,0,130,89,0.00219008760350414,10,5,49865,49910,99,71,0,0,0,0,0,0,99813,0,0,0,0,0,0,0,0,0,0,183,0,0,0,0,0,0
49,1056,50.06049886056757,99996,24,13,0,0,132,90,0.002220088803552142,13,6,49860,49908,101,71,0,0,0,0,0,0,99811,0,0,0,0,0,0,0,0,0,0,185,0,0,0,0,0,0
50,1056,51.25083859682039,99996,23,12,0,0,134,92,0.0022600904036161446,15,6,49859,49907,101,73,0,0,0,0,0,0,99805,0,0,0,0,0,0,0,0,0,0,191,0,0,0,0,0,0
51,1056,52.299293742812566,99996,22,11,0,0,138,93,0.002310092403696148,15,7,49855,49905,106,75,0,0,0,0,0,0,99798,0,0,0,0,0,0,0,0,0,0,198,0,0,0,0,0,0
52,1056,53.01091737766279,99996,22,12,0,0,141,95,0.002360094403776151,12,8,49855,49902,109,76,0,0,0,0,0,0,99794,0,0,0,0,0,0,0,0,0,0,202,0,0,0,0,0,0
53,1056,54.2043954797664,99996,19,14,0,0,144,100,0.0024400976039041563,12,6,49852,49899,115,79,0,0,0,0,0,0,99785,0,0,0,0,0,0,0,0,0,0,211,0,0,0,0,0,0
54,1056,55.1939329113206,99996,17,13,0,0,144,102,0.0024600984039361575,15,7,49849,49896,117,82,0,0,0,0,0,0,99780,0,0,0,0,0,0,0,0,0,0,216,0,0,0,0,0,0
55,1056,56.009718098745324,99996,19,13,0,0,147,104,0.0025101004040161607,14,6,49847,49896,118,83,0,0,0,0,0,0,99777,0,0,0,0,0,0,0,0,0,0,219,0,0,0,0,0,0
56,1056,57.091421673999946,99996,16,16,0,0,148,109,0.0025701028041121643,17,6,49844,49891,121,85,0,0,0,0,0,0,99771,0,0,0,0,0,0,0,0,0,0,225,0,0,0,0,0,0
57,1056,58.04529785002316,99996,14,14,0,0,148,110,0.002580103204128165,19,7,49842,49889,123,88,0,0,0,0,0,0,99766,0,0,0,0,0,0,0,0,0,0,230,0,0,0,0,0,0
58,1056,59.089001157203036,99996,14,12,0,0,151,111,0.0026201048041921676,19,9,49840,49886,125,91,0,0,0,0,0,0,99760,0,0,0,0,0,0,0,0,0,0,236,0,0,0,0,0,0
59,1056,60.233585767891604,99996,18,11,0,0,156,114,0.002700108004320173,15,6,49839,49887,126,94,0,0,0,0,0,0,99755,0,0,0,0,0,0,0,0,0,0,241,0,0,0,0,0,0
60,1056,61.16309061890796,99996,20,12,0,0,163,115,0.002780111204448178,12,6,49836,49886,130,94,0,0,0,0,0,0,99750,0,0,0,0,0,0,0,0,0,0,246,0,0,0,0,0,0
61,1056,62.03359600388459,99996,19,13,0,0,165,117,0.0028201128045121805,13,6,49833,49884,133,95,0,0,0,0,0,0,99746,0,0,0,0,0,0,0,0,0,0,250,0,0,0,0,0,0
62,1056,63.100320794106835,99996,21,13,0,0,171,120,0.002910116404656186,14,3,49826,49885,137,97,0,0,0,0,0,0,99739,0,0,0,0,0,0,0,0,0,0,257,0,0,0,0,0,0
63,1056,64.15302088320183,99996,23,12,0,0,175,122,0.00297011880475219,17,3,49819,49883,139,100,0,0,0,0,0,0,99734,0,0,0,0,0,0,0,0,0,0,262,0,0,0,0,0,0
64,1056,65.0400579398333,99996,19,15,0,0,177,125,0.0030201208048321933,16,4,49819,49879,144,100,0,0,0,0,0,0,99728,0,0,0,0,0,0,0,0,0,0,268,0,0,0,0,0,0
65,1056,66.01442276245875,99996,21,16,0,0,182,128,0.0031001240049601986,14,4,49816,49876,147,102,0,0,0,0,0,0,99723,0,0,0,0,0,0,0,0,0,0,273,0,0,0,0,0,0
66,1056,67.20832568604548,99996,23,14,0,0,188,129,0.003170126805072203,11,11,49813,49868,151,105,0,0,0,0,0,0,99716,0,0,0,0,0,0,0,0,0,0,280,0,0,0,0,0,0
67,1056,68.04315121158096,99996,24,16,0,0,192,132,0.0032401296051842074,12,10,49809,49867,153,105,0,0,0,0,0,0,99712,0,0,0,0,0,0,0,0,0,0,284,0,0,0,0,0,0
68,1056,69.03622990903494,99996,25,14,0,0,196,133,0.0032901316052642107,14,11,49803,49865,156,108,0,0,0,0,0,0,99706,0,0,0,0,0,0,0,0,0,0,290,0,0,0,0,0,0
69,1056,70.08885195320501,99996,28,19,0,0,200,139,0.003390135605424217,13,6,49802,49865,155,108,0,0,0,0,0,0,99704,0,0,0,0,0,0,0,0,0,0,292,0,0,0,0,0,0
70,1056,71.20147271973525,99996,26,15,0,0,202,140,0.0034201368054722187,18,7,49795,49863,159,113,0,0,0,0,0,0,99695,0,0,0,0,0,0,0,0,0,0,301,0,0,0,0,0,0
71,1056,72.00406885549721,99996,23,17,0,0,205,142,0.003470138805552222,26,7,49784,49862,165,112,0,0,0,0,0,0,99689,0,0,0,0,0,0,0,0,0,0,307,0,0,0,0,0,0
72,1056,73.09289962029945,99996,24,16,0,0,210,145,0.003550142005680227,26,6,49780,49860,168,116,0,0,0,0,0,0,99681,0,0,0,0,0,0,0,0,0,0,315,0,0,0,0,0,0
73,1056,74.27971214509098,99996,23,13,0,0,217,145,0.0036201448057922316,21,8,49778,49858,176,119,0,0,0,0,0,0,99670,0,0,0,0,0,0,0,0,0,0,326,0,0,0,0,0,0
74,1056,75.1126234075081,99996,26,14,0,0,221,147,0.0036801472058882356,18,7,49777,49857,177,120,0,0,0,0,0,0,99668,0,0,0,0,0,0,0,0,0,0,328,0,0,0,0,0,0
75,1056,76.1882872290875,99996,25,9,0,0,223,148,0.0037101484059362372,21,10,49774,49854,178,125,0,0,0,0,0,0,99659,0,0,0,0,0,0,0,0,0,0,337,0,0,0,0,0,0
76,1056,77.09131368508217,99996,30,9,0,0,229,151,0.0038001520060802433,21,9,49769,49852,178,128,0,0,0,0,0,0,99655,0,0,0,0,0,0,0,0,0,0,341,0,0,0,0,0,0
77,1056,78.06134725439223,99996,32,8,0,0,233,152,0.0038501540061602465,18,10,49768,49850,180,130,0,0,0,0,0,0,99651,0,0,0,0,0,0,0,0,0,0,345,0,0,0,0,0,0
78,1056,79.0239750148788,99996,30,8,0,0,236,154,0.0039001560062402497,19,8,49764,49850,185,132,0,0,0,0,0,0,99644,0,0,0,0,0,0,0,0,0,0,352,0,0,0,0,0,0
79,1056,80.00879398188981,99996,26,8,0,0,236,154,0.0039001560062402497,21,9,49762,49850,189,131,0,0,0,0,0,0,99640,0,0,0,0,0,0,0,0,0,0,356,0,0,0,0,0,0
80,1056,81.31694750102871,99996,24,8,0,0,243,155,0.0039801592063682546,21,11,49756,49847,197,132,0,0,0,0,0,0,99630,0,0,0,0,0,0,0,0,0,0,366,0,0,0,0,0,0
81,1056,82.05039026311502,99996,23,8,0,0,244,157,0.004010160406416257,21,10,49755,49846,199,134,0,0,0,0,0,0,99626,0,0,0,0,0,0,0,0,0,0,370,0,0,0,0,0,0
82,1056,83.12845005143846,99996,27,9,0,0,249,160,0.004090163606544262,21,11,49750,49842,200,136,0,0,0,0,0,0,99623,0,0,0,0,0,0,0,0,0,0,373,0,0,0,0,0,0
83,1056,84.06882107028753,99996,30,9,0,0,254,163,0.004170166806672267,18,10,49748,49840,202,139,0,0,0,0,0,0,99618,0,0,0,0,0,0,0,0,0,0,378,0,0,0,0,0,0
84,1056,85.10921006144221,99996,22,12,0,0,257,166,0.004230169206768271,23,9,49740,49840,213,137,0,0,0,0,0,0,99607,0,0,0,0,0,0,0,0,0,0,389,0,0,0,0,0,0
85,1056,86.02999680066122,99996,30,13,0,0,267,169,0.004360174406976279,19,7,49734,49840,215,138,0,0,0,0,0,0,99603,0,0,0,0,0,0,0,0,0,0,393,0,0,0,0,0,0
86,1056,87.01836792207422,99996,31,14,0,0,270,171,0.004410176407056282,21,7,49729,49838,217,139,0,0,0,0,0,0,99600,0,0,0,0,0,0,0,0,0,0,396,0,0,0,0,0,0
87,1056,88.13524768679912,99996,35,17,0,0,277,174,0.004510180407216288,19,7,49725,49836,219,138,0,0,0,0,0,0,99597,0,0,0,0,0,0,0,0,0,0,399,0,0,0,0,0,0
88,1056,89.14203275859599,99996,35,14,0,0,284,175,0.004590183607344294,17,7,49722,49835,224,142,0,0,0,0,0,0,99586,0,0,0,0,0,0,0,0,0,0,410,0,0,0,0,0,0
89,1056,90.18539086905902,99996,35,10,0,0,286,176,0.004620184807392296,18,7,49719,49835,226,146,0,0,0,0,0,0,99579,0,0,0,0,0,0,0,0,0,0,417,0,0,0,0,0,0
90,1056,91.06227864514054,99996,34,10,0,0,290,176,0.004660186407456298,19,9,49715,49833,230,146,0,0,0,0,0,0,99574,0,0,0,0,0,0,0,0,0,0,422,0,0,0,0,0,0
91,1056,92.0440558562588,99996,36,8,0,0,297,177,0.004740189607584304,14,10,49714,49831,234,149,0,0,0,0,0,0,99566,0,0,0,0,0,0,0,0,0,0,430,0,0,0,0,0,0
92,1056,93.15860182920427,99996,33,10,0,0,300,181,0.004810192407696308,21,11,49706,49827,238,150,0,0,0,0,0,0,99558,0,0,0,0,0,0,0,0,0,0,438,0,0,0,0,0,0
93,1056,94.04314646621941,99996,31,13,0,0,301,185,0.004860194407776311,22,7,49704,49828,241,150,0,0,0,0,0,0,99554,0,0,0,0,0,0,0,0,0,0,442,0,0,0,0,0,0
94,1056,95.05843557846408,99996,37,13,0,0,310,187,0.004970198807952318,15,6,49703,49828,243,151,0,0,0,0,0,0,99549,0,0,0,0,0,0,0,0,0,0,447,0,0,0,0,0,0
95,1056,96.1642265211634,99996,39,15,0,0,316,190,0.005060202408096324,20,6,49692,49825,247,152,0,0,0,0,0,0,99544,0,0,0,0,0,0,0,0,0,0,452,0,0,0,0,0,0
96,1056,97.01885500951695,99996,40,12,0,0,319,190,0.0050902036081443254,23,9,49686,49822,249,155,0,0,0,0,0,0,99539,0,0,0,0,0,0,0,0,0,0,457,0,0,0,0,0,0
97,1056,98.0669647947392,99996,39,15,0,0,327,193,0.005200208008320333,22,10,49679,49819,258,154,0,0,0,0,0,0,99530,0,0,0,0,0,0,0,0,0,0,466,0,0,0,0,0,0
98,1056,99.05329384918576,99996,36,16,0,0,330,194,0.005240209608384335,23,10,49675,49818,264,154,0,0,0,0,0,0,99524,0,0,0,0,0,0,0,0,0,0,472,0,0,0,0,0,0
99,1056,100.07729437435394,99996,36,17,0,0,333,197,0.005300212008480339,20,9,49676,49816,266,156,0,0,0,0,0,0,99519,0,0,0,0,0,0,0,0,0,0,477,0,0,0,0,0,0
100,1056,101.13297022156686,99996,35,13,0,0,336,198,0.0053402136085443416,22,9,49672,49816,269,160,0,0,0,0,0,0,99510,0,0,0,0,0,0,0,0,0,0,486,0,0,0,0,0,0
101,1056,102.23383274365638,99996,39,11,0,0,345,200,0.005450218008720349,25,12,49660,49811,274,164,0,0,0,0,0,0,99501,0,0,0,0,0,0,0,0,0,0,495,0,0,0,0,0,0
102,1056,103.23888219124323,99996,39,14,0,0,349,205,0.0055402216088643545,31,13,49652,49805,276,166,0,0,0,0,0,0,99495,0,0,0,0,0,0,0,0,0,0,501,0,0,0,0,0,0
103,1056,104.02848545452692,99996,38,20,0,0,353,212,0.005650226009040362,30,7,49650,49804,280,167,0,0,0,0,0,0,99489,0,0,0,0,0,0,0,0,0,0,507,0,0,0,0,0,0
104,1056,105.05376368255624,99996,42,15,0,0,364,213,0.005770230809232369,26,10,49643,49800,287,173,0,0,0,0,0,0,99476,0,0,0,0,0,0,0,0,0,0,520,0,0,0,0,0,0
105,1056,106.02983740129217,99996,47,15,0,0,373,215,0.005880235209408376,20,12,49641,49796,290,175,0,0,0,0,0,0,99470,0,0,0,0,0,0,0,0,0,0,526,0,0,0,0,0,0
106,1056,107.061655737039,99996,50,11,0,0,382,217,0.0059902396095843835,19,10,49634,49796,295,181,0,0,0,0,0,0,99458,0,0,0,0,0,0,0,0,0,0,538,0,0,0,0,0,0
107,1056,108.03008277650218,99996,43,12,0,0,384,221,0.0060502420096803875,19,6,49633,49796,303,184,0,0,0,0,0,0,99446,0,0,0,0,0,0,0,0,0,0,550,0,0,0,0,0,0
108,1056,109.06686674321112,99996,38,13,0,0,389,225,0.006140245609824393,24,3,49623,49797,313,185,0,0,0,0,0,0,99433,0,0,0,0,0,0,0,0,0,0,563,0,0,0,0,0,0
109,1056,110.15953740972152,99996,36,12,0,0,393,225,0.0061802472098883956,31,6,49614,49794,317,186,0,0,0,0,0,0,99426,0,0,0,0,0,0,0,0,0,0,570,0,0,0,0,0,0
110,1056,111.08983279028605,99996,44,13,0,0,405,227,0.006320252810112404,22,9,49612,49791,320,185,0,0,0,0,0,0,99421,0,0,0,0,0,0,0,0,0,0,575,0,0,0,0,0,0
111,1056,112.18956039293607,99996,43,14,0,0,411,229,0.006400256010240409,23,10,49606,49788,326,186,0,0,0,0,0,0,99413,0,0,0,0,0,0,0,0,0,0,583,0,0,0,0,0,0
112,1056,113.23202906447767,99996,50,15,0,0,421,231,0.006520260810432417,18,10,49601,49786,329,187,0,0,0,0,0,0,99409,0,0,0,0,0,0,0,0,0,0,587,0,0,0,0,0,0
113,1056,114.17710303125881,99996,52,17,0,0,430,234,0.006640265610624425,19,11,49594,49784,333,186,0,0,0,0,0,0,99401,0,0,0,0,0,0,0,0,0,0,595,0,0,0,0,0,0
114,1056,115.21971688890554,99996,48,16,0,0,434,236,0.0067002680107204286,25,11,49586,49783,339,188,0,0,0,0,0,0,99390,0,0,0,0,0,0,0,0,0,0,606,0,0,0,0,0,0
115,1056,116.10298588602247,99996,51,20,0,0,441,240,0.006810272410896436,22,14,49582,49777,343,187,0,0,0,0,0,0,99386,0,0,0,0,0,0,0,0,0,0,610,0,0,0,0,0,0
116,1056,117.18103318561853,99996,45,26,0,0,446,247,0.006930277211088444,26,11,49574,49775,353,186,0,0,0,0,0,0,99374,0,0,0,0,0,0,0,0,0,0,622,0,0,0,0,0,0
117,1056,118.02079287455109,99996,44,27,0,0,452,251,0.00703028121124845,25,11,49570,49774,359,186,0,0,0,0,0,0,99364,0,0,0,0,0,0,0,0,0,0,632,0,0,0,0,0,0
118,1056,119.09999136186589,99996,42,25,0,0,460,256,0.007160286411456458,25,10,49563,49772,368,191,0,0,0,0,0,0,99347,0,0,0,0,0,0,0,0,0,0,649,0,0,0,0,0,0
119,1056,120.116726145477,99996,43,26,0,0,464,258,0.0072202888115524624,26,10,49559,49771,370,191,0,0,0,0,0,0,99343,0,0,0,0,0,0,0,0,0,0,653,0,0,0,0,0,0
120,1056,121.2396050946284,99996,49,24,0,0,480,260,0.007400296011840474,22,17,49550,49762,377,195,0,0,0,0,0,0,99329,0,0,0,0,0,0,0,0,0,0,667,0,0,0,0,0,0
121,1056,122.15316097757128,99996,52,22,0,0,485,261,0.007460298411936478,19,16,49548,49762,379,198,0,0,0,0,0,0,99324,0,0,0,0,0,0,0,0,0,0,672,0,0,0,0,0,0
122,1056,123.16533804286446,99996,54,19,0,0,492,264,0.007560302412096484,23,13,49540,49762,381,204,0,0,0,0,0,0,99313,0,0,0,0,0,0,0,0,0,0,683,0,0,0,0,0,0
123,1056,124.22180576292475,99996,41,19,0,0,496,268,0.007640305612224489,29,14,49530,49758,398,207,0,0,0,0,0,0,99292,0,0,0,0,0,0,0,0,0,0,704,0,0,0,0,0,0
124,1056,125.05914976455105,99996,42,17,0,0,499,269,0.007680307212288491,33,18,49524,49753,399,210,0,0,0,0,0,0,99287,0,0,0,0,0,0,0,0,0,0,709,0,0,0,0,0,0
125,1056,126.06316389645457,99996,43,20,0,0,507,276,0.007830313212528502,34,21,49516,49744,405,213,0,0,0,0,0,0,99276,0,0,0,0,0,0,0,0,0,0,720,0,0,0,0,0,0
126,1056,127.10488530349106,99996,51,24,0,0,519,281,0.008000320012800512,31,17,49509,49743,407,214,0,0,0,0,0,0,99271,0,0,0,0,0,0,0,0,0,0,725,0,0,0,0,0,0
127,1056,128.2437436060768,99996,54,28,0,0,527,287,0.00814032561302452,34,17,49500,49737,410,216,0,0,0,0,0,0,99264,0,0,0,0,0,0,0,0,0,0,732,0,0,0,0,0,0
128,1056,129.2088005324241,99996,56,26,0,0,531,289,0.008200328013120525,40,19,49491,49733,411,220,0,0,0,0,0,0,99258,0,0,0,0,0,0,0,0,0,0,738,0,0,0,0,0,0
129,1056,130.23753017279,99996,67,22,0,0,546,291,0.008370334813392536,39,23,49478,49728,414,225,0,0,0,0,0,0,99249,0,0,1,0,0,0,0,0,0,0,746,0,0,0,0,0,0
130,1056,131.22732124696813,99996,68,22,0,0,556,294,0.008500340013600545,38,24,49470,49726,422,226,0,0,0,0,0,0,99237,0,0,1,0,0,0,0,0,0,0,758,0,0,0,0,0,0
131,1056,132.21726580992325,99996,67,22,0,0,567,298,0.008650346013840553,38,25,49461,49721,432,230,0,0,0,0,0,0,99221,0,0,1,0,0,0,0,0,0,0,774,0,0,0,0,0,0
132,1056,133.20737598514168,99996,70,28,0,0,580,306,0.008860354414176567,29,22,49459,49717,440,231,0,0,0,0,0,0,99209,0,0,1,0,0,0,0,0,0,0,786,0,0,0,0,0,0
133,1056,134.19759529288376,99996,68,27,0,0,588,308,0.008960358414336574,29,23,49453,49716,448,232,0,0,0,0,0,0,99196,0,0,1,0,0,0,0,0,0,0,799,0,0,0,0,0,0
134,1056,135.1879359753248,99996,65,32,0,0,594,315,0.009090363614544582,35,24,49442,49708,456,234,0,0,0,0,0,0,99185,0,0,1,0,0,0,0,0,0,0,810,0,0,0,0,0,0
135,1056,136.17841970930564,99996,70,36,0,0,605,322,0.009270370814832594,37,19,49432,49707,459,236,0,0,0,0,0,0,99176,0,0,1,0,0,0,0,0,0,0,819,0,0,0,0,0,0
136,1056,137.0670737496329,99996,69,37,0,0,611,327,0.009380375215008601,39,14,49426,49708,464,239,0,0,0,0,0,0,99165,0,0,1,0,0,0,0,0,0,0,830,0,0,0,0,0,0
137,1056,138.24605079297913,99996,67,36,0,0,619,330,0.009490379615184607,43,17,49416,49703,472,242,0,0,0,0,0,0,99152,0,0,2,0,0,0,0,0,0,0,842,0,0,0,0,0,0
138,1056,139.25115059750019,99996,65,32,0,0,626,331,0.009570382815312613,46,20,49409,49700,478,246,0,0,0,0,0,0,99138,0,0,2,0,0,0,0,0,0,0,856,0,0,0,0,0,0
139,1056,140.26301267429815,99996,73,31,0,0,646,336,0.009820392815712628,42,22,49393,49693,490,252,0,0,0,0,0,0,99121,0,0,3,0,0,0,0,0,0,0,872,0,0,0,0,0,0
140,1056,141.25435569427182,99996,71,35,0,0,654,341,0.009950398015920637,49,21,49379,49690,499,252,0,0,0,0,0,0,99110,0,0,3,0,0,0,0,0,0,0,883,0,0,0,0,0,0
141,1056,142.09262060211276,99996,68,35,0,0,657,348,0.010050402016080644,52,18,49375,49687,503,258,0,0,0,0,0,0,99097,0,0,3,0,0,0,0,0,0,0,896,0,0,0,0,0,0
142,1056,143.02449900242385,99996,76,31,0,0,673,353,0.010260410416416657,48,22,49366,49679,508,266,0,0,0,0,0,0,99080,0,0,3,0,0,0,0,0,0,0,913,0,0,0,0,0,0
143,1056,144.01630962720492,99996,75,32,0,0,684,359,0.010430417216688668,45,22,49358,49673,520,271,0,0,0,0,0,0,99063,0,0,3,0,0,0,0,0,0,0,930,0,0,0,0,0,0
144,1056,145.00830148421161,99996,81,32,0,0,700,364,0.010640425617024682,41,29,49346,49661,530,276,0,0,0,0,0,0,99048,0,0,3,0,0,0,0,0,0,0,945,0,0,0,0,0,0
145,1056,146.0005046859176,99996,76,34,0,0,709,370,0.01079043161726469,48,31,49333,49654,541,279,0,0,0,0,0,0,99030,0,0,3,0,0,0,0,0,0,0,963,0,0,0,0,0,0
146,1056,147.32382019867103,99996,79,38,0,0,734,379,0.011130445217808713,41,33,49319,49644,559,283,0,0,0,0,0,0,99003,0,0,3,0,0,0,0,0,0,0,990,0,0,0,0,0,0
147,1056,148.31652735350957,99996,83,40,0,0,748,387,0.011350454018160726,36,43,49311,49626,568,289,0,0,0,0,0,0,98987,0,0,3,0,0,0,0,0,0,0,1006,0,0,0,0,0,0
148,1056,149.30934100536518,99996,84,38,0,0,760,394,0.011540461618464738,36,42,49303,49621,575,297,0,0,0,0,0,0,98967,0,0,3,0,0,0,0,0,0,0,1026,0,0,0,0,0,0
149,1056,150.3023062143678,99996,81,45,0,0,768,405,0.01173046921876875,44,34,49289,49620,584,299,0,0,0,0,0,0,98952,0,0,3,0,0,0,0,0,0,0,1041,0,0,0,0,0,0
150,1056,151.2955182117289,99996,80,49,0,0,778,414,0.011920476819072764,49,33,49277,49613,592,303,0,0,0,0,0,0,98936,0,0,3,0,0,0,0,0,0,0,1057,0,0,0,0,0,0
151,1056,152.28893414839825,99996,84,42,0,0,791,421,0.012120484819392775,51,32,49262,49609,601,315,0,0,0,0,0,0,98913,0,0,3,0,0,0,0,0,0,0,1080,0,0,0,0,0,0
152,1056,153.28265088531822,99996,80,42,0,0,806,428,0.01234049361974479,47,31,49254,49606,617,319,0,0,0,0,0,0,98887,0,0,3,0,0,0,0,0,0,0,1106,0,0,0,0,0,0
153,1056,154.2765724220903,99996,83,40,0,0,818,431,0.0124904996199848,43,38,49248,49596,624,324,0,0,0,0,0,0,98873,0,0,3,0,0,0,0,0,0,0,1120,0,0,0,0,0,0
154,1056,155.27065632416037,99996,72,42,0,0,825,439,0.012640505620224809,57,36,49228,49591,641,329,0,0,0,0,0,0,98849,0,0,3,0,0,0,0,0,0,0,1144,0,0,0,0,0,0
155,1056,156.26505446088152,99996,84,47,0,0,841,452,0.012930517220688827,61,27,49212,49588,641,336,0,0,0,0,0,0,98837,0,0,3,0,0,0,0,0,0,0,1156,0,0,0,0,0,0
156,1056,157.2596398535636,99996,88,48,0,0,855,459,0.013140525621024841,58,28,49202,49581,650,341,0,0,0,0,0,0,98821,0,0,3,0,0,0,0,0,0,0,1172,0,0,0,0,0,0
157,1056,158.2544098995055,99995,85,47,1,0,866,465,0.013310665533276663,61,29,49189,49576,662,346,0,0,0,0,0,0,98800,0,0,3,0,0,0,0,0,0,0,1192,0,0,0,0,0,0
158,1056,159.24944380828668,99995,87,47,1,0,879,470,0.013490674533726685,61,33,49178,49568,671,350,0,0,0,0,0,0,98785,0,0,4,0,0,0,0,0,0,0,1206,0,0,0,0,0,0
159,1056,160.24464740447496,99995,93,48,1,0,894,476,0.013700685034251713,63,30,49164,49566,677,354,0,0,0,0,0,0,98771,0,0,4,0,0,0,0,0,0,0,1220,0,0,0,0,0,0
160,1056,161.24005433444918,99995,96,49,1,0,910,485,0.013950697534876743,59,32,49154,49558,688,359,0,0,0,0,0,0,98750,0,0,4,0,0,0,0,0,0,0,1241,0,0,0,0,0,0
161,1056,162.2356619542622,99995,90,53,1,0,920,494,0.014140707035351767,65,34,49141,49551,701,360,0,0,0,0,0,0,98729,0,0,4,0,0,0,0,0,0,0,1262,0,0,0,0,0,0
162,1056,163.23148150507132,99995,96,60,1,0,937,506,0.014430721536076803,63,30,49129,49545,709,363,0,0,0,0,0,0,98713,0,0,4,0,0,0,0,0,0,0,1278,0,0,0,0,0,0
163,1056,164.22754849188382,99995,93,53,1,0,948,513,0.014610730536526827,69,28,49112,49541,723,376,0,0,0,0,0,0,98685,0,0,4,0,0,0,0,0,0,0,1306,0,0,0,0,0,0
164,1056,165.2239498355997,99994,97,51,2,0,968,518,0.01486089165349921,66,31,49096,49534,737,382,0,0,0,0,0,0,98662,0,0,4,0,0,0,0,0,0,0,1328,0,0,0,0,0,0
165,1056,166.22064010973017,99994,94,53,2,0,982,527,0.01509090545432726,71,30,49077,49528,754,387,0,0,0,0,0,0,98638,0,0,4,0,0,0,0,0,0,0,1352,0,0,0,0,0,0
166,1056,167.21765786743,99994,89,58,2,0,996,536,0.015320919255155309,67,26,49069,49524,771,390,0,0,0,0,0,0,98615,0,0,4,0,0,0,0,0,0,0,1375,0,0,0,0,0,0
167,1056,168.2149670548365,99994,93,57,2,0,1012,540,0.015520931255875352,63,30,49060,49517,780,394,0,0,0,0,0,0,98598,0,0,4,0,0,0,0,0,0,0,1392,0,0,0,0,0,0
168,1056,169.2124499849722,99994,94,54,2,0,1030,549,0.01579094745684741,55,30,49053,49510,794,404,0,0,0,0,0,0,98570,0,0,5,0,0,0,0,0,0,0,1419,0,0,0,0,0,0
169,1056,170.2101373802947,99994,102,50,2,0,1051,554,0.016050963057783467,46,28,49046,49508,802,412,0,0,0,0,0,0,98548,0,0,5,0,0,0,0,0,0,0,1441,0,0,0,0,0,0
170,1056,171.2080327227155,99994,106,53,2,0,1070,561,0.016310978658719524,51,27,49026,49503,813,415,0,0,0,0,0,0,98529,0,0,5,0,0,0,0,0,0,0,1460,0,0,0,0,0,0
171,1056,172.20618684249078,99994,106,59,2,0,1078,573,0.016510990659439565,60,21,49011,49497,819,421,0,0,0,0,0,0,98515,0,0,5,0,0,0,0,0,0,0,1474,0,0,0,0,0,0
172,1056,173.20453549556885,99994,114,63,2,0,1100,581,0.01681100866051963,55,23,48995,49488,832,424,0,0,0,0,0,0,98498,0,0,6,0,0,0,0,0,0,0,1490,0,0,0,0,0,0
173,1056,174.20313687372968,99994,112,60,2,0,1111,588,0.01699101946116767,64,26,48977,49478,843,434,0,0,0,0,0,0,98475,0,0,6,0,0,0,0,0,0,0,1513,0,0,0,0,0,0
174,1056,175.2020634677391,99994,110,56,2,0,1127,593,0.017201032061923714,63,29,48964,49472,859,441,0,0,0,0,0,0,98448,0,0,6,0,0,0,0,0,0,0,1540,0,0,0,0,0,0
175,1056,176.20134110281762,99994,105,62,2,0,1141,604,0.017451047062823768,68,25,48948,49467,875,444,0,0,0,0,0,0,98424,0,0,6,0,0,0,0,0,0,0,1564,0,0,0,0,0,0
176,1056,177.20089086272213,99994,102,56,2,0,1154,607,0.017611056663399804,72,31,48934,49460,888,451,0,0,0,0,0,0,98400,0,0,7,0,0,0,0,0,0,0,1587,0,0,0,0,0,0
177,1056,178.20073582038344,99994,111,58,2,0,1174,614,0.017881072864371864,62,28,48926,49460,897,452,0,0,0,0,0,0,98384,0,0,7,0,0,0,0,0,0,0,1603,0,0,0,0,0,0
178,1056,179.2007523519351,99994,114,62,2,0,1189,623,0.018121087265235914,65,29,48911,49454,906,453,0,0,0,0,0,0,98368,0,0,8,0,0,0,0,0,0,0,1618,0,0,0,0,0,0
179,1056,180.20096145598217,99994,119,65,2,0,1205,632,0.018371102266135968,60,35,48903,49441,914,457,0,0,0,0,0,0,98351,0,0,8,0,0,0,0,0,0,0,1635,0,0,0,0,0,0
180,1056,181.20132271902818,99994,115,64,2,0,1216,641,0.018571114266856013,74,34,48880,49435,927,465,0,0,0,0,0,0,98326,0,0,8,0,0,0,0,0,0,0,1660,0,0,0,0,0,0
181,1056,182.20203671245494,99994,121,61,2,0,1241,649,0.018901134068044084,69,31,48869,49433,937,473,0,0,0,0,0,0,98296,0,0,8,0,0,0,0,0,0,0,1690,0,0,0,0,0,0
182,1056,183.20305260790101,99994,120,65,2,0,1263,658,0.01921115266916015,62,30,48858,49429,956,474,0,0,0,0,0,0,98268,0,0,8,0,0,0,0,0,0,0,1718,0,0,0,0,0,0
183,1056,184.20429089563038,99994,118,74,2,0,1282,674,0.019561173670420224,65,31,48840,49412,973,481,0,0,0,0,0,0,98240,0,0,8,0,0,0,0,0,0,0,1746,0,0,0,0,0,0
184,1056,185.20583654553562,99994,116,77,2,0,1299,682,0.019811188671320278,69,29,48823,49407,988,485,0,0,0,0,0,0,98216,0,0,8,0,0,0,0,0,0,0,1770,0,0,0,0,0,0
185,1056,186.20770250350913,99994,109,78,2,0,1308,692,0.02000120007200432,76,30,48812,49397,999,493,0,0,0,0,0,0,98191,0,0,8,0,0,0,0,0,0,0,1795,0,0,0,0,0,0
186,1056,187.20983419240858,99994,113,71,2,0,1333,697,0.020301218073084385,66,41,48799,49382,1018,504,0,0,0,0,0,0,98158,0,0,8,0,0,0,0,0,0,0,1828,0,0,0,0,0,0
187,1056,188.21224968479024,99994,103,70,2,0,1345,707,0.020521231273876433,77,38,48781,49376,1035,514,0,0,0,0,0,0,98126,0,0,9,0,0,0,0,0,0,0,1859,0,0,0,0,0,0
188,1056,189.21506807364077,99994,107,67,2,0,1365,715,0.020801248074884492,73,38,48772,49370,1044,523,0,0,0,0,0,0,98099,0,0,9,0,0,0,0,0,0,0,1886,0,0,0,0,0,0
189,1056,190.21811649036533,99994,110,68,2,0,1384,724,0.021081264875892555,69,40,48761,49361,1056,529,0,0,0,0,0,0,98075,0,0,9,0,0,0,0,0,0,0,1910,0,0,0,0,0,0
190,1056,191.2213643150629,99994,109,73,2,0,1396,732,0.021281276876612597,75,35,48750,49361,1062,529,0,0,0,0,0,0,98059,0,0,9,0,0,0,0,0,0,0,1926,0,0,0,0,0,0
191,1056,192.22479554303376,99994,118,59,2,0,1422,739,0.02161129667780067,70,40,48734,49351,1074,548,0,0,0,0,0,0,98022,0,0,10,0,0,0,0,0,0,0,1962,0,0,0,0,0,0
192,1056,193.22855114415367,99994,119,63,2,0,1437,752,0.021891313478808728,91,36,48703,49347,1083,552,0,0,0,0,0,0,98000,0,0,11,0,0,0,0,0,0,0,1983,0,0,0,0,0,0
193,1056,194.23266491149442,99994,119,68,2,0,1458,765,0.022231333880032803,86,34,48694,49340,1097,556,0,0,0,0,0,0,97972,0,0,12,0,0,0,0,0,0,0,2010,0,0,0,0,0,0
194,1056,195.23705018285204,99993,119,68,2,1,1473,772,0.0224515716100127,97,36,48672,49333,1108,560,0,0,0,0,0,0,97950,0,0,12,0,0,0,0,0,0,0,2031,0,0,0,0,0,0
195,1056,196.24178211163,99993,136,72,2,1,1503,782,0.022851599611972837,94,34,48649,49327,1117,564,0,0,0,0,0,0,97931,0,0,12,0,0,0,0,0,0,0,2050,0,0,0,0,0,0
196,1056,197.2467892314169,99993,138,69,2,1,1526,790,0.023161621313491945,89,38,48635,49316,1134,574,0,0,0,0,0,0,97899,0,0,12,0,0,0,0,0,0,0,2082,0,0,0,0,0,0
197,1056,198.2521395734704,99992,140,76,2,2,1548,807,0.023551884150732057,89,31,48616,49309,1151,580,0,0,0,0,0,0,97869,0,0,12,0,0,0,0,0,0,0,2111,0,0,0,0,0,0
198,1056,199.25784154998493,99992,142,70,2,2,1571,817,0.023881910552844228,88,30,48603,49302,1163,594,0,0,0,0,0,0,97833,0,0,13,0,0,0,0,0,0,0,2146,0,0,0,0,0,0
199,1056,200.26381985465903,99992,146,72,2,2,1591,826,0.024171933754700375,95,30,48580,49296,1175,598,0,0,0,0,0,0,97811,0,0,14,0,0,0,0,0,0,0,2167,0,0,0,0,0,0
200,1056,201.27011494827605,99991,139,73,3,2,1608,834,0.024422197997819802,89,37,48573,49283,1194,603,0,0,0,0,0,0,97780,0,0,14,0,0,0,0,0,0,0,2197,0,0,0,0,0,0
201,1056,202.27671798690537,99991,137,70,3,2,1629,843,0.024722225000250023,92,36,48553,49279,1213,611,0,0,0,0,0,0,97746,0,0,15,0,0,0,0,0,0,0,2230,0,0,0,0,0,0
202,1056,203.28370820642542,99991,135,67,3,2,1650,850,0.025002250202518228,91,44,48540,49267,1229,618,0,0,0,0,0,0,97714,0,0,16,0,0,0,0,0,0,0,2261,0,0,0,0,0,0
203,1056,204.29097415374565,99991,135,73,3,2,1667,865,0.02532227900511046,91,44,48527,49253,1242,626,0,0,0,0,0,0,97688,0,0,16,0,0,0,0,0,0,0,2287,0,0,0,0,0,0
204,1056,205.29850902596743,99991,146,72,3,2,1695,873,0.025682311408026723,91,50,48505,49239,1253,635,0,0,0,0,0,0,97662,0,0,16,0,0,0,0,0,0,0,2313,0,0,0,0,0,0
205,1056,206.30636346356633,99991,155,67,3,2,1722,885,0.026072346511186006,85,53,48487,49226,1268,650,0,0,0,0,0,0,97627,0,0,16,0,0,0,0,0,0,0,2348,0,0,0,0,0,0
206,1056,207.3145777430107,99991,157,68,3,2,1744,898,0.026422378014021263,89,50,48462,49217,1287,661,0,0,0,0,0,0,97595,0,0,16,0,0,0,0,0,0,0,2380,0,0,0,0,0,0
207,1056,208.32323779095782,99991,160,69,3,2,1764,908,0.02672240501645148,88,56,48447,49203,1300,668,0,0,0,0,0,0,97569,0,0,16,0,0,0,0,0,0,0,2406,0,0,0,0,0,0
208,1056,209.332185875535,99991,159,78,3,2,1785,929,0.02714244281985379,95,48,48420,49192,1321,678,0,0,0,0,0,0,97536,0,0,17,0,0,0,0,0,0,0,2438,0,0,0,0,0,0
209,1056,210.0050611615726,99991,158,80,3,2,1803,935,0.027382464421797963,95,49,48406,49189,1336,678,0,0,0,0,0,0,97513,0,0,17,0,0,0,0,0,0,0,2461,0,0,0,0,0,0
210,1056,211.01477914278527,99991,155,89,3,2,1822,953,0.027752497724795232,101,45,48388,49180,1351,682,0,0,0,0,0,0,97482,0,0,17,0,0,0,0,0,0,0,2492,0,0,0,0,0,0
211,1056,212.02479374503392,99990,158,80,4,2,1844,959,0.028032803280328034,107,52,48370,49172,1359,692,0,0,0,0,0,0,97448,0,0,17,0,0,0,0,0,0,0,2525,0,0,0,0,0,0
212,1056,213.03515880420952,99990,140,88,4,2,1864,981,0.028452845284528454,109,41,48353,49163,1392,704,0,0,0,0,0,0,97397,0,0,18,0,0,0,0,0,0,0,2575,0,0,0,0,0,0
213,1056,214.04597606693056,99990,139,95,4,2,1882,995,0.028772877287728774,114,37,48334,49161,1407,703,0,0,0,0,0,0,97371,0,0,18,0,0,0,0,0,0,0,2601,0,0,0,0,0,0
214,1056,215.05714486073893,99990,153,93,4,2,1924,1006,0.029302930293029304,93,39,48320,49151,1428,713,0,0,0,0,0,0,97330,0,0,18,0,0,0,0,0,0,0,2642,0,0,0,0,0,0
215,1056,216.06867259284343,99990,149,90,4,2,1945,1014,0.029592959295929592,95,45,48299,49139,1451,722,0,0,0,0,0,0,97297,0,0,21,0,0,0,0,0,0,0,2672,0,0,0,0,0,0
216,1056,217.0806538205085,99990,147,90,4,2,1968,1023,0.02991299129912991,95,50,48281,49129,1471,727,0,0,0,0,0,0,97265,0,0,23,0,0,0,0,0,0,0,2702,0,0,0,0,0,0
217,1056,218.09300798835613,99989,153,93,4,3,1994,1035,0.03029333226654932,101,54,48253,49115,1487,733,0,0,0,0,0,0,97237,0,0,24,0,0,0,0,0,0,0,2728,0,0,0,0,0,0
218,1056,219.10572197433476,99989,155,96,4,3,2026,1049,0.030753382872115934,87,52,48241,49105,1511,742,0,0,0,0,0,0,97196,0,0,24,0,0,0,0,0,0,0,2769,0,0,0,0,0,0
219,1056,220.11886295346872,99989,144,89,4,3,2043,1055,0.030983408174899238,98,56,48216,49097,1536,753,0,0,0,0,0,0,97156,0,0,25,0,0,0,0,0,0,0,2808,0,0,0,0,0,0
220,1056,221.1325799291838,99989,155,87,4,3,2073,1065,0.03138345217973977,94,59,48193,49087,1552,762,0,0,0,0,0,0,97125,0,0,25,0,0,0,0,0,0,0,2839,0,0,0,0,0,0
221,1056,222.14670668248868,99989,159,92,4,3,2102,1085,0.031873506085669426,100,47,48160,49081,1575,775,0,0,0,0,0,0,97085,0,0,25,0,0,0,0,0,0,0,2879,0,0,0,0,0,0
222,1056,223.16140208030288,99989,172,86,4,3,2131,1095,0.03226354899038894,101,55,48137,49065,1584,789,0,0,0,0,0,0,97054,0,0,26,0,0,0,0,0,0,0,2909,0,0,0,0,0,0
223,1056,224.17645200112915,99989,175,94,4,3,2162,1112,0.032743601796197584,98,49,48116,49055,1605,797,0,0,0,0,0,0,97018,0,0,27,0,0,0,0,0,0,0,2944,0,0,0,0,0,0
224,1056,225.19193745376523,99989,173,92,4,3,2184,1120,0.033043634799827984,107,54,48088,49042,1626,807,0,0,0,0,0,0,96984,0,0,27,0,0,0,0,0,0,0,2978,0,0,0,0,0,0
225,1056,226.2079119660777,99989,166,94,4,3,2206,1132,0.033383672203942436,102,54,48080,49031,1646,816,0,0,0,0,0,0,96946,0,0,28,0,0,0,0,0,0,0,3015,0,0,0,0,0,0
226,1056,227.22416611430677,99989,176,99,4,3,2237,1150,0.033873726109872083,94,54,48063,49016,1661,826,0,0,0,0,0,0,96912,0,0,28,0,0,0,0,0,0,0,3049,0,0,0,0,0,0
227,1056,228.2407263530099,99989,173,98,4,3,2259,1170,0.034293772314954646,95,49,48050,49005,1676,843,0,0,0,0,0,0,96867,0,0,29,0,0,0,0,0,0,0,3093,0,0,0,0,0,0
228,1056,229.2576431198022,99989,171,102,4,3,2284,1186,0.03470381741991619,99,57,48025,48984,1699,852,0,0,0,0,0,0,96828,0,0,29,0,0,0,0,0,0,0,3132,0,0,0,0,0,0
229,1056,230.27500698930274,99989,176,107,4,3,2312,1209,0.03521387352608787,95,44,48006,48980,1717,864,0,0,0,0,0,0,96788,0,0,30,0,0,0,0,0,0,0,3171,0,0,0,0,0,0
230,1056,231.29276293766674,99989,179,109,4,3,2334,1220,0.03554390983008131,105,48,47978,48968,1732,870,0,0,0,0,0,0,96763,0,0,33,0,0,0,0,0,0,0,3193,0,0,0,0,0,0
231,1056,232.31098272033913,99989,186,109,4,3,2369,1232,0.03601396153576893,94,48,47957,48958,1757,880,0,0,0,0,0,0,96725,0,0,35,0,0,0,0,0,0,0,3229,0,0,0,0,0,0
232,1056,233.32965886576415,99988,176,110,5,3,2397,1241,0.03638436612393487,98,55,47929,48944,1790,886,0,0,0,0,0,0,96680,0,0,36,0,0,0,0,0,0,0,3272,0,0,0,0,0,0
233,1056,234.0091124442019,99988,162,107,5,3,2410,1250,0.03660439252710325,106,61,47911,48930,1814,897,0,0,0,0,0,0,96641,0,0,36,0,0,0,0,0,0,0,3311,0,0,0,0,0,0
234,1056,235.02880119006082,99988,170,119,5,3,2439,1272,0.03711445373444813,108,55,47886,48921,1829,900,0,0,0,0,0,0,96610,0,0,36,0,0,0,0,0,0,0,3342,0,0,0,0,0,0
235,1056,236.04893669565143,99988,181,119,5,3,2479,1283,0.037624514941793016,98,58,47864,48909,1850,909,0,0,0,0,0,0,96570,0,0,36,0,0,0,0,0,0,0,3382,0,0,0,0,0,0
236,1056,237.0694648728512,99988,180,118,5,3,2510,1297,0.038074568948273796,101,62,47840,48900,1872,915,0,0,0,0,0,0,96523,0,0,36,0,0,0,0,0,0,0,3429,0,0,0,0,0,0
237,1056,238.09047205493152,99988,200,119,5,3,2544,1313,0.03857462895547466,94,64,47819,48890,1880,922,0,0,0,0,0,0,96494,0,0,36,0,0,0,0,0,0,0,3458,0,0,0,0,0,0
238,1056,239.1118307268508,99988,182,116,5,3,2562,1325,0.03887466495979518,107,66,47796,48881,1908,932,0,0,0,0,0,0,96443,0,0,36,0,0,0,0,0,0,0,3509,0,0,0,0,0,0
239,1056,240.13369826316173,99988,183,116,5,3,2591,1346,0.03937472496699604,99,60,47784,48869,1927,950,0,0,0,0,0,0,96396,0,0,38,0,0,0,0,0,0,0,3554,0,0,0,0,0,0
240,1056,241.15592923407888,99988,180,109,5,3,2616,1368,0.039844781373764855,96,46,47777,48865,1940,975,0,0,0,0,0,0,96339,0,0,38,0,0,0,0,0,0,0,3611,0,0,0,0,0,0
241,1056,242.17852299057168,99988,180,109,5,3,2639,1382,0.040214825779093494,96,53,47756,48846,1961,987,0,0,0,0,0,0,96302,0,0,38,0,0,0,0,0,0,0,3648,0,0,0,0,0,0
242,1056,243.20154001785863,99988,174,103,5,3,2663,1393,0.040564867784134095,97,55,47734,48839,1988,998,0,0,0,0,0,0,96255,0,0,38,0,0,0,0,0,0,0,3695,0,0,0,0,0,0
243,1056,244.2251068117357,99988,171,98,5,3,2685,1408,0.040934912189462734,109,56,47706,48824,2007,1017,0,0,0,0,0,0,96211,0,0,39,0,0,0,0,0,0,0,3738,0,0,0,0,0,0
244,1056,245.24917295526214,99988,181,92,5,3,2717,1417,0.04134496139536745,105,57,47683,48817,2024,1029,0,0,0,0,0,0,96174,0,0,39,0,0,0,0,0,0,0,3775,0,0,0,0,0,0
245,1056,246.27368448711732,99988,197,91,5,3,2750,1432,0.04182501900228027,98,57,47666,48806,2032,1041,0,0,0,0,0,0,96141,0,0,39,0,0,0,0,0,0,0,3808,0,0,0,0,0,0
246,1056,247.29851991863868,99988,192,87,5,3,2773,1443,0.04216505980717686,114,60,47641,48795,2046,1053,0,0,0,0,0,0,96103,0,0,44,0,0,0,0,0,0,0,3841,0,0,0,0,0,0
247,1056,248.32377919821363,99988,198,103,5,3,2799,1468,0.04267512101452174,120,58,47615,48776,2060,1058,0,0,0,0,0,0,96075,0,0,45,0,0,0,0,0,0,0,3868,0,0,0,0,0,0
248,1056,249.00749205345937,99988,210,102,5,3,2828,1476,0.04304516541985038,119,62,47593,48770,2071,1061,0,0,0,0,0,0,96050,0,0,46,0,0,0,0,0,0,0,3892,0,0,0,0,0,0
249,1056,250.03341606507473,99988,213,98,5,3,2863,1494,0.0435752290274833,109,61,47570,48761,2101,1075,0,0,0,0,0,0,95997,0,0,47,0,0,0,0,0,0,0,3944,0,0,0,0,0,0
250,1056,251.05993434656455,99988,202,98,5,3,2890,1512,0.04402528303396407,106,58,47557,48751,2128,1088,0,0,0,0,0,0,95943,0,0,49,0,0,0,0,0,0,0,3996,0,0,0,0,0,0
251,1056,252.0869299037966,99988,191,97,5,3,2910,1530,0.044405328639436734,117,55,47531,48738,2154,1105,0,0,0,0,0,0,95896,0,0,52,0,0,0,0,0,0,0,4040,0,0,0,0,0,0
252,1056,253.11453806458167,99988,184,89,5,3,2938,1539,0.04477537304476537,131,60,47497,48728,2181,1118,0,0,0,0,0,0,95846,0,0,54,0,0,0,0,0,0,0,4088,0,0,0,0,0,0
253,1056,254.14281048767987,99988,191,90,5,3,2965,1557,0.04522542705124615,135,63,47471,48713,2196,1129,0,0,0,0,0,0,95809,0,0,54,0,0,0,0,0,0,0,4125,0,0,0,0,0,0
254,1056,255.17151705597516,99987,197,81,6,3,2997,1568,0.045655935271585305,143,67,47434,48701,2218,1146,0,0,0,0,0,0,95764,0,0,55,0,0,0,0,0,0,0,4168,0,0,0,0,0,0
255,1056,256.20091148884006,99987,200,86,6,3,3028,1585,0.04613599767969836,148,61,47406,48697,2238,1151,0,0,0,0,0,0,95726,0,0,57,0,0,0,0,0,0,0,4204,0,0,0,0,0,0
256,1056,257.2308137604102,99986,219,89,7,3,3068,1606,0.04674654451623227,141,62,47381,48680,2250,1164,0,0,0,0,0,0,95687,0,0,57,0,0,0,0,0,0,0,4242,0,0,0,0,0,0
257,1056,258.2610486091944,99986,230,95,7,3,3109,1624,0.04733662712779789,126,64,47356,48667,2279,1169,0,0,0,0,0,0,95647,0,0,59,0,0,0,0,0,0,0,4280,0,0,0,0,0,0
258,1056,259.29190631099675,99984,231,106,7,5,3144,1645,0.04789766362618019,124,60,47327,48657,2309,1170,0,0,0,0,0,0,95603,0,0,59,0,0,0,0,0,0,0,4322,0,0,0,0,0,0
259,1056,260.3233022231493,99984,229,103,7,5,3172,1664,0.04836773883821412,121,57,47307,48644,2334,1189,0,0,0,0,0,0,95554,0,0,62,0,0,0,0,0,0,0,4368,0,0,0,0,0,0
260,1056,261.0111683663483,99984,222,105,7,5,3191,1677,0.04868779004640743,130,55,47289,48635,2350,1198,0,0,0,0,0,0,95520,0,0,65,0,0,0,0,0,0,0,4399,0,0,0,0,0,0
261,1056,262.04343287747116,99983,227,103,8,5,3223,1691,0.04914835522038746,130,63,47263,48620,2370,1207,0,0,0,0,0,0,95477,0,0,65,0,0,0,0,0,0,0,4441,0,0,0,0,0,0
262,1056,263.07619565498544,99983,219,112,8,5,3250,1707,0.04957842833281658,132,64,47246,48609,2393,1208,0,0,0,0,0,0,95436,0,0,66,0,0,0,0,0,0,0,4481,0,0,0,0,0,0
263,1056,264.1093504171637,99983,223,120,8,5,3282,1727,0.050098516747847134,133,58,47231,48597,2403,1218,0,0,0,0,0,0,95396,0,0,66,0,0,0,0,0,0,0,4521,0,0,0,0,0,0
264,1056,265.14276657948653,99983,224,125,8,5,3311,1748,0.05059860176229959,131,52,47214,48586,2421,1230,0,0,0,0,0,0,95352,0,0,66,0,0,0,0,0,0,0,4565,0,0,0,0,0,0
265,1056,266.1765768948792,99983,230,124,8,5,3346,1764,0.0511086884770411,128,50,47187,48579,2445,1240,0,0,0,0,0,0,95307,0,0,67,0,0,0,0,0,0,0,4609,0,0,0,0,0,0
266,1056,267.21089455605386,99983,219,123,8,5,3376,1782,0.051588770090915455,136,58,47159,48557,2476,1255,0,0,0,0,0,0,95249,0,0,69,0,0,0,0,0,0,0,4665,0,0,0,0,0,0
267,1056,268.245844853448,99983,227,128,8,5,3408,1801,0.052098856805656964,140,48,47131,48556,2492,1261,0,0,0,0,0,0,95211,0,0,69,0,0,0,0,0,0,0,4703,0,0,0,0,0,0
268,1056,269.2813150152981,99983,223,118,8,5,3444,1813,0.05257893841953132,134,55,47111,48541,2522,1279,0,0,0,0,0,0,95150,0,0,70,0,0,0,0,0,0,0,4763,0,0,0,0,0,0
269,1056,270.31736945605826,99983,215,115,8,5,3468,1833,0.05301901323224948,154,57,47083,48522,2538,1299,0,0,0,0,0,0,95097,0,0,72,0,0,0,0,0,0,0,4814,0,0,0,0,0,0
270,1056,271.0083748228611,99983,208,106,8,5,3492,1839,0.053319064240920956,147,65,47072,48511,2563,1311,0,0,0,0,0,0,95052,0,0,73,0,0,0,0,0,0,0,4858,0,0,0,0,0,0
271,1056,272.04536220739516,99983,211,115,8,5,3530,1863,0.053939169658842004,145,57,47043,48497,2591,1324,0,0,0,0,0,0,95003,0,0,74,0,0,0,0,0,0,0,4906,0,0,0,0,0,0
272,1056,273.0829638118447,99983,223,118,8,5,3571,1879,0.0545092665753178,139,56,47013,48488,2615,1331,0,0,0,0,0,0,94962,0,0,75,0,0,0,0,0,0,0,4946,0,0,0,0,0,0
273,1056,274.12108683417074,99983,231,116,8,5,3604,1896,0.05500935158977026,126,56,47006,48474,2627,1347,0,0,0,0,0,0,94919,0,0,76,0,0,0,0,0,0,0,4988,0,0,0,0,0,0
274,1056,275.15951574159254,99982,226,110,9,5,3629,1905,0.0553499629933388,145,55,46972,48471,2646,1357,0,0,0,0,0,0,94877,0,0,79,0,0,0,0,0,0,0,5026,0,0,0,0,0,0
275,1056,276.1984229397168,99982,237,113,9,5,3665,1926,0.05592006561181013,133,53,46964,48454,2655,1373,0,0,0,0,0,0,94836,0,0,81,0,0,0,0,0,0,0,5065,0,0,0,0,0,0
276,1056,277.23765166120245,99982,240,109,9,5,3704,1940,0.056450161028985216,135,57,46937,48437,2677,1390,0,0,0,0,0,0,94783,0,0,82,0,0,0,0,0,0,0,5117,0,0,0,0,0,0
277,1056,278.27736069593425,99982,245,112,9,5,3743,1963,0.05707027264907683,135,54,46906,48422,2703,1405,0,0,0,0,0,0,94730,0,0,83,0,0,0,0,0,0,0,5169,0,0,0,0,0,0
278,1056,279.3177321566247,99982,226,119,9,5,3767,1983,0.0575103518633354,135,52,46895,48406,2733,1416,0,0,0,0,0,0,94674,0,0,83,0,0,0,0,0,0,0,5225,0,0,0,0,0,0
279,1056,280.01155655447303,99982,232,118,9,5,3793,1995,0.05789042027564962,136,54,46877,48393,2744,1428,0,0,0,0,0,0,94643,0,0,85,0,0,0,0,0,0,0,5254,0,0,0,0,0,0
280,1056,281.05258145657774,99981,229,108,10,5,3826,2006,0.05833108290575209,139,67,46851,48372,2769,1446,0,0,0,0,0,0,94590,0,0,89,0,0,0,0,0,0,0,5302,0,0,0,0,0,0
281,1056,282.0941999751992,99981,230,117,10,5,3861,2031,0.05893119692741621,138,54,46829,48362,2791,1460,0,0,0,0,0,0,94542,0,0,91,0,0,0,0,0,0,0,5348,0,0,0,0,0,0
282,1056,283.13638691642547,99981,233,115,10,5,3892,2042,0.05935127674258109,145,64,46803,48349,2807,1465,0,0,0,0,0,0,94505,0,0,95,0,0,0,0,0,0,0,5381,0,0,0,0,0,0
283,1056,284.17895962462234,99981,242,115,10,5,3940,2056,0.05997139456496734,129,73,46787,48331,2830,1474,0,0,0,0,0,0,94453,0,0,96,0,0,0,0,0,0,0,5432,0,0,0,0,0,0
284,1056,285.2219711490262,99981,243,119,10,5,3969,2078,0.06048149148338184,133,70,46764,48319,2848,1485,0,0,0,0,0,0,94407,0,0,96,0,0,0,0,0,0,0,5478,0,0,0,0,0,0
285,1056,286.26538341817724,99981,237,131,10,5,4002,2098,0.06101159220251848,139,78,46741,48295,2871,1489,0,0,0,0,0,0,94364,0,0,100,0,0,0,0,0,0,0,5517,0,0,0,0,0,0
286,1056,287.30928712254433,99980,222,129,10,6,4031,2113,0.06145229045809162,147,84,46714,48279,2905,1500,0,0,0,0,0,0,94306,0,0,103,0,0,0,0,0,0,0,5571,0,0,0,0,0,0
287,1056,288.0055568936655,99980,226,135,10,6,4064,2131,0.0619623924784957,136,82,46699,48265,2927,1510,0,0,0,0,0,0,94266,0,0,104,0,0,0,0,0,0,0,5610,0,0,0,0,0,0
288,1056,289.05043077772746,99980,219,133,10,6,4093,2149,0.06243248649729946,141,84,46677,48250,2951,1525,0,0,0,0,0,0,94210,0,0,104,0,0,0,0,0,0,0,5666,0,0,0,0,0,0
289,1056,290.0958763892228,99980,226,129,10,6,4128,2168,0.06297259451890377,146,86,46649,48234,2967,1543,0,0,0,0,0,0,94164,0,0,109,0,0,0,0,0,0,0,5707,0,0,0,0,0,0
290,1056,291.14176267254015,99980,233,143,10,6,4162,2197,0.06360272054410882,143,80,46628,48215,2984,1554,0,0,0,0,0,0,94124,0,0,109,1,0,0,0,0,0,0,5746,0,0,0,0,0,0
291,1056,292.1880547445803,99980,241,139,10,6,4207,2218,0.0642628525705141,131,81,46608,48199,3008,1573,0,0,0,0,0,0,94065,0,0,112,1,0,0,0,0,0,0,5802,0,0,0,0,0,0
292,1056,293.2348717475543,99980,226,142,10,6,4236,2241,0.06478295659131826,138,78,46583,48189,3041,1583,0,0,0,0,0,0,94005,0,0,116,1,0,0,0,0,0,0,5858,0,0,0,0,0,0
293,1056,294.2823154662625,99980,219,142,10,6,4269,2263,0.06533306661332267,146,74,46554,48174,3069,1602,0,0,0,0,0,0,93944,0,0,117,1,0,0,0,0,0,0,5918,0,0,0,0,0,0
294,1056,295.3304047588111,99980,222,142,10,6,4310,2282,0.06593318663732746,142,66,46523,48168,3101,1616,0,0,0,0,0,0,93889,0,0,119,1,0,0,0,0,0,0,5971,0,0,0,0,0,0
295,1056,296.02954345655473,99980,224,141,10,6,4332,2297,0.06630326065213042,144,63,46506,48162,3114,1626,0,0,0,0,0,0,93853,0,0,119,1,0,0,0,0,0,0,6007,0,0,0,0,0,0
296,1056,297.0787771100991,99980,231,132,10,6,4374,2315,0.06690338067613523,139,68,46480,48145,3138,1647,0,0,0,0,0,0,93791,0,0,119,1,0,0,0,0,0,0,6069,0,0,0,0,0,0
297,1056,298.1285529315798,99979,231,127,10,7,4413,2333,0.06747416957561088,140,63,46457,48138,3160,1663,0,0,0,0,0,0,93731,0,0,121,1,0,0,0,0,0,0,6126,0,0,0,0,0,0
298,1056,299.17891850678103,99979,236,124,10,7,4453,2349,0.06803428720031207,136,63,46440,48128,3176,1676,0,0,0,0,0,0,93682,0,0,126,1,0,0,0,0,0,0,6170,0,0,0,0,0,0
299,1056,300.22977007777365,99979,232,122,10,7,4491,2369,0.06861440902589544,139,68,46413,48111,3204,1690,0,0,0,0,0,0,93621,0,0,129,1,0,0,0,0,0,0,6228,0,0,0,0,0,0
300,1056,301.2811762741969,99979,236,117,10,7,4533,2394,0.06928454975544865,135,56,46383,48101,3234,1717,0,0,0,0,0,0,93556,0,0,132,1,0,0,0,0,0,0,6290,0,0,0,0,0,0
301,1056,302.3332517497279,99978,239,115,10,8,4571,2410,0.0698253615795475,120,62,46370,48085,3259,1728,0,0,0,0,0,0,93505,0,0,134,1,0,0,0,0,0,0,6338,0,0,0,0,0,0
302,1056,303.03491946868127,99978,244,114,10,8,4599,2421,0.07021544739842765,119,66,46353,48076,3272,1734,0,0,0,0,0,0,93472,0,0,136,1,0,0,0,0,0,0,6369,0,0,0,0,0,0
303,1056,304.0878080021762,99978,254,102,10,8,4643,2436,0.07080557722698994,110,62,46331,48078,3293,1748,0,0,0,0,0,0,93412,0,0,137,1,0,0,0,0,0,0,6428,0,0,0,0,0,0
304,1056,305.1412880481103,99978,251,107,10,8,4678,2452,0.07131568945167938,115,63,46299,48065,3323,1755,0,0,0,0,0,0,93364,0,0,138,1,0,0,0,0,0,0,6475,0,0,0,0,0,0
305,1056,306.1954047905055,99978,243,111,10,8,4705,2475,0.07181579947588469,124,60,46277,48050,3344,1769,0,0,0,0,0,0,93313,0,0,141,1,0,0,0,0,0,0,6523,0,0,0,0,0,0
306,1056,307.2499860472803,99978,239,114,10,8,4737,2488,0.07226589849766948,138,63,46244,48040,3367,1773,0,0,0,0,0,0,93269,0,0,143,1,0,0,0,0,0,0,6565,0,0,0,0,0,0
307,1056,308.3052064490438,99978,245,111,10,8,4772,2503,0.07276600852187481,148,65,46213,48027,3382,1787,0,0,0,0,0,0,93227,0,0,148,1,0,0,0,0,0,0,6602,0,0,0,0,0,0
308,1056,309.0089964346825,99978,252,118,10,8,4802,2520,0.07323611194462781,145,62,46197,48017,3394,1793,0,0,0,0,0,0,93197,0,0,151,1,0,0,0,0,0,0,6629,0,0,0,0,0,0
309,1056,310.0650320065103,99978,265,106,10,8,4839,2532,0.07372621976834903,148,82,46169,47992,3406,1810,0,0,0,0,0,0,93151,0,0,153,1,0,0,0,0,0,0,6673,0,0,0,0,0,0
310,1056,311.12151910610294,99978,269,104,10,8,4875,2544,0.07420632539158614,153,89,46149,47977,3417,1820,0,0,0,0,0,0,93107,0,0,155,1,0,0,0,0,0,0,6715,0,0,0,0,0,0
311,1056,312.1783964728472,99977,288,117,10,9,4923,2570,0.07494723786470889,157,91,46109,47953,3434,1828,0,0,0,0,0,0,93066,0,0,156,1,0,0,0,0,0,0,6754,0,0,0,0,0,0
312,1056,313.2358397501782,99977,292,115,10,9,4974,2588,0.07563739660121828,163,89,46068,47942,3465,1843,0,0,0,0,0,0,93004,0,0,161,1,0,0,0,0,0,0,6811,0,0,0,0,0,0
313,1056,314.29412058939596,99977,281,122,10,9,5017,2610,0.07628754613561119,167,84,46039,47934,3501,1849,0,0,0,0,0,0,92937,0,0,163,1,0,0,0,0,0,0,6876,0,0,0,0,0,0
314,1056,315.00001905071696,99977,280,121,10,9,5043,2624,0.07668763815677605,173,89,46019,47920,3516,1859,0,0,0,0,0,0,92897,0,0,165,1,0,0,0,0,0,0,6914,0,0,0,0,0,0
315,1056,316.0593813028803,99977,295,128,10,9,5101,2646,0.0774878221991058,157,90,45988,47906,3548,1865,0,0,0,0,0,0,92845,0,0,171,1,0,0,0,0,0,0,6960,0,0,0,0,0,0
316,1056,317.1194411017142,99977,294,124,10,9,5144,2664,0.07809796253138222,160,89,45957,47892,3577,1884,0,0,0,0,0,0,92784,0,0,176,1,0,0,0,0,0,0,7016,0,0,0,0,0,0
317,1056,318.1802272866526,99977,303,123,10,9,5199,2681,0.07881812816947897,135,98,45943,47871,3607,1897,0,0,0,0,0,0,92727,0,0,183,1,0,0,0,0,0,0,7066,0,0,0,0,0,0
318,1056,319.2414382708605,99977,292,134,10,9,5232,2712,0.07945827540334277,150,92,45917,47854,3629,1909,0,0,0,0,0,0,92666,0,0,186,1,0,0,0,0,0,0,7124,0,0,0,0,0,0
319,1056,320.303196205617,99977,289,134,10,9,5272,2739,0.08012842953879393,150,79,45892,47847,3656,1928,1,1,1,1,0,0,92598,0,0,190,1,0,0,0,0,0,2,7186,0,0,0,0,0,0
320,1056,321.01142360130126,99977,276,131,10,9,5291,2748,0.08040849395360933,159,85,45878,47839,3673,1932,2,2,2,2,0,0,92555,0,0,193,1,0,0,0,0,0,4,7224,0,0,0,0,0,0
321,1056,322.08415407835514,99977,271,140,10,9,5324,2778,0.081038638886944,187,74,45834,47827,3693,1945,3,3,3,3,0,0,92495,0,0,192,2,0,0,0,0,0,6,7282,0,0,0,0,0,0
322,1056,323.06551996986286,99977,291,138,10,9,5367,2790,0.08158876541604569,174,84,45816,47813,3703,1950,4,4,4,4,0,0,92457,0,0,193,2,0,0,0,0,0,8,7317,0,0,0,0,0,0
323,1056,324.06717137562174,99976,304,137,10,10,5418,2808,0.08227974713931344,163,86,45789,47798,3726,1961,6,6,6,6,0,0,92398,0,0,194,2,0,0,0,0,0,11,7370,1,0,0,0,0,0
324,1056,325.2149154180847,99976,314,144,10,10,5469,2834,0.08304993198367608,171,81,45750,47787,3745,1968,8,8,8,8,0,0,92339,0,0,199,2,0,0,0,0,0,15,7420,1,0,0,0,0,0
325,1056,326.0177945494035,99976,303,149,10,10,5494,2850,0.08346003040729776,178,91,45733,47760,3764,1977,10,11,11,10,0,0,92289,0,0,200,2,0,0,0,0,0,19,7464,2,0,0,0,0,0
326,1056,327.03012079018936,99976,307,148,10,10,5534,2867,0.08403016724013763,185,91,45694,47754,3789,1982,13,13,14,13,0,0,92233,0,0,203,2,0,0,0,0,0,24,7511,3,0,0,0,0,0
327,1056,328.03646612812736,99976,308,143,10,10,5583,2882,0.08467032087701049,169,96,45674,47739,3823,1994,14,16,18,16,0,0,92163,0,0,208,2,0,0,0,0,0,31,7569,3,0,0,0,0,0
328,1056,329.04811374028856,99976,310,149,10,10,5631,2907,0.08540049611906858,173,93,45635,47720,3852,2005,18,21,23,20,0,0,92090,0,0,208,2,0,0,0,0,0,39,7633,4,0,0,0,0,0
329,1056,330.03286025090614,99975,318,155,11,10,5676,2933,0.08611152788197049,168,93,45604,47693,3875,2020,22,27,29,24,0,0,92025,0,0,209,2,0,0,0,0,0,48,7686,5,0,0,0,0,0
330,1056,331.13967728261827,99975,306,146,11,10,5742,2953,0.08697174293573394,165,104,45551,47666,3938,2038,27,34,36,29,0,0,91909,0,0,212,2,0,0,0,0,0,60,7787,5,0,0,0,0,0
331,1056,332.2094813455486,99975,294,161,11,10,5781,2990,0.08773193298324582,175,87,45512,47650,3973,2049,33,41,44,35,0,0,91829,0,0,216,2,0,0,0,0,0,71,7849,8,0,0,0,0,0
332,1056,333.2802369528148,99975,299,157,11,10,5832,3009,0.08843210802700675,186,89,45468,47628,3995,2064,39,50,53,41,0,0,91753,0,0,222,2,0,0,0,0,0,84,7904,10,0,0,0,0,0
333,1056,334.35186907417545,99974,305,157,11,11,5884,3031,0.08917318502810731,178,88,45429,47606,4029,2076,46,60,63,48,0,0,91672,0,0,226,2,0,0,0,0,0,101,7963,10,0,0,0,0,0
334,1056,335.06676587790696,99974,316,157,11,11,5921,3048,0.0897133254646208,187,93,45394,47579,4036,2087,54,71,74,56,0,0,91615,0,0,229,2,0,0,0,0,0,118,7998,12,0,0,0,0,0
335,1056,336.139861584671,99973,321,149,12,11,5965,3072,0.09039440648975224,203,109,45333,47535,4067,2111,62,83,86,64,0,0,91525,0,0,229,2,0,0,0,0,0,137,8067,13,0,0,0,0,0
336,1056,337.2141808988085,99973,317,156,12,11,6008,3103,0.0911346063437128,207,98,45288,47508,4103,2129,71,96,100,73,0,0,91438,0,0,234,2,0,0,0,0,0,158,8126,15,0,0,0,0,0
337,1056,338.28953512638583,99973,314,157,12,11,6051,3130,0.09183479539475659,202,98,45257,47474,4134,2147,79,111,115,83,0,0,91350,0,0,238,2,0,0,0,0,0,178,8185,20,0,0,0,0,0
338,1056,339.0069034346391,99973,316,151,12,11,6084,3144,0.09230492232902884,191,102,45239,47448,4150,2158,90,128,132,94,0,0,91276,0,0,240,2,0,0,0,0,0,203,8229,23,0,0,0,0,0
339,1056,340.0835561084992,99973,295,162,12,11,6122,3179,0.0930351194822602,198,97,45200,47408,4191,2174,102,146,150,106,0,0,91167,0,0,244,2,0,0,0,0,0,233,8304,23,0,0,0,0,0
340,1056,341.1612641841144,99973,303,167,12,11,6175,3207,0.09384533824132515,195,89,45168,47375,4209,2190,111,166,170,118,0,0,91074,0,0,248,2,0,0,0,0,0,262,8361,26,0,0,0,0,0
341,1056,342.2397593868369,99973,287,164,12,11,6218,3232,0.09452552189091054,193,86,45140,47340,4243,2212,123,185,191,131,0,0,90961,0,0,253,2,0,0,0,0,0,293,8435,29,0,0,0,0,0
342,1056,343.31914866329936,99973,292,166,12,11,6268,3258,0.0952857271463295,193,84,45094,47299,4270,2230,137,208,214,145,0,0,90859,0,0,254,2,0,0,0,0,0,327,8499,32,0,0,0,0,0
343,1056,344.0393215762963,99973,297,165,12,11,6310,3275,0.09587588648935212,176,82,45076,47272,4286,2236,151,232,239,160,0,0,90770,0,0,256,2,0,0,0,0,0,363,8546,36,0,0,0,0,0
344,1056,345.12030753704164,99972,296,159,12,12,6361,3294,0.09657704157164006,182,78,45025,47243,4316,2249,167,257,266,176,0,0,90659,0,0,264,2,0,0,0,0,0,405,8605,37,0,0,0,0,0
345,1056,346.20245668248833,99971,311,149,13,12,6419,3312,0.09733822808614498,170,77,44984,47209,4336,2266,184,285,295,193,0,0,90548,0,0,267,2,0,0,0,0,0,448,8666,40,0,0,0,0,0
346,1056,347.2856639124198,99971,324,153,13,12,6477,3332,0.09811845435176202,170,78,44930,47165,4361,2275,200,315,326,211,0,0,90444,0,0,269,3,0,0,0,0,0,495,8718,42,0,0,0,0,0
347,1056,348.0083836146367,99971,323,150,13,12,6508,3343,0.09853857618709426,169,82,44895,47127,4379,2280,219,347,359,230,0,0,90354,0,0,272,3,0,0,0,0,0,542,8753,47,0,0,0,0,0
348,1056,349.09356304460414,99971,310,151,13,12,6549,3365,0.09916875894009262,175,81,44855,47081,4408,2292,237,381,394,250,0,0,90232,0,0,277,3,0,0,0,0,0,594,8815,50,0,0,0,0,0
349,1056,350.179811708555,99971,308,150,13,12,6600,3386,0.0998889678006622,174,77,44808,47031,4439,2310,256,418,431,271,0,0,90108,0,0,281,3,0,0,0,0,0,647,8877,55,0,0,0,0,0
350,1056,351.2672382088552,99971,314,154,13,12,6652,3411,0.10065919116543798,159,76,44768,46979,4469,2321,275,456,470,293,0,0,89987,0,0,285,3,0,0,0,0,0,705,8933,58,0,0,0,0,0
351,1056,352.3556811616471,99971,310,149,13,12,6693,3429,0.10124936231507137,163,80,44721,46935,4494,2328,297,494,511,316,0,0,89865,0,0,289,3,0,0,0,0,0,763,8987,64,0,0,0,0,0
352,1056,353.0819597367024,99971,334,155,13,12,6735,3446,0.10183953346470477,145,83,44687,46880,4498,2331,321,537,554,340,0,0,89778,0,0,289,3,0,0,0,0,0,821,9007,73,0,0,0,0,0
353,1056,354.1723614283632,99970,347,147,14,12,6790,3469,0.10262078623587076,140,91,44628,46816,4527,2351,342,581,599,365,0,0,89649,0,0,296,3,0,0,0,0,0,884,9058,80,0,0,0,0,0
354,1056,355.2639940660217,99970,334,167,14,12,6830,3503,0.10336100830249075,153,79,44573,46757,4560,2355,364,628,647,391,0,0,89518,0,0,300,3,0,0,0,0,0,952,9111,86,0,0,0,0,0
355,1056,356.35687240307385,99970,316,164,14,12,6865,3530,0.1039811943583075,170,89,44521,46682,4588,2375,389,676,697,418,0,0,89375,0,0,307,3,0,0,0,0,0,1019,9170,96,0,0,0,0,0
356,1056,357.08618409530936,99970,295,162,14,12,6885,3543,0.10431129338801641,179,95,44478,46626,4615,2376,417,727,750,446,0,0,89246,0,0,312,3,0,0,0,0,0,1097,9213,99,0,0,0,0,0
357,1056,358.1816026057089,99969,305,171,15,12,6940,3574,0.1051726035070872,172,93,44423,46559,4638,2385,445,778,805,475,0,0,89109,0,0,319,3,0,0,0,0,0,1174,9258,106,0,0,0,0,0
358,1056,359.27829859349214,99968,310,148,16,12,6981,3591,0.10575384122919335,185,101,44358,46495,4656,2408,473,834,863,505,0,0,88956,0,0,323,3,0,0,0,0,0,1255,9318,113,0,0,0,0,0
359,1056,360.01024741372777,99968,311,142,16,12,7014,3605,0.10622399167733675,177,100,44318,46435,4674,2418,502,891,923,536,0,0,88822,0,0,326,3,0,0,0,0,0,1340,9358,119,0,0,0,0,0
360,1056,361.1095002578337,99968,297,141,16,12,7062,3634,0.10699423815620998,175,88,44270,46371,4707,2435,533,951,986,568,0,0,88647,0,0,331,4,0,0,0,0,0,1430,9432,124,0,0,0,0,0
361,1056,362.2101658634985,99968,284,155,16,12,7094,3669,0.10766445262483995,191,71,44220,46302,4723,2447,564,1011,1051,602,0,0,88494,0,0,336,4,0,0,0,0,0,1522,9481,131,0,0,0,0,0
362,1056,363.3120774199116,99968,275,160,16,12,7136,3691,0.10830465749039693,188,69,44165,46233,4758,2451,596,1073,1119,637,0,0,88332,0,0,340,5,0,0,0,0,0,1622,9535,134,0,0,0,0,0
363,1056,364.04749014861477,99968,266,151,16,12,7166,3706,0.10875480153649168,199,61,44107,46167,4779,2466,631,1141,1189,673,0,0,88182,0,0,349,5,0,0,0,0,0,1718,9570,144,0,0,0,0,0
364,1056,365.152398518363,99967,293,137,17,12,7230,3722,0.10955615353066513,181,74,44051,46085,4791,2480,665,1210,1262,710,0,0,88022,0,0,354,5,0,0,0,0,0,1816,9614,156,0,0,0,0,0
365,1056,366.2586870748151,99967,287,135,17,12,7274,3739,0.11016635489711604,185,86,43988,45998,4822,2486,699,1281,1338,748,0,0,87859,0,0,360,5,0,0,0,0,0,1916,9657,170,0,0,0,0,0
366,1056,367.36646891530063,99966,305,145,17,13,7330,3764,0.11097773242902587,168,81,43933,45914,4840,2490,735,1355,1417,787,0,0,87703,0,0,364,5,0,0,0,0,0,2023,9690,181,0,0,0,0,0
367,1056,368.10569502263934,99966,308,141,17,13,7358,3783,0.11144789228337634,177,73,43876,45837,4847,2500,773,1434,1498,828,0,0,87553,0,0,366,6,0,0,0,0,0,2128,9716,197,0,0,0,0,0
368,1056,369.216159639038,99966,310,130,17,13,7405,3801,0.1120981133585419,180,72,43812,45765,4867,2509,812,1509,1582,870,0,0,87375,0,0,370,8,0,0,0,0,0,2238,9764,211,0,0,0,0,0
369,1056,370.32815091939386,99966,324,127,17,13,7452,3826,0.11281835824180221,164,76,43771,45672,4872,2522,850,1588,1669,913,0,0,87201,0,0,374,10,0,0,0,0,0,2357,9804,220,0,0,0,0,0
370,1056,371.07014335697954,99966,319,127,17,13,7481,3837,0.11321849428805794,161,73,43716,45590,4893,2521,892,1674,1759,957,0,0,87045,0,0,378,10,0,0,0,0,0,2472,9822,239,0,0,0,0,0
371,1056,372.1847723787731,99966,308,128,17,13,7519,3856,0.11378868815397235,168,72,43656,45496,4915,2526,934,1763,1851,1002,0,0,86858,0,0,383,10,0,0,0,0,0,2597,9867,251,0,0,0,0,0
372,1056,373.3010210150263,99966,300,133,17,13,7571,3880,0.11454894664185823,159,64,43600,45401,4943,2533,979,1854,1946,1049,0,0,86655,0,0,390,10,0,0,0,0,0,2728,9921,262,0,0,0,0,0
373,1056,374.0460456521887,99966,314,127,17,13,7612,3886,0.11501910649620871,144,72,43549,45306,4951,2532,1023,1948,2044,1097,0,0,86489,0,0,393,11,0,0,0,0,0,2859,9938,276,0,0,0,0,0
374,1056,375.1652362350535,99966,308,138,17,13,7659,3914,0.1157693615829382,145,68,43483,45203,4975,2533,1070,2043,2145,1146,0,0,86295,0,0,399,11,0,0,0,0,0,2989,9976,296,0,0,0,0,0
375,1056,376.2861162638951,99966,310,139,17,13,7704,3934,0.11641958265810376,157,81,43408,45088,4994,2539,1112,2138,2249,1196,0,0,86098,0,0,401,12,0,0,0,0,0,3127,10017,311,0,0,0,0,0
376,1056,377.0343394141171,99966,301,144,17,13,7739,3953,0.11695976632054898,152,80,43349,44979,5020,2543,1159,2239,2356,1248,0,0,85903,0,0,405,14,0,0,0,0,0,3270,10049,325,0,0,0,0,0
377,1056,378.15855101706,99966,294,133,17,13,7784,3973,0.11760998739571454,147,80,43280,44873,5052,2557,1208,2342,2466,1301,0,0,85676,0,0,407,17,0,0,0,0,0,3420,10110,336,0,0,0,0,0
378,1056,379.2846864909032,99966,296,135,17,13,7821,4003,0.11828021527319288,153,65,43220,44767,5056,2571,1256,2447,2579,1355,0,0,85468,0,0,411,17,0,0,0,0,0,3569,10147,354,0,0,0,0,0
379,1056,380.03632259522675,99966,281,132,17,13,7845,4009,0.11858031730788468,156,74,43162,44652,5076,2568,1306,2559,2694,1410,0,0,85271,0,0,411,17,0,0,0,0,0,3718,10174,375,0,0,0,0,0
380,1056,381.16564978856246,99966,289,137,17,13,7892,4034,0.11930056219114499,154,68,43092,44545,5086,2569,1360,2666,2812,1467,0,0,85058,0,0,414,18,0,0,0,0,0,3876,10209,391,0,0,0,0,0
381,1056,382.296760693437,99966,293,134,17,13,7932,4049,0.11985074925474662,157,77,43029,44427,5089,2570,1413,2777,2933,1525,0,0,84846,0,0,419,20,0,0,0,0,0,4041,10237,403,0,0,0,0,0
382,1056,383.05168532272404,99966,302,139,17,13,7961,4065,0.12030090230678431,150,86,42963,44310,5095,2561,1471,2889,3057,1584,0,0,84653,0,0,420,21,0,0,0,0,0,4205,10246,421,0,0,0,0,0
383,1056,384.1859811635049,99966,289,143,17,13,8008,4093,0.1210511573935138,157,103,42895,44165,5118,2570,1522,3004,3184,1644,0,0,84407,0,0,423,22,0,0,0,0,0,4371,10302,441,0,0,0,0,0
384,1056,385.3220590403811,99965,286,149,18,13,8049,4121,0.12174260991346972,152,97,42842,44042,5122,2575,1578,3122,3314,1705,0,0,84173,0,0,423,23,0,0,0,0,0,4541,10343,462,0,0,0,0,0
385,1056,386.08029226547444,99964,290,147,18,14,8079,4136,0.12219398983634108,156,93,42770,43917,5131,2576,1633,3251,3447,1768,0,0,83952,0,0,424,24,0,0,0,0,0,4721,10366,477,0,0,0,0,0
386,1056,387.21973529070095,99964,286,138,18,14,8115,4154,0.12273418430635029,173,92,42688,43796,5143,2583,1690,3375,3582,1832,0,0,83714,0,0,430,24,0,0,0,0,0,4898,10399,499,0,0,0,0,0
387,1056,388.36122731596646,99964,291,135,18,14,8169,4179,0.12352446880877116,161,91,42619,43670,5160,2595,1749,3493,3720,1897,0,0,83459,0,0,434,25,0,0,0,0,0,5082,10446,518,0,0,0,0,0
388,1056,389.12324831842005,99964,290,134,18,14,8194,4195,0.1239346164619263,163,89,42558,43541,5160,2594,1809,3626,3861,1963,0,0,83240,0,0,435,26,0,0,0,0,0,5260,10457,546,0,0,0,0,0
389,1056,390.26833728353114,99964,288,138,18,14,8243,4218,0.1246548757552719,154,91,42491,43409,5177,2589,1870,3757,4005,2031,0,0,82994,0,0,442,28,0,0,0,0,0,5445,10484,571,0,0,0,0,0
390,1056,391.03280332215326,99964,288,144,18,14,8272,4237,0.1251350486175023,167,90,42401,43262,5189,2590,1935,3898,4152,2100,0,0,82753,0,0,444,29,0,0,0,0,0,5647,10507,584,0,0,0,0,0
391,1056,392.1819039286666,99964,287,150,18,14,8319,4262,0.1258553079108479,164,90,42335,43129,5198,2586,1996,4029,4301,2170,0,0,82498,0,0,447,30,0,0,0,0,0,5839,10540,610,0,0,0,0,0
392,1056,393.3329680575083,99964,295,144,18,14,8373,4292,0.1266956104197511,167,83,42258,42989,5208,2600,2052,4168,4453,2241,0,0,82229,0,0,451,31,0,0,0,0,0,6031,10582,640,0,0,0,0,0
393,1056,394.1014559918018,99964,304,144,18,14,8410,4308,0.12722580128846384,161,86,42180,42842,5221,2600,2114,4312,4608,2314,0,0,81978,0,0,454,31,0,0,0,0,0,6241,10602,658,0,0,0,0,0
394,1056,395.2566076400444,99964,300,140,18,14,8445,4327,0.12776599575847306,168,88,42097,42703,5233,2604,2182,4449,4765,2388,0,0,81716,0,0,460,32,0,0,0,0,0,6449,10626,681,0,0,0,0,0
395,1056,396.02798991181714,99964,292,135,18,14,8475,4343,0.12822616141811052,168,83,42026,42554,5246,2614,2248,4598,4925,2463,0,0,81449,0,0,461,33,0,0,0,0,0,6659,10657,705,0,0,0,0,0
396,1056,397.18751374858687,99964,297,133,18,14,8525,4372,0.12901644592053138,162,80,41951,42417,5260,2617,2310,4737,5087,2539,0,0,81170,0,0,463,35,0,0,0,0,0,6866,10696,734,0,0,0,0,0
397,1056,398.3492023918809,99964,297,130,18,14,8572,4395,0.12971669801128405,168,83,41864,42268,5276,2623,2375,4880,5252,2616,0,0,80897,0,0,470,37,0,0,0,0,0,7075,10720,765,0,0,0,0,0
398,1056,399.1249657606104,99964,291,130,18,14,8593,4408,0.13005682045536393,175,88,41789,42102,5282,2624,2443,5040,5420,2694,0,0,80645,0,0,474,39,0,0,0,0,0,7294,10721,791,0,0,0,0,0
399,1056,400.2910810900321,99964,276,117,18,14,8637,4425,0.1306670401344484,180,90,41709,41957,5298,2631,2517,5189,5590,2774,0,0,80351,0,0,477,41,0,0,0,0,0,7504,10762,829,0,0,0,0,0
400,1056,401.0698426740233,99964,283,118,18,14,8675,4438,0.1311772238005682,171,88,41634,41821,5302,2623,2590,5334,5762,2855,0,0,80089,0,0,479,42,0,0,0,0,0,7726,10769,859,0,0,0,0,0
401,1056,402.2404776378315,99963,285,127,19,14,8725,4470,0.13199883957064112,147,82,41567,41670,5318,2622,2662,5483,5937,2937,0,0,79805,0,0,487,43,0,0,0,0,0,7948,10787,893,0,0,0,0,0
402,1056,403.0220312973251,99963,287,133,19,14,8748,4490,0.13242899872952993,143,72,41504,41517,5310,2623,2735,5639,6114,3020,0,0,79537,0,0,488,45,0,0,0,0,0,8184,10794,915,0,0,0,0,0
403,1056,404.1966474728384,99963,274,135,19,14,8776,4512,0.13292918379800525,155,74,41421,41359,5324,2628,2805,5788,6293,3104,0,0,79251,0,0,491,46,0,0,0,0,0,8413,10814,948,0,0,0,0,0
404,1056,405.3735474666495,99963,272,133,19,14,8809,4527,0.13340936146374158,157,79,41339,41200,5330,2620,2881,5952,6475,3189,0,0,78981,0,0,496,46,0,0,0,0,0,8636,10812,992,0,0,0,0,0
405,1056,406.159414532318,99963,284,126,19,14,8848,4540,0.13392955393495592,149,77,41257,41043,5331,2619,2958,6119,6659,3276,0,0,78699,0,0,501,49,0,0,0,0,0,8879,10818,1017,0,0,0,0,0
406,1056,407.34098991174284,99963,272,121,19,14,8892,4557,0.13453977971849584,144,75,41185,40882,5347,2625,3031,6281,6845,3364,0,0,78386,0,0,507,52,0,0,0,0,0,9123,10851,1044,0,0,0,0,0
407,1056,408.1300649025656,99963,260,125,19,14,8920,4571,0.13495993517601512,142,74,41105,40717,5362,2612,3110,6456,7033,3453,0,0,78100,0,0,515,52,0,0,0,0,0,9367,10852,1077,0,0,0,0,0
408,1056,409.31643847401705,99963,240,132,19,14,8948,4592,0.13545011654312095,159,77,41014,40541,5378,2604,3188,6630,7223,3543,0,0,77799,0,0,521,53,0,0,0,0,0,9613,10867,1110,0,0,0,0,0
409,1056,410.10881620137826,99963,242,133,19,14,8982,4604,0.13591028680611827,148,82,40936,40365,5387,2599,3266,6805,7415,3634,0,0,77503,0,0,520,54,0,0,0,0,0,9866,10881,1139,0,0,0,0,0
410,1056,411.300215308275,99962,237,136,20,14,9017,4633,0.13655188971809287,150,76,40860,40198,5388,2605,3343,6969,7609,3726,0,0,77194,0,0,523,59,0,0,0,0,0,10117,10900,1169,0,0,0,0,0
411,1056,412.09569232717024,99962,229,138,20,14,9043,4647,0.13695204177587483,151,81,40780,40035,5394,2592,3424,7138,7805,3819,0,0,76903,0,0,525,60,0,0,0,0,0,10365,10900,1209,0,0,0,0,0
412,1056,413.29165814199735,99961,215,138,21,14,9079,4674,0.13758365762647431,157,79,40708,39870,5399,2594,3498,7303,8003,3913,0,0,76579,0,0,528,63,0,0,0,0,0,10618,10928,1245,0,0,0,0,0
413,1056,414.0901971841718,99961,226,143,21,14,9108,4687,0.13800382149038126,153,74,40624,39716,5394,2582,3580,7469,8203,4008,0,0,76290,0,0,524,67,0,0,0,0,0,10882,10925,1273,0,0,0,0,0
414,1056,415.2908221552594,99961,227,144,21,14,9149,4717,0.13871409849841437,139,58,40550,39549,5401,2592,3660,7641,8405,4104,0,0,75966,0,0,530,69,0,0,0,0,0,11145,10945,1306,0,0,0,0,0
415,1056,416.09257773308,99961,230,138,21,14,9174,4725,0.13904422724862697,139,60,40461,39378,5397,2586,3750,7822,8608,4201,0,0,75677,0,0,532,71,0,0,0,0,0,11402,10932,1347,0,0,0,0,0
416,1056,417.29821154259054,99961,229,136,21,14,9214,4742,0.1396144496353578,126,59,40384,39216,5406,2583,3832,7990,8813,4299,0,0,75359,0,0,537,72,0,0,0,0,0,11666,10942,1385,0,0,0,0,0
417,1056,418.10335012187943,99961,225,141,21,14,9238,4755,0.13998459399165675,125,60,40307,39043,5404,2569,3916,8171,9020,4398,0,0,75062,0,0,535,76,0,0,0,0,0,11929,10935,1424,0,0,0,0,0
418,1056,419.31374810467725,99961,226,144,21,14,9280,4777,0.14062484368903871,114,53,40232,38878,5406,2565,3999,8344,9228,4498,0,0,74749,0,0,535,81,0,0,0,0,0,12188,10939,1469,0,0,0,0,0
419,1056,420.1220890344306,99961,225,142,21,14,9303,4788,0.1409649763407729,167,77,40109,38679,5393,2559,4083,8527,9438,4599,0,0,74447,11,1,535,83,0,0,0,0,0,12455,10919,1510,0,0,0,0,0
420,1056,421.22720654851963,99961,231,137,21,14,9344,4809,0.1415852182351117,185,85,39995,38490,5398,2568,4168,8704,9649,4701,0,0,74117,59,8,539,85,0,0,0,0,0,12730,10884,1539,0,0,0,0,0
421,1056,422.3349906742203,99961,251,141,21,14,9399,4835,0.14239553425836077,178,98,39906,38284,5385,2572,4257,8889,9862,4804,0,0,73796,105,13,541,89,0,0,0,0,0,13000,10841,1576,0,0,0,0,0
422,1056,423.07485106364464,99961,262,148,21,14,9430,4853,0.14288572543291883,192,108,39804,38085,5373,2568,4346,9075,10076,4908,0,0,73492,128,16,541,94,0,0,0,0,0,13278,10804,1608,0,0,0,0,0
423,1056,424.18752355657034,99961,276,153,21,14,9482,4879,0.1436660297516031,207,124,39691,37892,5373,2567,4430,9248,10291,5013,0,0,73163,175,23,545,95,0,0,0,0,0,13553,10762,1645,0,0,0,0,0
424,1056,425.3028359756569,99961,298,170,21,14,9539,4916,0.14460639649463292,231,130,39558,37697,5376,2560,4514,9427,10507,5119,0,0,72837,216,32,549,96,0,0,0,0,0,13829,10721,1681,0,0,0,0,0
425,1056,426.0480479802707,99961,298,177,21,14,9573,4940,0.14518662278288533,246,141,39451,37508,5378,2552,4604,9606,10724,5226,0,0,72509,258,36,552,98,0,0,0,0,0,14111,10680,1717,0,0,0,0,0
426,1056,427.16914271109925,99961,308,177,21,14,9629,4969,0.14603695441222075,252,144,39346,37328,5383,2553,4688,9782,10942,5334,0,0,72168,314,49,557,98,1,0,0,0,0,14383,10635,1756,0,0,0,0,0
427,1056,428.2931010480446,99961,340,206,21,14,9703,5017,0.14725743039785516,252,149,39229,37139,5387,2541,4769,9949,11162,5442,0,0,71838,356,61,564,98,1,0,0,0,0,14659,10588,1796,0,0,0,0,0
428,1056,429.04394952873895,99961,357,214,21,14,9750,5045,0.14800772301197468,268,146,39104,36942,5385,2542,4863,10140,11382,5551,0,0,71515,391,72,565,101,1,0,0,0,0,14936,10546,1834,0,0,0,0,0
429,1056,430.1738482266239,99961,363,219,21,14,9821,5089,0.1491581716869579,273,143,38980,36752,5417,2556,4944,10314,11603,5661,0,0,71146,472,80,579,102,1,0,0,0,0,15216,10489,1876,0,0,0,0,0
430,1056,431.30717735836777,99961,374,222,21,14,9888,5128,0.15021858524824683,306,160,38835,36541,5431,2573,5031,10488,11825,5772,0,0,70781,545,91,586,103,1,0,0,0,0,15497,10441,1916,0,0,0,0,0
431,1056,432.06468975368097,99961,386,223,21,14,9951,5157,0.1511389441882334,303,162,38716,36329,5444,2585,5128,10685,12048,5884,0,0,70429,605,99,593,107,1,0,0,0,0,15781,10391,1955,0,0,0,0,0
432,1056,433.2050418753826,99961,408,238,21,14,10036,5210,0.1525194825982133,333,168,38555,36122,5467,2597,5214,10859,12272,5996,0,0,70053,685,112,599,109,1,0,0,0,0,16064,10345,1993,0,0,0,0,0
433,1056,434.3493495181851,99960,433,251,21,15,10135,5263,0.15404161664665866,349,166,38390,35904,5507,2617,5298,11045,12496,6109,0,0,69659,767,127,612,112,1,0,0,0,0,16360,10306,2016,0,0,0,0,0
434,1056,435.11453658814423,99960,460,244,21,15,10213,5286,0.15505202080832334,349,178,38252,35707,5520,2618,5396,11236,12721,6223,0,0,69307,831,138,612,117,1,0,0,0,0,16637,10254,2063,0,0,0,0,0
435,1056,436.26681076007327,99960,498,243,21,15,10320,5328,0.15654261704681874,358,189,38109,35516,5538,2636,5474,11399,12947,6338,0,0,68922,921,152,617,119,1,0,0,0,0,16918,10202,2108,0,0,0,0,0
436,1056,437.03708947143,99960,514,270,21,15,10391,5373,0.157703081232493,377,190,37956,35309,5559,2631,5571,11583,13173,6453,0,0,68563,973,167,618,123,1,0,0,0,0,17210,10166,2139,0,0,0,0,0
437,1056,438.19711355064067,99960,544,283,21,15,10500,5429,0.15935374149659864,407,215,37779,35108,5598,2637,5649,11740,13399,6569,0,0,68177,1056,190,628,129,1,0,0,0,0,17490,10117,2172,0,0,0,0,0
438,1056,439.3615852775989,99958,579,314,23,15,10620,5509,0.16135777026351067,422,195,37626,34917,5623,2654,5725,11903,13626,6686,0,0,67785,1145,215,641,132,1,0,0,0,0,17765,10060,2214,0,0,0,0,0
439,1056,440.140226073192,99957,585,326,23,16,10703,5550,0.16259991796472484,445,200,37464,34711,5667,2663,5814,12082,13853,6803,0,0,67399,1217,238,646,137,1,0,0,0,0,18055,10024,2240,0,0,0,0,0
440,1056,441.3132853658953,99957,641,332,23,16,10843,5613,0.1646307912402333,453,203,37275,34503,5714,2698,5892,12246,14080,6921,0,0,66985,1321,260,654,143,1,0,0,0,0,18342,9981,2270,0,0,0,0,0
441,1056,442.0981240350963,99956,660,323,24,16,10941,5649,0.16597302813237824,456,217,37129,34302,5752,2719,5977,12421,14308,7040,0,0,66578,1422,270,664,144,2,0,0,0,0,18638,9930,2308,0,0,0,0,0
442,1056,443.28049386422003,99955,697,333,25,16,11089,5712,0.1680856385373418,482,242,36922,34090,5816,2733,6056,12584,14536,7159,0,0,66144,1540,296,679,147,2,0,0,0,0,18926,9883,2338,0,0,0,0,0
443,1056,444.07178604128717,99954,715,356,26,16,11186,5766,0.16959801508694,493,246,36752,33866,5863,2742,6149,12772,14764,7279,0,0,65761,1615,314,687,154,2,0,0,0,0,19214,9834,2373,0,0,0,0,0
444,1056,445.2647053712348,99954,743,351,26,16,11341,5831,0.17179902755267423,513,279,36557,33628,5937,2782,6222,12942,14992,7399,0,0,65326,1751,346,711,159,2,0,0,0,0,19481,9761,2417,0,0,0,0,0
445,1056,446.06318745753555,99954,797,366,26,16,11463,5892,0.17362986974008043,507,276,36386,33416,5971,2807,6311,13117,15220,7520,0,0,64927,1837,367,715,162,2,0,0,0,0,19773,9721,2450,0,0,0,0,0
446,1056,447.26674584757524,99954,828,379,26,16,11628,5971,0.17607099265662204,546,301,36175,33210,6040,2833,6383,13259,15448,7642,0,0,64486,1969,405,735,167,2,0,0,0,0,20040,9659,2491,0,0,0,0,0
447,1056,448.0723955111309,99953,828,411,27,16,11733,6039,0.1778035676768081,568,305,35995,32997,6104,2843,6476,13426,15676,7764,0,0,64079,2077,426,741,172,2,0,0,0,0,20317,9601,2538,0,0,0,0,0
448,1056,449.2871283818598,99953,870,423,27,16,11902,6127,0.18037477614478806,590,319,35780,32757,6175,2895,6556,13588,15904,7887,0,0,63617,2224,465,754,174,3,0,0,0,0,20593,9552,2571,0,0,0,0,0
449,1056,450.1005551512148,99952,888,426,28,16,12021,6182,0.18211741635985274,614,330,35602,32533,6227,2922,6639,13771,16132,8010,0,0,63187,2339,490,757,183,3,0,0,0,0,20882,9512,2599,0,0,0,0,0
450,1056,451.32746293016015,99952,881,456,28,16,12191,6288,0.18487874179606212,646,329,35388,32324,6341,2957,6714,13916,16359,8134,0,0,62725,2500,540,778,196,3,0,0,0,0,21128,9438,2644,0,0,0,0,0
451,1056,452.14913515074176,99950,892,451,29,17,12328,6351,0.18688344172086044,656,335,35210,32124,6411,2996,6800,14075,16586,8258,0,0,62295,2619,581,797,205,3,0,0,0,0,21394,9376,2680,0,0,0,0,0
452,1056,453.388549800134,99949,925,458,29,18,12518,6435,0.18962670962190717,682,359,34989,31904,6504,3042,6869,14217,16813,8382,0,0,61813,2782,623,815,208,5,0,0,0,0,21667,9325,2711,0,0,0,0,0
453,1056,454.2186315312998,99948,958,482,30,18,12641,6517,0.1916796734301837,723,345,34784,31702,6545,3070,6958,14381,17039,8507,0,0,61406,2873,657,830,211,5,0,0,0,0,21944,9274,2748,0,0,0,0,0
454,1056,455.0527494893585,99947,1008,507,30,19,12811,6592,0.1941328904319289,699,366,34587,31492,6623,3084,7051,14530,17265,8632,0,0,60995,2975,701,842,219,5,0,0,0,0,22205,9219,2786,0,0,0,0,0
455,1056,456.3116878966976,99946,1053,530,31,19,13028,6712,0.1975066535929402,734,383,34348,31252,6711,3153,7121,14661,17491,8758,0,0,60497,3162,749,863,229,5,0,0,0,0,22466,9155,2820,0,0,0,0,0
456,1056,457.155107088896,99942,1070,561,34,20,13194,6796,0.20001600928538552,730,384,34168,31030,6802,3173,7194,14830,17716,8884,0,0,60052,3293,792,877,235,6,0,0,0,0,22732,9100,2855,0,0,0,0,0
457,1056,458.0025814589359,99942,1081,570,34,20,13339,6873,0.20223729763262693,737,398,33977,30815,6890,3214,7279,14981,17941,9010,0,0,59609,3421,836,894,243,7,0,0,0,0,23000,9047,2885,0,0,0,0,0
458,1056,459.2819095383299,99941,1114,612,35,20,13588,7006,0.20606157633003472,773,406,33699,30579,7032,3267,7345,15114,18165,9137,0,0,59095,3625,898,917,257,7,0,0,0,0,23247,8980,2915,0,0,0,0,0
459,1056,460.13992802835537,99941,1148,633,35,20,13761,7102,0.20875316436697652,773,384,33500,30362,7111,3319,7431,15280,18388,9264,0,0,58654,3757,952,933,265,7,0,0,0,0,23500,8921,2952,0,0,0,0,0
460,1056,461.00260228032556,99940,1165,621,36,20,13918,7176,0.2110666399839904,792,410,33321,30153,7171,3369,7513,15425,18611,9391,0,0,58198,3906,1007,943,273,7,0,0,0,0,23748,8867,2991,0,0,0,0,0
461,1056,462.3049510017335,99939,1209,634,36,21,14180,7308,0.21501115680565144,821,422,33043,29945,7311,3433,7578,15543,18833,9519,0,0,57690,4102,1090,973,287,7,0,0,0,0,23966,8795,3029,0,0,0,0,0
462,1056,463.1783573974659,99939,1233,663,36,21,14376,7409,0.217982969611463,801,411,32850,29749,7416,3471,7662,15683,19054,9647,0,0,57217,4257,1135,1000,298,7,0,0,0,0,24235,8735,3055,0,0,0,0,0
463,1056,464.0568336614006,99939,1266,680,36,21,14565,7511,0.2208947457949349,828,409,32626,29542,7504,3514,7738,15832,19275,9775,0,0,56761,4395,1205,1022,304,8,0,0,0,0,24479,8683,3082,0,0,0,0,0
464,1056,465.3840716441468,99938,1303,701,37,21,14843,7653,0.22509956172827153,859,445,32363,29316,7649,3589,7787,15926,19495,9903,0,0,56221,4623,1282,1052,319,9,0,0,0,0,24704,8616,3112,0,0,0,0,0
465,1056,466.2741618622513,99937,1325,715,38,21,15041,7746,0.22801364859861714,877,463,32138,29108,7755,3629,7865,16062,19714,10032,0,0,55749,4784,1342,1070,328,9,0,0,0,0,24949,8559,3147,0,0,0,0,0
466,1056,467.1698449470011,99937,1354,722,38,21,15241,7848,0.23103555239801074,855,465,31940,28911,7860,3683,7951,16196,19932,10161,0,0,55285,4945,1402,1093,337,12,0,0,0,0,25185,8492,3186,0,0,0,0,0
467,1056,468.07094541629385,99937,1372,742,38,21,15433,7957,0.23404744989343287,862,477,31735,28710,7973,3727,8018,16321,20149,10290,0,0,54826,5101,1466,1118,348,12,0,0,0,0,25417,8424,3225,0,0,0,0,0
468,1056,469.4325569535947,99936,1385,776,39,21,15726,8121,0.23862271853986552,930,488,31419,28514,8156,3805,8069,16394,20365,10419,0,0,54274,5338,1554,1170,367,12,0,0,0,0,25630,8342,3249,0,0,0,0,0
469,1056,470.34708269581233,99935,1424,762,40,21,15945,8223,0.24183719417621455,933,494,31193,28301,8258,3886,8150,16534,20581,10548,0,0,53793,5507,1632,1200,375,12,0,0,0,0,25857,8274,3285,0,0,0,0,0
470,1056,471.2676255150415,99934,1456,766,40,22,16164,8337,0.2451718133968419,944,490,30967,28095,8371,3952,8220,16673,20796,10678,0,0,53330,5662,1718,1227,389,13,0,0,0,0,26068,8208,3319,0,0,0,0,0
471,1056,472.19461742844544,99933,1501,801,41,22,16388,8464,0.24868662003542374,972,508,30708,27864,8484,4009,8292,16794,21010,10808,0,0,52874,5802,1790,1257,404,13,0,0,0,0,26300,8147,3346,0,0,0,0,0
472,1056,473.128206982225,99931,1515,789,43,22,16607,8568,0.2519238274409342,1020,526,30466,27655,8597,4077,8357,16929,21223,10938,0,0,52394,5976,1879,1288,418,14,0,0,0,0,26508,8075,3379,0,0,0,0,0
473,1056,474.06837308665837,99931,1560,803,43,22,16836,8673,0.25526613363220624,1061,545,30229,27470,8694,4124,8411,17034,21435,11068,0,0,51960,6122,1965,1310,432,14,0,0,0,0,26705,7997,3426,0,0,0,0,0
474,1056,475.01532432496924,99931,1603,801,43,22,17082,8787,0.25886861934734967,1064,559,29989,27280,8807,4201,8492,17135,21646,11198,0,0,51487,6285,2074,1333,445,15,0,0,0,0,26898,7942,3452,0,0,0,0,0
475,1056,476.4478276902988,99931,1656,865,43,22,17455,9003,0.2647626862535149,1097,543,29675,27077,9011,4294,8516,17197,21855,11328,0,0,50893,6558,2182,1375,469,16,0,0,0,0,27096,7874,3468,0,0,0,0,0
476,1056,477.4102481274562,99931,1681,866,43,22,17714,9137,0.26869539982587987,1086,548,29458,26877,9144,4374,8586,17311,22063,11458,0,0,50384,6759,2279,1412,485,17,0,0,0,0,27293,7807,3495,0,0,0,0,0
477,1056,478.37984716836036,99931,1716,894,43,22,17985,9285,0.27288829292211625,1098,541,29218,26672,9287,4447,8636,17422,22270,11588,0,0,49897,6948,2378,1446,502,19,0,0,0,0,27481,7732,3528,0,0,0,0,0
478,1056,479.3566824600883,99930,1746,912,43,23,18242,9425,0.27686380466326427,1100,548,28996,26485,9410,4509,8703,17521,22476,11718,0,0,49409,7132,2492,1472,514,20,0,0,0,0,27661,7672,3558,0,0,0,0,0
479,1056,480.3403753402576,99929,1777,925,44,23,18555,9550,0.28124968727796734,1091,577,28731,26272,9592,4575,8763,17626,22681,11848,0,0,48893,7330,2606,1502,540,21,0,0,0,0,27847,7618,3572,0,0,0,0,0
480,1056,481.3322641472907,99927,1788,963,44,25,18838,9702,0.28560849420076656,1081,563,28490,26077,9773,4648,8822,17722,22885,11978,0,0,48401,7522,2724,1532,562,24,0,0,0,0,28019,7547,3596,0,0,0,0,0
481,1056,482.3325652409637,99924,1776,971,46,26,19099,9843,0.2896401264961371,1094,575,28274,25885,9938,4728,8870,17813,23088,12108,0,0,47900,7721,2851,1566,583,26,0,0,0,0,28174,7479,3624,0,0,0,0,0
482,1056,483.3406395784991,99924,1799,973,46,26,19382,9993,0.2939734197990473,1111,571,28024,25703,10101,4825,8917,17900,23289,12238,0,0,47399,7902,2986,1603,607,27,0,0,0,0,28335,7426,3639,0,0,0,0,0
483,1056,484.3570678133197,99924,1799,954,46,26,19648,10132,0.29802650014010645,1125,575,27801,25534,10259,4926,8968,17983,23489,12368,0,0,46881,8117,3109,1633,631,29,0,0,0,0,28495,7361,3668,0,0,0,0,0
484,1056,485.38171824587175,99924,1855,976,46,26,19942,10280,0.30244986189504025,1146,586,27582,25335,10375,5003,8994,18072,23688,12498,0,0,46394,8302,3216,1657,656,29,0,0,0,0,28670,7307,3693,0,0,0,0,0
485,1056,486.4136923038873,99924,1851,978,46,26,20223,10428,0.30674312477482885,1177,596,27352,25160,10535,5100,9037,18138,23886,12628,0,0,45891,8492,3353,1700,687,31,0,0,0,0,28821,7248,3701,0,0,0,0,0
486,1056,487.4538897033293,99922,1858,968,48,26,20533,10575,0.3113228318088109,1168,601,27112,24994,10714,5192,9098,18217,24082,12758,0,0,45374,8722,3492,1742,707,33,0,0,0,0,28947,7162,3743,0,0,0,0,0
487,1056,488.5031103700739,99921,1882,963,49,26,20850,10717,0.3159195764654077,1161,588,26872,24842,10900,5290,9134,18289,24277,12888,0,0,44877,8906,3646,1790,720,37,0,0,0,0,29076,7099,3770,0,0,0,0,0
488,1056,489.0306157772384,99921,1889,978,49,26,21000,10797,0.31822139490197254,1151,577,26713,24670,10974,5311,9222,18436,24471,13018,0,0,44491,9000,3715,1799,743,37,0,0,0,0,29289,7055,3792,0,0,0,0,0
489,1056,490.09537252088325,99919,1893,973,51,26,21304,10944,0.32274142055064603,1155,578,26473,24491,11166,5410,9260,18520,24664,13148,0,0,43971,9207,3858,1834,773,38,0,0,0,0,29432,7000,3806,0,0,0,0,0
490,1056,491.1692718885489,99917,1924,1003,53,26,21630,11108,0.32765195111942913,1127,568,26258,24317,11341,5489,9295,18595,24855,13278,0,0,43497,9370,4000,1897,798,39,0,0,0,0,29571,6923,3822,0,0,0,0,0
491,1056,492.25224890273614,99917,1941,962,53,26,21922,11251,0.33200556461863345,1136,585,26042,24142,11492,5617,9334,18666,25045,13408,0,0,43021,9555,4186,1931,825,41,0,0,0,0,29657,6856,3845,0,0,0,0,0
492,1056,493.3440204965909,99913,1965,967,57,26,22218,11409,0.3365628096443906,1137,586,25805,23990,11643,5705,9391,18724,25234,13537,0,0,42549,9709,4347,1977,844,45,0,0,0,0,29778,6805,3859,0,0,0,0,0
493,1056,494.44540785434475,99913,1930,998,57,26,22517,11582,0.34128691962006946,1169,570,25564,23814,11855,5789,9423,18801,25421,13666,0,0,42040,9919,4496,2006,885,47,0,0,0,0,29896,6748,3876,0,0,0,0,0
494,1056,495.5568965770746,99912,1946,996,58,26,22830,11728,0.3458843782528625,1182,590,25340,23646,12005,5873,9467,18867,25607,13795,0,0,41575,10090,4666,2046,912,51,0,0,0,0,29995,6682,3895,0,0,0,0,0
495,1056,496.1158376480864,99912,1951,997,58,26,22974,11816,0.3482064216510529,1205,599,25161,23487,12066,5909,9557,18980,25792,13924,0,0,41226,10152,4772,2054,938,52,0,0,0,0,30158,6643,3917,0,0,0,0,0
496,1056,497.2440846788029,99911,1975,1010,59,26,23308,11989,0.3532844231365916,1203,606,24931,23338,12235,6006,9595,19012,25975,14053,0,0,40750,10333,4937,2106,966,57,0,0,0,0,30257,6570,3935,0,0,0,0,0
497,1056,498.38268853722724,99910,1982,1026,60,26,23638,12169,0.35839255329796815,1175,609,24739,23174,12407,6103,9635,19060,26157,14182,0,0,40259,10538,5110,2148,991,62,0,0,0,0,30343,6499,3960,0,0,0,0,0
498,1056,499.5303959072308,99909,2007,1018,61,26,23966,12329,0.36328058533265273,1159,624,24535,23010,12562,6208,9674,19112,26337,14310,0,0,39789,10711,5275,2214,1017,64,0,0,0,0,30438,6421,3980,0,0,0,0,0
499,1056,500.1070784845301,99909,2009,1037,61,26,24133,12424,0.36590297170425085,1170,600,24374,22878,12644,6237,9740,19220,26516,14438,0,0,39452,10770,5388,2235,1045,65,0,0,0,0,30587,6369,3998,0,0,0,0,0
500,1056,501.27129280461634,99905,1993,1034,65,26,24461,12601,0.37097242380261247,1168,605,24179,22722,12831,6353,9762,19258,26694,14566,0,0,38962,10957,5565,2286,1085,70,0,0,0,0,30661,6306,4013,0,0,0,0,0
501,1056,502.44561682374797,99904,2048,1055,66,26,24833,12805,0.37674167200512493,1132,572,23988,22576,12968,6467,9796,19302,26870,14694,0,0,38473,11156,5732,2329,1126,73,0,0,0,0,30746,6243,4026,0,0,0,0,0
502,1056,503.0352286104615,99903,2069,1062,67,26,25010,12897,0.3794380549132659,1119,579,23843,22445,13021,6491,9879,19395,27045,14821,0,0,38142,11202,5856,2353,1144,75,0,0,0,0,30882,6201,4048,0,0,0,0,0
503,1056,504.22540616775643,99902,2121,1044,68,26,25386,13068,0.384917218874497,1091,598,23663,22317,13151,6612,9904,19401,27219,14948,0,0,37702,11346,6046,2410,1198,77,0,0,0,0,30932,6131,4060,0,0,0,0,0
504,1056,505.42443337734716,99900,2097,1050,70,26,25722,13240,0.39001001001001,1098,605,23465,22193,13363,6697,9905,19427,27391,15075,0,0,37224,11532,6228,2461,1241,82,0,0,0,0,30996,6063,4073,0,0,0,0,0
505,1056,506.0275179299787,99900,2080,1024,70,26,25888,13325,0.3925225225225225,1135,631,23298,22059,13439,6743,9976,19515,27562,15202,0,0,36887,11595,6340,2487,1282,86,0,0,0,0,31119,6008,4096,0,0,0,0,0
506,1056,507.2444634105245,99900,2075,1024,70,26,26251,13515,0.39805805805805805,1158,638,23084,21953,13620,6841,9991,19516,27731,15328,0,0,36425,11770,6539,2552,1331,91,0,0,0,0,31155,5927,4110,0,0,0,0,0
507,1056,508.47282567545415,99899,2070,1046,70,27,26617,13724,0.40381785603459497,1160,610,22890,21819,13807,6949,10001,19547,27899,15454,0,0,35935,11965,6722,2604,1389,94,0,0,0,0,31212,5867,4111,0,0,0,0,0
508,1056,509.0904739949526,99898,2078,1031,71,27,26810,13810,0.4066147470419828,1136,622,22770,21704,13870,6988,10073,19626,28066,15580,0,0,35613,12017,6868,2644,1406,97,0,0,0,0,31311,5803,4139,0,0,0,0,0
509,1056,510.33663567617066,99898,2095,1059,71,27,27185,14007,0.41234058739914714,1125,630,22565,21573,14051,7072,10091,19637,28231,15705,0,0,35152,12198,7040,2695,1459,100,0,0,0,0,31362,5735,4157,0,0,0,0,0
510,1056,511.5935615251309,99897,2106,1102,71,28,27550,14224,0.4181707158373124,1138,621,22343,21430,14235,7164,10105,19653,28395,15830,0,0,34666,12385,7199,2748,1508,103,0,0,0,0,31436,5685,4167,0,0,0,0,0
511,1056,512.2256380251232,99896,2075,1099,71,29,27711,14321,0.42075758789140705,1143,619,22208,21294,14323,7214,10178,19743,28558,15955,0,0,34327,12463,7325,2757,1548,106,0,0,0,0,31547,5640,4183,0,0,0,0,0
512,1056,513.5021988046085,99895,2008,1099,71,30,28050,14523,0.4261774863606787,1132,606,22075,21172,14531,7328,10181,19763,28719,16079,0,0,33857,12635,7537,2829,1610,109,0,0,0,0,31559,5570,4189,0,0,0,0,0
513,1056,514.1441946197497,99894,2004,1109,72,30,28243,14617,0.42905479808597113,1105,605,21966,21051,14597,7357,10254,19846,28879,16203,0,0,33543,12691,7683,2851,1635,114,0,0,0,0,31649,5522,4206,0,0,0,0,0
514,1056,515.4371757226064,99893,1983,1097,73,30,28597,14816,0.43459501666783457,1064,611,21827,20941,14792,7479,10259,19840,29037,16327,0,0,33071,12877,7884,2910,1684,121,0,0,0,0,31668,5455,4223,0,0,0,0,0
515,1056,516.0866032596509,99891,1958,1104,74,31,28762,14924,0.4373366969997297,1043,578,21717,20838,14869,7526,10337,19921,29194,16450,0,0,32759,12925,8021,2938,1726,122,0,0,0,0,31763,5408,4229,0,0,0,0,0
516,1056,517.3958587524093,99887,1936,1081,76,33,29106,15117,0.4427302852223012,997,595,21548,20739,15067,7643,10374,19907,29350,16573,0,0,32320,13061,8238,3022,1769,128,0,0,0,0,31767,5338,4244,0,0,0,0,0
517,1056,518.0538387327974,99887,1906,1078,76,33,29259,15213,0.4452231021053791,1031,589,21421,20637,15123,7681,10441,19980,29504,16696,0,0,32008,13117,8377,3042,1799,130,0,0,0,0,31856,5292,4266,0,0,0,0,0
518,1056,519.3820723001671,99885,1870,1079,78,33,29594,15401,0.4504680382439806,991,579,21285,20557,15322,7780,10452,19970,29657,16818,0,0,31565,13263,8551,3112,1858,137,0,0,0,0,31892,5235,4272,0,0,0,0,0
519,1056,520.0494704287812,99884,1880,1054,78,34,29764,15478,0.4529454166833527,980,593,21182,20443,15372,7828,10506,20046,29809,16940,0,0,31255,13317,8675,3131,1884,138,0,0,0,0,31992,5193,4299,0,0,0,0,0
520,1056,521.3946492673485,99882,1856,1045,79,35,30106,15658,0.45818065317074147,919,612,21072,20351,15547,7934,10525,20021,29959,17062,0,0,30816,13476,8874,3193,1938,140,0,0,0,0,32005,5128,4312,0,0,0,0,0
521,1056,522.0697622433013,99881,1792,1070,80,35,30256,15770,0.46080836195072133,922,575,20987,20252,15625,7967,10592,20099,30108,17183,0,0,30506,13517,9000,3219,1985,143,0,0,0,0,32101,5092,4318,0,0,0,0,0
522,1056,523.4297232758992,99881,1755,1029,80,35,30544,15955,0.46554399735685464,966,555,20845,20193,15748,8095,10604,20091,30256,17304,0,0,30110,13642,9227,3273,2044,151,0,0,0,0,32083,5032,4319,0,0,0,0,0
523,1056,524.1125865911356,99881,1724,1036,80,35,30706,16055,0.468167118871457,947,546,20747,20101,15832,8122,10668,20158,30402,17424,0,0,29850,13648,9371,3299,2091,157,0,0,0,0,32148,4989,4328,0,0,0,0,0
524,1056,525.4891559660289,99878,1694,1038,82,36,31032,16242,0.47331744728568853,914,522,20624,20029,16008,8223,10676,20150,30547,17544,0,0,29433,13779,9560,3383,2141,160,0,0,0,0,32174,4914,4334,0,0,0,0,0
525,1056,526.179958595954,99878,1720,1005,82,36,31218,16323,0.47599070866457077,862,515,20526,19945,16062,8275,10746,20222,30691,17663,0,0,29158,13809,9699,3399,2184,163,0,0,0,0,32249,4871,4346,0,0,0,0,0
526,1056,527.5731121615826,99878,1686,1009,82,36,31495,16529,0.48082660846232406,866,471,20416,19900,16201,8377,10747,20205,30833,17782,0,0,28804,13878,9910,3468,2249,166,0,0,0,0,32243,4814,4346,0,0,0,0,0
527,1056,528.2722578225499,99877,1672,988,83,36,31645,16611,0.48315427976410985,846,468,20344,19808,16245,8433,10808,20265,30974,17901,0,0,28548,13881,10034,3497,2292,171,0,0,0,0,32323,4770,4361,0,0,0,0,0
528,1056,529.6801948070799,99875,1634,974,85,36,31938,16768,0.48766958698372964,830,447,20237,19780,16398,8501,10814,20260,31114,18019,0,0,28185,13996,10208,3540,2373,175,0,0,0,0,32326,4706,4366,0,0,0,0,0
529,1056,530.3862642651429,99875,1613,948,85,36,32079,16849,0.489892365456821,826,446,20173,19712,16431,8546,10870,20310,31252,18137,0,0,27919,14006,10361,3575,2394,181,0,0,0,0,32393,4670,4376,0,0,0,0,0
530,1056,531.0959292443703,99875,1598,951,85,36,32229,16955,0.4924555694618273,813,393,20093,19679,16480,8580,10929,20359,31389,18254,0,0,27663,14018,10491,3601,2440,182,0,0,0,0,32463,4626,4391,0,0,0,0,0
531,1056,532.5236303059974,99874,1510,913,85,37,32509,17102,0.4967358872178945,802,381,20006,19645,16650,8676,10945,20346,31525,18371,0,0,27285,14120,10696,3666,2506,189,0,0,0,0,32446,4571,4395,0,0,0,0,0
532,1056,533.2396869789977,99873,1482,902,86,37,32648,17158,0.498693340542489,807,378,19929,19602,16701,8682,10993,20397,31660,18487,0,0,27052,14108,10813,3687,2545,196,0,0,0,0,32526,4536,4410,0,0,0,0,0
533,1056,534.681899880806,99872,1465,824,86,38,32937,17283,0.5028436398590196,748,391,19895,19573,16797,8792,11007,20380,31793,18603,0,0,26708,14188,11001,3746,2616,205,0,0,0,0,32517,4484,4407,0,0,0,0,0
534,1056,535.4050208445972,99870,1456,818,87,39,33077,17360,0.5050265344948432,717,368,19830,19524,16837,8815,11071,20434,31925,18718,0,0,26474,14181,11133,3772,2646,208,0,0,0,0,32584,4448,4424,0,0,0,0,0
535,1056,536.1297491358467,99870,1453,804,87,39,33224,17423,0.507129268048463,685,382,19762,19472,16872,8816,11139,20485,32056,18833,0,0,26242,14177,11276,3792,2668,214,0,0,0,0,32647,4414,4440,0,0,0,0,0
536,1056,537.587547859343,99868,1393,779,88,40,33450,17569,0.5108643409300276,675,363,19715,19460,16967,8897,11160,20459,32186,18948,0,0,25943,14225,11472,3822,2745,220,0,0,0,0,32620,4378,4443,0,0,0,0,0
537,1056,538.3183743823686,99868,1385,766,88,40,33578,17634,0.5127968918973045,644,367,19680,19400,16972,8915,11229,20510,32314,19062,0,0,25728,14224,11595,3826,2793,222,0,0,0,0,32681,4344,4455,0,0,0,0,0
538,1056,539.0511517342464,99866,1364,748,90,40,33701,17698,0.5146796707588168,622,369,19618,19349,17010,8925,11294,20567,32441,19176,0,0,25513,14208,11718,3841,2836,228,0,0,0,0,32743,4315,4464,0,0,0,0,0
539,1056,540.5227319985955,99866,1324,748,90,40,33936,17849,0.5185448500991329,587,347,19588,19324,17099,8995,11310,20544,32567,19289,0,0,25206,14272,11904,3876,2897,232,0,0,0,0,32739,4273,4467,0,0,0,0,0
540,1056,541.2596300697126,99866,1292,730,90,40,34045,17909,0.5202371177377686,579,340,19548,19295,17112,9006,11377,20587,32692,19402,0,0,24991,14264,12024,3887,2938,236,0,0,0,0,32802,4240,4484,0,0,0,0,0
541,1056,542.7395132847282,99865,1286,704,90,41,34282,18027,0.5237971261202623,544,330,19514,19309,17189,9049,11375,20565,32816,19514,0,0,24721,14281,12207,3939,2983,244,0,0,0,0,32803,4200,4487,0,0,0,0,0
542,1056,543.4798405141015,99865,1254,685,90,41,34377,18081,0.5252891403394583,559,340,19464,19252,17197,9073,11434,20607,32938,19626,0,0,24510,14271,12316,3950,3015,253,0,0,0,0,32878,4173,4499,0,0,0,0,0
543,1056,544.2225120528764,99865,1222,691,90,41,34491,18156,0.5271816952886397,545,314,19427,19215,17224,9067,11490,20670,33059,19737,0,0,24289,14270,12430,3965,3056,256,0,0,0,0,32948,4146,4505,0,0,0,0,0
544,1056,545.7139590976803,99865,1205,663,90,41,34716,18289,0.5307665348220098,530,284,19382,19242,17292,9131,11499,20637,33179,19848,0,0,24029,14300,12607,4006,3114,266,0,0,0,0,32932,4097,4514,0,0,0,0,0
545,1056,546.4604851152237,99864,1151,631,91,41,34805,18333,0.5321036609789314,529,288,19355,19208,17319,9136,11553,20694,33298,19958,0,0,23828,14300,12709,4014,3164,271,0,0,0,0,32987,4056,4535,0,0,0,0,0
546,1056,547.2093679343774,99862,1109,613,93,41,34885,18379,0.5333760589613666,533,298,19321,19164,17325,9134,11617,20748,33416,20068,0,0,23644,14271,12835,4020,3196,277,0,0,0,0,33040,4029,4550,0,0,0,0,0
547,1056,548.7120860313403,99861,1053,601,94,41,35062,18494,0.5363054645957881,535,281,19313,19194,17382,9185,11621,20696,33533,20177,0,0,23390,14302,12990,4046,3256,285,0,0,0,0,33047,3988,4557,0,0,0,0,0
548,1056,549.4633608275461,99861,1032,592,94,41,35162,18548,0.5378476081753637,517,276,19294,19171,17387,9178,11674,20740,33648,20286,0,0,23212,14267,13098,4056,3305,287,0,0,0,0,33110,3961,4565,0,0,0,0,0
549,1056,550.2164417155383,99860,1025,572,95,41,35262,18594,0.5393150410574805,505,273,19259,19133,17382,9188,11732,20791,33762,20394,0,0,23037,14245,13196,4067,3342,292,0,0,0,0,33172,3922,4587,0,0,0,0,0
550,1056,551.7264620395998,99858,986,550,97,41,35450,18699,0.5422600092130826,466,244,19264,19158,17422,9235,11763,20770,33875,20502,0,0,22800,14266,13359,4089,3407,296,0,0,0,0,33159,3886,4596,0,0,0,0,0
551,1056,552.4816395648764,99858,958,558,97,41,35543,18750,0.5437020569208276,468,237,19237,19141,17409,9206,11829,20815,33987,20609,0,0,22645,14231,13481,4082,3451,301,0,0,0,0,33198,3863,4606,0,0,0,0,0
552,1056,553.2380816973268,99858,927,527,97,41,35615,18783,0.5447535500410583,482,245,19187,19109,17409,9226,11896,20850,34098,20716,0,0,22459,14214,13588,4083,3490,302,0,0,0,0,33266,3840,4616,0,0,0,0,0
553,1056,554.7557714283098,99858,896,504,97,41,35795,18885,0.5475775601353923,437,236,19190,19101,17452,9279,11926,20837,34208,20822,0,0,22215,14235,13731,4121,3541,308,0,0,0,0,33280,3805,4622,0,0,0,0,0
554,1056,555.514941454799,99858,875,474,97,41,35869,18925,0.5487191812373571,427,236,19158,19091,17458,9292,11983,20864,34317,20928,0,0,22056,14199,13833,4127,3586,313,0,0,0,0,33338,3776,4630,0,0,0,0,0
555,1056,556.275545447149,99858,861,443,97,41,35944,18967,0.5498908449998998,421,234,19134,19071,17437,9305,12048,20904,34425,21033,0,0,21889,14164,13948,4133,3618,316,0,0,0,0,33393,3753,4644,0,0,0,0,0
556,1056,557.0378158295932,99858,849,440,97,41,36026,19015,0.5511926936249474,403,215,19111,19046,17429,9301,12109,20955,34532,21138,0,0,21729,14133,14050,4132,3656,320,0,0,0,0,33455,3731,4652,0,0,0,0,0
557,1056,558.5661477135557,99858,811,429,97,41,36183,19089,0.553505978489455,396,204,19139,19069,17428,9310,12127,20945,34638,21242,0,0,21514,14146,14169,4141,3714,327,0,0,0,0,33481,3704,4662,0,0,0,0,0
558,1056,559.3291184091381,99857,791,398,97,42,36263,19126,0.5546831969716695,384,205,19112,19037,17429,9319,12185,20997,34743,21345,0,0,21340,14124,14291,4151,3739,331,0,0,0,0,33531,3681,4669,0,0,0,0,0
559,1056,560.0932616614631,99857,781,390,97,42,36336,19162,0.5557747579038025,373,200,19088,19029,17406,9301,12253,21036,34847,21448,0,0,21185,14093,14382,4146,3769,337,0,0,0,0,33601,3660,4684,0,0,0,0,0
560,1056,561.6256969840803,99856,764,376,97,43,36475,19227,0.5578232655023233,354,194,19119,19087,17386,9298,12278,21000,34950,21550,0,0,21003,14076,14524,4155,3812,342,0,0,0,0,33619,3636,4689,0,0,0,0,0
561,1056,562.3906113229596,99856,771,381,97,43,36573,19272,0.5592553276718475,313,174,19087,19075,17388,9289,12342,21036,35051,21652,0,0,20854,14034,14622,4166,3832,349,0,0,0,0,33683,3612,4704,0,0,0,0,0
562,1056,563.1565537014856,99856,763,378,97,43,36648,19317,0.5604570581637558,294,165,19092,19052,17362,9285,12390,21075,35151,21753,0,0,20700,14021,14703,4151,3876,353,0,0,0,0,33746,3590,4716,0,0,0,0,0
563,1056,564.6916910341832,99856,721,330,97,43,36767,19370,0.5621795385354911,313,172,19124,19109,17350,9305,12393,21039,35250,21854,0,0,20520,14002,14828,4185,3929,354,0,0,0,0,33761,3547,4730,0,0,0,0,0
564,1056,565.4575607886726,99856,697,319,97,43,36830,19402,0.5631309085082519,297,160,19120,19128,17344,9298,12443,21050,35348,21954,0,0,20382,13960,14933,4186,3960,359,0,0,0,0,33813,3528,4735,0,0,0,0,0
565,1056,566.2242818530885,99856,676,316,97,43,36873,19437,0.5639120333279923,309,150,19118,19144,17300,9270,12498,21075,35446,22054,0,0,20251,13920,15026,4181,3985,363,0,0,0,0,33872,3504,4754,0,0,0,0,0
566,1056,567.7591151447479,99856,665,305,97,43,36988,19495,0.5656445281204935,285,154,19180,19178,17267,9267,12504,21051,35543,22153,0,0,20093,13899,15125,4192,4032,368,0,0,0,0,33906,3473,4768,0,0,0,0,0
567,1056,568.5246206391079,99855,645,305,98,43,37031,19529,0.5664213109008062,285,142,19182,19196,17224,9245,12564,21067,35639,22252,0,0,19953,13871,15207,4183,4055,375,0,0,0,0,33978,3453,4780,0,0,0,0,0
568,1056,569.2899801357751,99855,620,297,98,43,37088,19552,0.5672224725852486,263,147,19184,19198,17210,9221,12623,21092,35734,22350,0,0,19816,13839,15289,4176,4091,379,0,0,0,0,34043,3432,4790,0,0,0,0,0
569,1056,570.0554659358852,99855,608,290,98,43,37136,19575,0.5679335035801912,259,147,19186,19191,17181,9201,12666,21126,35828,22448,0,0,19686,13800,15367,4171,4122,381,0,0,0,0,34112,3415,4801,0,0,0,0,0
570,1056,571.5871775376432,99855,591,285,98,43,37236,19636,0.5695458414701317,256,127,19219,19260,17156,9186,12678,21097,35921,22545,0,0,19507,13804,15471,4175,4151,387,0,0,0,0,34155,3394,4811,0,0,0,0,0
571,1056,572.3512616584421,99855,584,277,98,43,37294,19657,0.5703369886335186,236,123,19214,19277,17126,9158,12740,21120,36013,22642,0,0,19376,13775,15538,4163,4186,390,0,0,0,0,34228,3371,4828,0,0,0,0,0
572,1056,573.1161071706498,99855,569,269,98,43,37330,19672,0.5708477292073506,237,147,19203,19287,17089,9122,12802,21130,36104,22738,0,0,19263,13735,15623,4144,4210,397,0,0,0,0,34286,3356,4841,0,0,0,0,0
573,1056,574.6472389201505,99855,539,276,98,43,37429,19729,0.5724099944920135,215,128,19255,19388,17058,9078,12833,21085,36194,22834,0,0,19111,13712,15718,4151,4248,407,0,0,0,0,34329,3333,4846,0,0,0,0,0
574,1056,575.4115404852249,99855,498,276,98,43,37462,19753,0.5729808221921786,219,130,19244,19380,17046,9056,12893,21113,36283,22929,0,0,18978,13682,15802,4150,4266,412,0,0,0,0,34394,3311,4860,0,0,0,0,0
575,1056,576.1757561929463,99855,494,269,98,43,37511,19781,0.5737519403134546,207,120,19261,19394,17006,9037,12932,21135,36371,23024,0,0,18873,13620,15888,4154,4293,415,0,0,0,0,34450,3289,4873,0,0,0,0,0
576,1056,577.7052144845552,99855,437,256,98,43,37574,19823,0.5748034650242853,212,105,19321,19484,16985,9018,12945,21092,36458,23118,0,0,18721,13602,15997,4153,4332,420,0,0,0,0,34481,3273,4876,0,0,0,0,0
577,1056,578.4673551432847,99855,428,257,98,43,37614,19848,0.5754544088928947,191,99,19333,19514,16938,8983,13010,21102,36544,23212,0,0,18615,13546,16078,4153,4358,421,0,0,0,0,34542,3255,4887,0,0,0,0,0
578,1056,579.2300289254792,99855,421,250,98,43,37653,19868,0.576045265635171,176,96,19336,19527,16904,8961,13063,21121,36630,23305,0,0,18513,13496,16161,4145,4388,423,0,0,0,0,34599,3234,4896,0,0,0,0,0
579,1056,580.7550398722977,99855,385,230,98,43,37727,19905,0.5771568774723349,160,87,19412,19579,16872,8956,13071,21103,36715,23397,0,0,18377,13474,16260,4145,4425,431,0,0,0,0,34623,3213,4907,0,0,0,0,0
580,1056,581.5158463156395,99855,381,226,98,43,37765,19929,0.5777777777777777,148,80,19429,19590,16827,8935,13115,21124,36799,23489,0,0,18272,13423,16343,4143,4440,437,0,0,0,0,34682,3198,4917,0,0,0,0,0
581,1056,582.2759644932704,99855,363,226,98,43,37791,19945,0.5781983876621101,143,80,19444,19586,16776,8906,13174,21157,36882,23580,0,0,18152,13392,16403,4128,4467,440,0,0,0,0,34761,3190,4922,0,0,0,0,0
582,1056,583.0355856720462,99853,358,215,100,43,37820,19957,0.5786205722411946,133,79,19455,19583,16718,8886,13234,21192,36964,23671,0,0,18046,13345,16469,4117,4493,442,0,0,0,0,34833,3175,4933,0,0,0,0,0
583,1056,584.5537634172777,99851,326,222,102,43,37871,20002,0.5795935944557391,122,75,19542,19675,16664,8842,13242,21141,37045,23761,0,0,17935,13304,16553,4113,4530,447,0,0,0,0,34871,3154,4944,0,0,0,0,0
584,1056,585.3104125574878,99850,306,213,103,43,37890,20017,0.5799399098647972,120,71,19582,19691,16592,8820,13295,21160,37126,23851,0,0,17841,13253,16634,4096,4562,448,0,0,0,0,34921,3143,4952,0,0,0,0,0
585,1056,586.0662999434545,99850,306,210,103,43,37917,20031,0.5803505257886831,110,67,19608,19710,16524,8797,13347,21171,37206,23940,0,0,17745,13207,16693,4080,4592,449,0,0,0,0,34989,3132,4963,0,0,0,0,0
586,1056,587.5745432655137,99850,282,197,103,43,37965,20059,0.5811116675012519,115,66,19666,19805,16464,8765,13368,21122,37285,24029,0,0,17628,13182,16767,4066,4635,452,0,0,0,0,35033,3116,4971,0,0,0,0,0
587,1056,588.3260515276917,99850,269,192,103,43,37978,20074,0.5813920881321983,124,64,19676,19812,16405,8745,13421,21142,37363,24117,0,0,17536,13137,16823,4050,4665,456,0,0,0,0,35102,3102,4979,0,0,0,0,0
588,1056,589.0777224625051,99850,262,189,103,43,37996,20088,0.5817125688532799,131,60,19697,19807,16334,8723,13471,21176,37440,24205,0,0,17441,13088,16892,4041,4680,460,0,0,0,0,35169,3091,4988,0,0,0,0,0
589,1056,590.5796718667177,99850,263,172,103,43,38053,20109,0.5824937406109164,111,54,19776,19890,16260,8698,13485,21141,37517,24292,0,0,17344,13040,16967,4034,4719,463,0,0,0,0,35211,3078,4994,0,0,0,0,0
590,1056,591.3282916082004,99850,248,169,103,43,38073,20119,0.5827941912869304,105,55,19800,19910,16201,8667,13541,21154,37593,24379,0,0,17260,12986,17040,4023,4746,464,0,0,0,0,35266,3063,5002,0,0,0,0,0
591,1056,592.0761163084719,99850,242,164,103,43,38096,20127,0.5831046569854782,99,56,19812,19930,16143,8644,13599,21161,37668,24465,0,0,17173,12931,17110,4020,4759,470,0,0,0,0,35328,3052,5007,0,0,0,0,0
592,1056,593.5699730540863,99850,226,144,103,43,38137,20141,0.5836554832248373,99,71,19902,20017,16060,8612,13608,21111,37742,24551,0,0,17080,12904,17175,3993,4806,475,0,0,0,0,35364,3035,5018,0,0,0,0,0
593,1056,594.3143818772368,99850,219,135,103,43,38151,20151,0.5838958437656485,102,66,19914,20022,15997,8594,13663,21138,37816,24636,0,0,16996,12856,17238,3983,4825,478,0,0,0,0,35424,3019,5031,0,0,0,0,0
594,1056,595.0579272721291,99850,220,127,103,43,38169,20160,0.5841662493740611,101,70,19922,20043,15939,8565,13713,21150,37889,24721,0,0,16905,12813,17299,3974,4842,479,0,0,0,0,35490,3005,5043,0,0,0,0,0
595,1056,596.5440254772453,99850,215,125,103,43,38207,20183,0.5847771657486229,97,60,19993,20140,15877,8520,13713,21110,37961,24805,0,0,16811,12776,17357,3968,4870,483,0,0,0,0,35545,2987,5053,0,0,0,0,0
596,1056,597.2846533701494,99850,209,124,103,43,38222,20192,0.5850175262894342,96,58,20011,20150,15819,8496,13760,21127,38032,24889,0,0,16737,12731,17416,3949,4896,484,0,0,0,0,35598,2970,5069,0,0,0,0,0
597,1056,598.0250343351443,99850,212,120,103,43,38236,20200,0.5852378567851778,93,62,20040,20175,15750,8468,13800,21130,38103,24972,0,0,16658,12690,17470,3930,4917,487,0,0,0,0,35661,2956,5081,0,0,0,0,0
598,1056,599.5035287869728,99849,199,118,104,43,38267,20222,0.585774519524482,82,55,20139,20268,15667,8436,13807,21078,38173,25055,0,0,16568,12645,17549,3925,4935,492,0,0,0,0,35704,2944,5087,0,0,0,0,0
599,1056,600.2399359738313,99849,185,117,104,43,38285,20228,0.5860148824725335,80,57,20155,20292,15618,8403,13856,21086,38242,25137,0,0,16495,12592,17620,3921,4946,496,0,0,0,0,35753,2923,5103,0,0,0,0,0
600,1056,601.710053698606,99849,178,118,104,43,38317,20250,0.5865556991056495,70,51,20248,20388,15529,8345,13869,21053,38311,25219,0,0,16404,12555,17694,3908,4967,498,0,0,0,0,35801,2908,5114,0,0,0,0,0
601,1056,602.442718053268,99849,172,122,104,43,38329,20266,0.586836122545043,67,43,20256,20427,15483,8301,13916,21062,38379,25300,0,0,16324,12503,17764,3899,4981,499,0,0,0,0,35858,2900,5121,0,0,0,0,0
602,1056,603.1743158929384,99849,167,113,104,43,38345,20274,0.5870764854930945,68,41,20291,20454,15421,8283,13947,21064,38446,25381,0,0,16238,12460,17822,3896,4988,506,0,0,0,0,35922,2886,5131,0,0,0,0,0
603,1056,604.6359095970696,99847,151,108,106,43,38366,20284,0.5873987200416637,69,40,20361,20552,15349,8242,13962,21013,38513,25461,0,0,16150,12426,17880,3882,5004,512,0,0,0,0,35976,2870,5147,0,0,0,0,0
604,1056,605.3639929344506,99847,143,104,106,43,38376,20289,0.5875489498933368,64,38,20391,20569,15291,8202,14003,21042,38579,25541,0,0,16082,12370,17944,3869,5023,515,0,0,0,0,36029,2861,5154,0,0,0,0,0
605,1056,606.0918119455526,99847,133,97,106,43,38386,20297,0.5877292257153445,62,35,20417,20597,15235,8176,14045,21050,38644,25620,0,0,16005,12327,17997,3853,5049,518,0,0,0,0,36086,2854,5158,0,0,0,0,0
606,1056,607.5447655842562,99847,133,85,106,43,38412,20308,0.5880997926828047,58,38,20483,20674,15154,8139,14064,21019,38709,25699,0,0,15924,12279,18067,3848,5063,521,0,0,0,0,36133,2844,5168,0,0,0,0,0
607,1056,608.2692888239022,99847,133,90,106,43,38424,20317,0.588310114475147,50,34,20496,20685,15100,8110,14113,21036,38773,25777,0,0,15856,12231,18120,3839,5075,524,0,0,0,0,36191,2830,5181,0,0,0,0,0
608,1056,609.7164941664354,99847,116,69,106,43,38440,20326,0.5885604975612687,44,34,20581,20760,15030,8083,14121,21009,38836,25855,0,0,15763,12198,18184,3833,5091,527,0,0,0,0,36240,2818,5193,0,0,0,0,0
609,1056,610.4378426155598,99847,105,65,106,43,38445,20328,0.5886306048253829,45,36,20592,20777,14978,8051,14172,21026,38899,25932,0,0,15694,12147,18246,3825,5103,529,0,0,0,0,36294,2807,5202,0,0,0,0,0
610,1056,611.1585175887789,99847,102,66,106,43,38452,20336,0.5887808346770559,42,29,20619,20790,14910,8034,14219,21036,38961,26009,0,0,15629,12096,18303,3815,5118,531,0,0,0,0,36349,2796,5210,0,0,0,0,0
611,1056,612.5984003506182,99847,94,65,106,43,38466,20350,0.5890612637335123,39,26,20695,20880,14832,7994,14232,20990,39023,26085,0,0,15552,12055,18360,3810,5132,533,0,0,0,0,36401,2783,5221,0,0,0,0,0
612,1056,613.3160667998617,99846,87,66,107,43,38472,20354,0.5891673176692106,39,25,20717,20906,14769,7965,14279,20993,39084,26161,0,0,15480,12008,18410,3804,5138,539,0,0,0,0,36464,2775,5228,0,0,0,0,0
613,1056,614.0330220738841,99846,90,64,107,43,38482,20359,0.5893175490254993,31,23,20752,20927,14707,7939,14311,21002,39144,26237,0,0,15422,11953,18469,3795,5152,539,0,0,0,0,36514,2760,5242,0,0,0,0,0
614,1056,615.4643389848982,99846,83,52,107,43,38494,20365,0.5894978266530457,36,21,20831,21032,14625,7899,14316,20951,39204,26312,0,0,15348,11909,18521,3786,5171,543,0,0,0,0,36568,2753,5247,0,0,0,0,0
615,1056,616.1774104133943,99845,81,50,107,44,38499,20366,0.589563823927087,39,21,20843,21064,14570,7863,14358,20956,39263,26387,0,0,15282,11865,18568,3768,5192,543,0,0,0,0,36628,2746,5253,0,0,0,0,0
616,1056,617.6018712285096,99845,81,43,107,44,38514,20370,0.5897541188842707,30,21,20940,21156,14488,7817,14352,20917,39322,26461,0,0,15212,11825,18618,3754,5210,546,0,0,0,0,36682,2738,5260,0,0,0,0,0
617,1056,618.3117902899876,99845,81,45,107,44,38519,20376,0.5898642896489559,31,18,20965,21170,14426,7791,14388,20930,39380,26535,0,0,15139,11789,18659,3743,5223,546,0,0,0,0,36748,2726,5272,0,0,0,0,0
618,1056,619.0206034958867,99845,81,46,107,44,38519,20377,0.5898743051730182,31,19,20932,21140,14390,7773,14457,20976,39437,26608,0,0,15071,11748,18700,3735,5229,548,0,0,0,0,36816,2716,5282,0,0,0,0,0
619,1056,620.5423064137672,99845,81,40,107,44,38536,20384,0.5901146777505133,24,16,21036,21247,14304,7734,14446,20917,39494,26681,0,0,15003,11715,18743,3724,5246,552,0,0,0,0,36865,2701,5296,0,0,0,0,0
620,1056,621.187029801496,99844,67,39,108,44,38539,20387,0.5901806818637074,29,17,21096,21292,14236,7696,14462,20910,39550,26753,0,0,14940,11670,18796,3718,5257,554,0,0,0,0,36916,2687,5306,0,0,0,0,0
621,1056,622.0371758675312,99844,68,41,108,44,38543,20389,0.5902407756099515,25,17,21084,21301,14191,7656,14522,20939,39606,26825,0,0,14886,11626,18843,3702,5270,557,0,0,0,0,36967,2676,5317,0,0,0,0,0
622,1056,623.1270833225865,99844,60,38,108,44,38550,20397,0.5903910099755619,26,16,21191,21409,14103,7610,14510,20881,39661,26896,0,0,14817,11594,18887,3687,5289,559,0,0,0,0,37019,2665,5327,0,0,0,0,0
623,1056,624.2361489463729,99844,55,37,108,44,38551,20401,0.590441088097432,30,15,21207,21439,14047,7575,14551,20888,39716,26967,0,0,14769,11536,18952,3679,5300,559,0,0,0,0,37059,2654,5336,0,0,0,0,0
624,1056,625.0415817467926,99844,51,36,108,44,38553,20405,0.5905011818436762,33,14,21227,21469,13994,7544,14585,20891,39770,27037,0,0,14710,11495,19000,3666,5315,559,0,0,0,0,37110,2642,5347,0,0,0,0,0
625,1056,626.3423062931718,99844,54,35,108,44,38563,20411,0.5906614318336605,30,13,21293,21556,13916,7505,14597,20845,39824,27107,0,0,14649,11455,19043,3650,5337,559,0,0,0,0,37164,2634,5353,0,0,0,0,0
626,1056,627.2398891288195,99844,52,35,108,44,38566,20415,0.5907315412042786,31,10,21336,21613,13849,7473,14622,20823,39877,27177,0,0,14594,11410,19089,3638,5351,561,0,0,0,0,37215,2624,5362,0,0,0,0,0
627,1056,628.0836094939253,99844,47,29,108,44,38571,20416,0.5907916349505228,32,10,21432,21703,13761,7440,14618,20772,39930,27246,0,0,14531,11366,19136,3630,5365,563,0,0,0,0,37269,2619,5365,0,0,0,0,0
628,1056,629.0566275963271,99844,47,29,108,44,38579,20418,0.590891791194263,27,10,21444,21730,13718,7414,14654,20771,39982,27315,0,0,14469,11332,19173,3617,5381,564,0,0,0,0,37326,2608,5374,0,0,0,0,0
629,1056,630.2252848953108,99844,53,26,108,44,38591,20424,0.5910720724329954,52,37,21541,21791,13617,7379,14627,20721,40034,27383,0,0,14403,11295,19210,3608,5393,566,2,0,0,3,37382,2600,5382,0,0,0,0,0
630,1056,631.391456778743,99844,60,30,108,44,38608,20433,0.5913324786667201,46,34,21607,21850,13544,7342,14633,20698,40085,27451,0,0,14344,11259,19242,3590,5412,569,10,0,0,5,37431,2588,5394,0,0,0,0,0
631,1056,632.5539209539282,99844,65,42,108,44,38622,20447,0.5916129161491928,40,26,21678,21920,13477,7300,14630,20666,40136,27518,0,0,14284,11221,19277,3576,5429,570,14,0,0,8,37484,2579,5402,0,0,0,0,0
632,1056,633.1331186059075,99844,66,42,108,44,38629,20449,0.5917030567685589,38,28,21676,21952,13430,7267,14680,20665,40186,27585,0,0,14228,11180,19315,3566,5439,573,14,0,0,13,37535,2572,5409,0,0,0,0,0
633,1056,634.291435780279,99844,65,41,108,44,38637,20454,0.5918332598854212,38,37,21737,22020,13350,7235,14700,20621,40236,27652,0,0,14167,11144,19346,3562,5448,574,16,0,0,20,37587,2555,5425,0,0,0,0,0
634,1056,635.4467700060408,99844,60,43,108,44,38647,20462,0.5920135411241537,40,33,21807,22094,13270,7201,14713,20583,40285,27718,0,0,14109,11108,19375,3554,5461,576,17,0,0,32,37632,2542,5438,0,0,0,0,0
635,1056,636.022825853654,99844,68,41,108,44,38656,20464,0.592123712992268,34,38,21824,22116,13214,7176,14750,20583,40334,27784,0,0,14057,11061,19421,3545,5469,578,18,0,0,34,37681,2535,5445,0,0,0,0,0
636,1056,637.1737733930901,99844,68,56,108,44,38666,20480,0.5923841192259925,38,34,21904,22177,13130,7142,14750,20545,40382,27849,0,0,14003,11014,19465,3536,5481,579,22,0,0,37,37728,2529,5450,0,0,0,0,0
637,1056,638.32061148946,99843,66,59,109,44,38681,20490,0.5926404454994341,40,32,21955,22247,13064,7106,14764,20510,40430,27914,0,0,13937,10985,19486,3527,5498,581,24,0,0,46,37783,2517,5459,0,0,0,0,0
638,1056,639.4641120109225,99843,64,60,109,44,38691,20504,0.5928808228919403,38,26,22024,22313,12998,7086,14765,20469,40477,27978,0,0,13882,10944,19519,3516,5517,582,30,0,0,56,37822,2508,5467,0,0,0,0,0
639,1056,640.0342824767224,99843,65,62,109,44,38698,20508,0.5929909958635057,41,23,22017,22321,12963,7068,14803,20480,40524,28042,0,0,13828,10905,19557,3503,5529,584,31,0,0,60,37871,2502,5473,0,0,0,0,0
640,1056,641.1743824667379,99843,70,57,109,44,38713,20513,0.5931913103572609,37,25,22071,22377,12902,7044,14809,20451,40570,28106,0,0,13772,10864,19588,3495,5550,584,32,0,0,65,37921,2495,5477,0,0,0,0,0
641,1056,642.3121058163626,99843,73,54,109,44,38726,20520,0.593391624851016,39,23,22125,22443,12832,7015,14820,20419,40616,28169,0,0,13716,10827,19619,3485,5566,587,35,0,0,71,37968,2487,5482,0,0,0,0,0
642,1056,643.4470637341005,99843,74,48,109,44,38735,20526,0.5935418607213325,39,22,22182,22509,12765,6992,14829,20383,40662,28232,0,0,13658,10795,19647,3476,5577,592,37,0,0,80,38015,2478,5488,0,0,0,0,0
643,1056,644.0132052385168,99842,79,47,110,44,38745,20527,0.5936579796077803,33,21,22177,22516,12730,6973,14869,20397,40707,28294,0,0,13599,10756,19683,3474,5580,594,38,0,0,82,38071,2472,5493,0,0,0,0,0
644,1056,645.1451071396023,99842,79,52,110,44,38750,20535,0.5937881853328258,31,17,22188,22521,12682,6953,14908,20411,40752,28356,0,0,13548,10724,19714,3459,5597,595,38,0,0,87,38117,2464,5499,0,0,0,0,0
645,1056,646.1544034480847,99842,79,53,110,44,38759,20541,0.5939384227078784,35,16,22233,22586,12626,6927,14915,20372,40796,28418,0,0,13492,10687,19748,3454,5604,598,40,0,0,93,38165,2456,5505,0,0,0,0,0
646,1056,647.0882762045615,99842,71,53,110,44,38771,20547,0.5941187075579415,42,25,22336,22685,12541,6895,14898,20296,40840,28479,0,0,13442,10644,19782,3449,5614,603,43,0,0,104,38201,2449,5511,0,0,0,0,0
647,1056,648.2124525639473,99842,72,51,110,44,38784,20553,0.5943090082330081,45,28,22411,22739,12465,6868,14895,20268,40883,28540,0,0,13399,10597,19822,3444,5624,605,46,0,0,112,38233,2437,5523,0,0,0,0,0
648,1056,649.3332492977826,99842,73,50,110,44,38797,20561,0.5945193405580818,52,26,22457,22823,12413,6833,14893,20222,40926,28600,0,0,13349,10561,19853,3431,5639,610,52,0,0,118,38271,2430,5528,0,0,0,0,0
649,1056,650.451191117654,99842,75,55,110,44,38809,20574,0.5947697361831694,52,23,22525,22891,12356,6798,14880,20187,40969,28660,0,0,13296,10526,19884,3425,5647,612,56,0,0,127,38311,2418,5540,0,0,0,0,0
650,1056,651.0088017268442,99842,81,55,110,44,38820,20577,0.5949099577332185,47,24,22528,22901,12314,6786,14918,20188,41011,28720,0,0,13231,10497,19911,3418,5656,613,57,0,0,130,38372,2416,5541,0,0,0,0,0
651,1056,652.1229973868944,99842,85,53,110,44,38834,20586,0.5951403217082991,52,25,22568,22979,12262,6748,14921,20149,41053,28779,0,0,13174,10463,19936,3413,5669,615,59,0,0,138,38419,2410,5546,0,0,0,0,0
652,1056,653.2349673153357,99842,90,56,110,44,38851,20591,0.5953606698583762,53,30,22634,23043,12196,6716,14915,20109,41094,28838,0,0,13125,10426,19970,3403,5684,615,61,0,0,145,38459,2404,5550,0,0,0,0,0
653,1056,654.3440613279173,99842,89,55,110,44,38865,20599,0.5955810180084533,59,36,22700,23116,12132,6692,14908,20055,41135,28896,0,0,13069,10393,19999,3393,5696,619,68,0,0,155,38498,2400,5552,0,0,0,0,0
654,1056,655.4495980881547,99842,87,71,110,44,38876,20619,0.595891508583562,56,26,22753,23178,12079,6663,14913,20016,41176,28954,0,0,13020,10364,20020,3383,5712,622,69,0,0,160,38541,2389,5562,0,0,0,0,0
655,1056,656.0010780318163,99842,85,68,110,44,38882,20620,0.5959616193585866,62,31,22754,23201,12038,6643,14949,20011,41216,29012,0,0,12976,10328,20052,3377,5721,625,71,0,0,163,38580,2377,5572,0,0,0,0,0
656,1056,657.1038054756029,99842,89,71,110,44,38896,20630,0.5962019991586707,63,24,22780,23254,11993,6620,14963,19985,41256,29069,0,0,12925,10296,20080,3366,5737,626,75,0,0,170,38620,2371,5576,0,0,0,0,0
657,1056,658.2048922020939,99842,95,75,110,44,38912,20637,0.5964323631337514,65,24,22858,23299,11931,6594,14939,19962,41296,29126,0,0,12885,10257,20115,3357,5749,628,76,0,0,175,38654,2361,5585,0,0,0,0,0
658,1056,659.3029545613747,99842,100,70,110,44,38928,20646,0.5966827587588389,74,26,22890,23365,11881,6567,14943,19926,41335,29183,0,0,12840,10223,20145,3344,5764,630,79,0,0,190,38681,2353,5593,0,0,0,0,0
659,1056,660.3985278403256,99842,102,71,110,44,38942,20658,0.5969431702089301,77,31,22947,23424,11828,6544,14934,19884,41374,29239,0,0,12786,10190,20173,3340,5773,633,83,0,0,199,38722,2347,5596,0,0,0,0,0
660,1056,661.4915578782537,99842,106,69,110,44,38965,20666,0.5972536607840387,82,29,22983,23497,11789,6521,14928,19838,41412,29295,0,0,12742,10143,20214,3336,5782,636,89,0,0,209,38750,2340,5601,0,0,0,0,0
661,1056,662.0370261708524,99842,104,69,110,44,38974,20670,0.5973838665090844,83,29,23001,23526,11748,6501,14952,19829,41450,29351,0,0,12696,10104,20247,3328,5794,638,93,0,0,214,38787,2337,5604,0,0,0,0,0
662,1056,663.1277898565156,99842,108,74,110,44,38996,20681,0.5977143887342,87,28,23046,23575,11691,6472,14956,19805,41488,29406,0,0,12656,10069,20276,3320,5814,638,94,0,0,223,38816,2325,5611,0,0,0,0,0
663,1056,664.2160909466922,99842,106,59,110,44,39013,20686,0.5979347368842771,88,39,23095,23634,11645,6464,14954,19758,41525,29461,0,0,12608,10028,20307,3318,5826,640,100,0,0,241,38840,2317,5617,0,0,0,0,0
664,1056,665.3020108748444,99842,114,63,110,44,39036,20696,0.5982652591093929,85,36,23122,23707,11606,6440,14961,19708,41562,29515,0,0,12557,9996,20334,3313,5834,643,108,0,0,248,38876,2309,5624,0,0,0,0,0
665,1056,666.3864869054166,99842,115,58,110,44,39058,20703,0.5985557180344945,82,36,23176,23763,11564,6422,14951,19675,41599,29569,0,0,12506,9961,20356,3312,5847,646,114,0,0,259,38910,2301,5630,0,0,0,0,0
666,1056,667.4688545848749,99842,112,64,110,44,39080,20714,0.5988862402596102,75,37,23233,23820,11527,6407,14941,19626,41635,29623,0,0,12454,9930,20372,3314,5857,649,116,0,0,269,38950,2290,5641,0,0,0,0,0
667,1056,668.008692351163,99842,113,71,110,44,39089,20722,0.5990565092846698,72,32,23237,23839,11497,6381,14969,19631,41671,29676,0,0,12410,9896,20403,3308,5864,652,117,0,0,273,38989,2287,5643,0,0,0,0,0
668,1056,669.0880186480955,99842,107,70,110,44,39105,20732,0.599316920734761,76,29,23291,23905,11443,6360,14971,19590,41707,29729,0,0,12364,9865,20424,3302,5879,654,118,0,0,292,39015,2280,5649,0,0,0,0,0
669,1056,670.1650446651323,99842,118,64,110,44,39130,20734,0.5995873480098556,67,38,23340,23985,11392,6326,14971,19541,41742,29782,0,0,12322,9831,20453,3294,5892,655,120,0,0,303,39044,2272,5656,0,0,0,0,0
670,1056,671.2395765064963,99842,102,62,110,44,39144,20746,0.5998477594599467,66,31,23397,24056,11349,6308,14974,19497,41777,29834,0,0,12278,9797,20475,3290,5908,660,123,0,0,321,39066,2264,5660,0,0,0,0,0
671,1056,672.3119168910206,99842,102,65,110,44,39164,20761,0.6001983133350695,61,30,23444,24107,11310,6291,14971,19461,41812,29886,0,0,12231,9767,20495,3284,5926,662,130,0,0,332,39095,2255,5665,0,0,0,0,0
672,1056,673.3819455753131,99842,112,63,110,44,39182,20766,0.60042867731015,58,34,23505,24165,11250,6266,14963,19426,41846,29938,0,0,12189,9725,20532,3283,5931,664,134,0,0,337,39128,2252,5667,0,0,0,0,0
673,1056,674.4493634142558,99842,108,62,110,44,39198,20773,0.6006590412852306,55,38,23574,24245,11204,6248,14947,19361,41880,29989,0,0,12151,9691,20560,3276,5943,669,139,0,0,346,39151,2243,5673,0,0,0,0,0
674,1056,675.5139657093305,99842,104,62,110,44,39206,20784,0.6008493419602973,64,35,23600,24290,11170,6238,14950,19329,41914,30040,0,0,12110,9656,20590,3272,5954,671,141,0,0,355,39181,2235,5677,0,0,0,0,0
675,1056,676.0451027529147,99842,103,60,110,44,39213,20788,0.6009595160353358,69,34,23606,24317,11142,6221,14968,19322,41948,30091,0,0,12066,9630,20614,3258,5971,672,142,0,0,363,39216,2233,5677,0,0,0,0,0
676,1056,677.1078029719109,99842,104,70,110,44,39223,20805,0.6012299433104304,76,29,23640,24376,11095,6200,14973,19279,41981,30141,0,0,12023,9602,20635,3250,5984,675,143,0,0,368,39253,2229,5680,0,0,0,0,0
677,1056,678.1687426217472,99842,108,64,110,44,39239,20813,0.6014703231105146,75,26,23694,24440,11055,6184,14956,19240,42014,30191,0,0,11975,9579,20650,3248,5995,678,146,0,0,377,39289,2217,5688,0,0,0,0,0
678,1056,679.2271554812556,99842,129,65,110,44,39269,20821,0.6018509244606478,62,23,23738,24491,11010,6166,14949,19209,42047,30241,0,0,11934,9551,20675,3238,6009,679,148,0,0,384,39321,2210,5693,0,0,0,0,0
679,1056,680.2836455026743,99842,120,61,110,44,39280,20829,0.6020412251357145,65,25,23779,24549,10976,6154,14948,19165,42079,30290,0,0,11887,9525,20692,3234,6024,682,153,0,0,394,39353,2201,5697,0,0,0,0,0
680,1056,681.3384887138188,99842,120,58,110,44,39297,20836,0.6022816049357985,65,34,23823,24610,10935,6128,14945,19124,42111,30339,0,0,11847,9495,20712,3235,6038,682,156,0,0,403,39381,2186,5707,0,0,0,0,0
681,1056,682.3915273125707,99842,124,57,110,44,39318,20844,0.6025720638609002,60,36,23875,24664,10894,6110,14935,19087,42143,30388,0,0,11806,9463,20736,3228,6054,683,158,0,0,416,39407,2183,5708,0,0,0,0,0
682,1056,683.4421400645379,99842,119,58,110,44,39333,20855,0.6028324753109914,67,32,23914,24730,10860,6091,14928,19043,42175,30436,0,0,11763,9438,20753,3221,6070,687,163,0,0,427,39434,2176,5710,0,0,0,0,0
683,1056,684.4910119489441,99842,132,51,110,44,39358,20863,0.603162997536107,64,34,23959,24795,10809,6079,14924,18995,42206,30484,0,0,11730,9412,20772,3209,6088,690,163,0,0,443,39451,2170,5714,0,0,0,0,0
684,1056,685.0145995206999,99842,137,49,110,44,39371,20866,0.6033232507361631,60,37,23978,24813,10773,6062,14940,18993,42237,30532,0,0,11697,9385,20791,3202,6101,692,162,0,0,448,39480,2160,5724,0,0,0,0,0
685,1056,686.0608077888166,99842,134,54,110,44,39390,20878,0.6036337413112718,60,32,24038,24876,10737,6042,14919,18950,42268,30579,0,0,11661,9360,20806,3190,6129,692,164,0,0,457,39505,2151,5727,0,0,0,0,0
686,1056,687.1041814430366,99842,134,56,110,44,39408,20886,0.6038941527613629,66,38,24085,24944,10697,6014,14906,18902,42298,30626,0,0,11622,9331,20832,3185,6139,694,165,0,0,470,39530,2145,5729,0,0,0,0,0
687,1056,688.1453249389469,99842,137,52,110,44,39432,20892,0.6041946275114681,61,44,24144,25016,10651,5991,14895,18851,42328,30673,0,0,11583,9301,20853,3183,6153,695,170,0,0,482,39552,2134,5736,0,0,0,0,0
688,1056,689.184217619954,99841,127,53,111,44,39448,20903,0.6044711090634108,71,45,24178,25072,10631,5974,14880,18810,42358,30720,0,0,11545,9271,20872,3182,6164,697,172,0,0,502,39568,2125,5743,0,0,0,0,0
689,1056,690.2213419479069,99841,126,66,111,44,39470,20921,0.6048717460762613,75,42,24225,25137,10594,5946,14867,18763,42388,30766,0,0,11502,9245,20891,3178,6176,701,179,0,0,509,39597,2117,5746,0,0,0,0,0
690,1056,691.256530304688,99841,147,71,111,44,39498,20931,0.6052523512384692,68,36,24259,25225,10548,5917,14865,18705,42417,30812,0,0,11462,9221,20912,3173,6185,702,180,0,0,515,39630,2111,5750,0,0,0,0,0
691,1056,692.2899074085036,99841,144,71,111,44,39513,20939,0.6054827175208581,69,37,24290,25290,10516,5900,14868,18656,42446,30858,0,0,11426,9196,20934,3158,6205,704,182,0,0,527,39652,2107,5750,0,0,0,0,0
692,1056,693.3219189130673,99841,148,70,111,44,39533,20950,0.6057932112058172,69,39,24351,25337,10471,5885,14848,18623,42475,30903,0,0,11391,9165,20961,3152,6217,705,184,0,0,544,39668,2102,5752,0,0,0,0,0
693,1056,694.3514922779001,99841,141,76,111,44,39548,20963,0.6060736571148125,78,42,24394,25400,10435,5859,14839,18577,42504,30948,0,0,11355,9130,20982,3147,6238,705,189,0,0,552,39691,2099,5753,0,0,0,0,0
694,1056,695.3791682038611,99841,146,71,111,44,39574,20968,0.6063841507997716,75,47,24426,25458,10407,5840,14833,18538,42532,30993,0,0,11308,9099,21003,3148,6247,708,197,0,0,561,39721,2097,5752,0,0,0,0,0
695,1056,696.4052240219406,99841,131,72,111,44,39587,20979,0.6066245330074819,80,46,24486,25530,10368,5825,14822,18481,42560,31038,0,0,11272,9067,21019,3149,6263,711,203,0,0,572,39740,2088,5757,0,0,0,0,0
696,1056,697.42930747218,99841,129,68,111,44,39609,20992,0.606975090393726,81,42,24513,25590,10348,5819,14816,18435,42588,31082,0,0,11230,9046,21030,3147,6276,714,211,0,0,588,39757,2074,5768,0,0,0,0,0
697,1056,698.4517064358776,99841,124,61,111,44,39628,21000,0.6072455203774001,81,47,24545,25639,10332,5809,14805,18398,42616,31126,0,0,11189,9025,21043,3138,6293,718,216,0,0,608,39773,2070,5768,0,0,0,0,0
698,1056,699.4732282891717,99841,138,67,111,44,39663,21012,0.6077162688674993,71,44,24574,25688,10307,5789,14797,18366,42643,31170,0,0,11154,9002,21054,3131,6313,720,219,0,0,615,39798,2061,5774,0,0,0,0,0
699,1056,700.4935183761507,99841,147,73,111,44,39688,21030,0.6081469536563135,79,42,24628,25726,10254,5780,14779,18333,42670,31213,0,0,11123,8971,21077,3124,6329,721,224,0,0,628,39811,2056,5777,0,0,0,0,0
700,1056,701.00267443244,99841,142,75,111,44,39695,21035,0.6082671447601686,79,38,24650,25737,10224,5766,14792,18338,42697,31256,0,0,11097,8939,21103,3114,6343,723,228,0,0,632,39829,2051,5782,0,0,0,0,0
701,1056,702.0198811520314,99841,139,70,111,44,39718,21043,0.6085776384451278,80,43,24685,25796,10196,5749,14787,18296,42724,31299,0,0,11062,8908,21120,3110,6356,729,235,0,0,645,39844,2046,5786,0,0,0,0,0
702,1056,703.0352117535632,99841,130,62,111,44,39735,21049,0.6088080047275167,77,44,24706,25845,10186,5739,14788,18264,42750,31342,0,0,11025,8882,21133,3109,6368,734,241,0,0,661,39859,2038,5791,0,0,0,0,0
703,1056,704.0497611163025,99841,132,64,111,44,39760,21061,0.6091785939644034,69,45,24760,25905,10154,5716,14772,18224,42776,31384,0,0,10988,8854,21156,3104,6377,737,244,0,0,677,39877,2034,5793,0,0,0,0,0
704,1056,705.0623705168367,99841,138,64,111,44,39784,21071,0.6095191354253263,71,48,24786,25957,10133,5695,14759,18190,42802,31426,0,0,10947,8832,21174,3101,6388,738,252,0,0,687,39900,2024,5798,0,0,0,0,0
705,1056,706.0736948037744,99841,131,71,111,44,39802,21087,0.6098596768862491,76,37,24825,26019,10103,5678,14752,18149,42828,31468,0,0,10907,8803,21195,3099,6398,741,257,0,0,701,39920,2022,5798,0,0,0,0,0
706,1056,707.0836216214673,99840,125,71,112,44,39821,21098,0.6101662660256411,75,32,24881,26077,10074,5659,14731,18115,42854,31509,0,0,10874,8776,21212,3091,6412,746,265,0,0,715,39930,2018,5801,0,0,0,0,0
707,1056,708.0916527669209,99840,136,70,112,44,39843,21105,0.6104567307692308,79,30,24926,26137,10028,5638,14717,18079,42879,31550,0,0,10836,8756,21225,3086,6425,748,268,0,0,720,39960,2013,5803,0,0,0,0,0
708,1056,709.0974039608809,99840,135,66,112,44,39866,21113,0.6107672275641025,80,31,24956,26176,10016,5627,14699,18054,42904,31591,0,0,10796,8736,21238,3083,6438,749,272,0,0,739,39977,2005,5807,0,0,0,0,0
709,1056,710.1017829618447,99840,128,68,112,44,39879,21122,0.6109875801282051,85,32,25008,26228,9983,5603,14682,18023,42929,31632,0,0,10763,8712,21252,3075,6455,751,276,0,0,748,39997,1999,5812,0,0,0,0,0
710,1056,711.104554747022,99840,127,56,112,44,39898,21128,0.6112379807692307,84,38,25041,26274,9969,5604,14665,17982,42954,31672,0,0,10726,8686,21264,3074,6472,752,282,0,0,763,40013,1993,5815,0,0,0,0,0
711,1056,712.1057070980014,99839,135,58,113,44,39928,21137,0.6116347319183886,73,40,25089,26338,9932,5589,14656,17929,42978,31712,0,0,10697,8659,21278,3069,6485,757,283,0,0,773,40031,1989,5818,0,0,0,0,0
712,1056,713.1050265112203,99839,142,59,113,44,39948,21145,0.611915183445347,84,41,25135,26401,9883,5573,14641,17880,43002,31752,0,0,10668,8636,21296,3063,6496,760,285,0,0,781,40050,1982,5822,0,0,0,0,0
713,1056,714.1024432231101,99839,133,64,113,44,39961,21159,0.6121856188463426,101,38,25178,26429,9850,5568,14623,17855,43026,31792,0,0,10635,8614,21310,3058,6509,763,292,0,0,794,40063,1974,5827,0,0,0,0,0
714,1056,715.0980681449953,99839,133,69,113,44,39978,21169,0.6124560542473382,102,37,25218,26490,9821,5549,14611,17809,43050,31831,0,0,10607,8584,21330,3059,6518,764,294,0,0,801,40082,1965,5835,0,0,0,0,0
715,1056,716.0917873092903,99839,142,77,113,44,40004,21185,0.6128767315377758,103,27,25275,26548,9794,5532,14571,17770,43074,31870,0,0,10575,8559,21350,3052,6528,769,297,0,0,808,40104,1961,5836,0,0,0,0,0
716,1056,717.0834733707669,99839,152,76,113,44,40028,21192,0.6131872314426227,99,31,25321,26612,9752,5514,14561,17721,43097,31909,0,0,10541,8539,21364,3047,6537,773,300,0,0,817,40126,1958,5837,0,0,0,0,0
717,1056,718.0732232831593,99839,144,74,113,44,40045,21200,0.6134376345916926,103,32,25370,26653,9728,5501,14540,17694,43120,31948,0,0,10500,8518,21374,3045,6549,776,306,0,0,830,40148,1954,5839,0,0,0,0,0
718,1056,719.0611037659377,99839,152,74,113,44,40073,21208,0.6137982151263535,87,36,25419,26720,9709,5478,14518,17646,43143,31986,0,0,10464,8499,21389,3040,6561,779,310,0,0,839,40170,1949,5839,0,0,0,0,0
719,1056,720.0472670330574,99839,149,74,113,44,40089,21217,0.6140486182754235,93,30,25456,26782,9678,5467,14509,17601,43166,32024,0,0,10429,8482,21396,3034,6578,781,313,0,0,851,40190,1945,5840,0,0,0,0,0
720,1056,721.0317767692718,99839,143,64,113,44,40107,21222,0.6142789891725678,96,36,25492,26826,9656,5464,14498,17564,43189,32062,0,0,10391,8466,21399,3028,6599,783,316,0,0,865,40211,1938,5843,0,0,0,0,0
721,1056,722.0147190758677,99839,145,59,113,44,40129,21230,0.6145794729514519,95,45,25519,26878,9635,5453,14491,17519,43212,32100,0,0,10355,8450,21408,3021,6612,786,320,0,0,881,40227,1931,5848,0,0,0,0,0
722,1056,723.48681343411,99839,142,66,113,44,40158,21246,0.6150301986197778,88,46,25586,26949,9607,5426,14462,17467,43234,32137,0,0,10324,8426,21420,3013,6638,787,324,0,0,895,40240,1928,5844,0,0,0,0,0
723,1056,724.4663607618157,99839,134,69,113,44,40170,21255,0.6152405372649966,96,48,25628,27005,9581,5413,14446,17419,43256,32174,0,0,10285,8415,21427,3012,6645,792,327,0,0,903,40267,1919,5847,0,0,0,0,0
724,1056,725.4441884888473,99839,144,69,113,44,40198,21265,0.615621150051583,89,48,25692,27044,9550,5401,14410,17392,43278,32211,0,0,10261,8391,21443,3008,6659,795,328,0,0,916,40277,1913,5848,0,0,0,0,0
725,1056,726.4199311881393,99839,149,69,113,44,40218,21274,0.6159116177045042,89,52,25749,27100,9512,5378,14386,17355,43300,32248,0,0,10236,8364,21464,3000,6673,796,330,0,0,929,40287,1911,5849,0,0,0,0,0
726,1056,727.3931781465195,99839,151,68,113,44,40239,21282,0.6162020853574255,90,51,25774,27140,9488,5363,14382,17332,43322,32284,0,0,10205,8341,21478,2997,6685,798,333,0,0,940,40304,1906,5852,0,0,0,0,0
727,1056,728.3653858135953,99839,159,71,113,44,40261,21295,0.6165526497661235,86,50,25806,27178,9463,5358,14371,17297,43343,32320,0,0,10176,8321,21493,2990,6700,798,337,0,0,951,40317,1901,5855,0,0,0,0,0
728,1056,729.3363162818061,99839,161,74,113,44,40282,21307,0.6168831819228958,101,51,25849,27218,9435,5350,14339,17261,43364,32356,0,0,10140,8308,21499,2980,6721,798,342,0,0,962,40337,1897,5855,0,0,0,0,0
729,1056,730.3055934595258,99839,162,73,113,44,40309,21317,0.6172537785835195,94,53,25891,27258,9420,5348,14318,17222,43385,32392,0,0,10105,8286,21511,2979,6733,801,349,0,0,975,40352,1891,5857,0,0,0,0,0
730,1056,731.2733232921718,99839,154,73,113,44,40325,21331,0.6175542623624035,97,48,25941,27306,9391,5347,14302,17180,43406,32428,0,0,10082,8260,21524,2972,6750,805,354,0,0,990,40355,1885,5862,0,0,0,0,0
731,1056,732.2391886370671,99839,153,70,113,44,40347,21342,0.6178847945191759,97,46,25989,27342,9367,5343,14279,17153,43427,32463,0,0,10048,8243,21529,2967,6768,806,359,0,0,1008,40366,1881,5864,0,0,0,0,0
732,1056,733.2032312396311,99839,154,73,113,44,40369,21354,0.6182253428019111,89,47,26042,27383,9342,5329,14258,17122,43448,32498,0,0,10019,8222,21542,2964,6776,810,361,0,0,1025,40376,1878,5866,0,0,0,0,0
733,1056,734.1655461686628,99839,150,75,113,44,40385,21365,0.6184957782029067,92,45,26075,27429,9321,5318,14247,17087,43468,32533,0,0,9996,8200,21554,2961,6786,814,364,0,0,1037,40384,1869,5874,0,0,0,0,0
734,1056,735.1265120717261,99839,156,77,113,44,40404,21374,0.6187762297298651,92,44,26107,27481,9294,5297,14236,17055,43488,32568,0,0,9970,8179,21572,2956,6796,814,365,0,0,1051,40395,1865,5876,0,0,0,0,0
735,1056,736.0862490089216,99839,161,76,113,44,40424,21384,0.619076713508749,87,46,26152,27520,9261,5289,14224,17023,43508,32602,0,0,9943,8159,21581,2951,6811,818,367,0,0,1058,40413,1862,5876,0,0,0,0,0
736,1056,737.0443287729339,99839,163,80,113,44,40445,21394,0.6193872134135959,93,45,26175,27566,9248,5266,14206,16997,43528,32636,0,0,9920,8135,21597,2948,6819,821,367,0,0,1073,40421,1859,5879,0,0,0,0,0
737,1056,738.0013010902869,99839,169,82,113,44,40475,21410,0.6198479552078847,80,41,26202,27613,9235,5261,14199,16957,43548,32670,0,0,9891,8114,21608,2944,6834,821,373,0,0,1094,40423,1854,5883,0,0,0,0,0
738,1056,739.4348385185926,99839,160,83,113,44,40507,21424,0.6203086970021735,89,40,26276,27702,9204,5235,14156,16894,43568,32704,0,0,9858,8090,21614,2938,6857,825,384,0,0,1110,40428,1851,5884,0,0,0,0,0
739,1056,740.388443643108,99839,156,83,113,44,40527,21435,0.6206191969070203,96,45,26304,27752,9191,5224,14138,16850,43587,32738,0,0,9833,8067,21628,2936,6869,828,386,0,0,1126,40435,1845,5886,0,0,0,0,0
740,1056,741.3409243345355,99838,153,76,114,44,40549,21443,0.6209258999579319,89,49,26350,27786,9180,5217,14112,16826,43606,32771,0,0,9802,8050,21638,2931,6880,831,389,0,0,1149,40440,1842,5886,0,0,0,0,0
741,1056,742.2918273024002,99838,136,80,114,44,40567,21459,0.6212664516516757,98,43,26391,27841,9162,5204,14097,16786,43625,32804,0,0,9775,8025,21650,2932,6893,834,395,0,0,1169,40440,1835,5890,0,0,0,0,0
742,1056,743.2411702167929,99838,135,86,114,44,40585,21473,0.6215869708928464,98,40,26436,27889,9138,5199,14077,16740,43644,32837,0,0,9745,8006,21662,2925,6906,836,399,0,0,1180,40455,1833,5891,0,0,0,0,0
743,1056,744.189104806113,99838,139,89,114,44,40606,21486,0.6219275225865902,93,33,26482,27937,9107,5188,14063,16707,43663,32870,0,0,9718,7985,21675,2924,6917,838,403,0,0,1190,40468,1827,5893,0,0,0,0,0
744,1056,745.1353930012325,99838,144,88,114,44,40630,21495,0.6222580580540475,87,32,26526,27989,9082,5179,14045,16666,43682,32903,0,0,9693,7961,21692,2921,6924,844,408,0,0,1200,40478,1824,5893,0,0,0,0,0
745,1056,746.0800943474499,99838,146,85,114,44,40650,21500,0.6225084637112122,83,38,26567,28026,9064,5169,14024,16636,43701,32935,0,0,9668,7936,21704,2920,6937,846,410,0,0,1209,40492,1823,5893,0,0,0,0,0
746,1056,747.0233757623921,99838,156,87,114,44,40671,21511,0.6228289829523829,88,38,26604,28074,9036,5149,14000,16606,43719,32967,0,0,9650,7914,21716,2914,6955,846,411,0,0,1215,40503,1817,5897,0,0,0,0,0
747,1056,748.4354420743434,99838,150,84,114,44,40695,21526,0.6232196157775597,91,42,26656,28150,9015,5141,13972,16537,43737,32999,0,0,9619,7894,21725,2913,6970,849,419,0,0,1234,40507,1810,5898,0,0,0,0,0
748,1056,749.3753480401741,99838,155,83,114,44,40725,21535,0.6236102486027364,88,42,26690,28188,8996,5127,13955,16514,43755,33031,0,0,9587,7875,21732,2913,6984,851,423,0,0,1241,40526,1803,5903,0,0,0,0,0
749,1056,750.314136545542,99838,151,86,114,44,40742,21546,0.6238907029387608,90,41,26713,28232,8984,5110,13946,16485,43773,33063,0,0,9558,7854,21743,2914,6994,853,427,0,0,1252,40540,1799,5904,0,0,0,0,0
750,1056,751.2519307457025,99838,166,82,114,44,40770,21554,0.6242512870850778,84,43,26736,28280,8960,5103,13938,16446,43791,33094,0,0,9539,7833,21759,2908,7006,855,429,0,0,1266,40543,1795,5905,0,0,0,0,0
751,1056,752.1889278231831,99838,165,73,114,44,40785,21559,0.6244516116108095,89,48,26790,28316,8927,5099,13913,16418,43809,33125,0,0,9518,7812,21776,2908,7008,859,431,0,0,1284,40544,1787,5911,0,0,0,0,0
752,1056,753.1243238593556,99838,170,74,114,44,40803,21570,0.6247420821731204,90,53,26847,28368,8886,5088,13891,16371,43827,33156,0,0,9499,7787,21795,2906,7016,862,433,0,0,1294,40551,1783,5912,0,0,0,0,0
753,1056,754.0574495475181,99838,167,84,114,44,40821,21587,0.625092650093151,83,45,26893,28407,8864,5073,13877,16345,43844,33187,0,0,9478,7766,21808,2904,7024,867,437,0,0,1303,40559,1777,5915,0,0,0,0,0
754,1056,755.4542894279647,99838,176,92,114,44,40866,21605,0.6257236723492057,83,44,26937,28458,8849,5066,13839,16294,43861,33218,0,0,9451,7748,21808,2904,7045,870,439,0,0,1317,40568,1771,5917,0,0,0,0,0
755,1056,756.3842090514648,99838,172,89,114,44,40890,21611,0.6260241591378033,82,46,26959,28502,8843,5056,13828,16261,43878,33248,0,0,9422,7727,21816,2907,7055,873,442,0,0,1331,40579,1768,5918,0,0,0,0,0
756,1056,757.3132541185045,99837,162,85,115,44,40905,21624,0.626310886745395,78,48,26994,28546,8832,5051,13817,16224,43895,33278,0,0,9401,7705,21824,2909,7072,875,445,0,0,1344,40583,1757,5922,0,0,0,0,0
757,1056,758.2413035125329,99837,157,85,115,44,40926,21636,0.6266414255236035,70,52,27018,28595,8823,5040,13815,16182,43912,33308,0,0,9370,7692,21831,2907,7081,880,448,0,0,1361,40594,1752,5921,0,0,0,0,0
758,1056,759.1685086986196,99837,151,90,115,44,40941,21653,0.6269619479751996,80,51,27056,28633,8805,5033,13791,16147,43929,33338,0,0,9347,7669,21844,2906,7090,886,454,0,0,1370,40601,1749,5921,0,0,0,0,0
759,1056,760.0945510757108,99836,151,99,116,44,40963,21667,0.6273288192635923,74,49,27104,28666,8785,5023,13768,16117,43946,33368,0,0,9319,7655,21850,2902,7101,888,456,0,0,1381,40615,1744,5925,0,0,0,0,0
760,1056,761.0191740669464,99836,144,95,116,44,40974,21675,0.6275191313754558,82,48,27142,28719,8757,5014,13757,16078,43962,33397,0,0,9292,7641,21854,2898,7114,890,459,0,0,1394,40626,1740,5928,0,0,0,0,0
761,1056,762.403304917976,99836,146,96,116,44,41005,21691,0.6279899034416443,75,45,27202,28800,8744,4999,13715,16014,43978,33426,0,0,9262,7624,21859,2894,7132,892,466,0,0,1410,40632,1737,5928,0,0,0,0,0
762,1056,763.3243576543344,99836,146,95,116,44,41023,21703,0.6282903962498497,77,41,27234,28835,8729,4997,13696,15986,43994,33455,0,0,9234,7609,21863,2892,7144,894,469,0,0,1424,40643,1734,5930,0,0,0,0,0
763,1056,764.2443252608281,99836,156,92,116,44,41042,21711,0.6285608397772346,80,44,27257,28882,8706,4990,13683,15946,44010,33484,0,0,9208,7594,21871,2888,7156,895,473,0,0,1431,40658,1731,5931,0,0,0,0,0
764,1056,765.1635644960716,99836,159,89,116,44,41063,21719,0.6288513161585,78,44,27294,28924,8688,4978,13663,15919,44026,33513,0,0,9191,7571,21884,2885,7171,895,474,0,0,1447,40658,1728,5932,0,0,0,0,0
765,1056,766.0815095795243,99836,159,82,116,44,41081,21725,0.6290917104050643,83,40,27334,28968,8668,4967,13638,15897,44042,33542,0,0,9172,7546,21900,2886,7179,897,476,0,0,1462,40660,1724,5934,0,0,0,0,0
766,1056,767.4558972960067,99836,151,77,116,44,41107,21732,0.6294222524940903,80,56,27405,29033,8652,4953,13594,15835,44058,33570,0,0,9151,7529,21903,2881,7202,898,479,0,0,1481,40657,1718,5937,0,0,0,0,0
767,1056,768.3701533499101,99836,151,87,116,44,41121,21749,0.629732761729236,77,47,27449,29092,8631,4941,13574,15787,44074,33598,0,0,9126,7511,21912,2881,7211,899,480,0,0,1490,40672,1716,5938,0,0,0,0,0
768,1056,769.2830348109657,99836,153,82,116,44,41140,21759,0.6300232381105012,76,40,27488,29138,8616,4934,13549,15760,44089,33626,0,0,9104,7490,21917,2885,7223,901,482,0,0,1501,40681,1711,5941,0,0,0,0,0
769,1056,770.1946341290045,99836,149,82,116,44,41156,21770,0.6302936816378861,81,38,27527,29186,8598,4920,13527,15728,44104,33654,0,0,9078,7475,21919,2882,7239,903,485,0,0,1510,40695,1707,5943,0,0,0,0,0
770,1056,771.1048946317949,99836,151,77,116,44,41177,21779,0.6305941744460916,80,36,27581,29231,8568,4918,13502,15692,44119,33682,0,0,9053,7460,21923,2878,7255,904,489,0,0,1523,40702,1703,5946,0,0,0,0,0
771,1056,772.0135338136198,99836,150,79,116,44,41194,21792,0.630894667254297,86,35,27604,29269,8550,4916,13492,15655,44134,33710,0,0,9027,7448,21923,2872,7273,905,493,0,0,1534,40713,1700,5948,0,0,0,0,0
772,1056,773.3746520566502,99836,149,62,116,44,41213,21799,0.6311550943547418,89,40,27658,29338,8522,4921,13464,15593,44149,33737,0,0,9005,7430,21928,2871,7287,907,496,0,0,1558,40708,1696,5950,0,0,0,0,0
773,1056,774.2806153367796,99836,155,61,116,44,41235,21807,0.6314555871629473,85,39,27688,29371,8502,4915,13452,15568,44164,33764,0,0,8988,7409,21941,2870,7299,908,495,0,0,1570,40713,1694,5949,0,0,0,0,0
774,1056,775.1854686597425,99836,155,61,116,44,41254,21814,0.631716014263392,79,42,27742,29407,8473,4905,13433,15539,44179,33791,0,0,8974,7387,21953,2868,7312,910,497,0,0,1581,40714,1690,5950,0,0,0,0,0
775,1056,776.0890071506909,99835,158,50,116,45,41273,21817,0.6319427054640157,78,47,27765,29448,8450,4903,13431,15505,44194,33818,0,0,8950,7380,21950,2861,7329,914,502,0,0,1590,40724,1684,5951,0,0,0,0,0
776,1056,777.4421946658301,99835,140,53,116,45,41295,21833,0.6323233335002755,88,43,27831,29505,8429,4896,13394,15456,44209,33845,0,0,8924,7362,21955,2865,7341,917,507,0,0,1614,40720,1676,5954,0,0,0,0,0
777,1056,778.3426097386331,99835,149,51,116,45,41326,21838,0.6326839284819953,70,43,27875,29552,8416,4887,13372,15420,44223,33872,0,0,8913,7332,21973,2865,7348,922,510,0,0,1624,40718,1674,5956,0,0,0,0,0
778,1056,779.2418094324851,99835,144,54,116,45,41346,21849,0.6329944408273651,66,35,27905,29620,8411,4872,13356,15372,44237,33898,0,0,8893,7314,21979,2863,7362,924,513,0,0,1636,40723,1669,5959,0,0,0,0,0
779,1056,780.1400937412478,99834,139,55,117,45,41366,21856,0.6332712302422021,67,37,27933,29666,8395,4856,13347,15339,44251,33924,0,0,8879,7294,21989,2860,7379,925,514,0,0,1647,40723,1664,5960,0,0,0,0,0
780,1056,781.0374550228864,99834,147,57,117,45,41385,21864,0.6335416791874512,70,32,27960,29704,8371,4851,13333,15309,44265,33950,0,0,8857,7284,21996,2857,7388,926,516,0,0,1653,40735,1658,5964,0,0,0,0,0
781,1056,782.3815753193969,99834,143,60,117,45,41410,21875,0.6339022777811166,70,35,28023,29783,8352,4826,13293,15249,44279,33976,0,0,8837,7267,22005,2857,7394,931,520,0,0,1672,40732,1655,5964,0,0,0,0,0
782,1056,783.2759724232386,99834,141,56,117,45,41428,21882,0.6341526934711621,64,39,28060,29825,8335,4815,13281,15218,44293,34002,0,0,8819,7254,22009,2853,7407,935,520,0,0,1685,40735,1652,5965,0,0,0,0,0
783,1056,784.1692434657263,99834,134,61,117,45,41443,21894,0.6344231424164113,67,36,28099,29865,8318,4807,13263,15184,44307,34028,0,0,8800,7242,22016,2851,7413,939,522,0,0,1702,40735,1645,5969,0,0,0,0,0
784,1056,785.0613575993036,99834,134,63,117,45,41461,21902,0.6346835747340586,68,35,28137,29897,8302,4798,13240,15160,44321,34053,0,0,8780,7226,22023,2844,7429,940,525,0,0,1710,40744,1644,5969,0,0,0,0,0
785,1056,786.3971730933758,99834,132,68,117,45,41486,21916,0.6350742232105295,60,30,28206,29964,8277,4785,13206,15106,44335,34078,0,0,8750,7219,22017,2843,7448,941,527,0,0,1723,40758,1641,5967,0,0,0,0,0
786,1056,787.2858855526692,99834,121,68,117,45,41494,21922,0.6352144559969549,68,45,28228,29988,8268,4780,13196,15072,44349,34103,0,0,8731,7201,22024,2844,7457,943,529,0,0,1732,40765,1637,5971,0,0,0,0,0
787,1056,788.1739940982861,99834,115,70,117,45,41501,21933,0.6353947552937876,85,41,28246,30037,8256,4766,13179,15039,44362,34128,0,0,8707,7193,22026,2841,7465,944,530,0,0,1745,40775,1632,5976,0,0,0,0,0
788,1056,789.061282645278,99834,116,77,117,45,41517,21945,0.6356752208666386,84,38,28275,30078,8240,4753,13166,15007,44375,34153,0,0,8695,7179,22035,2835,7474,947,528,0,0,1757,40777,1627,5980,0,0,0,0,0
789,1056,790.3905190034999,99834,120,79,117,45,41542,21959,0.6360658693431096,87,45,28326,30130,8220,4747,13128,14952,44388,34178,0,0,8672,7162,22042,2835,7486,947,534,0,0,1772,40779,1623,5982,0,0,0,0,0
790,1056,791.2753807863667,99834,128,79,117,45,41563,21965,0.6363363182883587,82,44,28358,30176,8207,4738,13106,14916,44401,34203,0,0,8658,7146,22052,2834,7495,948,530,0,0,1785,40784,1620,5982,0,0,0,0,0
791,1056,792.15907963615,99834,134,83,117,45,41580,21973,0.6365867339784042,88,43,28389,30208,8186,4732,13084,14887,44414,34227,0,0,8638,7138,22055,2830,7505,949,529,0,0,1793,40797,1616,5984,0,0,0,0,0
792,1056,793.0418130636234,99834,131,81,117,45,41591,21980,0.6367670332752369,94,40,28420,30251,8169,4722,13067,14859,44427,34251,0,0,8618,7121,22066,2831,7510,951,530,0,0,1803,40805,1613,5986,0,0,0,0,0
793,1056,794.3636952317543,99834,138,86,117,45,41623,21996,0.6372478314001242,84,42,28485,30333,8148,4715,13026,14777,44440,34275,0,0,8596,7109,22065,2827,7529,953,530,0,0,1816,40811,1613,5985,0,0,0,0,0
794,1056,795.2432861709433,99834,143,89,117,45,41647,22007,0.6375984133661878,82,41,28536,30366,8118,4706,13002,14751,44453,34299,0,0,8574,7097,22066,2822,7546,955,536,0,0,1821,40822,1610,5985,0,0,0,0,0
795,1056,796.1215585580762,99834,145,79,117,45,41665,22009,0.6377987459182243,80,49,28565,30413,8105,4693,12986,14719,44466,34323,0,0,8552,7085,22073,2817,7557,957,540,0,0,1833,40827,1607,5986,0,0,0,0,0
796,1056,797.4367751038781,99834,139,73,117,45,41688,22020,0.6381393112566861,95,55,28619,30470,8088,4689,12940,14666,44479,34347,0,0,8528,7073,22071,2814,7576,961,546,0,0,1848,40829,1604,5984,0,0,0,0,0
797,1056,798.312128181185,99834,147,79,117,45,41715,22034,0.6385499929883607,87,54,28645,30510,8075,4684,12927,14626,44492,34371,0,0,8504,7059,22078,2815,7582,963,551,0,0,1858,40837,1599,5988,0,0,0,0,0
798,1056,799.1866333674493,99834,145,79,117,45,41730,22046,0.6388204419336098,84,57,28670,30553,8065,4681,12917,14583,44504,34394,0,0,8486,7038,22082,2817,7597,964,554,0,0,1865,40845,1598,5988,0,0,0,0,0
799,1056,800.0603313387105,99834,149,83,117,45,41756,22059,0.6392110904100807,85,53,28696,30595,8051,4674,12900,14548,44516,34417,0,0,8472,7023,22090,2810,7611,968,556,0,0,1878,40844,1596,5986,0,0,0,0,0
800,1056,801.3691766714098,99834,154,87,117,45,41789,22083,0.6397820381833844,80,44,28776,30657,8026,4665,12845,14500,44528,34440,0,0,8450,7011,22088,2808,7626,973,563,0,0,1897,40840,1591,5987,0,0,0,0,0
801,1056,802.2398630661598,99834,147,93,117,45,41804,22096,0.6400625037562353,84,45,28803,30709,8015,4655,12832,14451,44540,34463,0,0,8430,6994,22094,2808,7639,973,564,0,0,1908,40847,1589,5988,0,0,0,0,0
802,1056,803.1096457538758,99834,148,87,117,45,41820,22104,0.640302902818679,83,49,28834,30751,8003,4656,12813,14410,44552,34486,0,0,8406,6984,22097,2804,7651,975,571,0,0,1918,40854,1585,5989,0,0,0,0,0
803,1056,804.4124624902049,99834,135,92,117,45,41843,22121,0.6407035679227517,80,49,28891,30824,7997,4637,12778,14351,44564,34509,0,0,8386,6970,22094,2803,7673,977,576,0,0,1933,40853,1578,5991,0,0,0,0,0
804,1056,805.2796641826345,99834,126,93,117,45,41854,22128,0.6408838672195845,83,51,28937,30861,7980,4633,12755,14315,44576,34532,0,0,8364,6961,22095,2802,7682,978,580,0,0,1945,40859,1572,5996,0,0,0,0,0
805,1056,806.1455933185244,99834,123,92,117,45,41873,22139,0.6411843660476391,70,54,28983,30901,7975,4631,12730,14275,44588,34554,0,0,8347,6946,22099,2800,7698,979,581,0,0,1959,40861,1569,5995,0,0,0,0,0
806,1056,807.0103175592675,99834,115,85,117,45,41887,22146,0.6413947152272773,71,58,29028,30954,7959,4628,12708,14228,44600,34576,0,0,8328,6931,22106,2802,7705,982,583,0,0,1978,40858,1566,5995,0,0,0,0,0
807,1056,808.3050159464964,99834,114,95,117,45,41912,22167,0.6418554800969609,82,47,29084,31043,7942,4607,12659,14161,44612,34598,0,0,8313,6919,22105,2799,7722,984,586,0,0,1994,40854,1559,5999,0,0,0,0,0
808,1056,809.1666410403179,99834,121,92,117,45,41928,22174,0.6420858625318028,79,48,29118,31087,7913,4601,12650,14125,44624,34620,0,0,8294,6910,22112,2794,7729,986,585,0,0,2007,40861,1558,5998,0,0,0,0,0
809,1056,810.0272586030936,99834,128,88,117,45,41951,22180,0.6423763447322556,73,51,29149,31119,7899,4594,12632,14101,44635,34642,0,0,8277,6895,22117,2793,7742,986,589,0,0,2016,40864,1554,6001,0,0,0,0,0
810,1056,811.3162547840379,99834,133,92,117,45,41976,22195,0.6427770098363284,63,52,29216,31180,7880,4580,12589,14049,44646,34664,0,0,8254,6887,22117,2791,7752,989,590,0,0,2030,40872,1551,6001,0,0,0,0,0
811,1056,812.1740277599314,99834,127,95,117,45,41992,22205,0.6430374421539756,71,47,29241,31233,7870,4567,12572,14011,44657,34686,0,0,8232,6879,22118,2787,7761,995,592,0,0,2037,40884,1548,6001,0,0,0,0,0
812,1056,813.0309855805401,99834,126,100,117,45,42006,22220,0.6433279243544283,71,36,29260,31271,7868,4568,12556,13978,44668,34708,0,0,8218,6864,22129,2783,7767,999,593,0,0,2048,40885,1545,6003,0,0,0,0,0
813,1056,814.3150179830997,99833,117,94,118,45,42022,22239,0.6436849538729679,68,36,29326,31329,7853,4570,12516,13924,44679,34729,0,0,8200,6845,22129,2787,7778,1004,596,0,0,2069,40879,1544,6002,0,0,0,0,0
814,1056,815.1697250477623,99833,104,86,118,45,42031,22244,0.643825188064067,69,41,29378,31381,7837,4563,12492,13882,44690,34750,0,0,8188,6826,22136,2788,7790,1006,600,0,0,2082,40873,1538,6006,0,0,0,0,0
815,1056,816.0231964567167,99833,107,81,118,45,42049,22247,0.6440355393507157,68,45,29417,31420,7819,4555,12469,13852,44701,34771,0,0,8174,6811,22144,2788,7802,1006,603,0,0,2089,40876,1532,6008,0,0,0,0,0
816,1056,817.3009567607676,99833,120,77,118,45,42074,22256,0.6443761081005279,54,51,29480,31473,7787,4548,12439,13804,44712,34792,0,0,8155,6801,22147,2787,7808,1009,604,0,0,2102,40881,1529,6010,0,0,0,0,0
817,1056,818.1512253083225,99833,120,80,118,45,42090,22266,0.6446365430268548,55,48,29525,31507,7767,4540,12413,13778,44723,34813,0,0,8137,6792,22148,2784,7819,1011,604,0,0,2111,40888,1527,6012,0,0,0,0,0
818,1056,819.0002903924154,99833,127,83,118,45,42104,22276,0.6448769444973105,57,54,29557,31537,7747,4533,12392,13746,44734,34834,0,0,8126,6775,22157,2783,7827,1012,603,0,0,2116,40895,1525,6014,0,0,0,0,0
819,1056,820.2720049557236,99833,127,98,118,45,42128,22300,0.6453577474382218,60,44,29599,31599,7731,4512,12363,13700,44745,34855,0,0,8107,6759,22161,2782,7840,1014,608,0,0,2127,40898,1523,6014,0,0,0,0,0
820,1056,821.1186812128068,99833,128,95,118,45,42143,22306,0.6455680987248705,69,47,29625,31639,7716,4505,12342,13667,44756,34876,0,0,8087,6748,22168,2780,7848,1015,611,0,0,2136,40905,1519,6016,0,0,0,0,0
821,1056,822.3870708433045,99833,114,99,118,45,42165,22326,0.6459888012981679,78,37,29685,31699,7720,4500,12283,13618,44767,34896,0,0,8066,6731,22171,2783,7866,1016,614,0,0,2160,40898,1519,6009,0,0,0,0,0
822,1056,823.2311873018259,99832,120,100,118,46,42183,22333,0.6462456927638432,74,38,29716,31726,7700,4490,12270,13598,44778,34916,0,0,8049,6723,22172,2778,7876,1018,616,0,0,2166,40907,1516,6011,0,0,0,0,0
823,1056,824.0744083325181,99832,122,98,118,46,42202,22344,0.6465461976119882,68,36,29754,31749,7677,4490,12259,13579,44788,34936,0,0,8035,6714,22170,2775,7886,1023,617,0,0,2180,40906,1513,6013,0,0,0,0,0
824,1056,825.3373573151497,99832,118,100,118,46,42224,22359,0.6469168202580335,60,44,29810,31807,7660,4485,12232,13516,44798,34956,0,0,8014,6699,22171,2778,7897,1023,622,0,0,2197,40905,1510,6016,0,0,0,0,0
825,1056,826.1780780032022,99832,124,98,118,46,42237,22363,0.647087106338649,64,48,29833,31827,7648,4481,12211,13498,44808,34976,0,0,7997,6692,22174,2772,7908,1023,622,0,0,2204,40914,1510,6016,0,0,0,0,0
826,1056,827.0180470615888,99832,117,92,118,46,42246,22367,0.6472173251061784,71,56,29863,31868,7636,4474,12193,13462,44818,34996,0,0,7980,6682,22175,2771,7919,1023,623,0,0,2217,40917,1505,6020,0,0,0,0,0
827,1056,828.2764881885034,99832,117,89,118,46,42271,22383,0.6476280150653098,64,53,29906,31923,7634,4468,12159,13419,44828,35016,0,0,7963,6662,22183,2775,7930,1025,628,0,0,2236,40909,1503,6018,0,0,0,0,0
828,1056,829.1145053461075,99832,112,87,118,46,42284,22393,0.6478584021155541,65,52,29930,31954,7627,4467,12146,13392,44838,35036,0,0,7942,6655,22181,2773,7943,1026,629,0,0,2248,40916,1499,6020,0,0,0,0,0
829,1056,830.3703244746788,99832,120,84,118,46,42306,22406,0.6482089911050565,60,50,29973,32015,7610,4465,12117,13338,44848,35056,0,0,7919,6642,22185,2776,7951,1026,635,0,0,2261,40920,1496,6021,0,0,0,0,0
830,1056,831.2065013403495,99832,127,82,118,46,42322,22413,0.648439378155301,64,51,29995,32039,7595,4466,12099,13314,44858,35075,0,0,7900,6635,22184,2771,7964,1027,639,0,0,2265,40931,1494,6022,0,0,0,0,0
831,1056,832.0420670729021,99831,128,80,118,47,42336,22420,0.6486562290270558,66,51,30025,32077,7577,4455,12084,13288,44868,35094,0,0,7891,6621,22191,2769,7975,1027,638,0,0,2276,40928,1490,6025,0,0,0,0,0
832,1056,833.2936626090847,99831,125,87,118,47,42354,22443,0.6490669231000391,66,39,30071,32124,7569,4449,12049,13252,44878,35113,0,0,7869,6612,22191,2767,7988,1030,643,0,0,2289,40932,1487,6023,0,0,0,0,0
833,1056,834.1270811054991,99831,131,87,118,47,42370,22449,0.6492872955294448,65,37,30104,32152,7542,4445,12038,13230,44888,35132,0,0,7852,6598,22200,2768,7993,1031,647,0,0,2293,40940,1485,6024,0,0,0,0,0
834,1056,835.3753523599415,99830,133,82,118,48,42388,22462,0.6496043273565061,69,34,30156,32203,7511,4440,12011,13191,44898,35151,0,0,7835,6586,22203,2768,8001,1035,650,0,0,2306,40940,1481,6025,0,0,0,0,0
835,1056,836.206286137368,99830,127,83,118,48,42401,22475,0.6498647701091856,74,35,30183,32231,7503,4435,11993,13166,44908,35170,0,0,7817,6578,22199,2767,8014,1037,651,0,0,2320,40943,1478,6026,0,0,0,0,0
836,1056,837.0365816090332,99830,135,85,118,48,42420,22484,0.6501452469197636,71,34,30201,32275,7492,4424,11981,13132,44918,35189,0,0,7799,6567,22202,2769,8021,1039,652,0,0,2325,40955,1476,6025,0,0,0,0,0
837,1056,838.280702932878,99830,131,87,118,48,42442,22501,0.6505359110487829,71,29,30247,32334,7478,4414,11953,13086,44927,35208,0,0,7786,6552,22207,2768,8033,1041,654,0,0,2349,40942,1475,6023,0,0,0,0,0
838,1056,839.1091974366441,99830,123,80,118,48,42451,22509,0.6507062005409195,78,30,30282,32384,7464,4414,11933,13042,44936,35227,0,0,7775,6539,22208,2764,8055,1041,655,0,0,2360,40941,1473,6019,0,0,0,0,0
839,1056,840.3503161545021,99830,131,82,118,48,42475,22522,0.6510768306120405,76,25,30340,32452,7443,4399,11890,12992,44945,35245,0,0,7758,6529,22208,2766,8062,1044,656,0,0,2372,40945,1471,6019,0,0,0,0,0
840,1056,841.1763013021217,99830,137,80,118,48,42496,22529,0.6513573074226184,69,28,30381,32482,7422,4395,11871,12965,44954,35263,0,0,7747,6523,22210,2762,8071,1046,654,0,0,2388,40942,1466,6021,0,0,0,0,0
841,1056,842.0011354043162,99830,132,78,118,48,42509,22535,0.6515476309726536,77,26,30411,32507,7409,4390,11851,12949,44963,35281,0,0,7734,6512,22214,2758,8085,1046,655,0,0,2402,40939,1466,6019,0,0,0,0,0
842,1056,843.2364887524119,99830,131,63,118,48,42531,22542,0.6518381248121807,74,27,30488,32561,7389,4393,11798,12906,44972,35299,0,0,7721,6502,22210,2753,8105,1050,658,0,0,2419,40930,1464,6018,0,0,0,0,0
843,1056,844.0584205256692,99830,123,65,118,48,42540,22548,0.6519883802464189,77,26,30519,32602,7387,4381,11774,12876,44981,35317,0,0,7709,6485,22219,2755,8111,1051,659,0,0,2428,40932,1463,6018,0,0,0,0,0
844,1056,845.2900651717008,99830,123,68,118,48,42564,22562,0.652369027346489,74,22,30552,32666,7381,4371,11750,12823,44990,35335,0,0,7689,6476,22225,2755,8116,1056,665,0,0,2442,40932,1459,6015,0,0,0,0,0
845,1056,846.110421507817,99830,122,66,118,48,42576,22566,0.6525292998096764,71,19,30557,32684,7381,4366,11749,12815,44999,35353,0,0,7675,6467,22229,2752,8126,1057,666,0,0,2452,40935,1458,6013,0,0,0,0,0
846,1056,847.0708911568912,99830,126,58,118,48,42603,22571,0.6528498447360512,65,23,30611,32733,7370,4361,11708,12775,45008,35371,0,0,7660,6455,22231,2753,8133,1063,665,0,0,2466,40935,1457,6012,0,0,0,0,0
847,1056,848.298905269742,99830,124,57,118,48,42614,22579,0.6530401682860864,72,23,30655,32802,7348,4352,11681,12716,45017,35389,0,0,7650,6445,22236,2748,8145,1063,663,0,0,2480,40933,1455,6012,0,0,0,0,0
848,1056,849.1164778267067,99829,124,56,119,48,42630,22583,0.653247052459706,73,25,30689,32837,7331,4344,11662,12688,45026,35407,0,0,7639,6432,22242,2744,8153,1066,665,0,0,2488,40933,1454,6013,0,0,0,0,0
849,1056,850.3411224725364,99829,121,58,119,48,42647,22589,0.6534774464334011,75,27,30761,32880,7310,4323,11612,12662,45035,35424,0,0,7629,6417,22248,2745,8160,1069,665,0,0,2497,40934,1451,6014,0,0,0,0,0
850,1056,851.1559838135674,99829,125,58,119,48,42660,22594,0.6536577547606407,73,25,30798,32915,7293,4315,11590,12637,45044,35441,0,0,7615,6406,22257,2740,8168,1069,668,0,0,2502,40939,1450,6015,0,0,0,0,0
851,1056,852.3764587045468,99829,122,55,119,48,42685,22600,0.6539682857686644,69,27,30843,32978,7281,4306,11564,12584,45053,35458,0,0,7602,6396,22255,2742,8178,1075,668,0,0,2515,40938,1446,6014,0,0,0,0,0
852,1056,853.18909479977,99828,125,56,120,48,42698,22607,0.6541751813118564,72,26,30880,33014,7262,4298,11539,12556,45062,35475,0,0,7593,6389,22258,2739,8182,1079,667,0,0,2524,40938,1442,6017,0,0,0,0,0
853,1056,854.0009294703084,99828,117,57,120,48,42712,22612,0.6543655086749208,74,26,30917,33047,7262,4288,11508,12532,45071,35492,0,0,7574,6383,22256,2736,8194,1080,675,0,0,2532,40941,1437,6020,0,0,0,0,0
854,1056,855.216856870473,99827,112,57,120,49,42728,22621,0.654622496919671,76,23,30954,33090,7258,4279,11478,12500,45080,35509,0,0,7559,6374,22256,2736,8201,1084,676,0,0,2545,40941,1434,6021,0,0,0,0,0
855,1056,856.0266272868905,99827,118,59,120,49,42743,22627,0.6548328608492693,74,23,30968,33124,7248,4270,11470,12473,45088,35526,0,0,7548,6364,22263,2733,8210,1084,676,0,0,2551,40945,1433,6020,0,0,0,0,0
856,1056,857.2404180404444,99827,117,55,120,49,42766,22636,0.655153415408657,75,25,31015,33185,7240,4263,11431,12421,45096,35543,0,0,7531,6353,22262,2734,8223,1086,678,0,0,2560,40949,1429,6022,0,0,0,0,0
857,1056,858.0486213440455,99827,112,52,120,49,42780,22639,0.6553237100183317,74,22,31049,33214,7235,4262,11408,12399,45104,35560,0,0,7521,6340,22272,2729,8231,1091,681,0,0,2565,40948,1428,6021,0,0,0,0,0
858,1056,859.2594350163236,99827,106,52,120,49,42796,22646,0.6555541086078917,72,23,31092,33277,7222,4240,11386,12357,45112,35577,0,0,7505,6333,22271,2725,8243,1093,686,0,0,2577,40947,1425,6022,0,0,0,0,0
859,1056,860.0656824327397,99827,114,44,120,49,42813,22648,0.6557444378775281,64,22,31124,33314,7209,4234,11367,12335,45120,35594,0,0,7495,6325,22274,2723,8248,1096,684,0,0,2589,40946,1423,6024,0,0,0,0,0
860,1056,861.2735396659381,99827,121,43,120,49,42836,22654,0.6560349404469733,52,24,31169,33363,7200,4225,11336,12294,45128,35610,0,0,7484,6312,22284,2720,8252,1098,687,0,0,2603,40940,1422,6025,0,0,0,0,0
861,1056,862.0778878641321,99827,112,42,120,49,42846,22660,0.6561952177266671,60,20,31200,33409,7187,4212,11319,12266,45136,35626,0,0,7470,6304,22282,2717,8266,1099,692,0,0,2611,40941,1418,6027,0,0,0,0,0
862,1056,863.02069311615,99827,111,41,120,49,42860,22664,0.6563755296663227,58,20,31249,33439,7170,4204,11290,12245,45144,35642,0,0,7450,6297,22286,2717,8275,1099,696,0,0,2614,40951,1416,6026,0,0,0,0,0
863,1056,864.397083305984,99827,117,44,120,49,42884,22673,0.6567061015556913,56,22,31295,33501,7158,4189,11252,12193,45152,35658,0,0,7435,6290,22284,2714,8285,1102,698,0,0,2624,40954,1416,6025,0,0,0,0,0
864,1056,865.1982947666164,99827,120,40,120,49,42901,22676,0.6569064481553086,50,29,31328,33537,7147,4181,11233,12162,45160,35674,0,0,7422,6284,22284,2711,8296,1104,698,0,0,2632,40959,1413,6024,0,0,0,0,0
865,1056,866.3984609670182,99827,110,40,120,49,42910,22685,0.6570867600949643,56,26,31372,33595,7138,4177,11202,12111,45168,35690,0,0,7410,6274,22284,2712,8308,1107,698,0,0,2639,40961,1411,6023,0,0,0,0,0
866,1056,867.197684318349,99827,115,44,120,49,42922,22695,0.6573071413545434,56,24,31397,33629,7118,4169,11192,12083,45176,35706,0,0,7395,6267,22291,2711,8311,1107,703,0,0,2645,40965,1406,6026,0,0,0,0,0
867,1056,868.3953127837382,99827,114,44,120,49,42944,22698,0.657557574604065,60,26,31431,33685,7106,4152,11167,12042,45184,35722,0,0,7385,6254,22295,2716,8316,1110,703,0,0,2656,40964,1401,6027,0,0,0,0,0
868,1056,869.1929338424613,99827,102,43,120,49,42952,22700,0.6576577479038737,65,31,31450,33710,7104,4146,11157,12019,45192,35738,0,0,7376,6241,22302,2714,8318,1117,706,0,0,2663,40963,1399,6028,0,0,0,0,0
869,1056,870.3884115274318,99827,110,39,120,49,42977,22706,0.6579682851332805,55,29,31508,33781,7084,4135,11121,11965,45200,35754,0,0,7364,6230,22304,2716,8326,1120,705,0,0,2674,40965,1396,6027,0,0,0,0,0
870,1056,871.1841877163456,99827,108,42,120,49,42986,22713,0.6581285624129745,57,29,31532,33803,7072,4129,11109,11946,45208,35770,0,0,7350,6222,22307,2713,8335,1120,708,0,0,2678,40971,1393,6030,0,0,0,0,0
871,1056,872.3766824666277,99827,104,45,120,49,43001,22725,0.6583990303224578,58,29,31585,33851,7056,4123,11075,11901,45216,35786,0,0,7340,6211,22310,2710,8343,1123,709,0,0,2693,40965,1392,6031,0,0,0,0,0
872,1056,873.1706182357024,99827,101,42,120,49,43010,22731,0.6585492902721709,57,29,31616,33873,7042,4122,11062,11883,45224,35801,0,0,7332,6197,22319,2712,8347,1124,709,0,0,2706,40960,1389,6032,0,0,0,0,0
873,1056,874.3600722424659,99827,101,45,120,49,43026,22742,0.6588197581816543,64,33,31646,33921,7025,4115,11042,11835,45232,35816,0,0,7321,6186,22321,2710,8356,1127,712,0,0,2713,40960,1387,6034,0,0,0,0,0
874,1056,875.1521906995398,99827,107,53,120,49,43042,22751,0.659070191431176,61,30,31675,33954,7015,4105,11020,11807,45240,35831,0,0,7310,6179,22325,2707,8362,1128,711,0,0,2719,40966,1385,6035,0,0,0,0,0
875,1056,876.339308100863,99827,106,54,120,49,43061,22761,0.659360694000621,65,31,31720,33993,7004,4097,10983,11774,45247,35846,0,0,7295,6173,22324,2706,8370,1131,714,0,0,2732,40965,1383,6034,0,0,0,0,0
876,1056,877.1295865245868,99827,106,52,120,49,43072,22763,0.6594909192903723,73,32,31738,34029,6992,4090,10969,11746,45254,35861,0,0,7286,6160,22331,2708,8374,1132,713,0,0,2741,40966,1383,6033,0,0,0,0,0
877,1056,878.3139387457525,99827,109,58,120,49,43090,22777,0.6598114738497601,66,25,31786,34076,6975,4083,10942,11707,45261,35876,0,0,7277,6146,22340,2709,8376,1134,713,0,0,2757,40959,1383,6033,0,0,0,0,0
878,1056,879.1024699622612,99827,116,54,120,49,43104,22780,0.6599817684594348,59,25,31817,34120,6962,4075,10924,11675,45268,35891,0,0,7267,6135,22347,2707,8385,1134,714,0,0,2760,40963,1382,6033,0,0,0,0,0
879,1056,880.2840610791794,99827,111,50,120,49,43124,22787,0.6602522363689183,56,25,31866,34167,6957,4075,10888,11632,45275,35906,0,0,7256,6124,22351,2707,8398,1136,714,0,0,2774,40958,1379,6030,0,0,0,0,0
880,1056,881.0708566065872,99827,109,50,120,49,43134,22790,0.6603824616586695,57,28,31909,34194,6943,4067,10860,11610,45282,35921,0,0,7249,6114,22358,2705,8405,1137,713,0,0,2780,40959,1376,6031,0,0,0,0,0
881,1056,882.2490598434997,99827,111,49,120,49,43154,22800,0.6606829815580955,61,31,31954,34242,6921,4063,10831,11564,45289,35936,0,0,7235,6109,22359,2700,8412,1142,715,0,0,2792,40958,1375,6030,0,0,0,0,0
882,1056,883.0335663243656,99827,117,49,120,49,43173,22806,0.6609334148076171,58,34,31970,34282,6913,4057,10820,11527,45296,35951,0,0,7223,6102,22361,2698,8419,1145,716,0,0,2800,40961,1374,6028,0,0,0,0,0
883,1056,884.20927333686,99827,108,48,120,49,43190,22813,0.661173830727158,60,39,32040,34335,6893,4051,10777,11476,45303,35966,0,0,7207,6096,22355,2699,8438,1145,716,0,0,2809,40966,1371,6025,0,0,0,0,0
884,1056,885.3826116179438,99826,113,51,121,49,43212,22824,0.661511029190792,56,32,32092,34386,6868,4037,10748,11443,45310,35980,0,0,7194,6088,22354,2696,8451,1147,723,0,0,2813,40967,1368,6025,0,0,0,0,0
885,1056,886.16377228027,99826,110,55,121,49,43219,22831,0.6616512732153947,58,27,32121,34421,6860,4027,10728,11419,45317,35994,0,0,7187,6079,22359,2690,8461,1148,723,0,0,2819,40968,1368,6024,0,0,0,0,0
886,1056,887.3342331774697,99826,102,51,121,49,43234,22834,0.6618315869613127,57,31,32153,34477,6857,4012,10708,11378,45324,36008,0,0,7170,6072,22358,2689,8474,1148,726,0,0,2832,40968,1368,6021,0,0,0,0,0
887,1056,888.1139055848635,99826,103,58,121,49,43247,22842,0.6620419529982169,60,28,32187,34498,6845,4010,10682,11355,45331,36022,0,0,7161,6063,22364,2686,8481,1148,727,0,0,2840,40968,1367,6021,0,0,0,0,0
888,1056,889.2820311029938,99826,102,55,121,49,43261,22850,0.6622623364654499,61,26,32236,34555,6831,4005,10647,11308,45338,36036,0,0,7147,6053,22368,2683,8487,1152,732,0,0,2849,40968,1367,6020,0,0,0,0,0
889,1056,890.0597473054602,99826,106,51,121,49,43274,22852,0.6624125979203814,59,29,32257,34593,6818,3995,10637,11281,45345,36050,0,0,7138,6043,22375,2682,8489,1154,733,0,0,2857,40968,1364,6023,0,0,0,0,0
890,1056,891.2254005614996,99826,104,49,121,49,43292,22857,0.6626429988179432,62,34,32295,34639,6810,3988,10606,11239,45352,36064,0,0,7125,6036,22372,2683,8500,1155,735,0,0,2867,40967,1361,6025,0,0,0,0,0
891,1056,892.0017417864674,99826,106,51,121,49,43301,22862,0.6627832428425461,68,35,32336,34667,6784,3978,10583,11218,45359,36078,0,0,7114,6029,22379,2678,8506,1156,739,0,0,2869,40972,1358,6026,0,0,0,0,0
892,1056,893.1645789330755,99826,105,56,121,49,43317,22872,0.6630436960310941,62,32,32378,34715,6772,3964,10560,11182,45366,36092,0,0,7105,6020,22381,2674,8518,1156,739,0,0,2880,40969,1358,6026,0,0,0,0,0
893,1056,894.3256159734236,99826,101,60,121,49,43336,22882,0.6633342015106285,54,27,32427,34760,6765,3957,10530,11145,45373,36106,0,0,7091,6006,22385,2679,8525,1158,743,0,0,2888,40970,1356,6025,0,0,0,0,0
894,1056,895.0988065964142,99826,97,62,121,49,43347,22893,0.6635545849778615,52,22,32454,34781,6763,3960,10511,11124,45380,36120,0,0,7080,5997,22389,2678,8533,1161,743,0,0,2894,40973,1354,6024,0,0,0,0,0
895,1056,896.3044360683471,99825,103,58,122,49,43369,22899,0.6638417230152768,51,22,32487,34810,6759,3958,10476,11101,45387,36134,0,0,7064,5990,22390,2678,8541,1162,747,0,0,2904,40974,1351,6024,0,0,0,0,0
896,1056,897.0761893830778,99825,101,52,122,49,43375,22900,0.6639118457300276,52,27,32521,34842,6746,3951,10456,11077,45394,36148,0,0,7055,5979,22400,2676,8541,1165,748,0,0,2914,40972,1351,6024,0,0,0,0,0
897,1056,898.2325621755924,99825,97,51,122,49,43388,22905,0.6640921612822439,57,33,32559,34888,6735,3940,10428,11037,45401,36162,0,0,7046,5969,22404,2676,8548,1167,750,0,0,2924,40969,1347,6025,0,0,0,0,0
898,1056,899.0026091103107,99825,99,54,122,49,43396,22913,0.6642524417731029,60,29,32581,34909,6721,3935,10415,11022,45407,36175,0,0,7033,5968,22402,2673,8554,1168,752,0,0,2929,40975,1344,6027,0,0,0,0,0
899,1056,900.1564918033919,99825,102,61,122,49,43407,22924,0.664472827448034,77,46,32624,34921,6702,3931,10371,10990,45407,36175,0,0,7033,5968,22400,2672,8560,1168,752,0,0,2933,40969,1344,6026,0,0,0,0,0
900,1056,900.1564918033919,99825,101,63,122,49,43413,22926,0.6645529676934636,77,47,32634,34943,6700,3922,10364,10974,45413,36188,0,0,7025,5961,22404,2670,8566,1169,752,0,1,2931,40976,1342,6028,0,0,0,0,0
901,1056,901.3082195361535,99825,113,62,122,49,43435,22937,0.6648835462058602,80,43,32672,34991,6678,3920,10333,10933,45419,36201,0,0,7012,5954,22403,2669,8575,1170,752,2,10,2931,40978,1341,6028,0,0,0,0,0
902,1056,902.0752018607296,99825,118,65,122,49,43450,22949,0.6651540195341848,76,43,32687,35024,6673,3913,10322,10904,45425,36214,0,0,7003,5945,22406,2669,8581,1172,750,4,17,2932,40978,1340,6028,0,0,0,0,0
903,1056,903.224849815832,99825,119,70,122,49,43469,22964,0.6654946155772602,86,40,32720,35073,6658,3909,10293,10857,45431,36227,0,0,6992,5937,22407,2667,8593,1174,750,8,26,2932,40976,1337,6026,0,0,0,0,0
904,1056,904.3732493695948,99825,133,64,122,49,43502,22970,0.6658852992737291,71,45,32753,35120,6654,3902,10265,10818,45437,36240,0,0,6982,5926,22410,2668,8600,1176,750,11,43,2932,40966,1336,6025,0,0,0,0,0
905,1056,905.138225918544,99825,122,62,122,49,43507,22981,0.666045579764588,78,44,32773,35140,6653,3900,10250,10803,45443,36253,0,0,6972,5919,22410,2667,8614,1178,748,14,52,2931,40964,1334,6022,0,0,0,0,0
906,1056,906.2847040859983,99825,124,61,122,49,43526,22989,0.6663160530929126,81,45,32815,35191,6637,3891,10219,10761,45449,36266,0,0,6962,5913,22410,2666,8620,1183,747,17,63,2932,40960,1333,6019,0,0,0,0,0
907,1056,907.0482226081366,99825,131,65,122,49,43546,22997,0.6665965439519158,79,48,32831,35214,6626,3880,10209,10742,45455,36279,0,0,6949,5909,22407,2666,8627,1185,746,21,67,2933,40965,1330,6020,0,0,0,0,0
908,1056,908.1926103988235,99825,126,64,122,49,43564,23010,0.6669070874029551,85,42,32870,35252,6620,3880,10175,10711,45461,36292,0,0,6936,5898,22403,2670,8638,1187,744,25,79,2935,40962,1328,6020,0,0,0,0,0
909,1056,909.3356824158062,99825,134,67,122,49,43586,23026,0.6672877535687453,91,38,32895,35286,6610,3877,10146,10681,45467,36305,0,0,6928,5890,22404,2670,8644,1189,742,26,95,2936,40953,1326,6022,0,0,0,0,0
910,1056,910.0971960176356,99825,146,65,122,49,43611,23031,0.6675882794891059,90,48,32906,35312,6602,3872,10132,10652,45473,36318,0,0,6916,5883,22407,2668,8649,1191,741,29,104,2936,40953,1325,6023,0,0,0,0,0
911,1056,911.2385977750998,99825,155,71,122,49,43636,23047,0.6679989982469321,99,47,32939,35332,6586,3866,10097,10633,45479,36331,0,0,6904,5874,22412,2665,8653,1194,741,34,114,2936,40950,1322,6026,0,0,0,0,0
912,1056,912.3784556173924,99825,158,66,122,49,43669,23055,0.6684097170047584,92,56,32974,35361,6593,3864,10059,10602,45485,36344,0,0,6898,5860,22415,2667,8663,1198,740,36,132,2936,40936,1318,6026,0,0,0,0,0
913,1056,913.1377274749082,99825,150,66,122,49,43687,23064,0.6686801903330829,90,52,32993,35384,6595,3863,10048,10584,45491,36357,0,0,6884,5849,22416,2670,8667,1203,739,42,144,2936,40932,1316,6027,0,0,0,0,0
914,1056,914.2759405138082,99824,137,69,123,49,43702,23079,0.6689874178554256,96,51,33038,35413,6588,3854,10016,10562,45497,36369,0,0,6878,5837,22415,2669,8681,1207,739,43,160,2935,40921,1314,6025,0,0,0,0,0
915,1056,915.0339548193069,99824,137,74,123,49,43715,23088,0.669207805738099,102,57,33064,35436,6576,3847,9996,10535,45503,36381,0,0,6865,5833,22413,2667,8688,1210,739,45,165,2935,40927,1314,6023,0,0,0,0,0
916,1056,916.169767846366,99824,151,76,123,49,43747,23103,0.6696786343965379,95,56,33103,35484,6560,3850,9966,10483,45509,36393,0,0,6857,5823,22409,2668,8702,1211,739,46,178,2934,40921,1312,6024,0,0,0,0,0
917,1056,917.3041785006118,99824,162,79,123,49,43776,23118,0.6701194101618849,89,61,33134,35538,6554,3838,9936,10433,45515,36405,0,0,6843,5816,22407,2668,8709,1214,739,48,191,2934,40920,1311,6024,0,0,0,0,0
918,1056,918.0597352167435,99824,162,83,123,49,43798,23129,0.6704499919858952,95,61,33146,35556,6560,3837,9912,10412,45521,36417,0,0,6833,5810,22405,2670,8716,1217,738,50,203,2934,40916,1306,6026,0,0,0,0,0
919,1056,919.1923852685017,99824,148,82,123,49,43821,23144,0.6708306619650585,104,60,33178,35588,6567,3837,9878,10382,45527,36429,0,0,6821,5803,22397,2670,8739,1220,738,52,224,2933,40905,1304,6018,0,0,0,0,0
920,1056,920.323974154998,99824,145,92,123,49,43843,23165,0.671261420099375,106,54,33221,35617,6559,3833,9844,10353,45533,36441,0,0,6807,5796,22393,2670,8753,1222,737,59,235,2933,40901,1301,6017,0,0,0,0,0
921,1056,921.077621168159,99824,162,93,123,49,43866,23177,0.6716120371854464,110,56,33239,35628,6540,3835,9824,10337,45539,36453,0,0,6797,5790,22397,2668,8763,1222,736,59,243,2932,40903,1301,6013,0,0,0,0,0
922,1056,922.2068748703996,99823,176,96,124,49,43909,23200,0.6722799354858099,94,52,33274,35656,6532,3840,9798,10305,45545,36465,0,0,6788,5777,22397,2673,8771,1227,735,61,265,2933,40887,1299,6010,0,0,0,0,0
923,1056,923.334954953796,99823,157,103,124,49,43929,23218,0.6726606092784229,113,51,33291,35686,6540,3834,9773,10275,45551,36477,0,0,6778,5768,22385,2674,8794,1227,731,68,284,2934,40871,1296,6013,0,0,0,0,0
924,1056,924.086644399435,99823,158,98,124,49,43951,23230,0.6730012121454976,106,55,33318,35713,6545,3835,9747,10248,45557,36489,0,0,6768,5758,22382,2673,8807,1230,730,73,299,2934,40861,1295,6013,0,0,0,0,0
925,1056,925.2132864181407,99823,164,101,124,49,43974,23247,0.6734019214008795,108,58,33342,35754,6541,3831,9719,10205,45563,36501,0,0,6759,5755,22373,2668,8828,1231,729,74,310,2932,40858,1294,6012,0,0,0,0,0
926,1056,926.338956969868,99823,169,106,124,49,44000,23269,0.673882772507338,123,59,33366,35779,6525,3832,9691,10173,45569,36513,0,0,6749,5746,22372,2670,8840,1235,727,76,324,2932,40852,1294,6006,0,0,0,0,0
927,1056,927.0888376187963,99823,175,103,124,49,44025,23285,0.6742934994941046,122,57,33366,35804,6532,3837,9679,10148,45575,36525,0,0,6738,5739,22373,2666,8854,1235,725,82,345,2933,40836,1293,6004,0,0,0,0,0
928,1056,928.2131811384645,99823,163,106,124,49,44048,23303,0.6747042264808711,126,57,33410,35838,6526,3833,9649,10115,45581,36537,0,0,6733,5724,22366,2672,8867,1243,724,83,360,2932,40825,1290,6004,0,0,0,0,0
929,1056,929.336454274318,99823,182,99,124,49,44086,23316,0.6752151307814832,123,66,33422,35864,6513,3839,9634,10081,45586,36549,0,0,6720,5718,22365,2674,8877,1245,722,86,378,2933,40817,1289,5999,0,0,0,0,0
930,1056,930.0849452305151,99823,191,110,124,49,44110,23334,0.6756358754996343,130,64,33422,35887,6508,3831,9623,10057,45591,36560,0,0,6710,5710,22366,2674,8884,1246,721,88,388,2934,40815,1289,5998,0,0,0,0,0
931,1056,931.2071816975451,99823,188,108,124,49,44139,23349,0.6760766556805545,138,63,33445,35916,6514,3837,9589,10025,45596,36571,0,0,6697,5700,22360,2675,8900,1249,720,95,405,2935,40803,1289,5995,0,0,0,0,0
932,1056,932.3286000864156,99823,204,106,124,49,44179,23364,0.6766276309067049,134,63,33476,35956,6508,3834,9552,9990,45601,36582,0,0,6687,5692,22355,2676,8916,1250,720,97,424,2935,40791,1288,5992,0,0,0,0,0
933,1056,933.0756636357997,99823,201,111,124,49,44196,23376,0.6769181451168569,149,62,33493,35980,6503,3829,9528,9967,45606,36593,0,0,6677,5686,22351,2680,8924,1253,720,99,431,2934,40791,1283,5994,0,0,0,0,0
934,1056,934.1952942496706,99823,207,113,124,49,44234,23388,0.6774190316860844,152,65,33524,36018,6501,3828,9490,9925,45611,36604,0,0,6668,5679,22345,2678,8946,1254,720,102,446,2934,40781,1281,5989,0,0,0,0,0
935,1056,935.3136707731361,99823,206,111,124,49,44272,23407,0.6779900423750037,160,77,33544,36046,6509,3837,9455,9878,45616,36615,0,0,6661,5671,22338,2677,8965,1258,720,103,475,2932,40757,1277,5989,0,0,0,0,0
936,1056,936.0588018726675,99823,216,118,124,49,44304,23425,0.6784909289442312,148,71,33555,36067,6511,3838,9444,9855,45621,36626,0,0,6652,5667,22332,2676,8980,1259,720,104,488,2931,40752,1272,5990,0,0,0,0,0
937,1056,937.1758982795916,99823,226,118,124,49,44351,23447,0.6791821524097653,143,66,33594,36093,6510,3849,9401,9823,45626,36637,0,0,6643,5659,22330,2679,8991,1264,718,108,518,2929,40727,1268,5989,0,0,0,0,0
938,1056,938.2918818148898,99823,217,122,124,49,44386,23466,0.679723109904531,150,71,33608,36119,6525,3850,9374,9787,45631,36648,0,0,6629,5648,22324,2685,9007,1266,717,113,544,2928,40710,1266,5986,0,0,0,0,0
939,1056,939.0355487835253,99822,225,115,124,50,44420,23478,0.6801907395163391,149,78,33622,36135,6526,3855,9352,9765,45636,36659,0,0,6614,5636,22322,2687,9024,1267,716,122,555,2928,40703,1265,5983,0,0,0,0,0
940,1056,940.1503108084456,99822,219,118,124,50,44448,23505,0.6807417202620665,160,80,33643,36156,6530,3864,9322,9730,45641,36670,0,0,6605,5628,22318,2689,9038,1271,713,123,582,2928,40683,1264,5980,0,0,0,0,0
941,1056,941.2641652909092,99822,220,118,124,50,44488,23523,0.6813227545030154,149,82,33682,36207,6548,3857,9275,9684,45646,36681,0,0,6596,5623,22309,2690,9053,1277,713,126,607,2926,40664,1258,5980,0,0,0,0,0
942,1056,942.0061508266303,99822,231,116,124,50,44522,23535,0.6817835747630783,145,88,33698,36209,6550,3867,9250,9668,45651,36692,0,0,6587,5616,22303,2692,9068,1279,712,128,621,2926,40657,1255,5978,0,0,0,0,0
943,1056,943.118344271935,99822,243,119,124,50,44569,23562,0.6825248943118751,142,90,33718,36235,6553,3871,9218,9633,45656,36703,0,0,6577,5610,22293,2690,9086,1284,711,132,649,2925,40635,1254,5976,0,0,0,0,0
944,1056,944.2295565363629,99822,236,125,124,50,44600,23586,0.6830758750576025,165,81,33731,36263,6564,3879,9178,9600,45661,36714,0,0,6567,5600,22288,2695,9100,1288,708,139,671,2925,40616,1249,5976,0,0,0,0,0
945,1056,945.3403248778689,99822,237,120,124,50,44635,23603,0.6835968023081085,182,93,33731,36279,6565,3883,9159,9573,45666,36725,0,0,6558,5592,22283,2694,9120,1290,706,143,697,2924,40595,1246,5974,0,0,0,0,0
946,1056,946.0806840672913,99822,248,126,124,50,44668,23618,0.6840776582316523,182,95,33746,36285,6564,3882,9134,9560,45671,36736,0,0,6549,5585,22286,2694,9125,1295,705,146,710,2924,40588,1244,5971,0,0,0,0,0
947,1056,947.1904726141823,99822,262,133,124,50,44720,23650,0.6849191560978541,179,94,33770,36312,6569,3892,9094,9517,45676,36747,0,0,6535,5575,22278,2697,9141,1299,704,152,736,2925,40570,1241,5969,0,0,0,0,0
948,1056,948.2993520578702,99822,275,143,124,50,44771,23682,0.6857506361323156,169,91,33788,36329,6575,3906,9067,9479,45681,36758,0,0,6522,5569,22265,2697,9161,1303,704,156,762,2922,40553,1239,5969,0,0,0,0,0
949,1056,949.038229583201,99822,270,147,124,50,44790,23700,0.686121295906714,193,95,33788,36357,6578,3906,9045,9443,45686,36768,0,0,6515,5562,22261,2697,9173,1305,702,158,781,2924,40539,1237,5968,0,0,0,0,0
950,1056,950.1461909028479,99822,281,145,124,50,44848,23727,0.6869728116046563,183,96,33787,36383,6602,3920,9021,9404,45691,36778,0,0,6500,5549,22250,2701,9188,1314,702,167,810,2924,40516,1236,5965,0,0,0,0,0
951,1056,951.2541257439578,99822,275,144,124,50,44891,23755,0.6876840776582317,195,101,33792,36403,6622,3929,8990,9371,45696,36788,0,0,6485,5543,22235,2701,9214,1320,701,173,839,2923,40496,1232,5960,0,0,0,0,0
952,1056,952.3618305965966,99821,286,147,125,50,44947,23780,0.6885024193306017,194,103,33815,36435,6633,3930,8945,9333,45701,36798,0,0,6471,5538,22224,2700,9238,1323,700,180,866,2923,40475,1229,5954,0,0,0,0,0
953,1056,953.0998073248958,99821,280,146,125,50,44979,23796,0.6889832800713277,195,111,33822,36444,6648,3940,8928,9307,45706,36808,0,0,6456,5531,22216,2702,9254,1326,699,188,887,2923,40461,1226,5952,0,0,0,0,0
954,1056,954.2062481304458,99821,288,144,125,50,45037,23816,0.6897646787750072,195,121,33845,36462,6655,3945,8890,9276,45711,36818,0,0,6445,5523,22204,2705,9280,1330,698,192,916,2922,40439,1222,5945,0,0,0,0,0
955,1056,955.3118589718953,99821,304,166,125,50,45095,23857,0.6907564540527544,192,96,33851,36493,6668,3942,8858,9251,45716,36828,0,0,6437,5513,22194,2709,9299,1336,697,194,939,2922,40422,1219,5940,0,0,0,0,0
956,1056,956.0488005581003,99821,307,165,125,50,45130,23874,0.6912773865218742,191,103,33857,36507,6680,3943,8838,9230,45721,36838,0,0,6427,5511,22186,2710,9317,1337,697,196,966,2920,40403,1213,5938,0,0,0,0,0
957,1056,957.153895954452,99820,315,179,126,50,45185,23906,0.6921558805850531,211,109,33839,36524,6702,3942,8805,9194,45726,36848,0,0,6413,5504,22174,2713,9336,1340,696,202,994,2921,40382,1210,5935,0,0,0,0,0
958,1056,958.259085053017,99819,322,176,127,50,45247,23936,0.6930844829140744,211,119,33841,36540,6721,3961,8776,9152,45731,36858,0,0,6399,5493,22167,2712,9360,1344,693,211,1034,2921,40347,1208,5930,0,0,0,0,0
959,1056,959.3641096475691,99819,332,177,127,50,45305,23966,0.6939660786022701,210,118,33848,36576,6738,3967,8743,9110,45736,36868,0,0,6391,5478,22158,2715,9387,1347,691,215,1063,2920,40322,1204,5928,0,0,0,0,0
960,1056,960.1005796332199,99819,338,185,127,50,45345,23993,0.6946372935012373,220,112,33847,36588,6743,3977,8723,9086,45741,36878,0,0,6384,5471,22147,2714,9405,1354,690,219,1082,2920,40306,1202,5925,0,0,0,0,0
961,1056,961.2050463360541,99819,326,184,127,50,45396,24021,0.6954287259940493,237,112,33862,36613,6758,3989,8688,9050,45746,36888,0,0,6370,5456,22134,2722,9425,1359,689,226,1127,2919,40268,1200,5924,0,0,0,0,0
962,1056,962.30892731674,99819,344,182,127,50,45463,24045,0.6963403760807061,230,123,33856,36618,6778,4001,8663,9024,45751,36898,0,0,6361,5443,22122,2730,9449,1365,685,229,1152,2917,40249,1198,5919,0,0,0,0,0
963,1056,963.0447920841227,99819,348,177,127,50,45507,24063,0.6969615003155711,237,136,33851,36611,6795,4014,8640,9010,45756,36908,0,0,6344,5436,22112,2732,9464,1368,684,237,1180,2917,40229,1196,5920,0,0,0,0,0
964,1056,964.1487417590464,99818,343,202,128,50,45568,24109,0.6980404335891323,251,116,33839,36637,6834,4011,8603,8982,45761,36918,0,0,6329,5425,22098,2738,9489,1375,682,246,1212,2914,40202,1195,5913,0,0,0,0,0
965,1056,965.2528006088252,99818,361,213,128,50,45634,24148,0.6990923480734937,258,111,33838,36666,6844,4018,8569,8940,45766,36928,0,0,6318,5419,22082,2735,9521,1378,681,250,1242,2913,40176,1194,5909,0,0,0,0,0
966,1056,966.3567146522354,99818,391,213,128,50,45718,24177,0.7002244084233304,249,125,33828,36678,6869,4029,8533,8903,45770,36938,0,0,6306,5406,22065,2739,9553,1382,681,257,1270,2909,40152,1191,5907,0,0,0,0,0
967,1056,967.092503267649,99818,408,217,128,50,45770,24199,0.7009657576789757,246,132,33823,36680,6878,4039,8515,8880,45774,36948,0,0,6299,5396,22059,2737,9572,1384,679,262,1293,2911,40130,1190,5906,0,0,0,0,0
968,1056,968.1962754798953,99818,414,222,128,50,45836,24241,0.7020477268628904,257,145,33814,36689,6905,4047,8480,8845,45778,36958,0,0,6286,5392,22040,2734,9603,1390,679,269,1338,2907,40090,1187,5903,0,0,0,0,0
969,1056,969.29997106441,99818,435,243,128,50,45926,24294,0.7034803342082591,249,137,33799,36702,6936,4059,8451,8807,45782,36968,0,0,6272,5379,22024,2739,9634,1397,678,279,1375,2903,40056,1184,5898,0,0,0,0,0
970,1056,970.0358214950965,99818,450,248,128,50,45980,24326,0.704341902262117,257,135,33787,36702,6945,4073,8431,8790,45786,36977,0,0,6258,5373,22016,2735,9658,1401,677,286,1401,2902,40037,1184,5890,0,0,0,0,0
971,1056,971.1397327966056,99818,459,246,128,50,46047,24368,0.7054338896792162,276,127,33782,36713,6968,4103,8385,8759,45790,36986,0,0,6248,5366,21999,2738,9688,1410,676,287,1445,2898,40000,1181,5882,0,0,0,0,0
972,1056,972.2435232208484,99818,456,243,128,50,46122,24406,0.7065659500290529,286,132,33761,36744,7005,4118,8362,8711,45794,36995,0,0,6234,5357,21968,2745,9725,1420,673,292,1490,2898,39962,1181,5873,0,0,0,0,0
973,1056,973.3480025224585,99816,489,241,130,50,46216,24438,0.7078424300713313,279,146,33740,36750,7032,4133,8328,8678,45798,37004,0,0,6218,5349,21957,2743,9747,1428,672,302,1534,2897,39923,1181,5865,0,0,0,0,0
974,1056,974.0845282025193,99816,485,233,130,50,46261,24460,0.7085136651438647,288,163,33722,36750,7058,4147,8315,8655,45802,37013,0,0,6205,5338,21944,2744,9776,1432,671,311,1564,2892,39897,1181,5861,0,0,0,0,0
975,1056,975.1897148401611,99816,464,240,130,50,46326,24507,0.7096357297427266,316,156,33712,36763,7094,4174,8282,8615,45806,37022,0,0,6193,5322,21916,2756,9802,1447,668,319,1613,2894,39852,1179,5855,0,0,0,0,0
976,1056,976.2952917436357,99816,468,235,130,50,46409,24536,0.7107577943415885,332,174,33672,36786,7142,4181,8254,8572,45810,37031,0,0,6177,5312,21893,2763,9835,1456,666,328,1656,2890,39814,1177,5849,0,0,0,0,0
977,1056,977.032868683325,99816,485,247,130,50,46474,24572,0.7117696561673479,311,170,33678,36790,7161,4189,8233,8552,45814,37040,0,0,6170,5302,21878,2764,9860,1465,665,330,1678,2889,39797,1175,5843,0,0,0,0,0
978,1056,978.1391334418253,99816,512,259,130,50,46585,24618,0.7133425502925382,303,168,33645,36791,7202,4206,8206,8524,45818,37049,0,0,6155,5284,21854,2778,9893,1470,663,341,1725,2890,39753,1171,5839,0,0,0,0,0
979,1056,979.2460188238474,99816,508,267,130,50,46665,24670,0.7146649835697684,316,170,33642,36791,7239,4229,8163,8491,45822,37058,0,0,6141,5271,21826,2784,9936,1476,662,352,1778,2886,39701,1168,5835,0,0,0,0,0
980,1056,980.3529371529041,99816,511,293,130,50,46766,24725,0.7162278592610403,314,164,33627,36801,7300,4237,8116,8453,45826,37067,0,0,6128,5259,21802,2792,9980,1487,660,359,1818,2879,39665,1163,5824,0,0,0,0,0
981,1056,981.0910443083656,99815,519,302,131,50,46831,24760,0.71723688824325,313,162,33602,36798,7332,4251,8101,8435,45830,37076,0,0,6118,5245,21792,2796,10008,1490,658,364,1848,2879,39637,1162,5818,0,0,0,0,0
982,1056,982.198915342382,99814,543,307,132,50,46930,24812,0.7187568878113291,311,158,33588,36807,7369,4282,8055,8394,45834,37085,0,0,6108,5231,21763,2797,10052,1501,657,373,1888,2877,39597,1159,5811,0,0,0,0,0
983,1056,983.3069758148727,99814,551,303,132,50,47012,24846,0.7199190494319434,329,175,33555,36794,7413,4303,8018,8373,45838,37094,0,0,6096,5216,21745,2803,10083,1507,656,381,1937,2875,39551,1155,5809,0,0,0,0,0
984,1056,984.0461480989285,99813,562,319,132,51,47066,24890,0.7209080981435284,340,163,33529,36799,7432,4316,8003,8350,45842,37103,0,0,6085,5204,21739,2806,10101,1512,655,389,1963,2874,39525,1153,5807,0,0,0,0,0
985,1056,985.1553333717916,99812,572,314,132,52,47158,24930,0.7222378070773053,352,192,33488,36781,7479,4341,7975,8318,45846,37112,0,0,6068,5185,21722,2813,10140,1519,654,402,2007,2870,39481,1152,5799,0,0,0,0,0
986,1056,986.2656915560228,99812,598,302,132,52,47275,24984,0.7239510279325131,349,198,33435,36762,7540,4388,7944,8296,45850,37121,0,0,6052,5171,21691,2821,10192,1528,654,413,2071,2865,39419,1149,5786,0,0,0,0,0
987,1056,987.0066611014689,99812,604,308,132,52,47342,25032,0.7251031940047289,347,201,33407,36743,7580,4415,7928,8279,45854,37130,0,0,6042,5158,21669,2828,10224,1537,652,418,2107,2863,39388,1145,5781,0,0,0,0,0
988,1056,988.1191755527722,99811,603,330,133,52,47435,25097,0.726693450621675,364,197,33383,36737,7620,4435,7895,8247,45858,37139,0,0,6033,5143,21640,2840,10258,1548,651,421,2169,2862,39331,1142,5773,0,0,0,0,0
989,1056,989.2322064899879,99811,602,319,133,52,47538,25135,0.7281061205678733,379,227,33346,36740,7677,4453,7861,8207,45862,37148,0,0,6012,5127,21615,2850,10300,1559,648,437,2223,2861,39280,1137,5762,0,0,0,0,0
990,1056,990.3462843473734,99811,618,344,133,52,47652,25197,0.729869453266674,375,221,33333,36749,7718,4466,7821,8166,45866,37157,0,0,5997,5115,21588,2856,10345,1569,648,447,2270,2856,39235,1131,5754,0,0,0,0,0
991,1056,991.0890747506448,99811,613,352,133,52,47724,25246,0.7310817444970995,387,224,33287,36727,7774,4495,7804,8148,45870,37166,0,0,5977,5103,21571,2861,10370,1580,648,459,2317,2853,39192,1131,5749,0,0,0,0,0
992,1056,992.204362564685,99810,629,353,133,53,47839,25305,0.7328323815248973,385,221,33265,36733,7819,4526,7767,8112,45874,37175,0,0,5962,5087,21535,2870,10421,1589,648,471,2382,2848,39130,1127,5740,0,0,0,0,0
993,1056,993.3203399241105,99810,635,358,133,53,47948,25361,0.7344855224927362,394,237,33245,36714,7867,4558,7724,8078,45878,37184,0,0,5945,5073,21511,2880,10456,1603,644,481,2443,2847,39072,1123,5732,0,0,0,0,0
994,1056,994.0646411776453,99809,657,373,134,53,48037,25413,0.7359055796571451,385,230,33216,36716,7903,4574,7703,8052,45882,37192,0,0,5928,5060,21493,2888,10488,1609,641,493,2477,2844,39041,1121,5726,0,0,0,0,0
995,1056,995.1819264732184,99809,684,385,134,53,48151,25473,0.7376489094169865,391,240,33173,36706,7952,4591,7664,8023,45886,37200,0,0,5911,5046,21461,2901,10531,1616,640,502,2531,2842,38995,1117,5716,0,0,0,0,0
996,1056,996.3000618606242,99808,703,387,135,53,48267,25533,0.7394196857967297,407,250,33137,36697,7993,4629,7623,7982,45890,37208,0,0,5896,5028,21443,2917,10566,1626,637,511,2594,2840,38932,1113,5705,0,0,0,0,0
997,1056,997.0457802369341,99808,704,376,135,53,48340,25578,0.7406019557550497,445,258,33081,36675,8035,4669,7598,7967,45894,37216,0,0,5877,5013,21416,2929,10599,1638,637,522,2637,2836,38895,1110,5699,0,0,0,0,0
998,1056,998.1658766536231,99808,721,380,135,53,48469,25658,0.742695976274447,431,261,33059,36643,8097,4726,7555,7935,45898,37224,0,0,5858,4992,21379,2941,10652,1653,637,534,2709,2829,38828,1108,5688,0,0,0,0,0
999,1056,999.2868359308513,99807,712,379,136,53,48582,25723,0.7444868596391034,450,254,33012,36633,8173,4774,7515,7905,45902,37232,0,0,5839,4975,21337,2947,10725,1662,634,548,2772,2823,38766,1107,5672,0,0,0,0,0
1000,1056,1000.0348784276382,99807,734,377,136,53,48679,25760,0.7458294508401214,444,267,32985,36628,8215,4797,7484,7876,45906,37240,0,0,5825,4963,21302,2953,10769,1671,633,556,2808,2822,38735,1107,5663,0,0,0,0,0
1001,1056,1001.1581675135949,99807,734,400,136,53,48804,25841,0.7478934343282535,452,255,32933,36619,8293,4831,7450,7840,45910,37248,0,0,5807,4942,21276,2961,10809,1686,631,569,2886,2820,38660,1105,5655,0,0,0,0,0
1002,1056,1002.2827921741741,99807,728,409,136,53,48920,25926,0.7499073211297804,480,246,32896,36600,8363,4890,7395,7800,45914,37256,0,0,5785,4923,21234,2976,10854,1708,628,584,2958,2816,38593,1102,5646,0,0,0,0,0
1003,1056,1003.0330744272094,99806,726,405,136,54,48995,25964,0.7510470312406068,504,256,32852,36594,8409,4909,7371,7780,45918,37264,0,0,5769,4912,21211,2980,10887,1717,628,592,3003,2816,38550,1101,5640,0,0,0,0,0
1004,1056,1004.159901006213,99806,736,406,136,54,49128,26031,0.7530509187824379,521,265,32815,36564,8472,4961,7318,7748,45922,37272,0,0,5753,4899,21182,2992,10927,1734,625,600,3084,2816,38471,1095,5628,0,0,0,0,0
1005,1056,1005.2878259420941,99806,763,410,136,54,49280,26106,0.7553253311424163,506,248,32765,36566,8541,5006,7287,7714,45926,37280,0,0,5731,4873,21150,3006,10982,1752,625,617,3145,2812,38412,1090,5611,0,0,0,0,0
1006,1056,1006.0406569147113,99806,777,407,136,54,49361,26151,0.7565877802937699,520,257,32733,36550,8566,5038,7266,7692,45930,37288,0,0,5713,4867,21118,3004,11027,1762,624,628,3177,2812,38385,1089,5600,0,0,0,0,0
1007,1056,1007.1708308031892,99806,810,428,136,54,49493,26230,0.7587018816504018,528,249,32687,36537,8612,5073,7225,7657,45934,37296,0,0,5698,4852,21084,3014,11079,1775,623,636,3225,2811,38335,1087,5587,0,0,0,0,0
1008,1056,1008.3021227854769,99806,836,438,136,54,49643,26308,0.7609863134480893,511,276,32636,36500,8687,5113,7192,7617,45938,37304,0,0,5682,4839,21034,3026,11148,1790,620,642,3286,2806,38275,1085,5573,0,0,0,0,0
1009,1056,1009.0570820110422,99806,852,446,136,54,49745,26360,0.7625293068552993,512,283,32598,36493,8733,5131,7167,7591,45942,37312,0,0,5666,4828,21015,3033,11177,1801,617,652,3342,2806,38223,1082,5564,0,0,0,0,0
1010,1056,1010.1905554081806,99804,831,454,138,54,49870,26446,0.7646587311129814,538,281,32540,36474,8819,5180,7132,7555,45946,37320,0,0,5654,4809,20985,3037,11230,1827,617,658,3427,2800,38138,1077,5545,0,0,0,0,0
1011,1056,1011.3257794041339,99803,854,455,139,54,50031,26516,0.7669809524763784,531,301,32491,36456,8893,5225,7090,7507,45950,37328,0,0,5636,4792,20951,3055,11280,1840,617,667,3516,2794,38048,1069,5538,0,0,0,0,0
1012,1056,1012.0833429004412,99803,871,468,139,54,50136,26579,0.76866426860916,526,304,32462,36421,8944,5262,7056,7489,45954,37336,0,0,5615,4785,20926,3054,11315,1852,617,682,3573,2792,37995,1067,5530,0,0,0,0,0
1013,1056,1013.2210604746708,99802,883,479,140,54,50271,26663,0.7708663153043025,561,304,32384,36400,9021,5305,7009,7456,45958,37344,0,0,5602,4763,20892,3066,11371,1867,614,692,3646,2791,37917,1065,5516,0,0,0,0,0
1014,1056,1014.3606593348065,99802,904,496,140,54,50436,26758,0.7734714735175647,563,308,32318,36361,9117,5354,6956,7425,45962,37352,0,0,5583,4749,20847,3069,11440,1885,612,705,3732,2789,37834,1060,5497,0,0,0,0,0
1015,1056,1015.1213996610758,99801,952,512,141,54,50569,26830,0.775533311289466,541,311,32270,36346,9163,5386,6931,7389,45966,37360,0,0,5569,4740,20822,3074,11480,1896,608,715,3786,2789,37781,1056,5485,0,0,0,0,0
1016,1056,1016.264032732551,99801,958,518,141,54,50732,26914,0.7780082363904169,554,317,32202,36312,9264,5438,6879,7359,45970,37368,0,0,5541,4718,20774,3091,11543,1917,608,736,3868,2785,37700,1052,5468,0,0,0,0,0
1017,1056,1017.0268857670006,99801,973,529,141,54,50845,26972,0.7797216460756906,567,325,32149,36295,9316,5468,6852,7327,45974,37376,0,0,5530,4702,20744,3098,11599,1923,607,742,3920,2782,37648,1049,5457,0,0,0,0,0
1018,1056,1018.1730705430157,99800,1016,561,142,54,51022,27086,0.7826452905811623,554,321,32069,36252,9403,5520,6814,7290,45977,37384,0,0,5508,4678,20710,3117,11659,1934,607,760,4001,2778,37562,1041,5445,0,0,0,0,0
1019,1056,1019.3214630987628,99798,1013,554,143,55,51194,27163,0.7851560151506042,566,355,31987,36210,9510,5579,6779,7245,45980,37392,0,0,5487,4657,20646,3134,11749,1947,604,772,4096,2774,37465,1038,5429,0,0,0,0,0
1020,1056,1020.0884377350864,99797,1022,571,143,56,51296,27235,0.7869074220667956,600,349,31930,36189,9551,5613,6752,7220,45983,37400,0,0,5473,4644,20625,3139,11781,1961,604,781,4158,2771,37402,1035,5423,0,0,0,0,0
1021,1056,1021.2409869578547,99796,1042,565,143,57,51476,27335,0.7897210309030422,619,354,31857,36153,9632,5683,6705,7186,45986,37408,0,0,5452,4624,20581,3147,11846,1982,602,797,4270,2764,37287,1032,5412,0,0,0,0,0
1022,1056,1022.0104130457026,99796,1061,587,143,57,51597,27415,0.7917351396849573,622,343,31791,36122,9698,5726,6683,7163,45989,37415,0,0,5429,4606,20553,3156,11883,1998,602,815,4328,2757,37233,1031,5405,0,0,0,0,0
1023,1056,1023.1669849775631,99796,1044,592,143,57,51772,27500,0.7943404545272356,635,365,31713,36073,9826,5777,6637,7134,45992,37422,0,0,5401,4581,20500,3180,11954,2017,600,838,4426,2750,37134,1021,5394,0,0,0,0,0
1024,1056,1024.3263781650096,99795,1048,611,144,57,51937,27621,0.7972142892930507,674,343,31636,36045,9915,5846,6581,7096,45995,37429,0,0,5374,4563,20443,3189,12038,2037,599,858,4508,2741,37050,1015,5380,0,0,0,0,0
1025,1056,1025.1005206773168,99795,1032,618,144,57,52045,27692,0.7990079663309785,716,342,31562,36031,9996,5883,6548,7067,45998,37436,0,0,5368,4542,20407,3195,12104,2053,597,863,4569,2735,36982,1015,5365,0,0,0,0,0
1026,1056,1026.2641953875889,99795,1053,592,144,57,52248,27787,0.8019940878801544,694,371,31513,35980,10095,5975,6499,7023,46001,37443,0,0,5344,4520,20347,3211,12176,2081,594,881,4690,2730,36857,1012,5352,0,0,0,0,0
1027,1056,1027.0411671836703,99795,1071,582,144,57,52371,27851,0.8038679292549727,702,396,31459,35949,10160,6023,6462,6991,46004,37450,0,0,5336,4506,20304,3226,12232,2095,592,883,4763,2724,36788,1007,5339,0,0,0,0,0
1028,1056,1028.2085567563172,99795,1123,606,144,57,52580,27974,0.8071947492359337,706,392,31354,35909,10251,6086,6420,6948,46007,37457,0,0,5317,4488,20252,3236,12296,2118,591,895,4872,2720,36681,1005,5324,0,0,0,0,0
1029,1056,1029.3790055479967,99795,1112,620,144,57,52783,28081,0.8103011172904454,672,411,31286,35870,10407,6136,6377,6904,46010,37464,0,0,5309,4462,20185,3264,12370,2153,587,900,4981,2712,36562,995,5315,0,0,0,0,0
1030,1056,1030.1608878542302,99793,1090,630,145,58,52906,28164,0.8123816299740463,687,411,31228,35855,10498,6174,6350,6870,46013,37471,0,0,5293,4437,20149,3279,12434,2169,584,914,5049,2704,36483,992,5306,0,0,0,0,0
1031,1056,1031.3363759015979,99791,1083,616,145,60,53103,28265,0.8153841528795182,703,417,31135,35823,10626,6254,6306,6828,46016,37478,0,0,5265,4421,20081,3285,12509,2206,582,939,5168,2696,36359,987,5293,0,0,0,0,0
1032,1056,1032.1218064946177,99790,1087,648,146,60,53224,28368,0.8176370377793366,727,402,31054,35800,10700,6295,6284,6793,46019,37485,0,0,5248,4408,20045,3291,12555,2225,581,951,5239,2696,36285,984,5282,0,0,0,0,0
1033,1056,1033.3032680884232,99789,1142,691,147,60,53464,28515,0.8215234144043932,744,365,30944,35767,10798,6358,6223,6757,46022,37492,0,0,5227,4393,19973,3304,12654,2243,577,968,5343,2687,36177,975,5268,0,0,0,0,0
1034,1056,1034.0926194713709,99789,1148,690,147,60,53606,28586,0.8236579182074176,742,385,30885,35731,10886,6402,6190,6730,46025,37499,0,0,5215,4374,19952,3312,12698,2264,576,976,5427,2683,36086,971,5255,0,0,0,0,0
1035,1056,1035.2792570855543,99788,1164,676,147,61,53817,28695,0.8268729706978795,745,404,30812,35667,10995,6489,6135,6701,46028,37506,0,0,5182,4356,19883,3323,12797,2286,574,1002,5536,2676,35971,965,5237,0,0,0,0,0
1036,1056,1036.0718654557143,99787,1174,659,148,61,53982,28766,0.829246294607514,734,415,30740,35635,11097,6548,6105,6680,46031,37513,0,0,5163,4340,19844,3324,12859,2309,574,1017,5626,2673,35875,959,5224,0,0,0,0,0
1037,1056,1037.2636912626265,99785,1191,672,149,62,54208,28882,0.8326902841108383,758,420,30636,35592,11206,6614,6058,6638,46034,37520,0,0,5133,4318,19778,3340,12945,2335,569,1043,5741,2665,35757,956,5205,0,0,0,0,0
1038,1056,1038.0601836817602,99783,1205,671,150,63,54356,28960,0.8349718889991281,748,429,30579,35544,11284,6669,6032,6622,46037,37527,0,0,5103,4300,19729,3352,13011,2352,568,1068,5801,2662,35694,951,5192,0,0,0,0,0
1039,1056,1039.2576456674053,99783,1193,688,150,63,54562,29087,0.838309130813866,728,428,30528,35496,11407,6743,5992,6580,46040,37534,0,0,5067,4277,19664,3364,13100,2387,566,1099,5894,2656,35590,945,5174,0,0,0,0,0
1040,1056,1040.0573224103734,99783,1215,676,150,63,54721,29164,0.8406742631510378,712,436,30492,35475,11476,6802,5953,6546,46043,37541,0,0,5049,4266,19614,3366,13171,2404,565,1112,5981,2654,35499,940,5162,0,0,0,0,0
1041,1056,1041.258922012407,99783,1235,698,150,63,54938,29302,0.8442319834039866,730,436,30400,35421,11576,6871,5907,6509,46046,37548,0,0,5023,4249,19559,3381,13261,2432,563,1130,6081,2638,35388,931,5147,0,0,0,0,0
1042,1056,1042.0613728414103,99783,1229,704,150,63,55093,29391,0.8466772897186896,742,450,30333,35380,11673,6919,5871,6482,46049,37555,0,0,5006,4231,19521,3389,13312,2461,560,1142,6172,2632,35294,927,5136,0,0,0,0,0
1043,1056,1043.2681098473572,99782,1235,737,151,63,55300,29542,0.8502735964402397,763,444,30231,35336,11787,6994,5831,6424,46052,37562,0,0,4978,4213,19452,3401,13402,2489,557,1163,6280,2627,35179,922,5119,0,0,0,0,0
1044,1056,1044.0744776559518,99780,1230,781,153,63,55423,29651,0.8526157546602525,800,431,30155,35315,11852,7016,5808,6392,46055,37569,0,0,4964,4192,19414,3412,13449,2513,556,1173,6342,2625,35113,921,5106,0,0,0,0,0
1045,1056,1045.2867364887209,99779,1287,754,154,63,55661,29773,0.8562322733240462,781,463,30064,35232,11941,7125,5771,6361,46058,37576,0,0,4935,4183,19347,3412,13532,2549,555,1198,6460,2620,34986,911,5091,0,0,0,0,0
1046,1056,1046.0966236052468,99779,1309,759,154,63,55816,29877,0.8588280099018831,795,442,29982,35192,12018,7203,5740,6339,46061,37583,0,0,4917,4161,19310,3420,13610,2564,554,1210,6536,2606,34904,907,5080,0,0,0,0,0
1047,1056,1047.3150773075026,99778,1340,755,155,63,56055,30006,0.8625248050672493,762,447,29905,35150,12135,7290,5701,6293,46064,37590,0,0,4889,4138,19245,3438,13711,2589,549,1233,6652,2595,34776,904,5059,0,0,0,0,0
1048,1056,1048.1291191930165,99776,1338,734,156,64,56206,30081,0.8648071680564464,769,470,29843,35102,12221,7357,5671,6271,46067,37597,0,0,4866,4120,19207,3441,13766,2617,548,1251,6744,2588,34679,902,5047,0,0,0,0,0
1049,1056,1049.3532435451616,99774,1345,742,158,64,56467,30210,0.8687333373423938,771,488,29728,35035,12368,7431,5628,6238,46070,37604,0,0,4843,4092,19128,3453,13892,2649,547,1269,6859,2578,34551,896,5017,0,0,0,0,0
1050,1056,1050.1717910950968,99773,1363,738,159,64,56638,30306,0.8714181191304261,762,465,29657,35015,12457,7502,5600,6214,46073,37611,0,0,4822,4082,19085,3453,13953,2676,547,1283,6957,2574,34448,890,5003,0,0,0,0,0
1051,1056,1051.4034239567711,99772,1354,749,159,65,56872,30456,0.8752756284328268,795,477,29538,34966,12591,7582,5561,6159,46076,37618,0,0,4787,4059,19014,3468,14054,2712,543,1312,7077,2567,34313,880,4986,0,0,0,0,0
1052,1056,1052.226896933182,99767,1367,774,163,66,57058,30562,0.8782463139114136,786,470,29475,34930,12686,7625,5521,6133,46079,37625,0,0,4764,4044,18965,3475,14122,2738,538,1329,7151,2566,34226,874,4975,0,0,0,0,0
1053,1056,1053.0521617035488,99765,1346,780,165,66,57208,30674,0.8808900917155315,803,459,29407,34884,12783,7705,5494,6104,46082,37632,0,0,4734,4025,18909,3494,14199,2755,537,1347,7250,2562,34124,868,4961,0,0,0,0,0
1054,1056,1054.2932106798676,99765,1377,788,165,66,57453,30837,0.8849797023004059,826,465,29312,34812,12876,7808,5442,6059,46085,37639,0,0,4698,4002,18841,3508,14315,2785,536,1376,7353,2558,33998,861,4934,0,0,0,0,0
1055,1056,1055.1224255233801,99765,1368,811,165,66,57626,30935,0.8876960858016338,839,459,29226,34778,12985,7849,5415,6035,46088,37646,0,0,4681,3978,18793,3520,14402,2807,534,1390,7421,2552,33914,858,4915,0,0,0,0,0
1056,1056,1056.3701585347294,99763,1352,777,166,67,57863,31062,0.8913625291941902,885,471,29100,34736,13139,7952,5356,5995,46091,37652,0,0,4641,3958,18731,3548,14490,2856,525,1420,7552,2544,33765,851,4882,0,0,0,0,0
1057,1056,1057.2049616121533,99763,1400,790,166,67,58068,31148,0.8942794422781993,852,472,29026,34705,13228,7995,5326,5969,46094,37658,0,0,4623,3948,18686,3555,14545,2886,521,1430,7621,2542,33688,848,4870,0,0,0,0,0
1058,1056,1058.041837552805,99762,1394,814,167,67,58236,31257,0.8970650147350695,841,468,28973,34657,13317,8058,5306,5934,46097,37664,0,0,4607,3927,18645,3568,14607,2913,520,1441,7707,2537,33588,844,4858,0,0,0,0,0
1059,1056,1059.300135563653,99760,1380,804,168,68,58476,31406,0.9009823576583801,885,478,28850,34588,13447,8167,5268,5893,46100,37670,0,0,4579,3903,18567,3578,14714,2958,518,1463,7838,2530,33438,839,4835,0,0,0,0,0
1060,1056,1060.141602704912,99758,1402,813,170,68,58658,31503,0.9037971891978588,863,483,28813,34551,13522,8214,5228,5869,46103,37676,0,0,4563,3889,18514,3588,14778,2986,517,1471,7924,2525,33346,834,4823,0,0,0,0,0
1061,1056,1061.4063749072766,99757,1454,805,170,69,58954,31653,0.9082771133855269,810,491,28743,34475,13645,8327,5176,5831,46106,37682,0,0,4539,3865,18440,3602,14880,3035,515,1485,8045,2517,33204,829,4801,0,0,0,0,0
1062,1056,1062.2511559183115,99756,1456,824,170,70,59146,31778,0.9114639720919042,775,473,28691,34434,13759,8394,5147,5803,46109,37688,0,0,4522,3846,18366,3614,14966,3070,514,1494,8131,2512,33106,824,4791,0,0,0,0,0
1063,1056,1063.097759840109,99756,1439,821,170,70,59315,31876,0.9141405028268976,790,483,28622,34391,13855,8457,5122,5776,46112,37694,0,0,4495,3829,18312,3623,15046,3100,513,1511,8207,2507,33015,819,4779,0,0,0,0,0
1064,1056,1064.371422992159,99755,1447,812,171,70,59580,32023,0.9182797854744124,813,493,28520,34333,13973,8552,5074,5738,46115,37700,0,0,4465,3806,18231,3634,15164,3143,508,1535,8339,2497,32865,815,4753,0,0,0,0,0
1065,1056,1065.2227495818047,99755,1458,811,171,70,59745,32120,0.920906220239587,837,495,28437,34300,14043,8610,5052,5712,46118,37706,0,0,4451,3783,18183,3642,15238,3169,505,1547,8418,2493,32778,811,4737,0,0,0,0,0
1066,1056,1066.0761092258426,99754,1476,818,172,70,59938,32226,0.9239128255508551,819,499,28368,34253,14134,8670,5029,5688,46121,37712,0,0,4427,3764,18132,3656,15312,3196,503,1564,8496,2490,32687,804,4723,0,0,0,0,0
1067,1056,1067.3602499107583,99751,1439,810,173,72,60205,32377,0.9281310463053002,815,519,28271,34192,14317,8768,4983,5637,46124,37718,0,0,4393,3736,18053,3684,15426,3247,497,1588,8629,2482,32523,798,4695,0,0,0,0,0
1068,1056,1068.2190593476787,99750,1444,810,174,72,60382,32489,0.9310375939849624,824,505,28194,34148,14411,8846,4951,5617,46127,37724,0,0,4369,3723,18011,3688,15493,3273,496,1603,8735,2475,32405,794,4685,0,0,0,0,0
1069,1056,1069.080004636655,99750,1433,808,174,72,60563,32595,0.9339147869674186,818,510,28120,34095,14530,8916,4923,5597,46130,37730,0,0,4352,3703,17959,3699,15560,3315,496,1615,8831,2468,32295,792,4665,0,0,0,0,0
1070,1056,1070.3756158530982,99749,1445,823,175,72,60824,32769,0.9382850955899307,824,478,28032,34036,14643,9027,4879,5562,46133,37736,0,0,4323,3678,17880,3712,15654,3367,495,1633,8955,2459,32154,788,4651,0,0,0,0,0
1071,1056,1071.2416554580534,99747,1440,839,176,73,61000,32885,0.9412313152275257,801,473,27975,33997,14748,9086,4858,5530,46136,37742,0,0,4301,3661,17838,3715,15722,3403,492,1650,9036,2452,32054,786,4637,0,0,0,0,0
1072,1056,1072.1096677610556,99745,1444,837,178,73,61198,32989,0.9442779086671012,784,481,27909,33946,14845,9152,4838,5509,46139,37748,0,0,4277,3648,17772,3714,15811,3439,490,1669,9124,2442,31957,781,4621,0,0,0,0,0
1073,1056,1073.415703262604,99744,1431,850,179,73,61469,33143,0.9485482836060315,809,478,27787,33891,15008,9236,4784,5470,46142,37754,0,0,4247,3624,17686,3713,15938,3485,490,1694,9248,2428,31815,774,4602,0,0,0,0,0
1074,1056,1074.289355333543,99743,1430,847,179,74,61644,33257,0.9514552399667144,817,476,27718,33852,15104,9311,4750,5438,46145,37760,0,0,4233,3597,17636,3732,16007,3517,489,1701,9344,2425,31703,771,4588,0,0,0,0,0
1075,1056,1075.1654748760131,99739,1420,853,182,75,61808,33370,0.9542706463870703,815,471,27662,33809,15188,9374,4731,5416,46148,37766,0,0,4213,3581,17595,3742,16073,3553,485,1714,9420,2417,31605,768,4573,0,0,0,0,0
1076,1056,1076.0432029370563,99738,1431,863,182,76,61991,33486,0.9572780685395736,822,466,27596,33765,15273,9434,4694,5394,46151,37772,0,0,4201,3559,17543,3753,16158,3579,483,1720,9497,2413,31508,761,4563,0,0,0,0,0
1077,1056,1077.3635664771,99736,1445,853,184,76,62263,33644,0.9616086468276249,849,476,27477,33706,15383,9536,4660,5351,46154,37778,0,0,4174,3538,17454,3771,16277,3625,480,1737,9629,2406,31358,753,4534,0,0,0,0,0
1078,1056,1078.246515006904,99735,1430,874,185,76,62448,33764,0.964676392439966,838,454,27404,33677,15509,9593,4632,5324,46157,37784,0,0,4159,3510,17400,3792,16347,3659,479,1743,9726,2403,31253,748,4516,0,0,0,0,0
1079,1056,1079.1320842320956,99735,1453,886,185,76,62632,33877,0.9676542838522083,860,458,27338,33647,15563,9635,4599,5296,46160,37790,0,0,4136,3494,17362,3807,16406,3684,476,1752,9819,2397,31151,746,4505,0,0,0,0,0
1080,1056,1080.0192514613836,99735,1464,888,185,76,62824,33980,0.9706121221236276,867,482,27259,33607,15649,9684,4574,5261,46163,37796,0,0,4118,3475,17317,3822,16478,3717,475,1758,9888,2394,31056,742,4495,0,0,0,0,0
1081,1056,1081.3541317925124,99735,1478,871,185,76,63108,34132,0.9749837068230812,848,499,27180,33543,15782,9793,4525,5216,46166,37802,0,0,4096,3449,17231,3828,16612,3759,474,1774,10024,2382,30892,737,4477,0,0,0,0,0
1082,1056,1082.2461914113667,99734,1486,880,185,77,63296,34242,0.9779814306054104,852,501,27115,33501,15864,9845,4496,5194,46169,37808,0,0,4076,3426,17175,3839,16694,3786,474,1787,10109,2377,30797,733,4461,0,0,0,0,0
1083,1056,1083.140046509716,99734,1500,877,185,77,63508,34341,0.9810997252692161,828,505,27040,33456,15968,9913,4477,5170,46172,37814,0,0,4050,3404,17120,3853,16767,3828,472,1805,10179,2369,30708,730,4449,0,0,0,0,0
1084,1056,1084.0365562233928,99734,1490,894,185,77,63698,34461,0.9842079932620771,818,507,27002,33393,16056,9982,4447,5145,46175,37820,0,0,4030,3375,17064,3868,16847,3862,472,1819,10270,2362,30607,726,4432,0,0,0,0,0
1085,1056,1085.3842909099383,99734,1471,881,185,77,63959,34601,0.988228688310907,840,532,26929,33333,16184,10062,4389,5113,46178,37826,0,0,4006,3351,16983,3892,16956,3920,469,1833,10379,2355,30465,719,4406,0,0,0,0,0
1086,1056,1086.2846331104286,99733,1508,880,186,77,64184,34712,0.9916075922713645,802,518,26855,33312,16277,10124,4370,5087,46181,37832,0,0,3986,3334,16939,3893,17034,3956,467,1843,10462,2353,30362,715,4389,0,0,0,0,0
1087,1056,1087.1872887608995,99732,1522,881,186,78,64404,34828,0.9949865639914972,773,507,26772,33274,16396,10189,4349,5069,46184,37838,0,0,3966,3312,16878,3909,17119,3998,466,1855,10531,2348,30266,714,4370,0,0,0,0,0
1088,1056,1088.0928716088256,99731,1499,884,187,78,64584,34936,0.9978843087906468,803,495,26698,33241,16480,10251,4331,5049,46187,37844,0,0,3939,3287,16815,3927,17211,4033,464,1870,10593,2346,30185,708,4353,0,0,0,0,0
1089,1056,1089.0009244877733,99731,1487,887,187,78,64759,35048,1.0007620499142693,807,496,26658,33207,16555,10305,4304,5025,46190,37850,0,0,3929,3268,16762,3940,17286,4075,462,1870,10670,2339,30085,705,4340,0,0,0,0,0
1090,1056,1090.3667492483098,99730,1473,871,188,78,65031,35218,1.0052040509375313,796,493,26577,33145,16689,10429,4275,4982,46193,37856,0,0,3901,3229,16677,3971,17424,4116,458,1885,10806,2325,29921,699,4318,0,0,0,0,0
1091,1056,1091.2797093644917,99729,1433,866,189,78,65188,35324,1.0078512769605632,829,498,26517,33097,16774,10493,4256,4966,46196,37862,0,0,3874,3212,16632,3981,17484,4161,453,1904,10894,2321,29820,694,4299,0,0,0,0,0
1092,1056,1092.194667175336,99728,1427,863,190,78,65376,35443,1.0109397561366917,829,461,26466,33077,16862,10571,4224,4948,46199,37868,0,0,3852,3203,16578,3980,17554,4207,452,1918,10991,2313,29704,689,4287,0,0,0,0,0
1093,1056,1093.1117534049363,99728,1460,852,190,78,65593,35549,1.0141785656987006,781,449,26403,33046,16961,10644,4203,4929,46202,37874,0,0,3831,3186,16516,3987,17645,4243,449,1929,11055,2309,29616,685,4277,0,0,0,0,0
1094,1056,1094.03150400867,99728,1435,828,190,78,65773,35648,1.0169761751965345,788,446,26346,33010,17058,10726,4181,4910,46205,37880,0,0,3817,3167,16448,3995,17752,4280,448,1934,11136,2299,29514,679,4259,0,0,0,0,0
