,indexID,time,N,Inf_L,Inf_H,Dead_L,Dead_H,cum_cases_L,cum_cases_H,cum_sum_per_N,Exposed_L,Exposed_H,Sus_L,Sus_H,Rec_nat_L,Rec_nat_H,Rec_vax_L,Rec_vax_H,vaccinatedH,vaccinatedL,boostedH,boostedL,count_Naive,count_Delta,count_Delta_vaccine,count_two,count_three,count_four,count_Omicron,count_Omicron_star,count_Omicron_star_vaccine,count_Omicron_vaccine,count_Vaccine,count_WT,count_WT_vaccine,count_WT_vaccine_boost,count_Omicron_vaccine_boost,count_Delta_vaccine_boost,count_Omicron_star_vaccine_boost,count_Vaccine_boost
0,4254,1.0071277527405875,99996,6,5,0,0,7,6,0.00013000520020800833,21,19,49970,49973,1,1,0,0,0,0,0,0,99994,0,0,0,0,0,0,0,0,0,0,2,0,0,0,0,0,0
1,4254,2.085192521676314,99996,9,10,0,0,11,11,0.00022000880035201407,19,14,49968,49973,2,1,0,0,0,0,0,0,99993,0,0,0,0,0,0,0,0,0,0,3,0,0,0,0,0,0
2,4254,3.0510508041575837,99996,13,11,0,0,15,14,0.0002900116004640186,16,11,49967,49973,2,3,0,0,0,0,0,0,99991,0,0,0,0,0,0,0,0,0,0,5,0,0,0,0,0,0
3,4254,4.191623615144469,99996,15,11,0,0,19,16,0.0003500140005600224,15,11,49964,49971,4,5,0,0,0,0,0,0,99987,0,0,0,0,0,0,0,0,0,0,9,0,0,0,0,0,0
4,4254,5.044037768986909,99996,16,11,0,0,21,18,0.000390015600624025,15,9,49962,49971,5,7,0,0,0,0,0,0,99984,0,0,0,0,0,0,0,0,0,0,12,0,0,0,0,0,0
5,4254,6.007415812140122,99996,18,11,0,0,24,20,0.00044001760070402814,14,9,49960,49969,6,9,0,0,0,0,0,0,99981,0,0,0,0,0,0,0,0,0,0,15,0,0,0,0,0,0
6,4254,7.016546110482198,99996,20,12,0,0,28,21,0.0004900196007840313,13,10,49957,49967,8,9,0,0,0,0,0,0,99979,0,0,0,0,0,0,0,0,0,0,17,0,0,0,0,0,0
7,4254,8.005364166999543,99996,18,12,0,0,30,22,0.0005200208008320333,15,12,49953,49964,12,10,0,0,0,0,0,0,99974,0,0,0,0,0,0,0,0,0,0,22,0,0,0,0,0,0
8,4254,9.01623347324994,99996,19,13,0,0,33,25,0.0005800232009280372,15,10,49950,49963,14,12,0,0,0,0,0,0,99970,0,0,0,0,0,0,0,0,0,0,26,0,0,0,0,0,0
9,4254,10.035192487867358,99996,20,13,0,0,38,26,0.000640025601024041,15,12,49947,49960,16,13,0,0,0,0,0,0,99965,0,0,0,0,0,0,0,0,0,0,31,0,0,0,0,0,0
10,4254,11.033720364168786,99996,20,14,0,0,42,29,0.0007100284011360454,14,12,49944,49957,20,15,0,0,0,0,0,0,99959,0,0,0,0,0,0,0,0,0,0,37,0,0,0,0,0,0
11,4254,12.024206869619144,99996,24,12,0,0,48,32,0.0008000320012800512,11,10,49941,49956,22,20,0,0,0,0,0,0,99952,0,0,0,0,0,0,0,0,0,0,44,0,0,0,0,0,0
12,4254,13.026388296240931,99996,19,14,0,0,50,34,0.0008400336013440538,14,10,49936,49955,29,19,0,0,0,0,0,0,99945,0,0,0,0,0,0,0,0,0,0,51,0,0,0,0,0,0
13,4254,14.086511807118189,99996,16,14,0,0,53,39,0.0009200368014720589,18,8,49929,49952,35,24,0,0,0,0,0,0,99934,0,0,0,0,0,0,0,0,0,0,62,0,0,0,0,0,0
14,4254,15.117687482732311,99996,19,15,0,0,58,41,0.0009900396015840634,14,10,49928,49948,37,25,0,0,0,0,0,0,99931,0,0,0,0,0,0,0,0,0,0,65,0,0,0,0,0,0
15,4254,16.233646481322523,99996,22,12,0,0,64,43,0.0010700428017120685,13,10,49923,49946,40,30,0,0,0,0,0,0,99923,0,0,0,0,0,0,0,0,0,0,73,0,0,0,0,0,0
16,4254,17.015852930344234,99996,24,15,0,0,68,46,0.001140045601824073,12,8,49920,49945,42,30,0,0,0,0,0,0,99921,0,0,0,0,0,0,0,0,0,0,75,0,0,0,0,0,0
17,4254,18.079132331800803,99996,23,13,0,0,73,47,0.0012000480019200767,11,11,49916,49941,48,33,0,0,0,0,0,0,99912,0,0,0,0,0,0,0,0,0,0,84,0,0,0,0,0,0
18,4254,19.05532307914661,99996,24,14,0,0,76,51,0.0012700508020320814,11,10,49914,49938,49,36,0,0,0,0,0,0,99907,0,0,0,0,0,0,0,0,0,0,89,0,0,0,0,0,0
19,4254,20.141081167647098,99996,23,15,0,0,81,55,0.001360054402176087,10,9,49910,49935,55,39,0,0,0,0,0,0,99898,0,0,0,0,0,0,0,0,0,0,98,0,0,0,0,0,0
20,4254,21.076701139419065,99996,24,14,0,0,85,58,0.0014300572022880914,6,6,49910,49935,58,43,0,0,0,0,0,0,99891,0,0,0,0,0,0,0,0,0,0,105,0,0,0,0,0,0
21,4254,22.00556717143669,99996,21,16,0,0,87,62,0.0014900596023840955,10,2,49904,49935,63,45,0,0,0,0,0,0,99884,0,0,0,0,0,0,0,0,0,0,112,0,0,0,0,0,0
22,4254,23.102393118170856,99996,22,15,0,0,90,62,0.0015200608024320973,11,4,49900,49934,65,45,0,0,0,0,0,0,99881,0,0,0,0,0,0,0,0,0,0,115,0,0,0,0,0,0
23,4254,24.19322055411544,99996,18,15,0,0,92,63,0.0015500620024800993,11,6,49898,49931,71,46,0,0,0,0,0,0,99874,0,0,0,0,0,0,0,0,0,0,122,0,0,0,0,0,0
24,4254,25.070887494941505,99996,19,15,0,0,95,64,0.0015900636025441017,12,6,49894,49930,73,47,0,0,0,0,0,0,99871,0,0,0,0,0,0,0,0,0,0,125,0,0,0,0,0,0
25,4254,26.005138858876165,99996,18,13,0,0,97,64,0.0016100644025761031,10,6,49895,49930,75,49,0,0,0,0,0,0,99866,0,0,0,0,0,0,0,0,0,0,130,0,0,0,0,0,0
26,4254,27.035653098560022,99996,18,14,0,0,101,66,0.001670066802672107,7,7,49894,49927,79,50,0,0,0,0,0,0,99861,0,0,0,0,0,0,0,0,0,0,135,0,0,0,0,0,0
27,4254,28.02647683318557,99996,14,14,0,0,103,68,0.0017100684027361094,11,8,49888,49924,85,52,0,0,0,0,0,0,99853,0,0,0,0,0,0,0,0,0,0,143,0,0,0,0,0,0
28,4254,29.095746319150823,99996,16,12,0,0,109,70,0.0017900716028641146,7,10,49886,49920,89,56,0,0,0,0,0,0,99845,0,0,0,0,0,0,0,0,0,0,151,0,0,0,0,0,0
29,4254,30.1265275249439,99996,13,12,0,0,110,73,0.0018300732029281172,10,10,49882,49917,93,59,0,0,0,0,0,0,99838,0,0,0,0,0,0,0,0,0,0,158,0,0,0,0,0,0
30,4254,31.087583021139103,99996,15,15,0,0,116,78,0.0019400776031041243,5,5,49881,49917,97,61,0,0,0,0,0,0,99832,0,0,0,0,0,0,0,0,0,0,164,0,0,0,0,0,0
31,4254,32.204472263222875,99996,18,17,0,0,120,82,0.0020200808032321293,10,4,49874,49914,96,63,0,0,0,0,0,0,99829,0,0,0,0,0,0,0,0,0,0,167,0,0,0,0,0,0
32,4254,33.02101047101761,99996,21,17,0,0,124,84,0.0020800832033281333,7,3,49874,49913,96,65,0,0,0,0,0,0,99826,0,0,0,0,0,0,0,0,0,0,170,0,0,0,0,0,0
33,4254,34.17327084465735,99996,19,17,0,0,125,85,0.0021000840033601345,13,4,49868,49911,98,66,0,0,0,0,0,0,99822,0,0,0,0,0,0,0,0,0,0,174,0,0,0,0,0,0
34,4254,35.22567845540339,99996,21,14,0,0,128,86,0.002140085603424137,15,3,49863,49911,99,70,0,0,0,0,0,0,99817,0,0,0,0,0,0,0,0,0,0,179,0,0,0,0,0,0
35,4254,36.17229124460526,99996,24,13,0,0,133,86,0.00219008760350414,13,3,49860,49911,101,71,0,0,0,0,0,0,99814,0,0,0,0,0,0,0,0,0,0,182,0,0,0,0,0,0
36,4254,37.175077646202986,99996,22,14,0,0,137,88,0.0022500900036001442,11,1,49858,49911,107,72,0,0,0,0,0,0,99807,0,0,0,0,0,0,0,0,0,0,189,0,0,0,0,0,0
37,4254,38.257041188855524,99996,19,12,0,0,138,88,0.0022600904036161446,12,2,49857,49910,110,74,0,0,0,0,0,0,99801,0,0,0,0,0,0,0,0,0,0,195,0,0,0,0,0,0
38,4254,39.0073911214228,99996,22,8,0,0,142,88,0.002300092003680147,12,3,49853,49909,111,78,0,0,0,0,0,0,99796,0,0,0,0,0,0,0,0,0,0,200,0,0,0,0,0,0
39,4254,40.032858164113335,99996,20,8,0,0,145,88,0.002330093203728149,11,4,49851,49909,116,77,0,0,0,0,0,0,99791,0,0,0,0,0,0,0,0,0,0,205,0,0,0,0,0,0
40,4254,41.144542153793346,99996,19,9,0,0,147,90,0.002370094803792152,12,4,49851,49907,116,78,0,0,0,0,0,0,99787,0,0,0,0,0,0,0,0,0,0,209,0,0,0,0,0,0
41,4254,42.136707801804256,99996,19,9,0,0,148,91,0.002390095603824153,12,5,49850,49905,117,79,0,0,0,0,0,0,99785,0,0,0,0,0,0,0,0,0,0,211,0,0,0,0,0,0
42,4254,43.00329049932042,99996,17,9,0,0,150,92,0.002420096803872155,13,7,49849,49902,119,80,0,0,0,0,0,0,99780,0,0,0,0,0,0,0,0,0,0,216,0,0,0,0,0,0
43,4254,44.03200483077558,99996,21,9,0,0,155,93,0.0024800992039681587,11,7,49846,49905,120,77,0,0,0,0,0,0,99778,0,0,0,0,0,0,0,0,0,0,218,0,0,0,0,0,0
44,4254,45.07541872516427,99996,22,10,0,0,157,94,0.0025101004040161607,11,8,49845,49903,120,77,0,0,0,0,0,0,99777,0,0,0,0,0,0,0,0,0,0,219,0,0,0,0,0,0
45,4254,46.088435112150506,99996,21,7,0,0,162,95,0.0025701028041121643,13,10,49839,49900,125,81,0,0,0,0,0,0,99767,0,0,0,0,0,0,0,0,0,0,229,0,0,0,0,0,0
46,4254,47.11462728313766,99996,20,7,0,0,163,96,0.002590103604144166,14,9,49838,49901,126,81,0,0,0,0,0,0,99764,0,0,0,0,0,0,0,0,0,0,232,0,0,0,0,0,0
47,4254,48.24001636123038,99996,22,8,0,0,166,98,0.0026401056042241688,11,8,49838,49900,127,82,0,0,0,0,0,0,99762,0,0,0,0,0,0,0,0,0,0,234,0,0,0,0,0,0
48,4254,49.1692035556336,99996,18,10,0,0,168,100,0.0026801072042881716,14,9,49833,49897,133,82,0,0,0,0,0,0,99756,0,0,0,0,0,0,0,0,0,0,240,0,0,0,0,0,0
49,4254,50.049603073068205,99996,21,12,0,0,173,103,0.002760110404416177,12,6,49830,49898,135,82,0,0,0,0,0,0,99753,0,0,0,0,0,0,0,0,0,0,243,0,0,0,0,0,0
50,4254,51.0944576382579,99996,19,10,0,0,174,105,0.0027901116044641784,15,8,49826,49894,138,86,0,0,0,0,0,0,99746,0,0,0,0,0,0,0,0,0,0,250,0,0,0,0,0,0
51,4254,52.1420829651665,99996,18,12,0,0,176,110,0.002860114404576183,15,9,49824,49888,141,89,0,0,0,0,0,0,99740,0,0,0,0,0,0,0,0,0,0,256,0,0,0,0,0,0
52,4254,53.13866560332301,99996,17,12,0,0,178,112,0.0029001160046401857,18,8,49819,49887,144,91,0,0,0,0,0,0,99735,0,0,0,0,0,0,0,0,0,0,261,0,0,0,0,0,0
53,4254,54.05075237453786,99996,18,10,0,0,184,114,0.002980119204768191,13,8,49818,49886,149,94,0,0,0,0,0,0,99726,0,0,0,0,0,0,0,0,0,0,270,0,0,0,0,0,0
54,4254,55.06930085081809,99996,16,11,0,0,186,115,0.0030101204048161925,15,9,49814,49884,153,94,0,0,0,0,0,0,99722,0,0,0,0,0,0,0,0,0,0,274,0,0,0,0,0,0
55,4254,56.13450511182304,99996,19,9,0,0,191,115,0.0030601224048961958,15,11,49810,49882,154,96,0,0,0,0,0,0,99718,0,0,0,0,0,0,0,0,0,0,278,0,0,0,0,0,0
56,4254,57.135911023725214,99996,24,11,0,0,197,119,0.003160126405056202,15,7,49805,49882,154,98,0,0,0,0,0,0,99715,0,0,0,0,0,0,0,0,0,0,281,0,0,0,0,0,0
57,4254,58.1056479678912,99996,21,9,0,0,201,119,0.0032001280051202046,12,8,49804,49881,161,100,0,0,0,0,0,0,99706,0,0,0,0,0,0,0,0,0,0,290,0,0,0,0,0,0
58,4254,59.07072004217162,99996,24,11,0,0,207,122,0.0032901316052642107,13,10,49797,49877,164,100,0,0,0,0,0,0,99702,0,0,0,0,0,0,0,0,0,0,294,0,0,0,0,0,0
59,4254,60.042103570125086,99996,24,14,0,0,210,126,0.003360134405376215,12,6,49795,49877,167,101,0,0,0,0,0,0,99698,0,0,0,0,0,0,0,0,0,0,298,0,0,0,0,0,0
60,4254,61.182756685543964,99996,22,14,0,0,214,128,0.0034201368054722187,10,5,49793,49877,173,102,0,0,0,0,0,0,99690,0,0,0,0,0,0,0,0,0,0,306,0,0,0,0,0,0
61,4254,62.116992153786036,99996,20,14,0,0,216,129,0.0034501380055202207,11,7,49790,49874,177,103,0,0,0,0,0,0,99685,0,0,0,0,0,0,0,0,0,0,311,0,0,0,0,0,0
62,4254,63.05068774649835,99996,24,13,0,0,221,131,0.003520140805632225,10,9,49786,49870,178,106,0,0,0,0,0,0,99681,0,0,0,0,0,0,0,0,0,0,315,0,0,0,0,0,0
63,4254,64.31053722163155,99996,20,12,0,0,222,131,0.003530141205648226,13,12,49783,49867,182,107,0,0,0,0,0,0,99675,0,0,0,0,0,0,0,0,0,0,321,0,0,0,0,0,0
64,4254,65.09194809844308,99996,19,13,0,0,222,133,0.003550142005680227,17,11,49780,49866,182,108,0,0,0,0,0,0,99673,0,0,0,0,0,0,0,0,0,0,323,0,0,0,0,0,0
65,4254,66.0512312800166,99996,21,15,0,0,224,139,0.0036301452058082324,19,6,49778,49866,180,111,0,0,0,0,0,0,99669,0,0,0,0,0,0,0,0,0,0,327,0,0,0,0,0,0
66,4254,67.08781382478423,99996,20,14,0,0,232,140,0.003720148805952238,13,5,49776,49867,189,112,0,0,0,0,0,0,99658,0,0,0,0,0,0,0,0,0,0,338,0,0,0,0,0,0
67,4254,68.01511522424322,99996,18,13,0,0,234,142,0.0037601504060162405,13,4,49775,49868,192,113,0,0,0,0,0,0,99651,0,0,0,0,0,0,0,0,0,0,345,0,0,0,0,0,0
68,4254,69.11920395328748,99996,21,12,0,0,238,144,0.0038201528061122445,10,6,49775,49864,192,116,0,0,0,0,0,0,99647,0,0,0,0,0,0,0,0,0,0,349,0,0,0,0,0,0
69,4254,70.13400771638862,99996,20,11,0,0,240,144,0.0038401536061442457,11,7,49774,49864,193,116,0,0,0,0,0,0,99643,0,0,0,0,0,0,0,0,0,0,353,0,0,0,0,0,0
70,4254,71.0783003932976,99996,20,11,0,0,243,145,0.0038801552062082485,12,7,49770,49863,196,117,0,0,0,0,0,0,99639,0,0,0,0,0,0,0,0,0,0,357,0,0,0,0,0,0
71,4254,72.09072761779531,99996,21,12,0,0,246,147,0.003930157206288251,12,5,49768,49865,197,116,0,0,0,0,0,0,99636,0,0,0,0,0,0,0,0,0,0,360,0,0,0,0,0,0
72,4254,73.04994654736198,99996,23,13,0,0,250,148,0.0039801592063682546,12,8,49765,49861,198,116,0,0,0,0,0,0,99634,0,0,0,0,0,0,0,0,0,0,362,0,0,0,0,0,0
73,4254,74.03418626445693,99996,22,16,0,0,251,153,0.004040161606464259,12,3,49765,49861,199,118,0,0,0,0,0,0,99630,0,0,0,0,0,0,0,0,0,0,366,0,0,0,0,0,0
74,4254,75.03819431557028,99996,24,12,0,0,256,153,0.004090163606544262,11,5,49762,49860,201,121,0,0,0,0,0,0,99623,0,0,0,0,0,0,0,0,0,0,373,0,0,0,0,0,0
75,4254,76.31687204116245,99996,22,14,0,0,257,155,0.004120164806592263,14,7,49759,49856,203,121,0,0,0,0,0,0,99620,0,0,0,0,0,0,0,0,0,0,376,0,0,0,0,0,0
76,4254,77.18289190912031,99996,20,14,0,0,258,156,0.004140165606624265,16,6,49756,49857,206,121,0,0,0,0,0,0,99616,0,0,0,0,0,0,0,0,0,0,380,0,0,0,0,0,0
77,4254,78.01684278657521,99996,20,14,0,0,261,157,0.0041801672066882675,16,5,49753,49857,209,122,0,0,0,0,0,0,99612,0,0,0,0,0,0,0,0,0,0,384,0,0,0,0,0,0
78,4254,79.11752635749448,99996,24,12,0,0,268,157,0.004250170006800272,11,6,49753,49856,210,124,0,0,0,0,0,0,99607,0,0,0,0,0,0,0,0,0,0,389,0,0,0,0,0,0
79,4254,80.04052560351816,99996,25,10,0,0,271,158,0.004290171606864275,10,7,49752,49854,211,127,0,0,0,0,0,0,99602,0,0,0,0,0,0,0,0,0,0,394,0,0,0,0,0,0
80,4254,81.06462342608353,99996,30,10,0,0,277,161,0.00438017520700828,9,7,49747,49851,212,130,0,0,0,0,0,0,99599,0,0,1,0,0,0,0,0,0,0,396,0,0,0,0,0,0
81,4254,82.03876103109779,99996,27,12,0,0,283,163,0.004460178407136285,9,8,49741,49848,221,130,0,0,0,0,0,0,99590,0,0,1,0,0,0,0,0,0,0,405,0,0,0,0,0,0
82,4254,83.06159984345854,99996,30,12,0,0,286,164,0.0045001800072002884,9,8,49740,49848,219,130,0,0,0,0,0,0,99589,0,0,1,0,0,0,0,0,0,0,406,0,0,0,0,0,0
83,4254,84.15018017254991,99996,29,14,0,0,289,168,0.004570182807312292,9,5,49740,49850,220,129,0,0,0,0,0,0,99583,0,0,1,0,0,0,0,0,0,0,412,0,0,0,0,0,0
84,4254,85.00019653175427,99996,31,14,0,0,293,169,0.004620184807392296,9,7,49738,49847,220,130,0,0,0,0,0,0,99580,0,0,1,0,0,0,0,0,0,0,415,0,0,0,0,0,0
85,4254,86.0394696409692,99996,27,14,0,0,294,171,0.004650186007440297,12,7,49734,49845,225,132,0,0,0,0,0,0,99573,0,0,1,0,0,0,0,0,0,0,422,0,0,0,0,0,0
86,4254,87.11586561333998,99996,23,16,0,0,295,173,0.0046801872074883,12,6,49733,49846,230,130,0,0,0,0,0,0,99568,0,0,1,0,0,0,0,0,0,0,427,0,0,0,0,0,0
87,4254,88.22886718394723,99995,20,14,1,0,300,175,0.004750237511875594,11,6,49730,49845,236,133,0,0,0,0,0,0,99556,0,0,1,0,0,0,0,0,0,0,438,0,0,0,0,0,0
88,4254,89.24901277481966,99995,22,13,1,0,304,177,0.004810240512025601,10,6,49727,49844,238,135,0,0,0,0,0,0,99552,0,0,2,0,0,0,0,0,0,0,441,0,0,0,0,0,0
89,4254,90.01158709799661,99995,19,13,1,0,304,178,0.004820241012050602,12,7,49726,49842,240,136,0,0,0,0,0,0,99548,0,0,2,0,0,0,0,0,0,0,445,0,0,0,0,0,0
90,4254,91.04478151792237,99994,19,16,1,1,307,183,0.004900294017641058,10,4,49726,49842,242,135,0,0,0,0,0,0,99543,0,0,2,0,0,0,0,0,0,0,449,0,0,0,0,0,0
91,4254,92.010348250206,99994,18,14,1,1,307,185,0.004920295217713063,13,2,49723,49842,243,139,0,0,0,0,0,0,99538,0,0,2,0,0,0,0,0,0,0,454,0,0,0,0,0,0
92,4254,93.0423020826077,99994,15,12,1,1,310,187,0.004970298217893074,16,1,49718,49841,248,143,0,0,0,0,0,0,99528,0,0,2,0,0,0,0,0,0,0,464,0,0,0,0,0,0
93,4254,94.13094006890458,99994,17,11,1,1,313,188,0.005010300618037082,15,1,49716,49840,249,145,0,0,0,0,0,0,99525,0,0,2,0,0,0,0,0,0,0,467,0,0,0,0,0,0
94,4254,95.05015366130466,99994,19,8,1,1,316,188,0.005040302418145089,14,2,49715,49840,249,147,0,0,0,0,0,0,99521,0,0,2,0,0,0,0,0,0,0,471,0,0,0,0,0,0
95,4254,96.15860829549432,99994,20,9,1,1,321,189,0.0051003060183611015,14,5,49711,49838,252,145,0,0,0,0,0,0,99517,0,0,2,0,0,0,0,0,0,0,475,0,0,0,0,0,0
96,4254,97.13020716861631,99994,19,9,1,1,324,191,0.005150309018541113,14,8,49711,49833,253,147,0,0,0,0,0,0,99511,0,0,2,0,0,0,0,0,0,0,481,0,0,0,0,0,0
97,4254,98.12719956985629,99994,24,9,1,1,329,193,0.005220313218793128,12,7,49709,49833,252,148,0,0,0,0,0,0,99509,0,0,2,0,0,0,0,0,0,0,483,0,0,0,0,0,0
98,4254,99.13609719324162,99994,24,7,1,1,331,195,0.005260315618937137,13,7,49707,49832,253,151,0,0,0,0,0,0,99503,0,0,2,0,0,0,0,0,0,0,489,0,0,0,0,0,0
99,4254,100.04116128448015,99994,24,8,1,1,336,197,0.0053303198191891514,14,9,49701,49828,258,152,0,0,0,0,0,0,99497,0,0,2,0,0,0,0,0,0,0,495,0,0,0,0,0,0
100,4254,101.04711558003588,99994,20,9,1,1,338,200,0.005380322819369162,17,8,49696,49826,264,154,0,0,0,0,0,0,99489,0,0,2,0,0,0,0,0,0,0,503,0,0,0,0,0,0
101,4254,102.16887494578299,99994,22,11,1,1,343,202,0.0054503270196211775,14,9,49696,49823,265,154,0,0,0,0,0,0,99486,0,0,2,0,0,0,0,0,0,0,506,0,0,0,0,0,0
102,4254,103.27256431363476,99994,21,12,1,1,344,204,0.005480328819729183,15,9,49695,49821,266,155,0,0,0,0,0,0,99483,0,0,2,0,0,0,0,0,0,0,509,0,0,0,0,0,0
103,4254,104.11780330637114,99994,21,14,1,1,346,206,0.005520331219873192,16,9,49693,49819,267,155,0,0,0,0,0,0,99481,0,0,2,0,0,0,0,0,0,0,511,0,0,0,0,0,0
104,4254,105.32945396116158,99994,21,17,1,1,352,209,0.005610336620197212,20,11,49685,49815,271,154,0,0,0,0,0,0,99475,0,0,2,0,0,0,0,0,0,0,517,0,0,0,0,0,0
105,4254,106.02125171582271,99994,22,18,1,1,354,213,0.005670340220413224,20,7,49683,49815,272,157,0,0,0,0,0,0,99471,0,0,2,0,0,0,0,0,0,0,521,0,0,0,0,0,0
106,4254,107.05394696592118,99994,28,16,1,1,363,213,0.005760345620737245,17,10,49677,49813,275,158,0,0,0,0,0,0,99466,0,0,2,0,0,0,0,0,0,0,526,0,0,0,0,0,0
107,4254,108.01418351828033,99994,30,15,1,1,366,214,0.005800348020881253,16,9,49675,49813,276,160,0,0,0,0,0,0,99463,0,0,2,0,0,0,0,0,0,0,529,0,0,0,0,0,0
108,4254,109.27169416880214,99994,24,11,1,1,368,216,0.005840350421025262,21,14,49671,49807,281,165,0,0,0,0,0,0,99449,0,0,2,0,0,0,0,0,0,0,543,0,0,0,0,0,0
109,4254,110.21253906965528,99994,26,11,1,1,372,218,0.005900354021241274,21,14,49668,49805,282,167,0,0,0,0,0,0,99445,0,0,2,0,0,0,0,0,0,0,547,0,0,0,0,0,0
110,4254,111.08225816908042,99994,27,14,1,1,376,221,0.005970358221493289,20,12,49666,49804,284,167,0,0,0,0,0,0,99442,0,0,2,0,0,0,0,0,0,0,550,0,0,0,0,0,0
111,4254,112.08622629795586,99994,27,17,1,1,380,224,0.006040362421745305,17,12,49666,49801,287,167,0,0,0,0,0,0,99438,0,0,2,0,0,0,0,0,0,0,554,0,0,0,0,0,0
112,4254,113.01737405965649,99994,23,17,1,1,383,227,0.006100366021961318,14,10,49666,49801,294,169,0,0,0,0,0,0,99428,0,0,2,0,0,0,0,0,0,0,564,0,0,0,0,0,0
113,4254,114.21177322451153,99994,25,19,1,1,387,230,0.0061703702222133325,14,9,49662,49800,296,169,0,0,0,0,0,0,99425,0,0,2,0,0,0,0,0,0,0,567,0,0,0,0,0,0
114,4254,115.21684263061027,99994,23,19,1,1,389,233,0.006220373222393344,15,10,49659,49798,300,170,0,0,0,0,0,0,99418,0,0,2,0,0,0,0,0,0,0,574,0,0,0,0,0,0
115,4254,116.26371680086861,99994,27,20,1,1,395,235,0.006300378022681361,15,11,49655,49795,300,171,0,0,0,0,0,0,99415,0,0,2,0,0,0,0,0,0,0,577,0,0,0,0,0,0
116,4254,117.05970487471747,99994,27,21,1,1,399,238,0.006370382222933376,13,10,49654,49793,303,173,0,0,0,0,0,0,99409,0,0,2,0,0,0,0,0,0,0,583,0,0,0,0,0,0
117,4254,118.15748886294631,99994,33,28,1,1,409,246,0.006550393023581415,7,7,49651,49788,306,174,0,0,0,0,0,0,99404,0,0,2,0,0,0,0,0,0,0,588,0,0,0,0,0,0
118,4254,119.10488325070786,99994,31,28,1,1,413,248,0.006610396623797428,9,12,49647,49781,310,176,0,0,0,0,0,0,99396,0,0,2,0,0,0,0,0,0,0,596,0,0,0,0,0,0
119,4254,120.17577012072317,99994,32,26,1,1,416,251,0.0066704002240134406,13,11,49640,49779,312,181,0,0,0,0,0,0,99389,0,0,2,0,0,0,0,0,0,0,603,0,0,0,0,0,0
120,4254,121.24665321348469,99994,30,26,1,1,421,255,0.00676040562433746,16,9,49633,49778,318,184,0,0,0,0,0,0,99378,0,0,2,0,0,0,0,0,0,0,614,0,0,0,0,0,0
121,4254,122.04237885657041,99994,31,27,1,1,425,258,0.006830409824589476,13,8,49633,49779,320,183,0,0,0,0,0,0,99373,0,0,2,0,0,0,0,0,0,0,619,0,0,0,0,0,0
122,4254,123.09083778737396,99994,33,21,1,1,430,259,0.006890413424805488,18,10,49624,49776,322,190,0,0,0,0,0,0,99363,0,0,2,0,0,0,0,0,0,0,629,0,0,0,0,0,0
123,4254,124.02187426556814,99994,34,22,1,1,435,261,0.006960417625057503,16,8,49621,49776,326,191,0,0,0,0,0,0,99358,0,0,2,0,0,0,0,0,0,0,634,0,0,0,0,0,0
124,4254,125.05277351276075,99994,33,21,1,1,437,266,0.007030421825309519,18,7,49618,49772,328,197,0,0,0,0,0,0,99349,0,0,2,0,0,0,0,0,0,0,643,0,0,0,0,0,0
125,4254,126.22680263496578,99994,31,22,1,1,440,268,0.007080424825489529,19,11,49614,49767,333,197,0,0,0,0,0,0,99343,0,0,2,0,0,0,0,0,0,0,649,0,0,0,0,0,0
126,4254,127.01145647820738,99994,27,22,1,1,444,269,0.0071304278256695405,17,15,49614,49762,339,198,0,0,0,0,0,0,99334,0,0,2,0,0,0,0,0,0,0,658,0,0,0,0,0,0
127,4254,128.00743639244627,99994,29,23,1,1,450,272,0.00722043322599356,16,15,49610,49759,342,200,0,0,0,0,0,0,99328,0,0,2,0,0,0,0,0,0,0,664,0,0,0,0,0,0
128,4254,129.14085463850543,99994,31,25,1,1,455,276,0.007310438626317579,15,13,49606,49757,345,202,0,0,0,0,0,0,99323,0,0,2,0,0,0,0,0,0,0,669,0,0,0,0,0,0
129,4254,130.02734024239655,99994,31,25,1,1,458,278,0.00736044162649759,18,13,49601,49756,347,203,0,0,0,0,0,0,99318,0,0,2,0,0,0,0,0,0,0,674,0,0,0,0,0,0
130,4254,131.05116088928756,99994,30,27,1,1,463,282,0.007450447026821609,18,14,49596,49752,353,204,0,0,0,0,0,0,99310,0,0,2,0,0,0,0,0,0,0,682,0,0,0,0,0,0
131,4254,132.12020244891767,99994,29,28,1,1,469,287,0.007560453627217633,20,12,49590,49751,358,206,0,0,0,0,0,0,99299,0,0,2,0,0,0,0,0,0,0,693,0,0,0,0,0,0
132,4254,133.2670301566444,99994,31,31,1,1,474,292,0.0076604596275776544,24,12,49583,49747,359,207,0,0,0,0,0,0,99294,0,0,2,0,0,0,0,0,0,0,698,0,0,0,0,0,0
133,4254,134.15820134511532,99994,38,31,1,1,483,295,0.0077804668280096806,23,10,49575,49746,361,210,0,0,0,0,0,0,99289,0,0,2,0,0,0,0,0,0,0,703,0,0,0,0,0,0
134,4254,135.26639978784425,99994,32,30,1,1,488,298,0.007860471628297698,29,13,49565,49740,371,214,0,0,0,0,0,0,99274,0,0,2,0,0,0,0,0,0,0,718,0,0,0,0,0,0
135,4254,136.11077308123586,99994,37,32,1,1,495,303,0.007980478828729723,30,14,49558,49735,372,216,0,0,0,0,0,0,99269,0,0,2,0,0,0,0,0,0,0,723,0,0,0,0,0,0
136,4254,137.03247350358365,99994,40,35,1,1,501,309,0.00810048602916175,31,12,49552,49731,374,219,0,0,0,0,0,0,99263,0,0,2,0,0,0,0,0,0,0,729,0,0,0,0,0,0
137,4254,138.25114246640615,99994,45,33,1,1,509,312,0.008210492629557774,27,15,49550,49726,375,223,0,0,0,0,0,0,99256,0,0,3,0,0,0,0,0,0,0,735,0,0,0,0,0,0
138,4254,139.09103237219784,99994,39,32,1,1,514,315,0.00829049742984579,26,16,49546,49723,386,226,0,0,0,0,0,0,99241,0,0,3,0,0,0,0,0,0,0,750,0,0,0,0,0,0
139,4254,140.07428353650812,99994,47,34,1,1,526,319,0.008450507030421826,20,13,49541,49723,389,227,0,0,0,0,0,0,99235,0,0,3,0,0,0,0,0,0,0,756,0,0,0,0,0,0
140,4254,141.07205328552502,99994,45,35,1,1,532,323,0.008550513030781847,26,14,49529,49720,397,228,0,0,0,0,0,0,99224,0,0,3,0,0,0,0,0,0,0,767,0,0,0,0,0,0
141,4254,142.05120392679922,99994,41,36,1,1,536,326,0.008620517231033862,26,16,49526,49716,404,229,0,0,0,0,0,0,99214,0,0,3,0,0,0,0,0,0,0,777,0,0,0,0,0,0
142,4254,143.30540031105608,99994,44,38,1,1,549,333,0.008820529231753905,23,19,49521,49706,409,234,0,0,0,0,0,0,99200,0,0,4,0,0,0,0,0,0,0,790,0,0,0,0,0,0
143,4254,144.30208570449003,99994,44,32,1,1,555,333,0.008880532831969918,21,21,49518,49704,414,240,0,0,0,0,0,0,99188,0,0,4,0,0,0,0,0,0,0,802,0,0,0,0,0,0
144,4254,145.24922972788607,99994,40,34,1,1,556,337,0.008930535832149929,25,18,49515,49703,417,242,0,0,0,0,0,0,99181,0,0,4,0,0,0,0,0,0,0,809,0,0,0,0,0,0
145,4254,146.13911317973952,99994,49,32,1,1,567,340,0.009070544232653958,19,17,49514,49703,415,245,0,0,0,0,0,0,99174,0,0,4,0,0,0,0,0,0,0,816,0,0,0,0,0,0
146,4254,147.04234940915902,99994,51,29,1,1,572,343,0.009150549032941976,19,18,49511,49701,416,249,0,0,0,0,0,0,99165,0,0,4,0,0,0,0,0,0,0,825,0,0,0,0,0,0
147,4254,148.10539605062806,99994,52,26,1,1,579,348,0.009270556233374002,19,20,49506,49696,420,255,0,0,0,0,0,0,99151,0,0,4,0,0,0,0,0,0,0,839,0,0,0,0,0,0
148,4254,149.13217810903538,99994,53,30,1,1,583,354,0.009370562233734024,21,17,49503,49695,420,255,0,0,0,0,0,0,99146,0,0,4,0,0,0,0,0,0,0,844,0,0,0,0,0,0
149,4254,150.0914651199174,99994,48,26,1,1,588,355,0.009430565833950038,23,20,49498,49693,428,258,0,0,0,0,0,0,99131,0,0,4,0,0,0,0,0,0,0,859,0,0,0,0,0,0
150,4254,151.03206714318986,99994,52,28,1,1,595,359,0.009540572434346061,17,20,49497,49690,431,259,0,0,0,0,0,0,99126,0,0,4,0,0,0,0,0,0,0,864,0,0,0,0,0,0
151,4254,152.2155861723427,99994,50,28,1,1,601,364,0.009650579034742085,25,20,49483,49688,439,261,0,0,0,0,0,0,99113,0,0,4,0,0,0,0,0,0,0,877,0,0,0,0,0,0
152,4254,153.02353965604775,99994,51,28,1,1,607,366,0.009730583835030102,26,18,49477,49688,443,263,0,0,0,0,0,0,99107,0,0,5,0,0,0,0,0,0,0,882,0,0,0,0,0,0
153,4254,154.21473501994572,99994,49,29,1,1,616,371,0.009870592235534131,29,19,49466,49684,453,265,0,0,0,0,0,0,99092,0,0,5,0,0,0,0,0,0,0,897,0,0,0,0,0,0
154,4254,155.14943750279204,99994,48,30,1,1,621,374,0.00995059703582215,29,19,49463,49682,457,266,0,0,0,0,0,0,99084,0,0,5,0,0,0,0,0,0,0,905,0,0,0,0,0,0
155,4254,156.04625133816742,99994,45,32,1,1,628,378,0.010060603636218173,28,18,49462,49681,462,266,0,0,0,0,0,0,99072,0,0,5,0,0,0,0,0,0,0,917,0,0,0,0,0,0
156,4254,157.02663234581263,99994,42,34,1,1,631,384,0.010150609036542193,34,14,49454,49680,467,269,0,0,0,0,0,0,99062,0,0,5,0,0,0,0,0,0,0,927,0,0,0,0,0,0
157,4254,158.22660085379442,99994,39,31,1,1,640,389,0.010290617437046222,30,13,49450,49676,478,277,0,0,0,0,0,0,99042,0,0,5,0,0,0,0,0,0,0,947,0,0,0,0,0,0
158,4254,159.04283979448135,99994,41,35,1,1,647,394,0.01041062463747825,27,15,49446,49669,483,278,0,0,0,0,0,0,99036,0,0,5,0,0,0,0,0,0,0,953,0,0,0,0,0,0
159,4254,160.2227763735673,99994,42,34,1,1,657,398,0.010550633037982279,24,18,49439,49665,492,280,0,0,0,0,0,0,99022,0,0,5,0,0,0,0,0,0,0,967,0,0,0,0,0,0
160,4254,161.02781639337934,99994,51,37,1,1,668,402,0.010700642038522312,22,18,49432,49664,492,278,0,0,0,0,0,0,99019,0,0,5,0,0,0,0,0,0,0,970,0,0,0,0,0,0
161,4254,162.10491877660775,99994,51,40,1,1,679,407,0.010860651639098346,17,17,49428,49661,501,279,0,0,0,0,0,0,99007,0,0,6,0,0,0,0,0,0,0,981,0,0,0,0,0,0
162,4254,163.20259330339766,99994,50,39,1,1,687,414,0.011010660639638379,19,16,49420,49657,508,285,0,0,0,0,0,0,98990,0,0,6,0,0,0,0,0,0,0,998,0,0,0,0,0,0
163,4254,164.27886532276835,99994,50,37,1,1,693,418,0.0111106666399984,22,13,49412,49658,513,289,0,0,0,0,0,0,98979,0,0,7,0,0,0,0,0,0,0,1008,0,0,0,0,0,0
164,4254,165.27080515911064,99994,46,32,1,1,699,422,0.011210672640358422,24,14,49405,49654,522,297,0,0,0,0,0,0,98960,0,0,7,0,0,0,0,0,0,0,1027,0,0,0,0,0,0
165,4254,166.0261244318208,99994,46,30,1,1,704,424,0.011280676840610437,28,15,49398,49651,525,301,0,0,0,0,0,0,98952,0,0,8,0,0,0,0,0,0,0,1034,0,0,0,0,0,0
166,4254,167.0611912407685,99994,47,35,1,1,708,430,0.011380682840970458,34,12,49388,49650,528,300,0,0,0,0,0,0,98948,0,0,8,0,0,0,0,0,0,0,1038,0,0,0,0,0,0
167,4254,168.0043258919516,99994,47,34,1,1,721,435,0.011560693641618497,23,9,49387,49649,540,305,0,0,0,0,0,0,98929,0,0,8,0,0,0,0,0,0,0,1057,0,0,0,0,0,0
168,4254,169.03690123499243,99994,52,34,1,1,728,439,0.01167070024201452,24,9,49379,49645,542,309,0,0,0,0,0,0,98923,0,0,8,0,0,0,0,0,0,0,1063,0,0,0,0,0,0
169,4254,170.08402975326393,99994,54,36,1,1,735,444,0.011790707442446547,25,7,49375,49645,543,309,0,0,0,0,0,0,98915,0,0,8,0,0,0,0,0,0,0,1071,0,0,0,0,0,0
170,4254,171.2099069695019,99994,57,32,1,1,750,446,0.011960717643058583,25,12,49363,49638,552,315,0,0,0,0,0,0,98897,0,0,8,0,0,0,0,0,0,0,1089,0,0,0,0,0,0
171,4254,172.2996497122749,99993,54,29,2,1,754,449,0.012030842158951126,35,15,49352,49633,555,320,0,0,0,0,0,0,98884,0,0,8,0,0,0,0,0,0,0,1101,0,0,0,0,0,0
172,4254,173.2600927832595,99993,60,29,2,1,764,451,0.012150850559539168,27,15,49352,49633,557,320,0,0,0,0,0,0,98878,0,0,8,0,0,0,0,0,0,0,1107,0,0,0,0,0,0
173,4254,174.0247279381478,99993,59,27,2,1,770,455,0.012250857560029202,28,12,49347,49633,562,325,0,0,0,0,0,0,98866,0,0,9,0,0,0,0,0,0,0,1118,0,0,0,0,0,0
174,4254,175.05563726804095,99993,55,27,2,1,779,458,0.012370865960617244,34,20,49333,49623,574,327,0,0,0,0,0,0,98850,0,0,9,0,0,0,0,0,0,0,1134,0,0,0,0,0,0
175,4254,176.04146395348246,99993,59,35,2,1,787,467,0.012540877861450302,35,15,49326,49620,576,327,0,0,0,0,0,0,98845,0,0,9,0,0,0,0,0,0,0,1139,0,0,0,0,0,0
176,4254,177.128981255245,99993,66,36,2,1,798,470,0.01268088766213635,36,15,49316,49618,578,328,0,0,0,0,0,0,98839,0,0,9,0,0,0,0,0,0,0,1145,0,0,0,0,0,0
177,4254,178.1214233350608,99993,64,35,2,1,808,475,0.0128308981628714,40,16,49304,49614,588,332,0,0,0,0,0,0,98821,0,0,9,0,0,0,0,0,0,0,1163,0,0,0,0,0,0
178,4254,179.15561220675983,99993,74,37,2,1,822,480,0.013020911463802467,34,14,49300,49613,588,333,0,0,0,0,0,0,98815,0,0,10,0,0,0,0,0,0,0,1168,0,0,0,0,0,0
179,4254,180.02817497306503,99993,80,27,2,1,839,484,0.013230926164831538,39,15,49279,49610,598,345,0,0,0,0,0,0,98790,0,0,10,0,0,0,0,0,0,0,1193,0,0,0,0,0,0
180,4254,181.3229780943228,99993,80,26,2,1,849,489,0.01338093666556659,39,13,49270,49610,607,348,0,0,0,0,0,0,98774,0,0,10,0,0,0,0,0,0,0,1209,0,0,0,0,0,0
181,4254,182.0080146185355,99993,83,27,2,1,859,492,0.013510945766203633,38,16,49262,49604,613,350,0,0,0,0,0,0,98765,0,0,10,0,0,0,0,0,0,0,1218,0,0,0,0,0,0
182,4254,183.20718065720712,99993,67,22,2,1,867,496,0.013630954166791675,45,16,49248,49601,636,358,0,0,0,0,0,0,98733,0,0,11,0,0,0,0,0,0,0,1249,0,0,0,0,0,0
183,4254,184.099809207665,99993,67,26,2,1,875,502,0.013770963967477724,43,15,49243,49596,643,360,0,0,0,0,0,0,98723,0,0,11,0,0,0,0,0,0,0,1259,0,0,0,0,0,0
184,4254,185.14676383808768,99993,69,26,2,1,889,509,0.013980978668506795,43,9,49234,49595,650,367,0,0,0,0,0,0,98704,0,0,11,0,0,0,0,0,0,0,1278,0,0,0,0,0,0
185,4254,186.18839962300135,99993,71,27,2,1,899,513,0.014120988469192844,44,11,49224,49590,657,369,0,0,0,0,0,0,98693,0,0,11,0,0,0,0,0,0,0,1289,0,0,0,0,0,0
186,4254,187.09564318306192,99993,67,25,2,1,908,514,0.014220995469682878,48,18,49214,49582,667,372,0,0,0,0,0,0,98677,0,0,11,0,0,0,0,0,0,0,1305,0,0,0,0,0,0
187,4254,188.1178071215172,99993,68,22,2,1,918,517,0.014351004570319922,54,16,49201,49582,673,377,0,0,0,0,0,0,98662,0,0,11,0,0,0,0,0,0,0,1320,0,0,0,0,0,0
188,4254,189.0641314935039,99993,71,23,2,1,933,520,0.014531017171201983,58,21,49186,49574,681,379,0,0,0,0,0,0,98648,0,0,11,0,0,0,0,0,0,0,1334,0,0,0,0,0,0
189,4254,190.16282035336755,99993,78,27,2,1,947,527,0.014741031872231056,53,21,49181,49567,684,382,0,0,0,0,0,0,98639,0,0,12,0,0,0,0,0,0,0,1342,0,0,0,0,0,0
190,4254,191.1657931104478,99993,78,26,2,1,958,528,0.014861040272819098,53,29,49170,49560,695,382,0,0,0,0,0,0,98627,0,0,13,0,0,0,0,0,0,0,1353,0,0,0,0,0,0
191,4254,192.16894745840204,99993,83,29,2,1,973,534,0.01507105497384817,59,30,49152,49554,702,384,0,0,0,0,0,0,98614,0,0,13,0,0,0,0,0,0,0,1366,0,0,0,0,0,0
192,4254,193.17233011468403,99993,89,31,2,1,990,540,0.015301071074975248,57,26,49138,49553,712,387,0,0,0,0,0,0,98599,0,0,13,0,0,0,0,0,0,0,1381,0,0,0,0,0,0
193,4254,194.17596616384236,99993,80,35,2,1,997,547,0.015441080875661296,66,25,49125,49547,725,390,0,0,0,0,0,0,98580,0,0,13,0,0,0,0,0,0,0,1400,0,0,0,0,0,0
194,4254,195.17986763838897,99993,91,41,2,1,1023,558,0.015811106777474424,53,25,49116,49537,736,394,0,0,0,0,0,0,98560,0,0,13,0,0,0,0,0,0,0,1420,0,0,0,0,0,0
195,4254,196.1839173487022,99993,93,39,2,1,1038,564,0.016021121478503497,49,25,49111,49531,743,402,0,0,0,0,0,0,98539,0,0,13,0,0,0,0,0,0,0,1441,0,0,0,0,0,0
196,4254,197.04402079943938,99993,93,46,2,1,1046,574,0.016201134079385556,49,18,49104,49532,750,401,0,0,0,0,0,0,98528,0,0,13,0,0,0,0,0,0,0,1452,0,0,0,0,0,0
197,4254,198.14358141279277,99993,93,47,2,1,1060,581,0.01641114878041463,51,21,49093,49522,759,407,0,0,0,0,0,0,98508,0,0,13,0,0,0,0,0,0,0,1472,0,0,0,0,0,0
198,4254,199.06364825617268,99993,84,45,2,1,1073,588,0.016611162781394698,52,21,49082,49516,778,415,0,0,0,0,0,0,98477,0,0,13,0,0,0,0,0,0,0,1503,0,0,0,0,0,0
199,4254,200.05817543035184,99993,90,45,2,1,1089,594,0.01683117818247277,49,20,49070,49513,787,419,0,0,0,0,0,0,98461,0,0,13,0,0,0,0,0,0,0,1519,0,0,0,0,0,0
200,4254,201.06322629570488,99993,92,39,2,1,1103,596,0.01699118938325683,51,29,49058,49502,795,427,0,0,0,0,0,0,98441,0,0,13,0,0,0,0,0,0,0,1539,0,0,0,0,0,0
201,4254,202.0684849166843,99993,91,43,2,1,1116,606,0.017221205484383908,50,28,49048,49494,807,432,0,0,0,0,0,0,98421,0,0,13,0,0,0,0,0,0,0,1559,0,0,0,0,0,0
202,4254,203.07392876975624,99993,102,40,2,1,1133,610,0.017431220185412977,43,34,49040,49484,811,439,0,0,0,0,0,0,98408,0,0,13,0,0,0,0,0,0,0,1572,0,0,0,0,0,0
203,4254,204.07949412974253,99993,101,40,2,1,1142,614,0.017561229286050025,51,33,49024,49484,820,440,0,0,0,0,0,0,98394,0,0,13,0,0,0,0,0,0,0,1586,0,0,0,0,0,0
204,4254,205.0853084621175,99993,105,42,2,1,1157,621,0.0177812446871281,53,38,49012,49476,826,441,0,0,0,0,0,0,98379,0,0,14,0,0,0,0,0,0,0,1600,0,0,0,0,0,0
205,4254,206.0912930549481,99993,99,47,2,1,1169,633,0.018021261488304182,60,39,48995,49466,842,445,0,0,0,0,0,0,98354,0,0,14,0,0,0,0,0,0,0,1625,0,0,0,0,0,0
206,4254,207.09759861359856,99993,103,54,2,1,1189,643,0.018321282489774285,55,41,48982,49457,856,445,0,0,0,0,0,0,98335,0,0,14,0,0,0,0,0,0,0,1644,0,0,0,0,0,0
207,4254,208.10410928822793,99993,97,53,2,1,1199,653,0.018521296490754353,63,43,48967,49447,869,454,0,0,0,0,0,0,98308,0,0,14,0,0,0,0,0,0,0,1671,0,0,0,0,0,0
208,4254,209.1109273827843,99993,94,50,2,1,1211,659,0.018701309091636413,66,44,48955,49445,881,458,0,0,0,0,0,0,98284,0,0,14,0,0,0,0,0,0,0,1695,0,0,0,0,0,0
209,4254,210.1180053905241,99993,88,53,2,1,1226,669,0.0189513265928615,64,43,48943,49437,901,464,0,0,0,0,0,0,98256,0,0,14,0,0,0,0,0,0,0,1723,0,0,0,0,0,0
210,4254,211.12536821373033,99993,95,55,2,1,1241,678,0.019191343394037583,59,42,48933,49430,909,470,0,0,0,0,0,0,98241,0,0,14,0,0,0,0,0,0,0,1738,0,0,0,0,0,0
211,4254,212.1329138181633,99993,100,51,2,1,1262,687,0.019491364395507686,47,44,48931,49421,918,481,0,0,0,0,0,0,98212,0,0,14,0,0,0,0,0,0,0,1767,0,0,0,0,0,0
212,4254,213.14061695526198,99993,95,67,2,1,1271,707,0.019781384696928785,51,37,48920,49410,930,483,0,0,0,0,0,0,98194,0,0,14,0,0,0,0,0,0,0,1785,0,0,0,0,0,0
213,4254,214.148470618063,99993,97,64,2,1,1281,715,0.019961397297810848,58,36,48904,49404,937,493,0,0,0,0,0,0,98175,0,0,14,0,0,0,0,0,0,0,1804,0,0,0,0,0,0
214,4254,215.1566032364836,99993,94,60,2,1,1291,721,0.020121408498594902,63,39,48893,49397,946,501,0,0,0,0,0,0,98152,0,0,14,0,0,0,0,0,0,0,1827,0,0,0,0,0,0
215,4254,216.16493102937815,99993,100,59,2,1,1308,729,0.020371425999819986,67,41,48876,49388,953,509,0,0,0,0,0,0,98132,0,0,14,0,0,0,0,0,0,0,1847,0,0,0,0,0,0
216,4254,217.1735430667366,99992,100,61,2,2,1322,738,0.020601648131850548,76,35,48860,49386,960,514,0,0,0,0,0,0,98111,0,0,14,0,0,0,0,0,0,0,1867,0,0,0,0,0,0
217,4254,218.18243273636477,99991,101,54,2,3,1339,744,0.020831874868738186,81,42,48841,49374,973,525,0,0,0,0,0,0,98082,0,0,14,0,0,0,0,0,0,0,1895,0,0,0,0,0,0
218,4254,219.19164814680477,99991,101,60,2,3,1360,758,0.021181906371573442,77,35,48826,49368,992,532,0,0,0,0,0,0,98054,0,0,15,0,0,0,0,0,0,0,1922,0,0,0,0,0,0
219,4254,220.20116066460878,99991,110,55,2,3,1383,760,0.021431928873598623,81,41,48802,49362,1003,537,0,0,0,0,0,0,98034,0,0,16,0,0,0,0,0,0,0,1941,0,0,0,0,0,0
220,4254,221.21103456594375,99991,119,54,2,3,1406,770,0.021761958576271865,71,42,48796,49353,1010,546,0,0,0,0,0,0,98010,0,0,17,0,0,0,0,0,0,0,1964,0,0,0,0,0,0
221,4254,222.22107196089155,99991,118,58,2,3,1420,780,0.02200198017821604,72,40,48783,49347,1023,550,0,0,0,0,0,0,97990,0,0,18,0,0,0,0,0,0,0,1983,0,0,0,0,0,0
222,4254,223.23132198648895,99991,130,62,2,3,1446,794,0.02240201618145633,66,35,48766,49340,1034,558,0,0,0,0,0,0,97966,0,0,18,0,0,0,0,0,0,0,2007,0,0,0,0,0,0
223,4254,224.24188020031312,99990,128,59,3,3,1461,803,0.022642264226422643,71,37,48747,49332,1049,567,0,0,0,0,0,0,97937,0,0,18,0,0,0,0,0,0,0,2035,0,0,0,0,0,0
224,4254,225.25280383825802,99990,122,59,3,3,1478,812,0.022902290229022904,84,36,48720,49324,1069,576,0,0,0,0,0,0,97905,0,0,18,0,0,0,0,0,0,0,2067,0,0,0,0,0,0
225,4254,226.2641653112836,99990,129,60,3,3,1504,819,0.023232323232323233,75,36,48709,49319,1082,580,0,0,0,0,0,0,97881,0,0,19,0,0,0,0,0,0,0,2090,0,0,0,0,0,0
226,4254,227.27584913117542,99990,140,64,3,3,1526,833,0.023592359235923593,81,27,48686,49319,1088,585,0,0,0,0,0,0,97860,0,0,19,0,0,0,0,0,0,0,2111,0,0,0,0,0,0
227,4254,228.28783546405154,99990,142,60,3,3,1554,839,0.023932393239323932,68,31,48676,49312,1109,592,0,0,0,0,0,0,97824,0,0,19,0,0,0,0,0,0,0,2147,0,0,0,0,0,0
228,4254,229.30007261746735,99990,145,60,3,3,1575,848,0.024232423242324233,72,41,48657,49297,1121,597,0,0,0,0,0,0,97797,0,0,19,0,0,0,0,0,0,0,2174,0,0,0,0,0,0
229,4254,230.31263429435373,99990,129,62,3,3,1593,858,0.024512451245124512,78,45,48638,49285,1150,603,0,0,0,0,0,0,97755,0,0,19,0,0,0,0,0,0,0,2216,0,0,0,0,0,0
230,4254,231.32567072049616,99990,129,71,3,3,1614,871,0.024852485248524854,77,51,48626,49268,1163,605,0,0,0,0,0,0,97731,0,0,20,0,0,0,0,0,0,0,2239,0,0,0,0,0,0
231,4254,232.00114215133226,99990,137,74,3,3,1636,879,0.02515251525152515,69,49,48613,49263,1176,609,0,0,0,0,0,0,97712,0,0,20,0,0,0,0,0,0,0,2258,0,0,0,0,0,0
232,4254,233.0145915783434,99990,142,82,3,3,1659,898,0.025572557255725572,61,41,48602,49256,1190,616,0,0,0,0,0,0,97683,0,0,20,0,0,0,0,0,0,0,2287,0,0,0,0,0,0
233,4254,234.02832551506438,99990,134,76,3,3,1671,905,0.025762576257625763,73,46,48585,49248,1203,625,0,0,0,0,0,0,97651,0,0,21,0,0,0,0,0,0,0,2318,0,0,0,0,0,0
234,4254,235.04235817512014,99989,129,66,4,3,1691,911,0.026022862514876635,70,50,48571,49241,1224,638,0,0,0,0,0,0,97610,0,0,21,0,0,0,0,0,0,0,2358,0,0,0,0,0,0
235,4254,236.05675239616298,99989,132,75,4,3,1713,928,0.026412905419596157,61,45,48566,49232,1235,643,0,0,0,0,0,0,97583,0,0,21,0,0,0,0,0,0,0,2385,0,0,0,0,0,0
236,4254,237.0713373444115,99989,128,71,4,3,1726,936,0.026622928522137435,69,45,48548,49225,1249,654,0,0,0,0,0,0,97555,0,0,22,0,0,0,0,0,0,0,2412,0,0,0,0,0,0
237,4254,238.08629943174665,99989,126,81,4,3,1739,950,0.026892958225404794,64,44,48541,49214,1263,656,0,0,0,0,0,0,97536,0,0,22,0,0,0,0,0,0,0,2431,0,0,0,0,0,0
238,4254,239.10146435296966,99989,115,82,4,3,1752,961,0.027132984628309115,70,43,48525,49206,1284,664,0,0,0,0,0,0,97504,0,0,24,0,0,0,0,0,0,0,2461,0,0,0,0,0,0
239,4254,240.1170070177372,99989,123,87,4,3,1778,976,0.02754302973327066,62,37,48511,49200,1298,671,0,0,0,0,0,0,97476,0,0,24,0,0,0,0,0,0,0,2489,0,0,0,0,0,0
240,4254,241.13283480980323,99989,119,79,4,3,1787,982,0.02769304623508586,70,42,48497,49193,1308,681,0,0,0,0,0,0,97449,0,0,24,0,0,0,0,0,0,0,2516,0,0,0,0,0,0
241,4254,242.1489236407007,99989,119,79,4,3,1807,990,0.027973077038474233,76,48,48473,49180,1326,688,0,0,0,0,0,0,97421,0,0,24,0,0,0,0,0,0,0,2544,0,0,0,0,0,0
242,4254,243.165403020072,99989,114,70,4,3,1821,999,0.028203102341257537,79,45,48457,49176,1344,704,0,0,0,0,0,0,97385,0,0,25,0,0,0,0,0,0,0,2579,0,0,0,0,0,0
243,4254,244.18233234095607,99989,120,69,4,3,1838,1013,0.02851313644500895,73,40,48452,49169,1349,717,0,0,0,0,0,0,97359,0,0,25,0,0,0,0,0,0,0,2605,0,0,0,0,0,0
244,4254,245.19944314568104,99989,125,68,4,3,1858,1023,0.02881316944863935,76,41,48433,49159,1360,727,0,0,0,0,0,0,97335,0,0,27,0,0,0,0,0,0,0,2627,0,0,0,0,0,0
245,4254,246.21680903245257,99989,128,77,4,3,1877,1037,0.02914320575263279,70,40,48428,49148,1368,730,0,0,0,0,0,0,97314,0,0,27,0,0,0,0,0,0,0,2648,0,0,0,0,0,0
246,4254,247.2343149289219,99989,120,74,4,3,1891,1047,0.02938323215553711,78,41,48411,49138,1385,742,0,0,0,0,0,0,97280,0,0,28,0,0,0,0,0,0,0,2681,0,0,0,0,0,0
247,4254,248.25213584645982,99989,130,76,4,3,1919,1056,0.029753272860014602,72,43,48395,49130,1397,746,0,0,0,0,0,0,97255,0,0,28,0,0,0,0,0,0,0,2706,0,0,0,0,0,0
248,4254,249.2702789074512,99989,127,75,4,3,1937,1067,0.030043304763523987,68,44,48387,49122,1412,754,0,0,0,0,0,0,97222,0,0,28,0,0,0,0,0,0,0,2739,0,0,0,0,0,0
249,4254,250.28864115701143,99989,123,77,4,3,1953,1077,0.030303333366670335,77,43,48372,49116,1422,759,0,0,0,0,0,0,97194,0,0,28,0,0,0,0,0,0,0,2767,0,0,0,0,0,0
250,4254,251.3072561293315,99989,124,81,4,3,1976,1094,0.030703377371510868,69,39,48361,49107,1440,768,0,0,0,0,0,0,97159,0,0,28,0,0,0,0,0,0,0,2802,0,0,0,0,0,0
251,4254,252.32616802580478,99989,121,74,4,3,1991,1099,0.030903399373931134,78,42,48344,49100,1451,779,0,0,0,0,0,0,97129,0,0,28,0,0,0,0,0,0,0,2832,0,0,0,0,0,0
252,4254,253.0056333536197,99989,123,69,4,3,2006,1106,0.031123423576593427,72,41,48339,49096,1460,789,0,0,0,0,0,0,97104,0,0,28,0,0,0,0,0,0,0,2857,0,0,0,0,0,0
253,4254,254.0250488446619,99988,127,79,5,3,2029,1121,0.031503780453654436,68,40,48326,49084,1472,792,0,0,0,0,0,0,97080,0,0,28,0,0,0,0,0,0,0,2880,0,0,0,0,0,0
254,4254,255.04468523072796,99988,127,82,5,3,2047,1135,0.03182381885826299,73,36,48306,49077,1487,800,0,0,0,0,0,0,97051,0,0,28,0,0,0,0,0,0,0,2909,0,0,0,0,0,0
255,4254,256.0646674354276,99988,128,74,5,3,2065,1143,0.03208385006200744,72,39,48292,49068,1501,814,0,0,0,0,0,0,97019,0,0,29,0,0,0,0,0,0,0,2940,0,0,0,0,0,0
256,4254,257.0849752719546,99988,124,67,5,3,2082,1151,0.032333880065607876,80,38,48271,49066,1518,824,0,0,0,0,0,0,96985,0,0,31,0,0,0,0,0,0,0,2972,0,0,0,0,0,0
257,4254,258.10574731593175,99988,120,65,5,3,2101,1162,0.03263391606992839,82,36,48253,49059,1538,835,0,0,0,0,0,0,96949,0,0,31,0,0,0,0,0,0,0,3008,0,0,0,0,0,0
258,4254,259.1269339320525,99988,119,69,5,3,2116,1179,0.032953954474536945,86,31,48242,49049,1546,846,0,0,0,0,0,0,96920,0,0,31,0,0,0,0,0,0,0,3037,0,0,0,0,0,0
259,4254,260.14835579099184,99988,117,56,5,3,2138,1184,0.03322398687842541,84,34,48233,49044,1559,861,0,0,0,0,0,0,96879,0,0,32,0,0,0,0,0,0,0,3077,0,0,0,0,0,0
260,4254,261.1700681024083,99988,117,60,5,3,2159,1192,0.03351402168260191,79,38,48222,49035,1575,862,0,0,0,0,0,0,96854,0,0,32,0,0,0,0,0,0,0,3102,0,0,0,0,0,0
261,4254,262.19203704274196,99988,110,67,5,3,2179,1205,0.03384406128735448,77,38,48215,49024,1591,866,0,0,0,0,0,0,96821,0,0,32,0,0,0,0,0,0,0,3135,0,0,0,0,0,0
262,4254,263.214245029082,99988,111,67,5,3,2198,1217,0.03415409849181902,80,33,48198,49020,1604,875,0,0,0,0,0,0,96792,0,0,33,0,0,0,0,0,0,0,3163,0,0,0,0,0,0
263,4254,264.23670462299316,99987,111,71,6,3,2218,1231,0.03449448428295678,75,32,48189,49013,1617,879,0,0,0,0,0,0,96762,0,0,33,0,0,0,0,0,0,0,3192,0,0,0,0,0,0
264,4254,265.25941768782974,99987,121,67,6,3,2242,1240,0.03482452718853451,78,28,48171,49013,1622,887,0,0,0,0,0,0,96735,0,0,33,0,0,0,0,0,0,0,3219,0,0,0,0,0,0
265,4254,266.28242819464344,99987,120,61,6,3,2262,1245,0.035074559692760056,85,30,48151,49007,1636,897,0,0,0,0,0,0,96704,0,0,34,0,0,0,0,0,0,0,3249,0,0,0,0,0,0
266,4254,267.30573892015,99987,128,59,6,3,2288,1254,0.03542460519867583,91,35,48123,48995,1650,906,0,0,0,0,0,0,96675,0,0,34,0,0,0,0,0,0,0,3278,0,0,0,0,0,0
267,4254,268.3294812086624,99986,142,55,7,3,2317,1261,0.035785009901386194,84,38,48109,48989,1656,913,0,0,0,0,0,0,96649,0,0,34,0,0,0,0,0,0,0,3303,0,0,0,0,0,0
268,4254,269.0121423082978,99986,152,60,7,3,2335,1269,0.036045046306482906,81,35,48101,48988,1657,912,0,0,0,0,0,0,96639,0,0,35,0,0,0,0,0,0,0,3312,0,0,0,0,0,0
269,4254,270.0362228123806,99986,160,56,7,3,2364,1276,0.0364050967135399,82,39,48080,48979,1669,921,0,0,0,0,0,0,96607,0,0,35,0,0,0,0,0,0,0,3344,0,0,0,0,0,0
270,4254,271.06065022810765,99985,159,65,8,3,2386,1292,0.03678551782767415,87,37,48061,48968,1683,925,0,0,0,0,0,0,96577,0,0,35,0,0,0,0,0,0,0,3373,0,0,0,0,0,0
271,4254,272.0854420112419,99985,168,63,8,3,2418,1301,0.037195579336900535,78,36,48047,48964,1697,932,0,0,0,0,0,0,96543,0,0,35,0,0,0,0,0,0,0,3407,0,0,0,0,0,0
272,4254,273.1104961060875,99985,175,63,8,3,2444,1314,0.03758563784567685,75,33,48027,48957,1713,942,0,0,0,0,0,0,96511,0,0,35,0,0,0,0,0,0,0,3439,0,0,0,0,0,0
273,4254,274.13593487504664,99985,165,67,8,3,2459,1325,0.03784567685152773,84,34,48012,48950,1729,944,0,0,0,0,0,0,96479,0,0,35,0,0,0,0,0,0,0,3471,0,0,0,0,0,0
274,4254,275.1616874695677,99985,172,66,8,3,2484,1338,0.03822573386007901,82,36,47996,48937,1740,956,0,0,0,0,0,0,96449,0,0,37,0,0,0,0,0,0,0,3499,0,0,0,0,0,0
275,4254,276.18778031938007,99985,160,63,8,3,2501,1347,0.03848577286592989,87,37,47975,48930,1768,965,0,0,0,0,0,0,96409,0,0,38,0,0,0,0,0,0,0,3538,0,0,0,0,0,0
276,4254,277.2143566478161,99985,154,60,8,3,2522,1357,0.03879581937290594,90,37,47957,48921,1789,977,0,0,0,0,0,0,96370,0,0,39,0,0,0,0,0,0,0,3576,0,0,0,0,0,0
277,4254,278.24138895212513,99985,160,63,8,3,2545,1365,0.03910586587988198,85,40,47942,48915,1803,977,0,0,0,0,0,0,96349,0,0,40,0,0,0,0,0,0,0,3596,0,0,0,0,0,0
278,4254,279.2687416578753,99985,157,60,8,3,2567,1376,0.0394359153873081,92,42,47919,48907,1822,986,0,0,0,0,0,0,96310,0,0,40,0,0,0,0,0,0,0,3635,0,0,0,0,0,0
279,4254,280.2964974426055,99985,162,58,8,3,2591,1383,0.03974596189428414,89,43,47905,48899,1834,995,0,0,0,0,0,0,96282,0,0,40,0,0,0,0,0,0,0,3663,0,0,0,0,0,0
280,4254,281.32455744214496,99985,164,57,8,3,2616,1396,0.040126018902835424,93,45,47879,48887,1854,1006,0,0,0,0,0,0,96245,0,0,40,0,0,0,0,0,0,0,3700,0,0,0,0,0,0
281,4254,282.010205056273,99985,171,59,8,3,2635,1403,0.0403860579086863,91,46,47863,48882,1865,1008,0,0,0,0,0,0,96229,0,0,41,0,0,0,0,0,0,0,3715,0,0,0,0,0,0
282,4254,283.0390620828833,99985,168,62,8,3,2656,1412,0.04068610291543732,94,50,47845,48873,1883,1010,0,0,0,0,0,0,96199,0,0,41,0,0,0,0,0,0,0,3745,0,0,0,0,0,0
283,4254,284.0682324784374,99985,158,64,8,3,2676,1428,0.04104615692353853,97,46,47825,48864,1910,1021,0,0,0,0,0,0,96155,0,0,41,0,0,0,0,0,0,0,3789,0,0,0,0,0,0
284,4254,285.097885621426,99985,166,70,8,3,2708,1439,0.041476221433214985,95,48,47799,48853,1930,1024,0,0,0,0,0,0,96127,0,0,42,0,0,0,0,0,0,0,3816,0,0,0,0,0,0
285,4254,286.1279960199688,99985,167,71,8,3,2730,1453,0.0418362754413162,96,51,47789,48839,1938,1034,0,0,0,0,0,0,96095,0,0,44,0,0,0,0,0,0,0,3846,0,0,0,0,0,0
286,4254,287.15835738397266,99985,177,72,8,3,2764,1469,0.04233635045256789,88,53,47775,48825,1950,1045,0,0,0,0,0,0,96057,0,0,45,0,0,0,0,0,0,0,3883,0,0,0,0,0,0
287,4254,288.18900676287,99985,160,73,8,3,2784,1483,0.04267640146021903,101,48,47751,48823,1978,1051,0,0,0,0,0,0,96007,0,0,45,0,0,0,0,0,0,0,3933,0,0,0,0,0,0
288,4254,289.220174344055,99985,162,69,8,3,2800,1492,0.042926438965844874,112,52,47730,48810,1986,1064,0,0,0,0,0,0,95981,0,0,46,0,0,0,0,0,0,0,3958,0,0,0,0,0,0
289,4254,290.2516689807658,99985,155,73,8,3,2824,1507,0.04331649747462119,107,53,47725,48797,2003,1072,0,0,0,0,0,0,95941,0,0,48,0,0,0,0,0,0,0,3996,0,0,0,0,0,0
290,4254,291.2834159491006,99985,160,71,8,3,2860,1520,0.043806570985647844,98,54,47707,48788,2025,1082,0,0,0,0,0,0,95895,0,0,48,0,0,0,0,0,0,0,4042,0,0,0,0,0,0
291,4254,292.31553832108426,99985,154,80,8,3,2882,1535,0.044176626493974094,104,48,47686,48785,2046,1082,0,0,0,0,0,0,95863,0,0,50,0,0,0,0,0,0,0,4072,0,0,0,0,0,0
292,4254,293.003879411241,99985,153,84,8,3,2899,1549,0.04448667300095014,106,42,47668,48779,2063,1090,0,0,0,0,0,0,95836,0,0,51,0,0,0,0,0,0,0,4098,0,0,0,0,0,0
293,4254,294.0368216403944,99985,147,84,8,3,2921,1561,0.04482672400860129,103,43,47650,48771,2090,1097,0,0,0,0,0,0,95797,0,0,52,0,0,0,0,0,0,0,4136,0,0,0,0,0,0
294,4254,295.07024475623456,99985,159,78,8,3,2954,1573,0.04527679151872781,96,38,47629,48765,2106,1114,0,0,0,0,0,0,95760,0,0,54,0,0,0,0,0,0,0,4171,0,0,0,0,0,0
295,4254,296.10409744811886,99985,165,78,8,3,2978,1581,0.04559683952592889,98,45,47612,48756,2115,1116,0,0,0,0,0,0,95734,0,0,54,0,0,0,0,0,0,0,4197,0,0,0,0,0,0
296,4254,297.13831679886164,99985,167,77,8,3,3007,1588,0.045956893534030104,104,45,47584,48758,2135,1115,0,0,0,0,0,0,95700,0,0,55,0,0,0,0,0,0,0,4230,0,0,0,0,0,0
297,4254,298.17300313558303,99985,172,74,8,3,3034,1595,0.046296944541681255,100,47,47570,48753,2148,1121,0,0,0,0,0,0,95668,0,0,55,0,0,0,0,0,0,0,4262,0,0,0,0,0,0
298,4254,299.2079833179159,99985,174,83,8,3,3061,1614,0.0467570135520328,99,46,47551,48743,2166,1123,0,0,0,0,0,0,95635,0,0,57,0,0,0,0,0,0,0,4293,0,0,0,0,0,0
299,4254,300.24333426051595,99985,171,85,8,3,3085,1628,0.04713707056058409,105,44,47530,48732,2184,1134,0,0,0,0,0,0,95597,0,0,58,0,0,0,0,0,0,0,4330,0,0,0,0,0,0
300,4254,301.2791088320477,99985,173,88,8,3,3113,1639,0.0475271290693604,97,48,47518,48720,2202,1139,0,0,0,0,0,0,95563,0,0,58,0,0,0,0,0,0,0,4364,0,0,0,0,0,0
301,4254,302.3151730548062,99985,181,86,8,3,3138,1649,0.04787718157723658,116,49,47485,48713,2208,1147,0,0,0,0,0,0,95536,0,0,60,0,0,0,0,0,0,0,4389,0,0,0,0,0,0
302,4254,303.00611744544005,99985,183,87,8,3,3165,1657,0.048227234085112765,105,52,47469,48704,2233,1152,0,0,0,0,0,0,95504,0,0,60,0,0,0,0,0,0,0,4421,0,0,0,0,0,0
303,4254,304.04300364447454,99985,201,89,8,3,3200,1670,0.048707306095914386,97,56,47445,48691,2247,1159,0,0,0,0,0,0,95478,0,0,62,0,0,0,0,0,0,0,4445,0,0,0,0,0,0
304,4254,305.0803084130188,99985,196,91,8,3,3220,1687,0.04907736160424064,101,52,47430,48679,2263,1173,0,0,0,0,0,0,95439,0,0,63,0,0,0,0,0,0,0,4483,0,0,0,0,0,0
305,4254,306.1180038258467,99985,193,83,8,3,3243,1696,0.04939740961144171,116,58,47405,48666,2276,1188,0,0,0,0,0,0,95398,0,0,65,0,0,0,0,0,0,0,4522,0,0,0,0,0,0
306,4254,307.15611218292133,99984,199,86,9,3,3270,1711,0.049817970875340054,108,55,47399,48657,2283,1197,0,0,0,0,0,0,95365,0,0,65,0,0,0,0,0,0,0,4554,0,0,0,0,0,0
307,4254,308.19438665324947,99984,215,89,9,3,3314,1726,0.050408065290446474,95,49,47371,48652,2308,1205,0,0,0,0,0,0,95326,0,0,66,0,0,0,0,0,0,0,4592,0,0,0,0,0,0
308,4254,309.2330993150884,99984,219,91,9,3,3346,1737,0.05083813410145623,103,54,47347,48640,2320,1210,0,0,0,0,0,0,95291,0,0,68,0,0,0,0,0,0,0,4625,0,0,0,0,0,0
309,4254,310.2722623885231,99984,217,89,9,3,3372,1749,0.05121819491118579,117,66,47323,48617,2332,1223,0,0,0,0,0,0,95250,0,0,69,0,0,0,0,0,0,0,4665,0,0,0,0,0,0
310,4254,311.31185414908146,99984,213,88,9,3,3403,1762,0.051658265322451595,124,74,47291,48599,2361,1234,0,0,0,0,0,0,95203,0,0,71,0,0,0,0,0,0,0,4710,0,0,0,0,0,0
311,4254,312.0052468348314,99984,216,87,9,3,3434,1772,0.05206833093294927,111,74,47281,48590,2381,1244,0,0,0,0,0,0,95165,0,0,72,0,0,0,0,0,0,0,4747,0,0,0,0,0,0
312,4254,313.04580461313253,99983,212,90,10,3,3469,1790,0.05259894182010942,112,73,47253,48574,2411,1258,0,0,0,0,0,0,95112,0,0,73,0,0,0,0,0,0,0,4798,0,0,0,0,0,0
313,4254,314.0869312070185,99983,214,91,10,3,3498,1808,0.05306902173369473,124,70,47221,48562,2429,1272,0,0,0,0,0,0,95069,0,0,74,0,0,0,0,0,0,0,4840,0,0,0,0,0,0
314,4254,315.12860392990126,99982,213,94,11,3,3524,1826,0.053509631733712065,137,69,47194,48547,2443,1285,0,0,0,0,0,0,95030,0,0,77,0,0,0,0,0,0,0,4875,0,0,0,0,0,0
315,4254,316.17071694632824,99981,210,92,12,3,3558,1840,0.05399025814904832,137,76,47174,48532,2465,1295,0,0,0,0,0,0,94980,0,0,80,0,0,0,0,0,0,0,4921,0,0,0,0,0,0
316,4254,317.213317359236,99981,212,92,12,3,3593,1857,0.054510356967823886,147,75,47143,48522,2484,1306,0,0,0,0,0,0,94932,0,0,82,0,0,0,0,0,0,0,4967,0,0,0,0,0,0
317,4254,318.25648270394356,99981,218,102,12,3,3640,1881,0.055220491893459754,137,72,47121,48507,2510,1314,0,0,0,0,0,0,94878,0,0,83,0,0,0,0,0,0,0,5020,0,0,0,0,0,0
318,4254,319.3001027854905,99981,207,107,12,3,3668,1897,0.05566057550934678,153,69,47088,48503,2538,1316,0,0,0,0,0,0,94828,0,0,83,0,0,0,0,0,0,0,5070,0,0,0,0,0,0
319,4254,320.34440896825737,99980,211,109,13,3,3709,1920,0.05630126025205041,157,70,47046,48480,2570,1335,1,1,1,1,0,0,94772,0,0,87,0,0,0,0,0,0,2,5119,0,0,0,0,0,0
320,4254,321.2709694820168,99980,210,121,13,3,3745,1945,0.05691138227645529,160,65,47011,48463,2602,1344,2,2,2,2,0,0,94722,0,0,89,0,0,0,0,0,0,4,5165,0,0,0,0,0,0
321,4254,322.14235266613076,99979,222,113,13,4,3785,1953,0.057392052330989506,160,71,46982,48452,2618,1355,3,3,3,3,0,0,94677,0,0,90,0,0,0,0,0,0,6,5206,0,0,0,0,0,0
322,4254,323.29729364410144,99979,220,119,13,4,3821,1972,0.0579421678552496,152,79,46964,48430,2645,1362,4,4,4,4,0,0,94625,0,0,91,0,0,0,0,0,0,8,5255,0,0,0,0,0,0
323,4254,324.24965796520286,99979,239,122,13,4,3872,1994,0.05867232118744936,138,72,46935,48419,2668,1376,5,5,5,5,0,0,94574,0,0,93,0,0,0,0,0,0,10,5302,0,0,0,0,0,0
324,4254,325.0458949937406,99978,245,124,13,5,3892,2007,0.05900298065574426,134,73,46922,48406,2678,1384,6,6,6,6,0,0,94547,0,0,93,0,0,0,0,0,0,12,5326,0,0,0,0,0,0
325,4254,326.0117289826935,99978,241,121,13,5,3922,2023,0.05946308187801316,134,74,46907,48394,2696,1397,7,7,7,7,0,0,94494,0,0,95,0,0,0,0,0,0,14,5375,0,0,0,0,0,0
326,4254,327.01648643820556,99978,256,116,13,5,3970,2041,0.06012322710996419,131,68,46878,48393,2712,1408,8,8,8,8,0,0,94436,0,0,95,0,0,0,0,0,0,16,5431,0,0,0,0,0,0
327,4254,328.0274639741933,99978,251,124,13,5,3995,2063,0.0605933305327172,148,73,46843,48371,2734,1416,9,9,9,9,0,0,94393,0,0,98,0,0,0,0,0,0,18,5469,0,0,0,0,0,0
328,4254,329.0080406937316,99978,245,123,13,5,4028,2074,0.061033427354017886,149,77,46817,48361,2764,1422,10,10,10,10,0,0,94341,0,0,99,0,0,0,0,0,0,20,5518,0,0,0,0,0,0
329,4254,330.0145677252684,99978,248,114,13,5,4065,2089,0.06155354177919142,150,81,46783,48346,2793,1441,11,11,11,11,0,0,94281,0,0,99,0,0,0,0,0,0,22,5576,0,0,0,0,0,0
330,4254,331.2515951633631,99978,245,110,13,5,4106,2104,0.06211366500630139,147,82,46753,48335,2828,1454,12,12,12,12,0,0,94219,0,0,102,0,0,0,0,0,0,24,5633,0,0,0,0,0,0
331,4254,332.0848075803473,99977,250,112,14,5,4133,2120,0.06254438520859798,152,77,46726,48325,2843,1466,13,13,13,13,0,0,94183,0,0,104,0,0,0,0,0,0,26,5664,0,0,0,0,0,0
332,4254,333.0084890232748,99977,250,114,14,5,4172,2135,0.06308450943717055,156,78,46689,48312,2875,1475,14,14,14,14,0,0,94129,0,0,104,0,0,0,0,0,0,28,5716,0,0,0,0,0,0
333,4254,334.020846620435,99977,256,110,14,5,4219,2153,0.06373465897156345,155,82,46657,48295,2902,1492,14,14,15,15,0,0,94066,0,0,106,0,0,0,0,0,0,30,5775,0,0,0,0,0,0
334,4254,335.13068607475617,99977,262,122,14,5,4266,2177,0.0644448223091311,147,77,46632,48279,2928,1500,15,15,16,16,0,0,94012,0,0,107,0,0,0,0,0,0,32,5826,0,0,0,0,0,0
335,4254,336.0176508807846,99976,263,119,15,5,4294,2192,0.06487557013683284,151,79,46607,48268,2946,1511,16,16,17,17,0,0,93967,0,0,109,0,0,0,0,0,0,34,5866,0,0,0,0,0,0
336,4254,337.0448144950831,99976,256,122,15,5,4327,2213,0.06541569976794431,156,77,46578,48255,2976,1522,17,17,18,18,0,0,93908,0,0,110,0,0,0,0,0,0,36,5922,0,0,0,0,0,0
337,4254,338.0258256554528,99976,258,137,15,5,4361,2240,0.06602584620308874,152,68,46557,48242,2998,1528,18,18,19,19,0,0,93863,0,0,111,0,0,0,0,0,0,38,5964,0,0,0,0,0,0
338,4254,339.01812088538816,99976,266,134,15,5,4403,2254,0.06658598063535248,148,78,46526,48221,3024,1541,19,19,20,20,0,0,93813,0,0,114,0,0,0,0,0,0,40,6009,0,0,0,0,0,0
339,4254,340.01057214588826,99975,272,133,16,5,4444,2275,0.0672068017004251,149,77,46493,48208,3048,1555,20,20,21,21,0,0,93754,0,0,114,0,0,0,0,0,0,42,6065,0,0,0,0,0,0
340,4254,341.01887445574386,99975,258,131,16,5,4480,2293,0.06774693673418354,153,80,46464,48191,3086,1570,21,21,22,22,0,0,93684,0,0,116,0,0,0,0,0,0,44,6131,0,0,0,0,0,0
341,4254,342.18451660299843,99975,257,130,16,5,4526,2317,0.06844711177794449,148,85,46432,48167,3123,1590,22,21,23,23,0,0,93613,0,0,119,0,0,0,0,0,0,46,6197,0,0,0,0,0,0
342,4254,343.2531553845605,99974,263,127,17,5,4580,2346,0.06927801228319364,142,92,46395,48134,3158,1618,23,22,24,24,0,0,93533,0,0,121,0,0,0,0,0,0,48,6272,0,0,0,0,0,0
343,4254,344.3122053982374,99974,279,135,17,5,4622,2372,0.06995818912917358,133,86,46373,48117,3172,1632,24,23,25,25,0,0,93490,0,0,124,0,0,0,0,0,0,50,6310,0,0,0,0,0,0
344,4254,345.0184967706309,99974,280,135,17,5,4649,2390,0.0704083061596015,133,89,46353,48104,3189,1641,26,24,26,27,0,0,93445,0,0,126,0,0,0,0,0,0,53,6350,0,0,0,0,0,0
345,4254,346.0784865200004,99974,267,140,17,5,4690,2406,0.07097845439814351,137,93,46314,48087,3235,1647,28,26,28,29,0,0,93379,0,0,129,0,0,0,0,0,0,57,6409,0,0,0,0,0,0
346,4254,347.1392634093413,99974,270,138,17,5,4731,2431,0.07163862604277112,138,92,46281,48070,3262,1665,30,28,30,31,0,0,93315,0,0,134,0,0,0,0,0,0,61,6464,0,0,0,0,0,0
347,4254,348.2008674901154,99974,257,141,17,5,4762,2452,0.07215876127793226,149,93,46247,48054,3296,1675,32,30,32,33,0,0,93253,0,0,138,0,0,0,0,0,0,65,6518,0,0,0,0,0,0
348,4254,349.2633052173295,99974,268,143,17,5,4802,2480,0.07283893812391222,151,84,46215,48042,3313,1692,34,32,34,35,0,0,93199,0,0,142,0,0,0,0,0,0,68,6564,1,0,0,0,0,0
349,4254,350.32634157055975,99974,269,140,17,5,4848,2503,0.07352911757056835,146,88,46184,48019,3346,1711,36,35,37,38,0,0,93124,0,0,143,0,0,0,0,0,0,73,6632,2,0,0,0,0,0
350,4254,351.0354744272384,99974,278,146,17,5,4886,2517,0.07404925280572949,149,93,46149,48002,3367,1714,38,38,40,41,0,0,93083,0,0,145,0,0,0,0,0,0,79,6665,2,0,0,0,0,0
351,4254,352.0998600289065,99974,272,147,17,5,4927,2542,0.0747094244503571,155,90,46107,47986,3406,1729,41,41,43,44,0,0,93007,0,0,146,0,0,0,0,0,0,85,6734,2,0,0,0,0,0
352,4254,353.16524381651186,99974,284,160,17,5,4984,2576,0.07561966111188909,145,81,46075,47968,3432,1739,45,45,47,48,0,0,92937,0,0,149,0,0,0,0,0,0,92,6793,3,0,0,0,0,0
353,4254,354.2312992699847,99974,281,157,17,5,5021,2595,0.07617980674975494,145,87,46046,47945,3460,1755,49,49,51,52,0,0,92868,0,0,150,0,0,0,0,0,0,100,6853,3,0,0,0,0,0
354,4254,355.2980189245889,99974,274,162,17,5,5058,2625,0.07684998099505871,157,90,46010,47913,3486,1774,54,54,56,57,0,0,92790,0,0,150,0,0,0,0,0,0,109,6921,4,0,0,0,0,0
355,4254,356.00962605279545,99974,275,159,17,5,5087,2642,0.07731010062616281,152,90,45991,47896,3504,1790,59,58,61,62,0,0,92735,0,0,151,0,0,0,0,0,0,117,6965,6,0,0,0,0,0
356,4254,357.07757176442834,99974,288,170,17,5,5136,2670,0.07808030087822834,149,83,45955,47870,3525,1806,64,64,67,67,0,0,92672,0,0,152,0,0,0,0,0,0,128,7016,6,0,0,0,0,0
357,4254,358.14627912303234,99974,282,164,17,5,5175,2695,0.07872046732150359,158,88,45916,47843,3555,1828,70,70,73,73,0,0,92589,0,0,156,0,0,0,0,0,0,139,7083,7,0,0,0,0,0
358,4254,359.2157974933257,99974,270,167,17,5,5211,2722,0.07935063116410267,166,87,45883,47817,3585,1845,77,77,80,80,0,0,92509,0,0,159,0,0,0,0,0,0,150,7146,10,0,0,0,0,0
359,4254,360.2861734141814,99974,264,151,17,5,5263,2744,0.08009082361413968,148,96,45851,47784,3634,1877,84,85,88,87,0,0,92406,0,0,167,0,0,0,0,0,0,165,7226,10,0,0,0,0,0
360,4254,361.0003248162733,99974,261,150,17,5,5292,2761,0.08055094324524377,148,90,45830,47770,3650,1889,92,94,97,95,0,0,92344,0,0,169,0,0,0,0,0,0,179,7269,13,0,0,0,0,0
361,4254,362.07223547176613,99973,273,154,18,5,5340,2787,0.08129194882618307,142,96,45794,47733,3670,1906,101,104,107,104,0,0,92272,0,0,171,0,0,0,0,0,0,195,7319,16,0,0,0,0,0
362,4254,363.14494659072585,99973,265,144,18,5,5374,2807,0.0818320946655597,142,100,45767,47702,3696,1932,110,115,118,113,0,0,92184,0,0,175,0,0,0,0,0,0,215,7383,16,0,0,0,0,0
363,4254,364.21842364361993,99973,274,139,18,5,5417,2836,0.08255228911806188,143,98,45727,47672,3716,1957,120,127,130,123,0,0,92100,0,0,178,0,0,0,0,0,0,234,7442,19,0,0,0,0,0
364,4254,365.2927488529715,99973,269,135,18,5,5461,2857,0.08320246466545968,129,91,45699,47654,3752,1973,131,140,143,134,0,0,92008,0,0,184,0,0,0,0,0,0,258,7504,19,0,0,0,0,0
365,4254,366.0094567807949,99973,268,134,18,5,5483,2869,0.08354255649025237,132,86,45681,47641,3757,1979,142,153,157,146,0,0,91950,0,0,185,0,0,0,0,0,0,281,7535,22,0,0,0,0,0
366,4254,367.0851808856743,99973,266,140,18,5,5520,2898,0.08420273473837936,139,81,45638,47622,3783,1987,154,163,172,159,0,0,91865,0,0,188,0,0,0,0,0,0,307,7589,24,0,0,0,0,0
367,4254,368.16183139940614,99973,258,140,18,5,5553,2922,0.08477288867994358,151,77,45593,47593,3810,2004,168,179,189,173,0,0,91780,0,0,195,0,0,0,0,0,0,334,7636,28,0,0,0,0,0
368,4254,369.2394495998465,99972,262,145,19,5,5591,2947,0.08540391309566679,145,76,45564,47557,3826,2019,182,196,207,188,0,0,91697,0,0,196,0,0,0,0,0,0,364,7684,31,0,0,0,0,0
369,4254,370.31771820510204,99972,256,144,19,5,5625,2966,0.08593406153723042,146,84,45532,47523,3846,2027,199,215,227,205,0,0,91605,0,0,198,0,0,0,0,0,0,398,7737,34,0,0,0,0,0
370,4254,371.03697365525045,99972,255,149,19,5,5651,2985,0.08638418757252031,153,82,45496,47489,3858,2037,217,236,249,223,0,0,91530,0,0,199,0,0,0,0,0,0,433,7771,39,0,0,0,0,0
371,4254,372.1167770131693,99972,245,153,19,5,5686,3010,0.08698435561957348,164,76,45452,47459,3883,2045,235,260,273,242,0,0,91430,0,0,201,1,0,0,0,0,0,471,7825,44,0,0,0,0,0
372,4254,373.1976471246472,99972,257,152,19,5,5731,3036,0.08769455447525307,158,65,45412,47424,3898,2068,254,284,299,263,0,0,91331,0,0,204,1,0,0,0,0,0,513,7874,49,0,0,0,0,0
373,4254,374.2794243653902,99972,264,142,19,5,5782,3048,0.08832473092465891,150,77,45364,47385,3927,2079,274,310,327,285,0,0,91220,0,0,206,1,0,0,0,0,0,560,7933,52,0,0,0,0,0
374,4254,375.0012574945936,99972,269,149,19,5,5811,3065,0.08878485976073301,142,73,45331,47349,3939,2083,298,339,357,309,0,0,91144,0,0,210,1,0,0,0,0,0,606,7951,60,0,0,0,0,0
375,4254,376.08503936403775,99972,284,143,19,5,5861,3084,0.08947505301484415,145,81,45273,47302,3956,2097,321,370,390,334,0,0,91032,0,0,210,2,0,0,0,0,0,660,8004,64,0,0,0,0,0
376,4254,377.17000954332957,99972,285,140,19,5,5906,3102,0.09010522946425,151,86,45220,47252,3976,2110,347,405,425,361,0,0,90916,0,0,212,4,0,0,0,0,0,716,8055,69,0,0,0,0,0
377,4254,378.25621765658406,99972,284,132,19,5,5942,3124,0.09068539190973472,167,87,45161,47198,3994,2133,373,443,463,390,0,0,90793,0,0,217,4,0,0,0,0,0,777,8106,75,0,0,0,0,0
378,4254,379.343583135567,99972,278,126,19,5,5979,3143,0.09124554875365103,175,92,45111,47144,4014,2148,401,483,504,421,0,0,90668,0,0,225,4,0,0,0,0,0,842,8151,82,0,0,0,0,0
379,4254,380.0691973880137,99972,276,141,19,5,6006,3167,0.09175569159364622,180,85,45058,47095,4031,2148,434,524,548,454,0,0,90559,0,0,227,4,0,0,0,0,0,915,8181,86,0,0,0,0,0
380,4254,381.1589531012108,99972,268,150,19,5,6047,3193,0.09242587924618893,184,89,45002,47030,4059,2154,466,570,595,489,0,0,90427,0,0,229,6,0,0,0,0,0,986,8228,96,0,0,0,0,0
381,4254,382.2501088204535,99971,262,140,19,6,6101,3212,0.093157015534505,181,88,44936,46971,4100,2173,500,620,646,526,0,0,90265,0,0,236,7,0,0,0,0,0,1067,8294,102,0,0,0,0,0
382,4254,383.3429130107273,99971,271,137,19,6,6152,3230,0.09384721569255083,172,83,44876,46917,4120,2183,540,672,700,566,0,0,90119,0,0,239,8,0,0,0,0,0,1154,8343,108,0,0,0,0,0
383,4254,384.0722639015412,99971,291,130,19,6,6196,3240,0.09438737233797802,150,81,44829,46862,4127,2193,582,726,758,608,0,0,89989,0,0,242,8,0,0,0,0,0,1246,8370,116,0,0,0,0,0
384,4254,385.1677279171836,99971,298,129,19,6,6245,3262,0.09509757829770633,152,82,44755,46784,4149,2210,625,787,820,653,0,0,89828,0,0,246,8,0,0,0,0,0,1346,8420,123,0,0,0,0,0
385,4254,386.26479272798434,99969,288,135,21,6,6286,3284,0.09572967619962189,161,82,44686,46713,4171,2214,671,848,886,700,0,0,89661,0,0,247,8,0,0,0,0,0,1447,8471,135,0,0,0,0,0
386,4254,387.36359837822863,99969,277,139,21,6,6326,3308,0.09636987466114495,151,83,44637,46633,4200,2222,712,915,957,750,0,0,89484,0,0,248,9,0,0,0,0,0,1555,8526,147,0,0,0,0,0
387,4254,388.0969420693583,99968,279,133,22,6,6358,3321,0.09682098271446862,151,87,44578,46548,4206,2236,762,988,1032,803,0,0,89318,0,0,251,9,0,0,0,0,0,1675,8560,155,0,0,0,0,0
388,4254,389.1986440958878,99968,271,131,22,6,6396,3342,0.09741117157490396,158,90,44504,46464,4225,2248,818,1059,1112,859,0,0,89131,0,0,256,9,0,0,0,0,0,1798,8606,168,0,0,0,0,0
389,4254,390.30216082129266,99967,275,137,23,6,6441,3366,0.0981023737833485,159,74,44428,46387,4244,2255,869,1139,1197,918,0,0,88949,0,0,262,11,0,0,0,0,0,1930,8637,178,0,0,0,0,0
390,4254,391.03886089951294,99966,266,133,24,6,6470,3381,0.09854350479162916,155,76,44366,46294,4264,2265,923,1224,1287,980,0,0,88758,0,0,261,12,0,0,0,0,0,2064,8676,195,0,0,0,0,0
391,4254,392.1459111406861,99966,277,131,24,6,6519,3402,0.09924374287257667,150,78,44288,46197,4276,2275,983,1311,1382,1045,0,0,88557,0,0,265,13,0,0,0,0,0,2209,8713,209,0,0,0,0,0
392,4254,393.2547343497756,99965,281,139,25,6,6564,3428,0.09995498424448557,145,72,44211,46095,4287,2279,1049,1407,1483,1114,0,0,88347,0,0,268,13,0,0,0,0,0,2363,8749,225,0,0,0,0,0
393,4254,394.3654896650342,99965,277,139,25,6,6599,3452,0.10054519081678588,145,70,44133,45991,4302,2284,1116,1508,1590,1186,0,0,88130,0,0,271,14,0,0,0,0,0,2521,8784,245,0,0,0,0,0
394,4254,395.1070473500022,99965,273,133,25,6,6628,3467,0.10098534487070475,145,68,44046,45880,4320,2291,1189,1620,1703,1262,0,0,87907,0,0,272,15,0,0,0,0,0,2692,8817,262,0,0,0,0,0
395,4254,396.2220282755017,99964,267,138,25,7,6668,3488,0.1015965747669161,147,69,43944,45767,4350,2288,1265,1729,1822,1341,0,0,87669,0,0,277,15,0,0,0,0,0,2873,8851,279,0,0,0,0,0
396,4254,397.33954280797883,99964,260,135,25,7,6707,3503,0.10213676923692529,155,69,43853,45649,4360,2290,1345,1848,1948,1424,0,0,87424,0,0,280,18,0,0,0,0,0,3060,8884,298,0,0,0,0,0
397,4254,398.08588194596734,99964,260,131,25,7,6734,3516,0.10253691328878396,163,70,43757,45523,4364,2291,1429,1976,2080,1511,0,0,87188,0,0,282,18,0,0,0,0,0,3254,8899,323,0,0,0,0,0
398,4254,399.20817838736815,99964,267,132,25,7,6780,3540,0.10323716537953663,159,70,43669,45381,4367,2302,1511,2106,2219,1602,0,0,86920,0,0,284,20,0,0,0,0,0,3464,8935,341,0,0,0,0,0
399,4254,400.3326684051998,99963,281,126,25,8,6830,3556,0.10389844242369677,140,75,43572,45241,4381,2304,1599,2244,2365,1697,0,0,86645,0,0,284,21,0,0,0,0,0,3682,8968,363,0,0,0,0,0
400,4254,401.0837044742477,99963,272,120,25,8,6855,3568,0.10426857937436852,149,78,43459,45092,4395,2307,1698,2393,2519,1796,0,0,86367,0,0,283,25,0,0,0,0,0,3911,8994,383,0,0,0,0,0
401,4254,402.2135869764397,99962,265,120,26,8,6896,3583,0.10482983533742822,143,79,43349,44944,4419,2303,1796,2544,2680,1900,0,0,86064,0,0,286,25,0,0,0,0,0,4154,9028,405,0,0,0,0,0
402,4254,403.3464379849412,99962,270,116,26,8,6942,3603,0.10549008623276845,140,75,43243,44787,4426,2313,1893,2699,2849,2008,0,0,85758,0,0,290,26,0,0,0,0,0,4400,9053,435,0,0,0,0,0
403,4254,404.1032438064855,99961,272,117,26,9,6973,3620,0.10597132881823912,143,78,43125,44604,4430,2319,2002,2871,3026,2120,0,0,85460,0,0,293,26,0,0,0,0,0,4656,9058,468,0,0,0,0,0
404,4254,405.24194225732396,99961,265,113,26,9,7015,3637,0.10656155900801313,134,80,43022,44430,4444,2323,2107,3043,3211,2237,0,0,85127,0,0,297,27,0,0,0,0,0,4924,9085,501,0,0,0,0,0
405,4254,406.00268176694647,99960,257,120,27,9,7035,3655,0.10694277711084434,141,76,42903,44248,4448,2316,2222,3229,3404,2359,0,0,84808,0,0,299,27,0,0,0,0,0,5206,9086,534,0,0,0,0,0
406,4254,407.1473607650851,99960,256,121,27,9,7082,3676,0.10762304921968788,136,78,42773,44051,4464,2313,2342,3426,3606,2485,0,0,84446,0,0,303,27,0,0,0,0,0,5504,9116,564,0,0,0,0,0
407,4254,408.29547690074423,99960,254,123,27,9,7113,3697,0.10814325730292117,143,76,42644,43856,4465,2308,2465,3626,3817,2616,0,0,84097,0,0,310,27,0,0,0,0,0,5808,9116,602,0,0,0,0,0
408,4254,409.06282209759956,99960,250,121,27,9,7137,3709,0.10850340136054422,140,74,42520,43652,4464,2309,2597,3833,4036,2752,0,0,83737,0,0,311,28,0,0,0,0,0,6128,9120,636,0,0,0,0,0
409,4254,410.2178280992685,99960,264,125,27,9,7184,3731,0.10919367747098839,125,67,42394,43438,4465,2315,2723,4044,4264,2893,0,0,83349,0,0,315,28,0,0,0,0,0,6469,9135,664,0,0,0,0,0
410,4254,411.3762718583459,99960,258,124,27,9,7217,3755,0.10976390556222489,127,71,42253,43203,4468,2325,2865,4266,4501,3039,0,0,82942,0,0,319,28,0,0,0,0,0,6816,9155,700,0,0,0,0,0
411,4254,412.1507370807513,99960,253,123,27,9,7246,3769,0.11019407763105242,119,74,42111,42973,4479,2316,3009,4503,4747,3190,0,0,82543,0,0,316,33,0,0,0,0,0,7168,9160,740,0,0,0,0,0
412,4254,413.3170895159449,99960,238,119,27,9,7283,3787,0.11074429771908763,122,78,41964,42731,4500,2322,3147,4739,5003,3346,0,0,82106,0,0,318,36,0,0,0,0,0,7536,9183,781,0,0,0,0,0
413,4254,414.09704955120634,99959,236,122,28,9,7313,3804,0.11121559839534209,117,67,41822,42495,4495,2316,3300,4989,5268,3507,0,0,81689,0,0,317,39,0,0,0,0,0,7910,9174,830,0,0,0,0,0
414,4254,415.271811175485,99959,226,126,28,9,7345,3831,0.11180584039456178,138,58,41653,42240,4501,2323,3452,5242,5542,3674,0,0,81232,0,0,320,38,1,0,0,0,0,8306,9187,875,0,0,0,0,0
415,4254,416.05742432654654,99959,223,119,28,9,7364,3839,0.11207595113996739,143,64,41509,41984,4495,2320,3600,5502,5826,3846,0,0,80769,0,0,319,40,1,0,0,0,0,8733,9195,902,0,0,0,0,0
416,4254,417.240741182999,99959,240,109,28,9,7418,3852,0.11274622595264058,121,68,41363,41737,4492,2312,3754,5763,6119,4023,0,0,80298,0,0,313,46,1,0,0,0,0,9144,9202,955,0,0,0,0,0
417,4254,418.03201721786866,99959,234,108,28,9,7444,3867,0.11315639412158986,116,66,41200,41454,4495,2309,3925,6052,6422,4205,0,0,79813,0,0,316,47,1,0,0,0,0,9585,9199,998,0,0,0,0,0
418,4254,419.2243805496651,99959,240,103,28,9,7481,3888,0.11373663201912784,110,63,41031,41178,4494,2306,4095,6339,6734,4392,0,0,79327,0,0,315,51,1,0,0,0,0,10017,9187,1061,0,0,0,0,0
419,4254,420.0220209073026,99958,229,108,29,9,7506,3902,0.11412793373216751,135,88,40836,40854,4492,2296,4277,6643,7056,4585,0,0,78823,15,0,316,54,1,0,0,0,0,10480,9159,1110,0,0,0,0,0
420,4254,421.0056786048695,99958,230,113,29,9,7543,3924,0.11471818163628725,158,94,40642,40558,4489,2281,4450,6943,7387,4783,0,0,78314,58,5,318,57,1,0,0,0,0,10941,9094,1170,0,0,0,0,0
421,4254,422.323621287509,99958,229,119,29,9,7584,3945,0.1153384421457012,190,105,40422,40245,4487,2278,4641,7242,7727,4986,0,0,77771,102,10,320,62,1,0,0,0,0,11435,9047,1210,0,0,0,0,0
422,4254,423.3164392145005,99958,253,146,29,9,7638,3989,0.11631885391864583,186,90,40221,39928,4475,2262,4834,7563,8077,5194,0,0,77234,141,16,316,68,1,0,0,0,0,11927,8991,1264,0,0,0,0,0
423,4254,424.3138973202106,99958,285,150,29,9,7692,4011,0.11707917325276616,196,94,40006,39608,4459,2254,5023,7883,8436,5407,0,0,76677,179,18,316,68,1,0,0,0,0,12444,8938,1317,0,0,0,0,0
424,4254,425.31627141819547,99958,288,153,29,9,7743,4032,0.11779947577982752,227,108,39774,39253,4459,2250,5221,8225,8804,5626,0,0,76094,233,23,318,72,1,0,0,0,0,12968,8877,1372,0,0,0,0,0
425,4254,426.3240595171938,99958,294,154,29,9,7803,4060,0.11867984553512476,264,111,39527,38900,4471,2254,5413,8570,9180,5850,0,0,75493,294,32,326,75,1,0,0,0,0,13499,8809,1429,0,0,0,0,0
426,4254,427.3375559921536,99958,336,164,29,9,7880,4089,0.11974029092218731,267,127,39286,38533,4466,2235,5614,8930,9565,6079,0,0,74893,337,39,329,76,1,0,0,0,0,14049,8749,1485,0,0,0,0,0
427,4254,428.01628303044356,99958,347,169,29,9,7925,4104,0.12034054302807179,275,134,39047,38165,4472,2215,5828,9306,9958,6313,0,0,74292,367,42,338,78,1,0,0,0,0,14617,8684,1539,0,0,0,0,0
428,4254,429.04119650839124,99958,375,180,29,9,7995,4148,0.12148102202925229,295,147,38791,37778,4471,2221,6037,9663,10360,6551,0,0,73651,425,52,344,78,2,0,0,0,0,15190,8622,1594,0,0,0,0,0
429,4254,430.07226136881974,99958,419,182,29,9,8084,4175,0.12264150943396226,319,169,38505,37392,4480,2220,6246,10026,10770,6794,0,0,72992,479,59,351,79,2,0,0,0,0,15787,8567,1642,0,0,0,0,0
430,4254,431.1100656343509,99958,455,192,29,9,8171,4218,0.12394205566337863,334,193,38221,36975,4492,2230,6467,10399,11187,7042,0,0,72306,549,71,350,82,2,0,0,0,0,16391,8519,1688,0,0,0,0,0
431,4254,432.15477387292344,99958,494,212,29,9,8274,4274,0.12553272374397248,343,201,37945,36544,4507,2241,6680,10791,11612,7294,0,0,71617,621,91,353,87,2,0,0,0,0,16988,8456,1743,0,0,0,0,0
432,4254,433.2062702303631,99958,477,225,29,9,8353,4322,0.1268032573680946,376,207,37666,36126,4548,2244,6902,11187,12044,7551,0,0,70888,725,107,361,90,2,0,0,0,0,17597,8384,1804,0,0,0,0,0
433,4254,434.2652269327083,99956,505,249,31,9,8444,4383,0.12832646364400335,394,203,37374,35733,4565,2238,7129,11566,12482,7812,0,0,70174,794,126,369,92,2,0,0,0,0,18221,8320,1858,0,0,0,0,0
434,4254,435.33170754879643,99956,520,266,31,9,8540,4430,0.12975709312097322,430,212,37085,35308,4589,2240,7343,11963,12927,8077,0,0,69432,887,139,369,96,2,0,0,0,0,18857,8258,1916,0,0,0,0,0
435,4254,436.04691069392806,99955,549,276,32,9,8619,4467,0.13091891351107998,440,217,36814,34878,4590,2237,7573,12381,13378,8346,0,0,68723,945,149,376,97,2,0,0,0,0,19497,8181,1985,0,0,0,0,0
436,4254,437.12847535216014,99954,593,298,32,10,8743,4523,0.13272105168377454,466,248,36495,34414,4613,2231,7799,12797,13835,8619,0,0,67985,1022,176,378,104,2,0,0,0,0,20130,8109,2048,0,0,0,0,0
437,4254,438.2182592867268,99954,623,323,32,10,8865,4598,0.13469195830081837,506,245,36167,33982,4646,2247,8024,13191,14297,8896,0,0,67214,1128,201,386,107,2,0,0,0,0,20770,8027,2119,0,0,0,0,0
438,4254,439.316874345537,99954,674,347,32,10,9008,4671,0.13685295235808473,546,244,35814,33562,4671,2261,8261,13574,14764,9176,0,0,66444,1225,227,395,114,2,0,0,0,0,21416,7943,2188,0,0,0,0,0
439,4254,440.05451911800094,99954,722,349,32,10,9115,4713,0.13834363807351382,557,259,35499,33119,4684,2268,8504,13993,15235,9460,0,0,65695,1293,249,400,117,2,0,0,0,0,22074,7864,2260,0,0,0,0,0
440,4254,441.17173705200014,99954,768,362,32,10,9272,4783,0.14061468275406688,586,278,35142,32668,4735,2284,8735,14396,15710,9747,0,0,64884,1414,286,407,120,2,0,0,0,0,22727,7785,2329,0,0,0,0,0
441,4254,442.2991188584286,99952,812,382,33,11,9426,4864,0.14296862493997117,628,287,34791,32218,4777,2310,8957,14790,16189,10037,0,0,64060,1536,320,412,126,3,0,0,0,0,23393,7711,2391,0,0,0,0,0
442,4254,443.0562419128853,99951,823,379,33,12,9537,4908,0.14452081519944773,624,305,34474,31764,4831,2320,9213,15218,16671,10330,0,0,63262,1630,354,421,134,3,0,0,0,0,24061,7630,2456,0,0,0,0,0
443,4254,444.2037095972612,99951,852,402,33,12,9711,4994,0.14712208982401376,640,326,34141,31297,4900,2336,9432,15625,17156,10625,0,0,62409,1774,400,430,142,3,0,0,0,0,24723,7550,2520,0,0,0,0,0
444,4254,445.36155214742604,99951,899,431,33,12,9888,5098,0.14993346739902552,683,323,33777,30850,4951,2363,9655,16019,17643,10923,0,0,61573,1908,457,434,148,5,0,0,0,0,25367,7464,2595,0,0,0,0,0
445,4254,446.1396135038055,99951,941,444,33,12,10038,5165,0.15210453122029793,686,326,33433,30389,4993,2380,9912,16447,18132,11223,0,0,60762,1997,508,442,159,5,0,0,0,0,26036,7388,2654,0,0,0,0,0
446,4254,447.3199868041563,99951,996,461,33,12,10246,5252,0.15505597742894017,714,347,33036,29924,5079,2405,10140,16849,18623,11525,0,0,59898,2137,568,456,165,5,0,0,0,0,26697,7305,2720,0,0,0,0,0
447,4254,448.1138571948381,99950,996,464,33,13,10379,5315,0.15701850925462732,739,360,32721,29460,5133,2424,10376,17277,19115,11829,0,0,59069,2265,612,460,178,5,0,0,0,0,27351,7204,2806,0,0,0,0,0
448,4254,449.3180560382774,99949,1007,490,34,13,10595,5413,0.1601616824580536,784,395,32328,28983,5256,2443,10589,17674,19607,12135,0,0,58181,2435,685,477,188,6,0,0,0,0,27991,7106,2880,0,0,0,0,0
449,4254,450.1282079277447,99949,1042,526,34,13,10742,5497,0.16247286115919118,816,388,31983,28534,5301,2451,10822,18086,20100,12442,0,0,57380,2523,739,484,198,6,0,0,0,0,28650,7011,2958,0,0,0,0,0
450,4254,451.35788503515187,99947,1091,547,36,13,10985,5609,0.16602799483726374,827,406,31607,28090,5399,2483,11038,18459,20592,12751,0,0,56469,2707,805,501,209,6,0,0,0,0,29304,6918,3028,0,0,0,0,0
451,4254,452.1851527215649,99947,1138,561,36,13,11159,5690,0.1685793470539386,836,426,31249,27636,5443,2491,11296,18871,21084,13061,0,0,55646,2814,876,507,217,6,0,0,0,0,29947,6826,3108,0,0,0,0,0
452,4254,453.0210279920551,99947,1180,564,36,13,11335,5777,0.17121074169309733,856,443,30897,27180,5503,2522,11526,19276,21575,13371,0,0,54823,2930,954,514,229,6,0,0,0,0,30572,6724,3195,0,0,0,0,0
453,4254,454.2907247447568,99947,1202,602,36,13,11583,5925,0.1751728416060512,889,438,30495,26711,5641,2588,11735,19646,22064,13682,0,0,53896,3121,1053,540,242,6,0,0,0,0,31202,6634,3253,0,0,0,0,0
454,4254,455.1457847903614,99947,1232,623,36,13,11764,6023,0.1779643210901778,923,464,30141,26240,5709,2609,11957,20049,22551,13994,0,0,53071,3242,1134,553,251,6,0,0,0,0,31821,6526,3343,0,0,0,0,0
455,4254,456.01028252531245,99947,1309,666,36,13,11985,6126,0.1812060392007764,907,485,29777,25779,5768,2616,12201,20439,23036,14306,0,0,52257,3329,1218,569,261,7,0,0,0,0,32460,6439,3407,0,0,0,0,0
456,4254,457.3238109815326,99947,1349,682,36,13,12281,6285,0.18575845197954916,991,511,29354,25306,5919,2700,12349,20786,23519,14618,0,0,51322,3553,1345,593,279,7,0,0,0,0,33038,6331,3479,0,0,0,0,0
457,4254,458.2087481128869,99946,1397,710,37,13,12508,6398,0.18916214755968222,982,514,28991,24866,6011,2732,12580,21163,23999,14930,0,0,50479,3682,1453,607,287,8,0,0,0,0,33641,6238,3551,0,0,0,0,0
458,4254,459.10404039961077,99946,1454,724,37,13,12745,6506,0.19261401156624577,995,525,28615,24446,6100,2774,12797,21516,24475,15241,0,0,49632,3814,1561,625,297,8,0,0,0,0,34243,6147,3619,0,0,0,0,0
459,4254,460.0101645426975,99945,1502,745,37,14,12970,6617,0.19597778778328082,1005,554,28253,24000,6196,2807,13005,21878,24948,15552,0,0,48787,3945,1662,642,306,8,0,0,0,0,34847,6059,3689,0,0,0,0,0
460,4254,461.3885577520703,99942,1535,797,39,15,13297,6799,0.20107662444217647,1023,552,27851,23615,6369,2867,13181,22152,25417,15862,0,0,47872,4140,1814,684,320,9,0,0,0,0,35398,5954,3751,0,0,0,0,0
461,4254,462.31773949102154,99941,1549,810,40,15,13531,6913,0.20456069080757647,1043,545,27497,23217,6478,2899,13391,22512,25882,16171,0,0,47046,4273,1954,699,341,9,0,0,0,0,35941,5856,3822,0,0,0,0,0
462,4254,463.2587966689116,99940,1562,812,40,16,13774,7036,0.20822493496097658,1040,572,27149,22803,6609,2957,13598,22838,26342,16479,0,0,46195,4431,2105,718,354,11,0,0,0,0,36476,5762,3888,0,0,0,0,0
463,4254,464.21139249093403,99939,1641,846,41,16,14063,7170,0.2124596003562173,1011,570,26802,22403,6713,2987,13790,23176,26798,16786,0,0,45374,4570,2232,728,378,11,0,0,0,0,37023,5668,3955,0,0,0,0,0
464,4254,465.17594756115363,99938,1662,856,42,16,14298,7297,0.21608397206267885,1071,579,26427,22015,6813,3044,13983,23488,27249,17092,0,0,44555,4711,2372,740,402,12,0,0,0,0,37548,5578,4020,0,0,0,0,0
465,4254,466.152828091159,99937,1693,878,43,16,14560,7446,0.22019872519687403,1096,580,26055,21649,6942,3087,14169,23788,27694,17396,0,0,43764,4850,2544,754,422,13,0,0,0,0,38019,5465,4106,0,0,0,0,0
466,4254,467.1430651807821,99936,1747,907,44,16,14852,7596,0.22462375920589178,1066,581,25715,21256,7071,3146,14355,24092,28134,17698,0,0,42949,4999,2693,768,450,13,0,0,0,0,38520,5371,4173,0,0,0,0,0
467,4254,468.14574043558184,99936,1761,929,44,16,15127,7749,0.22890650016010247,1094,573,25342,20887,7231,3215,14526,24378,28568,17998,0,0,42113,5167,2853,792,473,14,0,0,0,0,39014,5280,4230,0,0,0,0,0
468,4254,469.162166778949,99936,1813,941,44,16,15425,7899,0.2333893691962856,1118,594,24984,20515,7362,3289,14677,24643,28997,18296,0,0,41299,5316,3023,815,499,14,0,0,0,0,39495,5193,4282,0,0,0,0,0
469,4254,470.1923134869861,99935,1820,974,45,16,15700,8063,0.23778455996397657,1165,574,24637,20165,7494,3368,14837,24901,29420,18592,0,0,40488,5453,3211,849,519,14,0,0,0,0,39962,5112,4327,0,0,0,0,0
470,4254,471.2364734022485,99932,1859,976,48,16,16023,8218,0.24257495096665732,1157,565,24296,19821,7648,3446,14990,25174,29837,18886,0,0,39683,5599,3420,879,551,16,0,0,0,0,40398,5025,4361,0,0,0,0,0
471,4254,472.2944794358539,99931,1904,994,49,16,16330,8388,0.24735067196365493,1162,590,23975,19476,7789,3510,15119,25412,30247,19178,0,0,38910,5736,3620,904,580,17,0,0,0,0,40816,4930,4418,0,0,0,0,0
472,4254,473.36628127151374,99928,1965,1015,50,18,16650,8554,0.2522215995516772,1177,577,23649,19124,7907,3581,15250,25683,30651,19467,0,0,38153,5858,3824,920,616,19,0,0,0,0,41228,4853,4457,0,0,0,0,0
473,4254,474.45182047407025,99928,1998,1011,50,18,16974,8700,0.25692498598991276,1204,625,23316,18789,8064,3654,15366,25901,31049,19753,0,0,37399,5984,4033,961,648,20,0,0,0,0,41616,4756,4511,0,0,0,0,0
474,4254,475.55204818680664,99926,2007,1017,51,19,17298,8873,0.2619038088185257,1218,637,22989,18477,8246,3742,15487,26106,31440,20037,0,0,36622,6137,4272,996,681,20,0,0,0,0,41982,4665,4551,0,0,0,0,0
475,4254,476.10641036711434,99926,2035,1015,51,19,17458,8959,0.2643656305666193,1268,648,22686,18157,8275,3766,15683,26393,31825,20318,0,0,36000,6153,4430,998,707,22,0,0,0,0,42418,4601,4597,0,0,0,0,0
476,4254,477.2348645328583,99925,2033,1046,52,19,17788,9143,0.26951213410057545,1293,650,22359,17853,8476,3852,15785,26578,32203,20596,0,0,35227,6319,4635,1034,749,22,0,0,0,0,42786,4513,4640,0,0,0,0,0
477,4254,478.37946308538613,99923,2081,1081,54,19,18175,9338,0.2753420133502797,1267,623,22026,17557,8674,3945,15896,26773,32574,20871,0,0,34457,6494,4865,1073,776,24,0,0,0,0,43126,4422,4686,0,0,0,0,0
478,4254,479.5409282679868,99923,2081,1126,54,19,18542,9544,0.28107642885021467,1324,590,21695,17284,8889,4032,15955,26947,32939,21143,0,0,33712,6653,5126,1107,813,29,0,0,0,0,43424,4337,4722,0,0,0,0,0
479,4254,480.1266760214323,99923,2105,1119,54,19,18741,9622,0.28384856339381326,1309,596,21446,16997,8964,4055,16120,27212,33297,21412,0,0,33086,6699,5277,1124,839,29,0,0,0,0,43836,4270,4763,0,0,0,0,0
480,4254,481.3190021210488,99920,2128,1107,57,19,19114,9805,0.2894215372297838,1300,598,21145,16739,9168,4176,16200,27359,33648,21677,0,0,32355,6864,5537,1145,896,30,0,0,0,0,44107,4193,4793,0,0,0,0,0
481,4254,482.5278994892167,99919,2116,1111,58,19,19498,9990,0.29511904642760634,1306,594,20845,16511,9400,4274,16273,27489,33992,21939,0,0,31614,7045,5815,1178,943,32,0,0,0,0,44360,4108,4824,0,0,0,0,0
482,4254,483.1375643066526,99919,2104,1088,58,19,19686,10069,0.29779121088081345,1296,602,20631,16263,9475,4306,16434,27720,34330,22198,0,0,31034,7092,6006,1193,973,34,0,0,0,0,44688,4028,4871,0,0,0,0,0
483,4254,484.3778507159825,99918,2118,1098,59,19,20061,10263,0.30348886086591004,1282,605,20353,16020,9694,4417,16492,27839,34661,22453,0,0,30338,7245,6272,1228,1021,37,0,0,0,0,44931,3948,4898,0,0,0,0,0
484,4254,485.0027411005194,99918,2147,1103,59,19,20259,10357,0.3064112572309294,1271,606,20138,15791,9750,4429,16633,28050,34985,22705,0,0,29804,7245,6470,1242,1045,38,0,0,0,0,45250,3890,4934,0,0,0,0,0
485,4254,486.2731642633112,99915,2094,1070,62,19,20629,10542,0.3119751789020668,1266,603,19874,15625,9997,4558,16705,28123,35302,22953,0,0,29118,7419,6812,1265,1106,40,0,0,0,0,45386,3810,4959,0,0,0,0,0
486,4254,487.56136508617067,99913,2078,1103,64,19,21028,10750,0.3180567093371233,1220,588,19655,15438,10224,4648,16757,28202,35613,23198,0,0,28457,7573,7120,1304,1153,42,0,0,0,0,45547,3721,4996,0,0,0,0,0
487,4254,488.21040472171615,99912,2094,1086,64,20,21237,10841,0.3210625350308271,1212,592,19464,15224,10291,4683,16873,28393,35917,23439,0,0,27936,7607,7337,1297,1189,46,0,0,0,0,45806,3668,5026,0,0,0,0,0
488,4254,489.52708279068656,99910,2100,1047,65,21,21625,11019,0.32673406065458915,1217,588,19205,15057,10513,4807,16898,28478,36215,23677,0,0,27302,7724,7646,1336,1249,53,0,0,0,0,45958,3605,5037,0,0,0,0,0
489,4254,490.1908306356153,99908,2105,1036,66,22,21821,11117,0.32968330864395246,1202,574,19011,14866,10589,4849,17025,28651,36506,23911,0,0,26791,7751,7845,1346,1283,56,0,0,0,0,46221,3552,5063,0,0,0,0,0
490,4254,491.53894699041706,99904,2052,1040,70,22,22191,11323,0.33546204356181936,1153,568,18839,14715,10828,4972,17056,28681,36791,24142,0,0,26161,7877,8160,1388,1343,60,0,0,0,0,46344,3490,5081,0,0,0,0,0
491,4254,492.2177008244723,99903,2017,1037,71,22,22368,11410,0.338107964725784,1121,576,18686,14538,10919,4989,17184,28836,37070,24369,0,0,25689,7887,8383,1397,1378,61,0,0,0,0,46562,3434,5112,0,0,0,0,0
492,4254,493.5928362178564,99901,1972,1039,72,23,22730,11628,0.3439204812764637,1094,550,18513,14399,11137,5117,17210,28870,37342,24593,0,0,25117,8004,8737,1440,1435,61,0,0,0,0,46615,3347,5145,0,0,0,0,0
493,4254,494.284372020787,99899,1980,998,74,23,22941,11712,0.34688034915264415,1046,558,18350,14243,11213,5166,17335,29010,37608,24813,0,0,24642,8035,8947,1440,1486,62,0,0,0,0,46818,3301,5168,0,0,0,0,0
494,4254,495.6864608716817,99899,1953,1009,74,23,23308,11911,0.3525460715322476,1016,517,18174,14131,11428,5281,17353,29037,37868,25029,0,0,24082,8142,9283,1472,1537,69,0,0,0,0,46894,3245,5175,0,0,0,0,0
495,4254,496.3917740776784,99898,1934,1006,75,23,23476,12014,0.35526236761496727,996,517,18020,13955,11506,5320,17467,29177,38122,25242,0,0,23655,8127,9502,1483,1579,72,0,0,0,0,47086,3211,5183,0,0,0,0,0
496,4254,497.10351870503274,99897,1906,999,76,23,23637,12103,0.3577685015566033,1004,515,17850,13812,11579,5340,17583,29309,38370,25451,0,0,23246,8112,9708,1495,1616,77,0,0,0,0,47269,3166,5208,0,0,0,0,0
497,4254,498.5468816689075,99895,1831,977,78,23,23967,12290,0.36295109865358627,1013,528,17700,13710,11795,5463,17581,29297,38612,25657,0,0,22712,8215,10045,1523,1689,82,0,0,0,0,47301,3119,5209,0,0,0,0,0
498,4254,499.2728552598597,99893,1818,984,80,23,24145,12398,0.365821428928954,1009,500,17557,13581,11861,5500,17673,29410,38849,25859,0,0,22310,8217,10242,1541,1727,83,0,0,0,0,47471,3058,5244,0,0,0,0,0
499,4254,500.00482512499747,99892,1825,921,80,24,24339,12466,0.3684479237576583,996,494,17424,13468,11924,5569,17749,29522,39080,26057,0,0,21897,8231,10444,1562,1768,86,0,0,0,0,47638,3003,5263,0,0,0,0,0
500,4254,501.46861452973434,99892,1821,882,80,24,24730,12619,0.37389380530973454,896,503,17297,13409,12146,5679,17758,29501,39306,26252,0,0,21406,8318,10757,1596,1840,92,0,0,0,0,47662,2950,5271,0,0,0,0,0
501,4254,502.2031703497448,99892,1817,907,80,24,24913,12717,0.37670684339086213,866,469,17169,13306,12215,5690,17851,29602,39526,26443,0,0,21037,8316,10935,1606,1883,94,0,0,0,0,47829,2899,5293,0,0,0,0,0
502,4254,503.66182841590086,99891,1765,897,81,24,25225,12875,0.38141574316004445,856,458,17013,13282,12418,5767,17865,29570,39741,26631,0,0,20567,8403,11210,1629,1954,101,0,0,0,0,47877,2855,5295,0,0,0,0,0
503,4254,504.392971862091,99888,1731,868,84,24,25381,12956,0.38379985583853915,841,463,16904,13166,12487,5819,17951,29658,39951,26816,0,0,20195,8410,11410,1634,2007,102,0,0,0,0,48011,2818,5301,0,0,0,0,0
504,4254,505.1205722739457,99888,1695,873,84,24,25538,13047,0.3862826365529393,839,451,16789,13066,12565,5844,18026,29740,40155,26997,0,0,19849,8396,11605,1645,2051,107,0,0,0,0,48145,2780,5310,0,0,0,0,0
505,4254,506.5671202917885,99886,1669,842,85,25,25853,13205,0.3910257693770899,824,450,16687,13046,12735,5945,17998,29690,40354,27175,0,0,19415,8477,11910,1672,2113,112,0,0,0,0,48153,2724,5310,0,0,0,0,0
506,4254,507.2937327047132,99885,1659,835,86,25,26004,13278,0.39327226310256796,804,437,16590,12967,12778,5965,18081,29769,40549,27349,0,0,19104,8440,12101,1684,2150,115,0,0,0,0,48279,2690,5322,0,0,0,0,0
507,4254,508.0172616836745,99885,1644,814,86,25,26166,13353,0.39564499174050155,773,445,16497,12865,12834,6006,18164,29843,40739,27520,0,0,18771,8448,12292,1686,2193,118,0,0,0,0,48391,2651,5335,0,0,0,0,0
508,4254,509.4554374255347,99882,1574,810,87,27,26438,13524,0.4000921086882521,732,396,16432,12877,13031,6101,18142,29787,40924,27688,0,0,18390,8493,12598,1707,2263,124,0,0,0,0,48363,2606,5338,0,0,0,0,0
509,4254,510.17719210497387,99879,1510,810,90,27,26552,13605,0.4020564883509046,750,370,16324,12815,13098,6114,18226,29862,41104,27853,0,0,18092,8465,12768,1720,2317,125,0,0,0,0,48475,2571,5346,0,0,0,0,0
510,4254,511.6135585432552,99878,1468,787,91,27,26822,13751,0.40622559522617596,686,326,16273,12830,13257,6201,18223,29827,41280,28015,0,0,17730,8492,13036,1753,2388,130,0,0,0,0,48474,2531,5344,0,0,0,0,0
511,4254,512.3338216959899,99878,1431,741,91,27,26934,13808,0.4079176595446445,692,329,16211,12762,13289,6246,18284,29893,41451,28173,0,0,17456,8465,13231,1758,2424,136,0,0,0,0,48547,2500,5361,0,0,0,0,0
512,4254,513.0517892613084,99878,1362,724,91,27,27048,13869,0.4096697971525261,666,320,16135,12687,13374,6276,18370,29964,41618,28328,0,0,17172,8449,13421,1759,2468,140,0,0,0,0,48625,2475,5369,0,0,0,0,0
513,4254,514.4813754536518,99878,1330,690,91,27,27306,13986,0.41342437774084384,609,314,16097,12691,13505,6345,18366,29931,41781,28480,0,0,16849,8470,13689,1777,2534,144,0,0,0,0,48601,2442,5372,0,0,0,0,0
514,4254,515.1988331338315,99878,1325,673,91,27,27426,14033,0.415096417629508,576,320,16048,12632,13520,6355,18438,29991,41940,28629,0,0,16613,8432,13841,1779,2570,148,0,0,0,0,48697,2403,5395,0,0,0,0,0
515,4254,516.6255467831049,99875,1222,658,93,28,27619,14148,0.4181927409261577,570,310,16041,12652,13656,6404,18416,29946,42095,28775,0,0,16315,8426,14103,1797,2634,152,0,0,0,0,48670,2376,5402,0,0,0,0,0
516,4254,517.341166416753,99874,1188,652,93,29,27719,14213,0.4198490097522879,543,283,15996,12612,13688,6421,18490,30001,42246,28918,0,0,16078,8397,14252,1792,2679,157,0,0,0,0,48757,2348,5414,0,0,0,0,0
517,4254,518.0551281661084,99874,1146,628,93,29,27813,14258,0.4212407633618359,542,273,15960,12584,13704,6443,18553,30041,42393,29058,0,0,15837,8383,14391,1793,2718,161,0,0,0,0,48842,2314,5435,0,0,0,0,0
518,4254,519.4766179041693,99873,1093,594,94,29,28009,14351,0.4241386560932384,507,263,15962,12607,13804,6504,18538,30001,42536,29196,0,0,15566,8382,14625,1814,2777,163,0,0,0,0,48822,2283,5441,0,0,0,0,0
519,4254,520.1896755170131,99872,1076,565,95,29,28106,14385,0.4254545818647869,492,264,15937,12558,13802,6514,18596,30068,42676,29331,0,0,15366,8325,14783,1818,2810,167,0,0,0,0,48892,2261,5450,0,0,0,0,0
520,4254,521.6102792001859,99871,1017,550,95,30,28288,14481,0.4282424327382323,478,252,15933,12618,13886,6541,18589,30007,42812,29463,0,0,15111,8325,15011,1836,2858,171,0,0,0,0,48875,2225,5459,0,0,0,0,0
521,4254,522.3225006516881,99870,1016,546,95,31,28383,14533,0.42971863422449186,453,241,15907,12596,13889,6542,18638,30042,42945,29592,0,0,14916,8292,15132,1833,2899,172,0,0,0,0,48958,2194,5474,0,0,0,0,0
522,4254,523.0328329652395,99869,1007,539,96,31,28480,14575,0.43111476033604024,435,239,15882,12564,13878,6546,18700,30079,43074,29719,0,0,14716,8267,15255,1820,2943,174,0,0,0,0,49040,2174,5480,0,0,0,0,0
523,4254,524.4481409975053,99869,950,549,96,31,28625,14665,0.4334678428741652,451,216,15892,12623,13925,6556,18684,30023,43200,29843,0,0,14494,8248,15421,1833,3000,178,0,0,0,0,49060,2150,5485,0,0,0,0,0
524,4254,525.1575668924086,99869,929,526,96,31,28694,14704,0.4345492595299843,454,213,15873,12619,13914,6554,18732,30055,43323,29965,0,0,14338,8189,15572,1825,3045,178,0,0,0,0,49101,2128,5493,0,0,0,0,0
525,4254,526.5711848302719,99868,900,500,97,31,28846,14786,0.43689670364881644,433,212,15911,12681,13947,6602,18710,29972,43443,30084,0,0,14128,8177,15742,1828,3101,186,0,0,0,0,49103,2101,5502,0,0,0,0,0
526,4254,527.2801364140571,99868,908,475,97,31,28937,14824,0.43818840869948333,402,206,15900,12675,13933,6616,18758,29995,43560,30201,0,0,13963,8134,15861,1821,3142,189,0,0,0,0,49167,2077,5514,0,0,0,0,0
527,4254,528.6933319988102,99868,875,436,97,31,29088,14885,0.4403112107982537,382,202,15935,12786,13984,6617,18725,29926,43674,30315,0,0,13759,8115,16036,1832,3201,192,0,0,0,0,49166,2058,5509,0,0,0,0,0
528,4254,529.4021172657001,99866,851,407,99,31,29152,14911,0.4412212364568522,371,197,15924,12784,13981,6633,18772,29946,43785,30427,0,0,13596,8090,16159,1824,3231,196,0,0,0,0,49216,2030,5524,0,0,0,0,0
529,4254,530.1097938866187,99865,802,406,99,32,29195,14951,0.4420567766484754,379,186,15908,12774,13991,6631,18819,29969,43893,30536,0,0,13436,8052,16272,1826,3258,199,0,0,0,0,49279,2008,5535,0,0,0,0,0
530,4254,531.5210152779547,99864,754,404,100,32,29304,15025,0.44389369542577906,351,164,15961,12854,14013,6644,18819,29900,43998,30643,0,0,13252,8035,16425,1835,3295,205,0,0,0,0,49293,1984,5540,0,0,0,0,0
531,4254,532.2281458066176,99863,724,407,101,32,29358,15063,0.4448194025815367,347,145,15969,12855,14001,6634,18856,29925,44100,30748,0,0,13114,7985,16534,1830,3327,209,0,0,0,0,49348,1970,5546,0,0,0,0,0
532,4254,533.6382517524405,99863,701,352,101,32,29488,15104,0.44653174849543875,302,154,16019,12928,14037,6673,18838,29859,44200,30851,0,0,12937,7960,16692,1848,3368,215,0,0,0,0,49349,1949,5545,0,0,0,0,0
533,4254,534.3455896252747,99862,688,356,102,32,29536,15132,0.44729727023292143,301,149,16009,12934,14017,6656,18881,29871,44297,30952,0,0,12790,7930,16784,1843,3383,217,0,0,0,0,49426,1932,5557,0,0,0,0,0
534,4254,535.0514985438939,99862,681,340,102,32,29596,15157,0.4481484448538984,281,157,16014,12937,14002,6654,18918,29878,44392,31050,0,0,12657,7891,16877,1840,3412,219,0,0,0,0,49483,1912,5571,0,0,0,0,0
535,4254,536.4591745827485,99861,625,299,102,33,29694,15198,0.44954486736563826,256,161,16082,12993,14036,6682,18897,29830,44484,31146,0,0,12502,7875,17020,1841,3463,226,0,0,0,0,49470,1892,5572,0,0,0,0,0
536,4254,537.1652502428826,99861,613,307,102,33,29741,15227,0.45030592523607815,246,145,16079,13001,14023,6676,18935,29836,44574,31240,0,0,12372,7849,17095,1831,3480,232,0,0,0,0,49541,1872,5589,0,0,0,0,0
537,4254,538.5737074644032,99861,601,295,102,33,29839,15276,0.4517779713802185,236,141,16172,13090,14006,6678,18881,29761,44662,31332,0,0,12219,7826,17207,1842,3512,235,0,0,0,0,49573,1856,5591,0,0,0,0,0
538,4254,539.2802505175182,99861,587,297,102,33,29873,15301,0.45236879262174423,240,129,16180,13119,13973,6648,18916,29772,44748,31422,0,0,12119,7775,17297,1838,3533,237,0,0,0,0,49623,1836,5603,0,0,0,0,0
539,4254,540.6907816794983,99860,546,282,103,33,29949,15353,0.4536551171640296,248,123,16273,13221,13962,6653,18866,29686,44831,31511,0,0,11983,7745,17411,1842,3577,239,0,0,0,0,49633,1823,5607,0,0,0,0,0
540,4254,541.3982573662388,99860,538,275,103,33,29993,15383,0.45439615461646304,247,111,16271,13253,13942,6648,18897,29678,44912,31598,0,0,11867,7716,17493,1839,3597,242,0,0,0,0,49683,1803,5620,0,0,0,0,0
541,4254,542.1051395752509,99860,501,272,103,33,30028,15405,0.45496695373522933,254,105,16315,13267,13913,6639,18912,29682,44991,31683,0,0,11756,7681,17589,1835,3624,243,0,0,0,0,49723,1788,5621,0,0,0,0,0
542,4254,543.5165896861876,99860,467,257,103,33,30102,15441,0.45606849589425197,244,95,16349,13385,13925,6644,18910,29584,45068,31766,0,0,11637,7650,17712,1840,3651,248,0,0,0,0,49726,1772,5624,0,0,0,0,0
543,4254,544.2237551540616,99859,463,242,103,34,30154,15459,0.4567740514124916,216,92,16388,13393,13899,6647,18929,29590,45143,31847,0,0,11532,7606,17800,1846,3668,250,0,0,0,0,49769,1758,5630,0,0,0,0,0
544,4254,545.6355560838308,99857,464,222,105,34,30245,15480,0.4579048038695334,179,102,16480,13504,13878,6644,18892,29492,45216,31927,0,0,11419,7576,17909,1848,3691,254,0,0,0,0,49783,1747,5630,0,0,0,0,0
545,4254,546.3436602264147,99857,443,223,105,34,30278,15503,0.45846560581631735,178,90,16513,13528,13857,6623,18902,29500,45288,32005,0,0,11336,7523,18000,1842,3715,256,0,0,0,0,49813,1738,5634,0,0,0,0,0
546,4254,547.0510313369583,99857,441,215,105,34,30311,15516,0.4589262645583184,168,96,16546,13565,13819,6607,18919,29481,45358,32081,0,0,11248,7491,18069,1830,3734,259,0,0,0,0,49856,1726,5644,0,0,0,0,0
547,4254,548.4649170924911,99857,411,213,105,34,30370,15550,0.4598575963627988,163,96,16642,13673,13790,6593,18887,29389,45426,32156,0,0,11148,7458,18160,1840,3757,263,0,0,0,0,49872,1706,5653,0,0,0,0,0
548,4254,549.1737052870924,99857,393,206,105,34,30396,15567,0.460288212143365,168,92,16670,13703,13771,6589,18891,29374,45492,32229,0,0,11056,7422,18240,1835,3775,263,0,0,0,0,49910,1699,5657,0,0,0,0,0
549,4254,550.5900190851964,99857,382,182,105,34,30465,15597,0.46127962987071514,146,95,16750,13824,13754,6579,18861,29284,45557,32300,0,0,10966,7391,18348,1837,3802,265,0,0,0,0,49899,1682,5667,0,0,0,0,0
550,4254,551.3002735867799,99856,364,182,106,34,30488,15616,0.4617048549911873,152,90,16759,13865,13732,6561,18885,29266,45620,32370,0,0,10877,7362,18406,1835,3819,266,0,0,0,0,49946,1668,5677,0,0,0,0,0
551,4254,552.0098947227867,99856,357,181,106,34,30512,15630,0.4620854029802916,147,84,16794,13895,13688,6545,18906,29259,45681,32438,0,0,10798,7330,18465,1829,3834,268,0,0,0,0,49991,1657,5684,0,0,0,0,0
552,4254,553.4268803781422,99856,344,195,106,34,30571,15667,0.4630467873738183,128,74,16903,14022,13653,6517,18864,29156,45741,32505,0,0,10704,7304,18542,1828,3851,275,0,0,0,0,50021,1650,5681,0,0,0,0,0
553,4254,554.1374844906045,99856,325,188,106,34,30583,15677,0.46326710463066817,134,74,16931,14054,13630,6505,18872,29143,45799,32571,0,0,10632,7269,18603,1822,3870,275,0,0,0,0,50059,1638,5688,0,0,0,0,0
554,4254,555.5572208887967,99855,307,183,107,34,30626,15703,0.4639627459816734,127,71,17024,14180,13596,6486,18837,29044,45856,32635,0,0,10538,7241,18672,1828,3892,275,0,0,0,0,50090,1631,5688,0,0,0,0,0
555,4254,556.2691373681721,99855,309,174,107,34,30652,15718,0.4643733413449502,123,70,17067,14202,13546,6490,18846,29028,45912,32698,0,0,10468,7211,18733,1820,3907,277,0,0,0,0,50123,1620,5696,0,0,0,0,0
556,4254,557.6914921159802,99855,284,175,107,34,30694,15752,0.4651344449451705,116,65,17171,14318,13512,6471,18808,28935,45966,32760,0,0,10384,7193,18801,1816,3938,280,0,0,0,0,50141,1609,5693,0,0,0,0,0
557,4254,558.4046427046659,99855,279,169,107,34,30713,15768,0.4654849531821141,112,60,17201,14363,13477,6461,18822,28911,46019,32820,0,0,10311,7162,18856,1814,3949,282,0,0,0,0,50182,1602,5697,0,0,0,0,0
558,4254,559.1173764715344,99855,264,165,107,34,30731,15782,0.465805417855891,110,52,17229,14394,13456,6453,18832,28900,46071,32879,0,0,10240,7131,18917,1810,3963,283,0,0,0,0,50215,1596,5700,0,0,0,0,0
559,4254,560.5418076259706,99855,261,155,107,34,30779,15802,0.4664864052876671,89,54,17340,14513,13411,6440,18790,28802,46121,32937,0,0,10171,7102,18993,1810,3981,285,0,0,0,0,50225,1586,5702,0,0,0,0,0
560,4254,561.2557567613636,99855,247,152,107,34,30792,15811,0.4667067247508888,94,60,17377,14564,13382,6425,18791,28763,46170,32994,0,0,10113,7073,19036,1802,3999,290,0,0,0,0,50261,1578,5703,0,0,0,0,0
561,4254,562.683621084484,99855,235,137,107,34,30832,15825,0.46724750888788746,95,56,17491,14684,13334,6412,18736,28675,46218,33049,0,0,10043,7053,19096,1797,4026,290,0,0,0,0,50274,1568,5708,0,0,0,0,0
562,4254,563.399548223274,99855,223,131,107,34,30845,15833,0.4674578138300536,100,57,17515,14738,13311,6405,18742,28633,46265,33103,0,0,9975,7028,19147,1798,4029,293,0,0,0,0,50312,1560,5713,0,0,0,0,0
563,4254,564.1157533320048,99855,216,116,107,34,30860,15844,0.46771819137749737,99,54,17553,14780,13274,6403,18749,28611,46311,33156,0,0,9926,6993,19211,1794,4041,294,0,0,0,0,50324,1549,5723,0,0,0,0,0
564,4254,565.5477365411325,99855,206,122,107,34,30901,15865,0.46833909168294025,88,51,17682,14928,13229,6359,18686,28504,46356,33208,0,0,9860,6975,19264,1790,4057,297,0,0,0,0,50341,1541,5730,0,0,0,0,0
565,4254,566.2659520738098,99855,205,128,107,34,30917,15875,0.46859946923038404,84,48,17739,14975,13191,6335,18672,28478,46400,33259,0,0,9805,6954,19294,1780,4073,297,0,0,0,0,50382,1531,5739,0,0,0,0,0
566,4254,567.7034754228154,99855,195,123,107,34,30948,15888,0.4690401081568274,72,47,17866,15106,13141,6313,18617,28375,46442,33309,0,0,9753,6935,19332,1768,4102,300,0,0,0,0,50397,1523,5745,0,0,0,0,0
567,4254,568.4246937763926,99855,193,114,107,34,30961,15892,0.46921035501477143,69,48,17887,15167,13109,6294,18633,28341,46483,33358,0,0,9704,6906,19382,1762,4110,302,0,0,0,0,50422,1519,5748,0,0,0,0,0
568,4254,569.146049730742,99855,183,108,107,34,30969,15899,0.4693605728306044,76,50,17909,15229,13095,6275,18628,28302,46523,33406,0,0,9654,6878,19429,1757,4122,302,0,0,0,0,50449,1513,5751,0,0,0,0,0
569,4254,570.5879063513937,99855,170,102,107,34,30989,15923,0.4698012117570477,82,39,18015,15359,13050,6261,18574,28203,46563,33453,0,0,9594,6859,19485,1752,4140,303,0,0,0,0,50462,1509,5751,0,0,0,0,0
570,4254,571.3110235336504,99855,167,101,107,34,31004,15928,0.47000150217815834,79,40,18035,15417,13033,6244,18577,28162,46602,33499,0,0,9533,6839,19520,1751,4143,305,0,0,0,0,50505,1506,5753,0,0,0,0,0
571,4254,572.0342892139188,99855,172,107,107,34,31021,15939,0.4702819087677132,75,33,18091,15489,12979,6222,18574,28113,46640,33544,0,0,9491,6807,19559,1749,4150,305,0,0,0,0,50535,1499,5760,0,0,0,0,0
572,4254,573.4807804806748,99855,165,105,107,34,31049,15952,0.47069250413098995,76,28,18228,15632,12911,6203,18511,27996,46677,33588,0,0,9436,6786,19609,1746,4161,308,0,0,0,0,50556,1495,5758,0,0,0,0,0
573,4254,574.2060524988214,99855,165,103,107,34,31064,15960,0.47092283811526714,71,27,18262,15673,12881,6193,18512,27968,46713,33631,0,0,9389,6770,19642,1741,4171,308,0,0,0,0,50583,1484,5767,0,0,0,0,0
574,4254,575.6577169960609,99855,158,98,107,34,31087,15976,0.4713134044364328,66,27,18375,15817,12832,6167,18460,27855,46748,33673,0,0,9343,6745,19695,1740,4183,309,0,0,0,0,50592,1478,5770,0,0,0,0,0
575,4254,576.3855552728238,99855,157,93,107,34,31099,15981,0.47148365129437686,61,26,18422,15872,12794,6157,18457,27816,46782,33714,0,0,9299,6723,19733,1736,4190,309,0,0,0,0,50617,1472,5776,0,0,0,0,0
576,4254,577.1135474846867,99855,151,84,107,34,31109,15985,0.4716238545891543,58,24,18462,15920,12768,6150,18452,27786,46815,33755,0,0,9258,6698,19776,1735,4198,309,0,0,0,0,50636,1465,5780,0,0,0,0,0
577,4254,578.569824507416,99855,146,78,107,34,31136,15991,0.47195433378398677,57,24,18560,16047,12733,6123,18395,27692,46848,33795,0,0,9217,6671,19821,1729,4214,311,0,0,0,0,50650,1463,5779,0,0,0,0,0
578,4254,579.2958124887762,99855,141,78,107,34,31145,15995,0.47208452255770866,56,24,18587,16109,12703,6098,18404,27655,46880,33834,0,0,9176,6653,19843,1724,4227,311,0,0,0,0,50681,1456,5784,0,0,0,0,0
579,4254,580.020135005254,99855,141,78,107,34,31156,15999,0.47223474037354163,52,26,18647,16165,12657,6085,18394,27610,46911,33872,0,0,9139,6630,19869,1718,4239,312,0,0,0,0,50710,1454,5784,0,0,0,0,0
580,4254,581.4644613765224,99855,135,69,107,34,31178,16009,0.4725552050473186,46,22,18770,16291,12616,6068,18324,27514,46941,33909,0,0,9096,6612,19916,1717,4248,313,0,0,0,0,50716,1449,5788,0,0,0,0,0
581,4254,582.1828646498088,99855,125,66,107,34,31185,16012,0.4726553502578739,46,25,18809,16348,12593,6056,18318,27469,46971,33946,0,0,9052,6593,19943,1717,4255,314,0,0,0,0,50746,1445,5790,0,0,0,0,0
582,4254,583.6143089967394,99855,110,71,107,34,31200,16029,0.4729758149316509,47,15,18921,16491,12538,6030,18275,27357,47000,33982,0,0,9014,6567,19977,1720,4269,315,0,0,0,0,50761,1442,5790,0,0,0,0,0
583,4254,584.3271035266076,99855,112,72,107,34,31202,16030,0.47300585849481747,45,14,18908,16471,12521,6024,18305,27383,47028,34017,0,0,8976,6550,19994,1713,4276,315,0,0,0,0,50799,1441,5791,0,0,0,0,0
584,4254,585.0948473305166,99854,106,69,107,35,31212,16031,0.47312075630420414,41,16,18985,16546,12481,6002,18278,27330,47056,34051,0,0,8943,6530,20025,1708,4286,315,0,0,0,0,50817,1437,5793,0,0,0,0,0
585,4254,586.3038205503119,99854,102,67,107,35,31221,16037,0.4732709756244116,38,18,19072,16650,12437,5978,18242,27250,47083,34085,0,0,8901,6517,20049,1705,4295,315,0,0,0,0,50844,1434,5794,0,0,0,0,0
586,4254,587.4166050578683,99854,100,64,107,35,31235,16046,0.47350131191539646,36,17,19149,16752,12400,5955,18206,27175,47110,34118,0,0,8862,6507,20072,1701,4306,316,0,0,0,0,50864,1427,5799,0,0,0,0,0
587,4254,588.1239032940109,99853,93,59,108,35,31244,16050,0.4736362452805624,34,16,19206,16834,12367,5943,18190,27111,47136,34150,0,0,8831,6486,20105,1698,4312,319,0,0,0,0,50879,1424,5799,0,0,0,0,0
588,4254,589.1790416951766,99853,87,54,108,35,31249,16052,0.4737063483320481,39,16,19246,16932,12338,5923,18180,27038,47161,34182,0,0,8803,6465,20136,1694,4321,319,0,0,0,0,50894,1420,5801,0,0,0,0,0
589,4254,590.178799250686,99853,84,50,108,35,31265,16056,0.4739066427648643,39,22,19384,17103,12273,5893,18110,26895,47186,34213,0,0,8775,6440,20162,1694,4334,319,0,0,0,0,50910,1415,5804,0,0,0,0,0
590,4254,591.5691598515597,99853,82,49,108,35,31280,16065,0.4741469960842438,36,20,19481,17230,12225,5872,18066,26792,47210,34244,0,0,8742,6424,20187,1689,4346,320,0,0,0,0,50926,1413,5806,0,0,0,0,0
591,4254,592.2611766764117,99853,81,50,108,35,31280,16066,0.4741570108058846,39,19,19467,17219,12211,5865,18092,26810,47234,34274,0,0,8707,6413,20199,1687,4348,320,0,0,0,0,50960,1407,5812,0,0,0,0,0
592,4254,593.206304976732,99853,76,50,108,35,31289,16074,0.47432726107377843,44,16,19586,17359,12161,5839,18023,26699,47257,34303,0,0,8677,6396,20223,1684,4358,320,0,0,0,0,50976,1404,5815,0,0,0,0,0
593,4254,594.2298459874229,99853,81,50,108,35,31296,16077,0.4744274082901866,43,14,19613,17381,12131,5831,18022,26687,47280,34332,0,0,8645,6385,20234,1680,4362,322,0,0,0,0,51006,1400,5819,0,0,0,0,0
594,4254,595.4822445144786,99853,70,43,108,35,31305,16081,0.4745575996715171,46,15,19735,17523,12077,5810,17962,26572,47302,34360,0,0,8618,6368,20269,1679,4371,322,0,0,0,0,51010,1395,5821,0,0,0,0,0
595,4254,596.1051880144288,99853,73,44,108,35,31313,16086,0.4746877910528477,42,11,19762,17565,12053,5803,17960,26540,47324,34388,0,0,8590,6349,20294,1679,4372,322,0,0,0,0,51031,1391,5825,0,0,0,0,0
596,4254,597.0353786320887,99853,72,46,108,35,31324,16094,0.4748780707640231,37,7,19827,17641,12016,5788,17938,26481,47345,34415,0,0,8569,6328,20325,1675,4380,322,0,0,0,0,51038,1389,5827,0,0,0,0,0
597,4254,598.4175441325195,99853,62,40,108,35,31330,16097,0.4749682032587904,40,7,19928,17780,11968,5763,17892,26373,47366,34442,0,0,8543,6311,20352,1674,4389,323,0,0,0,0,51048,1386,5827,0,0,0,0,0
598,4254,599.1975707246701,99853,61,38,108,35,31337,16098,0.4750483210319169,37,8,19982,17833,11936,5754,17874,26330,47386,34468,0,0,8516,6301,20369,1670,4396,323,0,0,0,0,51067,1381,5830,0,0,0,0,0
599,4254,600.2479122855508,99853,59,34,108,35,31352,16100,0.4752185712998107,34,7,20084,17964,11898,5728,17815,26230,47406,34494,0,0,8485,6293,20390,1667,4404,324,0,0,0,0,51081,1378,5831,0,0,0,0,0
600,4254,601.2217871932988,99853,56,25,108,35,31364,16100,0.4753387479595005,27,11,20214,18091,11843,5711,17750,26125,47425,34519,0,0,8459,6282,20417,1663,4412,324,0,0,0,0,51087,1375,5834,0,0,0,0,0
601,4254,602.5558593794143,99853,55,24,108,35,31369,16101,0.4753988362893453,27,14,20281,18166,11802,5691,17725,26068,47444,34544,0,0,8435,6267,20439,1662,4412,325,0,0,0,0,51104,1371,5838,0,0,0,0,0
602,4254,603.4559729437487,99853,56,21,108,35,31376,16103,0.4754889687841126,27,15,20367,18279,11759,5672,17681,25976,47463,34568,0,0,8403,6260,20452,1660,4417,325,0,0,0,0,51128,1369,5839,0,0,0,0,0
603,4254,604.1848508947479,99853,53,21,108,35,31379,16104,0.4755290276706759,25,15,20431,18344,11718,5654,17663,25929,47481,34592,0,0,8382,6244,20473,1658,4420,325,0,0,0,0,51143,1366,5842,0,0,0,0,0
604,4254,605.0843553841047,99853,54,24,108,35,31385,16107,0.4756191601654432,19,13,20466,18371,11693,5640,17658,25915,47499,34615,0,0,8361,6233,20485,1655,4424,326,0,0,0,0,51161,1361,5847,0,0,0,0,0
605,4254,606.0593478690352,99853,50,23,108,35,31392,16111,0.4757293221034921,21,11,20559,18469,11650,5612,17610,25848,47516,34638,0,0,8339,6220,20506,1655,4428,326,0,0,0,0,51171,1356,5852,0,0,0,0,0
606,4254,607.2674283236101,99853,48,21,108,35,31396,16115,0.4758094398766186,21,10,20706,18620,11580,5577,17535,25735,47533,34660,0,0,8320,6208,20521,1649,4438,326,0,0,0,0,51183,1353,5855,0,0,0,0,0
607,4254,608.2123188267607,99853,50,20,108,35,31402,16116,0.4758795429281043,18,9,20726,18651,11565,5566,17531,25717,47550,34682,0,0,8292,6203,20530,1649,4438,327,0,0,0,0,51207,1347,5860,0,0,0,0,0
608,4254,609.0107553580054,99853,48,18,108,35,31403,16118,0.4759095870930268,20,8,20759,18708,11542,5556,17521,25673,47566,34704,0,0,8274,6187,20552,1648,4438,328,0,0,0,0,51219,1344,5863,0,0,0,0,0
609,4254,610.0418258415726,99853,48,20,108,35,31409,16122,0.4760097343094349,17,5,20845,18819,11504,5536,17476,25583,47582,34725,0,0,8255,6174,20566,1643,4443,330,0,0,0,0,51235,1343,5864,0,0,0,0,0
610,4254,611.0045212016166,99853,45,20,108,35,31414,16123,0.4760698226392797,14,5,20966,18926,11448,5507,17417,25505,47598,34746,0,0,8238,6160,20581,1641,4449,331,0,0,0,0,51248,1340,5865,0,0,0,0,0
611,4254,612.0921290386609,99853,42,20,108,35,31418,16124,0.4761198962474838,10,6,21024,18974,11429,5496,17385,25467,47613,34766,0,0,8220,6152,20594,1638,4454,331,0,0,0,0,51260,1334,5870,0,0,0,0,0
612,4254,613.2470947049553,99853,40,20,108,35,31421,16126,0.4761699698556879,10,8,21138,19088,11385,5470,17317,25377,47628,34786,0,0,8206,6138,20614,1635,4458,331,0,0,0,0,51268,1330,5873,0,0,0,0,0
613,4254,614.0232711116034,99853,34,22,108,35,31424,16128,0.4762200434638919,8,6,21174,19145,11376,5455,17298,25335,47643,34806,0,0,8188,6125,20630,1633,4460,333,0,0,0,0,51281,1329,5874,0,0,0,0,0
614,4254,615.0954849231246,99853,31,21,108,35,31428,16130,0.4762801317937368,6,5,21272,19253,11332,5427,17249,25257,47657,34825,0,0,8171,6121,20638,1628,4465,335,0,0,0,0,51292,1322,5881,0,0,0,0,0
615,4254,616.0049337670546,99853,31,22,108,35,31432,16133,0.4763502348452225,6,4,21354,19361,11290,5407,17209,25169,47671,34844,0,0,8155,6106,20653,1627,4468,336,0,0,0,0,51306,1321,5881,0,0,0,0,0
616,4254,617.1744823960748,99853,23,18,108,35,31433,16133,0.4763602495668633,5,6,21448,19489,11247,5390,17167,25060,47685,34863,0,0,8132,6099,20663,1625,4476,336,0,0,0,0,51323,1320,5879,0,0,0,0,0
617,4254,618.0946847834324,99853,25,18,108,35,31436,16134,0.4764003084534265,2,6,21495,19542,11218,5380,17150,25017,47699,34881,0,0,8117,6090,20673,1618,4483,336,0,0,0,0,51337,1318,5881,0,0,0,0,0
618,4254,619.0077204561504,99853,24,13,108,35,31439,16135,0.4764403673399898,1,5,21569,19638,11184,5366,17112,24941,47712,34899,0,0,8101,6079,20691,1616,4485,337,0,0,0,0,51345,1316,5883,0,0,0,0,0
619,4254,620.1296933338954,99853,18,11,108,35,31439,16137,0.4764603967832714,3,4,21662,19753,11145,5340,17062,24855,47725,34917,0,0,8083,6070,20706,1613,4489,338,0,0,0,0,51356,1315,5883,0,0,0,0,0
620,4254,621.005370144305,99853,19,10,108,35,31440,16137,0.4764704115049122,5,4,21718,19819,11108,5321,17040,24809,47738,34934,0,0,8066,6062,20715,1610,4492,338,0,0,0,0,51372,1313,5885,0,0,0,0,0
621,4254,622.1150974573743,99853,13,10,108,35,31442,16139,0.4765104703914755,5,3,21823,19909,11055,5303,16994,24738,47751,34951,0,0,8050,6052,20731,1608,4495,339,0,0,0,0,51381,1311,5886,0,0,0,0,0
622,4254,623.5916227883853,99853,12,9,108,35,31443,16140,0.4765304998347571,4,3,21927,20029,10999,5284,16948,24638,47763,34968,0,0,8039,6038,20744,1606,4500,339,0,0,0,0,51391,1309,5887,0,0,0,0,0
623,4254,624.3497019860209,99853,11,8,108,35,31443,16141,0.4765405145563979,5,3,22035,20124,10953,5263,16886,24565,47775,34984,0,0,8023,6032,20753,1604,4501,340,0,0,0,0,51404,1306,5890,0,0,0,0,0
624,4254,625.1265312356488,99853,10,8,108,35,31444,16141,0.4765505292780387,4,3,22081,20167,10923,5253,16872,24532,47787,35000,0,0,8007,6027,20758,1598,4507,341,0,0,0,0,51420,1305,5890,0,0,0,0,0
625,4254,626.2055134620854,99853,8,5,108,35,31446,16142,0.4765805734429612,2,3,22180,20281,10874,5236,16826,24438,47799,35016,0,0,7991,6018,20769,1597,4511,341,0,0,0,0,51431,1303,5892,0,0,0,0,0
626,4254,627.2505003859169,99853,9,6,108,35,31448,16144,0.4766206323295244,1,1,22240,20355,10837,5214,16803,24387,47810,35031,0,0,7973,6011,20778,1596,4512,341,0,0,0,0,51447,1303,5892,0,0,0,0,0
627,4254,628.1362866444974,99853,9,5,108,35,31448,16144,0.4766206323295244,4,1,22360,20493,10790,5183,16727,24281,47821,35046,0,0,7962,6002,20787,1592,4517,341,0,0,0,0,51458,1301,5893,0,0,0,0,0
628,4254,629.343267917925,99853,9,5,108,35,31448,16144,0.4766206323295244,5,1,22465,20603,10745,5165,16666,24189,47832,35061,0,0,7946,5997,20792,1591,4518,341,0,0,0,0,51474,1297,5897,0,0,0,0,0
629,4254,630.0849563435262,99853,7,5,108,35,31448,16144,0.4766206323295244,30,26,22478,20609,10725,5154,16650,24169,47843,35076,0,0,7930,5988,20802,1591,4518,341,0,0,0,1,51488,1296,5898,0,0,0,0,0
630,4254,631.07850993192,99853,11,8,108,35,31453,16148,0.4767107648242917,27,23,22573,20703,10675,5138,16604,24091,47853,35090,0,0,7916,5980,20809,1590,4521,341,0,0,0,1,51502,1295,5898,0,0,0,0,0
631,4254,632.1701613876344,99853,13,12,108,35,31457,16154,0.4768109120406998,26,20,22646,20784,10640,5121,16565,24026,47863,35104,0,0,7904,5974,20815,1587,4524,341,0,0,0,5,51510,1292,5901,0,0,0,0,0
632,4254,633.1053928014215,99853,17,13,108,35,31462,16158,0.4769010445354671,28,21,22731,20885,10591,5108,16523,23936,47873,35118,0,0,7890,5969,20820,1583,4529,341,1,0,0,7,51521,1290,5902,0,0,0,0,0
633,4254,634.0402063686594,99853,21,16,108,35,31469,16163,0.4770212211951569,26,16,22804,20947,10551,5100,16488,23884,47883,35132,0,0,7876,5961,20827,1582,4530,342,2,0,0,9,51532,1288,5904,0,0,0,0,0
634,4254,635.0945264401541,99853,28,16,108,35,31480,16167,0.4771714420197691,19,19,22886,21023,10511,5088,16446,23817,47893,35145,0,0,7862,5952,20835,1583,4531,342,2,0,0,15,51540,1287,5904,0,0,0,0,0
635,4254,636.2108389914277,99853,33,18,108,35,31490,16174,0.4773416922876629,26,18,22979,21161,10467,5062,16385,23704,47903,35158,0,0,7845,5946,20840,1583,4532,343,4,0,0,21,51549,1286,5904,0,0,0,0,0
636,4254,637.0028611230082,99853,32,17,108,35,31493,16176,0.4773917658958669,32,19,23020,21206,10447,5055,16359,23666,47912,35171,0,0,7833,5935,20850,1582,4534,343,6,0,0,25,51555,1286,5904,0,0,0,0,0
637,4254,638.0718667592419,99853,33,21,108,35,31501,16185,0.4775620161637607,31,12,23103,21271,10408,5047,16315,23612,47921,35184,0,0,7820,5925,20858,1582,4537,343,8,0,0,31,51560,1284,5905,0,0,0,0,0
638,4254,639.2088318682698,99853,37,23,108,35,31512,16190,0.4777222517100137,38,12,23200,21385,10359,5025,16256,23518,47930,35196,0,0,7810,5915,20866,1582,4540,343,8,0,0,38,51563,1283,5905,0,0,0,0,0
639,4254,640.0534455971516,99853,39,22,108,35,31520,16193,0.47783241364806267,34,16,23228,21443,10351,5012,16238,23470,47939,35208,0,0,7801,5908,20871,1579,4546,344,8,0,0,43,51567,1281,5905,0,0,0,0,0
640,4254,641.0230855306945,99853,43,29,108,35,31527,16201,0.4779826344726748,41,13,23298,21537,10312,4986,16196,23398,47948,35220,0,0,7793,5901,20876,1576,4548,347,9,0,0,43,51574,1279,5907,0,0,0,0,0
641,4254,642.0140630948182,99853,41,29,108,35,31536,16206,0.4781228405756462,38,14,23385,21630,10282,4971,16144,23319,47956,35232,0,0,7786,5893,20877,1575,4555,348,9,0,0,51,51573,1275,5911,0,0,0,0,0
642,4254,643.0263443647472,99853,46,27,108,35,31544,16210,0.47824301723533597,40,14,23429,21693,10254,4960,16121,23269,47964,35244,0,0,7778,5884,20884,1572,4561,348,9,0,0,57,51575,1275,5910,0,0,0,0,0
643,4254,644.0821268977808,99852,47,26,108,36,31551,16214,0.47835796979529704,39,14,23511,21768,10223,4951,16070,23203,47972,35255,0,0,7767,5877,20887,1570,4566,349,11,0,0,61,51579,1275,5910,0,0,0,0,0
644,4254,645.0005898801028,99852,55,27,108,36,31567,16218,0.47855826623402636,43,17,23584,21884,10182,4932,16026,23102,47980,35266,0,0,7757,5867,20893,1572,4566,351,11,0,0,66,51584,1274,5911,0,0,0,0,0
645,4254,646.1492381753212,99852,60,28,108,36,31580,16223,0.47873853302888275,44,15,23653,21984,10159,4911,15974,23024,47988,35277,0,0,7747,5856,20900,1574,4566,353,12,0,0,71,51588,1274,5911,0,0,0,0,0
646,4254,647.0464917117748,99852,62,32,108,36,31589,16230,0.4788987701798662,59,19,23717,22077,10128,4891,15924,22943,47996,35288,0,0,7736,5850,20906,1573,4566,354,13,0,0,79,51590,1272,5913,0,0,0,0,0
647,4254,648.2330942156698,99852,67,28,108,36,31604,16233,0.4790790369747226,65,30,23833,22196,10083,4876,15842,22832,48004,35299,0,0,7726,5839,20912,1575,4569,354,13,0,0,90,51589,1271,5914,0,0,0,0,0
648,4254,649.1635958401607,99852,72,27,108,36,31616,16239,0.479259303769579,70,30,23882,22262,10058,4868,15808,22775,48011,35310,0,0,7715,5832,20916,1575,4573,354,15,0,0,98,51590,1269,5915,0,0,0,0,0
649,4254,650.0918866618309,99852,88,30,108,36,31642,16247,0.4795998077154188,54,28,23945,22339,10030,4858,15773,22707,48018,35320,0,0,7708,5823,20921,1575,4578,354,15,0,0,107,51588,1267,5916,0,0,0,0,0
650,4254,651.0178401695043,99852,90,32,108,36,31662,16252,0.4798501782638305,67,31,24019,22418,9994,4844,15720,22637,48025,35330,0,0,7695,5813,20923,1580,4580,356,19,0,0,114,51590,1265,5917,0,0,0,0,0
651,4254,652.2478672260185,99852,101,32,108,36,31691,16260,0.4802207266754797,78,35,24091,22505,9955,4824,15665,22566,48032,35340,0,0,7685,5803,20921,1582,4592,356,21,0,0,124,51588,1264,5916,0,0,0,0,0
652,4254,653.1675809524061,99850,97,33,110,36,31703,16266,0.48041061592388584,85,39,24163,22575,9937,4804,15606,22511,48039,35350,0,0,7672,5797,20919,1582,4600,356,24,0,0,130,51591,1260,5919,0,0,0,0,0
653,4254,654.0846365896907,99850,102,32,110,36,31726,16272,0.48070105157736603,81,40,24218,22644,9923,4792,15564,22454,48046,35360,0,0,7662,5787,20923,1583,4607,358,27,0,0,139,51589,1258,5917,0,0,0,0,0
654,4254,655.3039804831857,99850,108,36,110,36,31751,16284,0.48107160741111665,74,38,24309,22752,9898,4778,15499,22358,48053,35370,0,0,7650,5777,20925,1584,4614,358,30,0,0,153,51584,1257,5918,0,0,0,0,0
655,4254,656.2155596606749,99850,117,34,110,36,31774,16290,0.4813620430645969,69,41,24374,22821,9869,4775,15459,22291,48060,35379,0,0,7642,5766,20930,1585,4620,358,33,0,0,165,51577,1256,5918,0,0,0,0,0
656,4254,657.1246410875099,99850,115,38,110,36,31787,16298,0.4815723585378067,80,40,24421,22890,9853,4768,15419,22226,48066,35388,0,0,7631,5760,20929,1587,4625,359,35,0,0,173,51578,1254,5919,0,0,0,0,0
657,4254,658.0317408043397,99850,123,45,110,36,31813,16307,0.4819228843264897,78,41,24474,22963,9830,4746,15383,22167,48072,35397,0,0,7621,5752,20933,1589,4626,362,40,0,0,179,51577,1250,5921,0,0,0,0,0
658,4254,659.2378721627643,99850,137,50,110,36,31843,16319,0.48234351527290936,78,46,24557,23059,9804,4726,15312,22081,48078,35406,0,0,7610,5748,20932,1590,4633,362,42,0,0,192,51573,1247,5921,0,0,0,0,0
659,4254,660.1397565742633,99849,136,54,111,36,31852,16332,0.4825686787048443,86,42,24612,23127,9774,4720,15279,22019,48084,35415,0,0,7604,5741,20932,1590,4641,363,42,0,0,200,51571,1245,5920,0,0,0,0,0
660,4254,661.0394001981848,99849,138,60,111,36,31872,16344,0.48288916263557974,104,44,24678,23190,9745,4711,15222,21957,48090,35424,0,0,7593,5734,20933,1590,4646,364,46,0,0,212,51566,1243,5922,0,0,0,0,0
661,4254,662.2349307408832,99849,137,66,111,36,31904,16359,0.48335987340884734,101,43,24750,23265,9731,4707,15168,21881,48096,35433,0,0,7583,5727,20925,1589,4666,364,49,0,0,232,51553,1243,5918,0,0,0,0,0
662,4254,663.1291921878927,99848,139,66,112,36,31926,16367,0.4836651710600112,97,45,24811,23335,9724,4699,15115,21817,48102,35441,0,0,7573,5721,20919,1592,4675,364,49,0,0,247,51547,1242,5919,0,0,0,0,0
663,4254,664.021351088653,99848,150,66,112,36,31949,16373,0.4839556125310472,100,63,24866,23390,9699,4684,15071,21759,48108,35449,0,0,7560,5717,20919,1593,4678,364,53,0,0,257,51546,1240,5921,0,0,0,0,0
664,4254,665.2079227378714,99848,147,72,112,36,31976,16392,0.48441631279544906,112,63,24917,23486,9692,4675,15018,21666,48114,35457,0,0,7549,5709,20916,1594,4690,365,57,0,0,280,51530,1239,5919,0,0,0,0,0
665,4254,666.0959402452687,99848,147,78,112,36,32002,16406,0.4848169217210159,117,74,24964,23541,9689,4666,14969,21603,48120,35465,0,0,7542,5699,20915,1595,4699,369,60,0,0,292,51522,1237,5918,0,0,0,0,0
666,4254,667.2771595664741,99848,155,81,112,36,32038,16424,0.4853577437705312,126,83,25032,23619,9674,4654,14899,21525,48125,35473,0,0,7532,5689,20917,1597,4705,371,65,0,0,316,51503,1235,5918,0,0,0,0,0
667,4254,668.1606527664403,99848,166,88,112,36,32071,16443,0.48587853537376813,130,87,25088,23678,9658,4649,14844,21460,48130,35481,0,0,7521,5685,20913,1597,4715,373,70,0,0,333,51492,1234,5915,0,0,0,0,0
668,4254,669.0421322579631,99848,176,96,112,36,32100,16461,0.4863492508613092,130,93,25127,23753,9649,4644,14804,21376,48135,35489,0,0,7511,5678,20912,1596,4726,373,73,0,0,346,51486,1233,5914,0,0,0,0,0
669,4254,670.2148057472382,99848,186,104,112,36,32145,16491,0.48710039259674703,140,92,25185,23833,9646,4647,14729,21286,48140,35497,0,0,7496,5668,20910,1601,4738,374,81,0,0,376,51463,1232,5909,0,0,0,0,0
670,4254,671.0924148025549,99848,203,117,112,36,32181,16512,0.4876712603156798,142,97,25213,23875,9634,4645,14694,21228,48145,35504,0,0,7491,5660,20907,1600,4750,375,82,0,0,387,51456,1231,5909,0,0,0,0,0
671,4254,672.2604668554499,99848,208,116,112,36,32229,16540,0.48843241727425685,161,94,25249,23942,9646,4653,14622,21157,48150,35511,0,0,7475,5650,20895,1603,4767,378,92,0,0,420,51429,1229,5910,0,0,0,0,0
672,4254,673.1351878139444,99847,216,128,112,37,32265,16564,0.48903822848958906,159,87,25302,24012,9635,4651,14574,21083,48155,35518,0,0,7466,5641,20894,1605,4772,382,96,0,0,438,51415,1227,5911,0,0,0,0,0
673,4254,674.008066486535,99846,232,127,113,37,32307,16579,0.4896140055685756,166,103,25362,24068,9615,4653,14510,21010,48160,35525,0,0,7452,5637,20890,1606,4780,382,100,0,0,465,51397,1226,5911,0,0,0,0,0
674,4254,675.1684985078542,99845,236,133,114,37,32349,16605,0.4902999649456658,178,112,25414,24148,9601,4641,14455,20927,48165,35532,0,0,7436,5630,20883,1607,4795,383,108,0,0,493,51377,1225,5908,0,0,0,0,0
675,4254,676.0369859554118,99845,246,136,114,37,32385,16628,0.4908908808653413,185,115,25464,24208,9577,4637,14412,20865,48170,35539,0,0,7430,5624,20873,1604,4812,385,110,0,0,518,51356,1225,5908,0,0,0,0,0
676,4254,677.192260636963,99845,270,141,114,37,32446,16656,0.49178226250688567,211,129,25501,24281,9571,4638,14331,20772,48175,35546,0,0,7417,5615,20862,1609,4830,386,117,0,0,546,51334,1223,5906,0,0,0,0,0
677,4254,678.0569757966505,99845,264,147,114,37,32472,16681,0.4922930542340628,238,129,25540,24348,9565,4629,14277,20708,48180,35553,0,0,7407,5608,20861,1611,4838,388,123,0,0,577,51307,1220,5905,0,0,0,0,0
678,4254,679.2074072222407,99844,287,163,115,37,32530,16719,0.4932594847962822,240,129,25585,24413,9560,4631,14211,20625,48184,35560,0,0,7392,5600,20849,1614,4854,389,131,0,0,603,51288,1220,5904,0,0,0,0,0
679,4254,680.0686338901095,99844,276,176,115,37,32571,16749,0.49397059412683786,260,132,25610,24480,9581,4619,14156,20554,48188,35566,0,0,7378,5592,20838,1618,4873,391,139,0,0,636,51261,1219,5899,0,0,0,0,0
680,4254,681.2154373601186,99844,307,193,115,37,32647,16795,0.49519250030046874,256,128,25647,24555,9583,4624,14090,20461,48192,35572,0,0,7369,5582,20832,1624,4886,395,145,0,0,677,51223,1216,5895,0,0,0,0,0
681,4254,682.0739494888826,99844,333,195,115,37,32707,16819,0.4960338127478867,257,141,25683,24615,9573,4620,14037,20390,48196,35578,0,0,7358,5573,20830,1630,4890,401,151,0,0,704,51201,1214,5892,0,0,0,0,0
682,4254,683.2164811749948,99844,343,205,115,37,32782,16863,0.4972256720483955,273,142,25716,24688,9580,4635,13971,20291,48200,35584,0,0,7344,5563,20810,1631,4926,401,160,0,0,750,51160,1211,5888,0,0,0,0,0
683,4254,684.0720781253931,99844,370,201,115,37,32851,16887,0.4981571251151797,285,149,25737,24754,9581,4645,13910,20212,48204,35590,0,0,7330,5557,20800,1631,4949,402,172,0,0,782,51130,1208,5883,0,0,0,0,0
684,4254,685.2112862579895,99844,396,208,115,37,32938,16926,0.4994190937863066,287,164,25746,24795,9588,4662,13866,20132,48208,35596,0,0,7317,5549,20789,1634,4967,406,181,0,0,835,51081,1206,5879,0,0,0,0,0
685,4254,686.0649955546421,99844,415,226,115,37,33011,16962,0.5005107968430752,289,168,25773,24827,9596,4661,13810,20079,48212,35602,0,0,7308,5539,20779,1637,4987,408,186,0,0,872,51048,1204,5876,0,0,0,0,0
686,4254,687.2016926592131,99844,419,231,115,37,33090,17002,0.501702656143584,315,195,25796,24890,9609,4664,13744,19981,48216,35608,0,0,7289,5534,20758,1639,5020,411,200,0,0,925,51000,1200,5868,0,0,0,0,0
687,4254,688.0529367198039,99844,433,245,115,37,33154,17042,0.5027442810784825,333,196,25818,24922,9612,4678,13687,19920,48220,35614,0,0,7279,5525,20739,1648,5044,414,204,0,0,956,50974,1195,5866,0,0,0,0,0
688,4254,689.1864018546536,99843,452,245,116,37,33264,17078,0.504211612231203,335,225,25837,24975,9647,4691,13611,19825,48224,35620,0,0,7261,5503,20719,1668,5080,415,218,0,0,1008,50925,1189,5857,0,0,0,0,0
689,4254,690.035516211835,99843,464,243,116,37,33330,17122,0.5053133419468566,358,226,25851,25006,9642,4720,13567,19766,48228,35626,0,0,7251,5489,20711,1675,5095,421,225,0,0,1065,50871,1187,5853,0,0,0,0,0
690,4254,691.166441899036,99843,502,266,116,37,33441,17193,0.5071362038400289,377,201,25854,25083,9657,4739,13492,19672,48232,35631,0,0,7229,5481,20691,1678,5123,424,242,0,0,1129,50811,1186,5849,0,0,0,0,0
691,4254,692.0141349671993,99843,500,259,116,37,33501,17226,0.5080676662359905,410,216,25868,25124,9659,4759,13445,19603,48236,35636,0,0,7216,5473,20680,1681,5145,426,251,0,0,1189,50752,1185,5845,0,0,0,0,0
692,4254,693.1433329779218,99842,544,272,116,38,33626,17287,0.5099356984034775,413,212,25889,25175,9682,4781,13354,19520,48240,35641,0,0,7205,5457,20652,1693,5182,432,259,0,0,1246,50697,1181,5838,0,0,0,0,0
693,4254,694.2710569375643,99842,567,280,116,38,33740,17344,0.5116484044790769,429,226,25893,25250,9722,4797,13271,19407,48244,35646,0,0,7188,5448,20623,1694,5224,436,271,0,0,1314,50633,1178,5833,0,0,0,0,0
694,4254,695.1160711422817,99840,574,296,118,38,33819,17391,0.5129206730769231,455,241,25894,25270,9741,4805,13216,19348,48248,35651,0,0,7173,5439,20603,1699,5253,439,281,0,0,1361,50589,1174,5829,0,0,0,0,0
695,4254,696.2423416713538,99840,605,318,118,38,33949,17454,0.514853766025641,460,259,25889,25333,9784,4812,13142,19238,48251,35656,0,0,7155,5422,20573,1709,5295,442,294,0,0,1425,50529,1174,5822,0,0,0,0,0
696,4254,697.086509997513,99839,596,329,119,38,34021,17504,0.5160808902332755,504,261,25888,25363,9813,4837,13078,19170,48254,35661,0,0,7140,5414,20548,1715,5331,446,304,0,0,1482,50476,1172,5811,0,0,0,0,0
697,4254,698.2113856165781,99838,661,336,119,39,34178,17569,0.5183096616518761,514,284,25874,25416,9838,4859,12992,19064,48257,35666,0,0,7120,5403,20513,1724,5371,454,318,0,0,1550,50414,1170,5801,0,0,0,0,0
698,4254,699.054680137139,99838,704,361,119,39,34295,17630,0.520092549930888,535,296,25860,25434,9870,4871,12910,18997,48260,35671,0,0,7104,5392,20499,1734,5387,459,326,0,0,1613,50358,1169,5797,0,0,0,0,0
699,4254,700.1786785455058,99837,740,398,120,39,34448,17725,0.5225818083476066,561,280,25834,25479,9918,4903,12825,18899,48263,35676,0,0,7085,5376,20475,1749,5432,462,339,0,0,1702,50271,1165,5781,0,0,0,0,0
700,4254,701.0216336522149,99836,750,418,121,39,34554,17795,0.5243499338915822,609,289,25786,25492,9956,4938,12776,18822,48266,35681,0,0,7070,5357,20452,1761,5457,474,351,0,0,1770,50205,1163,5776,0,0,0,0,0
701,4254,702.1466495760028,99834,811,449,123,39,34738,17892,0.527175110683735,622,301,25763,25520,10009,4983,12670,18706,48269,35686,0,0,7044,5339,20427,1779,5493,477,371,0,0,1873,50108,1156,5767,0,0,0,0,0
702,4254,703.2716499551665,99833,847,475,124,39,34905,17979,0.529724640149049,667,307,25721,25559,10070,5018,12569,18600,48272,35691,0,0,7026,5322,20394,1795,5536,491,383,0,0,1956,50026,1149,5755,0,0,0,0,0
703,4254,704.115397590003,99832,895,466,125,39,35063,18042,0.5319436653578011,650,334,25717,25575,10119,5059,12492,18525,48275,35696,0,0,7000,5309,20364,1802,5584,498,404,0,0,2039,49944,1147,5741,0,0,0,0,0
704,4254,705.2403294680742,99832,959,499,125,39,35270,18132,0.5349186633544355,678,355,25666,25611,10180,5090,12390,18404,48278,35701,0,0,6982,5292,20329,1816,5637,504,419,0,0,2135,49845,1141,5732,0,0,0,0,0
705,4254,706.0842979959435,99832,972,497,125,39,35416,18198,0.5370422309479926,716,380,25608,25611,10259,5145,12318,18326,48281,35705,0,0,6961,5271,20288,1832,5694,509,437,0,0,2229,49752,1139,5720,0,0,0,0,0
706,4254,707.2115275945605,99832,1042,533,125,39,35622,18322,0.5403477842775863,770,397,25534,25622,10301,5203,12226,18204,48284,35709,0,0,6936,5254,20251,1848,5744,515,460,0,0,2346,49634,1133,5711,0,0,0,0,0
707,4254,708.0578376964658,99830,1095,559,127,39,35813,18412,0.5431733947711109,775,403,25476,25636,10372,5242,12153,18119,48287,35713,0,0,6918,5235,20211,1862,5789,526,475,0,0,2444,49537,1129,5704,0,0,0,0,0
708,4254,709.187962941668,99828,1142,570,128,40,36055,18525,0.54674039347678,833,445,25382,25637,10478,5309,12035,17997,48290,35717,0,0,6895,5205,20168,1889,5855,539,493,0,0,2591,49388,1124,5681,0,0,0,0,0
709,4254,710.037043532956,99828,1178,602,128,40,36237,18620,0.5495151660856673,880,464,25299,25626,10561,5348,11952,17918,48293,35721,0,0,6871,5192,20126,1903,5904,552,514,0,0,2682,49296,1116,5672,0,0,0,0,0
710,4254,711.1714635491821,99827,1248,633,129,40,36500,18738,0.5533372734831258,908,502,25223,25618,10650,5401,11840,17804,48296,35725,0,0,6834,5165,20085,1930,5961,563,547,0,0,2811,49163,1109,5659,0,0,0,0,0
711,4254,712.0234295892941,99827,1286,656,129,40,36689,18839,0.5562422991775772,964,552,25142,25590,10726,5446,11751,17714,48299,35729,0,0,6804,5143,20037,1951,6018,573,571,0,0,2910,49066,1105,5649,0,0,0,0,0
712,4254,713.1617208176884,99827,1366,706,129,40,36976,18987,0.5605998377192543,1001,579,25012,25579,10845,5505,11645,17589,48302,35733,0,0,6766,5106,19984,1989,6090,584,605,0,0,3038,48938,1094,5633,0,0,0,0,0
713,4254,714.0176945602492,99826,1420,743,129,41,37217,19111,0.5642618155590727,1005,583,24951,25568,10941,5570,11552,17493,48305,35737,0,0,6733,5083,19930,2012,6158,595,633,0,0,3159,48813,1089,5621,0,0,0,0,0
714,4254,715.1611664165406,99825,1502,792,130,41,37526,19297,0.5692261457550714,1048,599,24840,25526,11046,5674,11432,17366,48308,35741,0,0,6702,5055,19864,2027,6245,614,661,0,0,3336,48634,1084,5603,0,0,0,0,0
715,4254,716.0206366127258,99824,1534,834,131,41,37748,19439,0.5728782657477159,1075,616,24746,25501,11166,5745,11346,17261,48311,35745,0,0,6682,5030,19819,2047,6308,626,678,0,0,3486,48481,1076,5591,0,0,0,0,0
716,4254,717.1702194051028,99823,1623,868,132,41,38082,19631,0.5781533313965719,1123,656,24592,25458,11294,5858,11234,17117,48314,35749,0,0,6646,4994,19745,2085,6416,642,706,0,0,3665,48300,1067,5557,0,0,0,0,0
717,4254,718.0354611302463,99823,1689,928,132,41,38341,19799,0.5824309026977751,1204,698,24476,25401,11375,5930,11122,17000,48317,35753,0,0,6611,4971,19696,2106,6489,653,736,0,0,3805,48155,1062,5539,0,0,0,0,0
718,4254,719.1925910924379,99823,1787,976,132,41,38718,20007,0.5882912755577372,1285,731,24310,25346,11518,6047,10966,16857,48320,35757,0,0,6566,4933,19612,2144,6606,672,774,0,0,3991,47965,1052,5508,0,0,0,0,0
719,4254,720.0634222088842,99822,1857,1039,133,41,39018,20183,0.5930656568692272,1341,748,24164,25304,11644,6133,10859,16733,48322,35761,0,0,6525,4904,19544,2171,6692,689,809,0,0,4136,47817,1046,5489,0,0,0,0,0
720,4254,721.230025047701,99822,1953,1081,133,41,39432,20400,0.5993869086974816,1423,765,23948,25262,11816,6261,10725,16588,48324,35765,0,0,6479,4862,19464,2210,6776,723,851,0,0,4371,47574,1038,5474,0,0,0,0,0
721,4254,722.1097755024529,99822,2025,1109,133,41,39750,20566,0.6042355392598826,1490,785,23776,25252,11977,6355,10597,16456,48326,35769,0,0,6441,4837,19388,2238,6869,739,884,0,0,4557,47387,1030,5452,0,0,0,0,0
722,4254,723.2892182167051,99818,2094,1203,136,42,40184,20819,0.6111422789476848,1557,820,23595,25154,12170,6464,10446,16315,48328,35773,0,0,6388,4797,19289,2277,7000,758,929,0,0,4795,47140,1018,5427,0,0,0,0,0
723,4254,724.1780424368799,99818,2216,1239,136,42,40561,21014,0.6168727083291591,1595,816,23440,25109,12291,6582,10320,16210,48330,35777,0,0,6348,4771,19203,2297,7111,778,964,0,0,4977,46949,1012,5408,0,0,0,0,0
724,4254,725.0707796586734,99816,2301,1289,138,42,40949,21215,0.6227859261040314,1607,862,23275,25043,12462,6676,10215,16086,48332,35780,0,0,6307,4737,19123,2327,7205,803,1003,0,0,5203,46717,1006,5385,0,0,0,0,0
725,4254,726.2682635423092,99813,2418,1300,140,43,41431,21463,0.6301183212607576,1737,968,23022,24942,12634,6857,10047,15888,48334,35783,0,0,6249,4713,19000,2350,7377,828,1054,0,0,5463,46435,997,5347,0,0,0,0,0
726,4254,727.171988232553,99812,2485,1386,141,43,41837,21700,0.6365667454815053,1799,994,22825,24850,12840,6972,9908,15753,48336,35786,0,0,6195,4666,18923,2392,7492,851,1104,0,0,5666,46216,988,5319,0,0,0,0,0
727,4254,728.0816572207884,99812,2600,1415,141,43,42258,21891,0.6426982727527752,1842,1060,22644,24763,13005,7086,9766,15631,48338,35789,0,0,6149,4626,18847,2425,7606,870,1147,0,0,5883,45991,983,5285,0,0,0,0,0
728,4254,729.3020564818273,99810,2667,1500,142,44,42790,22207,0.6512072938583309,1953,1081,22380,24660,13278,7269,9578,15444,48340,35792,0,0,6074,4585,18711,2464,7791,903,1214,0,0,6171,45682,969,5246,0,0,0,0,0
729,4254,730.2244594962897,99806,2737,1536,146,44,43227,22449,0.6580365909865138,2001,1132,22176,24571,13487,7413,9451,15302,48342,35795,0,0,6021,4550,18604,2495,7927,934,1261,0,0,6431,45405,963,5215,0,0,0,0,0
730,4254,731.1533480414482,99804,2799,1601,147,45,43701,22732,0.665634643902048,2026,1165,21957,24462,13757,7571,9312,15154,48344,35798,0,0,5963,4512,18481,2525,8102,964,1315,0,0,6703,45118,953,5168,0,0,0,0,0
731,4254,732.0897431115897,99804,2904,1638,147,45,44189,23003,0.6732395495170534,2063,1198,21742,24352,13966,7741,9176,15024,48346,35801,0,0,5904,4472,18377,2557,8245,991,1369,0,0,6994,44811,942,5142,0,0,0,0,0
732,4254,733.0330873950603,99803,2988,1683,148,45,44645,23293,0.6807210204102081,2119,1203,21546,24257,14155,7918,9042,14892,48348,35804,0,0,5854,4437,18271,2587,8398,1025,1408,0,0,7270,44516,933,5104,0,0,0,0,0
733,4254,734.3020352218608,99800,3121,1706,151,45,45310,23656,0.6910420841683367,2236,1219,21217,24164,14418,8162,8855,14702,48350,35807,0,0,5786,4372,18107,2648,8640,1053,1469,0,0,7662,44092,920,5051,0,0,0,0,0
734,4254,735.263508691995,99799,3186,1760,151,46,45830,23954,0.6992454834216776,2328,1216,20993,24055,14650,8338,8690,14583,48352,35810,0,0,5717,4328,18002,2688,8789,1099,1522,0,0,7954,43772,911,5017,0,0,0,0,0
735,4254,736.2332328430351,99797,3238,1829,153,46,46373,24274,0.7079070513141678,2380,1237,20755,23956,14942,8530,8530,14400,48354,35813,0,0,5633,4277,17881,2732,8978,1133,1596,0,0,8254,43444,898,4971,0,0,0,0,0
736,4254,737.2118139961538,99795,3326,1890,154,47,46939,24572,0.7165789869231926,2418,1282,20514,23846,15196,8692,8390,14241,48356,35816,0,0,5574,4222,17761,2767,9171,1170,1645,0,0,8538,43130,889,4928,0,0,0,0,0
737,4254,738.199641851869,99792,3466,1938,155,49,47496,24877,0.7252384960718294,2501,1322,20229,23719,15384,8880,8263,14090,48358,35819,0,0,5512,4179,17644,2806,9336,1218,1693,0,0,8794,42841,881,4888,0,0,0,0,0
738,4254,739.1979012767257,99791,3609,1987,155,50,48101,25211,0.7346554298483832,2540,1358,19934,23602,15644,9074,8116,13927,48360,35822,0,0,5443,4126,17529,2859,9515,1256,1749,0,0,9108,42496,865,4845,0,0,0,0,0
739,4254,740.2079282268737,99789,3704,2048,156,51,48733,25576,0.7446612352062852,2591,1393,19673,23440,15919,9290,7955,13776,48362,35825,0,0,5378,4058,17376,2922,9742,1305,1797,0,0,9415,42140,854,4802,0,0,0,0,0
740,4254,741.2286301525716,99788,3790,2077,157,51,49410,25913,0.7548302401090311,2595,1450,19421,23299,16234,9508,7801,13613,48364,35828,0,0,5293,3998,17222,2978,9970,1355,1871,0,0,9769,41741,837,4754,0,0,0,0,0
741,4254,742.2607835041864,99788,3911,2151,157,51,50050,26273,0.7648514851485149,2679,1502,19144,23149,16474,9700,7633,13445,48366,35831,0,0,5223,3940,17095,3022,10175,1392,1928,0,0,10103,41363,832,4715,0,0,0,0,0
742,4254,743.3042987120617,99785,4060,2233,159,52,50772,26687,0.7762589567570276,2693,1512,18817,22985,16796,9926,7473,13290,48368,35834,0,0,5144,3870,16948,3090,10374,1452,1989,0,0,10466,40956,818,4678,0,0,0,0,0
743,4254,744.0078310816102,99782,4137,2277,162,52,51255,26942,0.7836784189533182,2728,1539,18605,22891,16995,10062,7371,13177,48370,35837,0,0,5087,3830,16847,3134,10531,1493,2036,0,0,10680,40698,804,4642,0,0,0,0,0
744,4254,745.0761634961156,99777,4171,2340,166,53,51986,27369,0.795323571564589,2787,1557,18291,22715,17366,10322,7217,13011,48372,35840,0,0,5004,3745,16651,3216,10823,1554,2099,0,0,11055,40250,793,4587,0,0,0,0,0
745,4254,746.1610334757646,99774,4307,2416,169,53,52764,27801,0.8074748932587648,2791,1579,17980,22568,17695,10557,7056,12825,48374,35843,0,0,4913,3672,16495,3269,11078,1615,2179,0,0,11419,39822,778,4534,0,0,0,0,0
746,4254,747.261655311823,99773,4437,2460,170,53,53559,28227,0.8197207661391358,2819,1605,17656,22404,18036,10818,6880,12658,48376,35846,0,0,4830,3602,16329,3331,11339,1682,2248,0,0,11817,39358,760,4477,0,0,0,0,0
747,4254,748.3553044066931,99769,4467,2485,173,54,54349,28631,0.8317212761479017,2867,1683,17318,22217,18449,11077,6724,12482,48378,35849,0,0,4747,3523,16111,3410,11660,1751,2314,0,0,12216,38887,736,4414,0,0,0,0,0
748,4254,749.0697715265885,99769,4509,2528,173,54,54897,28899,0.8399001693912939,2869,1723,17103,22122,18716,11206,6628,12365,48380,35852,0,0,4675,3485,15992,3435,11864,1801,2374,0,0,12451,38598,721,4373,0,0,0,0,0
749,4254,750.1222342268361,99769,4580,2602,173,54,55612,29376,0.8518477683448766,2915,1727,16803,21925,19039,11488,6488,12202,48382,35855,0,0,4584,3424,15820,3483,12159,1870,2445,0,0,12786,38172,708,4318,0,0,0,0,0
750,4254,751.153179400065,99767,4688,2677,175,54,56369,29806,0.8637625667805988,2922,1725,16532,21774,19352,11713,6329,12055,48384,35858,0,0,4498,3357,15648,3538,12435,1943,2511,0,0,13104,37774,695,4264,0,0,0,0,0
751,4254,752.1653368800116,99764,4764,2739,178,54,57138,30245,0.8758971171965839,2943,1771,16220,21583,19702,11964,6191,11887,48386,35861,0,0,4410,3298,15467,3586,12704,2021,2581,0,0,13492,37309,680,4216,0,0,0,0,0
752,4254,753.1576325374098,99758,4804,2782,182,56,57850,30679,0.8874375989895548,2992,1804,15954,21411,20029,12215,6037,11730,48388,35864,0,0,4326,3232,15293,3632,12965,2106,2638,0,0,13867,36861,674,4164,0,0,0,0,0
753,4254,754.1327340554931,99756,4869,2801,184,56,58545,31084,0.8984822968042022,3098,1861,15680,21234,20272,12482,5895,11564,48390,35866,0,0,4246,3162,15131,3699,13184,2204,2700,0,0,14202,36448,657,4123,0,0,0,0,0
754,4254,755.0929223155258,99754,4875,2814,186,56,59222,31483,0.9092868456402751,3152,1904,15421,21105,20595,12729,5769,11390,48392,35868,0,0,4159,3106,14957,3750,13454,2286,2765,0,0,14563,36010,643,4061,0,0,0,0,0
755,4254,756.037001386713,99750,5013,2883,189,57,59990,31943,0.9216340852130326,3120,1904,15191,20924,20851,12982,5634,11248,48394,35870,0,0,4091,3059,14794,3789,13726,2364,2807,0,0,14896,35579,634,4011,0,0,0,0,0
756,4254,757.2738691958622,99745,5127,2983,192,59,60995,32549,0.9378314702491353,3094,1906,14832,20693,21283,13313,5470,11044,48396,35872,0,0,3989,2981,14547,3851,14101,2480,2877,0,0,15347,35027,617,3928,0,0,0,0,0
757,4254,758.1837895699889,99743,5169,3078,194,59,61692,33007,0.9494300351904394,3119,1940,14606,20507,21562,13545,5348,10869,48398,35874,0,0,3918,2930,14366,3902,14343,2585,2926,0,0,15669,34623,603,3878,0,0,0,0,0
758,4254,759.080064275783,99738,5212,3153,198,60,62405,33459,0.9611582345745854,3098,1948,14407,20337,21855,13787,5228,10713,48400,35876,0,0,3860,2867,14199,3950,14614,2678,2958,0,0,15998,34203,588,3823,0,0,0,0,0
759,4254,760.2555889219285,99735,5284,3174,201,60,63349,33982,0.9758961247305359,3137,1972,14081,20155,22212,14100,5083,10537,48402,35878,0,0,3762,2791,13984,4019,14950,2804,3019,0,0,16415,33647,577,3767,0,0,0,0,0
760,4254,761.1232828420103,99732,5367,3230,204,60,64076,34435,0.9877571892672362,3164,1941,13843,20020,22462,14356,4958,10391,48404,35880,0,0,3695,2731,13838,4070,15218,2904,3054,0,0,16693,33248,566,3715,0,0,0,0,0
761,4254,762.2627917270238,99729,5392,3242,205,62,64970,34993,1.0023463586318924,3170,1889,13553,19845,22862,14737,4816,10223,48406,35882,0,0,3603,2660,13599,4122,15610,3042,3113,0,0,17060,32718,555,3647,0,0,0,0,0
762,4254,763.1040535399262,99726,5428,3284,207,63,65626,35417,1.0132061849467542,3222,1878,13317,19694,23120,14995,4704,10084,48408,35884,0,0,3542,2607,13430,4171,15905,3123,3141,0,0,17320,32338,545,3604,0,0,0,0,0
763,4254,764.2089242750994,99723,5478,3296,210,63,66516,35947,1.0274761088214355,3189,1946,13060,19483,23492,15304,4569,9906,48410,35886,0,0,3462,2529,13223,4234,16254,3273,3190,0,0,17656,31834,540,3528,0,0,0,0,0
764,4254,765.0259457887882,99722,5526,3361,210,64,67191,36375,1.0385471611078798,3202,1924,12876,19333,23715,15542,4469,9774,48411,35888,0,0,3403,2474,13060,4266,16522,3378,3227,0,0,17900,31469,535,3488,0,0,0,0,0
765,4254,766.1018884551069,99719,5499,3345,213,64,68035,36899,1.052296954441982,3229,1971,12605,19135,24090,15882,4362,9601,48412,35890,0,0,3310,2414,12846,4304,16919,3515,3284,0,0,18242,30943,518,3424,0,0,0,0,0
766,4254,767.1608369796477,99717,5513,3390,215,64,68881,37447,1.066297622271027,3218,1973,12346,18970,24462,16170,4244,9431,48413,35892,0,0,3210,2339,12668,4358,17232,3653,3343,0,0,18600,30434,507,3373,0,0,0,0,0
767,4254,768.2034264826314,99717,5561,3436,215,64,69701,37957,1.0796353680916995,3201,1970,12159,18810,24740,16438,4122,9280,48414,35894,0,0,3135,2287,12502,4393,17550,3802,3383,0,0,18855,29998,497,3315,0,0,0,0,0
768,4254,769.2333732045317,99714,5606,3455,217,65,70546,38478,1.0933670297049563,3188,1945,11953,18656,25021,16744,4013,9133,48415,35896,0,0,3062,2215,12304,4446,17882,3942,3422,0,0,19188,29509,488,3256,0,0,0,0,0
769,4254,770.2510036235302,99708,5565,3498,222,66,71324,39000,1.1064708950134392,3189,1917,11759,18490,25359,17041,3904,8986,48416,35898,0,0,2991,2161,12104,4494,18195,4104,3448,0,0,19485,29044,474,3208,0,0,0,0,0
770,4254,771.0056956935115,99705,5559,3503,224,67,71910,39372,1.1161125319693095,3149,1937,11631,18391,25609,17255,3826,8845,48417,35900,0,0,2938,2120,11995,4515,18438,4212,3466,0,0,19694,28691,469,3167,0,0,0,0,0
771,4254,772.0009452281256,99703,5535,3502,224,69,72718,39854,1.129073347843094,3120,1926,11419,18256,25965,17526,3735,8719,48418,35902,0,0,2861,2069,11816,4564,18750,4384,3486,0,0,19945,28246,456,3126,0,0,0,0,0
772,4254,773.2269145857165,99700,5407,3467,227,69,73671,40435,1.144493480441324,3096,1922,11236,18095,26413,17902,3619,8543,48419,35904,0,0,2782,2000,11572,4618,19186,4598,3504,0,0,20279,27652,445,3064,0,0,0,0,0
773,4254,774.1954973084866,99698,5328,3437,229,69,74345,40905,1.1559910931011654,3117,1937,11091,17968,26682,18199,3551,8388,48420,35906,0,0,2713,1951,11389,4649,19517,4754,3539,0,0,20509,27225,433,3019,0,0,0,0,0
774,4254,775.1545166730344,99690,5304,3510,235,71,75071,41413,1.1684622329220584,3071,1902,10950,17833,26980,18406,3458,8276,48421,35908,0,0,2653,1900,11220,4687,19823,4890,3553,0,0,20753,26811,421,2979,0,0,0,0,0
775,4254,776.1040904402738,99687,5245,3504,236,73,75752,41851,1.179722531523669,3100,1915,10837,17697,27209,18663,3371,8146,48422,35910,0,0,2585,1852,11072,4712,20129,5039,3581,0,0,20974,26422,408,2913,0,0,0,0,0
776,4254,777.0457942797357,99687,5247,3474,236,73,76470,42312,1.1915495500917872,3001,1889,10721,17572,27507,18954,3286,8036,48423,35912,0,0,2538,1806,10926,4736,20451,5196,3590,0,0,21175,26001,401,2867,0,0,0,0,0
777,4254,778.211996989493,99684,5273,3446,238,74,77324,42849,1.2055395048352795,3015,1876,10509,17437,27761,19268,3202,7897,48424,35914,0,0,2471,1750,10744,4773,20757,5397,3617,0,0,21445,25531,386,2813,0,0,0,0,0
778,4254,779.1360393948684,99683,5237,3398,239,74,78017,43269,1.2167169928673895,2955,1889,10374,17273,28053,19556,3140,7808,48425,35916,0,0,2420,1699,10589,4823,21050,5564,3617,0,0,21639,25146,376,2760,0,0,0,0,0
779,4254,780.0523655545544,99680,5201,3401,242,74,78693,43694,1.227798956661316,2937,1912,10246,17153,28305,19771,3067,7687,48426,35918,0,0,2364,1648,10449,4856,21289,5746,3637,0,0,21800,24796,366,2729,0,0,0,0,0
780,4254,781.1876203864404,99677,5162,3326,244,75,79462,44205,1.2406773879631208,2956,1895,10115,17025,28540,20117,2981,7560,48427,35920,0,0,2282,1613,10285,4854,21598,5949,3677,0,0,22047,24332,355,2685,0,0,0,0,0
781,4254,782.0894966821165,99672,5171,3334,247,77,80140,44646,1.2519664499558552,2892,1863,9991,16893,28772,20368,2925,7463,48428,35922,0,0,2226,1583,10132,4869,21897,6098,3684,0,0,22206,23982,354,2641,0,0,0,0,0
782,4254,783.2073525327171,99668,5201,3332,249,79,80982,45170,1.265722197696352,2832,1856,9865,16759,29012,20619,2839,7353,48429,35924,0,0,2168,1526,9948,4914,22183,6311,3690,0,0,22427,23555,346,2600,0,0,0,0,0
783,4254,784.0960271220245,99666,5185,3324,250,80,81579,45582,1.275871410511107,2874,1845,9757,16626,29153,20857,2779,7266,48430,35926,0,0,2121,1496,9829,4947,22412,6473,3682,0,0,22578,23225,339,2564,0,0,0,0,0
784,4254,785.2004853623963,99659,5154,3290,256,81,82362,46092,1.2889352692682046,2805,1822,9645,16503,29424,21162,2714,7140,48431,35928,0,0,2059,1458,9668,4947,22732,6684,3696,0,0,22760,22810,325,2520,0,0,0,0,0
785,4254,786.0778812001864,99657,5106,3296,257,82,82946,46475,1.2986644189570227,2815,1798,9558,16427,29607,21347,2655,7048,48432,35930,0,0,2003,1419,9543,4980,22967,6834,3704,0,0,22875,22515,319,2498,0,0,0,0,0
786,4254,787.1671478918465,99656,5021,3317,258,82,83703,46972,1.3112607369350566,2766,1764,9441,16313,29924,21583,2588,6939,48433,35932,0,0,1952,1384,9379,4977,23279,7052,3700,0,0,23052,22125,308,2448,0,0,0,0,0
787,4254,788.0319782225163,99653,4963,3300,260,83,84277,47357,1.3209236049090343,2734,1780,9377,16221,30122,21766,2542,6848,48434,35934,0,0,1918,1354,9255,4976,23516,7227,3696,0,0,23187,21811,300,2413,0,0,0,0,0
788,4254,789.1069737422473,99651,4975,3329,261,84,85009,47854,1.3332831582221956,2648,1705,9307,16115,30318,22001,2489,6764,48435,35936,0,0,1869,1318,9121,4988,23763,7441,3701,0,0,23319,21456,292,2383,0,0,0,0,0
789,4254,790.1756967891644,99648,4939,3259,262,86,85752,48295,1.345205122029544,2579,1719,9224,16003,30567,22275,2427,6656,48436,35938,0,0,1823,1280,8966,4989,24042,7679,3694,0,0,23451,21102,281,2341,0,0,0,0,0
790,4254,791.0259329039684,99644,4864,3244,265,87,86292,48673,1.3544719200353257,2578,1676,9153,15934,30760,22482,2378,6575,48437,35940,0,0,1785,1259,8849,4990,24248,7867,3695,0,0,23560,20807,274,2310,0,0,0,0,0
791,4254,792.0830092464811,99642,4832,3153,266,88,87000,49063,1.3655185564320267,2512,1683,9067,15854,31001,22726,2320,6494,48438,35942,0,0,1730,1233,8723,4963,24538,8071,3708,0,0,23665,20465,270,2276,0,0,0,0,0
792,4254,793.1339731712284,99639,4725,3119,269,88,87620,49511,1.3762783648972792,2476,1657,9014,15777,31256,22960,2258,6397,48439,35944,0,0,1695,1196,8573,4961,24826,8296,3697,0,0,23725,20170,259,2241,0,0,0,0,0
793,4254,794.178733187867,99637,4627,3093,270,89,88243,49947,1.3869345724981683,2446,1619,8957,15705,31482,23189,2216,6303,48440,35946,0,0,1650,1166,8466,4969,25053,8536,3693,0,0,23792,19860,252,2200,0,0,0,0,0
794,4254,795.0108245026372,99634,4568,3097,272,90,88752,50257,1.395196418893149,2420,1609,8916,15678,31642,23293,2180,6231,48441,35948,0,0,1620,1145,8363,4961,25297,8684,3687,0,0,23819,19639,247,2172,0,0,0,0,0
795,4254,796.0469288843357,99630,4558,3039,274,92,89364,50666,1.4055003512998092,2385,1590,8872,15608,31767,23529,2142,6140,48442,35950,0,0,1593,1123,8256,4962,25543,8883,3675,0,0,23880,19337,240,2138,0,0,0,0,0
796,4254,797.0797593072737,99626,4475,3027,277,93,89981,51090,1.4160058619235942,2332,1521,8845,15536,31976,23763,2093,6058,48443,35952,0,0,1546,1089,8157,4942,25753,9115,3684,0,0,23969,19036,233,2102,0,0,0,0,0
797,4254,798.10841592155,99625,4450,2949,277,94,90578,51453,1.4256562107904642,2287,1528,8797,15492,32136,23969,2051,5966,48444,35954,0,0,1515,1059,8039,4968,25967,9311,3667,0,0,24072,18736,226,2065,0,0,0,0,0
798,4254,799.1335261454889,99622,4398,2893,280,94,91145,51836,1.4352351890144748,2253,1512,8767,15443,32291,24173,2009,5883,48445,35956,0,0,1474,1032,7939,4975,26174,9523,3669,0,0,24111,18470,222,2033,0,0,0,0,0
799,4254,800.1552035402999,99621,4310,2850,281,94,91701,52233,1.4448158520793808,2221,1467,8732,15372,32475,24411,1979,5804,48446,35958,0,0,1438,993,7824,4984,26410,9734,3660,0,0,24165,18205,217,1991,0,0,0,0,0
800,4254,801.1732512494322,99619,4291,2776,283,94,92279,52593,1.4542607333942321,2114,1440,8706,15317,32661,24652,1943,5719,48447,35960,0,0,1412,967,7718,4985,26641,9941,3650,0,0,24192,17947,213,1953,0,0,0,0,0
801,4254,802.1885922661825,99614,4225,2701,285,97,92792,52951,1.4630774790692072,2097,1395,8708,15292,32772,24863,1911,5650,48448,35962,0,0,1373,946,7618,4988,26835,10141,3642,0,0,24257,17680,209,1925,0,0,0,0,0
802,4254,803.2018778007416,99613,4134,2602,285,98,93311,53279,1.4715950729322478,2096,1401,8709,15279,32914,25036,1860,5582,48449,35964,0,0,1341,916,7518,4993,27015,10364,3633,0,0,24302,17428,201,1902,0,0,0,0,0
803,4254,804.0104835303129,99612,4049,2607,285,99,93745,53588,1.4790687868931454,2031,1358,8686,15258,33110,25145,1837,5531,48450,35966,0,0,1313,898,7436,4998,27156,10539,3624,0,0,24357,17215,199,1877,0,0,0,0,0
804,4254,805.0175019441803,99612,3988,2562,285,99,94255,53933,1.4876520901096253,2032,1328,8641,15245,33241,25289,1811,5475,48451,35968,0,0,1285,875,7326,5006,27324,10754,3614,0,0,24402,16981,197,1848,0,0,0,0,0
805,4254,806.0219146496935,99611,3948,2554,286,99,94788,54263,1.496330726526187,1986,1323,8635,15218,33362,25407,1781,5397,48452,35970,0,0,1257,861,7247,5025,27473,10941,3592,0,0,24465,16737,188,1825,0,0,0,0,0
806,4254,807.0236479008594,99610,3878,2497,287,99,95262,54570,1.5041863266740287,1984,1332,8601,15203,33493,25524,1755,5343,48453,35971,0,0,1221,843,7163,5006,27673,11127,3591,0,0,24473,16538,186,1789,0,0,0,0,0
807,4254,808.0230678546881,99609,3830,2478,287,100,95757,54914,1.5126243612524972,1950,1294,8591,15161,33617,25681,1723,5284,48454,35972,0,0,1197,822,7087,5004,27838,11327,3577,0,0,24475,16331,183,1768,0,0,0,0,0
808,4254,809.020172439277,99609,3764,2466,287,100,96236,55259,1.5208967061209329,1898,1259,8592,15129,33758,25813,1699,5231,48455,35973,0,0,1179,811,7001,4998,27970,11542,3548,0,0,24523,16115,181,1741,0,0,0,0,0
809,4254,810.015143611259,99609,3687,2441,287,100,96702,55574,1.5287373630896806,1860,1238,8596,15098,33903,25952,1665,5169,48456,35974,0,0,1158,792,6913,4988,28142,11740,3536,0,0,24529,15917,179,1715,0,0,0,0,0
810,4254,811.0074701229588,99608,3602,2362,288,100,97160,55843,1.5360513211790217,1861,1269,8590,15076,34016,26081,1641,5110,48457,35975,0,0,1129,773,6826,4986,28299,11954,3527,0,0,24499,15744,174,1697,0,0,0,0,0
811,4254,812.1959295676384,99608,3490,2314,288,100,97697,56199,1.5450164645410007,1807,1261,8627,15077,34177,26205,1609,5041,48458,35976,0,0,1105,751,6727,4972,28493,12200,3505,0,0,24489,15524,172,1670,0,0,0,0,0
812,4254,813.1845528588162,99607,3394,2322,288,101,98131,56511,1.552521409137912,1768,1224,8645,15093,34323,26283,1580,4975,48459,35977,0,0,1087,738,6642,4951,28640,12405,3490,0,0,24477,15354,170,1653,0,0,0,0,0
813,4254,814.1709884284813,99606,3369,2282,289,101,98559,56793,1.5596650804168424,1751,1190,8665,15100,34376,26403,1548,4922,48460,35978,0,0,1066,726,6571,4931,28743,12594,3481,0,0,24520,15166,168,1640,0,0,0,0,0
814,4254,815.1565287362835,99604,3304,2273,290,102,98982,57094,1.5669651821212,1693,1175,8676,15075,34507,26512,1528,4861,48461,35979,0,0,1042,712,6496,4917,28867,12790,3475,0,0,24518,14997,163,1627,0,0,0,0,0
815,4254,816.1403638725808,99603,3272,2218,291,102,99403,57374,1.5740188548537695,1630,1160,8699,15067,34595,26642,1511,4809,48462,35980,0,0,1021,704,6438,4904,28997,12967,3464,0,0,24532,14811,159,1606,0,0,0,0,0
816,4254,817.1236084141989,99602,3205,2217,291,103,99769,57664,1.5806208710668461,1636,1119,8739,15081,34644,26712,1483,4766,48463,35981,0,0,1001,691,6375,4894,29112,13149,3449,0,0,24504,14678,157,1592,0,0,0,0,0
817,4254,818.1057746819091,99602,3121,2190,291,103,100155,57947,1.587337603662577,1593,1056,8753,15072,34781,26851,1459,4726,48464,35982,0,0,986,682,6324,4873,29213,13368,3432,0,0,24455,14536,154,1579,0,0,0,0,0
818,4254,819.0863877728953,99602,3077,2142,291,103,100557,58200,1.5939137768317906,1536,1033,8780,15073,34882,26961,1432,4686,48465,35983,0,0,971,670,6250,4861,29295,13580,3425,0,0,24441,14391,152,1566,0,0,0,0,0
819,4254,820.0660810177883,99601,3041,2142,292,103,100950,58467,1.600556219315067,1494,1008,8793,15081,34966,27014,1412,4650,48466,35984,0,0,954,658,6187,4858,29377,13764,3414,0,0,24443,14248,151,1547,0,0,0,0,0
820,4254,821.0444826105094,99601,2982,2104,292,103,101322,58704,1.60667061575687,1492,1035,8810,15095,35028,27063,1394,4598,48467,35985,0,0,940,652,6117,4849,29527,13931,3388,0,0,24382,14131,149,1535,0,0,0,0,0
821,4254,822.0220172441964,99600,2887,2041,292,104,101651,58951,1.6124698795180723,1439,1034,8850,15102,35147,27171,1383,4546,48468,35986,0,0,927,640,6058,4842,29652,14113,3370,0,0,24343,13988,147,1520,0,0,0,0,0
822,4254,823.1930666182359,99596,2797,2016,294,106,102089,59242,1.6198542110124905,1389,1036,8872,15116,35292,27227,1354,4497,48469,35987,0,0,909,624,5978,4833,29784,14326,3352,0,0,24321,13829,142,1498,0,0,0,0,0
823,4254,824.1679238995937,99596,2743,1996,294,106,102424,59529,1.6260994417446484,1388,952,8900,15158,35334,27325,1339,4461,48470,35988,0,0,899,616,5911,4814,29867,14519,3340,0,0,24312,13691,141,1486,0,0,0,0,0
824,4254,825.1429698158074,99593,2697,1962,296,107,102771,59768,1.632032371753035,1368,929,8956,15172,35363,27398,1318,4430,48471,35989,0,0,877,607,5860,4810,29982,14686,3329,0,0,24273,13568,139,1462,0,0,0,0,0
825,4254,826.1180475466525,99593,2666,1931,296,107,103105,60014,1.6378560742220838,1322,907,8993,15186,35418,27473,1303,4394,48472,35990,0,0,864,599,5826,4802,30043,14863,3314,0,0,24260,13445,138,1439,0,0,0,0,0
826,4254,827.0928132519489,99592,2659,1885,297,107,103447,60247,1.6436460759900393,1261,873,9036,15198,35457,27580,1288,4355,48473,35991,0,0,850,591,5779,4787,30138,15021,3307,0,0,24235,13323,137,1424,0,0,0,0,0
827,4254,828.0679951909262,99590,2591,1828,298,108,103767,60430,1.648729792147806,1244,898,9080,15226,35513,27620,1272,4318,48474,35992,0,0,833,585,5728,4790,30215,15186,3290,0,0,24200,13216,134,1413,0,0,0,0,0
828,4254,829.0428559943254,99589,2500,1799,299,108,104060,60636,1.6537569410276236,1216,873,9135,15243,35592,27685,1256,4290,48475,35993,0,0,821,575,5679,4770,30328,15345,3279,0,0,24145,13117,131,1399,0,0,0,0,0
829,4254,830.0172000123057,99589,2438,1796,299,108,104368,60886,1.6593599694745405,1202,808,9184,15260,35638,27779,1237,4247,48476,35994,0,0,809,566,5629,4760,30407,15504,3263,0,0,24142,12987,130,1392,0,0,0,0,0
830,4254,831.1868008091936,99587,2413,1731,299,110,104756,61140,1.665839918864912,1157,793,9222,15260,35694,27897,1213,4207,48477,35995,0,0,794,554,5581,4739,30506,15699,3253,0,0,24107,12849,127,1378,0,0,0,0,0
831,4254,832.1616895350305,99587,2395,1664,299,110,105045,61333,1.6706799080201231,1137,779,9284,15276,35687,27992,1196,4177,48478,35996,0,0,785,547,5538,4725,30583,15845,3237,0,0,24092,12740,126,1369,0,0,0,0,0
832,4254,833.1374164656866,99586,2329,1648,300,110,105287,61547,1.6752756411543792,1147,768,9336,15287,35707,28040,1179,4145,48479,35997,0,0,773,533,5499,4722,30657,15983,3231,0,0,24064,12638,126,1360,0,0,0,0,0
833,4254,834.1131553925643,99586,2239,1600,300,110,105543,61724,1.6796236418773722,1169,783,9367,15303,35764,28095,1159,4107,48480,35998,0,0,760,526,5451,4709,30741,16144,3224,0,0,24003,12559,125,1344,0,0,0,0,0
834,4254,835.0889670611115,99584,2290,1616,302,110,105857,61958,1.6851602667095116,1094,735,9425,15308,35739,28158,1148,4071,48481,35999,0,0,749,520,5422,4714,30776,16286,3208,0,0,23986,12469,122,1332,0,0,0,0,0
835,4254,836.0657785033985,99582,2223,1550,304,110,106110,62150,1.6896627904641401,1107,715,9460,15332,35765,28249,1139,4042,48482,36000,0,0,737,512,5377,4698,30839,16449,3201,0,0,23959,12364,121,1325,0,0,0,0,0
836,4254,837.0427458256016,99581,2167,1519,304,111,106370,62326,1.69405810345347,1105,755,9521,15362,35778,28241,1123,4010,48483,36001,0,0,733,504,5339,4686,30910,16590,3180,0,0,23932,12269,118,1320,0,0,0,0,0
837,4254,838.020026244216,99581,2122,1463,304,111,106612,62491,1.698145228507446,1099,735,9547,15386,35815,28316,1111,3987,48484,36002,0,0,726,499,5302,4673,30947,16746,3166,0,0,23919,12182,113,1308,0,0,0,0,0
838,4254,839.193190713009,99577,2108,1427,306,113,106967,62704,1.703917571326712,1063,717,9594,15425,35836,28359,1091,3957,48485,36003,0,0,715,492,5253,4664,31015,16911,3155,0,0,23907,12063,112,1290,0,0,0,0,0
839,4254,840.1711005740449,99576,2062,1415,307,113,107242,62892,1.7085843978468707,1024,699,9657,15467,35870,28381,1078,3923,48486,36004,1,1,709,490,5213,4642,31100,17047,3140,0,0,23864,11975,110,1286,0,0,0,0,0
840,4254,841.1492216721911,99575,2045,1392,308,113,107497,63047,1.7127190559879488,982,691,9696,15499,35893,28403,1074,3900,48487,36005,2,2,701,486,5189,4626,31151,17181,3130,0,0,23816,11907,110,1278,0,0,0,0,0
841,4254,842.1277296677214,99575,2001,1358,308,113,107734,63206,1.7166959578207381,939,672,9765,15557,35919,28428,1066,3870,48488,36006,3,3,699,483,5163,4625,31205,17308,3103,0,0,23797,11816,108,1267,0,1,0,0,0
842,4254,843.1070792259592,99575,1951,1335,308,113,107945,63374,1.7205021340697966,956,658,9819,15593,35910,28464,1054,3835,48489,36007,4,4,694,482,5130,4615,31236,17453,3083,0,0,23763,11748,108,1261,0,2,0,0,0
843,4254,844.0874049504422,99575,1901,1305,308,113,108182,63539,1.7245392919909617,928,639,9884,15626,35934,28502,1043,3813,48490,36008,5,5,688,476,5101,4602,31282,17597,3068,0,0,23734,11663,106,1255,0,3,0,0,0
844,4254,845.0680951091423,99573,1858,1266,310,113,108419,63712,1.728691512759483,902,628,9952,15654,35939,28552,1037,3785,48491,36009,6,6,677,472,5059,4588,31345,17731,3055,0,0,23708,11581,105,1247,0,5,0,0,0
845,4254,846.050002555154,99572,1794,1227,311,113,108620,63864,1.7322540473225405,895,601,10024,15687,35944,28607,1030,3763,48492,36010,7,7,667,465,5030,4583,31399,17855,3044,0,0,23682,11503,103,1236,0,5,0,0,0
846,4254,847.0329601300801,99572,1756,1210,311,113,108840,64013,1.7359599084079862,888,597,10075,15740,35941,28608,1027,3730,48493,36011,8,8,655,462,5003,4575,31450,17970,3035,0,0,23652,11432,103,1229,0,6,0,0,0
847,4254,848.0167957405799,99571,1708,1158,312,113,109037,64159,1.7394221208986553,896,581,10132,15779,35930,28655,1020,3712,48494,36012,9,9,646,457,4971,4568,31506,18094,3028,0,0,23617,11357,103,1217,0,6,0,0,1
848,4254,849.0017972640363,99570,1712,1149,313,113,109270,64304,1.743235914432058,857,557,10202,15835,35909,28652,1005,3692,48495,36013,10,10,635,455,4946,4555,31537,18211,3028,0,0,23584,11299,103,1209,0,7,0,0,1
849,4254,850.1852737551723,99568,1662,1099,315,113,109509,64474,1.7473786758798007,829,549,10285,15901,35906,28676,1001,3660,48496,36014,11,11,628,451,4914,4557,31571,18363,3015,0,0,23555,11207,101,1198,0,7,0,0,1
850,4254,851.1727769150791,99568,1622,1070,315,113,109713,64619,1.7508838180941668,801,530,10345,15967,35918,28685,997,3633,48497,36015,12,12,621,445,4884,4550,31627,18478,3000,0,0,23517,11144,100,1192,0,9,0,0,1
851,4254,852.1610451103211,99568,1620,1055,315,113,109919,64749,1.7542583962718945,760,511,10412,16029,35902,28675,989,3615,48498,36016,14,14,617,438,4865,4550,31655,18579,2978,0,0,23493,11093,100,1188,0,10,0,0,2
852,4254,853.1504466207796,99567,1566,1035,316,113,110106,64859,1.7572589311719746,741,527,10487,16086,35904,28649,984,3588,48499,36017,16,16,612,434,4850,4541,31654,18702,2968,0,0,23479,11031,100,1183,0,10,0,0,3
853,4254,854.1404832551966,99564,1481,1041,319,113,110263,65006,1.7603651922381585,742,493,10547,16136,35934,28649,975,3566,48500,36018,19,18,612,434,4823,4513,31702,18814,2956,0,0,23442,10978,100,1172,0,13,1,0,4
854,4254,855.1312552516569,99564,1433,992,319,113,110425,65116,1.7630971033706961,718,503,10629,16187,35926,28656,973,3547,48501,36019,23,21,605,430,4794,4503,31726,18919,2952,0,0,23438,10905,99,1170,0,15,1,0,7
855,4254,856.1232950126114,99564,1406,982,319,113,110594,65238,1.7660198465308745,689,481,10711,16253,35905,28647,968,3522,48502,36020,28,25,601,427,4770,4491,31769,19011,2941,0,0,23412,10849,99,1166,0,17,2,0,9
856,4254,857.1167709638501,99564,1409,962,319,113,110793,65345,1.7690932465549798,619,477,10789,16315,35900,28629,962,3502,48503,36021,34,30,599,424,4754,4480,31804,19105,2935,0,0,23385,10788,98,1159,0,19,2,0,12
857,4254,858.111346093634,99564,1364,936,319,113,110947,65453,1.771724719778233,614,466,10858,16369,35884,28622,959,3492,48504,36022,42,36,593,421,4728,4470,31854,19189,2928,0,0,23365,10727,98,1153,0,22,4,0,12
858,4254,859.1075195623849,99564,1341,924,319,113,111108,65566,1.7744767184926278,603,433,10954,16448,35825,28597,956,3483,48505,36023,51,43,588,420,4708,4452,31895,19280,2922,0,0,23328,10681,97,1146,1,27,4,0,15
859,4254,860.1058265372211,99563,1299,900,320,113,111265,65673,1.777146128581903,605,425,11029,16533,35785,28561,960,3466,48506,36024,63,51,582,418,4683,4436,31917,19393,2917,0,0,23290,10632,96,1142,2,32,4,0,19
860,4254,861.1059805623751,99561,1265,874,321,114,111418,65772,1.7797129398057472,601,420,11104,16602,35747,28529,960,3459,48507,36025,77,61,577,411,4670,4428,31947,19484,2909,0,0,23263,10577,95,1135,2,37,4,0,22
861,4254,862.1079080837027,99561,1239,852,321,114,111581,65869,1.7823244041341488,576,424,11195,16668,35709,28477,958,3463,48508,36026,94,73,572,410,4648,4417,31972,19587,2904,0,0,23224,10531,94,1127,3,45,4,0,23
862,4254,863.1116018484007,99560,1242,853,321,115,111742,65988,1.7851546805946163,551,394,11266,16720,35656,28452,962,3464,48509,36027,115,87,570,406,4631,4419,31989,19668,2891,0,0,23211,10468,94,1122,3,57,4,0,27
863,4254,864.1170841010635,99560,1204,851,321,115,111873,66103,1.787625552430695,543,371,11336,16785,35620,28409,974,3467,48510,36028,140,103,566,405,4615,4405,31985,19780,2885,0,0,23172,10429,93,1117,3,69,4,0,32
864,4254,865.1243135013077,99560,1150,835,321,115,111994,66191,1.7897247890719163,567,369,11407,16822,35569,28378,984,3479,48511,36029,170,122,560,401,4587,4403,31979,19881,2872,0,0,23156,10382,93,1114,3,86,7,0,36
865,4254,866.1333942285112,99559,1100,811,322,115,112118,66283,1.791912333390251,577,364,11485,16869,35516,28345,998,3494,48512,36030,206,143,555,397,4573,4394,31990,19988,2866,0,0,23091,10340,92,1109,3,107,7,0,47
866,4254,867.1446861902302,99558,1094,766,323,115,112274,66364,1.7943108539745676,543,370,11532,16911,35492,28326,1014,3510,48513,36031,248,168,551,394,4558,4376,31993,20097,2865,0,0,23049,10282,92,1102,4,125,10,0,60
867,4254,868.1576240940046,99557,1062,759,323,116,112395,66473,1.7966391112628946,547,334,11609,16948,35423,28295,1034,3546,48514,36032,297,196,547,391,4538,4379,31981,20204,2854,0,0,23008,10234,91,1097,3,151,14,0,65
868,4254,869.1731069341262,99557,1050,761,323,116,112544,66562,1.7990297015779906,520,319,11696,16996,35344,28225,1065,3581,48515,36033,354,228,543,390,4523,4375,31953,20317,2845,0,0,22968,10192,90,1089,6,175,16,0,75
869,4254,870.1910976398899,99555,1001,722,324,117,112665,66644,1.8011049168801165,536,310,11743,17063,35301,28164,1093,3622,48516,36034,420,265,539,388,4495,4373,31946,20436,2833,0,0,22911,10131,90,1084,8,203,22,0,96
870,4254,871.007082152905,99554,1010,700,325,117,112779,66705,1.8028808485846877,511,305,11811,17114,35211,28086,1130,3676,48517,36035,496,307,538,386,4474,4370,31927,20533,2828,0,0,22859,10093,90,1079,10,233,29,0,105
871,4254,872.0301060165082,99552,979,679,326,118,112882,66768,1.8045845387335262,531,323,11879,17178,35113,27966,1170,3734,48518,36036,583,354,537,385,4454,4351,31915,20640,2822,0,0,22802,10044,90,1077,11,266,38,0,120
872,4254,873.056142759822,99552,981,666,326,118,113021,66850,1.8068044840887174,496,310,11958,17208,35024,27883,1213,3813,48519,36037,682,407,535,381,4427,4349,31896,20753,2812,0,0,22739,9994,90,1069,15,310,48,0,134
873,4254,874.0854971813768,99552,942,651,326,118,113130,66945,1.8088536644165862,495,294,12043,17239,34933,27794,1259,3902,48520,36038,794,466,532,381,4403,4336,31884,20874,2806,0,0,22657,9936,89,1064,19,363,59,0,149
874,4254,875.1182100380603,99550,940,631,327,119,113259,67016,1.8108990457056755,489,296,12109,17263,34818,27686,1315,4003,48521,36039,921,532,527,375,4373,4338,31866,20981,2802,0,0,22570,9875,89,1059,21,423,70,0,181
875,4254,876.1542802009018,99550,934,609,327,119,113377,67088,1.8128076343545956,472,309,12166,17272,34722,27579,1377,4110,48522,36040,1063,605,524,374,4349,4331,31821,21109,2793,0,0,22482,9812,89,1054,23,490,86,0,213
876,4254,877.1933228789093,99550,920,610,327,119,113502,67164,1.8148267202410848,442,292,12228,17287,34627,27450,1454,4240,48523,36041,1222,686,521,373,4329,4325,31763,21250,2788,0,0,22392,9750,87,1048,25,554,96,0,249
877,4254,878.0273773552785,99550,869,595,327,119,113577,67220,1.8161426418884983,456,296,12299,17289,34515,27301,1532,4398,48524,36042,1399,775,520,373,4294,4308,31728,21378,2781,0,0,22279,9695,87,1037,31,638,116,0,285
878,4254,879.0742560868575,99549,850,597,328,119,113684,67293,1.817969040372078,456,284,12376,17293,34372,27140,1616,4565,48525,36043,1596,873,516,372,4266,4299,31656,21530,2777,0,0,22173,9636,86,1031,34,724,129,0,320
879,4254,880.1256611125735,99549,825,551,328,119,113785,67352,1.819576289063677,440,285,12453,17287,34237,27011,1715,4745,48526,36044,1814,980,514,370,4239,4295,31586,21698,2770,0,0,22064,9556,85,1020,41,806,145,0,360
880,4254,881.1821402795005,99548,796,552,329,119,113890,67430,1.821432876602242,428,262,12542,17302,34083,26821,1820,4942,48527,36045,2053,1097,507,368,4212,4284,31479,21878,2768,0,0,21936,9487,85,1016,43,923,161,0,401
881,4254,882.031206030211,99548,789,538,329,119,113982,67500,1.8230602322497689,402,244,12591,17260,33949,26670,1938,5167,48528,36046,2315,1224,506,367,4178,4278,31359,22065,2762,0,0,21812,9408,85,1011,47,1032,185,0,453
882,4254,883.0979154223962,99547,785,527,329,120,114091,67560,1.8247762363506685,374,243,12662,17256,33787,26437,2061,5415,48529,36047,2601,1362,502,365,4143,4286,31240,22248,2752,0,0,21669,9330,85,1001,53,1158,211,0,504
883,4254,884.1699890930331,99544,768,503,332,120,114181,67619,1.8263280559350639,368,254,12702,17219,33629,26223,2199,5679,48530,36048,2912,1511,501,361,4103,4288,31111,22444,2742,0,0,21527,9250,84,990,59,1288,238,0,558
884,4254,885.0314203916448,99544,754,500,332,120,114265,67674,1.8277244233705698,350,240,12735,17164,33484,25992,2343,5982,48531,36049,3249,1672,501,357,4066,4277,30972,22652,2740,0,0,21366,9165,84,984,63,1435,263,0,619
885,4254,886.1142523367456,99544,713,494,332,120,114367,67744,1.8294523024993972,344,228,12792,17125,33311,25734,2506,6297,48532,36050,3612,1845,495,356,4024,4264,30831,22889,2740,0,0,21175,9067,84,971,69,1596,292,0,691
886,4254,887.2029509180855,99544,699,471,332,120,114466,67794,1.8309491280237884,340,235,12832,17072,33121,25471,2674,6629,48533,36051,4002,2030,492,353,3973,4261,30641,23143,2736,0,0,20991,8988,83,963,76,1759,337,0,748
887,4254,888.0787525392598,99543,679,471,333,120,114548,67845,1.8323036275780316,334,229,12833,16982,32957,25196,2862,7000,48534,36052,4419,2228,489,353,3919,4252,30458,23384,2732,0,0,20791,8901,82,952,85,1937,384,0,824
888,4254,889.1798495576644,99543,669,447,333,120,114641,67902,1.833810514049205,319,218,12880,16903,32744,24932,3053,7378,48535,36053,4863,2439,486,351,3869,4249,30260,23649,2729,0,0,20592,8775,82,939,95,2124,425,0,918
889,4254,890.0665330195183,99543,665,442,333,120,114725,67959,1.8352269873321077,293,201,12910,16787,32539,24652,3258,7796,48536,36054,5334,2663,484,351,3826,4240,30033,23939,2728,0,0,20396,8677,82,926,106,2298,460,0,997
890,4254,891.1825579911568,99543,635,423,333,120,114806,68010,1.8365530474267402,289,195,12924,16680,32346,24348,3471,8232,48537,36055,5832,2900,481,347,3773,4239,29806,24234,2722,0,0,20163,8565,81,919,112,2512,504,0,1085
891,4254,892.0809685382129,99542,596,416,334,120,114854,68056,1.8375158224668984,302,193,12936,16533,32133,24033,3697,8703,48538,36056,6356,3151,477,347,3727,4233,29552,24537,2721,0,0,19928,8465,81,903,128,2733,543,0,1167
892,4254,893.2126896726086,99542,583,396,334,120,114938,68108,1.8388820799260615,310,180,12971,16442,31861,23682,3939,9178,48539,36057,6905,3415,475,346,3669,4227,29329,24832,2719,0,0,19670,8341,81,892,134,2973,589,0,1265
893,4254,894.1252322284048,99542,571,380,334,120,114996,68148,1.839866588977517,315,175,12992,16315,31595,23323,4191,9685,48540,36058,7478,3693,475,346,3614,4224,29063,25144,2714,0,0,19417,8212,80,881,144,3220,633,0,1375
894,4254,895.0456023298997,99542,565,365,334,120,115066,68188,1.8409716501577225,287,168,13011,16186,31339,22954,4462,10205,48541,36059,8073,3984,475,343,3572,4222,28782,25481,2707,0,0,19122,8095,80,869,154,3495,670,0,1475
895,4254,896.2064417118914,99542,570,370,334,120,115162,68247,1.842528781820739,257,156,13055,16056,31045,22576,4737,10720,48542,36060,8689,4288,474,342,3511,4213,28494,25825,2703,0,0,18861,7969,80,852,168,3743,721,0,1586
896,4254,897.1435235582785,99542,558,357,334,120,115227,68286,1.8435735669365696,249,151,13048,15874,30784,22210,5025,11286,48543,36061,9324,4604,471,340,3457,4211,28213,26153,2699,0,0,18566,7826,79,836,184,4032,766,0,1709
897,4254,898.089023924263,99541,555,351,335,120,115295,68329,1.8447072060758882,241,133,13043,15728,30490,21815,5334,11851,48544,36062,9976,4933,469,339,3408,4207,27897,26507,2698,0,0,18283,7677,79,824,195,4317,809,0,1832
898,4254,899.0436467747924,99539,533,334,337,120,115346,68358,1.8455479761701443,236,143,13013,15550,30228,21419,5651,12432,48545,36063,10642,5274,465,338,3355,4204,27572,26873,2696,0,0,18004,7525,79,813,204,4590,857,0,1964
899,4254,900.0071985780262,99539,527,315,337,120,115387,68381,1.846190940234481,259,166,13072,15605,30171,21388,5632,12404,48545,36063,10642,5274,465,336,3349,4201,27581,26900,2692,0,0,17999,7511,79,813,204,4589,856,0,1964
900,4254,900.0071985780262,99539,525,314,337,120,115401,68390,1.846422005445102,263,168,12979,15343,29925,21023,5969,13030,48545,36063,11321,5626,465,336,3300,4199,27229,27263,2691,0,4,17707,7369,79,798,219,4874,904,0,2102
901,4254,901.2243101337014,99539,504,326,337,120,115479,68460,1.8479088598438802,275,164,13011,15198,29589,20586,6282,13604,48545,36063,12009,5988,463,335,3224,4197,26888,27663,2683,2,19,17400,7238,79,787,229,5149,965,0,2218
902,4254,902.2079986462962,99538,488,314,338,120,115541,68494,1.8488918804878538,273,189,12997,15035,29279,20127,6623,14213,48545,36063,12705,6360,463,333,3169,4197,26536,28051,2675,2,36,17082,7096,79,769,245,5446,1016,1,2342
903,4254,903.2022350701903,99538,484,313,338,120,115616,68541,1.8501175430488859,264,197,12966,14821,28972,19731,6974,14816,48545,36063,13406,6742,461,332,3100,4192,26189,28440,2673,4,53,16764,6942,79,761,251,5740,1077,3,2477
904,4254,904.2072697277275,99538,487,321,338,120,115682,68595,1.8513231127810486,274,184,12949,14639,28634,19321,7316,15413,48545,36063,14109,7132,461,332,3046,4191,25858,28811,2666,4,70,16415,6788,79,743,268,6063,1126,10,2607
905,4254,905.2238726766225,99538,479,315,338,120,115747,68641,1.8524382647832989,291,170,12911,14446,28308,18941,7671,16006,48545,36063,14812,7529,456,330,2984,4188,25506,29210,2665,9,83,16084,6629,78,729,277,6366,1181,11,2752
906,4254,906.2522032463667,99538,486,315,338,120,115822,68688,1.8536639273443307,288,171,12870,14237,27987,18549,8029,16606,48545,36063,15512,7933,455,328,2916,4189,25168,29589,2657,10,98,15753,6466,78,713,293,6673,1241,18,2893
907,4254,907.0312966498796,99537,495,307,339,120,115889,68712,1.8545967831057797,265,179,12811,14057,27674,18131,8414,17204,48545,36063,16208,8343,453,328,2864,4184,24769,30020,2656,11,100,15453,6324,77,697,306,6953,1291,24,3027
908,4254,908.0832460351731,99537,499,292,339,120,115950,68750,1.855591388127028,268,173,12798,13912,27309,17751,8785,17750,48545,36063,16897,8757,453,327,2790,4181,24439,30394,2652,11,113,15122,6177,77,681,321,7256,1358,27,3158
909,4254,909.1491565764322,99537,491,286,339,120,116024,68797,1.8568070164863317,263,162,12794,13727,26955,17385,9156,18318,48545,36063,17577,9175,452,327,2713,4175,24093,30790,2647,12,125,14792,6037,77,670,330,7552,1432,34,3279
910,4254,910.2291991747749,99537,488,279,339,120,116101,68834,1.8579523192380722,261,160,12737,13579,26651,16983,9522,18877,48545,36063,18246,9596,450,327,2657,4165,23743,31195,2645,14,136,14477,5891,76,657,340,7834,1482,38,3410
911,4254,911.0480107537713,99537,486,271,339,120,116158,68861,1.8587962265288285,257,165,12677,13391,26328,16623,9911,19428,48545,36063,18903,10018,449,327,2599,4161,23381,31597,2643,15,141,14177,5772,75,643,353,8106,1537,43,3518
912,4254,912.1539736603278,99537,477,270,339,120,116230,68905,1.8599616223113014,251,173,12648,13244,26000,16246,10283,19945,48545,36063,19546,10441,448,325,2539,4158,23034,31998,2639,16,152,13869,5639,75,623,370,8378,1591,51,3632
913,4254,913.2742658379088,99536,470,288,339,121,116304,68968,1.8613566950651022,248,162,12631,13092,25668,15873,10642,20462,48545,36063,20173,10864,445,325,2499,4158,22697,32375,2633,19,167,13531,5523,75,612,380,8685,1628,57,3727
914,4254,914.1241603184228,99536,453,297,339,121,116349,69009,1.8622207040668703,247,157,12579,12938,25359,15519,11021,20966,48545,36063,20784,11286,445,325,2445,4154,22350,32762,2629,19,174,13253,5393,75,597,394,8939,1675,64,3843
915,4254,915.2729695625363,99536,445,304,339,121,116409,69060,1.8633358784761291,265,151,12554,12809,25026,15161,11369,21452,48545,36063,21378,11706,445,325,2399,4154,22013,33139,2622,19,183,12959,5266,75,584,405,9205,1718,68,3957
916,4254,916.1449881700623,99536,442,300,339,121,116459,69092,1.864159701012699,273,143,12524,12641,24690,14866,11730,21927,48545,36063,21954,12123,443,325,2343,4145,21707,33489,2621,21,190,12673,5149,75,574,413,9465,1768,72,4063
917,4254,917.0283178830983,99536,430,288,339,121,116514,69123,1.865023710014467,261,143,12480,12528,24411,14547,12077,22371,48545,36063,22511,12536,441,324,2293,4141,21386,33856,2614,23,191,12383,5057,75,561,424,9728,1813,84,4142
918,4254,918.2218878806489,99536,446,282,339,121,116602,69163,1.8663096769008198,240,152,12490,12434,24073,14245,12410,22764,48545,36063,23049,12945,441,322,2246,4136,21063,34220,2612,23,197,12125,4949,75,546,439,9958,1856,90,4238
919,4254,919.1284251507617,99536,444,288,339,121,116654,69198,1.8671837325188876,241,149,12453,12330,23778,13953,12743,23157,48545,36063,23568,13348,440,322,2191,4135,20761,34556,2607,24,197,11889,4840,75,534,450,10172,1907,98,4338
920,4254,920.0462966863658,99536,427,285,339,121,116704,69237,1.8680778813695547,232,145,12422,12229,23497,13682,13081,23536,48545,36063,24068,13746,440,322,2148,4130,20464,34894,2600,24,209,11670,4723,75,517,466,10369,1945,103,4437
921,4254,921.2867089314726,99536,440,291,339,121,116788,69291,1.8694643144189038,225,137,12408,12154,23179,13413,13407,23882,48545,36063,24548,14137,438,318,2102,4127,20203,35200,2597,26,214,11394,4626,75,506,475,10618,1986,112,4519
922,4254,922.2284411660438,99535,426,282,340,121,116833,69321,1.8702366001908877,232,137,12362,12067,22920,13167,13718,24224,48545,36063,25009,14521,437,318,2055,4126,19913,35534,2592,27,215,11170,4524,75,497,482,10812,2026,118,4614
923,4254,923.1814965858297,99535,423,274,340,121,116888,69355,1.8711307580248153,230,135,12315,12006,22660,12922,14030,24540,48545,36063,25451,14898,437,317,2011,4123,19663,35832,2587,27,216,10943,4432,75,488,488,11009,2066,126,4695
924,4254,924.1456510632713,99535,418,281,340,121,116953,69389,1.8721253830310947,217,143,12311,11943,22383,12668,14329,24842,48545,36063,25874,15267,436,315,1980,4117,19427,36113,2581,28,216,10701,4341,74,482,493,11230,2089,133,4779
925,4254,925.1215059513231,99535,424,284,340,121,117006,69422,1.872989400713317,219,138,12292,11872,22102,12445,14621,25138,48545,36063,26279,15628,436,315,1936,4119,19163,36404,2576,27,214,10499,4269,74,468,506,11415,2128,147,4839
926,4254,926.1096786494535,99534,429,260,340,122,117062,69449,1.8738421042055982,207,156,12283,11825,21838,12252,14901,25383,48545,36063,26666,15981,436,315,1901,4114,18921,36689,2573,26,223,10297,4183,74,465,508,11588,2158,155,4908
927,4254,927.1099443985487,99534,419,274,340,122,117115,69496,1.8748467860228666,222,150,12244,11771,21600,12049,15173,25632,48545,36063,27036,16325,436,313,1870,4109,18685,36958,2571,26,230,10116,4097,74,457,514,11751,2185,164,4978
928,4254,928.1213065598881,99534,405,267,340,122,117172,69537,1.8758313742037898,206,155,12212,11746,21387,11861,15448,25847,48545,36063,27388,16660,434,312,1833,4108,18448,37244,2566,28,237,9933,4020,73,452,518,11900,2217,172,5039
929,4254,929.1435589231905,99534,403,271,340,122,117228,69580,1.8768260092028854,209,159,12211,11725,21130,11658,15705,26063,48545,36063,27724,16986,433,312,1802,4102,18234,37497,2562,29,240,9752,3958,73,445,523,12059,2244,178,5091
930,4254,930.1776543263547,99534,389,268,340,122,117281,69633,1.87789097192919,232,147,12186,11703,20915,11523,15936,26235,48545,36063,28044,17303,433,310,1773,4104,18013,37762,2555,29,244,9579,3881,73,438,529,12202,2267,197,5145
931,4254,931.2229250608095,99534,379,257,340,122,117338,69669,1.8788253260192498,247,155,12211,11667,20660,11377,16161,26420,48545,36063,28349,17611,432,309,1740,4100,17817,38003,2550,30,252,9415,3819,73,433,534,12337,2294,205,5191
932,4254,932.2806143594821,99534,384,255,340,122,117396,69715,1.879870195109209,243,145,12231,11643,20437,11244,16363,26589,48545,36063,28639,17910,431,308,1720,4099,17627,38230,2544,31,261,9257,3752,73,420,547,12467,2313,213,5241
933,4254,933.3501959855241,99534,376,266,340,122,117446,69765,1.8808748769264774,259,129,12215,11626,20226,11110,16582,26745,48545,36063,28915,18199,431,307,1689,4099,17450,38442,2539,31,264,9098,3680,71,417,550,12600,2343,223,5300
934,4254,934.0694997657961,99534,379,258,340,122,117485,69792,1.8815379669258745,256,125,12186,11590,20047,10988,16790,26915,48545,36063,29177,18479,429,307,1658,4096,17268,38650,2536,33,270,8965,3625,71,407,560,12718,2370,227,5344
935,4254,935.160388518301,99533,379,253,340,123,117553,69825,1.8825716094159726,262,126,12201,11594,19836,10853,16980,27049,48545,36063,29426,18750,427,305,1630,4096,17077,38878,2533,35,270,8842,3565,71,399,566,12815,2394,241,5389
936,4254,936.2627146476282,99533,390,243,340,123,117630,69854,1.8836365828418715,242,140,12207,11606,19655,10728,17164,27158,48545,36063,29663,19012,427,305,1614,4092,16916,39086,2529,35,272,8696,3508,71,390,574,12931,2403,252,5432
937,4254,937.0034141557812,99533,391,242,340,123,117672,69881,1.8843298202606171,243,140,12190,11596,19476,10588,17358,27309,48545,36063,29888,19265,426,305,1590,4090,16748,39280,2525,36,272,8553,3463,71,389,575,13057,2424,258,5471
938,4254,938.1263827795215,99533,395,259,340,123,117735,69929,1.8854450282820774,241,133,12198,11664,19295,10449,17529,27370,48545,36063,30102,19510,425,305,1567,4084,16603,39467,2522,37,278,8431,3410,71,388,574,13151,2444,262,5514
939,4254,939.2599572129782,99533,391,267,340,123,117793,69978,1.8865200486270886,245,132,12248,11705,19095,10332,17679,27439,48545,36063,30305,19746,424,305,1544,4083,16459,39647,2516,38,282,8326,3359,71,382,580,13236,2459,272,5550
940,4254,940.0222947536843,99533,380,265,340,123,117824,69997,1.8870223945827012,246,142,12242,11688,18935,10230,17855,27550,48545,36063,30498,19974,423,304,1527,4082,16323,39807,2514,39,282,8214,3311,71,376,586,13329,2475,280,5590
941,4254,941.1773401699729,99533,382,262,340,123,117890,70035,1.8880672741703757,241,146,12285,11722,18762,10134,17988,27611,48545,36063,30681,20193,423,304,1507,4076,16193,39990,2510,38,281,8107,3278,71,372,587,13401,2491,296,5608
942,4254,942.3433895469776,99533,394,259,340,123,117958,70074,1.8891422945153868,235,140,12334,11757,18577,10043,18118,27676,48545,36063,30855,20404,422,304,1495,4072,16065,40151,2506,39,282,8006,3241,71,366,592,13482,2499,312,5628
943,4254,943.1271639044224,99533,388,266,340,123,117998,70111,1.8899159072870304,242,128,12369,11778,18418,9959,18241,27744,48545,36063,31020,20608,421,303,1481,4069,15934,40312,2503,40,283,7912,3204,71,362,596,13557,2509,322,5654
944,4254,944.314595212502,99533,395,259,340,123,118066,70150,1.8909909276320416,236,128,12405,11846,18285,9870,18337,27772,48545,36063,31176,20804,418,302,1469,4062,15795,40483,2498,43,289,7827,3168,71,357,600,13627,2518,336,5670
945,4254,945.1101775561802,99533,388,251,340,123,118107,70177,1.891674118131675,248,118,12411,11873,18157,9798,18454,27835,48545,36063,31325,20993,416,301,1452,4057,15684,40630,2495,45,284,7753,3135,70,354,603,13684,2527,350,5693
946,4254,946.302215712669,99531,387,230,341,124,118175,70210,1.8927268891099256,230,124,12454,11976,18028,9730,18558,27814,48545,36063,31466,21175,414,301,1436,4054,15559,40797,2490,46,288,7663,3102,70,351,606,13745,2538,363,5708
947,4254,947.0934455321577,99531,376,225,341,124,118213,70236,1.8933699048537642,229,127,12494,12023,17894,9648,18664,27851,48545,36063,31600,21350,414,301,1418,4053,15438,40941,2487,46,294,7583,3082,70,348,609,13813,2549,373,5712
948,4254,948.2723042695116,99531,390,217,341,124,118290,70269,1.8944750881634866,230,128,12523,12098,17765,9582,18749,27849,48545,36063,31727,21518,413,299,1406,4054,15342,41081,2480,47,296,7499,3054,70,346,611,13866,2556,383,5728
949,4254,949.0552043706874,99531,400,209,341,124,118348,70289,1.89525876360129,201,133,12542,12141,17667,9512,18847,27879,48545,36063,31848,21679,413,298,1391,4054,15237,41212,2477,47,298,7426,3030,70,341,615,13924,2565,388,5745
950,4254,950.22249562467,99531,406,220,341,124,118407,70336,1.8963237584270227,209,113,12605,12217,17540,9454,18897,27870,48545,36063,31963,21834,413,297,1380,4054,15140,41342,2474,47,301,7365,2999,70,339,616,13960,2573,399,5762
951,4254,951.3865536408534,99530,397,220,342,124,118474,70373,1.8973877222947855,195,104,12673,12320,17442,9388,18949,27842,48545,36063,32072,21983,412,295,1374,4044,15056,41469,2468,48,303,7294,2971,70,338,615,14009,2577,408,5779
952,4254,952.160979090375,99530,393,208,342,124,118509,70390,1.8979101778358285,196,109,12714,12355,17323,9348,19030,27854,48545,36063,32175,22126,412,295,1362,4045,14969,41583,2463,48,304,7246,2945,70,333,617,14043,2583,415,5797
953,4254,953.3173640016881,99530,379,213,342,124,118558,70428,1.898784286144881,213,97,12790,12453,17211,9272,19063,27839,48545,36063,32273,22264,410,294,1347,4041,14899,41693,2460,50,305,7185,2919,70,330,618,14081,2591,423,5814
954,4254,954.087023862769,99530,376,208,342,124,118595,70447,1.8993469305736963,221,99,12785,12498,17133,9221,19141,27848,48545,36063,32366,22396,410,294,1335,4035,14830,41781,2458,50,302,7131,2894,70,328,618,14128,2602,435,5829
955,4254,955.2362615576858,99530,378,200,342,124,118657,70476,1.9002612277705215,222,107,12845,12581,17031,9168,19180,27818,48545,36063,32455,22523,410,294,1321,4028,14751,41899,2453,50,301,7075,2878,70,325,619,14160,2616,443,5837
956,4254,956.0009782878833,99530,393,197,342,124,118707,70498,1.900984627750427,212,103,12889,12640,16927,9127,19235,27807,48545,36063,32539,22645,410,294,1313,4028,14691,41982,2449,50,301,7019,2857,69,323,620,14202,2621,449,5852
957,4254,957.1440343660277,99530,382,203,342,124,118756,70535,1.9018486888375363,223,102,12986,12730,16808,9069,19257,27770,48545,36063,32619,22762,410,294,1298,4022,14619,42094,2446,50,304,6971,2837,69,321,621,14227,2631,454,5862
958,4254,958.2859518589534,99530,389,206,342,124,118807,70564,1.9026524665929871,235,117,13063,12807,16702,9025,19267,27719,48545,36063,32695,22875,409,294,1286,4021,14545,42194,2443,51,307,6930,2814,69,318,623,14251,2639,459,5877
959,4254,959.0466831410758,99530,387,208,342,124,118846,70587,1.9032753943534613,234,112,13104,12867,16630,8982,19301,27705,48545,36063,32768,22983,408,294,1276,4018,14481,42288,2441,52,308,6882,2797,69,316,625,14281,2642,464,5888
960,4254,960.1852051321098,99530,364,211,342,124,118902,70626,1.9042298804380589,232,113,13172,12978,16565,8938,19323,27634,48545,36063,32837,23087,408,293,1269,4008,14415,42399,2440,52,309,6832,2783,69,312,625,14307,2646,469,5894
961,4254,961.3227789244745,99530,389,215,342,124,118977,70657,1.9052948859640308,211,112,13254,13068,16469,8890,19333,27589,48545,36063,32903,23187,407,293,1263,4008,14348,42490,2436,53,312,6792,2769,69,310,626,14333,2648,477,5896
962,4254,962.0807485494261,99530,377,202,342,124,119005,70673,1.9057369637295287,220,120,13295,13149,16396,8853,19368,27550,48545,36063,32966,23283,405,293,1254,4000,14295,42574,2435,55,315,6765,2749,69,309,627,14340,2655,484,5906
963,4254,963.215755207359,99529,374,189,342,125,119068,70702,1.9066804649901035,212,125,13392,13250,16320,8827,19358,27482,48545,36063,33026,23375,404,293,1247,3999,14245,42667,2429,56,319,6726,2734,69,305,628,14350,2658,494,5906
964,4254,964.3514691628055,99529,361,200,342,125,119124,70742,1.9076450079876217,209,115,13490,13359,16254,8786,19342,27413,48545,36063,33083,23463,404,291,1241,3993,14199,42757,2422,56,320,6691,2720,69,305,627,14362,2659,502,5911
965,4254,965.1091250312456,99529,376,190,342,125,119171,70763,1.9083282259441972,208,127,13509,13432,16190,8767,19373,27357,48545,36063,33137,23548,402,290,1230,3993,14156,42827,2420,58,318,6655,2705,69,305,625,14382,2664,507,5923
966,4254,966.2438391554729,99529,382,186,342,125,119221,70789,1.909091822483899,214,145,13598,13558,16100,8722,19362,27262,48545,36063,33189,23630,399,290,1224,3988,14122,42894,2418,61,317,6611,2692,69,305,624,14408,2663,518,5926
967,4254,967.0003386551207,99529,381,197,342,125,119266,70818,1.9098353243778194,200,136,13650,13623,16055,8691,19370,27226,48545,36063,33238,23708,399,290,1220,3990,14072,42963,2414,61,319,6570,2673,69,303,624,14439,2663,521,5939
968,4254,968.1346261842875,99529,362,226,342,125,119317,70864,1.9108099146982287,205,121,13725,13697,15999,8655,19365,27174,48545,36063,33285,23783,398,290,1212,3986,14040,43031,2409,62,316,6540,2661,68,297,627,14447,2670,530,5945
969,4254,969.2692598325943,99528,352,210,343,125,119379,70889,1.9117032392894462,190,123,13827,13792,15938,8653,19348,27095,48545,36063,33330,23855,397,288,1204,3983,14002,43117,2403,63,317,6505,2650,68,295,628,14453,2670,542,5943
970,4254,970.0265378386766,99528,351,215,343,125,119415,70917,1.91234627441524,181,121,13885,13840,15877,8625,19361,27072,48545,36063,33373,23925,397,288,1200,3986,13950,43186,2400,63,318,6478,2642,68,294,629,14470,2668,548,5943
971,4254,971.1617589947824,99528,346,217,343,125,119470,70955,1.9132806848324089,190,108,13961,13956,15813,8593,19345,26999,48545,36063,33414,23992,397,288,1193,3979,13917,43261,2396,63,317,6449,2630,68,292,631,14474,2670,551,5952
972,4254,972.2978412877766,99527,346,221,344,125,119528,70991,1.9142443758979975,192,107,14026,14052,15765,8560,19325,26933,48545,36063,33453,24056,395,287,1193,3975,13872,43341,2395,65,318,6421,2619,68,290,631,14478,2666,562,5951
973,4254,973.0557806787832,99527,342,209,344,125,119566,71009,1.9148070372863646,188,113,14083,14132,15718,8540,19323,26879,48545,36063,33490,24118,395,286,1192,3970,13845,43393,2390,65,320,6395,2608,68,287,634,14494,2663,571,5951
974,4254,974.1933258541114,99527,346,219,344,125,119624,71051,1.9158117897655913,164,114,14166,14231,15660,8520,19318,26789,48545,36063,33526,24177,395,286,1188,3969,13811,43460,2384,65,323,6366,2598,68,286,632,14502,2666,577,5951
975,4254,975.3315896672974,99527,334,215,344,125,119671,71080,1.9165754016498036,175,127,14253,14362,15602,8490,19290,26679,48545,36063,33560,24234,393,285,1185,3965,13772,43534,2382,67,327,6337,2591,68,286,631,14510,2664,583,5947
976,4254,976.0912000037993,99527,334,217,344,125,119706,71102,1.9171481105629629,169,126,14300,14433,15560,8465,19291,26632,48545,36063,33592,24289,391,285,1181,3962,13747,43580,2380,69,323,6313,2584,68,286,631,14519,2668,589,5951
977,4254,977.230818993924,99527,329,210,344,125,119760,71132,1.9179921026455133,174,128,14370,14544,15514,8444,19267,26547,48545,36063,33623,24342,389,285,1175,3957,13715,43647,2374,71,324,6288,2576,68,284,631,14527,2671,594,5951
978,4254,978.3719510377014,99527,321,224,344,125,119810,71174,1.9189164749264018,167,121,14476,14654,15461,8428,19229,26446,48545,36063,33653,24393,388,283,1169,3956,13684,43707,2371,72,330,6267,2563,68,283,631,14532,2671,602,5950
979,4254,979.1340680582842,99527,312,213,344,125,119835,71192,1.9193485184924695,167,127,14532,14718,15419,8417,19224,26398,48545,36063,33681,24442,387,283,1165,3953,13658,43752,2370,73,332,6242,2556,68,282,632,14546,2671,608,5949
980,4254,980.2778063076524,99527,309,213,344,125,119882,71229,1.92019251057502,164,122,14625,14829,15370,8410,19186,26299,48545,36063,33708,24489,385,283,1162,3952,13640,43806,2366,75,333,6220,2549,67,280,631,14546,2669,614,5949
981,4254,981.0415360940882,99527,316,207,344,125,119920,71250,1.9207853145377636,159,111,14675,14913,15331,8405,19173,26237,48545,36063,33734,24534,384,283,1158,3951,13611,43857,2364,76,334,6213,2540,67,280,630,14540,2668,623,5948
982,4254,982.1883933780455,99527,314,210,344,125,119971,71277,1.9215690214715604,150,119,14762,15019,15290,8375,19138,26150,48545,36063,33759,24578,384,282,1155,3951,13582,43904,2359,76,338,6191,2530,67,280,629,14553,2669,629,5948
983,4254,983.3376539497597,99527,301,198,344,125,120019,71312,1.9224029660293187,146,112,14878,15130,15247,8378,19082,26055,48545,36063,33783,24620,384,281,1155,3950,13556,43977,2352,76,339,6167,2523,67,279,629,14548,2663,637,5944
984,4254,984.1057651652966,99527,277,210,344,125,120037,71340,1.922865152169763,158,103,14946,15198,15205,8363,19068,25999,48545,36063,33806,24660,384,281,1153,3951,13534,44017,2347,76,339,6149,2517,67,279,628,14557,2661,645,5942
985,4254,985.2596364091842,99527,294,200,344,125,120085,71365,1.9235986214795986,156,102,15019,15307,15154,8356,19031,25908,48545,36063,33828,24699,384,280,1152,3953,13508,44063,2344,76,341,6129,2513,67,277,629,14562,2660,653,5936
986,4254,986.0298448140572,99527,281,196,344,125,120112,71381,1.924030665045666,161,112,15071,15373,15125,8343,19016,25849,48545,36063,33849,24737,383,280,1150,3951,13476,44108,2342,77,344,6115,2505,67,276,630,14569,2660,660,5934
987,4254,987.1868758983516,99527,285,194,344,125,120155,71415,1.9248043244546706,159,110,15172,15488,15081,8332,18957,25749,48545,36063,33869,24773,383,280,1144,3946,13465,44148,2338,77,346,6096,2499,67,276,630,14572,2662,670,5928
988,4254,988.3471781038268,99527,289,202,344,125,120206,71448,1.9256483165372211,148,104,15278,15587,15040,8315,18899,25665,48545,36063,33888,24808,382,280,1140,3942,13445,44194,2335,78,347,6084,2496,67,273,632,14570,2662,677,5923
989,4254,989.1226649423068,99527,293,199,344,125,120239,71473,1.9262310729751726,133,98,15335,15684,15021,8302,18872,25590,48545,36063,33907,24842,382,280,1137,3942,13429,44231,2332,78,347,6065,2491,67,273,631,14575,2662,687,5918
990,4254,990.288845771619,99527,287,185,344,125,120290,71491,1.926924352185839,117,107,15454,15782,14987,8297,18809,25502,48545,36063,33925,24874,382,280,1135,3937,13425,44275,2327,77,348,6045,2487,67,273,631,14569,2661,699,5909
991,4254,991.0686324438412,99527,284,180,344,125,120310,71508,1.927296110603153,121,111,15517,15854,14937,8288,18795,25440,48545,36063,33942,24905,382,279,1129,3934,13413,44314,2326,77,349,6037,2485,67,273,631,14560,2662,702,5907
992,4254,992.2397804868582,99527,281,183,344,125,120347,71535,1.9279391521898581,129,112,15608,15957,14897,8267,18739,25354,48545,36063,33958,24935,382,278,1124,3936,13397,44355,2322,77,353,6025,2476,67,273,631,14553,2664,707,5907
993,4254,993.0223255959288,99527,282,185,344,125,120374,71558,1.9284415284294714,134,115,15662,16037,14862,8251,18714,25285,48545,36063,33974,24964,382,278,1120,3935,13387,44385,2321,77,357,6016,2466,67,272,632,14551,2662,710,5909
994,4254,994.1981387679938,99527,272,189,344,125,120407,71597,1.9291649502145147,148,119,15773,16146,14812,8229,18649,25190,48545,36063,33989,24992,382,277,1115,3931,13369,44441,2320,77,358,5997,2464,67,272,632,14542,2664,714,5905
995,4254,995.3779877932116,99526,267,192,345,125,120447,71642,1.93003838193035,143,109,15871,16244,14773,8234,18599,25094,48545,36063,34004,25019,381,277,1114,3925,13361,44489,2317,78,360,5980,2458,66,272,632,14533,2660,721,5902
996,4254,996.1664121397131,99526,274,191,345,125,120483,71661,1.9305910013463818,138,117,15934,16320,14742,8219,18565,25026,48545,36063,34018,25045,381,277,1112,3922,13343,44527,2315,78,360,5971,2455,66,272,632,14532,2658,725,5900
997,4254,997.3513781681886,99526,260,195,345,125,120515,71693,1.9312340493941282,147,111,16020,16414,14710,8210,18516,24943,48545,36063,34031,25070,381,277,1110,3921,13329,44577,2315,78,362,5957,2450,66,272,632,14515,2657,728,5899
998,4254,998.1432331872215,99526,255,193,345,125,120545,71712,1.931726383055684,148,109,16100,16506,14677,8196,18473,24869,48545,36063,34044,25094,381,276,1109,3916,13310,44615,2315,78,362,5946,2447,66,272,632,14515,2657,733,5896
999,4254,999.3341730781253,99526,266,193,345,125,120591,71740,1.9324699073608906,144,108,16186,16609,14634,8181,18423,24782,48545,36063,34056,25117,381,276,1107,3912,13300,44652,2314,78,365,5929,2444,66,272,632,14514,2655,742,5887
1000,4254,1000.1299892984324,99526,265,202,345,125,120623,71766,1.9330526696541608,137,93,16260,16694,14600,8167,18391,24717,48545,36063,34068,25140,380,274,1105,3918,13289,44678,2309,79,365,5915,2442,65,271,633,14516,2656,744,5887
1001,4254,1001.3263993402137,99526,248,189,345,125,120664,71789,1.933695717701907,147,101,16373,16787,14562,8167,18323,24629,48545,36063,34080,25162,379,272,1104,3916,13281,44725,2305,80,365,5902,2438,65,270,633,14506,2650,756,5879
1002,4254,1002.1264965543141,99526,253,194,345,125,120701,71812,1.9342985752466693,142,101,16444,16865,14544,8155,18270,24558,48545,36063,34091,25183,378,271,1100,3911,13271,44756,2304,81,366,5895,2436,64,269,633,14503,2652,759,5877
1003,4254,1003.330815459722,99526,233,199,345,125,120731,71850,1.9349818137973998,157,94,16538,16977,14516,8150,18209,24453,48545,36063,34102,25203,377,271,1096,3911,13258,44799,2298,82,367,5879,2433,64,269,633,14497,2655,768,5869
1004,4254,1004.1361570137191,99526,238,196,345,125,120761,71869,1.9354741474589554,159,88,16605,17049,14485,8143,18166,24397,48545,36063,34112,25223,377,271,1096,3909,13247,44825,2298,82,368,5870,2430,64,268,634,14495,2654,774,5864
1005,4254,1005.3471851257008,99526,229,189,345,125,120804,71894,1.936157386009686,153,96,16712,17148,14456,8134,18103,24306,48545,36063,34122,25242,377,271,1096,3904,13239,44868,2294,82,374,5855,2424,64,268,633,14486,2653,778,5860
1006,4254,1006.1571532988429,99526,244,169,345,125,120840,71908,1.9366597672969876,136,95,16785,17226,14423,8134,18065,24249,48545,36063,34132,25260,376,271,1091,3901,13233,44896,2294,83,378,5842,2419,64,268,633,14483,2655,787,5852
1007,4254,1007.3753154930165,99526,247,156,345,125,120876,71932,1.93726262484175,135,91,16899,17322,14372,8146,18000,24158,48545,36063,34141,25278,376,271,1089,3896,13227,44931,2293,83,378,5834,2414,63,268,632,14473,2656,794,5848
1008,4254,1008.1900767665547,99526,234,152,345,125,120898,71957,1.9377348632518137,129,88,16965,17385,14361,8151,17964,24097,48545,36063,34150,25295,376,271,1086,3898,13219,44961,2290,83,379,5822,2412,63,267,632,14471,2654,799,5843
1009,4254,1009.0067204723476,99526,238,154,345,125,120927,71973,1.9381870064103852,125,98,17034,17442,14333,8139,17923,24040,48545,36063,34159,25312,376,271,1085,3895,13207,44988,2290,83,380,5818,2409,63,266,633,14465,2653,801,5843
1010,4254,1010.2351715548232,99526,236,157,345,125,120959,72002,1.9387999115808934,127,95,17166,17549,14282,8127,17842,23945,48545,36063,34167,25328,376,270,1084,3894,13193,45018,2289,83,381,5812,2407,63,266,633,14461,2653,805,5838
1011,4254,1011.0572453935423,99526,240,162,345,125,120988,72023,1.9393022928681953,126,97,17239,17619,14251,8114,17797,23881,48545,36063,34175,25344,376,270,1083,3889,13188,45044,2289,83,383,5805,2404,63,266,632,14455,2653,805,5838
1012,4254,1012.2945039246888,99526,247,155,345,125,121025,72049,1.9399352932901954,125,100,17355,17723,14213,8100,17713,23795,48545,36063,34183,25359,376,270,1080,3889,13179,45074,2286,83,387,5795,2396,63,266,631,14451,2654,811,5835
1013,4254,1013.1224299442644,99526,251,160,345,125,121052,72068,1.9403974840745133,130,106,17441,17786,14173,8101,17658,23720,48545,36063,34190,25374,375,270,1078,3886,13176,45090,2285,84,389,5790,2393,63,265,630,14452,2655,814,5831
1014,4254,1014.3690344446726,99526,251,178,345,125,121095,72105,1.941201294134196,126,94,17523,17892,14152,8077,17601,23632,48545,36063,34197,25388,375,270,1077,3888,13165,45129,2280,84,391,5781,2389,63,264,630,14441,2652,818,5829
1015,4254,1015.2023005128723,99526,243,178,345,125,121122,72124,1.9416634849185137,138,96,17593,17967,14128,8068,17551,23564,48545,36063,34204,25402,375,270,1076,3888,13154,45157,2280,84,390,5769,2388,62,264,630,14438,2653,826,5822
1016,4254,1016.0365627471336,99526,246,187,345,125,121155,72152,1.9422763900890219,149,82,17659,18061,14091,8055,17508,23488,48545,36063,34211,25415,375,270,1076,3888,13150,45183,2276,84,392,5759,2385,62,263,631,14432,2652,827,5821
1017,4254,1017.2818997789611,99526,251,181,345,125,121199,72169,1.9428892952595302,152,95,17784,18174,14039,8040,17427,23383,48545,36063,34218,25428,374,268,1076,3886,13141,45213,2275,85,392,5750,2383,62,263,631,14428,2650,832,5817
1018,4254,1018.1074775050516,99526,244,179,345,125,121227,72190,1.943381628921086,156,97,17856,18238,14016,8037,17381,23322,48545,36063,34224,25441,373,266,1074,3885,13144,45237,2272,86,393,5742,2380,62,263,630,14423,2647,839,5810
1019,4254,1019.3394269101259,99526,249,180,345,125,121284,72212,1.9441753913550228,138,101,17945,18356,14002,8021,17319,23215,48545,36063,34230,25453,371,265,1073,3882,13145,45267,2271,88,393,5729,2377,61,263,630,14419,2642,845,5805
1020,4254,1020.1572734246591,99526,252,170,345,125,121318,72230,1.9446978678938167,139,105,18004,18413,13977,8024,17281,23161,48545,36063,34236,25465,371,265,1072,3879,13137,45298,2271,88,393,5721,2376,61,263,630,14411,2640,854,5796
1021,4254,1021.3788343345162,99526,245,175,345,125,121360,72270,1.9455217732049916,145,105,18098,18514,13948,8025,17217,23054,48545,36063,34242,25476,369,265,1071,3871,13140,45328,2269,90,396,5709,2369,61,263,630,14405,2638,858,5794
1022,4254,1022.189785146244,99526,243,174,345,125,121383,72293,1.9459839639893093,151,102,18175,18593,13909,8009,17175,22995,48545,36063,34248,25487,369,264,1070,3872,13131,45355,2267,90,398,5701,2365,61,263,630,14399,2638,863,5790
1023,4254,1023.400060865851,99526,242,161,345,125,121428,72320,1.9467073930430239,155,99,18285,18729,13875,7999,17096,22885,48545,36063,34253,25498,367,263,1068,3871,13127,45392,2262,92,402,5689,2360,61,262,630,14390,2638,869,5783
1024,4254,1024.2028632248112,99526,238,167,345,125,121451,72343,1.9471695838273415,155,92,18344,18803,13855,7994,17061,22817,48545,36063,34258,25508,367,263,1066,3871,13125,45412,2259,92,402,5682,2359,61,261,630,14385,2638,873,5780
1025,4254,1025.002938061743,99526,250,161,345,125,121487,72360,1.9477021079918815,143,95,18419,18863,13824,7991,17017,22763,48545,36063,34263,25518,366,263,1066,3869,13120,45437,2256,93,405,5676,2356,61,261,630,14377,2637,880,5773
1026,4254,1026.1973967315398,99526,259,163,345,125,121532,72388,1.9484355846713421,143,90,18509,18959,13787,7984,16955,22677,48545,36063,34268,25528,365,263,1066,3869,13117,45461,2252,94,408,5672,2351,60,261,630,14367,2635,885,5770
1027,4254,1027.3855200343914,99525,256,176,346,125,121568,72419,1.949128359708616,153,78,18627,19099,13741,7959,16875,22561,48545,36063,34273,25538,363,262,1065,3875,13110,45482,2245,96,411,5664,2346,60,261,630,14366,2632,888,5769
1028,4254,1028.173531729076,99525,252,176,346,125,121593,72436,1.9495503642300929,168,75,18667,19162,13721,7953,16844,22507,48545,36063,34278,25547,361,261,1063,3877,13109,45501,2244,97,413,5654,2342,60,261,630,14363,2631,892,5766
1029,4254,1029.3516246105519,99524,258,171,347,125,121642,72459,1.950293396567662,157,78,18765,19262,13698,7942,16773,22420,48545,36063,34282,25556,361,261,1061,3875,13104,45533,2240,97,416,5650,2337,59,261,630,14350,2630,897,5762
1030,4254,1030.133751798458,99524,245,167,347,125,121673,72480,1.9508158836059644,155,74,18827,19331,13691,7938,16733,22363,48545,36063,34286,25565,359,260,1058,3875,13095,45565,2236,99,416,5647,2337,59,260,630,14341,2628,903,5756
1031,4254,1031.3021566043521,99524,262,167,347,125,121723,72505,1.951569470680439,152,75,18936,19420,13643,7932,16658,22279,48545,36063,34290,25573,359,260,1056,3869,13097,45593,2235,99,419,5637,2332,59,260,630,14331,2628,909,5751
1032,4254,1032.0774096140715,99524,257,160,347,125,121742,72516,1.9518709055102288,160,84,18989,19484,13621,7932,16624,22213,48545,36063,34294,25581,359,260,1056,3869,13085,45617,2232,99,421,5633,2330,59,260,630,14328,2627,911,5748
1033,4254,1033.2356736075767,99524,270,155,347,125,121789,72541,1.9525943491017241,156,91,19065,19594,13601,7921,16559,22112,48545,36063,34298,25589,359,260,1051,3868,13080,45648,2231,99,425,5630,2325,59,259,629,14315,2627,914,5745
1034,4254,1034.0050933035523,99524,274,153,347,125,121819,72557,1.9530565491740686,154,96,19120,19668,13581,7911,16522,22045,48545,36063,34302,25597,359,260,1050,3865,13084,45666,2230,99,425,5621,2325,59,258,628,14313,2624,916,5742
1035,4254,1035.1550720351286,99524,266,155,347,125,121851,72586,1.953669466661308,172,86,19214,19769,13548,7906,16451,21957,48545,36063,34306,25605,358,260,1048,3863,13080,45693,2226,100,424,5613,2325,59,258,627,14310,2623,923,5734
1036,4254,1036.2992234802564,99524,279,158,347,125,121902,72611,1.954433101563442,164,84,19317,19869,13506,7894,16385,21868,48545,36063,34310,25612,358,259,1046,3863,13076,45718,2222,100,426,5607,2322,59,258,627,14303,2624,928,5728
1037,4254,1037.0585866191323,99524,286,161,347,125,121940,72628,1.9549857320847233,155,83,19381,19926,13482,7883,16347,21820,48545,36063,34314,25619,357,259,1046,3865,13069,45740,2218,101,427,5601,2320,59,258,627,14298,2623,929,5727
1038,4254,1038.1931648736074,99524,292,167,347,125,121986,72660,1.9557694626421767,148,76,19475,20008,13450,7885,16286,21737,48545,36063,34317,25626,356,259,1045,3861,13061,45771,2217,102,429,5596,2318,59,258,627,14288,2621,935,5721
1039,4254,1039.3226742209051,99523,283,159,348,125,122033,72685,1.9565125649347388,147,78,19563,20114,13450,7890,16207,21632,48545,36063,34320,25633,356,259,1044,3861,13057,45803,2213,102,434,5586,2313,59,257,627,14278,2619,942,5713
1040,4254,1040.0727776783885,99523,286,154,348,125,122060,72704,1.9569747696512363,149,72,19615,20178,13432,7895,16168,21574,48545,36063,34323,25640,356,259,1040,3856,13057,45824,2212,102,434,5579,2313,59,257,626,14274,2620,949,5706
1041,4254,1041.1938448352023,99523,273,145,348,125,122096,72723,1.9575274057253098,154,79,19703,20263,13415,7886,16105,21500,48545,36063,34326,25646,354,258,1039,3855,13054,45856,2209,103,434,5573,2312,59,256,626,14262,2619,954,5700
1042,4254,1042.3103108467778,99523,271,136,348,125,122131,72746,1.9581101855852416,150,76,19787,20354,13400,7886,16042,21421,48545,36063,34329,25652,353,258,1038,3851,13054,45886,2207,104,439,5570,2305,58,255,626,14248,2616,957,5698
1043,4254,1043.052090779463,99523,263,138,348,125,122159,72760,1.9585321985872612,146,75,19844,20425,13393,7872,16004,21363,48545,36063,34332,25658,353,257,1038,3847,13052,45904,2206,104,439,5567,2302,58,254,625,14243,2616,962,5696
1044,4254,1044.1608633597928,99523,265,151,348,125,122194,72787,1.9591551701616712,156,71,19914,20514,13360,7856,15955,21281,48545,36063,34335,25664,352,257,1037,3845,13047,45925,2206,105,441,5557,2300,58,254,625,14241,2615,967,5691
1045,4254,1045.2653089674857,99523,266,132,348,125,122235,72802,1.959717854164364,154,79,19992,20608,13344,7854,15894,21200,48545,36063,34338,25670,352,257,1034,3840,13046,45957,2204,105,444,5551,2294,58,253,624,14230,2614,970,5690
1046,4254,1046.3652119421374,99523,277,130,348,125,122290,72820,1.9604513529535885,137,88,20090,20714,13310,7831,15836,21110,48545,36063,34341,25676,350,257,1034,3836,13043,45984,2201,107,448,5547,2289,58,252,624,14220,2612,973,5688
1047,4254,1047.0958179428644,99523,274,131,348,125,122314,72839,1.9608834138842277,136,81,20146,20762,13303,7836,15791,21063,48545,36063,34344,25681,350,256,1034,3835,13038,46004,2200,107,449,5541,2285,58,252,624,14214,2612,975,5689
1048,4254,1048.187727719794,99523,289,124,348,125,122356,72857,1.9614862896013987,140,79,20223,20848,13267,7836,15731,20986,48545,36063,34347,25686,350,256,1033,3833,13043,46021,2198,107,450,5534,2284,58,251,624,14209,2609,981,5682
1049,4254,1049.2753928842278,99523,291,119,348,125,122402,72871,1.9620891653185695,118,89,20313,20929,13253,7821,15675,20915,48545,36063,34350,25691,350,256,1033,3831,13038,46042,2192,107,452,5531,2281,58,251,623,14206,2609,982,5681
1050,4254,1050.3584823072376,99522,279,116,349,125,122434,72893,1.9626514740459395,121,84,20395,21015,13226,7815,15628,20843,48545,36063,34352,25696,349,255,1032,3829,13027,46073,2192,106,454,5527,2279,58,251,622,14198,2607,987,5676
1051,4254,1051.0782510974755,99522,261,119,349,125,122447,72908,1.9629328188742188,130,83,20449,21090,13220,7799,15589,20782,48545,36063,34354,25701,349,255,1032,3824,13027,46091,2190,106,455,5523,2277,58,251,622,14193,2606,988,5675
1052,4254,1052.1543543802889,99522,265,124,349,125,122484,72927,1.963495508530777,119,89,20531,21180,13196,7786,15538,20694,48545,36063,34356,25706,349,255,1030,3823,13016,46115,2187,106,455,5522,2277,58,250,623,14189,2605,991,5671
1053,4254,1053.2262583522936,99522,259,126,349,125,122516,72950,1.964048150157754,115,86,20624,21252,13178,7786,15473,20623,48545,36063,34358,25711,349,255,1030,3823,13017,46136,2183,106,456,5514,2275,58,250,623,14181,2604,996,5666
1054,4254,1054.2930742024357,99522,255,129,349,125,122548,72975,1.9646208878438938,115,88,20717,21333,13151,7781,15411,20542,48545,36063,34360,25716,348,254,1030,3823,13013,46160,2182,107,459,5510,2272,58,250,623,14170,2602,997,5664
1055,4254,1055.001826667196,99522,241,127,349,125,122561,72988,1.9648821366130103,128,86,20768,21385,13147,7774,15365,20501,48545,36063,34362,25720,348,254,1028,3821,13018,46176,2180,107,459,5504,2272,58,250,622,14164,2600,999,5662
1056,4254,1056.061508418639,99522,243,128,349,125,122598,73005,1.9654247302104058,132,88,20856,21462,13123,7761,15295,20434,48545,36063,34364,25724,348,254,1026,3822,13016,46200,2176,107,462,5501,2269,58,250,621,14152,2599,1001,5660
1057,4254,1057.1167510212283,99522,224,136,349,125,122627,73035,1.9660175639557083,133,78,20959,21547,13116,7756,15217,20356,48545,36063,34366,25728,348,254,1026,3821,13015,46226,2173,107,462,5496,2267,58,249,620,14144,2596,1005,5655
1058,4254,1058.1670497498649,99522,226,136,349,125,122657,73054,1.9665099174051968,141,75,21048,21644,13090,7747,15144,20271,48545,36063,34368,25732,347,253,1025,3818,13012,46244,2172,108,465,5492,2264,58,249,620,14140,2595,1006,5654
1059,4254,1059.2129431285255,99522,225,136,349,125,122694,73074,1.9670826550913365,144,73,21135,21730,13071,7735,15074,20199,48545,36063,34370,25736,347,253,1023,3814,13017,46269,2169,108,465,5486,2262,57,249,619,14131,2592,1008,5653
1060,4254,1060.254539691286,99522,225,132,349,125,122729,73089,1.9675850565704065,130,81,21217,21828,13056,7717,15021,20115,48545,36063,34372,25740,347,253,1022,3813,13018,46289,2165,108,468,5481,2258,57,248,619,14124,2592,1009,5651
1061,4254,1061.2920976732337,99522,230,143,349,125,122761,73114,1.9681577942565462,129,76,21293,21918,13029,7693,14968,20043,48545,36063,34374,25744,347,253,1021,3815,13017,46300,2161,108,468,5477,2257,57,248,619,14121,2592,1015,5646
1062,4254,1062.3258593086837,99522,233,136,349,125,122798,73135,1.9687405799722675,124,74,21359,21999,13017,7696,14916,19968,48545,36063,34376,25748,347,253,1021,3812,13024,46320,2159,108,471,5466,2253,56,247,619,14112,2592,1021,5641
1063,4254,1063.0133706763527,99522,233,133,349,125,122817,73147,1.9690520688892907,132,76,21408,22057,12993,7697,14883,19910,48545,36063,34378,25752,347,253,1019,3812,13022,46334,2158,108,472,5463,2251,56,247,618,14108,2591,1025,5638
1064,4254,1064.0414605414676,99522,225,126,349,125,122844,73162,1.9694740861317095,136,84,21472,22130,12970,7689,14846,19844,48545,36063,34380,25756,346,253,1019,3814,13020,46353,2155,109,475,5459,2247,56,247,618,14099,2589,1028,5635
1065,4254,1065.0664252654653,99522,239,129,349,125,122887,73186,1.9701473041136632,126,78,21542,22236,12952,7676,14790,19754,48545,36063,34382,25760,346,253,1018,3815,13021,46370,2152,108,477,5455,2245,56,247,618,14090,2588,1034,5629
1066,4254,1066.088025179026,99521,238,124,350,125,122913,73199,1.9705589775022356,131,85,21625,22321,12916,7673,14738,19670,48545,36063,34384,25763,344,253,1016,3811,13020,46385,2152,110,479,5454,2242,56,246,618,14085,2587,1037,5626
1067,4254,1067.1057293054735,99521,241,129,350,125,122946,73227,1.9711719134654997,123,79,21715,22389,12885,7675,14684,19601,48545,36063,34386,25766,344,253,1016,3809,13007,46415,2151,110,480,5451,2241,56,246,617,14076,2586,1042,5621
1068,4254,1068.119205393495,99521,239,133,350,125,122974,73245,1.9716341274705842,124,77,21795,22483,12855,7650,14635,19530,48545,36063,34388,25769,344,253,1013,3806,13009,46431,2149,110,480,5448,2241,56,246,617,14069,2586,1045,5618
1069,4254,1069.128903511606,99521,226,137,350,125,122998,73268,1.9721063896062139,124,76,21901,22551,12818,7639,14579,19470,48545,36063,34390,25772,344,252,1012,3807,13002,46460,2146,110,481,5444,2239,56,246,617,14059,2584,1047,5615
1070,4254,1070.134198134564,99521,228,138,350,125,123031,73288,1.9726389405251152,121,74,21970,22638,12812,7623,14517,19400,48545,36063,34392,25775,344,252,1011,3808,12999,46478,2141,110,482,5441,2237,56,246,614,14055,2584,1050,5613
1071,4254,1071.136012891485,99521,218,136,350,125,123059,73311,1.9731513951829263,123,68,22037,22717,12804,7614,14466,19338,48545,36063,34394,25778,343,252,1010,3801,13002,46503,2141,111,483,5438,2236,56,245,615,14042,2581,1055,5607
1072,4254,1072.134969883645,99521,222,141,350,125,123093,73333,1.9737140904934638,117,64,22122,22792,12778,7608,14409,19268,48545,36063,34396,25781,343,251,1008,3798,13000,46524,2140,111,483,5436,2234,56,245,615,14034,2580,1057,5606
1073,4254,1073.1303218441205,99521,204,143,350,125,123114,73353,1.9741260638458216,124,61,22204,22868,12768,7598,14348,19203,48545,36063,34398,25784,342,251,1006,3795,13002,46545,2138,112,485,5430,2232,55,245,615,14026,2580,1058,5604
1074,4254,1074.1220997214914,99521,194,133,350,125,123132,73364,1.9744174596316355,128,70,22263,22931,12763,7599,14300,19140,48545,36063,34399,25787,341,250,1006,3793,13003,46565,2137,113,486,5426,2231,55,244,615,14017,2578,1061,5600
1075,4254,1075.1112687175194,99521,205,140,350,125,123171,73382,1.9749902030727182,113,67,22337,23019,12752,7587,14241,19060,48545,36063,34400,25790,341,250,1004,3792,13000,46579,2135,113,486,5424,2230,55,244,614,14014,2578,1065,5597
1076,4254,1076.0973023172676,99521,196,130,350,125,123194,73393,1.975331839511259,112,76,22417,23106,12738,7574,14185,18987,48545,36063,34401,25793,340,250,1003,3789,13004,46592,2132,114,488,5418,2228,55,244,614,14010,2578,1068,5594
1077,4254,1077.079892275504,99521,207,131,350,125,123227,73412,1.975854342299615,110,75,22482,23181,12700,7572,14149,18914,48545,36063,34402,25796,340,250,1002,3790,13007,46605,2130,114,490,5413,2225,55,243,614,14002,2578,1072,5591
1078,4254,1078.0593713834228,99521,204,125,350,125,123255,73432,1.9763366525657902,107,68,22553,23246,12691,7573,14093,18861,48545,36063,34403,25799,340,250,1001,3787,13015,46621,2128,114,491,5404,2222,55,242,614,13998,2576,1076,5587
1079,4254,1079.0356963896556,99521,208,125,350,125,123287,73450,1.9768390590930558,100,62,22621,23319,12666,7566,14053,18801,48545,36063,34404,25802,340,248,1000,3790,13009,46642,2126,114,497,5401,2216,55,241,614,13990,2575,1079,5584
1080,4254,1080.0092931448337,99520,206,123,351,125,123316,73460,1.9772508038585208,86,68,22709,23393,12638,7545,14008,18744,48545,36063,34405,25805,339,248,1000,3790,13008,46661,2123,114,497,5398,2215,55,240,614,13980,2574,1081,5583
1081,4254,1081.3022114062778,99520,200,135,351,125,123340,73486,1.9777532154340836,103,54,22809,23486,12597,7529,13938,18669,48545,36063,34406,25808,339,248,1000,3789,13003,46677,2120,114,500,5396,2211,55,240,614,13977,2573,1083,5581
1082,4254,1082.2680868020914,99520,189,135,351,125,123358,73502,1.9780948553054662,117,56,22887,23544,12571,7527,13883,18611,48545,36063,34407,25810,339,248,1000,3787,12993,46696,2119,114,503,5395,2208,54,240,614,13973,2573,1086,5578
1083,4254,1083.230626473984,99520,187,128,351,125,123386,73513,1.9784867363344052,118,63,22965,23614,12544,7522,13833,18546,48545,36063,34408,25812,339,248,1000,3784,12993,46716,2118,114,504,5389,2205,54,240,614,13966,2572,1089,5575
1084,4254,1084.1899679228377,99520,184,124,351,125,123416,73531,1.9789690514469453,109,65,23035,23687,12532,7514,13787,18483,48545,36063,34409,25814,339,247,1000,3782,12992,46741,2114,114,505,5387,2203,54,240,613,13955,2572,1091,5571
1085,4254,1085.146369269369,99520,185,121,351,125,123439,73544,1.9793307877813504,107,70,23110,23746,12505,7506,13740,18430,48545,36063,34410,25816,339,247,999,3781,12990,46755,2113,114,507,5385,2201,54,240,612,13952,2569,1092,5570
1086,4254,1086.099686689382,99519,192,132,352,125,123463,73570,1.9798530933791538,117,54,23190,23835,12464,7490,13683,18362,48545,36063,34411,25818,339,247,999,3783,12982,46769,2111,114,507,5385,2201,54,240,612,13947,2569,1096,5564
1087,4254,1087.0495595751454,99519,192,131,352,125,123487,73584,1.9802349300133644,110,58,23266,23910,12444,7474,13634,18300,48545,36063,34412,25820,339,247,999,3783,12978,46782,2110,113,508,5384,2199,54,240,612,13941,2569,1098,5563
1088,4254,1088.311758328464,99519,191,136,352,125,123524,73605,1.9808177332971593,115,61,23346,24001,12422,7456,13572,18219,48545,36063,34413,25822,339,246,999,3776,12982,46796,2107,113,510,5381,2196,54,240,612,13937,2569,1099,5563
1089,4254,1089.255286846587,99519,195,127,352,125,123550,73619,1.9812196665963284,114,68,23416,24085,12388,7452,13533,18141,48545,36063,34414,25824,338,246,999,3777,12983,46816,2103,114,511,5378,2195,54,239,611,13927,2568,1101,5559
1090,4254,1090.1959011564368,99519,199,129,352,125,123576,73633,1.9816215998954974,114,68,23478,24157,12361,7442,13494,18077,48545,36063,34415,25826,338,246,999,3776,12980,46834,2102,114,512,5376,2193,54,239,611,13918,2566,1102,5559
1091,4254,1091.133923956513,99519,194,130,352,125,123597,73648,1.9819833398647495,111,74,23547,24235,12343,7433,13451,18001,48545,36063,34416,25828,336,245,999,3777,12977,46847,2101,116,513,5373,2192,53,239,611,13915,2566,1105,5554
1092,4254,1092.0691931178371,99518,205,134,352,126,123627,73669,1.9825157257983481,105,72,23617,24300,12322,7426,13397,17940,48545,36063,34417,25830,336,245,998,3775,12975,46861,2101,116,514,5370,2191,53,239,611,13910,2565,1111,5547
1093,4254,1093.0017068522573,99518,195,130,352,126,123643,73685,1.9828372756687231,121,76,23675,24368,12305,7423,13350,17875,48545,36063,34418,25832,336,245,996,3771,12973,46880,2100,116,516,5366,2189,53,239,610,13907,2563,1117,5541
1094,4254,1094.2414643011268,99518,196,130,352,126,123682,73707,1.983450230109126,107,72,23755,24464,12292,7419,13296,17787,48545,36063,34419,25834,336,244,994,3770,12976,46897,2096,115,516,5364,2188,53,239,609,13901,2563,1124,5533
