,indexID,time,N,Inf_L,Inf_H,Dead_L,Dead_H,cum_cases_L,cum_cases_H,cum_sum_per_N,Exposed_L,Exposed_H,Sus_L,Sus_H,Rec_nat_L,Rec_nat_H,Rec_vax_L,Rec_vax_H,vaccinatedH,vaccinatedL,boostedH,boostedL,count_Naive,count_Delta,count_Delta_vaccine,count_two,count_three,count_four,count_Omicron,count_Omicron_star,count_Omicron_star_vaccine,count_Omicron_vaccine,count_Vaccine,count_WT,count_WT_vaccine,count_WT_vaccine_boost,count_Omicron_vaccine_boost,count_Delta_vaccine_boost,count_Omicron_star_vaccine_boost,count_Vaccine_boost
0,4133,1.317738721328656,99996,6,7,0,0,6,7,0.00013000520020800833,20,20,49972,49971,0,0,0,0,0,0,0,0,99996,0,0,0,0,0,0,0,0,0,0,0,0,0,0,0,0,0
1,4133,2.0316798688405684,99996,7,9,0,0,8,9,0.00017000680027201088,19,18,49971,49971,1,0,0,0,0,0,0,0,99995,0,0,0,0,0,0,0,0,0,0,1,0,0,0,0,0,0
2,4133,3.0186225319653546,99996,9,15,0,0,12,15,0.00027001080043201727,18,14,49968,49969,3,0,0,0,0,0,0,0,99993,0,0,0,0,0,0,0,0,0,0,3,0,0,0,0,0,0
3,4133,4.010318595116312,99996,9,16,0,0,15,18,0.0003300132005280211,16,12,49967,49968,6,2,0,0,0,0,0,0,99988,0,0,0,0,0,0,0,0,0,0,8,0,0,0,0,0,0
4,4133,5.026285279913566,99996,11,14,0,0,21,19,0.0004000160006400256,15,13,49962,49966,10,5,0,0,0,0,0,0,99981,0,0,0,0,0,0,0,0,0,0,15,0,0,0,0,0,0
5,4133,6.109326489646849,99996,14,15,0,0,24,22,0.00046001840073602946,13,10,49961,49966,10,7,0,0,0,0,0,0,99979,0,0,0,0,0,0,0,0,0,0,17,0,0,0,0,0,0
6,4133,7.015953021801539,99996,19,13,0,0,29,22,0.0005100204008160326,15,14,49954,49962,10,9,0,0,0,0,0,0,99977,0,0,0,0,0,0,0,0,0,0,19,0,0,0,0,0,0
7,4133,8.023564523464096,99996,17,15,0,0,33,26,0.0005900236009440378,13,14,49952,49958,16,11,0,0,0,0,0,0,99969,0,0,0,0,0,0,0,0,0,0,27,0,0,0,0,0,0
8,4133,9.008089880364764,99996,21,19,0,0,39,31,0.0007000280011200448,11,11,49948,49956,18,12,0,0,0,0,0,0,99966,0,0,0,0,0,0,0,0,0,0,30,0,0,0,0,0,0
9,4133,10.126314602337471,99996,22,21,0,0,44,36,0.0008000320012800512,17,9,49937,49953,22,15,0,0,0,0,0,0,99959,0,0,0,0,0,0,0,0,0,0,37,0,0,0,0,0,0
10,4133,11.143966398643347,99996,24,21,0,0,51,38,0.000890035601424057,16,12,49931,49948,27,17,0,0,0,0,0,0,99952,0,0,0,0,0,0,0,0,0,0,44,0,0,0,0,0,0
11,4133,12.068278377879247,99996,26,26,0,0,56,43,0.0009900396015840634,18,11,49924,49944,30,17,0,0,0,0,0,0,99949,0,0,0,0,0,0,0,0,0,0,47,0,0,0,0,0,0
12,4133,13.024494716496958,99996,28,26,0,0,66,47,0.0011300452018080723,13,12,49919,49939,38,21,0,0,0,0,0,0,99937,0,0,0,0,0,0,0,0,0,0,59,0,0,0,0,0,0
13,4133,14.032743208784897,99996,30,28,0,0,70,53,0.0012300492019680787,16,9,49913,49936,39,25,0,0,0,0,0,0,99931,0,0,0,0,0,0,0,0,0,0,65,0,0,0,0,0,0
14,4133,15.061951132448856,99996,32,30,0,0,76,58,0.0013400536021440858,21,9,49903,49931,42,28,0,0,0,0,0,0,99924,0,0,0,0,0,0,0,0,0,0,72,0,0,0,0,0,0
15,4133,16.177863664242867,99996,35,24,0,0,85,58,0.0014300572022880914,26,11,49889,49929,48,34,0,0,0,0,0,0,99912,0,0,0,0,0,0,0,0,0,0,84,0,0,0,0,0,0
16,4133,17.217621415987182,99996,38,25,0,0,92,61,0.0015300612024480979,26,11,49882,49926,52,36,0,0,0,0,0,0,99906,0,0,0,0,0,0,0,0,0,0,90,0,0,0,0,0,0
17,4133,18.066842234155523,99996,41,28,0,0,99,65,0.001640065602624105,24,12,49877,49921,56,37,0,0,0,0,0,0,99901,0,0,0,0,0,0,0,0,0,0,95,0,0,0,0,0,0
18,4133,19.199810230073723,99996,38,26,0,0,102,68,0.0017000680027201088,27,12,49871,49918,62,42,0,0,0,0,0,0,99890,0,0,0,0,0,0,0,0,0,0,106,0,0,0,0,0,0
19,4133,20.08360986989105,99996,40,24,0,0,108,71,0.0017900716028641146,25,12,49867,49915,66,47,0,0,0,0,0,0,99881,0,0,0,0,0,0,0,0,0,0,115,0,0,0,0,0,0
20,4133,21.29491519715946,99996,40,24,0,0,116,72,0.0018800752030081202,22,14,49862,49912,74,48,0,0,0,0,0,0,99872,0,0,0,0,0,0,0,0,0,0,124,0,0,0,0,0,0
21,4133,22.115108895781102,99996,37,26,0,0,122,74,0.0019600784031361253,18,15,49860,49909,83,48,0,0,0,0,0,0,99863,0,0,0,0,0,0,0,0,0,0,133,0,0,0,0,0,0
22,4133,23.11668835144556,99996,35,22,0,0,125,76,0.0020100804032161285,26,13,49849,49909,88,54,0,0,0,0,0,0,99852,0,0,0,0,0,0,0,0,0,0,144,0,0,0,0,0,0
23,4133,24.05877197447509,99996,31,20,0,0,127,80,0.0020700828033121325,29,10,49844,49908,94,60,0,0,0,0,0,0,99840,0,0,0,0,0,0,0,0,0,0,156,0,0,0,0,0,0
24,4133,25.07862439359801,99996,32,21,0,0,136,84,0.002200088003520141,27,12,49838,49902,101,63,0,0,0,0,0,0,99829,0,0,0,0,0,0,0,0,0,0,167,0,0,0,0,0,0
25,4133,26.1810792965964,99996,26,19,0,0,140,86,0.0022600904036161446,25,12,49836,49900,111,67,0,0,0,0,0,0,99815,0,0,0,0,0,0,0,0,0,0,181,0,0,0,0,0,0
26,4133,27.151677461945113,99996,31,21,0,0,148,89,0.002370094803792152,23,14,49830,49895,114,68,0,0,0,0,0,0,99811,0,0,0,0,0,0,0,0,0,0,185,0,0,0,0,0,0
27,4133,28.012290743926496,99996,29,18,0,0,151,90,0.0024100964038561543,26,15,49825,49893,118,72,0,0,0,0,0,0,99802,0,0,0,0,0,0,0,0,0,0,194,0,0,0,0,0,0
28,4133,29.12144535902349,99996,35,23,0,0,162,96,0.002580103204128165,27,15,49813,49887,123,73,0,0,0,0,0,0,99796,0,0,0,0,0,0,0,0,0,0,200,0,0,0,0,0,0
29,4133,30.189250658425618,99996,39,20,0,0,174,97,0.0027101084043361736,24,18,49805,49884,130,76,0,0,0,0,0,0,99784,0,0,0,0,0,0,0,0,0,0,212,0,0,0,0,0,0
30,4133,31.27443301539072,99996,41,23,0,0,179,101,0.0028001120044801792,26,18,49798,49880,133,77,0,0,0,0,0,0,99780,0,0,0,0,0,0,0,0,0,0,216,0,0,0,0,0,0
31,4133,32.162290566091514,99996,40,24,0,0,184,107,0.002910116404656186,30,16,49789,49876,139,82,0,0,0,0,0,0,99769,0,0,0,0,0,0,0,0,0,0,227,0,0,0,0,0,0
32,4133,33.002251587197506,99996,38,27,0,0,190,114,0.0030401216048641946,29,12,49784,49874,147,85,0,0,0,0,0,0,99757,0,0,0,0,0,0,0,0,0,0,239,0,0,0,0,0,0
33,4133,34.18464969981978,99996,40,23,0,0,196,117,0.0031301252050082,32,18,49776,49866,150,91,0,0,0,0,0,0,99746,0,0,0,0,0,0,0,0,0,0,250,0,0,0,0,0,0
34,4133,35.005386485910805,99996,37,17,0,0,200,118,0.0031801272050882034,32,18,49772,49865,157,98,0,0,0,0,0,0,99732,0,0,0,0,0,0,0,0,0,0,264,0,0,0,0,0,0
35,4133,36.11215027769131,99996,40,17,0,0,206,119,0.003250130005200208,29,20,49771,49862,158,99,0,0,0,0,0,0,99728,0,0,0,0,0,0,0,0,0,0,268,0,0,0,0,0,0
36,4133,37.09328820388553,99996,38,16,0,0,211,124,0.0033501340053602143,27,19,49768,49858,165,105,0,0,0,0,0,0,99716,0,0,1,0,0,0,0,0,0,0,279,0,0,0,0,0,0
37,4133,38.084842143579515,99996,36,15,0,0,217,125,0.0034201368054722187,29,21,49760,49855,173,107,0,0,0,0,0,0,99706,0,0,1,0,0,0,0,0,0,0,289,0,0,0,0,0,0
38,4133,39.1694114640337,99996,36,17,0,0,225,131,0.003560142405696228,31,19,49750,49851,181,111,0,0,0,0,0,0,99694,0,0,1,0,0,0,0,0,0,0,301,0,0,0,0,0,0
39,4133,40.13956396026347,99996,46,20,0,0,237,136,0.003730149205968239,23,18,49746,49848,183,112,0,0,0,0,0,0,99690,0,0,1,0,0,0,0,0,0,0,305,0,0,0,0,0,0
40,4133,41.314352543228644,99996,41,20,0,0,242,138,0.0038001520060802433,26,22,49739,49843,192,113,0,0,0,0,0,0,99678,0,0,1,0,0,0,0,0,0,0,317,0,0,0,0,0,0
41,4133,42.30675676762108,99996,35,26,0,0,243,146,0.003890155606224249,34,16,49730,49841,199,115,0,0,0,0,0,0,99669,0,0,1,0,0,0,0,0,0,0,326,0,0,0,0,0,0
42,4133,43.21979799637266,99996,32,27,0,0,248,149,0.003970158806352254,35,15,49724,49839,207,117,0,0,0,0,0,0,99659,0,0,1,0,0,0,0,0,0,0,336,0,0,0,0,0,0
43,4133,44.25126298857446,99996,36,25,0,0,257,150,0.00407016280651226,30,16,49721,49837,211,120,0,0,0,0,0,0,99651,0,0,1,0,0,0,0,0,0,0,344,0,0,0,0,0,0
44,4133,45.10465328596848,99995,35,27,1,0,260,154,0.004140207010350517,31,14,49718,49835,213,122,0,0,0,0,0,0,99645,0,0,1,0,0,0,0,0,0,0,349,0,0,0,0,0,0
45,4133,46.12402274015791,99994,40,27,1,1,268,156,0.004240254415264916,26,15,49716,49832,215,123,0,0,0,0,0,0,99640,0,0,1,0,0,0,0,0,0,0,353,0,0,0,0,0,0
46,4133,47.09064048976139,99994,49,27,1,1,282,160,0.004420265215912955,29,16,49699,49828,220,126,0,0,0,0,0,0,99631,0,0,1,0,0,0,0,0,0,0,362,0,0,0,0,0,0
47,4133,48.086218431477825,99994,51,26,1,1,287,162,0.0044902694161649695,29,16,49694,49827,223,128,0,0,0,0,0,0,99625,0,0,1,0,0,0,0,0,0,0,368,0,0,0,0,0,0
48,4133,49.08305289016069,99994,51,24,1,1,296,167,0.004630277816669,31,16,49686,49822,229,135,0,0,0,0,0,0,99609,0,0,1,0,0,0,0,0,0,0,384,0,0,0,0,0,0
49,4133,50.036751416005444,99994,53,26,1,1,302,172,0.004740284417065024,33,15,49680,49818,231,138,0,0,0,0,0,0,99602,0,0,1,0,0,0,0,0,0,0,391,0,0,0,0,0,0
50,4133,51.17641832059525,99994,52,24,1,1,311,175,0.00486029161749705,35,15,49669,49816,241,142,0,0,0,0,0,0,99587,0,0,1,0,0,0,0,0,0,0,406,0,0,0,0,0,0
51,4133,52.038431823081574,99994,53,24,1,1,316,177,0.004930295817749065,35,14,49664,49815,245,144,0,0,0,0,0,0,99581,0,0,1,0,0,0,0,0,0,0,412,0,0,0,0,0,0
52,4133,53.047616100671185,99994,55,23,1,1,329,179,0.005080304818289097,35,16,49651,49812,256,146,0,0,0,0,0,0,99567,0,0,1,0,0,0,0,0,0,0,426,0,0,0,0,0,0
53,4133,54.047425293167834,99992,47,26,3,1,339,183,0.005220417633410673,34,15,49643,49809,271,147,0,0,0,0,0,0,99548,0,0,1,0,0,0,0,0,0,0,443,0,0,0,0,0,0
54,4133,55.17283439541755,99992,45,28,3,1,346,186,0.005320425634050724,34,16,49637,49805,279,148,0,0,0,0,0,0,99538,0,0,1,0,0,0,0,0,0,0,453,0,0,0,0,0,0
55,4133,56.27044370758716,99991,40,26,4,1,356,190,0.0054604914442299805,29,15,49633,49803,292,153,0,0,0,0,0,0,99517,0,0,1,0,0,0,0,0,0,0,473,0,0,0,0,0,0
56,4133,57.25086663025287,99991,43,28,4,1,364,195,0.005590503145283076,27,12,49628,49801,296,156,0,0,0,0,0,0,99509,0,0,1,0,0,0,0,0,0,0,481,0,0,0,0,0,0
57,4133,58.08139905127058,99991,43,27,4,1,373,198,0.005710513946255163,26,10,49620,49801,305,159,0,0,0,0,0,0,99496,0,0,1,0,0,0,0,0,0,0,494,0,0,0,0,0,0
58,4133,59.0878438562195,99991,39,26,4,1,377,201,0.005780520246822214,35,10,49608,49798,312,163,0,0,0,0,0,0,99484,0,0,1,0,0,0,0,0,0,0,506,0,0,0,0,0,0
59,4133,60.01377185968358,99991,46,23,4,1,388,202,0.005900531047794301,35,11,49598,49797,315,166,0,0,0,0,0,0,99476,0,0,1,0,0,0,0,0,0,0,514,0,0,0,0,0,0
60,4133,61.115264452010344,99991,41,24,4,1,394,207,0.006010540948685382,38,10,49593,49794,322,169,0,0,0,0,0,0,99461,0,0,1,0,0,0,0,0,0,0,529,0,0,0,0,0,0
61,4133,62.15789043853332,99991,46,20,4,1,405,208,0.0061305517496574695,30,10,49591,49793,327,174,0,0,0,0,0,0,99450,0,0,1,0,0,0,0,0,0,0,540,0,0,0,0,0,0
62,4133,63.005916829370435,99991,45,20,4,1,409,209,0.006180556250062506,33,12,49585,49790,331,175,0,0,0,0,0,0,99444,0,0,1,0,0,0,0,0,0,0,546,0,0,0,0,0,0
63,4133,64.13819071394546,99991,47,18,4,1,418,212,0.006300567051034593,28,16,49581,49785,338,178,0,0,0,0,0,0,99432,0,0,1,0,0,0,0,0,0,0,558,0,0,0,0,0,0
64,4133,65.17003613061108,99991,45,17,4,1,422,214,0.006360572451520637,28,16,49578,49783,343,181,0,0,0,0,0,0,99423,0,0,1,0,0,0,0,0,0,0,567,0,0,0,0,0,0
65,4133,66.27603945264458,99991,43,19,4,1,430,220,0.006500585052654739,28,16,49574,49777,349,185,0,0,0,0,0,0,99409,0,0,1,0,0,0,0,0,0,0,581,0,0,0,0,0,0
66,4133,67.01763730459554,99991,44,23,4,1,435,225,0.006600594053464812,27,13,49572,49776,351,185,0,0,0,0,0,0,99404,0,0,1,0,0,0,0,0,0,0,586,0,0,0,0,0,0
67,4133,68.16162887780114,99990,47,19,5,1,442,229,0.0067106710671067105,24,13,49569,49772,353,193,0,0,0,0,0,0,99392,0,0,1,0,0,0,0,0,0,0,597,0,0,0,0,0,0
68,4133,69.21538415555365,99990,47,22,5,1,447,237,0.006840684068406841,27,9,49562,49768,357,198,0,0,0,0,0,0,99382,0,0,1,0,0,0,0,0,0,0,607,0,0,0,0,0,0
69,4133,70.29037205674891,99990,45,22,5,1,456,239,0.00695069506950695,26,10,49555,49766,367,199,0,0,0,0,0,0,99369,0,0,1,0,0,0,0,0,0,0,620,0,0,0,0,0,0
70,4133,71.13430264391802,99989,43,25,6,1,461,244,0.007050775585314384,31,12,49545,49759,373,201,0,0,0,0,0,0,99360,0,0,1,0,0,0,0,0,0,0,628,0,0,0,0,0,0
71,4133,72.28901788106181,99989,33,24,6,1,466,249,0.0071507865865245174,34,11,49538,49755,387,207,0,0,0,0,0,0,99339,0,0,1,0,0,0,0,0,0,0,649,0,0,0,0,0,0
72,4133,73.0224350334248,99988,37,25,7,1,475,253,0.007280873704844581,35,11,49529,49753,390,208,0,0,0,0,0,0,99331,0,0,1,0,0,0,0,0,0,0,656,0,0,0,0,0,0
73,4133,74.32371925589834,99988,39,23,7,1,480,255,0.007350882105852702,38,13,49523,49750,391,211,0,0,0,0,0,0,99324,0,0,1,0,0,0,0,0,0,0,663,0,0,0,0,0,0
74,4133,75.27825807840638,99988,47,20,7,1,492,255,0.00747089650758091,33,15,49517,49749,394,213,0,0,0,0,0,0,99317,0,0,1,0,0,0,0,0,0,0,670,0,0,0,0,0,0
75,4133,76.06058642708722,99988,47,21,7,1,496,258,0.007540904908589031,30,13,49517,49751,397,212,0,0,0,0,0,0,99312,0,0,2,0,0,0,0,0,0,0,674,0,0,0,0,0,0
76,4133,77.1223289031498,99988,48,20,7,1,504,260,0.007640916910029203,31,15,49508,49747,404,215,0,0,0,0,0,0,99302,0,0,2,0,0,0,0,0,0,0,684,0,0,0,0,0,0
77,4133,78.04884571174179,99988,45,19,7,1,511,263,0.007740928911469377,32,16,49502,49744,412,218,0,0,0,0,0,0,99288,0,0,2,0,0,0,0,0,0,0,698,0,0,0,0,0,0
78,4133,79.02824342423212,99988,48,17,7,1,519,265,0.00784094091290955,32,16,49494,49742,417,222,0,0,0,0,0,0,99279,0,0,2,0,0,0,0,0,0,0,707,0,0,0,0,0,0
79,4133,80.06619263069736,99988,48,20,7,1,527,270,0.007970956514781774,27,13,49491,49740,425,224,0,0,0,0,0,0,99269,0,0,2,0,0,0,0,0,0,0,717,0,0,0,0,0,0
80,4133,81.0422713783293,99988,49,21,7,1,534,276,0.008100972116653999,29,11,49484,49737,429,228,0,0,0,0,0,0,99258,0,0,2,0,0,0,0,0,0,0,728,0,0,0,0,0,0
81,4133,82.1194944476428,99988,43,24,7,1,537,281,0.008180981717806136,33,11,49477,49734,438,228,0,0,0,0,0,0,99247,0,0,2,0,0,0,0,0,0,0,739,0,0,0,0,0,0
82,4133,83.28471081458103,99988,43,21,7,1,546,284,0.008300996119534344,30,9,49471,49735,447,232,0,0,0,0,0,0,99232,0,0,2,0,0,0,0,0,0,0,754,0,0,0,0,0,0
83,4133,84.2777290565455,99988,44,21,7,1,555,286,0.008411009321118535,27,10,49465,49732,455,234,0,0,0,0,0,0,99222,0,0,2,0,0,0,0,0,0,0,764,0,0,0,0,0,0
84,4133,85.17505648915548,99988,47,18,7,1,561,287,0.008481017722126656,24,11,49463,49731,457,237,0,0,0,0,0,0,99215,0,0,2,0,0,0,0,0,0,0,771,0,0,0,0,0,0
85,4133,86.04237116728015,99988,48,16,7,1,565,290,0.008551026123134776,25,10,49459,49730,459,241,0,0,0,0,0,0,99207,0,0,2,0,0,0,0,0,0,0,779,0,0,0,0,0,0
86,4133,87.08641288312307,99988,52,14,7,1,575,292,0.008671040524862984,19,11,49459,49728,461,244,0,0,0,0,0,0,99197,0,0,2,0,0,0,0,0,0,0,789,0,0,0,0,0,0
87,4133,88.16668446829263,99988,55,14,7,1,584,293,0.008771052526303157,19,13,49450,49726,467,244,0,0,0,0,0,0,99190,0,0,2,0,0,0,0,0,0,0,796,0,0,0,0,0,0
88,4133,89.08407213041394,99988,57,18,7,1,587,298,0.008851062127455294,20,11,49450,49723,464,245,0,0,0,0,0,0,99188,0,0,2,0,0,0,0,0,0,0,798,0,0,0,0,0,0
89,4133,90.04258769674409,99988,56,13,7,1,594,298,0.008921070528463415,22,14,49442,49721,471,249,0,0,0,0,0,0,99175,0,0,2,0,0,0,0,0,0,0,811,0,0,0,0,0,0
90,4133,91.01499018754332,99988,60,13,7,1,602,300,0.009021082529903588,16,14,49442,49719,473,251,0,0,0,0,0,0,99169,0,0,2,0,0,0,0,0,0,0,817,0,0,0,0,0,0
91,4133,92.11572860728967,99988,58,13,7,1,607,302,0.00909109093091171,19,14,49437,49717,477,253,0,0,0,0,0,0,99160,0,0,2,0,0,0,0,0,0,0,826,0,0,0,0,0,0
92,4133,93.07256558119519,99988,54,14,7,1,615,304,0.009191102932351883,22,16,49429,49713,486,254,0,0,0,0,0,0,99147,0,0,2,0,0,0,0,0,0,0,839,0,0,0,0,0,0
93,4133,94.09788495082574,99987,51,18,8,1,620,308,0.00928120655685239,18,14,49429,49711,492,254,0,0,0,0,0,0,99139,0,0,2,0,0,0,0,0,0,0,846,0,0,0,0,0,0
94,4133,95.04750753649225,99987,53,19,8,1,627,311,0.009381219558542611,18,12,49425,49713,494,253,0,0,0,0,0,0,99133,0,0,3,0,0,0,0,0,0,0,851,0,0,0,0,0,0
95,4133,96.1251507546907,99987,50,19,8,1,634,314,0.00948123256023283,23,13,49416,49711,501,254,0,0,0,0,0,0,99120,0,0,3,0,0,0,0,0,0,0,864,0,0,0,0,0,0
96,4133,97.05697077896173,99987,53,24,8,1,639,322,0.009611249462430116,29,10,49408,49708,500,255,0,0,0,0,0,0,99115,0,0,3,0,0,0,0,0,0,0,869,0,0,0,0,0,0
97,4133,98.07455846536611,99987,56,18,8,1,651,324,0.009751267664796424,28,9,49398,49707,508,263,0,0,0,0,0,0,99098,0,0,3,0,0,0,0,0,0,0,886,0,0,0,0,0,0
98,4133,99.02303363335395,99987,53,17,8,1,652,327,0.009791272865472512,32,8,49393,49705,512,267,0,0,0,0,0,0,99090,0,0,3,0,0,0,0,0,0,0,894,0,0,0,0,0,0
99,4133,100.08711600858122,99987,57,16,8,1,661,328,0.009891285867162732,28,12,49389,49700,516,269,0,0,0,0,0,0,99083,0,0,3,0,0,0,0,0,0,0,901,0,0,0,0,0,0
100,4133,101.14916791519765,99987,51,16,8,1,668,331,0.00999129886885295,29,15,49384,49694,526,272,0,0,0,0,0,0,99068,0,0,4,0,0,0,0,0,0,0,915,0,0,0,0,0,0
101,4133,102.23375221529275,99987,54,16,8,1,680,334,0.010141318371388281,25,19,49379,49689,532,273,0,0,0,0,0,0,99056,0,0,4,0,0,0,0,0,0,0,927,0,0,0,0,0,0
102,4133,103.01552109063937,99987,54,20,8,1,684,339,0.010231330072909479,26,15,49376,49689,534,273,0,0,0,0,0,0,99051,0,0,4,0,0,0,0,0,0,0,932,0,0,0,0,0,0
103,4133,104.06801333967883,99987,51,22,8,1,690,344,0.01034134437476872,29,16,49370,49683,540,276,0,0,0,0,0,0,99039,0,0,4,0,0,0,0,0,0,0,944,0,0,0,0,0,0
104,4133,105.08077825687805,99987,52,22,8,1,698,348,0.010461359976796984,24,17,49367,49679,547,279,0,0,0,0,0,0,99028,0,0,4,0,0,0,0,0,0,0,955,0,0,0,0,0,0
105,4133,106.02661699555685,99987,46,23,8,1,704,351,0.010551371678318181,27,20,49358,49675,559,279,0,0,0,0,0,0,99014,0,0,4,0,0,0,0,0,0,0,969,0,0,0,0,0,0
106,4133,107.05530801726873,99987,48,25,8,1,712,356,0.010681388580515467,26,18,49352,49673,564,281,0,0,0,0,0,0,99005,0,0,4,0,0,0,0,0,0,0,978,0,0,0,0,0,0
107,4133,108.03985897788085,99987,49,27,8,1,718,362,0.01080140418254373,27,17,49347,49670,567,283,0,0,0,0,0,0,98996,0,0,4,0,0,0,0,0,0,0,987,0,0,0,0,0,0
108,4133,109.19843959985691,99987,51,27,8,1,726,368,0.010941422384910039,28,18,49341,49663,570,289,0,0,0,0,0,0,98984,0,0,4,0,0,0,0,0,0,0,999,0,0,0,0,0,0
109,4133,110.11608980729497,99987,54,32,8,1,735,374,0.011091441887445368,25,20,49337,49656,574,289,0,0,0,0,0,0,98977,0,0,4,0,0,0,0,0,0,0,1006,0,0,0,0,0,0
110,4133,111.10563084061299,99986,59,36,9,1,747,380,0.01127157802092293,18,18,49332,49652,580,291,0,0,0,0,0,0,98968,0,0,4,0,0,0,0,0,0,0,1014,0,0,0,0,0,0
111,4133,112.22895319325245,99986,60,32,9,1,751,383,0.011341587822295121,28,18,49322,49649,579,298,0,0,0,0,0,0,98958,0,0,4,0,0,0,0,0,0,0,1024,0,0,0,0,0,0
112,4133,113.04816895376544,99986,66,31,9,1,761,386,0.011471606024843478,29,20,49312,49645,582,301,0,0,0,0,0,0,98950,0,0,4,0,0,0,0,0,0,0,1032,0,0,0,0,0,0
113,4133,114.1271169953719,99986,63,33,9,1,765,391,0.011561618626607725,33,19,49306,49644,587,301,0,0,0,0,0,0,98940,0,0,4,0,0,0,0,0,0,0,1042,0,0,0,0,0,0
114,4133,115.14439003214919,99986,63,26,9,1,776,393,0.011691636829156082,30,26,49301,49638,595,307,0,0,0,0,0,0,98920,0,0,4,0,0,0,0,0,0,0,1062,0,0,0,0,0,0
115,4133,116.1452048975411,99986,61,30,9,1,785,400,0.01185165923229252,27,25,49297,49632,604,310,0,0,0,0,0,0,98906,0,0,4,0,0,0,0,0,0,0,1076,0,0,0,0,0,0
116,4133,117.14612171067814,99986,64,29,9,1,795,405,0.012001680235232933,23,26,49292,49627,610,315,0,0,0,0,0,0,98893,0,0,4,0,0,0,0,0,0,0,1089,0,0,0,0,0,0
117,4133,118.14715026272947,99986,67,31,9,1,804,411,0.012151701238173345,25,24,49283,49624,614,318,0,0,0,0,0,0,98883,0,0,4,0,0,0,0,0,0,0,1099,0,0,0,0,0,0
118,4133,119.1482994560216,99986,76,29,9,1,815,416,0.012311723641309783,30,28,49267,49616,616,324,0,0,0,0,0,0,98874,0,0,4,0,0,0,0,0,0,0,1108,0,0,0,0,0,0
119,4133,120.14962305717161,99986,75,29,9,1,823,420,0.012431740443662112,28,28,49261,49615,625,325,0,0,0,0,0,0,98861,0,0,4,0,0,0,0,0,0,0,1121,0,0,0,0,0,0
120,4133,121.15109976610877,99986,73,25,9,1,831,422,0.012531754445622387,33,32,49251,49610,632,330,0,0,0,0,0,0,98845,0,0,4,0,0,0,0,0,0,0,1137,0,0,0,0,0,0
121,4133,122.15277653300842,99986,69,27,9,1,842,431,0.012731782449542936,35,32,49242,49603,643,335,0,0,0,0,0,0,98823,0,0,4,0,0,0,0,0,0,0,1159,0,0,0,0,0,0
122,4133,123.15463367695094,99986,70,29,9,1,852,436,0.012881803452483348,34,32,49237,49600,648,336,0,0,0,0,0,0,98811,0,0,4,0,0,0,0,0,0,0,1171,0,0,0,0,0,0
123,4133,124.15656087408017,99986,70,39,9,1,855,448,0.013031824455423759,36,25,49236,49595,647,338,0,0,0,0,0,0,98806,0,0,4,0,0,0,0,0,0,0,1176,0,0,0,0,0,0
124,4133,125.15850171548958,99986,69,39,9,1,868,453,0.013211849658952253,38,24,49222,49591,660,343,0,0,0,0,0,0,98787,0,0,4,0,0,0,0,0,0,0,1195,0,0,0,0,0,0
125,4133,126.16068241077939,99986,62,43,9,1,875,461,0.013361870661892665,45,22,49213,49585,669,347,0,0,0,0,0,0,98770,0,0,5,0,0,0,0,0,0,0,1211,0,0,0,0,0,0
126,4133,127.16307747978084,99985,70,42,10,1,895,468,0.013632044806721009,44,18,49196,49583,678,354,0,0,0,0,0,0,98750,0,0,5,0,0,0,0,0,0,0,1230,0,0,0,0,0,0
127,4133,128.14101860938962,99985,73,42,10,1,907,472,0.013792068810321549,47,25,49183,49574,685,356,0,0,0,0,0,0,98738,0,0,6,0,0,0,0,0,0,0,1241,0,0,0,0,0,0
128,4133,129.1438487134465,99985,72,43,10,1,920,476,0.013962094314147123,45,26,49179,49569,692,359,0,0,0,0,0,0,98721,0,0,6,0,0,0,0,0,0,0,1258,0,0,0,0,0,0
129,4133,130.14678791808723,99985,74,45,10,1,929,486,0.014152122818422763,48,22,49171,49567,695,363,0,0,0,0,0,0,98706,0,0,6,0,0,0,0,0,0,0,1273,0,0,0,0,0,0
130,4133,131.149861991857,99985,76,44,10,1,943,494,0.014372155823373506,42,26,49168,49557,702,370,0,0,0,0,0,0,98686,0,0,7,0,0,0,0,0,0,0,1292,0,0,0,0,0,0
131,4133,132.15302680548817,99985,78,44,10,1,958,501,0.014592188828324248,44,25,49155,49552,711,376,0,0,0,0,0,0,98666,0,0,7,0,0,0,0,0,0,0,1312,0,0,0,0,0,0
132,4133,133.15640577214862,99985,74,40,10,1,967,506,0.014732209831474722,44,29,49150,49544,720,384,0,0,0,0,0,0,98644,0,0,7,0,0,0,0,0,0,0,1334,0,0,0,0,0,0
133,4133,134.15992126634922,99985,79,45,10,1,980,514,0.01494224133620043,41,27,49143,49538,725,387,0,0,0,0,0,0,98634,0,0,8,0,0,0,0,0,0,0,1343,0,0,0,0,0,0
134,4133,135.16354683418453,99985,85,49,10,1,993,524,0.015172275841376207,38,23,49134,49535,731,390,0,0,0,0,0,0,98621,0,0,8,0,0,0,0,0,0,0,1356,0,0,0,0,0,0
135,4133,136.16733663777435,99985,83,46,10,1,999,530,0.015292293844076611,40,18,49126,49536,739,397,0,0,0,0,0,0,98604,0,0,8,0,0,0,0,0,0,0,1373,0,0,0,0,0,0
136,4133,137.05363053584233,99985,77,47,10,1,1007,535,0.01542231334700205,43,18,49119,49534,749,398,0,0,0,0,0,0,98587,0,0,9,0,0,0,0,0,0,0,1389,0,0,0,0,0,0
137,4133,138.00958708816762,99985,75,47,10,1,1020,541,0.015612341851277693,42,16,49110,49531,761,403,0,0,0,0,0,0,98566,0,0,9,0,0,0,0,0,0,0,1410,0,0,0,0,0,0
138,4133,139.28629072713787,99985,71,39,10,1,1037,546,0.015832374856228435,43,23,49095,49524,779,411,0,0,0,0,0,0,98533,0,0,10,0,0,0,0,0,0,0,1442,0,0,0,0,0,0
139,4133,140.29099014941775,99985,74,43,10,1,1049,555,0.016042406360954144,40,21,49088,49518,786,415,0,0,0,0,0,0,98519,0,0,10,0,0,0,0,0,0,0,1456,0,0,0,0,0,0
140,4133,141.29583829705658,99984,78,46,11,1,1061,563,0.01624259881581053,39,19,49080,49514,790,418,0,0,0,0,0,0,98506,0,0,10,0,0,0,0,0,0,0,1468,0,0,0,0,0,0
141,4133,142.12482098793902,99984,80,48,11,1,1072,569,0.016412626020163225,40,18,49069,49510,798,421,0,0,0,0,0,0,98493,0,0,10,0,0,0,0,0,0,0,1481,0,0,0,0,0,0
142,4133,143.05801662374822,99984,76,44,11,1,1081,572,0.016532645223235717,41,28,49061,49499,809,426,0,0,0,0,0,0,98473,0,0,10,0,0,0,0,0,0,0,1501,0,0,0,0,0,0
143,4133,144.06334502064294,99984,71,47,11,1,1090,584,0.01674267882861258,42,23,49053,49494,821,433,0,0,0,0,0,0,98450,0,0,10,0,0,0,0,0,0,0,1524,0,0,0,0,0,0
144,4133,145.0688848970451,99984,66,40,11,1,1102,587,0.016892702832453192,45,22,49041,49493,835,442,0,0,0,0,0,0,98423,0,0,10,0,0,0,0,0,0,0,1551,0,0,0,0,0,0
145,4133,146.07471056443038,99984,63,42,11,1,1107,593,0.017002720435269642,51,22,49032,49489,841,444,0,0,0,0,0,0,98411,0,0,10,0,0,0,0,0,0,0,1563,0,0,0,0,0,0
146,4133,147.08070852497474,99984,65,43,11,1,1119,602,0.017212754040646504,50,24,49026,49478,846,452,0,0,0,0,0,0,98393,0,0,10,0,0,0,0,0,0,0,1581,0,0,0,0,0,0
147,4133,148.08680293012475,99984,64,40,11,1,1128,608,0.017362778044487118,51,25,49019,49472,853,460,0,0,0,0,0,0,98375,0,0,11,0,0,0,0,0,0,0,1598,0,0,0,0,0,0
148,4133,149.0930426891203,99984,67,41,11,1,1137,614,0.01751280204832773,48,20,49018,49473,854,463,0,0,0,0,0,0,98364,0,0,11,0,0,0,0,0,0,0,1609,0,0,0,0,0,0
149,4133,150.00560027493364,99984,71,47,11,1,1147,622,0.01769283085293647,44,15,49012,49470,860,465,0,0,0,0,0,0,98356,0,0,11,0,0,0,0,0,0,0,1617,0,0,0,0,0,0
150,4133,151.1579535866757,99984,76,43,11,1,1161,625,0.017862858057289165,38,18,49008,49465,865,471,0,0,0,0,0,0,98340,0,0,11,0,0,0,0,0,0,0,1633,0,0,0,0,0,0
151,4133,152.12297220321105,99984,69,47,11,1,1164,630,0.017942870859337493,43,18,49002,49460,873,472,0,0,0,0,0,0,98329,0,0,11,0,0,0,0,0,0,0,1644,0,0,0,0,0,0
152,4133,153.07530371677427,99984,75,40,11,1,1182,634,0.018162906064970397,35,18,48997,49456,880,483,0,0,0,0,0,0,98307,0,0,12,0,0,0,0,0,0,0,1665,0,0,0,0,0,0
153,4133,154.10970898660972,99984,75,39,11,1,1193,638,0.01831293006881101,31,19,48992,49453,889,486,0,0,0,0,0,0,98291,0,0,12,0,0,0,0,0,0,0,1681,0,0,0,0,0,0
154,4133,155.05472204792693,99984,74,42,11,1,1202,644,0.018462954072651624,47,17,48970,49450,896,488,0,0,0,0,0,0,98279,0,0,13,0,0,0,0,0,0,0,1692,0,0,0,0,0,0
155,4133,156.11670250047672,99984,84,41,11,1,1218,652,0.018702992478796608,41,17,48961,49444,901,495,0,0,0,0,0,0,98264,0,0,13,0,0,0,0,0,0,0,1707,0,0,0,0,0,0
156,4133,157.13293613613212,99984,84,40,11,1,1230,660,0.018903024483917428,36,21,48959,49433,908,503,0,0,0,0,0,0,98243,0,0,13,0,0,0,0,0,0,0,1728,0,0,0,0,0,0
157,4133,158.0376725051861,99984,83,41,11,1,1239,666,0.019053048487758042,34,20,48954,49431,916,505,0,0,0,0,0,0,98228,0,0,13,0,0,0,0,0,0,0,1743,0,0,0,0,0,0
158,4133,159.31815682769553,99984,72,38,11,1,1246,670,0.019163066090574492,43,30,48944,49420,928,509,0,0,0,0,0,0,98203,0,0,13,0,0,0,0,0,0,0,1768,0,0,0,0,0,0
159,4133,160.32592704034303,99984,72,35,11,1,1256,673,0.019293086893903025,49,35,48931,49416,935,511,0,0,0,0,0,0,98187,0,0,13,0,0,0,0,0,0,0,1784,0,0,0,0,0,0
160,4133,161.33391415448216,99984,65,39,11,1,1262,683,0.01945311249799968,54,33,48923,49410,945,515,0,0,0,0,0,0,98168,0,0,13,0,0,0,0,0,0,0,1803,0,0,0,0,0,0
161,4133,162.00601503258375,99984,69,42,11,1,1270,688,0.01958313330132821,53,35,48918,49406,947,514,0,0,0,0,0,0,98162,0,0,13,0,0,0,0,0,0,0,1809,0,0,0,0,0,0
162,4133,163.01423933094222,99984,68,49,11,1,1284,698,0.019823171707473195,52,32,48909,49403,958,513,0,0,0,0,0,0,98144,0,0,13,0,0,0,0,0,0,0,1827,0,0,0,0,0,0
163,4133,164.0226189210224,99984,69,46,11,1,1295,706,0.020013202112337973,55,31,48895,49397,968,523,0,0,0,0,0,0,98123,0,0,13,0,0,0,0,0,0,0,1848,0,0,0,0,0,0
164,4133,165.03125542725172,99984,78,49,11,1,1308,713,0.020213234117458793,49,32,48891,49389,969,527,0,0,0,0,0,0,98115,0,0,13,0,0,0,0,0,0,0,1856,0,0,0,0,0,0
165,4133,166.03995536146348,99984,73,46,11,1,1318,718,0.020363258121299407,52,32,48882,49389,980,530,0,0,0,0,0,0,98092,0,0,13,0,0,0,0,0,0,0,1879,0,0,0,0,0,0
166,4133,167.04884373652183,99984,78,46,11,1,1331,727,0.02058329332693231,53,29,48870,49383,986,539,0,0,0,0,0,0,98076,0,0,14,0,0,0,0,0,0,0,1894,0,0,0,0,0,0
167,4133,168.05793148909328,99984,85,49,11,1,1348,735,0.020833333333333332,49,23,48860,49383,993,542,0,0,0,0,0,0,98061,0,0,14,0,0,0,0,0,0,0,1909,0,0,0,0,0,0
168,4133,169.0672020588653,99984,78,48,11,1,1357,742,0.020993358937429988,53,22,48853,49380,1003,547,0,0,0,0,0,0,98037,0,0,14,0,0,0,0,0,0,0,1933,0,0,0,0,0,0
169,4133,170.0766893413905,99983,73,49,12,1,1370,750,0.021203604612784175,48,20,48849,49376,1016,552,0,0,0,0,0,0,98012,0,0,14,0,0,0,0,0,0,0,1957,0,0,0,0,0,0
170,4133,171.20953216129448,99983,75,49,12,1,1382,755,0.02137363351769801,57,18,48832,49376,1022,554,0,0,0,0,0,0,97997,0,0,14,0,0,0,0,0,0,0,1972,0,0,0,0,0,0
171,4133,172.29016949574293,99983,70,46,12,1,1391,757,0.021483652220877548,56,19,48825,49375,1035,557,0,0,0,0,0,0,97978,0,0,14,0,0,0,0,0,0,0,1991,0,0,0,0,0,0
172,4133,173.08358401520985,99983,79,48,12,1,1405,764,0.02169368792694758,58,17,48812,49370,1037,562,0,0,0,0,0,0,97968,0,0,14,0,0,0,0,0,0,0,2001,0,0,0,0,0,0
173,4133,174.18201133363704,99982,80,49,12,2,1420,772,0.02192394631033586,58,18,48802,49361,1046,568,0,0,0,0,0,0,97947,0,0,14,0,0,0,0,0,0,0,2021,0,0,0,0,0,0
174,4133,175.0135453885887,99982,77,46,12,2,1429,777,0.022063971514872677,63,18,48792,49357,1054,575,0,0,0,0,0,0,97927,0,0,14,0,0,0,0,0,0,0,2041,0,0,0,0,0,0
175,4133,176.329372971671,99982,81,44,12,2,1453,784,0.022374027324918486,52,21,48783,49348,1070,583,0,0,0,0,0,0,97898,0,0,14,0,0,0,0,0,0,0,2070,0,0,0,0,0,0
176,4133,177.0032928708074,99982,89,47,12,2,1467,789,0.022564061531075593,43,22,48779,49343,1075,584,0,0,0,0,0,0,97890,0,0,14,0,0,0,0,0,0,0,2078,0,0,0,0,0,0
177,4133,178.01427632344058,99982,87,44,12,2,1476,794,0.02270408673561241,57,22,48759,49339,1083,591,0,0,0,0,0,0,97871,0,0,14,0,0,0,0,0,0,0,2097,0,0,0,0,0,0
178,4133,179.02555084866898,99982,81,41,12,2,1484,799,0.02283411013982517,68,23,48742,49335,1095,597,0,0,0,0,0,0,97849,0,0,14,0,0,0,0,0,0,0,2119,0,0,0,0,0,0
179,4133,180.03716726018266,99982,93,37,12,2,1511,805,0.023164169550519094,61,19,48724,49334,1108,606,0,0,0,0,0,0,97824,0,0,14,0,0,0,0,0,0,0,2144,0,0,0,0,0,0
180,4133,181.04912490000737,99982,90,36,12,2,1525,809,0.023344201956352142,56,32,48718,49318,1122,610,0,0,0,0,0,0,97802,0,0,14,0,0,0,0,0,0,0,2166,0,0,0,0,0,0
181,4133,182.06124634649265,99982,84,33,12,2,1533,817,0.023504230761537077,60,28,48710,49315,1132,620,0,0,0,0,0,0,97778,0,0,15,0,0,0,0,0,0,0,2189,0,0,0,0,0,0
182,4133,183.07357324513282,99982,97,35,12,2,1549,825,0.023744273969314476,52,28,48705,49310,1132,623,0,0,0,0,0,0,97769,0,0,15,0,0,0,0,0,0,0,2198,0,0,0,0,0,0
183,4133,184.0859595782686,99982,93,39,12,2,1559,831,0.02390430277449941,51,34,48702,49301,1140,622,0,0,0,0,0,0,97753,0,0,15,0,0,0,0,0,0,0,2214,0,0,0,0,0,0
184,4133,185.09838675783965,99982,104,49,12,2,1581,845,0.02426436758616551,45,26,48694,49297,1143,624,0,0,0,0,0,0,97738,0,0,15,0,0,0,0,0,0,0,2229,0,0,0,0,0,0
185,4133,186.11091187590634,99982,113,48,12,2,1600,851,0.02451441259426697,44,30,48684,49290,1145,628,0,0,0,0,0,0,97721,0,0,15,0,0,0,0,0,0,0,2246,0,0,0,0,0,0
186,4133,187.12354020227022,99982,110,46,12,2,1611,858,0.02469444500010002,54,33,48669,49282,1153,635,0,0,0,0,0,0,97698,0,0,15,0,0,0,0,0,0,0,2269,0,0,0,0,0,0
187,4133,188.13642039609962,99982,107,46,12,2,1627,864,0.024914484607229302,56,34,48656,49278,1167,638,0,0,0,0,0,0,97674,0,0,16,0,0,0,0,0,0,0,2292,0,0,0,0,0,0
188,4133,189.1495798583844,99982,102,46,12,2,1640,875,0.0251545278150067,67,30,48634,49271,1183,649,0,0,0,0,0,0,97646,0,0,17,0,0,0,0,0,0,0,2319,0,0,0,0,0,0
189,4133,190.16313386607158,99982,109,42,12,2,1658,880,0.025384569222460043,67,31,48619,49267,1191,656,0,0,0,0,0,0,97626,0,0,17,0,0,0,0,0,0,0,2339,0,0,0,0,0,0
190,4133,191.1769430969474,99982,111,41,12,2,1675,883,0.02558460522894121,69,39,48610,49258,1196,658,0,0,0,0,0,0,97607,0,0,17,0,0,0,0,0,0,0,2358,0,0,0,0,0,0
191,4133,192.19089309453327,99982,115,43,12,2,1692,891,0.025834650237042667,66,41,48599,49254,1206,658,0,0,0,0,0,0,97588,0,0,17,0,0,0,0,0,0,0,2377,0,0,0,0,0,0
192,4133,193.20506734615097,99982,106,45,12,2,1706,901,0.02607469344482007,66,42,48588,49245,1226,664,0,0,0,0,0,0,97557,0,0,17,0,0,0,0,0,0,0,2408,0,0,0,0,0,0
193,4133,194.21954377375147,99981,96,46,13,2,1717,908,0.026254988447805085,66,44,48582,49238,1241,668,0,0,0,0,0,0,97530,0,0,17,0,0,0,0,0,0,0,2434,0,0,0,0,0,0
194,4133,195.23421930483616,99981,105,44,13,2,1737,915,0.026525039757553937,62,39,48569,49237,1249,676,0,0,0,0,0,0,97510,0,0,17,0,0,0,0,0,0,0,2454,0,0,0,0,0,0
195,4133,196.2490982317643,99979,118,51,14,3,1758,930,0.026885645985656986,63,35,48555,49227,1248,682,0,0,0,0,0,0,97494,0,0,17,0,0,0,0,0,0,0,2468,0,0,0,0,0,0
196,4133,197.26413767048476,99979,115,53,14,3,1776,939,0.027155702697566488,71,37,48533,49218,1265,687,0,0,0,0,0,0,97466,0,0,17,0,0,0,0,0,0,0,2496,0,0,0,0,0,0
197,4133,198.27951756711855,99979,131,57,14,3,1802,952,0.0275457846147691,61,32,48520,49211,1272,695,0,0,0,0,0,0,97447,0,0,17,0,0,0,0,0,0,0,2515,0,0,0,0,0,0
198,4133,199.2951306284815,99979,123,62,14,3,1818,964,0.027825843427119697,73,26,48499,49208,1289,699,0,0,0,0,0,0,97416,0,0,17,0,0,0,0,0,0,0,2546,0,0,0,0,0,0
199,4133,200.31111917072613,99978,123,59,15,3,1838,968,0.028066174558402848,67,31,48490,49201,1303,704,0,0,0,0,0,0,97391,0,0,19,0,0,0,0,0,0,0,2568,0,0,0,0,0,0
200,4133,201.32741110561284,99978,114,66,15,3,1852,978,0.028306227370021406,69,33,48477,49190,1323,706,0,0,0,0,0,0,97368,0,0,22,0,0,0,0,0,0,0,2588,0,0,0,0,0,0
201,4133,202.00509107712094,99978,119,57,15,3,1863,978,0.028416251575346576,68,41,48471,49183,1325,714,0,0,0,0,0,0,97353,0,0,22,0,0,0,0,0,0,0,2603,0,0,0,0,0,0
202,4133,203.02170180940763,99978,127,66,15,3,1881,993,0.02874632419132209,70,37,48457,49174,1329,718,0,0,0,0,0,0,97337,0,0,22,0,0,0,0,0,0,0,2619,0,0,0,0,0,0
203,4133,204.03851635365993,99978,128,72,15,3,1901,1006,0.029076396807297605,70,38,48441,49163,1344,722,0,0,0,0,0,0,97311,0,0,22,0,0,0,0,0,0,0,2645,0,0,0,0,0,0
204,4133,205.05562397387828,99978,129,76,15,3,1918,1019,0.0293764628218208,73,35,48426,49157,1355,727,0,0,0,0,0,0,97286,0,0,22,0,0,0,0,0,0,0,2670,0,0,0,0,0,0
205,4133,206.07298870346293,99978,129,73,15,3,1935,1025,0.02960651343295525,75,39,48411,49153,1368,730,0,0,0,0,0,0,97260,0,0,22,0,0,0,0,0,0,0,2696,0,0,0,0,0,0
206,4133,207.09062091341286,99978,136,66,15,3,1958,1033,0.029916581647962553,78,43,48390,49144,1379,742,0,0,0,0,0,0,97229,0,0,22,0,0,0,0,0,0,0,2727,0,0,0,0,0,0
207,4133,208.1086073177607,99978,132,57,15,3,1974,1039,0.030136630058612893,82,42,48374,49143,1395,753,0,0,0,0,0,0,97194,0,0,22,0,0,0,0,0,0,0,2762,0,0,0,0,0,0
208,4133,209.12695397465646,99978,137,55,15,3,1992,1043,0.030356678469263237,82,46,48360,49138,1404,756,0,0,0,0,0,0,97176,0,0,23,0,0,0,0,0,0,0,2779,0,0,0,0,0,0
209,4133,210.1456095886694,99977,136,62,16,3,2011,1056,0.030677055722816246,94,43,48334,49133,1418,757,0,0,0,0,0,0,97150,0,0,23,0,0,0,0,0,0,0,2804,0,0,0,0,0,0
210,4133,211.16462449497357,99977,128,62,16,3,2032,1065,0.0309771247386899,99,42,48315,49127,1440,764,0,0,0,0,0,0,97113,0,0,24,0,0,0,0,0,0,0,2840,0,0,0,0,0,0
211,4133,212.18405564531184,99977,125,62,16,3,2049,1075,0.031247186852976186,93,45,48309,49114,1455,774,0,0,0,0,0,0,97083,0,0,24,0,0,0,0,0,0,0,2870,0,0,0,0,0,0
212,4133,213.203709590143,99977,136,71,16,3,2071,1087,0.03158726507096632,89,48,48295,49101,1462,775,0,0,0,0,0,0,97069,0,0,24,0,0,0,0,0,0,0,2884,0,0,0,0,0,0
213,4133,214.22355735845852,99977,136,71,16,3,2091,1098,0.031897336387369093,91,46,48280,49098,1475,780,0,0,0,0,0,0,97039,0,0,25,0,0,0,0,0,0,0,2913,0,0,0,0,0,0
214,4133,215.24368262798524,99977,135,72,16,3,2114,1109,0.032237414605359234,85,47,48269,49088,1493,788,0,0,0,0,0,0,97006,0,0,26,0,0,0,0,0,0,0,2945,0,0,0,0,0,0
215,4133,216.26412532660459,99977,141,76,16,3,2139,1126,0.03265751122758234,75,41,48256,49077,1510,801,0,0,0,0,0,0,96975,0,0,27,0,0,0,0,0,0,0,2975,0,0,0,0,0,0
216,4133,217.28490557097967,99977,140,71,16,3,2159,1134,0.03293757564239775,77,42,48240,49068,1525,814,0,0,0,0,0,0,96941,0,0,27,0,0,0,0,0,0,0,3009,0,0,0,0,0,0
217,4133,218.3060062329221,99976,152,66,16,4,2185,1140,0.033257981915659755,71,51,48226,49055,1533,822,0,0,0,0,0,0,96916,0,0,27,0,0,0,0,0,0,0,3033,0,0,0,0,0,0
218,4133,219.32734637857746,99976,147,68,16,4,2207,1152,0.03359806353524846,71,53,48205,49043,1559,830,0,0,0,0,0,0,96880,0,0,28,0,0,0,0,0,0,0,3068,0,0,0,0,0,0
219,4133,220.00849296303946,99976,150,70,16,4,2223,1157,0.03380811394734736,65,53,48197,49040,1570,831,0,0,0,0,0,0,96865,0,0,29,0,0,0,0,0,0,0,3082,0,0,0,0,0,0
220,4133,221.03049451451116,99976,139,78,16,4,2239,1170,0.034098183564055376,76,51,48180,49031,1587,834,0,0,0,0,0,0,96834,0,0,30,0,0,0,0,0,0,0,3112,0,0,0,0,0,0
221,4133,222.05281788045335,99976,135,77,16,4,2256,1180,0.034368248379611104,82,56,48164,49020,1601,841,0,0,0,0,0,0,96803,0,0,31,0,0,0,0,0,0,0,3142,0,0,0,0,0,0
222,4133,223.0754302470505,99976,147,73,16,4,2280,1192,0.03472833480035208,83,62,48145,49004,1607,855,0,0,0,0,0,0,96775,0,0,31,0,0,0,0,0,0,0,3170,0,0,0,0,0,0
223,4133,224.098338939065,99975,147,71,17,4,2300,1206,0.035068767191797946,89,56,48123,49000,1622,867,0,0,0,0,0,0,96740,0,0,32,0,0,0,0,0,0,0,3203,0,0,0,0,0,0
224,4133,225.12162824738687,99975,149,74,17,4,2320,1220,0.03540885221305326,84,49,48112,48998,1636,873,0,0,0,0,0,0,96711,0,0,32,0,0,0,0,0,0,0,3232,0,0,0,0,0,0
225,4133,226.1452087227917,99975,143,76,17,4,2337,1230,0.035678919729932486,97,57,48093,48986,1648,875,0,0,0,0,0,0,96680,0,0,32,0,0,0,0,0,0,0,3263,0,0,0,0,0,0
226,4133,227.16909912793102,99975,157,76,17,4,2372,1242,0.03614903725931483,84,55,48075,48977,1665,886,0,0,0,0,0,0,96648,0,0,33,0,0,0,0,0,0,0,3294,0,0,0,0,0,0
227,4133,228.1933333955577,99975,149,84,17,4,2390,1265,0.03655913978494624,85,49,48069,48962,1678,899,0,0,0,0,0,0,96607,0,0,33,0,0,0,0,0,0,0,3335,0,0,0,0,0,0
228,4133,229.2177811067081,99975,138,90,17,4,2410,1280,0.036909227306826706,83,44,48056,48953,1704,907,0,0,0,0,0,0,96568,0,0,34,0,0,0,0,0,0,0,3373,0,0,0,0,0,0
229,4133,230.24259322905277,99975,147,91,17,4,2437,1293,0.03730932733183296,78,39,48041,48949,1715,915,0,0,0,0,0,0,96539,0,0,35,0,0,0,0,0,0,0,3401,0,0,0,0,0,0
230,4133,231.2677485383025,99975,142,89,17,4,2462,1307,0.03769942485621405,76,36,48023,48939,1740,930,0,0,0,0,0,0,96494,0,0,36,0,0,0,0,0,0,0,3445,0,0,0,0,0,0
231,4133,232.2933509968757,99975,149,90,17,4,2489,1322,0.03811952988247062,72,29,48004,48937,1756,938,0,0,0,0,0,0,96461,0,0,37,0,0,0,0,0,0,0,3477,0,0,0,0,0,0
232,4133,233.31932347768154,99975,152,82,17,4,2514,1326,0.03840960240060015,62,35,47998,48931,1769,946,0,0,0,0,0,0,96430,0,0,40,0,0,0,0,0,0,0,3505,0,0,0,0,0,0
233,4133,234.00345546720825,99975,147,80,17,4,2524,1333,0.038579644911227805,60,34,47993,48928,1781,952,0,0,0,0,0,0,96406,0,0,40,0,0,0,0,0,0,0,3529,0,0,0,0,0,0
234,4133,235.0298893339435,99975,135,81,17,4,2539,1348,0.038879719929982494,74,31,47974,48917,1798,965,0,0,0,0,0,0,96365,0,0,40,0,0,0,0,0,0,0,3570,0,0,0,0,0,0
235,4133,236.0567253479011,99975,134,79,17,4,2554,1357,0.03911977994498625,80,35,47958,48908,1809,972,0,0,0,0,0,0,96338,0,0,40,0,0,0,0,0,0,0,3597,0,0,0,0,0,0
236,4133,237.08388385420335,99974,128,80,18,4,2576,1371,0.039480264868865904,86,35,47934,48902,1832,977,0,0,0,0,0,0,96299,0,0,42,0,0,0,0,0,0,0,3633,0,0,0,0,0,0
237,4133,238.11151612722122,99974,117,76,18,4,2590,1381,0.03972032728509412,89,36,47923,48895,1851,987,0,0,0,0,0,0,96260,0,0,42,0,0,0,0,0,0,0,3672,0,0,0,0,0,0
238,4133,239.1394294852946,99974,128,76,18,4,2620,1393,0.040140436513493506,74,37,47918,48885,1860,996,0,0,0,0,0,0,96229,0,0,42,0,0,0,0,0,0,0,3703,0,0,0,0,0,0
239,4133,240.1675647096009,99974,129,80,18,4,2642,1408,0.04051053273851201,68,36,47910,48876,1873,1002,0,0,0,0,0,0,96197,0,0,42,0,0,0,0,0,0,0,3735,0,0,0,0,0,0
240,4133,241.19589836499333,99974,123,74,18,4,2658,1416,0.040750595154740235,69,40,47904,48868,1884,1012,0,0,0,0,0,0,96161,0,0,42,0,0,0,0,0,0,0,3771,0,0,0,0,0,0
241,4133,242.22438747345169,99974,124,78,18,4,2671,1430,0.04102066537299698,78,41,47891,48860,1887,1015,0,0,0,0,0,0,96140,0,0,43,0,0,0,0,0,0,0,3791,0,0,0,0,0,0
242,4133,243.253009805343,99974,126,87,18,4,2689,1445,0.04135075119531078,83,39,47872,48849,1899,1019,0,0,0,0,0,0,96118,0,0,43,0,0,0,0,0,0,0,3813,0,0,0,0,0,0
243,4133,244.28198210921752,99974,133,89,18,4,2719,1458,0.04178086302438634,78,32,47858,48845,1911,1028,0,0,0,0,0,0,96085,0,0,44,0,0,0,0,0,0,0,3845,0,0,0,0,0,0
244,4133,245.3112717074799,99974,138,90,18,4,2742,1466,0.04209094364534779,79,28,47840,48848,1923,1028,0,0,0,0,0,0,96060,0,0,44,0,0,0,0,0,0,0,3870,0,0,0,0,0,0
245,4133,246.34087446155604,99974,147,87,18,4,2768,1473,0.04242102946766159,87,35,47812,48834,1934,1038,0,0,0,0,0,0,96035,0,0,46,0,0,0,0,0,0,0,3893,0,0,0,0,0,0
246,4133,247.02748439558985,99974,142,89,18,4,2779,1480,0.042601076279832756,90,40,47803,48826,1945,1039,0,0,0,0,0,0,96015,0,0,47,0,0,0,0,0,0,0,3912,0,0,0,0,0,0
247,4133,248.05761987782773,99973,146,84,19,4,2807,1490,0.04298160503335901,92,39,47786,48822,1955,1049,0,0,0,0,0,0,95977,0,0,48,0,0,0,0,0,0,0,3948,0,0,0,0,0,0
248,4133,249.08811797194093,99973,141,78,19,4,2835,1495,0.0433116941574225,88,46,47768,48815,1982,1055,0,0,0,0,0,0,95933,0,0,48,0,0,0,0,0,0,0,3992,0,0,0,0,0,0
249,4133,250.11909465146053,99973,140,82,19,4,2857,1509,0.043671791383673594,86,45,47755,48806,1998,1061,0,0,0,0,0,0,95901,0,0,49,0,0,0,0,0,0,0,4023,0,0,0,0,0,0
250,4133,251.15037657866412,99973,144,90,19,4,2882,1525,0.044081902113570666,82,44,47742,48794,2011,1066,0,0,0,0,0,0,95872,0,0,49,0,0,0,0,0,0,0,4052,0,0,0,0,0,0
251,4133,252.1819061462149,99973,142,99,19,4,2898,1542,0.04441199123763416,85,38,47731,48787,2021,1070,0,0,0,0,0,0,95848,0,0,51,0,0,0,0,0,0,0,4074,0,0,0,0,0,0
252,4133,253.2136214144425,99973,146,90,19,4,2927,1548,0.04476208576315605,83,42,47719,48783,2031,1079,0,0,0,0,0,0,95808,0,0,51,0,0,0,0,0,0,0,4114,0,0,0,0,0,0
253,4133,254.24564524806516,99972,149,84,20,4,2949,1560,0.04510262873604609,90,42,47699,48775,2040,1093,0,0,0,0,0,0,95771,0,0,51,0,0,0,0,0,0,0,4150,0,0,0,0,0,0
254,4133,255.27797800464796,99972,147,89,20,4,2969,1577,0.04547273236506222,96,34,47683,48769,2052,1102,0,0,0,0,0,0,95737,0,0,51,0,0,0,0,0,0,0,4184,0,0,0,0,0,0
255,4133,256.3106385618313,99972,151,91,20,4,2995,1586,0.0458228303925099,91,34,47670,48761,2066,1108,0,0,0,0,0,0,95708,0,0,51,0,0,0,0,0,0,0,4213,0,0,0,0,0,0
256,4133,257.3435184746058,99972,151,91,20,4,3016,1603,0.04620293682231025,87,33,47664,48750,2076,1120,0,0,0,0,0,0,95671,0,0,52,0,0,0,0,0,0,0,4249,0,0,0,0,0,0
257,4133,258.0322174580926,99972,154,86,20,4,3037,1609,0.046473012443484174,87,37,47649,48742,2088,1129,0,0,0,0,0,0,95643,0,0,53,0,0,0,0,0,0,0,4276,0,0,0,0,0,0
258,4133,259.065615673285,99972,162,82,20,4,3061,1617,0.0467931020685792,92,43,47626,48731,2098,1138,0,0,0,0,0,0,95616,0,0,54,0,0,0,0,0,0,0,4302,0,0,0,0,0,0
259,4133,260.09935237332854,99972,153,78,20,4,3081,1629,0.04711319169367423,91,41,47617,48723,2117,1152,0,0,0,0,0,0,95572,0,0,55,0,0,0,0,0,0,0,4345,0,0,0,0,0,0
260,4133,261.1334590518061,99971,148,79,21,4,3102,1642,0.04745376159086135,99,37,47596,48717,2134,1161,0,0,0,0,0,0,95535,0,0,56,0,0,0,0,0,0,0,4380,0,0,0,0,0,0
261,4133,262.1679747279676,99971,151,77,21,4,3126,1651,0.0477838573186224,98,49,47576,48698,2152,1170,0,0,0,0,0,0,95504,0,0,57,0,0,0,0,0,0,0,4410,0,0,0,0,0,0
262,4133,263.20288963270747,99971,154,77,21,4,3155,1662,0.04818397335227216,86,56,47565,48686,2172,1175,0,0,0,0,0,0,95468,0,0,58,0,0,0,0,0,0,0,4445,0,0,0,0,0,0
263,4133,264.23804702022096,99970,162,87,21,5,3178,1685,0.048644593378013405,84,49,47559,48676,2172,1181,0,0,0,0,0,0,95440,0,0,58,0,0,0,0,0,0,0,4472,0,0,0,0,0,0
264,4133,265.27326934888805,99970,171,94,21,5,3209,1701,0.0491147344203261,79,47,47538,48669,2189,1183,0,0,0,0,0,0,95410,0,0,59,0,0,0,0,0,0,0,4501,0,0,0,0,0,0
265,4133,266.3088637000389,99970,161,89,21,5,3232,1715,0.049484845453636093,87,54,47526,48650,2203,1200,0,0,0,0,0,0,95360,0,0,61,0,0,0,0,0,0,0,4549,0,0,0,0,0,0
266,4133,267.344784548027,99970,173,91,21,5,3259,1728,0.049884965489646896,102,56,47491,48638,2211,1208,0,0,0,0,0,0,95334,0,0,61,0,0,0,0,0,0,0,4575,0,0,0,0,0,0
267,4133,268.035652522941,99970,182,91,21,5,3286,1738,0.05025507652295689,92,57,47480,48631,2223,1214,0,0,0,0,0,0,95308,0,0,63,0,0,0,0,0,0,0,4599,0,0,0,0,0,0
268,4133,269.07221471607596,99970,166,85,21,5,3309,1752,0.05062518755626688,95,58,47461,48619,2255,1231,0,0,0,0,0,0,95252,0,0,66,0,0,0,0,0,0,0,4652,0,0,0,0,0,0
269,4133,270.10936072073497,99969,171,86,22,5,3339,1771,0.05111584591223279,96,46,47437,48622,2272,1239,0,0,0,0,0,0,95211,0,0,68,0,0,0,0,0,0,0,4690,0,0,0,0,0,0
270,4133,271.14702340650194,99969,164,89,22,5,3359,1783,0.05143594514299433,103,48,47420,48610,2289,1246,0,0,0,0,0,0,95175,0,0,68,0,0,0,0,0,0,0,4726,0,0,0,0,0,0
271,4133,272.1850920110343,99969,166,84,22,5,3386,1794,0.05181606297952365,96,49,47402,48603,2312,1257,0,0,0,0,0,0,95136,0,0,70,0,0,0,0,0,0,0,4763,0,0,0,0,0,0
272,4133,273.2235557421727,99969,175,89,22,5,3418,1806,0.05225619942182076,101,53,47377,48595,2323,1256,0,0,0,0,0,0,95108,0,0,72,0,0,0,0,0,0,0,4789,0,0,0,0,0,0
273,4133,274.2623947640108,99969,171,83,22,5,3441,1816,0.0525863017535436,101,63,47362,48578,2342,1269,0,0,0,0,0,0,95067,0,0,74,0,0,0,0,0,0,0,4828,0,0,0,0,0,0
274,4133,275.3016726886038,99969,177,84,22,5,3471,1830,0.053026438195840714,112,62,47325,48569,2362,1278,0,0,0,0,0,0,95032,0,0,76,0,0,0,0,0,0,0,4861,0,0,0,0,0,0
275,4133,276.34147635542615,99969,185,91,22,5,3496,1850,0.05347657773909912,108,52,47318,48563,2365,1287,0,0,0,0,0,0,95003,0,0,77,0,0,0,0,0,0,0,4889,0,0,0,0,0,0
276,4133,277.0347905800184,99969,184,97,22,5,3510,1863,0.05374666146505417,118,43,47303,48566,2371,1287,0,0,0,0,0,0,94982,0,0,78,0,0,0,0,0,0,0,4909,0,0,0,0,0,0
277,4133,278.0750308155597,99968,182,87,22,6,3549,1878,0.05428737195902689,115,36,47277,48566,2402,1303,0,0,0,0,0,0,94917,0,0,79,0,0,0,0,0,0,0,4972,0,0,0,0,0,0
278,4133,279.11587797567284,99968,194,90,22,6,3585,1890,0.054767525608194624,104,35,47265,48556,2413,1311,0,0,0,0,0,0,94885,0,0,80,0,0,0,0,0,0,0,5003,0,0,0,0,0,0
279,4133,280.15699938389287,99968,194,87,22,6,3619,1903,0.05523767605633803,100,37,47249,48548,2433,1320,0,0,0,0,0,0,94838,0,0,83,0,0,0,0,0,0,0,5047,0,0,0,0,0,0
280,4133,281.1985581789796,99968,187,90,22,6,3647,1916,0.05564780729833547,98,36,47230,48538,2461,1328,0,0,0,0,0,0,94797,0,0,87,0,0,0,0,0,0,0,5084,0,0,0,0,0,0
281,4133,282.24065721952167,99968,179,81,22,6,3670,1927,0.05598791613316261,101,39,47210,48526,2486,1346,0,0,0,0,0,0,94748,0,0,89,0,0,0,0,0,0,0,5131,0,0,0,0,0,0
282,4133,283.28323991945126,99968,182,80,22,6,3702,1935,0.056388044174135725,95,39,47192,48522,2507,1351,0,0,0,0,0,0,94710,0,0,89,0,0,0,0,0,0,0,5169,0,0,0,0,0,0
283,4133,284.3262702436468,99968,178,68,22,6,3725,1939,0.056658130601792575,97,48,47184,48514,2517,1362,0,0,0,0,0,0,94669,0,0,91,0,0,0,0,0,0,0,5208,0,0,0,0,0,0
284,4133,285.02176253235814,99968,180,69,22,6,3742,1947,0.05690821062740077,103,46,47171,48511,2522,1366,0,0,0,0,0,0,94648,0,0,92,0,0,0,0,0,0,0,5228,0,0,0,0,0,0
285,4133,286.06519329317706,99968,186,79,22,6,3776,1966,0.05743838028169014,94,42,47151,48497,2545,1374,0,0,0,0,0,0,94611,0,0,92,0,0,0,0,0,0,0,5265,0,0,0,0,0,0
286,4133,287.1090600395047,99968,181,79,22,6,3799,1981,0.0578185019206146,99,45,47133,48482,2563,1386,0,0,0,0,0,0,94570,0,0,94,0,0,0,0,0,0,0,5304,0,0,0,0,0,0
287,4133,288.15336566683436,99968,181,87,22,6,3825,1997,0.05823863636363636,93,47,47118,48468,2584,1390,0,0,0,0,0,0,94538,0,0,96,0,0,0,0,0,0,0,5334,0,0,0,0,0,0
288,4133,289.19798219532976,99968,182,92,22,6,3853,2015,0.058698783610755444,89,46,47104,48457,2601,1397,0,0,0,0,0,0,94498,0,0,96,0,0,0,0,0,0,0,5374,0,0,0,0,0,0
289,4133,290.24293163033326,99968,193,90,22,6,3882,2023,0.05906890204865557,87,55,47088,48449,2608,1398,0,0,0,0,0,0,94471,0,0,97,0,0,0,0,0,0,0,5400,0,0,0,0,0,0
290,4133,291.2881181767729,99968,186,90,22,6,3907,2034,0.05942901728553137,99,59,47069,48439,2622,1404,0,0,0,0,0,0,94432,0,0,101,0,0,0,0,0,0,0,5435,0,0,0,0,0,0
291,4133,292.33367316544144,99968,180,83,22,6,3930,2041,0.059729113316261205,100,63,47051,48433,2645,1413,0,0,0,0,0,0,94391,0,0,103,0,0,0,0,0,0,0,5474,0,0,0,0,0,0
292,4133,293.03097891715123,99968,182,74,22,6,3945,2050,0.05996919014084507,107,64,47034,48428,2653,1426,0,0,0,0,0,0,94361,0,0,104,0,0,0,0,0,0,0,5503,0,0,0,0,0,0
293,4133,294.07729787600033,99968,179,83,22,6,3972,2072,0.06045934699103713,110,58,47012,48418,2675,1433,0,0,0,0,0,0,94319,0,0,105,0,0,0,0,0,0,0,5544,0,0,0,0,0,0
294,4133,295.12409727183666,99968,177,85,22,6,3997,2092,0.060909491037131884,109,47,46996,48413,2694,1447,0,0,0,0,0,0,94274,0,0,105,0,0,0,0,0,0,0,5589,0,0,0,0,0,0
295,4133,296.1713179507545,99968,188,84,22,6,4030,2107,0.061389644686299615,105,48,46974,48400,2709,1460,0,0,0,0,0,0,94237,0,0,106,0,0,0,0,0,0,0,5625,0,0,0,0,0,0
296,4133,297.2189226488703,99968,186,91,22,6,4054,2126,0.06181978233034571,111,43,46953,48391,2726,1467,0,0,0,0,0,0,94201,0,0,108,0,0,0,0,0,0,0,5659,0,0,0,0,0,0
297,4133,298.26699856615204,99967,191,86,22,7,4085,2138,0.0622505426790841,104,44,46939,48382,2742,1479,0,0,0,0,0,0,94160,0,0,110,0,0,0,0,0,0,0,5697,0,0,0,0,0,0
298,4133,299.31542683368366,99967,189,90,22,7,4112,2151,0.06265067472265848,120,44,46903,48376,2764,1481,0,0,0,0,0,0,94125,0,0,113,0,0,0,0,0,0,0,5729,0,0,0,0,0,0
299,4133,300.01471516404473,99967,200,86,22,7,4141,2159,0.06302079686296477,115,51,46883,48363,2778,1491,0,0,0,0,0,0,94095,0,0,113,0,0,0,0,0,0,0,5759,0,0,0,0,0,0
300,4133,301.0641035847082,99967,202,83,22,7,4170,2171,0.06343093220762852,114,53,46864,48353,2796,1502,0,0,0,0,0,0,94055,0,0,115,0,0,0,0,0,0,0,5797,0,0,0,0,0,0
301,4133,302.1139646920681,99967,213,79,22,7,4204,2179,0.06385107085338161,106,48,46849,48354,2808,1510,0,0,0,0,0,0,94022,0,0,117,0,0,0,0,0,0,0,5828,0,0,0,0,0,0
302,4133,303.16418040301676,99966,218,75,23,7,4235,2190,0.06427185242982614,111,47,46825,48348,2821,1521,0,0,0,0,0,0,93981,0,0,117,0,0,0,0,0,0,0,5868,0,0,0,0,0,0
303,4133,304.2148289447088,99966,210,77,23,7,4258,2200,0.06460196466798712,120,50,46803,48342,2842,1522,0,0,0,0,0,0,93942,0,0,117,0,0,0,0,0,0,0,5907,0,0,0,0,0,0
304,4133,305.26596674942493,99966,195,78,23,7,4287,2209,0.06498209391193005,121,59,46783,48332,2876,1522,0,0,0,0,0,0,93893,0,0,120,0,0,0,0,0,0,0,5953,0,0,0,0,0,0
305,4133,306.317574409613,99966,215,78,23,7,4320,2219,0.06541224016165496,115,59,46770,48326,2875,1528,0,0,0,0,0,0,93871,0,0,121,0,0,0,0,0,0,0,5974,0,0,0,0,0,0
306,4133,307.01876118923144,99966,219,79,23,7,4341,2224,0.06567232859172119,119,62,46749,48320,2888,1530,0,0,0,0,0,0,93850,0,0,121,0,0,0,0,0,0,0,5995,0,0,0,0,0,0
307,4133,308.0708564412321,99966,216,81,23,7,4371,2237,0.06610247484144609,118,61,46732,48314,2909,1535,0,0,0,0,0,0,93810,0,0,125,0,0,0,0,0,0,0,6031,0,0,0,0,0,0
308,4133,309.1234183433323,99966,223,78,23,7,4404,2246,0.06652261769001461,113,64,46711,48307,2928,1542,0,0,0,0,0,0,93772,0,0,125,0,0,0,0,0,0,0,6069,0,0,0,0,0,0
309,4133,310.1763985735736,99966,221,74,23,7,4431,2257,0.06690274693395755,118,71,46694,48296,2942,1550,0,0,0,0,0,0,93729,0,0,126,0,0,0,0,0,0,0,6111,0,0,0,0,0,0
310,4133,311.22976267694776,99966,219,79,23,7,4468,2274,0.06744293059640277,115,69,46676,48287,2965,1556,0,0,0,0,0,0,93679,0,0,127,0,0,0,0,0,0,0,6160,0,0,0,0,0,0
311,4133,312.28354429674783,99966,225,87,23,7,4496,2301,0.0679931176600044,107,56,46664,48280,2979,1568,0,0,0,0,0,0,93641,0,0,130,0,0,0,0,0,0,0,6195,0,0,0,0,0,0
312,4133,313.3376600389682,99966,208,87,23,7,4518,2314,0.06834323670047816,123,56,46638,48277,3006,1571,0,0,0,0,0,0,93591,0,0,132,0,0,0,0,0,0,0,6243,0,0,0,0,0,0
313,4133,314.0407154346992,99966,212,90,23,7,4537,2326,0.06865334213632635,126,54,46622,48270,3015,1577,0,0,0,0,0,0,93567,0,0,132,0,0,0,0,0,0,0,6267,0,0,0,0,0,0
314,4133,315.09572749723526,99965,216,89,23,8,4575,2337,0.06914420047016456,121,61,46600,48256,3038,1584,0,0,0,0,0,0,93523,0,0,134,0,0,0,0,0,0,0,6308,0,0,0,0,0,0
315,4133,316.15116060014054,99965,226,77,23,8,4610,2345,0.069574351022858,109,63,46585,48251,3055,1599,0,0,0,0,0,0,93480,0,0,136,0,0,0,0,0,0,0,6349,0,0,0,0,0,0
316,4133,317.2070197533833,99965,221,79,23,8,4638,2359,0.06999449807432602,110,65,46570,48242,3074,1604,0,0,0,0,0,0,93439,0,0,140,0,0,0,0,0,0,0,6386,0,0,0,0,0,0
317,4133,318.2633003215691,99965,216,77,23,8,4663,2374,0.07039463812334316,116,56,46550,48246,3093,1611,0,0,0,0,0,0,93393,0,0,141,0,0,0,0,0,0,0,6431,0,0,0,0,0,0
318,4133,319.3200446523828,99965,212,74,23,8,4693,2388,0.07083479217726205,117,63,46530,48231,3116,1622,0,0,0,0,0,0,93344,0,0,143,0,0,0,0,0,0,0,6478,0,0,0,0,0,0
319,4133,320.02482460718136,99965,220,73,23,8,4719,2399,0.07120492172260291,108,65,46518,48221,3128,1630,1,1,1,1,0,0,93315,0,0,146,0,0,0,0,0,0,2,6502,0,0,0,0,0,0
320,4133,321.0823041321818,99965,210,75,23,8,4737,2409,0.07148501975691492,114,67,46501,48213,3148,1633,2,2,2,2,0,0,93281,0,0,150,0,0,0,0,0,0,4,6530,0,0,0,0,0,0
321,4133,322.3285044885065,99965,219,78,23,8,4776,2424,0.07202520882308808,107,71,46486,48199,3160,1639,3,3,3,3,0,0,93237,0,0,150,0,0,0,0,0,0,6,6572,0,0,0,0,0,0
322,4133,323.16160607268307,99965,211,85,23,8,4801,2438,0.0724153453708798,105,77,46473,48180,3183,1644,3,4,4,4,0,0,93196,0,0,151,0,0,0,0,0,0,8,6610,0,0,0,0,0,0
323,4133,324.0474896507162,99965,208,99,23,8,4831,2465,0.07298554494072926,113,62,46449,48171,3201,1653,4,5,5,5,0,0,93152,0,0,155,0,0,0,0,0,0,10,6648,0,0,0,0,0,0
324,4133,325.0844133260477,99965,205,100,23,8,4854,2475,0.07331566048116842,116,62,46432,48161,3218,1661,4,6,6,6,0,0,93116,0,0,156,0,0,0,0,0,0,12,6681,0,0,0,0,0,0
325,4133,326.00097702526455,99965,208,97,23,8,4879,2481,0.07362576901915671,111,67,46420,48157,3231,1662,5,7,7,7,0,0,93083,0,0,156,0,0,0,0,0,0,14,6712,0,0,0,0,0,0
326,4133,327.040842520743,99965,203,102,23,8,4902,2498,0.07402590906817386,111,68,46406,48141,3249,1671,6,8,8,8,0,0,93041,0,0,156,0,0,0,0,0,0,16,6752,0,0,0,0,0,0
327,4133,328.03531561150544,99965,191,102,23,8,4925,2512,0.07439603861351474,116,71,46385,48129,3276,1679,7,9,9,9,0,0,92992,0,0,158,0,0,0,0,0,0,18,6797,0,0,0,0,0,0
328,4133,329.0440403037274,99965,175,108,23,8,4945,2534,0.07481618566498274,134,59,46356,48120,3302,1693,8,10,10,10,0,0,92940,0,0,160,0,0,0,0,0,0,20,6845,0,0,0,0,0,0
329,4133,330.04742906683015,99965,194,104,23,8,4989,2547,0.0753863852348322,119,67,46344,48101,3309,1707,9,11,11,11,0,0,92896,0,0,160,0,0,0,0,0,0,22,6887,0,0,0,0,0,0
330,4133,331.0238505751969,99965,201,115,23,8,5021,2570,0.07593657780223079,120,56,46324,48095,3320,1712,10,12,12,12,0,0,92859,0,0,162,0,0,0,0,0,0,24,6920,0,0,0,0,0,0
331,4133,332.02744026852554,99964,204,113,23,9,5050,2586,0.07638749949981993,130,60,46299,48082,3331,1721,11,13,13,13,0,0,92814,0,0,163,0,0,0,0,0,0,26,6961,0,0,0,0,0,0
332,4133,333.0975731327267,99964,204,123,23,9,5078,2610,0.07690768676723621,127,50,46290,48073,3342,1729,12,14,14,14,0,0,92775,0,0,167,0,0,0,0,0,0,27,6994,1,0,0,0,0,0
333,4133,334.04098078599367,99964,206,116,23,9,5114,2622,0.07738785962946661,126,53,46278,48062,3352,1743,13,15,15,15,0,0,92722,0,0,169,0,0,0,0,0,0,29,7043,1,0,0,0,0,0
334,4133,335.0529378241262,99964,213,115,23,9,5147,2632,0.07781801448521468,121,53,46260,48054,3367,1751,14,16,16,16,0,0,92684,0,0,170,0,0,0,0,0,0,31,7078,1,0,0,0,0,0
335,4133,336.0177071491777,99964,216,108,23,9,5178,2641,0.07821815853707334,123,61,46244,48044,3377,1759,15,17,17,17,0,0,92641,0,0,172,0,0,0,0,0,0,32,7117,2,0,0,0,0,0
336,4133,337.0021220811249,99964,216,112,23,9,5209,2659,0.07870833500060022,123,65,46222,48030,3398,1764,16,18,18,18,0,0,92595,0,0,173,0,0,0,0,0,0,34,7160,2,0,0,0,0,0
337,4133,338.04387719218073,99964,223,108,23,9,5258,2676,0.07936857268616702,116,79,46196,48004,3423,1779,17,19,19,19,0,0,92531,0,0,174,0,0,0,0,0,0,36,7221,2,0,0,0,0,0
338,4133,339.00331826161386,99964,235,122,23,9,5289,2697,0.07988875995358329,109,72,46183,47993,3430,1782,18,20,20,20,0,0,92504,0,0,175,0,0,0,0,0,0,38,7245,2,0,0,0,0,0
339,4133,340.0565058882149,99964,225,122,23,9,5315,2718,0.08035892921451723,120,73,46164,47975,3447,1798,19,21,21,21,0,0,92448,0,0,178,0,0,0,0,0,0,40,7296,2,0,0,0,0,0
340,4133,341.01015708457123,99964,225,127,23,9,5343,2734,0.08079908767156176,125,74,46138,47965,3467,1801,20,22,22,22,0,0,92408,0,0,179,0,0,0,0,0,0,42,7333,2,0,0,0,0,0
341,4133,342.0623992862763,99964,226,127,23,9,5379,2751,0.0813292785402745,110,81,46126,47947,3492,1811,21,23,23,23,0,0,92356,0,0,181,0,0,0,0,0,0,44,7381,2,0,0,0,0,0
342,4133,343.13475591689206,99964,238,128,23,9,5435,2783,0.08220959545436357,109,78,46090,47929,3516,1830,22,24,24,24,0,0,92286,0,0,187,0,0,0,0,0,0,45,7443,3,0,0,0,0,0
343,4133,344.20149338412125,99964,235,122,23,9,5468,2799,0.08269977191789044,105,93,46074,47901,3538,1848,23,25,25,25,0,0,92228,0,0,189,0,0,0,0,0,0,47,7497,3,0,0,0,0,0
344,4133,345.2686124491394,99964,230,127,23,9,5490,2821,0.08313993037493497,124,86,46046,47894,3551,1856,24,26,26,27,0,0,92182,0,0,190,0,0,0,0,0,0,50,7539,3,0,0,0,0,0
345,4133,346.33623473520936,99963,241,127,24,9,5532,2845,0.08380100637235777,117,88,46027,47872,3563,1874,26,28,28,29,0,0,92125,0,0,192,0,0,0,0,0,0,54,7589,3,0,0,0,0,0
346,4133,347.0481891892919,99963,232,127,24,9,5550,2860,0.08413112851755149,121,89,46010,47865,3583,1878,28,30,30,31,0,0,92082,0,0,195,0,0,0,0,0,0,58,7625,3,0,0,0,0,0
347,4133,348.116637224426,99963,237,128,24,9,5579,2882,0.08464131728739634,131,89,45989,47850,3587,1890,30,32,32,33,0,0,92034,0,0,195,0,0,0,0,0,0,61,7669,4,0,0,0,0,0
348,4133,349.1854507323473,99963,236,136,24,9,5613,2911,0.08527155047367525,131,80,45963,47833,3612,1906,32,34,34,35,0,0,91979,0,0,200,0,0,0,0,0,0,65,7715,4,0,0,0,0,0
349,4133,350.2548309257471,99963,240,143,24,9,5654,2941,0.08598181327091024,126,71,45939,47818,3634,1921,35,36,37,38,0,0,91915,0,0,202,0,0,0,0,0,0,71,7771,4,0,0,0,0,0
350,4133,351.32480979335145,99963,226,142,24,9,5689,2957,0.08649200204075508,126,81,45914,47803,3670,1924,38,39,40,41,0,0,91846,0,0,205,0,0,0,0,0,0,77,7831,4,0,0,0,0,0
351,4133,352.0385038369328,99963,229,150,24,9,5718,2975,0.08696217600512189,123,84,45897,47785,3684,1928,41,42,43,44,0,0,91811,0,0,210,0,0,0,0,0,0,81,7855,6,0,0,0,0,0
352,4133,353.1095211153788,99963,226,144,24,9,5749,3002,0.08754239068455329,131,84,45864,47760,3708,1955,45,46,47,48,0,0,91741,0,0,214,0,0,0,0,0,0,88,7913,7,0,0,0,0,0
353,4133,354.1812615488202,99963,219,146,24,9,5777,3023,0.08803257205165911,151,85,45828,47743,3727,1965,49,50,51,52,0,0,91683,0,0,217,0,0,0,0,0,0,95,7960,8,0,0,0,0,0
354,4133,355.2536539960276,99963,220,143,24,9,5813,3041,0.08857277192561247,146,84,45802,47727,3752,1980,54,55,56,57,0,0,91619,0,0,219,0,0,0,0,0,0,105,8012,8,0,0,0,0,0
355,4133,356.32677958298297,99963,222,146,24,9,5858,3068,0.08929303842421696,140,76,45770,47709,3783,1998,59,60,61,62,0,0,91548,0,0,223,0,0,0,0,0,0,113,8069,10,0,0,0,0,0
356,4133,357.0426426713949,99963,222,145,24,9,5880,3082,0.0896531716735192,141,73,45748,47696,3799,2009,64,66,67,67,0,0,91500,0,0,223,0,0,0,0,0,0,124,8106,10,0,0,0,0,0
357,4133,358.11708574456264,99963,229,139,24,9,5919,3101,0.0902333863529506,141,73,45724,47678,3810,2027,70,72,73,73,0,0,91435,0,0,225,0,0,0,0,0,0,134,8157,12,0,0,0,0,0
358,4133,359.19213003951137,99963,229,136,24,9,5960,3120,0.09083360843512099,142,71,45697,47664,3831,2039,75,79,80,80,0,0,91365,0,0,230,0,0,0,0,0,0,146,8208,14,0,0,0,0,0
359,4133,360.26777356664417,99963,245,136,24,9,6012,3139,0.09154387123235597,132,73,45662,47649,3853,2044,82,87,88,87,0,0,91297,0,0,232,0,0,0,0,0,0,161,8259,14,0,0,0,0,0
360,4133,361.34411892456944,99963,235,127,24,9,6046,3158,0.09207406740493983,144,75,45625,47624,3880,2067,90,96,97,95,0,0,91212,0,0,234,0,0,0,0,0,0,176,8325,16,0,0,0,0,0
361,4133,362.0621709677812,99963,231,122,24,9,6068,3165,0.09236417474465553,146,84,45605,47606,3893,2071,99,106,107,104,0,0,91157,0,0,235,0,0,0,0,0,0,194,8360,17,0,0,0,0,0
362,4133,363.1398768516718,99963,237,115,24,9,6105,3180,0.09288436721586987,141,86,45580,47588,3908,2083,108,117,118,113,0,0,91093,0,0,241,1,0,0,0,0,0,212,8398,18,0,0,0,0,0
363,4133,364.2181864273434,99963,247,119,24,9,6143,3204,0.09350459670077929,133,78,45556,47566,3921,2097,117,129,130,123,0,0,91028,0,0,246,1,0,0,0,0,0,234,8436,18,0,0,0,0,0
364,4133,365.2971087910647,99963,238,111,24,9,6169,3226,0.09398477436651562,153,85,45521,47532,3935,2120,127,141,143,134,0,0,90943,0,0,248,1,0,0,0,0,0,256,8495,20,0,0,0,0,0
365,4133,366.01679623983205,99963,231,112,24,9,6193,3238,0.09434490761581785,160,83,45484,47514,3960,2125,139,155,157,146,0,0,90878,0,0,251,1,0,0,0,0,0,282,8531,20,0,0,0,0,0
366,4133,367.0972087572885,99963,252,118,24,9,6246,3260,0.09509518521853086,143,83,45453,47487,3975,2133,151,168,172,159,0,0,90804,0,0,253,1,0,0,0,0,0,310,8575,20,0,0,0,0,0
367,4133,368.17832896822176,99963,255,134,24,9,6287,3292,0.09582545541850485,132,72,45429,47462,3993,2137,165,184,189,173,0,0,90727,0,0,256,2,0,0,0,0,0,338,8617,23,0,0,0,0,0
368,4133,369.25998684259025,99962,259,124,25,9,6332,3303,0.09638662691822893,118,86,45400,47433,4016,2145,180,201,207,188,0,0,90638,0,0,260,2,0,0,0,0,0,369,8668,25,0,0,0,0,0
369,4133,370.34247018301875,99962,251,132,25,9,6364,3333,0.09700686260779096,129,82,45365,47394,4033,2161,195,220,227,205,0,0,90546,0,0,264,2,0,0,0,0,0,403,8719,28,0,0,0,0,0
370,4133,371.064559417797,99962,262,131,25,9,6393,3348,0.0974470298713511,125,80,45333,47363,4040,2173,213,242,249,223,0,0,90477,0,0,265,2,0,0,0,0,0,439,8747,32,0,0,0,0,0
371,4133,372.1485468005443,99962,268,131,25,9,6426,3370,0.0979972389508013,128,75,45304,47331,4043,2187,230,265,273,242,0,0,90390,0,0,268,2,0,0,0,0,0,480,8788,34,0,0,0,0,0
372,4133,373.233169463294,99962,256,134,25,9,6454,3388,0.09845741381725055,144,68,45259,47305,4063,2193,251,289,299,263,0,0,90293,0,0,271,2,0,0,0,0,0,525,8835,36,0,0,0,0,0
373,4133,374.3187749649237,99962,255,134,25,9,6496,3406,0.0990576419039235,145,71,45210,47275,4093,2194,270,315,327,285,0,0,90189,0,0,274,2,0,0,0,0,0,571,8886,40,0,0,0,0,0
374,4133,375.0431701278733,99962,268,132,25,9,6529,3418,0.09950781296892819,132,72,45173,47240,4108,2201,292,344,357,309,0,0,90106,0,0,276,2,0,0,0,0,0,622,8913,43,0,0,0,0,0
375,4133,376.13077267272405,99962,274,126,25,9,6568,3432,0.10003801444548929,131,78,45135,47195,4119,2215,314,375,390,334,0,0,90004,0,0,277,2,0,0,0,0,0,672,8956,51,0,0,0,0,0
376,4133,377.21940075372197,99962,251,126,25,9,6600,3453,0.10056821592205038,143,82,45084,47148,4156,2225,339,408,425,361,0,0,89882,0,0,284,2,0,0,0,0,0,725,9009,60,0,0,0,0,0
377,4133,378.30928752154614,99961,261,122,25,10,6651,3477,0.10131951461069817,135,90,45035,47094,4176,2239,366,443,463,390,0,0,89759,0,0,291,3,0,0,0,0,0,787,9057,64,0,0,0,0,0
378,4133,379.0364887559876,99961,270,128,25,10,6685,3499,0.10187973309590741,134,81,44986,47051,4187,2245,396,483,504,421,0,0,89655,0,0,293,3,0,0,0,0,0,852,9087,71,0,0,0,0,0
379,4133,380.1285691865403,99961,273,137,25,10,6724,3527,0.10254999449785417,134,80,44938,46990,4200,2256,428,525,548,454,0,0,89531,0,0,295,3,0,0,0,0,0,923,9132,77,0,0,0,0,0
380,4133,381.2216589413636,99961,280,142,25,10,6763,3553,0.10320024809675774,143,72,44888,46938,4201,2266,461,570,595,489,0,0,89405,0,0,296,3,0,0,0,0,0,997,9175,85,0,0,0,0,0
381,4133,382.3158600983351,99961,272,144,25,10,6803,3581,0.10388051340022608,148,67,44830,46874,4228,2284,495,619,646,526,0,0,89261,0,0,306,3,0,0,0,0,0,1077,9221,93,0,0,0,0,0
382,4133,383.04614103143064,99961,282,149,25,10,6831,3599,0.10434069287021938,156,66,44765,46812,4237,2289,533,672,700,566,0,0,89147,0,0,309,3,0,0,0,0,0,1163,9238,101,0,0,0,0,0
383,4133,384.1431371252254,99961,270,139,25,10,6865,3609,0.10478086453716949,161,74,44704,46747,4263,2300,575,728,758,608,0,0,88997,0,0,314,3,0,0,0,0,0,1252,9283,112,0,0,0,0,0
384,4133,385.24168735815914,99961,278,137,25,10,6911,3633,0.10548113764368104,164,73,44629,46681,4283,2311,619,786,820,653,0,0,88844,0,0,317,4,0,0,0,0,0,1346,9325,125,0,0,0,0,0
385,4133,386.3419362778176,99961,275,128,25,10,6952,3651,0.10607136783345504,175,70,44551,46612,4306,2328,666,850,886,700,0,0,88679,0,0,324,4,0,0,0,0,0,1447,9370,137,0,0,0,0,0
386,4133,387.07650109977396,99961,279,134,25,10,6985,3666,0.10655155510649153,182,72,44484,46539,4315,2327,713,916,957,750,0,0,88542,0,0,328,4,0,0,0,0,0,1550,9382,155,0,0,0,0,0
387,4133,388.18011231472093,99961,274,146,25,10,7034,3697,0.107351867228219,174,63,44413,46462,4350,2332,762,985,1032,803,0,0,88355,0,0,335,4,0,0,0,0,0,1671,9434,162,0,0,0,0,0
388,4133,389.2855785143082,99961,285,138,25,10,7091,3714,0.10809215594081692,164,72,44334,46372,4372,2342,818,1064,1112,859,0,0,88165,0,0,339,4,0,0,0,0,0,1794,9484,175,0,0,0,0,0
389,4133,390.0236847332817,99960,266,144,26,10,7113,3731,0.10848339335734293,170,62,44271,46295,4391,2340,874,1147,1197,918,0,0,87988,0,0,345,4,0,0,0,0,0,1925,9510,188,0,0,0,0,0
390,4133,391.13285168808534,99960,261,127,26,10,7159,3745,0.10908363345338135,169,72,44199,46203,4410,2355,933,1231,1287,980,0,0,87776,0,0,350,4,0,0,0,0,0,2060,9565,205,0,0,0,0,0
391,4133,392.2438971513536,99958,284,128,28,10,7218,3769,0.10991616478921147,154,73,44122,46101,4419,2362,991,1324,1382,1045,0,0,87578,0,0,349,5,0,0,0,0,0,2199,9602,225,0,0,0,0,0
392,4133,393.35685724941635,99957,263,125,29,10,7262,3788,0.1105475354402393,150,82,44035,45992,4467,2367,1054,1422,1483,1114,0,0,87344,0,0,352,7,0,0,0,0,0,2352,9661,241,0,0,0,0,0
393,4133,394.1001295095691,99957,271,123,29,10,7295,3802,0.11101773762717969,144,80,43963,45886,4470,2373,1121,1526,1590,1186,0,0,87147,0,0,353,8,0,0,0,0,0,2510,9678,261,0,0,0,0,0
394,4133,395.21728808866675,99957,291,107,29,10,7343,3819,0.11166801724741639,137,80,43888,45778,4466,2388,1187,1635,1703,1262,0,0,86927,0,0,355,9,0,0,0,0,0,2672,9707,287,0,0,0,0,0
395,4133,396.3362467850262,99957,276,115,29,10,7374,3842,0.11220824954730534,151,80,43796,45657,4486,2387,1260,1749,1822,1341,0,0,86687,0,0,356,10,0,0,0,0,0,2853,9748,303,0,0,0,0,0
396,4133,397.0834271957047,99957,274,119,29,10,7397,3860,0.11261842592314696,164,68,43712,45545,4479,2384,1340,1872,1948,1424,0,0,86470,0,0,359,11,0,0,0,0,0,3035,9753,329,0,0,0,0,0
397,4133,398.206698992888,99957,286,116,29,10,7447,3879,0.11330872275078284,163,66,43621,45420,4476,2390,1423,1996,2080,1511,0,0,86226,0,0,363,11,0,0,0,0,0,3223,9774,360,0,0,0,0,0
398,4133,399.33221450803364,99957,279,119,29,10,7487,3903,0.11394899806916975,158,70,43528,45264,4493,2406,1511,2129,2219,1602,0,0,85946,0,0,369,11,0,0,0,0,0,3441,9818,372,0,0,0,0,0
399,4133,400.08392619174936,99957,274,116,29,10,7518,3914,0.11436917874686114,161,82,43424,45114,4508,2408,1602,2268,2365,1697,0,0,85685,0,0,372,11,0,0,0,0,0,3655,9835,399,0,0,0,0,0
400,4133,401.21447966521555,99957,275,113,29,10,7564,3930,0.11498944546154846,158,90,43325,44959,4520,2406,1691,2420,2519,1796,0,0,85399,0,0,373,12,0,0,0,0,0,3879,9867,427,0,0,0,0,0
401,4133,402.3477977464539,99957,255,108,29,10,7607,3947,0.11558970357253619,152,94,43215,44806,4558,2407,1789,2573,2680,1900,0,0,85084,0,0,377,13,0,0,0,0,0,4114,9913,456,0,0,0,0,0
402,4133,403.1050724446907,99957,257,105,29,10,7642,3959,0.11605990575947657,136,102,43118,44640,4566,2411,1892,2730,2849,2008,0,0,84787,0,0,383,13,0,0,0,0,0,4369,9927,478,0,0,0,0,0
403,4133,404.24419556845294,99957,261,110,29,10,7685,3983,0.11673019398341286,137,96,43003,44472,4568,2412,2000,2898,3026,2120,0,0,84473,0,0,385,13,0,0,0,0,0,4627,9950,509,0,0,0,0,0
404,4133,405.0051520202038,99957,270,116,29,10,7713,4002,0.11720039617035326,122,91,42896,44291,4567,2412,2114,3078,3211,2237,0,0,84163,0,0,386,14,0,0,0,0,0,4907,9957,530,0,0,0,0,0
405,4133,406.15000316118005,99956,263,125,30,10,7749,4022,0.11776181519868742,117,96,42775,44111,4586,2400,2227,3256,3404,2359,0,0,83824,0,0,389,15,0,0,0,0,0,5196,9977,555,0,0,0,0,0
406,4133,407.2981560383032,99956,259,127,30,10,7783,4050,0.11838208811877227,123,88,42657,43922,4589,2406,2340,3445,3606,2485,0,0,83467,0,0,394,15,0,0,0,0,0,5494,10001,585,0,0,0,0,0
407,4133,408.06533582536207,99956,257,127,30,10,7814,4065,0.11884229060786747,117,86,42532,43725,4597,2405,2465,3645,3817,2616,0,0,83114,0,0,394,17,0,0,0,0,0,5801,10012,618,0,0,0,0,0
408,4133,409.2201918885691,99955,248,124,31,10,7853,4088,0.11946375869141114,119,82,42399,43522,4604,2409,2597,3851,4036,2752,0,0,82732,0,0,397,19,0,0,0,0,0,6114,10035,658,0,0,0,0,0
409,4133,410.3787051712247,99954,232,132,32,10,7884,4110,0.11999519779098385,129,77,42262,43308,4618,2409,2725,4062,4264,2893,0,0,82339,0,0,400,19,0,0,0,0,0,6449,10055,692,0,0,0,0,0
410,4133,411.1531312693801,99954,235,134,32,10,7908,4127,0.12040538647777978,124,77,42116,43083,4624,2403,2867,4291,4501,3039,0,0,81958,0,0,402,20,0,0,0,0,0,6797,10051,726,0,0,0,0,0
411,4133,412.31930919734776,99954,225,135,32,10,7940,4152,0.12097564879844729,137,76,41984,42845,4614,2408,3006,4524,4747,3190,0,0,81553,0,0,404,20,0,0,0,0,0,7138,10057,782,0,0,0,0,0
412,4133,413.09885327340686,99954,223,139,32,10,7967,4169,0.12141585129159413,137,73,41834,42609,4618,2402,3154,4765,5003,3346,0,0,81148,0,0,406,23,0,0,0,0,0,7506,10048,823,0,0,0,0,0
413,4133,414.2729021917984,99953,222,138,33,10,8009,4187,0.1220173481536322,133,79,41681,42361,4627,2398,3302,5012,5268,3507,0,0,80717,0,0,411,24,0,0,0,0,0,7881,10047,873,0,0,0,0,0
414,4133,415.05801725714923,99953,218,135,33,10,8031,4199,0.12235750802877353,136,82,41537,42104,4619,2394,3455,5273,5542,3673,0,0,80293,0,0,412,24,0,0,0,0,0,8265,10030,929,0,0,0,0,0
415,4133,416.2405812887132,99952,222,136,34,10,8073,4223,0.12301904914358892,116,77,41397,41861,4625,2378,3604,5536,5826,3845,0,0,79844,0,0,411,28,0,0,0,0,0,8656,10023,990,0,0,0,0,0
416,4133,417.0312715425527,99952,230,134,34,10,8101,4234,0.12340923643348807,123,77,41225,41582,4611,2377,3775,5818,6119,4022,0,0,79394,0,0,409,32,0,0,0,0,0,9075,10005,1037,0,0,0,0,0
417,4133,418.22265880630783,99952,213,126,34,10,8129,4252,0.12386945733952297,131,73,41077,41306,4606,2380,3937,6103,6422,4204,0,0,78896,0,0,416,31,1,0,0,0,0,9509,10012,1087,0,0,0,0,0
418,4133,419.0193564472887,99952,209,123,34,10,8152,4262,0.12419961581559148,130,72,40916,41023,4599,2370,4110,6400,6734,4391,0,0,78424,0,0,415,36,1,0,0,0,0,9945,9986,1145,0,0,0,0,0
419,4133,420.2199775215964,99952,213,130,34,10,8183,4288,0.12476988954698255,154,87,40723,40723,4589,2359,4285,6689,7056,4584,0,0,77924,7,1,417,39,2,0,0,0,0,10406,9962,1194,0,0,0,0,0
420,4133,421.20623977928693,99952,212,135,34,10,8214,4315,0.12535016808067873,190,92,40503,40413,4594,2355,4465,6993,7387,4782,0,0,77406,56,5,414,43,2,0,0,0,0,10871,9905,1250,0,0,0,0,0
421,4133,422.1972927749526,99952,240,135,34,10,8274,4334,0.12614054746278214,196,109,40293,40088,4587,2352,4648,7304,7727,4985,0,0,76866,104,6,412,47,2,0,0,0,0,11362,9856,1297,0,0,0,0,0
422,4133,423.19304887427154,99952,264,134,34,10,8330,4357,0.12693092684488555,199,123,40092,39757,4579,2347,4830,7627,8077,5193,0,0,76321,151,8,418,48,2,0,0,0,0,11858,9790,1356,0,0,0,0,0
423,4133,424.19345916887767,99952,267,142,34,10,8374,4385,0.1276512726108532,220,133,39877,39419,4574,2336,5026,7958,8436,5406,0,0,75762,206,11,419,50,2,0,0,0,0,12359,9721,1422,0,0,0,0,0
424,4133,425.19894871903085,99952,288,153,34,10,8436,4422,0.12864174803905876,240,130,39634,39067,4580,2340,5222,8298,8804,5625,0,0,75175,265,14,423,51,2,0,0,0,0,12884,9658,1480,0,0,0,0,0
425,4133,426.2099000780378,99952,304,169,34,10,8494,4453,0.12953217544421322,267,143,39384,38717,4587,2330,5422,8629,9180,5849,0,0,74586,312,21,425,52,2,0,0,0,0,13419,9598,1537,0,0,0,0,0
426,4133,427.2266216265142,99952,328,185,34,10,8560,4494,0.1306026892908596,275,134,39140,38376,4586,2321,5635,8972,9565,6078,0,0,73984,364,32,429,52,2,0,0,0,0,13958,9530,1601,0,0,0,0,0
427,4133,428.24923264956385,99952,350,198,34,10,8636,4535,0.13177325116055708,298,143,38875,38002,4600,2314,5841,9331,9958,6312,0,0,73362,432,38,432,57,2,0,0,0,0,14506,9454,1669,0,0,0,0,0
428,4133,429.27816415105326,99951,373,212,35,10,8703,4577,0.13286510390091144,332,149,38613,37636,4592,2300,6053,9691,10360,6550,0,0,72746,493,43,431,63,2,0,0,0,0,15055,9369,1749,0,0,0,0,0
429,4133,430.3133742323136,99950,409,219,36,10,8798,4614,0.13418709354677338,327,162,38355,37255,4605,2293,6266,10059,10770,6793,0,0,72102,564,54,430,70,2,0,0,0,0,15616,9289,1823,0,0,0,0,0
430,4133,431.0070871572091,99950,415,228,36,10,8854,4649,0.1350975487743872,348,169,38084,36862,4619,2290,6496,10439,11187,7041,0,0,71435,618,69,431,74,2,0,0,0,0,16214,9234,1873,0,0,0,0,0
431,4133,432.0555946197225,99950,430,237,36,10,8938,4700,0.13644822411205604,376,169,37798,36461,4639,2301,6719,10820,11612,7293,0,0,70751,700,82,441,77,3,0,0,0,0,16802,9149,1945,0,0,0,0,0
432,4133,433.11153435075676,99950,479,248,36,10,9045,4746,0.13797898949474738,403,188,37496,36061,4640,2292,6944,11199,12044,7550,0,0,70076,766,102,446,79,3,0,0,0,0,17391,9064,2023,0,0,0,0,0
433,4133,434.1748849619919,99950,505,263,36,10,9139,4795,0.1394097048524262,425,202,37213,35655,4652,2280,7167,11588,12482,7811,0,0,69377,846,117,450,82,3,0,0,0,0,17995,8980,2100,0,0,0,0,0
434,4133,435.2456074081321,99950,529,284,36,10,9242,4851,0.14100050025012506,449,197,36918,35237,4682,2284,7384,11986,12927,8076,0,0,68647,926,135,455,91,3,0,0,0,0,18626,8914,2153,0,0,0,0,0
435,4133,436.32401550220214,99950,549,278,36,10,9353,4905,0.14265132566283142,465,225,36628,34795,4720,2307,7600,12383,13378,8345,0,0,67879,1046,154,464,94,3,0,0,0,0,19255,8833,2222,0,0,0,0,0
436,4133,437.04739592551863,99950,579,275,36,10,9436,4944,0.143871935967984,444,231,36367,34378,4723,2310,7849,12794,13835,8618,0,0,67178,1106,174,474,98,3,0,0,0,0,19875,8734,2308,0,0,0,0,0
437,4133,438.1416342298875,99950,615,298,36,10,9559,5007,0.14573286643321662,455,241,36060,33954,4760,2309,8072,13186,14297,8895,0,0,66434,1190,201,477,108,3,0,0,0,0,20508,8649,2380,0,0,0,0,0
438,4133,439.24441173061825,99950,647,321,36,10,9692,5083,0.147823911955978,492,238,35724,33517,4796,2316,8303,13596,14764,9175,0,0,65659,1294,237,484,114,3,0,0,0,0,21142,8566,2451,0,0,0,0,0
439,4133,440.35644520028126,99950,681,327,36,10,9825,5148,0.1498049024512256,525,261,35405,33083,4832,2333,8519,13984,15235,9459,0,0,64898,1395,274,496,122,3,0,0,0,0,21765,8459,2538,0,0,0,0,0
440,4133,441.1028637402516,99950,695,316,36,10,9915,5186,0.1510855427713857,532,277,35113,32643,4850,2334,8772,14418,15710,9746,0,0,64145,1481,301,500,129,3,0,0,0,0,22404,8360,2627,0,0,0,0,0
441,4133,442.23291786722365,99950,726,356,36,10,10060,5275,0.15342671335667835,583,284,34764,32178,4896,2341,8993,14829,16189,10036,0,0,63356,1576,343,517,138,3,0,0,0,0,23056,8268,2693,0,0,0,0,0
442,4133,443.37301148256023,99949,760,378,36,11,10224,5365,0.15596954446767852,615,282,34408,31731,4955,2362,9224,15234,16671,10329,0,0,62544,1704,387,533,146,3,0,0,0,0,23695,8159,2778,0,0,0,0,0
443,4133,444.1390803564542,99949,800,392,36,11,10343,5411,0.1576203863970625,637,298,34097,31273,4961,2362,9467,15662,17156,10624,0,0,61775,1777,414,539,150,3,0,0,0,0,24363,8069,2859,0,0,0,0,0
444,4133,445.2995394650242,99948,838,417,37,11,10517,5497,0.16022331612438467,666,327,33738,30815,5029,2368,9690,16060,17643,10922,0,0,60953,1894,472,552,156,3,0,0,0,0,25008,7974,2936,0,0,0,0,0
445,4133,446.0793165655064,99947,879,430,38,11,10648,5568,0.1622459903748987,688,321,33394,30387,5057,2370,9942,16479,18132,11222,0,0,60171,1981,519,557,162,4,0,0,0,0,25654,7876,3023,0,0,0,0,0
446,4133,447.26167157548275,99946,930,454,38,12,10855,5677,0.165409321033358,691,309,33042,29946,5135,2396,10162,16881,18623,11524,0,0,59322,2126,571,583,174,5,0,0,0,0,26302,7761,3102,0,0,0,0,0
447,4133,448.05650719724525,99946,957,453,38,12,10992,5731,0.16732035299061493,725,333,32706,29507,5177,2389,10395,17304,19115,11828,0,0,58522,2225,625,582,184,5,0,0,0,0,26948,7665,3190,0,0,0,0,0
448,4133,449.2622472564266,99945,1015,471,39,12,11208,5819,0.17036370003501927,766,358,32304,29043,5247,2412,10627,17702,19608,12134,0,0,57685,2346,700,588,203,5,0,0,0,0,27585,7572,3261,0,0,0,0,0
449,4133,450.07343173680727,99944,1044,493,40,12,11353,5894,0.17256663731689748,776,372,31979,28581,5301,2408,10858,18132,20101,12441,0,0,56882,2425,765,605,208,5,0,0,0,0,28241,7479,3334,0,0,0,0,0
450,4133,451.3039181698144,99943,1110,539,40,13,11609,6010,0.17629048557677876,790,399,31575,28127,5403,2416,11080,18504,20593,12750,0,0,56003,2584,840,616,221,5,0,0,0,0,28885,7385,3404,0,0,0,0,0
451,4133,452.13196344815,99943,1128,558,40,13,11764,6093,0.17867184295048177,822,415,31216,27650,5461,2423,11331,18939,21085,13060,0,0,55179,2701,912,618,229,5,0,0,0,0,29519,7287,3493,0,0,0,0,0
452,4133,453.3899891832493,99943,1190,619,40,13,12031,6235,0.18276417558008065,817,424,30826,27178,5582,2444,11543,19320,21576,13370,0,0,54305,2866,998,628,247,5,0,0,0,0,30138,7182,3574,0,0,0,0,0
453,4133,454.23677120029896,99943,1232,654,40,13,12214,6346,0.18570585233583142,830,429,30463,26720,5644,2472,11789,19710,22065,13681,0,0,53479,2980,1073,643,254,7,0,0,0,0,30772,7080,3655,0,0,0,0,0
454,4133,455.0927590381821,99943,1259,670,40,13,12398,6446,0.18854747205907368,858,433,30100,26271,5718,2509,12023,20102,22552,13993,0,0,52646,3092,1172,656,267,7,0,0,0,0,31391,6988,3724,0,0,0,0,0
455,4133,456.39384688412406,99940,1281,692,43,13,12661,6591,0.1926355813488093,924,454,29694,25808,5859,2580,12197,20451,23037,14305,0,0,51728,3292,1287,682,277,7,0,0,0,0,31981,6880,3806,0,0,0,0,0
456,4133,457.2702791373412,99940,1304,704,43,13,12841,6694,0.19546728036822092,988,441,29327,25380,5923,2615,12413,20845,23520,14617,0,0,50908,3407,1388,700,286,8,0,0,0,0,32581,6773,3889,0,0,0,0,0
457,4133,458.15673988731163,99940,1353,707,43,13,13066,6790,0.1986792075245147,1010,462,28958,24951,6008,2656,12626,21209,24000,14929,0,0,50063,3540,1487,711,308,8,0,0,0,0,33191,6681,3951,0,0,0,0,0
458,4133,459.05347384134643,99940,1401,715,43,13,13298,6890,0.20200120072043226,1041,494,28566,24511,6110,2698,12837,21567,24476,15240,0,0,49225,3673,1595,724,323,8,0,0,0,0,33784,6583,4025,0,0,0,0,0
459,4133,460.41866406377113,99938,1490,759,45,13,13655,7068,0.20735856230863134,1052,524,28142,24065,6270,2781,12999,21856,24949,15551,0,0,48279,3901,1710,750,345,9,0,0,0,0,34379,6489,4076,0,0,0,0,0
460,4133,461.3392127098273,99937,1532,773,46,13,13894,7178,0.21085283728749113,1088,531,27760,23654,6370,2824,13202,22203,25418,15861,0,0,47436,4014,1836,773,363,9,0,0,0,0,34970,6416,4120,0,0,0,0,0
461,4133,462.2712667833242,99936,1566,802,47,13,14125,7304,0.21442723342939482,1111,554,27407,23229,6457,2868,13410,22532,25883,16170,0,0,46621,4143,1958,781,388,9,0,0,0,0,35526,6317,4193,0,0,0,0,0
462,4133,463.21455263061523,99935,1626,840,48,13,14398,7436,0.21848201330865064,1084,556,27043,22826,6573,2907,13624,22856,26343,16478,0,0,45799,4272,2087,802,408,10,0,0,0,0,36084,6220,4253,0,0,0,0,0
463,4133,464.16960140756504,99934,1687,866,48,14,14670,7572,0.22256689415013908,1078,574,26699,22420,6663,2951,13823,23173,26799,16785,0,0,44991,4410,2220,820,430,10,0,0,0,0,36613,6107,4333,0,0,0,0,0
464,4133,465.13628503032726,99933,1730,908,49,14,14927,7733,0.22675192378893858,1144,552,26298,22058,6767,2996,14010,23470,27250,17090,0,0,44183,4542,2360,835,459,11,0,0,0,0,37137,6008,4398,0,0,0,0,0
465,4133,466.1155741998245,99932,1778,940,49,15,15219,7887,0.2312172277148461,1166,557,25919,21656,6903,3057,14183,23773,27695,17394,0,0,43374,4690,2525,855,477,13,0,0,0,0,37623,5899,4476,0,0,0,0,0
466,4133,467.1087507594055,99929,1810,940,51,16,15531,8020,0.2356773309049425,1152,573,25559,21255,7081,3135,14345,24079,28135,17696,0,0,42501,4877,2687,874,502,13,0,0,0,0,38130,5819,4526,0,0,0,0,0
467,4133,468.1152268370176,99929,1870,946,51,16,15854,8160,0.2403106205405838,1119,598,25228,20887,7221,3208,14509,24343,28569,17996,0,0,41685,5029,2861,900,530,14,0,0,0,0,38605,5723,4582,0,0,0,0,0
468,4133,469.1349425987114,99928,1902,938,52,16,16157,8294,0.24468617404531262,1149,622,24847,20538,7373,3277,14675,24607,28998,18294,0,0,40885,5180,3059,920,558,15,0,0,0,0,39042,5625,4644,0,0,0,0,0
469,4133,470.16863783566515,99928,1903,958,52,16,16449,8465,0.24931951004723402,1198,620,24479,20183,7545,3349,14821,24872,29421,18590,0,0,40050,5370,3251,936,588,16,0,0,0,0,39485,5534,4698,0,0,0,0,0
470,4133,471.2175064626797,99928,1937,981,52,16,16774,8627,0.25419301897366103,1200,615,24139,19842,7713,3415,14957,25129,29838,18884,0,0,39258,5525,3452,962,617,16,0,0,0,0,39908,5428,4762,0,0,0,0,0
471,4133,472.2808114108127,99925,1971,999,55,16,17117,8800,0.2593645233925444,1210,593,23762,19503,7889,3508,15111,25379,30248,19175,0,0,38431,5698,3647,992,654,17,0,0,0,0,40343,5346,4797,0,0,0,0,0
472,4133,473.36025768636995,99925,2007,1020,55,16,17444,8969,0.26432824618463846,1243,605,23420,19189,8033,3582,15240,25586,30652,19464,0,0,37646,5840,3857,1021,682,20,0,0,0,0,40752,5267,4840,0,0,0,0,0
473,4133,474.4547905080701,99924,2030,1021,55,17,17788,9126,0.26934470197349986,1244,606,23074,18886,8222,3674,15373,25794,31050,19750,0,0,36870,5989,4089,1055,720,21,0,0,0,0,41126,5174,4880,0,0,0,0,0
474,4133,475.0066628808436,99923,2038,1030,55,18,17961,9220,0.27201945498033486,1239,613,22820,18541,8277,3706,15569,26090,31441,20034,0,0,36208,6043,4245,1061,740,23,0,0,0,0,41571,5098,4934,0,0,0,0,0
475,4133,476.12962048838807,99920,2082,1039,58,18,18321,9397,0.27740192153722976,1257,638,22513,18243,8439,3795,15649,26265,31826,20315,0,0,35451,6198,4487,1089,772,27,0,0,0,0,41913,5003,4980,0,0,0,0,0
476,4133,477.2667983735428,99919,2090,1065,59,18,18665,9584,0.2827190023919375,1303,613,22186,17980,8615,3874,15745,26448,32204,20593,0,0,34713,6343,4741,1117,813,31,0,0,0,0,42234,4908,5019,0,0,0,0,0
477,4133,478.4197179331076,99918,2118,1055,60,18,19044,9772,0.2883964851177966,1274,617,21890,17722,8819,3983,15837,26603,32575,20868,0,0,33953,6520,5033,1139,844,36,0,0,0,0,42508,4823,5062,0,0,0,0,0
478,4133,479.0006751862545,99917,2093,1071,61,18,19209,9875,0.2910815977261127,1272,600,21622,17449,8914,4006,16036,26854,32940,21140,0,0,33337,6548,5215,1158,870,38,0,0,0,0,42895,4755,5101,0,0,0,0,0
479,4133,480.18344404009883,99915,2071,1070,62,19,19572,10063,0.29660211179502577,1270,582,21346,17208,9131,4104,16118,27015,33298,21409,0,0,32613,6691,5524,1190,921,40,0,0,0,0,43137,4670,5129,0,0,0,0,0
480,4133,481.38337106505236,99911,2068,1068,63,22,19943,10252,0.30221897488765,1270,574,21058,16975,9353,4201,16186,27158,33649,21674,0,0,31898,6837,5831,1222,963,45,0,0,0,0,43372,4588,5155,0,0,0,0,0
481,4133,482.59899230322605,99910,2088,1069,64,22,20327,10449,0.30803723351015916,1248,566,20770,16727,9573,4317,16255,27297,33993,21936,0,0,31200,6971,6131,1256,1016,46,0,0,0,0,43603,4508,5179,0,0,0,0,0
482,4133,483.21154688280745,99910,2110,1064,64,22,20533,10520,0.3108097287558803,1229,602,20546,16452,9639,4330,16410,27528,34331,22195,0,0,30649,6982,6307,1265,1051,50,0,0,0,0,43948,4440,5218,0,0,0,0,0
483,4133,484.45785020289276,99910,2122,1056,64,22,20950,10706,0.3168451606445801,1155,604,20282,16209,9895,4453,16480,27654,34662,22450,0,0,29943,7130,6600,1312,1104,53,0,0,0,0,44166,4360,5242,0,0,0,0,0
484,4133,485.08527691975326,99910,2128,1067,64,22,21135,10799,0.31962766489840855,1137,587,20069,15983,9971,4468,16629,27871,34986,22702,0,0,29393,7165,6763,1323,1132,56,0,0,0,0,44501,4287,5290,0,0,0,0,0
485,4133,486.362271410055,99909,2118,1051,64,23,21489,10987,0.3250558007787086,1161,579,19817,15789,10169,4592,16669,27964,35303,22950,0,0,28730,7307,7054,1354,1186,58,0,0,0,0,44689,4208,5323,0,0,0,0,0
486,4133,487.00527384393723,99909,2098,1049,64,23,21667,11080,0.32776826912490364,1192,567,19596,15585,10239,4615,16809,28159,35614,23195,0,0,28222,7324,7263,1368,1213,60,0,0,0,0,44953,4125,5381,0,0,0,0,0
487,4133,488.3127695635908,99909,2052,1050,64,23,22037,11259,0.33326326957531355,1182,589,19335,15399,10508,4713,16857,28224,35918,23436,0,0,27562,7475,7570,1415,1257,62,0,0,0,0,45117,4039,5412,0,0,0,0,0
488,4133,489.6384312318186,99908,2052,1081,65,23,22403,11484,0.33918204748368497,1217,531,19080,15227,10698,4821,16886,28315,36216,23674,0,0,26931,7620,7849,1445,1305,70,0,0,0,0,45283,3957,5448,0,0,0,0,0
489,4133,490.3062267945182,99908,2079,1018,65,23,22630,11545,0.34206469952356167,1176,566,18887,15036,10774,4874,17017,28481,36507,23908,0,0,26424,7653,8078,1450,1338,72,0,0,0,0,45511,3898,5484,0,0,0,0,0
490,4133,491.6641198764834,99904,2128,994,68,24,23068,11737,0.34838444907110827,1111,561,18692,14885,10953,5011,17046,28523,36792,24139,0,0,25814,7792,8397,1477,1405,74,0,0,0,0,45620,3817,5508,0,0,0,0,0
491,4133,492.34725753913915,99903,2148,983,69,24,23280,11836,0.35150095592724945,1083,546,18514,14724,11023,5058,17161,28663,37071,24366,0,0,25351,7791,8602,1487,1459,74,0,0,0,0,45850,3759,5530,0,0,0,0,0
492,4133,493.0370694823918,99902,2119,968,70,24,23478,11922,0.3543472603151088,1064,554,18338,14570,11119,5087,17288,28795,37343,24590,0,0,24879,7812,8831,1492,1502,77,0,0,0,0,46050,3707,5552,0,0,0,0,0
493,4133,494.4373514165737,99899,2070,976,73,24,23855,12118,0.3600936946315779,1003,537,18204,14476,11341,5196,17307,28789,37609,24810,0,0,24296,7928,9145,1534,1570,80,0,0,0,0,46146,3634,5566,0,0,0,0,0
494,4133,495.1407904640358,99897,2027,962,75,24,24046,12205,0.3628837702833919,995,536,18032,14304,11452,5237,17417,28935,37869,25026,0,0,23837,7964,9359,1546,1611,83,0,0,0,0,46330,3567,5600,0,0,0,0,0
495,4133,496.56755097956534,99897,1988,953,75,24,24400,12391,0.3682893380181587,967,545,17875,14210,11654,5334,17439,28932,38123,25239,0,0,23295,8072,9685,1572,1681,86,0,0,0,0,46389,3505,5612,0,0,0,0,0
496,4133,497.2851952988008,99896,1970,964,75,25,24573,12483,0.37094578361495956,951,541,17727,14059,11720,5340,17555,29069,38371,25448,0,0,22893,8054,9892,1575,1724,88,0,0,0,0,46574,3459,5637,0,0,0,0,0
497,4133,498.00906355680434,99896,1948,943,75,25,24755,12577,0.37370865700328343,955,530,17584,13909,11780,5399,17656,29192,38613,25654,0,0,22500,8054,10120,1585,1769,90,0,0,0,0,46708,3393,5677,0,0,0,0,0
498,4133,499.4726210421133,99895,1905,931,76,25,25121,12766,0.3792682316432254,910,514,17493,13850,12001,5511,17613,29167,38850,25856,0,0,21994,8156,10445,1625,1843,93,0,0,0,0,46730,3313,5696,0,0,0,0,0
499,4133,500.20824326510024,99895,1856,922,76,25,25273,12873,0.3818609540017018,929,478,17378,13706,12063,5577,17696,29290,39081,26054,0,0,21570,8189,10631,1632,1891,96,0,0,0,0,46901,3265,5720,0,0,0,0,0
500,4133,501.6772939552311,99895,1783,921,76,25,25608,13048,0.3869663146303619,934,483,17226,13608,12286,5678,17693,29283,39307,26249,0,0,21088,8268,10913,1690,1966,101,0,0,0,0,46947,3184,5738,0,0,0,0,0
501,4133,502.41454226670663,99894,1799,909,77,25,25817,13123,0.38981320199411373,854,488,17120,13506,12368,5701,17780,29369,39527,26440,0,0,20715,8275,11100,1689,2016,104,0,0,0,0,47097,3137,5761,0,0,0,0,0
502,4133,503.148277485787,99893,1777,912,78,25,25970,13216,0.3922797393210736,858,473,17027,13394,12402,5732,17856,29462,39742,26628,0,0,20377,8243,11302,1698,2057,108,0,0,0,0,47230,3092,5786,0,0,0,0,0
503,4133,504.60668756940686,99890,1720,928,80,26,26291,13398,0.39732705976574234,826,443,16952,13340,12574,5815,17846,29446,39952,26813,0,0,19936,8319,11617,1717,2120,114,0,0,0,0,47226,3038,5803,0,0,0,0,0
504,4133,505.338448401426,99890,1719,916,80,26,26455,13477,0.3997597357092802,818,432,16815,13244,12627,5848,17939,29532,40156,26994,0,0,19609,8286,11810,1725,2162,120,0,0,0,0,47359,3005,5814,0,0,0,0,0
505,4133,506.06735821321126,99890,1716,916,80,26,26611,13560,0.4021523676043648,813,420,16728,13158,12640,5865,18021,29613,40355,27172,0,0,19302,8245,11993,1739,2210,121,0,0,0,0,47491,2959,5830,0,0,0,0,0
506,4133,507.51477052955875,99889,1616,891,81,26,26887,13712,0.40644114967614053,795,432,16637,13109,12854,5952,18015,29588,40549,27347,0,0,18889,8310,12311,1764,2283,127,0,0,0,0,47468,2905,5832,0,0,0,0,0
507,4133,508.24064277898117,99887,1607,875,83,26,27035,13786,0.4086717991330203,806,418,16528,13027,12891,5991,18083,29661,40739,27518,0,0,18579,8291,12484,1766,2332,129,0,0,0,0,47590,2866,5850,0,0,0,0,0
508,4133,509.684823424447,99885,1564,855,85,26,27310,13952,0.41309505931821594,788,380,16455,13010,13014,6094,18092,29633,40924,27686,0,0,18207,8312,12782,1806,2394,133,0,0,0,0,47572,2818,5861,0,0,0,0,0
509,4133,510.4096642710085,99885,1566,863,85,26,27471,14026,0.4154477649296691,754,362,16385,12930,13036,6108,18172,29709,41104,27851,0,0,17926,8272,12946,1825,2431,136,0,0,0,0,47694,2771,5884,0,0,0,0,0
510,4133,511.13079527473644,99885,1543,859,85,26,27616,14098,0.4176202633027982,727,368,16325,12857,13076,6117,18242,29771,41280,28013,0,0,17646,8239,13135,1836,2467,140,0,0,0,0,47786,2734,5902,0,0,0,0,0
511,4133,512.564902073929,99885,1504,818,85,26,27877,14232,0.42157481103268757,689,356,16298,12843,13216,6214,18206,29741,41451,28171,0,0,17301,8280,13410,1855,2535,148,0,0,0,0,47762,2687,5907,0,0,0,0,0
512,4133,513.2847038765078,99883,1487,801,86,27,28020,14299,0.42368571228337154,659,361,16230,12805,13259,6216,18277,29788,41618,28326,0,0,17029,8254,13579,1871,2582,148,0,0,0,0,47855,2645,5920,0,0,0,0,0
513,4133,514.0028344082812,99883,1436,779,86,27,28133,14355,0.42537769189952246,664,355,16182,12762,13307,6229,18323,29846,41781,28478,0,0,16768,8229,13754,1874,2630,152,0,0,0,0,47934,2612,5930,0,0,0,0,0
514,4133,515.4330545452074,99882,1371,740,87,27,28369,14493,0.42912636911555635,640,336,16146,12795,13438,6339,18316,29761,41940,28627,0,0,16434,8262,14040,1888,2701,157,0,0,0,0,47895,2581,5924,0,0,0,0,0
515,4133,516.1504447290886,99881,1327,722,88,27,28474,14537,0.4306224407044383,641,346,16095,12736,13471,6344,18376,29823,42095,28773,0,0,16206,8223,14212,1887,2747,158,0,0,0,0,47963,2544,5941,0,0,0,0,0
516,4133,517.5798845782724,99881,1320,697,88,27,28711,14663,0.4342567655510057,613,322,16081,12776,13551,6397,18345,29779,42246,28916,0,0,15941,8232,14453,1888,2822,166,0,0,0,0,47931,2499,5949,0,0,0,0,0
517,4133,518.2969799240711,99881,1311,697,88,27,28823,14729,0.43603888627466686,602,306,16032,12718,13570,6415,18395,29835,42393,29056,0,0,15709,8207,14598,1888,2854,173,0,0,0,0,48022,2470,5960,0,0,0,0,0
518,4133,519.0123983805289,99879,1304,699,90,27,28942,14797,0.43791988305850077,590,284,15983,12680,13577,6423,18454,29885,42536,29194,0,0,15483,8183,14758,1885,2889,174,0,0,0,0,48092,2441,5974,0,0,0,0,0
519,4133,520.4377000261675,99878,1290,636,91,27,29157,14883,0.4409379442920363,555,301,15957,12714,13649,6495,18456,29825,42676,29329,0,0,15218,8187,14972,1893,2964,179,0,0,0,0,48076,2415,5974,0,0,0,0,0
520,4133,521.1523461238916,99878,1265,617,91,27,29255,14936,0.44244978874226554,531,299,15926,12692,13674,6514,18511,29849,42812,29461,0,0,15017,8146,15143,1893,2995,185,0,0,0,0,48125,2390,5984,0,0,0,0,0
521,4133,522.5749360381852,99876,1237,608,91,29,29473,15053,0.4458128078817734,476,275,15928,12724,13785,6560,18481,29802,42945,29590,0,0,14757,8152,15363,1921,3041,193,0,0,0,0,48109,2347,5993,0,0,0,0,0
522,4133,523.2888749568029,99876,1162,591,91,29,29558,15098,0.4471144218831351,465,283,15916,12686,13848,6579,18516,29830,43074,29717,0,0,14542,8139,15509,1921,3086,200,0,0,0,0,48163,2317,5999,0,0,0,0,0
523,4133,524.0012608466642,99874,1119,574,93,29,29636,15143,0.44835492720828246,481,282,15881,12677,13856,6585,18568,29851,43200,29841,0,0,14370,8086,15657,1927,3118,209,0,0,0,0,48207,2285,6015,0,0,0,0,0
524,4133,525.4231363359957,99873,1062,564,94,29,29803,15247,0.45107286253542,463,255,15898,12718,13936,6631,18545,29801,43323,29963,0,0,14142,8075,15849,1952,3170,220,0,0,0,0,48201,2248,6016,0,0,0,0,0
525,4133,526.1367785765676,99872,1044,564,95,29,29877,15292,0.45226890419737265,456,248,15889,12708,13930,6622,18584,29827,43443,30082,0,0,13972,8027,15966,1956,3198,226,0,0,0,0,48276,2225,6026,0,0,0,0,0
526,4133,527.5589034455267,99870,1001,568,96,30,30060,15394,0.4551316711725243,423,241,15923,12773,14014,6635,18541,29751,43560,30199,0,0,13748,8016,16159,1987,3240,235,0,0,0,0,48265,2196,6024,0,0,0,0,0
527,4133,528.2727434928967,99868,968,549,97,31,30142,15434,0.4563623983658429,414,236,15905,12765,14036,6651,18578,29766,43674,30313,0,0,13567,7996,16279,1971,3291,238,0,0,0,0,48317,2181,6028,0,0,0,0,0
528,4133,529.69707633119,99868,923,510,97,31,30283,15508,0.4585152401169544,399,240,15946,12838,14081,6701,18552,29678,43785,30425,0,0,13385,7963,16476,1987,3354,238,0,0,0,0,48283,2153,6029,0,0,0,0,0
529,4133,530.4117631574888,99868,915,498,97,31,30365,15551,0.45976689229783313,390,218,15934,12838,14067,6705,18595,29708,43893,30534,0,0,13232,7911,16613,1986,3384,243,0,0,0,0,48331,2141,6027,0,0,0,0,0
530,4133,531.1250631844757,99868,888,491,97,31,30434,15590,0.4608483197821124,381,216,15931,12816,14072,6720,18629,29724,43998,30641,0,0,13071,7878,16727,1982,3421,245,0,0,0,0,48391,2123,6030,0,0,0,0,0
531,4133,532.5479152934081,99868,825,479,97,31,30556,15674,0.4629110425762006,355,187,15985,12899,14127,6744,18609,29658,44100,30746,0,0,12899,7850,16909,1992,3472,254,0,0,0,0,48360,2107,6025,0,0,0,0,0
532,4133,533.2614430366282,99868,795,464,97,31,30616,15701,0.4637821924940922,352,194,15954,12904,14148,6744,18652,29661,44200,30849,0,0,12740,7820,17004,1996,3507,255,0,0,0,0,48430,2089,6027,0,0,0,0,0
533,4133,534.6852400781136,99868,742,436,97,31,30728,15770,0.46559458485200467,343,178,15989,13007,14204,6768,18623,29578,44297,30950,0,0,12570,7810,17165,1999,3556,263,0,0,0,0,48407,2067,6031,0,0,0,0,0
534,4133,535.3994821864467,99868,716,434,97,31,30793,15812,0.4666659991188369,323,162,16006,13032,14201,6755,18655,29584,44392,31048,0,0,12437,7776,17275,1990,3598,264,0,0,0,0,48444,2046,6038,0,0,0,0,0
535,4133,536.1124962201274,99868,701,420,97,31,30855,15837,0.4675371490367285,310,165,16013,13049,14188,6753,18689,29580,44484,31144,0,0,12314,7733,17386,1983,3629,266,0,0,0,0,48481,2029,6047,0,0,0,0,0
536,4133,537.5359018336774,99868,680,399,97,31,30970,15907,0.46938959426442906,290,159,16078,13141,14203,6788,18650,29480,44574,31238,0,0,12164,7711,17549,1995,3662,270,0,0,0,0,48459,2004,6054,0,0,0,0,0
537,4133,538.2501243702945,99868,665,400,97,31,31026,15941,0.4702907838346618,284,152,16081,13157,14196,6774,18675,29484,44662,31330,0,0,12035,7680,17645,1987,3690,273,0,0,0,0,48511,1991,6056,0,0,0,0,0
538,4133,539.6755654813322,99868,618,346,97,31,31109,15988,0.47159250210277565,282,143,16155,13261,14191,6804,18655,29413,44748,31420,0,0,11893,7662,17802,1994,3730,277,0,0,0,0,48475,1970,6065,0,0,0,0,0
539,4133,540.3902693510779,99867,611,328,98,31,31164,16011,0.4723782630899096,260,137,16176,13294,14168,6793,18685,29415,44831,31509,0,0,11795,7615,17902,1987,3764,278,0,0,0,0,48502,1947,6077,0,0,0,0,0
540,4133,541.104027929034,99867,579,322,98,31,31202,16040,0.47304915537665093,276,128,16169,13320,14164,6788,18712,29409,44912,31596,0,0,11682,7583,17989,1980,3794,281,0,0,0,0,48540,1930,6088,0,0,0,0,0
541,4133,542.5290397710093,99866,574,291,99,31,31302,16089,0.47454589149460275,252,122,16252,13442,14141,6811,18680,29301,44991,31681,0,0,11560,7553,18114,1983,3828,289,0,0,0,0,48532,1913,6094,0,0,0,0,0
542,4133,543.2437302193282,99866,564,291,99,31,31356,16119,0.4753870186049306,236,110,16266,13471,14125,6797,18708,29298,45068,31764,0,0,11454,7524,18206,1975,3851,291,0,0,0,0,48565,1895,6105,0,0,0,0,0
543,4133,544.670242447434,99866,524,270,99,31,31427,16162,0.47652854825466123,238,101,16346,13598,14113,6804,18678,29194,45143,31845,0,0,11343,7482,18327,1982,3890,297,0,0,0,0,48559,1885,6101,0,0,0,0,0
544,4133,545.3852591061932,99866,528,261,99,31,31486,16183,0.4773296216930687,217,101,16360,13621,14088,6797,18706,29187,45216,31925,0,0,11240,7453,18401,1973,3922,298,0,0,0,0,48603,1872,6104,0,0,0,0,0
545,4133,546.0996757048965,99866,514,249,99,31,31532,16201,0.4779704804437947,219,100,16343,13647,14092,6791,18731,29180,45288,32003,0,0,11125,7424,18482,1981,3934,300,0,0,0,0,48652,1858,6110,0,0,0,0,0
546,4133,547.5258927317146,99864,493,241,101,31,31603,16241,0.47909156452775775,214,95,16421,13748,14083,6789,18686,29094,45358,32079,0,0,11013,7406,18581,1976,3969,303,0,0,0,0,48662,1846,6108,0,0,0,0,0
547,4133,548.2411116035224,99864,472,228,101,31,31633,16249,0.47947208203156294,213,109,16429,13767,14065,6777,18718,29086,45426,32154,0,0,10923,7370,18656,1969,3992,305,0,0,0,0,48699,1837,6113,0,0,0,0,0
548,4133,549.6694019669508,99864,461,223,101,31,31724,16288,0.4807738524393175,187,101,16509,13886,14069,6764,18671,28993,45492,32227,0,0,10811,7359,18747,1967,4021,314,0,0,0,0,48710,1823,6112,0,0,0,0,0
549,4133,550.3853393611128,99863,448,219,102,31,31752,16307,0.48124931155683287,200,95,16521,13918,14037,6761,18690,28974,45557,32298,0,0,10724,7324,18816,1963,4037,317,0,0,0,0,48751,1813,6118,0,0,0,0,0
550,4133,551.1010905731926,99863,434,211,102,31,31778,16321,0.48164986030862283,201,96,16557,13962,14012,6747,18692,28951,45620,32368,0,0,10635,7293,18886,1955,4052,320,0,0,0,0,48794,1806,6122,0,0,0,0,0
551,4133,552.5312723398442,99863,431,203,102,31,31852,16350,0.48268127334448196,185,91,16652,14089,13984,6736,18644,28848,45681,32437,0,0,10552,7257,18978,1962,4072,326,0,0,0,0,48801,1789,6126,0,0,0,0,0
552,4133,553.2485963018588,99863,424,204,102,31,31894,16367,0.48327208275337213,176,86,16685,14127,13958,6719,18653,28831,45741,32504,0,0,10470,7223,19040,1959,4090,330,0,0,0,0,48843,1779,6129,0,0,0,0,0
553,4133,554.6826899834373,99863,394,204,102,31,31948,16403,0.4841733174448995,191,75,16749,14239,13960,6701,18602,28748,45799,32570,0,0,10375,7203,19122,1959,4116,334,0,0,0,0,48851,1771,6132,0,0,0,0,0
554,4133,555.4018436259926,99863,369,197,102,31,31968,16415,0.48449375644633147,196,75,16791,14297,13933,6676,18607,28722,45856,32634,0,0,10303,7174,19177,1949,4144,337,0,0,0,0,48884,1760,6135,0,0,0,0,0
555,4133,556.1209203572348,99863,373,192,102,31,32004,16426,0.48496440122968465,178,79,16807,14342,13916,6655,18622,28699,45912,32697,0,0,10229,7145,19226,1943,4164,338,0,0,0,0,48926,1750,6142,0,0,0,0,0
556,4133,557.5586070590657,99863,360,183,102,31,32073,16455,0.48594574567157006,155,73,16931,14454,13889,6644,18561,28613,45966,32759,0,0,10148,7120,19313,1947,4190,340,0,0,0,0,48925,1732,6148,0,0,0,0,0
557,4133,558.2797241626331,99863,356,172,102,31,32106,16466,0.486386349298539,145,72,16965,14484,13864,6637,18566,28602,46019,32819,0,0,10080,7089,19375,1941,4206,344,0,0,0,0,48950,1726,6152,0,0,0,0,0
558,4133,559.0010265090369,99863,343,165,102,31,32129,16476,0.4867168020187657,146,77,17000,14540,13835,6619,18572,28566,46071,32878,0,0,10006,7064,19421,1943,4222,345,0,0,0,0,48991,1712,6159,0,0,0,0,0
559,4133,560.4434333002456,99863,325,150,102,31,32183,16501,0.48750788580355087,141,75,17099,14644,13806,6603,18525,28495,46121,32936,0,0,9921,7059,19496,1937,4249,346,0,0,0,0,48989,1698,6168,0,0,0,0,0
560,4133,561.1663265046693,99862,314,151,102,32,32204,16516,0.48787326510584605,137,67,17150,14673,13765,6590,18530,28485,46170,32993,0,0,9858,7025,19544,1936,4265,348,0,0,0,0,49023,1692,6171,0,0,0,0,0
561,4133,562.6127173361632,99862,306,143,102,32,32258,16533,0.4885842462598386,126,78,17260,14800,13720,6570,18484,28375,46218,33048,0,0,9787,7003,19601,1937,4288,352,0,0,0,0,49040,1680,6174,0,0,0,0,0
562,4133,563.3377914234479,99862,300,142,102,32,32281,16552,0.48900482666079187,122,73,17295,14836,13697,6561,18482,28354,46265,33102,0,0,9719,6981,19649,1931,4305,353,0,0,0,0,49071,1676,6177,0,0,0,0,0
563,4133,564.0628964658192,99862,295,134,102,32,32308,16563,0.48938535178546394,111,75,17334,14871,13666,6554,18490,28332,46311,33155,0,0,9665,6958,19699,1920,4326,356,0,0,0,0,49089,1666,6183,0,0,0,0,0
564,4133,565.5132992809965,99861,283,133,103,32,32347,16589,0.4900411572085198,105,66,17460,15012,13608,6542,18439,28213,46356,33207,0,0,9591,6948,19739,1921,4344,363,0,0,0,0,49114,1656,6185,0,0,0,0,0
565,4133,566.2405104113703,99861,280,128,103,32,32373,16599,0.490401658305044,103,67,17490,15076,13584,6524,18438,28171,46400,33258,0,0,9528,6926,19785,1919,4356,364,0,0,0,0,49145,1648,6190,0,0,0,0,0
566,4133,567.6951858914867,99861,270,112,103,32,32414,16617,0.4909924795465697,99,67,17581,15186,13551,6514,18394,28087,46442,33308,0,0,9468,6907,19845,1917,4380,366,0,0,0,0,49147,1636,6195,0,0,0,0,0
567,4133,568.4247472018714,99861,261,111,103,32,32436,16630,0.491342966723746,94,66,17614,15218,13526,6507,18400,28064,46483,33357,0,0,9413,6886,19884,1908,4404,368,0,0,0,0,49175,1632,6191,0,0,0,0,0
568,4133,569.1540502514327,99861,270,111,103,32,32459,16643,0.4917034678202702,84,59,17660,15260,13481,6500,18400,28036,46523,33405,0,0,9356,6864,19919,1904,4412,371,0,0,0,0,49215,1627,6193,0,0,0,0,0
569,4133,570.6124418800401,99861,247,111,103,32,32497,16666,0.4923143169004917,94,46,17764,15406,13451,6475,18339,27928,46563,33452,0,0,9296,6848,19989,1898,4433,371,0,0,0,0,49208,1620,6198,0,0,0,0,0
570,4133,571.3439510566201,99861,235,107,103,32,32513,16675,0.49256466488418904,97,40,17816,15471,13424,6462,18323,27886,46602,33498,0,0,9235,6833,20022,1892,4449,373,0,0,0,0,49241,1618,6198,0,0,0,0,0
571,4133,572.075740599443,99860,236,103,104,32,32534,16680,0.4928299619467254,87,43,17870,15534,13381,6448,18320,27838,46640,33543,0,0,9183,6809,20055,1887,4462,374,0,0,0,0,49275,1615,6200,0,0,0,0,0
572,4133,573.5410064369452,99860,217,101,104,32,32564,16694,0.4932705788103345,84,47,17992,15668,13339,6421,18262,27729,46677,33587,0,0,9127,6788,20100,1888,4481,377,0,0,0,0,49292,1610,6197,0,0,0,0,0
573,4133,574.2760852997579,99860,214,95,104,32,32582,16702,0.4935309433206489,77,48,18043,15721,13306,6410,18254,27692,46713,33630,0,0,9084,6766,20140,1885,4492,378,0,0,0,0,49310,1599,6206,0,0,0,0,0
574,4133,575.0113065114213,99860,208,88,104,32,32599,16709,0.4937712797917084,67,47,18105,15773,13279,6404,18235,27654,46748,33672,0,0,9037,6744,20176,1886,4499,382,0,0,0,0,49336,1590,6210,0,0,0,0,0
575,4133,576.4835146208354,99860,185,84,104,32,32630,16718,0.4941718405768075,60,49,18255,15913,13240,6373,18154,27547,46782,33713,0,0,8986,6729,20219,1890,4516,383,0,0,0,0,49343,1577,6217,0,0,0,0,0
576,4133,577.2220558573681,99860,180,86,104,32,32648,16727,0.49444221910674946,49,45,18311,15969,13217,6353,18137,27513,46815,33754,0,0,8943,6701,20258,1893,4524,383,0,0,0,0,49367,1571,6220,0,0,0,0,0
577,4133,578.6919501767057,99860,163,82,104,32,32665,16744,0.49478269577408374,50,42,18436,16106,13168,6322,18077,27414,46848,33794,0,0,8897,6678,20306,1891,4540,385,0,0,0,0,49378,1567,6218,0,0,0,0,0
578,4133,579.4231655760586,99860,160,75,104,32,32678,16748,0.4949529341077509,45,40,18475,16152,13134,6317,18080,27382,46880,33833,0,0,8857,6655,20335,1892,4552,385,0,0,0,0,49404,1558,6222,0,0,0,0,0
579,4133,580.1522306241066,99860,152,75,104,32,32686,16759,0.49514320048067295,43,33,18516,16225,13107,6302,18076,27331,46911,33871,0,0,8810,6641,20361,1887,4564,385,0,0,0,0,49434,1553,6225,0,0,0,0,0
580,4133,581.6059698079791,99860,137,70,104,32,32693,16769,0.4953134388143401,53,28,18626,16351,13059,6280,18019,27237,46941,33908,0,0,8764,6628,20396,1884,4575,386,0,0,0,0,49453,1548,6226,0,0,0,0,0
581,4133,582.329600213397,99860,140,68,104,32,32703,16773,0.49545363508912477,49,27,18675,16402,13012,6269,18018,27200,46971,33945,0,0,8725,6608,20426,1878,4581,387,0,0,0,0,49481,1546,6228,0,0,0,0,0
582,4133,583.0515095294428,99860,135,72,104,32,32710,16784,0.4956338874424194,51,22,18722,16471,12979,6257,18007,27144,47000,33981,0,0,8694,6587,20458,1875,4588,388,0,0,0,0,49499,1537,6234,0,0,0,0,0
583,4133,584.489785642022,99860,108,70,104,32,32723,16794,0.4958642098938514,51,21,18852,16590,12939,6237,17944,27048,47028,34016,0,0,8652,6570,20505,1875,4600,388,0,0,0,0,49502,1532,6236,0,0,0,0,0
584,4133,585.2055899808678,99860,105,69,104,32,32728,16799,0.4959643500901262,48,16,18890,16659,12913,6216,17938,27006,47056,34050,0,0,8616,6555,20528,1869,4610,388,0,0,0,0,49528,1527,6239,0,0,0,0,0
585,4133,586.6231620342136,99860,107,62,104,32,32743,16801,0.4961345884237933,47,20,18974,16731,12868,6200,17898,26953,47083,34084,0,0,8577,6540,20548,1867,4620,390,0,0,0,0,49556,1523,6239,0,0,0,0,0
586,4133,587.0848165206746,99860,105,64,104,32,32744,16805,0.4961846585219307,50,19,18996,16739,12837,6193,17906,26951,47110,34117,0,0,8549,6516,20575,1863,4625,390,0,0,0,0,49580,1519,6243,0,0,0,0,0
587,4133,588.6675408972835,99860,98,55,104,32,32764,16812,0.4964550370518726,45,17,19104,16893,12787,6169,17860,26832,47136,34149,0,0,8510,6501,20604,1866,4637,391,0,0,0,0,49593,1512,6246,0,0,0,0,0
588,4133,589.046326682228,99860,91,51,104,32,32764,16817,0.49650510715001,52,16,19137,16942,12757,6159,17857,26798,47161,34181,0,0,8481,6481,20636,1863,4643,391,0,0,0,0,49609,1507,6249,0,0,0,0,0
589,4133,590.3118991738546,99860,90,47,104,32,32775,16820,0.49664530342479474,45,17,19214,17034,12715,6134,17830,26734,47186,34212,0,0,8450,6465,20655,1857,4654,393,0,0,0,0,49632,1502,6252,0,0,0,0,0
590,4133,591.5283638095096,99860,84,42,104,32,32796,16826,0.4969156819547366,36,22,19376,17182,12655,6105,17743,26615,47210,34243,0,0,8415,6452,20686,1857,4662,395,0,0,0,0,49641,1495,6257,0,0,0,0,0
591,4133,592.2243966028929,99860,81,47,104,32,32799,16834,0.4970258361706389,38,15,19414,17244,12621,6085,17740,26575,47234,34273,0,0,8379,6439,20705,1856,4665,395,0,0,0,0,49670,1491,6260,0,0,0,0,0
592,4133,593.2610813367562,99860,75,45,104,32,32805,16836,0.4971059483276587,34,15,19494,17314,12578,6068,17713,26524,47257,34302,0,0,8346,6425,20729,1854,4669,396,0,0,0,0,49690,1489,6262,0,0,0,0,0
593,4133,594.0711937100174,99860,71,45,104,32,32807,16838,0.49714600440616863,37,14,19517,17330,12552,6058,17717,26519,47280,34331,0,0,8313,6413,20743,1853,4673,396,0,0,0,0,49718,1483,6268,0,0,0,0,0
594,4133,595.0521423911688,99860,68,46,104,32,32817,16842,0.49728620068095336,34,15,19606,17443,12506,6036,17680,26426,47302,34359,0,0,8282,6401,20756,1854,4680,396,0,0,0,0,49741,1475,6275,0,0,0,0,0
595,4133,596.027671675443,99860,69,44,104,32,32826,16845,0.4974063689164831,30,15,19682,17521,12460,6015,17653,26371,47324,34387,0,0,8258,6383,20776,1851,4686,398,0,0,0,0,49758,1471,6279,0,0,0,0,0
596,4133,597.0889217958724,99860,59,38,104,32,32832,16847,0.4974864810735029,31,16,19753,17617,12428,5997,17623,26298,47345,34414,0,0,8226,6372,20795,1850,4697,398,0,0,0,0,49776,1467,6279,0,0,0,0,0
597,4133,598.2024819402366,99860,58,41,104,32,32839,16853,0.4976166633286601,27,12,19804,17707,12398,5985,17607,26221,47366,34441,0,0,8198,6362,20807,1844,4708,398,0,0,0,0,49798,1463,6282,0,0,0,0,0
598,4133,599.1080107362627,99860,56,41,104,32,32848,16858,0.49775685960344485,28,12,19931,17847,12327,5960,17552,26106,47386,34467,0,0,8174,6345,20835,1841,4712,399,0,0,0,0,49810,1461,6283,0,0,0,0,0
599,4133,600.2228692957056,99859,44,33,104,33,32857,16858,0.4978519712795041,26,13,20034,17972,12285,5939,17505,26008,47406,34493,0,0,8148,6330,20863,1842,4721,399,0,0,0,0,49817,1455,6284,0,0,0,0,0
600,4133,601.0612986212946,99859,45,32,104,33,32859,16860,0.4978920277591404,25,11,20068,18026,12246,5922,17510,25974,47425,34518,0,0,8129,6315,20880,1838,4726,399,0,0,0,0,49833,1450,6289,0,0,0,0,0
601,4133,602.0836751773461,99859,44,32,104,33,32863,16861,0.49794209835868575,25,10,20115,18101,12210,5904,17500,25918,47444,34543,0,0,8114,6294,20907,1834,4730,399,0,0,0,0,49842,1446,6293,0,0,0,0,0
602,4133,603.1104310271871,99859,47,28,104,33,32871,16864,0.4980522536776855,21,11,20224,18227,12155,5874,17447,25825,47463,34567,0,0,8093,6280,20931,1829,4736,399,0,0,0,0,49852,1443,6296,0,0,0,0,0
603,4133,604.2681354575543,99859,51,28,104,33,32878,16865,0.4981323666369581,18,11,20288,18310,12120,5855,17417,25761,47481,34591,0,0,8074,6267,20948,1822,4742,400,0,0,0,0,49867,1441,6298,0,0,0,0,0
604,4133,605.1709032650688,99859,46,25,104,33,32881,16866,0.4981724231165944,20,11,20385,18413,12070,5837,17373,25679,47499,34614,0,0,8046,6259,20965,1819,4747,400,0,0,0,0,49885,1439,6299,0,0,0,0,0
605,4133,606.3714028550594,99859,42,22,104,33,32883,16868,0.49821247959623066,24,13,20462,18509,12035,5813,17331,25608,47516,34637,0,0,8024,6243,20991,1820,4746,401,0,0,0,0,49897,1437,6300,0,0,0,0,0
606,4133,607.0215475432321,99859,43,23,104,33,32889,16871,0.4983026066754123,23,10,20518,18561,12002,5804,17308,25567,47533,34659,0,0,7998,6231,21001,1820,4749,402,0,0,0,0,49921,1436,6301,0,0,0,0,0
607,4133,608.5655874161348,99859,38,20,104,33,32896,16873,0.498392733754594,20,10,20641,18686,11945,5778,17250,25471,47550,34681,0,0,7970,6223,21017,1816,4756,403,0,0,0,0,49938,1436,6300,0,0,0,0,0
608,4133,609.0082857938351,99859,39,17,104,33,32899,16874,0.49843279023423026,23,11,20658,18717,11928,5771,17246,25449,47566,34703,0,0,7947,6213,21033,1814,4758,403,0,0,0,0,49955,1433,6303,0,0,0,0,0
609,4133,610.1618063586179,99859,39,17,104,33,32906,16877,0.498532931433321,18,9,20769,18833,11885,5747,17183,25359,47582,34724,0,0,7921,6208,21042,1811,4764,403,0,0,0,0,49974,1431,6305,0,0,0,0,0
610,4133,611.2629348567249,99859,40,15,104,33,32914,16877,0.4986130443925936,12,11,20869,18935,11837,5722,17136,25282,47598,34745,0,0,7896,6199,21052,1811,4767,404,0,0,0,0,49994,1429,6307,0,0,0,0,0
611,4133,612.065822714048,99859,30,17,104,33,32915,16881,0.4986631149921389,14,9,21002,19057,11782,5690,17066,25192,47613,34765,0,0,7872,6193,21068,1808,4770,405,0,0,0,0,50007,1427,6309,0,0,0,0,0
612,4133,613.2037596454622,99859,29,17,104,33,32916,16883,0.49869315735186615,14,9,21056,19110,11752,5681,17043,25148,47628,34785,0,0,7853,6183,21080,1805,4773,406,0,0,0,0,50023,1425,6311,0,0,0,0,0
613,4133,614.010645399077,99859,27,17,104,33,32919,16885,0.4987432279514115,12,8,21129,19190,11720,5663,17006,25087,47643,34805,0,0,7831,6174,21095,1803,4775,407,0,0,0,0,50039,1424,6311,0,0,0,0,0
614,4133,615.0352410706992,99859,26,19,104,33,32922,16888,0.4988033126708659,12,8,21213,19266,11678,5644,16965,25028,47657,34824,0,0,7813,6166,21105,1799,4781,407,0,0,0,0,50054,1421,6313,0,0,0,0,0
615,4133,616.2757127672942,99859,22,19,104,33,32925,16890,0.4988533832704113,13,8,21301,19359,11639,5627,16919,24952,47671,34843,0,0,7796,6154,21119,1798,4784,408,0,0,0,0,50066,1418,6316,0,0,0,0,0
616,4133,617.0040290425476,99859,23,17,104,33,32927,16891,0.4988834256301385,12,9,21344,19399,11606,5621,16909,24919,47685,34862,0,0,7774,6146,21128,1797,4787,408,0,0,0,0,50086,1416,6317,0,0,0,0,0
617,4133,618.3228177776633,99859,21,20,104,33,32931,16895,0.49896353858941106,10,6,21451,19517,11566,5592,16846,24830,47699,34880,0,0,7758,6136,21142,1795,4791,408,0,0,0,0,50097,1412,6320,0,0,0,0,0
618,4133,619.2186966953941,99859,23,18,104,33,32935,16897,0.4990236233088655,8,4,21526,19588,11531,5575,16806,24780,47712,34898,0,0,7739,6128,21154,1794,4792,409,0,0,0,0,50111,1410,6322,0,0,0,0,0
619,4133,620.0676740754923,99859,19,17,104,33,32936,16898,0.49904365154868363,9,6,21583,19670,11506,5555,16777,24717,47725,34916,0,0,7719,6119,21168,1793,4794,409,0,0,0,0,50125,1409,6323,0,0,0,0,0
620,4133,621.0412689078249,99859,18,16,104,33,32938,16901,0.499093722148229,10,3,21699,19802,11447,5533,16720,24611,47738,34933,0,0,7706,6107,21184,1789,4800,409,0,0,0,0,50133,1408,6323,0,0,0,0,0
621,4133,622.2199891762948,99859,20,14,104,33,32940,16901,0.4991137503880472,8,3,21799,19885,11396,5512,16671,24551,47751,34950,0,0,7690,6100,21191,1785,4804,410,0,0,0,0,50148,1406,6325,0,0,0,0,0
622,4133,623.470948193185,99859,20,13,104,33,32942,16902,0.4991437927477744,7,3,21915,20011,11340,5483,16612,24455,47763,34967,0,0,7679,6087,21206,1783,4807,410,0,0,0,0,50156,1403,6328,0,0,0,0,0
623,4133,624.2938328669289,99859,18,14,104,33,32942,16903,0.49915380686768346,8,3,21966,20077,11321,5465,16581,24406,47775,34983,0,0,7663,6077,21216,1783,4808,410,0,0,0,0,50171,1401,6330,0,0,0,0,0
624,4133,625.0811582970637,99859,19,13,104,33,32943,16904,0.4991738351075016,9,3,22018,20158,11281,5445,16567,24346,47787,34999,0,0,7653,6066,21227,1780,4811,411,0,0,0,0,50180,1398,6333,0,0,0,0,0
625,4133,626.0775547509929,99859,19,8,104,33,32945,16904,0.49919386334731974,9,4,22120,20261,11234,5429,16512,24263,47799,35015,0,0,7638,6058,21235,1777,4817,412,0,0,0,0,50192,1397,6333,0,0,0,0,0
626,4133,627.1180850558865,99859,20,9,104,33,32948,16906,0.49924393394686506,7,2,22182,20355,11203,5411,16482,24188,47810,35030,0,0,7625,6051,21243,1774,4820,413,0,0,0,0,50203,1395,6335,0,0,0,0,0
627,4133,628.3457779147006,99859,15,9,104,33,32948,16907,0.49925394806677414,9,1,22277,20442,11152,5386,16441,24127,47821,35045,0,0,7609,6042,21254,1773,4823,413,0,0,0,0,50215,1395,6335,0,0,0,0,0
628,4133,629.1916086381559,99859,17,7,104,33,32951,16907,0.49928399042650135,9,1,22356,20523,11118,5371,16394,24063,47832,35060,0,0,7594,6035,21264,1770,4826,413,0,0,0,0,50227,1394,6336,0,0,0,0,0
629,4133,630.0051771385414,99859,16,8,104,33,32954,16908,0.49932404690613763,31,26,22411,20602,11076,5342,16360,23987,47843,35075,0,0,7576,6028,21272,1769,4827,414,0,0,0,0,50243,1394,6336,0,0,0,0,0
630,4133,631.3186612446386,99858,24,14,104,34,32963,16916,0.49949928899036633,25,20,22490,20704,11045,5317,16310,23909,47853,35089,0,0,7562,6020,21280,1768,4827,415,0,0,0,1,50255,1393,6337,0,0,0,0,0
631,4133,632.1010124359498,99858,23,17,104,34,32969,16920,0.49959943119229305,26,19,22573,20781,11010,5305,16262,23842,47863,35103,0,0,7549,6012,21285,1766,4831,416,0,0,0,6,50263,1393,6337,0,0,0,0,0
632,4133,633.0296052398534,99858,23,21,104,34,32971,16926,0.49967954495383443,29,17,22652,20838,10968,5293,16222,23795,47873,35117,0,0,7539,6003,21293,1766,4832,416,0,0,0,9,50270,1388,6342,0,0,0,0,0
633,4133,634.0612439316117,99858,30,23,104,34,32979,16930,0.49979971559614655,27,16,22729,20917,10921,5279,16187,23729,47883,35131,0,0,7531,5991,21304,1764,4835,416,0,0,0,10,50277,1386,6344,0,0,0,0,0
634,4133,635.2008905554073,99858,34,27,104,34,32986,16936,0.49992990045865127,27,19,22815,21027,10882,5257,16136,23634,47893,35144,0,0,7518,5983,21311,1763,4836,417,1,0,0,12,50287,1384,6346,0,0,0,0,0
635,4133,636.1003891622454,99858,33,23,104,34,32992,16938,0.5000100142201926,28,19,22902,21098,10849,5246,16082,23578,47903,35157,0,0,7512,5969,21320,1762,4843,417,3,0,0,17,50286,1380,6349,0,0,0,0,0
636,4133,637.0338085298416,99858,37,27,104,34,32999,16942,0.5001201706423121,25,17,22973,21172,10821,5225,16038,23523,47912,35170,0,0,7502,5959,21329,1759,4847,417,4,0,0,18,50294,1380,6349,0,0,0,0,0
637,4133,638.1252638906083,99858,41,32,104,34,33007,16951,0.5002904123855876,35,15,23071,21265,10776,5203,15971,23449,47921,35183,0,0,7487,5956,21330,1756,4851,418,5,0,0,23,50303,1379,6350,0,0,0,0,0
638,4133,639.1923170015851,99858,42,27,104,34,33019,16952,0.5004205972480923,27,17,23152,21355,10734,5191,15939,23374,47930,35195,0,0,7477,5946,21338,1756,4853,418,7,0,0,36,50298,1376,6353,0,0,0,0,0
639,4133,640.0840808876211,99858,43,26,104,34,33025,16954,0.5005007110096337,27,17,23206,21420,10706,5177,15912,23324,47939,35207,0,0,7468,5936,21344,1756,4857,418,7,0,0,40,50303,1374,6355,0,0,0,0,0
640,4133,641.281453697303,99858,48,29,104,34,33035,16961,0.5006709527529092,33,18,23290,21513,10664,5167,15859,23237,47948,35219,0,0,7456,5927,21351,1755,4860,418,9,0,0,45,50308,1373,6356,0,0,0,0,0
641,4133,642.1009841214519,99858,48,29,104,34,33041,16967,0.5007911233952212,44,20,23370,21604,10629,5155,15803,23156,47956,35231,0,0,7446,5922,21354,1752,4864,420,11,0,0,50,50311,1369,6359,0,0,0,0,0
642,4133,643.2993618629248,99858,54,29,104,34,33059,16971,0.50101143623946,37,30,23464,21681,10589,5142,15750,23082,47964,35243,0,0,7430,5916,21355,1751,4871,421,14,0,0,55,50319,1369,6357,0,0,0,0,0
643,4133,644.2447884854114,99858,55,37,104,34,33070,16983,0.5012417633038915,38,27,23546,21754,10564,5133,15691,23013,47972,35254,0,0,7414,5912,21358,1751,4874,421,16,0,0,64,50324,1368,6356,0,0,0,0,0
644,4133,645.1870323174495,99858,54,39,104,34,33077,16989,0.5013719481663963,46,28,23600,21848,10533,5119,15661,22930,47980,35265,0,0,7402,5903,21365,1751,4877,422,20,0,0,68,50328,1367,6355,0,0,0,0,0
645,4133,646.1268223228462,99858,57,38,104,34,33087,16993,0.5015121472490938,46,29,23681,21924,10499,5106,15611,22867,47988,35276,0,0,7395,5895,21368,1750,4885,423,20,0,0,71,50332,1364,6355,0,0,0,0,0
646,4133,647.0636088044815,99858,61,45,104,34,33098,17006,0.5017524885337179,51,28,23735,21983,10476,5093,15571,22815,47996,35287,0,0,7379,5888,21369,1753,4887,424,21,0,0,76,50342,1364,6355,0,0,0,0,0
647,4133,648.3087272814467,99858,66,51,104,34,33118,17017,0.5020629293596908,51,29,23815,22085,10448,5081,15514,22718,48004,35298,0,0,7367,5877,21374,1756,4893,424,24,0,0,84,50343,1362,6354,0,0,0,0,0
648,4133,649.2398534300102,99858,73,52,104,34,33135,17023,0.5022932564241223,47,30,23876,22160,10423,5072,15475,22650,48011,35309,0,0,7353,5875,21375,1756,4896,425,27,0,0,91,50346,1358,6356,0,0,0,0,0
649,4133,650.1685828569948,99858,77,49,104,34,33146,17028,0.502453483947205,57,29,23935,22247,10392,5060,15433,22579,48018,35319,0,0,7342,5871,21374,1754,4903,425,28,0,0,100,50347,1357,6357,0,0,0,0,0
650,4133,651.0949759817122,99858,74,47,104,34,33156,17032,0.5025936830299025,57,36,23989,22323,10372,5043,15402,22515,48025,35329,0,0,7337,5862,21378,1756,4906,427,28,0,0,110,50342,1352,6360,0,0,0,0,0
651,4133,652.0192571371218,99858,75,50,104,34,33172,17043,0.5028640669751047,60,32,24035,22397,10355,5033,15369,22452,48032,35339,0,0,7327,5850,21384,1760,4907,429,31,0,0,121,50338,1350,6361,0,0,0,0,0
652,4133,653.2484121032659,99858,79,51,104,34,33189,17052,0.5031244367001142,68,40,24141,22494,10306,5021,15300,22358,48039,35349,0,0,7317,5844,21382,1760,4915,430,33,0,0,130,50337,1347,6363,0,0,0,0,0
653,4133,654.1666492721191,99858,75,52,104,34,33196,17061,0.503284664223197,80,41,24203,22556,10288,5018,15248,22297,48046,35359,0,0,7306,5839,21384,1756,4924,431,35,0,0,137,50338,1347,6361,0,0,0,0,0
654,4133,655.0823185140404,99858,80,50,104,34,33210,17070,0.5035149912876284,81,41,24266,22617,10264,5014,15203,22242,48053,35369,0,0,7294,5833,21387,1757,4925,433,37,0,0,149,50336,1345,6362,0,0,0,0,0
655,4133,656.2994760196412,99858,85,58,104,34,33224,17082,0.503775361012638,100,39,24341,22752,10224,4997,15144,22118,48060,35378,0,0,7284,5829,21388,1756,4930,434,38,0,0,155,50339,1343,6362,0,0,0,0,0
656,4133,657.2096855195109,99858,90,59,104,34,33236,17089,0.5039656311962988,112,46,24395,22821,10192,4987,15105,22051,48066,35387,0,0,7274,5824,21393,1755,4932,434,40,0,0,165,50337,1342,6362,0,0,0,0,0
657,4133,658.1176445553606,99858,100,62,104,34,33261,17103,0.504356185783813,113,45,24464,22899,10158,4983,15059,21975,48072,35396,0,0,7268,5814,21391,1757,4943,435,41,0,0,175,50332,1340,6362,0,0,0,0,0
658,4133,659.0231886042333,99858,112,65,104,34,33284,17115,0.5047066834905566,120,49,24503,22955,10133,4971,15026,21924,48078,35405,0,0,7255,5809,21391,1758,4948,435,44,0,0,186,50331,1339,6362,0,0,0,0,0
659,4133,660.2272640576214,99858,124,68,104,34,33319,17127,0.5051773518396122,124,58,24590,23041,10099,4958,14957,21839,48084,35414,0,0,7241,5805,21387,1756,4961,436,49,0,0,198,50328,1337,6360,0,0,0,0,0
660,4133,661.1274924139744,99858,133,73,104,34,33345,17138,0.5055478779867412,114,68,24643,23107,10078,4943,14926,21773,48090,35423,0,0,7230,5797,21392,1756,4967,436,53,0,0,210,50323,1336,6358,0,0,0,0,0
661,4133,662.0255262407022,99857,140,76,104,35,33369,17152,0.5059334848833832,125,70,24702,23165,10047,4933,14880,21719,48096,35432,0,0,7224,5786,21393,1759,4975,437,54,0,0,223,50315,1334,6357,0,0,0,0,0
662,4133,663.2192909182766,99857,145,81,104,35,33398,17173,0.5064342009072974,143,62,24785,23269,10012,4931,14809,21620,48102,35440,0,0,7213,5778,21394,1761,4987,437,60,0,0,243,50300,1331,6353,0,0,0,0,0
663,4133,664.1118916954764,99857,146,90,104,35,33423,17192,0.506874831008342,152,59,24837,23333,10003,4920,14756,21561,48108,35448,0,0,7207,5768,21391,1764,5003,437,62,0,0,256,50291,1328,6350,0,0,0,0,0
664,4133,665.0024663686678,99857,158,90,104,35,33454,17204,0.5073054467889081,160,63,24876,23387,9982,4922,14718,21501,48114,35456,0,0,7197,5763,21390,1764,5011,437,64,0,0,276,50279,1326,6350,0,0,0,0,0
665,4133,666.1870973116906,99857,164,93,104,35,33488,17224,0.5078462200947355,161,67,24956,23475,9957,4916,14656,21412,48120,35464,0,0,7184,5758,21385,1765,5023,439,67,0,0,300,50265,1325,6346,0,0,0,0,0
666,4133,667.0730515350035,99857,167,101,104,35,33519,17242,0.5083369217981714,164,72,24999,23531,9945,4897,14619,21362,48125,35472,0,0,7176,5748,21384,1768,5031,443,70,0,0,316,50254,1324,6343,0,0,0,0,0
667,4133,668.2515826808647,99857,181,112,104,35,33565,17267,0.5090479385521296,164,71,25072,23617,9921,4889,14556,21274,48130,35480,0,0,7162,5740,21376,1772,5047,443,75,0,0,336,50243,1324,6339,0,0,0,0,0
668,4133,669.1331501569734,99857,190,116,104,35,33603,17285,0.5096087404989135,179,71,25113,23698,9903,4887,14509,21191,48135,35488,0,0,7146,5731,21373,1775,5055,445,83,0,0,355,50232,1324,6338,0,0,0,0,0
669,4133,670.013037041269,99857,207,109,104,35,33643,17299,0.5101495138047408,176,80,25162,23778,9896,4885,14453,21111,48140,35496,0,0,7138,5723,21371,1775,5067,445,86,0,0,381,50211,1322,6338,0,0,0,0,0
670,4133,671.1832471042045,99857,208,112,104,35,33685,17318,0.510760387353916,188,88,25219,23851,9884,4885,14395,21027,48145,35503,0,0,7129,5711,21364,1779,5089,445,91,0,0,404,50191,1320,6334,0,0,0,0,0
671,4133,672.0588163764686,99856,219,119,105,35,33726,17338,0.5113763819900657,187,82,25274,23921,9861,4882,14352,20959,48150,35510,0,0,7121,5697,21362,1786,5103,446,96,0,0,418,50179,1318,6330,0,0,0,0,0
672,4133,673.2234193828613,99856,248,131,105,35,33800,17366,0.5123978529081878,191,83,25325,24006,9845,4880,14284,20863,48155,35517,0,0,7108,5689,21351,1790,5122,446,99,0,0,450,50156,1318,6327,0,0,0,0,0
673,4133,674.0950292547457,99856,258,135,105,35,33846,17383,0.5130287614164397,191,89,25364,24049,9846,4873,14234,20817,48160,35524,0,0,7093,5679,21344,1793,5140,446,107,0,0,468,50145,1318,6323,0,0,0,0,0
674,4133,675.254770560745,99856,273,129,105,35,33898,17400,0.513719756449287,214,117,25416,24131,9832,4867,14158,20719,48165,35531,0,0,7082,5668,21340,1796,5155,449,113,0,0,497,50121,1318,6317,0,0,0,0,0
675,4133,676.1224733591464,99856,262,143,105,35,33926,17431,0.5143106072744752,227,109,25457,24187,9832,4872,14115,20652,48170,35538,0,0,7067,5660,21334,1798,5170,453,122,0,0,517,50107,1316,6312,0,0,0,0,0
676,4133,677.2771596703187,99856,292,146,105,35,33993,17456,0.5152319339849383,227,126,25491,24258,9816,4880,14067,20553,48175,35545,0,0,7054,5650,21330,1802,5181,454,129,0,0,550,50080,1315,6311,0,0,0,0,0
677,4133,678.1415590868768,99856,306,153,105,35,34037,17479,0.5159029001762538,248,129,25526,24307,9804,4878,14009,20496,48180,35552,0,0,7044,5642,21326,1807,5193,454,131,0,0,574,50063,1312,6310,0,0,0,0,0
678,4133,679.0046579403302,99856,326,167,105,35,34093,17511,0.5167841692036532,250,134,25546,24376,9818,4872,13953,20414,48184,35559,0,0,7031,5638,21314,1810,5210,457,137,0,0,592,50051,1306,6310,0,0,0,0,0
679,4133,680.1537654210599,99856,334,175,105,35,34161,17555,0.5179057843294343,274,137,25584,24438,9825,4894,13876,20319,48188,35565,0,0,7020,5624,21308,1819,5231,460,145,0,0,642,50004,1302,6301,0,0,0,0,0
680,4133,681.0143811391719,99856,360,190,105,35,34225,17585,0.5188471398814293,289,155,25598,24497,9832,4884,13814,20237,48192,35571,0,0,7013,5614,21303,1827,5240,463,147,0,0,670,49981,1299,6299,0,0,0,0,0
681,4133,682.1600978926406,99856,396,197,105,35,34321,17627,0.5202291299471239,309,153,25631,24563,9832,4896,13725,20154,48196,35577,0,0,6993,5605,21295,1833,5254,464,160,0,0,727,49930,1298,6297,0,0,0,0,0
682,4133,683.0178074793271,99856,413,208,105,35,34389,17659,0.5212305720237141,326,163,25650,24610,9836,4896,13668,20086,48200,35583,0,0,6979,5596,21289,1839,5262,469,167,0,0,767,49897,1297,6294,0,0,0,0,0
683,4133,684.1596977941795,99856,433,213,105,35,34487,17702,0.5226426053517065,342,164,25660,24688,9861,4909,13597,19989,48204,35589,0,0,6951,5585,21275,1849,5285,472,189,0,0,821,49848,1294,6287,0,0,0,0,0
684,4133,685.015433415961,99856,459,210,105,35,34563,17739,0.5237742348982535,349,163,25695,24746,9854,4928,13536,19916,48208,35595,0,0,6940,5579,21261,1852,5312,473,195,0,0,873,49801,1292,6278,0,0,0,0,0
685,4133,686.1544525559418,99856,490,240,105,35,34670,17798,0.5254366287453933,377,161,25704,24812,9864,4937,13458,19813,48212,35601,0,0,6923,5566,21240,1860,5340,478,206,0,0,918,49761,1291,6273,0,0,0,0,0
686,4133,687.0076181083551,99855,507,236,106,35,34751,17829,0.5265635170997947,404,192,25723,24845,9871,4940,13387,19750,48216,35607,0,0,6910,5555,21229,1866,5359,481,214,0,0,974,49709,1288,6270,0,0,0,0,0
687,4133,688.1435999101197,99853,545,253,107,36,34868,17886,0.528316625439396,415,202,25732,24900,9884,4957,13315,19650,48220,35613,0,0,6899,5538,21204,1875,5397,483,221,0,0,1028,49657,1286,6265,0,0,0,0,0
688,4133,689.2783193675323,99853,575,267,107,36,34994,17950,0.5302194225511502,458,209,25731,24955,9906,4976,13221,19555,48224,35619,0,0,6883,5520,21187,1884,5428,495,235,0,0,1089,49596,1283,6253,0,0,0,0,0
689,4133,690.1285853834495,99853,593,265,107,36,35094,17982,0.5315413658077374,474,222,25723,24994,9941,4991,13160,19490,48228,35625,0,0,6868,5507,21172,1893,5452,501,245,0,0,1148,49542,1280,6245,0,0,0,0,0
690,4133,691.2620997365,99851,649,284,108,37,35244,18042,0.53365514616779,485,242,25724,25044,9980,5005,13052,19386,48232,35630,0,0,6849,5491,21152,1909,5474,507,258,0,0,1216,49478,1276,6241,0,0,0,0,0
691,4133,692.1112514723267,99851,670,314,108,37,35345,18096,0.53520745911408,519,246,25724,25069,10000,5013,12977,19319,48236,35635,0,0,6832,5477,21132,1920,5507,508,271,0,0,1258,49440,1271,6235,0,0,0,0,0
692,4133,693.2425042004345,99850,720,335,109,37,35502,18170,0.5375262894341513,542,261,25710,25104,10040,5042,12877,19219,48240,35640,0,0,6808,5460,21104,1930,5550,513,293,0,0,1326,49372,1267,6227,0,0,0,0,0
693,4133,694.0905951024165,99849,734,347,110,37,35617,18223,0.5392142134623281,565,283,25690,25122,10086,5057,12813,19152,48244,35645,0,0,6787,5441,21076,1950,5589,517,305,0,0,1381,49321,1264,6218,0,0,0,0,0
694,4133,695.2213000332019,99848,773,363,111,37,35784,18306,0.5417234195977887,571,305,25664,25155,10154,5092,12725,19046,48248,35650,0,0,6761,5424,21041,1967,5632,522,326,0,0,1482,49224,1258,6211,0,0,0,0,0
695,4133,696.069594624172,99848,806,380,111,37,35913,18372,0.5436763881099271,607,328,25613,25176,10197,5119,12664,18958,48251,35655,0,0,6746,5410,21015,1977,5666,532,336,0,0,1548,49161,1256,6201,0,0,0,0,0
696,4133,697.2016470516619,99847,884,405,112,37,36102,18465,0.5465061544162568,629,332,25567,25211,10231,5165,12575,18848,48254,35660,0,0,6727,5396,20986,1989,5702,540,348,0,0,1644,49068,1254,6193,0,0,0,0,0
697,4133,698.051015408846,99847,890,419,112,37,36227,18530,0.5484090658707823,674,346,25536,25234,10282,5195,12504,18767,48257,35665,0,0,6711,5384,20950,1999,5746,548,361,0,0,1726,48988,1248,6186,0,0,0,0,0
698,4133,699.1842023948655,99846,940,454,113,37,36417,18647,0.5514892935120085,706,347,25478,25249,10350,5252,12411,18659,48260,35670,0,0,6685,5362,20916,2019,5789,558,382,0,0,1838,48878,1243,6176,0,0,0,0,0
699,4133,700.0348971410743,99846,969,466,113,37,36583,18728,0.5539631031788955,731,368,25411,25274,10439,5299,12335,18554,48263,35675,0,0,6659,5346,20889,2030,5825,568,404,0,0,1948,48771,1238,6168,0,0,0,0,0
700,4133,701.1708698266253,99846,1041,503,113,37,36801,18853,0.55739839352603,749,368,25356,25283,10503,5354,12236,18453,48266,35680,0,0,6633,5322,20846,2049,5895,572,427,0,0,2052,48665,1234,6151,0,0,0,0,0
701,4133,702.0237148265464,99846,1080,512,113,37,36961,18919,0.5596618792941129,815,411,25280,25292,10557,5388,12153,18358,48269,35685,0,0,6611,5301,20822,2073,5930,577,443,0,0,2141,48579,1228,6141,0,0,0,0,0
702,4133,703.1628170269094,99844,1111,543,114,38,37173,19034,0.5629481991907376,886,426,25197,25310,10652,5445,12038,18236,48272,35690,0,0,6587,5275,20766,2093,6006,585,464,0,0,2258,48458,1221,6131,0,0,0,0,0
703,4133,704.0183679463752,99844,1160,566,114,38,37359,19126,0.565732542766716,907,437,25133,25322,10717,5482,11967,18153,48275,35695,0,0,6551,5262,20733,2102,6052,590,494,0,0,2362,48357,1219,6122,0,0,0,0,0
704,4133,705.1609052157733,99843,1230,599,115,38,37619,19266,0.5697444988632152,952,456,25057,25294,10811,5568,11833,18043,48278,35700,0,0,6521,5226,20688,2129,6121,604,520,0,0,2487,48227,1211,6109,0,0,0,0,0
705,4133,706.0187687552253,99843,1290,628,115,38,37825,19362,0.5727692477189187,1016,473,24962,25282,10880,5608,11735,17969,48281,35704,0,0,6496,5205,20653,2143,6172,612,540,0,0,2588,48129,1208,6097,0,0,0,0,0
706,4133,707.1649672730126,99842,1377,685,115,39,38144,19508,0.5774323431021013,1062,515,24857,25274,11000,5659,11587,17826,48284,35708,0,0,6457,5178,20597,2167,6247,628,577,0,0,2729,47987,1199,6076,0,0,0,0,0
707,4133,708.026480119122,99842,1453,723,115,39,38390,19631,0.5811281825283948,1088,538,24757,25260,11082,5730,11503,17708,48287,35712,0,0,6425,5155,20556,2188,6296,642,604,0,0,2851,47866,1196,6063,0,0,0,0,0
708,4133,709.1785158223496,99842,1539,754,115,39,38724,19795,0.5861160633801407,1160,545,24614,25254,11197,5824,11373,17582,48290,35716,0,0,6388,5115,20495,2232,6375,662,637,0,0,3024,47691,1184,6039,0,0,0,0,0
709,4133,710.0447376620485,99841,1577,785,116,39,38967,19915,0.5897577147664786,1192,582,24532,25251,11315,5875,11266,17466,48293,35720,0,0,6364,5087,20437,2255,6449,674,656,0,0,3161,47553,1177,6028,0,0,0,0,0
710,4133,711.2031074900354,99840,1663,846,117,39,39312,20090,0.5949719551282051,1235,611,24398,25220,11462,5954,11123,17328,48296,35724,0,0,6322,5057,20364,2274,6569,688,695,0,0,3301,47404,1170,5996,0,0,0,0,0
711,4133,712.0744198053682,99839,1714,880,118,39,39580,20229,0.5990544777091117,1266,644,24290,25186,11591,6021,11019,17228,48299,35728,0,0,6290,5023,20306,2306,6650,703,723,0,0,3440,47263,1163,5972,0,0,0,0,0
712,4133,713.2403281248995,99837,1785,917,118,41,39966,20413,0.6047757845287819,1311,683,24132,25135,11772,6120,10880,17102,48302,35732,0,0,6242,4991,20217,2336,6790,718,768,0,0,3622,47060,1151,5942,0,0,0,0,0
713,4133,714.1180411662324,99837,1861,985,118,41,40271,20580,0.6095034906898245,1333,673,24021,25099,11901,6180,10764,17020,48305,35736,0,0,6202,4966,20154,2358,6873,732,802,0,0,3776,46911,1147,5916,0,0,0,0,0
714,4133,715.2927016696743,99836,1920,1026,119,41,40665,20782,0.6154793861933571,1421,729,23859,25050,12065,6292,10614,16860,48308,35740,0,0,6161,4929,20072,2389,6986,760,841,0,0,4004,46669,1137,5888,0,0,0,0,0
715,4133,716.1770798902187,99836,2022,1053,119,41,40997,20941,0.6203974518209864,1477,784,23708,24993,12180,6389,10492,16738,48311,35744,0,0,6122,4900,20014,2417,7059,777,875,0,0,4188,46483,1134,5867,0,0,0,0,0
716,4133,717.0648608161518,99835,2089,1113,119,42,41305,21133,0.6254119296839785,1533,795,23570,24958,12292,6479,10395,16611,48314,35748,0,0,6095,4871,19943,2439,7165,792,898,0,0,4360,46305,1129,5838,0,0,0,0,0
717,4133,718.2539179881106,99834,2214,1169,119,43,41784,21367,0.6325600496824729,1599,867,23335,24872,12483,6606,10248,16441,48317,35752,0,0,6030,4840,19837,2463,7294,819,957,0,0,4597,46062,1122,5813,0,0,0,0,0
718,4133,719.1509549448343,99834,2268,1195,119,43,42142,21546,0.6379389787046498,1637,894,23185,24818,12646,6726,10143,16322,48320,35756,0,0,5987,4804,19752,2500,7416,836,993,0,0,4800,45851,1112,5783,0,0,0,0,0
719,4133,720.0524431029697,99833,2370,1238,120,43,42548,21742,0.6439754389831018,1650,928,23019,24744,12813,6839,10026,16206,48322,35760,0,0,5927,4765,19674,2531,7530,853,1046,0,0,4995,45649,1106,5757,0,0,0,0,0
720,4133,721.2621417473453,99830,2515,1292,122,44,43084,22029,0.6522388059701493,1750,932,22757,24670,13008,7011,9846,16049,48324,35764,0,0,5868,4728,19573,2566,7672,890,1101,0,0,5279,45353,1089,5711,0,0,0,0,0
721,4133,722.1755781208038,99828,2580,1366,123,45,43475,22254,0.6584224866770846,1794,965,22592,24598,13182,7122,9727,15902,48326,35768,0,0,5819,4689,19484,2599,7803,910,1146,0,0,5474,45150,1076,5678,0,0,0,0,0
722,4133,723.0939882438382,99827,2701,1417,124,45,43913,22503,0.665310988009256,1874,958,22378,24514,13337,7277,9584,15787,48328,35772,0,0,5777,4655,19389,2630,7944,934,1183,0,0,5699,44909,1068,5639,0,0,0,0,0
723,4133,724.0182753947604,99824,2826,1454,125,47,44380,22718,0.6721630068921302,1895,1030,22174,24440,13529,7393,9449,15634,48330,35776,0,0,5723,4607,19303,2680,8057,961,1235,0,0,5926,44668,1058,5606,0,0,0,0,0
724,4133,725.2598923665439,99821,2972,1534,128,47,45002,23060,0.6818404944851284,1950,1053,21909,24324,13781,7587,9258,15453,48332,35779,0,0,5655,4565,19176,2724,8234,996,1294,0,0,6267,44310,1043,5557,0,0,0,0,0
725,4133,726.198606264691,99819,3072,1556,129,48,45498,23298,0.6892074655125777,1975,1108,21703,24213,14004,7747,9115,15326,48334,35782,0,0,5602,4529,19050,2760,8403,1031,1339,0,0,6509,44046,1030,5520,0,0,0,0,0
726,4133,727.144168829506,99818,3094,1623,130,48,45978,23573,0.6967781362078984,1996,1098,21504,24133,14293,7909,8981,15187,48336,35785,0,0,5537,4473,18922,2814,8586,1052,1395,0,0,6789,43742,1020,5488,0,0,0,0,0
727,4133,728.0973598237434,99817,3136,1680,130,49,46427,23845,0.7040083352535139,2100,1146,21274,24026,14524,8060,8834,15037,48338,35788,0,0,5479,4437,18805,2846,8736,1096,1451,0,0,7042,43465,1007,5453,0,0,0,0,0
728,4133,729.0585099244428,99816,3258,1696,131,49,46933,24109,0.7117295824316743,2178,1210,21033,23922,14720,8233,8678,14888,48340,35791,0,0,5440,4394,18690,2882,8876,1139,1481,0,0,7337,43155,1001,5421,0,0,0,0,0
729,4133,730.0278340488873,99814,3336,1743,133,49,47467,24380,0.7198088444506783,2272,1262,20763,23822,14962,8388,8532,14734,48342,35794,0,0,5386,4356,18574,2918,9050,1169,1528,0,0,7646,42820,985,5382,0,0,0,0,0
730,4133,731.0067139926252,99812,3466,1802,133,51,48032,24688,0.7285697110567868,2347,1257,20516,23742,15146,8563,8390,14583,48344,35797,0,0,5322,4319,18436,2949,9235,1203,1586,0,0,7936,42505,973,5348,0,0,0,0,0
731,4133,732.3259413977779,99811,3627,1852,133,52,48812,25104,0.7405596577531535,2405,1364,20173,23540,15464,8822,8196,14368,48346,35800,0,0,5252,4261,18243,2994,9527,1248,1644,0,0,8333,42056,957,5296,0,0,0,0,0
732,4133,733.3269614433226,99810,3711,1911,133,53,49419,25435,0.7499649333734095,2431,1411,19911,23412,15783,9008,8029,14203,48348,35803,0,0,5172,4196,18122,3058,9700,1296,1713,0,0,8658,41700,943,5252,0,0,0,0,0
733,4133,734.000082180272,99809,3787,1953,134,53,49858,25662,0.7566451923173261,2453,1407,19714,23343,15982,9129,7928,14113,48350,35806,0,0,5138,4151,18032,3093,9838,1331,1743,0,0,8885,41449,936,5213,0,0,0,0,0
734,4133,735.020127272106,99808,3829,1989,134,54,50459,26011,0.7661710484129529,2584,1448,19395,23214,16287,9354,7769,13939,48352,35809,0,0,5074,4089,17870,3150,10072,1385,1794,0,0,9224,41077,916,5157,0,0,0,0,0
735,4133,736.0540476296269,99805,3907,2059,135,56,51124,26380,0.7765542808476529,2618,1495,19116,23070,16618,9558,7604,13760,48354,35812,0,0,4988,4042,17728,3187,10309,1437,1867,0,0,9551,40697,899,5100,0,0,0,0,0
736,4133,737.100606052335,99803,4010,2142,136,57,51822,26770,0.78747131849744,2639,1525,18852,22922,16924,9771,7437,13581,48356,35815,0,0,4916,3992,17562,3247,10550,1485,1921,0,0,9907,40298,874,5051,0,0,0,0,0
737,4133,738.1592757388779,99799,4130,2239,140,57,52529,27189,0.7987855589735368,2687,1550,18540,22764,17208,9985,7293,13403,48358,35818,0,0,4838,3928,17390,3306,10784,1536,1983,0,0,10271,39894,861,5008,0,0,0,0,0
738,4133,739.2323853604796,99797,4223,2336,142,57,53266,27621,0.8105153461526899,2764,1593,18231,22576,17523,10213,7115,13223,48360,35821,0,0,4745,3859,17232,3365,11011,1603,2060,0,0,10643,39467,848,4964,0,0,0,0,0
739,4133,740.3201236188191,99794,4346,2424,144,58,54018,28052,0.8223941319117382,2812,1614,17932,22425,17818,10440,6946,13037,48362,35824,0,0,4658,3796,17053,3420,11273,1675,2127,0,0,10958,39088,833,4913,0,0,0,0,0
740,4133,741.0534456043579,99791,4384,2430,146,59,54495,28334,0.830024751731118,2891,1652,17705,22306,18040,10637,6832,12914,48364,35827,0,0,4600,3751,16934,3453,11443,1736,2173,0,0,11214,38790,820,4877,0,0,0,0,0
741,4133,742.1481177712963,99790,4463,2492,147,59,55231,28773,0.841807796372382,2957,1705,17382,22115,18364,10899,6685,12728,48366,35830,0,0,4524,3681,16748,3527,11703,1812,2233,0,0,11596,38346,804,4816,0,0,0,0,0
742,4133,743.2198074356442,99788,4498,2525,149,59,55960,29216,0.8535695674830641,3000,1754,17071,21940,18732,11167,6548,12553,48368,35833,0,0,4435,3619,16548,3583,11976,1905,2301,0,0,11974,37891,790,4766,0,0,0,0,0
743,4133,744.2691530747273,99783,4611,2584,152,61,56745,29701,0.8663399577082268,3034,1746,16755,21763,19053,11461,6393,12383,48370,35836,0,0,4340,3562,16377,3626,12234,1989,2381,0,0,12387,37403,775,4709,0,0,0,0,0
744,4133,745.2978341553088,99782,4681,2682,152,62,57471,30147,0.8780942454550921,3118,1755,16443,21610,19367,11699,6237,12190,48372,35839,0,0,4273,3485,16216,3698,12496,2060,2424,0,0,12729,36985,765,4651,0,0,0,0,0
745,4133,746.3074190172305,99780,4775,2704,154,62,58258,30593,0.8904690318701143,3095,1782,16178,21450,19688,11997,6108,12003,48374,35842,0,0,4174,3422,16021,3764,12770,2146,2499,0,0,13122,36517,749,4596,0,0,0,0,0
746,4133,747.2989634354232,99779,4903,2725,155,62,59025,31018,0.9024243578308061,3126,1790,15894,21272,19957,12288,5963,11861,48376,35845,0,0,4096,3353,15848,3823,13050,2223,2554,0,0,13464,36089,738,4541,0,0,0,0,0
747,4133,748.2745478380475,99777,5007,2769,155,64,59808,31460,0.9147198252102188,3143,1775,15585,21126,20284,12553,5824,11711,48378,35848,0,0,4006,3294,15670,3871,13339,2294,2625,0,0,13845,35629,721,4483,0,0,0,0,0
748,4133,749.2329785344565,99773,5078,2794,158,65,60601,31888,0.92699427700881,3110,1804,15300,20975,20656,12828,5696,11532,48380,35851,0,0,3931,3226,15486,3924,13626,2392,2670,0,0,14201,35187,706,4424,0,0,0,0,0
749,4133,750.1737556884689,99769,5123,2839,161,66,61345,32302,0.9386382543675891,3103,1840,15053,20823,20975,13067,5583,11363,48382,35854,0,0,3856,3155,15295,3980,13931,2472,2723,0,0,14519,34778,690,4370,0,0,0,0,0
750,4133,751.0984997542512,99763,5178,2887,166,67,62050,32721,0.9499614085382356,3054,1852,14823,20654,21318,13314,5459,11224,48384,35857,0,0,3787,3108,15122,4014,14195,2565,2772,0,0,14841,34366,677,4316,0,0,0,0,0
751,4133,752.0078525791818,99760,5169,2915,167,69,62744,33124,0.9609863672814756,3048,1889,14622,20465,21664,13589,5328,11071,48386,35860,0,0,3715,3052,14940,4056,14485,2661,2818,0,0,15165,33943,663,4262,0,0,0,0,0
752,4133,753.197587956031,99756,5176,2992,170,70,63614,33686,0.9753799270219335,3071,1905,14325,20244,22078,13903,5178,10884,48388,35863,0,0,3635,2996,14731,4090,14854,2789,2866,0,0,15553,33409,648,4185,0,0,0,0,0
753,4133,754.0741536766484,99754,5215,3056,171,71,64312,34103,0.9865769793692484,3086,1925,14083,20068,22380,14116,5063,10762,48390,35865,0,0,3558,2953,14552,4119,15145,2869,2912,0,0,15856,33012,639,4139,0,0,0,0,0
754,4133,755.2231857923621,99752,5253,3112,172,72,65169,34677,1.0009423369957495,3184,1953,13779,19823,22705,14454,4905,10584,48392,35867,0,0,3479,2889,14341,4184,15469,3013,2956,0,0,16242,32492,621,4066,0,0,0,0,0
755,4133,756.0725673451213,99748,5278,3188,174,74,65817,35104,1.0117596342783814,3247,1923,13545,19671,22955,14684,4799,10458,48394,35869,0,0,3405,2845,14193,4204,15754,3100,3000,0,0,16479,32144,607,4017,0,0,0,0,0
756,4133,757.1886261173817,99743,5366,3198,179,74,66701,35623,1.025876502611712,3279,1941,13241,19502,23285,15027,4648,10256,48396,35871,0,0,3323,2781,13965,4258,16087,3246,3045,0,0,16823,31667,599,3949,0,0,0,0,0
757,4133,758.0136550829862,99741,5403,3229,181,74,67375,36002,1.0364544169398742,3232,1941,13048,19374,23583,15248,4551,10132,48398,35873,0,0,3256,2731,13815,4299,16354,3343,3086,0,0,17066,31309,587,3895,0,0,0,0,0
758,4133,759.0982283312987,99740,5417,3240,182,74,68253,36532,1.0505815119310207,3220,1950,12811,19193,23946,15584,4422,9957,48400,35875,0,0,3147,2657,13616,4357,16672,3503,3159,0,0,17405,30809,578,3837,0,0,0,0,0
759,4133,760.1664222815912,99736,5444,3297,184,76,69124,37079,1.0648411807170932,3243,1914,12549,19022,24280,15895,4298,9794,48402,35877,0,0,3073,2604,13400,4390,17000,3660,3198,0,0,17767,30309,559,3776,0,0,0,0,0
760,4133,761.2187133667636,99732,5471,3281,187,77,69968,37602,1.0785906228692896,3256,1923,12299,18878,24612,16217,4173,9622,48404,35879,0,0,2971,2552,13203,4428,17381,3781,3255,0,0,18105,29799,546,3711,0,0,0,0,0
761,4133,762.2561809130301,99728,5467,3285,190,78,70773,38062,1.0913183860099471,3248,1968,12066,18727,24963,16484,4064,9456,48406,35881,0,0,2890,2495,13028,4479,17681,3923,3296,0,0,18423,29333,529,3651,0,0,0,0,0
762,4133,763.0249520164774,99727,5527,3264,191,78,71377,38419,1.1009656361867899,3238,1995,11910,18598,25150,16729,3982,9334,48408,35883,0,0,2832,2462,12905,4501,17910,4023,3325,0,0,18664,28984,519,3602,0,0,0,0,0
763,4133,764.0395452946645,99726,5548,3300,192,78,72189,38916,1.1141026412369894,3151,1987,11758,18441,25462,16989,3887,9203,48410,35885,0,0,2760,2394,12734,4529,18211,4178,3366,0,0,18971,28539,506,3538,0,0,0,0,0
764,4133,765.041557559405,99724,5512,3318,193,79,72941,39405,1.1265693313545386,3179,1975,11538,18286,25781,17260,3795,9080,48411,35887,0,0,2702,2321,12541,4585,18545,4322,3384,0,0,19233,28100,496,3495,0,0,0,0,0
765,4133,766.0321931742724,99719,5499,3305,195,82,73713,39868,1.1390106198417553,3163,1999,11359,18135,26093,17541,3689,8936,48412,35889,0,0,2630,2262,12354,4637,18850,4488,3415,0,0,19482,27684,476,3441,0,0,0,0,0
766,4133,767.0111381786245,99717,5490,3310,197,82,74483,40351,1.1515990252414332,3133,1990,11179,17982,26396,17840,3603,8794,48413,35891,0,0,2546,2226,12138,4649,19220,4636,3468,0,0,19728,27277,459,3370,0,0,0,0,0
767,4133,768.2194949167344,99715,5440,3353,199,82,75398,40948,1.1667853382139097,3072,1985,11007,17819,26777,18144,3503,8615,48414,35893,0,0,2460,2158,11918,4703,19601,4823,3512,0,0,20049,26753,441,3297,0,0,0,0,0
768,4133,769.1748832441579,99713,5449,3411,201,82,76153,41452,1.1794349783879734,2998,1971,10854,17655,27080,18399,3416,8480,48415,35895,0,0,2395,2116,11731,4716,19926,4975,3536,0,0,20269,26368,429,3252,0,0,0,0,0
769,4133,770.1208617925695,99710,5528,3395,203,83,76903,41917,1.1916558018252934,2927,1960,10735,17526,27273,18676,3332,8358,48416,35897,0,0,2343,2070,11583,4751,20201,5139,3548,0,0,20463,25987,421,3204,0,0,0,0,0
770,4133,771.0594194934786,99708,5494,3424,205,83,77583,42372,1.203062943795884,2883,1950,10605,17399,27564,18920,3247,8222,48417,35899,0,0,2284,2019,11435,4797,20494,5295,3559,0,0,20627,25630,413,3155,0,0,0,0,0
771,4133,772.2209470697362,99705,5383,3452,207,84,78388,42979,1.2172609197131539,2924,1882,10453,17269,27889,19250,3142,8061,48418,35901,0,0,2211,1952,11221,4830,20883,5497,3584,0,0,20881,25149,404,3093,0,0,0,0,0
772,4133,773.141398596358,99704,5335,3409,208,84,79048,43401,1.228125250742197,2921,1921,10318,17132,28143,19525,3073,7927,48419,35903,0,0,2157,1911,11066,4851,21161,5661,3597,0,0,21112,24753,393,3042,0,0,0,0,0
773,4133,774.0543169723676,99698,5359,3398,212,86,79733,43864,1.2397139360869827,2904,1875,10206,17003,28313,19815,3004,7821,48420,35905,0,0,2105,1875,10910,4857,21471,5813,3609,0,0,21279,24389,386,3004,0,0,0,0,0
774,4133,775.1878007219838,99696,5309,3397,213,87,80542,44446,1.2536912213127909,2869,1809,10090,16876,28598,20157,2919,7672,48421,35907,0,0,2039,1812,10710,4893,21840,6003,3630,0,0,21543,23914,374,2938,0,0,0,0,0
775,4133,776.0874838262589,99691,5235,3426,217,88,81159,44886,1.2643568627057609,2876,1794,9944,16748,28874,20372,2852,7570,48422,35909,0,0,1994,1759,10557,4903,22135,6157,3642,0,0,21707,23574,363,2900,0,0,0,0,0
776,4133,777.2011129115792,99684,5108,3437,223,89,81928,45433,1.2776473656755347,2864,1742,9810,16623,29216,20655,2777,7452,48423,35911,0,0,1907,1708,10382,4934,22447,6384,3684,0,0,21901,23144,349,2844,0,0,0,0,0
777,4133,778.0844966273917,99682,5065,3395,225,89,82524,45819,1.287524327361008,2852,1734,9716,16533,29421,20878,2719,7369,48424,35913,0,0,1853,1663,10261,4985,22661,6546,3691,0,0,22074,22798,339,2811,0,0,0,0,0
778,4133,779.1817417764885,99679,5101,3354,226,91,83317,46332,1.3006651350836185,2744,1681,9618,16422,29660,21196,2649,7254,48425,35915,0,0,1804,1624,10107,5008,22985,6732,3700,0,0,22294,22350,322,2753,0,0,0,0,0
779,4133,780.0545323641228,99674,5052,3295,230,92,83916,46693,1.3103617794008469,2694,1716,9550,16325,29869,21410,2603,7160,48426,35917,0,0,1758,1589,9978,5017,23215,6922,3704,0,0,22400,22057,312,2722,0,0,0,0,0
780,4133,781.1384898069143,99673,4999,3243,231,92,84635,47128,1.3219527856089412,2689,1761,9448,16198,30090,21652,2541,7052,48427,35919,0,0,1711,1553,9808,5002,23531,7134,3714,0,0,22546,21696,304,2674,0,0,0,0,0
781,4133,782.0007721044858,99671,5003,3260,233,92,85220,47519,1.3317715283281997,2654,1718,9373,16115,30239,21847,2496,6966,48428,35921,0,0,1680,1518,9691,5023,23734,7305,3708,0,0,22658,21418,296,2640,0,0,0,0,0
782,4133,783.0731563466469,99669,4890,3226,234,93,85897,47988,1.3432963107887106,2626,1678,9320,16024,30490,22103,2438,6874,48429,35923,0,0,1637,1485,9522,5028,24029,7534,3708,0,0,22804,21048,285,2589,0,0,0,0,0
783,4133,784.1393218797409,99667,4817,3179,235,94,86589,48424,1.354640954378079,2564,1679,9262,15941,30733,22333,2387,6772,48430,35925,0,0,1587,1452,9396,5025,24266,7762,3711,0,0,22977,20664,280,2547,0,0,0,0,0
784,4133,785.1995911886324,99662,4817,3157,239,95,87284,48885,1.3663081214505026,2514,1659,9207,15843,30891,22561,2330,6683,48431,35927,0,0,1547,1414,9261,5027,24503,7983,3713,0,0,23100,20319,274,2521,0,0,0,0,0
785,4133,786.0442082428971,99659,4742,3121,241,96,87813,49217,1.3749887115062362,2483,1647,9120,15776,31111,22753,2301,6605,48432,35929,0,0,1520,1380,9148,5043,24711,8166,3696,0,0,23182,20051,273,2489,0,0,0,0,0
786,4133,787.0942404357382,99658,4713,3048,242,96,88491,49646,1.3861104979028276,2434,1606,9042,15721,31313,23002,2254,6525,48433,35931,0,0,1481,1341,9010,5075,24920,8416,3676,0,0,23290,19730,266,2453,0,0,0,0,0
787,4133,788.1394440227783,99655,4673,3095,244,97,89137,50084,1.3970297526466309,2406,1594,8973,15650,31498,23142,2204,6420,48434,35933,0,0,1447,1302,8894,5107,25138,8626,3654,0,0,23353,19458,259,2417,0,0,0,0,0
788,4133,789.1790310748072,99655,4574,3084,244,97,89732,50514,1.4073152375696152,2364,1587,8908,15569,31739,23326,2169,6335,48435,35935,0,0,1401,1261,8775,5138,25373,8838,3656,0,0,23427,19160,247,2379,0,0,0,0,0
789,4133,790.0066845403323,99653,4526,3048,246,97,90202,50836,1.415291059978124,2335,1617,8879,15483,31869,23489,2143,6264,48436,35937,0,0,1382,1241,8678,5140,25554,9010,3638,0,0,23491,18925,243,2351,0,0,0,0,0
790,4133,791.0371457034148,99652,4409,3003,247,97,90783,51225,1.425039136193955,2288,1606,8826,15421,32126,23694,2102,6177,48437,35939,0,0,1333,1214,8555,5146,25820,9210,3633,0,0,23562,18641,236,2302,0,0,0,0,0
791,4133,792.0620171286778,99650,4269,2966,248,98,91305,51614,1.4342097340692423,2258,1579,8805,15379,32361,23882,2057,6094,48438,35941,0,0,1306,1183,8436,5134,26055,9439,3626,0,0,23587,18387,232,2265,0,0,0,0,0
792,4133,793.0827151851206,99648,4198,2918,249,99,91860,51996,1.44364161849711,2163,1523,8813,15346,32558,24099,2017,6013,48439,35943,0,0,1278,1161,8334,5116,26241,9672,3612,0,0,23661,18118,228,2227,0,0,0,0,0
793,4133,794.099813021636,99647,4128,2878,250,99,92398,52374,1.452848555400564,2126,1477,8774,15315,32737,24292,1983,5937,48440,35945,0,0,1252,1142,8210,5113,26442,9887,3602,0,0,23735,17846,225,2193,0,0,0,0,0
794,4133,795.1141813787291,99643,4077,2815,253,100,92913,52729,1.4616380478307558,2119,1467,8763,15259,32843,24504,1943,5853,48441,35947,0,0,1222,1126,8096,5114,26692,10058,3587,0,0,23775,17587,220,2166,0,0,0,0,0
795,4133,796.1259101806288,99640,4044,2797,255,101,93466,53118,1.4711360899237254,2065,1400,8719,15242,33004,24685,1911,5773,48442,35949,0,0,1190,1104,8002,5134,26858,10278,3565,0,0,23823,17344,214,2128,0,0,0,0,0
796,4133,797.134648342521,99638,3976,2749,257,101,93959,53479,1.4797366466609125,2047,1337,8724,15230,33114,24873,1880,5708,48443,35951,0,0,1165,1081,7902,5138,27048,10481,3551,0,0,23862,17101,209,2100,0,0,0,0,0
797,4133,798.1416935685246,99633,3898,2694,259,104,94488,53822,1.488563026306545,1986,1325,8739,15181,33277,25055,1839,5639,48444,35953,0,0,1146,1062,7793,5129,27238,10709,3521,0,0,23890,16874,202,2069,0,0,0,0,0
798,4133,799.146030259225,99631,3844,2657,261,104,94998,54150,1.4970039445554095,1934,1307,8714,15158,33441,25192,1804,5580,48445,35955,0,0,1120,1032,7703,5121,27467,10891,3515,0,0,23881,16665,198,2038,0,0,0,0,0
799,4133,800.1474441160724,99630,3772,2607,262,104,95486,54491,1.5053397571012748,1872,1260,8704,15146,33608,25372,1780,5509,48446,35957,0,0,1096,1009,7609,5125,27639,11095,3500,0,0,23927,16421,193,2016,0,0,0,0,0
800,4133,801.1464133589247,99627,3673,2562,263,106,95966,54801,1.5133146636955845,1852,1253,8711,15134,33756,25496,1743,5447,48447,35959,0,0,1072,997,7496,5104,27839,11304,3488,0,0,23943,16221,187,1976,0,0,0,0,0
801,4133,802.14320998588,99625,3596,2468,264,107,96430,55109,1.5210941028858218,1838,1262,8708,15090,33878,25687,1714,5384,48448,35961,0,0,1048,973,7404,5104,28011,11504,3469,0,0,23979,15992,184,1957,0,0,0,0,0
802,4133,803.137498289751,99623,3536,2410,266,107,96884,55387,1.5284723407245315,1796,1279,8707,15068,34006,25797,1687,5337,48449,35963,0,0,1029,960,7325,5084,28172,11694,3450,0,0,24004,15793,180,1932,0,0,0,0,0
803,4133,804.1297903343765,99621,3501,2365,267,108,97354,55705,1.5364130052900493,1776,1236,8688,15059,34112,25938,1654,5292,48450,35965,0,0,1003,944,7240,5086,28365,11868,3432,0,0,24005,15598,177,1903,0,0,0,0,0
804,4133,805.1206516026372,99621,3450,2335,267,108,97767,56000,1.5435199405747784,1756,1203,8706,15048,34181,26068,1638,5236,48451,35967,0,0,988,929,7154,5075,28531,12045,3414,0,0,23997,15439,173,1876,0,0,0,0,0
805,4133,806.1105654305371,99617,3393,2290,268,111,98207,56292,1.5509300621379885,1715,1184,8720,15050,34285,26187,1617,5176,48452,35969,0,0,971,910,7073,5055,28682,12243,3399,0,0,23993,15266,169,1856,0,0,0,0,0
806,4133,807.0993071113766,99617,3341,2267,268,111,98651,56582,1.5582982824216751,1701,1160,8736,15065,34360,26271,1592,5124,48453,35970,0,0,953,893,7003,5050,28823,12436,3381,0,0,23985,15097,166,1830,0,0,0,0,0
807,4133,808.0870226574543,99616,3276,2218,268,112,99079,56857,1.5653710247349824,1662,1137,8762,15057,34466,26392,1564,5082,48454,35971,0,0,941,879,6936,5036,28983,12632,3358,0,0,23936,14943,162,1810,0,0,0,0,0
808,4133,809.0736998662709,99612,3223,2182,271,113,99498,57135,1.5724310324057342,1636,1103,8793,15073,34531,26502,1544,5025,48455,35972,0,0,916,860,6884,5009,29124,12820,3353,0,0,23922,14782,160,1782,0,0,0,0,0
809,4133,810.0598174427071,99611,3173,2119,271,114,99879,57381,1.5787413036712812,1609,1102,8822,15068,34605,26623,1518,4972,48456,35973,0,0,902,847,6813,5010,29249,13000,3332,0,0,23909,14630,158,1761,0,0,0,0,0
810,4133,811.0450296124388,99610,3101,2058,272,114,100241,57631,1.5849011143459493,1633,1094,8813,15062,34678,26739,1501,4931,48457,35974,0,0,884,829,6734,4984,29401,13179,3324,0,0,23884,14497,156,1738,0,0,0,0,0
811,4133,812.0291906648264,99608,3060,2036,274,114,100654,57901,1.5917898160790298,1559,1079,8811,15062,34811,26828,1483,4879,48458,35975,0,0,865,811,6660,4977,29536,13350,3312,0,0,23878,14349,155,1715,0,0,0,0,0
812,4133,813.0116851877369,99603,2989,2010,277,116,101035,58169,1.598385590795458,1540,1056,8847,15076,34879,26904,1466,4836,48459,35976,0,0,848,799,6581,4957,29642,13546,3305,0,0,23866,14214,154,1691,0,0,0,0,0
813,4133,814.1897751957911,99602,2935,2002,278,116,101491,58487,1.6061725668159275,1476,1041,8893,15047,34972,27013,1444,4779,48460,35977,0,0,827,782,6491,4935,29811,13740,3290,0,0,23837,14055,154,1680,0,0,0,0,0
814,4133,815.1705418646794,99602,2911,1980,278,116,101859,58729,1.6122969418284774,1403,1027,8943,15062,35038,27080,1425,4733,48461,35978,0,0,812,775,6445,4919,29876,13921,3281,0,0,23839,13917,149,1668,0,0,0,0,0
815,4133,816.1508813774664,99601,2852,1943,278,117,102199,58966,1.6181062439132137,1382,979,8974,15102,35106,27167,1406,4690,48462,35979,0,0,805,765,6380,4913,29994,14081,3257,0,0,23812,13793,144,1657,0,0,0,0,0
816,4133,817.1312173393845,99599,2806,1901,279,118,102549,59213,1.6241327724173937,1335,933,9031,15118,35163,27280,1384,4648,48463,35980,0,0,787,755,6331,4926,30064,14266,3235,0,0,23794,13659,143,1639,0,0,0,0,0
817,4133,818.1113870764982,99599,2714,1876,279,118,102876,59463,1.6299260032731253,1330,919,9068,15133,35237,27347,1370,4605,48464,35981,0,0,776,741,6277,4920,30194,14428,3213,0,0,23756,13535,141,1618,0,0,0,0,0
818,4133,819.0910713753909,99599,2686,1813,279,118,103194,59670,1.6351971405335395,1308,957,9105,15113,35265,27440,1355,4557,48465,35982,0,0,768,730,6221,4915,30293,14579,3189,0,0,23746,13412,140,1606,0,0,0,0,0
819,4133,820.0704378191058,99597,2594,1807,280,119,103491,59921,1.6407321505667842,1294,923,9133,15135,35354,27499,1343,4515,48466,35983,0,0,756,717,6178,4912,30404,14736,3168,0,0,23714,13290,136,1586,0,0,0,0,0
820,4133,821.0491093319138,99594,2552,1748,283,119,103818,60145,1.646314034982027,1245,879,9155,15153,35434,27626,1329,4473,48467,35984,0,0,747,705,6121,4905,30472,14912,3156,0,0,23714,13155,135,1572,0,0,0,0,0
821,4133,822.0277256174837,99591,2530,1709,284,121,104142,60359,1.6517657218021708,1241,835,9199,15186,35429,27711,1315,4436,48468,35985,0,0,732,696,6080,4881,30552,15063,3150,0,0,23706,13039,135,1557,0,0,0,0,0
822,4133,823.0066881554742,99590,2487,1691,284,122,104453,60558,1.6569033035445326,1233,838,9219,15209,35479,27747,1296,4391,48469,35986,0,0,717,685,6046,4859,30640,15200,3140,0,0,23707,12923,133,1540,0,0,0,0,0
823,4133,824.1807297135203,99588,2434,1629,286,122,104808,60777,1.6627003253404025,1195,851,9245,15248,35554,27803,1284,4345,48470,35987,0,0,707,674,5993,4840,30763,15371,3127,0,0,23665,12791,131,1526,0,0,0,0,0
824,4133,825.1588353531308,99587,2398,1587,286,123,105099,60981,1.6676875495797645,1167,818,9299,15287,35582,27878,1266,4305,48471,35988,0,0,697,666,5948,4835,30857,15510,3109,0,0,23631,12697,129,1508,0,0,0,0,0
825,4133,826.1370076475722,99586,2356,1561,287,123,105397,61177,1.6726648324061615,1158,785,9311,15318,35631,27941,1255,4270,48472,35989,0,0,693,658,5903,4814,30942,15661,3088,0,0,23609,12597,126,1495,0,0,0,0,0
826,4133,827.1150895795674,99586,2322,1518,287,123,105681,61376,1.6775149117345811,1099,749,9357,15369,35690,28005,1243,4234,48473,35990,0,0,680,652,5860,4802,31031,15799,3081,0,0,23592,12488,124,1477,0,0,0,0,0
827,4133,828.0930773791359,99584,2259,1483,288,124,105973,61561,1.6823385282776349,1066,744,9403,15406,35766,28046,1216,4195,48474,35991,0,0,670,645,5814,4779,31079,15973,3074,0,0,23569,12391,122,1468,0,0,0,0,0
828,4133,829.0708518151187,99583,2169,1470,288,125,106222,61757,1.686824056314833,1056,717,9467,15431,35818,28086,1200,4169,48475,35992,0,0,665,641,5769,4759,31158,16123,3058,0,0,23536,12299,121,1454,0,0,0,0,0
829,4133,830.0485002206018,99583,2070,1430,288,125,106442,61926,1.6907303455409055,1091,726,9518,15459,35842,28121,1189,4137,48476,35993,0,0,657,635,5731,4734,31213,16272,3044,0,0,23537,12196,121,1443,0,0,0,0,0
830,4133,831.0262397800507,99582,2048,1404,288,126,106699,62083,1.694904701652909,1043,745,9564,15478,35876,28138,1179,4107,48477,35994,0,0,650,628,5695,4714,31293,16385,3036,0,0,23511,12114,121,1435,0,0,0,0,0
831,4133,832.0044537380795,99581,2056,1374,288,127,106974,62244,1.6993000672819112,1009,726,9622,15493,35853,28195,1170,4083,48478,35995,0,0,645,623,5653,4704,31325,16528,3021,0,0,23490,12043,120,1429,0,0,0,0,0
832,4133,833.1794911730747,99578,2020,1347,289,129,107255,62468,1.7044226636405633,998,695,9687,15531,35842,28246,1162,4050,48479,35996,0,0,641,614,5612,4675,31380,16694,3007,0,0,23485,11935,116,1419,0,0,0,0,0
833,4133,834.1599689174548,99577,2005,1351,290,129,107494,62660,1.70876808901654,979,663,9765,15553,35808,28276,1151,4026,48480,35997,0,0,630,610,5585,4649,31433,16823,3005,0,0,23455,11867,116,1404,0,0,0,0,0
834,4133,835.1418314298871,99576,1995,1353,290,130,107728,62824,1.712782196513216,977,654,9805,15607,35799,28259,1132,3995,48481,35998,0,0,625,607,5554,4630,31500,16927,2994,0,0,23441,11788,116,1394,0,0,0,0,0
835,4133,836.1242809253603,99574,1952,1341,292,130,107952,62998,1.71681362604696,979,625,9860,15651,35793,28278,1122,3973,48482,35999,0,0,618,601,5517,4631,31557,17057,2976,0,0,23397,11723,115,1382,0,0,0,0,0
836,4133,837.107613193904,99574,1930,1290,292,130,108202,63137,1.7207202683431417,945,632,9939,15702,35780,28307,1112,3937,48483,36000,0,0,611,597,5482,4619,31575,17204,2961,0,0,23388,11646,115,1376,0,0,0,0,0
837,4133,838.0921776822131,99573,1912,1258,292,131,108446,63286,1.7246844023982404,902,619,9999,15746,35787,28329,1106,3915,48484,36001,0,0,599,596,5449,4606,31621,17329,2958,0,0,23369,11567,114,1365,0,0,0,0,0
838,4133,839.0774970773218,99573,1826,1221,292,131,108654,63417,1.72808893977283,900,627,10062,15779,35823,28350,1095,3890,48485,36002,0,0,590,586,5422,4600,31649,17471,2952,0,0,23341,11492,114,1356,0,0,0,0,0
839,4133,840.0634396165356,99573,1811,1205,292,131,108901,63578,1.7321864360820705,877,588,10127,15825,35800,28377,1091,3872,48486,36003,1,1,584,581,5397,4602,31691,17599,2936,0,0,23314,11415,113,1340,0,1,0,0,0
840,4133,841.0506677857669,99572,1765,1130,293,131,109115,63691,1.7354878881613305,825,600,10206,15899,35825,28393,1084,3845,48487,36004,2,2,579,575,5368,4578,31763,17719,2929,0,0,23283,11334,113,1330,0,1,0,0,0
841,4133,842.0388977961604,99572,1717,1099,293,131,109327,63841,1.7391234483589764,802,584,10285,15943,35822,28424,1079,3817,48488,36005,3,3,575,567,5345,4577,31793,17853,2916,0,0,23255,11258,112,1319,0,2,0,0,0
842,4133,843.0284828554401,99571,1695,1059,293,132,109535,63980,1.7426258649606814,794,571,10337,15999,35807,28449,1072,3788,48489,36006,4,4,570,563,5309,4568,31837,17970,2906,0,0,23243,11177,112,1314,0,2,0,0,0
843,4133,844.0189791411648,99570,1663,1049,294,132,109730,64097,1.7457768404137792,805,570,10403,16062,35767,28413,1066,3772,48490,36007,5,5,567,558,5282,4562,31875,18077,2890,0,0,23210,11127,111,1308,0,2,0,0,1
844,4133,845.0109393437378,99569,1626,1056,295,132,109945,64245,1.7494400867739959,767,526,10485,16124,35763,28407,1062,3753,48491,36008,6,6,560,555,5256,4546,31909,18200,2879,0,0,23176,11072,111,1302,0,2,0,0,1
845,4133,846.0040719104852,99569,1590,1050,295,132,110164,64358,1.7527744579136078,755,545,10572,16170,35736,28369,1050,3732,48492,36009,7,7,555,552,5228,4540,31963,18309,2862,0,0,23119,11030,111,1297,0,2,0,0,1
846,4133,847.1977313459142,99568,1546,1041,296,132,110390,64522,1.7567089828057207,748,544,10668,16230,35694,28347,1046,3704,48493,36010,8,8,549,547,5200,4521,32015,18427,2852,0,0,23114,10945,108,1286,0,2,0,0,2
847,4133,848.1939658992845,99568,1477,1055,296,132,110564,64674,1.7599831271091113,760,515,10744,16292,35683,28323,1038,3681,48494,36011,9,9,543,542,5172,4505,32058,18544,2845,0,0,23076,10892,108,1279,0,2,0,0,2
848,4133,849.1912395409992,99567,1471,1059,296,133,110752,64814,1.7632950676428938,746,481,10799,16336,35659,28322,1027,3667,48495,36012,10,10,539,535,5149,4499,32081,18646,2840,0,0,23053,10839,106,1276,0,2,0,0,2
849,4133,850.1896894752801,99567,1463,1033,296,133,110945,64937,1.766468809947071,726,476,10862,16379,35628,28328,1023,3649,48496,36013,11,11,534,529,5128,4497,32087,18762,2834,0,0,23031,10783,105,1272,0,2,1,0,2
850,4133,851.1899064454942,99566,1446,971,296,134,111119,65035,1.7692184078902438,717,494,10944,16460,35579,28323,1016,3616,48497,36014,12,12,531,525,5104,4497,32092,18885,2825,0,0,23000,10728,104,1269,0,3,1,0,2
851,4133,852.192035340729,99566,1404,974,296,134,111288,65173,1.7723017897675915,700,466,11026,16514,35557,28301,1015,3609,48498,36015,14,14,527,524,5075,4480,32141,18977,2814,0,0,22980,10677,103,1261,0,4,1,0,2
852,4133,853.1954981647256,99565,1379,965,296,135,111447,65314,1.7753326972329635,701,433,11098,16578,35512,28298,1012,3589,48499,36016,16,16,519,520,5055,4477,32170,19076,2803,0,0,22956,10627,102,1252,0,5,1,0,2
853,4133,854.2009859695344,99565,1376,944,296,135,111626,65428,1.7782754984181188,671,416,11181,16624,35469,28301,1005,3578,48500,36017,19,18,516,517,5039,4468,32201,19167,2792,0,0,22927,10577,101,1248,0,9,1,0,2
854,4133,855.0065180308669,99564,1330,928,297,135,111752,65506,1.7803422923948415,670,401,11243,16676,35454,28292,1004,3566,48501,36018,23,21,511,513,5010,4457,32241,19243,2786,0,0,22903,10540,101,1244,1,9,1,0,4
855,4133,856.0148190382405,99564,1290,920,297,135,111893,65610,1.7828030211723114,674,404,11307,16749,35428,28250,1002,3540,48502,36019,28,25,508,509,4992,4454,32253,19342,2776,0,0,22872,10502,99,1239,1,11,2,0,4
856,4133,857.0245771013045,99562,1256,874,299,135,112050,65716,1.7854804041702657,654,404,11389,16801,35400,28263,1000,3521,48503,36020,34,30,505,504,4970,4441,32286,19449,2768,0,0,22835,10448,99,1235,1,14,2,0,5
857,4133,858.0361748249187,99561,1254,839,300,135,112213,65812,1.788099757937345,628,411,11455,16885,35360,28215,1001,3513,48504,36021,42,36,502,503,4952,4440,32306,19537,2756,0,0,22818,10390,99,1230,1,19,3,0,5
858,4133,859.049392886158,99559,1228,801,302,135,112363,65907,1.7905965307003888,615,409,11543,16954,35309,28197,1001,3502,48505,36022,51,43,495,502,4926,4423,32329,19625,2752,0,0,22815,10335,99,1227,1,21,4,0,5
859,4133,860.0644075833886,99559,1211,811,302,135,112508,66028,1.793268313261483,616,407,11640,16989,35225,28160,1004,3496,48506,36023,63,51,491,499,4900,4400,32371,19705,2748,0,0,22794,10292,98,1224,1,24,4,0,8
860,4133,861.0820612999321,99559,1192,814,302,135,112660,66140,1.7959200072318926,590,390,11721,17048,35185,28121,1008,3490,48507,36024,77,61,487,494,4878,4393,32422,19781,2743,0,0,22741,10252,97,1221,2,33,4,0,11
861,4133,862.1018629889822,99559,1165,820,302,135,112813,66244,1.798501391134905,567,362,11823,17098,35129,28093,1012,3490,48508,36025,94,73,485,491,4857,4383,32417,19885,2734,0,0,22714,10212,97,1218,2,42,7,0,15
862,4133,863.1239824212264,99559,1141,805,302,135,112951,66337,1.8008216233590133,550,358,11907,17169,35079,28044,1019,3487,48509,36026,115,87,484,490,4838,4369,32439,19974,2729,0,0,22675,10169,95,1211,3,52,12,0,19
863,4133,864.1482459236016,99557,1118,792,304,135,113105,66433,1.8033689243348032,517,367,11990,17226,35038,27989,1031,3489,48510,36027,140,103,477,487,4818,4360,32441,20076,2723,0,0,22642,10126,95,1206,3,67,14,0,22
864,4133,865.1739163952288,99557,1090,751,304,135,113259,66517,1.805759514649899,484,384,12065,17290,35013,27936,1042,3502,48511,36028,170,122,471,485,4798,4345,32450,20190,2717,0,0,22608,10078,94,1198,3,75,18,0,27
865,4133,866.2013575562623,99557,1065,760,304,135,113375,66621,1.8079693040167943,493,369,12128,17348,34946,27877,1062,3509,48512,36029,206,143,470,484,4782,4344,32434,20285,2709,0,0,22582,10029,91,1194,5,93,22,0,33
866,4133,867.0250240473699,99556,1044,749,304,136,113471,66703,1.8097754027883803,488,343,12185,17393,34896,27844,1081,3533,48513,36030,248,168,466,484,4772,4335,32407,20379,2707,0,0,22557,9980,91,1192,6,114,24,0,42
867,4133,868.0568540670483,99556,1015,718,304,136,113590,66783,1.8117742777934027,482,354,12252,17449,34842,27781,1103,3560,48514,36031,297,196,463,483,4756,4323,32422,20469,2701,0,0,22514,9931,91,1183,9,131,28,0,52
868,4133,869.0904804211522,99556,965,717,304,136,113702,66894,1.8140142231507894,466,339,12312,17501,34820,27716,1131,3589,48515,36032,354,228,460,481,4735,4315,32399,20591,2693,0,0,22470,9878,90,1177,10,164,30,0,63
869,4133,870.1260560784508,99556,941,706,304,136,113818,66987,1.8161135441359637,449,317,12393,17567,34749,27638,1162,3634,48516,36033,420,265,456,480,4715,4305,32375,20704,2687,0,0,22432,9828,90,1170,13,192,32,0,77
870,4133,871.1645236742592,99556,907,698,304,136,113924,67072,1.8180320623568644,451,290,12476,17610,34659,27573,1201,3691,48517,36034,496,307,453,475,4693,4305,32375,20796,2680,0,0,22374,9777,90,1166,14,222,42,0,94
871,4133,872.2060894158857,99556,895,681,304,136,114038,67150,1.8199606251757805,455,294,12538,17633,34565,27502,1241,3752,48518,36035,583,354,450,473,4678,4299,32333,20918,2674,0,0,22320,9727,89,1160,15,254,52,0,114
872,4133,873.0415945028147,99556,884,660,304,136,114131,67208,1.8214773594760738,464,297,12578,17653,34483,27421,1285,3831,48519,36036,682,407,449,469,4665,4302,32295,21026,2664,0,0,22263,9678,89,1155,17,290,59,0,135
873,4133,874.0888683333405,99556,842,654,304,136,114223,67308,1.8234059222949897,476,275,12648,17698,34392,27318,1336,3917,48520,36037,794,466,448,465,4651,4295,32239,21166,2660,0,0,22202,9623,88,1146,21,329,63,0,160
874,4133,875.13927138382,99556,846,630,304,136,114344,67370,1.8252440837317692,451,283,12686,17725,34313,27201,1398,4023,48521,36038,921,532,447,463,4621,4293,32208,21282,2645,0,0,22135,9573,87,1142,23,372,82,0,183
875,4133,876.1927663680347,99556,830,618,304,136,114442,67449,1.8270219775804573,450,276,12748,17748,34203,27081,1463,4139,48522,36039,1063,605,446,459,4592,4291,32151,21418,2638,0,0,22058,9520,87,1134,27,425,95,0,215
876,4133,877.0382206795432,99556,826,615,304,136,114539,67509,1.8285989794688418,423,270,12794,17755,34112,26954,1539,4268,48523,36040,1222,686,445,457,4560,4286,32090,21550,2632,0,0,21985,9469,86,1128,30,482,112,0,244
877,4133,878.0983935385934,99556,821,598,304,136,114645,67598,1.8305576760818032,412,250,12843,17779,33998,26821,1620,4414,48524,36041,1399,775,443,455,4534,4276,31998,21716,2627,0,0,21896,9403,86,1120,32,566,129,0,275
878,4133,879.1627948955469,99556,814,566,304,136,114759,67653,1.8322552131463699,395,255,12916,17785,33860,26670,1709,4586,48525,36042,1596,873,443,454,4503,4267,31933,21872,2617,0,0,21782,9342,85,1120,31,650,148,0,309
879,4133,880.0178424571105,99556,816,551,304,136,114856,67703,1.8337317690546024,371,255,12946,17763,33753,26520,1808,4773,48526,36043,1814,980,441,451,4462,4266,31863,22006,2610,0,0,21683,9272,85,1113,36,736,180,0,352
880,4133,881.0906403623733,99556,792,534,304,136,114954,67763,1.835318815541002,362,262,12991,17745,33631,26343,1918,4978,48527,36044,2053,1097,437,449,4428,4263,31737,22206,2603,0,0,21567,9205,85,1104,43,839,196,0,394
881,4133,882.1680055132152,99555,782,511,304,137,115059,67831,1.8370749836773643,370,263,13062,17739,33451,26156,2029,5192,48528,36045,2315,1224,437,446,4386,4263,31629,22389,2595,0,0,21439,9121,85,1096,50,944,224,0,451
882,4133,883.0342353559112,99555,763,511,304,137,115143,67896,1.8385716438149766,348,238,13099,17698,33326,25968,2158,5446,48529,36046,2601,1362,436,442,4364,4265,31495,22581,2586,0,0,21308,9042,85,1086,56,1061,239,0,509
883,4133,884.1219433543939,99553,763,492,304,139,115242,67952,1.8401655399636374,331,235,13162,17673,33146,25739,2292,5720,48530,36047,2912,1511,433,442,4331,4260,31365,22778,2586,0,0,21137,8965,85,1076,62,1206,261,0,566
884,4133,885.2158436351012,99553,728,495,304,139,115331,68025,1.8417928138780348,342,219,13209,17618,32979,25508,2436,6019,48531,36048,3249,1672,433,439,4289,4249,31215,22999,2581,0,0,20994,8877,85,1066,68,1337,293,0,628
885,4133,886.095363381483,99552,700,479,305,139,115407,68067,1.84299662487946,332,230,13245,17555,32817,25264,2599,6331,48532,36049,3612,1845,433,438,4245,4239,31038,23234,2574,0,0,20828,8796,85,1061,71,1486,333,0,691
886,4133,887.2011363690683,99552,675,462,305,139,115492,68129,1.8444732401157184,337,218,13282,17553,32636,24958,2763,6668,48533,36050,4002,2030,430,436,4209,4243,30840,23490,2569,0,0,20660,8702,84,1050,80,1640,362,0,757
887,4133,888.0907857283422,99550,668,469,306,140,115572,68180,1.8458262179809142,327,206,13306,17456,32445,24685,2946,7042,48534,36051,4419,2228,430,434,4164,4240,30630,23751,2561,0,0,20472,8624,84,1043,82,1811,400,0,824
888,4133,889.2099873024606,99550,664,458,306,140,115678,68247,1.847564038171773,300,205,13336,17383,32261,24406,3131,7406,48535,36052,4863,2439,427,432,4108,4233,30448,24007,2558,0,0,20267,8509,84,1028,92,1994,448,0,915
889,4133,890.1106296766517,99550,646,453,306,140,115755,68291,1.8487795077850326,286,217,13366,17263,32053,24101,3341,7824,48536,36053,5334,2663,427,430,4070,4227,30209,24301,2551,0,0,20058,8403,84,1017,103,2197,474,0,999
890,4133,891.0171231833393,99550,618,446,306,140,115815,68342,1.8498945253641386,293,209,13380,17149,31842,23791,3559,8263,48537,36054,5832,2900,426,429,4027,4226,29997,24567,2544,0,0,19804,8299,84,1004,114,2433,508,0,1088
891,4133,892.158683967085,99549,587,424,306,141,115895,68399,1.8512893148097922,300,203,13411,17052,31600,23451,3794,8727,48538,36055,6356,3151,423,427,3975,4215,29725,24911,2545,0,0,19573,8188,84,994,119,2643,551,0,1176
892,4133,893.0786468374454,99549,573,406,306,141,115963,68444,1.852424434198234,295,190,13409,16939,31370,23107,4045,9215,48539,36056,6905,3415,423,427,3922,4218,29471,25229,2534,0,0,19311,8084,84,985,127,2879,593,0,1262
893,4133,894.0057935761902,99549,574,395,306,141,116041,68489,1.853660006629901,272,189,13408,16801,31144,22758,4294,9714,48540,36057,7478,3693,422,427,3864,4216,29171,25570,2527,0,0,19086,7969,84,966,141,3103,646,0,1357
894,4133,895.1741666039843,99549,559,375,306,141,116115,68540,1.8549156696702127,269,190,13437,16659,30872,22402,4555,10231,48541,36058,8073,3984,421,423,3797,4215,28878,25928,2523,0,0,18840,7843,83,948,157,3333,703,0,1457
895,4133,896.1168634766788,99549,559,360,306,141,116185,68579,1.8560106078413645,249,177,13414,16491,30628,22050,4842,10779,48542,36059,8689,4288,421,422,3737,4214,28591,26258,2516,0,0,18566,7707,83,933,168,3599,759,0,1575
896,4133,897.0674971410936,99548,528,360,307,141,116237,68625,1.857013701932736,259,177,13424,16346,30350,21642,5130,11332,48543,36060,9324,4604,421,421,3676,4211,28267,26626,2511,0,0,18304,7574,83,913,185,3853,811,0,1692
897,4133,898.0268866474572,99548,518,353,307,141,116302,68668,1.8580986056977538,247,172,13465,16185,30033,21248,5428,11899,48544,36061,9976,4933,420,419,3615,4217,27955,26977,2504,0,0,18010,7432,83,905,192,4137,866,0,1816
898,4133,899.239684036961,99548,504,331,307,141,116375,68703,1.8591835094627718,243,171,13475,16035,29734,20852,5735,12468,48545,36062,10642,5274,420,416,3538,4209,27636,27345,2502,0,0,17735,7281,83,895,202,4415,932,0,1939
899,4133,900.219599023497,99548,494,324,307,141,116424,68729,1.8599369148551452,261,198,13557,16091,29666,20821,5713,12423,48545,36062,10642,5274,420,416,3534,4203,27641,27373,2501,0,0,17729,7267,83,894,201,4415,932,0,1939
900,4133,900.219599023497,99548,502,331,307,141,116445,68743,1.8602885040382529,256,186,13465,15836,29420,20444,6048,13060,48545,36062,11321,5626,420,416,3485,4200,27309,27712,2500,0,2,17432,7141,83,874,221,4709,981,0,2063
901,4133,901.2095222223488,99548,498,344,307,141,116502,68793,1.8613633623980392,270,180,13439,15657,29108,20015,6376,13661,48545,36062,12009,5988,418,415,3424,4198,26968,28089,2499,2,15,17127,6994,83,858,236,4987,1038,0,2197
902,4133,902.2096569913293,99547,481,337,308,141,116567,68833,1.862436838880127,274,189,13399,15459,28826,19621,6710,14251,48545,36062,12705,6360,418,414,3356,4190,26610,28496,2496,2,34,16806,6843,83,840,250,5282,1098,2,2327
903,4133,903.2199996740051,99547,465,335,308,141,116632,68877,1.8635317990496951,271,181,13362,15253,28538,19223,7054,14865,48545,36062,13406,6741,416,414,3293,4181,26246,28908,2494,4,45,16496,6694,83,829,259,5564,1154,5,2462
904,4133,904.2406430045475,99546,455,335,309,141,116695,68915,1.8645651256705442,276,192,13329,15034,28218,18839,7411,15457,48545,36062,14109,7131,415,413,3225,4172,25925,29281,2493,5,53,16165,6560,83,811,275,5863,1214,7,2586
905,4133,905.0138482243065,99545,456,348,310,141,116743,68964,1.8655582902205032,281,183,13260,14814,27911,18446,7780,16066,48545,36062,14812,7528,415,413,3151,4166,25560,29681,2490,5,59,15867,6418,83,797,288,6141,1282,11,2718
906,4133,906.0568960513451,99545,455,343,310,141,116817,69011,1.8667738208850269,264,193,13236,14612,27590,18052,8143,16657,48545,36062,15512,7932,413,413,3071,4164,25230,30059,2486,7,72,15529,6286,83,783,300,6447,1354,13,2835
907,4133,907.1124806829123,99544,464,338,310,142,116888,69060,1.8679980712046933,264,180,13205,14415,27239,17673,8516,17250,48545,36062,16208,8342,411,412,3007,4165,24863,30464,2479,9,85,15240,6131,83,767,314,6712,1413,20,2969
908,4133,908.1815876763142,99544,457,361,310,142,116956,69116,1.8692437515068714,266,164,13177,14239,26902,17251,8886,17841,48545,36062,16897,8756,411,411,2933,4162,24514,30854,2473,9,92,14932,5998,82,761,319,6996,1482,25,3090
909,4133,909.2641630080184,99544,453,357,310,142,117026,69167,1.8704592943823837,266,154,13171,14072,26549,16863,9249,18410,48545,36062,17577,9174,411,411,2884,4151,24115,31300,2470,9,107,14627,5868,82,742,335,7279,1523,32,3198
910,4133,910.0858389193543,99544,446,360,310,142,117083,69205,1.8714136462267943,254,149,13131,13875,26232,16472,9625,19000,48545,36062,18246,9595,411,409,2815,4149,23757,31696,2467,9,110,14320,5756,82,726,351,7562,1585,39,3300
911,4133,911.1962085112297,99544,448,332,310,142,117156,69234,1.8724383187334244,245,169,13091,13713,25913,16096,9991,19546,48545,36062,18903,10017,410,408,2756,4146,23406,32096,2462,10,120,14008,5613,82,715,362,7843,1635,43,3429
912,4133,912.0385328652309,99544,438,326,310,142,117198,69282,1.8733424415333924,256,155,13056,13535,25576,15746,10362,20094,48545,36062,19546,10440,410,407,2698,4145,23066,32473,2459,10,130,13676,5490,82,697,378,8151,1687,46,3539
913,4133,913.1774794779778,99544,440,319,310,142,117268,69328,1.874507755364462,263,157,13027,13416,25229,15387,10729,20577,48545,36062,20173,10863,407,406,2640,4141,22712,32881,2457,13,137,13373,5355,82,685,387,8422,1734,48,3664
914,4133,914.0423271527411,99544,437,313,310,142,117330,69365,1.8755022904444265,249,153,12985,13231,24907,15085,11110,21074,48545,36062,20784,11285,406,405,2594,4144,22321,33303,2452,14,143,13113,5221,82,674,397,8659,1776,54,3786
915,4133,915.2120761426849,99543,434,309,311,142,117406,69408,1.8767165948384115,254,152,12957,13098,24570,14761,11472,21536,48545,36062,21378,11705,406,404,2524,4139,21997,33673,2447,14,153,12839,5100,82,658,413,8904,1839,62,3889
916,4133,916.100226932527,99543,432,310,311,142,117458,69446,1.8776207267211156,243,143,12891,12955,24280,14434,11841,22014,48545,36062,21954,12122,406,402,2477,4135,21657,34044,2446,14,156,12559,4996,82,645,425,9166,1881,72,3980
917,4133,917.3003984519055,99541,417,298,311,144,117515,69487,1.8786429712379824,277,169,12842,12840,23974,14140,12177,22407,48545,36062,22511,12535,405,399,2427,4135,21325,34416,2440,15,167,12286,4867,82,634,435,9413,1927,79,4089
918,4133,918.2110685423536,99541,434,302,311,144,117586,69532,1.8798083201896705,261,161,12802,12724,23664,13833,12526,22834,48545,36062,23049,12944,405,398,2370,4134,21009,34767,2438,15,176,12049,4759,82,619,448,9630,1975,85,4182
919,4133,919.1333952662673,99540,449,310,312,144,117639,69575,1.8807916415511352,249,164,12759,12575,23355,13563,12874,23242,48545,36062,23568,13347,404,398,2327,4132,20728,35078,2437,16,182,11801,4638,82,606,461,9857,2011,90,4292
920,4133,920.0675942460549,99540,424,318,312,144,117685,69611,1.8816154309825195,254,165,12710,12443,23080,13286,13218,23642,48545,36062,24068,13745,404,396,2283,4133,20432,35415,2430,16,186,11572,4537,82,585,480,10063,2047,94,4385
921,4133,921.0133205891735,99540,437,325,312,144,117757,69653,1.8827606992163954,223,155,12678,12314,22807,13041,13541,24019,48545,36062,24548,14136,404,396,2244,4136,20121,35754,2421,16,186,11340,4447,82,574,488,10277,2085,105,4464
922,4133,922.2912645888533,99540,419,322,312,144,117816,69701,1.8838356439622261,255,153,12662,12239,22508,12805,13842,24335,48545,36062,25009,14520,404,393,2191,4138,19845,36082,2414,16,191,11112,4355,82,565,496,10474,2126,113,4543
923,4133,923.2611213904561,99539,400,331,312,145,117865,69739,1.8847285988406555,255,150,12638,12150,22242,12557,14151,24665,48545,36062,25451,14897,402,390,2142,4134,19582,36374,2409,18,192,10908,4263,82,544,515,10665,2173,120,4626
924,4133,924.2427203793784,99539,420,317,312,145,117941,69778,1.8858839248937602,228,148,12598,12087,21982,12319,14458,24982,48545,36062,25874,15266,401,389,2101,4134,19326,36665,2407,19,206,10685,4169,82,531,525,10867,2206,126,4700
925,4133,925.2362297525757,99539,408,297,312,145,117991,69812,1.886727815228202,220,164,12573,12006,21726,12128,14759,25258,48545,36062,26279,15627,400,387,2046,4136,19051,36983,2405,20,208,10485,4086,81,517,536,11037,2254,135,4772
926,4133,926.241569457632,99539,422,297,312,145,118046,69859,1.8877525392057384,209,153,12534,11955,21469,11928,15052,25520,48545,36062,26666,15980,399,386,2008,4137,18789,37280,2399,21,213,10296,4016,80,510,539,11205,2289,141,4831
927,4133,927.2593111945453,99539,431,280,312,145,118109,69886,1.8886567074212117,197,159,12527,11921,21202,11736,15329,25757,48545,36062,27036,16324,398,385,1971,4133,18524,37581,2396,22,221,10120,3933,80,499,549,11365,2316,143,4903
928,4133,928.2899033876117,99539,426,280,312,145,118167,69925,1.8896311998312219,204,156,12508,11868,20956,11559,15592,25990,48545,36062,27388,16659,398,385,1937,4130,18298,37841,2389,22,229,9931,3854,80,493,552,11540,2343,154,4963
929,4133,929.3331239601075,99539,428,270,312,145,118228,69960,1.8905956459277269,208,155,12499,11835,20705,11387,15846,26206,48545,36062,27724,16985,398,385,1897,4127,18073,38104,2385,21,242,9751,3784,80,486,558,11697,2377,162,5012
930,4133,930.0357294798076,99539,406,268,312,145,118252,69986,1.8910979616029897,227,156,12471,11788,20472,11217,16110,26424,48545,36062,28044,17302,395,385,1861,4122,17873,38329,2383,24,240,9580,3720,80,475,567,11857,2408,176,5064
931,4133,931.1028450903691,99539,401,267,312,145,118309,70022,1.8920322687589788,213,155,12471,11788,20273,11040,16328,26603,48545,36062,28349,17610,394,385,1835,4120,17663,38575,2378,25,246,9418,3652,80,469,572,11997,2428,186,5116
932,4133,932.181441649574,99539,412,275,312,145,118384,70067,1.89323782637961,197,147,12485,11774,20052,10891,16540,26766,48545,36062,28639,17909,393,384,1791,4112,17476,38793,2377,26,245,9273,3580,80,462,578,12127,2467,201,5174
933,4133,933.2719901744432,99538,385,267,312,146,118430,70105,1.8941007454439511,209,142,12481,11745,19853,10766,16758,26932,48545,36062,28915,18198,393,383,1763,4107,17288,39026,2373,26,251,9116,3519,80,450,589,12255,2490,209,5220
934,4133,934.0055150701339,99538,385,264,312,146,118464,70126,1.894653298237859,208,143,12459,11733,19657,10616,16977,27096,48545,36062,29177,18478,393,383,1742,4107,17083,39247,2371,26,253,8983,3472,80,446,593,12378,2507,218,5256
935,4133,935.118432344856,99538,375,265,312,146,118523,70166,1.895647893266893,212,141,12475,11743,19465,10485,17159,27218,48545,36062,29426,18749,393,383,1714,4104,16924,39447,2369,26,257,8840,3416,79,434,603,12496,2528,226,5299
936,4133,936.2426840755109,99538,376,265,312,146,118580,70201,1.8965721633948844,202,151,12513,11721,19254,10370,17341,27345,48545,36062,29663,19011,393,382,1686,4107,16748,39658,2363,26,257,8723,3370,79,427,608,12588,2552,232,5339
937,4133,937.3789458528736,99538,375,263,312,146,118636,70250,1.8976270369105266,209,144,12543,11757,19049,10260,17510,27428,48545,36062,29888,19264,393,381,1660,4098,16593,39862,2361,26,258,8594,3328,79,416,617,12691,2569,244,5368
938,4133,938.1435184366871,99538,394,245,312,146,118689,70268,1.8983403323353896,194,140,12521,11750,18873,10136,17704,27581,48545,36062,30102,19509,392,381,1642,4092,16444,40040,2360,27,261,8474,3284,79,411,622,12792,2584,255,5398
939,4133,939.303299043621,99538,369,242,312,146,118734,70305,1.8991641383190339,207,138,12578,11773,18686,10032,17846,27667,48545,36062,30305,19745,391,381,1614,4088,16296,40218,2357,28,265,8365,3235,79,406,626,12881,2610,260,5438
940,4133,940.082981378174,99538,357,239,312,146,118760,70335,1.8997267375273765,218,133,12562,11776,18537,9931,18012,27773,48545,36062,30498,19973,389,380,1588,4088,16151,40389,2352,30,263,8269,3197,79,396,636,12965,2628,270,5468
941,4133,941.2643416346398,99538,357,234,312,146,118818,70368,1.9006409612409332,216,140,12622,11847,18364,9834,18127,27797,48545,36062,30681,20192,387,379,1569,4086,16011,40567,2349,32,263,8175,3155,79,391,639,13034,2643,278,5501
942,4133,942.0580277727822,99537,363,226,313,146,118862,70398,1.9014034981966506,192,127,12621,11861,18234,9762,18275,27876,48545,36062,30855,20403,386,379,1554,4085,15895,40701,2346,33,267,8075,3116,79,385,643,13124,2655,293,5521
943,4133,943.258134781774,99536,345,226,314,146,118914,70440,1.9023669828001928,194,125,12663,11923,18095,9674,18387,27904,48545,36062,31020,20607,382,378,1535,4087,15768,40863,2340,37,269,7972,3081,79,380,647,13206,2665,302,5545
944,4133,944.0579985343012,99536,347,231,314,146,118959,70466,1.9030802925574666,187,120,12659,11952,17961,9581,18530,27968,48545,36062,31176,20803,381,378,1520,4086,15642,41013,2336,38,272,7885,3044,79,374,651,13280,2676,305,5576
945,4133,945.2471024842457,99536,340,224,314,146,119022,70501,1.9040648609548305,181,116,12684,12013,17843,9509,18636,27990,48545,36062,31325,20992,378,377,1505,4093,15526,41158,2328,41,277,7788,3011,79,371,653,13357,2686,313,5595
946,4133,946.0361238641171,99536,342,216,314,146,119056,70517,1.904567191769812,187,115,12680,12036,17727,9438,18748,28047,48545,36062,31466,21174,378,377,1485,4091,15408,41295,2326,41,274,7724,2980,79,364,659,13411,2703,321,5620
947,4133,947.2113869599142,99536,342,218,314,146,119107,70552,1.9054312007715801,175,106,12748,12118,17594,9354,18825,28056,48545,36062,31600,21349,378,377,1474,4091,15312,41419,2319,41,272,7632,2966,79,361,662,13488,2708,339,5618
948,4133,948.3818315329623,99536,326,211,314,146,119152,70582,1.9061846969940524,179,108,12815,12202,17460,9282,18904,28049,48545,36062,31727,21517,376,375,1465,4082,15200,41559,2316,43,273,7556,2940,79,358,665,13553,2714,351,5631
949,4133,949.1595914744098,99536,344,206,314,146,119197,70610,1.9069180999839255,172,100,12842,12220,17325,9233,19001,28093,48545,36062,31848,21678,376,374,1444,4079,15105,41681,2314,43,271,7493,2917,79,355,668,13598,2732,360,5647
950,4133,950.319106084823,99536,339,206,314,146,119247,70641,1.9077318759041955,176,98,12899,12292,17205,9164,19065,28092,48545,36062,31963,21833,376,374,1430,4075,15022,41801,2310,43,268,7427,2896,79,351,670,13644,2739,369,5662
951,4133,951.0900249673747,99536,338,198,314,146,119276,70655,1.9081638804050796,174,104,12950,12340,17079,9096,19143,28114,48545,36062,32072,21982,376,374,1413,4077,14929,41912,2305,43,270,7363,2878,78,349,672,13696,2754,374,5673
952,4133,952.2407511352404,99536,328,193,314,146,119328,70686,1.9089977495579489,165,101,13016,12437,16967,9049,19208,28072,48545,36062,32175,22125,374,372,1401,4075,14853,42029,2302,45,274,7290,2855,78,347,673,13742,2760,382,5684
953,4133,953.005857723306,99536,314,193,314,146,119349,70704,1.9093895675936345,177,106,13047,12478,16861,8996,19285,28079,48545,36062,32273,22263,374,372,1386,4070,14764,42142,2300,45,276,7231,2835,78,345,673,13787,2774,385,5699
954,4133,954.1481695316797,99535,304,194,315,146,119395,70730,1.910132114331642,170,110,13126,12570,16753,8932,19330,28046,48545,36062,32366,22395,374,372,1377,4062,14699,42241,2297,45,278,7175,2817,78,339,676,13827,2779,389,5710
955,4133,955.2879848006688,99535,308,190,315,146,119444,70761,1.9109358517104535,169,112,13177,12682,16653,8883,19376,27985,48545,36062,32455,22522,372,371,1368,4059,14625,42342,2295,47,280,7110,2799,78,336,679,13874,2785,398,5717
956,4133,956.0463452934654,99535,301,185,315,146,119472,70782,1.9114281408549756,173,115,13214,12727,16558,8845,19437,27980,48545,36062,32539,22644,370,371,1361,4060,14555,42432,2290,49,278,7052,2776,77,333,682,13917,2792,409,5731
957,4133,957.1795714127128,99535,292,185,315,146,119509,70813,1.9121113176269653,188,103,13307,12838,16436,8800,19460,27926,48545,36062,32619,22761,368,369,1351,4058,14486,42526,2286,51,278,7005,2759,77,330,683,13952,2799,419,5738
958,4133,958.3112348576827,99535,294,185,315,146,119562,70841,1.912925101723012,176,98,13382,12931,16336,8761,19495,27877,48545,36062,32695,22874,367,367,1342,4057,14428,42615,2284,52,274,6951,2740,77,328,685,13983,2806,430,5749
959,4133,959.0648824341488,99535,290,179,315,146,119595,70855,1.9133972974330637,174,100,13411,12977,16276,8725,19532,27871,48545,36062,32768,22982,367,364,1337,4059,14370,42691,2282,52,276,6907,2722,77,325,688,14015,2808,434,5761
960,4133,960.1926237506445,99535,288,181,315,146,119634,70884,1.9140804742050535,170,108,13496,13051,16178,8692,19551,27820,48545,36062,32837,23086,366,363,1325,4057,14312,42778,2279,53,277,6861,2705,76,321,692,14044,2815,441,5770
961,4133,961.319429049212,99535,295,196,315,146,119683,70924,1.9149746320389813,165,91,13587,13144,16095,8646,19541,27775,48545,36062,32903,23186,366,362,1319,4054,14257,42854,2278,53,279,6816,2690,76,317,695,14077,2821,441,5780
962,4133,962.0708262687308,99535,296,192,315,146,119720,70936,1.9154669211835034,160,106,13635,13191,16021,8605,19571,27758,48545,36062,32966,23282,366,362,1312,4054,14206,42924,2273,53,282,6783,2675,76,315,696,14101,2824,445,5788
963,4133,963.1960835183603,99535,284,184,315,146,119766,70960,1.9161701913899634,157,107,13718,13273,15946,8576,19578,27712,48545,36062,33026,23374,366,361,1311,4053,14159,43005,2267,53,285,6739,2659,76,314,697,14124,2821,456,5789
964,4133,964.3213112483548,99535,290,182,315,146,119809,70985,1.916853368161953,161,110,13794,13362,15851,8538,19587,27660,48545,36062,33083,23462,365,361,1305,4049,14110,43079,2262,54,287,6706,2644,76,313,696,14147,2824,458,5799
965,4133,965.0710554418473,99535,300,184,315,146,119847,71010,1.9174863113477671,153,98,13832,13419,15781,8516,19617,27635,48545,36062,33137,23547,365,360,1304,4048,14064,43141,2261,54,289,6667,2634,76,313,695,14176,2823,466,5799
966,4133,966.1940636787795,99533,309,177,315,148,119896,71037,1.9182884068600363,143,98,13934,13507,15697,8487,19600,27581,48545,36062,33189,23629,363,360,1298,4039,14019,43211,2259,56,293,6629,2623,76,312,695,14201,2827,474,5798
967,4133,967.3174506423823,99533,298,177,315,148,119928,71065,1.9188912220067715,149,104,14029,13599,15620,8451,19587,27519,48545,36062,33238,23707,363,359,1292,4031,13983,43278,2258,56,292,6590,2616,76,311,694,14226,2828,479,5801
968,4133,968.0668599954179,99533,288,187,315,148,119947,71088,1.9193131926094864,150,98,14076,13648,15564,8418,19605,27499,48545,36062,33285,23782,362,358,1285,4032,13939,43335,2256,57,290,6564,2607,76,308,697,14244,2832,485,5806
969,4133,969.1901774303785,99533,276,186,315,148,119986,71109,1.9199160077562216,150,106,14161,13749,15498,8392,19598,27417,48545,36062,33330,23854,361,358,1282,4026,13899,43404,2255,58,290,6526,2599,75,308,696,14264,2833,497,5802
970,4133,970.3141509427143,99533,276,176,315,148,120027,71133,1.9205690574985181,149,101,14252,13863,15427,8376,19579,27334,48545,36062,33373,23924,361,358,1279,4025,13858,43470,2251,58,293,6492,2590,75,307,696,14285,2830,504,5801
971,4133,971.0641093504196,99533,271,177,315,148,120046,71155,1.9209809811821206,158,101,14288,13933,15375,8348,19591,27291,48545,36062,33414,23991,360,358,1276,4024,13829,43520,2250,59,292,6466,2580,74,306,696,14296,2831,511,5805
972,4133,972.1882145101247,99533,277,184,315,148,120092,71187,1.9217646408728764,157,101,14369,14042,15308,8312,19572,27211,48545,36062,33453,24055,360,356,1274,4026,13799,43569,2246,59,293,6432,2570,74,304,697,14318,2832,518,5806
973,4133,973.3130650027512,99533,277,171,315,148,120133,71211,1.9224176906151729,153,105,14478,14155,15234,8290,19541,27129,48545,36062,33490,24117,359,355,1268,4028,13761,43637,2241,60,295,6404,2559,74,301,697,14329,2833,521,5811
974,4133,974.0640304554839,99533,269,164,315,148,120159,71232,1.9228898958134488,163,102,14544,14215,15171,8280,19536,27089,48545,36062,33526,24176,359,355,1265,4029,13727,43694,2237,60,294,6374,2555,74,300,695,14344,2834,527,5810
975,4133,975.1912401228794,99533,277,171,315,148,120206,71259,1.9236333678277555,156,92,14632,14310,15109,8247,19509,27030,48545,36062,33560,24233,358,353,1258,4030,13698,43744,2235,61,292,6353,2541,74,299,695,14352,2837,535,5818
976,4133,976.3200231999309,99533,274,164,315,148,120245,71287,1.9243065114082767,155,88,14715,14425,15058,8228,19481,26945,48545,36062,33592,24288,358,353,1253,4022,13674,43802,2232,61,293,6329,2533,74,298,695,14356,2840,546,5814
977,4133,977.0733795978153,99533,279,162,315,148,120275,71302,1.924758622768328,138,87,14770,14486,15006,8210,19490,26905,48545,36062,33623,24341,358,353,1251,4022,13648,43842,2229,61,289,6308,2531,74,298,695,14366,2842,555,5811
978,4133,978.2033264322318,99533,269,159,315,148,120313,71324,1.9253614379150634,137,88,14842,14584,14962,8191,19473,26828,48545,36062,33653,24392,357,352,1247,4021,13609,43903,2226,62,289,6280,2524,74,298,694,14379,2845,561,5812
979,4133,979.3344523070598,99533,275,161,315,148,120365,71345,1.926094863010258,120,97,14939,14689,14915,8162,19434,26741,48545,36062,33681,24441,356,352,1244,4021,13565,43963,2223,63,292,6261,2517,74,297,695,14388,2845,563,5814
980,4133,980.0897040313604,99533,277,162,315,148,120395,71363,1.926577115127646,111,93,15008,14771,14866,8146,19421,26678,48545,36062,33708,24488,355,351,1241,4022,13543,44005,2222,64,292,6243,2511,74,296,694,14391,2846,568,5815
981,4133,981.2240041863749,99533,260,173,315,148,120427,71399,1.9272603056272795,125,80,15099,14873,14821,8125,19378,26599,48545,36062,33734,24533,355,350,1238,4022,13525,44051,2219,64,296,6222,2503,74,296,693,14397,2843,572,5813
982,4133,982.3607524879092,99533,256,159,315,148,120455,71418,1.9277325108255554,134,86,15180,14995,14774,8111,19339,26499,48545,36062,33759,24577,355,350,1236,4022,13497,44100,2215,64,299,6200,2496,74,296,693,14406,2841,580,5809
983,4133,983.1198970361095,99533,242,163,315,148,120478,71442,1.9282047160238314,137,81,15243,15060,14742,8100,19319,26446,48545,36062,33783,24619,355,349,1232,4016,13478,44145,2215,64,301,6184,2489,74,296,693,14407,2841,584,5810
984,4133,984.2603764209515,99533,240,156,315,148,120512,71465,1.9287773904132297,137,78,15349,15169,14687,8090,19270,26357,48545,36062,33806,24659,354,348,1229,4013,13459,44185,2215,65,304,6162,2480,74,294,694,14416,2841,591,5809
985,4133,985.0223057342977,99533,238,151,315,148,120532,71483,1.9291591733394955,138,80,15421,15226,14633,8083,19253,26310,48545,36062,33828,24698,354,348,1228,4014,13427,44232,2214,65,307,6141,2474,73,293,694,14426,2840,593,5810
986,4133,986.1668238911426,99533,236,151,315,148,120567,71508,1.9297619884862307,143,90,15526,15331,14574,8057,19204,26221,48545,36062,33849,24736,352,348,1227,4009,13406,44276,2214,67,310,6122,2467,73,291,695,14430,2839,598,5809
987,4133,987.3136296117843,99533,240,164,315,148,120606,71542,1.9304954135814252,139,80,15626,15420,14510,8035,19168,26151,48545,36062,33869,24772,352,348,1225,4006,13391,44315,2211,67,313,6103,2462,73,289,697,14435,2838,601,5807
988,4133,988.0795152340495,99533,241,162,315,148,120634,71558,1.9309374780223645,136,80,15687,15485,14470,8021,19149,26102,48545,36062,33888,24807,351,348,1224,4003,13365,44353,2209,68,309,6094,2456,73,289,695,14441,2838,610,5807
989,4133,989.229943461285,99533,245,157,315,148,120676,71577,1.931550340088212,125,76,15797,15592,14419,8012,19097,26013,48545,36062,33907,24841,351,348,1220,4002,13344,44401,2206,68,310,6074,2451,73,288,694,14445,2838,615,5805
990,4133,990.3837470780738,99533,245,156,315,148,120719,71602,1.9322335305878453,120,78,15910,15692,14376,7992,19032,25932,48545,36062,33925,24873,350,347,1219,4002,13324,44444,2205,69,310,6055,2447,72,285,695,14446,2839,623,5801
991,4133,991.1549857056759,99533,252,156,315,148,120745,71617,1.9326454542714477,124,74,15967,15766,14328,7966,19012,25888,48545,36062,33942,24904,350,347,1217,4002,13304,44476,2201,69,311,6049,2444,72,285,695,14446,2839,630,5796
992,4133,992.3137611088653,99533,245,156,315,148,120781,71641,1.933248269418183,136,71,16067,15875,14281,7958,18954,25790,48545,36062,33958,24934,350,347,1215,4000,13297,44506,2199,69,317,6035,2429,72,283,696,14446,2837,636,5799
993,4133,993.0881937003898,99533,242,154,315,148,120808,71655,1.9336601931017854,135,72,16123,15949,14254,7947,18929,25728,48545,36062,33974,24963,349,347,1214,3995,13283,44539,2198,70,317,6020,2428,72,283,696,14450,2836,637,5799
994,4133,994.2517948414644,99533,241,152,315,148,120846,71673,1.9342228205720715,127,81,16226,16034,14212,7933,18877,25650,48545,36062,33989,24991,348,347,1212,3993,13270,44572,2194,71,319,6007,2423,72,283,695,14453,2835,640,5799
995,4133,995.029384087415,99533,236,157,315,148,120868,71688,1.934594556579225,132,76,16294,16108,14167,7919,18854,25590,48545,36062,34004,25018,348,347,1211,3994,13253,44597,2190,71,321,5997,2419,72,281,696,14459,2836,643,5798
996,4133,996.1978254849677,99533,234,143,315,148,120907,71709,1.9351973717259603,127,73,16401,16236,14134,7909,18787,25489,48545,36062,34018,25044,347,346,1207,3996,13247,44633,2183,72,323,5975,2413,72,280,697,14464,2833,645,5800
997,4133,997.3705582184787,99533,228,152,315,148,120939,71737,1.9358001868726955,125,61,16507,16360,14093,7877,18730,25400,48545,36062,34031,25069,347,346,1206,3993,13240,44658,2182,72,324,5962,2409,72,280,697,14468,2831,652,5794
998,4133,998.1543644139739,99533,235,150,315,148,120972,71749,1.936252298232747,112,58,16582,16432,14061,7874,18693,25336,48545,36062,34044,25093,347,346,1204,3985,13238,44681,2180,72,325,5952,2405,72,279,697,14471,2830,658,5791
999,4133,999.3329930891679,99533,225,154,315,148,121003,71774,1.9368149257030332,110,53,16685,16550,14028,7860,18635,25233,48545,36062,34056,25116,347,346,1201,3983,13229,44713,2176,72,325,5941,2402,72,277,698,14471,2828,666,5786
1000,4133,1000.1208638252566,99533,222,151,315,148,121026,71785,1.9371565209528498,104,63,16759,16617,13991,7849,18607,25170,48545,36062,34068,25139,346,345,1200,3984,13217,44736,2174,73,325,5927,2399,72,277,698,14476,2829,667,5788
1001,4133,1001.3055581927683,99533,205,148,315,148,121049,71806,1.937598585393789,127,63,16859,16719,13951,7849,18541,25071,48545,36062,34080,25161,344,345,1196,3978,13212,44761,2173,75,329,5919,2390,72,276,699,14475,2830,675,5784
1002,4133,1002.0975914685839,99533,218,150,315,148,121080,71823,1.938080837511177,110,63,16927,16785,13915,7834,18513,25018,48545,36062,34091,25182,344,344,1194,3977,13201,44785,2173,75,328,5909,2388,72,275,698,14477,2831,680,5782
1003,4133,1003.287859443031,99533,211,143,315,148,121104,71845,1.9385429957903408,120,67,17032,16914,13869,7818,18451,24908,48545,36062,34102,25202,344,339,1191,3987,13185,44818,2167,75,330,5898,2384,72,274,697,14479,2830,686,5777
1004,4133,1004.0837021233159,99533,212,137,315,148,121125,71856,1.938864497201933,113,69,17103,17009,13837,7797,18418,24838,48545,36062,34112,25222,344,337,1188,3989,13169,44846,2166,75,331,5889,2382,72,274,696,14481,2830,691,5773
1005,4133,1005.2799726302605,99533,212,136,315,148,121162,71881,1.9394874061868927,112,68,17174,17127,13806,7777,18379,24742,48545,36062,34122,25241,343,337,1185,3989,13159,44884,2163,76,332,5881,2377,71,272,697,14472,2828,694,5773
1006,4133,1006.0791002121107,99533,208,133,315,148,121181,71890,1.939768719922036,111,70,17234,17198,13774,7766,18356,24683,48545,36062,34132,25259,343,337,1183,3987,13155,44897,2163,76,332,5866,2374,71,271,698,14481,2829,698,5772
1007,4133,1007.2799510468947,99533,205,134,315,148,121216,71909,1.9403112535540976,119,67,17340,17312,13734,7745,18285,24592,48545,36062,34141,25277,343,337,1181,3991,13139,44928,2157,76,334,5858,2371,71,270,697,14482,2827,703,5768
1008,4133,1008.0828239051311,99533,201,133,315,148,121229,71921,1.940562426531904,129,73,17412,17403,13701,7717,18240,24524,48545,36062,34150,25294,343,337,1180,3990,13127,44953,2157,76,333,5851,2371,71,270,697,14480,2826,704,5767
1009,4133,1009.2908161958586,99533,209,131,315,148,121272,71940,1.9411853355168638,109,82,17496,17520,13677,7699,18192,24418,48545,36062,34159,25311,343,337,1178,3982,13121,44984,2155,76,335,5843,2367,71,270,697,14479,2824,707,5764
1010,4133,1010.0981285963853,99533,198,127,315,148,121292,71948,1.941466649252007,113,94,17559,17589,13663,7687,18150,24353,48545,36062,34167,25327,343,337,1176,3981,13109,45012,2151,76,337,5839,2363,71,270,697,14474,2824,709,5764
1011,4133,1011.3124679379513,99533,197,134,315,148,121332,71976,1.9421498397516401,105,79,17674,17703,13629,7674,18078,24260,48545,36062,34175,25343,342,336,1175,3980,13100,45039,2147,77,339,5830,2358,71,270,697,14472,2824,714,5762
1012,4133,1012.1246822273224,99533,191,139,315,148,121348,71994,1.9424914350014568,114,77,17756,17784,13599,7665,18023,24185,48545,36062,34183,25358,342,336,1175,3985,13092,45055,2141,77,342,5824,2354,71,270,697,14473,2822,717,5760
1013,4133,1013.347560878388,99533,190,137,315,148,121382,72017,1.9430641093908554,109,75,17875,17895,13556,7658,17953,24085,48545,36062,34190,25373,342,336,1174,3977,13093,45086,2138,77,342,5816,2350,71,269,697,14467,2817,722,5759
1014,4133,1014.1655731140327,99533,191,133,315,148,121403,72033,1.9434358453980087,105,72,17947,17967,13526,7657,17914,24021,48545,36062,34197,25387,342,336,1172,3978,13086,45109,2136,77,340,5812,2347,71,269,695,14466,2814,727,5756
1015,4133,1015.3933263437417,99533,204,132,315,148,121439,72053,1.9439984728682949,96,64,18056,18068,13470,7652,17857,23934,48545,36062,34204,25401,342,336,1170,3978,13082,45131,2135,77,342,5803,2343,71,267,695,14461,2815,732,5753
1016,4133,1016.2078420500094,99533,198,135,315,148,121456,72071,1.9443501150372238,96,62,18147,18136,13437,7646,17805,23871,48545,36062,34211,25414,342,336,1169,3974,13073,45156,2135,77,345,5800,2338,71,266,695,14458,2811,737,5750
1017,4133,1017.0185587176201,99533,192,131,315,148,121469,72085,1.9446213818532547,101,59,18219,18215,13404,7635,17767,23810,48545,36062,34218,25427,341,335,1168,3974,13071,45169,2135,77,348,5792,2334,71,266,694,14460,2810,741,5747
1018,4133,1018.2282421512194,99532,193,120,316,148,121505,72098,1.945133223485914,87,64,18316,18330,13382,7633,17704,23703,48545,36062,34224,25440,341,335,1167,3974,13068,45189,2132,77,352,5782,2328,71,266,693,14457,2810,746,5744
1019,4133,1019.0311756866006,99531,190,117,317,148,121528,72105,1.945454180104691,93,68,18384,18400,13350,7621,17664,23644,48545,36062,34230,25452,341,335,1166,3969,13070,45200,2130,77,352,5779,2326,71,266,692,14456,2809,750,5742
1020,4133,1020.2302906459479,99531,192,111,317,148,121564,72122,1.9459866775175574,95,62,18472,18511,13322,7614,17600,23552,48545,36062,34236,25464,341,333,1165,3966,13064,45226,2128,77,354,5772,2322,71,266,690,14453,2809,754,5740
1021,4133,1021.026640604782,99531,197,114,317,148,121586,72137,1.946358420994464,92,53,18534,18600,13298,7603,17560,23480,48545,36062,34242,25475,341,333,1165,3964,13062,45240,2126,77,356,5766,2317,71,266,690,14454,2806,757,5740
1022,4133,1022.2160765643832,99531,187,104,317,148,121612,72151,1.9467603058343632,93,59,18645,18693,13265,7585,17491,23409,48545,36062,34248,25486,341,331,1164,3966,13050,45268,2123,77,357,5760,2315,71,266,690,14449,2805,761,5737
1023,4133,1023.0050906151105,99531,174,110,317,148,121622,72167,1.9470215309802976,96,56,18729,18757,13236,7573,17446,23354,48545,36062,34253,25497,341,331,1163,3963,13046,45285,2122,77,358,5753,2314,71,266,690,14449,2804,762,5736
1024,4133,1024.182153841783,99531,175,106,317,148,121650,72186,1.947493745667179,92,51,18825,18867,13193,7568,17396,23258,48545,36062,34258,25507,340,330,1162,3967,13043,45305,2118,77,360,5744,2311,70,266,690,14448,2801,765,5734
1025,4133,1025.3532322383483,99531,180,101,317,148,121682,72199,1.9479458661120657,81,50,18934,18964,13161,7554,17325,23181,48545,36062,34263,25517,337,330,1159,3964,13043,45324,2117,80,362,5735,2308,70,266,689,14448,2801,766,5732
1026,4133,1026.1304412908842,99531,177,90,317,148,121694,72205,1.9481267142900203,86,53,19008,19022,13128,7554,17282,23131,48545,36062,34268,25527,337,330,1158,3961,13037,45344,2117,80,361,5730,2308,70,266,689,14447,2798,768,5730
1027,4133,1027.2907987051888,99531,169,87,317,148,121725,72216,1.9485486933719143,78,51,19109,19126,13104,7534,17221,23052,48545,36062,34273,25537,337,330,1157,3960,13025,45373,2115,80,363,5726,2305,70,264,689,14442,2797,769,5729
1028,4133,1028.0610004786836,99531,163,87,317,148,121739,72230,1.9488300127598437,73,50,19179,19210,13084,7517,17182,22986,48545,36062,34278,25546,336,329,1156,3959,13022,45385,2114,81,364,5717,2302,70,264,689,14445,2798,773,5727
1029,4133,1029.2111381690122,99531,159,89,317,148,121763,72242,1.949191709115753,74,50,19276,19302,13058,7496,17114,22913,48545,36062,34282,25555,336,329,1155,3956,13022,45399,2112,81,365,5713,2301,70,263,689,14444,2796,779,5721
1030,4133,1030.3557695066631,99531,161,83,317,148,121789,72252,1.9495534054716621,69,52,19371,19387,13029,7488,17051,22840,48545,36062,34286,25564,335,329,1153,3954,13024,45415,2111,82,366,5701,2299,70,263,689,14446,2794,783,5717
1031,4133,1031.1159006799642,99531,161,76,317,148,121803,72259,1.9497643950126091,68,53,19438,19461,12999,7476,17015,22784,48545,36062,34290,25572,335,328,1152,3950,13020,45428,2111,82,367,5698,2297,70,263,688,14447,2795,786,5714
1032,4133,1032.250893238325,99531,153,89,317,148,121820,72282,1.9501662798525083,70,44,19554,19571,12960,7451,16944,22695,48545,36062,34294,25580,334,327,1151,3947,13017,45445,2111,83,367,5692,2297,70,263,687,14445,2795,787,5713
1033,4133,1033.00382325048,99531,152,78,317,148,121836,72288,1.9503873165144527,68,45,19605,19645,12945,7441,16911,22641,48545,36062,34298,25588,334,326,1151,3949,13012,45461,2110,83,370,5688,2294,68,263,686,14444,2793,787,5712
1034,4133,1034.129473053219,99530,157,77,318,148,121857,72296,1.9506982819250478,66,50,19687,19751,12909,7426,16861,22546,48545,36062,34302,25596,334,326,1151,3949,13005,45473,2109,83,371,5682,2291,68,263,686,14447,2792,788,5712
1035,4133,1035.2500617542692,99530,156,80,318,148,121879,72311,1.9510700291369436,59,46,19783,19843,12879,7413,16803,22468,48545,36062,34306,25604,334,326,1151,3948,13001,45489,2109,83,371,5673,2290,67,263,686,14448,2791,789,5711
1036,4133,1036.3654448309971,99530,154,77,318,148,121895,72325,1.9513714457952376,70,40,19872,19946,12847,7403,16737,22384,48545,36062,34310,25611,334,326,1150,3948,13001,45500,2107,83,374,5666,2287,67,263,685,14447,2792,794,5706
1037,4133,1037.1062531009627,99529,156,82,319,148,121912,72336,1.9516723768951763,69,37,19928,20016,12819,7391,16707,22324,48545,36062,34314,25618,334,326,1149,3946,12996,45516,2106,83,373,5662,2286,67,263,685,14445,2790,796,5706
1038,4133,1038.213436022364,99529,153,70,319,148,121924,72343,1.9518632760301018,78,43,20021,20104,12779,7377,16648,22256,48545,36062,34317,25625,334,326,1148,3943,12995,45525,2106,83,374,5657,2285,67,263,685,14446,2790,801,5701
1039,4133,1039.3156130452746,99529,146,71,319,148,121945,72359,1.9522350269770619,71,40,20108,20235,12758,7348,16596,22156,48545,36062,34320,25632,334,326,1146,3943,12989,45544,2102,83,375,5653,2284,67,263,685,14444,2789,806,5696
1040,4133,1040.0477946569301,99528,139,65,320,148,121957,72362,1.9524053532674222,72,50,20161,20299,12736,7343,16570,22093,48545,36062,34323,25639,333,324,1143,3944,12989,45552,2102,84,376,5647,2281,67,263,685,14444,2790,808,5696
1041,4133,1041.1422254806062,99528,131,58,320,148,121972,72374,1.9526766337111165,73,52,20241,20392,12713,7327,16520,22021,48545,36062,34326,25645,332,324,1141,3942,12990,45571,2101,85,377,5641,2280,67,263,684,14438,2789,810,5693
1042,4133,1042.2323196354544,99528,133,65,320,148,121988,72390,1.9529981512740133,78,47,20349,20489,12666,7311,16452,21938,48545,36062,34329,25651,332,323,1141,3941,12988,45579,2101,85,377,5637,2280,67,263,684,14439,2788,816,5687
1043,4133,1043.3168016527402,99528,134,72,320,148,122009,72404,1.9533498111084318,68,41,20446,20585,12633,7290,16397,21862,48545,36062,34332,25657,332,321,1141,3942,12985,45591,2100,85,377,5636,2278,67,263,684,14434,2788,816,5688
1044,4133,1044.0370755128617,99528,135,81,320,148,122019,72420,1.9536110441282855,75,29,20513,20646,12593,7288,16362,21806,48545,36062,34335,25663,332,321,1141,3942,12977,45603,2099,85,378,5634,2277,67,263,684,14433,2788,819,5685
1045,4133,1045.1129158520023,99528,139,77,320,148,122046,72427,1.9539526565388634,67,33,20607,20735,12560,7272,16305,21733,48545,36062,34338,25669,332,321,1141,3945,12971,45620,2095,85,379,5631,2275,66,263,684,14428,2787,821,5684
1046,4133,1046.1836821580773,99528,125,77,320,148,122060,72437,1.9541937947110362,75,28,20702,20854,12532,7257,16244,21634,48545,36062,34341,25675,332,321,1141,3944,12971,45634,2091,85,379,5628,2274,66,263,683,14424,2786,821,5685
1047,4133,1047.2498678339807,99528,121,71,320,148,122072,72445,1.9543947431878466,80,27,20802,20957,12486,7246,16189,21549,48545,36062,34344,25680,332,321,1139,3942,12973,45648,2090,85,379,5624,2272,65,263,683,14417,2787,825,5683
1048,4133,1048.3111714607392,99528,122,70,320,148,122090,72452,1.9546459287838598,83,27,20900,21050,12450,7234,16123,21469,48545,36062,34347,25685,331,321,1139,3942,12966,45659,2089,86,380,5624,2269,65,263,683,14416,2785,827,5683
1049,4133,1049.015630438347,99528,119,63,320,148,122106,72456,1.9548468772606704,77,26,20952,21109,12439,7226,16091,21426,48545,36062,34350,25690,331,321,1137,3944,12960,45673,2087,86,379,5621,2269,65,261,684,14416,2784,830,5680
1050,4133,1050.0692404026904,99528,128,61,320,148,122127,72465,1.9551482999758862,70,24,21050,21207,12404,7205,16026,21353,48545,36062,34352,25695,330,321,1137,3942,12956,45686,2087,87,378,5620,2269,65,261,684,14412,2783,832,5678
1051,4133,1051.1181531965287,99528,134,59,320,148,122148,72473,1.9554396752672614,66,25,21141,21302,12362,7183,15975,21281,48545,36062,34354,25700,330,321,1136,3943,12950,45695,2086,87,379,5615,2268,65,261,684,14415,2783,836,5674
1052,4133,1052.1624666591706,99528,135,58,320,148,122166,72478,1.9556707660155936,66,27,21208,21383,12336,7161,15933,21221,48545,36062,34356,25705,330,321,1135,3941,12953,45702,2085,87,379,5613,2267,65,261,684,14412,2783,837,5673
1053,4133,1053.203041022211,99528,137,59,320,148,122186,72487,1.955962141306969,59,33,21301,21457,12301,7144,15880,21157,48545,36062,34358,25710,330,321,1134,3943,12943,45722,2082,87,380,5612,2265,65,261,683,14408,2781,838,5673
1054,4133,1054.239247265776,99528,132,59,320,148,122203,72492,1.9561831846314606,68,38,21391,21537,12269,7127,15818,21089,48545,36062,34360,25715,330,321,1133,3941,12939,45732,2082,87,380,5609,2264,65,261,683,14407,2782,840,5672
1055,4133,1055.2713992422905,99528,124,56,320,148,122218,72500,1.9564142753797926,64,33,21477,21628,12243,7114,15770,21019,48545,36062,34362,25719,329,321,1132,3943,12942,45744,2078,88,380,5603,2263,65,261,683,14402,2781,842,5671
1056,4133,1056.2994125489708,99528,127,58,320,148,122238,72511,1.956725745518849,58,34,21567,21714,12210,7096,15716,20948,48545,36062,34364,25723,329,321,1132,3942,12937,45758,2077,88,380,5601,2262,65,260,682,14401,2780,842,5671
1057,4133,1057.3231946697929,99528,118,58,320,148,122251,72518,1.9569266939956595,60,37,21641,21820,12192,7068,15667,20867,48545,36062,34366,25727,329,321,1131,3942,12936,45773,2074,88,380,5597,2261,65,260,682,14398,2778,843,5670
1058,4133,1058.0037434853016,99527,114,60,321,148,122263,72526,1.9571473067609795,59,32,21702,21876,12170,7063,15632,20819,48545,36062,34368,25731,329,321,1129,3941,12932,45784,2074,88,381,5596,2260,65,259,682,14396,2777,843,5670
1059,4133,1059.0212537394311,99527,107,61,321,148,122277,72533,1.957358304781617,58,31,21770,21977,12150,7037,15592,20744,48545,36062,34370,25735,329,321,1129,3936,12933,45793,2074,88,383,5591,2258,65,259,682,14396,2777,843,5670
1060,4133,1060.0355699454549,99527,118,58,321,148,122294,72541,1.9576094929014238,56,31,21857,22064,12110,7019,15536,20678,48545,36062,34372,25739,329,321,1128,3938,12931,45803,2072,88,384,5589,2256,65,259,681,14392,2777,845,5669
1061,4133,1061.045853156073,99527,108,57,321,148,122306,72547,1.9577903483476846,61,35,21926,22155,12087,6998,15495,20605,48545,36062,34374,25743,329,321,1127,3935,12928,45819,2072,88,384,5587,2255,65,258,682,14387,2775,845,5670
1062,4133,1062.052959507028,99527,106,63,321,148,122318,72559,1.958031488942699,61,36,21989,22246,12065,6983,15456,20522,48545,36062,34376,25747,329,320,1127,3934,12929,45826,2072,88,385,5583,2254,65,258,682,14386,2774,846,5669
1063,4133,1063.0572766143327,99527,98,62,321,148,122330,72569,1.9582525344881287,65,32,22066,22357,12039,6954,15409,20445,48545,36062,34378,25751,329,320,1127,3934,12921,45844,2069,88,386,5582,2253,65,258,682,14381,2773,850,5665
1064,4133,1064.0581227641358,99527,95,60,321,148,122343,72574,1.9584333899343898,68,32,22172,22443,11997,6935,15345,20380,48545,36062,34380,25755,329,319,1124,3936,12924,45851,2066,88,386,5580,2252,65,258,682,14377,2774,850,5666
1065,4133,1065.0542932629644,99527,107,63,321,148,122364,72587,1.9587750057773268,65,27,22252,22516,11960,6930,15293,20314,48545,36062,34382,25759,329,318,1124,3937,12920,45861,2066,88,387,5579,2251,65,258,682,14374,2772,852,5664
1066,4133,1066.0466413767133,99527,95,62,321,148,122379,72593,1.9589860037979643,52,28,22324,22604,11951,6911,15255,20245,48545,36062,34384,25762,329,317,1123,3935,12918,45875,2066,87,388,5578,2250,65,258,682,14369,2771,854,5662
1067,4133,1067.035860987698,99526,95,60,322,148,122390,72600,1.9591865442196008,53,28,22424,22706,11905,6894,15199,20162,48545,36062,34386,25765,326,317,1123,3935,12916,45881,2066,90,388,5573,2249,65,258,682,14371,2770,856,5660
1068,4133,1068.0210206352701,99526,97,62,322,148,122401,72608,1.9593774491087756,54,29,22488,22788,11881,6876,15156,20095,48545,36062,34388,25768,326,317,1123,3934,12914,45890,2066,90,388,5571,2249,65,258,682,14367,2770,857,5659
1069,4133,1069.0031134699395,99526,96,57,322,148,122413,72614,1.9595583063722042,56,32,22568,22881,11861,6854,15095,20026,48545,36062,34390,25771,326,317,1123,3935,12913,45900,2064,90,389,5567,2248,65,258,682,14367,2766,859,5657
1070,4133,1070.3070563969375,99526,94,62,322,148,122436,72632,1.9599702590277917,46,25,22702,22996,11818,6838,15016,19929,48545,36062,34392,25774,324,317,1120,3932,12915,45912,2062,92,391,5564,2245,65,258,682,14363,2767,861,5656
1071,4133,1071.2800751832324,99526,96,55,322,148,122445,72635,1.9600908305367442,49,26,22795,23088,11779,6819,14957,19862,48545,36062,34394,25777,324,317,1119,3933,12914,45922,2061,92,391,5560,2245,65,258,681,14361,2767,861,5655
1072,4133,1072.2490086624266,99526,92,58,322,148,122454,72642,1.9602515925486808,54,27,22901,23176,11736,6798,14893,19791,48545,36062,34396,25780,324,317,1119,3936,12909,45929,2058,92,392,5557,2244,65,258,681,14362,2767,862,5654
1073,4133,1073.213641475153,99526,101,57,322,148,122472,72650,1.9605128308180777,57,27,22968,23256,11700,6782,14850,19728,48545,36062,34398,25783,324,317,1119,3935,12909,45935,2058,92,393,5553,2243,65,258,681,14361,2767,862,5654
1074,4133,1074.1751822743493,99526,109,57,322,148,122491,72659,1.9607941643389668,53,26,23033,23331,11666,6764,14815,19672,48545,36062,34399,25786,324,316,1119,3935,12907,45942,2056,92,396,5551,2240,65,258,681,14361,2767,864,5652
1075,4133,1075.1337580472007,99526,108,51,322,148,122504,72666,1.9609951168538875,49,34,23110,23400,11631,6759,14778,19606,48545,36062,34400,25789,323,314,1118,3936,12906,45950,2056,93,398,5549,2238,65,258,680,14359,2767,865,5651
1076,4133,1076.089464013727,99526,108,51,322,148,122517,72671,1.961175974117316,52,37,23178,23482,11602,6742,14736,19538,48545,36062,34401,25792,323,314,1118,3937,12902,45959,2054,93,399,5546,2237,65,258,680,14358,2767,866,5650
1077,4133,1077.0424080216003,99526,103,57,322,148,122530,72683,1.961427164760967,52,33,23256,23572,11573,6724,14692,19464,48545,36062,34402,25795,323,313,1118,3937,12896,45971,2052,93,399,5545,2237,65,258,680,14357,2766,869,5647
1078,4133,1078.3076907920142,99526,103,53,322,148,122548,72693,1.961708498281856,42,39,23380,23652,11532,6707,14619,19399,48545,36062,34403,25798,323,313,1116,3933,12894,45987,2052,93,400,5543,2236,65,258,680,14355,2763,869,5646
1079,4133,1079.252648781813,99526,100,52,322,148,122560,72700,1.9618994031710306,37,40,23439,23716,11511,6699,14589,19343,48545,36062,34404,25801,323,313,1116,3931,12890,45998,2052,93,401,5540,2235,65,258,679,14356,2761,870,5645
1080,4133,1080.195120061076,99526,101,56,322,148,122570,72711,1.9621104033116974,46,38,23507,23780,11480,6691,14542,19285,48545,36062,34405,25804,323,313,1116,3932,12890,46001,2050,93,402,5537,2234,65,258,679,14357,2761,872,5643
1081,4133,1081.1346197330759,99526,100,59,322,148,122583,72721,1.9623414987038563,42,39,23606,23858,11448,6678,14480,19216,48545,36062,34406,25807,323,313,1115,3931,12886,46010,2049,93,402,5536,2234,65,257,679,14356,2762,872,5643
1082,4133,1082.070378218977,99526,98,65,322,148,122593,72732,1.962552498844523,45,42,23683,23933,11409,6661,14441,19149,48545,36062,34407,25809,323,313,1114,3929,12885,46016,2048,93,402,5534,2234,65,257,679,14357,2762,873,5642
1083,4133,1083.0029616714348,99526,90,69,322,148,122596,72743,1.9626931656049675,52,40,23765,24007,11385,6639,14384,19095,48545,36062,34408,25811,323,313,1114,3926,12888,46021,2047,93,401,5532,2234,65,257,679,14356,2762,875,5640
1084,4133,1084.241404919686,99526,87,67,322,148,122609,72755,1.9629443562486184,51,38,23872,24109,11340,6618,14326,19018,48545,36062,34409,25813,323,313,1114,3928,12881,46036,2044,93,401,5529,2234,65,257,679,14353,2761,878,5637
1085,4133,1085.1666226591783,99526,80,69,322,148,122619,72765,1.963145308763539,48,38,23950,24193,11324,6598,14274,18952,48545,36062,34410,25815,323,313,1113,3928,12874,46050,2044,93,401,5529,2234,65,257,679,14348,2760,878,5637
1086,4133,1086.0887890379097,99526,81,71,322,148,122629,72774,1.963336213652714,52,35,24021,24267,11296,6584,14226,18893,48545,36062,34411,25817,323,312,1113,3930,12866,46061,2043,93,401,5529,2234,65,257,679,14346,2759,878,5637
1087,4133,1087.0082647494935,99526,87,68,322,148,122644,72778,1.9635271185418885,54,37,24093,24340,11264,6568,14178,18837,48545,36062,34412,25819,322,311,1113,3932,12866,46066,2042,94,400,5526,2234,65,257,679,14345,2759,880,5635
1088,4133,1088.230116536368,99526,86,73,322,148,122658,72792,1.9638084520627777,56,36,24184,24437,11227,6546,14123,18758,48545,36062,34413,25821,322,311,1113,3930,12863,46079,2042,93,400,5525,2234,65,257,678,14342,2757,881,5634
1089,4133,1089.1432213241553,99526,89,73,322,148,122671,72796,1.96397926170046,59,41,24259,24519,11189,6525,14080,18692,48545,36062,34414,25823,322,311,1113,3930,12861,46083,2042,93,401,5522,2233,65,257,678,14343,2757,883,5632
1090,4133,1090.0536477879673,99526,95,71,322,148,122684,72805,1.964200309466873,63,39,24317,24585,11160,6518,14041,18637,48545,36062,34415,25825,322,311,1113,3930,12858,46092,2041,93,403,5521,2231,65,257,678,14340,2756,885,5630
1091,4133,1091.2637821731148,99526,97,65,322,148,122702,72816,1.964491690613508,62,41,24410,24703,11120,6505,13987,18536,48545,36062,34416,25827,322,311,1112,3928,12855,46107,2041,93,403,5518,2230,65,257,678,14336,2755,886,5629
1092,4133,1092.1681454639004,99525,105,63,322,149,122723,72824,1.9648028133634765,55,41,24492,24784,11080,6494,13944,18467,48545,36062,34417,25829,322,311,1111,3925,12859,46114,2041,93,403,5515,2230,65,257,678,14332,2755,886,5628
1093,4133,1093.069735742547,99525,96,69,322,149,122731,72835,1.9649937201708114,58,38,24559,24848,11066,6482,13897,18412,48545,36062,34418,25831,322,311,1109,3923,12859,46123,2040,93,405,5513,2228,65,257,678,14329,2756,886,5628
1094,4133,1094.2679647992275,99525,98,67,322,149,122750,72847,1.9653051996985682,53,37,24661,24949,11029,6460,13835,18336,48545,36062,34419,25833,322,311,1109,3923,12857,46134,2038,93,407,5510,2226,65,257,678,14328,2754,886,5627
