,indexID,time,N,Inf_L,Inf_H,Dead_L,Dead_H,cum_cases_L,cum_cases_H,cum_sum_per_N,Exposed_L,Exposed_H,Sus_L,Sus_H,Rec_nat_L,Rec_nat_H,Rec_vax_L,Rec_vax_H,vaccinatedH,vaccinatedL,boostedH,boostedL,count_Naive,count_Delta,count_Delta_vaccine,count_two,count_three,count_four,count_Omicron,count_Omicron_star,count_Omicron_star_vaccine,count_Omicron_vaccine,count_Vaccine,count_WT,count_WT_vaccine,count_WT_vaccine_boost,count_Omicron_vaccine_boost,count_Delta_vaccine_boost,count_Omicron_star_vaccine_boost,count_Vaccine_boost
0,5418,1.0776767534942193,99996,7,4,0,0,8,4,0.00012000480019200768,17,21,49973,49973,1,0,0,0,0,0,0,0,99995,0,0,0,0,0,0,0,0,0,0,1,0,0,0,0,0,0
1,5418,2.054411028362174,99996,8,11,0,0,11,11,0.00022000880035201407,14,14,49973,49973,3,0,0,0,0,0,0,0,99993,0,0,0,0,0,0,0,0,0,0,3,0,0,0,0,0,0
2,5418,3.0225098868381797,99996,12,15,0,0,16,17,0.0003300132005280211,11,9,49971,49972,4,2,0,0,0,0,0,0,99990,0,0,0,0,0,0,0,0,0,0,6,0,0,0,0,0,0
3,5418,4.013205551810745,99996,10,17,0,0,19,20,0.000390015600624025,11,10,49968,49968,9,3,0,0,0,0,0,0,99984,0,0,0,0,0,0,0,0,0,0,12,0,0,0,0,0,0
4,5418,5.112546454054687,99996,11,17,0,0,20,21,0.00041001640065602623,12,12,49966,49965,9,4,0,0,0,0,0,0,99983,0,0,0,0,0,0,0,0,0,0,13,0,0,0,0,0,0
5,5418,6.042895657572418,99996,12,16,0,0,24,23,0.00047001880075203006,11,10,49963,49965,12,7,0,0,0,0,0,0,99977,0,0,0,0,0,0,0,0,0,0,19,0,0,0,0,0,0
6,5418,7.030420369596793,99996,13,18,0,0,27,25,0.0005200208008320333,8,8,49963,49965,14,7,0,0,0,0,0,0,99975,0,0,0,0,0,0,0,0,0,0,21,0,0,0,0,0,0
7,5418,8.00192832721289,99996,15,16,0,0,31,27,0.0005800232009280372,5,7,49962,49964,16,11,0,0,0,0,0,0,99969,0,0,0,0,0,0,0,0,0,0,27,0,0,0,0,0,0
8,5418,9.032338021877809,99996,17,19,0,0,34,31,0.0006500260010400416,7,5,49957,49962,17,12,0,0,0,0,0,0,99967,0,0,0,0,0,0,0,0,0,0,29,0,0,0,0,0,0
9,5418,10.087207538963955,99996,16,21,0,0,35,34,0.0006900276011040442,8,3,49955,49961,19,13,0,0,0,0,0,0,99964,0,0,0,0,0,0,0,0,0,0,32,0,0,0,0,0,0
10,5418,11.008211233060482,99996,14,19,0,0,36,35,0.0007100284011360454,11,5,49951,49958,22,16,0,0,0,0,0,0,99958,0,0,0,0,0,0,0,0,0,0,38,0,0,0,0,0,0
11,5418,12.003793065004908,99996,14,19,0,0,38,37,0.000750030001200048,12,5,49948,49956,24,18,0,0,0,0,0,0,99954,0,0,0,0,0,0,0,0,0,0,42,0,0,0,0,0,0
12,5418,13.16148191254336,99996,16,22,0,0,44,41,0.0008500340013600544,10,3,49944,49955,28,18,0,0,0,0,0,0,99949,0,0,0,0,0,0,0,0,0,0,47,0,0,0,0,0,0
13,5418,14.003690164248667,99996,12,20,0,0,45,41,0.0008600344013760551,10,5,49943,49953,33,20,0,0,0,0,0,0,99942,0,0,0,0,0,0,0,0,0,0,54,0,0,0,0,0,0
14,5418,15.028589842452257,99996,12,20,0,0,47,44,0.0009100364014560582,10,3,49941,49952,35,23,0,0,0,0,0,0,99937,0,0,0,0,0,0,0,0,0,0,59,0,0,0,0,0,0
15,5418,16.043737923217268,99996,11,17,0,0,47,45,0.0009200368014720589,15,4,49936,49950,36,27,0,0,0,0,0,0,99932,0,0,0,0,0,0,0,0,0,0,64,0,0,0,0,0,0
16,5418,17.120697033751277,99996,12,18,0,0,49,46,0.0009500380015200608,16,3,49933,49950,37,27,0,0,0,0,0,0,99931,0,0,0,0,0,0,0,0,0,0,65,0,0,0,0,0,0
17,5418,18.23678410065474,99996,12,14,0,0,49,46,0.0009500380015200608,19,3,49930,49950,37,31,0,0,0,0,0,0,99927,0,0,0,0,0,0,0,0,0,0,69,0,0,0,0,0,0
18,5418,19.025452078824063,99996,15,12,0,0,53,46,0.0009900396015840634,17,3,49928,49950,38,33,0,0,0,0,0,0,99924,0,0,0,0,0,0,0,0,0,0,72,0,0,0,0,0,0
19,5418,20.102561651185376,99996,15,12,0,0,57,47,0.0010400416016640667,16,6,49925,49946,42,34,0,0,0,0,0,0,99919,0,0,0,0,0,0,0,0,0,0,77,0,0,0,0,0,0
20,5418,21.09438236513129,99996,17,15,0,0,63,50,0.0011300452018080723,11,4,49924,49945,46,34,0,0,0,0,0,0,99915,0,0,0,0,0,0,0,0,0,0,81,0,0,0,0,0,0
21,5418,22.30625477033386,99996,20,16,0,0,66,53,0.0011900476019040761,11,4,49921,49943,46,35,0,0,0,0,0,0,99913,0,0,0,0,0,0,0,0,0,0,83,0,0,0,0,0,0
22,5418,23.080463817459584,99996,15,15,0,0,67,54,0.0012100484019360775,12,4,49919,49942,52,37,0,0,0,0,0,0,99905,0,0,0,0,0,0,0,0,0,0,91,0,0,0,0,0,0
23,5418,24.222940395363583,99996,18,11,0,0,72,55,0.0012700508020320814,13,6,49913,49939,54,42,0,0,0,0,0,0,99898,0,0,0,0,0,0,0,0,0,0,98,0,0,0,0,0,0
24,5418,25.008960881241805,99996,12,12,0,0,72,56,0.001280051202048082,16,6,49910,49938,60,42,0,0,0,0,0,0,99892,0,0,0,0,0,0,0,0,0,0,104,0,0,0,0,0,0
25,5418,26.01582692886257,99996,15,11,0,0,78,57,0.0013500540021600864,13,8,49907,49936,63,43,0,0,0,0,0,0,99887,0,0,0,0,0,0,0,0,0,0,109,0,0,0,0,0,0
26,5418,27.20510115601272,99996,15,14,0,0,80,61,0.0014100564022560902,15,7,49903,49933,65,44,0,0,0,0,0,0,99884,0,0,0,0,0,0,0,0,0,0,112,0,0,0,0,0,0
27,5418,28.10174608066869,99996,11,12,0,0,82,63,0.0014500580023200928,15,6,49901,49932,71,48,0,0,0,0,0,0,99874,0,0,0,0,0,0,0,0,0,0,122,0,0,0,0,0,0
28,5418,29.03923385684502,99996,10,10,0,0,84,64,0.0014800592023680947,14,7,49900,49930,74,51,0,0,0,0,0,0,99868,0,0,0,0,0,0,0,0,0,0,128,0,0,0,0,0,0
29,5418,30.14355987753286,99996,8,12,0,0,85,66,0.0015100604024160967,14,6,49899,49930,77,50,0,0,0,0,0,0,99865,0,0,0,0,0,0,0,0,0,0,131,0,0,0,0,0,0
30,5418,31.0338959289028,99996,9,12,0,0,87,66,0.0015300612024480979,12,6,49899,49930,78,50,0,0,0,0,0,0,99864,0,0,0,0,0,0,0,0,0,0,132,0,0,0,0,0,0
31,5418,32.048461955174766,99996,13,12,0,0,91,68,0.0015900636025441017,10,5,49897,49929,78,52,0,0,0,0,0,0,99862,0,0,0,0,0,0,0,0,0,0,134,0,0,0,0,0,0
32,5418,33.02073699844949,99996,13,12,0,0,92,69,0.0016100644025761031,9,6,49897,49927,79,53,0,0,0,0,0,0,99860,0,0,0,0,0,0,0,0,0,0,136,0,0,0,0,0,0
33,5418,34.073704122973155,99996,14,14,0,0,94,72,0.0016600664026561063,8,4,49896,49926,80,54,0,0,0,0,0,0,99858,0,0,0,0,0,0,0,0,0,0,138,0,0,0,0,0,0
34,5418,35.22869252474642,99996,17,11,0,0,98,73,0.0017100684027361094,9,4,49892,49925,80,58,0,0,0,0,0,0,99853,0,0,0,0,0,0,0,0,0,0,143,0,0,0,0,0,0
35,5418,36.1140002247674,99996,18,9,0,0,100,73,0.0017300692027681108,8,5,49891,49925,81,59,0,0,0,0,0,0,99850,0,0,0,0,0,0,0,0,0,0,146,0,0,0,0,0,0
36,5418,37.058227935700394,99996,22,7,0,0,104,75,0.0017900716028641146,9,3,49887,49925,80,63,0,0,0,0,0,0,99846,0,0,0,0,0,0,0,0,0,0,150,0,0,0,0,0,0
37,5418,38.15662658300665,99996,19,7,0,0,106,75,0.0018100724028961158,11,3,49883,49925,85,63,0,0,0,0,0,0,99841,0,0,0,0,0,0,0,0,0,0,155,0,0,0,0,0,0
38,5418,39.032974905134004,99995,19,8,0,1,109,77,0.0018600930046502326,10,1,49881,49925,88,63,0,0,0,0,0,0,99837,0,0,0,0,0,0,0,0,0,0,158,0,0,0,0,0,0
39,5418,40.25382996176923,99995,21,8,0,1,113,77,0.0019000950047502376,12,2,49876,49924,89,63,0,0,0,0,0,0,99835,0,0,0,0,0,0,0,0,0,0,160,0,0,0,0,0,0
40,5418,41.19430296669008,99995,23,6,0,1,116,77,0.0019300965048252414,11,3,49876,49923,88,65,0,0,0,0,0,0,99832,0,0,0,0,0,0,0,0,0,0,163,0,0,0,0,0,0
41,5418,42.02828090591744,99995,20,5,0,1,117,77,0.0019400970048502426,10,5,49876,49922,92,65,0,0,0,0,0,0,99827,0,0,0,0,0,0,0,0,0,0,168,0,0,0,0,0,0
42,5418,43.155683837116214,99995,18,3,0,1,120,78,0.0019800990049502476,11,6,49872,49920,97,68,0,0,0,0,0,0,99819,0,0,0,0,0,0,0,0,0,0,176,0,0,0,0,0,0
43,5418,44.27250404670072,99995,20,4,0,1,123,79,0.0020201010050502526,9,5,49871,49920,98,68,0,0,0,0,0,0,99818,0,0,0,0,0,0,0,0,0,0,177,0,0,0,0,0,0
44,5418,45.31795490528643,99995,19,3,0,1,125,79,0.002040102005100255,7,5,49871,49921,101,68,0,0,0,0,0,0,99814,0,0,0,0,0,0,0,0,0,0,181,0,0,0,0,0,0
45,5418,46.08592900910973,99995,19,2,0,1,126,79,0.002050102505125256,6,6,49872,49920,101,69,0,0,0,0,0,0,99812,0,0,0,0,0,0,0,0,0,0,183,0,0,0,0,0,0
46,5418,47.069082280714674,99995,20,4,0,1,130,81,0.0021101055052752636,3,5,49871,49919,104,69,0,0,0,0,0,0,99809,0,0,0,0,0,0,0,0,0,0,186,0,0,0,0,0,0
47,5418,48.27753371183698,99995,18,5,0,1,132,83,0.0021501075053752686,7,3,49865,49919,108,70,0,0,0,0,0,0,99804,0,0,0,0,0,0,0,0,0,0,191,0,0,0,0,0,0
48,5418,49.12395397815771,99995,16,5,0,1,132,84,0.00216010800540027,13,3,49859,49918,110,71,0,0,0,0,0,0,99801,0,0,0,0,0,0,0,0,0,0,194,0,0,0,0,0,0
49,5418,50.16877026105565,99995,17,5,0,1,135,84,0.0021901095054752736,11,3,49859,49918,111,71,0,0,0,0,0,0,99799,0,0,0,0,0,0,0,0,0,0,196,0,0,0,0,0,0
50,5418,51.24596071913802,99995,20,5,0,1,139,84,0.0022301115055752786,10,3,49856,49920,112,69,0,0,0,0,0,0,99798,0,0,0,0,0,0,0,0,0,0,197,0,0,0,0,0,0
51,5418,52.29074237946556,99995,25,5,0,1,145,85,0.0023001150057502875,7,4,49853,49919,113,69,0,0,0,0,0,0,99796,0,0,0,0,0,0,0,0,0,0,199,0,0,0,0,0,0
52,5418,53.14308690352021,99995,23,4,0,1,146,85,0.0023101155057752886,9,6,49851,49918,115,69,0,0,0,0,0,0,99792,0,0,0,0,0,0,0,0,0,0,203,0,0,0,0,0,0
53,5418,54.020678734269886,99995,25,4,0,1,150,85,0.0023501175058752936,9,7,49848,49917,116,69,0,0,0,0,0,0,99790,0,0,0,0,0,0,0,0,0,0,205,0,0,0,0,0,0
54,5418,55.01872349759621,99995,23,5,0,1,153,86,0.0023901195059752986,10,8,49844,49915,121,69,0,0,0,0,0,0,99785,0,0,0,0,0,0,0,0,0,0,210,0,0,0,0,0,0
55,5418,56.24010196083743,99995,23,7,0,1,154,88,0.0024201210060503025,12,7,49841,49915,122,68,0,0,0,0,0,0,99784,0,0,0,0,0,0,0,0,0,0,211,0,0,0,0,0,0
56,5418,57.119923760029714,99995,26,7,0,1,158,89,0.0024701235061753085,11,9,49838,49912,123,69,0,0,0,0,0,0,99782,0,0,0,0,0,0,0,0,0,0,213,0,0,0,0,0,0
57,5418,58.016237554388496,99995,23,9,0,1,159,92,0.002510125506275314,14,6,49835,49912,126,70,0,0,0,0,0,0,99777,0,0,0,0,0,0,0,0,0,0,218,0,0,0,0,0,0
58,5418,59.11680887937717,99995,22,11,0,1,160,94,0.0025401270063503175,15,8,49833,49909,128,69,0,0,0,0,0,0,99775,0,0,0,0,0,0,0,0,0,0,220,0,0,0,0,0,0
59,5418,60.30470828645234,99995,22,11,0,1,163,96,0.002590129506475324,15,10,49830,49905,131,71,0,0,0,0,0,0,99770,0,0,0,0,0,0,0,0,0,0,225,0,0,0,0,0,0
60,5418,61.27381488396605,99995,24,14,0,1,167,99,0.0026601330066503325,16,9,49825,49903,133,71,0,0,0,0,0,0,99768,0,0,0,0,0,0,0,0,0,0,227,0,0,0,0,0,0
61,5418,62.1251370296332,99995,22,12,0,1,171,100,0.002710135506775339,15,10,49822,49902,139,73,0,0,0,0,0,0,99759,0,0,0,0,0,0,0,0,0,0,236,0,0,0,0,0,0
62,5418,63.06783136653552,99995,20,10,0,1,172,102,0.0027401370068503425,19,10,49818,49900,141,77,0,0,0,0,0,0,99752,0,0,0,0,0,0,0,0,0,0,243,0,0,0,0,0,0
63,5418,64.02881290392413,99995,19,11,0,1,176,104,0.00280014000700035,19,8,49814,49901,146,77,0,0,0,0,0,0,99746,0,0,0,0,0,0,0,0,0,0,249,0,0,0,0,0,0
64,5418,65.17769616858803,99995,23,11,0,1,182,104,0.0028601430071503574,18,8,49811,49901,146,77,0,0,0,0,0,0,99744,0,0,0,0,0,0,0,0,0,0,251,0,0,0,0,0,0
65,5418,66.07907298587035,99995,23,12,0,1,185,106,0.002910145507275364,19,8,49808,49899,148,78,0,0,0,0,0,0,99740,0,0,0,0,0,0,0,0,0,0,255,0,0,0,0,0,0
66,5418,67.15650824142395,99995,26,13,0,1,189,107,0.00296014800740037,17,7,49807,49901,148,76,0,0,0,0,0,0,99739,0,0,0,0,0,0,0,0,0,0,256,0,0,0,0,0,0
67,5418,68.04021489760231,99995,21,11,0,1,190,107,0.0029701485074253714,23,7,49800,49901,154,78,0,0,0,0,0,0,99731,0,0,0,0,0,0,0,0,0,0,264,0,0,0,0,0,0
68,5418,69.07309721919096,99995,23,10,0,1,197,107,0.00304015200760038,20,9,49796,49899,159,79,0,0,0,0,0,0,99725,0,0,0,0,0,0,0,0,0,0,270,0,0,0,0,0,0
69,5418,70.09698617486251,99994,21,12,1,1,201,109,0.0031001860111606696,20,8,49792,49899,164,78,0,0,0,0,0,0,99719,0,0,0,0,0,0,0,0,0,0,275,0,0,0,0,0,0
70,5418,71.17593819236738,99994,21,12,1,1,205,110,0.0031501890113406804,18,8,49790,49898,168,79,0,0,0,0,0,0,99714,0,0,0,0,0,0,0,0,0,0,280,0,0,0,0,0,0
71,5418,72.11362987019888,99994,21,12,1,1,208,111,0.003190191411484689,23,7,49782,49898,171,80,0,0,0,0,0,0,99710,0,0,0,0,0,0,0,0,0,0,284,0,0,0,0,0,0
72,5418,73.06235314123563,99994,20,12,1,1,211,113,0.0032401944116647,20,5,49782,49898,175,82,0,0,0,0,0,0,99704,0,0,0,0,0,0,0,0,0,0,290,0,0,0,0,0,0
73,5418,74.12358958720601,99994,28,15,1,1,219,117,0.003360201612096726,15,4,49779,49895,175,83,0,0,0,0,0,0,99703,0,0,0,0,0,0,0,0,0,0,291,0,0,0,0,0,0
74,5418,75.17939979221283,99994,30,11,1,1,224,118,0.003420205212312739,17,6,49772,49893,178,87,0,0,0,0,0,0,99695,0,0,0,0,0,0,0,0,0,0,299,0,0,0,0,0,0
75,5418,76.21265388242459,99994,28,12,1,1,227,120,0.0034702082124927498,17,7,49769,49890,183,88,0,0,0,0,0,0,99689,0,0,0,0,0,0,0,0,0,0,305,0,0,0,0,0,0
76,5418,77.18330285743134,99994,27,9,1,1,228,120,0.0034802088125287516,22,7,49763,49891,185,90,0,0,0,0,0,0,99684,0,0,0,0,0,0,0,0,0,0,310,0,0,0,0,0,0
77,5418,78.29096471776052,99994,26,10,1,1,232,122,0.0035402124127447646,20,8,49763,49888,188,91,0,0,0,0,0,0,99678,0,0,0,0,0,0,0,0,0,0,316,0,0,0,0,0,0
78,5418,79.09618128478944,99994,25,10,1,1,234,123,0.0035702142128527714,22,8,49759,49887,191,92,0,0,0,0,0,0,99674,0,0,0,0,0,0,0,0,0,0,320,0,0,0,0,0,0
79,5418,80.101020521211,99994,33,13,1,1,243,126,0.003690221413284797,20,9,49753,49885,191,90,0,0,0,0,0,0,99673,0,0,0,0,0,0,0,0,0,0,321,0,0,0,0,0,0
80,5418,81.09644566204824,99994,27,14,1,1,244,130,0.003740224413464808,22,6,49750,49885,198,92,0,0,0,0,0,0,99663,0,0,0,0,0,0,0,0,0,0,331,0,0,0,0,0,0
81,5418,82.17560386055715,99994,24,11,1,1,247,130,0.003770226213572814,20,7,49749,49885,204,94,0,0,0,0,0,0,99654,0,0,0,0,0,0,0,0,0,0,340,0,0,0,0,0,0
82,5418,83.04052665274578,99994,26,10,1,1,252,131,0.0038302298137888272,19,7,49745,49884,207,96,0,0,0,0,0,0,99649,0,0,0,0,0,0,0,0,0,0,345,0,0,0,0,0,0
83,5418,84.12799597449052,99994,29,11,1,1,257,132,0.0038902334140048403,19,8,49740,49885,209,93,0,0,0,0,0,0,99647,0,0,0,0,0,0,0,0,0,0,347,0,0,0,0,0,0
84,5418,85.01610772640599,99994,28,7,1,1,262,132,0.003940236414184851,19,9,49737,49884,213,97,0,0,0,0,0,0,99637,0,0,0,0,0,0,0,0,0,0,357,0,0,0,0,0,0
85,5418,86.32086820430585,99994,31,9,1,1,270,134,0.004040242414544873,19,10,49729,49883,218,95,0,0,0,0,0,0,99632,0,0,0,0,0,0,0,0,0,0,362,0,0,0,0,0,0
86,5418,87.01812068841072,99994,33,9,1,1,277,136,0.004130247814868892,16,10,49725,49882,223,96,0,0,0,0,0,0,99625,0,0,0,0,0,0,0,0,0,0,369,0,0,0,0,0,0
87,5418,88.18414593991548,99994,31,8,1,1,280,137,0.004170250215012901,19,10,49719,49882,228,97,0,0,0,0,0,0,99618,0,0,0,0,0,0,0,0,0,0,376,0,0,0,0,0,0
88,5418,89.2260624463145,99994,30,11,1,1,285,140,0.004250255015300918,18,9,49716,49880,233,97,0,0,0,0,0,0,99612,0,0,0,0,0,0,0,0,0,0,382,0,0,0,0,0,0
89,5418,90.08343176141886,99994,34,11,1,1,291,142,0.004330259815588935,16,10,49715,49877,232,99,0,0,0,0,0,0,99608,0,0,0,0,0,0,0,0,0,0,386,0,0,0,0,0,0
90,5418,91.03816626108856,99994,35,12,1,1,294,145,0.004390263415804948,19,9,49710,49877,233,99,0,0,0,0,0,0,99604,0,0,0,0,0,0,0,0,0,0,390,0,0,0,0,0,0
91,5418,92.0930087150946,99994,31,9,1,1,298,147,0.004450267016020961,19,12,49707,49873,240,103,0,0,0,0,0,0,99591,0,0,0,0,0,0,0,0,0,0,403,0,0,0,0,0,0
92,5418,93.27868253030434,99994,31,9,1,1,302,148,0.004500270016200972,19,12,49703,49872,244,104,0,0,0,0,0,0,99586,0,0,0,0,0,0,0,0,0,0,408,0,0,0,0,0,0
93,5418,94.1195568967061,99994,33,10,1,1,310,150,0.004600276016560993,18,13,49697,49870,249,104,0,0,0,0,0,0,99579,0,0,0,0,0,0,0,0,0,0,415,0,0,0,0,0,0
94,5418,95.02342186309626,99994,34,11,1,1,314,153,0.004670280216813009,19,11,49692,49869,252,106,0,0,0,0,0,0,99574,0,0,0,0,0,0,0,0,0,0,420,0,0,0,0,0,0
95,5418,96.0847042466507,99994,38,10,1,1,320,155,0.004750285017101026,22,12,49683,49866,254,109,0,0,0,0,0,0,99569,0,0,0,0,0,0,0,0,0,0,425,0,0,0,0,0,0
96,5418,97.08975818585877,99994,36,11,1,1,326,158,0.004840290417425046,20,10,49679,49865,262,111,0,0,0,0,0,0,99559,0,0,0,0,0,0,0,0,0,0,435,0,0,0,0,0,0
97,5418,98.02351673774041,99994,42,12,1,1,332,159,0.0049102946176770605,19,12,49675,49863,261,110,0,0,0,0,0,0,99559,0,0,0,0,0,0,0,0,0,0,435,0,0,0,0,0,0
98,5418,99.0537087337281,99994,42,16,1,1,336,163,0.004990299417965078,24,12,49668,49859,263,110,0,0,0,0,0,0,99555,0,0,0,0,0,0,0,0,0,0,439,0,0,0,0,0,0
99,5418,100.16216000169699,99994,43,14,1,1,341,165,0.005060303618217093,23,15,49667,49854,264,114,0,0,0,0,0,0,99547,0,0,0,0,0,0,0,0,0,0,447,0,0,0,0,0,0
100,5418,101.08118084717765,99994,44,15,1,1,346,168,0.0051403084185051105,22,13,49666,49855,265,114,0,0,0,0,0,0,99541,0,0,0,0,0,0,0,0,0,0,453,0,0,0,0,0,0
101,5418,102.1712173401408,99994,43,14,1,1,350,170,0.005200312018721123,25,15,49662,49853,267,115,0,0,0,0,0,0,99533,0,0,0,0,0,0,0,0,0,0,461,0,0,0,0,0,0
102,5418,103.00453431544774,99993,39,13,2,1,352,171,0.005230366125628794,29,16,49657,49852,271,116,0,0,0,0,0,0,99525,0,0,0,0,0,0,0,0,0,0,468,0,0,0,0,0,0
103,5418,104.07682097163789,99993,38,12,2,1,357,173,0.005300371025971818,29,15,49652,49851,277,119,0,0,0,0,0,0,99516,0,0,0,0,0,0,0,0,0,0,477,0,0,0,0,0,0
104,5418,105.03030754487564,99993,38,13,2,1,361,176,0.005370375926314842,29,14,49648,49849,281,121,0,0,0,0,0,0,99510,0,0,0,0,0,0,0,0,0,0,483,0,0,0,0,0,0
105,5418,106.08370286259337,99993,35,14,2,1,368,179,0.005470382926804876,27,12,49643,49848,291,123,0,0,0,0,0,0,99498,0,0,0,0,0,0,0,0,0,0,495,0,0,0,0,0,0
106,5418,107.16782218979452,99993,34,15,2,1,372,183,0.005550388527196904,28,11,49640,49845,294,126,0,0,0,0,0,0,99490,0,0,0,0,0,0,0,0,0,0,503,0,0,0,0,0,0
107,5418,108.03803926608875,99993,35,15,2,1,381,184,0.005650395527686938,22,11,49638,49844,301,127,0,0,0,0,0,0,99481,0,0,0,0,0,0,0,0,0,0,512,0,0,0,0,0,0
108,5418,109.30880771454748,99993,34,15,2,1,385,185,0.0057003990279319555,22,15,49635,49839,305,128,0,0,0,0,0,0,99475,0,0,0,0,0,0,0,0,0,0,518,0,0,0,0,0,0
109,5418,110.09959910828108,99993,38,17,2,1,390,188,0.0057804046283239825,23,12,49629,49839,306,129,0,0,0,0,0,0,99473,0,0,0,0,0,0,0,0,0,0,520,0,0,0,0,0,0
110,5418,111.2567803306354,99993,38,15,2,1,397,189,0.0058604102287160105,26,17,49620,49833,312,132,0,0,0,0,0,0,99463,0,0,0,0,0,0,0,0,0,0,530,0,0,0,0,0,0
111,5418,112.01149109720201,99993,41,19,2,1,402,194,0.005960417229206045,26,14,49615,49831,314,133,0,0,0,0,0,0,99460,0,0,0,0,0,0,0,0,0,0,533,0,0,0,0,0,0
112,5418,113.20294236813177,99993,41,18,2,1,410,195,0.006050423529647075,30,18,49604,49826,321,135,0,0,0,0,0,0,99450,0,0,0,0,0,0,0,0,0,0,543,0,0,0,0,0,0
113,5418,114.00190258303898,99993,45,21,2,1,418,198,0.006160431230186113,28,18,49598,49824,325,134,0,0,0,0,0,0,99446,0,0,0,0,0,0,0,0,0,0,547,0,0,0,0,0,0
114,5418,115.13450538733984,99993,42,24,2,1,421,206,0.006270438930725151,30,14,49594,49821,330,138,0,0,0,0,0,0,99435,0,0,0,0,0,0,0,0,0,0,558,0,0,0,0,0,0
115,5418,116.02422213250888,99993,46,25,2,1,427,210,0.0063704459312151854,28,12,49592,49819,330,141,0,0,0,0,0,0,99430,0,0,0,0,0,0,0,0,0,0,563,0,0,0,0,0,0
116,5418,117.02741926238411,99993,43,23,2,1,431,212,0.006430450131509205,35,14,49584,49815,334,145,0,0,0,0,0,0,99420,0,0,1,0,0,0,0,0,0,0,572,0,0,0,0,0,0
117,5418,118.12342028081444,99993,47,22,2,1,442,217,0.00659046133229326,30,14,49578,49810,341,151,0,0,0,0,0,0,99407,0,0,1,0,0,0,0,0,0,0,585,0,0,0,0,0,0
118,5418,119.22176165190292,99993,51,22,2,1,449,221,0.006700469032832298,24,14,49577,49806,344,155,0,0,0,0,0,0,99400,0,0,1,0,0,0,0,0,0,0,592,0,0,0,0,0,0
119,5418,120.12244497377988,99993,47,22,2,1,451,226,0.0067704739331753225,31,11,49569,49805,349,159,0,0,0,0,0,0,99389,0,0,1,0,0,0,0,0,0,0,603,0,0,0,0,0,0
120,5418,121.04764751151114,99993,45,23,2,1,454,230,0.006840478833518346,34,10,49565,49802,352,162,0,0,0,0,0,0,99381,0,0,1,0,0,0,0,0,0,0,611,0,0,0,0,0,0
121,5418,122.05866651508622,99993,46,20,2,1,465,232,0.006970487934155391,31,13,49557,49798,362,166,0,0,0,0,0,0,99366,0,0,1,0,0,0,0,0,0,0,626,0,0,0,0,0,0
122,5418,123.08989442338576,99993,50,16,2,1,471,236,0.007070494934645425,34,10,49551,49798,361,173,0,0,0,0,0,0,99356,0,0,1,0,0,0,0,0,0,0,636,0,0,0,0,0,0
123,5418,124.02879205689226,99992,49,17,3,1,479,239,0.007180574445955676,33,12,49546,49793,367,175,0,0,0,0,0,0,99345,0,0,1,0,0,0,0,0,0,0,646,0,0,0,0,0,0
124,5418,125.00401436479486,99992,55,18,3,1,490,242,0.0073205856468517485,38,12,49536,49791,366,176,0,0,0,0,0,0,99338,0,0,1,0,0,0,0,0,0,0,653,0,0,0,0,0,0
125,5418,126.03938068099076,99992,53,17,3,1,495,245,0.007400592047363789,38,11,49533,49790,371,179,0,0,0,0,0,0,99327,0,0,1,0,0,0,0,0,0,0,664,0,0,0,0,0,0
126,5418,127.12738103339811,99991,54,19,4,1,505,248,0.00753067776099849,36,12,49528,49788,376,178,0,0,0,0,0,0,99317,0,0,1,0,0,0,0,0,0,0,673,0,0,0,0,0,0
127,5418,128.0446732910171,99990,51,17,5,1,512,249,0.00761076107610761,35,14,49528,49785,379,181,0,0,0,0,0,0,99304,0,0,1,0,0,0,0,0,0,0,685,0,0,0,0,0,0
128,5418,129.00651404590948,99990,57,21,5,1,527,253,0.007800780078007801,33,17,49516,49779,387,180,0,0,0,0,0,0,99295,0,0,1,0,0,0,0,0,0,0,694,0,0,0,0,0,0
129,5418,130.17716393968652,99990,57,26,5,1,534,259,0.00793079307930793,36,18,49507,49772,393,181,0,0,0,0,0,0,99287,0,0,1,0,0,0,0,0,0,0,702,0,0,0,0,0,0
130,5418,131.15409647677745,99990,60,28,5,1,543,265,0.00808080808080808,35,18,49501,49768,397,183,0,0,0,0,0,0,99277,0,0,1,0,0,0,0,0,0,0,712,0,0,0,0,0,0
131,5418,132.07630757723956,99990,61,31,5,1,552,272,0.00824082408240824,36,17,49497,49762,399,187,0,0,0,0,0,0,99265,0,0,1,0,0,0,0,0,0,0,724,0,0,0,0,0,0
132,5418,133.21970513890255,99990,65,27,5,1,565,277,0.008420842084208421,35,16,49487,49759,406,195,0,0,0,0,0,0,99247,0,0,1,0,0,0,0,0,0,0,742,0,0,0,0,0,0
133,5418,134.080068039799,99990,65,25,5,1,572,279,0.00851085108510851,31,20,49484,49754,413,198,0,0,0,0,0,0,99237,0,0,2,0,0,0,0,0,0,0,751,0,0,0,0,0,0
134,5418,135.04652261470898,99990,64,24,5,1,582,283,0.008650865086508652,27,18,49480,49752,422,203,0,0,0,0,0,0,99221,0,0,2,0,0,0,0,0,0,0,767,0,0,0,0,0,0
135,5418,136.22763387338992,99990,64,25,5,1,589,287,0.008760876087608761,28,17,49474,49749,427,206,0,0,0,0,0,0,99211,0,0,2,0,0,0,0,0,0,0,777,0,0,0,0,0,0
136,5418,137.20225699268937,99989,67,25,6,1,598,290,0.008880976907459821,36,21,49458,49743,431,208,0,0,0,0,0,0,99202,0,0,2,0,0,0,0,0,0,0,785,0,0,0,0,0,0
137,5418,138.32613829435928,99989,65,25,6,1,610,294,0.009040994509396034,33,23,49451,49738,443,211,0,0,0,0,0,0,99184,0,0,2,0,0,0,0,0,0,0,803,0,0,0,0,0,0
138,5418,139.3164435713673,99989,64,22,6,1,618,299,0.009171008810969206,33,21,49445,49736,450,218,0,0,0,0,0,0,99167,0,0,2,0,0,0,0,0,0,0,820,0,0,0,0,0,0
139,5418,140.30691392716673,99989,60,27,6,1,627,305,0.009321025312784406,39,25,49432,49726,461,219,0,0,0,0,0,0,99153,0,0,2,0,0,0,0,0,0,0,834,0,0,0,0,0,0
140,5418,141.2975805832463,99989,57,31,6,1,633,311,0.009441038514236565,45,20,49422,49725,468,221,0,0,0,0,0,0,99142,0,0,2,0,0,0,0,0,0,0,845,0,0,0,0,0,0
141,5418,142.2243269335586,99989,58,30,6,1,641,316,0.00957105281580974,44,23,49416,49718,474,226,0,0,0,0,0,0,99129,0,0,2,0,0,0,0,0,0,0,858,0,0,0,0,0,0
142,5418,143.21528085389363,99989,59,32,6,1,646,321,0.009671063817019872,47,23,49409,49713,477,229,0,0,0,0,0,0,99122,0,0,2,0,0,0,0,0,0,0,865,0,0,0,0,0,0
143,5418,144.2063299598198,99989,60,34,6,1,657,325,0.009821080318835072,47,23,49399,49711,486,229,0,0,0,0,0,0,99110,0,0,2,0,0,0,0,0,0,0,877,0,0,0,0,0,0
144,5418,145.1975284183299,99989,63,38,6,1,667,332,0.009991099020892298,46,25,49391,49703,492,231,0,0,0,0,0,0,99100,0,0,2,0,0,0,0,0,0,0,887,0,0,0,0,0,0
145,5418,146.1888510814046,99989,59,41,6,1,674,338,0.010121113322465472,49,23,49384,49699,500,234,0,0,0,0,0,0,99086,0,0,2,0,0,0,0,0,0,0,901,0,0,0,0,0,0
146,5418,147.18033797840954,99989,66,42,6,1,690,344,0.010341137525127764,41,21,49377,49695,508,239,0,0,0,0,0,0,99072,0,0,2,0,0,0,0,0,0,0,915,0,0,0,0,0,0
147,5418,148.02627752093767,99989,74,38,6,1,708,348,0.010561161727790057,38,18,49362,49695,518,246,0,0,0,0,0,0,99054,0,0,2,0,0,0,0,0,0,0,933,0,0,0,0,0,0
148,5418,149.21717884422353,99989,71,39,6,1,722,354,0.010761183730210323,32,19,49359,49688,530,251,0,0,0,0,0,0,99032,0,0,2,0,0,0,0,0,0,0,955,0,0,0,0,0,0
149,5418,150.06698720944118,99989,67,39,6,1,727,356,0.010831191431057416,32,19,49354,49686,539,253,0,0,0,0,0,0,99021,0,0,2,0,0,0,0,0,0,0,966,0,0,0,0,0,0
150,5418,151.20901660051902,99989,69,37,6,1,738,360,0.010981207932872616,39,28,49341,49674,543,258,0,0,0,0,0,0,99006,0,0,2,0,0,0,0,0,0,0,981,0,0,0,0,0,0
151,5418,152.20134075178925,99989,71,43,6,1,745,370,0.011151226634929842,44,25,49329,49667,548,262,0,0,0,0,0,0,98997,0,0,2,0,0,0,0,0,0,0,990,0,0,0,0,0,0
152,5418,153.19380004794814,99989,74,41,6,1,756,374,0.011301243136745041,46,28,49318,49661,554,267,0,0,0,0,0,0,98983,0,0,2,0,0,0,0,0,0,0,1004,0,0,0,0,0,0
153,5418,154.18645259738165,99989,78,43,6,1,764,379,0.011431257438318215,51,33,49307,49652,556,269,0,0,0,0,0,0,98976,0,0,2,0,0,0,0,0,0,0,1011,0,0,0,0,0,0
154,5418,155.1792137788623,99989,82,46,6,1,777,386,0.011631279440738482,57,33,49288,49647,565,271,0,0,0,0,0,0,98963,0,0,2,0,0,0,0,0,0,0,1024,0,0,0,0,0,0
155,5418,156.1722333328989,99989,90,43,6,1,794,391,0.011851303643400774,55,32,49275,49644,572,278,0,0,0,0,0,0,98946,0,0,2,0,0,0,0,0,0,0,1041,0,0,0,0,0,0
156,5418,157.16544910666545,99989,99,41,6,1,810,399,0.012091330046305094,46,28,49270,49641,577,287,0,0,0,0,0,0,98929,0,0,2,0,0,0,0,0,0,0,1058,0,0,0,0,0,0
157,5418,158.15878727419783,99989,86,47,6,1,817,408,0.012251347648241307,57,25,49256,49636,593,289,0,0,0,0,0,0,98906,0,0,2,0,0,0,0,0,0,0,1081,0,0,0,0,0,0
158,5418,159.15240807829568,99989,93,46,6,1,837,414,0.012511376251387653,62,27,49236,49629,601,295,0,0,0,0,0,0,98886,0,0,2,0,0,0,0,0,0,0,1101,0,0,0,0,0,0
159,5418,160.1463093641782,99989,94,44,6,1,855,424,0.012791407054776025,59,24,49225,49622,614,307,0,0,0,0,0,0,98858,0,0,3,0,0,0,0,0,0,0,1128,0,0,0,0,0,0
160,5418,161.14047877766035,99989,98,49,6,1,869,435,0.013041434557801358,57,16,49213,49619,624,313,0,0,0,0,0,0,98842,0,0,3,0,0,0,0,0,0,0,1144,0,0,0,0,0,0
161,5418,162.2808707970727,99989,96,45,6,1,889,441,0.013301463160947704,59,24,49197,49605,640,323,0,0,0,0,0,0,98810,0,0,3,0,0,0,0,0,0,0,1176,0,0,0,0,0,0
162,5418,163.27554239373796,99989,98,46,6,1,907,450,0.013571492864215063,56,27,49186,49595,652,329,0,0,0,0,0,0,98787,0,0,4,0,0,0,0,0,0,0,1198,0,0,0,0,0,0
163,5418,164.2704849454884,99989,95,43,6,1,921,455,0.013761513766514317,59,28,49171,49589,667,337,0,0,0,0,0,0,98762,0,0,4,0,0,0,0,0,0,0,1223,0,0,0,0,0,0
164,5418,165.26572602693938,99989,96,45,6,1,934,462,0.013961535768934583,63,36,49158,49574,675,342,0,0,0,0,0,0,98745,0,0,4,0,0,0,0,0,0,0,1240,0,0,0,0,0,0
165,5418,166.26115415261694,99989,103,50,6,1,952,475,0.014271569872685996,58,32,49146,49566,685,349,0,0,0,0,0,0,98727,0,0,5,0,0,0,0,0,0,0,1257,0,0,0,0,0,0
166,5418,167.25679246827943,99989,110,51,6,1,972,487,0.014591605076558422,54,32,49133,49555,695,359,0,0,0,0,0,0,98703,0,0,5,0,0,0,0,0,0,0,1281,0,0,0,0,0,0
167,5418,168.2526274392492,99989,117,55,6,1,991,495,0.01486163477982578,51,32,49119,49547,705,363,0,0,0,0,0,0,98687,0,0,5,0,0,0,0,0,0,0,1297,0,0,0,0,0,0
168,5418,169.24873626619151,99989,110,54,6,1,1007,503,0.0151016611827301,54,37,49102,49535,726,371,0,0,0,0,0,0,98656,0,0,6,0,0,0,0,0,0,0,1327,0,0,0,0,0,0
169,5418,170.24516493537425,99989,118,56,6,1,1029,512,0.015411695286481513,53,39,49085,49525,736,377,0,0,0,0,0,0,98635,0,0,6,0,0,0,0,0,0,0,1348,0,0,0,0,0,0
170,5418,171.2418279514827,99989,112,64,6,1,1037,523,0.015601716188780765,66,38,49066,49516,748,379,0,0,0,0,0,0,98618,0,0,6,0,0,0,0,0,0,0,1365,0,0,0,0,0,0
171,5418,172.2388028805509,99989,108,66,6,1,1051,534,0.0158517436918061,70,37,49048,49507,766,387,0,0,0,0,0,0,98591,0,0,6,0,0,0,0,0,0,0,1392,0,0,0,0,0,0
172,5418,173.23609654059842,99989,110,65,6,1,1072,542,0.016141775595315485,63,39,49039,49499,780,394,0,0,0,0,0,0,98563,0,0,6,0,0,0,0,0,0,0,1420,0,0,0,0,0,0
173,5418,174.23368070973066,99989,110,62,6,1,1090,547,0.016371800898098792,62,40,49024,49494,796,401,0,0,0,0,0,0,98537,0,0,6,0,0,0,0,0,0,0,1446,0,0,0,0,0,0
174,5418,175.23158377867122,99989,108,52,6,1,1108,553,0.01661182730100311,59,40,49011,49491,814,414,0,0,0,0,0,0,98501,0,0,6,0,0,0,0,0,0,0,1482,0,0,0,0,0,0
175,5418,176.2298126000418,99989,114,58,6,1,1123,565,0.01688185700427047,64,38,48994,49481,820,420,0,0,0,0,0,0,98486,0,0,6,0,0,0,0,0,0,0,1497,0,0,0,0,0,0
176,5418,177.2282627755064,99988,112,56,7,1,1134,571,0.017052046245549467,70,39,48979,49477,830,425,0,0,0,0,0,0,98465,0,0,6,0,0,0,0,0,0,0,1517,0,0,0,0,0,0
177,5418,178.22700745804676,99988,113,51,7,1,1151,576,0.017272072648717846,71,43,48964,49470,843,433,0,0,0,0,0,0,98439,0,0,6,0,0,0,0,0,0,0,1543,0,0,0,0,0,0
178,5418,179.22607812718394,99988,117,54,7,1,1172,585,0.017572108653038366,76,41,48941,49463,857,439,0,0,0,0,0,0,98416,0,0,6,0,0,0,0,0,0,0,1566,0,0,0,0,0,0
179,5418,180.22549438164856,99988,114,58,7,1,1186,595,0.017812137456494778,89,45,48916,49450,872,444,0,0,0,0,0,0,98393,0,0,6,0,0,0,0,0,0,0,1589,0,0,0,0,0,0
180,5418,181.22526023520425,99988,125,63,7,1,1209,611,0.018202184262111454,89,38,48895,49443,882,453,0,0,0,0,0,0,98370,0,0,6,0,0,0,0,0,0,0,1612,0,0,0,0,0,0
181,5418,182.22532436911257,99988,126,65,7,1,1232,621,0.018532223866864022,83,44,48882,49431,900,457,0,0,0,0,0,0,98340,0,0,6,0,0,0,0,0,0,0,1642,0,0,0,0,0,0
182,5418,183.22571838343111,99988,129,64,7,1,1253,630,0.01883225987118454,76,46,48869,49422,917,465,0,0,0,0,0,0,98312,0,0,6,0,0,0,0,0,0,0,1670,0,0,0,0,0,0
183,5418,184.22640012546444,99988,122,72,7,1,1270,645,0.019152298275793095,73,42,48858,49413,938,470,0,0,0,0,0,0,98281,0,0,6,0,0,0,0,0,0,0,1701,0,0,0,0,0,0
184,5418,185.22736512568326,99988,127,67,7,1,1292,653,0.019452334280113615,75,50,48842,49399,947,481,0,0,0,0,0,0,98251,0,0,6,0,0,0,0,0,0,0,1731,0,0,0,0,0,0
185,5418,186.22857487493522,99988,128,68,7,1,1308,667,0.01975237028443413,74,50,48828,49389,961,490,0,0,0,0,0,0,98223,0,0,6,0,0,0,0,0,0,0,1759,0,0,0,0,0,0
186,5418,187.23005313807568,99988,126,65,7,1,1327,677,0.020042405088610632,75,54,48812,49375,978,503,0,0,0,0,0,0,98191,0,0,8,0,0,0,0,0,0,0,1789,0,0,0,0,0,0
187,5418,188.2318683582985,99988,121,71,7,1,1342,694,0.020362443493219185,80,54,48792,49360,998,512,0,0,0,0,0,0,98160,0,0,8,0,0,0,0,0,0,0,1820,0,0,0,0,0,0
188,5418,189.23408980289497,99988,119,70,7,1,1360,704,0.02064247709725167,85,56,48775,49351,1012,520,0,0,0,0,0,0,98129,0,0,8,0,0,0,0,0,0,0,1851,0,0,0,0,0,0
189,5418,190.2366699064662,99988,116,72,7,1,1376,720,0.020962515501860225,87,60,48760,49331,1028,534,0,0,0,0,0,0,98097,0,0,9,0,0,0,0,0,0,0,1882,0,0,0,0,0,0
190,5418,191.23953770330246,99988,115,74,7,1,1395,729,0.021242549105892707,88,62,48743,49322,1045,539,0,0,0,0,0,0,98070,0,0,9,0,0,0,0,0,0,0,1909,0,0,0,0,0,0
191,5418,192.2427532417774,99988,118,71,7,1,1416,738,0.021542585110213227,84,59,48730,49316,1059,551,0,0,0,0,0,0,98040,0,0,9,0,0,0,0,0,0,0,1939,0,0,0,0,0,0
192,5418,193.24624519912365,99988,127,74,7,1,1438,756,0.021942633115973918,78,48,48719,49311,1067,564,0,0,0,0,0,0,98012,0,0,9,0,0,0,0,0,0,0,1967,0,0,0,0,0,0
193,5418,194.24994708882386,99988,135,77,7,1,1461,766,0.022272672720726486,69,48,48708,49301,1079,571,0,0,0,0,0,0,97990,0,0,9,0,0,0,0,0,0,0,1989,0,0,0,0,0,0
194,5418,195.25391140639348,99988,131,77,7,1,1477,776,0.022532703924470935,76,46,48691,49294,1093,580,0,0,0,0,0,0,97960,0,0,9,0,0,0,0,0,0,0,2019,0,0,0,0,0,0
195,5418,196.25818371989467,99988,143,82,7,1,1509,792,0.023012761531383766,67,37,48672,49287,1109,591,0,0,0,0,0,0,97929,0,0,9,0,0,0,0,0,0,0,2050,0,0,0,0,0,0
196,5418,197.26280795869337,99987,137,76,8,1,1524,799,0.023233020292638042,79,38,48646,49281,1128,602,0,0,0,0,0,0,97896,0,0,10,0,0,0,0,0,0,0,2081,0,0,0,0,0,0
197,5418,198.267883385649,99987,140,72,8,1,1546,807,0.023533059297708703,92,41,48616,49271,1142,613,0,0,0,0,0,0,97865,0,0,10,0,0,0,0,0,0,0,2112,0,0,0,0,0,0
198,5418,199.2734227593055,99987,153,77,8,1,1579,819,0.02398311780531469,90,39,48588,49264,1159,617,0,0,0,0,0,0,97838,0,0,10,0,0,0,0,0,0,0,2139,0,0,0,0,0,0
199,5418,200.27945753844807,99987,146,72,8,1,1597,829,0.024263154210047305,100,41,48562,49255,1182,629,0,0,0,0,0,0,97798,0,0,10,0,0,0,0,0,0,0,2179,0,0,0,0,0,0
200,5418,201.28599699915347,99987,146,65,8,1,1623,837,0.02460319841579405,93,37,48547,49255,1204,640,0,0,0,0,0,0,97758,0,0,11,0,0,0,0,0,0,0,2218,0,0,0,0,0,0
201,5418,202.2929877737942,99987,141,62,8,1,1643,845,0.024883234820526668,95,41,48530,49245,1224,649,0,0,0,0,0,0,97722,0,0,11,0,0,0,0,0,0,0,2254,0,0,0,0,0,0
202,5418,203.30036671582783,99987,156,62,8,1,1673,853,0.025263284226949505,87,39,48514,49240,1233,656,0,0,0,0,0,0,97699,0,0,11,0,0,0,0,0,0,0,2277,0,0,0,0,0,0
203,5418,204.3079948085754,99987,152,64,8,1,1693,866,0.025593327132527228,91,39,48495,49228,1252,666,0,0,0,0,0,0,97664,0,0,11,0,0,0,0,0,0,0,2312,0,0,0,0,0,0
204,5418,205.31602310393222,99987,163,63,8,1,1724,875,0.025993379139288106,90,45,48466,49213,1271,676,0,0,0,0,0,0,97636,0,0,13,0,0,0,0,0,0,0,2338,0,0,0,0,0,0
205,5418,206.32447163957224,99987,168,64,8,1,1748,886,0.026343424645203877,101,51,48438,49200,1283,682,0,0,0,0,0,0,97607,0,0,13,0,0,0,0,0,0,0,2367,0,0,0,0,0,0
206,5418,207.3333550512357,99986,161,66,9,1,1767,899,0.026663732922609165,110,49,48414,49193,1304,689,0,0,0,0,0,0,97570,0,0,13,0,0,0,0,0,0,0,2403,0,0,0,0,0,0
207,5418,208.00619571549512,99986,154,65,9,1,1776,905,0.026813753925549577,122,54,48396,49183,1317,695,0,0,0,0,0,0,97547,0,0,13,0,0,0,0,0,0,0,2426,0,0,0,0,0,0
208,5418,209.01586047503395,99986,158,73,9,1,1805,920,0.027253815534174785,110,60,48383,49164,1338,700,0,0,0,0,0,0,97517,0,0,15,0,0,0,0,0,0,0,2454,0,0,0,0,0,0
209,5418,210.02585723519712,99985,168,70,10,1,1837,935,0.027724158623793568,105,51,48360,49160,1355,716,0,0,0,0,0,0,97477,0,0,15,0,0,0,0,0,0,0,2493,0,0,0,0,0,0
210,5418,211.03627643085096,99985,163,76,10,1,1862,951,0.028134220133019954,103,48,48340,49148,1382,725,0,0,0,0,0,0,97438,0,0,16,0,0,0,0,0,0,0,2531,0,0,0,0,0,0
211,5418,212.0471477402178,99985,169,67,10,1,1893,956,0.028494274141121167,103,52,48314,49140,1402,738,0,0,0,0,0,0,97400,0,0,17,0,0,0,0,0,0,0,2568,0,0,0,0,0,0
212,5418,213.05852950581342,99984,174,66,11,1,1922,968,0.028904624739958393,95,54,48299,49130,1419,747,0,0,0,0,0,0,97364,0,0,18,0,0,0,0,0,0,0,2602,0,0,0,0,0,0
213,5418,214.07023607736875,99984,171,70,11,1,1943,981,0.029244679148663785,96,52,48281,49119,1439,756,0,0,0,0,0,0,97332,0,0,19,0,0,0,0,0,0,0,2633,0,0,0,0,0,0
214,5418,215.08235298457745,99984,185,68,11,1,1975,990,0.029654744759161467,87,56,48265,49109,1450,764,0,0,0,0,0,0,97303,0,0,19,0,0,0,0,0,0,0,2662,0,0,0,0,0,0
215,5418,216.09473592151912,99984,186,69,11,1,1993,1004,0.029974795967354778,92,51,48248,49104,1461,773,0,0,0,0,0,0,97273,0,0,19,0,0,0,0,0,0,0,2692,0,0,0,0,0,0
216,5418,217.10745118504656,99984,180,79,11,1,2017,1020,0.030374859977596414,95,49,48227,49094,1485,775,0,0,0,0,0,0,97238,0,0,20,0,0,0,0,0,0,0,2726,0,0,0,0,0,0
217,5418,218.12053903776467,99984,183,80,11,1,2041,1029,0.030704912786045768,106,54,48196,49083,1502,780,0,0,0,0,0,0,97209,0,0,20,0,0,0,0,0,0,0,2755,0,0,0,0,0,0
218,5418,219.1341270115105,99984,180,80,11,1,2064,1044,0.031084973595775323,108,48,48176,49076,1523,793,0,0,0,0,0,0,97169,0,0,21,0,0,0,0,0,0,0,2794,0,0,0,0,0,0
219,5418,220.14819113402356,99984,189,78,11,1,2098,1055,0.03153504560729717,100,50,48154,49066,1544,803,0,0,0,0,0,0,97131,0,0,21,0,0,0,0,0,0,0,2832,0,0,0,0,0,0
220,5418,221.16267161930082,99984,192,81,11,1,2122,1068,0.03190510481677068,110,48,48128,49057,1557,811,0,0,0,0,0,0,97100,0,0,21,0,0,0,0,0,0,0,2863,0,0,0,0,0,0
221,5418,222.1775694472244,99983,198,90,12,1,2156,1084,0.03240550893651921,102,42,48109,49050,1577,815,0,0,0,0,0,0,97065,0,0,21,0,0,0,0,0,0,0,2897,0,0,0,0,0,0
222,5418,223.19290822003703,99983,187,89,12,1,2183,1102,0.03285558544952642,110,36,48079,49041,1610,831,0,0,0,0,0,0,97009,0,0,22,0,0,0,0,0,0,0,2952,0,0,0,0,0,0
223,5418,224.20888185221924,99983,171,87,12,1,2205,1109,0.03314563475790885,117,37,48058,49034,1640,839,0,0,0,0,0,0,96963,0,0,23,0,0,0,0,0,0,0,2997,0,0,0,0,0,0
224,5418,225.2254749020732,99983,166,83,12,1,2235,1118,0.03353570106918176,114,40,48037,49027,1669,847,0,0,0,0,0,0,96915,0,0,23,0,0,0,0,0,0,0,3045,0,0,0,0,0,0
225,5418,226.24255141289407,99983,181,83,12,1,2265,1132,0.03397577588189992,117,38,48011,49016,1677,860,0,0,0,0,0,0,96886,0,0,23,0,0,0,0,0,0,0,3074,0,0,0,0,0,0
226,5418,227.260031059248,99982,189,75,13,1,2303,1139,0.03442619671540877,105,44,47989,49004,1702,874,0,0,0,0,0,0,96841,0,0,23,0,0,0,0,0,0,0,3118,0,0,0,0,0,0
227,5418,228.27801492523707,99981,180,70,13,2,2323,1149,0.03472659805363019,115,46,47966,48994,1724,886,0,0,0,0,0,0,96798,0,0,24,0,0,0,0,0,0,0,3159,0,0,0,0,0,0
228,5418,229.29644745148278,99981,185,73,13,2,2349,1160,0.03509666836698973,115,54,47949,48976,1736,893,0,0,0,0,0,0,96770,0,0,25,0,0,0,0,0,0,0,3186,0,0,0,0,0,0
229,5418,230.3151619052634,99981,172,83,13,2,2372,1176,0.03548674248107141,111,56,47935,48959,1767,898,0,0,0,0,0,0,96731,0,0,28,0,0,0,0,0,0,0,3222,0,0,0,0,0,0
230,5418,231.33426067380924,99981,171,83,13,2,2397,1183,0.035806803292625596,115,64,47911,48947,1788,902,0,0,0,0,0,0,96698,0,0,28,0,0,0,0,0,0,0,3255,0,0,0,0,0,0
231,5418,232.01393105424424,99981,173,87,13,2,2419,1195,0.03614686790490193,109,61,47900,48938,1803,910,0,0,0,0,0,0,96670,0,0,28,0,0,0,0,0,0,0,3283,0,0,0,0,0,0
232,5418,233.03378604178465,99977,167,88,16,3,2440,1208,0.03648839233023595,110,65,47880,48921,1825,921,0,0,0,0,0,0,96631,0,0,28,0,0,0,0,0,0,0,3318,0,0,0,0,0,0
233,5418,234.05404372280296,99977,180,92,16,3,2476,1223,0.03699850965722116,98,62,47856,48911,1848,930,0,0,0,0,0,0,96598,0,0,29,0,0,0,0,0,0,0,3350,0,0,0,0,0,0
234,5418,235.07475066580832,99977,180,90,16,3,2500,1239,0.03739860167838603,99,61,47833,48903,1870,941,0,0,0,0,0,0,96557,0,0,30,0,0,0,0,0,0,0,3390,0,0,0,0,0,0
235,5418,236.0960114656006,99977,171,91,16,3,2520,1254,0.03774868219690529,96,57,47822,48896,1893,951,0,0,0,0,0,0,96516,0,0,32,0,0,0,0,0,0,0,3429,0,0,0,0,0,0
236,5418,237.11766955685945,99977,175,89,16,3,2553,1267,0.03820878802124489,83,57,47816,48887,1908,962,0,0,0,0,0,0,96475,0,0,35,0,0,0,0,0,0,0,3467,0,0,0,0,0,0
237,5418,238.13953488576172,99977,174,91,16,3,2572,1279,0.03851885933764766,86,55,47797,48878,1925,971,0,0,0,0,0,0,96445,0,0,35,0,0,0,0,0,0,0,3497,0,0,0,0,0,0
238,5418,239.16181008779233,99977,163,92,16,3,2593,1300,0.03893895595987077,94,52,47774,48861,1951,990,0,0,0,0,0,0,96393,0,0,35,0,0,0,0,0,0,0,3549,0,0,0,0,0,0
239,5418,240.18461579677356,99977,162,90,16,3,2622,1309,0.039319043379977395,96,54,47750,48853,1974,998,0,0,0,0,0,0,96352,0,0,35,0,0,0,0,0,0,0,3590,0,0,0,0,0,0
240,5418,241.20788425247832,99977,152,86,16,3,2641,1318,0.0395991077947928,109,59,47724,48842,1997,1008,0,0,0,0,0,0,96311,0,0,36,0,0,0,0,0,0,0,3630,0,0,0,0,0,0
241,5418,242.23166886993394,99977,155,91,16,3,2661,1336,0.03997919521489943,104,50,47713,48835,2010,1019,0,0,0,0,0,0,96282,0,0,37,0,0,0,0,0,0,0,3658,0,0,0,0,0,0
242,5418,243.2557495664585,99977,165,88,16,3,2688,1348,0.040369284935535175,100,46,47699,48832,2018,1029,0,0,0,0,0,0,96251,0,0,38,0,0,0,0,0,0,0,3688,0,0,0,0,0,0
243,5418,244.28007990975797,99977,169,91,16,3,2710,1366,0.04076937695670004,101,31,47687,48829,2025,1044,0,0,0,0,0,0,96219,0,0,39,0,0,0,0,0,0,0,3719,0,0,0,0,0,0
244,5418,245.30472628348298,99977,168,91,16,3,2735,1376,0.0411194574752193,100,29,47667,48825,2047,1050,0,0,0,0,0,0,96185,0,0,41,0,0,0,0,0,0,0,3751,0,0,0,0,0,0
245,5418,246.32978331033883,99977,171,85,16,3,2760,1385,0.04145953569320944,100,42,47649,48803,2062,1065,0,0,0,0,0,0,96148,0,0,41,0,0,0,0,0,0,0,3788,0,0,0,0,0,0
246,5418,247.01335153184502,99977,160,85,16,3,2769,1390,0.04159956790061714,107,42,47637,48802,2078,1066,0,0,0,0,0,0,96124,0,0,42,0,0,0,0,0,0,0,3811,0,0,0,0,0,0
247,5418,248.03909251363086,99977,167,82,16,3,2798,1399,0.041979655320723765,103,42,47617,48795,2095,1076,0,0,0,0,0,0,96092,0,0,44,0,0,0,0,0,0,0,3841,0,0,0,0,0,0
248,5418,249.06527085120743,99976,171,86,16,4,2821,1412,0.04234016163879331,107,43,47600,48788,2104,1077,0,0,0,0,0,0,96064,0,0,44,0,0,0,0,0,0,0,3868,0,0,0,0,0,0
249,5418,250.09167622509125,99976,163,77,16,4,2843,1421,0.0426502360566536,116,46,47574,48782,2129,1089,0,0,0,0,0,0,96016,0,0,44,0,0,0,0,0,0,0,3916,0,0,0,0,0,0
250,5418,251.11863521619514,99976,166,81,16,4,2877,1435,0.043130351284308234,106,45,47557,48773,2153,1095,0,0,0,0,0,0,95976,0,0,45,0,0,0,0,0,0,0,3955,0,0,0,0,0,0
251,5418,252.14604423506486,99976,172,86,16,4,2905,1447,0.04353044730735377,100,47,47541,48765,2169,1096,0,0,0,0,0,0,95947,0,0,45,0,0,0,0,0,0,0,3984,0,0,0,0,0,0
252,5418,253.17376619197702,99976,170,86,16,4,2927,1462,0.04390053612867088,106,44,47520,48758,2186,1106,0,0,0,0,0,0,95908,0,0,45,0,0,0,0,0,0,0,4023,0,0,0,0,0,0
253,5418,254.20189426459496,99976,180,86,16,4,2956,1475,0.04432063695286869,106,49,47499,48743,2197,1116,0,0,0,0,0,0,95877,0,0,46,0,0,0,0,0,0,0,4053,0,0,0,0,0,0
254,5418,255.23031314683203,99976,181,89,16,4,2986,1488,0.044750740177642634,101,48,47485,48733,2215,1124,0,0,0,0,0,0,95838,0,0,46,0,0,0,0,0,0,0,4092,0,0,0,0,0,0
255,5418,256.25913503850734,99976,179,88,16,4,3012,1500,0.04513083139953589,98,55,47469,48720,2236,1131,0,0,0,0,0,0,95798,0,0,47,0,0,0,0,0,0,0,4131,0,0,0,0,0,0
256,5418,257.2883084201456,99976,176,90,16,4,3039,1515,0.045550932223733694,92,52,47458,48712,2256,1140,0,0,0,0,0,0,95755,0,0,47,0,0,0,0,0,0,0,4174,0,0,0,0,0,0
257,5418,258.31780753906094,99975,179,92,17,4,3067,1529,0.045971492873218306,88,51,47443,48703,2271,1148,0,0,0,0,0,0,95720,0,0,49,0,0,0,0,0,0,0,4206,0,0,0,0,0,0
258,5418,259.004301718705,99974,174,90,18,4,3082,1534,0.04617200472122752,87,51,47435,48704,2284,1149,0,0,0,0,0,0,95695,0,0,51,0,0,0,0,0,0,0,4228,0,0,0,0,0,0
259,5418,260.0343785156845,99974,175,86,18,4,3104,1546,0.046512093144217496,99,51,47408,48698,2298,1159,0,0,0,0,0,0,95659,0,0,52,0,0,0,0,0,0,0,4263,0,0,0,0,0,0
260,5418,261.0648948263662,99974,186,92,18,4,3137,1561,0.04699221797667393,89,49,47390,48690,2315,1163,0,0,0,0,0,0,95629,0,0,53,0,0,0,0,0,0,0,4292,0,0,0,0,0,0
261,5418,262.09583054164614,99974,181,92,18,4,3164,1576,0.04741232720507332,97,44,47367,48687,2335,1171,0,0,0,0,0,0,95583,0,0,54,0,0,0,0,0,0,0,4337,0,0,0,0,0,0
262,5418,263.1271727205238,99974,175,87,18,4,3184,1585,0.047702402624682415,112,53,47343,48673,2350,1181,0,0,0,0,0,0,95544,0,0,55,0,0,0,0,0,0,0,4375,0,0,0,0,0,0
263,5418,264.1589477523571,99974,195,86,18,4,3227,1593,0.04821253525916738,103,53,47318,48667,2364,1188,0,0,0,0,0,0,95512,0,0,55,0,0,0,0,0,0,0,4407,0,0,0,0,0,0
264,5418,265.191145302286,99973,195,92,19,4,3250,1614,0.04865313634681364,109,47,47297,48659,2378,1196,0,0,0,0,0,0,95474,0,0,55,0,0,0,0,0,0,0,4444,0,0,0,0,0,0
265,5418,266.2237306283642,99973,187,101,19,4,3274,1630,0.04905324437598151,106,51,47284,48644,2402,1198,0,0,0,0,0,0,95437,0,0,55,1,0,0,0,0,0,0,4480,0,0,0,0,0,0
266,5418,267.2566222308476,99972,179,98,20,4,3293,1642,0.049363821870123635,111,50,47272,48635,2416,1211,0,0,0,0,0,0,95396,0,0,56,1,0,0,0,0,0,0,4519,0,0,0,0,0,0
267,5418,268.2898641605254,99972,175,99,20,4,3318,1656,0.0497539311007082,111,48,47258,48626,2434,1221,0,0,0,0,0,0,95356,0,0,58,1,0,0,0,0,0,0,4557,0,0,0,0,0,0
268,5418,269.3234907341121,99972,178,98,20,4,3350,1668,0.05019405433521386,109,55,47236,48613,2455,1228,0,0,0,0,0,0,95315,0,0,59,1,0,0,0,0,0,0,4597,0,0,0,0,0,0
269,5418,270.0127904911744,99972,184,100,20,4,3370,1677,0.05048413555795623,110,52,47223,48611,2461,1231,0,0,0,0,0,0,95295,0,0,60,1,0,0,0,0,0,0,4616,0,0,0,0,0,0
270,5418,271.0470403834566,99972,175,103,20,4,3390,1696,0.050874244788540794,117,50,47202,48602,2484,1239,0,0,0,0,0,0,95251,0,0,61,1,0,0,0,0,0,0,4659,0,0,0,0,0,0
271,5418,272.08172965056804,99972,183,98,20,4,3423,1710,0.05134437642539911,111,47,47184,48596,2500,1253,0,0,0,0,0,0,95207,0,0,61,1,0,0,0,0,0,0,4703,0,0,0,0,0,0
272,5418,273.1168425341343,99972,184,99,20,4,3448,1726,0.05175449125755211,106,47,47177,48585,2511,1263,0,0,0,0,0,0,95170,0,0,63,1,0,0,0,0,0,0,4738,0,0,0,0,0,0
273,5418,274.15221931783634,99972,186,89,20,4,3472,1734,0.05207458088264714,111,54,47157,48573,2524,1278,0,0,0,0,0,0,95132,0,0,65,1,0,0,0,0,0,0,4774,0,0,0,0,0,0
274,5418,275.1879038340937,99972,188,95,20,4,3501,1754,0.0525647181210739,106,44,47146,48568,2538,1287,0,0,0,0,0,0,95092,0,0,66,1,0,0,0,0,0,0,4813,0,0,0,0,0,0
275,5418,276.2239010584705,99972,195,93,20,4,3531,1766,0.052984835754011125,118,58,47115,48547,2550,1296,0,0,0,0,0,0,95055,0,0,66,1,0,0,0,0,0,0,4850,0,0,0,0,0,0
276,5418,277.26034624215606,99971,195,100,21,4,3572,1779,0.05352552240149643,110,60,47091,48535,2581,1299,0,0,0,0,0,0,95008,0,0,66,1,0,0,0,0,0,0,4896,0,0,0,0,0,0
277,5418,278.2972736511955,99971,192,92,21,4,3600,1791,0.053925638435146195,118,66,47067,48523,2600,1313,0,0,0,0,0,0,94959,0,0,68,1,0,0,0,0,0,0,4943,0,0,0,0,0,0
278,5418,279.33472457233063,99971,189,103,21,4,3624,1810,0.05435576317131968,123,61,47053,48515,2612,1315,0,0,0,0,0,0,94925,0,0,69,1,0,0,0,0,0,0,4976,0,0,0,0,0,0
279,5418,280.02654480986456,99971,197,110,21,4,3650,1820,0.05471586760160446,120,63,47036,48508,2624,1313,0,0,0,0,0,0,94904,0,0,69,1,0,0,0,0,0,0,4997,0,0,0,0,0,0
280,5418,281.06453994160915,99971,216,106,21,4,3695,1835,0.0553160416520791,103,64,47017,48497,2641,1327,0,0,0,0,0,0,94860,0,0,70,1,0,0,0,0,0,0,5040,0,0,0,0,0,0
281,5418,282.1029767388034,99971,217,110,21,4,3730,1856,0.05587620409918877,112,57,46981,48487,2667,1340,0,0,0,0,0,0,94811,0,0,72,1,0,0,0,0,0,0,5087,0,0,0,0,0,0
282,5418,283.14205845164986,99971,237,109,21,4,3771,1872,0.05644636944713967,109,55,46948,48478,2683,1352,0,0,0,0,0,0,94774,0,0,73,1,0,0,0,0,0,0,5123,0,0,0,0,0,0
283,5418,284.1816988299908,99971,233,112,21,4,3802,1893,0.05696652029088436,116,52,46922,48465,2706,1365,0,0,0,0,0,0,94722,0,0,74,1,0,0,0,0,0,0,5174,0,0,0,0,0,0
284,5418,285.2218474578391,99971,231,106,21,4,3835,1905,0.05741665082874033,116,65,46906,48442,2724,1381,0,0,0,0,0,0,94670,0,0,75,1,0,0,0,0,0,0,5225,0,0,0,0,0,0
285,5418,286.2624273369318,99971,230,111,21,4,3860,1923,0.05784677556491383,122,65,46886,48427,2739,1391,0,0,0,0,0,0,94634,0,0,78,1,0,0,0,0,0,0,5258,0,0,0,0,0,0
286,5418,287.30331567590054,99970,219,110,22,4,3886,1940,0.05827748324497349,129,67,46863,48411,2765,1406,0,0,0,0,0,0,94579,0,0,78,1,0,0,0,0,0,0,5312,0,0,0,0,0,0
287,5418,288.34476953475985,99970,215,115,22,4,3919,1957,0.058777633289986995,151,73,46818,48398,2792,1408,0,0,0,0,0,0,94531,0,0,79,1,0,0,0,0,0,0,5359,0,0,0,0,0,0
288,5418,289.0394559470864,99970,222,115,22,4,3943,1971,0.059157747324197256,156,64,46795,48396,2803,1419,0,0,0,0,0,0,94500,0,0,79,1,0,0,0,0,0,0,5390,0,0,0,0,0,0
289,5418,290.0820573216646,99970,235,109,22,4,3991,1984,0.05976793037911374,139,69,46778,48386,2824,1430,0,0,0,0,0,0,94450,0,0,83,1,0,0,0,0,0,0,5436,0,0,0,0,0,0
290,5418,291.12508269059754,99970,237,119,22,4,4019,2009,0.06029808942682805,141,67,46755,48366,2843,1442,0,0,0,0,0,0,94412,0,0,86,1,0,0,0,0,0,0,5471,0,0,0,0,0,0
291,5418,292.1686108245847,99970,228,121,22,4,4051,2026,0.06078823647094128,153,67,46717,48351,2878,1455,0,0,0,0,0,0,94362,0,0,92,1,0,0,0,0,0,0,5515,0,0,0,0,0,0
292,5418,293.2128643099044,99970,237,123,22,4,4091,2050,0.061428428528558565,143,71,46700,48326,2896,1474,0,0,0,0,0,0,94310,0,0,93,1,0,0,0,0,0,0,5566,0,0,0,0,0,0
293,5418,294.25751459768924,99970,256,121,22,4,4137,2074,0.062128638591577474,142,69,46664,48307,2914,1497,0,0,0,0,0,0,94257,0,0,93,1,0,0,0,0,0,0,5619,0,0,0,0,0,0
294,5418,295.30282240248107,99970,253,125,22,4,4175,2094,0.06270881264379313,162,67,46615,48293,2946,1509,0,0,0,0,0,0,94200,0,0,93,1,0,0,0,0,0,0,5676,0,0,0,0,0,0
295,5418,296.0002028265524,99970,258,119,22,4,4204,2105,0.06310893267980394,159,73,46596,48279,2963,1523,0,0,0,0,0,0,94160,0,0,94,1,0,0,0,0,0,0,5715,0,0,0,0,0,0
296,5418,297.0468269058228,99970,259,118,22,4,4246,2123,0.06370911273382014,161,75,46565,48263,2991,1538,0,0,0,0,0,0,94104,0,0,96,2,0,0,0,0,0,0,5768,0,0,0,0,0,0
297,5418,298.09405215422385,99970,261,123,22,4,4288,2144,0.06433930179053717,159,75,46537,48246,3019,1550,0,0,0,0,0,0,94050,0,0,98,2,0,0,0,0,0,0,5820,0,0,0,0,0,0
298,5418,299.14193344810144,99969,244,117,22,5,4319,2160,0.06481009112824976,166,78,46510,48237,3056,1561,0,0,0,0,0,0,93983,0,0,101,2,0,0,0,0,0,0,5883,0,0,0,0,0,0
299,5418,300.190475850298,99968,244,131,23,5,4363,2184,0.065490957106274,156,77,46485,48220,3090,1565,0,0,0,0,0,0,93930,0,0,102,2,0,0,0,0,0,0,5934,0,0,0,0,0,0
300,5418,301.2396711773799,99968,250,137,23,5,4401,2207,0.066101152368758,155,70,46459,48209,3111,1577,0,0,0,0,0,0,93882,0,0,103,2,0,0,0,0,0,0,5981,0,0,0,0,0,0
301,5418,302.28944260089725,99968,257,141,23,5,4445,2225,0.06672135083226632,158,76,46422,48188,3138,1588,0,0,0,0,0,0,93832,0,0,104,2,0,0,0,0,0,0,6030,0,0,0,0,0,0
302,5418,303.33978759018174,99968,260,139,23,5,4494,2242,0.06738156209987196,142,77,46400,48178,3173,1599,0,0,0,0,0,0,93770,0,0,107,2,0,0,0,0,0,0,6089,0,0,0,0,0,0
303,5418,304.0403448355066,99968,255,139,23,5,4511,2256,0.06769166133162612,153,75,46378,48168,3189,1611,0,0,0,0,0,0,93734,0,0,107,2,0,0,0,0,0,0,6125,0,0,0,0,0,0
304,5418,305.09178118646946,99967,252,141,23,6,4547,2277,0.06826252663378915,153,75,46352,48153,3218,1623,0,0,0,0,0,0,93679,0,0,109,2,0,0,0,0,0,0,6177,0,0,0,0,0,0
305,5418,306.1438613752076,99966,256,148,24,6,4599,2301,0.06902346797911289,139,82,46329,48127,3250,1635,0,0,0,0,0,0,93618,0,0,113,2,0,0,0,0,0,0,6233,0,0,0,0,0,0
306,5418,307.1965057102304,99966,248,139,24,6,4634,2321,0.06957365504271452,155,82,46287,48114,3284,1657,0,0,0,0,0,0,93552,0,0,119,2,0,0,0,0,0,0,6293,0,0,0,0,0,0
307,5418,308.2499865675083,99965,261,148,25,6,4682,2349,0.0703346171159906,138,78,46266,48097,3308,1669,0,0,0,0,0,0,93500,0,0,121,2,0,0,0,0,0,0,6342,0,0,0,0,0,0
308,5418,309.30401818335315,99965,274,145,25,6,4730,2372,0.07104486570299605,133,80,46235,48074,3331,1693,0,0,0,0,0,0,93442,0,0,124,2,0,0,0,0,0,0,6397,0,0,0,0,0,0
309,5418,310.0070863833519,99965,268,144,25,6,4757,2386,0.07145500925323864,124,78,46225,48066,3356,1704,0,0,0,0,0,0,93396,0,0,126,2,0,0,0,0,0,0,6441,0,0,0,0,0,0
310,5418,311.062171560518,99965,262,146,25,6,4797,2414,0.0721352473365678,131,78,46193,48040,3387,1728,0,0,0,0,0,0,93324,0,0,126,2,0,0,0,0,0,0,6513,0,0,0,0,0,0
311,5418,312.117970312683,99965,260,151,25,6,4837,2435,0.07274546091131896,132,77,46163,48026,3418,1738,0,0,0,0,0,0,93266,0,0,126,2,0,0,0,0,0,0,6571,0,0,0,0,0,0
312,5418,313.17442381543174,99965,252,150,25,6,4867,2460,0.07329565347871755,148,79,46133,48012,3440,1751,0,0,0,0,0,0,93207,0,0,131,2,0,0,0,0,0,0,6625,0,0,0,0,0,0
313,5418,314.2314588657487,99965,260,157,25,6,4906,2488,0.07396588806082129,158,72,46100,47996,3455,1767,0,0,0,0,0,0,93159,0,0,135,2,0,0,0,0,0,0,6669,0,0,0,0,0,0
314,5418,315.28907200275245,99965,244,158,25,6,4937,2513,0.07452608412944531,170,66,46072,47980,3487,1788,0,0,0,0,0,0,93091,0,0,138,2,0,0,0,0,0,0,6734,0,0,0,0,0,0
315,5418,316.3473852469783,99964,249,149,26,6,4988,2526,0.07516706014165099,146,72,46054,47967,3523,1804,0,0,0,0,0,0,93028,0,0,143,2,0,0,0,0,0,0,6791,0,0,0,0,0,0
316,5418,317.0532762316261,99964,234,148,26,6,5004,2543,0.0754971789844344,152,65,46041,47959,3545,1820,0,0,0,0,0,0,92980,0,0,144,2,0,0,0,0,0,0,6838,0,0,0,0,0,0
317,5418,318.1126297637336,99964,243,150,26,6,5046,2562,0.07610739866351887,158,66,46005,47950,3566,1826,0,0,0,0,0,0,92934,0,0,148,2,0,0,0,0,0,0,6880,0,0,0,0,0,0
318,5418,319.1726360783772,99964,258,139,26,6,5092,2578,0.0767276219438998,150,66,45982,47946,3582,1841,0,0,0,0,0,0,92877,0,0,149,2,0,0,0,0,0,0,6936,0,0,0,0,0,0
319,5418,320.2331612298412,99964,272,133,26,6,5138,2596,0.07736785242687368,142,66,45959,47931,3598,1861,1,1,1,1,0,0,92820,0,0,150,2,0,0,0,0,0,2,6990,0,0,0,0,0,0
320,5418,321.2405283321701,99964,275,133,26,6,5176,2614,0.07792805409947581,139,67,45937,47915,3619,1875,2,2,2,2,0,0,92769,0,0,153,2,0,0,0,0,0,3,7036,1,0,0,0,0,0
321,5418,322.16179325636386,99964,278,125,26,6,5212,2621,0.07835820895522388,139,70,45908,47910,3644,1884,3,3,3,3,0,0,92722,0,0,156,2,0,0,0,0,0,5,7078,1,0,0,0,0,0
322,5418,323.0617508954242,99964,278,135,26,6,5254,2644,0.07900844303949421,133,61,45881,47899,3676,1893,4,4,4,4,0,0,92665,0,0,156,2,0,0,0,0,0,7,7133,1,0,0,0,0,0
323,5418,324.0020788400476,99963,268,139,27,6,5279,2658,0.07939937776977482,138,60,45860,47893,3699,1894,6,6,6,6,0,0,92620,0,0,158,3,0,0,0,0,0,11,7170,1,0,0,0,0,0
324,5418,325.19733813683274,99963,258,136,27,6,5312,2677,0.07991957024098917,157,64,45821,47876,3728,1909,7,7,8,8,0,0,92554,0,0,161,3,0,0,0,0,0,15,7229,1,0,0,0,0,0
325,5418,326.0728340117997,99963,248,135,27,6,5342,2689,0.08033972569850845,156,64,45803,47866,3755,1917,9,10,11,10,0,0,92499,0,0,164,3,0,0,0,0,0,20,7276,1,0,0,0,0,0
326,5418,327.1222941734771,99963,244,129,27,6,5382,2706,0.08090993667657033,154,66,45781,47854,3780,1930,12,13,14,13,0,0,92429,0,0,167,3,0,0,0,0,0,26,7337,1,0,0,0,0,0
327,5418,328.00731757045503,99963,242,125,27,6,5413,2722,0.08138011064093714,149,58,45761,47849,3804,1943,15,17,18,16,0,0,92374,0,0,171,3,0,0,0,0,0,32,7381,2,0,0,0,0,0
328,5418,329.07014251009144,99963,235,129,27,6,5454,2741,0.08198033272310755,145,62,45737,47831,3835,1948,19,22,23,20,0,0,92307,0,0,175,3,0,0,0,0,0,40,7435,3,0,0,0,0,0
329,5418,330.0148634111225,99962,235,130,28,6,5491,2754,0.08248134291030591,139,69,45722,47816,3851,1949,23,28,29,24,0,0,92251,0,0,176,3,0,0,0,0,0,48,7479,5,0,0,0,0,0
330,5418,331.12197619075215,99962,248,143,28,6,5543,2785,0.08331165843020348,145,73,45679,47786,3870,1955,28,35,36,29,0,0,92186,0,0,178,3,0,0,0,0,0,58,7530,7,0,0,0,0,0
331,5418,332.189720125957,99962,245,139,28,6,5584,2800,0.08387187131109822,149,69,45638,47773,3904,1968,34,43,44,35,0,0,92116,0,0,183,4,0,0,0,0,0,71,7581,7,0,0,0,0,0
332,5418,333.2583499215896,99962,261,137,28,6,5639,2817,0.08459214501510574,137,66,45605,47757,3927,1980,40,52,53,41,0,0,92046,0,0,186,4,0,0,0,0,0,86,7633,7,0,0,0,0,0
333,5418,334.32767942157295,99962,259,136,28,6,5677,2833,0.08513235029311138,146,66,45570,47738,3949,1990,46,62,63,48,0,0,91976,0,0,190,4,0,0,0,0,0,103,7682,7,0,0,0,0,0
334,5418,335.04098610440167,99962,264,135,28,6,5706,2845,0.08554250615233788,150,72,45538,47713,3964,1999,54,73,74,56,0,0,91923,0,0,192,4,0,0,0,0,0,121,7714,8,0,0,0,0,0
335,5418,336.11171991287245,99962,270,139,28,6,5750,2871,0.0862427722534563,151,70,45508,47687,3980,2011,61,85,86,64,0,0,91845,0,0,193,4,0,0,0,0,0,140,7771,9,0,0,0,0,0
336,5418,337.18312267619336,99962,277,137,28,6,5789,2895,0.0868730117444629,157,75,45467,47654,3999,2027,70,99,100,73,0,0,91770,0,0,194,4,0,0,0,0,0,158,7822,14,0,0,0,0,0
337,5418,338.2552863633265,99961,282,130,29,6,5831,2919,0.08753413831394244,167,80,45426,47619,4015,2050,79,113,115,83,0,0,91683,0,0,195,5,0,0,0,0,0,180,7881,17,0,0,0,0,0
338,5418,339.3282624282214,99961,284,136,29,6,5873,2945,0.08821440361741079,165,76,45391,47589,4039,2061,90,130,132,94,0,0,91600,0,0,196,5,0,0,0,0,0,204,7935,21,0,0,0,0,0
339,5418,340.0440456129847,99961,277,138,29,6,5904,2962,0.08869459089044728,164,76,45360,47560,4066,2071,102,147,150,106,0,0,91520,0,0,198,5,0,0,0,0,0,233,7983,22,0,0,0,0,0
340,5418,341.1186486004278,99961,273,140,29,6,5938,2983,0.08924480547413491,180,81,45310,47526,4092,2080,114,165,170,118,0,0,91438,0,0,201,5,0,0,0,0,0,261,8030,26,0,0,0,0,0
341,5418,342.1942723240101,99960,287,139,29,7,5986,2999,0.0898859543817527,170,91,45278,47491,4107,2086,127,184,191,131,0,0,91359,0,0,204,5,0,0,0,0,0,292,8071,29,0,0,0,0,0
342,5418,343.2705791796067,99960,289,140,29,7,6040,3023,0.09066626650660264,162,95,45233,47447,4144,2102,141,207,214,145,0,0,91251,0,0,207,5,0,0,0,0,0,328,8139,30,0,0,0,0,0
343,5418,344.34791706437693,99958,277,151,30,8,6080,3056,0.09139838732267552,170,83,45194,47412,4173,2112,154,232,239,160,0,0,91141,0,0,209,5,0,0,0,0,0,366,8205,32,0,0,0,0,0
344,5418,345.0667120805401,99958,289,144,30,8,6116,3067,0.09186858480561835,168,85,45160,47381,4182,2122,169,258,266,176,0,0,91064,0,0,212,5,0,0,0,0,0,404,8236,37,0,0,0,0,0
345,5418,346.1457255833582,99958,294,141,30,8,6162,3085,0.0925088537185618,168,91,45116,47339,4205,2133,185,286,295,193,0,0,90966,0,0,214,5,0,0,0,0,0,442,8286,45,0,0,0,0,0
346,5418,347.2257558593436,99957,291,141,31,8,6209,3110,0.09323008893824344,168,90,45063,47289,4243,2154,202,316,326,211,0,0,90850,0,0,218,6,0,0,0,0,0,489,8347,47,0,0,0,0,0
347,5418,348.30699154745764,99956,289,144,31,9,6248,3137,0.09389131217735804,162,85,45036,47247,4259,2166,221,347,359,230,0,0,90740,0,0,219,7,0,0,0,0,0,536,8403,51,0,0,0,0,0
348,5418,349.028279459915,99956,292,150,31,9,6281,3151,0.09436151906839009,162,89,44999,47204,4273,2165,241,381,394,250,0,0,90654,0,0,221,7,0,0,0,0,0,586,8432,56,0,0,0,0,0
349,5418,350.1111407961631,99956,304,159,31,9,6341,3175,0.09520188883108567,155,84,44941,47156,4305,2173,262,417,431,271,0,0,90537,0,0,222,7,0,0,0,0,0,641,8490,59,0,0,0,0,0
350,5418,351.1952370374396,99956,314,157,31,9,6398,3197,0.095992236584097,150,84,44890,47102,4330,2190,283,456,470,293,0,0,90418,0,0,228,7,0,0,0,0,0,695,8542,66,0,0,0,0,0
351,5418,352.2805865636096,99956,317,157,31,9,6449,3220,0.09673256232742407,160,80,44830,47055,4355,2204,305,493,511,316,0,0,90291,0,0,231,7,0,0,0,0,0,754,8602,71,0,0,0,0,0
352,5418,353.00485891022765,99954,309,162,32,10,6476,3237,0.09717470036216659,163,75,44788,47008,4378,2208,328,535,554,340,0,0,90183,0,0,233,7,0,0,0,0,0,817,8639,75,0,0,0,0,0
353,5418,354.0924835971888,99954,298,152,32,10,6515,3263,0.09782499949976989,182,77,44729,46944,4404,2237,353,578,599,365,0,0,90034,0,0,233,8,0,0,0,0,0,881,8718,80,0,0,0,0,0
354,5418,355.18153198617046,99954,298,157,32,10,6563,3290,0.09857534465854292,181,75,44683,46884,4428,2248,376,624,647,391,0,0,89905,0,0,237,8,0,0,0,0,0,944,8769,91,0,0,0,0,0
355,5418,356.2717855309496,99953,306,152,33,10,6613,3309,0.09926665532800416,192,84,44608,46825,4456,2257,403,670,697,418,0,0,89777,0,0,245,8,0,0,0,0,0,1014,8811,98,0,0,0,0,0
356,5418,357.36352917285467,99953,320,155,33,10,6667,3333,0.10004702210038718,193,85,44548,46767,4474,2259,430,722,750,446,0,0,89651,0,0,250,8,0,0,0,0,0,1084,8851,109,0,0,0,0,0
357,5418,358.0920640790259,99953,320,157,33,10,6691,3347,0.10042720078436865,198,90,44509,46703,4484,2265,454,773,805,475,0,0,89539,0,0,250,8,0,0,0,0,0,1160,8879,117,0,0,0,0,0
358,5418,359.18600863384876,99953,305,155,33,10,6735,3368,0.10107750642802117,206,89,44462,46638,4510,2278,482,828,863,505,0,0,89377,0,0,252,8,0,0,0,0,0,1242,8951,123,0,0,0,0,0
359,5418,360.2811683779074,99953,301,160,33,10,6784,3400,0.10188788730703431,207,95,44411,46563,4535,2285,511,885,923,536,0,0,89225,0,0,260,8,0,0,0,0,0,1322,9004,134,0,0,0,0,0
360,5418,361.01197495248795,99953,309,153,33,10,6823,3415,0.10242814122637639,204,100,44361,46488,4549,2300,542,947,986,568,0,0,89086,0,0,260,8,0,0,0,0,0,1408,9048,143,0,0,0,0,0
361,5418,362.10951532519385,99952,309,154,33,11,6879,3448,0.10331959340483432,207,94,44296,46412,4581,2317,572,1010,1051,602,0,0,88914,0,0,263,7,1,0,0,0,0,1495,9118,154,0,0,0,0,0
362,5418,363.20867752434407,99952,317,167,33,11,6937,3482,0.10424003521690411,211,82,44225,46332,4606,2332,606,1074,1119,637,0,0,88752,0,0,269,7,1,0,0,0,0,1592,9171,160,0,0,0,0,0
363,5418,364.3094494071352,99952,328,150,33,11,6995,3500,0.10500040019209221,207,90,44163,46255,4626,2355,641,1137,1189,673,0,0,88577,0,0,272,7,1,0,0,0,0,1688,9237,170,0,0,0,0,0
364,5418,365.0440932688537,99952,333,152,33,11,7030,3518,0.10553065471426284,199,96,44119,46173,4637,2360,677,1206,1262,710,0,0,88433,0,0,275,7,1,0,0,0,0,1789,9268,179,0,0,0,0,0
365,5418,366.1475304415299,99952,335,157,33,11,7081,3547,0.10633103889867136,197,95,44055,46081,4666,2380,712,1274,1338,748,0,0,88258,0,0,278,7,1,0,0,0,0,1894,9326,188,0,0,0,0,0
366,5418,367.2524781791303,99952,351,153,33,11,7144,3571,0.10720145669921563,185,101,43983,45996,4696,2392,750,1345,1417,787,0,0,88079,0,0,280,7,1,0,0,0,0,2000,9385,200,0,0,0,0,0
367,5418,368.35913408847745,99952,339,154,33,11,7199,3593,0.10797182647670882,178,101,43920,45923,4740,2394,788,1415,1498,828,0,0,87894,0,0,288,8,1,0,0,0,0,2106,9440,215,0,0,0,0,0
368,5418,369.0979368093751,99952,331,162,33,11,7237,3611,0.10853209540579478,171,107,43863,45829,4773,2395,827,1494,1582,870,0,0,87733,0,0,296,8,1,0,0,0,0,2219,9467,228,0,0,0,0,0
369,5418,370.2080375453834,99952,331,161,33,11,7291,3638,0.1093424843925084,183,107,43773,45737,4809,2406,869,1576,1669,913,0,0,87541,0,0,305,8,1,0,0,0,0,2338,9520,239,0,0,0,0,0
370,5418,371.3201001475255,99951,338,156,34,11,7347,3658,0.11010395093595862,167,120,43716,45646,4835,2410,908,1655,1759,957,0,0,87356,0,0,307,9,1,0,0,0,0,2452,9568,258,0,0,0,0,0
371,5418,372.0623753588354,99950,335,160,35,11,7379,3677,0.11061530765382692,175,115,43649,45549,4855,2418,949,1745,1852,1002,0,0,87184,0,0,315,9,1,0,0,0,0,2582,9593,266,0,0,0,0,0
372,5418,373.17773100942446,99950,324,154,35,11,7428,3704,0.11137568784392196,177,121,43578,45443,4892,2439,992,1830,1947,1049,0,0,86968,0,0,320,9,1,0,0,0,0,2710,9662,280,0,0,0,0,0
373,5418,374.2949855038229,99950,318,166,35,11,7470,3740,0.11215607803901952,186,109,43498,45350,4922,2440,1039,1922,2045,1097,0,0,86771,0,0,326,9,1,0,0,0,0,2841,9707,295,0,0,0,0,0
374,5418,375.0408777765362,99950,332,167,35,11,7520,3758,0.11283641820910455,175,104,43431,45251,4940,2446,1085,2019,2146,1146,0,0,86584,0,0,330,9,1,0,0,0,0,2979,9740,307,0,0,0,0,0
375,5418,376.16187296484225,99948,321,166,37,11,7560,3788,0.1135390403009565,177,92,43363,45146,4973,2469,1127,2114,2250,1196,0,0,86362,0,0,334,9,1,0,0,0,0,3123,9802,317,0,0,0,0,0
376,5418,377.2846887991776,99948,309,166,37,11,7606,3818,0.11429943570656742,176,90,43295,45030,5007,2490,1174,2211,2357,1248,0,0,86139,0,0,343,10,1,0,0,0,0,3268,9857,330,0,0,0,0,0
377,5418,378.03433396976493,99947,313,166,38,11,7642,3834,0.11482085505317818,170,91,43239,44925,5018,2492,1220,2313,2467,1301,0,0,85953,0,0,344,11,1,0,0,0,0,3408,9878,352,0,0,0,0,0
378,5418,379.1606525526121,99946,315,158,39,11,7694,3855,0.11555239829507934,167,97,43164,44805,5042,2510,1271,2417,2580,1355,0,0,85726,0,0,351,11,1,0,0,0,0,3563,9930,364,0,0,0,0,0
379,5418,380.2888864847811,99946,319,168,39,11,7745,3887,0.1163828467372381,176,92,43081,44684,5066,2521,1317,2522,2695,1410,0,0,85501,0,0,354,11,1,0,0,0,0,3722,9982,375,0,0,0,0,0
380,5418,381.04210993474663,99946,304,169,39,11,7776,3911,0.11693314389770476,168,88,43026,44565,5089,2529,1372,2636,2813,1467,0,0,85278,0,0,359,11,1,0,0,0,0,3881,10025,391,0,0,0,0,0
381,5418,382.1739665040132,99946,307,161,39,11,7830,3931,0.11767354371360535,154,96,42961,44441,5114,2540,1423,2749,2934,1525,0,0,85042,0,0,364,12,1,0,0,0,0,4044,10077,406,0,0,0,0,0
382,5418,383.3077002690204,99946,310,164,39,11,7884,3961,0.1185139975586817,154,97,42898,44317,5129,2551,1468,2858,3058,1584,0,0,84809,0,0,367,13,1,0,0,0,0,4203,10124,429,0,0,0,0,0
383,5418,384.06445792484965,99946,309,165,39,11,7918,3984,0.11908430552498349,157,94,42834,44187,5139,2561,1520,2980,3185,1644,0,0,84586,0,0,368,16,1,0,0,0,0,4373,10159,443,0,0,0,0,0
384,5418,385.20157820884066,99944,310,158,40,12,7965,3999,0.11970703594012647,146,102,42776,44061,5152,2567,1574,3098,3315,1705,0,0,84356,0,0,374,16,1,0,0,0,0,4541,10190,466,0,0,0,0,0
385,5418,386.3402877267559,99944,310,161,40,12,8006,4022,0.12034739454094293,161,101,42696,43939,5162,2566,1629,3219,3448,1768,0,0,84128,0,0,376,16,1,0,0,0,0,4710,10220,493,0,0,0,0,0
386,5418,387.1004939593886,99944,304,173,40,12,8030,4041,0.12077763547586648,174,100,42621,43805,5171,2561,1688,3347,3583,1832,0,0,83914,0,0,378,17,1,0,0,0,0,4890,10233,511,0,0,0,0,0
387,5418,388.24302993319014,99944,299,172,40,12,8078,4071,0.12155807252061154,173,91,42541,43675,5197,2571,1748,3477,3721,1897,0,0,83658,0,0,380,21,1,0,0,0,0,5068,10284,532,0,0,0,0,0
388,5418,389.0059100702959,99943,291,162,41,12,8106,4086,0.1219895340343996,173,93,42473,43541,5210,2582,1810,3608,3862,1963,0,0,83411,0,0,382,21,1,0,0,0,0,5256,10321,551,0,0,0,0,0
389,5418,390.15265998657,99943,302,158,41,12,8165,4115,0.12287003592047467,162,88,42387,43409,5239,2594,1867,3737,4006,2031,0,0,83142,0,0,385,21,1,0,0,0,0,5447,10375,572,0,0,0,0,0
390,5418,391.30164544975855,99943,291,163,41,12,8205,4141,0.12353041233503097,168,95,42310,43262,5258,2603,1930,3863,4153,2100,0,0,82879,0,0,390,23,1,0,0,0,0,5645,10417,588,0,0,0,0,0
391,5418,392.0689000934089,99943,288,171,41,12,8236,4164,0.12407072031057703,168,81,42241,43128,5268,2602,1992,4004,4302,2170,0,0,82639,0,0,394,22,2,0,0,0,0,5840,10435,611,0,0,0,0,0
392,5418,393.22205745312806,99942,282,157,41,13,8289,4180,0.12476236217005864,159,89,42173,42990,5291,2615,2052,4134,4454,2241,0,0,82368,0,0,409,22,2,0,0,0,0,6037,10467,637,0,0,0,0,0
393,5418,394.37723276397344,99942,282,152,41,13,8329,4197,0.1253326929619179,153,96,42112,42849,5294,2616,2116,4272,4609,2313,0,0,82106,0,0,411,23,2,0,0,0,0,6240,10500,660,0,0,0,0,0
394,5418,395.1483222686886,99942,279,155,41,13,8361,4212,0.12580296572011768,153,96,42033,42702,5307,2612,2185,4420,4766,2387,0,0,81849,0,0,414,23,2,0,0,0,0,6453,10523,678,0,0,0,0,0
395,5418,396.30742906118763,99942,271,166,41,13,8412,4245,0.12664345320285766,134,96,41973,42545,5336,2617,2243,4561,4926,2462,0,0,81566,0,0,419,23,2,0,0,0,0,6660,10566,706,0,0,0,0,0
396,5418,397.0812792674881,99942,265,162,41,13,8434,4262,0.1270336795341298,145,89,41898,42402,5339,2626,2310,4706,5088,2538,0,0,81304,0,0,418,25,2,0,0,0,0,6875,10590,728,0,0,0,0,0
397,5418,398.24454066018615,99942,276,151,41,13,8475,4285,0.12767405094955073,153,88,41812,42251,5337,2641,2379,4854,5253,2615,0,0,81032,0,0,418,28,2,0,0,0,0,7086,10620,756,0,0,0,0,0
398,5418,399.0212960169309,99942,275,151,41,13,8507,4300,0.1281443237077505,135,84,41753,42097,5344,2644,2450,5009,5421,2693,0,0,80763,0,0,420,29,2,0,0,0,0,7310,10641,777,0,0,0,0,0
399,5418,400.18855835013335,99941,249,143,42,13,8540,4325,0.1287259483095026,137,86,41675,41945,5377,2653,2518,5158,5591,2773,0,0,80456,0,0,427,30,2,0,0,0,0,7533,10690,803,0,0,0,0,0
400,5418,401.35833868801245,99941,245,142,42,13,8575,4348,0.1293062907115198,136,86,41597,41791,5394,2657,2584,5309,5763,2854,0,0,80169,0,0,431,31,2,0,0,0,0,7762,10720,826,0,0,0,0,0
401,5418,402.13945502100154,99941,227,137,42,13,8599,4363,0.12969652094735895,133,84,41520,41633,5415,2662,2661,5469,5938,2936,0,0,79879,0,0,435,33,2,0,0,0,0,7996,10749,847,0,0,0,0,0
402,5418,403.3139566497164,99941,234,139,42,13,8642,4387,0.13036691648072363,129,73,41434,41479,5427,2667,2732,5627,6115,3019,0,0,79588,0,0,437,34,2,0,0,0,0,8233,10777,870,0,0,0,0,0
403,5418,404.0983017507839,99941,229,139,42,13,8665,4399,0.13071712310263056,131,78,41351,41318,5432,2665,2813,5785,6294,3103,0,0,79316,0,0,438,35,2,0,0,0,0,8467,10785,898,0,0,0,0,0
404,5418,405.2775909437674,99941,226,140,42,13,8697,4421,0.13125744189071553,135,75,41267,41150,5442,2673,2886,5947,6476,3188,0,0,79020,0,0,441,36,2,0,0,0,0,8711,10811,920,0,0,0,0,0
405,5418,406.06513288393575,99941,237,136,42,13,8728,4433,0.1316876957404869,124,73,41196,40984,5432,2675,2967,6117,6660,3275,0,0,78744,0,0,439,40,2,0,0,0,0,8953,10818,945,0,0,0,0,0
406,5418,407.2490415764736,99941,232,130,42,13,8762,4455,0.13224802633553798,133,79,41109,40817,5442,2679,3040,6280,6846,3363,0,0,78448,0,0,442,42,2,0,0,0,0,9187,10837,983,0,0,0,0,0
407,5418,408.0396476346071,99941,227,129,42,13,8789,4470,0.1326682742818263,127,79,41036,40650,5447,2675,3119,6452,7034,3452,0,0,78156,0,0,444,43,2,0,0,0,0,9434,10850,1012,0,0,0,0,0
408,5418,409.2282489284227,99941,236,125,42,13,8837,4489,0.13333866981519096,120,77,40939,40486,5459,2681,3202,6616,7224,3542,0,0,77846,0,0,451,43,2,0,0,0,0,9689,10873,1037,0,0,0,0,0
409,5418,410.02215560295525,99941,229,122,42,13,8861,4502,0.133708888244064,127,79,40858,40310,5458,2682,3284,6792,7416,3633,0,0,77556,0,0,452,46,2,0,0,0,0,9936,10879,1070,0,0,0,0,0
410,5418,411.215953337104,99941,240,120,42,13,8902,4521,0.1343092424530473,122,73,40791,40149,5441,2682,3362,6961,7610,3725,0,0,77260,0,0,458,47,2,0,0,0,0,10188,10883,1103,0,0,0,0,0
411,5418,412.01292174044664,99941,227,120,42,13,8923,4533,0.1346394372679881,126,71,40700,39982,5457,2674,3446,7138,7806,3818,0,0,76962,0,0,460,48,2,0,0,0,0,10443,10890,1136,0,0,0,0,0
412,5418,413.2112902198537,99941,228,122,42,13,8960,4553,0.13520977376652224,122,65,40628,39835,5455,2659,3523,7304,8004,3912,0,0,76657,0,0,465,48,2,0,0,0,0,10699,10898,1172,0,0,0,0,0
413,5418,414.0114996016613,99941,232,128,42,13,8985,4569,0.1356200158093275,117,65,40549,39664,5453,2649,3605,7479,8204,4007,0,0,76366,0,0,465,51,2,0,0,0,0,10962,10894,1201,0,0,0,0,0
414,5418,415.2145162146265,99941,227,124,42,13,9021,4591,0.13620035821134469,109,55,40485,39508,5442,2655,3693,7643,8406,4103,0,0,76048,0,0,465,56,2,0,0,0,0,11219,10913,1238,0,0,0,0,0
415,5418,416.01775363460956,99941,215,119,42,13,9041,4605,0.13654055892976857,105,64,40414,39324,5444,2651,3778,7827,8609,4200,0,0,75735,0,0,464,58,2,0,0,0,0,11482,10927,1273,0,0,0,0,0
416,5418,417.22519492408037,99941,210,109,42,13,9072,4619,0.13699082458650605,114,63,40331,39170,5447,2650,3854,7993,8814,4298,0,0,75412,0,0,466,59,3,0,0,0,0,11749,10946,1306,0,0,0,0,0
417,5418,418.03153105651955,99941,207,112,42,13,9091,4630,0.1372910016909977,118,67,40255,38989,5443,2633,3933,8184,9021,4397,0,0,75120,0,0,469,59,3,0,0,0,0,12014,10929,1347,0,0,0,0,0
418,5418,419.2437487883886,99941,199,112,42,13,9128,4650,0.13786133818953183,111,61,40178,38814,5456,2630,4012,8368,9229,4497,0,0,74797,0,0,472,61,3,0,0,0,0,12277,10941,1390,0,0,0,0,0
419,5418,420.0532986512727,99941,198,111,42,13,9151,4661,0.1382015389079557,134,83,40079,38618,5447,2618,4098,8555,9439,4598,0,0,74489,16,0,474,61,3,0,0,0,0,12551,10920,1427,0,0,0,0,0
420,5418,421.1598599248038,99941,200,117,42,13,9183,4681,0.13872184588907455,153,85,39972,38438,5441,2616,4190,8729,9650,4700,0,0,74167,55,0,479,61,3,0,0,0,0,12834,10885,1457,0,0,0,0,0
421,5418,422.26904447170625,99940,211,128,43,13,9228,4712,0.1394836902141285,158,89,39879,38239,5431,2619,4276,8910,9863,4803,0,0,73846,99,4,480,65,3,0,0,0,0,13106,10844,1493,0,0,0,0,0
422,5418,423.00981978532553,99940,227,131,43,13,9264,4727,0.13999399639783872,163,89,39767,38045,5428,2618,4370,9102,10077,4907,0,0,73533,125,6,482,65,4,0,0,0,0,13391,10811,1523,0,0,0,0,0
423,5418,424.124117091268,99940,241,138,43,13,9307,4752,0.14067440464278566,181,98,39666,37857,5416,2608,4451,9284,10292,5012,0,0,73210,165,11,483,66,4,0,0,0,0,13669,10773,1559,0,0,0,0,0
424,5418,425.2407908472874,99940,264,137,43,13,9368,4779,0.14155493295977586,189,108,39556,37674,5412,2610,4534,9456,10508,5118,0,0,72866,213,23,489,66,4,0,0,0,0,13953,10741,1585,0,0,0,0,0
425,5418,426.3602230956996,99940,271,143,43,13,9419,4814,0.14241544926956173,211,111,39427,37482,5423,2618,4623,9631,10725,5225,0,0,72525,265,32,496,70,4,0,0,0,0,14233,10698,1617,0,0,0,0,0
426,5418,427.10827507297006,99940,291,159,43,13,9460,4842,0.14310586351811086,226,108,39313,37287,5411,2604,4714,9827,10943,5332,0,0,72211,291,34,500,71,4,0,0,0,0,14519,10657,1653,0,0,0,0,0
427,5418,428.2336949913616,99936,307,171,46,14,9526,4874,0.1440922190201729,233,123,39211,37093,5407,2592,4794,10005,11163,5440,0,0,71874,335,47,505,74,5,0,0,0,0,14795,10614,1687,0,0,0,0,0
428,5418,429.3616185615443,99936,321,171,46,14,9596,4901,0.14506284021773935,257,131,39074,36910,5417,2597,4883,10175,11383,5549,0,0,71517,403,53,512,76,5,0,0,0,0,15078,10567,1725,0,0,0,0,0
429,5418,430.11546482369204,99936,344,178,46,14,9645,4924,0.14578330131284023,262,132,38971,36711,5408,2590,4967,10373,11604,5659,0,0,71196,434,60,514,78,5,0,0,0,0,15361,10524,1764,0,0,0,0,0
430,5418,431.24942412819763,99936,369,187,46,14,9721,4969,0.1469940762087736,267,135,38833,36514,5422,2592,5061,10556,11826,5770,0,0,70834,501,73,515,83,5,0,0,0,0,15643,10484,1798,0,0,0,0,0
431,5418,432.0072998275954,99936,384,190,46,14,9774,4993,0.1477645693243676,268,142,38720,36319,5423,2588,5157,10745,12049,5882,0,0,70503,546,79,522,84,5,0,0,0,0,15923,10428,1846,0,0,0,0,0
432,5418,433.14795054598454,99936,408,198,46,14,9860,5034,0.14903538264489274,289,140,38555,36145,5446,2593,5254,10908,12273,5994,0,0,70141,613,97,529,87,5,0,0,0,0,16200,10380,1884,0,0,0,0,0
433,5418,434.29269189764,99936,412,219,46,14,9934,5077,0.15020613192443164,327,147,38407,35969,5465,2582,5341,11067,12497,6107,0,0,69782,680,109,537,92,5,0,0,0,0,16480,10327,1924,0,0,0,0,0
434,5418,435.0579361622055,99936,431,215,46,14,10005,5098,0.15112672110150496,323,158,38293,35775,5471,2581,5434,11255,12722,6221,0,0,69421,746,115,536,97,5,0,0,0,0,16768,10284,1964,0,0,0,0,0
435,5418,436.2097186404794,99936,463,226,46,14,10116,5146,0.15271773935318603,326,166,38150,35567,5501,2590,5512,11435,12948,6336,0,0,69037,830,133,547,100,5,0,0,0,0,17050,10232,2002,0,0,0,0,0
436,5418,437.36514579275513,99936,487,241,46,14,10206,5197,0.1541286423310919,330,176,38022,35347,5524,2604,5589,11616,13174,6451,0,0,68656,902,148,557,103,5,0,0,0,0,17343,10189,2033,0,0,0,0,0
437,5418,438.13723219432836,99936,485,240,46,14,10262,5224,0.1549591738712776,353,185,37885,35151,5543,2611,5686,11797,13401,6567,0,0,68290,963,161,566,105,5,0,0,0,0,17634,10142,2070,0,0,0,0,0
438,5418,439.30011579872826,99936,514,243,46,14,10380,5271,0.15661023054755044,371,204,37714,34950,5587,2627,5766,11960,13628,6684,0,0,67874,1076,170,576,106,5,0,0,0,0,17928,10091,2110,0,0,0,0,0
439,5418,440.07786393977403,99935,516,259,47,14,10450,5312,0.15772251963776454,393,194,37575,34751,5611,2628,5856,12152,13855,6801,0,0,67504,1146,184,583,106,5,0,0,0,0,18212,10039,2156,0,0,0,0,0
440,5418,441.24907379895154,99935,543,287,47,14,10570,5375,0.15955370991144244,403,193,37420,34571,5653,2629,5932,12304,14082,6919,0,0,67100,1244,201,592,110,5,0,0,0,0,18501,9991,2191,0,0,0,0,0
441,5418,442.0323274515344,99934,559,304,48,14,10655,5416,0.16081613865151,402,186,37273,34374,5690,2628,6026,12492,14310,7038,0,0,66716,1310,218,592,117,5,0,0,0,0,18801,9959,2216,0,0,0,0,0
442,5418,443.21215411448,99934,599,298,48,14,10779,5460,0.16249724818380132,411,206,37104,34156,5721,2651,6115,12673,14538,7157,0,0,66322,1396,242,608,123,5,0,0,0,0,19083,9904,2251,0,0,0,0,0
443,5418,444.0012980317172,99934,636,306,48,14,10879,5503,0.1639281926071207,401,215,36952,33934,5753,2667,6208,12862,14766,7277,0,0,65945,1459,263,618,127,5,0,0,0,0,19376,9860,2281,0,0,0,0,0
444,5418,445.1903407909552,99934,633,326,48,14,10992,5571,0.1657393879960774,430,222,36782,33722,5822,2678,6283,13036,14994,7397,0,0,65524,1574,287,633,135,5,0,0,0,0,19656,9803,2317,0,0,0,0,0
445,5418,446.3843439912846,99934,660,333,48,14,11130,5642,0.16783076830708268,439,239,36604,33508,5882,2715,6365,13189,15222,7518,0,0,65085,1693,317,652,140,5,0,0,0,0,19945,9754,2343,0,0,0,0,0
446,5418,447.1831899709241,99934,680,353,48,14,11210,5701,0.16922168631296655,462,231,36449,33292,5897,2731,6462,13377,15450,7639,0,0,64709,1755,343,659,144,5,0,0,0,0,20233,9712,2374,0,0,0,0,0
447,5418,448.3868968502609,99934,707,372,48,14,11356,5782,0.17149318550243162,501,237,36247,33078,5962,2762,6533,13535,15678,7761,0,0,64282,1872,379,675,149,7,0,0,0,0,20504,9656,2410,0,0,0,0,0
448,5418,449.19254596718156,99933,725,364,48,15,11451,5829,0.17291585362192669,526,248,36087,32859,5990,2795,6622,13717,15906,7884,0,0,63889,1948,414,686,155,7,0,0,0,0,20783,9609,2442,0,0,0,0,0
449,5418,450.0013452441151,99933,747,377,48,15,11564,5876,0.17451692634064822,522,262,35925,32661,6040,2784,6716,13899,16134,8007,0,0,63505,2029,449,689,160,7,0,0,0,0,21051,9557,2486,0,0,0,0,0
450,5418,451.2204009141779,99932,766,393,49,15,11731,5955,0.17698034663571227,530,263,35738,32461,6130,2821,6785,14045,16361,8131,0,0,63052,2166,494,705,170,7,0,0,0,0,21321,9503,2514,0,0,0,0,0
451,5418,452.03640197689606,99931,789,411,49,16,11840,6015,0.1786732845663508,550,259,35564,32253,6167,2840,6879,14219,16588,8255,0,0,62651,2247,519,718,176,7,0,0,0,0,21613,9459,2541,0,0,0,0,0
452,5418,453.26673631682144,99931,842,421,49,16,12014,6094,0.1812050314717155,592,281,35332,32029,6226,2872,6957,14379,16815,8379,0,0,62219,2365,568,730,184,7,0,0,0,0,21876,9409,2573,0,0,0,0,0
453,5418,454.0906263083861,99931,844,425,49,16,12125,6147,0.1828461638530586,623,302,35142,31827,6289,2889,7051,14539,17042,8504,0,0,61810,2467,600,741,194,7,0,0,0,0,22149,9352,2611,0,0,0,0,0
454,5418,455.33330992353234,99930,905,454,49,17,12320,6248,0.18581006704693284,624,314,34951,31637,6348,2914,7121,14662,17268,8629,0,0,61360,2600,643,758,202,7,0,0,0,0,22421,9297,2642,0,0,0,0,0
455,5418,456.16506276263874,99928,918,469,51,17,12453,6309,0.18775518373228725,645,337,34757,31434,6417,2926,7210,14815,17494,8755,0,0,60944,2711,679,769,208,7,0,0,0,0,22688,9237,2685,0,0,0,0,0
456,5418,457.0008817532688,99928,957,496,51,17,12601,6382,0.1899667760787767,626,347,34590,31231,6470,2952,7304,14955,17719,8881,0,0,60523,2817,702,784,216,7,0,0,0,0,22977,9186,2716,0,0,0,0,0
457,5418,458.2613420890689,99927,998,517,52,17,12818,6496,0.19328109519949563,653,345,34363,31033,6559,3011,7373,15075,17944,9007,0,0,60029,2988,761,808,221,8,0,0,0,0,23234,9132,2746,0,0,0,0,0
458,5418,459.1055358129385,99924,1025,528,55,17,12961,6564,0.19539850286217525,654,369,34176,30810,6625,3040,7463,15234,18168,9134,0,0,59612,3082,801,829,228,8,0,0,0,0,23509,9077,2778,0,0,0,0,0
459,5418,460.3793810734969,99924,1059,547,55,17,13183,6688,0.19886113446219125,695,381,33928,30588,6742,3112,7519,15353,18391,9261,0,0,59098,3274,858,857,240,9,0,0,0,0,23771,9022,2795,0,0,0,0,0
460,5418,461.23313933311135,99924,1034,543,55,17,13309,6764,0.20088267082983066,743,380,33713,30382,6848,3156,7605,15520,18614,9388,0,0,58646,3412,916,883,247,9,0,0,0,0,24025,8960,2826,0,0,0,0,0
461,5418,462.09200331208075,99923,1078,561,56,17,13493,6844,0.20352671557098967,742,382,33501,30167,6932,3193,7689,15678,18836,9516,0,0,58193,3549,961,888,258,9,0,0,0,0,24294,8919,2852,0,0,0,0,0
462,5418,463.3892794599481,99923,1126,589,56,17,13728,6985,0.20728961300201154,723,375,33276,29957,7046,3257,7771,15803,19057,9644,0,0,57678,3743,1022,917,268,9,0,0,0,0,24548,8862,2876,0,0,0,0,0
463,5418,464.25869512535144,99923,1143,607,56,17,13887,7078,0.2098115548972709,731,362,33081,29754,7127,3302,7860,15956,19278,9772,0,0,57243,3869,1080,932,281,10,0,0,0,0,24796,8807,2905,0,0,0,0,0
464,5418,465.1328201537293,99923,1147,608,56,17,14036,7155,0.21207329643825745,766,378,32870,29540,7213,3340,7946,16115,19498,9900,0,0,56808,3996,1141,949,291,10,0,0,0,0,25041,8746,2941,0,0,0,0,0
465,5418,466.0120876620973,99922,1157,587,57,17,14202,7230,0.21448730009407338,793,395,32676,29340,7293,3402,8022,16257,19717,10029,0,0,56337,4157,1212,956,299,10,0,0,0,0,25276,8699,2976,0,0,0,0,0
466,5418,467.34011153995885,99919,1207,593,60,17,14477,7361,0.21855703119526818,777,408,32456,29145,7427,3480,8071,16355,19935,10158,0,0,55821,4367,1299,986,312,10,0,0,0,0,25488,8622,3014,0,0,0,0,0
467,5418,468.2299003004126,99917,1227,613,62,17,14650,7460,0.22128366544231712,815,381,32232,28967,7511,3515,8151,16505,20152,10287,0,0,55405,4485,1370,1005,327,10,0,0,0,0,25707,8552,3056,0,0,0,0,0
468,5418,469.125121685386,99916,1218,647,63,17,14804,7572,0.22394811641779094,873,386,32010,28761,7625,3551,8209,16636,20369,10416,0,0,54945,4630,1428,1023,337,10,0,0,0,0,25954,8502,3087,0,0,0,0,0
469,5418,470.0259691460515,99916,1245,638,63,17,14996,7645,0.22660034428920292,894,418,31794,28553,7712,3602,8290,16770,20585,10545,0,0,54501,4772,1494,1038,352,10,0,0,0,0,26183,8442,3124,0,0,0,0,0
470,5418,471.38705292709284,99916,1319,661,63,17,15319,7795,0.2313343208294968,902,429,31533,28359,7854,3669,8327,16863,20800,10675,0,0,53963,5007,1573,1073,368,10,0,0,0,0,26397,8364,3161,0,0,0,0,0
471,5418,472.2997976001949,99914,1375,666,64,18,15532,7892,0.234441619793022,883,425,31341,28186,7946,3721,8389,16982,21014,10805,0,0,53515,5150,1642,1096,375,10,0,0,0,0,26627,8299,3200,0,0,0,0,0
472,5418,473.21800736434653,99913,1418,670,65,18,15747,7996,0.2376367439672515,911,417,31101,27996,8051,3783,8452,17114,21227,10935,0,0,53063,5288,1717,1120,393,11,0,0,0,0,26854,8242,3225,0,0,0,0,0
473,5418,474.1420676751676,99911,1432,693,67,18,15950,8108,0.24079430693317053,939,406,30871,27803,8164,3844,8525,17234,21439,11065,0,0,52580,5446,1792,1138,409,11,0,0,0,0,27095,8203,3237,0,0,0,0,0
474,5418,475.0726303090955,99911,1457,703,67,18,16154,8199,0.24374693477194703,955,425,30681,27618,8263,3886,8575,17348,21650,11195,0,0,52143,5579,1872,1166,418,11,0,0,0,0,27311,8136,3275,0,0,0,0,0
475,5418,476.0087979292375,99908,1475,719,70,18,16391,8297,0.24710733875165153,979,437,30438,27439,8389,3928,8647,17457,21859,11325,0,0,51676,5737,1949,1203,430,12,0,0,0,0,27531,8065,3305,0,0,0,0,0
476,5418,477.4245059045955,99907,1547,732,70,19,16738,8456,0.25217452230574433,975,477,30188,27231,8547,4025,8671,17514,22067,11455,0,0,51158,5961,2056,1244,458,12,0,0,0,0,27702,7975,3341,0,0,0,0,0
477,5418,478.37455382143577,99905,1565,751,70,21,16950,8588,0.25562284169961463,1008,471,29963,27027,8661,4098,8731,17630,22274,11585,0,0,50683,6134,2138,1264,475,12,0,0,0,0,27910,7917,3372,0,0,0,0,0
478,5418,479.3304561370651,99904,1554,733,71,21,17195,8689,0.2590887251761691,996,505,29746,26852,8841,4164,8790,17723,22480,11715,0,0,50161,6348,2232,1294,491,14,0,0,0,0,28111,7854,3399,0,0,0,0,0
479,5418,480.29351094553493,99903,1585,746,71,22,17466,8813,0.2630451537991852,958,486,29534,26689,8996,4225,8854,17830,22685,11845,0,0,49694,6501,2343,1336,508,15,0,0,0,0,28291,7787,3428,0,0,0,0,0
480,5418,481.26374953699633,99903,1552,755,71,22,17681,8936,0.26642843558251506,1012,495,29310,26486,9151,4310,8902,17930,22889,11975,0,0,49188,6695,2443,1369,523,15,0,0,0,0,28485,7730,3455,0,0,0,0,0
481,5418,482.24101483386863,99903,1584,747,71,22,17929,9036,0.2699118144600262,1017,507,29090,26305,9287,4375,8949,18042,23092,12105,0,0,48720,6858,2545,1389,542,16,0,0,0,0,28675,7677,3481,0,0,0,0,0
482,5418,483.22523704871827,99899,1608,754,75,22,18199,9161,0.27387661538153535,996,484,28864,26142,9438,4446,9017,18150,23293,12235,0,0,48244,7033,2655,1420,563,18,0,0,0,0,28846,7610,3510,0,0,0,0,0
483,5418,484.2170036912855,99897,1627,765,76,23,18448,9286,0.27762595473337537,991,474,28647,25976,9574,4506,9083,18254,23493,12365,0,0,47792,7195,2784,1442,581,18,0,0,0,0,28996,7545,3544,0,0,0,0,0
484,5418,485.21621602039653,99897,1646,758,76,23,18689,9393,0.281109542829114,982,496,28451,25803,9697,4572,9146,18346,23692,12495,0,0,47331,7359,2889,1470,602,19,0,0,0,0,29174,7483,3570,0,0,0,0,0
485,5418,486.2219949794213,99897,1671,826,76,23,18943,9546,0.285183739251429,981,465,28256,25653,9819,4608,9195,18423,23890,12625,0,0,46921,7466,3027,1512,612,21,0,0,0,0,29327,7415,3596,0,0,0,0,0
486,5418,487.2344650750495,99897,1702,847,76,23,19221,9663,0.28913781194630467,959,496,28054,25471,9960,4649,9247,18512,24086,12755,0,0,46458,7631,3132,1536,639,21,0,0,0,0,29502,7359,3619,0,0,0,0,0
487,5418,488.25374640454356,99896,1697,842,77,23,19484,9799,0.29313486025466484,995,505,27823,25285,10114,4740,9292,18603,24281,12885,0,0,45960,7815,3259,1575,665,21,0,0,0,0,29659,7306,3636,0,0,0,0,0
488,5418,489.2805360813955,99896,1712,859,77,23,19754,9944,0.2972891807479779,992,506,27603,25103,10264,4818,9350,18689,24475,13015,0,0,45475,7996,3383,1618,680,22,0,0,0,0,29823,7241,3658,0,0,0,0,0
489,5418,490.3157251352916,99895,1728,854,78,23,20028,10063,0.30122628760198206,977,521,27405,24940,10402,4895,9408,18765,24668,13145,0,0,45002,8163,3510,1653,702,23,0,0,0,0,29978,7184,3680,0,0,0,0,0
490,5418,491.35844241340095,99894,1718,877,79,23,20278,10208,0.3051834945041744,1004,533,27175,24779,10563,4955,9459,18831,24859,13275,0,0,44535,8333,3626,1696,733,23,0,0,0,0,30139,7114,3695,0,0,0,0,0
491,5418,492.40928930428714,99892,1755,907,81,23,20558,10351,0.30942417811236134,995,528,26970,24618,10692,5014,9505,18908,25049,13405,0,0,44120,8464,3772,1727,758,24,0,0,0,0,30259,7042,3726,0,0,0,0,0
492,5418,493.46785675861634,99892,1737,901,81,23,20794,10499,0.31326832979617986,1015,519,26800,24470,10815,5119,9550,18966,25238,13534,0,0,43639,8646,3894,1768,789,25,0,0,0,0,30409,6979,3743,0,0,0,0,0
493,5418,494.5332345623336,99892,1714,909,81,23,21055,10647,0.31736275177191364,1029,522,26599,24307,10990,5205,9585,19032,25425,13663,0,0,43153,8837,4030,1816,811,27,0,0,0,0,30546,6909,3763,0,0,0,0,0
494,5418,495.06853012232034,99891,1710,925,82,23,21195,10715,0.31944819853640466,1008,521,26457,24169,11064,5201,9677,19159,25611,13792,0,0,42812,8894,4127,1828,828,29,0,0,0,0,30725,6864,3784,0,0,0,0,0
495,5418,496.1478820430585,99891,1732,904,82,23,21454,10857,0.3234625742058844,1029,536,26250,24013,11192,5307,9713,19215,25796,13921,0,0,42349,9065,4262,1864,855,30,0,0,0,0,30857,6802,3807,0,0,0,0,0
496,5418,497.235378345778,99890,1734,892,83,23,21706,11000,0.32742016217839626,1057,543,26051,23866,11315,5410,9758,19264,25979,14050,0,0,41897,9226,4405,1900,890,30,0,0,0,0,30981,6738,3823,0,0,0,0,0
497,5418,498.33078249662503,99889,1729,890,84,23,21983,11140,0.3315980738619868,1059,568,25847,23736,11480,5496,9799,19285,26161,14179,0,0,41440,9392,4548,1951,919,30,0,0,0,0,31099,6662,3848,0,0,0,0,0
498,5418,499.4346036212688,99888,1761,913,85,23,22286,11298,0.33621656255005605,1059,562,25633,23591,11619,5572,9841,19337,26341,14307,0,0,40986,9553,4660,2001,950,31,0,0,0,0,31235,6591,3881,0,0,0,0,0
499,5418,500.54723935290264,99888,1794,937,85,23,22574,11462,0.3407416306263015,1076,534,25444,23462,11731,5652,9868,19390,26520,14435,0,0,40558,9710,4797,2031,989,32,0,0,0,0,31346,6518,3907,0,0,0,0,0
500,5418,501.1059162178575,99887,1772,952,86,23,22720,11547,0.3430576551503199,1083,515,25291,23323,11816,5671,9950,19514,26698,14563,0,0,40201,9783,4904,2051,1006,33,0,0,0,0,31506,6473,3930,0,0,0,0,0
501,5418,502.2328196500888,99886,1772,943,87,23,23023,11683,0.3474560999539475,1051,524,25110,23207,12002,5748,9976,19553,26874,14691,0,0,39736,9962,5044,2095,1047,34,0,0,0,0,31616,6404,3948,0,0,0,0,0
502,5418,503.3684429559738,99886,1781,925,87,23,23318,11818,0.3517610075486054,1062,529,24925,23067,12140,5845,10003,19609,27049,14818,0,0,39267,10137,5190,2137,1080,37,0,0,0,0,31732,6349,3957,0,0,0,0,0
503,5418,504.51264908734737,99885,1781,946,88,23,23618,11978,0.35636982529909395,1027,535,24756,22929,12298,5920,10048,19645,27223,14945,0,0,38842,10284,5352,2181,1117,40,0,0,0,0,31810,6276,3983,0,0,0,0,0
504,5418,505.08723788596416,99885,1790,941,88,23,23764,12047,0.3585223006457426,1043,556,24612,22797,12337,5945,10128,19736,27395,15072,0,0,38529,10325,5468,2200,1134,42,0,0,0,0,31951,6231,4005,0,0,0,0,0
505,5418,506.24575364531125,99884,1792,924,89,23,24070,12198,0.36310119738897123,1019,566,24431,22664,12514,6046,10153,19775,27566,15199,0,0,38064,10508,5639,2233,1175,44,0,0,0,0,32033,6171,4017,0,0,0,0,0
506,5418,507.41316757351666,99883,1830,926,90,23,24378,12356,0.36777029124075167,983,547,24280,22546,12640,6128,10175,19828,27735,15325,0,0,37661,10644,5795,2273,1221,47,0,0,0,0,32105,6099,4038,0,0,0,0,0
507,5418,508.5886139339213,99882,1800,973,91,23,24686,12539,0.3726897739332412,967,513,24083,22418,12854,6213,10203,19858,27903,15451,0,0,37212,10784,5959,2323,1270,50,0,0,0,0,32200,6049,4035,0,0,0,0,0
508,5418,509.1790397698688,99882,1824,968,91,23,24842,12611,0.37497246751166374,960,526,23946,22293,12894,6240,10283,19948,28070,15577,0,0,36912,10816,6067,2344,1291,54,0,0,0,0,32343,6001,4054,0,0,0,0,0
509,5418,510.37033620386154,99882,1806,988,91,23,25132,12777,0.37953785466850887,977,502,23761,22173,13047,6322,10316,19990,28235,15702,0,0,36495,10959,6232,2400,1330,55,0,0,0,0,32408,5924,4079,0,0,0,0,0
510,5418,511.570849944895,99881,1792,984,92,23,25432,12938,0.38415714700493586,955,499,23628,22059,13208,6420,10323,20013,28399,15827,0,0,36054,11108,6420,2462,1359,58,0,0,0,0,32468,5863,4089,0,0,0,0,0
511,5418,512.1736585935685,99881,1791,991,92,23,25592,13028,0.38666012554940377,952,464,23492,21961,13278,6458,10393,20101,28562,15952,0,0,35725,11158,6532,2487,1382,58,0,0,0,0,32605,5825,4109,0,0,0,0,0
512,5418,513.3884717034401,99879,1776,952,94,23,25878,13177,0.39102313799697636,942,471,23357,21849,13421,6584,10408,20119,28723,16076,0,0,35288,11317,6717,2534,1417,63,0,0,0,0,32655,5760,4128,0,0,0,0,0
513,5418,514.6116811316084,99879,1742,916,94,23,26162,13308,0.39517816558035224,964,513,23181,21740,13591,6677,10426,20129,28883,16200,0,0,34881,11444,6908,2586,1463,67,0,0,0,0,32688,5700,4142,0,0,0,0,0
514,5418,515.2263816538049,99879,1729,918,94,23,26300,13388,0.3973608065759569,956,501,23078,21653,13648,6706,10493,20197,29041,16324,0,0,34592,11478,7012,2608,1496,70,0,0,0,0,32810,5650,4163,0,0,0,0,0
515,5418,516.4648974774093,99879,1735,921,94,23,26614,13546,0.4020865246948808,905,502,22933,21523,13808,6806,10523,20223,29198,16447,0,0,34177,11614,7162,2648,1560,74,0,0,0,0,32883,5600,4161,0,0,0,0,0
516,5418,517.0866641545002,99879,1739,923,94,23,26762,13632,0.4044293595250253,889,495,22830,21412,13861,6841,10585,20304,29354,16570,0,0,33882,11656,7277,2670,1585,76,0,0,0,0,33001,5552,4180,0,0,0,0,0
517,5418,518.3394402481064,99878,1689,906,95,23,27051,13781,0.40881875888584074,903,498,22685,21318,14032,6943,10594,20310,29508,16693,0,0,33462,11808,7480,2705,1636,80,0,0,0,0,33017,5500,4190,0,0,0,0,0
518,5418,519.6006846405919,99877,1655,907,95,24,27334,13939,0.4132382830881985,870,485,22586,21271,14191,7016,10601,20295,29661,16815,0,0,33069,11937,7666,2752,1675,87,0,0,0,0,33041,5437,4213,0,0,0,0,0
519,5418,520.2334134239312,99877,1660,913,95,24,27472,14029,0.41552109094185846,852,461,22490,21179,14236,7047,10665,20374,29813,16937,0,0,32794,11966,7786,2770,1701,88,0,0,0,0,33146,5390,4236,0,0,0,0,0
520,5418,521.5071828924233,99877,1643,885,95,24,27739,14182,0.41972626330386376,871,449,22338,21107,14365,7144,10686,20389,29963,17058,0,0,32411,12085,7983,2812,1746,92,0,0,0,0,33166,5334,4248,0,0,0,0,0
521,5418,522.146816329131,99876,1631,880,95,25,27868,14260,0.4218030357643478,860,433,22244,21019,14405,7178,10763,20463,30112,17179,0,0,32136,12102,8109,2831,1777,93,0,0,0,0,33271,5301,4256,0,0,0,0,0
522,5418,523.4353687308522,99876,1559,895,95,25,28112,14421,0.4258580639993592,844,420,22148,20943,14566,7249,10786,20466,30260,17300,0,0,31739,12229,8277,2869,1832,96,0,0,0,0,33313,5256,4265,0,0,0,0,0
523,5418,524.0814707266157,99876,1566,883,95,25,28247,14491,0.4279106091553526,834,419,22059,20859,14589,7275,10855,20537,30406,17420,0,0,31487,12233,8416,2882,1856,99,0,0,0,0,33401,5222,4280,0,0,0,0,0
524,5418,525.3825293645876,99875,1559,837,96,25,28529,14626,0.432090112640801,800,425,21962,20809,14713,7383,10868,20519,30551,17540,0,0,31099,12366,8598,2915,1902,106,0,0,0,0,33421,5170,4298,0,0,0,0,0
525,5418,526.0349989538291,99873,1526,819,97,26,28658,14680,0.4339310924874591,788,433,21860,20721,14784,7399,10943,20600,30695,17659,0,0,30819,12397,8707,2934,1935,106,0,0,0,0,33522,5134,4319,0,0,0,0,0
526,5418,527.348811238179,99872,1488,831,97,27,28905,14829,0.43790051265619995,798,403,21772,20676,14894,7461,10949,20600,30837,17778,0,0,30478,12471,8882,2967,1991,112,0,0,0,0,33555,5093,4323,0,0,0,0,0
527,5418,528.0080400706773,99871,1500,824,97,28,29049,14905,0.4401077389832884,777,391,21677,20608,14931,7483,11016,20664,30978,17897,0,0,30226,12482,9011,2991,2011,113,0,0,0,0,33640,5047,4350,0,0,0,0,0
528,5418,529.3341552133201,99869,1451,808,99,28,29304,15026,0.443881484745016,763,407,21577,20564,15066,7550,11042,20641,31118,18015,0,0,29871,12574,9160,3034,2078,117,0,0,0,0,33679,5000,4356,0,0,0,0,0
529,5418,530.667800960026,99868,1419,795,100,28,29542,15152,0.44753074057756237,763,403,21517,20490,15167,7625,11032,20657,31256,18133,0,0,29538,12660,9332,3078,2125,121,0,0,0,0,33705,4944,4365,0,0,0,0,0
530,5418,531.3358620446407,99868,1416,779,100,28,29679,15217,0.4495534105018625,716,413,21455,20399,15215,7654,11096,20725,31393,18250,0,0,29283,12679,9449,3088,2161,122,0,0,0,0,33797,4906,4383,0,0,0,0,0
531,5418,532.0061518509895,99868,1405,773,100,28,29778,15278,0.45115552529338726,752,422,21369,20316,15232,7679,11140,20780,31529,18367,0,0,29033,12693,9545,3104,2182,125,0,0,0,0,33914,4872,4400,0,0,0,0,0
532,5418,533.3539188234073,99867,1407,747,101,28,30040,15410,0.45510529003574757,706,414,21300,20297,15325,7756,11159,20756,31664,18483,0,0,28712,12764,9743,3148,2217,133,0,0,0,0,33919,4820,4411,0,0,0,0,0
533,5418,534.0295025513848,99866,1380,748,102,28,30157,15477,0.4569523161035788,685,409,21225,20218,15375,7767,11231,20828,31797,18599,0,0,28479,12758,9874,3172,2242,135,0,0,0,0,33999,4781,4426,0,0,0,0,0
534,5418,535.3878072012025,99864,1366,749,104,28,30407,15614,0.46083673796363056,683,396,21160,20185,15463,7828,11222,20812,31929,18714,0,0,28154,12835,10052,3201,2291,137,0,0,0,0,34017,4740,4437,0,0,0,0,0
535,5418,536.0681589044017,99864,1372,750,104,28,30528,15674,0.46264920291596573,662,386,21101,20123,15475,7831,11284,20880,32060,18829,0,0,27955,12802,10187,3210,2320,141,0,0,0,0,34090,4715,4444,0,0,0,0,0
536,5418,537.4357420110384,99864,1306,745,104,28,30770,15796,0.46629416005767843,644,396,21024,20070,15618,7879,11302,20880,32190,18943,0,0,27617,12892,10365,3247,2372,148,0,0,0,0,34105,4674,4444,0,0,0,0,0
537,5418,538.1213014982867,99863,1301,731,105,28,30884,15849,0.46797112043499595,642,409,20955,20002,15634,7908,11361,20920,32318,19057,0,0,27399,12879,10478,3269,2396,151,0,0,0,0,34190,4639,4462,0,0,0,0,0
538,5418,539.4995558624499,99861,1255,700,107,28,31105,15974,0.4714453089794815,649,400,20861,19984,15739,7967,11387,20919,32445,19171,0,0,27081,12957,10646,3306,2453,154,0,0,0,0,34197,4589,4478,0,0,0,0,0
539,5418,540.1904289781037,99861,1259,694,107,28,31232,16044,0.47341805109101653,612,387,20788,19920,15788,7981,11444,20988,32571,19284,0,0,26850,12966,10760,3316,2487,156,0,0,0,0,34280,4559,4487,0,0,0,0,0
540,5418,541.5808919347031,99861,1207,708,107,28,31441,16186,0.47693293678212717,616,357,20732,19937,15875,8000,11461,20968,32696,19397,0,0,26561,13011,10924,3347,2548,162,0,0,0,0,34297,4521,4490,0,0,0,0,0
541,5418,542.2777890163476,99861,1202,711,107,28,31557,16252,0.47875547010344377,588,347,20690,19884,15882,8009,11529,21019,32820,19509,0,0,26349,13016,11034,3344,2588,165,0,0,0,0,34370,4493,4502,0,0,0,0,0
542,5418,543.6773037445197,99860,1194,697,108,28,31772,16369,0.482084918886441,569,341,20644,19850,15956,8076,11527,21006,32942,19621,0,0,26058,13076,11180,3367,2644,167,0,0,0,0,34400,4456,4512,0,0,0,0,0
543,5418,544.3775649756068,99860,1188,690,108,28,31869,16440,0.4837672741838574,571,314,20602,19797,15947,8098,11582,21071,33063,19732,0,0,25848,13073,11292,3366,2680,170,0,0,0,0,34477,4432,4522,0,0,0,0,0
544,5418,545.0799985727856,99860,1167,688,108,28,31974,16499,0.48540957340276386,552,309,20556,19775,15973,8093,11642,21105,33183,19843,0,0,25642,13066,11400,3377,2711,175,0,0,0,0,34550,4401,4538,0,0,0,0,0
545,5418,546.48995075406,99859,1174,690,109,28,32208,16623,0.4889994892798846,530,296,20507,19773,16042,8142,11636,21069,33302,19953,0,0,25385,13100,11562,3404,2760,184,0,0,0,0,34563,4357,4544,0,0,0,0,0
546,5418,547.1955878364431,99859,1145,678,109,28,32296,16685,0.4905016072662454,529,287,20466,19752,16049,8146,11700,21107,33420,20063,0,0,25199,13078,11686,3421,2784,194,0,0,0,0,34617,4322,4558,0,0,0,0,0
547,5418,548.6128283228965,99859,1087,645,109,28,32476,16792,0.493375659680149,528,295,20450,19747,16123,8212,11701,21071,33537,20172,0,0,24917,13130,11854,3451,2836,199,0,0,0,0,34621,4288,4563,0,0,0,0,0
548,5418,549.321809574787,99857,1062,643,110,29,32560,16860,0.4949077180367926,536,262,20402,19718,16123,8229,11765,21117,33652,20281,0,0,24724,13117,11976,3460,2863,202,0,0,0,0,34678,4261,4576,0,0,0,0,0
549,5418,550.0324485095452,99857,1049,610,110,29,32657,16905,0.49632975154470893,530,256,20350,19700,16131,8253,11828,21150,33766,20389,0,0,24534,13093,12097,3473,2899,204,0,0,0,0,34736,4237,4584,0,0,0,0,0
550,5418,551.4597064581149,99854,1020,579,113,29,32837,16984,0.49893845013720034,518,245,20347,19732,16161,8294,11839,21119,33879,20497,0,0,24297,13110,12235,3506,2958,207,0,0,0,0,34758,4196,4587,0,0,0,0,0
551,5418,552.1735744983683,99854,999,549,113,29,32931,17019,0.5002303362909848,504,262,20292,19705,16188,8299,11902,21154,33991,20604,0,0,24113,13110,12331,3499,3004,211,0,0,0,0,34817,4160,4609,0,0,0,0,0
552,5418,553.6063897934374,99854,961,531,113,29,33113,17116,0.5030244156468444,452,241,20291,19736,16263,8330,11918,21131,34102,20711,0,0,23880,13127,12476,3525,3064,217,0,0,0,0,34821,4125,4619,0,0,0,0,0
553,5418,554.3234927210826,99854,924,537,113,29,33187,17168,0.5042862579365874,466,226,20244,19700,16271,8327,11980,21179,34212,20817,0,0,23723,13096,12570,3527,3108,221,0,0,0,0,34877,4094,4638,0,0,0,0,0
554,5418,555.041919574893,99854,932,518,113,29,33283,17203,0.5055981733330662,439,230,20213,19675,16270,8328,12031,21218,34321,20923,0,0,23552,13091,12667,3517,3137,227,0,0,0,0,34938,4064,4661,0,0,0,0,0
555,5418,556.4838735399936,99854,866,510,113,29,33414,17293,0.5078114046507901,464,236,20200,19677,16306,8353,12049,21193,34429,21028,0,0,23309,13127,12799,3536,3181,234,0,0,0,0,34971,4032,4665,0,0,0,0,0
556,5418,557.2049008808931,99854,864,509,113,29,33513,17336,0.5092334808820879,430,239,20174,19645,16310,8355,12107,21221,34536,21132,0,0,23128,13098,12889,3550,3207,238,0,0,0,0,35061,4012,4671,0,0,0,0,0
557,5418,558.6510326247376,99854,854,477,113,29,33674,17415,0.5116369900054079,403,225,20188,19674,16327,8380,12113,21213,34642,21236,0,0,22909,13114,13031,3564,3255,243,0,0,0,0,35081,3980,4677,0,0,0,0,0
558,5418,559.3735753526878,99854,821,464,113,29,33754,17461,0.5128988322951509,388,216,20158,19653,16342,8383,12176,21253,34747,21339,0,0,22733,13104,13133,3564,3289,249,0,0,0,0,35136,3954,4692,0,0,0,0,0
559,5418,560.0972013046669,99852,795,439,113,31,33820,17495,0.5139105876697513,371,221,20133,19636,16350,8384,12236,21287,34851,21442,0,0,22568,13075,13234,3566,3324,253,0,0,0,0,35198,3935,4699,0,0,0,0,0
560,5418,561.5488709088331,99852,771,428,113,31,33954,17583,0.5161338781396467,373,194,20157,19677,16358,8423,12226,21245,34954,21544,0,0,22367,13082,13370,3582,3365,261,0,0,0,0,35218,3905,4702,0,0,0,0,0
561,5418,562.274102774414,99852,778,408,113,31,34027,17613,0.5171654047991027,360,193,20138,19652,16330,8432,12279,21282,35056,21646,0,0,22202,13068,13442,3577,3398,263,0,0,0,0,35305,3879,4718,0,0,0,0,0
562,5418,563.0000535445379,99852,766,402,113,31,34099,17654,0.5182970796779234,357,194,20110,19640,16320,8416,12332,21315,35157,21747,0,0,22052,13030,13557,3579,3422,266,0,0,0,0,35359,3860,4727,0,0,0,0,0
563,5418,564.4547380463763,99852,722,373,113,31,34213,17709,0.5199895845851861,369,198,20105,19656,16356,8438,12333,21302,35257,21848,0,0,21875,13016,13682,3607,3464,272,0,0,0,0,35380,3818,4738,0,0,0,0,0
564,5418,565.1819454904396,99852,697,361,113,31,34267,17740,0.5208408444497857,366,187,20102,19642,16340,8439,12380,21338,35356,21948,0,0,21717,12983,13768,3611,3491,277,0,0,0,0,35460,3803,4742,0,0,0,0,0
565,5418,566.6393465401896,99852,672,377,113,31,34401,17817,0.52295397187838,329,172,20150,19698,16338,8417,12396,21303,35454,22048,0,0,21548,12951,13895,3641,3532,280,0,0,0,0,35488,3774,4743,0,0,0,0,0
566,5418,567.3663221293986,99852,655,367,113,31,34462,17846,0.5238553058526619,318,173,20143,19683,16315,8415,12454,21329,35551,22147,0,0,21398,12925,13983,3642,3559,282,0,0,0,0,35558,3748,4757,0,0,0,0,0
567,5418,568.0939612324165,99852,629,357,113,31,34517,17869,0.5246364619637063,313,171,20114,19664,16308,8400,12521,21375,35647,22246,0,0,21265,12877,14085,3646,3585,283,0,0,0,0,35616,3723,4772,0,0,0,0,0
568,5418,569.5516221661369,99852,617,338,113,31,34634,17931,0.5264291150903337,289,165,20159,19723,16289,8403,12531,21338,35742,22344,0,0,21082,12868,14189,3664,3623,289,0,0,0,0,35657,3706,4774,0,0,0,0,0
569,5418,570.2795488699346,99852,596,331,113,31,34688,17961,0.5272703601329969,279,156,20155,19711,16259,8392,12596,21377,35836,22442,0,0,20946,12834,14281,3664,3650,292,0,0,0,0,35716,3684,4785,0,0,0,0,0
570,5418,571.0078028137584,99852,573,325,113,31,34736,17989,0.5280314866001683,265,148,20157,19698,16247,8383,12643,21413,35929,22539,0,0,20793,12817,14362,3659,3671,296,0,0,0,0,35790,3667,4797,0,0,0,0,0
571,5418,572.4654913114197,99852,540,325,113,31,34819,18046,0.5294335616712735,251,139,20190,19746,16232,8380,12672,21377,36021,22636,0,0,20639,12797,14458,3662,3710,304,0,0,0,0,35833,3645,4804,0,0,0,0,0
572,5418,573.1933703998359,99851,524,326,114,31,34871,18072,0.5302200278414838,234,134,20198,19746,16204,8361,12724,21400,36112,22732,0,0,20508,12764,14544,3653,3738,306,0,0,0,0,35898,3626,4814,0,0,0,0,0
573,5418,574.6497316425126,99851,523,311,114,31,34954,18125,0.5315820572653254,234,123,20242,19805,16157,8354,12728,21374,36202,22828,0,0,20369,12743,14650,3655,3771,311,0,0,0,0,35930,3598,4824,0,0,0,0,0
574,5418,575.376397474247,99849,516,307,116,31,34999,18144,0.5322336728459974,227,126,20256,19825,16106,8325,12777,21384,36291,22923,0,0,20262,12690,14733,3650,3796,315,0,0,0,0,35990,3579,4834,0,0,0,0,0
575,5418,576.1030876109791,99848,491,299,117,31,35036,18166,0.5328299014502043,232,124,20251,19818,16089,8309,12818,21417,36379,23018,0,0,20146,12641,14809,3649,3829,318,0,0,0,0,36051,3562,4843,0,0,0,0,0
576,5418,577.5560358652356,99848,458,287,117,31,35114,18205,0.5340016825574874,234,124,20280,19892,16071,8280,12838,21384,36466,23112,0,0,19996,12624,14907,3660,3859,322,0,0,0,0,36090,3535,4855,0,0,0,0,0
577,5418,578.2807871922357,99847,438,272,117,32,35152,18222,0.5345578735465262,220,126,20276,19886,16053,8268,12894,21414,36552,23205,0,0,19881,12576,14989,3655,3885,328,0,0,0,0,36152,3519,4862,0,0,0,0,0
578,5418,579.0067164701512,99847,427,281,117,32,35187,18257,0.5352589461876671,207,100,20284,19897,16015,8246,12948,21442,36638,23298,0,0,19767,12535,15056,3654,3908,333,0,0,0,0,36225,3497,4872,0,0,0,0,0
579,5418,580.4594484127725,99847,429,251,117,32,35266,18296,0.5364407543541618,171,94,20347,19963,15971,8242,12963,21416,36723,23390,0,0,19632,12504,15156,3659,3937,340,0,0,0,0,36262,3481,4876,0,0,0,0,0
580,5418,581.1838520807889,99847,429,245,117,32,35302,18311,0.5369515358498502,162,97,20336,19973,15936,8219,13018,21432,36807,23482,0,0,19530,12452,15233,3653,3954,346,0,0,0,0,36328,3467,4884,0,0,0,0,0
581,5418,582.6332901179,99847,416,223,117,32,35361,18352,0.5379530681943373,158,83,20367,20030,15890,8222,13050,21408,36890,23573,0,0,19416,12405,15337,3664,3977,353,0,0,0,0,36353,3446,4896,0,0,0,0,0
582,5418,583.3571785348463,99847,399,209,117,32,35385,18365,0.5383236351617976,150,81,20370,20029,15855,8217,13107,21430,36972,23664,0,0,19291,12386,15390,3658,4000,356,0,0,0,0,36433,3423,4910,0,0,0,0,0
583,5418,584.0813036161543,99847,380,201,117,32,35407,18380,0.5386942021292578,158,77,20365,20044,15820,8186,13158,21458,37053,23754,0,0,19187,12341,15462,3658,4018,359,0,0,0,0,36496,3402,4924,0,0,0,0,0
584,5418,585.5301884812637,99847,340,184,117,32,35446,18404,0.5393251675062846,175,82,20433,20105,15752,8167,13181,21428,37134,23844,0,0,19062,12308,15541,3657,4050,367,0,0,0,0,36550,3388,4924,0,0,0,0,0
585,5418,586.2527252653888,99847,325,185,117,32,35472,18422,0.5397658417378589,174,74,20449,20110,15704,8143,13229,21454,37214,23933,0,0,18957,12268,15603,3648,4075,370,0,0,0,0,36619,3373,4934,0,0,0,0,0
586,5418,587.6972011259732,99847,311,167,117,32,35533,18452,0.5406772361713421,155,74,20498,20182,15664,8131,13253,21412,37293,24022,0,0,18828,12249,15685,3642,4111,373,0,0,0,0,36664,3357,4938,0,0,0,0,0
587,5418,588.4172913351008,99847,299,160,117,32,35550,18464,0.5409676805512434,160,77,20497,20180,15621,8113,13304,21436,37371,24110,0,0,18725,12201,15749,3638,4131,374,0,0,0,0,36736,3347,4946,0,0,0,0,0
588,5418,589.137920777785,99847,288,148,117,32,35573,18474,0.5412981862249241,161,74,20519,20214,15556,8091,13357,21439,37448,24198,0,0,18624,12159,15815,3630,4154,377,0,0,0,0,36805,3330,4953,0,0,0,0,0
589,5418,590.5787787598379,99846,298,149,118,32,35631,18505,0.5421949802696152,135,57,20586,20309,15492,8061,13369,21390,37525,24285,0,0,18521,12122,15883,3623,4185,378,0,0,0,0,36857,3311,4966,0,0,0,0,0
590,5418,591.2972622281987,99846,289,140,118,32,35657,18519,0.5425955972197184,131,50,20586,20321,15453,8038,13421,21417,37601,24372,0,0,18419,12089,15947,3620,4202,380,0,0,0,0,36917,3288,4984,0,0,0,0,0
591,5418,592.0151780884041,99846,287,136,118,32,35682,18528,0.5429361216273061,125,52,20596,20333,15398,8008,13474,21437,37676,24458,0,0,18326,12039,16020,3616,4213,382,0,0,0,0,36981,3274,4995,0,0,0,0,0
592,5418,593.451054825193,99846,277,120,118,32,35728,18545,0.5435670933237186,122,63,20685,20420,15318,7969,13478,21394,37750,24544,0,0,18237,11995,16096,3607,4252,383,0,0,0,0,37015,3254,5007,0,0,0,0,0
593,5418,594.1661801620922,99846,276,127,118,32,35748,18562,0.5439376640025639,119,58,20695,20442,15258,7935,13532,21404,37824,24629,0,0,18143,11946,16155,3606,4263,385,0,0,0,0,37091,3240,5017,0,0,0,0,0
594,5418,595.5955266563438,99846,248,118,118,32,35784,18579,0.5444684814614507,118,56,20769,20536,15206,7894,13539,21362,37897,24714,0,0,18048,11898,16233,3607,4288,390,0,0,0,0,37133,3223,5026,0,0,0,0,0
595,5418,596.3081067175392,99846,234,110,118,32,35802,18588,0.5447388979027703,111,53,20794,20563,15164,7857,13577,21383,37969,24798,0,0,17954,11851,16296,3605,4302,396,0,0,0,0,37197,3215,5030,0,0,0,0,0
596,5418,597.020340922089,99846,240,108,118,32,35832,18598,0.5451395148528734,92,52,20806,20554,15120,7841,13622,21411,38040,24882,0,0,17856,11817,16342,3595,4322,398,0,0,0,0,37275,3200,5041,0,0,0,0,0
597,5418,598.4431941110563,99846,240,118,118,32,35876,18624,0.545840594515554,68,45,20857,20625,15073,7800,13642,21378,38111,24965,0,0,17762,11783,16399,3585,4349,400,0,0,0,0,37332,3182,5054,0,0,0,0,0
598,5418,599.1527469768693,99846,231,115,118,32,35893,18633,0.546100995533121,69,50,20856,20651,15030,7772,13694,21378,38181,25048,0,0,17674,11738,16459,3578,4366,402,0,0,0,0,37397,3171,5061,0,0,0,0,0
599,5418,600.572206623442,99846,204,108,118,32,35910,18648,0.5464214890932035,83,50,20923,20722,14969,7742,13701,21344,38250,25130,0,0,17571,11712,16519,3571,4392,403,0,0,0,0,37455,3157,5066,0,0,0,0,0
600,5418,601.2800156867596,99846,196,99,118,32,35923,18653,0.54660176672075,86,52,20928,20734,14922,7715,13748,21366,38319,25212,0,0,17480,11671,16572,3560,4413,404,0,0,0,0,37524,3148,5074,0,0,0,0,0
601,5418,602.6952071613503,99846,194,95,118,32,35956,18674,0.5471425996033892,75,41,21017,20819,14839,7687,13755,21324,38387,25293,0,0,17391,11632,16637,3555,4431,408,0,0,0,0,37575,3131,5086,0,0,0,0,0
602,5418,603.4006249651502,99846,191,93,118,32,35969,18681,0.5473429080784408,75,44,21042,20839,14776,7661,13796,21329,38454,25374,0,0,17305,11597,16687,3546,4444,410,0,0,0,0,37643,3114,5100,0,0,0,0,0
603,5418,604.1053177167422,99846,190,92,118,32,35987,18691,0.547623339943513,68,44,21041,20862,14742,7636,13839,21332,38521,25454,0,0,17211,11562,16729,3548,4453,411,0,0,0,0,37721,3093,5118,0,0,0,0,0
604,5418,605.5131653329505,99846,188,83,118,32,36008,18709,0.5480139414698636,65,36,21105,20955,14675,7611,13847,21281,38587,25534,0,0,17124,11521,16800,3541,4467,414,0,0,0,0,37771,3082,5126,0,0,0,0,0
605,5418,606.2153266927836,99846,184,88,118,32,36026,18720,0.5483043887586884,60,32,21115,20966,14628,7591,13893,21289,38652,25613,0,0,17034,11491,16849,3527,4482,417,0,0,0,0,37838,3074,5134,0,0,0,0,0
606,5418,607.6189169865291,99845,162,76,118,33,36045,18729,0.5485903149882317,66,37,21179,21033,14568,7571,13905,21248,38717,25692,0,0,16943,11450,16915,3525,4499,419,0,0,0,0,37888,3062,5144,0,0,0,0,0
607,5418,608.318671375602,99845,154,73,118,33,36054,18734,0.5487305323251039,73,39,21193,21050,14515,7544,13945,21259,38781,25770,0,0,16857,11415,16960,3514,4514,423,0,0,0,0,37959,3054,5149,0,0,0,0,0
608,5418,609.0183642652732,99845,160,74,118,33,36074,18742,0.5490109669988482,69,39,21195,21080,14463,7509,13993,21263,38844,25848,0,0,16790,11356,17034,3509,4520,424,0,0,0,0,38009,3044,5159,0,0,0,0,0
609,5418,610.4167726893537,99845,144,72,118,33,36095,18761,0.54941158796134,69,34,21264,21150,14402,7485,14001,21224,38907,25925,0,0,16710,11315,17089,3499,4547,429,0,0,0,0,38059,3034,5163,0,0,0,0,0
610,5418,611.1141820223176,99845,144,73,118,33,36105,18765,0.5495518052982122,64,36,21277,21164,14345,7459,14050,21233,38969,26002,0,0,16634,11275,17133,3484,4563,432,0,0,0,0,38128,3027,5169,0,0,0,0,0
611,5418,612.5078533664974,99845,121,77,118,33,36124,18781,0.5499023486403926,65,32,21372,21242,14272,7417,14050,21197,39031,26078,0,0,16548,11240,17198,3479,4577,435,0,0,0,0,38176,3015,5177,0,0,0,0,0
612,5418,613.2020986491016,99845,125,71,118,33,36135,18783,0.5500325504532024,59,32,21385,21264,14214,7394,14097,21204,39092,26154,0,0,16479,11191,17250,3472,4589,436,0,0,0,0,38236,3004,5188,0,0,0,0,0
613,5418,614.5891167155554,99844,129,68,118,34,36156,18797,0.5503886062257121,55,22,21443,21348,14144,7365,14109,21161,39152,26229,0,0,16398,11161,17297,3463,4606,438,0,0,0,0,38293,2990,5198,0,0,0,0,0
614,5418,615.2811549209656,99844,125,68,118,34,36162,18803,0.5505087937182004,52,19,21458,21366,14094,7339,14151,21172,39212,26304,0,0,16322,11123,17341,3455,4616,440,0,0,0,0,38359,2978,5210,0,0,0,0,0
615,5418,616.2231563884199,99844,128,69,118,34,36167,18805,0.5505789030888185,51,19,21439,21347,14051,7321,14211,21208,39271,26379,0,0,16253,11084,17382,3441,4629,441,0,0,0,0,38426,2966,5222,0,0,0,0,0
616,5418,617.11642292374,99844,121,68,118,34,36178,18810,0.550739153078803,53,18,21482,21392,13993,7293,14231,21193,39330,26453,0,0,16171,11053,17427,3435,4638,443,0,0,0,0,38489,2955,5233,0,0,0,0,0
617,5418,618.0885256875018,99844,117,66,118,34,36185,18815,0.5508593405712913,52,18,21512,21438,13933,7261,14266,21181,39388,26527,0,0,16101,11019,17466,3418,4657,447,0,0,0,0,38550,2945,5241,0,0,0,0,0
618,5418,619.1347965646828,99844,110,63,118,34,36197,18820,0.5510296061856497,52,15,21567,21499,13867,7232,14284,21155,39445,26600,0,0,16025,10988,17511,3407,4676,448,0,0,0,0,38608,2934,5247,0,0,0,0,0
619,5418,620.4375794911805,99844,112,54,118,34,36214,18826,0.5512599655462521,47,16,21603,21573,13799,7200,14319,21121,39502,26673,0,0,15954,10949,17560,3400,4691,450,0,0,0,0,38659,2923,5258,0,0,0,0,0
620,5418,621.1433007909923,99844,103,54,118,34,36225,18831,0.5514202155362365,48,15,21635,21622,13744,7176,14350,21097,39558,26745,0,0,15883,10908,17606,3392,4708,452,0,0,0,0,38718,2915,5262,0,0,0,0,0
621,5418,622.0882157729152,99844,106,53,118,34,36240,18835,0.551610512399343,39,14,21689,21680,13671,7144,14375,21073,39614,26817,0,0,15818,10871,17650,3378,4725,455,0,0,0,0,38772,2906,5269,0,0,0,0,0
622,5418,623.1401736009744,99844,104,55,118,34,36248,18842,0.5517607467649533,37,13,21725,21723,13611,7122,14403,21051,39669,26888,0,0,15741,10836,17695,3373,4728,459,0,0,0,0,38837,2901,5274,0,0,0,0,0
623,5418,624.0122055249667,99844,94,47,118,34,36254,18843,0.5518308561355715,35,17,21763,21769,13578,7097,14410,21034,39724,26959,0,0,15666,10803,17740,3369,4738,461,0,0,0,0,38896,2888,5283,0,0,0,0,0
624,5418,625.158025249678,99844,88,43,118,34,36262,18848,0.5519610592524338,33,13,21788,21843,13530,7055,14441,21010,39778,27029,0,0,15598,10766,17787,3363,4749,462,0,0,0,0,38949,2874,5296,0,0,0,0,0
625,5418,626.6221352669162,99844,79,39,118,34,36271,18850,0.552071231120548,35,18,21880,21960,13472,7021,14414,20926,39832,27099,0,0,15526,10739,17826,3352,4764,464,0,0,0,0,39006,2859,5308,0,0,0,0,0
626,5418,627.1291115055977,99844,82,37,118,34,36280,18853,0.5521914186130363,28,16,21873,21956,13432,7005,14465,20950,39885,27169,0,0,15455,10704,17866,3347,4772,465,0,0,0,0,39070,2848,5317,0,0,0,0,0
627,5418,628.2066212428656,99844,80,40,118,34,36293,18860,0.5523917311005168,23,13,21952,22055,13353,6965,14472,20891,39938,27238,0,0,15389,10664,17910,3343,4782,466,0,0,0,0,39125,2836,5329,0,0,0,0,0
628,5418,629.462420237974,99844,83,38,118,34,36304,18863,0.5525319498417531,16,12,21987,22093,13307,6939,14487,20882,39990,27307,0,0,15321,10633,17946,3334,4795,467,0,0,0,0,39186,2823,5339,0,0,0,0,0
629,5418,630.0433132628137,99844,82,37,118,34,36316,18869,0.5527122310804855,41,43,22027,22134,13232,6901,14498,20849,40042,27375,0,0,15252,10600,17980,3323,4812,468,4,0,0,1,39244,2811,5349,0,0,0,0,0
630,5418,631.1830733842669,99844,84,43,118,34,36329,18879,0.5529425904410881,40,43,22088,22207,13173,6863,14495,20808,40093,27443,0,0,15194,10567,18009,3312,4824,473,5,0,0,7,39295,2796,5362,0,0,0,0,0
631,5418,632.3196206431699,99844,86,47,118,34,36342,18890,0.5531829654260647,40,43,22120,22277,13113,6826,14521,20771,40144,27510,0,0,15129,10533,18040,3306,4832,476,8,0,0,16,39348,2782,5374,0,0,0,0,0
632,5418,633.4541926621079,99844,87,51,118,34,36354,18905,0.5534533872841633,44,39,22178,22340,13044,6795,14527,20739,40194,27577,0,0,15064,10501,18067,3298,4843,479,9,0,0,30,39398,2771,5384,0,0,0,0,0
633,5418,634.0201013622484,99844,86,55,118,34,36359,18911,0.5535635591522775,47,36,22185,22360,12994,6776,14568,20737,40244,27644,0,0,15002,10464,18101,3284,4860,479,12,0,0,32,39455,2764,5391,0,0,0,0,0
634,5418,635.1514958202409,99844,89,56,118,34,36372,18921,0.5537939185128801,55,38,22253,22422,12909,6739,14574,20709,40293,27710,0,0,14947,10424,18139,3274,4872,481,16,0,0,42,39496,2751,5402,0,0,0,0,0
635,5418,636.2793887686588,99844,87,52,118,34,36392,18926,0.5540443091222307,54,43,22300,22479,12855,6705,14584,20685,40342,27776,0,0,14877,10379,18172,3275,4883,484,19,0,0,52,39553,2747,5403,0,0,0,0,0
636,5418,637.4047018923518,99844,92,63,118,34,36409,18945,0.5544048715996955,53,33,22356,22518,12781,6675,14598,20675,40390,27841,0,0,14823,10340,18207,3266,4897,487,23,0,0,58,39597,2733,5413,0,0,0,0,0
637,5418,638.5270123350126,99843,95,61,118,35,36423,18954,0.5546407860340735,53,29,22413,22592,12707,6650,14612,20631,40438,27906,0,0,14751,10308,18234,3258,4909,489,28,0,0,67,39654,2727,5418,0,0,0,0,0
638,5418,639.0868475969959,99843,100,60,118,35,36434,18958,0.5547910219043899,46,30,22421,22602,12663,6637,14650,20634,40485,27970,0,0,14683,10278,18263,3252,4915,491,33,0,0,70,39714,2716,5428,0,0,0,0,0
639,5418,640.2061378608676,99843,101,61,118,35,36449,18966,0.5550213835722083,53,35,22471,22657,12613,6602,14642,20608,40532,28034,0,0,14632,10237,18300,3240,4931,492,36,0,0,80,39752,2705,5438,0,0,0,0,0
640,5418,641.3227947547082,99843,97,55,118,35,36464,18975,0.5552617609647146,59,32,22531,22714,12546,6587,14647,20575,40578,28098,0,0,14579,10192,18332,3244,4940,495,40,0,0,93,39788,2687,5453,0,0,0,0,0
641,5418,642.4366858859319,99843,94,45,118,35,36473,18979,0.5553919653856555,62,42,22574,22773,12492,6559,14658,20544,40624,28161,0,0,14524,10154,18364,3232,4955,501,43,0,0,103,39830,2682,5455,0,0,0,0,0
642,5418,643.5480922438505,99843,104,54,118,35,36500,18993,0.5558026100978536,48,39,22627,22840,12439,6529,14662,20501,40670,28224,0,0,14463,10117,18394,3226,4970,501,49,0,0,108,39880,2670,5465,0,0,0,0,0
643,5418,644.102774346975,99843,100,51,118,35,36505,18996,0.5558827358953558,51,40,22639,22857,12405,6507,14685,20508,40715,28286,0,0,14409,10085,18423,3217,4984,501,51,0,0,116,39924,2656,5477,0,0,0,0,0
644,5418,645.2113070856645,99843,99,52,118,35,36523,19005,0.5561531604619252,49,39,22688,22920,12355,6474,14689,20478,40760,28348,0,0,14359,10046,18455,3207,4996,508,55,0,0,126,39960,2647,5484,0,0,0,0,0
645,5418,646.3173839915133,99843,95,52,118,35,36533,19014,0.5563434592309927,56,42,22728,22982,12304,6445,14697,20442,40804,28410,0,0,14311,10006,18485,3203,5012,510,57,0,0,133,39999,2633,5494,0,0,0,0,0
646,5418,647.4213583589182,99843,98,52,118,35,36552,19025,0.5566439309716255,53,42,22769,23039,12260,6428,14700,20402,40848,28471,0,0,14256,9973,18512,3192,5029,513,62,0,0,143,40039,2622,5502,0,0,0,0,0
647,5418,648.5232116503047,99843,85,50,118,35,36565,19032,0.5568442454653807,58,44,22819,23120,12216,6397,14702,20352,40891,28532,0,0,14198,9938,18537,3186,5046,516,70,0,0,152,40080,2609,5511,0,0,0,0,0
648,5418,649.0730416063607,99843,81,52,118,35,36570,19038,0.556954418436946,58,43,22828,23127,12171,6380,14742,20361,40934,28592,0,0,14137,9905,18568,3178,5053,519,75,0,0,156,40132,2604,5516,0,0,0,0,0
649,5418,650.1724355605543,99843,76,58,118,35,36582,19053,0.5572248430035155,58,37,22899,23187,12116,6350,14731,20331,40977,28652,0,0,14087,9867,18604,3168,5066,521,80,0,0,169,40164,2593,5524,0,0,0,0,0
650,5418,651.2684904973141,99843,87,54,118,35,36602,19059,0.5574852518453973,54,39,22950,23238,12064,6322,14725,20310,41019,28712,0,0,14032,9836,18629,3155,5085,522,84,0,0,176,40208,2586,5530,0,0,0,0,0
651,5418,652.3620585965709,99843,90,61,118,35,36616,19075,0.5577857235860301,52,29,22996,23310,12017,6300,14725,20263,41061,28771,0,0,13975,9802,18658,3152,5093,523,87,0,0,187,40251,2577,5538,0,0,0,0,0
652,5418,653.453099988187,99843,92,63,118,35,36634,19079,0.5580060695291608,49,34,23042,23386,11978,6277,14719,20203,41102,28830,0,0,13917,9772,18682,3146,5102,526,89,0,0,194,40300,2569,5546,0,0,0,0,0
653,5418,654.5420742317012,99843,87,63,118,35,36644,19090,0.5582163997476037,55,33,23074,23428,11940,6263,14724,20176,41143,28888,0,0,13856,9745,18706,3140,5111,527,92,0,0,212,40340,2562,5552,0,0,0,0,0
654,5418,655.0854446389927,99843,85,63,118,35,36649,19094,0.5583065412697936,58,31,23095,23456,11899,6247,14743,20166,41184,28946,0,0,13806,9710,18739,3132,5121,528,94,0,0,218,40382,2555,5558,0,0,0,0,0
655,5418,656.1723535477701,99843,75,61,118,35,36661,19100,0.5584868243141733,58,31,23159,23533,11851,6224,14737,20114,41224,29004,0,0,13757,9677,18760,3123,5145,529,100,0,0,226,40417,2543,5566,0,0,0,0,0
656,5418,657.2559583786342,99843,77,60,118,35,36675,19107,0.5586971545326163,61,33,23205,23598,11794,6191,14743,20081,41264,29061,0,0,13700,9652,18782,3113,5158,531,106,0,0,235,40459,2534,5573,0,0,0,0,0
657,5418,658.3372421655976,99843,87,59,118,35,36692,19117,0.5589675790991857,59,29,23245,23662,11745,6165,14744,20048,41304,29118,0,0,13655,9613,18817,3106,5171,532,108,0,0,243,40494,2526,5578,0,0,0,0,0
658,5418,659.4165926461172,99843,101,58,118,35,36711,19124,0.5592279879410674,59,29,23277,23733,11695,6144,14748,19999,41343,29175,0,0,13604,9586,18838,3096,5185,534,110,0,0,247,40539,2517,5587,0,0,0,0,0
659,5418,660.4942832266438,99843,96,55,118,35,36729,19134,0.5595084282323247,67,28,23334,23801,11647,6116,14736,19963,41382,29231,0,0,13552,9546,18865,3097,5197,536,118,0,0,257,40573,2504,5598,0,0,0,0,0
660,5418,661.031890257468,99843,97,60,118,35,36737,19142,0.5596686798273289,69,23,23350,23809,11607,6103,14757,19968,41420,29287,0,0,13505,9513,18896,3089,5206,537,119,0,0,263,40613,2497,5605,0,0,0,0,0
661,5418,662.1065997181321,99843,93,56,118,35,36753,19146,0.5598689943210841,65,33,23404,23886,11573,6069,14745,19919,41458,29343,0,0,13449,9477,18925,3090,5213,541,124,0,0,271,40656,2490,5607,0,0,0,0,0
662,5418,663.1786305451593,99843,104,54,118,35,36778,19155,0.5602095289604679,54,28,23458,23950,11518,6052,14746,19879,41496,29398,0,0,13396,9450,18946,3084,5224,544,129,0,0,281,40694,2479,5616,0,0,0,0,0
663,5418,664.2484068425929,99843,106,57,118,35,36798,19161,0.5604699378023497,49,31,23495,24015,11485,6029,14745,19831,41533,29453,0,0,13341,9423,18965,3083,5232,547,134,0,0,286,40739,2467,5626,0,0,0,0,0
664,5418,665.3160167209847,99843,99,56,118,35,36808,19167,0.5606301893973539,57,37,23549,24094,11437,6003,14738,19773,41570,29507,0,0,13292,9393,18988,3079,5243,548,139,0,0,297,40772,2455,5637,0,0,0,0,0
665,5418,666.3815467471334,99843,96,60,118,35,36821,19180,0.5608905982392356,64,35,23604,24147,11396,5979,14720,19742,41607,29561,0,0,13249,9352,19022,3075,5257,548,140,0,0,310,40801,2450,5639,0,0,0,0,0
666,5418,667.444662907552,99843,107,59,118,35,36843,19188,0.5611910699798683,53,33,23657,24207,11347,5958,14716,19706,41643,29615,0,0,13195,9328,19039,3070,5268,550,145,0,0,317,40843,2440,5648,0,0,0,0,0
667,5418,668.5051336670537,99843,111,60,118,35,36861,19199,0.5614815259958135,59,35,23697,24280,11304,5937,14709,19651,41679,29668,0,0,13148,9290,19070,3068,5279,550,150,0,0,327,40875,2433,5653,0,0,0,0,0
668,5418,669.0344688467823,99843,105,59,118,35,36868,19203,0.5615916989673788,67,34,23701,24302,11272,5920,14735,19648,41715,29721,0,0,13101,9258,19097,3065,5290,551,152,0,0,333,40914,2424,5658,0,0,0,0,0
669,5418,670.0928167477248,99843,112,62,118,35,36891,19213,0.5619222178820749,65,33,23753,24360,11221,5897,14729,19611,41750,29774,0,0,13051,9226,19119,3064,5300,554,154,0,0,341,40954,2419,5661,0,0,0,0,0
670,5418,671.1489747750858,99843,107,60,118,35,36910,19219,0.5621726109992689,58,33,23811,24406,11192,5881,14712,19583,41785,29826,0,0,13006,9191,19146,3060,5311,558,161,0,0,350,40983,2409,5668,0,0,0,0,0
671,5418,672.2025007752732,99842,113,61,118,36,36932,19230,0.5625087638468781,56,28,23838,24471,11160,5859,14713,19543,41820,29878,0,0,12954,9161,19167,3061,5317,563,165,0,0,357,41023,2402,5672,0,0,0,0,0
672,5418,673.2547442086759,99842,111,55,118,36,36944,19235,0.5626790328719377,60,33,23898,24523,11113,5840,14698,19511,41854,29930,0,0,12906,9129,19190,3058,5330,563,169,0,0,368,41056,2395,5678,0,0,0,0,0
673,5418,674.3045818313093,99842,102,57,118,36,36953,19242,0.5628392860719937,79,34,23958,24591,11070,5810,14671,19470,41888,29981,0,0,12859,9100,19209,3057,5341,566,172,0,0,373,41095,2385,5685,0,0,0,0,0
674,5418,675.3513703180419,99842,100,60,118,36,36969,19256,0.5631397608220989,77,27,24000,24628,11032,5797,14671,19450,41922,30032,0,0,12810,9073,19228,3051,5355,568,178,0,0,383,41128,2377,5691,0,0,0,0,0
675,5418,676.3965347817193,99842,108,60,118,36,36988,19266,0.5634302197472005,85,27,24018,24690,11000,5784,14669,19401,41956,30083,0,0,12759,9042,19252,3047,5367,568,184,0,0,389,41167,2372,5695,0,0,0,0,0
676,5418,677.4403627481449,99842,104,58,118,36,37002,19274,0.5636505678972777,90,28,24067,24755,10953,5765,14666,19356,41989,30133,0,0,12710,9019,19269,3041,5379,572,188,0,0,402,41199,2366,5697,0,0,0,0,0
677,5418,678.4826779385317,99842,123,57,118,36,37032,19282,0.5640311692474109,74,36,24124,24782,10899,5756,14660,19331,42022,30183,0,0,12669,8989,19295,3037,5390,572,189,0,0,414,41227,2357,5703,0,0,0,0,0
678,5418,679.0026157157064,99842,118,60,118,36,37036,19285,0.5641012800224354,79,38,24143,24800,10860,5740,14680,19324,42055,30233,0,0,12626,8965,19316,3031,5397,575,188,0,0,417,41268,2349,5710,0,0,0,0,0
679,5418,680.0415687275832,99842,123,51,118,36,37053,19293,0.5643516756475231,76,40,24194,24863,10824,5721,14663,19287,42087,30282,0,0,12576,8946,19329,3024,5414,576,190,0,0,431,41302,2341,5713,0,0,0,0,0
680,5418,681.0780690154303,99842,124,51,118,36,37067,19303,0.5645920554476073,79,37,24220,24912,10784,5710,14673,19252,42119,30331,0,0,12532,8917,19350,3021,5427,576,190,0,0,443,41334,2335,5717,0,0,0,0,0
681,5418,682.1132736892002,99842,139,50,118,36,37098,19311,0.5649826726227439,68,39,24265,24965,10743,5689,14665,19219,42151,30380,0,0,12488,8889,19374,3013,5440,578,192,0,0,455,41364,2330,5719,0,0,0,0,0
682,5418,683.146509070176,99842,135,51,118,36,37115,19320,0.5652430840728351,75,40,24300,25017,10709,5678,14661,19176,42183,30428,0,0,12449,8854,19403,3011,5448,580,196,0,0,470,41384,2322,5725,0,0,0,0,0
683,5418,684.1781903705189,99842,137,52,118,36,37136,19327,0.5655235271729332,71,40,24363,25067,10668,5653,14641,19150,42214,30476,0,0,12404,8829,19421,3008,5458,584,198,0,0,480,41417,2316,5727,0,0,0,0,0
684,5418,685.2075445084075,99842,140,56,118,36,37160,19338,0.5658740810480559,71,37,24403,25138,10633,5627,14633,19104,42245,30524,0,0,12363,8802,19441,2997,5473,587,203,0,0,493,41440,2311,5732,0,0,0,0,0
685,5418,686.2350675648125,99842,132,54,118,36,37173,19345,0.566074397548126,92,38,24435,25186,10602,5614,14619,19070,42276,30571,0,0,12323,8772,19461,2994,5486,591,208,0,0,501,41467,2302,5737,0,0,0,0,0
686,5418,687.2609084830294,99842,138,58,118,36,37199,19355,0.5664349672482523,89,39,24473,25248,10572,5589,14608,19028,42306,30618,0,0,12279,8750,19472,2990,5498,596,212,0,0,508,41500,2295,5742,0,0,0,0,0
687,5418,688.2853211130853,99842,141,70,118,36,37221,19370,0.566805552773382,91,34,24507,25304,10543,5560,14598,18994,42336,30665,0,0,12242,8717,19499,2987,5509,598,217,0,0,514,41526,2287,5746,0,0,0,0,0
688,5418,689.3080327263488,99842,149,72,118,36,37246,19376,0.5671160433484906,90,38,24555,25344,10488,5541,14598,18967,42366,30712,0,0,12210,8693,19517,2981,5522,599,216,0,0,528,41545,2275,5756,0,0,0,0,0
689,5418,690.3289550125929,99842,152,76,118,36,37275,19385,0.5674966446986238,97,41,24587,25402,10457,5516,14587,18927,42396,30758,0,0,12170,8659,19539,2980,5537,600,221,0,0,538,41570,2269,5759,0,0,0,0,0
690,5418,691.3479143065439,99842,151,73,118,36,37297,19394,0.5678071352737325,103,50,24639,25455,10418,5503,14569,18881,42425,30804,0,0,12131,8632,19560,2968,5559,600,228,0,0,554,41586,2263,5761,0,0,0,0,0
691,5418,692.3649645971321,99842,159,73,118,36,37330,19401,0.5682077682738728,87,53,24668,25513,10397,5486,14569,18837,42454,30850,0,0,12086,8603,19578,2968,5571,602,235,0,0,563,41615,2255,5766,0,0,0,0,0
692,5418,693.3806530939717,99842,159,78,118,36,37354,19415,0.5685883696240059,91,56,24709,25578,10368,5465,14553,18785,42483,30895,0,0,12041,8575,19599,2966,5582,604,244,0,0,574,41640,2247,5770,0,0,0,0,0
693,5418,694.3947492114385,99842,162,79,118,36,37377,19432,0.5689890026241462,83,50,24740,25624,10345,5466,14550,18743,42512,30940,0,0,11999,8549,19617,2959,5598,604,248,0,0,595,41657,2242,5774,0,0,0,0,0
694,5418,695.4076149991158,99841,152,74,119,36,37398,19443,0.5693152111857854,87,53,24774,25679,10330,5463,14536,18693,42540,30985,0,0,11959,8520,19633,2960,5612,606,255,0,0,613,41671,2229,5783,0,0,0,0,0
695,5418,696.4190762989531,99841,141,79,119,36,37420,19457,0.5696757844973508,86,45,24810,25736,10305,5447,14537,18655,42568,31030,0,0,11919,8485,19650,2960,5631,606,260,0,0,631,41688,2226,5785,0,0,0,0,0
696,5418,697.4290888581297,99841,139,81,119,36,37441,19471,0.5700263418835949,90,48,24847,25784,10281,5430,14522,18619,42596,31074,0,0,11875,8465,19662,2955,5647,607,267,0,0,646,41710,2216,5791,0,0,0,0,0
697,5418,698.4377392390443,99841,143,80,119,36,37467,19478,0.5703568674191966,83,53,24892,25841,10253,5413,14508,18575,42624,31118,0,0,11837,8438,19680,2955,5657,609,271,0,0,659,41731,2206,5798,0,0,0,0,0
698,5418,699.4446871044374,99841,146,82,119,36,37483,19491,0.5706473292535131,83,54,24928,25895,10216,5398,14506,18533,42651,31162,0,0,11802,8417,19697,2945,5671,610,275,0,0,673,41748,2197,5806,0,0,0,0,0
699,5418,700.4499376901828,99841,152,84,119,36,37507,19502,0.5709978866397573,79,54,24973,25944,10182,5390,14493,18490,42678,31205,0,0,11769,8393,19715,2940,5686,611,278,0,0,685,41766,2186,5812,0,0,0,0,0
700,5418,701.4535162151113,99841,149,86,119,36,37528,19519,0.5713784918019651,84,48,25010,25997,10155,5376,14481,18455,42705,31248,0,0,11727,8371,19728,2935,5704,613,283,0,0,703,41785,2181,5811,0,0,0,0,0
701,5418,702.4553662855318,99841,149,87,119,36,37546,19529,0.5716589377109604,86,49,25055,26058,10121,5364,14468,18404,42732,31291,0,0,11687,8351,19744,2923,5720,615,290,0,0,714,41807,2175,5815,0,0,0,0,0
702,5418,703.4556956426442,99841,145,91,119,36,37562,19541,0.5719393836199558,80,45,25111,26114,10086,5350,14457,18362,42758,31334,0,0,11654,8332,19754,2911,5736,620,295,0,0,724,41825,2167,5823,0,0,0,0,0
703,5418,704.4539961726042,99841,145,96,119,36,37581,19555,0.5722699091555573,84,37,25148,26164,10065,5337,14437,18328,42784,31376,0,0,11611,8312,19769,2907,5744,625,300,0,0,734,41853,2162,5824,0,0,0,0,0
704,5418,705.450311200272,99841,147,91,119,36,37606,19564,0.5726104506164802,72,37,25190,26222,10039,5322,14431,18290,42810,31418,0,0,11574,8292,19773,2899,5768,627,301,0,0,749,41874,2157,5827,0,0,0,0,0
705,5418,706.4453761667654,99841,146,80,119,36,37622,19571,0.5728408168988692,76,40,25247,26285,9997,5313,14413,18244,42836,31460,0,0,11542,8260,19792,2897,5781,630,305,0,0,764,41887,2152,5831,0,0,0,0,0
706,5418,707.4383023738965,99841,143,73,119,36,37643,19581,0.5731513105838283,76,50,25282,26333,9967,5304,14411,18202,42862,31501,0,0,11506,8237,19804,2893,5796,635,308,0,0,782,41902,2146,5832,0,0,0,0,0
707,5418,708.4297644911807,99841,147,70,119,36,37668,19592,0.5735118838953936,66,51,25321,26381,9939,5290,14406,18170,42887,31542,0,0,11471,8210,19819,2884,5818,635,314,0,0,796,41917,2143,5834,0,0,0,0,0
708,5418,709.4195521166308,99841,130,66,119,36,37675,19602,0.5736821546258551,86,56,25366,26433,9910,5280,14387,18127,42912,31583,0,0,11435,8187,19833,2879,5832,637,321,0,0,813,41929,2133,5842,0,0,0,0,0
709,5418,710.4076281835094,99841,127,72,119,36,37700,19618,0.5740928075640268,87,47,25400,26479,9891,5271,14374,18093,42937,31624,0,0,11398,8167,19840,2877,5848,639,325,0,0,830,41945,2123,5849,0,0,0,0,0
710,5418,711.3942198992512,99841,122,73,119,36,37721,19631,0.5744333490249497,84,40,25449,26533,9870,5260,14354,18056,42962,31664,0,0,11360,8137,19854,2879,5863,640,330,0,0,844,41964,2119,5851,0,0,0,0,0
711,5418,712.379347856257,99840,119,80,119,37,37738,19645,0.5747495993589744,84,37,25483,26584,9851,5247,14342,18013,42986,31704,0,0,11326,8116,19867,2873,5879,641,332,0,0,855,41985,2113,5853,0,0,0,0,0
712,5418,713.3629837093554,99840,113,76,119,37,37757,19654,0.575030048076923,84,35,25518,26632,9845,5241,14319,17977,43010,31744,0,0,11284,8093,19881,2875,5894,641,339,0,0,868,42006,2105,5854,0,0,0,0,0
713,5418,714.3453431663766,99840,121,76,119,37,37782,19665,0.575390625,87,34,25565,26684,9804,5235,14302,17932,43034,31784,0,0,11251,8068,19898,2874,5903,644,343,0,0,880,42023,2098,5858,0,0,0,0,0
714,5418,715.326041066866,99840,125,73,119,37,37806,19673,0.5757111378205129,81,36,25619,26725,9775,5229,14279,17898,43058,31823,0,0,11218,8044,19909,2867,5924,644,349,0,0,891,42039,2093,5862,0,0,0,0,0
715,5418,716.3047284835934,99840,121,73,119,37,37824,19681,0.5759715544871795,82,40,25657,26773,9748,5215,14271,17860,43082,31862,0,0,11186,8023,19920,2860,5944,646,351,0,0,903,42057,2089,5861,0,0,0,0,0
716,5418,717.2818786953962,99840,141,70,119,37,37856,19691,0.5763922275641026,65,39,25701,26834,9708,5198,14264,17820,43105,31901,0,0,11155,7999,19934,2853,5962,646,358,0,0,909,42075,2081,5868,0,0,0,0,0
717,5418,718.2573631369665,99840,144,69,119,37,37878,19703,0.5767327724358975,62,37,25731,26891,9681,5190,14261,17774,43128,31940,0,0,11122,7976,19949,2846,5980,647,362,0,0,923,42090,2077,5868,0,0,0,0,0
718,5418,719.2316531053823,99840,149,69,119,37,37898,19712,0.5770232371794872,63,38,25771,26934,9646,5173,14250,17747,43151,31978,0,0,11096,7954,19966,2839,5992,649,363,0,0,936,42102,2069,5874,0,0,0,0,0
719,5418,720.2044671200449,99839,141,68,119,38,37910,19720,0.5772293392361703,69,42,25803,26982,9632,5160,14234,17708,43174,32016,0,0,11063,7935,19975,2837,6003,652,365,0,0,949,42119,2062,5879,0,0,0,0,0
720,5418,721.1758858841933,99839,137,67,119,38,37925,19725,0.5774296617554262,74,50,25848,27019,9606,5152,14214,17672,43197,32054,0,0,11028,7911,19991,2837,6013,655,370,0,0,956,42142,2058,5878,0,0,0,0,0
721,5418,722.1457281768533,99839,138,72,119,38,37940,19740,0.5777301455343102,83,40,25894,27082,9569,5137,14195,17629,43220,32092,0,0,10990,7893,20005,2831,6023,656,374,0,0,969,42162,2055,5881,0,0,0,0,0
722,5418,723.1137200278866,99839,137,76,119,38,37960,19754,0.5780706938170455,88,38,25909,27132,9551,5129,14194,17585,43242,32129,0,0,10962,7871,20017,2825,6042,657,376,0,0,983,42174,2050,5882,0,0,0,0,0
723,5418,724.0807458558637,99839,147,82,119,38,37986,19767,0.5784613227295946,77,33,25965,27174,9523,5120,14167,17551,43264,32166,0,0,10930,7852,20028,2823,6052,658,379,0,0,994,42192,2042,5889,0,0,0,0,0
724,5418,725.0461660337288,99839,148,76,119,38,38005,19773,0.5787117258786646,89,40,26002,27221,9484,5110,14156,17513,43286,32203,0,0,10896,7829,20045,2818,6062,661,386,0,0,1007,42206,2039,5890,0,0,0,0,0
725,5418,726.0099979839669,99839,148,73,119,38,38029,19778,0.5790021935315859,87,46,26048,27280,9449,5090,14147,17471,43308,32240,0,0,10858,7808,20055,2817,6071,665,393,0,0,1016,42228,2034,5894,0,0,0,0,0
726,5418,727.452343194805,99839,147,82,119,38,38060,19799,0.5795230320816515,90,40,26132,27365,9412,5068,14098,17405,43330,32276,0,0,10832,7777,20074,2821,6077,670,397,0,0,1037,42229,2027,5898,0,0,0,0,0
727,5418,728.4114981249966,99839,150,83,119,38,38079,19808,0.5798034836086099,88,39,26170,27405,9395,5062,14076,17371,43351,32312,0,0,10792,7763,20082,2816,6087,672,401,0,0,1047,42255,2024,5900,0,0,0,0,0
728,5418,729.3689162788955,99839,150,83,119,38,38100,19814,0.5800739190096055,88,40,26221,27462,9360,5052,14060,17323,43372,32348,0,0,10766,7743,20097,2807,6104,674,401,0,0,1058,42269,2019,5901,0,0,0,0,0
729,5418,730.3246391780463,99839,142,83,119,38,38122,19824,0.5803944350404151,84,35,26264,27514,9350,5037,14039,17291,43393,32384,0,0,10727,7723,20109,2808,6114,677,414,0,0,1069,42284,2009,5905,0,0,0,0,0
730,5418,731.2788415414949,99839,146,79,119,38,38141,19834,0.5806849026933363,92,41,26296,27560,9318,5027,14027,17253,43414,32420,0,0,10699,7696,20127,2804,6128,677,419,0,0,1083,42293,2006,5907,0,0,0,0,0
731,5418,732.2318375729727,99839,139,80,119,38,38160,19843,0.5809653542202947,92,41,26321,27618,9315,5004,14012,17217,43435,32455,0,0,10674,7672,20139,2799,6145,680,420,0,0,1096,42304,2001,5909,0,0,0,0,0
732,5418,733.1838378571535,99839,149,77,119,38,38180,19852,0.5812558218732159,90,46,26364,27650,9280,4998,13996,17189,43456,32490,0,0,10644,7655,20153,2795,6153,680,421,0,0,1113,42316,1995,5914,0,0,0,0,0
733,5418,734.1344214802378,99839,149,72,119,38,38204,19863,0.5816063862819139,90,43,26406,27681,9254,5004,13980,17160,43476,32525,0,0,10614,7629,20165,2797,6167,681,423,0,0,1133,42324,1992,5914,0,0,0,0,0
734,5418,735.0834880872746,99839,141,81,119,38,38218,19875,0.5818668055569467,101,42,26445,27738,9229,4984,13963,17115,43496,32560,0,0,10586,7608,20178,2794,6177,683,426,0,0,1144,42338,1986,5919,0,0,0,0,0
735,5418,736.031021138733,99839,146,82,119,38,38244,19886,0.5822374022175703,99,39,26463,27793,9215,4968,13956,17078,43516,32594,0,0,10559,7591,20189,2785,6195,685,432,0,0,1154,42349,1978,5922,0,0,0,0,0
736,5418,737.4503218093602,99839,160,76,119,38,38287,19897,0.5827782730195615,84,45,26552,27865,9189,4963,13894,17011,43536,32628,0,0,10522,7569,20202,2785,6206,685,439,0,0,1179,42354,1974,5924,0,0,0,0,0
737,5418,738.3941138957766,99839,153,70,119,38,38302,19905,0.5830086439167059,88,49,26595,27897,9165,4971,13878,16973,43556,32662,0,0,10483,7554,20211,2787,6213,687,442,0,0,1198,42371,1969,5924,0,0,0,0,0
738,5418,739.3361987418531,99839,155,71,119,38,38323,19913,0.5832991115696271,87,48,26643,27930,9138,4964,13856,16947,43576,32696,0,0,10458,7534,20224,2781,6223,692,445,0,0,1209,42382,1965,5926,0,0,0,0,0
739,5418,740.2766651916914,99839,156,79,119,38,38340,19929,0.5836296437263995,92,45,26672,27974,9115,4948,13844,16914,43595,32730,0,0,10427,7511,20242,2779,6229,694,450,0,0,1220,42397,1963,5927,0,0,0,0,0
740,5418,741.2158825183283,99839,155,81,119,38,38358,19938,0.583900079127395,94,43,26708,28018,9098,4929,13824,16889,43614,32763,0,0,10407,7485,20259,2777,6240,696,453,0,0,1230,42404,1957,5931,0,0,0,0,0
741,5418,742.1539461754847,99839,157,85,119,38,38376,19953,0.5842306112841675,106,42,26744,28060,9070,4921,13802,16852,43633,32796,0,0,10380,7462,20273,2780,6249,697,454,0,0,1240,42419,1950,5935,0,0,0,0,0
742,5418,743.0905665992988,99839,155,81,119,38,38393,19962,0.5844910305592003,104,47,26784,28099,9049,4915,13787,16818,43652,32829,0,0,10349,7443,20287,2776,6258,701,458,0,0,1254,42432,1947,5934,0,0,0,0,0
743,5418,744.0255954016242,99839,156,75,119,38,38416,19972,0.5848215627159727,99,48,26838,28144,9023,4915,13763,16778,43671,32862,0,0,10319,7424,20291,2778,6273,704,459,0,0,1267,42446,1942,5936,0,0,0,0,0
744,5418,745.4254654377155,99839,158,72,119,38,38451,19986,0.5853123528881499,91,47,26902,28209,9007,4911,13721,16721,43690,32895,0,0,10294,7399,20292,2782,6301,705,461,0,0,1280,42455,1934,5936,0,0,0,0,0
745,5418,746.3567992222513,99839,147,76,119,38,38465,19997,0.58556275603722,88,40,26941,28260,8992,4893,13711,16691,43709,32927,0,0,10267,7381,20303,2781,6308,709,464,0,0,1296,42463,1927,5940,0,0,0,0,0
746,5418,747.2869577384689,99839,144,78,119,38,38485,20007,0.5858632398161039,83,40,26977,28312,8974,4891,13701,16639,43727,32959,0,0,10247,7353,20322,2780,6321,710,468,0,0,1307,42467,1921,5943,0,0,0,0,0
747,5418,748.2159301322534,99839,133,78,119,38,38497,20018,0.5860936107132483,84,44,27017,28354,8953,4880,13692,16604,43745,32991,0,0,10222,7337,20326,2772,6340,714,470,0,0,1320,42477,1918,5943,0,0,0,0,0
748,5418,749.1436886971387,99838,138,74,120,38,38527,20029,0.5865101464372283,77,42,27055,28397,8932,4877,13676,16570,43763,33023,0,0,10193,7314,20339,2769,6352,717,475,0,0,1339,42481,1917,5942,0,0,0,0,0
749,5418,750.0700282010787,99838,143,78,120,38,38552,20040,0.5868707305835453,73,41,27093,28455,8907,4858,13662,16528,43781,33055,0,0,10166,7295,20350,2764,6364,719,478,0,0,1351,42493,1915,5943,0,0,0,0,0
750,5418,751.4568777071313,99838,141,71,120,38,38580,20050,0.5872513471824355,75,40,27159,28552,8888,4840,13615,16457,43799,33086,0,0,10137,7271,20359,2771,6372,723,482,0,0,1370,42498,1908,5947,0,0,0,0,0
751,5418,752.379600470947,99837,133,75,121,38,38597,20060,0.5875276701022667,81,45,27186,28588,8882,4830,13595,16422,43817,33117,0,0,10108,7251,20369,2770,6382,726,489,0,0,1378,42511,1903,5950,0,0,0,0,0
752,5418,753.3013379684994,99837,130,76,121,38,38613,20068,0.5877680619409638,82,44,27218,28627,8862,4826,13585,16387,43835,33148,0,0,10079,7239,20374,2766,6395,728,490,0,0,1388,42528,1897,5953,0,0,0,0,0
753,5418,754.2220946176908,99837,139,80,121,38,38632,20078,0.5880585354127227,75,45,27240,28659,8843,4818,13580,16358,43852,33179,0,0,10053,7222,20387,2761,6404,729,492,0,0,1396,42543,1896,5954,0,0,0,0,0
754,5418,755.1418675160339,99837,136,83,121,38,38647,20088,0.5883089435780322,76,44,27279,28701,8821,4814,13565,16318,43869,33210,0,0,10025,7208,20392,2761,6417,731,492,0,0,1403,42563,1890,5955,0,0,0,0,0
755,5418,756.0604921920313,99836,133,81,121,39,38664,20097,0.5885752634320285,78,47,27320,28742,8795,4805,13551,16284,43886,33240,0,0,9995,7196,20392,2760,6431,731,493,0,0,1418,42576,1884,5960,0,0,0,0,0
756,5418,757.4359584514233,99836,135,79,121,39,38698,20116,0.5891061340598581,61,38,27374,28807,8783,4807,13524,16228,43903,33270,0,0,9970,7181,20388,2754,6457,733,498,0,0,1440,42573,1877,5965,0,0,0,0,0
757,5418,758.3515330856666,99836,142,79,121,39,38716,20126,0.5893865940141833,67,40,27388,28864,8769,4798,13511,16178,43920,33300,0,0,9944,7163,20403,2750,6466,734,501,0,0,1452,42584,1876,5963,0,0,0,0,0
758,5418,759.2665087322221,99836,139,83,121,39,38735,20139,0.5897071196762691,61,35,27406,28915,8759,4792,13512,16134,43937,33330,0,0,9921,7144,20414,2747,6478,736,504,0,0,1467,42589,1871,5965,0,0,0,0,0
759,5418,760.1808613794958,99836,135,83,121,39,38747,20150,0.5899374974958933,64,34,27444,28959,8731,4781,13503,16102,43954,33360,0,0,9894,7129,20421,2746,6490,738,504,0,0,1478,42603,1868,5965,0,0,0,0,0
760,5418,761.0940476576325,99835,130,82,122,39,38762,20159,0.5901838032754044,59,29,27487,29014,8712,4774,13488,16060,43970,33389,0,0,9872,7107,20433,2747,6498,739,506,0,0,1492,42609,1863,5969,0,0,0,0,0
761,5418,762.0061569129094,99835,127,83,122,39,38770,20169,0.5903641007662643,66,29,27528,29055,8684,4760,13471,16032,43986,33418,0,0,9856,7092,20443,2741,6510,742,506,0,0,1501,42615,1858,5971,0,0,0,0,0
762,5418,763.3715819222666,99835,121,74,122,39,38793,20183,0.5907347122752542,74,31,27594,29125,8658,4758,13429,15971,44002,33447,0,0,9827,7074,20447,2744,6523,744,512,0,0,1528,42611,1852,5973,0,0,0,0,0
763,5418,764.2799767538935,99835,113,76,122,39,38809,20190,0.5909650924024641,69,31,27635,29159,8648,4749,13411,15944,44018,33476,0,0,9797,7055,20462,2743,6532,745,519,0,0,1538,42623,1849,5972,0,0,0,0,0
764,5418,765.1871813891172,99835,125,80,122,39,38832,20206,0.5913557369659939,62,22,27676,29201,8621,4746,13392,15910,44034,33505,0,0,9772,7046,20466,2739,6541,748,518,0,0,1554,42633,1846,5972,0,0,0,0,0
765,5418,766.0929961469348,99834,122,83,122,40,38841,20211,0.5915018931426167,69,24,27713,29245,8597,4734,13375,15872,44050,33534,0,0,9750,7034,20474,2736,6544,753,517,0,0,1561,42648,1842,5975,0,0,0,0,0
766,5418,767.4490984819705,99834,124,70,122,40,38867,20215,0.5918023919706713,61,32,27789,29322,8572,4727,13330,15807,44066,33562,0,0,9722,7018,20476,2737,6563,754,520,0,0,1574,42658,1837,5975,0,0,0,0,0
767,5418,768.3512764445364,99834,118,72,122,40,38882,20224,0.592042791033115,64,31,27807,29364,8562,4718,13325,15773,44082,33590,0,0,9699,6999,20485,2734,6576,757,521,0,0,1582,42671,1835,5975,0,0,0,0,0
768,5418,769.2526943444185,99833,121,69,122,41,38899,20227,0.592249055923392,66,31,27854,29418,8531,4707,13304,15732,44097,33618,0,0,9679,6983,20493,2733,6586,759,524,0,0,1585,42683,1827,5981,0,0,0,0,0
769,5418,770.1528719359119,99833,106,69,122,41,38908,20235,0.5924193402982981,66,28,27895,29472,8522,4701,13287,15687,44112,33646,0,0,9651,6967,20502,2736,6594,761,527,0,0,1599,42694,1822,5980,0,0,0,0,0
770,5418,771.0518546707251,99833,108,68,122,41,38921,20243,0.5926296915849468,71,28,27929,29524,8490,4690,13278,15647,44127,33674,0,0,9629,6951,20512,2734,6601,763,526,0,0,1611,42705,1820,5981,0,0,0,0,0
771,5418,772.3980848220978,99833,104,69,122,41,38946,20250,0.5929502268788878,69,31,27989,29587,8472,4674,13242,15596,44142,33702,0,0,9610,6930,20522,2730,6617,763,531,0,0,1627,42703,1814,5986,0,0,0,0,0
772,5418,773.2940685509258,99833,108,65,122,41,38963,20255,0.5931705948934721,62,32,28019,29647,8450,4659,13237,15554,44157,33729,0,0,9591,6914,20533,2726,6624,765,532,0,0,1642,42706,1811,5989,0,0,0,0,0
773,5418,774.1890427141037,99833,116,68,122,41,38983,20262,0.5934410465477347,62,30,28059,29692,8417,4637,13222,15530,44172,33756,0,0,9572,6902,20540,2722,6634,767,532,0,0,1649,42718,1805,5992,0,0,0,0,0
774,5418,775.0827597384896,99833,121,64,122,41,39000,20267,0.593661414562319,60,30,28103,29742,8395,4628,13197,15493,44187,33783,0,0,9549,6884,20555,2720,6641,768,535,0,0,1658,42728,1802,5993,0,0,0,0,0
775,5418,776.4203147809749,99833,115,60,122,41,39016,20276,0.5939118327607104,67,32,28180,29803,8359,4617,13155,15445,44202,33810,0,0,9528,6869,20565,2712,6656,769,537,0,0,1678,42726,1800,5993,0,0,0,0,0
776,5418,777.3099407809566,99833,120,58,122,41,39027,20284,0.5941021505914877,72,29,28214,29853,8334,4609,13136,15408,44217,33837,0,0,9504,6858,20572,2710,6663,770,538,0,0,1686,42741,1794,5997,0,0,0,0,0
777,5418,778.1983482266396,99833,121,55,122,41,39044,20291,0.5943425520619434,73,30,28239,29884,8313,4606,13130,15382,44231,33864,0,0,9485,6846,20579,2706,6676,771,539,0,0,1701,42744,1788,5998,0,0,0,0,0
778,5418,779.0860092186142,99833,125,53,122,41,39064,20294,0.5945729368044634,73,37,28274,29935,8290,4585,13114,15347,44245,33890,0,0,9461,6831,20587,2703,6683,774,543,0,0,1708,42757,1786,6000,0,0,0,0,0
779,5418,780.4154551603566,99833,119,61,122,41,39081,20306,0.5948634219145974,78,37,28345,30012,8259,4566,13075,15281,44259,33916,0,0,9444,6811,20598,2702,6692,776,546,0,0,1720,42759,1781,6004,0,0,0,0,0
780,5418,781.3000650316454,99833,118,66,122,41,39096,20319,0.5951438902967956,76,31,28379,30048,8246,4560,13057,15252,44273,33942,0,0,9419,6797,20607,2699,6701,779,550,0,0,1728,42772,1779,6002,0,0,0,0,0
781,5418,782.1833838241726,99833,111,64,122,41,39111,20323,0.5953342081275731,82,31,28409,30088,8240,4547,13034,15227,44287,33968,0,0,9395,6783,20611,2701,6713,781,549,0,0,1739,42786,1776,5999,0,0,0,0,0
782,5418,783.0656300223592,99833,115,60,122,41,39129,20329,0.5955746095980287,75,35,28437,30152,8225,4535,13024,15175,44301,33994,0,0,9376,6767,20623,2697,6722,782,550,0,0,1754,42788,1774,6000,0,0,0,0,0
783,5418,784.3875493249876,99833,121,58,122,41,39157,20337,0.5959352118037122,68,33,28488,30223,8200,4526,12999,15117,44315,34020,0,0,9351,6753,20628,2696,6731,786,553,0,0,1768,42796,1772,5999,0,0,0,0,0
784,5418,785.2675025373884,99833,129,61,122,41,39179,20351,0.5962958140093957,66,26,28520,30274,8178,4515,12983,15081,44329,34045,0,0,9334,6736,20637,2693,6741,789,556,0,0,1778,42800,1769,6000,0,0,0,0,0
785,5418,786.146428359693,99833,128,65,122,41,39195,20364,0.5965862991195297,61,24,28551,30320,8168,4507,12968,15041,44343,34070,0,0,9311,6723,20642,2687,6756,790,559,0,0,1788,42809,1768,6000,0,0,0,0,0
786,5418,787.0244794200181,99833,124,56,122,41,39206,20370,0.5967565834944357,65,28,28586,30369,8142,4507,12959,14997,44357,34095,0,0,9289,6711,20647,2682,6769,791,561,0,0,1805,42812,1765,6001,0,0,0,0,0
787,5418,788.3396991253237,99833,120,55,122,41,39220,20378,0.5969769515090201,75,28,28634,30428,8117,4500,12930,14946,44370,34120,0,0,9274,6688,20664,2679,6778,793,565,0,0,1815,42812,1762,6003,0,0,0,0,0
788,5418,789.2150024603867,99833,106,48,122,41,39230,20380,0.5970971522442479,80,32,28675,30484,8104,4491,12911,14902,44383,34145,0,0,9253,6679,20664,2669,6803,793,570,0,0,1825,42817,1757,6003,0,0,0,0,0
789,5418,790.0893338188978,99833,120,49,122,41,39249,20387,0.5973575871705749,73,31,28699,30520,8078,4471,12906,14886,44396,34170,0,0,9237,6662,20680,2667,6808,793,571,0,0,1830,42826,1752,6007,0,0,0,0,0
790,5418,791.399110262373,99833,120,55,122,41,39274,20403,0.5977682730159366,71,28,28753,30575,8057,4458,12875,14841,44409,34195,0,0,9220,6646,20683,2668,6821,795,571,0,0,1846,42826,1746,6011,0,0,0,0,0
791,5418,792.2708931630734,99832,118,51,122,42,39292,20408,0.598004647808318,70,30,28791,30621,8045,4442,12852,14812,44422,34219,0,0,9197,6634,20688,2670,6825,797,572,0,0,1863,42830,1742,6014,0,0,0,0,0
792,5418,793.1417972279448,99832,121,48,122,42,39308,20411,0.5981949675454764,66,34,28843,30669,8026,4432,12820,14773,44435,34243,0,0,9176,6620,20694,2670,6833,798,575,0,0,1869,42842,1737,6018,0,0,0,0,0
793,5418,794.0112120797764,99832,107,55,122,42,39322,20422,0.5984453882522638,69,32,28881,30708,8029,4422,12790,14739,44448,34267,0,0,9154,6605,20698,2672,6844,799,578,0,0,1882,42848,1731,6021,0,0,0,0,0
794,5418,795.3131136668181,99832,107,61,122,42,39347,20439,0.5988660950396666,74,31,28930,30756,8010,4414,12755,14694,44461,34291,0,0,9133,6589,20704,2672,6854,801,582,0,0,1900,42846,1728,6023,0,0,0,0,0
795,5418,796.1797350844789,99832,105,60,122,42,39362,20444,0.5990664316050965,73,37,28963,30786,8003,4401,12732,14672,44474,34315,0,0,9111,6578,20709,2671,6862,802,582,0,0,1913,42855,1724,6025,0,0,0,0,0
796,5418,797.0453948052311,99832,113,55,122,42,39381,20448,0.599296818655341,73,40,29004,30811,7979,4402,12707,14648,44487,34339,0,0,9090,6571,20711,2666,6871,804,586,0,0,1921,42864,1716,6032,0,0,0,0,0
797,5418,798.3415864641642,99832,110,49,122,42,39400,20461,0.5996173571600288,75,40,29060,30867,7956,4403,12675,14597,44500,34363,0,0,9071,6555,20718,2666,6882,808,589,0,0,1939,42860,1712,6032,0,0,0,0,0
798,5418,799.204439579894,99831,119,45,122,43,39417,20466,0.5998437359136941,72,39,29103,30908,7934,4394,12648,14569,44512,34386,0,0,9052,6543,20729,2664,6883,811,591,0,0,1948,42866,1709,6035,0,0,0,0,0
799,5418,800.0659998235916,99831,113,47,122,43,39426,20474,0.6000140237000531,72,39,29135,30951,7920,4383,12636,14535,44524,34409,0,0,9032,6528,20740,2662,6889,814,595,0,0,1954,42876,1706,6035,0,0,0,0,0
800,5418,801.3563364426534,99831,121,58,122,43,39456,20493,0.6005048532019113,77,28,29200,31006,7896,4372,12582,14491,44536,34432,0,0,9011,6514,20749,2657,6898,817,602,0,0,1965,42879,1702,6037,0,0,0,0,0
801,5418,802.2148428286797,99831,123,53,122,43,39468,20495,0.6006450902024422,86,41,29215,31038,7883,4365,12569,14458,44548,34455,0,0,8999,6498,20762,2656,6903,817,603,0,0,1977,42878,1695,6043,0,0,0,0,0
802,5418,803.0725552784173,99831,125,55,122,43,39485,20504,0.6009055303462852,82,40,29258,31076,7870,4359,12541,14425,44560,34478,0,0,8980,6483,20770,2654,6910,820,607,0,0,1985,42885,1693,6044,0,0,0,0,0
803,5418,804.3570727567569,99831,139,49,122,43,39513,20512,0.6012661397762218,75,38,29324,31139,7841,4352,12497,14377,44572,34501,0,0,8963,6466,20777,2653,6919,823,609,0,0,1996,42889,1690,6046,0,0,0,0,0
804,5418,805.2118448612927,99831,145,51,122,43,39531,20520,0.6015265799200649,74,36,29362,31179,7821,4340,12474,14349,44584,34524,0,0,8950,6450,20789,2650,6926,825,611,0,0,2003,42892,1685,6050,0,0,0,0,0
805,5418,806.0653482156856,99831,145,49,122,43,39547,20526,0.6017469523494706,72,39,29404,31198,7803,4336,12452,14333,44596,34546,0,0,8932,6434,20803,2643,6937,825,615,0,0,2016,42893,1685,6048,0,0,0,0,0
806,5418,807.3434934321169,99831,144,47,122,43,39574,20535,0.6021075617794072,62,35,29467,31262,7780,4329,12423,14282,44608,34568,0,0,8913,6421,20803,2642,6953,827,617,0,0,2031,42893,1681,6050,0,0,0,0,0
807,5418,808.1940333290444,99831,133,54,122,43,39585,20542,0.6022878664943755,69,42,29498,31292,7775,4319,12401,14248,44620,34590,0,0,8891,6414,20804,2640,6965,828,617,0,0,2039,42907,1677,6049,0,0,0,0,0
808,5418,809.0435804213686,99831,131,60,122,43,39604,20552,0.6025783574240466,66,40,29538,31333,7760,4306,12381,14216,44632,34612,0,0,8879,6397,20816,2637,6975,828,617,0,0,2057,42901,1675,6049,0,0,0,0,0
809,5418,810.3159894013712,99831,136,63,122,43,39627,20568,0.6029690176398113,59,34,29589,31371,7747,4306,12345,14181,44643,34634,0,0,8859,6387,20818,2638,6983,833,618,0,0,2066,42908,1671,6050,0,0,0,0,0
810,5418,811.1629719030419,99831,135,63,122,43,39641,20577,0.6031994069978264,53,37,29632,31424,7728,4298,12328,14133,44654,34656,0,0,8845,6372,20825,2635,6994,834,618,0,0,2079,42909,1669,6051,0,0,0,0,0
811,5418,812.0089037821402,99831,122,61,122,43,39650,20584,0.6033596778555759,55,40,29669,31466,7726,4297,12304,14091,44665,34678,0,0,8825,6357,20832,2635,7002,837,622,0,0,2091,42913,1666,6051,0,0,0,0,0
812,5418,813.2760097771403,99831,112,55,122,43,39667,20594,0.6036301349280284,59,43,29715,31522,7712,4293,12278,14042,44676,34700,0,0,8805,6345,20835,2631,7019,838,627,0,0,2111,42906,1664,6050,0,0,0,0,0
813,5418,814.1197362239857,99831,116,57,122,43,39681,20602,0.6038505073574341,63,47,29746,31540,7695,4291,12256,14020,44687,34721,0,0,8789,6335,20840,2628,7026,839,628,0,0,2120,42912,1661,6053,0,0,0,0,0
814,5418,815.3836657681336,99831,117,61,122,43,39696,20615,0.6041309813584959,70,47,29803,31610,7673,4285,12213,13952,44698,34742,0,0,8773,6323,20844,2623,7040,840,631,0,0,2127,42917,1658,6055,0,0,0,0,0
815,5418,816.2247683555288,99831,111,69,122,43,39706,20631,0.6043914215023389,72,38,29845,31646,7663,4281,12185,13921,44709,34763,0,0,8754,6315,20850,2617,7047,842,635,0,0,2142,42917,1655,6057,0,0,0,0,0
816,5418,817.0646963055447,99831,114,65,122,43,39723,20636,0.6046117939317447,66,42,29876,31678,7656,4276,12164,13894,44720,34784,0,0,8738,6303,20856,2613,7060,843,636,0,0,2152,42920,1655,6055,0,0,0,0,0
817,5418,818.3228129778084,99831,120,56,122,43,39747,20642,0.6049123017900252,60,48,29933,31740,7627,4271,12136,13840,44731,34805,0,0,8716,6289,20860,2611,7073,844,643,0,0,2164,42923,1654,6054,0,0,0,0,0
818,5418,819.1603245582953,99831,122,64,122,43,39761,20657,0.6052027927196962,49,38,29966,31774,7612,4268,12127,13811,44742,34826,0,0,8700,6280,20864,2609,7081,845,641,0,0,2176,42929,1650,6056,0,0,0,0,0
819,5418,820.414878986281,99831,109,60,122,43,39777,20663,0.605423165149102,60,42,30022,31846,7596,4255,12089,13752,44753,34847,0,0,8677,6265,20873,2613,7088,846,647,0,0,2195,42927,1645,6055,0,0,0,0,0
820,5418,821.2499284470379,99831,106,59,122,43,39789,20672,0.6056335206498983,62,43,30071,31887,7580,4251,12057,13715,44764,34868,0,0,8655,6257,20873,2613,7103,846,650,0,0,2201,42939,1640,6054,0,0,0,0,0
821,5418,822.0838406756448,99831,107,61,122,43,39803,20679,0.6058438761506947,57,45,30101,31912,7566,4248,12045,13689,44775,34888,0,0,8640,6251,20873,2608,7113,849,651,0,0,2206,42947,1634,6059,0,0,0,0,0
822,5418,823.3328548807826,99831,108,68,122,43,39825,20693,0.6062044855806312,50,40,30166,31973,7548,4239,12004,13635,44786,34908,0,0,8622,6242,20872,2607,7123,853,652,0,0,2216,42954,1630,6060,0,0,0,0,0
823,5418,824.1640762159647,99831,98,63,122,43,39833,20697,0.6063246887239435,50,42,30206,32027,7536,4229,11986,13594,44796,34928,0,0,8607,6230,20882,2606,7129,854,653,0,0,2232,42950,1627,6061,0,0,0,0,0
824,5418,825.409060319971,99831,97,72,122,43,39846,20714,0.6066251965822239,52,35,30251,32089,7512,4208,11964,13551,44806,34948,0,0,8591,6219,20885,2606,7140,854,652,0,0,2243,42956,1624,6061,0,0,0,0,0
825,5418,826.2378598228684,99831,98,63,122,43,39857,20718,0.6067754505113642,50,37,30284,32131,7499,4204,11945,13520,44816,34968,0,0,8571,6209,20890,2607,7145,854,652,0,0,2259,42960,1622,6062,0,0,0,0,0
826,5418,827.0659254476882,99831,93,58,122,43,39867,20725,0.6069457382977231,54,35,30321,32174,7483,4204,11925,13484,44826,34988,0,0,8553,6195,20896,2605,7155,855,657,0,0,2271,42961,1621,6062,0,0,0,0,0
827,5418,828.3062770452841,99830,91,55,123,43,39881,20732,0.6071621756986878,54,36,30365,32233,7470,4198,11895,13433,44836,35008,0,0,8531,6187,20899,2603,7161,857,664,0,0,2281,42965,1615,6067,0,0,0,0,0
828,5418,829.1320547555104,99830,94,60,123,43,39896,20741,0.607402584393469,47,29,30406,32277,7448,4192,11880,13397,44846,35028,0,0,8516,6178,20905,2601,7166,859,665,0,0,2290,42970,1611,6069,0,0,0,0,0
829,5418,830.3690679087703,99830,98,63,123,43,39911,20751,0.6076530101171992,46,32,30445,32337,7418,4179,11868,13344,44856,35048,0,0,8500,6169,20909,2599,7173,860,665,0,0,2300,42976,1608,6071,0,0,0,0,0
830,5418,831.192775181432,99830,96,65,123,43,39919,20759,0.6078132825803867,48,32,30465,32371,7405,4176,11861,13311,44866,35067,0,0,8489,6158,20917,2594,7182,860,665,0,0,2311,42975,1606,6073,0,0,0,0,0
831,5418,832.0158710925895,99830,95,67,123,43,39930,20768,0.6080136231593709,56,30,30473,32426,7398,4163,11853,13269,44876,35086,0,0,8475,6149,20920,2590,7193,861,668,0,0,2318,42979,1601,6076,0,0,0,0,0
832,5418,833.2496565165624,99830,101,62,123,43,39951,20774,0.6082840829409997,52,31,30547,32473,7369,4156,11806,13233,44886,35105,0,0,8460,6138,20919,2588,7208,862,669,0,0,2328,42983,1600,6075,0,0,0,0,0
833,5418,834.070653119414,99830,108,59,123,43,39963,20781,0.6084744064910348,57,33,30566,32510,7350,4153,11794,13200,44896,35124,0,0,8444,6130,20925,2584,7217,862,670,0,0,2335,42990,1597,6076,0,0,0,0,0
834,5418,835.3006481533967,99830,105,59,123,43,39983,20793,0.6087949514174096,54,29,30616,32565,7341,4140,11759,13162,44906,35143,0,0,8429,6121,20927,2582,7228,864,671,0,0,2354,42983,1593,6078,0,0,0,0,0
835,5418,836.1195090565362,99829,101,53,124,43,39993,20797,0.608941289605225,59,34,30650,32589,7331,4141,11733,13138,44916,35162,0,0,8411,6109,20935,2582,7236,864,674,0,0,2366,42985,1591,6076,0,0,0,0,0
836,5418,837.3462984391036,99829,104,48,124,43,40006,20803,0.6091316150617556,71,32,30697,32641,7308,4137,11694,13097,44926,35181,0,0,8391,6103,20936,2579,7243,866,678,0,0,2376,42991,1588,6078,0,0,0,0,0
837,5418,838.1629618833972,99829,109,52,124,43,40027,20811,0.6094221118111971,57,29,30724,32677,7302,4132,11682,13065,44935,35200,0,0,8379,6093,20941,2573,7254,868,678,0,0,2385,42994,1586,6078,0,0,0,0,0
838,5418,839.3866793391544,99829,101,53,124,43,40040,20819,0.60963247152631,63,31,30777,32736,7288,4109,11645,13026,44944,35219,0,0,8366,6085,20939,2567,7268,872,679,0,0,2396,42995,1584,6078,0,0,0,0,0
839,5418,840.2013222043945,99828,95,55,125,43,40048,20826,0.6097888367992947,65,32,30797,32771,7271,4103,11645,12994,44953,35237,1,1,8353,6075,20945,2566,7271,876,680,0,0,2404,42997,1582,6077,0,1,0,0,1
840,5418,841.0154749714297,99828,101,54,125,43,40064,20834,0.6100292503105341,61,31,30822,32826,7262,4091,11627,12953,44962,35255,2,2,8342,6063,20955,2563,7278,878,679,0,0,2416,42995,1582,6074,0,1,0,0,2
841,5418,842.2353090708168,99828,108,50,125,43,40089,20842,0.6103598188884882,62,38,30858,32894,7246,4086,11599,12887,44971,35273,3,3,8329,6052,20960,2560,7284,884,681,0,0,2431,42990,1581,6072,0,1,0,0,3
842,5418,843.0476681712065,99828,105,53,125,43,40100,20850,0.6105501462515527,60,34,30890,32916,7239,4077,11579,12875,44980,35291,4,4,8316,6040,20966,2557,7290,887,683,0,0,2438,42992,1580,6073,0,1,1,0,4
843,5418,844.2647380062867,99828,93,56,125,43,40115,20861,0.610810594222062,72,29,30947,32975,7216,4068,11545,12827,44989,35309,6,5,8299,6032,20964,2557,7306,887,685,0,0,2452,42989,1575,6073,0,1,2,0,6
844,5418,845.0748778366891,99828,97,56,125,43,40130,20865,0.6110009215851264,70,29,30969,33003,7205,4056,11532,12811,44998,35327,8,6,8285,6024,20968,2552,7316,889,684,0,0,2458,42996,1574,6071,0,1,2,0,8
845,5418,846.2889067100557,99828,88,52,125,43,40146,20872,0.6112313178667308,71,30,31001,33066,7198,4048,11515,12759,45007,35345,11,8,8264,6013,20966,2555,7325,891,690,0,0,2473,42994,1570,6072,0,1,4,0,10
846,5418,847.0975217364822,99828,96,55,125,43,40163,20880,0.6114817486076051,63,27,31028,33095,7186,4045,11500,12733,45016,35363,15,10,8247,6005,20969,2553,7331,891,693,0,0,2479,42999,1567,6073,1,1,6,0,13
847,5418,848.3093333561746,99828,99,54,125,43,40183,20888,0.6117622310373843,60,27,31078,33142,7155,4029,11481,12703,45025,35381,20,12,8229,5997,20971,2551,7338,894,697,0,0,2490,42999,1564,6070,3,1,8,0,16
848,5418,849.1161105001357,99828,107,57,125,43,40198,20901,0.6120427134671635,55,16,31095,33177,7143,4027,11473,12678,45034,35399,26,15,8218,5984,20978,2550,7344,896,698,0,0,2497,42995,1562,6069,4,1,10,0,22
849,5418,850.3341790926871,99828,111,56,125,43,40217,20904,0.6122630925191329,59,18,31146,33212,7125,4013,11432,12656,45043,35416,33,18,8207,5971,20982,2550,7348,899,696,0,0,2506,42992,1561,6070,4,1,13,0,28
850,5418,851.2716984385336,99828,117,56,125,43,40233,20912,0.6125035060303723,55,21,31186,33260,7099,4011,11416,12607,45052,35433,41,21,8195,5962,20985,2547,7351,904,696,0,0,2517,42988,1560,6069,4,1,16,0,33
851,5418,852.0754905451636,99827,111,52,126,43,40242,20914,0.6126198323098961,60,24,31219,33294,7084,3999,11398,12586,45061,35450,50,25,8184,5950,20988,2547,7358,906,696,0,0,2525,42981,1557,6068,4,1,19,0,43
852,5418,853.2798111993329,99827,111,57,126,43,40260,20924,0.6129003175493604,61,26,31273,33332,7066,3987,11361,12553,45070,35467,61,29,8170,5941,20988,2545,7365,909,697,0,0,2537,42972,1555,6068,4,1,22,0,53
853,5418,854.0815561400118,99827,111,53,126,43,40274,20927,0.6130706121590351,60,36,31291,33359,7056,3979,11354,12528,45079,35484,73,34,8158,5924,20997,2545,7371,910,700,0,0,2546,42960,1554,6065,7,1,24,0,65
854,5418,855.2829846747325,99827,100,49,126,43,40285,20934,0.6132509240986908,70,35,31332,33405,7041,3977,11329,12489,45088,35501,87,39,8143,5910,20997,2549,7380,913,701,0,0,2560,42945,1552,6063,8,1,26,0,79
855,5418,856.0830365686897,99827,98,49,126,43,40299,20940,0.6134512706983081,65,31,31362,33422,7032,3971,11315,12482,45096,35518,102,44,8127,5903,20995,2545,7388,916,704,0,0,2569,42934,1550,6063,9,1,29,0,94
856,5418,857.2818659421343,99827,102,48,126,43,40323,20951,0.6138018772476385,57,28,31402,33475,7021,3965,11290,12439,45104,35535,119,50,8116,5891,20992,2544,7398,922,707,0,0,2582,42916,1546,6062,9,1,34,0,107
857,5418,858.0803097501129,99827,105,48,126,43,40338,20955,0.6139922065172749,54,31,31429,33497,7005,3953,11279,12426,45112,35552,138,56,8106,5882,20991,2540,7403,927,709,0,0,2587,42906,1544,6058,14,2,39,0,119
858,5418,859.2766449394352,99827,98,51,126,43,40348,20967,0.614212587776854,66,27,31466,33547,6985,3942,11257,12388,45120,35569,158,63,8089,5876,20987,2536,7411,931,712,0,0,2597,42891,1542,6056,16,2,45,0,136
859,5418,860.0732294947284,99827,94,56,126,43,40358,20975,0.6143928997165096,68,26,31488,33566,6972,3931,11250,12376,45128,35586,180,70,8079,5868,20982,2533,7415,935,711,0,0,2608,42878,1540,6052,21,2,54,0,149
860,5418,861.2674068627819,99827,97,59,126,43,40382,20985,0.614733488935859,65,23,31514,33587,6968,3918,11228,12368,45136,35602,204,78,8068,5861,20976,2531,7420,942,713,0,0,2617,42855,1535,6052,23,3,61,0,170
861,5418,862.0629608215688,99827,94,55,126,43,40394,20988,0.6148837488855721,63,30,31544,33594,6958,3913,11213,12363,45144,35618,230,86,8053,5855,20970,2528,7424,947,716,0,0,2626,42837,1532,6052,25,6,68,0,188
862,5418,863.2548399387224,99827,98,49,126,43,40413,20996,0.6151542167950554,58,28,31594,33638,6936,3908,11186,12332,45152,35634,258,95,8041,5847,20967,2526,7430,951,716,0,0,2643,42805,1530,6049,29,7,72,0,214
863,5418,864.0484106725767,99827,91,49,126,43,40422,21002,0.6153044767447684,62,25,31612,33650,6930,3907,11177,12324,45160,35650,288,104,8030,5835,20961,2525,7434,955,716,0,0,2657,42781,1529,6048,31,7,83,0,235
864,5418,865.2377701803282,99827,99,47,126,43,40447,21008,0.6156150139741753,48,22,31654,33686,6914,3893,11157,12307,45168,35666,320,114,8019,5829,20947,2520,7447,956,717,0,0,2670,42752,1526,6048,34,8,94,0,260
865,5418,866.029873894869,99827,93,46,126,43,40455,21013,0.6157452392639265,58,27,31664,33690,6912,3880,11145,12312,45176,35682,354,125,8004,5821,20943,2519,7448,962,719,0,0,2679,42730,1524,6043,40,9,102,0,284
866,5418,867.2174867140446,99827,96,41,126,43,40471,21018,0.6159556031935248,59,26,31705,33714,6888,3872,11124,12302,45184,35698,390,136,7988,5814,20932,2519,7451,966,720,0,0,2690,42707,1521,6040,44,11,115,0,309
867,5418,868.0082375992163,99827,93,45,126,43,40480,21025,0.6161158804732186,57,26,31721,33706,6882,3860,11119,12318,45192,35714,429,148,7974,5809,20915,2514,7461,968,721,0,0,2694,42691,1519,6034,51,11,132,0,333
868,5418,869.1937116766161,99827,90,49,126,43,40494,21037,0.6163763310527212,54,23,31773,33736,6856,3840,11099,12307,45200,35730,470,160,7963,5799,20910,2512,7468,973,723,0,0,2706,42649,1517,6031,53,12,140,0,371
869,5418,870.3774674994069,99827,91,47,126,43,40509,21043,0.6165866949823194,53,23,31801,33767,6845,3822,11082,12296,45208,35746,513,173,7950,5792,20898,2506,7482,975,728,0,0,2708,42614,1513,6031,56,15,151,0,408
870,5418,871.1659413055327,99827,87,46,126,43,40522,21048,0.6167670069219751,51,21,31822,33768,6838,3818,11074,12302,45216,35762,558,187,7938,5784,20876,2504,7492,978,727,0,0,2718,42586,1512,6024,63,16,171,0,438
871,5418,872.3479460416318,99827,84,46,126,43,40536,21053,0.6169573361916115,51,27,31864,33784,6828,3806,11045,12292,45224,35778,606,201,7923,5777,20871,2502,7493,985,729,0,0,2728,42542,1510,6023,65,19,178,0,482
872,5418,873.1349760064608,99827,81,50,126,43,40541,21060,0.6170775441513819,56,27,31885,33777,6809,3791,11041,12310,45232,35793,656,216,7911,5770,20860,2500,7491,991,730,0,0,2732,42508,1508,6021,69,21,194,0,521
873,5418,874.3143617530815,99827,77,48,126,43,40556,21069,0.6173179600709227,54,22,31932,33775,6793,3788,11016,12322,45240,35808,708,231,7898,5760,20843,2499,7497,994,733,0,0,2745,42465,1507,6014,76,24,215,0,557
874,5418,875.0997298454686,99827,82,43,126,43,40567,21074,0.6174782373506166,48,22,31953,33772,6779,3783,11010,12335,45248,35823,762,247,7884,5754,20835,2497,7492,1005,733,0,0,2754,42424,1505,6012,79,25,226,0,602
875,5418,876.2768558752839,99827,88,46,126,43,40584,21080,0.6177086359401766,47,22,31993,33771,6753,3769,10991,12347,45255,35838,819,264,7875,5744,20826,2496,7493,1009,733,0,0,2761,42377,1503,6008,85,27,242,0,648
876,5418,877.0606841284299,99827,87,44,126,43,40597,21080,0.6178388612299278,42,26,32009,33769,6743,3750,10991,12366,45262,35853,878,281,7866,5738,20801,2495,7499,1013,732,0,0,2766,42340,1499,6004,90,30,267,0,687
877,5418,878.2356873091695,99827,85,39,126,43,40608,21087,0.6180191731695833,41,27,32037,33791,6731,3742,10978,12356,45269,35868,939,299,7855,5725,20787,2495,7505,1016,734,0,0,2778,42286,1498,5998,94,31,288,0,737
878,5418,879.0184782031724,99827,82,37,126,43,40615,21092,0.6181393811293537,43,27,32049,33770,6719,3741,10979,12380,45276,35883,1002,318,7844,5716,20775,2496,7509,1019,735,0,0,2785,42231,1494,5994,98,32,305,0,794
879,5418,880.1920377757924,99827,80,45,126,43,40630,21105,0.6184198663688181,44,21,32089,33792,6698,3717,10961,12380,45283,35898,1068,337,7831,5708,20756,2496,7507,1027,737,0,0,2794,42182,1493,5986,107,34,327,0,842
880,5418,881.2018322847994,99827,76,44,126,43,40638,21110,0.6185500916585693,48,18,32111,33787,6684,3702,10953,12404,45290,35913,1136,357,7819,5703,20737,2493,7505,1036,737,0,0,2800,42135,1490,5981,112,38,350,0,891
881,5418,882.1875331427632,99827,75,38,126,43,40647,21112,0.6186602822883589,44,20,32142,33778,6675,3701,10936,12418,45297,35928,1206,377,7809,5694,20724,2494,7502,1044,738,0,0,2807,42076,1487,5976,118,41,368,0,949
882,5418,883.2102920028747,99827,76,35,126,43,40658,21117,0.6188205595680527,40,19,32174,33764,6653,3697,10929,12440,45304,35943,1278,398,7799,5687,20701,2496,7501,1052,738,0,0,2816,42026,1481,5968,129,41,392,0,1000
883,5418,884.3103775111884,99827,79,37,126,43,40673,21122,0.61902090616767,37,20,32202,33754,6638,3681,10916,12463,45311,35958,1352,420,7787,5679,20676,2494,7508,1058,739,0,0,2812,41980,1480,5961,134,47,417,0,1055
884,5418,885.0664193460804,99827,78,36,126,43,40682,21126,0.6191511314574213,32,16,32215,33752,6623,3664,10924,12487,45318,35972,1428,442,7774,5677,20653,2488,7511,1066,738,0,0,2818,41925,1480,5955,139,50,438,0,1115
885,5418,886.1128679598346,99827,71,38,126,43,40690,21133,0.6193013914071344,38,19,32260,33757,6601,3647,10902,12494,45325,35986,1506,465,7764,5671,20630,2484,7515,1073,739,0,0,2826,41864,1477,5949,148,52,461,0,1174
886,5418,887.1069352490279,99827,65,42,126,43,40698,21139,0.6194416340268665,40,20,32288,33734,6587,3633,10892,12526,45332,36000,1586,489,7752,5666,20609,2480,7513,1082,740,0,0,2832,41807,1475,5943,154,56,486,0,1232
887,5418,888.2720806633333,99827,66,40,126,43,40710,21143,0.6196019113065604,39,24,32318,33734,6573,3610,10876,12547,45339,36014,1668,513,7740,5661,20584,2478,7515,1089,741,0,0,2835,41748,1473,5936,161,61,511,0,1294
888,5418,889.0481375770935,99827,65,28,126,43,40717,21147,0.6197121019363498,36,26,32336,33704,6548,3610,10887,12587,45346,36028,1752,538,7729,5652,20557,2479,7510,1104,742,0,0,2841,41687,1472,5931,167,66,537,0,1353
889,5418,890.2117734410641,99827,63,36,126,43,40725,21158,0.6199024312059863,43,21,32368,33686,6521,3596,10877,12616,45353,36042,1837,564,7718,5646,20531,2478,7505,1115,742,0,0,2842,41626,1469,5932,168,70,567,0,1418
890,5418,891.3738553332972,99827,67,41,126,43,40740,21167,0.6201428471255271,40,19,32415,33669,6503,3577,10847,12649,45360,36056,1924,590,7709,5633,20502,2481,7498,1126,743,0,0,2843,41577,1466,5923,178,75,604,0,1469
891,5418,892.2165166965755,99827,69,37,126,43,40747,21169,0.620233003095355,38,18,32427,33640,6485,3564,10853,12696,45367,36070,2013,617,7695,5629,20468,2478,7500,1134,743,0,0,2843,41519,1466,5918,181,78,638,0,1537
892,5418,893.317756523101,99827,70,34,126,43,40757,21174,0.620383263045068,35,18,32432,33610,6470,3556,10865,12737,45374,36084,2103,645,7682,5622,20442,2478,7490,1149,744,0,0,2851,41455,1464,5912,189,80,666,0,1603
893,5418,894.1009974748763,99827,68,33,126,43,40763,21179,0.6204934536748575,36,19,32453,33596,6445,3542,10870,12765,45381,36098,2195,673,7674,5612,20421,2476,7493,1152,744,0,0,2852,41388,1462,5897,206,87,693,0,1670
894,5418,895.1759739685267,99827,59,34,126,43,40773,21184,0.6206437136245705,40,22,32507,33592,6417,3518,10849,12789,45388,36112,2288,702,7662,5603,20399,2475,7486,1167,746,0,0,2858,41319,1460,5885,219,89,718,0,1741
895,5418,896.3334025967071,99827,64,31,126,43,40787,21187,0.6208140082342453,40,23,32533,33568,6389,3507,10846,12826,45395,36126,2382,731,7653,5600,20370,2470,7482,1179,748,0,0,2859,41255,1454,5879,230,96,748,0,1804
896,5418,897.1043831285598,99827,64,29,126,43,40796,21189,0.6209241988640348,36,22,32541,33552,6374,3495,10857,12857,45402,36140,2477,761,7646,5591,20337,2466,7478,1191,749,0,0,2864,41196,1451,5868,244,97,786,0,1863
897,5418,898.2606551492468,99827,68,33,126,43,40807,21196,0.6211045108036903,39,20,32551,33544,6351,3476,10863,12882,45409,36154,2574,792,7639,5583,20316,2464,7474,1201,749,0,0,2867,41110,1448,5868,246,99,813,0,1950
898,5418,899.2522044225153,99827,66,36,126,43,40816,21204,0.6212748054133651,35,17,32573,33529,6340,3454,10858,12919,45415,36167,2672,823,7628,5574,20288,2464,7466,1214,751,0,0,2870,41037,1448,5860,253,103,846,0,2025
899,5418,900.1858725150605,99827,65,35,126,43,40822,21206,0.621354944053212,58,42,32574,33543,6335,3450,10840,12885,45415,36167,2672,823,7627,5573,20287,2466,7467,1214,752,0,0,2875,41032,1447,5860,253,104,846,0,2024
900,5418,900.1858725150605,99827,63,37,126,43,40824,21208,0.6213950133731355,62,42,32568,33494,6329,3441,10850,12941,45415,36167,2771,855,7627,5572,20258,2467,7459,1225,752,0,0,2872,40953,1447,5848,264,106,874,0,2103
901,5418,901.3406637254086,99827,70,45,126,43,40839,21222,0.6216855159425807,57,38,32618,33483,6311,3420,10816,12969,45415,36167,2870,887,7624,5572,20227,2466,7458,1232,752,3,5,2864,40868,1447,5841,270,113,902,0,2183
902,5418,902.1096553662115,99827,69,54,126,43,40847,21233,0.6218758452122172,60,31,32640,33461,6301,3405,10802,13004,45415,36167,2970,920,7621,5572,20193,2467,7447,1245,752,6,8,2863,40790,1446,5827,284,114,934,0,2258
903,5418,903.2619208517056,99827,71,49,126,43,40861,21240,0.6220862091418153,72,31,32673,33440,6277,3398,10779,13037,45415,36167,3071,953,7620,5570,20153,2469,7444,1256,752,7,18,2859,40709,1446,5811,297,118,969,2,2327
904,5418,904.0292658959808,99827,75,44,126,43,40872,21243,0.6222264517615474,69,36,32690,33406,6267,3387,10771,13082,45415,36167,3173,987,7620,5570,20107,2470,7442,1264,752,7,26,2851,40636,1445,5797,308,126,1012,2,2392
905,5418,905.1795434769228,99827,87,41,126,43,40895,21249,0.6225169543309926,63,39,32729,33389,6237,3374,10756,13112,45415,36167,3275,1022,7616,5568,20074,2473,7432,1277,752,11,36,2847,40544,1444,5791,314,130,1042,2,2474
906,5418,906.3282614276563,99827,97,38,126,43,40918,21258,0.6228375088903804,63,39,32758,33365,6218,3367,10736,13146,45415,36167,3378,1057,7615,5563,20036,2478,7435,1283,752,12,45,2842,40453,1444,5776,326,134,1075,3,2555
907,5418,907.0935418894555,99827,98,46,126,43,40930,21268,0.6230578901499594,63,39,32779,33335,6204,3348,10728,13187,45415,36167,3481,1093,7614,5563,20003,2478,7434,1289,751,13,50,2837,40364,1444,5763,338,139,1105,3,2639
908,5418,908.2404698422737,99827,100,51,126,43,40946,21282,0.6233584100493854,63,36,32810,33323,6192,3340,10707,13205,45415,36167,3584,1129,7612,5563,19967,2477,7430,1301,751,15,61,2832,40277,1444,5745,354,144,1136,3,2715
909,5418,909.0044665995271,99827,99,61,126,43,40957,21294,0.6235888086389454,60,33,32819,33292,6184,3324,10710,13245,45415,36167,3688,1166,7611,5563,19925,2478,7427,1310,751,16,65,2830,40190,1443,5734,364,146,1173,4,2797
910,5418,910.1499289753249,99827,104,59,126,43,40979,21301,0.6238793112083905,62,39,32840,33260,6178,3316,10688,13281,45415,36167,3792,1203,7605,5563,19878,2477,7423,1323,751,22,75,2827,40108,1443,5720,376,149,1214,5,2868
911,5418,911.2945773080727,99827,96,58,126,43,40990,21309,0.6240696404780269,70,44,32860,33237,6168,3301,10678,13315,45415,36167,3896,1241,7601,5561,19843,2479,7418,1336,751,26,86,2819,40015,1443,5708,387,156,1243,6,2949
912,5418,912.0572321371147,99827,97,59,126,43,40998,21317,0.6242299177577209,70,44,32889,33200,6145,3294,10671,13358,45415,36167,4000,1279,7601,5559,19811,2482,7409,1347,751,26,95,2812,39924,1442,5698,397,163,1273,6,3031
913,5418,913.2002123876288,99827,107,56,126,43,41023,21329,0.6246005589670129,76,43,32903,33181,6134,3289,10652,13386,45415,36167,4104,1317,7599,5557,19767,2484,7403,1359,751,28,113,2808,39823,1442,5693,400,166,1314,6,3114
914,5418,914.3424181793707,99827,115,58,126,43,41054,21340,0.6250212868262094,75,47,32929,33165,6130,3282,10623,13403,45415,36167,4208,1356,7598,5556,19730,2482,7396,1377,751,29,128,2801,39727,1442,5682,409,171,1347,6,3195
915,5418,915.1032354686042,99827,121,62,126,43,41070,21350,0.6252817374057119,76,47,32936,33117,6116,3271,10623,13458,45415,36167,4312,1395,7595,5555,19706,2483,7387,1391,751,32,133,2793,39634,1442,5670,419,177,1370,7,3282
916,5418,916.2440256670249,99827,120,70,126,43,41094,21368,0.6257024652649082,87,42,32940,33090,6111,3262,10614,13491,45415,36167,4415,1435,7584,5551,19671,2488,7386,1398,751,43,143,2789,39535,1441,5658,427,181,1403,8,3370
917,5418,917.004364012796,99827,118,74,126,43,41112,21381,0.6260130024943151,85,41,32951,33044,6107,3260,10611,13536,45415,36167,4518,1475,7581,5545,19627,2493,7388,1408,751,46,151,2785,39442,1441,5647,435,184,1440,8,3455
918,5418,918.1445158976442,99827,118,72,126,43,41134,21395,0.6263736263736264,88,47,32966,33015,6100,3261,10600,13560,45415,36167,4621,1516,7580,5542,19591,2494,7381,1426,750,47,170,2778,39344,1441,5633,446,190,1472,8,3534
919,5418,919.2841116916438,99827,133,80,126,43,41174,21412,0.6269446141825358,76,47,32978,33002,6098,3249,10587,13577,45415,36167,4723,1557,7577,5542,19547,2495,7370,1446,749,50,185,2768,39258,1441,5624,452,199,1511,10,3603
920,5418,920.0435336203645,99827,133,74,126,43,41184,21419,0.6271149087922105,83,56,32988,32957,6088,3244,10580,13624,45415,36167,4825,1598,7574,5542,19506,2493,7366,1459,749,53,195,2764,39161,1441,5620,456,203,1545,11,3689
921,5418,921.1820686732178,99826,142,83,127,43,41213,21434,0.6275619578065834,79,53,33022,32926,6075,3239,10553,13654,45415,36167,4926,1640,7572,5539,19467,2496,7362,1468,749,55,207,2764,39065,1441,5605,469,203,1581,13,3770
922,5418,922.3192793383907,99826,152,90,127,43,41242,21450,0.6280127421713781,85,52,33035,32918,6062,3228,10537,13667,45415,36167,5027,1682,7570,5535,19429,2502,7358,1480,749,57,217,2760,38976,1439,5589,484,206,1613,14,3848
923,5418,923.0770550879437,99826,147,83,127,43,41256,21458,0.6282331256386112,95,55,33028,32876,6064,3237,10537,13704,45415,36167,5127,1724,7567,5530,19389,2508,7364,1486,749,60,229,2755,38877,1438,5574,495,211,1645,14,3935
924,5418,924.2136588217246,99826,161,85,127,43,41294,21469,0.628723979724721,101,59,33048,32859,6058,3226,10503,13726,45415,36167,5226,1767,7561,5527,19349,2511,7362,1499,749,66,239,2752,38778,1438,5567,499,214,1677,15,4023
925,5418,925.3495250832549,99826,163,96,127,43,41327,21493,0.6292949732534611,102,51,33076,32844,6053,3221,10477,13743,45415,36167,5325,1810,7559,5522,19318,2518,7367,1510,749,68,254,2747,38667,1436,5551,508,219,1699,16,4118
926,5418,926.1062021166362,99826,169,92,127,43,41347,21500,0.6295654438723378,108,55,33071,32811,6046,3218,10477,13779,45415,36167,5423,1853,7558,5521,19283,2519,7362,1523,749,69,265,2742,38579,1436,5531,523,224,1731,17,4194
927,5418,927.240899259588,99826,171,88,127,43,41377,21510,0.6299661410854888,112,62,33079,32791,6035,3208,10474,13806,45415,36167,5520,1897,7553,5516,19244,2524,7351,1544,749,74,279,2733,38487,1436,5522,530,233,1762,19,4270
928,5418,928.3752671907292,99826,178,90,127,43,41411,21527,0.6304770300322561,111,65,33096,32773,6035,3211,10451,13816,45415,36167,5616,1941,7550,5514,19203,2525,7355,1560,749,77,294,2727,38391,1435,5509,539,235,1793,20,4350
929,5418,929.1311729773795,99826,180,86,127,43,41434,21537,0.6308076052331056,118,63,33084,32740,6032,3211,10457,13855,45415,36167,5712,1985,7546,5510,19159,2528,7353,1573,749,81,307,2719,38302,1435,5499,547,242,1830,21,4425
930,5418,930.2652907968657,99826,182,86,127,43,41476,21557,0.6314286859134894,115,57,33087,32728,6036,3215,10451,13869,45415,36167,5807,2029,7542,5505,19122,2532,7359,1588,747,85,331,2711,38192,1435,5488,552,248,1857,22,4510
931,5418,931.0212568642683,99826,179,92,127,43,41495,21573,0.6317792959749965,114,54,33096,32696,6037,3213,10445,13900,45415,36167,5901,2074,7539,5501,19074,2536,7360,1598,747,88,342,2708,38101,1435,5479,557,251,1898,24,4588
932,5418,932.1550451031169,99826,182,89,127,43,41521,21590,0.6322100454791337,132,61,33098,32678,6034,3223,10425,13904,45415,36167,5994,2119,7535,5497,19025,2541,7368,1609,746,92,353,2704,38011,1435,5463,569,254,1933,25,4666
933,5418,933.288406127513,99824,188,89,128,44,41563,21608,0.6328237698349094,135,67,33099,32657,6037,3220,10411,13921,45415,36167,6086,2164,7527,5496,18978,2542,7372,1622,746,100,375,2699,37907,1435,5451,581,255,1966,25,4747
934,5418,934.0438391985881,99824,198,97,128,44,41587,21625,0.6332344927071646,142,62,33091,32627,6026,3214,10413,13954,45415,36167,6177,2209,7526,5493,18936,2545,7368,1636,745,101,382,2697,37824,1435,5442,587,257,2002,26,4822
935,5418,935.1771329967459,99824,197,106,128,44,41623,21648,0.6338255329379708,139,61,33113,32603,6028,3209,10393,13975,45415,36167,6267,2254,7521,5487,18895,2548,7372,1650,745,106,400,2691,37735,1435,5424,605,261,2030,28,4891
936,5418,936.3095855681349,99824,209,109,128,44,41665,21665,0.6344165731687771,135,72,33126,32570,6023,3202,10377,14001,45415,36167,6356,2300,7515,5482,18849,2554,7367,1668,745,112,412,2684,37647,1434,5418,610,266,2066,29,4966
937,5418,937.0642162760241,99824,212,113,128,44,41693,21674,0.6347872255169098,138,79,33106,32536,6027,3192,10387,14034,45415,36167,6444,2346,7511,5478,18808,2555,7370,1680,745,116,417,2679,37574,1434,5400,622,270,2102,30,5033
938,5418,938.1965659776678,99824,227,119,128,44,41741,21694,0.6354684244269915,139,84,33109,32513,6020,3197,10375,14041,45415,36167,6531,2392,7504,5477,18767,2557,7371,1694,744,123,433,2674,37478,1433,5391,629,274,2132,33,5110
939,5418,939.3285363297092,99823,217,136,128,45,41776,21724,0.6361259429189666,155,86,33105,32497,6030,3188,10363,14046,45415,36167,6617,2438,7495,5476,18727,2556,7373,1712,744,132,457,2665,37384,1433,5377,638,282,2159,35,5178
940,5418,940.0831061635427,99823,222,135,128,45,41812,21742,0.6366669004137323,156,85,33099,32458,6029,3190,10364,14085,45415,36167,6702,2484,7489,5471,18682,2559,7379,1722,743,138,476,2659,37303,1433,5356,653,288,2197,37,5238
941,5418,941.2151563125109,99823,222,139,128,45,41852,21765,0.637298017490959,164,89,33088,32440,6049,3190,10347,14095,45415,36167,6786,2530,7487,5464,18639,2568,7385,1735,743,140,503,2653,37194,1431,5351,658,293,2222,37,5320
942,5418,942.347443359064,99823,237,139,128,45,41893,21791,0.6379692054937239,184,95,33065,32432,6048,3194,10336,14093,45415,36167,6869,2576,7479,5459,18595,2572,7394,1741,743,147,522,2644,37105,1431,5340,666,298,2260,40,5387
943,5418,943.1025286522486,99823,225,140,128,45,41916,21809,0.6383799324804905,198,100,33047,32412,6062,3196,10338,14105,45415,36167,6951,2623,7472,5455,18553,2579,7394,1755,741,154,537,2633,37026,1429,5329,677,307,2292,44,5446
944,5418,944.2356843615752,99823,244,158,128,45,41966,21848,0.6392715105737155,192,84,33045,32420,6062,3187,10327,14104,45415,36167,7031,2670,7466,5449,18516,2584,7404,1765,741,160,554,2628,36936,1429,5309,692,311,2316,46,5517
945,5418,945.3686824862332,99823,245,155,128,45,42010,21868,0.6399126453823267,205,103,33029,32403,6072,3198,10319,14094,45415,36167,7110,2717,7459,5441,18491,2591,7402,1780,741,167,585,2618,36831,1427,5296,702,320,2335,47,5590
946,5418,946.1243004870532,99823,254,162,128,45,42044,21886,0.6404335674143233,206,108,33012,32381,6078,3187,10320,14115,45415,36167,7188,2764,7454,5439,18454,2594,7399,1795,741,171,595,2611,36753,1427,5285,710,325,2365,51,5654
947,5418,947.258020054407,99822,279,155,128,46,42111,21909,0.6413415880266875,195,113,33001,32387,6092,3199,10303,14098,45415,36167,7265,2811,7444,5434,18420,2599,7400,1810,741,181,622,2606,36654,1425,5268,722,328,2391,57,5720
948,5418,948.0139477946313,99822,278,155,128,46,42143,21927,0.6418424796137124,196,115,32994,32358,6102,3208,10300,14116,45415,36167,7341,2858,7437,5432,18375,2601,7413,1822,740,188,636,2600,36570,1425,5255,728,331,2422,59,5788
949,5418,949.1481511934142,99822,289,150,128,46,42193,21956,0.6426338883212117,202,114,32993,32341,6101,3222,10285,14125,45415,36167,7416,2905,7426,5425,18334,2609,7414,1836,740,199,669,2598,36474,1424,5237,741,333,2453,62,5848
950,5418,950.2821266362797,99822,288,149,128,46,42229,21981,0.6432449760573822,222,123,33009,32329,6090,3224,10261,14127,45415,36167,7490,2952,7419,5422,18305,2612,7408,1857,740,206,695,2593,36378,1423,5224,749,337,2474,68,5912
951,5418,951.0377493443157,99822,306,163,128,46,42277,22007,0.643986295606179,199,122,33001,32305,6097,3223,10267,14139,45415,36167,7563,2999,7417,5418,18268,2613,7411,1868,740,208,712,2585,36302,1423,5208,763,341,2506,72,5967
952,5418,952.1712127038735,99822,311,171,128,46,42337,22042,0.6449379896215263,205,117,32992,32309,6110,3232,10252,14123,45415,36167,7635,3046,7411,5413,18219,2619,7419,1889,740,214,732,2578,36227,1419,5191,775,346,2537,84,6009
953,5418,953.3048141390005,99822,313,178,128,46,42390,22075,0.6457995231512091,215,108,32981,32311,6121,3237,10240,14118,45415,36167,7706,3093,7408,5408,18184,2627,7421,1910,737,217,764,2569,36129,1417,5178,785,352,2557,88,6071
954,5418,954.0605760398014,99822,315,177,128,46,42434,22097,0.646460700046082,205,108,32973,32292,6136,3247,10241,14128,45415,36167,7776,3140,7403,5406,18147,2629,7429,1928,737,222,786,2563,36037,1416,5163,795,357,2575,92,6137
955,5418,955.1947560404466,99821,320,181,128,47,42498,22135,0.6474890053195219,198,103,32957,32298,6158,3264,10237,14105,45415,36167,7845,3187,7397,5401,18097,2631,7445,1944,736,228,823,2553,35941,1415,5151,803,363,2606,98,6189
956,5418,956.3294429122913,99821,316,185,128,47,42552,22165,0.6483305116157922,195,105,32946,32284,6182,3257,10231,14120,45415,36167,7912,3234,7392,5393,18046,2642,7448,1963,734,233,855,2545,35860,1413,5140,806,370,2645,102,6234
957,5418,957.0862669575806,99821,319,185,128,47,42596,22188,0.6490017130663889,215,104,32904,32261,6198,3268,10234,14133,45415,36167,7978,3281,7387,5389,18010,2644,7453,1978,734,238,881,2542,35769,1412,5125,816,373,2669,103,6298
958,5418,958.2225727105238,99821,340,185,128,47,42667,22216,0.649993488344136,222,117,32874,32266,6215,3275,10219,14108,45415,36167,8043,3328,7381,5383,17965,2650,7455,1998,734,244,908,2534,35686,1411,5116,821,381,2697,111,6346
959,5418,959.3595468023841,99821,351,195,128,47,42737,22257,0.6511054788070646,231,113,32863,32260,6235,3285,10190,14098,45415,36167,8107,3375,7376,5370,17926,2659,7472,2016,734,249,934,2530,35592,1410,5101,830,383,2715,115,6409
960,5418,960.1175468717256,99821,359,193,128,47,42785,22273,0.6517466264613658,222,122,32845,32234,6253,3290,10191,14112,45415,36167,8170,3421,7375,5358,17887,2674,7471,2033,733,249,953,2527,35515,1408,5092,838,385,2741,117,6465
961,5418,961.2553121278445,99820,352,182,129,47,42845,22300,0.6526247245041074,239,126,32817,32239,6282,3310,10179,14094,45415,36167,8232,3467,7369,5345,17838,2688,7486,2056,732,255,985,2524,35424,1405,5078,844,385,2766,123,6517
962,5418,962.0142590489052,99820,365,187,129,47,42893,22324,0.653346022841114,246,130,32789,32208,6281,3318,10188,14108,45415,36167,8293,3513,7361,5343,17812,2687,7488,2071,732,263,1003,2520,35338,1405,5066,853,388,2782,128,6580
963,5418,963.1534318867009,99819,370,190,130,47,42963,22358,0.6543944539616706,252,130,32773,32201,6314,3332,10159,14098,45415,36167,8353,3559,7352,5338,17767,2688,7514,2086,731,272,1032,2512,35252,1404,5049,860,391,2808,132,6631
964,5418,964.293022885745,99817,354,191,131,48,43030,22388,0.6553793441998857,260,130,32743,32200,6358,3346,10152,14083,45415,36167,8412,3605,7339,5328,17711,2699,7545,2097,730,285,1061,2506,35162,1402,5032,868,395,2835,140,6682
965,5418,965.053398462517,99817,374,199,131,48,43079,22414,0.6561307192161656,268,127,32711,32197,6360,3350,10154,14077,45415,36167,8470,3651,7337,5325,17672,2699,7542,2116,730,287,1081,2503,35094,1402,5022,876,397,2864,144,6726
966,5418,966.1948051051705,99817,381,207,131,48,43152,22449,0.6572126992396085,265,127,32697,32196,6393,3356,10131,14064,45415,36167,8527,3697,7331,5317,17626,2704,7556,2137,729,293,1116,2501,34999,1401,5014,881,398,2884,146,6784
967,5418,967.3366494148775,99817,402,219,131,48,43225,22497,0.6584249175992065,269,109,32686,32206,6402,3370,10108,14046,45415,36167,8583,3743,7322,5310,17591,2711,7559,2159,729,302,1150,2496,34909,1400,5002,888,402,2901,152,6834
968,5418,968.0977653888588,99815,401,213,132,49,43276,22513,0.6591093523017583,272,115,32653,32197,6425,3384,10115,14040,45415,36167,8638,3789,7312,5300,17547,2720,7562,2182,729,312,1169,2491,34842,1399,4993,892,404,2928,155,6878
969,5418,969.2406026578068,99815,402,225,132,49,43339,22555,0.6601612984020437,289,119,32645,32190,6447,3392,10083,14023,45415,36167,8693,3834,7303,5290,17500,2729,7580,2201,728,321,1191,2484,34772,1398,4979,899,407,2952,163,6918
970,5418,970.0025532035286,99815,430,218,132,49,43396,22580,0.6609828182136953,281,133,32614,32170,6454,3414,10087,14014,45415,36167,8747,3879,7296,5283,17469,2736,7578,2219,727,328,1210,2477,34700,1398,4969,904,412,2977,167,6965
971,5418,971.1463494113326,99815,467,223,132,49,43479,22623,0.662245153534038,285,140,32576,32169,6466,3435,10072,13982,45415,36167,8800,3924,7288,5277,17429,2743,7590,2236,725,336,1238,2475,34614,1396,4958,910,413,2997,170,7020
972,5418,972.2908842894562,99815,475,226,132,49,43564,22655,0.6634173220457847,279,151,32547,32165,6513,3437,10052,13970,45415,36167,8852,3969,7278,5268,17378,2752,7620,2247,725,346,1271,2468,34532,1393,4940,917,417,3024,176,7063
973,5418,973.0544196844443,99815,490,235,132,49,43627,22694,0.6644392125432049,276,161,32507,32142,6533,3453,10060,13958,45415,36167,8903,4014,7273,5265,17340,2755,7634,2262,725,351,1298,2459,34449,1390,4934,921,420,3047,180,7112
974,5418,974.2008040741052,99815,467,243,132,49,43700,22735,0.6655813254520864,286,171,32491,32141,6586,3464,10036,13930,45415,36167,8953,4059,7258,5252,17291,2767,7660,2276,724,366,1338,2452,34361,1385,4921,927,425,3073,187,7152
975,5418,975.3479414837965,99815,459,257,132,49,43781,22781,0.6668536793067175,310,163,32462,32153,6628,3479,10007,13897,45415,36167,9002,4103,7247,5241,17248,2777,7679,2297,721,377,1373,2447,34281,1383,4904,937,426,3095,195,7187
976,5418,976.113190888028,99815,452,267,132,49,43828,22815,0.6676651805840805,326,161,32438,32141,6649,3491,10001,13889,45415,36167,9050,4147,7243,5235,17205,2782,7696,2310,720,381,1398,2445,34209,1381,4891,945,428,3117,202,7227
977,5418,977.261869655974,99814,496,281,133,49,43938,22866,0.6692848698579358,304,173,32403,32135,6671,3504,9991,13856,45415,36167,9098,4191,7230,5231,17160,2787,7700,2331,719,393,1440,2442,34131,1380,4873,957,430,3145,206,7259
978,5418,978.0280387908153,99813,487,286,134,49,44006,22904,0.6703535611593681,308,170,32359,32106,6714,3525,9996,13862,45415,36167,9145,4235,7225,5224,17118,2790,7717,2356,718,398,1482,2436,34045,1380,4856,963,435,3161,213,7296
979,5418,979.1789983381743,99813,503,273,134,49,44097,22948,0.6717060903890275,318,207,32314,32076,6750,3556,9979,13837,45415,36167,9191,4279,7212,5214,17061,2794,7743,2377,718,411,1528,2429,33964,1379,4841,965,437,3197,221,7322
980,5418,980.330972919728,99813,508,292,134,49,44185,23012,0.6732289381142736,334,200,32265,32079,6793,3578,9964,13800,45415,36167,9236,4322,7203,5199,17012,2807,7756,2401,717,420,1572,2427,33874,1376,4835,968,437,3222,228,7359
981,5418,981.0996767707571,99813,506,294,134,49,44243,23047,0.6741606804724836,344,199,32231,32066,6824,3594,9959,13796,45415,36167,9280,4365,7196,5195,16981,2807,7765,2424,717,427,1600,2423,33796,1375,4824,972,439,3236,238,7398
982,5418,982.2542809982215,99813,515,295,134,49,44337,23105,0.6756835281977297,375,198,32160,32066,6877,3634,9937,13756,45415,36167,9324,4408,7178,5187,16931,2817,7789,2446,716,444,1639,2416,33716,1372,4807,975,444,3260,253,7423
983,5418,983.0251603027305,99813,544,307,134,49,44421,23150,0.6769759450171822,350,196,32130,32051,6899,3656,9941,13739,45415,36167,9367,4451,7166,5183,16884,2819,7814,2458,716,456,1657,2412,33653,1370,4793,981,446,3285,261,7459
984,5418,984.1830200084795,99813,542,323,134,49,44515,23203,0.6784486990672558,372,192,32080,32063,6961,3669,9909,13702,45415,36167,9409,4493,7149,5168,16844,2833,7835,2475,714,473,1706,2406,33558,1368,4780,987,448,3303,264,7502
985,5418,985.342115790049,99811,584,317,136,49,44641,23262,0.6803157968560579,368,188,32034,32060,6997,3717,9879,13667,45415,36167,9450,4535,7135,5151,16804,2853,7853,2496,713,487,1752,2402,33470,1363,4759,995,450,3320,279,7529
986,5418,986.1154919919485,99811,592,304,136,49,44716,23298,0.6814278987285971,363,183,32004,32045,7028,3751,9875,13666,45415,36167,9491,4577,7124,5145,16766,2862,7861,2520,710,498,1793,2398,33389,1362,4746,998,453,3340,288,7558
987,5418,987.2767714476579,99810,604,313,137,49,44822,23355,0.6830678288748623,382,190,31961,32040,7065,3772,9849,13634,45415,36167,9531,4619,7110,5133,16717,2873,7901,2536,710,511,1835,2389,33307,1360,4722,1007,456,3358,296,7589
988,5418,988.0516469676579,99810,622,303,137,49,44897,23385,0.684119827672578,383,206,31922,32029,7097,3795,9837,13616,45415,36167,9570,4661,7101,5127,16682,2880,7912,2556,710,520,1869,2380,33227,1357,4716,1011,463,3368,303,7628
989,5418,989.2152784575976,99810,614,314,137,49,45002,23444,0.6857629496042481,407,218,31866,32029,7168,3824,9806,13564,45415,36167,9609,4702,7088,5109,16641,2899,7939,2580,710,533,1919,2373,33128,1352,4702,1016,466,3378,311,7666
990,5418,990.3804588139931,99810,613,321,137,49,45117,23505,0.6875262999699429,400,222,31836,32009,7235,3861,9777,13536,45415,36167,9647,4743,7076,5098,16594,2908,7973,2606,709,544,1971,2368,33028,1347,4685,1022,468,3390,320,7703
991,5418,991.1578069841203,99810,614,326,137,49,45186,23542,0.6885883178038272,403,237,31794,31993,7282,3873,9768,13520,45415,36167,9684,4784,7069,5092,16557,2912,7986,2623,709,551,2015,2361,32943,1346,4678,1024,475,3405,327,7737
992,5418,992.3257241746094,99810,630,340,137,49,45302,23610,0.6904318204588719,409,242,31736,31978,7339,3899,9747,13490,45415,36167,9721,4825,7052,5086,16518,2915,8020,2646,708,568,2057,2354,32855,1344,4657,1031,477,3415,340,7767
993,5418,993.1052303081336,99809,639,369,138,49,45370,23664,0.6916610726487591,423,233,31697,31969,7365,3906,9736,13472,45415,36167,9757,4865,7040,5080,16476,2919,8040,2656,708,580,2077,2350,32798,1343,4644,1037,479,3439,349,7794
994,5418,994.2759613283017,99806,650,359,141,49,45488,23723,0.6934553032883795,455,236,31629,31971,7419,3951,9704,13432,45415,36167,9792,4905,7025,5069,16415,2927,8077,2673,708,594,2141,2345,32693,1341,4635,1040,480,3463,362,7818
995,5418,995.0574521684113,99805,663,374,142,49,45589,23777,0.6950152797956014,427,229,31603,31965,7470,3973,9693,13408,45415,36167,9827,4945,7017,5062,16366,2932,8111,2691,708,601,2179,2334,32622,1335,4626,1043,482,3486,369,7841
996,5418,996.2309399409884,99805,679,384,142,49,45711,23849,0.6969590701868644,428,239,31537,31960,7535,4011,9677,13355,45415,36167,9861,4985,7000,5050,16310,2939,8152,2715,708,617,2226,2329,32533,1333,4614,1048,481,3499,383,7868
997,5418,997.0142978520155,99804,659,389,143,49,45785,23890,0.6981183118913069,441,249,31508,31953,7583,4034,9664,13324,45415,36167,9895,5024,6987,5040,16264,2947,8177,2735,706,629,2260,2324,32455,1330,4609,1049,483,3516,394,7899
998,5418,998.1910039631468,99803,689,382,144,49,45919,23961,0.7001793533260523,454,264,31463,31939,7631,4079,9617,13285,45415,36167,9928,5063,6970,5024,16215,2966,8203,2762,704,645,2307,2320,32365,1325,4598,1050,482,3533,416,7918
999,5418,999.3687902798359,99802,709,414,145,49,46042,24046,0.7022704955812509,472,248,31397,31939,7699,4111,9576,13237,45415,36167,9960,5102,6956,5013,16162,2975,8236,2786,702,658,2351,2317,32288,1324,4579,1057,484,3552,425,7937
1000,5418,1000.1549607259482,99801,732,429,146,49,46133,24110,0.7038306229396499,480,222,31337,31935,7744,4143,9559,13220,45415,36167,9992,5140,6945,5005,16124,2981,8255,2809,701,669,2381,2313,32213,1323,4574,1058,488,3559,437,7966
1001,5418,1001.3364124776188,99801,737,414,146,49,46255,24176,0.705714371599483,510,225,31275,31923,7807,4201,9523,13186,45415,36167,10023,5178,6925,4993,16068,2991,8303,2831,699,688,2443,2307,32110,1319,4565,1059,488,3572,452,7988
1002,5418,1002.1252504680375,99801,762,414,146,49,46359,24216,0.7071572429133977,507,230,31241,31919,7844,4221,9498,13165,45415,36167,10054,5216,6921,4982,16037,2999,8321,2854,698,692,2481,2301,32040,1317,4550,1063,489,3586,465,8005
1003,5418,1003.3098986305293,99801,771,391,146,49,46515,24277,0.7093315698239496,498,246,31195,31915,7937,4284,9451,13113,45415,36167,10084,5254,6901,4961,15981,3011,8368,2876,698,712,2560,2297,31920,1315,4536,1068,492,3600,482,8023
1004,5418,1004.1005445423472,99801,792,405,146,49,46623,24334,0.7109848598711436,480,248,31164,31890,7983,4312,9433,13094,45415,36167,10114,5291,6890,4955,15943,3016,8379,2907,698,723,2600,2293,31847,1313,4526,1071,490,3612,498,8040
1005,5418,1005.2879639233405,99801,796,431,146,49,46776,24422,0.7133996653340147,509,249,31090,31886,8067,4342,9390,13041,45415,36167,10143,5328,6870,4941,15891,3022,8434,2937,698,743,2657,2282,31747,1312,4511,1069,492,3619,512,8064
1006,5418,1006.0806846179331,99800,796,427,146,50,46887,24466,0.7149599198396793,503,263,31048,31872,8141,4369,9364,13017,45415,36167,10172,5365,6854,4930,15841,3034,8460,2967,697,759,2695,2279,31676,1307,4500,1071,494,3631,526,8079
1007,5418,1007.2717454259297,99800,801,453,146,50,47028,24548,0.7171943887775551,533,277,30980,31853,8206,4396,9332,12969,45415,36167,10200,5402,6830,4920,15800,3044,8478,3001,696,782,2754,2273,31586,1300,4488,1071,498,3645,541,8093
1008,5418,1008.0668760866719,99800,812,474,146,50,47137,24612,0.7189278557114228,525,274,30948,31816,8255,4425,9312,12959,45415,36167,10228,5438,6814,4914,15770,3047,8492,3031,696,798,2791,2270,31514,1296,4474,1074,498,3654,558,8109
1009,5418,1009.2609944420271,99800,831,454,146,50,47296,24682,0.7212224448897796,523,278,30878,31814,8343,4484,9277,12918,45415,36167,10255,5474,6798,4903,15717,3052,8544,3065,695,814,2871,2262,31401,1289,4455,1077,500,3661,568,8128
1010,5418,1010.0584875313428,99799,837,477,147,50,47387,24752,0.7228429142576579,528,279,30827,31801,8394,4515,9265,12876,45415,36167,10282,5510,6789,4888,15686,3067,8568,3087,695,823,2901,2260,31330,1283,4440,1080,499,3671,581,8151
1011,5418,1011.2567437554911,99799,888,490,147,50,47570,24837,0.7255283119069329,532,277,30750,31795,8462,4562,9219,12824,45415,36167,10308,5545,6778,4869,15626,3085,8609,3115,693,834,2964,2254,31237,1280,4426,1088,501,3680,599,8161
1012,5418,1012.0568030811683,99799,907,490,147,50,47693,24889,0.7272818364913476,519,291,30688,31776,8526,4598,9211,12793,45415,36167,10334,5580,6762,4862,15588,3094,8637,3140,689,850,3005,2249,31159,1275,4414,1092,502,3687,613,8181
1013,5418,1013.2594908637668,99799,904,504,147,50,47861,24984,0.7299171334382109,517,278,30632,31779,8624,4650,9174,12737,45415,36167,10360,5615,6741,4843,15534,3106,8692,3171,686,870,3088,2242,31044,1274,4394,1094,504,3695,630,8191
1014,5418,1014.0627090816114,99799,897,510,147,50,47950,25044,0.7314101343700838,552,275,30574,31755,8666,4690,9162,12718,45415,36167,10385,5650,6724,4834,15495,3119,8718,3194,686,885,3132,2233,30973,1271,4380,1095,507,3709,645,8199
1015,5418,1015.2695829077227,99798,912,503,148,50,48129,25123,0.7340026854245576,555,291,30512,31743,8750,4733,9121,12678,45415,36167,10410,5684,6707,4818,15428,3137,8774,3230,682,899,3213,2225,30866,1268,4358,1095,507,3725,657,8209
1016,5418,1016.0754107078986,99798,912,505,148,50,48237,25172,0.7355758632437523,548,306,30467,31720,8817,4768,9106,12649,45415,36167,10434,5718,6689,4808,15383,3145,8804,3256,682,916,3254,2219,30789,1265,4352,1095,509,3734,665,8233
1017,5418,1017.2862107135646,99797,921,521,149,50,48387,25273,0.7380983396294478,581,297,30399,31714,8888,4823,9060,12593,45415,36167,10458,5752,6671,4792,15334,3159,8846,3290,680,934,3320,2214,30691,1260,4331,1094,510,3744,687,8240
1018,5418,1018.094634000771,99796,933,545,150,50,48514,25350,0.740149905807848,575,297,30328,31695,8960,4855,9052,12556,45415,36167,10482,5786,6647,4781,15293,3170,8863,3324,679,958,3360,2209,30622,1256,4320,1097,510,3753,704,8250
1019,5418,1019.3098660155703,99796,952,548,150,50,48699,25445,0.7429556294841476,598,309,30241,31671,9052,4912,9005,12508,45415,36167,10505,5819,6623,4761,15237,3192,8905,3357,677,981,3449,2198,30505,1251,4306,1098,516,3760,725,8255
1020,5418,1020.1216766248742,99796,984,556,150,50,48848,25507,0.7450699426830735,591,344,30163,31650,9125,4939,8985,12459,45415,36167,10528,5852,6605,4748,15203,3206,8926,3387,677,999,3498,2192,30424,1247,4291,1103,517,3765,742,8266
1021,5418,1021.3424582869005,99796,1003,565,150,50,49050,25613,0.7481562387270031,603,344,30059,31622,9236,5007,8947,12410,45415,36167,10550,5885,6576,4720,15149,3231,8986,3421,674,1027,3577,2184,30313,1245,4269,1104,519,3773,759,8269
1022,5418,1022.1584003506714,99796,989,575,150,50,49163,25700,0.7501603270672171,640,332,29985,31604,9297,5063,8937,12374,45415,36167,10572,5918,6561,4711,15111,3242,9011,3457,672,1041,3646,2177,30216,1240,4257,1106,520,3778,778,8272
1023,5418,1023.3856267102841,99796,1015,583,150,50,49363,25803,0.7531965209026414,621,352,29914,31577,9403,5130,8895,12306,45415,36167,10594,5950,6539,4690,15051,3267,9057,3495,668,1061,3731,2176,30103,1233,4241,1107,518,3784,802,8273
1024,5418,1024.2052107346547,99795,1037,598,151,50,49503,25879,0.7553685054361441,625,349,29849,31552,9469,5170,8867,12279,45415,36167,10615,5982,6521,4681,15007,3274,9086,3521,668,1078,3791,2165,30019,1229,4233,1113,521,3792,819,8277
1025,5418,1025.0263039041401,99794,1060,587,151,51,49645,25946,0.7574703890013428,632,365,29784,31522,9532,5224,8839,12249,45415,36167,10636,6014,6508,4670,14959,3275,9139,3554,667,1090,3838,2158,29936,1229,4219,1113,524,3792,834,8289
1026,5418,1026.2607657858891,99793,1093,625,151,52,49857,26070,0.7608449490445222,629,378,29687,31491,9639,5264,8799,12188,45415,36167,10657,6045,6484,4642,14902,3305,9198,3582,664,1108,3906,2153,29837,1222,4206,1114,524,3804,848,8294
1027,5418,1027.0854708985742,99791,1074,621,151,54,49975,26151,0.7628543656241544,657,375,29613,31473,9727,5316,8776,12159,45415,36167,10677,6076,6461,4630,14857,3322,9241,3606,660,1130,3974,2146,29738,1214,4193,1115,525,3812,869,8298
1028,5418,1028.3261665489563,99791,1094,608,151,54,50196,26270,0.7662614865067993,675,367,29506,31459,9848,5418,8724,12092,45415,36167,10697,6107,6427,4602,14790,3347,9315,3644,659,1159,4072,2137,29604,1210,4172,1119,526,3813,888,8307
1029,5418,1029.1555833597636,99790,1096,611,152,54,50351,26348,0.7686040685439423,691,375,29411,31432,9944,5470,8704,12056,45415,36167,10717,6138,6408,4587,14732,3357,9368,3677,659,1176,4134,2130,29516,1207,4156,1122,528,3820,906,8307
1030,5418,1030.40359800003,99788,1111,630,153,55,50557,26473,0.7719365053914299,695,371,29320,31426,10051,5534,8668,11982,45415,36167,10736,6168,6385,4566,14671,3372,9428,3724,657,1198,4218,2123,29403,1201,4142,1119,529,3824,921,8307
1031,5418,1031.2376692951218,99788,1130,642,153,55,50720,26564,0.7744819016314587,677,367,29249,31397,10149,5591,8640,11946,45415,36167,10755,6198,6364,4553,14624,3388,9471,3754,654,1216,4280,2115,29310,1199,4131,1119,530,3831,943,8306
1032,5418,1032.073677608179,99787,1148,634,153,56,50865,26631,0.7766141882209106,665,387,29185,31379,10223,5634,8624,11908,45415,36167,10774,6228,6344,4541,14582,3403,9511,3778,651,1234,4345,2110,29216,1195,4115,1121,532,3838,955,8316
1033,5418,1033.3309426541687,99785,1145,642,155,56,51097,26754,0.78018740291627,676,408,29083,31353,10371,5710,8568,11829,45415,36167,10792,6258,6316,4515,14516,3436,9572,3829,646,1258,4440,2103,29094,1183,4093,1123,532,3838,985,8306
1034,5418,1034.1714228008693,99785,1143,640,155,56,51241,26840,0.7824923585709275,689,393,29017,31343,10449,5775,8545,11791,45415,36167,10810,6287,6294,4488,14473,3467,9602,3862,644,1275,4507,2098,29001,1178,4081,1122,534,3847,1002,8310
1035,5418,1035.0138318084767,99784,1147,646,156,56,51389,26922,0.7848051791870441,703,386,28943,31327,10534,5829,8515,11754,45415,36167,10828,6316,6279,4474,14421,3488,9642,3894,643,1286,4566,2097,28911,1170,4068,1122,534,3855,1021,8313
1036,5418,1036.281076973247,99782,1170,648,158,56,51623,27049,0.7884387965765368,678,381,28853,31284,10674,5921,8465,11708,45415,36167,10846,6345,6259,4451,14362,3514,9700,3941,639,1305,4673,2088,28768,1166,4047,1122,534,3852,1049,8312
1037,5418,1037.1278903093082,99782,1160,639,158,56,51774,27123,0.7906937122927983,688,387,28784,31283,10780,5970,8428,11663,45415,36167,10863,6374,6235,4429,14315,3525,9742,3978,639,1328,4740,2079,28673,1164,4038,1123,536,3857,1068,8313
1038,5418,1038.4021875445235,99781,1157,648,159,56,51982,27254,0.7940990769785831,703,383,28675,31250,10913,6053,8391,11608,45415,36167,10880,6402,6195,4409,14251,3546,9807,4020,639,1366,4832,2073,28546,1156,4021,1125,538,3856,1093,8308
1039,5418,1039.2542717142214,99781,1176,664,159,56,52132,27348,0.7965444323067518,712,367,28592,31229,10978,6102,8381,11580,45415,36167,10897,6430,6173,4395,14214,3561,9840,4053,638,1385,4894,2070,28455,1153,4006,1127,540,3857,1108,8312
1040,5418,1040.1084464472417,99781,1188,672,159,56,52277,27424,0.7987592828293963,711,389,28535,31194,11036,6146,8369,11541,45415,36167,10913,6458,6158,4383,14172,3573,9875,4090,636,1398,4944,2065,28379,1150,3992,1130,541,3858,1123,8314
1041,5418,1041.3927230688766,99781,1222,669,159,56,52512,27561,0.802487447510047,725,375,28454,31178,11130,6249,8308,11471,45415,36167,10929,6486,6131,4364,14121,3587,9934,4135,635,1422,5057,2058,28234,1146,3975,1131,540,3856,1157,8298
1042,5418,1042.250673083705,99780,1247,673,160,56,52687,27644,0.8050811785929044,725,393,28358,31149,11218,6306,8290,11421,45415,36167,10945,6513,6114,4355,14077,3594,9976,4168,634,1435,5126,2050,28138,1144,3962,1130,541,3865,1179,8292
1043,5418,1043.1109612240484,99780,1226,680,160,56,52849,27736,0.8076267789136099,712,393,28296,31125,11335,6371,8269,11373,45415,36167,10961,6540,6090,4337,14021,3608,10039,4203,632,1458,5184,2046,28045,1140,3943,1131,542,3868,1205,8288
1044,5418,1044.4055105753419,99779,1214,671,161,56,53071,27853,0.8110323815632547,726,391,28229,31107,11454,6455,8214,11318,45415,36167,10976,6567,6056,4312,13953,3638,10104,4248,629,1491,5285,2036,27916,1128,3926,1129,542,3875,1233,8278
1045,5418,1045.270337909599,99779,1232,647,161,56,53221,27920,0.8132071878852264,737,425,28177,31063,11515,6526,8176,11281,45415,36167,10991,6594,6031,4298,13913,3655,10142,4280,629,1513,5352,2028,27829,1123,3909,1131,543,3876,1252,8275
1046,5418,1046.136393862686,99779,1231,652,161,56,53393,28002,0.8157528137183174,707,427,28111,31038,11625,6575,8163,11250,45415,36167,11006,6620,6014,4278,13863,3672,10198,4316,626,1526,5411,2020,27749,1118,3892,1133,546,3881,1271,8265
1047,5418,1047.0046231683377,99779,1248,679,161,56,53554,28103,0.818378616743002,705,408,28052,31014,11694,6624,8138,11217,45415,36167,11021,6646,6000,4260,13820,3682,10249,4343,626,1540,5468,2015,27663,1114,3878,1135,546,3884,1292,8264
1048,5418,1048.31006798356,99777,1239,670,161,58,53772,28233,0.8218827986409694,738,411,27954,30993,11818,6721,8088,11145,45415,36167,11036,6672,5978,4236,13746,3704,10326,4392,625,1555,5576,2010,27521,1109,3861,1133,547,3883,1317,8258
1049,5418,1049.1826576800606,99777,1259,658,161,58,53936,28311,0.824308207302284,726,431,27885,30965,11900,6782,8067,11104,45415,36167,11050,6698,5959,4222,13705,3712,10368,4429,623,1573,5645,2008,27424,1105,3848,1129,547,3888,1333,8259
1050,5418,1050.0573970203868,99777,1269,678,161,58,54107,28420,0.8271144652575243,730,418,27815,30945,11986,6841,8037,11058,45415,36167,11064,6723,5940,4204,13656,3729,10422,4459,621,1589,5711,2003,27329,1099,3838,1126,549,3891,1357,8254
1051,5418,1051.3731701702052,99776,1281,676,162,58,54368,28557,0.8311116901860167,727,405,27723,30928,12120,6944,7985,10987,45415,36167,11078,6748,5910,4181,13585,3745,10496,4525,617,1613,5804,1994,27205,1094,3825,1124,547,3894,1376,8241
1052,5418,1052.2527199276278,99776,1251,688,162,58,54518,28655,0.8335972578576011,728,398,27651,30900,12238,7003,7968,10951,45415,36167,11092,6773,5893,4155,13536,3772,10531,4565,616,1626,5876,1990,27107,1088,3817,1124,546,3901,1401,8232
1053,5418,1053.1347678007223,99776,1253,679,162,58,54664,28732,0.8358322642719692,742,408,27600,30878,12301,7058,7940,10917,45415,36167,11105,6798,5881,4136,13489,3796,10568,4605,615,1632,5938,1987,27020,1084,3806,1126,543,3900,1422,8228
1054,5418,1054.0185506534822,99776,1276,672,162,58,54830,28811,0.8382877645926876,761,435,27518,30840,12364,7116,7917,10877,45415,36167,11118,6823,5859,4121,13451,3807,10611,4645,612,1653,5983,1979,26939,1081,3798,1125,544,3898,1438,8232
1055,5418,1055.3478087473625,99776,1309,691,162,58,55091,28963,0.8424270365618987,722,417,27464,30833,12474,7193,7867,10806,45415,36167,11131,6847,5830,4100,13382,3820,10689,4696,610,1678,6069,1969,26819,1081,3785,1122,544,3900,1471,8211
1056,5418,1056.2356531946007,99776,1308,718,162,58,55247,29062,0.8449827613855035,745,412,27395,30803,12553,7235,7835,10772,45415,36167,11144,6871,5818,4088,13345,3823,10731,4740,608,1690,6127,1960,26735,1079,3769,1122,545,3900,1491,8205
1057,5418,1057.1251154740523,99776,1287,740,162,58,55407,29165,0.8476186658114175,758,410,27328,30788,12652,7282,7811,10720,45415,36167,11157,6895,5797,4069,13297,3836,10791,4782,606,1709,6182,1952,26653,1076,3749,1126,546,3896,1509,8200
1058,5418,1058.0167254651594,99775,1292,753,162,59,55555,29263,0.8500927085943373,779,406,27245,30776,12730,7334,7790,10670,45415,36167,11170,6919,5780,4058,13265,3857,10823,4828,602,1719,6227,1944,26574,1071,3738,1127,545,3895,1523,8199
1059,5418,1059.3577666848964,99775,1292,731,162,59,55804,29389,0.8538511651215235,766,426,27190,30740,12863,7428,7725,10614,45415,36167,11182,6942,5746,4029,13200,3882,10905,4885,600,1747,6329,1937,26444,1062,3718,1127,545,3888,1543,8188
1060,5418,1060.2538667075712,99775,1287,725,162,59,55982,29479,0.8565372087196191,769,439,27138,30705,12951,7500,7691,10570,45415,36167,11194,6965,5724,4013,13150,3901,10951,4931,597,1762,6402,1932,26352,1056,3707,1125,545,3886,1570,8171
1061,5418,1061.1517818795473,99775,1281,711,162,59,56143,29564,0.8590027562014533,785,467,27095,30671,13027,7570,7648,10520,45415,36167,11206,6988,5709,4004,13095,3913,11003,4979,594,1775,6465,1924,26263,1052,3689,1128,544,3887,1591,8160
1062,5418,1062.0509439066188,99774,1275,704,163,59,56324,29666,0.8618477759737005,768,460,27037,30646,13143,7639,7612,10490,45415,36167,11218,7011,5688,3985,13041,3930,11077,5022,593,1794,6520,1916,26172,1045,3668,1131,542,3885,1615,8150
1063,5418,1063.4034127922346,99773,1281,699,164,59,56592,29813,0.8660158559931044,763,467,26966,30603,13276,7740,7548,10430,45415,36167,11230,7034,5645,3967,12974,3946,11155,5082,587,1830,6628,1906,26034,1038,3648,1130,542,3880,1647,8134
1064,5418,1064.307078778323,99773,1279,704,164,59,56747,29907,0.8685115211530173,798,491,26884,30556,13363,7792,7510,10396,45415,36167,11241,7056,5628,3952,12931,3956,11194,5131,586,1843,6681,1905,25956,1033,3632,1130,543,3880,1663,8129
1065,5418,1065.2128671532205,99773,1281,722,164,59,56922,30010,0.8712978461106712,817,474,26804,30547,13459,7839,7473,10357,45415,36167,11252,7078,5605,3939,12879,3962,11249,5167,586,1862,6740,1900,25872,1029,3622,1129,545,3883,1684,8120
1066,5418,1066.1212403975355,99773,1295,722,164,59,57088,30113,0.873993966303509,827,479,26743,30511,13540,7910,7429,10317,45415,36167,11263,7100,5584,3928,12832,3972,11300,5205,585,1876,6795,1895,25790,1026,3614,1125,547,3880,1718,8101
1067,5418,1067.031623641382,99772,1314,706,165,59,57271,30201,0.8767189191356293,805,509,26676,30482,13636,7975,7402,10267,45415,36167,11274,7122,5560,3916,12777,3971,11360,5245,585,1897,6860,1891,25698,1024,3604,1125,546,3878,1739,8096
1068,5418,1068.4009414657735,99772,1328,731,165,59,57553,30361,0.8811490197650643,789,509,26585,30442,13787,8055,7344,10202,45415,36167,11285,7144,5531,3894,12710,3977,11449,5300,584,1925,6967,1883,25563,1020,3579,1123,546,3873,1777,8071
1069,5418,1069.3163229158197,99772,1350,763,165,59,57740,30482,0.884236058212725,804,493,26506,30402,13848,8108,7325,10173,45415,36167,11296,7165,5506,3884,12667,3979,11501,5349,582,1947,7015,1880,25494,1014,3561,1121,547,3869,1797,8059
1070,5418,1070.2338671677487,99772,1346,793,165,59,57915,30604,0.887212845287255,822,483,26425,30368,13939,8149,7301,10146,45415,36167,11307,7186,5471,3869,12621,3990,11554,5393,582,1979,7067,1876,25412,1008,3552,1121,544,3864,1821,8048
1071,5418,1071.1539904828833,99772,1366,799,165,59,58095,30707,0.8900493124323458,821,500,26370,30346,14004,8200,7272,10094,45415,36167,11317,7207,5448,3849,12581,4006,11588,5437,581,2000,7132,1873,25325,1004,3545,1123,543,3859,1844,8034
1072,5418,1072.07590476237,99771,1400,808,165,60,58298,30831,0.8933357388419481,801,493,26310,30310,14096,8276,7226,10051,45415,36167,11327,7228,5421,3831,12537,4029,11648,5475,580,2019,7189,1867,25233,998,3527,1125,543,3854,1866,8029
1073,5418,1073.4626401173496,99771,1376,824,165,60,58558,31014,0.897775906826633,814,466,26203,30281,14268,8385,7172,9982,45415,36167,11337,7249,5384,3802,12478,4054,11733,5548,575,2049,7272,1861,25103,988,3508,1121,540,3848,1898,8009
1074,5418,1074.3901413693711,99770,1396,816,165,61,58757,31114,0.9007817981357121,805,459,26117,30280,14374,8437,7141,9945,45415,36167,11347,7269,5355,3791,12442,4068,11772,5594,574,2070,7352,1848,24996,985,3496,1122,540,3845,1924,7996
1075,5418,1075.3206259092447,99769,1370,806,166,61,58915,31219,0.9034269161763674,832,458,26056,30257,14452,8513,7122,9903,45415,36167,11357,7289,5328,3772,12389,4085,11836,5637,573,2091,7419,1840,24899,981,3484,1124,540,3838,1945,7988
1076,5418,1076.2534542572412,99768,1387,801,167,61,59112,31314,0.9063627616069281,832,469,25990,30224,14530,8584,7092,9859,45415,36167,11367,7309,5304,3753,12343,4098,11885,5693,571,2111,7468,1831,24819,977,3476,1122,541,3830,1967,7979
1077,5418,1077.188276221383,99768,1418,825,167,61,59313,31435,0.9095902493785583,807,451,25938,30204,14602,8639,7066,9818,45415,36167,11377,7329,5293,3736,12303,4109,11927,5750,569,2117,7522,1827,24741,974,3459,1125,539,3828,1986,7963
1078,5418,1078.1251730322913,99768,1450,821,167,61,59499,31537,0.9124769465159169,827,449,25869,30184,14650,8713,7035,9770,45415,36167,11386,7349,5266,3719,12250,4123,11984,5788,567,2142,7578,1823,24660,970,3450,1121,540,3825,2011,7951
1079,5418,1079.0640189617109,99768,1469,804,167,61,59702,31633,0.9154738994467164,804,451,25800,30160,14751,8790,7007,9732,45415,36167,11395,7368,5242,3702,12205,4138,12028,5843,565,2163,7642,1819,24568,963,3440,1119,541,3818,2038,7934
1080,5418,1080.0052092031144,99768,1483,803,167,61,59894,31738,0.9184508058696175,785,474,25745,30123,14837,8852,6981,9685,45415,36167,11404,7387,5212,3686,12165,4153,12070,5897,563,2187,7699,1811,24482,961,3423,1118,542,3813,2059,7927
1081,5418,1081.42110819307,99768,1429,807,167,61,60161,31897,0.9227207120519606,816,480,25658,30076,15008,8952,6920,9622,45415,36167,11413,7406,5178,3656,12098,4178,12165,5959,560,2208,7816,1800,24336,954,3398,1118,542,3813,2099,7890
1082,5418,1082.3679434550477,99767,1405,813,168,61,60347,32024,0.9258672707408261,810,448,25595,30058,15134,9038,6886,9580,45415,36167,11422,7425,5155,3629,12037,4200,12238,6010,558,2227,7882,1793,24239,947,3385,1117,541,3813,2116,7880
1083,5418,1083.3173614563523,99764,1413,822,170,62,60553,32141,0.9291327532977828,800,433,25518,30043,15234,9099,6863,9539,45415,36167,11431,7444,5132,3613,11988,4209,12291,6061,556,2245,7949,1789,24144,938,3373,1117,541,3815,2134,7869
1084,5418,1084.2697555368734,99764,1403,819,170,62,60739,32234,0.931929353273726,805,444,25465,30025,15323,9148,6832,9500,45415,36167,11440,7463,5113,3594,11934,4225,12348,6111,554,2257,8012,1783,24053,934,3360,1118,542,3814,2150,7862
1085,5418,1085.2242398820276,99762,1410,810,170,64,60944,32335,0.9350153365008721,791,457,25402,29986,15419,9221,6806,9460,45415,36167,11449,7481,5091,3570,11879,4251,12401,6153,554,2274,8083,1776,23958,927,3349,1117,542,3817,2175,7845
1086,5418,1086.1811057549637,99762,1366,801,170,64,61118,32442,0.9378320402558088,808,459,25358,29961,15529,9293,6767,9420,45415,36167,11457,7499,5064,3549,11817,4273,12470,6205,552,2297,8145,1770,23868,919,3336,1115,543,3812,2204,7823
1087,5418,1087.1401588689569,99761,1391,798,170,65,61314,32553,0.9409187959222541,783,459,25306,29933,15604,9364,6744,9379,45415,36167,11465,7517,5045,3536,11774,4285,12524,6249,551,2310,8209,1764,23773,915,3326,1113,545,3809,2224,7809
1088,5418,1088.1009570562344,99761,1385,807,170,65,61500,32665,0.9439059351850924,771,457,25270,29915,15689,9428,6713,9326,45415,36167,11473,7535,5028,3521,11713,4296,12616,6290,549,2324,8262,1756,23694,907,3300,1112,546,3808,2240,7799
1089,5418,1089.0634520168323,99761,1382,798,170,65,61669,32778,0.946732691131805,776,467,25217,29900,15758,9499,6695,9269,45415,36167,11481,7553,5005,3501,11658,4311,12675,6332,549,2343,8325,1750,23604,902,3295,1110,546,3805,2271,7779
1090,5418,1090.027774320886,99761,1360,795,170,65,61853,32878,0.9495794949930334,766,457,25165,29895,15864,9553,6673,9233,45415,36167,11489,7571,4986,3480,11601,4319,12753,6380,548,2357,8384,1745,23514,900,3283,1109,545,3798,2290,7769
1091,5418,1091.478557699369,99760,1346,790,170,66,62117,33038,0.9538392141138733,812,480,25089,29858,15985,9645,6596,9159,45415,36167,11497,7588,4955,3459,11527,4326,12856,6439,546,2380,8493,1736,23370,895,3267,1108,544,3797,2317,7745
1092,5418,1092.4477238571224,99758,1354,793,171,67,62317,33150,0.9569859058922593,796,469,25033,29844,16071,9710,6573,9115,45415,36167,11505,7605,4932,3446,11476,4326,12933,6481,544,2400,8549,1732,23275,892,3254,1105,544,3794,2332,7743
1093,5418,1093.4189900538984,99758,1345,805,171,67,62500,33269,0.960013232021492,801,443,24991,29842,16147,9770,6543,9071,45415,36167,11513,7622,4907,3429,11426,4338,12994,6536,544,2423,8605,1727,23187,887,3238,1104,544,3793,2342,7734
1094,5418,1094.392460226206,99758,1324,811,171,67,62667,33369,0.9626897090960124,796,462,24930,29815,16249,9816,6528,9027,45415,36167,11521,7639,4888,3412,11379,4356,13054,6586,541,2438,8653,1722,23108,881,3224,1103,545,3792,2354,7722
