,indexID,time,N,Inf_L,Inf_H,Dead_L,Dead_H,cum_cases_L,cum_cases_H,cum_sum_per_N,Exposed_L,Exposed_H,Sus_L,Sus_H,Rec_nat_L,Rec_nat_H,Rec_vax_L,Rec_vax_H,vaccinatedH,vaccinatedL,boostedH,boostedL,count_Naive,count_Delta,count_Delta_vaccine,count_two,count_three,count_four,count_Omicron,count_Omicron_star,count_Omicron_star_vaccine,count_Omicron_vaccine,count_Vaccine,count_WT,count_WT_vaccine,count_WT_vaccine_boost,count_Omicron_vaccine_boost,count_Delta_vaccine_boost,count_Omicron_star_vaccine_boost,count_Vaccine_boost
0,5516,1.1735482880659411,99996,3,5,0,0,4,6,0.0001000040001600064,22,19,49972,49973,1,1,0,0,0,0,0,0,99994,0,0,0,0,0,0,0,0,0,0,2,0,0,0,0,0,0
1,5516,2.003757306246904,99996,7,8,0,0,8,10,0.00018000720028801153,21,15,49969,49973,1,2,0,0,0,0,0,0,99993,0,0,0,0,0,0,0,0,0,0,3,0,0,0,0,0,0
2,5516,3.0324025875369123,99996,15,13,0,0,18,15,0.0003300132005280211,12,12,49968,49971,3,2,0,0,0,0,0,0,99991,0,0,0,0,0,0,0,0,0,0,5,0,0,0,0,0,0
3,5516,4.103748139745526,99996,17,16,0,0,22,22,0.00044001760070402814,12,7,49964,49969,5,6,0,0,0,0,0,0,99985,0,0,0,0,0,0,0,0,0,0,11,0,0,0,0,0,0
4,5516,5.1255425246469155,99996,15,15,0,0,24,23,0.00047001880075203006,13,10,49961,49965,9,8,0,0,0,0,0,0,99979,0,0,0,0,0,0,0,0,0,0,17,0,0,0,0,0,0
5,5516,6.020584554738565,99996,8,8,0,0,24,23,0.00047001880075203006,15,11,49959,49964,16,15,0,0,0,0,0,0,99965,0,0,0,0,0,0,0,0,0,0,31,0,0,0,0,0,0
6,5516,7.002181073552717,99996,14,9,0,0,30,25,0.0005500220008800352,9,9,49959,49964,16,16,0,0,0,0,0,0,99964,0,0,0,0,0,0,0,0,0,0,32,0,0,0,0,0,0
7,5516,8.02022101642628,99996,17,11,0,0,34,29,0.0006300252010080403,8,6,49956,49963,17,18,0,0,0,0,0,0,99961,0,0,0,0,0,0,0,0,0,0,35,0,0,0,0,0,0
8,5516,9.008336130837112,99996,16,13,0,0,36,33,0.0006900276011040442,8,4,49954,49961,20,20,0,0,0,0,0,0,99956,0,0,0,0,0,0,0,0,0,0,40,0,0,0,0,0,0
9,5516,10.043118377929249,99996,15,13,0,0,38,35,0.0007300292011680467,11,3,49950,49960,22,22,0,0,0,0,0,0,99951,0,0,0,0,0,0,0,0,0,0,45,0,0,0,0,0,0
10,5516,11.210583877156377,99996,15,12,0,0,41,35,0.0007600304012160486,11,3,49947,49960,25,23,0,0,0,0,0,0,99947,0,0,0,0,0,0,0,0,0,0,49,0,0,0,0,0,0
11,5516,12.034603208945123,99996,16,11,0,0,43,35,0.00078003120124805,13,4,49943,49959,26,24,0,0,0,0,0,0,99945,0,0,0,0,0,0,0,0,0,0,51,0,0,0,0,0,0
12,5516,13.02402324788635,99996,18,10,0,0,48,35,0.0008300332013280532,8,4,49943,49959,29,25,0,0,0,0,0,0,99941,0,0,0,0,0,0,0,0,0,0,55,0,0,0,0,0,0
13,5516,14.037424512159829,99996,18,9,0,0,49,37,0.0008600344013760551,13,5,49937,49956,30,28,0,0,0,0,0,0,99937,0,0,0,0,0,0,0,0,0,0,59,0,0,0,0,0,0
14,5516,15.009160701188483,99996,25,11,0,0,56,40,0.0009600384015360614,8,4,49935,49954,30,29,0,0,0,0,0,0,99936,0,0,0,0,0,0,0,0,0,0,60,0,0,0,0,0,0
15,5516,16.141382211090264,99996,27,11,0,0,63,40,0.0010300412016480659,10,6,49926,49952,35,29,0,0,0,0,0,0,99931,0,0,0,0,0,0,0,0,0,0,65,0,0,0,0,0,0
16,5516,17.013034758512426,99996,28,10,0,0,66,41,0.0010700428017120685,10,9,49923,49948,37,31,0,0,0,0,0,0,99927,0,0,0,0,0,0,0,0,0,0,69,0,0,0,0,0,0
17,5516,18.060219008832643,99996,27,12,0,0,68,43,0.001110044401776071,11,10,49920,49945,40,31,0,0,0,0,0,0,99924,0,0,0,0,0,0,0,0,0,0,72,0,0,0,0,0,0
18,5516,19.064341311490566,99996,29,14,0,0,73,47,0.0012000480019200767,12,8,49915,49943,42,33,0,0,0,0,0,0,99919,0,0,0,0,0,0,0,0,0,0,77,0,0,0,0,0,0
19,5516,20.041626004619935,99996,27,13,0,0,76,48,0.0012400496019840794,11,10,49913,49940,47,35,0,0,0,0,0,0,99912,0,0,0,0,0,0,0,0,0,0,84,0,0,0,0,0,0
20,5516,21.10571975762069,99996,24,14,0,0,78,51,0.0012900516020640826,16,8,49906,49940,52,36,0,0,0,0,0,0,99905,0,0,0,0,0,0,0,0,0,0,91,0,0,0,0,0,0
21,5516,22.084116285431765,99996,21,13,0,0,79,52,0.0013100524020960838,18,9,49903,49938,56,38,0,0,0,0,0,0,99899,0,0,0,0,0,0,0,0,0,0,97,0,0,0,0,0,0
22,5516,23.058011821769348,99996,25,15,0,0,84,55,0.001390055602224089,17,9,49899,49935,57,39,0,0,0,0,0,0,99897,0,0,0,0,0,0,0,0,0,0,99,0,0,0,0,0,0
23,5516,24.177249318131,99996,27,17,0,0,88,59,0.001470058802352094,16,8,49896,49932,59,41,0,0,0,0,0,0,99893,0,0,0,0,0,0,0,0,0,0,103,0,0,0,0,0,0
24,5516,25.12377922775981,99996,23,16,0,0,89,60,0.0014900596023840955,17,8,49894,49931,64,43,0,0,0,0,0,0,99886,0,0,0,0,0,0,0,0,0,0,110,0,0,0,0,0,0
25,5516,26.256924848760825,99996,27,14,0,0,95,61,0.0015600624024961,13,12,49893,49926,65,46,0,0,0,0,0,0,99881,0,0,0,0,0,0,0,0,0,0,115,0,0,0,0,0,0
26,5516,27.166878364518364,99996,28,15,0,0,99,65,0.001640065602624105,9,12,49893,49922,68,49,0,0,0,0,0,0,99875,0,0,0,0,0,0,0,0,0,0,121,0,0,0,0,0,0
27,5516,28.079939779293728,99995,28,16,1,0,101,69,0.0017000850042502124,10,11,49890,49919,69,52,0,0,0,0,0,0,99870,0,0,0,0,0,0,0,0,0,0,125,0,0,0,0,0,0
28,5516,29.070984007873488,99995,31,19,1,0,106,75,0.0018100905045252262,12,10,49883,49915,71,54,0,0,0,0,0,0,99865,0,0,0,0,0,0,0,0,0,0,130,0,0,0,0,0,0
29,5516,30.210945862356866,99995,34,17,1,0,111,78,0.0018900945047252364,15,11,49875,49911,73,59,0,0,0,0,0,0,99858,0,0,0,0,0,0,0,0,0,0,137,0,0,0,0,0,0
30,5516,31.101896935914922,99995,34,18,1,0,115,80,0.0019500975048752439,14,10,49872,49910,77,60,0,0,0,0,0,0,99853,0,0,0,0,0,0,0,0,0,0,142,0,0,0,0,0,0
31,5516,32.22553818755045,99995,38,14,1,0,121,84,0.002050102505125256,14,12,49868,49905,77,67,0,0,0,0,0,0,99843,0,0,0,0,0,0,0,0,0,0,152,0,0,0,0,0,0
32,5516,33.138442848864415,99995,37,14,1,0,126,86,0.002120106005300265,16,15,49861,49900,83,69,0,0,0,0,0,0,99835,0,0,0,0,0,0,0,0,0,0,160,0,0,0,0,0,0
33,5516,34.188951925063186,99995,31,18,1,0,128,90,0.0021801090054502726,21,14,49855,49898,90,68,0,0,0,0,0,0,99827,0,0,0,0,0,0,0,0,0,0,168,0,0,0,0,0,0
34,5516,35.16197375537188,99995,34,19,1,0,133,94,0.0022701135056752836,20,11,49852,49897,91,71,0,0,0,0,0,0,99822,0,0,0,0,0,0,0,0,0,0,173,0,0,0,0,0,0
35,5516,36.03330324923881,99995,37,19,1,0,139,96,0.0023501175058752936,21,14,49846,49893,93,72,0,0,0,0,0,0,99817,0,0,0,0,0,0,0,0,0,0,178,0,0,0,0,0,0
36,5516,37.11912868042835,99995,35,22,1,0,144,101,0.002450122506125306,21,12,49842,49890,99,74,0,0,0,0,0,0,99808,0,0,0,0,0,0,0,0,0,0,187,0,0,0,0,0,0
37,5516,38.07456982572427,99995,32,22,1,0,146,103,0.0024901245062253115,25,11,49836,49889,104,76,0,0,0,0,0,0,99801,0,0,0,0,0,0,0,0,0,0,194,0,0,0,0,0,0
38,5516,39.098980010319984,99995,33,20,1,0,149,104,0.0025301265063253165,28,11,49830,49888,106,79,0,0,0,0,0,0,99796,0,0,0,0,0,0,0,0,0,0,199,0,0,0,0,0,0
39,5516,40.29816734258442,99995,37,22,1,0,157,108,0.0026501325066253315,27,8,49823,49887,110,81,0,0,0,0,0,0,99790,0,0,0,0,0,0,0,0,0,0,205,0,0,0,0,0,0
40,5516,41.12491867893744,99995,36,22,1,0,162,110,0.00272013600680034,30,11,49815,49882,116,83,0,0,0,0,0,0,99782,0,0,0,0,0,0,0,0,0,0,213,0,0,0,0,0,0
41,5516,42.10723006729296,99995,39,21,1,0,169,112,0.0028101405070253514,26,12,49812,49879,120,86,0,0,0,0,0,0,99775,0,0,0,0,0,0,0,0,0,0,220,0,0,0,0,0,0
42,5516,43.09823791649344,99995,38,21,1,0,172,113,0.0028501425071253564,31,11,49804,49879,124,87,0,0,0,0,0,0,99770,0,0,0,0,0,0,0,0,0,0,225,0,0,0,0,0,0
43,5516,44.13930970290778,99995,43,20,1,0,181,115,0.00296014800740037,27,13,49799,49875,128,90,0,0,0,0,0,0,99763,0,0,0,0,0,0,0,0,0,0,232,0,0,0,0,0,0
44,5516,45.07554346511766,99995,43,24,1,0,186,120,0.0030601530076503824,29,10,49792,49873,133,91,0,0,0,0,0,0,99757,0,0,0,0,0,0,0,0,0,0,238,0,0,0,0,0,0
45,5516,46.04888922848409,99995,42,25,1,0,192,124,0.003160158007900395,35,9,49781,49871,139,93,0,0,0,0,0,0,99747,0,0,0,0,0,0,0,0,0,0,248,0,0,0,0,0,0
46,5516,47.20548257796441,99995,37,25,1,0,197,128,0.0032501625081254064,36,11,49776,49865,148,97,0,0,0,0,0,0,99733,0,0,0,0,0,0,0,0,0,0,262,0,0,0,0,0,0
47,5516,48.15326314884776,99995,40,25,1,0,208,132,0.003400170008500425,34,9,49768,49864,155,100,0,0,0,0,0,0,99721,0,0,0,0,0,0,0,0,0,0,274,0,0,0,0,0,0
48,5516,49.02864850946495,99995,42,25,1,0,214,135,0.0034901745087254363,35,8,49761,49862,159,103,0,0,0,0,0,0,99714,0,0,0,0,0,0,0,0,0,0,281,0,0,0,0,0,0
49,5516,50.051326102151776,99995,51,19,1,0,229,137,0.0036601830091504573,34,8,49747,49861,165,110,0,0,0,0,0,0,99700,0,0,0,0,0,0,0,0,0,0,295,0,0,0,0,0,0
50,5516,51.14552145284704,99995,50,16,1,0,235,138,0.0037301865093254663,31,9,49745,49860,171,113,0,0,0,0,0,0,99689,0,0,0,0,0,0,0,0,0,0,306,0,0,0,0,0,0
51,5516,52.0889088691807,99995,45,13,1,0,241,141,0.0038201910095504777,28,7,49742,49859,182,119,0,0,0,0,0,0,99672,0,0,0,0,0,0,0,0,0,0,323,0,0,0,0,0,0
52,5516,53.11889457706817,99995,38,11,1,0,243,143,0.0038601930096504827,33,8,49735,49857,191,122,0,0,0,0,0,0,99659,0,0,0,0,0,0,0,0,0,0,336,0,0,0,0,0,0
53,5516,54.086068726786564,99995,43,14,1,0,252,147,0.003990199509975499,28,9,49733,49852,193,123,0,0,0,0,0,0,99654,0,0,0,0,0,0,0,0,0,0,341,0,0,0,0,0,0
54,5516,55.05182722000946,99995,46,12,1,0,258,148,0.004060203010150507,29,11,49728,49849,194,126,0,0,0,0,0,0,99648,0,0,0,0,0,0,0,0,0,0,347,0,0,0,0,0,0
55,5516,56.073347004316396,99995,41,12,1,0,263,150,0.004130206510325516,30,12,49722,49846,204,128,0,0,0,0,0,0,99636,0,0,0,0,0,0,0,0,0,0,359,0,0,0,0,0,0
56,5516,57.173096442187166,99995,38,12,1,0,266,153,0.004190209510475524,33,11,49717,49844,209,131,0,0,0,0,0,0,99627,0,0,0,0,0,0,0,0,0,0,368,0,0,0,0,0,0
57,5516,58.23929173925971,99995,46,11,1,0,280,155,0.004350217510875544,28,12,49708,49841,215,134,0,0,0,0,0,0,99618,0,0,0,0,0,0,0,0,0,0,377,0,0,0,0,0,0
58,5516,59.217810518347164,99995,49,15,1,0,288,160,0.00448022401120056,24,8,49704,49840,220,135,0,0,0,0,0,0,99612,0,0,0,0,0,0,0,0,0,0,383,0,0,0,0,0,0
59,5516,60.0225865736336,99995,49,14,1,0,296,160,0.00456022801140057,22,13,49699,49835,227,136,0,0,0,0,0,0,99603,0,0,0,0,0,0,0,0,0,0,392,0,0,0,0,0,0
60,5516,61.01057515878467,99995,44,15,1,0,300,164,0.00464023201160058,22,11,49695,49834,236,138,0,0,0,0,0,0,99591,0,0,0,0,0,0,0,0,0,0,404,0,0,0,0,0,0
61,5516,62.055437635985655,99995,43,16,1,0,305,165,0.004700235011750587,23,16,49691,49828,240,138,0,0,0,0,0,0,99585,0,0,0,0,0,0,0,0,0,0,410,0,0,0,0,0,0
62,5516,63.18692550022751,99995,44,14,1,0,312,167,0.004790239511975599,21,17,49687,49825,245,142,0,0,0,0,0,0,99575,0,0,0,0,0,0,0,0,0,0,420,0,0,0,0,0,0
63,5516,64.07237643929551,99995,45,17,1,0,317,170,0.004870243512175609,19,17,49684,49822,249,142,0,0,0,0,0,0,99571,0,0,0,0,0,0,0,0,0,0,424,0,0,0,0,0,0
64,5516,65.08343960122177,99995,46,19,1,0,323,174,0.004970248512425621,17,21,49680,49814,254,144,0,0,0,0,0,0,99564,0,0,0,0,0,0,0,0,0,0,431,0,0,0,0,0,0
65,5516,66.06617776137522,99995,46,26,1,0,330,184,0.005140257012850643,14,14,49676,49812,261,146,0,0,0,0,0,0,99554,0,0,0,0,0,0,0,0,0,0,441,0,0,0,0,0,0
66,5516,67.01176428139891,99995,46,30,1,0,340,190,0.005300265013250663,13,11,49668,49809,270,148,0,0,0,0,0,0,99542,0,0,0,0,0,0,0,0,0,0,453,0,0,0,0,0,0
67,5516,68.07124953622574,99995,38,30,1,0,344,194,0.005380269013450673,13,14,49665,49802,281,152,0,0,0,0,0,0,99526,0,0,0,0,0,0,0,0,0,0,469,0,0,0,0,0,0
68,5516,69.10437597724969,99995,34,27,1,0,346,194,0.005400270013500675,19,16,49659,49800,285,155,0,0,0,0,0,0,99517,0,0,0,0,0,0,0,0,0,0,478,0,0,0,0,0,0
69,5516,70.07961473617283,99995,34,27,1,0,348,199,0.005470273513675684,22,17,49655,49794,286,160,0,0,0,0,0,0,99510,0,0,0,0,0,0,0,0,0,0,485,0,0,0,0,0,0
70,5516,71.15446598231202,99995,37,29,1,0,355,204,0.005590279513975699,22,17,49649,49789,289,163,0,0,0,0,0,0,99503,0,0,0,0,0,0,0,0,0,0,492,0,0,0,0,0,0
71,5516,72.28826225277854,99995,36,32,1,0,360,209,0.005690284514225711,24,14,49643,49787,294,165,0,0,0,0,0,0,99495,0,0,0,0,0,0,0,0,0,0,500,0,0,0,0,0,0
72,5516,73.28356293284693,99994,38,32,2,0,367,214,0.005810348620917255,23,16,49639,49780,296,170,0,0,0,0,0,0,99485,0,0,0,0,0,0,0,0,0,0,509,0,0,0,0,0,0
73,5516,74.00237263326086,99994,40,32,2,0,371,218,0.005890353421205272,26,14,49632,49778,298,174,0,0,0,0,0,0,99479,0,0,0,0,0,0,0,0,0,0,515,0,0,0,0,0,0
74,5516,75.23478497343604,99994,42,32,2,0,380,222,0.0060203612216733005,25,13,49624,49775,305,178,0,0,0,0,0,0,99468,0,0,0,0,0,0,0,0,0,0,526,0,0,0,0,0,0
75,5516,76.00160649077688,99994,36,29,2,0,380,223,0.006030361821709303,33,14,49616,49774,311,181,0,0,0,0,0,0,99458,0,0,0,0,0,0,0,0,0,0,536,0,0,0,0,0,0
76,5516,77.20110024970965,99994,41,31,2,0,389,228,0.0061703702222133325,30,18,49612,49765,313,184,0,0,0,0,0,0,99451,0,0,0,0,0,0,0,0,0,0,543,0,0,0,0,0,0
77,5516,78.07305770334321,99994,40,30,2,0,396,230,0.006260375622537352,29,19,49607,49763,320,186,0,0,0,0,0,0,99440,0,0,0,0,0,0,0,0,0,0,554,0,0,0,0,0,0
78,5516,79.11098510819537,99994,39,29,2,0,400,233,0.006330379822789368,31,19,49601,49760,325,190,0,0,0,0,0,0,99431,0,0,0,0,0,0,0,0,0,0,563,0,0,0,0,0,0
79,5516,80.11337683835104,99994,45,23,2,0,410,236,0.006460387623257395,28,19,49595,49757,328,199,0,0,0,0,0,0,99418,0,0,0,0,0,0,0,0,0,0,576,0,0,0,0,0,0
80,5516,81.06130461792132,99994,40,23,2,0,412,238,0.006500390023401404,37,19,49586,49755,333,201,0,0,0,0,0,0,99409,0,0,0,0,0,0,0,0,0,0,585,0,0,0,0,0,0
81,5516,82.03687799951047,99994,42,23,2,0,419,241,0.006600396023761426,35,18,49582,49753,337,204,0,0,0,0,0,0,99401,0,0,0,0,0,0,0,0,0,0,593,0,0,0,0,0,0
82,5516,83.22683705965261,99994,51,23,2,0,436,246,0.006820409224553473,30,16,49572,49751,343,208,0,0,0,0,0,0,99388,0,0,0,0,0,0,0,0,0,0,606,0,0,0,0,0,0
83,5516,84.12577087093443,99994,49,26,2,0,438,253,0.006910414624877493,37,10,49564,49751,346,211,0,0,0,0,0,0,99380,0,0,0,0,0,0,0,0,0,0,614,0,0,0,0,0,0
84,5516,85.09152740554497,99994,52,28,2,0,451,257,0.007080424825489529,32,9,49557,49748,355,213,0,0,0,0,0,0,99369,0,0,1,0,0,0,0,0,0,0,624,0,0,0,0,0,0
85,5516,86.14898284900755,99994,53,30,2,0,460,260,0.007200432025921555,28,15,49555,49741,360,212,0,0,0,0,0,0,99360,0,0,1,0,0,0,0,0,0,0,633,0,0,0,0,0,0
86,5516,87.09132440275036,99994,53,28,2,0,468,261,0.007290437426245575,30,22,49546,49734,367,214,0,0,0,0,0,0,99349,0,0,1,0,0,0,0,0,0,0,644,0,0,0,0,0,0
87,5516,88.08736873483835,99994,48,28,2,0,475,265,0.007400444026641599,35,19,49535,49734,378,217,0,0,0,0,0,0,99333,0,0,1,0,0,0,0,0,0,0,660,0,0,0,0,0,0
88,5516,89.07633635187194,99994,51,29,2,0,484,267,0.0075104506270376225,29,20,49536,49732,380,217,0,0,0,0,0,0,99326,0,0,1,0,0,0,0,0,0,0,667,0,0,0,0,0,0
89,5516,90.14549854764248,99994,46,26,2,0,492,270,0.007620457227433646,31,23,49527,49726,392,223,0,0,0,0,0,0,99307,0,0,1,0,0,0,0,0,0,0,686,0,0,0,0,0,0
90,5516,91.14199901983281,99994,49,27,2,0,500,278,0.0077804668280096806,30,18,49522,49725,395,228,0,0,0,0,0,0,99295,0,0,1,0,0,0,0,0,0,0,698,0,0,0,0,0,0
91,5516,92.30393968540523,99994,49,26,2,0,509,282,0.007910474628477708,32,21,49512,49719,403,232,0,0,0,0,0,0,99281,0,0,1,0,0,0,0,0,0,0,712,0,0,0,0,0,0
92,5516,93.04176760184927,99994,45,27,2,0,513,286,0.007990479428765726,31,19,49509,49717,411,235,0,0,0,0,0,0,99270,0,0,1,0,0,0,0,0,0,0,723,0,0,0,0,0,0
93,5516,94.06150291978895,99994,43,30,2,0,521,291,0.008120487229233754,33,16,49499,49715,421,237,0,0,0,0,0,0,99258,0,0,1,0,0,0,0,0,0,0,735,0,0,0,0,0,0
94,5516,95.1762943450191,99994,45,32,2,0,531,299,0.008300498029881793,31,13,49493,49711,427,242,0,0,0,0,0,0,99244,0,0,1,0,0,0,0,0,0,0,749,0,0,0,0,0,0
95,5516,96.13555722054558,99994,42,32,2,0,540,303,0.008430505830349821,33,12,49483,49708,438,246,0,0,0,0,0,0,99228,0,0,1,0,0,0,0,0,0,0,765,0,0,0,0,0,0
96,5516,97.25630039327086,99994,42,29,2,0,550,304,0.008540512430745845,26,13,49481,49707,447,249,0,0,0,0,0,0,99214,0,0,1,0,0,0,0,0,0,0,779,0,0,0,0,0,0
97,5516,98.07960796805385,99994,41,30,2,0,557,310,0.008670520231213872,25,10,49476,49706,454,252,0,0,0,0,0,0,99201,0,0,1,0,0,0,0,0,0,0,792,0,0,0,0,0,0
98,5516,99.13093730841169,99994,37,31,2,0,561,313,0.008740524431465889,23,9,49474,49708,462,250,0,0,0,0,0,0,99191,0,0,1,0,0,0,0,0,0,0,802,0,0,0,0,0,0
99,5516,100.25867648728351,99994,30,27,2,0,565,317,0.008820529231753905,27,10,49468,49704,471,257,0,0,0,0,0,0,99172,0,0,1,0,0,0,0,0,0,0,821,0,0,0,0,0,0
100,5516,101.14544892309587,99994,33,27,2,0,571,318,0.00889053343200592,29,13,49462,49701,472,257,0,0,0,0,0,0,99168,0,0,1,0,0,0,0,0,0,0,825,0,0,0,0,0,0
101,5516,102.22839003925947,99994,34,24,2,0,580,321,0.009010540632437947,28,17,49454,49697,480,260,0,0,0,0,0,0,99154,0,0,1,0,0,0,0,0,0,0,839,0,0,0,0,0,0
102,5516,103.04821770264331,99994,35,26,2,0,585,325,0.009100546032761966,28,16,49450,49694,483,262,0,0,0,0,0,0,99148,0,0,1,0,0,0,0,0,0,0,845,0,0,0,0,0,0
103,5516,104.22128919060103,99994,46,27,2,0,597,328,0.009250555033301999,24,17,49444,49691,482,263,0,0,0,0,0,0,99145,0,0,1,0,0,0,0,0,0,0,848,0,0,0,0,0,0
104,5516,105.1989755757197,99994,42,26,2,0,597,331,0.009280556833410005,29,18,49441,49687,484,267,0,0,0,0,0,0,99137,0,0,1,0,0,0,0,0,0,0,856,0,0,0,0,0,0
105,5516,106.0402168232294,99994,46,26,2,0,608,336,0.009440566433986039,27,14,49438,49686,485,272,0,0,0,0,0,0,99125,0,0,1,0,0,0,0,0,0,0,868,0,0,0,0,0,0
106,5516,107.13405781389139,99994,41,30,2,0,612,343,0.009550573034382063,29,12,49436,49681,490,275,0,0,0,0,0,0,99113,0,0,1,0,0,0,0,0,0,0,880,0,0,0,0,0,0
107,5516,108.00078839477034,99994,38,27,2,0,619,345,0.009640578434706082,30,16,49428,49675,500,280,0,0,0,0,0,0,99098,0,0,1,0,0,0,0,0,0,0,895,0,0,0,0,0,0
108,5516,109.15660508551626,99994,38,29,2,0,624,351,0.009750585035102106,33,16,49421,49671,504,282,0,0,0,0,0,0,99089,0,0,1,0,0,0,0,0,0,0,904,0,0,0,0,0,0
109,5516,110.07929202035973,99994,35,29,2,0,630,352,0.009820589235354121,35,16,49416,49673,510,280,0,0,0,0,0,0,99079,0,0,1,0,0,0,0,0,0,0,914,0,0,0,0,0,0
110,5516,111.07812627471964,99994,38,32,2,0,636,358,0.009940596435786148,36,16,49410,49669,512,281,0,0,0,0,0,0,99073,0,0,1,0,0,0,0,0,0,0,920,0,0,0,0,0,0
111,5516,112.03665879325897,99994,45,31,2,0,647,362,0.010090605436326179,31,18,49405,49663,515,286,0,0,0,0,0,0,99064,0,0,1,0,0,0,0,0,0,0,929,0,0,0,0,0,0
112,5516,113.004747445016,99994,46,33,2,0,652,365,0.010170610236614197,32,16,49400,49662,518,287,0,0,0,0,0,0,99059,0,0,1,0,0,0,0,0,0,0,934,0,0,0,0,0,0
113,5516,114.0286174125519,99994,43,33,2,0,657,368,0.010250615036902213,35,19,49394,49657,524,289,0,0,0,0,0,0,99048,0,0,1,0,0,0,0,0,0,0,945,0,0,0,0,0,0
114,5516,115.14808159872594,99994,47,32,2,0,667,374,0.01041062463747825,31,23,49394,49648,524,295,0,0,0,0,0,0,99035,0,0,1,0,0,0,0,0,0,0,958,0,0,0,0,0,0
115,5516,116.14724898324542,99994,53,33,2,0,678,380,0.010580634838090285,29,20,49385,49646,529,299,0,0,0,0,0,0,99025,0,0,1,0,0,0,0,0,0,0,968,0,0,0,0,0,0
116,5516,117.02573922637389,99994,56,34,2,0,685,387,0.010720643238594316,27,19,49381,49641,532,304,0,0,0,0,0,0,99015,0,0,1,0,0,0,0,0,0,0,978,0,0,0,0,0,0
117,5516,118.02513516545012,99993,58,38,2,1,692,393,0.010850759553168722,31,19,49372,49636,535,304,0,0,0,0,0,0,99008,0,0,1,0,0,0,0,0,0,0,984,0,0,0,0,0,0
118,5516,119.13209728133268,99993,59,40,2,1,701,398,0.01099076935385477,34,19,49363,49635,540,303,0,0,0,0,0,0,98997,0,0,1,0,0,0,0,0,0,0,995,0,0,0,0,0,0
119,5516,120.1373308095607,99993,55,35,2,1,708,404,0.011120778454491815,30,17,49362,49633,549,312,0,0,0,0,0,0,98975,0,0,1,0,0,0,0,0,0,0,1017,0,0,0,0,0,0
120,5516,121.02299465161636,99993,56,36,2,1,717,408,0.01125078755512886,36,20,49348,49630,556,311,0,0,0,0,0,0,98965,0,0,2,0,0,0,0,0,0,0,1026,0,0,0,0,0,0
121,5516,122.25691731239937,99993,50,38,2,1,720,414,0.01134079385556989,40,16,49342,49628,564,315,0,0,0,0,0,0,98952,0,0,2,0,0,0,0,0,0,0,1039,0,0,0,0,0,0
122,5516,123.13088440480276,99993,57,34,2,1,732,419,0.011510805756402948,39,18,49334,49622,566,323,0,0,0,0,0,0,98938,0,0,2,0,0,0,0,0,0,0,1053,0,0,0,0,0,0
123,5516,124.2750615189681,99993,53,36,2,1,740,422,0.011620813456941987,42,19,49323,49619,578,323,0,0,0,0,0,0,98925,0,0,2,0,0,0,0,0,0,0,1066,0,0,0,0,0,0
124,5516,125.0912430663348,99993,58,35,2,1,748,425,0.011730821157481024,41,21,49317,49614,580,327,0,0,0,0,0,0,98918,0,0,2,0,0,0,0,0,0,0,1073,0,0,0,0,0,0
125,5516,126.09173423071128,99993,59,33,2,1,755,430,0.011850829558069065,42,21,49312,49609,583,334,0,0,0,0,0,0,98905,0,0,2,0,0,0,0,0,0,0,1086,0,0,0,0,0,0
126,5516,127.05536804441776,99993,59,31,2,1,763,432,0.0119508365585591,43,26,49306,49604,588,336,0,0,0,0,0,0,98893,0,0,2,0,0,0,0,0,0,0,1098,0,0,0,0,0,0
127,5516,128.05604125607238,99993,61,32,2,1,778,437,0.012150850559539168,38,28,49300,49598,597,339,0,0,0,0,0,0,98876,0,0,2,0,0,0,0,0,0,0,1115,0,0,0,0,0,0
128,5516,129.0568325969794,99993,64,31,2,1,789,443,0.012320862460372227,36,31,49292,49589,604,346,0,0,0,0,0,0,98861,0,0,2,0,0,0,0,0,0,0,1130,0,0,0,0,0,0
129,5516,130.05777722844857,99993,56,30,2,1,794,447,0.012410868760813256,38,35,49288,49582,614,350,0,0,0,0,0,0,98843,0,0,2,0,0,0,0,0,0,0,1148,0,0,0,0,0,0
130,5516,131.05888058358215,99993,58,30,2,1,802,452,0.012540877861450302,45,35,49274,49578,619,354,0,0,0,0,0,0,98832,0,0,2,0,0,0,0,0,0,0,1159,0,0,0,0,0,0
131,5516,132.0601639934244,99993,61,31,2,1,814,460,0.012740891862430371,40,31,49268,49576,627,359,0,0,0,0,0,0,98816,0,0,2,0,0,0,0,0,0,0,1175,0,0,0,0,0,0
132,5516,133.0616002438713,99993,70,34,2,1,829,469,0.012980908663606452,34,26,49260,49575,632,362,0,0,0,0,0,0,98804,0,0,2,0,0,0,0,0,0,0,1187,0,0,0,0,0,0
133,5516,134.0631729732064,99993,60,31,2,1,832,472,0.013040912863900474,43,29,49250,49569,643,368,0,0,0,0,0,0,98785,0,0,2,0,0,0,0,0,0,0,1206,0,0,0,0,0,0
134,5516,135.0649560286645,99993,65,34,2,1,846,478,0.013240926864880542,40,30,49242,49564,649,369,0,0,0,0,0,0,98773,0,0,2,0,0,0,0,0,0,0,1218,0,0,0,0,0,0
135,5516,136.06688197414366,99993,72,39,2,1,858,489,0.01347094296600762,37,24,49233,49561,654,373,0,0,0,0,0,0,98762,0,0,2,0,0,0,0,0,0,0,1229,0,0,0,0,0,0
136,5516,137.06894372067214,99993,73,43,2,1,872,498,0.0137009590671347,36,24,49222,49553,665,377,0,0,0,0,0,0,98744,0,0,2,0,0,0,0,0,0,0,1247,0,0,0,0,0,0
137,5516,138.071204997178,99992,73,44,3,1,882,502,0.013841107288583086,34,25,49215,49549,673,379,0,0,0,0,0,0,98731,0,0,2,0,0,0,0,0,0,0,1259,0,0,0,0,0,0
138,5516,139.07360887061157,99992,65,43,3,1,886,507,0.013931114489159133,39,28,49207,49541,684,385,0,0,0,0,0,0,98713,0,0,2,0,0,0,0,0,0,0,1277,0,0,0,0,0,0
139,5516,140.07617421378524,99992,67,45,3,1,897,514,0.014111128890311225,42,30,49195,49535,691,387,0,0,0,0,0,0,98699,0,0,2,0,0,0,0,0,0,0,1291,0,0,0,0,0,0
140,5516,141.07891290686158,99992,69,44,3,1,907,518,0.014251140091207296,42,30,49186,49533,698,390,0,0,0,0,0,0,98686,0,0,2,0,0,0,0,0,0,0,1304,0,0,0,0,0,0
141,5516,142.08181528068394,99992,72,53,3,1,919,534,0.01453116249299944,42,22,49177,49527,704,395,0,0,0,0,0,0,98670,0,0,2,0,0,0,0,0,0,0,1320,0,0,0,0,0,0
142,5516,143.08486853394587,99992,71,48,3,1,931,540,0.014711176894151532,37,23,49172,49522,715,404,0,0,0,0,0,0,98647,0,0,3,0,0,0,0,0,0,0,1342,0,0,0,0,0,0
143,5516,144.08812631901185,99992,66,44,3,1,942,543,0.014851188095047603,36,31,49170,49512,723,410,0,0,0,0,0,0,98625,0,0,4,0,0,0,0,0,0,0,1363,0,0,0,0,0,0
144,5516,145.09150628763635,99992,71,41,3,1,952,549,0.015011200896071686,38,31,49160,49509,726,416,0,0,0,0,0,0,98611,0,0,4,0,0,0,0,0,0,0,1377,0,0,0,0,0,0
145,5516,146.09497135581535,99992,74,43,3,1,964,559,0.015231218497479798,36,28,49151,49503,734,423,0,0,0,0,0,0,98594,0,0,4,0,0,0,0,0,0,0,1394,0,0,0,0,0,0
146,5516,147.09861883966494,99992,68,41,3,1,973,564,0.01537122969837587,37,33,49144,49495,746,428,0,0,0,0,0,0,98572,0,0,4,0,0,0,0,0,0,0,1416,0,0,0,0,0,0
147,5516,148.1024653229194,99992,69,42,3,1,983,572,0.015551244099527963,34,28,49139,49495,753,432,0,0,0,0,0,0,98556,0,0,4,0,0,0,0,0,0,0,1432,0,0,0,0,0,0
148,5516,149.10647140619622,99992,64,47,3,1,989,582,0.015711256900552042,38,24,49132,49490,761,436,0,0,0,0,0,0,98540,0,0,4,0,0,0,0,0,0,0,1448,0,0,0,0,0,0
149,5516,150.11061308288177,99992,68,38,3,1,1003,586,0.015891271301704136,35,28,49123,49482,769,449,0,0,0,0,0,0,98518,0,0,5,0,0,0,0,0,0,0,1469,0,0,0,0,0,0
150,5516,151.11492966150573,99992,68,39,3,1,1009,593,0.016021281702536205,37,28,49118,49477,772,453,0,0,0,0,0,0,98506,0,0,5,0,0,0,0,0,0,0,1481,0,0,0,0,0,0
151,5516,152.11935400904346,99992,70,52,3,1,1021,608,0.01629130330426434,31,18,49119,49473,775,454,0,0,0,0,0,0,98494,0,0,5,0,0,0,0,0,0,0,1493,0,0,0,0,0,0
152,5516,153.00494397695084,99992,71,51,3,1,1028,611,0.016391311304904392,34,18,49111,49470,779,458,0,0,0,0,0,0,98484,0,0,5,0,0,0,0,0,0,0,1503,0,0,0,0,0,0
153,5516,154.24978120818398,99992,68,51,3,1,1039,620,0.016591327306184494,38,20,49102,49461,787,465,0,0,0,0,0,0,98461,0,0,5,0,0,0,0,0,0,0,1526,0,0,0,0,0,0
154,5516,155.01299007526316,99992,65,55,3,1,1043,626,0.016691335306824547,35,17,49103,49458,792,467,0,0,0,0,0,0,98452,0,0,5,0,0,0,0,0,0,0,1535,0,0,0,0,0,0
155,5516,156.16683160405006,99992,59,53,3,1,1054,635,0.01689135130810465,34,17,49095,49449,807,478,0,0,0,0,0,0,98424,0,0,5,0,0,0,0,0,0,0,1563,0,0,0,0,0,0
156,5516,157.01318214672548,99992,59,52,3,1,1060,639,0.0169913593087447,42,17,49081,49445,813,483,0,0,0,0,0,0,98413,0,0,5,0,0,0,0,0,0,0,1574,0,0,0,0,0,0
157,5516,158.20091020705124,99991,58,49,4,1,1069,644,0.017131541838765488,45,18,49070,49441,821,489,0,0,0,0,0,0,98395,0,0,5,0,0,0,0,0,0,0,1591,0,0,0,0,0,0
158,5516,159.0995462454712,99991,66,44,4,1,1087,648,0.017351561640547648,40,20,49062,49439,826,494,0,0,0,0,0,0,98376,0,0,5,0,0,0,0,0,0,0,1610,0,0,0,0,0,0
159,5516,160.10507301564343,99991,67,43,4,1,1094,654,0.017481573341600744,41,17,49057,49440,829,497,0,0,0,0,0,0,98363,0,0,5,0,0,0,0,0,0,0,1623,0,0,0,0,0,0
160,5516,161.00805347605967,99990,70,38,5,1,1103,656,0.01759175917591759,40,19,49052,49439,831,501,0,0,0,0,0,0,98350,0,0,5,0,0,0,0,0,0,0,1635,0,0,0,0,0,0
161,5516,162.05671080293683,99990,69,37,5,1,1116,664,0.0178017801780178,45,19,49038,49431,841,510,0,0,0,0,0,0,98328,0,0,6,0,0,0,0,0,0,0,1656,0,0,0,0,0,0
162,5516,163.05764624812014,99990,75,36,5,1,1127,669,0.01796179617961796,46,17,49028,49428,844,516,0,0,0,0,0,0,98317,0,0,6,0,0,0,0,0,0,0,1667,0,0,0,0,0,0
163,5516,164.1146695107915,99990,83,32,5,1,1147,675,0.018221822182218222,48,24,49009,49416,853,525,0,0,0,0,0,0,98295,0,0,6,0,0,0,0,0,0,0,1689,0,0,0,0,0,0
164,5516,165.12109436636374,99990,86,31,5,1,1161,681,0.018421842184218423,52,22,48992,49414,863,530,0,0,0,0,0,0,98277,0,0,6,0,0,0,0,0,0,0,1707,0,0,0,0,0,0
165,5516,166.12779469338395,99990,88,30,5,1,1168,686,0.01854185418541854,62,20,48977,49416,866,531,0,0,0,0,0,0,98266,0,0,6,0,0,0,0,0,0,0,1718,0,0,0,0,0,0
166,5516,167.29641719503417,99990,93,32,5,1,1180,690,0.0187018701870187,65,21,48963,49412,872,532,0,0,0,0,0,0,98257,0,0,6,0,0,0,0,0,0,0,1727,0,0,0,0,0,0
167,5516,168.2899486132971,99990,87,32,5,1,1191,696,0.01887188718871887,66,20,48954,49411,886,534,0,0,0,0,0,0,98236,0,0,8,0,0,0,0,0,0,0,1746,0,0,0,0,0,0
168,5516,169.1548904117036,99990,98,32,5,1,1215,700,0.019151915191519153,60,20,48942,49410,893,535,0,0,0,0,0,0,98219,0,0,8,0,0,0,0,0,0,0,1763,0,0,0,0,0,0
169,5516,170.21885523072353,99990,102,36,5,1,1231,706,0.019371937193719373,60,24,48930,49401,901,536,0,0,0,0,0,0,98205,0,0,8,0,0,0,0,0,0,0,1777,0,0,0,0,0,0
170,5516,171.22654338078513,99990,93,37,5,1,1242,713,0.01955195519551955,64,27,48918,49393,918,540,0,0,0,0,0,0,98179,0,0,8,0,0,0,0,0,0,0,1803,0,0,0,0,0,0
171,5516,172.23450512200984,99990,95,42,5,1,1259,724,0.01983198319831983,70,28,48900,49382,928,545,0,0,0,0,0,0,98158,0,0,8,0,0,0,0,0,0,0,1824,0,0,0,0,0,0
172,5516,173.24270994211793,99990,102,39,5,1,1275,728,0.02003200320032003,74,31,48885,49378,932,549,0,0,0,0,0,0,98142,0,0,8,0,0,0,0,0,0,0,1840,0,0,0,0,0,0
173,5516,174.25111004264568,99990,114,32,5,1,1297,732,0.02029202920292029,72,35,48868,49372,939,558,0,0,0,0,0,0,98121,0,0,8,0,0,0,0,0,0,0,1861,0,0,0,0,0,0
174,5516,175.2597895741921,99990,116,34,5,1,1322,746,0.020682068206820683,60,27,48858,49367,959,569,0,0,0,0,0,0,98088,0,0,10,0,0,0,0,0,0,0,1892,0,0,0,0,0,0
175,5516,176.26883442191058,99990,116,41,5,1,1339,754,0.02093209320932093,72,25,48832,49363,973,568,0,0,0,0,0,0,98070,0,0,10,0,0,0,0,0,0,0,1910,0,0,0,0,0,0
176,5516,177.27826066932448,99990,114,40,5,1,1354,761,0.02115211521152115,78,28,48814,49354,987,575,0,0,0,0,0,0,98046,0,0,11,0,0,0,0,0,0,0,1933,0,0,0,0,0,0
177,5516,178.28800480737434,99990,115,45,5,1,1372,771,0.021432143214321433,73,27,48804,49348,1001,577,0,0,0,0,0,0,98024,0,0,11,0,0,0,0,0,0,0,1955,0,0,0,0,0,0
178,5516,179.29794917199428,99990,116,46,5,1,1392,781,0.02173217321732173,74,30,48789,49339,1014,582,0,0,0,0,0,0,97996,0,0,11,0,0,0,0,0,0,0,1983,0,0,0,0,0,0
179,5516,180.30817239645293,99989,121,52,6,1,1414,791,0.022052425766834353,65,27,48778,49334,1028,584,0,0,0,0,0,0,97975,0,0,11,0,0,0,0,0,0,0,2003,0,0,0,0,0,0
180,5516,181.31864573869834,99989,115,53,6,1,1427,798,0.022252447769254616,71,27,48764,49329,1042,588,0,0,0,0,0,0,97950,0,0,11,0,0,0,0,0,0,0,2028,0,0,0,0,0,0
181,5516,182.32940481140207,99989,123,55,6,1,1446,807,0.02253247857264299,71,31,48749,49318,1049,593,0,0,0,0,0,0,97932,0,0,11,0,0,0,0,0,0,0,2046,0,0,0,0,0,0
182,5516,183.00336595892296,99989,126,57,6,1,1455,813,0.02268249507445819,75,32,48738,49311,1053,597,0,0,0,0,0,0,97922,0,0,11,0,0,0,0,0,0,0,2056,0,0,0,0,0,0
183,5516,184.01446882705915,99989,127,60,6,1,1471,820,0.022912520377241497,71,35,48730,49305,1064,597,0,0,0,0,0,0,97903,0,0,11,0,0,0,0,0,0,0,2075,0,0,0,0,0,0
184,5516,185.02572819258276,99988,136,64,7,1,1496,829,0.023252790334840182,65,35,48716,49297,1074,601,0,0,0,0,0,0,97882,0,0,11,0,0,0,0,0,0,0,2095,0,0,0,0,0,0
185,5516,186.03719747354475,99988,135,59,7,1,1513,835,0.02348281793815258,59,32,48708,49295,1089,611,0,0,0,0,0,0,97853,0,0,11,0,0,0,0,0,0,0,2124,0,0,0,0,0,0
186,5516,187.04894219758256,99988,135,63,7,1,1534,844,0.023782853942473096,53,29,48697,49294,1106,611,0,0,0,0,0,0,97827,0,0,11,0,0,0,0,0,0,0,2150,0,0,0,0,0,0
187,5516,188.0609782973279,99988,129,69,7,1,1544,857,0.024012881545785493,61,28,48684,49285,1117,615,0,0,0,0,0,0,97804,0,0,11,0,0,0,0,0,0,0,2173,0,0,0,0,0,0
188,5516,189.0732566508497,99988,130,63,7,1,1561,861,0.024222906748809857,64,33,48668,49277,1129,624,0,0,0,0,0,0,97779,0,0,12,0,0,0,0,0,0,0,2197,0,0,0,0,0,0
189,5516,190.08583754624888,99988,129,62,7,1,1579,869,0.024482937952554306,67,37,48653,49269,1142,629,0,0,0,0,0,0,97752,0,0,13,0,0,0,0,0,0,0,2223,0,0,0,0,0,0
190,5516,191.09872204645873,99988,140,61,7,1,1601,875,0.02476297155658679,61,46,48639,49257,1151,633,0,0,0,0,0,0,97734,0,0,13,0,0,0,0,0,0,0,2241,0,0,0,0,0,0
191,5516,192.11175238662543,99988,135,68,7,1,1619,886,0.02505300636076329,68,43,48616,49250,1172,636,0,0,0,0,0,0,97708,0,0,14,0,0,0,0,0,0,0,2266,0,0,0,0,0,0
192,5516,193.12519203838895,99988,141,70,7,1,1640,899,0.02539304716565988,68,43,48599,49237,1183,647,0,0,0,0,0,0,97682,0,0,14,0,0,0,0,0,0,0,2292,0,0,0,0,0,0
193,5516,194.138930122426,99988,142,75,7,1,1659,915,0.025743089170700485,67,37,48584,49227,1198,658,0,0,0,0,0,0,97654,0,0,15,0,0,0,0,0,0,0,2319,0,0,0,0,0,0
194,5516,195.15298077595722,99988,138,79,7,1,1679,927,0.02606312757530904,66,37,48570,49219,1217,662,0,0,0,0,0,0,97622,0,0,15,0,0,0,0,0,0,0,2351,0,0,0,0,0,0
195,5516,196.1673551047036,99987,140,71,7,2,1693,932,0.026253412943682677,74,45,48549,49209,1228,671,0,0,0,0,0,0,97597,0,0,15,0,0,0,0,0,0,0,2375,0,0,0,0,0,0
196,5516,197.1820691666802,99987,141,72,7,2,1718,946,0.026643463650274535,75,43,48531,49200,1244,681,0,0,0,0,0,0,97560,0,0,15,0,0,0,0,0,0,0,2412,0,0,0,0,0,0
197,5516,198.19719251436823,99987,135,76,7,2,1736,958,0.026943502655345196,84,43,48509,49188,1263,689,0,0,0,0,0,0,97528,0,0,15,0,0,0,0,0,0,0,2444,0,0,0,0,0,0
198,5516,199.2127197154668,99987,140,82,7,2,1763,971,0.027343554662106074,89,45,48481,49179,1281,690,0,0,0,0,0,0,97499,0,0,15,0,0,0,0,0,0,0,2473,0,0,0,0,0,0
199,5516,200.22863457120192,99987,144,83,7,2,1787,982,0.027693600168021842,94,45,48458,49170,1295,698,0,0,0,0,0,0,97469,0,0,15,0,0,0,0,0,0,0,2503,0,0,0,0,0,0
200,5516,201.24491670173487,99987,146,78,7,2,1808,994,0.02802364307359957,100,49,48435,49156,1310,713,0,0,0,0,0,0,97433,0,0,15,0,0,0,0,0,0,0,2539,0,0,0,0,0,0
201,5516,202.26166236180356,99987,156,72,7,2,1843,1001,0.02844369768069849,95,47,48408,49152,1332,725,0,0,0,0,0,0,97395,0,0,15,0,0,0,0,0,0,0,2577,0,0,0,0,0,0
202,5516,203.278905821815,99987,154,73,7,2,1869,1013,0.028823747087121324,96,52,48386,49136,1355,735,0,0,0,0,0,0,97357,0,0,16,0,0,0,0,0,0,0,2614,0,0,0,0,0,0
203,5516,204.29663088845896,99987,151,78,7,2,1895,1029,0.029243801694220247,95,46,48361,49130,1384,742,0,0,0,0,0,0,97317,0,0,16,0,0,0,0,0,0,0,2654,0,0,0,0,0,0
204,5516,205.31491992735243,99987,151,76,7,2,1919,1046,0.02965385500115015,91,42,48349,49121,1400,757,0,0,0,0,0,0,97274,0,0,16,0,0,0,0,0,0,0,2697,0,0,0,0,0,0
205,5516,206.33356523544805,99987,163,81,7,2,1945,1056,0.03001390180723494,83,44,48336,49113,1409,758,0,0,0,0,0,0,97255,0,0,16,0,0,0,0,0,0,0,2716,0,0,0,0,0,0
206,5516,207.01276424861035,99987,159,77,7,2,1959,1060,0.030193925210277337,93,47,48317,49108,1422,764,0,0,0,0,0,0,97229,0,0,16,0,0,0,0,0,0,0,2742,0,0,0,0,0,0
207,5516,208.03188388533317,99987,166,80,7,2,1987,1070,0.03057397461670017,90,45,48300,49103,1435,768,0,0,0,0,0,0,97201,0,0,16,0,0,0,0,0,0,0,2770,0,0,0,0,0,0
208,5516,209.0513728903151,99987,158,78,7,2,2012,1081,0.030934021422784962,86,55,48282,49083,1465,780,0,0,0,0,0,0,97155,0,0,16,0,0,0,0,0,0,0,2816,0,0,0,0,0,0
209,5516,210.07130217111808,99985,158,80,9,2,2031,1094,0.031254688203230484,86,53,48271,49072,1474,791,0,0,0,0,0,0,97126,0,0,17,0,0,0,0,0,0,0,2842,0,0,0,0,0,0
210,5516,211.09149522576,99985,152,87,9,2,2049,1112,0.031614742211331696,92,42,48254,49068,1491,799,0,0,0,0,0,0,97091,0,0,17,0,0,0,0,0,0,0,2877,0,0,0,0,0,0
211,5516,212.1120354500406,99985,146,81,9,2,2073,1124,0.031974796219432916,93,40,48232,49061,1518,814,0,0,0,0,0,0,97045,0,0,19,0,0,0,0,0,0,0,2921,0,0,0,0,0,0
212,5516,213.1330497332414,99984,147,83,10,2,2091,1137,0.03228516562650024,88,41,48226,49048,1527,824,0,0,0,0,0,0,97017,0,0,19,0,0,0,0,0,0,0,2948,0,0,0,0,0,0
213,5516,214.1543114358761,99984,143,81,10,2,2113,1147,0.03260521683469355,86,49,48207,49031,1552,835,0,0,0,0,0,0,96979,0,0,19,0,0,0,0,0,0,0,2986,0,0,0,0,0,0
214,5516,215.17597799380232,99984,142,73,10,2,2136,1157,0.0329352696431429,85,50,48191,49021,1570,852,0,0,0,0,0,0,96937,0,0,19,0,0,0,0,0,0,0,3028,0,0,0,0,0,0
215,5516,216.19805101440738,99984,143,79,10,2,2162,1171,0.03333533365338454,82,44,48176,49018,1587,855,0,0,0,0,0,0,96904,0,0,19,0,0,0,0,0,0,0,3061,0,0,0,0,0,0
216,5516,217.22050305175608,99984,140,86,10,2,2180,1186,0.033665386461833896,91,37,48154,49014,1603,859,0,0,0,0,0,0,96875,0,0,19,0,0,0,0,0,0,0,3090,0,0,0,0,0,0
217,5516,218.24333976171235,99983,137,85,10,3,2198,1199,0.03397577588189992,95,36,48141,49009,1615,865,0,0,0,0,0,0,96840,0,0,19,0,0,0,0,0,0,0,3124,0,0,0,0,0,0
218,5516,219.26644036238818,99983,144,75,10,3,2223,1204,0.0342758268905714,96,42,48121,49002,1627,876,0,0,0,0,0,0,96807,0,0,19,0,0,0,0,0,0,0,3157,0,0,0,0,0,0
219,5516,220.28987673889114,99983,152,67,10,3,2248,1211,0.03459588129982097,89,46,48109,48994,1638,888,0,0,0,0,0,0,96775,0,0,19,0,0,0,0,0,0,0,3189,0,0,0,0,0,0
220,5516,221.31357613458218,99982,161,77,10,4,2275,1229,0.03504630833550039,88,46,48091,48981,1648,890,0,0,0,0,0,0,96749,0,0,19,0,0,0,0,0,0,0,3214,0,0,0,0,0,0
221,5516,222.33753203903441,99982,157,72,10,4,2298,1238,0.035366365945870254,86,49,48074,48971,1671,902,0,0,0,0,0,0,96710,0,0,21,0,0,0,0,0,0,0,3251,0,0,0,0,0,0
222,5516,223.02039328686124,99982,150,77,10,4,2312,1247,0.035596407353323596,87,45,48062,48967,1689,905,0,0,0,0,0,0,96685,0,0,21,0,0,0,0,0,0,0,3276,0,0,0,0,0,0
223,5516,224.0451018178661,99982,158,73,10,4,2333,1259,0.03592646676401752,85,43,48048,48960,1697,918,0,0,0,0,0,0,96656,0,0,21,0,0,0,0,0,0,0,3305,0,0,0,0,0,0
224,5516,225.07008154712344,99982,159,71,10,4,2357,1268,0.03625652617471145,86,46,48029,48956,1714,921,0,0,0,0,0,0,96623,0,0,22,0,0,0,0,0,0,0,3337,0,0,0,0,0,0
225,5516,226.0954542828607,99982,154,75,10,4,2380,1276,0.036566581984757256,105,53,47995,48943,1734,923,0,0,0,0,0,0,96591,0,0,22,0,0,0,0,0,0,0,3369,0,0,0,0,0,0
226,5516,227.1213078880266,99982,150,79,10,4,2404,1287,0.0369166449960993,99,51,47981,48935,1758,929,0,0,0,0,0,0,96558,0,0,24,0,0,0,0,0,0,0,3400,0,0,0,0,0,0
227,5516,228.14757290865023,99981,162,71,11,4,2439,1294,0.03733709404786909,85,57,47965,48926,1775,940,0,0,0,0,0,0,96520,0,0,24,0,0,0,0,0,0,0,3437,0,0,0,0,0,0
228,5516,229.17418640778072,99981,157,69,11,4,2456,1306,0.03762714915834008,95,58,47946,48917,1789,950,0,0,0,0,0,0,96484,0,0,24,0,0,0,0,0,0,0,3473,0,0,0,0,0,0
229,5516,230.2012198990607,99981,167,75,11,4,2491,1323,0.038147247977115654,87,55,47925,48905,1808,959,0,0,0,0,0,0,96449,0,0,25,0,0,0,0,0,0,0,3507,0,0,0,0,0,0
230,5516,231.2286226001782,99981,163,78,11,4,2515,1334,0.038497314489753055,85,56,47910,48896,1829,964,0,0,0,0,0,0,96413,0,0,25,0,0,0,0,0,0,0,3543,0,0,0,0,0,0
231,5516,232.25636818056208,99981,172,82,11,4,2547,1345,0.038927396205279005,77,56,47893,48889,1845,967,0,0,0,0,0,0,96383,0,0,25,0,0,0,0,0,0,0,3573,0,0,0,0,0,0
232,5516,233.2844594770524,99981,168,79,11,4,2567,1357,0.0392474570168332,84,59,47871,48878,1864,978,0,0,0,0,0,0,96344,0,0,25,0,0,0,0,0,0,0,3612,0,0,0,0,0,0
233,5516,234.31302086054677,99981,163,77,11,4,2589,1371,0.03960752542983167,95,52,47845,48873,1884,992,0,0,0,0,0,0,96302,0,0,26,0,0,0,0,0,0,0,3653,0,0,0,0,0,0
234,5516,235.342075977315,99981,168,81,11,4,2616,1383,0.03999759954391335,88,51,47834,48864,1897,998,0,0,0,0,0,0,96274,0,0,28,0,0,0,0,0,0,0,3679,0,0,0,0,0,0
235,5516,236.02827657607799,99981,161,81,11,4,2626,1392,0.04018763565077365,94,50,47820,48857,1912,1006,0,0,0,0,0,0,96250,0,0,30,0,0,0,0,0,0,0,3701,0,0,0,0,0,0
236,5516,237.05786684401696,99981,162,88,11,4,2651,1408,0.04059771356557746,94,44,47808,48848,1923,1014,0,0,0,0,0,0,96220,0,0,33,0,0,0,0,0,0,0,3728,0,0,0,0,0,0
237,5516,238.08777231543462,99981,153,87,11,4,2667,1420,0.04087776677568738,100,51,47791,48830,1943,1026,0,0,0,0,0,0,96182,0,0,33,0,0,0,0,0,0,0,3766,0,0,0,0,0,0
238,5516,239.11803205815346,99981,162,83,11,4,2698,1437,0.04135785799301867,89,50,47778,48816,1958,1045,0,0,0,0,0,0,96140,0,0,34,0,0,0,0,0,0,0,3807,0,0,0,0,0,0
239,5516,240.14863522481195,99981,154,84,11,4,2720,1450,0.04170792450565607,92,42,47760,48818,1981,1050,0,0,0,0,0,0,96100,0,0,36,0,0,0,0,0,0,0,3845,0,0,0,0,0,0
240,5516,241.1796977333215,99981,151,79,11,4,2737,1459,0.04196797391504386,106,49,47739,48806,1991,1060,0,0,0,0,0,0,96068,0,0,38,0,0,0,0,0,0,0,3875,0,0,0,0,0,0
241,5516,242.21111285556628,99981,150,78,11,4,2761,1471,0.042328042328042326,105,54,47724,48792,2008,1070,0,0,0,0,0,0,96030,0,0,38,0,0,0,0,0,0,0,3913,0,0,0,0,0,0
242,5516,243.24286457787764,99981,156,82,11,4,2794,1486,0.04280813354537362,102,46,47700,48791,2029,1075,0,0,0,0,0,0,95992,0,0,38,0,0,0,0,0,0,0,3951,0,0,0,0,0,0
243,5516,244.2750570053975,99981,156,85,11,4,2821,1501,0.0432282133605385,105,45,47676,48782,2050,1082,0,0,0,0,0,0,95953,0,0,38,0,0,0,0,0,0,0,3990,0,0,0,0,0,0
244,5516,245.30778149081135,99981,157,88,11,4,2844,1513,0.043578279873175904,110,47,47653,48774,2067,1085,0,0,0,0,0,0,95923,0,0,39,0,0,0,0,0,0,0,4019,0,0,0,0,0,0
245,5516,246.3409173531651,99981,153,81,11,4,2863,1522,0.04385833308328582,111,47,47644,48769,2079,1097,0,0,0,0,0,0,95885,0,0,40,0,0,0,0,0,0,0,4056,0,0,0,0,0,0
246,5516,247.02985531720228,99981,150,83,11,4,2878,1530,0.0440883767915904,113,47,47633,48763,2091,1101,0,0,0,0,0,0,95861,0,0,40,0,0,0,0,0,0,0,4080,0,0,0,0,0,0
247,5516,248.06349557865022,99981,155,81,11,4,2901,1543,0.04444844520458887,119,45,47609,48755,2104,1113,0,0,0,0,0,0,95829,0,0,41,0,0,0,0,0,0,0,4111,0,0,0,0,0,0
248,5516,249.09752850187868,99980,165,89,12,4,2934,1560,0.04494898979795959,118,43,47584,48744,2119,1118,0,0,0,0,0,0,95797,0,0,41,0,0,0,0,0,0,0,4142,0,0,0,0,0,0
249,5516,250.1319651121359,99980,171,89,12,4,2962,1572,0.04534906981396279,114,42,47563,48737,2138,1126,0,0,0,0,0,0,95763,0,0,41,0,0,0,0,0,0,0,4176,0,0,0,0,0,0
250,5516,251.16687240619547,99980,176,86,12,4,2994,1580,0.045749149829965995,108,51,47543,48721,2159,1136,0,0,0,0,0,0,95727,0,0,43,0,0,0,0,0,0,0,4210,0,0,0,0,0,0
251,5516,252.2021869770384,99980,180,92,12,4,3017,1595,0.046129225845169035,120,55,47515,48707,2171,1140,0,0,0,0,0,0,95699,0,0,43,0,0,0,0,0,0,0,4238,0,0,0,0,0,0
252,5516,253.23786254829776,99980,179,94,12,4,3048,1608,0.046569313862772556,129,54,47486,48701,2192,1145,0,0,0,0,0,0,95656,0,0,43,0,0,0,0,0,0,0,4281,0,0,0,0,0,0
253,5516,254.27405178870808,99980,188,98,12,4,3089,1627,0.04716943388677736,123,48,47462,48691,2213,1157,0,0,0,0,0,0,95611,0,0,45,0,0,0,0,0,0,0,4324,0,0,0,0,0,0
254,5516,255.31076264716208,99979,189,97,13,4,3116,1644,0.04760999809960092,128,46,47433,48677,2235,1174,0,0,0,0,0,0,95568,0,0,46,0,0,0,0,0,0,0,4365,0,0,0,0,0,0
255,5516,256.00221886295077,99978,201,96,14,4,3141,1653,0.047950549120806575,133,43,47406,48674,2244,1181,0,0,0,0,0,0,95546,0,0,47,0,0,0,0,0,0,0,4385,0,0,0,0,0,0
256,5516,257.03991826706977,99978,205,92,14,4,3178,1664,0.04843065474404369,124,42,47385,48666,2270,1194,0,0,0,0,0,0,95498,0,0,47,0,0,0,0,0,0,0,4433,0,0,0,0,0,0
257,5516,258.0781258260872,99977,199,85,15,4,3203,1676,0.04880122428158477,132,50,47358,48647,2294,1212,0,0,0,0,0,0,95449,0,0,48,0,0,0,0,0,0,0,4480,0,0,0,0,0,0
258,5516,259.1169056062385,99977,211,84,15,4,3239,1688,0.04928133470698261,124,57,47339,48635,2309,1218,0,0,0,0,0,0,95412,0,0,48,0,0,0,0,0,0,0,4517,0,0,0,0,0,0
259,5516,260.15605442591584,99977,211,90,15,4,3275,1705,0.049811456635026057,120,65,47314,48615,2338,1224,0,0,0,0,0,0,95366,0,0,49,0,0,0,0,0,0,0,4562,0,0,0,0,0,0
260,5516,261.19572518745537,99976,219,93,15,5,3310,1720,0.05031207489797551,120,63,47285,48609,2359,1228,0,0,0,0,0,0,95328,0,0,50,0,0,0,0,0,0,0,4598,0,0,0,0,0,0
261,5516,262.2359222460656,99976,226,97,15,5,3349,1734,0.050842202128510844,107,61,47269,48601,2381,1234,0,0,0,0,0,0,95286,0,0,50,0,0,0,0,0,0,0,4640,0,0,0,0,0,0
262,5516,263.2765202525059,99976,219,100,15,5,3374,1749,0.05124229815155637,109,58,47250,48593,2405,1242,0,0,0,0,0,0,95242,0,0,50,0,0,0,0,0,0,0,4684,0,0,0,0,0,0
263,5516,264.3176563607793,99976,208,109,15,5,3403,1767,0.051712410978634875,113,53,47221,48583,2441,1248,0,0,0,0,0,0,95194,0,0,51,0,0,0,0,0,0,0,4731,0,0,0,0,0,0
264,5516,265.0121209648744,99976,219,104,15,5,3429,1774,0.05204249019764744,119,59,47193,48571,2452,1259,0,0,0,0,0,0,95168,0,0,52,0,0,0,0,0,0,0,4756,0,0,0,0,0,0
265,5516,266.05434111011414,99976,228,103,15,5,3467,1789,0.05257261742818276,121,58,47160,48562,2474,1270,0,0,0,0,0,0,95124,0,0,53,0,0,0,0,0,0,0,4799,0,0,0,0,0,0
266,5516,267.09721128943465,99976,227,101,15,5,3497,1798,0.05296271105065216,116,60,47141,48554,2499,1278,0,0,0,0,0,0,95085,0,0,56,0,0,0,0,0,0,0,4835,0,0,0,0,0,0
267,5516,268.1406032785487,99976,229,101,15,5,3538,1814,0.05353284788349204,122,65,47101,48536,2531,1291,0,0,0,0,0,0,95030,0,0,56,0,0,0,0,0,0,0,4890,0,0,0,0,0,0
268,5516,269.18464317898656,99976,240,105,15,5,3572,1834,0.05407297751460351,122,63,47076,48525,2545,1300,0,0,0,0,0,0,94992,0,0,57,0,0,0,0,0,0,0,4927,0,0,0,0,0,0
269,5516,270.2291703700486,99976,230,117,15,5,3607,1855,0.05463311194686725,120,61,47051,48510,2582,1305,0,0,0,0,0,0,94939,0,0,58,0,0,0,0,0,0,0,4979,0,0,0,0,0,0
270,5516,271.274277560863,99976,226,118,15,5,3638,1874,0.055133231975674164,116,54,47031,48500,2610,1321,0,0,0,0,0,0,94886,0,0,58,0,0,0,0,0,0,0,5032,0,0,0,0,0,0
271,5516,272.3199560682938,99975,224,125,16,5,3676,1888,0.05565391347836959,112,61,47011,48483,2635,1324,0,0,0,0,0,0,94840,0,0,59,0,0,0,0,0,0,0,5076,0,0,0,0,0,0
272,5516,273.0173203372873,99975,222,134,16,5,3696,1899,0.05596399099774944,108,64,47006,48472,2646,1323,0,0,0,0,0,0,94816,0,0,59,0,0,0,0,0,0,0,5100,0,0,0,0,0,0
273,5516,274.0635793788094,99975,215,124,16,5,3726,1906,0.05633408352088022,118,72,46983,48463,2666,1334,0,0,0,0,0,0,94765,0,0,62,0,0,0,0,0,0,0,5148,0,0,0,0,0,0
274,5516,275.1103120592953,99975,216,123,16,5,3753,1920,0.05674418604651163,132,79,46953,48445,2681,1346,0,0,0,0,0,0,94728,0,0,66,0,0,0,0,0,0,0,5181,0,0,0,0,0,0
275,5516,276.157561704214,99975,224,132,16,5,3789,1945,0.05735433858464616,129,69,46931,48431,2698,1361,0,0,0,0,0,0,94686,0,0,68,0,0,0,0,0,0,0,5221,0,0,0,0,0,0
276,5516,277.20522999080816,99974,209,140,17,5,3821,1966,0.057885050113029385,138,67,46898,48415,2736,1371,0,0,0,0,0,0,94627,0,0,69,0,0,0,0,0,0,0,5278,0,0,0,0,0,0
277,5516,278.25361552636616,99973,222,135,18,5,3859,1982,0.058425774959238994,134,67,46874,48402,2750,1389,0,0,0,0,0,0,94581,0,0,69,0,0,0,0,0,0,0,5323,0,0,0,0,0,0
278,5516,279.3025218178924,99972,210,128,18,6,3887,2000,0.05888648821670068,136,72,46851,48388,2783,1404,0,0,0,0,0,0,94520,0,0,73,0,0,0,0,0,0,0,5379,0,0,0,0,0,0
279,5516,280.00212406300375,99972,218,128,18,6,3911,2010,0.05922658344336414,126,75,46840,48377,2796,1412,0,0,0,0,0,0,94494,0,0,73,0,0,0,0,0,0,0,5405,0,0,0,0,0,0
280,5516,281.0519114492645,99972,226,118,18,6,3952,2027,0.05980674588884888,139,78,46802,48362,2813,1434,0,0,0,0,0,0,94436,0,0,75,0,0,0,0,0,0,0,5461,0,0,0,0,0,0
281,5516,282.1022767598994,99971,223,129,19,6,3993,2049,0.06043752688279601,138,68,46777,48355,2841,1440,0,0,0,0,0,0,94385,0,0,79,0,0,0,0,0,0,0,5507,0,0,0,0,0,0
282,5516,283.153285636694,99971,231,133,19,6,4031,2076,0.06108771543747687,123,59,46766,48346,2859,1454,0,0,0,0,0,0,94332,0,0,79,0,0,0,0,0,0,0,5560,0,0,0,0,0,0
283,5516,284.20464673834744,99971,235,127,19,6,4059,2090,0.06150783727280911,138,67,46736,48329,2870,1469,0,0,0,0,0,0,94290,0,0,81,0,0,0,0,0,0,0,5600,0,0,0,0,0,0
284,5516,285.2564254373661,99971,254,127,19,6,4107,2109,0.06217803162917246,130,70,46706,48311,2889,1484,0,0,0,0,0,0,94244,0,0,83,0,0,0,0,0,0,0,5644,0,0,0,0,0,0
285,5516,286.3087782095337,99970,258,122,19,7,4146,2125,0.06272881864559368,133,75,46679,48297,2909,1497,0,0,0,0,0,0,94192,0,0,87,0,0,0,0,0,0,0,5691,0,0,0,0,0,0
286,5516,287.0106543125817,99970,249,129,19,7,4167,2142,0.06310893267980394,133,73,46670,48285,2927,1504,0,0,0,0,0,0,94154,0,0,89,0,0,0,0,0,0,0,5727,0,0,0,0,0,0
287,5516,288.0638296125212,99970,239,129,19,7,4203,2158,0.06362908872661799,134,85,46648,48264,2958,1513,0,0,0,0,0,0,94095,0,0,90,1,0,0,0,0,0,0,5784,0,0,0,0,0,0
288,5516,289.1174538763544,99970,242,128,19,7,4233,2174,0.0640892267680304,140,95,46619,48244,2978,1524,0,0,0,0,0,0,94052,0,0,91,1,0,0,0,0,0,0,5826,0,0,0,0,0,0
289,5516,290.17162219887757,99970,251,126,19,7,4274,2196,0.06471941582474743,134,89,46603,48234,2991,1542,0,0,0,0,0,0,93999,0,0,94,1,0,0,0,0,0,0,5876,0,0,0,0,0,0
290,5516,291.2262032036082,99970,242,134,19,7,4307,2224,0.0653295988796639,149,77,46571,48223,3017,1557,0,0,0,0,0,0,93939,0,0,96,1,0,0,0,0,0,0,5934,0,0,0,0,0,0
291,5516,292.2814218588052,99970,244,136,19,7,4343,2242,0.06586976092827848,150,79,46550,48205,3035,1571,0,0,0,0,0,0,93894,0,0,101,1,0,0,0,0,0,0,5974,0,0,0,0,0,0
292,5516,293.3371540986201,99970,246,142,19,7,4385,2267,0.06653996198859657,157,74,46511,48194,3065,1581,0,0,0,0,0,0,93838,0,0,104,1,0,0,0,0,0,0,6027,0,0,0,0,0,0
293,5516,294.0413973326983,99970,237,145,19,7,4410,2287,0.06699009702910873,174,71,46481,48181,3087,1594,0,0,0,0,0,0,93789,0,0,106,1,0,0,0,0,0,0,6074,0,0,0,0,0,0
294,5516,295.0983965354021,99970,252,144,19,7,4460,2303,0.06765029508852656,163,79,46456,48169,3108,1599,0,0,0,0,0,0,93739,0,0,108,1,0,0,0,0,0,0,6122,0,0,0,0,0,0
295,5516,296.1559736874636,99969,252,145,19,8,4500,2329,0.06831117646470405,158,67,46439,48163,3130,1615,0,0,0,0,0,0,93675,0,0,107,2,0,0,0,0,0,0,6185,0,0,0,0,0,0
296,5516,297.21409182561337,99969,246,145,19,8,4536,2354,0.06892136562334324,163,61,46407,48152,3163,1632,0,0,0,0,0,0,93612,0,0,111,2,0,0,0,0,0,0,6244,0,0,0,0,0,0
297,5516,298.27286545389956,99969,254,141,19,8,4587,2373,0.06962158269063409,155,68,46383,48134,3187,1647,0,0,0,0,0,0,93548,0,0,113,2,0,0,0,0,0,0,6306,0,0,0,0,0,0
298,5516,299.3322046918155,99969,257,134,19,8,4622,2392,0.0701617501425442,152,71,46358,48125,3212,1660,0,0,0,0,0,0,93495,0,0,118,2,0,0,0,0,0,0,6354,0,0,0,0,0,0
299,5516,300.038792223551,99969,252,129,19,8,4647,2403,0.07052186177715092,146,76,46347,48114,3234,1671,0,0,0,0,0,0,93452,0,0,121,2,0,0,0,0,0,0,6394,0,0,0,0,0,0
300,5516,301.0991316803822,99969,251,139,19,8,4681,2430,0.0711320509357901,152,69,46318,48098,3258,1684,0,0,0,0,0,0,93403,0,0,124,2,0,0,0,0,0,0,6440,0,0,0,0,0,0
301,5516,302.1600595451323,99969,247,147,19,8,4720,2449,0.07171223079154537,153,73,46280,48081,3299,1689,0,0,0,0,0,0,93352,0,0,127,2,0,0,0,0,0,0,6488,0,0,0,0,0,0
302,5516,303.22177610014336,99969,242,138,19,8,4747,2466,0.0721523672338425,161,78,46258,48065,3318,1709,0,0,0,0,0,0,93294,0,0,127,2,0,0,0,0,0,0,6546,0,0,0,0,0,0
303,5516,304.28401232867736,99969,243,144,19,8,4779,2489,0.07270253778671389,168,79,46233,48050,3335,1717,0,0,0,0,0,0,93249,0,0,130,2,0,0,0,0,0,0,6588,0,0,0,0,0,0
304,5516,305.34668915688604,99969,276,155,19,8,4835,2511,0.07348277966169513,164,76,46192,48037,3347,1722,0,0,0,0,0,0,93215,0,0,130,2,0,0,0,0,0,0,6622,0,0,0,0,0,0
305,5516,306.05547757479127,99969,275,152,19,8,4863,2525,0.07390290990206964,165,85,46167,48018,3372,1735,0,0,0,0,0,0,93171,0,0,132,2,0,0,0,0,0,0,6664,0,0,0,0,0,0
306,5516,307.11925261156307,99969,270,161,19,8,4895,2554,0.07451309906070883,168,85,46140,47999,3401,1745,0,0,0,0,0,0,93120,0,0,138,2,0,0,0,0,0,0,6709,0,0,0,0,0,0
307,5516,308.1836365277141,99969,281,164,19,8,4949,2574,0.07525332853184487,153,86,46115,47986,3430,1754,0,0,0,0,0,0,93061,0,0,139,2,0,0,0,0,0,0,6767,0,0,0,0,0,0
308,5516,309.2487065507831,99969,282,168,19,8,5000,2596,0.07598355490201962,136,98,46100,47963,3461,1761,0,0,0,0,0,0,92995,0,0,141,2,0,0,0,0,0,0,6831,0,0,0,0,0,0
309,5516,310.3141946068323,99969,291,167,19,8,5050,2621,0.07673378747411698,135,92,46063,47957,3490,1774,0,0,0,0,0,0,92930,0,0,143,2,0,0,0,0,0,0,6894,0,0,0,0,0,0
310,5516,311.0249345766396,99969,297,170,19,8,5080,2641,0.07723394252218188,142,84,46036,47951,3504,1785,0,0,0,0,0,0,92892,0,0,146,2,0,0,0,0,0,0,6929,0,0,0,0,0,0
311,5516,312.09171761713037,99969,284,176,19,8,5118,2662,0.07782412547889846,156,85,46002,47934,3537,1795,0,0,0,0,0,0,92831,0,0,151,2,0,0,0,0,0,0,6985,0,0,0,0,0,0
312,5516,313.1591852748143,99969,294,182,19,8,5163,2692,0.07857435805099582,152,85,45977,47909,3556,1814,0,0,0,0,0,0,92776,0,0,155,2,0,0,0,0,0,0,7036,0,0,0,0,0,0
313,5516,314.227154768176,99969,301,166,19,8,5215,2708,0.07925456891636408,143,93,45944,47893,3591,1838,0,0,0,0,0,0,92705,0,0,161,2,0,0,0,0,0,0,7101,0,0,0,0,0,0
314,5516,315.2960148175262,99969,285,159,19,8,5246,2733,0.07981474257019676,161,99,45909,47869,3624,1863,0,0,0,0,0,0,92626,0,0,161,2,0,0,0,0,0,0,7180,0,0,0,0,0,0
315,5516,316.0090116871094,99969,297,156,19,8,5280,2747,0.08029489141633907,150,100,45899,47860,3633,1874,0,0,0,0,0,0,92591,0,0,165,2,0,0,0,0,0,0,7211,0,0,0,0,0,0
316,5516,317.0788398569946,99969,306,158,19,8,5323,2779,0.08104512398843641,155,98,45870,47831,3648,1903,0,0,0,0,0,0,92530,0,0,168,2,0,0,0,0,0,0,7269,0,0,0,0,0,0
317,5516,318.14914804645906,99969,309,150,19,8,5374,2796,0.08172533485380468,152,112,45838,47802,3680,1926,0,0,0,0,0,0,92462,0,0,173,2,0,0,0,0,0,0,7332,0,0,0,0,0,0
318,5516,319.22014732447576,99969,302,157,19,8,5412,2823,0.08237553641628904,149,116,45820,47777,3708,1940,0,0,0,0,0,0,92400,0,0,176,2,0,0,0,0,0,0,7391,0,0,0,0,0,0
319,5516,320.2917390922821,99969,285,163,19,8,5439,2847,0.08288569456531525,158,121,45798,47757,3737,1948,1,1,1,1,0,0,92341,0,0,181,2,0,0,0,0,0,2,7443,0,0,0,0,0,0
320,5516,321.00642234205566,99969,283,161,19,8,5454,2858,0.083145775190309,157,123,45791,47744,3746,1960,2,2,2,2,0,0,92311,0,0,183,2,0,0,0,0,0,4,7469,0,0,0,0,0,0
321,5516,322.2413051548445,99969,269,180,19,8,5510,2906,0.08418609769028398,170,107,45753,47719,3784,1981,3,3,3,3,0,0,92216,0,0,188,2,0,0,0,0,0,5,7557,1,0,0,0,0,0
322,5516,323.1872408449495,99968,273,181,20,8,5544,2931,0.08477712868117798,166,95,45739,47710,3796,2000,4,4,4,4,0,0,92162,0,0,190,2,0,0,0,0,0,7,7606,1,0,0,0,0,0
323,5516,324.1052699920466,99968,273,183,20,8,5573,2946,0.0852172695262484,161,94,45724,47703,3815,2005,5,5,5,5,0,0,92121,0,0,191,3,0,0,0,0,0,9,7643,1,0,0,0,0,0
324,5516,325.0454624727105,99968,271,195,20,8,5599,2974,0.0857574423815621,176,89,45697,47686,3828,2014,6,6,6,6,0,0,92079,0,0,195,3,0,0,0,0,0,11,7679,1,0,0,0,0,0
325,5516,326.10107690996324,99968,263,187,20,8,5639,2998,0.08639764724711908,177,96,45678,47659,3853,2041,7,7,7,7,0,0,91998,0,0,196,3,0,0,0,0,0,13,7757,1,0,0,0,0,0
326,5516,327.31635477605687,99968,262,182,20,8,5692,3031,0.08725792253521127,180,95,45632,47634,3896,2071,8,8,8,8,0,0,91908,0,0,200,3,0,0,0,0,0,15,7841,1,0,0,0,0,0
327,5516,328.01039150667145,99968,258,181,20,8,5711,3044,0.08757802496798976,190,100,45614,47623,3907,2077,9,9,9,9,0,0,91871,0,0,201,3,0,0,0,0,0,16,7875,2,0,0,0,0,0
328,5516,329.0056695169539,99968,283,189,20,8,5768,3069,0.08839828745198464,174,99,45584,47606,3927,2086,10,10,10,10,0,0,91820,0,0,201,3,0,0,0,0,0,18,7924,2,0,0,0,0,0
329,5516,330.0475558092839,99968,295,183,20,8,5813,3096,0.08911851792573623,175,96,45556,47592,3941,2108,11,11,11,11,0,0,91759,0,0,208,3,0,0,0,0,0,20,7976,2,0,0,0,0,0
330,5516,331.08280836693956,99967,309,182,20,9,5867,3123,0.08992967679334181,170,103,45515,47567,3972,2125,12,12,12,12,0,0,91692,0,0,211,3,0,0,0,0,0,22,8037,2,0,0,0,0,0
331,5516,332.1041725204201,99967,320,180,20,9,5922,3149,0.09073994418157992,169,99,45481,47553,3995,2144,13,13,13,13,0,0,91624,0,0,217,3,0,0,0,0,0,24,8097,2,0,0,0,0,0
332,5516,333.08664288964565,99965,317,176,22,9,5956,3168,0.09127194518081329,186,103,45445,47539,4014,2157,14,14,14,14,0,0,91565,0,0,220,3,0,0,0,0,0,26,8149,2,0,0,0,0,0
333,5516,334.0024851236949,99965,300,183,22,9,5983,3195,0.09181213424698645,193,94,45427,47530,4041,2167,15,15,15,15,0,0,91503,0,0,222,4,0,0,0,0,0,28,8206,2,0,0,0,0,0
334,5516,335.0092575823091,99964,305,178,23,9,6029,3210,0.0924232723780561,186,102,45404,47511,4064,2182,16,16,16,16,0,0,91444,0,0,226,4,0,0,0,0,0,30,8258,2,0,0,0,0,0
335,5516,336.01728500792046,99963,312,184,24,9,6079,3233,0.09315446715284656,186,99,45370,47496,4089,2193,17,17,17,17,0,0,91386,0,0,230,4,0,0,0,0,0,32,8309,2,0,0,0,0,0
336,5516,337.0137984204078,99963,308,188,24,9,6126,3260,0.09389474105419005,192,98,45329,47478,4127,2208,18,17,18,18,0,0,91318,0,0,238,4,0,0,0,0,0,34,8367,2,0,0,0,0,0
337,5516,338.0204349658779,99963,305,182,24,9,6161,3285,0.09449496313636045,193,93,45302,47466,4155,2230,19,18,19,19,0,0,91255,0,0,246,4,0,0,0,0,0,36,8420,2,0,0,0,0,0
338,5516,339.0224565884191,99962,316,168,25,9,6210,3301,0.09514615553910485,186,104,45271,47441,4180,2257,20,19,20,20,0,0,91188,0,0,249,4,0,0,0,0,0,38,8481,2,0,0,0,0,0
339,5516,340.03185513851315,99962,317,163,25,9,6264,3327,0.09594645965466878,181,99,45240,47429,4214,2279,21,19,21,21,0,0,91105,0,0,252,4,0,0,0,0,0,40,8559,2,0,0,0,0,0
340,5516,341.0523033264063,99961,313,155,26,9,6311,3346,0.09660767699402767,185,99,45204,47420,4248,2295,22,20,22,22,0,0,91032,0,0,259,4,0,0,0,0,0,42,8622,2,0,0,0,0,0
341,5516,342.0567309321478,99961,319,157,26,9,6356,3371,0.0973079501005392,182,90,45174,47411,4274,2310,23,21,23,23,0,0,90974,0,0,265,4,0,0,0,0,0,44,8672,2,0,0,0,0,0
342,5516,343.26298196918714,99961,304,150,26,9,6410,3402,0.09815828172987465,191,91,45134,47388,4319,2338,24,22,24,24,0,0,90870,0,0,270,4,0,0,0,0,0,46,8769,2,0,0,0,0,0
343,5516,344.3504082935521,99960,311,157,26,10,6460,3435,0.09898959583833533,183,83,45104,47372,4349,2353,25,23,25,25,0,0,90805,0,0,275,4,0,0,0,0,0,47,8826,3,0,0,0,0,0
344,5516,345.07576237618065,99960,313,153,26,10,6495,3453,0.09951980792316927,175,81,45094,47361,4363,2369,27,24,26,27,0,0,90751,0,0,278,4,0,0,0,0,0,49,8874,4,0,0,0,0,0
345,5516,346.16430732016755,99960,329,149,26,10,6561,3476,0.10041016406562625,151,91,45066,47333,4397,2389,29,26,28,29,0,0,90675,0,0,282,4,0,0,0,0,0,52,8942,5,0,0,0,0,0
346,5516,347.25356636834937,99960,329,155,26,10,6607,3502,0.10113045218087235,152,91,45037,47314,4423,2400,31,28,30,31,0,0,90611,0,0,286,4,0,0,0,0,0,54,8998,7,0,0,0,0,0
347,5516,348.34338270761526,99960,330,152,26,10,6651,3520,0.10175070028011204,148,94,45019,47299,4442,2413,33,30,32,33,0,0,90547,0,0,288,4,0,0,0,0,0,56,9056,9,0,0,0,0,0
348,5516,349.07020552363207,99960,327,154,26,10,6678,3534,0.10216086434573829,153,106,44996,47276,4461,2420,35,32,34,35,0,0,90503,0,0,289,4,0,0,0,0,0,59,9095,10,0,0,0,0,0
349,5516,350.1610643321619,99959,321,166,27,10,6721,3561,0.10286217349113136,145,107,44973,47257,4494,2423,38,35,37,38,0,0,90437,0,0,293,4,0,0,0,0,0,65,9150,10,0,0,0,0,0
350,5516,351.2525422026613,99958,319,170,28,10,6761,3588,0.10353348406330659,151,103,44940,47236,4519,2441,41,38,40,41,0,0,90371,0,0,297,4,0,0,0,0,0,70,9205,11,0,0,0,0,0
351,5516,352.3447103334609,99958,299,176,28,10,6798,3625,0.10427379499389744,162,95,44908,47214,4557,2462,44,41,43,44,0,0,90285,0,0,305,4,0,0,0,0,0,76,9277,11,0,0,0,0,0
352,5516,353.0732630420998,99958,296,173,28,10,6828,3643,0.10475399667860501,158,95,44892,47196,4576,2479,48,45,47,48,0,0,90227,0,0,306,4,0,0,0,0,0,81,9326,14,0,0,0,0,0
353,5516,354.1668370749506,99957,287,168,29,10,6871,3663,0.10538531568574487,156,109,44868,47171,4607,2491,51,49,51,52,0,0,90148,0,0,310,5,0,0,0,0,0,88,9392,14,0,0,0,0,0
354,5516,355.26107788987537,99957,285,177,29,10,6915,3700,0.1061956641355783,149,99,44843,47147,4636,2511,56,54,56,57,0,0,90068,0,0,313,5,0,0,0,0,0,97,9459,15,0,0,0,0,0
355,5516,356.3559841440092,99956,276,176,29,11,6955,3725,0.10684701268558165,172,103,44805,47130,4655,2519,61,59,61,62,0,0,89992,0,0,319,5,0,0,0,0,0,104,9518,18,0,0,0,0,0
356,5516,357.0863363470046,99956,271,168,29,11,6979,3731,0.10714714474368722,172,109,44790,47117,4671,2528,65,65,67,67,0,0,89941,0,0,321,5,0,0,0,0,0,114,9556,19,0,0,0,0,0
357,5516,358.18255103280643,99956,273,176,29,11,7022,3764,0.107907479290888,181,94,44751,47099,4693,2547,71,71,73,73,0,0,89871,0,0,326,5,0,0,0,0,0,123,9609,22,0,0,0,0,0
358,5516,359.2795728804716,99956,285,178,29,11,7070,3798,0.10872784024970987,177,87,44725,47082,4704,2562,78,78,80,80,0,0,89801,0,0,333,5,0,0,0,0,0,132,9658,27,0,0,0,0,0
359,5516,360.0112923790428,99956,286,169,29,11,7097,3811,0.10912801632718395,182,95,44699,47061,4717,2576,85,86,88,87,0,0,89743,0,0,337,5,0,0,0,0,0,146,9697,28,0,0,0,0,0
360,5516,361.1094931058988,99956,305,167,29,11,7151,3838,0.10993837288406899,180,93,44657,47041,4734,2591,93,95,97,95,0,0,89667,0,0,340,5,0,0,0,0,0,161,9753,30,0,0,0,0,0
361,5516,362.2084336685785,99956,321,178,29,11,7202,3872,0.11078874704870142,171,83,44633,47018,4742,2603,102,105,107,104,0,0,89599,0,0,346,5,0,0,0,0,0,177,9796,33,0,0,0,0,0
362,5516,363.3080196074366,99956,310,176,29,11,7259,3897,0.11160910800752331,166,83,44592,46995,4791,2618,110,115,118,113,0,0,89493,0,0,354,5,0,0,0,0,0,196,9874,34,0,0,0,0,0
363,5516,364.04168048330405,99956,313,172,29,11,7297,3909,0.11210932810436593,152,92,44568,46975,4816,2623,120,125,130,123,0,0,89424,0,0,356,5,0,0,0,0,0,216,9919,36,0,0,0,0,0
364,5516,365.14309650990833,99956,311,171,29,11,7342,3933,0.11279963183800873,143,97,44535,46946,4850,2635,130,138,143,134,0,0,89330,0,0,357,5,0,0,0,0,0,239,9988,37,0,0,0,0,0
365,5516,366.2454046842764,99955,301,171,30,11,7381,3965,0.11351107998599369,156,100,44494,46911,4875,2653,142,152,157,146,0,0,89241,0,0,367,6,0,0,0,0,0,258,10040,43,0,0,0,0,0
366,5516,367.3487839973106,99955,278,171,30,11,7423,3988,0.11416137261767796,170,101,44445,46883,4920,2666,155,166,172,159,0,0,89133,0,0,371,6,0,0,0,0,0,282,10116,47,0,0,0,0,0
367,5516,368.085067218122,99955,264,167,30,11,7456,4002,0.1146315842128958,165,101,44419,46861,4951,2676,169,182,189,173,0,0,89041,0,0,374,6,0,0,0,0,0,312,10174,48,0,0,0,0,0
368,5516,369.19048663069447,99955,263,171,30,11,7503,4039,0.11547196238307238,161,91,44384,46826,4978,2700,182,199,207,188,0,0,88933,0,0,375,6,0,0,0,0,0,340,10248,53,0,0,0,0,0
369,5516,370.29691766819855,99955,275,162,30,11,7551,4061,0.1161722775248862,149,92,44355,46788,4990,2727,199,218,227,205,0,0,88836,0,0,378,6,0,0,0,0,0,373,10305,57,0,0,0,0,0
370,5516,371.0349396330154,99955,269,162,30,11,7576,4075,0.11656245310389675,141,96,44338,46758,5003,2731,217,240,249,223,0,0,88759,0,0,377,8,0,0,0,0,0,406,10343,62,0,0,0,0,0
371,5516,372.14275370617963,99955,259,159,30,11,7615,4102,0.11722275023760692,149,96,44292,46720,5033,2748,235,264,273,242,0,0,88647,0,0,385,8,0,0,0,0,0,447,10404,64,0,0,0,0,0
372,5516,373.25166549890406,99954,255,152,31,11,7654,4125,0.11784420833583448,160,102,44250,46680,5046,2764,256,289,299,263,0,0,88536,0,0,390,9,0,0,0,0,0,492,10461,66,0,0,0,0,0
373,5516,374.36160222646777,99953,256,153,31,12,7693,4148,0.11846567886906846,148,108,44226,46632,5063,2777,274,316,327,285,0,0,88435,0,0,393,9,0,0,0,0,0,536,10508,72,0,0,0,0,0
374,5516,375.1018795519508,99953,254,155,31,12,7721,4167,0.11893589987294029,148,110,44195,46594,5073,2782,297,345,357,309,0,0,88346,0,0,397,10,0,0,0,0,0,583,10539,78,0,0,0,0,0
375,5516,376.21316511189195,99953,268,155,31,12,7768,4197,0.11970626194311326,148,103,44155,46551,5074,2799,322,378,390,334,0,0,88233,0,0,398,10,0,0,0,0,0,634,10593,85,0,0,0,0,0
376,5516,377.3253527121638,99953,258,167,31,12,7804,4228,0.12037657699118585,149,102,44115,46497,5097,2808,348,412,425,361,0,0,88119,0,0,402,11,0,0,0,0,0,688,10641,92,0,0,0,0,0
377,5516,378.06740391870795,99953,270,176,31,12,7838,4249,0.12092683561273798,146,101,44065,46447,5109,2812,377,450,463,390,0,0,88023,0,0,403,11,0,0,0,0,0,751,10669,96,0,0,0,0,0
378,5516,379.1816600011919,99953,278,186,31,12,7883,4282,0.121707202385121,151,100,44006,46391,5126,2819,406,490,504,421,0,0,87899,0,0,404,11,0,0,0,0,0,816,10720,103,0,0,0,0,0
379,5516,380.2972845827239,99953,272,181,31,12,7930,4302,0.1223775174331936,158,103,43946,46346,5153,2825,438,531,548,454,0,0,87756,0,0,407,11,0,0,0,0,0,884,10783,112,0,0,0,0,0
380,5516,381.0418967290428,99953,269,173,31,12,7965,4315,0.12285774313927546,151,108,43912,46289,5167,2839,468,577,595,489,0,0,87627,0,0,410,11,0,0,0,0,0,957,10827,121,0,0,0,0,0
381,5516,382.1600929198648,99953,281,180,31,12,8020,4351,0.12376817104038898,151,101,43837,46223,5194,2856,504,626,646,526,0,0,87484,0,0,418,12,0,0,0,0,0,1037,10874,128,0,0,0,0,0
382,5516,383.2798706983212,99953,287,174,31,12,8068,4375,0.12448850959951177,159,104,43762,46160,5216,2868,543,680,700,566,0,0,87335,0,0,424,13,0,0,0,0,0,1122,10922,137,0,0,0,0,0
383,5516,384.0273905375087,99953,296,174,31,12,8099,4393,0.12497874000780367,162,99,43708,46098,5217,2877,584,738,758,608,0,0,87215,0,0,426,13,0,0,0,0,0,1204,10940,155,0,0,0,0,0
384,5516,385.15033949447104,99953,294,171,31,12,8138,4419,0.1256290456514562,172,91,43647,46041,5227,2887,627,796,820,653,0,0,87052,0,0,431,13,0,0,0,0,0,1302,10991,164,0,0,0,0,0
385,5516,386.2748315691182,99953,295,174,31,12,8195,4447,0.12647944533930947,193,82,43553,45976,5257,2894,669,860,886,700,0,0,86885,0,0,436,15,0,0,0,0,0,1395,11040,182,0,0,0,0,0
386,5516,387.0257045642458,99953,309,171,31,12,8237,4467,0.1270997368763319,180,78,43505,45900,5258,2908,715,929,957,750,0,0,86730,0,0,439,15,0,0,0,0,0,1502,11071,196,0,0,0,0,0
387,5516,388.15361958137777,99953,327,166,31,12,8293,4487,0.12786009424429481,181,83,43421,45815,5272,2919,766,1003,1032,803,0,0,86566,0,0,445,16,0,0,0,0,0,1610,11101,215,0,0,0,0,0
388,5516,389.28342133955005,99952,323,155,31,13,8352,4509,0.12867176244597406,180,97,43352,45721,5296,2930,816,1082,1112,859,0,0,86361,0,0,450,15,1,0,0,0,0,1724,11165,236,0,0,0,0,0
389,5516,390.0376432972921,99952,324,161,31,13,8387,4532,0.12925204097967025,167,94,43294,45627,5311,2936,871,1167,1197,918,0,0,86180,0,0,449,18,1,0,0,0,0,1856,11203,245,0,0,0,0,0
390,5516,391.17091287100914,99952,316,146,31,13,8433,4552,0.12991235793180728,171,93,43212,45539,5336,2955,932,1252,1287,980,0,0,85966,0,0,453,19,1,0,0,0,0,1987,11260,266,0,0,0,0,0
391,5516,392.30644760094657,99952,319,158,31,13,8487,4581,0.1307427565231311,155,91,43139,45434,5359,2960,995,1342,1382,1045,0,0,85755,0,0,456,19,1,0,0,0,0,2133,11308,280,0,0,0,0,0
392,5516,393.06457074540083,99952,317,149,31,13,8522,4590,0.1311829678245558,156,107,43064,45329,5372,2961,1058,1439,1483,1114,0,0,85555,0,0,461,20,1,0,0,0,0,2284,11333,298,0,0,0,0,0
393,5516,394.20405717937496,99952,307,166,31,13,8558,4633,0.1319733472066592,169,95,42965,45216,5401,2970,1125,1538,1590,1186,0,0,85327,0,0,466,20,1,0,0,0,0,2445,11377,316,0,0,0,0,0
394,5516,395.34598663123364,99952,311,161,31,13,8598,4655,0.1325936449495758,161,89,42896,45116,5406,2975,1193,1644,1703,1262,0,0,85105,0,0,466,22,1,0,0,0,0,2606,11410,342,0,0,0,0,0
395,5516,396.1083767732163,99952,306,153,31,13,8630,4672,0.13308388026252602,160,84,42809,45002,5423,2988,1269,1758,1822,1341,0,0,84869,0,0,470,23,1,0,0,0,0,2785,11444,360,0,0,0,0,0
396,5516,397.2546874094669,99951,306,149,32,13,8676,4691,0.13373553040990085,164,90,42720,44888,5436,2985,1340,1873,1948,1424,0,0,84618,0,0,473,23,1,0,0,0,0,2970,11482,384,0,0,0,0,0
397,5516,398.02025803259687,99951,313,146,32,13,8713,4705,0.1342457804324119,162,91,42621,44773,5446,2975,1424,2000,2080,1511,0,0,84385,0,0,474,24,1,0,0,0,0,3158,11495,414,0,0,0,0,0
398,5516,399.1714969504599,99951,314,153,32,13,8768,4738,0.13512621184380347,157,93,42528,44637,5457,2972,1510,2130,2219,1602,0,0,84115,0,0,483,24,1,0,0,0,0,3357,11526,445,0,0,0,0,0
399,5516,400.3253063441392,99951,314,158,32,13,8807,4766,0.13579654030474933,172,85,42407,44497,5468,2978,1605,2267,2365,1697,0,0,83842,0,0,489,24,1,0,0,0,0,3574,11552,469,0,0,0,0,0
400,5516,401.0961454050446,99951,300,157,32,13,8833,4785,0.1362467609128473,182,77,42301,44359,5482,2983,1701,2409,2519,1796,0,0,83573,0,0,496,25,1,0,0,0,0,3791,11561,504,0,0,0,0,0
401,5516,402.2559735985679,99951,303,162,32,13,8879,4812,0.13697711878820623,197,75,42176,44213,5492,2976,1798,2559,2680,1900,0,0,83278,0,0,499,26,1,0,0,0,0,4025,11588,534,0,0,0,0,0
402,5516,403.03101409321584,99950,290,150,33,13,8912,4822,0.1374087043521761,194,82,42064,44058,5516,2979,1901,2716,2849,2008,0,0,82972,0,0,503,26,1,0,0,0,0,4267,11612,569,0,0,0,0,0
403,5516,404.1972180884995,99950,291,146,33,13,8968,4839,0.13813906953476737,182,96,41950,43881,5533,2974,2009,2888,3026,2120,0,0,82651,0,0,508,27,1,0,0,0,0,4518,11639,606,0,0,0,0,0
404,5516,405.3667927474315,99950,297,150,33,13,9017,4865,0.13888944472236117,169,92,41840,43705,5543,2975,2116,3063,3211,2237,0,0,82337,0,0,512,29,1,0,0,0,0,4773,11647,651,0,0,0,0,0
405,5516,406.1482178146549,99950,308,155,33,13,9055,4889,0.13950975487743872,159,80,41722,43533,5543,2968,2233,3249,3404,2359,0,0,82026,0,0,510,31,1,0,0,0,0,5039,11644,699,0,0,0,0,0
406,5516,407.32416232477505,99950,298,153,33,13,9099,4914,0.140200100050025,152,90,41602,43342,5563,2964,2350,3436,3606,2485,0,0,81675,0,0,519,32,1,0,0,0,0,5319,11658,746,0,0,0,0,0
407,5516,408.11010598142803,99950,289,158,33,13,9125,4932,0.14064032016008005,153,91,41491,43143,5564,2958,2468,3635,3817,2616,0,0,81338,0,0,519,35,1,0,0,0,0,5611,11653,793,0,0,0,0,0
408,5516,409.292763992578,99950,288,152,33,13,9167,4958,0.14132066033016508,158,90,41374,42945,5558,2960,2587,3838,4036,2752,0,0,80959,0,0,519,38,1,0,0,0,0,5918,11677,838,0,0,0,0,0
409,5516,410.083157957632,99950,287,150,33,13,9203,4970,0.14180090045022511,145,97,41248,42726,5567,2955,2718,4057,4264,2893,0,0,80576,0,0,521,38,1,0,0,0,0,6252,11689,873,0,0,0,0,0
410,5516,411.2728636375479,99950,282,153,33,13,9242,4995,0.14244122061030515,148,90,41116,42518,5567,2946,2852,4278,4501,3039,0,0,80190,0,0,529,39,1,0,0,0,0,6581,11684,926,0,0,0,0,0
411,5516,412.0680911315978,99950,280,151,33,13,9274,5018,0.14299149574787393,145,81,40973,42304,5575,2940,2992,4509,4747,3190,0,0,79788,0,0,535,39,1,0,0,0,0,6930,11683,974,0,0,0,0,0
412,5516,413.26574393837933,99950,285,160,33,13,9320,5047,0.14374187093546772,139,83,40846,42060,5564,2935,3131,4747,5003,3346,0,0,79370,0,0,534,43,1,0,0,0,0,7290,11690,1022,0,0,0,0,0
413,5516,414.0663021961856,99950,282,157,33,13,9348,5061,0.14416208104052025,135,80,40703,41819,5562,2930,3283,4999,5268,3507,0,0,78944,0,0,534,44,1,0,0,0,0,7669,11690,1068,0,0,0,0,0
414,5516,415.27213607718295,99949,274,156,34,13,9382,5079,0.14468378873225346,158,92,40534,41577,5561,2909,3437,5251,5542,3673,0,0,78505,0,0,535,47,1,0,0,0,0,8051,11687,1123,0,0,0,0,0
415,5516,416.07863635555896,99949,269,161,34,13,9406,5100,0.14513401834935818,168,84,40372,41324,5557,2899,3598,5517,5826,3845,0,0,78070,0,0,541,48,1,0,0,0,0,8448,11660,1181,0,0,0,0,0
416,5516,417.2940017731894,99949,256,153,34,13,9449,5127,0.14583437553152107,166,84,40205,41055,5572,2906,3765,5787,6119,4022,0,0,77582,0,0,550,51,1,0,0,0,0,8857,11669,1239,0,0,0,0,0
417,5516,418.107125978949,99949,254,151,34,13,9483,5147,0.14637465107204675,159,76,40049,40793,5563,2896,3939,6069,6422,4204,0,0,77112,0,0,551,53,1,0,0,0,0,9272,11653,1307,0,0,0,0,0
418,5516,419.3326127552809,99949,255,140,34,13,9529,5166,0.14702498274119802,151,84,39887,40500,5560,2898,4111,6363,6734,4391,0,0,76608,0,0,554,58,1,0,0,0,0,9709,11655,1364,0,0,0,0,0
419,5516,420.1523677592401,99949,264,145,34,13,9556,5184,0.14747521235830274,189,103,39680,40190,5537,2879,4294,6668,7056,4584,0,0,76132,13,1,556,59,1,0,0,0,0,10157,11601,1429,0,0,0,0,0
420,5516,421.16323389678934,99949,273,150,34,13,9602,5215,0.14824560525868194,212,111,39490,39888,5523,2866,4466,6970,7387,4782,0,0,75619,65,4,558,65,1,0,0,0,0,10615,11531,1491,0,0,0,0,0
421,5516,422.17870019022513,99949,299,152,34,13,9659,5242,0.14908603387727742,215,131,39289,39568,5505,2857,4656,7277,7727,4985,0,0,75100,115,8,558,67,1,0,0,0,0,11080,11457,1563,0,0,0,0,0
422,5516,423.19884782336925,99949,312,164,34,13,9707,5277,0.14991645739327056,249,141,39069,39239,5495,2845,4839,7596,8077,5193,0,0,74567,160,11,564,71,1,0,0,0,0,11565,11381,1629,0,0,0,0,0
423,5516,424.2239545694913,99949,323,168,34,13,9773,5307,0.15087694724309397,272,141,38851,38915,5495,2837,5023,7924,8436,5406,0,0,74001,226,18,565,77,1,0,0,0,0,12058,11307,1696,0,0,0,0,0
424,5516,425.25441831685987,99949,341,164,34,13,9842,5335,0.1518474421955197,291,155,38620,38574,5497,2829,5215,8263,8804,5625,0,0,73421,297,27,566,79,1,0,0,0,0,12558,11228,1772,0,0,0,0,0
425,5516,426.290505998405,99949,358,179,34,13,9901,5378,0.1528679626609571,314,157,38387,38235,5492,2816,5413,8598,9180,5849,0,0,72836,353,32,569,85,1,0,0,0,0,13082,11154,1837,0,0,0,0,0
426,5516,427.3323738494284,99949,377,191,34,13,9980,5426,0.15413861069145265,320,151,38140,37895,5505,2794,5622,8954,9565,6078,0,0,72228,432,40,571,91,1,0,0,0,0,13603,11066,1917,0,0,0,0,0
427,5516,428.03052428931363,99949,376,190,34,13,10030,5440,0.15477893725800157,335,161,37898,37526,5523,2782,5832,9326,9958,6312,0,0,71609,483,50,574,93,1,0,0,0,0,14161,11004,1974,0,0,0,0,0
428,5516,429.08524546769127,99949,413,199,34,13,10124,5481,0.15612962610931574,348,165,37649,37160,5519,2774,6035,9687,10360,6550,0,0,70978,553,62,576,98,1,0,0,0,0,14710,10923,2048,0,0,0,0,0
429,5516,430.14622032171246,99949,427,212,34,13,10221,5520,0.15749032006323224,356,179,37388,36781,5545,2752,6248,10061,10770,6793,0,0,70326,631,78,585,104,1,0,0,0,0,15268,10835,2121,0,0,0,0,0
430,5516,431.21409376290126,99949,457,215,34,13,10314,5566,0.15888102932495574,393,198,37097,36393,5551,2758,6466,10421,11187,7041,0,0,69639,718,89,587,109,1,0,0,0,0,15857,10767,2182,0,0,0,0,0
431,5516,432.28935986093427,99949,497,235,34,13,10428,5615,0.16051186104913506,402,208,36815,35994,5569,2744,6681,10804,11612,7293,0,0,68969,784,116,595,111,1,0,0,0,0,16434,10686,2253,0,0,0,0,0
432,5516,433.0103079367455,99949,521,242,34,13,10509,5649,0.1616624478484027,408,218,36560,35586,5567,2737,6908,11202,12044,7550,0,0,68312,840,130,603,117,1,0,0,0,0,17021,10590,2335,0,0,0,0,0
433,5516,434.10024644280685,99949,548,270,34,13,10628,5703,0.16339333059860528,410,238,36283,35188,5591,2707,7132,11582,12482,7811,0,0,67629,922,149,611,123,2,0,0,0,0,17603,10483,2427,0,0,0,0,0
434,5516,435.19787020031873,99949,593,284,34,13,10753,5765,0.16526428478524047,414,254,35999,34748,5592,2715,7366,11984,12927,8076,0,0,66924,1016,170,616,131,2,0,0,0,0,18193,10379,2518,0,0,0,0,0
435,5516,436.3032673228337,99948,632,312,34,14,10888,5842,0.16738704126145595,408,247,35718,34348,5616,2709,7590,12368,13378,8345,0,0,66196,1116,199,623,138,2,0,0,0,0,18790,10280,2604,0,0,0,0,0
436,5516,437.0447699067003,99947,651,313,35,14,10967,5879,0.16854933114550713,442,247,35415,33939,5620,2701,7835,12784,13835,8618,0,0,65494,1184,220,624,143,2,0,0,0,0,19403,10182,2695,0,0,0,0,0
437,5516,438.1670968441622,99946,656,323,36,14,11095,5944,0.1704820603125688,484,261,35074,33504,5685,2707,8063,13189,14297,8895,0,0,64720,1307,249,641,150,2,0,0,0,0,20023,10076,2778,0,0,0,0,0
438,5516,439.29957439289973,99946,698,336,36,14,11237,6009,0.1725531787165069,522,292,34739,33066,5719,2710,8284,13580,14764,9175,0,0,63958,1407,281,653,156,4,0,0,0,0,20653,9981,2853,0,0,0,0,0
439,5516,440.05986702665444,99946,713,367,36,14,11342,6080,0.1743141296300002,546,270,34422,32645,5747,2704,8534,13998,15235,9459,0,0,63226,1485,318,659,165,4,0,0,0,0,21270,9874,2945,0,0,0,0,0
440,5516,441.21189924157346,99946,756,383,36,14,11501,6159,0.17669541552438317,571,281,34073,32221,5796,2708,8766,14391,15710,9746,0,0,62451,1601,365,666,173,4,0,0,0,0,21881,9764,3041,0,0,0,0,0
441,5516,442.37448403027196,99946,799,402,36,14,11672,6240,0.1792167770596122,593,296,33742,31780,5847,2720,8981,14786,16189,10036,0,0,61655,1724,403,682,184,4,0,0,0,0,22514,9652,3128,0,0,0,0,0
442,5516,443.15545284320643,99945,830,411,37,14,11794,6296,0.1809995497523638,623,306,33405,31357,5872,2708,9231,15202,16671,10329,0,0,60891,1813,434,686,196,4,0,0,0,0,23156,9547,3218,0,0,0,0,0
443,5516,444.33936524168274,99945,890,433,37,14,11986,6403,0.18399119515733653,622,319,33066,30898,5919,2737,9464,15597,17156,10624,0,0,60076,1952,479,705,206,4,0,0,0,0,23785,9422,3316,0,0,0,0,0
444,5516,445.1347385139533,99944,935,461,38,14,12128,6473,0.18611422396542063,648,316,32736,30430,5928,2736,9713,16041,17643,10922,0,0,59305,2024,530,711,215,4,0,0,0,0,24432,9329,3394,0,0,0,0,0
445,5516,446.34101096480157,99943,1011,462,39,14,12344,6560,0.18914781425412486,672,347,32351,29992,5987,2763,9938,16420,18132,11222,0,0,58470,2159,591,720,231,4,0,0,0,0,25068,9228,3472,0,0,0,0,0
446,5516,447.15205204924695,99943,1037,482,39,14,12481,6632,0.19123900623355314,693,349,32034,29537,6012,2766,10183,16850,18623,11524,0,0,57692,2249,647,727,240,4,0,0,0,0,25699,9116,3569,0,0,0,0,0
447,5516,448.3822386283082,99942,1075,514,39,15,12698,6740,0.19449280582737988,751,393,31617,29058,6107,2783,10409,17235,19115,11828,0,0,56840,2404,715,749,248,4,0,0,0,0,26326,8994,3662,0,0,0,0,0
448,5516,449.2102068480396,99940,1088,530,41,15,12842,6830,0.19683810286171702,785,391,31272,28620,6154,2797,10658,17645,19607,12134,0,0,56051,2506,775,771,263,4,0,0,0,0,26947,8859,3764,0,0,0,0,0
449,5516,450.0467353369452,99937,1111,543,44,15,13006,6911,0.19929555620040626,815,387,30928,28183,6200,2810,10900,18060,20100,12441,0,0,55239,2609,842,788,277,4,0,0,0,0,27583,8748,3847,0,0,0,0,0
450,5516,451.3168799037548,99936,1159,547,44,16,13271,7026,0.20309998398975343,835,400,30561,27740,6305,2858,11094,18437,20592,12750,0,0,54332,2803,940,802,291,5,0,0,0,0,28195,8642,3926,0,0,0,0,0
451,5516,452.17158190955996,99935,1206,544,45,16,13440,7102,0.20555360984640017,863,424,30207,27294,6341,2892,11336,18828,21084,13060,0,0,53514,2918,999,809,308,5,0,0,0,0,28836,8535,4011,0,0,0,0,0
452,5516,453.0352982737188,99934,1225,573,46,16,13627,7203,0.20843756879540495,875,405,29854,26855,6422,2910,11576,19239,21575,13370,0,0,52678,3045,1079,830,316,6,0,0,0,0,29462,8422,4096,0,0,0,0,0
453,5516,454.34788014522024,99934,1290,600,46,16,13933,7331,0.21278043508715752,863,454,29473,26414,6549,2942,11777,19572,22064,13681,0,0,51791,3229,1186,852,336,6,0,0,0,0,30049,8303,4182,0,0,0,0,0
454,5516,455.23165749925175,99934,1348,646,46,16,14152,7446,0.2161226409430224,888,443,29107,25963,6612,2950,11997,19980,22551,13993,0,0,50992,3319,1282,877,346,6,0,0,0,0,30653,8188,4271,0,0,0,0,0
455,5516,456.12563454930967,99934,1397,642,46,16,14368,7536,0.21918466187683872,918,492,28735,25510,6690,2973,12212,20365,23036,14305,0,0,50165,3444,1380,883,368,6,0,0,0,0,31251,8083,4354,0,0,0,0,0
456,5516,457.0300754791971,99934,1441,669,46,16,14588,7648,0.22250685452398583,934,483,28355,25097,6783,2985,12439,20748,23519,14617,0,0,49348,3559,1476,907,388,6,0,0,0,0,31851,7966,4433,0,0,0,0,0
457,5516,458.4067264954243,99931,1501,728,48,17,14938,7828,0.227817193863766,954,499,27946,24659,6947,3033,12602,21062,23999,14929,0,0,48434,3783,1592,941,410,6,0,0,0,0,32414,7825,4526,0,0,0,0,0
458,5516,459.334818151943,99928,1539,712,49,19,15173,7926,0.23115643263149468,979,517,27586,24229,7030,3092,12815,21429,24475,15240,0,0,47620,3920,1717,957,432,7,0,0,0,0,32959,7695,4621,0,0,0,0,0
459,5516,460.27428054528525,99927,1550,728,50,19,15405,8049,0.2347113392776727,996,500,27242,23836,7127,3120,13033,21795,24948,15551,0,0,46788,4072,1839,983,452,7,0,0,0,0,33510,7563,4713,0,0,0,0,0
460,5516,461.2252407671196,99927,1570,738,50,19,15623,8166,0.23806378656419186,1022,514,26884,23419,7221,3162,13251,22146,25417,15861,0,0,45985,4194,1967,1005,476,8,0,0,0,0,34057,7442,4793,0,0,0,0,0
461,5516,462.187927920277,99927,1566,747,50,19,15860,8271,0.24148628498804128,1029,550,26552,23008,7348,3186,13453,22488,25882,16170,0,0,45165,4340,2102,1028,496,9,0,0,0,0,34587,7317,4883,0,0,0,0,0
462,5516,463.1625195426837,99927,1629,781,50,19,16120,8410,0.24547919981586558,1014,543,26200,22625,7426,3229,13679,22801,26342,16478,0,0,44365,4463,2221,1048,524,11,0,0,0,0,35138,7205,4952,0,0,0,0,0
463,5516,464.14923914796015,99927,1656,792,50,19,16374,8535,0.24927196853703204,1023,554,25866,22253,7540,3269,13863,23111,26797,16785,0,0,43572,4596,2369,1075,547,11,0,0,0,0,35642,7074,5041,0,0,0,0,0
464,5516,465.1484268992146,99927,1658,804,50,19,16620,8659,0.2529746715102024,1034,549,25548,21875,7647,3324,14061,23427,27248,17090,0,0,42763,4740,2519,1102,571,12,0,0,0,0,36147,6957,5116,0,0,0,0,0
465,5516,466.15989549981003,99925,1683,816,52,19,16861,8809,0.2568926695021266,1096,542,25172,21503,7750,3393,14245,23725,27693,17394,0,0,41975,4866,2671,1130,604,12,0,0,0,0,36643,6839,5185,0,0,0,0,0
466,5516,467.1849367605911,99923,1729,854,53,20,17159,8975,0.26154138686788825,1079,507,24844,21171,7886,3450,14407,23996,28133,17696,0,0,41160,5013,2824,1159,637,12,0,0,0,0,37141,6733,5244,0,0,0,0,0
467,5516,468.22339827903977,99922,1787,869,54,20,17457,9104,0.26581733752326814,1061,544,24505,20787,8011,3491,14580,24287,28567,17996,0,0,40380,5146,2980,1168,675,12,0,0,0,0,37616,6634,5311,0,0,0,0,0
468,5516,469.27542715081114,99922,1780,887,54,20,17734,9239,0.26994055363183284,1068,565,24175,20460,8172,3532,14749,24534,28996,18294,0,0,39573,5305,3137,1199,708,13,0,0,0,0,38089,6523,5375,0,0,0,0,0
469,5516,470.34140120298497,99918,1807,897,57,21,18011,9392,0.27425488900898737,1083,566,23871,20136,8277,3602,14903,24776,29419,18590,0,0,38803,5427,3321,1223,744,14,0,0,0,0,38531,6421,5434,0,0,0,0,0
470,5516,471.42059880680694,99918,1800,926,57,21,18295,9551,0.2786885245901639,1092,574,23574,19804,8421,3657,15054,25016,29836,18884,0,0,38032,5570,3518,1245,781,17,0,0,0,0,38951,6311,5493,0,0,0,0,0
471,5516,472.51316731538014,99918,1826,934,57,21,18587,9690,0.2830020616905863,1106,583,23261,19532,8556,3697,15192,25231,30246,19175,0,0,37290,5697,3701,1257,833,18,0,0,0,0,39364,6211,5547,0,0,0,0,0
472,5516,473.06341920748906,99917,1837,949,58,21,18743,9774,0.28540688771680495,1102,560,22981,19206,8610,3704,15410,25558,30650,19464,0,0,36630,5737,3840,1262,852,18,0,0,0,0,39836,6130,5612,0,0,0,0,0
473,5516,474.18295910205165,99914,1861,934,60,22,19075,9932,0.2903196749204316,1091,543,22694,18885,8767,3806,15525,25808,31048,19750,0,0,35871,5878,4090,1291,883,20,0,0,0,0,40186,6026,5669,0,0,0,0,0
474,5516,475.31758424565743,99912,1864,938,61,23,19384,10096,0.2950596524941949,1095,543,22405,18591,8926,3892,15647,26011,31439,20034,0,0,35118,6039,4295,1323,926,21,0,0,0,0,40553,5907,5730,0,0,0,0,0
475,5516,476.4660785451969,99912,1836,935,61,23,19688,10257,0.2997137480983265,1068,545,22159,18300,9101,3987,15773,26208,31824,20315,0,0,34362,6197,4519,1357,975,22,0,0,0,0,40899,5804,5777,0,0,0,0,0
476,5516,477.0445437884909,99910,1848,928,63,23,19846,10327,0.3020018016214593,1059,554,21936,17988,9121,4007,15971,26498,32202,20593,0,0,33762,6224,4665,1367,997,23,0,0,0,0,41310,5709,5853,0,0,0,0,0
477,5516,478.21915234803924,99908,1871,961,65,23,20153,10495,0.3067622212435441,1119,552,21605,17725,9269,4047,16069,26690,32573,20868,0,0,33059,6350,4873,1391,1038,25,0,0,0,0,41664,5614,5894,0,0,0,0,0
478,5516,479.4097438940958,99907,1922,948,66,23,20521,10641,0.3119100763710251,1091,602,21345,17459,9420,4127,16154,26839,32938,21140,0,0,32357,6473,5117,1430,1074,27,0,0,0,0,41973,5512,5944,0,0,0,0,0
479,5516,480.0087882814365,99907,1910,939,66,23,20690,10729,0.3144824686958872,1092,602,21110,17181,9486,4154,16334,27099,33296,21409,0,0,31765,6519,5290,1441,1109,27,0,0,0,0,42335,5418,6003,0,0,0,0,0
480,5516,481.22693503851053,99903,1891,953,70,23,21026,10905,0.31962003143048756,1067,598,20846,16938,9680,4241,16444,27245,33647,21674,0,0,31052,6676,5525,1473,1158,31,0,0,0,0,42624,5320,6044,0,0,0,0,0
481,5516,482.46172304486345,99902,1879,958,71,23,21345,11093,0.32469820424015533,1045,564,20621,16720,9855,4345,16527,27388,33991,21936,0,0,30373,6804,5799,1510,1207,33,0,0,0,0,42882,5224,6070,0,0,0,0,0
482,5516,483.08309380925533,99900,1850,972,73,23,21510,11195,0.3273773773773774,1036,551,20426,16481,9920,4360,16693,27611,34329,22195,0,0,29836,6816,6004,1514,1247,35,0,0,0,0,43184,5148,6116,0,0,0,0,0
483,5516,484.3445515084979,99897,1848,986,76,23,21832,11382,0.33248245693063855,1014,505,20203,16292,10081,4454,16776,27738,34660,22450,0,0,29192,6923,6271,1552,1289,37,0,0,0,0,43419,5055,6159,0,0,0,0,0
484,5516,485.620129989619,99896,1843,963,77,23,22199,11540,0.337741250900937,978,494,19953,16101,10294,4547,16853,27870,34984,22702,0,0,28562,7047,6548,1587,1357,40,0,0,0,0,43608,4946,6201,0,0,0,0,0
485,5516,486.2627458270951,99895,1821,965,77,24,22356,11626,0.34017718604534763,983,483,19764,15873,10342,4560,17011,28093,35301,22950,0,0,28062,7048,6735,1600,1393,43,0,0,0,0,43901,4866,6247,0,0,0,0,0
486,5516,487.568212896324,99892,1784,963,79,25,22677,11793,0.3450726784927722,982,460,19540,15696,10528,4644,17085,28210,35612,23195,0,0,27442,7145,7008,1646,1445,46,0,0,0,0,44105,4779,6276,0,0,0,0,0
487,5516,488.22529008619966,99890,1771,942,81,25,22828,11870,0.34736209830813897,979,484,19341,15486,10586,4667,17240,28394,35916,23436,0,0,26943,7161,7183,1649,1488,48,0,0,0,0,44394,4711,6313,0,0,0,0,0
488,5516,489.55986297523594,99888,1782,899,83,25,23148,12024,0.3521143680922633,950,501,19162,15326,10722,4776,17299,28471,36214,23674,0,0,26350,7263,7468,1672,1535,55,0,0,0,0,44569,4637,6339,0,0,0,0,0
489,5516,490.2308813433157,99888,1753,890,83,25,23292,12098,0.3542968124299215,952,508,18984,15127,10778,4791,17448,28657,36505,23908,0,0,25883,7261,7655,1681,1571,58,0,0,0,0,44832,4571,6376,0,0,0,0,0
490,5516,491.59199413717727,99887,1736,872,83,26,23611,12276,0.3592759818595012,938,494,18802,14999,10928,4898,17511,28709,36790,24139,0,0,25319,7347,7944,1714,1634,63,0,0,0,0,44974,4495,6397,0,0,0,0,0
491,5516,492.2766766491528,99887,1714,870,83,26,23759,12371,0.36170873086587846,923,477,18656,14824,10965,4925,17657,28876,37069,24366,0,0,24878,7343,8135,1723,1670,67,0,0,0,0,45204,4422,6445,0,0,0,0,0
492,5516,493.6641317101278,99885,1645,861,85,26,24064,12523,0.3662912349201582,910,490,18490,14706,11177,4991,17691,28924,37341,24589,0,0,24356,7428,8436,1736,1749,70,0,0,0,0,45301,4338,6471,0,0,0,0,0
493,5516,494.3616653258045,99882,1644,862,88,26,24215,12607,0.36865501291524,893,471,18321,14538,11211,5011,17841,29090,37607,24809,0,0,23927,7409,8611,1747,1781,74,0,0,0,0,45548,4285,6500,0,0,0,0,0
494,5516,495.06518369574826,99882,1629,872,88,26,24384,12695,0.37122804909793555,859,449,18209,14370,11247,5019,17966,29262,37867,25025,0,0,23497,7423,8777,1751,1826,75,0,0,0,0,45769,4219,6545,0,0,0,0,0
495,5516,496.4903562829925,99880,1633,837,90,26,24691,12855,0.37591109331197436,867,432,18065,14274,11367,5142,17976,29287,38121,25238,0,0,23014,7491,9067,1770,1885,81,0,0,0,0,45853,4140,6579,0,0,0,0,0
496,5516,497.20537420916054,99878,1631,833,90,28,24849,12941,0.37836160115340717,845,417,17923,14138,11405,5166,18104,29416,38369,25447,0,0,22617,7477,9252,1779,1926,82,0,0,0,0,46054,4083,6608,0,0,0,0,0
497,5516,498.6456556018322,99878,1627,814,90,28,25172,13081,0.3829972566531168,799,423,17780,14070,11560,5249,18142,29414,38611,25653,0,0,22128,7554,9504,1812,1988,88,0,0,0,0,46166,4012,6626,0,0,0,0,0
498,5516,499.36850460890844,99878,1609,819,90,28,25316,13170,0.3853301027253249,798,411,17668,13935,11583,5262,18250,29543,38848,25855,0,0,21751,7533,9688,1828,2028,90,0,0,0,0,46357,3955,6648,0,0,0,0,0
499,5516,500.0869411451498,99878,1598,820,90,28,25462,13248,0.38757283886341337,774,416,17562,13814,11615,5270,18359,29650,39079,26053,0,0,21389,7510,9859,1835,2075,91,0,0,0,0,46546,3899,6674,0,0,0,0,0
500,5516,501.5116976817506,99876,1553,827,92,28,25712,13393,0.391535504024991,798,395,17456,13775,11739,5326,18360,29647,39304,26248,0,0,20949,7554,10101,1868,2132,93,0,0,0,0,46652,3837,6690,0,0,0,0,0
501,5516,502.2263966024968,99876,1529,829,92,28,25856,13477,0.3938183347350715,772,382,17345,13665,11794,5353,18466,29741,39524,26439,0,0,20600,7537,10280,1871,2178,95,0,0,0,0,46812,3781,6722,0,0,0,0,0
502,5516,503.64389467325617,99876,1483,805,92,28,26119,13616,0.39784332572389763,780,374,17253,13616,11933,5436,18457,29739,39739,26627,0,0,20196,7571,10547,1907,2243,103,0,0,0,0,46863,3710,6736,0,0,0,0,0
503,5516,504.3549211784176,99876,1505,781,92,28,26284,13681,0.4001461812647683,720,378,17174,13501,11956,5459,18551,29851,39949,26812,0,0,19888,7536,10735,1906,2286,108,0,0,0,0,46992,3658,6767,0,0,0,0,0
504,5516,505.06265035561665,99876,1482,737,92,28,26407,13733,0.40189835395890905,707,381,17112,13398,11970,5503,18635,29951,40153,26993,0,0,19570,7513,10925,1910,2327,111,0,0,0,0,47122,3607,6791,0,0,0,0,0
505,5516,506.46894973217735,99874,1428,729,93,29,26648,13858,0.40557101948455054,676,368,17048,13378,12108,5560,18645,29934,40352,27171,0,0,19201,7531,11175,1945,2388,114,0,0,0,0,47170,3541,6809,0,0,0,0,0
506,5516,507.1745470937839,99873,1383,724,93,30,26749,13927,0.4072772420974638,698,360,16951,13299,12137,5569,18736,30016,40546,27345,0,0,18902,7505,11348,1952,2427,115,0,0,0,0,47298,3490,6836,0,0,0,0,0
507,5516,508.57570960584684,99872,1355,719,94,30,26977,14056,0.41085589554629925,683,350,16920,13296,12228,5634,18718,29969,40736,27516,0,0,18539,7539,11569,1973,2482,121,0,0,0,0,47363,3434,6852,0,0,0,0,0
508,5516,509.27832179194723,99872,1345,699,94,30,27105,14117,0.41274831784684396,666,339,16853,13215,12245,5652,18795,30063,40921,27684,0,0,18260,7515,11742,1968,2527,123,0,0,0,0,47470,3386,6881,0,0,0,0,0
509,5516,510.6759121047865,99872,1339,682,94,30,27348,14227,0.4162828420378084,643,353,16810,13190,12321,5716,18791,30027,41101,27849,0,0,17912,7541,11960,1991,2583,127,0,0,0,0,47531,3338,6889,0,0,0,0,0
510,5516,511.37662807394014,99871,1294,669,94,31,27451,14287,0.41791911565920037,647,345,16721,13138,12371,5732,18871,30083,41277,28011,0,0,17632,7524,12117,1991,2623,132,0,0,0,0,47646,3292,6914,0,0,0,0,0
511,5516,512.0745480503475,99871,1259,652,94,31,27556,14347,0.419571246908512,651,336,16640,13076,12402,5751,18952,30152,41448,28169,0,0,17354,7518,12277,1989,2660,138,0,0,0,0,47757,3246,6932,0,0,0,0,0
512,5516,513.4626897377831,99870,1261,632,95,31,27785,14443,0.4228296785821568,601,322,16601,13104,12492,5788,18948,30121,41615,28324,0,0,17065,7506,12493,2014,2715,142,0,0,0,0,47795,3196,6944,0,0,0,0,0
513,5516,514.1588571851029,99870,1267,621,95,31,27905,14498,0.42458195654350656,570,323,16515,13060,12517,5798,19034,30165,41778,28476,0,0,16814,7480,12628,2016,2751,144,0,0,0,0,47910,3154,6973,0,0,0,0,0
514,5516,515.5427162724344,99867,1227,602,98,31,28097,14618,0.42771886609190224,557,301,16480,13052,12604,5877,19032,30135,41937,28625,0,0,16512,7478,12849,2047,2807,147,0,0,0,0,47941,3112,6974,0,0,0,0,0
515,5516,516.2363318459434,99867,1217,596,98,31,28198,14667,0.4292208637487859,537,301,16416,13011,12608,5878,19122,30181,42092,28771,0,0,16286,7444,12982,2051,2835,154,0,0,0,0,48044,3070,7001,0,0,0,0,0
516,5516,517.615517175191,99865,1149,577,100,31,28379,14772,0.4320933259900866,543,285,16410,13037,12693,5938,19103,30130,42243,28914,0,0,15999,7449,13177,2076,2905,160,0,0,0,0,48070,3028,7001,0,0,0,0,0
517,5516,518.3069289848539,99864,1178,575,101,31,28506,14821,0.4338600496675479,493,277,16366,12992,12696,5933,19164,30190,42390,29054,0,0,15791,7404,13322,2073,2936,164,0,0,0,0,48163,2998,7013,0,0,0,0,0
518,5516,519.6836809950202,99864,1125,548,101,31,28676,14906,0.436413522390451,489,267,16360,13024,12774,5980,19149,30148,42533,29192,0,0,15520,7416,13509,2095,2985,174,0,0,0,0,48190,2954,7021,0,0,0,0,0
519,5516,520.3740044643331,99864,1128,549,101,31,28779,14953,0.43791556516862934,462,248,16322,13007,12779,5968,19206,30195,42673,29327,0,0,15327,7371,13652,2087,3020,176,0,0,0,0,48269,2924,7038,0,0,0,0,0
520,5516,521.06249961994,99863,1090,548,102,31,28862,14998,0.43920170633768263,458,240,16282,12961,12804,5969,19262,30249,42809,29459,0,0,15105,7365,13761,2086,3054,180,0,0,0,0,48367,2882,7063,0,0,0,0,0
521,5516,522.4342280718138,99861,1018,536,103,32,29008,15085,0.4415437458066713,446,218,16283,13030,12892,5994,19256,30188,42942,29588,0,0,14862,7367,13941,2111,3105,183,0,0,0,0,48379,2831,7082,0,0,0,0,0
522,5516,523.122434436252,99861,996,521,103,32,29086,15121,0.4426853326123311,430,207,16254,13005,12897,5999,19318,30234,43071,29715,0,0,14668,7333,14066,2113,3136,185,0,0,0,0,48462,2798,7100,0,0,0,0,0
523,5516,524.4926708184437,99861,963,497,103,32,29243,15201,0.4450586314977819,415,211,16270,13043,12948,6027,19299,30188,43197,29839,0,0,14462,7318,14241,2132,3197,190,0,0,0,0,48471,2744,7106,0,0,0,0,0
524,5516,525.179960808433,99861,942,478,103,32,29317,15229,0.44608005127126704,405,228,16236,13028,12959,6032,19353,30200,43320,29961,0,0,14273,7290,14345,2124,3239,192,0,0,0,0,48560,2720,7118,0,0,0,0,0
525,5516,526.5489869027094,99860,878,469,104,32,29456,15313,0.4483176447025836,381,200,16264,13066,13037,6066,19334,30165,43440,30080,0,0,14060,7294,14553,2113,3287,200,0,0,0,0,48532,2698,7123,0,0,0,0,0
526,5516,527.2356423074644,99860,835,462,104,32,29508,15347,0.4491788503905468,390,183,16234,13037,13050,6061,19385,30223,43557,30197,0,0,13890,7255,14668,2112,3322,202,0,0,0,0,48606,2672,7133,0,0,0,0,0
527,5516,528.6045196549009,99860,793,432,104,32,29630,15410,0.45103144402163026,368,171,16244,13095,13097,6084,19392,30184,43671,30311,0,0,13709,7232,14815,2115,3392,207,0,0,0,0,48615,2643,7132,0,0,0,0,0
528,5516,529.290259802424,99860,766,422,104,32,29684,15434,0.4518125375525736,366,180,16222,13081,13094,6081,19446,30202,43782,30423,0,0,13547,7206,14915,2108,3425,207,0,0,0,0,48689,2614,7149,0,0,0,0,0
529,5516,530.6568436027381,99859,728,416,105,32,29805,15506,0.45374978719995196,342,160,16282,13147,13125,6098,19416,30145,43890,30532,0,0,13350,7205,15052,2113,3474,211,0,0,0,0,48714,2587,7153,0,0,0,0,0
530,5516,531.34178021225,99858,723,417,105,33,29867,15537,0.454685653628152,326,155,16272,13147,13118,6084,19454,30162,43995,30639,0,0,13205,7164,15149,2114,3491,216,0,0,0,0,48789,2560,7170,0,0,0,0,0
531,5516,532.0258471497453,99858,706,422,105,33,29923,15571,0.4555869334454926,309,154,16273,13128,13121,6073,19484,30188,44097,30744,0,0,13053,7133,15234,2105,3522,221,0,0,0,0,48872,2544,7174,0,0,0,0,0
532,5516,533.3908179824291,99857,709,413,106,33,30032,15626,0.45723384439748843,282,163,16315,13200,13121,6075,19465,30114,44197,30847,0,0,12890,7116,15351,2101,3561,225,0,0,0,0,48912,2522,7179,0,0,0,0,0
533,5516,534.075120483311,99857,693,412,106,33,30082,15666,0.45813513324053395,272,144,16324,13209,13096,6081,19507,30119,44294,30948,0,0,12753,7078,15439,2104,3589,228,0,0,0,0,48979,2496,7191,0,0,0,0,0
534,5516,535.4397314251768,99855,655,393,107,34,30185,15723,0.4597466326172951,254,131,16409,13302,13114,6089,19459,30049,44389,31046,0,0,12596,7066,15583,2098,3636,234,0,0,0,0,48976,2474,7192,0,0,0,0,0
535,5516,536.1241001759669,99855,623,376,107,34,30229,15743,0.46038756196484903,260,125,16410,13310,13103,6086,19495,30067,44481,31142,0,0,12466,7043,15670,2092,3672,235,0,0,0,0,49027,2443,7207,0,0,0,0,0
536,5516,537.4909640654805,99855,589,335,107,34,30316,15777,0.46159931901256823,263,130,16472,13395,13104,6103,19463,30001,44571,31236,0,0,12319,7015,15786,2091,3729,237,0,0,0,0,49047,2426,7205,0,0,0,0,0
537,5516,538.1764794168732,99854,570,328,108,34,30354,15799,0.46220481903579225,260,134,16498,13405,13072,6097,19490,30000,44659,31328,0,0,12200,6981,15874,2076,3759,239,0,0,0,0,49104,2408,7213,0,0,0,0,0
538,5516,539.5446383960712,99854,548,313,108,34,30444,15845,0.463566807539007,245,125,16578,13494,13076,6115,19443,29917,44744,31418,0,0,12051,6968,15990,2078,3790,244,0,0,0,0,49125,2391,7217,0,0,0,0,0
539,5516,540.2310400199651,99854,548,306,108,34,30499,15862,0.46428786027600294,220,122,16584,13512,13053,6097,19485,29927,44827,31507,0,0,11952,6922,16079,2069,3815,249,0,0,0,0,49169,2375,7224,0,0,0,0,0
540,5516,541.6012065712222,99853,511,298,109,34,30569,15911,0.46548426186494146,212,113,16643,13593,13056,6095,19467,29865,44908,31594,0,0,11822,6902,16189,2072,3846,253,0,0,0,0,49179,2354,7236,0,0,0,0,0
541,5516,542.2876672607006,99853,484,291,109,34,30607,15934,0.466095159885031,209,105,16655,13606,13039,6088,19502,29874,44987,31679,0,0,11716,6871,16270,2068,3870,257,0,0,0,0,49217,2332,7252,0,0,0,0,0
542,5516,543.65769316003,99853,453,267,109,34,30672,15968,0.46708661732747137,203,100,16715,13692,13031,6107,19487,29798,45064,31762,0,0,11604,6844,16391,2069,3904,261,0,0,0,0,49218,2310,7252,0,0,0,0,0
543,5516,544.344482218329,99853,443,257,109,34,30702,15982,0.46752726507966713,210,99,16740,13714,12989,6093,19507,29801,45139,31843,0,0,11498,6819,16457,2059,3926,262,0,0,0,0,49275,2294,7263,0,0,0,0,0
544,5516,545.0299485953323,99853,437,248,109,34,30746,16000,0.46814817782139745,186,97,16764,13746,12965,6074,19537,29799,45212,31923,0,0,11406,6783,16536,2046,3954,265,0,0,0,0,49311,2282,7270,0,0,0,0,0
545,5516,546.3988271678897,99853,431,243,109,34,30820,16038,0.4692698266451684,168,91,16835,13859,12962,6077,19493,29694,45284,32001,0,0,11299,6762,16606,2037,3992,272,0,0,0,0,49342,2266,7277,0,0,0,0,0
546,5516,547.0847002500649,99853,417,227,109,34,30845,16054,0.4696804302324417,172,87,16849,13888,12936,6070,19515,29692,45354,32077,0,0,11210,6728,16686,2027,4013,274,0,0,0,0,49376,2252,7287,0,0,0,0,0
547,5516,548.4556841018128,99852,395,219,110,34,30904,16088,0.47061651243840885,149,87,16931,13994,12921,6067,19492,29597,45422,32152,0,0,11107,6707,16761,2020,4050,277,0,0,0,0,49396,2236,7298,0,0,0,0,0
548,5516,549.1430624952407,99852,386,208,110,34,30927,16099,0.4709570163842487,145,91,16948,14025,12894,6062,19515,29578,45488,32225,0,0,11023,6683,16819,2007,4073,279,0,0,0,0,49440,2218,7310,0,0,0,0,0
549,5516,550.5150818986535,99851,368,200,110,35,30983,16136,0.47189312074991735,136,82,17040,14129,12861,6069,19483,29483,45553,32296,0,0,10929,6668,16898,1994,4108,285,0,0,0,0,49447,2206,7316,0,0,0,0,0
550,5516,551.2027693856319,99851,348,196,110,35,31006,16152,0.4722837027170484,134,86,17064,14176,12848,6048,19494,29457,45616,32366,0,0,10850,6629,16971,1989,4127,286,0,0,0,0,49479,2196,7324,0,0,0,0,0
551,5516,552.5766642493041,99851,330,185,110,35,31056,16174,0.4730047771179057,137,92,17115,14292,12833,6035,19473,29359,45677,32434,0,0,10757,6612,17047,1984,4159,288,0,0,0,0,49502,2182,7320,0,0,0,0,0
552,5516,553.2651269234999,99851,319,192,110,35,31083,16190,0.4734354187739732,135,86,17130,14326,12819,6017,19485,29342,45737,32501,0,0,10673,6593,17087,1977,4172,294,0,0,0,0,49557,2166,7332,0,0,0,0,0
553,5516,554.6402377415834,99850,304,182,111,35,31127,16216,0.4741412118177266,125,79,17194,14455,12811,6013,19453,29234,45795,32567,0,0,10586,6579,17152,1972,4196,300,0,0,0,0,49580,2147,7338,0,0,0,0,0
554,5516,555.3289700851973,99850,299,175,111,35,31152,16224,0.474471707561342,112,76,17218,14492,12786,5998,19472,29222,45852,32631,0,0,10505,6559,17203,1963,4211,301,0,0,0,0,49624,2136,7348,0,0,0,0,0
555,5516,556.0177305813522,99850,284,171,111,35,31170,16233,0.4747421131697546,118,79,17238,14543,12759,5987,19488,29183,45908,32694,0,0,10435,6532,17255,1956,4229,302,0,0,0,0,49661,2121,7359,0,0,0,0,0
556,5516,557.393760616392,99849,258,144,111,36,31207,16254,0.4753277448947911,111,78,17339,14674,12739,5994,19440,29072,45962,32756,0,0,10346,6520,17333,1956,4256,304,0,0,0,0,49670,2106,7358,0,0,0,0,0
557,5516,558.0837193644858,99849,249,148,111,36,31225,16274,0.47570831956253945,116,63,17376,14708,12706,5990,19440,29053,46015,32816,0,0,10267,6502,17371,1953,4269,308,0,0,0,0,49721,2096,7362,0,0,0,0,0
558,5516,559.4634443475443,99849,224,137,111,36,31259,16292,0.47622910594998447,119,56,17448,14819,12680,5977,19416,28973,46067,32875,0,0,10192,6480,17444,1948,4289,313,0,0,0,0,49734,2086,7363,0,0,0,0,0
559,5516,560.1549864561208,99849,218,129,111,36,31278,16296,0.47645945377520055,116,64,17485,14859,12648,5961,19420,28949,46117,32933,0,0,10121,6462,17482,1947,4297,316,0,0,0,0,49781,2068,7375,0,0,0,0,0
560,5516,561.536895178679,99849,216,123,111,36,31331,16315,0.4771805426193552,88,61,17607,14983,12612,5947,19364,28848,46166,32990,0,0,10048,6438,17543,1948,4320,318,0,0,0,0,49801,2059,7374,0,0,0,0,0
561,5516,562.229717073138,99848,212,113,112,36,31351,16321,0.4774457174905857,86,64,17642,15017,12573,5943,19373,28825,46214,33045,0,0,9985,6408,17600,1945,4324,322,0,0,0,0,49834,2052,7378,0,0,0,0,0
562,5516,563.6157884154754,99848,190,116,112,36,31376,16343,0.47791643297812675,88,50,17728,15156,12547,5910,19333,28730,46261,33099,0,0,9926,6376,17667,1939,4344,325,0,0,0,0,49848,2047,7376,0,0,0,0,0
563,5516,564.3107223047874,99848,180,118,112,36,31390,16353,0.47815679833346686,93,46,17772,15187,12510,5888,19331,28723,46307,33152,0,0,9877,6348,17708,1932,4361,325,0,0,0,0,49875,2032,7390,0,0,0,0,0
564,5516,565.0052534306188,99848,180,128,112,36,31407,16367,0.4784672702507812,85,34,17801,15234,12487,5866,19333,28700,46352,33204,0,0,9815,6326,17745,1925,4371,325,0,0,0,0,49920,2025,7396,0,0,0,0,0
565,5516,566.3945363473788,99848,176,111,112,36,31442,16379,0.47893798573832225,80,42,17899,15347,12461,5850,19270,28612,46396,33255,0,0,9754,6304,17805,1921,4392,327,0,0,0,0,49934,2017,7394,0,0,0,0,0
566,5516,567.0910457347837,99848,179,105,112,36,31459,16384,0.479158320647384,76,48,17950,15403,12422,5836,19259,28570,46438,33305,0,0,9709,6272,17852,1919,4399,327,0,0,0,0,49959,2004,7407,0,0,0,0,0
567,5516,568.4854709731309,99847,172,102,112,37,31491,16395,0.47959377848107604,66,49,18062,15523,12380,5811,19206,28476,46479,33354,0,0,9654,6251,17904,1915,4413,329,0,0,0,0,49976,1993,7412,0,0,0,0,0
568,5516,569.1844750388302,99847,163,104,112,37,31502,16406,0.4798141155968632,62,44,18123,15572,12345,5791,19193,28450,46519,33402,0,0,9600,6232,17935,1907,4427,331,0,0,0,0,50012,1987,7416,0,0,0,0,0
569,5516,570.583988410938,99847,153,105,112,37,31529,16425,0.48027482047532727,51,40,18263,15713,12293,5762,19126,28341,46559,33449,0,0,9548,6214,17983,1897,4448,333,0,0,0,0,50030,1974,7420,0,0,0,0,0
570,5516,571.2864174615155,99847,151,100,112,37,31539,16427,0.4803950043566657,49,38,18300,15755,12258,5747,19128,28321,46598,33495,0,0,9500,6186,18015,1892,4459,334,0,0,0,0,50070,1968,7423,0,0,0,0,0
571,5516,572.69172480525,99847,137,98,112,37,31554,16438,0.4806554027662323,56,40,18428,15871,12208,5728,19057,28224,46636,33540,0,0,9449,6166,18048,1890,4476,335,0,0,0,0,50097,1957,7429,0,0,0,0,0
572,5516,573.3965751251659,99847,138,94,112,37,31568,16444,0.48085570923512977,52,40,18474,15937,12176,5716,19046,28174,46673,33584,0,0,9396,6148,18078,1888,4483,337,0,0,0,0,50135,1950,7432,0,0,0,0,0
573,5516,574.101895302486,99847,127,97,112,37,31579,16451,0.4810359850571374,52,39,18521,15985,12141,5702,19045,28138,46709,33627,0,0,9341,6137,18105,1879,4495,338,0,0,0,0,50171,1944,7437,0,0,0,0,0
574,5516,575.5135349905273,99847,111,88,112,37,31591,16465,0.48129638346670406,64,37,18637,16124,12089,5682,18985,28030,46744,33669,0,0,9298,6116,18160,1872,4507,342,0,0,0,0,50175,1939,7438,0,0,0,0,0
575,5516,576.2214282141379,99847,109,83,112,37,31602,16470,0.481456628641822,62,33,18689,16169,12054,5672,18972,28004,46778,33710,0,0,9253,6094,18192,1869,4516,343,0,0,0,0,50204,1935,7441,0,0,0,0,0
576,5516,577.638351997485,99847,108,80,112,37,31619,16480,0.4817270423748335,60,29,18817,16299,11991,5656,18910,27897,46811,33751,0,0,9209,6077,18229,1866,4520,346,0,0,0,0,50224,1926,7450,0,0,0,0,0
577,5516,578.3489433471889,99847,105,78,112,37,31627,16485,0.4818572415796168,56,30,18872,16345,11959,5646,18894,27862,46844,33791,0,0,9164,6066,18250,1861,4530,346,0,0,0,0,50256,1914,7460,0,0,0,0,0
578,5516,579.0600464233478,99846,103,72,113,37,31639,16486,0.481992268092863,50,36,18909,16405,11938,5640,18885,27808,46876,33830,0,0,9114,6058,18274,1858,4536,346,0,0,0,0,50288,1903,7469,0,0,0,0,0
579,5516,580.4830583014166,99845,99,69,114,37,31656,16497,0.4822775301717662,47,32,19017,16562,11890,5616,18831,27682,46907,33868,0,0,9076,6039,18311,1857,4545,348,0,0,0,0,50305,1890,7474,0,0,0,0,0
580,5516,581.1920571643108,99845,104,76,114,37,31671,16506,0.4825179027492614,40,27,19052,16615,11861,5599,18827,27644,46937,33905,0,0,9039,6020,18333,1852,4554,349,0,0,0,0,50335,1885,7478,0,0,0,0,0
581,5516,582.6053070622797,99845,89,81,114,37,31683,16521,0.4827883218989434,43,26,19184,16712,11798,5585,18770,27557,46967,33942,0,0,8995,6010,18362,1849,4566,350,0,0,0,0,50352,1876,7485,0,0,0,0,0
582,5516,583.3080105950486,99845,87,73,114,37,31691,16522,0.482878461615504,42,30,19219,16773,11769,5579,18767,27506,46996,33978,0,0,8957,5994,18386,1840,4580,351,0,0,0,0,50378,1874,7485,0,0,0,0,0
583,5516,584.0092019933361,99845,85,78,114,37,31697,16530,0.48301867895237616,43,26,19261,16838,11733,5565,18762,27454,47024,34013,0,0,8922,5979,18409,1835,4585,353,0,0,0,0,50405,1867,7490,0,0,0,0,0
584,5516,585.4075846453624,99845,80,72,114,37,31710,16538,0.4832290049576844,42,28,19361,16954,11689,5546,18712,27361,47052,34047,0,0,8884,5971,18432,1828,4600,354,0,0,0,0,50422,1858,7496,0,0,0,0,0
585,5516,586.1037265482801,99845,79,69,114,37,31716,16545,0.48335920677049427,39,27,19404,17017,11663,5531,18699,27317,47079,34081,0,0,8845,5957,18457,1827,4603,355,0,0,0,0,50447,1852,7502,0,0,0,0,0
586,5516,587.4919893261784,99845,77,62,114,37,31731,16551,0.4835695327758025,35,25,19508,17119,11624,5516,18640,27239,47106,34114,0,0,8806,5943,18490,1829,4607,356,0,0,0,0,50463,1844,7507,0,0,0,0,0
587,5516,588.1831746885134,99845,73,61,114,37,31734,16556,0.48364965696830087,39,23,19565,17173,11587,5501,18620,27203,47132,34146,0,0,8782,5922,18522,1820,4618,356,0,0,0,0,50476,1840,7509,0,0,0,0,0
588,5516,589.5606982398895,99845,82,51,114,37,31751,16560,0.4838599829736091,32,20,19693,17316,11523,5474,18554,27100,47157,34178,0,0,8745,5911,18551,1814,4627,356,0,0,0,0,50494,1837,7510,0,0,0,0,0
589,5516,590.2458587813633,99845,82,50,114,37,31751,16561,0.48386999849767137,32,19,19687,17302,11507,5471,18576,27119,47182,34209,0,0,8720,5891,18572,1809,4631,358,0,0,0,0,50518,1833,7513,0,0,0,0,0
590,5516,591.4051822374065,99845,73,42,114,37,31768,16566,0.48409034002704193,29,21,19839,17479,11446,5451,18497,26968,47206,34240,0,0,8678,5880,18607,1809,4639,359,0,0,0,0,50531,1831,7511,0,0,0,0,0
591,5516,592.0853799476389,99845,71,38,114,37,31770,16569,0.4841404176473534,31,20,19881,17524,11414,5436,18487,26943,47230,34270,0,0,8650,5866,18627,1802,4648,360,0,0,0,0,50551,1827,7514,0,0,0,0,0
592,5516,593.0538276248427,99845,69,38,114,37,31772,16571,0.48418047974360257,34,18,19904,17537,11386,5425,18491,26943,47253,34299,0,0,8617,5856,18643,1795,4655,360,0,0,0,0,50578,1825,7516,0,0,0,0,0
593,5516,594.0195019083208,99845,64,37,114,37,31777,16576,0.4842806349842255,35,19,19973,17626,11347,5404,18465,26875,47276,34328,0,0,8586,5845,18661,1789,4665,361,0,0,0,0,50598,1822,7518,0,0,0,0,0
594,5516,595.010875930765,99845,67,42,114,37,31789,16582,0.4844609144173469,35,14,20067,17725,11294,5378,18421,26802,47298,34356,0,0,8556,5833,18679,1790,4662,365,0,0,0,0,50621,1816,7523,0,0,0,0,0
595,5516,596.5106100997056,99845,68,39,114,37,31805,16584,0.4846411938504682,28,16,20182,17877,11247,5350,18359,26679,47320,34384,0,0,8523,5829,18695,1785,4667,368,0,0,0,0,50640,1808,7530,0,0,0,0,0
596,5516,597.1450474073862,99845,60,36,114,37,31811,16586,0.4847213180429666,27,15,20243,17936,11215,5336,18339,26638,47341,34411,0,0,8496,5816,18715,1786,4672,369,0,0,0,0,50655,1800,7536,0,0,0,0,0
597,5516,598.111201706655,99845,59,38,114,37,31816,16590,0.4848114577595273,24,15,20295,17989,11184,5315,18322,26604,47362,34438,0,0,8468,5801,18736,1786,4673,369,0,0,0,0,50676,1795,7541,0,0,0,0,0
598,5516,599.4885592921263,99845,64,36,114,37,31826,16596,0.484971706144524,24,11,20417,18134,11136,5294,18243,26486,47382,34464,0,0,8443,5786,18760,1785,4675,370,0,0,0,0,50690,1791,7545,0,0,0,0,0
599,5516,600.593247496407,99845,48,27,114,37,31833,16597,0.48505183033702237,24,15,20574,18286,11085,5273,18153,26360,47402,34490,0,0,8414,5779,18776,1779,4691,371,0,0,0,0,50700,1786,7549,0,0,0,0,0
600,5516,601.2491546997418,99845,47,27,114,37,31835,16598,0.4850818769092093,25,14,20592,18310,11063,5262,18157,26348,47421,34515,0,0,8392,5762,18795,1778,4691,373,0,0,0,0,50720,1783,7551,0,0,0,0,0
601,5516,602.085055854674,99845,45,25,114,37,31836,16600,0.48511192348139615,24,12,20627,18359,11043,5255,18145,26310,47440,34540,0,0,8363,5753,18811,1776,4692,374,0,0,0,0,50742,1780,7554,0,0,0,0,0
602,5516,603.5421817252944,99845,47,23,114,37,31844,16605,0.485242125294206,21,12,20776,18529,10970,5225,18070,26172,47459,34564,0,0,8343,5740,18831,1772,4698,375,0,0,0,0,50753,1774,7559,0,0,0,0,0
603,5516,604.0196382436011,99845,49,22,114,37,31847,16606,0.4852821873904552,18,12,20785,18562,10955,5219,18077,26146,47477,34588,0,0,8317,5729,18843,1770,4700,376,0,0,0,0,50778,1771,7561,0,0,0,0,0
604,5516,605.0172156503822,99845,49,19,114,37,31851,16607,0.4853322650107667,17,13,20842,18622,10923,5203,18053,26104,47495,34611,0,0,8298,5718,18858,1764,4707,377,0,0,0,0,50791,1767,7565,0,0,0,0,0
605,5516,606.0230055319843,99845,42,20,114,37,31853,16609,0.4853723271070159,18,13,20907,18701,10893,5183,18024,26044,47512,34634,0,0,8273,5705,18876,1766,4707,378,0,0,0,0,50809,1764,7567,0,0,0,0,0
606,5516,607.1109203206972,99845,40,20,114,37,31856,16612,0.48543242025138966,17,12,21004,18809,10842,5163,17981,25957,47529,34656,0,0,8254,5692,18893,1763,4710,380,0,0,0,0,50823,1761,7569,0,0,0,0,0
607,5516,608.046050039313,99845,39,19,114,37,31860,16615,0.4855025289198257,19,11,21070,18901,10803,5145,17953,25885,47546,34678,0,0,8240,5677,18911,1760,4716,380,0,0,0,0,50831,1754,7576,0,0,0,0,0
608,5516,609.4390014226504,99845,39,16,114,37,31864,16617,0.48556262206419953,21,12,21214,19073,10732,5121,17878,25739,47562,34700,0,0,8214,5671,18925,1756,4719,381,0,0,0,0,50849,1752,7578,0,0,0,0,0
609,5516,610.1249659857541,99845,41,21,114,37,31869,16622,0.4856627773048225,20,8,21249,19123,10705,5109,17869,25700,47578,34721,0,0,8195,5658,18939,1754,4720,382,0,0,0,0,50867,1748,7582,0,0,0,0,0
610,5516,611.0622031258209,99845,45,17,114,37,31876,16623,0.48574290149732086,16,8,21314,19189,10669,5100,17840,25647,47594,34742,0,0,8173,5647,18956,1755,4720,382,0,0,0,0,50882,1743,7587,0,0,0,0,0
611,5516,612.0601027824229,99845,43,17,114,37,31879,16625,0.4857929791176323,18,6,21412,19273,10632,5081,17779,25584,47609,34762,0,0,8156,5638,18971,1752,4723,383,0,0,0,0,50893,1738,7591,0,0,0,0,0
612,5516,613.1250491907305,99845,39,15,114,37,31882,16626,0.4858330412138815,17,7,21512,19400,10589,5068,17727,25471,47624,34782,0,0,8130,5632,18983,1752,4726,383,0,0,0,0,50912,1735,7592,0,0,0,0,0
613,5516,614.3886149404851,99845,38,14,114,37,31885,16627,0.4858731033101307,17,7,21577,19479,10563,5050,17689,25411,47639,34802,0,0,8105,5626,18993,1750,4727,385,0,0,0,0,50933,1734,7592,0,0,0,0,0
614,5516,615.1195249831671,99845,37,16,114,37,31888,16630,0.4859331964545045,15,6,21631,19544,10537,5035,17664,25360,47653,34821,0,0,8081,5619,19005,1750,4727,385,0,0,0,0,50952,1732,7594,0,0,0,0,0
615,5516,616.0396435688828,99845,39,17,114,37,31890,16633,0.48598327407481595,13,5,21709,19625,10493,5012,17630,25302,47667,34840,0,0,8067,5609,19017,1747,4730,385,0,0,0,0,50964,1726,7600,0,0,0,0,0
616,5516,617.1003101690152,99845,37,12,114,37,31891,16633,0.4859932895988783,20,6,21781,19716,10450,4991,17596,25236,47681,34859,0,0,8054,5598,19034,1746,4731,386,0,0,0,0,50970,1719,7607,0,0,0,0,0
617,5516,618.2577771904129,99845,32,10,114,37,31895,16635,0.48605338274325205,22,4,21900,19850,10405,4970,17525,25127,47695,34877,0,0,8038,5583,19056,1746,4733,387,0,0,0,0,50977,1718,7607,0,0,0,0,0
618,5516,619.2963780847332,99845,33,8,114,37,31899,16635,0.48609344483950123,18,4,21939,19907,10392,4960,17502,25082,47708,34895,0,0,8016,5576,19066,1746,4734,387,0,0,0,0,50995,1716,7609,0,0,0,0,0
619,5516,620.0686188896133,99845,33,8,114,37,31904,16636,0.486153537983875,14,6,22022,19969,10357,4946,17458,25032,47721,34913,0,0,7999,5567,19076,1744,4737,388,0,0,0,0,51009,1713,7612,0,0,0,0,0
620,5516,621.1175003872211,99845,34,9,114,37,31909,16638,0.4862236466523111,10,5,22103,20093,10321,4928,17416,24926,47734,34930,0,0,7983,5558,19085,1740,4744,388,0,0,0,0,51023,1712,7612,0,0,0,0,0
621,5516,622.1364853594921,99845,34,10,114,37,31914,16639,0.4862837397966849,6,6,22179,20163,10291,4910,17374,24872,47747,34947,0,0,7968,5546,19097,1740,4744,390,0,0,0,0,51036,1710,7614,0,0,0,0,0
622,5516,623.2262658104604,99845,32,9,114,37,31917,16639,0.48631378636887174,4,8,22271,20273,10247,4885,17330,24786,47759,34964,0,0,7952,5538,19108,1738,4747,391,0,0,0,0,51048,1708,7615,0,0,0,0,0
623,5516,624.4150923408546,99845,27,10,114,37,31918,16643,0.48636386398918324,7,4,22357,20376,10207,4866,17286,24705,47771,34980,0,0,7934,5530,19114,1738,4753,391,0,0,0,0,51063,1706,7616,0,0,0,0,0
624,5516,625.2534384474875,99845,27,7,114,37,31919,16644,0.48638389503730783,7,4,22432,20453,10170,4852,17248,24645,47783,34996,0,0,7917,5521,19126,1737,4755,391,0,0,0,0,51076,1705,7617,0,0,0,0,0
625,5516,626.1984076310081,99845,26,7,114,37,31921,16646,0.486423957133557,6,3,22494,20535,10138,4833,17220,24583,47795,35012,0,0,7903,5513,19137,1736,4755,393,0,0,0,0,51086,1702,7620,0,0,0,0,0
626,5516,627.0144321646632,99845,22,8,114,37,31922,16648,0.4864540037057439,7,2,22536,20590,10119,4822,17200,24539,47806,35027,0,0,7886,5509,19143,1735,4758,394,0,0,0,0,51100,1699,7621,0,0,0,0,0
627,5516,628.1428444275031,99845,22,5,114,37,31924,16648,0.4864740347538685,5,2,22636,20702,10079,4798,17142,24454,47817,35042,0,0,7877,5499,19154,1732,4762,395,0,0,0,0,51106,1696,7624,0,0,0,0,0
628,5516,629.2937377108052,99845,20,5,114,37,31925,16649,0.4864940658019931,6,2,22708,20785,10046,4782,17104,24387,47828,35057,0,0,7864,5489,19163,1730,4767,395,0,0,0,0,51118,1695,7624,0,0,0,0,0
629,5516,630.527157970184,99845,16,6,114,37,31926,16652,0.4865341278982423,30,24,22805,20893,9992,4754,17041,24284,47839,35072,0,0,7847,5482,19175,1729,4769,395,0,0,0,1,51129,1694,7624,0,0,0,0,0
630,5516,631.2924220699799,99845,18,9,114,37,31930,16656,0.48661425209074066,30,23,22886,20972,9949,4738,17001,24219,47849,35086,0,0,7833,5474,19183,1728,4769,396,0,0,0,3,51141,1693,7625,0,0,0,0,0
631,5516,632.1754061227158,99845,24,10,114,37,31937,16658,0.4867043918073013,29,26,22922,21006,9929,4731,16980,24188,47859,35100,0,0,7818,5468,19188,1727,4772,396,0,0,0,3,51156,1691,7626,0,0,0,0,0
632,5516,633.1874839417835,99845,24,14,114,37,31940,16664,0.486794531523862,35,24,23004,21117,9886,4706,16935,24100,47869,35114,0,0,7804,5463,19191,1723,4778,396,1,0,0,5,51167,1689,7628,0,0,0,0,0
633,5516,634.0236101514879,99845,27,18,114,37,31948,16668,0.48691471781260953,34,22,23078,21204,9857,4686,16888,24031,47879,35128,0,0,7787,5459,19193,1723,4781,396,1,0,0,7,51182,1686,7630,0,0,0,0,0
634,5516,635.0883601546564,99845,29,21,114,37,31954,16676,0.48705493514948167,31,18,23134,21256,9836,4676,16854,23990,47889,35141,0,0,7772,5452,19200,1721,4783,396,2,0,0,14,51189,1685,7631,0,0,0,0,0
635,5516,636.2401693468033,99845,30,24,114,37,31965,16684,0.4872452301066653,28,15,23229,21377,9804,4654,16793,23891,47899,35154,0,0,7758,5444,19205,1722,4785,398,3,0,0,21,51195,1682,7632,0,0,0,0,0
636,5516,637.1500167601141,99845,34,22,114,37,31971,16687,0.487335369823226,32,17,23291,21455,9771,4644,16756,23823,47908,35167,0,0,7743,5439,19207,1720,4791,398,4,0,0,23,51207,1681,7632,0,0,0,0,0
637,5516,638.168495881078,99845,29,23,114,37,31975,16691,0.48741549401572437,36,19,23370,21538,9753,4627,16696,23754,47917,35180,0,0,7733,5432,19212,1716,4797,398,4,0,0,32,51208,1679,7634,0,0,0,0,0
638,5516,639.1398108846627,99845,34,22,114,37,31982,16695,0.48752566478040965,39,19,23452,21629,9710,4616,16649,23675,47926,35192,0,0,7726,5420,19221,1716,4800,398,4,0,0,36,51211,1677,7636,0,0,0,0,0
639,5516,640.2241394237394,99845,39,24,114,37,31993,16701,0.48769592868946865,34,20,23543,21733,9674,4597,16594,23587,47935,35204,0,0,7719,5409,19228,1717,4804,398,4,0,0,41,51213,1673,7639,0,0,0,0,0
640,5516,641.2996369250543,99845,41,22,114,37,31999,16705,0.48779608393009166,34,23,23618,21825,9647,4588,16544,23503,47944,35216,0,0,7706,5401,19232,1717,4807,399,6,0,0,44,51221,1671,7641,0,0,0,0,0
641,5516,642.2389922442616,99845,38,24,114,37,32004,16709,0.4878862236466523,44,22,23696,21902,9613,4572,16493,23441,47952,35228,0,0,7698,5391,19240,1714,4812,399,7,0,0,50,51222,1670,7642,0,0,0,0,0
642,5516,643.0599320008174,99845,42,25,114,37,32014,16715,0.4880464720316491,36,20,23752,21961,9585,4567,16469,23388,47960,35240,0,0,7684,5384,19243,1714,4817,399,9,0,0,54,51230,1669,7642,0,0,0,0,0
643,5516,644.099843410327,99845,45,25,114,37,32020,16718,0.4881366117482097,33,18,23802,22031,9564,4558,16440,23329,47968,35251,0,0,7674,5378,19247,1713,4821,399,9,0,0,57,51237,1667,7643,0,0,0,0,0
644,5516,645.2661999331216,99845,44,28,114,37,32036,16724,0.4883569532775803,31,18,23911,22162,9534,4536,16364,23217,47976,35262,0,0,7662,5368,19252,1714,4826,400,12,0,0,66,51237,1666,7642,0,0,0,0,0
645,5516,646.1443321466752,99845,48,25,114,37,32042,16726,0.48843707747007864,32,20,23985,22241,9499,4526,16320,23149,47984,35273,0,0,7650,5365,19254,1712,4831,400,13,0,0,69,51245,1663,7643,0,0,0,0,0
646,5516,647.0693909777532,99845,52,26,114,37,32053,16730,0.48858731033101305,30,20,24050,22324,9473,4512,16279,23079,47992,35284,0,0,7639,5360,19258,1711,4833,401,15,0,0,75,51248,1660,7645,0,0,0,0,0
647,5516,648.148303940241,99845,51,30,114,37,32062,16737,0.48874755871600983,35,24,24121,22414,9450,4497,16227,22996,48000,35295,0,0,7627,5355,19261,1711,4836,402,16,0,0,82,51252,1657,7646,0,0,0,0,0
648,5516,649.0681356040891,99845,53,31,114,37,32071,16741,0.48887776052881965,33,26,24179,22504,9426,4481,16193,22919,48007,35306,0,0,7621,5349,19264,1710,4838,404,17,0,0,88,51251,1653,7650,0,0,0,0,0
649,5516,650.2908488357101,99845,53,32,114,37,32080,16749,0.4890480244378787,40,32,24270,22615,9397,4472,16124,22810,48014,35316,0,0,7609,5345,19263,1706,4846,405,20,0,0,94,51254,1652,7651,0,0,0,0,0
650,5516,651.2048112319021,99845,49,37,114,37,32090,16760,0.48925835044318694,42,31,24333,22665,9383,4471,16077,22757,48021,35326,0,0,7599,5341,19259,1704,4857,406,22,0,0,101,51255,1649,7652,0,0,0,0,0
651,5516,652.1163246298057,99845,44,30,114,37,32095,16761,0.4893184435875607,47,35,24402,22734,9354,4466,16037,22696,48028,35336,0,0,7587,5335,19259,1705,4863,406,23,0,0,110,51257,1647,7653,0,0,0,0,0
652,5516,653.0252077721012,99845,53,37,114,37,32108,16770,0.4895387851169312,43,32,24470,22797,9328,4457,15990,22638,48035,35346,0,0,7580,5327,19265,1705,4866,406,23,0,0,113,51261,1645,7654,0,0,0,0,0
653,5516,654.2332783551316,99845,54,41,114,37,32120,16783,0.48978917321848864,49,36,24561,22920,9290,4443,15930,22521,48042,35356,0,0,7569,5322,19267,1706,4870,407,23,0,0,126,51259,1643,7653,0,0,0,0,0
654,5516,655.1362107230777,99845,60,44,114,37,32134,16788,0.4899794681756723,40,37,24630,22991,9270,4433,15884,22456,48049,35366,0,0,7557,5317,19271,1706,4872,407,25,0,0,132,51263,1641,7654,0,0,0,0,0
655,5516,656.0365297869286,99845,61,44,114,37,32141,16794,0.49010966998848216,45,34,24696,23063,9246,4422,15836,22398,48056,35375,0,0,7552,5308,19275,1706,4876,408,26,0,0,138,51261,1639,7656,0,0,0,0,0
656,5516,657.2332306083578,99845,69,50,114,37,32157,16805,0.49038008913816417,53,35,24771,23151,9216,4410,15775,22315,48062,35384,0,0,7542,5303,19277,1705,4882,408,29,0,0,143,51263,1637,7656,0,0,0,0,0
657,5516,658.1281176456528,99845,66,53,114,37,32168,16815,0.4905904151434724,57,37,24828,23216,9202,4401,15731,22254,48068,35393,0,0,7530,5297,19280,1705,4887,408,32,0,0,154,51261,1635,7656,0,0,0,0,0
658,5516,659.020959739953,99845,76,55,114,37,32186,16824,0.4908608342931544,56,35,24892,23281,9177,4399,15683,22191,48074,35402,0,0,7519,5294,19282,1705,4891,408,34,0,0,163,51261,1632,7656,0,0,0,0,0
659,5516,660.2078391354785,99845,81,57,114,37,32198,16837,0.4911112223947118,68,38,24975,23363,9133,4399,15627,22104,48080,35411,0,0,7507,5291,19279,1705,4898,408,35,0,0,173,51262,1631,7656,0,0,0,0,0
660,5516,661.09521780485,99845,86,59,114,37,32215,16845,0.4913616104962692,72,39,25041,23434,9112,4383,15573,22046,48086,35420,0,0,7497,5287,19280,1705,4903,409,38,0,0,181,51261,1627,7657,0,0,0,0,0
661,5516,662.2749514110203,99845,94,65,114,37,32239,16859,0.4917422004106365,69,42,25112,23531,9093,4362,15516,21961,48092,35429,0,0,7487,5283,19281,1705,4912,409,41,0,0,193,51256,1623,7655,0,0,0,0,0
662,5516,663.1572008823169,99845,100,61,114,37,32252,16865,0.49193249536782013,81,47,25160,23600,9064,4359,15479,21894,48098,35437,0,0,7479,5278,19281,1705,4919,409,41,0,0,203,51254,1622,7654,0,0,0,0,0
663,5516,664.0374084126341,99845,110,60,114,37,32273,16873,0.49222294556562673,78,50,25223,23675,9037,4352,15436,21824,48104,35445,0,0,7471,5270,19282,1706,4925,409,44,0,0,213,51249,1620,7656,0,0,0,0,0
664,5516,665.2076601016004,99845,110,64,114,37,32288,16884,0.4924833491912464,90,55,25309,23740,9012,4340,15363,21762,48110,35453,0,0,7461,5268,19282,1704,4927,413,45,0,0,226,51245,1619,7655,0,0,0,0,0
665,5516,666.0827718152672,99845,112,68,114,37,32305,16895,0.49276378386499076,98,56,25354,23804,9002,4334,15318,21699,48116,35461,0,0,7455,5263,19284,1698,4941,413,47,0,0,235,51240,1618,7651,0,0,0,0,0
666,5516,667.2466778769787,99845,116,68,114,37,32327,16908,0.49311432720717113,99,61,25433,23890,8978,4327,15258,21615,48121,35469,0,0,7447,5257,19283,1698,4949,416,50,0,0,249,51231,1616,7649,0,0,0,0,0
667,5516,668.1171974593437,99845,129,75,114,37,32349,16920,0.4934548550252892,100,55,25488,23965,8962,4311,15205,21555,48126,35477,0,0,7442,5250,19288,1698,4954,417,51,0,0,255,51229,1614,7647,0,0,0,0,0
668,5516,669.2747551619196,99845,134,81,114,37,32379,16934,0.49389553808403025,109,51,25558,24061,8949,4297,15134,21471,48131,35485,0,0,7431,5244,19287,1700,4965,418,54,0,0,270,51222,1613,7641,0,0,0,0,0
669,5516,670.140667009986,99845,147,79,114,37,32403,16942,0.4942160348540237,116,57,25617,24123,8923,4294,15081,21408,48136,35493,0,0,7421,5240,19287,1698,4970,421,57,0,0,279,51220,1613,7639,0,0,0,0,0
670,5516,671.0045552605637,99845,149,77,114,37,32423,16953,0.4945265160999549,125,55,25658,24202,8907,4291,15045,21336,48141,35500,0,0,7412,5235,19289,1699,4974,424,60,0,0,296,51209,1611,7636,0,0,0,0,0
671,5516,672.1536396540376,99845,168,77,114,37,32465,16969,0.4951074164955681,124,59,25729,24285,8883,4282,14980,21258,48146,35507,0,0,7402,5231,19281,1700,4991,425,63,0,0,309,51202,1607,7634,0,0,0,0,0
672,5516,673.0133070001898,99845,180,82,114,37,32491,16983,0.49550803745806,129,64,25775,24347,8863,4281,14937,21187,48151,35514,0,0,7392,5229,19277,1700,4997,427,64,0,0,321,51199,1606,7633,0,0,0,0,0
673,5516,674.1568077960072,99845,196,88,114,37,32538,17008,0.49622915519054533,136,62,25834,24428,8851,4285,14867,21098,48156,35521,0,0,7378,5226,19273,1702,5004,430,67,0,0,351,51180,1605,7629,0,0,0,0,0
674,5516,675.0124987227863,99845,185,91,114,37,32564,17025,0.4966598227252241,149,60,25866,24499,8858,4285,14826,21026,48161,35528,0,0,7367,5220,19267,1705,5016,431,73,0,0,378,51158,1600,7630,0,0,0,0,0
675,5516,676.1514402548141,99845,209,89,114,37,32611,17041,0.4972908007411488,167,68,25929,24571,8831,4287,14748,20946,48166,35535,0,0,7354,5216,19260,1704,5027,434,78,0,0,396,51148,1599,7629,0,0,0,0,0
676,5516,677.0036200545852,99845,212,89,114,37,32644,17050,0.49771145275176526,174,78,25968,24629,8831,4284,14699,20881,48171,35542,0,0,7344,5207,19256,1706,5039,435,82,0,0,414,51136,1599,7627,0,0,0,0,0
677,5516,678.1372740267226,99845,240,98,114,37,32697,17074,0.49848264810456205,177,84,26042,24708,8806,4279,14619,20792,48176,35549,0,0,7335,5194,19258,1711,5045,437,88,0,0,431,51122,1596,7628,0,0,0,0,0
678,5516,679.2677129550789,99845,249,98,114,37,32746,17093,0.4991637037407982,200,97,26068,24780,8802,4280,14565,20706,48180,35556,0,0,7328,5182,19253,1716,5061,438,93,0,0,462,51093,1594,7625,0,0,0,0,0
679,5516,680.1141111089214,99845,258,111,114,37,32791,17118,0.499864790425159,205,97,26099,24835,8799,4281,14523,20637,48184,35562,0,0,7314,5172,19247,1723,5073,439,100,0,0,482,51080,1594,7621,0,0,0,0,0
680,5516,681.2408339843798,99844,263,118,115,37,32842,17145,0.5006510155843116,208,104,26169,24916,8796,4280,14447,20543,48188,35568,0,0,7303,5164,19242,1726,5091,440,107,0,0,516,51049,1592,7614,0,0,0,0,0
681,5516,682.0837924579405,99844,280,132,115,37,32888,17171,0.5013721405392412,211,105,26208,24962,8786,4279,14398,20483,48192,35574,0,0,7294,5158,19238,1727,5100,442,113,0,0,535,51033,1589,7615,0,0,0,0,0
682,5516,683.2055510359373,99844,315,126,115,37,32963,17190,0.5023136092303995,225,115,26239,25038,8785,4287,14319,20395,48196,35580,0,0,7282,5149,19236,1732,5110,446,121,0,0,568,51004,1587,7609,0,0,0,0,0
683,5516,684.0454216327121,99844,333,126,115,37,33009,17206,0.5029345779415889,248,135,26272,25091,8770,4288,14260,20321,48200,35586,0,0,7272,5142,19233,1734,5117,448,126,0,0,592,50985,1585,7610,0,0,0,0,0
684,5516,685.1632587112716,99844,322,135,115,37,33068,17245,0.5039161091302432,277,135,26295,25159,8789,4301,14200,20231,48204,35592,0,0,7257,5133,19217,1737,5144,454,134,0,0,638,50946,1584,7600,0,0,0,0,0
685,5516,686.000540435971,99844,335,144,115,37,33123,17266,0.5046772965826689,283,158,26319,25193,8798,4299,14148,20167,48208,35598,0,0,7245,5125,19211,1743,5160,455,140,0,0,661,50929,1581,7594,0,0,0,0,0
686,5516,687.1156560489635,99844,359,166,115,37,33215,17311,0.5060494371219102,291,161,26324,25254,8817,4297,14092,20083,48212,35604,0,0,7225,5119,19205,1743,5178,460,154,0,0,705,50889,1580,7586,0,0,0,0,0
687,5516,688.229608905111,99844,386,181,115,37,33296,17359,0.5073414526661592,306,162,26345,25326,8834,4311,14012,19981,48216,35610,0,0,7214,5108,19189,1754,5200,464,159,0,0,744,50856,1574,7582,0,0,0,0,0
688,5516,689.0639277507195,99844,401,206,115,37,33363,17403,0.5084531869716759,299,154,26382,25375,8838,4312,13963,19914,48220,35616,0,0,7205,5099,19178,1759,5220,467,164,0,0,779,50825,1572,7576,0,0,0,0,0
689,5516,690.1745537887302,99844,415,221,115,37,33443,17451,0.5097351868915508,314,155,26401,25440,8858,4320,13895,19825,48224,35622,0,0,7188,5089,19150,1769,5251,471,175,0,0,818,50791,1569,7573,0,0,0,0,0
690,5516,691.0066733234843,99844,442,236,115,37,33504,17488,0.5107167180802051,323,161,26430,25489,8853,4328,13835,19747,48228,35627,0,0,7172,5086,19140,1769,5270,472,183,0,0,841,50775,1568,7568,0,0,0,0,0
691,5516,692.1143066555755,99844,452,265,115,37,33594,17550,0.5122390929850567,354,145,26424,25549,8886,4341,13767,19661,48232,35632,0,0,7157,5076,19121,1776,5294,479,192,0,0,896,50726,1564,7563,0,0,0,0,0
692,5516,693.2215557289943,99844,462,253,115,37,33693,17593,0.513661311646168,382,163,26420,25601,8923,4378,13696,19566,48236,35637,0,0,7129,5069,19096,1784,5328,482,213,0,0,968,50660,1559,7556,0,0,0,0,0
693,5516,694.0516415977772,99844,486,257,115,37,33775,17631,0.5148631865710508,372,166,26443,25645,8941,4394,13641,19499,48240,35642,0,0,7112,5064,19081,1788,5355,485,224,0,0,1010,50624,1555,7546,0,0,0,0,0
694,5516,695.1573880108327,99844,483,271,115,37,33863,17677,0.5162052802371699,403,186,26458,25693,8974,4409,13565,19402,48244,35647,0,0,7091,5054,19065,1792,5388,486,240,0,0,1072,50567,1551,7538,0,0,0,0,0
695,5516,696.2618759110613,99844,529,284,115,37,33977,17733,0.5179079363807539,433,183,26450,25748,8981,4431,13490,19315,48247,35652,0,0,7075,5048,19048,1804,5416,489,250,0,0,1126,50518,1543,7527,0,0,0,0,0
696,5516,697.0897732661872,99844,539,296,115,37,34073,17786,0.5194002644124834,453,201,26445,25778,9024,4455,13422,19231,48250,35657,0,0,7057,5036,19032,1814,5444,493,263,0,0,1190,50458,1540,7517,0,0,0,0,0
697,5516,698.1934113093937,99844,575,285,115,37,34195,17836,0.5211229518048155,460,208,26439,25820,9056,4491,13353,19157,48253,35662,0,0,7041,5031,19001,1817,5488,498,275,0,0,1263,50388,1534,7508,0,0,0,0,0
698,5516,699.0206455681158,99844,594,293,115,37,34274,17876,0.5223148111053243,496,226,26434,25866,9074,4498,13285,19078,48256,35667,0,0,7027,5022,18986,1821,5515,499,285,0,0,1307,50348,1532,7502,0,0,0,0,0
699,5516,700.1230019961539,99844,639,317,115,37,34404,17945,0.524307920355755,519,241,26420,25909,9101,4517,13204,18977,48259,35672,0,0,7011,5015,18961,1830,5552,502,296,0,0,1372,50288,1526,7491,0,0,0,0,0
700,5516,701.2249211664962,99844,682,335,115,37,34543,18028,0.5265313889667882,552,254,26387,25937,9139,4553,13123,18882,48262,35677,0,0,7000,5004,18930,1832,5600,506,304,0,0,1457,50204,1524,7483,0,0,0,0,0
701,5516,702.0514395530449,99843,722,336,116,37,34669,18073,0.5282493514818265,558,278,26379,25967,9175,4573,13048,18807,48265,35682,0,0,6980,4993,18913,1840,5623,510,319,0,0,1529,50135,1522,7479,0,0,0,0,0
702,5516,703.1529942623694,99842,745,366,116,38,34820,18150,0.5305382504356884,577,310,26355,25981,9243,4599,12962,18704,48268,35687,0,0,6960,4982,18871,1850,5678,514,336,0,0,1609,50054,1518,7470,0,0,0,0,0
703,5516,704.2546060351048,99842,810,398,116,38,34986,18238,0.5330822699865788,610,313,26310,26002,9279,4639,12873,18608,48271,35692,0,0,6941,4969,18848,1858,5715,521,350,0,0,1688,49979,1516,7457,0,0,0,0,0
704,5516,705.0809702048317,99842,850,410,116,38,35123,18299,0.5350654033372729,616,331,26302,26014,9323,4673,12791,18532,48274,35697,0,0,6922,4955,18823,1868,5754,526,365,0,0,1753,49914,1514,7448,0,0,0,0,0
705,5516,706.1826771623619,99842,862,435,116,38,35297,18393,0.5377496444382124,648,360,26251,26041,9420,4720,12701,18404,48277,35701,0,0,6889,4939,18777,1882,5814,537,393,0,0,1853,49817,1509,7432,0,0,0,0,0
706,5516,707.0095754988474,99842,883,441,116,38,35424,18457,0.5396626670138819,681,373,26208,26072,9478,4758,12632,18316,48280,35705,0,0,6864,4927,18747,1890,5854,545,413,0,0,1927,49744,1509,7422,0,0,0,0,0
707,5516,708.1130349942887,99840,917,460,118,38,35592,18558,0.5423677884615384,730,386,26158,26108,9548,4815,12527,18191,48283,35709,0,0,6846,4910,18703,1904,5910,555,427,0,0,2031,49640,1505,7409,0,0,0,0,0
708,5516,709.217459774474,99840,984,479,118,38,35810,18653,0.5455028044871795,757,423,26078,26126,9630,4857,12431,18075,48286,35713,0,0,6818,4889,18668,1921,5963,565,452,0,0,2137,49536,1501,7390,0,0,0,0,0
709,5516,710.0468787596652,99840,1032,523,118,38,35980,18745,0.5481270032051282,766,440,26044,26125,9689,4885,12349,17987,48289,35717,0,0,6801,4878,18645,1928,6005,567,466,0,0,2231,49443,1495,7381,0,0,0,0,0
710,5516,711.1533848005414,99840,1089,568,118,38,36191,18874,0.5515324519230769,820,426,25975,26127,9759,4947,12237,17892,48292,35721,0,0,6776,4858,18597,1951,6069,578,486,0,0,2334,49340,1490,7361,0,0,0,0,0
711,5516,712.261239808512,99839,1132,610,119,38,36417,19003,0.5550937008583819,875,443,25883,26131,9857,5003,12132,17773,48295,35725,0,0,6744,4842,18556,1963,6144,587,512,0,0,2458,49215,1485,7333,0,0,0,0,0
712,5516,713.0935981852426,99839,1194,624,119,38,36618,19079,0.5578681677500776,911,478,25791,26128,9945,5045,12038,17685,48298,35729,0,0,6727,4813,18528,1985,6192,596,527,0,0,2547,49127,1479,7318,0,0,0,0,0
713,5516,714.2058488554252,99838,1248,672,119,39,36873,19227,0.5619102946773773,951,492,25681,26125,10071,5114,11928,17556,48301,35733,0,0,6692,4790,18481,2002,6268,608,557,0,0,2683,48988,1473,7296,0,0,0,0,0
714,5516,715.0420247058538,99837,1299,708,120,39,37082,19337,0.5651111311437643,1007,519,25595,26116,10149,5166,11828,17450,48304,35737,0,0,6666,4768,18453,2023,6308,618,581,0,0,2802,48868,1466,7284,0,0,0,0,0
715,5516,716.159160445251,99837,1388,748,120,39,37374,19489,0.5695583801596602,1081,541,25459,26101,10262,5243,11688,17326,48307,35741,0,0,6632,4743,18403,2043,6383,629,611,0,0,2953,48718,1458,7264,0,0,0,0,0
716,5516,717.2797260383213,99836,1453,794,121,39,37679,19643,0.5741616250651068,1141,587,25335,26078,10379,5313,11569,17187,48310,35745,0,0,6584,4713,18345,2073,6458,645,656,0,0,3106,48565,1448,7243,0,0,0,0,0
717,5516,718.1221639532657,99836,1527,810,121,39,37932,19767,0.5779378180215553,1180,626,25228,26065,10462,5395,11480,17063,48313,35749,0,0,6551,4692,18302,2095,6527,657,681,0,0,3242,48430,1444,7215,0,0,0,0,0
718,5516,719.2487488536069,99835,1597,873,121,40,38267,19962,0.5832523664045676,1245,637,25069,26044,10619,5484,11347,16920,48316,35753,0,0,6506,4660,18225,2129,6632,672,723,0,0,3411,48253,1433,7191,0,0,0,0,0
719,5516,720.0968259050692,99835,1674,879,121,40,38555,20075,0.5872689938398358,1296,688,24930,26016,10741,5556,11236,16819,48318,35757,0,0,6469,4637,18171,2154,6709,689,756,0,0,3547,48113,1424,7166,0,0,0,0,0
720,5516,721.2325011374644,99832,1796,946,124,40,38946,20273,0.5931865534097284,1351,721,24744,25954,10891,5656,11092,16681,48320,35761,0,0,6404,4616,18113,2173,6800,701,814,0,0,3726,47928,1415,7142,0,0,0,0,0
721,5516,722.0875910864052,99832,1815,1024,124,40,39220,20444,0.5976440419905441,1407,751,24636,25894,11038,5715,10978,16574,48322,35765,0,0,6362,4590,18063,2198,6876,724,855,0,0,3871,47778,1403,7112,0,0,0,0,0
722,5516,723.2320316344751,99832,1929,1066,124,40,39638,20664,0.6040347784277587,1489,802,24422,25819,11206,5854,10828,16417,48324,35769,0,0,6303,4552,17986,2234,6980,751,910,0,0,4085,47559,1393,7079,0,0,0,0,0
723,5516,724.0944269205962,99832,2029,1086,124,40,39973,20824,0.6089931084221493,1525,848,24255,25769,11351,5961,10714,16294,48326,35773,0,0,6268,4525,17927,2259,7076,771,939,0,0,4248,47393,1384,7042,0,0,0,0,0
724,5516,725.2502878112125,99831,2133,1187,124,41,40422,21081,0.6160711602608409,1630,867,24042,25688,11530,6063,10539,16152,48328,35776,0,0,6210,4486,17844,2293,7195,791,993,0,0,4476,47157,1374,7012,0,0,0,0,0
725,5516,726.1212196354497,99830,2203,1236,125,41,40778,21280,0.6216367825303015,1661,896,23888,25617,11706,6165,10415,16043,48330,35779,0,0,6172,4453,17786,2328,7284,817,1024,0,0,4679,46947,1366,6974,0,0,0,0,0
726,5516,727.2892095617885,99829,2348,1271,125,42,41293,21539,0.6293962676176261,1701,965,23637,25509,11914,6335,10273,15876,48332,35782,0,0,6119,4405,17704,2366,7422,847,1073,0,0,4953,46662,1355,6923,0,0,0,0,0
727,5516,728.1710036989965,99827,2431,1291,126,43,41685,21732,0.6352690153966362,1765,1032,23425,25422,12100,6469,10151,15741,48334,35785,0,0,6057,4377,17629,2392,7531,871,1131,0,0,5166,46439,1344,6890,0,0,0,0,0
728,5516,729.0583976169984,99827,2553,1339,126,43,42113,21936,0.6415999679445441,1766,1095,23261,25328,12264,6590,10028,15603,48336,35788,0,0,6012,4347,17549,2421,7638,897,1168,0,0,5379,46220,1339,6857,0,0,0,0,0
729,5516,730.2484998214072,99827,2639,1404,126,43,42625,22246,0.6498342131888166,1898,1131,23003,25233,12498,6772,9834,15415,48338,35791,0,0,5962,4301,17445,2468,7793,935,1213,0,0,5683,45893,1325,6809,0,0,0,0,0
730,5516,731.1472163407277,99827,2766,1482,126,43,43097,22508,0.657186933394773,1890,1146,22814,25136,12698,6908,9704,15283,48340,35794,0,0,5908,4262,17343,2505,7938,956,1260,0,0,5910,45658,1315,6772,0,0,0,0,0
731,5516,732.0513813733655,99824,2891,1568,129,43,43535,22788,0.6643993428434044,1947,1151,22594,25039,12861,7053,9576,15144,48342,35797,0,0,5857,4229,17269,2535,8046,987,1304,0,0,6139,45418,1308,6732,0,0,0,0,0
732,5516,733.2666457508599,99822,2983,1632,129,45,44123,23130,0.6737292380437179,2076,1213,22297,24903,13145,7263,9368,14942,48344,35800,0,0,5781,4190,17130,2577,8253,1027,1370,0,0,6463,45069,1291,6671,0,0,0,0,0
733,5516,734.1856269521372,99821,3062,1688,130,45,44595,23415,0.6813195620160086,2161,1220,22057,24804,13365,7438,9223,14803,48346,35803,0,0,5706,4159,17027,2609,8399,1054,1436,0,0,6751,44772,1277,6631,0,0,0,0,0
734,5516,735.1119896052257,99819,3151,1763,132,45,45102,23721,0.6894779550987287,2196,1257,21837,24677,13609,7620,9073,14636,48348,35806,0,0,5653,4111,16912,2655,8589,1074,1482,0,0,7024,44472,1266,6581,0,0,0,0,0
735,5516,736.0460139851308,99817,3267,1824,134,45,45630,24016,0.6977368584509652,2194,1272,21582,24574,13875,7790,8946,14493,48350,35809,0,0,5585,4072,16795,2701,8761,1101,1538,0,0,7292,44185,1250,6537,0,0,0,0,0
736,5516,737.3058898442303,99817,3382,1876,134,45,46347,24421,0.708977428694511,2285,1315,21186,24398,14236,8063,8775,14301,48352,35812,0,0,5508,4010,16639,2757,8976,1156,1606,0,0,7740,43714,1235,6476,0,0,0,0,0
737,5516,738.2635050283682,99816,3443,1897,135,45,46877,24692,0.7170092971066763,2376,1368,20895,24284,14512,8258,8637,14146,48354,35815,0,0,5450,3962,16521,2792,9156,1202,1654,0,0,8042,43388,1226,6423,0,0,0,0,0
738,5516,739.2316327528475,99814,3537,1941,136,46,47451,25009,0.7259502674975454,2413,1392,20648,24174,14785,8455,8479,13990,48356,35818,0,0,5385,3918,16399,2835,9338,1245,1711,0,0,8363,43036,1209,6375,0,0,0,0,0
739,5516,740.209360440342,99811,3688,2037,138,47,48104,25355,0.7359810040977447,2446,1409,20340,24028,15061,8630,8325,13847,48358,35821,0,0,5307,3871,16292,2878,9522,1281,1778,0,0,8674,42682,1198,6328,0,0,0,0,0
740,5516,741.1985776470045,99810,3768,2153,139,47,48701,25747,0.745897204688909,2539,1393,20067,23912,15329,8827,8156,13666,48360,35824,0,0,5226,3823,16163,2925,9723,1331,1847,0,0,8970,42348,1185,6269,0,0,0,0,0
741,5516,742.1984516427605,99806,3885,2141,142,48,49358,26075,0.7557962447147466,2589,1478,19764,23748,15621,9076,7997,13507,48362,35827,0,0,5160,3781,16017,2960,9933,1387,1900,0,0,9354,41929,1167,6218,0,0,0,0,0
742,5516,743.2110897555292,99806,3946,2180,142,48,50001,26451,0.7660060517403763,2673,1469,19484,23648,15927,9306,7826,13347,48364,35830,0,0,5078,3725,15871,3019,10169,1435,1967,0,0,9731,41511,1152,6148,0,0,0,0,0
743,5516,744.2357271654087,99805,4086,2275,142,49,50700,26864,0.7771554531336106,2718,1476,19198,23512,16181,9515,7673,13171,48366,35833,0,0,5010,3675,15751,3063,10405,1490,2023,0,0,10051,41133,1130,6074,0,0,0,0,0
744,5516,745.2728432013288,99803,4187,2285,144,49,51404,27228,0.7878721080528641,2769,1554,18886,23345,16499,9769,7513,12996,48368,35836,0,0,4939,3616,15612,3120,10632,1558,2081,0,0,10428,40708,1106,6003,0,0,0,0,0
745,5516,746.3240501559379,99803,4278,2367,144,49,52149,27641,0.7994749656823943,2808,1597,18539,23174,16869,10013,7360,12798,48370,35839,0,0,4849,3560,15463,3167,10879,1627,2153,0,0,10785,40290,1089,5941,0,0,0,0,0
746,5516,747.0339838834437,99803,4356,2400,144,49,52654,27907,0.8072001843631955,2841,1664,18331,23051,17083,10168,7243,12666,48372,35842,0,0,4797,3518,15350,3206,11056,1671,2197,0,0,11025,40006,1077,5900,0,0,0,0,0
747,5516,748.1123591729138,99801,4492,2468,146,49,53442,28377,0.819821444674903,2901,1670,17968,22871,17422,10439,7069,12501,48374,35845,0,0,4720,3464,15177,3268,11319,1744,2257,0,0,11423,39542,1053,5834,0,0,0,0,0
748,5516,749.208605103216,99800,4649,2557,146,50,54297,28849,0.83312625250501,2939,1712,17587,22670,17775,10710,6902,12299,48376,35848,0,0,4626,3397,15004,3332,11585,1825,2328,0,0,11818,39095,1033,5757,0,0,0,0,0
749,5516,750.3112823247222,99794,4763,2606,149,53,55131,29310,0.8461530753351905,3002,1779,17231,22437,18131,11000,6722,12123,48378,35851,0,0,4547,3321,14840,3414,11858,1912,2387,0,0,12226,38610,1010,5669,0,0,0,0,0
750,5516,751.0334836085987,99792,4739,2654,150,54,55609,29627,0.8541366041366041,3099,1771,17022,22307,18373,11193,6615,12019,48380,35854,0,0,4497,3275,14713,3446,12056,1971,2430,0,0,12516,38273,996,5619,0,0,0,0,0
751,5516,752.0974021369075,99791,4812,2726,150,55,56394,30104,0.8667915944323636,3177,1825,16704,22080,18704,11466,6451,11846,48382,35857,0,0,4396,3205,14561,3516,12299,2061,2512,0,0,12924,37783,985,5549,0,0,0,0,0
752,5516,753.13861442957,99788,4898,2845,151,57,57187,30636,0.8800958031025775,3183,1806,16408,21880,19088,11743,6270,11667,48384,35860,0,0,4311,3145,14377,3566,12602,2143,2580,0,0,13308,37308,971,5477,0,0,0,0,0
753,5516,754.1575878798569,99786,5015,2917,153,57,58029,31105,0.8932515583348366,3173,1825,16091,21680,19446,12017,6120,11502,48386,35862,0,0,4234,3096,14218,3622,12865,2245,2634,0,0,13689,36832,947,5404,0,0,0,0,0
754,5516,755.1558867785544,99783,5060,3021,153,60,58796,31596,0.9058857721255124,3211,1840,15800,21487,19792,12255,5982,11335,48388,35864,0,0,4136,3032,14064,3683,13121,2341,2715,0,0,14050,36378,926,5337,0,0,0,0,0
755,5516,756.1344680127099,99781,5203,3000,155,60,59625,32033,0.9185917158577285,3178,1880,15489,21286,20133,12593,5840,11179,48390,35866,0,0,4054,2976,13918,3746,13400,2427,2768,0,0,14460,35869,907,5256,0,0,0,0,0
756,5516,757.0948657283006,99780,5233,3042,156,60,60376,32505,0.9308578873521748,3228,1868,15200,21102,20487,12891,5694,11035,48392,35868,0,0,3971,2908,13751,3810,13703,2518,2825,0,0,14825,35406,883,5180,0,0,0,0,0
757,5516,758.0375308691122,99779,5235,3050,156,61,61104,32959,0.9427133966065003,3295,1907,14900,20910,20860,13202,5552,10868,48394,35870,0,0,3884,2859,13600,3857,14007,2619,2882,0,0,15184,34929,864,5094,0,0,0,0,0
758,5516,759.2667394609186,99778,5306,3078,157,61,62076,33558,0.9584677985126981,3369,1932,14519,20685,21273,13577,5374,10665,48396,35872,0,0,3801,2794,13389,3906,14389,2753,2933,0,0,15634,34325,839,5015,0,0,0,0,0
759,5516,760.1709928455653,99777,5397,3090,158,61,62807,33999,0.9702235986249336,3365,1979,14259,20473,21555,13881,5264,10514,48398,35874,0,0,3727,2740,13238,3948,14650,2851,2987,0,0,15970,33881,827,4958,0,0,0,0,0
760,5516,761.061615791303,99776,5429,3134,159,61,63535,34450,0.982049791533034,3345,1997,14043,20315,21881,14139,5141,10352,48400,35876,0,0,3646,2685,13082,4001,14925,2948,3036,0,0,16306,33439,807,4901,0,0,0,0,0
761,5516,762.2285506039665,99773,5545,3152,162,61,64541,34976,0.9974341755785633,3299,2050,13733,20115,22276,14445,4983,10175,48402,35878,0,0,3549,2622,12873,4044,15276,3085,3095,0,0,16707,32883,798,4841,0,0,0,0,0
762,5516,763.0886988112779,99772,5588,3197,163,61,65252,35409,1.0089103155193841,3305,2039,13501,19964,22575,14694,4866,10043,48404,35880,0,0,3480,2559,12718,4114,15529,3183,3136,0,0,17033,32467,779,4774,0,0,0,0,0
763,5516,764.2169447507071,99772,5596,3271,163,61,66151,35999,1.023834342300445,3345,2056,13205,19745,22981,15006,4708,9859,48406,35882,0,0,3379,2494,12555,4153,15862,3324,3206,0,0,17447,31906,760,4686,0,0,0,0,0
764,5516,765.0493023728544,99768,5679,3291,165,63,66856,36411,1.035071365568118,3319,2047,12993,19605,23232,15255,4610,9737,48407,35884,0,0,3318,2448,12403,4207,16133,3411,3235,0,0,17738,31498,744,4633,0,0,0,0,0
765,5516,766.1435135021848,99765,5749,3355,168,63,67788,36971,1.0500576354432918,3276,2059,12752,19420,23579,15542,4474,9559,48408,35886,0,0,3225,2383,12197,4261,16461,3552,3293,0,0,18123,30982,724,4564,0,0,0,0,0
766,5516,767.2202420137482,99765,5761,3398,168,63,68695,37509,1.0645416729313888,3215,2033,12499,19249,24005,15858,4350,9397,48409,35888,0,0,3132,2319,12009,4305,16807,3705,3352,0,0,18471,30469,706,4490,0,0,0,0,0
767,5516,768.0158795392629,99764,5756,3386,168,64,69308,37899,1.0746060703259692,3273,2079,12322,19088,24209,16105,4270,9276,48410,35890,0,0,3081,2276,11851,4333,17085,3814,3371,0,0,18722,30100,692,4439,0,0,0,0,0
768,5516,769.0638323886851,99762,5822,3462,169,65,70197,38464,1.0892023014775165,3252,2023,12073,18947,24540,16402,4142,9099,48411,35892,0,0,3004,2225,11667,4348,17433,3966,3417,0,0,19048,29622,678,4354,0,0,0,0,0
769,5516,770.0975633413643,99761,5782,3477,169,66,71017,38970,1.1025049869187358,3221,2032,11866,18790,24931,16692,4029,8941,48412,35894,0,0,2930,2158,11492,4399,17749,4128,3453,0,0,19394,29133,656,4269,0,0,0,0,0
770,5516,771.1160390508182,99759,5845,3541,170,67,71857,39484,1.1160998005192515,3229,2026,11593,18625,25234,16945,3927,8794,48413,35896,0,0,2865,2106,11340,4424,18061,4268,3485,0,0,19688,28671,646,4205,0,0,0,0,0
771,5516,772.1213206512775,99755,5798,3516,173,68,72667,39991,1.1293468999047667,3234,2063,11414,18436,25562,17271,3817,8644,48414,35898,0,0,2787,2052,11163,4488,18369,4437,3511,0,0,20048,28150,624,4126,0,0,0,0,0
772,5516,773.1133283513379,99755,5707,3530,173,68,73389,40505,1.141737256277881,3289,2028,11222,18297,25883,17554,3724,8521,48415,35900,0,0,2725,1996,10991,4553,18709,4582,3519,0,0,20339,27683,603,4055,0,0,0,0,0
773,5516,774.0936416739854,99753,5733,3510,174,69,74217,40969,1.1547121389832886,3233,2061,11018,18107,26216,17870,3624,8381,48416,35902,0,0,2642,1952,10828,4575,19051,4737,3558,0,0,20570,27259,587,3994,0,0,0,0,0
774,5516,775.062730420037,99750,5731,3522,176,70,74995,41457,1.1674385964912282,3202,2033,10881,17980,26476,18136,3532,8257,48417,35904,0,0,2584,1892,10687,4632,19337,4903,3576,0,0,20817,26817,569,3936,0,0,0,0,0
775,5516,776.0220889422579,99749,5701,3543,176,71,75757,41970,1.1802323832820378,3190,1984,10689,17850,26786,18432,3456,8118,48418,35906,0,0,2508,1849,10518,4666,19683,5055,3608,0,0,21052,26380,556,3874,0,0,0,0,0
776,5516,777.2074540621768,99746,5750,3556,177,73,76718,42546,1.1956770196298598,3110,1961,10487,17703,27132,18743,3342,7962,48419,35908,0,0,2436,1798,10330,4671,20066,5259,3638,0,0,21320,25894,542,3792,0,0,0,0,0
777,5516,778.1448027781081,99745,5754,3533,177,74,77474,42977,1.207589352849767,3027,2038,10337,17546,27440,18980,3263,7827,48420,35910,0,0,2376,1750,10180,4721,20369,5415,3646,0,0,21520,25502,528,3738,0,0,0,0,0
778,5516,779.0730268456607,99742,5737,3539,180,74,78199,43467,1.2198071023239958,3006,1975,10193,17415,27694,19272,3188,7723,48421,35912,0,0,2311,1710,10027,4737,20662,5590,3669,0,0,21760,25095,516,3665,0,0,0,0,0
779,5516,780.2220342576544,99738,5652,3571,183,75,79076,44053,1.2345244540696625,2990,1950,10028,17246,28049,19556,3096,7600,48422,35914,0,0,2240,1652,9843,4787,21028,5799,3675,0,0,22031,24600,501,3582,0,0,0,0,0
780,5516,781.1318719643311,99735,5539,3531,185,76,79738,44507,1.2457512407880884,2981,1903,9913,17138,28361,19847,3019,7503,48423,35916,0,0,2172,1617,9702,4819,21309,5982,3696,0,0,22260,24161,495,3522,0,0,0,0,0
781,5516,782.0336196274764,99735,5471,3501,185,76,80411,44963,1.2570712387827743,2957,1883,9797,17022,28643,20120,2945,7396,48424,35918,0,0,2115,1586,9550,4822,21588,6185,3712,0,0,22444,23775,485,3473,0,0,0,0,0
782,5516,783.1505751391092,99730,5407,3514,188,78,81229,45509,1.2708111902135766,2904,1856,9679,16895,28952,20409,2868,7246,48425,35920,0,0,2049,1543,9387,4859,21947,6386,3725,0,0,22621,23342,466,3405,0,0,0,0,0
783,5516,784.0370897750666,99729,5390,3529,189,78,81879,45957,1.2818337695153867,2835,1795,9570,16784,29190,20668,2824,7144,48426,35922,0,0,2001,1519,9259,4863,22163,6580,3735,0,0,22801,23000,450,3358,0,0,0,0,0
784,5516,785.1364598458807,99726,5278,3467,192,78,82661,46442,1.2945771413673466,2785,1780,9476,16675,29517,20979,2750,7019,48427,35924,0,0,1942,1480,9076,4875,22513,6812,3746,0,0,22989,22572,431,3290,0,0,0,0,0
785,5516,786.0094357445636,99721,5229,3412,195,80,83260,46821,1.3044494138646825,2774,1802,9361,16564,29736,21206,2703,6934,48428,35926,0,0,1895,1445,8958,4901,22744,6984,3758,0,0,23149,22225,414,3248,0,0,0,0,0
786,5516,787.0924123932546,99720,5089,3360,195,81,83998,47299,1.3166566385880465,2669,1819,9251,16438,30150,21478,2644,6822,48429,35928,0,0,1847,1399,8810,4940,23071,7213,3739,0,0,23297,21813,399,3192,0,0,0,0,0
787,5516,788.1657904454551,99720,4986,3339,195,81,84688,47772,1.328319294023265,2662,1801,9194,16345,30387,21709,2574,6723,48430,35930,0,0,1799,1360,8664,4955,23425,7398,3737,0,0,23411,21438,381,3152,0,0,0,0,0
788,5516,789.0196919765536,99719,4945,3319,195,82,85261,48165,1.338019835738425,2651,1773,9125,16247,30563,21935,2519,6642,48431,35932,0,0,1745,1333,8566,4951,23594,7607,3750,0,0,23538,21153,372,3110,0,0,0,0,0
789,5516,790.0812747381375,99717,4872,3285,197,82,85960,48651,1.3499303027568017,2616,1730,9071,16140,30781,22218,2461,6543,48432,35934,0,0,1703,1300,8421,4961,23899,7816,3731,0,0,23696,20771,363,3056,0,0,0,0,0
790,5516,791.137821436367,99717,4832,3246,197,82,86647,49107,1.3613927414583271,2554,1700,9025,16062,31008,22463,2382,6445,48433,35936,0,0,1651,1255,8306,4987,24172,8016,3741,0,0,23836,20411,349,2993,0,0,0,0,0
791,5516,792.1881766634057,99716,4841,3288,198,82,87342,49579,1.3731096313530426,2514,1621,8904,15973,31208,22678,2333,6356,48434,35938,0,0,1602,1221,8190,5011,24400,8214,3741,0,0,23964,20077,343,2953,0,0,0,0,0
792,5516,793.0240295851941,99716,4783,3245,198,82,87869,49905,1.3816639255485579,2471,1638,8844,15902,31421,22849,2281,6282,48435,35940,0,0,1575,1195,8091,5031,24614,8403,3732,0,0,23982,19851,332,2910,0,0,0,0,0
793,5516,794.0632066597673,99716,4744,3200,198,82,88518,50321,1.3923442576918448,2483,1667,8750,15807,31594,23036,2229,6206,48436,35942,0,0,1534,1164,7965,5033,24887,8613,3729,0,0,24060,19548,320,2863,0,0,0,0,0
794,5516,795.0971787946813,99715,4685,3155,199,82,89149,50782,1.4033094318808605,2477,1609,8671,15742,31793,23301,2173,6109,48437,35944,0,0,1492,1141,7826,5038,25193,8815,3719,0,0,24133,19231,314,2813,0,0,0,0,0
795,5516,796.1263539879662,99715,4587,3076,199,82,89785,51178,1.4136589279446423,2474,1611,8628,15657,31990,23540,2120,6032,48438,35946,0,0,1451,1117,7703,5034,25468,9041,3713,0,0,24200,18922,303,2763,0,0,0,0,0
796,5516,797.1511999306147,99715,4512,2999,199,82,90388,51569,1.4236273379130522,2421,1588,8574,15622,32208,23745,2084,5962,48439,35948,0,0,1406,1086,7572,5044,25720,9256,3714,0,0,24292,18613,293,2719,0,0,0,0,0
797,5516,798.1716616573933,99713,4519,2913,200,83,91028,51950,1.4338952794520272,2337,1576,8519,15546,32382,23994,2041,5886,48440,35950,0,0,1371,1061,7473,5070,25942,9463,3704,0,0,24348,18316,285,2680,0,0,0,0,0
798,5516,799.1884934595944,99713,4470,2910,200,83,91616,52355,1.4438538605798643,2304,1513,8476,15518,32544,24162,2004,5812,48441,35952,0,0,1344,1035,7384,5070,26142,9688,3688,0,0,24371,18071,278,2642,0,0,0,0,0
799,5516,800.201378795759,99713,4402,2856,200,83,92201,52721,1.4533912328382457,2254,1490,8441,15482,32748,24351,1953,5736,48442,35954,0,0,1321,1010,7293,5059,26376,9907,3667,0,0,24389,17808,275,2608,0,0,0,0,0
800,5516,801.0088558401463,99713,4387,2828,200,83,92691,53029,1.461394201357897,2186,1501,8411,15453,32885,24469,1929,5664,48443,35956,0,0,1290,992,7215,5068,26544,10091,3666,0,0,24380,17620,270,2577,0,0,0,0,0
801,5516,802.0147766038572,99713,4348,2807,200,83,93274,53399,1.470951631181491,2108,1453,8405,15425,33044,24636,1893,5594,48444,35958,0,0,1252,974,7122,5070,26748,10299,3652,0,0,24422,17379,258,2537,0,0,0,0,0
802,5516,803.017503811447,99713,4241,2781,200,83,93792,53736,1.4795262403096887,2111,1461,8378,15360,33208,24786,1860,5527,48445,35960,0,0,1230,948,7030,5080,26959,10494,3619,0,0,24449,17145,252,2507,0,0,0,0,0
803,5516,804.0174925096612,99712,4122,2752,201,83,94276,54089,1.4879352535301669,2079,1457,8403,15331,33354,24920,1839,5455,48446,35962,0,0,1193,930,6924,5051,27190,10701,3625,0,0,24435,16937,248,2478,0,0,0,0,0
804,5516,805.0151406143185,99710,4066,2721,202,84,94798,54451,1.4968308093471066,2075,1445,8365,15282,33485,25083,1805,5383,48447,35964,0,0,1160,907,6832,5059,27403,10895,3614,0,0,24439,16714,240,2447,0,0,0,0,0
805,5516,806.0103195933021,99709,4010,2708,202,85,95284,54851,1.5057316791864326,2080,1341,8346,15247,33594,25286,1766,5331,48448,35966,0,0,1131,889,6758,5051,27546,11118,3603,0,0,24484,16478,237,2414,0,0,0,0,0
806,5516,807.0034190967644,99708,3939,2665,203,85,95830,55180,1.5145224054238375,2029,1316,8354,15197,33736,25460,1737,5275,48449,35967,0,0,1100,870,6672,5056,27755,11312,3585,0,0,24499,16242,231,2386,0,0,0,0,0
807,5516,808.1919624866798,99707,3878,2612,204,85,96426,55559,1.5243162466025455,1960,1339,8354,15157,33898,25609,1704,5196,48450,35968,0,0,1070,841,6591,5062,27953,11549,3565,0,0,24504,15995,227,2350,0,0,0,0,0
808,5516,809.180341191196,99705,3805,2554,206,85,96913,55892,1.5325710846998646,1918,1298,8372,15149,34030,25794,1667,5118,48451,35969,0,0,1053,830,6504,5040,28141,11763,3548,0,0,24496,15779,222,2329,0,0,0,0,0
809,5516,810.1668884494351,99704,3753,2531,206,86,97386,56219,1.5406102062103828,1910,1260,8377,15120,34110,25931,1642,5070,48452,35970,0,0,1030,812,6402,5037,28271,11975,3536,0,0,24530,15589,217,2305,0,0,0,0,0
810,5516,811.1517979843474,99702,3665,2449,207,87,97847,56507,1.5481534974223186,1873,1241,8364,15101,34271,26106,1618,5014,48453,35971,0,0,1008,796,6323,5044,28467,12176,3514,0,0,24487,15400,208,2279,0,0,0,0,0
811,5516,812.1351467666077,99702,3626,2371,207,87,98301,56790,1.555545525666486,1782,1214,8406,15091,34380,26265,1597,4970,48454,35972,0,0,988,784,6255,5018,28592,12404,3507,0,0,24468,15226,207,2253,0,0,0,0,0
812,5516,813.1172864316126,99702,3537,2346,207,87,98733,57077,1.562757015907404,1741,1201,8421,15092,34509,26351,1583,4921,48455,35973,0,0,968,767,6173,5009,28757,12601,3493,0,0,24439,15066,197,2232,0,0,0,0,0
813,5516,814.0978023552439,99701,3496,2339,208,87,99153,57379,1.570014342885227,1714,1164,8428,15090,34598,26442,1554,4876,48456,35974,0,0,950,753,6104,4989,28903,12780,3482,0,0,24439,14899,195,2207,0,0,0,0,0
814,5516,815.0772143150022,99700,3424,2271,208,88,99560,57657,1.576900702106319,1675,1136,8473,15068,34689,26607,1529,4828,48457,35975,0,0,934,740,6025,5004,29042,12974,3454,0,0,24432,14723,189,2183,0,0,0,0,0
815,5516,816.0555068053902,99700,3340,2209,208,88,99978,57920,1.5837311935807423,1642,1157,8493,15051,34815,26717,1500,4776,48458,35976,0,0,922,726,5955,4981,29185,13170,3426,0,0,24428,14553,188,2166,0,0,0,0,0
816,5516,817.0321265303834,99699,3270,2171,209,88,100387,58196,1.5906177594559625,1571,1137,8534,15032,34937,26845,1477,4725,48459,35977,0,0,908,716,5884,4972,29292,13372,3410,0,0,24441,14382,183,2139,0,0,0,0,0
817,5516,818.0078624676112,99698,3192,2163,209,89,100754,58489,1.597253706192702,1546,1062,8562,15029,35033,26978,1456,4677,48460,35978,0,0,891,705,5825,4965,29402,13561,3394,0,0,24408,14240,182,2125,0,0,0,0,0
818,5516,819.1774337593336,99698,3098,2097,209,89,101204,58791,1.6047964853858654,1516,1072,8584,15003,35158,27122,1433,4615,48461,35979,0,0,870,688,5765,4960,29509,13801,3377,0,0,24401,14042,178,2107,0,0,0,0,0
819,5516,820.1507856433882,99698,3009,2104,209,89,101566,59054,1.6110654175610344,1493,1038,8641,15006,35241,27184,1405,4577,48462,35980,0,0,857,682,5705,4960,29632,13968,3353,0,0,24375,13898,175,2093,0,0,0,0,0
820,5516,821.123108522563,99698,2944,2061,209,89,101919,59312,1.6171939256554795,1444,1014,8670,15028,35341,27285,1390,4521,48463,35981,0,0,851,678,5655,4936,29818,14117,3329,0,0,24324,13757,170,2063,0,0,0,0,0
821,5516,822.0947483895886,99698,2867,2021,209,89,102240,59563,1.6229312523821942,1449,976,8700,15030,35401,27384,1372,4498,48464,35982,0,0,838,666,5615,4917,29937,14276,3318,0,0,24308,13615,164,2044,0,0,0,0,0
822,5516,823.0661177348447,99697,2770,1969,210,89,102554,59782,1.6282937300019058,1469,980,8726,15036,35474,27458,1349,4466,48465,35983,0,0,825,657,5571,4910,30002,14466,3301,0,0,24298,13479,161,2027,0,0,0,0,0
823,5516,824.0372330474818,99695,2750,1860,211,90,102915,59985,1.6339836501329053,1392,993,8780,15046,35538,27589,1327,4420,48466,35984,0,0,808,648,5526,4887,30109,14635,3286,0,0,24309,13326,159,2002,0,0,0,0,0
824,5516,825.0081327193672,99694,2655,1818,211,91,103231,60206,1.6393865227596445,1392,974,8826,15050,35601,27677,1313,4388,48467,35985,0,0,801,634,5479,4899,30169,14831,3263,0,0,24276,13201,154,1987,0,0,0,0,0
825,5516,826.1732143156167,99694,2626,1758,211,91,103629,60452,1.6458462896463177,1354,947,8874,15080,35645,27775,1288,4347,48468,35986,0,0,792,623,5429,4885,30278,15028,3237,0,0,24240,13067,149,1966,0,0,0,0,0
826,5516,827.1440977293827,99694,2542,1736,211,91,103935,60671,1.6511124039561056,1327,936,8928,15083,35715,27849,1275,4303,48469,35987,0,0,782,615,5381,4873,30367,15198,3219,0,0,24202,12959,147,1951,0,0,0,0,0
827,5516,828.1150015721349,99692,2497,1742,213,91,104247,60908,1.656652489668178,1302,875,8968,15106,35753,27927,1265,4257,48470,35988,0,0,771,600,5337,4873,30461,15345,3204,0,0,24160,12860,145,1936,0,0,0,0,0
828,5516,829.0856327900632,99692,2459,1670,213,91,104566,61089,1.6616679372467198,1261,870,9015,15116,35801,28018,1249,4233,48471,35989,0,0,760,586,5287,4873,30533,15512,3191,0,0,24138,12749,143,1920,0,0,0,0,0
829,5516,830.0565970857047,99692,2408,1678,213,91,104871,61309,1.666934157204189,1215,832,9058,15144,35868,28067,1236,4186,48472,35990,0,0,751,580,5247,4872,30600,15665,3171,0,0,24125,12638,142,1901,0,0,0,0,0
830,5516,831.0273002624981,99692,2353,1675,213,91,105174,61502,1.6719094812021025,1175,803,9109,15186,35925,28097,1223,4146,48473,35991,0,0,741,576,5206,4863,30651,15823,3153,0,0,24123,12530,141,1885,0,0,0,0,0
831,5516,832.191946479149,99690,2335,1672,214,92,105539,61739,1.677981743404554,1128,772,9164,15244,35947,28112,1210,4106,48474,35992,0,0,730,559,5170,4857,30730,15991,3135,0,0,24090,12418,139,1871,0,0,0,0,0
832,5516,833.1625075915302,99688,2290,1642,215,93,105801,61915,1.682409116443303,1115,781,9212,15273,35975,28128,1191,4081,48475,35993,0,0,719,556,5130,4839,30774,16138,3125,0,0,24092,12320,138,1857,0,0,0,0,0
833,5516,834.1331801497203,99688,2242,1581,215,93,106066,62094,1.6868630125993098,1126,768,9273,15294,35969,28214,1173,4048,48476,35994,0,0,713,548,5098,4828,30839,16295,3115,0,0,24051,12224,135,1842,0,0,0,0,0
834,5516,835.1052630541535,99688,2215,1553,215,93,106336,62264,1.691276783564722,1104,776,9328,15312,35972,28254,1164,4010,48477,35995,0,0,703,545,5068,4815,30911,16424,3105,0,0,24025,12132,131,1829,0,0,0,0,0
835,5516,836.0776748863886,99687,2153,1551,216,93,106605,62476,1.6961188520067811,1080,740,9376,15338,36014,28295,1159,3981,48478,35996,0,0,696,529,5035,4810,30989,16571,3095,0,0,23975,12048,126,1813,0,0,0,0,0
836,5516,837.0505437165629,99687,2091,1502,216,93,106849,62631,1.700121379919147,1082,733,9431,15360,36026,28353,1152,3957,48479,35997,0,0,691,524,5001,4804,31036,16717,3078,0,0,23963,11957,124,1792,0,0,0,0,0
837,5516,838.0240569309985,99687,2088,1460,216,93,107132,62805,1.7047057289315557,1035,711,9496,15428,36029,28386,1134,3920,48480,35998,0,0,682,521,4970,4787,31147,16831,3071,0,0,23904,11874,121,1779,0,0,0,0,0
838,5516,839.1932597009809,99687,2047,1394,216,93,107434,62998,1.7096712710784756,1008,714,9570,15489,36040,28435,1117,3873,48481,35999,0,0,671,515,4931,4769,31192,17009,3059,0,0,23890,11764,120,1767,0,0,0,0,0
839,5516,840.1687525766741,99687,2027,1337,216,93,107681,63161,1.713784144371884,997,710,9617,15520,36030,28496,1111,3842,48482,36000,0,0,666,509,4901,4764,31247,17141,3044,0,0,23885,11665,119,1746,0,0,0,0,0
840,5516,841.1451694740211,99687,1981,1325,216,93,107914,63327,1.7177866722842496,966,688,9666,15588,36062,28498,1107,3806,48483,36001,0,0,660,506,4873,4748,31296,17277,3039,0,0,23849,11588,118,1733,0,0,0,0,0
841,5516,842.1216303770937,99686,1908,1310,217,93,108159,63498,1.7219770078045062,924,674,9730,15627,36120,28525,1099,3769,48484,36002,0,0,650,502,4837,4752,31342,17428,3022,0,0,23795,11521,117,1720,0,0,0,0,0
842,5516,843.0982421766323,99686,1850,1282,217,93,108374,63649,1.7256485364043095,936,672,9794,15663,36114,28554,1087,3734,48485,36003,0,0,643,498,4815,4750,31375,17561,3007,0,0,23763,11447,115,1712,0,0,0,0,0
843,5516,844.0757342278011,99685,1812,1279,218,93,108622,63813,1.729798866429252,919,636,9837,15711,36134,28573,1078,3706,48486,36004,0,0,637,492,4790,4753,31425,17689,2989,0,0,23714,11381,113,1702,0,0,0,0,0
844,5516,845.05362533538,99685,1786,1268,218,93,108851,63966,1.7336309374529768,883,620,9896,15746,36147,28596,1068,3675,48487,36005,0,0,627,487,4764,4740,31464,17809,2983,0,0,23695,11314,112,1690,0,0,0,0,0
845,5516,846.032274666001,99684,1784,1240,218,94,109056,64129,1.7373399943822478,880,610,9972,15779,36083,28616,1061,3659,48488,36006,0,0,619,484,4746,4742,31508,17918,2974,0,0,23667,11235,107,1684,0,0,0,0,0
846,5516,847.0129328248631,99684,1752,1211,218,94,109272,64281,1.7410316600457445,861,604,10036,15838,36080,28631,1051,3620,48489,36007,0,0,612,481,4722,4734,31554,18036,2962,0,0,23645,11158,107,1673,0,0,0,0,0
847,5516,848.1907878754505,99684,1714,1157,218,94,109529,64447,1.745275069218731,838,582,10110,15893,36079,28672,1039,3600,48490,36008,0,0,608,474,4693,4719,31630,18180,2945,0,0,23598,11074,105,1658,0,0,0,0,0
848,5516,849.1736809995824,99684,1676,1147,218,94,109728,64595,1.7487560691786044,814,570,10186,15951,36074,28660,1030,3576,48491,36009,0,0,605,471,4675,4703,31669,18298,2938,0,0,23559,11015,104,1647,0,0,0,0,0
849,5516,850.1577054072782,99683,1647,1126,218,95,109939,64732,1.7522646790325331,792,563,10267,16005,36050,28659,1024,3550,48492,36010,0,0,601,465,4658,4690,31685,18430,2931,0,0,23519,10964,102,1638,0,0,0,0,0
850,5516,851.1431452124416,99683,1590,1107,218,95,110121,64875,1.755525014295316,776,560,10355,16050,36044,28659,1015,3527,48493,36011,0,0,595,460,4629,4685,31716,18551,2920,0,0,23496,10899,101,1631,0,0,0,0,0
851,5516,852.1296196785472,99683,1566,1098,218,95,110310,65023,1.758905731167802,755,554,10425,16084,36022,28666,1012,3501,48494,36012,0,0,590,457,4609,4675,31750,18655,2908,0,0,23486,10832,101,1620,0,0,0,0,0
852,5516,853.1171277255576,99683,1507,1086,218,95,110487,65150,1.7619553986136052,757,530,10476,16163,36033,28646,1007,3478,48495,36013,0,0,578,452,4590,4671,31784,18768,2907,0,0,23440,10784,101,1608,0,0,0,0,0
853,5516,854.1054290345415,99682,1472,1052,219,95,110665,65268,1.764942517204711,769,536,10527,16219,36019,28644,992,3452,48496,36014,0,0,573,450,4562,4656,31823,18877,2898,0,0,23410,10731,100,1602,0,0,0,0,0
854,5516,855.094878735353,99682,1493,1037,219,95,110871,65394,1.7682731084849823,745,507,10580,16282,35974,28649,987,3428,48497,36015,0,0,572,447,4538,4650,31859,18984,2892,0,0,23355,10693,99,1593,0,0,0,0,0
855,5516,856.0855452545026,99682,1426,1017,219,95,111045,65513,1.771212455608836,731,496,10657,16347,35981,28632,984,3411,48498,36016,0,0,569,442,4515,4634,31877,19110,2881,0,0,23321,10645,99,1589,0,0,0,0,0
856,5516,857.0772936503806,99682,1408,1000,219,95,111212,65645,1.7742119941413697,719,474,10714,16425,35958,28622,980,3382,48499,36017,0,0,565,440,4486,4610,31931,19204,2877,0,0,23295,10596,98,1580,0,0,0,0,0
857,5516,858.0704602764515,99680,1408,962,220,96,111384,65750,1.7770264847512038,706,480,10788,16486,35901,28611,975,3363,48500,36018,0,0,562,436,4469,4598,31987,19280,2869,0,0,23269,10543,95,1572,0,0,0,0,0
858,5516,859.0656095834873,99680,1389,930,220,96,111559,65866,1.7799458266452648,686,470,10893,16567,35845,28590,965,3345,48501,36019,0,0,555,432,4447,4595,32030,19371,2857,0,0,23246,10485,95,1567,0,0,0,0,0
859,5516,860.0628766832683,99679,1329,899,221,96,111726,65981,1.7827927647749275,661,458,10987,16636,35841,28579,959,3330,48502,36020,0,0,551,420,4431,4570,32084,19474,2854,0,0,23207,10433,95,1560,0,0,0,0,0
860,5516,861.0616159156939,99679,1289,881,221,96,111860,66107,1.7854011376518624,666,445,11063,16691,35803,28577,956,3308,48503,36021,0,0,547,415,4413,4561,32110,19574,2849,0,0,23173,10389,95,1553,0,0,0,0,0
861,5516,862.062136729304,99679,1270,860,221,96,112027,66214,1.788149961376017,661,416,11129,16773,35769,28559,948,3294,48504,36022,0,0,544,411,4395,4556,32125,19675,2839,0,0,23143,10351,95,1545,0,0,0,0,0
862,5516,863.0637860175407,99679,1250,841,221,96,112205,66312,1.7909188495069173,631,411,11188,16825,35764,28554,944,3271,48505,36023,0,0,540,405,4379,4539,32150,19773,2837,0,0,23110,10313,94,1539,0,0,0,0,0
863,5516,864.0664713297392,99679,1195,821,221,96,112346,66406,1.7932764172995315,616,412,11268,16892,35761,28527,937,3250,48506,36024,0,0,534,404,4363,4518,32185,19868,2831,0,0,23079,10272,94,1531,0,0,0,0,0
864,5516,865.0704522216894,99679,1173,795,221,96,112499,66509,1.795844661362975,587,410,11370,16956,35720,28502,927,3239,48507,36025,0,0,531,401,4346,4517,32217,19952,2818,0,0,23058,10220,94,1525,0,0,0,0,0
865,5516,866.0766154121558,99678,1148,771,222,96,112642,66612,1.7983306246112483,562,393,11475,17020,35671,28501,920,3217,48508,36026,0,0,527,398,4332,4506,32230,20053,2812,0,0,23022,10183,94,1521,0,0,0,0,0
866,5516,867.0848173825206,99678,1123,761,222,96,112779,66694,1.8005276991913963,552,394,11560,17085,35630,28460,911,3202,48509,36027,0,0,523,397,4313,4496,32250,20139,2805,0,0,22991,10155,93,1516,0,0,0,0,0
867,5516,868.0946904277962,99678,1107,758,222,96,112930,66795,1.8030558398041694,551,371,11643,17163,35567,28422,908,3188,48510,36028,0,0,518,393,4302,4487,32254,20231,2801,0,0,22970,10118,93,1511,0,0,0,0,0
868,5516,869.1066514490037,99678,1080,735,222,96,113054,66884,1.8051927205602039,553,358,11711,17242,35527,28399,905,3168,48511,36029,0,0,511,388,4289,4485,32268,20311,2796,0,0,22942,10085,93,1510,0,0,0,0,0
869,5516,870.1205149540552,99678,1079,728,222,96,113203,66987,1.807720861172977,515,316,11812,17327,35471,28383,899,3148,48512,36030,0,0,505,387,4278,4481,32284,20393,2792,0,0,22909,10053,93,1503,0,0,0,0,0
870,5516,871.1366284690239,99678,1069,720,222,96,113338,67070,1.8099079034491061,505,317,11899,17423,35412,28317,891,3125,48513,36031,0,0,500,386,4272,4471,32302,20471,2790,0,0,22870,10027,92,1497,0,0,0,0,0
871,5516,872.1546285409621,99678,1024,724,222,96,113466,67163,1.8121250426372921,504,315,11970,17488,35390,28272,888,3103,48514,36032,0,0,499,383,4259,4472,32311,20546,2777,0,0,22868,9981,91,1491,0,0,0,0,0
872,5516,873.1740494193253,99677,1008,689,222,97,113601,67237,1.8142399951844457,498,314,12053,17564,35334,28240,883,3094,48515,36033,0,0,496,382,4241,4462,32330,20628,2775,0,0,22850,9939,91,1483,0,0,0,0,0
873,5516,874.1952663748316,99677,1000,687,222,97,113738,67338,1.8166277074952095,465,309,12144,17650,35289,28183,878,3072,48516,36034,0,0,490,379,4230,4450,32351,20699,2772,0,0,22836,9903,91,1476,0,0,0,0,0
874,5516,875.0137387350455,99677,969,678,222,97,113822,67409,1.818182730218606,469,311,12215,17716,35251,28140,872,3056,48517,36035,0,0,489,377,4220,4449,32370,20756,2761,0,0,22807,9882,91,1475,0,0,0,0,0
875,5516,876.0384757490286,99677,927,654,222,97,113922,67479,1.8198882390120088,471,311,12301,17763,35207,28136,870,3037,48518,36036,0,0,488,375,4206,4436,32397,20830,2758,0,0,22772,9856,91,1468,0,0,0,0,0
876,5516,877.065297754043,99677,926,643,222,97,114065,67566,1.8221956920854359,435,275,12402,17829,35146,28130,867,3024,48519,36037,0,0,487,373,4198,4432,32405,20910,2747,0,0,22756,9817,90,1462,0,0,0,0,0
877,5516,878.0947628710842,99677,919,635,222,97,114182,67654,1.8242523350421862,434,255,12490,17922,35070,28090,863,2999,48520,36038,0,0,485,371,4187,4417,32414,20986,2742,0,0,22740,9790,90,1455,0,0,0,0,0
878,5516,879.1266223529808,99677,891,608,222,97,114303,67710,1.8260280706682586,430,265,12591,17981,35007,28061,857,2986,48521,36039,0,0,482,370,4175,4411,32415,21065,2736,0,0,22723,9757,90,1453,0,0,0,0,0
879,5516,880.1607821553973,99677,890,584,222,97,114436,67775,1.8280144867923394,398,268,12692,18060,34943,28018,853,2971,48522,36040,0,0,482,368,4164,4414,32431,21133,2725,0,0,22693,9728,90,1449,0,0,0,0,0
880,5516,881.1973012868658,99677,852,582,222,97,114545,67850,1.829860449251081,393,274,12775,18105,34909,27984,847,2956,48523,36041,0,0,481,367,4149,4409,32442,21204,2716,0,0,22673,9704,89,1443,0,0,0,0,0
881,5516,882.0277765723042,99677,840,563,222,97,114623,67910,1.8312449210951374,387,271,12854,18178,34855,27943,840,2946,48524,36042,0,0,481,364,4146,4402,32465,21252,2712,0,0,22649,9678,88,1440,0,0,0,0,0
882,5516,883.0677526812273,99677,803,544,222,97,114716,67980,1.8328802030558704,382,270,12947,18270,34809,27879,835,2938,48525,36043,0,0,477,363,4131,4391,32500,21307,2708,0,0,22633,9646,87,1434,0,0,0,0,0
883,5516,884.1100619276575,99676,799,535,223,97,114819,68042,1.834553954813596,380,261,13031,18380,34733,27804,832,2921,48526,36044,0,0,474,363,4121,4383,32520,21352,2702,0,0,22623,9621,87,1430,0,0,0,0,0
884,5516,885.1548474508729,99675,807,536,223,98,114927,68114,1.8363782292450463,380,254,13118,18446,34642,27758,828,2906,48527,36045,0,0,472,361,4115,4379,32523,21407,2697,0,0,22615,9592,87,1427,0,0,0,0,0
885,5516,886.201989245902,99675,779,512,223,98,115025,68183,1.8380536744419362,381,264,13187,18527,34601,27711,827,2886,48528,36046,0,0,471,358,4095,4377,32540,21476,2687,0,0,22592,9565,87,1427,0,0,0,0,0
886,5516,887.0410879962898,99675,775,509,223,98,115098,68242,1.8393779784298971,377,250,13269,18595,34530,27670,824,2876,48529,36047,0,0,470,358,4091,4374,32514,21538,2684,0,0,22586,9548,87,1425,0,0,0,0,0
887,5516,888.0925861563973,99675,768,500,223,98,115191,68317,1.8410634562327564,369,238,13361,18662,34454,27635,823,2865,48530,36048,0,0,468,356,4079,4373,32537,21589,2674,0,0,22570,9525,87,1417,0,0,0,0,0
888,5516,889.1465894675522,99675,752,485,223,98,115296,68378,1.842728868823677,354,238,13453,18743,34398,27587,818,2847,48531,36049,0,0,464,355,4068,4379,32550,21648,2666,0,0,22548,9499,85,1413,0,0,0,0,0
889,5516,890.2028283712573,99675,729,458,223,98,115383,68432,1.8441434662653624,351,244,13547,18815,34330,27553,818,2830,48532,36050,0,0,460,355,4062,4374,32554,21707,2659,0,0,22544,9466,85,1409,0,0,0,0,0
890,5516,891.0496582651085,99675,716,462,223,98,115465,68482,1.8454677702533233,334,237,13618,18858,34291,27523,816,2820,48533,36051,0,0,460,353,4053,4370,32550,21758,2656,0,0,22534,9449,85,1407,0,0,0,0,0
891,5516,892.109975323633,99675,695,455,223,98,115561,68538,1.8469927263606722,315,246,13709,18935,34245,27461,811,2803,48534,36052,0,0,457,350,4044,4362,32556,21817,2653,0,0,22518,9429,83,1406,0,0,0,0,0
892,5516,893.1722173653952,99675,650,434,223,98,115636,68591,1.8482768999247554,329,240,13797,19034,34193,27406,806,2786,48535,36053,0,0,456,348,4030,4358,32566,21878,2643,0,0,22501,9408,82,1405,0,0,0,0,0
893,5516,894.0235999538421,99675,664,443,223,98,115704,68650,1.8495510408828693,324,224,13873,19109,34112,27347,802,2777,48536,36054,0,0,456,347,4027,4355,32580,21909,2639,0,0,22483,9395,80,1404,0,0,0,0,0
894,5516,895.0906205220948,99675,656,450,223,98,115797,68715,1.8511361926260346,318,215,13972,19203,34032,27270,797,2762,48537,36055,0,0,452,345,4021,4360,32577,21962,2632,0,0,22473,9372,79,1402,0,0,0,0,0
895,5516,896.1604086336906,99675,631,443,223,98,115890,68777,1.8526912465512917,286,187,14087,19304,33977,27215,794,2751,48538,36056,0,0,449,343,4012,4356,32595,22014,2632,0,0,22452,9344,79,1399,0,0,0,0,0
896,5516,897.0179275924407,99675,605,423,223,98,115945,68819,1.8536644093303236,295,186,14154,19350,33931,27198,790,2743,48539,36057,0,0,448,343,4006,4354,32601,22058,2627,0,0,22441,9322,79,1396,0,0,0,0,0
897,5516,898.0918798538473,99675,586,402,223,98,116030,68861,1.8549385502884375,268,192,14243,19432,33890,27140,788,2734,48540,36058,0,0,447,343,3997,4340,32597,22125,2623,0,0,22422,9306,79,1396,0,0,0,0,0
898,5516,899.1680762633539,99675,576,391,223,98,116103,68910,1.8561625282167042,271,187,14317,19535,33828,27067,783,2720,48541,36059,0,0,447,342,3991,4340,32602,22170,2615,0,0,22414,9282,79,1393,0,0,0,0,0
899,5516,900.0306869337886,99675,548,383,223,98,116136,68938,1.8567745171808376,301,208,14387,19580,33756,27017,783,2712,48541,36059,0,0,446,340,3987,4337,32611,22197,2613,0,0,22410,9266,78,1390,0,0,0,0,0
900,5516,900.0306869337886,99675,544,379,223,98,116153,68949,1.857055430147981,308,216,14404,19591,33736,27004,783,2710,48541,36059,0,0,446,340,3987,4335,32615,22209,2612,0,2,22397,9264,78,1390,0,0,0,0,0
901,5516,901.1118910198592,99675,540,385,223,98,116241,69013,1.8585803862553298,309,222,14511,19679,33643,26918,772,2696,48541,36059,0,0,445,339,3982,4323,32620,22264,2609,1,11,22362,9255,78,1386,0,0,0,0,0
902,5516,902.1963405897831,99675,547,377,223,98,116335,69069,1.86008527715074,303,234,14597,19763,33560,26846,768,2680,48541,36059,0,0,442,337,3975,4326,32639,22306,2601,4,23,22318,9243,78,1383,0,0,0,0,0
903,5516,903.0655029058415,99675,548,386,223,98,116407,69123,1.8613493855028844,308,231,14656,19830,33497,26779,766,2674,48541,36059,0,0,442,336,3967,4319,32652,22340,2596,4,35,22295,9231,78,1380,0,0,0,0,0
904,5516,904.154175000096,99675,558,385,223,98,116488,69186,1.862794080762478,317,229,14745,19909,33392,26718,763,2659,48541,36059,0,0,440,336,3961,4314,32664,22380,2593,6,58,22261,9208,77,1377,0,0,0,0,0
905,5516,905.0273706108632,99675,553,404,223,98,116557,69246,1.8640882869325308,315,226,14825,19968,33322,26657,760,2645,48541,36059,0,0,437,336,3959,4311,32665,22421,2589,9,72,22231,9194,76,1375,0,0,0,0,0
906,5516,906.1215542280399,99675,533,380,223,98,116629,69303,1.8653824931025833,333,219,14921,20046,33233,26624,755,2631,48541,36059,0,0,435,336,3946,4312,32683,22470,2579,11,99,22188,9167,76,1373,0,0,0,0,0
907,5516,907.2189083895172,99675,538,401,223,98,116702,69368,1.8667669927263606,339,231,15016,20114,33133,26534,749,2620,48541,36059,0,0,435,336,3942,4308,32682,22512,2573,11,111,22165,9155,76,1369,0,0,0,0,0
908,5516,908.0988632439073,99675,552,402,223,98,116773,69416,1.8679608728367194,345,227,15082,20173,33056,26491,740,2607,48541,36059,0,0,434,335,3937,4308,32674,22553,2567,12,122,22144,9144,76,1369,0,0,0,0,0
909,5516,909.2015455869947,99675,549,398,223,98,116859,69471,1.869375470278405,348,229,15185,20254,32956,26428,737,2591,48541,36059,0,0,433,334,3930,4299,32694,22590,2560,13,138,22113,9128,76,1367,0,0,0,0,0
910,5516,910.0862696091948,99675,562,396,223,98,116944,69520,1.8707198394783044,341,229,15280,20321,32857,26380,735,2574,48541,36059,0,0,433,334,3923,4294,32701,22629,2556,13,150,22084,9115,76,1367,0,0,0,0,0
911,5516,911.195382025088,99675,577,400,223,98,117040,69594,1.8724253824931025,328,231,15350,20389,32789,26318,731,2562,48541,36059,0,0,432,334,3915,4290,32704,22679,2553,14,173,22046,9092,76,1367,0,0,0,0,0
912,5516,912.0844844037753,99675,574,402,223,98,117111,69648,1.8736794582392777,340,231,15441,20449,32693,26268,727,2550,48541,36059,0,0,430,334,3904,4283,32726,22710,2549,16,192,22016,9073,76,1366,0,0,0,0,0
913,5516,913.1993006562873,99675,589,415,223,98,117214,69723,1.8754652621018308,346,240,15544,20514,32572,26194,724,2537,48541,36059,0,0,429,332,3898,4283,32727,22761,2542,17,210,21981,9055,76,1364,0,0,0,0,0
914,5516,914.0937216701798,99675,605,420,223,98,117303,69778,1.8769099573614245,338,226,15608,20590,32504,26142,720,2522,48541,36059,0,0,428,332,3895,4282,32741,22796,2537,18,225,21943,9040,76,1362,0,0,0,0,0
915,5516,915.2145913644769,99674,588,430,223,99,117381,69840,1.8783333667756887,358,242,15720,20657,32396,26065,713,2505,48541,36059,0,0,426,332,3890,4269,32758,22839,2532,20,241,21906,9024,76,1361,0,0,0,0,0
916,5516,916.1134862825375,99673,606,434,224,99,117454,69893,1.8796163454496202,356,253,15768,20719,32333,26005,711,2488,48541,36059,0,0,424,331,3883,4269,32752,22878,2529,22,251,21884,9014,76,1360,0,0,0,0,0
917,5516,917.0139646445753,99673,622,446,224,99,117532,69959,1.8810610696979122,347,257,15834,20773,32262,25946,709,2477,48541,36059,0,0,423,330,3881,4265,32772,22905,2525,23,267,21850,8998,76,1358,0,0,0,0,0
918,5516,918.1420035495668,99673,610,470,224,99,117623,70037,1.8827566141281993,367,241,15923,20868,32171,25859,703,2461,48541,36059,0,0,420,326,3876,4262,32773,22955,2522,26,283,21819,8982,76,1353,0,0,0,0,0
919,5516,919.0467586201922,99673,626,454,224,99,117716,70083,1.884151174340092,339,250,16007,20939,32103,25806,699,2450,48541,36059,0,0,420,326,3872,4253,32786,22999,2520,26,299,21782,8966,76,1348,0,0,0,0,0
920,5516,920.1803646644395,99673,608,451,224,99,117812,70153,1.8858166203485398,330,244,16107,20999,32037,25773,692,2432,48541,36059,0,0,419,324,3860,4247,32816,23054,2511,27,314,21730,8951,75,1345,0,0,0,0,0
921,5516,921.0893431062616,99673,610,423,224,99,117885,70190,1.8869202291493183,335,267,16187,21078,31954,25709,688,2422,48541,36059,0,0,419,323,3850,4247,32826,23095,2506,27,334,21702,8931,75,1338,0,0,0,0,0
922,5516,922.0004944317658,99673,617,441,224,99,117967,70255,1.8883950518194497,332,275,16245,21124,31895,25643,685,2416,48541,36059,0,0,419,322,3844,4250,32843,23123,2501,27,349,21671,8915,74,1335,0,0,0,0,0
923,5516,923.1420182597278,99673,643,462,224,99,118073,70348,1.8903915804681308,341,250,16332,21197,31778,25585,680,2405,48541,36059,0,0,417,322,3839,4248,32852,23170,2490,29,366,21637,8898,74,1331,0,0,0,0,0
924,5516,924.057591964336,99673,649,488,224,99,118152,70421,1.8919165671746612,343,239,16397,21249,31710,25532,675,2391,48541,36059,0,0,415,322,3833,4243,32853,23206,2487,31,385,21614,8879,74,1331,0,0,0,0,0
925,5516,925.2051228695719,99673,660,483,224,99,118255,70497,1.8937124396777463,362,255,16492,21305,31593,25483,667,2373,48541,36059,0,0,414,320,3825,4234,32867,23261,2482,32,411,21575,8853,73,1326,0,0,0,0,0
926,5516,926.1256749327375,99673,638,480,224,99,118327,70558,1.8950468030459602,383,259,16563,21350,31527,25446,663,2364,48541,36059,0,0,412,318,3818,4233,32855,23319,2475,34,435,21550,8829,73,1322,0,0,0,0,0
927,5516,927.0481144905253,99673,639,469,224,99,118419,70616,1.896551724137931,391,262,16604,21415,31482,25400,658,2353,48541,36059,0,0,412,318,3810,4239,32860,23374,2467,34,453,21506,8810,73,1317,0,0,0,0,0
928,5516,928.2031679538575,99673,645,486,224,99,118536,70709,1.89865861366669,374,253,16691,21472,31409,25353,655,2335,48541,36059,0,0,411,317,3798,4232,32882,23427,2460,35,475,21463,8788,72,1313,0,0,0,0,0
929,5516,929.1291022601231,99673,649,489,224,99,118625,70782,1.9002839284460185,372,242,16749,21544,31354,25301,650,2323,48541,36059,0,0,410,316,3786,4224,32889,23476,2454,36,502,21435,8761,72,1312,0,0,0,0,0
930,5516,930.0566077375306,99673,638,472,224,99,118713,70829,1.901638357428792,379,272,16813,21596,31294,25249,650,2310,48541,36059,0,0,409,314,3773,4219,32901,23531,2446,37,516,21399,8747,72,1309,0,0,0,0,0
931,5516,931.2186542253843,99673,639,459,224,99,118818,70894,1.903343934666359,387,279,16899,21681,31204,25179,645,2301,48541,36059,0,0,408,313,3764,4214,32903,23594,2440,38,533,21358,8729,72,1307,0,0,0,0,0
932,5516,932.1507425444905,99673,638,458,224,99,118914,70957,1.904939151023848,380,269,16970,21739,31142,25143,644,2290,48541,36059,0,0,408,310,3760,4208,32928,23635,2437,38,552,21314,8710,72,1301,0,0,0,0,0
933,5516,933.0847613661092,99673,647,447,224,99,119006,71014,1.9064340393085388,379,276,17032,21801,31074,25109,642,2266,48541,36059,0,0,407,309,3747,4202,32951,23679,2433,39,569,21272,8693,72,1300,0,0,0,0,0
934,5516,934.0208104004719,99673,659,441,224,99,119096,71068,1.9078787635568308,383,279,17086,21860,31008,25063,638,2256,48541,36059,0,0,405,308,3744,4199,32948,23729,2430,41,584,21242,8677,70,1296,0,0,0,0,0
935,5516,935.1935646813835,99673,665,431,224,99,119215,71144,1.9098351609763928,386,287,17164,21908,30924,25030,635,2243,48541,36059,0,0,402,308,3736,4195,32958,23790,2422,44,607,21198,8653,70,1290,0,0,0,0,0
936,5516,936.1339914929181,99673,675,433,224,99,119308,71217,1.9115006069848404,373,273,17237,21959,30857,25002,632,2232,48541,36059,0,0,401,306,3728,4194,32965,23841,2416,45,621,21157,8639,70,1290,0,0,0,0,0
937,5516,937.0763027295754,99673,653,442,224,99,119388,71283,1.9129653968476918,386,270,17299,22034,30805,24938,631,2215,48541,36059,0,0,400,306,3722,4193,32953,23906,2408,46,633,21122,8627,69,1288,0,0,0,0,0
938,5516,938.0205659933407,99673,668,444,224,99,119492,71345,1.9146308428561396,390,263,17361,22094,30729,24893,626,2205,48541,36059,0,0,398,305,3719,4196,32953,23955,2404,48,651,21084,8608,67,1285,0,0,0,0,0
939,5516,939.2037178450269,99673,661,450,224,99,119598,71422,1.9164668465883439,406,267,17456,22188,30630,24804,621,2190,48541,36059,0,0,398,305,3713,4189,32958,24013,2399,48,664,21041,8595,67,1283,0,0,0,0,0
940,5516,940.1528348910282,99673,675,433,224,99,119699,71478,1.9180419973312732,399,286,17514,22235,30568,24765,618,2180,48541,36059,0,0,394,305,3705,4184,32972,24059,2393,52,681,21002,8578,67,1281,0,0,0,0,0
941,5516,941.1039490439322,99673,671,426,224,99,119777,71539,1.9194365575431662,424,289,17585,22287,30482,24729,612,2168,48541,36059,0,0,392,304,3692,4174,32992,24100,2389,54,700,20970,8558,67,1281,0,0,0,0,0
942,5516,942.0573254379731,99672,664,436,224,100,119867,71611,1.9210811461594028,452,286,17623,22341,30425,24681,610,2154,48541,36059,0,0,391,303,3682,4161,33000,24157,2387,55,715,20933,8542,67,1279,0,0,0,0,0
943,5516,943.0121121526934,99672,656,444,224,100,119971,71676,1.922776707600931,436,296,17690,22384,30386,24635,606,2139,48541,36059,0,0,389,301,3674,4159,33013,24209,2375,57,727,20893,8530,67,1278,0,0,0,0,0
944,5516,944.2076154295183,99672,672,463,224,100,120104,71766,1.9250140460711131,412,285,17757,22452,30330,24573,603,2125,48541,36059,0,0,385,301,3664,4145,33041,24260,2372,61,748,20846,8509,67,1273,0,0,0,0,0
945,5516,945.1656120027183,99672,667,473,224,100,120203,71846,1.926809936592022,393,286,17818,22485,30297,24540,599,2114,48541,36059,0,0,385,299,3657,4143,33037,24325,2365,61,760,20809,8493,66,1272,0,0,0,0,0
946,5516,946.1250316921893,99671,649,485,225,100,120282,71911,1.9282740215308365,415,295,17865,22538,30248,24481,596,2099,48541,36059,0,0,384,296,3654,4141,33023,24377,2359,62,780,20789,8471,66,1269,0,0,0,0,0
947,5516,947.0857201066535,99670,658,496,226,100,120376,71985,1.9299789304705528,434,288,17915,22585,30175,24435,590,2094,48541,36059,0,0,380,296,3650,4143,33026,24422,2350,65,800,20753,8451,66,1268,0,0,0,0,0
948,5516,948.0483127585825,99670,686,502,226,100,120482,72056,1.931754790809672,440,276,17968,22627,30090,24401,588,2092,48541,36059,0,0,380,293,3644,4143,33026,24465,2347,65,821,20725,8430,65,1266,0,0,0,0,0
949,5516,949.0135712409663,99670,700,511,226,100,120582,72129,1.9334905187117488,454,260,18025,22700,30008,24354,585,2073,48541,36059,0,0,380,292,3634,4137,33040,24511,2344,65,840,20691,8411,65,1260,0,0,0,0,0
950,5516,950.2230127369447,99670,716,523,226,100,120723,72224,1.935858332497241,448,252,18081,22767,29944,24297,583,2059,48541,36059,0,0,379,291,3625,4139,33053,24568,2334,63,862,20652,8387,64,1253,0,0,0,0,0
951,5516,951.1921156162306,99670,693,518,226,100,120816,72283,1.937383365104846,456,283,18136,22808,29905,24247,582,2042,48541,36059,0,0,376,290,3618,4131,33062,24629,2328,66,873,20610,8376,63,1248,0,0,0,0,0
952,5516,952.1626212353818,99670,722,509,226,100,120935,72342,1.9391692585532256,451,289,18172,22852,29848,24214,579,2034,48541,36059,0,0,375,288,3611,4132,33072,24678,2319,67,888,20570,8360,63,1247,0,0,0,0,0
953,5516,953.1346642355292,99670,745,509,226,100,121057,72408,1.9410554830942108,433,298,18225,22892,29794,24176,575,2023,48541,36059,0,0,373,285,3608,4127,33077,24732,2316,69,902,20528,8346,63,1244,0,0,0,0,0
954,5516,954.1083463052607,99670,752,496,226,100,121170,72464,1.9427510785592454,442,322,18260,22940,29747,24128,571,2012,48541,36059,0,0,373,283,3596,4123,33101,24781,2309,69,923,20485,8324,63,1240,0,0,0,0,0
955,5516,955.0835900976844,99670,752,519,226,100,121277,72546,1.9446473362094914,436,327,18322,22969,29694,24080,568,2003,48541,36059,0,0,370,283,3586,4119,33089,24838,2306,72,947,20461,8299,61,1239,0,0,0,0,0
956,5516,956.0602247953796,99670,734,538,226,100,121387,72633,1.9466238587338216,423,328,18375,22997,29677,24044,563,1991,48541,36059,0,0,370,282,3579,4106,33086,24911,2301,72,964,20421,8281,61,1236,0,0,0,0,0
957,5516,957.0378196311915,99669,729,526,226,101,121491,72714,1.9484995334557385,439,330,18437,23032,29609,24022,558,1987,48541,36059,0,0,370,281,3575,4111,33082,24985,2290,72,984,20367,8258,61,1233,0,0,0,0,0
958,5516,958.0175583879712,99669,755,548,226,101,121604,72807,1.950566374700258,445,320,18478,23052,29543,23999,551,1978,48541,36059,0,0,370,281,3568,4110,33087,25031,2281,72,1017,20338,8225,61,1228,0,0,0,0,0
959,5516,959.2446513654263,99669,765,544,226,101,121752,72898,1.9529643118722972,466,334,18518,23096,29477,23962,546,1961,48541,36059,0,0,367,281,3557,4094,33108,25102,2276,75,1044,20283,8196,61,1225,0,0,0,0,0
960,5516,960.2276740843986,99669,780,563,226,101,121866,72985,1.9549809870671924,473,321,18552,23156,29425,23906,542,1951,48541,36059,0,0,364,279,3550,4092,33106,25164,2272,78,1061,20241,8179,60,1223,0,0,0,0,0
961,5516,961.21190112107,99669,768,561,226,101,121978,73057,1.956827097693365,465,316,18580,23203,29417,23878,542,1939,48541,36059,0,0,363,278,3541,4086,33120,25224,2266,79,1084,20195,8154,60,1219,0,0,0,0,0
962,5516,962.1971086352414,99669,786,561,226,101,122099,73137,1.9588437728882602,459,325,18620,23245,29365,23841,542,1925,48541,36059,0,0,360,277,3534,4082,33147,25272,2260,82,1104,20144,8131,60,1216,0,0,0,0,0
963,5516,963.1839063249722,99668,791,562,227,101,122221,73219,1.9609102219368302,480,317,18668,23280,29298,23823,534,1915,48541,36059,0,0,359,276,3525,4074,33169,25329,2256,83,1131,20092,8104,59,1211,0,0,0,0,0
964,5516,964.1724378996336,99668,796,568,227,101,122332,73305,1.9628867841232893,497,313,18712,23327,29233,23789,533,1900,48541,36059,0,0,359,276,3514,4078,33178,25390,2242,83,1153,20046,8082,59,1208,0,0,0,0,0
965,5516,965.1631494100295,99667,790,585,227,102,122451,73391,1.9649633278818466,501,311,18767,23366,29186,23743,527,1891,48541,36059,0,0,357,276,3507,4068,33198,25445,2235,85,1169,20002,8063,58,1204,0,0,0,0,0
966,5516,966.155045161898,99667,780,584,227,102,122560,73483,1.9669800435450049,489,293,18813,23409,29165,23732,524,1878,48541,36059,0,0,352,275,3501,4065,33217,25508,2227,90,1187,19943,8043,57,1202,0,0,0,0,0
967,5516,967.1482663811126,99667,792,569,227,102,122687,73558,1.9690067926194226,488,291,18862,23441,29110,23725,519,1870,48541,36059,0,0,351,275,3493,4052,33236,25572,2224,91,1207,19893,8020,57,1196,0,0,0,0,0
968,5516,968.14348432009,99667,820,556,227,102,122809,73633,1.970983374637543,466,305,18926,23488,29043,23689,516,1858,48541,36059,0,0,350,274,3486,4052,33232,25637,2218,92,1234,19848,7991,57,1196,0,0,0,0,0
969,5516,969.1406875219711,99667,827,573,227,102,122944,73725,1.9732609589934482,449,297,18980,23527,29004,23653,511,1846,48541,36059,0,0,350,273,3478,4041,33246,25703,2214,92,1255,19796,7969,57,1193,0,0,0,0,0
970,5516,970.1393938861434,99667,834,568,227,102,123048,73792,1.9749766723188216,464,316,19018,23562,28947,23622,508,1828,48541,36059,0,0,347,272,3469,4028,33269,25752,2211,95,1267,19758,7955,57,1187,0,0,0,0,0
971,5516,971.1396355105326,99667,858,565,227,102,123178,73868,1.9770435550382774,469,322,19049,23602,28894,23593,501,1814,48541,36059,0,0,347,271,3463,4018,33283,25815,2206,95,1289,19709,7932,57,1182,0,0,0,0,0
972,5516,972.1412158924292,99667,879,569,227,102,123308,73948,1.9791505714027713,456,334,19095,23620,28844,23569,497,1804,48541,36059,0,0,347,271,3458,4009,33298,25875,2199,95,1308,19657,7912,57,1181,0,0,0,0,0
973,5516,973.1443891394878,99667,858,573,227,102,123419,74029,1.981076986364594,486,342,19137,23642,28795,23542,495,1797,48541,36059,0,0,346,270,3454,4003,33304,25942,2188,96,1329,19609,7891,57,1178,0,0,0,0,0
974,5516,974.1490730627696,99667,881,570,227,102,123559,74104,1.9832341697853852,479,353,19161,23674,28757,23511,493,1788,48541,36059,0,0,346,269,3448,3996,33303,26015,2183,96,1347,19561,7870,57,1176,0,0,0,0,0
975,5516,975.1549207654397,99667,889,564,227,102,123680,74191,1.98532111932736,489,374,19198,23689,28705,23493,490,1776,48541,36059,0,0,344,269,3440,3994,33303,26082,2178,98,1371,19512,7845,57,1174,0,0,0,0,0
976,5516,976.1623792998391,99666,889,564,227,103,123799,74275,1.987377841992254,488,376,19260,23716,28645,23475,489,1764,48541,36059,0,0,343,269,3436,3990,33318,26140,2171,98,1392,19458,7823,57,1171,0,0,0,0,0
977,5516,977.1716427866304,99666,866,580,227,103,123900,74367,1.9893143097947144,507,371,19303,23732,28612,23456,483,1756,48541,36059,0,0,340,267,3426,3981,33325,26207,2167,101,1408,19418,7805,57,1164,0,0,0,0,0
978,5516,978.1823974963957,99666,883,588,227,103,124041,74465,1.9917123191459474,507,370,19341,23761,28559,23427,481,1749,48541,36059,0,0,339,267,3412,3978,33341,26274,2157,101,1431,19371,7779,57,1159,0,0,0,0,0
979,5516,979.1944441909967,99666,896,600,227,103,124178,74557,1.994009993377882,518,375,19379,23789,28503,23391,475,1740,48541,36059,0,0,336,267,3404,3975,33348,26337,2145,103,1459,19330,7750,57,1155,0,0,0,0,0
980,5516,980.2081601722139,99666,907,603,227,103,124318,74651,1.996357835169466,514,371,19409,23814,28467,23379,474,1728,48541,36059,0,0,335,267,3398,3967,33365,26403,2133,104,1476,19282,7728,56,1152,0,0,0,0,0
981,5516,981.2230396023896,99666,915,610,227,103,124466,74742,1.9987558445206992,511,389,19438,23827,28436,23352,471,1717,48541,36059,0,0,332,265,3390,3954,33389,26470,2127,107,1491,19228,7709,56,1148,0,0,0,0,0
982,5516,982.2387035367451,99666,900,614,227,103,124600,74834,2.0010234182168443,518,381,19461,23876,28425,23326,467,1698,48541,36059,0,0,330,262,3376,3943,33413,26547,2122,109,1506,19166,7689,56,1147,0,0,0,0,0
983,5516,983.000968329704,99666,913,614,227,103,124711,74909,2.0028896514357957,504,383,19501,23912,28388,23300,465,1686,48541,36059,0,0,329,261,3370,3941,33420,26600,2117,110,1525,19125,7669,56,1143,0,0,0,0,0
984,5516,984.018808671556,99666,923,613,227,103,124845,75009,2.0052374932273795,489,386,19559,23945,28339,23279,461,1672,48541,36059,0,0,327,260,3359,3933,33424,26676,2113,112,1542,19077,7649,54,1140,0,0,0,0,0
985,5516,985.0383951382347,99666,925,645,227,103,124978,75114,2.007625469066683,522,370,19578,23991,28294,23226,452,1663,48541,36059,0,0,326,260,3348,3920,33423,26748,2108,113,1562,19043,7625,54,1136,0,0,0,0,0
986,5516,986.0590645317467,99666,938,674,227,103,125106,75220,2.0099733108582667,546,354,19605,24040,28233,23176,449,1651,48541,36059,0,0,325,258,3340,3917,33434,26800,2102,114,1582,19002,7603,54,1135,0,0,0,0,0
987,5516,987.0810996187862,99666,940,642,227,103,125255,75303,2.0123010856259906,521,359,19631,24070,28231,23183,448,1641,48541,36059,0,0,325,256,3328,3914,33443,26884,2093,112,1608,18944,7574,54,1131,0,0,0,0,0
988,5516,988.1038755388792,99665,937,636,227,104,125388,75388,2.0145086038228066,534,374,19666,24110,28190,23144,444,1630,48541,36059,0,0,322,256,3321,3908,33421,26975,2083,115,1627,18903,7552,54,1128,0,0,0,0,0
989,5516,989.1278866575066,99665,939,645,227,104,125524,75500,2.0169969397481564,545,368,19692,24136,28156,23124,439,1621,48541,36059,0,0,320,254,3308,3902,33438,27048,2076,117,1647,18850,7529,54,1122,0,0,0,0,0
990,5516,990.1530804481173,99665,927,652,227,104,125650,75592,2.0191842672954396,558,378,19722,24157,28127,23095,437,1612,48541,36059,0,0,320,254,3300,3904,33449,27117,2067,117,1662,18792,7510,54,1119,0,0,0,0,0
991,5516,991.1790207328703,99664,943,638,228,104,125805,75680,2.0216427195376463,534,384,19738,24200,28122,23072,433,1600,48541,36059,0,0,317,253,3290,3904,33457,27197,2059,120,1685,18729,7485,54,1114,0,0,0,0,0
992,5516,992.2056046178077,99664,941,640,228,104,125941,75772,2.0239304061647134,543,376,19776,24231,28081,23056,429,1591,48541,36059,0,0,315,252,3281,3897,33473,27264,2053,122,1705,18677,7461,54,1110,0,0,0,0,0
993,5516,993.2332783869268,99664,928,624,228,104,126068,75865,2.0261378230855676,551,389,19818,24251,28046,23052,427,1578,48541,36059,0,0,314,250,3263,3890,33491,27334,2046,123,1739,18631,7423,53,1107,0,0,0,0,0
994,5516,994.0048939827578,99664,943,627,228,104,126173,75931,2.027853588055868,540,391,19849,24289,28016,23019,422,1568,48541,36059,0,0,310,250,3258,3883,33474,27396,2043,126,1757,18604,7403,53,1107,0,0,0,0,0
995,5516,995.0347923474867,99664,931,612,228,104,126301,76028,2.030111173543105,554,402,19864,24299,28002,23025,419,1556,48541,36059,0,0,308,247,3245,3881,33483,27479,2037,128,1773,18546,7380,52,1105,0,0,0,0,0
996,5516,996.0655483540648,99664,959,623,228,104,126460,76143,2.032860410980896,534,376,19899,24325,27965,23024,413,1546,48541,36059,0,0,307,245,3226,3884,33478,27563,2025,129,1798,18503,7351,51,1104,0,0,0,0,0
997,5516,997.0972209588613,99663,942,639,228,105,126580,76249,2.035148450277435,553,370,19914,24350,27953,23001,408,1533,48541,36059,0,0,305,245,3217,3876,33458,27648,2022,130,1815,18468,7330,51,1098,0,0,0,0,0
998,5516,998.1295030331205,99662,945,629,229,105,126732,76337,2.0375770102947963,543,367,19944,24368,27932,23002,405,1527,48541,36059,0,0,304,241,3212,3875,33459,27736,2016,130,1830,18403,7309,51,1096,0,0,0,0,0
999,5516,999.1628347910176,99662,915,626,229,105,126860,76422,2.039714234111296,549,374,19984,24375,27919,23001,402,1517,48541,36059,0,0,301,241,3199,3863,33479,27806,2009,131,1855,18351,7281,51,1095,0,0,0,0,0
1000,5516,1000.1966887596533,99662,894,652,229,105,126998,76525,2.0421324075374767,533,377,20012,24382,27930,22982,400,1500,48541,36059,0,0,301,240,3189,3860,33470,27892,1995,131,1876,18309,7257,51,1091,0,0,0,0,0
1001,5516,1001.2306836041646,99662,887,645,229,105,127140,76622,2.044530513134394,503,364,20055,24407,27929,22981,395,1496,48541,36059,0,0,299,240,3176,3852,33479,27977,1986,132,1895,18251,7238,51,1086,0,0,0,0,0
1002,5516,1002.0063982509799,99662,881,634,229,105,127236,76680,2.046075735987638,502,379,20059,24417,27934,22974,393,1489,48541,36059,0,0,298,240,3164,3849,33497,28023,1979,133,1903,18220,7224,51,1081,0,0,0,0,0
1003,5516,1003.0407014277087,99661,890,655,229,106,127367,76772,2.048333851757458,538,380,20069,24436,27881,22940,391,1481,48541,36059,0,0,298,238,3154,3841,33518,28078,1973,132,1921,18178,7200,51,1079,0,0,0,0,0
1004,5516,1004.0760770911631,99660,938,652,230,106,127535,76867,2.0509933774834437,511,384,20072,24468,27857,22918,390,1470,48541,36059,0,0,298,238,3150,3830,33539,28142,1966,132,1942,18119,7177,51,1076,0,0,0,0,0
1005,5516,1005.1120840591387,99660,923,648,230,106,127662,76965,2.0532510535821795,515,385,20093,24498,27850,22900,387,1461,48541,36059,0,0,296,238,3145,3818,33525,28236,1962,134,1966,18067,7149,51,1073,0,0,0,0,0
1006,5516,1006.1490004471882,99660,910,640,230,106,127789,77070,2.055578968492876,522,381,20138,24531,27814,22893,384,1447,48541,36059,0,0,293,238,3135,3813,33529,28317,1953,137,1994,18014,7120,51,1066,0,0,0,0,0
1007,5516,1007.1871291255025,99659,913,652,231,106,127935,77175,2.058118183004044,494,346,20187,24577,27791,22877,382,1440,48541,36059,0,0,291,236,3127,3802,33543,28389,1947,139,2023,17961,7090,51,1060,0,0,0,0,0
1008,5516,1008.2265994578237,99659,900,653,231,106,128056,77267,2.060255471156644,516,367,20206,24582,27765,22858,380,1432,48541,36059,0,0,291,236,3121,3796,33546,28462,1935,138,2046,17917,7065,51,1055,0,0,0,0,0
1009,5516,1009.0068138040506,99659,902,666,231,106,128160,77353,2.0621619723256304,513,343,20233,24600,27739,22856,380,1427,48541,36059,0,0,289,236,3111,3790,33551,28517,1932,140,2066,17882,7044,51,1050,0,0,0,0,0
1010,5516,1010.0479105636726,99659,893,660,231,106,128289,77440,2.0643293631282673,513,356,20245,24617,27738,22842,378,1417,48541,36059,0,0,287,235,3104,3791,33563,28589,1922,142,2077,17820,7030,51,1048,0,0,0,0,0
1011,5516,1011.0892166537992,99658,866,655,231,107,128413,77538,2.06657769571936,524,355,20272,24663,27727,22816,378,1402,48541,36059,0,0,286,234,3098,3783,33563,28675,1914,143,2098,17769,7000,51,1044,0,0,0,0,0
1012,5516,1012.1313561095853,99658,898,644,231,107,128561,77636,2.069046137791246,531,366,20282,24698,27681,22789,375,1394,48541,36059,0,0,285,232,3088,3777,33584,28746,1909,143,2116,17706,6978,51,1043,0,0,0,0,0
1013,5516,1013.1745501467187,99658,897,660,231,107,128708,77736,2.0715246141804973,497,366,20333,24719,27671,22762,369,1384,48541,36059,0,0,284,229,3079,3764,33591,28822,1899,144,2136,17662,6957,51,1040,0,0,0,0,0
1014,5516,1014.2184701743059,99658,913,659,231,107,128857,77830,2.073962953300287,476,352,20362,24750,27650,22753,366,1377,48541,36059,0,0,282,227,3074,3763,33596,28895,1890,145,2150,17611,6938,51,1036,0,0,0,0,0
1015,5516,1015.0021229817797,99658,917,634,231,107,128950,77887,2.0754681009050953,472,378,20419,24758,27594,22748,365,1373,48541,36059,0,0,281,226,3058,3758,33613,28952,1884,146,2161,17569,6925,51,1034,0,0,0,0,0
1016,5516,1016.0489735979351,99658,901,645,231,107,129062,77998,2.077705753677577,501,350,20445,24811,27558,22727,362,1358,48541,36059,0,0,279,224,3044,3748,33624,29024,1881,148,2180,17522,6903,48,1033,0,0,0,0,0
1017,5516,1017.097293662625,99658,906,632,231,107,129201,78098,2.0801039555279055,505,342,20466,24855,27532,22714,358,1348,48541,36059,0,0,277,223,3033,3747,33609,29114,1874,150,2207,17476,6874,47,1027,0,0,0,0,0
1018,5516,1018.1467777479771,99658,931,628,231,107,129349,78185,2.082462020108772,502,363,20503,24854,27473,22707,358,1339,48541,36059,0,0,274,222,3030,3739,33593,29197,1870,152,2219,17438,6853,47,1024,0,0,0,0,0
1019,5516,1019.1980175763878,99658,924,620,231,107,129487,78283,2.084830119007004,505,359,20553,24886,27428,22694,357,1332,48541,36059,0,0,273,220,3019,3728,33602,29280,1861,152,2238,17393,6831,46,1015,0,0,0,0,0
1020,5516,1020.2509994113959,99658,916,641,231,107,129636,78375,2.087248389492063,490,358,20591,24914,27416,22652,354,1326,48541,36059,0,0,273,220,3010,3720,33619,29347,1853,152,2253,17341,6811,46,1013,0,0,0,0,0
1021,5516,1021.0412039207849,99658,936,655,231,107,129743,78453,2.08910473820466,494,348,20621,24948,27367,22622,349,1318,48541,36059,0,0,272,218,3003,3722,33618,29397,1850,153,2265,17309,6793,46,1012,0,0,0,0,0
1022,5516,1022.0964698677091,99658,937,645,231,107,129878,78544,2.091372493929238,514,349,20647,24982,27325,22604,344,1311,48541,36059,0,0,271,218,2995,3711,33622,29474,1843,152,2293,17263,6761,46,1009,0,0,0,0,0
1023,5516,1023.1529864765288,99658,945,625,231,107,130040,78642,2.0939814164442394,503,330,20662,25011,27319,22625,338,1300,48541,36059,0,0,268,218,2982,3704,33618,29561,1833,155,2317,17218,6730,46,1008,0,0,0,0,0
1024,5516,1024.210332145474,99658,955,592,231,107,130184,78710,2.0961086917257017,508,366,20674,25042,27298,22597,332,1294,48541,36059,0,0,267,218,2975,3697,33624,29638,1822,156,2338,17169,6702,46,1006,0,0,0,0,0
1025,5516,1025.003540829073,99658,962,621,231,107,130305,78796,2.0981857954203376,494,361,20694,25071,27289,22551,328,1287,48541,36059,0,0,267,216,2968,3692,33630,29690,1816,156,2349,17137,6687,46,1004,0,0,0,0,0
1026,5516,1026.061570727224,99657,961,621,231,108,130449,78885,2.1005448689003283,507,362,20710,25110,27262,22519,327,1278,48541,36059,0,0,265,216,2960,3681,33645,29764,1807,158,2367,17081,6666,46,1001,0,0,0,0,0
1027,5516,1027.1208415050255,99657,972,628,231,108,130575,78988,2.102842750634677,513,363,20739,25110,27217,22516,326,1273,48541,36059,0,0,265,216,2949,3683,33649,29830,1800,158,2393,17033,6638,46,997,0,0,0,0,0
1028,5516,1028.181478649359,99657,954,625,231,108,130708,79080,2.10510049469681,521,354,20781,25137,27187,22509,324,1265,48541,36059,0,0,264,216,2943,3674,33660,29907,1795,159,2414,16974,6614,46,991,0,0,0,0,0
1029,5516,1029.243209504279,99656,957,609,232,108,130860,79177,2.1076202135345588,502,370,20809,25154,27175,22504,323,1253,48541,36059,0,0,260,215,2938,3661,33658,29997,1792,163,2435,16915,6589,46,987,0,0,0,0,0
1030,5516,1030.0400340238582,99656,946,600,232,108,130965,79249,2.109396323352332,522,376,20827,25172,27149,22490,322,1252,48541,36059,0,0,258,213,2933,3653,33640,30069,1786,165,2458,16889,6565,45,982,0,0,0,0,0
1031,5516,1031.1033236911758,99656,930,607,232,108,131085,79351,2.1116239865136066,551,367,20857,25200,27107,22470,321,1246,48541,36059,0,0,257,213,2927,3647,33633,30150,1782,165,2476,16841,6540,45,980,0,0,0,0,0
1032,5516,1032.1677691524114,99655,905,610,232,109,131206,79457,2.1139230344689177,565,361,20870,25223,27107,22460,319,1235,48541,36059,0,0,255,212,2913,3638,33638,30231,1778,167,2498,16793,6511,45,976,0,0,0,0,0
1033,5516,1033.2326530733167,99655,926,617,232,109,131359,79554,2.116431689328182,553,339,20889,25262,27080,22445,318,1226,48541,36059,0,0,255,211,2909,3629,33640,30307,1771,167,2514,16746,6491,44,971,0,0,0,0,0
1034,5516,1034.032004490615,99655,921,623,232,109,131469,79631,2.118308163162912,551,340,20906,25281,27071,22422,317,1223,48541,36059,0,0,254,210,2902,3625,33629,30380,1766,168,2519,16709,6480,44,969,0,0,0,0,0
1035,5516,1035.0983252386497,99655,921,611,232,109,131607,79717,2.120555917916813,538,341,20919,25292,27072,22432,316,1213,48541,36059,0,0,254,209,2893,3615,33648,30456,1762,167,2530,16654,6462,44,961,0,0,0,0,0
1036,5516,1036.1650817755174,99655,909,598,232,109,131741,79803,2.122763534192966,529,355,20955,25311,27058,22419,315,1206,48541,36059,0,0,252,207,2886,3609,33638,30543,1754,169,2544,16607,6443,44,959,0,0,0,0,0
1037,5516,1037.2326317251539,99655,914,603,232,109,131874,79892,2.1249912197079928,533,348,20980,25352,27027,22389,312,1197,48541,36059,0,0,251,206,2881,3606,33655,30608,1749,169,2553,16554,6425,44,954,0,0,0,0,0
1038,5516,1038.033831393353,99655,926,607,232,109,131975,79958,2.126667001153981,536,353,20982,25374,27014,22366,308,1189,48541,36059,0,0,251,205,2875,3602,33665,30653,1744,168,2562,16524,6409,44,953,0,0,0,0,0
1039,5516,1039.1025027561914,99655,923,595,232,109,132111,80055,2.1290050674828156,524,355,20996,25420,27016,22342,307,1177,48541,36059,0,0,250,205,2867,3601,33660,30734,1733,169,2584,16476,6383,44,949,0,0,0,0,0
1040,5516,1040.1713845637887,99655,920,609,232,109,132247,80147,2.131292960714465,519,359,21024,25436,26997,22312,306,1173,48541,36059,0,0,250,203,2859,3600,33627,30821,1725,169,2607,16444,6359,44,947,0,0,0,0,0
1041,5516,1041.2411848917789,99655,891,601,232,109,132358,80231,2.1332497115046913,546,376,21049,25467,26979,22280,301,1165,48541,36059,0,0,248,202,2847,3584,33636,30894,1721,171,2625,16403,6338,44,942,0,0,0,0,0
1042,5516,1042.0439903838746,99655,901,635,232,109,132460,80317,2.135136219958858,540,364,21071,25494,26955,22239,299,1157,48541,36059,0,0,248,200,2842,3575,33631,30945,1717,170,2642,16380,6320,44,941,0,0,0,0,0
1043,5516,1043.1155368633322,99655,905,655,232,109,132582,80440,2.1375947017209374,534,331,21107,25509,26923,22242,297,1152,48541,36059,0,0,247,200,2831,3571,33626,31020,1710,170,2661,16343,6293,44,939,0,0,0,0,0
1044,5516,1044.188070908063,99655,918,659,232,109,132722,80542,2.1400230796247053,524,331,21129,25541,26899,22213,296,1145,48541,36059,0,0,246,199,2818,3564,33627,31097,1706,171,2675,16296,6278,43,935,0,0,0,0,0
1045,5516,1045.2614431896236,99655,914,634,232,109,132863,80623,2.1422507651397322,521,346,21140,25553,26900,22218,291,1138,48541,36059,0,0,246,198,2808,3561,33606,31189,1697,169,2696,16252,6256,43,934,0,0,0,0,0
1046,5516,1046.066416660731,99653,917,624,233,110,132965,80691,2.1439996788857334,525,355,21143,25580,26890,22202,290,1127,48541,36059,0,0,246,198,2802,3553,33600,31249,1690,169,2708,16227,6241,43,927,0,0,0,0,0
1047,5516,1047.1401682641915,99653,920,644,233,110,133104,80804,2.1465284537344584,536,337,21158,25628,26863,22160,288,1119,48541,36059,0,0,245,197,2789,3544,33610,31318,1685,170,2734,16182,6211,43,925,0,0,0,0,0
1048,5516,1048.2149275067716,99653,941,636,233,110,133266,80901,2.1491274723289817,516,336,21168,25663,26852,22143,288,1110,48541,36059,0,0,245,197,2782,3538,33610,31403,1678,170,2749,16127,6191,42,921,0,0,0,0,0
1049,5516,1049.0212695200187,99653,931,645,233,110,133375,80980,2.151014018644697,489,330,21187,25664,26872,22142,286,1107,48541,36059,0,0,245,196,2772,3532,33609,31465,1672,170,2756,16097,6179,41,919,0,0,0,0,0
1050,5516,1050.0962809643704,99653,934,619,233,110,133513,81058,2.1531815399436045,512,351,21194,25690,26841,22127,284,1101,48541,36059,0,0,243,196,2764,3529,33605,31546,1663,172,2772,16052,6156,40,915,0,0,0,0,0
1051,5516,1051.1720355781345,99653,919,606,233,110,133657,81140,2.155449409450794,506,354,21214,25716,26844,22123,282,1089,48541,36059,0,0,241,191,2748,3525,33598,31642,1659,173,2786,16001,6137,39,913,0,0,0,0,0
1052,5516,1052.2479736204261,99653,908,612,233,110,133783,81242,2.1577373485996407,475,348,21246,25739,26855,22107,281,1082,48541,36059,0,0,238,190,2741,3514,33600,31724,1653,176,2801,15950,6116,39,911,0,0,0,0,0
1053,5516,1053.0551135636308,99652,886,607,234,110,133872,81303,2.1592642395536465,489,361,21272,25752,26838,22089,279,1079,48541,36059,0,0,236,190,2731,3509,33596,31782,1648,178,2810,15920,6104,39,909,0,0,0,0,0
1054,5516,1054.1320095509004,99652,907,630,234,110,134015,81408,2.1617529000923215,479,340,21305,25781,26795,22064,278,1073,48541,36059,0,0,235,188,2720,3505,33589,31852,1643,179,2821,15885,6090,39,906,0,0,0,0,0
1055,5516,1055.2103239873031,99651,906,641,235,110,134159,81510,2.1642432087987076,472,334,21321,25790,26787,22053,277,1070,48541,36059,0,0,231,186,2712,3504,33580,31933,1634,183,2841,15840,6065,38,904,0,0,0,0,0
1056,5516,1056.019377529372,99651,901,641,235,110,134252,81582,2.165898987466257,485,336,21327,25825,26776,22020,274,1066,48541,36059,0,0,229,185,2709,3497,33588,31992,1629,185,2852,15793,6053,37,902,0,0,0,0,0
1057,5516,1057.098735743622,99651,911,627,235,110,134386,81664,2.168066552267413,471,360,21357,25831,26751,22016,273,1054,48541,36059,0,0,227,183,2702,3490,33573,32082,1626,187,2859,15746,6039,37,900,0,0,0,0,0
1058,5516,1058.1792805617997,99651,920,622,235,110,134512,81756,2.1702541871130245,484,359,21397,25854,26691,22005,271,1048,48541,36059,0,0,227,183,2691,3488,33592,32137,1616,186,2875,15713,6013,36,894,0,0,0,0,0
1059,5516,1059.2615191508412,99651,915,639,235,110,134645,81867,2.1727027325365524,495,358,21419,25891,26666,21958,268,1042,48541,36059,0,0,224,183,2683,3475,33602,32212,1611,189,2877,15664,6001,36,894,0,0,0,0,0
1060,5516,1060.073694866412,99651,885,630,235,110,134733,81941,2.1743284061374197,499,365,21437,25905,26676,21948,266,1040,48541,36059,0,0,224,182,2670,3474,33615,32274,1602,189,2890,15619,5985,36,891,0,0,0,0,0
1061,5516,1061.156997780223,99651,875,621,235,110,134867,82040,2.1766665663164444,509,373,21469,25917,26645,21946,265,1031,48541,36059,0,0,224,182,2661,3466,33615,32357,1596,189,2913,15565,5959,36,888,0,0,0,0,0
1062,5516,1062.241177573256,99651,874,624,235,110,135008,82135,2.1790348315621517,482,381,21487,25934,26657,21928,263,1021,48541,36059,0,0,223,182,2658,3455,33590,32447,1588,189,2928,15533,5936,36,886,0,0,0,0,0
1063,5516,1063.0543039978497,99651,869,638,235,110,135091,82221,2.1807307503186117,504,370,21494,25959,26635,21904,261,1017,48541,36059,0,0,222,181,2651,3449,33594,32496,1585,189,2940,15506,5920,36,882,0,0,0,0,0
1064,5516,1064.139260257871,99649,854,634,236,111,135223,82316,2.183052514325282,496,373,21551,25967,26602,21898,259,1015,48541,36059,0,0,219,177,2645,3444,33592,32574,1576,191,2948,15466,5905,34,878,0,0,0,0,0
1065,5516,1065.225616177149,99649,875,635,236,111,135372,82421,2.1856014611285612,484,362,21576,26000,26571,21882,256,1008,48541,36059,0,0,214,176,2639,3439,33592,32648,1570,196,2965,15425,5878,34,873,0,0,0,0,0
1066,5516,1066.041182342911,99648,855,647,237,111,135449,82503,2.187219010918433,510,368,21623,26015,26518,21854,255,1003,48541,36059,0,0,214,176,2634,3430,33591,32705,1567,196,2974,15395,5861,34,871,0,0,0,0,0
1067,5516,1067.130736762392,99647,859,633,238,111,135600,82593,2.189659498028039,497,362,21645,26033,26505,21863,254,996,48541,36059,0,0,212,174,2625,3417,33586,32793,1565,198,2989,15348,5838,34,868,0,0,0,0,0
1068,5516,1068.221154663119,99647,860,629,238,111,135736,82699,2.1920880708902426,484,340,21669,26054,26495,21872,252,992,48541,36059,0,0,212,174,2618,3405,33585,32876,1559,198,3007,15300,5814,34,865,0,0,0,0,0
1069,5516,1069.0394101255172,99647,850,650,238,111,135837,82775,2.1938643411241685,480,334,21679,26080,26500,21841,251,982,48541,36059,0,0,211,173,2610,3399,33581,32936,1553,199,3017,15267,5803,34,864,0,0,0,0,0
1070,5516,1070.1307409382634,99647,841,644,238,111,135959,82872,2.196062099210212,500,331,21700,26102,26470,21835,249,975,48541,36059,0,0,210,172,2605,3397,33568,33024,1547,198,3031,15217,5782,34,862,0,0,0,0,0
1071,5516,1071.2229836540912,99647,860,632,238,111,136098,82952,2.198259857296256,481,358,21724,26113,26446,21816,249,968,48541,36059,0,0,209,172,2599,3385,33556,33101,1540,198,3046,15183,5765,34,859,0,0,0,0,0
1072,5516,1072.0427755394564,99647,862,615,238,111,136193,83019,2.199885596154425,484,354,21746,26155,26424,21800,244,963,48541,36059,0,0,209,171,2591,3382,33550,33166,1539,197,3058,15147,5751,34,852,0,0,0,0,0
1073,5516,1073.1368535660656,99646,868,597,239,111,136322,83124,2.2022559861911164,477,332,21774,26181,26397,21825,243,952,48541,36059,0,0,208,169,2580,3369,33570,33238,1533,197,3076,15099,5724,34,849,0,0,0,0,0
1074,5516,1074.232363569764,99646,844,597,239,111,136441,83220,2.2044136242297734,490,326,21801,26214,26381,21801,243,949,48541,36059,0,0,207,166,2572,3363,33560,33319,1527,197,3086,15063,5707,34,845,0,0,0,0,0
1075,5516,1075.0545589731753,99646,867,590,239,111,136550,83284,2.20614977018646,479,325,21823,26224,26349,21806,241,942,48541,36059,0,0,207,166,2565,3359,33548,33378,1526,196,3098,15039,5691,34,839,0,0,0,0,0
1076,5516,1076.1519901272216,99645,863,571,239,112,136678,83376,2.2083797481057754,471,339,21851,26239,26333,21806,241,931,48541,36059,0,0,207,166,2558,3361,33522,33467,1519,194,3116,14996,5669,33,837,0,0,0,0,0
1077,5516,1077.2503520646358,99645,869,581,239,112,136810,83478,2.2107280847006874,466,327,21891,26266,26294,21786,239,926,48541,36059,0,0,206,165,2546,3356,33510,33552,1518,194,3119,14952,5658,33,836,0,0,0,0,0
1078,5516,1078.0752765785978,99644,872,570,240,112,136917,83543,2.212476416041106,458,329,21912,26284,26277,21782,239,921,48541,36059,0,0,206,164,2540,3353,33518,33611,1511,194,3121,14915,5646,33,832,0,0,0,0,0
1079,5516,1079.175886853814,99644,847,548,240,112,137032,83616,2.214363132752599,477,340,21925,26301,26270,21781,239,916,48541,36059,0,0,205,164,2533,3349,33507,33696,1507,195,3139,14866,5621,33,829,0,0,0,0,0
1080,5516,1080.0018164152093,99644,854,545,240,112,137133,83671,2.2159287061940507,486,352,21939,26328,26241,21748,238,913,48541,36059,0,0,205,163,2519,3345,33507,33746,1501,195,3151,14850,5605,32,825,0,0,0,0,0
1081,5516,1081.1038712954303,99643,845,556,241,112,137268,83767,2.2182692211193964,486,354,21981,26352,26210,21718,235,906,48541,36059,0,0,204,161,2514,3336,33532,33807,1495,194,3159,14797,5588,32,824,0,0,0,0,0
1082,5516,1082.2072463658742,99643,828,564,241,112,137397,83862,2.220517246570256,500,352,21997,26391,26199,21683,233,896,48541,36059,0,0,201,159,2504,3328,33512,33893,1491,197,3170,14762,5572,31,823,0,0,0,0,0
1083,5516,1083.0352279092833,99643,831,573,241,112,137504,83940,2.222373874732796,497,339,22018,26420,26179,21661,232,893,48541,36059,0,0,199,159,2500,3319,33510,33953,1488,198,3177,14732,5560,31,817,0,0,0,0,0
1084,5516,1084.1400376402255,99643,858,560,241,112,137644,84007,2.22445129110926,463,353,22064,26471,26143,21613,229,889,48541,36059,0,0,199,159,2497,3312,33504,34018,1483,198,3191,14689,5545,31,817,0,0,0,0,0
1085,5516,1085.2465346152803,99642,866,552,241,113,137775,84092,2.226641376126533,458,348,22097,26518,26108,21583,228,884,48541,36059,0,0,199,157,2487,3311,33505,34088,1474,197,3206,14644,5528,31,815,0,0,0,0,0
1086,5516,1086.07745730326,99642,850,563,241,113,137875,84170,2.2284277714216896,453,334,22105,26544,26122,21563,227,881,48541,36059,0,0,199,157,2480,3303,33493,34150,1469,197,3221,14617,5510,31,815,0,0,0,0,0
1087,5516,1087.1849984672037,99642,839,546,241,113,138007,84255,2.2306055679332006,433,328,22144,26612,26116,21523,225,876,48541,36059,0,0,198,156,2469,3291,33507,34227,1465,198,3226,14567,5496,30,812,0,0,0,0,0
1088,5516,1088.0163896684103,99642,822,541,241,113,138097,84308,2.232040705726501,440,334,22171,26646,26103,21490,221,874,48541,36059,0,0,197,154,2466,3290,33520,34272,1457,199,3231,14530,5486,30,810,0,0,0,0,0
1089,5516,1089.1256239626152,99642,819,541,241,113,138220,84389,2.234088035165894,461,332,22174,26680,26083,21464,220,868,48541,36059,0,0,196,153,2461,3285,33499,34357,1454,200,3230,14492,5478,30,807,0,0,0,0,0
1090,5516,1090.2354567181678,99642,812,539,241,113,138340,84470,2.2361052568194135,463,337,22210,26715,26052,21431,220,863,48541,36059,0,0,195,153,2452,3275,33509,34421,1451,200,3230,14455,5465,30,806,0,0,0,0,0
1091,5516,1091.0688738758347,99642,813,555,241,113,138447,84546,2.2379418317576927,447,321,22234,26740,26044,21408,219,861,48541,36059,0,0,193,153,2449,3271,33503,34471,1445,202,3239,14432,5451,30,803,0,0,0,0,0
1092,5516,1092.1807653528197,99642,807,538,241,113,138577,84617,2.239959053411212,431,341,22274,26772,26028,21378,217,856,48541,36059,0,0,191,152,2437,3263,33514,34538,1437,204,3250,14394,5430,30,802,0,0,0,0,0
1093,5516,1093.0151406696662,99640,819,549,242,114,138679,84691,2.2417703733440386,416,332,22279,26794,26026,21356,216,853,48541,36059,0,0,191,151,2434,3253,33509,34593,1435,203,3255,14364,5423,30,799,0,0,0,0,0
1094,5516,1094.1283955326705,99640,832,552,242,114,138801,84785,2.2439381774387797,412,315,22301,26824,25996,21343,215,850,48541,36059,0,0,190,149,2423,3252,33511,34653,1432,204,3264,14330,5407,29,796,0,0,0,0,0
