,indexID,time,N,Inf_L,Inf_H,Dead_L,Dead_H,cum_cases_L,cum_cases_H,cum_sum_per_N,Exposed_L,Exposed_H,Sus_L,Sus_H,Rec_nat_L,Rec_nat_H,Rec_vax_L,Rec_vax_H,vaccinatedH,vaccinatedL,boostedH,boostedL,count_Naive,count_Delta,count_Delta_vaccine,count_two,count_three,count_four,count_Omicron,count_Omicron_star,count_Omicron_star_vaccine,count_Omicron_vaccine,count_Vaccine,count_WT,count_WT_vaccine,count_WT_vaccine_boost,count_Omicron_vaccine_boost,count_Delta_vaccine_boost,count_Omicron_star_vaccine_boost,count_Vaccine_boost
0,6518,1.0768952586779488,99996,6,6,0,0,6,7,0.00013000520020800833,19,18,49973,49973,0,1,0,0,0,0,0,0,99995,0,0,0,0,0,0,0,0,0,0,1,0,0,0,0,0,0
1,6518,2.0731285010037683,99996,5,9,0,0,6,12,0.00018000720028801153,20,13,49972,49973,1,3,0,0,0,0,0,0,99992,0,0,0,0,0,0,0,0,0,0,4,0,0,0,0,0,0
2,6518,3.032703295715626,99996,15,9,0,0,16,15,0.00031001240049601984,10,10,49972,49973,1,6,0,0,0,0,0,0,99989,0,0,0,0,0,0,0,0,0,0,7,0,0,0,0,0,0
3,6518,4.085783938107195,99996,18,8,0,0,20,18,0.0003800152006080243,7,7,49971,49973,2,10,0,0,0,0,0,0,99984,0,0,0,0,0,0,0,0,0,0,12,0,0,0,0,0,0
4,6518,5.05263405243542,99996,20,8,0,0,22,18,0.0004000160006400256,7,7,49969,49973,2,10,0,0,0,0,0,0,99984,0,0,0,0,0,0,0,0,0,0,12,0,0,0,0,0,0
5,6518,6.078571057680207,99996,17,8,0,0,22,20,0.0004200168006720269,9,7,49967,49971,5,12,0,0,0,0,0,0,99979,0,0,0,0,0,0,0,0,0,0,17,0,0,0,0,0,0
6,6518,7.013714139560909,99996,14,8,0,0,24,21,0.0004500180007200288,9,6,49965,49971,10,13,0,0,0,0,0,0,99973,0,0,0,0,0,0,0,0,0,0,23,0,0,0,0,0,0
7,6518,8.014004148551486,99996,17,11,0,0,29,24,0.0005300212008480339,5,4,49964,49970,12,13,0,0,0,0,0,0,99971,0,0,0,0,0,0,0,0,0,0,25,0,0,0,0,0,0
8,6518,9.032163343564514,99996,14,13,0,0,29,26,0.0005500220008800352,6,6,49963,49966,15,13,0,0,0,0,0,0,99968,0,0,0,0,0,0,0,0,0,0,28,0,0,0,0,0,0
9,6518,10.030750708115818,99996,11,10,0,0,29,26,0.0005500220008800352,8,7,49961,49965,18,16,0,0,0,0,0,0,99962,0,0,0,0,0,0,0,0,0,0,34,0,0,0,0,0,0
10,6518,11.036791636366127,99996,13,13,0,0,33,29,0.0006200248009920397,7,5,49958,49964,20,16,0,0,0,0,0,0,99960,0,0,0,0,0,0,0,0,0,0,36,0,0,0,0,0,0
11,6518,12.004555704530304,99996,13,12,0,0,35,29,0.000640025601024041,9,5,49954,49964,22,17,0,0,0,0,0,0,99957,0,0,0,0,0,0,0,0,0,0,39,0,0,0,0,0,0
12,6518,13.078486344548425,99996,17,13,0,0,41,31,0.0007200288011520461,8,4,49949,49963,24,18,0,0,0,0,0,0,99954,0,0,0,0,0,0,0,0,0,0,42,0,0,0,0,0,0
13,6518,14.089334981470003,99996,13,13,0,0,41,32,0.0007300292011680467,11,3,49946,49963,28,19,0,0,0,0,0,0,99949,0,0,0,0,0,0,0,0,0,0,47,0,0,0,0,0,0
14,6518,15.050549663433657,99996,13,9,0,0,44,33,0.0007700308012320492,12,3,49942,49962,31,24,0,0,0,0,0,0,99941,0,0,0,0,0,0,0,0,0,0,55,0,0,0,0,0,0
15,6518,16.288698614291455,99996,14,9,0,0,48,34,0.0008200328013120525,12,3,49938,49962,34,24,0,0,0,0,0,0,99937,0,0,0,0,0,0,0,0,0,0,59,0,0,0,0,0,0
16,6518,17.008465572562482,99996,17,9,0,0,51,34,0.0008500340013600544,12,3,49935,49962,34,24,0,0,0,0,0,0,99937,0,0,0,0,0,0,0,0,0,0,59,0,0,0,0,0,0
17,6518,18.28127506026591,99996,20,11,0,0,57,37,0.0009400376015040601,9,3,49932,49959,37,25,0,0,0,0,0,0,99933,0,0,0,0,0,0,0,0,0,0,63,0,0,0,0,0,0
18,6518,19.185956257430096,99996,16,8,0,0,60,37,0.0009700388015520621,7,4,49931,49958,44,28,0,0,0,0,0,0,99923,0,0,0,0,0,0,0,0,0,0,73,0,0,0,0,0,0
19,6518,20.043462356956955,99996,15,8,0,0,62,37,0.0009900396015840634,7,5,49929,49957,47,28,0,0,0,0,0,0,99920,0,0,0,0,0,0,0,0,0,0,76,0,0,0,0,0,0
20,6518,21.021418697137232,99996,15,8,0,0,65,38,0.0010300412016480659,7,4,49926,49958,50,28,0,0,0,0,0,0,99916,0,0,0,0,0,0,0,0,0,0,80,0,0,0,0,0,0
21,6518,22.184826953221677,99996,15,7,0,0,68,40,0.001080043201728069,6,4,49925,49957,52,30,0,0,0,0,0,0,99910,0,0,0,0,0,0,0,0,0,0,86,0,0,0,0,0,0
22,6518,23.11098037113254,99996,15,7,0,0,69,42,0.001110044401776071,10,3,49920,49956,53,32,0,0,0,0,0,0,99907,0,0,0,0,0,0,0,0,0,0,89,0,0,0,0,0,0
23,6518,24.197576210096308,99996,13,5,0,0,70,42,0.0011200448017920717,10,4,49919,49955,56,34,0,0,0,0,0,0,99902,0,0,0,0,0,0,0,0,0,0,94,0,0,0,0,0,0
24,6518,25.09916447820669,99996,10,7,0,0,70,45,0.0011500460018400735,13,2,49916,49954,59,35,0,0,0,0,0,0,99898,0,0,0,0,0,0,0,0,0,0,98,0,0,0,0,0,0
25,6518,26.08567143145654,99996,10,6,0,0,73,45,0.0011800472018880755,12,4,49914,49952,62,36,0,0,0,0,0,0,99894,0,0,0,0,0,0,0,0,0,0,102,0,0,0,0,0,0
26,6518,27.310663124812052,99996,10,6,0,0,75,46,0.0012100484019360775,12,3,49912,49953,64,36,0,0,0,0,0,0,99891,0,0,0,0,0,0,0,0,0,0,105,0,0,0,0,0,0
27,6518,28.00019820573986,99996,12,7,0,0,78,48,0.0012600504020160806,11,1,49910,49953,65,37,0,0,0,0,0,0,99889,0,0,0,0,0,0,0,0,0,0,107,0,0,0,0,0,0
28,6518,29.220624980940286,99996,13,8,0,0,81,49,0.0013000520020800832,11,3,49907,49950,67,37,0,0,0,0,0,0,99887,0,0,0,0,0,0,0,0,0,0,109,0,0,0,0,0,0
29,6518,30.06048625377914,99996,11,7,0,0,82,50,0.0013200528021120844,13,2,49904,49951,70,38,0,0,0,0,0,0,99882,0,0,0,0,0,0,0,0,0,0,114,0,0,0,0,0,0
30,6518,31.0598105937692,99996,15,5,0,0,86,50,0.001360054402176087,12,2,49901,49951,70,40,0,0,0,0,0,0,99880,0,0,0,0,0,0,0,0,0,0,116,0,0,0,0,0,0
31,6518,32.056889743636766,99996,16,3,0,0,91,50,0.0014100564022560902,9,3,49899,49950,74,42,0,0,0,0,0,0,99874,0,0,0,0,0,0,0,0,0,0,122,0,0,0,0,0,0
32,6518,33.097765677192506,99996,17,3,0,0,96,50,0.0014600584023360934,6,3,49897,49950,78,42,0,0,0,0,0,0,99870,0,0,0,0,0,0,0,0,0,0,126,0,0,0,0,0,0
33,6518,34.13735476821011,99996,13,4,0,0,96,51,0.001470058802352094,8,2,49895,49950,82,42,0,0,0,0,0,0,99866,0,0,0,0,0,0,0,0,0,0,130,0,0,0,0,0,0
34,6518,35.15791348739277,99996,12,4,0,0,98,51,0.0014900596023840955,7,4,49894,49948,85,42,0,0,0,0,0,0,99863,0,0,0,0,0,0,0,0,0,0,133,0,0,0,0,0,0
35,6518,36.167311155661906,99996,9,5,0,0,99,53,0.0015200608024320973,8,2,49893,49948,88,43,0,0,0,0,0,0,99858,0,0,0,0,0,0,0,0,0,0,138,0,0,0,0,0,0
36,6518,37.13677400494756,99996,8,6,0,0,99,54,0.0015300612024480979,9,3,49892,49946,89,43,0,0,0,0,0,0,99857,0,0,0,0,0,0,0,0,0,0,139,0,0,0,0,0,0
37,6518,38.32067508937665,99996,7,6,0,0,99,54,0.0015300612024480979,10,4,49892,49945,89,43,0,0,0,0,0,0,99856,0,0,0,0,0,0,0,0,0,0,140,0,0,0,0,0,0
38,6518,39.028470073621904,99996,10,4,0,0,102,54,0.0015600624024961,7,4,49892,49945,89,45,0,0,0,0,0,0,99854,0,0,0,0,0,0,0,0,0,0,142,0,0,0,0,0,0
39,6518,40.10879044278633,99996,10,4,0,0,103,56,0.0015900636025441017,7,3,49891,49944,90,47,0,0,0,0,0,0,99851,0,0,0,0,0,0,0,0,0,0,145,0,0,0,0,0,0
40,6518,41.00942317629776,99996,10,4,0,0,106,56,0.0016200648025921037,7,5,49888,49942,93,47,0,0,0,0,0,0,99848,0,0,0,0,0,0,0,0,0,0,148,0,0,0,0,0,0
41,6518,42.094649290136296,99996,11,3,0,0,108,56,0.001640065602624105,6,5,49887,49942,94,48,0,0,0,0,0,0,99846,0,0,0,0,0,0,0,0,0,0,150,0,0,0,0,0,0
42,6518,43.134878859786866,99996,13,5,0,0,111,58,0.0016900676027041082,3,3,49887,49942,95,48,0,0,0,0,0,0,99845,0,0,0,0,0,0,0,0,0,0,151,0,0,0,0,0,0
43,6518,44.053968903421904,99996,15,7,0,0,113,60,0.0017300692027681108,2,1,49887,49942,94,48,0,0,0,0,0,0,99845,0,0,0,0,0,0,0,0,0,0,151,0,0,0,0,0,0
44,6518,45.22086474461941,99996,12,6,0,0,113,61,0.0017400696027841114,4,2,49885,49940,97,50,0,0,0,0,0,0,99840,0,0,0,0,0,0,0,0,0,0,156,0,0,0,0,0,0
45,6518,46.04394578815917,99996,13,7,0,0,116,63,0.0017900716028641146,1,1,49885,49939,99,51,0,0,0,0,0,0,99837,0,0,0,0,0,0,0,0,0,0,159,0,0,0,0,0,0
46,6518,47.14338186915711,99996,9,5,0,0,116,64,0.0018000720028801152,4,1,49882,49938,103,54,0,0,0,0,0,0,99830,0,0,0,0,0,0,0,0,0,0,166,0,0,0,0,0,0
47,6518,48.25169688790411,99996,8,4,0,0,117,64,0.0018100724028961158,4,1,49882,49938,104,55,0,0,0,0,0,0,99827,0,0,0,0,0,0,0,0,0,0,169,0,0,0,0,0,0
48,6518,49.22331503460961,99996,8,3,0,0,117,64,0.0018100724028961158,5,2,49882,49937,103,56,0,0,0,0,0,0,99826,0,0,0,0,0,0,0,0,0,0,170,0,0,0,0,0,0
49,6518,50.15620836545957,99996,8,3,0,0,119,64,0.0018300732029281172,4,2,49881,49938,105,55,0,0,0,0,0,0,99824,0,0,0,0,0,0,0,0,0,0,172,0,0,0,0,0,0
50,6518,51.20111877995698,99996,7,2,0,0,121,64,0.0018500740029601184,3,3,49880,49937,108,56,0,0,0,0,0,0,99820,0,0,0,0,0,0,0,0,0,0,176,0,0,0,0,0,0
51,6518,52.13634650480292,99996,6,3,0,0,122,65,0.0018700748029921196,4,2,49878,49937,110,56,0,0,0,0,0,0,99818,0,0,0,0,0,0,0,0,0,0,178,0,0,0,0,0,0
52,6518,53.2955365815482,99996,6,4,0,0,122,66,0.0018800752030081202,4,1,49878,49938,110,55,0,0,0,0,0,0,99818,0,0,0,0,0,0,0,0,0,0,178,0,0,0,0,0,0
53,6518,54.05564050800084,99996,8,4,0,0,124,66,0.0019000760030401216,2,1,49878,49938,110,55,0,0,0,0,0,0,99818,0,0,0,0,0,0,0,0,0,0,178,0,0,0,0,0,0
54,6518,55.09914329598012,99996,8,4,0,0,125,66,0.0019100764030561222,6,1,49874,49939,110,54,0,0,0,0,0,0,99817,0,0,0,0,0,0,0,0,0,0,179,0,0,0,0,0,0
55,6518,56.180100342445414,99996,6,3,0,0,126,66,0.0019200768030721229,7,3,49872,49937,113,55,0,0,0,0,0,0,99813,0,0,0,0,0,0,0,0,0,0,183,0,0,0,0,0,0
56,6518,57.185321748533354,99996,7,2,0,0,128,66,0.0019400776031041243,5,3,49872,49937,114,56,0,0,0,0,0,0,99811,0,0,0,0,0,0,0,0,0,0,185,0,0,0,0,0,0
57,6518,58.135512308285016,99996,6,2,0,0,128,66,0.0019400776031041243,7,5,49870,49935,115,56,0,0,0,0,0,0,99810,0,0,0,0,0,0,0,0,0,0,186,0,0,0,0,0,0
58,6518,59.02282463622712,99996,6,3,0,0,130,67,0.001970078803152126,5,4,49871,49935,116,56,0,0,0,0,0,0,99808,0,0,0,0,0,0,0,0,0,0,188,0,0,0,0,0,0
59,6518,60.004369034634784,99996,7,4,0,0,132,68,0.002000080003200128,3,4,49871,49935,117,55,0,0,0,0,0,0,99807,0,0,0,0,0,0,0,0,0,0,189,0,0,0,0,0,0
60,6518,61.17480868790548,99996,6,7,0,0,132,71,0.00203008120324813,5,2,49869,49934,118,55,0,0,0,0,0,0,99806,0,0,0,0,0,0,0,0,0,0,190,0,0,0,0,0,0
61,6518,62.12260065872664,99996,7,4,0,0,134,72,0.0020600824032961317,5,1,49867,49934,119,59,0,0,0,0,0,0,99801,0,0,0,0,0,0,0,0,0,0,195,0,0,0,0,0,0
62,6518,63.16841106275351,99996,7,4,0,0,136,73,0.0020900836033441337,3,0,49868,49934,120,60,0,0,0,0,0,0,99798,0,0,0,0,0,0,0,0,0,0,198,0,0,0,0,0,0
63,6518,64.03789670932848,99996,9,4,0,0,138,73,0.002110084403376135,4,1,49865,49933,120,60,0,0,0,0,0,0,99798,0,0,0,0,0,0,0,0,0,0,198,0,0,0,0,0,0
64,6518,65.25982601772749,99996,11,4,0,0,140,73,0.002130085203408136,3,1,49864,49933,120,60,0,0,0,0,0,0,99798,0,0,0,0,0,0,0,0,0,0,198,0,0,0,0,0,0
65,6518,66.27028670573405,99996,12,5,0,0,141,74,0.0021500860034401378,5,0,49861,49934,120,59,0,0,0,0,0,0,99798,0,0,0,0,0,0,0,0,0,0,198,0,0,0,0,0,0
66,6518,67.06048551988361,99996,12,5,0,0,142,74,0.002160086403456138,4,2,49862,49932,120,59,0,0,0,0,0,0,99797,0,0,0,0,0,0,0,0,0,0,199,0,0,0,0,0,0
67,6518,68.32304076010963,99996,11,7,0,0,142,76,0.0021800872034881394,7,1,49859,49931,121,59,0,0,0,0,0,0,99796,0,0,0,0,0,0,0,0,0,0,200,0,0,0,0,0,0
68,6518,69.24185643244395,99996,10,7,0,0,143,76,0.00219008760350414,9,1,49856,49931,123,59,0,0,0,0,0,0,99794,0,0,0,0,0,0,0,0,0,0,202,0,0,0,0,0,0
69,6518,70.20512357725526,99996,10,5,0,0,143,76,0.00219008760350414,13,4,49852,49928,123,61,0,0,0,0,0,0,99792,0,0,0,0,0,0,0,0,0,0,204,0,0,0,0,0,0
70,6518,71.02305266595415,99996,12,7,0,0,146,78,0.0022400896035841434,11,2,49851,49928,124,61,0,0,0,0,0,0,99791,0,0,0,0,0,0,0,0,0,0,205,0,0,0,0,0,0
71,6518,72.2892949941596,99996,15,7,0,0,150,79,0.0022900916036641466,10,2,49848,49927,125,62,0,0,0,0,0,0,99789,0,0,0,0,0,0,0,0,0,0,207,0,0,0,0,0,0
72,6518,73.31323027233891,99996,16,6,0,0,152,79,0.002310092403696148,10,3,49846,49926,126,63,0,0,0,0,0,0,99787,0,0,0,0,0,0,0,0,0,0,209,0,0,0,0,0,0
73,6518,74.0568441481033,99996,16,6,0,0,153,80,0.002330093203728149,11,3,49844,49925,127,64,0,0,0,0,0,0,99785,0,0,0,0,0,0,0,0,0,0,211,0,0,0,0,0,0
74,6518,75.05699949883396,99996,15,6,0,0,155,81,0.002360094403776151,11,3,49842,49924,130,65,0,0,0,0,0,0,99781,0,0,0,0,0,0,0,0,0,0,215,0,0,0,0,0,0
75,6518,76.08168953394089,99996,17,7,0,0,159,82,0.0024100964038561543,12,5,49837,49921,132,65,0,0,0,0,0,0,99779,0,0,0,0,0,0,0,0,0,0,217,0,0,0,0,0,0
76,6518,77.2260107390239,99996,18,7,0,0,164,83,0.002470098803952158,11,5,49833,49920,136,66,0,0,0,0,0,0,99774,0,0,0,0,0,0,0,0,0,0,222,0,0,0,0,0,0
77,6518,78.01454990924815,99996,22,7,0,0,169,85,0.0025401016040641627,9,6,49830,49917,137,68,0,0,0,0,0,0,99771,0,0,0,0,0,0,0,0,0,0,225,0,0,0,0,0,0
78,6518,79.2836401491929,99996,22,9,0,0,173,88,0.002610104404176167,11,6,49824,49914,141,69,0,0,0,0,0,0,99766,0,0,0,0,0,0,0,0,0,0,230,0,0,0,0,0,0
79,6518,80.0622512292391,99996,25,10,0,0,176,89,0.0026501060042401696,10,5,49823,49914,140,69,0,0,0,0,0,0,99766,0,0,0,0,0,0,0,0,0,0,230,0,0,0,0,0,0
80,6518,81.00212152785315,99995,21,10,1,0,179,90,0.0026901345067253364,9,8,49821,49911,146,69,0,0,0,0,0,0,99758,0,0,0,0,0,0,0,0,0,0,237,0,0,0,0,0,0
81,6518,82.08095245090108,99995,21,15,1,0,184,95,0.002790139506975349,7,6,49818,49908,151,69,0,0,0,0,0,0,99753,0,0,0,0,0,0,0,0,0,0,242,0,0,0,0,0,0
82,6518,83.11869996755952,99995,23,17,1,0,190,99,0.0028901445072253614,5,5,49815,49905,154,71,0,0,0,0,0,0,99747,0,0,0,0,0,0,0,0,0,0,248,0,0,0,0,0,0
83,6518,84.05689085393116,99995,23,17,1,0,193,104,0.0029701485074253714,5,7,49813,49898,156,76,0,0,0,0,0,0,99739,0,0,0,0,0,0,0,0,0,0,256,0,0,0,0,0,0
84,6518,85.01538117100225,99995,26,17,1,0,196,106,0.0030201510075503774,3,6,49812,49897,156,78,0,0,0,0,0,0,99737,0,0,0,0,0,0,0,0,0,0,258,0,0,0,0,0,0
85,6518,86.19135365454099,99995,24,19,1,0,199,110,0.0030901545077253864,9,5,49805,49894,159,80,0,0,0,0,0,0,99730,0,0,0,0,0,0,0,0,0,0,265,0,0,0,0,0,0
86,6518,87.13114744814453,99995,24,19,1,0,199,110,0.0030901545077253864,12,8,49804,49891,157,80,0,0,0,0,0,0,99730,0,0,0,0,0,0,0,0,0,0,265,0,0,0,0,0,0
87,6518,88.10065388458439,99995,27,18,1,0,202,112,0.0031401570078503924,9,6,49804,49892,157,82,0,0,0,0,0,0,99727,0,0,0,0,0,0,0,0,0,0,268,0,0,0,0,0,0
88,6518,89.1074845826425,99995,27,16,1,0,205,113,0.0031801590079503974,13,9,49797,49888,160,85,0,0,0,0,0,0,99721,0,0,0,0,0,0,0,0,0,0,274,0,0,0,0,0,0
89,6518,90.02962500362155,99995,24,15,1,0,208,115,0.003230161508075404,19,8,49789,49887,165,88,0,0,0,0,0,0,99712,0,0,0,0,0,0,0,0,0,0,283,0,0,0,0,0,0
90,6518,91.0426768005392,99995,25,16,1,0,214,119,0.0033301665083254163,13,4,49789,49887,170,91,0,0,0,0,0,0,99704,0,0,0,0,0,0,0,0,0,0,291,0,0,0,0,0,0
91,6518,92.0644465038993,99995,23,16,1,0,218,121,0.003390169508475424,15,3,49783,49887,176,92,0,0,0,0,0,0,99696,0,0,0,0,0,0,0,0,0,0,299,0,0,0,0,0,0
92,6518,93.12687490630678,99995,25,15,1,0,221,122,0.003430171508575429,14,5,49782,49884,176,94,0,0,0,0,0,0,99693,0,0,0,0,0,0,0,0,0,0,302,0,0,0,0,0,0
93,6518,94.11091909102709,99995,24,14,1,0,223,122,0.0034501725086254313,14,7,49780,49882,179,95,0,0,0,0,0,0,99689,0,0,0,0,0,0,0,0,0,0,306,0,0,0,0,0,0
94,6518,95.23688752645877,99995,24,14,1,0,226,124,0.0035001750087504373,17,8,49774,49880,182,96,0,0,0,0,0,0,99684,0,0,0,0,0,0,0,0,0,0,311,0,0,0,0,0,0
95,6518,96.02952657114477,99995,26,14,1,0,231,126,0.0035701785089254463,12,11,49774,49875,185,98,0,0,0,0,0,0,99679,0,0,0,0,0,0,0,0,0,0,316,0,0,0,0,0,0
96,6518,97.049136857747,99995,29,17,1,0,237,132,0.0036901845092254613,8,8,49774,49872,186,101,0,0,0,0,0,0,99673,0,0,0,0,0,0,0,0,0,0,322,0,0,0,0,0,0
97,6518,98.0558019193612,99995,26,16,1,0,239,134,0.0037301865093254663,10,7,49771,49873,190,102,0,0,0,0,0,0,99665,0,0,0,0,0,0,0,0,0,0,330,0,0,0,0,0,0
98,6518,99.23701107892286,99995,26,15,1,0,242,136,0.0037801890094504727,14,6,49767,49872,190,105,0,0,0,0,0,0,99659,0,0,0,0,0,0,0,0,0,0,336,0,0,0,0,0,0
99,6518,100.07243105915555,99995,29,14,1,0,245,137,0.0038201910095504777,12,5,49767,49873,189,106,0,0,0,0,0,0,99657,0,0,0,0,0,0,0,0,0,0,338,0,0,0,0,0,0
100,6518,101.15977938876979,99995,29,16,1,0,247,139,0.0038601930096504827,14,6,49763,49872,191,104,0,0,0,0,0,0,99655,0,0,0,0,0,0,0,0,0,0,340,0,0,0,0,0,0
101,6518,102.04887475283847,99995,23,16,1,0,248,142,0.0039001950097504877,20,7,49756,49868,198,107,0,0,0,0,0,0,99645,0,0,0,0,0,0,0,0,0,0,350,0,0,0,0,0,0
102,6518,103.04780466558198,99995,24,13,1,0,252,142,0.003940197009850492,18,7,49756,49868,199,110,0,0,0,0,0,0,99639,0,0,0,0,0,0,0,0,0,0,356,0,0,0,0,0,0
103,6518,104.16009292883273,99995,27,12,1,0,258,143,0.004010200510025501,15,8,49754,49867,201,111,0,0,0,0,0,0,99634,0,0,0,0,0,0,0,0,0,0,361,0,0,0,0,0,0
104,6518,105.01704680050806,99995,24,12,1,0,263,147,0.004100205010250512,12,7,49754,49865,207,114,0,0,0,0,0,0,99622,0,0,0,0,0,0,0,0,0,0,373,0,0,0,0,0,0
105,6518,106.2461251983141,99995,24,13,1,0,265,150,0.004150207510375519,11,6,49753,49863,209,116,0,0,0,0,0,0,99618,0,0,0,0,0,0,0,0,0,0,377,0,0,0,0,0,0
106,6518,107.14538646470953,99995,23,13,1,0,269,151,0.004200210010500525,12,7,49748,49861,214,117,0,0,0,0,0,0,99612,0,0,0,0,0,0,0,0,0,0,383,0,0,0,0,0,0
107,6518,108.07395833435999,99995,23,12,1,0,272,153,0.004250212510625531,11,6,49747,49862,216,118,0,0,0,0,0,0,99606,0,0,0,0,0,0,0,0,0,0,389,0,0,0,0,0,0
108,6518,109.01875492603567,99995,19,13,1,0,275,154,0.004290214510725536,13,6,49744,49861,221,118,0,0,0,0,0,0,99599,0,0,0,0,0,0,0,0,0,0,396,0,0,0,0,0,0
109,6518,110.08143223250494,99995,21,17,1,0,280,159,0.004390219510975549,11,5,49741,49857,224,119,0,0,0,0,0,0,99595,0,0,0,0,0,0,0,0,0,0,400,0,0,0,0,0,0
110,6518,111.19302293478562,99995,22,16,1,0,286,159,0.004450222511125556,11,8,49735,49854,229,120,0,0,0,0,0,0,99589,0,0,0,0,0,0,0,0,0,0,406,0,0,0,0,0,0
111,6518,112.0920821278784,99995,21,15,1,0,288,160,0.00448022401120056,13,8,49732,49853,231,122,0,0,0,0,0,0,99584,0,0,0,0,0,0,0,0,0,0,411,0,0,0,0,0,0
112,6518,113.03627470378616,99995,20,14,1,0,291,163,0.004540227011350567,17,6,49726,49852,234,126,0,0,0,0,0,0,99576,0,0,0,0,0,0,0,0,0,0,419,0,0,0,0,0,0
113,6518,114.03350796741012,99995,21,14,1,0,293,163,0.00456022801140057,19,6,49722,49852,235,126,0,0,0,0,0,0,99575,0,0,0,0,0,0,0,0,0,0,420,0,0,0,0,0,0
114,6518,115.04101008567484,99995,21,14,1,0,297,165,0.004620231011550577,21,7,49716,49849,239,128,0,0,0,0,0,0,99569,0,0,0,0,0,0,0,0,0,0,426,0,0,0,0,0,0
115,6518,116.1358882779153,99995,24,15,1,0,304,167,0.004710235511775589,19,8,49713,49846,241,129,0,0,0,0,0,0,99564,0,0,0,0,0,0,0,0,0,0,431,0,0,0,0,0,0
116,6518,117.05203444650034,99995,28,16,1,0,308,169,0.004770238511925596,18,10,49710,49843,241,129,0,0,0,0,0,0,99563,0,0,0,0,0,0,0,0,0,0,432,0,0,0,0,0,0
117,6518,118.22163542343299,99995,25,17,1,0,310,172,0.004820241012050602,19,11,49708,49840,245,130,0,0,0,0,0,0,99556,0,0,0,0,0,0,0,0,0,0,439,0,0,0,0,0,0
118,6518,119.02779178059056,99995,26,20,1,0,315,177,0.004920246012300615,18,7,49705,49840,248,131,0,0,0,0,0,0,99550,0,0,0,0,0,0,0,0,0,0,445,0,0,0,0,0,0
119,6518,120.10434736267977,99995,27,18,1,0,320,180,0.005000250012500625,15,8,49704,49836,251,136,0,0,0,0,0,0,99541,0,0,0,0,0,0,0,0,0,0,454,0,0,0,0,0,0
120,6518,121.00054229418876,99995,30,17,1,0,325,181,0.005060253012650633,12,13,49702,49830,253,138,0,0,0,0,0,0,99537,0,0,0,0,0,0,0,0,0,0,458,0,0,0,0,0,0
121,6518,122.1561681477848,99995,23,19,1,0,329,187,0.005160258012900645,16,14,49697,49824,261,141,0,0,0,0,0,0,99522,0,0,0,0,0,0,0,0,0,0,473,0,0,0,0,0,0
122,6518,123.04568205431731,99995,26,24,1,0,335,193,0.00528026401320066,14,12,49694,49821,263,141,0,0,0,0,0,0,99518,0,0,0,0,0,0,0,0,0,0,477,0,0,0,0,0,0
123,6518,124.13104676398596,99995,29,22,1,0,339,196,0.005350267513375669,14,11,49691,49819,263,146,0,0,0,0,0,0,99512,0,0,0,0,0,0,0,0,0,0,483,0,0,0,0,0,0
124,6518,125.02858614920453,99994,26,25,2,0,345,202,0.005470328219693181,13,9,49686,49817,271,147,0,0,0,0,0,0,99500,0,0,0,0,0,0,0,0,0,0,494,0,0,0,0,0,0
125,6518,126.06762469473401,99994,22,25,2,0,349,204,0.005530331819909195,14,7,49686,49817,274,149,0,0,0,0,0,0,99490,0,0,0,0,0,0,0,0,0,0,504,0,0,0,0,0,0
126,6518,127.04053915570046,99994,23,20,2,0,352,205,0.005570334220053203,17,7,49681,49816,275,155,0,0,0,0,0,0,99482,0,0,0,0,0,0,0,0,0,0,512,0,0,0,0,0,0
127,6518,128.2662954962177,99994,27,21,2,0,356,208,0.0056403384203052185,18,6,49677,49814,274,157,0,0,0,0,0,0,99480,0,0,0,0,0,0,0,0,0,0,514,0,0,0,0,0,0
128,6518,129.0535726070101,99994,27,18,2,0,359,210,0.005690341420485229,19,7,49673,49812,277,161,0,0,0,0,0,0,99472,0,0,0,0,0,0,0,0,0,0,522,0,0,0,0,0,0
129,6518,130.02916897131283,99994,28,20,2,0,363,213,0.005760345620737245,18,8,49670,49809,280,161,0,0,0,0,0,0,99468,0,0,0,0,0,0,0,0,0,0,526,0,0,0,0,0,0
130,6518,131.11457827763277,99994,23,21,2,0,365,215,0.005800348020881253,23,8,49663,49807,287,162,0,0,0,0,0,0,99460,0,0,0,0,0,0,0,0,0,0,534,0,0,0,0,0,0
131,6518,132.11268657409343,99994,26,17,2,0,371,216,0.005870352221133268,24,9,49658,49807,288,165,0,0,0,0,0,0,99452,0,0,0,0,0,0,0,0,0,0,542,0,0,0,0,0,0
132,6518,133.0733659343835,99994,31,18,2,0,381,220,0.006010360621637298,21,8,49654,49806,290,166,0,0,0,0,0,0,99444,0,0,0,0,0,0,0,0,0,0,550,0,0,0,0,0,0
133,6518,134.03988441180658,99994,32,20,2,0,384,223,0.006070364221853311,19,9,49654,49804,291,165,0,0,0,0,0,0,99441,0,0,0,0,0,0,0,0,0,0,553,0,0,0,0,0,0
134,6518,135.23764723414143,99994,33,20,2,0,388,226,0.006140368422105327,22,8,49647,49804,294,166,0,0,0,0,0,0,99435,0,0,0,0,0,0,0,0,0,0,559,0,0,0,0,0,0
135,6518,136.0745200557635,99994,29,19,2,0,394,227,0.0062103726223573415,26,12,49637,49800,304,167,0,0,0,0,0,0,99423,0,0,0,0,0,0,0,0,0,0,571,0,0,0,0,0,0
136,6518,137.1390018477118,99994,29,17,2,0,397,230,0.006270376222573354,26,11,49636,49799,305,171,0,0,0,0,0,0,99415,0,0,0,0,0,0,0,0,0,0,579,0,0,0,0,0,0
137,6518,138.09991750430544,99994,26,15,2,0,399,230,0.006290377422645359,29,13,49631,49797,310,173,0,0,0,0,0,0,99408,0,0,0,0,0,0,0,0,0,0,586,0,0,0,0,0,0
138,6518,139.12295023104414,99994,33,16,2,0,406,233,0.00639038342300538,24,15,49630,49792,309,175,0,0,0,0,0,0,99406,0,0,0,0,0,0,0,0,0,0,588,0,0,0,0,0,0
139,6518,140.12885915482477,99994,32,14,2,0,411,233,0.0064403864231853914,22,16,49628,49792,314,176,0,0,0,0,0,0,99398,0,0,0,0,0,0,0,0,0,0,596,0,0,0,0,0,0
140,6518,141.07411659416817,99994,33,16,2,0,416,236,0.0065203912234734086,24,17,49622,49789,317,176,0,0,0,0,0,0,99393,0,0,0,0,0,0,0,0,0,0,601,0,0,0,0,0,0
141,6518,142.14122170058843,99994,35,17,2,0,422,240,0.00662039722383343,22,15,49619,49787,320,179,0,0,0,0,0,0,99386,0,0,0,0,0,0,0,0,0,0,608,0,0,0,0,0,0
142,6518,143.0046576402905,99994,35,21,2,0,427,245,0.006720403224193452,22,13,49614,49786,325,178,0,0,0,0,0,0,99380,0,0,0,0,0,0,0,0,0,0,614,0,0,0,0,0,0
143,6518,144.15445603652597,99994,34,16,2,0,431,245,0.00676040562433746,20,16,49616,49784,326,182,0,0,0,0,0,0,99370,0,0,0,0,0,0,0,0,0,0,624,0,0,0,0,0,0
144,6518,145.22657383923152,99994,34,14,2,0,433,249,0.006820409224553473,24,13,49610,49783,328,188,0,0,0,0,0,0,99362,0,0,0,0,0,0,0,0,0,0,632,0,0,0,0,0,0
145,6518,146.04246167031104,99994,32,18,2,0,436,256,0.006920415224913495,24,9,49608,49780,332,191,0,0,0,0,0,0,99354,0,0,0,0,0,0,0,0,0,0,640,0,0,0,0,0,0
146,6518,147.0398683075347,99994,36,15,2,0,444,259,0.007030421825309519,23,11,49601,49776,336,196,0,0,0,0,0,0,99344,0,0,0,0,0,0,0,0,0,0,650,0,0,0,0,0,0
147,6518,148.0873096359304,99994,41,16,2,0,454,261,0.007150429025741544,23,12,49594,49774,338,196,0,0,0,0,0,0,99338,0,0,0,0,0,0,0,0,0,0,656,0,0,0,0,0,0
148,6518,149.2554904974497,99994,39,17,2,0,458,263,0.007210432625957558,23,10,49590,49775,344,196,0,0,0,0,0,0,99331,0,0,0,0,0,0,0,0,0,0,663,0,0,0,0,0,0
149,6518,150.25872238084312,99994,42,15,2,0,467,266,0.007330439826389584,22,10,49582,49773,350,200,0,0,0,0,0,0,99320,0,0,0,0,0,0,0,0,0,0,674,0,0,0,0,0,0
150,6518,151.21827610925376,99994,37,15,2,0,467,269,0.00736044162649759,27,10,49578,49770,354,203,0,0,0,0,0,0,99312,0,0,0,0,0,0,0,0,0,0,682,0,0,0,0,0,0
151,6518,152.02266887109676,99994,41,16,2,0,474,272,0.007460447626857611,22,9,49576,49768,357,205,0,0,0,0,0,0,99307,0,0,0,0,0,0,0,0,0,0,687,0,0,0,0,0,0
152,6518,153.0742263190639,99994,48,18,2,0,483,276,0.00759045542732564,24,7,49566,49766,358,207,0,0,0,0,0,0,99303,0,0,0,0,0,0,0,0,0,0,691,0,0,0,0,0,0
153,6518,154.27828066458486,99994,43,17,2,0,487,278,0.007650459027541652,26,11,49562,49762,365,208,0,0,0,0,0,0,99291,0,0,0,0,0,0,0,0,0,0,703,0,0,0,0,0,0
154,6518,155.24793023781697,99994,45,17,2,0,496,280,0.007760465627937676,22,10,49558,49762,371,209,0,0,0,0,0,0,99282,0,0,0,0,0,0,0,0,0,0,712,0,0,0,0,0,0
155,6518,156.0755428036248,99994,44,17,2,0,499,282,0.007810468628117687,23,10,49555,49761,374,210,0,0,0,0,0,0,99276,0,0,0,0,0,0,0,0,0,0,718,0,0,0,0,0,0
156,6518,157.0797377272687,99994,44,18,2,0,508,285,0.007930475828549713,21,10,49548,49760,383,210,0,0,0,0,0,0,99265,0,0,0,0,0,0,0,0,0,0,729,0,0,0,0,0,0
157,6518,158.22105799390587,99994,41,15,2,0,512,287,0.007990479428765726,20,13,49546,49755,389,215,0,0,0,0,0,0,99253,0,0,0,0,0,0,0,0,0,0,741,0,0,0,0,0,0
158,6518,159.02102154522203,99994,39,18,2,0,514,293,0.008070484229053744,25,9,49539,49754,393,217,0,0,0,0,0,0,99246,0,0,0,0,0,0,0,0,0,0,748,0,0,0,0,0,0
159,6518,160.06234263698266,99994,39,18,2,0,520,295,0.00815048902934176,23,9,49535,49752,399,219,0,0,0,0,0,0,99238,0,0,0,0,0,0,0,0,0,0,756,0,0,0,0,0,0
160,6518,161.0911034694362,99994,37,19,2,0,529,298,0.008270496229773787,23,9,49527,49750,409,220,0,0,0,0,0,0,99225,0,0,0,0,0,0,0,0,0,0,769,0,0,0,0,0,0
161,6518,162.0400227653844,99994,39,19,2,0,533,300,0.008330499829989799,24,11,49523,49746,410,222,0,0,0,0,0,0,99221,0,0,0,0,0,0,0,0,0,0,773,0,0,0,0,0,0
162,6518,163.06833527626523,99994,42,17,2,0,542,301,0.008430505830349821,18,13,49520,49743,416,225,0,0,0,0,0,0,99212,0,0,0,0,0,0,0,0,0,0,782,0,0,0,0,0,0
163,6518,164.12657257972185,99994,36,20,2,0,543,305,0.008480508830529832,20,12,49521,49742,419,224,0,0,0,0,0,0,99204,0,0,0,0,0,0,0,0,0,0,790,0,0,0,0,0,0
164,6518,165.0181285386524,99994,33,22,2,0,545,308,0.008530511830709842,22,9,49519,49742,422,225,0,0,0,0,0,0,99198,0,0,0,0,0,0,0,0,0,0,796,0,0,0,0,0,0
165,6518,166.1985839640439,99994,36,18,2,0,553,310,0.008630517831069865,20,11,49514,49739,426,230,0,0,0,0,0,0,99187,0,0,0,0,0,0,0,0,0,0,807,0,0,0,0,0,0
166,6518,167.31978163283813,99994,35,15,2,0,557,312,0.008690521431285876,24,10,49508,49741,429,232,0,0,0,0,0,0,99177,0,0,0,0,0,0,0,0,0,0,817,0,0,0,0,0,0
167,6518,168.09666030551728,99994,41,15,2,0,566,313,0.008790527431645899,23,11,49501,49740,431,232,0,0,0,0,0,0,99173,0,0,0,0,0,0,0,0,0,0,821,0,0,0,0,0,0
168,6518,169.24693265142753,99994,38,16,2,0,570,315,0.008850531031861912,26,11,49494,49738,438,233,0,0,0,0,0,0,99165,0,0,0,0,0,0,0,0,0,0,829,0,0,0,0,0,0
169,6518,170.16178154726262,99994,36,17,2,0,573,317,0.008900534032041923,25,12,49492,49739,443,230,0,0,0,0,0,0,99159,0,0,0,0,0,0,0,0,0,0,835,0,0,0,0,0,0
170,6518,171.23434605077608,99994,36,16,2,0,578,319,0.008970538232293938,30,13,49483,49736,447,233,0,0,0,0,0,0,99151,0,0,0,0,0,0,0,0,0,0,843,0,0,0,0,0,0
171,6518,172.260891682739,99994,39,19,2,0,589,322,0.009110546632797967,22,12,49481,49737,454,230,0,0,0,0,0,0,99143,0,0,0,0,0,0,0,0,0,0,851,0,0,0,0,0,0
172,6518,173.01580575752752,99994,40,19,2,0,591,324,0.009150549032941976,21,11,49482,49736,453,232,0,0,0,0,0,0,99140,0,0,0,0,0,0,0,0,0,0,854,0,0,0,0,0,0
173,6518,174.1618410394368,99994,34,18,2,0,597,327,0.009240554433265996,25,11,49473,49736,464,233,0,0,0,0,0,0,99124,0,0,0,0,0,0,0,0,0,0,870,0,0,0,0,0,0
174,6518,175.05161749376126,99994,38,17,2,0,604,328,0.009320559233554014,23,11,49469,49737,466,233,0,0,0,0,0,0,99119,0,0,0,0,0,0,0,0,0,0,875,0,0,0,0,0,0
175,6518,176.04592285186231,99994,31,16,2,0,607,332,0.009390563433806029,25,9,49465,49737,475,236,0,0,0,0,0,0,99104,0,0,0,0,0,0,0,0,0,0,890,0,0,0,0,0,0
176,6518,177.0063628203966,99994,27,13,2,0,610,333,0.009430565833950038,24,11,49464,49735,481,239,0,0,0,0,0,0,99093,0,0,0,0,0,0,0,0,0,0,901,0,0,0,0,0,0
177,6518,178.03840440861637,99994,31,13,2,0,616,335,0.009510570634238054,22,10,49463,49735,480,240,0,0,0,0,0,0,99089,0,0,0,0,0,0,0,0,0,0,905,0,0,0,0,0,0
178,6518,179.17395388527208,99994,31,15,2,0,623,339,0.009620577234634078,21,11,49460,49730,484,242,0,0,0,0,0,0,99080,0,0,0,0,0,0,0,0,0,0,914,0,0,0,0,0,0
179,6518,180.25164156875897,99994,34,16,2,0,629,341,0.009700582034922096,21,14,49455,49727,486,241,0,0,0,0,0,0,99076,0,0,0,0,0,0,0,0,0,0,918,0,0,0,0,0,0
180,6518,181.23251112379836,99994,32,18,2,0,631,343,0.009740584435066105,25,14,49451,49727,488,239,0,0,0,0,0,0,99072,0,0,0,0,0,0,0,0,0,0,922,0,0,0,0,0,0
181,6518,182.00676937814163,99994,38,19,2,0,641,346,0.009870592235534131,18,15,49450,49723,490,241,0,0,0,0,0,0,99066,0,0,0,0,0,0,0,0,0,0,928,0,0,0,0,0,0
182,6518,183.31675752822554,99994,39,19,2,0,644,348,0.009920595235714143,19,15,49448,49723,490,241,0,0,0,0,0,0,99062,0,0,0,0,0,0,0,0,0,0,932,0,0,0,0,0,0
183,6518,184.0331138890787,99994,38,21,2,0,652,353,0.01005060303618217,18,11,49441,49724,499,242,0,0,0,0,0,0,99050,0,0,0,0,0,0,0,0,0,0,944,0,0,0,0,0,0
184,6518,185.186503337412,99994,40,21,2,0,660,355,0.010150609036542193,21,12,49434,49723,501,242,0,0,0,0,0,0,99042,0,0,0,0,0,0,0,0,0,0,952,0,0,0,0,0,0
185,6518,186.03299010024222,99994,40,18,2,0,665,356,0.010210612636758206,25,12,49428,49722,503,246,0,0,0,0,0,0,99033,0,0,0,0,0,0,0,0,0,0,961,0,0,0,0,0,0
186,6518,187.11417095201523,99994,44,19,2,0,673,359,0.01032061923715423,26,13,49420,49719,506,247,0,0,0,0,0,0,99028,0,0,1,0,0,0,0,0,0,0,965,0,0,0,0,0,0
187,6518,188.08218300895908,99994,40,20,2,0,678,361,0.010390623437406245,28,13,49415,49719,513,246,0,0,0,0,0,0,99018,0,0,1,0,0,0,0,0,0,0,975,0,0,0,0,0,0
188,6518,189.27678667724803,99994,43,19,2,0,686,365,0.01051063063783827,31,10,49407,49718,515,251,0,0,0,0,0,0,99008,0,0,1,0,0,0,0,0,0,0,985,0,0,0,0,0,0
189,6518,190.30121999742727,99994,50,22,2,0,694,369,0.010630637838270297,31,8,49400,49718,515,250,0,0,0,0,0,0,99006,0,0,1,0,0,0,0,0,0,0,987,0,0,0,0,0,0
190,6518,191.1301237087781,99994,49,23,2,0,703,373,0.010760645638738324,24,10,49399,49713,524,252,0,0,0,0,0,0,98993,0,0,1,0,0,0,0,0,0,0,1000,0,0,0,0,0,0
191,6518,192.11194204138377,99994,47,25,2,0,706,375,0.010810648638918336,28,11,49393,49710,528,252,0,0,0,0,0,0,98988,0,0,1,0,0,0,0,0,0,0,1005,0,0,0,0,0,0
192,6518,193.16930062248997,99994,44,24,2,0,714,379,0.010930655839350361,26,13,49388,49704,538,257,0,0,0,0,0,0,98972,0,0,1,0,0,0,0,0,0,0,1021,0,0,0,0,0,0
193,6518,194.1612741890497,99994,48,22,2,0,723,379,0.01102066123967438,22,16,49385,49702,541,258,0,0,0,0,0,0,98965,0,0,1,0,0,0,0,0,0,0,1028,0,0,0,0,0,0
194,6518,195.2098541835486,99994,50,25,2,0,728,385,0.011130667840070404,21,15,49382,49697,543,261,0,0,0,0,0,0,98959,0,0,1,0,0,0,0,0,0,0,1034,0,0,0,0,0,0
195,6518,196.21173355003427,99994,49,25,2,0,731,389,0.011200672040322419,28,17,49374,49692,545,264,0,0,0,0,0,0,98951,0,0,1,0,0,0,0,0,0,0,1042,0,0,0,0,0,0
196,6518,197.0359325278868,99994,43,27,2,0,735,391,0.011260675640538433,34,18,49368,49691,551,262,0,0,0,0,0,0,98941,0,0,1,0,0,0,0,0,0,0,1052,0,0,0,0,0,0
197,6518,198.20361128590403,99994,46,27,2,0,744,395,0.011390683441006461,29,18,49367,49690,554,263,0,0,0,0,0,0,98931,0,0,1,0,0,0,0,0,0,0,1062,0,0,0,0,0,0
198,6518,199.1575300860144,99994,44,29,2,0,746,400,0.011460687641258476,33,16,49363,49688,556,265,0,0,0,0,0,0,98924,0,0,1,0,0,0,0,0,0,0,1069,0,0,0,0,0,0
199,6518,200.04953488965367,99994,41,26,2,0,751,403,0.011540692441546492,36,16,49355,49685,564,271,0,0,0,0,0,0,98910,0,0,1,0,0,0,0,0,0,0,1083,0,0,0,0,0,0
200,6518,201.09489201725796,99994,48,20,2,0,764,405,0.011690701442086525,28,17,49351,49684,569,277,0,0,0,0,0,0,98896,0,0,1,0,0,0,0,0,0,0,1097,0,0,0,0,0,0
201,6518,202.0923689088822,99994,49,17,2,0,769,408,0.011770706242374543,32,16,49343,49684,572,281,0,0,0,0,0,0,98886,0,0,1,0,0,0,0,0,0,0,1107,0,0,0,0,0,0
202,6518,203.02165848363325,99994,43,19,2,0,775,413,0.011880712842770567,36,14,49334,49681,583,284,0,0,0,0,0,0,98871,0,0,1,0,0,0,0,0,0,0,1122,0,0,0,0,0,0
203,6518,204.07564776046556,99994,42,18,2,0,783,415,0.011980718843130587,33,14,49334,49682,587,284,0,0,0,0,0,0,98860,0,0,2,0,0,0,0,0,0,0,1132,0,0,0,0,0,0
204,6518,205.13740359255084,99994,43,12,2,0,788,415,0.012030721843310598,33,14,49334,49683,586,289,0,0,0,0,0,0,98850,0,0,2,0,0,0,0,0,0,0,1142,0,0,0,0,0,0
205,6518,206.17857976066526,99994,45,15,2,0,799,419,0.01218073084385063,30,14,49328,49682,593,287,0,0,0,0,0,0,98840,0,0,2,0,0,0,0,0,0,0,1152,0,0,0,0,0,0
206,6518,207.00054516779682,99994,48,17,2,0,802,422,0.012240734444066644,30,14,49327,49681,591,286,0,0,0,0,0,0,98839,0,0,2,0,0,0,0,0,0,0,1153,0,0,0,0,0,0
207,6518,208.0472069109382,99994,47,16,2,0,806,424,0.012300738044282658,30,15,49324,49678,595,289,0,0,0,0,0,0,98831,0,0,2,0,0,0,0,0,0,0,1161,0,0,0,0,0,0
208,6518,209.16989707865721,99994,45,16,2,0,818,427,0.012450747044822689,32,16,49313,49674,606,292,0,0,0,0,0,0,98814,0,0,2,0,0,0,0,0,0,0,1178,0,0,0,0,0,0
209,6518,210.16661965656925,99994,53,20,2,0,828,431,0.01259075544532672,27,17,49308,49670,608,291,0,0,0,0,0,0,98812,0,0,2,0,0,0,0,0,0,0,1180,0,0,0,0,0,0
210,6518,211.2646325856864,99994,51,21,2,0,837,434,0.012710762645758746,24,18,49306,49666,615,293,0,0,0,0,0,0,98799,0,0,2,0,0,0,0,0,0,0,1193,0,0,0,0,0,0
211,6518,212.08195710981502,99994,55,21,2,0,845,437,0.01282076924615477,19,15,49304,49666,618,296,0,0,0,0,0,0,98792,0,0,2,0,0,0,0,0,0,0,1200,0,0,0,0,0,0
212,6518,213.28857962919017,99994,51,19,2,0,850,439,0.012890773446406784,23,15,49295,49665,627,299,0,0,0,0,0,0,98779,0,0,2,0,0,0,0,0,0,0,1213,0,0,0,0,0,0
213,6518,214.1785369623031,99994,49,21,2,0,852,442,0.012940776446586795,27,15,49289,49663,631,299,0,0,0,0,0,0,98774,0,0,2,0,0,0,0,0,0,0,1218,0,0,0,0,0,0
214,6518,215.01879013892432,99994,49,23,2,0,858,446,0.013040782446946817,25,11,49286,49663,636,301,0,0,0,0,0,0,98766,0,0,2,0,0,0,0,0,0,0,1226,0,0,0,0,0,0
215,6518,216.1008766970857,99994,48,22,2,0,863,450,0.013130787847270836,31,10,49278,49661,639,305,0,0,0,0,0,0,98755,0,0,2,0,0,0,0,0,0,0,1237,0,0,0,0,0,0
216,6518,217.09500616952533,99994,54,19,2,0,872,451,0.013230793847630857,25,10,49276,49660,641,309,0,0,0,0,0,0,98748,0,0,2,0,0,0,0,0,0,0,1244,0,0,0,0,0,0
217,6518,218.2991799411449,99994,52,21,2,0,880,455,0.013350801048062884,26,13,49270,49655,648,309,0,0,0,0,0,0,98736,0,0,2,0,0,0,0,0,0,0,1256,0,0,0,0,0,0
218,6518,219.17663074495394,99994,52,22,2,0,886,457,0.0134308058483509,26,14,49264,49652,654,310,0,0,0,0,0,0,98729,0,0,2,0,0,0,0,0,0,0,1263,0,0,0,0,0,0
219,6518,220.2017232693449,99994,48,22,2,0,893,462,0.013550813048782927,28,10,49260,49654,660,312,0,0,0,0,0,0,98713,0,0,2,0,0,0,0,0,0,0,1279,0,0,0,0,0,0
220,6518,221.18879130643722,99994,44,26,2,0,897,466,0.013630817849070944,30,8,49255,49653,667,311,0,0,0,0,0,0,98705,0,0,2,0,0,0,0,0,0,0,1287,0,0,0,0,0,0
221,6518,222.21892498549545,99994,45,26,2,0,903,469,0.013720823249394963,35,6,49247,49654,669,312,0,0,0,0,0,0,98697,0,0,2,0,0,0,0,0,0,0,1295,0,0,0,0,0,0
222,6518,223.26799091514582,99994,47,26,2,0,908,471,0.01379082744964698,36,5,49241,49654,672,313,0,0,0,0,0,0,98692,0,0,2,0,0,0,0,0,0,0,1300,0,0,0,0,0,0
223,6518,224.05688231503788,99994,51,19,2,0,917,471,0.013880832849970999,35,7,49234,49655,676,317,0,0,0,0,0,0,98680,0,0,2,0,0,0,0,0,0,0,1312,0,0,0,0,0,0
224,6518,225.02158116653166,99994,56,19,2,0,928,472,0.014000840050403024,37,9,49225,49653,678,317,0,0,0,0,0,0,98673,0,0,2,0,0,0,0,0,0,0,1319,0,0,0,0,0,0
225,6518,226.17638345473065,99994,59,16,2,0,937,473,0.014100846050763045,38,11,49219,49650,680,321,0,0,0,0,0,0,98663,0,0,2,0,0,0,0,0,0,0,1329,0,0,0,0,0,0
226,6518,227.27897247942548,99994,66,17,2,0,952,477,0.014290857451447087,33,11,49210,49646,687,324,0,0,0,0,0,0,98652,0,0,2,0,0,0,0,0,0,0,1340,0,0,0,0,0,0
227,6518,228.20525666224492,99994,66,17,2,0,961,480,0.014410864651879112,36,9,49200,49645,694,327,0,0,0,0,0,0,98640,0,0,2,0,0,0,0,0,0,0,1352,0,0,0,0,0,0
228,6518,229.01512318728703,99994,69,19,2,0,969,483,0.014520871252275136,40,10,49188,49641,699,328,0,0,0,0,0,0,98635,0,0,3,0,0,0,0,0,0,0,1356,0,0,0,0,0,0
229,6518,230.10803102712057,99994,75,17,2,0,983,486,0.014690881452887173,36,10,49178,49638,707,333,0,0,0,0,0,0,98622,0,0,3,0,0,0,0,0,0,0,1369,0,0,0,0,0,0
230,6518,231.11758672878997,99994,74,15,2,0,993,489,0.014820889253355202,35,14,49172,49632,715,337,0,0,0,0,0,0,98606,0,0,3,0,0,0,0,0,0,0,1385,0,0,0,0,0,0
231,6518,232.3277681030417,99994,69,17,2,0,1001,492,0.014930895853751226,36,18,49168,49625,723,338,0,0,0,0,0,0,98592,0,0,3,0,0,0,0,0,0,0,1399,0,0,0,0,0,0
232,6518,233.0581589560472,99993,67,20,2,1,1004,496,0.015001050073505145,36,15,49167,49625,726,337,0,0,0,0,0,0,98587,0,0,4,0,0,0,0,0,0,0,1402,0,0,0,0,0,0
233,6518,234.3311562707359,99993,69,22,2,1,1012,501,0.01513105917414219,34,15,49170,49623,723,337,0,0,0,0,0,0,98579,0,0,5,0,0,0,0,0,0,0,1409,0,0,0,0,0,0
234,6518,235.2659319552983,99993,59,21,2,1,1019,504,0.015231066174632225,39,19,49159,49616,739,341,0,0,0,0,0,0,98559,0,0,6,0,0,0,0,0,0,0,1428,0,0,0,0,0,0
235,6518,236.28615270232376,99993,60,25,2,1,1027,510,0.015371075975318272,41,17,49152,49613,743,342,0,0,0,0,0,0,98550,0,0,6,0,0,0,0,0,0,0,1437,0,0,0,0,0,0
236,6518,237.1491852582888,99993,55,25,2,1,1031,514,0.015451081575710299,50,19,49140,49608,751,345,0,0,0,0,0,0,98537,0,0,6,0,0,0,0,0,0,0,1450,0,0,0,0,0,0
237,6518,238.03741251323711,99993,68,26,2,1,1052,520,0.015721100477033394,36,19,49135,49603,757,349,0,0,0,0,0,0,98524,0,0,6,0,0,0,0,0,0,0,1463,0,0,0,0,0,0
238,6518,239.2613012077204,99993,69,23,2,1,1064,523,0.015871110977768443,38,22,49127,49597,762,355,0,0,0,0,0,0,98507,0,0,6,0,0,0,0,0,0,0,1480,0,0,0,0,0,0
239,6518,240.2581381193615,99993,74,24,2,1,1076,528,0.016041122878601502,35,20,49119,49594,768,359,0,0,0,0,0,0,98496,0,0,6,0,0,0,0,0,0,0,1491,0,0,0,0,0,0
240,6518,241.30906339819316,99993,74,27,2,1,1087,533,0.016201134079385556,38,21,49110,49588,774,361,0,0,0,0,0,0,98483,0,0,6,0,0,0,0,0,0,0,1504,0,0,0,0,0,0
241,6518,242.18421440596393,99993,76,31,2,1,1095,539,0.016341143880071605,38,19,49103,49586,779,361,0,0,0,0,0,0,98475,0,0,6,0,0,0,0,0,0,0,1512,0,0,0,0,0,0
242,6518,243.11341109979807,99993,76,36,2,1,1105,547,0.016521156480953668,37,20,49095,49578,788,363,0,0,0,0,0,0,98462,0,0,6,0,0,0,0,0,0,0,1525,0,0,0,0,0,0
243,6518,244.07210156705557,99992,82,36,3,1,1118,551,0.016691335306824547,37,21,49084,49575,792,365,0,0,0,0,0,0,98451,0,0,6,0,0,0,0,0,0,0,1535,0,0,0,0,0,0
244,6518,245.06959197528843,99992,80,31,3,1,1124,553,0.016771341707336587,37,19,49080,49577,798,370,0,0,0,0,0,0,98436,0,0,6,0,0,0,0,0,0,0,1550,0,0,0,0,0,0
245,6518,246.29247508866985,99992,64,28,3,1,1134,557,0.01691135290823266,44,24,49069,49570,818,375,0,0,0,0,0,0,98404,0,0,7,0,0,0,0,0,0,0,1581,0,0,0,0,0,0
246,6518,247.2904189135742,99992,70,24,3,1,1148,561,0.01709136730938475,47,28,49053,49562,825,383,0,0,0,0,0,0,98388,0,0,7,0,0,0,0,0,0,0,1597,0,0,0,0,0,0
247,6518,248.2885984815182,99992,70,34,3,1,1156,571,0.017271381710536843,53,20,49041,49561,831,382,0,0,0,0,0,0,98380,0,0,7,0,0,0,0,0,0,0,1605,0,0,0,0,0,0
248,6518,249.29467422352604,99992,72,34,3,1,1168,578,0.01746139691175294,49,19,49036,49556,838,388,0,0,0,0,0,0,98363,0,0,7,0,0,0,0,0,0,0,1622,0,0,0,0,0,0
249,6518,250.301721082005,99992,76,36,3,1,1184,585,0.01769141531322506,43,17,49027,49551,849,393,0,0,0,0,0,0,98346,0,0,7,0,0,0,0,0,0,0,1639,0,0,0,0,0,0
250,6518,251.13013600192835,99992,76,34,3,1,1191,587,0.017781422513801104,47,18,49018,49548,854,397,0,0,0,0,0,0,98335,0,0,7,0,0,0,0,0,0,0,1650,0,0,0,0,0,0
251,6518,252.32646496264954,99992,76,30,3,1,1204,591,0.01795143611488919,48,18,49006,49545,865,404,0,0,0,0,0,0,98314,0,0,7,0,0,0,0,0,0,0,1671,0,0,0,0,0,0
252,6518,253.00968189572757,99992,81,32,3,1,1211,593,0.018041443315465238,49,18,49000,49544,865,403,0,0,0,0,0,0,98312,0,0,7,0,0,0,0,0,0,0,1673,0,0,0,0,0,0
253,6518,254.15495204321854,99990,81,34,4,2,1225,601,0.018261826182618263,44,18,48993,49537,876,407,0,0,0,0,0,0,98292,0,0,7,0,0,0,0,0,0,0,1691,0,0,0,0,0,0
254,6518,255.13019067959473,99988,72,35,6,2,1235,606,0.018412209465135818,49,21,48979,49529,892,411,0,0,0,0,0,0,98269,0,0,7,0,0,0,0,0,0,0,1712,0,0,0,0,0,0
255,6518,256.1297476285814,99988,80,35,6,2,1252,608,0.018602232267872144,41,23,48974,49526,897,412,0,0,0,0,0,0,98258,0,0,7,0,0,0,0,0,0,0,1723,0,0,0,0,0,0
256,6518,257.1294063578896,99988,80,38,6,2,1262,612,0.018742249069888386,45,27,48962,49520,905,411,0,0,0,0,0,0,98247,0,0,7,0,0,0,0,0,0,0,1734,0,0,0,0,0,0
257,6518,258.129224176387,99988,79,40,6,2,1273,619,0.018922270672480698,45,27,48956,49513,912,416,0,0,0,0,0,0,98230,0,0,7,0,0,0,0,0,0,0,1751,0,0,0,0,0,0
258,6518,259.12919401800355,99987,79,40,7,2,1284,626,0.01910248332283197,41,26,48951,49508,920,422,0,0,0,0,0,0,98212,0,0,7,0,0,0,0,0,0,0,1768,0,0,0,0,0,0
259,6518,260.1293068473633,99987,81,40,7,2,1294,630,0.019242501525198276,45,28,48941,49504,924,424,0,0,0,0,0,0,98200,0,0,7,0,0,0,0,0,0,0,1780,0,0,0,0,0,0
260,6518,261.1295642004119,99987,76,46,7,2,1298,640,0.019382519727564582,58,30,48927,49492,930,428,0,0,0,0,0,0,98188,0,0,8,0,0,0,0,0,0,0,1791,0,0,0,0,0,0
261,6518,262.12997156347944,99987,84,45,7,2,1313,647,0.019602548331283068,53,29,48920,49488,934,434,0,0,0,0,0,0,98173,0,0,8,0,0,0,0,0,0,0,1806,0,0,0,0,0,0
262,6518,263.1304937516402,99987,82,44,7,2,1324,659,0.01983257823517057,60,21,48908,49485,941,446,0,0,0,0,0,0,98147,0,0,8,0,0,0,0,0,0,0,1832,0,0,0,0,0,0
263,6518,264.0269710415676,99987,87,47,7,2,1337,665,0.02002260293838199,49,18,48910,49482,945,449,0,0,0,0,0,0,98137,0,0,9,0,0,0,0,0,0,0,1841,0,0,0,0,0,0
264,6518,265.1652472415104,99987,89,39,7,2,1352,669,0.020212627641593407,57,21,48894,49475,951,461,0,0,0,0,0,0,98112,0,0,9,0,0,0,0,0,0,0,1866,0,0,0,0,0,0
265,6518,266.1662612017386,99987,93,38,7,2,1365,674,0.020392651044635803,58,23,48883,49471,957,464,0,0,0,0,0,0,98097,0,0,9,0,0,0,0,0,0,0,1881,0,0,0,0,0,0
266,6518,267.1674517505771,99987,94,41,7,2,1383,679,0.02062268094852331,54,24,48872,49466,971,465,0,0,0,0,0,0,98078,0,0,9,0,0,0,0,0,0,0,1900,0,0,0,0,0,0
267,6518,268.168866012188,99987,95,44,7,2,1397,688,0.020852710852410812,52,25,48860,49457,984,470,0,0,0,0,0,0,98059,0,0,9,0,0,0,0,0,0,0,1919,0,0,0,0,0,0
268,6518,269.1705110149629,99987,100,48,7,2,1416,694,0.021102743356636363,46,29,48853,49449,992,470,0,0,0,0,0,0,98043,0,0,9,0,0,0,0,0,0,0,1935,0,0,0,0,0,0
269,6518,270.17228104401755,99986,105,46,8,2,1429,701,0.021302982417538457,54,26,48838,49446,993,478,0,0,0,0,0,0,98028,0,0,11,0,0,0,0,0,0,0,1947,0,0,0,0,0,0
270,6518,271.17424144138926,99986,95,43,8,2,1440,705,0.02145300342047887,58,28,48827,49443,1010,482,0,0,0,0,0,0,98000,0,0,11,0,0,0,0,0,0,0,1975,0,0,0,0,0,0
271,6518,272.17646989634824,99986,100,43,8,2,1457,710,0.02167303422479147,53,34,48821,49435,1016,484,0,0,0,0,0,0,97983,0,0,11,0,0,0,0,0,0,0,1992,0,0,0,0,0,0
272,6518,273.17885096315496,99986,104,49,8,2,1471,720,0.02191306782949613,63,27,48800,49433,1023,487,0,0,0,0,0,0,97969,0,0,11,0,0,0,0,0,0,0,2006,0,0,0,0,0,0
273,6518,274.18148974515645,99986,105,46,8,2,1491,726,0.022173104234592844,55,28,48790,49429,1040,493,0,0,0,0,0,0,97941,0,0,11,0,0,0,0,0,0,0,2034,0,0,0,0,0,0
274,6518,275.18439045647096,99985,106,51,9,2,1506,736,0.02242336350452568,51,19,48781,49428,1051,498,0,0,0,0,0,0,97922,0,0,11,0,0,0,0,0,0,0,2052,0,0,0,0,0,0
275,6518,276.0194299173083,99985,107,49,9,2,1520,742,0.022623393509026354,48,25,48773,49417,1061,505,0,0,0,0,0,0,97903,0,0,13,0,0,0,0,0,0,0,2069,0,0,0,0,0,0
276,6518,277.0227370233979,99985,94,52,9,2,1528,750,0.022783417512626893,55,23,48762,49415,1078,506,0,0,0,0,0,0,97878,0,0,14,0,0,0,0,0,0,0,2093,0,0,0,0,0,0
277,6518,278.0263155293021,99985,99,51,9,2,1546,754,0.023003450517577635,51,26,48752,49409,1087,510,0,0,0,0,0,0,97860,0,0,14,0,0,0,0,0,0,0,2111,0,0,0,0,0,0
278,6518,279.03012441278304,99985,108,51,9,2,1566,759,0.02325348802320348,49,29,48737,49401,1095,515,0,0,0,0,0,0,97844,0,0,14,0,0,0,0,0,0,0,2127,0,0,0,0,0,0
279,6518,280.03411203397496,99985,101,54,9,2,1575,765,0.023403510526578988,47,34,48732,49392,1109,516,0,0,0,0,0,0,97825,0,0,14,0,0,0,0,0,0,0,2146,0,0,0,0,0,0
280,6518,281.0382736570364,99985,89,58,9,2,1582,779,0.023613542031304696,60,24,48715,49389,1125,525,0,0,0,0,0,0,97797,0,0,15,0,0,0,0,0,0,0,2173,0,0,0,0,0,0
281,6518,282.0427881148218,99985,97,55,9,2,1601,784,0.023853578036705507,59,27,48703,49384,1130,530,0,0,0,0,0,0,97779,0,0,16,0,0,0,0,0,0,0,2190,0,0,0,0,0,0
282,6518,283.0475077455615,99985,92,53,9,2,1614,789,0.024033605040756113,60,35,48692,49372,1145,536,0,0,0,0,0,0,97754,0,0,16,0,0,0,0,0,0,0,2215,0,0,0,0,0,0
283,6518,284.0524483671711,99985,95,55,9,2,1629,799,0.024283642546381958,54,34,48687,49364,1153,543,0,0,0,0,0,0,97735,0,0,17,0,0,0,0,0,0,0,2233,0,0,0,0,0,0
284,6518,285.0575316198064,99985,95,57,9,2,1641,810,0.024513677051557735,57,40,48677,49351,1160,548,0,0,0,0,0,0,97714,0,0,17,0,0,0,0,0,0,0,2254,0,0,0,0,0,0
285,6518,286.06277416462257,99985,96,62,9,2,1660,825,0.024853728059208883,54,35,48664,49342,1175,557,0,0,0,0,0,0,97686,0,0,17,0,0,0,0,0,0,0,2282,0,0,0,0,0,0
286,6518,287.06828020511637,99985,91,60,9,2,1667,836,0.02503375506325949,58,30,48658,49337,1182,569,0,0,0,0,0,0,97662,0,0,18,0,0,0,0,0,0,0,2305,0,0,0,0,0,0
287,6518,288.07397382368873,99985,94,63,9,2,1685,847,0.025323798569785467,63,28,48640,49330,1192,575,0,0,0,0,0,0,97640,0,0,19,0,0,0,0,0,0,0,2326,0,0,0,0,0,0
288,6518,289.07990873752675,99985,95,60,9,2,1696,854,0.025503825573836077,72,26,48629,49329,1193,581,0,0,0,0,0,0,97620,0,0,19,0,0,0,0,0,0,0,2346,0,0,0,0,0,0
289,6518,290.08600490009593,99984,98,59,10,2,1715,859,0.02574411905904945,71,37,48619,49315,1200,585,0,0,0,0,0,0,97598,0,0,19,0,0,0,0,0,0,0,2367,0,0,0,0,0,0
290,6518,291.09227565465227,99984,96,61,10,2,1727,870,0.02597415586493839,72,34,48608,49309,1212,592,0,0,0,0,0,0,97576,0,0,20,0,0,0,0,0,0,0,2388,0,0,0,0,0,0
291,6518,292.0987708254439,99984,89,59,10,2,1743,876,0.02619419107057129,65,39,48605,49301,1229,597,0,0,0,0,0,0,97545,0,0,20,0,0,0,0,0,0,0,2419,0,0,0,0,0,0
292,6518,293.1054429624963,99984,102,58,10,2,1760,885,0.026454232677228358,60,38,48598,49293,1228,607,0,0,0,0,0,0,97531,0,0,20,0,0,0,0,0,0,0,2433,0,0,0,0,0,0
293,6518,294.11222058944304,99984,106,58,10,2,1779,891,0.02670427268362938,55,40,48589,49289,1238,609,0,0,0,0,0,0,97510,0,0,20,0,0,0,0,0,0,0,2454,0,0,0,0,0,0
294,6518,295.11915199749825,99984,109,64,10,2,1801,903,0.027044327092334775,48,40,48579,49278,1252,614,0,0,0,0,0,0,97486,0,0,21,0,0,0,0,0,0,0,2477,0,0,0,0,0,0
295,6518,296.1262966989402,99984,108,65,10,2,1816,911,0.027274363898223717,46,39,48569,49272,1265,620,0,0,0,0,0,0,97463,0,0,21,0,0,0,0,0,0,0,2500,0,0,0,0,0,0
296,6518,297.133670204218,99984,108,58,10,2,1832,917,0.027494399103856617,46,43,48559,49263,1275,632,0,0,0,0,0,0,97434,0,0,21,0,0,0,0,0,0,0,2529,0,0,0,0,0,0
297,6518,298.1413050406913,99984,102,57,10,2,1844,924,0.027684429508721395,56,49,48540,49250,1290,640,0,0,0,0,0,0,97408,0,0,21,0,0,0,0,0,0,0,2555,0,0,0,0,0,0
298,6518,299.1492461302144,99984,104,61,10,2,1860,936,0.027964474315890542,49,41,48538,49247,1297,647,0,0,0,0,0,0,97386,0,0,21,0,0,0,0,0,0,0,2577,0,0,0,0,0,0
299,6518,300.15731039139723,99984,107,62,10,2,1875,944,0.028194511121779484,47,40,48530,49242,1304,652,0,0,0,0,0,0,97368,0,0,22,0,0,0,0,0,0,0,2594,0,0,0,0,0,0
300,6518,301.16553309698196,99984,107,65,10,2,1892,953,0.028454552728436548,41,44,48525,49233,1315,654,0,0,0,0,0,0,97346,0,0,23,0,0,0,0,0,0,0,2615,0,0,0,0,0,0
301,6518,302.1738737112372,99984,104,69,10,2,1903,963,0.02866458633381341,53,41,48507,49229,1324,657,0,0,0,0,0,0,97327,0,0,24,0,0,0,0,0,0,0,2633,0,0,0,0,0,0
302,6518,303.182480053267,99984,103,60,10,2,1916,970,0.02886461833893423,58,43,48495,49226,1332,667,0,0,0,0,0,0,97297,0,0,24,0,0,0,0,0,0,0,2663,0,0,0,0,0,0
303,6518,304.19133141675144,99984,101,64,10,2,1925,983,0.02908465354456713,71,39,48478,49217,1338,676,0,0,0,0,0,0,97278,0,0,25,0,0,0,0,0,0,0,2681,0,0,0,0,0,0
304,6518,305.20044856495207,99984,108,59,10,2,1941,994,0.029354696751480235,78,37,48458,49211,1344,689,0,0,0,0,0,0,97253,0,0,25,0,0,0,0,0,0,0,2706,0,0,0,0,0,0
305,6518,306.209884011204,99984,116,61,10,2,1966,1003,0.02969475116018563,74,36,48443,49207,1355,692,0,0,0,0,0,0,97229,0,0,25,0,0,0,0,0,0,0,2730,0,0,0,0,0,0
306,6518,307.2195840400715,99984,116,64,10,2,1988,1017,0.030054808769403106,75,29,48427,49204,1370,699,0,0,0,0,0,0,97196,0,0,25,0,0,0,0,0,0,0,2763,0,0,0,0,0,0
307,6518,308.22961644795,99984,118,69,10,2,2011,1027,0.030384861577852456,73,29,48412,49198,1385,700,0,0,0,0,0,0,97170,0,0,25,0,0,0,0,0,0,0,2789,0,0,0,0,0,0
308,6518,309.23995489877484,99984,117,72,10,2,2032,1037,0.030694911185789726,81,32,48388,49189,1402,703,0,0,0,0,0,0,97143,0,0,27,0,0,0,0,0,0,0,2814,0,0,0,0,0,0
309,6518,310.2506517862103,99983,133,66,10,3,2058,1048,0.031065281097786623,70,31,48380,49182,1405,716,0,0,0,0,0,0,97117,0,0,28,0,0,0,0,0,0,0,2838,0,0,0,0,0,0
310,6518,311.2614929949623,99982,119,63,11,3,2073,1058,0.03131563681462663,66,32,48374,49173,1428,727,0,0,0,0,0,0,97075,0,0,28,0,0,0,0,0,0,0,2879,0,0,0,0,0,0
311,6518,312.2726292062434,99982,119,57,11,3,2091,1061,0.03152567462143186,71,37,48357,49166,1440,735,0,0,0,0,0,0,97049,0,0,29,0,0,0,0,0,0,0,2904,0,0,0,0,0,0
312,6518,313.2841161504926,99982,114,52,11,3,2106,1071,0.031775719629533315,67,37,48350,49158,1456,748,0,0,0,0,0,0,97014,0,0,29,0,0,0,0,0,0,0,2939,0,0,0,0,0,0
313,6518,314.29583945761544,99982,113,48,11,3,2121,1076,0.031975755636014486,71,39,48340,49152,1463,756,0,0,0,0,0,0,96990,0,0,30,0,0,0,0,0,0,0,2962,0,0,0,0,0,0
314,6518,315.30776468310074,99982,109,52,11,3,2132,1086,0.03218579344281971,83,44,48323,49140,1472,759,0,0,0,0,0,0,96969,0,0,30,0,0,0,0,0,0,0,2983,0,0,0,0,0,0
315,6518,316.31995064146463,99982,106,51,11,3,2151,1097,0.03248584745254146,81,43,48314,49132,1486,769,0,0,0,0,0,0,96935,0,0,30,0,0,0,0,0,0,0,3017,0,0,0,0,0,0
316,6518,317.3323921881213,99982,112,53,11,3,2174,1111,0.032855914064531616,78,39,48295,49125,1502,778,0,0,0,0,0,0,96906,0,0,30,0,0,0,0,0,0,0,3046,0,0,0,0,0,0
317,6518,318.00754511160767,99982,109,56,11,3,2185,1118,0.03303594647036467,79,36,48286,49121,1513,782,0,0,0,0,0,0,96888,0,0,30,0,0,0,0,0,0,0,3064,0,0,0,0,0,0
318,6518,319.0205602370423,99982,110,58,11,3,2201,1127,0.03328599147846612,84,36,48269,49116,1524,785,0,0,0,0,0,0,96866,0,0,30,0,0,0,0,0,0,0,3086,0,0,0,0,0,0
319,6518,320.03384229776543,99982,120,56,11,3,2229,1135,0.033646056290132224,71,33,48256,49111,1539,794,1,1,1,1,0,0,96836,0,0,30,0,0,0,0,0,0,2,3114,0,0,0,0,0,0
320,6518,321.24445112170207,99982,122,56,11,3,2250,1147,0.03397611570082615,69,29,48251,49107,1543,801,2,2,2,2,0,0,96805,0,0,32,0,0,0,0,0,0,4,3141,0,0,0,0,0,0
321,6518,322.3135514844097,99982,115,54,11,3,2267,1154,0.03421615890860355,69,33,48238,49101,1562,804,3,3,3,3,0,0,96771,0,0,33,0,0,0,0,0,0,6,3172,0,0,0,0,0,0
322,6518,323.115283702518,99982,112,56,11,3,2285,1163,0.034486207517353124,57,33,48236,49094,1578,808,4,4,4,4,0,0,96741,0,0,33,0,0,0,0,0,0,8,3200,0,0,0,0,0,0
323,6518,324.043396353068,99982,113,57,11,3,2298,1169,0.034676241723510234,55,36,48229,49085,1584,811,6,6,6,6,0,0,96720,0,0,33,0,0,0,0,0,0,12,3217,0,0,0,0,0,0
324,6518,325.06534523469963,99982,108,60,11,3,2311,1179,0.03490628313096358,59,34,48216,49077,1596,816,8,8,8,8,0,0,96691,0,0,33,0,0,0,0,0,0,16,3242,0,0,0,0,0,0
325,6518,326.0224518761718,99982,105,61,11,3,2326,1187,0.03513632453841691,64,40,48199,49064,1609,819,10,11,11,10,0,0,96665,0,0,37,0,0,0,0,0,0,21,3259,0,0,0,0,0,0
326,6518,327.00461479771957,99982,103,66,11,3,2344,1198,0.035426376747814604,58,39,48187,49052,1626,824,13,14,14,13,0,0,96633,0,0,37,0,0,0,0,0,0,27,3285,0,0,0,0,0,0
327,6518,328.1002308147604,99982,100,66,11,3,2359,1212,0.0357164289572123,63,37,48171,49042,1637,832,16,18,18,16,0,0,96594,0,0,37,0,0,0,0,0,0,34,3317,0,0,0,0,0,0
328,6518,329.0013262771268,99982,103,69,11,3,2371,1219,0.03590646316336941,66,40,48155,49030,1643,833,20,23,23,20,0,0,96572,0,0,37,0,0,0,0,0,0,43,3330,0,0,0,0,0,0
329,6518,330.0095096118733,99982,99,66,11,3,2385,1227,0.03612650277049869,68,34,48142,49023,1654,843,24,29,29,24,0,0,96534,0,0,38,0,0,0,0,0,0,53,3357,0,0,0,0,0,0
330,6518,331.09906566227073,99982,102,66,11,3,2410,1239,0.036496569382488846,69,39,48119,49009,1668,845,29,36,36,29,0,0,96492,0,0,39,0,0,0,0,0,0,62,3386,3,0,0,0,0,0
331,6518,332.11567569113754,99982,113,65,11,3,2429,1249,0.03678662159188654,72,35,48100,48999,1667,852,35,44,44,35,0,0,96459,0,0,39,0,0,0,0,0,0,76,3405,3,0,0,0,0,0
332,6518,333.1325458538557,99982,104,58,11,3,2441,1254,0.03695665219739553,80,37,48081,48986,1681,861,41,53,53,41,0,0,96412,0,0,39,0,0,0,0,0,0,90,3437,4,0,0,0,0,0
333,6518,334.1498671441395,99982,99,62,11,3,2452,1263,0.0371566882038767,82,37,48066,48970,1693,863,47,63,63,48,0,0,96376,0,0,40,0,0,0,0,0,0,106,3455,5,0,0,0,0,0
334,6518,335.1675338718741,99982,100,61,11,3,2470,1277,0.037476745814246565,82,27,48047,48959,1704,875,54,73,74,56,0,0,96326,0,0,40,0,0,0,0,0,0,124,3486,6,0,0,0,0,0
335,6518,336.18558131532143,99982,110,54,11,3,2491,1282,0.03773679262267208,74,30,48031,48941,1710,885,62,85,86,64,0,0,96283,0,0,40,0,0,0,0,0,0,144,3509,6,0,0,0,0,0
336,6518,337.2039629721634,99981,105,57,12,3,2508,1291,0.03799721947169962,72,31,48019,48920,1719,889,71,98,100,73,0,0,96233,0,0,40,0,0,0,0,0,0,166,3535,7,0,0,0,0,0
337,6518,338.2227043239198,99981,110,55,12,3,2527,1301,0.03828727458217061,76,35,47995,48894,1724,898,81,113,115,83,0,0,96185,0,0,41,0,0,0,0,0,0,189,3557,9,0,0,0,0,0
338,6518,339.24183801720227,99981,107,49,12,3,2544,1311,0.038557325891919465,76,32,47975,48874,1736,910,92,130,132,94,0,0,96124,0,0,43,0,0,0,0,0,0,216,3588,10,0,0,0,0,0
339,6518,340.26142761922574,99981,112,51,12,3,2561,1318,0.03879737150058511,71,37,47957,48848,1742,912,104,147,150,106,0,0,96077,0,0,43,0,0,0,0,0,0,246,3605,10,0,0,0,0,0
340,6518,341.2813727335729,99981,112,55,12,3,2578,1326,0.039047419009611825,65,37,47942,48821,1751,915,116,167,170,118,0,0,96025,0,0,43,0,0,0,0,0,0,277,3625,11,0,0,0,0,0
341,6518,342.3016780924043,99981,115,49,12,3,2596,1334,0.03930746841899961,63,35,47917,48797,1762,927,129,187,191,131,0,0,95963,0,0,43,0,0,0,0,0,0,310,3653,12,0,0,0,0,0
342,6518,343.32253227727483,99981,110,48,12,3,2607,1338,0.039457496924415636,69,38,47892,48770,1773,929,142,210,214,145,0,0,95907,0,0,44,0,0,0,0,0,0,346,3671,13,0,0,0,0,0
343,6518,344.0033895486669,99981,108,50,12,3,2616,1343,0.0395975235294706,67,38,47879,48743,1776,929,156,235,239,160,0,0,95857,0,0,45,0,0,0,0,0,0,383,3680,16,0,0,0,0,0
344,6518,345.025116241897,99981,119,51,12,3,2644,1351,0.03995759194246907,55,35,47853,48720,1787,930,172,259,266,176,0,0,95793,0,0,46,0,0,0,0,0,0,424,3700,18,0,0,0,0,0
345,6518,346.0473696831467,99981,112,53,12,3,2661,1360,0.040217641351856855,58,32,47826,48687,1803,935,187,288,295,193,0,0,95717,0,0,46,0,0,0,0,0,0,469,3730,19,0,0,0,0,0
346,6518,347.0702402562213,99981,117,51,12,3,2680,1369,0.04049769456196677,58,30,47801,48654,1807,941,203,319,326,211,0,0,95644,0,0,46,0,0,0,0,0,0,517,3754,20,0,0,0,0,0
347,6518,348.0936132247499,99981,118,55,12,3,2698,1383,0.04081775537352097,53,24,47777,48615,1819,949,219,352,359,230,0,0,95566,0,0,46,0,0,0,0,0,0,568,3780,21,0,0,0,0,0
348,6518,349.1175097857898,99981,112,51,12,3,2707,1386,0.040937778177853795,55,28,47754,48583,1827,947,238,386,394,250,0,0,95491,0,0,46,0,0,0,0,0,0,621,3800,23,0,0,0,0,0
349,6518,350.1419298554193,99981,104,48,12,3,2720,1390,0.04110781048399196,59,34,47721,48540,1843,950,259,423,431,271,0,0,95408,0,0,46,0,0,0,0,0,0,676,3825,26,0,0,0,0,0
350,6518,351.16709806702335,99981,100,52,12,3,2737,1401,0.04138786369410188,55,32,47695,48496,1856,953,280,462,470,293,0,0,95320,0,0,46,0,0,0,0,0,0,736,3852,27,0,0,0,0,0
351,6518,352.1929021150169,99981,102,46,12,3,2751,1407,0.04158790170132325,52,33,47669,48453,1860,960,303,503,511,316,0,0,95235,0,0,46,0,0,0,0,0,0,797,3873,30,0,0,0,0,0
352,6518,353.21929103048313,99981,107,47,12,3,2769,1418,0.041877956811794244,49,34,47637,48402,1870,967,323,545,554,340,0,0,95146,0,0,46,0,0,0,0,0,0,863,3895,31,0,0,0,0,0
353,6518,354.2463386193107,99981,113,45,12,3,2788,1423,0.04211800242045989,47,36,47607,48357,1871,970,348,587,599,365,0,0,95058,0,0,46,0,0,0,0,0,0,931,3913,33,0,0,0,0,0
354,6518,355.2740240819026,99981,116,55,12,3,2806,1438,0.04244806513237515,49,33,47568,48304,1880,970,373,633,647,391,0,0,94966,0,0,46,0,0,0,0,0,0,1003,3931,35,0,0,0,0,0
355,6518,356.30244635547376,99981,116,50,12,3,2822,1445,0.04267810884067973,46,35,47543,48255,1884,977,397,678,697,418,0,0,94865,0,0,46,0,0,0,0,0,0,1076,3955,39,0,0,0,0,0
356,6518,357.3314826783016,99981,116,49,12,3,2836,1453,0.04289815064862324,48,34,47505,48201,1892,982,425,729,750,446,0,0,94765,0,0,48,0,0,0,0,0,0,1155,3972,41,0,0,0,0,0
357,6518,358.0179138332132,99981,110,49,12,3,2845,1459,0.043048179154039266,50,33,47472,48150,1900,980,454,783,805,475,0,0,94672,0,0,49,0,0,0,0,0,0,1228,3980,52,0,0,0,0,0
358,6518,359.04847738836736,99981,108,51,12,3,2860,1468,0.04328822476270491,58,36,47428,48087,1911,982,481,839,863,505,0,0,94561,0,0,49,0,0,0,0,0,0,1315,4003,53,0,0,0,0,0
359,6518,360.07992315881444,99980,95,51,13,3,2870,1475,0.04345869173834767,62,40,47394,48023,1924,985,510,896,923,536,0,0,94441,0,0,49,0,0,0,0,0,0,1405,4031,54,0,0,0,0,0
360,6518,361.1121612007972,99979,89,51,14,3,2889,1481,0.04370917892757479,54,48,47360,47956,1943,985,538,955,986,568,0,0,94319,0,0,49,0,0,0,0,0,0,1496,4057,58,0,0,0,0,0
361,6518,362.1452193905926,99979,91,47,14,3,2904,1487,0.043919223036837735,48,48,47327,47896,1947,990,571,1014,1051,602,0,0,94199,0,0,50,0,0,0,0,0,0,1594,4077,59,0,0,0,0,0
362,6518,363.1790532276758,99979,86,54,14,3,2917,1501,0.044189279748747236,52,44,47283,47825,1960,993,603,1079,1119,637,0,0,94073,0,0,50,0,0,0,0,0,0,1695,4100,61,0,0,0,0,0
363,6518,364.2138333406343,99978,86,60,14,4,2931,1514,0.04445978115185341,48,37,47248,47761,1966,992,636,1144,1189,673,0,0,93953,0,0,50,0,0,0,0,0,0,1794,4113,68,0,0,0,0,0
364,6518,365.2494681681138,99978,83,60,14,4,2948,1523,0.04471983836444018,44,39,47205,47686,1980,996,672,1213,1262,710,0,0,93822,0,0,50,1,0,0,0,0,0,1897,4134,74,0,0,0,0,0
365,6518,366.28607853729596,99978,89,74,14,4,2964,1542,0.045069915381383906,48,31,47154,47608,1983,996,710,1285,1338,748,0,0,93698,0,0,50,1,0,0,0,0,0,2006,4144,79,0,0,0,0,0
366,6518,367.3236396925803,99978,89,73,14,4,2979,1551,0.04530996819300246,57,29,47101,47532,1991,1002,746,1358,1417,787,0,0,93560,0,0,52,1,0,0,0,0,0,2121,4162,82,0,0,0,0,0
367,6518,368.01595999777203,99978,88,67,14,4,2985,1554,0.04539998799735942,65,31,47055,47452,1993,1008,783,1436,1498,828,0,0,93425,0,0,51,2,0,0,0,0,0,2240,4176,84,0,0,0,0,0
368,6518,369.05561165620503,99978,86,72,14,4,3001,1566,0.0456800496109144,72,27,47002,47372,2004,1012,820,1511,1582,870,0,0,93282,0,0,53,2,0,0,0,0,0,2360,4191,90,0,0,0,0,0
369,6518,370.0964003624583,99978,86,61,14,4,3016,1571,0.04588009362059653,74,28,46953,47285,2011,1026,860,1594,1669,913,0,0,93126,0,0,53,2,0,0,0,0,0,2485,4217,95,0,0,0,0,0
370,6518,371.13821488315284,99978,95,58,14,4,3036,1577,0.0461401508331833,73,35,46903,47197,2014,1029,899,1675,1759,957,0,0,92978,0,0,53,3,0,0,0,0,0,2614,4231,99,0,0,0,0,0
371,6518,372.18103146805083,99978,109,61,14,4,3061,1588,0.04650023005061114,67,37,46855,47103,2013,1032,940,1761,1852,1002,0,0,92827,0,0,53,3,0,0,0,0,0,2746,4244,105,0,0,0,0,0
372,6518,373.2248922570818,99978,103,63,14,4,3073,1596,0.04670027406029326,72,39,46800,47005,2023,1036,986,1851,1947,1049,0,0,92668,0,0,53,3,0,0,0,0,0,2881,4261,112,0,0,0,0,0
373,6518,374.2699155773545,99978,108,64,14,4,3092,1609,0.047020344475784674,77,32,46739,46914,2032,1040,1028,1944,2045,1097,0,0,92500,0,0,53,3,0,0,0,0,0,3023,4283,116,0,0,0,0,0
374,6518,375.31619351255983,99978,107,68,14,4,3111,1618,0.04730040608933966,76,34,46685,46814,2046,1039,1070,2039,2146,1146,0,0,92331,0,0,53,3,0,0,0,0,0,3167,4302,122,0,0,0,0,0
375,6518,376.0144128351095,99978,114,72,14,4,3127,1625,0.0475304567004741,67,34,46636,46713,2050,1040,1117,2135,2250,1196,0,0,92168,0,0,54,3,0,0,0,0,0,3319,4310,124,0,0,0,0,0
376,6518,377.06300986730844,99977,114,68,15,4,3144,1632,0.04777098732708523,70,38,46578,46610,2057,1045,1164,2233,2357,1248,0,0,91986,0,0,54,3,0,0,0,0,0,3473,4332,129,0,0,0,0,0
377,6518,378.1127769988845,99977,123,67,15,4,3163,1643,0.04807105634295888,64,40,46526,46500,2058,1053,1212,2334,2467,1301,0,0,91806,0,0,54,3,0,0,0,0,0,3631,4349,134,0,0,0,0,0
378,6518,379.1637604369449,99977,121,70,15,4,3184,1654,0.048391129959890776,62,40,46466,46388,2070,1055,1264,2441,2580,1355,0,0,91615,0,0,55,3,0,0,0,0,0,3792,4372,140,0,0,0,0,0
379,6518,380.2161052429007,99977,132,62,15,4,3207,1659,0.048671194374706184,60,39,46407,46279,2072,1061,1312,2553,2695,1410,0,0,91423,0,0,55,3,0,0,0,0,0,3959,4394,143,0,0,0,0,0
380,6518,381.2697795121529,99977,143,63,15,4,3233,1670,0.049041279494283684,57,37,46341,46171,2077,1067,1365,2656,2813,1467,0,0,91231,0,0,55,3,0,0,0,0,0,4126,4411,151,0,0,0,0,0
381,6518,382.3247971322572,99977,136,61,15,4,3249,1680,0.04930133930804085,62,37,46282,46055,2087,1075,1416,2766,2934,1525,0,0,91025,0,0,56,3,0,0,0,0,0,4298,4437,158,0,0,0,0,0
382,6518,383.02891596897473,99977,133,68,15,4,3257,1691,0.049491383018094165,77,36,46218,45934,2086,1072,1469,2884,3058,1584,0,0,90837,0,0,56,3,0,0,0,0,0,4471,4442,168,0,0,0,0,0
383,6518,384.0867180882198,99977,135,71,15,4,3277,1703,0.049811456635026057,76,34,46151,45809,2096,1081,1525,2999,3185,1644,0,0,90628,0,0,56,3,0,0,0,0,0,4653,4464,173,0,0,0,0,0
384,6518,385.1459760646027,99977,137,75,15,4,3306,1716,0.050231553257249165,69,31,46084,45684,2111,1083,1582,3121,3315,1705,0,0,90409,0,0,59,3,0,0,0,0,0,4839,4489,178,0,0,0,0,0
385,6518,386.2067746299957,99977,137,70,15,4,3323,1725,0.05049161307100633,78,34,46018,45560,2117,1090,1633,3240,3448,1768,0,0,90192,0,0,59,4,0,0,0,0,0,5026,4510,186,0,0,0,0,0
386,6518,387.26902858776344,99977,134,74,15,4,3342,1736,0.05079168208687998,80,37,45947,45439,2129,1085,1693,3359,3583,1832,0,0,89975,0,0,59,4,0,0,0,0,0,5214,4528,197,0,0,0,0,0
387,6518,388.33285475839864,99977,127,69,15,4,3357,1745,0.051031737299578904,83,37,45878,45317,2142,1087,1753,3484,3721,1897,0,0,89745,0,0,59,4,0,0,0,0,0,5408,4555,206,0,0,0,0,0
388,6518,389.04299956192074,99977,133,68,15,4,3375,1750,0.0512617902117487,89,36,45798,45185,2147,1089,1816,3616,3862,1963,0,0,89535,0,0,61,4,0,0,0,0,0,5602,4556,219,0,0,0,0,0
389,6518,390.1102375897762,99976,136,69,16,4,3405,1763,0.051692406177482594,78,33,45727,45051,2164,1097,1877,3744,4006,2031,0,0,89293,0,0,63,4,0,0,0,0,0,5807,4583,226,0,0,0,0,0
390,6518,391.1792522230309,99976,136,69,16,4,3424,1773,0.0519824757941906,87,32,45651,44912,2173,1103,1935,3878,4153,2100,0,0,89056,0,0,63,4,0,0,0,0,0,6015,4604,234,0,0,0,0,0
391,6518,392.2499421139978,99976,140,64,16,4,3446,1780,0.05227254541089862,83,34,45583,44780,2177,1105,1999,4011,4302,2170,0,0,88819,0,0,63,4,0,0,0,0,0,6222,4622,246,0,0,0,0,0
392,6518,393.3222891771824,99975,139,60,16,5,3471,1789,0.05261315328832208,72,34,45526,44644,2187,1108,2058,4147,4454,2241,0,0,88571,0,0,64,4,0,0,0,0,0,6432,4645,259,0,0,0,0,0
393,6518,394.03802507758263,99975,132,63,16,5,3486,1799,0.05286321580395099,73,35,45454,44494,2200,1108,2123,4293,4609,2314,0,0,88329,0,0,63,5,0,0,0,0,0,6645,4660,273,0,0,0,0,0
394,6518,395.1135620166834,99975,126,65,16,5,3501,1812,0.05314328582145536,77,29,45380,44345,2206,1114,2193,4440,4766,2388,0,0,88078,0,0,65,5,0,0,0,0,0,6866,4678,283,0,0,0,0,0
395,6518,396.1908773290886,99975,132,64,16,5,3522,1820,0.053433358339584895,81,31,45303,44196,2207,1115,2259,4587,4926,2463,0,0,87835,0,0,66,5,0,0,0,0,0,7086,4685,298,0,0,0,0,0
396,6518,397.2699674510682,99975,142,59,16,5,3549,1826,0.053763440860215055,77,33,45226,44045,2215,1118,2322,4738,5088,2539,0,0,87578,0,0,66,5,0,0,0,0,0,7315,4704,307,0,0,0,0,0
397,6518,398.3508220735986,99975,131,56,16,5,3567,1834,0.05402350587646912,75,37,45150,43892,2232,1119,2394,4889,5253,2616,0,0,87314,0,0,68,5,0,0,0,0,0,7541,4724,323,0,0,0,0,0
398,6518,399.0724683819572,99975,133,66,16,5,3583,1846,0.05430357589397349,72,28,45080,43736,2233,1116,2464,5047,5421,2694,0,0,87062,0,0,68,6,0,0,0,0,0,7778,4730,331,0,0,0,0,0
399,6518,400.15696259694545,99975,126,67,16,5,3603,1855,0.05459364841210303,73,29,44995,43582,2248,1119,2540,5196,5591,2774,0,0,86792,0,0,71,6,0,0,0,0,0,8016,4747,343,0,0,0,0,0
400,6518,401.24353860995205,99975,132,66,16,5,3622,1865,0.05488372093023256,86,31,44899,43427,2253,1123,2612,5346,5763,2855,0,0,86526,0,0,73,6,0,0,0,0,0,8260,4758,352,0,0,0,0,0
401,6518,402.3322025766293,99975,122,64,16,5,3639,1877,0.05517379344836209,84,28,44825,43268,2269,1126,2682,5507,5938,2937,0,0,86240,0,0,72,7,0,0,0,0,0,8505,4788,363,0,0,0,0,0
402,6518,403.05905416220634,99974,123,62,16,6,3649,1883,0.05533438694060456,89,29,44748,43105,2267,1125,2755,5671,6115,3020,0,0,85978,0,0,71,8,0,0,0,0,0,8750,4790,377,0,0,0,0,0
403,6518,404.15166481888286,99974,116,61,16,6,3668,1890,0.05559445455818513,91,26,44665,42947,2280,1124,2830,5834,6295,3104,0,0,85696,0,0,71,8,0,0,0,0,0,8998,4808,393,0,0,0,0,0
404,6518,405.24621287055953,99974,123,62,16,6,3692,1899,0.05592454038049893,81,30,44593,42777,2284,1125,2901,5998,6477,3189,0,0,85413,0,0,73,8,0,0,0,0,0,9258,4822,400,0,0,0,0,0
405,6518,406.3426470322139,99974,120,53,16,6,3711,1904,0.05616460279672715,80,31,44505,42618,2295,1129,2982,6161,6661,3276,0,0,85124,0,0,74,9,0,0,0,0,0,9513,4839,415,0,0,0,0,0
406,6518,407.07479084422084,99974,125,46,16,6,3724,1907,0.05632464440754596,88,32,44409,42456,2298,1129,3062,6329,6847,3364,0,0,84847,0,0,75,9,0,0,0,0,0,9773,4841,429,0,0,0,0,0
407,6518,408.17562758505557,99974,140,50,16,6,3754,1915,0.056704743233240644,80,34,44331,42299,2300,1119,3131,6490,7035,3453,0,0,84570,0,0,77,9,0,0,0,0,0,10033,4839,446,0,0,0,0,0
408,6518,409.2783895556175,99974,150,54,16,6,3779,1928,0.057084842058935326,79,31,44240,42130,2301,1121,3212,6656,7225,3543,0,0,84280,0,0,77,9,0,0,0,0,0,10299,4849,460,0,0,0,0,0
409,6518,410.01471476132616,99974,142,61,16,6,3794,1938,0.05733490707583972,81,31,44149,41959,2313,1117,3297,6824,7417,3634,0,0,83983,0,0,79,9,0,0,0,0,0,10572,4861,470,0,0,0,0,0
410,6518,411.1217651142111,99974,144,67,16,6,3820,1948,0.05769500070018205,81,34,44070,41793,2314,1109,3373,6989,7611,3726,0,0,83695,0,0,80,10,0,0,0,0,0,10834,4862,493,0,0,0,0,0
411,6518,412.23087093285017,99974,147,61,16,6,3844,1957,0.05802508652249585,79,32,43978,41623,2327,1120,3451,7156,7807,3819,0,0,83381,0,0,81,10,0,0,0,0,0,11113,4886,503,0,0,0,0,0
412,6518,413.3422506317591,99974,146,65,16,6,3864,1970,0.05835517234480965,80,31,43897,41445,2330,1122,3529,7329,8005,3913,0,0,83076,0,0,82,10,0,0,0,0,0,11389,4898,519,0,0,0,0,0
413,6518,414.0843915770765,99974,150,64,16,6,3883,1977,0.05861523996239022,76,32,43801,41265,2334,1120,3621,7511,8205,4008,0,0,82774,0,0,82,10,0,0,0,0,0,11668,4905,535,0,0,0,0,0
414,6518,415.2003769770846,99974,137,66,16,6,3898,1983,0.058825294576589915,82,33,43714,41096,2349,1115,3700,7682,8407,4104,0,0,82457,0,0,82,10,0,0,0,0,0,11953,4924,548,0,0,0,0,0
415,6518,416.3186540207583,99974,133,66,16,6,3923,1994,0.05918538820093224,78,29,43632,40924,2363,1114,3776,7859,8610,4201,0,0,82141,0,0,85,10,0,0,0,0,0,12232,4937,569,0,0,0,0,0
416,6518,417.0653481770164,99974,140,62,16,6,3940,2000,0.05941544801648429,82,24,43537,40748,2356,1110,3867,8048,8815,4299,0,0,81840,0,0,85,10,0,0,0,0,0,12513,4935,591,0,0,0,0,0
417,6518,418.1881551631003,99974,138,58,16,6,3966,2004,0.05971552603676956,76,33,43451,40563,2368,1107,3949,8231,9022,4398,0,0,81518,0,0,85,10,0,0,0,0,0,12799,4951,611,0,0,0,0,0
418,6518,419.31329980987135,99974,142,60,16,6,3991,2017,0.06009562486246424,69,27,43363,40386,2375,1108,4033,8411,9230,4498,0,0,81203,0,0,88,10,0,0,0,0,0,13085,4955,633,0,0,0,0,0
419,6518,420.0646609196285,99974,149,62,16,6,4005,2026,0.060325684678016286,98,52,43250,40166,2363,1109,4122,8603,9440,4599,0,0,80901,8,1,88,10,0,0,0,0,0,13373,4938,655,0,0,0,0,0
420,6518,421.0916852901176,99974,154,73,16,6,4027,2045,0.060735791305739494,119,52,43132,39975,2365,1105,4212,8787,9651,4701,0,0,80579,30,4,88,10,0,0,0,0,0,13670,4925,668,0,0,0,0,0
421,6518,422.12108526792997,99974,154,78,16,6,4060,2060,0.06121591613819593,122,52,43026,39798,2376,1100,4304,8964,9864,4804,0,0,80244,70,6,89,10,0,0,0,0,0,13963,4903,689,0,0,0,0,0
422,6518,423.153009859963,99974,156,85,16,6,4093,2078,0.0617260487726809,126,62,42916,39596,2388,1106,4396,9143,10078,4908,0,0,79908,104,12,89,11,0,0,0,0,0,14259,4886,705,0,0,0,0,0
423,6518,424.187464483022,99974,153,91,16,6,4115,2095,0.062116150199051756,150,63,42790,39410,2400,1106,4489,9322,10293,5013,0,0,79571,136,15,90,11,0,0,0,0,0,14561,4870,720,0,0,0,0,0
424,6518,425.2245656576042,99974,171,94,16,6,4157,2110,0.06268629843759377,146,69,42685,39211,2403,1109,4577,9509,10509,5119,0,0,79237,165,18,93,12,0,0,0,0,0,14863,4850,736,0,0,0,0,0
425,6518,426.26406641509425,99973,185,96,17,6,4195,2130,0.06326708211217029,155,76,42572,39012,2406,1116,4663,9692,10726,5226,0,0,78896,202,22,93,12,0,0,0,0,0,15162,4829,757,0,0,0,0,0
426,6518,427.3061202300143,99973,197,95,17,6,4236,2148,0.0638572414551929,157,86,42452,38819,2420,1126,4755,9866,10945,5334,0,0,78551,238,32,95,12,0,0,0,0,0,15461,4809,775,0,0,0,0,0
427,6518,428.0023452923945,99973,216,105,17,6,4273,2164,0.06438738459384033,156,86,42337,38617,2424,1123,4848,10061,11165,5442,0,0,78226,259,35,95,12,0,0,0,0,0,15762,4785,799,0,0,0,0,0
428,6518,429.0496840071431,99973,231,116,17,6,4315,2187,0.06503756014123814,178,97,42196,38418,2440,1125,4936,10236,11386,5551,0,0,77879,293,38,97,12,0,0,0,0,0,16072,4766,816,0,0,0,0,0
429,6518,430.10000386094754,99973,238,123,17,6,4360,2212,0.06573774919228191,195,95,42067,38220,2459,1129,5022,10425,11607,5661,0,0,77523,339,47,97,13,0,0,0,0,0,16373,4745,836,0,0,0,0,0
430,6518,431.15321058598715,99973,238,128,17,6,4410,2241,0.06652796254988846,203,84,41939,38023,2494,1147,5107,10610,11829,5772,0,0,77139,401,56,100,13,0,0,0,0,0,16686,4731,847,0,0,0,0,0
431,6518,432.2094887920658,99973,254,146,17,6,4461,2272,0.06734818400968262,211,94,41815,37818,2511,1142,5190,10792,12052,5884,0,0,76791,442,59,103,14,0,0,0,0,0,16990,4700,874,0,0,0,0,0
432,6518,433.2685113154084,99973,286,147,17,6,4532,2297,0.06830844327968552,213,108,41697,37608,2521,1154,5264,10975,12276,5996,0,0,76424,489,71,107,14,0,0,0,0,0,17298,4680,890,0,0,0,0,0
433,6518,434.3302252468087,99973,297,150,17,6,4589,2325,0.06915867284166725,242,114,41542,37405,2545,1170,5355,11153,12500,6109,0,0,76055,537,92,109,14,0,0,0,0,0,17598,4662,906,0,0,0,0,0
434,6518,435.039941636124,99973,322,151,17,6,4644,2346,0.06991887809708622,234,119,41416,37200,2556,1182,5453,11340,12725,6223,0,0,75698,575,101,112,14,0,0,0,0,0,17908,4639,926,0,0,0,0,0
435,6518,436.108014330995,99973,318,164,17,6,4694,2381,0.07076910765906795,248,122,41286,36992,2586,1194,5543,11520,12951,6338,0,0,75318,642,107,113,16,0,0,0,0,0,18215,4610,952,0,0,0,0,0
436,6518,437.1792725003183,99971,330,181,18,7,4757,2426,0.07185083674265537,263,121,41137,36775,2621,1209,5629,11705,13177,6453,0,0,74931,703,120,115,17,0,0,0,0,0,18526,4592,967,0,0,0,0,0
437,6518,438.2540423283274,99971,347,185,18,7,4842,2461,0.07305118484360465,266,127,40978,36577,2672,1227,5717,11875,13404,6569,0,0,74530,780,136,117,20,0,0,0,0,0,18834,4570,984,0,0,0,0,0
438,6518,439.33269703872224,99971,377,195,18,7,4916,2493,0.0741114923327765,294,122,40813,36393,2696,1232,5800,12049,13631,6686,0,0,74161,829,149,119,22,0,0,0,0,0,19141,4544,1006,0,0,0,0,0
439,6518,440.05379814408917,99971,371,204,18,7,4961,2519,0.07482169829250483,311,136,40666,36167,2732,1237,5900,12247,13858,6803,0,0,73789,879,162,123,23,0,0,0,0,0,19450,4518,1027,0,0,0,0,0
440,6518,441.13966446389935,99971,387,203,18,7,5030,2552,0.07584199417831171,336,149,40499,35954,2774,1263,5984,12422,14086,6921,0,0,73388,950,175,124,24,0,0,0,0,0,19766,4501,1043,0,0,0,0,0
441,6518,442.22951108319006,99971,418,218,18,7,5120,2594,0.07716237708935592,343,154,40336,35747,2809,1280,6074,12592,14314,7040,0,0,73001,1015,186,132,26,0,0,0,0,0,20077,4468,1066,0,0,0,0,0
442,6518,443.3232740029442,99970,434,248,19,7,5207,2647,0.07856356907072122,376,150,40159,35538,2855,1289,6155,12766,14542,7159,0,0,72598,1087,201,137,26,0,0,0,0,0,20391,4446,1084,0,0,0,0,0
443,6518,444.0546574427533,99970,468,254,19,7,5281,2681,0.07964389316795038,378,159,40008,35314,2878,1302,6247,12962,14770,7279,0,0,72220,1136,214,140,27,1,0,0,0,0,20707,4424,1101,0,0,0,0,0
444,6518,445.1560325505082,99970,511,263,19,7,5399,2727,0.08128438531559468,367,181,39847,35099,2925,1331,6329,13117,14998,7399,0,0,71801,1223,233,145,28,1,0,0,0,0,21020,4403,1116,0,0,0,0,0
445,6518,446.2613243341431,99969,543,273,20,7,5512,2776,0.08290570076723784,385,200,39663,34882,2977,1360,6410,13276,15226,7520,0,0,71372,1317,256,147,28,1,0,0,0,0,21331,4386,1131,0,0,0,0,0
446,6518,447.00059275956704,99969,530,285,20,7,5570,2820,0.08392601706529024,424,194,39489,34680,3024,1378,6511,13454,15454,7642,0,0,70969,1390,281,152,28,1,0,0,0,0,21636,4361,1151,0,0,0,0,0
447,6518,448.11462262382844,99969,577,292,20,7,5699,2873,0.08574658144024648,424,203,39302,34481,3071,1415,6604,13600,15682,7764,0,0,70553,1473,314,161,29,1,0,0,0,0,21934,4335,1169,0,0,0,0,0
448,6518,449.23345525639354,99967,610,299,21,8,5828,2923,0.08753888783298489,442,227,39104,34260,3136,1446,6685,13758,15910,7887,0,0,70107,1581,338,163,32,1,0,0,0,0,22246,4318,1181,0,0,0,0,0
449,6518,450.3572169611085,99967,652,323,21,8,5982,2985,0.08969960086828653,461,241,38869,34052,3226,1467,6769,13907,16138,8010,0,0,69668,1685,369,172,36,1,0,0,0,0,22548,4293,1195,0,0,0,0,0
450,6518,451.1095234811688,99965,687,332,22,9,6085,3033,0.09121192417346072,463,231,38702,33839,3264,1496,6860,14091,16365,8134,0,0,69266,1754,397,175,39,2,0,0,0,0,22851,4270,1211,0,0,0,0,0
451,6518,452.24354926857603,99964,701,344,23,9,6214,3105,0.09322356048177344,505,242,38488,33603,3344,1541,6937,14259,16592,8258,0,0,68807,1883,433,176,45,2,0,0,0,0,23143,4246,1229,0,0,0,0,0
452,6518,453.0024643324955,99964,720,352,23,9,6316,3146,0.09465407546716818,517,253,38308,33391,3402,1562,7028,14431,16819,8382,0,0,68403,1957,467,180,48,2,0,0,0,0,23438,4221,1248,0,0,0,0,0
453,6518,454.1464269003617,99963,746,381,23,10,6452,3224,0.096795814451347,557,277,38090,33151,3477,1591,7105,14588,17046,8507,0,0,67960,2066,507,186,50,2,0,0,0,0,23730,4196,1266,0,0,0,0,0
454,6518,455.29591782835627,99963,774,400,23,10,6604,3300,0.09907665836359453,580,290,37865,32934,3575,1636,7181,14728,17272,8632,0,0,67494,2193,551,193,51,2,0,0,0,0,24023,4177,1279,0,0,0,0,0
455,6518,456.0656069229349,99963,802,420,23,10,6712,3358,0.10073727279093264,597,305,37675,32702,3633,1665,7268,14896,17498,8758,0,0,67068,2277,575,197,55,2,0,0,0,0,24339,4163,1287,0,0,0,0,0
456,6518,457.2263201785051,99963,850,437,23,10,6892,3452,0.10347828696617749,607,308,37442,32480,3733,1722,7343,15041,17723,8884,0,0,66589,2424,624,208,56,2,0,0,0,0,24621,4133,1306,0,0,0,0,0
457,6518,458.00356169630714,99963,854,442,23,10,7011,3501,0.10515890879625461,642,315,37232,32270,3819,1754,7428,15207,17948,9010,0,0,66149,2532,657,216,63,2,0,0,0,0,24918,4105,1321,0,0,0,0,0
458,6518,459.17644501117104,99962,896,474,24,10,7200,3591,0.10795102138812748,639,329,37032,32045,3922,1797,7485,15343,18172,9137,0,0,65658,2684,697,222,65,2,0,0,0,0,25212,4086,1336,0,0,0,0,0
459,6518,460.3550853569087,99962,965,488,24,10,7394,3677,0.1107520857926012,685,342,36752,31825,4021,1851,7551,15482,18396,9264,0,0,65167,2837,729,231,67,2,0,0,0,0,25517,4064,1348,0,0,0,0,0
460,6518,461.1446868746529,99961,1021,509,25,10,7559,3747,0.11310411060313522,670,339,36542,31610,4100,1887,7640,15643,18619,9391,0,0,64731,2939,765,242,71,2,0,0,0,0,25811,4035,1365,0,0,0,0,0
461,6518,462.3366064295823,99960,1051,521,26,10,7767,3846,0.1161764705882353,717,358,36251,31384,4239,1960,7714,15765,18841,9519,0,0,64208,3123,823,254,74,2,0,0,0,0,26085,4011,1380,0,0,0,0,0
462,6518,463.1357809868478,99960,1060,526,26,10,7910,3912,0.11826730692276911,738,384,36031,31145,4335,2001,7808,15932,19062,9647,0,0,63744,3258,873,257,78,2,0,0,0,0,26361,3988,1399,0,0,0,0,0
463,6518,464.3429575242197,99958,1073,547,26,12,8111,4032,0.12148102202925229,815,408,35736,30904,4483,2079,7865,16048,19283,9775,0,0,63219,3441,943,275,87,2,0,0,0,0,26627,3960,1404,0,0,0,0,0
464,6518,465.15230426945817,99958,1113,560,26,12,8275,4115,0.12395205986514336,862,412,35479,30686,4576,2131,7942,16197,19503,9904,0,0,62759,3569,997,284,88,2,0,0,0,0,26904,3933,1422,0,0,0,0,0
465,6518,466.37525260838606,99958,1135,588,26,12,8508,4246,0.12759358930750916,899,411,35210,30443,4735,2221,7993,16323,19722,10033,0,0,62209,3790,1074,289,95,3,0,0,0,0,27154,3909,1435,0,0,0,0,0
466,6518,467.19516024671907,99956,1190,596,27,13,8701,4329,0.13035735723718436,874,441,35008,30209,4828,2270,8071,16469,19940,10162,0,0,61763,3905,1144,299,102,4,0,0,0,0,27407,3881,1451,0,0,0,0,0
467,6518,468.01980453392315,99956,1252,625,27,13,8889,4419,0.13313858097562928,886,458,34784,29992,4909,2307,8140,16603,20157,10291,0,0,61310,4027,1193,308,104,4,0,0,0,0,27684,3857,1469,0,0,0,0,0
468,6518,469.2645666335429,99956,1308,685,27,13,9173,4570,0.13749049581816,943,457,34472,29775,5067,2376,8181,16692,20374,10420,0,0,60765,4241,1277,322,107,4,0,0,0,0,27928,3827,1485,0,0,0,0,0
469,6518,470.09947158073027,99956,1323,723,27,13,9355,4673,0.14034175037016286,980,469,34219,29542,5196,2416,8253,16835,20590,10550,0,0,60263,4405,1327,331,113,4,0,0,0,0,28213,3810,1490,0,0,0,0,0
470,6518,471.3615929152079,99956,1422,747,27,13,9694,4821,0.1452138941134099,976,497,33897,29305,5375,2514,8301,16922,20805,10680,0,0,59684,4652,1412,350,117,4,0,0,0,0,28451,3778,1508,0,0,0,0,0
471,6518,472.20876298133055,99956,1427,766,27,13,9880,4940,0.14826523670414982,1021,490,33635,29089,5518,2582,8370,17058,21019,10810,0,0,59202,4806,1508,365,125,4,0,0,0,0,28675,3747,1524,0,0,0,0,0
472,6518,473.0617912604314,99956,1467,784,27,13,10111,5045,0.15162671575493217,993,499,33409,28862,5652,2646,8450,17194,21232,10940,0,0,58696,4980,1583,382,125,5,0,0,0,0,28922,3719,1544,0,0,0,0,0
473,6518,474.3516800554081,99954,1510,784,28,14,10443,5192,0.15642195409888549,1020,560,33069,28619,5886,2756,8485,17265,21444,11070,0,0,58066,5279,1682,402,131,5,0,0,0,0,29143,3686,1560,0,0,0,0,0
474,6518,475.2178287904253,99952,1565,775,29,15,10686,5298,0.15991676004482153,1030,556,32803,28433,6018,2837,8553,17382,21655,11200,0,0,57574,5441,1778,425,139,5,0,0,0,0,29363,3650,1577,0,0,0,0,0
475,6518,476.0906218069684,99952,1613,805,29,15,10917,5435,0.16359852729310068,1056,536,32531,28217,6153,2922,8616,17503,21864,11330,0,0,57055,5628,1849,443,142,5,0,0,0,0,29613,3625,1592,0,0,0,0,0
476,6518,477.4114656466694,99951,1681,820,30,15,11275,5605,0.16888275254874888,1084,564,32192,27994,6371,3035,8640,17570,22072,11460,0,0,56455,5898,1977,467,156,5,0,0,0,0,29806,3592,1595,0,0,0,0,0
477,6518,478.2989470548021,99949,1711,863,31,16,11519,5741,0.17268807091616725,1124,563,31900,27768,6528,3101,8704,17687,22279,11590,0,0,55959,6069,2078,486,163,5,0,0,0,0,30021,3560,1608,0,0,0,0,0
478,6518,479.1935036220006,99945,1703,894,34,17,11746,5872,0.17627695232377807,1187,575,31639,27550,6685,3163,8750,17799,22485,11720,0,0,55430,6278,2168,505,171,5,0,0,0,0,30242,3521,1625,0,0,0,0,0
479,6518,480.094759920922,99944,1758,889,34,18,12032,5995,0.18037100776434803,1168,583,31365,27355,6862,3252,8811,17901,22690,11850,0,0,54895,6484,2275,527,182,5,0,0,0,0,30451,3492,1633,0,0,0,0,0
480,6518,481.0033022879713,99942,1789,894,36,18,12284,6117,0.1841167877368874,1202,604,31089,27133,7018,3338,8864,18011,22894,11980,0,0,54390,6669,2390,543,190,5,0,0,0,0,30644,3459,1652,0,0,0,0,0
481,6518,482.37986923760815,99941,1836,908,37,18,12717,6322,0.1905023964138842,1219,617,30710,26907,7306,3478,8890,18070,23097,12110,0,0,53717,7008,2548,579,208,5,0,0,0,0,30795,3423,1658,0,0,0,0,0
482,6518,483.3062002264733,99940,1878,919,37,19,13014,6465,0.1949069441664999,1217,626,30423,26703,7499,3567,8944,18164,23298,12240,0,0,53175,7220,2663,607,218,6,0,0,0,0,30989,3395,1667,0,0,0,0,0
483,6518,484.2406485613346,99940,1928,939,37,19,13322,6599,0.1993295977586552,1227,640,30116,26484,7688,3643,9002,18273,23498,12370,0,0,52642,7435,2776,624,231,6,0,0,0,0,31180,3366,1680,0,0,0,0,0
484,6518,485.18358072262737,99938,1981,966,39,19,13612,6750,0.20374632272008644,1260,641,29815,26288,7856,3727,9047,18357,23697,12500,0,0,52116,7637,2880,647,242,6,0,0,0,0,31379,3337,1694,0,0,0,0,0
485,6518,486.13516187378264,99936,1995,989,41,19,13904,6898,0.2081532180595581,1235,663,29567,26066,8043,3811,9117,18450,23895,12630,0,0,51566,7865,2996,670,253,7,0,0,0,0,31563,3305,1711,0,0,0,0,0
486,6518,487.09459570756087,99936,1985,1004,41,19,14181,7057,0.2125160102465578,1245,677,29316,25884,8241,3905,9170,18509,24091,12760,0,0,51027,8078,3143,702,267,7,0,0,0,0,31717,3273,1722,0,0,0,0,0
487,6518,488.06205246455215,99936,2040,1014,41,19,14489,7209,0.21711895613192445,1260,690,29031,25683,8410,4004,9216,18588,24286,12890,0,0,50497,8280,3275,728,279,8,0,0,0,0,31892,3250,1727,0,0,0,0,0
488,6518,489.03828326668526,99934,2018,1044,43,19,14785,7394,0.22193647807552985,1294,651,28747,25478,8645,4119,9251,18687,24480,13020,0,0,49929,8526,3416,755,302,9,0,0,0,0,32044,3215,1738,0,0,0,0,0
489,6518,490.02359876285243,99932,2035,1062,45,19,15101,7556,0.22672417243725734,1314,652,28475,25311,8846,4216,9283,18738,24673,13150,0,0,49387,8749,3569,782,316,9,0,0,0,0,32186,3180,1754,0,0,0,0,0
490,6518,491.0177532893682,99931,2071,1084,46,19,15415,7712,0.23142968648367374,1326,674,28197,25113,9026,4299,9332,18809,24864,13280,0,0,48873,8938,3724,804,336,9,0,0,0,0,32334,3157,1756,0,0,0,0,0
491,6518,492.0213504438968,99930,2119,1093,46,20,15761,7898,0.23675572901030723,1313,672,27926,24918,9224,4428,9370,18867,25054,13410,0,0,48316,9186,3890,832,348,9,0,0,0,0,32456,3117,1776,0,0,0,0,0
492,6518,493.034131379746,99929,2134,1125,46,21,16097,8086,0.24200182129311812,1350,665,27646,24746,9434,4531,9388,18910,25243,13539,0,0,47758,9419,4058,863,364,9,0,0,0,0,32584,3093,1781,0,0,0,0,0
493,6518,494.05650214099154,99927,2136,1088,48,21,16419,8229,0.24666006184514697,1375,697,27381,24581,9642,4661,9416,18950,25430,13668,0,0,47195,9656,4220,904,386,9,0,0,0,0,32710,3060,1787,0,0,0,0,0
494,6518,495.0883933327382,99926,2118,1099,48,22,16745,8403,0.2516662330124292,1396,718,27127,24362,9875,4781,9434,19016,25616,13797,0,0,46610,9917,4373,941,407,10,0,0,0,0,32851,3029,1788,0,0,0,0,0
495,6518,496.1297857337577,99925,2126,1122,49,22,17075,8587,0.25681260945709283,1422,734,26837,24177,10103,4892,9461,19051,25801,13926,0,0,46065,10147,4539,974,425,11,0,0,0,0,32970,2992,1802,0,0,0,0,0
496,6518,497.1815207563277,99925,2198,1149,49,22,17460,8765,0.26244683512634476,1412,713,26543,24009,10310,4995,9486,19110,25984,14055,0,0,45547,10338,4725,1017,433,12,0,0,0,0,33077,2964,1812,0,0,0,0,0
497,6518,498.24391408008796,99923,2266,1205,50,23,17874,8985,0.2687969736697257,1363,708,26291,23807,10526,5113,9502,19142,26166,14184,0,0,44991,10567,4891,1059,457,13,0,0,0,0,33196,2932,1817,0,0,0,0,0
498,6518,499.3165153981445,99922,2315,1227,50,24,18257,9178,0.27456416004483497,1327,730,26054,23631,10728,5207,9524,19179,26346,14312,0,0,44453,10798,5063,1096,481,13,0,0,0,0,33294,2890,1834,0,0,0,0,0
499,6518,500.39848502932824,99920,2277,1241,52,24,18589,9388,0.2799939951961569,1389,726,25796,23447,10953,5349,9531,19211,26525,14440,0,0,43893,11038,5278,1145,496,15,0,0,0,0,33357,2852,1846,0,0,0,0,0
500,6518,501.49079524665177,99917,2280,1245,55,24,18945,9576,0.28544692094438384,1388,752,25546,23265,11169,5468,9560,19244,26703,14568,0,0,43332,11279,5447,1189,525,15,0,0,0,0,33457,2819,1854,0,0,0,0,0
501,6518,502.04050261354126,99917,2336,1259,55,24,19160,9693,0.28876967883343174,1352,743,25362,23114,11246,5518,9647,19340,26879,14696,0,0,42957,11350,5575,1208,542,15,0,0,0,0,33606,2800,1864,0,0,0,0,0
502,6518,503.15047816610564,99916,2369,1269,56,24,19572,9906,0.2950278233716322,1322,739,25098,22951,11488,5669,9665,19346,27054,14823,0,0,42390,11586,5772,1266,569,16,0,0,0,0,33680,2768,1869,0,0,0,0,0
503,6518,504.2722258607231,99913,2388,1277,57,26,19956,10124,0.3010619238737702,1313,738,24832,22790,11732,5815,9676,19352,27228,14950,0,0,41831,11830,5958,1319,603,16,0,0,0,0,33754,2724,1878,0,0,0,0,0
504,6518,505.4054271667588,99912,2394,1266,57,27,20357,10329,0.3071302746416847,1295,747,24596,22615,11962,5974,9694,19369,27400,15077,0,0,41286,12046,6197,1375,636,16,0,0,0,0,33781,2694,1881,0,0,0,0,0
505,6518,506.55033880732185,99911,2381,1302,58,27,20733,10558,0.31318873797679936,1290,734,24369,22468,12203,6099,9697,19368,27571,15204,0,0,40748,12266,6411,1426,666,19,0,0,0,0,33827,2659,1889,0,0,0,0,0
506,6518,507.1262644200964,99910,2371,1311,59,27,20927,10674,0.3162946651986788,1276,719,24206,22333,12314,6156,9772,19452,27740,15330,0,0,40362,12359,6565,1442,684,19,0,0,0,0,33938,2638,1903,0,0,0,0,0
507,6518,508.2894260061112,99909,2352,1276,59,28,21289,10870,0.32188291345124065,1281,727,23967,22187,12550,6323,9789,19457,27908,15456,0,0,39806,12607,6789,1480,722,22,0,0,0,0,33968,2609,1906,0,0,0,0,0
508,6518,509.46444081392013,99908,2405,1279,60,28,21691,11087,0.3280818352884654,1257,739,23733,22009,12747,6460,9796,19483,28075,15582,0,0,39294,12804,7026,1527,749,23,0,0,0,0,33996,2580,1909,0,0,0,0,0
509,6518,510.0560480297846,99908,2375,1286,60,28,21870,11194,0.3309444689113985,1285,735,23557,21879,12856,6502,9865,19568,28240,15707,0,0,38929,12874,7175,1544,777,25,0,0,0,0,34106,2563,1915,0,0,0,0,0
510,6518,511.2509025714148,99904,2316,1278,63,29,22233,11412,0.3367733023702755,1315,718,23317,21743,13120,6642,9867,19588,28404,15832,0,0,38390,13083,7406,1609,819,28,0,0,0,0,34118,2527,1924,0,0,0,0,0
511,6518,512.458816080031,99904,2341,1271,63,29,22628,11620,0.3428090967328635,1311,714,23107,21625,13310,6784,9866,19575,28567,15957,0,0,37895,13265,7655,1659,854,29,0,0,0,0,34124,2493,1930,0,0,0,0,0
512,6518,513.0666731132791,99902,2355,1255,63,31,22845,11734,0.34612920662249,1318,720,22940,21482,13404,6861,9918,19649,28728,16081,0,0,37543,13333,7825,1680,887,29,0,0,0,0,34201,2467,1937,0,0,0,0,0
513,6518,514.2940665316492,99901,2342,1264,63,32,23255,11963,0.3525290037136765,1280,721,22722,21319,13666,7005,9925,19657,28888,16205,0,0,36979,13592,8048,1719,934,30,0,0,0,0,34217,2441,1941,0,0,0,0,0
514,6518,515.5338618233701,99897,2311,1276,66,33,23622,12197,0.35855931609557845,1294,731,22531,21169,13881,7154,9915,19635,29046,16329,0,0,36463,13800,8301,1758,975,33,0,0,0,0,34204,2419,1944,0,0,0,0,0
515,6518,516.1575858052472,99896,2303,1272,67,33,23820,12305,0.36162609113478017,1282,731,22375,21050,13979,7215,9992,19697,29203,16452,0,0,36101,13890,8439,1776,1004,34,0,0,0,0,34303,2388,1961,0,0,0,0,0
516,6518,517.4169177808171,99892,2346,1255,70,34,24273,12523,0.36835782645256876,1223,716,22159,20951,14231,7368,9969,19674,29359,16575,0,0,35594,14085,8690,1827,1057,38,0,0,0,0,34287,2356,1958,0,0,0,0,0
517,6518,518.0504963831901,99891,2289,1240,71,34,24445,12625,0.3711045039092611,1252,726,21999,20821,14354,7433,10033,19744,29513,16698,0,0,35219,14171,8835,1851,1088,41,0,0,0,0,34381,2339,1966,0,0,0,0,0
518,6518,519.3319051170052,99891,2246,1229,71,34,24820,12850,0.37711105104563974,1242,741,21821,20694,14594,7590,10024,19710,29666,16820,0,0,34725,14362,9096,1904,1146,41,0,0,0,0,34345,2301,1971,0,0,0,0,0
519,6518,520.6254553051643,99889,2202,1203,72,35,25223,13068,0.3833355024076725,1223,725,21598,20609,14876,7755,10027,19671,29818,16942,0,0,34193,14573,9346,1966,1206,45,0,0,0,0,34320,2280,1960,0,0,0,0,0
520,6518,521.276946541081,99889,2198,1211,72,35,25418,13186,0.38646898056843093,1213,713,21487,20503,14954,7806,10074,19730,29968,17064,0,0,33884,14603,9493,1998,1248,45,0,0,0,0,34398,2251,1969,0,0,0,0,0
521,6518,522.5926885868897,99889,2185,1188,72,35,25807,13399,0.39249567019391524,1210,689,21295,20386,15162,7959,10074,19741,30117,17185,0,0,33383,14790,9740,2055,1294,46,0,0,0,0,34378,2227,1976,0,0,0,0,0
522,6518,523.2536988959288,99888,2190,1217,73,35,26011,13542,0.39597349030914625,1183,638,21178,20276,15238,8019,10136,19813,30265,17306,0,0,33044,14852,9889,2075,1323,50,0,0,0,0,34464,2212,1979,0,0,0,0,0
523,6518,524.5893115016261,99885,2143,1201,75,36,26421,13762,0.4022926365320118,1147,633,21010,20198,15507,8157,10116,19773,30411,17426,0,0,32534,15058,10141,2138,1383,55,0,0,0,0,34419,2181,1976,0,0,0,0,0
524,6518,525.2613987980617,99884,2091,1181,76,36,26592,13864,0.40502983460814546,1161,617,20877,20108,15623,8218,10170,19838,30556,17546,0,0,32184,15131,10313,2159,1412,57,0,0,0,0,34481,2169,1978,0,0,0,0,0
525,6518,526.6177342785586,99882,2098,1135,78,36,27007,14067,0.4112252457900322,1075,596,20712,20034,15849,8380,10186,19817,30700,17665,0,0,31714,15303,10569,2213,1477,60,0,0,0,0,34426,2141,1979,0,0,0,0,0
526,6518,527.300409840858,99880,2080,1101,80,36,27199,14157,0.41405686824189025,1051,608,20617,19959,15937,8440,10233,19854,30842,17784,0,0,31393,15348,10734,2237,1513,64,0,0,0,0,34487,2125,1979,0,0,0,0,0
527,6518,528.6775338675776,99878,2020,1072,81,37,27545,14369,0.4196519754100002,1039,572,20468,19906,16145,8580,10245,19831,30983,17903,0,0,30937,15484,11011,2313,1552,69,0,0,0,0,34427,2101,1984,0,0,0,0,0
528,6518,529.3693126497603,99877,1992,1043,82,37,27729,14449,0.42229942829680506,1030,581,20342,19843,16251,8623,10301,19871,31123,18021,0,0,30633,15510,11178,2351,1585,70,0,0,0,0,34484,2082,1984,0,0,0,0,0
529,6518,530.0654943445167,99876,1962,1042,83,37,27907,14544,0.42503704593696184,1011,588,20226,19768,16351,8651,10365,19912,31261,18139,0,0,30338,15522,11329,2392,1614,73,0,0,0,0,34555,2063,1990,0,0,0,0,0
530,6518,531.4716316455051,99876,1898,1039,83,37,28244,14756,0.4305338619888662,1014,565,20094,19708,16547,8761,10362,19888,31398,18256,0,0,29897,15662,11567,2449,1677,75,0,0,0,0,34514,2043,1992,0,0,0,0,0
531,6518,532.1786462466973,99875,1860,1034,83,38,28418,14862,0.43334167709637045,1002,547,20004,19633,16632,8802,10417,19944,31534,18373,0,0,29580,15724,11706,2466,1716,80,0,0,0,0,34577,2024,2002,0,0,0,0,0
532,6518,533.6033271342936,99875,1914,1058,83,38,28818,15074,0.43946933667083854,911,528,19870,19589,16805,8887,10415,19898,31669,18489,0,0,29195,15821,11922,2517,1775,83,0,0,0,0,34553,2001,2008,0,0,0,0,0
533,6518,534.3187734885969,99873,1881,1026,85,38,28992,15164,0.44212149429775816,900,531,19787,19525,16881,8930,10464,19948,31802,18605,0,0,28914,15839,12117,2544,1808,84,0,0,0,0,34570,1984,2013,0,0,0,0,0
534,6518,535.0379707946438,99873,1861,997,85,38,29152,15245,0.44453455888979004,894,541,19699,19464,16937,8984,10522,19974,31934,18720,0,0,28642,15851,12289,2566,1840,86,0,0,0,0,34612,1973,2014,0,0,0,0,0
535,6518,536.4868854335235,99870,1806,970,88,38,29477,15438,0.449734655051567,853,535,19624,19410,17110,9109,10517,19936,32065,18835,0,0,28223,15978,12528,2632,1897,89,0,0,0,0,34564,1948,2011,0,0,0,0,0
536,6518,537.2135505943734,99869,1782,957,89,38,29636,15513,0.45208222771831097,849,539,19531,19336,17169,9135,10578,19993,32195,18950,0,0,27943,16003,12672,2659,1919,92,0,0,0,0,34629,1931,2021,0,0,0,0,0
537,6518,538.6770887188026,99868,1703,959,90,38,29940,15697,0.45697320463011176,843,508,19443,19315,17327,9219,10592,19959,32323,19064,0,0,27563,16090,12889,2719,1993,97,0,0,0,0,34597,1912,2008,0,0,0,0,0
538,6518,539.4120667897878,99868,1643,930,90,38,30087,15779,0.4592662314254816,843,493,19399,19256,17400,9271,10623,20010,32450,19178,0,0,27292,16106,13055,2738,2037,100,0,0,0,0,34627,1899,2014,0,0,0,0,0
539,6518,540.1498475317443,99867,1624,905,90,39,30258,15865,0.4618442528562989,802,477,19328,19206,17471,9312,10683,20059,32576,19291,0,0,27031,16125,13208,2764,2077,103,0,0,0,0,34661,1874,2024,0,0,0,0,0
540,6518,541.6335190353569,99867,1543,877,90,39,30526,16039,0.4662701392852494,807,483,19273,19145,17600,9426,10685,20028,32701,19404,0,0,26653,16231,13420,2820,2138,108,0,0,0,0,34625,1842,2030,0,0,0,0,0
541,6518,542.3774292037264,99867,1548,878,90,39,30685,16130,0.4687734687133888,776,466,19211,19085,17623,9453,10750,20077,32825,19516,0,0,26403,16237,13556,2838,2172,110,0,0,0,0,34690,1829,2032,0,0,0,0,0
542,6518,543.1238372006786,99866,1542,893,90,40,30815,16214,0.470921034185809,753,430,19147,19059,17644,9455,10822,20121,32947,19628,0,0,26187,16220,13689,2842,2211,112,0,0,0,0,34754,1819,2032,0,0,0,0,0
543,6518,544.6247792475642,99865,1520,848,91,40,31092,16372,0.475281630200771,731,406,19082,19036,17735,9559,10839,20109,33068,19739,0,0,25879,16269,13907,2891,2270,122,0,0,0,0,34697,1788,2042,0,0,0,0,0
544,6518,545.3769879146411,99863,1469,841,92,41,31225,16453,0.47743408469603354,731,392,19011,19001,17797,9584,10898,20139,33188,19850,0,0,25638,16261,14045,2922,2299,131,0,0,0,0,34749,1769,2049,0,0,0,0,0
545,6518,546.1320618641987,99863,1469,807,92,41,31358,16519,0.4794268147361886,713,406,18983,18929,17781,9626,10960,20189,33307,19960,0,0,25413,16247,14196,2946,2326,133,0,0,0,0,34800,1752,2050,0,0,0,0,0
546,6518,547.6502483726522,99862,1414,744,93,41,31621,16654,0.48341711561955497,697,422,18941,18930,17885,9732,10968,20129,33425,20070,0,0,25083,16316,14392,2987,2407,138,0,0,0,0,34757,1734,2048,0,0,0,0,0
547,6518,548.4100572862385,99862,1420,756,93,41,31761,16745,0.4857303078247982,685,401,18887,18902,17884,9744,11029,20154,33542,20179,0,0,24888,16277,14547,2996,2439,142,0,0,0,0,34796,1725,2052,0,0,0,0,0
548,6518,549.1723466851175,99862,1393,752,93,41,31883,16826,0.48776311309607256,682,384,18846,18870,17903,9766,11081,20185,33657,20288,0,0,24672,16245,14685,3024,2471,146,0,0,0,0,34854,1713,2052,0,0,0,0,0
549,6518,550.7034240643364,99859,1338,747,93,44,32144,16972,0.4918535134539701,658,381,18811,18872,17998,9808,11100,20146,33771,20396,0,0,24371,16290,14878,3062,2541,153,0,0,0,0,34820,1697,2047,0,0,0,0,0
550,6518,551.4695423205615,99856,1335,724,96,44,32289,17036,0.49396130427816054,629,376,18758,18807,18023,9855,11157,20192,33884,20504,0,0,24136,16292,15023,3081,2563,156,0,0,0,0,34868,1687,2050,0,0,0,0,0
551,6518,552.2382063730396,99856,1329,719,96,44,32418,17108,0.495974202852107,611,378,18707,18784,18044,9856,11211,20217,33996,20611,0,0,23932,16290,15159,3074,2602,160,0,0,0,0,34908,1673,2058,0,0,0,0,0
552,6518,553.0093961676972,99854,1273,704,98,44,32542,17173,0.4978769002744006,608,381,18672,18745,18085,9874,11262,20250,34107,20718,0,0,23704,16278,15303,3098,2635,164,0,0,0,0,34950,1662,2060,0,0,0,0,0
553,6518,554.5584239338449,99852,1239,680,100,44,32779,17301,0.5015422825782158,554,362,18684,18768,18142,9923,11279,20221,34217,20824,0,0,23429,16301,15498,3140,2692,167,0,0,0,0,34917,1645,2063,0,0,0,0,0
554,6518,555.3334057774854,99852,1206,667,100,44,32891,17366,0.5033149060609703,536,351,18669,18739,18153,9939,11334,20258,34326,20930,0,0,23219,16298,15623,3157,2722,175,0,0,0,0,34966,1627,2065,0,0,0,0,0
555,6518,556.1093216306045,99851,1173,651,100,45,33001,17433,0.5050925879560545,527,330,18631,18718,18184,9958,11383,20296,34434,21035,0,0,23047,16252,15758,3172,2777,178,0,0,0,0,34994,1611,2062,0,0,0,0,0
556,6518,557.6655786892976,99851,1119,635,100,45,33202,17563,0.5084075272155512,507,312,18643,18737,18259,10025,11370,20244,34541,21140,0,0,22766,16289,15906,3209,2836,187,0,0,0,0,35000,1594,2064,0,0,0,0,0
557,6518,558.4437422433822,99849,1085,627,102,45,33300,17631,0.5100802211339122,503,304,18630,18712,18259,10044,11419,20266,34647,21244,0,0,22569,16264,16028,3222,2870,192,0,0,0,0,35053,1584,2067,0,0,0,0,0
558,6518,559.2232003037158,99848,1054,602,103,45,33390,17681,0.5114874609406298,511,288,18593,18709,18264,10069,11473,20285,34752,21347,0,0,22375,16242,16147,3230,2907,195,0,0,0,0,35109,1576,2067,0,0,0,0,0
559,6518,560.0035853868908,99847,1041,573,104,45,33497,17728,0.5130349434634992,475,290,18559,18682,18285,10098,11534,20310,34856,21450,0,0,22192,16207,16275,3247,2935,199,0,0,0,0,35155,1564,2073,0,0,0,0,0
560,6518,561.5701762442643,99845,974,560,106,45,33681,17841,0.5160198307376433,435,274,18572,18721,18367,10138,11544,20260,34959,21552,0,0,21953,16209,16427,3287,2997,208,0,0,0,0,35143,1550,2071,0,0,0,0,0
561,6518,562.3539235027002,99845,932,551,106,45,33757,17888,0.5172517401973058,444,266,18550,18697,18364,10142,11602,20297,35060,21654,0,0,21773,16185,16535,3293,3032,211,0,0,0,0,35203,1538,2075,0,0,0,0,0
562,6518,563.1386688488085,99844,933,540,106,46,33851,17944,0.5187592644525459,442,255,18511,18679,18366,10143,11640,20335,35160,21755,0,0,21601,16161,16641,3295,3065,215,0,0,0,0,35261,1529,2076,0,0,0,0,0
563,6518,564.7125259167025,99844,901,528,106,46,34020,18038,0.5213933736629142,414,246,18562,18744,18389,10145,11626,20289,35259,21856,0,0,21377,16172,16784,3315,3119,217,0,0,0,0,35265,1513,2082,0,0,0,0,0
564,6518,565.4981162071929,99843,890,494,106,47,34102,18075,0.5225904670332422,406,245,18551,18740,18360,10148,11685,20324,35357,21956,0,0,21213,16133,16895,3325,3150,222,0,0,0,0,35316,1507,2082,0,0,0,0,0
565,6518,566.2843533589029,99843,879,474,106,47,34183,18117,0.5238224011698367,378,253,18555,18714,18333,10153,11747,20357,35455,22056,0,0,21063,16090,17007,3330,3181,228,0,0,0,0,35361,1496,2087,0,0,0,0,0
566,6518,567.0713751663468,99843,849,472,106,47,34259,18176,0.5251745240026842,362,240,18552,18697,18332,10153,11797,20389,35552,22155,0,0,20909,16038,17137,3343,3203,235,0,0,0,0,35400,1490,2088,0,0,0,0,0
567,6518,568.6464383422958,99843,796,481,106,47,34411,18264,0.5275782979277466,343,224,18588,18772,18372,10128,11793,20346,35648,22254,0,0,20715,16023,17288,3370,3243,243,0,0,0,0,35397,1473,2091,0,0,0,0,0
568,6518,569.432816662475,99843,769,466,106,47,34470,18305,0.5285798703965225,333,219,18592,18755,18352,10122,11846,20389,35743,22352,0,0,20567,15980,17399,3374,3275,244,0,0,0,0,35441,1467,2096,0,0,0,0,0
569,6518,570.2197563139674,99843,754,453,106,47,34537,18348,0.5296816001121761,327,198,18592,18791,18317,10109,11902,20400,35837,22450,0,0,20429,15921,17521,3388,3301,244,0,0,0,0,35482,1457,2100,0,0,0,0,0
570,6518,571.0069369129009,99843,730,438,106,47,34606,18386,0.5307532826537664,326,193,18578,18790,18306,10108,11952,20422,35930,22547,0,0,20293,15873,17638,3392,3335,246,0,0,0,0,35520,1442,2104,0,0,0,0,0
571,6518,572.5828403600204,99843,678,414,106,47,34724,18448,0.5325561130975631,309,192,18636,18843,18306,10111,11963,20391,36022,22644,0,0,20126,15851,17770,3388,3396,255,0,0,0,0,35516,1436,2105,0,0,0,0,0
572,6518,573.3691646826418,99843,675,393,106,47,34792,18480,0.5335576855663392,295,190,18649,18848,18269,10108,12004,20412,36113,22740,0,0,19985,15813,17869,3389,3426,257,0,0,0,0,35570,1425,2109,0,0,0,0,0
573,6518,574.1558271754199,99843,658,378,106,47,34844,18518,0.5344591007882376,293,174,18643,18853,18235,10102,12063,20444,36203,22836,0,0,19846,15774,17967,3390,3453,261,0,0,0,0,35621,1418,2113,0,0,0,0,0
574,6518,575.7290885186483,99842,632,359,107,47,34965,18594,0.5364375713627532,281,150,18694,18919,18214,10111,12070,20412,36292,22931,0,0,19690,15742,18112,3398,3500,268,0,0,0,0,35610,1407,2115,0,0,0,0,0
575,6518,576.5139816474299,99842,624,340,107,47,35027,18619,0.5373089481380582,254,149,18719,18923,18184,10104,12110,20435,36380,23026,0,0,19566,15688,18202,3399,3539,269,0,0,0,0,35665,1398,2116,0,0,0,0,0
576,6518,577.2992288848225,99842,611,327,107,47,35083,18647,0.5381502774383526,228,148,18730,18946,18154,10082,12168,20448,36467,23120,0,0,19443,15631,18315,3405,3561,270,0,0,0,0,35710,1389,2118,0,0,0,0,0
577,6518,578.0838038742465,99842,591,320,107,47,35136,18679,0.5390016225636506,212,146,18746,18969,18128,10055,12214,20461,36553,23214,0,0,19313,15583,18410,3411,3587,272,0,0,0,0,35767,1379,2120,0,0,0,0,0
578,6518,579.6524766399018,99841,548,330,108,47,35222,18748,0.5405594895884456,213,120,18809,19030,18092,10041,12228,20430,36639,23307,0,0,19164,15547,18522,3417,3630,278,0,0,0,0,35795,1372,2116,0,0,0,0,0
579,6518,580.4342057993919,99841,551,317,108,47,35276,18777,0.5413908113901102,191,118,18839,19034,18036,10032,12273,20450,36724,23399,0,0,19054,15492,18619,3412,3659,281,0,0,0,0,35842,1365,2117,0,0,0,0,0
580,6518,581.2161610458295,99841,517,304,108,47,35314,18801,0.5420117987600285,190,124,18862,19030,18001,10020,12320,20473,36808,23491,0,0,18943,15433,18709,3410,3696,284,0,0,0,0,35889,1357,2120,0,0,0,0,0
581,6518,582.7774005883499,99841,473,287,108,47,35381,18848,0.5431536142466522,202,117,18961,19110,17930,10003,12324,20434,36891,23582,0,0,18802,15396,18809,3416,3733,294,0,0,0,0,35923,1350,2118,0,0,0,0,0
582,6518,583.5552106117647,99841,480,277,108,47,35422,18865,0.5437345379152853,199,122,18955,19119,17886,9982,12370,20451,36973,23673,0,0,18685,15349,18878,3413,3756,295,0,0,0,0,36001,1344,2120,0,0,0,0,0
583,6518,584.3318417180037,99841,473,283,108,47,35464,18894,0.5444456686130948,186,116,18985,19152,17823,9945,12423,20455,37054,23763,0,0,18576,15295,18958,3410,3781,296,0,0,0,0,36064,1337,2124,0,0,0,0,0
584,6518,585.1087078050942,99841,459,270,108,47,35501,18919,0.545066655983013,185,112,19001,19164,17777,9931,12468,20474,37135,23853,0,0,18457,15257,19030,3407,3811,299,0,0,0,0,36126,1327,2127,0,0,0,0,0
585,6518,586.6598474438553,99839,423,252,109,48,35562,18960,0.5460992197437875,183,98,19065,19242,17727,9915,12491,20443,37215,23942,0,0,18318,15225,19127,3412,3845,303,0,0,0,0,36162,1317,2130,0,0,0,0,0
586,6518,587.4330361712247,99839,395,227,109,48,35594,18971,0.546529913160188,182,104,19071,19257,17698,9899,12543,20463,37294,24031,0,0,18209,15171,19221,3414,3867,306,0,0,0,0,36206,1309,2136,0,0,0,0,0
587,6518,588.2062197929893,99839,370,210,109,48,35624,18983,0.5469505904506256,175,97,19067,19278,17672,9878,12605,20487,37372,24119,0,0,18102,15115,19305,3413,3886,314,0,0,0,0,36265,1305,2134,0,0,0,0,0
588,6518,589.7533224504804,99839,361,199,109,48,35698,19022,0.5480824126844219,152,85,19140,19383,17625,9839,12611,20444,37449,24207,0,0,17986,15066,19400,3423,3917,317,0,0,0,0,36297,1293,2140,0,0,0,0,0
589,6518,590.5247978803142,99839,341,198,109,48,35728,19040,0.5485631867306363,150,85,19161,19387,17586,9814,12651,20466,37526,24294,0,0,17888,15006,19490,3421,3934,320,0,0,0,0,36347,1289,2144,0,0,0,0,0
590,6518,591.2960111581141,99839,329,196,109,48,35759,19054,0.5490139123989624,151,84,19153,19397,17550,9779,12706,20494,37602,24381,0,0,17788,14956,19578,3416,3950,321,0,0,0,0,36402,1281,2147,0,0,0,0,0
591,6518,592.0665725393502,99839,335,194,109,48,35788,19075,0.5495147186971023,151,78,19175,19409,17480,9754,12748,20515,37677,24467,0,0,17694,14895,19654,3415,3965,323,0,0,0,0,36467,1277,2149,0,0,0,0,0
592,6518,593.6076498059125,99839,325,190,109,48,35848,19106,0.5504261861597172,136,78,19262,19515,17408,9712,12758,20455,37751,24553,0,0,17586,14854,19729,3414,3998,326,0,0,0,0,36509,1267,2156,0,0,0,0,0
593,6518,594.3749407646944,99839,309,183,109,48,35869,19122,0.5507967828203407,140,78,19286,19542,17359,9686,12795,20461,37825,24638,0,0,17483,14809,19804,3409,4014,330,0,0,0,0,36568,1264,2158,0,0,0,0,0
594,6518,595.1417627962855,99838,300,169,110,48,35889,19132,0.5511027865141529,141,76,19291,19576,17306,9661,12850,20468,37898,24723,0,0,17385,14755,19881,3408,4024,334,0,0,0,0,36630,1259,2162,0,0,0,0,0
595,6518,596.6737020086879,99837,291,157,110,49,35942,19158,0.5518995963420376,137,74,19358,19676,17245,9621,12857,20421,37970,24807,0,0,17285,14706,19962,3405,4055,338,0,0,0,0,36669,1252,2165,0,0,0,0,0
596,6518,597.4375136618929,99837,300,153,110,49,35983,19168,0.5524104289992688,119,76,19388,19706,17182,9588,12899,20426,38041,24891,0,0,17194,14656,20036,3396,4070,342,0,0,0,0,36726,1249,2168,0,0,0,0,0
597,6518,598.2009554439894,99837,288,155,110,49,36005,19186,0.552811082063764,119,72,19386,19740,17148,9548,12947,20434,38112,24974,0,0,17103,14606,20101,3387,4091,345,0,0,0,0,36787,1243,2174,0,0,0,0,0
598,6518,599.7258032102293,99837,289,152,110,49,36054,19214,0.5535823392129171,114,63,19478,19840,17063,9512,12944,20382,38182,25057,0,0,17008,14559,20174,3380,4122,347,0,0,0,0,36832,1238,2177,0,0,0,0,0
599,6518,600.4861516887943,99837,275,145,110,49,36070,19226,0.5538627963580637,115,58,19496,19853,17017,9487,12985,20406,38251,25139,0,0,16915,14507,20247,3381,4132,349,0,0,0,0,36891,1231,2184,0,0,0,0,0
600,6518,601.2451363847347,99837,266,136,110,49,36092,19235,0.5541733024830474,106,61,19529,19868,16955,9467,13032,20417,38320,25221,0,0,16814,14466,20307,3377,4150,350,0,0,0,0,36959,1226,2188,0,0,0,0,0
601,6518,602.0035797789052,99837,255,134,110,49,36109,19249,0.554483808608031,105,57,19543,19881,16907,9442,13078,20435,38388,25302,0,0,16734,14407,20380,3372,4170,350,0,0,0,0,37011,1220,2193,0,0,0,0,0
602,6518,603.5178309002224,99837,232,124,110,49,36151,19270,0.555114837184611,87,58,19650,19994,16832,9402,13087,20371,38455,25383,0,0,16638,14367,20475,3360,4198,353,0,0,0,0,37038,1215,2193,0,0,0,0,0
603,6518,604.2721698340532,99837,223,123,110,49,36164,19283,0.5553752616765327,93,53,19679,20011,16770,9373,13123,20389,38522,25463,0,0,16561,14312,20539,3354,4218,353,0,0,0,0,37093,1206,2201,0,0,0,0,0
604,6518,605.0253302849945,99837,221,127,110,49,36181,19298,0.5556957841281288,88,52,19705,20021,16711,9343,13163,20406,38588,25543,0,0,16482,14269,20600,3341,4236,355,0,0,0,0,37150,1196,2208,0,0,0,0,0
605,6518,606.5285812353944,99837,203,113,110,49,36216,19306,0.5561264861724611,90,53,19801,20118,16631,9302,13163,20363,38653,25622,0,0,16385,14231,20672,3338,4252,362,0,0,0,0,37194,1196,2207,0,0,0,0,0
606,6518,607.2772358886467,99837,193,112,110,49,36232,19315,0.5563768943377706,84,47,19822,20141,16582,9278,13207,20371,38718,25701,0,0,16306,14171,20742,3334,4265,365,0,0,0,0,37254,1193,2207,0,0,0,0,0
607,6518,608.0249316684848,99837,189,112,110,49,36246,19326,0.55662730250308,79,41,19839,20169,16524,9245,13257,20382,38782,25779,0,0,16224,14123,20803,3323,4279,368,0,0,0,0,37317,1191,2209,0,0,0,0,0
608,6518,609.5184958155667,99837,181,109,110,49,36280,19342,0.557128118833699,67,38,19935,20262,16447,9203,13258,20337,38845,25857,0,0,16135,14077,20869,3322,4301,368,0,0,0,0,37368,1184,2213,0,0,0,0,0
609,6518,610.2623505002304,99837,174,102,110,49,36295,19348,0.5573384616925589,61,39,19960,20266,16394,9185,13299,20357,38908,25934,0,0,16062,14027,20937,3312,4315,371,0,0,0,0,37416,1177,2220,0,0,0,0,0
610,6518,611.0054378613349,99836,162,91,111,49,36308,19354,0.5575343563444048,55,37,19989,20309,16340,9153,13341,20359,38970,26011,0,0,15997,13959,21023,3307,4331,372,0,0,0,0,37452,1175,2220,0,0,0,0,0
611,6518,612.4891200604548,99835,145,89,112,49,36334,19371,0.557970651575099,49,29,20093,20396,16261,9119,13338,20316,39032,26087,0,0,15906,13922,21083,3306,4350,374,0,0,0,0,37504,1164,2226,0,0,0,0,0
612,6518,613.2279814254366,99835,140,87,112,49,36343,19380,0.5581509490659589,49,29,20127,20430,16188,9099,13382,20304,39093,26163,0,0,15844,13868,21140,3297,4368,376,0,0,0,0,37553,1153,2236,0,0,0,0,0
613,6518,614.7023148175372,99835,120,84,112,49,36356,19392,0.5584013622477088,52,30,20201,20527,16113,9043,13400,20265,39153,26238,0,0,15767,13822,21206,3293,4381,380,0,0,0,0,37598,1146,2242,0,0,0,0,0
614,6518,615.4370915412834,99835,113,82,112,49,36359,19397,0.5584814944658687,59,28,20208,20555,16064,9012,13442,20272,39213,26313,0,0,15695,13769,21271,3288,4385,383,0,0,0,0,37657,1142,2245,0,0,0,0,0
615,6518,616.1711085707667,99835,108,86,112,49,36365,19404,0.5586117093203786,60,28,20230,20581,16008,8978,13480,20276,39272,26388,0,0,15632,13720,21322,3278,4395,389,0,0,0,0,37712,1136,2251,0,0,0,0,0
616,6518,617.6378922979102,99835,113,70,112,49,36395,19410,0.5589723043020984,39,28,20318,20660,15934,8940,13482,20251,39331,26462,0,0,15552,13671,21394,3278,4404,391,0,0,0,0,37758,1132,2255,0,0,0,0,0
617,6518,618.3686509248412,99834,103,67,113,49,36400,19411,0.5590380030851213,39,29,20343,20675,15875,8914,13525,20264,39389,26536,0,0,15483,13624,21445,3268,4420,393,0,0,0,0,37816,1127,2258,0,0,0,0,0
618,6518,619.098653310309,99834,99,63,113,49,36409,19414,0.5591582026163431,34,31,20380,20712,15810,8885,13562,20258,39446,26609,0,0,15410,13581,21496,3256,4435,395,0,0,0,0,37877,1125,2259,0,0,0,0,0
619,6518,620.5557791586234,99834,101,59,113,49,36423,19428,0.5594386681891941,34,23,20494,20801,15700,8843,13556,20223,39503,26682,0,0,15340,13537,21555,3250,4445,399,0,0,0,0,37926,1118,2264,0,0,0,0,0
620,6518,621.2806830846363,99834,99,60,113,49,36427,19435,0.559548851092814,37,18,20523,20829,15630,8815,13596,20227,39559,26754,0,0,15279,13485,21611,3241,4458,399,0,0,0,0,37979,1112,2270,0,0,0,0,0
621,6518,622.0045954259915,99834,95,59,113,49,36431,19436,0.5595989342308232,33,18,20535,20825,15574,8794,13648,20253,39615,26826,0,0,15222,13433,21667,3225,4476,400,0,0,0,0,38029,1110,2272,0,0,0,0,0
622,6518,623.0088773405456,99834,92,55,113,49,36436,19439,0.5596790672516377,33,19,20568,20849,15515,8760,13677,20266,39670,26897,0,0,15151,13391,21717,3219,4486,400,0,0,0,0,38090,1102,2278,0,0,0,0,0
623,6518,624.0642880830235,99834,87,52,113,49,36446,19445,0.5598393332932668,34,17,20614,20924,15449,8714,13701,20242,39725,26968,0,0,15084,13340,21776,3213,4499,401,0,0,0,0,38142,1100,2279,0,0,0,0,0
624,6518,625.0146949147958,99834,90,52,113,49,36454,19448,0.5599495161968868,31,18,20655,20962,15376,8677,13733,20240,39779,27038,0,0,15015,13294,21815,3206,4512,402,0,0,0,0,38211,1098,2281,0,0,0,0,0
625,6518,626.5485058253488,99834,85,49,113,49,36466,19451,0.5600997656109141,27,19,20795,21086,15264,8623,13714,20172,39833,27108,0,0,14947,13252,21867,3194,4529,403,0,0,0,0,38264,1095,2283,0,0,0,0,0
626,6518,627.0158555473427,99834,86,50,113,49,36468,19454,0.5601498487489233,29,17,20785,21086,15216,8600,13769,20196,39886,27178,0,0,14888,13207,21915,3179,4543,404,0,0,0,0,38320,1092,2286,0,0,0,0,0
627,6518,628.0779644884847,99834,79,42,113,49,36481,19459,0.560330148045756,29,20,20898,21176,15126,8563,13753,20148,39939,27247,0,0,14831,13150,21976,3176,4559,406,0,0,0,0,38360,1088,2288,0,0,0,0,0
628,6518,629.0540910201353,99834,73,40,113,49,36484,19465,0.5604202976941723,31,21,20951,21227,15057,8533,13773,20128,39991,27316,0,0,14768,13101,22028,3171,4569,408,0,0,0,0,38413,1086,2290,0,0,0,0,0
629,6518,630.4716620561185,99834,81,43,113,49,36500,19478,0.560710779894625,52,42,21030,21296,14956,8479,13766,20089,40043,27384,0,0,14714,13052,22084,3160,4581,410,2,0,0,3,38452,1080,2296,0,0,0,0,0
630,6518,631.068980238168,99834,81,38,113,49,36505,19482,0.5608009295430415,56,43,21051,21317,14903,8460,13794,20091,40094,27452,0,0,14655,13007,22127,3148,4595,412,5,0,0,10,38501,1076,2298,0,0,0,0,0
631,6518,632.2617826744839,99834,83,42,113,49,36519,19493,0.561051345233087,53,42,21146,21393,14804,8423,13799,20049,40145,27519,0,0,14585,12963,22164,3141,4608,414,14,0,0,12,38560,1072,2301,0,0,0,0,0
632,6518,633.4491046812949,99834,86,43,113,49,36532,19503,0.5612817276679287,52,43,21230,21450,14716,8386,13801,20027,40195,27586,0,0,14520,12925,22199,3120,4630,416,23,0,0,18,38610,1071,2302,0,0,0,0,0
633,6518,634.0407213578711,99834,85,47,113,49,36539,19509,0.5614119438267524,53,40,21236,21465,14671,8356,13840,20041,40245,27653,0,0,14455,12876,22245,3121,4628,421,25,0,0,20,38671,1068,2304,0,0,0,0,0
634,6518,635.2226286181937,99834,87,57,113,49,36562,19525,0.5618025923032234,48,30,21303,21533,14604,8323,13843,20006,40294,27719,0,0,14386,12831,22280,3115,4643,422,33,0,0,28,38724,1065,2307,0,0,0,0,0
635,6518,636.4012195490734,99834,87,58,113,49,36575,19537,0.5620530079932688,57,33,21370,21614,14537,8288,13834,19956,40343,27785,0,0,14329,12779,22320,3110,4659,423,37,0,0,36,38769,1061,2311,0,0,0,0,0
636,6518,637.5757540089845,99834,90,57,113,49,36594,19548,0.5623535068213233,57,35,21436,21676,14464,8248,13838,19933,40391,27850,0,0,14283,12724,22365,3102,4674,426,37,0,0,52,38799,1059,2313,0,0,0,0,0
637,6518,638.161612440325,99834,90,59,113,49,36602,19554,0.5624937396077488,58,39,21453,21696,14409,8214,13875,19941,40439,27915,0,0,14231,12671,22417,3097,4680,428,38,0,0,57,38845,1054,2316,0,0,0,0,0
638,6518,639.3316606306311,99834,92,69,113,49,36623,19571,0.562874371456618,65,35,21509,21757,14347,8177,13872,19911,40486,27979,0,0,14166,12627,22451,3091,4696,428,44,0,0,66,38895,1052,2318,0,0,0,0,0
639,6518,640.498277169918,99834,97,64,113,49,36643,19574,0.5631047538914599,66,43,21588,21822,14268,8141,13866,19879,40533,28043,0,0,14106,12584,22489,3077,4716,428,48,0,0,77,38940,1052,2317,0,0,0,0,0
640,6518,641.0797685406865,99833,92,69,114,49,36645,19583,0.563220578365871,69,37,21604,21844,14216,8112,13903,19887,40579,28107,0,0,14047,12552,22516,3061,4735,430,48,0,0,81,38994,1049,2320,0,0,0,0,0
641,6518,642.2413318309482,99833,101,69,114,49,36669,19595,0.5635811805715545,67,38,21684,21910,14130,8081,13902,19851,40625,28170,0,0,13983,12512,22549,3056,4745,432,52,0,0,94,39041,1045,2324,0,0,0,0,0
642,6518,643.39887483641,99833,106,72,114,49,36689,19605,0.5638816824096241,72,40,21734,21969,14078,8045,13894,19823,40671,28233,0,0,13922,12476,22576,3040,4771,432,55,0,0,102,39091,1045,2323,0,0,0,0,0
643,6518,644.5528797240489,99833,110,75,114,49,36713,19615,0.5642222511594362,69,43,21784,22015,14018,8021,13903,19795,40716,28295,0,0,13861,12431,22611,3035,4785,434,61,0,0,110,39138,1043,2324,0,0,0,0,0
644,6518,645.1287603361009,99833,113,77,114,49,36726,19620,0.564402552262278,68,45,21791,22032,13974,7994,13938,19801,40761,28357,0,0,13806,12387,22651,3027,4798,434,65,0,0,114,39185,1039,2327,0,0,0,0,0
645,6518,646.2797675868009,99833,117,86,114,49,36749,19636,0.5647932046517684,68,35,21867,22088,13896,7961,13936,19779,40805,28419,0,0,13752,12335,22694,3021,4812,435,74,0,0,122,39222,1037,2329,0,0,0,0,0
646,6518,647.4273318236037,99833,110,89,114,49,36763,19650,0.5650736730339667,71,35,21933,22166,13830,7918,13940,19741,40849,28480,0,0,13699,12284,22729,3020,4832,435,77,0,0,131,39263,1033,2330,0,0,0,0,0
647,6518,648.5710288583324,99833,111,85,114,49,36788,19659,0.5654142417837789,64,36,21987,22232,13780,7890,13942,19706,40892,28541,0,0,13642,12244,22754,3012,4854,436,81,0,0,147,39300,1029,2334,0,0,0,0,0
648,6518,649.1415784479371,99833,108,81,114,49,36797,19663,0.5655444592469424,67,36,21998,22247,13734,7875,13977,19710,40935,28601,0,0,13586,12203,22789,3004,4868,437,85,0,0,156,39343,1028,2334,0,0,0,0,0
649,6518,650.2819020296819,99833,102,76,114,49,36813,19674,0.5658149109012051,76,36,22055,22324,13672,7850,13979,19663,40978,28661,0,0,13533,12157,22823,3000,4882,439,89,0,0,175,39373,1024,2338,0,0,0,0,0
650,6518,651.4194685415436,99833,95,75,114,49,36828,19684,0.5660653290995963,80,43,22096,22381,13618,7815,13995,19635,41020,28721,0,0,13477,12120,22854,2982,4906,439,98,0,0,189,39406,1020,2342,0,0,0,0,0
651,6518,652.5546353927823,99833,104,68,114,49,36850,19692,0.5663658309376659,75,42,22138,22453,13560,7784,14007,19602,41062,28780,0,0,13422,12075,22885,2982,4918,441,101,0,0,200,39447,1018,2344,0,0,0,0,0
652,6518,653.1210042586305,99833,103,70,114,49,36861,19698,0.566536115312572,73,37,22149,22460,13525,7766,14034,19616,41103,28839,0,0,13369,12036,22921,2975,4926,444,105,0,0,206,39490,1014,2347,0,0,0,0,0
653,6518,654.2535913771444,99833,105,67,114,49,36876,19705,0.5667564833271563,71,42,22214,22526,13459,7731,14035,19583,41144,28897,0,0,13314,11997,22952,2968,4943,444,109,0,0,215,39532,1012,2347,0,0,0,0,0
654,6518,655.3826857573218,99833,106,69,114,49,36896,19718,0.5670870353490329,73,36,22266,22579,13396,7706,14043,19559,41185,28955,0,0,13264,11954,22985,2967,4955,446,113,0,0,226,39567,1003,2353,0,0,0,0,0
655,6518,656.5091839693094,99833,120,65,114,49,36922,19726,0.5674276040988451,66,35,22316,22650,13334,7673,14048,19526,41225,29013,0,0,13211,11915,23016,2958,4972,447,119,0,0,235,39605,1001,2354,0,0,0,0,0
656,6518,657.0712362521878,99833,118,67,114,49,36929,19731,0.5675478048340729,72,32,22313,22674,13292,7651,14089,19525,41265,29070,0,0,13164,11871,23055,2955,4980,448,120,0,0,239,39647,997,2357,0,0,0,0,0
657,6518,658.1950442783325,99833,115,67,114,49,36952,19743,0.5678983903118208,76,35,22348,22728,13254,7629,14091,19490,41305,29127,0,0,13109,11824,23092,2956,4990,450,125,0,0,255,39681,994,2357,0,0,0,0,0
658,6518,659.3170190900078,99833,121,67,114,49,36980,19753,0.5682790259733755,67,34,22410,22793,13199,7597,14087,19458,41344,29184,0,0,13062,11778,23131,2951,5005,451,131,0,0,267,39710,988,2359,0,0,0,0,0
659,6518,660.436411515156,99833,117,67,114,49,36998,19764,0.5685695110835095,63,36,22454,22867,13159,7565,14091,19414,41383,29240,0,0,13004,11741,23158,2947,5017,453,139,0,0,281,39746,985,2362,0,0,0,0,0
660,6518,661.5534626653906,99833,126,67,114,49,37017,19771,0.5688299460098364,64,42,22520,22939,13088,7528,14086,19373,41421,29296,0,0,12948,11705,23183,2945,5030,453,140,0,0,286,39796,984,2363,0,0,0,0,0
661,6518,662.1107603720332,99833,133,68,114,49,37031,19777,0.5690302805685494,60,42,22536,22955,13052,7507,14103,19377,41459,29352,0,0,12911,11656,23226,2940,5040,454,141,0,0,291,39827,981,2366,0,0,0,0,0
662,6518,663.2237911109378,99833,140,73,114,49,37050,19793,0.5693808660462973,68,38,22604,23032,12981,7485,14091,19321,41497,29407,0,0,12868,11608,23266,2938,5046,459,143,0,0,297,39861,979,2368,0,0,0,0,0
663,6518,664.333205495156,99833,141,75,114,49,37069,19807,0.5697114180681738,79,34,22656,23108,12924,7458,14084,19274,41534,29462,0,0,12820,11567,23297,2937,5058,461,145,0,0,312,39892,977,2367,0,0,0,0,0
664,6518,665.4399871913649,99833,148,76,114,49,37099,19819,0.5701321206414712,73,34,22697,23175,12884,7430,14082,19234,41571,29516,0,0,12770,11517,23336,2937,5069,461,154,0,0,325,39920,976,2368,0,0,0,0,0
665,6518,666.5445872052009,99833,147,69,114,49,37116,19824,0.5703524886560556,85,43,22747,23231,12826,7404,14079,19202,41608,29570,0,0,12723,11475,23366,2935,5081,463,158,0,0,336,39952,971,2373,0,0,0,0,0
666,6518,667.0958246797293,99833,146,74,114,49,37128,19830,0.5705327897588973,81,43,22758,23251,12795,7386,14104,19195,41644,29624,0,0,12683,11442,23396,2927,5091,466,159,0,0,344,39983,964,2378,0,0,0,0,0
667,6518,668.197365402956,99833,137,74,114,49,37144,19840,0.5707932246852243,87,49,22810,23303,12753,7361,14097,19162,41680,29677,0,0,12636,11399,23426,2922,5110,467,165,0,0,355,40013,963,2377,0,0,0,0,0
668,6518,669.2966120538024,99832,145,68,114,50,37171,19848,0.571149531212437,79,56,22874,23368,12689,7332,14097,19124,41716,29730,0,0,12588,11357,23454,2919,5125,470,171,0,0,363,40046,961,2378,0,0,0,0,0
669,6518,670.3927531267259,99832,140,73,114,50,37190,19863,0.5714901033736678,82,48,22929,23450,12637,7294,14096,19083,41751,29783,0,0,12543,11316,23484,2916,5138,472,176,0,0,380,40069,959,2379,0,0,0,0,0
670,6518,671.4860312697207,99831,142,73,115,50,37205,19878,0.5717963358075147,100,48,22955,23501,12580,7268,14106,19058,41786,29835,0,0,12493,11284,23511,2912,5145,476,181,0,0,394,40099,956,2380,0,0,0,0,0
671,6518,672.0318829865355,99831,143,73,115,50,37218,19884,0.5719866574510923,95,46,22964,23517,12548,7255,14133,19057,41821,29887,0,0,12455,11245,23542,2910,5155,478,182,0,0,400,40129,949,2386,0,0,0,0,0
672,6518,673.1233065846719,99831,148,75,115,50,37250,19898,0.5724474361671225,84,42,23036,23575,12500,7233,14115,19023,41855,29939,0,0,12406,11207,23564,2909,5171,480,188,0,0,414,40158,945,2389,0,0,0,0,0
673,6518,674.2114189053032,99831,157,80,115,50,37278,19907,0.5728180625256684,84,48,23097,23639,12444,7205,14101,18976,41889,29990,0,0,12360,11176,23589,2904,5180,484,190,0,0,425,40191,942,2390,0,0,0,0,0
674,6518,675.296551112743,99831,153,86,115,50,37299,19927,0.5732287565986517,86,35,23151,23696,12406,7185,14087,18946,41923,30041,0,0,12315,11140,23609,2896,5203,485,192,0,0,442,40217,941,2391,0,0,0,0,0
675,6518,676.37907363809,99831,153,78,115,50,37324,19942,0.5736294337430257,86,30,23208,23753,12354,7173,14082,18914,41957,30092,0,0,12270,11097,23633,2895,5223,488,199,0,0,458,40238,939,2391,0,0,0,0,0
676,6518,677.459165289386,99831,153,74,115,50,37349,19953,0.5739900431729623,83,29,23264,23812,12312,7149,14071,18884,41990,30142,0,0,12220,11065,23652,2888,5241,490,205,0,0,475,40265,937,2393,0,0,0,0,0
677,6518,678.536752573752,99831,154,70,115,50,37370,19959,0.5742605002454148,91,36,23325,23887,12245,7119,14068,18836,42023,30192,0,0,12180,11028,23681,2885,5249,495,209,0,0,488,40288,932,2396,0,0,0,0,0
678,6518,679.0741014974985,99831,144,69,115,50,37381,19966,0.5744408049603831,94,36,23338,23914,12214,7102,14093,18827,42056,30242,0,0,12143,10990,23706,2882,5261,499,209,0,0,502,40311,929,2399,0,0,0,0,0
679,6518,680.1481564427779,99831,156,73,115,50,37414,19979,0.5749015836764131,78,37,23392,23975,12165,7078,14092,18785,42088,30291,0,0,12095,10963,23724,2876,5276,501,212,0,0,516,40341,927,2400,0,0,0,0,0
680,6518,681.219783546104,99831,154,77,115,50,37432,19990,0.5751920746060842,80,40,23438,24032,12121,7058,14090,18741,42120,30340,0,0,12057,10923,23755,2871,5291,501,215,0,0,528,40364,925,2401,0,0,0,0,0
681,6518,682.2893047892113,99831,145,71,115,50,37448,20003,0.5754825655357554,83,43,23485,24085,12090,7044,14080,18705,42152,30389,0,0,12012,10889,23777,2873,5300,505,220,0,0,549,40383,917,2406,0,0,0,0,0
682,6518,683.356463557597,99831,138,72,115,50,37461,20017,0.5757530226082078,91,41,23530,24151,12041,7024,14083,18660,42184,30437,0,0,11977,10849,23802,2872,5313,510,223,0,0,559,40404,913,2409,0,0,0,0,0
683,6518,684.4216802960966,99831,143,70,115,50,37486,20025,0.5760835812523164,82,41,23585,24239,11994,6986,14079,18612,42215,30485,0,0,11946,10801,23840,2872,5321,513,226,0,0,571,40419,910,2412,0,0,0,0,0
684,6518,685.4847527872525,99831,141,64,115,50,37504,20034,0.5763540383247688,92,42,23646,24277,11947,6968,14057,18597,42246,30533,0,0,11900,10769,23859,2871,5337,516,230,0,0,581,40451,906,2411,0,0,0,0,0
685,6518,686.0151915003855,99831,139,62,115,50,37513,20039,0.5764942753252997,93,39,23650,24287,11921,6960,14080,18600,42277,30580,0,0,11861,10730,23894,2866,5346,516,235,0,0,589,40477,905,2412,0,0,0,0,0
686,6518,687.0749757923475,99831,132,69,115,50,37532,20055,0.576844867826627,95,30,23701,24355,11883,6931,14072,18563,42307,30627,0,0,11820,10691,23922,2865,5355,520,242,0,0,599,40500,902,2415,0,0,0,0,0
687,6518,688.1326532554123,99831,135,61,115,50,37555,20058,0.5771053079704701,85,36,23751,24426,11841,6902,14071,18523,42337,30674,0,0,11785,10659,23943,2859,5369,523,242,0,0,617,40517,900,2417,0,0,0,0,0
688,6518,689.188396947262,99831,137,67,115,50,37582,20071,0.5775059851148441,87,35,23794,24473,11808,6876,14057,18497,42367,30721,0,0,11756,10616,23969,2852,5391,525,248,0,0,624,40533,896,2421,0,0,0,0,0
689,6518,690.2418411527972,99831,156,76,115,50,37619,20085,0.5780168484739209,75,29,23846,24540,11754,6845,14052,18458,42397,30767,0,0,11718,10584,23993,2843,5408,527,253,0,0,629,40561,893,2422,0,0,0,0,0
690,6518,691.2930054184634,99831,152,68,115,50,37644,20089,0.578307339403592,79,39,23881,24606,11726,6826,14045,18409,42426,30813,0,0,11685,10547,24019,2834,5427,529,258,0,0,651,40567,892,2422,0,0,0,0,0
691,6518,692.342372548094,99831,140,75,115,50,37657,20102,0.5785677795474352,89,41,23933,24666,11685,6803,14036,18363,42455,30859,0,0,11649,10515,24039,2821,5452,531,263,0,0,659,40590,891,2421,0,0,0,0,0
692,6518,693.3896154440143,99831,149,74,115,50,37684,20109,0.578908355120153,84,45,23984,24728,11642,6777,14024,18324,42484,30904,0,0,11612,10483,24063,2814,5467,531,266,0,0,672,40611,889,2423,0,0,0,0,0
693,6518,694.4345307607479,99831,152,80,115,50,37703,20122,0.5792288968356523,100,48,24033,24796,11591,6747,14007,18277,42513,30949,0,0,11574,10449,24087,2814,5476,533,269,0,0,680,40638,885,2426,0,0,0,0,0
694,6518,695.4773076903911,99831,145,67,115,50,37727,20130,0.5795494385511515,102,50,24081,24866,11565,6737,13990,18228,42541,30994,0,0,11533,10413,24108,2813,5491,535,276,0,0,705,40647,881,2429,0,0,0,0,0
695,6518,696.5178261764339,99831,153,65,115,50,37749,20140,0.5798699802666506,103,48,24123,24906,11518,6723,13986,18206,42569,31039,0,0,11499,10377,24132,2806,5510,535,280,0,0,714,40668,880,2430,0,0,0,0,0
696,6518,697.0371174585526,99831,155,68,115,50,37760,20147,0.5800502849816189,102,48,24131,24936,11486,6707,14009,18189,42597,31083,0,0,11469,10341,24161,2805,5518,535,278,0,0,722,40692,877,2433,0,0,0,0,0
697,6518,698.075488780546,99831,149,63,115,50,37788,20155,0.5804108944115556,100,50,24168,24997,11466,6691,14000,18147,42625,31127,0,0,11429,10309,24172,2801,5543,536,285,0,0,738,40709,873,2436,0,0,0,0,0
698,6518,699.1122171080386,99831,154,62,115,50,37816,20164,0.5807815207701015,107,51,24211,25039,11425,6678,13986,18118,42652,31171,0,0,11388,10281,24188,2798,5557,538,288,0,0,752,40733,871,2437,0,0,0,0,0
699,6518,700.147167291961,99831,155,65,115,50,37837,20174,0.5810920455569913,113,53,24252,25104,11391,6654,13972,18072,42679,31214,0,0,11350,10254,24204,2792,5575,539,292,0,0,758,40760,867,2440,0,0,0,0,0
700,6518,701.1802221428145,99831,162,57,115,50,37866,20182,0.5814626719155372,110,57,24298,25170,11346,6640,13967,18024,42706,31257,0,0,11317,10217,24223,2789,5596,541,297,0,0,768,40778,864,2441,0,0,0,0,0
701,6518,702.2112768448787,99831,167,64,115,50,37896,20199,0.5819334675601767,103,50,24341,25239,11315,6617,13957,17978,42733,31300,0,0,11282,10186,24245,2782,5610,544,305,0,0,784,40789,861,2443,0,0,0,0,0
702,6518,703.2403997953869,99831,174,67,115,50,37924,20213,0.5823541785617694,97,42,24378,25309,11293,6592,13941,17938,42759,31343,0,0,11241,10155,24270,2779,5620,544,314,0,0,799,40806,857,2446,0,0,0,0,0
703,6518,704.2680230165249,99831,165,68,115,50,37948,20222,0.5826847372058779,105,53,24430,25367,11261,6565,13922,17895,42785,31385,0,0,11208,10121,24292,2773,5637,547,321,0,0,813,40818,853,2448,0,0,0,0,0
704,6518,705.2936330552437,99831,174,67,115,50,37975,20234,0.5830753974216426,114,57,24451,25426,11226,6541,13918,17857,42811,31427,0,0,11176,10092,24312,2765,5654,548,324,0,0,827,40832,849,2452,0,0,0,0,0
705,6518,706.3178243227183,99831,168,73,115,50,38004,20247,0.5834961084232353,118,53,24498,25496,11200,6518,13899,17808,42837,31469,0,0,11140,10057,24328,2760,5677,550,335,0,0,836,40848,846,2454,0,0,0,0,0
706,6518,707.3402785592975,99831,181,82,115,50,38036,20262,0.5839669040678747,113,49,24537,25561,11155,6491,13897,17765,42863,31510,0,0,11103,10021,24353,2762,5687,550,339,0,0,844,40873,845,2454,0,0,0,0,0
707,6518,708.360882879472,99831,185,75,115,50,38065,20273,0.5843675812122487,110,46,24573,25604,11133,6488,13882,17735,42888,31551,0,0,11059,9991,24374,2761,5695,553,349,0,0,862,40888,843,2456,0,0,0,0,0
708,6518,709.3799111404159,99831,180,78,115,50,38083,20288,0.5846981398563572,118,40,24609,25664,11104,6468,13872,17698,42913,31592,0,0,11021,9966,24385,2760,5707,556,350,0,0,880,40907,842,2457,0,0,0,0,0
709,6518,710.397430566165,99831,189,73,115,50,38116,20298,0.5851288677865593,108,43,24651,25706,11068,6465,13867,17661,42938,31633,0,0,10982,9937,24403,2759,5719,558,352,0,0,901,40923,842,2455,0,0,0,0,0
710,6518,711.4132272694901,99831,188,76,115,50,38141,20309,0.5854894772164959,108,49,24691,25749,11048,6449,13848,17625,42963,31673,0,0,10944,9912,24421,2750,5735,559,359,0,0,917,40938,840,2456,0,0,0,0,0
711,6518,712.4273527413909,99831,182,73,115,50,38169,20316,0.5858400697178231,103,57,24718,25805,11034,6426,13846,17587,42987,31713,0,0,10907,9886,24433,2748,5752,562,367,0,0,932,40951,834,2459,0,0,0,0,0
712,6518,713.4403643885139,99831,183,77,115,50,38200,20336,0.5863509330769,101,48,24772,25861,10993,6411,13834,17551,43011,31753,0,0,10875,9856,24444,2746,5771,566,370,0,0,951,40961,832,2459,0,0,0,0,0
713,6518,714.4514405763229,99831,180,77,115,50,38224,20347,0.5867015255782272,105,53,24819,25920,10957,6385,13822,17513,43035,31793,0,0,10846,9824,24464,2742,5784,570,370,0,0,968,40973,830,2460,0,0,0,0,0
714,6518,715.4606446480694,99831,171,79,115,50,38245,20360,0.5870421011509451,107,51,24849,25961,10937,6374,13819,17483,43059,31832,0,0,10810,9802,24472,2733,5805,573,374,0,0,984,40989,827,2462,0,0,0,0,0
715,6518,716.4687118057194,99831,183,78,115,50,38276,20374,0.5874928629383659,106,52,24892,26018,10892,6351,13810,17449,43083,31871,0,0,10781,9773,24492,2729,5817,577,374,0,0,1000,41002,824,2462,0,0,0,0,0
716,6518,717.4747456711863,99831,179,88,115,50,38306,20395,0.5880037262974427,109,46,24940,26075,10868,6332,13787,17407,43106,31910,0,0,10741,9747,24501,2728,5833,580,382,0,0,1016,41018,821,2464,0,0,0,0,0
717,6518,718.478866775267,99831,194,93,115,50,38343,20411,0.5885346235137382,97,48,24988,26129,10832,6313,13772,17365,43129,31949,0,0,10717,9719,24513,2724,5853,580,382,0,0,1033,41025,815,2470,0,0,0,0,0
718,6518,719.4812624251515,99831,198,94,115,50,38370,20428,0.5889753683725496,101,59,25022,26163,10812,6301,13750,17331,43152,31987,0,0,10676,9694,24523,2722,5869,582,389,0,0,1046,41046,814,2470,0,0,0,0,0
719,6518,720.481759541925,99831,194,100,115,50,38400,20444,0.5894361470885797,101,61,25052,26218,10799,6282,13737,17287,43175,32025,0,0,10644,9662,24538,2726,5878,589,392,0,0,1062,41059,812,2469,0,0,0,0,0
720,6518,721.4809819928385,99831,195,104,115,50,38422,20459,0.5898067734471256,111,65,25101,26268,10756,6261,13720,17250,43198,32063,0,0,10609,9635,24557,2726,5888,591,396,0,0,1075,41076,809,2469,0,0,0,0,0
721,6518,722.478457445308,99831,192,104,115,50,38449,20473,0.590217467520109,116,64,25122,26329,10742,6251,13711,17200,43221,32101,0,0,10581,9597,24584,2725,5899,596,403,0,0,1090,41080,808,2468,0,0,0,0,0
722,6518,723.4749042337161,99831,202,112,115,50,38483,20492,0.5907483647364046,117,63,25163,26383,10707,6230,13694,17160,43243,32138,0,0,10552,9567,24603,2721,5914,598,408,0,0,1104,41088,808,2468,0,0,0,0,0
723,6518,724.4696072193415,99831,196,105,115,50,38508,20507,0.5911490418807785,125,59,25212,26434,10685,6222,13665,17128,43265,32175,0,0,10520,9538,24618,2718,5930,601,417,0,0,1131,41084,806,2468,0,0,0,0,0
724,6518,725.4624752510421,99831,207,110,115,50,38546,20522,0.5916799390970741,119,63,25233,26485,10675,6205,13649,17085,43287,32212,0,0,10483,9512,24634,2717,5942,603,423,0,0,1146,41100,805,2466,0,0,0,0,0
725,6518,726.4541851509401,99831,209,112,115,50,38577,20542,0.5921908024561509,111,52,25281,26543,10651,6197,13631,17044,43309,32249,0,0,10448,9482,24649,2715,5958,606,431,0,0,1164,41109,804,2465,0,0,0,0,0
726,6518,727.4442466949444,99831,200,103,115,50,38603,20555,0.5925814626719156,115,57,25303,26584,10647,6197,13618,17007,43331,32285,0,0,10413,9455,24656,2718,5972,611,438,0,0,1189,41112,800,2467,0,0,0,0,0
727,6518,728.4331938709363,99831,222,99,115,50,38644,20571,0.5931524276026485,107,55,25336,26652,10612,6190,13606,16952,43352,32321,0,0,10380,9426,24673,2721,5983,613,442,0,0,1207,41123,799,2464,0,0,0,0,0
728,6518,729.4210672829336,99830,212,96,116,50,38670,20577,0.593478914154062,105,58,25375,26719,10600,6165,13590,16910,43373,32357,0,0,10350,9400,24684,2719,5999,617,446,0,0,1225,41129,798,2463,0,0,0,0,0
729,6518,730.4076353806423,99830,206,90,116,50,38693,20587,0.593809476109386,108,61,25407,26766,10576,6154,13585,16877,43394,32393,0,0,10324,9366,24699,2717,6024,617,452,0,0,1238,41135,795,2463,0,0,0,0,0
730,6518,731.3928702537529,99830,192,95,116,50,38714,20605,0.5942001402384053,112,52,25444,26808,10558,6142,13576,16851,43415,32429,0,0,10286,9339,24707,2718,6038,622,460,0,0,1253,41150,794,2463,0,0,0,0,0
731,6518,732.3767029498321,99830,189,91,116,50,38746,20613,0.5946008213963738,114,59,25480,26861,10539,6128,13560,16809,43436,32464,0,0,10260,9303,24722,2723,6051,625,464,0,0,1272,41153,791,2466,0,0,0,0,0
732,6518,733.3592487162679,99830,187,95,116,50,38767,20629,0.5949714514674947,124,57,25510,26903,10522,6112,13539,16781,43457,32499,0,0,10229,9281,24732,2720,6067,626,469,0,0,1286,41164,786,2470,0,0,0,0,0
733,6518,734.3405902830592,99829,194,96,116,51,38798,20641,0.5954081479329654,122,58,25564,26948,10485,6097,13517,16748,43477,32534,0,0,10195,9255,24747,2725,6070,630,476,0,0,1299,41177,783,2472,0,0,0,0,0
734,6518,735.3197842481875,99828,198,94,117,51,38830,20652,0.5958448531474135,111,63,25596,27011,10471,6079,13505,16700,43497,32569,0,0,10167,9229,24757,2721,6088,631,481,0,0,1315,41184,777,2478,0,0,0,0,0
735,6518,736.29766139164,99828,209,96,117,51,38865,20671,0.596385783547702,102,58,25624,27075,10455,6060,13491,16658,43517,32603,0,0,10137,9197,24777,2721,6097,635,492,0,0,1328,41189,775,2480,0,0,0,0,0
736,6518,737.2743478466733,99828,202,98,117,51,38893,20685,0.5968065071923708,106,59,25669,27115,10436,6050,13468,16625,43537,32637,0,0,10112,9168,24787,2719,6118,639,498,0,0,1343,41193,773,2478,0,0,0,0,0
737,6518,738.2497399784671,99828,202,92,117,51,38923,20699,0.5972472652963097,111,58,25704,27150,10416,6052,13448,16595,43557,32671,0,0,10073,9144,24798,2720,6130,640,507,0,0,1369,41197,772,2478,0,0,0,0,0
738,6518,739.2233412979103,99828,208,94,117,51,38953,20714,0.5976980406298834,109,55,25729,27208,10396,6037,13439,16553,43577,32705,0,0,10041,9123,24805,2718,6150,641,511,0,0,1379,41213,768,2479,0,0,0,0,0
739,6518,740.1960429802837,99828,208,87,117,51,38972,20723,0.5979785230596626,119,57,25783,27253,10353,6027,13418,16523,43596,32739,0,0,10016,9101,24819,2707,6170,643,515,0,0,1391,41220,765,2481,0,0,0,0,0
740,6518,741.1669002171561,99828,207,93,117,51,38997,20741,0.5984092639339664,125,52,25819,27301,10321,6016,13409,16485,43615,32772,0,0,9986,9082,24830,2705,6183,643,515,0,0,1416,41225,762,2481,0,0,0,0,0
741,6518,742.1362682915943,99828,205,100,117,51,39029,20756,0.5988800737268101,114,55,25869,27327,10311,6002,13382,16463,43634,32805,0,0,9954,9063,24829,2702,6206,644,517,0,0,1433,41238,761,2481,0,0,0,0,0
742,6518,743.1038685262697,99828,186,99,117,51,39043,20765,0.5991104700084144,116,62,25912,27366,10300,5993,13367,16427,43653,32838,0,0,9927,9041,24841,2696,6218,649,524,0,0,1451,41240,756,2485,0,0,0,0,0
743,6518,744.0699238909131,99828,203,98,117,51,39086,20778,0.5996714348679729,108,69,25921,27410,10291,5984,13358,16386,43672,32871,0,0,9897,9019,24844,2696,6235,652,527,0,0,1464,41253,753,2488,0,0,0,0,0
744,6518,745.0353167543892,99828,205,97,117,51,39114,20786,0.6000320551348319,105,82,25974,27448,10261,5971,13336,16349,43691,32904,0,0,9871,8990,24863,2696,6247,652,532,0,0,1480,41257,750,2490,0,0,0,0,0
745,6518,746.4802390725706,99828,208,105,117,51,39152,20816,0.60071322675001,108,60,26037,27537,10237,5962,13291,16283,43710,32936,0,0,9841,8971,24863,2691,6269,655,539,0,0,1506,41254,746,2493,0,0,0,0,0
746,6518,747.4413520658693,99828,195,107,117,51,39175,20830,0.601083864246504,108,64,26085,27588,10221,5945,13272,16243,43728,32968,0,0,9816,8946,24874,2691,6284,656,541,0,0,1533,41249,743,2495,0,0,0,0,0
747,6518,748.4009409923432,99828,196,109,117,51,39204,20843,0.6015045878911728,123,70,26110,27631,10205,5935,13247,16202,43746,33000,0,0,9796,8921,24884,2684,6308,657,543,0,0,1547,41253,739,2496,0,0,0,0,0
748,6518,749.3592594736006,99828,204,112,117,51,39232,20859,0.6019453459951116,135,75,26140,27680,10177,5922,13225,16158,43764,33032,0,0,9770,8892,24904,2686,6311,662,549,0,0,1562,41258,739,2495,0,0,0,0,0
749,6518,750.3164421997069,99828,213,108,117,51,39269,20870,0.6024261730175903,134,79,26169,27735,10150,5911,13215,16114,43782,33064,0,0,9744,8867,24914,2684,6327,666,555,0,0,1577,41262,737,2495,0,0,0,0,0
750,6518,751.2722718559011,99828,218,102,117,51,39294,20884,0.6028168449733542,132,75,26183,27789,10134,5896,13214,16085,43800,33095,0,0,9715,8843,24929,2685,6335,668,560,0,0,1599,41263,736,2495,0,0,0,0,0
751,6518,752.2275268019619,99828,208,104,117,51,39317,20901,0.603217534158753,141,72,26215,27825,10121,5887,13196,16059,43818,33126,0,0,9688,8816,24937,2684,6357,669,566,0,0,1615,41267,734,2495,0,0,0,0,0
752,6518,753.1816899268894,99828,230,111,117,51,39358,20919,0.6038085507072164,130,72,26234,27862,10100,5874,13187,16028,43836,33157,0,0,9664,8790,24951,2683,6373,669,571,0,0,1624,41277,730,2496,0,0,0,0,0
753,6518,754.1350922481633,99828,238,107,117,51,39385,20938,0.6042693432704251,127,67,26282,27907,10071,5875,13163,15991,43853,33188,0,0,9638,8767,24955,2685,6389,670,572,0,0,1644,41282,727,2499,0,0,0,0,0
754,6518,755.0869333996601,99828,244,98,117,51,39418,20943,0.6046499979965541,121,78,26333,27946,10041,5874,13142,15951,43870,33219,0,0,9607,8742,24967,2687,6399,672,580,0,0,1662,41287,726,2499,0,0,0,0,0
755,6518,756.0369883523196,99828,233,99,117,51,39442,20957,0.605030652722683,122,75,26372,28007,10026,5860,13128,15906,43887,33249,0,0,9582,8718,24978,2685,6407,680,588,0,0,1680,41285,723,2502,0,0,0,0,0
756,6518,757.4590063663544,99828,231,111,117,51,39479,20984,0.6056717554193213,117,76,26454,28075,9996,5843,13083,15842,43904,33279,0,0,9562,8686,24987,2686,6429,682,593,0,0,1701,41278,722,2502,0,0,0,0,0
757,6518,758.4047237785254,99828,219,119,117,51,39509,21003,0.6061625996714348,124,75,26493,28120,9988,5824,13057,15809,43921,33309,0,0,9533,8662,24994,2687,6443,687,598,0,0,1721,41281,720,2502,0,0,0,0,0
758,6518,759.3489939843279,99828,213,127,117,51,39533,21019,0.6065632888568337,131,74,26511,28165,9976,5815,13050,15766,43938,33339,0,0,9504,8641,25003,2688,6454,689,602,0,0,1737,41290,717,2503,0,0,0,0,0
759,6518,760.2923058459942,99828,208,126,117,51,39558,21036,0.6069840125015026,135,74,26553,28215,9967,5810,13018,15722,43955,33369,0,0,9474,8612,25019,2691,6466,690,612,0,0,1756,41289,716,2503,0,0,0,0,0
760,6518,761.2344181819076,99828,212,117,117,51,39585,21046,0.6073546499979966,131,75,26604,28261,9930,5805,13004,15689,43971,33398,0,0,9447,8591,25031,2690,6476,693,619,0,0,1775,41288,714,2504,0,0,0,0,0
761,6518,762.1749563667931,99828,214,127,117,51,39618,21068,0.6079055976279201,118,67,26639,28319,9920,5797,12990,15637,43987,33427,0,0,9426,8568,25035,2690,6491,699,621,0,0,1789,41293,711,2505,0,0,0,0,0
762,6518,763.1141883188282,99828,220,133,117,51,39647,21092,0.6084365107985735,114,65,26667,28378,9899,5781,12981,15590,44003,33456,0,0,9404,8546,25042,2688,6510,700,625,0,0,1805,41294,707,2507,0,0,0,0,0
763,6518,764.0522194153713,99828,207,132,117,51,39663,21106,0.6087370276876227,132,62,26694,28414,9882,5778,12966,15561,44019,33485,0,0,9374,8525,25046,2689,6527,701,630,0,0,1823,41301,706,2506,0,0,0,0,0
764,6518,765.457292540955,99828,210,138,117,51,39701,21135,0.6094081820731658,130,54,26765,28506,9847,5771,12929,15478,44035,33514,0,0,9345,8508,25043,2686,6551,703,632,0,0,1850,41299,706,2505,0,0,0,0,0
765,6518,766.3920209517158,99828,208,131,117,51,39729,21147,0.6098088712585648,126,61,26791,28523,9839,5776,12917,15456,44051,33543,0,0,9323,8480,25048,2687,6574,703,636,0,0,1870,41296,706,2505,0,0,0,0,0
766,6518,767.3259621513159,99827,211,129,118,51,39759,21161,0.6102557424344115,120,62,26836,28569,9823,5766,12890,15421,44067,33571,0,0,9300,8455,25055,2691,6589,705,638,0,0,1887,41298,704,2505,0,0,0,0,0
767,6518,768.258313273815,99827,210,115,118,51,39788,21173,0.6106664529636271,119,66,26871,28602,9808,5768,12872,15396,44083,33599,0,0,9273,8433,25057,2692,6605,708,645,0,0,1913,41292,701,2508,0,0,0,0,0
768,6518,769.189483212422,99827,194,111,118,51,39808,21188,0.6110170595129574,121,64,26902,28648,9810,5769,12853,15355,44098,33627,0,0,9251,8408,25068,2691,6623,710,648,0,0,1938,41285,699,2506,0,0,0,0,0
769,6518,770.119702286224,99827,199,116,118,51,39837,21205,0.6114778566920773,127,61,26929,28714,9795,5757,12830,15299,44113,33655,0,0,9226,8386,25075,2693,6635,712,650,0,0,1953,41293,698,2506,0,0,0,0,0
770,6518,771.0489141963776,99827,191,123,118,51,39858,21227,0.6119086018812546,125,49,26971,28761,9779,5746,12814,15268,44128,33683,0,0,9202,8363,25084,2689,6648,717,656,0,0,1970,41294,698,2506,0,0,0,0,0
771,6518,772.4404379808329,99827,189,118,118,51,39897,21246,0.6124896070201449,126,53,27024,28818,9763,5742,12778,15216,44143,33711,0,0,9174,8344,25081,2694,6669,717,658,0,0,2004,41284,695,2507,0,0,0,0,0
772,6518,773.3665777225859,99827,194,117,118,51,39924,21258,0.6128802828893987,120,61,27057,28842,9751,5743,12758,15184,44158,33738,0,0,9147,8326,25085,2694,6687,717,662,0,0,2014,41294,694,2507,0,0,0,0,0
773,6518,774.2913373557848,99827,203,113,118,51,39965,21270,0.6134112013783846,101,55,27096,28894,9734,5739,12746,15146,44173,33765,0,0,9122,8305,25089,2696,6701,722,667,0,0,2032,41296,692,2505,0,0,0,0,0
774,6518,775.2150256016711,99826,195,118,119,51,39986,21287,0.6137980085348507,105,55,27119,28947,9731,5722,12729,15105,44188,33792,0,0,9095,8286,25094,2697,6715,723,670,0,0,2050,41300,690,2506,0,0,0,0,0
775,6518,776.1378560013608,99826,188,118,119,51,40014,21300,0.6142087231783303,111,61,27141,28978,9729,5708,12710,15082,44203,33819,0,0,9073,8264,25097,2697,6733,725,673,0,0,2071,41297,688,2508,0,0,0,0,0
776,6518,777.0599268925505,99826,188,122,119,51,40039,21313,0.6145893855308237,117,63,27149,29011,9713,5692,12712,15059,44218,33846,0,0,9046,8247,25102,2696,6747,725,677,0,0,2088,41303,687,2508,0,0,0,0,0
777,6518,778.4419989940701,99826,178,114,119,51,40076,21336,0.61519043135055,119,51,27197,29090,9707,5694,12678,14998,44232,33873,0,0,9019,8220,25096,2701,6779,726,686,0,0,2114,41293,685,2507,0,0,0,0,0
778,6518,779.362094215747,99826,186,112,119,51,40099,21347,0.6155310239817282,121,58,27227,29130,9679,5687,12666,14960,44246,33899,0,0,8994,8208,25096,2696,6796,726,689,0,0,2126,41303,683,2509,0,0,0,0,0
779,6518,780.2814341289953,99824,195,108,121,51,40129,21359,0.6159640968103863,114,58,27259,29167,9657,5684,12652,14930,44260,33925,0,0,8970,8187,25102,2696,6809,727,693,0,0,2138,41310,682,2510,0,0,0,0,0
780,6518,781.1995527560346,99824,189,107,121,51,40156,21368,0.6163247315274883,117,62,27297,29197,9646,5679,12628,14902,44274,33951,0,0,8949,8169,25105,2694,6824,730,695,0,0,2156,41310,680,2512,0,0,0,0,0
781,6518,782.1166001066182,99824,193,111,121,51,40185,21383,0.6167655072928354,122,65,27333,29225,9632,5671,12597,14875,44288,33977,0,0,8926,8145,25117,2698,6829,734,700,0,0,2169,41315,677,2514,0,0,0,0,0
782,6518,783.0322454143975,99824,191,103,121,51,40214,21395,0.6171762301650906,113,60,27368,29269,9625,5667,12580,14848,44302,34003,0,0,8904,8122,25122,2705,6840,738,703,0,0,2193,41309,675,2513,0,0,0,0,0
783,6518,784.4033741626314,99824,192,93,121,51,40257,21411,0.6177672703958967,100,59,27433,29344,9606,5659,12546,14792,44316,34029,0,0,8877,8105,25118,2701,6866,740,711,0,0,2223,41297,673,2513,0,0,0,0,0
784,6518,785.3157306570037,99823,188,91,121,52,40278,21419,0.6180639732326217,109,62,27463,29393,9592,5645,12525,14755,44330,34054,0,0,8849,8090,25124,2695,6883,741,719,0,0,2231,41306,673,2512,0,0,0,0,0
785,6518,786.2270679864597,99823,183,90,121,52,40307,21429,0.6184546647566193,106,63,27501,29437,9578,5643,12509,14713,44344,34079,0,0,8827,8071,25124,2693,6905,742,725,0,0,2248,41305,671,2512,0,0,0,0,0
786,6518,787.1373126612142,99823,180,91,121,52,40330,21443,0.6188253208178476,105,68,27539,29477,9567,5628,12486,14682,44358,34104,0,0,8801,8057,25124,2692,6920,744,729,0,0,2263,41311,668,2514,0,0,0,0,0
787,6518,788.0463652693735,99823,177,89,121,52,40353,21454,0.6191659236849223,113,68,27570,29532,9556,5613,12461,14644,44371,34129,0,0,8779,8043,25125,2689,6933,749,731,0,0,2279,41314,667,2514,0,0,0,0,0
788,6518,789.4079345666715,99823,198,89,121,52,40405,21476,0.619907235807379,93,71,27619,29581,9536,5613,12431,14592,44384,34154,0,0,8757,8026,25127,2691,6946,753,733,0,0,2305,41307,664,2514,0,0,0,0,0
789,6518,790.3141862079566,99823,198,86,121,52,40428,21491,0.620287909599992,99,71,27642,29619,9522,5610,12416,14560,44397,34179,0,0,8738,8007,25136,2690,6960,754,736,0,0,2325,41302,660,2515,0,0,0,0,0
790,6518,791.2197415547876,99823,186,85,121,52,40446,21504,0.620598459272913,100,65,27675,29674,9518,5604,12398,14518,44410,34204,0,0,8713,7986,25142,2692,6975,754,742,0,0,2345,41301,659,2514,0,0,0,0,0
791,6518,792.1241778912378,99823,183,86,121,52,40469,21518,0.6209691153341415,96,63,27697,29707,9511,5597,12390,14493,44423,34228,0,0,8689,7975,25139,2691,6987,759,742,0,0,2361,41307,658,2515,0,0,0,0,0
792,6518,793.0280707945301,99823,177,91,121,52,40485,21533,0.6212796650070626,109,63,27737,29748,9488,5590,12366,14454,44436,34252,0,0,8679,7950,25152,2688,7005,760,746,0,0,2371,41302,655,2515,0,0,0,0,0
793,6518,794.3813417947846,99823,185,104,121,52,40530,21559,0.6219909239353656,109,54,27797,29804,9460,5584,12326,14400,44449,34276,0,0,8654,7927,25159,2692,7012,766,755,0,0,2389,41299,654,2516,0,0,0,0,0
794,6518,795.2817565677464,99823,188,104,121,52,40553,21574,0.6223715977279786,112,49,27836,29856,9437,5585,12304,14352,44462,34300,0,0,8631,7908,25167,2694,7023,769,758,0,0,2399,41307,653,2514,0,0,0,0,0
795,6518,796.1810052094553,99823,191,109,121,52,40576,21586,0.6227222183264378,110,50,27851,29891,9429,5571,12296,14325,44475,34324,0,0,8615,7888,25181,2691,7030,771,763,0,0,2414,41303,651,2516,0,0,0,0,0
796,6518,797.0794449579165,99823,194,113,121,52,40603,21601,0.6231429630445889,111,43,27881,29925,9412,5571,12279,14294,44488,34348,0,0,8590,7875,25184,2686,7045,772,767,0,0,2430,41307,651,2516,0,0,0,0,0
797,6518,798.4252605165453,99823,178,107,121,52,40630,21614,0.623543672299971,111,48,27937,29975,9399,5562,12252,14254,44501,34372,0,0,8565,7861,25180,2686,7062,778,767,0,0,2455,41303,650,2516,0,0,0,0,0
798,6518,799.3211576949307,99823,182,102,121,52,40652,21621,0.6238341865101229,112,58,27965,30008,9385,5550,12233,14228,44513,34395,0,0,8543,7847,25191,2686,7065,780,771,0,0,2473,41302,647,2518,0,0,0,0,0
799,6518,800.2161827182798,99823,186,105,121,52,40685,21636,0.6243150376165814,96,58,27994,30058,9379,5541,12222,14184,44525,34418,0,0,8529,7827,25196,2686,7078,783,771,0,0,2494,41294,646,2519,0,0,0,0,0
800,6518,801.1103524839862,99823,183,111,121,52,40705,21651,0.6246656582150406,104,59,28023,30100,9358,5536,12209,14140,44537,34441,0,0,8505,7813,25196,2686,7092,784,773,0,0,2506,41303,646,2519,0,0,0,0,0
801,6518,802.0035731221348,99823,185,121,121,52,40725,21670,0.6250563497390381,118,49,28043,30142,9337,5524,12194,14110,44549,34464,0,0,8488,7794,25200,2688,7104,786,774,0,0,2513,41311,644,2521,0,0,0,0,0
802,6518,803.3417244332929,99823,196,113,121,52,40771,21683,0.6256473958907266,113,55,28115,30215,9306,5523,12147,14040,44561,34487,0,0,8465,7779,25200,2690,7120,789,779,0,0,2538,41302,640,2521,0,0,0,0,0
803,6518,804.2319299449882,99823,190,111,121,52,40802,21695,0.6260781583402623,114,58,28137,30256,9297,5520,12139,14001,44573,34510,0,0,8440,7761,25199,2689,7140,790,788,0,0,2558,41298,640,2520,0,0,0,0,0
804,6518,805.1213269339298,99823,193,106,121,52,40831,21709,0.6265089207897979,111,50,28158,30295,9283,5517,12132,13978,44585,34533,0,0,8420,7747,25195,2688,7163,791,788,0,0,2574,41299,638,2520,0,0,0,0,0
805,6518,806.0100415098603,99823,188,104,121,52,40845,21718,0.6267393286116426,115,57,28201,30345,9258,5498,12115,13942,44597,34555,0,0,8404,7732,25202,2684,7175,794,792,0,0,2586,41298,636,2520,0,0,0,0,0
806,6518,807.3409849738296,99823,200,109,121,52,40884,21734,0.6272903038377929,119,55,28250,30403,9230,5482,12078,13897,44609,34577,0,0,8387,7714,25206,2686,7189,796,794,0,0,2598,41298,632,2523,0,0,0,0,0
807,6518,808.22668223239,99823,199,107,121,52,40908,21744,0.6276309067048677,116,57,28276,30442,9220,5476,12066,13864,44621,34599,0,0,8374,7696,25212,2680,7202,801,796,0,0,2614,41293,632,2523,0,0,0,0,0
808,6518,809.1116993696256,99823,195,97,121,52,40929,21751,0.627911403183635,122,67,28314,30466,9213,5476,12033,13840,44633,34621,0,0,8356,7680,25213,2681,7214,805,796,0,0,2633,41291,630,2524,0,0,0,0,0
809,6518,810.4369582181052,99823,184,102,121,52,40957,21773,0.6284122897528626,118,64,28373,30527,9203,5472,11999,13781,44644,34643,0,0,8330,7662,25217,2681,7227,807,807,0,0,2660,41279,629,2524,0,0,0,0,0
810,6518,811.318983443259,99823,187,101,121,52,40984,21784,0.6287929635454755,110,62,28417,30564,9186,5466,11977,13753,44655,34665,0,0,8315,7647,25220,2675,7244,810,809,0,0,2675,41276,629,2523,0,0,0,0,0
811,6518,812.1999016926269,99823,191,102,121,52,41008,21794,0.6291335664125502,112,63,28454,30609,9165,5457,11955,13715,44666,34687,0,0,8295,7630,25227,2678,7253,811,814,0,0,2683,41281,625,2526,0,0,0,0,0
812,6518,813.0794823055622,99823,197,104,121,52,41036,21808,0.6295543111307014,112,58,28478,30637,9140,5455,11950,13692,44677,34709,0,0,8280,7615,25227,2680,7262,816,815,0,0,2697,41281,621,2529,0,0,0,0,0
813,6518,814.3971867445255,99823,197,102,121,52,41067,21822,0.6300051090430061,115,61,28527,30705,9118,5436,11920,13642,44688,34730,0,0,8260,7594,25232,2681,7279,817,821,0,0,2714,41277,620,2528,0,0,0,0,0
814,6518,815.2744494128901,99823,191,101,121,52,41084,21834,0.6302956232531581,126,57,28559,30753,9103,5428,11898,13607,44699,34751,0,0,8245,7578,25234,2683,7289,821,821,0,0,2730,41276,617,2529,0,0,0,0,0
815,6518,816.1506754090734,99823,194,97,121,52,41104,21848,0.6306362261202328,131,49,28578,30799,9086,5428,11888,13573,44710,34772,0,0,8229,7571,25227,2675,7308,825,822,0,0,2744,41276,615,2531,0,0,0,0,0
816,6518,817.0261961971745,99823,202,100,121,52,41132,21863,0.6310669885697685,125,52,28624,30845,9071,5417,11855,13532,44721,34793,0,0,8213,7554,25230,2676,7320,826,823,0,0,2759,41276,614,2532,0,0,0,0,0
817,6518,818.3368910647655,99823,200,106,121,52,41166,21888,0.631658034721457,130,52,28690,30921,9042,5412,11815,13455,44732,34814,0,0,8199,7534,25232,2677,7336,829,824,0,0,2787,41260,612,2533,0,0,0,0,0
818,6518,819.2091489717575,99823,200,103,121,52,41186,21901,0.6319886198571472,128,52,28729,30957,9022,5411,11798,13423,44743,34835,0,0,8176,7520,25233,2677,7349,829,830,0,0,2804,41260,611,2534,0,0,0,0,0
819,6518,820.0800485850118,99823,195,96,121,52,41210,21913,0.632349258186991,125,54,28764,30993,9011,5413,11782,13390,44754,34856,0,0,8159,7504,25233,2676,7366,832,832,0,0,2824,41253,609,2535,0,0,0,0,0
820,6518,821.384635965131,99823,208,99,121,52,41253,21932,0.6329703575328331,122,52,28812,31042,8994,5404,11741,13349,44765,34877,0,0,8145,7486,25231,2677,7385,834,833,0,0,2842,41247,605,2538,0,0,0,0,0
821,6518,822.2531634273522,99823,214,107,121,52,41283,21952,0.6334712441020607,113,44,28858,31084,8971,5397,11721,13314,44776,34897,0,0,8123,7475,25232,2675,7392,839,837,0,0,2859,41248,605,2538,0,0,0,0,0
822,6518,823.120252255081,99823,229,100,121,52,41317,21960,0.6338919888202118,109,47,28889,31120,8955,5394,11695,13285,44787,34917,0,0,8106,7460,25230,2676,7408,840,837,0,0,2873,41251,604,2538,0,0,0,0,0
823,6518,824.418868849723,99823,226,105,121,52,41359,21980,0.6345130881660539,104,42,28947,31208,8945,5378,11655,13213,44797,34937,0,0,8085,7438,25228,2684,7422,845,843,0,0,2893,41245,602,2538,0,0,0,0,0
824,6518,825.2831340570768,99823,230,101,121,52,41394,21988,0.6349438506155896,104,43,28978,31252,8928,5377,11637,13173,44807,34957,0,0,8070,7424,25223,2681,7446,846,844,0,0,2909,41242,601,2537,0,0,0,0,0
825,6518,826.146514298973,99823,222,97,121,52,41410,21995,0.6351742584374342,109,54,29003,31286,8923,5375,11620,13134,44817,34977,0,0,8054,7408,25226,2677,7463,849,848,0,0,2918,41244,601,2535,0,0,0,0,0
826,6518,827.0090488317942,99823,226,100,121,52,41434,22011,0.6355749676928163,113,48,29036,31314,8907,5379,11595,13105,44827,34997,0,0,8035,7397,25229,2672,7477,849,853,0,0,2937,41239,601,2534,0,0,0,0,0
827,6518,828.3010324976857,99823,224,94,121,52,41476,22025,0.6361359606503512,97,56,29082,31376,8916,5370,11558,13050,44837,35017,0,0,8015,7384,25228,2668,7494,853,857,0,0,2970,41221,599,2534,0,0,0,0,0
828,6518,829.1613315414475,99823,227,93,121,52,41499,22039,0.6365066167115795,96,56,29126,31420,8891,5356,11537,13021,44847,35037,0,0,7997,7370,25233,2667,7502,856,860,0,0,2989,41217,599,2533,0,0,0,0,0
829,6518,830.020472712552,99823,226,94,121,52,41525,22050,0.6368772727728079,94,57,29148,31450,8888,5348,11521,12997,44857,35057,0,0,7981,7357,25235,2671,7511,858,858,0,0,3009,41211,598,2534,0,0,0,0,0
830,6518,831.3076329398671,99823,225,94,121,52,41560,22069,0.6374182302675736,92,58,29205,31502,8879,5340,11476,12952,44867,35076,0,0,7966,7344,25232,2672,7528,861,859,0,0,3038,41195,595,2533,0,0,0,0,0
831,6518,832.1644207228985,99823,215,82,121,52,41575,22075,0.6376286026266492,106,67,29233,31553,8871,5333,11452,12911,44877,35095,0,0,7949,7329,25227,2670,7550,862,863,0,0,3053,41192,595,2533,0,0,0,0,0
832,6518,833.020375722667,99823,218,85,121,52,41598,22087,0.6379792232251085,109,67,29247,31585,8865,5325,11438,12884,44887,35114,0,0,7936,7313,25234,2673,7558,865,862,0,0,3062,41195,592,2533,0,0,0,0,0
833,6518,834.3031093806396,99823,207,94,121,52,41626,22113,0.6385201807198742,111,66,29304,31642,8843,5313,11412,12831,44897,35133,0,0,7916,7299,25226,2671,7578,872,868,0,0,3074,41194,591,2534,0,0,0,0,0
834,6518,835.1570073653419,99823,206,110,121,52,41648,22135,0.6389609609007945,106,52,29353,31670,8833,5301,11379,12813,44907,35152,0,0,7903,7289,25230,2667,7588,875,864,0,0,3091,41192,591,2533,0,0,0,0,0
835,6518,836.0095361996871,99823,205,108,121,52,41672,22148,0.6393316169620228,113,48,29368,31701,8831,5302,11360,12787,44917,35171,0,0,7887,7268,25232,2670,7605,877,869,0,0,3101,41193,590,2531,0,0,0,0,0
836,6518,837.2868049695998,99823,203,111,121,52,41704,22167,0.6398425212626349,108,48,29431,31761,8811,5287,11324,12739,44927,35190,0,0,7870,7250,25225,2671,7629,879,874,0,0,3116,41190,589,2530,0,0,0,0,0
837,6518,838.1369752922168,99823,199,110,121,52,41728,22181,0.6402231950552478,105,49,29463,31795,8808,5286,11302,12706,44936,35209,0,0,7857,7234,25225,2669,7647,880,876,0,0,3137,41180,588,2530,0,0,0,0,0
838,6518,839.4107375240878,99823,202,104,121,52,41766,22192,0.6407140638930908,110,52,29509,31869,8792,5266,11264,12655,44945,35228,0,0,7842,7219,25224,2664,7670,883,880,0,0,3156,41170,588,2527,0,0,0,0,0
839,6518,840.2587729895995,99823,186,101,121,52,41780,22205,0.6409845426404737,123,49,29525,31895,8796,5267,11247,12634,44954,35246,1,1,7828,7199,25221,2667,7686,886,884,0,0,3173,41162,588,2527,0,0,1,0,1
840,6518,841.1062771526987,99823,176,102,121,52,41799,22217,0.6412950923133947,136,46,29551,31930,8779,5258,11235,12610,44963,35264,2,2,7811,7184,25220,2669,7698,891,891,0,0,3186,41159,586,2526,0,0,1,0,1
841,6518,842.3762041541397,99823,187,100,121,52,41839,22231,0.6418360498081604,130,56,29588,31986,8765,5246,11207,12558,44972,35282,3,3,7791,7176,25214,2668,7714,893,894,0,0,3208,41151,586,2524,0,0,2,0,2
842,6518,843.2217785436334,99823,185,103,121,52,41864,22244,0.6422167236007734,129,61,29603,32015,8766,5238,11194,12529,44981,35300,4,4,7772,7168,25209,2662,7734,893,897,0,0,3223,41150,585,2524,1,0,2,0,3
843,6518,844.0669301454255,99823,198,102,121,52,41899,22259,0.642717610170001,114,56,29636,32056,8755,5233,11174,12499,44990,35318,6,5,7753,7159,25205,2660,7749,894,901,0,0,3239,41145,584,2525,1,0,4,0,4
844,6518,845.3328545820251,99822,207,100,121,53,41943,22274,0.6433151008795657,107,62,29689,32104,8747,5219,11127,12460,44999,35336,8,6,7737,7141,25200,2668,7764,898,904,0,0,3254,41138,581,2525,1,1,4,0,6
845,6518,846.1755925447604,99822,206,88,121,53,41966,22284,0.6436456893270021,109,63,29713,32145,8744,5222,11105,12427,45008,35354,11,8,7720,7131,25197,2663,7783,898,907,0,0,3279,41122,581,2524,1,2,5,0,9
846,6518,847.017711560174,99822,202,95,121,53,41985,22300,0.6439963134379195,106,59,29761,32177,8727,5209,11081,12405,45017,35372,15,10,7706,7121,25196,2658,7797,901,909,0,0,3293,41114,580,2525,1,2,5,0,14
847,6518,848.2786641283056,99822,206,94,121,53,42018,22313,0.6444571336979824,99,65,29831,32223,8699,5199,11042,12364,45026,35390,20,12,7691,7106,25195,2659,7807,904,912,0,0,3316,41099,579,2525,1,2,8,0,18
848,6518,849.1176545779655,99822,202,92,121,53,42040,22324,0.6447877221454188,103,63,29864,32252,8685,5199,11023,12339,45035,35408,26,15,7676,7092,25190,2656,7826,905,916,0,0,3332,41088,579,2524,1,2,11,0,24
849,6518,850.3743014214477,99822,202,91,121,53,42070,22342,0.6452685780689628,112,62,29917,32295,8660,5198,10986,12299,45044,35425,33,18,7659,7079,25186,2657,7841,908,920,0,0,3350,41075,574,2526,1,2,14,0,30
850,6518,851.210761905456,99822,207,89,121,53,42095,22356,0.6456592735068422,112,56,29942,32332,8654,5198,10962,12270,45053,35442,41,21,7642,7067,25177,2659,7854,912,922,0,0,3362,41071,574,2525,1,2,17,0,37
851,6518,852.0464022840823,99822,214,80,121,53,42125,22361,0.6460098976177596,105,63,29969,32362,8644,5192,10945,12248,45062,35459,50,25,7632,7055,25169,2654,7871,915,923,0,0,3376,41060,572,2526,2,3,23,0,41
852,6518,853.2983068021185,99820,206,86,123,53,42160,22380,0.6465638148667602,104,55,30010,32408,8639,5181,10916,12215,45071,35476,61,29,7610,7043,25160,2653,7888,919,934,0,0,3398,41042,569,2524,3,3,26,0,48
853,6518,854.1321139420772,99820,201,81,123,53,42185,22393,0.6469445001001803,96,48,30032,32440,8642,5180,10904,12196,45080,35493,73,34,7596,7032,25153,2648,7903,927,937,0,0,3414,41026,567,2523,4,4,30,0,56
854,6518,855.3816581340193,99820,189,89,123,53,42211,22416,0.6474353836906431,101,47,30073,32484,8633,5172,10879,12153,45089,35510,87,39,7582,7010,25149,2658,7916,930,941,0,0,3434,41004,563,2522,4,4,37,0,66
855,6518,856.2139193815925,99820,189,81,123,53,42232,22426,0.6477459426968544,99,49,30097,32496,8623,5170,10867,12149,45097,35527,102,44,7567,6997,25143,2659,7925,936,942,0,0,3451,40991,563,2520,5,6,42,0,73
856,6518,857.0456083023871,99820,183,86,123,53,42256,22438,0.6481065918653577,98,50,30137,32529,8610,5147,10847,12133,45105,35544,119,50,7557,6985,25138,2656,7935,943,940,0,0,3464,40974,563,2518,6,9,48,0,84
857,6518,858.2914908839533,99820,186,82,123,53,42288,22449,0.6485373672610699,95,52,30175,32563,8606,5148,10813,12100,45113,35561,138,56,7543,6971,25135,2657,7945,946,941,0,0,3487,40944,563,2517,7,10,52,0,102
858,6518,859.1209336445362,99820,179,90,123,53,42303,22465,0.6488479262672812,97,48,30194,32598,8599,5128,10806,12081,45121,35578,158,63,7526,6960,25130,2655,7952,950,945,0,0,3502,40926,563,2516,7,10,60,0,118
859,6518,860.3640261516264,99820,181,82,123,53,42334,22478,0.6492887196954518,98,54,30239,32647,8583,5116,10774,12046,45129,35595,180,70,7511,6946,25122,2654,7967,953,951,0,0,3526,40893,561,2513,9,10,68,0,136
860,6518,861.1917305457325,99820,183,78,123,53,42355,22486,0.6495792426367462,92,51,30277,32660,8564,5115,10759,12041,45137,35611,204,78,7501,6935,25113,2650,7980,957,953,0,0,3538,40868,560,2511,10,10,78,0,156
861,6518,862.0186956052585,99820,168,81,123,53,42365,22501,0.6498296934482067,99,42,30298,32686,8556,5113,10754,12023,45145,35627,230,86,7486,6926,25104,2650,7990,959,952,0,0,3561,40838,559,2509,11,10,86,0,179
862,6518,863.2578269568044,99820,171,73,123,53,42396,22510,0.6502304147465438,90,39,30344,32713,8544,5113,10726,12007,45153,35643,258,95,7475,6910,25096,2656,8002,964,952,0,0,3577,40811,555,2502,15,13,94,0,198
863,6518,864.0829886081667,99820,170,69,123,53,42410,22519,0.6504608294930876,87,39,30373,32739,8527,5105,10718,11993,45161,35659,288,104,7469,6893,25088,2654,8011,967,953,0,0,3591,40781,554,2503,15,14,109,0,218
864,6518,865.3194411741312,99820,167,62,123,53,42437,22525,0.6507914245642156,82,50,30408,32765,8517,5096,10701,11972,45169,35675,320,114,7456,6879,25071,2657,8025,971,956,0,0,3606,40750,552,2500,17,15,123,0,242
865,6518,866.1428750249386,99820,164,67,123,53,42452,22536,0.6510518934081346,82,45,30429,32775,8500,5083,10700,11975,45177,35691,354,125,7439,6872,25061,2659,8025,978,957,0,0,3612,40729,550,2500,17,19,135,0,267
866,6518,867.3770569897647,99820,153,77,123,53,42476,22553,0.6514626327389301,91,36,30471,32823,8481,5066,10679,11943,45185,35707,390,136,7427,6858,25042,2662,8035,984,959,0,0,3625,40698,548,2501,17,24,151,0,289
867,6518,868.1989460100178,99820,159,70,123,53,42502,22558,0.6517731917451413,80,37,30494,32839,8475,5058,10667,11941,45193,35723,429,148,7407,6851,25032,2663,8034,993,961,0,0,3638,40669,548,2498,20,28,159,0,319
868,6518,869.0202405784925,99820,165,66,123,53,42524,22564,0.6520536966539772,74,37,30522,32848,8460,5042,10654,11952,45201,35739,470,160,7393,6842,25012,2657,8049,995,963,0,0,3647,40642,548,2495,22,29,178,0,348
869,6518,870.2506999294784,99820,160,68,123,53,42549,22579,0.6524544179523142,77,39,30565,32869,8449,5028,10624,11941,45209,35755,513,173,7381,6825,24998,2660,8055,1003,964,0,0,3662,40602,547,2494,22,31,195,0,381
870,6518,871.070021752583,99820,155,64,123,53,42565,22584,0.6526647966339411,71,43,30576,32873,8447,5017,10626,11948,45217,35771,558,187,7366,6811,24981,2661,8065,1006,969,0,0,3671,40565,546,2492,24,31,213,0,419
871,6518,872.2983910436735,99820,152,67,123,53,42588,22596,0.653015427769986,70,40,30617,32889,8433,5001,10603,11948,45225,35787,606,201,7350,6803,24963,2654,8074,1015,974,0,0,3681,40529,545,2489,27,33,229,0,454
872,6518,873.1164777156793,99820,153,66,123,53,42606,22602,0.6532558605489882,69,39,30633,32897,8423,4985,10597,11958,45233,35802,656,216,7337,6793,24947,2654,8081,1018,974,0,0,3688,40490,545,2488,28,38,246,0,493
873,6518,874.3425602331201,99819,155,60,123,54,42631,22613,0.6536230577344995,66,39,30676,32908,8408,4976,10570,11961,45241,35817,708,231,7321,6775,24925,2662,8088,1025,977,0,0,3696,40455,545,2484,31,41,266,0,528
874,6518,875.1590302046874,99819,151,59,123,54,42652,22620,0.6539035654534708,61,42,30700,32913,8405,4969,10558,11961,45248,35832,762,247,7303,6771,24896,2662,8095,1034,978,0,0,3703,40420,544,2483,31,44,287,0,568
875,6518,876.3827032550175,99819,149,72,123,54,42677,22644,0.6543944539616706,55,30,30749,32937,8386,4955,10536,11950,45255,35847,819,264,7284,6761,24869,2662,8102,1041,986,0,0,3713,40376,543,2482,33,46,311,0,610
876,6518,877.1975160973931,99819,145,74,123,54,42690,22653,0.6546148528837196,56,28,30778,32918,8379,4942,10517,11982,45262,35862,878,281,7275,6748,24853,2661,8109,1045,986,0,0,3720,40329,543,2478,36,49,333,0,654
877,6518,878.0115279455198,99819,143,70,123,54,42706,22658,0.654825233672948,56,30,30807,32921,8369,4933,10500,11990,45269,35877,939,299,7264,6736,24832,2664,8109,1052,987,0,0,3729,40281,540,2480,37,52,357,0,699
878,6518,879.2313569387632,99819,144,65,123,54,42727,22666,0.6551157595247398,49,30,30841,32931,8350,4918,10491,12000,45276,35892,1002,318,7249,6725,24808,2666,8111,1061,990,0,0,3738,40236,539,2478,39,56,380,0,743
879,6518,880.0438675301949,99819,132,66,123,54,42739,22671,0.6552860677826866,47,37,30859,32922,8348,4899,10489,12020,45283,35907,1068,337,7235,6718,24782,2665,8114,1070,991,0,0,3750,40188,538,2474,42,59,404,0,789
880,6518,881.2616506288512,99819,121,66,123,54,42753,22682,0.6555365211031968,53,30,30905,32929,8331,4884,10465,12035,45290,35922,1136,357,7225,6708,24754,2663,8118,1080,992,0,0,3765,40130,538,2471,44,64,432,0,835
881,6518,882.0725293542475,99819,118,65,123,54,42764,22686,0.6556867930955028,55,32,30927,32917,8310,4870,10465,12060,45297,35937,1206,377,7214,6699,24735,2664,8118,1087,991,0,0,3768,40075,536,2472,45,69,453,0,893
882,6518,883.2878532007284,99819,119,62,123,54,42786,22697,0.6560173914785762,59,33,30958,32923,8282,4851,10457,12075,45304,35952,1278,398,7200,6689,24713,2666,8113,1100,994,0,0,3783,40014,534,2471,46,71,478,0,947
883,6518,884.0973431913627,99819,122,60,123,54,42801,22704,0.6562377904006251,52,32,30977,32912,8265,4836,10459,12104,45311,35967,1352,420,7188,6679,24682,2670,8111,1110,992,0,0,3790,39964,534,2468,49,72,509,0,1001
884,6518,885.3105004901158,99819,119,61,123,54,42817,22718,0.6565383343852372,53,34,31024,32921,8235,4815,10444,12113,45318,35981,1428,442,7176,6669,24658,2671,8110,1123,993,0,0,3801,39907,534,2462,53,74,534,0,1054
885,6518,886.1183719362659,99819,110,58,123,54,42827,22725,0.6567086426431842,60,38,31036,32899,8217,4802,10452,12147,45325,35995,1506,465,7166,6658,24630,2675,8115,1129,991,0,0,3806,39845,532,2461,54,80,564,0,1113
886,6518,887.3295016354145,99819,105,59,123,54,42844,22736,0.6569891503621555,55,35,31081,32908,8198,4792,10436,12150,45332,36009,1586,489,7156,6648,24602,2677,8114,1140,990,0,0,3821,39776,530,2461,54,85,593,0,1172
887,6518,888.1359979131715,99819,104,55,123,54,42858,22744,0.6572095492842044,53,34,31106,32890,8172,4783,10440,12182,45339,36023,1668,513,7145,6639,24571,2673,8120,1147,993,0,0,3831,39708,529,2459,57,86,625,0,1236
888,6518,889.3445927075592,99819,97,57,123,54,42871,22758,0.6574800388703553,51,27,31144,32892,8148,4768,10435,12200,45346,36037,1752,538,7133,6625,24544,2676,8117,1158,997,0,0,3840,39642,527,2458,60,90,656,0,1296
889,6518,890.1495339237034,99819,97,58,123,54,42886,22764,0.6576904196595839,45,27,31166,32874,8135,4749,10432,12236,45353,36051,1837,564,7124,6614,24514,2678,8107,1173,996,0,0,3846,39583,526,2457,62,96,690,0,1353
890,6518,891.3560231741326,99819,98,54,123,54,42899,22773,0.6579108185816328,47,25,31197,32880,8109,4730,10424,12255,45360,36065,1924,590,7112,6606,24490,2678,8099,1188,995,0,0,3858,39514,525,2453,67,99,716,0,1419
891,6518,892.1595563904169,99819,90,53,123,54,42904,22780,0.6580310361754776,50,26,31208,32855,8100,4714,10427,12296,45367,36079,2013,617,7102,6595,24462,2677,8101,1197,996,0,0,3857,39449,525,2448,71,107,747,0,1485
892,6518,893.3643035411891,99819,99,51,123,54,42925,22785,0.6582915076288082,38,31,31243,32857,8070,4692,10425,12313,45374,36093,2103,645,7090,6587,24430,2675,8100,1207,998,0,0,3863,39384,524,2444,75,108,781,0,1553
893,6518,894.1667450202065,99819,96,48,123,54,42935,22789,0.6584317614882939,39,33,31262,32822,8055,4681,10423,12360,45381,36107,2195,673,7078,6581,24395,2673,8099,1220,1000,0,0,3862,39317,524,2442,77,114,813,0,1624
894,6518,895.3696753605153,99819,89,46,123,54,42948,22796,0.658632124144702,45,34,31294,32799,8031,4672,10416,12393,45388,36121,2288,702,7063,6573,24356,2671,8097,1234,1006,0,0,3866,39255,523,2439,80,119,853,0,1684
895,6518,896.1709642178275,99819,95,48,123,54,42958,22801,0.658782396137008,40,34,31318,32775,7999,4656,10423,12431,45395,36135,2382,731,7050,6568,24324,2667,8090,1245,1007,0,0,3864,39199,522,2436,84,125,890,0,1748
896,6518,897.3716852708858,99819,94,50,123,54,42972,22813,0.6590428675903385,35,32,31365,32775,7972,4632,10409,12455,45402,36149,2477,761,7043,6561,24289,2663,8086,1260,1007,0,0,3870,39129,519,2432,90,132,927,0,1811
897,6518,898.1711628794204,99819,84,47,123,54,42977,22818,0.6591430489185426,37,37,31373,32735,7953,4617,10428,12508,45409,36163,2574,792,7034,6551,24245,2662,8089,1266,1006,0,0,3875,39063,517,2430,94,140,973,0,1874
898,6518,899.3697229524485,99819,71,54,123,54,42985,22833,0.6593734659734118,43,27,31422,32732,7930,4591,10409,12540,45415,36176,2672,823,7023,6537,24213,2664,8088,1278,1011,0,0,3878,38987,516,2429,95,146,1009,0,1945
899,6518,900.1678115296779,99819,69,50,123,54,42989,22835,0.6594335747703343,67,50,31426,32730,7926,4588,10387,12526,45415,36176,2672,823,7023,6536,24213,2665,8090,1278,1011,0,0,3885,38979,516,2428,95,147,1009,0,1944
900,6518,900.1678115296779,99819,66,49,123,54,42991,22839,0.6594936835672567,69,47,31431,32685,7920,4578,10389,12585,45415,36176,2771,855,7022,6536,24175,2664,8080,1289,1011,1,7,3881,38897,516,2424,99,151,1047,0,2019
901,6518,901.3642727500649,99819,74,56,123,54,43009,22854,0.65982428195033,60,44,31472,32667,7888,4564,10381,12613,45415,36176,2870,887,7022,6533,24135,2665,8068,1309,1011,1,11,3879,38817,516,2422,100,153,1082,0,2095
902,6518,902.1610382619468,99818,71,60,124,54,43021,22864,0.6600512933539041,50,36,31498,32635,7881,4550,10374,12663,45415,36176,2970,920,7022,6531,24092,2667,8064,1320,1011,1,18,3873,38730,516,2418,103,159,1119,0,2174
903,6518,903.3551277501705,99818,65,61,124,54,43027,22875,0.6602216033180388,54,31,31537,32629,7858,4528,10360,12695,45415,36176,3071,953,7022,6526,24056,2672,8065,1330,1011,1,21,3862,38647,516,2411,108,168,1148,1,2253
904,6518,904.1503183092457,99818,70,58,124,54,43040,22878,0.6603818950489891,50,33,31558,32598,7834,4515,10362,12740,45415,36176,3173,987,7021,6525,24019,2672,8062,1338,1011,2,26,3852,38560,516,2409,110,178,1181,1,2335
905,6518,905.3421190334782,99818,68,59,124,54,43055,22887,0.6606223326454147,50,29,31585,32585,7822,4495,10349,12776,45415,36176,3275,1022,7016,6524,23976,2673,8064,1348,1011,7,30,3847,38470,515,2405,112,183,1215,1,2421
906,6518,906.1360426239505,99818,73,59,124,54,43064,22893,0.6607726061431806,48,29,31608,32565,7798,4469,10347,12822,45415,36176,3378,1057,7015,6522,23930,2675,8056,1358,1011,8,34,3831,38398,515,2404,113,198,1260,1,2489
907,6518,907.3259990334127,99818,69,57,124,54,43074,22904,0.6609829890400529,55,23,31644,32558,7779,4456,10327,12850,45415,36176,3481,1093,7014,6520,23884,2678,8040,1381,1011,9,46,3827,38319,514,2397,120,202,1299,1,2556
908,6518,908.1184391201659,99818,73,55,124,54,43081,22911,0.6611232443046344,60,20,31658,32535,7761,4440,10322,12894,45415,36176,3584,1129,7011,6520,23846,2678,8025,1397,1011,12,51,3820,38235,514,2395,121,209,1337,2,2634
909,6518,909.0023093778575,99818,80,57,124,54,43094,22916,0.6613035725019536,51,19,31668,32499,7748,4426,10327,12943,45415,36176,3688,1166,7011,6518,23796,2679,8016,1411,1011,12,51,3813,38164,514,2392,124,216,1383,3,2704
910,6518,910.2044526039266,99818,80,51,124,54,43112,22926,0.6615840830311166,47,19,31745,32498,7706,4417,10296,12959,45415,36176,3792,1203,7009,6514,23740,2683,8010,1427,1011,14,67,3809,38081,514,2383,132,220,1430,4,2770
911,6518,911.2875411027103,99818,83,49,124,54,43126,22934,0.6618044841611733,53,21,31772,32493,7679,4403,10287,12978,45415,36176,3896,1241,7007,6510,23699,2687,8002,1441,1010,16,72,3801,37995,514,2381,134,228,1466,6,2849
912,6518,912.0768046872561,99818,84,47,124,54,43137,22936,0.6619347211925705,50,22,31786,32471,7665,4376,10289,13028,45415,36176,4000,1279,7006,6510,23664,2685,7989,1460,1010,17,79,3793,37911,514,2376,139,235,1498,6,2926
913,6518,913.2600254276169,99818,85,46,124,54,43148,22944,0.662125067623074,50,23,31828,32465,7635,4353,10276,13057,45415,36176,4104,1318,7003,6509,23616,2686,7984,1471,1010,20,85,3782,37835,514,2366,149,245,1541,6,2996
914,6518,914.0479436679917,99818,88,45,124,54,43159,22949,0.6622853593540243,47,22,31852,32437,7617,4335,10270,13105,45415,36176,4208,1357,7002,6508,23566,2688,7976,1486,1010,21,84,3776,37761,513,2360,155,251,1584,9,3068
915,6518,915.228708126522,99818,83,49,124,54,43171,22956,0.6624757057845279,48,25,31886,32430,7600,4313,10257,13127,45415,36176,4312,1396,7001,6505,23523,2691,7969,1500,1010,22,91,3766,37672,513,2357,157,260,1622,9,3150
916,6518,916.0151670332812,99818,80,43,124,54,43178,22958,0.6625658698831874,48,26,31899,32411,7587,4296,10260,13168,45415,36176,4415,1436,6999,6505,23484,2691,7952,1522,1010,24,99,3762,37584,513,2352,161,264,1657,9,3230
917,6518,917.1941468305213,99818,74,40,124,54,43188,22963,0.6627161433809533,48,30,31932,32400,7576,4277,10244,13197,45415,36176,4518,1476,6999,6503,23431,2692,7944,1537,1010,24,111,3753,37503,513,2348,165,272,1705,9,3299
918,6518,918.3720395057857,99818,74,47,124,54,43200,22976,0.6629665992105632,44,21,31969,32407,7559,4254,10228,13215,45415,36176,4621,1517,6997,6503,23387,2692,7939,1547,1010,26,120,3747,37411,513,2342,171,277,1745,9,3382
919,6518,919.1565433044541,99818,77,47,124,54,43208,22979,0.6630767997755915,40,24,31980,32377,7546,4234,10231,13262,45415,36176,4723,1558,6997,6503,23338,2691,7927,1561,1010,26,124,3739,37337,513,2338,175,285,1793,9,3452
920,6518,920.3326652060878,99818,76,38,124,54,43222,22983,0.6632571279729107,39,26,32007,32366,7536,4224,10216,13290,45415,36176,4825,1599,6992,6500,23287,2692,7917,1575,1010,31,137,3734,37253,513,2332,181,289,1843,9,3523
921,6518,921.1161978133531,99818,78,39,124,54,43234,22986,0.6634074014706767,31,30,32024,32340,7520,4204,10221,13331,45415,36176,4926,1641,6992,6500,23237,2691,7909,1589,1010,31,142,3725,37178,513,2328,184,297,1890,9,3593
922,6518,922.290901302492,99818,69,44,124,54,43241,22996,0.6635777114348114,35,30,32057,32315,7498,4188,10215,13367,45415,36176,5027,1683,6989,6499,23198,2690,7907,1601,1010,34,146,3719,37083,513,2324,188,302,1922,10,3683
923,6518,923.0733575347966,99818,67,38,124,54,43245,22998,0.6636378208339178,36,32,32066,32287,7477,4173,10228,13414,45415,36176,5127,1725,6988,6499,23169,2691,7891,1623,1009,35,151,3714,36991,513,2320,191,306,1947,10,3770
924,6518,924.2464010413387,99818,70,40,124,54,43259,23005,0.66384820373079,38,26,32094,32278,7454,4151,10218,13449,45415,36176,5226,1768,6986,6495,23127,2696,7884,1634,1009,37,154,3703,36912,512,2316,195,317,1985,12,3844
925,6518,925.0278432030091,99818,72,46,124,54,43267,23015,0.6640285319281092,39,21,32120,32255,7424,4138,10219,13484,45415,36176,5325,1811,6985,6494,23089,2697,7876,1645,1009,38,157,3694,36824,512,2314,196,326,2021,14,3927
926,6518,926.1989926584088,99818,80,42,124,54,43283,23020,0.6642389148249814,37,23,32154,32256,7385,4121,10218,13502,45415,36176,5423,1854,6984,6492,23042,2699,7867,1662,1009,39,161,3687,36746,512,2310,200,332,2061,15,4000
927,6518,927.368920113985,99817,75,48,125,54,43292,23028,0.6644158810623441,43,21,32194,32277,7358,4100,10203,13498,45415,36176,5520,1898,6983,6490,22995,2700,7856,1678,1009,40,164,3674,36673,512,2308,202,344,2105,16,4068
928,6518,928.1478887837278,99817,79,53,125,54,43302,23035,0.6645861927327008,46,19,32197,32254,7335,4084,10216,13534,45415,36176,5616,1942,6982,6490,22948,2701,7843,1693,1008,41,168,3661,36606,512,2305,205,356,2151,16,4131
929,6518,929.315896623908,99816,79,43,125,55,43316,23040,0.6647832010900057,47,23,32238,32249,7307,4070,10202,13558,45415,36176,5712,1986,6979,6489,22904,2702,7844,1701,1008,44,181,3655,36508,511,2299,211,361,2188,17,4214
930,6518,930.0938141081025,99816,75,41,125,55,43322,23042,0.6648633485613529,57,23,32253,32219,7288,4052,10200,13608,45415,36176,5807,2030,6978,6489,22872,2702,7830,1717,1008,45,191,3643,36420,511,2296,214,373,2218,17,4292
931,6518,931.2599226865134,99816,76,43,125,55,43339,23050,0.6651138094093131,49,24,32268,32223,7279,4033,10201,13620,45415,36176,5901,2075,6977,6487,22825,2703,7830,1726,1008,46,197,3635,36334,510,2291,218,381,2259,17,4372
932,6518,932.0370339281467,99816,74,48,125,55,43345,23058,0.6652540674841708,55,20,32268,32202,7260,4018,10216,13655,45415,36176,5994,2120,6975,6486,22770,2704,7817,1741,1008,48,202,3631,36265,510,2288,220,385,2313,17,4436
933,6518,933.2015051174284,99816,78,46,125,55,43362,23066,0.6655045283321311,53,24,32299,32183,7234,4010,10209,13680,45415,36176,6086,2165,6973,6485,22730,2704,7809,1758,1008,50,208,3620,36183,510,2285,223,394,2347,20,4509
934,6518,934.3304709257815,99816,79,44,125,55,43377,23073,0.6657249338783361,52,23,32343,32169,7206,4002,10193,13705,45415,36176,6177,2210,6972,6481,22686,2708,7802,1772,1008,51,214,3615,36097,510,2283,225,398,2385,21,4588
935,6518,935.105896047327,99816,78,41,125,55,43386,23077,0.6658551735192755,54,25,32353,32151,7193,3991,10195,13735,45415,36176,6267,2256,6968,6481,22648,2706,7790,1788,1008,55,220,3607,36018,510,2281,226,406,2422,23,4659
936,6518,936.2682624633609,99816,82,35,125,55,43403,23082,0.6660755790654805,51,26,32375,32159,7175,3981,10190,13742,45415,36176,6356,2302,6965,6478,22606,2709,7787,1799,1008,58,228,3599,35929,510,2279,228,414,2456,23,4740
937,6518,937.0426765941108,99816,78,34,125,55,43411,23086,0.6661958002725014,54,25,32380,32158,7161,3962,10200,13764,45415,36176,6444,2348,6964,6478,22568,2709,7776,1817,1008,59,235,3592,35848,510,2274,233,420,2488,23,4814
938,6518,938.2041917289142,99816,86,36,125,55,43427,23095,0.6664462611204617,44,21,32406,32154,7141,3944,10196,13788,45415,36176,6531,2394,6963,6476,22522,2711,7759,1837,1008,60,242,3589,35774,510,2272,234,423,2532,23,4881
939,6518,939.0061678423975,99816,84,41,125,55,43431,23102,0.6665564638935642,46,18,32396,32112,7135,3927,10212,13845,45415,36176,6617,2440,6963,6476,22484,2711,7744,1854,1008,60,243,3577,35715,510,2265,240,435,2569,27,4935
940,6518,940.1779363693331,99816,74,40,125,55,43444,23109,0.6667568325719323,51,21,32448,32124,7109,3908,10191,13850,45415,36176,6702,2486,6961,6473,22434,2714,7741,1870,1007,62,253,3571,35640,510,2259,245,440,2609,27,5000
941,6518,941.3369754611047,99816,77,40,125,55,43457,23115,0.6669471828163821,44,22,32479,32116,7078,3892,10195,13873,45415,36176,6786,2532,6960,6473,22394,2715,7735,1880,1007,63,260,3564,35562,509,2252,252,447,2645,28,5070
942,6518,942.1091028957394,99816,78,35,125,55,43463,23116,0.667017311853811,52,28,32486,32087,7056,3884,10201,13909,45415,36176,6869,2578,6958,6472,22359,2716,7720,1899,1007,65,264,3556,35496,509,2246,258,455,2676,28,5132
943,6518,943.2669844441812,99816,69,39,125,55,43471,23126,0.6671976436643424,55,23,32526,32090,7039,3867,10184,13924,45415,36176,6951,2625,6956,6469,22308,2719,7706,1918,1006,67,271,3551,35435,509,2242,262,460,2723,31,5183
944,6518,944.0381460765641,99816,77,44,125,55,43482,23134,0.6673879939087922,51,24,32531,32067,7019,3850,10195,13958,45415,36176,7031,2672,6955,6469,22266,2720,7694,1930,1006,68,275,3544,35370,508,2238,266,467,2765,31,5244
945,6518,945.1942505363521,99816,83,49,125,55,43497,23143,0.667628436322834,51,24,32546,32067,7005,3836,10188,13967,45415,36176,7110,2719,6951,6466,22229,2723,7684,1942,1006,72,279,3534,35301,508,2236,268,477,2800,31,5309
946,6518,946.3496545529149,99816,79,47,125,55,43508,23148,0.6677887312655286,53,27,32574,32069,6992,3825,10175,13975,45415,36176,7188,2766,6948,6463,22184,2726,7677,1957,1006,75,285,3529,35230,508,2232,270,482,2839,31,5374
947,6518,947.1193940655311,99816,80,50,125,55,43515,23154,0.6679189709064679,58,24,32587,32055,6975,3809,10173,14005,45415,36176,7265,2813,6948,6462,22135,2727,7673,1964,1006,75,288,3522,35169,508,2228,274,488,2886,33,5430
948,6518,948.2731981365005,99816,89,49,125,55,43533,23160,0.6681594133205098,50,22,32626,32055,6941,3800,10167,14017,45415,36176,7341,2860,6946,6460,22100,2728,7666,1975,1006,77,294,3511,35101,508,2223,278,498,2920,33,5492
949,6518,949.0416835373765,99816,83,46,125,55,43537,23166,0.6682595976596938,57,24,32630,32035,6930,3800,10173,14038,45415,36176,7416,2907,6945,6458,22061,2729,7663,1988,1006,78,300,3507,35024,508,2219,279,502,2953,33,5563
950,6518,950.1940153561378,99816,89,44,125,55,43556,23169,0.6684800032058988,52,23,32659,32056,6910,3786,10163,14034,45415,36176,7490,2954,6944,6454,22021,2732,7656,1999,1006,79,307,3504,34951,508,2216,282,505,2990,34,5628
951,6518,951.3453247277006,99816,92,45,125,55,43573,23176,0.6687204456199407,49,23,32694,32072,6887,3768,10151,14035,45415,36176,7563,3001,6940,6451,21976,2735,7645,2013,1006,83,315,3500,34886,508,2215,283,509,3032,34,5685
952,6518,952.1121182368975,99816,95,45,125,55,43583,23179,0.66885068526088,46,24,32693,32050,6875,3762,10164,14062,45415,36176,7635,3048,6939,6449,21936,2738,7630,2029,1006,84,319,3494,34827,507,2213,285,515,3071,35,5739
953,6518,953.2622116348176,99816,93,38,125,55,43594,23182,0.6689909433357377,50,27,32710,32065,6852,3756,10168,14057,45415,36176,7706,3095,6937,6446,21900,2741,7623,2045,1006,86,324,3488,34756,507,2209,288,519,3101,37,5803
954,6518,954.0286071397182,99816,95,38,125,55,43606,23187,0.6691612567123507,47,22,32715,32056,6839,3751,10177,14076,45415,36176,7776,3142,6936,6445,21874,2741,7613,2059,1006,87,328,3483,34682,507,2203,294,522,3126,40,5870
955,6518,955.1779932077244,99816,91,39,125,55,43616,23191,0.6693015147872085,48,23,32731,32064,6827,3738,10176,14079,45415,36176,7845,3189,6935,6443,21847,2743,7607,2071,1006,88,335,3476,34606,507,2199,297,529,3148,41,5938
956,6518,956.3266905169562,99816,88,38,125,55,43625,23197,0.6694517912959846,47,26,32760,32069,6812,3719,10166,14091,45415,36176,7912,3236,6935,6442,21808,2745,7595,2091,1005,88,341,3466,34551,507,2195,300,535,3184,42,5986
957,6518,957.0919785214659,99816,82,42,125,55,43633,23202,0.6695820309369239,48,25,32758,32062,6799,3700,10186,14114,45415,36176,7978,3283,6933,6440,21773,2748,7584,2105,1003,90,346,3461,34490,507,2191,304,540,3217,42,6042
958,6518,958.2398730268562,99816,81,45,125,55,43647,23212,0.6698224733509658,45,28,32787,32078,6783,3682,10177,14110,45415,36176,8043,3330,6933,6438,21732,2749,7580,2116,1002,90,353,3457,34428,507,2186,309,542,3255,45,6094
959,6518,959.004607769458,99816,83,48,125,55,43657,23218,0.6699827682936603,45,25,32801,32072,6765,3670,10179,14128,45415,36176,8107,3377,6933,6437,21689,2749,7575,2127,1002,90,356,3452,34372,507,2183,312,547,3293,46,6146
960,6518,960.1510060342911,99815,82,45,125,56,43665,23225,0.6701397585533236,49,22,32830,32107,6731,3657,10181,14111,45415,36176,8170,3423,6930,6434,21651,2750,7571,2138,1002,93,359,3445,34317,507,2177,317,554,3327,47,6196
961,6518,961.2964298786798,99815,86,47,125,56,43675,23231,0.6703000551019386,49,19,32831,32095,6719,3649,10188,14132,45415,36176,8232,3469,6930,6433,21605,2751,7561,2151,1002,93,362,3442,34270,507,2173,321,557,3370,49,6238
962,6518,962.0147262107337,99815,91,44,125,56,43691,23239,0.670540499924861,46,20,32865,32127,6698,3636,10173,14115,45415,36176,8293,3515,6928,6433,21571,2751,7557,2162,1002,95,371,3436,34201,507,2170,324,562,3398,51,6296
963,6518,963.1171397481279,99815,86,37,125,56,43698,23242,0.6706406852677453,56,22,32888,32137,6684,3630,10159,14116,45415,36176,8353,3561,6927,6432,21536,2752,7549,2174,1002,96,381,3431,34136,507,2168,326,566,3430,55,6347
964,6518,964.2605217636041,99815,86,37,125,56,43712,23247,0.6708310374192256,53,21,32907,32142,6667,3617,10160,14125,45415,36176,8412,3607,6924,6430,21500,2753,7545,2184,1002,99,386,3424,34078,507,2164,329,572,3463,58,6397
965,6518,965.205183231805,99815,88,37,125,56,43728,23252,0.6710414266392827,51,24,32933,32160,6647,3606,10154,14115,45415,36176,8470,3653,6923,6428,21466,2755,7541,2194,1002,100,394,3417,34017,507,2159,334,577,3494,59,6448
966,6518,966.1862074097187,99815,86,36,125,56,43742,23260,0.6712618343936282,45,19,32944,32176,6638,3599,10160,14112,45415,36176,8527,3699,6918,6424,21424,2759,7538,2206,1002,105,397,3410,33964,507,2156,336,582,3531,59,6497
967,6518,967.2256294202405,99815,91,31,125,56,43753,23262,0.6713920753393778,43,23,32962,32180,6618,3590,10159,14118,45415,36176,8583,3745,6917,6424,21388,2759,7534,2214,1002,106,404,3406,33910,507,2151,339,586,3565,60,6543
968,6518,968.3665105815218,99815,84,33,125,56,43762,23268,0.6715423533537044,44,24,32994,32203,6603,3574,10148,14108,45415,36176,8638,3791,6916,6422,21355,2762,7526,2228,1002,107,411,3401,33851,506,2149,341,590,3593,61,6594
969,6518,969.1265719333471,99815,83,30,125,56,43769,23272,0.6716525572308771,47,22,32998,32203,6590,3565,10155,14122,45415,36176,8693,3836,6916,6422,21319,2762,7524,2240,1002,107,415,3395,33796,506,2145,344,595,3621,62,6644
970,6518,970.2662924405348,99815,87,30,125,56,43785,23280,0.6718930020537995,48,22,33012,32225,6576,3546,10150,14119,45415,36176,8747,3881,6914,6420,21282,2763,7521,2249,1002,109,423,3390,33744,506,2137,352,600,3653,64,6686
971,6518,971.0257577186048,99815,83,33,125,56,43789,23285,0.6719831688623954,49,20,33003,32212,6572,3532,10166,14145,45415,36176,8800,3926,6912,6419,21250,2764,7515,2257,1002,111,426,3386,33691,506,2137,352,603,3684,66,6734
972,6518,972.0085849172401,99815,92,37,125,56,43805,23292,0.6722135951510294,40,16,33028,32233,6547,3512,10166,14144,45415,36176,8852,3971,6911,6419,21216,2764,7506,2267,1001,112,430,3378,33644,506,2136,353,611,3718,68,6775
973,6518,973.1143043123553,99815,87,32,125,56,43814,23295,0.6723338175624906,45,18,33053,32273,6531,3500,10157,14119,45415,36176,8903,4016,6910,6417,21183,2766,7499,2283,1001,113,436,3368,33593,506,2132,357,619,3744,69,6819
974,6518,974.1837939228704,99815,88,32,125,56,43826,23299,0.6724941141111055,45,19,33070,32292,6509,3486,10161,14113,45415,36176,8953,4061,6909,6415,21150,2767,7486,2299,1000,114,441,3364,33548,506,2128,360,623,3777,70,6858
975,6518,975.2654392378048,99815,87,33,125,56,43833,23305,0.6726243550568551,44,19,33084,32293,6497,3480,10161,14117,45415,36176,9002,4105,6908,6414,21123,2768,7479,2311,1000,115,444,3359,33494,506,2126,362,626,3802,71,6907
976,6518,976.0436089586797,99815,87,30,125,56,43843,23309,0.6727646145368933,45,19,33102,32313,6482,3475,10157,14105,45415,36176,9050,4149,6906,6412,21086,2770,7474,2320,1000,117,453,3357,33438,506,2125,363,628,3835,71,6954
977,6518,977.033358074106,99815,87,31,125,56,43855,23313,0.6729249110855082,43,20,33120,32322,6461,3459,10162,14110,45415,36176,9098,4193,6906,6411,21053,2769,7472,2332,1000,117,454,3344,33397,506,2123,365,639,3862,74,6991
978,6518,978.227301398444,99815,86,37,125,56,43867,23322,0.6731353003055653,43,23,33139,32360,6440,3449,10165,14073,45415,36176,9145,4237,6905,6410,21024,2769,7467,2345,1000,118,459,3340,33343,506,2120,368,642,3886,74,7039
979,6518,979.3621817592077,99815,85,41,125,56,43876,23330,0.6733056153884687,51,17,33144,32390,6420,3435,10173,14059,45415,36176,9191,4281,6905,6408,20987,2772,7463,2352,1000,117,464,3334,33296,506,2118,370,648,3920,76,7079
980,6518,980.2320889155746,99815,85,39,125,56,43884,23333,0.6734158192656414,54,19,33145,32390,6410,3427,10179,14067,45415,36176,9236,4324,6904,6405,20956,2775,7460,2358,1000,118,469,3328,33245,506,2115,373,654,3948,76,7125
981,6518,981.147372728836,99815,88,39,125,56,43897,23338,0.6735961528828333,51,21,33165,32407,6392,3419,10177,14056,45415,36176,9280,4367,6903,6404,20927,2776,7454,2369,1000,119,475,3321,33199,506,2112,375,659,3975,78,7163
982,6518,982.1221226581976,99815,87,31,125,56,43906,23338,0.6736863196914291,63,28,33191,32430,6369,3409,10163,14044,45415,36176,9324,4410,6900,6403,20902,2777,7446,2382,1000,122,481,3317,33147,506,2110,377,663,3995,81,7206
983,6518,983.2548678317157,99815,88,34,125,56,43919,23345,0.6738866903771978,65,32,33205,32463,6357,3394,10158,14019,45415,36176,9367,4453,6895,6403,20879,2776,7441,2392,1000,127,485,3316,33092,506,2105,381,664,4016,82,7255
984,6518,984.009717118013,99815,95,38,125,56,43933,23352,0.674097079597255,59,32,33213,32490,6344,3384,10162,13998,45415,36176,9409,4495,6894,6402,20853,2776,7439,2399,1000,128,486,3311,33047,506,2101,385,667,4040,84,7297
985,6518,985.141540469516,99815,91,40,125,56,43942,23358,0.6742473576115814,61,37,33246,32514,6328,3373,10147,13978,45415,36176,9450,4537,6894,6401,20818,2777,7438,2408,1000,128,490,3310,33001,506,2096,388,668,4069,86,7337
986,6518,986.2724264782055,99815,85,46,125,56,43958,23371,0.674537895105946,61,29,33262,32552,6325,3359,10140,13956,45415,36176,9491,4579,6892,6397,20785,2780,7435,2420,1000,130,501,3304,32956,506,2090,393,672,4097,87,7370
987,6518,987.0260952436784,99815,86,48,125,56,43967,23378,0.6746981916545609,60,25,33269,32565,6307,3357,10151,13947,45415,36176,9531,4621,6891,6396,20755,2781,7431,2428,1000,131,506,3300,32916,506,2081,401,676,4124,88,7404
988,6518,988.1561536014071,99815,88,44,125,56,43984,23385,0.6749386364774833,64,24,33288,32610,6285,3355,10148,13909,45415,36176,9570,4663,6887,6394,20724,2783,7425,2442,1000,135,512,3295,32871,506,2078,403,680,4149,91,7440
989,6518,989.2856049030257,99815,95,44,125,56,44002,23393,0.6751991183689826,58,19,33318,32655,6260,3348,10142,13876,45415,36176,9609,4704,6884,6392,20691,2784,7425,2449,1000,138,519,3291,32824,506,2077,404,684,4176,91,7480
990,6518,990.0153992126341,99815,98,46,125,56,44012,23396,0.6753293593147323,51,17,33306,32659,6257,3335,10161,13885,45415,36176,9647,4745,6884,6391,20664,2785,7418,2461,1000,138,521,3286,32788,506,2073,407,689,4199,91,7514
991,6518,991.0792235658732,99815,94,40,125,56,44033,23402,0.67559985974052,51,25,33330,32703,6250,3324,10148,13850,45415,36176,9684,4786,6881,6388,20625,2787,7418,2474,1000,141,531,3281,32746,505,2072,408,692,4229,93,7544
992,6518,992.2073187300559,99815,93,44,125,56,44051,23410,0.6758603416320192,40,23,33361,32730,6243,3314,10136,13831,45415,36176,9721,4827,6881,6386,20588,2788,7417,2486,1000,141,536,3276,32709,504,2070,408,693,4263,95,7574
993,6518,993.3345234666542,99815,90,52,125,56,44066,23420,0.67611080498923,45,19,33383,32772,6232,3299,10123,13800,45415,36176,9757,4867,6881,6384,20555,2789,7412,2496,1000,141,544,3272,32671,504,2066,412,697,4292,98,7601
994,6518,994.0854951647938,99815,96,50,125,56,44073,23421,0.6761909532635375,44,19,33383,32766,6220,3297,10130,13810,45415,36176,9792,4907,6881,6384,20535,2789,7408,2501,1000,141,545,3271,32624,504,2063,415,698,4311,100,7645
995,6518,995.0516636820707,99815,94,48,125,56,44083,23430,0.6763813054150177,50,20,33409,32808,6205,3288,10115,13778,45415,36176,9827,4947,6878,6382,20510,2790,7401,2517,1000,144,550,3268,32583,504,2062,414,699,4332,102,7679
996,6518,996.0115434919668,99815,87,45,125,56,44093,23437,0.6765516204979212,61,18,33432,32839,6197,3282,10096,13758,45415,36176,9861,4987,6877,6382,20485,2790,7400,2530,999,145,560,3265,32530,504,2060,415,702,4347,102,7722
997,6518,997.1681122870098,99815,85,38,125,56,44106,23441,0.6767219355808245,57,22,33464,32876,6185,3281,10082,13725,45415,36176,9895,5026,6874,6380,20448,2791,7400,2543,999,148,568,3264,32491,504,2058,417,702,4373,102,7753
998,6518,998.2376950303407,99815,88,39,125,56,44122,23445,0.6769223062665932,50,24,33470,32918,6175,3270,10090,13691,45415,36176,9928,5065,6874,6377,20425,2794,7392,2555,999,148,573,3261,32448,504,2056,419,704,4393,104,7789
999,6518,999.3610325649171,99815,90,36,125,56,44138,23452,0.6771527325552271,49,24,33504,32953,6155,3270,10075,13659,45415,36176,9960,5104,6873,6377,20397,2795,7390,2566,999,149,584,3254,32404,503,2054,421,708,4415,105,7821
1000,6518,1000.109427550209,99815,92,37,125,56,44147,23457,0.6772929920352653,51,23,33526,32976,6144,3257,10060,13649,45415,36176,9992,5142,6872,6377,20366,2795,7392,2572,999,150,585,3253,32367,503,2050,424,709,4439,106,7856
1001,6518,1001.2311698234831,99815,95,35,125,56,44164,23460,0.6774933627210339,55,23,33552,33003,6115,3249,10056,13632,45415,36176,10023,5180,6871,6372,20338,2799,7390,2581,999,151,591,3250,32331,503,2047,426,712,4462,106,7886
1002,6518,1002.3518596330256,99815,87,33,125,56,44172,23464,0.6776135851324951,56,21,33572,33042,6105,3240,10053,13606,45415,36176,10054,5218,6869,6370,20315,2802,7380,2596,998,153,598,3245,32294,503,2044,429,717,4480,108,7914
1003,6518,1003.0986543325826,99815,92,29,125,56,44187,23468,0.6778039372839754,44,20,33588,33057,6095,3240,10054,13596,45415,36176,10084,5256,6869,6368,20290,2805,7379,2604,997,153,602,3240,32258,503,2039,433,722,4499,111,7943
1004,6518,1004.1165183522493,99815,94,35,125,56,44194,23475,0.6779441967640134,46,17,33603,33077,6080,3230,10050,13583,45415,36176,10114,5293,6869,6368,20268,2805,7369,2617,997,153,604,3238,32227,503,2037,435,724,4518,112,7971
1005,6518,1005.0433800249031,99815,100,31,125,56,44211,23479,0.6781545859840705,39,19,33651,33121,6059,3223,10024,13548,45415,36176,10143,5330,6867,6368,20247,2805,7368,2623,997,155,613,3231,32183,503,2037,435,730,4535,115,8003
1006,6518,1006.0753342946152,99815,90,32,125,56,44214,23482,0.6782146971898011,40,19,33662,33138,6052,3213,10029,13540,45415,36176,10172,5367,6865,6366,20218,2807,7367,2631,996,157,616,3229,32151,503,2033,438,731,4560,115,8032
1007,6518,1007.0661446255991,99815,89,36,125,56,44222,23490,0.678374993738416,46,16,33662,33169,6047,3213,10029,13508,45415,36176,10200,5404,6863,6366,20192,2807,7360,2641,996,159,622,3226,32117,503,2030,441,734,4583,115,8060
1008,6518,1008.0569074783514,99815,85,31,125,56,44231,23493,0.6784952161498773,53,18,33678,33203,6036,3206,10021,13484,45415,36176,10228,5440,6859,6365,20164,2808,7361,2646,996,163,630,3222,32078,503,2028,443,737,4606,117,8089
1009,6518,1009.3023656986041,99815,80,30,125,56,44246,23500,0.6787156239042228,53,14,33724,33255,6030,3193,9986,13450,45415,36176,10255,5476,6856,6358,20139,2816,7362,2653,994,166,635,3215,32041,503,2027,444,744,4624,118,8120
1010,6518,1010.132354109879,99815,81,28,125,56,44255,23507,0.6788759204528377,53,12,33751,33284,6008,3188,9980,13430,45415,36176,10282,5512,6854,6358,20119,2816,7357,2664,994,168,642,3211,32005,503,2021,449,748,4639,118,8149
1011,6518,1011.0514126673718,99815,93,25,125,56,44274,23509,0.6790863096728949,46,13,33766,33317,5986,3180,9982,13407,45415,36176,10308,5548,6853,6358,20096,2816,7351,2675,994,169,646,3210,31970,503,2020,450,749,4657,119,8179
1012,6518,1012.3708387553548,99815,94,28,125,56,44283,23513,0.6792165506186445,44,16,33794,33340,5966,3172,9975,13386,45415,36176,10334,5583,6853,6358,20075,2816,7349,2679,994,169,652,3206,31932,503,2019,451,753,4676,120,8210
1013,6518,1013.1211003116041,99815,94,28,125,56,44298,23515,0.6793868657015478,41,17,33801,33364,5961,3168,9976,13365,45415,36176,10360,5618,6852,6357,20047,2816,7349,2687,994,170,658,3205,31896,503,2017,453,754,4697,120,8240
1014,6518,1014.0364360909736,99815,96,30,125,56,44310,23520,0.6795571807844513,45,18,33814,33390,5949,3163,9969,13341,45415,36176,10385,5653,6851,6357,20026,2815,7344,2697,994,171,661,3202,31869,503,2011,459,755,4716,122,8262
1015,6518,1015.0392206875085,99815,92,29,125,56,44329,23527,0.6798176626759506,44,25,33825,33441,5949,3151,9963,13296,45415,36176,10410,5687,6846,6352,20010,2822,7347,2700,992,176,671,3199,31818,503,2009,460,758,4727,125,8300
1016,6518,1016.1508746259417,99815,96,35,125,56,44349,23537,0.6801182187046035,36,21,33856,33475,5932,3146,9953,13265,45415,36176,10434,5721,6842,6349,19997,2825,7340,2713,992,180,676,3196,31785,503,2005,464,760,4735,126,8327
1017,6518,1017.1608905827264,99815,91,41,125,56,44355,23547,0.6802785152532185,42,15,33871,33493,5924,3138,9945,13255,45415,36176,10458,5755,6841,6347,19973,2827,7336,2722,991,181,678,3192,31756,503,2005,464,763,4756,127,8353
1018,6518,1018.0491831834952,99814,82,41,126,56,44361,23552,0.6803955356963953,49,17,33873,33512,5922,3125,9946,13247,45415,36176,10482,5789,6841,6343,19946,2831,7337,2731,991,181,681,3189,31729,503,1999,470,766,4772,128,8376
1019,6518,1019.3186110968389,99814,83,39,126,56,44382,23560,0.6806860761015489,45,23,33916,33559,5910,3113,9918,13208,45415,36176,10505,5822,6835,6339,19924,2835,7336,2742,991,187,689,3180,31697,503,1999,470,771,4788,129,8399
1020,6518,1020.0579286969404,99814,82,34,126,56,44391,23562,0.680796281082814,43,25,33918,33576,5902,3116,9927,13191,45415,36176,10528,5855,6832,6337,19904,2836,7335,2750,991,190,693,3176,31667,503,1995,473,774,4804,129,8425
1021,6518,1021.1666352526111,99814,90,36,126,56,44407,23568,0.6810166910453443,41,25,33950,33613,5886,3110,9905,13158,45415,36176,10550,5888,6832,6334,19890,2837,7331,2757,991,190,699,3170,31633,503,1994,474,780,4817,129,8453
1022,6518,1022.2742730974536,99814,79,37,126,56,44415,23574,0.6811569519305909,47,29,33969,33640,5882,3103,9895,13133,45415,36176,10572,5921,6828,6334,19866,2838,7328,2768,991,194,708,3168,31598,501,1994,474,780,4836,129,8479
1023,6518,1023.0124082531596,99814,78,40,126,56,44422,23579,0.6812771755465166,46,31,33986,33658,5865,3098,9897,13115,45415,36176,10594,5953,6828,6332,19846,2841,7323,2775,990,194,711,3163,31573,501,1992,476,784,4855,129,8501
1024,6518,1024.1190787992368,99814,82,39,126,56,44435,23586,0.6814775482397258,41,28,34002,33695,5849,3088,9898,13092,45415,36176,10615,5985,6825,6332,19827,2841,7322,2784,990,197,713,3161,31542,501,1991,476,786,4868,132,8526
1025,6518,1025.22503831571,99813,80,45,127,56,44444,23599,0.681704787953473,45,20,34022,33730,5839,3082,9885,13065,45415,36176,10636,6017,6821,6332,19812,2840,7323,2790,990,201,718,3159,31504,501,1987,479,786,4880,133,8557
1026,6518,1026.1977977795368,99813,76,41,127,56,44453,23600,0.6818049753038181,54,25,34044,33765,5816,3073,9881,13038,45415,36176,10657,6048,6819,6332,19790,2841,7321,2797,990,203,726,3154,31479,499,1984,481,790,4900,134,8573
1027,6518,1027.3023396837566,99813,80,43,127,56,44463,23608,0.6819853125344394,52,19,34061,33789,5801,3070,9877,13021,45415,36176,10677,6079,6819,6332,19772,2840,7320,2802,990,203,731,3151,31450,499,1979,486,793,4915,135,8596
1028,6518,1028.0159766380177,99813,83,46,127,56,44477,23615,0.6821957059701642,54,15,34067,33818,5800,3063,9867,13000,45415,36176,10697,6110,6819,6326,19748,2845,7319,2807,990,203,735,3149,31430,499,1975,489,795,4937,136,8611
1029,6518,1029.3116706185972,99813,81,41,127,56,44495,23619,0.6824161181409235,56,20,34118,33876,5787,3058,9829,12947,45415,36176,10717,6141,6813,6324,19723,2846,7321,2813,990,209,743,3146,31400,499,1971,491,798,4957,138,8631
1030,6518,1030.046587220991,99813,79,37,127,56,44503,23622,0.6825263242263032,59,20,34132,33897,5772,3050,9829,12938,45415,36176,10736,6171,6811,6324,19708,2846,7312,2827,989,211,750,3143,31373,499,1969,492,801,4969,139,8650
1031,6518,1031.1783503188344,99813,77,40,127,56,44514,23628,0.6826966427218899,54,19,34152,33920,5770,3044,9818,12919,45415,36176,10755,6201,6811,6318,19694,2851,7300,2841,989,211,753,3142,31348,499,1968,493,802,4982,142,8669
1032,6518,1032.2599244514427,99813,89,44,127,56,44536,23636,0.6829972047729254,52,20,34184,33945,5752,3035,9794,12898,45415,36176,10774,6231,6811,6318,19675,2852,7295,2849,989,211,758,3139,31323,498,1966,494,805,4999,146,8685
1033,6518,1033.195581277307,99813,90,45,127,56,44548,23641,0.6831675232685122,53,22,34199,33982,5742,3026,9787,12867,45415,36176,10792,6261,6809,6316,19659,2855,7294,2854,988,213,763,3137,31292,498,1963,497,807,5011,147,8710
1034,6518,1034.2949871986768,99813,81,43,127,56,44556,23646,0.6832977668239608,63,24,34216,34023,5739,3025,9772,12827,45415,36176,10810,6290,6808,6315,19641,2856,7290,2865,988,213,773,3137,31260,498,1960,500,806,5024,150,8729
1035,6518,1035.0276107896393,99813,93,45,127,56,44573,23651,0.6835181789947201,54,21,34226,34042,5728,3019,9770,12815,45415,36176,10828,6319,6807,6315,19628,2858,7281,2876,987,214,773,3136,31236,497,1960,500,807,5036,151,8751
1036,6518,1036.1260410094953,99813,89,41,127,56,44586,23655,0.6836884974903069,54,29,34257,34066,5713,3015,9758,12791,45415,36176,10846,6348,6806,6312,19606,2860,7278,2887,987,215,780,3134,31212,497,1957,503,808,5053,153,8765
1037,6518,1037.2237106822681,99813,83,40,127,56,44595,23659,0.6838187410457556,55,33,34290,34107,5700,3006,9743,12756,45415,36176,10863,6377,6802,6309,19586,2863,7280,2892,987,219,783,3128,31187,497,1956,504,812,5068,154,8786
1038,6518,1038.320333416835,99813,85,40,127,56,44609,23663,0.6839990782763768,50,34,34318,34143,5689,2997,9729,12728,45415,36176,10880,6405,6800,6307,19569,2865,7279,2897,987,221,787,3124,31161,497,1955,504,816,5082,157,8805
1039,6518,1039.0508112531704,99813,87,46,127,56,44617,23673,0.6841794155069981,50,31,34334,34165,5671,2993,9729,12707,45415,36176,10897,6433,6798,6307,19554,2865,7278,2901,987,223,790,3122,31136,497,1951,508,818,5094,159,8825
1040,6518,1040.1458705731504,99813,89,46,127,56,44627,23681,0.6843597527376194,49,28,34354,34212,5658,2989,9721,12667,45415,36176,10913,6461,6797,6307,19533,2866,7279,2903,986,224,796,3120,31111,497,1948,510,819,5115,161,8841
1041,6518,1041.2403313413283,99813,94,43,127,56,44645,23688,0.6846102211134822,41,32,34380,34258,5651,2980,9705,12629,45415,36176,10929,6489,6796,6303,19514,2871,7277,2911,985,225,802,3118,31086,497,1945,513,821,5128,164,8857
1042,6518,1042.334004691879,99813,87,53,127,56,44655,23705,0.6848807269594142,41,22,34393,34294,5647,2974,9703,12599,45415,36176,10945,6516,6795,6302,19487,2871,7282,2918,985,226,808,3114,31064,497,1944,513,825,5145,166,8871
1043,6518,1043.0629123354015,99813,84,54,127,56,44660,23709,0.6849708955747247,43,21,34394,34306,5642,2968,9708,12593,45415,36176,10961,6543,6794,6301,19468,2873,7281,2923,984,227,808,3113,31044,497,1942,515,826,5160,168,8889
1044,6518,1044.0284151212559,99813,81,46,127,56,44670,23714,0.6851211766002424,43,20,34426,34357,5624,2965,9697,12554,45415,36176,10976,6570,6791,6297,19442,2876,7280,2934,984,230,811,3113,31028,497,1939,517,826,5178,171,8899
1045,6518,1045.2018467014927,99813,74,49,127,56,44680,23721,0.6852914950958292,49,20,34446,34391,5615,2957,9687,12525,45415,36176,10991,6597,6790,6293,19429,2878,7278,2941,984,231,821,3111,30998,497,1936,520,828,5188,171,8919
1046,6518,1046.1136755237644,99813,74,50,127,56,44691,23726,0.6854517948563814,49,19,34472,34415,5605,2954,9671,12504,45415,36176,11006,6623,6787,6292,19414,2879,7277,2948,984,234,822,3108,30977,497,1933,522,830,5199,173,8937
1047,6518,1047.3072269616991,99813,76,51,127,56,44708,23732,0.6856822257621753,48,26,34488,34461,5604,2944,9655,12460,45415,36176,11021,6649,6787,6290,19395,2881,7280,2955,983,234,827,3103,30957,496,1929,524,834,5213,173,8952
1048,6518,1048.0341737886872,99813,77,53,127,56,44714,23740,0.6858224880526584,48,22,34502,34486,5592,2940,9652,12441,45415,36176,11036,6675,6787,6290,19384,2881,7277,2962,983,234,831,3100,30931,496,1929,524,836,5221,176,8971
1049,6518,1049.1241383630356,99813,82,53,127,56,44730,23747,0.6860529189584523,45,26,34526,34523,5579,2931,9639,12409,45415,36176,11050,6701,6786,6289,19363,2882,7279,2968,982,235,833,3099,30910,496,1927,525,837,5236,179,8987
1050,6518,1050.213264606669,99813,80,48,127,56,44738,23751,0.6861731437788665,46,25,34544,34563,5568,2926,9633,12380,45415,36176,11064,6726,6784,6288,19345,2882,7278,2976,982,237,840,3097,30886,496,1927,525,839,5248,181,9002
1051,6518,1051.3018826231212,99813,86,49,127,56,44750,23756,0.6863434622744532,47,29,34567,34590,5549,2916,9622,12358,45415,36176,11078,6751,6783,6288,19328,2882,7280,2978,982,238,845,3094,30864,496,1924,528,842,5261,181,9019
1052,6518,1052.0271683210308,99813,86,49,127,56,44759,23762,0.6864937432999709,47,30,34574,34613,5543,2909,9621,12341,45415,36176,11092,6776,6782,6288,19307,2882,7284,2980,982,239,849,3093,30839,496,1923,529,843,5276,184,9037
1053,6518,1053.1147366669338,99813,83,50,127,56,44769,23769,0.6866640617955577,57,28,34595,34648,5532,2903,9604,12313,45415,36176,11105,6801,6782,6287,19285,2884,7288,2983,981,239,853,3091,30816,496,1923,529,845,5292,187,9052
1054,6518,1054.201612838004,99813,88,45,127,56,44785,23776,0.6868944927013515,54,29,34612,34678,5523,2908,9594,12282,45415,36176,11118,6826,6779,6284,19268,2886,7286,2993,981,242,860,3085,30798,496,1922,530,849,5304,189,9061
1055,6518,1055.2878608525887,99813,85,36,127,56,44797,23782,0.6870748299319728,58,31,34645,34718,5508,2911,9575,12246,45415,36176,11131,6850,6777,6283,19248,2888,7287,3000,980,244,874,3083,30768,496,1920,531,851,5317,190,9076
1056,6518,1056.0115266836665,99813,89,40,127,56,44810,23788,0.6872651858976285,60,32,34652,34736,5501,2904,9569,12230,45415,36176,11144,6874,6776,6280,19236,2891,7280,3009,980,245,875,3081,30751,496,1919,532,853,5327,192,9090
1057,6518,1057.0964999858375,99813,87,46,127,56,44821,23796,0.6874555418632844,62,30,34689,34773,5486,2898,9547,12195,45415,36176,11157,6898,6775,6278,19223,2892,7277,3016,980,246,880,3078,30729,496,1918,533,855,5338,193,9106
1058,6518,1058.1803309085217,99813,83,47,127,56,44834,23804,0.6876659352990091,66,34,34703,34808,5484,2896,9535,12157,45415,36176,11170,6922,6773,6278,19204,2892,7278,3025,979,248,886,3077,30705,496,1917,534,855,5349,194,9123
1059,6518,1059.2635299220217,99813,91,48,127,56,44857,23812,0.6879765160850791,54,34,34731,34845,5477,2894,9518,12121,45415,36176,11182,6945,6770,6276,19184,2893,7281,3029,979,251,893,3077,30684,496,1915,536,855,5364,196,9134
1060,6518,1060.3459755560377,99813,83,49,127,56,44864,23823,0.6881568533157003,59,26,34772,34881,5467,2890,9490,12096,45415,36176,11194,6968,6769,6275,19168,2893,7279,3038,979,252,903,3076,30658,496,1915,535,856,5375,201,9145
1061,6518,1061.0669087614606,99813,89,51,127,56,44875,23827,0.688307134341218,54,28,34803,34906,5448,2890,9477,12067,45415,36176,11206,6991,6767,6275,19157,2892,7277,3042,979,254,904,3076,30641,496,1912,538,856,5385,202,9160
1062,6518,1062.147324942111,99813,91,54,127,56,44893,23839,0.6886076963922535,53,26,34832,34951,5439,2880,9456,12031,45415,36176,11218,7014,6764,6273,19144,2894,7271,3055,979,257,916,3074,30617,496,1911,538,857,5393,202,9172
1063,6518,1063.2266991694246,99813,89,50,127,56,44903,23844,0.6887579774177712,52,25,34863,34981,5426,2878,9441,12008,45415,36176,11230,7037,6763,6272,19130,2896,7268,3064,978,258,922,3073,30597,495,1910,539,858,5402,207,9181
1064,6518,1064.3051833928985,99813,93,52,127,56,44919,23855,0.6890284832637031,53,20,34888,35036,5411,2874,9426,11960,45415,36176,11241,7059,6761,6269,19116,2900,7267,3070,977,260,929,3072,30575,495,1909,539,858,5413,210,9193
1065,6518,1065.087583384644,99813,91,48,127,56,44927,23857,0.6891286706140483,58,25,34890,35063,5410,2876,9422,11930,45415,36176,11252,7081,6758,6269,19102,2900,7261,3077,977,263,937,3072,30553,495,1909,539,858,5426,211,9206
1066,6518,1066.1650657168586,99813,98,44,127,56,44947,23864,0.6893991764599802,53,27,34911,35110,5398,2876,9411,11885,45415,36176,11263,7103,6753,6268,19085,2900,7263,3081,977,268,946,3069,30532,495,1906,541,861,5439,212,9217
1067,6518,1067.2419382995615,99813,88,47,127,56,44960,23874,0.689629607365774,58,30,34928,35144,5402,2871,9395,11850,45415,36176,11274,7125,6749,6266,19068,2902,7264,3089,977,272,957,3066,30506,495,1906,541,864,5447,214,9230
1068,6518,1068.3183242959874,99813,98,40,127,56,44979,23879,0.6898700570066023,58,38,34948,35183,5388,2869,9379,11812,45415,36176,11285,7147,6748,6265,19049,2903,7265,3098,977,273,962,3064,30490,495,1904,542,865,5458,216,9239
1069,6518,1069.0354937092434,99813,96,44,127,56,44985,23887,0.6900103192970856,61,35,34959,35209,5382,2863,9373,11791,45415,36176,11296,7168,6747,6264,19036,2905,7261,3105,977,273,963,3063,30472,495,1904,542,865,5469,217,9255
1070,6518,1070.110772624008,99813,99,46,127,56,45001,23899,0.690290843878052,62,33,34978,35240,5375,2863,9357,11760,45415,36176,11307,7189,6746,6262,19017,2907,7263,3111,977,274,970,3061,30452,495,1903,543,867,5481,219,9265
1071,6518,1071.1853984403526,99813,100,41,127,56,45021,23902,0.6905212747838458,58,34,35012,35290,5363,2865,9338,11712,45415,36176,11317,7210,6745,6258,19003,2911,7263,3121,977,275,979,3060,30429,495,1901,545,868,5485,219,9279
1072,6518,1072.2591390821362,99813,98,45,127,56,45032,23914,0.6907517056896396,63,32,35040,35336,5352,2857,9318,11672,45415,36176,11327,7231,6741,6257,18987,2913,7265,3125,976,279,985,3057,30411,495,1899,546,871,5496,221,9289
1073,6518,1073.3319548192148,99813,91,53,127,56,45044,23926,0.690992155330468,67,30,35066,35388,5339,2850,9308,11621,45415,36176,11337,7252,6740,6254,18967,2914,7268,3132,976,280,988,3056,30396,494,1899,546,872,5509,224,9298
1074,6518,1074.0466443878645,99813,93,56,127,56,45056,23931,0.6911624738260547,62,29,35074,35418,5337,2844,9305,11595,45415,36176,11347,7272,6737,6253,18953,2914,7268,3136,976,283,990,3055,30380,494,1898,547,873,5520,225,9311
1075,6518,1075.1183156426555,99813,87,56,127,56,45070,23942,0.6914129422019176,65,23,35097,35452,5337,2842,9285,11569,45415,36176,11357,7292,6732,6252,18935,2913,7274,3142,976,288,994,3055,30361,494,1896,547,872,5531,232,9319
1076,6518,1076.189328315724,99813,92,52,127,56,45091,23946,0.6916634105777805,64,25,35124,35496,5324,2840,9267,11529,45415,36176,11367,7312,6731,6248,18920,2917,7277,3148,976,289,999,3052,30343,494,1894,549,874,5538,236,9328
1077,6518,1077.259548928463,99812,97,54,127,57,45110,23954,0.691940848795736,59,28,35158,35521,5317,2839,9240,11499,45415,36176,11377,7332,6729,6246,18905,2918,7280,3151,976,291,1006,3051,30319,494,1894,548,874,5549,237,9344
1078,6518,1078.3288283850784,99812,96,54,127,57,45127,23963,0.6922013385164109,62,27,35168,35560,5319,2832,9226,11468,45415,36176,11386,7352,6725,6242,18896,2922,7272,3163,975,295,1017,3049,30297,494,1894,548,876,5555,238,9354
1079,6518,1079.0413816782093,99812,92,53,127,57,45133,23967,0.6923015268705166,67,26,35182,35576,5311,2830,9219,11456,45415,36176,11395,7371,6723,6242,18887,2922,7273,3166,975,297,1024,3046,30275,494,1893,549,878,5561,239,9368
1080,6518,1080.1097515901417,99812,93,50,127,57,45149,23976,0.6925519977557809,59,23,35205,35612,5308,2830,9206,11426,45415,36176,11404,7390,6722,6239,18876,2927,7273,3175,974,298,1030,3045,30255,493,1891,549,878,5566,243,9378
1081,6518,1081.1775446779639,99812,101,53,127,57,45169,23984,0.6928325251472769,51,29,35233,35640,5294,2824,9192,11395,45415,36176,11413,7409,6720,6237,18867,2929,7270,3181,974,300,1037,3045,30233,493,1890,550,878,5572,246,9390
1082,6518,1082.2444414645752,99812,109,53,127,57,45189,23990,0.6930930148679517,50,27,35259,35692,5282,2820,9171,11349,45415,36176,11422,7428,6718,6236,18857,2930,7269,3189,974,302,1042,3044,30215,493,1887,552,878,5577,248,9401
1083,6518,1083.3104926372778,99811,111,59,128,57,45204,24001,0.6933604512528679,52,29,35287,35722,5274,2813,9146,11318,45415,36176,11431,7447,6718,6232,18846,2934,7268,3194,974,302,1048,3042,30198,493,1884,555,880,5584,249,9410
1084,6518,1084.0206429733976,99811,107,60,128,57,45209,24007,0.693470659546543,60,29,35309,35755,5260,2810,9134,11287,45415,36176,11440,7466,6716,6232,18833,2934,7268,3199,974,303,1051,3037,30187,493,1882,556,884,5595,251,9416
1085,6518,1085.0851474395683,99811,102,59,128,57,45217,24015,0.6936309625191612,70,28,35333,35803,5248,2807,9117,11244,45415,36176,11449,7484,6715,6231,18818,2935,7269,3206,974,304,1056,3036,30171,493,1879,558,885,5604,254,9423
1086,6518,1086.1488272579093,99811,114,52,128,57,45235,24022,0.6938814359138772,71,34,35356,35834,5236,2816,9093,11205,45415,36176,11457,7502,6714,6230,18807,2936,7267,3214,973,305,1064,3034,30152,493,1878,559,887,5610,255,9433
1087,6518,1087.211650678779,99811,111,55,128,57,45250,24029,0.6941018525012274,69,35,35382,35873,5236,2810,9072,11168,45415,36176,11465,7520,6711,6228,18794,2937,7274,3216,973,308,1069,3029,30133,493,1878,559,888,5619,258,9444
1088,6518,1088.2736480690266,99811,112,57,128,57,45264,24039,0.6943423069601546,74,36,35390,35900,5230,2808,9064,11140,45415,36176,11473,7538,6706,6227,18784,2937,7277,3220,973,313,1074,3027,30113,493,1876,560,889,5625,260,9457
1089,6518,1089.3352078906041,99811,127,63,128,57,45291,24049,0.6947130075843344,75,33,35410,35944,5219,2804,9039,11097,45415,36176,11481,7556,6706,6223,18773,2942,7277,3225,973,312,1075,3026,30098,493,1875,561,890,5631,264,9467
1090,6518,1090.042613760768,99811,127,66,128,57,45305,24058,0.6949434431074731,73,35,35426,35958,5213,2801,9031,11081,45415,36176,11489,7574,6705,6221,18763,2944,7273,3233,973,313,1082,3025,30078,493,1874,562,890,5638,267,9477
1091,6518,1091.1030878309737,99811,126,65,128,57,45329,24068,0.6952840869242869,66,36,35453,35991,5211,2799,9014,11050,45415,36176,11497,7591,6699,6218,18753,2946,7276,3239,973,319,1093,3021,30056,492,1872,564,893,5642,272,9483
1092,6518,1092.1626852572138,99811,124,66,128,57,45346,24078,0.6955545981905802,68,33,35483,36032,5206,2796,8989,11014,45415,36176,11505,7608,6697,6216,18739,2948,7275,3252,973,321,1099,3018,30041,492,1871,564,895,5647,273,9490
1093,6518,1093.2214250246366,99811,119,68,128,57,45358,24089,0.6957850337137189,72,28,35500,36070,5205,2794,8974,10981,45415,36176,11513,7625,6693,6214,18723,2950,7280,3256,973,325,1104,3016,30024,492,1870,564,897,5655,276,9499
1094,6518,1094.2797288729048,99810,112,62,129,57,45371,24099,0.696022442641018,75,29,35520,36103,5209,2800,8953,10947,45415,36176,11521,7642,6691,6208,18711,2955,7280,3262,973,327,1121,3015,29999,492,1865,567,898,5663,278,9505
