,indexID,time,N,Inf_L,Inf_H,Dead_L,Dead_H,cum_cases_L,cum_cases_H,cum_sum_per_N,Exposed_L,Exposed_H,Sus_L,Sus_H,Rec_nat_L,Rec_nat_H,Rec_vax_L,Rec_vax_H,vaccinatedH,vaccinatedL,boostedH,boostedL,count_Naive,count_Delta,count_Delta_vaccine,count_two,count_three,count_four,count_Omicron,count_Omicron_star,count_Omicron_star_vaccine,count_Omicron_vaccine,count_Vaccine,count_WT,count_WT_vaccine,count_WT_vaccine_boost,count_Omicron_vaccine_boost,count_Delta_vaccine_boost,count_Omicron_star_vaccine_boost,count_Vaccine_boost
0,4306,1.2140489898785163,99996,4,7,0,0,4,8,0.00012000480019200768,21,17,49973,49973,0,1,0,0,0,0,0,0,99995,0,0,0,0,0,0,0,0,0,0,1,0,0,0,0,0,0
1,4306,2.2231880652458904,99996,7,13,0,0,7,14,0.00021000840033601344,18,11,49973,49973,0,1,0,0,0,0,0,0,99995,0,0,0,0,0,0,0,0,0,0,1,0,0,0,0,0,0
2,4306,3.0568858877698677,99996,7,12,0,0,9,17,0.00026001040041601667,20,8,49969,49973,2,5,0,0,0,0,0,0,99989,0,0,0,0,0,0,0,0,0,0,7,0,0,0,0,0,0
3,4306,4.065875708866563,99996,9,12,0,0,11,19,0.0003000120004800192,18,6,49969,49973,2,7,0,0,0,0,0,0,99987,0,0,0,0,0,0,0,0,0,0,9,0,0,0,0,0,0
4,4306,5.063103280494016,99996,12,14,0,0,16,21,0.00037001480059202366,14,5,49968,49972,4,7,0,0,0,0,0,0,99985,0,0,0,0,0,0,0,0,0,0,11,0,0,0,0,0,0
5,4306,6.082194727656923,99996,15,13,0,0,19,21,0.0004000160006400256,16,7,49963,49970,4,8,0,0,0,0,0,0,99984,0,0,0,0,0,0,0,0,0,0,12,0,0,0,0,0,0
6,4306,7.023395301631557,99996,16,14,0,0,23,23,0.00046001840073602946,12,6,49963,49969,7,9,0,0,0,0,0,0,99980,0,0,0,0,0,0,0,0,0,0,16,0,0,0,0,0,0
7,4306,8.205933870820342,99996,15,13,0,0,25,24,0.0004900196007840313,12,8,49961,49966,10,11,0,0,0,0,0,0,99975,0,0,0,0,0,0,0,0,0,0,21,0,0,0,0,0,0
8,4306,9.01849451834309,99996,19,12,0,0,30,25,0.0005500220008800352,9,7,49959,49966,11,13,0,0,0,0,0,0,99972,0,0,0,0,0,0,0,0,0,0,24,0,0,0,0,0,0
9,4306,10.054492245762649,99996,20,10,0,0,32,26,0.0005800232009280372,11,10,49955,49962,12,16,0,0,0,0,0,0,99968,0,0,0,0,0,0,0,0,0,0,28,0,0,0,0,0,0
10,4306,11.006897309807997,99996,18,13,0,0,34,32,0.0006600264010560422,13,7,49951,49959,16,19,0,0,0,0,0,0,99961,0,0,0,0,0,0,0,0,0,0,35,0,0,0,0,0,0
11,4306,12.021294630327915,99996,18,12,0,0,38,34,0.0007200288011520461,12,7,49948,49958,20,21,0,0,0,0,0,0,99954,0,0,0,0,0,0,0,0,0,0,42,0,0,0,0,0,0
12,4306,13.065544445277835,99996,19,14,0,0,43,38,0.0008100324012960519,13,3,49942,49958,24,23,0,0,0,0,0,0,99948,0,0,0,0,0,0,0,0,0,0,48,0,0,0,0,0,0
13,4306,14.135896091197955,99996,23,12,0,0,50,38,0.0008800352014080563,9,7,49939,49954,27,25,0,0,0,0,0,0,99943,0,0,0,0,0,0,0,0,0,0,53,0,0,0,0,0,0
14,4306,15.005032879697719,99996,23,12,0,0,51,39,0.0009000360014400576,10,6,49937,49954,28,26,0,0,0,0,0,0,99941,0,0,0,0,0,0,0,0,0,0,55,0,0,0,0,0,0
15,4306,16.224632754534493,99996,18,10,0,0,53,41,0.0009400376015040601,13,4,49932,49954,35,30,0,0,0,0,0,0,99930,0,0,0,0,0,0,0,0,0,0,66,0,0,0,0,0,0
16,4306,17.009243253692308,99996,20,11,0,0,57,44,0.0010100404016160646,12,4,49929,49951,37,32,0,0,0,0,0,0,99926,0,0,0,0,0,0,0,0,0,0,70,0,0,0,0,0,0
17,4306,18.176328996135684,99996,20,9,0,0,60,45,0.0010500420016800673,11,4,49927,49950,40,35,0,0,0,0,0,0,99920,0,0,0,0,0,0,0,0,0,0,76,0,0,0,0,0,0
18,4306,19.046779532433295,99996,16,7,0,0,60,45,0.0010500420016800673,16,4,49922,49950,44,37,0,0,0,0,0,0,99914,0,0,0,0,0,0,0,0,0,0,82,0,0,0,0,0,0
19,4306,20.002745483633575,99996,17,8,0,0,61,48,0.0010900436017440697,17,1,49920,49950,44,39,0,0,0,0,0,0,99912,0,0,0,0,0,0,0,0,0,0,84,0,0,0,0,0,0
20,4306,21.13131909091581,99996,18,6,0,0,64,48,0.0011200448017920717,16,3,49918,49948,46,41,0,0,0,0,0,0,99908,0,0,0,0,0,0,0,0,0,0,88,0,0,0,0,0,0
21,4306,22.02914848946765,99996,19,7,0,0,67,50,0.001170046801872075,15,1,49916,49948,48,42,0,0,0,0,0,0,99905,0,0,0,0,0,0,0,0,0,0,91,0,0,0,0,0,0
22,4306,23.04872346959321,99996,22,8,0,0,73,51,0.0012400496019840794,10,2,49915,49946,51,42,0,0,0,0,0,0,99902,0,0,0,0,0,0,0,0,0,0,94,0,0,0,0,0,0
23,4306,24.199196608475077,99996,18,6,0,0,75,51,0.0012600504020160806,9,5,49914,49943,57,44,0,0,0,0,0,0,99894,0,0,0,0,0,0,0,0,0,0,102,0,0,0,0,0,0
24,4306,25.0431355951728,99996,19,8,0,0,77,53,0.0013000520020800832,7,4,49914,49942,58,44,0,0,0,0,0,0,99893,0,0,0,0,0,0,0,0,0,0,103,0,0,0,0,0,0
25,4306,26.07233749968726,99996,19,9,0,0,79,55,0.0013400536021440858,6,3,49913,49941,60,45,0,0,0,0,0,0,99890,0,0,0,0,0,0,0,0,0,0,106,0,0,0,0,0,0
26,4306,27.05030471431601,99996,16,7,0,0,79,55,0.0013400536021440858,12,4,49908,49942,62,45,0,0,0,0,0,0,99885,0,0,0,0,0,0,0,0,0,0,111,0,0,0,0,0,0
27,4306,28.164926256795297,99996,17,7,0,0,84,56,0.0014000560022400896,10,3,49905,49942,66,46,0,0,0,0,0,0,99880,0,0,0,0,0,0,0,0,0,0,116,0,0,0,0,0,0
28,4306,29.136512007752163,99996,17,7,0,0,87,57,0.0014400576023040922,8,2,49904,49942,69,47,0,0,0,0,0,0,99876,0,0,0,0,0,0,0,0,0,0,120,0,0,0,0,0,0
29,4306,30.123682981811537,99996,15,8,0,0,89,58,0.001470058802352094,8,2,49902,49941,73,47,0,0,0,0,0,0,99872,0,0,0,0,0,0,0,0,0,0,124,0,0,0,0,0,0
30,4306,31.078669808966655,99996,13,7,0,0,92,58,0.001500060002400096,6,2,49901,49941,78,48,0,0,0,0,0,0,99866,0,0,0,0,0,0,0,0,0,0,130,0,0,0,0,0,0
31,4306,32.012275118529054,99996,9,6,0,0,93,59,0.0015200608024320973,6,1,49902,49941,81,50,0,0,0,0,0,0,99859,0,0,0,0,0,0,0,0,0,0,137,0,0,0,0,0,0
32,4306,33.230056479788786,99996,9,7,0,0,94,61,0.0015500620024800993,7,2,49900,49939,82,50,0,0,0,0,0,0,99857,0,0,0,0,0,0,0,0,0,0,139,0,0,0,0,0,0
33,4306,34.093550860902184,99996,10,5,0,0,96,61,0.0015700628025121005,6,2,49900,49939,82,52,0,0,0,0,0,0,99854,0,0,0,0,0,0,0,0,0,0,142,0,0,0,0,0,0
34,4306,35.1817334944229,99996,8,5,0,0,96,61,0.0015700628025121005,7,4,49900,49937,83,52,0,0,0,0,0,0,99852,0,0,0,0,0,0,0,0,0,0,144,0,0,0,0,0,0
35,4306,36.18666404209544,99996,10,4,0,0,98,61,0.0015900636025441017,6,4,49899,49937,83,53,0,0,0,0,0,0,99851,0,0,0,0,0,0,0,0,0,0,145,0,0,0,0,0,0
36,4306,37.06815259448009,99996,11,6,0,0,100,63,0.0016300652026081043,5,4,49898,49935,84,53,0,0,0,0,0,0,99850,0,0,0,0,0,0,0,0,0,0,146,0,0,0,0,0,0
37,4306,38.18711654873171,99996,10,6,0,0,101,64,0.0016500660026401055,6,6,49896,49934,86,52,0,0,0,0,0,0,99847,0,0,0,0,0,0,0,0,0,0,149,0,0,0,0,0,0
38,4306,39.08184852724967,99996,12,9,0,0,104,67,0.0017100684027361094,4,5,49895,49932,87,52,0,0,0,0,0,0,99846,0,0,0,0,0,0,0,0,0,0,150,0,0,0,0,0,0
39,4306,40.04243883164011,99996,15,13,0,0,108,72,0.0018000720028801152,1,1,49894,49931,88,53,0,0,0,0,0,0,99844,0,0,0,0,0,0,0,0,0,0,152,0,0,0,0,0,0
40,4306,41.30800353978914,99996,15,12,0,0,109,73,0.0018200728029121164,6,1,49889,49930,88,55,0,0,0,0,0,0,99841,0,0,0,0,0,0,0,0,0,0,155,0,0,0,0,0,0
41,4306,42.228687145108935,99996,14,11,0,0,109,73,0.0018200728029121164,7,1,49888,49930,89,56,0,0,0,0,0,0,99839,0,0,0,0,0,0,0,0,0,0,157,0,0,0,0,0,0
42,4306,43.157032338000484,99996,13,9,0,0,110,73,0.0018300732029281172,7,1,49887,49930,91,58,0,0,0,0,0,0,99835,0,0,0,0,0,0,0,0,0,0,161,0,0,0,0,0,0
43,4306,44.12888537317267,99996,12,8,0,0,112,73,0.0018500740029601184,9,3,49883,49928,94,59,0,0,0,0,0,0,99831,0,0,0,0,0,0,0,0,0,0,165,0,0,0,0,0,0
44,4306,45.083605287194466,99996,12,9,0,0,114,75,0.001890075603024121,10,4,49881,49925,95,60,0,0,0,0,0,0,99828,0,0,0,0,0,0,0,0,0,0,168,0,0,0,0,0,0
45,4306,46.069784907001676,99996,14,8,0,0,117,76,0.0019300772030881235,11,5,49878,49923,95,62,0,0,0,0,0,0,99825,0,0,0,0,0,0,0,0,0,0,171,0,0,0,0,0,0
46,4306,47.15995641783459,99996,18,7,0,0,122,76,0.001980079203168127,11,7,49876,49921,93,63,0,0,0,0,0,0,99823,0,0,0,0,0,0,0,0,0,0,173,0,0,0,0,0,0
47,4306,48.06609159405088,99996,16,7,0,0,123,76,0.0019900796031841273,11,7,49875,49922,96,62,0,0,0,0,0,0,99820,0,0,0,0,0,0,0,0,0,0,176,0,0,0,0,0,0
48,4306,49.11407222654097,99996,15,11,0,0,128,80,0.0020800832033281333,11,5,49870,49920,102,62,0,0,0,0,0,0,99814,0,0,0,0,0,0,0,0,0,0,182,0,0,0,0,0,0
49,4306,50.089292185951045,99996,14,12,0,0,130,82,0.0021200848033921357,10,6,49869,49917,105,63,0,0,0,0,0,0,99810,0,0,0,0,0,0,0,0,0,0,186,0,0,0,0,0,0
50,4306,51.313231713945854,99996,14,11,0,0,132,83,0.0021500860034401378,9,6,49868,49917,107,64,0,0,0,0,0,0,99806,0,0,0,0,0,0,0,0,0,0,190,0,0,0,0,0,0
51,4306,52.035969917790425,99996,16,14,0,0,134,87,0.0022100884035361414,8,4,49867,49916,107,64,0,0,0,0,0,0,99805,0,0,0,0,0,0,0,0,0,0,191,0,0,0,0,0,0
52,4306,53.09882818204636,99996,14,12,0,0,137,88,0.0022500900036001442,10,6,49862,49913,112,67,0,0,0,0,0,0,99797,0,0,0,0,0,0,0,0,0,0,199,0,0,0,0,0,0
53,4306,54.113665901074846,99996,13,13,0,0,138,91,0.0022900916036641466,11,5,49860,49911,114,69,0,0,0,0,0,0,99794,0,0,1,0,0,0,0,0,0,0,201,0,0,0,0,0,0
54,4306,55.13474947877483,99996,13,12,0,0,142,91,0.002330093203728149,13,8,49854,49908,118,70,0,0,0,0,0,0,99789,0,0,1,0,0,0,0,0,0,0,206,0,0,0,0,0,0
55,4306,56.04306282645157,99996,11,10,0,0,144,93,0.002370094803792152,14,6,49851,49908,122,74,0,0,0,0,0,0,99781,0,0,1,0,0,0,0,0,0,0,214,0,0,0,0,0,0
56,4306,57.07475397799365,99996,13,8,0,0,147,94,0.0024100964038561543,14,5,49848,49908,123,77,0,0,0,0,0,0,99777,0,0,1,0,0,0,0,0,0,0,218,0,0,0,0,0,0
57,4306,58.01430431859393,99996,14,7,0,0,151,95,0.0024600984039361575,13,4,49845,49908,126,79,0,0,0,0,0,0,99772,0,0,1,0,0,0,0,0,0,0,223,0,0,0,0,0,0
58,4306,59.07518882573216,99996,16,7,0,0,154,97,0.0025101004040161607,15,4,49841,49907,126,80,0,0,0,0,0,0,99769,0,0,1,0,0,0,0,0,0,0,226,0,0,0,0,0,0
59,4306,60.05110292609765,99996,19,7,0,0,159,97,0.002560102404096164,14,5,49838,49907,127,79,0,0,0,0,0,0,99767,0,0,1,0,0,0,0,0,0,0,228,0,0,0,0,0,0
60,4306,61.026756834827296,99996,23,8,0,0,163,98,0.002610104404176167,13,4,49835,49907,127,79,0,0,0,0,0,0,99767,0,0,1,0,0,0,0,0,0,0,228,0,0,0,0,0,0
61,4306,62.03336498965719,99996,20,8,0,0,164,99,0.0026301052042081684,14,6,49834,49904,130,80,0,0,0,0,0,0,99762,0,0,1,0,0,0,0,0,0,0,233,0,0,0,0,0,0
62,4306,63.143404053744504,99996,22,8,0,0,170,99,0.002690107604304172,13,10,49830,49901,133,79,0,0,0,0,0,0,99758,0,0,1,0,0,0,0,0,0,0,237,0,0,0,0,0,0
63,4306,64.14937952511762,99996,22,12,0,0,171,103,0.002740109604384175,12,7,49831,49900,133,79,0,0,0,0,0,0,99757,0,0,1,0,0,0,0,0,0,0,238,0,0,0,0,0,0
64,4306,65.01828939331456,99996,25,9,0,0,175,103,0.002780111204448178,10,10,49829,49898,134,81,0,0,0,0,0,0,99753,0,0,1,0,0,0,0,0,0,0,242,0,0,0,0,0,0
65,4306,66.22726858105628,99996,27,11,0,0,180,106,0.002860114404576183,11,13,49823,49893,137,81,0,0,0,0,0,0,99749,0,0,1,0,0,0,0,0,0,0,246,0,0,0,0,0,0
66,4306,67.04531917706782,99996,27,13,0,0,182,110,0.002920116804672187,11,11,49821,49893,139,81,0,0,0,0,0,0,99745,0,0,1,0,0,0,0,0,0,0,250,0,0,0,0,0,0
67,4306,68.0441021620401,99996,30,14,0,0,186,113,0.0029901196047841913,12,10,49816,49891,140,83,0,0,0,0,0,0,99742,0,0,1,0,0,0,0,0,0,0,253,0,0,0,0,0,0
68,4306,69.19814821419196,99996,27,14,0,0,189,114,0.0030301212048481937,14,11,49811,49890,146,83,0,0,0,0,0,0,99735,0,0,1,0,0,0,0,0,0,0,260,0,0,0,0,0,0
69,4306,70.10218940528367,99996,33,20,0,0,197,120,0.003170126805072203,8,8,49809,49887,148,83,0,0,0,0,0,0,99733,0,0,1,0,0,0,0,0,0,0,262,0,0,0,0,0,0
70,4306,71.15695242023567,99996,29,21,0,0,203,124,0.0032701308052322095,12,10,49799,49881,158,86,0,0,0,0,0,0,99720,0,0,1,0,0,0,0,0,0,0,275,0,0,0,0,0,0
71,4306,72.02841377687056,99996,31,19,0,0,207,126,0.003330133205328213,15,10,49792,49879,160,90,0,0,0,0,0,0,99714,0,0,1,0,0,0,0,0,0,0,281,0,0,0,0,0,0
72,4306,73.11482162595618,99996,31,16,0,0,211,129,0.0034001360054402175,21,10,49784,49876,162,96,0,0,0,0,0,0,99704,0,0,1,0,0,0,0,0,0,0,291,0,0,0,0,0,0
73,4306,74.04604089813905,99996,30,17,0,0,216,132,0.0034801392055682227,19,11,49781,49872,168,98,0,0,0,0,0,0,99696,0,0,1,0,0,0,0,0,0,0,299,0,0,0,0,0,0
74,4306,75.13933441365582,99996,32,20,0,0,221,135,0.003560142405696228,16,12,49781,49869,169,97,0,0,0,0,0,0,99693,0,0,1,0,0,0,0,0,0,0,302,0,0,0,0,0,0
75,4306,76.2762604314549,99996,30,19,0,0,225,139,0.003640145605824233,18,10,49777,49867,173,102,0,0,0,0,0,0,99682,0,0,1,0,0,0,0,0,0,0,313,0,0,0,0,0,0
76,4306,77.09509582912413,99996,30,19,0,0,227,140,0.003670146805872235,18,12,49775,49864,175,103,0,0,0,0,0,0,99679,0,0,1,0,0,0,0,0,0,0,316,0,0,0,0,0,0
77,4306,78.09784023653658,99996,27,21,0,0,231,142,0.003730149205968239,17,12,49773,49862,181,103,0,0,0,0,0,0,99672,0,0,1,0,0,0,0,0,0,0,323,0,0,0,0,0,0
78,4306,79.22951659861029,99996,29,21,0,0,235,145,0.0038001520060802433,23,14,49765,49858,181,105,0,0,0,0,0,0,99667,0,0,1,0,0,0,0,0,0,0,328,0,0,0,0,0,0
79,4306,80.23037309979763,99996,29,23,0,0,240,149,0.003890155606224249,25,12,49758,49856,186,107,0,0,0,0,0,0,99660,0,0,1,0,0,0,0,0,0,0,335,0,0,0,0,0,0
80,4306,81.12436302730556,99996,29,22,0,0,242,151,0.003930157206288251,24,11,49757,49855,188,110,0,0,0,0,0,0,99655,0,0,1,0,0,0,0,0,0,0,340,0,0,0,0,0,0
81,4306,82.32189260466029,99996,29,21,0,0,248,154,0.004020160806432257,28,14,49748,49849,193,114,0,0,0,0,0,0,99645,0,0,1,0,0,0,0,0,0,0,350,0,0,0,0,0,0
82,4306,83.14242390618786,99996,33,23,0,0,255,159,0.004140165606624265,26,12,49743,49846,196,117,0,0,0,0,0,0,99639,0,0,1,0,0,0,0,0,0,0,356,0,0,0,0,0,0
83,4306,84.28198952634092,99996,38,20,0,0,266,164,0.0043001720068802755,28,8,49734,49845,198,125,0,0,0,0,0,0,99625,0,0,1,0,0,0,0,0,0,0,370,0,0,0,0,0,0
84,4306,85.1065963684988,99996,40,21,0,0,270,166,0.004360174406976279,28,8,49730,49843,200,126,0,0,0,0,0,0,99622,0,0,1,0,0,0,0,0,0,0,373,0,0,0,0,0,0
85,4306,86.1709148443321,99996,40,19,0,0,279,168,0.004470178807152286,26,10,49724,49840,208,129,0,0,0,0,0,0,99609,0,0,1,0,0,0,0,0,0,0,386,0,0,0,0,0,0
86,4306,87.2796396491979,99996,40,18,0,0,290,170,0.004600184007360294,24,9,49716,49840,218,131,0,0,0,0,0,0,99595,0,0,1,0,0,0,0,0,0,0,400,0,0,0,0,0,0
87,4306,88.05634841640092,99996,44,17,0,0,297,170,0.004670186807472299,19,10,49714,49839,221,132,0,0,0,0,0,0,99591,0,0,1,0,0,0,0,0,0,0,404,0,0,0,0,0,0
88,4306,89.06020282640526,99996,44,14,0,0,305,171,0.0047601904076163045,20,14,49706,49834,228,136,0,0,0,0,0,0,99579,0,0,1,0,0,0,0,0,0,0,416,0,0,0,0,0,0
89,4306,90.0043003582808,99996,43,15,0,0,309,177,0.004860194407776311,23,9,49700,49834,232,140,0,0,0,0,0,0,99569,0,0,1,0,0,0,0,0,0,0,426,0,0,0,0,0,0
90,4306,91.16708653961462,99996,43,16,0,0,317,181,0.004980199207968319,20,6,49695,49833,240,143,0,0,0,0,0,0,99558,0,0,1,0,0,0,0,0,0,0,437,0,0,0,0,0,0
91,4306,92.19901613774785,99996,42,16,0,0,321,182,0.005030201208048322,20,6,49692,49834,244,142,0,0,0,0,0,0,99552,0,0,1,0,0,0,0,0,0,0,443,0,0,0,0,0,0
92,4306,93.08897140401842,99996,41,13,0,0,326,184,0.005100204008160326,21,7,49688,49831,248,147,0,0,0,0,0,0,99541,0,0,1,0,0,0,0,0,0,0,454,0,0,0,0,0,0
93,4306,94.00182029188763,99996,39,13,0,0,330,186,0.00516020640825633,27,7,49679,49829,253,149,0,0,0,0,0,0,99533,0,0,1,0,0,0,0,0,0,0,462,0,0,0,0,0,0
94,4306,95.13216650705449,99996,43,14,0,0,336,190,0.005260210408416337,27,7,49673,49826,255,151,0,0,0,0,0,0,99528,0,0,1,0,0,0,0,0,0,0,467,0,0,0,0,0,0
95,4306,96.0360457481269,99996,44,14,0,0,341,191,0.005320212808512341,28,8,49667,49824,259,152,0,0,0,0,0,0,99523,0,0,1,0,0,0,0,0,0,0,472,0,0,0,0,0,0
96,4306,97.09478514992556,99996,41,16,0,0,350,196,0.00546021840873635,26,8,49660,49819,271,155,0,0,0,0,0,0,99508,0,0,1,0,0,0,0,0,0,0,487,0,0,0,0,0,0
97,4306,98.090749826768,99996,41,17,0,0,354,199,0.005530221208848354,31,7,49651,49817,275,157,0,0,0,0,0,0,99502,0,0,1,0,0,0,0,0,0,0,493,0,0,0,0,0,0
98,4306,99.01638384273768,99996,48,18,0,0,364,203,0.0056702268090723625,26,8,49647,49813,277,159,0,0,0,0,0,0,99496,0,0,1,0,0,0,0,0,0,0,499,0,0,0,0,0,0
99,4306,100.21228217545558,99996,48,17,0,0,370,205,0.005750230009200368,24,8,49644,49814,282,159,0,0,0,0,0,0,99487,0,0,1,0,0,0,0,0,0,0,508,0,0,0,0,0,0
100,4306,101.01141686061868,99996,47,16,0,0,377,209,0.0058602344093763754,24,7,49639,49813,288,162,0,0,0,0,0,0,99474,0,0,1,0,0,0,0,0,0,0,521,0,0,0,0,0,0
101,4306,102.05631296415912,99996,56,14,0,0,391,209,0.006000240009600384,20,9,49630,49811,292,164,0,0,0,0,0,0,99467,0,0,1,0,0,0,0,0,0,0,528,0,0,0,0,0,0
102,4306,103.19315506856205,99996,53,15,0,0,395,212,0.006070242809712388,19,14,49627,49804,299,165,0,0,0,0,0,0,99458,0,0,1,0,0,0,0,0,0,0,537,0,0,0,0,0,0
103,4306,104.20050111838985,99996,51,12,0,0,400,213,0.006130245209808392,18,16,49623,49802,306,168,0,0,0,0,0,0,99447,0,0,1,0,0,0,0,0,0,0,548,0,0,0,0,0,0
104,4306,105.29943330243431,99996,49,14,0,0,409,217,0.0062602504100164,16,15,49616,49802,317,167,0,0,0,0,0,0,99434,0,0,1,0,0,0,0,0,0,0,561,0,0,0,0,0,0
105,4306,106.0235801819736,99996,50,18,0,0,415,222,0.006370254810192408,14,13,49614,49799,320,168,0,0,0,0,0,0,99428,0,0,1,0,0,0,0,0,0,0,567,0,0,0,0,0,0
106,4306,107.04887489205746,99996,50,20,0,0,421,227,0.006480259210368415,14,12,49608,49797,326,169,0,0,0,0,0,0,99419,0,0,1,0,0,0,0,0,0,0,576,0,0,0,0,0,0
107,4306,108.09301224339846,99996,48,18,0,0,425,229,0.006540261610464419,18,13,49601,49795,331,172,0,0,0,0,0,0,99410,0,0,2,0,0,0,0,0,0,0,584,0,0,0,0,0,0
108,4306,109.08593673205763,99996,45,20,0,0,427,231,0.006580263210528421,21,14,49597,49792,335,172,0,0,0,0,0,0,99405,0,0,2,0,0,0,0,0,0,0,589,0,0,0,0,0,0
109,4306,110.17245990836709,99996,39,23,0,0,434,234,0.006680267210688428,32,18,49582,49785,345,172,0,0,0,0,0,0,99392,0,0,2,0,0,0,0,0,0,0,602,0,0,0,0,0,0
110,4306,111.10463914400681,99996,42,23,0,0,443,237,0.006800272010880435,29,19,49576,49781,351,175,0,0,0,0,0,0,99383,0,0,2,0,0,0,0,0,0,0,611,0,0,0,0,0,0
111,4306,112.07665775133928,99996,42,27,0,0,446,242,0.006880275211008441,29,17,49573,49779,354,175,0,0,0,0,0,0,99379,0,0,2,0,0,0,0,0,0,0,615,0,0,0,0,0,0
112,4306,113.14770922129156,99995,40,27,1,0,451,246,0.006970348517425872,39,15,49559,49777,359,179,0,0,0,0,0,0,99368,0,0,2,0,0,0,0,0,0,0,625,0,0,0,0,0,0
113,4306,114.03595745772043,99995,44,27,1,0,462,247,0.007090354517725887,38,15,49550,49779,365,177,0,0,0,0,0,0,99360,0,0,2,0,0,0,0,0,0,0,633,0,0,0,0,0,0
114,4306,115.09513145296621,99995,49,30,1,0,474,251,0.0072503625181259065,32,15,49547,49775,369,178,0,0,0,0,0,0,99352,0,0,2,0,0,0,0,0,0,0,641,0,0,0,0,0,0
115,4306,116.06251711849528,99995,52,34,1,0,485,256,0.0074103705185259265,31,15,49537,49770,377,179,0,0,0,0,0,0,99343,0,0,2,0,0,0,0,0,0,0,650,0,0,0,0,0,0
116,4306,117.12976672543945,99995,51,34,1,0,494,259,0.0075303765188259415,30,14,49531,49768,385,182,0,0,0,0,0,0,99330,0,0,2,0,0,0,0,0,0,0,663,0,0,0,0,0,0
117,4306,118.29064414498538,99995,47,34,1,0,500,263,0.0076303815190759535,33,18,49522,49760,395,186,0,0,0,0,0,0,99316,0,0,2,0,0,0,0,0,0,0,677,0,0,0,0,0,0
118,4306,119.03064766948474,99995,46,33,1,0,506,266,0.007720386019300965,38,20,49511,49755,402,190,0,0,0,0,0,0,99305,0,0,2,0,0,0,0,0,0,0,688,0,0,0,0,0,0
119,4306,120.16987236443778,99995,49,28,1,0,516,271,0.007870393519675984,44,20,49498,49752,406,198,0,0,0,0,0,0,99289,0,0,3,0,0,0,0,0,0,0,703,0,0,0,0,0,0
120,4306,121.04153652958766,99995,54,31,1,0,526,276,0.008020401020051002,43,17,49490,49751,410,199,0,0,0,0,0,0,99282,0,0,3,0,0,0,0,0,0,0,710,0,0,0,0,0,0
121,4306,122.04908299223638,99995,54,37,1,0,538,282,0.008200410020501024,44,18,49481,49745,418,198,0,0,0,0,0,0,99270,0,0,3,0,0,0,0,0,0,0,722,0,0,0,0,0,0
122,4306,123.05157713023482,99995,56,35,1,0,547,288,0.008350417520876044,37,15,49481,49743,423,205,0,0,0,0,0,0,99255,0,0,3,0,0,0,0,0,0,0,737,0,0,0,0,0,0
123,4306,124.09190038626117,99995,56,44,1,0,554,301,0.008550427521376068,41,13,49470,49733,430,208,0,0,0,0,0,0,99244,0,0,3,0,0,0,0,0,0,0,748,0,0,0,0,0,0
124,4306,125.25090661231471,99995,60,41,1,0,569,306,0.008750437521876094,35,13,49461,49728,441,216,0,0,0,0,0,0,99225,0,0,3,0,0,0,0,0,0,0,767,0,0,0,0,0,0
125,4306,126.26712719743149,99995,67,39,1,0,581,310,0.008910445522276114,33,13,49452,49724,445,222,0,0,0,0,0,0,99214,0,0,3,0,0,0,0,0,0,0,778,0,0,0,0,0,0
126,4306,127.03928235722984,99995,57,38,1,0,584,314,0.008980449022451122,37,14,49449,49721,454,225,0,0,0,0,0,0,99196,0,0,3,0,0,0,0,0,0,0,796,0,0,0,0,0,0
127,4306,128.01233457380513,99995,57,39,1,0,593,318,0.009110455522776138,37,12,49441,49720,462,227,0,0,0,0,0,0,99184,0,0,3,0,0,0,0,0,0,0,808,0,0,0,0,0,0
128,4306,129.19019663005798,99995,59,36,1,0,603,321,0.009240462023101154,39,17,49430,49713,469,232,0,0,0,0,0,0,99170,0,0,3,0,0,0,0,0,0,0,822,0,0,0,0,0,0
129,4306,130.1722867604393,99995,59,35,1,0,615,326,0.009410470523526176,36,15,49425,49710,477,238,0,0,0,0,0,0,99152,0,0,3,0,0,0,0,0,0,0,840,0,0,0,0,0,0
130,4306,131.03071063995966,99995,60,36,1,0,625,329,0.009540477023851192,33,18,49420,49704,484,240,0,0,0,0,0,0,99141,0,0,3,0,0,0,0,0,0,0,851,0,0,0,0,0,0
131,4306,132.09364581351562,99995,59,32,1,0,630,331,0.009610480524026202,33,22,49419,49698,486,246,0,0,0,0,0,0,99129,0,0,3,0,0,0,0,0,0,0,863,0,0,0,0,0,0
132,4306,133.16970936053787,99994,60,31,2,0,643,335,0.009780586835210112,35,23,49405,49694,496,250,0,0,0,0,0,0,99112,0,0,3,0,0,0,0,0,0,0,879,0,0,0,0,0,0
133,4306,134.1684662876011,99992,56,37,4,0,648,343,0.009910792863429075,41,22,49394,49687,503,252,0,0,0,0,0,0,99101,0,0,3,0,0,0,0,0,0,0,888,0,0,0,0,0,0
134,4306,135.16737562818415,99992,64,42,4,0,662,353,0.010150812064965197,33,18,49388,49683,509,255,0,0,0,0,0,0,99090,0,0,3,0,0,0,0,0,0,0,899,0,0,0,0,0,0
135,4306,136.08444971203508,99992,72,42,4,0,680,357,0.01037082966637331,22,17,49381,49680,519,259,0,0,0,0,0,0,99076,0,0,3,0,0,0,0,0,0,0,913,0,0,0,0,0,0
136,4306,137.13664583292456,99992,65,44,4,0,684,363,0.010470837667013361,32,20,49367,49673,530,261,0,0,0,0,0,0,99061,0,0,3,0,0,0,0,0,0,0,928,0,0,0,0,0,0
137,4306,138.10096805866107,99992,69,41,4,0,692,366,0.010580846467717417,38,23,49355,49667,532,267,0,0,0,0,0,0,99051,0,0,3,0,0,0,0,0,0,0,938,0,0,0,0,0,0
138,4306,139.10052246872175,99992,64,45,4,0,700,373,0.010730858468677494,48,19,49339,49665,543,269,0,0,0,0,0,0,99035,0,0,3,0,0,0,0,0,0,0,954,0,0,0,0,0,0
139,4306,140.28631237863397,99992,63,43,4,0,709,380,0.010890871269701577,44,17,49335,49661,552,277,0,0,0,0,0,0,99016,0,0,3,0,0,0,0,0,0,0,973,0,0,0,0,0,0
140,4306,141.06518531263552,99992,65,42,4,0,723,385,0.011080886470917673,38,17,49329,49656,562,283,0,0,0,0,0,0,98998,0,0,3,0,0,0,0,0,0,0,991,0,0,0,0,0,0
141,4306,142.28041710324965,99992,63,38,4,0,733,390,0.01123089847187775,38,15,49321,49654,572,291,0,0,0,0,0,0,98977,0,0,3,0,0,0,0,0,0,0,1012,0,0,0,0,0,0
142,4306,143.27207478488955,99992,68,44,4,0,745,398,0.011430914473157852,32,19,49316,49644,578,291,0,0,0,0,0,0,98968,0,0,3,0,0,0,0,0,0,0,1021,0,0,0,0,0,0
143,4306,144.27809305674015,99992,62,45,4,0,750,403,0.011530922473797904,36,17,49307,49643,589,293,0,0,0,0,0,0,98953,0,0,3,0,0,0,0,0,0,0,1036,0,0,0,0,0,0
144,4306,145.04215722556253,99992,66,44,4,0,759,408,0.011670933674693976,38,18,49297,49638,593,298,0,0,0,0,0,0,98942,0,0,3,0,0,0,0,0,0,0,1047,0,0,0,0,0,0
145,4306,146.19185724593453,99992,68,44,4,0,771,413,0.011840947275782063,33,23,49290,49632,603,299,0,0,0,0,0,0,98927,0,0,3,0,0,0,0,0,0,0,1062,0,0,0,0,0,0
146,4306,147.00438508145308,99992,72,48,4,0,779,419,0.011980958476678134,34,18,49281,49631,607,301,0,0,0,0,0,0,98921,0,0,3,0,0,0,0,0,0,0,1068,0,0,0,0,0,0
147,4306,148.09140692506864,99992,70,48,4,0,791,424,0.012150972077766222,43,22,49262,49623,619,305,0,0,0,0,0,0,98902,0,0,3,0,0,0,0,0,0,0,1087,0,0,0,0,0,0
148,4306,149.09277124283307,99992,70,48,4,0,802,429,0.012310984878790303,40,19,49256,49621,628,310,0,0,0,0,0,0,98886,0,0,3,0,0,0,0,0,0,0,1103,0,0,0,0,0,0
149,4306,150.28889736407032,99992,80,48,4,0,818,434,0.012521001680134411,40,22,49242,49613,632,315,0,0,0,0,0,0,98875,0,0,3,0,0,0,0,0,0,0,1114,0,0,0,0,0,0
150,4306,151.0772729355684,99992,73,48,4,0,822,439,0.012611008880710458,41,21,49240,49609,640,320,0,0,0,0,0,0,98859,0,0,3,0,0,0,0,0,0,0,1130,0,0,0,0,0,0
151,4306,152.17907962889743,99992,63,44,4,0,833,448,0.01281102488199056,47,24,49226,49598,658,332,0,0,0,0,0,0,98826,0,0,4,0,0,0,0,0,0,0,1162,0,0,0,0,0,0
152,4306,153.18120039236058,99992,63,39,4,0,841,451,0.012921033682694616,48,26,49220,49593,663,340,0,0,0,0,0,0,98810,0,0,4,0,0,0,0,0,0,0,1178,0,0,0,0,0,0
153,4306,154.18347297767946,99992,68,38,4,0,856,458,0.013141051284102728,46,24,49208,49588,672,348,0,0,0,0,0,0,98792,0,0,4,0,0,0,0,0,0,0,1196,0,0,0,0,0,0
154,4306,155.18598981404133,99992,70,37,4,0,868,460,0.0132810624849988,49,26,49194,49585,681,350,0,0,0,0,0,0,98779,0,0,4,0,0,0,0,0,0,0,1209,0,0,0,0,0,0
155,4306,156.18872217669133,99992,74,45,4,0,877,470,0.013471077686214897,45,19,49189,49584,686,350,0,0,0,0,0,0,98772,0,0,4,0,0,0,0,0,0,0,1216,0,0,0,0,0,0
156,4306,157.21103161435727,99992,83,41,4,0,895,474,0.013691095287623009,36,19,49183,49582,692,356,0,0,0,0,0,0,98756,0,0,5,0,0,0,0,0,0,0,1231,0,0,0,0,0,0
157,4306,158.19720229441955,99992,82,39,4,0,901,476,0.013771101688135052,45,19,49170,49581,697,359,0,0,0,0,0,0,98745,0,0,5,0,0,0,0,0,0,0,1242,0,0,0,0,0,0
158,4306,159.0167193274565,99992,82,38,4,0,906,479,0.013851108088647092,56,17,49155,49580,701,363,0,0,0,0,0,0,98736,0,0,5,0,0,0,0,0,0,0,1251,0,0,0,0,0,0
159,4306,160.18468133722075,99992,77,44,4,0,915,488,0.014031122489799184,55,12,49151,49579,711,363,0,0,0,0,0,0,98719,0,0,5,0,0,0,0,0,0,0,1268,0,0,0,0,0,0
160,4306,161.03119257319761,99992,81,41,4,0,929,492,0.014211136890951276,50,21,49146,49566,717,370,0,0,0,0,0,0,98702,0,0,5,0,0,0,0,0,0,0,1285,0,0,0,0,0,0
161,4306,162.08667964457257,99992,80,45,4,0,934,499,0.014331146491719338,57,16,49136,49565,721,372,0,0,0,0,0,0,98693,0,0,5,0,0,0,0,0,0,0,1294,0,0,0,0,0,0
162,4306,163.01048104822846,99992,84,43,4,0,952,504,0.014561164893191455,60,17,49123,49559,727,379,0,0,0,0,0,0,98672,0,0,5,0,0,0,0,0,0,0,1315,0,0,0,0,0,0
163,4306,164.11994934503346,99992,89,41,4,0,968,508,0.014761180894471558,60,18,49114,49556,731,383,0,0,0,0,0,0,98655,0,0,5,0,0,0,0,0,0,0,1332,0,0,0,0,0,0
164,4306,165.03463751490372,99992,88,35,4,0,983,509,0.01492119369549564,52,25,49109,49550,745,388,0,0,0,0,0,0,98634,0,0,7,0,0,0,0,0,0,0,1351,0,0,0,0,0,0
165,4306,166.03888051373812,99992,84,37,4,0,987,517,0.0150412032962637,65,21,49092,49546,753,394,0,0,0,0,0,0,98620,0,0,7,0,0,0,0,0,0,0,1365,0,0,0,0,0,0
166,4306,167.32341778531682,99992,80,43,4,0,1001,529,0.015301224097927835,65,21,49084,49538,765,396,0,0,0,0,0,0,98596,0,0,7,0,0,0,0,0,0,0,1389,0,0,0,0,0,0
167,4306,168.18514268942042,99992,79,44,4,0,1016,535,0.015511240899271942,68,21,49067,49532,780,401,0,0,0,0,0,0,98576,0,0,8,0,0,0,0,0,0,0,1408,0,0,0,0,0,0
168,4306,169.14808710243838,99992,81,42,4,0,1028,538,0.015661252900232018,72,24,49056,49527,785,405,0,0,0,0,0,0,98561,0,0,8,0,0,0,0,0,0,0,1423,0,0,0,0,0,0
169,4306,170.1532646709181,99991,82,42,5,0,1049,544,0.015931433829044613,66,24,49046,49523,799,409,0,0,0,0,0,0,98535,0,0,8,0,0,0,0,0,0,0,1448,0,0,0,0,0,0
170,4306,171.1586810750864,99991,90,41,5,0,1065,551,0.01616145453090778,69,27,49029,49514,805,416,0,0,0,0,0,0,98519,0,0,8,0,0,0,0,0,0,0,1464,0,0,0,0,0,0
171,4306,172.16432454463038,99991,97,46,5,0,1086,560,0.016461481533338,61,23,49020,49510,815,419,0,0,0,0,0,0,98501,0,0,8,0,0,0,0,0,0,0,1482,0,0,0,0,0,0
172,4306,173.17016341985104,99991,97,43,5,0,1101,564,0.016651498634877138,67,32,49004,49499,825,424,0,0,0,0,0,0,98479,0,0,8,0,0,0,0,0,0,0,1504,0,0,0,0,0,0
173,4306,174.17623065598812,99991,95,47,5,0,1113,573,0.01686151753657829,70,27,48992,49496,836,428,0,0,0,0,0,0,98460,0,0,8,0,0,0,0,0,0,0,1523,0,0,0,0,0,0
174,4306,175.18256365754738,99991,89,48,5,0,1129,582,0.017111540038603473,71,25,48976,49492,857,433,0,0,0,0,0,0,98430,0,0,8,0,0,0,0,0,0,0,1553,0,0,0,0,0,0
175,4306,176.18928155141344,99991,86,50,5,0,1141,589,0.01730155714014261,79,24,48959,49489,869,435,0,0,0,0,0,0,98410,0,0,8,0,0,0,0,0,0,0,1573,0,0,0,0,0,0
176,4306,177.1962808400058,99991,93,47,5,0,1165,593,0.017581582342410817,70,26,48948,49485,882,440,0,0,0,0,0,0,98386,0,0,8,0,0,0,0,0,0,0,1597,0,0,0,0,0,0
177,4306,178.20352667084902,99991,93,48,5,0,1179,599,0.01778160034403096,71,27,48934,49478,895,445,0,0,0,0,0,0,98367,0,0,8,0,0,0,0,0,0,0,1616,0,0,0,0,0,0
178,4306,179.21104928909483,99991,99,44,5,0,1196,604,0.018001620145813125,75,30,48916,49473,903,451,0,0,0,0,0,0,98348,0,0,9,0,0,0,0,0,0,0,1634,0,0,0,0,0,0
179,4306,180.21882215061495,99991,111,44,5,0,1217,612,0.018291646248162336,67,30,48905,49468,910,456,0,0,0,0,0,0,98331,0,0,9,0,0,0,0,0,0,0,1651,0,0,0,0,0,0
180,4306,181.2267661542754,99991,103,51,5,0,1225,620,0.01845166064945845,73,31,48895,49459,922,457,0,0,0,0,0,0,98314,0,0,9,0,0,0,0,0,0,0,1668,0,0,0,0,0,0
181,4306,182.2348839002524,99991,111,51,5,0,1242,629,0.01871168405156464,74,29,48880,49453,928,465,0,0,0,0,0,0,98296,0,0,9,0,0,0,0,0,0,0,1686,0,0,0,0,0,0
182,4306,183.2432675316708,99990,111,49,5,1,1264,635,0.018991899189918993,61,32,48874,49444,947,472,0,0,0,0,0,0,98266,0,0,9,0,0,0,0,0,0,0,1715,0,0,0,0,0,0
183,4306,184.25188825416825,99990,116,49,5,1,1277,644,0.019211921192119213,62,32,48865,49435,950,481,0,0,0,0,0,0,98249,0,0,9,0,0,0,0,0,0,0,1732,0,0,0,0,0,0
184,4306,185.26061397624,99990,124,49,5,1,1292,652,0.01944194419441944,63,33,48852,49427,954,488,0,0,0,0,0,0,98234,0,0,9,0,0,0,0,0,0,0,1747,0,0,0,0,0,0
185,4306,186.2695152459738,99990,133,54,5,1,1315,664,0.019791979197919793,61,27,48836,49422,963,494,0,0,0,0,0,0,98213,0,0,9,0,0,0,0,0,0,0,1768,0,0,0,0,0,0
186,4306,187.27868581245656,99990,132,53,5,1,1332,671,0.02003200320032003,64,35,48817,49408,980,501,0,0,0,0,0,0,98188,0,0,10,0,0,0,0,0,0,0,1792,0,0,0,0,0,0
187,4306,188.28813429516285,99990,136,56,5,1,1350,681,0.020312031203120313,61,39,48809,49396,987,506,0,0,0,0,0,0,98167,0,0,10,0,0,0,0,0,0,0,1813,0,0,0,0,0,0
188,4306,189.29775829890775,99990,144,54,5,1,1373,689,0.02062206220622062,50,41,48799,49390,1000,512,0,0,0,0,0,0,98142,0,0,10,0,0,0,0,0,0,0,1838,0,0,0,0,0,0
189,4306,190.3076278764814,99989,132,56,5,2,1380,699,0.020792287151586673,60,37,48786,49384,1015,519,0,0,0,0,0,0,98115,0,0,10,0,0,0,0,0,0,0,1864,0,0,0,0,0,0
190,4306,191.31780387254477,99989,126,58,5,2,1387,708,0.020952304753522888,64,36,48778,49377,1025,525,0,0,0,0,0,0,98095,0,0,10,0,0,0,0,0,0,0,1884,0,0,0,0,0,0
191,4306,192.32816320233417,99989,135,58,5,2,1409,718,0.021272339957395314,66,32,48757,49371,1035,535,0,0,0,0,0,0,98072,0,0,10,0,0,0,0,0,0,0,1907,0,0,0,0,0,0
192,4306,193.00191121265942,99989,132,61,5,2,1425,725,0.02150236526017862,65,31,48742,49365,1054,539,0,0,0,0,0,0,98049,0,0,10,0,0,0,0,0,0,0,1930,0,0,0,0,0,0
193,4306,194.01291999442378,99989,121,60,5,2,1437,733,0.021702387262598887,68,35,48729,49354,1075,547,0,0,0,0,0,0,98017,0,0,10,0,0,0,0,0,0,0,1962,0,0,0,0,0,0
194,4306,195.02431200068898,99989,124,59,5,2,1456,742,0.021982418065987257,72,35,48708,49345,1089,557,0,0,0,0,0,0,97991,0,0,10,0,0,0,0,0,0,0,1988,0,0,0,0,0,0
195,4306,196.0360199686408,99989,128,55,5,2,1476,748,0.022242446669133605,67,37,48696,49338,1102,566,0,0,0,0,0,0,97966,0,0,11,0,0,0,0,0,0,0,2012,0,0,0,0,0,0
196,4306,197.04801838798173,99989,139,55,5,2,1499,759,0.022582484073248057,62,30,48680,49338,1112,573,0,0,0,0,0,0,97943,0,0,11,0,0,0,0,0,0,0,2035,0,0,0,0,0,0
197,4306,198.0603054224827,99989,149,55,5,2,1526,768,0.022942523677604538,61,30,48658,49332,1125,579,0,0,0,0,0,0,97918,0,0,12,0,0,0,0,0,0,0,2059,0,0,0,0,0,0
198,4306,199.07297345720178,99989,138,54,5,2,1538,777,0.023152546780145816,72,30,48636,49323,1147,589,0,0,0,0,0,0,97886,0,0,13,0,0,0,0,0,0,0,2090,0,0,0,0,0,0
199,4306,200.08607895448,99989,141,60,5,2,1560,787,0.02347258198401824,66,33,48624,49311,1162,592,0,0,0,0,0,0,97863,0,0,13,0,0,0,0,0,0,0,2113,0,0,0,0,0,0
200,4306,201.09941710140745,99989,134,61,5,2,1575,794,0.023692606186680534,68,36,48616,49304,1175,595,0,0,0,0,0,0,97836,0,0,14,0,0,0,0,0,0,0,2139,0,0,0,0,0,0
201,4306,202.1130118247159,99989,126,60,5,2,1594,801,0.02395263478982688,65,38,48605,49297,1197,601,0,0,0,0,0,0,97801,0,0,14,0,0,0,0,0,0,0,2174,0,0,0,0,0,0
202,4306,203.12692002017008,99989,131,56,5,2,1611,811,0.02422266449309424,72,42,48586,49288,1204,610,0,0,0,0,0,0,97775,0,0,14,0,0,0,0,0,0,0,2200,0,0,0,0,0,0
203,4306,204.1410870251817,99989,138,54,5,2,1632,815,0.024472691996119574,74,49,48566,49277,1215,616,0,0,0,0,0,0,97755,0,0,14,0,0,0,0,0,0,0,2220,0,0,0,0,0,0
204,4306,205.15557191764893,99989,134,60,5,2,1647,826,0.024732720599265918,71,43,48560,49274,1228,619,0,0,0,0,0,0,97733,0,0,16,0,0,0,0,0,0,0,2240,0,0,0,0,0,0
205,4306,206.1702766110665,99989,131,61,5,2,1661,834,0.024952744801928214,88,46,48535,49264,1239,625,0,0,0,0,0,0,97709,0,0,16,0,0,0,0,0,0,0,2264,0,0,0,0,0,0
206,4306,207.18530663897656,99989,130,64,5,2,1681,846,0.02527278000580064,88,40,48519,49259,1256,633,0,0,0,0,0,0,97679,0,0,16,0,0,0,0,0,0,0,2294,0,0,0,0,0,0
207,4306,208.20074254039721,99989,125,66,5,2,1707,856,0.025632819610157117,86,41,48499,49248,1283,641,0,0,0,0,0,0,97642,0,0,18,0,0,0,0,0,0,0,2329,0,0,0,0,0,0
208,4306,209.21662083380667,99989,126,66,5,2,1723,863,0.025862844912940424,86,40,48485,49243,1296,647,0,0,0,0,0,0,97620,0,0,18,0,0,0,0,0,0,0,2351,0,0,0,0,0,0
209,4306,210.23283366440626,99989,140,64,5,2,1752,874,0.026262888917780957,80,37,48470,49236,1303,659,0,0,0,0,0,0,97592,0,0,18,0,0,0,0,0,0,0,2379,0,0,0,0,0,0
210,4306,211.249289430638,99989,137,64,5,2,1770,883,0.026532918621048316,80,34,48459,49232,1317,666,0,0,0,0,0,0,97563,0,0,19,0,0,0,0,0,0,0,2407,0,0,0,0,0,0
211,4306,212.26601005280645,99989,157,66,5,2,1800,893,0.02693296262588885,78,34,48435,49225,1323,671,0,0,0,0,0,0,97545,0,0,19,0,0,0,0,0,0,0,2425,0,0,0,0,0,0
212,4306,213.28301652438793,99988,156,65,6,2,1821,899,0.027203264391727006,83,38,48412,49220,1341,673,0,0,0,0,0,0,97516,0,0,19,0,0,0,0,0,0,0,2453,0,0,0,0,0,0
213,4306,214.30043278951356,99988,166,58,6,2,1850,903,0.027533303996479578,78,45,48392,49212,1356,681,0,0,0,0,0,0,97486,0,0,19,0,0,0,0,0,0,0,2483,0,0,0,0,0,0
214,4306,215.31824085167636,99988,170,54,6,2,1875,913,0.027883346001520183,82,43,48367,49205,1373,694,0,0,0,0,0,0,97452,0,0,20,0,0,0,0,0,0,0,2516,0,0,0,0,0,0
215,4306,216.33645809990756,99988,165,56,6,2,1892,930,0.02822338680641677,88,42,48346,49189,1393,709,0,0,0,0,0,0,97416,0,0,21,0,0,0,0,0,0,0,2551,0,0,0,0,0,0
216,4306,217.01553362223166,99988,174,57,6,2,1911,939,0.028503420410449253,85,38,48334,49185,1399,716,0,0,0,0,0,0,97398,0,0,21,0,0,0,0,0,0,0,2569,0,0,0,0,0,0
217,4306,218.03441429966026,99987,158,58,7,2,1923,945,0.028683728884755018,91,51,48320,49168,1422,719,0,0,0,0,0,0,97366,0,0,22,0,0,0,0,0,0,0,2599,0,0,0,0,0,0
218,4306,219.0536214996895,99987,162,66,7,2,1944,963,0.029073779591346875,94,41,48302,49162,1433,727,0,0,0,0,0,0,97339,0,0,22,0,0,0,0,0,0,0,2626,0,0,0,0,0,0
219,4306,220.07315593145688,99987,167,68,7,2,1971,973,0.029443827697600688,89,40,48284,49155,1451,733,0,0,0,0,0,0,97310,0,0,23,0,0,0,0,0,0,0,2654,0,0,0,0,0,0
220,4306,221.09304934815165,99987,166,67,7,2,1995,986,0.0298138758038545,90,41,48262,49144,1473,744,0,0,0,0,0,0,97271,0,0,23,0,0,0,0,0,0,0,2693,0,0,0,0,0,0
221,4306,222.11340267825355,99987,171,63,7,2,2022,998,0.030203926510446358,97,41,48235,49134,1488,758,0,0,0,0,0,0,97235,0,0,25,0,0,0,0,0,0,0,2727,0,0,0,0,0,0
222,4306,223.13426121883245,99987,166,61,7,2,2040,1010,0.03050396551551702,105,45,48210,49121,1510,769,0,0,0,0,0,0,97198,0,0,25,0,0,0,0,0,0,0,2764,0,0,0,0,0,0
223,4306,224.15556607510652,99986,165,60,8,2,2070,1020,0.030904326605724803,95,58,48197,49101,1533,777,0,0,0,0,0,0,97156,0,0,25,0,0,0,0,0,0,0,2805,0,0,0,0,0,0
224,4306,225.1772132624993,99986,166,62,8,2,2090,1031,0.03121437001180165,97,63,48181,49087,1546,784,0,0,0,0,0,0,97128,0,0,25,0,0,0,0,0,0,0,2833,0,0,0,0,0,0
225,4306,226.19919615484707,99986,157,69,8,2,2112,1043,0.031554417618466585,98,63,48161,49075,1574,789,0,0,0,0,0,0,97094,0,0,27,0,0,0,0,0,0,0,2865,0,0,0,0,0,0
226,4306,227.22156625719174,99986,160,80,8,2,2138,1066,0.03204448622807193,92,60,48146,49057,1592,799,0,0,0,0,0,0,97060,0,0,28,0,0,0,0,0,0,0,2898,0,0,0,0,0,0
227,4306,228.24426660936086,99986,146,88,8,2,2157,1078,0.03235452963414878,80,66,48145,49045,1619,797,0,0,0,0,0,0,97023,0,0,28,0,0,0,0,0,0,0,2935,0,0,0,0,0,0
228,4306,229.26720446290955,99986,143,92,8,2,2180,1097,0.03277458844238193,83,67,48123,49027,1641,810,0,0,0,0,0,0,96983,0,0,29,0,0,0,0,0,0,0,2974,0,0,0,0,0,0
229,4306,230.2905896277282,99985,143,96,8,3,2201,1114,0.033154973245986895,89,64,48099,49018,1659,817,0,0,0,0,0,0,96950,0,0,30,0,0,0,0,0,0,0,3005,0,0,0,0,0,0
230,4306,231.31436733473265,99985,148,98,8,3,2221,1130,0.033515027254088114,93,59,48080,49010,1669,828,0,0,0,0,0,0,96922,0,0,31,0,0,0,0,0,0,0,3032,0,0,0,0,0,0
231,4306,232.33851545233094,99985,142,105,8,3,2237,1150,0.03387508126218933,107,53,48058,49000,1683,837,0,0,0,0,0,0,96887,0,0,31,0,0,0,0,0,0,0,3067,0,0,0,0,0,0
232,4306,233.02148453758602,99985,139,110,8,3,2248,1161,0.03409511426714007,120,47,48034,48998,1697,840,0,0,0,0,0,0,96867,0,0,31,0,0,0,0,0,0,0,3087,0,0,0,0,0,0
233,4306,234.0463779107845,99985,152,100,8,3,2276,1174,0.034505175776366456,114,51,48020,48984,1704,860,0,0,0,0,0,0,96830,0,0,32,0,0,0,0,0,0,0,3123,0,0,0,0,0,0
234,4306,235.07159486376753,99985,159,101,8,3,2301,1186,0.034875231284692707,122,57,47991,48970,1718,867,0,0,0,0,0,0,96802,0,0,33,0,0,0,0,0,0,0,3150,0,0,0,0,0,0
235,4306,236.09718480110925,99985,155,114,8,3,2326,1212,0.03538530779616943,124,45,47974,48960,1737,876,0,0,0,0,0,0,96762,0,0,35,0,0,0,0,0,0,0,3188,0,0,0,0,0,0
236,4306,237.12317034182263,99984,157,112,9,3,2353,1224,0.03577572411585854,114,52,47961,48944,1757,887,0,0,0,0,0,0,96724,0,0,36,0,0,0,0,0,0,0,3224,0,0,0,0,0,0
237,4306,238.14950628148028,99984,154,117,9,3,2374,1241,0.036155784925588096,121,55,47938,48926,1776,897,0,0,0,0,0,0,96689,0,0,37,0,0,0,0,0,0,0,3258,0,0,0,0,0,0
238,4306,239.17625637915668,99984,158,112,9,3,2404,1257,0.03661585853736598,112,55,47930,48913,1789,915,0,0,0,0,0,0,96643,0,0,38,0,0,0,0,0,0,0,3303,0,0,0,0,0,0
239,4306,240.2032197230358,99984,162,112,9,3,2434,1271,0.03705592894863178,106,48,47914,48910,1807,925,0,0,0,0,0,0,96604,0,0,39,0,0,0,0,0,0,0,3341,0,0,0,0,0,0
240,4306,241.23058249228987,99984,170,108,9,3,2465,1284,0.037495999359897586,98,48,47902,48898,1819,941,0,0,0,0,0,0,96566,0,0,41,0,0,0,0,0,0,0,3377,0,0,0,0,0,0
241,4306,242.25826197320075,99984,181,102,9,3,2493,1294,0.03787606016962714,94,54,47886,48886,1828,953,0,0,0,0,0,0,96533,0,0,41,0,0,0,0,0,0,0,3410,0,0,0,0,0,0
242,4306,243.28620305448723,99984,188,103,9,3,2517,1311,0.03828612578012482,102,49,47860,48879,1839,964,0,0,0,0,0,0,96503,0,0,44,0,0,0,0,0,0,0,3437,0,0,0,0,0,0
243,4306,244.3145390530245,99984,193,105,9,3,2549,1328,0.038776204192670825,112,47,47829,48868,1855,975,0,0,0,0,0,0,96461,0,0,44,0,0,0,0,0,0,0,3479,0,0,0,0,0,0
244,4306,245.00037618186693,99983,196,98,10,3,2572,1337,0.039096646429893085,109,47,47816,48865,1867,985,0,0,0,0,0,0,96425,0,0,44,0,0,0,0,0,0,0,3514,0,0,0,0,0,0
245,4306,246.02948603627496,99983,194,98,10,3,2597,1349,0.0394667093405879,110,51,47796,48853,1888,993,0,0,0,0,0,0,96386,0,0,44,0,0,0,0,0,0,0,3553,0,0,0,0,0,0
246,4306,247.05903749800748,99983,204,99,10,3,2632,1366,0.039986797755618454,123,62,47755,48830,1906,1004,0,0,0,0,0,0,96346,0,0,45,0,0,0,0,0,0,0,3592,0,0,0,0,0,0
247,4306,248.0891730109652,99983,214,109,10,3,2667,1386,0.040536891271516155,122,59,47725,48817,1927,1010,0,0,0,0,0,0,96312,0,0,46,0,0,0,0,0,0,0,3625,0,0,0,0,0,0
248,4306,249.11986323230093,99983,219,101,10,3,2708,1397,0.041056979686546716,122,60,47690,48808,1957,1026,0,0,0,0,0,0,96261,0,0,50,0,0,0,0,0,0,0,3672,0,0,0,0,0,0
249,4306,250.15122653359202,99983,201,110,10,3,2728,1420,0.041487052798975826,137,59,47664,48791,1986,1035,0,0,0,0,0,0,96209,0,0,50,0,0,0,0,0,0,0,3724,0,0,0,0,0,0
250,4306,251.18315083363922,99983,219,108,10,3,2773,1436,0.04209715651660782,125,56,47637,48781,2007,1050,0,0,0,0,0,0,96166,0,0,52,0,0,0,0,0,0,0,3765,0,0,0,0,0,0
251,4306,252.21568276816907,99983,218,106,10,3,2814,1450,0.042647250032505524,122,63,47609,48764,2039,1062,0,0,0,0,0,0,96109,0,0,53,0,0,0,0,0,0,0,3821,0,0,0,0,0,0
252,4306,253.24872982539688,99983,229,112,10,3,2851,1474,0.04325735375013752,121,54,47580,48753,2058,1076,0,0,0,0,0,0,96065,0,0,53,0,0,0,0,0,0,0,3865,0,0,0,0,0,0
253,4306,254.28235085125775,99983,243,110,10,3,2891,1492,0.043837452366902376,126,48,47544,48747,2075,1090,0,0,0,0,0,0,96020,0,0,54,0,0,0,0,0,0,0,3909,0,0,0,0,0,0
254,4306,255.31660389857743,99983,239,109,10,3,2916,1504,0.04420751527759719,136,49,47514,48738,2099,1099,0,0,0,0,0,0,95979,0,0,55,0,0,0,0,0,0,0,3949,0,0,0,0,0,0
255,4306,256.0064204775998,99983,236,101,10,3,2943,1509,0.04452756968684676,127,53,47500,48733,2125,1108,0,0,0,0,0,0,95939,0,0,58,0,0,0,0,0,0,0,3986,0,0,0,0,0,0
256,4306,257.0416408223551,99983,230,96,10,3,2966,1519,0.044857625796385386,129,66,47484,48715,2145,1118,0,0,0,0,0,0,95896,0,0,59,0,0,0,0,0,0,0,4028,0,0,0,0,0,0
257,4306,258.0773733926471,99983,223,98,10,3,2996,1536,0.045327705709970696,133,59,47454,48711,2178,1127,0,0,0,0,0,0,95846,0,0,61,0,0,0,0,0,0,0,4076,0,0,0,0,0,0
258,4306,259.1137425207648,99983,225,96,10,3,3027,1552,0.045797785623556006,134,59,47433,48699,2196,1141,0,0,0,0,0,0,95800,0,0,62,0,0,0,0,0,0,0,4121,0,0,0,0,0,0
259,4306,260.15057511856617,99983,233,102,10,3,3062,1568,0.04630787233829751,133,60,47404,48683,2218,1150,0,0,0,0,0,0,95763,0,0,62,0,0,0,0,0,0,0,4158,0,0,0,0,0,0
260,4306,261.18787865359246,99983,238,100,10,3,3092,1586,0.04678795395217187,131,62,47381,48668,2238,1165,0,0,0,0,0,0,95718,0,0,62,0,0,0,0,0,0,0,4203,0,0,0,0,0,0
261,4306,262.22573296894836,99983,228,96,10,3,3116,1600,0.047168018563155736,142,69,47355,48651,2263,1179,0,0,0,0,0,0,95666,0,0,62,0,0,0,0,0,0,0,4255,0,0,0,0,0,0
262,4306,263.26413103510527,99983,227,102,10,3,3157,1620,0.04777812228078773,139,63,47325,48639,2297,1191,0,0,0,0,0,0,95611,0,0,63,0,0,0,0,0,0,0,4309,0,0,0,0,0,0
263,4306,264.30321717948317,99983,221,113,10,3,3187,1644,0.04831821409639639,149,55,47292,48628,2326,1199,0,0,0,0,0,0,95565,0,0,66,0,0,0,0,0,0,0,4352,0,0,0,0,0,0
264,4306,265.3429158506054,99983,225,122,10,3,3224,1666,0.04890831441345029,140,49,47278,48612,2345,1212,0,0,0,0,0,0,95519,0,0,66,0,0,0,0,0,0,0,4398,0,0,0,0,0,0
265,4306,266.0362399339836,99983,239,121,10,3,3258,1675,0.0493383875258794,123,50,47266,48605,2360,1219,0,0,0,0,0,0,95490,0,0,67,0,0,0,0,0,0,0,4426,0,0,0,0,0,0
266,4306,267.0766123336082,99983,232,121,10,3,3287,1693,0.04980846743946471,123,44,47245,48599,2388,1231,0,0,0,0,0,0,95439,0,0,70,0,0,0,0,0,0,0,4474,0,0,0,0,0,0
267,4306,268.1175219187599,99982,219,110,11,3,3316,1701,0.05017903222580065,135,60,47214,48580,2419,1245,0,0,0,0,0,0,95379,0,0,71,0,0,0,0,0,0,0,4532,0,0,0,0,0,0
268,4306,269.159108268733,99982,213,103,11,3,3354,1711,0.050659118641355444,119,73,47199,48565,2456,1254,0,0,0,0,0,0,95319,0,0,72,0,0,0,0,0,0,0,4591,0,0,0,0,0,0
269,4306,270.2012795240154,99982,205,93,11,3,3387,1720,0.0510791942549659,127,80,47171,48553,2484,1269,0,0,0,0,0,0,95261,0,0,74,0,0,0,0,0,0,0,4647,0,0,0,0,0,0
270,4306,271.24407156704115,99982,212,95,11,3,3422,1742,0.051649296873437216,115,79,47157,48536,2503,1285,0,0,0,0,0,0,95214,0,0,75,0,0,0,0,0,0,0,4693,0,0,0,0,0,0
271,4306,272.28720260360456,99982,213,103,11,3,3452,1765,0.05217939229061231,112,75,47142,48519,2520,1298,0,0,0,0,0,0,95171,0,0,76,0,0,0,0,0,0,0,4735,0,0,0,0,0,0
272,4306,273.3307344485053,99982,201,110,11,3,3477,1786,0.052639475105518994,123,74,47111,48505,2552,1306,0,0,0,0,0,0,95120,0,0,76,0,0,0,0,0,0,0,4786,0,0,0,0,0,0
273,4306,274.0267715733202,99982,214,110,11,3,3501,1793,0.0529495309155648,119,75,47101,48499,2553,1311,0,0,0,0,0,0,95103,0,0,77,0,0,0,0,0,0,0,4802,0,0,0,0,0,0
274,4306,275.07110885489277,99982,197,107,11,3,3523,1806,0.05329959392690684,132,83,47077,48483,2581,1322,0,0,0,0,0,0,95049,0,0,78,0,0,0,0,0,0,0,4855,0,0,0,0,0,0
275,4306,276.1159895865162,99982,192,121,11,3,3556,1830,0.05386969654537817,122,76,47063,48473,2610,1325,0,0,0,0,0,0,95003,0,0,80,0,0,0,0,0,0,0,4899,0,0,0,0,0,0
276,4306,277.16125235538397,99982,190,116,11,3,3586,1846,0.05432977936028485,121,78,47044,48466,2632,1335,0,0,0,0,0,0,94951,0,0,81,0,0,0,0,0,0,0,4950,0,0,0,0,0,0
277,4306,278.20702321938995,99982,192,123,11,3,3624,1872,0.05496989458102459,114,63,47026,48460,2655,1349,0,0,0,0,0,0,94897,0,0,82,0,0,0,0,0,0,0,5003,0,0,0,0,0,0
278,4306,279.2532323352358,99982,194,129,11,3,3656,1896,0.055529995399171854,121,60,46998,48441,2674,1365,0,0,0,0,0,0,94851,0,0,84,0,0,0,0,0,0,0,5047,0,0,0,0,0,0
279,4306,280.29993612843145,99982,185,127,11,3,3682,1918,0.05601008181472665,116,55,46986,48429,2700,1384,0,0,0,0,0,0,94798,0,0,90,0,0,0,0,0,0,0,5094,0,0,0,0,0,0
280,4306,281.3471294257928,99982,186,125,11,3,3710,1937,0.056480166429957394,114,57,46971,48410,2716,1403,0,0,0,0,0,0,94750,0,0,90,0,0,0,0,0,0,0,5142,0,0,0,0,0,0
281,4306,282.045432840501,99982,190,124,11,3,3732,1947,0.05680022404032726,110,60,46959,48398,2728,1413,0,0,0,0,0,0,94722,0,0,91,0,0,0,0,0,0,0,5169,0,0,0,0,0,0
282,4306,283.09326380005825,99981,192,125,12,3,3764,1967,0.057320890969284166,122,56,46935,48388,2737,1426,0,0,0,0,0,0,94674,0,0,92,0,0,0,0,0,0,0,5215,0,0,0,0,0,0
283,4306,284.14141724145844,99981,197,123,12,3,3800,1988,0.057890999289865075,116,56,46915,48372,2758,1444,0,0,0,0,0,0,94621,0,0,93,0,0,0,0,0,0,0,5267,0,0,0,0,0,0
284,4306,285.19008479201824,99981,205,120,12,3,3832,2006,0.05839109430791851,127,52,46883,48364,2771,1459,0,0,0,0,0,0,94578,0,0,95,0,0,0,0,0,0,0,5308,0,0,0,0,0,0
285,4306,286.23926480671435,99981,227,108,12,3,3873,2013,0.058871185525249795,123,63,46860,48359,2776,1465,0,0,0,0,0,0,94542,0,0,97,0,0,0,0,0,0,0,5342,0,0,0,0,0,0
286,4306,287.2888119120227,99981,233,112,12,3,3911,2031,0.05943129194546964,131,68,46826,48343,2796,1472,0,0,0,0,0,0,94498,0,0,99,0,0,0,0,0,0,0,5384,0,0,0,0,0,0
287,4306,288.33893876101604,99981,232,108,12,3,3955,2045,0.06001140216641162,119,72,46803,48330,2832,1485,0,0,0,0,0,0,94438,0,0,102,0,0,0,0,0,0,0,5441,0,0,0,0,0,0
288,4306,289.0393641202306,99981,232,117,12,3,3976,2060,0.060371470579410086,114,67,46793,48324,2847,1487,0,0,0,0,0,0,94412,0,0,103,0,0,0,0,0,0,0,5466,0,0,0,0,0,0
289,4306,290.0903246997397,99980,243,118,12,4,4018,2077,0.060962192438487696,115,68,46765,48312,2863,1496,0,0,0,0,0,0,94368,0,0,106,0,0,0,0,0,0,0,5506,0,0,0,0,0,0
290,4306,291.1418141827523,99980,237,118,12,4,4050,2097,0.06148229645929186,127,67,46732,48301,2890,1508,0,0,0,0,0,0,94310,0,0,106,0,0,0,0,0,0,0,5564,0,0,0,0,0,0
291,4306,292.19399587182545,99980,231,118,12,4,4083,2115,0.06199239847969594,126,65,46707,48290,2922,1521,0,0,0,0,0,0,94257,0,0,110,0,0,0,0,0,0,0,5613,0,0,0,0,0,0
292,4306,293.2468373970417,99980,210,115,12,4,4113,2131,0.062452490498099617,130,71,46690,48270,2956,1538,0,0,0,0,0,0,94190,0,0,113,0,0,0,0,0,0,0,5677,0,0,0,0,0,0
293,4306,294.3002688912748,99980,214,123,12,4,4147,2152,0.06300260052010402,127,77,46668,48246,2977,1548,0,0,0,0,0,0,94149,0,0,115,0,0,0,0,0,0,0,5716,0,0,0,0,0,0
294,4306,295.0027403057764,99980,205,124,12,4,4163,2165,0.06329265853170635,142,78,46638,48235,3001,1557,0,0,0,0,0,0,94112,0,0,115,0,0,0,0,0,0,0,5753,0,0,0,0,0,0
295,4306,296.05709952834235,99980,223,122,12,4,4206,2185,0.06392278455691139,134,74,46613,48227,3016,1571,0,0,0,0,0,0,94067,0,0,117,0,0,0,0,0,0,0,5796,0,0,0,0,0,0
296,4306,297.1119273036711,99979,239,117,13,4,4256,2202,0.0645935646485762,125,78,46589,48214,3032,1585,0,0,0,0,0,0,94013,0,0,119,0,0,0,0,0,0,0,5847,0,0,0,0,0,0
297,4306,298.16728490009115,99979,220,118,13,4,4283,2223,0.06507366546974865,140,72,46562,48203,3063,1601,0,0,0,0,0,0,93949,0,0,121,0,0,0,0,0,0,0,5909,0,0,0,0,0,0
298,4306,299.2232862247616,99979,229,122,13,4,4323,2248,0.06572380199841966,139,69,46541,48184,3076,1619,0,0,0,0,0,0,93898,0,0,122,0,0,0,0,0,0,0,5959,0,0,0,0,0,0
299,4306,300.2797077567734,99979,236,129,13,4,4366,2274,0.06641394692885506,129,70,46522,48164,3098,1631,0,0,0,0,0,0,93844,0,0,123,0,0,0,0,0,0,0,6012,0,0,0,0,0,0
300,4306,301.3365503593683,99979,231,129,13,4,4395,2296,0.06692405405135078,133,68,46501,48154,3120,1643,0,0,0,0,0,0,93788,0,0,123,0,0,0,0,0,0,0,6068,0,0,0,0,0,0
301,4306,302.04138010560536,99979,235,125,13,4,4418,2307,0.06726412546634793,136,67,46481,48147,3133,1655,0,0,0,0,0,0,93754,0,0,123,0,0,0,0,0,0,0,6102,0,0,0,0,0,0
302,4306,303.0990771074206,99978,241,123,14,4,4453,2322,0.06776490827982157,145,72,46452,48132,3146,1667,0,0,0,0,0,0,93710,0,0,125,0,0,0,0,0,0,0,6143,0,0,0,0,0,0
303,4306,304.15720375885394,99977,235,131,14,5,4489,2345,0.06835572181601768,136,74,46436,48112,3177,1676,0,0,0,0,0,0,93662,0,0,132,1,0,0,0,0,0,0,6182,0,0,0,0,0,0
304,4306,305.2158683169078,99977,237,126,14,5,4527,2365,0.06893585524670674,129,64,46418,48104,3200,1699,0,0,0,0,0,0,93606,0,0,137,1,0,0,0,0,0,0,6233,0,0,0,0,0,0
305,4306,306.2750824575193,99977,235,122,14,5,4558,2380,0.06939596107104634,145,74,46387,48085,3217,1712,0,0,0,0,0,0,93555,0,0,138,1,0,0,0,0,0,0,6283,0,0,0,0,0,0
306,4306,307.33480363802033,99977,240,120,14,5,4599,2397,0.0699760945017354,134,78,46372,48070,3238,1725,0,0,0,0,0,0,93503,0,0,141,1,0,0,0,0,0,0,6332,0,0,0,0,0,0
307,4306,308.0415094726151,99977,247,117,14,5,4624,2409,0.0703461796213129,131,86,46361,48053,3245,1737,0,0,0,0,0,0,93471,0,0,142,1,0,0,0,0,0,0,6363,0,0,0,0,0,0
308,4306,309.1018589880081,99976,251,126,15,5,4664,2432,0.07097703448827719,129,80,46335,48042,3268,1745,0,0,0,0,0,0,93423,0,0,144,1,0,0,0,0,0,0,6408,0,0,0,0,0,0
309,4306,310.16272912694916,99976,259,127,15,5,4699,2450,0.07150716171881251,134,89,46306,48026,3284,1751,0,0,0,0,0,0,93382,0,0,147,1,0,0,0,0,0,0,6446,0,0,0,0,0,0
310,4306,311.2241123857494,99975,240,132,16,5,4726,2471,0.0719879969992498,151,94,46276,48005,3315,1762,0,0,0,0,0,0,93321,0,0,148,1,0,0,0,0,0,0,6505,0,0,0,0,0,0
311,4306,312.2861412325623,99975,247,136,16,5,4774,2501,0.072768192048012,147,85,46244,47988,3344,1784,0,0,0,0,0,0,93255,0,0,149,1,0,0,0,0,0,0,6570,0,0,0,0,0,0
312,4306,313.34881299727226,99974,252,136,17,5,4812,2519,0.07332906555704483,153,84,46209,47976,3367,1797,0,0,0,0,0,0,93205,0,0,150,1,0,0,0,0,0,0,6618,0,0,0,0,0,0
313,4306,314.05765968855667,99974,249,138,17,5,4834,2533,0.07368915918138716,158,84,46188,47971,3386,1800,0,0,0,0,0,0,93169,0,0,151,1,0,0,0,0,0,0,6653,0,0,0,0,0,0
314,4306,315.1214790335584,99974,248,145,17,5,4880,2558,0.07439934382939564,150,77,46159,47961,3424,1810,0,0,0,0,0,0,93106,0,0,153,1,0,0,0,0,0,0,6714,0,0,0,0,0,0
315,4306,316.18606058798736,99974,256,145,17,5,4921,2577,0.0749994998699662,150,77,46130,47947,3445,1824,0,0,0,0,0,0,93058,0,0,157,1,0,0,0,0,0,0,6758,0,0,0,0,0,0
316,4306,317.25124855264545,99974,281,139,17,5,4979,2593,0.0757396923200032,132,83,46105,47928,3463,1843,0,0,0,0,0,0,93005,0,0,159,1,0,0,0,0,0,0,6809,0,0,0,0,0,0
317,4306,318.3169132231562,99974,289,144,17,5,5026,2612,0.0763998639646308,125,83,46084,47917,3483,1849,0,0,0,0,0,0,92954,0,0,161,1,0,0,0,0,0,0,6858,0,0,0,0,0,0
318,4306,319.02756307389353,99974,278,141,17,5,5051,2624,0.07676996018964931,128,78,46075,47917,3500,1857,0,0,0,0,0,0,92905,0,0,163,1,0,0,0,0,0,0,6905,0,0,0,0,0,0
319,4306,320.0939834835634,99974,267,138,17,5,5086,2648,0.07736011362954368,130,80,46051,47897,3532,1877,1,1,1,1,0,0,92832,0,0,165,1,0,0,0,0,0,2,6974,0,0,0,0,0,0
320,4306,321.1610290453806,99974,275,137,17,5,5131,2666,0.07799027747214275,127,79,46017,47887,3560,1888,2,2,2,2,0,0,92775,0,0,166,1,0,0,0,0,0,4,7028,0,0,0,0,0,0
321,4306,322.2288357744052,99974,276,139,17,5,5159,2676,0.07837037629783744,131,74,45994,47886,3577,1891,3,3,3,3,0,0,92741,0,0,169,1,0,0,0,0,0,6,7057,0,0,0,0,0,0
322,4306,323.24792932166406,99974,264,132,17,5,5198,2694,0.07894052453637945,140,79,45957,47868,3616,1910,4,4,4,4,0,0,92668,0,0,174,1,0,0,0,0,0,8,7123,0,0,0,0,0,0
323,4306,324.0124875710759,99974,270,133,17,5,5228,2710,0.07940064416748355,140,70,45934,47866,3632,1919,5,5,5,5,0,0,92628,0,0,175,1,0,0,0,0,0,10,7160,0,0,0,0,0,0
324,4306,325.14140670330585,99974,264,131,17,5,5274,2731,0.08007081841278732,124,68,45929,47852,3658,1936,6,6,6,6,0,0,92554,0,0,177,1,0,0,0,0,0,11,7230,1,0,0,0,0,0
325,4306,326.01309175174003,99974,263,131,17,5,5300,2746,0.08048092504051053,126,66,45909,47841,3676,1948,7,7,7,7,0,0,92511,0,0,178,1,0,0,0,0,0,13,7270,1,0,0,0,0,0
326,4306,327.0004964544239,99974,248,124,17,5,5338,2759,0.0809910576749955,126,69,45892,47832,3707,1960,8,8,8,8,0,0,92437,0,0,179,1,0,0,0,0,0,15,7341,1,0,0,0,0,0
327,4306,328.0621940861932,99974,240,115,17,5,5378,2768,0.08148118510812812,131,79,45856,47819,3745,1971,9,9,9,9,0,0,92371,0,0,181,1,0,0,0,0,0,17,7403,1,0,0,0,0,0
328,4306,329.0838378663573,99974,230,123,17,5,5408,2790,0.08200132034328926,121,68,45850,47812,3770,1980,10,10,10,10,0,0,92317,0,0,183,1,0,0,0,0,0,19,7453,1,0,0,0,0,0
329,4306,330.00055794988344,99973,216,121,18,5,5434,2805,0.08241225130785312,120,69,45833,47806,3800,1986,11,11,11,11,0,0,92260,0,0,185,1,0,0,0,0,0,21,7505,1,0,0,0,0,0
330,4306,331.0009472467501,99973,208,119,18,5,5466,2820,0.08288237824212537,113,68,45816,47796,3831,1998,12,12,12,12,0,0,92201,0,0,185,1,0,0,0,0,0,23,7562,1,0,0,0,0,0
331,4306,332.0276703544064,99973,209,120,18,5,5497,2841,0.08340251868004361,107,62,45803,47789,3848,2009,13,13,13,13,0,0,92152,0,0,188,1,0,0,0,0,0,25,7606,1,0,0,0,0,0
332,4306,333.00939990541355,99973,197,122,18,5,5515,2857,0.0837426105048363,117,64,45781,47779,3871,2014,14,14,14,14,0,0,92107,0,0,189,1,0,0,0,0,0,27,7648,1,0,0,0,0,0
333,4306,334.0006537434313,99973,204,122,18,5,5545,2869,0.08416272393546258,111,79,45769,47759,3881,2018,15,15,15,15,0,0,92071,0,0,188,2,0,0,0,0,0,29,7682,1,0,0,0,0,0
334,4306,335.0063310815928,99973,213,130,18,5,5582,2897,0.08481289948286037,122,64,45738,47750,3891,2033,16,16,16,16,0,0,92025,0,0,192,2,0,0,0,0,0,31,7722,1,0,0,0,0,0
335,4306,336.0327084576317,99973,211,137,18,5,5606,2915,0.08523301291348664,127,62,45721,47743,3904,2034,17,17,17,17,0,0,91988,0,0,193,2,0,0,0,0,0,32,7756,2,0,0,0,0,0
336,4306,337.11118685049,99973,216,140,18,5,5641,2937,0.08580316685505086,123,63,45708,47725,3915,2047,18,18,18,18,0,0,91939,0,0,195,2,0,0,0,0,0,34,7801,2,0,0,0,0,0
337,4306,338.00775896356174,99973,218,140,18,5,5669,2956,0.08627329378932312,120,70,45687,47705,3936,2059,19,19,19,19,0,0,91894,0,0,197,2,0,0,0,0,0,36,7842,2,0,0,0,0,0
338,4306,339.0965470432231,99973,222,141,18,5,5699,2975,0.08676342612505376,124,69,45670,47694,3944,2069,20,20,20,20,0,0,91849,0,0,196,3,0,0,0,0,0,37,7886,2,0,0,0,0,0
339,4306,340.047660123464,99973,220,148,18,5,5727,2996,0.0872535584607844,133,77,45646,47676,3960,2071,21,21,21,21,0,0,91804,0,0,197,3,0,0,0,0,0,39,7928,2,0,0,0,0,0
340,4306,341.2367342102769,99973,217,138,18,5,5791,3024,0.08817380692787052,118,68,45619,47670,4004,2095,22,22,22,22,0,0,91709,0,0,209,3,0,0,0,0,0,41,8009,2,0,0,0,0,0
341,4306,342.3147249733508,99972,223,131,19,5,5830,3039,0.08871484015524347,117,72,45597,47658,4019,2110,23,22,23,23,0,0,91654,0,0,211,3,0,0,0,0,0,43,8059,2,0,0,0,0,0
342,4306,343.03365582558473,99971,214,125,20,5,5849,3048,0.08899580878454752,129,75,45574,47652,4037,2118,24,23,24,24,0,0,91611,0,0,212,3,0,0,0,0,0,44,8098,3,0,0,0,0,0
343,4306,344.11263738933184,99970,210,123,21,5,5877,3067,0.0894668400520156,139,64,45553,47650,4050,2133,25,23,25,25,0,0,91557,0,0,213,3,0,0,0,0,0,46,8148,3,0,0,0,0,0
344,4306,345.19214824129585,99970,212,121,21,5,5919,3087,0.09008702610783235,137,59,45531,47645,4070,2144,27,24,26,27,0,0,91497,0,0,218,3,0,0,0,0,0,49,8200,3,0,0,0,0,0
345,4306,346.27210001538833,99970,210,119,21,5,5951,3103,0.09056717015104532,135,59,45517,47635,4086,2154,29,26,28,29,0,0,91444,0,0,221,3,0,0,0,0,0,53,8246,3,0,0,0,0,0
346,4306,347.3524571445398,99970,209,115,21,5,5983,3117,0.09102730819245773,120,64,45520,47621,4097,2165,31,28,30,31,0,0,91395,0,0,225,3,0,0,0,0,0,55,8287,5,0,0,0,0,0
347,4306,348.07279401506895,99970,212,115,21,5,6004,3127,0.09133740122036611,116,61,45520,47616,4097,2171,32,30,32,33,0,0,91364,0,0,226,3,0,0,0,0,0,59,8313,5,0,0,0,0,0
348,4306,349.15337632280296,99970,206,108,21,5,6037,3144,0.09183755126537961,111,62,45505,47606,4121,2185,34,32,34,35,0,0,91298,0,0,227,3,0,0,0,0,0,63,8374,5,0,0,0,0,0
349,4306,350.2344247920194,99970,209,104,21,5,6063,3159,0.09224767430229068,119,71,45487,47581,4125,2202,37,35,37,38,0,0,91254,0,0,231,3,0,0,0,0,0,69,8408,5,0,0,0,0,0
350,4306,351.3157799205943,99970,213,103,21,5,6098,3179,0.09279783935180554,114,68,45472,47567,4138,2217,40,38,40,41,0,0,91197,0,0,232,3,0,0,0,0,0,75,8458,5,0,0,0,0,0
351,4306,352.0368764171763,99970,213,109,21,5,6124,3194,0.09320796238871662,111,64,45459,47561,4151,2219,43,40,43,44,0,0,91162,0,0,237,3,0,0,0,0,0,80,8482,6,0,0,0,0,0
352,4306,353.11894260044176,99970,206,115,21,5,6150,3212,0.0936480944283285,112,64,45441,47541,4171,2229,47,44,47,48,0,0,91112,0,0,239,3,0,0,0,0,0,87,8522,7,0,0,0,0,0
353,4306,354.2014833597175,99970,211,109,21,5,6174,3230,0.09406822046613984,106,62,45435,47531,4174,2243,51,48,51,52,0,0,91063,0,0,241,3,0,0,0,0,0,95,8561,7,0,0,0,0,0
354,4306,355.2841849522036,99970,208,112,21,5,6196,3250,0.09448834650395119,106,62,45426,47513,4181,2253,56,53,56,57,0,0,91014,0,0,244,3,0,0,0,0,0,105,8597,7,0,0,0,0,0
355,4306,356.00612376601197,99970,206,114,21,5,6218,3266,0.09486846053816145,112,61,45404,47499,4194,2261,61,58,61,62,0,0,90969,0,0,247,3,0,0,0,0,0,115,8629,7,0,0,0,0,0
356,4306,357.08958762411487,99969,217,115,21,6,6260,3280,0.09542958317078294,118,67,45366,47482,4210,2265,66,63,67,67,0,0,90916,0,0,249,3,0,0,0,0,0,126,8668,7,0,0,0,0,0
357,4306,358.1736881153317,99969,225,113,21,6,6297,3299,0.09598975682461564,101,64,45354,47470,4225,2276,72,69,73,73,0,0,90855,0,0,250,3,0,0,0,0,0,138,8716,7,0,0,0,0,0
358,4306,359.2581489548815,99969,229,112,21,6,6328,3316,0.09646990567075793,103,67,45334,47452,4232,2285,79,76,80,80,0,0,90803,0,0,255,3,0,0,0,0,0,150,8749,9,0,0,0,0,0
359,4306,360.3430250707568,99969,232,120,21,6,6362,3339,0.09704008242555193,99,67,45315,47429,4245,2292,86,84,88,87,0,0,90746,0,0,257,3,0,0,0,0,0,163,8789,11,0,0,0,0,0
360,4306,361.06646969309014,99969,218,121,21,6,6377,3353,0.09733017235342957,106,66,45295,47414,4264,2299,94,92,97,95,0,0,90693,0,0,262,3,0,0,0,0,0,179,8820,12,0,0,0,0,0
361,4306,362.1523002579602,99969,217,121,21,6,6410,3372,0.09785033360341706,101,63,45275,47400,4281,2307,103,101,107,104,0,0,90626,0,0,262,3,0,0,0,0,0,193,8868,17,0,0,0,0,0
362,4306,363.2387134831602,99969,219,122,21,6,6438,3388,0.09829047004571417,104,67,45256,47379,4286,2312,112,112,118,113,0,0,90568,0,0,263,3,0,0,0,0,0,211,8905,19,0,0,0,0,0
363,4306,364.3255336901161,99969,212,128,21,6,6464,3413,0.09880062819474036,113,61,45226,47360,4304,2319,122,124,130,123,0,0,90503,0,0,268,3,0,0,0,0,0,229,8943,23,0,0,0,0,0
364,4306,365.0504447112146,99969,198,124,21,6,6480,3421,0.09904070261781152,119,68,45206,47337,4322,2326,132,137,143,134,0,0,90440,0,0,270,3,0,0,0,0,0,252,8980,24,0,0,0,0,0
365,4306,366.13848202098626,99969,189,120,21,6,6507,3439,0.09949084216106993,123,67,45181,47312,4342,2342,142,151,157,146,0,0,90358,0,0,270,3,0,0,0,0,0,276,9036,26,0,0,0,0,0
366,4306,367.22731732587033,99969,182,124,21,6,6535,3457,0.09995098480528963,127,62,45153,47299,4360,2342,155,165,172,159,0,0,90286,0,0,270,4,0,0,0,0,0,301,9079,29,0,0,0,0,0
367,4306,368.3168351064639,99969,182,112,21,6,6570,3470,0.10043113365143194,124,62,45122,47275,4380,2362,169,181,189,173,0,0,90203,0,0,275,4,0,0,0,0,0,329,9126,32,0,0,0,0,0
368,4306,369.04362557279757,99969,177,109,21,6,6583,3480,0.10066120497354179,126,63,45107,47253,4383,2369,184,198,207,188,0,0,90142,0,0,276,4,0,0,0,0,0,360,9153,34,0,0,0,0,0
369,4306,370.13431573626843,99968,178,98,22,6,6611,3491,0.10105233674775928,116,69,45087,47228,4397,2379,198,218,227,205,0,0,90061,0,0,279,4,0,0,0,0,0,395,9193,36,0,0,0,0,0
370,4306,371.2256398757963,99968,176,102,22,6,6642,3511,0.1015625,117,62,45061,47206,4407,2383,215,239,249,223,0,0,89978,0,0,282,4,0,0,0,0,0,432,9233,39,0,0,0,0,0
371,4306,372.31760244013685,99967,178,104,23,6,6677,3523,0.10203367111146679,122,67,45019,47171,4423,2389,233,261,273,242,0,0,89895,0,0,284,4,0,0,0,0,0,474,9270,40,0,0,0,0,0
372,4306,373.04606039626066,99966,178,113,24,6,6697,3540,0.10240481763799691,122,55,44988,47150,4432,2389,254,285,299,263,0,0,89824,0,0,285,4,0,0,0,0,0,518,9292,43,0,0,0,0,0
373,4306,374.13959157925757,99966,185,127,24,6,6730,3565,0.10298501490506773,112,44,44963,47127,4438,2384,276,310,327,285,0,0,89742,0,0,285,5,0,0,0,0,0,564,9324,46,0,0,0,0,0
374,4306,375.23381450601556,99966,177,127,24,6,6758,3579,0.10340515775363623,116,50,44923,47085,4459,2391,299,339,357,309,0,0,89644,0,0,285,6,0,0,0,0,0,614,9367,50,0,0,0,0,0
375,4306,376.3288847443889,99966,178,114,24,6,6786,3592,0.10381529720104836,114,50,44896,47046,4462,2411,324,371,390,334,0,0,89537,0,0,288,6,0,0,0,0,0,671,9413,51,0,0,0,0,0
376,4306,377.05937118787193,99966,171,108,24,6,6802,3601,0.10406538222995819,112,51,44866,47010,4474,2417,351,406,425,361,0,0,89447,0,0,288,6,0,0,0,0,0,723,9441,61,0,0,0,0,0
377,4306,378.15610632020076,99966,175,103,24,6,6829,3614,0.1044655182762139,117,55,44837,46962,4467,2430,378,442,463,390,0,0,89352,0,0,293,7,0,0,0,0,0,783,9464,67,0,0,0,0,0
378,4306,379.2535067296338,99966,192,107,24,6,6868,3636,0.10507572574675389,120,51,44794,46918,4459,2433,409,483,504,421,0,0,89254,0,0,297,7,0,0,0,0,0,845,9486,77,0,0,0,0,0
379,4306,380.3516973458185,99966,191,97,24,6,6904,3651,0.10558589920572994,115,49,44755,46870,4471,2451,442,525,548,454,0,0,89122,0,0,297,8,0,0,0,0,0,917,9540,82,0,0,0,0,0
380,4306,381.08439213941875,99966,195,98,24,6,6927,3660,0.10590600804273453,108,50,44724,46825,4471,2451,476,568,595,489,0,0,89024,0,0,296,9,0,0,0,0,0,988,9557,92,0,0,0,0,0
381,4306,382.1845015936886,99966,199,106,24,6,6957,3679,0.1063961746993978,104,46,44685,46773,4474,2452,512,615,646,526,0,0,88910,0,0,299,10,0,0,0,0,0,1070,9579,98,0,0,0,0,0
382,4306,383.2854426027801,99965,195,109,25,6,6990,3694,0.10687740709248236,95,48,44644,46716,4489,2452,550,667,700,566,0,0,88774,0,0,299,10,0,0,0,0,0,1157,9620,105,0,0,0,0,0
383,4306,384.0200406838081,99965,190,103,25,6,7004,3701,0.10708748061821638,103,56,44600,46651,4490,2459,590,723,758,608,0,0,88652,0,0,300,11,0,0,0,0,0,1249,9641,112,0,0,0,0,0
384,4306,385.12311406917513,99965,190,106,25,6,7036,3719,0.10758765567948782,93,53,44550,46594,4506,2457,634,782,820,653,0,0,88511,0,0,302,11,0,0,0,0,0,1345,9673,123,0,0,0,0,0
385,4306,386.2275247180618,99965,192,107,25,6,7062,3735,0.10800780273095584,102,58,44494,46528,4509,2456,676,843,886,700,0,0,88370,0,0,304,11,0,0,0,0,0,1449,9699,132,0,0,0,0,0
386,4306,387.33309698348404,99965,184,109,25,6,7095,3750,0.10848797078977643,103,65,44450,46454,4517,2452,719,912,957,750,0,0,88214,0,0,308,12,0,0,0,0,0,1556,9730,145,0,0,0,0,0
387,4306,388.0708160649696,99965,182,107,25,6,7113,3760,0.10876806882408843,110,67,44396,46379,4515,2455,770,984,1032,803,0,0,88070,0,0,312,12,0,0,0,0,0,1672,9742,157,0,0,0,0,0
388,4306,389.17883318045807,99965,190,101,25,6,7150,3781,0.1093482718951633,102,60,44338,46299,4520,2471,823,1061,1112,859,0,0,87897,0,0,314,12,0,0,0,0,0,1791,9777,174,0,0,0,0,0
389,4306,390.2883783904824,99965,186,108,25,6,7172,3800,0.10975841544540589,110,59,44267,46216,4529,2467,881,1142,1197,918,0,0,87733,0,0,317,12,0,0,0,0,0,1920,9794,189,0,0,0,0,0
390,4306,391.02898077883157,99965,189,110,25,6,7190,3812,0.11005852048216876,123,57,44200,46130,4520,2469,941,1226,1287,980,0,0,87575,0,0,318,13,0,0,0,0,0,2055,9799,205,0,0,0,0,0
391,4306,392.1417355387896,99965,183,105,25,6,7221,3825,0.11049867453608762,132,53,44122,46045,4532,2472,1004,1317,1382,1045,0,0,87374,0,0,321,13,0,0,0,0,0,2204,9837,216,0,0,0,0,0
392,4306,393.2563269530911,99965,192,104,25,6,7251,3838,0.11092882508878107,132,54,44061,45954,4521,2469,1067,1411,1483,1114,0,0,87191,0,0,321,14,0,0,0,0,0,2353,9850,236,0,0,0,0,0
393,4306,394.0002375898646,99965,192,111,25,6,7272,3858,0.11133896863902366,130,53,43993,45840,4526,2471,1132,1517,1590,1186,0,0,86995,0,0,321,15,0,0,0,0,0,2516,9867,251,0,0,0,0,0
394,4306,395.118037845615,99965,205,113,25,6,7309,3873,0.11185915070274596,131,55,43906,45733,4528,2467,1203,1624,1703,1262,0,0,86790,0,0,323,15,0,0,0,0,0,2686,9881,270,0,0,0,0,0
395,4306,396.23778256540766,99965,208,109,25,6,7348,3886,0.11237933276646826,133,71,43818,45605,4539,2471,1275,1736,1822,1341,0,0,86566,0,0,325,17,0,0,0,0,0,2861,9905,291,0,0,0,0,0
396,4306,397.3596563223077,99965,210,108,25,6,7381,3902,0.11286950432651428,127,69,43732,45490,4548,2469,1356,1856,1948,1424,0,0,86338,0,0,330,17,0,0,0,0,0,3046,9919,315,0,0,0,0,0
397,4306,398.1088262876593,99965,208,103,25,6,7404,3912,0.11319961986695343,130,70,43647,45361,4549,2477,1439,1981,2080,1511,0,0,86105,0,0,331,18,0,0,0,0,0,3241,9932,338,0,0,0,0,0
398,4306,399.2350459197795,99965,227,103,25,6,7445,3927,0.11375981593557745,125,74,43559,45223,4539,2477,1523,2115,2219,1602,0,0,85865,0,0,333,20,0,0,0,0,0,3448,9940,359,0,0,0,0,0
399,4306,400.36343696048937,99965,219,98,25,6,7483,3939,0.1142599909968489,120,81,43469,45081,4554,2478,1611,2254,2365,1697,0,0,85586,0,0,339,20,0,0,0,0,0,3670,9972,378,0,0,0,0,0
400,4306,401.1170376984331,99965,218,109,25,6,7500,3952,0.11456009603361177,125,75,43369,44946,4552,2462,1709,2400,2519,1796,0,0,85339,0,0,340,20,0,0,0,0,0,3898,9965,403,0,0,0,0,0
401,4306,402.2503312734497,99965,230,116,25,6,7542,3978,0.11524033411694093,121,69,43271,44787,4551,2467,1800,2553,2680,1900,0,0,85072,0,0,343,21,0,0,0,0,0,4120,9964,445,0,0,0,0,0
402,4306,403.00727338850163,99965,231,114,25,6,7568,3989,0.1156104636622818,123,70,43162,44630,4552,2464,1905,2714,2849,2008,0,0,84792,0,0,347,21,0,0,0,0,0,4366,9963,476,0,0,0,0,0
403,4306,404.14581588707136,99965,220,120,25,6,7599,4007,0.11610063522232782,124,75,43041,44460,4577,2458,2011,2879,3026,2120,0,0,84480,0,0,352,22,0,0,0,0,0,4630,9981,500,0,0,0,0,0
404,4306,405.28761343193156,99963,219,119,27,6,7641,4028,0.11673319128077389,115,71,42932,44289,4587,2459,2118,3054,3211,2237,0,0,84156,0,0,358,23,0,0,0,0,0,4896,9995,535,0,0,0,0,0
405,4306,406.05048225035085,99963,216,123,27,6,7663,4050,0.11717335414103218,118,64,42812,44103,4589,2467,2236,3235,3404,2359,0,0,83834,0,0,359,24,0,0,0,0,0,5177,10001,568,0,0,0,0,0
406,4306,407.19844194655457,99963,220,115,27,6,7707,4068,0.1177935836259416,103,72,42696,43917,4599,2464,2353,3424,3606,2485,0,0,83473,0,0,361,25,0,0,0,0,0,5476,10031,597,0,0,0,0,0
407,4306,408.3496437091214,99963,205,110,27,6,7736,4084,0.1182437501875694,117,79,42562,43724,4612,2461,2475,3618,3817,2616,0,0,83102,0,0,358,29,0,0,0,0,0,5784,10062,628,0,0,0,0,0
408,4306,409.1191837116526,99963,209,112,27,6,7755,4094,0.1185338575272851,115,83,42438,43525,4604,2445,2605,3827,4036,2752,0,0,82770,0,0,353,34,0,0,0,0,0,6093,10044,669,0,0,0,0,0
409,4306,410.2772190403978,99963,208,117,27,6,7783,4117,0.11904404629712993,129,78,42306,43306,4597,2454,2731,4037,4264,2893,0,0,82391,0,0,353,37,0,0,0,0,0,6428,10054,700,0,0,0,0,0
410,4306,411.05124772037306,99963,221,113,27,6,7816,4136,0.1195642387683443,113,70,42176,43084,4596,2462,2865,4263,4501,3039,0,0,81996,0,0,353,39,0,0,0,0,0,6783,10065,727,0,0,0,0,0
411,4306,412.21634561167014,99962,219,114,28,6,7853,4159,0.12016566295192173,102,68,42039,42859,4603,2460,3007,4491,4747,3190,0,0,81579,0,0,355,39,0,0,0,0,0,7141,10082,766,0,0,0,0,0
412,4306,413.38549339286163,99962,205,109,28,6,7889,4174,0.12067585682559373,99,74,41889,42627,4620,2454,3157,4728,5003,3346,0,0,81149,0,0,355,41,1,0,0,0,0,7504,10101,811,0,0,0,0,0
413,4306,414.1673254877522,99962,195,117,28,6,7905,4193,0.12102598987615294,105,64,41742,42392,4621,2441,3307,4978,5268,3507,0,0,80732,0,0,356,42,1,0,0,0,0,7886,10091,854,0,0,0,0,0
414,4306,415.3449217230661,99962,190,109,28,6,7929,4209,0.12142614193393489,112,67,41607,42135,4608,2446,3453,5235,5542,3674,0,0,80280,0,0,356,43,1,0,0,0,0,8286,10102,894,0,0,0,0,0
415,4306,416.13215013929823,99962,195,111,28,6,7954,4226,0.12184630159460595,110,60,41462,41881,4594,2440,3609,5500,5826,3846,0,0,79842,0,0,358,44,1,0,0,0,0,8692,10082,943,0,0,0,0,0
416,4306,417.3177358167999,99962,185,111,28,6,7982,4247,0.12233648786538885,112,59,41304,41617,4593,2440,3776,5765,6119,4023,0,0,79359,0,0,359,46,1,0,0,0,0,9119,10094,984,0,0,0,0,0
417,4306,418.11056508243774,99962,183,114,28,6,8007,4263,0.12274664372461536,110,57,41159,41341,4577,2422,3941,6058,6422,4205,0,0,78894,0,0,360,47,1,0,0,0,0,9546,10073,1041,0,0,0,0,0
418,4306,419.3050143729908,99962,183,111,28,6,8041,4283,0.12328684900262099,104,53,41009,41065,4567,2421,4107,6342,6734,4392,0,0,78393,0,0,362,49,1,0,0,0,0,9994,10073,1090,0,0,0,0,0
419,4306,420.1037211842978,99962,195,118,28,6,8063,4298,0.1236569896560693,136,77,40797,40749,4549,2402,4293,6646,7056,4585,0,0,77911,2,0,362,51,1,0,0,0,0,10460,10038,1137,0,0,0,0,0
420,4306,421.0887302998756,99962,198,113,28,6,8093,4319,0.1241671835297413,150,83,40615,40444,4532,2400,4475,6952,7387,4783,0,0,77387,51,2,364,51,1,0,0,0,0,10933,9982,1191,0,0,0,0,0
421,4306,422.0779384872724,99962,209,113,28,6,8126,4333,0.1246373621976351,173,96,40404,40137,4522,2384,4662,7262,7727,4986,0,0,76868,80,6,366,52,1,0,0,0,0,11419,9927,1243,0,0,0,0,0
422,4306,423.0717777108982,99962,224,121,28,6,8177,4356,0.12537764350453173,177,98,40205,39822,4512,2371,4852,7580,8077,5194,0,0,76327,122,11,368,54,1,0,0,0,0,11913,9866,1300,0,0,0,0,0
423,4306,424.07030240143365,99962,244,118,28,6,8226,4370,0.1260078829955383,179,115,39997,39500,4501,2355,5049,7904,8436,5407,0,0,75774,160,15,370,56,1,0,0,0,0,12424,9807,1355,0,0,0,0,0
424,4306,425.0736577947072,99962,250,133,28,6,8260,4404,0.12668814149376764,196,111,39799,39153,4487,2348,5238,8247,8804,5626,0,0,75207,199,18,371,60,1,0,0,0,0,12949,9747,1410,0,0,0,0,0
425,4306,426.08173198737387,99962,258,134,28,6,8313,4429,0.12746843800644245,197,109,39590,38835,4484,2341,5441,8573,9180,5850,0,0,74627,254,27,374,62,1,0,0,0,0,13465,9669,1483,0,0,0,0,0
426,4306,427.09492918684435,99962,272,146,28,6,8361,4462,0.1282787459234509,216,114,39351,38472,4480,2332,5651,8928,9565,6079,0,0,74043,292,35,378,67,1,0,0,0,0,14003,9597,1546,0,0,0,0,0
427,4306,428.11385687330375,99961,295,154,28,7,8425,4496,0.1292604115605086,237,116,39106,38095,4471,2334,5861,9292,9958,6313,0,0,73420,351,38,379,70,1,0,0,0,0,14563,9532,1607,0,0,0,0,0
428,4306,429.13852653843725,99961,315,159,28,7,8491,4522,0.1301807705004952,240,135,38863,37725,4479,2318,6073,9654,10360,6551,0,0,72795,405,46,382,72,1,0,0,0,0,15126,9460,1674,0,0,0,0,0
429,4306,430.1690806981396,99961,330,161,28,7,8558,4558,0.13121117235721932,250,147,38630,37339,4477,2321,6283,10023,10770,6794,0,0,72143,470,56,386,79,1,0,0,0,0,15703,9390,1733,0,0,0,0,0
430,4306,431.2056823437475,99961,343,169,28,7,8624,4596,0.13225157811546503,269,142,38358,36962,4496,2318,6504,10400,11187,7042,0,0,71472,534,69,392,79,1,0,0,0,0,16297,9326,1791,0,0,0,0,0
431,4306,432.24905122327885,99961,366,182,28,7,8699,4637,0.13341203069196986,289,157,38094,36536,4499,2319,6722,10797,11612,7294,0,0,70798,596,80,397,81,1,0,0,0,0,16898,9256,1854,0,0,0,0,0
432,4306,433.29894888901777,99961,389,209,28,7,8774,4689,0.13468252618521223,306,161,37840,36137,4491,2309,6944,11175,12044,7551,0,0,70135,654,91,401,85,1,0,0,0,0,17492,9168,1934,0,0,0,0,0
433,4306,434.002495992257,99961,390,221,28,7,8824,4720,0.1354928422084613,326,162,37594,35729,4489,2293,7171,11586,12482,7812,0,0,69455,710,100,402,87,1,0,0,0,0,18107,9092,2007,0,0,0,0,0
434,4306,435.065484542549,99961,428,234,28,7,8933,4764,0.13702343914126508,314,162,37313,35322,4520,2292,7395,11981,12927,8077,0,0,68722,791,113,406,90,1,0,0,0,0,18746,9029,2063,0,0,0,0,0
435,4306,436.1358733274862,99960,478,246,29,7,9038,4814,0.13857543017206883,323,165,37027,34909,4520,2291,7621,12380,13378,8346,0,0,68014,856,130,409,96,2,0,0,0,0,19371,8949,2133,0,0,0,0,0
436,4306,437.2137841069849,99960,479,257,29,7,9122,4854,0.1398159263705482,370,181,36718,34491,4557,2289,7845,12773,13835,8619,0,0,67282,937,145,421,99,2,0,0,0,0,20007,8857,2210,0,0,0,0,0
437,4306,438.2998722273626,99959,509,259,29,8,9223,4901,0.1412979321521824,381,195,36430,34054,4564,2297,8085,13185,14297,8896,0,0,66536,1013,172,430,101,3,0,0,0,0,20649,8779,2276,0,0,0,0,0
438,4306,439.02848146832474,99959,533,270,29,8,9300,4943,0.14248842025230343,383,192,36144,33611,4569,2296,8340,13621,14764,9176,0,0,65820,1071,193,431,104,4,0,0,0,0,21286,8690,2360,0,0,0,0,0
439,4306,440.1310260458839,99958,559,291,30,8,9418,5011,0.14435062726345066,396,191,35817,33187,4610,2312,8586,14009,15235,9460,0,0,65051,1166,222,439,109,4,0,0,0,0,21930,8599,2438,0,0,0,0,0
440,4306,441.24288364910893,99958,603,318,30,8,9533,5076,0.14615138358110408,409,204,35503,32757,4623,2297,8830,14414,15710,9747,0,0,64310,1228,258,442,116,4,0,0,0,0,22573,8512,2515,0,0,0,0,0
441,4306,442.3638211459482,99958,623,329,30,8,9645,5141,0.14792212729346327,467,222,35158,32312,4653,2306,9067,14821,16189,10037,0,0,63519,1323,290,456,120,5,0,0,0,0,23237,8426,2582,0,0,0,0,0
442,4306,443.1164414872761,99958,626,335,30,8,9713,5181,0.1490025810840553,526,242,34839,31856,4667,2304,9310,15253,16671,10330,0,0,62752,1389,314,457,125,5,0,0,0,0,23913,8349,2654,0,0,0,0,0
443,4306,444.256414391079,99958,681,352,30,8,9864,5265,0.1513535684987695,524,244,34509,31405,4710,2331,9544,15658,17156,10625,0,0,61936,1501,356,462,129,5,0,0,0,0,24575,8268,2726,0,0,0,0,0
444,4306,445.0218590905704,99956,716,357,31,9,9984,5305,0.1529573012125335,526,267,34189,30951,4738,2326,9798,16088,17643,10923,0,0,61158,1574,391,465,136,5,0,0,0,0,25243,8183,2801,0,0,0,0,0
445,4306,446.18209087915056,99955,730,381,32,9,10127,5385,0.15518983542594167,559,283,33852,30505,4798,2329,10027,16491,18132,11223,0,0,60349,1690,445,471,144,5,0,0,0,0,25881,8081,2889,0,0,0,0,0
446,4306,447.35308749189556,99954,800,410,33,9,10315,5469,0.15791263981431458,595,314,33470,30048,4850,2330,10250,16887,18623,11525,0,0,59533,1790,496,484,149,6,0,0,0,0,26543,7991,2962,0,0,0,0,0
447,4306,448.139941583647,99953,825,420,34,9,10434,5526,0.15967504727221793,631,313,33123,29601,4880,2340,10505,17315,19115,11829,0,0,58734,1870,542,490,157,6,0,0,0,0,27215,7907,3032,0,0,0,0,0
448,4306,449.33373463396777,99953,872,455,34,9,10653,5611,0.16271647674406972,633,350,32750,29130,4983,2349,10726,17705,19608,12135,0,0,57873,2004,602,509,165,6,0,0,0,0,27881,7816,3097,0,0,0,0,0
449,4306,450.13648800801263,99952,880,474,34,10,10760,5687,0.1645489835120858,685,331,32392,28692,5017,2364,10990,18127,20101,12442,0,0,57076,2094,650,516,173,6,0,0,0,0,28538,7715,3184,0,0,0,0,0
450,4306,451.3552782606934,99952,960,503,34,10,10976,5794,0.16778053465663517,698,336,32026,28265,5078,2387,11202,18497,20593,12751,0,0,56240,2219,711,532,183,6,0,0,0,0,29186,7609,3266,0,0,0,0,0
451,4306,452.1747011993167,99952,986,510,34,10,11105,5854,0.1696714422923003,733,360,31689,27830,5115,2384,11441,18904,21085,13061,0,0,55452,2292,772,543,191,6,0,0,0,0,29837,7511,3348,0,0,0,0,0
452,4306,453.0019509740595,99951,1003,509,35,10,11247,5915,0.17170413502616283,752,375,31350,27390,5176,2393,11682,19321,21576,13371,0,0,54644,2389,841,554,198,6,0,0,0,0,30478,7407,3434,0,0,0,0,0
453,4306,454.2580201366544,99951,1098,548,35,10,11525,6040,0.17573611069424017,729,375,30979,26960,5275,2424,11882,19681,22065,13682,0,0,53781,2547,921,567,211,8,0,0,0,0,31101,7300,3515,0,0,0,0,0
454,4306,455.1029663126973,99948,1104,556,38,10,11666,6112,0.17787249369672228,776,389,30625,26546,5334,2421,12121,20076,22552,13994,0,0,52969,2650,1000,566,223,8,0,0,0,0,31728,7206,3598,0,0,0,0,0
455,4306,456.38643885442735,99948,1158,581,38,10,11910,6246,0.18165446031936608,828,402,30240,26119,5428,2475,12306,20411,23037,14306,0,0,52080,2816,1096,579,241,8,0,0,0,0,32350,7118,3660,0,0,0,0,0
456,4306,457.25020142326923,99947,1211,596,38,11,12096,6328,0.18433769898045965,852,411,29881,25706,5486,2476,12530,20798,23520,14618,0,0,51312,2892,1189,586,259,8,0,0,0,0,32944,7007,3750,0,0,0,0,0
457,4306,458.123263805152,99946,1235,620,38,12,12267,6435,0.18712104536449684,873,403,29516,25294,5560,2491,12776,21178,24000,14930,0,0,50484,3015,1274,595,268,8,0,0,0,0,33560,6910,3832,0,0,0,0,0
458,4306,459.0064615524767,99946,1278,632,38,12,12474,6523,0.1900726392251816,903,433,29136,24847,5655,2522,12988,21552,24476,15241,0,0,49661,3126,1369,612,282,8,0,0,0,0,34174,6818,3896,0,0,0,0,0
459,4306,460.3500302887201,99946,1352,654,38,12,12805,6679,0.19494527044604087,962,437,28709,24440,5801,2600,13136,21855,24949,15552,0,0,48756,3333,1507,633,301,8,0,0,0,0,34729,6710,3969,0,0,0,0,0
460,4306,461.2557021497234,99946,1365,673,38,12,12989,6779,0.1977868048746323,982,449,28373,24043,5890,2623,13350,22198,25418,15862,0,0,47944,3446,1607,649,317,9,0,0,0,0,35324,6613,4037,0,0,0,0,0
461,4306,462.1716601355314,99946,1371,700,38,12,13198,6895,0.20103856082284433,1044,443,28031,23626,5988,2664,13526,22553,25883,16171,0,0,47108,3585,1717,670,334,9,0,0,0,0,35907,6514,4102,0,0,0,0,0
462,4306,463.09816847027145,99944,1438,710,39,13,13437,6989,0.20437444969182741,1019,474,27703,23215,6072,2695,13727,22891,26343,16479,0,0,46312,3693,1819,687,349,10,0,0,0,0,36482,6414,4178,0,0,0,0,0
463,4306,464.03461656802307,99943,1502,736,40,13,13660,7106,0.2077784337072131,1037,504,27355,22789,6134,2727,13930,23229,26799,16786,0,0,45529,3801,1925,703,361,10,0,0,0,0,37044,6309,4261,0,0,0,0,0
464,4306,465.4588139502469,99943,1582,750,40,13,14028,7283,0.213231541978928,1032,510,26949,22399,6320,2822,14075,23504,27250,17092,0,0,44655,3997,2122,729,384,10,0,0,0,0,37519,6201,4326,0,0,0,0,0
465,4306,466.41926025334266,99943,1600,790,40,13,14251,7424,0.21687361796223847,1074,519,26590,22027,6425,2853,14269,23796,27695,17396,0,0,43872,4109,2277,740,406,11,0,0,0,0,38032,6111,4385,0,0,0,0,0
466,4306,467.3916322544566,99943,1623,832,40,13,14503,7554,0.22069579660406433,1117,540,26231,21651,6536,2878,14451,24084,28135,17698,0,0,43108,4227,2411,766,427,13,0,0,0,0,38534,5986,4471,0,0,0,0,0
467,4306,468.3763067850315,99940,1670,862,43,13,14782,7688,0.22483490094056433,1127,549,25886,21283,6650,2928,14622,24363,28569,17998,0,0,42308,4372,2541,786,449,16,0,0,0,0,39047,5884,4537,0,0,0,0,0
468,4306,469.37327475468345,99939,1743,866,43,14,15081,7825,0.22919981188525002,1056,539,25581,20944,6787,2989,14788,24646,28998,18296,0,0,41508,4520,2708,801,470,16,0,0,0,0,39524,5793,4599,0,0,0,0,0
469,4306,470.38227423680326,99938,1765,886,44,14,15355,7964,0.23333466749384618,1060,559,25239,20594,6937,3045,14953,24900,29421,18592,0,0,40722,4656,2877,822,500,18,0,0,0,0,39995,5702,4646,0,0,0,0,0
470,4306,471.4040982374606,99935,1828,898,47,14,15654,8109,0.23778455996397657,1064,557,24881,20254,7052,3111,15126,25164,29838,18886,0,0,39948,4786,3046,843,527,20,0,0,0,0,40453,5611,4701,0,0,0,0,0
471,4306,472.439615540103,99933,1867,894,47,16,15944,8242,0.2420221548437453,1061,561,24568,19928,7171,3192,15284,25407,30248,19178,0,0,39176,4929,3221,866,555,20,0,0,0,0,40888,5513,4765,0,0,0,0,0
472,4306,473.4879908765122,99933,1884,884,47,16,16222,8387,0.2462549908438654,1068,560,24273,19590,7315,3296,15411,25652,30652,19467,0,0,38389,5086,3409,883,582,21,0,0,0,0,41308,5430,4825,0,0,0,0,0
473,4306,474.01585189456284,99931,1873,892,49,16,16354,8460,0.24831133482102652,1091,559,23994,19255,7365,3303,15626,25973,31050,19753,0,0,37741,5128,3543,886,600,21,0,0,0,0,41774,5344,4894,0,0,0,0,0
474,4306,475.0886593063729,99930,1893,894,50,16,16649,8599,0.2526568598018613,1117,572,23662,18949,7505,3378,15771,26189,31441,20037,0,0,36993,5255,3750,923,619,21,0,0,0,0,42168,5250,4951,0,0,0,0,0
475,4306,476.1758216434285,99930,1886,932,50,16,16956,8764,0.2573801661162814,1137,559,23338,18673,7686,3432,15901,26386,31826,20318,0,0,36250,5414,3966,937,653,23,0,0,0,0,42521,5155,5011,0,0,0,0,0
476,4306,477.27790502976893,99927,1889,923,52,17,17290,8910,0.2621913997217969,1137,588,23021,18380,7890,3513,16009,26577,32204,20596,0,0,35503,5567,4206,967,690,24,0,0,0,0,42853,5060,5057,0,0,0,0,0
477,4306,478.39520672874943,99925,1941,944,54,17,17624,9071,0.26715036277207904,1134,589,22700,18062,8055,3603,16114,26783,32575,20871,0,0,34765,5710,4396,1000,722,25,0,0,0,0,43242,4970,5095,0,0,0,0,0
478,4306,479.5273487329849,99924,1984,958,55,17,17968,9250,0.27238701413073935,1108,580,22396,17802,8229,3695,16226,26946,32940,21143,0,0,34047,5847,4621,1034,756,27,0,0,0,0,43567,4878,5147,0,0,0,0,0
479,4306,480.09772283147424,99923,1974,950,56,17,18116,9317,0.2745413968755942,1132,589,22144,17530,8289,3710,16403,27202,33298,21412,0,0,33463,5875,4766,1050,781,28,0,0,0,0,43962,4789,5209,0,0,0,0,0
480,4306,481.2578130081551,99921,1987,972,57,18,18447,9492,0.2796108926051581,1124,578,21851,17278,8483,3795,16496,27357,33649,21677,0,0,32759,6008,5016,1071,823,28,0,0,0,0,44262,4717,5237,0,0,0,0,0
481,4306,482.43326628038636,99921,1972,972,57,18,18789,9649,0.2846048378218793,1149,584,21551,17059,8715,3874,16554,27491,33993,21939,0,0,32051,6162,5276,1105,851,34,0,0,0,0,44534,4627,5281,0,0,0,0,0
482,4306,483.02543390700305,99921,1973,976,57,18,18953,9725,0.28700673532090354,1147,601,21330,16796,8764,3885,16727,27722,34331,22198,0,0,31495,6189,5435,1116,875,34,0,0,0,0,44891,4547,5339,0,0,0,0,0
483,4306,484.22996406145717,99916,1952,1007,61,19,19302,9896,0.2922254693942912,1149,601,21051,16595,8977,3947,16808,27829,34662,22453,0,0,30828,6318,5703,1148,914,36,0,0,0,0,45125,4461,5383,0,0,0,0,0
484,4306,485.4499362490095,99914,1958,1013,63,19,19671,10063,0.29759593250195165,1132,598,20790,16386,9187,4027,16868,27955,34986,22705,0,0,30166,6470,5958,1172,968,40,0,0,0,0,45352,4366,5422,0,0,0,0,0
485,4306,486.0643302888158,99913,1952,1043,63,20,19848,10171,0.30045139271165916,1119,564,20583,16181,9259,4036,17022,28154,35303,22953,0,0,29631,6497,6141,1179,994,41,0,0,0,0,45662,4300,5468,0,0,0,0,0
486,4306,487.312927255484,99909,1991,1010,66,21,20204,10333,0.30564813980722455,1128,588,20296,15966,9431,4166,17086,28247,35614,23198,0,0,28993,6618,6417,1211,1041,42,0,0,0,0,45872,4225,5490,0,0,0,0,0
487,4306,488.5779486666005,99907,2043,1002,68,21,20601,10526,0.31155975056802826,1060,587,20072,15775,9628,4290,17127,28323,35918,23439,0,0,28344,6778,6699,1230,1085,45,0,0,0,0,46047,4145,5534,0,0,0,0,0
488,4306,489.2151568843977,99906,2015,1009,69,21,20778,10619,0.3142654094849158,1036,570,19890,15568,9725,4314,17263,28516,36216,23677,0,0,27830,6817,6896,1242,1110,46,0,0,0,0,46309,4071,5585,0,0,0,0,0
489,4306,490.507923470257,99904,2001,1029,70,22,21131,10825,0.3198670723894939,1039,536,19639,15411,9948,4399,17301,28601,36507,23911,0,0,27228,6929,7209,1281,1154,50,0,0,0,0,46453,3993,5607,0,0,0,0,0
490,4306,491.15876554292174,99904,1981,1018,70,22,21305,10913,0.32248959000640615,1035,536,19452,15210,10032,4430,17428,28782,36792,24142,0,0,26727,6962,7409,1286,1189,50,0,0,0,0,46705,3936,5640,0,0,0,0,0
491,4306,492.4812273368858,99903,1948,984,71,22,21628,11099,0.3275877601273235,1051,524,19246,15056,10212,4568,17470,28844,37071,24369,0,0,26131,7094,7724,1316,1244,53,0,0,0,0,46817,3863,5661,0,0,0,0,0
492,4306,493.14692218472214,99903,1925,985,71,22,21794,11180,0.330060158353603,1058,516,19065,14858,10278,4603,17601,29014,37343,24593,0,0,25658,7115,7914,1322,1271,54,0,0,0,0,47059,3810,5700,0,0,0,0,0
493,4306,494.4973741802318,99902,1932,974,71,23,22135,11375,0.3354287201457428,1066,510,18840,14730,10447,4719,17642,29042,37609,24813,0,0,25123,7198,8235,1357,1321,57,0,0,0,0,47147,3739,5725,0,0,0,0,0
494,4306,495.17647621773307,99901,1958,968,71,24,22325,11469,0.3382748921432218,1045,502,18674,14565,10487,4756,17763,29183,37869,25029,0,0,24674,7216,8404,1370,1363,57,0,0,0,0,47388,3680,5749,0,0,0,0,0
495,4306,496.5556906302396,99901,1951,944,71,24,22698,11641,0.34373029299006014,1028,519,18507,14442,10688,4877,17753,29192,38123,25242,0,0,24136,7318,8705,1409,1425,64,0,0,0,0,47472,3603,5769,0,0,0,0,0
496,4306,497.24869990179985,99901,1945,941,71,24,22903,11737,0.3467432758430847,979,508,18358,14295,10781,4910,17864,29320,38371,25451,0,0,23717,7318,8917,1425,1467,66,0,0,0,0,47647,3547,5797,0,0,0,0,0
497,4306,498.6531423956695,99901,1958,924,71,24,23269,11918,0.35221869650954446,968,505,18179,14192,10957,5018,17865,29335,38613,25657,0,0,23220,7399,9232,1450,1538,70,0,0,0,0,47701,3486,5805,0,0,0,0,0
498,4306,499.3593047475366,99899,1951,918,73,24,23448,11991,0.3547482957787365,956,501,18015,14052,11034,5034,17969,29469,38850,25859,0,0,22835,7395,9405,1460,1586,72,0,0,0,0,47884,3425,5837,0,0,0,0,0
499,4306,500.0716145196056,99899,1923,903,73,24,23611,12068,0.35715072222945177,966,502,17849,13918,11126,5063,18061,29588,39081,26058,0,0,22426,7411,9581,1470,1635,72,0,0,0,0,48072,3375,5857,0,0,0,0,0
500,4306,501.5079646954399,99899,1877,891,73,24,23968,12245,0.3624961210822931,935,475,17702,13882,11373,5160,18038,29566,39307,26253,0,0,21927,7526,9879,1498,1707,77,0,0,0,0,48095,3304,5886,0,0,0,0,0
501,4306,502.23035056128055,99897,1871,882,75,24,24137,12338,0.36512607986225815,908,465,17583,13740,11425,5214,18136,29673,39527,26445,0,0,21545,7538,10058,1507,1749,80,0,0,0,0,48262,3248,5910,0,0,0,0,0
502,4306,503.66493194747454,99897,1833,906,75,24,24473,12521,0.3703214310740062,857,417,17471,13713,11614,5283,18148,29655,39742,26633,0,0,21102,7606,10360,1538,1815,87,0,0,0,0,48286,3186,5917,0,0,0,0,0
503,4306,504.38437380669785,99897,1813,899,75,24,24635,12591,0.37264382313783195,855,418,17329,13595,11679,5306,18247,29756,39952,26818,0,0,20750,7606,10539,1544,1858,90,0,0,0,0,48433,3138,5939,0,0,0,0,0
504,4306,505.10019039202774,99896,1797,870,75,25,24787,12657,0.3748298230159366,850,442,17242,13479,11723,5349,18311,29833,40156,26999,0,0,20410,7589,10714,1548,1906,96,0,0,0,0,48578,3101,5954,0,0,0,0,0
505,4306,506.52221087558166,99893,1736,856,77,26,25102,12804,0.3794660286506562,826,430,17156,13449,11918,5433,18285,29804,40355,27177,0,0,19975,7673,10994,1568,1991,97,0,0,0,0,48591,3046,5958,0,0,0,0,0
506,4306,507.236384273287,99893,1713,877,77,26,25255,12903,0.3819887279388946,805,409,17037,13346,11991,5452,18375,29888,40549,27352,0,0,19653,7669,11153,1579,2035,102,0,0,0,0,48725,2991,5986,0,0,0,0,0
507,4306,508.65654993984134,99893,1666,855,77,26,25522,13057,0.3862032374640866,829,408,16945,13336,12143,5541,18338,29832,40739,27523,0,0,19284,7701,11442,1603,2106,106,0,0,0,0,48713,2938,6000,0,0,0,0,0
508,4306,509.36874547280206,99892,1608,834,78,26,25647,13124,0.388129179513875,842,412,16831,13239,12218,5577,18421,29910,40924,27691,0,0,18943,7718,11601,1613,2150,109,0,0,0,0,48845,2897,6016,0,0,0,0,0
509,4306,510.0789966222513,99892,1599,830,78,26,25798,13202,0.39042165538781887,817,393,16725,13153,12274,5605,18505,29991,41104,27856,0,0,18631,7704,11764,1626,2189,114,0,0,0,0,48976,2866,6022,0,0,0,0,0
510,4306,511.49114989465266,99888,1572,801,80,28,26108,13319,0.3947120775268301,778,396,16661,13153,12446,5683,18461,29937,41280,28018,0,0,18264,7740,12040,1655,2252,121,0,0,0,0,48973,2822,6021,0,0,0,0,0
511,4306,512.2001556770131,99888,1557,778,80,28,26249,13392,0.39685447701425597,740,379,16600,13067,12481,5732,18540,30014,41451,28176,0,0,17972,7728,12208,1664,2294,125,0,0,0,0,49075,2785,6037,0,0,0,0,0
512,4306,513.6115727798228,99888,1531,753,80,28,26538,13521,0.40103916386352717,715,365,16556,13055,12613,5820,18503,29977,41618,28331,0,0,17608,7781,12482,1693,2346,132,0,0,0,0,49064,2746,6036,0,0,0,0,0
513,4306,514.3197390446257,99888,1520,753,80,28,26673,13587,0.40305141758769825,691,357,16481,12994,12654,5827,18572,30039,41781,28483,0,0,17336,7764,12641,1697,2380,134,0,0,0,0,49170,2712,6054,0,0,0,0,0
514,4306,515.0261963423806,99888,1493,733,80,28,26796,13656,0.4049735703988467,693,364,16396,12935,12699,5863,18637,30075,41940,28632,0,0,17064,7757,12805,1708,2410,140,0,0,0,0,49254,2674,6076,0,0,0,0,0
515,4306,516.4322797023523,99887,1460,724,80,29,27060,13782,0.40888203670147266,648,345,16370,12966,12844,5926,18596,30008,42095,28778,0,0,16748,7785,13046,1722,2483,147,0,0,0,0,49247,2638,6071,0,0,0,0,0
516,4306,517.1381253557748,99887,1423,713,80,29,27166,13834,0.41046382412125704,658,350,16295,12935,12880,5935,18662,30036,42246,28921,0,0,16495,7767,13214,1720,2516,150,0,0,0,0,49332,2616,6077,0,0,0,0,0
517,4306,518.5443044483403,99886,1362,675,81,29,27373,13938,0.4135814828904952,670,332,16260,12975,12990,6009,18635,29978,42393,29061,0,0,16212,7776,13462,1736,2575,160,0,0,0,0,49307,2580,6078,0,0,0,0,0
518,4306,519.2496865274885,99884,1372,675,83,29,27498,14004,0.4155019822994674,641,326,16204,12931,13001,6023,18697,30014,42536,29199,0,0,15990,7755,13613,1734,2605,164,0,0,0,0,49381,2546,6096,0,0,0,0,0
519,4306,520.6547303726654,99883,1299,676,84,29,27709,14137,0.41895017170089005,636,285,16181,12963,13121,6094,18677,29951,42676,29334,0,0,15704,7781,13832,1753,2676,173,0,0,0,0,49364,2507,6093,0,0,0,0,0
520,4306,521.35959177015,99883,1314,652,84,29,27844,14179,0.4207222450266812,598,284,16140,12925,13137,6103,18725,30005,42812,29466,0,0,15500,7747,13977,1749,2722,175,0,0,0,0,49429,2480,6104,0,0,0,0,0
521,4306,522.0625325076167,99883,1280,633,84,29,27952,14230,0.42231410750578174,595,278,16092,12913,13182,6124,18765,30021,42945,29595,0,0,15291,7718,14127,1754,2764,181,0,0,0,0,49486,2450,6112,0,0,0,0,0
522,4306,523.4642502593592,99881,1244,626,86,29,28171,14343,0.42564651935803605,564,272,16073,12957,13305,6171,18726,29943,43074,29722,0,0,15020,7753,14348,1755,2823,189,0,0,0,0,49464,2423,6106,0,0,0,0,0
523,4306,524.1678547153838,99880,1234,623,87,29,28275,14400,0.42726271525831,542,256,16019,12914,13329,6192,18787,29984,43200,29846,0,0,14801,7742,14464,1754,2860,192,0,0,0,0,49552,2403,6112,0,0,0,0,0
524,4306,525.5705333662654,99878,1166,591,88,30,28474,14504,0.43030497206592044,516,251,16007,12963,13468,6246,18753,29917,43323,29968,0,0,14555,7746,14694,1772,2930,197,0,0,0,0,49499,2375,6110,0,0,0,0,0
525,4306,526.274116507219,99878,1153,560,88,30,28568,14537,0.4315765233584974,528,268,15953,12942,13489,6266,18787,29932,43443,30087,0,0,14370,7723,14831,1765,2969,199,0,0,0,0,49549,2351,6121,0,0,0,0,0
526,4306,527.6779500599642,99877,1071,562,89,30,28738,14638,0.4342941818436677,502,248,15983,12993,13581,6305,18772,29860,43560,30204,0,0,14151,7716,15035,1786,3025,209,0,0,0,0,49517,2319,6119,0,0,0,0,0
527,4306,528.3824385031468,99877,1041,552,89,30,28835,14682,0.43570591827948374,490,256,15953,12957,13615,6318,18810,29885,43674,30318,0,0,13961,7692,15171,1790,3056,213,0,0,0,0,49570,2300,6124,0,0,0,0,0
528,4306,529.085236412449,99877,1022,536,89,30,28939,14724,0.43716771629103796,459,248,15918,12961,13653,6332,18857,29891,43785,30430,0,0,13782,7680,15301,1785,3094,217,0,0,0,0,49611,2273,6134,0,0,0,0,0
529,4306,530.4874193960799,99876,973,504,90,30,29112,14801,0.43967519724458326,447,233,15931,13013,13727,6382,18830,29836,43893,30539,0,0,13585,7685,15495,1784,3164,220,0,0,0,0,49556,2246,6141,0,0,0,0,0
530,4306,531.1908499027281,99876,942,499,90,30,29175,14850,0.44079658776883335,456,220,15930,13005,13724,6400,18856,29844,43998,30646,0,0,13421,7662,15596,1788,3195,225,0,0,0,0,49615,2219,6155,0,0,0,0,0
531,4306,532.594381096173,99876,896,495,90,30,29334,14926,0.44314950538667947,428,228,15964,13054,13797,6435,18823,29756,44100,30751,0,0,13231,7665,15752,1796,3247,233,0,0,0,0,49600,2188,6164,0,0,0,0,0
532,4306,533.2987590111708,99875,872,490,91,30,29407,14972,0.4443454317897372,425,211,15939,13041,13804,6441,18867,29785,44200,30854,0,0,13089,7626,15863,1801,3278,239,0,0,0,0,49642,2162,6175,0,0,0,0,0
533,4306,534.0019637754069,99875,845,486,91,30,29475,15013,0.44543679599499375,417,206,15921,13050,13823,6440,18901,29786,44297,30955,0,0,12950,7586,15983,1801,3310,241,0,0,0,0,49679,2141,6184,0,0,0,0,0
534,4306,535.4047195405692,99874,808,454,92,30,29633,15073,0.4476240062478723,376,215,15967,13111,13887,6467,18868,29721,44392,31053,0,0,12786,7570,16155,1826,3351,249,0,0,0,0,49638,2103,6196,0,0,0,0,0
535,4306,536.1083398757987,99874,785,443,92,30,29685,15105,0.44846506598313873,381,215,15955,13123,13889,6467,18896,29720,44484,31149,0,0,12635,7547,16238,1825,3377,255,0,0,0,0,49709,2089,6199,0,0,0,0,0
536,4306,537.5131387908137,99874,743,427,92,30,29817,15166,0.45039750085107233,375,192,16014,13205,13914,6491,18860,29653,44574,31243,0,0,12477,7536,16382,1830,3436,258,0,0,0,0,49695,2060,6200,0,0,0,0,0
537,4306,538.2177000758827,99874,733,422,92,30,29888,15202,0.4514688507519475,347,186,16032,13206,13911,6499,18883,29655,44662,31335,0,0,12352,7493,16498,1829,3462,261,0,0,0,0,49730,2048,6201,0,0,0,0,0
538,4306,539.624861934945,99873,707,385,92,31,30025,15249,0.4533157109529102,303,191,16090,13301,13950,6515,18856,29575,44748,31425,0,0,12203,7475,16640,1839,3512,268,0,0,0,0,49709,2026,6201,0,0,0,0,0
539,4306,540.3306006789819,99873,704,385,92,31,30077,15285,0.4541968299740671,295,178,16081,13324,13933,6511,18893,29569,44831,31514,0,0,12087,7442,16729,1825,3544,269,0,0,0,0,49755,2016,6206,0,0,0,0,0
540,4306,541.0355891478116,99873,693,380,92,31,30133,15317,0.4550779489952239,295,167,16090,13325,13927,6512,18901,29583,44912,31601,0,0,11982,7407,16805,1826,3575,272,0,0,0,0,49794,1987,6225,0,0,0,0,0
541,4306,542.4429103012797,99872,656,356,93,31,30238,15370,0.45666453059916695,293,157,16146,13444,13951,6541,18859,29469,44991,31686,0,0,11835,7394,16953,1829,3614,274,0,0,0,0,49772,1975,6226,0,0,0,0,0
542,4306,543.1496670802883,99872,655,341,93,31,30298,15393,0.4574955943607818,273,153,16168,13473,13931,6542,18878,29458,45068,31769,0,0,11720,7367,17031,1825,3644,276,0,0,0,0,49819,1960,6230,0,0,0,0,0
543,4306,544.5603682674026,99872,636,314,93,31,30409,15436,0.45903756808715157,247,153,16229,13568,13965,6556,18828,29376,45143,31850,0,0,11586,7350,17173,1837,3668,281,0,0,0,0,49799,1943,6235,0,0,0,0,0
544,4306,545.2682699637388,99871,620,327,94,31,30455,15471,0.45985321064172785,240,138,16259,13608,13947,6536,18838,29358,45216,31930,0,0,11482,7319,17247,1836,3691,282,0,0,0,0,49846,1923,6245,0,0,0,0,0
545,4306,546.6829426360722,99871,581,312,94,31,30541,15524,0.4612450060578146,230,119,16323,13724,13977,6547,18793,29265,45288,32008,0,0,11361,7302,17369,1837,3733,286,0,0,0,0,49826,1910,6247,0,0,0,0,0
546,4306,547.3928275177535,99871,562,296,94,31,30590,15543,0.46192588439086424,214,111,16349,13747,13963,6551,18816,29262,45358,32084,0,0,11260,7271,17466,1834,3751,290,0,0,0,0,49847,1900,6252,0,0,0,0,0
547,4306,548.1022703287847,99871,528,290,94,31,30626,15560,0.4624565689739764,216,112,16363,13791,13970,6530,18827,29244,45426,32159,0,0,11167,7230,17548,1837,3778,292,0,0,0,0,49881,1888,6250,0,0,0,0,0
548,4306,549.5200232067717,99871,488,255,94,31,30703,15590,0.46352795105686334,203,120,16432,13883,13983,6546,18798,29163,45492,32232,0,0,11056,7211,17657,1839,3820,299,0,0,0,0,49872,1874,6243,0,0,0,0,0
549,4306,550.2309915506728,99870,465,258,95,31,30732,15617,0.464093321317713,194,106,16466,13935,13957,6526,18821,29142,45557,32304,0,0,10966,7183,17728,1834,3843,299,0,0,0,0,49904,1860,6253,0,0,0,0,0
550,4306,551.6512856401926,99870,425,251,95,31,30786,15656,0.46502453189145887,207,114,16546,14020,13947,6530,18778,29052,45620,32374,0,0,10854,7173,17824,1835,3876,300,0,0,0,0,49912,1848,6248,0,0,0,0,0
551,4306,552.3635284575613,99870,418,255,95,31,30823,15678,0.46561529988985684,195,106,16561,14050,13931,6521,18798,29035,45681,32443,0,0,10759,7146,17872,1832,3894,305,0,0,0,0,49969,1844,6249,0,0,0,0,0
552,4306,553.0752337888365,99870,413,251,95,31,30855,15699,0.4661459897867227,190,100,16578,14079,13910,6524,18812,29013,45741,32510,0,0,10668,7129,17922,1825,3914,308,0,0,0,0,50017,1833,6254,0,0,0,0,0
553,4306,554.4970259849839,99869,408,245,95,32,30931,15737,0.4672921527200633,170,93,16672,14190,13897,6524,18756,28914,45799,32576,0,0,10577,7111,18007,1822,3945,310,0,0,0,0,50018,1818,6261,0,0,0,0,0
554,4306,555.210017901038,99869,397,234,95,32,30964,15757,0.4678228479307893,164,85,16695,14230,13882,6519,18765,28898,45856,32640,0,0,10500,7078,18077,1825,3964,310,0,0,0,0,50042,1804,6269,0,0,0,0,0
555,4306,556.6359613253275,99868,380,215,95,33,31018,15787,0.46866864260824287,167,81,16786,14370,13844,6512,18726,28787,45912,32703,0,0,10411,7057,18165,1830,3986,314,0,0,0,0,50044,1792,6269,0,0,0,0,0
556,4306,557.350702186011,99868,368,200,95,33,31045,15797,0.46903913165378297,163,87,16814,14409,13824,6506,18734,28763,45966,32765,0,0,10334,7027,18228,1829,3999,316,0,0,0,0,50075,1783,6277,0,0,0,0,0
557,4306,558.0652918393728,99867,354,188,96,33,31072,15811,0.4694543743178427,159,82,16836,14460,13800,6504,18753,28731,46019,32825,0,0,10263,6998,18292,1821,4019,319,0,0,0,0,50098,1777,6280,0,0,0,0,0
558,4306,559.4936759594495,99867,346,188,96,33,31136,15837,0.47035557291197294,128,81,16935,14562,13784,6483,18709,28651,46071,32884,0,0,10179,6979,18364,1824,4039,321,0,0,0,0,50113,1764,6284,0,0,0,0,0
559,4306,560.2097988250432,99867,341,185,96,33,31159,15856,0.47077613225590037,121,71,16977,14594,13741,6477,18722,28638,46121,32942,0,0,10119,6943,18420,1820,4059,323,0,0,0,0,50143,1756,6284,0,0,0,0,0
560,4306,561.641248545473,99867,322,170,96,33,31208,15873,0.47143701122492915,117,70,17072,14712,13711,6460,18680,28553,46170,32999,0,0,10047,6929,18482,1818,4089,326,0,0,0,0,50149,1738,6289,0,0,0,0,0
561,4306,562.3587203695814,99867,301,175,96,33,31230,15886,0.4717874773448687,117,68,17101,14756,13700,6441,18683,28525,46218,33054,0,0,9979,6907,18535,1816,4098,330,0,0,0,0,50179,1729,6294,0,0,0,0,0
562,4306,563.0761225722475,99867,290,163,96,33,31251,15895,0.4720878768762454,109,66,17160,14815,13663,6434,18680,28487,46265,33108,0,0,9919,6884,18584,1812,4113,332,0,0,0,0,50201,1715,6307,0,0,0,0,0
563,4306,564.5113286852131,99867,268,147,96,33,31285,15913,0.4726085693972984,109,69,17278,14937,13614,6424,18633,28388,46311,33161,0,0,9867,6845,18677,1815,4124,336,0,0,0,0,50188,1701,6314,0,0,0,0,0
564,4306,565.2311826785407,99867,254,142,96,33,31299,15923,0.4728488890223998,104,67,17322,15001,13585,6403,18637,28352,46356,33213,0,0,9810,6814,18723,1813,4139,337,0,0,0,0,50218,1693,6320,0,0,0,0,0
565,4306,566.6708189381601,99867,233,132,96,33,31327,15942,0.47331951495489,102,63,17436,15099,13541,6393,18590,28278,46400,33264,0,0,9744,6796,18793,1812,4154,338,0,0,0,0,50224,1681,6325,0,0,0,0,0
566,4306,567.3923209032553,99866,238,126,96,34,31349,15948,0.473604630204474,90,66,17479,15140,13499,6374,18596,28258,46442,33314,0,0,9687,6780,18824,1803,4167,340,0,0,0,0,50259,1672,6334,0,0,0,0,0
567,4306,568.1142103155399,99866,234,122,96,34,31365,15959,0.47387499248993653,94,60,17505,15201,13463,6362,18606,28219,46483,33363,0,0,9638,6752,18869,1793,4186,340,0,0,0,0,50283,1668,6337,0,0,0,0,0
568,4306,569.5572871433523,99866,233,112,96,34,31405,15980,0.4744858109867222,74,50,17610,15347,13430,6353,18555,28102,46523,33411,0,0,9579,6731,18922,1795,4206,341,0,0,0,0,50296,1656,6340,0,0,0,0,0
569,4306,570.2806552174321,99866,220,110,96,34,31419,15991,0.4747361464362245,74,44,17639,15387,13411,6348,18558,28075,46563,33458,0,0,9522,6710,18963,1795,4218,342,0,0,0,0,50326,1648,6342,0,0,0,0,0
570,4306,571.0042320233947,99866,220,109,96,34,31436,15997,0.4749664550497667,66,47,17693,15429,13374,6332,18549,28047,46602,33504,0,0,9478,6680,19003,1791,4229,343,0,0,0,0,50356,1640,6346,0,0,0,0,0
571,4306,572.4518246246845,99866,204,94,96,34,31458,16007,0.4752868844251297,66,50,17835,15560,13315,6312,18482,27948,46640,33549,0,0,9426,6656,19059,1787,4249,343,0,0,0,0,50364,1635,6347,0,0,0,0,0
572,4306,573.1782185080672,99866,191,95,96,34,31465,16019,0.47547713936675146,73,47,17877,15619,13287,6292,18474,27911,46677,33593,0,0,9380,6635,19096,1782,4262,345,0,0,0,0,50390,1627,6349,0,0,0,0,0
573,4306,574.6321962324225,99866,180,93,96,34,31492,16043,0.4759878236837362,68,35,17988,15785,13251,6271,18415,27780,46713,33636,0,0,9319,6620,19133,1781,4287,346,0,0,0,0,50415,1623,6342,0,0,0,0,0
574,4306,575.3616222209299,99866,173,87,96,34,31501,16047,0.4761179981174774,72,35,18035,15835,13218,6260,18404,27747,46748,33678,0,0,9276,6600,19165,1776,4296,349,0,0,0,0,50441,1615,6348,0,0,0,0,0
575,4306,576.0913014420397,99866,172,79,96,34,31517,16051,0.4763182664770793,69,33,18059,15903,13194,6248,18408,27701,46782,33719,0,0,9229,6588,19196,1772,4301,353,0,0,0,0,50467,1604,6356,0,0,0,0,0
576,4306,577.5515471390713,99866,159,74,96,34,31538,16058,0.4765986421805219,71,47,18184,16048,13137,6230,18351,27565,46815,33760,0,0,9181,6575,19244,1763,4315,353,0,0,0,0,50476,1598,6361,0,0,0,0,0
577,4306,578.2835183024598,99866,159,76,96,34,31550,16066,0.47679891054012374,68,43,18243,16100,13095,6213,18337,27532,46848,33800,0,0,9142,6554,19277,1760,4322,353,0,0,0,0,50501,1588,6369,0,0,0,0,0
578,4306,579.0159233145247,99866,147,78,96,34,31557,16072,0.476929084973865,67,44,18286,16153,13077,6198,18325,27491,46880,33839,0,0,9093,6544,19300,1758,4328,355,0,0,0,0,50533,1580,6375,0,0,0,0,0
579,4306,580.482476176532,99866,133,79,96,34,31570,16089,0.47722948751326777,75,44,18385,16284,13017,6171,18292,27386,46911,33877,0,0,9051,6524,19343,1757,4339,356,0,0,0,0,50546,1572,6378,0,0,0,0,0
580,4306,581.2149766716985,99865,132,78,97,34,31582,16093,0.47739448255144445,72,44,18439,16332,12977,6152,18281,27358,46941,33914,0,0,9005,6506,19369,1759,4341,357,0,0,0,0,50579,1568,6381,0,0,0,0,0
581,4306,582.6752893035373,99865,129,80,97,34,31604,16109,0.47777499624493064,69,37,18553,16468,12931,6129,18219,27250,46971,33951,0,0,8958,6488,19410,1759,4349,358,0,0,0,0,50597,1566,6380,0,0,0,0,0
582,4306,583.4019886457038,99865,127,78,97,34,31613,16118,0.4779552395734241,66,36,18596,16530,12895,6123,18217,27197,47000,33987,0,0,8918,6471,19442,1756,4353,360,0,0,0,0,50620,1561,6384,0,0,0,0,0
583,4306,584.1266633259361,99865,131,72,97,34,31628,16121,0.4781354829019176,67,38,18633,16570,12867,6112,18203,27172,47028,34022,0,0,8878,6457,19468,1755,4358,361,0,0,0,0,50645,1554,6389,0,0,0,0,0
584,4306,585.571298886922,99865,131,72,97,34,31653,16133,0.47850598307715414,60,37,18750,16708,12817,6085,18143,27062,47056,34056,0,0,8833,6444,19490,1755,4374,361,0,0,0,0,50669,1550,6389,0,0,0,0,0
585,4306,586.2898635930285,99865,130,67,97,34,31663,16139,0.47866619936914834,56,35,18807,16780,12774,6069,18134,27013,47083,34090,0,0,8793,6429,19514,1752,4382,363,0,0,0,0,50696,1547,6389,0,0,0,0,0
586,4306,587.0069983349013,99865,129,65,97,34,31674,16143,0.4788164021428929,55,35,18854,16845,12742,6055,18121,26964,47110,34123,0,0,8758,6415,19539,1750,4387,365,0,0,0,0,50718,1540,6393,0,0,0,0,0
587,4306,588.4352851852007,99865,114,61,97,34,31699,16154,0.47917688879987985,45,28,18958,16981,12720,6042,18064,26852,47136,34155,0,0,8721,6396,19585,1749,4403,366,0,0,0,0,50718,1538,6389,0,0,0,0,0
588,4306,589.1465242093913,99865,113,61,97,34,31703,16159,0.47926701046412656,48,27,19017,17033,12678,6020,18045,26823,47161,34187,0,0,8687,6379,19604,1746,4409,367,0,0,0,0,50746,1536,6391,0,0,0,0,0
589,4306,590.5634691097672,99865,108,60,97,34,31718,16169,0.4795173484203675,44,19,19130,17168,12626,5996,17993,26721,47186,34218,0,0,8662,6358,19640,1742,4419,368,0,0,0,0,50750,1528,6398,0,0,0,0,0
590,4306,591.2683105149459,99865,108,61,97,34,31720,16170,0.4795473889751164,45,19,19128,17167,12609,5988,18011,26729,47210,34249,0,0,8634,6341,19657,1736,4426,368,0,0,0,0,50777,1524,6402,0,0,0,0,0
591,4306,592.6615476000788,99865,109,54,97,34,31743,16174,0.4798177539678566,43,25,19254,17363,12551,5953,17944,26569,47234,34279,0,0,8608,6315,19688,1738,4436,370,0,0,0,0,50787,1519,6404,0,0,0,0,0
592,4306,593.3611460917787,99865,99,61,97,34,31747,16187,0.4799879837781004,46,17,19309,17415,12520,5938,17927,26533,47257,34308,0,0,8574,6306,19709,1734,4444,371,0,0,0,0,50807,1514,6406,0,0,0,0,0
593,4306,594.0598948238688,99865,96,58,97,34,31749,16188,0.48001802433284935,46,18,19318,17440,12503,5925,17938,26523,47280,34337,0,0,8546,6285,19735,1733,4447,371,0,0,0,0,50828,1512,6408,0,0,0,0,0
594,4306,595.3918112462013,99865,93,54,97,34,31767,16196,0.4802783758073399,46,23,19461,17621,12438,5898,17863,26368,47302,34365,0,0,8517,6267,19760,1735,4455,373,0,0,0,0,50838,1507,6413,0,0,0,0,0
595,4306,596.0846261596578,99865,86,51,97,34,31773,16204,0.4804185650628348,51,20,19507,17673,12409,5896,17848,26324,47324,34393,0,0,8481,6263,19772,1729,4468,374,0,0,0,0,50859,1503,6416,0,0,0,0,0
596,4306,597.465869035507,99865,90,42,97,34,31795,16208,0.48067891653732536,37,19,19640,17783,12351,5883,17783,26237,47345,34420,0,0,8455,6246,19802,1725,4480,375,0,0,0,0,50866,1500,6416,0,0,0,0,0
597,4306,598.1531771115235,99865,89,42,97,34,31795,16209,0.480688930055575,37,18,19634,17782,12339,5876,17802,26246,47366,34447,0,0,8428,6234,19814,1722,4484,375,0,0,0,0,50892,1494,6422,0,0,0,0,0
598,4306,599.1290469098252,99865,85,48,97,34,31801,16217,0.4808291193110699,38,12,19712,17851,12304,5855,17762,26198,47386,34473,0,0,8399,6222,19834,1720,4485,377,0,0,0,0,50912,1491,6425,0,0,0,0,0
599,4306,600.4615172196822,99864,74,41,98,34,31816,16222,0.48103420652086837,38,16,19891,18067,12230,5815,17667,26025,47406,34499,0,0,8370,6205,19864,1722,4495,377,0,0,0,0,50915,1488,6428,0,0,0,0,0
600,4306,601.1398541038667,99864,74,42,98,34,31816,16223,0.4810442201393896,39,15,19879,18058,12218,5806,17690,26043,47425,34524,0,0,8353,6183,19886,1719,4498,377,0,0,0,0,50932,1486,6430,0,0,0,0,0
601,4306,602.038997797143,99864,75,40,98,34,31828,16230,0.4812344788912922,35,11,19968,18157,12173,5789,17649,25967,47444,34549,0,0,8328,6166,19912,1718,4506,377,0,0,0,0,50944,1485,6428,0,0,0,0,0
602,4306,603.4669386591298,99864,72,32,98,34,31844,16232,0.48141472402467356,30,15,20158,18318,12114,5761,17526,25838,47463,34573,0,0,8299,6153,19936,1720,4515,377,0,0,0,0,50955,1482,6427,0,0,0,0,0
603,4306,604.1367643410958,99864,72,32,98,34,31845,16233,0.4814347512617159,29,14,20157,18322,12098,5756,17544,25840,47481,34597,0,0,8280,6136,19951,1716,4521,377,0,0,0,0,50974,1480,6429,0,0,0,0,0
604,4306,605.0982903531152,99864,70,29,98,34,31857,16238,0.48160498277657615,27,17,20294,18469,12030,5727,17479,25722,47499,34620,0,0,8254,6126,19973,1715,4528,377,0,0,0,0,50985,1475,6431,0,0,0,0,0
605,4306,606.3200964122758,99864,76,29,98,34,31870,16241,0.4817652006729152,23,19,20377,18588,11994,5699,17430,25629,47516,34643,0,0,8234,6113,19990,1710,4536,377,0,0,0,0,50998,1473,6433,0,0,0,0,0
606,4306,607.5546874507631,99864,76,28,98,34,31875,16243,0.4818352960025635,22,19,20419,18638,11964,5687,17419,25592,47533,34665,0,0,8216,6099,20012,1708,4538,377,0,0,0,0,51008,1468,6438,0,0,0,0,0
607,4306,608.1177969148468,99864,73,33,98,34,31879,16251,0.48195545942481777,24,13,20470,18711,11942,5662,17391,25545,47550,34687,0,0,8197,6087,20029,1706,4543,377,0,0,0,0,51020,1462,6443,0,0,0,0,0
608,4306,609.500731539059,99863,67,31,98,35,31886,16256,0.482080450216797,27,12,20581,18839,11892,5640,17333,25441,47566,34709,0,0,8170,6077,20049,1705,4549,377,0,0,0,0,51032,1462,6442,0,0,0,0,0
609,4306,610.258046432739,99863,67,29,98,35,31897,16257,0.482200614842334,20,12,20662,18909,11866,5624,17285,25389,47582,34730,0,0,8149,6071,20066,1702,4554,377,0,0,0,0,51041,1455,6448,0,0,0,0,0
610,4306,611.5391989371559,99863,57,25,98,35,31906,16260,0.482320779467871,24,15,20775,19047,11819,5599,17225,25277,47598,34751,0,0,8122,6066,20075,1702,4567,377,0,0,0,0,51055,1450,6449,0,0,0,0,0
611,4306,612.5870331292977,99863,59,24,98,35,31914,16262,0.4824209166558185,22,13,20830,19115,11790,5588,17199,25223,47613,34771,0,0,8100,6059,20089,1700,4570,377,0,0,0,0,51069,1446,6453,0,0,0,0,0
612,4306,613.3197555659261,99863,51,22,98,35,31918,16265,0.4824910126873817,22,14,20910,19203,11746,5575,17171,25149,47628,34791,0,0,8074,6054,20101,1699,4575,378,0,0,0,0,51083,1444,6455,0,0,0,0,0
613,4306,614.3122409232626,99863,48,20,98,35,31924,16266,0.482561108718945,23,15,21009,19303,11710,5558,17110,25067,47643,34811,0,0,8058,6040,20122,1698,4576,380,0,0,0,0,51090,1441,6458,0,0,0,0,0
614,4306,615.0566669901958,99863,45,17,98,35,31925,16267,0.4825811361565345,24,14,21028,19316,11697,5557,17106,25059,47657,34830,0,0,8036,6032,20136,1696,4580,380,0,0,0,0,51106,1440,6457,0,0,0,0,0
615,4306,616.101057218815,99863,44,19,98,35,31931,16271,0.48268127334448196,18,12,21127,19398,11655,5540,17056,24994,47671,34849,0,0,8016,6025,20152,1693,4583,380,0,0,0,0,51117,1437,6460,0,0,0,0,0
616,4306,617.0651492419236,99863,45,22,98,35,31936,16275,0.4827713968136347,16,8,21192,19493,11617,5516,17030,24924,47685,34868,0,0,7994,6018,20159,1692,4585,381,0,0,0,0,51138,1434,6462,0,0,0,0,0
617,4306,618.2296707451723,99863,40,19,98,35,31940,16275,0.4828114516888137,13,10,21309,19610,11580,5493,16958,24831,47699,34886,0,0,7971,6012,20176,1692,4584,382,0,0,0,0,51150,1431,6465,0,0,0,0,0
618,4306,619.2369772337154,99863,38,20,98,35,31944,16277,0.48287153400158217,15,9,21391,19704,11547,5470,16909,24760,47712,34904,0,0,7957,5999,20187,1692,4589,382,0,0,0,0,51162,1427,6468,0,0,0,0,0
619,4306,620.1203671307259,99863,40,20,98,35,31949,16280,0.48295164375194016,11,7,21450,19764,11513,5454,16886,24718,47725,34922,0,0,7942,5988,20201,1689,4593,383,0,0,0,0,51173,1426,6468,0,0,0,0,0
620,4306,621.3214062065807,99863,34,18,98,35,31952,16282,0.4830017123459139,10,8,21544,19886,11462,5434,16850,24617,47738,34939,0,0,7925,5979,20217,1686,4597,384,0,0,0,0,51181,1424,6470,0,0,0,0,0
621,4306,622.2247671858303,99863,28,17,98,35,31954,16284,0.4830417672210929,9,6,21632,19981,11419,5411,16812,24548,47751,34956,0,0,7902,5976,20221,1684,4602,386,0,0,0,0,51199,1423,6470,0,0,0,0,0
622,4306,623.2473257728943,99863,28,16,98,35,31957,16285,0.4830818220962719,6,5,21732,20092,11375,5391,16759,24459,47763,34973,0,0,7887,5968,20234,1681,4605,386,0,0,0,0,51209,1420,6473,0,0,0,0,0
623,4306,624.0529791147537,99863,28,18,98,35,31959,16287,0.48312187697145087,5,3,21771,20138,11342,5379,16754,24425,47775,34989,0,0,7868,5963,20238,1677,4609,387,0,0,0,0,51228,1420,6473,0,0,0,0,0
624,4306,625.4396086662533,99863,27,13,98,35,31963,16287,0.48316193184662987,7,5,21900,20285,11288,5359,16678,24301,47787,35005,0,0,7856,5955,20255,1676,4610,388,0,0,0,0,51231,1414,6478,0,0,0,0,0
625,4306,626.2529237707068,99863,28,14,98,35,31966,16288,0.48320198672180886,6,6,21975,20359,11246,5338,16645,24246,47799,35021,0,0,7836,5948,20262,1676,4611,388,0,0,0,0,51250,1413,6479,0,0,0,0,0
626,4306,627.0096428395789,99863,27,13,98,35,31967,16289,0.48322201415939836,7,7,22042,20425,11211,5322,16613,24196,47810,35036,0,0,7826,5940,20273,1672,4615,388,0,0,0,0,51257,1408,6484,0,0,0,0,0
627,4306,628.0480386854202,99863,28,15,98,35,31970,16292,0.48328209647216686,5,4,22102,20481,11187,5309,16578,24154,47821,35051,0,0,7818,5930,20284,1668,4620,388,0,0,0,0,51263,1404,6488,0,0,0,0,0
628,4306,629.1972473266375,99863,21,15,98,35,31971,16295,0.48332215134734585,6,2,22229,20621,11131,5277,16513,24048,47832,35066,0,0,7798,5926,20295,1667,4623,388,0,0,0,0,51274,1403,6489,0,0,0,0,0
629,4306,630.0188289595529,99863,23,15,98,35,31976,16296,0.48338223366011435,26,27,22247,20668,11106,5259,16498,23994,47843,35081,0,0,7777,5924,20300,1666,4624,388,0,0,0,1,51291,1401,6491,0,0,0,0,0
630,4306,631.3199527809022,99863,25,24,98,35,31982,16306,0.48354245316083033,25,19,22346,20808,11061,5227,16443,23885,47853,35095,0,0,7763,5917,20307,1665,4624,389,0,0,0,5,51301,1399,6493,0,0,0,0,0
631,4306,632.1424521100583,99863,26,24,98,35,31985,16310,0.4836125491923936,29,16,22395,20886,11030,5216,16420,23821,47863,35109,0,0,7750,5910,20314,1662,4627,389,0,0,0,11,51308,1398,6494,0,0,0,0,0
632,4306,633.1288822127335,99863,33,26,98,35,31992,16315,0.48373271381793054,28,13,22460,20940,10994,5207,16385,23777,47873,35123,0,0,7738,5905,20318,1658,4632,389,0,0,0,13,51318,1395,6497,0,0,0,0,0
633,4306,634.2873334618522,99863,29,30,98,35,31997,16321,0.4838428647246728,31,12,22559,21046,10955,5189,16326,23686,47883,35137,0,0,7726,5897,20321,1656,4638,390,1,0,0,17,51325,1392,6500,0,0,0,0,0
634,4306,635.2154705978518,99863,30,28,98,35,32001,16325,0.4839229744750308,36,15,22647,21161,10907,5152,16280,23607,47893,35150,0,0,7717,5891,20322,1651,4648,391,1,0,0,20,51331,1390,6501,0,0,0,0,0
635,4306,636.1696096347438,99863,37,28,98,35,32015,16329,0.4841032214133363,34,15,22730,21236,10865,5132,16234,23552,47903,35163,0,0,7704,5881,20328,1651,4654,391,2,0,0,23,51340,1388,6501,0,0,0,0,0
636,4306,637.1471060366667,99863,41,31,98,35,32022,16334,0.48422338603887327,35,17,22778,21288,10843,5129,16203,23498,47912,35176,0,0,7692,5874,20333,1650,4657,391,3,0,0,25,51349,1385,6504,0,0,0,0,0
637,4306,638.118887628387,99863,36,32,98,35,32027,16339,0.48432352322682076,41,15,22855,21365,10819,5116,16149,23435,47921,35189,0,0,7674,5869,20337,1649,4660,391,6,0,0,32,51357,1382,6506,0,0,0,0,0
638,4306,639.0873733810241,99863,44,32,98,35,32042,16344,0.48452379760271574,37,16,22924,21445,10792,5101,16103,23369,47930,35201,0,0,7658,5862,20340,1650,4663,392,7,0,0,37,51367,1382,6505,0,0,0,0,0
639,4306,640.0151794477358,99863,50,34,98,35,32056,16349,0.48471405825981595,41,21,23029,21537,10760,5079,16020,23292,47939,35213,0,0,7646,5854,20343,1650,4668,393,8,0,0,40,51375,1380,6506,0,0,0,0,0
640,4306,641.124662457272,99863,53,29,98,35,32064,16354,0.48484423660414766,45,18,23087,21615,10732,5069,15983,23232,47948,35225,0,0,7636,5844,20350,1651,4671,394,8,0,0,49,51376,1378,6506,0,0,0,0,0
641,4306,642.2501638881115,99863,61,27,98,35,32084,16360,0.48510459329281114,48,16,23205,21721,10678,5048,15908,23151,47956,35237,0,0,7622,5840,20352,1648,4679,394,10,0,0,62,51375,1377,6504,0,0,0,0,0
642,4306,643.125311982858,99863,58,30,98,35,32087,16364,0.4851746893243744,53,17,23242,21777,10661,5039,15886,23100,47964,35249,0,0,7610,5833,20355,1648,4683,394,10,0,0,65,51384,1376,6505,0,0,0,0,0
643,4306,644.0018603787175,99863,61,34,98,35,32100,16370,0.4853649499814746,54,17,23319,21844,10629,5027,15837,23041,47972,35260,0,0,7599,5828,20354,1646,4691,395,10,0,0,69,51391,1375,6505,0,0,0,0,0
644,4306,645.0166159617413,99863,73,31,98,35,32118,16373,0.4855752380761644,58,18,23406,21952,10591,5012,15772,22950,47980,35271,0,0,7585,5825,20355,1645,4694,395,11,0,0,78,51395,1373,6507,0,0,0,0,0
645,4306,646.110888745473,99863,73,32,98,35,32131,16379,0.4857654987332646,66,24,23481,22047,10558,4998,15722,22862,47988,35282,0,0,7570,5819,20359,1645,4697,395,15,0,0,89,51395,1371,6508,0,0,0,0,0
646,4306,647.0552589213085,99863,77,42,98,35,32146,16390,0.48602585542192805,66,22,23558,22129,10533,4977,15666,22793,47996,35293,0,0,7557,5814,20363,1646,4701,395,16,0,0,95,51401,1368,6507,0,0,0,0,0
647,4306,648.3093467397549,99863,81,44,98,35,32170,16396,0.48632626698577053,66,35,23674,22248,10483,4954,15596,22682,48004,35304,0,0,7544,5804,20365,1648,4709,395,19,0,0,106,51400,1367,6506,0,0,0,0,0
648,4306,649.2459691150528,99863,83,51,98,35,32185,16414,0.4866567197059972,77,28,23729,22335,10455,4939,15556,22610,48011,35315,0,0,7535,5793,20369,1649,4717,395,19,0,0,120,51395,1367,6504,0,0,0,0,0
649,4306,650.1802306249486,99863,93,54,98,35,32206,16421,0.4869371038322502,79,38,23793,22405,10420,4925,15515,22541,48018,35325,0,0,7526,5784,20374,1647,4722,397,21,0,0,125,51397,1367,6503,0,0,0,0,0
650,4306,651.1117230932293,99863,102,57,98,35,32231,16431,0.4872875839900664,78,38,23879,22471,10385,4916,15456,22481,48025,35335,0,0,7513,5773,20376,1647,4731,397,28,0,0,131,51397,1366,6504,0,0,0,0,0
651,4306,652.0398312869199,99863,103,59,98,35,32250,16443,0.4875980092727036,76,40,23946,22538,10362,4906,15413,22420,48032,35345,0,0,7499,5771,20369,1644,4746,399,30,0,0,140,51400,1365,6500,0,0,0,0,0
652,4306,653.2728982917937,99863,109,66,98,35,32269,16460,0.48795850314931455,82,44,24021,22617,10326,4895,15362,22341,48039,35355,0,0,7484,5767,20369,1645,4751,400,34,0,0,151,51400,1362,6500,0,0,0,0,0
653,4306,654.1950613115719,99863,115,63,98,35,32289,16466,0.488218859837978,86,48,24076,22696,10295,4889,15328,22267,48046,35365,0,0,7468,5763,20365,1646,4761,400,39,0,0,158,51404,1359,6500,0,0,0,0,0
654,4306,655.1151112443464,99863,111,58,98,35,32305,16471,0.48842914793266773,94,59,24120,22766,10283,4886,15292,22194,48053,35375,0,0,7457,5759,20361,1645,4774,400,42,0,0,172,51398,1354,6501,0,0,0,0,0
655,4306,656.0333558957486,99863,113,67,98,35,32325,16486,0.488779628090484,101,51,24161,22829,10270,4880,15255,22136,48060,35384,0,0,7443,5751,20361,1648,4779,400,48,0,0,182,51396,1351,6504,0,0,0,0,0
656,4306,657.2547565940316,99863,121,67,98,35,32354,16499,0.48920020427986344,111,53,24239,22930,10242,4870,15187,22043,48066,35393,0,0,7430,5745,20360,1650,4789,400,51,0,0,201,51387,1350,6500,0,0,0,0,0
657,4306,658.1681695324189,99863,123,71,98,35,32373,16507,0.48947057468732164,115,55,24290,22989,10222,4856,15150,21992,48072,35402,0,0,7424,5735,20361,1653,4797,400,52,0,0,210,51383,1347,6501,0,0,0,0,0
658,4306,659.079439436767,99863,137,72,98,35,32399,16518,0.4898410822827273,115,60,24356,23062,10185,4851,15107,21918,48078,35411,0,0,7415,5727,20365,1653,4803,400,56,0,0,220,51377,1344,6503,0,0,0,0,0
659,4306,660.2906229945238,99863,136,82,98,35,32428,16541,0.4903617956600543,117,64,24428,23151,10166,4840,15053,21826,48084,35420,0,0,7405,5717,20359,1653,4819,401,60,0,0,240,51363,1344,6502,0,0,0,0,0
660,4306,661.1967326809386,99863,142,87,98,35,32453,16553,0.49073230325545997,110,65,24490,23233,10143,4823,15015,21755,48090,35429,0,0,7394,5710,20358,1655,4827,402,62,0,0,252,51360,1343,6500,0,0,0,0,0
661,4306,662.1005269602022,99862,144,85,99,35,32471,16562,0.4910075904748553,125,69,24542,23291,10119,4816,14969,21702,48096,35438,0,0,7382,5705,20357,1658,4834,402,64,0,0,266,51355,1340,6499,0,0,0,0,0
662,4306,663.0023209693285,99862,146,92,99,35,32498,16582,0.4914782399711602,132,70,24574,23355,10113,4811,14934,21635,48102,35446,0,0,7369,5699,20358,1658,4842,403,70,0,0,287,51341,1338,6497,0,0,0,0,0
663,4306,664.2019771280388,99862,165,101,99,35,32547,16605,0.492199234944223,139,62,24640,23440,10091,4807,14864,21553,48108,35454,0,0,7360,5692,20350,1660,4858,404,72,0,0,308,51327,1335,6496,0,0,0,0,0
664,4306,665.0994502524343,99861,179,106,99,36,32579,16623,0.4927048597550595,148,72,24690,23506,10069,4804,14813,21474,48114,35462,0,0,7352,5688,20348,1659,4868,404,73,0,0,326,51316,1331,6496,0,0,0,0,0
665,4306,666.2928528190816,99861,181,108,99,36,32620,16642,0.4933056949159331,165,85,24749,23593,10063,4793,14741,21383,48120,35470,0,0,7340,5678,20350,1664,4872,407,81,0,0,359,51287,1326,6497,0,0,0,0,0
666,4306,667.1857083668825,99861,207,112,99,36,32661,16658,0.4938764883187631,167,88,24794,23661,10042,4790,14689,21311,48125,35478,0,0,7329,5675,20349,1663,4879,407,85,0,0,375,51278,1323,6498,0,0,0,0,0
667,4306,668.0767266543972,99861,214,120,99,36,32688,16676,0.4943271146894183,186,94,24831,23728,10024,4788,14644,21232,48130,35486,0,0,7319,5666,20345,1671,4884,409,88,0,0,386,51274,1319,6500,0,0,0,0,0
668,4306,669.2622512303125,99861,242,125,99,36,32749,16701,0.49518831175333716,194,101,24873,23801,10010,4792,14580,21143,48135,35494,0,0,7305,5659,20344,1675,4895,409,94,0,0,416,51252,1315,6497,0,0,0,0,0
669,4306,670.1495059522703,99859,267,137,100,37,32794,16726,0.4958992178972351,209,105,24912,23857,9979,4785,14531,21077,48140,35502,0,0,7291,5654,20346,1677,4901,409,100,0,0,431,51244,1310,6496,0,0,0,0,0
670,4306,671.0350429473525,99859,286,145,100,37,32844,16748,0.49662023453068826,229,119,24947,23904,9969,4784,14467,21009,48145,35509,0,0,7276,5650,20339,1677,4914,410,108,0,0,453,51229,1309,6494,0,0,0,0,0
671,4306,672.2131890910408,99859,303,141,100,37,32922,16784,0.49776184420032243,226,121,24983,23971,9984,4798,14402,20930,48150,35516,0,0,7258,5639,20322,1684,4936,415,119,0,0,503,51186,1307,6490,0,0,0,0,0
672,4306,673.0955245899586,99858,316,149,100,38,32980,16813,0.4986380660537964,243,128,25009,24024,9987,4799,14343,20860,48155,35523,0,0,7240,5630,20309,1688,4956,416,130,0,0,530,51166,1306,6487,0,0,0,0,0
673,4306,674.2698678139776,99858,344,147,100,38,33052,16845,0.49967954495383443,252,128,25044,24098,9969,4821,14289,20766,48160,35530,0,0,7226,5622,20300,1690,4976,417,136,0,0,575,51129,1305,6482,0,0,0,0,0
674,4306,675.1491974517273,99858,355,171,100,38,33107,16884,0.5006208816519457,257,127,25084,24133,9962,4818,14240,20711,48165,35537,0,0,7215,5613,20289,1693,4997,418,142,0,0,600,51109,1302,6480,0,0,0,0,0
675,4306,676.0267908702849,99858,366,181,100,38,33153,16913,0.5013719481663963,272,127,25110,24193,9965,4818,14185,20641,48170,35544,0,0,7203,5607,20283,1695,5014,418,149,0,0,624,51090,1295,6480,0,0,0,0,0
676,4306,677.1951591038899,99858,384,188,100,38,33242,16947,0.5026036972500951,295,142,25146,24259,9980,4828,14093,20543,48175,35551,0,0,7186,5589,20275,1707,5030,422,160,0,0,674,51046,1294,6475,0,0,0,0,0
677,4306,678.0698802439155,99857,392,204,101,38,33311,16985,0.5036802627757694,314,141,25172,24302,9986,4830,14033,20483,48180,35558,0,0,7166,5581,20265,1712,5052,424,170,0,0,710,51019,1290,6468,0,0,0,0,0
678,4306,679.2341122519459,99856,417,197,101,39,33409,17018,0.5049971959621855,314,159,25207,24361,10002,4841,13957,20401,48184,35565,0,0,7147,5578,20240,1715,5076,432,181,0,0,768,50969,1287,6463,0,0,0,0,0
679,4306,680.1060273962399,99856,441,217,101,39,33479,17057,0.5060887678256689,326,155,25230,24410,9993,4843,13907,20334,48188,35571,0,0,7129,5568,20230,1725,5088,437,192,0,0,790,50954,1284,6459,0,0,0,0,0
680,4306,681.266640964507,99856,464,237,101,39,33572,17108,0.507530844415959,339,171,25245,24467,10014,4846,13835,20238,48192,35577,0,0,7115,5554,20220,1733,5108,439,201,0,0,847,50902,1282,6455,0,0,0,0,0
681,4306,682.1360185955293,99856,495,252,101,39,33657,17145,0.5087526037493991,337,174,25271,24521,10018,4850,13776,20162,48196,35583,0,0,7108,5539,20209,1746,5130,441,205,0,0,877,50873,1276,6452,0,0,0,0,0
682,4306,683.004329707026,99856,518,259,101,39,33739,17177,0.5098942477167121,366,188,25268,24585,10024,4854,13721,20073,48200,35589,0,0,7093,5522,20197,1758,5154,441,215,0,0,913,50842,1274,6447,0,0,0,0,0
683,4306,684.1611751111999,99854,547,270,103,39,33863,17222,0.5115969315200193,370,214,25279,24633,10057,4866,13642,19976,48204,35595,0,0,7072,5510,20175,1765,5186,446,229,0,0,973,50788,1271,6439,0,0,0,0,0
684,4306,685.0279197762561,99854,564,271,103,39,33952,17262,0.5128888176738038,410,232,25299,24678,10067,4888,13555,19890,48208,35601,0,0,7059,5493,20163,1776,5208,452,237,0,0,1028,50738,1269,6431,0,0,0,0,0
685,4306,686.1817945750397,99853,601,274,104,39,34089,17325,0.5148968984407079,427,241,25298,24713,10093,4924,13475,19807,48212,35607,0,0,7042,5479,20138,1793,5241,459,250,0,0,1106,50661,1259,6425,0,0,0,0,0
686,4306,687.0463720723329,99853,619,287,104,39,34166,17381,0.5162288564189358,455,242,25308,24747,10103,4945,13409,19738,48216,35613,0,0,7032,5468,20122,1801,5268,460,255,0,0,1166,50606,1257,6418,0,0,0,0,0
687,4306,688.1980323955488,99853,654,316,104,39,34302,17447,0.5182518301903799,490,257,25302,24804,10138,4948,13310,19634,48220,35619,0,0,7002,5449,20100,1817,5297,463,278,0,0,1228,50551,1255,6413,0,0,0,0,0
688,4306,689.0610590563205,99853,669,347,104,39,34392,17513,0.5198141267663465,527,244,25318,24835,10155,4966,13225,19567,48224,35625,0,0,6990,5440,20075,1826,5336,465,287,0,0,1276,50506,1247,6405,0,0,0,0,0
689,4306,690.2103749206775,99853,733,352,104,39,34548,17579,0.5220373949706067,565,277,25290,24887,10162,4998,13144,19445,48228,35631,0,0,6969,5426,20041,1841,5381,466,302,0,0,1347,50439,1239,6402,0,0,0,0,0
690,4306,691.0719108772001,99852,790,372,105,39,34683,17635,0.5239554540720266,570,291,25271,24919,10177,5014,13085,19363,48232,35636,0,0,6953,5415,20017,1849,5414,470,314,0,0,1395,50393,1234,6398,0,0,0,0,0
691,4306,692.2204092228725,99852,811,390,105,39,34838,17716,0.5263189520490326,628,317,25236,24959,10233,5045,12985,19248,48236,35641,0,0,6936,5395,19977,1864,5470,474,327,0,0,1492,50299,1228,6390,0,0,0,0,0
692,4306,693.0820529806276,99852,849,394,105,39,34976,17778,0.5283219164363258,664,335,25182,24971,10274,5084,12924,19175,48240,35646,0,0,6917,5378,19947,1874,5511,481,340,0,0,1567,50230,1227,6380,0,0,0,0,0
693,4306,694.2319697288715,99851,897,433,105,40,35171,17885,0.5313517140539403,688,332,25139,25003,10333,5125,12836,19065,48244,35651,0,0,6896,5360,19909,1888,5565,490,357,0,0,1671,50130,1220,6365,0,0,0,0,0
694,4306,695.0948819875161,99851,919,448,105,40,35304,17963,0.5334648626453415,736,359,25102,25014,10386,5157,12750,18980,48248,35656,0,0,6868,5344,19882,1901,5602,497,380,0,0,1750,50053,1215,6359,0,0,0,0,0
695,4306,696.2459293569733,99849,968,462,107,40,35505,18064,0.5365001151739126,759,376,25068,25043,10464,5212,12632,18865,48251,35661,0,0,6848,5317,19834,1920,5677,504,398,0,0,1851,49948,1212,6340,0,0,0,0,0
696,4306,697.1094374638928,99849,1004,501,107,40,35658,18152,0.5389137597772636,804,378,25031,25047,10509,5248,12543,18784,48254,35666,0,0,6831,5301,19805,1931,5729,506,412,0,0,1927,49872,1206,6329,0,0,0,0,0
697,4306,698.2614175003301,99848,1066,542,108,40,35892,18273,0.5424745613332265,820,398,24980,25060,10588,5291,12436,18667,48257,35671,0,0,6810,5279,19755,1949,5804,512,430,0,0,2044,49753,1198,6314,0,0,0,0,0
698,4306,699.1260733272416,99846,1107,560,109,41,36072,18361,0.5451695611241312,866,412,24897,25076,10656,5334,12363,18575,48260,35676,0,0,6780,5263,19720,1958,5860,517,456,0,0,2144,49653,1196,6299,0,0,0,0,0
699,4306,700.2810229034538,99846,1155,592,109,41,36319,18469,0.5487250365562967,910,434,24835,25110,10751,5369,12238,18452,48263,35681,0,0,6748,5236,19668,1986,5921,534,483,0,0,2259,49539,1187,6285,0,0,0,0,0
700,4306,701.1480529925627,99846,1209,634,109,41,36514,18580,0.5517897562245858,946,447,24771,25104,10823,5415,12140,18357,48266,35686,0,0,6719,5220,19626,1996,5978,542,506,0,0,2349,49453,1181,6276,0,0,0,0,0
701,4306,702.0160640810465,99844,1281,657,110,42,36727,18677,0.5549056528183967,946,472,24732,25097,10884,5461,12045,18269,48269,35691,0,0,6688,5207,19576,2007,6036,549,530,0,0,2448,49354,1179,6270,0,0,0,0,0
702,4306,703.1741904623976,99844,1367,673,110,42,37015,18816,0.5591823244261047,1018,497,24607,25105,10998,5545,11898,18136,48272,35696,0,0,6649,5181,19514,2030,6120,558,561,0,0,2608,49199,1176,6248,0,0,0,0,0
703,4306,704.0450217425074,99844,1415,714,110,42,37244,18933,0.5626477304595169,1056,511,24519,25092,11092,5594,11806,18045,48275,35701,0,0,6616,5159,19472,2044,6181,571,589,0,0,2721,49084,1174,6233,0,0,0,0,0
704,4306,705.2094662120797,99844,1463,731,110,42,37548,19084,0.5672048395496976,1107,598,24395,25054,11258,5685,11665,17888,48278,35706,0,0,6576,5130,19405,2071,6279,587,624,0,0,2904,48900,1164,6204,0,0,0,0,0
705,4306,706.0851188371347,99844,1534,750,110,42,37794,19212,0.5709506830655823,1168,609,24271,25052,11352,5756,11563,17789,48281,35710,0,0,6543,5109,19356,2092,6356,591,648,0,0,3047,48760,1161,6181,0,0,0,0,0
706,4306,707.256615329802,99843,1669,785,111,42,38159,19373,0.5762246727361958,1207,646,24154,25049,11432,5833,11425,17643,48284,35714,0,0,6505,5083,19300,2110,6428,613,681,0,0,3224,48585,1159,6155,0,0,0,0,0
707,4306,708.1372400045361,99843,1701,824,111,42,38412,19505,0.5800807267409833,1275,658,24015,25043,11569,5895,11327,17536,48287,35718,0,0,6472,5062,19248,2131,6505,625,707,0,0,3374,48434,1152,6133,0,0,0,0,0
708,4306,709.0213613275747,99841,1764,855,111,44,38699,19642,0.5843390991676766,1305,690,23899,25023,11693,5966,11226,17420,48290,35722,0,0,6441,5030,19178,2164,6587,637,733,0,0,3523,48284,1143,6121,0,0,0,0,0
709,4306,710.2046173165285,99839,1898,901,113,44,39098,19850,0.5904305932551408,1378,742,23704,24981,11807,6087,11098,17243,48293,35726,0,0,6392,4999,19103,2194,6699,650,773,0,0,3717,48087,1134,6091,0,0,0,0,0
710,4306,711.0958222416721,99837,1947,963,115,44,39400,20018,0.5951500946542865,1444,767,23585,24940,11948,6159,10959,17125,48296,35730,0,0,6348,4972,19041,2215,6792,660,813,0,0,3888,47914,1131,6063,0,0,0,0,0
711,4306,712.2888962496016,99836,2059,1037,116,44,39873,20254,0.602257702632317,1500,808,23380,24862,12151,6269,10792,16978,48299,35734,0,0,6279,4933,18947,2251,6918,682,872,0,0,4121,47680,1124,6029,0,0,0,0,0
712,4306,713.1884159994046,99836,2122,1108,116,44,40221,20454,0.6077467045955367,1545,808,23200,24834,12327,6349,10688,16855,48302,35738,0,0,6229,4896,18885,2282,7015,692,919,0,0,4320,47476,1116,6006,0,0,0,0,0
713,4306,714.0929206994832,99833,2174,1123,119,44,40567,20630,0.6129936994781284,1619,846,23026,24789,12501,6470,10559,16726,48305,35742,0,0,6177,4856,18814,2323,7109,713,966,0,0,4528,47262,1104,5981,0,0,0,0,0
714,4306,715.0027102874944,99833,2260,1159,119,44,40936,20820,0.6185930503941582,1634,889,22869,24708,12676,6581,10440,16617,48308,35746,0,0,6124,4826,18742,2354,7211,733,1015,0,0,4725,47058,1093,5952,0,0,0,0,0
715,4306,716.2228422630063,99832,2376,1208,120,44,41477,21075,0.6265726420386248,1674,951,22645,24637,12901,6733,10282,16425,48311,35750,0,0,6051,4785,18618,2386,7383,761,1078,0,0,4987,46784,1080,5919,0,0,0,0,0
716,4306,717.1437980282033,99830,2447,1254,121,45,41862,21297,0.6326655314033858,1736,966,22474,24564,13062,6869,10158,16300,48314,35754,0,0,6010,4742,18534,2428,7514,779,1114,0,0,5206,46557,1067,5879,0,0,0,0,0
717,4306,718.0699839123661,99825,2502,1311,123,48,42273,21522,0.6390683696468821,1795,996,22277,24468,13284,6989,10017,16186,48317,35758,0,0,5964,4695,18443,2464,7647,796,1157,0,0,5453,46295,1061,5850,0,0,0,0,0
718,4306,719.0022865746915,99825,2582,1371,123,48,42699,21749,0.6456098171800652,1832,998,22080,24431,13488,7100,9893,16050,48320,35762,0,0,5927,4656,18358,2494,7778,823,1187,0,0,5682,46050,1055,5815,0,0,0,0,0
719,4306,720.2552748415436,99821,2666,1445,126,49,43291,22060,0.6546818805662136,1922,1009,21825,24352,13779,7266,9680,15877,48322,35766,0,0,5822,4596,18228,2557,7945,860,1278,0,0,5980,45736,1044,5775,0,0,0,0,0
720,4306,721.2025951733239,99819,2769,1508,127,50,43759,22291,0.6616976727877458,1984,1067,21601,24261,13972,7371,9545,15741,48324,35770,0,0,5774,4540,18130,2604,8085,878,1319,0,0,6213,45492,1036,5748,0,0,0,0,0
721,4306,722.1563817675111,99819,2840,1542,127,50,44232,22544,0.6689708372153598,2049,1109,21409,24190,14187,7530,9386,15577,48326,35774,0,0,5715,4493,18015,2642,8247,909,1372,0,0,6472,45214,1025,5715,0,0,0,0,0
722,4306,723.1171686846659,99819,2914,1627,127,50,44727,22831,0.6768050170809164,2107,1134,21171,24082,14424,7666,9255,15439,48328,35778,0,0,5656,4459,17898,2664,8409,939,1425,0,0,6760,44911,1020,5678,0,0,0,0,0
723,4306,724.0860224020892,99817,2970,1669,127,52,45205,23085,0.6841519981566266,2179,1176,20949,23995,14653,7808,9120,15298,48330,35782,0,0,5605,4421,17770,2696,8575,980,1469,0,0,7028,44628,1008,5637,0,0,0,0,0
724,4306,725.0625820568308,99816,3123,1721,128,52,45784,23372,0.6928348160615533,2164,1203,20751,23897,14852,7975,8980,15150,48332,35785,0,0,5540,4381,17657,2729,8748,1019,1524,0,0,7285,44335,1001,5597,0,0,0,0,0
725,4306,726.0466979956797,99813,3216,1793,130,53,46330,23676,0.7013715648262251,2203,1237,20528,23792,15087,8127,8834,14996,48334,35788,0,0,5471,4339,17528,2766,8922,1059,1586,0,0,7567,44032,987,5556,0,0,0,0,0
726,4306,727.0389603635289,99811,3287,1839,132,53,46870,23974,0.7097814870104497,2321,1297,20309,23682,15285,8311,8664,14816,48336,35791,0,0,5412,4303,17399,2790,9110,1100,1632,0,0,7873,43695,982,5515,0,0,0,0,0
727,4306,728.0393466288414,99810,3401,1902,133,53,47457,24274,0.7186754834184952,2404,1343,20017,23588,15530,8469,8513,14643,48338,35794,0,0,5334,4254,17292,2842,9271,1140,1695,0,0,8160,43373,974,5475,0,0,0,0,0
728,4306,729.0505849909051,99803,3561,1945,139,54,48076,24618,0.7283748985501438,2442,1339,19740,23483,15741,8692,8375,14485,48340,35797,0,0,5263,4217,17151,2858,9459,1183,1759,0,0,8505,43008,969,5431,0,0,0,0,0
729,4306,730.07316625703,99801,3642,1983,141,54,48676,24959,0.7378182583340849,2559,1317,19413,23410,16015,8915,8228,14319,48342,35800,0,0,5206,4158,17009,2910,9682,1228,1805,0,0,8830,42638,957,5378,0,0,0,0,0
730,4306,731.1097734202262,99799,3708,2014,143,54,49316,25308,0.7477429633563463,2624,1364,19143,23267,16320,9138,8060,14161,48344,35803,0,0,5130,4083,16873,2989,9893,1282,1867,0,0,9177,42243,944,5318,0,0,0,0,0
731,4306,732.1587627856424,99797,3790,2088,144,55,50004,25678,0.7583594697235387,2646,1431,18867,23135,16651,9334,7900,13955,48346,35806,0,0,5050,4016,16735,3063,10107,1328,1926,0,0,9550,41835,924,5263,0,0,0,0,0
732,4306,733.2208613774732,99794,3918,2111,147,55,50712,26036,0.7690642724011464,2620,1467,18605,23003,16962,9554,7746,13808,48348,35809,0,0,4956,3960,16587,3119,10345,1381,2004,0,0,9881,41444,911,5206,0,0,0,0,0
733,4306,734.2951881803965,99791,3985,2203,150,55,51421,26465,0.7804912266637272,2689,1512,18332,22819,17268,9784,7574,13625,48350,35812,0,0,4868,3896,16403,3181,10590,1443,2082,0,0,10263,41014,896,5155,0,0,0,0,0
734,4306,735.0189340483469,99789,4033,2225,151,56,51892,26708,0.7876619667498421,2725,1586,18133,22723,17513,9924,7443,13484,48352,35815,0,0,4809,3842,16300,3217,10766,1476,2132,0,0,10507,40742,885,5113,0,0,0,0,0
735,4306,736.1166074760843,99784,4127,2310,155,57,52623,27150,0.7994568267457709,2771,1610,17850,22560,17809,10174,7286,13287,48354,35818,0,0,4718,3773,16142,3276,11030,1531,2206,0,0,10877,40309,874,5048,0,0,0,0,0
736,4306,737.2251335622589,99781,4225,2365,157,58,53418,27574,0.8116976177829447,2780,1644,17560,22413,18168,10427,7108,13091,48356,35821,0,0,4633,3700,15966,3352,11321,1594,2272,0,0,11259,39857,856,4971,0,0,0,0,0
737,4306,738.3157700930971,99775,4294,2437,158,63,54171,28022,0.8237835129040341,2810,1638,17256,22236,18515,10698,6965,12926,48358,35824,0,0,4552,3634,15781,3401,11609,1664,2335,0,0,11644,39405,844,4906,0,0,0,0,0
738,4306,739.0299618138388,99773,4378,2542,159,64,54682,28341,0.832118909925531,2818,1655,17071,22102,18710,10838,6862,12797,48360,35827,0,0,4494,3594,15675,3431,11783,1702,2385,0,0,11872,39136,829,4872,0,0,0,0,0
739,4306,740.0844834270725,99769,4498,2638,162,65,55417,28815,0.8442702643105574,2816,1642,16776,21936,19024,11095,6722,12622,48362,35830,0,0,4413,3537,15519,3483,12016,1785,2448,0,0,12216,38719,812,4821,0,0,0,0,0
740,4306,741.1195046080694,99768,4589,2646,163,65,56155,29206,0.8555949803544223,2882,1688,16462,21789,19335,11368,6567,12442,48364,35833,0,0,4329,3476,15332,3540,12288,1862,2512,0,0,12568,38299,795,4767,0,0,0,0,0
741,4306,742.1357416000321,99765,4613,2666,164,67,56838,29623,0.8666466195559565,2951,1742,16203,21615,19652,11645,6415,12263,48366,35836,0,0,4258,3407,15171,3590,12581,1933,2560,0,0,12918,37857,781,4709,0,0,0,0,0
742,4306,743.1329053039428,99763,4736,2691,166,67,57611,30079,0.8789831901606808,2909,1729,15940,21448,19978,11958,6269,12105,48368,35839,0,0,4185,3344,15004,3658,12865,2010,2605,0,0,13290,37400,760,4642,0,0,0,0,0
743,4306,744.1129829900526,99760,4752,2703,169,67,58314,30486,0.8901363271852446,2970,1748,15678,21292,20311,12236,6118,11952,48370,35842,0,0,4112,3276,14836,3701,13154,2088,2658,0,0,13663,36938,751,4583,0,0,0,0,0
744,4306,745.0761504151927,99754,4893,2757,172,70,59082,30943,0.9024700763879143,2969,1723,15427,21130,20559,12523,5978,11795,48372,35845,0,0,4048,3223,14668,3757,13438,2172,2694,0,0,13983,36521,735,4515,0,0,0,0,0
745,4306,746.0251326269204,99751,4896,2790,174,71,59767,31356,0.9135046265200348,3060,1740,15170,20975,20861,12794,5837,11628,48374,35848,0,0,3964,3160,14510,3806,13712,2264,2752,0,0,14294,36102,725,4462,0,0,0,0,0
746,4306,747.2675839460366,99747,4966,2841,177,72,60686,31902,0.9282284178972802,3098,1744,14855,20816,21232,13098,5670,11427,48376,35851,0,0,3862,3069,14329,3888,14031,2370,2820,0,0,14736,35553,698,4391,0,0,0,0,0
747,4306,748.1835036594018,99745,5044,2853,179,72,61388,32296,0.9392350493759085,3079,1762,14632,20674,21521,13351,5543,11286,48378,35854,0,0,3789,3013,14159,3928,14278,2456,2876,0,0,15082,35131,685,4348,0,0,0,0,0
748,4306,749.0859931588313,99742,5098,2862,182,72,62098,32687,0.950301778588759,3068,1789,14365,20513,21858,13609,5427,11153,48380,35857,0,0,3719,2958,14009,3965,14523,2571,2919,0,0,15378,34733,676,4291,0,0,0,0,0
749,4306,750.2683136720017,99738,5168,2895,186,72,62976,33217,0.9644568770177866,3058,1850,14124,20286,22169,13933,5293,10962,48382,35860,0,0,3639,2896,13785,4015,14887,2697,2959,0,0,15730,34246,666,4218,0,0,0,0,0
750,4306,751.1421319626247,99731,5187,2949,190,75,63631,33630,0.975233377786245,3058,1858,13931,20145,22450,14148,5182,10823,48384,35863,0,0,3577,2840,13628,4060,15156,2787,2996,0,0,16016,33861,655,4155,0,0,0,0,0
751,4306,752.0046268369725,99726,5227,3028,194,76,64303,34033,0.98606180935764,3078,1858,13714,20033,22722,14330,5063,10673,48386,35866,0,0,3509,2789,13497,4086,15424,2863,3043,0,0,16291,33482,644,4098,0,0,0,0,0
752,4306,753.1369551805717,99722,5298,3108,196,78,65172,34571,1.0002105854274883,3078,1933,13452,19817,23048,14598,4926,10464,48388,35869,0,0,3432,2728,13327,4133,15735,2976,3082,0,0,16689,32955,634,4031,0,0,0,0,0
753,4306,754.2513692532652,99717,5372,3114,199,80,66029,35105,1.0142102149081902,3084,1922,13195,19636,23355,14938,4793,10308,48390,35871,0,0,3353,2657,13152,4195,16059,3093,3128,0,0,17073,32416,621,3970,0,0,0,0,0
754,4306,755.0764259438024,99714,5355,3150,202,80,66655,35506,1.0245401849288966,3092,1939,13021,19509,23636,15160,4692,10160,48392,35873,0,0,3292,2597,12994,4234,16318,3195,3160,0,0,17351,32035,615,3923,0,0,0,0,0
755,4306,756.1615307206919,99711,5342,3188,204,81,67482,36014,1.03795970354324,3101,1945,12800,19343,23983,15455,4568,9986,48394,35875,0,0,3201,2534,12800,4283,16657,3318,3213,0,0,17715,31529,600,3861,0,0,0,0,0
756,4306,757.2299550882976,99710,5312,3292,204,82,68290,36573,1.0516798716277205,3077,1913,12564,19143,24358,15726,4483,9842,48396,35877,0,0,3128,2457,12610,4359,17006,3445,3247,0,0,18032,31057,580,3789,0,0,0,0,0
757,4306,758.0208114523623,99707,5315,3327,207,82,68901,36981,1.061931459175384,3081,1890,12368,19029,24630,15953,4397,9717,48398,35879,0,0,3069,2407,12463,4402,17257,3549,3274,0,0,18294,30691,571,3730,0,0,0,0,0
758,4306,759.0613485801307,99704,5307,3362,209,83,69698,37489,1.0750521543769558,3106,1892,12126,18886,24966,16224,4284,9551,48400,35881,0,0,2997,2357,12305,4415,17574,3703,3308,0,0,18585,30236,555,3669,0,0,0,0,0
759,4306,760.0873845780245,99699,5294,3377,213,84,70500,37993,1.0882054985506375,3095,1898,11915,18723,25310,16497,4171,9419,48402,35883,0,0,2918,2303,12120,4478,17899,3855,3341,0,0,18856,29775,535,3619,0,0,0,0,0
760,4306,761.1003778724403,99698,5352,3345,214,84,71307,38466,1.1010551866637244,3059,1899,11729,18564,25571,16835,4073,9271,48404,35885,0,0,2843,2245,11944,4526,18220,3994,3378,0,0,19158,29322,518,3550,0,0,0,0,0
761,4306,762.1025077617056,99695,5365,3357,216,85,72075,38935,1.1134961632980591,3043,1904,11534,18431,25866,17110,3974,9111,48406,35887,0,0,2782,2191,11763,4572,18515,4140,3395,0,0,19452,28886,502,3497,0,0,0,0,0
762,4306,763.0933304627412,99692,5405,3353,218,86,72844,39406,1.1259679813826586,3028,1926,11324,18287,26146,17375,3877,8971,48408,35889,0,0,2719,2145,11589,4603,18765,4313,3424,0,0,19726,28452,491,3465,0,0,0,0,0
763,4306,764.0728986566916,99690,5389,3393,220,86,73614,39892,1.1385896278463237,2973,1920,11144,18121,26479,17625,3793,8853,48410,35891,0,0,2653,2087,11444,4651,19051,4482,3441,0,0,19954,28039,478,3410,0,0,0,0,0
764,4306,765.0406975311738,99687,5358,3357,222,87,74340,40337,1.1503706601663206,2974,1949,10958,17975,26776,17903,3710,8727,48411,35893,0,0,2584,2026,11287,4701,19362,4634,3475,0,0,20187,27618,466,3347,0,0,0,0,0
765,4306,766.2367420256986,99679,5336,3393,230,87,75228,40938,1.1654009370077951,2930,1932,10787,17772,27113,18229,3602,8585,48412,35895,0,0,2501,1967,11102,4756,19703,4836,3497,0,0,20453,27135,453,3276,0,0,0,0,0
766,4306,767.1830364661505,99676,5315,3380,231,89,75948,41395,1.1772442714394638,2850,1918,10661,17631,27425,18509,3516,8471,48413,35897,0,0,2434,1936,10924,4771,20017,4989,3509,0,0,20709,26716,446,3225,0,0,0,0,0
767,4306,768.1202760151506,99672,5262,3380,233,91,76654,41865,1.1890902159081789,2816,1854,10512,17520,27742,18805,3433,8348,48414,35899,0,0,2376,1874,10775,4798,20278,5161,3538,0,0,20998,26267,438,3169,0,0,0,0,0
768,4306,769.0484710348568,99668,5227,3312,235,93,77292,42297,1.1998735802865514,2788,1852,10384,17390,28004,19125,3360,8226,48415,35901,0,0,2336,1826,10622,4823,20611,5303,3545,0,0,21207,25859,426,3110,0,0,0,0,0
769,4306,770.1982917660428,99662,5137,3379,240,94,78093,42829,1.2133210250647188,2778,1829,10223,17259,28338,19359,3282,8078,48416,35903,0,0,2278,1771,10456,4868,20945,5487,3556,0,0,21427,25417,408,3049,0,0,0,0,0
770,4306,771.1094460933623,99660,5163,3368,242,94,78776,43265,1.2245735500702388,2741,1824,10095,17140,28535,19608,3222,7964,48417,35905,0,0,2241,1726,10317,4878,21209,5647,3560,0,0,21648,25038,398,2998,0,0,0,0,0
771,4306,772.0142253204378,99657,5102,3333,243,96,79391,43669,1.234835485716006,2746,1801,9989,17054,28762,19861,3156,7853,48418,35907,0,0,2183,1692,10194,4908,21476,5809,3572,0,0,21807,24683,389,2944,0,0,0,0,0
772,4306,773.1363339001905,99653,5057,3258,247,96,80149,44153,1.2473482985961286,2688,1764,9870,16956,29067,20186,3069,7738,48419,35909,0,0,2120,1649,10023,4918,21786,6017,3590,0,0,22040,24232,383,2895,0,0,0,0,0
773,4306,774.0272756489503,99651,4994,3247,249,96,80746,44543,1.2572778998705483,2684,1780,9763,16825,29313,20409,2995,7641,48420,35911,0,0,2073,1622,9888,4927,22061,6181,3604,0,0,22164,23912,372,2847,0,0,0,0,0
774,4306,775.1319992308361,99647,4946,3207,252,97,81498,45014,1.2696016939797485,2643,1781,9636,16703,29600,20697,2921,7513,48421,35913,0,0,2036,1575,9738,4950,22341,6395,3593,0,0,22392,23480,354,2793,0,0,0,0,0
775,4306,776.0094038135311,99643,4945,3177,254,99,82065,45397,1.2791866965065284,2672,1770,9552,16638,29719,20919,2856,7395,48422,35915,0,0,2010,1544,9608,4971,22610,6533,3585,0,0,22519,23161,346,2756,0,0,0,0,0
776,4306,777.1012023143493,99641,4964,3107,256,99,82811,45863,1.291376039983541,2636,1810,9447,16531,29908,21185,2787,7266,48423,35917,0,0,1957,1513,9452,4972,22925,6727,3597,0,0,22688,22764,336,2710,0,0,0,0,0
777,4306,778.1862472806924,99639,4912,3128,256,101,83542,46378,1.3039071046477784,2595,1774,9372,16430,30148,21419,2715,7146,48424,35919,0,0,1910,1472,9294,4976,23209,6948,3599,0,0,22861,22375,329,2666,0,0,0,0,0
778,4306,779.0491825391713,99638,4847,3089,256,102,84085,46768,1.313284088400008,2611,1719,9295,16361,30327,21676,2662,7051,48425,35921,0,0,1869,1445,9159,5003,23450,7114,3598,0,0,22981,22065,320,2634,0,0,0,0,0
779,4306,780.1217378805537,99632,4783,3055,261,103,84775,47227,1.3248956158663883,2624,1675,9214,16300,30525,21912,2591,6953,48426,35923,0,0,1816,1406,9000,5014,23723,7336,3601,0,0,23114,21716,313,2593,0,0,0,0,0
780,4306,781.1890319071263,99627,4783,3036,265,104,85492,47660,1.3365051642627,2566,1635,9140,16235,30724,22141,2520,6847,48427,35925,0,0,1762,1376,8858,4997,24050,7517,3616,0,0,23221,21398,304,2528,0,0,0,0,0
781,4306,782.0389971351342,99625,4789,3042,266,105,86059,48006,1.3456963613550816,2506,1635,9105,16166,30872,22287,2460,6763,48428,35927,0,0,1727,1346,8767,4998,24252,7676,3617,0,0,23313,21146,293,2490,0,0,0,0,0
782,4306,783.0964345594091,99622,4749,3031,269,105,86715,48437,1.3566481299311397,2532,1589,9038,16095,31008,22504,2402,6674,48429,35929,0,0,1691,1315,8645,5011,24481,7887,3602,0,0,23440,20805,286,2459,0,0,0,0,0
783,4306,784.1496562534784,99622,4644,2981,269,105,87347,48845,1.3670875910943365,2474,1601,8997,16033,31259,22718,2355,6560,48430,35931,0,0,1651,1291,8498,5015,24750,8106,3595,0,0,23534,20486,279,2417,0,0,0,0,0
784,4306,785.1970594712775,99621,4554,2929,269,106,87965,49277,1.3776412603768282,2422,1537,8926,15954,31524,22988,2303,6484,48431,35933,0,0,1609,1262,8345,5032,25065,8307,3585,0,0,23595,20166,274,2381,0,0,0,0,0
785,4306,786.0307072648621,99620,4510,2903,269,107,88451,49586,1.3856354145753864,2412,1518,8876,15922,31672,23128,2259,6420,48432,35935,0,0,1582,1240,8253,5034,25257,8472,3582,0,0,23651,19936,267,2346,0,0,0,0,0
786,4306,787.0685143501211,99617,4493,2876,271,108,89071,49987,1.3959263981047412,2362,1513,8799,15839,31847,23321,2226,6341,48433,35937,0,0,1542,1202,8144,5044,25480,8667,3581,0,0,23745,19646,261,2305,0,0,0,0,0
787,4306,788.1014243463363,99614,4481,2831,273,109,89706,50353,1.4060172264942679,2287,1534,8749,15766,32023,23498,2185,6260,48434,35939,0,0,1496,1174,8040,5037,25698,8870,3590,0,0,23818,19364,256,2271,0,0,0,0,0
788,4306,789.1302534769999,99612,4454,2835,274,110,90350,50737,1.4163654981327551,2182,1495,8711,15727,32231,23643,2146,6188,48435,35941,0,0,1458,1146,7938,5053,25881,9088,3584,0,0,23897,19075,251,2241,0,0,0,0,0
789,4306,790.1546843438207,99609,4284,2761,276,111,90880,51117,1.4255438765573392,2186,1468,8707,15673,32431,23865,2114,6120,48436,35943,0,0,1420,1113,7814,5072,26103,9314,3570,0,0,23976,18774,243,2210,0,0,0,0,0
790,4306,791.1754360121454,99605,4235,2753,279,112,91458,51502,1.4352693137894683,2137,1432,8672,15621,32594,24036,2081,6044,48437,35945,0,0,1388,1082,7716,5072,26300,9526,3568,0,0,24034,18505,237,2177,0,0,0,0,0
791,4306,792.1925217477301,99602,4111,2727,282,112,92000,51877,1.4445191863617197,2073,1396,8649,15559,32844,24223,2039,5981,48438,35947,0,0,1360,1061,7599,5065,26534,9737,3549,0,0,24074,18245,231,2147,0,0,0,0,0
792,4306,793.0030243098925,99597,4060,2695,284,115,92416,52166,1.4516702310310552,2048,1373,8618,15544,32979,24362,2009,5909,48439,35949,0,0,1334,1034,7509,5089,26677,9903,3539,0,0,24104,18064,227,2117,0,0,0,0,0
793,4306,794.0126892977079,99594,4008,2707,286,116,92943,52535,1.4607104845673433,2007,1335,8595,15505,33129,24497,1973,5838,48440,35951,0,0,1306,1012,7395,5094,26879,10095,3526,0,0,24132,17847,222,2086,0,0,0,0,0
794,4306,795.0192792530993,99594,3959,2679,286,116,93456,52861,1.4691346868285238,1992,1311,8586,15454,33236,24663,1939,5775,48441,35953,0,0,1273,995,7312,5085,27062,10290,3514,0,0,24149,17642,219,2053,0,0,0,0,0
795,4306,796.0237593001411,99592,3901,2624,288,116,93963,53189,1.4775483974616435,1934,1297,8573,15427,33397,24817,1905,5717,48442,35955,0,0,1245,977,7206,5076,27246,10489,3508,0,0,24205,17400,212,2028,0,0,0,0,0
796,4306,797.025146589665,99589,3823,2584,290,117,94464,53528,1.4860275733263715,1876,1267,8561,15393,33570,24976,1878,5661,48443,35957,0,0,1220,952,7124,5083,27418,10691,3491,0,0,24251,17150,210,1999,0,0,0,0,0
797,4306,798.0240692999749,99586,3733,2531,293,117,94918,53826,1.493623601711084,1889,1310,8555,15361,33678,25089,1850,5590,48444,35959,0,0,1198,937,7056,5069,27600,10886,3475,0,0,24249,16938,205,1973,0,0,0,0,0
798,4306,799.0210350025059,99585,3661,2488,294,117,95365,54149,1.5013706883566802,1873,1245,8571,15355,33773,25250,1826,5543,48445,35961,0,0,1176,917,6968,5073,27774,11076,3459,0,0,24256,16733,202,1951,0,0,0,0,0
799,4306,800.0168311630922,99583,3619,2444,295,118,95846,54456,1.5093138387074099,1813,1235,8559,15330,33915,25376,1797,5495,48446,35963,0,0,1153,891,6881,5073,28012,11228,3445,0,0,24248,16534,197,1921,0,0,0,0,0
800,4306,801.0098694571981,99582,3533,2383,296,118,96294,54751,1.5167901829647927,1781,1258,8560,15319,34056,25495,1772,5425,48447,35965,0,0,1128,877,6789,5084,28134,11448,3429,0,0,24269,16330,189,1905,0,0,0,0,0
801,4306,802.0007901551,99581,3494,2384,296,119,96750,55087,1.5247587391168997,1727,1194,8548,15285,34185,25640,1748,5376,48448,35967,0,0,1117,862,6713,5082,28283,11646,3402,0,0,24258,16151,186,1881,0,0,0,0,0
802,4306,803.1873840746848,99580,3384,2301,297,119,97233,55418,1.53294838320948,1744,1190,8550,15259,34303,25816,1720,5313,48449,35969,0,0,1097,847,6641,5063,28466,11869,3377,0,0,24276,15914,179,1851,0,0,0,0,0
803,4306,804.1746460128783,99580,3375,2253,297,119,97685,55691,1.5402289616388833,1678,1202,8563,15236,34384,25922,1701,5266,48450,35971,0,0,1086,834,6580,5062,28569,12073,3353,0,0,24276,15739,176,1832,0,0,0,0,0
804,4306,805.1603280634868,99580,3313,2238,297,119,98100,55987,1.5473689495882708,1620,1189,8574,15230,34525,26014,1669,5208,48451,35973,0,0,1071,819,6518,5063,28699,12268,3332,0,0,24243,15577,170,1820,0,0,0,0,0
805,4306,806.1441434176545,99578,3198,2250,298,120,98464,56300,1.5541987185924602,1610,1153,8613,15220,34636,26101,1643,5154,48452,35975,0,0,1047,810,6452,5053,28817,12453,3314,0,0,24253,15407,166,1806,0,0,0,0,0
806,4306,807.1270883279307,99575,3141,2195,301,120,98837,56564,1.5606427316093396,1605,1150,8636,15198,34695,26218,1620,5117,48453,35976,0,0,1022,796,6378,5059,28980,12606,3307,0,0,24219,15257,163,1788,0,0,0,0,0
807,4306,808.1091745667177,99573,3120,2146,302,121,99248,56836,1.5675333674791359,1574,1115,8651,15212,34754,26324,1597,5080,48454,35977,0,0,1010,781,6325,5054,29099,12796,3283,0,0,24199,15107,155,1764,0,0,0,0,0
808,4306,809.0909396202122,99573,3096,2142,302,121,99654,57124,1.574503128358089,1562,1035,8681,15227,34786,26433,1571,5040,48455,35978,0,0,993,770,6261,5062,29233,12961,3263,0,0,24177,14952,153,1748,0,0,0,0,0
809,4306,810.0726315715989,99569,3043,2089,305,122,100028,57375,1.5808434352057368,1570,1024,8688,15218,34843,26550,1549,4995,48456,35979,0,0,974,757,6197,5041,29354,13137,3258,0,0,24172,14796,153,1730,0,0,0,0,0
810,4306,811.0536219937394,99569,2997,1992,305,122,100425,57617,1.5872610953208328,1506,1005,8722,15245,34947,26694,1521,4940,48457,35980,0,0,962,740,6138,5011,29457,13350,3251,0,0,24157,14641,151,1711,0,0,0,0,0
811,4306,812.0335808472289,99567,2938,1983,306,123,100778,57853,1.5932085932085933,1500,991,8741,15222,35023,26774,1490,4905,48458,35981,0,0,948,730,6086,4998,29547,13520,3242,0,0,24141,14515,147,1693,0,0,0,0,0
812,4306,813.0124523248714,99567,2860,1974,306,123,101123,58111,1.599264816656121,1471,961,8760,15233,35132,26845,1469,4862,48459,35982,0,0,936,718,6030,4991,29670,13688,3231,0,0,24100,14377,144,1682,0,0,0,0,0
813,4306,814.1852010942029,99566,2802,1954,307,123,101567,58399,1.6066327862925094,1437,933,8791,15236,35220,26950,1441,4802,48460,35983,0,0,916,709,5970,4969,29816,13881,3216,0,0,24063,14222,141,1663,0,0,0,0,0
814,4306,815.1616271671953,99563,2777,1901,308,125,101921,58622,1.6124765224029007,1371,947,8810,15250,35306,27019,1426,4756,48461,35984,0,0,902,694,5919,4957,29891,14063,3214,0,0,24046,14090,138,1649,0,0,0,0,0
815,4306,816.1372162314441,99563,2723,1856,308,125,102240,58838,1.6178500045197513,1349,933,8846,15272,35359,27104,1413,4708,48462,35985,0,0,892,687,5877,4938,29980,14228,3198,0,0,24030,13963,137,1633,0,0,0,0,0
816,4306,817.1127252182835,99562,2683,1803,308,126,102580,59049,1.6234004941644402,1318,926,8895,15315,35397,27166,1397,4662,48463,35986,0,0,877,677,5828,4926,30073,14386,3184,0,0,24020,13829,135,1627,0,0,0,0,0
817,4306,818.0883786674488,99562,2615,1729,308,126,102912,59259,1.6288443382013218,1291,919,8927,15359,35474,27243,1383,4622,48464,35987,0,0,866,663,5781,4924,30167,14562,3164,0,0,23991,13698,134,1612,0,0,0,0,0
818,4306,819.0637028929191,99560,2557,1691,310,126,103212,59464,1.6339493772599438,1273,929,8971,15367,35521,27308,1366,4577,48465,35988,0,0,856,655,5743,4916,30262,14714,3145,0,0,23965,13580,130,1594,0,0,0,0,0
819,4306,820.0389688776936,99559,2500,1692,310,127,103507,59694,1.6392390441848552,1244,892,9020,15396,35572,27360,1352,4531,48466,35989,0,0,842,648,5697,4907,30350,14854,3131,0,0,23955,13464,128,1583,0,0,0,0,0
820,4306,821.0140352490579,99558,2491,1716,310,128,103821,59945,1.6449305932220415,1210,861,9063,15386,35588,27405,1336,4502,48467,35990,0,0,831,642,5654,4879,30423,15003,3131,0,0,23949,13346,127,1573,0,0,0,0,0
821,4306,822.1840546870999,99557,2380,1678,310,129,104155,60186,1.650722701567946,1214,866,9122,15403,35654,27467,1318,4455,48468,35991,0,0,812,632,5593,4867,30539,15193,3120,0,0,23892,13231,125,1553,0,0,0,0,0
822,4306,823.1588870625044,99556,2337,1649,311,129,104443,60379,1.655570734059223,1155,860,9181,15415,35715,27523,1299,4422,48469,35992,0,0,803,625,5555,4844,30647,15317,3107,0,0,23879,13120,122,1537,0,0,0,0,0
823,4306,824.1335942689445,99556,2289,1613,311,129,104723,60583,1.6604323194985737,1132,834,9235,15415,35745,27617,1286,4390,48470,35993,0,0,794,618,5501,4821,30752,15461,3095,0,0,23850,13021,119,1524,0,0,0,0,0
824,4306,825.1087946427846,99555,2235,1568,311,130,105012,60798,1.6655115262919995,1103,803,9297,15433,35777,27716,1275,4348,48471,35994,0,0,786,612,5448,4819,30837,15618,3077,0,0,23820,12908,116,1514,0,0,0,0,0
825,4306,826.0844203959404,99555,2203,1547,311,130,105304,60978,1.6702526241775904,1074,797,9352,15472,35796,27744,1262,4308,48472,35995,0,0,778,605,5409,4802,30904,15762,3066,0,0,23795,12818,111,1505,0,0,0,0,0
826,4306,827.0604047532785,99553,2140,1551,313,130,105561,61184,1.6749369682480688,1056,756,9394,15487,35848,27794,1247,4280,48473,35996,0,0,767,595,5386,4786,30964,15901,3056,0,0,23776,12719,108,1495,0,0,0,0,0
827,4306,828.0363317562977,99552,2045,1507,313,131,105796,61348,1.6789617486338797,1059,736,9439,15512,35904,27862,1238,4250,48474,35997,0,0,760,585,5345,4771,31047,16053,3045,0,0,23710,12649,104,1483,0,0,0,0,0
828,4306,829.0123439364961,99551,2027,1478,313,132,106075,61530,1.6836094062339906,1031,710,9490,15574,35911,27877,1226,4227,48475,35998,0,0,754,580,5309,4752,31112,16196,3028,0,0,23684,12568,101,1467,0,0,0,0,0
829,4306,830.184446912032,99547,1986,1427,316,133,106351,61739,1.6885491275477915,1030,694,9555,15599,35899,27949,1212,4196,48476,35999,0,0,748,575,5269,4729,31214,16334,3011,0,0,23659,12456,100,1452,0,0,0,0,0
830,4306,831.1623045667665,99545,1989,1365,316,135,106616,61888,1.692741975990758,1013,704,9587,15634,35895,27994,1198,4166,48477,36000,0,0,736,566,5231,4714,31279,16459,3010,0,0,23640,12367,99,1444,0,0,0,0,0
831,4306,832.140549447642,99544,1940,1335,317,135,106844,62052,1.6966969380374508,1002,697,9619,15669,35938,28024,1182,4138,48478,36001,0,0,728,563,5199,4708,31295,16604,3000,0,0,23644,12270,98,1435,0,0,0,0,0
832,4306,833.1189645529122,99544,1899,1337,317,135,107099,62232,1.701066864903962,974,660,9684,15714,35958,28047,1166,4105,48479,36002,0,0,723,555,5162,4699,31349,16738,2984,0,0,23618,12191,97,1428,0,0,0,0,0
833,4306,834.0978409647813,99544,1894,1314,317,135,107354,62383,1.705145463312706,920,657,9749,15749,35965,28068,1153,4075,48480,36003,0,0,716,547,5135,4690,31397,16856,2977,0,0,23601,12110,96,1419,0,0,0,0,0
834,4306,835.0775762348849,99544,1835,1308,317,135,107564,62542,1.7088523667925741,910,659,9806,15788,35983,28059,1147,4049,48481,36004,0,0,710,545,5102,4670,31475,16962,2966,0,0,23581,12028,92,1413,0,0,0,0,0
835,4306,836.0577697096548,99542,1803,1284,318,136,107785,62684,1.7125334029856745,893,678,9883,15838,35968,28050,1133,4012,48482,36005,0,0,701,535,5072,4657,31524,17079,2960,0,0,23562,11962,91,1399,0,0,0,0,0
836,4306,837.038759119028,99542,1763,1250,318,136,107997,62841,1.7162403809447269,845,632,9938,15898,36010,28096,1124,3986,48483,36006,0,0,692,526,5046,4657,31576,17201,2948,0,0,23534,11885,91,1386,0,0,0,0,0
837,4306,838.0203679073704,99540,1699,1213,318,138,108181,62992,1.7196403455897127,844,630,10009,15923,36015,28136,1113,3958,48484,36007,0,0,683,523,5017,4654,31604,17330,2938,0,0,23528,11795,91,1377,0,0,0,0,0
838,4306,839.0029816097594,99539,1658,1224,319,138,108375,63152,1.7232140166166026,827,600,10076,15976,36011,28124,1107,3936,48485,36008,0,0,675,517,4994,4638,31630,17455,2933,0,0,23489,11750,89,1369,0,0,0,0,0
839,4306,840.182929499037,99538,1623,1187,320,138,108611,63303,1.7271192911249975,829,617,10151,16017,35981,28128,1094,3911,48486,36009,0,0,669,512,4966,4626,31699,17573,2921,0,0,23452,11677,88,1355,0,0,0,0,0
840,4306,841.1675854892889,99535,1600,1154,321,140,108822,63449,1.7307580248153915,795,598,10221,16075,35977,28145,1084,3886,48487,36010,0,0,664,507,4946,4622,31729,17694,2907,0,0,23416,11614,87,1349,0,0,0,0,0
841,4306,842.1532849391715,99535,1534,1141,321,140,109004,63589,1.7339930677651076,796,582,10281,16137,35988,28148,1078,3850,48488,36011,0,0,660,503,4920,4608,31774,17813,2893,0,0,23377,11559,86,1342,0,0,0,0,0
842,4306,843.1398078471308,99534,1533,1126,321,141,109208,63739,1.7375670625113027,764,559,10349,16187,35964,28165,1067,3820,48489,36012,0,0,656,500,4897,4595,31799,17926,2884,0,0,23360,11494,86,1337,0,0,0,0,0
843,4306,844.1274415621614,99533,1501,1083,322,141,109401,63860,1.7407392523082796,749,567,10424,16236,35945,28175,1057,3796,48490,36013,0,0,650,494,4875,4587,31843,18023,2876,0,0,23356,11411,85,1333,0,0,0,0,0
844,4306,845.1164668396013,99532,1438,1056,322,142,109572,63986,1.74374070650645,734,555,10509,16312,35948,28173,1047,3760,48491,36014,0,0,644,489,4853,4570,31884,18135,2871,0,0,23333,11338,85,1330,0,0,0,0,0
845,4306,846.1067140438736,99532,1416,1047,322,142,109739,64113,1.7466945304022827,736,524,10568,16377,35919,28163,1037,3745,48492,36015,0,0,641,485,4832,4557,31905,18233,2860,0,0,23328,11280,85,1326,0,0,0,0,0
846,4306,847.0982548456813,99531,1403,1043,323,142,109929,64254,1.7500376767037404,708,484,10634,16428,35896,28177,1034,3724,48493,36016,0,0,636,481,4812,4545,31970,18317,2856,0,0,23285,11223,85,1321,0,0,0,0,0
847,4306,848.0909897302661,99530,1374,1002,324,142,110098,64370,1.75291871797448,690,475,10685,16491,35896,28190,1029,3698,48494,36017,0,0,629,477,4794,4542,32006,18414,2848,0,0,23267,11156,84,1313,0,0,0,0,0
848,4306,849.0847262116548,99529,1356,989,325,142,110273,64498,1.755980668950758,673,461,10724,16560,35897,28166,1023,3680,48495,36018,0,0,627,470,4772,4542,32012,18524,2838,0,0,23248,11106,84,1306,0,0,0,0,0
849,4306,850.0791776678825,99527,1339,928,326,143,110453,64591,1.7587589297376591,659,481,10781,16602,35873,28180,1020,3664,48496,36019,0,0,619,465,4755,4540,32043,18626,2823,0,0,23219,11056,83,1298,0,0,0,0,0
850,4306,851.0746963591255,99526,1327,909,326,144,110632,64695,1.761620079175291,629,484,10853,16658,35851,28156,1012,3647,48497,36020,0,0,616,460,4730,4531,32057,18729,2814,0,0,23206,11009,82,1292,0,0,0,0,0
851,4306,852.0719209822604,99526,1300,906,326,144,110774,64820,1.7643027952494825,640,452,10935,16706,35792,28162,1005,3628,48498,36021,0,0,612,457,4718,4511,32104,18816,2811,0,0,23157,10973,82,1285,0,0,0,0,0
852,4306,853.0707745939708,99525,1304,900,327,144,110947,64934,1.7672042200452147,614,441,10999,16753,35757,28157,997,3603,48499,36022,0,0,605,454,4701,4502,32124,18907,2809,0,0,23128,10932,81,1282,0,0,0,0,0
853,4306,854.071235454155,99525,1307,897,327,144,111116,65045,1.7700175835217282,595,421,11085,16814,35693,28141,991,3581,48500,36023,0,0,600,452,4689,4490,32143,18992,2801,0,0,23106,10892,81,1279,0,0,0,0,0
854,4306,855.0739050198292,99525,1253,883,327,144,111269,65141,1.7725194674704847,588,421,11195,16891,35652,28099,983,3560,48501,36024,0,0,595,450,4666,4478,32167,19090,2794,0,0,23095,10837,81,1272,0,0,0,0,0
855,4306,856.078383539637,99525,1212,858,327,144,111418,65235,1.7749610650590304,564,411,11284,16956,35635,28090,976,3539,48502,36025,0,0,591,448,4643,4472,32203,19179,2784,0,0,23060,10803,80,1262,0,0,0,0,0
856,4306,857.0844362706492,99525,1193,850,327,144,111562,65333,1.777392614920874,559,401,11355,17026,35590,28051,974,3526,48503,36026,0,0,590,445,4625,4461,32236,19254,2771,0,0,23045,10761,80,1257,0,0,0,0,0
857,4306,858.0921798663655,99524,1173,840,327,145,111712,65444,1.7800329568747237,545,375,11453,17098,35533,28035,967,3505,48504,36027,0,0,584,445,4603,4448,32264,19350,2770,0,0,23006,10723,80,1251,0,0,0,0,0
858,4306,859.1020967645227,99524,1150,778,327,145,111842,65521,1.7821128572002733,516,383,11541,17165,35502,28043,962,3484,48505,36028,0,0,581,441,4588,4440,32285,19446,2765,0,0,22971,10682,80,1245,0,0,0,0,0
859,4306,860.1136942263062,99523,1112,778,328,145,111979,65629,1.7845925062548356,509,376,11613,17232,35476,28009,960,3458,48506,36029,0,0,575,437,4575,4438,32308,19531,2757,0,0,22942,10644,77,1239,0,0,0,0,0
860,4306,861.126886416582,99523,1111,755,328,145,112117,65715,1.7868432422656069,491,371,11701,17303,35413,27991,954,3433,48507,36030,0,0,571,433,4562,4431,32339,19604,2756,0,0,22908,10611,74,1234,0,0,0,0,0
861,4306,862.1421332074309,99523,1036,741,328,145,112225,65805,1.788832732132271,492,367,11809,17365,35385,27967,948,3413,48508,36031,0,0,566,433,4543,4427,32370,19679,2746,0,0,22898,10561,73,1227,0,0,0,0,0
862,4306,863.159335912687,99523,1002,733,328,145,112355,65914,1.791234187072335,469,350,11910,17430,35350,27947,939,3393,48509,36032,0,0,565,431,4527,4420,32377,19776,2735,0,0,22875,10525,73,1219,0,0,0,0,0
863,4306,864.178482833073,99523,990,720,328,145,112470,66003,1.7932839645107161,454,338,12007,17506,35281,27916,938,3373,48510,36033,0,0,562,431,4513,4410,32374,19859,2728,0,0,22870,10487,73,1216,0,0,0,0,0
864,4306,865.1997552884001,99523,960,708,328,145,112583,66077,1.7951629271625655,461,334,12079,17564,35234,27890,936,3357,48511,36034,0,0,558,428,4497,4401,32393,19929,2722,0,0,22851,10459,72,1213,0,0,0,0,0
865,4306,866.0183932098714,99523,949,700,328,145,112689,66149,1.7969514584568391,449,333,12151,17640,35186,27840,935,3340,48512,36035,0,0,555,426,4480,4397,32391,20001,2719,0,0,22839,10431,72,1212,0,0,0,0,0
866,4306,867.0434060269046,99523,909,647,328,145,112791,66219,1.7986797021793957,449,340,12227,17714,35159,27820,926,3332,48513,36036,0,0,551,423,4461,4384,32407,20086,2714,0,0,22830,10389,72,1206,0,0,0,0,0
867,4306,868.0702108892726,99522,883,649,328,146,112903,66317,1.8008078615783445,439,317,12309,17773,35118,27793,921,3320,48514,36037,0,0,546,421,4452,4374,32428,20156,2709,0,0,22811,10354,72,1199,0,0,0,0,0
868,4306,869.0986886203126,99522,865,633,328,146,113021,66405,1.8028777556721127,426,299,12409,17844,35053,27784,917,3292,48515,36038,0,0,545,418,4440,4363,32445,20237,2705,0,0,22778,10325,71,1195,0,0,0,0,0
869,4306,870.1295708577255,99522,831,611,328,146,113135,66484,1.8048170253813227,398,292,12505,17907,35022,27774,914,3268,48516,36039,0,0,541,418,4422,4355,32488,20303,2699,0,0,22747,10287,70,1192,0,0,0,0,0
870,4306,871.1624455690467,99522,815,614,328,146,113231,66553,1.8064749502622535,397,287,12587,17994,34959,27708,912,3249,48517,36040,0,0,541,414,4413,4350,32496,20357,2693,0,0,22745,10252,70,1191,0,0,0,0,0
871,4306,872.1972569941969,99522,793,608,328,146,113329,66632,1.8082534514981612,403,286,12662,18072,34904,27652,908,3234,48518,36041,0,0,536,413,4405,4334,32523,20413,2689,0,0,22736,10215,70,1188,0,0,0,0,0
872,4306,873.0265931154795,99522,781,606,328,146,113406,66699,1.8097003677578827,394,271,12730,18119,34860,27630,905,3226,48519,36042,0,0,535,412,4399,4331,32524,20463,2681,0,0,22731,10190,70,1186,0,0,0,0,0
873,4306,874.0649834987711,99522,781,590,328,146,113523,66774,1.8116295894375114,376,265,12828,18186,34789,27601,896,3210,48520,36043,0,0,532,410,4389,4326,32538,20525,2673,0,0,22721,10155,70,1183,0,0,0,0,0
874,4306,875.1058791329973,99521,758,573,329,146,113617,66841,1.813265541945921,379,263,12894,18253,34748,27574,890,3189,48521,36044,0,0,531,407,4380,4325,32546,20589,2667,0,0,22705,10125,69,1177,0,0,0,0,0
875,4306,876.1484300123858,99521,743,582,329,146,113709,66912,1.8149033872248068,384,250,12978,18334,34678,27509,886,3177,48522,36045,0,0,528,405,4367,4321,32554,20643,2662,0,0,22697,10105,69,1170,0,0,0,0,0
876,4306,877.193316553155,99521,737,553,329,146,113819,66973,1.8166216175480552,360,244,13075,18416,34614,27473,883,3166,48523,36046,0,0,526,403,4356,4320,32551,20712,2653,0,0,22697,10065,69,1169,0,0,0,0,0
877,4306,878.0311956727805,99521,716,541,329,146,113893,67028,1.8179178263884004,364,241,13151,18472,34558,27444,880,3154,48524,36047,0,0,525,402,4349,4310,32562,20763,2648,0,0,22688,10040,69,1165,0,0,0,0,0
878,4306,879.0808233528168,99521,717,525,329,146,114003,67083,1.8195757679283768,352,244,13256,18537,34471,27403,873,3143,48525,36048,0,0,523,402,4337,4305,32581,20819,2645,0,0,22656,10022,68,1163,0,0,0,0,0
879,4306,880.1330965303027,99520,680,516,330,146,114082,67148,1.821040996784566,367,247,13341,18602,34416,27348,864,3139,48526,36049,0,0,521,400,4322,4299,32587,20883,2644,0,0,22642,9996,68,1158,0,0,0,0,0
880,4306,881.1872767368727,99519,663,530,330,147,114170,67220,1.822667028406636,375,241,13416,18680,34353,27276,861,3124,48527,36050,0,0,518,397,4315,4295,32584,20938,2639,0,0,22634,9973,68,1158,0,0,0,0,0
881,4306,882.0321486874432,99519,649,522,330,147,114244,67272,1.8239331182990184,370,238,13507,18748,34285,27228,857,3115,48528,36051,0,0,515,397,4310,4290,32590,20987,2638,0,0,22620,9950,67,1155,0,0,0,0,0
882,4306,883.0907999527576,99519,655,503,330,147,114341,67336,1.8255508998281735,363,243,13593,18819,34204,27189,853,3097,48529,36052,0,0,514,395,4302,4286,32604,21039,2633,0,0,22607,9923,66,1150,0,0,0,0,0
883,4306,884.1519357815681,99519,650,485,330,147,114440,67386,1.8270481013675781,330,239,13695,18912,34142,27137,851,3078,48530,36053,0,0,511,393,4292,4278,32619,21092,2626,0,0,22596,9898,66,1148,0,0,0,0,0
884,4306,885.0027287556422,99518,639,484,331,147,114517,67440,1.8283828051206816,325,228,13771,18972,34084,27105,848,3062,48531,36054,0,0,510,393,4284,4278,32630,21133,2616,0,0,22583,9880,66,1145,0,0,0,0,0
885,4306,886.0687145528889,99518,612,471,331,147,114594,67501,1.8297694889366747,320,227,13879,19032,34010,27069,846,3052,48532,36055,0,0,507,393,4272,4275,32638,21185,2608,0,0,22582,9851,65,1142,0,0,0,0,0
886,4306,887.1376066770623,99518,603,463,331,147,114668,67567,1.8311762696195664,320,204,13982,19108,33924,27035,838,3041,48533,36056,0,0,507,389,4259,4272,32648,21234,2604,0,0,22578,9822,65,1140,0,0,0,0,0
887,4306,888.209305786225,99517,617,455,332,147,114773,67630,1.8328828240401138,291,210,14082,19201,33839,26961,837,3024,48534,36057,0,0,506,388,4249,4268,32663,21279,2602,0,0,22566,9795,64,1137,0,0,0,0,0
888,4306,889.0688448357091,99517,593,451,332,147,114828,67672,1.8338575318789754,279,204,14170,19265,33789,26916,835,3015,48535,36058,0,0,501,387,4243,4266,32662,21321,2600,0,0,22559,9778,64,1136,0,0,0,0,0
889,4306,890.145647023788,99515,589,442,333,148,114909,67730,1.8352911621363615,267,203,14270,19353,33710,26853,829,2999,48536,36059,0,0,501,385,4236,4261,32662,21371,2595,0,0,22553,9755,64,1132,0,0,0,0,0
890,4306,891.0089596608433,99515,572,431,333,148,114967,67776,1.836336230718987,277,198,14335,19405,33656,26823,825,2993,48537,36060,0,0,501,385,4229,4261,32682,21405,2586,0,0,22536,9735,63,1132,0,0,0,0,0
891,4306,892.09037543795,99515,570,430,333,148,115041,67834,1.837662663920012,268,187,14409,19486,33600,26768,818,2979,48538,36061,0,0,499,384,4219,4262,32684,21451,2581,0,0,22522,9718,63,1132,0,0,0,0,0
892,4306,893.174149787746,99515,546,418,333,148,115098,67892,1.8388182686027232,275,181,14512,19585,33517,26704,815,2962,48539,36062,0,0,498,383,4209,4254,32706,21497,2575,0,0,22499,9704,63,1127,0,0,0,0,0
893,4306,894.0432135463559,99514,540,413,333,149,115170,67941,1.8400526559077115,252,162,14583,19666,33477,26659,813,2949,48540,36063,0,0,497,382,4203,4245,32709,21543,2574,0,0,22484,9689,62,1126,0,0,0,0,0
894,4306,895.1316661042999,99514,522,386,333,149,115237,67976,1.8410776373173623,263,181,14666,19757,33403,26593,811,2932,48541,36064,0,0,497,380,4196,4250,32705,21592,2562,0,0,22482,9662,62,1126,0,0,0,0,0
895,4306,896.0042854176852,99514,529,375,333,149,115300,68009,1.8420423257029162,251,180,14733,19844,33341,26531,811,2919,48542,36065,0,0,494,378,4192,4250,32711,21625,2563,0,0,22470,9644,62,1125,0,0,0,0,0
896,4306,897.0975208550219,99514,511,381,333,149,115373,68050,1.8431878931607613,244,174,14856,19932,33245,26454,809,2908,48543,36066,0,0,493,376,4190,4247,32704,21674,2556,0,0,22455,9632,62,1125,0,0,0,0,0
897,4306,898.1940026840468,99514,485,388,333,149,115441,68106,1.8444339489921016,233,170,14952,19993,33188,26409,807,2889,48544,36067,0,0,490,374,4186,4247,32712,21710,2546,0,0,22452,9612,62,1123,0,0,0,0,0
898,4306,899.0731432374183,99514,473,371,333,149,115491,68139,1.8452680024921118,236,172,15048,20061,33104,26366,804,2879,48545,36068,0,0,490,372,4179,4246,32719,21743,2540,0,0,22447,9594,62,1122,0,0,0,0,0
899,4306,900.1753749604907,99513,473,364,334,149,115544,68184,1.8462713414327776,264,177,15121,20119,33008,26324,798,2865,48545,36068,0,0,489,372,4174,4239,32734,21766,2537,0,0,22449,9570,62,1121,0,0,0,0,0
900,4306,900.1753749604907,99513,469,366,334,149,115557,68196,1.8465225648910193,270,181,15136,20134,32992,26307,797,2861,48545,36068,0,0,489,372,4173,4236,32732,21777,2537,0,4,22445,9566,62,1120,0,0,0,0,0
901,4306,901.0593987121225,99513,455,352,334,149,115608,68233,1.84740687146403,291,191,15205,20215,32921,26251,792,2840,48545,36068,0,0,488,370,4164,4237,32738,21816,2529,1,19,22419,9551,62,1119,0,0,0,0,0
902,4306,902.1672477398206,99513,453,353,334,149,115692,68285,1.8487735270768644,295,200,15311,20291,32816,26174,789,2831,48545,36068,0,0,488,370,4158,4229,32731,21870,2526,1,38,22389,9532,62,1119,0,0,0,0,0
903,4306,903.0559656364323,99513,462,350,334,149,115764,68331,1.8499593017997649,304,201,15378,20347,32737,26131,783,2820,48545,36068,0,0,487,369,4151,4222,32747,21900,2523,2,54,22361,9516,62,1119,0,0,0,0,0
904,4306,904.1699496793308,99512,481,349,335,149,115853,68389,1.8514551008923548,316,200,15466,20428,32626,26067,774,2805,48545,36068,0,0,487,368,4140,4215,32769,21937,2518,2,67,22326,9503,62,1118,0,0,0,0,0
905,4306,905.0632234293496,99512,500,347,335,149,115930,68432,1.8526609856097758,295,201,15538,20480,32561,26029,769,2792,48545,36068,0,0,484,367,4135,4212,32771,21974,2516,5,77,22300,9493,62,1116,0,0,0,0,0
906,4306,906.1825105264049,99512,502,351,335,149,116009,68493,1.8540678511134336,315,202,15627,20547,32456,25969,763,2780,48545,36068,0,0,481,367,4129,4206,32789,22010,2514,8,94,22261,9476,61,1116,0,0,0,0,0
907,4306,907.0801968135355,99512,519,365,335,149,116087,68545,1.855374226223973,314,198,15699,20623,32374,25896,757,2767,48545,36068,0,0,477,367,4121,4203,32801,22037,2511,12,105,22237,9465,61,1115,0,0,0,0,0
908,4306,908.2051143498159,99512,513,368,335,149,116172,68604,1.8568212878848782,321,220,15773,20688,32304,25826,752,2747,48545,36068,0,0,475,365,4116,4197,32808,22084,2503,14,122,22204,9448,61,1115,0,0,0,0,0
909,4306,909.1069569010348,99512,519,377,335,149,116249,68654,1.8580975158774822,318,223,15866,20756,32212,25760,748,2733,48545,36068,0,0,474,363,4110,4190,32812,22119,2500,15,143,22184,9427,61,1114,0,0,0,0,0
910,4306,910.0111812016444,99512,538,376,335,149,116336,68706,1.859494332341828,325,226,15948,20822,32111,25710,741,2715,48545,36068,0,0,474,362,4105,4188,32799,22166,2500,15,168,22158,9402,61,1114,0,0,0,0,0
911,4306,911.1446379676548,99512,535,387,335,149,116421,68777,1.8610619824744754,348,237,16015,20907,32033,25621,732,2697,48545,36068,0,0,473,361,4097,4185,32811,22213,2495,16,185,22121,9385,61,1109,0,0,0,0,0
912,4306,912.0532164203806,99512,540,399,335,149,116487,68838,1.8623382104670794,358,241,16091,20961,31950,25567,724,2681,48545,36068,0,0,472,361,4096,4181,32808,22260,2494,17,195,22086,9375,61,1106,0,0,0,0,0
913,4306,913.191589227995,99512,573,403,335,149,116607,68900,1.8641671356218346,352,240,16161,21031,31854,25508,723,2667,48545,36068,0,0,472,361,4090,4167,32825,22301,2488,17,216,22057,9354,61,1103,0,0,0,0,0
914,4306,914.1045975282748,99511,562,395,335,150,116666,68949,1.8652711760508889,379,251,16219,21083,31789,25464,714,2655,48545,36068,0,0,470,360,4083,4165,32823,22344,2485,19,230,22033,9339,60,1100,0,0,0,0,0
915,4306,915.0192787623845,99511,570,397,335,150,116751,69006,1.8666981539729277,374,260,16285,21117,31722,25428,712,2646,48545,36068,0,0,467,360,4080,4173,32830,22381,2474,22,250,21998,9319,59,1098,0,0,0,0,0
916,4306,916.1652007721073,99511,583,402,335,150,116856,69083,1.8685270975068082,377,261,16365,21182,31629,25376,709,2627,48545,36068,0,0,467,358,4068,4166,32856,22420,2469,22,283,21960,9286,59,1097,0,0,0,0,0
917,4306,917.0842422239227,99510,590,415,336,150,116939,69142,1.8699728670485378,378,267,16428,21251,31562,25302,704,2613,48545,36068,0,0,465,356,4067,4166,32865,22453,2463,24,303,21930,9265,58,1095,0,0,0,0,0
918,4306,918.0049823136507,99510,579,425,336,150,117019,69206,1.8714199577931867,385,262,16505,21314,31492,25241,701,2606,48545,36068,0,0,461,355,4062,4166,32860,22506,2456,28,317,21899,9250,56,1094,0,0,0,0,0
919,4306,919.1587158524875,99510,577,422,336,150,117105,69281,1.8730378856396341,392,259,16594,21383,31402,25194,697,2590,48545,36068,0,0,459,354,4056,4159,32866,22564,2453,30,338,21856,9229,56,1090,0,0,0,0,0
920,4306,920.0839246342591,99509,592,431,336,151,117196,69345,1.8746143564903677,374,246,16662,21434,31339,25158,695,2578,48545,36068,0,0,459,352,4052,4157,32860,22612,2448,30,354,21827,9213,56,1089,0,0,0,0,0
921,4306,921.0110534299519,99509,590,432,336,151,117276,69403,1.8760011657237035,370,254,16728,21496,31281,25102,693,2563,48545,36068,0,0,458,352,4044,4155,32858,22658,2441,31,375,21802,9192,56,1087,0,0,0,0,0
922,4306,922.1726230292774,99509,615,402,336,151,117386,69464,1.8777196032519672,353,266,16806,21546,31200,25088,688,2545,48545,36068,0,0,456,352,4033,4144,32875,22707,2436,33,406,21765,9161,56,1085,0,0,0,0,0
923,4306,923.1040307064158,99509,626,408,336,151,117476,69522,1.8792069059080083,352,280,16867,21578,31135,25046,682,2535,48545,36068,0,0,456,351,4023,4136,32876,22758,2435,33,424,21734,9143,56,1084,0,0,0,0,0
924,4306,924.0372761949894,99509,638,433,336,151,117569,69584,1.8807645539599434,355,268,16914,21649,31074,24975,681,2522,48545,36068,0,0,455,351,4021,4128,32897,22785,2430,34,438,21705,9128,54,1083,0,0,0,0,0
925,4306,925.2057077692041,99509,584,438,336,151,117644,69645,1.8821312645087378,383,283,16997,21697,31018,24924,680,2505,48545,36068,0,0,455,349,4008,4121,32910,22846,2421,34,455,21662,9111,54,1083,0,0,0,0,0
926,4306,926.1424856884305,99509,589,462,336,151,117741,69715,1.8838095046679195,367,276,17085,21742,30943,24874,678,2493,48545,36068,0,0,454,348,4002,4116,32925,22889,2418,35,465,21622,9099,54,1082,0,0,0,0,0
927,4306,927.081465350559,99509,619,485,336,151,117840,69803,1.885688731672512,352,255,17149,21807,30864,24823,678,2477,48545,36068,0,0,454,345,3992,4111,32938,22932,2414,35,483,21589,9081,54,1081,0,0,0,0,0
928,4306,928.0227060655106,99509,633,488,336,151,117939,69868,1.887336823804882,357,252,17212,21852,30787,24792,673,2463,48545,36068,0,0,452,344,3987,4105,32955,22974,2410,37,502,21547,9062,54,1080,0,0,0,0,0
929,4306,929.2021757313707,99509,630,478,336,151,118044,69942,1.8891356560713102,393,283,17280,21889,30692,24753,667,2444,48545,36068,0,0,452,343,3977,4104,32962,23037,2403,37,528,21496,9036,54,1080,0,0,0,0,0
930,4306,930.1479156728335,99508,638,503,337,151,118128,70017,1.890752502311372,397,277,17330,21931,30631,24697,665,2439,48545,36068,0,0,452,342,3968,4101,32970,23074,2400,37,550,21471,9013,53,1077,0,0,0,0,0
931,4306,931.0953601557579,99508,645,512,337,151,118217,70082,1.8923001165735418,397,287,17400,21987,30560,24643,659,2418,48545,36068,0,0,451,340,3960,4099,32976,23116,2393,38,569,21445,8994,53,1074,0,0,0,0,0
932,4306,932.044693016961,99508,655,503,337,151,118323,70154,1.894088917473972,386,299,17457,22018,30509,24623,654,2404,48545,36068,0,0,450,340,3951,4097,32995,23168,2383,39,590,21402,8972,53,1068,0,0,0,0,0
933,4306,933.2334230827001,99508,655,508,337,151,118435,70248,1.8961591027857057,394,295,17525,22083,30437,24577,650,2384,48545,36068,0,0,447,337,3936,4098,33017,23225,2374,42,616,21355,8944,53,1064,0,0,0,0,0
934,4306,934.1863175958256,99508,660,498,337,151,118539,70313,1.8978574586967882,385,296,17564,22145,30406,24542,646,2366,48545,36068,0,0,447,337,3923,4100,33023,23284,2365,42,634,21312,8926,53,1062,0,0,0,0,0
935,4306,935.1404999123307,99508,655,495,337,151,118624,70379,1.8993749246291756,404,297,17626,22194,30336,24505,640,2356,48545,36068,0,0,447,335,3914,4095,33029,23331,2359,42,661,21282,8899,53,1061,0,0,0,0,0
936,4306,936.0967305364009,99508,645,480,337,151,118709,70435,1.9007918961289545,398,301,17688,22265,30294,24460,636,2341,48545,36068,0,0,447,335,3906,4090,33044,23385,2355,42,675,21233,8884,53,1059,0,0,0,0,0
937,4306,937.0544941497468,99508,643,491,337,151,118785,70502,1.902228966515255,417,311,17731,22313,30235,24405,635,2327,48545,36068,0,0,445,335,3898,4084,33044,23434,2351,44,690,21204,8869,53,1057,0,0,0,0,0
938,4306,938.0137316132767,99507,644,493,337,152,118873,70580,1.9039163073954597,423,299,17792,22375,30171,24367,631,2312,48545,36068,0,0,444,334,3891,4078,33043,23487,2348,45,717,21173,8841,53,1053,0,0,0,0,0
939,4306,939.2153732823873,99506,639,498,338,152,119001,70681,1.9062368098406126,392,301,17881,22436,30119,24308,629,2303,48545,36068,0,0,442,332,3873,4073,33056,23562,2342,47,742,21123,8813,53,1048,0,0,0,0,0
940,4306,940.1789414383824,99504,660,500,338,154,119098,70758,1.9080237980382697,396,289,17961,22479,30016,24283,627,2293,48545,36068,0,0,441,332,3864,4070,33062,23609,2337,48,764,21090,8790,53,1044,0,0,0,0,0
941,4306,941.1451662036627,99503,688,512,339,154,119207,70832,1.9098821141071123,393,306,18016,22525,29936,24223,626,2278,48545,36068,0,0,439,332,3860,4059,33066,23661,2334,50,779,21056,8773,53,1041,0,0,0,0,0
942,4306,942.113332876703,99502,666,525,339,155,119294,70901,1.9114691161986694,399,299,18056,22567,29915,24184,623,2268,48545,36068,0,0,437,329,3852,4060,33065,23714,2328,52,805,21024,8746,51,1039,0,0,0,0,0
943,4306,943.0826330469863,99502,687,510,339,155,119396,70959,1.913077124077908,403,302,18099,22605,29852,24169,618,2257,48545,36068,0,0,436,329,3850,4060,33067,23761,2322,53,829,20989,8721,50,1035,0,0,0,0,0
944,4306,944.0538374716823,99502,697,520,339,155,119484,71034,1.9147152821048823,426,298,18154,22661,29765,24117,617,2247,48545,36068,0,0,434,329,3845,4062,33066,23806,2314,55,847,20956,8703,50,1035,0,0,0,0,0
945,4306,945.0275764399958,99500,695,520,340,156,119570,71108,1.9163618090452261,427,296,18238,22705,29691,24086,607,2235,48545,36068,0,0,434,327,3835,4061,33068,23859,2311,54,867,20920,8680,50,1034,0,0,0,0,0
946,4306,946.0036465269764,99499,700,525,340,157,119670,71186,1.9181700318596167,458,301,18289,22735,29607,24059,604,2221,48545,36068,0,0,432,324,3822,4065,33068,23918,2303,56,883,20885,8662,50,1031,0,0,0,0,0
947,4306,947.226667857922,99499,694,545,340,157,119808,71295,1.9206524688690338,452,293,18356,22790,29558,24008,598,2205,48545,36068,0,0,430,323,3811,4051,33078,23992,2299,58,913,20836,8628,50,1030,0,0,0,0,0
948,4306,948.2065664932579,99499,705,543,340,157,119922,71367,1.9225218343902954,440,302,18399,22831,29521,23981,593,2184,48545,36068,0,0,430,321,3797,4054,33089,24047,2290,58,932,20796,8608,50,1027,0,0,0,0,0
949,4306,949.1876470765365,99499,715,566,340,157,120014,71450,1.9242806460366435,454,302,18468,22863,29433,23935,588,2175,48545,36068,0,0,430,320,3792,4055,33096,24088,2283,58,948,20765,8591,50,1023,0,0,0,0,0
950,4306,950.1709836553371,99498,727,572,340,158,120132,71533,1.9263201270377295,444,301,18510,22911,29393,23896,584,2160,48545,36068,0,0,430,319,3781,4053,33119,24139,2275,58,970,20715,8568,49,1022,0,0,0,0,0
951,4306,951.1559558233441,99496,732,564,342,158,120243,71619,1.9283388276915654,456,306,18579,22952,29311,23870,578,2148,48545,36068,0,0,428,318,3764,4043,33129,24204,2269,59,988,20674,8550,49,1021,0,0,0,0,0
952,4306,952.1431215088091,99496,748,574,342,158,120370,71705,1.9304796172710461,455,314,18617,22999,29260,23819,576,2134,48545,36068,0,0,427,318,3757,4032,33151,24251,2264,60,1014,20630,8522,49,1021,0,0,0,0,0
953,4306,953.1319411883994,99495,767,579,343,158,120496,71785,1.932569475853058,442,305,18658,23033,29217,23802,571,2121,48545,36068,0,0,425,318,3749,4029,33151,24311,2255,62,1032,20592,8503,49,1019,0,0,0,0,0
954,4306,954.1221408291191,99495,783,566,343,158,120614,71851,1.93441881501583,458,321,18695,23065,29156,23778,563,2110,48545,36068,0,0,424,316,3737,4029,33156,24370,2245,63,1051,20554,8483,49,1018,0,0,0,0,0
955,4306,955.1140821054499,99495,787,591,343,158,120727,71946,1.9365093723302678,451,301,18754,23112,29107,23737,556,2099,48545,36068,0,0,422,314,3731,4024,33157,24430,2238,65,1069,20518,8463,48,1016,0,0,0,0,0
956,4306,956.1077075049808,99495,788,577,343,158,120826,72029,1.938338609980401,471,293,18802,23169,29042,23720,552,2081,48545,36068,0,0,421,312,3716,4019,33200,24480,2231,66,1087,20460,8442,48,1013,0,0,0,0,0
957,4306,957.1034172874212,99495,777,573,343,158,120926,72106,1.9401175938489372,487,299,18845,23228,28997,23680,549,2060,48545,36068,0,0,420,311,3709,4012,33213,24542,2228,67,1106,20412,8420,46,1009,0,0,0,0,0
958,4306,958.1003832956321,99495,787,554,343,158,121057,72175,1.9421277451128198,484,314,18874,23261,28968,23662,542,2049,48545,36068,0,0,420,309,3698,4009,33206,24622,2220,67,1122,20370,8402,46,1004,0,0,0,0,0
959,4306,959.0982971538614,99494,812,541,343,159,121185,72252,1.944207690916035,478,307,18935,23310,28893,23643,537,2038,48545,36068,0,0,417,308,3690,4012,33218,24682,2209,70,1142,20323,8377,46,1000,0,0,0,0,0
960,4306,960.0986014280113,99493,810,526,343,160,121296,72331,1.9461369141547646,478,313,18975,23344,28860,23625,532,2030,48545,36068,0,0,414,307,3675,4000,33249,24736,2205,73,1168,20276,8347,46,997,0,0,0,0,0
961,4306,961.1005495077146,99493,804,540,343,160,121415,72422,1.9482476154101294,505,312,19013,23382,28810,23583,523,2021,48545,36068,0,0,412,305,3666,3998,33261,24794,2193,75,1189,20236,8323,46,995,0,0,0,0,0
962,4306,962.1037644450537,99493,822,540,343,160,121537,72502,1.950277908998623,497,318,19060,23408,28756,23561,520,2011,48545,36068,0,0,410,303,3658,3986,33278,24854,2187,77,1203,20194,8307,46,990,0,0,0,0,0
963,4306,963.1085539955282,99492,840,532,343,161,121661,72578,1.952307723234029,496,339,19098,23440,28703,23524,518,2002,48545,36068,0,0,409,302,3649,3977,33288,24914,2182,78,1219,20154,8287,46,987,0,0,0,0,0
964,4306,964.1145764812093,99491,830,535,344,161,121770,72656,1.9542069131881277,492,355,19122,23462,28694,23493,516,1992,48545,36068,0,0,407,300,3638,3974,33303,24973,2177,80,1242,20106,8263,46,982,0,0,0,0,0
965,4306,965.1212868514939,99491,828,562,344,161,121884,72748,1.9562774522318602,488,350,19170,23507,28658,23435,510,1983,48545,36068,0,0,405,300,3627,3965,33317,25030,2174,82,1261,20063,8244,45,978,0,0,0,0,0
966,4306,966.1293170865373,99491,814,559,344,161,121990,72836,1.958227377350715,498,365,19233,23533,28603,23405,506,1975,48545,36068,0,0,402,299,3621,3960,33289,25115,2168,85,1285,20030,8219,45,973,0,0,0,0,0
967,4306,967.1392218424991,99491,830,554,344,161,122118,72924,1.9603984279985125,485,381,19283,23565,28556,23379,500,1958,48545,36068,0,0,399,298,3601,3951,33309,25178,2162,88,1309,19988,8193,45,970,0,0,0,0,0
968,4306,968.1505036756333,99491,814,559,344,161,122233,73011,1.9624287624006191,487,376,19330,23594,28528,23359,495,1949,48545,36068,0,0,395,296,3592,3941,33309,25248,2159,92,1333,19949,8167,44,966,0,0,0,0,0
969,4306,969.1631826768294,99491,818,551,344,161,122355,73099,1.9645395060859776,493,369,19382,23649,28474,23336,487,1932,48545,36068,0,0,392,295,3583,3940,33340,25308,2151,95,1347,19888,8148,43,961,0,0,0,0,0
970,4306,970.1776796318617,99491,832,562,344,161,122470,73182,1.9665296358464586,492,359,19436,23698,28410,23294,484,1924,48545,36068,0,0,391,295,3572,3940,33367,25353,2141,96,1359,19842,8134,42,959,0,0,0,0,0
971,4306,971.1943140493296,99491,834,572,344,161,122591,73267,1.9686001748901911,515,374,19481,23725,28343,23258,481,1908,48545,36068,0,0,391,295,3561,3928,33377,25419,2138,96,1377,19793,8116,41,959,0,0,0,0,0
972,4306,972.2126587144616,99489,842,588,346,161,122726,73364,1.970971665209219,517,370,19516,23782,28302,23201,475,1896,48545,36068,0,0,390,294,3553,3920,33391,25482,2134,97,1390,19742,8100,41,955,0,0,0,0,0
973,4306,973.2323598240408,99489,838,603,346,161,122846,73459,1.973132708138588,540,355,19550,23822,28253,23171,471,1886,48545,36068,0,0,388,293,3541,3911,33417,25538,2127,99,1413,19693,8076,40,953,0,0,0,0,0
974,4306,974.2537503347477,99489,865,603,346,161,122996,73549,1.9755450351295119,537,372,19580,23864,28202,23125,468,1873,48545,36068,0,0,387,293,3525,3904,33444,25593,2118,100,1431,19646,8055,40,953,0,0,0,0,0
975,4306,975.020506060739,99487,871,625,347,162,123094,73622,1.9773035673002504,523,367,19609,23892,28181,23084,467,1868,48545,36068,0,0,385,293,3518,3899,33440,25641,2113,101,1446,19621,8039,40,951,0,0,0,0,0
976,4306,976.0438614787021,99487,861,621,347,162,123225,73723,1.9796355302702866,509,355,19642,23917,28174,23082,465,1861,48545,36068,0,0,385,293,3499,3885,33465,25711,2106,101,1472,19575,8009,39,947,0,0,0,0,0
977,4306,977.0680596044965,99487,872,629,347,162,123353,73817,1.9818669775950626,521,346,19666,23966,28129,23040,463,1855,48545,36068,0,0,383,293,3490,3879,33453,25790,2098,103,1492,19535,7987,39,945,0,0,0,0,0
978,4306,978.0936219995854,99487,888,646,347,162,123495,73919,1.9843195593394112,532,337,19682,23992,28087,23012,462,1849,48545,36068,0,0,383,292,3478,3874,33460,25858,2088,103,1519,19492,7958,39,943,0,0,0,0,0
979,4306,979.1200671819396,99487,880,639,347,162,123630,74008,1.9865711097932393,515,369,19727,24005,28070,22984,459,1839,48545,36068,0,0,383,289,3462,3874,33449,25948,2081,102,1545,19440,7932,39,943,0,0,0,0,0
980,4306,980.1473670383319,99486,906,637,348,162,123770,74107,1.9889934262107232,498,359,19746,24024,28043,22992,457,1824,48545,36068,0,0,381,288,3455,3864,33438,26018,2076,104,1571,19408,7903,39,941,0,0,0,0,0
981,4306,981.1756025468671,99485,912,632,348,163,123906,74216,1.9914761019249132,485,354,19779,24041,28020,22993,454,1815,48545,36068,0,0,381,287,3449,3858,33437,26102,2072,103,1601,19346,7872,39,938,0,0,0,0,0
982,4306,982.2047328718957,99485,899,643,348,163,124030,74316,1.9937276976428608,479,346,19815,24071,28009,22970,448,1805,48545,36068,0,0,378,285,3439,3848,33475,26161,2066,106,1623,19285,7849,38,932,0,0,0,0,0
983,4306,983.2347165977607,99485,915,615,348,163,124165,74400,1.9959290345278182,470,365,19835,24089,27987,22976,443,1790,48545,36068,0,0,376,281,3432,3835,33476,26237,2059,108,1648,19245,7818,38,932,0,0,0,0,0
984,4306,984.0076192746673,99485,918,627,348,163,124260,74478,1.9976679901492687,478,362,19859,24113,27956,22953,439,1780,48545,36068,0,0,376,280,3429,3824,33483,26288,2054,108,1665,19211,7798,38,931,0,0,0,0,0
985,4306,985.0390833727807,99484,918,615,349,163,124409,74550,1.9999095331912669,463,384,19903,24129,27932,22936,433,1771,48545,36068,0,0,372,280,3419,3818,33477,26373,2045,112,1677,19161,7785,38,927,0,0,0,0,0
986,4306,986.0715532926504,99484,906,635,349,163,124515,74650,2.0019802179244905,497,387,19919,24142,27898,22914,429,1757,48545,36068,0,0,367,280,3410,3812,33479,26437,2036,117,1702,19120,7760,38,926,0,0,0,0,0
987,4306,987.1050368521252,99484,899,634,349,163,124642,74751,2.0042720437457278,511,402,19945,24147,27870,22907,424,1745,48545,36068,0,0,367,279,3402,3810,33467,26526,2025,117,1717,19073,7739,38,924,0,0,0,0,0
988,4306,988.1391704075083,99484,908,664,349,163,124785,74864,2.006845321860802,491,381,19976,24176,27855,22882,419,1732,48545,36068,0,0,364,279,3390,3806,33458,26603,2018,120,1735,19030,7720,38,923,0,0,0,0,0
989,4306,989.1741440339406,99483,887,681,350,163,124906,74974,2.009187499371752,502,391,20021,24193,27826,22854,412,1716,48545,36068,0,0,361,278,3382,3803,33466,26674,2010,123,1766,18977,7686,38,919,0,0,0,0,0
990,4306,990.2102403201835,99480,875,676,352,164,125031,75063,2.0113992762364292,512,411,20036,24220,27813,22824,410,1703,48545,36068,0,0,361,276,3375,3801,33469,26754,2002,123,1782,18919,7666,38,914,0,0,0,0,0
991,4306,991.2466265078352,99480,882,677,352,164,125167,75160,2.0137414555689586,508,410,20071,24266,27778,22794,407,1687,48545,36068,0,0,360,276,3357,3787,33490,26823,1997,124,1807,18871,7638,38,912,0,0,0,0,0
992,4306,992.0246088112432,99480,898,674,352,164,125268,75236,2.0155207076799355,509,410,20102,24276,27739,22793,398,1681,48545,36068,0,0,359,275,3349,3773,33499,26879,1995,125,1821,18836,7621,38,910,0,0,0,0,0
993,4306,993.0633994937618,99480,924,686,352,164,125417,75341,2.0180739847205467,532,409,20116,24311,27680,22764,394,1664,48545,36068,0,0,358,270,3337,3774,33514,26948,1985,126,1838,18784,7601,38,907,0,0,0,0,0
994,4306,994.1037995145592,99480,920,710,352,164,125537,75445,2.0203256936067553,577,402,20147,24344,27611,22723,391,1655,48545,36068,0,0,354,269,3329,3766,33517,27015,1977,130,1855,18745,7581,38,904,0,0,0,0,0
995,4306,995.1460532822078,99480,945,747,352,164,125686,75568,2.023059911540008,569,400,20177,24351,27567,22692,388,1644,48545,36068,0,0,353,267,3323,3760,33507,27092,1972,130,1875,18701,7559,38,903,0,0,0,0,0
996,4306,996.1893884259829,99480,942,757,352,164,125844,75684,2.0258142340168876,563,391,20194,24374,27560,22679,387,1633,48545,36068,0,0,350,267,3316,3746,33528,27170,1965,132,1902,18642,7526,38,898,0,0,0,0,0
997,4306,997.2333533550899,99480,937,749,352,164,125988,75788,2.0283071974266185,565,401,20244,24391,27516,22669,384,1624,48545,36068,0,0,347,266,3304,3747,33529,27261,1952,135,1919,18580,7504,38,898,0,0,0,0,0
998,4306,998.0174418583049,99480,956,769,352,164,126107,75878,2.030408122235625,578,408,20249,24403,27482,22643,381,1611,48545,36068,0,0,346,265,3292,3740,33548,27310,1946,136,1935,18542,7486,38,896,0,0,0,0,0
999,4306,999.0636178272284,99478,973,761,353,165,126256,75986,2.033032429280846,587,404,20269,24422,27443,22641,373,1605,48545,36068,0,0,346,265,3277,3728,33571,27384,1941,136,1963,18482,7456,37,892,0,0,0,0,0
1000,4306,1000.1112146333974,99478,986,751,353,165,126407,76095,2.0356460724984418,608,403,20282,24443,27398,22637,371,1599,48545,36068,0,0,345,264,3264,3717,33599,27461,1939,137,1986,18414,7428,37,887,0,0,0,0,0
1001,4306,1001.1597888366965,99477,991,735,354,165,126549,76192,2.038069101400324,623,429,20289,24440,27373,22640,368,1589,48545,36068,0,0,343,263,3254,3708,33632,27526,1928,139,2011,18354,7400,37,882,0,0,0,0,0
1002,4306,1002.2092417394331,99477,1004,719,354,165,126716,76301,2.040843612091237,624,437,20319,24472,27335,22628,362,1577,48545,36068,0,0,342,263,3243,3692,33669,27605,1921,139,2038,18279,7371,37,878,0,0,0,0,0
1003,4306,1003.2600389591973,99477,1031,707,354,165,126877,76404,2.0434974918825457,615,438,20334,24507,27307,22623,357,1558,48545,36068,0,0,339,260,3231,3693,33679,27679,1908,142,2063,18230,7342,37,874,0,0,0,0,0
1004,4306,1004.0487385277488,99477,1050,719,354,165,126997,76499,2.0456587955004673,616,424,20339,24518,27284,22620,355,1552,48545,36068,0,0,338,259,3219,3691,33695,27730,1900,143,2081,18191,7323,36,871,0,0,0,0,0
1005,4306,1005.1011076928085,99475,1031,717,354,167,127136,76606,2.04817290776577,626,443,20361,24535,27273,22595,353,1541,48545,36068,0,0,337,254,3208,3691,33691,27816,1895,143,2101,18137,7297,36,869,0,0,0,0,0
1006,4306,1006.1539411859942,99475,1010,726,354,167,127286,76722,2.0508469464689623,624,447,20390,24547,27269,22578,351,1533,48545,36068,0,0,336,254,3196,3678,33686,27907,1884,143,2121,18098,7269,36,867,0,0,0,0,0
1007,4306,1007.2068053246353,99475,1003,732,354,167,127438,76843,2.0535913546117115,621,451,20387,24552,27284,22570,349,1526,48545,36068,0,0,335,252,3182,3670,33687,28000,1876,143,2142,18044,7245,36,863,0,0,0,0,0
1008,4306,1008.2593132502359,99475,1001,744,354,167,127585,76954,2.056184971098266,615,444,20409,24589,27271,22537,348,1517,48545,36068,0,0,335,251,3171,3668,33686,28087,1864,142,2156,17996,7224,36,859,0,0,0,0,0
1009,4306,1009.049185599359,99473,1000,764,356,167,127698,77050,2.0583273853206396,629,427,20423,24603,27244,22527,346,1510,48545,36068,0,0,333,251,3165,3659,33671,28153,1860,144,2181,17967,7196,35,858,0,0,0,0,0
1010,4306,1010.103334167077,99472,1021,752,357,167,127868,77166,2.0612232588064985,609,409,20444,24641,27225,22534,342,1495,48545,36068,0,0,331,251,3146,3639,33698,28239,1854,145,2200,17908,7173,35,853,0,0,0,0,0
1011,4306,1011.1581296952544,99472,1030,745,357,167,128023,77283,2.06395769663825,594,388,20472,24683,27206,22531,339,1484,48545,36068,0,0,326,250,3130,3633,33684,28330,1848,149,2229,17867,7141,35,850,0,0,0,0,0
1012,4306,1012.213999783745,99472,1014,731,357,167,128185,77388,2.0666418690686825,589,398,20509,24708,27195,22518,334,1476,48545,36068,0,0,326,248,3121,3624,33670,28438,1843,147,2254,17811,7110,35,845,0,0,0,0,0
1013,4306,1013.0064295674404,99472,1013,751,357,167,128300,77479,2.068712803603024,589,385,20536,24720,27173,22509,330,1466,48545,36068,0,0,324,247,3112,3625,33647,28513,1836,148,2266,17777,7098,35,844,0,0,0,0,0
1014,4306,1014.0638238770107,99472,1000,739,357,167,128428,77589,2.071105436705807,628,396,20532,24717,27153,22522,328,1457,48545,36068,0,0,323,245,3104,3620,33659,28594,1829,149,2289,17715,7069,34,842,0,0,0,0,0
1015,4306,1015.1215723260359,99470,993,735,358,168,128597,77685,2.07381119935659,600,412,20555,24739,27166,22496,326,1448,48545,36068,0,0,323,244,3095,3610,33640,28701,1821,149,2317,17663,7038,34,835,0,0,0,0,0
1016,4306,1016.179318807291,99468,981,743,359,169,128742,77804,2.0765070173322075,587,408,20583,24746,27166,22493,322,1439,48545,36068,0,0,321,242,3086,3601,33631,28804,1814,151,2333,17601,7017,34,833,0,0,0,0,0
1017,4306,1017.2371121860642,99467,1004,741,360,169,128898,77913,2.0791920938602755,566,396,20600,24772,27152,22487,316,1433,48545,36068,0,0,318,238,3076,3600,33646,28873,1807,153,2354,17548,6991,34,829,0,0,0,0,0
1018,4306,1018.0309224287846,99467,1039,737,360,169,129032,77996,2.081373721937929,550,410,20602,24774,27132,22480,315,1428,48545,36068,0,0,316,238,3069,3591,33662,28929,1803,155,2364,17506,6973,34,827,0,0,0,0,0
1019,4306,1019.0899156953182,99467,1039,711,360,169,129184,78102,2.083967547025647,543,430,20616,24787,27128,22483,312,1418,48545,36068,0,0,314,238,3055,3585,33650,29025,1794,157,2403,17460,6930,34,822,0,0,0,0,0
1020,4306,1020.1491784536471,99466,1005,746,361,169,129325,78208,2.0864717591940964,562,435,20636,24809,27122,22437,312,1402,48545,36068,0,0,314,234,3046,3578,33645,29109,1786,157,2421,17412,6908,34,822,0,0,0,0,0
1021,4306,1021.2085507149056,99466,1002,755,361,169,129476,78333,2.0892465767196833,550,421,20655,24800,27122,22453,308,1400,48545,36068,0,0,311,234,3035,3572,33653,29199,1777,160,2439,17347,6887,34,818,0,0,0,0,0
1022,4306,1022.0031628570982,99465,1002,736,361,170,129598,78412,2.0912883929020256,522,444,20681,24789,27124,22467,308,1392,48545,36068,0,0,311,232,3027,3566,33664,29272,1771,160,2449,17288,6874,34,817,0,0,0,0,0
1023,4306,1023.0628184109345,99465,958,767,361,170,129710,78539,2.093691248177751,555,453,20703,24793,27115,22429,306,1386,48545,36068,0,0,308,230,3012,3560,33662,29358,1764,163,2474,17239,6846,34,815,0,0,0,0,0
1024,4306,1024.123030971465,99465,953,775,361,170,129848,78658,2.096275071633238,555,437,20740,24824,27086,22417,303,1375,48545,36068,0,0,307,229,2997,3557,33652,29447,1761,161,2504,17189,6813,34,814,0,0,0,0,0
1025,4306,1025.1843773852086,99465,951,782,361,170,129997,78791,2.099110239782838,571,418,20750,24838,27067,22430,298,1360,48545,36068,0,0,305,228,2987,3551,33633,29551,1753,161,2536,17134,6779,34,813,0,0,0,0,0
1026,4306,1026.2466539914064,99465,960,758,361,170,130141,78896,2.1016136329362087,588,435,20771,24848,27025,22435,293,1352,48545,36068,0,0,299,227,2971,3547,33634,29637,1746,167,2562,17088,6745,33,809,0,0,0,0,0
1027,4306,1027.0441240302262,99465,989,761,361,170,130266,78985,2.1037651435178204,581,428,20780,24853,26995,22440,292,1346,48545,36068,0,0,297,227,2964,3542,33625,29704,1743,169,2576,17051,6727,33,807,0,0,0,0,0
1028,4306,1028.1083482991967,99465,988,769,361,170,130417,79110,2.1065399889408334,569,408,20813,24886,26977,22426,290,1339,48545,36068,0,0,297,226,2951,3539,33626,29794,1733,168,2600,16997,6700,33,801,0,0,0,0,0
1029,4306,1029.173484942844,99464,1008,768,362,170,130595,79218,2.1094365800691706,565,403,20816,24913,26960,22410,287,1334,48545,36068,0,0,293,226,2942,3526,33620,29886,1728,172,2620,16947,6673,33,798,0,0,0,0,0
1030,4306,1030.239214893362,99463,995,760,363,170,130736,79325,2.11195117782492,584,420,20846,24944,26927,22383,283,1321,48545,36068,0,0,292,225,2935,3521,33607,29981,1718,173,2644,16890,6646,33,798,0,0,0,0,0
1031,4306,1031.0393780639195,99463,975,743,363,170,130849,79399,2.1138312739410634,598,428,20851,24961,26930,22382,281,1314,48545,36068,0,0,291,224,2922,3519,33616,30057,1711,173,2651,16841,6633,32,793,0,0,0,0,0
1032,4306,1032.106360710801,99463,990,720,363,170,131016,79507,2.1165961211706867,586,419,20860,24990,26918,22392,281,1307,48545,36068,0,0,290,223,2906,3507,33640,30142,1704,174,2668,16780,6607,32,790,0,0,0,0,0
1033,4306,1033.1739594678845,99463,997,730,363,170,131160,79618,2.1191598886017915,599,402,20863,25011,26896,22392,280,1293,48545,36068,0,0,289,223,2889,3503,33642,30221,1698,175,2685,16737,6581,31,789,0,0,0,0,0
1034,4306,1034.2419912898033,99462,999,762,364,170,131334,79745,2.1222074762220746,579,392,20877,25036,26903,22359,276,1279,48545,36068,0,0,286,222,2880,3492,33623,30322,1693,176,2699,16690,6562,31,786,0,0,0,0,0
1035,4306,1035.0431224634715,99462,989,756,364,170,131441,79824,2.124077537149866,590,371,20903,25057,26877,22369,275,1275,48545,36068,0,0,285,222,2875,3486,33607,30401,1687,177,2707,16654,6547,31,783,0,0,0,0,0
1036,4306,1036.1123589663696,99462,1011,732,364,170,131597,79924,2.126651384448332,604,401,20923,25073,26826,22356,270,1266,48545,36068,0,0,284,218,2868,3476,33582,30505,1685,178,2731,16604,6518,31,782,0,0,0,0,0
1037,4306,1037.1831758507722,99462,1010,728,364,170,131754,80044,2.129436367658,612,399,20932,25079,26815,22365,265,1257,48545,36068,0,0,284,217,2854,3470,33578,30605,1675,177,2749,16551,6492,31,779,0,0,0,0,0
1038,4306,1038.2544480279971,99461,1005,731,364,171,131921,80156,2.1322628970149102,592,403,20959,25079,26816,22362,262,1252,48545,36068,0,0,283,216,2840,3468,33569,30706,1663,178,2769,16491,6469,31,778,0,0,0,0,0
1039,4306,1039.0579936603656,99461,996,729,364,171,132033,80234,2.1341731935130355,594,414,20985,25086,26801,22350,258,1248,48545,36068,0,0,282,214,2827,3461,33582,30764,1656,179,2787,16454,6448,31,776,0,0,0,0,0
1040,4306,1040.1301246621795,99461,1018,719,364,171,132194,80340,2.1368576628025053,580,415,21023,25096,26756,22355,257,1242,48545,36068,0,0,282,214,2815,3459,33573,30857,1650,179,2808,16401,6420,31,772,0,0,0,0,0
1041,4306,1041.2036970420868,99461,1000,703,364,171,132344,80448,2.1394516443631173,580,393,21046,25110,26756,22385,252,1236,48545,36068,0,0,278,214,2804,3446,33609,30934,1636,183,2818,16340,6399,31,769,0,0,0,0,0
1042,4306,1042.009267158239,99461,991,701,364,171,132442,80531,2.1412714531323838,575,400,21063,25126,26756,22375,249,1225,48545,36068,0,0,276,212,2798,3451,33609,30997,1630,185,2826,16297,6383,31,766,0,0,0,0,0
1043,4306,1043.0836112157983,99460,980,694,365,171,132588,80632,2.143776392519606,582,395,21078,25141,26745,22382,248,1215,48545,36068,0,0,274,211,2783,3440,33601,31092,1625,187,2838,16253,6361,31,764,0,0,0,0,0
1044,4306,1044.1582971196372,99458,970,700,366,172,132732,80742,2.146373343521889,570,394,21082,25155,26763,22366,247,1211,48545,36068,0,0,272,210,2770,3435,33598,31180,1618,187,2855,16202,6340,31,760,0,0,0,0,0
1045,4306,1045.2327896112622,99458,963,689,366,172,132888,80839,2.1489171308492026,566,405,21112,25164,26746,22365,245,1203,48545,36068,0,0,270,207,2759,3433,33613,31263,1611,187,2867,16138,6320,31,759,0,0,0,0,0
1046,4306,1046.0391607300135,99458,987,694,366,172,133020,80913,2.1509883568943673,551,407,21110,25191,26741,22334,243,1200,48545,36068,0,0,270,206,2752,3424,33607,31333,1607,187,2873,16102,6310,31,756,0,0,0,0,0
1047,4306,1047.1147287699387,99458,975,705,366,172,133159,81022,2.153481871744857,556,423,21130,25209,26729,22297,242,1192,48545,36068,0,0,269,205,2742,3412,33600,31427,1601,187,2881,16055,6294,31,754,0,0,0,0,0
1048,4306,1048.1904489151493,99458,957,702,366,172,133305,81135,2.1560859860443604,561,422,21156,25221,26717,22295,241,1186,48545,36068,0,0,268,204,2734,3404,33586,31521,1595,186,2906,16007,6265,31,751,0,0,0,0,0
1049,4306,1049.2665924233477,99458,954,729,366,172,133444,81259,2.1587303183253232,566,407,21164,25238,26708,22272,240,1180,48545,36068,0,0,266,203,2725,3397,33590,31603,1588,188,2914,15949,6254,31,750,0,0,0,0,0
1050,4306,1050.0741089909195,99458,964,725,366,172,133568,81346,2.1608518168473125,565,392,21168,25261,26697,22275,238,1173,48545,36068,0,0,265,203,2717,3390,33578,31675,1583,188,2921,15917,6240,31,750,0,0,0,0,0
1051,4306,1051.1514305120638,99457,965,733,367,172,133723,81462,2.1635983389806652,559,401,21199,25260,26671,22269,237,1163,48545,36068,0,0,264,201,2704,3385,33575,31757,1578,189,2951,15868,6206,31,748,0,0,0,0,0
1052,4306,1052.2296046882038,99457,969,737,367,172,133864,81572,2.1661220426918164,576,401,21226,25268,26625,22266,235,1154,48545,36068,0,0,261,198,2696,3388,33562,31840,1569,192,2974,15824,6175,30,748,0,0,0,0,0
1053,4306,1053.0391763664727,99457,973,740,367,172,133981,81651,2.1680927435977355,574,412,21229,25281,26622,22244,233,1149,48545,36068,0,0,261,198,2688,3380,33560,31901,1561,192,2989,15800,6153,30,744,0,0,0,0,0
1054,4306,1054.1187022224403,99456,954,720,368,172,134117,81758,2.1705578346203347,556,387,21261,25292,26627,22283,232,1144,48545,36068,0,0,259,196,2677,3371,33570,31990,1556,194,3002,15736,6134,29,742,0,0,0,0,0
1055,4306,1055.1989951600874,99454,948,684,368,174,134263,81847,2.172964385545076,555,396,21300,25312,26597,22292,230,1140,48545,36068,0,0,259,195,2666,3358,33565,32088,1549,194,3021,15684,6108,29,738,0,0,0,0,0
1056,4306,1056.0100668208288,99454,975,686,368,174,134393,81930,2.1751060791923904,533,395,21308,25328,26586,22283,228,1132,48545,36068,0,0,258,195,2661,3354,33551,32159,1546,195,3037,15648,6088,29,733,0,0,0,0,0
1057,4306,1057.092058539416,99453,969,684,369,174,134536,82038,2.177651755100399,547,373,21312,25356,26574,22286,227,1125,48545,36068,0,0,258,193,2652,3347,33554,32245,1536,195,3047,15599,6071,29,727,0,0,0,0,0
1058,4306,1058.1747293361802,99452,947,684,370,174,134676,82139,2.180096931182882,551,373,21344,25385,26561,22266,225,1116,48545,36068,0,0,258,192,2634,3337,33546,32337,1527,194,3056,15560,6056,29,726,0,0,0,0,0
1059,4306,1059.2580298199566,99450,963,696,372,174,134828,82247,2.1827551533433884,538,366,21362,25411,26541,22242,222,1109,48545,36068,0,0,254,192,2624,3319,33550,32410,1526,195,3068,15524,6036,29,723,0,0,0,0,0
1060,4306,1060.0711945483924,99450,946,699,372,174,134942,82328,2.184715937657114,534,371,21384,25414,26541,22239,221,1101,48545,36068,0,0,252,192,2622,3308,33538,32481,1520,197,3083,15491,6017,29,720,0,0,0,0,0
1061,4306,1061.1556848433684,99450,935,696,372,174,135085,82439,2.1872699849170436,524,355,21389,25413,26559,22263,219,1097,48545,36068,0,0,250,190,2613,3306,33537,32569,1511,198,3104,15435,5990,29,718,0,0,0,0,0
1062,4306,1062.239609040385,99450,918,700,372,174,135221,82540,2.1896530920060333,523,355,21388,25440,26579,22237,218,1092,48545,36068,0,0,250,188,2601,3304,33536,32659,1501,197,3115,15383,5973,29,714,0,0,0,0,0
1063,4306,1063.05211446528,99450,888,705,372,174,135312,82621,2.1913826043237807,520,358,21418,25456,26585,22219,215,1086,48545,36068,0,0,249,186,2594,3300,33524,32729,1495,198,3127,15349,5957,29,713,0,0,0,0,0
1064,4306,1064.135602231116,99449,896,710,372,175,135458,82730,2.1939687679111906,503,343,21422,25483,26591,22209,214,1078,48545,36068,0,0,248,183,2583,3288,33525,32809,1490,199,3148,15309,5929,29,709,0,0,0,0,0
1065,4306,1065.2189815773957,99449,899,696,372,175,135597,82823,2.1963016219368723,514,342,21429,25524,26571,22194,213,1067,48545,36068,0,0,246,182,2570,3281,33529,32890,1484,200,3165,15261,5905,29,707,0,0,0,0,0
1066,4306,1066.0322101780823,99449,910,689,372,175,135704,82906,2.198212148940663,513,330,21451,25547,26541,22195,211,1062,48545,36068,0,0,246,179,2564,3276,33537,32944,1480,200,3186,15229,5878,29,701,0,0,0,0,0
1067,4306,1067.1178234654674,99448,894,665,372,176,135842,82986,2.200426353471161,538,352,21470,25557,26517,22198,207,1050,48545,36068,0,0,245,178,2558,3274,33512,33042,1472,200,3200,15182,5856,29,700,0,0,0,0,0
1068,4306,1068.204290506156,99447,916,657,372,177,136003,83079,2.203002604402345,518,367,21490,25578,26496,22178,206,1041,48545,36068,0,0,245,178,2546,3273,33523,33118,1461,199,3209,15133,5835,29,698,0,0,0,0,0
1069,4306,1069.0195733532692,99447,915,664,372,177,136103,83166,2.2048830030066267,529,351,21524,25600,26453,22171,205,1035,48545,36068,0,0,243,177,2540,3272,33520,33182,1452,201,3215,15099,5819,29,698,0,0,0,0,0
1070,4306,1070.1082616105753,99447,922,668,372,177,136250,83268,2.207386849276499,513,371,21557,25609,26432,22142,202,1031,48545,36068,0,0,239,175,2533,3264,33540,33251,1450,205,3228,15036,5801,29,696,0,0,0,0,0
1071,4306,1071.1976471918665,99447,921,667,372,177,136383,83362,2.2096694721811616,529,379,21570,25629,26407,22119,199,1027,48545,36068,0,0,238,174,2521,3261,33521,33341,1441,206,3242,14996,5782,29,695,0,0,0,0,0
1072,4306,1072.0153167571916,99447,916,656,372,177,136486,83430,2.211388981065291,527,396,21588,25635,26398,22113,197,1021,48545,36068,0,0,236,174,2509,3250,33521,33404,1439,208,3257,14961,5764,29,695,0,0,0,0,0
1073,4306,1073.105856573122,99447,906,672,372,177,136620,83547,2.2139129385501826,541,374,21590,25681,26395,22080,194,1014,48545,36068,0,0,236,173,2502,3252,33493,33504,1428,207,3267,14915,5747,29,694,0,0,0,0,0
1074,4306,1074.1966713164954,99447,912,676,372,177,136765,83653,2.216436896035074,524,382,21615,25698,26381,22055,194,1010,48545,36068,0,0,234,173,2498,3244,33480,33594,1422,209,3274,14869,5731,29,690,0,0,0,0,0
1075,4306,1075.0152458907696,99447,890,662,372,177,136858,83741,2.2182569609942986,527,368,21634,25715,26382,22072,193,1004,48545,36068,0,0,233,172,2494,3243,33461,33678,1416,209,3282,14828,5715,29,687,0,0,0,0,0
1076,4306,1076.1071713034578,99446,911,677,372,178,137005,83854,2.22089375138266,522,357,21664,25745,26339,22041,190,1000,48545,36068,0,0,231,172,2483,3239,33468,33749,1410,210,3288,14779,5704,29,684,0,0,0,0,0
1077,4306,1077.2006132411323,99445,925,665,372,179,137163,83945,2.2234199808939614,502,365,21671,25763,26338,22032,190,994,48545,36068,0,0,231,171,2473,3233,33474,33830,1400,210,3293,14727,5692,29,682,0,0,0,0,0
1078,4306,1078.020944285598,99445,944,679,372,179,137282,84038,2.2255518125597065,472,345,21714,25786,26307,22018,189,991,48545,36068,0,0,230,171,2469,3230,33471,33890,1395,210,3303,14691,5676,29,680,0,0,0,0,0
1079,4306,1079.115854689622,99444,921,695,372,180,137408,84144,2.2279071638308996,460,349,21742,25799,26314,21992,189,983,48545,36068,0,0,230,170,2465,3228,33461,33968,1388,209,3326,14648,5646,29,676,0,0,0,0,0
1080,4306,1080.2110645635632,99444,898,688,372,180,137523,84242,2.230049072845018,473,349,21777,25838,26291,21967,187,976,48545,36068,0,0,228,169,2455,3216,33478,34044,1384,210,3332,14594,5630,29,675,0,0,0,0,0
1081,4306,1081.0330881848768,99444,894,673,372,180,137614,84317,2.23171835404851,497,369,21790,25829,26259,21975,186,972,48545,36068,0,0,228,169,2449,3208,33470,34111,1381,210,3348,14558,5609,29,674,0,0,0,0,0
1082,4306,1082.1297843827006,99444,861,683,372,180,137745,84431,2.234182052210289,487,346,21795,25843,26301,21979,182,967,48545,36068,0,0,227,168,2435,3195,33464,34201,1375,211,3367,14514,5586,29,672,0,0,0,0,0
1083,4306,1083.2261968762357,99444,849,677,372,180,137873,84531,2.236474799887374,494,354,21835,25855,26266,21977,182,955,48545,36068,0,0,226,166,2427,3193,33460,34283,1366,212,3386,14464,5562,29,670,0,0,0,0,0
1084,4306,1084.0495636302596,99444,851,685,372,180,137976,84613,2.238335143397289,496,353,21856,25868,26241,21964,182,948,48545,36068,0,0,224,166,2418,3185,33460,34339,1361,214,3398,14440,5543,28,668,0,0,0,0,0
1085,4306,1085.1485597699252,99444,848,660,372,180,138112,84694,2.240517276054865,505,364,21894,25883,26197,21969,182,942,48545,36068,0,0,223,164,2414,3182,33454,34416,1353,213,3418,14398,5515,28,666,0,0,0,0,0
1086,4306,1086.2492322931862,99443,841,684,372,181,138248,84796,2.2429331375763,511,344,21938,25925,26156,21933,180,931,48545,36068,0,0,221,164,2402,3168,33454,34489,1350,215,3429,14359,5498,28,666,0,0,0,0,0
1087,4306,1087.0757753109497,99442,857,674,372,182,138349,84861,2.244625007542085,505,353,21963,25942,26124,21922,177,925,48545,36068,0,0,220,164,2394,3165,33452,34537,1347,216,3438,14332,5484,28,665,0,0,0,0,0
1088,4306,1088.1791281747473,99442,836,694,372,182,138483,84956,2.2469278574445406,501,364,22016,25954,26097,21888,176,916,48545,36068,0,0,216,163,2387,3158,33436,34612,1341,218,3451,14304,5463,28,665,0,0,0,0,0
1089,4306,1089.00768261332,99442,812,689,372,182,138571,85016,2.2484161621849923,512,383,22038,25975,26091,21862,173,907,48545,36068,0,0,216,163,2384,3161,33404,34688,1334,218,3456,14273,5453,28,664,0,0,0,0,0
1090,4306,1090.1127087449706,99442,823,687,372,182,138705,85123,2.250839685444782,476,362,22085,25997,26070,21869,172,901,48545,36068,0,0,214,162,2378,3157,33392,34773,1331,219,3472,14226,5431,27,660,0,0,0,0,0
1091,4306,1091.2188882380199,99441,842,688,373,182,138860,85225,2.253446767429933,440,367,22103,26027,26068,21839,172,895,48545,36068,0,0,214,160,2376,3155,33363,34861,1328,218,3491,14185,5407,25,658,0,0,0,0,0
1092,4306,1092.0489023364153,99441,827,671,373,182,138944,85298,2.2550255930652345,451,359,22118,26044,26057,21852,172,890,48545,36068,0,0,213,160,2368,3142,33368,34921,1325,219,3509,14153,5384,25,654,0,0,0,0,0
1093,4306,1093.156481199546,99441,831,654,373,182,139075,85385,2.257217847769029,457,359,22148,26081,26018,21839,171,883,48545,36068,0,0,211,159,2359,3126,33377,34996,1323,219,3523,14111,5361,25,651,0,0,0,0,0
1094,4306,1094.2653523578228,99441,825,633,373,182,139200,85485,2.259480495972486,449,354,22184,26112,25997,21841,170,876,48545,36068,0,0,211,158,2351,3123,33366,35087,1316,218,3526,14065,5347,25,648,0,0,0,0,0
