,indexID,time,N,Inf_L,Inf_H,Dead_L,Dead_H,cum_cases_L,cum_cases_H,cum_sum_per_N,Exposed_L,Exposed_H,Sus_L,Sus_H,Rec_nat_L,Rec_nat_H,Rec_vax_L,Rec_vax_H,vaccinatedH,vaccinatedL,boostedH,boostedL,count_Naive,count_Delta,count_Delta_vaccine,count_two,count_three,count_four,count_Omicron,count_Omicron_star,count_Omicron_star_vaccine,count_Omicron_vaccine,count_Vaccine,count_WT,count_WT_vaccine,count_WT_vaccine_boost,count_Omicron_vaccine_boost,count_Delta_vaccine_boost,count_Omicron_star_vaccine_boost,count_Vaccine_boost
0,1801,1.317742248608623,99996,6,5,0,0,6,5,0.00011000440017600704,20,20,49972,49973,0,0,0,0,0,0,0,0,99996,0,0,0,0,0,0,0,0,0,0,0,0,0,0,0,0,0
1,1801,2.0310315392242457,99996,10,9,0,0,11,10,0.00021000840033601344,15,15,49972,49973,1,1,0,0,0,0,0,0,99994,0,0,0,0,0,0,0,0,0,0,2,0,0,0,0,0,0
2,1801,3.0343979084689807,99996,10,11,0,0,14,14,0.0002800112004480179,12,14,49972,49970,4,3,0,0,0,0,0,0,99989,0,0,0,0,0,0,0,0,0,0,7,0,0,0,0,0,0
3,1801,4.000361763582451,99996,16,18,0,0,21,22,0.00043001720068802754,7,8,49970,49968,5,4,0,0,0,0,0,0,99987,0,0,0,0,0,0,0,0,0,0,9,0,0,0,0,0,0
4,1801,5.034401273751581,99996,14,18,0,0,22,23,0.0004500180007200288,8,8,49968,49967,8,5,0,0,0,0,0,0,99983,0,0,0,0,0,0,0,0,0,0,13,0,0,0,0,0,0
5,1801,6.004702683493243,99996,14,21,0,0,25,26,0.0005100204008160326,6,7,49967,49965,11,5,0,0,0,0,0,0,99980,0,0,0,0,0,0,0,0,0,0,16,0,0,0,0,0,0
6,1801,7.02543698785467,99996,11,19,0,0,25,26,0.0005100204008160326,9,11,49964,49961,14,7,0,0,0,0,0,0,99975,0,0,0,0,0,0,0,0,0,0,21,0,0,0,0,0,0
7,1801,8.035697770142539,99996,13,24,0,0,29,32,0.0006100244009760391,8,7,49961,49959,16,8,0,0,0,0,0,0,99972,0,0,0,0,0,0,0,0,0,0,24,0,0,0,0,0,0
8,1801,9.095236702733011,99996,14,22,0,0,32,34,0.0006600264010560422,9,6,49957,49958,18,12,0,0,0,0,0,0,99966,0,0,0,0,0,0,0,0,0,0,30,0,0,0,0,0,0
9,1801,10.020687785309123,99996,18,19,0,0,38,35,0.0007300292011680467,7,7,49953,49956,20,16,0,0,0,0,0,0,99960,0,0,0,0,0,0,0,0,0,0,36,0,0,0,0,0,0
10,1801,11.03972026156728,99996,18,23,0,0,40,39,0.0007900316012640506,9,7,49949,49952,22,16,0,0,0,0,0,0,99958,0,0,0,0,0,0,0,0,0,0,38,0,0,0,0,0,0
11,1801,12.015243679399282,99996,18,20,0,0,42,39,0.0008100324012960519,12,9,49944,49950,24,19,0,0,0,0,0,0,99953,0,0,0,0,0,0,0,0,0,0,43,0,0,0,0,0,0
12,1801,13.13615525453871,99996,16,23,0,0,46,45,0.0009100364014560582,11,5,49941,49948,30,22,0,0,0,0,0,0,99944,0,0,0,0,0,0,0,0,0,0,52,0,0,0,0,0,0
13,1801,14.102985878358238,99995,16,20,0,1,49,45,0.0009400470023501176,14,7,49935,49946,33,24,0,0,0,0,0,0,99938,0,0,0,0,0,0,0,0,0,0,57,0,0,0,0,0,0
14,1801,15.228055915733176,99995,17,22,0,1,52,48,0.001000050002500125,12,5,49934,49945,35,25,0,0,0,0,0,0,99935,0,0,0,0,0,0,0,0,0,0,60,0,0,0,0,0,0
15,1801,16.08493270413247,99995,20,22,0,1,56,51,0.0010700535026751338,11,3,49931,49944,36,28,0,0,0,0,0,0,99931,0,0,0,0,0,0,0,0,0,0,64,0,0,0,0,0,0
16,1801,17.223194945094516,99995,22,19,0,1,60,51,0.0011100555027751388,12,6,49926,49941,38,31,0,0,0,0,0,0,99926,0,0,0,0,0,0,0,0,0,0,69,0,0,0,0,0,0
17,1801,18.1080508749416,99995,22,18,0,1,65,51,0.001160058002900145,10,8,49923,49939,43,32,0,0,0,0,0,0,99920,0,0,0,0,0,0,0,0,0,0,75,0,0,0,0,0,0
18,1801,19.009756383848,99995,24,17,0,1,69,52,0.0012100605030251513,11,8,49918,49938,45,34,0,0,0,0,0,0,99916,0,0,0,0,0,0,0,0,0,0,79,0,0,0,0,0,0
19,1801,20.161353801444168,99995,23,16,0,1,71,54,0.0012500625031251563,13,8,49914,49938,48,35,0,0,0,0,0,0,99910,0,0,0,0,0,0,0,0,0,0,85,0,0,0,0,0,0
20,1801,21.137662319440203,99994,23,20,1,1,74,59,0.0013300798047882873,15,3,49909,49938,50,36,0,0,0,0,0,0,99906,0,0,0,0,0,0,0,0,0,0,88,0,0,0,0,0,0
21,1801,22.08937384723574,99994,21,21,1,1,76,60,0.0013600816048962938,19,4,49903,49936,54,36,0,0,0,0,0,0,99902,0,0,0,0,0,0,0,0,0,0,92,0,0,0,0,0,0
22,1801,23.020750711069724,99994,15,15,1,1,77,61,0.001380082804968298,20,4,49902,49935,60,43,0,0,0,0,0,0,99888,0,0,0,0,0,0,0,0,0,0,106,0,0,0,0,0,0
23,1801,24.080962829059033,99994,19,14,1,1,83,62,0.0014500870052203132,17,6,49899,49932,62,45,0,0,0,0,0,0,99884,0,0,0,0,0,0,0,0,0,0,110,0,0,0,0,0,0
24,1801,25.178630874303806,99994,18,15,1,1,85,64,0.001490089405364322,18,6,49896,49930,65,46,0,0,0,0,0,0,99880,0,0,0,0,0,0,0,0,0,0,114,0,0,0,0,0,0
25,1801,26.06824593490362,99994,21,15,1,1,89,66,0.0015500930055803348,19,6,49891,49928,66,48,0,0,0,0,0,0,99877,0,0,0,0,0,0,0,0,0,0,117,0,0,0,0,0,0
26,1801,27.131718849597195,99994,24,15,1,1,95,67,0.00162009720583235,16,7,49888,49926,69,49,0,0,0,0,0,0,99873,0,0,0,0,0,0,0,0,0,0,121,0,0,0,0,0,0
27,1801,28.121265737881142,99994,25,16,1,1,101,68,0.001690101406084365,16,6,49883,49926,73,49,0,0,0,0,0,0,99868,0,0,0,0,0,0,0,0,0,0,126,0,0,0,0,0,0
28,1801,29.023094476143445,99994,23,17,1,1,102,70,0.0017201032061923715,18,5,49880,49925,76,50,0,0,0,0,0,0,99864,0,0,0,0,0,0,0,0,0,0,130,0,0,0,0,0,0
29,1801,30.036776049843834,99994,18,15,1,1,106,72,0.0017801068064083846,17,3,49877,49926,85,53,0,0,0,0,0,0,99851,0,0,0,0,0,0,0,0,0,0,143,0,0,0,0,0,0
30,1801,31.158349431657225,99994,18,12,1,1,109,72,0.001810108606516391,15,6,49877,49924,87,55,0,0,0,0,0,0,99845,0,0,0,0,0,0,0,0,0,0,149,0,0,0,0,0,0
31,1801,32.035930876475234,99994,20,13,1,1,114,75,0.0018901134068044082,14,4,49873,49923,90,57,0,0,0,0,0,0,99840,0,0,0,0,0,0,0,0,0,0,154,0,0,0,0,0,0
32,1801,33.0448001428783,99994,19,10,1,1,116,75,0.0019101146068764125,15,6,49870,49921,93,60,0,0,0,0,0,0,99834,0,0,0,0,0,0,0,0,0,0,160,0,0,0,0,0,0
33,1801,34.14529585310748,99994,24,10,1,1,122,76,0.001980118807128428,13,6,49866,49920,94,61,0,0,0,0,0,0,99832,0,0,0,0,0,0,0,0,0,0,162,0,0,0,0,0,0
34,1801,35.18856208940884,99994,22,8,1,1,124,77,0.002010120607236434,12,6,49865,49919,98,64,0,0,0,0,0,0,99825,0,0,0,0,0,0,0,0,0,0,169,0,0,0,0,0,0
35,1801,36.119723247572644,99994,26,9,1,1,130,80,0.0021001260075604535,8,5,49863,49917,100,66,0,0,0,0,0,0,99821,0,0,0,0,0,0,0,0,0,0,173,0,0,0,0,0,0
36,1801,37.081452498340106,99994,22,11,1,1,131,82,0.00213012780766846,9,3,49861,49918,105,65,0,0,0,0,0,0,99816,0,0,0,0,0,0,0,0,0,0,178,0,0,0,0,0,0
37,1801,38.00915825820021,99994,21,10,1,1,132,83,0.0021501290077404643,13,3,49856,49918,107,66,0,0,0,0,0,0,99812,0,0,0,0,0,0,0,0,0,0,182,0,0,0,0,0,0
38,1801,39.09244607600923,99994,21,8,1,1,134,83,0.0021701302078124688,15,3,49852,49918,109,68,0,0,0,0,0,0,99808,0,0,0,0,0,0,0,0,0,0,186,0,0,0,0,0,0
39,1801,40.32205591598703,99994,21,9,1,1,138,85,0.002230133808028482,13,3,49852,49919,111,66,0,0,0,0,0,0,99803,0,0,0,0,0,0,0,0,0,0,191,0,0,0,0,0,0
40,1801,41.16866486597841,99994,21,9,1,1,138,86,0.002240134408064484,15,4,49850,49917,111,67,0,0,0,0,0,0,99802,0,0,0,0,0,0,0,0,0,0,192,0,0,0,0,0,0
41,1801,42.20918824598958,99994,23,9,1,1,142,87,0.002290137408244495,17,5,49847,49916,110,67,0,0,0,0,0,0,99799,0,0,0,0,0,0,0,0,0,0,195,0,0,0,0,0,0
42,1801,43.32113965729923,99994,25,10,1,1,148,88,0.0023601416084965098,15,4,49844,49917,113,66,0,0,0,0,0,0,99795,0,0,0,0,0,0,0,0,0,0,199,0,0,0,0,0,0
43,1801,44.062684921156624,99994,26,10,1,1,152,89,0.0024101446086765206,14,4,49841,49916,116,67,0,0,0,0,0,0,99791,0,0,0,0,0,0,0,0,0,0,203,0,0,0,0,0,0
44,1801,45.10018510035591,99994,27,9,1,1,155,90,0.002450147008820529,18,6,49834,49913,118,69,0,0,0,0,0,0,99787,0,0,0,0,0,0,0,0,0,0,207,0,0,0,0,0,0
45,1801,46.098589076490754,99994,27,8,1,1,158,92,0.00250015000900054,19,5,49830,49913,121,71,0,0,0,0,0,0,99781,0,0,0,0,0,0,0,0,0,0,213,0,0,0,0,0,0
46,1801,47.08607859169671,99994,27,9,1,1,160,94,0.0025401524091445485,21,5,49827,49911,122,72,0,0,0,0,0,0,99778,0,0,0,0,0,0,0,0,0,0,216,0,0,0,0,0,0
47,1801,48.129408198495966,99994,30,7,1,1,167,96,0.0026301578094685683,17,5,49824,49909,126,76,0,0,0,0,0,0,99770,0,0,0,0,0,0,0,0,0,0,224,0,0,0,0,0,0
48,1801,49.28231882154074,99994,26,5,1,1,171,96,0.002670160209612577,15,5,49824,49910,132,77,0,0,0,0,0,0,99760,0,0,0,0,0,0,0,0,0,0,234,0,0,0,0,0,0
49,1801,50.18471482264667,99994,30,5,1,1,175,96,0.0027101626097565854,13,8,49823,49907,131,77,0,0,0,0,0,0,99760,0,0,0,0,0,0,0,0,0,0,234,0,0,0,0,0,0
50,1801,51.15266750089762,99994,31,7,1,1,178,98,0.002760165609936596,14,6,49819,49907,133,77,0,0,0,0,0,0,99758,0,0,0,0,0,0,0,0,0,0,236,0,0,0,0,0,0
51,1801,52.29731824234951,99994,31,6,1,1,181,98,0.0027901674100446025,15,8,49816,49905,135,78,0,0,0,0,0,0,99754,0,0,0,0,0,0,0,0,0,0,240,0,0,0,0,0,0
52,1801,53.080147344387925,99994,33,7,1,1,187,100,0.00287017221033262,11,8,49814,49904,139,78,0,0,0,0,0,0,99749,0,0,0,0,0,0,0,0,0,0,245,0,0,0,0,0,0
53,1801,54.14069847585457,99994,32,8,1,1,188,102,0.0029001740104406264,14,6,49811,49904,140,79,0,0,0,0,0,0,99746,0,0,0,0,0,0,0,0,0,0,248,0,0,0,0,0,0
54,1801,55.23534263420698,99994,34,8,1,1,193,102,0.002950177010620637,9,8,49811,49902,143,79,0,0,0,0,0,0,99743,0,0,0,0,0,0,0,0,0,0,251,0,0,0,0,0,0
55,1801,56.163157936275326,99994,36,9,1,1,200,106,0.003060183611016661,8,6,49805,49900,148,82,0,0,0,0,0,0,99735,0,0,0,0,0,0,0,0,0,0,259,0,0,0,0,0,0
56,1801,57.08178284801284,99994,33,8,1,1,203,106,0.0030901854111246674,12,7,49799,49899,153,83,0,0,0,0,0,0,99728,0,0,0,0,0,0,0,0,0,0,266,0,0,0,0,0,0
57,1801,58.13812143289231,99994,24,8,1,1,205,108,0.003130187811268676,14,6,49796,49899,163,84,0,0,0,0,0,0,99715,0,0,0,0,0,0,0,0,0,0,279,0,0,0,0,0,0
58,1801,59.141312088487666,99994,27,5,1,1,210,109,0.003190191411484689,11,5,49794,49900,165,87,0,0,0,0,0,0,99709,0,0,0,0,0,0,0,0,0,0,285,0,0,0,0,0,0
59,1801,60.14352091157933,99994,21,6,1,1,211,112,0.0032301938116286975,10,2,49795,49900,171,89,0,0,0,0,0,0,99700,0,0,0,0,0,0,0,0,0,0,294,0,0,0,0,0,0
60,1801,61.159610826805284,99994,19,6,1,1,211,113,0.0032401944116647,13,2,49794,49899,171,90,0,0,0,0,0,0,99697,0,0,0,0,0,0,0,0,0,0,297,0,0,0,0,0,0
61,1801,62.26529811939465,99994,18,6,1,1,213,113,0.0032601956117367043,13,3,49793,49898,173,90,0,0,0,0,0,0,99694,0,0,0,0,0,0,0,0,0,0,300,0,0,0,0,0,0
62,1801,63.18121702297405,99994,21,6,1,1,216,113,0.0032901974118447106,11,5,49792,49896,173,90,0,0,0,0,0,0,99694,0,0,0,0,0,0,0,0,0,0,300,0,0,0,0,0,0
63,1801,64.11472245456403,99994,22,8,1,1,218,115,0.003330199811988719,12,4,49789,49895,174,90,0,0,0,0,0,0,99693,0,0,0,0,0,0,0,0,0,0,301,0,0,0,0,0,0
64,1801,65.14298985768251,99994,23,8,1,1,221,115,0.003360201612096726,13,8,49785,49891,176,90,0,0,0,0,0,0,99691,0,0,0,0,0,0,0,0,0,0,303,0,0,0,0,0,0
65,1801,66.06559309041631,99994,22,9,1,1,221,117,0.00338020281216873,14,7,49786,49890,175,91,0,0,0,0,0,0,99689,0,0,0,0,0,0,0,0,0,0,305,0,0,0,0,0,0
66,1801,67.16496003333435,99994,23,11,1,1,228,119,0.0034702082124927498,16,6,49777,49889,181,91,0,0,0,0,0,0,99683,0,0,0,0,0,0,0,0,0,0,311,0,0,0,0,0,0
67,1801,68.02745154648906,99994,26,10,1,1,233,119,0.0035202112126727606,14,7,49776,49888,181,92,0,0,0,0,0,0,99680,0,0,0,0,0,0,0,0,0,0,314,0,0,0,0,0,0
68,1801,69.09972517594237,99994,26,11,1,1,239,121,0.0036002160129607777,12,8,49773,49886,186,92,0,0,0,0,0,0,99673,0,0,0,0,0,0,0,0,0,0,321,0,0,0,0,0,0
69,1801,70.04858743314338,99994,26,9,1,1,241,121,0.003620217213032782,14,9,49770,49886,187,93,0,0,0,0,0,0,99669,0,0,0,0,0,0,0,0,0,0,325,0,0,0,0,0,0
70,1801,71.01390312509683,99994,29,10,1,1,245,122,0.0036702202132127926,12,8,49768,49886,188,93,0,0,0,0,0,0,99668,0,0,0,0,0,0,0,0,0,0,326,0,0,0,0,0,0
71,1801,72.018575421368,99994,26,9,1,1,247,123,0.0037002220133207993,17,7,49763,49886,191,95,0,0,0,0,0,0,99661,0,0,0,0,0,0,0,0,0,0,333,0,0,0,0,0,0
72,1801,73.17269173779167,99994,28,10,1,1,255,124,0.0037902274136448187,13,7,49760,49886,196,94,0,0,0,0,0,0,99655,0,0,0,0,0,0,0,0,0,0,339,0,0,0,0,0,0
73,1801,74.08883256490923,99994,27,11,1,1,257,125,0.003820229213752825,15,6,49756,49886,199,94,0,0,0,0,0,0,99652,0,0,0,0,0,0,0,0,0,0,342,0,0,0,0,0,0
74,1801,75.05653907164718,99994,22,11,1,1,258,126,0.0038402304138248295,15,8,49757,49883,203,95,0,0,0,0,0,0,99645,0,0,0,0,0,0,0,0,0,0,349,0,0,0,0,0,0
75,1801,76.30792341237697,99994,23,11,1,1,262,128,0.0039002340140408425,14,10,49758,49879,202,97,0,0,0,0,0,0,99640,0,0,0,0,0,0,0,0,0,0,354,0,0,0,0,0,0
76,1801,77.05870766407287,99994,23,9,1,1,263,128,0.003910234614076844,18,10,49753,49879,203,99,0,0,0,0,0,0,99637,0,0,0,0,0,0,0,0,0,0,357,0,0,0,0,0,0
77,1801,78.01189165022649,99994,26,8,1,1,268,131,0.0039902394143648615,16,7,49751,49879,204,103,0,0,0,0,0,0,99631,0,0,0,0,0,0,0,0,0,0,363,0,0,0,0,0,0
78,1801,79.0735453187028,99994,27,10,1,1,272,134,0.004060243614616877,17,6,49748,49877,205,104,0,0,0,0,0,0,99627,0,0,0,0,0,0,0,0,0,0,367,0,0,0,0,0,0
79,1801,80.31047809900036,99994,31,11,1,1,279,137,0.004160249614976899,19,6,49739,49874,208,106,0,0,0,0,0,0,99622,0,0,0,0,0,0,0,0,0,0,372,0,0,0,0,0,0
80,1801,81.24049272021139,99994,30,8,1,1,282,138,0.004200252015120907,19,6,49737,49873,211,110,0,0,0,0,0,0,99614,0,0,0,0,0,0,0,0,0,0,380,0,0,0,0,0,0
81,1801,82.09008979843868,99994,34,9,1,1,289,141,0.0043002580154809286,20,6,49729,49872,214,110,0,0,0,0,0,0,99609,0,0,0,0,0,0,0,0,0,0,385,0,0,0,0,0,0
82,1801,83.24664112918482,99994,34,10,1,1,296,143,0.004390263415804948,20,11,49722,49865,221,111,0,0,0,0,0,0,99601,0,0,0,0,0,0,0,0,0,0,393,0,0,0,0,0,0
83,1801,84.0867367135714,99994,32,11,1,1,300,145,0.004450267016020961,19,9,49720,49865,226,112,0,0,0,0,0,0,99594,0,0,0,0,0,0,0,0,0,0,400,0,0,0,0,0,0
84,1801,85.23596100019114,99994,30,12,1,1,304,148,0.004520271216272976,25,10,49711,49862,231,113,0,0,0,0,0,0,99587,0,0,1,0,0,0,0,0,0,0,406,0,0,0,0,0,0
85,1801,86.07074624475038,99994,31,12,1,1,309,149,0.00458027481648899,24,12,49707,49859,235,114,0,0,0,0,0,0,99582,0,0,1,0,0,0,0,0,0,0,411,0,0,0,0,0,0
86,1801,87.24534626497706,99994,31,11,1,1,315,150,0.004650279016741005,26,12,49699,49858,241,116,0,0,0,0,0,0,99574,0,0,1,0,0,0,0,0,0,0,419,0,0,0,0,0,0
87,1801,88.29761956287551,99994,32,10,1,1,321,151,0.0047202832169930195,20,11,49699,49858,246,118,0,0,0,0,0,0,99567,0,0,1,0,0,0,0,0,0,0,426,0,0,0,0,0,0
88,1801,89.05159597296051,99994,33,12,1,1,324,155,0.004790287417245034,19,8,49698,49857,247,120,0,0,0,0,0,0,99563,0,0,1,0,0,0,0,0,0,0,430,0,0,0,0,0,0
89,1801,90.00699215971078,99994,33,14,1,1,327,159,0.00486029161749705,17,5,49698,49856,249,122,0,0,0,0,0,0,99558,0,0,1,0,0,0,0,0,0,0,435,0,0,0,0,0,0
90,1801,91.19460926430757,99993,32,13,2,1,333,160,0.004930345124158691,15,7,49696,49853,253,124,0,0,0,0,0,0,99549,0,0,1,0,0,0,0,0,0,0,443,0,0,0,0,0,0
91,1801,92.01813107939587,99993,26,11,2,1,335,161,0.004960347224305701,15,8,49694,49852,261,126,0,0,0,0,0,0,99538,0,0,1,0,0,0,0,0,0,0,454,0,0,0,0,0,0
92,1801,93.05735477198598,99993,27,10,2,1,339,163,0.005020351424599722,13,6,49693,49852,263,129,0,0,0,0,0,0,99532,0,0,1,0,0,0,0,0,0,0,460,0,0,0,0,0,0
93,1801,94.01457484888681,99993,26,9,2,1,342,166,0.005080355624893743,13,4,49691,49851,266,133,0,0,0,0,0,0,99524,0,0,1,0,0,0,0,0,0,0,468,0,0,0,0,0,0
94,1801,95.04027016811865,99993,27,7,2,1,348,167,0.005150360525236767,12,4,49686,49850,271,136,0,0,0,0,0,0,99516,0,0,1,0,0,0,0,0,0,0,476,0,0,0,0,0,0
95,1801,96.15751979322206,99993,28,9,2,1,351,170,0.005210364725530787,14,6,49682,49846,272,136,0,0,0,0,0,0,99513,0,0,1,0,0,0,0,0,0,0,479,0,0,0,0,0,0
96,1801,97.00074087073953,99993,27,10,2,1,352,171,0.005230366125628794,13,6,49682,49845,274,136,0,0,0,0,0,0,99511,0,0,1,0,0,0,0,0,0,0,481,0,0,0,0,0,0
97,1801,98.0680190117877,99993,29,10,2,1,358,173,0.005310371726020821,10,7,49681,49842,276,138,0,0,0,0,0,0,99505,0,0,1,0,0,0,0,0,0,0,487,0,0,0,0,0,0
98,1801,99.02304564923057,99993,28,13,2,1,361,177,0.005380376626363845,15,4,49675,49841,278,139,0,0,0,0,0,0,99500,0,0,1,0,0,0,0,0,0,0,492,0,0,0,0,0,0
99,1801,100.13502162473684,99993,28,13,2,1,365,179,0.005440380826657866,16,4,49671,49840,281,140,0,0,0,0,0,0,99494,0,0,1,0,0,0,0,0,0,0,498,0,0,0,0,0,0
100,1801,101.3235572526701,99993,22,10,2,1,366,180,0.0054603822267558725,19,4,49667,49839,288,144,0,0,0,0,0,0,99484,0,0,2,0,0,0,0,0,0,0,507,0,0,0,0,0,0
101,1801,102.17789241051186,99993,24,10,2,1,370,183,0.005530387127098897,21,5,49662,49835,289,147,0,0,0,0,0,0,99479,0,0,2,0,0,0,0,0,0,0,512,0,0,0,0,0,0
102,1801,103.2657044792148,99993,24,13,2,1,378,186,0.005640394827637935,17,4,49660,49833,295,147,0,0,0,0,0,0,99471,0,0,2,0,0,0,0,0,0,0,520,0,0,0,0,0,0
103,1801,104.23620541778513,99993,26,13,2,1,381,187,0.005680397627833948,16,4,49658,49832,296,148,0,0,0,0,0,0,99469,0,0,2,0,0,0,0,0,0,0,522,0,0,0,0,0,0
104,1801,105.19880438135557,99993,26,14,2,1,384,189,0.005730401128078965,14,4,49657,49832,299,147,0,0,0,0,0,0,99465,0,0,2,0,0,0,0,0,0,0,526,0,0,0,0,0,0
105,1801,106.07129242869352,99993,26,14,2,1,387,190,0.005770403928274979,13,5,49655,49831,302,147,0,0,0,0,0,0,99461,0,0,2,0,0,0,0,0,0,0,530,0,0,0,0,0,0
106,1801,107.12602136953757,99993,24,14,2,1,388,192,0.00580040602842199,15,4,49654,49830,303,149,0,0,0,0,0,0,99456,0,0,2,0,0,0,0,0,0,0,535,0,0,0,0,0,0
107,1801,108.2102290344011,99993,23,10,2,1,392,192,0.005840408828618003,17,7,49649,49828,307,152,0,0,0,0,0,0,99447,0,0,2,0,0,0,0,0,0,0,544,0,0,0,0,0,0
108,1801,109.02812521394937,99993,21,10,2,1,394,193,0.005870410928765013,20,7,49644,49827,311,153,0,0,0,0,0,0,99442,0,0,2,0,0,0,0,0,0,0,549,0,0,0,0,0,0
109,1801,110.08927612289352,99993,24,13,2,1,399,198,0.0059704179292550475,18,6,49642,49823,312,155,0,0,0,0,0,0,99438,0,0,2,0,0,0,0,0,0,0,553,0,0,0,0,0,0
110,1801,111.03660777154009,99993,26,14,2,1,403,200,0.006030422129549068,17,5,49639,49822,314,156,0,0,0,0,0,0,99435,0,0,2,0,0,0,0,0,0,0,556,0,0,0,0,0,0
111,1801,112.17973882041609,99993,24,11,2,1,405,200,0.006050423529647075,17,7,49637,49820,318,159,0,0,0,0,0,0,99428,0,0,2,0,0,0,0,0,0,0,563,0,0,0,0,0,0
112,1801,113.01349470993871,99993,24,10,2,1,407,201,0.006080425629794085,18,7,49635,49819,319,161,0,0,0,0,0,0,99424,0,0,2,0,0,0,0,0,0,0,567,0,0,0,0,0,0
113,1801,114.0536584265902,99993,26,9,2,1,412,203,0.00615043053013711,18,6,49632,49820,320,162,0,0,0,0,0,0,99418,0,0,2,0,0,0,0,0,0,0,573,0,0,0,0,0,0
114,1801,115.1391441135673,99993,26,8,2,1,417,203,0.006200434030382127,14,7,49635,49820,321,162,0,0,0,0,0,0,99413,0,0,3,0,0,0,0,0,0,0,577,0,0,0,0,0,0
115,1801,116.0637448138937,99993,26,10,2,1,420,206,0.006260438230676148,17,6,49630,49821,323,160,0,0,0,0,0,0,99409,0,0,3,0,0,0,0,0,0,0,581,0,0,0,0,0,0
116,1801,117.13791487647883,99993,29,10,2,1,425,207,0.006320442430970168,18,6,49624,49821,325,160,0,0,0,0,0,0,99406,0,0,3,0,0,0,0,0,0,0,584,0,0,0,0,0,0
117,1801,118.04662688286541,99992,26,8,3,1,429,207,0.006360508840707256,19,7,49620,49820,330,162,0,0,0,0,0,0,99397,0,0,3,0,0,0,0,0,0,0,592,0,0,0,0,0,0
118,1801,119.00024466975518,99992,28,9,3,1,434,209,0.006430514441155292,19,7,49616,49818,332,163,0,0,0,0,0,0,99393,0,0,3,0,0,0,0,0,0,0,596,0,0,0,0,0,0
119,1801,120.02441836358527,99992,29,7,3,1,440,209,0.006490519241539323,14,8,49615,49818,337,164,0,0,0,0,0,0,99386,0,0,3,0,0,0,0,0,0,0,603,0,0,0,0,0,0
120,1801,121.03437106194438,99992,27,8,3,1,441,211,0.006520521641731339,14,7,49617,49818,337,164,0,0,0,0,0,0,99382,0,0,3,0,0,0,0,0,0,0,607,0,0,0,0,0,0
121,1801,122.09437376543853,99992,29,7,3,1,449,212,0.0066105288423073845,12,8,49612,49817,342,165,0,0,0,0,0,0,99374,0,0,3,0,0,0,0,0,0,0,615,0,0,0,0,0,0
122,1801,123.04576109925655,99992,25,8,3,1,452,213,0.006650532042563405,10,8,49611,49817,349,164,0,0,0,0,0,0,99367,0,0,3,0,0,0,0,0,0,0,622,0,0,0,0,0,0
123,1801,124.02968740679381,99992,26,9,3,1,454,214,0.00668053444275542,11,7,49609,49817,349,164,0,0,0,0,0,0,99366,0,0,3,0,0,0,0,0,0,0,623,0,0,0,0,0,0
124,1801,125.10520397639846,99992,24,10,3,1,455,216,0.006710536842947435,14,7,49606,49816,351,164,0,0,0,0,0,0,99362,0,0,3,0,0,0,0,0,0,0,627,0,0,0,0,0,0
125,1801,126.05624071309425,99992,19,12,3,1,457,219,0.006760540843267462,19,4,49602,49817,355,164,0,0,0,0,0,0,99354,0,0,3,0,0,0,0,0,0,0,635,0,0,0,0,0,0
126,1801,127.0950513790537,99992,18,12,3,1,459,219,0.006780542443395472,18,5,49603,49816,356,164,0,0,0,0,0,0,99351,0,0,3,0,0,0,0,0,0,0,638,0,0,0,0,0,0
127,1801,128.17051179549054,99992,22,8,3,1,465,219,0.0068405472437795024,14,7,49603,49816,356,166,0,0,0,0,0,0,99345,0,0,3,0,0,0,0,0,0,0,644,0,0,0,0,0,0
128,1801,129.04590191349698,99992,20,11,3,1,467,222,0.006890551244099528,14,5,49602,49816,359,165,0,0,0,0,0,0,99341,0,0,3,0,0,0,0,0,0,0,648,0,0,0,0,0,0
129,1801,130.19447823225315,99992,24,10,3,1,475,223,0.006980558444675574,10,5,49602,49815,359,167,0,0,0,0,0,0,99335,0,0,3,0,0,0,0,0,0,0,654,0,0,0,0,0,0
130,1801,131.01965104178862,99992,25,9,3,1,477,223,0.007000560044803584,10,7,49601,49813,359,168,0,0,0,0,0,0,99333,0,0,3,0,0,0,0,0,0,0,656,0,0,0,0,0,0
131,1801,132.10280003965556,99992,22,9,3,1,479,225,0.007040563245059605,12,7,49599,49811,362,170,0,0,0,0,0,0,99326,0,0,3,0,0,0,0,0,0,0,663,0,0,0,0,0,0
132,1801,133.10113557154915,99992,24,10,3,1,485,228,0.007130570445635651,8,6,49598,49810,365,171,0,0,0,0,0,0,99320,0,0,3,0,0,0,0,0,0,0,669,0,0,0,0,0,0
133,1801,134.0216734262679,99992,18,10,3,1,486,230,0.007160572845827666,11,8,49596,49806,370,173,0,0,0,0,0,0,99311,0,0,3,0,0,0,0,0,0,0,678,0,0,0,0,0,0
134,1801,135.11177872346678,99992,18,10,3,1,489,231,0.0072005760460836865,11,8,49594,49805,372,174,0,0,0,0,0,0,99307,0,0,3,0,0,0,0,0,0,0,682,0,0,0,0,0,0
135,1801,136.07717833988562,99992,20,11,3,1,495,233,0.007280582446595727,8,7,49593,49804,374,175,0,0,0,0,0,0,99302,0,0,3,0,0,0,0,0,0,0,687,0,0,0,0,0,0
136,1801,137.09873288307864,99992,25,13,3,1,501,237,0.007380590447235779,8,4,49588,49804,374,176,0,0,0,0,0,0,99299,0,0,3,0,0,0,0,0,0,0,690,0,0,0,0,0,0
137,1801,138.00989108630358,99992,23,13,3,1,504,237,0.007410592847427794,9,6,49584,49803,379,175,0,0,0,0,0,0,99294,0,0,3,0,0,0,0,0,0,0,695,0,0,0,0,0,0
138,1801,139.1196547198923,99992,24,13,3,1,507,239,0.00746059684774782,9,6,49581,49802,381,176,0,0,0,0,0,0,99290,0,0,3,0,0,0,0,0,0,0,699,0,0,0,0,0,0
139,1801,140.11392139797653,99992,25,13,3,1,509,242,0.007510600848067845,11,5,49578,49800,381,179,0,0,0,0,0,0,99286,0,0,3,0,0,0,0,0,0,0,703,0,0,0,0,0,0
140,1801,141.0269458914206,99992,29,12,3,1,515,244,0.007590607248579887,11,10,49578,49794,377,181,0,0,0,0,0,0,99281,0,0,3,0,0,0,0,0,0,0,708,0,0,0,0,0,0
141,1801,142.0641590992834,99992,26,14,3,1,518,247,0.007650612048963917,12,7,49574,49794,383,182,0,0,0,0,0,0,99274,0,0,3,0,0,0,0,0,0,0,715,0,0,0,0,0,0
142,1801,143.09553287647296,99992,27,16,3,1,520,249,0.007690615249219938,13,9,49572,49791,383,181,0,0,0,0,0,0,99273,0,0,3,0,0,0,0,0,0,0,716,0,0,0,0,0,0
143,1801,144.03014229848299,99992,30,15,3,1,525,251,0.007760620849667973,14,11,49566,49789,385,182,0,0,0,0,0,0,99268,0,0,3,0,0,0,0,0,0,0,721,0,0,0,0,0,0
144,1801,145.10921901500149,99991,29,16,4,1,529,255,0.007840705663509716,15,9,49564,49787,386,185,0,0,0,0,0,0,99260,0,0,3,0,0,0,0,0,0,0,728,0,0,0,0,0,0
145,1801,146.08900631556054,99991,26,18,4,1,533,260,0.007930713764238782,14,7,49561,49785,393,187,0,0,0,0,0,0,99252,0,0,5,0,0,0,0,0,0,0,734,0,0,0,0,0,0
146,1801,147.03305350476353,99991,25,16,4,1,536,260,0.007960716464481803,16,14,49556,49779,397,188,0,0,0,0,0,0,99246,0,0,5,0,0,0,0,0,0,0,740,0,0,0,0,0,0
147,1801,148.02598543272842,99991,28,18,4,1,541,263,0.008040723665129862,15,13,49554,49777,397,189,0,0,0,0,0,0,99243,0,0,5,0,0,0,0,0,0,0,743,0,0,0,0,0,0
148,1801,149.1239138447449,99991,23,24,4,1,545,269,0.008140732665939935,24,14,49542,49771,405,188,0,0,0,0,0,0,99234,0,0,5,0,0,0,0,0,0,0,752,0,0,0,0,0,0
149,1801,150.22334696524723,99991,28,26,4,1,551,272,0.008230740766669,24,15,49536,49767,406,189,0,0,0,0,0,0,99232,0,0,5,0,0,0,0,0,0,0,754,0,0,0,0,0,0
150,1801,151.13150016832333,99991,27,23,4,1,555,274,0.008290746167155043,24,16,49535,49766,408,192,0,0,0,0,0,0,99222,0,0,5,0,0,0,0,0,0,0,764,0,0,0,0,0,0
151,1801,152.20505276565493,99991,30,21,4,1,563,275,0.00838075426788411,26,19,49526,49762,412,195,0,0,0,0,0,0,99214,0,0,5,0,0,0,0,0,0,0,772,0,0,0,0,0,0
152,1801,153.30492375880695,99991,41,23,4,1,576,279,0.008550769569261233,18,15,49521,49762,414,197,0,0,0,0,0,0,99210,0,0,5,0,0,0,0,0,0,0,776,0,0,0,0,0,0
153,1801,154.03924709646643,99991,42,24,4,1,578,280,0.008580772269504256,17,15,49522,49761,413,197,0,0,0,0,0,0,99209,0,0,5,0,0,0,0,0,0,0,777,0,0,0,0,0,0
154,1801,155.01732641274083,99990,40,28,5,1,584,285,0.00869086908690869,17,17,49517,49756,419,196,0,0,0,0,0,0,99200,0,0,5,0,0,0,0,0,0,0,785,0,0,0,0,0,0
155,1801,156.16164920063923,99990,44,27,5,1,591,293,0.008840884088408841,20,14,49509,49752,420,204,0,0,0,0,0,0,99188,0,0,5,0,0,0,0,0,0,0,797,0,0,0,0,0,0
156,1801,157.16662038383328,99990,44,23,5,1,595,294,0.008890889088908891,19,19,49506,49746,424,209,0,0,0,0,0,0,99179,0,0,5,0,0,0,0,0,0,0,806,0,0,0,0,0,0
157,1801,158.15315006645278,99990,44,24,5,1,600,297,0.008970897089708971,21,19,49500,49744,428,210,0,0,0,0,0,0,99172,0,0,5,0,0,0,0,0,0,0,813,0,0,0,0,0,0
158,1801,159.1698827208191,99990,39,27,5,1,604,303,0.00907090709070907,20,18,49498,49740,436,212,0,0,0,0,0,0,99160,0,0,5,0,0,0,0,0,0,0,825,0,0,0,0,0,0
159,1801,160.0935263413867,99990,38,28,5,1,609,305,0.00914091409140914,22,19,49494,49737,439,213,0,0,0,0,0,0,99153,0,0,5,0,0,0,0,0,0,0,832,0,0,0,0,0,0
160,1801,161.10530575784426,99990,37,25,5,1,616,308,0.009240924092409241,21,24,49491,49729,444,219,0,0,0,0,0,0,99139,0,0,5,0,0,0,0,0,0,0,846,0,0,0,0,0,0
161,1801,162.03924314334122,99990,36,24,5,1,620,312,0.009320932093209321,21,24,49487,49726,449,223,0,0,0,0,0,0,99129,0,0,5,0,0,0,0,0,0,0,856,0,0,0,0,0,0
162,1801,163.03116755339278,99990,37,31,5,1,624,321,0.009450945094509451,21,17,49485,49724,450,225,0,0,0,0,0,0,99124,0,0,5,0,0,0,0,0,0,0,861,0,0,0,0,0,0
163,1801,164.03336307274716,99990,41,30,5,1,633,326,0.00959095909590959,19,14,49480,49723,453,230,0,0,0,0,0,0,99113,0,0,5,0,0,0,0,0,0,0,872,0,0,0,0,0,0
164,1801,165.07114634348846,99990,48,29,5,1,641,328,0.009690969096909691,21,17,49471,49720,453,231,0,0,0,0,0,0,99109,0,0,5,0,0,0,0,0,0,0,876,0,0,0,0,0,0
165,1801,166.32588028635092,99990,44,26,5,1,648,333,0.009810981098109812,22,16,49464,49716,463,239,0,0,0,0,0,0,99090,0,0,5,0,0,0,0,0,0,0,895,0,0,0,0,0,0
166,1801,167.0552028533211,99990,42,31,5,1,651,339,0.009900990099009901,28,16,49455,49710,468,240,0,0,0,0,0,0,99084,0,0,5,0,0,0,0,0,0,0,901,0,0,0,0,0,0
167,1801,168.1705724852489,99990,44,26,5,1,659,341,0.010001000100010001,26,16,49450,49709,473,246,0,0,0,0,0,0,99071,0,0,5,0,0,0,0,0,0,0,914,0,0,0,0,0,0
168,1801,169.29510272995128,99990,41,28,5,1,660,345,0.010051005100510052,31,16,49446,49706,475,247,0,0,0,0,0,0,99065,0,0,5,0,0,0,0,0,0,0,920,0,0,0,0,0,0
169,1801,170.0234734833466,99990,40,31,5,1,664,349,0.010131013101310132,38,16,49437,49704,478,246,0,0,0,0,0,0,99059,0,0,5,0,0,0,0,0,0,0,926,0,0,0,0,0,0
170,1801,171.08837876296045,99990,42,32,5,1,671,352,0.01023102310231023,39,19,49431,49699,481,247,0,0,0,0,0,0,99052,0,0,5,0,0,0,0,0,0,0,933,0,0,0,0,0,0
171,1801,172.01430017826712,99990,46,34,5,1,677,360,0.010371037103710372,38,14,49427,49696,482,253,0,0,0,0,0,0,99044,0,0,5,0,0,0,0,0,0,0,941,0,0,0,0,0,0
172,1801,173.2302562698746,99990,45,31,5,1,683,365,0.010481048104810481,40,11,49420,49695,488,260,0,0,0,0,0,0,99029,0,0,5,0,0,0,0,0,0,0,956,0,0,0,0,0,0
173,1801,174.04925633915062,99990,44,31,5,1,688,367,0.010551055105510552,38,12,49419,49694,492,260,0,0,0,0,0,0,99021,0,0,5,0,0,0,0,0,0,0,964,0,0,0,0,0,0
174,1801,175.19964344560782,99990,43,33,5,1,698,371,0.010691069106910691,33,13,49415,49691,502,260,0,0,0,0,0,0,99009,0,0,6,0,0,0,0,0,0,0,975,0,0,0,0,0,0
175,1801,176.05635258466222,99990,47,27,5,1,707,373,0.010801080108010801,35,16,49404,49687,507,267,0,0,0,0,0,0,98997,0,0,7,0,0,0,0,0,0,0,986,0,0,0,0,0,0
176,1801,177.0715168087522,99990,51,31,5,1,714,378,0.010921092109210922,31,14,49401,49685,510,267,0,0,0,0,0,0,98993,0,0,7,0,0,0,0,0,0,0,990,0,0,0,0,0,0
177,1801,178.04090254184237,99990,51,34,5,1,721,385,0.011061106110611061,30,13,49396,49679,516,271,0,0,0,0,0,0,98982,0,0,7,0,0,0,0,0,0,0,1001,0,0,0,0,0,0
178,1801,179.18771567506005,99990,54,28,5,1,732,385,0.011171117111711171,29,23,49388,49670,522,276,0,0,0,0,0,0,98968,0,0,7,0,0,0,0,0,0,0,1015,0,0,0,0,0,0
179,1801,180.18689427279716,99990,59,26,5,1,740,389,0.011291129112911292,25,22,49387,49667,522,282,0,0,0,0,0,0,98959,0,0,7,0,0,0,0,0,0,0,1024,0,0,0,0,0,0
180,1801,181.18611044856357,99990,54,30,5,1,744,394,0.011381138113811381,32,21,49378,49664,529,282,0,0,0,0,0,0,98949,0,0,7,0,0,0,0,0,0,0,1034,0,0,0,0,0,0
181,1801,182.1315653586374,99990,53,33,5,1,751,401,0.01152115211521152,30,18,49373,49660,537,286,0,0,0,0,0,0,98937,0,0,7,0,0,0,0,0,0,0,1046,0,0,0,0,0,0
182,1801,183.12654749390754,99990,52,31,5,1,761,405,0.011661166116611662,29,18,49368,49657,544,291,0,0,0,0,0,0,98920,0,0,7,0,0,0,0,0,0,0,1063,0,0,0,0,0,0
183,1801,184.0502858065424,99990,46,30,5,1,767,410,0.011771177117711772,32,19,49361,49652,554,296,0,0,0,0,0,0,98903,0,0,8,0,0,0,0,0,0,0,1079,0,0,0,0,0,0
184,1801,185.11035896482912,99990,50,30,5,1,778,415,0.011931193119311932,28,15,49357,49653,558,299,0,0,0,0,0,0,98891,0,0,8,0,0,0,0,0,0,0,1091,0,0,0,0,0,0
185,1801,186.0147224910089,99990,47,26,5,1,784,417,0.012011201120112011,28,20,49353,49646,565,305,0,0,0,0,0,0,98877,0,0,9,0,0,0,0,0,0,0,1104,0,0,0,0,0,0
186,1801,187.0589719850309,99990,51,29,5,1,794,423,0.012171217121712171,27,17,49345,49643,570,308,0,0,0,0,0,0,98868,0,0,9,0,0,0,0,0,0,0,1113,0,0,0,0,0,0
187,1801,188.07987346182802,99989,50,30,6,1,802,428,0.012301353148846374,24,14,49342,49643,576,310,0,0,0,0,0,0,98855,0,0,9,0,0,0,0,0,0,0,1125,0,0,0,0,0,0
188,1801,189.18443199340572,99989,59,29,6,1,815,431,0.012461370750782587,26,19,49328,49640,579,309,0,0,0,0,0,0,98847,0,0,9,0,0,0,0,0,0,0,1133,0,0,0,0,0,0
189,1801,190.17736052479873,99989,63,30,6,1,826,433,0.012591385052355759,21,24,49323,49635,585,308,0,0,0,0,0,0,98839,0,0,9,0,0,0,0,0,0,0,1141,0,0,0,0,0,0
190,1801,191.1778340633269,99989,61,31,6,1,831,437,0.012681394953444879,30,25,49309,49631,592,310,0,0,0,0,0,0,98829,0,0,9,0,0,0,0,0,0,0,1151,0,0,0,0,0,0
191,1801,192.17850822968893,99989,56,33,6,1,842,445,0.012871415855744132,31,24,49301,49627,604,313,0,0,0,0,0,0,98807,0,0,9,0,0,0,0,0,0,0,1173,0,0,0,0,0,0
192,1801,193.17937811387074,99989,51,34,6,1,851,451,0.013021432357559332,29,23,49296,49623,616,317,0,0,0,0,0,0,98788,0,0,9,0,0,0,0,0,0,0,1192,0,0,0,0,0,0
193,1801,194.1803831846217,99989,54,41,6,1,857,459,0.013161447759253517,30,16,49297,49623,611,317,0,0,0,0,0,0,98784,0,0,9,0,0,0,0,0,0,0,1196,0,0,0,0,0,0
194,1801,195.2374887115546,99989,54,40,6,1,864,466,0.013301463160947704,34,14,49286,49618,618,325,0,0,0,0,0,0,98769,0,0,9,0,0,0,0,0,0,0,1211,0,0,0,0,0,0
195,1801,196.03784819257754,99989,55,44,6,1,874,471,0.013451479662762904,26,15,49285,49612,626,326,0,0,0,0,0,0,98759,0,0,9,0,0,0,0,0,0,0,1221,0,0,0,0,0,0
196,1801,197.1128944359425,99989,52,38,6,1,882,473,0.013551490663973037,30,19,49275,49607,635,333,0,0,0,0,0,0,98740,0,0,9,0,0,0,0,0,0,0,1240,0,0,0,0,0,0
197,1801,198.14256743645478,99988,54,41,7,1,890,480,0.013701644197303676,32,21,49265,49599,640,336,0,0,0,0,0,0,98730,0,0,9,0,0,0,0,0,0,0,1249,0,0,0,0,0,0
198,1801,199.14415474340123,99988,54,40,7,1,896,486,0.013821658599031884,34,22,49258,49596,645,339,0,0,0,0,0,0,98717,0,0,9,0,0,0,0,0,0,0,1262,0,0,0,0,0,0
199,1801,200.14587429620306,99988,54,39,7,1,907,488,0.013951674200904108,33,25,49249,49592,655,341,0,0,0,0,0,0,98704,0,0,10,0,0,0,0,0,0,0,1274,0,0,0,0,0,0
200,1801,201.1477614474598,99988,59,42,7,1,916,494,0.014101692203064368,42,25,49233,49590,657,340,0,0,0,0,0,0,98697,0,0,10,0,0,0,0,0,0,0,1281,0,0,0,0,0,0
201,1801,202.14981241709003,99988,62,39,7,1,927,500,0.014271712605512661,40,24,49227,49586,662,348,0,0,0,0,0,0,98680,0,0,10,0,0,0,0,0,0,0,1298,0,0,0,0,0,0
202,1801,203.15202961404535,99988,68,34,7,1,943,504,0.014471736608393007,34,21,49219,49586,670,356,0,0,0,0,0,0,98662,0,0,11,0,0,0,0,0,0,0,1315,0,0,0,0,0,0
203,1801,204.15441043783585,99988,62,33,7,1,950,508,0.014581749809977198,43,23,49203,49582,683,359,0,0,0,0,0,0,98644,0,0,11,0,0,0,0,0,0,0,1333,0,0,0,0,0,0
204,1801,205.1571134865053,99988,58,37,7,1,963,516,0.01479177501300156,41,21,49194,49576,698,363,0,0,0,0,0,0,98623,0,0,11,0,0,0,0,0,0,0,1354,0,0,0,0,0,0
205,1801,206.16003360555686,99988,60,34,7,1,971,520,0.014911789414729768,41,20,49186,49573,704,370,0,0,0,0,0,0,98610,0,0,11,0,0,0,0,0,0,0,1367,0,0,0,0,0,0
206,1801,207.16311004448534,99988,63,28,7,1,982,523,0.01505180621674601,39,23,49181,49567,708,379,0,0,0,0,0,0,98593,0,0,11,0,0,0,0,0,0,0,1384,0,0,0,0,0,0
207,1801,208.1662841826667,99988,67,31,7,1,997,527,0.015241829019482338,34,23,49173,49564,717,379,0,0,0,0,0,0,98581,0,0,11,0,0,0,0,0,0,0,1396,0,0,0,0,0,0
208,1801,209.21015301516385,99988,65,35,7,1,1001,534,0.015351842221066527,37,16,49169,49564,720,382,0,0,0,0,0,0,98572,0,0,11,0,0,0,0,0,0,0,1405,0,0,0,0,0,0
209,1801,210.07898553766458,99988,67,32,7,1,1010,537,0.015471856622794735,37,18,49160,49559,727,388,0,0,0,0,0,0,98559,0,0,11,0,0,0,0,0,0,0,1418,0,0,0,0,0,0
210,1801,211.1759563347821,99988,65,31,7,1,1023,541,0.01564187702524303,34,23,49154,49551,738,392,0,0,0,0,0,0,98539,0,0,11,0,0,0,0,0,0,0,1438,0,0,0,0,0,0
211,1801,212.17968957510973,99988,67,31,7,1,1031,546,0.015771892627115255,32,21,49151,49550,741,395,0,0,0,0,0,0,98528,0,0,11,0,0,0,0,0,0,0,1449,0,0,0,0,0,0
212,1801,213.13535159066637,99988,67,29,7,1,1038,550,0.015881905828699444,32,23,49147,49545,745,400,0,0,0,0,0,0,98516,0,0,12,0,0,0,0,0,0,0,1460,0,0,0,0,0,0
213,1801,214.13925798963373,99988,59,36,7,1,1043,560,0.016031923830859704,32,26,49145,49533,755,402,0,0,0,0,0,0,98500,0,0,12,0,0,0,0,0,0,0,1476,0,0,0,0,0,0
214,1801,215.14323732309995,99988,59,32,7,1,1052,563,0.016151938232587912,31,29,49138,49528,763,408,0,0,0,0,0,0,98484,0,0,12,0,0,0,0,0,0,0,1492,0,0,0,0,0,0
215,1801,216.14739086103774,99988,58,31,7,1,1057,570,0.016271952634316116,32,26,49136,49526,765,414,0,0,0,0,0,0,98471,0,0,13,0,0,0,0,0,0,0,1504,0,0,0,0,0,0
216,1801,217.15161658750114,99988,61,40,7,1,1069,582,0.016511981437772532,26,18,49132,49523,772,416,0,0,0,0,0,0,98459,0,0,13,0,0,0,0,0,0,0,1516,0,0,0,0,0,0
217,1801,218.0975435227084,99988,57,39,7,1,1070,587,0.016571988638636636,30,19,49128,49519,776,420,0,0,0,0,0,0,98448,0,0,13,0,0,0,0,0,0,0,1527,0,0,0,0,0,0
218,1801,219.08807727363958,99988,51,43,7,1,1071,594,0.016651998239788773,34,18,49125,49513,781,423,0,0,0,0,0,0,98438,0,0,13,0,0,0,0,0,0,0,1537,0,0,0,0,0,0
219,1801,220.16535581210616,99988,54,40,7,1,1081,600,0.01681201744209305,34,16,49119,49510,784,431,0,0,0,0,0,0,98422,0,0,13,0,0,0,0,0,0,0,1553,0,0,0,0,0,0
220,1801,221.14859460416727,99987,59,36,7,2,1092,604,0.016962205086661266,32,14,49111,49510,789,436,0,0,0,0,0,0,98408,0,0,13,0,0,0,0,0,0,0,1566,0,0,0,0,0,0
221,1801,222.29310878868506,99987,61,40,7,2,1107,610,0.017172232390210727,28,11,49109,49510,793,435,0,0,0,0,0,0,98393,0,0,13,0,0,0,0,0,0,0,1581,0,0,0,0,0,0
222,1801,223.25447169298982,99987,65,36,7,2,1118,612,0.017302249292408013,27,15,49101,49505,798,440,0,0,0,0,0,0,98380,0,0,13,0,0,0,0,0,0,0,1594,0,0,0,0,0,0
223,1801,224.0951726269439,99987,66,37,7,2,1122,615,0.017372258393591168,25,16,49102,49502,798,441,0,0,0,0,0,0,98375,0,0,13,0,0,0,0,0,0,0,1599,0,0,0,0,0,0
224,1801,225.05218988747734,99987,65,39,7,2,1130,622,0.017522277896126495,28,10,49093,49504,805,443,0,0,0,0,0,0,98361,0,0,13,0,0,0,0,0,0,0,1613,0,0,0,0,0,0
225,1801,226.04896195700474,99987,62,34,7,2,1140,625,0.01765229479832378,29,17,49087,49498,813,447,0,0,0,0,0,0,98340,0,0,13,0,0,0,0,0,0,0,1634,0,0,0,0,0,0
226,1801,227.05670019174258,99987,62,29,7,2,1147,626,0.017732305199675957,34,18,49077,49497,818,452,0,0,0,0,0,0,98327,0,0,13,0,0,0,0,0,0,0,1647,0,0,0,0,0,0
227,1801,228.1846021152338,99987,65,27,7,2,1157,627,0.0178423195015352,27,23,49077,49493,822,453,0,0,0,0,0,0,98318,0,0,14,0,0,0,0,0,0,0,1655,0,0,0,0,0,0
228,1801,229.1900403019267,99987,65,28,7,2,1170,632,0.018022342904577594,23,22,49073,49492,830,454,0,0,0,0,0,0,98301,0,0,14,0,0,0,0,0,0,0,1672,0,0,0,0,0,0
229,1801,230.19557210460243,99987,62,33,7,2,1176,637,0.018132357206436838,29,24,49064,49489,836,450,0,0,0,0,0,0,98292,0,0,14,0,0,0,0,0,0,0,1681,0,0,0,0,0,0
230,1801,231.20121669371778,99987,72,33,7,2,1189,641,0.01830237930931021,26,25,49058,49484,835,454,0,0,0,0,0,0,98285,0,0,14,0,0,0,0,0,0,0,1688,0,0,0,0,0,0
231,1801,232.20693272557529,99987,70,33,7,2,1195,648,0.018432396211507496,36,25,49046,49478,839,460,0,0,0,0,0,0,98270,0,0,14,0,0,0,0,0,0,0,1703,0,0,0,0,0,0
232,1801,233.2127771994058,99987,70,32,7,2,1207,650,0.018572414413873802,36,32,49037,49469,848,463,0,0,0,0,0,0,98255,0,0,14,0,0,0,0,0,0,0,1718,0,0,0,0,0,0
233,1801,234.2187863974259,99986,71,33,8,2,1217,654,0.018712619766767347,38,34,49029,49465,852,464,0,0,0,0,0,0,98243,0,0,14,0,0,0,0,0,0,0,1729,0,0,0,0,0,0
234,1801,235.2249115578056,99986,75,32,8,2,1227,658,0.01885263936951173,34,37,49028,49459,853,468,0,0,0,0,0,0,98232,0,0,14,0,0,0,0,0,0,0,1740,0,0,0,0,0,0
235,1801,236.23104535719432,99986,74,33,8,2,1238,665,0.019032664573040224,30,31,49022,49458,864,474,0,0,0,0,0,0,98214,0,0,14,0,0,0,0,0,0,0,1758,0,0,0,0,0,0
236,1801,237.23736236181685,99986,72,37,8,2,1243,671,0.019142679975196527,38,26,49012,49458,868,475,0,0,0,0,0,0,98205,0,0,14,0,0,0,0,0,0,0,1767,0,0,0,0,0,0
237,1801,238.24385425912658,99986,71,36,8,2,1251,675,0.019262696777548858,39,28,49004,49453,876,479,0,0,0,0,0,0,98191,0,0,14,0,0,0,0,0,0,0,1781,0,0,0,0,0,0
238,1801,239.25052418403203,99986,65,36,8,2,1260,679,0.019392714980097214,35,27,49001,49451,889,482,0,0,0,0,0,0,98173,0,0,15,0,0,0,0,0,0,0,1798,0,0,0,0,0,0
239,1801,240.257369349378,99985,61,32,9,2,1273,683,0.019562934440166026,33,29,48992,49447,903,488,0,0,0,0,0,0,98148,0,0,15,0,0,0,0,0,0,0,1822,0,0,0,0,0,0
240,1801,241.26440255743483,99985,64,36,9,2,1284,690,0.019742961444216632,26,27,48993,49442,906,491,0,0,0,0,0,0,98137,0,0,15,0,0,0,0,0,0,0,1833,0,0,0,0,0,0
241,1801,242.27150373838418,99985,67,41,9,2,1295,700,0.01995299294894234,21,22,48989,49438,912,495,0,0,0,0,0,0,98124,0,0,15,0,0,0,0,0,0,0,1846,0,0,0,0,0,0
242,1801,243.04791983013376,99985,67,43,9,2,1300,705,0.020053007951192678,17,17,48990,49439,915,497,0,0,0,0,0,0,98116,0,0,15,0,0,0,0,0,0,0,1854,0,0,0,0,0,0
243,1801,244.0800713881081,99985,65,43,9,2,1308,710,0.020183027454118117,25,25,48975,49428,924,500,0,0,0,0,0,0,98102,0,0,16,0,0,0,0,0,0,0,1867,0,0,0,0,0,0
244,1801,245.08749005374585,99985,66,43,9,2,1316,715,0.020313046957043557,28,22,48964,49427,931,504,0,0,0,0,0,0,98090,0,0,16,0,0,0,0,0,0,0,1879,0,0,0,0,0,0
245,1801,246.09508701065593,99985,64,50,9,2,1321,724,0.02045306796019403,31,18,48959,49423,935,505,0,0,0,0,0,0,98081,0,0,16,0,0,0,0,0,0,0,1888,0,0,0,0,0,0
246,1801,247.0312645472195,99985,63,54,9,2,1325,731,0.0205630844626694,37,14,48952,49421,937,507,0,0,0,0,0,0,98074,0,0,17,0,0,0,0,0,0,0,1894,0,0,0,0,0,0
247,1801,248.0048564509428,99985,62,53,9,2,1337,737,0.020743111466720008,38,17,48947,49414,942,512,0,0,0,0,0,0,98054,0,0,17,0,0,0,0,0,0,0,1914,0,0,0,0,0,0
248,1801,249.01617505802662,99984,58,50,9,3,1339,742,0.020813330132821252,41,15,48944,49413,946,517,0,0,0,0,0,0,98040,0,0,17,0,0,0,0,0,0,0,1927,0,0,0,0,0,0
249,1801,250.14490249250568,99984,64,48,9,3,1352,747,0.020993358937429988,38,16,48935,49411,952,520,0,0,0,0,0,0,98027,0,0,18,0,0,0,0,0,0,0,1939,0,0,0,0,0,0
250,1801,251.060367758206,99984,61,44,9,3,1364,751,0.021153384541526644,39,18,48927,49409,962,524,0,0,0,0,0,0,98004,0,0,18,0,0,0,0,0,0,0,1962,0,0,0,0,0,0
251,1801,252.19714704298963,99984,59,40,9,3,1377,756,0.021333413346135383,44,23,48915,49403,971,529,0,0,0,0,0,0,97980,0,0,18,0,0,0,0,0,0,0,1986,0,0,0,0,0,0
252,1801,253.20571915703093,99984,55,39,9,3,1383,762,0.02145343254920787,50,25,48904,49398,980,533,0,0,0,0,0,0,97963,0,0,18,0,0,0,0,0,0,0,2003,0,0,0,0,0,0
253,1801,254.21448099799846,99984,50,38,9,3,1391,768,0.021593454952792447,50,23,48899,49397,990,537,0,0,0,0,0,0,97943,0,0,18,0,0,0,0,0,0,0,2023,0,0,0,0,0,0
254,1801,255.22338963807,99984,58,42,9,3,1407,773,0.02180348855816931,39,24,48895,49394,997,535,0,0,0,0,0,0,97934,0,0,18,0,0,0,0,0,0,0,2032,0,0,0,0,0,0
255,1801,256.2324121700263,99984,57,42,9,3,1415,778,0.02193350936149784,44,26,48887,49389,1001,538,0,0,0,0,0,0,97920,0,0,18,0,0,0,0,0,0,0,2046,0,0,0,0,0,0
256,1801,257.2415446476,99984,52,35,9,3,1424,782,0.022063530164826373,46,24,48882,49391,1009,545,0,0,0,0,0,0,97895,0,0,18,0,0,0,0,0,0,0,2071,0,0,0,0,0,0
257,1801,258.2508297861631,99984,59,32,9,3,1434,787,0.022213554168666987,48,24,48873,49389,1009,550,0,0,0,0,0,0,97884,0,0,18,0,0,0,0,0,0,0,2082,0,0,0,0,0,0
258,1801,259.260226812556,99984,68,34,9,3,1448,795,0.022433589374299887,40,23,48869,49383,1012,555,0,0,0,0,0,0,97873,0,0,18,0,0,0,0,0,0,0,2093,0,0,0,0,0,0
259,1801,260.2696817230484,99984,62,32,9,3,1453,800,0.022533605376860298,42,23,48870,49380,1015,560,0,0,0,0,0,0,97855,0,0,18,0,0,0,0,0,0,0,2111,0,0,0,0,0,0
260,1801,261.2791743597556,99984,66,31,9,3,1462,802,0.022643622979676748,42,22,48869,49379,1012,563,0,0,0,0,0,0,97848,0,0,19,0,0,0,0,0,0,0,2117,0,0,0,0,0,0
261,1801,262.2886515682666,99984,75,37,9,3,1476,809,0.02285365658505361,35,21,48864,49374,1015,563,0,0,0,0,0,0,97843,0,0,20,0,0,0,0,0,0,0,2121,0,0,0,0,0,0
262,1801,263.2981892751692,99983,78,37,10,3,1488,813,0.023013912365102068,40,21,48849,49370,1021,567,0,0,0,0,0,0,97830,0,0,20,0,0,0,0,0,0,0,2133,0,0,0,0,0,0
263,1801,264.30793734836215,99983,78,41,10,3,1502,817,0.023193942970304953,38,28,48841,49359,1031,567,0,0,0,0,0,0,97816,0,0,20,0,0,0,0,0,0,0,2147,0,0,0,0,0,0
264,1801,265.31784330631365,99983,71,43,10,3,1511,826,0.023373973575507835,34,23,48840,49356,1043,573,0,0,0,0,0,0,97793,0,0,20,0,0,0,0,0,0,0,2170,0,0,0,0,0,0
265,1801,266.3278897998957,99983,64,43,10,3,1519,835,0.023544002480421673,33,22,48838,49350,1053,580,0,0,0,0,0,0,97769,0,0,20,0,0,0,0,0,0,0,2194,0,0,0,0,0,0
266,1801,267.0013274403567,99983,61,43,10,3,1523,837,0.023604012682155968,32,24,48835,49346,1060,582,0,0,0,0,0,0,97760,0,0,20,0,0,0,0,0,0,0,2203,0,0,0,0,0,0
267,1801,268.01159339703975,99983,71,40,10,3,1535,845,0.02380404668793695,27,22,48830,49342,1060,591,0,0,0,0,0,0,97747,0,0,20,0,0,0,0,0,0,0,2216,0,0,0,0,0,0
268,1801,269.0219276019554,99983,72,38,10,3,1542,848,0.02390406369082744,28,25,48824,49338,1064,594,0,0,0,0,0,0,97736,0,0,20,0,0,0,0,0,0,0,2227,0,0,0,0,0,0
269,1801,270.03235671618,99983,81,33,10,3,1555,855,0.024104097696608425,27,25,48820,49332,1060,605,0,0,0,0,0,0,97720,0,0,20,0,0,0,0,0,0,0,2243,0,0,0,0,0,0
270,1801,271.042849997011,99983,74,33,10,3,1563,859,0.024224118100077012,33,25,48811,49333,1070,604,0,0,0,0,0,0,97701,0,0,20,0,0,0,0,0,0,0,2262,0,0,0,0,0,0
271,1801,272.0535068879563,99983,73,36,10,3,1571,866,0.02437414360441275,41,20,48797,49335,1077,604,0,0,0,0,0,0,97689,0,0,21,0,0,0,0,0,0,0,2273,0,0,0,0,0,0
272,1801,273.27359169335915,99983,63,33,10,3,1580,871,0.02451416740845944,43,21,48791,49331,1091,610,0,0,0,0,0,0,97662,0,0,21,0,0,0,0,0,0,0,2300,0,0,0,0,0,0
273,1801,274.0449023754173,99982,64,33,11,3,1584,876,0.024604428797183494,42,18,48791,49330,1090,614,0,0,0,0,0,0,97654,0,0,21,0,0,0,0,0,0,0,2307,0,0,0,0,0,0
274,1801,275.3189540560141,99982,68,27,11,3,1598,878,0.024764457602368426,42,29,48784,49319,1093,620,0,0,0,0,0,0,97636,0,0,21,0,0,0,0,0,0,0,2325,0,0,0,0,0,0
275,1801,276.3301766173668,99982,65,28,11,3,1609,884,0.024934488207877418,43,26,48772,49317,1107,624,0,0,0,0,0,0,97617,0,0,21,0,0,0,0,0,0,0,2344,0,0,0,0,0,0
276,1801,277.0044584463635,99981,64,30,12,3,1615,888,0.025034756603754715,42,23,48771,49316,1109,626,0,0,0,0,0,0,97608,0,0,21,0,0,0,0,0,0,0,2352,0,0,0,0,0,0
277,1801,278.01594847323946,99981,62,30,12,3,1620,895,0.025154779408087538,48,19,48763,49313,1113,633,0,0,0,0,0,0,97594,0,0,21,0,0,0,0,0,0,0,2366,0,0,0,0,0,0
278,1801,279.0659869244693,99981,68,29,12,3,1634,899,0.02533481361458677,45,19,48757,49310,1116,637,0,0,0,0,0,0,97581,0,0,21,0,0,0,0,0,0,0,2379,0,0,0,0,0,0
279,1801,280.21235806469156,99981,67,26,12,3,1651,902,0.025534851621808144,50,20,48738,49309,1131,640,0,0,0,0,0,0,97557,0,0,21,0,0,0,0,0,0,0,2403,0,0,0,0,0,0
280,1801,281.22446601109135,99981,79,22,12,3,1674,904,0.02578489913083486,35,24,48732,49307,1140,642,0,0,0,0,0,0,97540,0,0,21,0,0,0,0,0,0,0,2420,0,0,0,0,0,0
281,1801,282.23673228169076,99979,71,26,14,3,1679,910,0.02589543804198882,46,24,48722,49303,1145,642,0,0,0,0,0,0,97525,0,0,21,0,0,0,0,0,0,0,2433,0,0,0,0,0,0
282,1801,283.24914789415317,99979,68,28,14,3,1689,915,0.026045469548605208,55,22,48705,49301,1156,644,0,0,0,0,0,0,97509,0,0,21,0,0,0,0,0,0,0,2449,0,0,0,0,0,0
283,1801,284.26184405590686,99979,62,27,14,3,1700,917,0.02617549685433941,59,25,48694,49300,1169,643,0,0,0,0,0,0,97489,0,0,21,0,0,0,0,0,0,0,2469,0,0,0,0,0,0
284,1801,285.2747976504556,99979,69,27,14,3,1713,920,0.026335530461396892,54,24,48690,49300,1171,644,0,0,0,0,0,0,97480,0,0,21,0,0,0,0,0,0,0,2478,0,0,0,0,0,0
285,1801,286.2878196336155,99979,66,26,14,3,1724,925,0.026495564068454377,53,22,48682,49303,1183,644,0,0,0,0,0,0,97460,0,0,21,0,0,0,0,0,0,0,2498,0,0,0,0,0,0
286,1801,287.30102993071864,99979,75,29,14,3,1742,931,0.0267356144790406,51,19,48672,49303,1186,644,0,0,0,0,0,0,97448,0,0,21,0,0,0,0,0,0,0,2510,0,0,0,0,0,0
287,1801,288.02518415718043,99979,71,29,14,3,1747,935,0.026825633383010434,52,19,48674,49302,1187,645,0,0,0,0,0,0,97435,0,0,21,0,0,0,0,0,0,0,2523,0,0,0,0,0,0
288,1801,289.03854875614735,99979,73,26,14,3,1760,940,0.027005671190950098,50,25,48666,49291,1195,653,0,0,0,0,0,0,97416,0,0,21,0,0,0,0,0,0,0,2542,0,0,0,0,0,0
289,1801,290.05204171628804,99979,79,27,14,3,1776,948,0.02724572160153632,43,23,48662,49287,1200,658,0,0,0,0,0,0,97399,0,0,21,0,0,0,0,0,0,0,2559,0,0,0,0,0,0
290,1801,291.0656460214299,99979,81,27,14,3,1784,950,0.02734574260594725,49,24,48651,49284,1203,660,0,0,0,0,0,0,97391,0,0,21,0,0,0,0,0,0,0,2567,0,0,0,0,0,0
291,1801,292.07937502957225,99979,82,29,14,3,1794,956,0.02750577621300473,47,23,48646,49285,1209,658,0,0,0,0,0,0,97378,0,0,21,0,0,0,0,0,0,0,2580,0,0,0,0,0,0
292,1801,293.09323105128334,99979,79,32,14,3,1804,962,0.027665809820062212,51,23,48635,49282,1219,658,0,0,0,0,0,0,97362,0,0,21,0,0,0,0,0,0,0,2596,0,0,0,0,0,0
293,1801,294.10726500255277,99979,77,40,14,3,1817,971,0.027885856029766252,49,20,48626,49278,1232,657,0,0,0,0,0,0,97347,0,0,22,0,0,0,0,0,0,0,2610,0,0,0,0,0,0
294,1801,295.036825131351,99979,71,39,14,3,1821,978,0.02799587913461827,54,15,48617,49278,1242,663,0,0,0,0,0,0,97331,0,0,24,0,0,0,0,0,0,0,2624,0,0,0,0,0,0
295,1801,296.16160028687136,99979,72,35,14,3,1837,980,0.028175916942557937,55,19,48609,49273,1248,668,0,0,0,0,0,0,97311,0,0,25,0,0,0,0,0,0,0,2643,0,0,0,0,0,0
296,1801,297.25643858110146,99979,87,35,14,3,1862,987,0.028495984156672902,56,24,48586,49263,1255,673,0,0,0,0,0,0,97294,0,0,25,0,0,0,0,0,0,0,2660,0,0,0,0,0,0
297,1801,298.2712990089294,99979,96,35,14,3,1883,992,0.02875603876814131,44,26,48581,49259,1263,675,0,0,0,0,0,0,97278,0,0,26,0,0,0,0,0,0,0,2675,0,0,0,0,0,0
298,1801,299.2863349174777,99979,83,36,14,3,1891,996,0.02887606397343442,47,30,48576,49254,1278,675,0,0,0,0,0,0,97255,0,0,27,0,0,0,0,0,0,0,2697,0,0,0,0,0,0
299,1801,300.30156506566505,99979,80,36,14,3,1905,1004,0.02909611018313846,44,30,48569,49250,1291,679,0,0,0,0,0,0,97230,0,0,27,0,0,0,0,0,0,0,2722,0,0,0,0,0,0
300,1801,301.3170182342431,99979,72,38,14,3,1909,1012,0.029216135388431572,45,25,48566,49250,1301,682,0,0,0,0,0,0,97212,0,0,27,0,0,0,0,0,0,0,2740,0,0,0,0,0,0
301,1801,302.332597757396,99979,71,34,14,3,1917,1016,0.02933616059372468,46,31,48560,49243,1307,687,0,0,0,0,0,0,97195,0,0,27,0,0,0,0,0,0,0,2757,0,0,0,0,0,0
302,1801,303.00971529769294,99979,81,36,14,3,1931,1022,0.029536202602546534,43,29,48553,49240,1307,690,0,0,0,0,0,0,97187,0,0,27,0,0,0,0,0,0,0,2765,0,0,0,0,0,0
303,1801,304.0255399106019,99979,78,39,14,3,1940,1030,0.02970623831004511,48,31,48543,49231,1315,694,0,0,0,0,0,0,97171,0,0,28,0,0,0,0,0,0,0,2780,0,0,0,0,0,0
304,1801,305.0414757514894,99979,77,40,14,3,1952,1035,0.029876274017543683,47,35,48534,49227,1326,693,0,0,0,0,0,0,97154,0,0,28,0,0,0,0,0,0,0,2797,0,0,0,0,0,0
305,1801,306.057602669828,99979,72,41,14,3,1958,1044,0.030026305524160073,52,31,48530,49223,1330,700,0,0,0,0,0,0,97135,0,0,28,0,0,0,0,0,0,0,2816,0,0,0,0,0,0
306,1801,307.0738362337641,99979,78,42,14,3,1969,1051,0.03020634333209974,50,29,48525,49219,1331,705,0,0,0,0,0,0,97125,0,0,29,0,0,0,0,0,0,0,2825,0,0,0,0,0,0
307,1801,308.09014099977907,99979,75,42,14,3,1978,1057,0.03035637483871613,55,29,48514,49215,1340,709,0,0,0,0,0,0,97107,0,0,29,0,0,0,0,0,0,0,2843,0,0,0,0,0,0
308,1801,309.1066388967302,99979,79,46,14,3,1990,1063,0.030536412646655797,59,27,48499,49213,1347,709,0,0,0,0,0,0,97098,0,0,30,0,0,0,0,0,0,0,2851,0,0,0,0,0,0
309,1801,310.1233597261576,99979,84,47,14,3,2005,1067,0.030726452555036556,57,27,48491,49210,1352,711,0,0,0,0,0,0,97085,0,0,30,0,0,0,0,0,0,0,2864,0,0,0,0,0,0
310,1801,311.14020540485626,99979,99,46,14,3,2025,1073,0.030986507166504966,50,28,48482,49207,1353,714,0,0,0,0,0,0,97073,0,0,30,0,0,0,0,0,0,0,2876,0,0,0,0,0,0
311,1801,312.1571637780389,99979,94,48,14,3,2035,1083,0.03118654917532682,53,23,48470,49206,1367,718,0,0,0,0,0,0,97050,0,0,30,0,0,0,0,0,0,0,2899,0,0,0,0,0,0
312,1801,313.1743869607231,99979,101,44,14,3,2054,1086,0.03140659538503086,49,28,48460,49199,1374,724,0,0,0,0,0,0,97031,0,0,30,0,0,0,0,0,0,0,2918,0,0,0,0,0,0
313,1801,314.19180474406477,99979,108,46,14,3,2066,1096,0.0316266415947349,51,25,48453,49194,1372,730,0,0,0,0,0,0,97018,0,0,30,0,0,0,0,0,0,0,2931,0,0,0,0,0,0
314,1801,315.2093072117478,99979,103,51,14,3,2076,1108,0.03184668780443893,59,22,48438,49186,1384,736,0,0,0,0,0,0,96996,0,0,30,0,0,0,0,0,0,0,2953,0,0,0,0,0,0
315,1801,316.227071874568,99979,107,47,14,3,2090,1114,0.03204672981326079,65,25,48420,49179,1392,744,0,0,0,0,0,0,96976,0,0,30,0,0,0,0,0,0,0,2973,0,0,0,0,0,0
316,1801,317.2450942981452,99979,106,44,14,3,2106,1119,0.03225677392252373,66,35,48403,49164,1409,752,0,0,0,0,0,0,96951,0,0,30,0,0,0,0,0,0,0,2998,0,0,0,0,0,0
317,1801,318.2634110168583,99979,106,43,14,3,2119,1126,0.032456815931345584,70,36,48397,49157,1411,759,0,0,0,0,0,0,96930,0,0,30,0,0,0,0,0,0,0,3019,0,0,0,0,0,0
318,1801,319.281887343704,99979,107,42,14,3,2133,1132,0.032656857940167434,72,37,48385,49154,1420,762,0,0,0,0,0,0,96911,0,0,31,0,0,0,0,0,0,0,3037,0,0,0,0,0,0
319,1801,320.3005566670647,99979,112,39,14,3,2154,1136,0.03290691045119475,72,45,48365,49143,1434,767,1,1,1,1,0,0,96886,0,0,31,0,0,0,0,0,0,2,3060,0,0,0,0,0,0
320,1801,321.017263839563,99979,108,40,14,3,2160,1138,0.03298692725472349,71,48,48360,49137,1443,768,2,2,2,2,0,0,96873,0,0,31,0,0,0,0,0,0,4,3071,0,0,0,0,0,0
321,1801,322.0740789169885,99979,106,38,14,3,2174,1146,0.03320697346442753,80,49,48340,49129,1455,776,3,3,3,3,0,0,96845,0,0,31,0,0,0,0,0,0,6,3097,0,0,0,0,0,0
322,1801,323.12429602187746,99979,114,29,14,3,2206,1151,0.033577051180747955,72,53,48321,49126,1474,784,3,3,4,4,0,0,96806,0,0,32,0,0,0,0,0,0,8,3133,0,0,0,0,0,0
323,1801,324.0253390875503,99979,114,34,14,3,2223,1158,0.03381710159133418,67,58,48311,49115,1488,784,4,4,5,5,0,0,96785,0,0,32,0,0,0,0,0,0,10,3152,0,0,0,0,0,0
324,1801,325.03812272275786,99979,114,41,14,3,2238,1168,0.0340671541023615,68,51,48298,49111,1499,787,5,5,6,6,0,0,96765,0,0,32,0,0,0,0,0,0,12,3170,0,0,0,0,0,0
325,1801,326.3349635320697,99979,114,47,14,3,2255,1177,0.0343272087138299,73,50,48279,49107,1512,785,6,6,7,7,0,0,96743,0,0,32,0,0,0,0,0,0,14,3190,0,0,0,0,0,0
326,1801,327.1013090912484,99979,111,50,14,3,2267,1184,0.034517248622210665,70,50,48270,49104,1526,784,7,7,8,8,0,0,96722,0,0,32,0,0,0,0,0,0,16,3209,0,0,0,0,0,0
327,1801,328.0129400465193,99979,117,55,14,3,2289,1202,0.034917332639854366,71,44,48252,49095,1536,793,8,8,9,9,0,0,96691,0,0,32,0,0,0,0,0,0,18,3238,0,0,0,0,0,0
328,1801,329.0173714859492,99979,121,60,14,3,2305,1214,0.03519739145220496,67,39,48243,49088,1544,799,9,9,10,10,0,0,96670,0,0,32,0,0,0,0,0,0,20,3257,0,0,0,0,0,0
329,1801,330.0407346013316,99979,116,64,14,3,2317,1225,0.03542743976235009,70,40,48232,49076,1556,805,10,10,11,11,0,0,96645,0,0,33,0,0,0,0,0,0,22,3279,0,0,0,0,0,0
330,1801,331.0087145797406,99979,113,60,14,3,2331,1229,0.03560747757028976,66,47,48227,49066,1567,811,11,11,12,12,0,0,96618,0,0,33,0,0,0,0,0,0,24,3304,0,0,0,0,0,0
331,1801,332.0540329201985,99979,105,66,14,3,2350,1246,0.03596755318616909,62,39,48214,49059,1591,819,12,12,13,13,0,0,96579,0,0,34,0,0,0,0,0,0,26,3340,0,0,0,0,0,0
332,1801,333.0300760859479,99979,111,68,14,3,2365,1257,0.03622760779763751,64,39,48202,49048,1594,827,13,13,14,14,0,0,96560,0,0,35,0,0,0,0,0,0,28,3356,0,0,0,0,0,0
333,1801,334.1119164083181,99978,113,66,14,4,2381,1265,0.03646802296505231,71,38,48182,49044,1604,832,14,14,15,15,0,0,96534,0,0,35,0,0,0,0,0,0,30,3379,0,0,0,0,0,0
334,1801,335.0125293338492,99978,111,70,14,4,2395,1277,0.03672808017763908,80,38,48168,49033,1610,838,15,15,16,16,0,0,96509,0,0,36,0,0,0,0,0,0,32,3401,0,0,0,0,0,0
335,1801,336.2224631918944,99978,114,63,14,4,2413,1285,0.03698813739022585,85,36,48150,49027,1619,852,16,16,17,17,0,0,96477,0,0,36,0,0,0,0,0,0,34,3431,0,0,0,0,0,0
336,1801,337.02598614570866,99978,127,59,14,4,2436,1293,0.03729820560523315,75,35,48139,49022,1626,861,17,17,18,18,0,0,96453,0,0,36,0,0,0,0,0,0,36,3453,0,0,0,0,0,0
337,1801,338.0072524162522,99978,139,64,14,4,2455,1305,0.03760827382024045,77,34,48125,49012,1625,866,18,18,19,19,0,0,96437,0,0,36,0,0,0,0,0,0,38,3467,0,0,0,0,0,0
338,1801,339.03387857126563,99978,148,68,14,4,2480,1315,0.03795835083718418,82,37,48101,49001,1634,869,19,19,20,20,0,0,96414,0,0,37,0,0,0,0,0,0,40,3487,0,0,0,0,0,0
339,1801,340.05253521067743,99978,148,74,14,4,2502,1327,0.0382984256536438,80,37,48087,48990,1649,873,20,20,21,21,0,0,96384,0,0,37,0,0,0,0,0,0,42,3515,0,0,0,0,0,0
340,1801,341.05527756137496,99978,144,73,14,4,2521,1334,0.03855848286623057,82,36,48068,48983,1669,881,21,21,22,22,0,0,96353,0,0,39,0,0,0,0,0,0,44,3542,0,0,0,0,0,0
341,1801,342.0911633215267,99978,147,73,14,4,2554,1345,0.03899857968753126,80,42,48049,48970,1686,887,22,22,23,23,0,0,96311,0,0,40,0,0,0,0,0,0,46,3581,0,0,0,0,0,0
342,1801,343.1162664571682,99978,146,71,14,4,2573,1354,0.03927864130108624,87,49,48024,48958,1704,893,23,23,24,24,0,0,96279,0,0,41,0,0,0,0,0,0,48,3610,0,0,0,0,0,0
343,1801,344.14175473850736,99978,148,73,14,4,2594,1364,0.03958870951609354,92,48,48004,48951,1716,898,24,24,25,25,0,0,96251,0,0,41,0,0,0,0,0,0,49,3636,1,0,0,0,0,0
344,1801,345.16764031295793,99978,146,78,14,4,2615,1378,0.03993878653303727,95,47,47986,48940,1732,904,25,25,26,27,0,0,96218,0,0,43,0,0,0,0,0,0,52,3664,1,0,0,0,0,0
345,1801,346.19386618220585,99978,143,79,14,4,2638,1392,0.040308867950949206,97,44,47964,48930,1753,914,27,27,28,29,0,0,96176,0,0,44,0,0,0,0,0,0,56,3701,1,0,0,0,0,0
346,1801,347.2205618925209,99978,135,76,14,4,2657,1402,0.0405989317649883,104,45,47945,48923,1771,921,29,29,30,31,0,0,96135,0,0,47,0,0,0,0,0,0,60,3735,1,0,0,0,0,0
347,1801,348.2477359107908,99978,144,73,14,4,2682,1415,0.040979015383384346,113,38,47913,48917,1783,935,31,31,32,33,0,0,96101,0,0,48,0,0,0,0,0,0,63,3764,2,0,0,0,0,0
348,1801,349.2753942110951,99978,143,77,14,4,2702,1426,0.041289083598391646,112,47,47901,48899,1795,938,33,33,34,35,0,0,96070,0,0,49,0,0,0,0,0,0,67,3790,2,0,0,0,0,0
349,1801,350.3033237031347,99978,134,83,14,4,2724,1441,0.04165916501630359,114,46,47887,48887,1815,942,34,36,37,38,0,0,96025,0,0,49,0,0,0,0,0,0,72,3829,3,0,0,0,0,0
350,1801,351.33161343006935,99978,149,77,14,4,2762,1451,0.0421392706395407,96,48,47870,48877,1833,953,36,39,40,41,0,0,95981,0,0,50,0,0,0,0,0,0,78,3866,3,0,0,0,0,0
351,1801,352.01732509260484,99978,150,79,14,4,2779,1457,0.04236932125067515,98,50,47855,48868,1842,955,39,42,43,44,0,0,95958,0,0,53,0,0,0,0,0,0,84,3880,3,0,0,0,0,0
352,1801,353.04625440422035,99978,148,86,14,4,2805,1474,0.042799415871491726,97,56,47833,48845,1863,961,43,46,47,48,0,0,95913,0,0,54,0,0,0,0,0,0,92,3916,3,0,0,0,0,0
353,1801,354.07560309754865,99978,164,83,14,4,2833,1488,0.0432195082918242,93,56,47815,48830,1865,975,47,50,51,52,0,0,95876,0,0,54,0,0,0,0,0,0,100,3945,3,0,0,0,0,0
354,1801,355.10529391685577,99978,163,81,14,4,2860,1499,0.043599591910220246,94,57,47789,48819,1886,984,52,53,56,57,0,0,95828,0,0,56,0,0,0,0,0,0,109,3981,4,0,0,0,0,0
355,1801,356.1354662581971,99978,168,84,14,4,2884,1516,0.04400968213006862,97,55,47765,48802,1898,996,56,57,61,62,0,0,95786,0,0,57,0,0,0,0,0,0,119,4012,4,0,0,0,0,0
356,1801,357.16606408225687,99978,173,90,14,4,2909,1535,0.0444497789513693,102,54,47738,48781,1910,1006,61,63,67,67,0,0,95744,0,0,57,0,0,0,0,0,0,128,4043,6,0,0,0,0,0
357,1801,358.1970862969616,99978,180,96,14,4,2934,1549,0.044839864770249455,103,49,47708,48770,1926,1010,67,69,73,73,0,0,95707,0,0,57,0,0,0,0,0,0,139,4068,7,0,0,0,0,0
358,1801,359.2286736529565,99978,180,100,14,4,2958,1564,0.04522995058912961,100,45,47687,48763,1943,1012,74,74,80,80,0,0,95660,0,0,58,0,0,0,0,0,0,152,4100,8,0,0,0,0,0
359,1801,360.2607537836023,99978,183,105,14,4,2985,1581,0.04567004741043029,108,49,47649,48738,1963,1020,81,82,88,87,0,0,95613,0,0,61,0,0,0,0,0,0,166,4129,9,0,0,0,0,0
360,1801,361.2934645159007,99978,191,104,14,4,3022,1594,0.04617015743463562,96,55,47625,48713,1983,1031,89,91,97,95,0,0,95555,0,0,62,0,0,0,0,0,0,182,4169,10,0,0,0,0,0
361,1801,362.3267314550045,99978,188,102,14,4,3050,1606,0.04657024545399988,96,59,47595,48688,2007,1044,98,101,107,104,0,0,95491,0,0,62,0,0,0,0,0,0,201,4214,10,0,0,0,0,0
362,1801,363.0159297463641,99978,182,102,14,4,3065,1614,0.04680029606513433,101,64,47577,48668,2017,1048,107,112,118,113,0,0,95443,0,0,62,0,0,0,0,0,0,220,4242,11,0,0,0,0,0
363,1801,364.0502911920436,99978,173,107,14,4,3087,1631,0.04719038188401448,110,64,47544,48646,2040,1055,117,122,130,123,0,0,95380,0,0,63,0,0,0,0,0,0,241,4282,12,0,0,0,0,0
364,1801,365.085328065361,99978,179,111,14,4,3116,1651,0.0476804897077357,114,62,47506,48622,2057,1064,128,135,143,134,0,0,95318,0,0,63,0,0,0,0,0,0,264,4320,13,0,0,0,0,0
365,1801,366.1210650837505,99978,191,98,14,4,3151,1663,0.04815059313048871,115,58,47465,48606,2074,1084,139,148,157,146,0,0,95246,0,0,64,0,0,0,0,0,0,289,4365,14,0,0,0,0,0
366,1801,367.15758782362764,99978,200,92,14,4,3182,1673,0.04856068335033707,113,66,47438,48579,2081,1095,152,162,172,159,0,0,95182,0,0,64,0,0,0,0,0,0,315,4401,16,0,0,0,0,0
367,1801,368.194671617845,99978,197,97,14,4,3209,1689,0.04899077797115366,118,63,47406,48552,2098,1104,165,178,189,173,0,0,95112,0,0,65,0,0,0,0,0,0,345,4439,17,0,0,0,0,0
368,1801,369.23240336450664,99978,198,100,14,4,3243,1709,0.04953089679729541,122,63,47367,48522,2119,1115,178,194,207,188,0,0,95034,0,0,65,0,0,0,0,0,0,373,4484,22,0,0,0,0,0
369,1801,370.2709064526492,99978,204,103,14,4,3277,1724,0.05002100462101662,114,59,47329,48496,2144,1122,193,214,227,205,0,0,94957,0,0,65,0,0,0,0,0,0,410,4524,22,0,0,0,0,0
370,1801,371.31023091311954,99978,209,113,14,4,3314,1747,0.050621136650063014,114,55,47288,48461,2163,1130,210,235,249,223,0,0,94872,0,0,65,0,0,0,0,0,0,450,4569,22,0,0,0,0,0
371,1801,372.0035470768967,99978,211,116,14,4,3336,1757,0.050941207065554425,110,57,47254,48432,2180,1131,229,258,273,242,0,0,94805,0,0,65,1,0,0,0,0,0,491,4593,23,0,0,0,0,0
372,1801,373.0444011100556,99978,206,113,14,4,3370,1774,0.05145131929024385,106,67,47212,48384,2212,1146,248,284,299,263,0,0,94704,0,0,67,1,0,0,0,0,0,535,4645,26,0,0,0,0,0
373,1801,374.08626094435976,99978,210,113,14,4,3395,1792,0.05188141391106044,121,68,47157,48343,2227,1159,269,311,327,285,0,0,94619,0,0,68,1,0,0,0,0,0,582,4679,29,0,0,0,0,0
374,1801,375.12912190377335,99976,208,108,15,5,3431,1803,0.05235256461550772,127,79,47100,48295,2257,1172,291,339,357,309,0,0,94518,0,0,71,1,0,0,0,0,0,632,4721,33,0,0,0,0,0
375,1801,376.1731506281371,99975,215,119,15,6,3463,1829,0.05293323330832708,129,76,47052,48250,2273,1177,314,370,390,334,0,0,94424,0,0,71,1,0,0,0,0,0,686,4756,37,0,0,0,0,0
376,1801,377.21812537580854,99975,220,112,15,6,3493,1843,0.05337334333583396,126,76,47008,48206,2289,1193,340,405,425,361,0,0,94319,0,0,71,1,0,0,0,0,0,745,4799,40,0,0,0,0,0
377,1801,378.2640385711888,99975,225,123,15,6,3526,1863,0.053903475868967245,125,72,46961,48161,2304,1193,368,443,463,390,0,0,94222,0,0,73,1,0,0,0,0,0,807,4827,45,0,0,0,0,0
378,1801,379.31086521198586,99974,214,134,16,6,3546,1887,0.054344129473663155,131,65,46911,48110,2327,1201,399,482,504,421,0,0,94112,0,0,74,1,0,0,0,0,0,874,4863,50,0,0,0,0,0
379,1801,380.0093926932234,99974,224,131,16,6,3574,1895,0.05470422309800548,131,72,46858,48057,2337,1210,432,522,548,454,0,0,94010,0,0,75,1,0,0,0,0,0,948,4887,53,0,0,0,0,0
380,1801,381.0584151845741,99974,227,124,16,6,3612,1912,0.05525436613519515,131,72,46800,48000,2359,1228,465,568,595,489,0,0,93873,0,0,77,1,0,0,0,0,0,1028,4940,55,0,0,0,0,0
381,1801,382.10876898274006,99974,236,128,16,6,3654,1932,0.05587452737711805,130,78,46735,47931,2386,1237,495,618,646,526,0,0,93740,0,0,78,1,0,0,0,0,0,1113,4984,58,0,0,0,0,0
382,1801,383.1604643283038,99974,242,131,16,6,3696,1951,0.056484686018364774,134,80,46658,47860,2416,1250,532,671,700,566,0,0,93604,0,0,81,1,0,0,0,0,0,1200,5023,65,0,0,0,0,0
383,1801,384.2137099692781,99974,234,130,16,6,3720,1971,0.056924800448116514,159,81,46588,47787,2428,1266,573,728,758,608,0,0,93460,0,0,80,2,0,0,0,0,0,1291,5068,73,0,0,0,0,0
384,1801,385.26832573017526,99973,241,132,16,7,3750,1994,0.057455512988506895,162,74,46521,47718,2441,1278,617,789,820,653,0,0,93315,0,0,81,2,0,0,0,0,0,1393,5104,78,0,0,0,0,0
385,1801,386.32436823489047,99972,238,119,16,8,3795,2005,0.058016244548473574,160,82,46443,47644,2478,1296,663,849,886,700,0,0,93136,0,0,81,2,0,0,0,0,0,1500,5169,84,0,0,0,0,0
386,1801,387.0294324438742,99972,256,126,16,8,3830,2023,0.05854639299003721,146,76,46375,47572,2493,1300,712,916,957,750,0,0,92990,0,0,81,2,0,0,0,0,0,1618,5194,87,0,0,0,0,0
387,1801,388.0888206261994,99971,242,133,17,8,3869,2047,0.05917716137679927,159,74,46275,47485,2540,1310,765,988,1032,803,0,0,92801,0,0,84,3,0,0,0,0,0,1741,5251,91,0,0,0,0,0
388,1801,389.1502741330392,99970,236,132,18,8,3902,2069,0.059727918375512654,155,75,46207,47391,2564,1328,818,1064,1112,859,0,0,92616,0,0,89,3,0,0,0,0,0,1869,5294,99,0,0,0,0,0
389,1801,390.21354400998,99970,241,140,18,8,3954,2092,0.06047814344303291,144,74,46121,47299,2601,1332,873,1145,1197,918,0,0,92420,0,0,90,3,0,0,0,0,0,2004,5345,108,0,0,0,0,0
390,1801,391.27876750543965,99970,240,133,18,8,3989,2110,0.06100830249074722,145,76,46035,47194,2630,1354,930,1233,1287,980,0,0,92210,0,0,90,3,0,0,0,0,0,2153,5403,111,0,0,0,0,0
391,1801,392.34597515106526,99970,238,123,18,8,4023,2122,0.06146844053215965,141,88,45959,47087,2653,1369,989,1323,1382,1045,0,0,92003,0,0,92,3,0,0,0,0,0,2304,5448,120,0,0,0,0,0
392,1801,393.0584437564541,99970,244,135,18,8,4059,2147,0.06207862358707612,133,76,45876,46984,2672,1373,1055,1422,1483,1114,0,0,91803,0,0,95,3,0,0,0,0,0,2464,5475,130,0,0,0,0,0
393,1801,394.12932420718244,99969,250,137,19,8,4097,2169,0.06267943062349328,128,86,45800,46861,2680,1381,1121,1525,1590,1186,0,0,91583,0,0,95,3,0,0,0,0,0,2632,5515,141,0,0,0,0,0
394,1801,395.201991886893,99969,250,138,19,8,4134,2184,0.06319959187348077,126,86,45708,46745,2701,1390,1194,1631,1703,1262,0,0,91353,0,0,98,3,0,0,0,0,0,2814,5553,148,0,0,0,0,0
395,1801,396.27681486110566,99969,248,152,19,8,4169,2218,0.06388980583981034,141,80,45591,46617,2728,1400,1271,1741,1822,1341,0,0,91112,0,0,101,3,0,0,0,0,0,3001,5593,159,0,0,0,0,0
396,1801,397.35416463003656,99969,240,153,19,8,4209,2239,0.06449999499844952,147,82,45483,46480,2763,1415,1346,1860,1948,1424,0,0,90850,0,0,106,3,0,0,0,0,0,3200,5641,169,0,0,0,0,0
397,1801,398.0738017337198,99969,245,158,19,8,4233,2255,0.06490011903690145,151,86,45381,46350,2771,1410,1431,1986,2080,1511,0,0,90617,0,0,107,3,0,0,0,0,0,3404,5654,184,0,0,0,0,0
398,1801,399.15597700111545,99969,256,153,19,8,4271,2276,0.06549030199361802,139,81,45281,46218,2785,1429,1518,2109,2219,1602,0,0,90347,0,0,109,3,0,0,0,0,0,3623,5692,195,0,0,0,0,0
399,1801,400.2405817767261,99969,254,155,19,8,4307,2304,0.0661305004551411,145,70,45163,46072,2808,1443,1609,2250,2365,1697,0,0,90055,0,0,110,3,0,0,0,0,0,3852,5742,207,0,0,0,0,0
400,1801,401.3279104324422,99969,246,159,19,8,4339,2326,0.06667066790705119,140,68,45060,45923,2832,1446,1701,2394,2519,1796,0,0,89763,0,0,113,3,0,0,0,0,0,4089,5778,223,0,0,0,0,0
401,1801,402.0542717311946,99969,249,153,19,8,4367,2337,0.06706078884454181,136,68,44942,45771,2849,1447,1803,2551,2680,1900,0,0,89475,0,0,111,5,0,0,0,0,0,4335,5803,240,0,0,0,0,0
402,1801,403.14712408938857,99969,248,146,19,8,4400,2360,0.0676209624983745,149,61,44808,45613,2868,1460,1906,2710,2849,2008,0,0,89162,0,0,115,6,0,0,0,0,0,4589,5835,262,0,0,0,0,0
403,1801,404.24312460717346,99969,253,144,19,8,4432,2373,0.0680711020416329,168,65,44676,45434,2875,1464,2007,2883,3026,2120,0,0,88851,0,0,115,6,0,0,0,0,0,4858,5857,282,0,0,0,0,0
404,1801,405.3421116743161,99969,267,130,19,8,4484,2389,0.06875131290700116,160,66,44543,45252,2890,1482,2119,3060,3211,2237,0,0,88499,0,0,117,6,0,0,0,0,0,5144,5905,298,0,0,0,0,0
405,1801,406.07655041939176,99969,265,129,19,8,4510,2402,0.0691414338444918,155,65,44414,45063,2909,1486,2236,3247,3404,2359,0,0,88161,0,0,119,6,0,0,0,0,0,5442,5926,315,0,0,0,0,0
406,1801,407.1820054913382,99969,274,126,19,8,4553,2422,0.06977162920505357,147,56,44283,44874,2922,1500,2353,3434,3606,2485,0,0,87798,0,0,121,6,0,0,0,0,0,5750,5959,335,0,0,0,0,0
407,1801,408.2908273762146,99969,260,123,19,8,4582,2435,0.07019175944542808,161,58,44131,44675,2948,1503,2479,3631,3817,2616,0,0,87422,0,0,122,6,0,0,0,0,0,6068,5992,359,0,0,0,0,0
408,1801,409.03211580333505,99969,267,122,19,8,4613,2445,0.0706018865848413,156,57,43994,44461,2953,1507,2609,3843,4036,2752,0,0,87056,0,0,123,6,0,0,0,0,0,6400,6002,382,0,0,0,0,0
409,1801,410.14817626233446,99969,269,120,19,8,4653,2458,0.0711320509357901,151,66,43849,44230,2971,1514,2739,4060,4264,2893,0,0,86657,0,0,124,6,0,0,0,0,0,6747,6031,404,0,0,0,0,0
410,1801,411.26791124499334,99968,275,120,20,8,4702,2474,0.07178297055057618,149,75,43691,43991,2990,1522,2873,4282,4501,3039,0,0,86240,0,0,125,9,0,0,0,0,0,7109,6063,422,0,0,0,0,0
411,1801,412.01659905582505,99968,278,117,20,8,4736,2486,0.07224311779769527,142,85,43534,43748,3007,1523,3017,4517,4747,3190,0,0,85827,0,0,126,10,0,0,0,0,0,7478,6078,449,0,0,0,0,0
412,1801,413.1441902120578,99968,253,112,20,8,4759,2510,0.07271326824583867,151,89,43383,43492,3032,1534,3159,4763,5003,3346,0,0,85370,0,0,127,12,0,0,0,0,0,7861,6122,476,0,0,0,0,0
413,1801,414.27599189011187,99967,253,111,20,9,4805,2537,0.07344423659807736,152,87,43210,43240,3053,1545,3310,5006,5268,3507,0,0,84901,0,0,130,12,0,0,0,0,0,8259,6161,504,0,0,0,0,0
414,1801,415.0329965080387,99967,252,120,20,9,4830,2552,0.07384436864165174,149,82,43044,42991,3064,1536,3469,5260,5542,3674,0,0,84456,0,0,131,13,0,0,0,0,0,8674,6164,529,0,0,0,0,0
415,1801,416.17361147225546,99967,264,121,20,9,4879,2574,0.07455460301899627,148,79,42873,42734,3064,1544,3629,5511,5826,3846,0,0,83977,0,0,130,16,0,0,0,0,0,9097,6188,559,0,0,0,0,0
416,1801,417.31880735103846,99967,258,134,20,9,4920,2602,0.07524483079416207,154,73,42680,42455,3092,1540,3794,5787,6119,4023,0,0,83478,0,0,132,18,0,0,0,0,0,9538,6215,586,0,0,0,0,0
417,1801,418.08503568879115,99967,255,129,20,9,4941,2611,0.07554492982684285,160,83,42509,42161,3091,1539,3963,6077,6422,4205,0,0,82984,0,0,132,19,0,0,0,0,0,9995,6224,613,0,0,0,0,0
418,1801,419.23981260905975,99967,259,133,20,9,4990,2634,0.07626516750527675,146,83,42328,41874,3110,1544,4135,6355,6734,4392,0,0,82464,0,0,131,20,0,0,0,0,0,10451,6246,655,0,0,0,0,0
419,1801,420.01237634647504,99966,258,132,21,9,5017,2650,0.07669607666606647,193,103,42098,41558,3112,1538,4316,6658,7056,4585,0,0,81941,21,0,131,21,0,0,0,0,0,10930,6232,690,0,0,0,0,0
420,1801,421.2836248662487,99966,265,136,21,9,5079,2681,0.07762639297361103,218,118,41865,41227,3138,1548,4491,6960,7387,4783,0,0,81368,96,3,135,21,0,0,0,0,0,11425,6197,721,0,0,0,0,0
421,1801,422.24155884771807,99965,272,140,22,9,5126,2705,0.07833741809633371,224,143,41660,40888,3146,1546,4674,7272,7727,4986,0,0,80809,147,7,138,22,0,0,0,0,0,11928,6158,756,0,0,0,0,0
422,1801,423.2039936315454,99965,291,158,22,9,5179,2742,0.07923773320662232,236,150,41445,40531,3146,1548,4858,7602,8077,5194,0,0,80245,197,10,136,24,0,0,0,0,0,12439,6116,798,0,0,0,0,0
423,1801,424.1709525362567,99965,316,168,22,9,5245,2774,0.08021807632671435,236,151,41214,40182,3153,1550,5057,7938,8436,5408,0,0,79671,248,18,135,29,0,0,0,0,0,12954,6067,843,0,0,0,0,0
424,1801,425.1428943375909,99965,341,189,22,9,5315,2815,0.08132846496273696,232,153,40978,39830,3170,1553,5255,8264,8804,5627,0,0,79061,305,24,136,30,0,0,0,0,0,13501,6032,876,0,0,0,0,0
425,1801,426.12007643622917,99965,345,189,22,9,5378,2843,0.08223878357425099,256,174,40718,39462,3202,1556,5455,8608,9180,5851,0,0,78429,374,36,142,30,0,0,0,0,0,14052,5989,913,0,0,0,0,0
426,1801,427.10289598311056,99965,357,219,22,9,5449,2897,0.0834892212274296,272,159,40469,39098,3223,1555,5655,8958,9565,6080,0,0,77799,443,44,147,31,0,0,0,0,0,14605,5931,965,0,0,0,0,0
427,1801,428.09138782229036,99964,375,233,23,9,5524,2939,0.08466047777199792,297,156,40194,38717,3247,1568,5862,9315,9958,6314,0,0,77143,508,55,153,32,0,0,0,0,0,15183,5888,1002,0,0,0,0,0
428,1801,429.0860660720495,99964,393,250,23,9,5594,2987,0.08584090272498099,333,160,39927,38311,3262,1575,6060,9693,10360,6552,0,0,76484,575,64,156,36,0,0,0,0,0,15766,5837,1046,0,0,0,0,0
429,1801,430.086719788595,99963,408,252,24,9,5665,3022,0.08690215379690486,353,178,39644,37905,3286,1586,6283,10068,10770,6795,0,0,75806,646,78,155,39,0,0,0,0,0,16358,5790,1091,0,0,0,0,0
430,1801,431.09394686601377,99963,442,259,24,9,5751,3067,0.08821263867631024,379,178,39353,37509,3305,1602,6495,10441,11187,7043,0,0,75114,714,92,161,41,0,0,0,0,0,16968,5743,1130,0,0,0,0,0
431,1801,432.1078927951252,99963,478,256,24,9,5851,3109,0.08963316427078019,389,189,39059,37103,3337,1626,6711,10815,11612,7295,0,0,74399,796,108,171,41,0,0,0,0,0,17584,5689,1175,0,0,0,0,0
432,1801,433.1289243472548,99960,533,260,27,9,5972,3151,0.09126650660264106,396,207,38754,36681,3363,1635,6925,11206,12044,7552,0,0,73685,867,128,178,44,0,0,0,0,0,18204,5633,1221,0,0,0,0,0
433,1801,434.15707065215145,99960,554,277,27,9,6071,3207,0.0928171268507403,420,228,38455,36250,3404,1651,7138,11583,12482,7813,0,0,72935,957,149,183,45,0,0,0,0,0,18843,5589,1259,0,0,0,0,0
434,1801,435.19254080003435,99959,598,304,27,10,6190,3274,0.09467881831550935,422,235,38149,35812,3437,1656,7365,11981,12927,8078,0,0,72192,1046,171,184,47,0,0,0,0,0,19474,5531,1314,0,0,0,0,0
435,1801,436.23565710169254,99957,613,309,29,10,6300,3333,0.0963714397190792,489,261,37785,35361,3489,1688,7593,12369,13378,8347,0,0,71402,1154,200,192,48,0,0,0,0,0,20124,5483,1354,0,0,0,0,0
436,1801,437.28752287918235,99954,642,313,32,10,6424,3394,0.09822518358444884,527,281,37438,34910,3541,1715,7818,12769,13835,8620,0,0,70610,1261,235,198,49,0,0,0,0,0,20772,5429,1400,0,0,0,0,0
437,1801,438.34801088641814,99952,686,342,34,10,6577,3478,0.10059828717784537,538,287,37088,34459,3607,1731,8045,13169,14297,8897,0,0,69813,1363,277,214,51,0,0,0,0,0,21424,5368,1442,0,0,0,0,0
438,1801,439.06007980776104,99952,710,362,34,10,6671,3526,0.10201896910517048,561,286,36788,34004,3624,1735,8281,13601,14764,9177,0,0,69053,1437,298,214,54,0,0,0,0,0,22089,5307,1500,0,0,0,0,0
439,1801,440.13781688097447,99950,755,391,36,10,6827,3610,0.10442221110555278,580,280,36433,33563,3680,1751,8514,14003,15235,9461,0,0,68243,1549,336,223,59,0,0,0,0,0,22747,5239,1554,0,0,0,0,0
440,1801,441.22503692908987,99948,809,397,38,10,6989,3678,0.10672549725857446,613,313,36081,33082,3737,1789,8720,14407,15710,9748,0,0,67417,1654,379,233,64,0,0,0,0,0,23418,5186,1597,0,0,0,0,0
441,1801,442.3216462302647,99948,856,445,38,10,7160,3770,0.10935686557009645,654,339,35672,32590,3824,1806,8954,14808,16189,10038,0,0,66583,1761,424,243,70,0,0,0,0,0,24100,5134,1633,0,0,0,0,0
442,1801,443.0586302171726,99948,877,466,38,10,7273,3842,0.1112078280705967,692,337,35312,32121,3863,1832,9216,15232,16671,10331,0,0,65750,1861,459,247,74,0,0,0,0,0,24798,5088,1671,0,0,0,0,0
443,1801,444.176610183754,99948,947,486,38,10,7474,3934,0.1141393524632809,746,356,34883,31632,3947,1871,9437,15643,17156,10626,0,0,64872,1998,514,253,79,0,0,0,0,0,25484,5043,1705,0,0,0,0,0
444,1801,445.3062770685927,99948,1000,502,38,10,7675,4040,0.1172109496938408,794,377,34486,31160,4017,1922,9663,16027,17643,10924,0,0,63983,2146,583,264,84,1,0,0,0,0,26153,4988,1746,0,0,0,0,0
445,1801,446.0658995149837,99948,1055,518,38,10,7828,4109,0.11943210469444111,802,386,34124,30676,4072,1940,9907,16468,18132,11224,0,0,63154,2237,629,265,93,2,0,0,0,0,26844,4935,1789,0,0,0,0,0
446,1801,447.21845378621595,99948,1126,526,38,10,8048,4204,0.12258374354664425,881,441,33686,30188,4147,1989,10120,16844,18623,11526,0,0,62280,2381,693,281,100,2,0,0,0,0,27505,4856,1850,0,0,0,0,0
447,1801,448.38361410353355,99947,1212,565,39,10,8310,4329,0.12645702222177754,889,443,33278,29700,4252,2042,10328,17238,19115,11830,0,0,61376,2551,764,291,105,3,0,0,0,0,28164,4783,1910,0,0,0,0,0
448,1801,449.1674622433475,99945,1258,586,40,11,8480,4423,0.12910100555305418,938,451,32876,29230,4326,2065,10560,17655,19608,12136,0,0,60507,2666,831,293,113,3,0,0,0,0,28847,4733,1952,0,0,0,0,0
449,1801,450.3579842315492,99945,1314,611,40,11,8762,4548,0.1331732452849067,992,471,32407,28744,4500,2131,10745,18030,20101,12443,0,0,59521,2890,911,306,119,3,0,0,0,0,29527,4681,1987,0,0,0,0,0
450,1801,451.16026650471787,99945,1378,628,40,11,8968,4650,0.13625494021711942,1023,476,32023,28264,4560,2177,10974,18442,20593,12752,0,0,58645,3010,1000,320,121,3,0,0,0,0,30192,4622,2032,0,0,0,0,0
451,1801,452.37980221894856,99945,1445,670,40,11,9305,4800,0.1411276201911051,1027,510,31553,27770,4753,2244,11180,18793,21085,13062,0,0,57672,3224,1114,350,130,3,0,0,0,0,30827,4548,2077,0,0,0,0,0
452,1801,453.20185813089694,99944,1496,710,41,11,9517,4916,0.14441087008724887,1069,503,31128,27303,4847,2276,11417,19195,21576,13372,0,0,56793,3347,1209,357,137,3,0,0,0,0,31483,4495,2120,0,0,0,0,0
453,1801,454.03376925328485,99943,1529,744,41,12,9731,5027,0.14766416857608838,1101,516,30733,26841,4954,2301,11640,19584,22065,13683,0,0,55910,3482,1314,367,143,3,0,0,0,0,32124,4432,2168,0,0,0,0,0
454,1801,455.2998103836649,99942,1601,769,41,13,10090,5211,0.15309879730243542,1157,526,30244,26356,5138,2420,11817,19914,22552,13995,0,0,54896,3746,1467,383,151,3,0,0,0,0,32718,4365,2213,0,0,0,0,0
455,1801,456.1539061658589,99940,1657,776,43,13,10313,5327,0.15649389633780267,1193,549,29839,25885,5221,2475,12045,20300,23037,14307,0,0,54012,3881,1588,396,150,5,0,0,0,0,33342,4302,2264,0,0,0,0,0
456,1801,457.01865210983544,99939,1701,782,43,14,10566,5438,0.16013768398723222,1197,584,29445,25403,5367,2537,12245,20678,23520,14619,0,0,53095,4055,1684,416,164,5,0,0,0,0,33980,4229,2311,0,0,0,0,0
457,1801,458.33534131812706,99937,1768,816,45,14,10982,5626,0.16618469635870597,1207,645,28934,24928,5615,2621,12429,20974,24000,14931,0,0,52084,4315,1863,447,178,5,0,0,0,0,34534,4155,2356,0,0,0,0,0
458,1801,459.2247214811754,99936,1819,871,46,14,11266,5793,0.17069924751841178,1252,632,28491,24468,5755,2689,12635,21324,24476,15242,0,0,51167,4491,1993,461,186,7,0,0,0,0,35133,4093,2405,0,0,0,0,0
459,1801,460.1266870630442,99934,1853,898,48,14,11552,5931,0.1749454640062441,1279,643,28062,24030,5923,2741,12833,21672,24949,15553,0,0,50251,4676,2120,485,198,7,0,0,0,0,35723,4013,2461,0,0,0,0,0
460,1801,461.0412794782469,99933,1933,931,49,14,11856,6098,0.1796603724495412,1277,631,27703,23588,6043,2821,12993,22013,25418,15863,0,0,49367,4837,2277,499,211,8,0,0,0,0,36278,3942,2514,0,0,0,0,0
461,1801,462.4343015489493,99931,1935,954,50,15,12294,6317,0.18623850456815202,1334,660,27214,23147,6351,2948,13114,22274,25883,16172,0,0,48297,5168,2498,531,235,8,0,0,0,0,36773,3872,2549,0,0,0,0,0
462,1801,463.37587419515074,99931,2009,982,50,15,12645,6486,0.19144209504558146,1302,661,26807,22723,6521,3035,13309,22582,26343,16480,0,0,47387,5347,2669,559,254,9,0,0,0,0,37315,3806,2585,0,0,0,0,0
463,1801,464.3307610527234,99930,2013,988,51,15,12956,6629,0.1959871910337236,1319,687,26416,22323,6712,3106,13487,22879,26799,16787,0,0,46458,5546,2864,579,266,9,0,0,0,0,37833,3751,2624,0,0,0,0,0
464,1801,465.299966957433,99930,2076,1027,51,15,13274,6804,0.2009206444511158,1368,699,25997,21911,6858,3177,13648,23169,27250,17092,0,0,45578,5718,3029,598,287,9,0,0,0,0,38364,3682,2665,0,0,0,0,0
465,1801,466.282695636522,99926,2105,1063,55,15,13616,6988,0.20619258251105818,1351,699,25609,21516,7057,3267,13821,23438,27695,17396,0,0,44668,5905,3226,623,307,10,0,0,0,0,38863,3626,2698,0,0,0,0,0
466,1801,467.2799822389786,99923,2136,1100,57,16,13967,7178,0.2116129419653133,1334,657,25224,21158,7268,3350,13979,23717,28135,17698,0,0,43764,6112,3432,642,327,10,0,0,0,0,39334,3559,2743,0,0,0,0,0
467,1801,468.29223910626325,99921,2135,1112,58,17,14305,7353,0.2167512334744448,1334,674,24849,20780,7500,3440,14122,23975,28569,17998,0,0,42879,6305,3668,664,352,10,0,0,0,0,39766,3491,2786,0,0,0,0,0
468,1801,469.3195670114174,99920,2148,1135,59,17,14647,7533,0.22197758206565252,1343,678,24478,20384,7708,3527,14262,24257,28998,18296,0,0,42010,6485,3890,687,385,10,0,0,0,0,40208,3426,2819,0,0,0,0,0
469,1801,470.3618672500788,99918,2176,1132,61,17,14999,7704,0.2272163173802518,1362,686,24101,20024,7883,3634,14415,24505,29421,18592,0,0,41122,6683,4107,710,418,11,0,0,0,0,40656,3372,2839,0,0,0,0,0
470,1801,471.4198528362267,99917,2211,1142,62,17,15365,7895,0.23279321837124814,1375,661,23729,19646,8069,3754,14552,24778,29838,18886,0,0,40244,6886,4353,728,441,12,0,0,0,0,41064,3318,2871,0,0,0,0,0
471,1801,472.4945011782729,99915,2270,1144,63,18,15739,8075,0.23834259120252213,1389,678,23358,19335,8242,3840,14676,24983,30248,19177,0,0,39403,7067,4584,753,469,14,0,0,0,0,41469,3250,2906,0,0,0,0,0
472,1801,473.03668344324865,99914,2278,1163,64,18,15928,8177,0.24125748143403328,1382,661,23061,19005,8324,3861,14889,25290,30652,19466,0,0,38720,7109,4766,758,493,14,0,0,0,0,41917,3193,2944,0,0,0,0,0
473,1801,474.14069127141715,99911,2327,1175,67,18,16331,8354,0.24706989220406161,1377,679,22702,18694,8536,3948,14989,25484,31050,19752,0,0,37869,7300,5002,795,513,15,0,0,0,0,42310,3128,2979,0,0,0,0,0
474,1801,475.2617050218904,99910,2325,1186,68,18,16693,8549,0.2526473826443799,1434,692,22331,18350,8740,4047,15100,25705,31441,20036,0,0,37060,7467,5303,817,545,15,0,0,0,0,42628,3069,3006,0,0,0,0,0
475,1801,476.4001626639617,99909,2362,1173,69,18,17100,8732,0.2585552853096318,1428,703,21955,18035,8976,4163,15208,25906,31826,20317,0,0,36250,7638,5588,852,582,15,0,0,0,0,42944,3006,3034,0,0,0,0,0
476,1801,477.5575787897076,99907,2388,1187,71,18,17518,8944,0.2648663256828851,1416,683,21596,17741,9210,4275,15317,26094,32204,20595,0,0,35444,7815,5906,880,616,15,0,0,0,0,43226,2946,3059,0,0,0,0,0
477,1801,478.14235486355057,99906,2418,1182,71,19,17742,9049,0.26816207234800715,1400,667,21344,17455,9291,4309,15474,26366,32575,20870,0,0,34803,7843,6119,891,639,17,0,0,0,0,43601,2901,3092,0,0,0,0,0
478,1801,479.33341979984147,99906,2409,1148,71,19,18185,9226,0.2743679058314816,1404,715,20988,17171,9581,4442,15545,26503,32940,21142,0,0,33950,8071,6450,923,673,17,0,0,0,0,43858,2856,3108,0,0,0,0,0
479,1801,480.54395644732614,99904,2380,1171,72,20,18575,9457,0.2805893657911595,1413,692,20689,16899,9827,4561,15617,26655,33298,21411,0,0,33143,8276,6754,953,716,18,0,0,0,0,44117,2796,3131,0,0,0,0,0
480,1801,481.15500213929465,99904,2378,1171,72,20,18787,9549,0.2836322869955157,1410,712,20457,16607,9914,4584,15767,26904,33649,21676,0,0,32536,8305,6978,954,743,19,0,0,0,0,44452,2753,3164,0,0,0,0,0
481,1801,482.3982816353249,99904,2396,1191,72,20,19246,9777,0.29050888853299167,1383,687,20133,16384,10194,4698,15820,27018,33993,21938,0,0,31752,8514,7300,976,787,22,0,0,0,0,44667,2692,3194,0,0,0,0,0
482,1801,483.0252210423644,99902,2408,1201,74,20,19475,9892,0.293958078917339,1348,683,19934,16128,10267,4725,15967,27241,34331,22197,0,0,31155,8538,7537,994,809,22,0,0,0,0,44983,2647,3217,0,0,0,0,0
483,1801,484.30220067505365,99901,2370,1178,75,20,19912,10085,0.300267264591946,1311,695,19653,15901,10565,4854,16024,27350,34662,22452,0,0,30418,8711,7872,1038,877,24,0,0,0,0,45147,2578,3236,0,0,0,0,0
484,1801,485.5972895495206,99900,2373,1183,76,20,20369,10307,0.30706706706706705,1266,658,19395,15679,10831,4986,16057,27472,34986,22704,0,0,29695,8882,8216,1071,937,28,0,0,0,0,45303,2517,3251,0,0,0,0,0
485,1801,486.25054874669814,99898,2386,1156,78,20,20584,10394,0.31009629822418866,1259,685,19179,15444,10893,5025,16203,27668,35303,22952,0,0,29140,8899,8448,1078,970,28,0,0,0,0,45585,2478,3272,0,0,0,0,0
486,1801,487.5791065013405,99897,2366,1167,79,20,21004,10612,0.3164859805599768,1303,690,18887,15248,11138,5147,16225,27726,35614,23197,0,0,28443,9048,8785,1114,1024,33,0,0,0,0,45739,2429,3282,0,0,0,0,0
487,1801,488.24960416907913,99897,2375,1173,79,20,21206,10730,0.3196892799583571,1318,686,18674,15037,11187,5181,16365,27901,35918,23438,0,0,27922,9044,9011,1131,1056,34,0,0,0,0,46007,2391,3301,0,0,0,0,0
488,1801,489.6133173647556,99896,2380,1180,80,20,21668,10970,0.32671978858012335,1264,669,18434,14888,11455,5306,16385,27935,36216,23676,0,0,27235,9192,9377,1179,1114,36,0,0,0,0,46117,2343,3303,0,0,0,0,0
489,1801,490.3009547089583,99896,2335,1169,80,20,21877,11083,0.32994314086650117,1257,649,18250,14691,11574,5355,16502,28114,36507,23910,0,0,26714,9214,9638,1195,1154,37,0,0,0,0,46320,2299,3325,0,0,0,0,0
490,1801,491.6984250531756,99894,2336,1143,82,20,22338,11298,0.33671691993513125,1236,654,18018,14559,11839,5497,16487,28125,36792,24141,0,0,26056,9359,10015,1230,1215,41,0,0,0,0,46391,2250,3337,0,0,0,0,0
491,1801,492.40311236197886,99893,2300,1153,82,21,22559,11422,0.3401739861651968,1200,635,17874,14387,11946,5536,16596,28266,37071,24368,0,0,25554,9370,10282,1243,1254,45,0,0,0,0,46583,2220,3342,0,0,0,0,0
492,1801,493.11491596632345,99892,2271,1158,83,21,22763,11542,0.3434208945661314,1195,615,17696,14220,12044,5577,16709,28407,37343,24591,0,0,25073,9382,10512,1254,1306,46,0,0,0,0,46785,2178,3356,0,0,0,0,0
493,1801,494.55878664499187,99890,2271,1121,85,21,23219,11740,0.3499749724697167,1132,627,17520,14088,12294,5717,16696,28424,37609,24811,0,0,24445,9507,10900,1296,1353,55,0,0,0,0,46832,2149,3353,0,0,0,0,0
494,1801,495.2856324827127,99890,2242,1107,85,21,23400,11850,0.35288817699469416,1137,626,17372,13929,12353,5764,16809,28551,37869,25027,0,0,24008,9490,11183,1296,1392,57,0,0,0,0,46980,2125,3359,0,0,0,0,0
495,1801,496.01925077422317,99888,2246,1112,87,21,23624,11969,0.3563290885792087,1119,604,17212,13790,12424,5802,16910,28669,38123,25240,0,0,23548,9495,11413,1308,1432,59,0,0,0,0,47165,2097,3371,0,0,0,0,0
496,1801,497.50660788502876,99887,2185,1114,88,21,24033,12200,0.3627398960825733,1105,568,17069,13711,12669,5925,16882,28659,38371,25449,0,0,22985,9602,11813,1349,1496,63,0,0,0,0,47152,2045,3382,0,0,0,0,0
497,1801,498.2550632301169,99887,2149,1081,88,21,24240,12309,0.36590347092214204,1069,551,16940,13579,12766,5985,16986,28781,38613,25655,0,0,22561,9598,12094,1358,1545,65,0,0,0,0,47255,2014,3397,0,0,0,0,0
498,1801,499.00930567021675,99886,2095,1052,89,21,24441,12407,0.3689005466231504,1071,541,16796,13455,12887,6030,17060,28899,38850,25857,0,0,22133,9604,12336,1375,1601,68,0,0,0,0,47383,1978,3408,0,0,0,0,0
499,1801,500.52419939882293,99883,2055,1056,92,21,24837,12623,0.375038795390607,1063,519,16646,13368,13120,6165,17022,28869,39081,26055,0,0,21625,9682,12705,1414,1669,72,0,0,0,0,47362,1935,3419,0,0,0,0,0
500,1801,501.2861720850117,99883,2035,1009,92,21,25029,12709,0.3778220518006067,1038,515,16519,13269,13198,6225,17116,28959,39307,26250,0,0,21234,9653,12969,1433,1709,74,0,0,0,0,47473,1913,3425,0,0,0,0,0
501,1801,502.0444469941195,99882,2042,992,93,21,25253,12810,0.3810796740153381,983,519,16405,13160,13268,6258,17207,29048,39527,26441,0,0,20841,9650,13199,1447,1750,78,0,0,0,0,47596,1881,3440,0,0,0,0,0
502,1801,503.5503594985714,99880,2010,983,95,21,25628,13009,0.3868342010412495,948,502,16289,13095,13484,6381,17172,29016,39742,26629,0,0,20391,9691,13561,1485,1825,83,0,0,0,0,47557,1845,3442,0,0,0,0,0
503,1801,504.30705767522505,99880,1956,968,95,21,25788,13100,0.389347216659992,953,490,16199,12993,13536,6427,17259,29099,39952,26814,0,0,20025,9687,13787,1497,1864,86,0,0,0,0,47662,1806,3466,0,0,0,0,0
504,1801,505.0604287958425,99878,1935,969,97,21,25963,13197,0.39207833556939464,934,476,16078,12921,13611,6453,17343,29158,40156,26995,0,0,19687,9653,14024,1502,1904,89,0,0,0,0,47761,1786,3472,0,0,0,0,0
505,1801,506.5574293233106,99876,1866,936,99,21,26315,13384,0.3974828787696744,901,470,16003,12890,13815,6586,17314,29095,40355,27173,0,0,19238,9698,14360,1559,1980,97,0,0,0,0,47724,1749,3471,0,0,0,0,0
506,1801,507.309341957657,99876,1856,924,99,21,26508,13471,0.4002863550802996,846,470,15911,12793,13881,6609,17405,29181,40550,27347,0,0,18901,9682,14582,1569,2025,98,0,0,0,0,47817,1722,3480,0,0,0,0,0
507,1801,508.05849349478916,99873,1798,893,102,21,26656,13555,0.4026213290879417,830,459,15836,12737,13956,6652,17476,29236,40740,27518,0,0,18568,9663,14829,1583,2059,101,0,0,0,0,47884,1697,3489,0,0,0,0,0
508,1801,509.54789647281916,99870,1769,877,103,23,26975,13727,0.40754981475918695,806,441,15746,12734,14118,6742,17456,29181,40925,27686,0,0,18192,9672,15140,1626,2125,106,0,0,0,0,47847,1665,3497,0,0,0,0,0
509,1801,510.2955253365937,99869,1723,864,104,23,27125,13808,0.40986692567263117,794,426,15649,12667,14194,6767,17534,29251,41105,27851,0,0,17874,9654,15318,1638,2174,113,0,0,0,0,47951,1643,3504,0,0,0,0,0
510,1801,511.0405259065495,99869,1665,858,104,23,27259,13881,0.4119396409296178,790,420,15584,12619,14261,6763,17594,29315,41281,28012,0,0,17595,9608,15543,1645,2210,118,0,0,0,0,48015,1622,3513,0,0,0,0,0
511,1801,512.5231670630861,99867,1618,837,105,24,27543,14048,0.41646389698298736,758,417,15540,12635,14396,6865,17581,29220,41452,28170,0,0,17221,9645,15802,1675,2298,120,0,0,0,0,47997,1593,3516,0,0,0,0,0
512,1801,513.2674411924023,99867,1575,806,105,24,27678,14111,0.4184465338900738,756,431,15486,12598,14448,6882,17628,29257,41619,28325,0,0,16952,9604,16016,1681,2344,122,0,0,0,0,48056,1570,3522,0,0,0,0,0
513,1801,514.009090967183,99866,1497,809,105,25,27796,14206,0.42058358199987983,784,420,15411,12545,14519,6903,17682,29296,41782,28477,0,0,16685,9571,16232,1690,2387,126,0,0,0,0,48097,1545,3533,0,0,0,0,0
514,1801,515.48761388264,99864,1468,765,107,25,28071,14358,0.42486782023552033,749,390,15390,12539,14622,7028,17662,29251,41941,28626,0,0,16339,9603,16481,1720,2471,132,0,0,0,0,48069,1520,3529,0,0,0,0,0
515,1801,516.2298245523177,99863,1413,730,108,25,28183,14417,0.42658442065629915,762,384,15342,12499,14662,7061,17711,29299,42096,28772,0,0,16092,9567,16680,1720,2519,135,0,0,0,0,48114,1498,3538,0,0,0,0,0
516,1801,517.7083705442056,99861,1337,725,109,26,28434,14570,0.4306385876368152,713,334,15310,12544,14825,7127,17704,29242,42247,28915,0,0,15767,9602,16949,1737,2591,142,0,0,0,0,48063,1469,3541,0,0,0,0,0
517,1801,518.4509706240035,99859,1325,708,111,26,28560,14631,0.4325198529927197,689,334,15266,12507,14842,7150,17765,29273,42394,29055,0,0,15551,9547,17127,1746,2628,147,0,0,0,0,48116,1446,3551,0,0,0,0,0
518,1801,519.1910171639184,99858,1307,695,112,26,28696,14690,0.43447695727933666,637,338,15249,12470,14880,7162,17813,29307,42537,29193,0,0,15294,9532,17275,1752,2667,150,0,0,0,0,48200,1428,3560,0,0,0,0,0
519,1801,520.6653342170998,99857,1212,656,112,27,28914,14795,0.437715933785313,601,344,15238,12517,15035,7228,17800,29226,42677,29328,0,0,15010,9531,17559,1784,2722,154,0,0,0,0,48127,1401,3569,0,0,0,0,0
520,1801,521.4056395135792,99857,1219,646,112,27,29036,14860,0.4395886117147521,573,331,15194,12485,15045,7254,17855,29255,42813,29460,0,0,14793,9497,17699,1783,2764,157,0,0,0,0,48204,1382,3578,0,0,0,0,0
521,1801,522.1438826597386,99856,1184,644,112,28,29144,14926,0.4413355231533408,534,300,15170,12474,15080,7267,17918,29285,42946,29589,0,0,14596,9444,17878,1786,2801,161,0,0,0,0,48238,1367,3585,0,0,0,0,0
522,1801,523.6144542270017,99854,1107,644,114,28,29325,15035,0.4442486029603221,518,266,15201,12547,15160,7300,17898,29213,43075,29716,0,0,14371,9412,18091,1804,2874,170,0,0,0,0,48207,1348,3577,0,0,0,0,0
523,1801,524.3521376955879,99853,1093,616,115,28,29426,15078,0.445695171902697,508,262,15165,12533,15174,7302,17943,29257,43201,29840,0,0,14180,9377,18237,1797,2917,173,0,0,0,0,48255,1330,3587,0,0,0,0,0
524,1801,525.0881938857143,99853,1077,575,115,28,29522,15122,0.44709723293241066,491,263,15130,12511,15183,7333,18002,29288,43324,29962,0,0,14001,9326,18416,1791,2956,177,0,0,0,0,48280,1319,3587,0,0,0,0,0
525,1801,526.55530718096,99852,1052,557,116,28,29694,15222,0.4498257420983055,482,238,15164,12599,15216,7351,17968,29225,43444,30081,0,0,13782,9311,18609,1800,3012,185,0,0,0,0,48267,1303,3583,0,0,0,0,0
526,1801,527.2912282549786,99852,1040,545,116,28,29789,15273,0.45128790610102953,455,220,15153,12600,15212,7364,18022,29241,43561,30198,0,0,13604,9269,18745,1797,3051,189,0,0,0,0,48318,1293,3586,0,0,0,0,0
527,1801,528.025630961766,99849,1025,521,118,29,29885,15315,0.45268355216376727,429,224,15147,12577,15217,7386,18062,29261,43675,30312,0,0,13432,9235,18866,1797,3091,196,0,0,0,0,48365,1273,3594,0,0,0,0,0
528,1801,529.4896640375692,99849,957,486,118,29,30028,15380,0.45476669771354744,423,223,15200,12667,15294,7405,18006,29188,43786,30424,0,0,13225,9217,19046,1819,3142,201,0,0,0,0,48346,1251,3602,0,0,0,0,0
529,1801,530.2247390663257,99849,935,475,118,29,30102,15428,0.4559885426994762,404,213,15196,12673,15287,7405,18058,29203,43894,30533,0,0,13078,9162,19202,1814,3168,207,0,0,0,0,48371,1241,3606,0,0,0,0,0
530,1801,531.6919534975735,99849,893,451,118,29,30247,15505,0.4582118999689531,395,194,15255,12766,15320,7416,18017,29142,43999,30640,0,0,12896,9133,19395,1829,3210,216,0,0,0,0,48341,1224,3605,0,0,0,0,0
531,1801,532.428431574158,99849,878,418,118,29,30321,15534,0.4592434576210077,366,198,15243,12766,15320,7437,18073,29150,44101,30745,0,0,12739,9096,19518,1825,3243,220,0,0,0,0,48386,1213,3609,0,0,0,0,0
532,1801,533.1634546007772,99849,852,408,118,29,30400,15564,0.4603351060100752,349,199,15213,12776,15349,7427,18117,29159,44201,30848,0,0,12584,9050,19629,1830,3277,223,0,0,0,0,48444,1204,3608,0,0,0,0,0
533,1801,534.6285173102883,99849,835,393,118,29,30540,15634,0.4624382818055263,326,179,15286,12864,15361,7445,18072,29088,44298,30949,0,0,12420,9009,19797,1842,3322,226,0,0,0,0,48436,1192,3605,0,0,0,0,0
534,1801,535.3633338060312,99849,788,385,118,29,30586,15668,0.4632394916323649,322,169,15310,12861,15351,7456,18109,29098,44393,31047,0,0,12263,8973,19902,1848,3347,230,0,0,0,0,48497,1186,3603,0,0,0,0,0
535,1801,536.0974475050587,99848,767,366,119,29,30636,15696,0.46402531848409584,335,163,15327,12891,15322,7462,18128,29087,44485,31143,0,0,12139,8914,20027,1848,3374,230,0,0,0,0,48534,1178,3604,0,0,0,0,0
536,1801,537.5630758544966,99847,746,357,119,30,30767,15753,0.46591284665538274,324,162,15361,12974,15350,7462,18098,29013,44575,31237,0,0,11990,8878,20177,1862,3400,239,0,0,0,0,48524,1164,3613,0,0,0,0,0
537,1801,538.2980174853042,99847,710,355,119,30,30818,15780,0.46669404188408264,315,161,15367,12988,15352,7448,18135,29016,44663,31329,0,0,11869,8827,20270,1862,3432,245,0,0,0,0,48576,1153,3613,0,0,0,0,0
538,1801,539.0320445882381,99847,695,338,119,30,30870,15803,0.4674451911424479,299,158,15378,13006,15340,7436,18167,29030,44749,31419,0,0,11744,8784,20368,1866,3454,247,0,0,0,0,48623,1142,3619,0,0,0,0,0
539,1801,540.4969149318418,99845,640,340,120,31,30967,15865,0.4690470228854725,293,147,15424,13088,15376,7445,18145,28947,44832,31507,0,0,11601,8761,20503,1869,3497,251,0,0,0,0,48610,1131,3622,0,0,0,0,0
540,1801,541.2309619014044,99845,637,337,120,31,31026,15898,0.46996845109920377,268,137,15439,13103,15351,7441,18183,28949,44913,31594,0,0,11495,8706,20610,1872,3515,253,0,0,0,0,48642,1122,3630,0,0,0,0,0
541,1801,542.6964264329171,99844,597,323,121,31,31131,15945,0.4714955330315292,249,132,15520,13210,15372,7441,18139,28861,44992,31679,0,0,11347,8690,20741,1874,3556,256,0,0,0,0,48639,1114,3627,0,0,0,0,0
542,1801,543.4314012357466,99844,587,297,121,31,31191,15964,0.47228676735707703,234,138,15553,13252,15350,7438,18153,28842,45069,31762,0,0,11235,8652,20837,1867,3585,260,0,0,0,0,48669,1110,3629,0,0,0,0,0
543,1801,544.1658235451164,99844,584,285,121,31,31241,15989,0.4730379391851288,228,127,15569,13277,15326,7441,18170,28837,45144,31843,0,0,11133,8611,20932,1866,3608,260,0,0,0,0,48703,1098,3633,0,0,0,0,0
544,1801,545.6335897471653,99844,565,263,121,31,31327,16036,0.47437001722687394,201,122,15655,13388,15322,7461,18134,28733,45217,31923,0,0,11009,8586,21051,1869,3641,265,0,0,0,0,48697,1093,3633,0,0,0,0,0
545,1801,546.3700494668786,99844,557,245,121,31,31367,16051,0.4749208765674452,199,126,15672,13402,15295,7460,18154,28734,45289,32001,0,0,10917,8541,21143,1866,3660,267,0,0,0,0,48728,1083,3639,0,0,0,0,0
546,1801,547.1056034305036,99844,528,249,121,31,31407,16077,0.47558190777613074,191,118,15687,13420,15293,7440,18178,28740,45359,32077,0,0,10814,8508,21224,1863,3686,268,0,0,0,0,48767,1074,3640,0,0,0,0,0
547,1801,548.574728984497,99843,473,237,121,32,31477,16124,0.4767585108620534,190,104,15768,13539,15302,7446,18144,28640,45427,32152,0,0,10706,8470,21340,1871,3728,271,0,0,0,0,48751,1065,3641,0,0,0,0,0
548,1801,549.3116915582608,99843,438,238,121,32,31506,16147,0.47727932854581695,188,89,15801,13571,15282,7433,18168,28635,45493,32225,0,0,10610,8433,21415,1870,3755,271,0,0,0,0,48787,1060,3642,0,0,0,0,0
549,1801,550.047867218964,99843,435,244,121,32,31543,16171,0.4778902877517703,183,86,15834,13615,15247,7413,18178,28608,45558,32296,0,0,10531,8383,21497,1869,3769,272,0,0,0,0,48822,1055,3645,0,0,0,0,0
550,1801,551.5186312215146,99843,396,228,121,32,31594,16206,0.4787516400749176,181,84,15952,13743,15214,7401,18134,28510,45621,32366,0,0,10434,8342,21587,1876,3808,273,0,0,0,0,48829,1050,3644,0,0,0,0,0
551,1801,552.2564830826574,99842,400,219,122,32,31633,16218,0.47926724224274353,173,87,15980,13777,15173,7384,18150,28499,45682,32434,0,0,10343,8304,21637,1880,3821,275,0,0,0,0,48889,1045,3648,0,0,0,0,0
552,1801,553.7306830582212,99842,381,220,122,32,31700,16256,0.4803189038681116,146,80,16092,13916,15151,7348,18106,28402,45742,32501,0,0,10254,8270,21726,1881,3852,279,0,0,0,0,48896,1039,3645,0,0,0,0,0
553,1801,554.4699762639736,99842,381,207,122,32,31727,16275,0.4807796318182729,146,72,16109,13965,15118,7345,18122,28377,45800,32567,0,0,10172,8232,21793,1878,3868,280,0,0,0,0,48937,1036,3646,0,0,0,0,0
554,1801,555.2089467115592,99842,349,200,122,32,31748,16283,0.48107009074337453,147,78,16159,14005,15100,7320,18121,28363,45857,32631,0,0,10102,8179,21868,1886,3884,281,0,0,0,0,48964,1031,3647,0,0,0,0,0
555,1801,556.6860615389987,99842,343,186,122,32,31806,16309,0.481911420043669,140,73,16274,14131,15045,7311,18074,28265,45913,32694,0,0,10026,8150,21948,1885,3910,284,0,0,0,0,48966,1019,3654,0,0,0,0,0
556,1801,557.4273030435996,99842,338,181,122,32,31835,16322,0.4823320846938162,131,71,16311,14185,15014,7289,18082,28240,45967,32756,0,0,9952,8113,22004,1883,3928,285,0,0,0,0,49005,1017,3655,0,0,0,0,0
557,1801,558.1681149109744,99842,346,178,122,32,31871,16336,0.4828328759439915,116,71,16362,14214,14965,7280,18087,28223,46020,32816,0,0,9898,8064,22075,1877,3944,286,0,0,0,0,49027,1014,3657,0,0,0,0,0
558,1801,559.6492139548545,99842,304,172,122,32,31910,16363,0.4834939203942229,110,62,16489,14363,14931,7260,18042,28109,46072,32875,0,0,9825,8028,22156,1877,3975,289,0,0,0,0,49027,1008,3657,0,0,0,0,0
559,1801,560.3921307432,99842,302,166,122,32,31930,16372,0.48378437931932455,108,59,16533,14402,14880,7251,18053,28088,46122,32933,0,0,9756,7997,22198,1871,3991,292,0,0,0,0,49074,1007,3656,0,0,0,0,0
560,1801,561.1349088509772,99842,299,157,122,32,31950,16382,0.4840848540694297,109,57,16575,14460,14835,7243,18058,28049,46171,32990,0,0,9679,7971,22247,1872,3998,293,0,0,0,0,49119,1003,3660,0,0,0,0,0
561,1801,562.6195517040047,99841,273,140,123,32,31994,16403,0.48474073777305915,102,48,16709,14632,14784,7231,18007,27915,46219,33045,0,0,9605,7945,22326,1871,4024,294,0,0,0,0,49118,996,3662,0,0,0,0,0
562,1801,563.3639299265578,99841,259,128,123,32,32011,16412,0.48500115183141196,102,42,16747,14684,14755,7212,18012,27900,46266,33099,0,0,9546,7914,22378,1869,4040,296,0,0,0,0,49142,988,3668,0,0,0,0,0
563,1801,564.1086475217338,99841,248,123,123,32,32026,16419,0.4852215021884797,106,48,16797,14733,14714,7199,18010,27863,46312,33152,0,0,9482,7883,22433,1869,4046,297,0,0,0,0,49176,985,3670,0,0,0,0,0
564,1801,565.5981954614525,99841,230,116,123,32,32058,16431,0.48566220290261514,115,55,16907,14857,14672,7179,17951,27759,46357,33204,0,0,9409,7866,22485,1867,4066,297,0,0,0,0,49199,979,3673,0,0,0,0,0
565,1801,566.3456826254014,99841,233,111,123,32,32083,16442,0.48602277621418055,106,46,16955,14928,14630,7163,17951,27718,46401,33255,0,0,9361,7829,22535,1863,4078,301,0,0,0,0,49224,974,3676,0,0,0,0,0
566,1801,567.09305991672,99840,214,108,124,32,32097,16453,0.4862780448717949,109,44,16987,14981,14599,7151,17965,27682,46443,33305,0,0,9302,7801,22583,1862,4092,301,0,0,0,0,49250,968,3681,0,0,0,0,0
567,1801,568.5875716262033,99840,210,103,124,32,32133,16470,0.48680889423076923,109,46,17102,15089,14551,7135,17902,27593,46484,33354,0,0,9241,7782,22640,1855,4107,304,0,0,0,0,49263,965,3683,0,0,0,0,0
568,1801,569.3368585259623,99840,209,101,124,32,32153,16481,0.487119391025641,103,44,17148,15133,14508,7114,17906,27574,46524,33402,0,0,9189,7755,22682,1852,4121,304,0,0,0,0,49293,958,3686,0,0,0,0,0
569,1801,570.0865694679596,99840,198,100,124,32,32165,16488,0.4873096955128205,105,45,17194,15179,14473,7088,17904,27554,46564,33449,0,0,9141,7724,22728,1848,4132,305,0,0,0,0,49318,955,3689,0,0,0,0,0
570,1801,571.5859552475018,99839,190,95,125,32,32198,16499,0.48775528601047685,101,40,17307,15323,14425,7054,17850,27454,46603,33495,0,0,9099,7688,22784,1844,4150,308,0,0,0,0,49323,952,3691,0,0,0,0,0
571,1801,572.3378031326841,99839,188,94,125,32,32214,16507,0.48799567303358404,98,38,17348,15363,14390,7043,17849,27428,46641,33540,0,0,9058,7654,22824,1840,4164,309,0,0,0,0,49349,948,3693,0,0,0,0,0
572,1801,573.0899689309643,99838,188,92,126,32,32236,16511,0.48826098279212327,84,42,17401,15424,14365,7023,17834,27385,46678,33584,0,0,9008,7627,22858,1837,4175,310,0,0,0,0,49382,946,3695,0,0,0,0,0
573,1801,574.5952088497706,99838,166,80,126,32,32257,16523,0.4885915182595805,83,42,17527,15579,14305,7001,17791,27264,46714,33627,0,0,8955,7604,22906,1836,4194,312,0,0,0,0,49390,944,3697,0,0,0,0,0
574,1801,575.3501535739078,99838,148,84,126,32,32267,16533,0.4887918427853122,79,37,17566,15641,14281,6984,17798,27220,46749,33669,0,0,8909,7579,22950,1832,4203,314,0,0,0,0,49411,942,3698,0,0,0,0,0
575,1801,576.1051989310149,99838,146,82,126,32,32281,16540,0.4890021835373305,70,32,17621,15715,14239,6957,17796,27180,46783,33710,0,0,8872,7547,22995,1828,4214,314,0,0,0,0,49430,940,3698,0,0,0,0,0
576,1801,577.615260000244,99838,144,80,126,32,32305,16555,0.48939281636250725,68,29,17713,15885,14196,6923,17751,27049,46816,33751,0,0,8826,7531,23030,1823,4231,316,0,0,0,0,49448,934,3699,0,0,0,0,0
577,1801,578.3720949011058,99837,146,77,126,33,32324,16559,0.4896280937928824,62,29,17756,15949,14167,6902,17741,27008,46849,33791,0,0,8784,7507,23058,1822,4240,318,0,0,0,0,49476,930,3702,0,0,0,0,0
578,1801,579.1291843016494,99837,148,76,126,33,32336,16566,0.48981840399851756,56,27,17792,16023,14135,6880,17741,26959,46881,33830,0,0,8738,7485,23091,1823,4243,318,0,0,0,0,49508,926,3705,0,0,0,0,0
579,1801,580.6415137443784,99837,128,76,126,33,32359,16580,0.49018900808317556,51,26,17920,16168,14096,6850,17677,26845,46912,33868,0,0,8698,7463,23130,1822,4263,319,0,0,0,0,49512,920,3710,0,0,0,0,0
580,1801,581.3936851548184,99837,125,69,126,33,32367,16587,0.49033925298236125,52,26,17975,16225,14061,6836,17659,26809,46942,33905,0,0,8660,7438,23166,1822,4270,319,0,0,0,0,49532,916,3714,0,0,0,0,0
581,1801,582.1439140896088,99837,118,65,126,33,32373,16592,0.49044943257509743,50,22,18032,16286,14025,6818,17647,26774,46972,33942,0,0,8624,7413,23201,1820,4278,320,0,0,0,0,49553,913,3715,0,0,0,0,0
582,1801,583.6376125914624,99837,101,68,126,33,32378,16600,0.4905796448210583,53,18,18086,16354,14001,6789,17631,26736,47001,33978,0,0,8586,7394,23228,1815,4291,322,0,0,0,0,49576,910,3715,0,0,0,0,0
583,1801,584.0243681055795,99837,97,67,126,33,32379,16603,0.4906197101275078,54,16,18102,16381,13974,6777,17645,26724,47029,34013,0,0,8552,7372,23253,1811,4299,322,0,0,0,0,49605,907,3716,0,0,0,0,0
584,1801,585.091073893386,99836,97,55,126,34,32409,16613,0.491025281461597,38,23,18253,16557,13904,6741,17580,26588,47057,34047,0,0,8511,7356,23295,1809,4311,324,0,0,0,0,49608,904,3718,0,0,0,0,0
585,1801,586.566551779417,99836,97,56,126,34,32419,16620,0.4911955607195801,37,19,18314,16625,13860,6726,17564,26538,47084,34081,0,0,8475,7342,23321,1800,4322,324,0,0,0,0,49630,902,3720,0,0,0,0,0
586,1801,587.2162810420516,99836,99,52,126,34,32426,16624,0.4913057414159221,37,20,18363,16669,13820,6709,17553,26514,47111,34114,0,0,8448,7317,23348,1796,4332,324,0,0,0,0,49650,898,3723,0,0,0,0,0
587,1801,588.5255082806194,99836,97,47,126,34,32439,16629,0.4914860371008454,32,18,18459,16778,13772,6682,17512,26439,47137,34146,0,0,8415,7297,23383,1792,4341,325,0,0,0,0,49665,897,3721,0,0,0,0,0
588,1801,589.1000545746933,99836,90,44,126,34,32442,16633,0.49155615208942666,38,15,18508,16832,13725,6674,17511,26399,47162,34178,0,0,8387,7277,23402,1787,4353,327,0,0,0,0,49686,894,3723,0,0,0,0,0
589,1801,590.1056400501376,99836,90,39,126,34,32452,16635,0.49167634921270886,33,19,18589,16935,13678,6654,17482,26317,47187,34209,0,0,8354,7260,23426,1785,4359,328,0,0,0,0,49707,891,3726,0,0,0,0,0
590,1801,591.1061471192598,99836,85,38,126,34,32461,16640,0.4918165791898714,29,19,18673,16995,13638,6636,17447,26276,47211,34240,0,0,8321,7242,23458,1782,4365,328,0,0,0,0,49723,890,3727,0,0,0,0,0
591,1801,592.3539526623257,99836,74,35,126,34,32469,16649,0.4919868584478545,32,16,18813,17136,13566,6607,17387,26170,47235,34270,0,0,8282,7233,23484,1778,4376,328,0,0,0,0,49738,888,3729,0,0,0,0,0
592,1801,593.2008449139502,99836,77,36,126,34,32476,16652,0.4920870227172563,29,13,18856,17180,13525,6591,17385,26144,47258,34299,0,0,8255,7214,23505,1772,4384,328,0,0,0,0,49761,888,3729,0,0,0,0,0
593,1801,594.0119480096898,99836,77,35,126,34,32480,16653,0.4921371048519572,29,14,18939,17234,13475,6573,17352,26108,47281,34328,0,0,8226,7197,23524,1769,4386,330,0,0,0,0,49787,885,3732,0,0,0,0,0
594,1801,595.2403325643784,99836,67,29,126,34,32489,16659,0.49228735125605994,28,9,19072,17398,13410,6543,17295,25985,47303,34356,0,0,8196,7180,23550,1766,4400,330,0,0,0,0,49798,884,3732,0,0,0,0,0
595,1801,596.0108531086278,99836,66,31,126,34,32493,16662,0.4923574662446412,25,8,19108,17455,13378,6517,17295,25953,47325,34384,0,0,8176,7153,23577,1765,4405,330,0,0,0,0,49816,882,3732,0,0,0,0,0
596,1801,597.2570553224899,99836,61,19,126,34,32502,16664,0.4924676469409832,24,12,19240,17629,13317,6496,17230,25808,47346,34411,0,0,8149,7136,23612,1762,4413,330,0,0,0,0,49820,881,3733,0,0,0,0,0
597,1801,598.0030022430032,99836,59,18,126,34,32504,16665,0.4924976962218038,22,12,19260,17649,13293,6482,17238,25803,47367,34438,0,0,8121,7119,23631,1760,4417,330,0,0,0,0,49844,880,3734,0,0,0,0,0
598,1801,599.2655446127856,99836,57,17,126,34,32509,16667,0.492567811210385,28,11,19347,17746,13245,6459,17195,25731,47387,34464,0,0,8098,7100,23651,1758,4422,331,0,0,0,0,49862,878,3736,0,0,0,0,0
599,1801,600.0031840802445,99836,56,20,126,34,32514,16671,0.49265795905284665,27,8,19409,17811,13204,6440,17176,25685,47407,34490,0,0,8071,7087,23668,1755,4425,332,0,0,0,0,49884,875,3739,0,0,0,0,0
600,1801,601.0566271297348,99836,51,16,126,34,32516,16672,0.4926880083336672,30,7,19505,17918,13150,6419,17136,25604,47426,34515,0,0,8047,7071,23687,1753,4432,332,0,0,0,0,49901,873,3740,0,0,0,0,0
601,1801,602.0620966347985,99836,46,13,126,34,32523,16672,0.4927581233222485,27,10,19620,18038,13099,6397,17080,25506,47445,34540,0,0,8022,7054,23709,1752,4438,332,0,0,0,0,49916,872,3741,0,0,0,0,0
602,1801,603.3537703495168,99836,50,12,126,34,32529,16673,0.4928282383108298,24,9,19700,18144,13052,6369,17046,25430,47464,34564,0,0,8001,7039,23728,1746,4444,332,0,0,0,0,49933,871,3742,0,0,0,0,0
603,1801,604.1959729903529,99836,51,12,126,34,32534,16674,0.49288833687247086,22,9,19777,18227,13000,6345,17022,25371,47482,34588,0,0,7981,7024,23746,1744,4447,332,0,0,0,0,49949,866,3747,0,0,0,0,0
604,1801,605.3316430498498,99836,47,9,126,34,32539,16675,0.49294843543411193,21,11,19865,18290,12953,6335,16986,25319,47500,34611,0,0,7956,7014,23760,1740,4455,333,0,0,0,0,49966,865,3747,0,0,0,0,0
605,1801,606.1628521039518,99836,45,8,126,34,32545,16676,0.4930185504226932,15,10,19929,18361,12920,6317,16963,25268,47517,34634,0,0,7929,7003,23776,1739,4456,335,0,0,0,0,49986,865,3747,0,0,0,0,0
606,1801,607.0357129180205,99836,41,8,126,34,32547,16677,0.4930485997035138,14,10,19988,18418,12894,6294,16935,25234,47534,34656,0,0,7907,6990,23796,1738,4456,336,0,0,0,0,50001,863,3749,0,0,0,0,0
607,1801,608.0310051620573,99836,37,11,126,34,32551,16682,0.4931387475459754,13,5,20090,18579,12843,6258,16889,25111,47551,34678,0,0,7887,6971,23823,1738,4457,336,0,0,0,0,50012,863,3749,0,0,0,0,0
608,1801,609.04098183941,99836,36,10,126,34,32554,16682,0.49316879682679593,10,5,20136,18636,12816,6242,16874,25071,47567,34700,0,0,7867,6959,23836,1734,4463,336,0,0,0,0,50029,861,3751,0,0,0,0,0
609,1801,610.0629579756902,99836,32,9,126,34,32557,16683,0.49320886253455665,8,5,20269,18789,12751,6211,16812,24950,47583,34721,0,0,7846,6948,23850,1730,4467,338,0,0,0,0,50046,859,3752,0,0,0,0,0
610,1801,611.4394421989423,99836,28,10,126,34,32559,16684,0.4932389118153772,9,4,20358,18869,12704,6197,16773,24884,47599,34742,0,0,7827,6931,23866,1730,4470,338,0,0,0,0,50063,857,3754,0,0,0,0,0
611,1801,612.0491598847368,99836,26,10,126,34,32561,16686,0.49327897752313793,9,5,20448,18948,12663,6176,16726,24825,47614,34762,0,0,7811,6920,23880,1723,4478,339,0,0,0,0,50075,857,3753,0,0,0,0,0
612,1801,613.3926298069977,99836,24,9,126,34,32562,16688,0.4933090268039585,13,3,20567,19084,12599,6148,16669,24720,47629,34782,0,0,7791,6912,23889,1717,4485,340,0,0,0,0,50092,856,3754,0,0,0,0,0
613,1801,614.0263052925785,99836,26,6,126,34,32565,16688,0.49333907608477906,11,3,20614,19113,12564,6143,16657,24699,47644,34802,0,0,7774,6899,23900,1712,4493,340,0,0,0,0,50108,856,3754,0,0,0,0,0
614,1801,615.24491539966,99836,24,3,126,34,32567,16688,0.4933591089386594,13,4,20759,19253,12505,6123,16571,24581,47658,34821,0,0,7757,6887,23919,1711,4493,341,0,0,0,0,50118,854,3756,0,0,0,0,0
615,1801,616.1852179505121,99836,24,3,126,34,32570,16688,0.49338915821947993,11,5,20809,19286,12474,6107,16554,24563,47672,34840,0,0,7736,6876,23931,1711,4494,341,0,0,0,0,50137,853,3757,0,0,0,0,0
616,1801,617.2317940952312,99836,23,5,126,34,32572,16692,0.49344925678112106,13,3,20920,19431,12416,6071,16500,24454,47686,34859,0,0,7717,6866,23946,1708,4497,341,0,0,0,0,50151,852,3758,0,0,0,0,0
617,1801,618.1117123881121,99836,22,4,126,34,32573,16692,0.4934592732080612,12,4,20943,19468,12395,6058,16500,24430,47700,34877,0,0,7696,6856,23959,1707,4498,341,0,0,0,0,50169,852,3758,0,0,0,0,0
618,1801,619.3312905625702,99836,20,5,126,34,32576,16694,0.49350935534276213,9,4,21028,19561,12353,6029,16462,24365,47713,34895,0,0,7682,6845,23973,1703,4503,341,0,0,0,0,50179,849,3761,0,0,0,0,0
619,1801,620.153116260057,99836,21,7,126,34,32580,16697,0.4935794703313434,5,1,21136,19640,12292,6002,16418,24314,47726,34913,0,0,7664,6836,23984,1702,4505,341,0,0,0,0,50194,846,3764,0,0,0,0,0
620,1801,621.4207620687838,99836,22,7,126,34,32582,16698,0.4936095196121639,5,1,21226,19739,12241,5976,16378,24241,47739,34930,0,0,7651,6826,23994,1698,4508,343,0,0,0,0,50206,845,3765,0,0,0,0,0
621,1801,622.3143643571486,99836,17,6,126,34,32583,16698,0.49361953603910413,7,1,21293,19830,12211,5958,16344,24169,47752,34947,0,0,7633,6815,24008,1698,4510,343,0,0,0,0,50219,844,3766,0,0,0,0,0
622,1801,623.2748319306222,99836,14,6,126,34,32585,16698,0.4936395688929845,5,1,21385,19903,12164,5942,16304,24112,47764,34964,0,0,7614,6806,24016,1698,4510,345,0,0,0,0,50237,843,3767,0,0,0,0,0
623,1801,624.4347181107128,99836,14,5,126,34,32585,16699,0.4936495853199247,6,0,21519,20025,12101,5909,16232,24025,47776,34980,0,0,7599,6799,24024,1693,4514,346,0,0,0,0,50251,843,3767,0,0,0,0,0
624,1801,625.0224198774686,99836,10,4,126,34,32585,16699,0.4936495853199247,7,0,21562,20095,12082,5891,16211,23974,47788,34996,0,0,7587,6788,24036,1690,4519,346,0,0,0,0,50260,841,3769,0,0,0,0,0
625,1801,626.4112044540135,99836,12,3,126,34,32590,16699,0.49369966745462557,2,0,21661,20235,12024,5871,16173,23855,47800,35012,0,0,7574,6778,24046,1687,4524,346,0,0,0,0,50271,839,3771,0,0,0,0,0
626,1801,627.5290088759076,99836,11,3,126,34,32591,16699,0.4937096838815658,1,1,21810,20363,11953,5842,16097,23755,47811,35027,0,0,7559,6771,24055,1685,4525,347,0,0,0,0,50284,838,3772,0,0,0,0,0
627,1801,628.1482500665583,99836,11,2,126,34,32591,16699,0.4937096838815658,1,1,21812,20373,11945,5839,16103,23749,47822,35042,0,0,7546,6761,24066,1684,4525,348,0,0,0,0,50296,837,3773,0,0,0,0,0
628,1801,629.5012914129079,99836,8,2,126,34,32591,16699,0.4937096838815658,2,1,21935,20505,11885,5808,16042,23648,47833,35057,0,0,7533,6754,24074,1681,4528,349,0,0,0,0,50307,835,3775,0,0,0,0,0
629,1801,630.1293082619,99836,10,5,126,34,32594,16702,0.49376978244320685,24,23,21962,20568,11856,5783,16020,23585,47844,35072,0,0,7519,6747,24080,1676,4534,349,0,0,0,0,50321,835,3775,0,0,0,0,0
630,1801,631.0051914199313,99836,11,10,126,34,32597,16709,0.4938699467126087,26,17,22019,20637,11823,5770,15993,23530,47854,35086,0,0,7506,6739,24087,1672,4539,349,1,0,0,2,50331,835,3775,0,0,0,0,0
631,1801,632.0891248807484,99836,16,12,126,34,32604,16711,0.49396009455507034,25,18,22084,20716,11788,5748,15959,23470,47864,35100,0,0,7493,6731,24095,1670,4542,349,1,0,0,3,50343,834,3775,0,0,0,0,0
632,1801,633.1721334184417,99836,25,16,126,34,32616,16717,0.49414039023999357,21,14,22180,20827,11743,5718,15903,23389,47874,35114,0,0,7480,6725,24100,1667,4545,350,1,0,0,7,50352,833,3776,0,0,0,0,0
633,1801,634.0027304230276,99836,29,21,126,34,32623,16722,0.49426058736327577,19,14,22248,20911,11714,5694,15862,23324,47884,35128,0,0,7466,6716,24108,1667,4546,350,1,0,0,9,50364,832,3777,0,0,0,0,0
634,1801,635.081655743377,99836,33,22,126,34,32631,16725,0.49437076805961777,23,15,22343,21000,11671,5676,15802,23251,47894,35141,0,0,7457,6706,24117,1664,4550,350,2,0,0,13,50368,830,3779,0,0,0,0,0
635,1801,636.2712320389358,99836,38,23,126,34,32637,16730,0.49448094875595977,31,13,22435,21109,11625,5655,15743,23164,47904,35154,0,0,7440,6700,24122,1663,4552,350,3,0,0,16,50381,830,3779,0,0,0,0,0
636,1801,637.0057805414372,99836,43,22,126,34,32646,16731,0.4945811130253616,39,17,22482,21194,11598,5645,15710,23086,47913,35167,0,0,7426,6694,24126,1662,4553,352,5,0,0,17,50392,828,3781,0,0,0,0,0
637,1801,638.0450688093417,99836,43,21,126,34,32655,16735,0.494711326575584,45,16,22572,21272,11553,5625,15659,23030,47922,35180,0,0,7411,6685,24131,1662,4556,353,7,0,0,24,50398,828,3781,0,0,0,0,0
638,1801,639.0011040042714,99836,56,22,126,34,32672,16737,0.4949016386874474,35,16,22624,21361,11524,5606,15633,22959,47931,35192,0,0,7403,6674,24141,1662,4557,354,8,0,0,26,50403,826,3782,0,0,0,0,0
639,1801,640.2049738532579,99836,54,20,126,34,32681,16742,0.49504186866461,36,20,22711,21455,11485,5591,15586,22878,47940,35204,0,0,7388,6666,24145,1663,4561,354,10,0,0,37,50405,825,3782,0,0,0,0,0
640,1801,641.2690782614364,99836,62,24,126,34,32697,16748,0.495262230057294,42,29,22804,21553,11445,5561,15519,22797,47949,35216,0,0,7378,6656,24151,1660,4568,354,11,0,0,41,50410,825,3782,0,0,0,0,0
641,1801,642.2418327552427,99836,68,22,126,34,32709,16753,0.49543250931527705,44,28,22864,21628,11417,5550,15479,22736,47957,35228,0,0,7365,6648,24155,1660,4572,354,13,0,0,48,50414,824,3783,0,0,0,0,0
642,1801,643.21168244542,99836,73,22,126,34,32718,16755,0.49554269001161905,47,33,22924,21721,11383,5526,15445,22662,47965,35240,0,0,7355,6639,24161,1661,4573,355,13,0,0,50,50422,822,3785,0,0,0,0,0
643,1801,644.178978216556,99836,83,30,126,34,32733,16768,0.4958231499659441,48,29,22995,21814,11342,5501,15404,22590,47973,35251,0,0,7344,6634,24164,1659,4574,358,13,0,0,55,50428,821,3786,0,0,0,0,0
644,1801,645.1431018770177,99836,83,27,126,34,32744,16772,0.4959733963700469,55,32,23060,21897,11315,5480,15359,22528,47981,35262,0,0,7330,6631,24165,1657,4579,358,14,0,0,69,50427,820,3786,0,0,0,0,0
645,1801,646.1043001802998,99836,81,28,126,34,32755,16775,0.4961136263472094,62,34,23131,21992,11282,5467,15316,22443,47989,35273,0,0,7315,6628,24163,1656,4585,359,16,0,0,76,50433,819,3786,0,0,0,0,0
646,1801,647.0625200309157,99836,92,30,126,34,32773,16782,0.49636403702071397,58,39,23201,22071,11241,5450,15280,22374,47997,35284,0,0,7301,6622,24168,1657,4585,360,17,0,0,83,50438,818,3787,0,0,0,0,0
647,1801,648.0178112445916,99836,89,36,126,34,32783,16793,0.4965743819864578,64,32,23252,22149,11225,5434,15242,22313,48005,35295,0,0,7293,6611,24175,1659,4589,361,17,0,0,93,50436,816,3786,0,0,0,0,0
648,1801,649.2879227636389,99836,90,43,126,34,32805,16806,0.49692495692936417,66,35,23344,22260,11197,5423,15175,22203,48012,35306,0,0,7283,6600,24177,1660,4596,363,19,0,0,104,50433,814,3787,0,0,0,0,0
649,1801,650.2371725117808,99836,88,46,126,34,32815,16815,0.4971152690412276,72,29,23406,22345,11171,5408,15135,22136,48019,35316,0,0,7270,6592,24180,1661,4599,365,22,0,0,111,50436,814,3786,0,0,0,0,0
650,1801,651.1838389477196,99836,97,49,126,34,32829,16821,0.49731559758003124,76,28,23460,22416,11138,5397,15101,22074,48026,35326,0,0,7262,6581,24187,1662,4602,365,23,0,0,114,50440,814,3786,0,0,0,0,0
651,1801,652.1283203506448,99836,102,52,126,34,32846,16829,0.4975660082535358,83,29,23517,22498,11109,5382,15061,22003,48033,35336,0,0,7251,6576,24187,1658,4610,366,26,0,0,121,50441,813,3787,0,0,0,0,0
652,1801,653.0701838334825,99836,100,53,126,34,32863,16838,0.4978264353539805,89,31,23584,22574,11093,5371,15006,21935,48040,35346,0,0,7235,6569,24186,1658,4618,367,32,0,0,131,50441,812,3787,0,0,0,0,0
653,1801,654.0093584535338,99836,112,53,126,34,32889,16844,0.49814696101606637,84,37,23665,22645,11053,5362,14958,21867,48047,35356,0,0,7229,6558,24190,1659,4624,368,32,0,0,141,50437,810,3788,0,0,0,0,0
654,1801,655.2566676326587,99835,121,54,127,34,32916,16855,0.49853257875494567,89,37,23750,22736,11013,5356,14898,21781,48054,35366,0,0,7219,6550,24193,1660,4627,370,34,0,0,158,50427,808,3789,0,0,0,0,0
655,1801,656.1891246571317,99835,120,54,127,34,32935,16861,0.49878299193669556,95,48,23815,22808,10985,5344,14856,21710,48061,35375,0,0,7208,6540,24193,1660,4637,370,38,0,0,169,50423,808,3789,0,0,0,0,0
656,1801,657.1188895299579,99835,125,57,127,34,32958,16870,0.4991035208093354,98,51,23885,22877,10956,5332,14807,21647,48067,35384,0,0,7197,6534,24195,1661,4643,370,41,0,0,183,50417,806,3788,0,0,0,0,0
657,1801,658.0457796373081,99835,138,65,127,34,32981,16886,0.49949416537286523,100,46,23949,22954,10925,5327,14759,21572,48073,35393,0,0,7185,6530,24196,1659,4646,372,44,0,0,193,50416,806,3788,0,0,0,0,0
658,1801,659.2774000052352,99835,138,73,127,34,33012,16906,0.500005008263635,115,50,24026,23041,10900,5320,14692,21480,48079,35402,0,0,7174,6522,24194,1659,4656,374,49,0,0,217,50398,805,3787,0,0,0,0,0
659,1801,660.1984324004585,99835,144,80,127,34,33035,16919,0.5003656032453548,120,55,24076,23104,10876,5311,14655,21414,48085,35411,0,0,7165,6511,24197,1662,4660,375,53,0,0,226,50394,803,3789,0,0,0,0,0
660,1801,661.1172391456677,99835,164,83,127,34,33074,16932,0.5008864626633946,118,60,24133,23165,10857,5307,14599,21349,48091,35420,0,0,7155,6504,24197,1662,4667,375,56,0,0,245,50382,802,3790,0,0,0,0,0
661,1801,662.0337244230503,99835,170,87,127,34,33104,16947,0.5013372063905444,123,68,24169,23235,10850,5300,14559,21274,48097,35429,0,0,7149,6494,24200,1664,4673,377,56,0,0,269,50364,802,3787,0,0,0,0,0
662,1801,663.2531116558752,99835,183,103,127,34,33144,16975,0.502018330244904,131,66,24241,23324,10823,5288,14493,21183,48103,35437,0,0,7135,6487,24199,1666,4680,378,62,0,0,291,50350,801,3786,0,0,0,0,0
663,1801,664.1650512438456,99835,194,96,127,34,33181,16986,0.5024991235538638,131,69,24294,23402,10799,5281,14453,21116,48109,35445,0,0,7121,6478,24197,1670,4686,381,68,0,0,313,50336,800,3785,0,0,0,0,0
664,1801,665.0748249376219,99835,190,94,127,34,33207,16999,0.5028897681173937,152,72,24358,23488,10769,5268,14402,21042,48115,35453,0,0,7109,6468,24190,1672,4699,383,74,0,0,333,50322,800,3785,0,0,0,0,0
665,1801,666.283991495251,99835,204,95,127,34,33253,17024,0.5036009415535634,145,70,24433,23563,10741,5271,14348,20965,48121,35461,0,0,7097,6461,24183,1673,4712,385,78,0,0,367,50296,800,3783,0,0,0,0,0
666,1801,667.1884843558526,99835,217,99,127,34,33285,17037,0.5040516852807132,167,77,24469,23635,10710,5266,14308,20887,48126,35469,0,0,7088,6453,24177,1675,4724,385,78,0,0,379,50293,800,3783,0,0,0,0,0
667,1801,668.0911168132782,99835,220,102,127,34,33326,17049,0.504582561226023,182,94,24506,23694,10711,5255,14252,20819,48131,35477,0,0,7072,6444,24175,1680,4733,386,87,0,0,399,50279,797,3783,0,0,0,0,0
668,1801,669.291984913499,99835,229,113,127,34,33381,17077,0.5054139329894326,182,95,24570,23775,10699,5244,14191,20737,48136,35485,0,0,7058,6434,24165,1685,4747,390,95,0,0,427,50257,795,3782,0,0,0,0,0
669,1801,670.1905129396027,99834,238,108,127,35,33430,17090,0.5060400264438969,184,101,24613,23839,10700,5238,14136,20677,48141,35493,0,0,7039,6429,24153,1687,4762,393,105,0,0,450,50242,793,3781,0,0,0,0,0
670,1801,671.0871921475174,99834,245,123,127,35,33467,17115,0.5066610573552096,197,100,24663,23903,10684,5225,14082,20612,48146,35500,0,0,7026,6424,24147,1689,4776,393,111,0,0,468,50231,791,3778,0,0,0,0,0
671,1801,672.2797153171955,99834,263,129,127,35,33533,17138,0.5075525372117715,212,99,24734,23989,10663,5223,13999,20523,48151,35507,0,0,7013,6409,24139,1697,4791,396,120,0,0,494,50209,789,3777,0,0,0,0,0
672,1801,673.1714843359111,99834,266,132,127,35,33572,17157,0.508133501612677,216,99,24765,24060,10661,5214,13963,20458,48156,35514,0,0,7001,6403,24132,1696,4809,397,125,0,0,518,50192,787,3774,0,0,0,0,0
673,1801,674.0618906088757,99834,284,133,127,35,33618,17179,0.5088146322896008,214,107,24800,24099,10653,5221,13920,20403,48161,35521,0,0,6991,6394,24124,1698,4826,397,128,0,0,543,50174,787,3772,0,0,0,0,0
674,1801,675.2469273404622,99834,318,140,127,35,33685,17205,0.5097461786565699,236,118,24844,24157,10626,5220,13847,20328,48166,35528,0,0,6982,6388,24115,1702,4841,398,132,0,0,570,50152,782,3772,0,0,0,0,0
675,1801,676.1337127961657,99833,334,148,128,35,33744,17233,0.5106227399757595,229,129,24872,24205,10632,5217,13803,20264,48171,35535,0,0,6969,6375,24112,1710,4849,402,140,0,0,601,50125,781,3769,0,0,0,0,0
676,1801,677.0192998820884,99833,348,159,128,35,33803,17261,0.5114941953061612,231,132,24918,24264,10624,5214,13749,20194,48176,35542,0,0,6958,6359,24105,1720,4866,403,146,0,0,628,50103,780,3765,0,0,0,0,0
677,1801,678.1970718155541,99833,341,190,128,35,33865,17308,0.5125860186511474,261,131,24953,24331,10635,5203,13680,20108,48181,35549,0,0,6943,6342,24097,1730,4880,406,156,0,0,671,50065,778,3765,0,0,0,0,0
678,1801,679.0791192080684,99833,358,199,128,35,33924,17345,0.5135476245329701,285,133,24960,24382,10635,5207,13632,20042,48185,35556,0,0,6926,6337,24078,1731,4904,408,165,0,0,702,50042,778,3762,0,0,0,0,0
679,1801,680.2537744506031,99833,393,211,128,35,34017,17390,0.5149299329880901,304,144,24989,24449,10632,5213,13552,19946,48189,35562,0,0,6912,6320,24060,1744,4928,412,172,0,0,738,50012,777,3758,0,0,0,0,0
680,1801,681.1332106615391,99832,413,219,128,36,34083,17423,0.5159267569516788,308,153,25014,24486,10629,5225,13506,19879,48193,35568,0,0,6903,6307,24049,1753,4945,413,176,0,0,775,49978,776,3757,0,0,0,0,0
681,1801,682.0114969690528,99829,438,224,131,36,34154,17460,0.5170241112302036,326,160,25015,24523,10642,5240,13446,19815,48197,35574,0,0,6889,6301,24034,1757,4964,415,183,0,0,816,49942,774,3754,0,0,0,0,0
682,1801,683.181364130604,99829,477,235,131,36,34260,17518,0.518666920433942,348,165,25053,24574,10633,5259,13356,19729,48201,35580,0,0,6874,6288,24016,1766,4998,417,193,0,0,869,49890,773,3745,0,0,0,0,0
683,1801,684.0570712846463,99829,496,243,131,36,34329,17555,0.5197287361387973,369,174,25046,24618,10645,5272,13311,19655,48205,35586,0,0,6858,6284,23995,1769,5025,417,199,0,0,911,49858,773,3740,0,0,0,0,0
684,1801,685.2239433119067,99829,532,243,131,36,34446,17600,0.5213515110839536,389,200,25060,24673,10661,5292,13225,19554,48209,35592,0,0,6842,6266,23976,1781,5060,419,213,0,0,968,49803,767,3734,0,0,0,0,0
685,1801,686.0981079083024,99829,549,263,131,36,34531,17645,0.5226537378917949,409,219,25066,24711,10672,5298,13171,19471,48213,35598,0,0,6824,6256,23953,1789,5087,423,225,0,0,1006,49771,765,3730,0,0,0,0,0
686,1801,687.2623972085419,99828,584,259,132,36,34644,17697,0.5243118163240774,440,236,25072,24752,10679,5333,13091,19382,48217,35604,0,0,6812,6244,23926,1798,5122,428,229,0,0,1078,49704,764,3723,0,0,0,0,0
687,1801,688.1348355039916,99828,590,277,132,36,34728,17755,0.5257342629322435,484,224,25062,24794,10703,5363,13027,19304,48221,35610,0,0,6799,6229,23900,1810,5159,430,236,0,0,1133,49655,760,3717,0,0,0,0,0
688,1801,689.0069474373984,99828,621,289,132,36,34837,17809,0.527367071362744,495,221,25075,24837,10715,5386,12960,19229,48225,35616,0,0,6781,6214,23884,1821,5180,435,250,0,0,1195,49597,756,3715,0,0,0,0,0
689,1801,690.1684132386143,99827,668,318,132,37,34983,17884,0.5295861840984903,500,220,25089,24872,10743,5404,12866,19147,48229,35622,0,0,6761,6201,23850,1833,5222,442,264,0,0,1256,49540,753,3705,0,0,0,0,0
690,1801,691.0384546426055,99824,693,331,134,38,35090,17934,0.5311748677672704,516,252,25085,24898,10764,5416,12806,19063,48233,35627,0,0,6743,6186,23834,1845,5247,446,276,0,0,1311,49487,750,3699,0,0,0,0,0
691,1801,692.1979664679145,99824,731,329,134,38,35252,18005,0.5335089757974034,534,273,25080,24920,10807,5459,12712,18979,48237,35632,0,0,6715,6171,23786,1858,5308,451,298,0,0,1396,49406,745,3690,0,0,0,0,0
692,1801,693.0669522235387,99824,762,354,134,38,35377,18064,0.5353522199070364,559,299,25062,24954,10841,5463,12640,18890,48241,35637,0,0,6702,6159,23752,1862,5350,457,307,0,0,1453,49353,744,3685,0,0,0,0,0
693,1801,694.2251587245147,99824,794,374,134,38,35531,18156,0.5378165571405674,627,295,25040,25001,10882,5495,12521,18795,48245,35642,0,0,6675,6151,23704,1864,5407,466,328,0,0,1545,49266,744,3674,0,0,0,0,0
694,1801,695.0933788470288,99824,827,387,134,38,35665,18222,0.5398200833466902,649,305,25023,25023,10921,5526,12444,18719,48249,35647,0,0,6657,6135,23677,1879,5440,472,343,0,0,1623,49190,739,3669,0,0,0,0,0
695,1801,696.2510348261403,99823,881,426,134,39,35872,18318,0.5428608637287999,657,318,24987,25062,10980,5553,12359,18600,48252,35652,0,0,6634,6110,23643,1898,5485,481,363,0,0,1723,49090,737,3659,0,0,0,0,0
696,1801,697.1195495313852,99822,925,441,135,39,36020,18384,0.5450101180100579,687,342,24960,25073,11014,5574,12277,18529,48255,35657,0,0,6618,6097,23606,1909,5530,483,374,0,0,1804,49012,735,3654,0,0,0,0,0
697,1801,698.2775307510891,99822,987,490,135,39,36231,18502,0.5483059846526818,732,332,24916,25102,11068,5603,12160,18432,48258,35662,0,0,6599,6075,23549,1927,5596,490,389,0,0,1904,48915,731,3647,0,0,0,0,0
698,1801,699.146328500955,99822,1014,491,135,39,36379,18561,0.5503796758229649,750,375,24890,25107,11119,5633,12090,18353,48261,35667,0,0,6581,6055,23512,1942,5645,497,400,0,0,1983,48836,731,3640,0,0,0,0,0
699,1801,700.0152123170307,99822,1041,502,135,39,36539,18638,0.5527539019454629,805,400,24843,25118,11167,5672,12007,18267,48264,35672,0,0,6555,6029,23471,1964,5697,503,421,0,0,2069,48754,727,3632,0,0,0,0,0
700,1801,701.174634813414,99821,1115,559,135,40,36773,18767,0.5563959487482594,835,429,24780,25131,11237,5700,11896,18139,48267,35677,0,0,6529,6002,23432,1985,5749,510,442,0,0,2183,48641,724,3624,0,0,0,0,0
701,1801,702.0446740983698,99816,1194,575,139,41,36979,18849,0.5593091287969865,840,481,24698,25126,11299,5731,11828,18044,48270,35682,0,0,6504,5991,23389,1994,5802,513,460,0,0,2281,48544,721,3617,0,0,0,0,0
702,1801,703.2067274587245,99816,1261,629,139,41,37244,18992,0.5633966498356977,908,509,24617,25116,11387,5783,11686,17920,48273,35687,0,0,6477,5952,23333,2027,5865,525,483,0,0,2421,48407,720,3606,0,0,0,0,0
703,1801,704.0792270583157,99815,1312,665,140,41,37460,19099,0.5666382808195161,948,517,24546,25122,11456,5825,11596,17828,48276,35692,0,0,6446,5931,23272,2039,5949,527,510,0,0,2519,48309,718,3595,0,0,0,0,0
704,1801,705.244783895666,99814,1381,706,141,41,37750,19260,0.5711623619933075,982,522,24438,25128,11569,5910,11487,17691,48279,35697,0,0,6418,5904,23199,2052,6042,540,529,0,0,2685,48146,716,3583,0,0,0,0,0
705,1801,706.1211037164062,99814,1440,720,141,41,37959,19382,0.5744785300659226,1056,564,24339,25108,11633,5986,11389,17579,48282,35701,0,0,6395,5879,23137,2072,6111,552,549,0,0,2804,48028,713,3574,0,0,0,0,0
706,1801,707.2929892583797,99814,1497,752,141,41,38247,19531,0.5788566734125473,1134,627,24169,25069,11779,6059,11278,17450,48285,35705,0,0,6360,5848,23047,2097,6214,567,580,0,0,2951,47879,711,3560,0,0,0,0,0
707,1801,708.1753339027817,99811,1541,782,144,41,38480,19662,0.5825209646231377,1187,670,24068,25032,11868,6135,11190,17338,48288,35709,0,0,6332,5816,22988,2123,6295,575,600,0,0,3079,47748,710,3545,0,0,0,0,0
708,1801,709.0598982644153,99810,1609,815,145,41,38756,19791,0.5865845105700832,1222,695,23947,25011,11974,6199,11101,17237,48291,35713,0,0,6290,5784,22936,2154,6358,592,638,0,0,3206,47618,704,3530,0,0,0,0,0
709,1801,710.2443540068004,99810,1669,854,145,41,39112,19982,0.5920649233543733,1316,707,23771,24987,12134,6316,10963,17093,48294,35717,0,0,6240,5734,22840,2198,6481,600,682,0,0,3409,47411,702,3513,0,0,0,0,0
710,1801,711.1366461423222,99808,1747,890,147,41,39408,20141,0.5966355402372555,1351,738,23659,24938,12218,6401,10876,16990,48297,35721,0,0,6198,5713,22772,2212,6571,617,717,0,0,3550,47262,699,3497,0,0,0,0,0
711,1801,712.0314998557374,99808,1840,938,147,41,39732,20297,0.6014447739660147,1367,773,23554,24895,12332,6465,10758,16886,48300,35725,0,0,6155,5688,22692,2228,6674,628,753,0,0,3686,47120,696,3488,0,0,0,0,0
712,1801,713.2283056592951,99804,1978,1005,150,42,40143,20536,0.6079816440222837,1440,788,23384,24835,12444,6584,10602,16744,48303,35729,0,0,6118,5647,22613,2266,6786,640,785,0,0,3897,46896,687,3469,0,0,0,0,0
713,1801,714.1290536478631,99804,2049,1064,150,42,40453,20716,0.6128912668830908,1497,783,23241,24818,12548,6670,10513,16621,48306,35733,0,0,6092,5620,22531,2282,6899,657,805,0,0,4046,46739,683,3450,0,0,0,0,0
714,1801,715.0335100051288,99802,2101,1117,152,42,40775,20907,0.6180437265786257,1555,821,23086,24753,12694,6765,10410,16500,48309,35737,0,0,6042,5589,22453,2307,7003,675,846,0,0,4218,46563,676,3430,0,0,0,0,0
715,1801,716.2459447938172,99799,2200,1176,154,43,41246,21164,0.6253569675046844,1661,857,22856,24697,12880,6900,10247,16325,48312,35741,0,0,5982,5548,22334,2341,7153,692,898,0,0,4487,46286,670,3408,0,0,0,0,0
716,1801,717.1609282353403,99799,2269,1205,154,43,41618,21359,0.6310383871581879,1695,898,22714,24641,13044,7011,10122,16200,48315,35745,0,0,5941,5505,22236,2377,7270,716,930,0,0,4693,46072,667,3392,0,0,0,0,0
717,1801,718.0799745304721,99799,2335,1268,154,43,41998,21571,0.6369703103237507,1719,915,22561,24585,13219,7112,10010,16075,48318,35749,0,0,5904,5458,22143,2411,7377,744,962,0,0,4902,45859,663,3376,0,0,0,0,0
718,1801,719.003478002001,99798,2417,1322,155,43,42399,21791,0.6431992625102707,1750,935,22408,24525,13386,7228,9882,15945,48321,35753,0,0,5849,5413,22050,2441,7495,767,1012,0,0,5112,45641,658,3360,0,0,0,0,0
719,1801,720.2419385219677,99796,2525,1340,157,43,42929,22074,0.6513587718946651,1811,974,22200,24463,13622,7424,9683,15754,48323,35757,0,0,5786,5354,21891,2483,7702,786,1071,0,0,5407,45330,650,3336,0,0,0,0,0
720,1801,721.1763543410349,99796,2622,1398,157,43,43376,22315,0.6582528357850014,1846,989,22006,24373,13810,7557,9557,15638,48325,35761,0,0,5730,5314,21777,2510,7835,817,1120,0,0,5640,45091,649,3313,0,0,0,0,0
721,1801,722.1172423083733,99796,2673,1433,157,43,43788,22549,0.6647260411238928,1918,1038,21827,24297,13987,7708,9436,15479,48327,35765,0,0,5676,5252,21663,2568,7980,840,1168,0,0,5858,44849,640,3302,0,0,0,0,0
722,1801,723.0641107957316,99795,2751,1490,158,43,44212,22795,0.6714464652537703,2042,1062,21580,24229,14173,7838,9294,15336,48329,35769,0,0,5616,5199,21572,2611,8100,874,1222,0,0,6067,44623,632,3279,0,0,0,0,0
723,1801,724.0183694854602,99795,2865,1531,158,43,44701,23047,0.6788716869582645,2119,1101,21372,24120,14354,7993,9130,15210,48331,35773,0,0,5557,5143,21444,2660,8247,901,1274,0,0,6317,44360,627,3265,0,0,0,0,0
724,1801,725.3017465034011,99795,3008,1611,158,43,45395,23401,0.6893732150909364,2161,1156,21059,24004,14671,8173,8941,15011,48333,35776,0,0,5478,5072,21259,2728,8473,935,1339,0,0,6648,44000,616,3247,0,0,0,0,0
725,1801,726.2736425389027,99794,3130,1689,159,43,45946,23707,0.6979678136962142,2211,1192,20819,23904,14906,8320,8773,14850,48335,35779,0,0,5421,5008,21140,2776,8657,954,1389,0,0,6921,43696,611,3221,0,0,0,0,0
726,1801,727.2539841895978,99792,3229,1710,160,44,46513,23979,0.706389289722623,2256,1252,20567,23797,15142,8502,8644,14693,48337,35782,0,0,5359,4949,20978,2831,8859,985,1440,0,0,7210,43376,604,3201,0,0,0,0,0
727,1801,728.2438273903331,99792,3362,1741,160,44,47084,24281,0.7151374859708193,2295,1298,20317,23677,15357,8689,8507,14549,48339,35785,0,0,5291,4889,20856,2885,9006,1026,1501,0,0,7531,43032,600,3175,0,0,0,0,0
728,1801,729.2432438927308,99792,3463,1833,160,44,47679,24635,0.724647266313933,2338,1294,20067,23542,15624,8880,8346,14405,48341,35788,0,0,5217,4823,20712,2938,9183,1068,1570,0,0,7851,42684,594,3152,0,0,0,0,0
729,1801,730.2526390745818,99789,3594,1859,162,45,48291,24963,0.7340889276373147,2414,1305,19814,23412,15828,9105,8186,14272,48343,35791,0,0,5145,4770,20571,2984,9374,1113,1628,0,0,8172,42324,589,3119,0,0,0,0,0
730,1801,731.271632591192,99786,3718,1907,164,46,48919,25285,0.7436313711342273,2439,1391,19575,23255,16091,9290,8011,14109,48345,35794,0,0,5089,4700,20432,3048,9544,1167,1670,0,0,8503,41965,585,3083,0,0,0,0,0
731,1801,732.300179675538,99784,3764,2006,164,48,49544,25676,0.7538282690611722,2503,1419,19309,23105,16410,9498,7848,13922,48347,35797,0,0,5026,4631,20259,3113,9740,1235,1716,0,0,8852,41581,579,3052,0,0,0,0,0
732,1801,733.3407099978485,99783,3824,2105,165,48,50164,26075,0.7640479841255524,2601,1455,19019,22945,16702,9684,7687,13761,48349,35800,0,0,4943,4582,20077,3137,9984,1284,1786,0,0,9179,41215,572,3024,0,0,0,0,0
733,1801,734.0414251231423,99783,3899,2153,165,48,50616,26347,0.77130372909213,2627,1490,18835,22851,16903,9835,7569,13621,48351,35803,0,0,4894,4519,19966,3185,10123,1326,1832,0,0,9407,40955,568,3008,0,0,0,0,0
734,1801,735.1025037122816,99782,4022,2262,165,49,51320,26767,0.7825760157142571,2715,1466,18524,22740,17181,10045,7391,13436,48353,35806,0,0,4809,4458,19783,3226,10373,1381,1908,0,0,9726,40585,561,2972,0,0,0,0,0
735,1801,736.1777802876497,99779,4098,2314,167,50,52021,27142,0.7933833772637529,2817,1528,18207,22609,17495,10255,7214,13242,48355,35809,0,0,4725,4388,19602,3297,10576,1459,1976,0,0,10085,40181,547,2943,0,0,0,0,0
736,1801,737.2681708537433,99775,4270,2397,169,52,52836,27603,0.8062039589075419,2814,1530,17885,22429,17806,10531,7054,13059,48357,35812,0,0,4647,4306,19419,3377,10830,1518,2031,0,0,10486,39726,536,2899,0,0,0,0,0
737,1801,738.0045763923479,99775,4356,2488,169,52,53358,27896,0.8143723377599599,2858,1560,17670,22314,18009,10652,6936,12932,48359,35815,0,0,4580,4252,19287,3413,11003,1557,2085,0,0,10714,39474,532,2878,0,0,0,0,0
738,1801,739.1017797414821,99774,4411,2511,170,52,54094,28323,0.8260368432657806,2911,1594,17407,22161,18351,10936,6748,12744,48361,35818,0,0,4488,4191,19075,3465,11287,1617,2161,0,0,11154,38975,521,2840,0,0,0,0,0
739,1801,740.176094357131,99769,4504,2566,174,53,54880,28764,0.8383766500616424,2921,1646,17130,21970,18687,11203,6582,12560,48363,35821,0,0,4412,4123,18836,3516,11594,1685,2216,0,0,11554,38516,514,2803,0,0,0,0,0
740,1801,741.2287073922838,99767,4603,2597,176,53,55670,29195,0.8506319724959155,2928,1704,16835,21795,19024,11464,6432,12385,48365,35824,0,0,4326,4065,18627,3556,11861,1768,2285,0,0,11968,38033,508,2770,0,0,0,0,0
741,1801,742.2610175586519,99764,4720,2672,179,53,56439,29646,0.8628864119321599,2934,1721,16554,21603,19315,11732,6296,12217,48367,35827,0,0,4238,3989,18439,3616,12140,1826,2357,0,0,12337,37593,495,2734,0,0,0,0,0
742,1801,743.2741902249935,99761,4756,2714,182,53,57150,30070,0.8742895520293501,2966,1745,16275,21450,19657,11980,6162,12056,48369,35830,0,0,4150,3919,18232,3669,12421,1918,2424,0,0,12651,37190,486,2701,0,0,0,0,0
743,1801,744.2687071231924,99757,4877,2765,184,55,57909,30501,0.8862535962388605,3004,1792,15950,21271,19975,12240,6008,11875,48371,35833,0,0,4071,3858,18032,3722,12682,1996,2480,0,0,13002,36771,473,2670,0,0,0,0,0
744,1801,745.2448367230306,99754,4986,2830,185,57,58667,30939,0.8982697435691802,3010,1858,15674,21085,20270,12479,5873,11689,48373,35836,0,0,3998,3790,17825,3768,12961,2076,2533,0,0,13340,36356,465,2642,0,0,0,0,0
745,1801,746.2041939223126,99752,5044,2868,187,57,59432,31381,0.9103877616488892,2985,1883,15436,20916,20616,12748,5730,11526,48375,35839,0,0,3925,3720,17601,3831,13247,2171,2585,0,0,13706,35906,449,2611,0,0,0,0,0
746,1801,747.1470558932062,99751,5118,2912,187,58,60165,31838,0.9223265932171106,3017,1875,15130,20782,20938,13010,5608,11361,48377,35842,0,0,3847,3659,17397,3877,13529,2261,2641,0,0,14058,35468,440,2574,0,0,0,0,0
747,1801,748.0735505055392,99747,5156,2979,190,59,60884,32301,0.9342135603075782,2962,1847,14895,20634,21294,13270,5501,11209,48379,35845,0,0,3765,3595,17165,3925,13824,2355,2695,0,0,14386,35062,431,2544,0,0,0,0,0
748,1801,749.2851722476116,99744,5163,3038,191,61,61740,32892,0.9487487969201155,3045,1830,14597,20426,21640,13636,5362,11007,48381,35848,0,0,3681,3510,16909,3996,14212,2461,2740,0,0,14806,34504,424,2501,0,0,0,0,0
749,1801,750.1798623705951,99742,5153,3044,191,63,62398,33315,0.9596057829199335,3104,1862,14347,20252,21940,13906,5263,10871,48383,35851,0,0,3599,3440,16713,4072,14462,2559,2791,0,0,15164,34062,413,2467,0,0,0,0,0
750,1801,751.0617444201436,99740,5135,3040,192,64,63059,33694,0.9700521355524363,3125,1923,14158,20120,22232,14133,5156,10718,48385,35854,0,0,3537,3358,16529,4136,14715,2650,2838,0,0,15514,33619,398,2446,0,0,0,0,0
751,1801,752.2186507348711,99734,5160,3144,195,67,63978,34289,0.9852908737241062,3125,1916,13889,19899,22618,14442,5011,10530,48387,35857,0,0,3447,3271,16287,4193,15103,2766,2896,0,0,15894,33080,389,2408,0,0,0,0,0
752,1801,753.0727604041818,99729,5230,3173,199,68,64672,34682,0.9962398098847878,3086,1962,13694,19733,22874,14666,4915,10396,48389,35860,0,0,3378,3208,16136,4238,15348,2864,2938,0,0,16147,32710,378,2384,0,0,0,0,0
753,1801,754.195039151478,99725,5228,3173,203,68,65556,35224,1.0105790925043872,3071,1969,13423,19527,23310,15033,4763,10228,48391,35862,0,0,3293,3134,15888,4287,15737,3006,2982,0,0,16521,32172,373,2332,0,0,0,0,0
754,1801,755.0231049710434,99721,5191,3220,205,70,66167,35640,1.0209183622306235,3080,1953,13247,19401,23598,15248,4677,10106,48393,35864,0,0,3229,3072,15709,4337,15961,3113,3026,0,0,16852,31755,365,2302,0,0,0,0,0
755,1801,756.1123254248869,99716,5215,3241,207,73,67010,36155,1.0345882305748326,3086,1944,13004,19215,23917,15570,4569,9955,48395,35866,0,0,3153,3008,15481,4383,16251,3273,3063,0,0,17223,31259,352,2270,0,0,0,0,0
756,1801,757.1854923626269,99714,5224,3279,208,74,67840,36663,1.0480273582445796,3046,1969,12782,19042,24286,15845,4452,9789,48397,35868,0,0,3062,2945,15274,4418,16564,3408,3122,0,0,17583,30760,343,2235,0,0,0,0,0
757,1801,758.2423146930008,99711,5241,3331,210,75,68643,37185,1.0613472936787316,3026,1985,12588,18866,24590,16121,4343,9620,48399,35870,0,0,2994,2863,15047,4463,16885,3560,3163,0,0,17892,30319,337,2188,0,0,0,0,0
758,1801,759.0263821172031,99710,5277,3326,210,76,69236,37565,1.071116237087554,3027,1979,12426,18749,24806,16360,4252,9508,48401,35872,0,0,2954,2810,14880,4496,17154,3651,3180,0,0,18133,29953,333,2166,0,0,0,0,0
759,1801,760.0611104073258,99707,5301,3323,211,78,70021,38045,1.0838356384205723,3029,1984,12240,18611,25050,16632,4167,9370,48403,35874,0,0,2897,2743,14649,4539,17521,3775,3199,0,0,18415,29512,326,2131,0,0,0,0,0
760,1801,761.0852745303637,99705,5329,3274,211,80,70827,38504,1.0965448071811845,3027,1983,12037,18474,25333,16963,4061,9224,48405,35876,0,0,2826,2669,14437,4595,17832,3930,3224,0,0,18717,29057,322,2096,0,0,0,0,0
761,1801,762.0976317399566,99703,5266,3314,213,80,71536,39041,1.1090639198419305,3077,1946,11876,18301,25599,17276,3967,9081,48407,35878,0,0,2755,2608,14208,4629,18193,4063,3258,0,0,19008,28607,317,2057,0,0,0,0,0
762,1801,763.099375512681,99702,5243,3278,214,80,72278,39487,1.1209905518444967,3088,1955,11691,18168,25886,17581,3876,8936,48409,35880,0,0,2692,2546,13989,4650,18541,4217,3279,0,0,19259,28198,312,2019,0,0,0,0,0
763,1801,764.0910428333018,99700,5326,3266,215,81,73068,39963,1.1337111334002006,3033,1965,11493,18015,26159,17867,3772,8804,48411,35882,0,0,2618,2489,13780,4689,18856,4357,3319,0,0,19520,27781,303,1988,0,0,0,0,0
764,1801,765.071799792695,99695,5285,3290,219,82,73797,40449,1.1459551632479061,3007,1934,11345,17887,26459,18125,3683,8680,48412,35884,0,0,2553,2441,13583,4703,19158,4519,3351,0,0,19776,27352,291,1968,0,0,0,0,0
765,1801,766.0424430456501,99689,5310,3310,224,83,74538,40910,1.158081633881371,2964,1911,11183,17776,26720,18360,3597,8558,48413,35886,0,0,2498,2385,13389,4720,19466,4650,3376,0,0,20042,26933,282,1948,0,0,0,0,0
766,1801,767.0036516608085,99687,5261,3319,225,84,75235,41364,1.1696510076539568,2919,1891,10998,17663,27075,18596,3520,8445,48414,35888,0,0,2444,2331,13203,4751,19766,4808,3394,0,0,20271,26526,277,1916,0,0,0,0,0
767,1801,768.1898655803069,99683,5298,3370,228,85,76110,41945,1.184304244454922,2891,1882,10812,17510,27360,18866,3409,8285,48415,35890,0,0,2375,2275,12993,4778,20122,4989,3419,0,0,20508,26076,268,1880,0,0,0,0,0
768,1801,769.1295167824406,99678,5281,3340,232,86,76776,42366,1.1952687654246674,2891,1872,10677,17391,27578,19138,3339,8171,48416,35892,0,0,2330,2229,12805,4780,20435,5145,3438,0,0,20687,25707,263,1859,0,0,0,0,0
769,1801,770.0624254557645,99676,5272,3319,234,86,77458,42792,1.2064087643966452,2884,1852,10555,17272,27786,19385,3267,8084,48417,35894,0,0,2282,2173,12619,4791,20753,5294,3460,0,0,20889,25333,259,1823,0,0,0,0,0
770,1801,771.2189405622115,99672,5250,3306,236,88,78308,43329,1.2203728228589774,2873,1811,10382,17152,28072,19697,3185,7944,48418,35896,0,0,2212,2107,12407,4822,21097,5496,3485,0,0,21132,24880,250,1784,0,0,0,0,0
771,1801,772.1362184661417,99669,5247,3294,238,89,78984,43746,1.2313758540769948,2854,1801,10247,17041,28298,19935,3114,7838,48419,35898,0,0,2176,2055,12261,4856,21352,5670,3480,0,0,21290,24532,245,1752,0,0,0,0,0
772,1801,773.0469017812895,99668,5291,3281,239,89,79676,44183,1.2427158165108159,2804,1791,10123,16931,28492,20198,3049,7708,48420,35900,0,0,2118,2010,12086,4876,21621,5836,3504,0,0,21455,24192,242,1728,0,0,0,0,0
773,1801,774.1766901582037,99666,5212,3227,240,90,80450,44663,1.2553227780787832,2840,1801,9973,16787,28769,20491,2964,7602,48421,35902,0,0,2057,1949,11875,4912,21989,6029,3513,0,0,21651,23762,233,1696,0,0,0,0,0
774,1801,775.073585183568,99664,5197,3215,242,90,81102,45060,1.2658733344035962,2808,1810,9902,16673,28943,20700,2906,7510,48422,35904,0,0,1998,1917,11722,4931,22237,6195,3530,0,0,21814,23428,223,1669,0,0,0,0,0
775,1801,776.1880648858473,99661,5187,3197,244,91,81878,45569,1.2788051494566581,2721,1790,9804,16556,29217,20964,2825,7400,48423,35906,0,0,1947,1863,11547,4943,22515,6428,3540,0,0,21969,23041,218,1650,0,0,0,0,0
776,1801,777.0733028339246,99657,5150,3189,247,92,82506,45986,1.2893424445849262,2671,1738,9713,16475,29446,21194,2771,7310,48424,35908,0,0,1897,1817,11419,4950,22777,6586,3543,0,0,22119,22707,213,1629,0,0,0,0,0
777,1801,778.1720995197652,99656,5101,3133,247,93,83239,46451,1.3013767359717427,2640,1752,9639,16357,29670,21462,2701,7201,48425,35910,0,0,1840,1777,11252,4973,23072,6802,3544,0,0,22275,22316,205,1600,0,0,0,0,0
778,1801,779.0458256650533,99653,5007,3100,249,94,83791,46832,1.3107784010516492,2612,1751,9568,16271,29910,21679,2652,7103,48426,35912,0,0,1804,1737,11081,4994,23320,6980,3540,0,0,22416,22000,203,1578,0,0,0,0,0
779,1801,780.1307157154938,99652,4896,3110,249,95,84490,47324,1.3227431461485972,2603,1734,9462,16182,30187,21894,2601,6983,48427,35914,0,0,1756,1690,10898,4991,23669,7181,3548,0,0,22519,21648,196,1556,0,0,0,0,0
780,1801,781.2076079157085,99650,4781,3120,249,97,85179,47800,1.3344606121424987,2570,1700,9374,16121,30477,22098,2547,6862,48428,35916,0,0,1697,1654,10737,5008,23932,7403,3555,0,0,22668,21275,192,1529,0,0,0,0,0
781,1801,782.0635934849446,99648,4760,3082,251,97,85725,48142,1.3433987636480411,2518,1709,9306,16018,30660,22288,2503,6804,48429,35918,0,0,1669,1627,10618,5014,24144,7571,3545,0,0,22751,21004,189,1516,0,0,0,0,0
782,1801,783.1271215790122,99644,4673,3097,255,97,86375,48616,1.3547328489422343,2448,1693,9236,15928,30923,22477,2463,6706,48430,35920,0,0,1625,1588,10453,5021,24400,7788,3550,0,0,22892,20655,187,1485,0,0,0,0,0
783,1801,784.1847403910767,99644,4635,3104,255,97,87015,49079,1.365802256031472,2432,1647,9179,15839,31105,22701,2392,6610,48431,35922,0,0,1582,1558,10302,5003,24644,7993,3557,0,0,23047,20320,178,1460,0,0,0,0,0
784,1801,785.0273482586558,99644,4650,3065,255,97,87551,49398,1.3743828027778893,2378,1619,9122,15798,31230,22891,2363,6528,48432,35924,0,0,1556,1515,10200,5011,24814,8161,3553,0,0,23136,20074,176,1448,0,0,0,0,0
785,1801,786.0761014595803,99642,4626,2996,257,97,88212,49809,1.3851689046787499,2346,1595,9053,15733,31401,23142,2315,6435,48433,35926,0,0,1522,1483,10065,4999,25044,8381,3543,0,0,23269,19726,176,1434,0,0,0,0,0
786,1801,787.1207559820989,99637,4540,2941,259,100,88835,50215,1.3955659042323634,2255,1561,9013,15667,31662,23380,2269,6349,48434,35928,0,0,1476,1452,9916,5012,25317,8589,3537,0,0,23331,19421,172,1414,0,0,0,0,0
787,1801,788.1599314169858,99634,4435,2905,262,100,89414,50625,1.4055342553746712,2232,1504,8957,15598,31898,23618,2214,6273,48435,35930,0,0,1433,1420,9759,5025,25560,8808,3531,0,0,23403,19132,169,1394,0,0,0,0,0
788,1801,789.1943417632544,99629,4371,2856,265,102,89956,51013,1.4149394252677434,2234,1501,8914,15509,32040,23831,2174,6199,48436,35932,0,0,1400,1390,9646,5027,25796,9004,3521,0,0,23443,18859,165,1378,0,0,0,0,0
789,1801,790.0192980943175,99627,4307,2793,265,104,90379,51328,1.422375460467544,2203,1458,8906,15474,32165,24035,2152,6134,48437,35934,0,0,1383,1363,9550,5041,25945,9189,3498,0,0,23497,18643,160,1358,0,0,0,0,0
790,1801,791.0483439046855,99624,4268,2762,266,106,90958,51714,1.4321047137236007,2179,1422,8864,15430,32307,24221,2114,6057,48438,35936,0,0,1351,1329,9427,5020,26181,9388,3504,0,0,23558,18369,158,1339,0,0,0,0,0
791,1801,792.0739731896086,99620,4244,2753,270,106,91527,52090,1.4416482634009236,2115,1371,8837,15400,32457,24378,2075,5990,48439,35938,0,0,1321,1297,9303,5013,26394,9572,3502,0,0,23635,18107,154,1322,0,0,0,0,0
792,1801,793.0962009480351,99620,4158,2707,270,106,92094,52433,1.4507829753061634,2053,1350,8843,15348,32634,24557,2040,5930,48440,35940,0,0,1295,1255,9174,5026,26635,9778,3478,0,0,23650,17879,150,1300,0,0,0,0,0
793,1801,794.1153970823476,99619,4040,2643,270,107,92621,52755,1.4593200092351861,2058,1376,8822,15293,32806,24729,2002,5850,48441,35942,0,0,1261,1230,9044,5014,26841,9996,3473,0,0,23699,17635,145,1281,0,0,0,0,0
794,1801,795.1313522211099,99616,3948,2615,273,107,93097,53110,1.467705991005461,2078,1350,8792,15251,32942,24893,1965,5782,48442,35944,0,0,1230,1192,8928,5024,27016,10201,3470,0,0,23741,17408,142,1264,0,0,0,0,0
795,1801,796.1443219875737,99614,3930,2566,274,108,93643,53454,1.4766699459915273,1983,1359,8784,15193,33087,25066,1940,5706,48443,35946,0,0,1200,1166,8831,5020,27147,10433,3473,0,0,23785,17178,136,1245,0,0,0,0,0
796,1801,797.1549623591011,99612,3864,2526,275,109,94140,53778,1.4849415733044211,1942,1335,8768,15191,33227,25193,1922,5644,48444,35948,0,0,1174,1139,8732,5037,27317,10633,3450,0,0,23807,16961,135,1227,0,0,0,0,0
797,1801,798.1628822583726,99609,3805,2536,277,110,94649,54140,1.493730486201046,1867,1310,8785,15165,33379,25298,1885,5579,48445,35950,0,0,1154,1124,8631,5024,27472,10862,3438,0,0,23807,16754,130,1213,0,0,0,0,0
798,1801,799.1679837134953,99606,3742,2499,279,111,95105,54474,1.5017067244945084,1867,1283,8779,15130,33482,25457,1849,5518,48446,35952,0,0,1136,1099,8540,5011,27668,11044,3430,0,0,23821,16532,128,1197,0,0,0,0,0
799,1801,800.1712767794896,99605,3731,2428,280,111,95572,54775,1.5094322574167964,1827,1270,8772,15101,33579,25628,1809,5460,48447,35954,0,0,1117,1084,8458,4989,27840,11232,3413,0,0,23832,16336,128,1176,0,0,0,0,0
800,1801,801.1730016385628,99603,3656,2403,282,111,96014,55096,1.5171229782235476,1857,1255,8753,15096,33667,25739,1783,5394,48448,35956,0,0,1100,1068,8356,4980,28012,11427,3390,0,0,23837,16147,125,1161,0,0,0,0,0
801,1801,802.1727533352995,99601,3577,2365,284,111,96459,55394,1.524613206694712,1832,1246,8727,15074,33818,25865,1760,5337,48449,35958,0,0,1078,1055,8265,4968,28140,11627,3371,0,0,23888,15934,123,1152,0,0,0,0,0
802,1801,803.1696551770725,99599,3461,2368,286,111,96912,55718,1.5324451048705308,1765,1192,8753,15060,33999,25977,1734,5290,48450,35960,0,0,1062,1034,8162,4959,28353,11821,3347,0,0,23835,15770,118,1138,0,0,0,0,0
803,1801,804.1643723746756,99599,3390,2305,286,111,97326,55996,1.5393929657928291,1735,1204,8782,15051,34096,26101,1709,5226,48451,35962,0,0,1050,1016,8066,4977,28483,12021,3315,0,0,23839,15595,115,1122,0,0,0,0,0
804,1801,805.1579390968751,99599,3378,2266,286,111,97772,56273,1.5466520748200283,1707,1192,8786,15048,34145,26209,1696,5172,48452,35964,0,0,1033,1000,7992,4980,28589,12221,3298,0,0,23830,15433,113,1110,0,0,0,0,0
805,1801,806.1510213423711,99597,3275,2228,287,112,98177,56578,1.5538118618030663,1706,1168,8812,15049,34249,26337,1669,5104,48453,35966,0,0,1012,979,7911,4972,28713,12430,3282,0,0,23843,15245,110,1100,0,0,0,0,0
806,1801,807.1426028520121,99595,3215,2173,289,112,98596,56857,1.5608514483658817,1680,1158,8820,15040,34349,26457,1645,5058,48454,35967,0,0,995,959,7837,4975,28838,12625,3265,0,0,23851,15062,107,1081,0,0,0,0,0
807,1801,808.1328800948587,99594,3168,2144,290,112,98992,57132,1.5676044741651103,1624,1130,8843,15040,34448,26560,1625,5012,48455,35968,0,0,979,942,7763,4949,28933,12827,3266,0,0,23845,14911,105,1074,0,0,0,0,0
808,1801,809.121702857291,99593,3116,2168,291,112,99357,57419,1.5741668591166045,1572,1096,8863,15003,34550,26643,1606,4976,48456,35969,0,0,963,920,7681,4939,29066,12980,3260,0,0,23840,14775,105,1064,0,0,0,0,0
809,1801,810.1094551717067,99592,3095,2161,291,113,99754,57706,1.5810506868021528,1552,1046,8900,15013,34576,26738,1584,4927,48457,35970,0,0,951,909,7602,4927,29186,13152,3243,0,0,23841,14617,105,1059,0,0,0,0,0
810,1801,811.0970833888606,99590,3045,2113,292,114,100141,57974,1.5876594035545737,1475,1024,8946,15008,34676,26858,1564,4881,48458,35971,0,0,934,893,7521,4922,29338,13320,3228,0,0,23824,14464,104,1042,0,0,0,0,0
811,1801,812.083937793892,99590,3015,2069,292,114,100529,58230,1.5941259162566523,1427,993,8971,15031,34752,26960,1541,4831,48459,35972,0,0,918,875,7468,4935,29420,13507,3206,0,0,23814,14320,102,1025,0,0,0,0,0
812,1801,813.0698762705838,99588,2922,2014,293,115,100876,58454,1.5998915531991806,1415,1005,8983,15053,34854,27040,1531,4771,48460,35973,0,0,905,858,7399,4921,29532,13680,3194,0,0,23828,14157,100,1014,0,0,0,0,0
813,1801,814.0546890368108,99587,2894,1962,294,115,101229,58713,1.6060529988853967,1392,961,9006,15041,34900,27187,1512,4732,48461,35974,0,0,886,841,7348,4912,29633,13853,3189,0,0,23819,14006,99,1001,0,0,0,0,0
814,1801,815.0394982731893,99586,2816,1923,295,115,101568,58933,1.611682364991063,1346,948,9036,15047,35012,27268,1493,4697,48462,35975,0,0,874,822,7289,4895,29743,14017,3174,0,0,23812,13870,97,993,0,0,0,0,0
815,1801,816.0231406320696,99585,2767,1947,296,115,101886,59199,1.6175628859768036,1363,941,9058,15042,35042,27306,1472,4647,48463,35976,0,0,862,812,7221,4886,29826,14170,3162,0,0,23818,13745,96,987,0,0,0,0,0
816,1801,817.0064021600605,99581,2685,1929,299,116,102195,59432,1.6230706660909209,1381,900,9101,15075,35076,27368,1456,4610,48464,35977,0,0,846,799,7148,4888,29924,14341,3148,0,0,23763,13648,96,980,0,0,0,0,0
817,1801,818.1859688829262,99580,2605,1882,299,117,102596,59700,1.6298051817634063,1356,869,9128,15102,35169,27466,1441,4562,48465,35978,0,0,833,783,7086,4886,30045,14548,3115,0,0,23716,13505,95,968,0,0,0,0,0
818,1801,819.1686442492294,99578,2549,1873,300,118,102905,59928,1.6352306734419249,1365,863,9168,15119,35199,27507,1417,4518,48466,35979,0,0,821,780,7028,4870,30161,14690,3098,0,0,23690,13388,92,960,0,0,0,0,0
819,1801,820.1510165492442,99576,2503,1808,301,119,103216,60119,1.6403048927452397,1352,861,9211,15138,35231,27598,1400,4474,48467,35980,0,0,813,769,6960,4868,30267,14840,3082,0,0,23663,13268,91,955,0,0,0,0,0
820,1801,821.1335452115852,99576,2512,1766,301,119,103551,60319,1.64567767333494,1295,864,9240,15157,35262,27661,1388,4431,48468,35981,0,0,796,758,6909,4862,30316,14999,3074,0,0,23669,13155,91,947,0,0,0,0,0
821,1801,822.116287919398,99576,2474,1722,301,119,103859,60529,1.650879730055435,1263,852,9290,15185,35296,27730,1374,4390,48469,35982,0,0,783,752,6851,4847,30405,15164,3065,0,0,23637,13042,90,940,0,0,0,0,0
822,1801,823.0994895667808,99576,2437,1680,301,119,104173,60749,1.656242468064594,1235,802,9344,15196,35329,27832,1352,4369,48470,35983,0,0,778,744,6783,4841,30491,15315,3041,0,0,23656,12909,88,930,0,0,0,0,0
823,1801,824.0828080747237,99575,2385,1657,301,120,104464,60971,1.6614109967361286,1209,750,9377,15230,35393,27893,1333,4348,48471,35984,0,0,769,736,6724,4831,30572,15478,3028,0,0,23619,12807,87,924,0,0,0,0,0
824,1801,825.0661334565808,99575,2355,1589,301,120,104763,61144,1.6661511423550088,1191,774,9430,15265,35398,27940,1323,4310,48472,35985,0,0,760,726,6671,4847,30634,15637,3005,0,0,23584,12704,87,920,0,0,0,0,0
825,1801,826.0499658781106,99575,2305,1566,301,120,105059,61323,1.6709214160180768,1160,744,9463,15306,35455,27985,1314,4277,48473,35986,0,0,750,713,6630,4837,30700,15783,2991,0,0,23572,12598,85,916,0,0,0,0,0
826,1801,827.0336982442416,99575,2273,1531,301,120,105345,61520,1.6757720311323123,1150,734,9520,15338,35456,28031,1298,4244,48474,35987,0,0,746,708,6577,4819,30788,15931,2970,0,0,23548,12492,85,911,0,0,0,0,0
827,1801,828.0184404573172,99575,2235,1488,301,120,105621,61704,1.6803916645744414,1129,699,9570,15375,35482,28092,1281,4224,48475,35988,0,0,734,703,6527,4801,30858,16080,2960,0,0,23527,12393,85,907,0,0,0,0,0
828,1801,829.0035905195816,99572,2187,1457,304,120,105884,61876,1.6848109910416582,1103,706,9636,15426,35500,28108,1268,4181,48476,35989,0,0,724,694,6486,4792,30928,16211,2952,0,0,23499,12301,83,902,0,0,0,0,0
829,1801,830.1859991144585,99572,2146,1405,304,120,106239,62076,1.6903848471457839,1047,663,9697,15490,35552,28176,1252,4144,48477,35990,0,0,708,680,6424,4777,30999,16396,2948,0,0,23468,12196,83,893,0,0,0,0,0
830,1801,831.1719250138963,99572,2102,1370,304,120,106487,62223,1.694351825814486,1012,681,9764,15540,35573,28171,1243,4116,48478,35991,0,0,701,672,6375,4773,31069,16521,2931,0,0,23445,12114,83,888,0,0,0,0,0
831,1801,832.1580307219456,99572,2027,1355,304,120,106723,62375,1.6982485035953883,995,680,9829,15576,35612,28188,1231,4079,48479,35992,0,0,694,668,6339,4754,31162,16633,2920,0,0,23392,12048,82,880,0,0,0,0,0
832,1801,833.1449215088855,99572,2015,1337,304,120,106970,62547,1.7024565138794039,992,650,9885,15625,35583,28220,1219,4046,48480,35993,0,0,687,661,6300,4735,31226,16747,2913,0,0,23388,11962,82,871,0,0,0,0,0
833,1801,834.1327340875812,99570,1976,1330,306,120,107232,62722,1.706879582203475,973,614,9948,15664,35588,28247,1207,4023,48481,35994,0,0,683,658,6263,4723,31279,16892,2896,0,0,23341,11891,81,863,0,0,0,0,0
834,1801,835.1215008514705,99569,1955,1289,307,120,107475,62868,1.7108035633580734,964,620,10016,15693,35561,28279,1195,3997,48482,35995,0,0,679,651,6228,4705,31336,17017,2891,0,0,23309,11814,78,861,0,0,0,0,0
835,1801,836.1116240963964,99568,1881,1258,308,120,107699,63031,1.7147075365579303,945,603,10097,15714,35585,28336,1182,3967,48483,35996,0,0,673,642,6185,4703,31383,17161,2870,0,0,23281,11735,76,859,0,0,0,0,0
836,1801,837.1023344231342,99566,1848,1247,310,120,107943,63192,1.7188096338107386,910,584,10158,15768,35602,28345,1170,3934,48484,35997,0,0,666,634,6152,4687,31421,17296,2863,0,0,23251,11664,75,857,0,0,0,0,0
837,1801,838.0939126516131,99563,1797,1208,311,122,108145,63335,1.7223265670982193,889,577,10248,15821,35594,28364,1159,3906,48485,35998,0,0,663,630,6117,4682,31476,17411,2842,0,0,23234,11585,75,848,0,0,0,0,0
838,1801,839.0868349847998,99561,1777,1197,311,124,108373,63500,1.7263084942899327,883,559,10312,15860,35570,28375,1145,3883,48486,35999,0,0,659,621,6083,4671,31531,17527,2832,0,0,23206,11512,73,846,0,0,0,0,0
839,1801,840.0810294781668,99560,1752,1181,311,125,108589,63652,1.7300220972278024,879,561,10388,15886,35528,28382,1140,3863,48487,36000,1,1,654,614,6043,4654,31605,17631,2822,0,0,23169,11449,73,844,0,0,1,0,1
840,1801,841.0765192737254,99560,1725,1154,311,125,108804,63795,1.7336179188429088,866,564,10448,15922,35518,28396,1130,3837,48488,36001,2,2,648,612,6014,4643,31650,17755,2817,0,0,23118,11387,73,839,0,2,1,0,1
841,1801,842.073077105613,99560,1692,1125,311,125,109025,63936,1.7372539172358377,843,543,10515,15975,35521,28420,1116,3810,48489,36002,3,3,644,602,5977,4631,31682,17889,2805,0,0,23090,11327,73,835,0,3,1,0,1
842,1801,843.0703613331954,99559,1657,1116,311,126,109231,64071,1.7406964714390463,824,530,10578,16040,35520,28397,1108,3789,48490,36003,4,4,641,596,5946,4627,31721,18008,2788,0,0,23045,11277,72,832,0,4,1,0,1
843,1801,844.0687973403187,99558,1620,1078,311,127,109424,64213,1.7440788284216235,813,507,10648,16108,35504,28414,1102,3764,48491,36004,5,5,637,591,5920,4602,31761,18128,2783,0,0,23034,11196,72,826,0,5,2,0,1
844,1801,845.0686321333932,99558,1625,1068,311,127,109654,64348,1.7477450330460635,764,494,10721,16163,35488,28405,1089,3741,48492,36005,6,6,636,586,5885,4588,31807,18240,2773,0,0,22985,11154,72,823,0,6,2,0,1
845,1801,846.0695940645588,99558,1584,1037,311,127,109838,64468,1.7507985295003918,764,491,10791,16222,35470,28403,1078,3718,48493,36006,7,7,635,577,5856,4582,31834,18351,2759,0,0,22967,11096,72,818,0,8,2,0,1
846,1801,847.0718006900997,99557,1529,1009,312,127,110015,64596,1.7538796870134696,770,526,10877,16279,35442,28371,1068,3686,48494,36007,8,8,630,569,5822,4570,31883,18462,2754,0,0,22928,11040,72,815,0,8,3,0,1
847,1801,848.0751080790141,99555,1499,998,312,129,110222,64722,1.757259806137311,731,522,10954,16336,35443,28351,1059,3662,48495,36008,9,9,622,564,5792,4559,31919,18570,2749,0,0,22899,10988,70,811,0,8,3,0,1
848,1801,849.0794266196107,99555,1456,999,312,129,110415,64858,1.7605645120787505,730,506,11022,16398,35428,28332,1050,3634,48496,36009,10,10,616,558,5768,4537,31984,18666,2739,0,0,22860,10938,70,806,0,9,3,0,1
849,1801,850.0849931955623,99553,1411,980,313,130,110583,64979,1.7635028577742509,713,497,11109,16470,35408,28313,1044,3608,48497,36010,11,11,615,556,5743,4526,31995,18788,2724,0,0,22825,10894,69,804,0,10,3,0,1
850,1801,851.0918093428488,99553,1364,955,313,130,110747,65101,1.7663756993762116,705,481,11171,16546,35413,28306,1032,3580,48498,36011,12,12,608,551,5714,4515,32048,18889,2721,0,0,22783,10844,67,799,0,11,2,0,1
851,1801,852.0994523492993,99553,1335,924,313,130,110924,65224,1.7693891695880586,684,475,11237,16623,35399,28282,1030,3564,48499,36012,14,14,604,546,5679,4503,32101,18993,2713,0,0,22747,10794,67,790,0,13,2,0,1
852,1801,853.108520793698,99553,1322,926,313,130,111096,65351,1.7723925948991994,660,458,11313,16691,35368,28248,1022,3545,48500,36013,16,16,600,545,5650,4485,32131,19077,2704,0,0,22749,10741,67,786,0,15,2,0,1
853,1801,854.1190424898103,99553,1303,911,313,130,111276,65473,1.7754261549124586,624,441,11396,16746,35345,28242,1017,3528,48501,36014,19,18,599,541,5635,4473,32143,19187,2692,0,0,22729,10683,66,784,0,17,2,0,2
854,1801,855.1313254585922,99552,1283,907,314,130,111433,65584,1.778136049501768,632,440,11489,16793,35266,28223,1014,3505,48502,36015,23,21,595,539,5611,4473,32177,19274,2677,0,0,22686,10650,66,779,0,18,4,0,3
855,1801,856.1455933972226,99552,1270,853,314,130,111599,65675,1.7807176149148183,601,458,11561,16872,35244,28195,1008,3490,48503,36016,28,25,593,536,5585,4473,32188,19389,2662,0,0,22657,10605,64,773,0,19,4,0,4
856,1801,857.1615403957783,99551,1229,851,314,131,111755,65788,1.783437634981065,574,468,11659,16921,35215,28150,1007,3477,48504,36017,34,30,589,534,5564,4463,32212,19483,2650,0,0,22638,10559,64,764,1,19,4,0,7
857,1801,858.1791529058896,99551,1214,825,314,131,111915,65899,1.7861598577613484,560,473,11724,16980,35178,28126,1008,3463,48505,36018,42,36,586,531,5544,4460,32199,19597,2639,0,0,22625,10506,64,763,2,23,4,0,8
858,1801,859.1981744765108,99549,1190,821,315,132,112074,66012,1.7889280655757467,543,460,11800,17052,35142,28079,1008,3454,48506,36019,51,43,583,525,5516,4453,32233,19683,2632,0,0,22598,10459,64,759,2,28,5,0,9
859,1801,860.0145980922093,99549,1161,808,315,132,112190,66100,1.7909773076575355,525,440,11872,17084,35112,28084,1013,3450,48507,36020,63,51,579,524,5496,4441,32241,19764,2627,0,0,22586,10413,64,757,3,32,6,0,16
860,1801,861.0371023445641,99548,1149,810,316,132,112339,66201,1.7935066500582633,510,437,11953,17160,35053,28027,1017,3432,48508,36021,77,61,575,520,5475,4430,32263,19845,2625,0,0,22552,10375,64,756,3,36,8,0,21
861,1801,862.0615187537308,99548,1115,791,316,132,112475,66311,1.7959778197452485,509,423,12034,17223,35002,28008,1022,3421,48509,36022,94,73,567,517,5451,4424,32281,19949,2627,0,0,22496,10341,63,749,4,45,13,0,21
862,1801,863.0879729851763,99548,1079,800,316,132,112629,66433,1.7987503515891832,488,389,12110,17277,34978,27971,1027,3429,48510,36023,115,87,563,514,5423,4428,32276,20067,2611,0,0,22467,10296,63,743,5,51,18,0,23
863,1801,864.1161608923532,99547,1041,798,317,132,112752,66540,1.8010788873597396,481,356,12188,17342,34934,27931,1037,3439,48511,36024,140,103,560,512,5404,4416,32275,20164,2606,0,0,22444,10246,63,736,6,68,20,0,27
864,1801,865.1465745844364,99547,1022,774,317,132,112888,66640,1.8034496268094469,473,346,12268,17394,34870,27901,1048,3451,48512,36025,170,122,559,508,5388,4404,32273,20277,2599,0,0,22399,10205,63,733,6,81,20,0,32
865,1801,866.1794884998797,99546,999,733,318,132,113021,66725,1.8056576858939586,464,337,12348,17438,34808,27890,1061,3468,48513,36026,206,143,557,505,5363,4394,32285,20375,2588,0,0,22363,10157,63,726,7,100,25,0,38
866,1801,867.0074714193231,99546,960,706,318,132,113113,66796,1.807295119844092,462,327,12417,17490,34764,27850,1077,3493,48514,36027,248,168,556,503,5340,4387,32296,20462,2581,0,0,22312,10122,63,724,7,117,29,0,47
867,1801,868.0449129060336,99546,916,686,318,132,113228,66885,1.8093444236835232,456,308,12494,17566,34715,27785,1099,3521,48515,36028,297,196,554,499,5318,4380,32295,20560,2576,0,0,22287,10059,63,713,11,135,35,0,61
868,1801,869.0848211346998,99546,902,649,318,132,113335,66963,1.8112028609888895,439,283,12581,17617,34635,27757,1123,3560,48516,36029,354,228,552,499,5291,4370,32308,20654,2570,0,0,22232,10012,63,710,13,158,39,0,75
869,1801,870.1278296821462,99546,886,610,318,132,113449,67043,1.8131517087577602,422,288,12673,17663,34547,27706,1152,3599,48517,36030,420,265,550,495,5268,4359,32294,20765,2567,0,0,22201,9944,63,705,16,179,50,0,90
870,1801,871.1741504412539,99545,870,595,319,132,113562,67117,1.8150484705409613,397,273,12740,17717,34482,27634,1190,3647,48518,36031,496,307,545,494,5241,4356,32273,20872,2562,0,0,22144,9895,62,704,16,216,59,0,106
871,1801,872.0128703769348,99545,828,581,319,132,113632,67179,1.816374503993169,424,268,12776,17741,34424,27564,1227,3712,48519,36032,583,354,541,492,5215,4350,32242,20975,2562,0,0,22088,9855,62,703,16,256,70,0,118
872,1801,873.0637531929516,99545,824,579,319,132,113748,67254,1.8182932342156815,390,261,12863,17789,34331,27463,1271,3774,48520,36033,682,407,538,488,5192,4352,32194,21085,2555,0,0,22045,9801,61,700,19,293,82,0,140
873,1801,874.1178402126003,99545,805,537,319,132,113867,67320,1.8201516901903663,375,258,12921,17833,34262,27378,1316,3860,48521,36034,794,466,535,487,5156,4341,32180,21212,2551,0,0,21959,9757,61,695,21,337,98,0,155
874,1801,875.17501725621,99545,775,536,319,132,113953,67390,1.8217188206338841,378,251,12990,17869,34162,27251,1374,3959,48522,36035,921,532,535,486,5138,4338,32123,21336,2542,0,0,21886,9706,60,689,23,394,106,0,183
875,1801,876.0232056584463,99545,752,518,319,132,114042,67448,1.8231955397056607,373,236,13024,17870,34090,27164,1440,4078,48523,36036,1063,605,534,485,5121,4334,32038,21481,2537,0,0,21813,9651,60,684,24,451,119,0,213
876,1801,877.0867184030704,99544,732,510,320,132,114125,67520,1.8247709555573415,367,220,13121,17916,33942,27013,1516,4207,48524,36037,1222,686,532,482,5093,4335,31965,21617,2530,0,0,21737,9591,60,683,25,519,136,0,239
877,1801,878.1551123600891,99544,728,478,320,132,114226,67574,1.8263280559350639,339,222,13197,17926,33825,26886,1589,4354,48525,36038,1399,775,529,478,5057,4339,31912,21746,2523,0,0,21643,9525,59,677,30,589,154,0,283
878,1801,879.0130299081542,99543,712,461,320,133,114305,67627,1.8276724631566257,317,231,13265,17942,33705,26707,1679,4524,48526,36039,1596,873,529,475,5043,4333,31816,21899,2520,0,0,21547,9465,59,672,33,671,163,0,318
879,1801,880.090196307445,99543,680,458,320,133,114387,67693,1.8291592578081834,318,215,13339,17940,33562,26547,1779,4705,48527,36040,1814,980,528,469,5003,4335,31733,22048,2511,0,0,21455,9391,59,667,35,754,190,0,365
880,1801,881.1722539093513,99542,663,459,320,134,114474,67761,1.8307347652247292,303,200,13403,17924,33421,26372,1888,4909,48528,36041,2053,1097,527,467,4973,4332,31626,22224,2501,0,0,21320,9334,59,664,36,870,206,0,403
881,1801,882.0416477511575,99542,648,453,320,134,114544,67806,1.8318900564585803,290,209,13445,17911,33290,26162,2005,5129,48529,36042,2315,1224,526,466,4938,4333,31509,22397,2496,0,0,21189,9269,59,659,40,974,228,0,459
882,1801,883.1333571485977,99542,623,426,320,134,114619,67850,1.8330855317353478,285,223,13520,17887,33116,25952,2134,5376,48530,36043,2601,1362,523,464,4906,4321,31362,22596,2498,0,0,21067,9186,59,656,43,1093,253,0,515
883,1801,884.0113096542686,99542,622,414,320,134,114691,67893,1.8342408229691989,268,213,13557,17863,32962,25726,2269,5648,48531,36044,2912,1511,523,463,4870,4314,31236,22780,2492,0,0,20932,9112,59,649,47,1217,278,0,570
884,1801,885.1146833200937,99541,583,427,320,135,114751,67960,1.8355351061371696,284,209,13606,17826,32788,25457,2417,5944,48532,36045,3249,1672,521,461,4837,4307,31088,22986,2486,0,0,20779,9035,59,642,50,1356,305,0,629
885,1801,886.0021156387702,99541,587,418,320,135,114826,68010,1.8367908700937303,275,193,13643,17745,32601,25234,2572,6273,48533,36046,3612,1845,520,460,4796,4300,30914,23215,2484,0,0,20639,8945,58,635,55,1489,334,0,697
886,1801,887.1184288336591,99540,585,425,321,135,114901,68069,1.8381555153707052,276,186,13725,17674,32351,24964,2740,6614,48534,36047,4002,2030,518,458,4745,4293,30749,23435,2480,0,0,20461,8863,58,625,60,1653,374,0,768
887,1801,888.0176792501777,99540,566,411,321,135,114957,68110,1.8391299979907574,288,184,13739,17610,32159,24673,2925,6985,48535,36048,4419,2228,515,457,4693,4293,30533,23695,2475,0,0,20286,8760,57,613,69,1824,416,0,854
888,1801,889.1490449619125,99538,563,412,321,137,115044,68176,1.840704052723583,281,164,13751,17540,31957,24372,3125,7373,48536,36049,4863,2439,512,454,4637,4298,30338,23945,2471,0,0,20087,8652,56,611,71,2000,461,0,945
889,1801,890.05970411369,99538,565,392,321,137,115115,68212,1.8417790190680945,284,163,13748,17417,31751,24094,3329,7795,48537,36050,5334,2663,511,453,4599,4293,30115,24217,2470,0,0,19889,8547,56,604,76,2185,495,0,1028
890,1801,891.2060865793626,99538,574,381,321,137,115205,68261,1.8431754706745163,264,166,13780,17314,31520,23764,3539,8236,48538,36051,5832,2900,510,450,4546,4290,29889,24494,2468,0,0,19666,8440,56,598,82,2390,538,0,1121
891,1801,892.1294407955698,99538,560,380,321,137,115263,68305,1.8442002049468544,258,157,13783,17207,31303,23422,3773,8695,48539,36052,6356,3151,507,449,4483,4282,29618,24810,2467,0,0,19459,8342,56,591,88,2590,592,0,1204
892,1801,893.0592934221861,99538,538,359,321,137,115323,68345,1.8452048463903232,249,152,13801,17073,31066,23100,4023,9177,48540,36053,6905,3415,502,447,4436,4275,29381,25106,2466,0,0,19196,8217,56,585,94,2833,632,0,1312
893,1801,894.2318364019915,99538,525,343,321,137,115403,68383,1.8463903232936165,240,162,13866,16942,30767,22736,4279,9678,48541,36054,7478,3693,497,447,4386,4271,29115,25430,2458,0,0,18938,8100,56,575,103,3080,673,0,1409
894,1801,895.1785191959189,99538,515,334,321,137,115455,68422,1.8473045470071732,226,146,13887,16796,30502,22383,4547,10202,48542,36055,8073,3984,494,446,4314,4270,28827,25756,2457,0,0,18691,7983,55,567,111,3315,738,0,1514
895,1801,896.1338356738459,99538,498,305,321,137,115501,68444,1.847987703188732,251,151,13844,16648,30259,22004,4825,10753,48543,36056,8689,4288,493,446,4245,4266,28559,26068,2455,0,0,18416,7849,55,555,122,3583,796,0,1630
896,1801,897.0970552020792,99538,495,303,321,137,115566,68481,1.8490124374610701,235,153,13829,16490,29995,21597,5123,11318,48544,36057,9324,4604,491,445,4166,4264,28278,26391,2454,0,0,18125,7735,55,548,128,3858,865,0,1735
897,1801,898.0689294851115,99538,478,296,321,137,115624,68511,1.8498965219313228,219,156,13831,16297,29728,21215,5421,11897,48545,36058,9976,4933,489,444,4110,4259,27941,26768,2451,0,0,17858,7595,55,541,134,4114,917,0,1862
898,1801,899.049531466741,99538,443,304,321,137,115663,68549,1.8506700958427937,218,150,13828,16148,29457,20784,5731,12475,48546,36059,10642,5273,486,444,4039,4250,27614,27138,2451,0,0,17570,7455,55,531,144,4393,978,0,1990
899,1801,900.039508752964,99537,426,293,321,138,115697,68574,1.8512814330349519,239,175,13889,16217,29419,20738,5704,12437,48546,36059,10642,5273,482,443,4032,4248,27620,27159,2450,0,0,17570,7444,55,531,144,4391,978,0,1990
900,1801,900.039508752964,99537,428,294,321,138,115716,68586,1.8515928750113024,239,167,13794,15966,29163,20367,6053,13066,48546,36059,11321,5625,481,442,3973,4252,27284,27504,2447,1,2,17272,7318,55,523,151,4682,1036,1,2113
901,1801,901.0393257547049,99537,414,294,321,138,115778,68630,1.8526578056401137,246,165,13755,15788,28880,19943,6382,13670,48546,36059,12009,5987,479,441,3902,4241,26946,27890,2443,3,15,16928,7176,55,514,159,5000,1102,2,2241
902,1801,902.0492488846909,99537,426,283,321,138,115842,68662,1.8536222711152637,256,176,13734,15606,28560,19518,6701,14277,48546,36059,12705,6359,479,440,3826,4242,26592,28280,2438,3,29,16625,7060,55,500,173,5278,1172,3,2342
903,1801,903.0701936693195,99537,417,281,321,138,115893,68701,1.8545264574982168,265,178,13706,15414,28238,19109,7051,14878,48546,36059,13406,6740,479,440,3752,4235,26280,28631,2435,3,40,16282,6930,55,485,187,5594,1245,5,2459
904,1801,904.1029565629566,99537,436,276,321,138,115976,68749,1.8558425510111818,243,164,13702,15248,27894,18707,7402,15465,48546,36059,14109,7130,479,438,3670,4240,25935,29017,2428,3,50,15955,6781,55,470,200,5890,1323,7,2596
905,1801,905.14803236696,99537,432,282,321,138,116049,68787,1.8569577142168239,228,176,13645,15045,27608,18296,7764,16061,48546,36059,14812,7527,478,437,3580,4233,25590,29401,2426,4,60,15631,6633,55,464,206,6194,1404,8,2733
906,1801,906.2044707812311,99537,439,285,321,138,116121,68830,1.8581130634839307,226,170,13635,14870,27252,17873,8125,16662,48546,36059,15512,7931,476,436,3501,4227,25231,29808,2423,6,70,15323,6512,55,452,216,6474,1475,12,2840
907,1801,907.0056946734655,99537,426,298,321,138,116165,68869,1.8589469242593206,228,159,13558,14678,26969,17473,8496,17252,48546,36059,16208,8340,473,435,3437,4221,24875,30203,2418,9,72,14997,6362,55,442,225,6780,1533,16,2984
908,1801,908.0869395542474,99537,426,310,321,138,116225,68919,1.8600520409495966,236,140,13527,14466,26636,17112,8852,17832,48546,36059,16897,8754,472,435,3362,4220,24510,30604,2413,10,81,14693,6207,55,430,236,7060,1603,18,3128
909,1801,909.1813901279136,99537,431,295,321,138,116289,68954,1.861046645970845,226,140,13494,14291,26315,16740,9211,18394,48546,36059,17577,9172,472,433,3290,4222,24125,31022,2406,10,96,14396,6069,55,422,244,7338,1668,22,3247
910,1801,910.0114343409947,99537,430,298,321,138,116331,68989,1.861820227654038,220,128,13455,14103,25973,16371,9599,18960,48546,36059,18246,9593,472,431,3207,4217,23779,31397,2404,10,99,14087,5942,55,415,250,7632,1747,27,3366
911,1801,911.1337173348728,99536,412,289,322,138,116384,69026,1.862743128114451,238,130,13423,13946,25635,15997,9968,19498,48546,36059,18903,10015,471,429,3146,4218,23414,31801,2399,11,109,13765,5815,55,401,263,7927,1802,28,3482
912,1801,912.2711315064404,99536,418,289,322,138,116461,69074,1.863998955151905,230,124,13394,13784,25303,15636,10331,20027,48546,36059,19546,10438,470,426,3086,4210,23035,32216,2398,12,123,13480,5678,55,394,270,8191,1859,33,3600
913,1801,913.1343035133276,99536,415,277,322,138,116522,69103,1.8649031506188716,222,129,13333,13626,25004,15274,10702,20554,48546,36059,20173,10861,470,425,3024,4207,22669,32622,2395,12,128,13188,5555,55,380,283,8457,1915,40,3711
914,1801,914.0082133843869,99536,400,267,322,138,116563,69130,1.8655863205272465,221,123,13291,13464,24698,14946,11066,21060,48546,36059,20784,11283,469,424,2957,4206,22341,32990,2389,13,138,12911,5417,55,372,291,8707,1977,42,3837
915,1801,915.1896018523961,99536,398,273,322,138,116631,69181,1.8667818678669024,222,99,13254,13322,24381,14628,11421,21538,48546,36059,21378,11703,466,424,2890,4197,22029,33347,2388,16,143,12611,5298,55,366,294,8985,2034,49,3944
916,1801,916.0861377266472,99536,394,251,322,138,116680,69201,1.8674750843915768,220,119,13206,13165,24066,14320,11790,22005,48546,36059,21954,12120,466,422,2831,4192,21698,33719,2386,16,149,12331,5189,55,360,300,9243,2083,56,4040
917,1801,917.2984800500473,99536,405,239,322,138,116755,69231,1.868529979103038,207,125,13180,13036,23744,14030,12140,22430,48546,36059,22511,12533,465,419,2773,4190,21378,34080,2382,17,156,12066,5063,55,349,311,9482,2135,62,4153
918,1801,918.2189779845962,99536,389,236,322,138,116803,69261,1.8693136151744092,215,118,13138,12889,23445,13750,12489,22867,48546,36059,23049,12942,465,418,2706,4184,21053,34440,2380,17,163,11804,4976,55,341,319,9723,2197,65,4230
919,1801,919.1513376746442,99536,397,231,322,138,116863,69289,1.8701977174087767,202,114,13099,12780,23142,13464,12836,23271,48546,36059,23568,13345,465,418,2653,4180,20727,34796,2378,17,167,11583,4873,55,334,325,9928,2243,69,4325
920,1801,920.0960241229196,99536,389,232,322,138,116911,69317,1.8709612602475487,204,114,13059,12670,22849,13187,13175,23657,48546,36059,24068,13743,464,417,2603,4176,20437,35119,2374,18,172,11344,4780,54,324,333,10152,2287,70,4412
921,1801,921.053105462173,99536,376,214,322,138,116956,69340,1.8716444301559234,198,116,13046,12569,22541,12941,13515,24020,48546,36059,24548,14134,463,415,2550,4180,20151,35445,2366,19,175,11119,4677,54,315,341,10353,2331,80,4502
922,1801,922.0232861310034,99536,376,204,322,138,117002,69364,1.8723476932968977,192,116,13018,12462,22264,12693,13826,24385,48546,36059,25009,14518,462,415,2514,4177,19858,35767,2362,20,176,10900,4575,54,307,348,10555,2363,89,4594
923,1801,923.0058800348352,99535,382,207,323,138,117059,69391,1.87321042849249,192,118,12973,12388,21994,12448,14134,24699,48546,36059,25451,14895,462,414,2470,4170,19565,36094,2360,20,176,10688,4497,54,300,355,10747,2403,94,4666
924,1801,924.0006333282704,99535,376,194,323,138,117098,69414,1.873833324961069,186,120,12952,12313,21724,12219,14437,25014,48546,36059,25874,15264,459,414,2425,4166,19289,36396,2358,23,178,10478,4406,54,298,357,10943,2442,100,4749
925,1801,925.0078114821525,99535,361,189,323,138,117140,69442,1.874536595167529,189,114,12927,12242,21468,12008,14730,25307,48546,36059,26279,15625,458,412,2375,4163,19032,36682,2353,24,181,10278,4326,54,292,363,11128,2488,110,4816
926,1801,926.0272807084197,99534,353,200,323,139,117195,69476,1.8754495951132277,178,102,12903,12212,21221,11781,15020,25564,48546,36059,26666,15978,456,412,2324,4158,18776,36966,2348,26,184,10088,4245,54,290,365,11305,2534,118,4885
927,1801,927.0590795046775,99534,344,201,323,139,117239,69507,1.876203106476179,179,93,12875,12167,20982,11578,15295,25820,48546,36059,27036,16322,455,411,2279,4158,18539,37227,2346,27,185,9913,4164,53,288,367,11466,2573,127,4956
928,1801,928.1028425438699,99534,330,195,323,139,117274,69536,1.876846102839231,181,85,12859,12120,20736,11390,15569,26069,48546,36059,27389,16657,454,411,2237,4153,18310,37482,2345,28,192,9739,4085,52,281,374,11626,2610,133,5022
929,1801,929.1592502670873,99534,317,186,323,139,117321,69560,1.8775594269294915,176,80,12861,12121,20491,11197,15830,26275,48546,36059,27725,16983,449,410,2195,4151,18111,37712,2339,33,192,9562,4015,52,280,375,11787,2646,145,5080
930,1801,930.2286892334974,99534,309,178,323,139,117369,69576,1.8782024232925432,180,84,12858,12098,20257,11017,16071,26482,48546,36059,28045,17300,449,410,2165,4150,17894,37956,2335,33,196,9410,3936,51,276,379,11919,2675,152,5148
931,1801,931.310565175512,99533,305,175,323,140,117412,69602,1.878914530859112,184,88,12841,12075,20025,10870,16320,26650,48546,36059,28350,17608,449,408,2127,4146,17692,38190,2332,33,198,9257,3857,51,275,380,12052,2709,157,5220
932,1801,932.0389455065301,99532,300,177,324,140,117444,69619,1.879425712333722,187,79,12799,12032,19821,10720,16567,26850,48546,36059,28640,17907,449,408,2096,4144,17506,38389,2327,33,197,9113,3787,51,265,390,12190,2739,161,5287
933,1801,933.1453456553172,99532,316,170,324,140,117499,69638,1.8801691918177068,174,84,12819,12052,19575,10568,16790,26984,48546,36059,28916,18196,448,407,2052,4141,17320,38604,2324,34,201,8973,3734,51,261,394,12315,2776,165,5332
934,1801,934.2651677816008,99532,321,169,324,140,117540,69665,1.8808523891813689,182,80,12828,12058,19356,10429,16987,27122,48546,36059,29178,18476,448,405,2022,4141,17145,38807,2319,34,207,8841,3674,51,256,398,12431,2802,167,5384
935,1801,935.018601760322,99531,327,174,325,140,117573,69689,1.8814439722297576,180,79,12814,12040,19147,10285,17205,27280,48546,36059,29427,18747,448,405,1993,4137,16967,38999,2317,34,205,8723,3621,51,254,400,12543,2828,176,5430
936,1801,936.1631173666659,99531,324,164,325,140,117628,69706,1.882167364941576,175,86,12841,12061,18947,10154,17386,27393,48546,36059,29664,19009,448,404,1965,4134,16824,39178,2315,34,211,8585,3562,51,249,404,12660,2848,182,5477
937,1801,937.3201550457825,99531,333,157,325,140,117676,69728,1.8828706634113994,165,87,12865,12074,18745,10039,17565,27501,48546,36059,29889,19262,448,402,1943,4136,16653,39367,2311,34,217,8467,3508,51,247,406,12766,2868,191,5516
938,1801,938.0986317420379,99531,331,154,325,140,117707,69742,1.883322783856286,166,90,12859,12053,18567,9930,17750,27631,48546,36059,30103,19507,448,402,1915,4136,16518,39517,2310,34,218,8344,3455,51,246,407,12877,2894,194,5565
939,1801,939.2792820909743,99531,335,161,325,140,117765,69773,1.8842169776250615,155,81,12887,12102,18398,9806,17898,27708,48546,36059,30306,19743,446,400,1887,4131,16364,39694,2309,36,217,8252,3403,51,244,408,12958,2919,209,5603
940,1801,940.0728608427897,99531,326,162,325,140,117795,69793,1.8847193336749355,149,84,12861,12119,18262,9687,18075,27806,48546,36059,30499,19971,446,399,1856,4127,16237,39843,2307,36,219,8145,3362,51,240,412,13056,2944,212,5639
941,1801,941.2743629177659,99531,320,166,325,140,117835,69823,1.885422632144759,155,82,12897,12162,18091,9575,18210,27873,48546,36059,30682,20190,444,397,1835,4124,16110,39998,2306,38,220,8043,3320,51,239,413,13138,2963,219,5673
942,1801,942.0787770403264,99531,306,159,325,140,117867,69841,1.8859249881946327,145,73,12904,12166,17957,9491,18361,27969,48546,36059,30856,20401,444,396,1816,4121,15988,40142,2303,38,225,7941,3284,51,234,417,13227,2981,229,5694
943,1801,943.2814781364756,99531,303,139,325,140,117913,69858,1.886557956817474,149,76,12950,12246,17802,9402,18469,27995,48546,36059,31021,20605,442,395,1787,4118,15878,40288,2299,40,221,7864,3252,51,230,419,13284,3004,236,5723
944,1801,944.0793426813856,99531,305,129,325,140,117946,69873,1.887040218625353,137,76,12968,12267,17654,9321,18609,28065,48546,36059,31177,20801,442,394,1763,4115,15764,40428,2296,40,222,7773,3226,51,228,420,13362,3023,239,5745
945,1801,945.2658720619512,99531,289,135,325,140,117986,69901,1.8877234228531814,132,80,13038,12315,17508,9227,18706,28101,48546,36059,31326,20990,441,393,1746,4109,15649,40568,2294,41,224,7688,3192,50,226,422,13435,3037,245,5771
946,1801,946.0533021179391,99531,281,132,325,140,118011,69912,1.8880851192090906,129,77,13064,12331,17379,9159,18820,28159,48546,36059,31467,21172,441,393,1734,4109,15542,40686,2289,41,225,7604,3159,50,225,423,13515,3047,249,5799
947,1801,947.2264947068697,99531,285,134,325,140,118049,69933,1.8886778993479418,138,80,13116,12420,17233,9078,18901,28146,48546,36059,31601,21347,441,393,1730,4109,15426,40821,2286,41,222,7527,3135,50,218,428,13579,3051,258,5816
948,1801,948.0055341038927,99531,285,132,325,140,118079,69950,1.8891501140348232,136,82,13130,12434,17122,9020,19000,28190,48546,36059,31728,21515,441,393,1710,4105,15327,40940,2284,41,223,7462,3107,50,217,428,13632,3070,261,5840
949,1801,949.1671321296793,99531,273,132,325,140,118116,69973,1.889752941294672,133,84,13202,12514,16993,8943,19072,28185,48546,36059,31849,21676,441,392,1693,4101,15224,41068,2279,41,230,7395,3076,50,215,430,13690,3081,265,5860
950,1801,950.3244099040536,99531,273,140,325,140,118155,70000,1.8904160512805055,132,77,13287,12591,16849,8864,19132,28186,48546,36059,31964,21831,440,391,1671,4097,15133,41179,2276,42,231,7325,3052,50,212,433,13749,3102,271,5877
951,1801,951.0938220592568,99531,271,128,325,140,118180,70010,1.8907677005154173,143,82,13301,12610,16745,8817,19213,28221,48546,36059,32073,21980,439,390,1654,4102,15038,41294,2271,43,231,7264,3028,50,211,433,13797,3115,279,5892
952,1801,952.2420988732442,99529,259,129,327,140,118224,70034,1.89148891277919,128,75,13374,12707,16632,8751,19278,28196,48546,36059,32176,22123,438,390,1643,4103,14938,41410,2265,44,235,7211,2999,50,208,434,13841,3124,285,5911
953,1801,953.0056782017825,99529,256,125,327,140,118252,70052,1.8919510896321674,121,71,13395,12728,16538,8712,19361,28222,48546,36059,32274,22261,437,389,1627,4104,14860,41507,2262,45,241,7157,2969,50,205,436,13887,3133,291,5929
954,1801,954.145570313446,99529,253,126,327,140,118289,70069,1.8924936450682717,117,66,13449,12816,16444,8643,19408,28207,48546,36059,32367,22393,437,389,1609,4104,14771,41615,2259,45,242,7114,2949,50,205,436,13919,3146,293,5946
955,1801,955.282742931895,99529,257,120,327,140,118327,70079,1.8929759165670308,115,77,13507,12905,16338,8572,19454,28184,48546,36059,32456,22520,437,388,1591,4097,14697,41709,2258,45,244,7064,2931,50,203,438,13961,3161,295,5960
956,1801,956.0392899802822,99529,250,116,327,140,118348,70091,1.8933074782224277,110,74,13516,12965,16262,8527,19533,28176,48546,36059,32540,22642,437,387,1579,4097,14631,41787,2257,45,247,7021,2905,50,202,438,13999,3169,297,5981
957,1801,957.1691757509466,99529,236,123,327,140,118377,70110,1.8937897497211869,120,70,13585,13052,16164,8474,19566,28139,48546,36059,32620,22759,437,387,1567,4097,14569,41866,2251,45,246,6971,2887,50,202,437,14042,3179,300,5996
958,1801,958.2968701907656,99529,229,118,327,140,118413,70131,1.8943624471259632,114,69,13662,13154,16055,8423,19611,28094,48546,36059,32696,22872,437,387,1556,4095,14500,41958,2249,45,246,6915,2873,50,200,439,14082,3187,306,6004
959,1801,959.0474163409593,99529,229,123,327,140,118434,70145,1.8947141034271417,115,71,13703,13210,15956,8368,19668,28086,48546,36059,32769,22980,437,387,1546,4097,14432,42033,2247,45,245,6880,2854,50,199,440,14112,3195,312,6018
960,1801,960.1696896798055,99529,225,128,327,140,118467,70166,1.8952566588632458,119,72,13801,13310,15858,8321,19668,28027,48546,36059,32838,23084,434,386,1532,4094,14369,42114,2246,48,246,6838,2836,50,198,441,14142,3208,316,6031
961,1801,961.2914227360669,99529,218,131,327,140,118501,70185,1.895789166976459,116,73,13875,13411,15761,8262,19701,27981,48546,36059,32904,23184,434,386,1524,4090,14322,42186,2245,48,246,6789,2824,50,197,442,14176,3211,319,6040
962,1801,962.0383176868717,99529,228,128,327,140,118528,70193,1.8961408232776378,113,83,13920,13454,15687,8226,19723,27967,48546,36059,32967,23280,434,386,1519,4088,14263,42257,2244,47,247,6753,2812,50,195,444,14208,3212,321,6049
963,1801,963.1568886884565,99529,235,126,327,140,118566,70219,1.8967838519426499,108,75,13980,13547,15612,8192,19736,27918,48546,36059,33027,23372,433,386,1512,4086,14212,42328,2241,48,247,6714,2792,50,193,446,14236,3216,329,6060
964,1801,964.2748951359772,99529,225,132,327,140,118593,70239,1.8972560761185182,110,72,14071,13627,15524,8149,19741,27878,48546,36059,33084,23460,433,386,1504,4085,14173,42383,2238,48,250,6673,2771,50,192,446,14267,3223,330,6077
965,1801,965.0199235063626,99529,217,118,327,140,118608,70248,1.8974972118678979,114,77,14092,13679,15466,8127,19782,27857,48546,36059,33138,23545,433,385,1497,4083,14128,42448,2236,48,249,6641,2758,50,191,447,14289,3225,336,6085
966,1801,966.1353705101105,99529,216,120,327,140,118641,70268,1.8980297199811111,105,71,14189,13803,15375,8089,19786,27775,48546,36059,33190,23627,433,385,1489,4081,14079,42515,2233,48,250,6613,2744,50,186,450,14306,3233,339,6095
967,1801,967.2508586569032,99528,201,123,328,140,118662,70287,1.8984506872437907,106,69,14290,13935,15303,8035,19770,27696,48546,36059,33239,23705,433,383,1485,4077,14033,42579,2229,48,254,6573,2734,50,185,451,14339,3235,340,6100
968,1801,968.3670861707254,99528,199,114,328,140,118700,70303,1.898993248131179,93,67,14380,14038,15235,8001,19763,27638,48546,36059,33286,23780,432,381,1479,4076,14002,42634,2225,49,255,6539,2719,50,182,453,14360,3239,345,6108
969,1801,969.1117089169226,99528,200,113,328,140,118720,70315,1.899314765694076,94,68,14420,14094,15179,7967,19777,27616,48546,36059,33331,23852,432,381,1474,4075,13967,42682,2223,49,257,6508,2704,50,182,453,14382,3243,346,6120
970,1801,970.2276552455211,99528,207,112,328,140,118749,70331,1.8997668997668997,89,68,14508,14209,15102,7927,19764,27542,48546,36059,33374,23922,432,379,1469,4074,13930,42737,2222,49,256,6484,2690,50,181,454,14396,3245,350,6130
971,1801,971.3441922407319,99528,193,123,328,140,118773,70356,1.9002592235350857,91,70,14587,14320,15047,7878,19752,27467,48546,36059,33415,23989,430,379,1463,4076,13897,42781,2218,51,256,6455,2680,50,181,453,14417,3251,357,6133
972,1801,972.0889390527077,99528,195,129,328,140,118795,70368,1.9006008359456634,80,71,14641,14383,14997,7837,19757,27438,48546,36059,33454,24053,430,378,1458,4071,13874,42816,2218,51,258,6429,2671,50,180,454,14439,3254,357,6140
973,1801,973.2058377785003,99528,188,127,328,140,118815,70383,1.900952495780082,87,69,14738,14482,14920,7819,19737,27361,48546,36059,33491,24115,428,376,1451,4073,13842,42861,2216,53,260,6408,2663,50,176,457,14452,3259,362,6141
974,1801,974.3239878415387,99528,183,123,328,140,118841,70403,1.9014146772767462,88,56,14835,14612,14848,7797,19716,27270,48546,36059,33527,24174,428,376,1445,4072,13809,42905,2214,53,263,6386,2654,50,173,460,14467,3264,369,6140
975,1801,975.0699507593554,99528,175,124,328,140,118853,70414,1.9016457680250785,92,58,14890,14662,14788,7778,19725,27236,48546,36059,33561,24231,428,376,1439,4073,13776,42950,2211,53,264,6358,2645,50,173,460,14488,3267,372,6145
976,1801,976.1888541007592,99527,173,110,329,140,118883,70422,1.9020466808001848,91,71,14987,14778,14714,7751,19704,27148,48546,36059,33593,24286,427,373,1432,4075,13749,42991,2211,53,266,6329,2635,50,173,460,14506,3272,376,6149
977,1801,977.3092005315185,99527,173,114,329,140,118907,70447,1.9025390095150059,92,60,15102,14890,14633,7726,19669,27068,48546,36059,33624,24339,427,373,1427,4068,13730,43031,2211,53,267,6300,2626,50,173,460,14523,3275,381,6152
978,1801,978.0570979625647,99527,169,115,329,140,118921,70460,1.9028102926843973,96,57,15157,14952,14582,7710,19665,27024,48546,36059,33654,24390,427,372,1421,4067,13700,43074,2210,53,267,6275,2621,50,173,460,14542,3279,381,6155
979,1801,979.1794872088889,99527,163,116,329,140,118947,70476,1.9032322887256725,103,65,15260,15048,14523,7685,19620,26944,48546,36059,33682,24439,427,372,1415,4061,13675,43117,2210,53,269,6257,2613,50,173,458,14553,3282,386,6156
980,1801,980.3039600101087,99526,168,119,330,140,118976,70497,1.9037537929787192,104,67,15356,15135,14456,7664,19584,26873,48546,36059,33709,24486,426,372,1411,4059,13655,43155,2209,54,270,6236,2603,50,173,458,14563,3281,391,6160
981,1801,981.0548046502457,99526,165,124,330,140,118995,70513,1.9041054598798304,98,66,15414,15186,14410,7646,19581,26836,48546,36059,33735,24531,425,372,1408,4054,13638,43184,2208,55,271,6220,2597,50,172,458,14576,3282,394,6162
982,1801,982.1815370569108,99526,167,130,330,140,119022,70529,1.90453750778691,94,61,15494,15287,14362,7620,19551,26760,48546,36059,33760,24575,425,372,1407,4051,13620,43217,2205,55,269,6204,2591,50,172,458,14583,3283,399,6165
983,1801,983.3100002220474,99525,169,127,331,140,119044,70546,1.9049485054006532,98,61,15596,15377,14296,7596,19508,26697,48546,36059,33784,24617,424,371,1406,4050,13597,43251,2203,56,271,6192,2580,50,172,458,14588,3283,402,6171
984,1801,984.0637360469213,99525,167,125,331,140,119066,70558,1.9052901281085155,89,56,15663,15448,14256,7579,19492,26650,48546,36059,33807,24657,424,370,1406,4050,13568,43291,2201,56,272,6177,2573,50,172,458,14596,3282,406,6173
985,1801,985.1957526247262,99525,161,124,331,140,119085,70578,1.9056819894498869,93,53,15762,15536,14213,7563,19438,26582,48546,36059,33829,24696,424,369,1401,4051,13551,43323,2199,56,276,6155,2564,50,172,458,14607,3285,408,6176
986,1801,986.3308032575768,99525,155,119,331,140,119103,70593,1.9060135644310474,100,51,15874,15652,14146,7544,19392,26492,48546,36059,33850,24734,424,369,1400,4049,13532,43356,2198,56,279,6140,2553,50,172,458,14615,3282,413,6179
987,1801,987.0891695532432,99525,162,114,331,140,119125,70603,1.9063350916855062,95,54,15931,15728,14106,7528,19373,26434,48546,36059,33870,24770,424,368,1394,4050,13519,43380,2197,56,280,6127,2548,50,172,457,14621,3287,415,6180
988,1801,988.2279309165259,99525,161,98,331,140,119153,70613,1.9067169053001758,88,60,16033,15854,14055,7511,19330,26335,48546,36059,33889,24805,423,367,1388,4047,13505,43415,2194,57,282,6110,2537,50,171,457,14630,3288,418,6186
989,1801,989.3694222509515,99525,154,104,331,140,119177,70632,1.9071489575483547,91,55,16135,15963,14002,7494,19285,26242,48546,36059,33908,24839,423,367,1384,4048,13484,43449,2190,57,282,6097,2534,50,171,457,14636,3290,419,6187
990,1801,990.1319821520732,99525,158,99,331,140,119196,70646,1.9074805325295152,89,50,16184,16035,13959,7484,19277,26190,48546,36059,33926,24871,423,366,1379,4049,13464,43480,2189,57,283,6083,2532,50,171,456,14645,3291,426,6181
991,1801,991.2771504332471,99525,164,100,331,140,119221,70666,1.9079326802310976,83,42,16286,16143,13913,7462,19221,26111,48546,36059,33943,24902,423,366,1376,4048,13453,43501,2188,57,285,6070,2526,50,169,457,14653,3292,432,6179
992,1801,992.0423837134639,99525,166,99,331,140,119238,70675,1.9081939211253454,89,37,16338,16209,13872,7451,19202,26062,48546,36059,33959,24932,423,365,1372,4053,13437,43523,2184,57,287,6054,2523,50,169,456,14665,3295,435,6177
993,1801,993.191666103992,99525,167,90,331,140,119270,70687,1.908636021100226,81,38,16447,16305,13831,7438,19141,25987,48546,36059,33975,24961,423,364,1368,4050,13422,43553,2182,57,290,6044,2517,50,169,455,14669,3297,438,6177
994,1801,994.3445362713938,99525,151,85,331,140,119293,70707,1.909068073348405,77,32,16550,16421,13798,7428,19091,25892,48546,36059,33990,24989,423,363,1362,4044,13413,43582,2181,57,295,6030,2509,50,169,455,14672,3302,442,6176
995,1801,995.1151209350925,99525,149,84,331,140,119304,70715,1.9092589801557398,82,29,16595,16502,13765,7404,19076,25839,48546,36059,34005,25016,423,363,1361,4041,13404,43602,2181,57,296,6015,2505,50,168,455,14680,3303,442,6179
996,1801,996.2724673985126,99525,145,77,331,140,119329,70723,1.9095905551369003,77,38,16702,16624,13716,7379,19027,25740,48546,36059,34019,25042,423,363,1358,4036,13400,43633,2179,57,297,6001,2501,50,167,455,14679,3302,445,6179
997,1801,997.045790473912,99525,147,74,331,140,119349,70726,1.9098216528510426,68,43,16773,16694,13684,7367,18995,25680,48546,36059,34032,25067,423,362,1358,4037,13385,43655,2178,57,298,5990,2499,50,167,455,14684,3302,447,6178
998,1801,998.2079759459091,99525,141,79,331,140,119368,70739,1.910143180105501,68,35,16882,16807,13631,7342,18945,25595,48546,36059,34045,25091,422,361,1353,4034,13371,43679,2178,58,298,5983,2496,50,167,455,14686,3307,451,6176
999,1801,999.3734165474041,99525,140,81,331,140,119386,70751,1.9104446119065561,75,39,16987,16923,13579,7317,18886,25498,48546,36059,34057,25114,422,361,1348,4029,13362,43701,2178,58,297,5975,2493,50,167,455,14690,3308,454,6177
1000,1801,1000.1524846265478,99525,135,87,331,140,119403,70767,1.9107761868877167,68,27,17054,16997,13553,7304,18857,25443,48546,36059,34069,25137,421,360,1346,4027,13349,43727,2176,59,298,5969,2487,50,167,454,14691,3308,456,6180
1001,1801,1001.3235198904277,99525,136,81,331,140,119425,70778,1.9111077618688772,69,35,17169,17100,13497,7293,18796,25349,48546,36059,34081,25159,421,358,1339,4025,13338,43748,2176,59,299,5962,2482,50,166,455,14695,3312,463,6177
1002,1801,1002.1064671361104,99525,134,82,331,140,119438,70786,1.9113187641296157,71,29,17231,17180,13461,7284,18770,25283,48546,36059,34092,25180,421,358,1336,4025,13328,43768,2175,59,300,5951,2479,50,166,454,14699,3314,463,6179
1003,1801,1003.282847807219,99525,142,75,331,140,119467,70793,1.9116804822908817,67,35,17328,17282,13406,7262,18724,25204,48546,36059,34103,25200,421,358,1333,4024,13323,43789,2173,59,301,5941,2476,50,166,454,14699,3314,466,6178
1004,1801,1004.0686039905236,99525,143,79,331,140,119481,70801,1.911901532278322,72,33,17389,17381,13376,7240,18687,25125,48546,36059,34113,25220,420,358,1332,4024,13310,43805,2171,60,302,5936,2470,50,166,454,14703,3315,466,6183
1005,1801,1005.2501293135484,99525,137,73,331,140,119500,70809,1.9121728208992714,68,34,17504,17498,13331,7216,18627,25037,48546,36059,34123,25239,420,358,1331,4024,13306,43823,2168,60,304,5925,2464,50,164,456,14704,3315,472,6181
1006,1801,1006.040050955668,99525,130,73,331,140,119511,70818,1.912373775433308,64,33,17584,17564,13295,7200,18594,24988,48546,36059,34133,25257,420,357,1330,4023,13294,43845,2168,60,304,5917,2463,50,164,455,14707,3315,473,6180
1007,1801,1007.2275185421988,99525,130,63,331,140,119535,70825,1.9126852549610651,69,35,17694,17703,13243,7178,18531,24879,48546,36059,34142,25275,420,356,1329,4027,13286,43869,2163,60,305,5905,2458,50,164,453,14711,3313,473,6183
1008,1801,1008.0216223772832,99525,131,63,331,140,119548,70833,1.9128962572218036,67,36,17772,17770,13211,7162,18486,24827,48546,36059,34151,25292,419,356,1327,4028,13282,43879,2162,61,305,5895,2457,50,163,454,14718,3312,473,6184
1009,1801,1009.21605997632,99525,133,65,331,140,119567,70841,1.913167545842753,73,40,17877,17864,13162,7137,18422,24752,48546,36059,34160,25309,419,356,1326,4026,13269,43900,2162,61,306,5888,2454,50,163,453,14722,3311,475,6184
1010,1801,1010.0146898382802,99525,130,67,331,140,119582,70848,1.9133885958301935,67,43,17946,17946,13141,7112,18383,24690,48546,36059,34168,25325,418,355,1325,4026,13261,43912,2161,62,307,5879,2452,50,163,453,14729,3312,479,6181
1011,1801,1011.215932984847,99525,128,72,331,140,119602,70860,1.913710123084652,69,43,18065,18057,13099,7088,18306,24598,48546,36059,34176,25341,417,354,1324,4023,13259,43925,2161,63,309,5871,2450,50,163,453,14732,3311,482,6178
1012,1801,1012.0194952051869,99525,121,74,331,140,119609,70871,1.9138909821652852,68,41,18145,18134,13064,7079,18269,24530,48546,36059,34184,25356,417,354,1323,4022,13248,43945,2161,63,309,5865,2447,49,163,453,14732,3312,482,6180
1013,1801,1013.2281205288534,99525,110,75,331,140,119625,70882,1.9141622707862347,72,39,18234,18266,13038,7056,18213,24422,48546,36059,34191,25371,416,353,1320,4020,13241,43965,2160,64,310,5858,2444,49,163,453,14731,3314,483,6181
1014,1801,1014.0356061154949,99525,109,75,331,140,119636,70888,1.9143330821401658,75,40,18318,18346,12993,7036,18172,24361,48546,36059,34198,25385,416,353,1318,4018,13234,43979,2159,64,311,5850,2441,49,163,453,14737,3314,484,6182
1015,1801,1015.240450546028,99525,119,80,331,140,119658,70902,1.914694800301432,72,37,18432,18462,12946,7014,18098,24265,48546,36059,34205,25399,416,353,1317,4015,13230,43990,2159,64,314,5839,2437,49,163,453,14744,3315,486,6181
1016,1801,1016.0396863708195,99525,110,82,331,140,119667,70912,1.9148857071087666,71,36,18500,18549,12916,6993,18070,24198,48546,36059,34212,25412,416,352,1316,4015,13225,44005,2158,64,313,5835,2436,49,163,453,14741,3315,489,6180
1017,1801,1017.2329648139113,99525,112,80,331,140,119693,70922,1.9152474252700327,67,36,18607,18652,12879,6974,18002,24116,48546,36059,34219,25425,415,352,1315,4013,13212,44027,2157,65,314,5833,2430,49,162,454,14738,3315,494,6180
1018,1801,1018.0248172022638,99525,114,84,331,140,119707,70933,1.9154986184375784,70,35,18672,18736,12841,6955,17970,24048,48546,36059,34225,25438,415,352,1313,4010,13210,44036,2157,65,313,5825,2429,49,162,454,14742,3317,496,6180
1019,1801,1019.2065219342443,99525,107,82,331,140,119725,70945,1.9158000502386334,61,40,18796,18852,12800,6937,17903,23947,48546,36059,34231,25450,415,352,1311,4008,13205,44053,2156,65,315,5817,2425,49,162,454,14743,3317,499,6179
1020,1801,1020.3812216883022,99524,94,81,332,140,119738,70956,1.9160604477312004,59,41,18892,18976,12778,6919,17843,23841,48546,36059,34237,25462,415,350,1309,4008,13200,44070,2155,65,315,5809,2423,49,162,454,14744,3316,501,6179
1021,1801,1021.1611545351174,99524,90,87,332,140,119746,70965,1.9162312608014147,61,36,18954,19045,12748,6908,17813,23782,48546,36059,34243,25473,415,350,1308,4008,13192,44080,2154,65,315,5806,2421,49,162,454,14746,3317,505,6177
1022,1801,1022.3262389141644,99524,91,73,332,140,119767,70972,1.9165125999758852,50,39,19057,19146,12714,6905,17754,23695,48546,36059,34249,25484,415,349,1305,4007,13190,44095,2154,65,317,5797,2417,49,162,454,14750,3314,510,6174
1023,1801,1023.0994925133826,99524,91,70,332,140,119780,70980,1.9167236043567382,55,35,19104,19223,12688,6899,17728,23631,48546,36059,34254,25495,415,349,1304,4007,13185,44108,2154,65,318,5793,2412,49,161,453,14749,3314,511,6177
1024,1801,1024.25509643148,99524,87,70,332,140,119793,70989,1.9169446565652506,55,34,19247,19338,12628,6885,17649,23531,48546,36059,34259,25505,414,349,1304,4008,13180,44119,2152,66,320,5784,2410,48,160,453,14755,3314,513,6175
1025,1801,1025.0208535086304,99524,93,64,332,140,119807,70998,1.9171757566014227,50,33,19311,19409,12600,6883,17612,23469,48546,36059,34264,25515,413,349,1302,4008,13170,44135,2151,67,320,5781,2409,48,160,453,14753,3316,516,6173
1026,1801,1026.1644828776796,99524,90,54,332,140,119820,71007,1.9173968088099353,44,28,19422,19516,12561,6875,17549,23385,48546,36059,34269,25525,413,349,1296,4007,13170,44152,2150,67,322,5775,2406,48,160,453,14747,3319,518,6172
1027,1801,1027.3019982666221,99524,90,54,332,140,119838,71014,1.9176480045014268,34,33,19533,19604,12517,6858,17492,23309,48546,36059,34274,25535,413,349,1294,4008,13166,44167,2148,67,322,5771,2404,48,160,451,14744,3320,520,6172
1028,1801,1028.0567963625301,99524,86,54,332,140,119845,71018,1.917758530605683,33,34,19599,19678,12491,6843,17457,23249,48546,36059,34279,25544,413,349,1293,4005,13159,44179,2148,67,322,5768,2404,48,159,452,14746,3320,520,6172
1029,1801,1029.184195842653,99524,78,59,332,140,119851,71029,1.9179293436758973,43,31,19692,19780,12446,6824,17407,23164,48546,36059,34283,25553,413,349,1291,4004,13163,44184,2145,67,322,5765,2401,48,158,452,14747,3321,520,6174
1030,1801,1030.3063386369254,99524,77,55,332,140,119861,71037,1.9181102045737712,42,31,19807,19867,12392,6810,17348,23095,48546,36059,34287,25562,413,349,1291,4002,13158,44197,2144,67,323,5759,2400,48,158,452,14749,3320,521,6173
1031,1801,1031.050957112967,99524,76,55,332,140,119868,71041,1.9182207306780275,40,32,19868,19935,12367,6794,17315,23042,48546,36059,34291,25570,413,349,1291,4002,13157,44202,2144,67,323,5752,2399,48,158,452,14752,3320,522,6173
1032,1801,1032.162943030889,99524,69,51,332,140,119880,71046,1.9183915437482417,36,37,19973,20050,12332,6773,17256,22947,48546,36059,34295,25578,413,348,1290,4004,13148,44218,2141,67,324,5750,2398,48,158,451,14751,3320,523,6172
1033,1801,1033.269199841842,99524,72,49,332,140,119893,71054,1.9186025481290945,29,36,20091,20168,12286,6745,17188,22860,48546,36059,34299,25586,413,348,1288,4005,13149,44224,2138,67,324,5748,2396,48,157,451,14751,3320,525,6172
1034,1801,1034.0032823167912,99524,74,47,332,140,119902,71057,1.9187231220610104,27,39,20160,20235,12258,6729,17147,22808,48546,36059,34303,25594,413,348,1288,4003,13148,44228,2138,67,323,5746,2396,48,157,451,14752,3320,527,6171
1035,1801,1035.0996294556744,99524,65,54,332,140,119907,71069,1.9188939351312246,34,31,20260,20339,12226,6711,17081,22723,48546,36059,34307,25602,412,348,1288,4003,13143,44237,2136,68,323,5743,2395,48,157,451,14753,3320,529,6170
1036,1801,1036.190784122956,99524,62,53,332,140,119915,71075,1.9190346047184599,33,29,20350,20445,12192,6699,17029,22632,48546,36059,34311,25609,412,348,1287,4004,13140,44245,2135,68,323,5739,2393,47,157,451,14753,3321,532,6169
1037,1801,1037.2768569232144,99524,65,52,332,140,119925,71082,1.9192054177886742,29,34,20452,20528,12147,6681,16973,22563,48546,36059,34315,25616,412,348,1286,4003,13137,44252,2135,68,327,5736,2387,47,157,451,14754,3321,532,6171
1038,1801,1038.3575451122833,99524,66,56,332,140,119931,71093,1.9193762308588882,32,24,20554,20647,12103,6654,16911,22477,48546,36059,34318,25623,412,348,1286,4000,13134,44259,2135,68,327,5733,2385,47,157,451,14756,3321,533,6172
1039,1801,1039.0749809276715,99524,62,54,332,140,119933,71098,1.919446565652506,36,20,20614,20714,12070,6644,16884,22426,48546,36059,34321,25630,412,348,1286,3999,13131,44268,2135,68,326,5730,2385,47,157,451,14755,3320,535,6171
1040,1801,1040.075620144417,99524,65,57,332,140,119945,71104,1.9196274265503799,36,22,20700,20819,12032,6610,16833,22350,48546,36059,34324,25637,412,348,1285,4000,13130,44274,2133,68,326,5726,2385,47,156,451,14758,3319,535,6171
1041,1801,1041.1431767367253,99524,67,51,332,140,119956,71108,1.9197781439652748,39,27,20792,20896,11997,6604,16771,22280,48546,36059,34327,25643,412,348,1284,4000,13131,44279,2132,68,327,5720,2384,47,155,451,14761,3319,535,6171
1042,1801,1042.2058399888099,99524,67,47,332,140,119967,71112,1.9199288613801697,35,28,20901,20994,11948,6593,16715,22196,48546,36059,34330,25649,412,348,1283,3999,13130,44289,2131,68,328,5718,2383,47,155,451,14758,3318,535,6171
1043,1801,1043.2633380736113,99523,72,42,333,140,119979,71117,1.920118967474855,35,27,20976,21099,11916,6574,16666,22116,48546,36059,34333,25655,412,348,1282,3999,13125,44299,2130,68,328,5716,2383,47,155,451,14757,3317,537,6169
1044,1801,1044.3169449436962,99523,64,46,333,140,119986,71124,1.9202596384755282,39,25,21057,21204,11884,6549,16621,22034,48546,36059,34336,25661,412,348,1281,4000,13121,44306,2127,68,330,5713,2380,47,155,451,14759,3318,537,6170
1045,1801,1045.0169976754478,99523,67,46,333,140,119992,71127,1.920350069833104,37,25,21126,21258,11860,6542,16575,21987,48546,36059,34339,25667,412,348,1281,4000,13121,44308,2127,68,331,5708,2378,47,155,451,14762,3318,538,6170
1046,1801,1046.063186816816,99523,64,42,333,140,120000,71131,1.920470644976538,40,24,21224,21356,11826,6521,16511,21915,48546,36059,34342,25673,412,348,1278,3999,13112,44323,2127,68,331,5707,2377,47,155,451,14761,3319,539,6169
1047,1801,1047.10462419065,99523,65,43,333,140,120010,71138,1.9206414597630699,41,22,21309,21458,11789,6509,16461,21826,48546,36059,34345,25678,412,348,1278,3997,13109,44330,2127,68,332,5703,2376,47,155,451,14763,3319,539,6169
1048,1801,1048.1416558381416,99523,64,42,333,140,120016,71146,1.9207821307637432,41,20,21391,21563,11758,6491,16411,21742,48546,36059,34348,25683,411,348,1276,3996,13106,44337,2127,69,333,5702,2375,47,155,451,14763,3319,544,6164
1049,1801,1049.0731279869183,99523,60,39,333,140,120021,71150,1.9208725621213187,42,19,21462,21655,11731,6474,16370,21671,48546,36059,34351,25688,411,348,1275,3995,13109,44342,2127,69,332,5697,2373,47,155,451,14762,3320,544,6166
1050,1801,1050.2582729353626,99523,64,38,333,140,120032,71153,1.9210132331219918,34,17,21540,21728,11702,6464,16325,21611,48546,36059,34353,25693,411,348,1275,3994,13108,44349,2127,69,331,5692,2373,47,155,451,14764,3320,544,6165
1051,1801,1051.2525821090067,99523,60,38,333,140,120045,71157,1.9211840479085236,26,21,21630,21831,11671,6445,16278,21523,48546,36059,34355,25698,411,348,1274,3992,13107,44355,2126,68,331,5692,2371,47,155,451,14764,3320,546,6165
1052,1801,1052.1993142913266,99523,58,39,333,140,120051,71161,1.9212845271947188,26,23,21707,21930,11633,6418,16241,21448,48546,36059,34357,25703,411,348,1273,3989,13101,44366,2126,68,331,5692,2371,47,155,451,14763,3320,546,6165
1053,1801,1053.2176257238227,99523,56,40,333,140,120058,71166,1.921405102338153,24,22,21792,22030,11599,6403,16194,21363,48546,36059,34359,25708,411,347,1273,3989,13099,44371,2126,68,331,5689,2370,47,155,451,14764,3320,548,6164
1054,1801,1054.2321787420572,99523,56,40,333,140,120065,71172,1.9215357254102068,25,23,21881,22117,11564,6378,16139,21300,48546,36059,34361,25713,411,347,1273,3985,13101,44377,2126,68,331,5685,2368,47,155,451,14764,3320,550,6164
1055,1801,1055.2425755220504,99523,55,38,333,140,120069,71177,1.9216261567677824,27,19,21946,22186,11534,6365,16103,21250,48546,36059,34363,25717,411,347,1273,3985,13103,44381,2126,68,333,5679,2366,47,155,451,14764,3320,550,6164
1056,1801,1056.2245525621227,99523,48,32,333,140,120073,71183,1.9217266360539775,31,18,22059,22279,11500,6360,16027,21169,48546,36059,34365,25721,411,347,1273,3984,13101,44386,2125,68,338,5675,2361,47,155,451,14767,3320,551,6163
1057,1801,1057.0339479752377,99523,50,32,333,140,120081,71187,1.9218472111974116,31,21,22140,22370,11465,6338,15979,21097,48546,36059,34367,25725,411,347,1271,3983,13101,44390,2125,68,338,5674,2361,47,155,451,14767,3320,551,6163
1058,1801,1058.0325360340735,99523,53,32,333,140,120090,71191,1.9219778342694653,27,24,22215,22449,11434,6312,15936,21041,48546,36059,34369,25729,411,347,1271,3982,13102,44395,2125,68,338,5668,2361,47,155,451,14768,3320,551,6163
1059,1801,1059.0277208487414,99523,45,32,333,140,120092,71195,1.9220381218411824,30,22,22302,22527,11399,6300,15889,20977,48546,36059,34371,25733,411,347,1270,3982,13098,44403,2124,68,339,5665,2359,47,155,451,14769,3320,551,6164
1060,1801,1060.227960091847,99523,49,32,333,140,120100,71203,1.9221988886990946,30,16,22389,22624,11369,6288,15828,20898,48546,36059,34373,25737,411,347,1269,3983,13100,44406,2123,68,340,5660,2356,47,155,451,14770,3320,551,6166
1061,1801,1061.0435562808304,99523,47,36,333,140,120101,71208,1.9222591762708117,34,11,22470,22708,11325,6270,15789,20833,48546,36059,34375,25741,411,347,1269,3983,13096,44412,2123,68,340,5659,2355,47,155,451,14769,3320,551,6167
1062,1801,1062.084092537463,99523,46,33,333,140,120107,71210,1.9223395596997679,41,13,22580,22807,11273,6256,15725,20749,48546,36059,34377,25745,411,347,1267,3982,13092,44421,2123,68,342,5659,2353,47,155,451,14767,3320,552,6166
1063,1801,1063.0919060523422,99523,50,33,333,140,120113,71214,1.922440038985963,37,10,22658,22866,11244,6239,15676,20710,48546,36059,34379,25749,411,347,1267,3982,13092,44424,2123,68,342,5656,2352,47,155,451,14768,3319,553,6166
1064,1801,1064.0377995465556,99523,51,32,333,140,120125,71218,1.9226008058438753,35,14,22743,22969,11216,6217,15620,20626,48546,36059,34381,25753,411,347,1267,3982,13087,44433,2122,68,342,5655,2352,47,155,451,14767,3318,556,6163
1065,1801,1065.0061027093896,99523,60,31,333,140,120140,71222,1.922791716487646,28,12,22823,23051,11186,6207,15568,20557,48546,36059,34383,25757,411,347,1267,3981,13089,44438,2121,68,342,5650,2352,47,155,451,14770,3315,557,6162
1066,1801,1066.0502157917767,99523,57,31,333,140,120144,71225,1.9228620519879827,27,16,22894,23132,11155,6189,15532,20490,48546,36059,34385,25760,411,347,1267,3979,13088,44443,2121,68,344,5649,2349,47,155,451,14769,3315,558,6162
1067,1801,1067.0838268703455,99523,64,32,333,140,120153,71228,1.9229826271314168,33,17,22998,23236,11109,6159,15461,20414,48546,36059,34387,25763,411,347,1266,3980,13086,44446,2120,68,345,5649,2348,47,155,451,14769,3315,558,6162
1068,1801,1068.0450162626523,99523,65,29,333,140,120159,71229,1.9230529626317534,35,20,23067,23304,11076,6141,15422,20364,48546,36059,34389,25766,411,347,1266,3978,13085,44452,2120,68,346,5647,2347,47,155,451,14768,3315,559,6161
1069,1801,1069.0345451819344,99523,69,29,333,140,120167,71234,1.923183585703807,37,22,23142,23403,11039,6119,15378,20285,48546,36059,34391,25769,411,347,1265,3977,13086,44456,2119,68,346,5644,2347,47,155,451,14768,3316,560,6160
1070,1801,1070.3070697133605,99523,72,31,333,140,120176,71241,1.9233443525617193,33,18,23217,23472,11010,6107,15333,20230,48546,36059,34393,25772,411,347,1265,3976,13086,44462,2119,68,346,5642,2347,47,154,452,14767,3314,561,6159
1071,1801,1071.3071845154416,99523,73,26,333,140,120188,71243,1.9234850235623926,37,24,23314,23588,10974,6086,15267,20134,48546,36059,34395,25775,411,347,1265,3975,13083,44469,2119,68,348,5639,2345,47,154,451,14769,3313,563,6157
1072,1801,1072.2551578565583,99523,73,24,333,140,120200,71248,1.9236558383489244,32,25,23384,23659,10958,6076,15218,20074,48546,36059,34397,25778,411,346,1264,3977,13079,44477,2117,68,348,5637,2345,47,154,451,14769,3313,564,6156
1073,1801,1073.200286283459,99523,73,28,333,140,120209,71254,1.923806557278217,30,25,23451,23735,10936,6060,15175,20010,48546,36059,34399,25781,411,346,1264,3976,13076,44485,2117,68,349,5635,2344,47,154,451,14767,3313,564,6156
1074,1801,1074.1426622707563,99523,69,33,333,140,120211,71260,1.9238869407071733,34,20,23510,23782,10919,6046,15133,19977,48546,36059,34400,25784,411,346,1263,3976,13074,44488,2117,68,349,5635,2343,47,154,451,14767,3313,566,6155
1075,1801,1075.1426408475859,99523,68,34,333,140,120215,71263,1.92395727620751,37,20,23575,23853,10890,6032,15095,19919,48546,36059,34401,25787,411,346,1262,3976,13073,44492,2116,68,349,5634,2342,47,154,451,14767,3313,567,6155
1076,1801,1076.033620960446,99523,72,35,333,140,120224,71269,1.9241079951368025,33,21,23666,23943,10843,6018,15051,19841,48546,36059,34402,25790,411,346,1262,3976,13074,44496,2116,68,349,5631,2340,47,154,451,14765,3313,567,6157
1077,1801,1077.2777041077416,99523,68,37,333,140,120230,71276,1.9242386182088562,36,22,23777,24027,10799,6000,14985,19772,48546,36059,34403,25793,410,346,1261,3976,13074,44500,2116,69,350,5628,2339,47,153,451,14765,3314,569,6155
1078,1801,1078.1542469905282,99523,60,41,333,140,120236,71283,1.92436924128091,38,19,23839,24105,10778,5984,14950,19709,48546,36059,34404,25796,410,346,1260,3977,13073,44508,2114,69,350,5625,2339,47,153,450,14763,3315,569,6155
1079,1801,1079.0429959195064,99523,62,41,333,140,120241,71288,1.924469720567105,37,20,23909,24152,10753,5973,14904,19672,48546,36059,34405,25799,410,346,1260,3977,13071,44511,2114,69,350,5623,2338,47,153,450,14764,3315,569,6156
1080,1801,1080.204559252374,99523,55,42,333,140,120249,71293,1.9246003436391588,33,18,24006,24248,10727,5949,14844,19601,48546,36059,34406,25802,409,346,1260,3975,13069,44522,2113,70,351,5620,2337,47,153,449,14762,3315,571,6154
1081,1801,1081.2651998095587,99523,59,42,333,140,120264,71299,1.9248113501401687,28,20,24110,24339,10688,5934,14780,19523,48546,36059,34407,25805,409,346,1260,3977,13065,44528,2110,70,351,5620,2337,47,153,449,14761,3315,573,6152
1082,1801,1082.129555582408,99523,59,39,333,140,120269,71300,1.9248716377118857,30,27,24194,24419,10656,5914,14726,19459,48546,36059,34408,25807,409,346,1260,3976,13064,44531,2110,70,352,5619,2336,47,153,449,14761,3315,574,6151
1083,1801,1083.043181093282,99523,59,35,333,140,120275,71301,1.9249419732122224,27,31,24279,24498,10611,5900,14689,19394,48546,36059,34409,25809,409,346,1259,3977,13065,44534,2109,70,352,5616,2336,47,153,449,14762,3314,575,6150
1084,1801,1084.2562895843816,99523,57,41,333,140,120283,71309,1.9251027400701346,30,27,24382,24588,10571,5878,14625,19324,48546,36059,34410,25811,409,346,1259,3976,13063,44541,2109,70,352,5615,2336,47,153,449,14761,3312,577,6148
1085,1801,1085.1628814345029,99523,58,41,333,140,120289,71311,1.9251831234990906,31,28,24451,24650,10542,5868,14583,19271,48546,36059,34411,25813,409,346,1259,3976,13061,44544,2109,70,352,5614,2336,47,153,449,14761,3312,577,6148
1086,1801,1086.0669219386893,99523,56,37,333,140,120293,71315,1.9252635069280468,34,28,24510,24728,10515,5851,14550,19214,48546,36059,34412,25815,409,346,1259,3978,13062,44550,2107,70,352,5608,2336,47,153,449,14760,3312,577,6148
1087,1801,1087.2686135076203,99523,59,36,333,140,120303,71320,1.9254142258573395,33,29,24608,24834,10477,5833,14488,19126,48546,36059,34413,25817,409,346,1259,3979,13063,44555,2106,70,351,5606,2335,47,153,449,14759,3310,580,6146
1088,1801,1088.1667836097374,99523,68,34,333,140,120317,71323,1.9255850406438713,24,29,24680,24896,10445,5817,14448,19082,48546,36059,34414,25819,408,346,1259,3980,13063,44557,2105,71,351,5605,2335,47,153,449,14759,3310,580,6145
1089,1801,1089.0622794711119,99523,61,34,333,140,120322,71328,1.9256855199300664,25,25,24749,24964,10424,5805,14406,19030,48546,36059,34415,25821,408,346,1259,3980,13062,44564,2104,71,351,5604,2335,46,153,449,14756,3310,583,6142
1090,1801,1090.2528147431437,99523,62,34,333,140,120330,71334,1.9258261909307397,26,29,24828,25059,10397,5788,14352,18948,48546,36059,34416,25823,408,346,1259,3982,13061,44568,2102,71,351,5602,2335,46,153,449,14755,3310,585,6140
1091,1801,1091.1429754894,99523,60,39,333,140,120336,71341,1.9259568140027934,23,26,24902,25124,10373,5768,14307,18901,48546,36059,34417,25825,408,345,1258,3982,13062,44570,2101,71,351,5601,2335,46,153,449,14755,3311,585,6140
1092,1801,1092.030538670648,99523,61,39,333,140,120344,71347,1.9260974850034664,22,21,24961,25189,10353,5764,14268,18845,48546,36059,34418,25827,408,345,1258,3981,13061,44576,2101,71,352,5599,2334,46,153,449,14753,3311,586,6139
1093,1801,1093.2107295560518,99523,59,41,333,140,120349,71354,1.9262180601469008,28,21,25051,25282,10318,5745,14209,18769,48546,36059,34419,25829,408,345,1257,3979,13067,44577,2100,71,352,5596,2334,46,153,449,14753,3311,586,6139
1094,1801,1094.0621059979064,99523,54,39,333,140,120353,71359,1.9263084915044764,28,19,25105,25340,10306,5733,14172,18727,48546,36059,34420,25831,408,345,1256,3977,13070,44581,2100,71,354,5593,2332,46,153,449,14752,3311,588,6137
